condition_phase,condition_phase_elapsed_ms,condition_elapsed_ms,is_stimulation_on,t_ms,device_t_ms,L_q0,L_q1,L_q2,L_q3,L_heel1,L_mid1,L_fore1,L_heel2,L_fore3,L_mid2,L_fore4,L_fore2,L_cadence,L_speed,L_speedValid,L_steps,L_zupt,L_gyroNorm,L_accH,L_gyro_x,L_gyro_y,L_gyro_z,L_acc_x,L_acc_y,L_acc_z,L_nav_ax,L_nav_ay,L_nav_az,L_prevStrideVelRaw,L_prevStrideVelZUPT,L_prevStrideDispRaw,L_prevStrideDispZUPT,L_gaitPhase,L_stepTimeMs,L_stepDeviationMs,L_baselineMs,L_motorMode,L_motorActive,L_motorAlignment,L_motorRegionMask,L_motorAmplitude,L_motorIntervalMs,L_motorDurationMs,L_motorPhaseMs,L_motorCycleMs
pre_stim,31,31,0,31,3197339.454,0.927,-0.002,-0.073,0.368,2809,603,2148,2937,2449,2301,1632,2460,31,0.000,1,2037,1,2.697,0.058,-2.688,-0.188,-0.125,-0.145,-0.086,0.977,-0.020,-0.055,-0.082,0.000,0.000,0.532,0.307,2,NULL,NULL,1125.000,2,0,2,7,255,1125,250,0,0
pre_stim,31,31,0,31,3197344.455,0.927,-0.002,-0.073,0.368,2809,602,2159,2940,2441,2317,1630,2457,31,0.000,1,2037,1,1.779,0.151,-0.500,-0.688,-1.563,-0.141,-0.082,0.973,-0.141,-0.055,-0.113,0.000,0.000,0.532,0.307,2,NULL,NULL,,2,0,2,7,255,1125,250,0,0
pre_stim,31,31,0,31,3197349.453,0.927,-0.002,-0.073,0.368,2809,607,2167,2941,2446,2322,1637,2462,31,0.000,1,2037,1,1.532,0.166,-0.563,-0.375,-1.375,-0.137,-0.090,0.977,-0.156,-0.055,-0.113,0.000,0.000,0.532,0.307,2,NULL,NULL,,2,0,2,7,255,1125,250,0,0
pre_stim,31,31,0,31,3197354.455,0.927,-0.002,-0.073,0.368,2811,613,2173,2941,2451,2325,1640,2462,31,0.000,1,2037,1,2.160,0.178,0.063,-0.813,-2.000,-0.129,-0.078,0.992,-0.141,-0.109,-0.102,0.000,0.000,0.532,0.307,2,NULL,NULL,,2,0,2,7,255,1125,250,0,0
pre_stim,31,31,0,31,3197359.454,0.927,-0.002,-0.073,0.368,2815,616,2184,2943,2455,2327,1641,2469,31,0.000,1,2037,1,1.917,0.123,-1.875,-0.313,-0.250,-0.125,-0.078,0.984,0.020,-0.121,-0.051,0.000,0.000,0.532,0.307,2,NULL,NULL,,2,0,2,7,255,1125,250,0,0
pre_stim,31,31,0,31,3197364.455,0.927,-0.002,-0.073,0.368,2822,617,2188,2944,2455,2330,1646,2471,31,0.000,1,2037,1,1.656,0.111,-1.313,-0.375,-0.938,-0.129,-0.078,0.977,0.020,-0.109,-0.051,0.000,0.000,0.532,0.307,2,NULL,NULL,,2,0,2,7,255,1125,250,0,0
pre_stim,65,65,0,65,3197369.453,0.927,-0.002,-0.073,0.368,2825,620,2195,2951,2462,2335,1647,2475,31,0.000,1,2037,1,0.895,0.130,-0.750,-0.313,0.375,-0.121,-0.074,0.980,0.020,-0.129,-0.094,0.000,0.000,0.532,0.307,2,NULL,NULL,,2,0,2,7,255,1125,250,0,0
pre_stim,65,65,0,65,3197374.455,0.927,-0.002,-0.073,0.368,2842,622,2205,2953,2468,2343,1659,2489,31,0.000,1,2037,1,2.205,0.130,-1.813,-0.125,1.250,-0.137,-0.090,0.980,-0.020,-0.129,-0.094,0.000,0.000,0.532,0.307,2,NULL,NULL,,2,0,2,7,255,1125,250,0,0
pre_stim,65,65,0,65,3197379.454,0.927,-0.002,-0.073,0.368,2835,637,2205,2955,2471,2343,1656,2479,31,0.000,1,2037,1,1.768,0.129,-1.750,-0.250,0.000,-0.133,-0.070,0.973,0.004,-0.129,-0.094,0.000,0.000,0.532,0.307,2,NULL,NULL,,2,0,2,7,255,1125,250,0,0
pre_stim,65,65,0,65,3197384.455,0.927,-0.001,-0.073,0.368,2837,653,2215,2957,2473,2347,1662,2486,31,0.000,1,2037,1,1.545,0.137,-1.313,-0.063,0.813,-0.117,-0.082,0.973,0.004,-0.137,-0.156,0.000,0.000,0.532,0.307,2,NULL,NULL,,2,0,2,7,255,1125,250,0,0
pre_stim,97,97,0,97,3197389.453,0.927,-0.001,-0.073,0.368,2841,665,2220,2961,2478,2350,1669,2488,31,0.000,1,2037,1,2.481,0.191,-1.625,0.000,1.875,-0.121,-0.086,0.984,0.004,-0.191,-0.156,0.000,0.000,0.532,0.307,2,NULL,NULL,,2,0,2,7,255,1125,250,0,0
pre_stim,97,97,0,97,3197394.455,0.927,-0.001,-0.073,0.368,2855,684,2233,2966,2493,2359,1675,2501,31,0.000,1,2037,1,2.776,0.192,-1.875,0.438,2.000,-0.125,-0.070,0.977,0.016,-0.191,-0.129,0.000,0.000,0.532,0.307,2,NULL,NULL,,2,0,2,7,255,1125,250,0,0
pre_stim,97,97,0,97,3197399.454,0.927,-0.001,-0.073,0.368,2869,695,2247,2973,2489,2356,1683,2503,31,0.000,1,2037,1,2.593,0.072,-1.500,0.688,2.000,-0.125,-0.066,0.980,0.051,-0.051,-0.090,0.000,0.000,0.532,0.307,2,NULL,NULL,,2,0,2,7,255,1125,250,0,0
pre_stim,97,97,0,97,3197404.455,0.927,-0.001,-0.073,0.368,2863,699,2245,2984,2495,2366,1689,2515,31,0.000,1,2037,1,2.971,0.096,-1.438,1.188,2.313,-0.121,-0.074,0.984,0.082,-0.051,-0.090,0.000,0.000,0.532,0.307,2,NULL,NULL,,2,0,2,7,255,1125,250,0,0
pre_stim,97,97,0,97,3197409.453,0.927,-0.001,-0.073,0.367,2871,698,2245,2979,2505,2375,1683,2504,31,0.000,1,2037,1,4.070,0.128,-2.375,0.875,3.188,-0.129,-0.086,0.980,0.082,-0.098,-0.070,0.000,0.000,0.532,0.307,2,NULL,NULL,,2,0,2,7,255,1125,250,0,0
pre_stim,97,97,0,97,3197414.455,0.927,-0.001,-0.073,0.367,2877,703,2249,2983,2509,2380,1688,2507,31,0.000,1,2037,1,3.854,0.145,-2.313,0.938,2.938,-0.133,-0.090,0.973,-0.066,-0.129,-0.070,0.000,0.000,0.532,0.307,2,NULL,NULL,,2,0,2,7,255,1125,250,0,0
pre_stim,97,97,0,97,3197419.453,0.927,-0.001,-0.074,0.367,2887,713,2253,2984,2511,2383,1691,2509,31,0.000,1,2037,1,3.438,0.159,-1.000,0.813,3.188,-0.125,-0.082,0.973,-0.066,-0.145,-0.152,0.000,0.000,0.532,0.307,2,NULL,NULL,,2,0,2,7,255,1125,250,0,0
pre_stim,97,97,0,97,3197424.455,0.927,-0.001,-0.074,0.367,2891,723,2231,2989,2519,2393,1693,2509,31,0.000,1,2037,1,4.277,0.166,-0.313,0.813,4.188,-0.129,-0.090,0.980,-0.082,-0.145,-0.152,0.000,0.000,0.532,0.307,2,NULL,NULL,,2,0,2,7,255,1125,250,0,0
pre_stim,117,117,0,117,3197429.454,0.927,-0.001,-0.074,0.367,2900,732,2262,2991,2517,2393,1699,2515,31,0.000,1,2037,1,4.361,0.166,-0.438,0.875,4.250,-0.137,-0.086,0.984,-0.082,-0.145,-0.066,0.000,0.000,0.532,0.307,2,NULL,NULL,,2,0,2,7,255,1125,250,0,0
pre_stim,117,117,0,117,3197434.455,0.927,-0.001,-0.074,0.367,2905,740,2265,2997,2520,2397,1701,2520,31,0.000,1,2037,1,3.865,0.119,0.000,0.938,3.750,-0.137,-0.074,0.988,-0.082,-0.086,-0.023,0.000,0.000,0.532,0.307,2,NULL,NULL,,2,0,2,7,255,1125,250,0,0
pre_stim,117,117,0,117,3197439.454,0.927,-0.001,-0.074,0.367,2917,755,2271,3000,2511,2403,1701,2529,31,0.000,1,2037,1,3.358,0.020,0.313,1.188,3.125,-0.137,-0.074,0.984,-0.016,-0.012,-0.023,0.000,0.000,0.532,0.307,2,NULL,NULL,,2,0,2,7,255,1125,250,0,0
pre_stim,117,117,0,117,3197444.455,0.928,-0.001,-0.074,0.366,2927,765,2275,3005,2529,2407,1709,2531,31,0.000,1,2037,1,3.341,0.020,0.000,1.000,3.188,-0.133,-0.078,0.988,-0.016,-0.012,-0.023,0.000,0.000,0.532,0.307,2,NULL,NULL,,2,0,2,7,255,1125,250,0,0
pre_stim,117,117,0,117,3197449.454,0.928,-0.001,-0.074,0.366,2921,781,2279,3026,2537,2412,1709,2529,31,0.000,1,2037,1,4.217,0.094,-0.063,0.875,4.125,-0.125,-0.082,0.984,-0.012,-0.094,-0.043,0.000,0.000,0.532,0.307,2,NULL,NULL,,2,0,2,7,255,1125,250,0,0
pre_stim,117,117,0,117,3197454.455,0.928,-0.001,-0.074,0.366,2939,810,2280,3015,2541,2413,1707,2534,31,0.000,1,2037,1,5.798,0.094,0.938,0.625,5.688,-0.133,-0.070,0.988,0.004,-0.094,-0.031,0.000,0.000,0.532,0.307,2,NULL,NULL,,2,0,2,7,255,1125,250,0,0
pre_stim,147,147,0,147,3197459.453,0.928,-0.001,-0.074,0.366,2937,823,2295,3016,2533,2419,1706,2537,31,0.000,1,2037,1,5.942,0.035,1.063,0.625,5.813,-0.145,-0.066,0.996,0.004,-0.035,-0.031,0.000,0.000,0.532,0.307,2,NULL,NULL,,2,0,2,7,255,1125,250,0,0
pre_stim,147,147,0,147,3197464.455,0.928,-0.002,-0.074,0.366,2941,828,2293,3026,2549,2427,1709,2539,31,0.000,1,2037,1,4.569,0.085,1.375,0.625,4.313,-0.145,-0.059,0.992,0.023,0.082,0.020,0.000,0.000,0.532,0.307,2,NULL,NULL,,2,0,2,7,255,1125,250,0,0
pre_stim,147,147,0,147,3197469.454,0.928,-0.002,-0.074,0.365,2955,827,2283,3031,2542,2425,1709,2541,31,0.000,1,2037,1,4.445,0.085,2.000,0.500,3.938,-0.125,-0.063,0.992,0.023,0.082,0.020,0.000,0.000,0.532,0.307,2,NULL,NULL,,2,0,2,7,255,1125,250,0,0
pre_stim,147,147,0,147,3197474.455,0.928,-0.002,-0.074,0.365,2961,841,2293,3031,2540,2430,1709,2542,31,0.000,1,2037,1,6.384,0.061,1.563,0.188,6.188,-0.125,-0.078,1.000,0.059,-0.016,0.020,0.000,0.000,0.532,0.307,2,NULL,NULL,,2,0,2,7,255,1125,250,0,0
pre_stim,147,147,0,147,3197479.453,0.928,-0.002,-0.074,0.365,2962,840,2290,3043,2551,2439,1711,2547,31,0.000,1,2037,1,7.392,0.092,1.063,0.188,7.313,-0.137,-0.078,0.992,0.059,-0.070,0.043,0.000,0.000,0.532,0.307,2,NULL,NULL,,2,0,2,7,255,1125,250,0,0
pre_stim,147,147,0,147,3197484.455,0.928,-0.002,-0.074,0.365,2967,855,2293,3030,2539,2439,1709,2542,31,0.000,1,2037,1,7.185,0.071,2.625,0.125,6.688,-0.145,-0.066,0.988,-0.008,-0.070,0.043,0.000,0.000,0.532,0.307,2,NULL,NULL,,2,0,2,7,255,1125,250,0,0
pre_stim,199,199,0,199,3197489.453,0.928,-0.002,-0.074,0.364,2968,854,2285,3045,2547,2431,1707,2555,31,0.000,1,2037,1,7.298,0.067,4.063,-0.063,6.063,-0.141,-0.066,1.000,-0.008,0.066,0.043,0.000,0.000,0.532,0.307,2,NULL,NULL,,2,0,2,7,255,1125,250,0,0
pre_stim,199,199,0,199,3197494.455,0.928,-0.002,-0.073,0.364,2969,858,2295,3047,2555,2445,1704,2548,31,0.000,1,2037,1,7.633,0.079,4.375,-0.250,6.250,-0.137,-0.047,1.008,0.008,0.078,0.102,0.000,0.000,0.532,0.307,2,NULL,NULL,,2,0,2,7,255,1125,250,0,0
pre_stim,199,199,0,199,3197499.454,0.929,-0.003,-0.073,0.364,2979,861,2297,3039,2553,2444,1704,2555,31,0.000,1,2037,1,8.122,0.188,3.750,-0.500,7.188,-0.145,-0.047,1.020,0.129,0.137,0.152,0.000,0.000,0.532,0.307,2,NULL,NULL,,2,0,2,7,255,1125,250,0,0
pre_stim,199,199,0,199,3197504.455,0.929,-0.003,-0.073,0.364,2968,865,2294,3049,2555,2447,1704,2565,31,0.000,1,2037,1,7.315,0.234,2.250,-0.563,6.938,-0.156,-0.047,1.016,0.129,0.195,0.250,0.000,0.000,0.532,0.307,2,NULL,NULL,,2,0,2,7,255,1125,250,0,0
pre_stim,199,199,0,199,3197509.453,0.929,-0.003,-0.073,0.363,2975,871,2308,3042,2548,2443,1708,2557,31,0.000,1,2037,1,6.105,0.254,2.250,-0.750,5.625,-0.156,-0.047,1.008,0.047,0.250,0.250,0.000,0.000,0.532,0.307,2,NULL,NULL,,2,0,2,7,255,1125,250,0,0
pre_stim,199,199,0,199,3197514.455,0.929,-0.003,-0.073,0.363,2983,871,2313,3047,2552,2461,1708,2552,31,0.000,1,2037,1,5.825,0.258,3.125,-1.000,4.813,-0.148,-0.043,1.012,0.047,0.254,0.230,0.000,0.000,0.532,0.307,2,NULL,NULL,,2,0,2,7,255,1125,250,0,0
pre_stim,216,216,0,216,3197519.454,0.929,-0.003,-0.073,0.363,2974,877,2293,3051,2553,2442,1707,2553,31,0.000,1,2037,1,5.873,0.273,3.000,-1.313,4.875,-0.145,-0.039,1.020,0.102,0.254,0.230,0.000,0.000,0.532,0.307,2,NULL,NULL,,2,0,2,7,255,1125,250,0,0
pre_stim,216,216,0,216,3197524.455,0.929,-0.003,-0.073,0.363,2972,884,2311,3051,2551,2451,1720,2569,31,0.000,1,2037,1,6.130,0.275,2.000,-1.625,5.563,-0.152,-0.039,1.020,0.105,0.254,0.297,0.000,0.000,0.532,0.307,2,NULL,NULL,,2,0,2,7,255,1125,250,0,0
pre_stim,216,216,0,216,3197529.453,0.929,-0.003,-0.073,0.363,2981,883,2316,3043,2553,2453,1721,2568,31,0.000,1,2037,1,5.186,0.297,1.188,-1.875,4.688,-0.164,-0.043,1.016,0.105,0.277,0.297,0.000,0.000,0.532,0.307,2,NULL,NULL,,2,0,2,7,255,1125,250,0,0
pre_stim,216,216,0,216,3197534.455,0.929,-0.005,-0.073,0.362,2973,877,2315,3049,2549,2459,1725,2567,31,0.000,1,2037,1,4.158,0.320,1.438,-2.250,3.188,-0.164,-0.043,1.012,-0.008,0.320,0.277,0.000,0.000,0.532,0.307,2,NULL,NULL,,2,0,2,7,255,1125,250,0,0
pre_stim,216,216,0,216,3197539.454,0.929,-0.005,-0.072,0.362,2969,878,2329,3043,2571,2442,1726,2566,31,0.000,1,2037,1,3.669,0.320,1.813,-2.625,1.813,-0.164,-0.043,1.016,-0.008,0.320,0.254,0.000,0.000,0.532,0.307,2,NULL,NULL,,2,0,2,7,255,1125,250,0,0
pre_stim,216,216,0,216,3197544.455,0.929,-0.005,-0.072,0.362,2972,883,2325,3037,2569,2449,1740,2579,31,0.000,1,2037,1,3.357,0.320,1.563,-2.875,0.750,-0.152,-0.035,1.020,0.000,0.320,0.254,0.000,0.000,0.532,0.307,2,NULL,NULL,,2,0,2,7,255,1125,250,0,0
pre_stim,237,237,0,237,3197549.453,0.929,-0.005,-0.072,0.362,2972,873,2329,3037,2567,2451,1746,2582,31,0.000,1,2037,1,3.323,0.333,0.563,-3.188,0.750,-0.145,-0.043,1.020,0.125,0.309,0.301,0.000,0.000,0.532,0.307,2,NULL,NULL,,2,0,2,7,255,1125,250,0,0
pre_stim,237,237,0,237,3197554.455,0.929,-0.005,-0.072,0.362,2974,876,2347,3032,2581,2456,1751,2580,31,0.000,1,2037,1,3.433,0.229,-0.813,-3.250,0.750,-0.145,-0.059,1.008,0.125,0.191,0.301,0.000,0.000,0.532,0.307,2,NULL,NULL,,2,0,2,7,255,1125,250,0,0
pre_stim,237,237,0,237,3197559.453,0.929,-0.005,-0.072,0.362,2956,873,2355,3037,2572,2447,1769,2573,31,0.000,1,2037,1,3.651,0.087,-0.500,-3.563,0.625,-0.145,-0.066,0.984,0.012,0.086,0.176,0.000,0.000,0.532,0.307,2,NULL,NULL,,2,0,2,7,255,1125,250,0,0
pre_stim,237,237,0,237,3197564.455,0.929,-0.005,-0.072,0.362,2955,875,2348,3038,2577,2461,1783,2577,31,0.000,1,2037,1,4.289,0.101,1.063,-4.063,0.875,-0.148,-0.078,0.980,-0.098,0.027,-0.035,0.000,0.000,0.532,0.307,2,NULL,NULL,,2,0,2,7,255,1125,250,0,0
pre_stim,237,237,0,237,3197569.454,0.929,-0.005,-0.072,0.362,2953,873,2365,3031,2581,2452,1789,2577,31,0.000,1,2037,1,4.593,0.184,1.500,-4.313,0.500,-0.156,-0.078,0.988,-0.184,0.012,-0.035,0.000,0.000,0.532,0.307,2,NULL,NULL,,2,0,2,7,255,1125,250,0,0
pre_stim,237,237,0,237,3197574.455,0.929,-0.005,-0.071,0.362,2944,879,2379,3034,2583,2451,1799,2581,31,0.000,1,2037,1,4.931,0.184,1.750,-4.500,-1.000,-0.152,-0.070,0.988,-0.184,0.012,0.000,0.000,0.000,0.532,0.307,2,NULL,NULL,,2,0,2,7,255,1125,250,0,0
pre_stim,298,298,0,298,3197579.453,0.929,-0.005,-0.071,0.362,2941,877,2379,3019,2589,2451,1821,2589,31,0.000,1,2037,1,5.786,0.170,2.563,-4.813,-1.938,-0.141,-0.063,0.992,-0.164,0.043,0.031,0.000,0.000,0.532,0.307,2,NULL,NULL,,2,0,2,7,255,1125,250,0,0
pre_stim,298,298,0,298,3197584.455,0.929,-0.005,-0.071,0.362,2941,872,2394,3015,2596,2461,1835,2583,31,0.000,1,2037,1,5.799,0.064,2.375,-5.125,-1.313,-0.141,-0.063,1.004,-0.047,0.043,0.031,0.000,0.000,0.532,0.307,2,NULL,NULL,,2,0,2,7,255,1125,250,0,0
pre_stim,298,298,0,298,3197589.454,0.929,-0.005,-0.071,0.362,2931,875,2403,3021,2599,2457,1845,2587,31,0.000,1,2037,1,5.664,0.064,1.438,-5.125,-1.938,-0.148,-0.055,1.000,-0.047,0.043,0.098,0.000,0.000,0.532,0.307,2,NULL,NULL,,2,0,2,7,255,1125,250,0,0
pre_stim,298,298,0,298,3197594.455,0.929,-0.005,-0.070,0.363,2921,870,2423,3019,2604,2449,1850,2587,31,0.000,1,2037,1,6.466,0.094,1.688,-5.125,-3.563,-0.141,-0.059,0.988,-0.047,0.082,0.098,0.000,0.000,0.532,0.307,2,NULL,NULL,,2,0,2,7,255,1125,250,0,0
pre_stim,298,298,0,298,3197599.454,0.929,-0.005,-0.070,0.363,2919,864,2429,2997,2607,2453,1856,2595,31,0.000,1,2037,1,6.580,0.086,2.125,-5.313,-3.250,-0.125,-0.074,0.992,-0.027,0.082,0.008,0.000,0.000,0.532,0.307,2,NULL,NULL,,2,0,2,7,255,1125,250,0,0
pre_stim,298,298,0,298,3197604.455,0.929,-0.005,-0.070,0.363,2907,865,2437,3003,2604,2453,1875,2595,31,0.000,1,2037,1,5.904,0.079,1.688,-5.438,-1.563,-0.133,-0.070,0.992,-0.027,-0.074,0.008,0.000,0.000,0.532,0.307,2,NULL,NULL,,2,0,2,7,255,1125,250,0,0
pre_stim,298,298,0,298,3197609.454,0.929,-0.005,-0.070,0.363,2900,861,2447,2989,2607,2451,1891,2599,31,0.000,1,2037,1,6.068,0.082,1.375,-5.625,-1.813,-0.141,-0.055,0.984,-0.035,-0.074,0.008,0.000,0.000,0.532,0.307,2,NULL,NULL,,2,0,2,7,255,1125,250,0,0
pre_stim,298,298,0,298,3197614.455,0.929,-0.005,-0.069,0.363,2901,863,2462,2983,2613,2452,1901,2600,31,0.000,1,2037,1,6.780,0.072,1.750,-5.688,-3.250,-0.129,-0.066,0.984,-0.035,-0.063,-0.043,0.000,0.000,0.532,0.307,2,NULL,NULL,,2,0,2,7,255,1125,250,0,0
pre_stim,298,298,0,298,3197619.453,0.929,-0.005,-0.069,0.363,2891,861,2475,2982,2616,2447,1909,2607,31,0.000,1,2037,1,6.370,0.064,2.000,-5.750,-1.875,-0.113,-0.078,0.980,-0.016,-0.063,-0.051,0.000,0.000,0.532,0.307,2,NULL,NULL,,2,0,2,7,255,1125,250,0,0
pre_stim,298,298,0,298,3197624.455,0.929,-0.005,-0.069,0.363,2873,865,2483,2984,2629,2455,1911,2613,31,0.000,1,2037,1,6.956,0.164,3.063,-5.938,1.938,-0.105,-0.063,0.984,0.000,-0.164,-0.094,0.000,0.000,0.532,0.307,2,NULL,NULL,,2,0,2,7,255,1125,250,0,0
pre_stim,298,298,0,298,3197629.455,0.929,-0.005,-0.069,0.363,2878,861,2489,2966,2623,2445,1930,2605,31,0.000,1,2037,1,5.938,0.164,1.500,-5.688,0.813,-0.168,-0.059,1.016,0.000,-0.164,-0.094,0.000,0.000,0.532,0.307,2,NULL,NULL,,2,0,2,7,255,1125,250,0,0
pre_stim,298,298,0,298,3197634.455,0.929,-0.005,-0.068,0.363,2863,871,2501,2975,2633,2447,1935,2613,31,0.000,1,2037,1,7.829,0.275,0.875,-5.375,-5.625,-0.141,-0.035,0.977,0.055,0.270,-0.094,0.000,0.000,0.532,0.307,2,NULL,NULL,,2,0,2,7,255,1125,250,0,0
pre_stim,330,330,0,330,3197639.454,0.929,-0.005,-0.068,0.363,2854,871,2507,2963,2637,2443,1959,2629,31,0.000,1,2037,1,7.674,0.275,4.188,-5.688,-3.000,-0.078,-0.055,0.988,0.055,0.270,-0.109,0.000,0.000,0.532,0.307,2,NULL,NULL,,2,0,2,7,255,1125,250,0,0
pre_stim,330,330,0,330,3197644.455,0.929,-0.005,-0.068,0.363,2851,871,2533,2967,2649,2454,1967,2631,31,0.000,1,2037,1,7.019,0.108,2.438,-5.688,3.313,-0.121,-0.059,1.020,0.098,-0.047,-0.109,0.000,0.000,0.532,0.307,2,NULL,NULL,,2,0,2,7,255,1125,250,0,0
pre_stim,330,330,0,330,3197649.453,0.929,-0.005,-0.067,0.363,2847,873,2533,2950,2643,2447,1992,2629,31,0.000,1,2037,1,5.917,0.108,-0.313,-5.813,1.063,-0.164,-0.023,1.008,0.098,-0.047,0.191,0.000,0.000,0.532,0.307,2,NULL,NULL,,2,0,2,7,255,1125,250,0,0
pre_stim,330,330,0,330,3197654.455,0.929,-0.005,-0.067,0.363,2839,877,2551,2938,2651,2445,2001,2633,31,0.000,1,2037,1,7.710,0.199,-0.438,-5.688,-5.188,-0.145,-0.047,0.973,-0.004,0.199,0.191,0.000,0.000,0.532,0.307,2,NULL,NULL,,2,0,2,7,255,1125,250,0,0
pre_stim,330,330,0,330,3197659.454,0.929,-0.005,-0.067,0.363,2828,878,2573,2939,2661,2432,2023,2633,31,0.000,1,2037,1,7.546,0.199,2.875,-6.625,-2.188,-0.098,-0.090,0.980,-0.004,0.199,-0.105,0.000,0.000,0.532,0.307,2,NULL,NULL,,2,0,2,7,255,1125,250,0,0
pre_stim,330,330,0,330,3197664.455,0.929,-0.005,-0.067,0.363,2823,889,2587,2924,2663,2460,2039,2637,31,0.000,1,2037,1,6.775,0.067,2.000,-6.375,1.125,-0.137,-0.070,0.996,-0.066,0.012,-0.105,0.000,0.000,0.532,0.307,2,NULL,NULL,,2,0,2,7,255,1125,250,0,0
pre_stim,363,363,0,363,3197669.453,0.929,-0.005,-0.066,0.363,2808,887,2585,2920,2669,2441,2067,2651,31,0.000,1,2037,1,7.522,0.060,2.188,-6.625,-2.813,-0.148,-0.047,0.996,-0.059,0.012,0.059,0.000,0.000,0.532,0.307,2,NULL,NULL,,2,0,2,7,255,1125,250,0,0
pre_stim,363,363,0,363,3197674.455,0.929,-0.005,-0.066,0.364,2791,887,2604,2925,2671,2453,2093,2645,31,0.000,1,2037,1,7.866,0.060,1.625,-6.375,-4.313,-0.121,-0.063,0.988,-0.059,0.012,0.059,0.000,0.000,0.532,0.307,2,NULL,NULL,,2,0,2,7,255,1125,250,0,0
pre_stim,363,363,0,363,3197679.454,0.929,-0.005,-0.066,0.364,2779,891,2612,2915,2683,2443,2109,2646,31,0.000,1,2037,1,7.554,0.044,2.938,-6.250,-3.063,-0.113,-0.066,0.980,-0.008,-0.043,-0.027,0.000,0.000,0.532,0.307,2,NULL,NULL,,2,0,2,7,255,1125,250,0,0
pre_stim,363,363,0,363,3197684.455,0.929,-0.005,-0.065,0.364,2777,893,2639,2899,2693,2451,2137,2663,31,0.000,1,2037,1,7.682,0.044,3.750,-6.438,-1.875,-0.129,-0.063,1.000,-0.008,-0.043,-0.027,0.000,0.000,0.532,0.307,2,NULL,NULL,,2,0,2,7,255,1125,250,0,0
pre_stim,396,396,0,396,3197689.453,0.929,-0.005,-0.065,0.364,2751,901,2657,2904,2709,2450,2157,2653,31,0.000,1,2037,1,7.097,0.014,1.500,-5.875,-3.688,-0.137,-0.043,1.004,-0.008,-0.012,0.090,0.000,0.000,0.532,0.307,2,NULL,NULL,,2,0,2,7,255,1125,250,0,0
pre_stim,396,396,0,396,3197694.455,0.929,-0.005,-0.065,0.364,2749,905,2670,2877,2706,2457,2171,2667,31,0.000,1,2037,1,7.972,0.033,0.938,-5.813,-5.375,-0.121,-0.055,0.996,0.012,0.031,0.090,0.000,0.000,0.532,0.307,2,NULL,NULL,,2,0,2,7,255,1125,250,0,0
pre_stim,396,396,0,396,3197699.454,0.929,-0.004,-0.065,0.364,2740,907,2681,2871,2723,2451,2185,2664,31,0.000,1,2037,1,7.256,0.056,-0.563,-5.563,-4.625,-0.113,-0.063,1.000,0.047,0.031,0.055,0.000,0.000,0.532,0.307,2,NULL,NULL,,2,0,2,7,255,1125,250,0,0
pre_stim,396,396,0,396,3197704.455,0.929,-0.004,-0.064,0.364,2725,909,2707,2871,2726,2451,2207,2669,31,0.000,1,2037,1,7.221,0.072,-0.500,-5.625,-4.500,-0.125,-0.070,0.992,0.047,-0.055,0.047,0.000,0.000,0.532,0.307,2,NULL,NULL,,2,0,2,7,255,1125,250,0,0
pre_stim,396,396,0,396,3197709.453,0.929,-0.004,-0.064,0.365,2707,915,2724,2859,2731,2441,2220,2671,31,0.000,1,2037,1,7.310,0.058,0.313,-5.438,-4.875,-0.125,-0.059,0.980,-0.020,-0.055,0.020,0.000,0.000,0.532,0.307,2,NULL,NULL,,2,0,2,7,255,1125,250,0,0
pre_stim,396,396,0,396,3197714.455,0.929,-0.004,-0.064,0.365,2695,917,2733,2853,2739,2445,2247,2679,31,0.000,1,2037,1,8.384,0.079,1.375,-5.625,-6.063,-0.141,-0.051,1.004,-0.070,0.035,0.020,0.000,0.000,0.532,0.307,2,NULL,NULL,,2,0,2,7,255,1125,250,0,0
pre_stim,396,396,0,396,3197719.453,0.929,-0.004,-0.064,0.365,2685,921,2749,2837,2747,2455,2257,2683,31,0.000,1,2037,1,10.101,0.111,-0.438,-5.813,-8.250,-0.117,-0.039,1.008,-0.020,0.109,0.121,0.000,0.000,0.532,0.307,2,NULL,NULL,,2,0,2,7,255,1125,250,0,0
pre_stim,396,396,0,396,3197724.455,0.929,-0.004,-0.063,0.365,2657,927,2763,2824,2751,2445,2269,2679,31,0.000,1,2037,1,7.791,0.169,0.000,-5.813,-5.188,-0.094,-0.063,0.988,0.129,0.109,0.121,0.000,0.000,0.532,0.307,2,NULL,NULL,,2,0,2,7,255,1125,250,0,0
pre_stim,418,418,0,418,3197729.454,0.929,-0.004,-0.063,0.366,2633,933,2786,2799,2759,2445,2291,2677,31,0.000,1,2037,1,6.692,0.131,0.938,-6.000,-2.813,-0.125,-0.066,0.992,0.129,-0.023,0.023,0.000,0.000,0.532,0.307,2,NULL,NULL,,2,0,2,7,255,1125,250,0,0
pre_stim,418,418,0,418,3197734.455,0.929,-0.004,-0.063,0.366,2631,938,2793,2805,2769,2445,2311,2698,31,0.000,1,2037,1,7.773,0.097,1.500,-6.375,-4.188,-0.145,-0.051,1.004,-0.094,-0.023,0.023,0.000,0.000,0.532,0.307,2,NULL,NULL,,2,0,2,7,255,1125,250,0,0
pre_stim,418,418,0,418,3197739.454,0.928,-0.004,-0.063,0.366,2588,936,2823,2787,2771,2446,2323,2683,31,0.000,1,2037,1,9.890,0.231,0.875,-6.313,-7.563,-0.141,-0.035,1.008,-0.094,0.211,0.133,0.000,0.000,0.532,0.307,2,NULL,NULL,,2,0,2,7,255,1125,250,0,0
pre_stim,418,418,0,418,3197744.455,0.928,-0.004,-0.062,0.366,2577,939,2841,2779,2774,2455,2340,2712,31,0.000,1,2037,1,10.390,0.212,0.188,-6.313,-8.250,-0.125,-0.039,1.012,0.020,0.211,0.168,0.000,0.000,0.532,0.307,2,NULL,NULL,,2,0,2,7,255,1125,250,0,0
pre_stim,439,439,0,439,3197749.454,0.928,-0.004,-0.062,0.367,2533,937,2847,2743,2783,2453,2348,2694,31,0.000,1,2037,1,10.512,0.207,-0.500,-6.250,-8.438,-0.117,-0.055,1.000,0.055,0.199,0.168,0.000,0.000,0.532,0.307,2,NULL,NULL,,2,0,2,7,255,1125,250,0,0
pre_stim,439,439,0,439,3197754.455,0.928,-0.003,-0.062,0.367,2509,941,2857,2748,2792,2451,2365,2711,31,0.000,1,2037,1,10.297,0.063,-1.313,-6.188,-8.125,-0.125,-0.066,1.008,0.055,0.031,0.160,0.000,0.000,0.532,0.307,2,NULL,NULL,,2,0,2,7,255,1125,250,0,0
pre_stim,439,439,0,439,3197759.453,0.928,-0.003,-0.061,0.367,2476,940,2876,2708,2797,2442,2392,2704,31,0.000,1,2037,1,10.787,0.094,-2.188,-6.438,-8.375,-0.117,-0.074,0.996,-0.094,0.012,0.078,0.000,0.000,0.532,0.307,2,NULL,NULL,,2,0,2,7,255,1125,250,0,0
pre_stim,439,439,0,439,3197764.455,0.928,-0.003,-0.061,0.368,2445,939,2889,2698,2809,2441,2397,2729,31,0.000,1,2037,1,10.899,0.107,-2.625,-6.125,-8.625,-0.121,-0.070,0.980,-0.098,-0.043,0.063,0.000,0.000,0.532,0.307,2,NULL,NULL,,2,0,2,7,255,1125,250,0,0
pre_stim,439,439,0,439,3197769.454,0.928,-0.003,-0.061,0.368,2398,940,2901,2677,2821,2445,2411,2716,31,0.000,1,2037,1,10.783,0.136,-0.375,-6.625,-8.500,-0.109,-0.078,0.984,-0.102,-0.090,-0.066,0.000,0.000,0.532,0.307,2,NULL,NULL,,2,0,2,7,255,1125,250,0,0
pre_stim,439,439,0,439,3197774.455,0.928,-0.003,-0.061,0.368,2374,937,2909,2666,2815,2430,2431,2727,31,0.000,1,2037,1,10.027,0.110,0.813,-6.813,-7.313,-0.121,-0.055,1.004,-0.102,-0.043,-0.066,0.000,0.000,0.532,0.307,2,NULL,NULL,,2,0,2,7,255,1125,250,0,0
pre_stim,498,498,0,498,3197779.453,0.928,-0.003,-0.060,0.369,2325,928,2919,2619,2835,2429,2439,2727,31,0.000,1,2037,1,11.094,0.086,-0.750,-6.938,-8.625,-0.129,-0.039,1.020,0.000,0.086,0.117,0.000,0.000,0.532,0.307,2,NULL,NULL,,2,0,2,7,255,1125,250,0,0
pre_stim,498,498,0,498,3197784.455,0.927,-0.002,-0.060,0.369,2291,935,2931,2597,2829,2439,2455,2735,31,0.000,1,2037,1,13.641,0.086,-3.500,-6.875,-11.250,-0.121,-0.063,1.008,0.000,0.086,0.141,0.000,0.000,0.532,0.307,2,NULL,NULL,,2,0,2,7,255,1125,250,0,0
pre_stim,498,498,0,498,3197789.454,0.927,-0.002,-0.060,0.369,2247,920,2941,2539,2837,2431,2483,2730,31,0.000,1,2037,1,12.686,0.061,-3.188,-7.125,-10.000,-0.102,-0.066,0.996,0.039,0.047,0.141,0.000,0.000,0.532,0.307,2,NULL,NULL,,2,0,2,7,255,1125,250,0,0
pre_stim,498,498,0,498,3197794.455,0.927,-0.002,-0.060,0.370,2197,911,2963,2523,2847,2429,2491,2749,31,0.000,1,2037,1,11.446,0.084,-3.125,-7.000,-8.500,-0.121,-0.074,1.012,-0.074,-0.039,0.141,0.000,0.000,0.532,0.307,2,NULL,NULL,,2,0,2,7,255,1125,250,0,0
pre_stim,498,498,0,498,3197799.454,0.927,-0.002,-0.059,0.370,2123,907,2973,2469,2854,2419,2505,2735,31,0.000,1,2037,1,13.106,0.058,-3.188,-7.688,-10.125,-0.137,-0.043,1.004,-0.043,-0.039,0.129,0.000,0.000,0.532,0.307,2,NULL,NULL,,2,0,2,7,255,1125,250,0,0
pre_stim,498,498,0,498,3197804.455,0.927,-0.001,-0.059,0.371,2071,887,2989,2445,2867,2423,2519,2751,31,0.000,1,2037,1,13.004,0.312,-3.313,-7.625,-10.000,-0.125,-0.027,1.027,-0.043,0.309,0.219,0.000,0.000,0.532,0.307,2,NULL,NULL,,2,0,2,7,255,1125,250,0,0
pre_stim,498,498,0,498,3197809.453,0.927,-0.001,-0.059,0.371,1966,870,2983,2383,2867,2413,2532,2761,31,0.000,1,2037,1,17.653,0.386,-5.313,-8.000,-14.813,-0.152,-0.004,1.043,0.168,0.348,0.324,0.000,0.000,0.532,0.307,2,NULL,NULL,,2,0,2,7,255,1125,250,0,0
pre_stim,498,498,0,498,3197814.455,0.926,-0.001,-0.059,0.372,1885,861,3004,2339,2863,2413,2556,2760,31,0.000,1,2037,1,21.024,0.386,-9.750,-7.750,-16.938,-0.105,-0.047,1.012,0.168,0.348,0.324,0.000,0.000,0.532,0.307,2,NULL,NULL,,2,0,2,7,255,1125,250,0,0
pre_stim,517,517,0,517,3197819.454,0.926,0.000,-0.058,0.372,1759,859,3006,2255,2872,2407,2571,2751,31,0.000,1,2037,1,16.766,0.190,-8.750,-7.875,-11.938,-0.074,-0.074,1.023,0.168,0.090,0.262,0.000,0.000,0.532,0.307,2,NULL,NULL,,2,0,2,7,255,1125,250,0,0
pre_stim,517,517,0,517,3197824.455,0.926,0.001,-0.058,0.373,1672,845,3017,2189,2879,2395,2588,2775,31,0.000,1,2037,1,17.568,0.184,-13.250,-8.250,-8.063,-0.133,-0.039,1.031,0.160,0.090,0.262,0.000,0.000,0.532,0.307,2,NULL,NULL,,2,0,2,7,255,1125,250,0,0
pre_stim,517,517,0,517,3197829.453,0.926,0.001,-0.058,0.373,1561,823,3031,2075,2898,2391,2588,2769,31,0.000,1,2037,1,21.439,0.338,-16.063,-8.500,-11.375,-0.156,-0.043,1.031,0.035,0.336,0.367,0.000,0.000,0.532,0.307,2,NULL,NULL,,2,0,2,7,255,1125,250,0,0
pre_stim,517,517,0,517,3197834.455,0.926,0.002,-0.058,0.374,1400,811,3029,2005,2889,2388,2612,2765,31,0.000,1,2037,1,29.166,0.495,-16.625,-9.500,-22.000,-0.172,-0.016,1.023,-0.055,0.492,0.367,0.000,0.000,0.532,0.307,2,NULL,NULL,,2,0,2,7,255,1125,250,0,0
pre_stim,517,517,0,517,3197839.454,0.925,0.003,-0.058,0.375,1229,779,3042,1915,2903,2365,2628,2771,31,0.000,1,2037,1,32.158,0.495,-18.125,-8.438,-25.188,-0.090,-0.059,1.004,-0.055,0.492,0.332,0.000,0.000,0.532,0.307,2,NULL,NULL,,2,0,2,7,255,1125,250,0,0
pre_stim,517,517,0,517,3197844.455,0.925,0.004,-0.058,0.376,1099,762,3015,1853,2905,2349,2631,2777,31,0.000,1,2037,1,32.218,0.091,-19.688,-8.625,-24.000,-0.086,-0.086,1.027,0.078,-0.047,0.332,0.000,0.000,0.532,0.307,2,NULL,NULL,,2,0,2,7,255,1125,250,0,0
pre_stim,537,537,0,537,3197849.453,0.925,0.005,-0.058,0.376,971,719,3075,1767,2907,2349,2643,2771,31,0.000,1,2037,1,28.855,0.144,-19.438,-9.563,-19.063,-0.105,-0.094,0.973,0.078,-0.121,0.074,0.000,0.000,0.532,0.307,2,NULL,NULL,,2,0,2,7,255,1125,250,0,0
pre_stim,537,537,0,537,3197854.455,0.924,0.006,-0.058,0.377,879,683,3080,1695,2907,2344,2663,2786,31,0.000,1,2037,1,27.785,0.223,-15.625,-10.375,-20.500,-0.129,-0.078,0.957,-0.188,-0.121,-0.188,0.000,0.000,0.532,0.307,2,NULL,NULL,,2,0,2,7,255,1125,250,0,0
pre_stim,537,537,0,537,3197859.454,0.924,0.007,-0.057,0.378,762,647,3081,1569,2923,2323,2677,2773,31,0.000,1,2037,1,25.996,0.223,-9.188,-11.125,-21.625,-0.102,-0.098,1.000,-0.188,-0.121,-0.188,0.000,0.000,0.532,0.307,2,NULL,NULL,,2,0,2,7,255,1125,250,0,0
pre_stim,537,537,0,537,3197864.455,0.924,0.007,-0.057,0.379,638,614,3087,1469,2921,2301,2681,2797,31,0.000,1,2037,1,27.097,0.199,-13.125,-11.000,-21.000,-0.098,-0.098,1.035,-0.145,-0.137,0.078,0.000,0.000,0.532,0.307,2,NULL,NULL,,2,0,2,7,255,1125,250,0,0
pre_stim,563,563,0,563,3197869.453,0.923,0.008,-0.057,0.380,572,575,3099,1367,2927,2293,2693,2787,31,0.000,1,2037,1,29.051,0.199,-15.313,-11.563,-21.813,-0.133,-0.094,1.012,-0.145,-0.137,0.223,0.000,0.000,0.532,0.307,2,NULL,NULL,,2,0,2,7,255,1125,250,0,0
pre_stim,563,563,0,563,3197874.455,0.923,0.009,-0.057,0.380,485,521,3099,1279,2931,2276,2709,2791,31,0.000,1,2037,1,32.003,0.150,-16.313,-12.563,-24.500,-0.105,-0.059,1.020,-0.070,0.133,0.254,0.000,0.000,0.532,0.307,2,NULL,NULL,,2,0,2,7,255,1125,250,0,0
pre_stim,608,608,0,608,3197879.454,0.923,0.010,-0.056,0.381,401,501,3115,1179,2941,2252,2711,2776,31,0.000,1,2037,1,27.608,0.180,-16.500,-11.563,-18.875,-0.059,-0.070,1.023,0.121,0.133,0.234,0.000,0.000,0.532,0.307,2,NULL,NULL,,2,0,2,7,255,1125,250,0,0
pre_stim,608,608,0,608,3197884.455,0.923,0.011,-0.056,0.382,315,443,3111,1079,2947,2237,2715,2790,31,0.000,1,2037,1,27.036,0.296,-17.000,-13.563,-16.063,-0.098,-0.055,1.035,0.219,0.199,0.254,0.000,0.000,0.532,0.307,2,NULL,NULL,,2,0,2,7,255,1125,250,0,0
pre_stim,608,608,0,608,3197889.453,0.922,0.012,-0.056,0.382,248,390,3120,979,2943,2221,2723,2781,31,0.000,1,2037,1,30.017,0.312,-18.938,-14.625,-18.125,-0.125,-0.070,1.031,0.219,0.223,0.379,0.000,0.000,0.532,0.307,2,NULL,NULL,,2,0,2,7,255,1125,250,0,0
pre_stim,608,608,0,608,3197894.455,0.922,0.013,-0.055,0.383,171,359,3133,863,2956,2203,2727,2799,31,0.000,1,2037,1,20.522,0.312,-12.063,-13.438,-9.750,-0.008,-0.113,0.961,0.219,0.223,0.379,0.000,0.000,0.532,0.307,2,NULL,NULL,,2,0,2,7,255,1125,250,0,0
pre_stim,608,608,0,608,3197899.454,0.922,0.014,-0.055,0.383,143,333,3140,775,2965,2180,2733,2796,31,0.000,1,2037,1,22.991,0.274,-16.438,-16.063,-0.625,-0.125,-0.082,1.133,-0.008,0.273,0.379,0.000,0.000,0.532,0.307,2,NULL,NULL,,2,0,2,7,255,1125,250,0,0
pre_stim,608,608,0,608,3197904.454,0.922,0.015,-0.055,0.383,107,294,3144,745,2965,2155,2743,2796,31,0.000,1,2037,1,29.079,0.274,-22.875,-16.313,-7.500,-0.152,-0.035,0.934,-0.008,0.273,-0.371,0.000,0.000,0.532,0.307,2,NULL,NULL,,2,0,2,7,255,1125,250,0,0
pre_stim,608,608,0,608,3197909.455,0.922,0.016,-0.054,0.383,84,245,3153,652,2971,2117,2747,2788,31,0.000,1,2037,1,22.644,0.274,-9.438,-17.438,-10.938,-0.043,-0.090,0.980,-0.008,0.273,-0.156,0.000,0.000,0.532,0.307,2,NULL,NULL,,2,0,2,7,255,1125,250,0,0
pre_stim,608,608,0,608,3197914.455,0.922,0.016,-0.053,0.383,55,239,3149,555,2971,2099,2763,2797,31,0.000,1,2037,1,18.607,0.213,-1.313,-18.125,-4.000,-0.086,-0.113,0.992,-0.141,-0.160,-0.156,0.000,0.000,0.532,0.307,2,NULL,NULL,,2,0,2,7,255,1125,250,0,0
pre_stim,608,608,0,608,3197919.453,0.922,0.016,-0.052,0.384,51,231,3158,525,2983,2075,2764,2783,31,0.000,1,2037,1,22.042,0.221,3.750,-20.875,-6.000,-0.121,-0.105,1.109,-0.152,-0.160,-0.008,0.000,0.000,0.532,0.307,2,NULL,NULL,,2,0,2,7,255,1125,250,0,0
pre_stim,608,608,0,608,3197924.455,0.922,0.016,-0.052,0.383,39,222,3156,499,2971,2046,2774,2792,31,0.000,1,2037,1,23.469,0.221,-0.625,-23.375,2.000,-0.121,-0.063,1.211,-0.152,0.160,1.164,0.000,0.000,0.532,0.307,2,NULL,NULL,,2,0,2,7,255,1125,250,0,0
pre_stim,608,608,0,608,3197929.454,0.922,0.018,-0.051,0.383,29,211,3169,461,2981,2025,2778,2788,31,0.000,1,2037,1,31.122,0.469,-18.750,-24.688,2.750,-0.098,-0.051,1.180,0.188,0.430,1.797,0.000,0.000,0.532,0.307,2,NULL,NULL,,2,0,2,7,255,1125,250,0,0
pre_stim,608,608,0,608,3197934.455,0.922,0.019,-0.051,0.383,29,168,3171,423,2975,1989,2777,2803,31,0.000,1,2037,1,42.783,0.469,-35.500,-23.063,6.188,-0.074,-0.090,1.016,0.188,0.430,1.797,0.000,0.000,0.532,0.307,2,NULL,NULL,,2,0,2,7,255,1125,250,0,0
pre_stim,628,628,0,628,3197939.454,0.922,0.021,-0.050,0.383,29,151,3177,407,2991,1957,2781,2791,31,0.000,1,2037,1,34.911,0.103,-20.188,-27.625,6.938,-0.117,-0.152,0.836,0.102,0.016,0.195,0.000,0.000,0.532,0.307,2,NULL,NULL,,2,0,2,7,255,1125,250,0,0
pre_stim,628,628,0,628,3197944.455,0.923,0.021,-0.049,0.382,23,117,3172,379,2985,1927,2793,2798,31,0.000,1,2037,1,32.104,0.684,-5.750,-27.625,15.313,-0.035,-0.238,1.027,-0.672,-0.129,0.195,0.000,0.000,0.532,0.307,2,NULL,NULL,,2,0,2,7,255,1125,250,0,0
pre_stim,628,628,0,628,3197949.454,0.923,0.022,-0.048,0.381,19,95,3179,349,2987,1881,2797,2787,31,0.000,1,2037,1,35.892,0.684,-2.000,-30.188,19.313,-0.168,-0.086,0.984,-0.672,-0.129,-0.051,0.000,0.000,0.532,0.307,2,NULL,NULL,,2,0,2,7,255,1125,250,0,0
pre_stim,628,628,0,628,3197954.455,0.923,0.023,-0.047,0.381,21,83,3175,329,2999,1839,2804,2803,31,0.000,1,2037,1,32.432,0.890,-5.625,-31.063,7.438,-0.137,-0.074,1.090,-0.613,0.645,0.441,0.000,0.000,0.532,0.307,2,NULL,NULL,,2,0,2,7,255,1125,250,0,0
pre_stim,651,651,0,651,3197959.453,0.924,0.024,-0.046,0.380,17,59,3182,316,2996,1807,2810,2781,31,0.000,1,2037,1,38.783,0.672,-15.688,-32.875,13.313,-0.023,-0.137,1.121,-0.191,0.645,0.965,0.000,0.000,0.532,0.307,2,NULL,NULL,,2,0,2,7,255,1125,250,0,0
pre_stim,651,651,0,651,3197964.455,0.924,0.025,-0.045,0.379,17,55,3181,288,3001,1763,2811,2795,31,0.000,1,2037,1,45.263,0.191,-22.500,-31.375,23.625,-0.102,-0.141,1.012,-0.191,-0.004,0.965,0.000,0.000,0.532,0.307,2,NULL,NULL,,2,0,2,7,255,1125,250,0,0
pre_stim,651,651,0,651,3197969.454,0.924,0.026,-0.044,0.378,18,46,3183,251,2999,1715,2823,2779,31,0.000,1,2037,1,43.411,0.504,-13.375,-35.375,21.313,-0.137,-0.109,0.898,-0.504,-0.004,0.254,0.000,0.000,0.532,0.307,2,NULL,NULL,,2,0,2,7,255,1125,250,0,0
pre_stim,651,651,0,651,3197974.455,0.925,0.026,-0.042,0.377,18,42,3193,237,3005,1673,2821,2801,31,0.000,1,2037,1,41.214,0.836,12.063,-36.125,15.750,-0.180,-0.141,0.895,-0.715,0.434,-0.844,0.000,0.000,0.532,0.307,2,NULL,NULL,,2,0,2,7,255,1125,250,0,0
pre_stim,651,651,0,651,3197979.453,0.925,0.026,-0.040,0.377,13,38,3196,217,3007,1619,2829,2776,31,0.000,1,2037,1,47.266,0.900,26.250,-38.875,-5.813,-0.164,-0.102,1.051,-0.727,0.531,-0.844,0.000,0.000,0.532,0.307,2,NULL,NULL,,2,0,2,7,255,1125,250,0,0
pre_stim,651,651,0,651,3197984.455,0.925,0.026,-0.039,0.377,9,29,3199,171,3014,1549,2839,2791,31,0.000,1,2037,1,38.859,0.900,7.563,-37.938,3.688,0.082,-0.102,1.246,-0.727,0.531,0.625,0.000,0.000,0.532,0.307,2,NULL,NULL,,2,0,2,7,255,1125,250,0,0
pre_stim,697,697,0,697,3197989.454,0.925,0.027,-0.037,0.376,7,22,3197,170,3020,1449,2836,2787,31,0.000,1,2037,1,46.220,0.617,-9.063,-39.625,22.000,-0.094,-0.059,1.035,-0.012,0.617,0.625,0.000,0.000,0.532,0.307,2,NULL,NULL,,2,0,2,7,255,1125,250,0,0
pre_stim,697,697,0,697,3197994.455,0.926,0.028,-0.036,0.375,5,18,3213,154,3031,1371,2841,2792,31,0.000,1,2037,0,47.504,0.114,-4.938,-43.313,18.875,-0.066,-0.109,1.051,-0.012,0.113,0.559,0.000,0.000,0.532,0.307,3,NULL,NULL,,2,0,2,7,255,1125,250,0,0
pre_stim,697,697,0,697,3197999.454,0.926,0.029,-0.034,0.374,0,17,3207,153,3020,1304,2846,2781,31,0.000,1,2037,0,47.112,0.642,-5.000,-42.000,20.750,-0.156,-0.105,0.980,-0.176,0.617,0.371,0.000,0.000,0.532,0.307,3,NULL,NULL,,2,0,2,7,255,1125,250,0,0
pre_stim,697,697,0,697,3198004.455,0.926,0.029,-0.032,0.374,0,0,3205,137,3029,1251,2861,2780,31,0.000,1,2037,0,47.431,0.706,6.688,-46.063,9.125,-0.109,-0.090,1.063,-0.395,0.586,0.559,0.000,0.000,0.532,0.307,3,NULL,NULL,,2,0,2,7,255,1125,250,0,0
pre_stim,697,697,0,697,3198009.453,0.927,0.030,-0.030,0.373,0,0,3213,89,3028,1187,2867,2772,31,0.000,1,2037,0,50.503,0.706,4.188,-48.688,12.750,-0.027,-0.082,1.102,-0.395,0.586,0.664,0.000,0.000,0.532,0.307,3,NULL,NULL,,2,0,2,7,255,1125,250,0,0
pre_stim,697,697,0,697,3198014.455,0.927,0.030,-0.028,0.372,0,0,3223,82,3035,1103,2863,2779,31,0.000,1,2037,0,54.521,0.646,2.125,-49.813,22.063,-0.094,-0.082,1.086,-0.281,0.582,0.867,0.000,0.000,0.532,0.307,3,NULL,NULL,,2,0,2,7,255,1125,250,0,0
pre_stim,697,697,0,697,3198019.454,0.928,0.031,-0.026,0.371,0,0,3219,83,3047,1029,2875,2776,31,0.000,1,2037,0,57.681,0.509,0.563,-53.188,22.313,-0.078,-0.094,1.082,-0.273,0.430,0.867,0.000,0.000,0.532,0.307,3,NULL,NULL,,2,0,2,7,255,1125,250,0,0
pre_stim,697,697,0,697,3198024.455,0.928,0.031,-0.024,0.370,0,0,3177,74,3042,971,2872,2770,31,0.000,1,2037,0,62.254,0.514,8.375,-57.750,21.688,-0.098,-0.109,0.961,-0.281,0.430,0.840,0.000,0.000,0.532,0.307,3,NULL,NULL,,2,0,2,7,255,1125,250,0,0
pre_stim,697,697,0,697,3198029.453,0.929,0.031,-0.021,0.369,0,0,3227,55,3039,893,2885,2762,31,0.000,1,2037,0,68.857,0.789,27.500,-59.938,19.813,-0.098,-0.121,1.016,-0.664,0.426,0.211,0.000,0.000,0.532,0.307,3,NULL,NULL,,2,0,2,7,255,1125,250,0,0
pre_stim,717,717,0,717,3198034.454,0.929,0.031,-0.018,0.368,0,0,3215,31,3045,839,2905,2765,31,0.000,1,2037,0,70.036,0.789,26.500,-61.688,19.938,-0.066,-0.043,1.195,-0.664,0.426,0.211,0.000,0.000,0.532,0.307,3,NULL,NULL,,2,0,2,7,255,1125,250,0,0
pre_stim,717,717,0,717,3198039.455,0.929,0.031,-0.016,0.367,0,0,3235,17,3047,777,2909,2746,31,0.000,1,2037,0,68.215,0.866,11.875,-64.375,19.188,-0.082,-0.008,1.195,0.066,0.863,1.875,0.000,0.000,0.532,0.307,3,NULL,NULL,,2,0,2,7,255,1125,250,0,0
pre_stim,717,717,0,717,3198044.455,0.930,0.032,-0.013,0.366,0,0,3237,0,3054,711,2905,2769,31,0.000,1,2037,0,66.947,1.163,-1.563,-64.375,18.313,-0.066,-0.012,1.184,0.121,1.156,1.875,0.000,0.000,0.532,0.307,3,NULL,NULL,,2,0,2,7,255,1125,250,0,0
pre_stim,746,746,0,746,3198049.453,0.930,0.034,-0.011,0.365,0,0,3235,0,3065,635,2919,2740,31,0.000,1,2037,0,74.373,1.163,-10.375,-69.250,25.063,-0.012,-0.117,1.094,0.121,1.156,1.758,0.000,0.000,0.532,0.307,3,NULL,NULL,,2,0,2,7,255,1125,250,0,0
pre_stim,746,746,0,746,3198054.455,0.931,0.035,-0.008,0.364,0,0,3227,0,3061,573,2924,2745,31,0.000,1,2037,0,79.257,0.257,-4.688,-71.500,33.875,-0.051,-0.145,1.047,-0.242,0.086,0.953,0.000,0.000,0.532,0.307,3,NULL,NULL,,2,0,2,7,255,1125,250,0,0
pre_stim,746,746,0,746,3198059.454,0.931,0.036,-0.005,0.362,0,0,3225,0,3065,509,2926,2727,31,0.000,1,2037,0,80.847,0.770,0.688,-74.375,31.688,-0.102,-0.090,1.051,-0.766,0.086,0.531,0.000,0.000,0.532,0.307,3,NULL,NULL,,2,0,2,7,255,1125,250,0,0
pre_stim,746,746,0,746,3198064.455,0.932,0.037,-0.002,0.361,0,0,3226,0,3067,425,2937,2747,31,0.000,1,2037,0,84.267,1.122,8.375,-78.813,28.625,-0.070,-0.070,1.074,-0.766,0.820,0.531,0.000,0.000,0.532,0.307,3,NULL,NULL,,2,0,2,7,255,1125,250,0,0
pre_stim,746,746,0,746,3198069.453,0.932,0.038,0.001,0.359,0,0,3224,0,3079,378,2935,2723,31,0.000,1,2037,0,86.717,0.991,9.875,-81.688,27.375,-0.043,-0.031,1.148,-0.520,0.844,0.699,0.000,0.000,0.532,0.307,3,NULL,NULL,,2,0,2,7,255,1125,250,0,0
pre_stim,746,746,0,746,3198074.455,0.933,0.039,0.005,0.358,0,0,3231,0,3067,329,2938,2723,31,0.000,1,2037,0,90.302,0.825,1.063,-83.625,34.063,0.016,-0.051,1.199,-0.090,0.820,1.402,0.000,0.000,0.532,0.307,3,NULL,NULL,,2,0,2,7,255,1125,250,0,0
pre_stim,795,795,0,795,3198079.454,0.934,0.041,0.008,0.356,0,0,3229,0,3077,269,2943,2695,31,0.000,1,2037,0,95.045,0.720,-10.125,-86.500,38.063,-0.020,-0.070,1.133,-0.090,0.715,1.402,0.000,0.000,0.532,0.307,3,NULL,NULL,,2,0,2,7,255,1125,250,0,0
pre_stim,795,795,0,795,3198084.455,0.934,0.043,0.011,0.354,0,0,3224,0,3087,216,2939,2700,31,0.000,1,2037,0,97.916,0.770,-13.188,-88.813,39.063,-0.051,-0.066,1.121,-0.285,0.715,1.281,0.000,0.000,0.532,0.307,3,NULL,NULL,,2,0,2,7,255,1125,250,0,0
pre_stim,795,795,0,795,3198089.453,0.935,0.044,0.014,0.352,0,0,3227,0,3089,191,2953,2684,31,0.000,1,2037,0,98.788,1.137,-15.000,-90.438,36.813,-0.086,-0.055,1.102,-0.563,0.988,1.148,0.000,0.000,0.532,0.307,3,NULL,NULL,,2,0,2,7,255,1125,250,0,0
pre_stim,795,795,0,795,3198094.455,0.935,0.046,0.018,0.351,0,0,3231,0,3089,171,2956,2676,31,0.000,1,2037,0,103.943,1.213,-8.750,-97.000,36.313,0.020,-0.148,1.109,-0.703,0.988,1.137,0.000,0.000,0.532,0.307,3,NULL,NULL,,2,0,2,7,255,1125,250,0,0
pre_stim,795,795,0,795,3198099.454,0.936,0.048,0.022,0.348,0,0,3221,0,3084,149,2962,2643,31,0.000,1,2037,0,109.291,1.320,-10.000,-98.250,46.813,-0.020,-0.063,1.195,-0.703,1.117,1.137,0.000,0.000,0.532,0.307,3,NULL,NULL,,2,0,2,7,255,1125,250,0,0
pre_stim,795,795,0,795,3198104.455,0.936,0.050,0.025,0.346,0,0,3229,0,3091,96,2969,2647,31,0.000,1,2037,0,109.933,1.320,-11.563,-100.750,42.438,-0.090,-0.008,1.164,-0.703,1.117,1.438,0.000,0.000,0.532,0.307,3,NULL,NULL,,2,0,2,7,255,1125,250,0,0
pre_stim,795,795,0,795,3198109.453,0.937,0.052,0.029,0.345,0,0,3215,0,3083,55,2963,2615,31,0.000,1,2037,0,109.752,1.828,-7.875,-104.688,32.000,-0.055,-0.023,1.180,-0.633,1.715,1.625,0.000,0.000,0.532,0.307,3,NULL,NULL,,2,0,2,7,255,1125,250,0,0
pre_stim,795,795,0,795,3198114.455,0.937,0.054,0.033,0.343,0,0,3220,0,3089,35,2973,2591,31,0.000,1,2037,0,112.369,1.864,-8.063,-107.938,30.188,-0.047,-0.059,1.219,-0.730,1.715,1.625,0.000,0.000,0.532,0.307,3,NULL,NULL,,2,0,2,7,255,1125,250,0,0
pre_stim,815,815,0,815,3198119.453,0.938,0.056,0.037,0.341,0,0,3219,0,3091,0,2967,2551,31,0.000,1,2037,0,116.259,1.758,-10.063,-111.188,32.438,-0.035,-0.074,1.207,-0.871,1.527,1.926,0.000,0.000,0.532,0.307,3,NULL,NULL,,2,0,2,7,255,1125,250,0,0
pre_stim,815,815,0,815,3198124.455,0.938,0.058,0.042,0.340,0,0,3219,0,3087,0,2971,2537,31,0.000,1,2037,0,118.154,1.794,-9.750,-114.188,28.750,-0.066,-0.051,1.219,-0.941,1.527,1.969,0.000,0.000,0.532,0.307,3,NULL,NULL,,2,0,2,7,255,1125,250,0,0
pre_stim,815,815,0,815,3198129.453,0.938,0.060,0.046,0.338,0,0,3207,0,3089,0,2973,2486,31,0.000,1,2037,0,122.652,2.091,-15.563,-117.563,31.313,-0.008,-0.031,1.297,-0.941,1.867,1.969,0.000,0.000,0.532,0.307,3,NULL,NULL,,2,0,2,7,255,1125,250,0,0
pre_stim,815,815,0,815,3198134.455,0.938,0.062,0.050,0.336,0,0,3193,0,3083,0,2975,2453,31,0.000,1,2037,0,127.250,2.166,-23.000,-121.125,31.500,-0.090,0.020,1.277,-1.043,1.898,2.375,0.000,0.000,0.532,0.307,3,NULL,NULL,,2,0,2,7,255,1125,250,0,0
pre_stim,815,815,0,815,3198139.454,0.938,0.065,0.055,0.335,0,0,3193,0,3080,0,2974,2387,31,0.000,1,2037,0,129.148,2.967,-25.875,-123.750,26.375,-0.086,0.004,1.277,-1.043,2.777,2.375,0.000,0.000,0.532,0.307,3,NULL,NULL,,2,0,2,7,255,1125,250,0,0
pre_stim,815,815,0,815,3198144.455,0.938,0.068,0.059,0.334,0,0,3145,0,3089,0,2983,2331,31,0.000,1,2037,0,130.354,3.073,-24.313,-127.250,14.438,-0.125,0.004,1.328,-1.211,2.824,2.375,0.000,0.000,0.532,0.307,3,NULL,NULL,,2,0,2,7,255,1125,250,0,0
pre_stim,836,836,0,836,3198149.454,0.938,0.071,0.064,0.333,0,0,3183,0,3089,0,2980,2265,31,0.000,1,2037,0,135.364,3.069,-29.750,-131.938,5.563,-0.051,0.000,1.328,-1.211,2.820,2.777,0.000,0.000,0.532,0.307,3,NULL,NULL,,2,0,2,7,255,1125,250,0,0
pre_stim,836,836,0,836,3198154.455,0.938,0.074,0.069,0.332,0,0,3165,0,3077,0,2976,2200,31,0.000,1,2037,0,139.501,3.408,-34.875,-134.938,6.000,-0.020,0.070,1.363,-1.164,3.203,2.836,0.000,0.000,0.532,0.307,3,NULL,NULL,,2,0,2,7,255,1125,250,0,0
pre_stim,836,836,0,836,3198159.453,0.937,0.078,0.074,0.332,0,0,3161,0,3064,0,2983,2105,31,0.000,1,2037,0,146.789,3.419,-43.625,-140.063,5.125,-0.035,0.090,1.375,-0.715,3.344,3.137,0.000,0.000,0.532,0.307,3,NULL,NULL,,2,0,2,7,255,1125,250,0,0
pre_stim,836,836,0,836,3198164.455,0.937,0.082,0.079,0.331,0,0,3141,0,3065,0,2975,2013,31,0.000,1,2037,0,153.210,3.676,-51.063,-144.438,1.938,-0.047,0.039,1.375,-0.715,3.605,3.137,0.000,0.000,0.532,0.307,3,NULL,NULL,,2,0,2,7,255,1125,250,0,0
pre_stim,862,862,1,862,3198169.454,0.936,0.087,0.084,0.330,0,0,3131,0,3045,0,2983,1873,31,0.000,1,2037,0,162.701,3.926,-60.250,-151.125,1.625,-0.039,0.051,1.359,-1.137,3.758,3.133,0.000,0.000,0.532,0.307,3,NULL,NULL,,2,1,2,7,255,1125,250,0,0
pre_stim,862,862,1,862,3198174.455,0.935,0.092,0.090,0.330,0,0,3101,0,3043,0,2984,1763,31,0.000,1,2037,0,168.003,3.937,-63.750,-155.438,0.125,-0.027,0.078,1.348,-1.137,3.770,2.918,0.000,0.000,0.532,0.307,3,NULL,NULL,,2,1,2,7,255,1125,250,0,0
pre_stim,862,862,1,862,3198179.453,0.934,0.096,0.096,0.330,0,0,3087,0,3027,0,2963,1623,31,0.000,1,2037,0,172.689,4.182,-62.688,-160.688,-8.438,-0.043,0.086,1.313,-1.098,4.035,2.742,0.000,0.000,0.532,0.307,3,NULL,NULL,,2,1,2,7,255,1125,250,0,0
pre_stim,862,862,1,862,3198184.455,0.933,0.101,0.101,0.330,0,0,3052,0,3007,0,2958,1485,31,0.000,1,2037,0,179.612,4.346,-65.375,-166.188,-19.188,0.039,0.117,1.363,-0.945,4.242,2.742,0.000,0.000,0.532,0.307,3,NULL,NULL,,2,1,2,7,255,1125,250,0,0
pre_stim,898,898,1,898,3198189.454,0.932,0.107,0.107,0.330,0,0,3021,0,2989,0,2959,1327,31,0.000,1,2037,0,190.302,4.324,-78.625,-172.688,-14.563,0.086,0.184,1.383,-0.449,4.301,2.875,0.000,0.000,0.532,0.307,3,NULL,NULL,,2,1,2,7,255,1125,250,0,0
pre_stim,898,898,1,898,3198194.455,0.930,0.113,0.113,0.329,0,0,2985,0,2972,0,2951,1192,31,0.000,1,2037,0,200.596,4.583,-91.938,-177.813,-13.000,0.051,0.129,1.316,-0.395,4.566,2.875,0.000,0.000,0.532,0.307,3,NULL,NULL,,2,1,2,7,255,1125,250,0,0
pre_stim,898,898,1,898,3198199.454,0.929,0.120,0.120,0.329,0,0,2952,0,2953,0,2937,1055,31,0.000,1,2037,0,207.557,4.739,-95.813,-183.813,-10.625,-0.008,0.086,1.289,-0.395,4.723,2.305,0.000,0.000,0.532,0.307,3,NULL,NULL,,2,1,2,7,255,1125,250,0,0
pre_stim,898,898,1,898,3198204.455,0.927,0.127,0.126,0.329,0,0,2919,0,2935,0,2933,919,31,0.000,1,2037,0,217.887,4.835,-108.375,-188.313,-16.375,-0.047,0.180,1.375,-1.035,4.723,2.273,0.000,0.000,0.532,0.307,3,NULL,NULL,,2,1,2,7,255,1125,250,0,0
pre_stim,898,898,1,898,3198209.454,0.925,0.135,0.132,0.329,0,0,2871,0,2903,0,2919,796,31,0.000,1,2037,0,232.061,5.118,-126.188,-193.500,-22.063,0.035,0.086,1.324,-1.035,5.012,2.141,0.000,0.000,0.532,0.307,3,NULL,NULL,,2,1,2,7,255,1125,250,0,0
pre_stim,898,898,1,898,3198214.455,0.923,0.142,0.138,0.329,0,0,2813,0,2879,0,2904,682,31,0.000,1,2037,0,238.428,5.118,-126.125,-201.813,-14.563,0.152,-0.133,1.098,-1.035,5.012,2.141,0.000,0.000,0.532,0.307,3,NULL,NULL,,2,1,2,7,255,1125,250,0,0
pre_stim,898,898,1,898,3198219.453,0.922,0.149,0.145,0.327,0,0,2749,0,2859,0,2889,633,31,0.000,1,2037,0,226.686,2.558,-87.063,-208.313,20.313,0.266,-0.293,1.000,-1.332,2.184,0.832,0.000,0.000,0.532,0.307,3,NULL,NULL,,2,1,2,7,255,1125,250,0,0
pre_stim,898,898,1,898,3198224.455,0.920,0.155,0.152,0.325,0,0,2692,0,2831,0,2867,581,31,0.000,1,2037,0,226.297,2.640,-76.563,-212.125,18.750,-0.035,0.082,1.438,-1.484,2.184,0.832,0.000,0.000,0.532,0.307,3,NULL,NULL,,2,1,2,7,255,1125,250,0,0
pre_stim,898,898,1,898,3198229.454,0.918,0.162,0.159,0.325,0,0,2613,0,2797,0,2853,502,31,0.000,1,2037,0,237.177,6.763,-100.125,-214.938,-5.438,-0.090,0.227,1.773,-2.047,6.445,2.555,0.000,0.000,0.532,0.307,3,NULL,NULL,,2,1,2,7,255,1125,250,0,0
pre_stim,898,898,1,898,3198234.455,0.915,0.172,0.166,0.324,0,0,2519,0,2758,0,2831,452,31,0.000,1,2037,0,268.591,9.623,-154.313,-219.250,-16.063,0.031,0.352,1.793,-2.047,9.402,4.832,0.000,0.000,0.532,0.307,3,NULL,NULL,,2,1,2,7,255,1125,250,0,0
pre_stim,930,930,1,930,3198239.454,0.912,0.182,0.172,0.325,0,0,2415,0,2713,0,2805,421,31,0.000,1,2037,0,288.110,9.475,-181.750,-222.250,-24.063,0.105,0.102,1.441,-1.172,9.402,4.832,0.000,0.000,0.532,0.307,3,NULL,NULL,,2,1,2,7,255,1125,250,0,0
pre_stim,930,930,1,930,3198244.455,0.909,0.191,0.179,0.325,0,0,2295,0,2655,0,2771,379,31,0.000,1,2037,0,276.851,6.789,-157.375,-226.875,-20.188,0.160,0.008,1.410,-1.172,6.688,2.707,0.000,0.000,0.532,0.307,3,NULL,NULL,,2,1,2,7,255,1125,250,0,0
pre_stim,930,930,1,930,3198249.453,0.905,0.200,0.186,0.325,0,0,2194,0,2590,0,2731,343,31,0.000,1,2037,0,276.968,6.837,-150.938,-230.563,-27.750,0.102,0.094,1.586,-1.422,6.688,2.707,0.000,0.000,0.532,0.307,3,NULL,NULL,,2,1,2,7,255,1125,250,0,0
pre_stim,930,930,1,930,3198254.455,0.901,0.210,0.194,0.325,0,0,2054,0,2517,0,2671,305,31,0.000,1,2037,0,282.817,8.048,-157.375,-230.625,-45.063,0.168,0.316,1.742,-1.422,7.922,3.520,0.000,0.000,0.532,0.307,3,NULL,NULL,,2,1,2,7,255,1125,250,0,0
pre_stim,950,950,1,950,3198259.454,0.897,0.220,0.201,0.326,0,0,1940,0,2427,0,2615,293,31,0.000,1,2037,0,296.278,8.457,-173.688,-236.500,-41.000,0.277,0.180,1.621,-0.086,8.457,4.004,0.000,0.000,0.532,0.307,3,NULL,NULL,,2,1,2,7,255,1125,250,0,0
pre_stim,950,950,1,950,3198264.455,0.893,0.230,0.208,0.327,0,0,1819,0,2323,0,2531,285,31,0.000,1,2037,0,305.123,8.457,-181.625,-241.500,-42.313,0.344,0.098,1.484,-0.086,8.457,4.004,0.000,0.000,0.532,0.307,3,NULL,NULL,,2,1,2,7,255,1125,250,0,0
pre_stim,950,950,1,950,3198269.453,0.888,0.240,0.216,0.327,0,0,1643,0,2227,0,2438,253,31,0.000,1,2037,0,301.766,7.164,-166.750,-249.063,-35.000,0.461,0.012,1.453,0.031,7.164,3.746,0.000,0.000,0.532,0.307,3,NULL,NULL,,2,1,2,7,255,1125,250,0,0
pre_stim,950,950,1,950,3198274.455,0.884,0.249,0.224,0.326,0,0,1524,0,2087,0,2322,200,31,0.000,1,2037,0,297.481,6.503,-153.125,-252.438,-36.375,0.563,0.031,1.504,0.184,6.500,3.746,0.000,0.000,0.532,0.307,3,NULL,NULL,,2,1,2,7,255,1125,250,0,0
pre_stim,950,950,1,950,3198279.454,0.880,0.257,0.232,0.326,0,0,1335,0,1932,0,2147,173,31,0.000,1,2037,0,286.426,6.503,-129.563,-254.063,-26.563,0.469,0.023,1.793,0.184,6.500,4.484,0.000,0.000,0.532,0.307,3,NULL,NULL,,2,1,2,7,255,1125,250,0,0
pre_stim,950,950,1,950,3198284.455,0.875,0.266,0.240,0.324,0,0,1177,0,1739,0,1981,155,31,0.000,1,2037,0,299.531,8.983,-145.438,-261.375,-15.813,0.352,-0.023,2.039,-0.633,8.961,5.945,0.000,0.000,0.532,0.307,3,NULL,NULL,,2,1,2,7,255,1125,250,0,0
pre_stim,996,996,1,996,3198289.453,0.870,0.277,0.247,0.323,0,0,989,0,1521,0,1725,127,31,0.000,1,2037,0,316.227,11.353,-175.313,-263.063,-7.938,0.270,-0.020,1.996,-2.414,11.094,5.945,0.000,0.000,0.532,0.307,3,NULL,NULL,,2,1,2,7,255,1125,250,0,0
pre_stim,996,996,1,996,3198294.455,0.865,0.288,0.255,0.322,0,0,794,0,1285,0,1379,95,31,0.000,1,2037,0,329.384,11.482,-193.500,-266.313,-11.375,0.195,-0.016,1.781,-2.961,11.094,5.828,0.000,0.000,0.532,0.307,3,NULL,NULL,,2,1,2,7,255,1125,250,0,0
pre_stim,996,996,1,996,3198299.454,0.860,0.299,0.262,0.321,0,0,621,0,1083,0,1061,60,31,0.000,1,2037,0,336.961,11.361,-198.563,-272.188,-5.438,0.125,0.113,1.570,-2.961,10.969,3.563,0.000,0.000,0.532,0.307,3,NULL,NULL,,2,1,2,7,255,1125,250,0,0
pre_stim,996,996,1,996,3198304.455,0.854,0.310,0.270,0.320,0,0,434,0,807,0,659,37,31,0.000,1,2037,0,332.229,11.108,-186.000,-274.813,-16.063,-0.004,0.242,1.336,-2.129,10.902,0.922,0.000,0.000,0.532,0.307,3,NULL,NULL,,2,1,2,7,255,1125,250,0,0
pre_stim,996,996,1,996,3198309.453,0.848,0.318,0.279,0.318,0,0,286,0,526,0,302,0,31,0.000,1,2037,0,307.437,10.874,-124.313,-278.000,-42.188,-0.141,0.441,1.039,-1.559,10.762,-2.195,0.000,0.000,0.532,0.307,3,NULL,NULL,,2,1,2,7,255,1125,250,0,0
pre_stim,996,996,1,996,3198314.455,0.842,0.325,0.289,0.318,0,0,116,0,309,0,2,0,31,0.000,1,2037,0,313.608,10.874,-108.250,-285.438,-71.813,0.078,0.211,1.648,-1.559,10.762,-2.195,0.000,0.000,0.532,0.307,3,NULL,NULL,,2,1,2,7,255,1125,250,0,0
pre_stim,996,996,1,996,3198319.454,0.836,0.334,0.298,0.318,0,0,22,0,145,0,0,0,31,0.000,1,2037,0,326.819,11.744,-152.188,-283.688,-56.313,0.340,0.230,1.555,-0.367,11.738,-0.207,0.000,0.000,0.532,0.307,3,NULL,NULL,,2,1,2,7,255,1125,250,0,0
pre_stim,996,996,1,996,3198324.455,0.829,0.346,0.305,0.316,0,0,0,0,0,0,0,0,31,0.000,1,2037,0,346.033,11.744,-200.625,-281.875,5.938,0.305,0.355,1.395,-0.355,11.738,-0.207,0.000,0.000,0.532,0.307,4,NULL,NULL,,2,1,2,7,255,1125,250,0,0
pre_stim,996,996,1,996,3198329.453,0.823,0.359,0.311,0.313,0,0,0,0,0,0,0,0,31,0.000,1,2037,0,366.376,11.605,-238.063,-274.625,46.250,0.145,0.535,1.039,0.730,11.582,-1.340,0.000,0.000,0.532,0.307,0,NULL,NULL,,2,1,2,7,255,1125,250,0,0
pre_stim,1018,1018,1,1018,3198334.454,0.816,0.372,0.316,0.309,0,0,0,0,0,0,0,0,31,0.000,1,2037,0,363.223,10.455,-231.188,-273.188,62.063,-0.047,0.441,0.941,0.730,10.430,-5.445,0.000,0.000,0.532,0.307,0,NULL,NULL,,2,1,2,7,255,1125,250,0,0
pre_stim,1018,1018,1,1018,3198339.455,0.810,0.384,0.321,0.305,0,0,0,0,0,0,0,0,31,0.000,1,2037,0,357.041,9.791,-229.813,-265.313,65.375,-0.223,0.324,0.867,0.434,9.781,-7.277,0.000,0.000,0.532,0.307,0,NULL,NULL,,2,1,2,7,255,1125,250,0,0
pre_stim,1018,1018,1,1018,3198344.455,0.803,0.397,0.326,0.302,0,0,0,0,0,0,0,0,31,0.000,1,2037,0,361.896,9.222,-241.125,-262.750,61.563,-0.215,0.273,0.879,-1.281,9.133,-8.707,0.000,0.000,0.532,0.307,0,NULL,NULL,,2,1,2,7,255,1125,250,0,0
pre_stim,1045,1045,1,1045,3198349.453,0.796,0.411,0.330,0.298,0,0,0,0,0,0,0,0,31,0.000,1,2037,0,379.643,9.138,-262.938,-261.125,82.500,-0.523,0.027,0.797,-1.602,8.996,-8.734,0.000,0.000,0.532,0.307,0,NULL,NULL,,2,1,2,7,255,1125,250,0,0
pre_stim,1045,1045,1,1045,3198354.455,0.789,0.425,0.333,0.293,0,0,0,0,0,0,0,0,31,0.000,1,2037,0,385.808,8.667,-276.688,-246.063,108.375,-0.621,0.141,0.371,-3.652,7.859,-10.508,0.000,0.000,0.532,0.307,0,NULL,NULL,,2,1,2,7,255,1125,250,0,0
pre_stim,1045,1045,1,1045,3198359.454,0.781,0.437,0.337,0.292,0,0,0,0,0,0,0,0,31,0.000,1,2037,0,333.629,6.066,-244.563,-226.250,17.563,-0.301,-0.211,-0.305,-3.652,4.844,-12.215,0.000,0.000,0.532,0.307,0,NULL,NULL,,2,1,2,7,255,1125,250,0,0
pre_stim,1045,1045,1,1045,3198364.455,0.776,0.443,0.343,0.291,0,0,0,0,0,0,0,0,31,0.000,1,2037,0,229.976,4.492,-117.313,-191.000,-51.438,0.047,-0.602,-0.445,-3.215,-3.137,-12.215,0.000,0.000,0.532,0.307,0,NULL,NULL,,2,1,2,7,255,1125,250,0,0
pre_stim,1045,1045,1,1045,3198369.453,0.772,0.445,0.349,0.290,0,0,0,0,0,0,0,0,31,0.000,1,2037,0,172.771,4.128,-24.000,-160.875,-58.250,0.215,-0.207,0.055,-2.684,-3.137,-8.086,0.000,0.000,0.532,0.307,0,NULL,NULL,,2,1,2,7,255,1125,250,0,0
pre_stim,1045,1045,1,1045,3198374.455,0.769,0.446,0.354,0.290,0,0,0,0,0,0,0,0,31,0.000,1,2037,0,128.217,0.881,-22.313,-116.313,-49.125,0.281,0.211,0.391,-0.531,-0.703,-7.336,0.000,0.000,0.532,0.307,0,NULL,NULL,,2,1,2,7,255,1125,250,0,0
pre_stim,1093,1093,1,1093,3198379.453,0.767,0.448,0.356,0.290,0,0,0,0,0,0,0,0,31,0.000,1,2037,0,85.295,3.460,-40.188,-66.063,-36.000,0.301,0.266,0.242,2.109,2.742,-7.336,0.000,0.000,0.532,0.307,0,NULL,NULL,,2,1,2,7,255,1125,250,0,0
pre_stim,1093,1093,1,1093,3198384.455,0.766,0.449,0.357,0.291,0,0,0,0,0,0,0,0,31,0.000,1,2037,0,36.670,3.638,-20.188,-18.438,-24.438,0.246,0.156,0.043,2.391,2.742,-7.934,0.000,0.000,0.532,0.307,0,NULL,NULL,,2,1,2,7,255,1125,250,0,0
pre_stim,1093,1093,1,1093,3198389.454,0.766,0.447,0.357,0.292,0,0,0,0,0,0,0,0,31,0.000,1,2037,0,42.240,2.680,21.250,25.625,-26.000,0.152,0.129,0.109,2.391,1.211,-8.477,0.000,0.000,0.532,0.307,0,NULL,NULL,,2,1,2,7,255,1125,250,0,0
pre_stim,1093,1093,1,1093,3198394.455,0.768,0.444,0.356,0.294,0,0,0,0,0,0,0,0,31,0.000,1,2037,0,89.887,1.907,46.688,67.313,-37.000,0.105,0.184,0.352,1.473,1.211,-8.680,0.000,0.000,0.532,0.307,0,NULL,NULL,,2,1,2,7,255,1125,250,0,0
pre_stim,1093,1093,1,1093,3198399.454,0.770,0.441,0.354,0.297,0,0,0,0,0,0,0,0,31,0.000,1,2037,0,123.755,3.768,46.313,106.875,-41.813,0.156,0.199,0.508,1.016,3.629,-8.680,0.000,0.000,0.532,0.307,0,NULL,NULL,,2,1,2,7,255,1125,250,0,0
pre_stim,1093,1093,1,1093,3198404.455,0.772,0.437,0.350,0.300,0,0,0,0,0,0,0,0,31,0.000,1,2037,0,151.489,4.807,38.313,143.125,-31.563,0.180,0.129,0.516,0.996,4.703,-7.789,0.000,0.000,0.532,0.307,0,NULL,NULL,,2,1,2,7,255,1125,250,0,0
pre_stim,1093,1093,1,1093,3198409.454,0.775,0.433,0.346,0.304,0,0,0,0,0,0,0,0,31,0.000,1,2037,0,178.961,4.741,37.250,174.000,-19.063,0.078,0.129,0.438,0.598,4.703,-7.789,0.000,0.000,0.532,0.307,0,NULL,NULL,,2,1,2,7,255,1125,250,0,0
pre_stim,1093,1093,1,1093,3198414.455,0.779,0.428,0.340,0.308,0,0,0,0,0,0,0,0,31,0.000,1,2037,0,208.509,4.169,50.625,200.750,-24.750,-0.047,0.121,0.379,0.270,4.160,-8.227,0.000,0.000,0.532,0.307,0,NULL,NULL,,2,1,2,7,255,1125,250,0,0
pre_stim,1115,1115,0,1115,3198419.453,0.783,0.422,0.334,0.312,0,0,0,0,0,0,0,0,31,0.000,1,2037,0,238.389,3.825,71.750,225.125,-31.625,0.008,0.008,0.418,-0.352,3.809,-8.227,0.000,0.000,0.532,0.307,0,NULL,NULL,,2,0,2,7,255,1125,250,0,0
pre_stim,1115,1115,0,1115,3198424.455,0.787,0.415,0.327,0.317,0,0,0,0,0,0,0,0,31,0.000,1,2037,0,261.376,3.900,84.375,246.000,-26.125,0.039,0.031,0.531,-0.840,3.809,-8.137,0.000,0.000,0.532,0.307,0,NULL,NULL,,2,0,2,7,255,1125,250,0,0
pre_stim,1115,1115,0,1115,3198429.454,0.792,0.408,0.320,0.321,0,0,0,0,0,0,0,0,31,0.000,1,2037,0,277.528,4.625,84.813,263.375,-21.500,-0.047,0.090,0.648,-0.945,4.527,-7.703,0.000,0.000,0.532,0.307,0,NULL,NULL,,2,0,2,7,255,1125,250,0,0
pre_stim,1115,1115,0,1115,3198434.455,0.797,0.401,0.312,0.326,0,0,0,0,0,0,0,0,31,0.000,1,2037,0,289.980,6.022,81.063,277.125,-26.813,-0.109,0.102,0.691,-1.074,5.926,-7.703,0.000,0.000,0.532,0.307,0,NULL,NULL,,2,0,2,7,255,1125,250,0,0
pre_stim,1115,1115,0,1115,3198439.454,0.802,0.394,0.304,0.332,0,0,0,0,0,0,0,0,31,0.000,1,2037,0,299.759,6.571,78.250,287.188,-35.438,-0.113,0.078,0.703,-1.375,6.426,-7.703,0.000,0.000,0.532,0.307,0,NULL,NULL,,2,0,2,7,255,1125,250,0,0
pre_stim,1115,1115,0,1115,3198444.455,0.806,0.386,0.296,0.337,0,0,0,0,0,0,0,0,31,0.000,1,2037,0,305.428,6.611,77.188,292.938,-38.938,-0.090,0.020,0.719,-1.555,6.426,-7.594,0.000,0.000,0.532,0.307,0,NULL,NULL,,2,0,2,7,255,1125,250,0,0
pre_stim,1137,1137,0,1137,3198449.454,0.810,0.378,0.288,0.343,0,0,0,0,0,0,0,0,31,0.000,1,2037,0,306.192,6.451,74.813,294.438,-38.250,-0.105,-0.020,0.738,-1.824,6.188,-6.906,0.000,0.000,0.532,0.307,0,NULL,NULL,,2,0,2,7,255,1125,250,0,0
pre_stim,1137,1137,0,1137,3198454.455,0.814,0.371,0.279,0.348,0,0,0,0,0,0,0,0,31,0.000,1,2037,0,303.183,6.561,72.063,291.688,-40.563,-0.145,-0.027,0.758,-2.184,6.188,-6.609,0.000,0.000,0.532,0.307,0,NULL,NULL,,2,0,2,7,255,1125,250,0,0
pre_stim,1137,1137,0,1137,3198459.453,0.818,0.363,0.271,0.354,0,0,0,0,0,0,0,0,31,0.000,1,2037,0,297.697,6.735,69.250,285.813,-46.250,-0.148,0.000,0.758,-2.184,6.371,-6.586,0.000,0.000,0.532,0.307,0,NULL,NULL,,2,0,2,7,255,1125,250,0,0
pre_stim,1137,1137,0,1137,3198464.455,0.821,0.356,0.263,0.360,0,0,0,0,0,0,0,0,31,0.000,1,2037,0,290.362,6.732,68.563,278.438,-45.625,-0.082,-0.004,0.742,-2.176,6.371,-6.555,0.000,0.000,0.532,0.307,0,NULL,NULL,,2,0,2,7,255,1125,250,0,0
pre_stim,1161,1161,0,1161,3198469.454,0.825,0.349,0.255,0.365,0,0,0,0,0,0,0,0,31,0.000,1,2037,0,278.703,6.715,65.313,267.438,-43.438,-0.164,0.035,0.773,-1.883,6.445,-6.387,0.000,0.000,0.532,0.307,0,NULL,NULL,,2,0,2,7,255,1125,250,0,0
pre_stim,1161,1161,0,1161,3198474.455,0.827,0.342,0.248,0.370,0,0,0,0,0,0,0,0,31,0.000,1,2037,0,271.247,6.647,59.188,259.313,-53.188,-0.160,0.031,0.754,-1.785,6.402,-6.313,0.000,0.000,0.532,0.307,0,NULL,NULL,,2,0,2,7,255,1125,250,0,0
pre_stim,1161,1161,0,1161,3198479.453,0.830,0.335,0.241,0.376,0,0,0,0,0,0,0,0,31,0.000,1,2037,0,266.418,6.647,56.438,253.125,-61.000,-0.070,0.020,0.715,-1.785,6.402,-6.313,0.000,0.000,0.532,0.307,0,NULL,NULL,,2,0,2,7,255,1125,250,0,0
pre_stim,1161,1161,0,1161,3198484.455,0.832,0.328,0.234,0.381,0,0,0,0,0,0,0,0,31,0.000,1,2037,0,262.621,5.733,59.500,249.188,-57.750,0.004,0.012,0.699,-1.203,5.605,-5.813,0.000,0.000,0.532,0.307,0,NULL,NULL,,2,0,2,7,255,1125,250,0,0
pre_stim,1198,1198,0,1198,3198489.454,0.834,0.321,0.227,0.386,0,0,0,0,0,0,0,0,31,0.000,1,2037,0,261.547,5.591,61.125,248.313,-54.875,-0.039,0.016,0.746,-0.961,5.508,-5.297,0.000,0.000,0.532,0.307,0,NULL,NULL,,2,0,2,7,255,1125,250,0,0
pre_stim,1198,1198,0,1198,3198494.455,0.836,0.314,0.220,0.392,0,0,0,0,0,0,0,5,31,0.000,1,2037,0,265.435,5.591,59.563,251.188,-61.750,-0.066,-0.016,0.766,-0.961,5.508,-5.137,0.000,0.000,0.532,0.307,0,NULL,NULL,,2,0,2,7,255,1125,250,0,0
pre_stim,1198,1198,0,1198,3198499.454,0.838,0.307,0.212,0.398,0,0,0,0,0,0,0,0,31,0.000,1,2037,0,272.098,5.661,60.813,256.250,-68.375,-0.039,-0.051,0.773,-1.309,5.508,-4.922,0.000,0.000,0.532,0.307,0,NULL,NULL,,2,0,2,7,255,1125,250,0,0
pre_stim,1198,1198,0,1198,3198504.455,0.840,0.299,0.205,0.403,0,0,0,0,0,0,0,1,31,0.000,1,2037,0,278.950,5.365,64.188,262.875,-67.750,-0.004,-0.027,0.797,-1.309,5.203,-4.461,0.000,0.000,0.532,0.307,0,NULL,NULL,,2,0,2,7,255,1125,250,0,0
pre_stim,1198,1198,0,1198,3198509.453,0.842,0.291,0.197,0.409,0,0,0,0,0,0,0,1,31,0.000,1,2037,0,286.968,5.286,66.563,271.750,-63.813,-0.016,0.027,0.824,-0.934,5.203,-4.043,0.000,0.000,0.532,0.307,0,NULL,NULL,,2,0,2,7,255,1125,250,0,0
pre_stim,1198,1198,0,1198,3198514.455,0.844,0.283,0.189,0.414,0,0,0,0,0,0,0,11,31,0.000,1,2037,0,297.496,5.610,69.313,281.563,-66.500,-0.063,0.012,0.859,-0.863,5.543,-4.008,0.000,0.000,0.532,0.307,0,NULL,NULL,,2,0,2,7,255,1125,250,0,0
pre_stim,1220,1220,0,1220,3198519.453,0.846,0.275,0.181,0.420,0,0,0,0,0,0,0,9,31,0.000,1,2037,0,305.691,5.873,72.125,288.125,-72.313,-0.051,0.008,0.914,-0.754,5.824,-3.813,0.000,0.000,0.532,0.307,0,NULL,NULL,,2,0,2,7,255,1125,250,0,0
pre_stim,1220,1220,0,1220,3198524.455,0.847,0.266,0.172,0.426,0,0,0,0,0,0,0,17,31,0.000,1,2037,0,310.609,5.881,71.813,293.750,-70.938,0.000,0.059,0.938,-0.754,5.832,-3.191,0.000,0.000,0.532,0.307,0,NULL,NULL,,2,0,2,7,255,1125,250,0,0
pre_stim,1220,1220,0,1220,3198529.453,0.849,0.257,0.164,0.432,0,0,0,0,0,0,0,11,31,0.000,1,2037,0,315.022,5.840,73.250,299.000,-66.875,-0.008,0.012,0.949,-0.309,5.832,-2.750,0.000,0.000,0.532,0.307,0,NULL,NULL,,2,0,2,7,255,1125,250,0,0
pre_stim,1220,1220,0,1220,3198534.455,0.850,0.248,0.155,0.437,0,0,0,0,0,0,0,10,31,0.000,1,2037,0,315.190,5.622,73.063,299.125,-67.313,-0.012,0.031,0.973,-0.090,5.621,-2.395,0.000,0.000,0.532,0.307,0,NULL,NULL,,2,0,2,7,255,1125,250,0,0
pre_stim,1220,1220,0,1220,3198539.454,0.852,0.239,0.146,0.443,0,0,0,0,0,0,0,10,31,0.000,1,2037,0,313.604,5.571,72.750,298.125,-64.625,-0.012,0.102,0.926,-0.090,5.570,-2.395,0.000,0.000,0.532,0.307,0,NULL,NULL,,2,0,2,7,255,1125,250,0,0
pre_stim,1220,1220,0,1220,3198544.455,0.853,0.230,0.137,0.448,0,0,0,0,0,0,0,13,31,0.000,1,2037,0,314.751,5.504,82.063,296.625,-65.938,0.008,0.035,0.961,0.199,5.500,-2.160,0.000,0.000,0.532,0.307,0,NULL,NULL,,2,0,2,7,255,1125,250,0,0
pre_stim,1220,1220,0,1220,3198549.453,0.854,0.221,0.129,0.453,0,0,0,0,0,0,0,17,31,0.000,1,2037,0,307.539,5.060,83.875,289.875,-59.313,0.023,0.016,0.984,0.223,5.055,-1.883,0.000,0.000,0.532,0.307,0,NULL,NULL,,2,0,2,7,255,1125,250,0,0
pre_stim,1220,1220,0,1220,3198554.455,0.855,0.212,0.121,0.458,0,0,0,0,0,0,0,11,31,0.000,1,2037,0,304.998,4.957,84.875,287.063,-58.438,-0.039,0.016,0.977,0.199,4.953,-1.652,0.000,0.000,0.532,0.307,0,NULL,NULL,,2,0,2,7,255,1125,250,0,0
pre_stim,1250,1250,0,1250,3198559.454,0.856,0.202,0.113,0.462,0,0,0,0,0,0,0,21,31,0.000,1,2037,0,299.874,4.958,92.563,279.375,-57.500,-0.031,0.070,1.059,0.223,4.953,-1.469,0.000,0.000,0.532,0.307,0,NULL,NULL,,2,0,2,7,255,1125,250,0,0
pre_stim,1250,1250,0,1250,3198564.455,0.857,0.193,0.105,0.467,0,0,0,0,0,0,0,30,31,0.000,1,2037,0,296.087,5.247,94.000,274.188,-60.438,-0.066,0.031,1.078,0.090,5.246,-0.922,0.000,0.000,0.532,0.307,0,NULL,NULL,,2,0,2,7,255,1125,250,0,0
pre_stim,1250,1250,0,1250,3198569.453,0.857,0.184,0.098,0.471,0,0,0,0,0,0,0,37,31,0.000,1,2037,0,291.643,5.271,95.250,268.688,-61.563,0.020,0.063,1.148,0.516,5.246,-0.656,0.000,0.000,0.532,0.307,0,NULL,NULL,,2,0,2,7,255,1125,250,0,0
pre_stim,1250,1250,0,1250,3198574.455,0.858,0.175,0.090,0.475,0,0,0,0,0,0,0,45,31,0.000,1,2037,0,285.283,4.865,94.625,264.000,-52.313,-0.016,0.031,1.180,0.531,4.836,0.309,0.000,0.000,0.532,0.307,0,NULL,NULL,,2,0,2,7,255,1125,250,0,0
pre_stim,1250,1250,0,1250,3198579.454,0.858,0.166,0.083,0.479,0,0,0,0,0,0,0,51,31,0.000,1,2037,0,282.834,4.890,93.500,261.125,-55.375,0.012,0.043,1.203,0.820,4.820,0.660,0.000,0.000,0.532,0.307,0,NULL,NULL,,2,0,2,7,255,1125,250,0,0
pre_stim,1250,1250,0,1250,3198584.455,0.858,0.156,0.076,0.483,0,0,0,0,0,0,0,49,31,0.000,1,2037,0,280.614,4.745,95.750,259.063,-49.625,-0.027,0.043,1.242,0.711,4.691,1.023,0.000,0.000,0.532,0.307,0,NULL,NULL,,2,0,2,7,255,1125,250,0,0
pre_stim,1296,1296,0,1296,3198589.453,0.859,0.147,0.069,0.486,0,0,0,0,0,0,0,55,31,0.000,1,2037,0,281.201,4.557,96.688,258.063,-55.938,-0.012,0.035,1.281,0.789,4.488,1.367,0.000,0.000,0.532,0.307,0,NULL,NULL,,2,0,2,7,255,1125,250,0,0
pre_stim,1296,1296,0,1296,3198594.455,0.859,0.138,0.061,0.490,0,0,0,0,0,0,0,59,31,0.000,1,2037,0,280.735,4.553,95.688,258.688,-52.313,-0.008,0.094,1.332,0.789,4.484,1.887,0.000,0.000,0.532,0.307,0,NULL,NULL,,2,0,2,7,255,1125,250,0,0
pre_stim,1296,1296,0,1296,3198599.454,0.858,0.129,0.054,0.494,0,0,0,0,0,0,0,62,31,0.000,1,2037,0,279.293,4.559,94.938,257.375,-52.438,-0.008,0.066,1.328,1.242,4.387,2.379,0.000,0.000,0.532,0.307,0,NULL,NULL,,2,0,2,7,255,1125,250,0,0
pre_stim,1296,1296,0,1296,3198604.455,0.858,0.119,0.047,0.497,0,0,0,0,0,0,0,70,31,0.000,1,2037,0,281.914,4.288,95.250,259.938,-53.250,0.020,0.113,1.336,1.395,4.055,2.496,0.000,0.000,0.532,0.307,0,NULL,NULL,,2,0,2,7,255,1125,250,0,0
pre_stim,1296,1296,0,1296,3198609.453,0.858,0.110,0.040,0.500,0,0,0,0,0,0,0,79,31,0.000,1,2037,0,281.855,3.976,99.188,258.625,-52.125,0.035,0.000,1.301,1.242,3.777,2.594,0.000,0.000,0.532,0.307,0,NULL,NULL,,2,0,2,7,255,1125,250,0,0
pre_stim,1296,1296,0,1296,3198614.455,0.858,0.099,0.033,0.503,0,0,0,0,0,0,0,82,31,0.000,1,2037,0,285.806,3.172,110.750,260.188,-41.500,0.125,0.023,1.301,1.621,2.727,2.629,0.000,0.000,0.532,0.307,0,NULL,NULL,,2,0,2,7,255,1125,250,0,0
pre_stim,1296,1296,0,1296,3198619.454,0.858,0.089,0.026,0.506,0,0,0,0,0,0,0,83,31,0.000,1,2037,0,287.390,2.652,116.250,260.563,-34.438,0.027,0.023,1.352,1.188,2.371,2.754,0.000,0.000,0.532,0.307,0,NULL,NULL,,2,0,2,7,255,1125,250,0,0
pre_stim,1296,1296,0,1296,3198624.455,0.857,0.079,0.019,0.508,0,0,0,0,0,0,0,83,31,0.000,1,2037,0,287.697,2.853,120.188,259.250,-33.375,-0.035,0.090,1.465,1.586,2.371,3.168,0.000,0.000,0.532,0.307,0,NULL,NULL,,2,0,2,7,255,1125,250,0,0
pre_stim,1317,1317,0,1317,3198629.453,0.857,0.069,0.012,0.511,0,0,0,0,0,0,0,84,31,0.000,1,2037,0,288.465,2.853,112.625,261.688,-45.250,0.023,0.098,1.465,1.586,2.371,4.141,0.000,0.000,0.532,0.307,0,NULL,NULL,,2,0,2,7,255,1125,250,0,0
pre_stim,1317,1317,0,1317,3198634.455,0.856,0.058,0.005,0.513,0,0,0,0,0,0,0,88,31,0.000,1,2037,0,285.323,2.750,114.375,259.125,-34.375,0.023,0.020,1.473,1.586,2.246,4.262,0.000,0.000,0.532,0.307,0,NULL,NULL,,2,0,2,7,255,1125,250,0,0
pre_stim,1317,1317,0,1317,3198639.454,0.856,0.048,-0.002,0.515,0,0,0,0,0,0,0,83,31,0.000,1,2037,0,285.049,2.331,118.938,256.875,-33.500,-0.047,0.043,1.500,1.348,1.902,4.473,0.000,0.000,0.532,0.307,0,NULL,NULL,,2,0,2,7,255,1125,250,0,0
pre_stim,1317,1317,0,1317,3198644.455,0.855,0.037,-0.009,0.518,0,0,0,0,0,0,0,83,31,0.000,1,2037,0,284.273,2.177,119.375,255.000,-39.188,-0.063,0.051,1.547,1.289,1.754,4.707,0.000,0.000,0.532,0.307,0,NULL,NULL,,2,0,2,7,255,1125,250,0,0
pre_stim,1344,1344,0,1344,3198649.453,0.854,0.027,-0.015,0.520,0,0,0,0,0,0,0,85,31,0.000,1,2037,0,278.478,2.177,115.563,251.250,-32.688,0.016,0.063,1.574,1.289,1.754,5.215,0.000,0.000,0.532,0.307,0,NULL,NULL,,2,0,2,7,255,1125,250,0,0
pre_stim,1344,1344,0,1344,3198654.455,0.853,0.017,-0.022,0.521,0,0,0,0,0,0,0,83,31,0.000,1,2037,0,272.981,1.518,114.063,246.438,-27.875,-0.051,0.023,1.590,1.289,0.801,5.500,0.000,0.000,0.532,0.307,0,NULL,NULL,,2,0,2,7,255,1125,250,0,0
pre_stim,1344,1344,0,1344,3198659.454,0.852,0.008,-0.028,0.523,0,0,0,0,0,0,0,85,31,0.000,1,2037,0,267.547,1.420,112.563,241.438,-24.875,-0.047,0.012,1.551,1.191,0.773,5.500,0.000,0.000,0.532,0.307,0,NULL,NULL,,2,0,2,7,255,1125,250,0,0
pre_stim,1344,1344,0,1344,3198664.455,0.851,-0.002,-0.034,0.524,0,0,0,0,0,0,0,91,31,0.000,1,2037,0,264.160,1.148,115.125,236.375,-25.563,-0.055,0.023,1.496,1.094,0.348,5.340,0.000,0.000,0.532,0.307,0,NULL,NULL,,2,0,2,7,255,1125,250,0,0
pre_stim,1344,1344,0,1344,3198669.453,0.850,-0.012,-0.040,0.526,0,0,0,0,0,0,0,97,31,0.000,1,2037,0,260.402,1.097,119.375,229.500,-29.813,-0.074,-0.023,1.582,1.090,0.121,5.340,0.000,0.000,0.532,0.307,0,NULL,NULL,,2,0,2,7,255,1125,250,0,0
pre_stim,1344,1344,0,1344,3198674.455,0.848,-0.021,-0.045,0.527,0,0,0,0,0,0,0,90,31,0.000,1,2037,0,256.457,0.894,121.250,223.625,-32.563,-0.008,-0.031,1.547,0.859,-0.246,5.273,0.000,0.000,0.532,0.307,0,NULL,NULL,,2,0,2,7,255,1125,250,0,0
pre_stim,1395,1395,0,1395,3198679.453,0.847,-0.031,-0.050,0.528,0,0,0,0,0,0,0,95,31,0.000,1,2037,0,251.881,1.460,121.563,219.000,-26.563,0.043,-0.012,1.570,0.859,-1.180,5.418,0.000,0.000,0.532,0.307,0,NULL,NULL,,2,0,2,7,255,1125,250,0,0
pre_stim,1395,1395,0,1395,3198684.455,0.846,-0.040,-0.055,0.529,0,0,0,0,0,0,0,91,31,0.000,1,2037,0,245.898,2.153,119.625,213.438,-24.500,0.035,-0.031,1.566,1.008,-1.902,5.355,0.000,0.000,0.532,0.307,0,NULL,NULL,,2,0,2,7,255,1125,250,0,0
pre_stim,1395,1395,0,1395,3198689.454,0.844,-0.049,-0.060,0.530,0,0,0,0,0,0,0,93,31,0.000,1,2037,0,243.849,2.448,126.438,207.875,-16.250,0.102,-0.094,1.531,1.008,-2.230,5.355,0.000,0.000,0.532,0.307,0,NULL,NULL,,2,0,2,7,255,1125,250,0,0
pre_stim,1395,1395,0,1395,3198694.455,0.843,-0.058,-0.064,0.531,0,0,0,0,0,0,0,99,31,0.000,1,2037,0,245.479,3.418,135.000,204.563,-13.750,0.078,-0.098,1.578,0.691,-3.348,5.313,0.000,0.000,0.532,0.307,0,NULL,NULL,,2,0,2,7,255,1125,250,0,0
pre_stim,1395,1395,0,1395,3198699.454,0.842,-0.068,-0.068,0.532,0,0,0,0,0,0,0,99,31,0.000,1,2037,0,244.740,3.581,137.500,202.000,-13.688,0.148,-0.117,1.621,0.598,-3.531,5.313,0.000,0.000,0.532,0.307,0,NULL,NULL,,2,0,2,7,255,1125,250,0,0
pre_stim,1395,1395,0,1395,3198704.455,0.840,-0.078,-0.072,0.532,0,0,0,0,0,0,0,107,31,0.000,1,2037,0,243.018,4.641,139.000,199.250,-6.000,0.152,-0.125,1.637,0.539,-4.609,5.496,0.000,0.000,0.532,0.307,0,NULL,NULL,,2,0,2,7,255,1125,250,0,0
pre_stim,1395,1395,0,1395,3198709.454,0.839,-0.087,-0.076,0.532,0,0,0,0,0,0,0,109,31,0.000,1,2037,0,244.135,5.082,141.125,199.188,-3.125,0.121,-0.105,1.746,0.566,-5.051,5.555,0.000,0.000,0.532,0.307,0,NULL,NULL,,2,0,2,7,255,1125,250,0,0
pre_stim,1395,1395,0,1395,3198714.455,0.837,-0.097,-0.081,0.532,0,0,0,0,0,0,0,108,31,0.000,1,2037,0,240.191,5.261,129.625,201.813,-12.688,0.094,-0.086,1.898,0.566,-5.230,6.570,0.000,0.000,0.532,0.307,0,NULL,NULL,,2,0,2,7,255,1125,250,0,0
pre_stim,1415,1415,0,1415,3198719.453,0.836,-0.106,-0.086,0.532,0,0,0,0,0,0,0,117,31,0.000,1,2037,0,234.688,5.650,115.625,204.125,-6.500,0.203,-0.145,1.867,0.566,-5.621,7.266,0.000,0.000,0.532,0.307,0,NULL,NULL,,2,0,2,7,255,1125,250,0,0
pre_stim,1415,1415,0,1415,3198724.455,0.834,-0.115,-0.091,0.532,0,0,0,0,0,0,0,111,31,0.000,1,2037,0,233.043,6.642,109.313,205.813,1.063,0.109,-0.152,1.855,0.523,-6.621,7.266,0.000,0.000,0.532,0.307,0,NULL,NULL,,2,0,2,7,255,1125,250,0,0
pre_stim,1415,1415,0,1415,3198729.454,0.833,-0.123,-0.096,0.531,0,0,0,0,0,0,0,120,31,0.000,1,2037,0,233.291,7.063,104.500,208.563,2.500,0.145,-0.172,1.879,0.051,-7.063,7.242,0.000,0.000,0.532,0.307,0,NULL,NULL,,2,0,2,7,255,1125,250,0,0
pre_stim,1415,1415,0,1415,3198734.455,0.831,-0.131,-0.101,0.531,0,0,0,0,0,0,0,117,31,0.000,1,2037,0,230.894,7.410,93.750,211.000,1.375,0.117,-0.172,1.887,0.035,-7.410,7.227,0.000,0.000,0.532,0.307,0,NULL,NULL,,2,0,2,7,255,1125,250,0,0
pre_stim,1415,1415,0,1415,3198739.454,0.830,-0.139,-0.107,0.530,0,0,0,0,0,0,0,121,31,0.000,1,2037,0,228.639,7.555,85.000,212.250,-0.813,0.141,-0.188,1.848,-0.074,-7.555,7.215,0.000,0.000,0.532,0.307,0,NULL,NULL,,2,0,2,7,255,1125,250,0,0
pre_stim,1415,1415,0,1415,3198744.455,0.828,-0.147,-0.113,0.529,0,0,0,0,0,0,0,119,31,0.000,1,2037,0,226.104,8.004,76.375,212.813,0.750,0.125,-0.168,1.852,-0.074,-8.004,6.617,0.000,0.000,0.532,0.307,0,NULL,NULL,,2,0,2,7,255,1125,250,0,0
pre_stim,1444,1444,0,1444,3198749.454,0.826,-0.154,-0.119,0.529,0,0,0,0,0,0,0,123,31,0.000,1,2037,0,222.792,8.156,64.813,213.063,-6.313,0.141,-0.180,1.789,-0.039,-8.156,6.586,0.000,0.000,0.532,0.307,0,NULL,NULL,,2,0,2,7,255,1125,250,0,0
pre_stim,1444,1444,0,1444,3198754.455,0.824,-0.161,-0.126,0.528,0,0,0,0,0,0,0,121,31,0.000,1,2037,0,220.985,8.395,63.000,211.813,-1.000,0.297,-0.184,1.750,0.012,-8.395,5.781,0.000,0.000,0.532,0.307,0,NULL,NULL,,2,0,2,7,255,1125,250,0,0
pre_stim,1444,1444,0,1444,3198759.453,0.823,-0.168,-0.132,0.527,0,0,0,0,0,0,0,121,31,0.000,1,2037,0,217.847,9.780,58.125,209.938,2.250,0.285,-0.090,1.781,0.594,-9.762,4.922,0.000,0.000,0.532,0.307,0,NULL,NULL,,2,0,2,7,255,1125,250,0,0
pre_stim,1444,1444,0,1444,3198764.455,0.821,-0.175,-0.138,0.526,0,0,0,0,0,0,0,121,31,0.000,1,2037,0,213.020,9.900,47.625,207.375,-10.250,0.332,-0.133,1.715,1.250,-9.820,4.691,0.000,0.000,0.532,0.307,0,NULL,NULL,,2,0,2,7,255,1125,250,0,0
pre_stim,1445,1445,0,1445,3198769.454,0.819,-0.181,-0.145,0.525,0,0,0,0,0,0,0,135,31,0.000,1,2037,0,207.998,10.372,44.313,203.063,-8.063,0.535,-0.234,1.578,1.250,-10.297,3.902,0.000,0.000,0.532,0.307,0,NULL,NULL,,2,0,2,7,255,1125,250,0,0
pre_stim,1445,1445,0,1445,3198774.455,0.817,-0.187,-0.150,0.524,0,0,0,0,0,0,0,135,31,0.000,1,2037,0,202.736,12.014,50.500,196.188,7.875,0.586,-0.230,1.477,1.250,-11.949,1.566,0.000,0.000,0.532,0.307,0,NULL,NULL,,2,0,2,7,255,1125,250,0,0
pre_stim,1468,1468,0,1468,3198779.453,0.815,-0.193,-0.156,0.523,0,0,0,0,0,0,0,137,31,0.000,1,2037,0,197.131,12.021,56.750,188.500,10.375,0.570,-0.145,1.441,1.309,-11.949,0.219,0.000,0.000,0.532,0.307,0,NULL,NULL,,2,0,2,7,255,1125,250,0,0
pre_stim,1468,1468,0,1468,3198784.455,0.814,-0.200,-0.161,0.522,0,0,0,0,0,0,0,137,31,0.000,1,2037,0,191.614,12.265,64.063,180.500,5.625,0.703,-0.160,1.375,2.043,-12.094,-0.113,0.000,0.000,0.532,0.307,0,NULL,NULL,,2,0,2,7,255,1125,250,0,0
pre_stim,1497,1497,0,1497,3198789.454,0.812,-0.206,-0.165,0.520,0,0,0,0,0,0,0,140,31,0.000,1,2037,0,186.600,12.807,72.875,171.125,15.000,0.863,-0.195,1.348,2.371,-12.586,-1.508,0.000,0.000,0.532,0.307,0,NULL,NULL,,2,0,2,7,255,1125,250,0,0
pre_stim,1497,1497,0,1497,3198794.455,0.811,-0.213,-0.169,0.519,0,0,0,0,0,0,0,141,31,0.000,1,2037,0,180.839,14.168,78.750,160.188,29.000,0.891,-0.176,1.348,2.672,-13.914,-2.742,0.000,0.000,0.532,0.307,0,NULL,NULL,,2,0,2,7,255,1125,250,0,0
pre_stim,1497,1497,0,1497,3198799.454,0.809,-0.219,-0.172,0.517,0,0,0,0,0,0,0,140,31,0.000,1,2037,0,174.178,14.477,83.250,148.938,35.000,0.898,-0.141,1.367,2.957,-14.172,-3.043,0.000,0.000,0.532,0.307,0,NULL,NULL,,2,0,2,7,255,1125,250,0,0
pre_stim,1497,1497,0,1497,3198804.455,0.808,-0.226,-0.175,0.515,0,0,0,0,0,0,0,153,31,0.000,1,2037,0,163.597,14.669,80.125,137.750,37.000,0.957,-0.113,1.410,3.332,-14.285,-3.109,0.000,0.000,0.532,0.307,0,NULL,NULL,,2,0,2,7,255,1125,250,0,0
pre_stim,1497,1497,0,1497,3198809.454,0.807,-0.231,-0.177,0.513,0,0,0,0,0,0,0,155,31,0.000,1,2037,0,151.016,15.328,73.938,125.375,40.250,1.012,-0.168,1.336,3.504,-14.922,-3.180,0.000,0.000,0.532,0.307,0,NULL,NULL,,2,0,2,7,255,1125,250,0,0
pre_stim,1497,1497,0,1497,3198814.455,0.807,-0.237,-0.179,0.511,0,0,0,0,0,0,0,168,31,0.000,1,2037,0,145.614,15.621,77.438,113.000,49.375,1.051,-0.234,1.246,3.504,-15.223,-4.328,0.000,0.000,0.532,0.307,0,NULL,NULL,,2,0,2,7,255,1125,250,0,0
pre_stim,1497,1497,0,1497,3198819.453,0.806,-0.243,-0.180,0.508,0,0,0,0,0,0,0,175,31,0.000,1,2037,0,142.143,15.519,83.125,100.688,56.188,1.043,-0.289,1.188,3.020,-15.223,-5.570,0.000,0.000,0.532,0.307,0,NULL,NULL,,2,0,2,7,255,1125,250,0,0
pre_stim,1497,1497,0,1497,3198824.455,0.806,-0.248,-0.181,0.506,0,0,0,0,0,0,0,181,31,0.000,1,2037,0,141.856,15.506,90.125,88.500,64.563,1.086,-0.391,1.117,2.469,-15.309,-6.246,0.000,0.000,0.532,0.307,0,NULL,NULL,,2,0,2,7,255,1125,250,0,0
pre_stim,1497,1497,0,1497,3198829.453,0.806,-0.254,-0.181,0.503,0,0,0,0,0,0,0,185,31,0.000,1,2037,0,144.106,15.627,93.813,76.438,78.250,1.055,-0.449,1.160,1.691,-15.535,-7.117,0.000,0.000,0.532,0.307,0,NULL,NULL,,2,0,2,7,255,1125,250,0,0
pre_stim,1497,1497,0,1497,3198834.455,0.806,-0.259,-0.180,0.500,0,0,0,0,0,0,0,187,31,0.000,1,2037,0,138.081,15.573,89.750,64.688,82.625,0.938,-0.469,1.148,1.082,-15.535,-7.117,0.000,0.000,0.532,0.307,0,NULL,NULL,,2,0,2,7,255,1125,250,0,0
pre_stim,1528,1528,0,1528,3198839.454,0.806,-0.264,-0.179,0.498,0,0,0,0,0,0,0,189,31,0.000,1,2037,0,129.183,14.999,90.313,53.125,75.563,0.883,-0.508,1.156,0.457,-14.992,-6.773,0.000,0.000,0.532,0.307,0,NULL,NULL,,2,0,2,7,255,1125,250,0,0
pre_stim,1528,1528,0,1528,3198844.455,0.806,-0.269,-0.178,0.496,0,0,0,0,0,0,0,189,31,0.000,1,2037,0,121.463,14.993,91.250,41.750,68.438,0.887,-0.598,1.191,-0.141,-14.992,-6.656,0.000,0.000,0.532,0.307,0,NULL,NULL,,2,0,2,7,255,1125,250,0,0
pre_stim,1528,1528,0,1528,3198849.453,0.807,-0.273,-0.177,0.494,0,0,0,0,0,0,0,188,31,0.000,1,2037,0,114.570,15.471,88.625,30.938,65.688,0.871,-0.605,1.289,-0.891,-15.445,-6.605,0.000,0.000,0.532,0.307,0,NULL,NULL,,2,0,2,7,255,1125,250,0,0
pre_stim,1528,1528,0,1528,3198854.455,0.807,-0.277,-0.175,0.492,0,0,0,0,0,0,0,191,31,0.000,1,2037,0,99.360,15.955,77.313,21.063,58.750,0.820,-0.547,1.395,-0.891,-15.930,-5.926,0.000,0.000,0.532,0.307,0,NULL,NULL,,2,0,2,7,255,1125,250,0,0
pre_stim,1550,1550,0,1550,3198859.454,0.807,-0.280,-0.174,0.491,0,0,0,0,0,0,0,190,31,0.000,1,2037,0,77.829,16.018,60.438,11.688,47.625,0.813,-0.523,1.465,-0.676,-16.004,-4.781,0.000,0.000,0.532,0.307,0,NULL,NULL,,2,0,2,7,255,1125,250,0,0
pre_stim,1550,1550,0,1550,3198864.455,0.807,-0.281,-0.172,0.490,0,0,0,0,0,0,0,198,31,0.000,1,2037,0,55.429,16.309,40.688,2.438,37.563,0.820,-0.512,1.512,-0.531,-16.301,-4.191,0.000,0.000,0.532,0.307,0,NULL,NULL,,2,0,2,7,255,1125,250,0,0
pre_stim,1550,1550,0,1550,3198869.453,0.808,-0.282,-0.171,0.489,0,0,0,0,0,0,0,199,31,0.000,1,2037,0,35.444,16.637,19.125,-6.500,29.125,0.832,-0.469,1.535,-0.355,-16.633,-3.855,0.000,0.000,0.532,0.307,0,NULL,NULL,,2,0,2,7,255,1125,250,0,0
pre_stim,1550,1550,0,1550,3198874.455,0.808,-0.282,-0.171,0.488,0,0,0,0,0,0,0,197,31,0.000,1,2037,0,26.414,16.633,-3.688,-15.250,21.250,0.836,-0.398,1.547,0.059,-16.633,-3.648,0.000,0.000,0.532,0.307,0,NULL,NULL,,2,0,2,7,255,1125,250,0,0
pre_stim,1550,1550,0,1550,3198879.454,0.809,-0.281,-0.170,0.488,0,0,0,0,0,0,0,199,31,0.000,1,2037,0,39.028,16.523,-27.625,-23.750,14.000,0.855,-0.344,1.523,0.715,-16.508,-3.480,0.000,0.000,0.532,0.307,0,NULL,NULL,,2,0,2,7,255,1125,250,0,0
pre_stim,1550,1550,0,1550,3198884.455,0.810,-0.278,-0.170,0.487,0,0,0,0,0,0,0,201,31,0.000,1,2037,0,60.496,16.323,-50.125,-32.688,8.875,0.863,-0.309,1.434,1.277,-16.273,-3.480,0.000,0.000,0.532,0.307,0,NULL,NULL,,2,0,2,7,255,1125,250,0,0
pre_stim,1596,1596,0,1596,3198889.453,0.811,-0.275,-0.170,0.487,0,0,0,0,0,0,0,188,31,0.000,1,2037,0,77.639,15.711,-65.688,-41.250,3.375,0.859,-0.262,1.316,1.641,-15.625,-4.031,0.000,0.000,0.532,0.307,0,NULL,NULL,,2,0,2,7,255,1125,250,0,0
pre_stim,1596,1596,0,1596,3198894.455,0.813,-0.271,-0.170,0.487,0,0,0,101,0,0,0,293,31,0.000,1,2037,0,85.798,14.787,-68.938,-51.063,1.250,0.738,-0.383,1.309,1.641,-14.695,-4.371,0.000,0.000,0.532,0.307,0,NULL,NULL,,2,0,2,7,255,1125,250,0,0
pre_stim,1596,1596,0,1596,3198899.454,0.814,-0.278,-0.155,0.486,231,0,0,469,0,3,0,349,31,0.000,1,2037,0,369.272,14.805,268.063,-205.813,148.813,0.930,-0.332,3.977,1.801,-14.695,-4.371,0.000,0.000,0.532,0.307,0,NULL,NULL,,2,0,2,7,255,1125,250,0,0
pre_stim,1596,1596,0,1596,3198904.455,0.816,-0.277,-0.142,0.487,731,0,0,921,0,82,0,295,31,0.000,1,2037,0,298.935,30.888,120.188,-260.563,83.813,0.879,0.133,6.348,1.801,-30.836,15.965,0.000,0.000,0.532,0.307,0,NULL,NULL,,2,0,2,7,255,1125,250,0,0
pre_stim,1596,1596,0,1596,3198909.453,0.830,-0.251,-0.147,0.475,1271,0,0,1242,0,154,0,301,31,0.000,1,2037,0,738.558,31.179,-670.500,-190.125,244.438,0.113,0.883,1.895,4.613,-30.836,15.965,0.000,0.000,0.532,0.307,0,NULL,NULL,,2,0,2,7,255,1125,250,0,0
pre_stim,1596,1596,0,1596,3198914.455,0.846,-0.225,-0.150,0.461,1721,0,0,1531,0,282,0,304,29,0.000,1,2038,0,777.457,11.150,-669.313,-203.813,339.000,0.297,3.066,-0.645,8.551,-7.156,7.406,0.000,0.000,0.532,0.307,1,NULL,NULL,,2,0,2,7,255,1125,250,0,0
pre_stim,1596,1596,0,1596,3198919.454,0.853,-0.213,-0.147,0.453,2036,0,0,1801,0,378,0,337,29,0.000,1,2038,0,358.866,20.402,-251.000,-171.875,190.375,-0.617,2.063,-0.668,12.926,15.785,-8.719,0.000,0.000,0.532,0.307,1,NULL,NULL,,2,0,2,7,255,1125,250,0,0
pre_stim,1596,1596,0,1596,3198924.455,0.857,-0.209,-0.141,0.450,2297,0,0,2015,0,470,0,405,29,0.000,1,2038,0,193.249,20.402,-56.438,-153.000,103.688,-0.813,-0.148,0.852,12.926,15.785,-8.719,0.000,0.000,0.532,0.307,1,NULL,NULL,,2,0,2,7,255,1125,250,0,0
pre_stim,1617,1617,0,1617,3198929.453,0.862,-0.202,-0.137,0.445,2519,0,0,2315,0,496,0,427,29,0.000,1,2038,0,250.943,2.075,-146.250,-153.000,134.813,-0.410,-0.109,1.672,-1.863,0.914,0.676,0.000,0.000,0.532,0.307,1,NULL,NULL,,2,0,2,7,255,1125,250,0,0
pre_stim,1617,1617,0,1617,3198934.455,0.869,-0.192,-0.133,0.436,2673,0,0,2525,0,489,0,445,29,0.000,1,2038,0,356.048,2.075,-197.750,-175.875,238.188,-1.125,0.730,1.043,-1.863,0.914,5.125,0.000,0.000,0.532,0.307,1,NULL,NULL,,2,0,2,7,255,1125,250,0,0
pre_stim,1617,1617,0,1617,3198939.454,0.877,-0.180,-0.128,0.426,2747,0,0,2634,0,505,0,507,29,0.000,1,2038,0,430.347,7.558,-268.750,-207.313,264.563,-1.809,0.266,0.402,-1.863,7.324,5.125,0.000,0.000,0.532,0.307,1,NULL,NULL,,2,0,2,7,255,1125,250,0,0
pre_stim,1617,1617,0,1617,3198944.455,0.882,-0.169,-0.122,0.422,2827,0,0,2727,0,487,0,553,29,0.000,1,2038,0,324.350,14.855,-201.875,-220.250,126.250,-1.953,0.129,-0.223,-8.363,12.277,0.926,0.000,0.000,0.532,0.307,1,NULL,NULL,,2,0,2,7,255,1125,250,0,0
pre_stim,1644,1644,0,1644,3198949.453,0.885,-0.161,-0.114,0.422,2859,0,0,2783,0,509,0,627,29,0.000,1,2038,0,258.940,14.855,-85.875,-244.063,10.438,-1.320,0.332,0.172,-8.363,12.277,-3.344,0.000,0.000,0.532,0.307,1,NULL,NULL,,2,0,2,7,255,1125,250,0,0
pre_stim,1644,1644,0,1644,3198954.455,0.885,-0.155,-0.106,0.427,2895,0,0,2841,0,529,0,745,29,0.000,1,2038,0,259.853,11.796,-29.000,-245.688,-79.500,-0.672,0.102,1.285,-5.398,10.488,-3.344,0.000,0.000,0.532,0.307,1,NULL,NULL,,2,0,2,7,255,1125,250,0,0
pre_stim,1644,1644,0,1644,3198959.454,0.884,-0.147,-0.099,0.433,2915,0,0,2885,0,566,0,791,29,0.000,1,2038,0,269.293,2.519,-70.063,-226.438,-127.813,-0.012,0.016,1.750,-2.348,0.914,4.223,0.000,0.000,0.532,0.307,1,NULL,NULL,,2,0,2,7,255,1125,250,0,0
pre_stim,1644,1644,0,1644,3198964.455,0.883,-0.138,-0.094,0.438,2967,0,0,2951,0,644,0,823,29,0.000,1,2038,0,275.594,5.664,-119.688,-209.375,-133.375,0.516,-0.113,1.438,1.219,-5.531,4.223,0.000,0.000,0.532,0.307,1,NULL,NULL,,2,0,2,7,255,1125,250,0,0
pre_stim,1644,1644,0,1644,3198969.453,0.883,-0.129,-0.090,0.443,2981,0,0,2975,0,695,0,907,29,0.000,1,2038,0,250.409,8.947,-119.375,-189.500,-112.000,0.664,-0.477,1.215,1.219,-8.863,1.945,0.000,0.000,0.532,0.307,1,NULL,NULL,,2,0,2,7,255,1125,250,0,0
pre_stim,1644,1644,0,1644,3198974.455,0.883,-0.122,-0.086,0.446,3007,0,0,3021,0,780,0,965,29,0.000,1,2038,0,214.144,11.211,-111.563,-167.688,-72.750,0.691,-1.012,1.227,0.840,-11.180,-0.777,0.000,0.000,0.532,0.307,1,NULL,NULL,,2,0,2,7,255,1125,250,0,0
pre_stim,1694,1694,0,1694,3198979.454,0.883,-0.114,-0.082,0.447,3020,0,0,3035,75,839,0,995,29,0.000,1,2038,0,186.660,13.097,-112.125,-147.563,-22.250,0.500,-1.023,1.180,-3.309,-12.672,-0.879,0.000,0.000,0.532,0.307,1,NULL,NULL,,2,0,2,7,255,1125,250,0,0
pre_stim,1694,1694,0,1694,3198984.455,0.885,-0.108,-0.079,0.446,3039,0,0,3064,234,953,0,1051,29,0.000,1,2038,0,167.578,13.097,-101.125,-131.875,21.563,0.273,-0.676,1.016,-3.309,-12.672,-1.117,0.000,0.000,0.532,0.307,1,NULL,NULL,,2,0,2,7,255,1125,250,0,0
pre_stim,1694,1694,0,1694,3198989.453,0.886,-0.103,-0.075,0.445,3035,0,0,3060,349,1102,0,1103,29,0.000,1,2038,0,154.505,9.013,-77.938,-127.250,40.063,-0.125,-0.180,1.035,-3.180,-8.434,-0.879,0.000,0.000,0.532,0.307,1,NULL,NULL,,2,0,2,7,255,1125,250,0,0
pre_stim,1694,1694,0,1694,3198994.455,0.888,-0.097,-0.072,0.444,3055,0,0,3087,531,1234,0,1142,29,0.000,1,2038,0,143.571,3.029,-73.750,-121.063,22.750,-0.250,-0.109,1.082,-1.676,-2.523,0.164,0.000,0.000,0.532,0.307,1,NULL,NULL,,2,0,2,7,255,1125,250,0,0
pre_stim,1694,1694,0,1694,3198999.454,0.889,-0.092,-0.069,0.444,3053,0,0,3091,611,1333,0,1199,29,0.000,1,2038,0,139.149,1.913,-74.875,-116.875,9.813,-0.207,-0.035,1.086,-1.547,-1.125,0.941,0.000,0.000,0.532,0.307,2,NULL,NULL,,2,0,2,7,255,1125,250,0,0
pre_stim,1694,1694,0,1694,3199004.455,0.889,-0.087,-0.066,0.444,3069,0,0,3100,729,1469,0,1245,29,0.000,1,2038,0,138.159,1.423,-82.000,-111.188,1.063,-0.051,-0.141,1.027,-0.871,-1.125,0.941,0.000,0.000,0.532,0.307,2,NULL,NULL,,2,0,2,7,255,1125,250,0,0
pre_stim,1694,1694,0,1694,3199009.454,0.890,-0.082,-0.064,0.444,3065,0,0,3099,791,1581,16,1301,29,0.000,1,2038,0,133.889,2.625,-81.750,-105.750,7.750,0.035,-0.336,1.016,-0.871,-2.477,0.031,0.000,0.000,0.532,0.307,2,NULL,NULL,,2,0,2,7,255,1125,250,0,0
pre_stim,1694,1694,0,1694,3199014.455,0.891,-0.076,-0.061,0.443,3089,0,0,3114,907,1719,41,1419,29,0.000,1,2038,0,134.911,4.516,-88.500,-100.688,15.188,0.078,-0.414,0.980,-1.855,-4.117,-0.293,0.000,0.000,0.532,0.307,2,NULL,NULL,,2,0,2,7,255,1125,250,0,0
pre_stim,1715,1715,0,1715,3199019.453,0.892,-0.072,-0.059,0.442,3079,0,0,3109,999,1827,261,1511,29,0.000,1,2038,0,123.620,5.195,-74.938,-94.375,27.563,0.250,-0.527,0.910,-2.113,-4.746,-0.699,0.000,0.000,0.532,0.307,2,NULL,NULL,,2,0,2,7,255,1125,250,0,0
pre_stim,1715,1715,0,1715,3199024.455,0.893,-0.070,-0.058,0.442,3090,0,0,3119,1158,1929,302,1627,29,0.000,1,2038,0,62.484,6.887,-27.750,-54.750,11.688,0.277,-0.359,1.563,-2.113,-6.555,-0.699,0.000,0.000,0.532,0.307,2,NULL,NULL,,2,0,2,7,255,1125,250,0,0
pre_stim,1715,1715,0,1715,3199029.454,0.893,-0.067,-0.057,0.441,3080,0,0,3117,1309,1983,329,1707,29,0.000,1,2038,0,58.308,6.558,-47.938,-33.125,2.125,0.340,0.098,1.090,-0.219,-6.555,0.203,0.000,0.000,0.532,0.307,2,NULL,NULL,,2,0,2,7,255,1125,250,0,0
pre_stim,1715,1715,0,1715,3199034.455,0.893,-0.066,-0.056,0.441,3103,0,0,3131,1387,2054,363,1782,29,0.000,1,2038,0,37.244,5.031,-1.688,-32.063,18.875,0.379,0.582,0.871,3.406,-3.703,0.203,0.000,0.000,0.532,0.307,2,NULL,NULL,,2,0,2,7,255,1125,250,0,0
pre_stim,1715,1715,0,1715,3199039.454,0.894,-0.067,-0.054,0.439,3089,0,0,3127,1463,2108,361,1833,29,0.000,1,2038,0,50.122,3.497,17.438,-23.938,40.438,-0.133,0.301,1.336,3.406,-0.793,0.203,0.000,0.000,0.532,0.307,2,NULL,NULL,,2,0,2,7,255,1125,250,0,0
pre_stim,1715,1715,0,1715,3199044.455,0.895,-0.065,-0.055,0.438,3107,0,0,3131,1527,2135,371,1898,29,0.000,1,2038,0,53.473,2.414,-43.000,-21.875,23.063,-0.461,0.082,1.344,2.281,0.789,3.438,0.000,0.000,0.532,0.307,2,NULL,NULL,,2,0,2,7,255,1125,250,0,0
pre_stim,1745,1745,0,1745,3199049.454,0.895,-0.063,-0.055,0.439,3101,0,0,3133,1599,2167,377,1926,29,0.000,1,2038,0,64.754,2.002,-57.250,-16.188,-25.563,-0.367,0.219,0.996,0.094,2.000,3.438,0.000,0.000,0.532,0.307,2,NULL,NULL,,2,0,2,7,255,1125,250,0,0
pre_stim,1745,1745,0,1745,3199054.455,0.893,-0.061,-0.055,0.442,3113,0,0,3148,1652,2203,375,1964,29,0.000,1,2038,0,76.099,2.002,-24.563,-13.500,-70.750,-0.109,0.281,0.926,0.094,2.000,0.473,0.000,0.000,0.532,0.307,2,NULL,NULL,,2,0,2,7,255,1125,250,0,0
pre_stim,1745,1745,0,1745,3199059.453,0.892,-0.061,-0.055,0.444,3109,0,0,3128,1690,2219,389,1995,29,0.000,1,2038,0,61.812,2.066,-2.438,-13.313,-60.313,0.199,-0.012,1.055,1.699,1.176,0.105,0.000,0.000,0.532,0.307,2,NULL,NULL,,2,0,2,7,255,1125,250,0,0
pre_stim,1745,1745,0,1745,3199064.455,0.892,-0.060,-0.055,0.445,3117,2,0,3157,1735,2235,395,2039,29,0.000,1,2038,0,31.769,3.550,-25.250,-10.375,-16.250,0.066,-0.164,1.176,1.699,-3.117,0.105,0.000,0.000,0.532,0.307,2,NULL,NULL,,2,0,2,7,255,1125,250,0,0
pre_stim,1745,1745,0,1745,3199069.454,0.892,-0.058,-0.056,0.445,3109,8,0,3133,1757,2255,389,2071,29,0.000,1,2038,0,45.006,3.123,-43.938,-9.500,-2.188,-0.207,-0.074,0.922,-0.184,-3.117,0.105,0.000,0.000,0.532,0.307,2,NULL,NULL,,2,0,2,7,255,1125,250,0,0
pre_stim,1745,1745,0,1745,3199074.455,0.892,-0.057,-0.056,0.446,3119,19,0,3149,1787,2279,397,2109,29,0.000,1,2038,0,29.281,0.575,-17.063,-8.438,-22.250,-0.262,0.055,0.836,-0.563,-0.121,-0.594,0.000,0.000,0.532,0.307,2,NULL,NULL,,2,0,2,7,255,1125,250,0,0
pre_stim,1768,1768,0,1768,3199079.453,0.891,-0.056,-0.056,0.448,3109,33,16,3133,1814,2295,394,2123,29,0.000,1,2038,0,52.800,0.879,-16.313,-3.938,-50.063,-0.184,0.172,1.301,-0.563,0.676,-0.594,0.000,0.000,0.532,0.307,2,NULL,NULL,,2,0,2,7,255,1125,250,0,0
pre_stim,1768,1768,0,1768,3199084.455,0.890,-0.054,-0.057,0.450,3140,71,45,3159,1838,2301,397,2155,29,0.000,1,2038,0,75.174,1.343,-52.688,-2.500,-53.563,0.031,0.133,1.152,1.160,0.676,1.340,0.000,0.000,0.532,0.307,2,NULL,NULL,,2,0,2,7,255,1125,250,0,0
pre_stim,1798,1798,0,1798,3199089.453,0.889,-0.052,-0.058,0.451,3115,86,92,3145,1865,2313,392,2163,29,0.000,1,2038,0,63.478,1.516,-52.625,-2.063,-35.438,0.094,-0.051,0.863,1.160,-0.977,1.340,0.000,0.000,0.532,0.307,2,NULL,NULL,,2,0,2,7,255,1125,250,0,0
pre_stim,1798,1798,0,1798,3199094.455,0.889,-0.050,-0.058,0.451,3131,120,155,3155,1887,2328,379,2187,29,0.000,1,2038,0,23.269,2.093,-21.313,-4.375,-8.250,-0.004,-0.160,0.805,0.742,-1.957,-1.605,0.000,0.000,0.532,0.307,2,NULL,NULL,,2,0,2,7,255,1125,250,0,0
pre_stim,1798,1798,0,1798,3199099.454,0.889,-0.050,-0.058,0.451,3129,143,200,3154,1919,2335,377,2200,29,0.000,1,2038,0,5.834,2.084,0.500,-5.813,0.000,-0.195,-0.117,0.980,-0.715,-1.957,-1.605,0.000,0.000,0.532,0.307,2,NULL,NULL,,2,0,2,7,255,1125,250,0,0
pre_stim,1798,1798,0,1798,3199104.455,0.889,-0.050,-0.058,0.451,3141,159,228,3157,1947,2355,376,2219,29,0.000,1,2038,0,11.017,0.830,0.438,-5.563,-9.500,-0.203,0.063,1.051,-0.715,-0.422,-0.031,0.000,0.000,0.532,0.307,2,NULL,NULL,,2,0,2,7,255,1125,250,0,0
pre_stim,1798,1798,0,1798,3199109.453,0.889,-0.050,-0.057,0.452,3125,161,285,3141,1973,2351,371,2233,29,0.000,1,2038,0,14.559,0.409,1.438,-6.000,-13.188,-0.109,0.152,1.039,0.094,0.398,0.410,0.000,0.000,0.532,0.307,2,NULL,NULL,,2,0,2,7,255,1125,250,0,0
pre_stim,1798,1798,0,1798,3199114.455,0.889,-0.050,-0.057,0.452,3125,183,329,3163,2002,2361,371,2263,29,0.000,1,2038,0,7.217,0.413,0.188,-6.875,-2.188,-0.102,-0.016,1.129,0.109,0.398,0.660,0.000,0.000,0.532,0.307,2,NULL,NULL,,2,0,2,7,255,1125,250,0,0
pre_stim,1798,1798,0,1798,3199119.454,0.889,-0.049,-0.057,0.452,3117,191,365,3135,2021,2373,373,2276,29,0.000,1,2038,0,20.510,0.118,-19.625,-5.750,-1.563,-0.199,-0.023,1.109,0.109,0.043,1.242,0.000,0.000,0.532,0.307,2,NULL,NULL,,2,0,2,7,255,1125,250,0,0
pre_stim,1798,1798,0,1798,3199124.455,0.889,-0.048,-0.057,0.452,3123,207,397,3156,2043,2381,375,2292,29,0.000,1,2038,0,18.418,0.128,-15.563,-7.563,-6.313,-0.148,0.016,0.848,-0.121,0.043,1.242,0.000,0.000,0.532,0.307,2,NULL,NULL,,2,0,2,7,255,1125,250,0,0
pre_stim,1798,1798,0,1798,3199129.453,0.889,-0.048,-0.057,0.453,3114,235,506,3147,2070,2379,374,2311,29,0.000,1,2038,0,10.718,0.533,1.375,-9.313,-5.125,-0.152,-0.086,0.930,-0.531,0.043,-0.590,0.000,0.000,0.532,0.307,2,NULL,NULL,,2,0,2,7,255,1125,250,0,0
pre_stim,1798,1798,0,1798,3199134.455,0.889,-0.048,-0.056,0.453,3115,245,559,3149,2092,2391,374,2327,29,0.000,1,2038,1,10.203,0.956,1.813,-9.500,-3.250,-0.156,-0.086,1.004,-0.840,-0.457,-0.590,0.000,0.000,0.532,0.307,2,NULL,NULL,,2,0,2,7,255,1125,250,0,0
pre_stim,1828,1828,0,1828,3199139.454,0.889,-0.047,-0.056,0.453,3115,254,627,3132,2119,2401,383,2339,29,0.000,1,2038,1,12.518,0.956,-3.063,-12.125,-0.563,-0.176,-0.012,0.949,-0.840,-0.457,-0.340,0.000,0.000,0.532,0.307,2,NULL,NULL,,2,0,2,7,255,1125,250,0,0
pre_stim,1828,1828,0,1828,3199144.455,0.889,-0.047,-0.056,0.453,3100,263,717,3131,2139,2404,381,2380,29,0.000,1,2038,1,14.886,0.840,5.813,-13.250,-3.500,-0.191,-0.055,0.957,-0.840,0.020,-0.258,0.000,0.000,0.532,0.307,2,NULL,NULL,,2,0,2,7,255,1125,250,0,0
pre_stim,1828,1828,0,1828,3199149.453,0.889,-0.047,-0.055,0.453,3089,261,765,3119,2182,2411,384,2391,29,0.000,1,2038,1,16.191,0.434,5.688,-14.375,-4.813,-0.172,-0.023,1.051,-0.434,0.020,-0.258,0.000,0.000,0.532,0.307,2,NULL,NULL,,2,0,2,7,255,1125,250,0,0
pre_stim,1828,1828,0,1828,3199154.455,0.889,-0.047,-0.054,0.453,3089,275,819,3111,2215,2415,391,2425,29,0.000,1,2038,1,16.517,0.434,3.250,-16.000,-2.500,-0.160,0.059,1.020,-0.434,0.020,0.289,0.000,0.000,0.532,0.307,2,NULL,NULL,,2,0,2,7,255,1125,250,0,0
pre_stim,1851,1851,0,1851,3199159.454,0.889,-0.047,-0.054,0.453,3061,272,865,3091,2239,2425,405,2425,29,0.000,1,2038,1,17.219,0.391,2.750,-16.938,-1.438,-0.199,0.055,1.059,0.012,0.391,0.629,0.000,0.000,0.532,0.307,2,NULL,NULL,,2,0,2,7,255,1125,250,0,0
pre_stim,1851,1851,0,1851,3199164.455,0.888,-0.047,-0.053,0.454,3063,275,905,3087,2279,2429,431,2467,29,0.000,1,2038,1,19.862,0.661,1.313,-17.813,-8.688,-0.215,0.086,1.035,0.145,0.645,0.547,0.000,0.000,0.532,0.307,2,NULL,NULL,,2,0,2,7,255,1125,250,0,0
pre_stim,1851,1851,0,1851,3199169.453,0.888,-0.047,-0.052,0.454,3035,273,947,3055,2314,2431,445,2469,29,0.000,1,2038,1,25.317,0.661,2.500,-18.063,-17.563,-0.164,0.078,1.031,0.145,0.645,0.547,0.000,0.000,0.532,0.307,2,NULL,NULL,,2,0,2,7,255,1125,250,0,0
pre_stim,1851,1851,0,1851,3199174.455,0.888,-0.046,-0.051,0.455,3045,263,969,3049,2327,2439,470,2501,29,0.000,1,2038,1,25.658,0.558,2.375,-18.375,-17.750,-0.102,0.004,1.023,0.145,0.539,0.410,0.000,0.000,0.532,0.307,2,NULL,NULL,,2,0,2,7,255,1125,250,0,0
pre_stim,1851,1851,0,1851,3199179.453,0.888,-0.046,-0.051,0.456,3016,232,1019,3027,2347,2443,479,2506,29,0.000,1,2038,1,23.188,0.336,0.688,-18.750,-13.625,-0.113,-0.012,1.000,0.102,-0.320,0.262,0.000,0.000,0.532,0.307,2,NULL,NULL,,2,0,2,7,255,1125,250,0,0
pre_stim,1851,1851,0,1851,3199184.455,0.887,-0.045,-0.050,0.456,3015,219,1063,3005,2379,2457,487,2520,29,0.000,1,2038,1,24.166,0.335,2.438,-18.938,-14.813,-0.117,-0.023,0.945,-0.098,-0.320,0.039,0.000,0.000,0.532,0.307,2,NULL,NULL,,2,0,2,7,255,1125,250,0,0
pre_stim,1899,1899,0,1899,3199189.454,0.887,-0.045,-0.049,0.457,2982,215,1101,2971,2394,2454,537,2535,29,0.000,1,2038,1,24.844,0.421,8.813,-19.250,-13.000,-0.105,-0.074,0.957,-0.273,-0.320,-0.367,0.000,0.000,0.532,0.307,2,NULL,NULL,,2,0,2,7,255,1125,250,0,0
pre_stim,1899,1899,0,1899,3199194.455,0.887,-0.045,-0.048,0.457,2975,209,1129,2975,2423,2459,574,2547,29,0.000,1,2038,1,24.095,0.521,8.063,-19.688,-11.313,-0.160,-0.016,1.020,-0.426,-0.301,-0.367,0.000,0.000,0.532,0.307,2,NULL,NULL,,2,0,2,7,255,1125,250,0,0
pre_stim,1899,1899,0,1899,3199199.454,0.887,-0.045,-0.047,0.458,2932,204,1195,2923,2441,2462,604,2556,29,0.000,1,2038,1,24.766,0.429,7.063,-20.063,-12.688,-0.176,0.090,1.012,-0.426,0.055,0.230,0.000,0.000,0.532,0.307,2,NULL,NULL,,2,0,2,7,255,1125,250,0,0
pre_stim,1899,1899,0,1899,3199204.455,0.886,-0.045,-0.046,0.458,2931,205,1239,2919,2468,2462,633,2579,29,0.000,1,2038,1,27.073,0.839,8.625,-20.500,-15.438,-0.156,0.137,1.035,0.297,0.785,0.316,0.000,0.000,0.532,0.307,2,NULL,NULL,,2,0,2,7,255,1125,250,0,0
pre_stim,1899,1899,0,1899,3199209.454,0.886,-0.045,-0.045,0.459,2893,184,1307,2874,2491,2461,647,2579,29,0.000,1,2038,1,28.995,1.171,6.375,-19.813,-20.188,-0.145,0.180,1.063,0.770,0.883,0.453,0.000,0.000,0.532,0.307,2,NULL,NULL,,2,0,2,7,255,1125,250,0,0
pre_stim,1899,1899,0,1899,3199214.455,0.886,-0.045,-0.044,0.460,2897,187,1373,2869,2519,2471,688,2616,29,0.000,1,2038,1,32.643,1.492,2.375,-19.000,-26.438,-0.105,0.203,1.059,1.203,0.883,0.629,0.000,0.000,0.532,0.307,2,NULL,NULL,,2,0,2,7,255,1125,250,0,0
pre_stim,1899,1899,0,1899,3199219.453,0.885,-0.045,-0.044,0.461,2857,189,1451,2839,2537,2481,731,2613,29,0.000,1,2038,1,34.745,1.812,-1.188,-16.250,-30.688,-0.059,0.176,1.066,1.598,0.855,0.648,0.000,0.000,0.532,0.307,2,NULL,NULL,,2,0,2,7,255,1125,250,0,0
pre_stim,1899,1899,0,1899,3199224.455,0.884,-0.044,-0.043,0.463,2841,187,1483,2827,2555,2473,775,2628,29,0.000,1,2038,1,35.295,1.626,-7.438,-13.938,-31.563,-0.043,0.133,1.059,1.598,0.301,0.629,0.000,0.000,0.532,0.307,2,NULL,NULL,,2,0,2,7,255,1125,250,0,0
pre_stim,1899,1899,0,1899,3199229.454,0.884,-0.043,-0.043,0.464,2829,191,1587,2821,2579,2487,845,2644,29,0.000,1,2038,1,33.979,1.368,-12.063,-11.938,-29.438,-0.035,0.090,1.008,1.367,-0.039,0.547,0.000,0.000,0.532,0.307,2,NULL,NULL,,2,0,2,7,255,1125,250,0,0
pre_stim,1917,1917,0,1917,3199234.454,0.883,-0.043,-0.042,0.465,2806,221,1641,2805,2589,2479,909,2652,29,0.000,1,2038,1,30.212,1.070,-11.563,-10.313,-25.938,-0.043,0.070,0.984,1.035,-0.270,0.063,0.000,0.000,0.532,0.307,2,NULL,NULL,,2,0,2,7,255,1125,250,0,0
pre_stim,1917,1917,0,1917,3199239.455,0.883,-0.042,-0.042,0.465,2793,230,1727,2779,2617,2480,983,2647,29,0.000,1,2038,1,26.403,1.013,-11.000,-8.688,-22.375,-0.047,0.090,0.996,0.977,-0.270,-0.043,0.000,0.000,0.532,0.307,2,NULL,NULL,,2,0,2,7,255,1125,250,0,0
pre_stim,1917,1917,0,1917,3199244.455,0.883,-0.041,-0.042,0.466,2771,240,1803,2781,2637,2487,1036,2664,29,0.000,1,2038,1,28.798,0.845,-14.375,-9.375,-23.125,-0.105,0.051,0.973,0.836,-0.125,-0.180,0.000,0.000,0.532,0.307,2,NULL,NULL,,2,0,2,7,255,1125,250,0,0
pre_stim,1944,1944,0,1944,3199249.454,0.882,-0.041,-0.042,0.467,2750,253,1878,2751,2645,2487,1108,2667,29,0.000,1,2038,1,26.108,0.340,-9.938,-6.938,-23.125,-0.051,-0.039,0.980,0.316,-0.125,-0.199,0.000,0.000,0.532,0.307,2,NULL,NULL,,2,0,2,7,255,1125,250,0,0
pre_stim,1944,1944,0,1944,3199254.455,0.882,-0.040,-0.042,0.468,2744,272,1941,2763,2655,2487,1149,2681,29,0.000,1,2038,1,24.465,0.425,-13.188,-7.188,-19.313,-0.090,-0.035,0.988,-0.098,-0.414,-0.199,0.000,0.000,0.532,0.307,2,NULL,NULL,,2,0,2,7,255,1125,250,0,0
pre_stim,1944,1944,0,1944,3199259.453,0.881,-0.039,-0.042,0.469,2717,291,1983,2741,2671,2487,1225,2683,29,0.000,1,2038,1,24.751,0.484,-10.438,-6.438,-21.500,-0.109,-0.027,0.957,-0.250,-0.414,-0.199,0.000,0.000,0.532,0.307,2,NULL,NULL,,2,0,2,7,255,1125,250,0,0
pre_stim,1944,1944,0,1944,3199264.455,0.881,-0.039,-0.042,0.470,2705,296,2041,2733,2683,2491,1287,2694,29,0.000,1,2038,1,28.528,0.370,-11.125,-5.500,-25.688,-0.102,-0.027,1.000,-0.250,-0.273,-0.070,0.000,0.000,0.532,0.307,2,NULL,NULL,,2,0,2,7,255,1125,250,0,0
pre_stim,1944,1944,0,1944,3199269.453,0.880,-0.038,-0.042,0.471,2685,310,2103,2729,2697,2490,1334,2697,29,0.000,1,2038,1,31.371,0.401,-12.188,-6.125,-28.250,-0.078,-0.043,0.922,-0.293,-0.273,-0.375,0.000,0.000,0.532,0.307,2,NULL,NULL,,2,0,2,7,255,1125,250,0,0
pre_stim,1944,1944,0,1944,3199274.455,0.880,-0.037,-0.042,0.472,2676,339,2149,2727,2707,2491,1375,2707,29,0.000,1,2038,1,26.761,0.553,-7.250,-4.438,-25.375,-0.043,-0.082,0.973,-0.293,-0.469,-0.270,0.000,0.000,0.532,0.307,2,NULL,NULL,,2,0,2,7,255,1125,250,0,0
pre_stim,1995,1995,0,1995,3199279.454,0.880,-0.037,-0.042,0.473,2659,344,2183,2723,2727,2507,1421,2700,29,0.000,1,2038,1,24.768,0.715,-11.250,-4.688,-21.563,-0.066,-0.051,0.980,-0.293,-0.652,-0.270,0.000,0.000,0.532,0.307,2,NULL,NULL,,2,0,2,7,255,1125,250,0,0
pre_stim,1995,1995,0,1995,3199284.455,0.879,-0.036,-0.042,0.473,2655,357,2213,2718,2727,2501,1461,2713,29,0.000,1,2038,1,24.430,0.914,-12.813,-4.188,-20.375,-0.047,-0.070,0.945,-0.277,-0.871,-0.270,0.000,0.000,0.532,0.307,2,NULL,NULL,,2,0,2,7,255,1125,250,0,0
pre_stim,1995,1995,0,1995,3199289.453,0.879,-0.035,-0.042,0.474,2649,381,2237,2715,2733,2502,1507,2720,29,0.000,1,2038,1,17.268,0.914,-8.938,-4.125,-14.188,-0.039,-0.121,0.906,-0.277,-0.871,-0.531,0.000,0.000,0.532,0.307,2,NULL,NULL,,2,0,2,7,255,1125,250,0,0
pre_stim,1995,1995,1,1995,3199294.455,0.879,-0.035,-0.042,0.474,2639,401,2271,2725,2748,2509,1547,2733,29,0.000,1,2038,1,10.116,1.174,-1.813,-4.625,-8.813,-0.070,-0.129,0.914,-0.680,-0.957,-0.809,0.000,0.000,0.532,0.307,2,NULL,NULL,,2,1,2,7,255,1125,250,0,0
pre_stim,1995,1995,1,1995,3199299.454,0.879,-0.035,-0.042,0.474,2623,409,2292,2701,2763,2521,1589,2735,29,0.000,1,2038,1,8.243,1.211,3.625,-4.813,-5.625,-0.070,-0.109,0.938,-0.742,-0.957,-0.809,0.000,0.000,0.532,0.307,2,NULL,NULL,,2,1,2,7,255,1125,250,0,0
pre_stim,1995,1995,1,1995,3199304.455,0.879,-0.035,-0.042,0.475,2629,422,2303,2713,2759,2511,1619,2743,29,0.000,1,2038,1,7.598,1.150,5.438,-5.125,-1.375,-0.070,-0.102,0.953,-0.742,-0.879,-0.598,0.000,0.000,0.532,0.307,2,NULL,NULL,,2,1,2,7,255,1125,250,0,0
pre_stim,1995,1995,1,1995,3199309.453,0.879,-0.035,-0.041,0.474,2631,425,2326,2700,2765,2505,1637,2741,29,0.000,1,2038,1,8.811,1.068,5.813,-5.500,3.688,-0.086,-0.090,0.957,-0.664,-0.836,-0.453,0.000,0.000,0.532,0.307,2,NULL,NULL,,2,1,2,7,255,1125,250,0,0
pre_stim,1995,1995,1,1995,3199314.455,0.879,-0.035,-0.041,0.474,2627,451,2345,2709,2775,2515,1659,2745,29,0.000,1,2038,1,10.758,0.931,6.313,-6.375,5.938,-0.109,-0.074,0.957,-0.664,-0.652,-0.371,0.000,0.000,0.532,0.307,2,NULL,NULL,,2,1,2,7,255,1125,250,0,0
pre_stim,2015,2015,1,2015,3199319.454,0.879,-0.035,-0.041,0.474,2620,455,2362,2703,2778,2519,1678,2749,29,0.000,1,2038,1,12.915,0.769,9.250,-7.188,5.438,-0.133,-0.098,0.934,-0.684,-0.352,-0.371,0.000,0.000,0.532,0.307,2,NULL,NULL,,2,1,2,7,255,1125,250,0,0
pre_stim,2015,2015,1,2015,3199324.455,0.879,-0.036,-0.040,0.474,2617,462,2367,2695,2782,2520,1691,2759,29,0.000,1,2038,1,19.620,0.738,17.750,-8.313,-0.875,-0.109,0.000,0.957,-0.684,-0.277,-0.379,0.000,0.000,0.532,0.307,2,NULL,NULL,,2,1,2,7,255,1125,250,0,0
pre_stim,2015,2015,1,2015,3199329.453,0.879,-0.036,-0.039,0.474,2609,467,2385,2691,2789,2525,1706,2759,29,0.000,1,2038,1,19.587,0.289,16.813,-8.063,6.000,-0.016,0.031,1.047,-0.082,-0.277,-0.379,0.000,0.000,0.532,0.307,2,NULL,NULL,,2,1,2,7,255,1125,250,0,0
pre_stim,2015,2015,1,2015,3199334.455,0.879,-0.036,-0.039,0.473,2591,463,2383,2679,2789,2524,1727,2773,29,0.000,1,2038,1,23.021,0.634,9.313,-8.938,19.063,-0.082,-0.105,0.992,-0.082,-0.629,-0.035,0.000,0.000,0.532,0.307,2,NULL,NULL,,2,1,2,7,255,1125,250,0,0
pre_stim,2015,2015,1,2015,3199339.454,0.880,-0.036,-0.038,0.472,2589,463,2399,2665,2796,2529,1751,2765,29,0.000,1,2038,1,29.341,1.015,16.125,-10.938,21.938,-0.164,-0.105,0.918,-0.797,-0.629,-0.035,0.000,0.000,0.532,0.307,2,NULL,NULL,,2,1,2,7,255,1125,250,0,0
pre_stim,2015,2015,1,2015,3199344.455,0.880,-0.037,-0.037,0.472,2570,471,2403,2659,2800,2542,1769,2781,29,0.000,1,2038,1,26.531,0.800,22.125,-11.500,9.063,-0.172,0.047,1.027,-0.797,-0.066,-0.035,0.000,0.000,0.532,0.307,2,NULL,NULL,,2,1,2,7,255,1125,250,0,0
pre_stim,2043,2043,1,2043,3199349.453,0.880,-0.038,-0.036,0.472,2549,469,2411,2637,2807,2538,1785,2788,29,0.000,1,2038,1,23.850,0.072,20.125,-11.063,6.438,-0.090,0.039,1.016,-0.063,0.035,0.168,0.000,0.000,0.532,0.307,2,NULL,NULL,,2,1,2,7,255,1125,250,0,0
pre_stim,2043,2043,1,2043,3199354.455,0.880,-0.038,-0.035,0.472,2533,461,2419,2615,2813,2543,1799,2789,29,0.000,1,2038,1,20.928,0.089,16.250,-10.625,7.813,-0.105,0.023,1.055,0.082,0.035,0.391,0.000,0.000,0.532,0.307,2,NULL,NULL,,2,1,2,7,255,1125,250,0,0
pre_stim,2043,2043,1,2043,3199359.453,0.880,-0.038,-0.035,0.471,2505,453,2425,2595,2822,2545,1813,2797,29,0.000,1,2038,1,15.851,0.089,10.500,-10.938,4.625,-0.145,0.031,1.023,0.082,0.035,0.305,0.000,0.000,0.532,0.307,2,NULL,NULL,,2,1,2,7,255,1125,250,0,0
pre_stim,2043,2043,1,2043,3199364.455,0.880,-0.039,-0.034,0.471,2479,443,2439,2573,2825,2548,1831,2799,29,0.000,1,2038,1,18.501,0.086,13.313,-12.250,3.875,-0.078,0.016,0.965,0.078,0.035,0.305,0.000,0.000,0.532,0.307,2,NULL,NULL,,2,1,2,7,255,1125,250,0,0
pre_stim,2044,2044,1,2044,3199369.453,0.881,-0.039,-0.033,0.471,2447,435,2445,2540,2831,2551,1847,2806,29,0.000,1,2038,1,24.636,0.182,20.250,-12.125,7.063,-0.086,-0.004,0.980,-0.094,-0.156,-0.168,0.000,0.000,0.532,0.307,2,NULL,NULL,,2,1,2,7,255,1125,250,0,0
pre_stim,2044,2044,1,2044,3199374.455,0.881,-0.040,-0.032,0.471,2407,425,2453,2515,2837,2553,1868,2809,29,0.000,1,2038,1,29.247,0.229,22.750,-13.813,12.125,-0.055,0.051,1.043,0.078,-0.215,-0.168,0.000,0.000,0.532,0.307,2,NULL,NULL,,2,1,2,7,255,1125,250,0,0
pre_stim,2067,2067,1,2067,3199379.453,0.881,-0.040,-0.031,0.470,2367,411,2459,2483,2843,2555,1891,2815,29,0.000,1,2038,1,26.776,0.275,18.563,-12.063,15.063,-0.102,0.047,1.039,0.172,-0.215,0.422,0.000,0.000,0.532,0.307,2,NULL,NULL,,2,1,2,7,255,1125,250,0,0
pre_stim,2067,2067,1,2067,3199384.455,0.881,-0.041,-0.030,0.470,2333,397,2467,2457,2844,2557,1903,2823,29,0.000,1,2038,1,22.701,0.529,12.938,-13.438,12.938,-0.121,0.121,1.031,0.508,0.148,0.422,0.000,0.000,0.532,0.307,2,NULL,NULL,,2,1,2,7,255,1125,250,0,0
pre_stim,2099,2099,1,2099,3199389.454,0.881,-0.041,-0.030,0.469,2291,381,2472,2426,2845,2559,1919,2827,29,0.000,1,2038,1,21.809,0.367,16.938,-13.125,4.063,-0.137,0.020,0.992,0.172,0.324,0.367,0.000,0.000,0.532,0.307,2,NULL,NULL,,2,1,2,7,255,1125,250,0,0
pre_stim,2099,2099,1,2099,3199394.455,0.882,-0.041,-0.029,0.469,2239,371,2476,2392,2855,2566,1939,2831,29,0.000,1,2038,1,19.102,0.437,14.125,-12.563,2.750,-0.063,-0.070,1.004,-0.293,0.324,0.027,0.000,0.000,0.532,0.307,2,NULL,NULL,,2,1,2,7,255,1125,250,0,0
pre_stim,2099,2099,1,2099,3199399.454,0.882,-0.042,-0.028,0.469,2195,344,2479,2349,2858,2567,1958,2837,29,0.000,1,2038,1,24.084,0.455,15.375,-14.875,11.063,-0.070,-0.004,0.996,-0.293,-0.348,-0.008,0.000,0.000,0.532,0.307,2,NULL,NULL,,2,1,2,7,255,1125,250,0,0
pre_stim,2099,2099,1,2099,3199404.455,0.882,-0.042,-0.027,0.469,2135,299,2479,2302,2863,2569,1981,2841,29,0.000,1,2038,1,25.952,0.380,19.000,-14.313,10.375,-0.109,0.027,0.992,-0.152,-0.348,-0.023,0.000,0.000,0.532,0.307,2,NULL,NULL,,2,1,2,7,255,1125,250,0,0
pre_stim,2099,2099,1,2099,3199409.454,0.882,-0.043,-0.026,0.468,2075,268,2479,2255,2863,2570,1996,2845,29,0.000,1,2038,1,24.965,0.163,18.313,-14.500,8.813,-0.094,0.016,1.023,-0.152,-0.059,-0.023,0.000,0.000,0.532,0.307,2,NULL,NULL,,2,1,2,7,255,1125,250,0,0
pre_stim,2099,2099,1,2099,3199414.455,0.882,-0.043,-0.025,0.468,2012,249,2485,2201,2869,2571,2013,2853,29,0.000,1,2038,1,23.380,0.159,14.500,-15.375,10.000,-0.082,0.035,1.023,-0.152,-0.047,0.254,0.000,0.000,0.532,0.307,2,NULL,NULL,,2,1,2,7,255,1125,250,0,0
pre_stim,2099,2099,1,2099,3199419.453,0.883,-0.043,-0.024,0.468,1925,231,2485,2151,2873,2570,2029,2858,29,0.000,1,2038,1,24.100,0.064,14.250,-15.938,11.125,-0.082,0.039,1.008,0.043,-0.047,0.254,0.000,0.000,0.532,0.307,2,NULL,NULL,,2,1,2,7,255,1125,250,0,0
pre_stim,2099,2099,1,2099,3199424.455,0.883,-0.043,-0.023,0.467,1830,188,2487,2090,2879,2571,2053,2862,29,0.000,1,2038,1,24.802,0.049,14.563,-16.188,11.875,-0.090,0.027,1.000,0.043,-0.023,0.105,0.000,0.000,0.532,0.307,2,NULL,NULL,,2,1,2,7,255,1125,250,0,0
pre_stim,2099,2099,1,2099,3199429.454,0.883,-0.044,-0.022,0.467,1735,178,2488,2027,2884,2570,2072,2867,29,0.000,1,2038,1,24.841,0.112,13.750,-16.625,12.313,-0.102,-0.004,0.996,-0.109,-0.023,0.016,0.000,0.000,0.532,0.307,2,NULL,NULL,,2,1,2,7,255,1125,250,0,0
pre_stim,2099,2099,1,2099,3199434.455,0.883,-0.044,-0.022,0.466,1625,175,2491,1957,2888,2571,2093,2871,29,0.000,1,2038,1,24.261,0.436,13.438,-17.063,10.813,-0.090,-0.016,0.996,-0.430,-0.074,0.004,0.000,0.000,0.532,0.307,2,NULL,NULL,,2,1,2,7,255,1125,250,0,0
pre_stim,2128,2128,1,2128,3199439.454,0.884,-0.044,-0.021,0.466,1530,140,2495,1881,2894,2572,2118,2875,29,0.000,1,2038,1,24.576,0.479,12.313,-17.688,11.813,-0.066,-0.004,0.996,-0.430,-0.211,-0.004,0.000,0.000,0.532,0.307,2,NULL,NULL,,2,1,2,7,255,1125,250,0,0
pre_stim,2128,2128,1,2128,3199444.455,0.884,-0.044,-0.020,0.465,1418,98,2502,1797,2903,2570,2139,2886,29,0.000,1,2038,1,28.150,0.342,13.000,-19.063,16.125,-0.066,0.020,1.000,-0.270,-0.211,-0.004,0.000,0.000,0.532,0.307,2,NULL,NULL,,2,1,2,7,255,1125,250,0,0
pre_stim,2128,2128,1,2128,3199449.454,0.884,-0.044,-0.019,0.465,1299,69,2508,1669,2907,2575,2155,2885,29,0.000,1,2038,1,28.434,0.221,12.375,-19.250,16.875,-0.090,0.063,1.000,-0.086,-0.203,-0.004,0.000,0.000,0.532,0.307,2,NULL,NULL,,2,1,2,7,255,1125,250,0,0
pre_stim,2128,2128,1,2128,3199454.455,0.884,-0.044,-0.018,0.464,1177,65,2508,1523,2915,2571,2175,2899,29,0.000,1,2038,1,26.991,0.251,12.500,-20.000,13.125,-0.109,0.074,1.016,0.047,0.246,0.055,0.000,0.000,0.532,0.307,2,NULL,NULL,,2,1,2,7,255,1125,250,0,0
pre_stim,2150,2150,1,2150,3199459.453,0.885,-0.044,-0.017,0.464,1018,53,2521,1365,2931,2569,2205,2901,29,0.000,1,2038,1,24.476,0.281,10.188,-20.125,9.500,-0.098,0.059,1.027,0.047,0.277,0.223,0.000,0.000,0.532,0.307,2,NULL,NULL,,2,1,2,7,255,1125,250,0,0
pre_stim,2150,2150,1,2150,3199464.455,0.885,-0.044,-0.016,0.464,869,36,2537,1235,2927,2567,2219,2905,29,0.000,1,2038,1,23.172,0.277,8.375,-20.375,7.188,-0.078,0.051,1.031,0.000,0.277,0.309,0.000,0.000,0.532,0.307,2,NULL,NULL,,2,1,2,7,255,1125,250,0,0
pre_stim,2150,2150,1,2150,3199469.454,0.885,-0.044,-0.015,0.463,742,21,2549,1111,2935,2554,2252,2910,29,0.000,1,2038,1,22.925,0.160,6.750,-20.563,7.563,-0.082,0.063,1.047,0.000,0.160,0.344,0.000,0.000,0.532,0.307,2,NULL,NULL,,2,1,2,7,255,1125,250,0,0
pre_stim,2150,2150,1,2150,3199474.455,0.885,-0.044,-0.014,0.463,619,1,2571,984,2939,2557,2275,2911,29,0.000,1,2038,1,22.678,0.168,3.938,-21.188,7.063,-0.102,0.082,1.074,0.051,0.160,0.488,0.000,0.000,0.532,0.307,2,NULL,NULL,,2,1,2,7,255,1125,250,0,0
pre_stim,2150,2150,1,2150,3199479.454,0.885,-0.044,-0.013,0.463,477,0,2585,851,2955,2567,2301,2919,29,0.000,1,2038,1,21.915,0.434,-0.500,-21.813,2.063,-0.105,0.090,1.066,0.086,0.426,0.719,0.000,0.000,0.532,0.307,2,NULL,NULL,,2,1,2,7,255,1125,250,0,0
pre_stim,2150,2150,1,2150,3199484.455,0.885,-0.043,-0.012,0.463,298,0,2597,740,2954,2549,2331,2925,29,0.000,1,2038,1,22.532,0.464,-2.375,-22.375,-1.188,-0.090,0.090,1.059,0.129,0.445,0.719,0.000,0.000,0.532,0.307,2,NULL,NULL,,2,1,2,7,255,1125,250,0,0
pre_stim,2196,2196,1,2196,3199489.453,0.885,-0.042,-0.011,0.463,183,0,2617,623,2967,2538,2351,2923,29,0.000,1,2038,1,24.024,0.477,-5.000,-22.875,-5.375,-0.082,0.082,1.066,0.172,0.445,0.684,0.000,0.000,0.532,0.307,2,NULL,NULL,,2,1,2,7,255,1125,250,0,0
pre_stim,2196,2196,1,2196,3199494.455,0.885,-0.042,-0.011,0.464,143,0,2629,540,2972,2532,2373,2935,29,0.000,1,2038,1,26.524,0.395,-8.813,-24.000,-7.063,-0.066,0.074,1.055,0.207,0.336,0.641,0.000,0.000,0.532,0.307,2,NULL,NULL,,2,1,2,7,255,1125,250,0,0
pre_stim,2196,2196,1,2196,3199499.454,0.885,-0.041,-0.010,0.464,78,0,2637,427,2980,2521,2394,2939,29,0.000,1,2038,1,30.486,0.287,-13.375,-25.063,-11.063,-0.047,0.070,1.012,0.207,0.199,0.555,0.000,0.000,0.532,0.307,2,NULL,NULL,,2,1,2,7,255,1125,250,0,0
pre_stim,2196,2196,1,2196,3199504.455,0.885,-0.040,-0.009,0.465,55,0,2655,337,2995,2517,2423,2941,29,0.000,1,2038,1,31.831,0.219,-11.188,-26.000,-14.563,-0.063,0.039,0.973,0.207,0.070,0.148,0.000,0.000,0.532,0.307,2,NULL,NULL,,2,1,2,7,255,1125,250,0,0
pre_stim,2196,2196,1,2196,3199509.453,0.884,-0.039,-0.008,0.465,47,0,2663,277,2995,2492,2454,2949,29,0.000,1,2038,1,30.084,0.088,0.813,-28.250,-10.313,-0.094,-0.008,1.035,-0.074,0.047,0.148,0.000,0.000,0.532,0.307,2,NULL,NULL,,2,1,2,7,255,1125,250,0,0
pre_stim,2196,2196,1,2196,3199514.455,0.884,-0.039,-0.007,0.465,27,0,2679,212,3000,2479,2485,2952,29,0.000,1,2038,1,32.553,0.615,0.938,-29.938,-12.750,-0.121,-0.004,1.113,-0.613,0.047,0.348,0.000,0.000,0.532,0.307,2,NULL,NULL,,2,1,2,7,255,1125,250,0,0
pre_stim,2196,2196,1,2196,3199519.454,0.884,-0.038,-0.006,0.466,23,0,2693,169,3002,2468,2507,2941,29,0.000,1,2038,1,36.984,0.659,-8.125,-30.750,-18.875,-0.102,0.020,1.141,-0.613,0.242,1.137,0.000,0.000,0.532,0.307,2,NULL,NULL,,2,1,2,7,255,1125,250,0,0
pre_stim,2196,2196,1,2196,3199524.455,0.884,-0.036,-0.005,0.467,9,0,2707,105,3007,2437,2530,2953,29,0.000,1,2038,1,38.628,0.526,-12.750,-32.125,-17.250,-0.082,0.066,1.148,-0.461,0.254,1.398,0.000,0.000,0.532,0.307,2,NULL,NULL,,2,1,2,7,255,1125,250,0,0
pre_stim,2217,2217,1,2217,3199529.453,0.883,-0.035,-0.004,0.467,1,0,2725,93,3017,2409,2549,2963,29,0.000,1,2038,1,38.815,0.360,-15.625,-34.500,-8.500,-0.063,0.105,1.180,0.012,0.359,1.484,0.000,0.000,0.532,0.307,2,NULL,NULL,,2,1,2,7,255,1125,250,0,0
pre_stim,2217,2217,1,2217,3199534.455,0.883,-0.034,-0.003,0.467,0,0,2742,53,3022,2386,2579,2967,29,0.000,1,2038,0,43.704,0.624,-24.938,-35.813,-2.375,-0.063,0.129,1.188,0.438,0.445,1.777,0.000,0.000,0.532,0.307,3,NULL,NULL,,2,1,2,7,255,1125,250,0,0
pre_stim,2217,2217,1,2217,3199539.454,0.884,-0.032,-0.002,0.467,0,0,2765,21,3026,2361,2592,2961,29,0.000,1,2038,0,48.776,0.870,-29.125,-39.125,0.188,-0.113,0.191,1.160,0.605,0.625,1.777,0.000,0.000,0.532,0.307,3,NULL,NULL,,2,1,2,7,255,1125,250,0,0
pre_stim,2217,2217,0,2217,3199544.455,0.884,-0.030,-0.001,0.467,0,0,2767,9,3037,2340,2613,2971,29,0.000,1,2038,0,52.414,1.655,-30.500,-42.438,-4.000,-0.117,0.199,1.105,0.840,1.426,1.621,0.000,0.000,0.532,0.307,3,NULL,NULL,,2,0,2,7,255,1125,250,0,0
pre_stim,2217,2217,0,2217,3199549.453,0.883,-0.029,0.000,0.468,0,0,2781,5,3044,2312,2636,2967,29,0.000,1,2038,0,48.828,1.655,-13.000,-46.813,-4.875,-0.121,0.137,1.156,0.840,1.426,1.574,0.000,0.000,0.532,0.307,3,NULL,NULL,,2,0,2,7,255,1125,250,0,0
pre_stim,2217,2217,0,2217,3199554.455,0.884,-0.028,0.003,0.467,0,0,2799,7,3042,2291,2663,2970,29,0.000,1,2038,0,57.579,1.718,12.438,-54.938,11.938,-0.133,0.191,1.344,0.660,1.586,1.574,0.000,0.000,0.532,0.307,3,NULL,NULL,,2,0,2,7,255,1125,250,0,0
pre_stim,2248,2248,0,2248,3199559.454,0.884,-0.027,0.005,0.466,0,0,2805,0,3050,2251,2675,2981,29,0.000,1,2038,0,65.001,1.445,-20.375,-58.438,19.875,-0.059,0.188,1.336,0.660,1.285,3.336,0.000,0.000,0.532,0.307,3,NULL,NULL,,2,0,2,7,255,1125,250,0,0
pre_stim,2248,2248,0,2248,3199564.455,0.885,-0.024,0.006,0.466,0,0,2833,0,3062,2207,2696,2979,29,0.000,1,2038,0,75.991,1.294,-44.438,-58.938,18.063,-0.051,0.051,1.156,0.660,1.113,3.336,0.000,0.000,0.532,0.307,3,NULL,NULL,,2,0,2,7,255,1125,250,0,0
pre_stim,2248,2248,0,2248,3199569.453,0.885,-0.021,0.008,0.465,0,0,2830,0,3063,2173,2711,2972,29,0.000,1,2038,0,79.927,0.412,-36.625,-64.250,30.313,-0.051,0.031,1.047,-0.035,0.410,1.551,0.000,0.000,0.532,0.307,3,NULL,NULL,,2,0,2,7,255,1125,250,0,0
pre_stim,2248,2248,0,2248,3199574.455,0.886,-0.019,0.010,0.463,0,0,2845,0,3075,2121,2727,2971,29,0.000,1,2038,0,82.248,0.449,-17.375,-69.188,40.938,-0.137,0.016,1.066,-0.184,0.410,0.648,0.000,0.000,0.532,0.307,3,NULL,NULL,,2,0,2,7,255,1125,250,0,0
pre_stim,2293,2293,0,2293,3199579.453,0.887,-0.017,0.012,0.462,0,0,2853,0,3079,2075,2745,2979,29,0.000,1,2038,0,81.495,1.330,-10.000,-73.813,33.063,-0.195,0.031,1.164,-0.840,1.031,0.648,0.000,0.000,0.532,0.307,3,NULL,NULL,,2,0,2,7,255,1125,250,0,0
pre_stim,2293,2293,0,2293,3199584.455,0.887,-0.015,0.015,0.461,0,0,2856,0,3084,2009,2771,2979,29,0.000,1,2038,0,82.619,1.631,-15.563,-77.625,23.625,-0.133,0.059,1.199,-0.840,1.398,1.590,0.000,0.000,0.532,0.307,3,NULL,NULL,,2,0,2,7,255,1125,250,0,0
pre_stim,2293,2293,0,2293,3199589.454,0.888,-0.013,0.018,0.460,0,0,2855,0,3095,1940,2777,2969,29,0.000,1,2038,0,86.952,1.540,-21.625,-80.875,23.500,-0.078,0.012,1.145,-0.645,1.398,1.590,0.000,0.000,0.532,0.307,3,NULL,NULL,,2,0,2,7,255,1125,250,0,0
pre_stim,2293,2293,0,2293,3199594.455,0.888,-0.010,0.020,0.459,0,0,2867,0,3093,1819,2797,2966,29,0.000,1,2038,0,91.756,0.958,-20.000,-84.375,30.000,-0.031,-0.016,1.094,-0.605,0.742,1.391,0.000,0.000,0.532,0.307,3,NULL,NULL,,2,0,2,7,255,1125,250,0,0
pre_stim,2293,2293,0,2293,3199599.454,0.889,-0.008,0.023,0.457,0,0,2868,0,3096,1725,2807,2968,29,0.000,1,2038,0,96.822,0.706,-16.750,-87.813,37.188,-0.027,-0.023,1.074,-0.645,0.289,0.891,0.000,0.000,0.532,0.307,3,NULL,NULL,,2,0,2,7,255,1125,250,0,0
pre_stim,2293,2293,0,2293,3199604.455,0.890,-0.006,0.026,0.455,0,0,2861,0,3113,1641,2815,2969,29,0.000,1,2038,0,101.657,0.735,-10.688,-91.375,43.250,-0.063,-0.035,1.063,-0.676,0.289,0.715,0.000,0.000,0.532,0.307,3,NULL,NULL,,2,0,2,7,255,1125,250,0,0
pre_stim,2293,2293,0,2293,3199609.454,0.891,-0.004,0.030,0.453,0,0,2859,0,3113,1549,2831,2958,29,0.000,1,2038,0,105.722,1.156,-2.375,-95.813,44.625,-0.105,-0.039,1.074,-1.012,0.559,0.641,0.000,0.000,0.532,0.307,3,NULL,NULL,,2,0,2,7,255,1125,250,0,0
pre_stim,2293,2293,0,2293,3199614.455,0.891,-0.002,0.034,0.452,0,0,2872,0,3115,1433,2839,2967,29,0.000,1,2038,0,107.710,1.629,2.938,-100.188,39.438,-0.145,-0.043,1.113,-1.332,0.938,0.641,0.000,0.000,0.532,0.307,3,NULL,NULL,,2,0,2,7,255,1125,250,0,0
pre_stim,2316,2316,0,2316,3199619.453,0.892,0.000,0.038,0.450,0,0,2861,0,3116,1319,2851,2939,29,0.000,1,2038,0,110.292,2.076,5.438,-105.000,33.313,-0.133,-0.039,1.156,-1.621,1.297,1.008,0.000,0.000,0.532,0.307,3,NULL,NULL,,2,0,2,7,255,1125,250,0,0
pre_stim,2316,2316,0,2316,3199624.455,0.892,0.002,0.042,0.449,0,0,2861,0,3125,1189,2861,2965,29,0.000,1,2038,0,113.492,2.101,6.313,-109.375,29.625,-0.105,0.008,1.184,-1.621,1.336,1.402,0.000,0.000,0.532,0.307,3,NULL,NULL,,2,0,2,7,255,1125,250,0,0
pre_stim,2316,2316,0,2316,3199629.454,0.893,0.004,0.046,0.448,0,0,2859,0,3117,1053,2884,2941,29,0.000,1,2038,0,117.727,1.899,7.625,-114.125,27.875,-0.066,0.066,1.211,-1.180,1.488,1.664,0.000,0.000,0.532,0.307,3,NULL,NULL,,2,0,2,7,255,1125,250,0,0
pre_stim,2316,2316,0,2316,3199634.455,0.893,0.006,0.051,0.447,0,0,2853,0,3129,889,2893,2949,29,0.000,1,2038,0,122.557,1.722,3.688,-119.125,28.563,-0.059,0.094,1.223,-0.602,1.613,1.980,0.000,0.000,0.532,0.307,3,NULL,NULL,,2,0,2,7,255,1125,250,0,0
pre_stim,2316,2316,0,2316,3199639.454,0.894,0.008,0.056,0.445,0,0,2839,0,3129,761,2905,2925,29,0.000,1,2038,0,127.955,1.882,3.625,-124.688,28.500,-0.074,0.129,1.242,-0.430,1.832,2.074,0.000,0.000,0.532,0.307,3,NULL,NULL,,2,0,2,7,255,1125,250,0,0
pre_stim,2316,2316,0,2316,3199644.455,0.894,0.010,0.061,0.444,0,0,2783,0,3135,637,2901,2923,29,0.000,1,2038,0,135.276,2.227,3.375,-131.750,30.500,-0.039,0.145,1.250,-0.328,2.203,2.219,0.000,0.000,0.532,0.307,3,NULL,NULL,,2,0,2,7,255,1125,250,0,0
pre_stim,2347,2347,0,2347,3199649.453,0.894,0.013,0.066,0.442,0,0,2812,0,3135,523,2908,2913,29,0.000,1,2038,0,141.817,2.227,-3.063,-137.875,33.063,-0.047,0.094,1.246,-0.328,2.203,2.254,0.000,0.000,0.532,0.307,3,NULL,NULL,,2,0,2,7,255,1125,250,0,0
pre_stim,2347,2347,0,2347,3199654.455,0.895,0.016,0.071,0.441,0,0,2791,0,3133,440,2931,2899,29,0.000,1,2038,0,146.438,2.175,-6.750,-143.000,30.813,-0.051,0.078,1.207,-0.617,2.086,2.254,0.000,0.000,0.532,0.307,3,NULL,NULL,,2,0,2,7,255,1125,250,0,0
pre_stim,2347,2347,0,2347,3199659.454,0.895,0.019,0.076,0.439,0,0,2770,0,3135,361,2938,2893,29,0.000,1,2038,0,153.742,2.172,-3.688,-149.438,35.938,-0.004,0.105,1.238,-0.617,2.082,2.168,0.000,0.000,0.532,0.307,3,NULL,NULL,,2,0,2,7,255,1125,250,0,0
pre_stim,2347,2347,0,2347,3199664.455,0.895,0.022,0.082,0.437,0,0,2745,0,3141,281,2936,2873,29,0.000,1,2038,0,161.517,2.231,-9.938,-156.313,39.438,-0.063,0.020,1.246,-0.801,2.082,2.117,0.000,0.000,0.532,0.307,3,NULL,NULL,,2,0,2,7,255,1125,250,0,0
pre_stim,2365,2365,0,2365,3199669.453,0.895,0.026,0.088,0.436,0,0,2717,0,3150,215,2940,2847,29,0.000,1,2038,0,163.921,2.628,-8.563,-160.375,32.813,-0.063,0.020,1.273,-1.547,2.125,2.168,0.000,0.000,0.532,0.307,3,NULL,NULL,,2,0,2,7,255,1125,250,0,0
pre_stim,2365,2365,0,2365,3199674.455,0.896,0.029,0.094,0.434,0,0,2676,0,3149,175,2955,2835,29,0.000,1,2038,0,173.040,2.796,-16.563,-167.125,41.688,-0.039,0.023,1.297,-1.617,2.281,2.355,0.000,0.000,0.532,0.307,3,NULL,NULL,,2,0,2,7,255,1125,250,0,0
pre_stim,2365,2365,0,2365,3199679.454,0.895,0.034,0.100,0.432,0,0,2635,0,3139,165,2952,2796,29,0.000,1,2038,0,175.471,2.851,-21.188,-171.563,30.125,-0.145,0.023,1.266,-1.668,2.313,2.355,0.000,0.000,0.532,0.307,3,NULL,NULL,,2,0,2,7,255,1125,250,0,0
pre_stim,2365,2365,0,2365,3199684.455,0.895,0.037,0.107,0.431,0,0,2583,0,3148,135,2954,2775,29,0.000,1,2038,0,180.056,3.902,-8.750,-178.375,22.938,-0.109,0.047,1.398,-2.223,3.207,2.598,0.000,0.000,0.532,0.307,3,NULL,NULL,,2,0,2,7,255,1125,250,0,0
pre_stim,2397,2397,0,2397,3199689.453,0.895,0.042,0.114,0.430,0,0,2515,0,3141,105,2965,2715,29,0.000,1,2038,0,187.685,4.169,-19.813,-185.500,20.563,-0.141,0.086,1.477,-2.313,3.469,3.332,0.000,0.000,0.532,0.307,3,NULL,NULL,,2,0,2,7,255,1125,250,0,0
pre_stim,2397,2397,0,2397,3199694.455,0.894,0.046,0.121,0.429,0,0,2423,0,3127,83,2963,2686,29,0.000,1,2038,0,194.604,4.820,-22.438,-192.813,13.813,-0.137,0.184,1.578,-2.223,4.277,3.922,0.000,0.000,0.532,0.307,3,NULL,NULL,,2,0,2,7,255,1125,250,0,0
pre_stim,2397,2397,0,2397,3199699.454,0.893,0.052,0.128,0.428,0,0,2339,0,3128,69,2953,2629,29,0.000,1,2038,0,206.024,5.551,-37.875,-202.250,10.313,-0.137,0.207,1.566,-1.848,5.234,4.566,0.000,0.000,0.532,0.307,3,NULL,NULL,,2,0,2,7,255,1125,250,0,0
pre_stim,2397,2397,0,2397,3199704.455,0.892,0.057,0.135,0.427,0,0,2235,0,3127,41,2953,2571,29,0.000,1,2038,0,218.406,5.868,-43.063,-213.750,12.563,-0.129,0.293,1.594,-1.762,5.598,4.719,0.000,0.000,0.532,0.307,3,NULL,NULL,,2,0,2,7,255,1125,250,0,0
pre_stim,2397,2397,0,2397,3199709.453,0.891,0.064,0.143,0.426,0,0,2101,0,3109,8,2951,2495,29,0.000,1,2038,0,229.990,6.480,-57.250,-222.750,0.688,-0.102,0.320,1.523,-1.203,6.367,4.566,0.000,0.000,0.532,0.307,3,NULL,NULL,,2,0,2,7,255,1125,250,0,0
pre_stim,2397,2397,0,2397,3199714.455,0.890,0.071,0.151,0.425,0,0,1947,0,3109,0,2943,2451,29,0.000,1,2038,0,242.325,6.488,-58.188,-235.125,7.188,-0.047,0.305,1.613,-0.922,6.422,4.719,0.000,0.000,0.532,0.307,3,NULL,NULL,,2,0,2,7,255,1125,250,0,0
pre_stim,2397,2397,0,2397,3199719.454,0.888,0.078,0.159,0.425,0,0,1781,0,3091,0,2935,2360,29,0.000,1,2038,0,256.104,6.515,-74.500,-245.000,3.750,-0.090,0.289,1.570,-0.922,6.449,4.203,0.000,0.000,0.532,0.307,3,NULL,NULL,,2,0,2,7,255,1125,250,0,0
pre_stim,2397,2397,0,2397,3199724.455,0.886,0.086,0.167,0.424,0,0,1587,0,3079,0,2915,2285,29,0.000,1,2038,0,269.971,6.956,-72.625,-259.688,13.125,-0.141,0.254,1.660,-1.309,6.832,4.688,0.000,0.000,0.532,0.307,3,NULL,NULL,,2,0,2,7,255,1125,250,0,0
pre_stim,2397,2397,0,2397,3199729.453,0.884,0.094,0.176,0.423,0,0,1383,0,3047,0,2895,2201,29,0.000,1,2038,0,283.448,7.825,-86.438,-269.938,-2.313,-0.184,0.301,1.613,-2.066,7.547,4.203,0.000,0.000,0.532,0.307,3,NULL,NULL,,2,0,2,7,255,1125,250,0,0
pre_stim,2397,2397,0,2397,3199734.455,0.881,0.103,0.185,0.422,0,0,1181,0,3019,0,2871,2104,29,0.000,1,2038,0,295.819,8.586,-86.500,-282.875,-2.938,-0.195,0.215,1.645,-2.180,8.305,3.930,0.000,0.000,0.532,0.307,3,NULL,NULL,,2,0,2,7,255,1125,250,0,0
pre_stim,2428,2428,0,2428,3199739.454,0.879,0.111,0.195,0.422,0,0,1109,0,2991,0,2843,1943,29,0.000,1,2038,0,303.284,8.849,-72.750,-294.063,-14.688,-0.238,0.066,1.824,-3.012,8.320,3.930,0.000,0.000,0.532,0.307,3,NULL,NULL,,2,0,2,7,255,1125,250,0,0
pre_stim,2428,2428,0,2428,3199744.455,0.875,0.119,0.206,0.421,0,0,1002,0,2949,0,2797,1823,29,0.000,1,2038,0,314.258,10.030,-67.688,-305.938,-24.063,-0.254,-0.074,2.121,-4.945,8.727,5.172,0.000,0.000,0.532,0.307,3,NULL,NULL,,2,0,2,7,255,1125,250,0,0
pre_stim,2428,2428,0,2428,3199749.454,0.871,0.128,0.217,0.421,0,0,909,0,2889,0,2739,1687,29,0.000,1,2038,0,329.721,11.305,-77.500,-318.938,-31.438,-0.289,0.152,2.336,-6.098,9.520,7.496,0.000,0.000,0.532,0.307,3,NULL,NULL,,2,0,2,7,255,1125,250,0,0
pre_stim,2428,2428,0,2428,3199754.455,0.867,0.137,0.228,0.421,0,0,821,0,2835,0,2647,1529,29,0.000,1,2038,0,345.113,13.887,-98.500,-327.375,-47.188,-0.355,0.438,2.414,-6.098,12.477,8.406,0.000,0.000,0.532,0.307,3,NULL,NULL,,2,0,2,7,255,1125,250,0,0
pre_stim,2451,2451,0,2451,3199759.453,0.862,0.147,0.239,0.423,0,0,737,0,2759,0,2527,1352,29,0.000,1,2038,0,357.232,16.133,-105.750,-333.375,-72.750,-0.363,0.445,2.457,-4.773,15.410,8.406,0.000,0.000,0.532,0.307,3,NULL,NULL,,2,0,2,7,255,1125,250,0,0
pre_stim,2451,2451,0,2451,3199764.455,0.856,0.157,0.250,0.424,0,0,615,0,2663,0,2390,1205,29,0.000,1,2038,0,370.883,16.159,-111.500,-345.438,-76.125,-0.297,0.270,2.473,-4.773,15.438,8.320,0.000,0.000,0.532,0.307,3,NULL,NULL,,2,0,2,7,255,1125,250,0,0
pre_stim,2451,2451,0,2451,3199769.454,0.850,0.167,0.262,0.426,0,0,493,0,2555,0,2237,987,29,0.000,1,2038,0,384.799,16.308,-123.188,-353.438,-89.313,-0.180,0.359,2.441,-4.773,15.594,8.195,0.000,0.000,0.532,0.307,3,NULL,NULL,,2,0,2,7,255,1125,250,0,0
pre_stim,2451,2451,0,2451,3199774.455,0.843,0.178,0.273,0.428,0,0,379,0,2409,0,2014,845,29,0.000,1,2038,0,399.296,16.143,-137.250,-361.125,-100.938,-0.043,0.316,2.297,-4.719,15.438,8.125,0.000,0.000,0.532,0.307,3,NULL,NULL,,2,0,2,7,255,1125,250,0,0
pre_stim,2451,2451,0,2451,3199779.453,0.836,0.189,0.285,0.429,0,0,198,0,2223,0,1801,727,29,0.000,1,2038,0,409.911,15.085,-140.188,-378.500,-71.500,0.043,0.047,2.145,-4.719,14.328,7.352,0.000,0.000,0.532,0.307,3,NULL,NULL,,2,0,2,7,255,1125,250,0,0
pre_stim,2451,2451,0,2451,3199784.455,0.829,0.201,0.297,0.428,0,0,121,0,1995,0,1533,583,29,0.000,1,2038,0,413.853,13.303,-133.875,-389.000,-45.063,0.109,-0.148,1.949,-5.566,12.082,6.449,0.000,0.000,0.532,0.307,3,NULL,NULL,,2,0,2,7,255,1125,250,0,0
pre_stim,2496,2496,0,2496,3199789.454,0.823,0.213,0.310,0.427,0,0,19,0,1693,0,1151,475,29,0.000,1,2038,0,423.376,11.961,-118.938,-405.813,-20.438,0.090,-0.309,1.629,-6.453,10.070,5.215,0.000,0.000,0.532,0.307,3,NULL,NULL,,2,0,2,7,255,1125,250,0,0
pre_stim,2496,2496,0,2496,3199794.455,0.817,0.225,0.323,0.423,0,0,0,0,1306,0,667,370,29,0.000,1,2038,0,434.655,10.199,-95.000,-423.375,25.563,0.117,-0.266,1.301,-6.453,7.898,2.547,0.000,0.000,0.532,0.307,3,NULL,NULL,,2,0,2,7,255,1125,250,0,0
pre_stim,2496,2496,0,2496,3199799.454,0.811,0.235,0.336,0.417,0,0,0,0,980,0,251,265,29,0.000,1,2038,0,429.229,8.801,-64.688,-422.000,44.375,0.188,0.035,1.129,-5.734,6.676,0.082,0.000,0.000,0.532,0.307,3,NULL,NULL,,2,0,2,7,255,1125,250,0,0
pre_stim,2496,2496,0,2496,3199804.455,0.806,0.244,0.349,0.410,0,0,0,0,637,0,0,183,29,0.000,1,2038,0,421.694,7.153,-14.938,-416.750,62.625,0.055,0.313,1.230,-2.570,6.676,-1.168,0.000,0.000,0.532,0.307,3,NULL,NULL,,2,0,2,7,255,1125,250,0,0
pre_stim,2496,2496,0,2496,3199809.454,0.802,0.253,0.363,0.402,0,0,0,0,243,0,0,123,29,0.000,1,2038,0,431.414,10.027,18.875,-420.875,92.875,-0.172,0.402,1.469,-2.559,9.695,-2.172,0.000,0.000,0.532,0.307,3,NULL,NULL,,2,0,2,7,255,1125,250,0,0
pre_stim,2496,2496,0,2496,3199814.455,0.797,0.263,0.376,0.393,0,0,0,0,0,0,0,54,29,0.000,0,2038,0,441.614,13.307,-11.625,-424.750,120.313,-0.320,0.430,1.648,-2.559,13.059,-2.938,0.000,0.000,0.000,0.000,4,NULL,NULL,,2,0,2,7,255,1125,250,0,0
pre_stim,2496,2496,0,2496,3199819.453,0.792,0.274,0.388,0.383,0,0,0,0,0,0,0,0,29,0.000,0,2038,0,451.099,15.577,-58.625,-425.875,136.688,-0.500,0.332,1.570,-3.789,15.109,-3.656,0.000,0.000,0.000,0.000,4,NULL,NULL,,2,0,2,7,255,1125,250,0,0
pre_stim,2496,2496,0,2496,3199824.455,0.786,0.287,0.399,0.375,0,0,0,0,0,0,0,0,29,0.000,0,2038,0,448.076,15.751,-84.250,-419.188,134.000,-0.563,0.297,1.203,-4.449,15.109,-5.973,0.000,0.000,0.000,0.000,0,NULL,NULL,,2,0,2,7,255,1125,250,0,0
pre_stim,2518,2518,0,2518,3199829.453,0.780,0.298,0.410,0.367,0,0,0,0,0,0,0,0,29,0.000,0,2038,0,432.912,13.287,-79.500,-408.500,119.250,-0.496,0.297,1.051,-4.449,12.520,-8.895,0.000,0.000,0.000,0.000,0,NULL,NULL,,2,0,2,7,255,1125,250,0,0
pre_stim,2518,2518,0,2518,3199834.455,0.774,0.309,0.420,0.360,0,0,0,0,0,0,0,0,29,0.000,0,2038,0,397.296,11.700,-78.500,-380.625,82.500,-0.074,0.547,1.031,-3.672,11.109,-8.895,0.000,0.000,0.000,0.000,0,NULL,NULL,,2,0,2,7,255,1125,250,0,0
pre_stim,2518,2518,0,2518,3199839.454,0.768,0.317,0.429,0.354,0,0,0,0,0,0,0,0,29,0.000,0,2038,0,342.763,11.024,-72.813,-330.000,57.313,0.457,0.367,1.258,-0.426,11.016,-6.906,0.000,0.000,0.000,0.000,0,NULL,NULL,,2,0,2,7,255,1125,250,0,0
pre_stim,2518,2518,0,2518,3199844.455,0.764,0.325,0.435,0.349,0,0,0,0,0,0,0,0,29,0.000,0,2038,0,264.641,11.024,-59.500,-244.875,80.813,0.469,0.141,1.645,-0.426,11.016,-1.313,0.000,0.000,0.000,0.000,0,NULL,NULL,,2,0,2,7,255,1125,250,0,0
pre_stim,2540,2540,0,2540,3199849.453,0.761,0.333,0.437,0.344,0,0,0,0,0,0,0,0,29,0.000,0,2038,0,230.923,13.218,-99.500,-168.625,122.438,-0.059,0.250,1.727,-3.863,12.641,-1.313,0.000,0.000,0.000,0.000,0,NULL,NULL,,2,0,2,7,255,1125,250,0,0
pre_stim,2540,2540,0,2540,3199854.455,0.758,0.341,0.437,0.343,0,0,0,0,0,0,0,0,29,0.000,0,2038,0,203.587,13.775,-153.188,-98.375,91.125,-0.477,0.441,1.230,-3.863,13.223,-4.262,0.000,0.000,0.000,0.000,0,NULL,NULL,,2,0,2,7,255,1125,250,0,0
pre_stim,2540,2540,0,2540,3199859.454,0.756,0.348,0.434,0.344,0,0,0,0,0,0,0,0,29,0.000,0,2038,0,178.300,13.593,-171.750,-12.625,46.188,-0.250,0.191,0.863,-3.152,13.223,-9.281,0.000,0.000,0.000,0.000,0,NULL,NULL,,2,0,2,7,255,1125,250,0,0
pre_stim,2540,2540,0,2540,3199864.455,0.756,0.354,0.428,0.347,0,0,0,0,0,0,0,0,29,0.000,0,2038,0,199.132,8.963,-181.938,58.688,55.750,-0.055,0.289,0.535,-2.797,8.516,-9.281,0.000,0.000,0.000,0.000,0,NULL,NULL,,2,0,2,7,255,1125,250,0,0
pre_stim,2540,2540,0,2540,3199869.453,0.756,0.359,0.421,0.349,0,0,0,0,0,0,0,0,29,0.000,0,2038,0,220.865,5.872,-166.563,118.688,83.375,-0.105,0.410,0.367,0.086,5.871,-9.281,0.000,0.000,0.000,0.000,0,NULL,NULL,,2,0,2,7,255,1125,250,0,0
pre_stim,2540,2540,0,2540,3199874.455,0.758,0.363,0.411,0.352,0,0,0,0,0,0,0,0,29,0.000,0,2038,0,236.856,5.114,-144.375,163.438,92.438,-0.273,0.250,0.355,0.086,5.113,-10.414,0.000,0.000,0.000,0.000,0,NULL,NULL,,2,0,2,7,255,1125,250,0,0
pre_stim,2593,2593,0,2593,3199879.454,0.761,0.366,0.402,0.354,0,0,0,0,0,0,0,0,29,0.000,0,2038,0,252.861,4.688,-132.938,194.250,92.375,-0.320,0.000,0.316,-0.340,4.676,-11.293,0.000,0.000,0.000,0.000,0,NULL,NULL,,2,0,2,7,255,1125,250,0,0
pre_stim,2593,2593,0,2593,3199884.455,0.764,0.368,0.391,0.357,0,0,0,0,0,0,0,0,29,0.000,0,2038,0,264.754,4.142,-123.188,214.313,94.813,-0.355,-0.055,0.180,-2.445,3.344,-11.469,0.000,0.000,0.000,0.000,0,NULL,NULL,,2,0,2,7,255,1125,250,0,0
pre_stim,2593,2593,0,2593,3199889.453,0.768,0.370,0.380,0.359,0,0,0,0,0,0,0,0,29,0.000,0,2038,0,266.890,3.232,-101.438,227.563,95.688,-0.387,-0.004,0.063,-2.445,2.113,-11.922,0.000,0.000,0.000,0.000,0,NULL,NULL,,2,0,2,7,255,1125,250,0,0
pre_stim,2593,2593,0,2593,3199894.455,0.772,0.370,0.370,0.361,0,0,0,0,0,0,0,0,29,0.000,0,2038,0,266.007,2.491,-71.813,236.250,98.938,-0.383,0.039,0.031,-2.012,1.469,-12.742,0.000,0.000,0.000,0.000,0,NULL,NULL,,2,0,2,7,255,1125,250,0,0
pre_stim,2593,2593,0,2593,3199899.454,0.777,0.369,0.359,0.363,0,0,0,0,0,0,0,0,29,0.000,0,2038,0,266.761,2.162,-46.375,242.063,102.063,-0.434,0.117,0.090,-1.586,1.469,-12.941,0.000,0.000,0.000,0.000,0,NULL,NULL,,2,0,2,7,255,1125,250,0,0
pre_stim,2593,2593,0,2593,3199904.455,0.782,0.367,0.349,0.364,0,0,0,0,0,0,0,0,29,0.000,0,2038,0,267.213,2.911,-30.813,246.875,97.500,-0.469,0.145,0.168,-1.586,2.441,-13.234,0.000,0.000,0.000,0.000,0,NULL,NULL,,2,0,2,7,255,1125,250,0,0
pre_stim,2593,2593,0,2593,3199909.453,0.786,0.365,0.338,0.366,0,0,0,0,0,0,0,0,29,0.000,0,2038,0,268.208,3.722,-19.688,249.688,95.938,-0.449,0.125,0.191,-1.586,3.367,-13.234,0.000,0.000,0.000,0.000,0,NULL,NULL,,2,0,2,7,255,1125,250,0,0
pre_stim,2593,2593,0,2593,3199914.455,0.791,0.363,0.328,0.367,0,0,0,0,0,0,0,0,29,0.000,0,2038,0,269.524,3.894,-7.688,251.250,97.250,-0.473,0.133,0.242,-1.746,3.480,-12.824,0.000,0.000,0.000,0.000,0,NULL,NULL,,2,0,2,7,255,1125,250,0,0
pre_stim,2616,2616,0,2616,3199919.453,0.796,0.360,0.318,0.368,0,0,0,0,0,0,0,0,29,0.000,0,2038,0,270.277,4.523,-2.563,252.688,95.875,-0.520,0.117,0.359,-1.965,4.074,-12.680,0.000,0.000,0.000,0.000,0,NULL,NULL,,2,0,2,7,255,1125,250,0,0
pre_stim,2616,2616,0,2616,3199924.455,0.801,0.357,0.307,0.369,0,0,0,0,0,0,0,0,29,0.000,0,2038,0,267.572,5.770,-5.500,253.188,86.375,-0.563,0.145,0.438,-2.598,5.152,-12.266,0.000,0.000,0.000,0.000,0,NULL,NULL,,2,0,2,7,255,1125,250,0,0
pre_stim,2616,2616,0,2616,3199929.454,0.805,0.354,0.297,0.371,0,0,0,0,0,0,0,0,29,0.000,0,2038,0,264.671,6.701,-8.063,254.438,72.438,-0.555,0.082,0.492,-2.762,6.105,-12.145,0.000,0.000,0.000,0.000,0,NULL,NULL,,2,0,2,7,255,1125,250,0,0
pre_stim,2616,2616,0,2616,3199934.455,0.809,0.351,0.287,0.373,0,0,0,0,0,0,0,0,29,0.000,0,2038,0,264.048,7.114,-8.063,255.938,64.438,-0.543,0.059,0.582,-3.324,6.289,-11.418,0.000,0.000,0.000,0.000,0,NULL,NULL,,2,0,2,7,255,1125,250,0,0
pre_stim,2616,2616,0,2616,3199939.454,0.813,0.348,0.277,0.375,0,0,0,0,0,0,0,0,29,0.000,0,2038,0,264.902,7.662,-12.813,258.625,55.875,-0.570,0.121,0.688,-3.383,6.875,-10.605,0.000,0.000,0.000,0.000,0,NULL,NULL,,2,0,2,7,255,1125,250,0,0
pre_stim,2616,2616,0,2616,3199944.455,0.817,0.345,0.267,0.378,0,0,0,0,0,0,0,0,29,0.000,0,2038,0,268.470,8.797,-25.688,264.313,39.438,-0.574,0.188,0.758,-3.383,8.121,-10.223,0.000,0.000,0.000,0.000,0,NULL,NULL,,2,0,2,7,255,1125,250,0,0
pre_stim,2642,2642,0,2642,3199949.454,0.819,0.342,0.256,0.383,0,0,0,0,0,0,0,0,29,0.000,0,2038,0,276.435,8.983,-39.500,272.625,23.063,-0.512,0.160,0.738,-2.930,8.492,-9.918,0.000,0.000,0.000,0.000,0,NULL,NULL,,2,0,2,7,255,1125,250,0,0
pre_stim,2642,2642,0,2642,3199954.455,0.822,0.339,0.245,0.387,0,0,0,0,0,0,0,0,29,0.000,0,2038,0,287.275,8.904,-47.563,283.000,13.250,-0.461,0.176,0.715,-2.676,8.492,-9.328,0.000,0.000,0.000,0.000,0,NULL,NULL,,2,0,2,7,255,1125,250,0,0
pre_stim,2642,2642,0,2642,3199959.453,0.824,0.336,0.234,0.392,0,0,0,0,0,0,0,0,29,0.000,0,2038,0,299.416,8.440,-51.875,294.875,2.750,-0.457,0.184,0.688,-2.125,8.168,-9.012,0.000,0.000,0.000,0.000,0,NULL,NULL,,2,0,2,7,255,1125,250,0,0
pre_stim,2642,2642,0,2642,3199964.455,0.826,0.332,0.222,0.398,0,0,0,0,0,0,0,10,29,0.000,0,2038,0,312.512,8.221,-51.063,308.125,-10.750,-0.438,0.160,0.656,-1.926,7.992,-8.996,0.000,0.000,0.000,0.000,0,NULL,NULL,,2,0,2,7,255,1125,250,0,0
pre_stim,2660,2660,0,2660,3199969.454,0.828,0.328,0.210,0.404,0,0,0,0,0,0,0,9,29,0.000,0,2038,0,326.626,7.775,-46.813,322.563,-21.125,-0.391,0.145,0.633,-1.840,7.555,-8.840,0.000,0.000,0.000,0.000,0,NULL,NULL,,2,0,2,7,255,1125,250,0,0
pre_stim,2660,2660,0,2660,3199974.455,0.830,0.323,0.198,0.411,0,0,0,0,0,0,0,20,29,0.000,0,2038,0,338.546,7.248,-37.625,335.313,-27.625,-0.398,0.133,0.582,-1.543,7.082,-8.652,0.000,0.000,0.000,0.000,0,NULL,NULL,,2,0,2,7,255,1125,250,0,0
pre_stim,2660,2660,0,2660,3199979.453,0.831,0.317,0.186,0.417,0,0,0,0,0,0,0,23,29,0.000,0,2038,0,349.847,6.910,-19.375,347.688,-33.625,-0.391,0.129,0.582,-1.531,6.738,-8.445,0.000,0.000,0.000,0.000,0,NULL,NULL,,2,0,2,7,255,1125,250,0,0
pre_stim,2660,2660,0,2660,3199984.455,0.833,0.310,0.173,0.424,0,0,0,0,0,0,0,18,29,0.000,0,2038,0,361.340,6.883,-5.375,358.938,-41.250,-0.410,0.172,0.656,-1.402,6.738,-8.398,0.000,0.000,0.000,0.000,0,NULL,NULL,,2,0,2,7,255,1125,250,0,0
pre_stim,2698,2698,0,2698,3199989.454,0.835,0.303,0.161,0.431,0,0,0,0,0,0,0,16,29,0.000,0,2038,0,373.301,7.491,4.313,369.313,-54.250,-0.391,0.215,0.680,-1.043,7.418,-7.961,0.000,0.000,0.000,0.000,0,NULL,NULL,,2,0,2,7,255,1125,250,0,0
pre_stim,2698,2698,0,2698,3199994.455,0.836,0.294,0.149,0.439,0,0,0,0,0,0,0,31,29,0.000,0,2038,0,383.345,7.432,18.250,377.125,-66.313,-0.188,0.238,0.672,-0.461,7.418,-7.641,0.000,0.000,0.000,0.000,0,NULL,NULL,,2,0,2,7,255,1125,250,0,0
pre_stim,2698,2698,0,2698,3199999.454,0.837,0.285,0.136,0.446,0,0,0,0,0,0,0,31,29,0.000,0,2038,0,389.497,6.365,33.188,382.438,-65.938,0.078,0.090,0.586,1.004,6.285,-6.566,0.000,0.000,0.000,0.000,0,NULL,NULL,,2,0,2,7,255,1125,250,0,0
pre_stim,2698,2698,0,2698,3200004.455,0.839,0.275,0.124,0.453,0,0,0,0,0,0,0,38,29,0.000,0,2038,0,386.046,3.596,58.938,379.125,-42.688,0.000,0.070,0.559,1.004,3.453,-5.668,0.000,0.000,0.000,0.000,0,NULL,NULL,,2,0,2,7,255,1125,250,0,0
pre_stim,2698,2698,0,2698,3200009.453,0.841,0.264,0.113,0.458,0,0,0,0,0,0,0,35,29,0.000,0,2038,0,386.274,3.710,88.438,373.813,-40.625,-0.086,0.184,0.637,1.355,3.453,-5.668,0.000,0.000,0.000,0.000,0,NULL,NULL,,2,0,2,7,255,1125,250,0,0
pre_stim,2698,2698,0,2698,3200014.455,0.843,0.253,0.103,0.464,0,0,0,0,0,0,0,37,29,0.000,0,2038,0,385.855,5.016,113.438,366.375,-42.250,-0.086,0.164,0.762,1.426,4.809,-5.668,0.000,0.000,0.000,0.000,0,NULL,NULL,,2,0,2,7,255,1125,250,0,0
pre_stim,2698,2698,0,2698,3200019.454,0.845,0.240,0.093,0.469,0,0,0,0,0,0,0,39,29,0.000,0,2038,0,384.312,5.402,131.938,358.875,-38.688,-0.098,0.223,0.922,1.453,5.203,-4.457,0.000,0.000,0.000,0.000,0,NULL,NULL,,2,0,2,7,255,1125,250,0,0
pre_stim,2698,2698,0,2698,3200024.455,0.847,0.228,0.083,0.474,0,0,0,0,0,0,0,37,29,0.000,0,2038,0,384.134,6.488,143.438,354.188,-39.188,-0.098,0.285,1.027,2.082,6.145,-3.195,0.000,0.000,0.000,0.000,0,NULL,NULL,,2,0,2,7,255,1125,250,0,0
pre_stim,2698,2698,0,2698,3200029.453,0.848,0.214,0.074,0.479,0,0,0,0,0,0,0,41,29,0.000,0,2038,0,385.348,7.216,155.625,350.438,-38.313,-0.105,0.277,1.129,2.758,6.668,-2.297,0.000,0.000,0.000,0.000,0,NULL,NULL,,2,0,2,7,255,1125,250,0,0
pre_stim,2698,2698,0,2698,3200034.455,0.850,0.201,0.065,0.483,0,0,0,0,0,0,0,39,29,0.000,0,2038,0,386.868,7.418,165.938,347.000,-41.500,-0.172,0.277,1.285,2.758,6.887,-1.223,0.000,0.000,0.000,0.000,0,NULL,NULL,,2,0,2,7,255,1125,250,0,0
pre_stim,2727,2727,0,2727,3200039.454,0.851,0.187,0.056,0.488,0,0,0,0,0,0,0,43,29,0.000,0,2038,0,385.433,8.240,167.063,343.563,-51.125,-0.188,0.289,1.484,2.832,7.738,0.219,0.000,0.000,0.000,0.000,0,NULL,NULL,,2,0,2,7,255,1125,250,0,0
pre_stim,2727,2727,0,2727,3200044.455,0.851,0.174,0.048,0.493,0,0,0,0,0,0,0,43,29,0.000,0,2038,0,380.225,8.674,157.313,341.188,-58.438,-0.141,0.305,1.648,3.016,8.133,2.176,0.000,0.000,0.000,0.000,0,NULL,NULL,,2,0,2,7,255,1125,250,0,0
pre_stim,2727,2727,0,2727,3200049.453,0.851,0.161,0.039,0.498,0,0,0,0,0,0,0,56,29,0.000,0,2038,0,372.279,8.910,139.500,339.688,-61.188,-0.094,0.313,1.750,3.641,8.133,3.988,0.000,0.000,0.000,0.000,0,NULL,NULL,,2,0,2,7,255,1125,250,0,0
pre_stim,2727,2727,0,2727,3200054.455,0.851,0.149,0.029,0.503,0,0,0,0,0,0,0,61,29,0.000,0,2038,0,365.176,8.694,122.063,338.813,-60.500,-0.090,0.289,1.750,4.090,7.672,5.250,0.000,0.000,0.000,0.000,0,NULL,NULL,,2,0,2,7,255,1125,250,0,0
pre_stim,2750,2750,0,2750,3200059.454,0.850,0.138,0.020,0.507,0,0,0,0,0,0,0,72,29,0.000,0,2038,0,361.123,8.147,109.063,338.188,-64.375,-0.129,0.324,1.746,4.148,7.012,5.535,0.000,0.000,0.000,0.000,0,NULL,NULL,,2,0,2,7,255,1125,250,0,0
pre_stim,2750,2750,0,2750,3200064.455,0.849,0.127,0.010,0.512,0,0,0,0,0,0,0,77,29,0.000,0,2038,0,359.791,8.228,96.813,338.000,-76.375,-0.125,0.367,1.738,4.344,6.988,5.535,0.000,0.000,0.000,0.000,0,NULL,NULL,,2,0,2,7,255,1125,250,0,0
pre_stim,2750,2750,0,2750,3200069.453,0.848,0.116,0.000,0.518,0,0,0,0,0,0,0,83,29,0.000,0,2038,0,358.574,8.223,87.313,337.313,-84.688,-0.051,0.336,1.734,4.855,6.637,5.535,0.000,0.000,0.000,0.000,0,NULL,NULL,,2,0,2,7,255,1125,250,0,0
pre_stim,2750,2750,0,2750,3200074.455,0.846,0.106,-0.010,0.523,0,0,0,0,0,0,0,87,29,0.000,0,2038,0,354.705,7.298,77.188,335.875,-83.938,0.008,0.281,1.707,4.953,5.359,5.816,0.000,0.000,0.000,0.000,0,NULL,NULL,,2,0,2,7,255,1125,250,0,0
pre_stim,2750,2750,0,2750,3200079.454,0.844,0.095,-0.020,0.528,0,0,0,0,0,0,0,85,29,0.000,0,2038,0,350.834,6.406,73.438,333.813,-79.125,0.008,0.266,1.625,4.953,4.063,5.816,0.000,0.000,0.000,0.000,0,NULL,NULL,,2,0,2,7,255,1125,250,0,0
pre_stim,2750,2750,0,2750,3200084.455,0.842,0.085,-0.030,0.532,0,0,0,0,0,0,0,95,29,0.000,0,2038,0,349.724,5.998,78.688,331.188,-80.188,-0.008,0.285,1.570,4.953,3.383,5.188,0.000,0.000,0.000,0.000,0,NULL,NULL,,2,0,2,7,255,1125,250,0,0
pre_stim,2796,2796,0,2796,3200089.453,0.839,0.074,-0.040,0.537,0,0,0,0,0,0,0,117,29,0.000,0,2038,0,351.032,5.831,88.000,329.563,-82.875,0.043,0.313,1.582,4.965,3.059,4.770,0.000,0.000,0.000,0.000,0,NULL,NULL,,2,0,2,7,255,1125,250,0,0
pre_stim,2796,2796,0,2796,3200094.455,0.837,0.063,-0.049,0.541,0,0,0,0,0,0,0,121,29,0.000,0,2038,0,350.284,5.977,98.063,327.750,-75.250,0.113,0.289,1.563,5.523,2.285,4.672,0.000,0.000,0.000,0.000,0,NULL,NULL,,2,0,2,7,255,1125,250,0,0
pre_stim,2796,2796,0,2796,3200099.454,0.835,0.051,-0.058,0.545,0,0,0,0,0,0,0,127,29,0.000,0,2038,0,350.788,5.630,115.938,325.500,-60.500,0.090,0.281,1.578,5.527,1.070,4.770,0.000,0.000,0.000,0.000,0,NULL,NULL,,2,0,2,7,255,1125,250,0,0
pre_stim,2796,2796,0,2796,3200104.455,0.833,0.039,-0.066,0.548,0,0,0,0,0,0,0,136,29,0.000,0,2038,0,354.409,5.699,134.125,323.750,-52.938,0.031,0.320,1.695,5.617,0.965,4.879,0.000,0.000,0.000,0.000,0,NULL,NULL,,2,0,2,7,255,1125,250,0,0
pre_stim,2796,2796,0,2796,3200109.454,0.831,0.026,-0.074,0.551,0,0,0,0,0,0,0,145,29,0.000,0,2038,0,357.452,5.935,146.813,322.188,-49.125,0.055,0.328,1.793,5.887,0.758,5.984,0.000,0.000,0.000,0.000,0,NULL,NULL,,2,0,2,7,255,1125,250,0,0
pre_stim,2796,2796,0,2796,3200114.455,0.828,0.013,-0.082,0.554,0,0,0,0,0,0,0,155,29,0.000,0,2038,0,361.341,6.227,162.313,320.500,-38.750,0.063,0.387,1.914,6.223,0.219,6.910,0.000,0.000,0.000,0.000,0,NULL,NULL,,2,0,2,7,255,1125,250,0,0
pre_stim,2796,2796,0,2796,3200119.454,0.826,-0.001,-0.089,0.556,0,0,0,0,0,0,0,155,29,0.000,0,2038,0,361.737,6.934,165.188,319.875,-35.313,0.094,0.449,2.035,6.930,-0.246,8.000,0.000,0.000,0.000,0.000,0,NULL,NULL,,2,0,2,7,255,1125,250,0,0
pre_stim,2796,2796,0,2796,3200124.455,0.824,-0.014,-0.097,0.558,0,0,0,0,0,0,0,165,29,0.000,0,2038,0,360.217,7.832,163.000,320.000,-28.063,0.176,0.488,2.148,7.770,-0.984,9.047,0.000,0.000,0.000,0.000,0,NULL,NULL,,2,0,2,7,255,1125,250,0,0
pre_stim,2796,2796,0,2796,3200129.454,0.822,-0.027,-0.105,0.560,0,0,0,0,0,0,0,179,29,0.000,0,2038,0,353.294,8.860,151.563,318.563,-19.063,0.301,0.465,2.141,8.543,-2.348,9.570,0.000,0.000,0.000,0.000,0,NULL,NULL,,2,0,2,7,255,1125,250,0,0
pre_stim,2817,2817,0,2817,3200134.454,0.820,-0.040,-0.112,0.560,0,0,0,0,0,0,0,185,29,0.000,0,2038,0,350.434,9.514,154.188,314.688,1.500,0.477,0.367,1.988,8.543,-4.188,9.570,0.000,0.000,0.000,0.000,0,NULL,NULL,,2,0,2,7,255,1125,250,0,0
pre_stim,2817,2817,0,2817,3200139.455,0.818,-0.054,-0.119,0.560,0,0,0,0,0,0,0,189,29,0.000,0,2038,0,350.914,10.873,164.000,309.375,23.063,0.500,0.426,2.016,8.719,-6.496,7.699,0.000,0.000,0.000,0.000,0,NULL,NULL,,2,0,2,7,255,1125,250,0,0
pre_stim,2817,2817,0,2817,3200144.455,0.817,-0.068,-0.126,0.559,0,0,0,0,0,0,0,199,29,0.000,0,2038,0,349.756,10.944,172.813,302.250,33.313,0.574,0.367,2.016,8.324,-7.105,7.664,0.000,0.000,0.000,0.000,0,NULL,NULL,,2,0,2,7,255,1125,250,0,0
pre_stim,2843,2843,0,2843,3200149.454,0.815,-0.081,-0.132,0.558,0,0,0,0,0,0,0,191,29,0.000,0,2038,0,347.765,12.168,173.125,298.438,43.625,0.578,0.398,2.309,8.719,-8.488,7.664,0.000,0.000,0.000,0.000,0,NULL,NULL,,2,0,2,7,255,1125,250,0,0
pre_stim,2844,2844,0,2844,3200154.455,0.814,-0.094,-0.139,0.556,0,0,0,0,0,0,0,191,29,0.000,0,2038,0,333.438,12.802,153.500,290.563,56.500,0.660,0.289,2.258,8.324,-9.727,8.852,0.000,0.000,0.000,0.000,0,NULL,NULL,,2,0,2,7,255,1125,250,0,0
pre_stim,2844,2844,0,2844,3200159.453,0.813,-0.107,-0.144,0.553,0,0,0,0,0,0,0,201,29,0.000,0,2038,0,340.051,13.873,170.875,281.875,83.563,0.664,0.305,2.156,8.090,-11.270,8.852,0.000,0.000,0.000,0.000,0,NULL,NULL,,2,0,2,7,255,1125,250,0,0
pre_stim,2844,2844,0,2844,3200164.455,0.813,-0.121,-0.149,0.550,0,0,0,0,0,0,0,202,29,0.000,0,2038,0,347.706,14.016,189.250,274.625,98.313,0.566,0.395,2.387,8.090,-11.445,8.852,0.000,0.000,0.000,0.000,0,NULL,NULL,,2,0,2,7,255,1125,250,0,0
pre_stim,2844,2844,0,2844,3200169.454,0.812,-0.135,-0.154,0.546,0,0,0,0,0,0,0,205,29,0.000,0,2038,0,337.178,14.455,171.563,270.000,106.563,0.633,0.383,2.590,8.660,-11.574,9.809,0.000,0.000,0.000,0.000,0,NULL,NULL,,2,0,2,7,255,1125,250,0,0
pre_stim,2844,2844,0,2844,3200174.455,0.812,-0.147,-0.160,0.542,0,0,0,0,0,0,0,202,29,0.000,0,2038,0,318.186,16.148,139.125,264.250,109.813,0.648,0.461,2.547,8.938,-13.449,10.340,0.000,0.000,0.000,0.000,0,NULL,NULL,,2,0,2,7,255,1125,250,0,0
pre_stim,2894,2894,0,2894,3200179.453,0.812,-0.158,-0.165,0.537,0,0,0,0,0,0,0,201,29,0.000,0,2038,0,305.198,16.275,120.688,255.563,115.188,0.770,0.336,2.352,8.938,-13.602,10.340,0.000,0.000,0.000,0.000,0,NULL,NULL,,2,0,2,7,255,1125,250,0,0
pre_stim,2894,2894,0,2894,3200184.455,0.812,-0.169,-0.171,0.532,0,0,0,0,0,0,0,212,29,0.000,0,2038,0,300.027,17.090,116.250,244.500,129.313,0.871,0.195,2.148,8.664,-14.730,7.723,0.000,0.000,0.000,0.000,0,NULL,NULL,,2,0,2,7,255,1125,250,0,0
pre_stim,2894,2894,0,2894,3200189.453,0.813,-0.179,-0.175,0.526,0,0,0,0,0,0,0,219,29,0.000,0,2038,0,296.729,17.283,119.063,231.250,142.813,0.930,0.129,1.977,7.559,-15.543,5.078,0.000,0.000,0.000,0.000,0,NULL,NULL,,2,0,2,7,255,1125,250,0,0
pre_stim,2894,2894,0,2894,3200194.455,0.813,-0.190,-0.179,0.520,0,0,0,0,0,0,0,225,29,0.000,0,2038,0,293.090,17.251,126.625,216.250,152.000,0.996,0.051,1.820,6.984,-15.773,2.965,0.000,0.000,0.000,0.000,0,NULL,NULL,,2,0,2,7,255,1125,250,0,0
pre_stim,2894,2894,0,2894,3200199.454,0.814,-0.201,-0.182,0.514,0,0,0,0,0,0,0,238,29,0.000,0,2038,0,292.295,17.319,139.250,199.250,162.313,1.059,-0.102,1.664,6.398,-16.094,0.906,0.000,0.000,0.000,0.000,0,NULL,NULL,,2,0,2,7,255,1125,250,0,0
pre_stim,2894,2894,0,2894,3200204.455,0.815,-0.212,-0.183,0.507,0,0,0,0,0,0,0,265,29,0.000,0,2038,0,295.881,17.362,155.375,180.688,175.375,1.070,-0.273,1.527,5.145,-16.582,-1.156,0.000,0.000,0.000,0.000,0,NULL,NULL,,2,0,2,7,255,1125,250,0,0
pre_stim,2894,2894,0,2894,3200209.453,0.816,-0.223,-0.184,0.501,0,0,0,0,0,0,0,276,29,0.000,0,2038,0,300.133,16.959,171.250,161.875,185.875,1.000,-0.480,1.383,3.555,-16.582,-2.863,0.000,0.000,0.000,0.000,0,NULL,NULL,,2,0,2,7,255,1125,250,0,0
pre_stim,2894,2894,0,2894,3200214.455,0.817,-0.235,-0.183,0.494,0,0,0,0,0,0,0,277,29,0.000,0,2038,0,304.878,16.565,192.063,142.375,189.188,0.891,-0.719,1.258,1.324,-16.512,-4.305,0.000,0.000,0.000,0.000,0,NULL,NULL,,2,0,2,7,255,1125,250,0,0
pre_stim,2915,2915,0,2915,3200219.454,0.817,-0.247,-0.181,0.488,0,0,0,0,0,0,0,278,29,0.000,0,2038,0,311.873,16.346,221.250,122.875,182.250,0.773,-0.949,1.250,-1.313,-16.293,-5.461,0.000,0.000,0.000,0.000,0,NULL,NULL,,2,0,2,7,255,1125,250,0,0
pre_stim,2915,2915,0,2915,3200224.455,0.817,-0.259,-0.178,0.483,0,0,0,0,0,0,0,278,29,0.000,0,2038,0,318.486,16.738,251.563,104.125,165.250,0.691,-1.074,1.402,-3.836,-16.293,-5.461,0.000,0.000,0.000,0.000,0,NULL,NULL,,2,0,2,7,255,1125,250,0,0
pre_stim,2915,2915,0,2915,3200229.453,0.816,-0.272,-0.174,0.480,0,0,0,0,0,0,0,279,29,0.000,0,2038,0,315.855,17.941,269.875,87.438,138.875,0.676,-1.055,1.680,-5.133,-17.191,-4.754,0.000,0.000,0.000,0.000,0,NULL,NULL,,2,0,2,7,255,1125,250,0,0
pre_stim,2915,2915,0,2915,3200234.455,0.814,-0.284,-0.170,0.477,0,0,0,0,0,0,0,283,29,0.000,0,2038,0,297.595,19.417,267.063,74.313,108.250,0.758,-0.984,1.988,-5.133,-18.727,-2.883,0.000,0.000,0.000,0.000,0,NULL,NULL,,2,0,2,7,255,1125,250,0,0
pre_stim,2915,2915,0,2915,3200239.454,0.812,-0.294,-0.166,0.475,0,0,0,0,0,0,0,285,29,0.000,0,2038,0,264.059,21.368,243.625,65.500,78.000,0.887,-0.949,2.250,-4.250,-20.941,-1.152,0.000,0.000,0.000,0.000,0,NULL,NULL,,2,0,2,7,255,1125,250,0,0
pre_stim,2915,2915,0,2915,3200244.455,0.810,-0.303,-0.163,0.474,0,0,0,0,0,0,0,295,29,0.000,0,2038,0,215.949,23.629,201.938,59.188,48.500,1.027,-0.938,2.395,-3.508,-23.367,-0.121,0.000,0.000,0.000,0.000,0,NULL,NULL,,2,0,2,7,255,1125,250,0,0
pre_stim,2942,2942,0,2942,3200249.453,0.808,-0.310,-0.162,0.474,0,0,0,0,0,0,0,296,29,0.000,0,2038,0,161.851,25.434,152.250,52.438,16.313,1.168,-0.887,2.375,-2.953,-25.262,-0.121,0.000,0.000,0.000,0.000,0,NULL,NULL,,2,0,2,7,255,1125,250,0,0
pre_stim,2942,2942,0,2942,3200254.455,0.806,-0.314,-0.161,0.475,0,0,0,0,0,0,0,301,29,0.000,0,2038,0,118.414,26.033,108.625,43.063,-19.188,1.441,-0.918,2.262,-2.039,-25.953,-1.137,0.000,0.000,0.000,0.000,0,NULL,NULL,,2,0,2,7,255,1125,250,0,0
pre_stim,2942,2942,0,2942,3200259.454,0.804,-0.317,-0.162,0.476,0,0,0,0,0,0,0,301,29,0.000,0,2038,0,84.025,27.208,70.500,31.375,-33.250,1.734,-0.895,2.055,-1.141,-27.184,-3.809,0.000,0.000,0.000,0.000,0,NULL,NULL,,2,0,2,7,255,1125,250,0,0
pre_stim,2942,2942,0,2942,3200264.455,0.803,-0.318,-0.162,0.478,0,0,0,0,0,0,0,310,29,0.000,0,2038,0,56.111,27.714,41.813,13.563,-34.875,1.918,-0.941,2.004,0.402,-27.711,-7.043,0.000,0.000,0.000,0.000,0,NULL,NULL,,2,0,2,7,255,1125,250,0,0
pre_stim,2960,2960,0,2960,3200269.453,0.802,-0.318,-0.162,0.479,0,0,0,0,0,0,0,317,29,0.000,0,2038,0,36.528,27.722,9.750,-7.000,-34.500,1.828,-0.840,1.773,0.781,-27.711,-8.664,0.000,0.000,0.000,0.000,0,NULL,NULL,,2,0,2,7,255,1125,250,0,0
pre_stim,2960,2960,0,2960,3200274.455,0.801,-0.317,-0.161,0.482,0,0,0,0,0,0,0,317,29,0.000,0,2038,0,81.787,26.348,-0.750,-31.438,-75.500,1.711,-0.820,1.648,0.781,-26.336,-9.547,0.000,0.000,0.000,0.000,0,NULL,NULL,,2,0,2,7,255,1125,250,0,0
pre_stim,2960,2960,0,2960,3200279.454,0.799,-0.315,-0.161,0.485,0,0,0,0,0,0,0,313,29,0.000,0,2038,0,98.216,25.696,-7.313,-55.063,-81.000,1.969,-0.758,1.566,1.195,-25.668,-9.691,0.000,0.000,0.000,0.000,0,NULL,NULL,,2,0,2,7,255,1125,250,0,0
pre_stim,2960,2960,0,2960,3200284.455,0.799,-0.312,-0.159,0.488,0,0,0,0,0,0,0,311,29,0.000,0,2038,0,93.570,24.800,-20.375,-78.563,-46.563,1.863,-0.609,1.582,2.238,-24.699,-10.117,0.000,0.000,0.000,0.000,0,NULL,NULL,,2,0,2,7,255,1125,250,0,0
pre_stim,2998,2998,0,2998,3200289.453,0.800,-0.309,-0.156,0.490,0,0,0,0,0,0,0,309,29,0.000,0,2038,0,105.771,24.708,-34.438,-98.125,-19.313,1.570,-0.504,1.500,2.449,-24.586,-10.117,0.000,0.000,0.000,0.000,0,NULL,NULL,,2,0,2,7,255,1125,250,0,0
pre_stim,2998,2998,0,2998,3200294.455,0.801,-0.305,-0.153,0.492,0,0,0,0,0,0,0,302,29,0.000,0,2038,0,120.868,21.887,-33.313,-113.875,-23.063,1.164,-0.613,1.391,2.449,-21.750,-8.574,0.000,0.000,0.000,0.000,0,NULL,NULL,,2,0,2,7,255,1125,250,0,0
pre_stim,2998,2998,0,2998,3200299.454,0.801,-0.301,-0.151,0.495,0,0,0,0,0,0,0,301,29,0.000,0,2038,0,143.431,18.672,-30.688,-122.813,-67.438,0.883,-0.676,1.527,-0.398,-18.668,-7.367,0.000,0.000,0.000,0.000,0,NULL,NULL,,2,0,2,7,255,1125,250,0,0
pre_stim,2998,2998,0,2998,3200304.455,0.800,-0.296,-0.148,0.500,0,0,0,63,0,0,0,331,29,0.000,0,2038,0,170.906,17.847,-48.063,-130.188,-99.750,0.836,-0.570,1.641,-1.824,-17.754,-4.824,0.000,0.000,0.000,0.000,0,NULL,NULL,,2,0,2,7,255,1125,250,0,0
pre_stim,2998,2998,0,2998,3200309.453,0.801,-0.300,-0.133,0.500,232,0,0,424,0,31,0,314,29,0.000,0,2038,0,357.215,17.911,241.813,-230.938,125.688,-0.348,-0.836,3.992,-2.363,-17.754,-3.180,0.000,0.000,0.000,0.000,0,NULL,NULL,,2,0,2,7,255,1125,250,0,0
pre_stim,2998,2998,0,2998,3200314.455,0.809,-0.300,-0.118,0.491,729,0,0,933,0,151,0,301,29,0.000,0,2038,0,443.617,19.698,83.000,-253.188,354.688,-0.988,2.203,5.910,-1.824,-19.613,20.383,0.000,0.000,0.000,0.000,0,NULL,NULL,,2,0,2,7,255,1125,250,0,0
pre_stim,2998,2998,0,2998,3200319.453,0.823,-0.274,-0.124,0.482,1305,0,0,1302,0,303,0,365,29,0.000,0,2038,0,713.048,21.812,-660.875,-168.188,208.313,-1.984,2.438,2.488,9.543,-19.613,26.832,0.000,0.000,0.000,0.000,0,NULL,NULL,,2,0,2,7,255,1125,250,0,0
pre_stim,2998,2998,0,2998,3200324.455,0.833,-0.246,-0.131,0.478,1773,0,0,1611,0,503,0,394,29,0.000,0,2039,0,716.206,14.090,-691.313,-179.563,52.875,-1.813,2.297,-0.512,9.875,10.051,26.832,0.000,0.000,0.000,0.000,1,1402.000,277.000,,2,0,2,7,255,1125,250,0,0
pre_stim,2998,2998,0,2998,3200329.454,0.836,-0.229,-0.135,0.481,2071,0,0,1816,0,601,0,472,29,0.000,0,2039,0,408.519,20.654,-373.750,-128.500,-103.375,-0.840,1.395,-1.219,9.875,18.141,-0.227,0.000,0.000,0.000,0.000,1,NULL,NULL,,2,0,2,7,255,1125,250,0,0
pre_stim,2998,2998,0,2998,3200334.455,0.836,-0.220,-0.133,0.485,2297,0,0,2004,0,754,0,560,29,0.000,0,2039,0,224.027,19.516,-126.125,-149.938,-108.625,0.363,0.445,-0.070,7.195,18.141,-11.047,0.000,0.000,0.000,0.000,1,NULL,NULL,,2,0,2,7,255,1125,250,0,0
pre_stim,3035,3035,0,3035,3200339.454,0.838,-0.215,-0.129,0.485,2523,0,0,2284,0,805,0,595,29,0.000,0,2039,0,169.786,7.211,-60.125,-154.750,35.563,0.758,0.656,1.059,7.195,-0.469,-11.047,0.000,0.000,0.000,0.000,1,NULL,NULL,,2,0,2,7,255,1125,250,0,0
pre_stim,3035,3035,0,3035,3200344.455,0.845,-0.208,-0.122,0.477,2677,0,0,2511,0,795,0,605,29,0.000,0,2039,0,318.967,5.469,-121.313,-187.188,228.000,-0.715,0.727,1.277,5.449,-0.469,-2.469,0.000,0.000,0.000,0.000,1,NULL,NULL,,2,0,2,7,255,1125,250,0,0
pre_stim,3035,3035,0,3035,3200349.454,0.854,-0.195,-0.118,0.468,2763,0,0,2644,0,793,0,660,29,0.000,0,2039,0,440.448,4.044,-282.188,-223.125,254.125,-2.262,-0.289,1.066,2.836,2.883,5.656,0.000,0.000,0.000,0.000,1,NULL,NULL,,2,0,2,7,255,1125,250,0,0
pre_stim,3035,3035,0,3035,3200354.455,0.858,-0.179,-0.116,0.467,2841,0,0,2748,0,781,0,729,29,0.000,0,2039,0,370.111,17.508,-301.313,-214.750,8.688,-2.391,-0.574,-0.105,-13.844,10.719,5.656,0.000,0.000,0.000,0.000,1,NULL,NULL,,2,0,2,7,255,1125,250,0,0
pre_stim,3035,3035,0,3035,3200359.453,0.858,-0.168,-0.111,0.473,2891,0,0,2830,0,779,0,805,29,0.000,0,2039,0,311.475,17.508,-159.063,-228.938,-138.938,-1.012,-0.414,-0.406,-13.844,10.719,-3.117,0.000,0.000,0.000,0.000,1,NULL,NULL,,2,0,2,7,255,1125,250,0,0
pre_stim,3035,3035,0,3035,3200364.455,0.856,-0.162,-0.104,0.481,2957,0,0,2907,0,779,0,852,29,0.000,0,2039,0,278.753,11.424,-7.688,-228.000,-160.188,0.180,-0.844,0.758,-8.992,7.047,-4.727,0.000,0.000,0.000,0.000,1,NULL,NULL,,2,0,2,7,255,1125,250,0,0
pre_stim,3056,3056,0,3056,3200369.454,0.855,-0.158,-0.096,0.485,2973,0,0,2952,0,804,0,893,29,0.000,0,2039,0,235.585,10.140,12.375,-217.313,-90.125,0.871,-1.035,1.754,-5.891,-8.254,-4.727,0.000,0.000,0.000,0.000,1,NULL,NULL,,2,0,2,7,255,1125,250,0,0
pre_stim,3056,3056,0,3056,3200374.455,0.856,-0.151,-0.090,0.487,3015,0,0,3003,0,870,0,949,29,0.000,0,2039,0,202.570,18.056,-52.313,-195.563,-7.313,0.992,-0.742,1.902,-3.777,-17.656,2.074,0.000,0.000,0.000,0.000,1,NULL,NULL,,2,0,2,7,255,1125,250,0,0
pre_stim,3056,3056,0,3056,3200379.453,0.859,-0.143,-0.086,0.485,3019,0,0,3035,0,931,0,975,29,0.000,0,2039,0,226.098,17.680,-128.813,-176.938,56.750,0.664,-0.566,1.613,-0.914,-17.656,2.594,0.000,0.000,0.000,0.000,1,NULL,NULL,,2,0,2,7,255,1125,250,0,0
pre_stim,3056,3056,0,3056,3200384.455,0.862,-0.134,-0.082,0.482,3051,0,0,3076,0,1045,0,1003,29,0.000,0,2039,0,248.053,13.094,-163.563,-162.250,91.938,0.090,-0.629,1.031,-0.914,-13.063,2.594,0.000,0.000,0.000,0.000,1,NULL,NULL,,2,0,2,7,255,1125,250,0,0
pre_stim,3095,3095,0,3095,3200389.454,0.865,-0.126,-0.079,0.479,3051,0,0,3087,0,1191,0,1054,29,0.000,0,2039,0,222.179,8.227,-132.500,-157.625,83.438,-0.395,-0.711,0.684,-4.477,-6.902,-1.172,0.000,0.000,0.000,0.000,1,NULL,NULL,,2,0,2,7,255,1125,250,0,0
pre_stim,3095,3095,0,3095,3200394.455,0.867,-0.121,-0.074,0.477,3069,0,0,3099,0,1311,0,1095,29,0.000,0,2039,0,172.553,7.051,-66.750,-153.813,40.750,-0.469,-0.531,0.820,-6.625,-2.414,-1.500,0.000,0.000,0.000,0.000,2,NULL,NULL,,2,0,2,7,255,1125,250,0,0
pre_stim,3095,3095,0,3095,3200399.454,0.868,-0.116,-0.069,0.478,3081,0,0,3113,0,1413,0,1165,29,0.000,0,2039,0,149.390,6.957,-27.563,-146.813,-1.938,-0.227,-0.160,1.230,-6.625,-2.125,-1.500,0.000,0.000,0.000,0.000,2,NULL,NULL,,2,0,2,7,255,1125,250,0,0
pre_stim,3095,3095,0,3095,3200404.455,0.868,-0.112,-0.065,0.479,3101,0,0,3119,117,1531,0,1237,29,0.000,0,2039,0,144.057,3.030,-42.563,-137.438,-7.188,0.137,0.105,1.395,-2.160,-2.125,2.195,0.000,0.000,0.000,0.000,2,NULL,NULL,,2,0,2,7,255,1125,250,0,0
pre_stim,3095,3095,0,3095,3200409.453,0.870,-0.106,-0.062,0.478,3094,0,0,3125,236,1643,6,1275,29,0.000,0,2039,0,148.726,4.367,-77.938,-125.000,20.500,0.281,0.066,1.344,1.938,-3.914,2.496,0.000,0.000,0.000,0.000,2,NULL,NULL,,2,0,2,7,255,1125,250,0,0
pre_stim,3095,3095,0,3095,3200414.455,0.871,-0.100,-0.059,0.476,3113,0,0,3130,393,1735,39,1317,29,0.000,0,2039,0,163.359,4.749,-104.250,-115.938,48.750,0.117,-0.184,1.129,1.938,-4.336,2.496,0.000,0.000,0.000,0.000,2,NULL,NULL,,2,0,2,7,255,1125,250,0,0
pre_stim,3095,3095,1,3095,3200419.454,0.873,-0.094,-0.057,0.475,3096,0,0,3131,531,1837,107,1397,29,0.000,0,2039,0,161.070,4.379,-106.813,-110.125,49.063,-0.098,-0.359,0.938,-0.613,-4.336,0.598,0.000,0.000,0.000,0.000,2,NULL,NULL,,2,1,2,7,255,1125,250,0,0
pre_stim,3095,3095,1,3095,3200424.455,0.875,-0.089,-0.055,0.474,3104,0,0,3141,761,1947,179,1507,29,0.000,0,2039,0,133.780,4.241,-80.938,-102.688,28.313,-0.105,-0.316,0.805,-2.941,-3.055,-0.922,0.000,0.000,0.000,0.000,2,NULL,NULL,,2,1,2,7,255,1125,250,0,0
pre_stim,3117,3117,1,3117,3200429.453,0.875,-0.086,-0.052,0.474,3109,0,0,3143,893,2008,377,1636,29,0.000,0,2039,0,92.334,4.241,-30.313,-87.063,5.188,0.105,-0.129,1.324,-2.941,-3.055,-0.922,0.000,0.000,0.000,0.000,2,NULL,NULL,,2,1,2,7,255,1125,250,0,0
pre_stim,3117,3117,1,3117,3200434.455,0.874,-0.084,-0.051,0.475,3115,0,0,3148,1035,2069,379,1727,29,0.000,0,2039,0,58.882,3.959,-19.875,-42.250,-35.875,0.242,0.168,1.605,-0.121,-3.957,2.672,0.000,0.000,0.000,0.000,2,NULL,NULL,,2,1,2,7,255,1125,250,0,0
pre_stim,3117,3117,1,3117,3200439.454,0.874,-0.082,-0.050,0.476,3115,0,0,3149,1167,2111,413,1790,29,0.000,0,2039,0,55.885,5.066,-27.188,-36.438,-32.500,0.512,0.793,1.098,3.164,-3.957,2.672,0.000,0.000,0.000,0.000,2,NULL,NULL,,2,1,2,7,255,1125,250,0,0
pre_stim,3117,3117,1,3117,3200444.455,0.874,-0.082,-0.049,0.476,3115,0,0,3151,1239,2147,419,1848,29,0.000,0,2039,0,27.229,7.362,3.438,-26.938,-2.000,0.305,0.621,1.367,7.109,-1.910,3.266,0.000,0.000,0.000,0.000,2,NULL,NULL,,2,1,2,7,255,1125,250,0,0
pre_stim,3142,3142,1,3142,3200449.453,0.875,-0.079,-0.050,0.476,3117,0,0,3151,1303,2167,425,1896,29,0.000,0,2039,0,64.111,7.282,-59.250,-18.750,15.750,-0.270,-0.059,1.551,7.109,-1.578,3.266,0.000,0.000,0.000,0.000,2,NULL,NULL,,2,1,2,7,255,1125,250,0,0
pre_stim,3142,3142,1,3142,3200454.455,0.875,-0.074,-0.052,0.476,3113,0,0,3153,1381,2175,431,1935,29,0.000,0,2039,0,112.161,1.632,-109.125,-13.500,-22.125,-0.449,0.008,0.988,-1.422,-0.801,3.266,0.000,0.000,0.000,0.000,2,NULL,NULL,,2,1,2,7,255,1125,250,0,0
pre_stim,3142,3142,1,3142,3200459.454,0.873,-0.072,-0.053,0.479,3116,0,0,3155,1471,2201,435,1965,29,0.000,0,2039,0,96.499,1.770,-62.063,-9.250,-73.313,-0.199,0.102,0.645,-1.422,1.055,0.461,0.000,0.000,0.000,0.000,2,NULL,NULL,,2,1,2,7,255,1125,250,0,0
pre_stim,3142,3142,1,3142,3200464.455,0.872,-0.071,-0.053,0.482,3115,0,0,3155,1533,2217,435,1991,29,0.000,0,2039,0,78.645,1.055,-8.625,-11.125,-77.375,0.133,0.051,0.934,0.008,1.055,-0.965,0.000,0.000,0.000,0.000,2,NULL,NULL,,2,1,2,7,255,1125,250,0,0
pre_stim,3142,3142,1,3142,3200469.453,0.871,-0.070,-0.053,0.484,3115,0,0,3156,1593,2232,457,2020,29,0.000,0,2039,0,45.752,2.765,-15.000,-7.875,-42.500,0.152,0.031,1.242,1.473,-2.340,-0.965,0.000,0.000,0.000,0.000,2,NULL,NULL,,2,1,2,7,255,1125,250,0,0
pre_stim,3142,3142,1,3142,3200474.455,0.871,-0.068,-0.054,0.484,3116,2,0,3157,1639,2253,471,2055,29,0.000,0,2039,0,56.978,2.765,-54.563,-3.375,-16.063,-0.082,0.074,1.184,1.473,-2.340,1.777,0.000,0.000,0.000,0.000,2,NULL,NULL,,2,1,2,7,255,1125,250,0,0
pre_stim,3193,3193,1,3193,3200479.454,0.870,-0.066,-0.055,0.485,3115,24,0,3160,1675,2267,481,2075,29,0.000,0,2039,0,71.531,1.087,-66.438,-1.938,-26.438,-0.254,0.125,0.949,0.723,-0.813,1.777,0.000,0.000,0.000,0.000,2,NULL,NULL,,2,1,2,7,255,1125,250,0,0
pre_stim,3193,3193,1,3193,3200484.455,0.869,-0.064,-0.056,0.487,3116,49,0,3160,1701,2279,488,2099,29,0.000,0,2039,0,75.027,0.616,-48.750,-1.875,-57.000,-0.207,0.043,0.859,0.191,0.586,-0.180,0.000,0.000,0.000,0.000,2,NULL,NULL,,2,1,2,7,255,1125,250,0,0
pre_stim,3193,3193,1,3193,3200489.453,0.868,-0.062,-0.057,0.489,3117,87,9,3161,1737,2287,505,2119,29,0.000,0,2039,0,67.903,0.589,-28.563,-3.563,-61.500,0.000,-0.051,0.926,0.059,0.586,-0.871,0.000,0.000,0.000,0.000,2,NULL,NULL,,2,1,2,7,255,1125,250,0,0
pre_stim,3193,3193,1,3193,3200494.455,0.867,-0.061,-0.057,0.491,3111,105,33,3159,1762,2299,524,2126,29,0.000,0,2039,0,48.126,1.653,-22.688,-0.688,-42.438,0.109,-0.098,1.039,0.059,-1.652,-0.871,0.000,0.000,0.000,0.000,2,NULL,NULL,,2,1,2,7,255,1125,250,0,0
pre_stim,3193,3193,1,3193,3200499.454,0.867,-0.060,-0.058,0.491,3115,139,103,3169,1785,2302,532,2145,29,0.000,0,2039,0,30.558,1.934,-27.438,-0.625,-13.438,0.031,-0.020,1.051,0.305,-1.910,0.051,0.000,0.000,0.000,0.000,2,NULL,NULL,,2,1,2,7,255,1125,250,0,0
pre_stim,3193,3193,1,3193,3200504.455,0.867,-0.059,-0.058,0.491,3127,169,177,3173,1807,2309,539,2155,29,0.000,0,2039,0,30.127,1.934,-29.313,1.688,-6.750,-0.117,-0.023,1.004,0.305,-1.910,0.070,0.000,0.000,0.000,0.000,2,NULL,NULL,,2,1,2,7,255,1125,250,0,0
pre_stim,3193,3193,1,3193,3200509.454,0.867,-0.058,-0.059,0.492,3104,172,233,3169,1837,2321,541,2155,29,0.000,0,2039,0,25.511,0.656,-24.875,-1.063,-5.563,-0.191,-0.023,0.969,-0.188,-0.629,0.070,0.000,0.000,0.000,0.000,2,NULL,NULL,,2,1,2,7,255,1125,250,0,0
pre_stim,3193,3193,1,3193,3200514.455,0.867,-0.057,-0.059,0.492,3120,187,295,3173,1853,2327,553,2169,29,0.000,0,2039,0,20.476,0.559,-14.938,-1.375,-13.938,-0.227,-0.020,0.961,-0.559,0.027,-0.156,0.000,0.000,0.000,0.000,2,NULL,NULL,,2,1,2,7,255,1125,250,0,0
pre_stim,3215,3215,1,3215,3200519.453,0.866,-0.057,-0.059,0.493,3109,231,391,3159,1880,2325,569,2175,29,1.041,1,2039,1,22.097,0.560,-8.250,-2.250,-20.375,-0.160,0.035,1.020,-0.559,0.035,-0.156,0.000,0.000,1.293,1.442,2,NULL,NULL,,2,1,2,7,255,1125,250,0,0
pre_stim,3215,3215,1,3215,3200524.455,0.866,-0.056,-0.059,0.493,3114,259,433,3169,1906,2316,601,2189,29,1.041,1,2039,1,17.817,0.141,-8.500,-3.813,-15.188,-0.102,0.066,1.070,0.137,0.035,0.301,0.002,0.002,1.293,1.442,2,NULL,NULL,,2,1,2,7,255,1125,250,0,0
pre_stim,3215,3215,1,3215,3200529.454,0.866,-0.055,-0.060,0.494,3098,279,538,3163,1931,2331,615,2191,29,1.041,1,2039,1,16.637,0.381,-14.563,-4.563,-6.625,-0.141,-0.008,1.039,0.137,-0.355,0.453,0.004,0.004,1.293,1.442,2,NULL,NULL,,2,1,2,7,255,1125,250,0,0
pre_stim,3215,3215,1,3215,3200534.455,0.866,-0.055,-0.060,0.494,3099,316,647,3158,1957,2331,663,2216,29,1.041,1,2039,1,18.871,0.363,-17.250,-4.750,-6.000,-0.207,-0.066,0.977,-0.074,-0.355,0.453,0.008,0.008,1.293,1.442,2,NULL,NULL,,2,1,2,7,255,1125,250,0,0
pre_stim,3215,3215,1,3215,3200539.454,0.866,-0.054,-0.060,0.494,3093,337,731,3143,1981,2330,687,2220,29,1.041,1,2039,1,17.335,0.707,-12.250,-8.125,-9.188,-0.215,-0.035,0.961,-0.707,-0.004,-0.027,0.010,0.012,1.293,1.442,2,NULL,NULL,,2,1,2,7,255,1125,250,0,0
pre_stim,3215,3215,1,3215,3200544.455,0.865,-0.053,-0.060,0.495,3081,343,775,3144,2021,2331,725,2259,29,1.041,1,2039,1,17.349,0.753,-5.063,-10.313,-13.000,-0.203,-0.008,0.961,-0.707,0.258,-0.180,0.014,0.014,1.293,1.442,2,NULL,NULL,,2,1,2,7,255,1125,250,0,0
pre_stim,3241,3241,1,3241,3200549.454,0.865,-0.053,-0.059,0.495,3065,347,856,3135,2045,2332,767,2278,29,1.041,1,2039,1,19.463,0.491,-1.500,-10.313,-16.438,-0.184,0.004,0.988,-0.418,0.258,-0.180,0.016,0.016,1.293,1.442,2,NULL,NULL,,2,1,2,7,255,1125,250,0,0
pre_stim,3241,3241,1,3241,3200554.455,0.865,-0.053,-0.059,0.496,3055,349,927,3127,2089,2334,806,2300,29,1.041,1,2039,1,19.713,0.271,-2.625,-11.813,-15.563,-0.176,0.016,1.020,-0.219,0.160,0.043,0.018,0.020,1.293,1.442,2,NULL,NULL,,2,1,2,7,255,1125,250,0,0
pre_stim,3241,3241,1,3241,3200559.453,0.865,-0.052,-0.059,0.496,3045,350,995,3116,2125,2335,867,2327,29,1.041,1,2039,1,20.472,0.224,-6.125,-13.938,-13.688,-0.207,0.020,1.023,-0.156,0.160,0.332,0.018,0.020,1.293,1.442,2,NULL,NULL,,2,1,2,7,255,1125,250,0,0
pre_stim,3241,3241,1,3241,3200564.455,0.864,-0.052,-0.058,0.497,3033,365,1107,3104,2169,2335,927,2343,29,1.041,1,2039,1,24.094,0.422,-6.625,-15.250,-17.438,-0.238,0.055,1.012,-0.059,0.418,0.352,0.018,0.022,1.293,1.442,2,NULL,NULL,,2,1,2,7,255,1125,250,0,0
pre_stim,3275,3275,1,3275,3200569.454,0.864,-0.051,-0.058,0.498,3020,373,1193,3093,2205,2339,999,2364,29,1.041,1,2039,1,31.940,0.887,-3.750,-15.250,-27.813,-0.223,0.105,1.031,-0.035,0.887,0.422,0.018,0.022,1.293,1.442,2,NULL,NULL,,2,1,2,7,255,1125,250,0,0
pre_stim,3275,3275,1,3275,3200574.455,0.863,-0.051,-0.057,0.499,3000,377,1278,3081,2239,2343,1075,2389,29,1.041,1,2039,1,39.300,1.018,-4.063,-14.625,-36.250,-0.156,0.145,1.066,0.500,0.887,0.496,0.018,0.024,1.293,1.442,2,NULL,NULL,,2,1,2,7,255,1125,250,0,0
pre_stim,3275,3275,1,3275,3200579.453,0.862,-0.050,-0.057,0.501,2981,373,1367,3049,2271,2340,1124,2403,29,1.041,1,2039,1,43.237,1.316,-9.688,-13.438,-39.938,-0.109,0.117,1.090,1.164,0.613,0.770,0.018,0.024,1.293,1.442,2,NULL,NULL,,2,1,2,7,255,1125,250,0,0
pre_stim,3275,3275,1,3275,3200584.455,0.861,-0.049,-0.057,0.502,2962,371,1479,3038,2303,2339,1195,2418,29,1.041,1,2039,1,46.260,1.165,-18.563,-12.250,-40.563,-0.105,0.039,1.063,1.164,0.055,0.770,0.018,0.026,1.293,1.442,2,NULL,NULL,,2,1,2,7,255,1125,250,0,0
pre_stim,3298,3298,1,3298,3200589.453,0.861,-0.048,-0.057,0.504,2935,377,1595,3015,2340,2341,1259,2429,29,1.041,1,2039,1,48.847,0.602,-23.438,-11.625,-41.250,-0.121,-0.008,1.000,0.523,-0.297,0.629,0.020,0.026,1.293,1.442,2,NULL,NULL,,2,1,2,7,255,1125,250,0,0
pre_stim,3298,3298,1,3298,3200594.455,0.860,-0.047,-0.057,0.506,2915,379,1701,3005,2361,2342,1339,2443,29,1.041,1,2039,1,49.813,0.297,-21.063,-12.063,-43.500,-0.152,-0.004,0.957,0.016,-0.297,0.047,0.020,0.028,1.293,1.442,2,NULL,NULL,,2,1,2,7,255,1125,250,0,0
pre_stim,3298,3298,1,3298,3200599.454,0.859,-0.046,-0.057,0.507,2875,384,1807,2983,2403,2339,1422,2461,29,1.041,1,2039,1,50.634,0.038,-15.250,-13.000,-46.500,-0.172,0.027,0.965,0.016,0.035,-0.223,0.020,0.028,1.293,1.442,2,NULL,NULL,,2,1,2,7,255,1125,250,0,0
pre_stim,3298,3298,1,3298,3200604.455,0.858,-0.045,-0.057,0.509,2841,403,1919,2966,2427,2331,1515,2483,29,1.041,1,2039,1,51.727,0.390,-12.938,-14.500,-47.938,-0.195,0.059,1.004,0.074,0.383,-0.223,0.018,0.030,1.293,1.442,2,NULL,NULL,,2,1,2,7,255,1125,250,0,0
pre_stim,3298,3298,1,3298,3200609.453,0.857,-0.044,-0.056,0.511,2813,415,2029,2937,2463,2329,1603,2489,29,1.041,1,2039,1,55.800,0.735,-15.375,-15.000,-51.500,-0.203,0.094,1.035,0.270,0.684,0.188,0.018,0.030,1.293,1.442,2,NULL,NULL,,2,1,2,7,255,1125,250,0,0
pre_stim,3298,3298,1,3298,3200614.455,0.855,-0.043,-0.056,0.513,2780,411,2133,2909,2492,2328,1682,2503,29,1.041,1,2039,1,63.115,1.054,-19.250,-15.313,-58.125,-0.188,0.117,1.043,0.582,0.879,0.484,0.016,0.030,1.293,1.442,2,NULL,NULL,,2,1,2,7,255,1125,250,0,0
pre_stim,3298,3298,1,3298,3200619.454,0.854,-0.041,-0.056,0.515,2732,429,2211,2878,2525,2325,1739,2517,29,1.041,1,2039,1,70.933,1.181,-23.625,-15.500,-65.063,-0.156,0.086,1.055,0.789,0.879,0.555,0.016,0.030,1.293,1.442,2,NULL,NULL,,2,1,2,7,255,1125,250,0,0
pre_stim,3298,3298,1,3298,3200624.455,0.853,-0.040,-0.056,0.518,2676,439,2285,2851,2549,2315,1811,2525,29,1.041,1,2039,1,76.134,0.918,-29.938,-15.000,-68.375,-0.117,0.031,1.047,0.789,0.469,0.555,0.016,0.032,1.293,1.442,2,NULL,NULL,,2,1,2,7,255,1125,250,0,0
pre_stim,3298,3298,1,3298,3200629.453,0.851,-0.038,-0.057,0.520,2615,453,2376,2820,2574,2311,1891,2539,29,1.041,1,2039,1,79.951,0.511,-35.188,-14.188,-70.375,-0.090,-0.020,1.027,0.508,-0.055,0.492,0.018,0.032,1.293,1.442,2,NULL,NULL,,2,1,2,7,255,1125,250,0,0
pre_stim,3298,3298,1,3298,3200634.455,0.850,-0.036,-0.057,0.523,2555,469,2445,2779,2590,2309,1957,2549,29,1.041,1,2039,0,81.869,0.538,-38.625,-13.688,-70.875,-0.090,-0.070,1.000,0.199,-0.500,0.277,0.022,0.034,1.293,1.442,2,NULL,NULL,,2,1,2,7,255,1125,250,0,0
pre_stim,3327,3327,1,3327,3200639.454,0.848,-0.034,-0.058,0.525,2493,472,2509,2743,2627,2311,2005,2553,29,1.041,1,2039,0,83.807,0.601,-44.000,-14.625,-69.813,-0.105,-0.094,0.984,-0.223,-0.559,0.043,0.024,0.034,1.293,1.442,2,NULL,NULL,,2,1,2,7,255,1125,250,0,0
pre_stim,3327,3327,1,3327,3200644.455,0.847,-0.031,-0.058,0.528,2429,473,2585,2723,2647,2299,2063,2571,29,1.041,1,2039,0,85.966,0.739,-45.563,-15.125,-71.313,-0.109,-0.109,0.926,-0.484,-0.559,-0.098,0.026,0.036,1.293,1.442,2,NULL,NULL,,2,1,2,7,255,1125,250,0,0
pre_stim,3327,3327,1,3327,3200649.453,0.845,-0.029,-0.058,0.530,2359,487,2643,2679,2664,2299,2120,2586,29,1.041,1,2039,0,76.706,0.821,-37.625,-15.063,-65.125,-0.047,-0.129,0.875,-0.602,-0.559,-0.645,0.026,0.036,1.293,1.442,2,NULL,NULL,,2,1,2,7,255,1125,250,0,0
pre_stim,3327,3327,1,3327,3200654.455,0.844,-0.027,-0.059,0.532,2287,491,2685,2637,2693,2295,2181,2598,29,1.041,1,2039,0,68.927,1.049,-31.375,-16.000,-59.250,-0.086,-0.145,0.945,-0.668,-0.809,-0.645,0.026,0.036,1.293,1.442,2,NULL,NULL,,2,1,2,7,255,1125,250,0,0
pre_stim,3350,3350,1,3350,3200659.454,0.843,-0.025,-0.059,0.534,2207,500,2719,2599,2705,2287,2233,2606,29,1.041,1,2039,0,65.828,1.008,-30.938,-16.375,-55.750,-0.109,-0.090,0.992,-0.602,-0.809,-0.445,0.026,0.034,1.293,1.442,2,NULL,NULL,,2,1,2,7,255,1125,250,0,0
pre_stim,3350,3350,1,3350,3200664.455,0.842,-0.024,-0.059,0.536,2123,498,2748,2549,2723,2283,2281,2621,29,1.041,1,2039,0,65.754,0.511,-30.375,-16.063,-56.063,-0.113,-0.047,0.988,-0.352,-0.371,-0.059,0.026,0.034,1.293,1.442,2,NULL,NULL,,2,1,2,7,255,1125,250,0,0
pre_stim,3350,3350,0,3350,3200669.453,0.840,-0.022,-0.059,0.538,2035,491,2787,2507,2741,2283,2313,2619,29,1.041,1,2039,0,63.755,0.184,-29.063,-16.438,-54.313,-0.113,-0.059,0.988,-0.066,-0.172,-0.047,0.024,0.032,1.293,1.442,2,NULL,NULL,,2,0,2,7,255,1125,250,0,0
pre_stim,3350,3350,0,3350,3200674.455,0.839,-0.020,-0.059,0.540,1963,483,2811,2459,2749,2277,2347,2643,29,1.041,1,2039,0,60.682,0.184,-29.250,-17.188,-50.313,-0.094,-0.109,0.996,-0.066,-0.172,-0.047,0.022,0.030,1.293,1.442,2,NULL,NULL,,2,0,2,7,255,1125,250,0,0
pre_stim,3350,3350,0,3350,3200679.454,0.838,-0.019,-0.059,0.542,1873,483,2835,2416,2775,2266,2387,2650,29,1.041,1,2039,0,60.718,0.653,-31.250,-16.313,-49.438,-0.074,-0.117,0.980,-0.406,-0.512,-0.047,0.020,0.028,1.293,1.442,2,NULL,NULL,,2,0,2,7,255,1125,250,0,0
pre_stim,3350,3350,0,3350,3200684.455,0.837,-0.017,-0.059,0.543,1767,489,2853,2375,2784,2255,2411,2651,29,1.041,1,2039,0,58.764,0.805,-29.813,-15.375,-48.250,-0.043,-0.125,0.941,-0.406,-0.695,-0.141,0.018,0.024,1.293,1.442,2,NULL,NULL,,2,0,2,7,255,1125,250,0,0
pre_stim,3396,3396,0,3396,3200689.453,0.836,-0.015,-0.059,0.545,1669,489,2885,2343,2807,2261,2428,2655,29,1.041,1,2039,0,54.448,1.002,-27.250,-14.813,-44.750,-0.012,-0.141,0.926,-0.375,-0.930,-0.559,0.018,0.020,1.293,1.442,2,NULL,NULL,,2,0,2,7,255,1125,250,0,0
pre_stim,3396,3396,0,3396,3200694.455,0.835,-0.014,-0.059,0.546,1609,495,2901,2293,2809,2253,2462,2670,29,1.041,1,2039,0,43.072,1.275,-22.438,-14.438,-33.813,-0.004,-0.172,0.910,-0.375,-1.219,-0.730,0.018,0.016,1.293,1.442,2,NULL,NULL,,2,0,2,7,255,1125,250,0,0
pre_stim,3396,3396,0,3396,3200699.454,0.835,-0.013,-0.059,0.547,1548,489,2905,2263,2829,2261,2487,2667,29,1.041,1,2039,0,31.277,1.302,-16.750,-13.938,-22.438,-0.035,-0.141,0.930,-0.457,-1.219,-0.730,0.018,0.012,1.293,1.442,2,NULL,NULL,,2,0,2,7,255,1125,250,0,0
pre_stim,3396,3396,0,3396,3200704.455,0.835,-0.012,-0.059,0.548,1479,492,2930,2231,2836,2255,2507,2683,29,1.041,1,2039,0,24.400,1.085,-11.563,-13.688,-16.563,-0.086,-0.086,0.969,-0.457,-0.984,-0.660,0.020,0.010,1.293,1.442,2,NULL,NULL,,2,0,2,7,255,1125,250,0,0
pre_stim,3396,3396,0,3396,3200709.453,0.834,-0.011,-0.058,0.548,1417,493,2939,2187,2841,2252,2535,2681,29,1.041,1,2039,0,25.884,0.334,-10.438,-13.625,-19.375,-0.109,-0.023,1.008,-0.129,-0.309,-0.258,0.022,0.010,1.293,1.442,2,NULL,NULL,,2,0,2,7,255,1125,250,0,0
pre_stim,3396,3396,0,3396,3200714.455,0.834,-0.010,-0.058,0.549,1381,494,2951,2155,2859,2253,2544,2705,29,1.041,1,2039,0,30.233,0.423,-10.875,-13.188,-24.938,-0.094,0.000,1.023,0.418,0.066,0.105,0.026,0.012,1.293,1.442,2,NULL,NULL,,2,0,2,7,255,1125,250,0,0
pre_stim,3426,3426,0,3426,3200719.454,0.833,-0.010,-0.058,0.550,1303,495,2979,2132,2863,2253,2575,2701,29,1.041,1,2039,1,31.793,0.691,-12.813,-13.063,-26.000,-0.047,-0.004,1.020,0.688,0.066,0.125,0.028,0.014,1.293,1.442,2,NULL,NULL,,2,0,2,7,255,1125,250,0,0
pre_stim,3426,3426,0,3426,3200724.455,0.833,-0.009,-0.058,0.551,1237,494,2934,2101,2873,2253,2584,2705,29,1.041,1,2039,1,27.742,0.774,-14.313,-12.438,-20.250,-0.012,-0.039,1.004,0.688,-0.355,0.125,0.030,0.018,1.293,1.442,2,NULL,NULL,,2,0,2,7,255,1125,250,0,0
pre_stim,3426,3426,0,3426,3200729.453,0.832,-0.008,-0.057,0.551,1195,499,2989,2093,2876,2261,2607,2717,29,1.041,1,2039,1,23.635,0.990,-16.125,-12.125,-12.313,-0.027,-0.094,0.988,0.637,-0.758,0.004,0.032,0.020,1.293,1.442,2,NULL,NULL,,2,0,2,7,255,1125,250,0,0
pre_stim,3426,3426,0,3426,3200734.454,0.832,-0.007,-0.057,0.551,1147,501,3001,2069,2885,2258,2615,2735,29,1.041,1,2039,1,21.086,0.764,-15.438,-11.438,-8.688,-0.055,-0.129,0.973,0.098,-0.758,-0.098,0.036,0.022,1.293,1.442,2,NULL,NULL,,2,0,2,7,255,1125,250,0,0
pre_stim,3426,3426,0,3426,3200739.455,0.832,-0.006,-0.057,0.552,1075,519,3017,2043,2890,2263,2629,2730,29,1.041,1,2039,1,17.331,0.885,-12.750,-10.500,-5.250,-0.012,-0.141,0.922,-0.352,-0.813,-0.184,0.038,0.026,1.293,1.442,2,NULL,NULL,,2,0,2,7,255,1125,250,0,0
pre_stim,3426,3426,0,3426,3200744.455,0.832,-0.005,-0.057,0.551,1041,525,3019,2039,2901,2261,2643,2736,29,1.041,1,2039,1,12.747,1.076,-6.750,-10.188,3.625,-0.016,-0.145,0.938,-0.355,-1.016,-0.555,0.038,0.028,1.293,1.442,2,NULL,NULL,,2,0,2,7,255,1125,250,0,0
pre_stim,3426,3426,0,3426,3200749.453,0.832,-0.005,-0.057,0.551,1012,525,3025,2009,2894,2258,2647,2745,29,1.041,1,2039,1,12.780,1.076,-6.063,-9.313,6.313,-0.102,-0.156,0.980,-0.355,-1.016,-0.555,0.040,0.030,1.293,1.442,2,NULL,NULL,,2,0,2,7,255,1125,250,0,0
pre_stim,3426,3426,0,3426,3200754.455,0.833,-0.004,-0.057,0.551,971,531,3033,1992,2902,2259,2651,2757,29,1.041,1,2039,1,12.535,0.690,-7.875,-9.688,1.125,-0.105,-0.141,0.984,-0.613,-0.316,-0.047,0.040,0.030,1.293,1.442,2,NULL,NULL,,2,0,2,7,255,1125,250,0,0
pre_stim,3448,3448,0,3448,3200759.453,0.833,-0.004,-0.057,0.551,943,540,3032,1965,2904,2261,2663,2751,29,1.041,1,2039,1,12.030,0.690,-8.375,-8.625,0.438,-0.059,-0.102,0.961,-0.613,-0.316,-0.047,0.040,0.030,1.293,1.442,2,NULL,NULL,,2,0,2,7,255,1125,250,0,0
pre_stim,3448,3448,0,3448,3200764.455,0.833,-0.003,-0.056,0.551,923,546,3035,1948,2908,2271,2680,2775,29,1.041,1,2039,1,11.899,0.358,-4.563,-9.125,6.125,-0.059,-0.074,0.977,-0.102,-0.344,-0.195,0.042,0.032,1.293,1.442,2,NULL,NULL,,2,0,2,7,255,1125,250,0,0
pre_stim,3448,3448,0,3448,3200769.453,0.833,-0.003,-0.056,0.550,887,542,3039,1915,2916,2275,2681,2772,29,1.041,1,2039,1,11.963,0.347,-1.563,-9.188,7.500,-0.098,-0.074,1.004,0.047,-0.344,-0.195,0.042,0.032,1.293,1.442,2,NULL,NULL,,2,0,2,7,255,1125,250,0,0
pre_stim,3448,3448,0,3448,3200774.455,0.833,-0.003,-0.056,0.550,839,541,3051,1885,2923,2267,2687,2781,29,1.041,1,2039,1,11.252,0.174,-1.813,-10.125,4.563,-0.090,-0.094,1.016,0.047,-0.168,0.102,0.042,0.030,1.293,1.442,2,NULL,NULL,,2,0,2,7,255,1125,250,0,0
pre_stim,3508,3508,0,3508,3200779.453,0.833,-0.002,-0.055,0.550,727,537,3060,1834,2923,2276,2687,2776,29,1.041,1,2039,1,15.982,0.189,-2.500,-11.500,10.813,-0.078,-0.109,1.008,-0.086,-0.168,0.145,0.042,0.030,1.293,1.442,2,NULL,NULL,,2,0,2,7,255,1125,250,0,0
pre_stim,3508,3508,0,3508,3200784.455,0.834,-0.002,-0.055,0.549,655,533,3053,1816,2927,2267,2698,2779,29,1.041,1,2039,1,18.295,0.325,-1.438,-12.125,13.625,-0.070,-0.098,0.977,-0.102,-0.309,0.145,0.042,0.030,1.293,1.442,2,NULL,NULL,,2,0,2,7,255,1125,250,0,0
pre_stim,3508,3508,0,3508,3200789.454,0.834,-0.002,-0.054,0.549,613,500,3056,1747,2943,2268,2703,2777,29,1.041,1,2039,1,22.106,0.366,2.813,-13.375,17.375,-0.059,-0.109,0.973,-0.191,-0.313,-0.160,0.042,0.030,1.293,1.442,2,NULL,NULL,,2,0,2,7,255,1125,250,0,0
pre_stim,3508,3508,0,3508,3200794.455,0.835,-0.002,-0.054,0.548,493,483,3052,1687,2952,2276,2718,2791,29,1.041,1,2039,1,33.105,0.488,8.125,-14.875,28.438,-0.039,-0.129,0.965,-0.191,-0.449,-0.219,0.042,0.030,1.293,1.442,2,NULL,NULL,,2,0,2,7,255,1125,250,0,0
pre_stim,3508,3508,0,3508,3200799.454,0.836,-0.002,-0.053,0.547,373,444,3065,1598,2939,2263,2719,2803,29,1.041,1,2039,1,38.785,0.488,10.063,-17.125,33.313,-0.109,-0.086,1.027,-0.191,-0.449,-0.219,0.042,0.032,1.293,1.442,2,NULL,NULL,,2,0,2,7,255,1125,250,0,0
pre_stim,3508,3508,0,3508,3200804.455,0.837,-0.002,-0.052,0.545,312,421,3051,1541,2942,2271,2727,2810,29,1.041,1,2039,1,35.378,0.293,7.125,-17.875,29.688,-0.180,-0.121,1.035,-0.281,0.082,0.352,0.042,0.032,1.293,1.442,2,NULL,NULL,,2,0,2,7,255,1125,250,0,0
pre_stim,3508,3508,0,3508,3200809.454,0.837,-0.001,-0.051,0.545,227,405,3051,1447,2951,2263,2725,2811,29,1.041,1,2039,1,28.030,0.212,4.500,-19.750,19.375,-0.070,-0.105,1.004,-0.195,0.082,0.352,0.044,0.034,1.293,1.442,2,NULL,NULL,,2,0,2,7,255,1125,250,0,0
pre_stim,3508,3508,0,3508,3200814.455,0.838,-0.001,-0.050,0.543,159,375,3053,1311,2957,2263,2739,2829,29,1.041,1,2039,1,46.741,0.369,13.875,-23.313,38.063,-0.020,-0.082,0.965,-0.195,-0.313,0.121,0.044,0.034,1.293,1.442,2,NULL,NULL,,2,0,2,7,255,1125,250,0,0
pre_stim,3508,3508,0,3508,3200819.453,0.839,-0.002,-0.049,0.542,101,349,3055,1175,2966,2236,2742,2821,29,1.041,1,2039,1,48.567,0.348,18.250,-23.313,38.500,-0.125,-0.012,1.027,0.152,-0.313,0.121,0.044,0.036,1.293,1.442,2,NULL,NULL,,2,0,2,7,255,1125,250,0,0
pre_stim,3508,3508,0,3508,3200824.455,0.840,-0.002,-0.047,0.541,71,293,3049,1032,2980,2231,2745,2835,29,1.041,1,2039,1,50.012,0.696,18.813,-28.063,36.875,-0.125,0.059,1.129,0.398,0.570,0.297,0.044,0.036,1.293,1.442,2,NULL,NULL,,2,0,2,7,255,1125,250,0,0
pre_stim,3508,3508,0,3508,3200829.454,0.841,-0.002,-0.046,0.540,46,239,3027,879,2983,2217,2764,2840,29,1.041,1,2039,1,41.338,0.696,7.375,-27.938,29.563,-0.113,-0.035,1.066,0.398,0.570,0.707,0.046,0.038,1.293,1.442,2,NULL,NULL,,2,0,2,7,255,1125,250,0,0
pre_stim,3508,3508,0,3508,3200834.455,0.842,-0.002,-0.045,0.538,37,163,3053,788,2997,2219,2772,2853,29,1.041,1,2039,1,49.811,0.436,13.313,-32.375,35.438,-0.090,-0.063,1.070,0.215,0.379,0.734,0.046,0.038,1.293,1.442,2,NULL,NULL,,2,0,2,7,255,1125,250,0,0
pre_stim,3533,3533,0,3533,3200839.454,0.843,-0.002,-0.043,0.537,25,108,3053,691,2988,2203,2777,2859,29,1.041,1,2039,1,56.608,0.385,17.750,-34.688,41.063,-0.152,-0.043,1.133,0.070,0.379,0.734,0.046,0.040,1.293,1.442,2,NULL,NULL,,2,0,2,7,255,1125,250,0,0
pre_stim,3533,3533,0,3533,3200844.455,0.844,-0.002,-0.041,0.535,19,93,2997,598,3001,2198,2793,2869,29,1.041,1,2039,1,63.492,0.695,22.375,-39.375,44.500,-0.199,-0.004,1.223,0.070,0.691,1.375,0.048,0.042,1.293,1.442,2,NULL,NULL,,2,0,2,7,255,1125,250,0,0
pre_stim,3533,3533,0,3533,3200849.454,0.845,-0.001,-0.040,0.533,11,73,3053,539,3013,2197,2808,2873,29,1.041,1,2039,1,61.539,0.742,8.688,-41.875,44.250,-0.148,-0.031,1.211,0.129,0.730,2.121,0.048,0.042,1.293,1.442,2,NULL,NULL,,2,0,2,7,255,1125,250,0,0
pre_stim,3533,3533,0,3533,3200854.455,0.846,-0.001,-0.038,0.532,9,57,3053,484,3006,2189,2809,2891,29,1.041,1,2039,1,66.523,0.742,1.438,-45.375,48.625,-0.199,-0.156,1.152,0.129,0.730,2.121,0.048,0.044,1.293,1.442,2,NULL,NULL,,2,0,2,7,255,1125,250,0,0
pre_stim,3533,3533,0,3533,3200859.453,0.848,0.000,-0.036,0.530,1,39,3051,439,3013,2171,2823,2888,29,1.041,1,2039,1,72.280,1.478,0.188,-49.813,52.375,-0.230,-0.203,1.133,-1.285,0.730,1.680,0.048,0.044,1.293,1.442,2,NULL,NULL,,2,0,2,7,255,1125,250,0,0
pre_stim,3533,3533,0,3533,3200864.455,0.849,0.002,-0.035,0.528,0,18,3064,389,3023,2153,2839,2889,29,1.041,1,2039,0,66.638,2.023,-3.625,-53.500,39.563,-0.258,-0.254,1.047,-1.848,0.824,1.516,0.046,0.044,1.293,1.442,2,NULL,NULL,,2,0,2,7,255,1125,250,0,0
pre_stim,3559,3559,0,3559,3200869.454,0.850,0.003,-0.033,0.526,0,0,3063,327,3027,2134,2851,2899,29,1.041,1,2039,0,70.493,2.023,5.563,-58.500,38.938,-0.207,-0.188,1.125,-1.848,0.824,1.422,0.046,0.046,1.293,1.442,2,NULL,NULL,,2,0,2,7,255,1125,250,0,0
pre_stim,3559,3559,0,3559,3200874.455,0.850,0.004,-0.031,0.525,0,0,3061,269,3036,2109,2855,2907,29,1.041,1,2039,0,67.706,1.877,0.938,-60.813,29.750,-0.195,-0.113,1.113,-1.660,0.875,1.238,0.044,0.046,1.293,1.442,2,NULL,NULL,,2,0,2,7,255,1125,250,0,0
pre_stim,3598,3598,0,3598,3200879.453,0.851,0.005,-0.028,0.524,0,0,3066,217,3049,2071,2867,2903,29,1.041,1,2039,0,73.077,1.699,9.375,-66.500,28.813,-0.230,-0.125,1.066,-1.348,1.035,1.238,0.042,0.046,1.293,1.442,2,NULL,NULL,,2,0,2,7,255,1125,250,0,0
pre_stim,3598,3598,0,3598,3200884.455,0.852,0.006,-0.025,0.523,0,0,3059,184,3053,2024,2887,2919,29,1.041,1,2039,0,79.054,1.661,23.813,-71.688,23.313,-0.188,-0.047,1.133,-1.008,1.320,1.238,0.040,0.048,1.293,1.442,2,NULL,NULL,,2,0,2,7,255,1125,250,0,0
pre_stim,3598,3598,0,3598,3200889.454,0.852,0.007,-0.022,0.522,0,0,3054,155,3065,1957,2890,2911,29,1.041,1,2039,0,79.844,1.517,18.688,-74.625,21.375,-0.141,-0.102,1.184,-0.746,1.320,1.367,0.038,0.048,1.293,1.442,2,NULL,NULL,,2,0,2,7,255,1125,250,0,0
pre_stim,3598,3598,0,3598,3200894.455,0.853,0.008,-0.019,0.521,0,0,3053,88,3061,1900,2900,2909,29,1.041,1,2039,0,87.915,1.100,17.625,-80.188,31.438,-0.148,-0.109,1.242,-0.746,0.809,1.852,0.038,0.048,1.293,1.442,3,NULL,NULL,,2,0,2,7,255,1125,250,0,0
pre_stim,3598,3598,0,3598,3200899.454,0.854,0.009,-0.016,0.520,0,0,3055,42,3065,1807,2908,2919,29,1.041,1,2039,0,92.357,1.191,18.313,-85.625,29.375,-0.215,-0.070,1.074,-0.875,0.809,1.852,0.036,0.048,1.293,1.442,3,NULL,NULL,,2,0,2,7,255,1125,250,0,0
pre_stim,3598,3598,0,3598,3200904.455,0.855,0.010,-0.012,0.519,0,0,3045,18,3077,1717,2919,2926,29,1.041,1,2039,0,99.828,1.338,33.500,-90.875,24.188,-0.133,-0.066,1.156,-0.875,1.012,1.566,0.036,0.050,1.293,1.442,3,NULL,NULL,,2,0,2,7,255,1125,250,0,0
pre_stim,3598,3598,0,3598,3200909.454,0.855,0.010,-0.007,0.518,0,0,3049,0,3090,1639,2923,2909,29,1.041,1,2039,0,104.716,1.718,41.688,-94.125,19.188,-0.180,0.016,1.191,-0.602,1.609,1.566,0.036,0.052,1.293,1.442,3,NULL,NULL,,2,0,2,7,255,1125,250,0,0
pre_stim,3598,3598,0,3598,3200914.455,0.856,0.011,-0.003,0.517,0,0,3043,0,3087,1541,2939,2919,29,1.041,1,2039,0,109.459,1.818,38.875,-100.625,18.563,-0.152,0.039,1.309,-0.184,1.809,1.844,0.036,0.054,1.293,1.442,3,NULL,NULL,,2,0,2,7,255,1125,250,0,0
pre_stim,3598,3598,0,3598,3200919.453,0.856,0.012,0.002,0.516,0,0,3038,0,3087,1387,2963,2917,29,1.041,1,2039,0,110.850,1.813,28.938,-105.000,20.625,-0.070,0.105,1.379,0.121,1.809,2.977,0.036,0.056,1.293,1.442,3,NULL,NULL,,2,0,2,7,255,1125,250,0,0
pre_stim,3598,3598,0,3598,3200924.455,0.857,0.013,0.006,0.515,0,0,3031,0,3095,1271,2963,2905,29,1.041,1,2039,0,112.331,2.007,13.500,-108.750,24.688,-0.078,0.129,1.305,0.996,1.742,2.977,0.034,0.058,1.293,1.442,3,NULL,NULL,,2,0,2,7,255,1125,250,0,0
pre_stim,3598,3598,0,3598,3200929.454,0.858,0.015,0.011,0.513,0,0,3021,0,3095,1105,2968,2905,29,1.041,1,2039,0,126.573,2.007,21.813,-119.313,36.188,-0.105,0.094,1.152,0.996,1.742,2.898,0.034,0.060,1.293,1.442,3,NULL,NULL,,2,0,2,7,255,1125,250,0,0
pre_stim,3598,3598,0,3598,3200934.455,0.859,0.016,0.017,0.512,0,0,3013,0,3095,949,2980,2908,29,1.041,1,2039,0,141.922,2.026,48.250,-126.500,42.563,-0.113,0.141,1.273,0.777,1.871,2.543,0.030,0.062,1.293,1.442,3,NULL,NULL,,2,0,2,7,255,1125,250,0,0
pre_stim,3628,3628,0,3628,3200939.454,0.860,0.017,0.023,0.510,0,0,2996,0,3097,835,2995,2890,29,1.041,1,2039,0,143.536,2.403,42.313,-132.125,36.813,-0.121,0.207,1.418,0.777,2.273,2.543,0.026,0.064,1.293,1.442,3,NULL,NULL,,2,0,2,7,255,1125,250,0,0
pre_stim,3628,3628,0,3628,3200944.455,0.861,0.019,0.028,0.508,0,0,2983,0,3101,679,2996,2887,29,1.041,1,2039,0,147.264,3.014,25.938,-138.438,43.000,-0.086,0.211,1.492,1.199,2.766,3.898,0.020,0.066,1.293,1.442,3,NULL,NULL,,2,0,2,7,255,1125,250,0,0
pre_stim,3628,3628,0,3628,3200949.454,0.862,0.022,0.034,0.506,0,0,2970,0,3111,567,3001,2859,29,1.041,1,2039,0,157.843,3.062,7.438,-146.563,58.125,-0.063,0.219,1.500,1.281,2.781,4.637,0.014,0.070,1.293,1.442,3,NULL,NULL,,2,0,2,7,255,1125,250,0,0
pre_stim,3628,3628,0,3628,3200954.455,0.863,0.025,0.039,0.503,0,0,2955,0,3109,425,3019,2848,29,1.041,1,2039,0,166.588,3.062,-11.250,-153.625,63.438,-0.074,0.219,1.395,1.281,2.781,4.637,0.010,0.074,1.293,1.442,3,NULL,NULL,,2,0,2,7,255,1125,250,0,0
pre_stim,3650,3650,0,3650,3200959.453,0.864,0.029,0.045,0.500,0,0,2915,0,3115,359,3017,2827,29,1.041,1,2039,0,174.394,3.033,-16.750,-160.500,66.125,-0.086,0.148,1.301,1.211,2.781,3.633,0.008,0.078,1.293,1.442,3,NULL,NULL,,2,0,2,7,255,1125,250,0,0
pre_stim,3650,3650,0,3650,3200964.455,0.866,0.033,0.050,0.497,0,0,2891,0,3125,269,3021,2797,29,1.041,1,2039,0,183.192,2.989,-9.688,-168.438,71.375,-0.137,0.117,1.320,0.508,2.945,2.820,0.010,0.082,1.293,1.442,3,NULL,NULL,,2,0,2,7,255,1125,250,0,0
pre_stim,3650,3650,0,3650,3200969.453,0.867,0.037,0.057,0.494,0,0,2867,0,3113,167,3031,2773,29,1.041,1,2039,0,189.140,3.229,-6.125,-175.875,69.313,-0.195,0.094,1.426,-0.117,3.227,2.820,0.014,0.086,1.293,1.442,3,NULL,NULL,,2,0,2,7,255,1125,250,0,0
pre_stim,3650,3650,0,3650,3200974.455,0.868,0.042,0.063,0.491,0,0,2823,0,3117,117,3036,2735,29,1.041,1,2039,0,192.815,3.994,-12.500,-182.938,59.625,-0.270,0.063,1.504,-0.754,3.922,3.754,0.020,0.092,1.293,1.442,3,NULL,NULL,,2,0,2,7,255,1125,250,0,0
pre_stim,3650,3650,0,3650,3200979.454,0.868,0.047,0.070,0.489,0,0,2788,0,3103,67,3044,2684,29,1.041,1,2039,0,200.022,4.939,-19.250,-192.250,51.750,-0.270,0.023,1.543,-1.543,4.691,4.320,0.026,0.098,1.293,1.442,3,NULL,NULL,,2,0,2,7,255,1125,250,0,0
pre_stim,3650,3650,0,3650,3200984.455,0.869,0.052,0.077,0.486,0,0,2743,0,3111,25,3033,2642,29,1.041,1,2039,0,209.354,5.024,-20.125,-203.000,47.063,-0.254,0.098,1.594,-1.543,4.781,4.648,0.032,0.106,1.293,1.442,3,NULL,NULL,,2,0,2,7,255,1125,250,0,0
pre_stim,3695,3695,0,3695,3200989.453,0.869,0.058,0.084,0.484,0,0,2691,0,3098,16,3036,2557,29,1.041,1,2039,0,217.115,5.515,-27.625,-211.813,38.875,-0.258,0.168,1.664,-1.438,5.324,5.016,0.036,0.112,1.293,1.442,3,NULL,NULL,,2,0,2,7,255,1125,250,0,0
pre_stim,3695,3695,0,3695,3200994.455,0.869,0.064,0.092,0.483,0,0,2618,0,3091,0,3041,2501,29,1.041,1,2039,0,224.872,6.206,-35.938,-220.563,25.063,-0.246,0.164,1.711,-1.156,6.098,5.578,0.042,0.116,1.293,1.442,3,NULL,NULL,,2,0,2,7,255,1125,250,0,0
pre_stim,3695,3695,0,3695,3200999.454,0.868,0.071,0.099,0.481,0,0,2532,0,3095,0,3031,2397,29,1.041,1,2039,0,239.494,6.471,-55.813,-231.438,26.063,-0.184,0.199,1.727,-1.043,6.387,5.902,0.044,0.122,1.293,1.442,3,NULL,NULL,,2,0,2,7,255,1125,250,0,0
pre_stim,3695,3695,0,3695,3201004.455,0.868,0.079,0.107,0.479,0,0,2443,0,3079,0,3033,2323,29,1.041,1,2039,0,253.487,6.434,-67.813,-242.375,30.188,-0.215,0.285,1.781,-0.676,6.398,6.055,0.050,0.128,1.293,1.442,3,NULL,NULL,,2,0,2,7,255,1125,250,0,0
pre_stim,3695,3695,0,3695,3201009.453,0.867,0.087,0.115,0.477,0,0,2318,0,3068,0,3023,2196,29,1.041,1,2039,0,269.820,7.575,-82.438,-255.875,23.125,-0.270,0.352,1.773,-0.254,7.570,6.055,0.056,0.134,1.293,1.442,3,NULL,NULL,,2,0,2,7,255,1125,250,0,0
pre_stim,3695,3695,0,3695,3201014.455,0.866,0.096,0.123,0.476,0,0,2186,0,3038,0,3021,2078,29,1.041,1,2039,0,283.720,8.398,-92.625,-267.813,13.938,-0.234,0.309,1.723,-0.254,8.395,5.852,0.064,0.142,1.293,1.442,3,NULL,NULL,,2,0,2,7,255,1125,250,0,0
pre_stim,3724,3724,0,3724,3201019.454,0.864,0.106,0.131,0.474,0,0,2010,0,3023,0,3003,1934,29,1.041,1,2039,0,298.995,8.684,-95.938,-282.875,13.250,-0.273,0.375,1.719,-0.086,8.684,5.293,0.072,0.152,1.293,1.442,3,NULL,NULL,,2,0,2,7,255,1125,250,0,0
pre_stim,3724,3724,0,3724,3201024.455,0.862,0.116,0.140,0.473,0,0,1820,0,2999,0,2989,1783,29,1.041,1,2039,0,311.675,9.417,-93.375,-297.313,5.250,-0.305,0.387,1.793,-0.250,9.414,5.137,0.080,0.160,1.293,1.442,3,NULL,NULL,,2,0,2,7,255,1125,250,0,0
pre_stim,3724,3724,0,3724,3201029.453,0.860,0.125,0.150,0.472,0,0,1659,0,2971,0,2969,1625,29,1.041,1,2039,0,322.986,10.355,-86.625,-311.000,-9.750,-0.387,0.375,2.000,-0.250,10.352,5.137,0.090,0.170,1.293,1.442,3,NULL,NULL,,2,0,2,7,255,1125,250,0,0
pre_stim,3724,3724,0,3724,3201034.455,0.857,0.135,0.161,0.471,0,0,1543,0,2915,0,2937,1433,29,1.041,1,2039,0,333.539,12.122,-82.563,-322.313,-23.375,-0.395,0.359,2.328,-1.121,12.070,6.422,0.098,0.178,1.293,1.442,3,NULL,NULL,,2,0,2,7,255,1125,250,0,0
pre_stim,3724,3724,0,3724,3201039.454,0.853,0.146,0.171,0.470,0,0,1415,0,2859,0,2893,1267,29,1.041,1,2039,0,352.534,13.827,-103.063,-336.250,-24.375,-0.484,0.543,2.633,-1.219,13.773,9.020,0.108,0.190,1.293,1.442,3,NULL,NULL,,2,0,2,7,255,1125,250,0,0
pre_stim,3724,3724,0,3724,3201044.455,0.849,0.158,0.181,0.470,0,0,1307,0,2795,0,2835,1085,29,1.041,1,2039,0,379.242,17.184,-149.000,-346.313,-41.125,-0.516,0.695,2.680,-1.219,17.141,10.168,0.118,0.200,1.293,1.442,3,NULL,NULL,,2,0,2,7,255,1125,250,0,0
pre_stim,3724,3724,0,3724,3201049.453,0.844,0.171,0.192,0.472,0,0,1159,0,2719,0,2763,915,29,1.041,1,2039,0,405.638,17.733,-177.813,-355.563,-80.625,-0.426,0.484,2.613,-1.219,17.691,10.168,0.128,0.212,1.293,1.442,3,NULL,NULL,,2,0,2,7,255,1125,250,0,0
pre_stim,3724,3724,0,3724,3201054.455,0.837,0.186,0.202,0.473,0,0,989,0,2611,0,2628,779,29,1.041,1,2039,0,427.435,17.734,-200.188,-365.563,-94.813,-0.293,0.391,2.383,-1.230,17.691,9.668,0.138,0.222,1.293,1.442,3,NULL,NULL,,2,0,2,7,255,1125,250,0,0
pre_stim,3747,3747,0,3747,3201059.454,0.830,0.200,0.212,0.475,0,0,800,0,2470,0,2468,671,29,1.041,1,2039,0,432.400,15.876,-199.188,-372.875,-90.875,-0.301,0.387,2.254,-1.230,15.828,7.934,0.148,0.234,1.293,1.442,3,NULL,NULL,,2,0,2,7,255,1125,250,0,0
pre_stim,3747,3747,0,3747,3201064.455,0.824,0.214,0.223,0.476,0,0,569,0,2327,0,2287,535,29,1.041,1,2039,0,431.843,15.876,-177.438,-383.000,-91.188,-0.348,0.254,2.281,-1.230,15.828,6.270,0.160,0.246,1.293,1.442,3,NULL,NULL,,2,0,2,7,255,1125,250,0,0
pre_stim,3747,3747,0,3747,3201069.453,0.817,0.227,0.234,0.476,0,0,391,0,2120,0,2025,461,29,1.041,1,2039,0,439.754,16.007,-174.500,-396.750,-74.313,-0.281,0.035,2.191,-2.465,15.816,5.855,0.172,0.260,1.293,1.442,3,NULL,NULL,,2,0,2,7,255,1125,250,0,0
pre_stim,3747,3747,0,3747,3201074.455,0.810,0.243,0.245,0.475,0,0,205,0,1852,0,1737,397,29,1.041,1,2039,0,455.138,15.503,-193.438,-409.188,-47.938,-0.027,-0.180,1.770,-3.945,14.992,5.301,0.188,0.276,1.293,1.442,3,NULL,NULL,,2,0,2,7,255,1125,250,0,0
pre_stim,3803,3803,0,3803,3201079.454,0.803,0.257,0.257,0.472,0,0,59,0,1531,0,1315,315,29,1.041,1,2039,0,458.738,11.254,-165.063,-427.688,-16.688,0.078,-0.453,1.266,-4.180,10.449,3.512,0.204,0.292,1.293,1.442,3,NULL,NULL,,2,0,2,7,255,1125,250,0,0
pre_stim,3803,3803,0,3803,3201084.455,0.798,0.269,0.270,0.467,0,0,0,0,1141,0,797,231,29,1.041,1,2039,0,455.496,7.962,-73.313,-449.000,22.375,0.031,-0.391,1.156,-5.125,6.094,0.625,0.222,0.312,1.293,1.442,3,NULL,NULL,,2,0,2,7,255,1125,250,0,0
pre_stim,3803,3803,0,3803,3201089.453,0.793,0.279,0.286,0.460,0,0,0,0,865,0,286,149,29,1.041,1,2039,0,457.537,7.962,12.188,-456.000,35.438,-0.137,0.027,1.535,-5.125,6.094,-0.641,0.244,0.332,1.293,1.442,3,NULL,NULL,,2,0,2,7,255,1125,250,0,0
pre_stim,3803,3803,0,3803,3201094.455,0.789,0.288,0.301,0.452,0,0,0,0,479,0,0,123,29,1.041,1,2039,0,453.207,11.988,20.563,-451.063,38.938,-0.203,0.398,1.996,-2.973,11.613,-0.641,0.266,0.358,1.293,1.442,3,NULL,NULL,,2,0,2,7,255,1125,250,0,0
pre_stim,3803,3803,0,3803,3201099.454,0.784,0.298,0.314,0.444,0,0,0,0,149,0,0,72,29,1.041,1,2039,0,446.731,17.082,-37.250,-441.063,60.375,-0.148,0.602,2.188,-1.102,17.047,0.621,0.292,0.384,1.293,1.442,3,NULL,NULL,,2,0,2,7,255,1125,250,0,0
pre_stim,3803,3803,0,3803,3201104.455,0.779,0.312,0.325,0.436,0,0,0,0,0,0,0,3,29,1.041,1,2039,0,458.400,19.342,-118.813,-429.813,106.188,-0.352,0.871,2.023,0.273,19.340,0.621,0.320,0.412,1.293,1.442,4,NULL,NULL,,2,0,2,7,255,1125,250,0,0
pre_stim,3803,3803,0,3803,3201109.454,0.773,0.328,0.334,0.427,0,0,0,0,0,0,0,0,29,1.041,1,2039,0,477.350,20.177,-173.000,-420.563,145.125,-0.750,0.910,1.699,1.336,20.133,-2.738,0.348,0.442,1.293,1.442,0,NULL,NULL,,2,0,2,7,255,1125,250,0,0
pre_stim,3803,3803,0,3803,3201114.455,0.768,0.344,0.341,0.419,0,0,0,0,0,0,0,0,29,1.041,1,2039,0,474.496,20.177,-189.563,-410.063,145.125,-1.035,0.684,1.484,1.336,20.133,-8.570,0.378,0.474,1.293,1.442,0,NULL,NULL,,2,0,2,7,255,1125,250,0,0
pre_stim,3803,3803,0,3803,3201119.453,0.761,0.360,0.348,0.411,0,0,0,0,0,0,0,0,29,1.041,1,2039,0,454.042,18.772,-201.688,-385.813,128.938,-1.195,0.520,1.391,-1.418,18.719,-12.188,0.412,0.506,1.293,1.442,0,NULL,NULL,,2,0,2,7,255,1125,250,0,0
pre_stim,3803,3803,0,3803,3201124.455,0.754,0.376,0.353,0.408,0,0,0,0,0,0,0,0,29,1.041,1,2039,0,419.651,17.861,-259.000,-322.063,72.813,-0.672,0.793,1.074,-1.418,17.805,-12.746,0.446,0.542,1.293,1.442,0,NULL,NULL,,2,0,2,7,255,1125,250,0,0
pre_stim,3803,3803,0,3803,3201129.454,0.746,0.388,0.356,0.407,0,0,0,0,0,0,0,0,29,1.041,1,2039,0,333.472,14.197,-237.625,-233.938,-3.375,-0.109,0.387,0.895,1.176,14.148,-12.746,0.484,0.582,1.293,1.442,0,NULL,NULL,,2,0,2,7,255,1125,250,0,0
pre_stim,3803,3803,0,3803,3201134.455,0.741,0.396,0.357,0.407,0,0,0,0,0,0,0,0,29,1.041,1,2039,0,226.556,9.359,-176.875,-141.250,9.563,0.035,-0.016,0.926,1.176,9.285,-8.031,0.526,0.624,1.293,1.442,0,NULL,NULL,,2,0,2,7,255,1125,250,0,0
pre_stim,3829,3829,0,3829,3201139.454,0.738,0.404,0.355,0.407,0,0,0,0,0,0,0,8,29,1.041,1,2039,0,194.945,9.442,-179.500,-57.625,49.625,-0.266,0.086,1.059,-1.715,9.285,-8.016,0.572,0.670,1.293,1.442,0,NULL,NULL,,2,0,2,7,255,1125,250,0,0
pre_stim,3829,3829,0,3829,3201144.455,0.735,0.411,0.349,0.410,0,0,0,0,0,0,0,11,29,1.041,1,2039,0,236.734,8.052,-230.625,30.500,43.875,-0.512,0.340,0.602,-1.715,7.867,-8.016,0.624,0.722,1.293,1.442,0,NULL,NULL,,2,0,2,7,255,1125,250,0,0
pre_stim,3829,3829,0,3829,3201149.454,0.733,0.417,0.341,0.414,0,0,0,0,0,0,0,0,29,1.041,1,2039,0,250.867,7.844,-225.625,105.750,29.063,-0.500,0.504,-0.168,-0.090,7.844,-12.781,0.684,0.784,1.293,1.442,0,NULL,NULL,,2,0,2,7,255,1125,250,0,0
pre_stim,3829,3829,0,3829,3201154.455,0.734,0.419,0.333,0.418,0,0,0,0,0,0,0,0,29,1.041,1,2039,0,208.374,2.850,-133.313,156.375,34.563,-0.492,0.527,-0.520,2.477,1.410,-16.324,0.748,0.850,1.293,1.442,0,NULL,NULL,,2,0,2,7,255,1125,250,0,0
pre_stim,3829,3829,0,3829,3201159.453,0.737,0.417,0.326,0.421,0,0,0,0,0,0,0,0,29,1.041,1,2039,0,193.965,2.637,-31.313,185.750,46.250,-0.570,0.352,-0.215,2.477,0.906,-16.582,0.820,0.922,1.293,1.442,0,NULL,NULL,,2,0,2,7,255,1125,250,0,0
pre_stim,3829,3829,0,3829,3201164.455,0.740,0.414,0.319,0.423,0,0,0,0,0,0,0,0,29,1.041,1,2039,0,211.037,1.191,2.500,204.563,51.813,-0.645,0.133,0.188,0.773,0.906,-16.582,0.894,0.998,1.293,1.442,0,NULL,NULL,,2,0,2,7,255,1125,250,0,0
pre_stim,3860,3860,0,3860,3201169.454,0.744,0.411,0.310,0.425,0,0,0,0,0,0,0,0,29,1.041,1,2039,0,223.786,4.492,-8.625,215.438,59.938,-0.637,0.035,0.195,-1.875,4.082,-14.664,0.970,1.074,1.293,1.442,0,NULL,NULL,,2,0,2,7,255,1125,250,0,0
pre_stim,3860,3860,0,3860,3201174.455,0.748,0.408,0.302,0.427,0,0,0,0,0,0,0,0,29,1.041,1,2039,0,232.003,4.551,-3.375,219.563,74.875,-0.629,0.094,-0.066,-2.012,4.082,-14.664,1.044,1.148,1.293,1.442,0,NULL,NULL,,2,0,2,7,255,1125,250,0,0
pre_stim,3860,3860,0,3860,3201179.453,0.753,0.403,0.294,0.428,0,0,0,0,0,0,0,0,29,1.041,1,2039,0,238.640,2.864,34.313,219.625,86.813,-0.676,0.203,-0.215,-2.012,2.039,-15.402,1.114,1.218,1.293,1.442,0,NULL,NULL,,2,0,2,7,255,1125,250,0,0
pre_stim,3860,3860,0,3860,3201184.455,0.759,0.398,0.287,0.428,0,0,0,0,0,0,0,0,29,1.041,1,2039,0,248.794,2.396,76.688,219.688,88.063,-0.730,0.258,-0.117,-1.258,2.039,-16.813,1.176,1.282,1.293,1.442,0,NULL,NULL,,2,0,2,7,255,1125,250,0,0
pre_stim,3898,3898,0,3898,3201189.454,0.765,0.391,0.280,0.428,0,0,0,0,0,0,0,0,29,1.041,1,2039,0,257.551,3.003,100.000,222.313,83.125,-0.727,0.250,0.070,-1.258,2.727,-16.813,1.234,1.342,1.293,1.442,0,NULL,NULL,,2,0,2,7,255,1125,250,0,0
pre_stim,3898,3898,0,3898,3201194.455,0.771,0.384,0.273,0.428,0,0,0,0,0,0,0,0,29,1.041,1,2039,0,264.293,4.579,108.438,226.938,81.188,-0.699,0.215,0.203,-1.375,4.367,-15.824,1.288,1.394,1.293,1.442,0,NULL,NULL,,2,0,2,7,255,1125,250,0,0
pre_stim,3898,3898,0,3898,3201199.454,0.777,0.377,0.266,0.429,0,0,0,0,0,0,0,0,29,1.041,1,2039,0,270.761,5.630,114.438,231.438,81.563,-0.715,0.184,0.313,-1.688,5.371,-14.656,1.336,1.444,1.293,1.442,0,NULL,NULL,,2,0,2,7,255,1125,250,0,0
pre_stim,3898,3898,0,3898,3201204.455,0.783,0.369,0.259,0.429,0,0,0,0,0,0,0,0,29,1.041,1,2039,0,275.683,6.665,120.750,235.750,76.438,-0.770,0.148,0.438,-2.184,6.297,-13.930,1.390,1.498,1.293,1.442,0,NULL,NULL,,2,0,2,7,255,1125,250,0,0
pre_stim,3898,3898,0,3898,3201209.453,0.789,0.361,0.252,0.429,0,0,0,0,0,0,0,0,29,1.041,1,2039,0,278.083,8.059,125.188,239.938,63.938,-0.813,0.105,0.574,-2.879,7.527,-13.289,1.446,1.556,1.293,1.442,0,NULL,NULL,,2,0,2,7,255,1125,250,0,0
pre_stim,3898,3898,0,3898,3201214.455,0.794,0.352,0.245,0.430,0,0,0,0,0,0,0,0,29,1.041,1,2039,0,276.249,9.424,121.438,243.500,47.688,-0.809,0.121,0.758,-3.559,8.727,-12.445,1.512,1.622,1.293,1.442,0,NULL,NULL,,2,0,2,7,255,1125,250,0,0
pre_stim,3898,3898,0,3898,3201219.454,0.799,0.344,0.238,0.432,0,0,0,0,0,0,0,0,29,1.041,1,2039,0,271.218,10.813,104.875,248.000,32.500,-0.758,0.152,0.879,-3.559,10.211,-11.148,1.578,1.690,1.293,1.442,0,NULL,NULL,,2,0,2,7,255,1125,250,0,0
pre_stim,3898,3898,0,3898,3201224.455,0.803,0.337,0.231,0.435,0,0,0,0,0,0,0,0,29,1.041,1,2039,0,267.816,11.294,83.813,253.500,20.938,-0.684,0.148,0.914,-3.090,10.863,-9.879,1.644,1.756,1.293,1.442,0,NULL,NULL,,2,0,2,7,255,1125,250,0,0
pre_stim,3898,3898,0,3898,3201229.453,0.806,0.330,0.223,0.438,0,0,0,0,0,0,0,1,29,1.041,1,2039,0,269.306,11.225,65.500,260.938,12.125,-0.641,0.105,0.883,-2.828,10.863,-8.906,1.706,1.820,1.293,1.442,0,NULL,NULL,,2,0,2,7,255,1125,250,0,0
pre_stim,3898,3898,0,3898,3201234.455,0.810,0.322,0.214,0.441,0,0,0,0,0,0,0,1,29,1.041,1,2039,0,275.132,10.618,54.125,269.750,1.688,-0.613,0.063,0.816,-2.828,10.234,-8.418,1.766,1.878,1.293,1.442,0,NULL,NULL,,2,0,2,7,255,1125,250,0,0
pre_stim,3928,3928,0,3928,3201239.454,0.813,0.315,0.206,0.445,0,0,0,0,0,0,0,1,29,1.041,1,2039,0,284.474,9.871,51.313,279.625,-10.125,-0.586,0.043,0.770,-2.930,9.426,-8.328,1.824,1.940,1.293,1.442,0,NULL,NULL,,2,0,2,7,255,1125,250,0,0
pre_stim,3928,3928,0,3928,3201244.455,0.815,0.307,0.197,0.450,0,0,0,0,0,0,0,9,29,1.041,1,2039,0,295.530,9.328,52.813,290.063,-20.313,-0.539,0.043,0.766,-2.930,8.855,-8.145,1.886,2.002,1.293,1.442,0,NULL,NULL,,2,0,2,7,255,1125,250,0,0
pre_stim,3928,3928,0,3928,3201249.453,0.818,0.299,0.188,0.455,0,0,0,0,0,0,0,16,29,1.041,1,2039,0,307.482,8.893,53.375,301.563,-27.500,-0.480,0.043,0.762,-2.590,8.508,-7.672,1.950,2.066,1.293,1.442,0,NULL,NULL,,2,0,2,7,255,1125,250,0,0
pre_stim,3928,3928,0,3928,3201254.455,0.820,0.291,0.178,0.460,0,0,0,0,0,0,0,18,29,1.041,1,2039,0,319.607,8.390,55.125,313.250,-31.375,-0.441,0.055,0.734,-2.223,8.090,-7.160,2.008,2.124,1.293,1.442,0,NULL,NULL,,2,0,2,7,255,1125,250,0,0
pre_stim,3950,3950,0,3950,3201259.454,0.822,0.282,0.168,0.465,0,0,0,0,0,0,0,19,29,1.041,1,2039,0,332.246,7.854,62.375,324.563,-34.000,-0.410,0.063,0.699,-1.852,7.633,-6.961,2.060,2.178,1.293,1.442,0,NULL,NULL,,2,0,2,7,255,1125,250,0,0
pre_stim,3950,3950,0,3950,3201264.455,0.825,0.272,0.158,0.470,0,0,0,0,0,0,0,27,29,1.041,1,2039,0,344.826,7.362,75.188,334.625,-35.750,-0.383,0.055,0.695,-1.539,7.199,-6.863,2.106,2.224,1.293,1.442,0,NULL,NULL,,2,0,2,7,255,1125,250,0,0
pre_stim,3950,3950,0,3950,3201269.453,0.827,0.261,0.149,0.475,0,0,0,0,0,0,0,30,29,1.041,1,2039,0,356.127,7.089,90.125,342.688,-35.625,-0.371,0.055,0.738,-1.402,6.949,-6.531,2.142,2.260,1.293,1.442,0,NULL,NULL,,2,0,2,7,255,1125,250,0,0
pre_stim,3950,3950,0,3950,3201274.455,0.830,0.250,0.139,0.480,0,0,0,0,0,0,0,30,29,1.041,1,2039,0,365.017,7.064,103.375,348.313,-35.063,-0.367,0.070,0.805,-1.266,6.949,-5.926,2.172,2.292,1.293,1.442,0,NULL,NULL,,2,0,2,7,255,1125,250,0,0
pre_stim,3950,3950,0,3950,3201279.454,0.832,0.238,0.129,0.485,0,0,0,0,0,0,0,29,29,1.041,1,2039,0,371.553,7.321,113.813,352.000,-34.563,-0.348,0.078,0.863,-1.020,7.250,-5.176,2.198,2.320,1.293,1.442,0,NULL,NULL,,2,0,2,7,255,1125,250,0,0
pre_stim,3950,3950,0,3950,3201284.455,0.834,0.226,0.119,0.489,0,0,0,0,0,0,0,41,29,1.041,1,2039,0,377.047,7.288,123.188,354.688,-34.438,-0.254,0.070,0.879,-0.742,7.250,-4.395,2.220,2.342,1.293,1.442,0,NULL,NULL,,2,0,2,7,255,1125,250,0,0
pre_stim,3996,3996,0,3996,3201289.453,0.836,0.213,0.110,0.493,0,0,0,0,0,0,0,43,29,1.041,1,2039,0,382.945,6.475,139.313,355.188,-32.875,-0.168,0.055,0.777,-0.273,6.469,-3.934,2.238,2.360,1.293,1.442,0,NULL,NULL,,2,0,2,7,255,1125,250,0,0
pre_stim,3996,3996,0,3996,3201294.455,0.838,0.199,0.101,0.497,0,0,0,0,0,0,0,43,29,1.041,1,2039,0,393.792,5.082,169.688,354.125,-29.563,-0.129,0.039,0.891,-0.016,5.082,-3.625,2.254,2.376,1.293,1.442,0,NULL,NULL,,2,0,2,7,255,1125,250,0,0
pre_stim,3996,3996,0,3996,3201299.455,0.841,0.184,0.092,0.501,0,0,0,0,0,0,0,50,29,1.041,1,2039,0,398.572,5.084,186.688,351.125,-26.813,-0.145,0.176,1.020,0.141,5.082,-2.563,2.270,2.392,1.293,1.442,0,NULL,NULL,,2,0,2,7,255,1125,250,0,0
pre_stim,3996,3996,0,3996,3201304.455,0.843,0.170,0.084,0.504,0,0,0,0,0,0,0,52,29,1.041,1,2039,0,395.835,5.129,186.500,348.938,-12.063,0.063,0.031,1.262,1.191,4.988,-1.648,2.286,2.410,1.293,1.442,0,NULL,NULL,,2,0,2,7,255,1125,250,0,0
pre_stim,3996,3996,0,3996,3201309.453,0.845,0.155,0.075,0.505,0,0,0,0,0,0,0,54,29,1.041,1,2039,0,389.621,5.671,180.875,344.875,12.250,-0.094,0.145,1.219,1.320,5.516,0.797,2.304,2.430,1.293,1.442,0,NULL,NULL,,2,0,2,7,255,1125,250,0,0
pre_stim,3996,3996,0,3996,3201314.455,0.848,0.141,0.066,0.507,0,0,0,0,0,0,0,57,29,1.041,1,2039,0,390.026,5.174,187.438,341.438,20.188,-0.066,0.063,1.367,1.191,5.035,1.715,2.326,2.452,1.293,1.442,0,NULL,NULL,,2,0,2,7,255,1125,250,0,0
pre_stim,4024,4024,0,4024,3201319.453,0.850,0.127,0.058,0.507,0,0,0,0,0,0,0,53,29,1.041,1,2039,0,386.947,5.591,184.000,339.125,29.438,-0.109,0.074,1.547,0.918,5.516,2.594,2.350,2.478,1.293,1.442,0,NULL,NULL,,2,0,2,7,255,1125,250,0,0
pre_stim,4024,4024,0,4024,3201324.455,0.853,0.113,0.049,0.508,0,0,0,0,0,0,0,55,29,1.041,1,2039,0,379.679,5.599,170.188,337.188,38.688,-0.125,0.086,1.664,0.918,5.523,4.316,2.378,2.506,1.293,1.442,0,NULL,NULL,,2,0,2,7,255,1125,250,0,0
pre_stim,4024,4024,0,4024,3201329.453,0.855,0.100,0.040,0.508,0,0,0,0,0,0,0,56,29,1.041,1,2039,0,374.398,5.629,157.500,336.813,43.875,-0.199,0.117,1.730,1.000,5.539,5.531,2.410,2.538,1.293,1.442,0,NULL,NULL,,2,0,2,7,255,1125,250,0,0
pre_stim,4024,4024,0,4024,3201334.455,0.857,0.087,0.030,0.508,0,0,0,0,0,0,0,55,29,1.041,1,2039,0,369.317,6.044,145.938,336.750,41.188,-0.270,0.109,1.793,1.000,5.961,6.164,2.444,2.572,1.293,1.442,0,NULL,NULL,,2,0,2,7,255,1125,250,0,0
pre_stim,4024,4024,0,4024,3201339.453,0.858,0.074,0.020,0.508,0,0,0,0,0,0,0,55,29,1.041,1,2039,0,364.665,6.000,132.938,337.563,36.875,-0.270,0.063,1.828,0.688,5.961,6.863,2.482,2.612,1.293,1.442,0,NULL,NULL,,2,0,2,7,255,1125,250,0,0
pre_stim,4024,4024,0,4024,3201344.455,0.859,0.062,0.010,0.508,0,0,0,0,0,0,0,55,29,1.041,1,2039,0,360.809,5.431,119.813,338.563,34.688,-0.309,0.059,1.828,0.383,5.418,7.457,2.522,2.652,1.293,1.442,0,NULL,NULL,,2,0,2,7,255,1125,250,0,0
pre_stim,4042,4042,0,4042,3201349.454,0.860,0.051,-0.000,0.508,0,0,0,0,0,0,0,56,29,1.041,1,2039,0,358.036,5.194,113.813,338.375,27.188,-0.316,0.027,1.801,0.270,5.188,7.520,2.562,2.694,1.293,1.442,0,NULL,NULL,,2,0,2,7,255,1125,250,0,0
pre_stim,4042,4042,0,4042,3201354.455,0.860,0.039,-0.010,0.508,0,0,0,0,0,0,0,55,29,1.041,1,2039,0,356.143,4.555,112.875,336.875,24.750,-0.285,-0.059,1.816,0.059,4.555,7.594,2.604,2.736,1.293,1.442,0,NULL,NULL,,2,0,2,7,255,1125,250,0,0
pre_stim,4042,4042,0,4042,3201359.454,0.861,0.027,-0.021,0.508,0,0,0,0,0,0,0,51,29,1.041,1,2039,0,353.177,3.399,112.313,333.875,25.438,-0.293,-0.082,1.824,-0.438,3.371,7.895,2.644,2.778,1.293,1.442,0,NULL,NULL,,2,0,2,7,255,1125,250,0,0
pre_stim,4042,4042,0,4042,3201364.455,0.861,0.015,-0.031,0.508,0,0,0,0,0,0,0,55,29,1.041,1,2039,0,350.267,2.816,115.125,329.875,24.813,-0.328,-0.094,1.801,-0.570,2.758,7.961,2.684,2.818,1.293,1.442,0,NULL,NULL,,2,0,2,7,255,1125,250,0,0
pre_stim,4042,4042,0,4042,3201369.454,0.860,0.003,-0.040,0.508,0,0,0,0,0,0,0,53,29,1.041,1,2039,0,350.225,2.590,127.938,325.625,16.063,-0.359,-0.094,1.785,-0.770,2.473,7.961,2.722,2.856,1.293,1.442,0,NULL,NULL,,2,0,2,7,255,1125,250,0,0
pre_stim,4042,4042,0,4042,3201374.455,0.860,-0.010,-0.049,0.508,0,0,0,0,0,0,0,56,29,1.041,1,2039,0,351.224,2.341,140.625,321.688,10.000,-0.281,-0.172,1.852,-0.824,2.191,7.961,2.758,2.894,1.293,1.442,0,NULL,NULL,,2,0,2,7,255,1125,250,0,0
pre_stim,4106,4106,0,4106,3201379.453,0.859,-0.022,-0.058,0.508,0,0,0,0,0,0,0,55,29,1.041,1,2039,0,352.065,1.002,150.438,318.000,13.938,-0.223,-0.191,1.914,-0.824,0.570,8.605,2.794,2.932,1.293,1.442,0,NULL,NULL,,2,0,2,7,255,1125,250,0,0
pre_stim,4106,4106,0,4106,3201384.455,0.858,-0.035,-0.066,0.508,0,0,0,0,0,0,0,57,29,1.041,1,2039,0,354.453,1.029,164.125,313.875,13.500,-0.207,-0.152,1.934,-0.820,-0.621,9.145,2.830,2.968,1.293,1.442,0,NULL,NULL,,2,0,2,7,255,1125,250,0,0
pre_stim,4106,4106,0,4106,3201389.454,0.856,-0.049,-0.073,0.509,0,0,0,0,0,0,0,59,29,1.041,1,2039,0,361.972,1.248,188.375,309.063,4.375,-0.125,-0.176,2.004,-0.371,-1.191,9.293,2.866,3.004,1.293,1.442,0,NULL,NULL,,2,0,2,7,255,1125,250,0,0
pre_stim,4106,4106,0,4106,3201394.455,0.855,-0.064,-0.080,0.509,0,0,0,0,0,0,0,55,29,1.041,1,2039,0,371.825,2.688,214.688,303.563,-3.625,0.078,-0.203,2.164,-0.156,-2.684,9.758,2.894,3.034,1.293,1.442,0,NULL,NULL,,2,0,2,7,255,1125,250,0,0
pre_stim,4106,4106,0,4106,3201399.453,0.852,-0.079,-0.086,0.510,0,0,0,0,0,0,0,59,29,1.041,1,2039,0,380.046,5.436,234.750,298.813,-6.188,0.336,-0.148,2.363,0.605,-5.402,10.836,2.920,3.060,1.293,1.442,0,NULL,NULL,,2,0,2,7,255,1125,250,0,0
pre_stim,4106,4106,0,4106,3201404.455,0.850,-0.095,-0.091,0.510,0,0,0,0,0,0,0,59,29,1.041,1,2039,0,385.352,8.703,247.688,295.188,-3.375,0.602,-0.086,2.551,2.313,-8.391,11.980,2.942,3.082,1.293,1.442,0,NULL,NULL,,2,0,2,7,255,1125,250,0,0
pre_stim,4106,4106,0,4106,3201409.454,0.848,-0.111,-0.096,0.510,0,0,0,0,0,0,0,57,29,1.041,1,2039,0,388.492,12.152,255.875,292.313,2.688,0.832,-0.055,2.723,4.063,-11.453,12.844,2.964,3.106,1.293,1.442,0,NULL,NULL,,2,0,2,7,255,1125,250,0,0
pre_stim,4106,4106,0,4106,3201414.455,0.845,-0.127,-0.101,0.509,0,0,0,0,0,0,0,59,29,1.041,1,2039,0,388.516,15.397,258.875,289.500,10.875,1.020,-0.078,2.887,5.297,-14.457,13.480,2.988,3.130,1.293,1.442,0,NULL,NULL,,2,0,2,7,255,1125,250,0,0
pre_stim,4106,4106,0,4106,3201419.453,0.843,-0.142,-0.106,0.508,0,0,0,0,0,0,0,59,29,1.041,1,2039,0,381.633,18.302,252.125,285.813,19.688,1.160,-0.094,3.035,5.797,-17.359,14.020,3.010,3.154,1.293,1.442,0,NULL,NULL,,2,0,2,7,255,1125,250,0,0
pre_stim,4106,4106,0,4106,3201424.455,0.840,-0.157,-0.111,0.507,0,0,0,0,0,0,0,61,29,1.041,1,2039,0,367.194,20.767,233.938,281.938,24.813,1.254,-0.070,3.117,6.160,-19.832,14.250,3.036,3.180,1.293,1.442,0,NULL,NULL,,2,0,2,7,255,1125,250,0,0
pre_stim,4106,4106,0,4106,3201429.454,0.838,-0.171,-0.117,0.506,0,0,0,0,0,0,0,60,29,1.041,1,2039,0,345.564,22.535,205.313,276.500,28.438,1.293,-0.039,3.090,6.637,-21.535,14.250,3.064,3.208,1.293,1.442,0,NULL,NULL,,2,0,2,7,255,1125,250,0,0
pre_stim,4106,4106,0,4106,3201434.455,0.835,-0.183,-0.122,0.504,0,0,0,0,0,0,0,67,29,1.041,1,2039,0,321.582,23.395,175.250,267.875,30.750,1.371,0.012,3.020,6.945,-22.340,13.293,3.094,3.238,1.293,1.442,0,NULL,NULL,,2,0,2,7,255,1125,250,0,0
pre_stim,4129,4129,0,4129,3201439.453,0.833,-0.195,-0.128,0.502,0,0,0,0,0,0,0,67,29,1.041,1,2039,0,296.914,24.312,146.875,256.625,27.000,1.555,-0.004,2.910,7.660,-23.074,11.836,3.126,3.270,1.293,1.442,0,NULL,NULL,,2,0,2,7,255,1125,250,0,0
pre_stim,4129,4129,0,4129,3201444.455,0.831,-0.204,-0.135,0.499,0,0,0,0,0,0,0,87,29,1.041,1,2039,0,272.016,25.778,119.063,243.313,24.813,1.766,-0.219,2.715,7.660,-24.613,9.512,3.156,3.302,1.293,1.442,0,NULL,NULL,,2,0,2,7,255,1125,250,0,0
pre_stim,4129,4129,0,4129,3201449.453,0.829,-0.213,-0.141,0.497,0,0,0,0,0,0,0,112,29,1.041,1,2039,0,248.271,27.673,93.250,228.063,30.500,1.926,-0.512,2.406,7.320,-26.688,5.992,3.188,3.334,1.293,1.442,0,NULL,NULL,,2,0,2,7,255,1125,250,0,0
pre_stim,4129,4129,0,4129,3201454.455,0.828,-0.220,-0.146,0.494,0,0,0,0,0,0,0,125,29,1.041,1,2039,0,228.730,28.424,78.688,211.313,38.375,2.031,-0.727,2.004,5.441,-27.898,1.508,3.218,3.366,1.293,1.442,0,NULL,NULL,,2,0,2,7,255,1125,250,0,0
pre_stim,4129,4129,0,4129,3201459.454,0.827,-0.228,-0.151,0.492,0,0,0,0,0,0,0,137,29,1.041,1,2039,0,216.045,28.182,86.125,193.688,41.750,2.121,-0.852,1.656,3.988,-27.898,-3.363,3.248,3.396,1.293,1.442,0,NULL,NULL,,2,0,2,7,255,1125,250,0,0
pre_stim,4129,4129,0,4129,3201464.455,0.825,-0.236,-0.155,0.489,0,0,0,0,0,0,0,153,29,1.041,1,2039,0,210.176,27.905,108.125,175.313,41.813,2.242,-0.934,1.473,3.188,-27.723,-7.457,3.274,3.422,1.293,1.442,0,NULL,NULL,,2,0,2,7,255,1125,250,0,0
pre_stim,4160,4160,0,4160,3201469.453,0.824,-0.244,-0.157,0.487,0,0,0,0,0,0,0,157,29,1.041,1,2039,0,208.101,27.905,129.625,156.688,44.188,2.500,-0.984,1.379,3.188,-27.723,-10.223,3.298,3.446,1.293,1.442,0,NULL,NULL,,2,0,2,7,255,1125,250,0,0
pre_stim,4160,4160,0,4160,3201474.455,0.823,-0.253,-0.158,0.484,0,0,0,0,0,0,0,157,29,1.041,1,2039,0,214.793,29.518,143.438,136.875,82.625,2.820,-0.984,1.500,3.758,-29.277,-12.848,3.318,3.468,1.293,1.442,0,NULL,NULL,,2,0,2,7,255,1125,250,0,0
pre_stim,4160,4160,0,4160,3201479.454,0.822,-0.260,-0.160,0.481,0,0,0,0,0,0,0,160,29,1.041,1,2039,0,188.373,30.890,125.750,123.250,66.938,2.430,-1.305,1.504,3.758,-30.660,-13.105,3.336,3.486,1.293,1.442,0,NULL,NULL,,2,0,2,7,255,1125,250,0,0
pre_stim,4160,4160,0,4160,3201484.455,0.820,-0.267,-0.161,0.480,0,0,0,0,0,0,0,163,29,1.041,1,2039,0,155.207,32.171,108.000,106.625,32.500,2.879,-1.496,1.453,1.406,-32.141,-13.895,3.348,3.498,1.293,1.442,0,NULL,NULL,,2,0,2,7,255,1125,250,0,0
pre_stim,4197,4197,0,4197,3201489.453,0.819,-0.273,-0.161,0.478,0,0,0,0,0,0,0,172,29,1.041,1,2039,0,145.128,34.133,107.750,82.500,51.438,2.941,-1.609,1.301,0.902,-34.121,-16.676,3.358,3.510,1.293,1.442,0,NULL,NULL,,2,0,2,7,255,1125,250,0,0
pre_stim,4197,4197,0,4197,3201494.455,0.818,-0.279,-0.160,0.477,0,0,0,0,0,0,0,173,29,1.041,1,2039,0,153.907,34.130,139.500,56.875,31.500,2.746,-1.684,1.250,0.762,-34.121,-18.844,3.366,3.516,1.293,1.442,0,NULL,NULL,,2,0,2,7,255,1125,250,0,0
pre_stim,4197,4197,0,4197,3201499.454,0.816,-0.286,-0.157,0.477,0,0,0,0,0,0,0,183,29,1.041,1,2039,0,178.303,34.130,173.375,29.563,29.313,2.887,-1.750,1.457,-0.770,-34.121,-18.844,3.370,3.520,1.293,1.442,0,NULL,NULL,,2,0,2,7,255,1125,250,0,0
pre_stim,4197,4197,0,4197,3201504.455,0.815,-0.293,-0.153,0.476,0,0,0,0,0,0,0,182,29,1.041,1,2039,0,180.778,35.075,173.313,-7.438,50.875,2.645,-1.461,2.086,-0.770,-35.066,-18.449,3.370,3.522,1.293,1.442,0,NULL,NULL,,2,0,2,7,255,1125,250,0,0
pre_stim,4197,4197,0,4197,3201509.454,0.815,-0.296,-0.148,0.475,0,0,0,0,0,0,0,182,29,1.041,1,2039,0,138.593,35.069,122.125,-39.375,52.375,2.277,-1.141,2.414,0.410,-35.066,-11.680,3.370,3.522,1.293,1.442,0,NULL,NULL,,2,0,2,7,255,1125,250,0,0
pre_stim,4197,4197,0,4197,3201514.455,0.815,-0.298,-0.144,0.476,0,0,0,0,0,0,0,181,29,1.041,1,2039,0,108.421,34.279,78.125,-74.000,13.250,1.711,-0.832,2.383,0.824,-34.270,-6.352,3.366,3.520,1.293,1.442,0,NULL,NULL,,2,0,2,7,255,1125,250,0,0
pre_stim,4197,4197,0,4197,3201519.454,0.814,-0.297,-0.139,0.480,0,0,0,0,0,0,0,186,29,1.041,1,2039,0,128.687,29.090,54.375,-103.250,-54.250,1.609,-0.637,2.395,1.164,-29.066,-2.648,3.358,3.512,1.293,1.442,0,NULL,NULL,,2,0,2,7,255,1125,250,0,0
pre_stim,4197,4197,0,4197,3201524.455,0.813,-0.297,-0.132,0.483,39,0,0,202,0,0,0,235,29,1.041,1,2039,0,179.672,29.078,86.188,-155.375,-26.688,1.176,-1.000,3.363,0.824,-29.066,-1.270,3.346,3.500,1.293,1.442,0,NULL,NULL,,2,0,2,7,255,1125,250,0,0
pre_stim,4197,4197,0,4197,3201529.453,0.816,-0.305,-0.110,0.479,567,0,0,731,0,91,0,254,29,1.041,1,2039,0,545.968,31.710,363.063,-305.063,270.563,0.258,0.703,6.691,1.480,-31.676,7.527,3.328,3.482,1.293,1.442,0,NULL,NULL,,2,0,2,7,255,1125,250,0,0
pre_stim,4197,4197,0,4197,3201534.455,0.830,-0.284,-0.111,0.468,1099,0,0,1190,0,283,0,269,29,1.041,1,2039,0,638.884,31.710,-537.063,-175.875,298.000,-1.266,2.293,4.176,1.480,-31.676,37.223,3.302,3.456,1.293,1.442,0,NULL,NULL,,2,0,2,7,255,1125,250,0,0
pre_stim,4227,4227,0,4227,3201539.454,0.844,-0.250,-0.119,0.459,1581,0,0,1501,0,487,0,281,29,1.041,1,2039,0,877.686,11.061,-831.438,-207.688,189.500,-1.336,3.344,-0.023,9.949,-4.832,37.223,3.270,3.424,1.293,1.442,0,NULL,NULL,,2,0,2,7,255,1125,250,0,0
pre_stim,4227,4227,1,4227,3201544.455,0.853,-0.229,-0.121,0.454,1937,0,0,1717,0,573,0,313,29,1.041,1,2040,0,540.141,26.776,-501.375,-169.563,107.813,-1.969,2.059,-1.270,9.949,24.859,5.059,3.232,3.388,1.293,1.442,1,1229.000,104.000,,2,1,2,7,255,1125,250,0,0
pre_stim,4227,4227,1,4227,3201549.453,0.855,-0.218,-0.119,0.455,2125,0,0,1861,0,684,0,397,29,1.041,1,2040,0,265.702,25.464,-205.063,-163.750,-41.625,-1.156,0.988,-0.230,5.516,24.859,-4.953,3.190,3.346,1.293,1.442,1,NULL,NULL,,2,1,2,7,255,1125,250,0,0
pre_stim,4227,4227,1,4227,3201554.455,0.855,-0.212,-0.116,0.459,2279,0,0,1958,0,839,0,499,29,1.041,1,2040,0,181.578,15.142,-81.500,-149.688,-62.625,0.305,0.695,1.391,5.516,14.102,-4.953,3.140,3.296,1.293,1.442,1,NULL,NULL,,2,1,2,7,255,1125,250,0,0
pre_stim,4249,4249,1,4249,3201559.454,0.859,-0.203,-0.113,0.457,2409,0,0,2079,0,934,0,553,29,1.041,1,2040,0,227.871,8.493,-162.625,-148.563,58.375,0.609,1.664,1.770,7.664,-3.660,2.715,3.088,3.244,1.293,1.442,1,NULL,NULL,,2,1,2,7,255,1125,250,0,0
pre_stim,4249,4249,1,4249,3201564.455,0.865,-0.191,-0.111,0.451,2581,0,0,2325,0,985,0,567,29,1.041,1,2040,0,333.902,16.505,-251.563,-154.250,156.250,-0.160,2.035,1.551,16.094,-3.660,7.035,3.032,3.188,1.293,1.442,1,NULL,NULL,,2,1,2,7,255,1125,250,0,0
pre_stim,4249,4249,1,4249,3201569.453,0.871,-0.176,-0.110,0.444,2683,0,0,2515,0,999,0,599,29,1.041,1,2040,0,402.135,16.988,-327.750,-169.625,159.750,-1.707,0.191,0.859,16.094,5.438,7.035,2.972,3.126,1.293,1.442,1,NULL,NULL,,2,1,2,7,255,1125,250,0,0
pre_stim,4249,4249,1,4249,3201574.455,0.877,-0.157,-0.109,0.440,2777,0,0,2643,0,1039,0,684,29,1.041,1,2040,0,470.834,10.660,-411.125,-208.750,95.313,-2.219,-1.523,0.035,-7.797,7.270,4.117,2.906,3.062,1.293,1.442,2,NULL,NULL,,2,1,2,7,255,1125,250,0,0
pre_stim,4249,4249,1,4249,3201579.454,0.878,-0.141,-0.107,0.444,2851,0,0,2743,0,1047,0,813,29,1.041,1,2040,0,374.265,21.310,-292.500,-210.125,-101.813,-1.648,-1.191,-0.867,-19.723,8.070,-4.543,2.840,2.994,1.293,1.442,2,NULL,NULL,,2,1,2,7,255,1125,250,0,0
pre_stim,4249,4249,1,4249,3201584.455,0.877,-0.134,-0.101,0.451,2916,0,0,2829,0,1064,0,893,29,1.041,1,2040,0,288.964,21.020,-66.938,-219.938,-175.063,-0.219,-0.359,-0.336,-19.723,7.270,-12.711,2.768,2.924,1.293,1.442,2,NULL,NULL,,2,1,2,7,255,1125,250,0,0
pre_stim,4296,4296,1,4296,3201589.453,0.874,-0.132,-0.092,0.459,2939,0,0,2889,0,1123,0,971,29,1.041,1,2040,0,276.348,4.496,79.563,-207.063,-164.813,0.625,-0.516,1.348,-4.457,0.590,-12.711,2.694,2.850,1.293,1.442,2,NULL,NULL,,2,1,2,7,255,1125,250,0,0
pre_stim,4296,4296,1,4296,3201594.455,0.872,-0.129,-0.086,0.464,2983,0,0,2957,0,1210,0,1013,29,1.041,1,2040,0,206.998,11.601,27.750,-173.813,-108.938,1.066,-0.934,2.293,-0.598,-11.586,0.453,2.620,2.774,1.293,1.442,2,NULL,NULL,,2,1,2,7,255,1125,250,0,0
pre_stim,4296,4296,1,4296,3201599.453,0.873,-0.121,-0.082,0.465,2998,0,0,2987,0,1330,0,1083,29,1.041,1,2040,0,195.774,19.779,-108.563,-160.438,-28.313,1.160,-1.059,2.129,-0.598,-19.770,6.234,2.542,2.696,1.293,1.442,2,NULL,NULL,,2,1,2,7,255,1125,250,0,0
pre_stim,4296,4296,1,4296,3201604.455,0.876,-0.111,-0.080,0.462,3022,0,0,3027,0,1427,0,1107,29,1.041,1,2040,0,259.804,19.809,-206.500,-141.938,68.625,0.773,-0.957,1.391,-1.246,-19.770,6.234,2.464,2.618,1.293,1.442,2,NULL,NULL,,2,1,2,7,255,1125,250,0,0
pre_stim,4296,4296,1,4296,3201609.454,0.880,-0.101,-0.079,0.458,3027,0,0,3047,0,1557,1,1125,29,1.041,1,2040,0,265.522,14.977,-205.500,-127.813,109.250,0.098,-0.922,0.738,-2.746,-14.723,0.664,2.384,2.538,1.293,1.442,2,NULL,NULL,,2,1,2,7,255,1125,250,0,0
pre_stim,4296,4296,1,4296,3201614.455,0.883,-0.094,-0.077,0.453,3044,0,0,3065,0,1657,30,1161,29,1.041,1,2040,0,217.718,9.976,-140.625,-126.125,108.250,-0.395,-0.723,0.414,-6.414,-7.641,-3.711,2.304,2.458,1.293,1.442,2,NULL,NULL,,2,1,2,7,255,1125,250,0,0
pre_stim,4317,4317,1,4317,3201619.453,0.885,-0.089,-0.073,0.451,3043,0,0,3089,76,1765,73,1225,29,1.041,1,2040,0,151.654,6.720,-54.688,-129.375,57.188,-0.473,-0.238,0.633,-6.414,-2.004,-3.711,2.222,2.378,1.293,1.442,2,NULL,NULL,,2,1,2,7,255,1125,250,0,0
pre_stim,4317,4317,1,4317,3201624.455,0.886,-0.086,-0.068,0.451,3043,0,0,3095,365,1917,125,1417,29,1.041,1,2040,0,131.364,4.247,-14.625,-128.938,20.438,-0.281,0.109,1.082,-4.199,0.637,-2.934,2.136,2.292,1.293,1.442,2,NULL,NULL,,2,1,2,7,255,1125,250,0,0
pre_stim,4317,4317,1,4317,3201629.454,0.886,-0.082,-0.064,0.451,3047,0,0,3101,665,2025,359,1576,29,1.041,1,2040,0,125.681,0.648,-33.375,-121.125,-3.250,-0.047,0.141,1.484,-0.121,0.637,1.176,2.044,2.200,1.293,1.442,2,NULL,NULL,,2,1,2,7,255,1125,250,0,0
pre_stim,4317,4317,1,4317,3201634.455,0.886,-0.079,-0.062,0.453,3049,0,0,3111,906,2100,413,1727,29,1.041,1,2040,0,94.326,2.345,-43.500,-77.313,-32.063,0.320,0.094,2.129,1.688,-1.629,4.629,1.946,2.104,1.293,1.442,2,NULL,NULL,,2,1,2,7,255,1125,250,0,0
pre_stim,4317,4317,1,4317,3201639.453,0.885,-0.074,-0.062,0.455,3049,0,0,3113,1133,2150,383,1829,29,1.041,1,2040,0,123.349,6.454,-97.938,-38.875,-64.125,0.430,0.031,1.316,3.477,-5.438,4.629,1.840,2.000,1.293,1.442,2,NULL,NULL,,2,1,2,7,255,1125,250,0,0
pre_stim,4317,4317,1,4317,3201644.455,0.885,-0.071,-0.062,0.456,3051,0,0,3119,1263,2189,443,1891,29,1.041,1,2040,0,83.493,6.636,-60.625,-40.438,-40.750,0.566,0.438,0.773,3.805,-5.438,2.125,1.724,1.886,1.293,1.442,2,NULL,NULL,,2,1,2,7,255,1125,250,0,0
pre_stim,4339,4339,1,4339,3201649.454,0.885,-0.070,-0.061,0.457,3053,2,0,3125,1399,2227,455,1958,29,1.041,1,2040,0,27.054,4.895,-5.938,-25.250,-7.688,0.219,0.020,1.105,3.477,-3.445,0.480,1.604,1.766,1.293,1.442,2,NULL,NULL,,2,1,2,7,255,1125,250,0,0
pre_stim,4339,4339,1,4339,3201654.455,0.885,-0.068,-0.061,0.457,3053,21,0,3123,1483,2251,472,2001,29,1.041,1,2040,0,62.469,4.007,-59.313,-19.563,1.313,-0.262,-0.609,1.316,2.047,-3.445,0.480,1.480,1.642,1.293,1.442,2,NULL,NULL,,2,1,2,7,255,1125,250,0,0
pre_stim,4339,4339,1,4339,3201659.455,0.885,-0.064,-0.063,0.458,3054,36,0,3128,1564,2261,501,2036,29,1.041,1,2040,0,95.167,5.708,-88.500,-13.125,-32.438,-0.297,-0.434,0.887,-4.551,-3.445,0.480,1.348,1.512,1.293,1.442,2,NULL,NULL,,2,1,2,7,255,1125,250,0,0
pre_stim,4339,4339,1,4339,3201664.455,0.883,-0.062,-0.063,0.460,3059,71,0,3131,1634,2268,519,2068,29,1.041,1,2040,0,79.067,4.805,-32.438,-10.250,-71.375,-0.121,-0.039,0.629,-4.551,-1.543,-0.855,1.218,1.382,1.293,1.442,2,NULL,NULL,,2,1,2,7,255,1125,250,0,0
pre_stim,4339,4339,1,4339,3201669.454,0.882,-0.062,-0.062,0.463,3059,85,29,3125,1683,2277,533,2090,29,1.041,1,2040,0,69.551,1.649,20.625,-12.750,-65.188,0.109,0.090,0.938,-0.582,-1.543,-0.934,1.086,1.252,1.293,1.442,2,NULL,NULL,,2,1,2,7,255,1125,250,0,0
pre_stim,4339,4339,1,4339,3201674.455,0.881,-0.062,-0.062,0.464,3058,103,105,3139,1741,2285,531,2123,29,1.041,1,2040,0,31.698,2.085,5.625,-5.938,-30.625,0.168,-0.098,1.277,1.023,-1.816,-0.934,0.958,1.122,1.293,1.442,2,NULL,NULL,,2,1,2,7,255,1125,250,0,0
pre_stim,4370,4370,1,4370,3201679.453,0.882,-0.060,-0.063,0.464,3059,125,215,3133,1787,2296,529,2151,29,1.041,1,2040,0,46.362,2.691,-46.125,-3.313,3.313,-0.059,-0.207,1.184,1.023,-2.488,1.691,0.832,0.998,1.293,1.442,2,NULL,NULL,,2,1,2,7,255,1125,250,0,0
pre_stim,4370,4370,1,4370,3201684.455,0.882,-0.058,-0.064,0.464,3063,151,314,3135,1815,2301,533,2173,29,1.041,1,2040,0,59.591,2.741,-59.563,-1.375,-1.250,-0.246,-0.164,0.828,-1.148,-2.488,1.691,0.712,0.876,1.293,1.442,2,NULL,NULL,,2,1,2,7,255,1125,250,0,0
pre_stim,4401,4401,1,4401,3201689.453,0.881,-0.057,-0.065,0.464,3063,169,371,3139,1849,2311,531,2199,29,1.041,1,2040,0,37.429,2.027,-30.500,-4.375,-21.250,-0.223,-0.164,0.715,-2.016,-0.215,-1.414,0.598,0.760,1.293,1.442,2,NULL,NULL,,2,1,2,7,255,1125,250,0,0
pre_stim,4401,4401,1,4401,3201694.455,0.881,-0.056,-0.065,0.465,3067,169,461,3143,1879,2323,549,2221,29,1.041,1,2040,0,23.810,2.027,-3.438,-7.188,-22.438,-0.090,-0.223,0.879,-2.016,-0.215,-1.414,0.494,0.654,1.293,1.442,2,NULL,NULL,,2,1,2,7,255,1125,250,0,0
pre_stim,4401,4401,1,4401,3201699.454,0.881,-0.056,-0.064,0.466,3063,170,535,3127,1905,2324,553,2236,29,1.041,1,2040,0,13.469,2.368,-1.313,-7.750,-10.938,-0.051,-0.113,1.031,-1.633,-1.715,-1.180,0.396,0.554,1.293,1.442,2,NULL,NULL,,2,1,2,7,255,1125,250,0,0
pre_stim,4401,4401,1,4401,3201704.455,0.881,-0.055,-0.064,0.466,3065,173,583,3144,1925,2335,549,2260,29,1.041,1,2040,0,11.518,1.764,-9.125,-6.938,-1.125,-0.086,0.035,1.047,-0.414,-1.715,0.250,0.302,0.456,1.293,1.442,2,NULL,NULL,,2,1,2,7,255,1125,250,0,0
pre_stim,4401,4401,1,4401,3201709.454,0.881,-0.055,-0.064,0.466,3079,175,647,3143,1942,2336,549,2274,29,1.041,1,2040,0,13.471,0.876,-12.188,-4.688,-3.313,-0.105,0.070,1.031,0.613,-0.625,0.340,0.214,0.360,1.293,1.442,2,NULL,NULL,,2,1,2,7,255,1125,250,0,0
pre_stim,4401,4401,1,4401,3201714.455,0.881,-0.054,-0.064,0.466,3078,184,700,3141,1949,2342,549,2279,29,1.041,1,2040,0,12.252,0.929,-10.625,-4.188,-4.438,-0.070,0.035,1.016,0.688,-0.625,0.340,0.184,0.306,1.293,1.442,2,NULL,NULL,,2,1,2,7,255,1125,250,0,0
pre_stim,4401,4401,1,4401,3201719.454,0.881,-0.054,-0.064,0.466,3079,186,743,3141,1965,2347,553,2283,29,1.041,1,2040,0,7.643,0.959,-6.875,-2.625,-2.063,-0.063,-0.023,1.000,0.688,-0.668,0.117,0.188,0.290,1.293,1.442,2,NULL,NULL,,2,1,2,7,255,1125,250,0,0
pre_stim,4401,4401,1,4401,3201724.455,0.881,-0.054,-0.064,0.466,3079,191,759,3143,1974,2348,553,2287,29,1.113,1,2040,1,4.363,0.973,-2.938,-1.688,2.750,-0.066,0.008,1.012,0.484,-0.844,0.078,0.000,0.000,1.177,1.347,2,NULL,NULL,,2,1,2,7,255,1125,250,0,0
pre_stim,4401,4401,1,4401,3201729.454,0.881,-0.054,-0.064,0.466,3079,191,775,3140,1990,2345,559,2291,29,1.113,1,2040,1,6.117,0.973,0.313,-1.438,5.938,-0.113,0.082,1.027,0.484,-0.844,0.078,0.004,0.002,1.177,1.347,2,NULL,NULL,,2,1,2,7,255,1125,250,0,0
pre_stim,4401,4401,1,4401,3201734.455,0.881,-0.054,-0.064,0.466,3078,201,791,3147,1989,2348,549,2296,29,1.113,1,2040,1,3.536,0.844,1.750,-0.250,3.063,-0.152,0.113,1.059,0.840,-0.082,0.305,0.006,0.002,1.177,1.347,2,NULL,NULL,,2,1,2,7,255,1125,250,0,0
pre_stim,4430,4430,1,4430,3201739.454,0.881,-0.054,-0.063,0.466,3063,205,795,3134,1993,2359,555,2295,29,1.113,1,2040,1,0.765,0.939,-0.438,-0.063,-0.625,-0.148,0.109,1.078,0.898,0.273,0.680,0.006,0.004,1.177,1.347,2,NULL,NULL,,2,1,2,7,255,1125,250,0,0
pre_stim,4430,4430,1,4430,3201744.455,0.881,-0.054,-0.063,0.466,3079,202,809,3141,1996,2351,555,2295,29,1.113,1,2040,1,3.447,0.939,-3.313,-0.500,-0.813,-0.137,0.082,1.055,0.898,0.273,0.680,0.008,0.004,1.177,1.347,2,NULL,NULL,,2,1,2,7,255,1125,250,0,0
pre_stim,4430,4430,1,4430,3201749.453,0.881,-0.054,-0.063,0.466,3075,201,823,3139,1995,2351,567,2295,29,1.113,1,2040,1,3.721,0.728,-3.625,-0.563,0.625,-0.145,0.035,1.020,0.727,0.043,0.621,0.010,0.006,1.177,1.347,2,NULL,NULL,,2,1,2,7,255,1125,250,0,0
pre_stim,4430,4430,1,4430,3201754.455,0.881,-0.054,-0.063,0.466,3063,201,826,3132,2003,2355,583,2299,29,1.113,1,2040,1,2.044,0.319,-1.875,-0.688,-0.438,-0.152,0.012,1.004,0.305,-0.094,0.289,0.010,0.006,1.177,1.347,2,NULL,NULL,,2,1,2,7,255,1125,250,0,0
pre_stim,4430,4430,1,4430,3201759.454,0.881,-0.054,-0.063,0.466,3059,201,839,3131,2005,2347,580,2293,29,1.113,1,2040,1,2.309,0.236,0.500,-1.563,-1.625,-0.141,0.027,1.004,0.203,-0.121,0.141,0.012,0.008,1.177,1.347,2,NULL,NULL,,2,1,2,7,255,1125,250,0,0
pre_stim,4430,4430,1,4430,3201764.455,0.881,-0.054,-0.063,0.466,3055,204,845,3127,2013,2345,587,2295,29,1.113,1,2040,1,3.081,0.245,1.938,-2.313,-0.625,-0.133,0.031,1.012,0.203,-0.137,0.141,0.014,0.010,1.177,1.347,2,NULL,NULL,,2,1,2,7,255,1125,250,0,0
pre_stim,4461,4461,1,4461,3201769.453,0.881,-0.054,-0.063,0.466,3054,205,859,3123,2019,2343,611,2295,29,1.113,1,2040,1,4.619,0.316,2.000,-3.375,2.438,-0.145,0.039,1.008,0.285,-0.137,0.172,0.014,0.010,1.177,1.347,2,NULL,NULL,,2,1,2,7,255,1125,250,0,0
pre_stim,4461,4461,1,4461,3201774.455,0.881,-0.054,-0.063,0.466,3047,206,871,3118,2023,2347,629,2303,29,1.113,1,2040,1,5.267,0.291,2.375,-3.813,2.750,-0.172,0.047,1.008,0.285,-0.059,0.180,0.014,0.012,1.177,1.347,2,NULL,NULL,,2,1,2,7,255,1125,250,0,0
pre_stim,4461,4461,1,4461,3201779.454,0.881,-0.054,-0.062,0.466,3045,205,887,3114,2031,2343,637,2291,29,1.113,1,2040,1,4.888,0.341,2.375,-4.250,-0.438,-0.172,0.055,1.008,0.273,0.203,0.203,0.014,0.014,1.177,1.347,2,NULL,NULL,,2,1,2,7,255,1125,250,0,0
pre_stim,4461,4461,1,4461,3201784.455,0.881,-0.054,-0.062,0.466,3035,205,895,3109,2040,2344,653,2299,29,1.113,1,2040,1,5.509,0.304,1.813,-4.563,-2.500,-0.145,0.035,1.000,0.227,0.203,0.203,0.014,0.016,1.177,1.347,2,NULL,NULL,,2,1,2,7,255,1125,250,0,0
pre_stim,4497,4497,1,4497,3201789.453,0.881,-0.054,-0.062,0.466,3029,207,918,3103,2045,2343,663,2309,29,1.113,1,2040,1,5.558,0.233,1.125,-5.063,-2.000,-0.137,0.008,0.996,0.227,-0.055,0.105,0.012,0.018,1.177,1.347,2,NULL,NULL,,2,1,2,7,255,1125,250,0,0
pre_stim,4497,4497,0,4497,3201794.455,0.881,-0.054,-0.062,0.466,3023,209,943,3099,2063,2343,672,2312,29,1.113,1,2040,1,6.044,0.241,1.500,-5.625,-1.625,-0.156,-0.020,0.984,0.039,-0.238,0.055,0.008,0.020,1.177,1.347,2,NULL,NULL,,2,0,2,7,255,1125,250,0,0
pre_stim,4497,4497,0,4497,3201799.453,0.881,-0.054,-0.061,0.466,3017,213,959,3091,2072,2340,691,2316,29,1.113,1,2040,1,7.733,0.366,3.938,-6.438,-1.688,-0.180,-0.031,0.969,-0.277,-0.238,-0.035,0.006,0.022,1.177,1.347,2,NULL,NULL,,2,0,2,7,255,1125,250,0,0
pre_stim,4497,4497,0,4497,3201804.455,0.881,-0.054,-0.061,0.466,3015,217,989,3096,2093,2347,709,2329,29,1.113,1,2040,1,10.393,0.522,6.563,-7.375,-3.250,-0.195,-0.020,0.973,-0.516,-0.082,-0.086,0.004,0.022,1.177,1.347,2,NULL,NULL,,2,0,2,7,255,1125,250,0,0
pre_stim,4497,4497,0,4497,3201809.454,0.881,-0.054,-0.061,0.466,2998,215,1024,3079,2096,2341,733,2340,29,1.113,1,2040,1,12.694,0.523,7.313,-8.188,-6.375,-0.188,0.004,0.988,-0.516,0.086,-0.086,0.004,0.024,1.177,1.347,2,NULL,NULL,,2,0,2,7,255,1125,250,0,0
pre_stim,4497,4497,0,4497,3201814.455,0.881,-0.054,-0.060,0.467,2991,221,1074,3067,2131,2344,755,2334,29,1.113,1,2040,1,14.183,0.312,6.688,-8.875,-8.813,-0.172,0.027,0.996,-0.270,0.156,0.039,0.004,0.026,1.177,1.347,2,NULL,NULL,,2,0,2,7,255,1125,250,0,0
pre_stim,4497,4497,0,4497,3201819.453,0.881,-0.054,-0.060,0.467,2966,227,1117,3047,2142,2343,767,2344,29,1.113,1,2040,1,14.894,0.156,5.938,-9.875,-9.438,-0.160,0.035,1.004,-0.008,0.156,0.109,0.006,0.028,1.177,1.347,2,NULL,NULL,,2,0,2,7,255,1125,250,0,0
pre_stim,4497,4497,0,4497,3201824.455,0.880,-0.054,-0.059,0.467,2971,246,1163,3041,2170,2335,827,2365,29,1.113,1,2040,1,15.025,0.160,5.188,-10.750,-9.125,-0.168,0.031,1.000,0.035,0.156,0.117,0.008,0.032,1.177,1.347,2,NULL,NULL,,2,0,2,7,255,1125,250,0,0
pre_stim,4497,4497,0,4497,3201829.454,0.880,-0.054,-0.059,0.468,2935,261,1207,3023,2200,2341,885,2375,29,1.113,1,2040,1,15.916,0.191,5.000,-11.750,-9.500,-0.168,0.051,0.988,0.109,0.156,0.117,0.012,0.036,1.177,1.347,2,NULL,NULL,,2,0,2,7,255,1125,250,0,0
pre_stim,4497,4497,0,4497,3201834.455,0.880,-0.054,-0.058,0.468,2927,253,1260,3007,2234,2351,924,2403,29,1.113,1,2040,1,18.056,0.316,6.188,-12.750,-11.188,-0.164,0.078,0.996,0.152,0.277,0.109,0.016,0.040,1.177,1.347,2,NULL,NULL,,2,0,2,7,255,1125,250,0,0
pre_stim,4528,4528,0,4528,3201839.453,0.880,-0.054,-0.057,0.469,2907,264,1318,2990,2259,2355,991,2396,29,1.113,1,2040,1,19.761,0.485,5.563,-13.188,-13.625,-0.137,0.086,1.004,0.398,0.277,0.109,0.018,0.044,1.177,1.347,2,NULL,NULL,,2,0,2,7,255,1125,250,0,0
pre_stim,4528,4528,0,4528,3201844.455,0.880,-0.054,-0.057,0.469,2895,273,1365,2989,2283,2345,1060,2420,29,1.113,1,2040,1,19.087,0.556,4.063,-13.125,-13.250,-0.109,0.055,1.000,0.520,0.199,0.109,0.022,0.046,1.177,1.347,2,NULL,NULL,,2,0,2,7,255,1125,250,0,0
pre_stim,4528,4528,0,4528,3201849.454,0.879,-0.053,-0.056,0.470,2871,286,1452,2966,2309,2359,1100,2430,29,1.113,1,2040,1,17.031,0.546,2.625,-12.625,-11.125,-0.105,0.004,0.988,0.520,-0.168,0.031,0.022,0.048,1.177,1.347,2,NULL,NULL,,2,0,2,7,255,1125,250,0,0
pre_stim,4528,4528,0,4528,3201854.455,0.879,-0.053,-0.056,0.470,2855,292,1507,2959,2323,2361,1151,2458,29,1.113,1,2040,1,16.083,0.467,2.938,-12.688,-9.438,-0.121,-0.027,0.973,0.098,-0.457,-0.090,0.022,0.048,1.177,1.347,2,NULL,NULL,,2,0,2,7,255,1125,250,0,0
pre_stim,4549,4549,0,4549,3201859.453,0.879,-0.053,-0.055,0.471,2839,294,1577,2938,2347,2360,1215,2469,29,1.113,1,2040,1,17.479,0.495,5.125,-13.875,-9.313,-0.133,-0.012,0.973,-0.191,-0.457,-0.188,0.020,0.048,1.177,1.347,2,NULL,NULL,,2,0,2,7,255,1125,250,0,0
pre_stim,4549,4549,0,4549,3201864.455,0.879,-0.053,-0.054,0.471,2827,300,1661,2934,2376,2363,1289,2488,29,1.113,1,2040,1,19.037,0.347,7.313,-14.188,-10.375,-0.125,0.027,0.980,-0.191,-0.289,-0.188,0.016,0.046,1.177,1.347,2,NULL,NULL,,2,0,2,7,255,1125,250,0,0
pre_stim,4549,4549,0,4549,3201869.454,0.879,-0.053,-0.053,0.471,2788,343,1719,2910,2403,2363,1355,2495,29,1.113,1,2040,1,19.001,0.202,8.125,-13.875,-10.125,-0.121,0.035,0.988,0.133,-0.152,-0.141,0.014,0.044,1.177,1.347,2,NULL,NULL,,2,0,2,7,255,1125,250,0,0
pre_stim,4549,4549,0,4549,3201874.455,0.878,-0.053,-0.053,0.472,2785,363,1801,2907,2426,2365,1418,2510,29,1.113,1,2040,1,18.205,0.262,7.438,-13.500,-9.688,-0.129,0.055,1.008,0.234,-0.117,-0.066,0.010,0.042,1.177,1.347,2,NULL,NULL,,2,0,2,7,255,1125,250,0,0
pre_stim,4549,4549,0,4549,3201879.453,0.878,-0.053,-0.052,0.472,2767,356,1865,2888,2462,2374,1495,2509,29,1.113,1,2040,1,18.573,0.271,4.813,-13.500,-11.813,-0.152,0.059,1.031,0.270,0.023,0.164,0.008,0.040,1.177,1.347,2,NULL,NULL,,2,0,2,7,255,1125,250,0,0
pre_stim,4549,4549,0,4549,3201884.455,0.878,-0.053,-0.052,0.473,2733,376,1947,2884,2485,2383,1591,2539,29,1.113,1,2040,1,21.044,0.342,0.250,-13.813,-15.875,-0.152,0.059,1.031,0.270,0.211,0.402,0.006,0.040,1.177,1.347,2,NULL,NULL,,2,0,2,7,255,1125,250,0,0
pre_stim,4596,4596,0,4596,3201889.454,0.878,-0.052,-0.051,0.474,2707,395,2043,2847,2517,2389,1653,2556,29,1.113,1,2040,1,22.156,0.342,-2.000,-15.063,-16.125,-0.141,0.070,1.020,0.270,0.211,0.402,0.004,0.038,1.177,1.347,2,NULL,NULL,,2,0,2,7,255,1125,250,0,0
pre_stim,4596,4596,0,4596,3201894.455,0.877,-0.052,-0.051,0.474,2669,415,2103,2839,2540,2397,1715,2579,29,1.113,1,2040,1,23.888,0.327,-2.313,-14.375,-18.938,-0.172,0.035,1.008,0.250,0.211,0.297,0.004,0.038,1.177,1.347,2,NULL,NULL,,2,0,2,7,255,1125,250,0,0
pre_stim,4596,4596,0,4596,3201899.453,0.877,-0.051,-0.050,0.475,2623,434,2169,2811,2571,2392,1779,2573,29,1.113,1,2040,1,29.372,0.210,-7.625,-14.188,-24.563,-0.148,0.020,1.016,-0.066,0.199,0.262,0.006,0.036,1.177,1.347,2,NULL,NULL,,2,0,2,7,255,1125,250,0,0
pre_stim,4596,4596,0,4596,3201904.455,0.877,-0.050,-0.050,0.476,2600,463,2243,2797,2603,2398,1844,2601,29,1.113,1,2040,1,27.801,0.069,-10.813,-17.313,-18.875,-0.125,0.027,1.012,-0.066,0.020,0.215,0.010,0.032,1.177,1.347,2,NULL,NULL,,2,0,2,7,255,1125,250,0,0
pre_stim,4617,4617,0,4617,3201909.454,0.876,-0.050,-0.050,0.477,2545,471,2303,2775,2617,2413,1909,2607,29,1.113,1,2040,1,30.731,0.069,-10.500,-15.688,-24.250,-0.180,-0.035,1.004,-0.066,0.020,0.184,0.014,0.030,1.177,1.347,2,NULL,NULL,,2,0,2,7,255,1125,250,0,0
pre_stim,4617,4617,0,4617,3201914.455,0.876,-0.048,-0.049,0.478,2495,485,2360,2747,2649,2415,1973,2641,29,1.113,1,2040,1,36.811,0.452,-17.438,-17.563,-27.250,-0.109,-0.055,1.020,-0.441,-0.098,0.184,0.020,0.026,1.177,1.347,2,NULL,NULL,,2,0,2,7,255,1125,250,0,0
pre_stim,4617,4617,0,4617,3201919.453,0.875,-0.047,-0.049,0.479,2429,491,2420,2709,2664,2426,2031,2635,29,1.113,1,2040,1,34.244,0.838,-21.875,-19.750,-17.438,-0.121,-0.070,0.996,-0.648,-0.531,0.176,0.024,0.022,1.177,1.347,2,NULL,NULL,,2,0,2,7,255,1125,250,0,0
pre_stim,4617,4617,0,4617,3201924.455,0.875,-0.046,-0.049,0.479,2386,501,2471,2679,2685,2415,2091,2663,29,1.113,1,2040,1,36.489,0.788,-19.813,-18.813,-24.188,-0.152,-0.043,1.000,-0.582,-0.531,0.102,0.026,0.022,1.177,1.347,2,NULL,NULL,,2,0,2,7,255,1125,250,0,0
pre_stim,4617,4617,0,4617,3201929.453,0.875,-0.044,-0.048,0.480,2292,509,2533,2632,2717,2436,2137,2670,29,1.113,1,2040,1,37.683,0.678,-22.313,-21.063,-21.875,-0.105,-0.016,0.988,-0.582,-0.348,0.004,0.028,0.022,1.177,1.347,2,NULL,NULL,,2,0,2,7,255,1125,250,0,0
pre_stim,4617,4617,0,4617,3201934.455,0.874,-0.043,-0.048,0.481,2236,523,2583,2597,2741,2430,2185,2713,29,1.113,1,2040,1,34.851,0.372,-18.500,-21.500,-20.250,-0.102,-0.023,0.965,-0.152,-0.340,-0.066,0.030,0.020,1.177,1.347,2,NULL,NULL,,2,0,2,7,255,1125,250,0,0
pre_stim,4617,4617,0,4617,3201939.453,0.874,-0.042,-0.047,0.482,2151,520,2614,2532,2769,2429,2247,2719,29,1.113,1,2040,1,32.823,0.380,-15.563,-21.938,-18.813,-0.109,-0.047,0.996,-0.152,-0.348,-0.066,0.032,0.020,1.177,1.347,2,NULL,NULL,,2,0,2,7,255,1125,250,0,0
pre_stim,4617,4617,0,4617,3201944.455,0.874,-0.041,-0.047,0.482,2087,523,2667,2487,2791,2431,2287,2743,29,1.113,1,2040,1,34.469,0.554,-19.500,-23.188,-16.438,-0.109,-0.066,1.016,-0.363,-0.418,0.023,0.034,0.018,1.177,1.347,2,NULL,NULL,,2,0,2,7,255,1125,250,0,0
pre_stim,4639,4639,0,4639,3201949.453,0.874,-0.039,-0.047,0.483,1959,502,2693,2431,2805,2443,2335,2744,29,1.113,1,2040,1,36.178,0.670,-22.500,-23.875,-15.250,-0.125,-0.074,1.016,-0.523,-0.418,0.211,0.038,0.016,1.177,1.347,2,NULL,NULL,,2,0,2,7,255,1125,250,0,0
pre_stim,4639,4639,0,4639,3201954.455,0.873,-0.038,-0.046,0.483,1853,475,2719,2365,2822,2439,2385,2779,29,1.113,1,2040,1,36.887,0.651,-22.000,-24.750,-16.250,-0.129,-0.043,1.008,-0.523,-0.387,0.211,0.040,0.014,1.177,1.347,2,NULL,NULL,,2,0,2,7,255,1125,250,0,0
pre_stim,4639,4639,0,4639,3201959.454,0.873,-0.036,-0.046,0.484,1687,467,2741,2283,2845,2447,2406,2792,29,1.113,1,2040,1,37.426,0.428,-21.688,-25.813,-16.250,-0.121,-0.020,0.988,-0.402,-0.145,0.160,0.044,0.010,1.177,1.347,2,NULL,NULL,,2,0,2,7,255,1125,250,0,0
pre_stim,4639,4639,0,4639,3201964.455,0.873,-0.035,-0.045,0.485,1533,441,2773,2203,2853,2443,2451,2803,29,1.113,1,2040,1,37.272,0.231,-15.625,-26.875,-20.563,-0.105,-0.016,1.000,-0.180,-0.145,0.047,0.048,0.008,1.177,1.347,2,NULL,NULL,,2,0,2,7,255,1125,250,0,0
pre_stim,4639,4639,0,4639,3201969.453,0.873,-0.034,-0.044,0.485,1367,413,2803,2075,2871,2452,2491,2803,29,1.113,1,2040,1,35.357,0.153,-16.750,-27.813,-14.000,-0.074,-0.035,1.012,-0.051,-0.145,0.047,0.052,0.006,1.177,1.347,2,NULL,NULL,,2,0,2,7,255,1125,250,0,0
pre_stim,4639,4639,0,4639,3201974.455,0.872,-0.033,-0.043,0.486,1195,351,2827,1991,2885,2449,2524,2834,29,1.113,1,2040,1,34.101,0.198,-12.625,-29.188,-12.313,-0.109,-0.043,1.012,-0.051,-0.191,0.117,0.054,0.006,1.177,1.347,2,NULL,NULL,,2,0,2,7,255,1125,250,0,0
pre_stim,4669,4669,0,4669,3201979.454,0.872,-0.031,-0.043,0.486,953,299,2841,1831,2909,2443,2555,2829,29,1.113,1,2040,1,34.204,0.263,-12.250,-31.625,-4.438,-0.113,-0.027,1.023,-0.180,-0.191,0.152,0.056,0.006,1.177,1.347,2,NULL,NULL,,2,0,2,7,255,1125,250,0,0
pre_stim,4669,4669,0,4669,3201984.455,0.872,-0.030,-0.042,0.486,812,261,2861,1675,2917,2449,2591,2853,29,1.113,1,2040,1,36.245,0.190,-11.563,-32.688,-10.563,-0.148,-0.004,1.059,-0.180,-0.063,0.293,0.058,0.008,1.177,1.347,2,NULL,NULL,,2,0,2,7,255,1125,250,0,0
pre_stim,4700,4700,0,4700,3201989.453,0.872,-0.029,-0.040,0.487,592,205,2885,1443,2933,2429,2618,2854,29,1.113,1,2040,1,38.436,0.292,-10.875,-35.750,-9.000,-0.113,0.027,1.055,-0.145,0.254,0.566,0.060,0.008,1.177,1.347,2,NULL,NULL,,2,0,2,7,255,1125,250,0,0
pre_stim,4700,4700,0,4700,3201994.455,0.872,-0.028,-0.039,0.487,357,137,2893,1190,2941,2424,2653,2868,29,1.113,1,2040,1,39.270,0.356,-7.625,-36.938,-10.938,-0.055,0.047,1.016,0.250,0.254,0.566,0.062,0.008,1.177,1.347,2,NULL,NULL,,2,0,2,7,255,1125,250,0,0
pre_stim,4700,4700,0,4700,3201999.454,0.872,-0.027,-0.038,0.487,175,87,2907,935,2953,2409,2667,2883,29,1.113,1,2040,1,39.853,0.698,-3.313,-39.250,-6.063,-0.023,0.027,1.070,0.695,-0.059,0.566,0.064,0.008,1.177,1.347,2,NULL,NULL,,2,0,2,7,255,1125,250,0,0
pre_stim,4700,4700,0,4700,3202004.455,0.872,-0.026,-0.036,0.487,88,39,2931,748,2975,2408,2701,2892,29,1.113,1,2040,1,42.491,0.709,-4.438,-41.813,6.125,-0.055,0.094,1.121,0.707,-0.059,0.637,0.066,0.010,1.177,1.347,2,NULL,NULL,,2,0,2,7,255,1125,250,0,0
pre_stim,4700,4700,0,4700,3202009.454,0.872,-0.025,-0.034,0.487,51,12,2942,567,2983,2391,2717,2905,29,1.113,1,2040,1,44.014,1.136,-11.375,-42.438,-2.625,-0.066,0.113,1.098,1.125,0.160,0.930,0.066,0.010,1.177,1.347,2,NULL,NULL,,2,0,2,7,255,1125,250,0,0
pre_stim,4700,4700,0,4700,3202014.455,0.873,-0.024,-0.033,0.487,35,0,2949,415,2991,2356,2748,2919,29,1.113,1,2040,1,46.973,1.136,-6.375,-46.125,6.188,-0.070,-0.023,1.098,1.125,0.160,0.984,0.068,0.010,1.177,1.347,2,NULL,NULL,,2,0,2,7,255,1125,250,0,0
pre_stim,4700,4700,0,4700,3202019.454,0.873,-0.023,-0.031,0.486,18,0,2952,353,3001,2325,2765,2911,29,1.113,1,2040,1,56.297,0.398,7.000,-53.250,16.875,-0.180,-0.043,1.172,0.004,0.398,0.984,0.070,0.012,1.177,1.347,2,NULL,NULL,,2,0,2,7,255,1125,250,0,0
pre_stim,4700,4700,0,4700,3202024.455,0.874,-0.022,-0.028,0.485,7,0,2971,283,3015,2295,2793,2919,29,1.113,1,2040,1,64.999,0.896,16.063,-58.875,22.375,-0.352,-0.070,1.336,-0.691,0.570,1.785,0.070,0.012,1.177,1.347,2,NULL,NULL,,2,0,2,7,255,1125,250,0,0
pre_stim,4700,4700,0,4700,3202029.453,0.874,-0.022,-0.026,0.485,3,0,2967,251,3017,2259,2805,2921,29,1.113,1,2040,1,70.314,2.539,17.250,-67.313,10.750,-0.391,-0.055,1.480,-1.766,1.824,3.520,0.072,0.014,1.177,1.347,2,NULL,NULL,,2,0,2,7,255,1125,250,0,0
pre_stim,4700,4700,0,4700,3202034.455,0.874,-0.021,-0.022,0.485,0,0,2976,243,3030,2221,2841,2928,29,1.113,1,2040,1,80.908,2.817,21.813,-77.500,8.000,-0.336,0.129,1.664,-1.766,2.195,4.949,0.072,0.014,1.177,1.347,2,NULL,NULL,,2,0,2,7,255,1125,250,0,0
pre_stim,4729,4729,0,4729,3202039.454,0.875,-0.019,-0.019,0.484,0,0,2983,200,3044,2187,2855,2935,29,1.113,1,2040,0,88.402,2.477,-16.813,-84.438,20.063,-0.176,0.313,1.574,-0.016,2.477,5.629,0.072,0.014,1.177,1.347,2,NULL,NULL,,2,0,2,7,255,1125,250,0,0
pre_stim,4729,4729,0,4729,3202044.455,0.875,-0.015,-0.017,0.483,0,0,2969,155,3055,2133,2887,2943,29,1.113,1,2040,0,105.577,2.995,-59.875,-84.625,20.000,-0.055,0.188,1.246,1.684,2.477,5.629,0.070,0.014,1.177,1.347,2,NULL,NULL,,2,0,2,7,255,1125,250,0,0
pre_stim,4729,4729,0,4729,3202049.453,0.876,-0.012,-0.015,0.481,0,0,2997,107,3061,2093,2888,2928,29,1.113,1,2040,0,111.213,1.964,-48.625,-92.313,38.500,-0.105,0.027,1.027,1.684,1.012,2.379,0.068,0.014,1.177,1.347,2,NULL,NULL,,2,0,2,7,255,1125,250,0,0
pre_stim,4729,4729,0,4729,3202054.455,0.878,-0.009,-0.012,0.479,0,0,2999,52,3059,1997,2907,2937,29,1.113,1,2040,0,114.310,1.012,-16.875,-98.813,54.938,-0.258,-0.105,1.070,-0.008,1.012,0.785,0.066,0.016,1.177,1.347,3,NULL,NULL,,2,0,2,7,255,1125,250,0,0
pre_stim,4729,4729,0,4729,3202059.454,0.879,-0.007,-0.008,0.478,0,0,2999,21,3065,1901,2909,2931,29,1.113,1,2040,0,112.518,2.293,-3.250,-103.875,43.125,-0.309,-0.227,1.102,-1.922,1.250,0.785,0.064,0.018,1.177,1.347,3,NULL,NULL,,2,0,2,7,255,1125,250,0,0
pre_stim,4729,4729,0,4729,3202064.455,0.879,-0.005,-0.004,0.477,0,0,3001,0,3080,1780,2929,2935,29,1.113,1,2040,0,111.818,3.464,1.625,-109.375,23.188,-0.258,-0.281,1.121,-3.230,1.250,1.086,0.060,0.022,1.177,1.347,3,NULL,NULL,,2,0,2,7,255,1125,250,0,0
pre_stim,4751,4751,0,4751,3202069.453,0.880,-0.002,0.001,0.476,0,0,2999,0,3080,1654,2939,2921,29,1.113,1,2040,0,115.972,3.287,4.813,-113.813,21.750,-0.203,-0.242,1.172,-3.230,0.605,1.289,0.058,0.026,1.177,1.347,3,NULL,NULL,,2,0,2,7,255,1125,250,0,0
pre_stim,4751,4751,0,4751,3202074.455,0.880,-0.000,0.005,0.474,0,0,2999,0,3089,1533,2953,2933,29,1.113,1,2040,0,121.859,2.961,6.188,-119.000,25.500,-0.195,-0.152,1.188,-2.898,0.605,1.742,0.056,0.032,1.177,1.347,3,NULL,NULL,,2,0,2,7,255,1125,250,0,0
pre_stim,4751,4751,0,4751,3202079.454,0.881,0.002,0.010,0.473,0,0,2989,0,3095,1381,2971,2911,29,1.113,1,2040,0,125.346,2.385,5.500,-123.188,22.500,-0.168,-0.109,1.168,-2.176,0.977,1.742,0.054,0.038,1.177,1.347,3,NULL,NULL,,2,0,2,7,255,1125,250,0,0
pre_stim,4751,4751,0,4751,3202084.455,0.881,0.005,0.014,0.472,0,0,2974,0,3111,1235,2967,2920,29,1.113,1,2040,0,130.065,2.029,2.813,-128.063,22.563,-0.172,-0.074,1.211,-1.738,1.047,1.840,0.052,0.046,1.177,1.347,3,NULL,NULL,,2,0,2,7,255,1125,250,0,0
pre_stim,4796,4796,0,4796,3202089.453,0.882,0.007,0.019,0.471,0,0,2965,0,3099,1018,2975,2919,29,1.113,1,2040,0,137.040,2.147,5.875,-135.000,22.813,-0.172,-0.074,1.172,-1.633,1.395,1.625,0.052,0.054,1.177,1.347,3,NULL,NULL,,2,0,2,7,255,1125,250,0,0
pre_stim,4796,4796,0,4796,3202094.455,0.882,0.009,0.025,0.470,0,0,2949,0,3107,875,2989,2902,29,1.113,1,2040,0,144.161,2.209,16.938,-141.688,20.500,-0.176,-0.074,1.164,-1.633,1.488,1.621,0.052,0.062,1.177,1.347,3,NULL,NULL,,2,0,2,7,255,1125,250,0,0
pre_stim,4796,4796,0,4796,3202099.454,0.882,0.012,0.031,0.469,0,0,2932,0,3107,685,2992,2872,29,1.113,1,2040,0,154.348,2.292,24.875,-151.125,19.125,-0.152,-0.070,1.164,-1.684,1.555,1.512,0.054,0.070,1.177,1.347,3,NULL,NULL,,2,0,2,7,255,1125,250,0,0
pre_stim,4796,4796,0,4796,3202104.455,0.883,0.013,0.038,0.468,0,0,2903,0,3108,537,3005,2889,29,1.113,1,2040,0,164.579,2.329,40.250,-158.563,18.000,-0.207,0.023,1.277,-1.684,1.609,1.512,0.056,0.078,1.177,1.347,3,NULL,NULL,,2,0,2,7,255,1125,250,0,0
pre_stim,4796,4796,0,4796,3202109.454,0.883,0.015,0.045,0.467,0,0,2889,0,3117,410,3005,2868,29,1.113,1,2040,0,172.049,3.022,37.000,-167.563,12.438,-0.129,0.117,1.414,-1.375,2.691,2.516,0.058,0.086,1.177,1.347,3,NULL,NULL,,2,0,2,7,255,1125,250,0,0
pre_stim,4796,4796,0,4796,3202114.455,0.883,0.017,0.052,0.467,0,0,2851,0,3113,310,3017,2856,29,1.113,1,2040,0,177.088,2.822,26.875,-174.563,12.875,-0.074,0.184,1.422,-0.375,2.797,3.848,0.060,0.094,1.177,1.347,3,NULL,NULL,,2,0,2,7,255,1125,250,0,0
pre_stim,4796,4796,0,4796,3202119.454,0.883,0.020,0.059,0.465,0,0,2813,0,3123,212,3007,2821,29,1.113,1,2040,0,185.990,2.877,14.500,-184.000,22.938,-0.066,0.191,1.445,0.242,2.867,3.949,0.064,0.102,1.177,1.347,3,NULL,NULL,,2,0,2,7,255,1125,250,0,0
pre_stim,4796,4796,0,4796,3202124.455,0.883,0.024,0.067,0.464,0,0,2771,0,3122,123,3021,2805,29,1.113,1,2040,0,194.972,3.068,11.875,-192.125,31.000,-0.148,0.188,1.477,0.242,3.059,4.129,0.066,0.110,1.177,1.347,3,NULL,NULL,,2,0,2,7,255,1125,250,0,0
pre_stim,4796,4796,0,4796,3202129.453,0.883,0.027,0.075,0.462,0,0,2717,0,3111,48,3027,2746,29,1.113,1,2040,0,206.790,3.940,14.063,-203.438,34.313,-0.246,0.160,1.559,-0.414,3.918,4.301,0.068,0.118,1.177,1.347,3,NULL,NULL,,2,0,2,7,255,1125,250,0,0
pre_stim,4796,4796,0,4796,3202134.455,0.883,0.031,0.083,0.460,0,0,2664,0,3111,38,3021,2719,29,1.113,1,2040,0,218.311,4.887,8.938,-216.250,28.563,-0.246,0.273,1.684,-0.754,4.828,4.895,0.070,0.126,1.177,1.347,3,NULL,NULL,,2,0,2,7,255,1125,250,0,0
pre_stim,4826,4826,0,4826,3202139.454,0.883,0.036,0.092,0.458,0,0,2607,0,3103,31,3019,2664,29,1.113,1,2040,0,227.373,5.923,-0.938,-225.625,28.125,-0.199,0.406,1.883,-0.754,5.875,6.004,0.070,0.134,1.177,1.347,3,NULL,NULL,,2,0,2,7,255,1125,250,0,0
pre_stim,4826,4826,0,4826,3202144.455,0.883,0.042,0.100,0.456,0,0,2515,0,3109,22,3019,2607,29,1.113,1,2040,0,245.002,6.807,-19.938,-240.250,43.688,-0.219,0.500,1.973,0.168,6.805,7.867,0.072,0.140,1.177,1.347,3,NULL,NULL,,2,0,2,7,255,1125,250,0,0
pre_stim,4826,4826,0,4826,3202149.453,0.883,0.049,0.109,0.454,0,0,2419,0,3101,9,3017,2541,29,1.113,1,2040,0,261.523,8.024,-36.313,-254.313,49.000,-0.250,0.555,2.012,0.508,8.008,8.543,0.072,0.148,1.177,1.347,3,NULL,NULL,,2,0,2,7,255,1125,250,0,0
pre_stim,4826,4826,0,4826,3202154.455,0.883,0.056,0.118,0.451,0,0,2301,0,3091,3,3007,2475,29,1.113,1,2040,0,280.829,9.030,-60.125,-269.688,50.188,-0.266,0.563,1.965,0.508,9.016,8.543,0.076,0.158,1.177,1.347,3,NULL,NULL,,2,0,2,7,255,1125,250,0,0
pre_stim,4850,4850,0,4850,3202159.455,0.882,0.065,0.128,0.448,0,0,2129,0,3077,0,2995,2386,29,1.113,1,2040,0,298.393,9.478,-74.625,-284.563,49.938,-0.262,0.578,1.922,0.414,9.469,7.992,0.080,0.170,1.177,1.347,3,NULL,NULL,,2,0,2,7,255,1125,250,0,0
pre_stim,4850,4850,0,4850,3202164.455,0.881,0.074,0.137,0.446,0,0,1959,0,3050,0,2976,2299,29,1.113,1,2040,0,315.779,9.895,-81.688,-301.250,47.875,-0.250,0.613,1.988,0.414,9.887,7.727,0.086,0.180,1.177,1.347,3,NULL,NULL,,2,0,2,7,255,1125,250,0,0
pre_stim,4850,4850,0,4850,3202169.453,0.880,0.085,0.147,0.443,0,0,1755,0,3035,0,2956,2163,29,1.113,1,2040,0,332.825,10.606,-93.688,-316.000,46.250,-0.316,0.656,2.098,0.414,10.598,7.727,0.096,0.192,1.177,1.347,3,NULL,NULL,,2,0,2,7,255,1125,250,0,0
pre_stim,4850,4850,0,4850,3202174.455,0.878,0.095,0.158,0.441,0,0,1541,0,3001,0,2931,1983,29,1.113,1,2040,0,348.497,12.129,-110.313,-328.625,35.875,-0.438,0.711,2.230,0.102,12.129,8.207,0.106,0.206,1.177,1.347,3,NULL,NULL,,2,0,2,7,255,1125,250,0,0
pre_stim,4850,4850,0,4850,3202179.453,0.876,0.107,0.168,0.439,0,0,1415,0,2968,0,2901,1821,29,1.113,1,2040,0,361.152,14.302,-124.438,-338.750,13.938,-0.527,0.820,2.402,-0.504,14.293,8.609,0.118,0.220,1.177,1.347,3,NULL,NULL,,2,0,2,7,255,1125,250,0,0
pre_stim,4850,4850,0,4850,3202184.455,0.873,0.119,0.179,0.438,0,0,1339,0,2919,0,2861,1621,29,1.113,1,2040,0,373.422,16.709,-131.688,-349.313,-9.125,-0.586,0.824,2.695,-0.570,16.699,9.305,0.132,0.238,1.177,1.347,3,NULL,NULL,,2,0,2,7,255,1125,250,0,0
pre_stim,4895,4895,0,4895,3202189.454,0.869,0.132,0.190,0.438,0,0,1239,0,2867,0,2791,1391,29,1.113,1,2040,0,402.656,18.908,-166.625,-365.813,-23.438,-0.637,0.707,2.910,-1.516,18.848,11.121,0.148,0.256,1.177,1.347,3,NULL,NULL,,2,0,2,7,255,1125,250,0,0
pre_stim,4895,4895,0,4895,3202194.455,0.864,0.146,0.200,0.439,0,0,1091,0,2778,0,2687,1199,29,1.113,1,2040,0,430.487,20.324,-202.625,-378.000,-37.125,-0.719,0.633,2.902,-3.199,20.070,11.121,0.168,0.278,1.177,1.347,3,NULL,NULL,,2,0,2,7,255,1125,250,0,0
pre_stim,4895,4895,0,4895,3202199.453,0.858,0.162,0.211,0.440,0,0,937,0,2677,0,2539,1016,29,1.113,1,2040,0,453.602,21.413,-219.250,-392.688,-59.000,-0.820,0.719,2.887,-3.965,21.043,11.074,0.190,0.300,1.177,1.347,3,NULL,NULL,,2,0,2,7,255,1125,250,0,0
pre_stim,4895,4895,0,4895,3202204.455,0.851,0.178,0.223,0.442,0,0,799,0,2539,0,2359,859,29,1.113,1,2040,0,477.320,22.477,-233.625,-404.000,-100.188,-0.676,0.637,2.855,-3.965,22.125,9.520,0.216,0.326,1.177,1.347,3,NULL,NULL,,2,0,2,7,255,1125,250,0,0
pre_stim,4895,4895,0,4895,3202209.454,0.842,0.193,0.234,0.445,0,0,615,0,2391,0,2105,737,29,1.113,1,2040,0,489.880,22.477,-240.000,-409.563,-121.000,-0.359,0.359,2.750,-3.965,22.125,9.520,0.242,0.354,1.177,1.347,3,NULL,NULL,,2,0,2,7,255,1125,250,0,0
pre_stim,4895,4895,0,4895,3202214.457,0.834,0.210,0.245,0.447,0,0,375,0,2171,0,1801,611,29,1.113,1,2040,0,499.031,19.330,-249.688,-422.125,-92.188,-0.160,0.090,2.469,-4.133,18.883,9.199,0.272,0.384,1.177,1.347,3,NULL,NULL,,2,0,2,7,255,1125,250,0,0
pre_stim,4917,4917,0,4917,3202219.454,0.826,0.228,0.257,0.446,0,0,175,0,1907,0,1389,476,29,1.113,1,2040,0,511.784,16.275,-256.438,-441.375,-36.750,-0.121,-0.039,1.984,-4.762,15.563,8.176,0.302,0.416,1.177,1.347,3,NULL,NULL,,2,0,2,7,255,1125,250,0,0
pre_stim,4917,4917,0,4917,3202224.455,0.819,0.244,0.269,0.444,0,0,41,0,1567,0,887,389,29,1.113,1,2040,0,508.321,13.455,-216.938,-459.563,-11.438,-0.082,-0.352,1.418,-4.809,12.566,4.289,0.336,0.452,1.177,1.347,3,NULL,NULL,,2,0,2,7,255,1125,250,0,0
pre_stim,4917,4917,0,4917,3202229.454,0.812,0.258,0.284,0.439,0,0,0,0,1143,0,337,299,29,1.113,1,2040,0,494.153,10.022,-113.125,-480.938,9.438,-0.105,-0.441,1.332,-6.184,7.887,0.477,0.372,0.490,1.177,1.347,3,NULL,NULL,,2,0,2,7,255,1125,250,0,0
pre_stim,4917,4917,0,4917,3202234.455,0.807,0.269,0.300,0.433,0,0,0,0,775,0,0,201,29,1.113,1,2040,0,482.081,10.022,-26.125,-480.625,26.813,-0.203,0.094,1.770,-6.184,7.887,0.219,0.412,0.530,1.177,1.347,3,NULL,NULL,,2,0,2,7,255,1125,250,0,0
pre_stim,4917,4917,0,4917,3202239.454,0.801,0.279,0.315,0.425,0,0,0,0,341,0,0,138,29,1.113,1,2040,0,475.634,14.293,-33.375,-471.938,48.875,-0.266,0.625,2.281,-4.063,13.703,0.219,0.456,0.576,1.177,1.347,3,NULL,NULL,,2,0,2,7,255,1125,250,0,0
pre_stim,4917,4917,0,4917,3202244.455,0.795,0.294,0.327,0.417,0,0,0,0,9,0,0,92,29,1.113,1,2040,0,483.924,20.437,-125.563,-457.813,93.938,-0.398,1.031,2.273,-1.320,20.395,0.219,0.504,0.624,1.177,1.347,3,NULL,NULL,,2,0,2,7,255,1125,250,0,0
pre_stim,4939,4939,0,4939,3202249.454,0.789,0.311,0.336,0.409,0,0,0,0,0,0,0,16,29,1.113,1,2040,0,511.535,22.697,-207.188,-445.500,142.375,-0.766,1.191,1.859,1.426,22.652,-1.391,0.558,0.680,1.177,1.347,3,NULL,NULL,,2,0,2,7,255,1125,250,0,0
pre_stim,4939,4939,0,4939,3202254.455,0.782,0.329,0.344,0.401,0,0,0,0,0,0,0,0,29,1.113,1,2040,0,517.182,22.697,-236.813,-431.688,158.250,-1.102,1.023,1.457,1.426,22.652,-7.953,0.620,0.744,1.177,1.347,4,NULL,NULL,,2,0,2,7,255,1125,250,0,0
pre_stim,4939,4939,0,4939,3202259.454,0.776,0.347,0.352,0.393,0,0,0,0,0,0,0,0,29,1.113,1,2040,0,497.978,20.173,-240.938,-410.938,145.125,-1.289,0.723,1.246,0.250,20.172,-13.344,0.688,0.812,1.177,1.347,0,NULL,NULL,,2,0,2,7,255,1125,250,0,0
pre_stim,4939,4939,0,4939,3202264.455,0.767,0.364,0.357,0.389,0,0,0,0,0,0,0,0,29,1.113,1,2040,0,470.532,17.693,-283.875,-364.563,88.938,-0.902,0.637,0.934,-0.789,17.676,-14.695,0.766,0.892,1.177,1.347,0,NULL,NULL,,2,0,2,7,255,1125,250,0,0
pre_stim,4939,4939,0,4939,3202269.454,0.759,0.378,0.362,0.388,0,0,0,0,0,0,0,7,29,1.113,1,2040,0,390.422,13.238,-274.063,-278.063,0.500,-0.199,0.309,0.727,-0.789,13.215,-14.695,0.846,0.972,1.177,1.347,0,NULL,NULL,,2,0,2,7,255,1125,250,0,0
pre_stim,4939,4939,0,4939,3202274.455,0.752,0.388,0.364,0.388,0,0,0,0,0,0,0,37,29,1.113,1,2040,0,269.830,7.922,-204.625,-175.875,-2.250,-0.031,0.020,0.586,-0.789,7.883,-9.230,0.926,1.052,1.177,1.347,0,NULL,NULL,,2,0,2,7,255,1125,250,0,0
pre_stim,4970,4970,0,4970,3202279.453,0.749,0.395,0.364,0.387,0,0,0,0,0,0,0,45,29,1.113,1,2040,0,188.327,7.994,-150.875,-101.563,48.875,-0.441,0.203,0.969,-1.328,7.883,-9.230,1.004,1.134,1.177,1.347,0,NULL,NULL,,2,0,2,7,255,1125,250,0,0
pre_stim,4970,4970,0,4970,3202284.455,0.746,0.402,0.361,0.389,0,0,0,0,0,0,0,37,29,1.113,1,2040,0,193.277,10.556,-189.438,-19.188,33.188,-0.809,0.352,0.984,-2.234,10.316,-10.211,1.082,1.214,1.177,1.347,0,NULL,NULL,,2,0,2,7,255,1125,250,0,0
pre_stim,5000,5000,0,5000,3202289.454,0.743,0.409,0.355,0.394,0,0,0,0,0,0,0,33,29,1.113,1,2040,0,234.895,10.556,-227.250,59.438,-0.563,-0.738,0.465,0.383,-2.234,10.316,-13.781,1.156,1.288,1.177,1.347,0,NULL,NULL,,2,0,2,7,255,1125,250,0,0
pre_stim,5000,5000,0,5000,3202294.455,0.741,0.413,0.348,0.399,0,0,0,0,0,0,0,29,29,1.113,1,2040,0,227.549,6.938,-193.938,119.000,-2.375,-0.543,0.617,-0.125,0.098,6.938,-16.000,1.220,1.352,1.177,1.347,0,NULL,NULL,,2,0,2,7,255,1125,250,0,0
pre_stim,5000,5000,0,5000,3202299.453,0.742,0.414,0.341,0.403,0,0,0,0,0,0,0,21,29,1.113,1,2040,0,193.891,3.511,-111.250,158.250,13.188,-0.539,0.555,-0.168,2.625,2.332,-16.855,1.274,1.408,1.177,1.347,0,NULL,NULL,,2,0,2,7,255,1125,250,0,0
pre_stim,5000,5000,0,5000,3202304.455,0.744,0.412,0.334,0.407,0,0,0,0,0,0,0,11,29,1.113,1,2040,0,190.584,3.511,-51.813,182.250,20.563,-0.645,0.355,0.141,2.625,2.332,-16.855,1.328,1.462,1.177,1.347,0,NULL,NULL,,2,0,2,7,255,1125,250,0,0
pre_stim,5000,5000,0,5000,3202309.454,0.746,0.411,0.326,0.411,0,0,0,0,0,0,0,8,29,1.113,1,2040,0,205.025,4.320,-49.188,198.188,18.375,-0.645,0.254,0.301,-0.012,4.320,-15.711,1.386,1.522,1.177,1.347,0,NULL,NULL,,2,0,2,7,255,1125,250,0,0
pre_stim,5000,5000,0,5000,3202314.455,0.748,0.409,0.318,0.415,0,0,0,0,0,0,0,8,29,1.113,1,2040,0,217.623,4.337,-60.813,207.438,25.125,-0.539,0.262,0.121,-0.375,4.320,-14.621,1.454,1.590,1.177,1.347,0,NULL,NULL,,2,0,2,7,255,1125,250,0,0
pre_stim,5000,5000,0,5000,3202319.453,0.751,0.407,0.309,0.418,0,0,0,0,0,0,0,10,29,1.113,1,2040,0,221.017,3.675,-47.063,211.688,42.688,-0.477,0.336,-0.164,-0.375,3.656,-14.621,1.534,1.672,1.177,1.347,0,NULL,NULL,,2,0,2,7,255,1125,250,0,0
pre_stim,5000,5000,0,5000,3202324.455,0.755,0.404,0.301,0.420,0,0,0,0,0,0,0,5,29,1.113,1,2040,0,221.695,1.474,-9.000,213.563,58.813,-0.480,0.340,-0.293,0.805,1.234,-15.531,1.620,1.760,1.177,1.347,0,NULL,NULL,,2,0,2,7,255,1125,250,0,0
pre_stim,5000,5000,0,5000,3202329.453,0.759,0.400,0.294,0.422,0,0,0,0,0,0,0,7,29,1.113,1,2040,0,226.709,1.425,27.938,215.500,64.625,-0.516,0.371,-0.230,0.879,1.121,-16.176,1.708,1.850,1.177,1.347,0,NULL,NULL,,2,0,2,7,255,1125,250,0,0
pre_stim,5000,5000,0,5000,3202334.455,0.764,0.395,0.286,0.423,0,0,0,0,0,0,0,20,29,1.113,1,2040,0,233.963,1.425,51.938,218.688,64.938,-0.484,0.355,-0.109,0.879,1.121,-16.176,1.798,1.940,1.177,1.347,0,NULL,NULL,,2,0,2,7,255,1125,250,0,0
pre_stim,5030,5030,0,5030,3202339.454,0.769,0.390,0.279,0.424,0,0,0,0,0,0,0,22,29,1.113,1,2040,0,242.362,2.214,66.500,222.063,70.750,-0.441,0.313,-0.020,0.742,2.086,-15.340,1.884,2.026,1.177,1.347,0,NULL,NULL,,2,0,2,7,255,1125,250,0,0
pre_stim,5030,5030,0,5030,3202344.455,0.774,0.384,0.271,0.424,0,0,0,0,0,0,0,17,29,1.113,1,2040,0,251.438,2.651,79.688,224.813,79.563,-0.457,0.285,0.055,0.488,2.605,-14.363,1.962,2.106,1.177,1.347,0,NULL,NULL,,2,0,2,7,255,1125,250,0,0
pre_stim,5030,5030,0,5030,3202349.453,0.780,0.377,0.264,0.424,0,0,0,0,0,0,0,20,29,1.113,1,2040,0,258.482,3.302,92.938,226.875,81.875,-0.516,0.270,0.160,0.070,3.301,-13.926,2.026,2.172,1.177,1.347,0,NULL,NULL,,2,0,2,7,255,1125,250,0,0
pre_stim,5030,5030,0,5030,3202354.455,0.785,0.370,0.257,0.425,0,0,0,0,0,0,0,13,29,1.113,1,2040,0,262.243,4.450,103.375,229.000,75.125,-0.543,0.258,0.297,-0.430,4.430,-13.641,2.084,2.230,1.177,1.347,0,NULL,NULL,,2,0,2,7,255,1125,250,0,0
pre_stim,5030,5030,0,5030,3202359.454,0.791,0.362,0.250,0.425,0,0,0,0,0,0,0,19,29,1.113,1,2040,0,264.933,5.759,110.188,231.875,65.438,-0.527,0.227,0.438,-0.801,5.703,-12.902,2.134,2.282,1.177,1.347,0,NULL,NULL,,2,0,2,7,255,1125,250,0,0
pre_stim,5030,5030,0,5030,3202364.455,0.796,0.355,0.243,0.426,0,0,0,0,0,0,0,11,29,1.113,1,2040,0,267.563,6.753,112.000,236.063,57.625,-0.527,0.230,0.621,-1.117,6.660,-11.703,2.176,2.324,1.177,1.347,0,NULL,NULL,,2,0,2,7,255,1125,250,0,0
pre_stim,5060,5060,0,5060,3202369.453,0.801,0.347,0.236,0.427,0,0,0,0,0,0,0,16,29,1.113,1,2040,0,266.780,8.217,101.625,242.000,47.750,-0.535,0.250,0.785,-1.172,8.133,-10.453,2.206,2.356,1.177,1.347,0,NULL,NULL,,2,0,2,7,255,1125,250,0,0
pre_stim,5060,5060,0,5060,3202374.455,0.805,0.340,0.228,0.429,0,0,0,0,0,0,0,18,29,1.113,1,2040,0,266.367,9.573,83.313,250.438,35.938,-0.527,0.234,0.859,-1.215,9.496,-9.352,2.226,2.378,1.177,1.347,0,NULL,NULL,,2,0,2,7,255,1125,250,0,0
pre_stim,5060,5060,0,5060,3202379.454,0.809,0.333,0.220,0.432,0,0,0,0,0,0,0,21,29,1.113,1,2040,0,269.889,9.917,66.750,260.313,24.938,-0.523,0.215,0.863,-1.266,9.836,-8.570,2.244,2.396,1.177,1.347,0,NULL,NULL,,2,0,2,7,255,1125,250,0,0
pre_stim,5060,5060,0,5060,3202384.455,0.812,0.326,0.212,0.435,0,0,0,0,0,0,0,25,29,1.113,1,2040,0,277.195,9.937,56.063,271.188,12.313,-0.539,0.195,0.855,-1.414,9.836,-8.223,2.264,2.416,1.177,1.347,0,NULL,NULL,,2,0,2,7,255,1125,250,0,0
pre_stim,5099,5099,0,5099,3202389.453,0.815,0.318,0.203,0.439,0,0,0,0,0,0,0,25,29,1.113,1,2040,0,286.949,9.894,48.438,282.813,-3.250,-0.531,0.180,0.855,-1.566,9.770,-8.078,2.280,2.434,1.177,1.347,0,NULL,NULL,,2,0,2,7,255,1125,250,0,0
pre_stim,5099,5099,0,5099,3202394.455,0.818,0.311,0.193,0.443,0,0,0,0,0,0,0,26,29,1.113,1,2040,0,298.653,9.755,42.000,295.125,-18.188,-0.500,0.160,0.836,-1.566,9.629,-7.719,2.296,2.452,1.177,1.347,0,NULL,NULL,,2,0,2,7,255,1125,250,0,0
pre_stim,5099,5099,0,5099,3202399.454,0.820,0.303,0.184,0.449,0,0,0,0,0,0,0,35,29,1.113,1,2040,0,311.337,9.323,38.688,307.500,-29.625,-0.465,0.129,0.789,-1.492,9.203,-7.367,2.312,2.468,1.177,1.347,0,NULL,NULL,,2,0,2,7,255,1125,250,0,0
pre_stim,5099,5099,0,5099,3202404.455,0.822,0.295,0.174,0.454,0,0,0,0,0,0,0,37,29,1.113,1,2040,0,324.057,8.625,43.250,318.750,-39.250,-0.461,0.133,0.703,-1.438,8.504,-7.367,2.326,2.486,1.177,1.347,0,NULL,NULL,,2,0,2,7,255,1125,250,0,0
pre_stim,5099,5099,0,5099,3202409.454,0.824,0.286,0.164,0.460,0,0,0,0,0,0,0,38,29,1.113,1,2040,0,337.886,8.004,57.000,329.250,-50.125,-0.453,0.102,0.672,-1.434,7.875,-7.434,2.346,2.506,1.177,1.347,0,NULL,NULL,,2,0,2,7,255,1125,250,0,0
pre_stim,5099,5099,0,5099,3202414.455,0.826,0.276,0.154,0.466,0,0,0,0,0,0,0,37,29,1.113,1,2040,0,350.625,7.591,72.000,337.688,-61.000,-0.430,0.121,0.684,-1.313,7.477,-7.434,2.370,2.530,1.177,1.347,0,NULL,NULL,,2,0,2,7,255,1125,250,0,0
pre_stim,5099,5099,0,5099,3202419.454,0.828,0.266,0.144,0.473,0,0,0,0,0,0,0,38,29,1.113,1,2040,0,362.043,7.465,84.563,345.313,-68.438,-0.383,0.145,0.734,-1.051,7.391,-7.059,2.398,2.558,1.177,1.347,0,NULL,NULL,,2,0,2,7,255,1125,250,0,0
pre_stim,5099,5099,0,5099,3202424.455,0.829,0.254,0.135,0.479,0,0,0,0,0,0,0,37,29,1.113,1,2040,0,372.672,7.381,97.500,351.313,-77.188,-0.340,0.211,0.742,-0.504,7.363,-6.313,2.430,2.592,1.177,1.347,0,NULL,NULL,,2,0,2,7,255,1125,250,0,0
pre_stim,5099,5099,0,5099,3202429.453,0.830,0.242,0.126,0.486,0,0,0,0,0,0,0,39,29,1.113,1,2040,0,383.756,7.274,114.750,355.313,-88.625,-0.164,0.188,0.746,0.348,7.266,-6.020,2.468,2.630,1.177,1.347,0,NULL,NULL,,2,0,2,7,255,1125,250,0,0
pre_stim,5099,5099,0,5099,3202434.455,0.832,0.229,0.116,0.492,0,0,0,0,0,0,0,43,29,1.113,1,2040,0,388.414,5.848,131.563,356.563,-80.125,0.008,0.059,0.746,0.883,5.781,-4.934,2.512,2.676,1.177,1.347,0,NULL,NULL,,2,0,2,7,255,1125,250,0,0
pre_stim,5128,5128,0,5128,3202439.454,0.833,0.216,0.108,0.497,0,0,0,0,0,0,0,40,29,1.113,1,2040,0,388.720,4.234,152.688,352.813,-57.563,0.023,0.109,0.832,1.109,4.086,-3.684,2.560,2.726,1.177,1.347,0,NULL,NULL,,2,0,2,7,255,1125,250,0,0
pre_stim,5128,5128,0,5128,3202444.455,0.835,0.202,0.099,0.502,0,0,0,0,0,0,0,42,29,1.113,1,2040,0,388.339,4.345,166.063,348.375,-43.188,0.008,0.207,0.930,1.477,4.086,-2.863,2.610,2.776,1.177,1.347,0,NULL,NULL,,2,0,2,7,255,1125,250,0,0
pre_stim,5128,5128,0,5128,3202449.453,0.837,0.188,0.091,0.506,0,0,0,0,0,0,0,45,29,1.113,1,2040,0,390.428,5.306,181.688,343.938,-33.625,0.000,0.211,1.027,2.301,4.781,-2.199,2.660,2.828,1.177,1.347,0,NULL,NULL,,2,0,2,7,255,1125,250,0,0
pre_stim,5128,5128,0,5128,3202454.455,0.839,0.173,0.083,0.509,0,0,0,0,0,0,0,41,29,1.113,1,2040,0,389.290,5.531,188.750,339.500,-25.688,0.004,0.234,1.152,2.398,4.984,-1.203,2.710,2.878,1.177,1.347,0,NULL,NULL,,2,0,2,7,255,1125,250,0,0
pre_stim,5149,5149,0,5149,3202459.454,0.841,0.158,0.075,0.512,0,0,0,0,0,0,0,43,29,1.113,1,2040,0,388.488,5.666,194.813,335.688,-16.875,0.020,0.223,1.230,2.688,4.988,0.066,2.758,2.926,1.177,1.347,0,NULL,NULL,,2,0,2,7,255,1125,250,0,0
pre_stim,5149,5149,0,5149,3202464.455,0.843,0.144,0.068,0.514,0,0,0,0,0,0,0,40,29,1.113,1,2040,0,389.541,5.874,203.000,332.313,-10.063,-0.027,0.234,1.340,2.688,5.223,1.004,2.802,2.974,1.177,1.347,0,NULL,NULL,,2,0,2,7,255,1125,250,0,0
pre_stim,5149,5149,0,5149,3202469.453,0.845,0.128,0.060,0.516,0,0,0,0,0,0,0,42,29,1.113,1,2040,0,389.192,6.012,206.813,329.625,-6.813,-0.066,0.230,1.504,2.621,5.410,2.063,2.846,3.018,1.177,1.347,0,NULL,NULL,,2,0,2,7,255,1125,250,0,0
pre_stim,5149,5149,0,5149,3202474.455,0.846,0.114,0.053,0.518,0,0,0,0,0,0,0,40,29,1.113,1,2040,0,385.323,6.269,201.938,328.125,-5.375,-0.117,0.242,1.676,2.453,5.770,3.707,2.888,3.062,1.177,1.347,0,NULL,NULL,,2,0,2,7,255,1125,250,0,0
pre_stim,5149,5149,0,5149,3202479.454,0.847,0.099,0.045,0.520,0,0,0,0,0,0,0,41,29,1.113,1,2040,0,379.095,6.675,191.188,327.250,-8.250,-0.141,0.250,1.836,2.426,6.219,5.379,2.928,3.104,1.177,1.347,0,NULL,NULL,,2,0,2,7,255,1125,250,0,0
pre_stim,5149,5149,0,5149,3202484.455,0.848,0.085,0.037,0.521,0,0,0,0,0,0,0,45,29,1.113,1,2040,0,370.322,6.674,173.938,326.750,-10.875,-0.137,0.234,1.953,2.422,6.219,7.051,2.968,3.142,1.177,1.347,0,NULL,NULL,,2,0,2,7,255,1125,250,0,0
pre_stim,5195,5195,0,5195,3202489.453,0.849,0.072,0.029,0.523,0,0,0,0,0,0,0,45,29,1.113,1,2040,0,360.747,6.345,153.813,326.125,-11.063,-0.125,0.223,2.031,2.387,5.879,8.422,3.004,3.182,1.177,1.347,0,NULL,NULL,,2,0,2,7,255,1125,250,0,0
pre_stim,5195,5195,0,5195,3202494.455,0.849,0.060,0.020,0.525,0,0,0,0,0,0,0,47,29,1.113,1,2040,0,350.201,5.798,131.250,324.500,-10.688,-0.117,0.203,2.031,2.375,5.289,9.379,3.042,3.220,1.177,1.347,0,NULL,NULL,,2,0,2,7,255,1125,250,0,0
pre_stim,5195,5195,0,5195,3202499.454,0.849,0.048,0.011,0.526,0,0,0,0,0,0,0,53,29,1.113,1,2040,0,341.644,5.073,113.375,322.125,-10.125,-0.098,0.160,1.945,2.305,4.520,9.379,3.078,3.256,1.177,1.347,0,NULL,NULL,,2,0,2,7,255,1125,250,0,0
pre_stim,5195,5195,0,5195,3202504.455,0.849,0.036,0.001,0.527,0,0,0,0,0,0,0,47,29,1.113,1,2040,0,337.209,4.044,109.813,318.688,-9.438,-0.086,0.113,1.852,2.039,3.492,8.895,3.110,3.290,1.177,1.347,0,NULL,NULL,,2,0,2,7,255,1125,250,0,0
pre_stim,5195,5195,0,5195,3202509.454,0.849,0.024,-0.008,0.529,0,0,0,0,0,0,0,53,29,1.113,1,2040,0,335.972,3.076,117.563,314.563,-10.313,-0.074,0.086,1.844,1.707,2.559,8.117,3.142,3.322,1.177,1.347,0,NULL,NULL,,2,0,2,7,255,1125,250,0,0
pre_stim,5195,5195,0,5195,3202514.455,0.848,0.013,-0.016,0.530,0,0,0,0,0,0,0,45,29,1.113,1,2040,0,335.577,2.348,126.375,310.625,-12.375,-0.039,0.031,1.879,1.539,1.773,8.117,3.170,3.354,1.177,1.347,0,NULL,NULL,,2,0,2,7,255,1125,250,0,0
pre_stim,5217,5217,0,5217,3202519.453,0.847,0.000,-0.024,0.531,0,0,0,0,0,0,0,45,29,1.113,1,2040,0,335.444,1.488,134.250,307.188,-11.625,0.016,-0.027,1.898,1.301,0.723,8.539,3.198,3.382,1.177,1.347,0,NULL,NULL,,2,0,2,7,255,1125,250,0,0
pre_stim,5217,5217,0,5217,3202524.455,0.846,-0.012,-0.032,0.531,0,0,0,0,1,0,0,43,29,1.113,1,2040,0,337.478,1.159,145.813,304.188,-10.000,0.078,-0.063,1.895,1.020,-0.551,8.691,3.224,3.408,1.177,1.347,0,NULL,NULL,,2,0,2,7,255,1125,250,0,0
pre_stim,5217,5217,0,5217,3202529.453,0.845,-0.025,-0.039,0.532,0,0,0,0,0,0,0,41,29,1.113,1,2040,0,343.584,2.057,165.375,301.000,-10.000,0.172,-0.102,1.922,1.016,-1.789,8.746,3.250,3.436,1.177,1.347,0,NULL,NULL,,2,0,2,7,255,1125,250,0,0
pre_stim,5217,5217,0,5217,3202534.455,0.844,-0.039,-0.045,0.533,0,0,0,0,0,0,0,45,29,1.113,1,2040,0,352.888,3.491,189.438,297.563,-10.000,0.328,-0.113,2.020,1.016,-3.340,8.801,3.276,3.464,1.177,1.347,0,NULL,NULL,,2,0,2,7,255,1125,250,0,0
pre_stim,5217,5217,0,5217,3202539.453,0.843,-0.053,-0.051,0.533,0,0,0,0,0,0,0,40,29,1.113,1,2040,0,363.484,5.634,211.875,295.188,-9.688,0.531,-0.086,2.156,1.559,-5.414,9.465,3.304,3.492,1.177,1.347,0,NULL,NULL,,2,0,2,7,255,1125,250,0,0
pre_stim,5217,5217,0,5217,3202544.455,0.841,-0.068,-0.057,0.534,0,0,0,0,0,0,0,45,29,1.113,1,2040,0,374.091,8.291,230.813,294.313,-7.063,0.734,-0.078,2.301,2.617,-7.867,10.363,3.330,3.520,1.177,1.347,0,NULL,NULL,,2,0,2,7,255,1125,250,0,0
pre_stim,5239,5239,0,5239,3202549.453,0.839,-0.084,-0.062,0.534,0,0,0,0,0,0,0,42,29,1.113,1,2040,0,384.635,11.009,247.563,294.375,-0.750,0.902,-0.102,2.465,3.430,-10.461,11.188,3.358,3.548,1.177,1.347,0,NULL,NULL,,2,0,2,7,255,1125,250,0,0
pre_stim,5239,5239,0,5239,3202554.455,0.837,-0.101,-0.067,0.534,0,0,0,0,0,0,0,39,29,1.113,1,2040,0,394.074,13.577,260.250,295.875,4.688,1.043,-0.125,2.660,3.758,-13.047,12.109,3.386,3.578,1.177,1.347,0,NULL,NULL,,2,0,2,7,255,1125,250,0,0
pre_stim,5239,5239,0,5239,3202559.454,0.835,-0.117,-0.071,0.533,0,0,0,0,0,0,0,37,29,1.113,1,2040,0,399.200,16.021,264.813,298.625,7.625,1.176,-0.094,2.867,3.961,-15.523,13.230,3.412,3.606,1.177,1.347,0,NULL,NULL,,2,0,2,7,255,1125,250,0,0
pre_stim,5239,5239,0,5239,3202564.455,0.832,-0.134,-0.076,0.532,0,0,0,0,0,0,0,35,29,1.113,1,2040,0,396.391,18.378,256.313,302.250,8.625,1.297,-0.008,3.035,4.586,-17.797,14.441,3.438,3.634,1.177,1.347,0,NULL,NULL,,2,0,2,7,255,1125,250,0,0
pre_stim,5239,5239,0,5239,3202569.454,0.830,-0.149,-0.082,0.531,0,0,0,0,0,0,0,43,29,1.113,1,2040,0,384.281,20.570,233.375,305.125,10.313,1.387,0.047,3.102,5.602,-19.793,14.992,3.462,3.658,1.177,1.347,0,NULL,NULL,,2,0,2,7,255,1125,250,0,0
pre_stim,5239,5239,0,5239,3202574.455,0.828,-0.163,-0.089,0.530,0,0,0,0,0,0,0,43,29,1.113,1,2040,0,364.562,22.254,197.375,306.250,12.625,1.414,0.043,3.016,6.234,-21.363,14.992,3.482,3.680,1.177,1.347,0,NULL,NULL,,2,0,2,7,255,1125,250,0,0
pre_stim,5269,5269,0,5269,3202579.453,0.825,-0.176,-0.096,0.528,0,0,0,0,0,0,0,51,29,1.113,1,2040,0,344.951,22.952,167.688,300.938,17.563,1.422,0.059,2.895,6.258,-22.082,13.465,3.502,3.700,1.177,1.347,0,NULL,NULL,,2,0,2,7,255,1125,250,0,0
pre_stim,5269,5269,0,5269,3202584.455,0.823,-0.189,-0.103,0.526,0,0,0,0,0,0,0,57,29,1.113,1,2040,0,326.986,23.218,147.875,291.375,12.375,1.586,0.133,2.844,6.367,-22.328,11.723,3.518,3.716,1.177,1.347,0,NULL,NULL,,2,0,2,7,255,1125,250,0,0
pre_stim,5300,5300,0,5300,3202589.454,0.821,-0.199,-0.110,0.524,0,0,0,0,0,0,0,57,29,1.113,1,2040,0,303.275,24.962,118.063,279.313,4.625,1.898,0.016,2.719,7.684,-23.750,10.168,3.530,3.730,1.177,1.347,0,NULL,NULL,,2,0,2,7,255,1125,250,0,0
pre_stim,5300,5300,0,5300,3202594.455,0.819,-0.208,-0.117,0.522,0,0,0,0,0,0,0,69,29,1.113,1,2040,0,277.451,27.753,83.625,264.250,12.563,2.191,-0.273,2.383,7.684,-26.668,7.012,3.540,3.740,1.177,1.347,0,NULL,NULL,,2,0,2,7,255,1125,250,0,0
pre_stim,5300,5300,0,5300,3202599.453,0.817,-0.216,-0.125,0.519,0,0,0,0,0,0,0,90,29,1.113,1,2040,0,256.562,29.765,65.813,246.000,31.250,2.395,-0.508,1.914,6.754,-28.988,1.695,3.544,3.746,1.177,1.347,0,NULL,NULL,,2,0,2,7,255,1125,250,0,0
pre_stim,5300,5300,0,5300,3202604.455,0.816,-0.224,-0.131,0.516,0,0,0,0,0,0,0,99,29,1.113,1,2040,0,242.064,29.797,74.188,225.688,46.438,2.559,-0.648,1.477,5.621,-29.262,-4.324,3.542,3.746,1.177,1.347,0,NULL,NULL,,2,0,2,7,255,1125,250,0,0
pre_stim,5300,5300,0,5300,3202609.454,0.815,-0.233,-0.135,0.513,0,0,0,0,0,0,0,122,29,1.113,1,2040,0,235.392,29.923,101.625,204.875,55.750,2.754,-0.781,1.176,5.172,-29.473,-9.676,3.532,3.738,1.177,1.347,0,NULL,NULL,,2,0,2,7,255,1125,250,0,0
pre_stim,5300,5300,0,5300,3202614.455,0.814,-0.242,-0.138,0.510,0,0,0,0,0,0,0,137,29,1.113,1,2040,0,238.402,30.112,136.750,184.125,65.063,2.965,-0.953,1.027,4.945,-29.703,-13.953,3.516,3.722,1.177,1.347,0,NULL,NULL,,2,0,2,7,255,1125,250,0,0
pre_stim,5300,5300,0,5300,3202619.453,0.813,-0.252,-0.139,0.506,0,0,0,0,0,0,0,140,29,1.113,1,2040,0,247.537,31.366,168.750,162.750,79.438,3.102,-1.152,0.988,4.434,-31.051,-17.078,3.488,3.694,1.177,1.347,0,NULL,NULL,,2,0,2,7,255,1125,250,0,0
pre_stim,5300,5300,0,5300,3202624.455,0.812,-0.263,-0.139,0.503,0,0,0,0,0,0,0,140,29,1.113,1,2040,0,256.837,32.624,194.625,139.625,92.688,3.156,-1.348,1.023,3.449,-32.441,-19.102,3.446,3.656,1.177,1.347,0,NULL,NULL,,2,0,2,7,255,1125,250,0,0
pre_stim,5300,5300,0,5300,3202629.454,0.810,-0.274,-0.138,0.500,0,0,0,0,0,0,0,146,29,1.113,1,2040,0,261.409,33.630,213.563,115.188,97.250,3.133,-1.559,1.086,2.125,-33.563,-20.121,3.388,3.598,1.177,1.347,0,NULL,NULL,,2,0,2,7,255,1125,250,0,0
pre_stim,5300,5300,0,5300,3202634.455,0.809,-0.284,-0.135,0.496,0,0,0,0,0,0,0,151,29,1.113,1,2040,0,267.323,34.338,233.188,88.438,96.250,3.090,-1.711,1.133,0.344,-34.336,-20.621,3.318,3.528,1.177,1.347,0,NULL,NULL,,2,0,2,7,255,1125,250,0,0
pre_stim,5300,5300,0,5300,3202639.453,0.808,-0.296,-0.129,0.493,0,0,0,0,0,0,0,149,29,1.113,1,2040,0,297.868,34.656,268.500,50.313,118.750,3.129,-1.602,1.500,0.070,-34.656,-20.621,3.234,3.448,1.177,1.347,0,NULL,NULL,,2,0,2,7,255,1125,250,0,0
pre_stim,5330,5330,0,5330,3202644.455,0.807,-0.305,-0.124,0.490,0,0,0,0,0,0,0,154,29,1.113,1,2040,0,259.507,36.538,232.875,17.375,113.188,2.383,-1.832,2.297,-1.031,-36.523,-18.496,3.142,3.356,1.177,1.347,0,NULL,NULL,,2,0,2,7,255,1125,250,0,0
pre_stim,5330,5330,0,5330,3202649.454,0.805,-0.312,-0.118,0.490,0,0,0,0,0,0,0,153,29,1.113,1,2040,0,211.269,37.001,204.688,-23.500,46.750,2.227,-1.875,2.121,-5.926,-36.523,-10.902,3.042,3.258,1.177,1.347,0,NULL,NULL,,2,0,2,7,255,1125,250,0,0
pre_stim,5330,5330,0,5330,3202654.455,0.803,-0.318,-0.110,0.491,0,0,0,48,0,0,0,243,29,1.113,1,2040,0,232.709,35.167,220.625,-68.438,28.188,1.891,-1.289,2.805,-5.926,-34.664,-9.820,2.934,3.150,1.177,1.347,0,NULL,NULL,,2,0,2,7,255,1125,250,0,0
pre_stim,5330,5330,0,5330,3202659.454,0.802,-0.336,-0.082,0.487,227,0,0,411,0,11,0,254,29,1.113,1,2040,0,771.362,35.386,647.375,-286.625,306.188,1.289,-0.074,7.852,-7.109,-34.664,-2.109,2.816,3.034,1.177,1.347,0,NULL,NULL,,2,0,2,7,255,1125,250,0,0
pre_stim,5330,5330,0,5330,3202664.455,0.803,-0.336,-0.069,0.487,724,0,0,921,0,121,0,285,29,1.113,1,2040,0,305.763,56.927,130.500,-260.250,93.438,0.688,0.754,10.305,-7.211,-56.469,43.621,2.692,2.912,1.177,1.347,0,NULL,NULL,,2,0,2,7,255,1125,250,0,0
pre_stim,5330,5330,1,5330,3202669.454,0.823,-0.293,-0.085,0.479,1229,0,0,1321,0,393,0,329,29,1.113,1,2040,0,1157.504,56.927,-1131.875,-168.063,174.438,-0.227,2.598,3.234,-7.211,-56.469,43.621,2.564,2.784,1.177,1.347,0,NULL,NULL,,2,1,2,7,255,1125,250,0,0
pre_stim,5361,5361,1,5361,3202674.455,0.842,-0.244,-0.101,0.471,1689,0,0,1576,0,603,0,343,29,1.113,1,2041,0,1268.682,17.614,-1240.188,-213.563,160.875,-0.598,4.309,-1.570,16.527,-6.090,26.887,2.430,2.652,1.177,1.347,1,1134.000,9.000,,2,1,2,7,255,1125,250,0,0
pre_stim,5361,5361,1,5361,3202679.453,0.850,-0.218,-0.107,0.467,1981,0,0,1743,0,876,0,395,29,1.113,1,2041,0,658.167,35.165,-636.313,-154.625,66.188,-1.426,2.148,-3.258,16.527,31.039,-8.621,2.296,2.518,1.177,1.347,1,NULL,NULL,,2,1,2,7,255,1125,250,0,0
pre_stim,5361,5361,1,5361,3202684.455,0.853,-0.208,-0.104,0.468,2197,0,0,1933,0,1006,0,463,29,1.113,1,2041,0,243.720,32.567,-155.750,-187.250,-8.875,-1.293,-0.672,-1.504,9.859,31.039,-19.867,2.158,2.382,1.177,1.347,1,NULL,NULL,,2,1,2,7,255,1125,250,0,0
pre_stim,5361,5361,1,5361,3202689.454,0.853,-0.207,-0.095,0.470,2347,0,0,2037,0,1145,0,595,29,1.113,1,2041,0,195.959,13.163,65.500,-184.688,-0.625,-0.023,-0.379,1.414,-3.406,12.715,-19.867,2.014,2.240,1.177,1.347,1,NULL,NULL,,2,1,2,7,255,1125,250,0,0
pre_stim,5397,5397,1,5397,3202694.455,0.856,-0.205,-0.089,0.467,2527,0,0,2235,0,1300,0,663,29,1.113,1,2041,0,181.247,3.970,5.938,-154.125,95.188,0.508,2.352,2.324,-3.406,-2.039,1.914,1.866,2.094,1.177,1.347,1,NULL,NULL,,2,1,2,7,255,1125,250,0,0
pre_stim,5397,5397,1,5397,3202699.453,0.860,-0.197,-0.086,0.462,2697,0,0,2492,0,1334,0,749,29,1.113,1,2041,0,247.241,19.140,-158.125,-127.313,141.125,-0.270,2.555,2.594,19.031,-2.039,14.695,1.712,1.942,1.177,1.347,2,NULL,NULL,,2,1,2,7,255,1125,250,0,0
pre_stim,5397,5397,1,5397,3202704.455,0.868,-0.180,-0.086,0.455,2792,0,0,2645,0,1341,0,828,29,1.113,1,2041,0,439.369,19.539,-367.000,-161.875,179.313,-1.957,-0.211,1.445,19.031,4.426,14.695,1.554,1.784,1.177,1.347,2,NULL,NULL,,2,1,2,7,255,1125,250,0,0
pre_stim,5397,5397,1,5397,3202709.454,0.873,-0.159,-0.088,0.453,2855,0,0,2748,0,1359,0,933,29,1.113,1,2041,0,500.422,14.966,-467.500,-175.375,33.313,-2.172,-1.555,-0.117,-12.594,8.086,8.926,1.392,1.622,1.177,1.347,2,NULL,NULL,,2,1,2,7,255,1125,250,0,0
pre_stim,5397,5397,1,5397,3202714.455,0.873,-0.144,-0.088,0.459,2905,0,0,2835,0,1375,0,1022,29,1.113,1,2041,0,381.687,20.692,-295.938,-192.375,-145.250,-1.363,-1.352,-1.016,-19.047,8.086,-7.078,1.224,1.456,1.177,1.347,2,NULL,NULL,,2,1,2,7,255,1125,250,0,0
pre_stim,5397,5397,1,5397,3202719.453,0.870,-0.136,-0.082,0.467,2955,0,0,2903,0,1419,0,1125,29,1.113,1,2041,0,283.705,20.019,-60.500,-204.938,-186.625,-0.098,-0.887,0.082,-19.047,6.164,-9.914,1.054,1.288,1.177,1.347,2,NULL,NULL,,2,1,2,7,255,1125,250,0,0
pre_stim,5397,5397,1,5397,3202724.455,0.868,-0.132,-0.075,0.474,2985,0,0,2961,0,1481,0,1184,29,1.113,1,2041,0,251.796,8.903,6.500,-194.625,-159.625,0.746,-1.047,1.602,-7.840,-4.219,-9.914,0.886,1.120,1.177,1.347,2,NULL,NULL,,2,1,2,7,255,1125,250,0,0
pre_stim,5397,5397,1,5397,3202729.454,0.867,-0.126,-0.071,0.478,3003,0,0,3005,0,1579,0,1225,29,1.113,1,2041,0,203.166,16.373,-70.688,-164.438,-96.125,1.324,-1.332,2.152,-4.262,-15.809,2.055,0.720,0.954,1.177,1.347,2,NULL,NULL,,2,1,2,7,255,1125,250,0,0
pre_stim,5397,5397,1,5397,3202734.455,0.868,-0.116,-0.069,0.477,3023,0,0,3047,0,1677,21,1255,29,1.113,1,2041,0,219.269,23.354,-166.125,-142.250,15.688,1.555,-1.438,1.703,-3.602,-23.074,2.055,0.558,0.794,1.177,1.347,2,NULL,NULL,,2,1,2,7,255,1125,250,0,0
pre_stim,5397,5397,1,5397,3202739.453,0.873,-0.107,-0.068,0.472,3037,0,0,3079,0,1773,55,1291,29,1.113,1,2041,0,266.989,23.354,-193.875,-119.750,139.125,0.949,-1.188,0.844,-3.602,-23.074,1.301,0.402,0.640,1.177,1.347,2,NULL,NULL,,2,1,2,7,255,1125,250,0,0
pre_stim,5427,5427,1,5427,3202744.455,0.878,-0.100,-0.065,0.464,3051,0,0,3097,0,1876,123,1323,29,1.113,1,2041,0,274.243,16.410,-140.188,-117.313,204.438,-0.234,-0.422,0.387,-4.375,-15.816,-4.906,0.250,0.488,1.177,1.347,2,NULL,NULL,,2,1,2,7,255,1125,250,0,0
pre_stim,5427,5427,1,5427,3202749.454,0.881,-0.096,-0.062,0.459,3047,0,0,3111,21,2040,132,1531,29,1.113,1,2041,0,196.721,4.805,-64.500,-117.563,143.938,-0.961,0.020,0.598,-4.613,-1.344,-4.906,0.130,0.370,1.177,1.347,2,NULL,NULL,,2,1,2,7,255,1125,250,0,0
pre_stim,5427,5427,1,5427,3202754.455,0.883,-0.092,-0.058,0.457,3067,0,0,3131,284,2137,342,1701,29,1.113,1,2041,0,135.330,7.828,-36.625,-124.500,38.375,-0.996,0.316,1.176,-4.613,6.324,-2.223,0.072,0.304,1.177,1.347,2,NULL,NULL,,2,1,2,7,255,1125,250,0,0
pre_stim,5427,5427,1,5427,3202759.454,0.881,-0.090,-0.055,0.461,3067,0,0,3132,668,2183,363,1851,29,1.113,1,2041,0,128.342,6.872,-8.875,-79.563,-100.313,-0.238,0.375,2.156,-2.688,6.324,3.555,0.076,0.296,1.177,1.347,2,NULL,NULL,,2,1,2,7,255,1125,250,0,0
pre_stim,5451,5451,1,5451,3202764.455,0.878,-0.086,-0.055,0.468,3067,0,0,3142,957,2236,365,1951,29,1.113,1,2041,0,184.937,2.447,-71.250,-44.063,-164.875,0.477,0.375,1.590,2.441,-0.160,4.934,0.116,0.328,1.177,1.347,2,NULL,NULL,,2,1,2,7,255,1125,250,0,0
pre_stim,5451,5451,1,5451,3202769.454,0.876,-0.082,-0.055,0.473,3077,0,0,3145,1139,2275,391,2021,29,1.113,1,2041,0,150.643,7.791,-62.063,-44.063,-130.000,0.785,0.637,1.105,6.215,-4.699,4.934,0.158,0.366,1.177,1.347,2,NULL,NULL,,2,1,2,7,255,1125,250,0,0
pre_stim,5451,5451,1,5451,3202774.455,0.875,-0.079,-0.055,0.475,3067,0,0,3149,1293,2301,438,2089,29,1.113,1,2041,0,87.989,7.920,-49.688,-21.250,-69.438,0.555,-0.094,1.246,6.215,-4.910,1.215,0.202,0.400,1.177,1.347,2,NULL,NULL,,2,1,2,7,255,1125,250,0,0
pre_stim,5451,5451,1,5451,3202779.453,0.875,-0.075,-0.057,0.476,3087,29,0,3151,1425,2315,456,2151,29,1.113,1,2041,0,114.541,7.418,-112.438,-14.813,-16.063,0.000,-0.926,1.184,2.656,-6.926,1.184,0.248,0.434,1.177,1.347,2,NULL,NULL,,2,1,2,7,255,1125,250,0,0
pre_stim,5451,5451,1,5451,3202784.455,0.874,-0.070,-0.059,0.477,3069,69,0,3159,1547,2323,471,2191,29,1.113,1,2041,0,131.214,9.894,-125.875,-13.500,-34.500,-0.289,-0.859,0.715,-7.066,-6.926,1.184,0.288,0.468,1.177,1.347,2,NULL,NULL,,2,1,2,7,255,1125,250,0,0
pre_stim,5451,5451,1,5451,3202789.454,0.873,-0.067,-0.060,0.480,3067,87,0,3157,1624,2343,476,2224,29,1.113,1,2041,0,98.430,7.860,-46.938,-11.500,-85.750,-0.152,-0.398,0.430,-7.066,-3.441,-2.727,0.310,0.494,1.177,1.347,2,NULL,NULL,,2,1,2,7,255,1125,250,0,0
pre_stim,5495,5495,1,5495,3202794.455,0.871,-0.068,-0.059,0.483,3079,109,20,3156,1698,2349,488,2253,29,1.113,1,2041,0,87.251,5.212,29.125,-11.938,-81.375,0.238,-0.125,0.828,-3.914,-3.441,-2.727,0.304,0.506,1.177,1.347,2,NULL,NULL,,2,1,2,7,255,1125,250,0,0
pre_stim,5495,5495,1,5495,3202799.453,0.870,-0.068,-0.058,0.484,3080,141,100,3161,1773,2360,489,2275,29,1.113,1,2041,0,35.677,3.990,22.125,-9.188,-26.438,0.180,-0.117,1.191,0.598,-3.945,-2.238,0.292,0.512,1.177,1.347,2,NULL,NULL,,2,1,2,7,255,1125,250,0,0
pre_stim,5495,5495,1,5495,3202804.455,0.871,-0.067,-0.059,0.484,3089,163,223,3159,1830,2373,478,2301,29,1.113,1,2041,0,30.320,3.990,-28.125,-6.875,9.000,-0.113,-0.148,1.234,0.598,-3.945,1.359,0.276,0.504,1.177,1.347,2,NULL,NULL,,2,1,2,7,255,1125,250,0,0
pre_stim,5495,5495,1,5495,3202809.454,0.871,-0.065,-0.060,0.483,3087,175,327,3158,1879,2377,477,2323,29,1.113,1,2041,0,53.690,2.157,-53.500,-4.313,1.313,-0.258,-0.074,0.977,-1.133,-1.836,1.359,0.244,0.476,1.177,1.347,2,NULL,NULL,,2,1,2,7,255,1125,250,0,0
pre_stim,5495,5495,1,5495,3202814.455,0.871,-0.063,-0.060,0.484,3087,173,377,3157,1900,2379,474,2335,29,1.113,1,2041,0,41.839,1.134,-35.313,-5.000,-21.875,-0.188,-0.035,0.816,-1.133,0.059,0.031,0.198,0.430,1.177,1.347,2,NULL,NULL,,2,1,2,7,255,1125,250,0,0
pre_stim,5495,5495,1,5495,3202819.453,0.870,-0.063,-0.060,0.485,3097,172,461,3159,1929,2387,471,2344,29,1.113,1,2041,0,26.948,0.799,-10.438,-5.938,-24.125,-0.059,-0.109,0.879,-0.797,0.059,-1.234,0.146,0.370,1.177,1.347,2,NULL,NULL,,2,1,2,7,255,1125,250,0,0
pre_stim,5518,5518,1,5518,3202824.455,0.870,-0.062,-0.060,0.486,3089,175,510,3157,1960,2386,462,2359,29,1.113,1,2041,0,14.986,1.606,-3.438,-4.688,-13.813,-0.035,-0.098,1.031,-0.691,-1.449,-1.234,0.098,0.310,1.177,1.347,2,NULL,NULL,,2,1,2,7,255,1125,250,0,0
pre_stim,5518,5518,1,5518,3202829.453,0.870,-0.062,-0.060,0.486,3093,181,575,3159,1971,2396,460,2365,29,1.113,1,2041,0,10.985,1.491,-8.938,-3.813,-5.125,-0.063,0.031,1.063,-0.352,-1.449,0.184,0.072,0.262,1.177,1.347,2,NULL,NULL,,2,1,2,7,255,1125,250,0,0
pre_stim,5518,5518,1,5518,3202834.455,0.870,-0.061,-0.060,0.486,3094,181,614,3157,1991,2403,444,2375,29,1.113,1,2041,0,11.157,1.111,-10.688,-2.000,-2.500,-0.074,0.109,1.035,0.578,-0.949,0.320,0.062,0.228,1.177,1.347,2,NULL,NULL,,2,1,2,7,255,1125,250,0,0
pre_stim,5518,5518,1,5518,3202839.453,0.870,-0.061,-0.060,0.486,3093,185,665,3156,2009,2404,440,2377,29,1.223,1,2041,1,9.360,1.060,-9.000,-0.813,-2.438,-0.070,0.066,1.035,0.836,-0.652,0.336,0.000,0.000,1.219,1.364,2,NULL,NULL,,2,1,2,7,255,1125,250,0,0
pre_stim,5518,5518,1,5518,3202844.455,0.870,-0.060,-0.060,0.486,3093,186,685,3157,2020,2406,429,2379,29,1.223,1,2041,1,7.081,1.060,-7.000,-0.125,-1.063,-0.086,0.008,1.012,0.836,-0.652,0.320,0.004,0.004,1.219,1.364,2,NULL,NULL,,2,1,2,7,255,1125,250,0,0
pre_stim,5518,5518,1,5518,3202849.453,0.870,-0.060,-0.060,0.486,3093,189,709,3159,2030,2403,421,2379,29,1.223,1,2041,1,1.692,0.736,-1.688,0.000,0.125,-0.109,0.035,0.992,0.340,-0.652,0.117,0.008,0.006,1.219,1.364,2,NULL,NULL,,2,1,2,7,255,1125,250,0,0
pre_stim,5539,5539,1,5539,3202854.455,0.870,-0.061,-0.060,0.486,3092,198,728,3155,2029,2403,419,2377,29,1.223,1,2041,1,12.962,0.548,9.375,0.500,-8.938,-0.168,0.102,1.004,0.340,-0.430,0.117,0.012,0.010,1.219,1.364,2,NULL,NULL,,2,1,2,7,255,1125,250,0,0
pre_stim,5539,5539,1,5539,3202859.454,0.870,-0.061,-0.060,0.486,3091,199,734,3155,2030,2397,411,2375,29,1.223,1,2041,1,5.925,0.746,5.563,1.563,1.313,0.016,0.129,1.160,0.609,-0.430,0.160,0.014,0.012,1.219,1.364,2,NULL,NULL,,2,1,2,7,255,1125,250,0,0
pre_stim,5539,5539,1,5539,3202864.455,0.870,-0.061,-0.060,0.486,3089,190,741,3148,2031,2393,404,2366,29,1.223,1,2041,1,14.660,1.141,-7.938,2.813,12.000,-0.160,0.145,1.121,1.082,0.363,1.324,0.018,0.014,1.219,1.364,2,NULL,NULL,,2,1,2,7,255,1125,250,0,0
pre_stim,5539,5539,1,5539,3202869.453,0.870,-0.061,-0.060,0.486,3087,199,739,3147,2029,2389,395,2359,29,1.223,1,2041,1,10.895,1.145,-10.563,2.500,0.938,-0.227,0.113,1.027,1.082,0.375,1.324,0.022,0.018,1.219,1.364,2,NULL,NULL,,2,1,2,7,255,1125,250,0,0
pre_stim,5539,5539,1,5539,3202874.455,0.870,-0.061,-0.060,0.486,3080,192,733,3144,2021,2383,391,2351,29,1.223,1,2041,1,11.926,0.585,-2.625,2.125,-11.438,-0.152,0.051,0.984,0.449,0.375,0.520,0.024,0.020,1.219,1.364,2,NULL,NULL,,2,1,2,7,255,1125,250,0,0
pre_stim,5539,5539,1,5539,3202879.454,0.869,-0.061,-0.060,0.487,3065,190,731,3141,2021,2379,383,2343,29,1.223,1,2041,1,10.033,0.267,2.750,1.688,-9.500,-0.094,-0.004,1.012,0.266,0.023,0.109,0.026,0.022,1.219,1.364,2,NULL,NULL,,2,1,2,7,255,1125,250,0,0
pre_stim,5570,5570,1,5570,3202884.455,0.869,-0.061,-0.060,0.487,3063,183,726,3140,2011,2367,380,2331,29,1.223,1,2041,1,3.154,0.806,2.188,1.188,-1.938,-0.098,-0.008,1.023,0.121,-0.797,0.109,0.028,0.024,1.219,1.364,2,NULL,NULL,,2,1,2,7,255,1125,250,0,0
pre_stim,5570,5570,1,5570,3202889.453,0.869,-0.061,-0.060,0.487,3066,175,715,3133,1998,2361,367,2317,29,1.223,1,2041,1,2.383,0.801,1.125,0.813,1.938,-0.145,0.012,0.988,0.082,-0.797,0.109,0.028,0.024,1.219,1.364,2,NULL,NULL,,2,1,2,7,255,1125,250,0,0
pre_stim,5601,5601,1,5601,3202894.455,0.869,-0.061,-0.060,0.487,3047,171,695,3125,1995,2361,364,2323,29,1.223,1,2041,1,3.536,0.268,3.500,-0.250,0.438,-0.160,0.004,0.965,-0.039,-0.266,-0.020,0.030,0.026,1.219,1.364,2,NULL,NULL,,2,1,2,7,255,1125,250,0,0
pre_stim,5601,5601,1,5601,3202899.454,0.869,-0.061,-0.060,0.487,3043,171,687,3113,1992,2355,363,2317,29,1.223,1,2041,1,6.967,0.325,6.688,-1.500,1.250,-0.152,-0.012,0.965,-0.188,-0.266,-0.234,0.032,0.028,1.219,1.364,2,NULL,NULL,,2,1,2,7,255,1125,250,0,0
pre_stim,5601,5601,1,5601,3202904.455,0.870,-0.061,-0.060,0.486,3034,165,684,3103,1991,2349,351,2316,29,1.223,1,2041,1,9.899,0.306,8.688,-3.063,3.625,-0.168,0.000,0.977,-0.281,-0.121,-0.234,0.032,0.028,1.219,1.364,2,NULL,NULL,,2,1,2,7,255,1125,250,0,0
pre_stim,5601,5601,1,5601,3202909.454,0.870,-0.062,-0.059,0.486,3025,159,683,3095,1991,2345,355,2319,29,1.223,1,2041,1,10.833,0.300,9.375,-4.438,3.125,-0.184,0.012,0.977,-0.281,-0.105,-0.082,0.034,0.030,1.219,1.364,2,NULL,NULL,,2,1,2,7,255,1125,250,0,0
pre_stim,5601,5601,1,5601,3202914.455,0.870,-0.062,-0.059,0.486,3016,149,677,3081,1996,2343,357,2323,29,1.223,1,2041,1,12.734,0.284,10.750,-6.375,2.438,-0.180,0.008,0.965,-0.281,0.039,-0.082,0.034,0.030,1.219,1.364,2,NULL,NULL,,2,1,2,7,255,1125,250,0,0
pre_stim,5601,5601,0,5601,3202919.454,0.870,-0.062,-0.058,0.486,3001,139,683,3081,2003,2345,363,2327,29,1.223,1,2041,1,14.953,0.284,12.125,-8.125,3.250,-0.180,0.004,0.961,-0.281,0.039,-0.191,0.034,0.030,1.219,1.364,2,NULL,NULL,,2,0,2,7,255,1125,250,0,0
pre_stim,5601,5601,0,5601,3202924.455,0.870,-0.063,-0.058,0.486,2991,139,694,3055,2011,2345,371,2341,29,1.223,1,2041,1,16.513,0.284,13.313,-9.563,2.000,-0.180,0.020,0.965,-0.281,0.039,-0.199,0.032,0.028,1.219,1.364,2,NULL,NULL,,2,0,2,7,255,1125,250,0,0
pre_stim,5601,5601,0,5601,3202929.453,0.870,-0.063,-0.057,0.486,2975,133,681,3044,2024,2343,384,2335,29,1.223,1,2041,1,18.101,0.254,14.500,-10.813,-0.688,-0.172,0.031,0.977,-0.242,0.078,-0.199,0.032,0.028,1.219,1.364,2,NULL,NULL,,2,0,2,7,255,1125,250,0,0
pre_stim,5601,5601,0,5601,3202934.455,0.870,-0.063,-0.056,0.486,2965,121,739,3041,2042,2351,407,2351,29,1.223,1,2041,1,18.940,0.119,14.813,-11.750,-1.125,-0.156,0.031,0.984,-0.090,0.078,-0.090,0.032,0.028,1.219,1.364,2,NULL,NULL,,2,0,2,7,255,1125,250,0,0
pre_stim,5601,5601,0,5601,3202939.454,0.870,-0.063,-0.055,0.486,2963,117,751,3017,2057,2349,415,2365,29,1.223,1,2041,1,18.728,0.092,13.938,-12.500,0.500,-0.152,0.027,0.980,-0.059,-0.070,-0.086,0.030,0.026,1.219,1.364,2,NULL,NULL,,2,0,2,7,255,1125,250,0,0
pre_stim,5629,5629,0,5629,3202944.455,0.870,-0.064,-0.055,0.486,2932,117,781,3000,2077,2395,444,2366,29,1.223,1,2041,1,19.400,0.080,13.438,-13.625,3.188,-0.156,0.035,0.969,-0.039,-0.070,-0.086,0.030,0.026,1.219,1.364,2,NULL,NULL,,2,0,2,7,255,1125,250,0,0
pre_stim,5629,5629,0,5629,3202949.453,0.870,-0.064,-0.054,0.486,2921,119,823,3001,2115,2349,478,2388,29,1.223,1,2041,1,20.965,0.042,14.125,-15.000,3.875,-0.172,0.074,0.973,-0.039,-0.016,-0.098,0.030,0.028,1.219,1.364,2,NULL,NULL,,2,0,2,7,255,1125,250,0,0
pre_stim,5629,5629,0,5629,3202954.455,0.870,-0.064,-0.053,0.486,2899,137,871,2985,2155,2359,503,2406,29,1.223,1,2041,1,22.102,0.385,15.125,-16.063,1.313,-0.184,0.129,0.996,0.207,0.324,-0.098,0.030,0.030,1.219,1.364,2,NULL,NULL,,2,0,2,7,255,1125,250,0,0
pre_stim,5629,5629,0,5629,3202959.454,0.870,-0.065,-0.052,0.486,2873,147,923,2957,2189,2352,563,2425,29,1.223,1,2041,1,22.149,0.886,14.063,-16.938,-2.438,-0.164,0.172,1.023,0.578,0.672,0.156,0.030,0.030,1.219,1.364,2,NULL,NULL,,2,0,2,7,255,1125,250,0,0
pre_stim,5629,5629,0,5629,3202964.455,0.870,-0.065,-0.051,0.487,2855,157,995,2943,2232,2362,629,2456,29,1.223,1,2041,1,21.043,1.244,11.250,-17.188,-4.563,-0.141,0.168,1.035,1.047,0.672,0.391,0.032,0.032,1.219,1.364,2,NULL,NULL,,2,0,2,7,255,1125,250,0,0
pre_stim,5629,5629,0,5629,3202969.453,0.870,-0.065,-0.050,0.487,2840,179,1095,2937,2281,2364,691,2468,29,1.223,1,2041,1,19.698,1.149,8.250,-17.375,-4.250,-0.133,0.141,1.031,1.047,0.473,0.402,0.032,0.036,1.219,1.364,2,NULL,NULL,,2,0,2,7,255,1125,250,0,0
pre_stim,5660,5660,0,5660,3202974.455,0.870,-0.065,-0.049,0.487,2812,183,1171,2924,2311,2368,743,2492,29,1.223,1,2041,1,18.967,0.942,5.563,-17.500,-4.750,-0.148,0.105,1.012,0.906,0.258,0.402,0.034,0.036,1.219,1.364,2,NULL,NULL,,2,0,2,7,255,1125,250,0,0
pre_stim,5660,5660,0,5660,3202979.454,0.869,-0.065,-0.048,0.487,2808,186,1233,2903,2336,2383,805,2503,29,1.223,1,2041,1,20.000,0.596,4.438,-17.813,-7.938,-0.152,0.086,1.000,0.539,0.254,0.227,0.034,0.036,1.219,1.364,2,NULL,NULL,,2,0,2,7,255,1125,250,0,0
pre_stim,5660,5660,0,5660,3202984.455,0.869,-0.064,-0.047,0.488,2779,191,1317,2894,2387,2390,896,2522,29,1.223,1,2041,1,22.136,0.436,4.688,-17.875,-12.188,-0.137,0.086,0.988,0.375,0.223,0.141,0.034,0.036,1.219,1.364,2,NULL,NULL,,2,0,2,7,255,1125,250,0,0
pre_stim,5660,5660,0,5660,3202989.453,0.869,-0.064,-0.047,0.488,2748,203,1419,2874,2406,2396,1001,2536,29,1.223,1,2041,1,22.872,0.390,5.750,-17.688,-13.313,-0.109,0.082,0.992,0.375,0.105,0.008,0.036,0.036,1.219,1.364,2,NULL,NULL,,2,0,2,7,255,1125,250,0,0
pre_stim,5698,5698,0,5698,3202994.455,0.869,-0.064,-0.046,0.489,2720,220,1511,2861,2457,2397,1109,2553,29,1.223,1,2041,1,21.975,0.401,4.750,-16.313,-13.938,-0.102,0.059,1.004,0.375,-0.141,0.008,0.036,0.038,1.219,1.364,2,NULL,NULL,,2,0,2,7,255,1125,250,0,0
pre_stim,5698,5698,0,5698,3202999.454,0.868,-0.064,-0.045,0.490,2701,251,1610,2838,2485,2393,1177,2579,29,1.223,1,2041,1,21.408,0.456,-0.063,-16.250,-13.938,-0.125,0.012,1.016,0.328,-0.316,0.094,0.038,0.038,1.219,1.364,2,NULL,NULL,,2,0,2,7,255,1125,250,0,0
pre_stim,5698,5698,0,5698,3203004.455,0.868,-0.063,-0.045,0.490,2659,273,1735,2828,2523,2421,1279,2596,29,1.223,1,2041,1,22.625,0.382,-5.250,-17.938,-12.750,-0.148,0.020,1.023,-0.215,-0.316,0.203,0.038,0.040,1.219,1.364,2,NULL,NULL,,2,0,2,7,255,1125,250,0,0
pre_stim,5698,5698,0,5698,3203009.454,0.868,-0.062,-0.044,0.491,2634,301,1832,2809,2549,2416,1397,2615,29,1.223,1,2041,1,24.998,0.238,-8.625,-18.688,-14.188,-0.168,0.059,1.016,-0.215,-0.102,0.293,0.040,0.042,1.219,1.364,2,NULL,NULL,,2,0,2,7,255,1125,250,0,0
pre_stim,5698,5698,0,5698,3203014.455,0.868,-0.061,-0.044,0.491,2587,342,1917,2781,2579,2437,1489,2633,29,1.223,1,2041,1,29.530,0.359,-11.938,-17.063,-20.938,-0.191,0.031,1.012,-0.246,0.262,0.293,0.040,0.044,1.219,1.364,2,NULL,NULL,,2,0,2,7,255,1125,250,0,0
pre_stim,5698,5698,0,5698,3203019.454,0.867,-0.060,-0.044,0.492,2543,368,2009,2761,2604,2443,1587,2647,29,1.223,1,2041,1,38.945,0.271,-20.813,-17.000,-28.188,-0.133,0.027,1.070,-0.070,0.262,0.293,0.040,0.046,1.219,1.364,2,NULL,NULL,,2,0,2,7,255,1125,250,0,0
pre_stim,5698,5698,0,5698,3203024.455,0.867,-0.058,-0.044,0.493,2507,375,2095,2733,2633,2432,1686,2667,29,1.223,1,2041,1,43.704,0.204,-31.313,-18.563,-24.188,-0.078,0.078,1.082,-0.070,-0.191,0.758,0.040,0.046,1.219,1.364,2,NULL,NULL,,2,0,2,7,255,1125,250,0,0
pre_stim,5698,5698,0,5698,3203029.453,0.867,-0.057,-0.044,0.494,2439,393,2179,2707,2651,2451,1763,2659,29,1.223,1,2041,1,46.096,0.412,-37.375,-17.688,-20.375,-0.102,-0.066,0.984,-0.070,-0.406,0.758,0.040,0.046,1.219,1.364,2,NULL,NULL,,2,0,2,7,255,1125,250,0,0
pre_stim,5698,5698,0,5698,3203034.455,0.866,-0.054,-0.044,0.495,2376,407,2247,2683,2682,2459,1832,2699,29,1.223,1,2041,1,46.298,1.047,-40.188,-16.688,-15.813,-0.090,-0.098,0.957,-0.715,-0.766,-0.121,0.040,0.046,1.219,1.364,2,NULL,NULL,,2,0,2,7,255,1125,250,0,0
pre_stim,5698,5698,0,5698,3203039.454,0.866,-0.053,-0.044,0.495,2311,410,2301,2652,2707,2453,1909,2723,29,1.223,1,2041,1,37.714,1.077,-28.250,-21.375,-12.938,-0.180,-0.023,0.871,-0.758,-0.766,-0.422,0.038,0.044,1.219,1.364,2,NULL,NULL,,2,0,2,7,255,1125,250,0,0
pre_stim,5727,5727,0,5727,3203044.455,0.866,-0.052,-0.044,0.496,2229,426,2373,2611,2728,2458,1991,2733,29,1.223,1,2041,1,36.604,0.918,-14.750,-20.000,-26.875,-0.219,-0.094,0.988,-0.906,0.145,-0.422,0.036,0.042,1.219,1.364,2,NULL,NULL,,2,0,2,7,255,1125,250,0,0
pre_stim,5727,5727,0,5727,3203049.453,0.865,-0.050,-0.043,0.497,2151,429,2427,2557,2765,2471,2063,2749,29,1.223,1,2041,1,46.693,0.771,-21.438,-23.125,-34.438,-0.117,-0.004,1.035,-0.758,0.145,0.059,0.036,0.042,1.219,1.364,2,NULL,NULL,,2,0,2,7,255,1125,250,0,0
pre_stim,5727,5727,0,5727,3203054.455,0.864,-0.049,-0.043,0.498,2073,444,2502,2505,2787,2470,2123,2775,29,1.223,1,2041,1,44.380,0.299,-23.625,-23.500,-29.313,-0.102,0.012,1.035,-0.164,-0.250,0.371,0.034,0.040,1.219,1.364,2,NULL,NULL,,2,0,2,7,255,1125,250,0,0
pre_stim,5727,5727,0,5727,3203059.454,0.864,-0.047,-0.043,0.499,1965,429,2553,2455,2807,2473,2186,2789,29,1.223,1,2041,1,46.781,0.294,-27.500,-23.938,-29.313,-0.059,0.000,1.031,0.027,-0.293,0.371,0.034,0.038,1.219,1.364,2,NULL,NULL,,2,0,2,7,255,1125,250,0,0
pre_stim,5751,5751,0,5751,3203064.455,0.864,-0.045,-0.042,0.500,1851,423,2601,2376,2823,2483,2251,2799,29,1.223,1,2041,1,41.958,0.633,-29.625,-27.500,-11.250,-0.059,0.004,1.012,0.172,-0.609,0.297,0.034,0.036,1.219,1.364,2,NULL,NULL,,2,0,2,7,255,1125,250,0,0
pre_stim,5751,5751,0,5751,3203069.453,0.864,-0.044,-0.042,0.500,1693,392,2653,2295,2847,2485,2315,2823,29,1.223,1,2041,1,41.524,0.633,-29.188,-26.875,-12.250,-0.172,-0.004,1.035,0.172,-0.609,0.297,0.034,0.034,1.219,1.364,2,NULL,NULL,,2,0,2,7,255,1125,250,0,0
pre_stim,5751,5751,0,5751,3203074.455,0.863,-0.042,-0.042,0.501,1514,347,2699,2197,2869,2477,2365,2827,29,1.223,1,2041,1,44.970,0.416,-29.125,-29.750,-17.000,-0.184,0.016,1.047,-0.266,0.320,0.449,0.034,0.034,1.219,1.364,2,NULL,NULL,,2,0,2,7,255,1125,250,0,0
pre_stim,5751,5751,0,5751,3203079.454,0.863,-0.040,-0.041,0.502,1339,315,2729,2089,2877,2471,2411,2837,29,1.223,1,2041,1,52.627,0.416,-32.250,-29.625,-29.188,-0.129,-0.008,1.031,-0.266,0.320,0.449,0.034,0.032,1.219,1.364,2,NULL,NULL,,2,0,2,7,255,1125,250,0,0
pre_stim,5751,5751,0,5751,3203084.455,0.863,-0.038,-0.040,0.503,1130,275,2759,1977,2889,2468,2461,2855,29,1.223,1,2041,1,47.994,0.177,-24.875,-32.063,-25.625,-0.063,-0.027,1.012,-0.176,0.023,0.355,0.034,0.032,1.219,1.364,2,NULL,NULL,,2,0,2,7,255,1125,250,0,0
pre_stim,5751,5751,0,5751,3203089.453,0.862,-0.036,-0.040,0.504,905,219,2776,1801,2904,2469,2513,2863,29,1.223,1,2041,1,44.191,0.571,-24.813,-32.375,-17.000,-0.035,-0.039,1.012,-0.027,-0.570,0.098,0.034,0.032,1.219,1.364,2,NULL,NULL,,2,0,2,7,255,1125,250,0,0
pre_stim,5795,5795,0,5795,3203094.455,0.862,-0.035,-0.039,0.504,701,180,2803,1571,2925,2471,2540,2873,29,1.223,1,2041,1,40.123,0.571,-17.313,-35.500,-7.063,-0.102,-0.016,1.031,-0.027,-0.570,0.098,0.036,0.032,1.219,1.364,2,NULL,NULL,,2,0,2,7,255,1125,250,0,0
pre_stim,5795,5795,0,5795,3203099.454,0.862,-0.033,-0.038,0.504,445,149,2809,1283,2941,2456,2591,2895,29,1.223,1,2041,1,42.375,0.145,-18.938,-37.813,-2.688,-0.102,0.012,1.063,0.012,-0.145,0.328,0.036,0.032,1.219,1.364,2,NULL,NULL,,2,0,2,7,255,1125,250,0,0
pre_stim,5795,5795,0,5795,3203104.455,0.862,-0.032,-0.037,0.504,229,88,2836,1053,2964,2450,2617,2894,29,1.223,1,2041,1,44.711,0.115,-17.563,-39.250,-12.250,-0.098,0.008,1.031,0.113,0.020,0.355,0.036,0.032,1.219,1.364,2,NULL,NULL,,2,0,2,7,255,1125,250,0,0
pre_stim,5795,5795,0,5795,3203109.454,0.862,-0.031,-0.035,0.504,97,48,2860,825,2969,2421,2649,2913,29,1.223,1,2041,1,44.810,0.123,-13.000,-42.750,-3.375,-0.023,0.059,1.031,0.121,0.020,0.355,0.036,0.032,1.219,1.364,2,NULL,NULL,,2,0,2,7,255,1125,250,0,0
pre_stim,5795,5795,0,5795,3203114.455,0.862,-0.029,-0.034,0.505,55,24,2885,669,2989,2413,2675,2916,29,1.223,1,2041,1,45.939,0.883,-10.375,-43.938,-8.500,-0.016,0.145,1.035,0.883,0.023,0.277,0.036,0.034,1.219,1.364,2,NULL,NULL,,2,0,2,7,255,1125,250,0,0
pre_stim,5795,5795,0,5795,3203119.454,0.862,-0.028,-0.032,0.505,26,3,2891,473,2995,2397,2707,2924,29,1.223,1,2041,1,49.263,1.329,-0.563,-48.938,5.625,-0.078,0.141,1.129,1.328,0.043,0.277,0.036,0.034,1.219,1.364,2,NULL,NULL,,2,0,2,7,255,1125,250,0,0
pre_stim,5817,5817,0,5817,3203124.455,0.863,-0.027,-0.029,0.504,12,0,2893,379,3000,2355,2729,2926,29,1.223,1,2041,1,57.198,1.430,4.938,-55.125,14.438,-0.129,0.117,1.230,1.328,0.531,1.254,0.036,0.038,1.219,1.364,2,NULL,NULL,,2,0,2,7,255,1125,250,0,0
pre_stim,5817,5817,0,5817,3203129.453,0.863,-0.026,-0.027,0.503,1,0,2916,309,3017,2332,2751,2948,29,1.223,1,2041,1,63.392,1.235,1.813,-59.938,20.563,-0.262,-0.055,1.328,0.898,0.848,2.281,0.038,0.040,1.219,1.364,2,NULL,NULL,,2,0,2,7,255,1125,250,0,0
pre_stim,5817,5817,0,5817,3203134.455,0.864,-0.025,-0.025,0.502,0,0,2931,287,3029,2303,2777,2937,29,1.223,1,2041,1,71.361,1.660,1.563,-68.125,21.188,-0.344,-0.141,1.410,-1.195,1.152,3.352,0.040,0.044,1.219,1.364,2,NULL,NULL,,2,0,2,7,255,1125,250,0,0
pre_stim,5817,5817,0,5817,3203139.454,0.864,-0.024,-0.022,0.502,0,0,2927,265,3037,2293,2811,2941,29,1.223,1,2041,0,82.710,2.175,19.813,-77.625,20.563,-0.391,-0.035,1.594,-1.633,1.438,4.230,0.038,0.046,1.219,1.364,2,NULL,NULL,,2,0,2,7,255,1125,250,0,0
pre_stim,5817,5817,0,5817,3203144.455,0.865,-0.023,-0.018,0.500,0,0,2933,204,3051,2234,2835,2957,29,1.223,1,2041,0,93.555,2.796,3.938,-87.938,31.688,-0.230,0.223,1.676,-1.633,2.270,6.031,0.036,0.050,1.219,1.364,2,NULL,NULL,,2,0,2,7,255,1125,250,0,0
pre_stim,5817,5817,0,5817,3203149.453,0.866,-0.019,-0.016,0.499,0,0,2940,169,3061,2184,2845,2957,29,1.223,1,2041,0,110.067,2.602,-60.750,-88.313,25.000,-0.066,0.227,1.363,1.273,2.270,6.031,0.030,0.054,1.219,1.364,2,NULL,NULL,,2,0,2,7,255,1125,250,0,0
pre_stim,5840,5840,0,5840,3203154.455,0.867,-0.015,-0.014,0.498,0,0,2955,117,3079,2135,2863,2964,29,1.223,1,2041,0,119.135,1.801,-58.000,-93.375,45.938,-0.129,0.105,1.129,1.273,1.273,3.531,0.022,0.062,1.219,1.364,2,NULL,NULL,,2,0,2,7,255,1125,250,0,0
pre_stim,5840,5840,0,5840,3203159.454,0.869,-0.011,-0.011,0.495,0,0,2943,51,3080,2075,2879,2963,29,1.223,1,2041,0,122.418,1.400,-32.375,-101.750,59.875,-0.180,0.070,1.098,0.582,1.273,1.262,0.018,0.072,1.219,1.364,3,NULL,NULL,,2,0,2,7,255,1125,250,0,0
pre_stim,5840,5840,0,5840,3203164.455,0.870,-0.009,-0.007,0.493,0,0,2950,0,3089,1975,2905,2955,29,1.223,1,2041,0,121.011,1.648,-15.875,-107.375,53.500,-0.270,-0.039,1.121,-0.012,1.648,1.246,0.020,0.082,1.219,1.364,3,NULL,NULL,,2,0,2,7,255,1125,250,0,0
pre_stim,5840,5840,0,5840,3203169.453,0.871,-0.006,-0.004,0.491,0,0,2951,0,3087,1885,2905,2955,29,1.223,1,2041,0,122.694,2.318,-3.625,-112.750,48.250,-0.297,-0.125,1.215,-1.445,1.813,1.246,0.026,0.090,1.219,1.364,3,NULL,NULL,,2,0,2,7,255,1125,250,0,0
pre_stim,5840,5840,0,5840,3203174.455,0.872,-0.004,0.001,0.490,0,0,2951,0,3087,1739,2931,2956,29,1.223,1,2041,0,124.310,2.914,-4.688,-118.125,38.438,-0.223,-0.156,1.219,-2.281,1.813,2.176,0.030,0.100,1.219,1.364,3,NULL,NULL,,2,0,2,7,255,1125,250,0,0
pre_stim,5840,5840,0,5840,3203179.454,0.873,-0.000,0.005,0.488,0,0,2943,0,3097,1599,2949,2952,29,1.223,1,2041,0,129.001,2.573,-10.313,-123.188,36.875,-0.191,-0.211,1.199,-2.313,1.129,2.176,0.032,0.106,1.219,1.364,3,NULL,NULL,,2,0,2,7,255,1125,250,0,0
pre_stim,5870,5870,0,5870,3203184.455,0.874,0.003,0.009,0.486,0,0,2939,0,3100,1493,2961,2941,29,1.223,1,2041,0,136.219,2.545,-5.625,-128.250,45.563,-0.195,-0.145,1.211,-2.281,1.129,2.043,0.034,0.114,1.219,1.364,3,NULL,NULL,,2,0,2,7,255,1125,250,0,0
pre_stim,5870,5870,0,5870,3203189.453,0.875,0.005,0.014,0.484,0,0,2931,0,3114,1328,2963,2937,29,1.223,1,2041,0,140.728,2.446,-6.500,-134.000,42.500,-0.207,-0.055,1.230,-2.160,1.148,2.043,0.038,0.120,1.219,1.364,3,NULL,NULL,,2,0,2,7,255,1125,250,0,0
pre_stim,5902,5902,0,5902,3203194.455,0.875,0.009,0.019,0.483,0,0,2921,0,3115,1139,2965,2933,29,1.223,1,2041,0,143.287,2.498,-7.563,-139.125,33.438,-0.227,-0.051,1.172,-1.664,1.863,2.043,0.044,0.126,1.219,1.364,3,NULL,NULL,,2,0,2,7,255,1125,250,0,0
pre_stim,5902,5902,0,5902,3203199.454,0.876,0.012,0.024,0.482,0,0,2893,0,3115,959,2971,2921,29,1.223,1,2041,0,149.465,2.498,1.500,-146.313,30.500,-0.188,-0.094,1.164,-1.664,1.863,1.582,0.052,0.134,1.219,1.364,3,NULL,NULL,,2,0,2,7,255,1125,250,0,0
pre_stim,5902,5902,0,5902,3203204.455,0.877,0.014,0.030,0.480,0,0,2877,0,3117,759,2987,2908,29,1.223,1,2041,0,156.939,2.663,8.375,-153.938,29.375,-0.188,-0.078,1.203,-1.871,1.895,1.582,0.062,0.142,1.219,1.364,3,NULL,NULL,,2,0,2,7,255,1125,250,0,0
pre_stim,5902,5902,0,5902,3203209.454,0.877,0.017,0.036,0.479,0,0,2857,0,3123,599,3001,2885,29,1.223,1,2041,0,166.774,2.688,20.000,-163.375,26.875,-0.211,-0.102,1.176,-1.906,1.895,1.523,0.072,0.152,1.219,1.364,3,NULL,NULL,,2,0,2,7,255,1125,250,0,0
pre_stim,5902,5902,0,5902,3203214.455,0.877,0.019,0.043,0.477,0,0,2835,0,3127,440,3001,2885,29,1.223,1,2041,0,178.049,2.835,34.000,-172.625,27.313,-0.203,-0.043,1.328,-1.941,2.066,1.867,0.084,0.164,1.219,1.364,3,NULL,NULL,,2,0,2,7,255,1125,250,0,0
pre_stim,5902,5902,0,5902,3203219.454,0.878,0.022,0.051,0.476,0,0,2797,0,3119,317,3005,2867,29,1.223,1,2041,0,188.381,3.212,33.188,-183.375,27.563,-0.184,0.098,1.453,-1.941,2.559,2.953,0.094,0.174,1.219,1.364,3,NULL,NULL,,2,0,2,7,255,1125,250,0,0
pre_stim,5902,5902,0,5902,3203224.455,0.878,0.025,0.058,0.474,0,0,2757,0,3135,181,3005,2837,29,1.223,1,2041,0,196.340,3.521,21.750,-193.375,26.125,-0.141,0.227,1.512,-0.844,3.418,4.133,0.106,0.186,1.219,1.364,3,NULL,NULL,,2,0,2,7,255,1125,250,0,0
pre_stim,5902,5902,0,5902,3203229.453,0.878,0.029,0.066,0.473,0,0,2677,0,3124,121,3015,2803,29,1.223,1,2041,0,205.674,4.006,10.063,-202.750,33.063,-0.160,0.246,1.563,0.121,4.004,4.656,0.118,0.200,1.219,1.364,3,NULL,NULL,,2,0,2,7,255,1125,250,0,0
pre_stim,5902,5902,0,5902,3203234.455,0.879,0.033,0.075,0.471,0,0,2653,0,3129,75,3013,2771,29,1.223,1,2041,0,218.858,4.537,11.875,-215.875,34.000,-0.324,0.219,1.621,0.121,4.535,5.090,0.130,0.212,1.219,1.364,3,NULL,NULL,,2,0,2,7,255,1125,250,0,0
pre_stim,5902,5902,0,5902,3203239.454,0.878,0.037,0.084,0.469,0,0,2581,0,3116,53,2997,2719,29,1.223,1,2041,0,232.344,6.105,4.375,-230.750,26.813,-0.270,0.199,1.781,-1.227,5.980,5.332,0.142,0.226,1.219,1.364,3,NULL,NULL,,2,0,2,7,255,1125,250,0,0
pre_stim,5930,5930,0,5930,3203244.455,0.878,0.043,0.093,0.467,0,0,2462,0,3117,33,3015,2664,29,1.223,1,2041,0,243.080,6.172,-2.313,-241.875,24.063,-0.313,0.242,1.922,-1.379,6.016,6.867,0.156,0.242,1.219,1.364,3,NULL,NULL,,2,0,2,7,255,1125,250,0,0
pre_stim,5930,5930,0,5930,3203249.453,0.878,0.049,0.102,0.466,0,0,2381,0,3118,3,2997,2605,29,1.223,1,2041,0,259.108,7.227,-15.813,-257.125,27.813,-0.348,0.379,2.059,-1.379,7.094,7.977,0.170,0.260,1.219,1.364,3,NULL,NULL,,2,0,2,7,255,1125,250,0,0
pre_stim,5930,5930,0,5930,3203254.455,0.877,0.055,0.112,0.464,0,0,2265,0,3103,3,2995,2533,29,1.223,1,2041,0,276.512,8.778,-28.688,-273.500,28.875,-0.383,0.527,2.145,-1.055,8.715,9.027,0.190,0.280,1.219,1.364,3,NULL,NULL,,2,0,2,7,255,1125,250,0,0
pre_stim,5930,5930,0,5930,3203259.454,0.876,0.063,0.122,0.462,0,0,2059,0,3083,0,2995,2439,29,1.223,1,2041,0,298.350,10.411,-51.375,-292.125,32.188,-0.395,0.695,2.223,-0.328,10.406,9.504,0.212,0.304,1.219,1.364,3,NULL,NULL,,2,0,2,7,255,1125,250,0,0
pre_stim,5930,5930,0,5930,3203264.455,0.875,0.073,0.132,0.460,0,0,1855,0,3054,0,2971,2345,29,1.223,1,2041,0,320.928,12.073,-77.500,-310.000,29.813,-0.379,0.801,2.242,0.660,12.055,9.789,0.240,0.334,1.219,1.364,3,NULL,NULL,,2,0,2,7,255,1125,250,0,0
pre_stim,5930,5930,0,5930,3203269.453,0.874,0.083,0.142,0.458,0,0,1631,0,3049,0,2950,2221,29,1.223,1,2041,0,343.963,13.124,-102.000,-327.563,24.688,-0.398,0.801,2.266,1.055,13.082,9.789,0.270,0.368,1.219,1.364,3,NULL,NULL,,2,0,2,7,255,1125,250,0,0
pre_stim,5960,5960,0,5960,3203274.455,0.871,0.095,0.153,0.456,0,0,1463,0,3019,0,2919,2068,29,1.223,1,2041,0,366.033,13.899,-121.063,-345.063,16.000,-0.418,0.766,2.340,1.055,13.859,9.762,0.306,0.406,1.219,1.364,3,NULL,NULL,,2,0,2,7,255,1125,250,0,0
pre_stim,5960,5960,0,5960,3203279.454,0.869,0.107,0.164,0.455,0,0,1369,0,2985,0,2879,1879,29,1.223,1,2041,0,383.345,14.650,-134.000,-359.125,5.125,-0.508,0.828,2.445,0.398,14.645,9.762,0.346,0.446,1.219,1.364,3,NULL,NULL,,2,0,2,7,255,1125,250,0,0
pre_stim,5960,5960,0,5960,3203284.455,0.865,0.120,0.175,0.454,0,0,1288,0,2931,0,2830,1715,29,1.223,1,2041,0,397.401,16.634,-140.438,-371.750,-2.563,-0.617,0.891,2.656,0.164,16.633,9.875,0.390,0.492,1.219,1.364,3,NULL,NULL,,2,0,2,7,255,1125,250,0,0
pre_stim,5960,5960,0,5960,3203289.453,0.861,0.134,0.187,0.453,0,0,1147,0,2861,0,2743,1517,29,1.223,1,2041,0,422.057,19.187,-161.750,-389.375,-18.875,-0.723,0.801,2.891,-0.371,19.184,10.676,0.438,0.542,1.219,1.364,3,NULL,NULL,,2,0,2,7,255,1125,250,0,0
pre_stim,6002,6002,0,6002,3203294.455,0.856,0.149,0.198,0.453,0,0,1043,0,2783,0,2621,1327,29,1.223,1,2041,0,450.636,21.249,-192.938,-405.188,-40.875,-0.824,0.691,2.977,-2.109,21.145,11.188,0.492,0.596,1.219,1.364,3,NULL,NULL,,2,0,2,7,255,1125,250,0,0
pre_stim,6002,6002,0,6002,3203299.454,0.850,0.165,0.210,0.455,0,0,919,0,2682,0,2448,1161,29,1.223,1,2041,0,479.062,22.750,-218.813,-419.938,-72.625,-0.875,0.742,2.949,-3.418,22.492,11.188,0.552,0.660,1.219,1.364,3,NULL,NULL,,2,0,2,7,255,1125,250,0,0
pre_stim,6002,6002,0,6002,3203304.455,0.842,0.181,0.222,0.457,0,0,739,0,2533,0,2219,986,29,1.223,1,2041,0,500.647,22.798,-226.688,-432.188,-111.688,-0.711,0.563,2.918,-3.723,22.492,9.730,0.624,0.732,1.219,1.364,3,NULL,NULL,,2,0,2,7,255,1125,250,0,0
pre_stim,6002,6002,0,6002,3203309.454,0.834,0.197,0.235,0.460,0,0,529,0,2379,0,1941,831,29,1.223,1,2041,0,503.788,22.828,-215.500,-438.250,-123.688,-0.422,0.219,2.887,-3.945,22.484,9.730,0.706,0.814,1.219,1.364,3,NULL,NULL,,2,0,2,7,255,1125,250,0,0
pre_stim,6002,6002,0,6002,3203314.455,0.825,0.213,0.248,0.461,0,0,313,0,2143,0,1588,704,29,1.223,1,2041,0,510.259,20.285,-222.625,-450.250,-89.875,-0.270,-0.012,2.652,-5.367,19.563,9.531,0.794,0.904,1.219,1.364,3,NULL,NULL,,2,0,2,7,255,1125,250,0,0
pre_stim,6002,6002,0,6002,3203319.454,0.818,0.231,0.260,0.459,0,0,105,0,1863,0,1140,581,29,1.223,1,2041,0,524.704,18.129,-235.875,-467.688,-30.750,-0.172,-0.168,2.098,-6.094,17.074,8.961,0.890,1.002,1.219,1.364,3,NULL,NULL,,2,0,2,7,255,1125,250,0,0
pre_stim,6002,6002,0,6002,3203324.455,0.810,0.248,0.273,0.456,0,0,0,0,1516,0,582,438,29,1.223,1,2041,0,534.699,14.581,-195.313,-497.750,-0.938,-0.223,-0.469,1.551,-6.195,13.199,4.883,0.992,1.104,1.219,1.364,3,NULL,NULL,,2,0,2,7,255,1125,250,0,0
pre_stim,6002,6002,0,6002,3203329.453,0.804,0.262,0.289,0.450,0,0,0,0,1141,0,203,353,29,1.223,1,2041,0,524.907,11.283,-106.563,-512.875,33.625,-0.215,-0.320,1.324,-6.348,9.328,0.523,1.092,1.206,1.219,1.364,3,NULL,NULL,,2,0,2,7,255,1125,250,0,0
pre_stim,6002,6002,0,6002,3203334.455,0.798,0.274,0.305,0.442,0,0,0,0,695,0,0,250,29,1.223,1,2041,0,508.151,11.283,-38.875,-505.000,41.000,-0.215,0.266,1.641,-6.348,9.328,-1.234,1.190,1.304,1.219,1.364,3,NULL,NULL,,2,0,2,7,255,1125,250,0,0
pre_stim,6002,6002,0,6002,3203339.454,0.792,0.286,0.320,0.433,0,0,0,0,248,0,0,159,29,1.223,1,2041,0,503.900,13.965,-32.688,-496.938,76.813,-0.344,0.738,1.965,-2.188,13.793,-1.707,1.278,1.394,1.219,1.364,3,NULL,NULL,,2,0,2,7,255,1125,250,0,0
pre_stim,6027,6027,0,6027,3203344.455,0.787,0.301,0.333,0.424,0,0,0,0,0,0,0,89,29,1.223,1,2041,0,517.914,19.160,-101.813,-489.500,135.125,-0.613,1.059,1.891,0.383,19.156,-1.707,1.356,1.474,1.219,1.364,3,NULL,NULL,,2,0,2,7,255,1125,250,0,0
pre_stim,6027,6027,0,6027,3203349.453,0.781,0.317,0.344,0.413,0,0,0,0,0,0,0,22,29,1.223,1,2041,0,533.008,20.660,-147.938,-483.375,169.000,-0.973,0.961,1.613,0.383,20.656,-5.695,1.424,1.542,1.219,1.364,3,NULL,NULL,,2,0,2,7,255,1125,250,0,0
pre_stim,6027,6027,0,6027,3203354.455,0.775,0.334,0.355,0.403,0,0,0,0,0,0,0,0,29,1.223,1,2041,0,525.817,20.657,-165.813,-470.125,167.250,-1.191,0.711,1.332,0.168,20.656,-10.820,1.486,1.606,1.219,1.364,4,NULL,NULL,,2,0,2,7,255,1125,250,0,0
pre_stim,6027,6027,0,6027,3203359.454,0.768,0.350,0.364,0.394,0,0,0,0,0,0,0,0,29,1.223,1,2041,0,503.053,18.239,-179.563,-445.813,148.563,-1.117,0.660,1.156,-2.066,18.121,-14.332,1.560,1.680,1.219,1.364,0,NULL,NULL,,2,0,2,7,255,1125,250,0,0
pre_stim,6050,6050,0,6050,3203364.455,0.760,0.365,0.372,0.388,0,0,0,0,0,0,0,6,29,1.223,1,2041,0,458.421,16.117,-212.813,-397.313,83.688,-0.535,0.625,0.922,-2.066,15.984,-14.332,1.644,1.764,1.219,1.364,0,NULL,NULL,,2,0,2,7,255,1125,250,0,0
pre_stim,6050,6050,0,6050,3203369.453,0.753,0.377,0.378,0.384,0,0,0,0,0,0,0,37,29,1.223,1,2041,0,347.246,11.836,-175.063,-298.875,24.625,0.027,0.250,0.898,-0.059,11.836,-11.918,1.734,1.858,1.219,1.364,0,NULL,NULL,,2,0,2,7,255,1125,250,0,0
pre_stim,6050,6050,0,6050,3203374.455,0.749,0.385,0.382,0.381,0,0,0,0,0,0,0,47,29,1.223,1,2041,0,245.438,9.524,-115.563,-206.875,63.938,-0.121,-0.004,1.078,-0.059,9.523,-6.594,1.830,1.954,1.219,1.364,0,NULL,NULL,,2,0,2,7,255,1125,250,0,0
pre_stim,6050,6050,0,6050,3203379.454,0.746,0.393,0.382,0.377,0,0,0,0,0,0,0,57,29,1.223,1,2041,0,203.250,10.073,-126.688,-124.438,98.875,-0.641,0.254,1.438,-3.281,9.523,-6.594,1.924,2.050,1.219,1.364,0,NULL,NULL,,2,0,2,7,255,1125,250,0,0
pre_stim,6050,6050,0,6050,3203384.455,0.743,0.401,0.379,0.378,0,0,0,0,0,0,0,62,29,1.223,1,2041,0,213.486,13.563,-204.438,-29.875,53.750,-0.871,0.402,1.090,-3.281,13.160,-10.543,2.012,2.140,1.219,1.364,0,NULL,NULL,,2,0,2,7,255,1125,250,0,0
pre_stim,6050,6050,0,6050,3203389.453,0.740,0.408,0.373,0.383,0,0,0,0,0,0,0,51,29,1.223,1,2041,0,242.764,13.451,-235.500,56.125,18.000,-0.727,0.531,0.363,-2.781,13.160,-14.395,2.090,2.218,1.219,1.364,0,NULL,NULL,,2,0,2,7,255,1125,250,0,0
pre_stim,6095,6095,0,6095,3203394.455,0.739,0.412,0.365,0.387,0,0,0,0,0,0,0,41,29,1.223,1,2041,0,223.495,6.841,-186.750,121.250,19.313,-0.594,0.648,-0.047,0.660,6.809,-16.332,2.156,2.284,1.219,1.364,0,NULL,NULL,,2,0,2,7,255,1125,250,0,0
pre_stim,6095,6095,0,6095,3203399.454,0.740,0.413,0.358,0.392,0,0,0,0,0,0,0,33,29,1.223,1,2041,0,201.663,3.603,-109.813,167.313,24.813,-0.641,0.480,0.012,1.293,3.363,-16.742,2.214,2.344,1.219,1.364,0,NULL,NULL,,2,0,2,7,255,1125,250,0,0
pre_stim,6095,6095,0,6095,3203404.455,0.742,0.412,0.350,0.396,0,0,0,0,0,0,0,28,29,1.223,1,2041,0,210.787,3.603,-67.813,198.500,20.750,-0.711,0.250,0.289,1.293,3.363,-16.742,2.268,2.400,1.219,1.364,0,NULL,NULL,,2,0,2,7,255,1125,250,0,0
pre_stim,6095,6095,0,6095,3203409.454,0.745,0.411,0.341,0.401,0,0,0,0,0,0,0,24,29,1.223,1,2041,0,232.200,5.539,-74.438,219.438,14.938,-0.648,0.188,0.355,-1.484,5.336,-15.395,2.318,2.450,1.219,1.364,0,NULL,NULL,,2,0,2,7,255,1125,250,0,0
pre_stim,6095,6095,0,6095,3203414.455,0.747,0.410,0.332,0.406,0,0,0,0,0,0,0,20,29,1.223,1,2041,0,247.941,5.539,-85.750,231.563,22.375,-0.523,0.230,0.129,-1.484,5.336,-14.332,2.360,2.492,1.219,1.364,0,NULL,NULL,,2,0,2,7,255,1125,250,0,0
pre_stim,6095,6095,0,6095,3203419.454,0.749,0.408,0.322,0.410,0,0,0,0,0,0,0,7,29,1.223,1,2041,0,250.272,3.499,-70.188,236.875,40.000,-0.457,0.285,-0.160,-0.590,3.449,-14.332,2.390,2.526,1.219,1.364,0,NULL,NULL,,2,0,2,7,255,1125,250,0,0
pre_stim,6117,6117,0,6117,3203424.455,0.753,0.406,0.313,0.413,0,0,0,0,0,0,0,8,29,1.223,1,2041,0,246.984,1.094,-34.063,238.938,52.438,-0.465,0.313,-0.293,0.508,0.969,-15.199,2.418,2.552,1.219,1.364,0,NULL,NULL,,2,0,2,7,255,1125,250,0,0
pre_stim,6117,6117,0,6117,3203429.453,0.757,0.402,0.304,0.416,0,0,0,0,0,0,0,8,29,1.223,1,2041,0,246.851,0.786,1.750,240.438,55.875,-0.461,0.313,-0.270,0.727,0.301,-15.785,2.440,2.578,1.219,1.364,0,NULL,NULL,,2,0,2,7,255,1125,250,0,0
pre_stim,6117,6117,0,6117,3203434.455,0.762,0.397,0.296,0.418,0,0,0,0,0,0,0,7,29,1.223,1,2041,0,250.494,0.786,27.500,241.750,59.563,-0.410,0.297,-0.184,0.727,0.301,-15.785,2.462,2.600,1.219,1.364,0,NULL,NULL,,2,0,2,7,255,1125,250,0,0
pre_stim,6117,6117,0,6117,3203439.454,0.767,0.392,0.287,0.419,0,0,0,0,0,0,0,11,29,1.223,1,2041,0,255.857,1.143,45.750,242.375,68.000,-0.379,0.289,-0.102,0.707,0.898,-14.945,2.482,2.622,1.219,1.364,0,NULL,NULL,,2,0,2,7,255,1125,250,0,0
pre_stim,6117,6117,0,6117,3203444.455,0.772,0.386,0.279,0.420,0,0,0,0,0,0,0,24,29,1.223,1,2041,0,261.107,1.661,61.063,242.125,76.313,-0.398,0.262,-0.027,0.652,1.527,-14.238,2.496,2.636,1.219,1.364,0,NULL,NULL,,2,0,2,7,255,1125,250,0,0
pre_stim,6117,6117,0,6117,3203449.453,0.778,0.380,0.271,0.421,0,0,0,0,0,0,0,20,29,1.223,1,2041,0,264.808,2.238,75.563,241.313,78.625,-0.430,0.242,0.059,0.258,2.223,-13.883,2.508,2.648,1.219,1.364,0,NULL,NULL,,2,0,2,7,255,1125,250,0,0
pre_stim,6140,6140,0,6140,3203454.455,0.783,0.374,0.263,0.422,0,0,0,0,0,0,0,20,29,1.223,1,2041,0,267.043,3.080,87.688,240.750,75.250,-0.434,0.230,0.172,-0.191,3.074,-13.508,2.518,2.660,1.219,1.364,0,NULL,NULL,,2,0,2,7,255,1125,250,0,0
pre_stim,6140,6140,0,6140,3203459.454,0.789,0.367,0.256,0.423,0,0,0,0,0,0,0,24,29,1.223,1,2041,0,268.557,4.083,95.375,240.875,70.750,-0.426,0.234,0.313,-0.406,4.063,-12.793,2.528,2.672,1.219,1.364,0,NULL,NULL,,2,0,2,7,255,1125,250,0,0
pre_stim,6140,6140,0,6140,3203464.455,0.794,0.359,0.248,0.423,0,0,0,0,0,0,0,21,29,1.223,1,2041,0,268.970,5.211,97.250,241.813,66.438,-0.434,0.254,0.453,-0.457,5.191,-11.859,2.540,2.684,1.219,1.364,0,NULL,NULL,,2,0,2,7,255,1125,250,0,0
pre_stim,6140,6140,0,6140,3203469.453,0.799,0.352,0.241,0.424,0,0,0,0,0,0,0,20,29,1.223,1,2041,0,268.478,6.467,95.125,244.000,59.125,-0.449,0.242,0.590,-0.473,6.449,-11.035,2.554,2.700,1.219,1.364,0,NULL,NULL,,2,0,2,7,255,1125,250,0,0
pre_stim,6140,6140,0,6140,3203474.455,0.804,0.345,0.233,0.426,0,0,0,0,0,0,0,12,29,1.223,1,2041,0,268.532,7.581,88.688,248.125,51.750,-0.449,0.211,0.707,-0.715,7.547,-10.109,2.572,2.720,1.219,1.364,0,NULL,NULL,,2,0,2,7,255,1125,250,0,0
pre_stim,6140,6140,0,6140,3203479.454,0.808,0.338,0.225,0.428,0,0,0,0,0,0,0,18,29,1.223,1,2041,0,269.344,8.385,77.250,254.750,41.000,-0.469,0.203,0.789,-1.039,8.320,-9.059,2.596,2.744,1.219,1.364,0,NULL,NULL,,2,0,2,7,255,1125,250,0,0
pre_stim,6170,6170,0,6170,3203484.455,0.812,0.331,0.216,0.430,0,0,0,0,0,0,0,18,29,1.223,1,2041,0,272.850,9.070,64.563,263.625,27.938,-0.465,0.191,0.809,-1.215,8.988,-8.434,2.624,2.772,1.219,1.364,0,NULL,NULL,,2,0,2,7,255,1125,250,0,0
pre_stim,6170,6170,0,6170,3203489.453,0.815,0.323,0.208,0.433,0,0,0,0,0,0,0,23,29,1.223,1,2041,0,280.286,9.081,55.875,274.250,15.000,-0.461,0.176,0.797,-1.297,8.988,-8.035,2.656,2.808,1.219,1.364,0,NULL,NULL,,2,0,2,7,255,1125,250,0,0
pre_stim,6202,6202,0,6202,3203494.455,0.818,0.316,0.198,0.437,0,0,0,0,0,0,0,27,29,1.223,1,2041,0,290.485,8.897,51.500,285.875,2.188,-0.461,0.164,0.789,-1.305,8.801,-7.824,2.696,2.848,1.219,1.364,0,NULL,NULL,,2,0,2,7,255,1125,250,0,0
pre_stim,6202,6202,0,6202,3203499.454,0.821,0.308,0.189,0.441,0,0,0,0,0,0,0,22,29,1.223,1,2041,0,302.314,8.774,49.125,298.063,-11.813,-0.457,0.148,0.789,-1.332,8.672,-7.621,2.738,2.892,1.219,1.364,0,NULL,NULL,,2,0,2,7,255,1125,250,0,0
pre_stim,6202,6202,0,6202,3203504.455,0.824,0.300,0.179,0.446,0,0,0,0,0,0,0,26,29,1.223,1,2041,0,315.194,8.650,48.750,310.250,-26.750,-0.449,0.145,0.773,-1.332,8.547,-7.309,2.784,2.938,1.219,1.364,0,NULL,NULL,,2,0,2,7,255,1125,250,0,0
pre_stim,6202,6202,0,6202,3203509.454,0.826,0.292,0.169,0.452,0,0,0,0,0,0,0,30,29,1.223,1,2041,0,329.353,8.412,53.250,322.188,-42.813,-0.426,0.141,0.750,-1.262,8.316,-7.160,2.830,2.986,1.219,1.364,0,NULL,NULL,,2,0,2,7,255,1125,250,0,0
pre_stim,6202,6202,0,6202,3203514.455,0.827,0.283,0.160,0.458,0,0,0,0,0,0,0,33,29,1.223,1,2041,0,343.357,7.999,61.188,333.375,-54.875,-0.375,0.125,0.742,-1.082,7.926,-6.957,2.876,3.032,1.219,1.364,0,NULL,NULL,,2,0,2,7,255,1125,250,0,0
pre_stim,6202,6202,0,6202,3203519.454,0.829,0.273,0.150,0.464,0,0,0,0,0,0,0,28,29,1.223,1,2041,0,355.878,7.484,71.750,342.875,-62.750,-0.352,0.148,0.742,-0.836,7.438,-6.500,2.922,3.080,1.219,1.364,0,NULL,NULL,,2,0,2,7,255,1125,250,0,0
pre_stim,6202,6202,0,6202,3203524.455,0.831,0.262,0.140,0.471,0,0,0,0,0,0,0,29,29,1.223,1,2041,0,367.490,7.298,83.438,350.563,-72.063,-0.293,0.160,0.770,-0.426,7.285,-6.238,2.966,3.126,1.219,1.364,0,NULL,NULL,,2,0,2,7,255,1125,250,0,0
pre_stim,6202,6202,0,6202,3203529.453,0.832,0.251,0.130,0.478,0,0,0,0,0,0,0,36,29,1.223,1,2041,0,375.860,6.973,94.500,355.813,-75.750,-0.070,0.156,0.766,0.082,6.973,-5.563,3.008,3.170,1.219,1.364,0,NULL,NULL,,2,0,2,7,255,1125,250,0,0
pre_stim,6202,6202,0,6202,3203534.455,0.833,0.239,0.120,0.484,0,0,0,0,0,0,0,39,29,1.223,1,2041,0,382.065,5.355,104.125,361.188,-68.375,0.125,0.074,0.691,1.250,5.207,-4.383,3.050,3.212,1.219,1.364,0,NULL,NULL,,2,0,2,7,255,1125,250,0,0
pre_stim,6202,6202,0,6202,3203539.454,0.835,0.227,0.110,0.489,0,0,0,0,0,0,0,41,29,1.223,1,2041,0,382.969,3.256,127.813,358.125,-45.563,0.125,0.102,0.637,1.543,2.867,-4.207,3.090,3.252,1.219,1.364,0,NULL,NULL,,2,0,2,7,255,1125,250,0,0
pre_stim,6230,6230,0,6230,3203544.455,0.837,0.213,0.101,0.493,0,0,0,0,0,0,0,40,29,1.223,1,2041,0,388.343,3.371,157.938,353.313,-32.188,0.125,0.215,0.754,1.773,2.867,-3.750,3.128,3.292,1.219,1.364,0,NULL,NULL,,2,0,2,7,255,1125,250,0,0
pre_stim,6230,6230,0,6230,3203549.453,0.840,0.199,0.093,0.497,0,0,0,0,0,0,0,42,29,1.223,1,2041,0,391.497,4.243,179.875,346.938,-23.438,0.164,0.164,0.918,2.719,3.258,-3.457,3.162,3.328,1.219,1.364,0,NULL,NULL,,2,0,2,7,255,1125,250,0,0
pre_stim,6230,6230,0,6230,3203554.455,0.842,0.184,0.084,0.499,0,0,0,0,0,0,0,40,29,1.223,1,2041,0,391.783,4.353,194.813,339.875,-5.188,0.160,0.184,1.066,2.848,3.293,-1.613,3.194,3.362,1.219,1.364,0,NULL,NULL,,2,0,2,7,255,1125,250,0,0
pre_stim,6230,6230,0,6230,3203559.454,0.845,0.169,0.077,0.501,0,0,0,0,0,0,0,39,29,1.223,1,2041,0,392.743,4.730,204.813,335.063,5.625,0.133,0.227,1.184,2.973,3.680,-0.242,3.224,3.390,1.219,1.364,0,NULL,NULL,,2,0,2,7,255,1125,250,0,0
pre_stim,6230,6230,0,6230,3203564.455,0.848,0.154,0.069,0.503,0,0,0,0,0,0,0,43,29,1.223,1,2041,0,395.410,5.221,215.000,331.688,10.375,0.082,0.234,1.270,3.113,4.191,0.777,3.248,3.418,1.219,1.364,0,NULL,NULL,,2,0,2,7,255,1125,250,0,0
pre_stim,6230,6230,0,6230,3203569.453,0.850,0.138,0.062,0.504,0,0,0,0,0,0,0,41,29,1.223,1,2041,0,400.027,5.523,226.875,329.250,12.000,0.027,0.250,1.457,3.113,4.563,1.543,3.274,3.444,1.219,1.364,0,NULL,NULL,,2,0,2,7,255,1125,250,0,0
pre_stim,6259,6259,0,6259,3203574.455,0.852,0.123,0.055,0.506,0,0,0,0,0,0,0,45,29,1.223,1,2041,0,398.641,6.063,225.438,328.563,11.813,-0.012,0.242,1.688,3.039,5.246,3.293,3.298,3.468,1.219,1.364,0,NULL,NULL,,2,0,2,7,255,1125,250,0,0
pre_stim,6259,6259,0,6259,3203579.454,0.854,0.108,0.047,0.507,0,0,0,0,0,0,0,43,29,1.223,1,2041,0,390.952,6.418,210.500,329.250,11.313,-0.066,0.234,1.875,2.906,5.723,5.582,3.322,3.494,1.219,1.364,0,NULL,NULL,,2,0,2,7,255,1125,250,0,0
pre_stim,6259,6259,0,6259,3203584.455,0.855,0.093,0.039,0.508,0,0,0,0,0,0,0,44,29,1.223,1,2041,0,380.502,6.575,189.375,329.875,10.063,-0.105,0.223,2.023,2.637,6.023,7.477,3.346,3.518,1.219,1.364,0,NULL,NULL,,2,0,2,7,255,1125,250,0,0
pre_stim,6259,6259,0,6259,3203589.453,0.856,0.080,0.030,0.509,0,0,0,0,0,0,0,48,29,1.223,1,2041,0,369.654,6.494,165.250,330.625,4.875,-0.133,0.219,2.109,2.426,6.023,9.035,3.370,3.546,1.219,1.364,0,NULL,NULL,,2,0,2,7,255,1125,250,0,0
pre_stim,6300,6300,0,6300,3203594.455,0.857,0.067,0.021,0.511,0,0,0,0,0,0,0,45,29,1.223,1,2041,0,359.054,6.264,139.563,330.813,-2.313,-0.137,0.188,2.117,2.324,5.816,10.039,3.398,3.574,1.219,1.364,0,NULL,NULL,,2,0,2,7,255,1125,250,0,0
pre_stim,6300,6300,0,6300,3203599.454,0.857,0.055,0.011,0.512,0,0,0,0,0,0,0,40,29,1.223,1,2041,0,351.391,5.510,119.438,330.375,-7.938,-0.105,0.137,2.047,2.148,5.074,10.039,3.424,3.602,1.219,1.364,0,NULL,NULL,,2,0,2,7,255,1125,250,0,0
pre_stim,6300,6300,0,6300,3203604.455,0.857,0.043,0.002,0.514,0,0,0,0,0,0,0,45,29,1.223,1,2041,0,347.597,4.314,110.375,329.375,-12.375,-0.090,0.066,1.949,1.879,3.883,9.824,3.454,3.632,1.219,1.364,0,NULL,NULL,,2,0,2,7,255,1125,250,0,0
pre_stim,6300,6300,0,6300,3203609.454,0.856,0.032,-0.008,0.515,0,0,0,0,0,0,0,44,29,1.223,1,2041,0,346.638,3.057,111.875,327.625,-17.438,-0.074,0.012,1.887,1.406,2.715,9.055,3.480,3.660,1.219,1.364,0,NULL,NULL,,2,0,2,7,255,1125,250,0,0
pre_stim,6300,6300,0,6300,3203614.455,0.856,0.020,-0.018,0.517,0,0,0,0,0,0,0,43,29,1.223,1,2041,0,347.245,2.018,118.188,325.625,-24.063,-0.047,-0.023,1.852,1.031,1.734,8.594,3.506,3.688,1.219,1.364,0,NULL,NULL,,2,0,2,7,255,1125,250,0,0
pre_stim,6300,6300,0,6300,3203619.454,0.855,0.008,-0.027,0.519,0,0,0,0,0,0,0,44,29,1.223,1,2041,0,349.269,1.188,129.375,323.063,-29.688,0.020,-0.082,1.820,0.918,0.754,8.313,3.530,3.712,1.219,1.364,0,NULL,NULL,,2,0,2,7,255,1125,250,0,0
pre_stim,6300,6300,0,6300,3203624.455,0.853,-0.005,-0.035,0.520,0,0,0,0,0,0,0,45,29,1.223,1,2041,0,353.660,0.951,146.938,320.000,-32.938,0.102,-0.156,1.801,0.730,-0.609,8.016,3.552,3.734,1.219,1.364,0,NULL,NULL,,2,0,2,7,255,1125,250,0,0
pre_stim,6300,6300,0,6300,3203629.453,0.852,-0.018,-0.043,0.522,0,0,0,0,0,0,0,45,29,1.223,1,2041,0,361.422,2.256,170.938,316.500,-35.125,0.219,-0.215,1.809,0.484,-2.203,7.781,3.568,3.752,1.219,1.364,0,NULL,NULL,,2,0,2,7,255,1125,250,0,0
pre_stim,6300,6300,0,6300,3203634.455,0.850,-0.033,-0.050,0.524,0,0,0,0,0,0,0,45,29,1.223,1,2041,0,373.319,4.064,201.188,312.438,-35.688,0.395,-0.250,1.879,0.484,-4.035,7.781,3.582,3.766,1.219,1.364,0,NULL,NULL,,2,0,2,7,255,1125,250,0,0
pre_stim,6300,6300,0,6300,3203639.454,0.847,-0.048,-0.056,0.526,0,0,0,0,0,0,0,45,29,1.223,1,2041,0,389.090,6.397,233.500,309.313,-34.563,0.605,-0.199,2.043,0.910,-6.332,8.090,3.590,3.776,1.219,1.364,0,NULL,NULL,,2,0,2,7,255,1125,250,0,0
pre_stim,6327,6327,0,6327,3203644.455,0.845,-0.065,-0.061,0.527,0,0,0,0,0,0,0,41,29,1.223,1,2041,0,404.361,9.028,260.188,307.938,-31.375,0.789,-0.129,2.250,2.223,-8.750,9.156,3.592,3.780,1.219,1.364,0,NULL,NULL,,2,0,2,7,255,1125,250,0,0
pre_stim,6327,6327,0,6327,3203649.453,0.843,-0.082,-0.066,0.528,0,0,0,0,0,0,0,43,29,1.223,1,2041,0,416.682,11.560,279.875,307.563,-26.438,0.941,-0.102,2.480,3.555,-11.000,10.551,3.590,3.778,1.219,1.364,0,NULL,NULL,,2,0,2,7,255,1125,250,0,0
pre_stim,6327,6327,0,6327,3203654.455,0.840,-0.100,-0.071,0.529,0,0,0,0,0,0,0,41,29,1.223,1,2041,0,424.128,14.022,290.875,307.875,-22.125,1.070,-0.117,2.730,4.297,-13.348,12.117,3.580,3.770,1.219,1.364,0,NULL,NULL,,2,0,2,7,255,1125,250,0,0
pre_stim,6327,6327,0,6327,3203659.454,0.837,-0.117,-0.076,0.530,0,0,0,0,0,0,0,43,29,1.223,1,2041,0,424.889,16.529,290.938,309.000,-20.125,1.207,-0.066,2.980,4.535,-15.895,13.777,3.562,3.752,1.219,1.364,0,NULL,NULL,,2,0,2,7,255,1125,250,0,0
pre_stim,6350,6350,0,6350,3203664.455,0.833,-0.134,-0.081,0.530,0,0,0,0,0,0,0,41,29,1.223,1,2041,0,415.342,19.078,274.438,311.063,-20.813,1.332,0.051,3.160,5.297,-18.328,15.328,3.534,3.726,1.219,1.364,0,NULL,NULL,,2,0,2,7,255,1125,250,0,0
pre_stim,6350,6350,0,6350,3203669.453,0.830,-0.150,-0.087,0.530,0,0,0,0,0,0,0,45,29,1.223,1,2041,0,398.037,21.350,246.938,311.438,-21.500,1.438,0.105,3.258,6.539,-20.324,16.199,3.496,3.688,1.219,1.364,0,NULL,NULL,,2,0,2,7,255,1125,250,0,0
pre_stim,6350,6350,0,6350,3203674.455,0.827,-0.165,-0.093,0.530,0,0,0,0,0,0,0,50,29,1.223,1,2041,0,372.514,23.339,206.688,309.313,-19.313,1.492,0.105,3.250,7.215,-22.195,16.199,3.446,3.640,1.219,1.364,0,NULL,NULL,,2,0,2,7,255,1125,250,0,0
pre_stim,6350,6350,0,6350,3203679.454,0.824,-0.178,-0.100,0.529,0,0,0,0,0,0,0,57,29,1.223,1,2041,0,345.132,24.572,165.500,302.375,-17.188,1.605,0.203,3.180,7.254,-23.477,15.258,3.384,3.578,1.219,1.364,0,NULL,NULL,,2,0,2,7,255,1125,250,0,0
pre_stim,6350,6350,0,6350,3203684.455,0.821,-0.189,-0.108,0.529,0,0,0,0,0,0,0,61,29,1.223,1,2041,0,318.850,25.951,126.938,291.813,-19.938,1.867,0.227,3.031,8.488,-24.523,13.652,3.308,3.506,1.219,1.364,0,NULL,NULL,,2,0,2,7,255,1125,250,0,0
pre_stim,6350,6350,0,6350,3203689.453,0.818,-0.198,-0.116,0.528,0,0,0,0,0,0,0,93,29,1.223,1,2041,0,291.452,28.266,87.438,277.563,-16.063,2.191,0.043,2.762,9.480,-26.629,10.715,3.224,3.422,1.219,1.364,0,NULL,NULL,,2,0,2,7,255,1125,250,0,0
pre_stim,6395,6395,0,6395,3203694.455,0.816,-0.206,-0.124,0.526,0,0,0,0,0,0,0,125,29,1.223,1,2041,0,264.518,30.744,53.125,259.125,1.375,2.461,-0.234,2.305,9.480,-29.246,6.047,3.132,3.330,1.219,1.364,0,NULL,NULL,,2,0,2,7,255,1125,250,0,0
pre_stim,6395,6395,0,6395,3203699.454,0.815,-0.213,-0.132,0.523,0,0,0,0,0,0,0,150,29,1.223,1,2041,0,242.104,31.771,39.313,237.625,24.563,2.672,-0.477,1.758,8.211,-30.691,-0.227,3.032,3.232,1.219,1.364,0,NULL,NULL,,2,0,2,7,255,1125,250,0,0
pre_stim,6395,6395,0,6395,3203704.455,0.814,-0.220,-0.138,0.520,0,0,0,0,0,0,0,169,29,1.223,1,2041,0,225.275,31.609,51.750,214.438,45.688,2.906,-0.660,1.238,6.984,-30.828,-6.969,2.928,3.128,1.219,1.364,0,NULL,NULL,,2,0,2,7,255,1125,250,0,0
pre_stim,6395,6395,0,6395,3203709.454,0.813,-0.228,-0.142,0.517,0,0,0,0,0,0,0,174,29,1.223,1,2041,0,219.866,31.488,86.313,191.250,65.688,3.160,-0.879,0.820,6.320,-30.848,-13.383,2.816,3.016,1.219,1.364,0,NULL,NULL,,2,0,2,7,255,1125,250,0,0
pre_stim,6395,6395,0,6395,3203714.455,0.812,-0.237,-0.144,0.513,0,0,0,0,0,0,0,183,29,1.223,1,2041,0,234.514,31.879,137.750,167.500,89.250,3.363,-1.215,0.559,5.516,-31.398,-19.043,2.696,2.898,1.219,1.364,0,NULL,NULL,,2,0,2,7,255,1125,250,0,0
pre_stim,6395,6395,0,6395,3203719.454,0.812,-0.248,-0.144,0.509,0,0,0,0,0,0,0,185,29,1.223,1,2041,0,272.170,32.837,199.500,143.125,117.438,3.453,-1.598,0.523,3.547,-32.645,-23.426,2.568,2.770,1.219,1.364,0,NULL,NULL,,2,0,2,7,255,1125,250,0,0
pre_stim,6419,6419,0,6419,3203724.455,0.811,-0.261,-0.141,0.504,0,0,0,0,0,0,0,183,29,1.223,1,2041,0,317.229,34.264,258.063,118.688,141.250,3.391,-1.801,0.695,0.852,-34.254,-25.012,2.432,2.638,1.219,1.364,0,NULL,NULL,,2,0,2,7,255,1125,250,0,0
pre_stim,6419,6419,0,6419,3203729.453,0.810,-0.275,-0.136,0.500,0,0,0,0,0,0,0,183,29,1.223,1,2041,0,356.939,34.264,313.938,99.625,137.563,3.098,-1.770,0.945,-0.840,-34.254,-25.012,2.294,2.500,1.219,1.364,0,NULL,NULL,,2,0,2,7,255,1125,250,0,0
pre_stim,6419,6419,0,6419,3203734.455,0.808,-0.289,-0.130,0.496,0,0,0,0,0,0,0,183,29,1.223,1,2041,0,365.531,35.229,336.125,65.063,128.063,3.094,-2.082,1.609,-1.629,-35.191,-22.184,2.152,2.358,1.219,1.364,0,NULL,NULL,,2,0,2,7,255,1125,250,0,0
pre_stim,6419,6419,0,6419,3203739.454,0.807,-0.302,-0.123,0.493,0,0,0,0,0,0,0,186,29,1.223,1,2041,0,347.072,38.840,320.563,35.813,128.125,2.727,-1.703,2.379,-3.434,-38.688,-18.547,2.004,2.210,1.219,1.364,0,NULL,NULL,,2,0,2,7,255,1125,250,0,0
pre_stim,6419,6419,0,6419,3203744.455,0.806,-0.312,-0.115,0.490,0,0,0,0,0,0,0,183,29,1.223,1,2041,0,293.270,39.314,257.500,-5.563,140.250,2.785,-1.547,3.098,-3.434,-39.164,-10.156,1.852,2.060,1.219,1.364,0,NULL,NULL,,2,0,2,7,255,1125,250,0,0
pre_stim,6419,6419,0,6419,3203749.453,0.808,-0.317,-0.109,0.485,0,0,0,0,0,0,0,263,29,1.223,1,2041,0,219.235,40.590,140.688,-41.500,162.938,2.227,-1.148,3.516,-2.527,-40.512,-4.742,1.696,1.904,1.219,1.364,0,NULL,NULL,,2,0,2,7,255,1125,250,0,0
pre_stim,6440,6440,0,6440,3203754.455,0.810,-0.326,-0.093,0.479,17,0,0,229,0,0,0,315,29,1.223,1,2041,0,451.470,41.035,324.375,-162.625,268.625,0.535,-1.293,5.504,-2.527,-40.957,2.504,1.534,1.742,1.219,1.364,0,NULL,NULL,,2,0,2,7,255,1125,250,0,0
pre_stim,6440,6440,0,6440,3203759.454,0.811,-0.337,-0.068,0.473,420,0,0,717,0,63,0,327,29,1.223,1,2041,0,627.679,41.022,448.125,-296.625,324.313,1.344,1.398,10.207,-2.301,-40.957,24.793,1.370,1.578,1.219,1.364,0,NULL,NULL,,2,0,2,7,255,1125,250,0,0
pre_stim,6440,6440,0,6440,3203764.455,0.826,-0.305,-0.081,0.468,941,0,0,1169,0,328,0,393,29,1.223,1,2041,0,869.066,40.957,-855.813,-108.000,105.813,-0.633,1.520,5.340,0.055,-40.957,41.391,1.200,1.408,1.219,1.364,0,NULL,NULL,,2,0,2,7,255,1125,250,0,0
pre_stim,6440,6440,0,6440,3203769.453,0.846,-0.255,-0.098,0.457,1429,0,0,1439,0,537,0,392,29,1.223,1,2041,0,1324.145,19.531,-1297.875,-177.375,193.438,-0.090,4.344,-0.676,2.203,-19.406,41.391,1.026,1.234,1.219,1.364,0,NULL,NULL,,2,0,2,7,255,1125,250,0,0
pre_stim,6440,6440,0,6440,3203774.455,0.859,-0.223,-0.106,0.448,1773,0,0,1684,0,829,0,423,43,1.223,1,2042,0,844.180,27.659,-805.938,-157.750,195.500,-0.973,2.480,-3.023,14.004,23.852,-1.754,0.850,1.058,1.219,1.364,1,1079.000,-46.000,,2,0,2,7,255,1125,250,0,0
pre_stim,6440,6440,0,6440,3203779.454,0.866,-0.210,-0.104,0.443,2012,0,0,1835,0,955,0,461,43,1.223,1,2042,0,355.782,27.659,-283.188,-160.938,143.125,-1.852,-0.363,-2.316,14.004,23.852,-24.410,0.654,0.860,1.219,1.364,1,NULL,NULL,,2,0,2,7,255,1125,250,0,0
pre_stim,6471,6471,0,6471,3203784.455,0.867,-0.208,-0.096,0.442,2203,0,0,1967,0,1127,0,542,43,1.223,1,2042,0,193.278,24.433,40.563,-179.813,58.125,-1.027,-0.797,0.480,-12.289,21.117,-24.410,0.446,0.650,1.219,1.364,1,NULL,NULL,,2,0,2,7,255,1125,250,0,0
pre_stim,6471,6471,0,6471,3203789.453,0.869,-0.208,-0.089,0.441,2355,0,0,2065,0,1277,0,615,43,1.223,1,2042,0,170.920,12.332,61.750,-147.188,61.125,0.074,1.809,1.945,-12.289,1.027,-3.957,0.288,0.476,1.219,1.364,1,NULL,NULL,,2,0,2,7,255,1125,250,0,0
pre_stim,6500,6500,1,6500,3203794.455,0.871,-0.203,-0.085,0.438,2557,0,0,2317,0,1389,0,701,43,1.223,1,2042,0,166.576,14.575,-78.625,-115.750,90.375,0.070,2.781,2.535,14.539,1.027,11.715,0.220,0.382,1.219,1.364,2,NULL,NULL,,2,1,2,7,255,1125,250,0,0
pre_stim,6500,6500,1,6500,3203799.454,0.876,-0.191,-0.086,0.434,2703,0,0,2527,0,1407,0,777,43,1.223,1,2042,0,323.057,15.103,-288.313,-110.313,95.250,-0.859,1.145,1.957,14.539,4.090,13.086,0.230,0.370,1.219,1.364,2,NULL,NULL,,2,1,2,7,255,1125,250,0,0
pre_stim,6500,6500,1,6500,3203804.455,0.883,-0.172,-0.087,0.429,2793,0,0,2667,0,1435,0,843,43,1.223,1,2042,0,481.685,6.237,-433.375,-163.250,132.500,-1.992,-1.207,0.465,3.895,4.871,13.086,0.262,0.400,1.219,1.364,2,NULL,NULL,,2,1,2,7,255,1125,250,0,0
pre_stim,6500,6500,1,6500,3203809.454,0.885,-0.153,-0.088,0.430,2857,0,0,2761,0,1449,0,948,43,1.223,1,2042,0,421.073,22.015,-383.438,-165.250,-54.500,-1.965,-1.422,-0.668,-21.305,5.547,-2.047,0.290,0.432,1.219,1.364,2,NULL,NULL,,2,1,2,7,255,1125,250,0,0
pre_stim,6500,6500,1,6500,3203814.455,0.884,-0.143,-0.085,0.437,2905,0,0,2839,0,1478,0,1047,43,1.223,1,2042,0,305.019,22.015,-168.250,-187.813,-171.625,-0.859,-0.695,-0.387,-21.305,5.547,-12.098,0.316,0.458,1.219,1.364,2,NULL,NULL,,2,1,2,7,255,1125,250,0,0
pre_stim,6500,6500,1,6500,3203819.454,0.881,-0.137,-0.079,0.445,2943,0,0,2899,0,1517,0,1127,43,1.223,1,2042,0,268.594,11.328,-20.875,-190.875,-187.813,0.207,-0.512,1.012,-10.801,3.414,-12.098,0.364,0.496,1.219,1.364,2,NULL,NULL,,2,1,2,7,255,1125,250,0,0
pre_stim,6500,6500,1,6500,3203824.455,0.879,-0.131,-0.074,0.451,2975,0,0,2957,0,1607,0,1188,43,1.223,1,2042,0,231.357,7.853,-51.563,-173.688,-143.875,0.805,-0.820,2.000,-2.520,-7.438,-1.613,0.398,0.532,1.219,1.364,2,NULL,NULL,,2,1,2,7,255,1125,250,0,0
pre_stim,6500,6500,1,6500,3203829.453,0.879,-0.122,-0.071,0.455,2996,0,0,3003,0,1715,0,1239,43,1.223,1,2042,0,233.274,16.361,-158.813,-152.375,-77.313,1.234,-1.195,1.969,-1.898,-16.250,4.512,0.408,0.550,1.219,1.364,2,NULL,NULL,,2,1,2,7,255,1125,250,0,0
pre_stim,6500,6500,1,6500,3203834.455,0.881,-0.111,-0.070,0.454,3016,0,0,3043,0,1801,6,1273,43,1.223,1,2042,0,258.265,20.720,-220.250,-133.750,17.375,1.277,-1.426,1.156,-1.898,-20.633,4.512,0.396,0.556,1.219,1.364,2,NULL,NULL,,2,1,2,7,255,1125,250,0,0
pre_stim,6500,6500,1,6500,3203839.454,0.885,-0.102,-0.069,0.449,3029,0,0,3064,0,1896,51,1309,43,1.223,1,2042,0,257.657,20.955,-187.563,-119.750,129.875,0.684,-1.215,0.383,-3.660,-20.633,-3.086,0.374,0.548,1.219,1.364,2,NULL,NULL,,2,1,2,7,255,1125,250,0,0
pre_stim,6532,6532,1,6532,3203844.455,0.890,-0.097,-0.066,0.442,3037,0,0,3093,0,2039,55,1477,43,1.223,1,2042,0,234.598,14.220,-92.750,-118.938,179.688,-0.277,-0.535,0.281,-5.547,-13.094,-7.027,0.340,0.526,1.219,1.364,2,NULL,NULL,,2,1,2,7,255,1125,250,0,0
pre_stim,6532,6532,1,6532,3203849.453,0.892,-0.094,-0.061,0.437,3047,0,0,3104,237,2155,253,1611,43,1.223,1,2042,0,173.120,5.793,-22.813,-120.438,122.250,-0.898,0.121,0.855,-5.547,-1.672,-7.027,0.292,0.482,1.219,1.364,2,NULL,NULL,,2,1,2,7,255,1125,250,0,0
pre_stim,6532,6532,1,6532,3203854.455,0.892,-0.093,-0.057,0.438,3053,0,0,3119,572,2195,351,1783,43,1.223,1,2042,0,93.191,5.776,14.938,-91.063,-13.000,-0.652,0.520,1.988,-4.078,4.090,0.188,0.230,0.416,1.219,1.364,2,NULL,NULL,,2,1,2,7,255,1125,250,0,0
pre_stim,6532,6532,1,6532,3203859.454,0.890,-0.090,-0.057,0.444,3054,0,0,3125,904,2238,340,1911,43,1.223,1,2042,0,172.494,4.196,-38.688,-48.750,-160.875,-0.035,0.590,1.926,0.938,4.090,9.199,0.166,0.340,1.219,1.364,2,NULL,NULL,,2,1,2,7,255,1125,250,0,0
pre_stim,6532,6532,1,6532,3203864.455,0.887,-0.086,-0.057,0.451,3054,0,0,3131,1101,2275,355,1991,43,1.223,1,2042,0,190.839,5.184,-74.875,-44.938,-169.688,0.676,0.762,1.309,5.184,-0.004,9.199,0.124,0.272,1.219,1.364,2,NULL,NULL,,2,1,2,7,255,1125,250,0,0
pre_stim,6532,6532,1,6532,3203869.453,0.885,-0.082,-0.057,0.455,3051,17,0,3140,1261,2313,377,2059,43,1.223,1,2042,0,128.622,7.400,-66.500,-26.188,-106.938,0.711,0.254,1.250,6.613,-3.320,2.125,0.104,0.232,1.219,1.364,2,NULL,NULL,,2,1,2,7,255,1125,250,0,0
pre_stim,6560,6560,1,6560,3203874.455,0.885,-0.078,-0.059,0.456,3052,39,0,3143,1427,2332,439,2125,43,1.223,1,2042,0,116.996,9.191,-109.938,-12.563,-38.000,0.188,-0.773,1.164,6.613,-6.383,1.156,0.088,0.212,1.219,1.364,2,NULL,NULL,,2,1,2,7,255,1125,250,0,0
pre_stim,6560,6560,1,6560,3203879.454,0.885,-0.072,-0.061,0.457,3053,91,0,3144,1563,2349,440,2171,43,1.223,1,2042,0,138.728,7.814,-135.688,-14.250,-25.125,-0.223,-1.063,0.816,-4.508,-6.383,0.676,0.080,0.204,1.219,1.364,2,NULL,NULL,,2,1,2,7,255,1125,250,0,0
pre_stim,6560,6560,1,6560,3203884.455,0.883,-0.069,-0.063,0.460,3055,109,21,3149,1647,2365,442,2203,43,1.223,1,2042,0,108.879,8.397,-74.188,-11.813,-78.813,-0.254,-0.629,0.512,-6.203,-5.660,-1.988,0.082,0.198,1.219,1.364,2,NULL,NULL,,2,1,2,7,255,1125,250,0,0
pre_stim,6560,6560,1,6560,3203889.453,0.881,-0.068,-0.062,0.464,3055,151,143,3149,1747,2379,463,2233,43,1.223,1,2042,0,102.131,6.923,3.438,-12.438,-101.313,0.117,-0.180,0.695,-6.203,-3.074,-3.348,0.096,0.190,1.219,1.364,2,NULL,NULL,,2,1,2,7,255,1125,250,0,0
pre_stim,6600,6600,1,6600,3203894.455,0.880,-0.069,-0.062,0.465,3055,168,281,3149,1815,2391,475,2263,43,1.223,1,2042,0,50.968,3.100,15.250,-10.438,-47.500,0.328,-0.188,1.031,-0.402,-3.074,-3.348,0.116,0.176,1.219,1.364,2,NULL,NULL,,2,1,2,7,255,1125,250,0,0
pre_stim,6600,6600,1,6600,3203899.454,0.881,-0.068,-0.062,0.465,3059,183,361,3149,1875,2395,475,2291,43,1.223,1,2042,0,30.123,4.106,-21.438,-7.438,19.813,0.063,-0.305,1.184,-0.402,-4.086,-0.477,0.138,0.158,1.219,1.364,2,NULL,NULL,,2,1,2,7,255,1125,250,0,0
pre_stim,6600,6600,1,6600,3203904.455,0.881,-0.066,-0.063,0.464,3060,174,466,3149,1912,2403,456,2312,43,1.223,1,2042,0,51.820,4.310,-45.813,-4.063,23.875,-0.320,-0.160,1.031,-1.371,-4.086,0.637,0.152,0.134,1.219,1.364,2,NULL,NULL,,2,1,2,7,255,1125,250,0,0
pre_stim,6600,6600,1,6600,3203909.454,0.881,-0.064,-0.063,0.464,3063,171,544,3149,1942,2408,445,2328,43,1.223,1,2042,0,37.576,1.371,-33.813,-4.750,-15.688,-0.309,0.008,0.844,-1.371,-0.012,0.637,0.164,0.108,1.219,1.364,2,NULL,NULL,,2,1,2,7,255,1125,250,0,0
pre_stim,6600,6600,1,6600,3203914.455,0.881,-0.063,-0.063,0.465,3065,176,603,3149,1973,2415,439,2343,43,1.223,1,2042,0,32.879,1.082,-12.313,-6.375,-29.813,-0.035,-0.066,0.875,-1.082,-0.012,-1.129,0.180,0.086,1.219,1.364,2,NULL,NULL,,2,1,2,7,255,1125,250,0,0
pre_stim,6600,6600,1,6600,3203919.454,0.881,-0.063,-0.063,0.466,3065,179,679,3151,1993,2421,446,2352,43,1.223,1,2042,0,10.150,1.568,-5.500,-4.875,-7.000,0.070,-0.199,1.004,-0.539,-1.473,-1.129,0.198,0.066,1.219,1.364,2,NULL,NULL,,2,1,2,7,255,1125,250,0,0
pre_stim,6620,6620,1,6620,3203924.455,0.881,-0.063,-0.063,0.465,3067,179,739,3149,2010,2424,444,2363,43,1.223,1,2042,0,19.063,1.715,-10.000,-3.375,15.875,-0.039,-0.066,1.059,-0.125,-1.711,-0.262,0.212,0.048,1.219,1.364,2,NULL,NULL,,2,1,2,7,255,1125,250,0,0
pre_stim,6620,6620,1,6620,3203929.453,0.881,-0.062,-0.063,0.464,3069,183,775,3147,2031,2421,445,2364,43,1.223,1,2042,0,17.876,1.711,-11.500,-2.250,13.500,-0.156,0.152,1.023,-0.027,-1.711,0.379,0.226,0.034,1.219,1.364,2,NULL,NULL,,2,1,2,7,255,1125,250,0,0
pre_stim,6620,6620,1,6620,3203934.455,0.881,-0.062,-0.063,0.464,3067,203,802,3143,2053,2425,445,2364,43,1.223,1,2042,0,6.326,1.206,-6.250,-0.750,-0.625,-0.133,0.184,1.016,1.098,0.500,0.379,0.234,0.026,1.219,1.364,2,NULL,NULL,,2,1,2,7,255,1125,250,0,0
pre_stim,6620,6620,1,6620,3203939.454,0.881,-0.062,-0.063,0.464,3079,213,815,3149,2059,2431,443,2375,43,1.231,1,2042,1,6.369,1.206,-4.375,0.188,-4.625,-0.070,0.070,1.059,1.098,0.500,0.379,0.000,0.000,1.204,1.348,2,NULL,NULL,,2,1,2,7,255,1125,250,0,0
pre_stim,6620,6620,1,6620,3203944.455,0.881,-0.062,-0.063,0.464,3083,212,837,3151,2073,2428,445,2374,43,1.231,1,2042,1,7.258,1.124,-6.875,1.188,2.000,-0.070,0.031,1.055,0.898,-0.676,0.484,0.004,0.004,1.204,1.348,2,NULL,NULL,,2,1,2,7,255,1125,250,0,0
pre_stim,6620,6620,1,6620,3203949.453,0.881,-0.062,-0.063,0.464,3077,231,846,3147,2069,2427,442,2373,43,1.231,1,2042,1,9.049,1.021,-6.063,1.438,6.563,-0.133,0.098,1.016,0.766,-0.676,0.484,0.010,0.008,1.204,1.348,2,NULL,NULL,,2,1,2,7,255,1125,250,0,0
pre_stim,6620,6620,1,6620,3203954.455,0.881,-0.062,-0.063,0.464,3077,231,862,3149,2076,2421,443,2375,43,1.231,1,2042,1,3.451,0.766,-2.000,2.250,1.688,-0.176,0.141,1.027,0.766,0.016,0.430,0.014,0.010,1.204,1.348,2,NULL,NULL,,2,1,2,7,255,1125,250,0,0
pre_stim,6620,6620,1,6620,3203959.454,0.881,-0.062,-0.063,0.464,3068,231,875,3145,2087,2421,445,2363,43,1.231,1,2042,1,6.853,0.830,-1.438,2.063,-6.375,-0.172,0.109,1.059,0.766,0.320,0.430,0.018,0.012,1.204,1.348,2,NULL,NULL,,2,1,2,7,255,1125,250,0,0
pre_stim,6649,6649,1,6649,3203964.455,0.881,-0.062,-0.064,0.465,3065,233,895,3145,2091,2415,447,2359,43,1.231,1,2042,1,10.770,0.748,-4.063,2.375,-9.688,-0.137,0.070,1.055,0.676,0.320,0.609,0.020,0.016,1.204,1.348,2,NULL,NULL,,2,1,2,7,255,1125,250,0,0
pre_stim,6649,6649,1,6649,3203969.453,0.881,-0.061,-0.064,0.465,3061,231,908,3143,2091,2411,462,2359,43,1.231,1,2042,1,10.023,0.593,-4.938,2.438,-8.375,-0.129,0.047,1.035,0.574,-0.148,0.609,0.024,0.018,1.204,1.348,2,NULL,NULL,,2,1,2,7,255,1125,250,0,0
pre_stim,6649,6649,1,6649,3203974.455,0.881,-0.061,-0.064,0.465,3055,231,915,3140,2091,2407,473,2351,43,1.231,1,2042,1,8.197,0.493,-4.000,2.188,-6.813,-0.145,0.027,1.020,0.418,-0.262,0.406,0.026,0.020,1.204,1.348,2,NULL,NULL,,2,1,2,7,255,1125,250,0,0
pre_stim,6649,6649,1,6649,3203979.454,0.881,-0.061,-0.064,0.465,3055,233,919,3132,2089,2399,482,2355,43,1.231,1,2042,1,9.019,0.295,-2.125,1.563,-8.625,-0.160,0.004,1.004,0.137,-0.262,0.289,0.028,0.022,1.204,1.348,2,NULL,NULL,,2,1,2,7,255,1125,250,0,0
pre_stim,6649,6649,1,6649,3203984.455,0.880,-0.061,-0.064,0.466,3047,229,918,3130,2089,2393,483,2343,43,1.231,1,2042,1,9.963,0.295,0.500,0.500,-9.938,-0.148,-0.008,0.980,-0.137,-0.262,0.152,0.030,0.024,1.204,1.348,2,NULL,NULL,,2,1,2,7,255,1125,250,0,0
pre_stim,6649,6649,1,6649,3203989.453,0.880,-0.061,-0.064,0.466,3043,223,921,3125,2087,2389,477,2339,43,1.231,1,2042,1,8.497,0.407,3.313,-0.438,-7.813,-0.145,-0.020,0.977,-0.168,-0.371,-0.082,0.032,0.026,1.204,1.348,2,NULL,NULL,,2,1,2,7,255,1125,250,0,0
pre_stim,6696,6696,1,6696,3203994.455,0.880,-0.061,-0.064,0.466,3032,204,925,3115,2090,2383,485,2340,43,1.231,1,2042,1,6.453,0.474,4.188,-1.813,-4.563,-0.152,-0.023,0.977,-0.250,-0.402,-0.141,0.034,0.026,1.204,1.348,2,NULL,NULL,,2,1,2,7,255,1125,250,0,0
pre_stim,6696,6696,1,6696,3203999.454,0.880,-0.061,-0.064,0.467,3015,203,938,3103,2095,2383,476,2342,43,1.231,1,2042,1,7.122,0.524,5.438,-3.125,-3.375,-0.160,-0.020,0.965,-0.336,-0.402,-0.141,0.034,0.028,1.204,1.348,2,NULL,NULL,,2,1,2,7,255,1125,250,0,0
pre_stim,6718,6718,1,6718,3204004.455,0.880,-0.061,-0.063,0.467,3005,201,947,3091,2101,2385,479,2343,43,1.231,1,2042,1,8.979,0.487,7.250,-5.000,-1.750,-0.172,-0.043,0.945,-0.367,-0.320,-0.238,0.036,0.028,1.204,1.348,2,NULL,NULL,,2,1,2,7,255,1125,250,0,0
pre_stim,6718,6718,1,6718,3204009.454,0.880,-0.062,-0.063,0.467,2995,205,969,3081,2111,2378,493,2349,43,1.231,1,2042,1,12.654,0.697,10.188,-7.500,0.313,-0.195,-0.039,0.949,-0.621,-0.316,-0.336,0.036,0.028,1.204,1.348,2,NULL,NULL,,2,1,2,7,255,1125,250,0,0
pre_stim,6718,6718,1,6718,3204014.455,0.880,-0.062,-0.062,0.467,2975,201,978,3062,2131,2377,521,2353,43,1.231,1,2042,1,16.429,0.636,13.125,-9.875,-0.375,-0.211,0.008,0.965,-0.621,-0.137,-0.336,0.038,0.026,1.204,1.348,2,NULL,NULL,,2,1,2,7,255,1125,250,0,0
pre_stim,6718,6718,1,6718,3204019.454,0.880,-0.062,-0.061,0.467,2975,203,997,3048,2155,2379,553,2359,43,1.231,1,2042,1,19.075,0.507,14.500,-12.188,-2.250,-0.195,0.035,0.977,-0.449,0.234,-0.137,0.036,0.026,1.204,1.348,2,NULL,NULL,,2,1,2,7,255,1125,250,0,0
pre_stim,6718,6718,1,6718,3204024.455,0.880,-0.063,-0.061,0.467,2944,201,1019,3032,2167,2379,579,2379,43,1.231,1,2042,1,20.335,0.284,14.688,-13.938,-1.875,-0.172,0.039,0.988,-0.160,0.234,-0.039,0.036,0.024,1.204,1.348,2,NULL,NULL,,2,1,2,7,255,1125,250,0,0
pre_stim,6718,6718,1,6718,3204029.453,0.880,-0.063,-0.060,0.467,2927,199,1059,3008,2195,2380,607,2389,43,1.231,1,2042,1,20.324,0.048,13.500,-15.188,-0.375,-0.156,0.043,0.992,0.008,0.047,0.020,0.036,0.022,1.204,1.348,2,NULL,NULL,,2,1,2,7,255,1125,250,0,0
pre_stim,6718,6718,1,6718,3204034.455,0.880,-0.063,-0.059,0.467,2910,200,1095,3013,2230,2381,660,2410,43,1.231,1,2042,1,21.116,0.126,13.250,-16.438,0.375,-0.156,0.055,0.988,0.117,0.047,0.023,0.034,0.020,1.204,1.348,2,NULL,NULL,,2,1,2,7,255,1125,250,0,0
pre_stim,6718,6718,1,6718,3204039.454,0.880,-0.063,-0.058,0.467,2887,201,1141,2984,2261,2387,709,2415,43,1.231,1,2042,1,22.500,0.205,14.438,-17.250,-0.500,-0.152,0.094,1.004,0.199,0.047,0.039,0.034,0.020,1.204,1.348,2,NULL,NULL,,2,1,2,7,255,1125,250,0,0
pre_stim,6718,6718,0,6718,3204044.455,0.880,-0.064,-0.057,0.467,2859,197,1180,2968,2283,2386,739,2440,43,1.231,1,2042,1,23.535,0.562,15.000,-18.125,-0.625,-0.148,0.125,1.016,0.516,0.223,0.156,0.034,0.020,1.204,1.348,2,NULL,NULL,,2,0,2,7,255,1125,250,0,0
pre_stim,6718,6718,0,6718,3204049.453,0.880,-0.064,-0.056,0.467,2840,197,1245,2937,2311,2389,779,2459,43,1.231,1,2042,1,22.608,0.833,13.250,-18.188,-2.188,-0.141,0.133,1.023,0.773,0.309,0.289,0.034,0.020,1.204,1.348,2,NULL,NULL,,2,0,2,7,255,1125,250,0,0
pre_stim,6739,6739,0,6739,3204054.455,0.880,-0.064,-0.055,0.468,2824,205,1292,2941,2348,2395,843,2479,43,1.231,1,2042,1,21.622,0.924,11.250,-18.188,-3.188,-0.129,0.141,1.016,0.871,0.309,0.289,0.034,0.018,1.204,1.348,2,NULL,NULL,,2,0,2,7,255,1125,250,0,0
pre_stim,6739,6739,0,6739,3204059.454,0.880,-0.064,-0.054,0.468,2803,199,1355,2909,2393,2397,887,2493,43,1.231,1,2042,1,20.872,0.989,9.375,-18.000,-4.875,-0.125,0.137,1.016,0.953,0.266,0.262,0.034,0.018,1.204,1.348,2,NULL,NULL,,2,0,2,7,255,1125,250,0,0
pre_stim,6739,6739,0,6739,3204064.455,0.880,-0.064,-0.053,0.468,2771,205,1421,2895,2413,2403,999,2517,43,1.231,1,2042,1,20.281,0.982,7.000,-17.750,-6.875,-0.137,0.094,1.016,0.953,0.238,0.262,0.032,0.022,1.204,1.348,2,NULL,NULL,,2,0,2,7,255,1125,250,0,0
pre_stim,6739,6739,0,6739,3204069.453,0.880,-0.064,-0.052,0.468,2749,211,1510,2863,2451,2411,1087,2535,43,1.231,1,2042,1,20.495,0.523,5.813,-17.750,-8.438,-0.152,0.059,0.996,0.516,0.086,0.262,0.032,0.026,1.204,1.348,2,NULL,NULL,,2,0,2,7,255,1125,250,0,0
pre_stim,6739,6739,0,6739,3204074.455,0.879,-0.064,-0.051,0.469,2712,211,1577,2857,2486,2408,1178,2551,43,1.231,1,2042,1,21.714,0.145,5.688,-18.313,-10.188,-0.156,0.055,0.992,0.117,0.086,0.086,0.034,0.030,1.204,1.348,2,NULL,NULL,,2,0,2,7,255,1125,250,0,0
pre_stim,6739,6739,0,6739,3204079.454,0.879,-0.063,-0.050,0.469,2681,228,1690,2829,2505,2427,1239,2571,43,1.231,1,2042,1,23.410,0.158,5.188,-18.500,-13.375,-0.152,0.070,1.004,0.117,0.105,0.086,0.036,0.034,1.204,1.348,2,NULL,NULL,,2,0,2,7,255,1125,250,0,0
pre_stim,6769,6769,0,6769,3204084.455,0.879,-0.063,-0.050,0.470,2649,237,1771,2813,2532,2425,1328,2582,43,1.231,1,2042,1,25.199,0.212,2.375,-18.563,-16.875,-0.133,0.082,1.023,0.184,0.105,0.172,0.038,0.038,1.204,1.348,2,NULL,NULL,,2,0,2,7,255,1125,250,0,0
pre_stim,6769,6769,0,6769,3204089.453,0.879,-0.063,-0.049,0.471,2601,247,1848,2793,2552,2439,1403,2596,43,1.231,1,2042,1,25.926,0.397,-1.875,-17.938,-18.625,-0.113,0.070,1.031,0.395,0.043,0.313,0.040,0.042,1.204,1.348,2,NULL,NULL,,2,0,2,7,255,1125,250,0,0
pre_stim,6801,6801,0,6801,3204094.455,0.878,-0.062,-0.048,0.472,2557,263,1913,2780,2598,2445,1499,2607,43,1.231,1,2042,1,26.627,0.446,-8.750,-17.563,-18.000,-0.113,0.016,1.031,0.395,-0.207,0.344,0.042,0.044,1.204,1.348,2,NULL,NULL,,2,0,2,7,255,1125,250,0,0
pre_stim,6801,6801,0,6801,3204099.454,0.878,-0.061,-0.048,0.472,2515,300,2021,2747,2621,2431,1576,2631,43,1.231,1,2042,1,28.691,0.458,-15.438,-17.563,-16.625,-0.133,-0.027,1.020,-0.031,-0.457,0.344,0.044,0.048,1.204,1.348,2,NULL,NULL,,2,0,2,7,255,1125,250,0,0
pre_stim,6801,6801,0,6801,3204104.455,0.878,-0.060,-0.048,0.473,2461,353,2093,2727,2645,2449,1652,2643,43,1.231,1,2042,1,33.378,0.669,-21.625,-17.375,-18.563,-0.168,-0.008,1.035,-0.488,-0.457,0.344,0.044,0.048,1.204,1.348,2,NULL,NULL,,2,0,2,7,255,1125,250,0,0
pre_stim,6801,6801,0,6801,3204109.454,0.877,-0.058,-0.048,0.474,2405,359,2169,2693,2660,2453,1755,2660,43,1.231,1,2042,1,41.385,0.502,-29.250,-17.875,-23.188,-0.172,0.012,1.035,-0.488,-0.117,0.469,0.046,0.050,1.204,1.348,2,NULL,NULL,,2,0,2,7,255,1125,250,0,0
pre_stim,6801,6801,0,6801,3204114.455,0.877,-0.056,-0.048,0.475,2329,361,2237,2669,2684,2461,1829,2671,43,1.231,1,2042,1,47.659,0.352,-34.313,-18.000,-27.750,-0.145,0.027,1.012,-0.352,-0.023,0.469,0.046,0.050,1.204,1.348,2,NULL,NULL,,2,0,2,7,255,1125,250,0,0
pre_stim,6801,6801,0,6801,3204119.454,0.877,-0.054,-0.048,0.476,2275,365,2297,2631,2713,2453,1909,2696,43,1.231,1,2042,1,48.404,0.070,-34.250,-19.375,-28.188,-0.125,0.027,0.977,-0.066,-0.023,0.215,0.046,0.052,1.204,1.348,2,NULL,NULL,,2,0,2,7,255,1125,250,0,0
pre_stim,6801,6801,0,6801,3204124.455,0.876,-0.053,-0.048,0.477,2191,373,2375,2585,2729,2458,1984,2719,43,1.231,1,2042,1,44.909,0.135,-30.063,-20.750,-26.125,-0.121,0.008,0.977,-0.066,-0.117,-0.156,0.046,0.052,1.204,1.348,2,NULL,NULL,,2,0,2,7,255,1125,250,0,0
pre_stim,6801,6801,0,6801,3204129.453,0.876,-0.051,-0.048,0.478,2105,368,2381,2538,2758,2459,2065,2723,43,1.231,1,2042,1,44.539,0.141,-27.813,-21.625,-27.250,-0.141,0.000,1.012,-0.078,-0.117,-0.156,0.046,0.052,1.204,1.348,2,NULL,NULL,,2,0,2,7,255,1125,250,0,0
pre_stim,6801,6801,0,6801,3204134.455,0.875,-0.049,-0.047,0.479,2024,367,2491,2505,2788,2471,2119,2747,43,1.231,1,2042,1,49.491,0.319,-31.750,-21.375,-31.375,-0.148,-0.031,1.043,-0.246,-0.203,0.195,0.044,0.052,1.204,1.348,2,NULL,NULL,,2,0,2,7,255,1125,250,0,0
pre_stim,6801,6801,0,6801,3204139.454,0.875,-0.047,-0.048,0.480,1949,365,2539,2453,2807,2467,2185,2765,43,1.231,1,2042,1,57.492,0.543,-40.250,-22.250,-34.500,-0.117,-0.055,1.016,-0.504,-0.203,0.219,0.044,0.048,1.204,1.348,2,NULL,NULL,,2,0,2,7,255,1125,250,0,0
pre_stim,6832,6832,0,6832,3204144.455,0.874,-0.045,-0.047,0.481,1842,349,2583,2387,2825,2515,2240,2785,43,1.231,1,2042,1,55.850,0.718,-40.313,-25.125,-29.375,-0.078,-0.047,0.957,-0.504,-0.512,0.219,0.042,0.046,1.204,1.348,2,NULL,NULL,,2,0,2,7,255,1125,250,0,0
pre_stim,6832,6832,0,6832,3204149.453,0.874,-0.043,-0.047,0.482,1677,331,2640,2296,2839,2471,2312,2799,43,1.231,1,2042,1,46.181,0.686,-29.813,-25.188,-24.688,-0.117,-0.047,0.941,-0.457,-0.512,-0.398,0.040,0.044,1.204,1.348,2,NULL,NULL,,2,0,2,7,255,1125,250,0,0
pre_stim,6832,6832,0,6832,3204154.455,0.873,-0.042,-0.047,0.483,1516,309,2679,2217,2861,2479,2360,2808,43,1.231,1,2042,1,44.642,0.554,-24.188,-26.438,-26.625,-0.137,-0.055,0.996,-0.457,-0.313,-0.398,0.038,0.042,1.204,1.348,2,NULL,NULL,,2,0,2,7,255,1125,250,0,0
pre_stim,6832,6832,0,6832,3204159.454,0.873,-0.040,-0.046,0.484,1373,279,2713,2117,2875,2475,2411,2827,43,1.231,1,2042,1,46.455,0.554,-25.563,-29.500,-25.188,-0.086,-0.004,1.039,-0.457,-0.313,0.063,0.038,0.042,1.204,1.348,2,NULL,NULL,,2,0,2,7,255,1125,250,0,0
pre_stim,6832,6832,0,6832,3204164.455,0.873,-0.038,-0.046,0.485,1197,239,2740,2025,2894,2483,2453,2834,43,1.231,1,2042,1,43.472,0.265,-23.313,-28.438,-23.188,-0.121,-0.016,1.027,-0.160,-0.211,0.313,0.038,0.040,1.204,1.348,2,NULL,NULL,,2,0,2,7,255,1125,250,0,0
pre_stim,6832,6832,0,6832,3204169.453,0.872,-0.037,-0.045,0.486,992,205,2775,1867,2913,2471,2490,2841,43,1.231,1,2042,1,46.889,0.401,-24.563,-29.375,-27.063,-0.094,-0.035,1.043,-0.152,-0.371,0.418,0.038,0.040,1.204,1.348,2,NULL,NULL,,2,0,2,7,255,1125,250,0,0
pre_stim,6861,6861,0,6861,3204174.455,0.872,-0.035,-0.044,0.486,836,181,2792,1673,2931,2471,2537,2855,43,1.231,1,2042,1,43.438,0.419,-24.063,-33.500,-13.625,-0.051,-0.008,1.020,-0.152,-0.391,0.313,0.040,0.040,1.204,1.348,2,NULL,NULL,,2,0,2,7,255,1125,250,0,0
pre_stim,6861,6861,0,6861,3204179.454,0.872,-0.034,-0.043,0.487,590,165,2813,1417,2937,2462,2587,2864,43,1.231,1,2042,1,40.315,0.419,-18.938,-32.188,-15.188,-0.141,-0.020,1.023,-0.152,-0.391,0.293,0.040,0.040,1.204,1.348,2,NULL,NULL,,2,0,2,7,255,1125,250,0,0
pre_stim,6861,6861,0,6861,3204184.455,0.872,-0.032,-0.042,0.487,349,86,2845,1197,2956,2459,2607,2875,43,1.231,1,2042,1,42.888,0.355,-16.188,-36.875,-14.750,-0.074,-0.012,1.039,0.145,-0.324,0.293,0.040,0.040,1.204,1.348,2,NULL,NULL,,2,0,2,7,255,1125,250,0,0
pre_stim,6861,6861,0,6861,3204189.453,0.871,-0.031,-0.041,0.488,213,57,2856,971,2962,2441,2634,2899,43,1.231,1,2042,1,41.744,0.345,-15.000,-36.875,-12.563,-0.070,-0.043,1.016,-0.117,-0.324,0.293,0.040,0.040,1.204,1.348,2,NULL,NULL,,2,0,2,7,255,1125,250,0,0
pre_stim,6899,6899,0,6899,3204194.455,0.871,-0.029,-0.040,0.488,111,27,2873,811,2976,2427,2667,2900,43,1.231,1,2042,1,41.772,0.494,-7.500,-40.438,-7.313,-0.047,-0.016,1.027,0.145,-0.473,0.266,0.040,0.038,1.204,1.348,2,NULL,NULL,,2,0,2,7,255,1125,250,0,0
pre_stim,6899,6899,0,6899,3204199.454,0.871,-0.028,-0.038,0.488,60,2,2886,589,2999,2419,2685,2903,43,1.231,1,2042,1,43.103,0.518,-6.250,-42.375,-4.813,-0.059,0.016,1.047,0.211,-0.473,0.266,0.042,0.038,1.204,1.348,2,NULL,NULL,,2,0,2,7,255,1125,250,0,0
pre_stim,6899,6899,0,6899,3204204.455,0.871,-0.027,-0.036,0.488,31,0,2905,403,3001,2401,2711,2919,43,1.231,1,2042,1,46.671,0.475,1.375,-46.625,1.563,-0.070,0.043,1.070,0.418,-0.227,0.438,0.042,0.038,1.204,1.348,2,NULL,NULL,,2,0,2,7,255,1125,250,0,0
pre_stim,6899,6899,0,6899,3204209.454,0.872,-0.027,-0.034,0.488,11,0,2908,342,3007,2377,2735,2927,43,1.231,1,2042,1,50.574,0.420,6.188,-50.063,3.625,-0.152,-0.023,1.121,0.418,0.039,0.680,0.042,0.040,1.204,1.348,2,NULL,NULL,,2,0,2,7,255,1125,250,0,0
pre_stim,6899,6899,0,6899,3204214.455,0.872,-0.026,-0.032,0.488,2,0,2926,288,3019,2356,2759,2937,43,1.231,1,2042,1,61.953,0.552,14.875,-57.688,17.000,-0.215,-0.090,1.234,-0.391,0.391,1.281,0.042,0.040,1.204,1.348,2,NULL,NULL,,2,0,2,7,255,1125,250,0,0
pre_stim,6899,6899,0,6899,3204219.454,0.872,-0.025,-0.030,0.487,0,0,2936,224,3038,2326,2781,2928,43,1.231,1,2042,1,62.432,1.338,5.125,-61.813,7.125,-0.305,-0.180,1.289,-1.234,0.516,2.426,0.044,0.042,1.204,1.348,2,NULL,NULL,,2,0,2,7,255,1125,250,0,0
pre_stim,6919,6919,0,6919,3204224.455,0.873,-0.024,-0.027,0.487,0,0,2949,192,3032,2287,2808,2951,43,1.231,1,2042,1,77.712,1.665,23.125,-71.375,20.250,-0.293,-0.070,1.461,-1.453,0.813,3.059,0.046,0.046,1.204,1.348,2,NULL,NULL,,2,0,2,7,255,1125,250,0,0
pre_stim,6919,6919,0,6919,3204229.453,0.874,-0.024,-0.023,0.486,0,0,2949,165,3048,2259,2829,2939,43,1.231,1,2042,1,84.700,1.919,18.875,-78.813,24.625,-0.254,0.207,1.559,-1.453,1.254,4.691,0.048,0.052,1.204,1.348,2,NULL,NULL,,2,0,2,7,255,1125,250,0,0
pre_stim,6919,6919,0,6919,3204234.455,0.874,-0.021,-0.020,0.485,0,0,2953,105,3057,2201,2853,2943,43,1.231,1,2042,0,89.026,2.004,-23.563,-81.938,25.625,-0.133,0.246,1.387,0.977,1.750,4.691,0.048,0.056,1.204,1.348,3,NULL,NULL,,2,0,2,7,255,1125,250,0,0
pre_stim,6919,6919,0,6919,3204239.454,0.875,-0.018,-0.018,0.484,0,0,2955,73,3047,2153,2864,2943,43,1.231,1,2042,0,95.051,2.195,-34.563,-85.438,23.250,-0.102,0.180,1.203,1.324,1.750,3.781,0.046,0.060,1.204,1.348,3,NULL,NULL,,2,0,2,7,255,1125,250,0,0
pre_stim,6919,6919,0,6919,3204244.455,0.876,-0.016,-0.015,0.482,0,0,2956,18,3069,2088,2889,2951,43,1.231,1,2042,0,105.010,1.887,-17.063,-92.500,46.688,-0.160,0.074,1.180,1.324,1.344,2.000,0.040,0.064,1.204,1.348,3,NULL,NULL,,2,0,2,7,255,1125,250,0,0
pre_stim,6919,6919,0,6919,3204249.453,0.877,-0.014,-0.011,0.480,0,0,2899,0,3081,1992,2905,2942,43,1.231,1,2042,0,108.783,1.349,-0.438,-99.375,44.250,-0.234,0.055,1.223,0.121,1.344,2.000,0.036,0.070,1.204,1.348,3,NULL,NULL,,2,0,2,7,255,1125,250,0,0
pre_stim,6919,6919,0,6919,3204254.455,0.878,-0.012,-0.007,0.479,0,0,2971,0,3096,1907,2915,2943,43,1.231,1,2042,0,109.100,1.590,-4.938,-103.813,33.188,-0.230,-0.031,1.273,-0.492,1.512,2.215,0.034,0.078,1.204,1.348,3,NULL,NULL,,2,0,2,7,255,1125,250,0,0
pre_stim,6919,6919,0,6919,3204259.454,0.879,-0.009,-0.004,0.477,0,0,2963,0,3087,1769,2926,2940,43,1.231,1,2042,0,113.835,1.889,-9.938,-108.625,32.563,-0.188,-0.043,1.297,-1.133,1.512,2.715,0.034,0.086,1.204,1.348,3,NULL,NULL,,2,0,2,7,255,1125,250,0,0
pre_stim,6950,6950,0,6950,3204264.455,0.880,-0.006,0.000,0.476,0,0,2969,0,3095,1625,2951,2953,43,1.231,1,2042,0,121.140,1.916,-13.688,-114.125,38.250,-0.211,-0.043,1.246,-1.207,1.488,2.715,0.038,0.096,1.204,1.348,3,NULL,NULL,,2,0,2,7,255,1125,250,0,0
pre_stim,6950,6950,0,6950,3204269.453,0.880,-0.004,0.004,0.474,0,0,2963,0,3107,1501,2963,2937,43,1.231,1,2042,0,124.787,1.870,-13.563,-119.063,34.813,-0.203,-0.004,1.211,-1.133,1.488,2.430,0.040,0.104,1.204,1.348,3,NULL,NULL,,2,0,2,7,255,1125,250,0,0
pre_stim,6950,6950,0,6950,3204274.455,0.881,-0.001,0.009,0.473,0,0,2957,0,3111,1338,2979,2937,43,1.231,1,2042,0,128.443,2.168,-11.688,-124.313,30.125,-0.211,-0.043,1.207,-1.336,1.707,2.047,0.042,0.112,1.204,1.348,3,NULL,NULL,,2,0,2,7,255,1125,250,0,0
pre_stim,6950,6950,0,6950,3204279.454,0.882,0.002,0.013,0.472,0,0,2943,0,3103,1147,2973,2919,43,1.231,1,2042,0,133.680,2.185,0.438,-130.688,28.125,-0.180,-0.043,1.215,-1.363,1.707,2.047,0.042,0.118,1.204,1.348,3,NULL,NULL,,2,0,2,7,255,1125,250,0,0
pre_stim,6950,6950,0,6950,3204284.455,0.882,0.005,0.018,0.471,0,0,2935,0,3109,967,2983,2907,43,1.231,1,2042,0,138.016,2.071,0.313,-136.000,23.500,-0.145,-0.043,1.203,-1.363,1.559,1.980,0.046,0.126,1.204,1.348,3,NULL,NULL,,2,0,2,7,255,1125,250,0,0
pre_stim,6950,6950,0,6950,3204289.453,0.883,0.007,0.024,0.469,0,0,2931,0,3127,783,3000,2904,43,1.231,1,2042,0,146.464,2.027,0.063,-142.625,33.313,-0.160,-0.070,1.223,-1.363,1.500,2.074,0.050,0.132,1.204,1.348,3,NULL,NULL,,2,0,2,7,255,1125,250,0,0
pre_stim,7001,7001,0,7001,3204294.455,0.883,0.010,0.029,0.468,0,0,2899,0,3112,595,2997,2886,43,1.231,1,2042,0,154.156,2.220,1.688,-149.438,37.813,-0.188,-0.051,1.270,-1.637,1.500,2.113,0.056,0.140,1.204,1.348,3,NULL,NULL,,2,0,2,7,255,1125,250,0,0
pre_stim,7001,7001,0,7001,3204299.454,0.884,0.014,0.035,0.466,0,0,2890,0,3122,460,3013,2871,43,1.231,1,2042,0,158.955,2.622,-6.750,-156.500,27.000,-0.219,-0.074,1.195,-1.727,1.973,2.113,0.064,0.150,1.204,1.348,3,NULL,NULL,,2,0,2,7,255,1125,250,0,0
pre_stim,7001,7001,0,7001,3204304.455,0.884,0.017,0.041,0.465,0,0,2860,0,3117,341,3007,2853,43,1.231,1,2042,0,165.168,2.922,-1.750,-164.063,19.000,-0.199,-0.133,1.176,-2.156,1.973,1.734,0.074,0.160,1.204,1.348,3,NULL,NULL,,2,0,2,7,255,1125,250,0,0
pre_stim,7001,7001,0,7001,3204309.454,0.884,0.020,0.047,0.464,0,0,2831,0,3123,202,3015,2831,43,1.231,1,2042,0,173.108,2.827,12.125,-171.875,16.688,-0.152,-0.098,1.238,-2.180,1.801,1.734,0.084,0.170,1.204,1.348,3,NULL,NULL,,2,0,2,7,255,1125,250,0,0
pre_stim,7001,7001,0,7001,3204314.455,0.884,0.023,0.054,0.463,0,0,2803,0,3123,101,3019,2805,43,1.231,1,2042,0,182.238,2.827,13.000,-181.063,16.063,-0.148,-0.020,1.301,-2.180,1.801,2.148,0.096,0.182,1.204,1.348,3,NULL,NULL,,2,0,2,7,255,1125,250,0,0
pre_stim,7001,7001,0,7001,3204319.454,0.884,0.026,0.062,0.462,0,0,2769,0,3128,55,3029,2772,43,1.231,1,2042,0,191.701,2.958,20.250,-189.875,16.938,-0.215,0.047,1.383,-1.730,2.398,2.691,0.108,0.194,1.204,1.348,3,NULL,NULL,,2,0,2,7,255,1125,250,0,0
pre_stim,7001,7001,0,7001,3204324.455,0.884,0.029,0.070,0.461,0,0,2715,0,3125,25,3037,2730,43,1.231,1,2042,0,203.569,3.938,24.875,-201.500,14.813,-0.270,0.125,1.535,-1.695,3.555,3.336,0.122,0.210,1.204,1.348,3,NULL,NULL,,2,0,2,7,255,1125,250,0,0
pre_stim,7001,7001,0,7001,3204329.453,0.884,0.033,0.079,0.460,0,0,2653,0,3125,12,3037,2686,43,1.231,1,2042,0,214.929,5.084,15.375,-214.063,11.625,-0.223,0.180,1.750,-1.641,4.813,4.625,0.138,0.226,1.204,1.348,3,NULL,NULL,,2,0,2,7,255,1125,250,0,0
pre_stim,7001,7001,0,7001,3204334.455,0.884,0.038,0.087,0.459,0,0,2585,0,3131,0,3033,2649,43,1.231,1,2042,0,228.073,5.495,2.063,-227.250,19.250,-0.273,0.219,1.910,-1.598,5.258,6.695,0.154,0.244,1.204,1.348,3,NULL,NULL,,2,0,2,7,255,1125,250,0,0
pre_stim,7001,7001,0,7001,3204339.454,0.883,0.043,0.096,0.457,0,0,2480,0,3110,0,3027,2577,43,1.231,1,2042,0,244.197,6.531,-16.000,-242.438,24.500,-0.332,0.387,2.023,-1.309,6.398,8.043,0.174,0.266,1.204,1.348,3,NULL,NULL,,2,0,2,7,255,1125,250,0,0
pre_stim,7025,7025,0,7025,3204344.455,0.883,0.050,0.106,0.455,0,0,2391,0,3117,0,3022,2509,43,1.231,1,2042,0,262.093,8.354,-31.125,-259.313,21.938,-0.344,0.539,2.055,-0.906,8.305,8.840,0.198,0.292,1.204,1.348,3,NULL,NULL,,2,0,2,7,255,1125,250,0,0
pre_stim,7025,7025,0,7025,3204349.453,0.882,0.057,0.115,0.454,0,0,2247,0,3092,0,3017,2428,43,1.231,1,2042,0,281.821,9.699,-49.500,-276.500,22.813,-0.367,0.586,2.098,0.004,9.699,8.875,0.226,0.320,1.204,1.348,3,NULL,NULL,,2,0,2,7,255,1125,250,0,0
pre_stim,7025,7025,0,7025,3204354.455,0.881,0.066,0.125,0.452,0,0,2045,0,3081,0,3007,2335,43,1.231,1,2042,0,304.118,10.648,-60.250,-296.500,30.750,-0.395,0.648,2.215,0.004,10.648,9.012,0.258,0.354,1.204,1.348,3,NULL,NULL,,2,0,2,7,255,1125,250,0,0
pre_stim,7025,7025,0,7025,3204359.454,0.880,0.075,0.136,0.450,0,0,1863,0,3055,0,2981,2223,43,1.231,1,2042,0,327.055,11.961,-78.563,-315.938,31.250,-0.430,0.738,2.305,0.004,11.961,9.730,0.294,0.392,1.204,1.348,3,NULL,NULL,,2,0,2,7,255,1125,250,0,0
pre_stim,7048,7048,0,7048,3204364.455,0.878,0.086,0.146,0.448,0,0,1659,0,3037,0,2968,2101,43,1.231,1,2042,0,353.271,13.489,-104.563,-336.375,26.813,-0.445,0.773,2.363,0.105,13.488,10.113,0.336,0.436,1.204,1.348,3,NULL,NULL,,2,0,2,7,255,1125,250,0,0
pre_stim,7048,7048,0,7048,3204369.453,0.876,0.098,0.157,0.446,0,0,1501,0,3005,0,2932,1941,43,1.231,1,2042,0,375.603,14.555,-130.625,-351.688,18.188,-0.484,0.766,2.402,0.105,14.555,10.113,0.386,0.486,1.204,1.348,3,NULL,NULL,,2,0,2,7,255,1125,250,0,0
pre_stim,7048,7048,0,7048,3204374.455,0.873,0.111,0.168,0.445,0,0,1430,0,2967,0,2904,1788,43,1.231,1,2042,0,392.778,15.562,-148.250,-363.688,5.313,-0.523,0.820,2.434,-0.348,15.559,9.906,0.440,0.542,1.204,1.348,3,NULL,NULL,,2,0,2,7,255,1125,250,0,0
pre_stim,7048,7048,0,7048,3204379.454,0.869,0.124,0.179,0.444,0,0,1335,0,2921,0,2851,1619,43,1.231,1,2042,0,406.577,16.915,-150.750,-377.563,-5.063,-0.555,0.863,2.555,-0.406,16.910,9.813,0.500,0.604,1.204,1.348,3,NULL,NULL,,2,0,2,7,255,1125,250,0,0
pre_stim,7101,7101,0,7101,3204384.455,0.865,0.138,0.191,0.443,0,0,1188,0,2855,0,2769,1436,43,1.231,1,2042,0,427.798,18.483,-162.000,-395.313,-22.250,-0.566,0.813,2.785,-0.477,18.477,9.813,0.566,0.672,1.204,1.348,3,NULL,NULL,,2,0,2,7,255,1125,250,0,0
pre_stim,7101,7101,0,7101,3204389.453,0.860,0.152,0.203,0.443,0,0,1068,0,2776,0,2655,1279,43,1.231,1,2042,0,448.919,19.965,-183.250,-408.438,-33.563,-0.680,0.773,2.910,-1.477,19.910,10.938,0.642,0.748,1.204,1.348,3,NULL,NULL,,2,0,2,7,255,1125,250,0,0
pre_stim,7101,7101,0,7101,3204394.455,0.854,0.167,0.216,0.443,0,0,935,0,2663,0,2492,1133,43,1.231,1,2042,0,468.649,22.001,-197.688,-421.750,-51.750,-0.813,0.680,3.000,-2.688,21.836,10.938,0.726,0.834,1.204,1.348,3,NULL,NULL,,2,0,2,7,255,1125,250,0,0
pre_stim,7101,7101,0,7101,3204399.454,0.847,0.183,0.228,0.444,0,0,763,0,2517,0,2273,975,43,1.231,1,2042,0,483.464,23.554,-203.125,-431.063,-81.625,-0.754,0.449,3.086,-4.309,23.156,10.520,0.818,0.928,1.204,1.348,3,NULL,NULL,,2,0,2,7,255,1125,250,0,0
pre_stim,7101,7101,0,7101,3204404.455,0.839,0.198,0.241,0.446,0,0,519,0,2357,0,2009,825,43,1.231,1,2042,0,502.308,23.941,-215.938,-441.188,-105.063,-0.539,0.238,3.035,-6.078,23.156,10.520,0.918,1.028,1.204,1.348,3,NULL,NULL,,2,0,2,7,255,1125,250,0,0
pre_stim,7101,7101,0,7101,3204409.454,0.830,0.215,0.254,0.447,0,0,335,0,2131,0,1687,667,43,1.231,1,2042,0,524.576,22.349,-242.813,-457.688,-82.125,-0.375,-0.012,2.668,-6.652,21.336,10.520,1.022,1.134,1.204,1.348,3,NULL,NULL,,2,0,2,7,255,1125,250,0,0
pre_stim,7101,7101,0,7101,3204414.455,0.822,0.234,0.266,0.446,0,0,167,0,1819,0,1257,557,43,1.231,1,2042,0,538.773,19.280,-250.875,-475.313,-37.625,-0.176,-0.273,1.992,-7.137,17.910,8.195,1.126,1.240,1.204,1.348,3,NULL,NULL,,2,0,2,7,255,1125,250,0,0
pre_stim,7101,7101,0,7101,3204419.454,0.814,0.250,0.280,0.443,0,0,27,0,1493,0,682,431,43,1.231,1,2042,0,535.841,14.113,-192.500,-500.063,2.625,-0.133,-0.590,1.434,-7.203,12.137,4.059,1.228,1.342,1.204,1.348,3,NULL,NULL,,2,0,2,7,255,1125,250,0,0
pre_stim,7101,7101,0,7101,3204424.455,0.808,0.264,0.296,0.436,0,0,0,0,1129,0,229,329,43,1.231,1,2042,0,520.773,11.591,-101.125,-509.625,35.500,-0.180,-0.242,1.359,-7.137,9.133,0.391,1.322,1.438,1.204,1.348,3,NULL,NULL,,2,0,2,7,255,1125,250,0,0
pre_stim,7101,7101,0,7101,3204429.453,0.802,0.276,0.312,0.429,0,0,0,0,719,0,0,249,43,1.231,1,2042,0,502.402,10.845,-37.313,-499.375,40.500,-0.301,0.391,1.816,-5.848,9.133,-1.207,1.404,1.520,1.204,1.348,3,NULL,NULL,,2,0,2,7,255,1125,250,0,0
pre_stim,7101,7101,0,7101,3204434.455,0.796,0.288,0.327,0.420,0,0,0,0,269,0,0,169,43,1.231,1,2042,0,504.636,16.257,-59.563,-493.750,85.563,-0.535,0.832,2.098,-2.270,16.098,-1.531,1.476,1.594,1.204,1.348,3,NULL,NULL,,2,0,2,7,255,1125,250,0,0
pre_stim,7101,7101,0,7101,3204439.454,0.790,0.304,0.339,0.411,0,0,0,0,0,0,0,105,43,1.231,1,2042,0,525.291,21.594,-141.500,-487.563,134.875,-0.781,1.047,1.891,-0.445,21.590,-2.813,1.544,1.662,1.204,1.348,3,NULL,NULL,,2,0,2,7,255,1125,250,0,0
pre_stim,7131,7131,0,7131,3204444.455,0.783,0.321,0.350,0.401,0,0,0,0,0,0,0,23,43,1.231,1,2042,0,536.436,21.594,-181.438,-480.938,153.438,-1.078,0.820,1.535,-0.445,21.590,-7.340,1.618,1.738,1.204,1.348,4,NULL,NULL,,2,0,2,7,255,1125,250,0,0
pre_stim,7131,7131,0,7131,3204449.453,0.776,0.338,0.360,0.392,0,0,0,0,0,0,0,0,43,1.231,1,2042,0,527.848,19.894,-189.688,-467.875,154.063,-1.234,0.578,1.234,-1.707,19.820,-12.086,1.700,1.820,1.204,1.348,0,NULL,NULL,,2,0,2,7,255,1125,250,0,0
pre_stim,7131,7131,0,7131,3204454.455,0.769,0.355,0.369,0.383,0,0,0,0,0,0,0,0,43,1.231,1,2042,0,499.456,16.860,-195.938,-439.000,135.438,-1.125,0.746,1.125,-1.707,16.773,-15.152,1.788,1.910,1.204,1.348,0,NULL,NULL,,2,0,2,7,255,1125,250,0,0
pre_stim,7131,7131,0,7131,3204459.454,0.760,0.370,0.376,0.379,0,0,0,0,0,0,0,2,43,1.231,1,2042,0,456.702,16.057,-235.125,-386.250,64.063,-0.473,0.883,0.906,-1.566,15.980,-15.152,1.878,2.000,1.204,1.348,0,NULL,NULL,,2,0,2,7,255,1125,250,0,0
pre_stim,7131,7131,0,7131,3204464.455,0.752,0.382,0.382,0.377,0,0,0,0,0,0,0,31,43,1.231,1,2042,0,350.039,12.537,-196.438,-289.688,4.563,0.063,0.297,0.898,0.391,12.531,-12.406,1.966,2.090,1.204,1.348,0,NULL,NULL,,2,0,2,7,255,1125,250,0,0
pre_stim,7131,7131,0,7131,3204469.453,0.748,0.390,0.386,0.373,0,0,0,0,0,0,0,47,43,1.231,1,2042,0,248.844,10.086,-128.875,-206.313,52.438,-0.168,-0.148,1.188,0.391,10.078,-6.582,2.048,2.174,1.204,1.348,0,NULL,NULL,,2,0,2,7,255,1125,250,0,0
pre_stim,7160,7160,0,7160,3204474.455,0.745,0.399,0.386,0.371,0,0,0,0,0,0,0,45,43,1.231,1,2042,0,215.598,11.283,-149.938,-130.375,83.688,-0.703,0.152,1.574,-5.074,10.078,-6.582,2.120,2.248,1.204,1.348,0,NULL,NULL,,2,0,2,7,255,1125,250,0,0
pre_stim,7160,7160,0,7160,3204479.454,0.740,0.408,0.383,0.373,0,0,0,0,0,0,0,53,43,1.231,1,2042,0,242.817,14.356,-236.875,-39.250,36.188,-0.836,0.363,1.160,-5.074,13.430,-10.508,2.186,2.314,1.204,1.348,0,NULL,NULL,,2,0,2,7,255,1125,250,0,0
pre_stim,7160,7160,0,7160,3204484.455,0.736,0.416,0.377,0.378,0,0,0,0,0,0,0,39,43,1.231,1,2042,0,277.417,13.799,-273.313,47.000,7.188,-0.574,0.590,0.313,-3.172,13.430,-13.965,2.248,2.378,1.204,1.348,0,NULL,NULL,,2,0,2,7,255,1125,250,0,0
pre_stim,7160,7160,0,7160,3204489.453,0.734,0.421,0.369,0.383,0,0,0,0,0,0,0,37,43,1.231,1,2042,0,247.247,6.359,-217.688,115.938,17.375,-0.434,0.699,-0.320,1.906,6.066,-15.559,2.310,2.442,1.204,1.348,0,NULL,NULL,,2,0,2,7,255,1125,250,0,0
pre_stim,7197,7197,0,7197,3204494.455,0.735,0.422,0.362,0.387,0,0,0,0,0,0,0,31,43,1.231,1,2042,0,201.870,2.453,-111.625,165.875,27.875,-0.543,0.504,-0.281,2.422,0.387,-17.004,2.368,2.502,1.204,1.348,0,NULL,NULL,,2,0,2,7,255,1125,250,0,0
pre_stim,7197,7197,0,7197,3204499.454,0.738,0.421,0.354,0.391,0,0,0,0,0,0,0,23,43,1.231,1,2042,0,209.436,2.453,-52.563,201.563,21.750,-0.672,0.223,0.176,2.422,0.387,-17.004,2.414,2.548,1.204,1.348,0,NULL,NULL,,2,0,2,7,255,1125,250,0,0
pre_stim,7197,7197,0,7197,3204504.455,0.740,0.419,0.345,0.396,0,0,0,0,0,0,0,13,43,1.231,1,2042,0,237.027,4.256,-62.125,228.375,12.938,-0.613,0.129,0.336,-1.375,4.027,-15.531,2.452,2.586,1.204,1.348,0,NULL,NULL,,2,0,2,7,255,1125,250,0,0
pre_stim,7197,7197,0,7197,3204509.454,0.743,0.417,0.336,0.402,0,0,0,0,0,0,0,7,43,1.231,1,2042,0,259.341,4.256,-77.875,246.313,22.875,-0.473,0.168,0.102,-1.375,4.027,-14.027,2.484,2.620,1.204,1.348,0,NULL,NULL,,2,0,2,7,255,1125,250,0,0
pre_stim,7197,7197,0,7197,3204514.455,0.746,0.415,0.326,0.406,0,0,0,0,0,0,0,8,43,1.231,1,2042,0,267.006,2.912,-59.313,256.250,45.938,-0.434,0.254,-0.207,-0.863,2.781,-14.027,2.514,2.650,1.204,1.348,0,NULL,NULL,,2,0,2,7,255,1125,250,0,0
pre_stim,7197,7197,0,7197,3204519.454,0.750,0.412,0.316,0.409,0,0,0,0,0,0,0,8,43,1.231,1,2042,0,269.629,0.498,-16.625,262.625,58.750,-0.500,0.313,-0.305,0.395,0.305,-15.094,2.540,2.678,1.204,1.348,0,NULL,NULL,,2,0,2,7,255,1125,250,0,0
pre_stim,7220,7220,0,7220,3204524.455,0.755,0.407,0.307,0.412,0,0,0,0,0,0,0,3,43,1.231,1,2042,0,275.089,0.524,22.375,268.188,57.000,-0.520,0.316,-0.211,0.426,0.305,-16.004,2.560,2.700,1.204,1.348,0,NULL,NULL,,2,0,2,7,255,1125,250,0,0
pre_stim,7220,7220,0,7220,3204529.453,0.761,0.401,0.297,0.415,0,0,0,0,0,0,0,1,43,1.231,1,2042,0,282.985,1.055,45.375,273.563,56.438,-0.461,0.293,-0.070,0.426,0.965,-16.004,2.576,2.718,1.204,1.348,0,NULL,NULL,,2,0,2,7,255,1125,250,0,0
pre_stim,7220,7220,0,7220,3204534.455,0.766,0.395,0.288,0.417,0,0,0,0,0,0,0,1,43,1.231,1,2042,0,290.938,2.028,57.438,277.750,64.813,-0.434,0.285,0.027,0.309,2.004,-14.789,2.588,2.730,1.204,1.348,0,NULL,NULL,,2,0,2,7,255,1125,250,0,0
pre_stim,7220,7220,0,7220,3204539.453,0.772,0.388,0.279,0.419,0,0,0,0,0,0,0,0,43,1.231,1,2042,0,297.117,2.828,68.188,280.000,72.313,-0.480,0.297,0.102,0.254,2.816,-14.020,2.596,2.738,1.204,1.348,0,NULL,NULL,,2,0,2,7,255,1125,250,0,0
pre_stim,7220,7220,0,7220,3204544.455,0.778,0.381,0.270,0.421,0,0,0,0,0,0,0,0,43,1.231,1,2042,0,300.305,3.731,80.500,280.625,70.375,-0.527,0.281,0.191,0.020,3.730,-13.957,2.602,2.746,1.204,1.348,0,NULL,NULL,,2,0,2,7,255,1125,250,0,0
pre_stim,7220,7220,0,7220,3204549.453,0.784,0.373,0.261,0.422,0,0,0,0,0,0,0,0,43,1.231,1,2042,0,300.838,4.730,89.500,280.250,62.875,-0.520,0.254,0.309,-0.430,4.711,-13.668,2.610,2.754,1.204,1.348,0,NULL,NULL,,2,0,2,7,255,1125,250,0,0
pre_stim,7220,7220,0,7220,3204554.455,0.789,0.365,0.252,0.424,0,0,0,0,0,0,0,0,43,1.231,1,2042,0,300.201,5.689,93.250,280.000,55.000,-0.480,0.230,0.438,-0.742,5.641,-12.730,2.620,2.766,1.204,1.348,0,NULL,NULL,,2,0,2,7,255,1125,250,0,0
pre_stim,7220,7220,0,7220,3204559.454,0.794,0.357,0.244,0.426,0,0,0,0,0,0,0,0,43,1.231,1,2042,0,299.186,6.501,92.813,280.250,48.563,-0.457,0.211,0.574,-0.848,6.445,-11.469,2.632,2.780,1.204,1.348,0,NULL,NULL,,2,0,2,7,255,1125,250,0,0
pre_stim,7251,7251,0,7251,3204564.455,0.799,0.349,0.235,0.429,0,0,0,0,0,0,0,0,43,1.231,1,2042,0,297.446,7.421,87.438,281.250,41.563,-0.461,0.211,0.699,-0.953,7.359,-10.246,2.648,2.798,1.204,1.348,0,NULL,NULL,,2,0,2,7,255,1125,250,0,0
pre_stim,7251,7251,0,7251,3204569.453,0.804,0.342,0.226,0.431,0,0,0,0,0,0,0,0,43,1.231,1,2042,0,295.681,8.391,77.813,283.500,31.625,-0.465,0.211,0.781,-1.027,8.328,-9.297,2.670,2.820,1.204,1.348,0,NULL,NULL,,2,0,2,7,255,1125,250,0,0
pre_stim,7251,7251,0,7251,3204574.455,0.808,0.334,0.217,0.435,0,0,0,0,0,0,0,0,43,1.231,1,2042,0,295.621,8.985,67.000,287.250,19.750,-0.457,0.207,0.828,-1.027,8.926,-8.574,2.694,2.846,1.204,1.348,0,NULL,NULL,,2,0,2,7,255,1125,250,0,0
pre_stim,7251,7251,0,7251,3204579.454,0.811,0.326,0.208,0.438,0,0,0,0,0,0,0,5,43,1.231,1,2042,0,299.043,9.083,57.188,293.438,7.125,-0.426,0.191,0.844,-1.000,9.027,-7.961,2.726,2.878,1.204,1.348,0,NULL,NULL,,2,0,2,7,255,1125,250,0,0
pre_stim,7251,7251,0,7251,3204584.455,0.814,0.319,0.198,0.443,0,0,0,0,0,0,0,5,43,1.231,1,2042,0,306.085,9.074,50.438,301.875,-3.938,-0.398,0.176,0.832,-0.914,9.027,-7.398,2.760,2.914,1.204,1.348,0,NULL,NULL,,2,0,2,7,255,1125,250,0,0
pre_stim,7251,7251,0,7251,3204589.453,0.817,0.311,0.188,0.447,0,0,0,0,0,0,0,17,43,1.231,1,2042,0,316.150,8.703,46.750,312.375,-13.688,-0.387,0.184,0.816,-0.820,8.664,-7.023,2.798,2.954,1.204,1.348,0,NULL,NULL,,2,0,2,7,255,1125,250,0,0
pre_stim,7303,7303,0,7303,3204594.455,0.820,0.302,0.178,0.453,0,0,0,0,0,0,0,23,43,1.231,1,2042,0,327.918,8.487,45.625,323.813,-24.375,-0.383,0.199,0.793,-0.613,8.465,-6.887,2.840,2.996,1.204,1.348,0,NULL,NULL,,2,0,2,7,255,1125,250,0,0
pre_stim,7303,7303,0,7303,3204599.454,0.822,0.294,0.168,0.458,0,0,0,0,0,0,0,26,43,1.231,1,2042,0,340.918,8.281,47.875,335.688,-35.313,-0.355,0.180,0.762,-0.359,8.273,-6.867,2.882,3.040,1.204,1.348,0,NULL,NULL,,2,0,2,7,255,1125,250,0,0
pre_stim,7303,7303,0,7303,3204604.455,0.824,0.284,0.157,0.464,0,0,0,0,0,0,0,26,43,1.231,1,2042,0,354.236,7.739,54.250,347.313,-43.750,-0.309,0.145,0.727,-0.273,7.734,-6.664,2.924,3.082,1.204,1.348,0,NULL,NULL,,2,0,2,7,255,1125,250,0,0
pre_stim,7303,7303,0,7303,3204609.454,0.826,0.274,0.146,0.470,0,0,0,0,0,0,0,33,43,1.231,1,2042,0,367.451,6.999,64.438,358.250,-50.250,-0.215,0.148,0.707,-0.207,6.996,-6.328,2.966,3.126,1.204,1.348,0,NULL,NULL,,2,0,2,7,255,1125,250,0,0
pre_stim,7303,7303,0,7303,3204614.455,0.828,0.264,0.136,0.476,0,0,0,0,0,0,0,37,43,1.231,1,2042,0,380.523,6.148,75.813,368.750,-55.438,-0.047,0.121,0.652,0.379,6.137,-5.855,3.008,3.170,1.204,1.348,0,NULL,NULL,,2,0,2,7,255,1125,250,0,0
pre_stim,7303,7303,0,7303,3204619.453,0.830,0.252,0.125,0.482,0,0,0,0,0,0,0,41,43,1.231,1,2042,0,389.025,4.485,94.500,374.688,-44.938,0.012,0.063,0.590,0.879,4.398,-5.215,3.050,3.212,1.204,1.348,0,NULL,NULL,,2,0,2,7,255,1125,250,0,0
pre_stim,7303,7303,0,7303,3204624.455,0.832,0.240,0.114,0.487,0,0,0,0,0,0,0,45,43,1.231,1,2042,0,394.325,4.373,122.063,373.563,-32.313,-0.031,0.191,0.652,1.047,4.246,-5.164,3.090,3.252,1.204,1.348,0,NULL,NULL,,2,0,2,7,255,1125,250,0,0
pre_stim,7303,7303,0,7303,3204629.453,0.834,0.226,0.104,0.492,0,0,0,0,0,0,0,39,43,1.231,1,2042,0,400.900,4.618,146.375,371.625,-34.500,-0.031,0.223,0.793,1.816,4.246,-5.117,3.126,3.292,1.204,1.348,0,NULL,NULL,,2,0,2,7,255,1125,250,0,0
pre_stim,7303,7303,0,7303,3204634.455,0.837,0.212,0.095,0.496,0,0,0,0,0,0,0,41,43,1.231,1,2042,0,400.321,5.079,161.000,365.438,-28.125,0.039,0.160,0.953,2.215,4.570,-3.852,3.162,3.328,1.204,1.348,0,NULL,NULL,,2,0,2,7,255,1125,250,0,0
pre_stim,7303,7303,0,7303,3204639.453,0.839,0.198,0.086,0.500,0,0,0,0,0,0,0,45,43,1.231,1,2042,0,395.989,5.089,165.563,359.438,-14.188,0.074,0.172,1.043,2.238,4.570,-1.879,3.190,3.358,1.204,1.348,0,NULL,NULL,,2,0,2,7,255,1125,250,0,0
pre_stim,7324,7324,0,7324,3204644.455,0.841,0.184,0.076,0.502,0,0,0,0,0,0,0,43,43,1.231,1,2042,0,391.599,5.201,170.438,352.563,0.938,0.059,0.199,1.086,2.566,4.523,-0.836,3.214,3.384,1.204,1.348,0,NULL,NULL,,2,0,2,7,255,1125,250,0,0
pre_stim,7324,7324,0,7324,3204649.453,0.844,0.170,0.068,0.504,0,0,0,0,0,0,0,47,43,1.231,1,2042,0,391.034,5.234,182.313,345.750,11.250,-0.012,0.215,1.148,2.633,4.523,-0.410,3.236,3.406,1.204,1.348,0,NULL,NULL,,2,0,2,7,255,1125,250,0,0
pre_stim,7324,7324,0,7324,3204654.455,0.846,0.155,0.059,0.506,0,0,0,0,0,0,0,45,43,1.231,1,2042,0,392.399,5.710,194.375,340.750,9.188,-0.074,0.191,1.242,2.633,5.066,0.059,3.254,3.424,1.204,1.348,0,NULL,NULL,,2,0,2,7,255,1125,250,0,0
pre_stim,7324,7324,0,7324,3204659.454,0.848,0.140,0.052,0.508,0,0,0,0,0,0,0,45,43,1.231,1,2042,0,391.478,5.892,199.688,336.688,4.625,-0.078,0.160,1.402,2.230,5.453,0.996,3.272,3.444,1.204,1.348,0,NULL,NULL,,2,0,2,7,255,1125,250,0,0
pre_stim,7348,7348,0,7348,3204664.455,0.850,0.126,0.044,0.510,0,0,0,0,0,0,0,43,43,1.231,1,2042,0,387.299,5.903,197.813,332.875,8.063,-0.082,0.176,1.563,2.230,5.465,2.727,3.290,3.462,1.204,1.348,0,NULL,NULL,,2,0,2,7,255,1125,250,0,0
pre_stim,7348,7348,0,7348,3204669.453,0.851,0.111,0.035,0.511,0,0,0,0,0,0,0,41,43,1.231,1,2042,0,380.933,5.982,188.688,330.750,10.563,-0.137,0.215,1.711,2.277,5.531,4.383,3.308,3.482,1.204,1.348,0,NULL,NULL,,2,0,2,7,255,1125,250,0,0
pre_stim,7348,7348,0,7348,3204674.455,0.853,0.097,0.027,0.513,0,0,0,0,0,0,0,44,43,1.231,1,2042,0,373.704,6.509,176.313,329.438,6.313,-0.191,0.223,1.836,2.398,6.051,5.785,3.328,3.504,1.204,1.348,0,NULL,NULL,,2,0,2,7,255,1125,250,0,0
pre_stim,7348,7348,0,7348,3204679.453,0.853,0.084,0.019,0.514,0,0,0,0,0,0,0,47,43,1.231,1,2042,0,365.775,6.509,161.250,328.313,-0.625,-0.195,0.195,1.934,2.398,6.051,7.086,3.350,3.528,1.204,1.348,0,NULL,NULL,,2,0,2,7,255,1125,250,0,0
pre_stim,7370,7370,0,7370,3204684.455,0.854,0.071,0.010,0.516,0,0,0,0,0,0,0,47,43,1.231,1,2042,0,356.350,6.228,142.688,326.500,-4.813,-0.191,0.156,1.961,2.246,5.809,8.270,3.374,3.554,1.204,1.348,0,NULL,NULL,,2,0,2,7,255,1125,250,0,0
pre_stim,7370,7370,0,7370,3204689.454,0.854,0.059,0.001,0.517,0,0,0,0,0,0,0,52,43,1.231,1,2042,0,348.170,5.450,128.063,323.688,-7.000,-0.172,0.125,1.930,2.020,5.063,8.641,3.400,3.580,1.204,1.348,0,NULL,NULL,,2,0,2,7,255,1125,250,0,0
pre_stim,7401,7401,0,7401,3204694.455,0.853,0.047,-0.009,0.519,0,0,0,0,0,0,0,47,43,1.231,1,2042,0,343.728,4.579,122.375,321.000,-11.500,-0.156,0.109,1.863,1.871,4.180,8.641,3.426,3.608,1.204,1.348,0,NULL,NULL,,2,0,2,7,255,1125,250,0,0
pre_stim,7401,7401,0,7401,3204699.453,0.853,0.035,-0.017,0.521,0,0,0,0,0,0,0,45,43,1.231,1,2042,0,342.324,3.792,126.313,317.750,-16.313,-0.121,0.059,1.828,1.824,3.324,8.141,3.454,3.636,1.204,1.348,0,NULL,NULL,,2,0,2,7,255,1125,250,0,0
pre_stim,7401,7401,0,7401,3204704.455,0.852,0.023,-0.026,0.522,0,0,0,0,0,0,0,45,43,1.231,1,2042,0,343.161,2.750,134.938,314.875,-20.125,-0.078,-0.012,1.824,1.570,2.258,8.027,3.478,3.662,1.204,1.348,0,NULL,NULL,,2,0,2,7,255,1125,250,0,0
pre_stim,7401,7401,0,7401,3204709.454,0.851,0.010,-0.034,0.524,0,0,0,0,0,0,0,47,43,1.231,1,2042,0,345.478,1.570,145.250,312.625,-22.875,-0.027,-0.055,1.824,1.188,1.027,8.027,3.500,3.684,1.204,1.348,0,NULL,NULL,,2,0,2,7,255,1125,250,0,0
pre_stim,7401,7401,0,7401,3204714.455,0.850,-0.003,-0.042,0.525,0,0,0,0,0,0,0,40,43,1.231,1,2042,0,350.691,1.071,160.688,310.625,-26.000,0.039,-0.090,1.824,1.059,-0.164,8.027,3.518,3.704,1.204,1.348,0,NULL,NULL,,2,0,2,7,255,1125,250,0,0
pre_stim,7401,7401,0,7401,3204719.453,0.848,-0.016,-0.049,0.527,0,0,0,0,0,0,0,45,43,1.231,1,2042,0,359.794,1.774,183.313,308.250,-28.813,0.137,-0.152,1.879,1.023,-1.449,8.043,3.530,3.718,1.204,1.348,0,NULL,NULL,,2,0,2,7,255,1125,250,0,0
pre_stim,7401,7401,0,7401,3204724.455,0.846,-0.031,-0.055,0.529,0,0,0,0,0,0,0,46,43,1.231,1,2042,0,372.284,3.318,209.125,306.375,-31.563,0.289,-0.168,2.004,1.023,-3.156,8.445,3.540,3.728,1.204,1.348,0,NULL,NULL,,2,0,2,7,255,1125,250,0,0
pre_stim,7401,7401,0,7401,3204729.454,0.844,-0.046,-0.061,0.531,0,0,0,0,0,0,0,45,43,1.231,1,2042,0,384.933,5.421,232.125,305.250,-33.375,0.496,-0.125,2.176,1.410,-5.234,9.367,3.542,3.732,1.204,1.348,0,NULL,NULL,,2,0,2,7,255,1125,250,0,0
pre_stim,7401,7401,0,7401,3204734.455,0.842,-0.062,-0.067,0.532,0,0,0,0,0,0,0,44,43,1.231,1,2042,0,396.524,8.136,250.250,305.813,-32.938,0.711,-0.094,2.359,2.641,-7.695,10.555,3.538,3.730,1.204,1.348,0,NULL,NULL,,2,0,2,7,255,1125,250,0,0
pre_stim,7401,7401,0,7401,3204739.453,0.839,-0.079,-0.072,0.533,0,0,0,0,0,0,0,45,43,1.231,1,2042,0,405.513,11.068,263.188,307.188,-28.438,0.895,-0.094,2.539,3.738,-10.418,11.703,3.526,3.720,1.204,1.348,0,NULL,NULL,,2,0,2,7,255,1125,250,0,0
pre_stim,7430,7430,0,7430,3204744.455,0.836,-0.096,-0.077,0.534,0,0,0,0,0,0,0,45,43,1.231,1,2042,0,412.254,13.828,271.875,309.063,-22.750,1.055,-0.113,2.730,4.398,-13.109,12.715,3.506,3.700,1.204,1.348,0,NULL,NULL,,2,0,2,7,255,1125,250,0,0
pre_stim,7430,7430,0,7430,3204749.454,0.833,-0.113,-0.082,0.535,0,0,0,0,0,0,0,47,43,1.231,1,2042,0,414.489,16.450,272.875,311.438,-18.625,1.176,-0.090,2.910,4.656,-15.777,13.730,3.476,3.670,1.204,1.348,0,NULL,NULL,,2,0,2,7,255,1125,250,0,0
pre_stim,7430,7430,0,7430,3204754.455,0.830,-0.130,-0.087,0.535,0,0,0,0,0,0,0,47,43,1.231,1,2042,0,410.426,18.743,263.063,314.500,-18.375,1.301,-0.031,3.035,5.156,-18.020,14.648,3.434,3.630,1.204,1.348,0,NULL,NULL,,2,0,2,7,255,1125,250,0,0
pre_stim,7430,7430,0,7430,3204759.454,0.827,-0.146,-0.093,0.535,0,0,0,0,0,0,0,53,43,1.231,1,2042,0,401.591,20.924,247.375,315.938,-16.250,1.387,-0.035,3.086,5.930,-20.066,14.648,3.382,3.580,1.204,1.348,0,NULL,NULL,,2,0,2,7,255,1125,250,0,0
pre_stim,7430,7430,0,7430,3204764.455,0.823,-0.161,-0.099,0.535,0,0,0,0,0,0,0,53,43,1.231,1,2042,0,385.601,22.646,224.438,313.313,-12.313,1.391,-0.012,3.105,5.973,-21.844,14.488,3.316,3.516,1.204,1.348,0,NULL,NULL,,2,0,2,7,255,1125,250,0,0
pre_stim,7430,7430,0,7430,3204769.454,0.820,-0.175,-0.106,0.534,0,0,0,0,0,0,0,59,43,1.231,1,2042,0,362.766,23.442,193.313,306.625,-14.500,1.418,0.137,3.094,5.988,-22.664,13.984,3.240,3.440,1.204,1.348,0,NULL,NULL,,2,0,2,7,255,1125,250,0,0
pre_stim,7460,7460,0,7460,3204774.455,0.817,-0.188,-0.113,0.534,0,0,0,0,0,0,0,71,43,1.231,1,2042,0,339.312,24.141,164.250,295.875,-24.750,1.641,0.309,3.086,7.223,-23.035,13.281,3.152,3.354,1.204,1.348,0,NULL,NULL,,2,0,2,7,255,1125,250,0,0
pre_stim,7460,7460,0,7460,3204779.453,0.813,-0.199,-0.120,0.534,0,0,0,0,0,0,0,73,43,1.231,1,2042,0,311.010,26.656,127.313,282.188,-29.813,2.027,0.254,2.988,9.539,-24.891,11.965,3.056,3.258,1.204,1.348,0,NULL,NULL,,2,0,2,7,255,1125,250,0,0
pre_stim,7460,7460,0,7460,3204784.455,0.810,-0.208,-0.128,0.533,0,0,0,0,0,0,0,107,43,1.231,1,2042,0,279.287,30.069,83.063,266.063,-17.688,2.391,0.031,2.684,9.949,-28.375,8.797,2.950,3.154,1.204,1.348,0,NULL,NULL,,2,0,2,7,255,1125,250,0,0
pre_stim,7460,7460,0,7460,3204789.454,0.809,-0.215,-0.136,0.531,0,0,0,0,0,0,0,131,43,1.231,1,2042,0,251.720,32.669,49.625,246.688,6.750,2.668,-0.168,2.188,9.949,-31.117,3.480,2.836,3.042,1.204,1.348,0,NULL,NULL,,2,0,2,7,255,1125,250,0,0
pre_stim,7497,7497,0,7497,3204794.455,0.807,-0.222,-0.142,0.528,0,0,0,0,0,0,0,152,43,1.231,1,2042,0,232.317,33.079,42.500,226.500,29.375,2.914,-0.328,1.637,9.281,-31.750,-3.047,2.714,2.920,1.204,1.348,0,NULL,NULL,,2,0,2,7,255,1125,250,0,0
pre_stim,7497,7497,0,7497,3204799.453,0.806,-0.229,-0.148,0.525,0,0,0,0,0,0,0,157,43,1.231,1,2042,0,220.369,33.097,63.938,205.500,47.375,3.156,-0.523,1.172,8.840,-31.895,-9.762,2.584,2.792,1.204,1.348,0,NULL,NULL,,2,0,2,7,255,1125,250,0,0
pre_stim,7497,7497,0,7497,3204804.455,0.805,-0.238,-0.151,0.521,0,0,0,0,0,0,0,173,43,1.231,1,2042,0,221.296,32.923,103.188,183.438,68.375,3.367,-0.805,0.836,8.074,-31.918,-15.766,2.448,2.656,1.204,1.348,0,NULL,NULL,,2,0,2,7,255,1125,250,0,0
pre_stim,7497,7497,0,7497,3204809.454,0.805,-0.247,-0.153,0.518,0,0,0,0,0,0,0,179,43,1.231,1,2042,0,244.211,33.065,155.875,161.375,96.438,3.445,-1.023,0.594,6.469,-32.426,-20.703,2.306,2.516,1.204,1.348,0,NULL,NULL,,2,0,2,7,255,1125,250,0,0
pre_stim,7497,7497,0,7497,3204814.455,0.804,-0.259,-0.151,0.514,0,0,0,0,0,0,0,183,43,1.231,1,2042,0,288.958,32.936,225.813,140.688,112.750,3.363,-1.285,0.613,5.023,-32.551,-24.047,2.162,2.372,1.204,1.348,0,NULL,NULL,,2,0,2,7,255,1125,250,0,0
pre_stim,7497,7497,0,7497,3204819.453,0.803,-0.272,-0.148,0.510,0,0,0,0,0,0,0,183,43,1.231,1,2042,0,306.376,32.656,256.938,107.375,127.750,3.340,-1.691,1.082,2.625,-32.551,-24.047,2.012,2.222,1.204,1.348,0,NULL,NULL,,2,0,2,7,255,1125,250,0,0
pre_stim,7522,7522,0,7522,3204824.455,0.802,-0.284,-0.144,0.506,0,0,0,0,0,0,0,182,43,1.231,1,2042,0,312.556,35.182,271.438,83.563,130.500,3.145,-1.711,1.180,-0.836,-35.172,-22.352,1.856,2.070,1.204,1.348,0,NULL,NULL,,2,0,2,7,255,1125,250,0,0
pre_stim,7522,7522,0,7522,3204829.454,0.801,-0.296,-0.137,0.502,0,0,0,0,0,0,0,185,43,1.231,1,2042,0,331.109,36.179,295.375,48.625,141.500,2.984,-1.605,1.699,-1.488,-36.148,-21.246,1.698,1.912,1.204,1.348,0,NULL,NULL,,2,0,2,7,255,1125,250,0,0
pre_stim,7522,7522,0,7522,3204834.455,0.800,-0.308,-0.130,0.498,0,0,0,0,0,0,0,183,43,1.231,1,2042,0,326.070,36.614,289.563,14.125,149.250,2.617,-1.582,2.242,-1.625,-36.578,-16.617,1.534,1.748,1.204,1.348,0,NULL,NULL,,2,0,2,7,255,1125,250,0,0
pre_stim,7522,7522,0,7522,3204839.453,0.800,-0.316,-0.122,0.495,0,0,0,0,0,0,0,245,43,1.231,1,2042,0,274.441,36.620,238.188,-26.375,133.750,2.059,-1.012,3.000,-1.758,-36.578,-10.957,1.364,1.578,1.204,1.348,0,NULL,NULL,,2,0,2,7,255,1125,250,0,0
pre_stim,7522,7522,0,7522,3204844.455,0.800,-0.325,-0.110,0.493,0,0,0,115,0,0,0,369,43,1.231,1,2042,0,341.074,37.217,284.688,-105.563,155.375,0.766,-1.586,4.586,-3.262,-37.074,-0.680,1.188,1.402,1.204,1.348,0,NULL,NULL,,2,0,2,7,255,1125,250,0,0
pre_stim,7522,7522,0,7522,3204849.454,0.799,-0.342,-0.079,0.487,215,0,0,484,0,26,0,363,43,1.231,1,2042,0,818.073,38.322,656.875,-333.000,356.188,1.793,0.949,10.145,-1.758,-38.281,15.402,1.004,1.218,1.204,1.348,0,NULL,NULL,,2,0,2,7,255,1125,250,0,0
pre_stim,7522,7522,0,7522,3204854.455,0.807,-0.322,-0.084,0.488,758,0,0,971,0,181,0,381,43,1.231,1,2042,0,510.987,46.791,-487.625,-152.375,-10.563,-0.168,-0.102,7.852,-13.422,-44.824,51.430,0.816,1.030,1.204,1.348,0,NULL,NULL,,2,0,2,7,255,1125,250,0,0
pre_stim,7522,7522,0,7522,3204859.454,0.827,-0.274,-0.104,0.480,1174,0,0,1340,0,404,0,419,43,1.231,1,2042,0,1290.224,44.840,-1274.563,-154.375,127.813,0.086,3.449,0.941,-1.207,-44.824,51.430,0.628,0.838,1.204,1.348,0,NULL,NULL,,2,0,2,7,255,1125,250,0,0
pre_stim,7550,7550,0,7550,3204864.455,0.842,-0.234,-0.118,0.472,1589,0,0,1633,0,589,0,441,49,1.231,1,2043,0,1031.327,29.725,-1010.688,-165.938,120.875,-0.367,3.699,-2.375,28.605,8.082,8.609,0.446,0.650,1.204,1.348,1,1110.000,-15.000,,2,0,2,7,255,1125,250,0,0
pre_stim,7550,7550,0,7550,3204869.454,0.849,-0.215,-0.121,0.467,1913,0,0,1835,0,856,0,493,49,1.231,1,2043,0,484.630,38.846,-451.438,-143.313,102.625,-1.215,0.832,-2.973,28.605,26.281,-19.293,0.298,0.480,1.204,1.348,1,NULL,NULL,,2,0,2,7,255,1125,250,0,0
pre_stim,7550,7550,0,7550,3204874.455,0.851,-0.211,-0.114,0.466,2140,0,0,1993,0,971,0,593,49,1.231,1,2043,0,191.516,26.285,-33.313,-179.875,56.688,-1.297,-1.332,-0.852,-0.453,26.281,-19.293,0.250,0.396,1.204,1.348,1,NULL,NULL,,2,0,2,7,255,1125,250,0,0
pre_stim,7550,7550,0,7550,3204879.453,0.852,-0.212,-0.106,0.467,2331,0,0,2121,0,1123,0,721,49,1.231,1,2043,0,204.584,6.923,113.438,-164.438,44.125,-0.293,0.016,1.535,-1.395,6.781,-15.227,0.266,0.390,1.204,1.348,1,NULL,NULL,,2,0,2,7,255,1125,250,0,0
pre_stim,7550,7550,0,7550,3204884.455,0.854,-0.211,-0.100,0.465,2552,0,0,2340,0,1251,0,797,49,1.231,1,2043,0,143.212,1.447,27.000,-120.063,73.250,0.254,2.453,2.395,-1.395,-0.387,4.777,0.286,0.414,1.204,1.348,1,NULL,NULL,,2,0,2,7,255,1125,250,0,0
pre_stim,7550,7550,0,7550,3204889.454,0.857,-0.204,-0.099,0.462,2707,0,0,2569,0,1286,0,857,49,1.231,1,2043,0,197.268,15.368,-155.438,-95.250,75.375,-0.426,2.152,2.457,15.363,-0.387,16.152,0.296,0.434,1.204,1.348,2,NULL,NULL,,2,0,2,7,255,1125,250,0,0
pre_stim,7609,7609,0,7609,3204894.455,0.865,-0.187,-0.100,0.456,2809,0,0,2696,0,1303,0,937,49,1.231,1,2043,0,439.931,15.739,-382.500,-146.125,160.875,-1.734,-0.418,1.020,15.363,3.418,16.152,0.308,0.454,1.204,1.348,2,NULL,NULL,,2,0,2,7,255,1125,250,0,0
pre_stim,7609,7609,0,7609,3204899.453,0.869,-0.168,-0.102,0.454,2891,0,0,2793,0,1321,0,1013,49,1.231,1,2043,0,444.818,14.362,-416.563,-155.188,16.000,-2.035,-1.375,-0.520,-12.789,6.535,4.352,0.332,0.484,1.204,1.348,2,NULL,NULL,,2,0,2,7,255,1125,250,0,0
pre_stim,7609,7609,0,7609,3204904.455,0.869,-0.156,-0.100,0.459,2927,0,0,2864,0,1339,0,1113,49,1.231,1,2043,0,308.991,19.130,-216.438,-182.188,-124.250,-1.395,-1.168,-0.895,-17.703,7.250,-10.234,0.362,0.514,1.204,1.348,2,NULL,NULL,,2,0,2,7,255,1125,250,0,0
pre_stim,7609,7609,0,7609,3204909.454,0.867,-0.151,-0.094,0.466,2974,0,0,2927,0,1381,0,1184,49,1.231,1,2043,0,257.586,19.130,-7.063,-196.625,-166.250,-0.297,-0.727,0.375,-17.703,7.250,-10.234,0.374,0.534,1.204,1.348,2,NULL,NULL,,2,0,2,7,255,1125,250,0,0
pre_stim,7609,7609,0,7609,3204914.455,0.865,-0.147,-0.087,0.473,2997,0,0,2991,0,1427,0,1245,49,1.231,1,2043,0,242.323,7.963,9.188,-196.188,-141.938,0.477,-0.875,1.723,-7.453,-2.805,-6.516,0.364,0.538,1.204,1.348,2,NULL,NULL,,2,0,2,7,255,1125,250,0,0
pre_stim,7609,7609,1,7609,3204919.453,0.864,-0.139,-0.083,0.476,3027,0,0,3043,0,1485,125,1268,49,1.231,1,2043,0,212.103,14.273,-91.500,-176.438,-74.063,1.074,-1.125,2.004,-4.164,-13.652,3.605,0.342,0.534,1.204,1.348,2,NULL,NULL,,2,1,2,7,255,1125,250,0,0
pre_stim,7609,7609,1,7609,3204924.455,0.866,-0.130,-0.080,0.475,3054,0,0,3063,0,1589,287,1298,49,1.231,1,2043,0,227.211,20.620,-165.188,-154.500,21.625,1.305,-1.445,1.531,-4.164,-20.195,3.605,0.320,0.526,1.204,1.348,2,NULL,NULL,,2,1,2,7,255,1125,250,0,0
pre_stim,7609,7609,1,7609,3204929.453,0.870,-0.121,-0.078,0.471,3059,0,0,3087,0,1706,478,1311,49,1.231,1,2043,0,251.386,20.709,-174.563,-130.938,124.813,0.879,-1.477,1.000,-4.582,-20.195,-0.480,0.288,0.502,1.204,1.348,2,NULL,NULL,,2,1,2,7,255,1125,250,0,0
pre_stim,7609,7609,1,7609,3204934.455,0.875,-0.114,-0.075,0.464,3065,0,0,3117,0,1803,583,1337,49,1.231,1,2043,0,262.096,18.322,-134.625,-124.813,187.063,-0.016,-0.734,0.531,-5.848,-17.363,-4.090,0.240,0.454,1.204,1.348,2,NULL,NULL,,2,1,2,7,255,1125,250,0,0
pre_stim,7609,7609,1,7609,3204939.453,0.879,-0.110,-0.071,0.458,3081,0,0,3119,0,1915,627,1380,49,1.231,1,2043,0,213.862,7.859,-63.500,-127.063,159.875,-0.699,0.156,0.598,-5.848,-5.250,-4.090,0.180,0.392,1.204,1.348,2,NULL,NULL,,2,1,2,7,255,1125,250,0,0
pre_stim,7609,7609,1,7609,3204944.455,0.882,-0.107,-0.067,0.455,3083,0,0,3135,0,2040,672,1508,49,1.231,1,2043,0,151.260,5.369,-29.813,-127.375,75.938,-0.859,0.496,1.063,-2.457,4.773,-2.438,0.124,0.324,1.204,1.348,2,NULL,NULL,,2,1,2,7,255,1125,250,0,0
pre_stim,7609,7609,1,7609,3204949.454,0.882,-0.102,-0.063,0.455,3081,0,0,3142,0,2147,715,1657,49,1.231,1,2043,0,132.860,4.800,-51.125,-122.500,5.625,-0.539,0.371,1.375,-0.504,4.773,2.594,0.086,0.264,1.204,1.348,2,NULL,NULL,,2,1,2,7,255,1125,250,0,0
pre_stim,7642,7642,1,7642,3204954.455,0.882,-0.097,-0.060,0.457,3089,0,0,3149,71,2193,857,1817,49,1.231,1,2043,0,142.321,3.230,-78.813,-113.563,-33.875,-0.098,0.188,1.859,0.387,3.207,4.762,0.070,0.224,1.204,1.348,2,NULL,NULL,,2,1,2,7,255,1125,250,0,0
pre_stim,7642,7642,1,7642,3204959.454,0.881,-0.092,-0.060,0.460,3091,0,0,3155,431,2227,861,1931,49,1.231,1,2043,0,146.186,2.648,-87.625,-53.750,-103.938,0.387,0.012,1.824,1.660,-2.063,6.977,0.068,0.202,1.204,1.348,2,NULL,NULL,,2,1,2,7,255,1125,250,0,0
pre_stim,7642,7642,1,7642,3204964.455,0.880,-0.087,-0.060,0.464,3087,0,0,3158,713,2260,873,1993,49,1.231,1,2043,0,137.694,7.051,-91.750,-50.313,-89.500,0.871,0.422,0.934,2.988,-6.387,6.977,0.070,0.192,1.204,1.348,2,NULL,NULL,,2,1,2,7,255,1125,250,0,0
pre_stim,7642,7642,1,7642,3204969.454,0.879,-0.086,-0.059,0.465,3087,0,0,3158,905,2284,885,2055,49,1.231,1,2043,0,51.924,10.710,-13.063,-36.063,-35.000,0.730,0.516,1.008,8.598,-6.387,-1.125,0.080,0.186,1.204,1.348,2,NULL,NULL,,2,1,2,7,255,1125,250,0,0
pre_stim,7642,7642,1,7642,3204974.455,0.880,-0.084,-0.059,0.465,3087,0,0,3165,1049,2303,896,2101,49,1.231,1,2043,0,51.511,9.899,-44.563,-20.188,16.125,-0.023,-0.359,1.535,8.598,-4.906,-1.125,0.098,0.180,1.204,1.348,2,NULL,NULL,,2,1,2,7,255,1125,250,0,0
pre_stim,7642,7642,1,7642,3204979.453,0.880,-0.079,-0.061,0.465,3091,1,0,3161,1169,2317,901,2143,49,1.231,1,2043,0,125.526,5.220,-124.500,-13.250,-9.000,-0.461,-0.465,1.234,-2.336,-4.668,2.648,0.122,0.166,1.204,1.348,2,NULL,NULL,,2,1,2,7,255,1125,250,0,0
pre_stim,7675,7675,1,7675,3204984.455,0.879,-0.075,-0.063,0.467,3087,28,0,3163,1273,2329,895,2181,49,1.231,1,2043,0,122.438,2.593,-93.625,-4.875,-78.750,-0.309,0.000,0.609,-2.336,-1.125,2.648,0.140,0.146,1.204,1.348,2,NULL,NULL,,2,1,2,7,255,1125,250,0,0
pre_stim,7675,7675,1,7675,3204989.454,0.877,-0.074,-0.063,0.471,3087,51,0,3163,1365,2339,877,2207,49,1.231,1,2043,0,105.485,1.678,-12.563,-7.000,-104.500,0.066,0.152,0.703,-1.367,-0.973,-3.102,0.156,0.122,1.204,1.348,2,NULL,NULL,,2,1,2,7,255,1125,250,0,0
pre_stim,7699,7699,1,7699,3204994.455,0.875,-0.074,-0.063,0.474,3087,86,0,3160,1481,2344,878,2233,49,1.231,1,2043,0,68.823,1.752,2.188,-5.563,-68.563,0.191,-0.031,1.184,1.457,-0.973,-3.102,0.172,0.100,1.204,1.348,2,NULL,NULL,,2,1,2,7,255,1125,250,0,0
pre_stim,7699,7699,1,7699,3204999.453,0.875,-0.072,-0.064,0.475,3087,103,0,3163,1554,2358,851,2252,49,1.231,1,2043,0,57.040,3.669,-49.688,-0.813,-28.000,-0.004,-0.223,1.289,1.457,-3.367,1.227,0.190,0.078,1.204,1.348,2,NULL,NULL,,2,1,2,7,255,1125,250,0,0
pre_stim,7699,7699,1,7699,3205004.455,0.874,-0.068,-0.066,0.476,3087,137,16,3163,1618,2365,805,2267,49,1.231,1,2043,0,85.751,3.527,-81.000,1.125,-28.125,-0.176,-0.164,0.934,-1.051,-3.367,1.227,0.206,0.060,1.204,1.348,2,NULL,NULL,,2,1,2,7,255,1125,250,0,0
pre_stim,7699,7699,1,7699,3205009.454,0.874,-0.066,-0.067,0.478,3089,165,83,3165,1677,2375,755,2283,49,1.231,1,2043,0,72.449,1.953,-52.250,0.000,-50.188,-0.188,-0.168,0.641,-1.656,-1.035,-0.527,0.222,0.044,1.204,1.348,2,NULL,NULL,,2,1,2,7,255,1125,250,0,0
pre_stim,7699,7699,1,7699,3205014.455,0.873,-0.065,-0.068,0.479,3087,171,167,3165,1738,2382,731,2295,49,1.231,1,2043,0,49.463,2.200,-13.000,-1.875,-47.688,-0.008,-0.301,0.781,-1.941,-1.035,-2.328,0.232,0.030,1.204,1.348,2,NULL,NULL,,2,1,2,7,255,1125,250,0,0
pre_stim,7699,7699,1,7699,3205019.453,0.872,-0.065,-0.068,0.480,3090,171,249,3164,1786,2390,695,2311,49,1.231,1,2043,0,22.436,3.424,-3.063,-2.688,-22.063,0.004,-0.266,0.992,-1.941,-2.820,-2.328,0.242,0.022,1.204,1.348,2,NULL,NULL,,2,1,2,7,255,1125,250,0,0
pre_stim,7699,7699,1,7699,3205024.455,0.872,-0.065,-0.068,0.481,3091,172,333,3165,1831,2395,645,2323,49,1.231,1,2043,0,11.887,3.180,-7.563,-2.313,-8.875,-0.102,-0.008,1.031,-1.469,-2.820,-0.320,0.250,0.014,1.204,1.348,2,NULL,NULL,,2,1,2,7,255,1125,250,0,0
pre_stim,7699,7699,1,7699,3205029.454,0.872,-0.064,-0.068,0.481,3087,179,365,3163,1861,2401,615,2327,49,1.231,1,2043,0,15.634,0.935,-10.063,-2.563,-11.688,-0.156,0.082,1.008,0.156,-0.922,0.184,0.258,0.006,1.204,1.348,2,NULL,NULL,,2,1,2,7,255,1125,250,0,0
pre_stim,7699,7699,1,7699,3205034.455,0.871,-0.064,-0.068,0.481,3091,197,423,3164,1881,2403,596,2333,49,1.231,1,2043,0,18.740,0.935,-10.750,-1.750,-15.250,-0.109,-0.047,1.012,0.156,-0.922,0.184,0.264,0.000,1.204,1.348,2,NULL,NULL,,2,1,2,7,255,1125,250,0,0
pre_stim,7731,7731,1,7731,3205039.453,0.871,-0.063,-0.068,0.482,3093,197,471,3159,1893,2407,581,2333,49,1.227,1,2043,1,12.802,1.015,-9.375,-1.938,-8.500,-0.066,-0.090,0.977,-0.215,-0.992,0.133,0.000,0.000,1.191,1.355,2,NULL,NULL,,2,1,2,7,255,1125,250,0,0
pre_stim,7731,7731,1,7731,3205044.455,0.871,-0.063,-0.068,0.482,3089,187,503,3161,1911,2405,583,2344,49,1.227,1,2043,1,2.988,1.015,-2.313,-1.875,0.250,-0.098,-0.016,0.953,-0.215,-0.992,-0.301,0.004,0.002,1.191,1.355,2,NULL,NULL,,2,1,2,7,255,1125,250,0,0
pre_stim,7731,7731,1,7731,3205049.454,0.871,-0.063,-0.068,0.482,3089,201,532,3161,1925,2407,555,2345,49,1.227,1,2043,1,4.343,0.850,3.813,-1.750,1.125,-0.141,0.031,1.004,0.066,-0.848,-0.301,0.008,0.004,1.191,1.355,2,NULL,NULL,,2,1,2,7,255,1125,250,0,0
pre_stim,7731,7731,1,7731,3205054.455,0.871,-0.063,-0.067,0.482,3092,200,559,3159,1937,2407,537,2347,49,1.227,1,2043,1,4.397,0.406,3.063,-1.750,-2.625,-0.148,0.043,1.055,0.273,-0.301,0.121,0.010,0.006,1.191,1.355,2,NULL,NULL,,2,1,2,7,255,1125,250,0,0
pre_stim,7731,7731,1,7731,3205059.454,0.871,-0.063,-0.067,0.482,3079,201,579,3154,1944,2411,503,2343,49,1.227,1,2043,1,4.377,0.463,0.313,-1.750,-4.000,-0.133,0.035,1.043,0.352,-0.301,0.469,0.014,0.008,1.191,1.355,2,NULL,NULL,,2,1,2,7,255,1125,250,0,0
pre_stim,7731,7731,1,7731,3205064.455,0.871,-0.063,-0.067,0.482,3078,203,591,3158,1949,2405,489,2349,49,1.227,1,2043,1,2.841,0.561,0.000,-2.188,-1.813,-0.137,0.004,1.020,0.352,-0.438,0.469,0.018,0.010,1.191,1.355,2,NULL,NULL,,2,1,2,7,255,1125,250,0,0
pre_stim,7731,7731,1,7731,3205069.454,0.871,-0.063,-0.067,0.482,3075,201,609,3143,1962,2406,483,2347,49,1.227,1,2043,1,3.336,0.443,1.688,-2.375,-1.625,-0.164,-0.008,1.000,0.070,-0.438,0.246,0.022,0.012,1.191,1.355,2,NULL,NULL,,2,1,2,7,255,1125,250,0,0
pre_stim,7760,7760,1,7760,3205074.455,0.871,-0.063,-0.067,0.482,3064,199,628,3143,1960,2402,470,2346,49,1.227,1,2043,1,6.736,0.336,4.688,-2.625,-4.063,-0.160,0.008,0.988,-0.070,-0.328,0.109,0.024,0.014,1.191,1.355,2,NULL,NULL,,2,1,2,7,255,1125,250,0,0
pre_stim,7760,7760,1,7760,3205079.453,0.871,-0.063,-0.066,0.483,3055,199,649,3144,1967,2392,472,2348,49,1.227,1,2043,1,9.442,0.282,7.688,-3.750,-4.000,-0.145,0.031,1.000,-0.070,-0.273,0.078,0.026,0.016,1.191,1.355,2,NULL,NULL,,2,1,2,7,255,1125,250,0,0
pre_stim,7760,7760,1,7760,3205084.455,0.871,-0.063,-0.066,0.483,3051,200,653,3128,1977,2395,473,2350,49,1.227,1,2043,1,9.201,0.343,7.563,-5.188,-0.750,-0.160,0.051,1.020,0.234,-0.250,0.078,0.030,0.016,1.191,1.355,2,NULL,NULL,,2,1,2,7,255,1125,250,0,0
pre_stim,7760,7760,1,7760,3205089.454,0.871,-0.063,-0.066,0.483,3045,198,671,3124,1993,2397,473,2357,49,1.227,1,2043,1,8.603,0.336,5.563,-6.563,0.000,-0.188,0.074,1.020,0.328,-0.070,0.309,0.032,0.018,1.191,1.355,2,NULL,NULL,,2,1,2,7,255,1125,250,0,0
pre_stim,7798,7798,1,7798,3205094.455,0.871,-0.064,-0.065,0.483,3035,197,703,3109,2006,2393,501,2359,49,1.227,1,2043,1,9.410,0.456,4.563,-7.688,-2.938,-0.195,0.086,1.004,0.355,0.285,0.309,0.032,0.018,1.191,1.355,2,NULL,NULL,,2,1,2,7,255,1125,250,0,0
pre_stim,7798,7798,1,7798,3205099.453,0.871,-0.064,-0.065,0.483,3021,199,738,3108,2013,2397,516,2367,49,1.227,1,2043,1,11.523,0.456,5.250,-8.813,-5.250,-0.164,0.055,0.996,0.355,0.285,0.219,0.034,0.016,1.191,1.355,2,NULL,NULL,,2,1,2,7,255,1125,250,0,0
pre_stim,7822,7822,1,7822,3205104.455,0.871,-0.064,-0.064,0.483,3015,200,779,3095,2029,2401,537,2381,49,1.227,1,2043,1,11.800,0.274,5.500,-10.000,-3.000,-0.141,0.016,0.992,0.273,0.016,0.109,0.034,0.014,1.191,1.355,2,NULL,NULL,,2,1,2,7,255,1125,250,0,0
pre_stim,7822,7822,1,7822,3205109.454,0.871,-0.064,-0.064,0.483,3001,198,797,3081,2055,2392,563,2387,49,1.227,1,2043,1,12.954,0.235,6.000,-11.438,1.000,-0.156,0.012,0.980,0.063,-0.227,0.012,0.034,0.012,1.191,1.355,2,NULL,NULL,,2,1,2,7,255,1125,250,0,0
pre_stim,7822,7822,1,7822,3205114.455,0.871,-0.064,-0.063,0.483,2995,199,823,3066,2073,2391,571,2403,49,1.227,1,2043,1,14.916,0.231,7.813,-12.625,1.438,-0.184,0.031,0.977,-0.043,-0.227,-0.059,0.034,0.010,1.191,1.355,2,NULL,NULL,,2,1,2,7,255,1125,250,0,0
pre_stim,7822,7822,1,7822,3205119.455,0.871,-0.064,-0.062,0.483,2973,189,850,3050,2087,2388,599,2408,49,1.227,1,2043,1,16.642,0.100,9.438,-13.625,-1.500,-0.180,0.043,0.988,-0.043,0.090,-0.059,0.034,0.006,1.191,1.355,2,NULL,NULL,,2,1,2,7,255,1125,250,0,0
pre_stim,7822,7822,1,7822,3205124.455,0.871,-0.064,-0.062,0.483,2964,187,893,3039,2111,2398,637,2414,49,1.227,1,2043,1,17.609,0.119,9.938,-14.125,-3.438,-0.148,0.051,0.996,0.078,0.090,0.051,0.032,0.004,1.191,1.355,2,NULL,NULL,,2,1,2,7,255,1125,250,0,0
pre_stim,7822,7822,1,7822,3205129.454,0.871,-0.064,-0.061,0.483,2935,192,947,3021,2139,2392,683,2431,49,1.227,1,2043,1,17.602,0.305,9.250,-14.938,-1.063,-0.137,0.070,1.000,0.293,-0.086,0.074,0.032,0.002,1.191,1.355,2,NULL,NULL,,2,1,2,7,255,1125,250,0,0
pre_stim,7822,7822,1,7822,3205134.455,0.871,-0.064,-0.060,0.483,2919,202,1003,3002,2183,2397,741,2459,49,1.227,1,2043,1,18.158,0.492,8.563,-16.000,0.625,-0.172,0.102,1.008,0.484,-0.086,0.098,0.030,0.002,1.191,1.355,2,NULL,NULL,,2,1,2,7,255,1125,250,0,0
pre_stim,7822,7822,1,7822,3205139.453,0.871,-0.064,-0.059,0.484,2891,201,1061,2991,2217,2398,797,2475,49,1.227,1,2043,1,19.000,0.664,8.313,-16.375,-4.875,-0.199,0.160,1.027,0.551,0.371,0.219,0.030,0.006,1.191,1.355,2,NULL,NULL,,2,1,2,7,255,1125,250,0,0
pre_stim,7822,7822,1,7822,3205144.455,0.871,-0.064,-0.058,0.484,2863,189,1143,2976,2248,2405,862,2485,49,1.227,1,2043,1,22.150,1.198,7.500,-16.438,-12.813,-0.172,0.191,1.035,0.895,0.797,0.477,0.030,0.006,1.191,1.355,2,NULL,NULL,,2,1,2,7,255,1125,250,0,0
pre_stim,7822,7822,1,7822,3205149.454,0.870,-0.064,-0.057,0.485,2839,187,1193,2957,2281,2401,932,2503,49,1.227,1,2043,1,22.667,1.506,5.125,-16.813,-14.313,-0.125,0.168,1.035,1.277,0.797,0.477,0.030,0.008,1.191,1.355,2,NULL,NULL,,2,1,2,7,255,1125,250,0,0
pre_stim,7822,7822,1,7822,3205154.455,0.870,-0.064,-0.057,0.485,2815,191,1287,2938,2315,2403,1017,2520,49,1.227,1,2043,1,20.324,1.308,1.563,-16.813,-11.313,-0.125,0.121,1.027,1.277,0.281,0.449,0.030,0.008,1.191,1.355,2,NULL,NULL,,2,1,2,7,255,1125,250,0,0
pre_stim,7822,7822,1,7822,3205159.454,0.870,-0.063,-0.056,0.486,2797,221,1389,2921,2360,2411,1123,2535,49,1.227,1,2043,1,20.479,0.964,-0.813,-16.438,-12.188,-0.164,0.090,1.012,0.930,0.254,0.336,0.030,0.010,1.191,1.355,2,NULL,NULL,,2,1,2,7,255,1125,250,0,0
pre_stim,7850,7850,1,7850,3205164.455,0.870,-0.063,-0.055,0.486,2760,233,1491,2897,2395,2407,1226,2548,49,1.227,1,2043,1,25.177,0.523,-0.563,-16.438,-19.063,-0.184,0.082,1.000,0.457,0.254,0.258,0.032,0.012,1.191,1.355,2,NULL,NULL,,2,1,2,7,255,1125,250,0,0
pre_stim,7850,7850,0,7850,3205169.454,0.869,-0.063,-0.055,0.488,2733,249,1611,2875,2429,2412,1291,2569,49,1.227,1,2043,1,31.761,0.359,0.313,-16.313,-27.250,-0.160,0.055,1.000,0.254,0.254,0.176,0.034,0.012,1.191,1.355,2,NULL,NULL,,2,0,2,7,255,1125,250,0,0
pre_stim,7850,7850,0,7850,3205174.455,0.869,-0.062,-0.054,0.489,2687,278,1722,2867,2471,2413,1367,2579,49,1.227,1,2043,1,33.473,0.182,-0.625,-16.375,-29.188,-0.129,0.008,1.008,0.148,0.105,0.145,0.036,0.014,1.191,1.355,2,NULL,NULL,,2,0,2,7,255,1125,250,0,0
pre_stim,7850,7850,0,7850,3205179.453,0.868,-0.061,-0.054,0.490,2652,301,1823,2831,2515,2427,1466,2591,49,1.227,1,2043,1,31.296,0.416,-5.125,-16.938,-25.813,-0.121,0.008,1.016,-0.043,-0.414,0.145,0.040,0.018,1.191,1.355,2,NULL,NULL,,2,0,2,7,255,1125,250,0,0
pre_stim,7850,7850,0,7850,3205184.455,0.868,-0.061,-0.053,0.491,2610,331,1927,2812,2533,2425,1539,2615,49,1.227,1,2043,1,33.674,0.416,-10.063,-16.313,-27.688,-0.141,0.027,1.016,-0.043,-0.414,0.191,0.042,0.020,1.191,1.355,2,NULL,NULL,,2,0,2,7,255,1125,250,0,0
pre_stim,7850,7850,0,7850,3205189.454,0.867,-0.060,-0.053,0.492,2555,357,2015,2791,2557,2429,1625,2620,49,1.227,1,2043,1,39.131,0.177,-15.250,-16.813,-31.875,-0.160,0.012,1.023,-0.043,-0.172,0.258,0.042,0.022,1.191,1.355,2,NULL,NULL,,2,0,2,7,255,1125,250,0,0
pre_stim,7907,7907,0,7907,3205194.455,0.866,-0.058,-0.053,0.493,2514,369,2103,2763,2599,2426,1722,2637,49,1.227,1,2043,1,45.819,0.225,-22.438,-17.188,-36.063,-0.160,0.000,1.039,-0.172,-0.145,0.340,0.042,0.024,1.191,1.355,2,NULL,NULL,,2,0,2,7,255,1125,250,0,0
pre_stim,7907,7907,0,7907,3205199.453,0.866,-0.056,-0.053,0.495,2440,375,2195,2741,2615,2430,1812,2652,49,1.227,1,2043,1,54.624,0.289,-32.750,-17.500,-40.063,-0.164,-0.023,1.063,-0.250,-0.145,0.496,0.044,0.024,1.191,1.355,2,NULL,NULL,,2,0,2,7,255,1125,250,0,0
pre_stim,7907,7907,0,7907,3205204.455,0.865,-0.054,-0.053,0.496,2375,377,2273,2707,2644,2437,1891,2677,49,1.227,1,2043,1,65.851,0.429,-45.313,-17.563,-44.438,-0.148,-0.027,1.055,-0.359,-0.234,0.609,0.046,0.026,1.191,1.355,2,NULL,NULL,,2,0,2,7,255,1125,250,0,0
pre_stim,7907,7907,0,7907,3205209.454,0.864,-0.052,-0.054,0.498,2299,389,2336,2676,2671,2441,1977,2681,49,1.227,1,2043,1,68.840,0.471,-48.875,-17.875,-45.063,-0.113,-0.008,0.961,-0.359,-0.305,0.609,0.048,0.026,1.191,1.355,2,NULL,NULL,,2,0,2,7,255,1125,250,0,0
pre_stim,7907,7907,0,7907,3205214.455,0.863,-0.050,-0.054,0.499,2220,391,2423,2632,2701,2441,2042,2707,49,1.227,1,2043,1,60.454,0.369,-40.625,-18.813,-40.625,-0.098,0.000,0.922,-0.039,-0.367,-0.352,0.048,0.026,1.191,1.355,2,NULL,NULL,,2,0,2,7,255,1125,250,0,0
pre_stim,7907,7907,0,7907,3205219.453,0.863,-0.048,-0.054,0.501,2139,394,2483,2599,2727,2430,2111,2711,49,1.227,1,2043,1,55.683,0.389,-33.875,-19.313,-39.750,-0.113,-0.031,0.980,-0.039,-0.387,-0.352,0.046,0.026,1.191,1.355,2,NULL,NULL,,2,0,2,7,255,1125,250,0,0
pre_stim,7907,7907,0,7907,3205224.455,0.862,-0.046,-0.054,0.502,2040,406,2542,2553,2740,2443,2169,2733,49,1.227,1,2043,1,57.935,0.468,-34.625,-19.438,-42.188,-0.121,-0.070,1.023,-0.195,-0.426,-0.133,0.046,0.026,1.191,1.355,2,NULL,NULL,,2,0,2,7,255,1125,250,0,0
pre_stim,7907,7907,0,7907,3205229.454,0.861,-0.044,-0.054,0.504,1964,409,2603,2488,2763,2440,2231,2745,49,1.227,1,2043,1,61.198,0.673,-40.125,-20.063,-41.625,-0.117,-0.063,1.031,-0.387,-0.551,0.297,0.046,0.028,1.191,1.355,2,NULL,NULL,,2,0,2,7,255,1125,250,0,0
pre_stim,7907,7907,0,7907,3205234.455,0.860,-0.041,-0.054,0.505,1865,405,2662,2447,2785,2431,2291,2764,49,1.227,1,2043,1,65.242,0.673,-43.938,-20.563,-43.625,-0.121,-0.031,1.020,-0.387,-0.551,0.297,0.046,0.028,1.191,1.355,2,NULL,NULL,,2,0,2,7,255,1125,250,0,0
pre_stim,7907,7907,0,7907,3205239.453,0.859,-0.039,-0.055,0.507,1732,395,2693,2362,2805,2439,2333,2771,49,1.227,1,2043,1,63.793,0.414,-42.375,-21.625,-42.500,-0.094,-0.016,0.980,-0.137,-0.391,0.254,0.044,0.030,1.191,1.355,2,NULL,NULL,,2,0,2,7,255,1125,250,0,0
pre_stim,7926,7926,0,7926,3205244.455,0.859,-0.037,-0.055,0.508,1544,391,2729,2292,2824,2427,2382,2792,49,1.227,1,2043,1,56.393,0.414,-36.188,-22.500,-36.938,-0.074,-0.016,0.965,0.137,-0.391,-0.168,0.044,0.030,1.191,1.355,2,NULL,NULL,,2,0,2,7,255,1125,250,0,0
pre_stim,7926,7926,0,7926,3205249.454,0.858,-0.035,-0.054,0.509,1415,356,2773,2216,2843,2423,2425,2808,49,1.227,1,2043,1,49.599,0.414,-30.000,-22.625,-32.375,-0.098,-0.031,0.984,0.137,-0.391,-0.168,0.044,0.030,1.191,1.355,2,NULL,NULL,,2,0,2,7,255,1125,250,0,0
pre_stim,7926,7926,0,7926,3205254.455,0.857,-0.034,-0.054,0.511,1259,335,2795,2128,2855,2415,2471,2820,49,1.227,1,2043,1,49.080,0.364,-28.188,-23.188,-32.813,-0.121,-0.055,1.027,0.020,-0.363,-0.125,0.042,0.032,1.191,1.355,2,NULL,NULL,,2,0,2,7,255,1125,250,0,0
pre_stim,7926,7926,0,7926,3205259.454,0.857,-0.032,-0.054,0.512,1085,323,2823,2025,2867,2413,2501,2812,49,1.227,1,2043,1,50.030,0.369,-29.250,-25.750,-31.375,-0.102,-0.047,1.039,-0.063,-0.363,0.328,0.042,0.032,1.191,1.355,2,NULL,NULL,,2,0,2,7,255,1125,250,0,0
pre_stim,7947,7947,0,7947,3205264.455,0.856,-0.030,-0.053,0.513,921,283,2847,1897,2891,2409,2531,2823,49,1.227,1,2043,1,47.179,0.296,-28.438,-27.750,-25.438,-0.098,-0.023,1.020,-0.063,-0.289,0.328,0.042,0.034,1.191,1.355,2,NULL,NULL,,2,0,2,7,255,1125,250,0,0
pre_stim,7947,7947,0,7947,3205269.454,0.856,-0.029,-0.053,0.514,747,250,2868,1740,2899,2403,2568,2835,49,1.227,1,2043,1,45.843,0.269,-25.500,-27.063,-26.813,-0.129,-0.039,1.008,-0.063,-0.262,0.223,0.042,0.036,1.191,1.355,2,NULL,NULL,,2,0,2,7,255,1125,250,0,0
pre_stim,7947,7947,0,7947,3205274.455,0.855,-0.027,-0.052,0.515,532,185,2891,1515,2915,2395,2601,2841,49,1.227,1,2043,1,49.211,0.267,-25.563,-28.750,-30.688,-0.090,-0.039,1.016,0.051,-0.262,0.172,0.042,0.036,1.191,1.355,2,NULL,NULL,,2,0,2,7,255,1125,250,0,0
pre_stim,7947,7947,0,7947,3205279.453,0.855,-0.025,-0.051,0.515,343,157,2920,1317,2934,2389,2645,2867,49,1.227,1,2043,1,43.763,0.317,-19.000,-33.750,-20.375,-0.043,-0.016,1.016,0.051,-0.313,0.160,0.042,0.038,1.191,1.355,2,NULL,NULL,,2,0,2,7,255,1125,250,0,0
pre_stim,7973,7973,0,7973,3205284.455,0.855,-0.024,-0.051,0.516,221,123,2935,1067,2943,2377,2659,2875,49,1.227,1,2043,1,39.572,0.517,-16.938,-32.438,-15.063,-0.066,-0.020,1.027,0.352,-0.379,0.172,0.042,0.040,1.191,1.355,2,NULL,NULL,,2,0,2,7,255,1125,250,0,0
pre_stim,7973,7973,0,7973,3205289.454,0.855,-0.023,-0.049,0.516,124,79,2954,887,2959,2352,2695,2871,49,1.227,1,2043,1,40.231,0.517,-14.938,-35.500,-11.625,-0.086,-0.012,1.066,0.352,-0.379,0.281,0.044,0.040,1.191,1.355,2,NULL,NULL,,2,0,2,7,255,1125,250,0,0
pre_stim,8000,8000,0,8000,3205294.455,0.855,-0.021,-0.048,0.517,58,44,2961,671,2977,2343,2711,2887,49,1.227,1,2043,1,43.656,0.445,-16.000,-38.938,-11.563,-0.051,0.020,1.043,0.352,-0.273,0.402,0.044,0.042,1.191,1.355,2,NULL,NULL,,2,0,2,7,255,1125,250,0,0
pre_stim,8000,8000,0,8000,3205299.453,0.855,-0.020,-0.047,0.517,39,21,2964,489,2985,2309,2735,2891,49,1.227,1,2043,1,42.814,0.643,-10.938,-40.938,-6.125,-0.051,0.004,1.020,0.582,-0.273,0.402,0.046,0.042,1.191,1.355,2,NULL,NULL,,2,0,2,7,255,1125,250,0,0
pre_stim,8000,8000,0,8000,3205304.455,0.855,-0.019,-0.045,0.517,25,3,2981,437,2991,2280,2760,2907,49,1.227,1,2043,1,47.362,0.643,4.688,-46.625,6.875,-0.168,-0.059,1.113,0.582,-0.273,0.402,0.048,0.042,1.191,1.355,2,NULL,NULL,,2,0,2,7,255,1125,250,0,0
pre_stim,8000,8000,0,8000,3205309.454,0.855,-0.018,-0.043,0.516,16,0,2998,397,3014,2261,2780,2914,49,1.227,1,2043,1,56.943,0.578,15.000,-53.688,11.625,-0.246,-0.074,1.262,-0.426,0.391,1.211,0.050,0.044,1.191,1.355,2,NULL,NULL,,2,0,2,7,255,1125,250,0,0
pre_stim,8000,8000,0,8000,3205314.455,0.856,-0.018,-0.040,0.516,6,0,3003,363,3019,2231,2799,2908,49,1.227,1,2043,1,69.957,1.264,29.250,-61.250,16.938,-0.398,-0.102,1.527,-0.840,0.945,2.766,0.052,0.044,1.191,1.355,2,NULL,NULL,,2,0,2,7,255,1125,250,0,0
pre_stim,8000,8000,0,8000,3205319.453,0.856,-0.017,-0.037,0.515,0,0,3001,311,3035,2203,2823,2919,49,1.227,1,2043,1,77.616,1.552,13.250,-73.188,22.188,-0.281,-0.047,1.594,-0.840,1.305,5.461,0.052,0.044,1.191,1.355,2,NULL,NULL,,2,0,2,7,255,1125,250,0,0
pre_stim,8000,8000,0,8000,3205324.455,0.857,-0.014,-0.036,0.514,0,0,3001,265,3031,2185,2833,2919,49,1.227,1,2043,0,87.401,1.440,-48.938,-71.000,14.250,-0.012,-0.066,1.277,-0.609,1.305,5.461,0.052,0.046,1.191,1.355,2,NULL,NULL,,2,0,2,7,255,1125,250,0,0
pre_stim,8000,8000,0,8000,3205329.453,0.858,-0.010,-0.034,0.513,0,0,2959,210,3037,2137,2855,2919,49,1.227,1,2043,0,97.090,0.833,-52.188,-74.563,33.813,-0.035,-0.113,0.938,-0.547,-0.629,2.680,0.048,0.050,1.191,1.355,2,NULL,NULL,,2,0,2,7,255,1125,250,0,0
pre_stim,8000,8000,0,8000,3205334.455,0.859,-0.008,-0.031,0.510,0,0,3005,183,3047,2093,2869,2936,49,1.227,1,2043,0,104.697,0.661,-3.125,-83.938,62.500,-0.141,0.027,1.012,0.203,-0.629,0.145,0.044,0.058,1.191,1.355,2,NULL,NULL,,2,0,2,7,255,1125,250,0,0
pre_stim,8000,8000,0,8000,3205339.454,0.861,-0.007,-0.027,0.508,0,0,3012,135,3061,2014,2888,2932,49,1.227,1,2043,0,106.702,0.997,14.500,-88.625,57.625,-0.238,0.090,1.141,0.203,0.977,0.145,0.040,0.064,1.191,1.355,2,NULL,NULL,,2,0,2,7,255,1125,250,0,0
pre_stim,8029,8029,0,8029,3205344.455,0.862,-0.006,-0.024,0.506,0,0,3007,83,3055,1973,2900,2925,49,1.227,1,2043,0,102.583,1.971,13.563,-93.188,40.688,-0.266,0.004,1.262,0.203,1.961,1.430,0.034,0.070,1.191,1.355,3,NULL,NULL,,2,0,2,7,255,1125,250,0,0
pre_stim,8029,8029,0,8029,3205349.453,0.863,-0.004,-0.020,0.505,0,0,3015,30,3067,1842,2917,2937,49,1.227,1,2043,0,107.712,1.988,6.000,-98.438,43.313,-0.156,-0.031,1.363,-0.328,1.961,2.637,0.030,0.074,1.191,1.355,3,NULL,NULL,,2,0,2,7,255,1125,250,0,0
pre_stim,8029,8029,0,8029,3205354.455,0.864,-0.002,-0.017,0.503,0,0,3007,0,3067,1727,2919,2925,49,1.227,1,2043,0,112.361,1.386,-12.813,-101.625,46.188,-0.203,-0.070,1.285,-0.547,1.273,2.863,0.026,0.080,1.191,1.355,3,NULL,NULL,,2,0,2,7,255,1125,250,0,0
pre_stim,8029,8029,0,8029,3205359.454,0.866,0.001,-0.013,0.501,0,0,3004,0,3079,1625,2935,2923,49,1.227,1,2043,0,120.266,1.321,-12.500,-107.750,51.938,-0.188,0.004,1.258,-0.352,1.273,2.863,0.024,0.086,1.191,1.355,3,NULL,NULL,,2,0,2,7,255,1125,250,0,0
pre_stim,8029,8029,0,8029,3205364.455,0.867,0.004,-0.009,0.499,0,0,3000,0,3083,1513,2949,2917,49,1.227,1,2043,0,121.147,1.628,-20.563,-111.688,42.188,-0.199,0.020,1.172,-0.352,1.590,2.555,0.020,0.092,1.191,1.355,3,NULL,NULL,,2,0,2,7,255,1125,250,0,0
pre_stim,8029,8029,0,8029,3205369.453,0.868,0.007,-0.005,0.497,0,0,3012,0,3095,1349,2963,2917,49,1.227,1,2043,0,126.101,1.862,-2.438,-117.313,46.188,-0.199,-0.004,1.180,-0.352,1.828,1.734,0.018,0.102,1.191,1.355,3,NULL,NULL,,2,0,2,7,255,1125,250,0,0
pre_stim,8059,8059,0,8059,3205374.455,0.869,0.009,-0.001,0.496,0,0,2985,0,3092,1215,2968,2905,49,1.227,1,2043,0,128.017,1.928,-1.000,-122.938,35.688,-0.176,-0.039,1.195,-0.613,1.828,1.734,0.018,0.112,1.191,1.355,3,NULL,NULL,,2,0,2,7,255,1125,250,0,0
pre_stim,8059,8059,0,8059,3205379.454,0.870,0.012,0.004,0.494,0,0,2985,0,3112,1013,2983,2900,49,1.227,1,2043,0,134.629,1.799,-1.938,-127.875,42.063,-0.180,-0.148,1.250,-0.871,1.574,1.898,0.022,0.122,1.191,1.355,3,NULL,NULL,,2,0,2,7,255,1125,250,0,0
pre_stim,8059,8059,0,8059,3205384.455,0.870,0.015,0.008,0.492,0,0,2970,0,3112,877,2992,2893,49,1.227,1,2043,0,140.463,2.164,-3.750,-134.063,41.750,-0.180,-0.098,1.254,-1.484,1.574,2.438,0.026,0.132,1.191,1.355,3,NULL,NULL,,2,0,2,7,255,1125,250,0,0
pre_stim,8059,8059,0,8059,3205389.453,0.871,0.018,0.013,0.490,0,0,2968,0,3111,687,3005,2877,49,1.227,1,2043,0,143.501,2.345,-12.813,-137.938,37.438,-0.195,-0.109,1.203,-1.734,1.578,2.438,0.034,0.144,1.191,1.355,3,NULL,NULL,,2,0,2,7,255,1125,250,0,0
pre_stim,8097,8097,0,8097,3205394.455,0.872,0.022,0.018,0.489,0,0,2956,0,3115,548,3013,2867,49,1.227,1,2043,0,148.099,2.395,-9.500,-144.063,33.000,-0.184,-0.098,1.176,-1.664,1.723,1.938,0.042,0.156,1.191,1.355,3,NULL,NULL,,2,0,2,7,255,1125,250,0,0
pre_stim,8097,8097,0,8097,3205399.454,0.873,0.025,0.023,0.487,0,0,2929,0,3111,451,3015,2845,49,1.227,1,2043,0,155.317,2.483,-5.250,-152.375,29.625,-0.207,-0.125,1.133,-1.734,1.777,1.656,0.052,0.168,1.191,1.355,3,NULL,NULL,,2,0,2,7,255,1125,250,0,0
pre_stim,8124,8124,0,8124,3205404.455,0.873,0.028,0.029,0.486,0,0,2907,0,3116,275,3021,2828,49,1.227,1,2043,0,161.147,2.670,6.250,-159.438,22.563,-0.156,-0.137,1.121,-1.992,1.777,1.199,0.062,0.180,1.191,1.355,3,NULL,NULL,,2,0,2,7,255,1125,250,0,0
pre_stim,8124,8124,0,8124,3205409.454,0.873,0.031,0.036,0.485,0,0,2879,0,3113,147,3027,2797,49,1.227,1,2043,0,168.247,2.819,20.125,-166.313,15.563,-0.188,-0.129,1.109,-2.066,1.918,1.098,0.074,0.194,1.191,1.355,3,NULL,NULL,,2,0,2,7,255,1125,250,0,0
pre_stim,8124,8124,0,8124,3205414.455,0.873,0.033,0.043,0.484,0,0,2853,0,3125,115,3027,2776,49,1.227,1,2043,0,178.358,2.798,35.688,-174.000,16.188,-0.164,-0.070,1.277,-1.992,1.965,1.098,0.084,0.208,1.191,1.355,3,NULL,NULL,,2,0,2,7,255,1125,250,0,0
pre_stim,8124,8124,0,8124,3205419.454,0.874,0.035,0.050,0.483,0,0,2825,0,3131,53,3033,2744,49,1.227,1,2043,0,185.113,2.922,32.875,-181.750,12.375,-0.129,0.066,1.438,-1.707,2.371,2.500,0.098,0.222,1.191,1.355,3,NULL,NULL,,2,0,2,7,255,1125,250,0,0
pre_stim,8124,8124,0,8124,3205424.455,0.874,0.039,0.057,0.482,0,0,2773,0,3119,19,3047,2708,49,1.227,1,2043,0,191.790,3.183,10.813,-191.000,13.625,-0.102,0.098,1.508,-0.582,3.129,3.980,0.112,0.238,1.191,1.355,3,NULL,NULL,,2,0,2,7,255,1125,250,0,0
pre_stim,8124,8124,0,8124,3205429.453,0.874,0.043,0.065,0.480,0,0,2727,0,3125,0,3043,2664,49,1.227,1,2043,0,200.969,3.386,6.625,-199.250,25.375,-0.180,0.129,1.582,-0.582,3.336,4.648,0.126,0.254,1.191,1.355,3,NULL,NULL,,2,0,2,7,255,1125,250,0,0
pre_stim,8124,8124,0,8124,3205434.455,0.874,0.047,0.073,0.479,0,0,2661,0,3117,0,3043,2617,49,1.227,1,2043,0,211.191,4.500,3.750,-210.313,18.875,-0.277,0.160,1.680,-0.676,4.449,5.176,0.142,0.274,1.191,1.355,3,NULL,NULL,,2,0,2,7,255,1125,250,0,0
pre_stim,8124,8124,0,8124,3205439.454,0.873,0.052,0.081,0.478,0,0,2591,0,3119,0,3044,2572,49,1.227,1,2043,0,224.339,5.906,-7.125,-224.000,10.063,-0.277,0.164,1.828,-1.129,5.797,5.871,0.162,0.294,1.191,1.355,3,NULL,NULL,,2,0,2,7,255,1125,250,0,0
pre_stim,8124,8124,0,8124,3205444.455,0.873,0.058,0.090,0.476,0,0,2493,0,3114,0,3042,2493,49,1.227,1,2043,0,238.399,6.452,-16.563,-237.250,16.500,-0.328,0.250,1.969,-1.195,6.340,7.172,0.186,0.320,1.191,1.355,3,NULL,NULL,,2,0,2,7,255,1125,250,0,0
pre_stim,8124,8124,0,8124,3205449.453,0.872,0.064,0.099,0.474,0,0,2375,0,3109,0,3041,2413,49,1.227,1,2043,0,259.732,7.888,-26.688,-257.188,24.563,-0.398,0.430,2.035,-1.195,7.797,8.223,0.214,0.348,1.191,1.355,3,NULL,NULL,,2,0,2,7,255,1125,250,0,0
pre_stim,8124,8124,0,8124,3205454.455,0.872,0.071,0.109,0.473,0,0,2255,0,3099,0,3028,2351,49,1.227,1,2043,0,280.397,9.814,-37.000,-276.813,25.063,-0.461,0.563,2.098,-0.340,9.809,8.449,0.246,0.382,1.191,1.355,3,NULL,NULL,,2,0,2,7,255,1125,250,0,0
pre_stim,8124,8124,0,8124,3205459.454,0.871,0.080,0.119,0.471,0,0,2073,0,3077,0,3005,2259,49,1.227,1,2043,0,304.644,11.549,-55.125,-299.188,16.000,-0.391,0.648,2.207,0.211,11.547,8.598,0.284,0.420,1.191,1.355,3,NULL,NULL,,2,0,2,7,255,1125,250,0,0
pre_stim,8149,8149,0,8149,3205464.455,0.869,0.090,0.129,0.469,0,0,1897,0,3067,0,3000,2151,49,1.227,1,2043,0,327.612,12.160,-84.563,-316.313,11.188,-0.305,0.668,2.199,0.973,12.121,9.320,0.328,0.462,1.191,1.355,3,NULL,NULL,,2,0,2,7,255,1125,250,0,0
pre_stim,8149,8149,0,8149,3205469.453,0.867,0.101,0.140,0.467,0,0,1703,0,3045,0,2961,2042,49,1.227,1,2043,0,353.408,12.270,-107.000,-336.313,18.500,-0.293,0.664,2.168,1.313,12.199,9.320,0.378,0.510,1.191,1.355,3,NULL,NULL,,2,0,2,7,255,1125,250,0,0
pre_stim,8149,8149,0,8149,3205474.455,0.865,0.112,0.150,0.465,0,0,1547,0,3006,0,2939,1907,49,1.227,1,2043,0,370.428,12.565,-111.375,-352.438,24.500,-0.430,0.707,2.266,1.313,12.496,8.699,0.434,0.566,1.191,1.355,3,NULL,NULL,,2,0,2,7,255,1125,250,0,0
pre_stim,8149,8149,0,8149,3205479.454,0.863,0.124,0.162,0.463,0,0,1481,0,2982,0,2893,1755,49,1.227,1,2043,0,381.897,14.675,-108.938,-365.813,12.625,-0.566,0.805,2.480,0.668,14.660,8.699,0.496,0.628,1.191,1.355,3,NULL,NULL,,2,0,2,7,255,1125,250,0,0
pre_stim,8149,8149,0,8149,3205484.455,0.859,0.136,0.174,0.462,0,0,1402,0,2929,0,2835,1639,49,1.227,1,2043,0,398.509,17.571,-121.125,-379.500,-10.875,-0.582,0.895,2.789,0.391,17.566,9.539,0.564,0.696,1.191,1.355,3,NULL,NULL,,2,0,2,7,255,1125,250,0,0
pre_stim,8149,8149,0,8149,3205489.453,0.855,0.150,0.185,0.461,0,0,1279,0,2851,0,2761,1467,49,1.227,1,2043,0,429.328,20.030,-166.063,-394.938,-27.750,-0.570,0.832,2.855,0.348,20.027,11.457,0.638,0.770,1.191,1.355,3,NULL,NULL,,2,0,2,7,255,1125,250,0,0
pre_stim,8180,8180,0,8180,3205494.455,0.849,0.165,0.197,0.461,0,0,1121,0,2785,0,2623,1312,49,1.227,1,2043,0,450.918,20.654,-188.000,-407.563,-43.313,-0.672,0.672,2.879,-0.223,20.652,11.457,0.722,0.852,1.191,1.355,3,NULL,NULL,,2,0,2,7,255,1125,250,0,0
pre_stim,8180,8180,0,8180,3205499.454,0.843,0.180,0.209,0.461,0,0,989,0,2663,0,2453,1166,49,1.227,1,2043,0,467.346,21.579,-189.938,-422.438,-62.313,-0.773,0.473,2.957,-2.137,21.473,10.578,0.812,0.944,1.191,1.355,3,NULL,NULL,,2,0,2,7,255,1125,250,0,0
pre_stim,8180,8180,0,8180,3205504.455,0.836,0.195,0.222,0.462,0,0,795,0,2515,0,2203,1001,49,1.227,1,2043,0,480.664,22.416,-186.563,-434.000,-88.750,-0.660,0.223,3.090,-4.438,21.973,10.578,0.912,1.044,1.191,1.355,3,NULL,NULL,,2,0,2,7,255,1125,250,0,0
pre_stim,8180,8180,0,8180,3205509.454,0.828,0.211,0.235,0.464,0,0,568,0,2349,0,1942,873,49,1.227,1,2043,0,495.949,22.838,-200.000,-441.875,-103.500,-0.453,0.070,3.035,-6.227,21.973,11.172,1.016,1.150,1.191,1.355,3,NULL,NULL,,2,0,2,7,255,1125,250,0,0
pre_stim,8180,8180,0,8180,3205514.455,0.820,0.227,0.247,0.464,0,0,397,0,2115,0,1607,741,49,1.227,1,2043,0,516.464,21.512,-227.313,-457.563,-75.500,-0.336,-0.125,2.645,-6.473,20.516,11.172,1.124,1.258,1.191,1.355,3,NULL,NULL,,2,0,2,7,255,1125,250,0,0
pre_stim,8180,8180,0,8180,3205519.454,0.812,0.245,0.260,0.462,0,0,181,0,1807,0,1145,599,49,1.227,1,2043,0,528.384,18.828,-233.063,-473.125,-32.000,-0.141,-0.367,1.941,-6.977,17.488,8.328,1.228,1.366,1.191,1.355,3,NULL,NULL,,2,0,2,7,255,1125,250,0,0
pre_stim,8210,8210,0,8210,3205524.455,0.805,0.261,0.274,0.458,0,0,51,0,1449,0,557,467,49,1.227,1,2043,0,527.552,13.606,-170.000,-499.375,5.938,-0.137,-0.598,1.398,-7.063,11.629,4.020,1.324,1.464,1.191,1.355,3,NULL,NULL,,2,0,2,7,255,1125,250,0,0
pre_stim,8210,8210,0,8210,3205529.453,0.798,0.275,0.289,0.451,0,0,3,0,1085,0,190,374,49,1.227,1,2043,0,514.494,12.150,-74.938,-508.250,27.750,-0.203,-0.180,1.371,-7.063,9.887,0.117,1.410,1.552,1.191,1.355,3,NULL,NULL,,2,0,2,7,255,1125,250,0,0
pre_stim,8210,8210,0,8210,3205534.455,0.793,0.285,0.306,0.444,0,0,0,0,681,0,0,265,49,1.227,1,2043,0,499.824,11.077,-8.938,-498.938,28.375,-0.313,0.406,1.867,-4.996,9.887,-1.086,1.484,1.628,1.191,1.355,3,NULL,NULL,,2,0,2,7,255,1125,250,0,0
pre_stim,8210,8210,0,8210,3205539.454,0.787,0.297,0.321,0.435,0,0,0,0,265,0,0,175,49,1.227,1,2043,0,500.432,16.797,-36.563,-493.625,73.688,-0.484,0.816,2.172,-1.574,16.723,-1.801,1.554,1.702,1.191,1.355,3,NULL,NULL,,2,0,2,7,255,1125,250,0,0
pre_stim,8210,8210,0,8210,3205544.455,0.781,0.313,0.333,0.425,0,0,0,0,0,0,0,117,49,1.227,1,2043,0,520.349,21.827,-126.563,-487.375,131.188,-0.758,1.078,1.988,0.344,21.824,-2.063,1.634,1.782,1.191,1.355,3,NULL,NULL,,2,0,2,7,255,1125,250,0,0
pre_stim,8210,8210,0,8210,3205549.453,0.775,0.330,0.344,0.415,0,0,0,0,0,0,0,51,49,1.227,1,2043,0,538.419,21.827,-179.250,-482.063,159.313,-1.148,0.949,1.578,0.344,21.824,-6.785,1.722,1.870,1.191,1.355,3,NULL,NULL,,2,0,2,7,255,1125,250,0,0
pre_stim,8241,8241,0,8241,3205554.455,0.768,0.347,0.353,0.406,0,0,0,0,0,0,0,5,49,1.227,1,2043,0,532.474,21.001,-192.250,-471.125,156.875,-1.336,0.746,1.266,-0.211,21.000,-12.809,1.814,1.964,1.191,1.355,4,NULL,NULL,,2,0,2,7,255,1125,250,0,0
pre_stim,8241,8241,0,8241,3205559.454,0.761,0.364,0.362,0.397,0,0,0,0,0,0,0,3,49,1.227,1,2043,0,504.187,18.218,-201.313,-444.250,127.750,-1.223,0.801,1.109,-0.816,18.199,-16.305,1.906,2.056,1.191,1.355,0,NULL,NULL,,2,0,2,7,255,1125,250,0,0
pre_stim,8241,8241,0,8241,3205564.455,0.752,0.380,0.370,0.392,0,0,0,0,0,0,0,30,49,1.227,1,2043,0,466.109,16.415,-239.625,-395.125,60.938,-0.574,0.832,0.848,-0.816,16.395,-16.305,1.994,2.146,1.191,1.355,0,NULL,NULL,,2,0,2,7,255,1125,250,0,0
pre_stim,8241,8241,0,8241,3205569.453,0.743,0.392,0.376,0.390,0,0,0,0,0,0,0,57,49,1.227,1,2043,0,365.403,12.014,-209.688,-299.250,0.125,0.035,0.262,0.754,0.664,11.996,-13.465,2.076,2.228,1.191,1.355,0,NULL,NULL,,2,0,2,7,255,1125,250,0,0
pre_stim,8241,8241,0,8241,3205574.455,0.738,0.401,0.379,0.388,0,0,0,0,0,0,0,73,49,1.227,1,2043,0,251.370,7.366,-140.688,-204.875,37.688,-0.152,-0.215,0.871,0.664,7.336,-7.316,2.150,2.302,1.191,1.355,0,NULL,NULL,,2,0,2,7,255,1125,250,0,0
pre_stim,8241,8241,0,8241,3205579.454,0.735,0.408,0.380,0.385,0,0,0,0,0,0,0,73,49,1.227,1,2043,0,194.756,8.582,-132.125,-123.938,71.500,-0.695,0.051,1.258,-4.453,7.336,-7.316,2.216,2.372,1.191,1.355,0,NULL,NULL,,2,0,2,7,255,1125,250,0,0
pre_stim,8271,8271,0,8271,3205584.455,0.732,0.416,0.377,0.387,0,0,0,0,0,0,0,64,49,1.227,1,2043,0,204.766,12.598,-201.563,-27.375,23.500,-0.875,0.301,0.977,-4.453,11.785,-11.367,2.282,2.438,1.191,1.355,0,NULL,NULL,,2,0,2,7,255,1125,250,0,0
pre_stim,8271,8271,0,8271,3205589.453,0.728,0.422,0.371,0.393,0,0,0,0,0,0,0,53,49,1.227,1,2043,0,246.759,12.160,-236.938,67.313,-14.813,-0.629,0.586,0.203,-2.996,11.785,-14.816,2.348,2.506,1.191,1.355,0,NULL,NULL,,2,0,2,7,255,1125,250,0,0
pre_stim,8299,8299,0,8299,3205594.455,0.727,0.425,0.364,0.399,0,0,0,0,0,0,0,39,49,1.227,1,2043,0,232.253,5.554,-183.125,142.438,-10.875,-0.445,0.754,-0.391,2.121,5.133,-16.375,2.406,2.566,1.191,1.355,0,NULL,NULL,,2,0,2,7,255,1125,250,0,0
pre_stim,8299,8299,0,8299,3205599.454,0.728,0.424,0.356,0.404,0,0,0,0,0,0,0,39,49,1.227,1,2043,0,204.705,2.913,-69.125,192.625,4.625,-0.555,0.551,-0.277,2.859,0.555,-17.348,2.450,2.610,1.191,1.355,0,NULL,NULL,,2,0,2,7,255,1125,250,0,0
pre_stim,8299,8299,0,8299,3205604.455,0.732,0.420,0.349,0.408,0,0,0,0,0,0,0,28,49,1.227,1,2043,0,226.377,2.913,-11.813,226.063,1.688,-0.707,0.258,0.316,2.859,0.555,-17.348,2.478,2.640,1.191,1.355,0,NULL,NULL,,2,0,2,7,255,1125,250,0,0
pre_stim,8299,8299,0,8299,3205609.454,0.734,0.416,0.341,0.414,0,0,0,0,0,0,0,25,49,1.227,1,2043,0,252.543,5.721,-33.750,250.125,-8.750,-0.656,0.152,0.523,-1.199,5.594,-15.363,2.502,2.664,1.191,1.355,0,NULL,NULL,,2,0,2,7,255,1125,250,0,0
pre_stim,8299,8299,0,8299,3205614.455,0.737,0.413,0.331,0.420,0,0,0,0,0,0,0,23,49,1.227,1,2043,0,272.186,5.721,-63.188,264.750,-0.313,-0.488,0.191,0.277,-1.199,5.594,-13.637,2.524,2.688,1.191,1.355,0,NULL,NULL,,2,0,2,7,255,1125,250,0,0
pre_stim,8299,8299,0,8299,3205619.454,0.740,0.410,0.321,0.425,0,0,0,0,0,0,0,21,49,1.227,1,2043,0,277.887,4.596,-53.375,271.688,23.625,-0.410,0.293,-0.082,-0.770,4.531,-13.637,2.544,2.708,1.191,1.355,0,NULL,NULL,,2,0,2,7,255,1125,250,0,0
pre_stim,8299,8299,0,8299,3205624.455,0.744,0.406,0.311,0.429,0,0,0,0,0,0,0,19,49,1.227,1,2043,0,278.288,1.712,-13.563,275.000,40.438,-0.449,0.371,-0.227,0.832,1.496,-14.492,2.558,2.726,1.191,1.355,0,NULL,NULL,,2,0,2,7,255,1125,250,0,0
pre_stim,8299,8299,0,8299,3205629.453,0.749,0.400,0.302,0.433,0,0,0,0,0,0,0,16,49,1.227,1,2043,0,282.125,1.967,24.938,277.750,42.750,-0.469,0.375,-0.156,1.281,1.492,-15.516,2.570,2.738,1.191,1.355,0,NULL,NULL,,2,0,2,7,255,1125,250,0,0
pre_stim,8299,8299,0,8299,3205634.455,0.754,0.394,0.293,0.436,0,0,0,0,0,0,0,21,49,1.227,1,2043,0,287.732,1.967,46.063,280.563,44.188,-0.398,0.328,-0.031,1.281,1.492,-15.516,2.580,2.748,1.191,1.355,0,NULL,NULL,,2,0,2,7,255,1125,250,0,0
pre_stim,8299,8299,0,8299,3205639.454,0.760,0.387,0.284,0.438,0,0,0,0,0,0,0,22,49,1.227,1,2043,0,293.417,2.496,56.500,282.563,55.313,-0.340,0.285,0.035,1.039,2.270,-14.172,2.586,2.758,1.191,1.355,0,NULL,NULL,,2,0,2,7,255,1125,250,0,0
pre_stim,8329,8329,0,8329,3205644.455,0.766,0.380,0.275,0.440,0,0,0,0,0,0,0,22,49,1.227,1,2043,0,299.368,2.671,68.750,283.125,68.813,-0.359,0.270,0.066,0.875,2.523,-13.191,2.596,2.768,1.191,1.355,0,NULL,NULL,,2,0,2,7,255,1125,250,0,0
pre_stim,8329,8329,0,8329,3205649.453,0.772,0.373,0.266,0.442,0,0,0,0,0,0,0,21,49,1.227,1,2043,0,303.746,2.955,85.125,282.125,73.625,-0.402,0.250,0.133,0.594,2.895,-13.055,2.608,2.782,1.191,1.355,0,NULL,NULL,,2,0,2,7,255,1125,250,0,0
pre_stim,8329,8329,0,8329,3205654.455,0.778,0.365,0.257,0.443,0,0,0,0,0,0,0,21,49,1.227,1,2043,0,306.331,3.660,100.063,280.750,70.750,-0.402,0.207,0.246,0.156,3.656,-12.887,2.622,2.798,1.191,1.355,0,NULL,NULL,,2,0,2,7,255,1125,250,0,0
pre_stim,8329,8329,0,8329,3205659.454,0.784,0.356,0.249,0.444,0,0,0,0,0,0,0,21,49,1.227,1,2043,0,307.334,4.500,108.563,279.500,67.438,-0.367,0.160,0.375,-0.324,4.488,-11.973,2.642,2.818,1.191,1.355,0,NULL,NULL,,2,0,2,7,255,1125,250,0,0
pre_stim,8329,8329,0,8329,3205664.455,0.789,0.347,0.240,0.445,0,0,0,0,0,0,0,18,49,1.227,1,2043,0,307.633,5.262,111.375,279.125,65.750,-0.348,0.156,0.496,-0.609,5.227,-10.660,2.664,2.842,1.191,1.355,0,NULL,NULL,,2,0,2,7,255,1125,250,0,0
pre_stim,8329,8329,0,8329,3205669.453,0.795,0.339,0.232,0.447,0,0,0,0,0,0,0,14,49,1.227,1,2043,0,307.768,6.082,112.688,279.563,62.188,-0.375,0.160,0.602,-0.648,6.047,-9.625,2.692,2.870,1.191,1.355,0,NULL,NULL,,2,0,2,7,255,1125,250,0,0
pre_stim,8359,8359,0,8359,3205674.455,0.800,0.330,0.224,0.448,0,0,0,0,0,0,0,16,49,1.227,1,2043,0,306.938,7.003,111.500,280.813,54.063,-0.418,0.180,0.758,-0.766,6.961,-8.980,2.722,2.904,1.191,1.355,0,NULL,NULL,,2,0,2,7,255,1125,250,0,0
pre_stim,8359,8359,0,8359,3205679.454,0.805,0.321,0.215,0.450,0,0,0,0,0,0,0,23,49,1.227,1,2043,0,304.330,8.435,101.063,284.063,41.375,-0.434,0.184,0.898,-0.867,8.391,-8.125,2.758,2.940,1.191,1.355,0,NULL,NULL,,2,0,2,7,255,1125,250,0,0
pre_stim,8359,8359,0,8359,3205684.455,0.809,0.312,0.207,0.453,0,0,0,0,0,0,0,23,49,1.227,1,2043,0,302.488,9.503,83.188,289.375,29.000,-0.418,0.168,0.973,-0.938,9.457,-7.047,2.798,2.980,1.191,1.355,0,NULL,NULL,,2,0,2,7,255,1125,250,0,0
pre_stim,8359,8359,0,8359,3205689.453,0.813,0.304,0.197,0.456,0,0,0,0,0,0,0,29,49,1.227,1,2043,0,304.685,9.507,65.063,297.063,18.813,-0.402,0.137,0.973,-0.977,9.457,-6.137,2.838,3.022,1.191,1.355,0,NULL,NULL,,2,0,2,7,255,1125,250,0,0
pre_stim,8398,8398,0,8398,3205694.455,0.816,0.296,0.187,0.459,0,0,0,0,0,0,0,28,49,1.227,1,2043,0,311.090,9.487,51.313,306.688,9.313,-0.410,0.113,0.918,-1.109,9.422,-5.797,2.880,3.066,1.191,1.355,0,NULL,NULL,,2,0,2,7,255,1125,250,0,0
pre_stim,8398,8398,0,8398,3205699.454,0.819,0.288,0.177,0.463,0,0,0,0,0,0,0,28,49,1.227,1,2043,0,320.343,9.009,45.250,317.125,-2.000,-0.414,0.109,0.848,-1.195,8.930,-5.797,2.922,3.110,1.191,1.355,0,NULL,NULL,,2,0,2,7,255,1125,250,0,0
pre_stim,8398,8398,0,8398,3205704.455,0.822,0.280,0.167,0.468,0,0,0,0,0,0,0,31,49,1.227,1,2043,0,331.144,8.499,46.813,327.500,-14.438,-0.402,0.102,0.805,-1.195,8.414,-6.102,2.964,3.152,1.191,1.355,0,NULL,NULL,,2,0,2,7,255,1125,250,0,0
pre_stim,8398,8398,0,8398,3205709.454,0.824,0.271,0.156,0.473,0,0,0,0,0,0,0,35,49,1.227,1,2043,0,342.060,8.032,52.750,337.000,-25.563,-0.371,0.066,0.781,-1.176,7.945,-6.102,3.006,3.196,1.191,1.355,0,NULL,NULL,,2,0,2,7,255,1125,250,0,0
pre_stim,8398,8398,0,8398,3205714.455,0.826,0.261,0.145,0.478,0,0,0,0,0,0,0,33,49,1.227,1,2043,0,352.309,7.444,61.625,345.250,-33.563,-0.332,0.043,0.770,-1.121,7.359,-5.777,3.046,3.236,1.191,1.355,0,NULL,NULL,,2,0,2,7,255,1125,250,0,0
pre_stim,8398,8398,0,8398,3205719.453,0.828,0.251,0.135,0.483,0,0,0,0,0,0,0,37,49,1.227,1,2043,0,361.210,6.889,70.875,352.000,-39.313,-0.266,0.059,0.754,-1.074,6.805,-5.418,3.082,3.274,1.191,1.355,0,NULL,NULL,,2,0,2,7,255,1125,250,0,0
pre_stim,8421,8421,0,8421,3205724.455,0.830,0.240,0.124,0.489,0,0,0,0,0,0,0,40,49,1.227,1,2043,0,369.350,6.201,82.125,357.375,-44.250,-0.113,0.047,0.699,-0.555,6.176,-5.082,3.114,3.308,1.191,1.355,0,NULL,NULL,,2,0,2,7,255,1125,250,0,0
pre_stim,8421,8421,0,8421,3205729.454,0.831,0.228,0.114,0.494,0,0,0,0,0,0,0,47,49,1.227,1,2043,0,375.055,4.607,101.250,359.125,-38.000,-0.016,0.000,0.637,0.125,4.605,-4.637,3.144,3.338,1.191,1.355,0,NULL,NULL,,2,0,2,7,255,1125,250,0,0
pre_stim,8421,8421,0,8421,3205734.455,0.833,0.216,0.104,0.498,0,0,0,0,0,0,0,47,49,1.227,1,2043,0,379.593,3.835,131.250,355.063,-28.188,-0.039,0.098,0.691,0.234,3.828,-4.512,3.170,3.366,1.191,1.355,0,NULL,NULL,,2,0,2,7,255,1125,250,0,0
pre_stim,8421,8421,0,8421,3205739.453,0.836,0.202,0.095,0.502,0,0,0,0,0,0,0,43,49,1.227,1,2043,0,383.240,3.967,153.250,350.250,-26.688,0.000,0.105,0.844,1.039,3.828,-4.289,3.194,3.390,1.191,1.355,0,NULL,NULL,,2,0,2,7,255,1125,250,0,0
pre_stim,8421,8421,0,8421,3205744.455,0.838,0.189,0.087,0.505,0,0,0,0,0,0,0,47,49,1.227,1,2043,0,381.959,4.031,164.625,344.313,-15.500,0.043,0.055,0.953,1.262,3.828,-2.723,3.218,3.414,1.191,1.355,0,NULL,NULL,,2,0,2,7,255,1125,250,0,0
pre_stim,8421,8421,0,8421,3205749.454,0.840,0.175,0.078,0.508,0,0,0,0,0,0,0,47,49,1.227,1,2043,0,380.819,3.926,174.938,338.250,-2.688,0.063,0.039,1.027,1.281,3.711,-1.336,3.238,3.438,1.191,1.355,0,NULL,NULL,,2,0,2,7,255,1125,250,0,0
pre_stim,8421,8421,0,8421,3205754.455,0.843,0.161,0.070,0.509,0,0,0,0,0,0,0,44,49,1.227,1,2043,0,381.350,3.926,185.063,333.250,11.125,-0.012,0.121,1.113,1.281,3.711,-0.453,3.260,3.460,1.191,1.355,0,NULL,NULL,,2,0,2,7,255,1125,250,0,0
pre_stim,8421,8421,0,8421,3205759.454,0.845,0.146,0.062,0.511,0,0,0,0,0,0,0,43,49,1.227,1,2043,0,381.852,4.704,194.688,328.250,12.625,-0.066,0.164,1.230,1.699,4.387,0.063,3.282,3.482,1.191,1.355,0,NULL,NULL,,2,0,2,7,255,1125,250,0,0
pre_stim,8450,8450,0,8450,3205764.455,0.847,0.131,0.055,0.512,0,0,0,0,0,0,0,45,49,1.227,1,2043,0,382.497,5.336,200.813,325.250,13.813,-0.098,0.129,1.387,1.699,5.059,1.063,3.306,3.506,1.191,1.355,0,NULL,NULL,,2,0,2,7,255,1125,250,0,0
pre_stim,8450,8450,0,8450,3205769.454,0.849,0.117,0.047,0.513,0,0,0,0,0,0,0,45,49,1.227,1,2043,0,379.927,5.463,199.125,323.250,14.250,-0.148,0.148,1.547,1.539,5.242,2.691,3.328,3.532,1.191,1.355,0,NULL,NULL,,2,0,2,7,255,1125,250,0,0
pre_stim,8450,8450,0,8450,3205774.455,0.850,0.103,0.040,0.515,0,0,0,0,0,0,0,45,49,1.227,1,2043,0,374.356,5.979,189.750,322.500,11.438,-0.188,0.164,1.684,1.539,5.777,4.227,3.354,3.556,1.191,1.355,0,NULL,NULL,,2,0,2,7,255,1125,250,0,0
pre_stim,8450,8450,0,8450,3205779.453,0.852,0.089,0.032,0.516,0,0,0,0,0,0,0,45,49,1.227,1,2043,0,368.241,6.051,177.688,322.438,7.938,-0.211,0.148,1.793,1.539,5.852,5.633,3.380,3.584,1.191,1.355,0,NULL,NULL,,2,0,2,7,255,1125,250,0,0
pre_stim,8450,8450,0,8450,3205784.455,0.852,0.075,0.023,0.517,0,0,0,0,0,0,0,44,49,1.227,1,2043,0,361.769,6.038,165.313,321.750,5.063,-0.207,0.148,1.910,1.488,5.852,6.855,3.406,3.610,1.191,1.355,0,NULL,NULL,,2,0,2,7,255,1125,250,0,0
pre_stim,8450,8450,0,8450,3205789.454,0.853,0.063,0.015,0.518,0,0,0,0,0,0,0,45,49,1.227,1,2043,0,353.370,5.694,147.875,320.938,1.563,-0.207,0.145,1.969,1.488,5.496,8.172,3.434,3.638,1.191,1.355,0,NULL,NULL,,2,0,2,7,255,1125,250,0,0
pre_stim,8505,8505,0,8505,3205794.455,0.853,0.050,0.006,0.519,0,0,0,0,0,0,0,51,49,1.227,1,2043,0,344.684,5.202,130.250,319.125,-1.125,-0.188,0.098,1.934,1.488,4.984,8.777,3.460,3.666,1.191,1.355,0,NULL,NULL,,2,0,2,7,255,1125,250,0,0
pre_stim,8505,8505,0,8505,3205799.453,0.853,0.038,-0.003,0.520,0,0,0,0,0,0,0,53,49,1.227,1,2043,0,339.360,4.181,123.375,316.125,-2.938,-0.160,0.047,1.863,1.242,3.992,8.777,3.484,3.692,1.191,1.355,0,NULL,NULL,,2,0,2,7,255,1125,250,0,0
pre_stim,8505,8505,0,8505,3205804.455,0.853,0.026,-0.012,0.521,0,0,0,0,0,0,0,43,49,1.227,1,2043,0,338.034,3.056,127.375,313.063,-5.875,-0.133,0.012,1.824,0.922,2.914,8.266,3.508,3.714,1.191,1.355,0,NULL,NULL,,2,0,2,7,255,1125,250,0,0
pre_stim,8505,8505,0,8505,3205809.454,0.852,0.014,-0.020,0.522,0,0,0,0,0,0,0,45,49,1.227,1,2043,0,339.203,2.113,137.125,310.125,-8.813,-0.098,-0.035,1.828,0.777,1.965,8.113,3.526,3.734,1.191,1.355,0,NULL,NULL,,2,0,2,7,255,1125,250,0,0
pre_stim,8505,8505,0,8505,3205814.455,0.852,0.001,-0.028,0.523,0,0,0,0,0,0,0,51,49,1.227,1,2043,0,341.985,1.066,148.875,307.688,-10.875,-0.051,-0.074,1.867,0.555,0.910,8.113,3.540,3.750,1.191,1.355,0,NULL,NULL,,2,0,2,7,255,1125,250,0,0
pre_stim,8505,8505,0,8505,3205819.453,0.851,-0.012,-0.036,0.524,0,0,0,0,0,0,0,45,49,1.227,1,2043,0,346.517,0.593,162.375,305.813,-13.688,0.020,-0.098,1.902,0.555,-0.211,8.492,3.552,3.762,1.191,1.355,0,NULL,NULL,,2,0,2,7,255,1125,250,0,0
pre_stim,8505,8505,0,8505,3205824.455,0.849,-0.025,-0.043,0.525,0,0,0,0,0,0,0,47,49,1.227,1,2043,0,353.910,1.582,181.063,303.625,-16.750,0.121,-0.141,1.973,0.559,-1.480,8.797,3.556,3.768,1.191,1.355,0,NULL,NULL,,2,0,2,7,255,1125,250,0,0
pre_stim,8505,8505,0,8505,3205829.454,0.848,-0.039,-0.049,0.527,0,0,0,0,0,0,0,42,49,1.227,1,2043,0,363.609,3.257,202.750,301.188,-19.750,0.277,-0.129,2.105,0.652,-3.191,9.352,3.556,3.768,1.191,1.355,0,NULL,NULL,,2,0,2,7,255,1125,250,0,0
pre_stim,8505,8505,0,8505,3205834.455,0.846,-0.054,-0.055,0.528,0,0,0,0,0,0,0,42,49,1.227,1,2043,0,374.264,5.412,222.813,299.813,-23.250,0.488,-0.086,2.273,1.449,-5.215,10.332,3.548,3.762,1.191,1.355,0,NULL,NULL,,2,0,2,7,255,1125,250,0,0
pre_stim,8505,8505,0,8505,3205839.453,0.844,-0.070,-0.061,0.529,0,0,0,0,0,0,0,41,49,1.227,1,2043,0,382.600,8.182,237.500,299.125,-22.375,0.699,-0.074,2.449,2.691,-7.727,11.488,3.532,3.746,1.191,1.355,0,NULL,NULL,,2,0,2,7,255,1125,250,0,0
pre_stim,8526,8526,0,8526,3205844.455,0.842,-0.086,-0.066,0.529,0,0,0,0,0,0,0,37,49,1.227,1,2043,0,388.777,11.090,247.625,299.250,-16.688,0.883,-0.102,2.609,3.613,-10.484,12.570,3.504,3.720,1.191,1.355,0,NULL,NULL,,2,0,2,7,255,1125,250,0,0
pre_stim,8526,8526,0,8526,3205849.454,0.839,-0.102,-0.071,0.530,0,0,0,0,0,0,0,35,49,1.227,1,2043,0,394.000,13.866,255.063,300.125,-10.188,1.035,-0.145,2.766,4.012,-13.273,13.418,3.466,3.682,1.191,1.355,0,NULL,NULL,,2,0,2,7,255,1125,250,0,0
pre_stim,8526,8526,0,8526,3205854.455,0.837,-0.118,-0.077,0.529,0,0,0,0,0,0,0,34,49,1.227,1,2043,0,394.254,16.390,254.938,300.688,-5.500,1.156,-0.125,2.906,4.063,-15.879,14.129,3.414,3.632,1.191,1.355,0,NULL,NULL,,2,0,2,7,255,1125,250,0,0
pre_stim,8526,8526,0,8526,3205859.454,0.834,-0.134,-0.082,0.529,0,0,0,0,0,0,0,38,49,1.227,1,2043,0,389.923,18.590,246.375,302.188,-4.688,1.277,-0.074,2.988,4.570,-18.020,14.570,3.350,3.568,1.191,1.355,0,NULL,NULL,,2,0,2,7,255,1125,250,0,0
pre_stim,8547,8547,0,8547,3205864.455,0.831,-0.149,-0.088,0.529,0,0,0,0,0,0,0,40,49,1.227,1,2043,0,380.598,20.555,230.188,303.063,-4.688,1.363,-0.016,2.992,5.273,-19.867,14.570,3.276,3.494,1.191,1.355,0,NULL,NULL,,2,0,2,7,255,1125,250,0,0
pre_stim,8547,8547,0,8547,3205869.454,0.828,-0.164,-0.094,0.528,0,0,0,0,0,0,0,41,49,1.227,1,2043,0,367.513,21.989,208.563,302.563,-4.813,1.406,0.020,2.938,5.926,-21.176,13.813,3.190,3.408,1.191,1.355,0,NULL,NULL,,2,0,2,7,255,1125,250,0,0
pre_stim,8547,8547,0,8547,3205874.455,0.825,-0.178,-0.100,0.527,0,0,0,0,0,0,0,51,49,1.227,1,2043,0,354.198,22.827,192.250,297.438,-5.188,1.480,0.125,2.957,6.254,-21.953,12.566,3.096,3.314,1.191,1.355,0,NULL,NULL,,2,0,2,7,255,1125,250,0,0
pre_stim,8547,8547,0,8547,3205879.453,0.822,-0.190,-0.107,0.526,0,0,0,0,0,0,0,59,49,1.227,1,2043,0,335.894,24.063,170.438,289.250,-10.500,1.699,0.258,3.020,7.359,-22.910,12.004,2.994,3.214,1.191,1.355,0,NULL,NULL,,2,0,2,7,255,1125,250,0,0
pre_stim,8574,8574,0,8574,3205884.455,0.819,-0.201,-0.114,0.525,0,0,0,0,0,0,0,69,49,1.227,1,2043,0,308.276,26.754,129.938,279.313,-11.625,2.047,0.211,2.926,9.383,-25.055,11.305,2.886,3.104,1.191,1.355,0,NULL,NULL,,2,0,2,7,255,1125,250,0,0
pre_stim,8574,8574,0,8574,3205889.453,0.817,-0.210,-0.122,0.523,0,0,0,0,0,0,0,91,49,1.227,1,2043,0,278.634,30.053,81.188,266.500,4.813,2.402,0.035,2.543,10.371,-28.207,8.344,2.768,2.986,1.191,1.355,0,NULL,NULL,,2,0,2,7,255,1125,250,0,0
pre_stim,8606,8606,0,8606,3205894.455,0.815,-0.218,-0.129,0.520,0,0,0,0,0,0,0,121,49,1.227,1,2043,0,258.364,32.041,50.875,251.188,32.688,2.676,-0.176,1.941,10.371,-30.316,2.535,2.640,2.858,1.191,1.355,0,NULL,NULL,,2,0,2,7,255,1125,250,0,0
pre_stim,8606,8606,0,8606,3205899.453,0.815,-0.225,-0.136,0.517,0,0,0,0,0,0,0,141,49,1.227,1,2043,0,248.256,31.840,55.688,234.813,58.250,2.891,-0.418,1.348,9.730,-30.316,-4.941,2.502,2.718,1.191,1.355,0,NULL,NULL,,2,0,2,7,255,1125,250,0,0
pre_stim,8606,8606,0,8606,3205904.455,0.814,-0.234,-0.141,0.512,0,0,0,0,0,0,0,153,49,1.227,1,2043,0,247.411,31.497,88.000,217.250,79.188,3.086,-0.676,0.879,8.586,-30.305,-12.074,2.358,2.572,1.191,1.355,0,NULL,NULL,,2,0,2,7,255,1125,250,0,0
pre_stim,8606,8606,0,8606,3205909.454,0.814,-0.244,-0.144,0.508,0,0,0,0,0,0,0,168,49,1.227,1,2043,0,261.675,31.166,136.688,197.813,103.250,3.254,-0.961,0.531,7.277,-30.305,-18.059,2.210,2.422,1.191,1.355,0,NULL,NULL,,2,0,2,7,255,1125,250,0,0
pre_stim,8606,8606,0,8606,3205914.455,0.813,-0.256,-0.145,0.503,0,0,0,0,0,0,0,168,49,1.227,1,2043,0,297.152,31.057,200.625,175.375,131.500,3.328,-1.250,0.344,5.668,-30.535,-22.926,2.060,2.268,1.191,1.355,0,NULL,NULL,,2,0,2,7,255,1125,250,0,0
pre_stim,8606,8606,0,8606,3205919.454,0.812,-0.270,-0.143,0.497,0,0,0,0,0,0,0,177,49,1.227,1,2043,0,361.118,30.770,285.688,156.250,156.125,3.250,-1.305,0.379,3.797,-30.535,-26.094,1.906,2.112,1.191,1.355,0,NULL,NULL,,2,0,2,7,255,1125,250,0,0
pre_stim,8606,8606,0,8606,3205924.455,0.810,-0.286,-0.138,0.492,0,0,0,0,0,0,0,181,49,1.227,1,2043,0,396.582,31.013,343.313,124.750,154.438,3.117,-1.664,0.910,3.379,-30.828,-26.094,1.752,1.956,1.191,1.355,0,NULL,NULL,,2,0,2,7,255,1125,250,0,0
pre_stim,8606,8606,0,8606,3205929.453,0.809,-0.301,-0.132,0.488,0,0,0,0,0,0,0,181,49,1.227,1,2043,0,391.623,33.316,345.000,98.063,157.250,3.098,-1.637,1.516,0.027,-33.316,-22.992,1.594,1.794,1.191,1.355,0,NULL,NULL,,2,0,2,7,255,1125,250,0,0
pre_stim,8606,8606,0,8606,3205934.455,0.807,-0.316,-0.125,0.483,0,0,0,0,0,0,0,183,49,1.227,1,2043,0,388.470,36.379,343.375,65.688,169.375,2.848,-1.676,1.816,-0.113,-36.379,-18.824,1.432,1.628,1.191,1.355,0,NULL,NULL,,2,0,2,7,255,1125,250,0,0
pre_stim,8606,8606,0,8606,3205939.454,0.806,-0.329,-0.117,0.478,0,0,0,0,0,0,0,201,49,1.227,1,2043,0,364.889,36.387,325.063,24.125,164.000,2.184,-1.086,2.711,-0.777,-36.379,-16.094,1.264,1.458,1.191,1.355,0,NULL,NULL,,2,0,2,7,255,1125,250,0,0
pre_stim,8630,8630,0,8630,3205944.455,0.805,-0.337,-0.111,0.476,0,0,0,0,0,0,0,211,49,1.227,1,2043,0,247.436,36.485,228.313,-15.438,94.125,2.066,-0.668,3.645,-0.777,-36.477,-4.375,1.094,1.282,1.191,1.355,0,NULL,NULL,,2,0,2,7,255,1125,250,0,0
pre_stim,8630,8630,0,8630,3205949.453,0.805,-0.342,-0.105,0.474,0,0,0,0,0,0,0,254,49,1.227,1,2043,0,177.616,38.504,141.313,-36.250,101.313,2.391,-1.309,2.855,-0.777,-38.496,-4.375,0.920,1.106,1.191,1.355,0,NULL,NULL,,2,0,2,7,255,1125,250,0,0
pre_stim,8630,8630,0,8630,3205954.455,0.806,-0.350,-0.093,0.469,0,0,0,117,0,0,0,356,49,1.227,1,2043,0,346.668,38.551,256.625,-117.563,201.250,0.688,-1.488,4.332,-2.051,-38.496,4.551,0.744,0.922,1.191,1.355,0,NULL,NULL,,2,0,2,7,255,1125,250,0,0
pre_stim,8630,8630,0,8630,3205959.454,0.806,-0.365,-0.063,0.461,269,0,0,562,0,30,0,339,49,1.227,1,2043,0,790.168,38.902,581.438,-314.938,432.563,0.836,1.305,9.902,-5.602,-38.496,12.340,0.560,0.730,1.191,1.355,0,NULL,NULL,,2,0,2,7,255,1125,250,0,0
pre_stim,8630,8630,0,8630,3205964.455,0.819,-0.341,-0.071,0.456,783,0,0,1043,0,239,0,371,49,1.227,1,2043,0,664.558,37.286,-645.688,-111.250,111.125,-0.859,1.332,6.910,-5.973,-36.805,52.277,0.394,0.542,1.191,1.355,0,NULL,NULL,,2,0,2,7,255,1125,250,0,0
pre_stim,8630,8630,0,8630,3205969.453,0.840,-0.291,-0.089,0.448,1230,0,0,1397,0,438,0,414,49,1.227,1,2043,0,1320.864,31.318,-1303.938,-152.563,145.438,-0.398,4.418,0.164,-5.602,-30.813,52.277,0.302,0.394,1.191,1.355,0,NULL,NULL,,2,0,2,7,255,1125,250,0,0
pre_stim,8661,8661,0,8661,3205974.455,0.855,-0.254,-0.100,0.441,1594,0,0,1675,0,600,0,443,53,1.227,1,2044,0,949.828,27.347,-929.500,-146.563,129.313,-1.246,3.031,-2.734,17.391,21.105,9.746,0.302,0.324,1.191,1.355,1,1111.000,-14.000,,2,0,2,7,255,1125,250,0,0
pre_stim,8661,8661,0,8661,3205979.454,0.861,-0.236,-0.102,0.439,1885,0,0,1827,0,865,0,493,53,1.227,1,2044,0,452.116,30.988,-425.688,-143.000,52.438,-1.891,0.289,-2.363,17.391,25.648,-18.523,0.350,0.326,1.191,1.355,1,NULL,NULL,,2,0,2,7,255,1125,250,0,0
pre_stim,8661,8661,0,8661,3205984.455,0.862,-0.229,-0.098,0.441,2085,0,0,1926,0,957,0,569,53,1.227,1,2044,0,197.725,27.089,-95.875,-169.563,-33.938,-1.043,-0.664,0.094,-8.715,25.648,-18.523,0.394,0.362,1.191,1.355,1,NULL,NULL,,2,0,2,7,255,1125,250,0,0
pre_stim,8661,8661,0,8661,3205989.453,0.863,-0.225,-0.094,0.443,2239,0,0,2019,0,1102,0,687,53,1.227,1,2044,0,150.991,9.360,-45.125,-142.313,-22.563,0.145,1.059,1.555,-8.715,3.414,-7.023,0.424,0.394,1.191,1.355,1,NULL,NULL,,2,0,2,7,255,1125,250,0,0
pre_stim,8697,8697,0,8697,3205994.455,0.866,-0.217,-0.091,0.442,2377,0,0,2099,0,1285,0,793,53,1.227,1,2044,0,193.785,8.982,-142.875,-125.375,37.688,0.305,2.254,1.953,8.926,1.008,6.129,0.454,0.422,1.191,1.355,1,NULL,NULL,,2,0,2,7,255,1125,250,0,0
pre_stim,8697,8697,0,8697,3205999.454,0.869,-0.204,-0.092,0.440,2492,0,0,2167,0,1435,0,867,53,1.227,1,2044,0,305.214,11.669,-280.125,-112.938,43.938,-0.223,1.641,1.691,11.625,1.008,9.910,0.498,0.456,1.191,1.355,2,NULL,NULL,,2,0,2,7,255,1125,250,0,0
pre_stim,8697,8697,0,8697,3206004.455,0.873,-0.188,-0.095,0.440,2680,0,0,2427,0,1529,0,929,53,1.227,1,2044,0,378.564,12.073,-361.250,-113.063,-5.125,-0.434,0.727,0.691,11.625,3.258,9.910,0.526,0.486,1.191,1.355,2,NULL,NULL,,2,0,2,7,255,1125,250,0,0
pre_stim,8697,8697,0,8697,3206009.454,0.876,-0.174,-0.096,0.439,2796,0,0,2619,0,1559,0,987,53,1.227,1,2044,0,336.494,4.602,-310.813,-128.750,6.875,-0.988,-0.813,-0.137,3.250,3.258,-0.648,0.528,0.500,1.191,1.355,2,NULL,NULL,,2,0,2,7,255,1125,250,0,0
pre_stim,8697,8697,0,8697,3206014.455,0.880,-0.161,-0.094,0.436,2902,0,0,2752,0,1596,0,1099,53,1.227,1,2044,0,327.925,12.667,-267.938,-176.625,67.438,-1.492,-2.070,0.141,-12.293,3.055,-7.547,0.508,0.506,1.191,1.355,2,NULL,NULL,,2,0,2,7,255,1125,250,0,0
pre_stim,8697,8697,0,8697,3206019.454,0.880,-0.150,-0.091,0.440,2951,0,0,2855,0,1644,0,1225,53,1.227,1,2044,0,261.346,19.502,-180.938,-162.688,-95.375,-1.309,-1.512,0.219,-19.500,0.250,-7.547,0.478,0.504,1.191,1.355,2,NULL,NULL,,2,0,2,7,255,1125,250,0,0
pre_stim,8723,8723,0,8723,3206024.455,0.879,-0.143,-0.087,0.446,2999,0,0,2933,0,1704,0,1330,53,1.227,1,2044,0,237.018,19.557,-82.188,-171.000,-142.063,-0.141,-0.434,0.383,-19.500,-1.488,-6.469,0.442,0.486,1.191,1.355,2,NULL,NULL,,2,0,2,7,255,1125,250,0,0
pre_stim,8723,8723,0,8723,3206029.453,0.878,-0.139,-0.081,0.451,3027,0,0,2987,0,1797,0,1403,53,1.227,1,2044,0,201.652,4.917,-3.875,-165.688,-114.875,0.559,-0.652,1.246,-4.160,-2.621,-6.320,0.400,0.450,1.191,1.355,2,NULL,NULL,,2,0,2,7,255,1125,250,0,0
pre_stim,8723,8723,0,8723,3206034.455,0.878,-0.134,-0.077,0.454,3047,0,0,3035,0,1871,0,1443,53,1.227,1,2044,0,167.139,12.299,-50.750,-153.438,-42.625,0.836,-1.246,1.816,-4.160,-11.574,-0.563,0.352,0.394,1.191,1.355,2,NULL,NULL,,2,0,2,7,255,1125,250,0,0
pre_stim,8723,8723,0,8723,3206039.454,0.880,-0.126,-0.074,0.453,3063,0,0,3080,0,1963,0,1470,53,1.227,1,2044,0,208.949,18.168,-148.625,-142.938,33.750,0.742,-1.324,1.680,-4.652,-17.563,2.637,0.304,0.324,1.191,1.355,2,NULL,NULL,,2,0,2,7,255,1125,250,0,0
pre_stim,8723,8723,1,8723,3206044.455,0.883,-0.115,-0.073,0.448,3078,0,0,3092,0,2043,0,1516,53,1.227,1,2044,0,273.651,18.485,-214.813,-134.125,103.688,0.254,-1.098,0.969,-5.766,-17.563,2.637,0.268,0.256,1.191,1.355,2,NULL,NULL,,2,1,2,7,255,1125,250,0,0
pre_stim,8723,8723,1,8723,3206049.453,0.887,-0.107,-0.070,0.444,3078,0,0,3108,38,2163,0,1637,53,1.227,1,2044,0,249.324,12.621,-172.625,-133.125,121.000,-0.293,-0.770,0.305,-6.836,-10.609,-2.398,0.246,0.214,1.191,1.355,2,NULL,NULL,,2,1,2,7,255,1125,250,0,0
pre_stim,8723,8723,1,8723,3206054.455,0.889,-0.102,-0.066,0.441,3083,0,0,3113,313,2221,89,1773,53,1.227,1,2044,0,175.484,7.621,-72.063,-138.750,79.688,-0.559,-0.492,0.480,-7.004,-3.004,-4.535,0.230,0.196,1.191,1.355,2,NULL,NULL,,2,1,2,7,255,1125,250,0,0
pre_stim,8723,8723,1,8723,3206059.454,0.890,-0.100,-0.061,0.441,3087,0,0,3131,680,2269,220,1912,53,1.227,1,2044,0,115.711,7.621,23.125,-113.375,-0.625,-0.160,-0.133,1.758,-7.004,-3.004,-4.535,0.220,0.190,1.191,1.355,2,NULL,NULL,,2,1,2,7,255,1125,250,0,0
pre_stim,8756,8756,1,8756,3206064.455,0.889,-0.098,-0.059,0.444,3090,0,0,3141,977,2303,169,2020,53,1.227,1,2044,0,92.884,3.552,-2.875,-61.625,-69.438,0.395,0.293,1.820,-1.262,-3.320,7.148,0.216,0.188,1.191,1.355,2,NULL,NULL,,2,1,2,7,255,1125,250,0,0
pre_stim,8756,8756,1,8756,3206069.453,0.888,-0.096,-0.057,0.446,3087,0,0,3145,1171,2333,188,2079,53,1.227,1,2044,0,82.377,6.248,-27.563,-65.125,-42.250,0.742,1.027,1.340,5.293,-3.320,7.148,0.220,0.180,1.191,1.355,2,NULL,NULL,,2,1,2,7,255,1125,250,0,0
pre_stim,8756,8756,1,8756,3206074.455,0.888,-0.094,-0.056,0.446,3089,0,0,3148,1305,2363,225,2142,53,1.227,1,2044,0,46.174,8.145,-29.375,-35.625,0.125,0.535,0.367,1.457,6.504,-4.902,3.500,0.236,0.164,1.191,1.355,2,NULL,NULL,,2,1,2,7,255,1125,250,0,0
pre_stim,8756,8756,1,8756,3206079.454,0.889,-0.090,-0.057,0.445,3087,0,0,3150,1407,2379,259,2212,53,1.227,1,2044,0,96.784,8.145,-89.813,-22.500,28.188,-0.141,-0.691,1.359,6.504,-4.902,2.961,0.260,0.144,1.191,1.355,2,NULL,NULL,,2,1,2,7,255,1125,250,0,0
pre_stim,8756,8756,1,8756,3206084.455,0.890,-0.086,-0.058,0.445,3087,0,0,3151,1517,2396,263,2251,53,1.227,1,2044,0,111.158,7.382,-108.250,-23.250,-9.875,-0.516,-0.363,0.813,-5.520,-4.902,2.961,0.286,0.126,1.191,1.355,2,NULL,NULL,,2,1,2,7,255,1125,250,0,0
pre_stim,8756,8756,1,8756,3206089.453,0.888,-0.083,-0.059,0.449,3087,3,0,3157,1591,2409,253,2283,53,1.227,1,2044,0,108.270,5.526,-41.438,-16.313,-98.688,-0.301,0.332,0.711,-5.520,0.277,-1.352,0.304,0.110,1.191,1.355,2,NULL,NULL,,2,1,2,7,255,1125,250,0,0
pre_stim,8806,8806,1,8806,3206094.455,0.885,-0.083,-0.059,0.454,3087,23,0,3157,1651,2418,253,2313,53,1.227,1,2044,0,128.365,1.219,0.688,-11.875,-127.813,0.184,0.289,1.063,1.188,0.277,-1.352,0.314,0.098,1.191,1.355,2,NULL,NULL,,2,1,2,7,255,1125,250,0,0
pre_stim,8806,8806,1,8806,3206099.454,0.884,-0.081,-0.059,0.456,3089,45,0,3160,1724,2428,274,2336,53,1.227,1,2044,0,79.054,2.115,-29.625,-3.938,-73.188,0.320,-0.238,1.246,1.188,-1.750,0.281,0.322,0.088,1.191,1.355,2,NULL,NULL,,2,1,2,7,255,1125,250,0,0
pre_stim,8806,8806,1,8806,3206104.455,0.884,-0.078,-0.061,0.457,3091,85,24,3161,1787,2431,309,2357,53,1.227,1,2044,0,76.143,4.947,-75.250,-3.938,-10.938,0.023,-0.516,1.012,0.500,-4.922,0.281,0.330,0.080,1.191,1.355,2,NULL,NULL,,2,1,2,7,255,1125,250,0,0
pre_stim,8806,8806,1,8806,3206109.454,0.884,-0.076,-0.062,0.457,3091,103,63,3163,1868,2443,277,2375,53,1.227,1,2044,0,67.000,5.780,-65.813,-1.750,-12.438,-0.219,-0.273,0.746,-3.031,-4.922,-0.375,0.340,0.070,1.191,1.355,2,NULL,NULL,,2,1,2,7,255,1125,250,0,0
pre_stim,8806,8806,1,8806,3206114.455,0.883,-0.074,-0.063,0.458,3092,119,167,3163,1907,2451,261,2387,53,1.227,1,2044,0,48.661,3.243,-29.750,-3.188,-38.375,-0.156,-0.031,0.766,-3.031,-1.152,-2.188,0.346,0.060,1.191,1.355,2,NULL,NULL,,2,1,2,7,255,1125,250,0,0
pre_stim,8806,8806,1,8806,3206119.454,0.883,-0.074,-0.063,0.460,3093,157,279,3164,1939,2455,271,2394,53,1.227,1,2044,0,39.990,1.340,-12.563,-2.625,-37.875,0.035,-0.156,0.977,-0.684,-1.152,-2.188,0.350,0.050,1.191,1.355,2,NULL,NULL,,2,1,2,7,255,1125,250,0,0
pre_stim,8806,8806,1,8806,3206124.455,0.883,-0.073,-0.063,0.460,3096,172,343,3170,1965,2459,261,2405,53,1.227,1,2044,0,25.112,2.913,-22.188,-1.313,-11.688,0.008,-0.215,1.051,-0.684,-2.832,-0.512,0.354,0.038,1.191,1.355,2,NULL,NULL,,2,1,2,7,255,1125,250,0,0
pre_stim,8806,8806,1,8806,3206129.453,0.883,-0.072,-0.064,0.460,3097,171,405,3165,2003,2463,253,2411,53,1.227,1,2044,0,25.392,2.874,-25.375,-0.875,0.313,-0.160,-0.012,0.980,-0.492,-2.832,-0.098,0.356,0.028,1.191,1.355,2,NULL,NULL,,2,1,2,7,255,1125,250,0,0
pre_stim,8806,8806,1,8806,3206134.455,0.882,-0.071,-0.064,0.461,3098,168,454,3159,2015,2471,238,2421,53,1.227,1,2044,0,22.742,0.611,-16.625,-0.750,-15.500,-0.234,0.082,0.949,-0.367,-0.488,-0.098,0.360,0.016,1.191,1.355,2,NULL,NULL,,2,1,2,7,255,1125,250,0,0
pre_stim,8806,8806,1,8806,3206139.454,0.882,-0.070,-0.064,0.462,3101,171,525,3174,2031,2471,238,2421,53,1.227,1,2044,0,27.261,0.491,-11.438,-1.688,-24.688,-0.121,0.004,0.996,-0.047,-0.488,-0.098,0.364,0.008,1.191,1.355,2,NULL,NULL,,2,1,2,7,255,1125,250,0,0
pre_stim,8824,8824,1,8824,3206144.455,0.882,-0.070,-0.064,0.462,3103,176,559,3157,2037,2464,231,2423,53,1.232,1,2044,1,22.013,0.724,-11.250,-1.313,-18.875,-0.031,-0.125,1.004,-0.047,-0.723,-0.137,0.000,0.000,1.160,1.355,2,NULL,NULL,,2,1,2,7,255,1125,250,0,0
pre_stim,8824,8824,1,8824,3206149.454,0.882,-0.069,-0.064,0.463,3097,175,574,3165,2057,2472,229,2427,53,1.232,1,2044,1,12.508,1.664,-8.875,-0.188,-8.813,-0.035,-0.051,0.980,-0.008,-1.664,-0.137,0.006,0.006,1.160,1.355,2,NULL,NULL,,2,1,2,7,255,1125,250,0,0
pre_stim,8824,8824,1,8824,3206154.455,0.882,-0.069,-0.064,0.463,3099,175,587,3165,2063,2475,219,2425,53,1.232,1,2044,1,3.949,1.665,-3.875,-0.438,-0.625,-0.070,0.074,1.012,0.039,-1.664,-0.137,0.012,0.010,1.160,1.355,2,NULL,NULL,,2,1,2,7,255,1125,250,0,0
pre_stim,8824,8824,1,8824,3206159.454,0.882,-0.069,-0.064,0.463,3097,174,603,3163,2065,2473,217,2425,53,1.232,1,2044,1,1.877,0.860,-1.438,1.125,-0.438,-0.141,0.070,1.035,0.473,-0.719,0.074,0.016,0.012,1.160,1.355,2,NULL,NULL,,2,1,2,7,255,1125,250,0,0
pre_stim,8847,8847,1,8847,3206164.455,0.881,-0.069,-0.064,0.463,3101,173,611,3157,2067,2473,215,2423,53,1.232,1,2044,1,5.925,0.528,-1.688,2.313,-5.188,-0.168,0.051,1.035,0.473,-0.234,0.441,0.020,0.014,1.160,1.355,2,NULL,NULL,,2,1,2,7,255,1125,250,0,0
pre_stim,8847,8847,1,8847,3206169.453,0.881,-0.069,-0.064,0.463,3095,163,611,3160,2063,2469,213,2419,53,1.232,1,2044,1,6.903,0.429,-2.375,0.750,-6.438,-0.141,0.055,1.039,0.359,-0.234,0.473,0.024,0.016,1.160,1.355,2,NULL,NULL,,2,1,2,7,255,1125,250,0,0
pre_stim,8847,8847,1,8847,3206174.455,0.881,-0.069,-0.064,0.463,3093,164,605,3157,2063,2467,205,2415,53,1.232,1,2044,1,4.507,0.454,-2.375,-0.375,-3.813,-0.125,0.039,1.035,0.305,-0.336,0.473,0.026,0.016,1.160,1.355,2,NULL,NULL,,2,1,2,7,255,1125,250,0,0
pre_stim,8847,8847,1,8847,3206179.454,0.881,-0.069,-0.064,0.463,3091,163,600,3150,2056,2459,201,2413,53,1.232,1,2044,1,3.521,0.566,-0.625,-0.438,-3.438,-0.125,0.051,1.020,0.359,-0.438,0.391,0.028,0.018,1.160,1.355,2,NULL,NULL,,2,1,2,7,255,1125,250,0,0
pre_stim,8871,8871,1,8871,3206184.455,0.881,-0.069,-0.064,0.463,3087,159,584,3145,2041,2455,198,2409,53,1.232,1,2044,1,4.477,0.587,1.813,0.500,-4.063,-0.117,0.066,1.008,0.391,-0.438,0.238,0.030,0.018,1.160,1.355,2,NULL,NULL,,2,1,2,7,255,1125,250,0,0
pre_stim,8871,8871,1,8871,3206189.453,0.881,-0.069,-0.064,0.464,3079,160,573,3141,2031,2453,199,2406,53,1.232,1,2044,1,3.710,0.700,3.250,0.375,-1.750,-0.113,0.066,1.012,0.547,-0.438,0.172,0.032,0.018,1.160,1.355,2,NULL,NULL,,2,1,2,7,255,1125,250,0,0
pre_stim,8906,8906,1,8906,3206194.455,0.881,-0.069,-0.064,0.463,3068,159,557,3132,2026,2447,191,2399,53,1.232,1,2044,1,2.742,0.684,1.438,-0.625,2.250,-0.129,0.055,1.020,0.547,-0.410,0.172,0.034,0.018,1.160,1.355,2,NULL,NULL,,2,1,2,7,255,1125,250,0,0
pre_stim,8906,8906,1,8906,3206199.454,0.881,-0.069,-0.064,0.463,3059,156,529,3126,2021,2439,182,2396,53,1.232,1,2044,1,4.390,0.547,-0.063,-1.500,4.125,-0.152,0.066,1.012,0.387,-0.387,0.207,0.034,0.018,1.160,1.355,2,NULL,NULL,,2,1,2,7,255,1125,250,0,0
pre_stim,8906,8906,1,8906,3206204.455,0.881,-0.069,-0.064,0.463,3060,160,500,3123,2009,2441,179,2393,53,1.232,1,2044,1,5.404,0.443,-0.500,-2.750,4.625,-0.148,0.039,0.984,0.363,-0.254,0.207,0.036,0.016,1.160,1.355,2,NULL,NULL,,2,1,2,7,255,1125,250,0,0
pre_stim,8906,8906,1,8906,3206209.454,0.881,-0.069,-0.064,0.463,3049,156,486,3111,1999,2425,183,2401,53,1.232,1,2044,1,7.846,0.290,2.500,-3.500,6.563,-0.137,0.012,0.965,0.141,-0.254,-0.055,0.036,0.014,1.160,1.355,2,NULL,NULL,,2,1,2,7,255,1125,250,0,0
pre_stim,8906,8906,1,8906,3206214.455,0.882,-0.069,-0.063,0.463,3043,141,478,3107,1993,2423,175,2405,53,1.232,1,2044,1,11.088,0.415,5.938,-4.313,8.313,-0.137,0.020,0.973,0.020,-0.414,-0.184,0.036,0.012,1.160,1.355,2,NULL,NULL,,2,1,2,7,255,1125,250,0,0
pre_stim,8906,8906,1,8906,3206219.454,0.882,-0.069,-0.063,0.462,3032,127,457,3101,1981,2412,183,2395,53,1.232,1,2044,1,12.273,0.450,7.063,-4.688,8.875,-0.137,0.016,0.980,-0.031,-0.449,-0.184,0.036,0.012,1.160,1.355,2,NULL,NULL,,2,1,2,7,255,1125,250,0,0
pre_stim,8906,8906,1,8906,3206224.455,0.882,-0.069,-0.062,0.462,3029,118,435,3098,1976,2413,180,2403,53,1.232,1,2044,1,12.944,0.450,7.188,-5.063,9.500,-0.133,-0.004,0.973,-0.031,-0.449,-0.184,0.036,0.010,1.160,1.355,2,NULL,NULL,,2,1,2,7,255,1125,250,0,0
pre_stim,8906,8906,1,8906,3206229.453,0.882,-0.069,-0.062,0.462,3017,115,419,3081,1971,2403,179,2393,53,1.232,1,2044,1,14.774,0.605,8.188,-5.500,11.000,-0.137,-0.008,0.961,-0.180,-0.578,-0.195,0.036,0.010,1.160,1.355,2,NULL,NULL,,2,1,2,7,255,1125,250,0,0
pre_stim,8906,8906,1,8906,3206234.455,0.882,-0.070,-0.062,0.461,3013,111,425,3065,1963,2404,181,2392,53,1.232,1,2044,1,17.176,0.624,10.063,-6.250,12.438,-0.145,0.000,0.961,-0.234,-0.578,-0.289,0.036,0.008,1.160,1.355,2,NULL,NULL,,2,1,2,7,255,1125,250,0,0
pre_stim,8906,8906,1,8906,3206239.454,0.883,-0.070,-0.061,0.461,2999,117,437,3063,1975,2404,189,2397,53,1.232,1,2044,1,18.496,0.502,11.438,-7.313,12.563,-0.176,0.020,0.965,-0.238,-0.441,-0.289,0.038,0.008,1.160,1.355,2,NULL,NULL,,2,1,2,7,255,1125,250,0,0
pre_stim,8930,8930,1,8930,3206244.455,0.883,-0.070,-0.060,0.460,2987,123,447,3051,1979,2399,203,2404,53,1.232,1,2044,1,18.253,0.262,11.688,-9.000,10.750,-0.203,0.051,0.973,-0.234,-0.117,-0.191,0.038,0.008,1.160,1.355,2,NULL,NULL,,2,1,2,7,255,1125,250,0,0
pre_stim,8930,8930,1,8930,3206249.453,0.883,-0.071,-0.060,0.460,2979,125,475,3044,2001,2403,238,2409,53,1.232,1,2044,1,17.225,0.304,11.438,-10.688,7.188,-0.223,0.078,0.984,-0.168,0.254,-0.066,0.038,0.008,1.160,1.355,2,NULL,NULL,,2,1,2,7,255,1125,250,0,0
pre_stim,8930,8930,1,8930,3206254.455,0.883,-0.071,-0.059,0.460,2967,135,523,3032,2022,2404,279,2421,53,1.232,1,2044,1,16.398,0.578,10.750,-12.188,2.188,-0.219,0.102,0.988,-0.066,0.574,0.098,0.036,0.014,1.160,1.355,2,NULL,NULL,,2,1,2,7,255,1125,250,0,0
pre_stim,8930,8930,1,8930,3206259.454,0.883,-0.071,-0.058,0.460,2955,142,596,3019,2057,2405,318,2441,53,1.232,1,2044,1,17.191,0.593,10.063,-13.938,0.125,-0.195,0.125,1.004,0.148,0.574,0.145,0.036,0.018,1.160,1.355,2,NULL,NULL,,2,1,2,7,255,1125,250,0,0
pre_stim,8930,8930,1,8930,3206264.455,0.883,-0.071,-0.058,0.460,2939,155,655,3005,2089,2407,347,2456,53,1.232,1,2044,1,17.127,0.745,8.375,-14.938,-0.250,-0.184,0.148,1.023,0.465,0.582,0.234,0.038,0.024,1.160,1.355,2,NULL,NULL,,2,1,2,7,255,1125,250,0,0
pre_stim,8930,8930,1,8930,3206269.453,0.883,-0.071,-0.057,0.460,2924,165,685,2999,2125,2410,383,2469,53,1.232,1,2044,1,16.712,0.910,5.688,-15.438,-2.938,-0.176,0.180,1.043,0.699,0.582,0.430,0.040,0.030,1.160,1.355,2,NULL,NULL,,2,1,2,7,255,1125,250,0,0
pre_stim,8960,8960,1,8960,3206274.455,0.883,-0.071,-0.056,0.461,2903,172,762,2983,2169,2413,429,2487,53,1.232,1,2044,1,17.372,1.147,2.688,-15.250,-7.875,-0.145,0.188,1.035,0.988,0.582,0.516,0.040,0.034,1.160,1.355,2,NULL,NULL,,2,1,2,7,255,1125,250,0,0
pre_stim,8960,8960,1,8960,3206279.454,0.883,-0.071,-0.055,0.461,2885,173,831,2969,2219,2422,470,2503,53,1.232,1,2044,1,17.288,1.122,0.750,-15.000,-8.563,-0.117,0.145,1.020,0.996,0.516,0.516,0.042,0.038,1.160,1.355,2,NULL,NULL,,2,1,2,7,255,1125,250,0,0
pre_stim,8960,8960,1,8960,3206284.455,0.883,-0.071,-0.055,0.461,2861,187,910,2958,2261,2424,527,2517,53,1.232,1,2044,1,16.428,0.999,-1.250,-14.750,-7.125,-0.117,0.086,0.992,0.996,0.078,0.293,0.044,0.040,1.160,1.355,2,NULL,NULL,,2,1,2,7,255,1125,250,0,0
pre_stim,8960,8960,1,8960,3206289.453,0.883,-0.070,-0.054,0.462,2845,197,988,2943,2288,2429,634,2533,53,1.232,1,2044,1,16.224,0.565,-1.125,-14.563,-7.063,-0.125,0.066,0.977,0.527,-0.203,0.008,0.044,0.042,1.160,1.355,2,NULL,NULL,,2,1,2,7,255,1125,250,0,0
pre_stim,8998,8998,0,8998,3206294.455,0.883,-0.070,-0.054,0.462,2828,207,1108,2931,2328,2439,711,2547,53,1.232,1,2044,1,17.290,0.344,0.813,-14.625,-9.188,-0.133,0.070,0.977,0.277,-0.203,-0.121,0.046,0.042,1.160,1.355,2,NULL,NULL,,2,0,2,7,255,1125,250,0,0
pre_stim,8998,8998,0,8998,3206299.454,0.882,-0.070,-0.053,0.462,2809,233,1177,2917,2376,2444,779,2566,53,1.232,1,2044,1,18.800,0.283,1.438,-15.313,-10.813,-0.164,0.078,0.996,0.254,-0.125,-0.121,0.046,0.044,1.160,1.355,2,NULL,NULL,,2,0,2,7,255,1125,250,0,0
pre_stim,8998,8998,0,8998,3206304.455,0.882,-0.069,-0.052,0.463,2793,263,1261,2901,2412,2451,871,2581,53,1.232,1,2044,1,21.630,0.288,0.813,-15.563,-15.000,-0.184,0.105,1.023,0.254,0.137,0.117,0.046,0.044,1.160,1.355,2,NULL,NULL,,2,0,2,7,255,1125,250,0,0
pre_stim,8998,8998,0,8998,3206309.454,0.882,-0.069,-0.052,0.464,2771,288,1415,2885,2459,2456,967,2596,53,1.232,1,2044,1,25.776,0.472,-2.125,-15.563,-20.438,-0.164,0.121,1.035,0.297,0.367,0.426,0.046,0.044,1.160,1.355,2,NULL,NULL,,2,0,2,7,255,1125,250,0,0
pre_stim,8998,8998,0,8998,3206314.455,0.881,-0.069,-0.051,0.465,2735,326,1525,2863,2491,2461,1096,2611,53,1.232,1,2044,1,28.422,0.643,-6.250,-15.938,-22.688,-0.137,0.105,1.031,0.527,0.367,0.426,0.046,0.042,1.160,1.355,2,NULL,NULL,,2,0,2,7,255,1125,250,0,0
pre_stim,8998,8998,0,8998,3206319.454,0.881,-0.068,-0.051,0.466,2717,345,1653,2852,2532,2475,1205,2633,53,1.232,1,2044,1,30.518,0.533,-10.313,-15.875,-23.938,-0.133,0.070,1.020,0.527,0.074,0.426,0.046,0.042,1.160,1.355,2,NULL,NULL,,2,0,2,7,255,1125,250,0,0
pre_stim,9023,9023,0,9023,3206324.455,0.880,-0.067,-0.051,0.467,2681,392,1757,2829,2551,2479,1287,2649,53,1.232,1,2044,1,33.193,0.287,-11.813,-15.813,-26.688,-0.141,0.023,1.004,0.258,-0.125,0.293,0.046,0.042,1.160,1.355,2,NULL,NULL,,2,0,2,7,255,1125,250,0,0
pre_stim,9023,9023,0,9023,3206329.453,0.880,-0.066,-0.050,0.468,2628,407,1839,2808,2586,2475,1373,2653,53,1.232,1,2044,1,35.854,0.315,-13.625,-16.313,-28.875,-0.137,-0.012,1.004,-0.148,-0.277,0.121,0.046,0.040,1.160,1.355,2,NULL,NULL,,2,0,2,7,255,1125,250,0,0
pre_stim,9023,9023,0,9023,3206334.455,0.879,-0.065,-0.050,0.469,2587,411,1933,2787,2608,2479,1471,2666,53,1.232,1,2044,1,37.954,0.623,-15.813,-16.250,-30.438,-0.117,-0.047,0.996,-0.410,-0.469,0.090,0.048,0.040,1.160,1.355,2,NULL,NULL,,2,0,2,7,255,1125,250,0,0
pre_stim,9023,9023,0,9023,3206339.453,0.879,-0.063,-0.050,0.470,2544,412,2015,2765,2635,2484,1549,2679,53,1.232,1,2044,1,37.306,0.988,-17.688,-16.438,-28.438,-0.102,-0.070,0.980,-0.578,-0.801,-0.020,0.048,0.038,1.160,1.355,2,NULL,NULL,,2,0,2,7,255,1125,250,0,0
pre_stim,9023,9023,0,9023,3206344.455,0.879,-0.062,-0.050,0.471,2489,415,2085,2739,2655,2487,1651,2695,53,1.232,1,2044,1,35.192,1.103,-18.688,-17.000,-24.500,-0.113,-0.066,0.984,-0.691,-0.859,-0.141,0.050,0.036,1.160,1.355,2,NULL,NULL,,2,0,2,7,255,1125,250,0,0
pre_stim,9023,9023,0,9023,3206349.453,0.878,-0.061,-0.049,0.472,2429,430,2168,2707,2685,2492,1757,2713,53,1.232,1,2044,1,35.218,1.103,-20.563,-17.563,-22.563,-0.137,-0.051,0.996,-0.691,-0.859,-0.141,0.050,0.036,1.160,1.355,2,NULL,NULL,,2,0,2,7,255,1125,250,0,0
pre_stim,9023,9023,0,9023,3206354.455,0.878,-0.059,-0.049,0.473,2359,453,2237,2665,2711,2493,1830,2729,53,1.232,1,2044,1,39.267,0.921,-25.625,-18.875,-23.000,-0.156,-0.047,1.016,-0.711,-0.586,0.035,0.052,0.036,1.160,1.355,2,NULL,NULL,,2,0,2,7,255,1125,250,0,0
pre_stim,9023,9023,0,9023,3206359.454,0.878,-0.058,-0.049,0.474,2295,456,2297,2620,2729,2495,1907,2747,53,1.232,1,2044,1,45.197,0.814,-32.188,-20.313,-24.375,-0.160,-0.043,1.031,-0.723,-0.375,0.262,0.052,0.036,1.160,1.355,2,NULL,NULL,,2,0,2,7,255,1125,250,0,0
pre_stim,9055,9055,0,9055,3206364.455,0.877,-0.056,-0.049,0.475,2211,461,2367,2575,2751,2503,2007,2765,53,1.232,1,2044,1,49.613,0.792,-35.875,-21.500,-26.688,-0.145,-0.008,1.008,-0.723,-0.324,0.262,0.054,0.034,1.160,1.355,2,NULL,NULL,,2,0,2,7,255,1125,250,0,0
pre_stim,9055,9055,0,9055,3206369.454,0.877,-0.054,-0.049,0.475,2126,459,2443,2525,2783,2509,2079,2786,53,1.232,1,2044,1,48.220,0.380,-33.125,-23.000,-26.438,-0.133,0.023,0.973,-0.316,-0.211,0.160,0.056,0.034,1.160,1.355,2,NULL,NULL,,2,0,2,7,255,1125,250,0,0
pre_stim,9055,9055,0,9055,3206374.455,0.876,-0.052,-0.049,0.476,2013,446,2492,2457,2799,2505,2139,2795,53,1.232,1,2044,1,44.791,0.055,-26.313,-23.688,-27.438,-0.133,0.027,0.977,0.000,-0.055,-0.164,0.058,0.034,1.160,1.355,2,NULL,NULL,,2,0,2,7,255,1125,250,0,0
pre_stim,9055,9055,0,9055,3206379.453,0.876,-0.051,-0.048,0.478,1937,431,2549,2397,2827,2511,2205,2807,53,1.232,1,2044,1,46.345,0.055,-25.813,-24.500,-29.688,-0.141,-0.023,1.051,0.000,-0.055,-0.164,0.060,0.034,1.160,1.355,2,NULL,NULL,,2,0,2,7,255,1125,250,0,0
pre_stim,9055,9055,0,9055,3206384.455,0.875,-0.049,-0.048,0.479,1785,408,2607,2313,2845,2509,2257,2825,53,1.232,1,2044,1,53.133,0.361,-34.000,-25.750,-31.688,-0.113,-0.027,1.086,-0.227,-0.281,0.578,0.060,0.034,1.160,1.355,2,NULL,NULL,,2,0,2,7,255,1125,250,0,0
pre_stim,9055,9055,0,9055,3206389.454,0.875,-0.047,-0.048,0.480,1583,373,2648,2219,2859,2503,2321,2839,53,1.232,1,2044,1,56.175,0.454,-38.000,-26.375,-31.875,-0.113,-0.023,1.031,-0.230,-0.391,0.578,0.062,0.034,1.160,1.355,2,NULL,NULL,,2,0,2,7,255,1125,250,0,0
pre_stim,9105,9105,0,9105,3206394.455,0.874,-0.044,-0.048,0.481,1413,341,2684,2111,2872,2501,2359,2839,53,1.232,1,2044,1,55.988,0.452,-37.063,-26.625,-32.438,-0.113,-0.023,0.992,-0.227,-0.391,0.348,0.064,0.034,1.160,1.355,2,NULL,NULL,,2,0,2,7,255,1125,250,0,0
pre_stim,9105,9105,0,9105,3206399.453,0.874,-0.043,-0.047,0.482,1227,298,2719,1974,2891,2493,2411,2847,53,1.232,1,2044,1,53.577,0.444,-32.188,-27.750,-32.625,-0.082,0.004,0.992,-0.219,-0.387,-0.031,0.066,0.036,1.160,1.355,2,NULL,NULL,,2,0,2,7,255,1125,250,0,0
pre_stim,9105,9105,0,9105,3206404.455,0.873,-0.041,-0.047,0.483,1033,245,2747,1791,2909,2491,2463,2860,53,1.232,1,2044,1,45.592,0.346,-24.000,-29.938,-24.625,-0.086,0.031,1.012,0.184,-0.293,-0.031,0.068,0.036,1.160,1.355,2,NULL,NULL,,2,0,2,7,255,1125,250,0,0
pre_stim,9105,9105,0,9105,3206409.454,0.873,-0.039,-0.046,0.484,811,189,2781,1575,2921,2487,2509,2871,53,1.232,1,2044,1,44.880,0.251,-20.188,-29.625,-27.000,-0.152,0.008,1.063,0.184,-0.172,0.121,0.070,0.038,1.160,1.355,2,NULL,NULL,,2,0,2,7,255,1125,250,0,0
pre_stim,9105,9105,0,9105,3206414.455,0.872,-0.038,-0.045,0.485,585,172,2808,1334,2935,2477,2547,2876,53,1.232,1,2044,1,51.251,0.419,-26.125,-32.938,-29.313,-0.090,0.043,1.098,0.406,-0.102,0.719,0.070,0.038,1.160,1.355,2,NULL,NULL,,2,0,2,7,255,1125,250,0,0
pre_stim,9105,9105,0,9105,3206419.453,0.872,-0.036,-0.044,0.486,357,115,2830,1081,2949,2468,2589,2888,53,1.232,1,2044,1,48.547,0.531,-25.438,-34.813,-22.313,-0.094,0.047,1.066,0.531,0.016,0.719,0.070,0.040,1.160,1.355,2,NULL,NULL,,2,0,2,7,255,1125,250,0,0
pre_stim,9105,9105,0,9105,3206424.455,0.872,-0.034,-0.044,0.487,207,75,2851,891,2965,2451,2627,2897,53,1.232,1,2044,1,53.321,0.532,-27.813,-35.000,-29.063,-0.105,0.012,1.063,0.531,-0.023,0.664,0.068,0.042,1.160,1.355,2,NULL,NULL,,2,0,2,7,255,1125,250,0,0
pre_stim,9105,9105,0,9105,3206429.454,0.871,-0.032,-0.042,0.488,101,31,2871,663,2975,2431,2655,2905,53,1.232,1,2044,1,52.073,0.555,-23.438,-40.125,-23.500,-0.039,0.066,1.059,0.555,-0.023,0.648,0.064,0.044,1.160,1.355,2,NULL,NULL,,2,0,2,7,255,1125,250,0,0
pre_stim,9105,9105,0,9105,3206434.455,0.871,-0.031,-0.041,0.489,47,8,2899,454,2997,2415,2696,2927,53,1.232,1,2044,1,50.691,0.989,-19.813,-41.313,-21.688,-0.047,0.098,1.082,0.988,-0.023,0.648,0.060,0.046,1.160,1.355,2,NULL,NULL,,2,0,2,7,255,1125,250,0,0
pre_stim,9105,9105,0,9105,3206439.453,0.871,-0.029,-0.040,0.489,24,0,2919,357,3001,2386,2711,2931,53,1.232,1,2044,1,52.234,1.195,-17.125,-46.188,-17.375,-0.047,0.117,1.117,1.195,-0.004,0.785,0.058,0.048,1.160,1.355,2,NULL,NULL,,2,0,2,7,255,1125,250,0,0
pre_stim,9125,9125,0,9125,3206444.455,0.871,-0.028,-0.038,0.490,8,0,2921,273,3023,2361,2735,2923,53,1.232,1,2044,1,51.450,1.200,-10.625,-49.375,-9.813,-0.125,0.043,1.172,1.195,0.105,1.094,0.056,0.052,1.160,1.355,2,NULL,NULL,,2,0,2,7,255,1125,250,0,0
pre_stim,9125,9125,0,9125,3206449.454,0.871,-0.027,-0.036,0.490,0,0,2940,213,3027,2327,2769,2926,53,1.232,1,2044,1,58.903,0.536,0.938,-58.375,7.813,-0.293,-0.105,1.313,0.383,0.375,1.723,0.054,0.056,1.160,1.355,2,NULL,NULL,,2,0,2,7,255,1125,250,0,0
pre_stim,9125,9125,0,9125,3206454.455,0.871,-0.026,-0.033,0.489,0,0,2939,169,3031,2285,2781,2933,53,1.232,1,2044,1,68.000,1.911,9.375,-67.250,3.688,-0.410,-0.156,1.527,-1.641,0.980,3.273,0.050,0.062,1.160,1.355,2,NULL,NULL,,2,0,2,7,255,1125,250,0,0
pre_stim,9125,9125,0,9125,3206459.454,0.872,-0.025,-0.030,0.489,0,0,2943,147,3039,2237,2805,2934,53,1.232,1,2044,1,86.807,2.304,27.438,-80.000,19.563,-0.406,0.063,1.762,-1.641,1.617,5.457,0.044,0.068,1.160,1.355,2,NULL,NULL,,2,0,2,7,255,1125,250,0,0
pre_stim,9147,9147,0,9147,3206464.455,0.872,-0.022,-0.027,0.488,0,0,2955,101,3048,2185,2827,2937,53,1.232,1,2044,0,93.977,1.969,-40.563,-84.188,9.938,-0.160,0.262,1.555,-0.680,1.848,5.457,0.038,0.076,1.160,1.355,3,NULL,NULL,,2,0,2,7,255,1125,250,0,0
pre_stim,9147,9147,0,9147,3206469.454,0.873,-0.017,-0.026,0.487,0,0,2961,36,3055,2124,2843,2937,53,1.232,1,2044,0,114.565,2.159,-74.063,-85.688,17.250,-0.055,0.102,1.184,1.117,1.848,5.438,0.032,0.084,1.160,1.355,3,NULL,NULL,,2,0,2,7,255,1125,250,0,0
pre_stim,9147,9147,0,9147,3206474.455,0.874,-0.014,-0.023,0.486,0,0,2968,0,3063,2031,2860,2937,53,1.232,1,2044,0,115.301,1.320,-53.813,-93.063,41.688,-0.113,0.027,1.012,1.117,0.703,1.773,0.026,0.092,1.160,1.355,3,NULL,NULL,,2,0,2,7,255,1125,250,0,0
pre_stim,9147,9147,0,9147,3206479.453,0.875,-0.011,-0.020,0.483,0,0,2971,0,3067,1943,2877,2939,53,1.232,1,2044,0,118.655,0.710,-13.875,-101.125,60.500,-0.285,-0.059,1.051,0.102,0.703,0.625,0.020,0.102,1.160,1.355,3,NULL,NULL,,2,0,2,7,255,1125,250,0,0
pre_stim,9171,9171,0,9171,3206484.455,0.876,-0.009,-0.016,0.482,0,0,2972,0,3079,1809,2897,2935,53,1.232,1,2044,0,113.377,2.319,-1.500,-106.875,37.813,-0.375,-0.109,1.191,-1.531,1.742,0.625,0.016,0.112,1.160,1.355,3,NULL,NULL,,2,0,2,7,255,1125,250,0,0
pre_stim,9171,9171,0,9171,3206489.454,0.877,-0.006,-0.012,0.481,0,0,2985,0,3095,1687,2907,2949,53,1.232,1,2044,0,114.202,2.987,-8.438,-111.938,21.000,-0.320,-0.227,1.277,-2.426,1.742,2.027,0.016,0.120,1.160,1.355,3,NULL,NULL,,2,0,2,7,255,1125,250,0,0
pre_stim,9205,9205,0,9205,3206494.455,0.877,-0.003,-0.008,0.480,0,0,2973,0,3091,1561,2921,2925,53,1.232,1,2044,0,118.949,3.228,-12.125,-117.375,15.000,-0.254,-0.238,1.223,-2.953,1.305,2.305,0.020,0.130,1.160,1.355,3,NULL,NULL,,2,0,2,7,255,1125,250,0,0
pre_stim,9205,9205,0,9205,3206499.453,0.878,-0.000,-0.004,0.479,0,0,2969,0,3109,1375,2953,2920,53,1.232,1,2044,0,124.851,3.057,-15.188,-122.813,16.563,-0.184,-0.195,1.145,-2.953,0.789,2.305,0.026,0.140,1.160,1.355,3,NULL,NULL,,2,0,2,7,255,1125,250,0,0
pre_stim,9205,9205,0,9205,3206504.455,0.878,0.003,0.000,0.479,0,0,2965,0,3112,1197,2953,2919,53,1.232,1,2044,0,130.420,2.432,-10.625,-128.563,19.188,-0.180,-0.133,1.105,-2.301,0.789,1.469,0.034,0.150,1.160,1.355,3,NULL,NULL,,2,0,2,7,255,1125,250,0,0
pre_stim,9205,9205,0,9205,3206509.454,0.879,0.006,0.005,0.477,0,0,2940,0,3103,997,2957,2906,53,1.232,1,2044,0,137.225,2.070,5.875,-135.188,22.813,-0.191,-0.094,1.105,-1.840,0.949,1.043,0.044,0.162,1.160,1.355,3,NULL,NULL,,2,0,2,7,255,1125,250,0,0
pre_stim,9205,9205,0,9205,3206514.455,0.879,0.008,0.011,0.477,0,0,2925,0,3103,837,2968,2893,53,1.232,1,2044,0,143.221,2.132,16.188,-141.563,14.500,-0.207,-0.074,1.129,-1.648,1.352,1.043,0.056,0.174,1.160,1.355,3,NULL,NULL,,2,0,2,7,255,1125,250,0,0
pre_stim,9205,9205,0,9205,3206519.454,0.879,0.010,0.017,0.476,0,0,2909,0,3111,638,2989,2889,53,1.232,1,2044,0,153.152,2.356,25.688,-149.875,18.250,-0.215,-0.109,1.230,-1.648,1.684,1.223,0.068,0.186,1.160,1.355,3,NULL,NULL,,2,0,2,7,255,1125,250,0,0
pre_stim,9205,9205,0,9205,3206524.455,0.880,0.012,0.023,0.475,0,0,2897,0,3114,483,2987,2873,53,1.232,1,2044,0,161.691,2.354,30.750,-157.938,15.938,-0.176,-0.012,1.324,-1.625,1.703,2.207,0.082,0.198,1.160,1.355,3,NULL,NULL,,2,0,2,7,255,1125,250,0,0
pre_stim,9205,9205,0,9205,3206529.453,0.880,0.014,0.030,0.474,0,0,2816,0,3123,345,2997,2843,53,1.232,1,2044,0,166.805,2.388,17.938,-165.313,13.188,-0.156,0.035,1.301,-1.176,2.078,2.809,0.094,0.214,1.160,1.355,3,NULL,NULL,,2,0,2,7,255,1125,250,0,0
pre_stim,9205,9205,0,9205,3206534.455,0.880,0.017,0.037,0.473,0,0,2827,0,3129,191,2995,2827,53,1.232,1,2044,0,176.623,2.446,21.875,-174.125,19.938,-0.141,0.090,1.352,-0.820,2.305,3.078,0.110,0.228,1.160,1.355,3,NULL,NULL,,2,0,2,7,255,1125,250,0,0
pre_stim,9205,9205,0,9205,3206539.454,0.880,0.020,0.044,0.472,0,0,2783,0,3129,100,3007,2797,53,1.232,1,2044,0,185.451,2.669,21.875,-183.250,18.250,-0.152,0.172,1.418,-0.391,2.641,3.273,0.126,0.248,1.160,1.355,3,NULL,NULL,,2,0,2,7,255,1125,250,0,0
pre_stim,9229,9229,0,9229,3206544.455,0.880,0.023,0.052,0.471,0,0,2732,0,3117,37,3007,2763,53,1.232,1,2044,0,193.920,3.405,15.750,-192.313,19.313,-0.211,0.121,1.480,-0.391,3.383,3.828,0.144,0.268,1.160,1.355,3,NULL,NULL,,2,0,2,7,255,1125,250,0,0
pre_stim,9229,9229,0,9229,3206549.453,0.881,0.026,0.060,0.469,0,0,2701,0,3127,0,3015,2719,53,1.232,1,2044,0,206.675,3.909,20.125,-203.938,26.813,-0.340,0.082,1.672,-0.863,3.813,4.359,0.168,0.294,1.160,1.355,3,NULL,NULL,,2,0,2,7,255,1125,250,0,0
pre_stim,9229,9229,0,9229,3206554.455,0.881,0.031,0.068,0.467,0,0,2621,0,3118,0,3018,2677,53,1.232,1,2044,0,223.428,5.329,8.563,-221.188,30.375,-0.375,0.207,1.836,-1.629,5.074,6.008,0.194,0.322,1.160,1.355,3,NULL,NULL,,2,0,2,7,255,1125,250,0,0
pre_stim,9229,9229,0,9229,3206559.454,0.881,0.036,0.077,0.466,0,0,2535,0,3113,0,3015,2619,53,1.232,1,2044,0,234.594,6.709,-5.000,-233.938,16.813,-0.355,0.336,1.949,-1.629,6.508,7.414,0.226,0.356,1.160,1.355,3,NULL,NULL,,2,0,2,7,255,1125,250,0,0
pre_stim,9229,9229,0,9229,3206564.455,0.880,0.042,0.086,0.465,0,0,2439,0,3117,0,3017,2567,53,1.232,1,2044,0,250.900,7.543,-25.563,-248.875,18.938,-0.324,0.445,2.035,-0.766,7.504,8.383,0.266,0.398,1.160,1.355,3,NULL,NULL,,2,0,2,7,255,1125,250,0,0
pre_stim,9229,9229,0,9229,3206569.453,0.880,0.049,0.095,0.463,0,0,2319,0,3097,0,3001,2477,53,1.232,1,2044,0,268.754,8.352,-50.000,-263.250,20.688,-0.348,0.488,2.035,0.016,8.352,8.828,0.310,0.446,1.160,1.355,3,NULL,NULL,,2,0,2,7,255,1125,250,0,0
pre_stim,9260,9260,0,9260,3206574.455,0.879,0.057,0.105,0.461,0,0,2149,0,3091,0,2987,2407,53,1.232,1,2044,0,292.046,9.184,-62.063,-283.625,31.563,-0.410,0.496,2.078,0.016,9.184,8.859,0.360,0.498,1.160,1.355,3,NULL,NULL,,2,0,2,7,255,1125,250,0,0
pre_stim,9260,9260,0,9260,3206579.454,0.878,0.066,0.115,0.459,0,0,1989,0,3065,0,2980,2313,53,1.232,1,2044,0,313.760,10.243,-69.563,-304.000,34.500,-0.434,0.613,2.168,0.086,10.242,8.859,0.414,0.554,1.160,1.355,3,NULL,NULL,,2,0,2,7,255,1125,250,0,0
pre_stim,9260,9260,0,9260,3206584.455,0.877,0.076,0.125,0.457,0,0,1775,0,3052,0,2963,2189,53,1.232,1,2044,0,335.359,11.762,-89.188,-322.250,25.813,-0.445,0.676,2.207,0.090,11.762,9.277,0.474,0.614,1.160,1.355,3,NULL,NULL,,2,0,2,7,255,1125,250,0,0
pre_stim,9260,9260,0,9260,3206589.453,0.875,0.087,0.136,0.455,0,0,1601,0,3027,0,2926,2057,53,1.232,1,2044,0,357.312,12.809,-99.375,-342.375,24.000,-0.496,0.691,2.316,0.090,12.809,9.332,0.540,0.682,1.160,1.355,3,NULL,NULL,,2,0,2,7,255,1125,250,0,0
pre_stim,9305,9305,0,9305,3206594.455,0.873,0.098,0.148,0.454,0,0,1517,0,3001,0,2888,1901,53,1.232,1,2044,0,374.652,14.154,-105.125,-359.188,17.250,-0.629,0.734,2.566,-0.191,14.152,9.773,0.614,0.760,1.160,1.355,3,NULL,NULL,,2,0,2,7,255,1125,250,0,0
pre_stim,9305,9305,0,9305,3206599.454,0.871,0.111,0.159,0.452,0,0,1438,0,2951,0,2833,1719,53,1.232,1,2044,0,393.279,16.841,-126.313,-372.438,-2.000,-0.723,0.832,2.793,-1.102,16.805,11.117,0.698,0.846,1.160,1.355,3,NULL,NULL,,2,0,2,7,255,1125,250,0,0
pre_stim,9305,9305,0,9305,3206604.455,0.867,0.124,0.171,0.452,0,0,1353,0,2893,0,2763,1549,53,1.232,1,2044,0,423.254,19.536,-165.938,-388.625,-24.063,-0.766,0.758,2.840,-1.301,19.492,11.762,0.790,0.938,1.160,1.355,3,NULL,NULL,,2,0,2,7,255,1125,250,0,0
pre_stim,9305,9305,0,9305,3206609.454,0.862,0.140,0.182,0.452,0,0,1196,0,2823,0,2648,1403,53,1.232,1,2044,0,454.264,19.704,-197.875,-407.063,-38.750,-0.777,0.520,2.738,-2.289,19.570,11.762,0.888,1.038,1.160,1.355,3,NULL,NULL,,2,0,2,7,255,1125,250,0,0
pre_stim,9305,9305,0,9305,3206614.455,0.856,0.155,0.195,0.452,0,0,1043,0,2727,0,2479,1241,53,1.232,1,2044,0,465.868,20.787,-189.063,-422.500,-52.750,-0.852,0.422,2.746,-4.176,20.363,10.242,0.990,1.142,1.160,1.355,3,NULL,NULL,,2,0,2,7,255,1125,250,0,0
pre_stim,9305,9305,0,9305,3206619.454,0.850,0.170,0.208,0.453,0,0,875,0,2591,0,2253,1103,53,1.232,1,2044,0,479.641,21.136,-181.938,-437.750,-73.000,-0.777,0.398,2.859,-5.434,20.426,9.711,1.096,1.248,1.160,1.355,3,NULL,NULL,,2,0,2,7,255,1125,250,0,0
pre_stim,9305,9305,0,9305,3206624.455,0.843,0.185,0.222,0.455,0,0,695,0,2444,0,1983,951,53,1.232,1,2044,0,491.099,21.149,-185.375,-443.750,-99.500,-0.551,0.246,2.902,-5.484,20.426,9.711,1.196,1.350,1.160,1.355,3,NULL,NULL,,2,0,2,7,255,1125,250,0,0
pre_stim,9305,9305,0,9305,3206629.453,0.835,0.200,0.235,0.455,0,0,447,0,2239,0,1655,829,53,1.232,1,2044,0,503.611,20.691,-195.750,-455.125,-90.375,-0.359,0.027,2.730,-5.766,19.871,9.711,1.288,1.444,1.160,1.355,3,NULL,NULL,,2,0,2,7,255,1125,250,0,0
pre_stim,9305,9305,0,9305,3206634.455,0.828,0.217,0.248,0.454,0,0,301,0,1962,0,1255,708,53,1.232,1,2044,0,514.768,18.650,-206.688,-470.188,-34.500,-0.258,-0.316,2.238,-6.426,17.508,9.707,1.370,1.528,1.160,1.355,3,NULL,NULL,,2,0,2,7,255,1125,250,0,0
pre_stim,9305,9305,0,9305,3206639.454,0.821,0.234,0.262,0.451,0,0,93,0,1657,0,703,573,53,1.232,1,2044,0,526.446,15.481,-186.750,-492.188,4.563,-0.168,-0.543,1.613,-8.031,13.234,6.215,1.444,1.602,1.160,1.355,3,NULL,NULL,,2,0,2,7,255,1125,250,0,0
pre_stim,9327,9327,0,9327,3206644.455,0.815,0.248,0.278,0.445,0,0,33,0,1277,0,239,456,53,1.232,1,2044,0,523.109,11.859,-104.500,-512.000,24.063,-0.238,-0.527,1.309,-8.262,8.508,1.887,1.518,1.678,1.160,1.355,3,NULL,NULL,,2,0,2,7,255,1125,250,0,0
pre_stim,9327,9327,0,9327,3206649.453,0.809,0.259,0.294,0.438,0,0,0,0,933,0,0,351,53,1.232,1,2044,0,506.664,11.859,-37.000,-504.375,30.750,-0.195,0.172,1.480,-8.262,8.508,-1.234,1.596,1.758,1.160,1.355,3,NULL,NULL,,2,0,2,7,255,1125,250,0,0
pre_stim,9327,9327,0,9327,3206654.455,0.803,0.270,0.311,0.431,0,0,0,0,485,0,0,235,53,1.232,1,2044,0,494.911,12.133,-14.188,-492.938,41.813,-0.273,0.656,1.934,-2.719,11.824,-1.234,1.684,1.848,1.160,1.355,3,NULL,NULL,,2,0,2,7,255,1125,250,0,0
pre_stim,9327,9327,0,9327,3206659.454,0.798,0.283,0.325,0.422,0,0,0,0,103,0,0,153,53,1.232,1,2044,0,504.882,17.873,-72.375,-488.063,107.063,-0.496,0.930,1.988,-0.234,17.871,-1.484,1.778,1.944,1.160,1.355,3,NULL,NULL,,2,0,2,7,255,1125,250,0,0
pre_stim,9353,9353,0,9353,3206664.455,0.792,0.299,0.337,0.412,0,0,0,0,0,0,0,83,53,1.232,1,2044,0,529.176,20.556,-142.063,-484.625,158.063,-0.918,0.863,1.688,-0.234,20.555,-3.148,1.874,2.040,1.160,1.355,4,NULL,NULL,,2,0,2,7,255,1125,250,0,0
pre_stim,9353,9353,0,9353,3206669.453,0.786,0.316,0.348,0.402,0,0,0,0,0,0,0,3,53,1.232,1,2044,0,529.672,20.580,-167.750,-476.625,158.875,-1.195,0.719,1.344,-1.023,20.555,-8.926,1.966,2.134,1.160,1.355,0,NULL,NULL,,2,0,2,7,255,1125,250,0,0
pre_stim,9353,9353,0,9353,3206674.455,0.779,0.332,0.358,0.393,0,0,0,0,0,0,0,0,53,1.232,1,2044,0,512.180,18.546,-162.313,-466.500,135.500,-1.219,0.641,1.180,-2.625,18.359,-13.563,2.050,2.220,1.160,1.355,0,NULL,NULL,,2,0,2,7,255,1125,250,0,0
pre_stim,9353,9353,0,9353,3206679.454,0.771,0.346,0.369,0.385,0,0,0,0,0,0,0,21,53,1.232,1,2044,0,480.785,16.800,-166.063,-443.438,83.313,-0.773,0.785,1.125,-2.625,16.594,-13.563,2.120,2.292,1.160,1.355,0,NULL,NULL,,2,0,2,7,255,1125,250,0,0
pre_stim,9353,9353,0,9353,3206684.455,0.763,0.360,0.379,0.381,0,0,0,0,0,0,0,45,53,1.232,1,2044,0,428.905,15.068,-174.938,-390.188,33.313,-0.082,0.543,1.273,0.215,15.066,-12.883,2.182,2.356,1.160,1.355,0,NULL,NULL,,2,0,2,7,255,1125,250,0,0
pre_stim,9353,9353,0,9353,3206689.453,0.756,0.371,0.385,0.377,0,0,0,0,0,0,0,95,53,1.232,1,2044,0,342.071,13.080,-166.625,-296.875,33.375,0.066,0.090,1.316,0.215,13.078,-6.371,2.240,2.414,1.160,1.355,0,NULL,NULL,,2,0,2,7,255,1125,250,0,0
pre_stim,9406,9406,0,9406,3206694.455,0.751,0.382,0.388,0.373,0,0,0,0,0,0,0,109,53,1.232,1,2044,0,296.366,13.335,-173.000,-222.813,90.875,-0.383,0.148,1.457,-2.605,13.078,-6.371,2.296,2.472,1.160,1.355,0,NULL,NULL,,2,0,2,7,255,1125,250,0,0
pre_stim,9406,9406,0,9406,3206699.454,0.747,0.393,0.387,0.372,0,0,0,0,0,0,0,141,53,1.232,1,2044,0,281.834,14.340,-228.813,-142.188,82.813,-0.758,0.426,1.289,-2.883,14.047,-7.777,2.346,2.524,1.160,1.355,0,NULL,NULL,,2,0,2,7,255,1125,250,0,0
pre_stim,9406,9406,0,9406,3206704.455,0.741,0.403,0.383,0.375,0,0,0,0,0,0,0,146,53,1.232,1,2044,0,289.521,14.340,-283.250,-50.313,32.563,-0.699,0.512,0.703,-2.883,14.047,-12.727,2.384,2.566,1.160,1.355,0,NULL,NULL,,2,0,2,7,255,1125,250,0,0
pre_stim,9406,9406,0,9406,3206709.454,0.737,0.412,0.377,0.380,0,0,0,0,0,0,0,105,53,1.232,1,2044,0,290.004,9.648,-287.375,35.875,15.188,-0.449,0.629,0.043,-0.246,9.645,-14.836,2.412,2.594,1.160,1.355,0,NULL,NULL,,2,0,2,7,255,1125,250,0,0
pre_stim,9406,9406,0,9406,3206714.455,0.735,0.418,0.370,0.385,0,0,0,0,0,0,0,93,53,1.232,1,2044,0,246.575,4.863,-220.125,108.313,24.750,-0.359,0.629,-0.484,3.348,3.527,-15.547,2.436,2.618,1.160,1.355,0,NULL,NULL,,2,0,2,7,255,1125,250,0,0
pre_stim,9406,9406,0,9406,3206719.454,0.736,0.419,0.362,0.389,0,0,0,0,0,0,0,73,53,1.232,1,2044,0,200.849,3.538,-115.750,161.188,31.000,-0.477,0.414,-0.406,3.348,-1.145,-16.727,2.458,2.644,1.160,1.355,0,NULL,NULL,,2,0,2,7,255,1125,250,0,0
pre_stim,9406,9406,0,9406,3206724.455,0.739,0.418,0.354,0.393,0,0,0,0,0,0,0,60,53,1.232,1,2044,0,210.010,2.465,-60.500,199.500,25.375,-0.566,0.223,0.008,2.184,-1.145,-16.727,2.484,2.670,1.160,1.355,0,NULL,NULL,,2,0,2,7,255,1125,250,0,0
pre_stim,9406,9406,0,9406,3206729.453,0.741,0.417,0.346,0.397,0,0,0,0,0,0,0,55,53,1.232,1,2044,0,237.371,2.351,-63.625,227.500,23.250,-0.492,0.188,0.133,-0.641,2.262,-15.277,2.504,2.692,1.160,1.355,0,NULL,NULL,,2,0,2,7,255,1125,250,0,0
pre_stim,9406,9406,0,9406,3206734.455,0.744,0.415,0.336,0.402,0,0,0,0,0,0,0,52,53,1.232,1,2044,0,257.977,2.351,-69.500,245.188,40.063,-0.379,0.230,-0.051,-0.641,2.262,-13.992,2.520,2.710,1.160,1.355,0,NULL,NULL,,2,0,2,7,255,1125,250,0,0
pre_stim,9406,9406,0,9406,3206739.454,0.748,0.413,0.326,0.405,0,0,0,0,0,0,0,43,53,1.232,1,2044,0,266.499,1.400,-47.250,254.063,65.125,-0.387,0.289,-0.270,0.281,1.371,-13.992,2.534,2.724,1.160,1.355,0,NULL,NULL,,2,0,2,7,255,1125,250,0,0
pre_stim,9424,9424,0,9424,3206744.455,0.753,0.409,0.316,0.408,0,0,0,0,0,0,0,33,53,1.232,1,2044,0,269.984,1.031,-7.500,258.625,77.125,-0.461,0.336,-0.336,0.988,-0.293,-15.125,2.546,2.738,1.160,1.355,0,NULL,NULL,,2,0,2,7,255,1125,250,0,0
pre_stim,9424,9424,0,9424,3206749.453,0.758,0.405,0.306,0.410,0,0,0,0,0,0,0,26,53,1.232,1,2044,0,274.278,1.065,28.688,262.063,75.688,-0.465,0.355,-0.258,1.023,-0.293,-15.949,2.556,2.752,1.160,1.355,0,NULL,NULL,,2,0,2,7,255,1125,250,0,0
pre_stim,9424,9424,0,9424,3206754.455,0.764,0.399,0.297,0.412,0,0,0,0,0,0,0,25,53,1.232,1,2044,0,281.849,1.169,52.875,265.813,77.375,-0.395,0.348,-0.145,1.047,0.520,-15.949,2.568,2.764,1.160,1.355,0,NULL,NULL,,2,0,2,7,255,1125,250,0,0
pre_stim,9424,9424,0,9424,3206759.454,0.770,0.393,0.288,0.413,0,0,0,0,0,0,0,21,53,1.232,1,2044,0,291.276,1.658,68.500,269.063,88.063,-0.371,0.332,-0.063,1.023,1.305,-14.848,2.582,2.780,1.160,1.355,0,NULL,NULL,,2,0,2,7,255,1125,250,0,0
pre_stim,9447,9447,0,9447,3206764.455,0.776,0.386,0.279,0.413,0,0,0,0,0,0,0,19,53,1.232,1,2044,0,300.036,2.208,82.875,271.313,97.688,-0.430,0.332,0.004,1.000,1.969,-14.227,2.598,2.798,1.160,1.355,0,NULL,NULL,,2,0,2,7,255,1125,250,0,0
pre_stim,9447,9447,0,9447,3206769.453,0.783,0.379,0.269,0.414,0,0,0,0,0,0,0,16,53,1.232,1,2044,0,305.201,2.899,97.813,272.500,96.563,-0.500,0.316,0.082,0.563,2.844,-14.164,2.616,2.818,1.160,1.355,0,NULL,NULL,,2,0,2,7,255,1125,250,0,0
pre_stim,9447,9447,0,9447,3206774.455,0.789,0.371,0.261,0.414,0,0,0,0,0,0,0,12,53,1.232,1,2044,0,307.358,3.840,110.500,272.813,88.500,-0.508,0.285,0.195,-0.031,3.840,-14.164,2.638,2.842,1.160,1.355,0,NULL,NULL,,2,0,2,7,255,1125,250,0,0
pre_stim,9447,9447,0,9447,3206779.454,0.795,0.363,0.252,0.415,0,0,0,0,0,0,0,19,53,1.232,1,2044,0,308.318,4.795,118.375,273.125,80.313,-0.488,0.266,0.324,-0.449,4.773,-13.383,2.664,2.870,1.160,1.355,0,NULL,NULL,,2,0,2,7,255,1125,250,0,0
pre_stim,9472,9472,0,9472,3206784.455,0.801,0.354,0.244,0.416,0,0,0,0,0,0,0,19,53,1.232,1,2044,0,308.675,5.738,123.313,273.313,73.313,-0.496,0.254,0.469,-0.668,5.699,-12.289,2.696,2.902,1.160,1.355,0,NULL,NULL,,2,0,2,7,255,1125,250,0,0
pre_stim,9472,9472,0,9472,3206789.453,0.807,0.346,0.236,0.417,0,0,0,0,0,0,0,23,53,1.232,1,2044,0,307.137,6.946,123.375,273.875,64.063,-0.523,0.250,0.652,-0.938,6.883,-11.246,2.732,2.938,1.160,1.355,0,NULL,NULL,,2,0,2,7,255,1125,250,0,0
pre_stim,9505,9505,0,9505,3206794.455,0.812,0.337,0.227,0.418,0,0,0,0,0,0,0,24,53,1.232,1,2044,0,302.980,8.490,114.438,276.000,50.250,-0.531,0.242,0.801,-1.246,8.398,-10.098,2.770,2.980,1.160,1.355,0,NULL,NULL,,2,0,2,7,255,1125,250,0,0
pre_stim,9505,9505,0,9505,3206799.454,0.817,0.328,0.219,0.420,0,0,0,0,0,0,0,26,53,1.232,1,2044,0,299.591,9.640,99.750,280.313,35.063,-0.520,0.230,0.883,-1.441,9.531,-8.926,2.812,3.024,1.160,1.355,0,NULL,NULL,,2,0,2,7,255,1125,250,0,0
pre_stim,9505,9505,0,9505,3206804.455,0.821,0.320,0.210,0.423,0,0,0,0,0,0,0,24,53,1.232,1,2044,0,299.968,10.065,85.313,286.813,21.000,-0.508,0.223,0.914,-1.473,9.957,-8.023,2.856,3.068,1.160,1.355,0,NULL,NULL,,2,0,2,7,255,1125,250,0,0
pre_stim,9505,9505,0,9505,3206809.454,0.825,0.312,0.201,0.427,0,0,0,0,0,0,0,25,53,1.232,1,2044,0,304.308,10.155,73.875,295.125,6.875,-0.508,0.215,0.926,-1.480,10.047,-7.441,2.900,3.114,1.160,1.355,0,NULL,NULL,,2,0,2,7,255,1125,250,0,0
pre_stim,9505,9505,0,9505,3206814.455,0.828,0.304,0.191,0.431,0,0,0,0,0,0,0,27,53,1.232,1,2044,0,311.918,10.162,64.375,305.063,-9.250,-0.508,0.219,0.938,-1.473,10.055,-7.063,2.942,3.158,1.160,1.355,0,NULL,NULL,,2,0,2,7,255,1125,250,0,0
pre_stim,9505,9505,0,9505,3206819.454,0.831,0.296,0.181,0.436,0,0,0,0,0,0,0,28,53,1.232,1,2044,0,321.764,10.143,56.375,315.688,-26.375,-0.477,0.223,0.926,-1.336,10.055,-6.727,2.982,3.202,1.160,1.355,0,NULL,NULL,,2,0,2,7,255,1125,250,0,0
pre_stim,9505,9505,0,9505,3206824.455,0.833,0.287,0.171,0.441,0,0,0,0,0,0,0,31,53,1.232,1,2044,0,332.692,9.821,50.938,326.188,-41.125,-0.426,0.199,0.891,-1.043,9.766,-6.387,3.022,3.242,1.160,1.355,0,NULL,NULL,,2,0,2,7,255,1125,250,0,0
pre_stim,9505,9505,0,9505,3206829.453,0.835,0.278,0.161,0.447,0,0,0,0,0,0,0,31,53,1.232,1,2044,0,343.934,9.069,49.500,336.250,-52.688,-0.352,0.168,0.832,-0.824,9.031,-6.027,3.060,3.280,1.160,1.355,0,NULL,NULL,,2,0,2,7,255,1125,250,0,0
pre_stim,9505,9505,0,9505,3206834.455,0.836,0.269,0.150,0.454,0,0,0,0,0,0,0,39,53,1.232,1,2044,0,355.586,7.972,53.063,345.938,-62.875,-0.215,0.137,0.738,-0.551,7.953,-5.781,3.092,3.316,1.160,1.355,0,NULL,NULL,,2,0,2,7,255,1125,250,0,0
pre_stim,9505,9505,0,9505,3206839.453,0.838,0.259,0.139,0.460,0,0,0,0,0,0,0,45,53,1.232,1,2044,0,365.990,6.285,63.813,354.313,-65.875,-0.094,0.074,0.621,0.035,6.285,-5.520,3.122,3.346,1.160,1.355,0,NULL,NULL,,2,0,2,7,255,1125,250,0,0
pre_stim,9530,9530,0,9530,3206844.455,0.839,0.249,0.129,0.466,0,0,0,0,0,0,0,43,53,1.232,1,2044,0,372.069,4.396,85.875,357.438,-57.438,-0.074,0.102,0.574,0.211,4.391,-5.520,3.148,3.374,1.160,1.355,0,NULL,NULL,,2,0,2,7,255,1125,250,0,0
pre_stim,9530,9530,0,9530,3206849.453,0.841,0.237,0.119,0.472,0,0,0,0,0,0,0,45,53,1.232,1,2044,0,379.259,4.376,112.188,358.125,-54.750,-0.063,0.176,0.625,0.590,4.336,-5.492,3.170,3.398,1.160,1.355,0,NULL,NULL,,2,0,2,7,255,1125,250,0,0
pre_stim,9530,9530,0,9530,3206854.455,0.843,0.224,0.109,0.477,0,0,0,0,0,0,0,47,53,1.232,1,2044,0,385.175,4.548,137.750,355.813,-52.750,-0.031,0.160,0.766,1.371,4.336,-5.387,3.192,3.422,1.160,1.355,0,NULL,NULL,,2,0,2,7,255,1125,250,0,0
pre_stim,9530,9530,0,9530,3206859.454,0.845,0.211,0.100,0.482,0,0,0,0,0,0,0,55,53,1.232,1,2044,0,387.821,4.766,153.375,352.938,-48.125,0.039,0.172,0.910,1.523,4.516,-3.906,3.212,3.444,1.160,1.355,0,NULL,NULL,,2,0,2,7,255,1125,250,0,0
pre_stim,9531,9531,0,9531,3206864.455,0.846,0.197,0.091,0.486,0,0,0,0,0,0,0,62,53,1.232,1,2044,0,387.090,5.013,163.563,348.813,-37.625,0.063,0.223,0.973,2.102,4.551,-2.273,3.232,3.464,1.160,1.355,0,NULL,NULL,,2,0,2,7,255,1125,250,0,0
pre_stim,9531,9531,0,9531,3206869.454,0.848,0.183,0.083,0.490,0,0,0,0,0,0,0,64,53,1.232,1,2044,0,388.261,5.315,176.688,344.500,-29.125,0.051,0.238,1.039,2.699,4.578,-1.641,3.252,3.488,1.160,1.355,0,NULL,NULL,,2,0,2,7,255,1125,250,0,0
pre_stim,9559,9559,0,9559,3206874.455,0.850,0.169,0.074,0.493,0,0,0,0,0,0,0,61,53,1.232,1,2044,0,388.884,5.402,187.813,339.938,-20.000,0.035,0.195,1.137,2.699,4.680,-0.965,3.276,3.510,1.160,1.355,0,NULL,NULL,,2,0,2,7,255,1125,250,0,0
pre_stim,9559,9559,0,9559,3206879.453,0.852,0.154,0.066,0.495,0,0,0,0,0,0,0,59,53,1.232,1,2044,0,390.989,5.314,199.750,335.938,-10.875,0.000,0.148,1.227,2.488,4.695,0.145,3.300,3.536,1.160,1.355,0,NULL,NULL,,2,0,2,7,255,1125,250,0,0
pre_stim,9559,9559,0,9559,3206884.455,0.854,0.139,0.058,0.498,0,0,0,0,0,0,0,58,53,1.232,1,2044,0,392.346,5.114,208.000,332.563,-8.563,-0.074,0.188,1.359,2.027,4.695,1.113,3.324,3.564,1.160,1.355,0,NULL,NULL,,2,0,2,7,255,1125,250,0,0
pre_stim,9559,9559,0,9559,3206889.454,0.856,0.124,0.051,0.500,0,0,0,0,0,0,0,62,53,1.232,1,2044,0,392.438,5.869,209.813,331.375,-13.313,-0.113,0.238,1.504,2.027,5.508,2.258,3.350,3.592,1.160,1.355,0,NULL,NULL,,2,0,2,7,255,1125,250,0,0
pre_stim,9597,9597,0,9597,3206894.455,0.857,0.109,0.043,0.502,0,0,0,0,0,0,0,58,53,1.232,1,2044,0,390.691,6.472,208.313,330.188,-14.875,-0.121,0.246,1.688,2.316,6.043,3.641,3.378,3.620,1.160,1.355,0,NULL,NULL,,2,0,2,7,255,1125,250,0,0
pre_stim,9597,9597,0,9597,3206899.453,0.858,0.094,0.035,0.504,0,0,0,0,0,0,0,68,53,1.232,1,2044,0,385.143,6.537,198.438,329.688,-16.250,-0.148,0.234,1.859,2.316,6.113,5.547,3.404,3.646,1.160,1.355,0,NULL,NULL,,2,0,2,7,255,1125,250,0,0
pre_stim,9597,9597,0,9597,3206904.455,0.858,0.080,0.027,0.506,0,0,0,0,0,0,0,67,53,1.232,1,2044,0,376.232,6.536,180.250,329.625,-20.188,-0.176,0.215,1.992,2.313,6.113,7.395,3.428,3.672,1.160,1.355,0,NULL,NULL,,2,0,2,7,255,1125,250,0,0
pre_stim,9597,9597,0,9597,3206909.454,0.858,0.067,0.018,0.509,0,0,0,0,0,0,0,69,53,1.232,1,2044,0,366.413,6.327,158.375,329.438,-25.438,-0.176,0.219,2.055,2.238,5.918,8.859,3.450,3.696,1.160,1.355,0,NULL,NULL,,2,0,2,7,255,1125,250,0,0
pre_stim,9597,9597,0,9597,3206914.455,0.858,0.055,0.009,0.511,0,0,0,0,0,0,0,67,53,1.232,1,2044,0,357.773,5.862,138.875,328.375,-29.750,-0.152,0.215,2.059,2.238,5.418,9.637,3.468,3.716,1.160,1.355,0,NULL,NULL,,2,0,2,7,255,1125,250,0,0
pre_stim,9597,9597,0,9597,3206919.453,0.857,0.042,0.000,0.513,0,0,0,0,0,0,0,72,53,1.232,1,2044,0,351.023,5.192,124.750,326.500,-32.438,-0.121,0.191,2.016,2.391,4.609,9.637,3.482,3.732,1.160,1.355,0,NULL,NULL,,2,0,2,7,255,1125,250,0,0
pre_stim,9619,9619,0,9619,3206924.455,0.856,0.030,-0.009,0.515,0,0,0,0,0,0,0,71,53,1.232,1,2044,0,347.264,4.303,119.625,324.125,-35.000,-0.094,0.137,1.965,2.391,3.578,9.578,3.492,3.744,1.160,1.355,0,NULL,NULL,,2,0,2,7,255,1125,250,0,0
pre_stim,9619,9619,0,9619,3206929.454,0.855,0.019,-0.018,0.518,0,0,0,0,0,0,0,69,53,1.232,1,2044,0,345.958,3.225,121.625,321.563,-38.625,-0.055,0.063,1.941,2.098,2.449,9.215,3.498,3.752,1.160,1.355,0,NULL,NULL,,2,0,2,7,255,1125,250,0,0
pre_stim,9619,9619,0,9619,3206934.455,0.854,0.007,-0.027,0.520,0,0,0,0,0,0,0,71,53,1.232,1,2044,0,345.822,2.077,127.125,319.000,-40.875,-0.004,0.016,1.934,1.688,1.211,9.105,3.498,3.752,1.160,1.355,0,NULL,NULL,,2,0,2,7,255,1125,250,0,0
pre_stim,9619,9619,0,9619,3206939.453,0.852,-0.006,-0.036,0.522,0,0,0,0,0,0,0,73,53,1.232,1,2044,0,347.124,1.688,135.625,316.875,-41.125,0.078,-0.012,1.910,1.688,-0.039,9.090,3.488,3.744,1.160,1.355,0,NULL,NULL,,2,0,2,7,255,1125,250,0,0
pre_stim,9619,9619,0,9619,3206944.455,0.850,-0.018,-0.044,0.524,0,0,0,0,0,0,0,69,53,1.232,1,2044,0,352.184,2.224,151.875,315.250,-39.813,0.180,-0.063,1.891,1.707,-1.426,8.801,3.470,3.728,1.160,1.355,0,NULL,NULL,,2,0,2,7,255,1125,250,0,0
pre_stim,9619,9619,0,9619,3206949.454,0.849,-0.032,-0.051,0.526,0,0,0,0,0,0,0,61,53,1.232,1,2044,0,361.479,3.514,176.375,313.375,-36.813,0.305,-0.117,1.934,1.723,-3.063,8.680,3.442,3.702,1.160,1.355,0,NULL,NULL,,2,0,2,7,255,1125,250,0,0
pre_stim,9619,9619,0,9619,3206954.455,0.846,-0.046,-0.058,0.527,0,0,0,0,0,0,0,63,53,1.232,1,2044,0,374.531,5.325,203.750,312.375,-34.375,0.477,-0.105,2.055,1.766,-5.023,8.680,3.402,3.664,1.160,1.355,0,NULL,NULL,,2,0,2,7,255,1125,250,0,0
pre_stim,9619,9619,0,9619,3206959.454,0.844,-0.062,-0.064,0.529,0,0,0,0,0,0,0,59,53,1.232,1,2044,0,388.381,7.650,228.000,312.813,-31.688,0.648,-0.074,2.223,2.586,-7.199,9.434,3.352,3.614,1.160,1.355,0,NULL,NULL,,2,0,2,7,255,1125,250,0,0
pre_stim,9654,9654,0,9654,3206964.455,0.842,-0.078,-0.070,0.530,0,0,0,0,0,0,0,61,53,1.232,1,2044,0,400.684,10.120,247.750,313.875,-25.500,0.789,-0.074,2.418,3.563,-9.473,10.527,3.290,3.554,1.160,1.355,0,NULL,NULL,,2,0,2,7,255,1125,250,0,0
pre_stim,9654,9654,0,9654,3206969.454,0.839,-0.095,-0.076,0.531,0,0,0,0,0,0,0,57,53,1.232,1,2044,0,410.697,12.453,261.875,315.813,-18.875,0.914,-0.082,2.637,4.102,-11.758,11.809,3.216,3.482,1.160,1.355,0,NULL,NULL,,2,0,2,7,255,1125,250,0,0
pre_stim,9654,9654,0,9654,3206974.455,0.836,-0.112,-0.081,0.531,0,0,0,0,0,0,0,59,53,1.232,1,2044,0,415.796,14.794,266.000,319.188,-15.813,1.027,-0.059,2.859,4.422,-14.117,13.246,3.132,3.398,1.160,1.355,0,NULL,NULL,,2,0,2,7,255,1125,250,0,0
pre_stim,9654,9654,0,9654,3206979.453,0.833,-0.128,-0.087,0.531,0,0,0,0,0,0,0,61,53,1.232,1,2044,0,415.096,17.096,258.125,324.688,-15.938,1.137,0.000,3.031,4.926,-16.371,14.594,3.038,3.308,1.160,1.355,0,NULL,NULL,,2,0,2,7,255,1125,250,0,0
pre_stim,9654,9654,0,9654,3206984.455,0.830,-0.145,-0.094,0.531,0,0,0,0,0,0,0,61,53,1.232,1,2044,0,406.951,19.295,240.750,327.813,-13.688,1.203,0.055,3.152,5.715,-18.430,15.402,2.940,3.208,1.160,1.355,0,NULL,NULL,,2,0,2,7,255,1125,250,0,0
pre_stim,9654,9654,0,9654,3206989.453,0.826,-0.160,-0.101,0.531,0,0,0,0,0,0,0,59,53,1.232,1,2044,0,389.400,21.003,210.000,327.688,-12.375,1.230,0.102,3.191,6.277,-20.043,15.434,2.830,3.102,1.160,1.355,0,NULL,NULL,,2,0,2,7,255,1125,250,0,0
pre_stim,9703,9703,0,9703,3206994.455,0.823,-0.173,-0.109,0.530,0,0,0,0,0,0,0,67,53,1.232,1,2044,0,366.625,22.139,172.438,323.188,-15.125,1.289,0.215,3.152,6.660,-21.113,15.434,2.714,2.986,1.160,1.355,0,NULL,NULL,,2,0,2,7,255,1125,250,0,0
pre_stim,9703,9703,0,9703,3206999.453,0.820,-0.185,-0.117,0.529,0,0,0,0,0,0,0,87,53,1.232,1,2044,0,343.699,23.147,139.500,313.375,-21.563,1.500,0.383,3.102,7.801,-21.793,14.355,2.586,2.862,1.160,1.355,0,NULL,NULL,,2,0,2,7,255,1125,250,0,0
pre_stim,9703,9703,0,9703,3207004.455,0.816,-0.196,-0.125,0.529,0,0,0,0,0,0,0,111,53,1.232,1,2044,0,316.474,25.507,100.875,299.000,-24.063,1.848,0.324,2.945,10.109,-23.418,12.668,2.452,2.728,1.160,1.355,0,NULL,NULL,,2,0,2,7,255,1125,250,0,0
pre_stim,9703,9703,0,9703,3207009.454,0.814,-0.204,-0.134,0.527,0,0,0,0,0,0,0,137,53,1.232,1,2044,0,286.601,28.221,59.438,280.188,-10.125,2.180,0.055,2.598,10.109,-26.348,9.121,2.314,2.592,1.160,1.355,0,NULL,NULL,,2,0,2,7,255,1125,250,0,0
pre_stim,9703,9703,0,9703,3207014.455,0.812,-0.211,-0.143,0.525,0,0,0,0,0,0,0,151,53,1.232,1,2044,0,260.431,30.484,33.188,257.875,14.938,2.406,-0.211,2.059,9.922,-28.824,3.563,2.172,2.450,1.160,1.355,0,NULL,NULL,,2,0,2,7,255,1125,250,0,0
pre_stim,9703,9703,0,9703,3207019.454,0.811,-0.218,-0.150,0.522,0,0,0,0,0,0,0,169,53,1.232,1,2044,0,239.422,30.035,37.563,233.313,38.438,2.582,-0.402,1.508,8.441,-28.824,-3.188,2.030,2.308,1.160,1.355,0,NULL,NULL,,2,0,2,7,255,1125,250,0,0
pre_stim,9703,9703,0,9703,3207024.455,0.810,-0.226,-0.155,0.518,0,0,0,0,0,0,0,173,53,1.232,1,2044,0,226.410,29.610,68.688,208.125,56.813,2.770,-0.563,1.078,7.363,-28.680,-9.621,1.884,2.164,1.160,1.355,0,NULL,NULL,,2,0,2,7,255,1125,250,0,0
pre_stim,9703,9703,0,9703,3207029.453,0.809,-0.234,-0.158,0.515,0,0,0,0,0,0,0,183,53,1.232,1,2044,0,228.590,29.438,112.625,184.188,75.125,2.973,-0.766,0.793,6.637,-28.680,-14.945,1.738,2.018,1.160,1.355,0,NULL,NULL,,2,0,2,7,255,1125,250,0,0
pre_stim,9703,9703,0,9703,3207034.455,0.809,-0.244,-0.160,0.511,0,0,0,0,0,0,0,197,53,1.232,1,2044,0,251.324,29.701,163.625,163.063,99.000,3.078,-0.930,0.621,5.684,-29.152,-19.191,1.590,1.870,1.160,1.355,0,NULL,NULL,,2,0,2,7,255,1125,250,0,0
pre_stim,9703,9703,0,9703,3207039.454,0.808,-0.256,-0.159,0.507,0,0,0,0,0,0,0,215,53,1.232,1,2044,0,282.171,29.775,217.688,141.500,110.500,3.094,-1.414,0.629,4.770,-29.391,-21.949,1.434,1.714,1.160,1.355,0,NULL,NULL,,2,0,2,7,255,1125,250,0,0
pre_stim,9725,9725,0,9725,3207044.455,0.806,-0.269,-0.156,0.503,0,0,0,0,0,0,0,217,53,1.232,1,2044,0,306.263,31.064,256.313,117.563,119.500,3.203,-1.816,0.789,0.777,-31.055,-23.551,1.272,1.550,1.160,1.355,0,NULL,NULL,,2,0,2,7,255,1125,250,0,0
pre_stim,9725,9725,0,9725,3207049.453,0.805,-0.282,-0.152,0.500,0,0,0,0,0,0,0,225,53,1.232,1,2044,0,333.111,33.810,290.750,95.750,131.375,3.004,-1.949,0.965,-2.012,-33.750,-23.551,1.106,1.382,1.160,1.355,0,NULL,NULL,,2,0,2,7,255,1125,250,0,0
pre_stim,9725,9725,0,9725,3207054.455,0.803,-0.295,-0.146,0.497,0,0,0,0,0,0,0,227,53,1.232,1,2044,0,350.970,34.147,321.563,65.875,124.250,2.715,-1.988,1.410,-3.809,-33.934,-23.039,0.936,1.210,1.160,1.355,0,NULL,NULL,,2,0,2,7,255,1125,250,0,0
pre_stim,9725,9725,0,9725,3207059.454,0.801,-0.308,-0.138,0.494,0,0,0,0,0,0,0,234,53,1.232,1,2044,0,343.345,34.492,324.438,23.813,109.813,2.570,-1.582,2.461,-3.809,-34.281,-18.859,0.764,1.034,1.160,1.355,0,NULL,NULL,,2,0,2,7,255,1125,250,0,0
pre_stim,9747,9747,0,9747,3207064.455,0.802,-0.317,-0.131,0.490,0,0,0,0,0,0,0,250,53,1.232,1,2044,0,273.197,38.280,214.688,-6.938,168.813,2.773,-1.672,3.293,-3.484,-38.121,-9.367,0.594,0.856,1.160,1.355,0,NULL,NULL,,2,0,2,7,255,1125,250,0,0
pre_stim,9747,9747,0,9747,3207069.453,0.802,-0.323,-0.124,0.487,0,0,0,0,0,0,0,329,53,1.232,1,2044,0,232.965,38.280,190.688,-38.250,128.250,1.238,-1.363,2.504,-3.484,-38.121,-4.758,0.436,0.680,1.160,1.355,0,NULL,NULL,,2,0,2,7,255,1125,250,0,0
pre_stim,9747,9747,0,9747,3207074.455,0.800,-0.335,-0.108,0.486,13,0,0,271,0,0,0,403,53,1.232,1,2044,0,464.090,40.727,411.313,-169.688,131.938,0.348,-0.793,5.656,-7.801,-39.973,-2.090,0.312,0.518,1.160,1.355,0,NULL,NULL,,2,0,2,7,255,1125,250,0,0
pre_stim,9747,9747,0,9747,3207079.454,0.796,-0.345,-0.085,0.491,415,0,0,807,0,0,0,392,53,1.232,1,2044,0,596.615,40.727,494.500,-326.625,68.813,1.801,1.449,10.082,-7.801,-39.973,27.797,0.264,0.412,1.160,1.355,0,NULL,NULL,,2,0,2,7,255,1125,250,0,0
pre_stim,9770,9770,0,9770,3207084.455,0.807,-0.315,-0.096,0.491,953,0,0,1255,0,121,0,429,53,1.232,1,2044,0,783.515,39.973,-768.000,-150.688,-36.938,0.051,0.848,5.645,0.223,-39.973,37.195,0.284,0.388,1.160,1.355,0,NULL,NULL,,2,0,2,7,255,1125,250,0,0
pre_stim,9770,9770,0,9770,3207089.453,0.827,-0.266,-0.114,0.481,1382,0,0,1558,0,371,0,463,53,1.232,1,2044,0,1306.722,30.647,-1279.000,-208.313,168.188,0.422,4.281,-0.348,3.266,-30.473,37.195,0.310,0.420,1.160,1.355,0,NULL,NULL,,2,0,2,7,255,1125,250,0,0
pre_stim,9806,9806,0,9806,3207094.455,0.841,-0.234,-0.122,0.472,1733,0,0,1767,0,537,0,520,53,1.232,1,2045,0,835.580,26.300,-795.563,-180.125,181.188,-0.816,3.043,-2.730,20.844,16.039,-1.742,0.314,0.448,1.160,1.355,1,1145.000,20.000,,2,0,2,7,255,1125,250,0,0
pre_stim,9806,9806,0,9806,3207099.454,0.847,-0.220,-0.121,0.468,1977,0,0,1876,0,683,0,601,53,1.232,1,2045,0,365.339,30.369,-303.000,-176.188,103.063,-1.887,-0.105,-1.938,20.844,22.086,-19.172,0.324,0.474,1.160,1.355,1,NULL,NULL,,2,0,2,7,255,1125,250,0,0
pre_stim,9806,9806,0,9806,3207104.455,0.848,-0.216,-0.114,0.470,2161,0,0,2005,0,853,0,665,53,1.232,1,2045,0,188.100,24.793,-12.438,-187.688,0.688,-1.203,-0.973,0.270,-11.266,22.086,-19.172,0.346,0.502,1.160,1.355,1,NULL,NULL,,2,0,2,7,255,1125,250,0,0
pre_stim,9806,9806,0,9806,3207109.454,0.849,-0.214,-0.108,0.472,2319,0,0,2092,0,937,0,762,53,1.232,1,2045,0,162.215,11.645,22.125,-160.625,-4.875,0.035,1.070,1.836,-11.266,2.949,-5.000,0.380,0.536,1.160,1.355,1,NULL,NULL,,2,0,2,7,255,1125,250,0,0
pre_stim,9806,9806,0,9806,3207114.455,0.851,-0.208,-0.104,0.470,2523,0,0,2315,0,1065,0,827,53,1.232,1,2045,0,167.159,9.370,-93.875,-131.125,44.000,0.379,2.402,2.492,9.121,-2.145,8.594,0.412,0.568,1.160,1.355,1,NULL,NULL,,2,0,2,7,255,1125,250,0,0
pre_stim,9806,9806,0,9806,3207119.453,0.856,-0.195,-0.105,0.467,2684,0,0,2518,0,1067,0,902,53,1.232,1,2045,0,321.981,9.415,-289.188,-118.063,78.125,-0.426,1.340,1.984,9.168,-2.145,12.090,0.426,0.590,1.160,1.355,1,NULL,NULL,,2,0,2,7,255,1125,250,0,0
pre_stim,9806,9806,0,9806,3207124.455,0.864,-0.176,-0.106,0.460,2779,0,0,2675,0,1066,0,966,53,1.232,1,2045,0,503.797,9.300,-439.063,-176.063,173.313,-1.668,-1.098,0.379,9.168,1.559,12.090,0.416,0.590,1.160,1.355,2,NULL,NULL,,2,0,2,7,255,1125,250,0,0
pre_stim,9806,9806,0,9806,3207129.453,0.868,-0.157,-0.108,0.458,2845,0,0,2765,0,1067,0,1053,53,1.232,1,2045,0,439.291,18.669,-402.125,-176.250,14.438,-1.867,-1.691,-0.758,-17.930,5.203,-2.652,0.382,0.574,1.160,1.355,2,NULL,NULL,,2,0,2,7,255,1125,250,0,0
pre_stim,9806,9806,0,9806,3207134.455,0.868,-0.147,-0.104,0.463,2923,0,0,2855,0,1083,0,1157,53,1.232,1,2045,0,279.775,18.680,-162.188,-196.063,-116.313,-1.035,-0.988,-0.820,-17.930,5.242,-13.094,0.338,0.550,1.160,1.355,2,NULL,NULL,,2,0,2,7,255,1125,250,0,0
pre_stim,9806,9806,0,9806,3207139.453,0.865,-0.143,-0.096,0.470,2956,0,0,2929,0,1116,0,1215,53,1.232,1,2045,0,257.367,15.242,36.688,-199.125,-158.875,0.023,-0.508,0.738,-14.313,5.242,-13.094,0.296,0.522,1.160,1.355,2,NULL,NULL,,2,0,2,7,255,1125,250,0,0
pre_stim,9829,9829,0,9829,3207144.455,0.864,-0.140,-0.090,0.476,2987,0,0,2973,0,1191,0,1260,53,1.232,1,2045,0,224.999,6.389,29.688,-183.688,-126.500,0.711,-0.785,2.035,-3.707,-5.203,-3.684,0.250,0.478,1.160,1.355,2,NULL,NULL,,2,0,2,7,255,1125,250,0,0
pre_stim,9829,9829,0,9829,3207149.454,0.864,-0.132,-0.086,0.478,3015,0,0,3037,0,1305,0,1295,53,1.232,1,2045,0,196.288,16.015,-102.688,-159.813,-49.438,1.113,-1.117,2.227,-2.563,-15.809,6.152,0.202,0.420,1.160,1.355,2,NULL,NULL,,2,0,2,7,255,1125,250,0,0
pre_stim,9829,9829,0,9829,3207154.455,0.867,-0.122,-0.084,0.476,3032,0,0,3064,0,1395,0,1336,53,1.232,1,2045,0,255.729,19.006,-203.625,-144.813,54.438,1.086,-1.184,1.516,-2.563,-18.832,6.152,0.164,0.356,1.160,1.355,2,NULL,NULL,,2,0,2,7,255,1125,250,0,0
pre_stim,9829,9829,0,9829,3207159.454,0.871,-0.112,-0.083,0.471,3055,0,0,3095,45,1515,0,1405,53,1.232,1,2045,0,278.331,19.137,-202.500,-126.188,143.313,0.410,-0.973,0.617,-3.402,-18.832,0.465,0.140,0.300,1.160,1.355,2,NULL,NULL,,2,0,2,7,255,1125,250,0,0
pre_stim,9829,9829,0,9829,3207164.455,0.876,-0.106,-0.080,0.464,3063,0,0,3110,201,1688,0,1451,53,1.232,1,2045,0,245.457,11.418,-129.375,-127.375,165.188,-0.398,-0.480,0.379,-5.512,-10.000,-5.660,0.130,0.256,1.160,1.355,2,NULL,NULL,,2,0,2,7,255,1125,250,0,0
pre_stim,9829,9829,1,9829,3207169.454,0.879,-0.101,-0.076,0.460,3055,0,0,3133,389,1811,0,1513,53,1.232,1,2045,0,175.864,5.530,-57.750,-129.375,104.188,-0.813,-0.027,0.742,-5.512,-0.453,-5.660,0.136,0.220,1.160,1.355,2,NULL,NULL,,2,1,2,7,255,1125,250,0,0
pre_stim,9859,9859,1,9859,3207174.455,0.880,-0.097,-0.072,0.460,3059,0,0,3139,725,1976,0,1659,53,1.232,1,2045,0,133.188,5.850,-40.375,-126.438,11.063,-0.707,0.188,1.168,-4.313,3.953,-0.957,0.152,0.194,1.160,1.355,2,NULL,NULL,,2,1,2,7,255,1125,250,0,0
pre_stim,9859,9859,1,9859,3207179.453,0.879,-0.092,-0.069,0.462,3052,0,0,3139,922,2081,165,1773,53,1.232,1,2045,0,148.565,4.326,-68.063,-124.063,-45.250,-0.281,0.184,1.461,-1.758,3.953,2.980,0.174,0.170,1.160,1.355,2,NULL,NULL,,2,1,2,7,255,1125,250,0,0
pre_stim,9859,9859,1,9859,3207184.455,0.878,-0.087,-0.067,0.466,3055,0,0,3144,1165,2141,218,1919,53,1.232,1,2045,0,142.200,0.749,-63.563,-82.875,-96.500,0.289,0.066,2.031,0.727,0.184,4.844,0.200,0.152,1.160,1.355,2,NULL,NULL,,2,1,2,7,255,1125,250,0,0
pre_stim,9859,9859,1,9859,3207189.454,0.876,-0.082,-0.068,0.471,3056,0,0,3148,1353,2186,207,2008,53,1.232,1,2045,0,175.963,6.804,-102.063,-48.875,-134.750,0.594,-0.035,1.379,3.273,-5.965,4.844,0.224,0.134,1.160,1.355,2,NULL,NULL,,2,1,2,7,255,1125,250,0,0
pre_stim,9899,9899,1,9899,3207194.455,0.874,-0.079,-0.067,0.474,3055,0,0,3153,1506,2228,237,2067,53,1.232,1,2045,0,111.064,8.436,-61.250,-44.063,-81.500,0.910,0.133,0.777,3.730,-7.566,2.273,0.242,0.114,1.160,1.355,2,NULL,NULL,,2,1,2,7,255,1125,250,0,0
pre_stim,9899,9899,1,9899,3207199.453,0.875,-0.078,-0.067,0.474,3056,19,0,3157,1605,2262,292,2119,53,1.232,1,2045,0,30.060,8.436,-10.313,-28.125,-2.500,0.434,-0.230,1.023,3.730,-7.566,-0.883,0.252,0.102,1.160,1.355,2,NULL,NULL,,2,1,2,7,255,1125,250,0,0
pre_stim,9899,9899,1,9899,3207204.455,0.875,-0.075,-0.067,0.473,3055,35,0,3157,1657,2280,345,2169,53,1.232,1,2045,0,64.166,6.672,-56.188,-22.375,21.438,-0.328,-0.523,1.246,1.016,-6.594,-0.883,0.262,0.094,1.160,1.355,2,NULL,NULL,,2,1,2,7,255,1125,250,0,0
pre_stim,9899,9899,1,9899,3207209.454,0.875,-0.071,-0.068,0.474,3059,57,0,3159,1719,2296,357,2201,53,1.232,1,2045,0,90.451,5.253,-82.500,-15.500,-33.688,-0.426,-0.375,0.980,-4.672,-2.402,0.293,0.274,0.082,1.160,1.355,2,NULL,NULL,,2,1,2,7,255,1125,250,0,0
pre_stim,9899,9899,1,9899,3207214.455,0.873,-0.069,-0.069,0.478,3056,92,0,3159,1785,2309,364,2220,53,1.232,1,2045,0,98.195,4.813,-33.938,-10.875,-91.500,-0.090,-0.125,0.703,-4.672,-1.156,0.293,0.288,0.070,1.160,1.355,2,NULL,NULL,,2,1,2,7,255,1125,250,0,0
pre_stim,9899,9899,1,9899,3207219.453,0.872,-0.069,-0.068,0.481,3059,109,19,3163,1853,2325,363,2238,53,1.232,1,2045,0,78.213,1.552,16.688,-10.938,-75.625,0.254,0.020,0.883,-1.035,-1.156,-1.781,0.302,0.056,1.160,1.355,2,NULL,NULL,,2,1,2,7,255,1125,250,0,0
pre_stim,9919,9919,1,9919,3207224.455,0.871,-0.069,-0.068,0.481,3063,139,142,3161,1895,2333,371,2261,53,1.232,1,2045,0,19.135,3.587,1.063,-7.375,-17.625,0.195,-0.121,1.203,0.852,-3.484,-1.781,0.314,0.042,1.160,1.355,2,NULL,NULL,,2,1,2,7,255,1125,250,0,0
pre_stim,9919,9919,1,9919,3207229.454,0.872,-0.067,-0.068,0.481,3063,159,243,3164,1927,2347,367,2282,53,1.232,1,2045,0,49.064,3.587,-46.000,-4.813,16.375,-0.148,-0.242,1.168,0.852,-3.484,1.406,0.324,0.030,1.160,1.355,2,NULL,NULL,,2,1,2,7,255,1125,250,0,0
pre_stim,9919,9919,1,9919,3207234.455,0.872,-0.065,-0.070,0.481,3065,179,332,3163,1948,2356,362,2296,53,1.232,1,2045,0,55.013,2.805,-54.625,-1.375,-6.375,-0.340,-0.156,0.867,-1.930,-2.035,1.406,0.336,0.018,1.160,1.355,2,NULL,NULL,,2,1,2,7,255,1125,250,0,0
pre_stim,9919,9919,1,9919,3207239.453,0.871,-0.064,-0.070,0.482,3067,189,396,3164,1973,2362,362,2311,53,1.232,1,2045,0,45.981,1.931,-23.938,-4.500,-39.000,-0.211,-0.074,0.738,-1.930,0.074,-0.891,0.346,0.008,1.160,1.355,2,NULL,NULL,,2,1,2,7,255,1125,250,0,0
pre_stim,9919,9919,1,9919,3207244.455,0.870,-0.063,-0.070,0.483,3065,191,494,3163,1993,2367,365,2323,53,1.232,1,2045,0,35.600,1.143,1.125,-5.688,-35.125,-0.008,-0.141,0.926,-1.141,0.074,-0.914,0.354,0.000,1.160,1.355,2,NULL,NULL,,2,1,2,7,255,1125,250,0,0
pre_stim,9919,9919,1,9919,3207249.454,0.870,-0.063,-0.070,0.484,3076,192,557,3163,2009,2376,361,2328,53,1.232,1,2045,0,11.695,2.278,-4.375,-4.750,-9.750,0.031,-0.168,1.094,-0.516,-2.219,-0.914,0.000,0.000,1.160,1.355,2,NULL,NULL,,2,1,2,7,255,1125,250,0,0
pre_stim,9919,9919,1,9919,3207254.455,0.870,-0.062,-0.070,0.483,3077,188,601,3165,2023,2385,362,2341,53,1.232,1,2045,0,18.159,2.250,-16.438,-2.813,7.188,-0.094,-0.031,1.047,-0.375,-2.219,0.453,0.000,0.000,1.160,1.355,2,NULL,NULL,,2,1,2,7,255,1125,250,0,0
pre_stim,9919,9919,1,9919,3207259.454,0.870,-0.062,-0.070,0.483,3079,185,631,3161,2035,2391,365,2345,53,1.232,1,2045,0,15.901,1.100,-15.438,-2.875,2.500,-0.156,0.090,0.977,0.078,-1.098,0.453,0.000,0.000,1.160,1.355,2,NULL,NULL,,2,1,2,7,255,1125,250,0,0
pre_stim,9954,9954,1,9954,3207264.455,0.870,-0.061,-0.070,0.484,3079,187,665,3160,2055,2394,362,2350,53,1.176,1,2045,1,9.424,0.517,-6.125,-2.563,-6.688,-0.129,0.031,0.977,0.352,-0.379,-0.129,0.000,0.000,1.107,1.323,2,NULL,NULL,,2,1,2,7,255,1125,250,0,0
pre_stim,9954,9954,1,9954,3207269.454,0.870,-0.061,-0.070,0.484,3079,191,698,3159,2057,2398,362,2351,53,1.176,1,2045,1,7.989,0.517,-2.063,-0.688,-7.688,-0.063,-0.039,1.023,0.352,-0.379,-0.129,0.006,0.006,1.107,1.323,2,NULL,NULL,,2,1,2,7,255,1125,250,0,0
pre_stim,9954,9954,1,9954,3207274.455,0.870,-0.061,-0.070,0.484,3081,197,716,3159,2069,2403,333,2350,53,1.176,1,2045,1,2.919,1.115,-1.875,-1.313,1.813,-0.059,0.027,1.027,0.352,-1.059,0.145,0.014,0.010,1.107,1.323,2,NULL,NULL,,2,1,2,7,255,1125,250,0,0
pre_stim,9954,9954,1,9954,3207279.453,0.870,-0.061,-0.070,0.484,3081,191,727,3159,2073,2403,333,2349,53,1.176,1,2045,1,4.721,1.284,0.938,-0.125,4.625,-0.125,0.102,1.027,0.727,-1.059,0.191,0.020,0.014,1.107,1.323,2,NULL,NULL,,2,1,2,7,255,1125,250,0,0
pre_stim,9954,9954,1,9954,3207284.455,0.870,-0.061,-0.070,0.484,3081,187,758,3157,2075,2403,329,2349,53,1.176,1,2045,1,2.024,0.971,1.875,0.625,0.438,-0.160,0.113,1.059,0.965,-0.113,0.328,0.026,0.020,1.107,1.323,2,NULL,NULL,,2,1,2,7,255,1125,250,0,0
pre_stim,9954,9954,1,9954,3207289.454,0.870,-0.061,-0.070,0.484,3079,187,765,3157,2077,2403,319,2349,53,1.176,1,2045,1,4.122,0.965,-1.188,0.750,-3.875,-0.152,0.082,1.059,0.965,-0.031,0.656,0.032,0.022,1.107,1.323,2,NULL,NULL,,2,1,2,7,255,1125,250,0,0
pre_stim,10005,10005,1,10005,3207294.455,0.870,-0.061,-0.070,0.484,3077,186,773,3153,2075,2399,313,2348,53,1.176,1,2045,1,6.205,0.704,-2.188,0.813,-5.750,-0.133,0.043,1.023,0.703,-0.031,0.656,0.034,0.024,1.107,1.323,2,NULL,NULL,,2,1,2,7,255,1125,250,0,0
pre_stim,10005,10005,1,10005,3207299.453,0.870,-0.061,-0.069,0.484,3067,183,776,3149,2071,2397,303,2345,53,1.176,1,2045,1,4.924,0.603,0.875,0.563,-4.813,-0.121,0.023,1.012,0.492,-0.348,0.309,0.038,0.026,1.107,1.323,2,NULL,NULL,,2,1,2,7,255,1125,250,0,0
pre_stim,10005,10005,1,10005,3207304.455,0.870,-0.061,-0.069,0.484,3063,183,776,3145,2069,2393,300,2336,53,1.176,1,2045,1,4.415,0.589,2.688,0.125,-3.500,-0.129,0.027,1.023,0.371,-0.457,0.270,0.040,0.028,1.107,1.323,2,NULL,NULL,,2,1,2,7,255,1125,250,0,0
pre_stim,10005,10005,1,10005,3207309.454,0.870,-0.061,-0.069,0.484,3061,180,781,3142,2067,2393,310,2333,53,1.176,1,2045,1,4.253,0.570,2.813,-0.125,-3.188,-0.137,0.023,1.012,0.340,-0.457,0.184,0.042,0.028,1.107,1.323,2,NULL,NULL,,2,1,2,7,255,1125,250,0,0
pre_stim,10005,10005,1,10005,3207314.455,0.870,-0.061,-0.069,0.484,3053,176,793,3134,2066,2389,307,2331,53,1.176,1,2045,1,3.851,0.489,3.000,-0.438,-2.375,-0.145,0.012,0.996,0.289,-0.395,0.184,0.046,0.028,1.107,1.323,2,NULL,NULL,,2,1,2,7,255,1125,250,0,0
pre_stim,10005,10005,1,10005,3207319.453,0.870,-0.062,-0.069,0.485,3049,176,797,3131,2063,2388,309,2328,53,1.176,1,2045,1,4.298,0.379,3.938,-1.188,-1.250,-0.164,0.016,0.988,0.133,-0.355,0.055,0.048,0.028,1.107,1.323,2,NULL,NULL,,2,1,2,7,255,1125,250,0,0
pre_stim,10005,10005,1,10005,3207324.455,0.870,-0.062,-0.069,0.485,3043,175,797,3121,2065,2386,305,2325,53,1.176,1,2045,1,5.861,0.220,5.125,-2.375,-1.563,-0.172,0.035,0.992,0.133,-0.176,0.055,0.050,0.030,1.107,1.323,2,NULL,NULL,,2,1,2,7,255,1125,250,0,0
pre_stim,10005,10005,1,10005,3207329.454,0.870,-0.062,-0.068,0.485,3036,175,809,3116,2065,2381,310,2326,53,1.176,1,2045,1,6.614,0.210,5.125,-3.563,-2.188,-0.160,0.023,0.996,0.121,-0.172,0.059,0.052,0.032,1.107,1.323,2,NULL,NULL,,2,1,2,7,255,1125,250,0,0
pre_stim,10005,10005,1,10005,3207334.455,0.870,-0.062,-0.068,0.485,3035,174,826,3109,2067,2380,317,2329,53,1.176,1,2045,1,6.416,0.210,4.500,-4.500,-0.813,-0.156,0.000,0.984,0.121,-0.172,0.059,0.054,0.032,1.107,1.323,2,NULL,NULL,,2,1,2,7,255,1125,250,0,0
pre_stim,10005,10005,1,10005,3207339.453,0.870,-0.062,-0.068,0.485,3031,177,839,3097,2071,2375,331,2329,53,1.176,1,2045,1,7.382,0.262,4.688,-5.625,0.938,-0.168,-0.012,0.973,-0.066,-0.254,-0.035,0.056,0.032,1.107,1.323,2,NULL,NULL,,2,1,2,7,255,1125,250,0,0
pre_stim,10024,10024,1,10024,3207344.455,0.870,-0.062,-0.067,0.485,3005,179,854,3093,2088,2378,344,2335,53,1.176,1,2045,1,9.238,0.348,6.125,-6.875,0.750,-0.184,-0.016,0.969,-0.238,-0.254,-0.145,0.058,0.034,1.107,1.323,2,NULL,NULL,,2,1,2,7,255,1125,250,0,0
pre_stim,10024,10024,1,10024,3207349.454,0.870,-0.062,-0.067,0.485,2997,177,874,3081,2095,2385,375,2343,53,1.176,1,2045,1,11.596,0.369,8.188,-8.125,-1.188,-0.184,-0.012,0.965,-0.340,-0.145,-0.164,0.062,0.034,1.107,1.323,2,NULL,NULL,,2,1,2,7,255,1125,250,0,0
pre_stim,10024,10024,1,10024,3207354.455,0.870,-0.062,-0.066,0.485,2993,183,901,3063,2115,2374,383,2347,53,1.176,1,2045,1,13.592,0.361,9.500,-9.563,-1.750,-0.176,0.012,0.980,-0.340,-0.121,-0.164,0.062,0.034,1.107,1.323,2,NULL,NULL,,2,1,2,7,255,1125,250,0,0
pre_stim,10024,10024,1,10024,3207359.454,0.870,-0.062,-0.066,0.485,2975,181,934,3051,2135,2377,423,2357,53,1.176,1,2045,1,14.471,0.142,9.250,-11.000,-1.688,-0.195,0.039,0.992,-0.121,-0.074,-0.047,0.066,0.034,1.107,1.323,2,NULL,NULL,,2,1,2,7,255,1125,250,0,0
pre_stim,10047,10047,1,10047,3207364.455,0.870,-0.063,-0.065,0.485,2965,183,982,3039,2159,2379,427,2367,53,1.176,1,2045,1,15.637,0.188,8.563,-12.625,-3.438,-0.215,0.066,1.000,0.016,0.188,0.098,0.068,0.034,1.107,1.323,2,NULL,NULL,,2,1,2,7,255,1125,250,0,0
pre_stim,10047,10047,1,10047,3207369.454,0.870,-0.063,-0.064,0.486,2953,180,1023,3029,2196,2381,457,2387,53,1.176,1,2045,1,18.311,0.504,8.438,-13.813,-8.563,-0.207,0.102,1.008,0.141,0.484,0.230,0.070,0.034,1.107,1.323,2,NULL,NULL,,2,1,2,7,255,1125,250,0,0
pre_stim,10047,10047,1,10047,3207374.455,0.869,-0.063,-0.064,0.486,2927,185,1069,3015,2228,2389,507,2407,53,1.176,1,2045,1,21.072,0.682,8.563,-14.750,-12.375,-0.160,0.129,1.020,0.480,0.484,0.285,0.070,0.034,1.107,1.323,2,NULL,NULL,,2,1,2,7,255,1125,250,0,0
pre_stim,10047,10047,1,10047,3207379.453,0.869,-0.063,-0.063,0.487,2909,199,1139,2996,2253,2387,581,2422,53,1.176,1,2045,1,19.806,1.000,6.625,-15.125,-10.938,-0.125,0.129,1.035,0.938,0.348,0.316,0.070,0.032,1.107,1.323,2,NULL,NULL,,2,1,2,7,255,1125,250,0,0
pre_stim,10075,10075,1,10075,3207384.455,0.869,-0.063,-0.062,0.487,2887,204,1203,2983,2279,2391,647,2446,53,1.176,1,2045,1,17.289,1.049,2.500,-15.188,-7.875,-0.129,0.125,1.039,1.047,0.070,0.426,0.070,0.030,1.107,1.323,2,NULL,NULL,,2,1,2,7,255,1125,250,0,0
pre_stim,10075,10075,1,10075,3207389.454,0.869,-0.062,-0.062,0.487,2861,212,1255,2967,2309,2396,713,2459,53,1.176,1,2045,1,17.724,1.049,-0.500,-14.625,-10.000,-0.148,0.105,1.008,1.047,0.070,0.426,0.068,0.026,1.107,1.323,2,NULL,NULL,,2,1,2,7,255,1125,250,0,0
pre_stim,10103,10103,1,10103,3207394.455,0.869,-0.062,-0.061,0.488,2844,228,1323,2953,2343,2395,808,2478,53,1.176,1,2045,1,19.619,0.765,1.250,-14.750,-12.875,-0.133,0.074,0.988,0.762,0.070,0.195,0.066,0.024,1.107,1.323,2,NULL,NULL,,2,1,2,7,255,1125,250,0,0
pre_stim,10103,10103,1,10103,3207399.453,0.868,-0.062,-0.060,0.488,2825,229,1419,2932,2382,2403,883,2496,53,1.176,1,2045,1,20.351,0.561,4.188,-14.813,-13.313,-0.117,0.066,0.992,0.559,-0.051,-0.020,0.064,0.022,1.107,1.323,2,NULL,NULL,,2,1,2,7,255,1125,250,0,0
pre_stim,10103,10103,1,10103,3207404.455,0.868,-0.062,-0.059,0.489,2809,245,1503,2919,2413,2403,947,2515,53,1.176,1,2045,1,19.525,0.603,4.563,-14.813,-11.875,-0.117,0.066,1.000,0.559,-0.227,-0.020,0.062,0.022,1.107,1.323,2,NULL,NULL,,2,1,2,7,255,1125,250,0,0
pre_stim,10103,10103,1,10103,3207409.454,0.868,-0.061,-0.059,0.489,2777,262,1609,2903,2442,2408,1059,2523,53,1.176,1,2045,1,19.353,0.599,3.563,-14.500,-12.313,-0.125,0.063,1.000,0.555,-0.227,0.059,0.062,0.024,1.107,1.323,2,NULL,NULL,,2,1,2,7,255,1125,250,0,0
pre_stim,10103,10103,1,10103,3207414.455,0.868,-0.061,-0.058,0.490,2747,270,1671,2885,2469,2407,1172,2539,53,1.176,1,2045,1,20.948,0.515,1.750,-14.188,-15.313,-0.137,0.059,1.004,0.488,-0.164,0.066,0.062,0.026,1.107,1.323,2,NULL,NULL,,2,1,2,7,255,1125,250,0,0
pre_stim,10103,10103,0,10103,3207419.453,0.867,-0.061,-0.058,0.491,2720,280,1763,2867,2506,2413,1249,2555,53,1.176,1,2045,1,23.271,0.374,-0.188,-14.438,-18.250,-0.148,0.043,1.004,0.363,-0.090,0.117,0.062,0.030,1.107,1.323,2,NULL,NULL,,2,0,2,7,255,1125,250,0,0
pre_stim,10122,10122,0,10122,3207424.455,0.867,-0.060,-0.057,0.491,2701,315,1851,2853,2527,2415,1321,2575,53,1.176,1,2045,1,25.796,0.205,-1.625,-14.625,-21.188,-0.176,0.020,1.012,0.191,-0.074,0.156,0.064,0.032,1.107,1.323,2,NULL,NULL,,2,0,2,7,255,1125,250,0,0
pre_stim,10122,10122,0,10122,3207429.454,0.866,-0.060,-0.057,0.492,2651,345,1934,2835,2537,2419,1433,2582,53,1.176,1,2045,1,28.841,0.067,-4.813,-14.750,-24.313,-0.164,0.023,1.023,-0.063,-0.023,0.270,0.066,0.034,1.107,1.323,2,NULL,NULL,,2,0,2,7,255,1125,250,0,0
pre_stim,10122,10122,0,10122,3207434.455,0.866,-0.059,-0.056,0.493,2611,359,2028,2815,2587,2431,1495,2605,53,1.176,1,2045,1,32.665,0.067,-9.000,-14.813,-27.688,-0.156,0.020,1.016,-0.063,-0.023,0.270,0.066,0.036,1.107,1.323,2,NULL,NULL,,2,0,2,7,255,1125,250,0,0
pre_stim,10122,10122,0,10122,3207439.453,0.865,-0.058,-0.056,0.494,2579,375,2095,2793,2604,2431,1579,2629,53,1.176,1,2045,1,35.859,0.106,-14.125,-15.313,-29.188,-0.137,-0.004,1.023,-0.063,-0.086,0.285,0.066,0.038,1.107,1.323,2,NULL,NULL,,2,0,2,7,255,1125,250,0,0
pre_stim,10122,10122,0,10122,3207444.455,0.865,-0.057,-0.056,0.496,2521,381,2185,2771,2633,2444,1677,2637,53,1.176,1,2045,1,39.185,0.383,-20.563,-15.688,-29.438,-0.137,-0.043,1.031,-0.121,-0.363,0.285,0.066,0.040,1.107,1.323,2,NULL,NULL,,2,0,2,7,255,1125,250,0,0
pre_stim,10122,10122,0,10122,3207449.453,0.864,-0.055,-0.056,0.497,2468,381,2245,2761,2652,2446,1757,2649,53,1.176,1,2045,1,45.197,0.702,-28.188,-15.875,-31.563,-0.145,-0.066,1.035,-0.445,-0.543,0.379,0.068,0.044,1.107,1.323,2,NULL,NULL,,2,0,2,7,255,1125,250,0,0
pre_stim,10122,10122,0,10122,3207454.455,0.864,-0.053,-0.056,0.498,2405,395,2301,2727,2679,2445,1835,2660,53,1.176,1,2045,1,50.520,0.779,-35.313,-17.125,-31.813,-0.129,-0.063,0.996,-0.555,-0.547,0.379,0.068,0.046,1.107,1.323,2,NULL,NULL,,2,0,2,7,255,1125,250,0,0
pre_stim,10122,10122,0,10122,3207459.454,0.863,-0.051,-0.056,0.499,2335,415,2373,2697,2710,2445,1902,2687,53,1.176,1,2045,1,49.806,0.790,-35.375,-17.938,-30.125,-0.117,-0.055,0.953,-0.555,-0.563,0.043,0.068,0.046,1.107,1.323,2,NULL,NULL,,2,0,2,7,255,1125,250,0,0
pre_stim,10145,10145,0,10145,3207464.455,0.863,-0.050,-0.056,0.500,2269,439,2428,2649,2729,2453,1990,2701,53,1.176,1,2045,1,44.022,0.725,-28.188,-19.500,-27.625,-0.125,-0.008,0.938,-0.457,-0.563,-0.391,0.070,0.046,1.107,1.323,2,NULL,NULL,,2,0,2,7,255,1125,250,0,0
pre_stim,10145,10145,0,10145,3207469.453,0.862,-0.048,-0.056,0.501,2187,445,2493,2605,2749,2456,2067,2709,53,1.176,1,2045,1,40.821,0.252,-21.250,-20.500,-28.188,-0.125,0.008,0.984,-0.070,-0.242,-0.391,0.072,0.044,1.107,1.323,2,NULL,NULL,,2,0,2,7,255,1125,250,0,0
pre_stim,10145,10145,0,10145,3207474.455,0.862,-0.047,-0.056,0.502,2105,445,2543,2569,2773,2453,2119,2730,53,1.176,1,2045,1,42.299,0.166,-20.938,-20.875,-30.250,-0.141,-0.004,1.035,-0.023,-0.164,-0.102,0.072,0.042,1.107,1.323,2,NULL,NULL,,2,0,2,7,255,1125,250,0,0
pre_stim,10145,10145,0,10145,3207479.454,0.861,-0.045,-0.056,0.503,2029,439,2600,2516,2789,2467,2179,2749,53,1.176,1,2045,1,48.640,0.166,-29.875,-22.375,-31.188,-0.145,-0.023,1.074,-0.023,-0.164,0.430,0.074,0.038,1.107,1.323,2,NULL,NULL,,2,0,2,7,255,1125,250,0,0
pre_stim,10170,10170,0,10170,3207484.455,0.861,-0.043,-0.056,0.504,1947,427,2643,2463,2804,2457,2237,2771,53,1.176,1,2045,1,55.498,0.243,-37.313,-22.688,-34.250,-0.141,-0.031,1.027,-0.168,-0.176,0.430,0.074,0.036,1.107,1.323,2,NULL,NULL,,2,0,2,7,255,1125,250,0,0
pre_stim,10170,10170,0,10170,3207489.453,0.860,-0.041,-0.055,0.506,1817,413,2671,2401,2835,2461,2289,2775,53,1.176,1,2045,1,53.502,0.292,-34.313,-23.813,-33.438,-0.102,-0.035,0.957,-0.168,-0.238,0.363,0.076,0.032,1.107,1.323,2,NULL,NULL,,2,0,2,7,255,1125,250,0,0
pre_stim,10199,10199,0,10199,3207494.455,0.859,-0.040,-0.055,0.507,1661,415,2716,2321,2841,2461,2343,2791,53,1.176,1,2045,1,46.728,0.487,-26.125,-25.188,-29.438,-0.102,-0.070,0.973,-0.215,-0.438,-0.234,0.076,0.030,1.107,1.323,2,NULL,NULL,,2,0,2,7,255,1125,250,0,0
pre_stim,10199,10199,0,10199,3207499.454,0.859,-0.038,-0.055,0.508,1481,381,2743,2220,2867,2456,2389,2803,53,1.176,1,2045,1,45.403,0.584,-22.938,-25.500,-29.750,-0.109,-0.063,1.012,-0.320,-0.488,-0.234,0.078,0.028,1.107,1.323,2,NULL,NULL,,2,0,2,7,255,1125,250,0,0
pre_stim,10199,10199,0,10199,3207504.455,0.858,-0.037,-0.054,0.509,1331,344,2779,2126,2872,2461,2439,2807,53,1.176,1,2045,1,44.934,0.644,-21.750,-25.563,-29.875,-0.094,-0.055,1.008,-0.320,-0.559,0.105,0.078,0.026,1.107,1.323,2,NULL,NULL,,2,0,2,7,255,1125,250,0,0
pre_stim,10199,10199,0,10199,3207509.454,0.858,-0.035,-0.053,0.510,1157,315,2811,1995,2895,2456,2477,2827,53,1.176,1,2045,1,42.279,0.565,-20.688,-27.500,-24.563,-0.082,-0.035,1.027,-0.156,-0.543,0.164,0.078,0.024,1.107,1.323,2,NULL,NULL,,2,0,2,7,255,1125,250,0,0
pre_stim,10199,10199,0,10199,3207514.455,0.858,-0.034,-0.053,0.510,988,282,2833,1852,2901,2447,2519,2833,53,1.176,1,2045,1,40.693,0.548,-20.500,-28.375,-20.750,-0.137,-0.023,1.043,-0.074,-0.543,0.277,0.080,0.024,1.107,1.323,2,NULL,NULL,,2,0,2,7,255,1125,250,0,0
pre_stim,10199,10199,0,10199,3207519.454,0.857,-0.032,-0.052,0.511,795,239,2856,1647,2919,2443,2541,2844,53,1.176,1,2045,1,44.374,0.064,-20.438,-29.750,-25.813,-0.156,0.004,1.055,0.063,-0.012,0.500,0.080,0.022,1.107,1.323,2,NULL,NULL,,2,0,2,7,255,1125,250,0,0
pre_stim,10223,10223,0,10223,3207524.455,0.857,-0.031,-0.051,0.512,605,201,2875,1431,2933,2429,2587,2853,53,1.176,1,2045,1,46.341,0.091,-19.625,-32.250,-26.875,-0.086,0.020,1.039,0.090,-0.012,0.500,0.082,0.022,1.107,1.323,2,NULL,NULL,,2,0,2,7,255,1125,250,0,0
pre_stim,10223,10223,0,10223,3207529.453,0.856,-0.029,-0.050,0.513,377,167,2909,1181,2950,2421,2615,2861,53,1.176,1,2045,1,42.341,0.561,-16.500,-33.875,-19.313,-0.066,0.016,1.035,0.531,-0.180,0.379,0.082,0.022,1.107,1.323,2,NULL,NULL,,2,0,2,7,255,1125,250,0,0
pre_stim,10223,10223,0,10223,3207534.455,0.856,-0.028,-0.050,0.514,219,123,2921,1012,2971,2413,2643,2869,53,1.176,1,2045,1,43.090,0.561,-15.750,-33.938,-21.375,-0.117,-0.004,1.055,0.531,-0.180,0.379,0.084,0.022,1.107,1.323,2,NULL,NULL,,2,0,2,7,255,1125,250,0,0
pre_stim,10223,10223,0,10223,3207539.454,0.856,-0.026,-0.048,0.514,146,69,2935,808,2973,2391,2665,2893,53,1.176,1,2045,1,45.327,0.660,-13.688,-39.313,-17.938,-0.059,0.023,1.066,0.590,-0.297,0.582,0.086,0.022,1.107,1.323,2,NULL,NULL,,2,0,2,7,255,1125,250,0,0
pre_stim,10223,10223,0,10223,3207544.455,0.856,-0.025,-0.047,0.515,58,45,2940,583,2988,2364,2701,2890,53,1.176,1,2045,1,45.114,0.763,-14.813,-40.313,-13.813,-0.039,0.027,1.055,0.699,-0.305,0.582,0.088,0.024,1.107,1.323,2,NULL,NULL,,2,0,2,7,255,1125,250,0,0
pre_stim,10223,10223,0,10223,3207549.453,0.855,-0.024,-0.046,0.515,38,18,2951,443,3001,2393,2724,2897,53,1.176,1,2045,1,45.819,0.777,-13.188,-42.313,-11.625,-0.059,0.027,1.043,0.715,-0.305,0.512,0.088,0.026,1.107,1.323,2,NULL,NULL,,2,0,2,7,255,1125,250,0,0
pre_stim,10223,10223,0,10223,3207554.455,0.855,-0.022,-0.044,0.516,22,1,2963,347,3011,2325,2758,2905,53,1.176,1,2045,1,48.279,0.740,-2.000,-47.938,-5.375,-0.133,-0.031,1.086,0.715,-0.191,0.512,0.090,0.028,1.107,1.323,2,NULL,NULL,,2,0,2,7,255,1125,250,0,0
pre_stim,10223,10223,0,10223,3207559.454,0.856,-0.022,-0.042,0.515,4,0,2981,285,3021,2287,2777,2920,53,1.176,1,2045,1,54.948,0.228,9.188,-53.813,6.250,-0.262,-0.078,1.203,-0.117,0.195,0.906,0.090,0.030,1.107,1.323,2,NULL,NULL,,2,0,2,7,255,1125,250,0,0
pre_stim,10252,10252,0,10252,3207564.455,0.856,-0.021,-0.039,0.515,2,0,2983,247,3031,2267,2799,2923,53,1.176,1,2045,1,63.711,1.469,17.750,-61.188,-0.313,-0.379,-0.199,1.387,-1.043,1.035,2.203,0.092,0.036,1.107,1.323,2,NULL,NULL,,2,0,2,7,255,1125,250,0,0
pre_stim,10252,10252,0,10252,3207569.453,0.856,-0.021,-0.036,0.515,0,0,2994,217,3033,2229,2823,2929,53,1.176,1,2045,1,80.278,1.988,33.938,-72.750,0.438,-0.328,-0.109,1.602,-1.461,1.348,4.113,0.092,0.040,1.107,1.323,2,NULL,NULL,,2,0,2,7,255,1125,250,0,0
pre_stim,10252,10252,0,10252,3207574.455,0.857,-0.019,-0.033,0.515,0,0,2997,159,3041,2199,2835,2923,53,1.176,1,2045,0,82.560,1.988,-2.375,-79.875,20.750,-0.133,0.098,1.566,-1.461,1.348,5.559,0.094,0.044,1.107,1.323,2,NULL,NULL,,2,0,2,7,255,1125,250,0,0
pre_stim,10252,10252,0,10252,3207579.453,0.857,-0.016,-0.031,0.514,0,0,2999,135,3055,2159,2853,2939,53,1.176,1,2045,0,93.392,1.366,-46.250,-79.375,16.813,-0.070,0.152,1.258,1.145,0.746,5.559,0.094,0.048,1.107,1.323,2,NULL,NULL,,2,0,2,7,255,1125,250,0,0
pre_stim,10252,10252,0,10252,3207584.455,0.858,-0.013,-0.028,0.512,0,0,2999,98,3060,2103,2872,2935,53,1.176,1,2045,0,104.629,1.366,-31.938,-88.250,46.250,-0.145,0.102,1.125,1.145,0.746,2.461,0.090,0.048,1.107,1.323,3,NULL,NULL,,2,0,2,7,255,1125,250,0,0
pre_stim,10252,10252,0,10252,3207589.454,0.860,-0.010,-0.025,0.510,0,0,3003,53,3068,2014,2899,2940,53,1.176,1,2045,0,106.974,1.482,-11.500,-95.375,47.063,-0.258,0.043,1.129,0.820,1.234,1.336,0.084,0.050,1.107,1.323,3,NULL,NULL,,2,0,2,7,255,1125,250,0,0
pre_stim,10305,10305,0,10305,3207594.455,0.861,-0.008,-0.022,0.509,0,0,3005,0,3081,1950,2909,2935,53,1.176,1,2045,0,110.168,1.661,3.688,-102.188,41.000,-0.281,-0.090,1.207,-0.262,1.641,1.336,0.078,0.056,1.107,1.323,3,NULL,NULL,,2,0,2,7,255,1125,250,0,0
pre_stim,10305,10305,0,10305,3207599.453,0.862,-0.006,-0.018,0.507,0,0,2999,0,3083,1828,2915,2934,53,1.176,1,2045,0,109.587,2.239,-1.625,-105.938,28.000,-0.250,-0.105,1.246,-1.523,1.641,2.176,0.072,0.062,1.107,1.323,3,NULL,NULL,,2,0,2,7,255,1125,250,0,0
pre_stim,10305,10305,0,10305,3207604.455,0.862,-0.003,-0.014,0.506,0,0,2997,0,3091,1708,2933,2928,53,1.176,1,2045,0,115.024,2.071,-4.438,-110.938,30.063,-0.215,-0.141,1.254,-1.531,1.395,2.535,0.068,0.068,1.107,1.323,3,NULL,NULL,,2,0,2,7,255,1125,250,0,0
pre_stim,10305,10305,0,10305,3207609.454,0.863,-0.001,-0.010,0.505,0,0,2990,0,3089,1589,2949,2925,53,1.176,1,2045,0,119.961,1.995,-8.875,-115.563,30.938,-0.211,-0.121,1.203,-1.598,1.195,2.535,0.062,0.076,1.107,1.323,3,NULL,NULL,,2,0,2,7,255,1125,250,0,0
pre_stim,10305,10305,0,10305,3207614.455,0.864,0.002,-0.006,0.503,0,0,2989,0,3099,1425,2968,2919,53,1.176,1,2045,0,125.510,1.906,-9.875,-121.188,31.125,-0.176,-0.129,1.184,-1.598,1.039,2.047,0.056,0.082,1.107,1.323,3,NULL,NULL,,2,0,2,7,255,1125,250,0,0
pre_stim,10305,10305,0,10305,3207619.453,0.865,0.005,-0.002,0.502,0,0,2979,0,3112,1261,2969,2921,53,1.176,1,2045,0,130.083,1.995,-6.000,-125.750,32.750,-0.203,-0.129,1.168,-1.598,1.195,1.859,0.046,0.086,1.107,1.323,3,NULL,NULL,,2,0,2,7,255,1125,250,0,0
pre_stim,10305,10305,0,10305,3207624.455,0.865,0.008,0.003,0.501,0,0,2957,0,3101,1075,2981,2908,53,1.176,1,2045,0,133.617,2.051,0.313,-131.000,26.313,-0.203,-0.090,1.137,-1.586,1.301,1.660,0.036,0.092,1.107,1.323,3,NULL,NULL,,2,0,2,7,255,1125,250,0,0
pre_stim,10305,10305,0,10305,3207629.454,0.866,0.011,0.008,0.500,0,0,2940,0,3104,907,2981,2891,53,1.176,1,2045,0,138.534,2.396,6.125,-137.000,19.625,-0.227,-0.141,1.137,-1.789,1.594,1.344,0.028,0.098,1.107,1.323,3,NULL,NULL,,2,0,2,7,255,1125,250,0,0
pre_stim,10306,10306,0,10306,3207634.455,0.866,0.013,0.014,0.499,0,0,2921,0,3111,683,3001,2891,53,1.176,1,2045,0,146.354,2.415,16.063,-144.063,20.188,-0.195,-0.109,1.211,-1.762,1.652,1.344,0.024,0.106,1.107,1.323,3,NULL,NULL,,2,0,2,7,255,1125,250,0,0
pre_stim,10306,10306,0,10306,3207639.453,0.867,0.016,0.019,0.498,0,0,2902,0,3113,541,3011,2865,53,1.176,1,2045,0,150.442,2.415,12.313,-149.500,11.438,-0.172,-0.098,1.203,-1.762,1.652,1.906,0.024,0.114,1.107,1.323,3,NULL,NULL,,2,0,2,7,255,1125,250,0,0
pre_stim,10325,10325,0,10325,3207644.455,0.867,0.019,0.025,0.497,0,0,2891,0,3116,413,3011,2855,53,1.176,1,2045,0,160.702,2.407,17.750,-158.750,17.563,-0.164,-0.133,1.176,-1.762,1.641,1.906,0.028,0.122,1.107,1.323,3,NULL,NULL,,2,0,2,7,255,1125,250,0,0
pre_stim,10325,10325,0,10325,3207649.454,0.867,0.021,0.032,0.496,0,0,2843,0,3121,219,3015,2829,53,1.176,1,2045,0,167.845,2.334,26.625,-165.063,14.750,-0.086,0.012,1.238,-1.660,1.641,1.906,0.034,0.134,1.107,1.323,3,NULL,NULL,,2,0,2,7,255,1125,250,0,0
pre_stim,10325,10325,0,10325,3207654.455,0.868,0.024,0.039,0.495,0,0,2808,0,3119,117,3017,2809,53,1.176,1,2045,0,173.972,1.796,21.750,-171.875,15.875,-0.086,0.059,1.242,-0.508,1.723,2.215,0.042,0.144,1.107,1.323,3,NULL,NULL,,2,0,2,7,255,1125,250,0,0
pre_stim,10325,10325,0,10325,3207659.454,0.868,0.026,0.046,0.494,0,0,2761,0,3119,71,3025,2787,53,1.176,1,2045,0,186.193,2.126,30.625,-181.313,29.250,-0.094,0.133,1.363,-0.230,2.113,2.230,0.052,0.158,1.107,1.323,3,NULL,NULL,,2,0,2,7,255,1125,250,0,0
pre_stim,10351,10351,0,10351,3207664.455,0.868,0.030,0.054,0.492,0,0,2713,0,3131,30,3021,2749,53,1.176,1,2045,0,193.364,2.820,25.938,-189.313,29.625,-0.148,0.207,1.512,0.211,2.813,3.332,0.060,0.170,1.107,1.323,3,NULL,NULL,,2,0,2,7,255,1125,250,0,0
pre_stim,10351,10351,0,10351,3207669.454,0.869,0.033,0.062,0.491,0,0,2659,0,3115,0,3026,2727,53,1.176,1,2045,0,201.745,3.994,13.938,-199.375,27.500,-0.230,0.164,1.543,0.211,3.988,4.672,0.070,0.184,1.107,1.323,3,NULL,NULL,,2,0,2,7,255,1125,250,0,0
pre_stim,10351,10351,0,10351,3207674.455,0.869,0.037,0.070,0.489,0,0,2572,0,3125,0,3033,2676,53,1.176,1,2045,0,211.807,4.732,14.875,-210.188,21.500,-0.270,0.145,1.652,-0.590,4.695,4.789,0.082,0.202,1.107,1.323,3,NULL,NULL,,2,0,2,7,255,1125,250,0,0
pre_stim,10351,10351,0,10351,3207679.453,0.869,0.042,0.079,0.488,0,0,2479,0,3116,0,3026,2619,53,1.176,1,2045,0,224.766,5.432,8.938,-223.563,21.438,-0.316,0.168,1.875,-1.152,5.309,5.742,0.098,0.220,1.107,1.323,3,NULL,NULL,,2,0,2,7,255,1125,250,0,0
pre_stim,10370,10370,0,10370,3207684.455,0.868,0.047,0.087,0.486,0,0,2365,0,3108,0,3027,2579,53,1.176,1,2045,0,241.672,6.527,-1.563,-239.875,29.375,-0.395,0.285,2.043,-1.270,6.402,7.691,0.116,0.244,1.107,1.323,3,NULL,NULL,,2,0,2,7,255,1125,250,0,0
pre_stim,10370,10370,0,10370,3207689.454,0.868,0.053,0.097,0.484,0,0,2237,0,3102,0,3016,2515,53,1.176,1,2045,0,261.290,8.366,-20.188,-259.313,24.938,-0.410,0.488,2.133,-1.270,8.270,8.992,0.140,0.272,1.107,1.323,3,NULL,NULL,,2,0,2,7,255,1125,250,0,0
pre_stim,10405,10405,0,10405,3207694.455,0.867,0.061,0.106,0.482,0,0,2071,0,3087,0,3004,2428,53,1.176,1,2045,0,283.215,9.985,-45.625,-278.500,23.813,-0.402,0.527,2.172,0.059,9.984,9.559,0.168,0.304,1.107,1.323,3,NULL,NULL,,2,0,2,7,255,1125,250,0,0
pre_stim,10405,10405,0,10405,3207699.453,0.867,0.070,0.116,0.480,0,0,1869,0,3065,0,2995,2340,53,1.176,1,2045,0,306.492,10.662,-60.000,-298.625,34.063,-0.418,0.563,2.223,0.172,10.660,9.688,0.202,0.340,1.107,1.323,3,NULL,NULL,,2,0,2,7,255,1125,250,0,0
pre_stim,10423,10423,0,10423,3207704.455,0.866,0.080,0.126,0.478,0,0,1677,0,3044,0,2968,2247,53,1.176,1,2045,0,330.649,11.565,-81.250,-318.250,38.000,-0.461,0.625,2.254,0.219,11.563,9.688,0.238,0.382,1.107,1.323,3,NULL,NULL,,2,0,2,7,255,1125,250,0,0
pre_stim,10423,10423,0,10423,3207709.454,0.864,0.091,0.137,0.476,0,0,1543,0,3027,0,2953,2133,53,1.176,1,2045,0,353.402,12.877,-101.188,-337.750,24.063,-0.473,0.656,2.293,0.250,12.875,9.664,0.282,0.428,1.107,1.323,3,NULL,NULL,,2,0,2,7,255,1125,250,0,0
pre_stim,10423,10423,0,10423,3207714.455,0.862,0.103,0.148,0.474,0,0,1445,0,2995,0,2915,2012,53,1.176,1,2045,0,372.167,13.795,-112.563,-354.500,12.938,-0.504,0.652,2.344,0.250,13.793,9.582,0.330,0.480,1.107,1.323,3,NULL,NULL,,2,0,2,7,255,1125,250,0,0
pre_stim,10423,10423,0,10423,3207719.454,0.859,0.115,0.159,0.472,0,0,1363,0,2953,0,2859,1847,53,1.176,1,2045,0,386.779,14.807,-116.563,-368.750,5.875,-0.547,0.770,2.500,0.250,14.805,9.582,0.386,0.538,1.107,1.323,3,NULL,NULL,,2,0,2,7,255,1125,250,0,0
pre_stim,10423,10423,0,10423,3207724.455,0.856,0.128,0.171,0.471,0,0,1273,0,2899,0,2792,1720,53,1.176,1,2045,0,404.063,16.876,-129.063,-382.813,-8.000,-0.602,0.785,2.672,-0.133,16.875,10.184,0.450,0.604,1.107,1.323,3,NULL,NULL,,2,0,2,7,255,1125,250,0,0
pre_stim,10423,10423,0,10423,3207729.453,0.852,0.141,0.183,0.470,0,0,1162,0,2837,0,2687,1547,53,1.176,1,2045,0,427.105,18.705,-145.625,-400.813,-23.688,-0.648,0.598,2.820,-0.250,18.703,10.883,0.520,0.678,1.107,1.323,3,NULL,NULL,,2,0,2,7,255,1125,250,0,0
pre_stim,10423,10423,0,10423,3207734.455,0.847,0.156,0.195,0.470,0,0,1013,0,2761,0,2549,1426,53,1.176,1,2045,0,454.444,19.648,-176.375,-417.938,-27.188,-0.754,0.574,2.801,-2.375,19.504,10.883,0.602,0.760,1.107,1.323,3,NULL,NULL,,2,0,2,7,255,1125,250,0,0
pre_stim,10423,10423,0,10423,3207739.454,0.841,0.171,0.207,0.469,0,0,889,0,2645,0,2331,1279,53,1.176,1,2045,0,470.316,21.078,-182.438,-431.188,-44.625,-0.805,0.492,2.770,-3.109,20.848,10.035,0.690,0.850,1.107,1.323,3,NULL,NULL,,2,0,2,7,255,1125,250,0,0
pre_stim,10423,10423,0,10423,3207744.455,0.834,0.186,0.220,0.470,0,0,688,0,2501,0,2109,1133,53,1.176,1,2045,0,480.637,21.230,-176.938,-439.688,-79.875,-0.668,0.230,2.773,-4.012,20.848,8.945,0.784,0.946,1.107,1.323,3,NULL,NULL,,2,0,2,7,255,1125,250,0,0
pre_stim,10423,10423,0,10423,3207749.453,0.827,0.201,0.234,0.470,0,0,533,0,2333,0,1821,989,53,1.176,1,2045,0,487.946,20.845,-170.375,-449.063,-86.063,-0.445,-0.043,2.715,-5.645,20.066,8.945,0.882,1.046,1.107,1.323,3,NULL,NULL,,2,0,2,7,255,1125,250,0,0
pre_stim,10423,10423,0,10423,3207754.455,0.820,0.217,0.247,0.469,0,0,339,0,2101,0,1478,861,53,1.176,1,2045,0,500.763,19.100,-177.375,-466.438,-41.688,-0.289,-0.273,2.387,-6.945,17.793,8.945,0.980,1.146,1.107,1.323,3,NULL,NULL,,2,0,2,7,255,1125,250,0,0
pre_stim,10423,10423,0,10423,3207759.454,0.813,0.233,0.261,0.466,0,0,154,0,1817,0,999,763,53,1.176,1,2045,0,515.439,16.612,-171.688,-486.000,-2.125,-0.164,-0.438,1.871,-7.770,14.684,7.113,1.078,1.246,1.107,1.323,3,NULL,NULL,,2,0,2,7,255,1125,250,0,0
pre_stim,10444,10444,0,10444,3207764.455,0.807,0.247,0.276,0.460,0,0,45,0,1460,0,409,595,53,1.176,1,2045,0,520.792,13.305,-110.000,-508.500,23.500,-0.215,-0.582,1.484,-7.871,10.727,3.617,1.170,1.338,1.107,1.323,3,NULL,NULL,,2,0,2,7,255,1125,250,0,0
pre_stim,10444,10444,0,10444,3207769.453,0.801,0.260,0.292,0.453,0,0,25,0,1085,0,123,477,53,1.176,1,2045,0,512.608,12.763,-52.625,-508.125,42.500,-0.176,-0.078,1.387,-7.871,10.047,0.215,1.252,1.422,1.107,1.323,3,NULL,NULL,,2,0,2,7,255,1125,250,0,0
pre_stim,10444,10444,0,10444,3207774.455,0.796,0.271,0.308,0.446,0,0,1,0,685,0,0,361,53,1.176,1,2045,0,497.197,10.923,-7.063,-495.625,38.875,-0.195,0.395,1.750,-4.285,10.047,-0.609,1.326,1.496,1.107,1.323,3,NULL,NULL,,2,0,2,7,255,1125,250,0,0
pre_stim,10444,10444,0,10444,3207779.454,0.791,0.282,0.324,0.436,0,0,0,0,251,0,0,253,53,1.176,1,2045,0,503.190,15.034,-15.000,-494.188,93.563,-0.379,0.695,1.980,-1.266,14.980,-1.512,1.392,1.564,1.107,1.323,3,NULL,NULL,,2,0,2,7,255,1125,250,0,0
pre_stim,10470,10470,0,10470,3207784.455,0.786,0.297,0.337,0.425,0,0,0,0,0,0,0,147,53,1.176,1,2045,0,525.083,19.248,-81.125,-494.313,157.438,-0.758,0.793,1.832,-0.832,19.230,-1.715,1.462,1.634,1.107,1.323,3,NULL,NULL,,2,0,2,7,255,1125,250,0,0
pre_stim,10470,10470,0,10470,3207789.453,0.781,0.313,0.349,0.414,0,0,0,0,0,0,0,68,53,1.176,1,2045,0,537.432,19.248,-117.313,-492.250,181.000,-1.141,0.625,1.523,-0.832,19.230,-6.535,1.540,1.714,1.107,1.323,3,NULL,NULL,,2,0,2,7,255,1125,250,0,0
pre_stim,10505,10505,0,10505,3207794.455,0.775,0.328,0.360,0.403,0,0,0,0,0,0,0,9,53,1.176,1,2045,0,522.619,19.412,-130.000,-479.188,163.125,-1.195,0.652,1.281,-2.758,19.215,-11.840,1.626,1.802,1.107,1.323,4,NULL,NULL,,2,0,2,7,255,1125,250,0,0
pre_stim,10505,10505,0,10505,3207799.454,0.768,0.343,0.370,0.395,0,0,0,0,0,0,0,27,53,1.176,1,2045,0,482.832,17.697,-165.188,-438.500,116.438,-0.797,1.066,1.102,-2.758,17.480,-13.754,1.714,1.892,1.107,1.323,0,NULL,NULL,,2,0,2,7,255,1125,250,0,0
pre_stim,10505,10505,0,10505,3207804.456,0.759,0.358,0.378,0.390,0,0,0,0,0,0,0,52,53,1.176,1,2045,0,433.589,16.400,-208.750,-375.938,55.625,-0.168,0.898,0.855,2.859,16.148,-13.754,1.802,1.982,1.107,1.323,0,NULL,NULL,,2,0,2,7,255,1125,250,0,0
pre_stim,10505,10505,0,10505,3207809.454,0.753,0.369,0.384,0.387,0,0,0,0,0,0,0,84,53,1.176,1,2045,0,328.136,11.589,-158.750,-283.000,48.813,0.070,0.176,0.910,2.859,11.230,-9.754,1.888,2.070,1.107,1.323,0,NULL,NULL,,2,0,2,7,255,1125,250,0,0
pre_stim,10505,10505,0,10505,3207814.455,0.750,0.377,0.387,0.382,0,0,0,0,0,0,0,93,53,1.176,1,2045,0,245.283,11.250,-104.125,-200.563,95.375,-0.320,-0.102,1.309,-0.660,11.230,-7.000,1.966,2.152,1.107,1.323,0,NULL,NULL,,2,0,2,7,255,1125,250,0,0
pre_stim,10505,10505,0,10505,3207819.454,0.747,0.385,0.386,0.380,0,0,0,0,0,0,0,111,53,1.176,1,2045,0,205.291,12.925,-146.500,-115.313,85.938,-0.762,0.168,1.566,-5.641,11.629,-7.000,2.042,2.228,1.107,1.323,0,NULL,NULL,,2,0,2,7,255,1125,250,0,0
pre_stim,10505,10505,0,10505,3207824.455,0.743,0.394,0.382,0.382,0,0,0,0,0,0,0,93,53,1.176,1,2045,0,237.694,12.925,-234.313,-20.250,34.438,-0.754,0.289,0.988,-5.641,11.629,-10.699,2.116,2.302,1.107,1.323,0,NULL,NULL,,2,0,2,7,255,1125,250,0,0
pre_stim,10505,10505,0,10505,3207829.453,0.740,0.402,0.376,0.387,0,0,0,0,0,0,0,78,53,1.176,1,2045,0,266.780,11.964,-257.438,65.438,24.813,-0.555,0.473,0.191,-3.027,11.574,-13.348,2.188,2.378,1.107,1.323,0,NULL,NULL,,2,0,2,7,255,1125,250,0,0
pre_stim,10505,10505,0,10505,3207834.455,0.740,0.406,0.367,0.391,0,0,0,0,0,0,0,52,53,1.176,1,2045,0,242.180,4.879,-197.750,134.000,39.875,-0.566,0.645,-0.250,1.297,4.703,-15.254,2.254,2.444,1.107,1.323,0,NULL,NULL,,2,0,2,7,255,1125,250,0,0
pre_stim,10505,10505,0,10505,3207839.454,0.741,0.407,0.359,0.395,0,0,0,0,0,0,0,45,53,1.176,1,2045,0,210.228,2.711,-98.875,181.500,38.438,-0.734,0.508,-0.164,1.500,2.258,-17.613,2.306,2.500,1.107,1.323,0,NULL,NULL,,2,0,2,7,255,1125,250,0,0
pre_stim,10529,10529,0,10529,3207844.455,0.744,0.405,0.351,0.399,0,0,0,0,0,0,0,45,53,1.176,1,2045,0,220.204,2.711,-46.563,214.563,16.875,-0.777,0.262,0.289,1.500,2.258,-17.613,2.344,2.538,1.107,1.323,0,NULL,NULL,,2,0,2,7,255,1125,250,0,0
pre_stim,10529,10529,0,10529,3207849.453,0.747,0.403,0.342,0.404,0,0,0,0,0,0,0,38,53,1.176,1,2045,0,246.453,5.881,-62.313,238.375,5.813,-0.621,0.148,0.441,-1.637,5.648,-15.941,2.366,2.564,1.107,1.323,0,NULL,NULL,,2,0,2,7,255,1125,250,0,0
pre_stim,10529,10529,0,10529,3207854.455,0.749,0.401,0.332,0.409,0,0,0,0,0,0,0,31,53,1.176,1,2045,0,267.974,5.881,-86.625,252.625,22.063,-0.469,0.184,0.195,-1.637,5.648,-13.551,2.382,2.582,1.107,1.323,0,NULL,NULL,,2,0,2,7,255,1125,250,0,0
pre_stim,10529,10529,0,10529,3207859.454,0.752,0.399,0.322,0.414,0,0,0,0,0,0,0,29,53,1.176,1,2045,0,273.988,3.871,-75.438,259.250,46.563,-0.465,0.262,-0.148,-0.828,3.781,-13.551,2.396,2.596,1.107,1.323,0,NULL,NULL,,2,0,2,7,255,1125,250,0,0
pre_stim,10551,10551,0,10551,3207864.455,0.756,0.396,0.312,0.417,0,0,0,0,0,0,0,23,53,1.176,1,2045,0,269.961,1.167,-35.563,261.750,55.688,-0.531,0.309,-0.293,0.309,1.125,-15.102,2.408,2.610,1.107,1.323,0,NULL,NULL,,2,0,2,7,255,1125,250,0,0
pre_stim,10551,10551,0,10551,3207869.453,0.760,0.392,0.302,0.420,0,0,0,0,0,0,0,22,53,1.176,1,2045,0,267.930,1.030,2.313,262.813,52.063,-0.512,0.316,-0.242,0.531,0.883,-16.055,2.418,2.620,1.107,1.323,0,NULL,NULL,,2,0,2,7,255,1125,250,0,0
pre_stim,10551,10551,0,10551,3207874.455,0.765,0.387,0.293,0.423,0,0,0,0,0,0,0,18,53,1.176,1,2045,0,269.887,1.045,24.688,263.313,53.813,-0.414,0.285,-0.148,0.559,0.883,-16.055,2.422,2.626,1.107,1.323,0,NULL,NULL,,2,0,2,7,255,1125,250,0,0
pre_stim,10551,10551,0,10551,3207879.454,0.770,0.382,0.284,0.425,0,0,0,0,0,0,0,25,53,1.176,1,2045,0,273.306,1.408,39.563,262.250,66.000,-0.367,0.258,-0.094,0.559,1.293,-14.738,2.424,2.632,1.107,1.323,0,NULL,NULL,,2,0,2,7,255,1125,250,0,0
pre_stim,10551,10551,0,10551,3207884.455,0.776,0.376,0.275,0.426,0,0,0,0,0,0,0,18,53,1.176,1,2045,0,276.255,1.619,55.875,259.375,76.938,-0.398,0.238,-0.051,0.465,1.551,-13.977,2.428,2.638,1.107,1.323,0,NULL,NULL,,2,0,2,7,255,1125,250,0,0
pre_stim,10551,10551,0,10551,3207889.453,0.781,0.369,0.266,0.427,0,0,0,0,0,0,0,17,53,1.176,1,2045,0,277.584,2.075,74.375,255.750,78.188,-0.438,0.207,0.027,0.063,2.074,-13.863,2.432,2.644,1.107,1.323,0,NULL,NULL,,2,0,2,7,255,1125,250,0,0
pre_stim,10601,10601,0,10601,3207894.455,0.787,0.362,0.258,0.428,0,0,0,0,0,0,0,17,53,1.176,1,2045,0,277.760,2.890,90.188,252.000,74.250,-0.434,0.184,0.148,-0.469,2.852,-13.547,2.440,2.652,1.107,1.323,0,NULL,NULL,,2,0,2,7,255,1125,250,0,0
pre_stim,10601,10601,0,10601,3207899.453,0.792,0.355,0.251,0.429,0,0,0,0,0,0,0,17,53,1.176,1,2045,0,278.058,3.859,99.875,249.813,70.250,-0.410,0.172,0.293,-0.770,3.781,-12.637,2.450,2.664,1.107,1.323,0,NULL,NULL,,2,0,2,7,255,1125,250,0,0
pre_stim,10601,10601,0,10601,3207904.455,0.798,0.347,0.243,0.429,0,0,0,0,0,0,0,11,53,1.176,1,2045,0,278.852,4.897,103.875,250.125,66.375,-0.398,0.172,0.441,-0.863,4.820,-11.469,2.464,2.680,1.107,1.323,0,NULL,NULL,,2,0,2,7,255,1125,250,0,0
pre_stim,10601,10601,0,10601,3207909.454,0.803,0.339,0.235,0.430,0,0,0,0,0,0,0,5,53,1.176,1,2045,0,280.310,5.992,103.438,253.375,60.625,-0.418,0.168,0.582,-0.941,5.918,-10.359,2.482,2.700,1.107,1.323,0,NULL,NULL,,2,0,2,7,255,1125,250,0,0
pre_stim,10601,10601,0,10601,3207914.455,0.808,0.331,0.227,0.432,0,0,0,0,0,0,0,7,53,1.176,1,2045,0,282.109,7.150,98.375,259.313,51.625,-0.449,0.168,0.703,-1.164,7.055,-9.434,2.506,2.724,1.107,1.323,0,NULL,NULL,,2,0,2,7,255,1125,250,0,0
pre_stim,10601,10601,0,10601,3207919.453,0.812,0.323,0.219,0.433,0,0,0,0,0,0,0,21,53,1.176,1,2045,0,285.540,8.219,90.188,268.000,39.688,-0.465,0.172,0.793,-1.363,8.105,-8.660,2.534,2.756,1.107,1.323,0,NULL,NULL,,2,0,2,7,255,1125,250,0,0
pre_stim,10601,10601,0,10601,3207924.455,0.816,0.315,0.210,0.436,0,0,0,0,0,0,0,19,53,1.176,1,2045,0,291.468,8.939,81.188,278.688,26.375,-0.477,0.160,0.859,-1.477,8.816,-7.988,2.568,2.792,1.107,1.323,0,NULL,NULL,,2,0,2,7,255,1125,250,0,0
pre_stim,10601,10601,0,10601,3207929.454,0.820,0.307,0.201,0.439,0,0,0,0,0,0,0,25,53,1.176,1,2045,0,299.651,9.371,71.375,290.750,12.688,-0.473,0.148,0.902,-1.574,9.238,-7.340,2.608,2.832,1.107,1.323,0,NULL,NULL,,2,0,2,7,255,1125,250,0,0
pre_stim,10601,10601,0,10601,3207934.455,0.823,0.299,0.192,0.443,0,0,0,0,0,0,0,28,53,1.176,1,2045,0,309.829,9.385,61.375,303.688,-0.875,-0.461,0.137,0.906,-1.609,9.246,-6.730,2.652,2.878,1.107,1.323,0,NULL,NULL,,2,0,2,7,255,1125,250,0,0
pre_stim,10601,10601,0,10601,3207939.453,0.826,0.291,0.182,0.447,0,0,0,0,0,0,0,28,53,1.176,1,2045,0,321.439,9.385,54.875,316.438,-13.375,-0.449,0.125,0.867,-1.609,9.246,-6.355,2.698,2.924,1.107,1.323,0,NULL,NULL,,2,0,2,7,255,1125,250,0,0
pre_stim,10624,10624,0,10624,3207944.455,0.828,0.282,0.171,0.452,0,0,0,0,0,0,0,29,53,1.176,1,2045,0,333.318,8.921,53.688,328.000,-25.188,-0.430,0.113,0.828,-1.527,8.789,-6.258,2.744,2.974,1.107,1.323,0,NULL,NULL,,2,0,2,7,255,1125,250,0,0
pre_stim,10624,10624,0,10624,3207949.454,0.831,0.273,0.161,0.458,0,0,0,0,0,0,0,31,53,1.176,1,2045,0,344.853,8.422,57.000,338.125,-36.688,-0.398,0.098,0.797,-1.426,8.301,-6.195,2.794,3.024,1.107,1.323,0,NULL,NULL,,2,0,2,7,255,1125,250,0,0
pre_stim,10624,10624,0,10624,3207954.455,0.833,0.263,0.150,0.463,0,0,0,0,0,0,0,37,53,1.176,1,2045,0,355.384,7.874,63.938,346.563,-45.875,-0.355,0.090,0.781,-1.281,7.770,-5.977,2.840,3.074,1.107,1.323,0,NULL,NULL,,2,0,2,7,255,1125,250,0,0
pre_stim,10624,10624,0,10624,3207959.454,0.834,0.253,0.140,0.469,0,0,0,0,0,0,0,37,53,1.176,1,2045,0,364.477,7.282,73.938,353.063,-52.188,-0.273,0.102,0.781,-1.016,7.211,-5.637,2.886,3.122,1.107,1.323,0,NULL,NULL,,2,0,2,7,255,1125,250,0,0
pre_stim,10646,10646,0,10646,3207964.455,0.836,0.242,0.129,0.475,0,0,0,0,0,0,0,41,53,1.176,1,2045,0,372.526,6.602,84.000,358.125,-58.875,-0.098,0.098,0.766,-0.406,6.590,-5.066,2.928,3.164,1.107,1.323,0,NULL,NULL,,2,0,2,7,255,1125,250,0,0
pre_stim,10646,10646,0,10646,3207969.454,0.838,0.231,0.119,0.481,0,0,0,0,0,0,0,41,53,1.176,1,2045,0,377.972,5.123,99.438,360.313,-56.125,0.016,0.043,0.648,0.547,5.094,-4.422,2.964,3.202,1.107,1.323,0,NULL,NULL,,2,0,2,7,255,1125,250,0,0
pre_stim,10646,10646,0,10646,3207974.455,0.839,0.218,0.109,0.486,0,0,0,0,0,0,0,44,53,1.176,1,2045,0,382.193,3.309,130.938,356.563,-42.313,0.059,0.066,0.719,0.664,3.242,-4.211,2.996,3.236,1.107,1.323,0,NULL,NULL,,2,0,2,7,255,1125,250,0,0
pre_stim,10646,10646,0,10646,3207979.453,0.841,0.205,0.100,0.490,0,0,0,0,0,0,0,53,53,1.176,1,2045,0,385.206,3.434,153.125,351.813,-34.125,0.055,0.148,0.852,1.133,3.242,-3.613,3.024,3.266,1.107,1.323,0,NULL,NULL,,2,0,2,7,255,1125,250,0,0
pre_stim,10670,10670,0,10670,3207984.455,0.844,0.191,0.091,0.493,0,0,0,0,0,0,0,53,53,1.176,1,2045,0,384.396,4.310,163.500,347.063,-24.000,0.082,0.098,1.051,1.770,3.930,-2.594,3.050,3.292,1.107,1.323,0,NULL,NULL,,2,0,2,7,255,1125,250,0,0
pre_stim,10670,10670,0,10670,3207989.454,0.846,0.178,0.082,0.496,0,0,0,0,0,0,0,47,53,1.176,1,2045,0,378.639,4.515,162.688,341.688,-12.250,0.082,0.133,1.129,1.930,4.082,-0.477,3.074,3.318,1.107,1.323,0,NULL,NULL,,2,0,2,7,255,1125,250,0,0
pre_stim,10704,10704,0,10704,3207994.455,0.848,0.164,0.074,0.499,0,0,0,0,0,0,0,41,53,1.176,1,2045,0,375.687,4.572,167.000,336.500,4.375,0.117,0.098,1.148,2.059,4.082,0.250,3.096,3.344,1.107,1.323,0,NULL,NULL,,2,0,2,7,255,1125,250,0,0
pre_stim,10704,10704,0,10704,3207999.453,0.850,0.150,0.065,0.500,0,0,0,0,0,0,0,47,53,1.176,1,2045,0,378.483,4.706,182.625,330.938,19.438,0.020,0.148,1.238,2.078,4.223,0.746,3.118,3.368,1.107,1.323,0,NULL,NULL,,2,0,2,7,255,1125,250,0,0
pre_stim,10704,10704,0,10704,3208004.455,0.853,0.136,0.057,0.501,0,0,0,0,0,0,0,44,53,1.176,1,2045,0,379.308,4.930,190.188,327.875,14.188,-0.098,0.203,1.410,2.074,4.473,1.320,3.140,3.392,1.107,1.323,0,NULL,NULL,,2,0,2,7,255,1125,250,0,0
pre_stim,10704,10704,0,10704,3208009.454,0.854,0.122,0.049,0.503,0,0,0,0,0,0,0,47,53,1.176,1,2045,0,376.240,5.959,187.875,325.938,4.938,-0.090,0.164,1.563,2.074,5.586,2.688,3.162,3.416,1.107,1.323,0,NULL,NULL,,2,0,2,7,255,1125,250,0,0
pre_stim,10704,10704,0,10704,3208014.455,0.856,0.108,0.041,0.504,0,0,0,0,0,0,0,43,53,1.176,1,2045,0,370.848,5.904,178.875,324.750,8.313,-0.063,0.129,1.703,1.910,5.586,4.422,3.186,3.440,1.107,1.323,0,NULL,NULL,,2,0,2,7,255,1125,250,0,0
pre_stim,10704,10704,0,10704,3208019.453,0.857,0.095,0.032,0.505,0,0,0,0,0,0,0,48,53,1.176,1,2045,0,364.612,5.669,165.250,324.688,14.563,-0.129,0.137,1.809,1.813,5.371,6.031,3.210,3.466,1.107,1.323,0,NULL,NULL,,2,0,2,7,255,1125,250,0,0
pre_stim,10722,10722,0,10722,3208024.455,0.858,0.082,0.024,0.506,0,0,0,0,0,0,0,55,53,1.176,1,2045,0,357.728,5.623,150.063,324.500,12.250,-0.203,0.156,1.898,1.664,5.371,7.078,3.236,3.494,1.107,1.323,0,NULL,NULL,,2,0,2,7,255,1125,250,0,0
pre_stim,10722,10722,0,10722,3208029.453,0.859,0.070,0.014,0.508,0,0,0,0,0,0,0,55,53,1.176,1,2045,0,350.602,5.598,133.625,324.125,3.063,-0.199,0.141,1.934,1.578,5.371,8.000,3.262,3.522,1.107,1.323,0,NULL,NULL,,2,0,2,7,255,1125,250,0,0
pre_stim,10722,10722,0,10722,3208034.455,0.859,0.058,0.005,0.509,0,0,0,0,0,0,0,57,53,1.176,1,2045,0,344.389,5.353,118.625,323.313,-0.875,-0.148,0.078,1.883,1.570,5.117,8.277,3.290,3.552,1.107,1.323,0,NULL,NULL,,2,0,2,7,255,1125,250,0,0
pre_stim,10722,10722,0,10722,3208039.454,0.859,0.046,-0.005,0.510,0,0,0,0,0,0,0,57,53,1.176,1,2045,0,341.353,4.006,114.188,321.688,-0.188,-0.133,0.027,1.820,1.324,3.781,8.277,3.318,3.582,1.107,1.323,0,NULL,NULL,,2,0,2,7,255,1125,250,0,0
pre_stim,10722,10722,0,10722,3208044.456,0.859,0.035,-0.014,0.511,0,0,0,0,0,0,0,55,53,1.176,1,2045,0,340.564,2.981,118.250,319.375,-0.813,-0.145,0.016,1.789,1.000,2.809,7.820,3.344,3.610,1.107,1.323,0,NULL,NULL,,2,0,2,7,255,1125,250,0,0
pre_stim,10722,10722,0,10722,3208049.453,0.858,0.023,-0.023,0.512,0,0,0,0,0,0,0,55,53,1.176,1,2045,0,341.546,2.462,127.438,316.813,-6.563,-0.133,-0.023,1.793,0.875,2.301,7.727,3.368,3.634,1.107,1.323,0,NULL,NULL,,2,0,2,7,255,1125,250,0,0
pre_stim,10722,10722,0,10722,3208054.455,0.858,0.010,-0.032,0.513,0,0,0,0,0,0,0,51,53,1.176,1,2045,0,344.057,1.627,139.813,314.188,-10.688,-0.082,-0.109,1.813,0.684,1.477,7.727,3.388,3.656,1.107,1.323,0,NULL,NULL,,2,0,2,7,255,1125,250,0,0
pre_stim,10722,10722,0,10722,3208059.454,0.857,-0.002,-0.040,0.514,0,0,0,0,0,0,0,44,53,1.176,1,2045,0,348.330,0.260,154.813,311.813,-11.813,-0.020,-0.156,1.836,0.234,0.113,7.996,3.404,3.674,1.107,1.323,0,NULL,NULL,,2,0,2,7,255,1125,250,0,0
pre_stim,10744,10744,0,10744,3208064.455,0.855,-0.016,-0.047,0.515,0,0,0,0,0,0,0,47,53,1.176,1,2045,0,355.319,1.210,174.250,309.375,-13.250,0.063,-0.176,1.887,0.234,-1.188,8.219,3.414,3.688,1.107,1.323,0,NULL,NULL,,2,0,2,7,255,1125,250,0,0
pre_stim,10744,10744,0,10744,3208069.453,0.854,-0.030,-0.054,0.516,0,0,0,0,0,0,0,47,53,1.176,1,2045,0,365.236,2.593,197.563,306.813,-15.250,0.191,-0.164,1.996,0.398,-2.563,8.609,3.420,3.694,1.107,1.323,0,NULL,NULL,,2,0,2,7,255,1125,250,0,0
pre_stim,10744,10744,0,10744,3208074.455,0.852,-0.045,-0.061,0.518,0,0,0,0,0,0,0,47,53,1.176,1,2045,0,376.967,4.435,220.688,305.063,-18.375,0.387,-0.125,2.152,1.113,-4.293,9.402,3.420,3.696,1.107,1.323,0,NULL,NULL,,2,0,2,7,255,1125,250,0,0
pre_stim,10744,10744,0,10744,3208079.454,0.850,-0.060,-0.067,0.519,0,0,0,0,0,0,0,48,53,1.176,1,2045,0,387.553,6.989,239.000,304.500,-18.875,0.590,-0.102,2.336,2.328,-6.590,10.516,3.412,3.690,1.107,1.323,0,NULL,NULL,,2,0,2,7,255,1125,250,0,0
pre_stim,10769,10769,0,10769,3208084.455,0.848,-0.076,-0.072,0.519,0,0,0,0,0,0,0,47,53,1.176,1,2045,0,394.856,9.835,251.188,304.313,-14.500,0.770,-0.105,2.516,3.438,-9.215,11.707,3.398,3.678,1.107,1.323,0,NULL,NULL,,2,0,2,7,255,1125,250,0,0
pre_stim,10769,10769,0,10769,3208089.453,0.846,-0.093,-0.078,0.520,0,0,0,0,0,0,0,46,53,1.176,1,2045,0,398.959,12.499,258.313,303.938,-8.063,0.918,-0.125,2.684,4.141,-11.793,12.770,3.372,3.654,1.107,1.323,0,NULL,NULL,,2,0,2,7,255,1125,250,0,0
pre_stim,10805,10805,0,10805,3208094.455,0.843,-0.109,-0.083,0.520,0,0,0,0,0,0,0,42,53,1.176,1,2045,0,400.246,14.981,259.875,304.375,-4.250,1.059,-0.102,2.848,4.488,-14.293,13.684,3.336,3.620,1.107,1.323,0,NULL,NULL,,2,0,2,7,255,1125,250,0,0
pre_stim,10805,10805,0,10805,3208099.454,0.840,-0.125,-0.089,0.520,0,0,0,0,0,0,0,43,53,1.176,1,2045,0,397.503,17.404,252.563,306.938,-3.250,1.199,-0.055,2.945,5.160,-16.621,14.402,3.288,3.574,1.107,1.323,0,NULL,NULL,,2,0,2,7,255,1125,250,0,0
pre_stim,10805,10805,0,10805,3208104.457,0.838,-0.141,-0.094,0.519,0,0,0,0,0,0,0,47,53,1.176,1,2045,0,391.335,19.620,241.250,308.125,0.438,1.285,-0.035,3.016,6.000,-18.680,14.402,3.232,3.518,1.107,1.323,0,NULL,NULL,,2,0,2,7,255,1125,250,0,0
pre_stim,10805,10805,0,10805,3208109.454,0.835,-0.156,-0.101,0.518,0,0,0,0,0,0,0,49,53,1.176,1,2045,0,379.390,21.314,223.313,306.688,3.313,1.301,0.008,3.078,6.371,-20.340,14.293,3.164,3.452,1.107,1.323,0,NULL,NULL,,2,0,2,7,255,1125,250,0,0
pre_stim,10805,10805,0,10805,3208114.455,0.832,-0.170,-0.107,0.517,0,0,0,0,0,0,0,55,53,1.176,1,2045,0,358.865,22.325,193.563,302.188,-0.125,1.324,0.152,3.113,6.648,-21.313,14.211,3.086,3.376,1.107,1.323,0,NULL,NULL,,2,0,2,7,255,1125,250,0,0
pre_stim,10805,10805,0,10805,3208119.454,0.829,-0.182,-0.114,0.517,0,0,0,0,0,0,0,59,53,1.176,1,2045,0,334.822,23.173,160.188,293.875,-9.125,1.504,0.363,3.113,7.922,-21.777,13.984,3.000,3.292,1.107,1.323,0,NULL,NULL,,2,0,2,7,255,1125,250,0,0
pre_stim,10805,10805,0,10805,3208124.455,0.826,-0.193,-0.122,0.516,0,0,0,0,0,0,0,69,53,1.176,1,2045,0,307.029,25.346,121.250,281.750,-13.500,1.859,0.375,3.004,10.488,-23.074,12.988,2.906,3.200,1.107,1.323,0,NULL,NULL,,2,0,2,7,255,1125,250,0,0
pre_stim,10805,10805,0,10805,3208129.453,0.823,-0.202,-0.130,0.514,0,0,0,0,0,0,0,87,53,1.176,1,2045,0,276.637,28.579,76.625,265.813,0.313,2.230,0.168,2.711,11.891,-25.988,10.016,2.806,3.100,1.107,1.323,0,NULL,NULL,,2,0,2,7,255,1125,250,0,0
pre_stim,10805,10805,0,10805,3208134.455,0.822,-0.209,-0.138,0.511,0,0,0,0,0,0,0,115,53,1.176,1,2045,0,252.094,31.180,40.813,247.188,28.000,2.516,-0.059,2.199,11.891,-28.824,4.898,2.696,2.994,1.107,1.323,0,NULL,NULL,,2,0,2,7,255,1125,250,0,0
pre_stim,10805,10805,0,10805,3208139.453,0.821,-0.215,-0.145,0.508,0,0,0,0,0,0,0,139,53,1.176,1,2045,0,236.397,31.420,31.563,227.688,55.188,2.738,-0.246,1.594,11.109,-29.391,-1.813,2.576,2.876,1.107,1.323,0,NULL,NULL,,2,0,2,7,255,1125,250,0,0
pre_stim,10827,10827,0,10827,3208144.455,0.821,-0.222,-0.150,0.504,0,0,0,0,0,0,0,147,53,1.176,1,2045,0,228.432,31.165,53.438,207.688,78.688,2.941,-0.449,1.047,10.367,-29.391,-8.926,2.450,2.750,1.107,1.323,0,NULL,NULL,,2,0,2,7,255,1125,250,0,0
pre_stim,10827,10827,0,10827,3208149.454,0.821,-0.231,-0.154,0.499,0,0,0,0,0,0,0,155,53,1.176,1,2045,0,235.276,30.443,98.313,187.125,103.313,3.105,-0.703,0.625,9.406,-28.953,-15.395,2.320,2.622,1.107,1.323,0,NULL,NULL,,2,0,2,7,255,1125,250,0,0
pre_stim,10827,10827,0,10827,3208154.455,0.821,-0.241,-0.155,0.494,0,0,0,0,0,0,0,164,53,1.176,1,2045,0,270.126,29.938,170.000,169.250,124.188,3.059,-0.805,0.320,7.922,-28.871,-20.707,2.186,2.488,1.107,1.323,0,NULL,NULL,,2,0,2,7,255,1125,250,0,0
pre_stim,10827,10827,0,10827,3208159.454,0.820,-0.253,-0.154,0.489,0,0,0,0,0,0,0,165,53,1.176,1,2045,0,298.480,29.704,227.938,142.875,129.313,3.125,-1.328,0.648,6.984,-28.871,-23.039,2.050,2.354,1.107,1.323,0,NULL,NULL,,2,0,2,7,255,1125,250,0,0
pre_stim,10852,10852,0,10852,3208164.455,0.819,-0.267,-0.152,0.484,0,0,0,0,0,0,0,164,53,1.176,1,2045,0,331.212,31.264,259.813,124.938,163.063,3.281,-1.773,0.707,3.148,-31.105,-23.719,1.912,2.218,1.107,1.323,0,NULL,NULL,,2,0,2,7,255,1125,250,0,0
pre_stim,10852,10852,0,10852,3208169.454,0.820,-0.281,-0.147,0.477,0,0,0,0,0,0,0,167,53,1.176,1,2045,0,386.739,32.966,307.688,97.875,212.875,3.078,-1.633,0.914,1.168,-32.945,-23.039,1.772,2.078,1.107,1.323,0,NULL,NULL,,2,0,2,7,255,1125,250,0,0
pre_stim,10852,10852,0,10852,3208174.455,0.819,-0.296,-0.140,0.471,0,0,0,0,0,0,0,163,53,1.176,1,2045,0,394.420,32.948,328.688,66.313,207.688,2.379,-1.336,1.648,0.457,-32.945,-22.676,1.626,1.934,1.107,1.323,0,NULL,NULL,,2,0,2,7,255,1125,250,0,0
pre_stim,10852,10852,0,10852,3208179.453,0.818,-0.308,-0.133,0.466,0,0,0,0,0,0,0,167,53,1.176,1,2045,0,342.470,32.948,295.313,38.375,169.125,2.434,-1.344,2.332,0.414,-32.945,-13.094,1.470,1.780,1.107,1.323,0,NULL,NULL,,2,0,2,7,255,1125,250,0,0
pre_stim,10852,10852,0,10852,3208184.455,0.819,-0.318,-0.126,0.461,0,0,0,0,0,0,0,177,53,1.176,1,2045,0,294.971,35.627,233.188,2.500,180.625,2.227,-1.402,2.844,0.395,-35.625,-8.621,1.310,1.620,1.107,1.323,0,NULL,NULL,,2,0,2,7,255,1125,250,0,0
pre_stim,10852,10852,0,10852,3208189.454,0.819,-0.324,-0.120,0.457,0,0,0,0,0,0,0,177,53,1.176,1,2045,0,228.101,35.654,177.563,-22.688,141.375,1.715,-1.301,2.605,-1.438,-35.625,-4.250,1.144,1.454,1.107,1.323,0,NULL,NULL,,2,0,2,7,255,1125,250,0,0
pre_stim,10904,10904,0,10904,3208194.455,0.819,-0.330,-0.114,0.456,0,0,0,0,0,0,0,163,53,1.176,1,2045,0,197.690,32.469,176.188,-53.938,71.625,1.328,-0.766,2.645,-1.438,-32.438,-3.430,0.970,1.280,1.107,1.323,0,NULL,NULL,,2,0,2,7,255,1125,250,0,0
pre_stim,10904,10904,0,10904,3208199.453,0.817,-0.333,-0.108,0.458,0,0,0,0,0,0,0,265,53,1.176,1,2045,0,155.612,30.974,135.188,-76.625,8.250,1.273,-0.512,3.313,-1.332,-30.945,0.664,0.790,1.100,1.107,1.323,0,NULL,NULL,,2,0,2,7,255,1125,250,0,0
pre_stim,10904,10904,0,10904,3208204.457,0.817,-0.344,-0.089,0.454,52,0,0,345,0,0,0,294,53,1.176,1,2045,0,491.111,30.974,378.875,-223.813,218.063,0.293,-0.211,6.824,-1.332,-30.945,6.977,0.606,0.912,1.107,1.323,0,NULL,NULL,,2,0,2,7,255,1125,250,0,0
pre_stim,10904,10904,0,10904,3208209.454,0.823,-0.338,-0.081,0.449,462,0,0,844,0,107,0,341,53,1.176,1,2045,0,292.446,43.735,-80.750,-190.688,206.500,-0.074,1.711,8.363,-0.602,-43.730,38.938,0.424,0.724,1.107,1.323,0,NULL,NULL,,2,0,2,7,255,1125,250,0,0
pre_stim,10904,10904,0,10904,3208214.455,0.842,-0.296,-0.096,0.440,956,0,0,1251,0,313,0,413,53,1.176,1,2045,0,1122.081,43.743,-1102.063,-115.250,176.750,-0.934,2.930,2.828,1.039,-43.730,38.938,0.264,0.546,1.107,1.323,0,NULL,NULL,,2,0,2,7,255,1125,250,0,0
pre_stim,10904,10904,0,10904,3208219.453,0.859,-0.253,-0.111,0.432,1367,0,0,1544,0,525,0,461,53,1.176,1,2045,0,1127.036,15.807,-1112.375,-135.875,119.875,-1.152,3.301,-1.645,15.430,3.434,27.934,0.208,0.434,1.107,1.323,0,NULL,NULL,,2,0,2,7,255,1125,250,0,0
pre_stim,10904,10904,0,10904,3208224.455,0.866,-0.229,-0.117,0.428,1671,0,0,1747,0,649,0,509,53,1.176,1,2045,0,598.319,36.051,-586.750,-105.875,50.000,-1.746,1.391,-2.855,15.430,32.582,-8.883,0.240,0.414,1.107,1.323,0,NULL,NULL,,2,0,2,7,255,1125,250,0,0
pre_stim,10904,10904,0,10904,3208229.453,0.867,-0.221,-0.116,0.431,1929,0,0,1865,0,857,0,587,53,1.176,1,2046,0,212.329,32.586,-147.000,-133.813,-74.625,-1.141,-0.523,-1.270,-0.535,32.582,-17.734,0.270,0.432,1.107,1.323,1,1098.000,-27.000,,2,0,2,7,255,1125,250,0,0
pre_stim,10904,10904,0,10904,3208234.455,0.866,-0.220,-0.110,0.435,2102,0,0,1961,0,980,0,669,53,1.176,1,2046,0,154.088,10.740,55.063,-127.563,-66.625,0.199,-0.137,1.070,-0.535,10.727,-17.734,0.282,0.456,1.107,1.323,1,NULL,NULL,,2,0,2,7,255,1125,250,0,0
pre_stim,10904,10904,0,10904,3208239.454,0.868,-0.217,-0.106,0.434,2267,0,0,2055,0,1165,0,748,53,1.176,1,2046,0,126.744,4.694,-37.063,-113.625,42.188,0.625,1.555,1.934,0.242,-4.688,-1.605,0.292,0.474,1.107,1.323,1,NULL,NULL,,2,0,2,7,255,1125,250,0,0
pre_stim,10924,10924,0,10924,3208244.455,0.872,-0.208,-0.105,0.431,2468,0,0,2239,0,1275,0,797,53,1.176,1,2046,0,231.088,14.901,-187.750,-102.125,87.875,-0.055,1.797,1.992,14.145,-4.688,8.695,0.308,0.490,1.107,1.323,1,NULL,NULL,,2,0,2,7,255,1125,250,0,0
pre_stim,10924,10924,0,10924,3208249.453,0.875,-0.195,-0.108,0.429,2663,0,0,2483,0,1299,0,853,53,1.176,1,2046,0,328.601,14.229,-316.750,-84.688,21.813,-0.715,0.656,1.254,14.145,1.551,8.695,0.328,0.510,1.107,1.323,2,NULL,NULL,,2,0,2,7,255,1125,250,0,0
pre_stim,10924,10924,0,10924,3208254.455,0.880,-0.180,-0.109,0.426,2777,0,0,2661,0,1301,0,919,53,1.176,1,2046,0,380.381,3.136,-354.875,-124.688,56.625,-1.617,-1.367,0.133,1.313,2.848,5.281,0.340,0.524,1.107,1.323,2,NULL,NULL,,2,0,2,7,255,1125,250,0,0
pre_stim,10924,10924,0,10924,3208259.454,0.883,-0.166,-0.110,0.426,2857,0,0,2773,0,1287,0,1023,53,1.176,1,2046,0,327.769,20.492,-298.313,-135.750,-3.750,-1.441,-1.605,-0.293,-20.293,2.848,-5.742,0.322,0.522,1.107,1.323,2,NULL,NULL,,2,0,2,7,255,1125,250,0,0
pre_stim,10950,10950,0,10950,3208264.455,0.882,-0.158,-0.107,0.430,2929,0,0,2857,0,1261,0,1117,53,1.176,1,2046,0,212.763,20.369,-113.750,-148.500,-101.375,-0.855,-0.984,-0.043,-20.293,1.762,-9.012,0.284,0.514,1.107,1.323,2,NULL,NULL,,2,0,2,7,255,1125,250,0,0
pre_stim,10950,10950,0,10950,3208269.453,0.881,-0.154,-0.101,0.435,2961,0,0,2941,0,1233,0,1161,53,1.176,1,2046,0,186.375,12.849,-3.938,-153.375,-105.813,-0.008,-0.426,0.922,-12.840,0.473,-9.012,0.248,0.502,1.107,1.323,2,NULL,NULL,,2,0,2,7,255,1125,250,0,0
pre_stim,10950,10950,0,10950,3208274.455,0.881,-0.150,-0.096,0.438,2995,0,0,3000,0,1252,0,1195,53,1.176,1,2046,0,165.153,6.235,-22.000,-146.688,-72.625,0.469,-0.770,1.824,-2.840,-5.551,-1.988,0.212,0.476,1.107,1.323,2,NULL,NULL,,2,0,2,7,255,1125,250,0,0
pre_stim,10950,10950,0,10950,3208279.454,0.882,-0.143,-0.094,0.439,3019,0,0,3035,0,1336,0,1211,53,1.176,1,2046,0,183.389,14.086,-124.813,-133.875,-11.438,0.770,-1.086,1.699,-2.840,-13.797,2.258,0.174,0.434,1.107,1.323,2,NULL,NULL,,2,0,2,7,255,1125,250,0,0
pre_stim,10969,10969,0,10969,3208284.455,0.885,-0.134,-0.092,0.436,3035,0,0,3079,0,1431,0,1243,53,1.176,1,2046,0,242.958,14.819,-190.688,-128.125,79.063,0.660,-1.176,0.938,-3.020,-14.508,2.258,0.144,0.378,1.107,1.323,2,NULL,NULL,,2,0,2,7,255,1125,250,0,0
pre_stim,10969,10969,0,10969,3208289.453,0.890,-0.125,-0.090,0.430,3053,0,0,3118,0,1564,0,1277,53,1.176,1,2046,0,255.313,15.243,-165.625,-122.125,151.125,0.078,-1.039,0.402,-4.676,-14.508,-4.336,0.132,0.318,1.107,1.323,2,NULL,NULL,,2,0,2,7,255,1125,250,0,0
pre_stim,11005,11005,1,11005,3208294.455,0.893,-0.120,-0.086,0.424,3081,0,0,3131,0,1721,0,1355,53,1.176,1,2046,0,212.212,10.815,-92.188,-120.500,148.375,-0.590,-0.645,0.508,-7.324,-7.957,-4.336,0.142,0.264,1.107,1.323,2,NULL,NULL,,2,1,2,7,255,1125,250,0,0
pre_stim,11005,11005,1,11005,3208299.454,0.896,-0.117,-0.082,0.422,3087,0,0,3143,35,1839,0,1419,53,1.176,1,2046,0,149.098,7.400,-34.500,-121.813,78.750,-0.793,0.023,0.863,-7.324,-1.059,-4.262,0.154,0.228,1.107,1.323,2,NULL,NULL,,2,1,2,7,255,1125,250,0,0
pre_stim,11005,11005,1,11005,3208304.455,0.896,-0.114,-0.077,0.422,3078,0,0,3145,84,1941,18,1477,53,1.176,1,2046,0,123.561,5.517,-22.438,-121.500,-1.250,-0.570,0.422,1.270,-4.238,3.531,0.277,0.158,0.212,1.107,1.323,2,NULL,NULL,,2,1,2,7,255,1125,250,0,0
pre_stim,11005,11005,1,11005,3208309.454,0.896,-0.110,-0.074,0.424,3087,0,0,3155,291,2065,28,1593,53,1.176,1,2046,0,137.686,3.553,-60.625,-118.563,-35.000,-0.191,0.219,1.383,0.395,3.531,3.953,0.158,0.206,1.107,1.323,2,NULL,NULL,,2,1,2,7,255,1125,250,0,0
pre_stim,11005,11005,1,11005,3208314.455,0.897,-0.103,-0.071,0.424,3089,0,0,3159,649,2155,109,1711,53,1.176,1,2046,0,161.046,0.719,-110.188,-116.063,-18.000,0.035,-0.402,1.219,0.395,-0.602,3.953,0.168,0.196,1.107,1.323,2,NULL,NULL,,2,1,2,7,255,1125,250,0,0
pre_stim,11005,11005,1,11005,3208319.454,0.897,-0.097,-0.069,0.425,3091,0,0,3163,863,2201,253,1843,53,1.176,1,2046,0,140.097,5.881,-98.313,-99.563,-7.000,0.137,-0.695,1.379,-2.145,-5.477,2.520,0.184,0.182,1.107,1.323,2,NULL,NULL,,2,1,2,7,255,1125,250,0,0
pre_stim,11023,11023,1,11023,3208324.455,0.897,-0.094,-0.069,0.427,3091,0,0,3166,1128,2233,229,1947,53,1.176,1,2046,0,101.770,6.915,-62.625,-55.938,-57.500,0.246,-0.344,1.273,-2.145,-6.574,1.617,0.208,0.162,1.107,1.323,2,NULL,NULL,,2,1,2,7,255,1125,250,0,0
pre_stim,11023,11023,1,11023,3208329.453,0.896,-0.092,-0.067,0.429,3089,0,0,3171,1262,2269,267,1999,53,1.176,1,2046,0,83.006,6.583,-23.250,-56.625,-56.063,0.652,0.480,0.809,-0.336,-6.574,1.617,0.234,0.142,1.107,1.323,2,NULL,NULL,,2,1,2,7,255,1125,250,0,0
pre_stim,11023,11023,1,11023,3208334.455,0.896,-0.092,-0.065,0.430,3091,0,0,3170,1391,2298,293,2045,53,1.176,1,2046,0,59.861,8.481,42.188,-36.250,-22.125,0.535,0.496,1.191,7.691,-3.574,0.965,0.260,0.120,1.107,1.323,2,NULL,NULL,,2,1,2,7,255,1125,250,0,0
pre_stim,11023,11023,1,11023,3208339.454,0.896,-0.091,-0.064,0.429,3092,0,0,3172,1485,2324,309,2109,53,1.176,1,2046,0,32.229,8.406,-14.063,-22.688,18.063,-0.117,-0.066,1.664,7.691,-3.391,0.965,0.280,0.102,1.107,1.323,2,NULL,NULL,,2,1,2,7,255,1125,250,0,0
pre_stim,11023,11023,1,11023,3208344.455,0.896,-0.087,-0.065,0.430,3091,29,0,3175,1577,2333,325,2152,53,1.176,1,2046,0,96.891,2.892,-93.938,-17.188,-16.375,-0.500,-0.074,1.293,-0.313,-2.875,3.473,0.294,0.084,1.107,1.323,2,NULL,NULL,,2,1,2,7,255,1125,250,0,0
pre_stim,11023,11023,1,11023,3208349.454,0.895,-0.084,-0.067,0.433,3092,35,0,3175,1623,2346,335,2195,53,1.176,1,2046,0,116.840,0.820,-75.438,-7.875,-88.875,-0.258,0.184,0.730,-0.313,0.758,3.473,0.308,0.072,1.107,1.323,2,NULL,NULL,,2,1,2,7,255,1125,250,0,0
pre_stim,11023,11023,1,11023,3208354.455,0.893,-0.083,-0.067,0.437,3093,50,0,3175,1675,2363,351,2219,53,1.176,1,2046,0,99.332,0.811,-21.000,-13.188,-96.188,0.172,0.094,0.809,0.289,0.758,-2.191,0.322,0.058,1.107,1.323,2,NULL,NULL,,2,1,2,7,255,1125,250,0,0
pre_stim,11023,11023,1,11023,3208359.454,0.892,-0.082,-0.067,0.439,3093,87,0,3175,1749,2382,343,2251,53,1.176,1,2046,0,55.332,2.327,-20.063,-10.125,-50.563,0.227,-0.199,1.082,0.477,-2.277,-2.191,0.336,0.046,1.107,1.323,2,NULL,NULL,,2,1,2,7,255,1125,250,0,0
pre_stim,11044,11044,1,11044,3208364.455,0.892,-0.080,-0.068,0.439,3095,107,10,3177,1797,2395,346,2273,53,1.176,1,2046,0,47.405,3.095,-45.625,-7.438,-10.500,-0.027,-0.219,1.063,0.477,-3.059,0.051,0.348,0.036,1.107,1.323,2,NULL,NULL,,2,1,2,7,255,1125,250,0,0
pre_stim,11044,11044,1,11044,3208369.453,0.892,-0.078,-0.068,0.440,3097,137,77,3177,1865,2408,345,2291,53,1.176,1,2046,0,49.648,3.198,-44.250,-3.438,-22.250,-0.203,-0.043,0.887,-0.934,-3.059,0.051,0.356,0.028,1.107,1.323,2,NULL,NULL,,2,1,2,7,255,1125,250,0,0
pre_stim,11044,11044,1,11044,3208374.455,0.891,-0.077,-0.069,0.441,3099,171,169,3179,1898,2419,347,2311,53,1.176,1,2046,0,46.209,1.018,-19.625,-4.188,-41.625,-0.121,0.051,0.879,-0.934,-0.406,-0.918,0.362,0.020,1.107,1.323,2,NULL,NULL,,2,1,2,7,255,1125,250,0,0
pre_stim,11044,11044,1,11044,3208379.454,0.891,-0.076,-0.069,0.443,3101,187,228,3183,1928,2425,362,2321,53,1.176,1,2046,0,38.686,0.535,-9.250,-2.188,-37.500,-0.023,-0.113,0.988,-0.348,-0.406,-0.918,0.370,0.012,1.107,1.323,2,NULL,NULL,,2,1,2,7,255,1125,250,0,0
pre_stim,11068,11068,1,11068,3208384.455,0.890,-0.075,-0.069,0.444,3101,201,313,3183,1943,2441,365,2333,53,1.176,1,2046,0,23.153,2.114,-14.250,-3.000,-18.000,-0.027,-0.082,1.035,-0.066,-2.113,-0.297,0.378,0.006,1.107,1.323,2,NULL,NULL,,2,1,2,7,255,1125,250,0,0
pre_stim,11068,11068,1,11068,3208389.453,0.890,-0.074,-0.069,0.444,3100,211,368,3183,1959,2447,359,2339,53,1.176,1,2046,0,17.710,2.114,-13.125,-2.500,-11.625,-0.125,0.020,0.988,-0.066,-2.113,-0.059,0.384,0.000,1.107,1.323,2,NULL,NULL,,2,1,2,7,255,1125,250,0,0
pre_stim,11105,11105,1,11105,3208394.455,0.890,-0.074,-0.069,0.445,3103,204,407,3183,1973,2455,349,2346,53,1.176,1,2046,0,22.995,0.732,-6.688,-0.250,-22.000,-0.117,0.027,1.004,0.117,-0.723,0.059,0.000,0.000,1.107,1.323,2,NULL,NULL,,2,1,2,7,255,1125,250,0,0
pre_stim,11105,11105,1,11105,3208399.454,0.890,-0.073,-0.069,0.446,3103,197,437,3183,1989,2457,345,2349,53,1.176,1,2046,0,19.705,0.769,-7.563,0.563,-18.188,-0.023,0.039,1.070,0.262,-0.723,0.059,0.000,0.000,1.107,1.323,2,NULL,NULL,,2,1,2,7,255,1125,250,0,0
pre_stim,11105,11105,1,11105,3208404.457,0.890,-0.073,-0.069,0.446,3103,198,465,3181,1999,2459,340,2348,53,1.191,1,2046,1,14.020,1.523,-14.000,-0.563,-0.500,-0.047,-0.098,1.004,0.262,-1.500,0.059,0.000,0.000,1.087,1.346,2,NULL,NULL,,2,1,2,7,255,1125,250,0,0
pre_stim,11105,11105,1,11105,3208409.454,0.890,-0.072,-0.069,0.445,3101,185,493,3183,2003,2461,331,2351,53,1.191,1,2046,1,9.192,1.531,-7.063,0.313,5.875,-0.164,-0.039,0.945,-0.309,-1.500,-0.105,0.006,0.004,1.087,1.346,2,NULL,NULL,,2,1,2,7,255,1125,250,0,0
pre_stim,11105,11105,1,11105,3208414.455,0.890,-0.072,-0.069,0.445,3102,185,522,3181,2004,2461,307,2347,53,1.191,1,2046,1,2.188,0.708,1.438,-1.500,0.688,-0.184,0.043,1.008,-0.309,-0.637,-0.105,0.010,0.006,1.087,1.346,2,NULL,NULL,,2,1,2,7,255,1125,250,0,0
pre_stim,11105,11105,1,11105,3208419.454,0.890,-0.072,-0.069,0.445,3099,185,535,3179,2002,2463,297,2347,53,1.191,1,2046,1,3.898,0.637,1.313,-2.688,-2.500,-0.125,-0.004,1.059,0.000,-0.637,0.242,0.014,0.008,1.087,1.346,2,NULL,NULL,,2,1,2,7,255,1125,250,0,0
pre_stim,11105,11105,1,11105,3208424.455,0.890,-0.072,-0.069,0.445,3111,185,536,3177,2002,2461,283,2347,53,1.191,1,2046,1,4.646,0.898,-1.625,-2.500,3.563,-0.094,-0.031,1.016,0.000,-0.898,0.242,0.018,0.010,1.087,1.346,2,NULL,NULL,,2,1,2,7,255,1125,250,0,0
pre_stim,11105,11105,1,11105,3208429.453,0.890,-0.072,-0.069,0.445,3095,187,523,3173,1997,2461,275,2348,53,1.191,1,2046,1,9.654,0.899,0.500,-2.250,9.375,-0.137,0.000,0.980,-0.035,-0.898,0.137,0.022,0.012,1.087,1.346,2,NULL,NULL,,2,1,2,7,255,1125,250,0,0
pre_stim,11105,11105,1,11105,3208434.455,0.890,-0.072,-0.069,0.445,3091,183,518,3165,1993,2453,265,2347,53,1.191,1,2046,1,9.674,0.670,4.125,-3.250,8.125,-0.180,0.031,0.992,-0.090,-0.664,0.090,0.024,0.012,1.087,1.346,2,NULL,NULL,,2,1,2,7,255,1125,250,0,0
pre_stim,11105,11105,1,11105,3208439.453,0.890,-0.072,-0.068,0.444,3095,163,526,3163,1993,2451,245,2343,53,1.191,1,2046,1,8.804,0.310,5.500,-4.438,5.250,-0.168,0.031,1.008,-0.090,-0.297,0.090,0.028,0.012,1.087,1.346,2,NULL,NULL,,2,1,2,7,255,1125,250,0,0
pre_stim,11127,11127,1,11127,3208444.458,0.890,-0.072,-0.068,0.444,3087,148,519,3163,1991,2455,238,2349,53,1.191,1,2046,1,9.955,0.297,5.438,-5.375,6.375,-0.145,0.023,1.004,0.000,-0.297,0.121,0.032,0.014,1.087,1.346,2,NULL,NULL,,2,1,2,7,255,1125,250,0,0
pre_stim,11127,11127,1,11127,3208449.454,0.891,-0.072,-0.068,0.444,3065,137,490,3149,1990,2441,235,2347,53,1.191,1,2046,1,12.360,0.453,5.688,-6.188,9.063,-0.152,0.020,0.992,0.000,-0.453,0.121,0.034,0.014,1.087,1.346,2,NULL,NULL,,2,1,2,7,255,1125,250,0,0
pre_stim,11127,11127,1,11127,3208454.455,0.891,-0.072,-0.067,0.444,3056,142,488,3143,1995,2439,237,2347,53,1.191,1,2046,1,13.176,0.456,6.688,-7.000,8.938,-0.168,0.020,0.988,-0.055,-0.453,0.035,0.036,0.014,1.087,1.346,2,NULL,NULL,,2,1,2,7,255,1125,250,0,0
pre_stim,11127,11127,1,11127,3208459.454,0.891,-0.073,-0.067,0.443,3047,138,483,3131,1983,2429,233,2349,53,1.191,1,2046,1,13.647,0.337,9.000,-7.938,6.500,-0.164,0.023,0.984,-0.105,-0.320,0.023,0.040,0.016,1.087,1.346,2,NULL,NULL,,2,1,2,7,255,1125,250,0,0
pre_stim,11151,11151,1,11151,3208464.455,0.891,-0.073,-0.066,0.443,3038,136,475,3119,1988,2427,243,2351,53,1.191,1,2046,1,15.475,0.337,11.500,-8.813,5.438,-0.148,0.039,0.988,-0.105,-0.320,-0.004,0.042,0.016,1.087,1.346,2,NULL,NULL,,2,1,2,7,255,1125,250,0,0
pre_stim,11151,11151,1,11151,3208469.454,0.891,-0.073,-0.065,0.443,3031,136,477,3109,1989,2423,249,2357,53,1.191,1,2046,1,16.936,0.340,11.875,-9.750,7.125,-0.160,0.059,1.000,0.113,-0.320,-0.004,0.042,0.016,1.087,1.346,2,NULL,NULL,,2,1,2,7,255,1125,250,0,0
pre_stim,11151,11151,1,11151,3208474.455,0.891,-0.073,-0.065,0.443,3017,137,476,3099,1993,2427,249,2363,53,1.191,1,2046,1,16.106,0.212,10.250,-10.625,6.438,-0.195,0.078,1.004,0.113,-0.180,0.117,0.044,0.016,1.087,1.346,2,NULL,NULL,,2,1,2,7,255,1125,250,0,0
pre_stim,11151,11151,1,11151,3208479.453,0.891,-0.074,-0.064,0.443,3004,118,484,3083,1997,2427,263,2364,53,1.191,1,2046,1,14.889,0.236,9.250,-11.563,1.563,-0.207,0.090,0.988,0.113,0.207,0.117,0.046,0.014,1.087,1.346,2,NULL,NULL,,2,1,2,7,255,1125,250,0,0
pre_stim,11151,11151,1,11151,3208484.455,0.891,-0.074,-0.063,0.443,2991,103,506,3077,2019,2425,277,2377,53,1.191,1,2046,1,16.464,0.257,10.063,-12.813,-2.375,-0.188,0.082,0.980,0.113,0.230,0.105,0.048,0.012,1.087,1.346,2,NULL,NULL,,2,1,2,7,255,1125,250,0,0
pre_stim,11151,11151,1,11151,3208489.454,0.891,-0.074,-0.063,0.443,2974,88,569,3048,2029,2422,294,2407,53,1.191,1,2046,1,17.824,0.266,10.688,-13.875,-3.313,-0.172,0.082,0.988,0.133,0.230,0.047,0.048,0.012,1.087,1.346,2,NULL,NULL,,2,1,2,7,255,1125,250,0,0
pre_stim,11203,11203,1,11203,3208494.455,0.891,-0.074,-0.062,0.443,2957,103,611,3036,2056,2425,337,2409,53,1.191,1,2046,1,18.690,0.271,10.250,-15.500,-2.000,-0.168,0.094,0.992,0.238,0.129,0.047,0.048,0.010,1.087,1.346,2,NULL,NULL,,2,1,2,7,255,1125,250,0,0
pre_stim,11203,11203,1,11203,3208499.453,0.891,-0.074,-0.061,0.443,2937,121,648,3017,2089,2429,351,2425,53,1.191,1,2046,1,19.850,0.356,9.750,-17.250,-1.188,-0.180,0.125,0.996,0.332,0.129,0.082,0.048,0.008,1.087,1.346,2,NULL,NULL,,2,1,2,7,255,1125,250,0,0
pre_stim,11203,11203,1,11203,3208504.455,0.891,-0.074,-0.060,0.444,2917,135,691,3003,2119,2431,375,2445,53,1.191,1,2046,1,21.347,0.622,10.000,-18.375,-4.250,-0.191,0.168,1.016,0.480,0.395,0.172,0.048,0.006,1.087,1.346,2,NULL,NULL,,2,1,2,7,255,1125,250,0,0
pre_stim,11203,11203,1,11203,3208509.454,0.891,-0.075,-0.059,0.444,2891,141,766,2981,2169,2439,397,2469,53,1.191,1,2046,1,23.035,1.001,9.313,-19.250,-8.563,-0.172,0.191,1.031,0.738,0.676,0.375,0.048,0.004,1.087,1.346,2,NULL,NULL,,2,1,2,7,255,1125,250,0,0
pre_stim,11203,11203,1,11203,3208514.455,0.891,-0.075,-0.058,0.444,2862,141,861,2959,2223,2443,453,2489,53,1.191,1,2046,1,23.124,1.243,7.688,-19.250,-10.250,-0.145,0.195,1.031,1.043,0.676,0.480,0.048,0.004,1.087,1.346,2,NULL,NULL,,2,1,2,7,255,1125,250,0,0
pre_stim,11203,11203,1,11203,3208519.453,0.891,-0.074,-0.057,0.445,2837,145,965,2943,2265,2445,503,2509,53,1.191,1,2046,1,22.270,1.169,4.750,-19.125,-10.375,-0.137,0.168,1.031,1.055,0.504,0.480,0.048,0.006,1.087,1.346,2,NULL,NULL,,2,1,2,7,255,1125,250,0,0
pre_stim,11203,11203,1,11203,3208524.455,0.891,-0.074,-0.056,0.445,2812,157,1067,2921,2299,2452,582,2525,53,1.191,1,2046,1,22.409,1.097,2.063,-18.813,-12.000,-0.137,0.137,1.012,1.055,0.301,0.457,0.048,0.010,1.087,1.346,2,NULL,NULL,,2,1,2,7,255,1125,250,0,0
pre_stim,11203,11203,1,11203,3208529.454,0.890,-0.074,-0.055,0.446,2790,181,1145,2903,2347,2455,667,2540,53,1.191,1,2046,1,23.772,0.797,0.813,-18.625,-14.750,-0.145,0.129,1.004,0.773,0.191,0.262,0.050,0.014,1.087,1.346,2,NULL,NULL,,2,1,2,7,255,1125,250,0,0
pre_stim,11203,11203,1,11203,3208534.455,0.890,-0.074,-0.055,0.447,2750,199,1214,2879,2399,2457,775,2564,53,1.191,1,2046,1,27.002,0.680,1.438,-17.875,-20.188,-0.152,0.125,1.008,0.652,0.191,0.230,0.050,0.016,1.087,1.346,2,NULL,NULL,,2,1,2,7,255,1125,250,0,0
pre_stim,11203,11203,1,11203,3208539.453,0.889,-0.073,-0.054,0.448,2726,204,1305,2869,2427,2471,850,2575,53,1.191,1,2046,1,31.280,0.579,0.750,-17.375,-26.000,-0.141,0.109,1.020,0.547,0.191,0.230,0.054,0.020,1.087,1.346,2,NULL,NULL,,2,1,2,7,255,1125,250,0,0
pre_stim,11224,11224,0,11224,3208544.455,0.889,-0.073,-0.053,0.449,2697,217,1445,2843,2464,2464,950,2591,53,1.191,1,2046,1,33.114,0.549,-3.875,-16.625,-28.375,-0.113,0.098,1.039,0.547,0.047,0.324,0.056,0.022,1.087,1.346,2,NULL,NULL,,2,0,2,7,255,1125,250,0,0
pre_stim,11224,11224,0,11224,3208549.454,0.888,-0.072,-0.053,0.450,2645,231,1591,2825,2496,2461,1085,2601,53,1.191,1,2046,1,36.555,0.570,-11.188,-15.188,-31.313,-0.117,0.059,1.023,0.516,-0.242,0.324,0.058,0.026,1.087,1.346,2,NULL,NULL,,2,0,2,7,255,1125,250,0,0
pre_stim,11224,11224,0,11224,3208554.455,0.888,-0.071,-0.053,0.451,2611,237,1688,2812,2535,2474,1205,2617,53,1.191,1,2046,1,40.404,0.482,-16.750,-14.875,-33.625,-0.117,0.016,1.000,0.266,-0.402,0.301,0.062,0.028,1.087,1.346,2,NULL,NULL,,2,0,2,7,255,1125,250,0,0
pre_stim,11224,11224,0,11224,3208559.454,0.887,-0.069,-0.053,0.453,2580,267,1783,2791,2569,2473,1299,2645,53,1.191,1,2046,1,41.865,0.593,-20.625,-15.438,-33.000,-0.141,-0.031,0.984,-0.090,-0.586,0.063,0.064,0.030,1.087,1.346,2,NULL,NULL,,2,0,2,7,255,1125,250,0,0
pre_stim,11249,11249,0,11249,3208564.455,0.887,-0.068,-0.053,0.454,2518,269,1877,2767,2596,2477,1373,2652,53,1.191,1,2046,1,42.662,0.834,-22.625,-16.250,-32.313,-0.156,-0.043,0.988,-0.594,-0.586,-0.020,0.066,0.032,1.087,1.346,2,NULL,NULL,,2,0,2,7,255,1125,250,0,0
pre_stim,11249,11249,0,11249,3208569.453,0.886,-0.067,-0.052,0.455,2467,268,1973,2735,2627,2478,1483,2667,53,1.191,1,2046,1,46.673,0.815,-25.250,-16.750,-35.500,-0.148,-0.031,1.000,-0.598,-0.555,-0.020,0.068,0.034,1.087,1.346,2,NULL,NULL,,2,0,2,7,255,1125,250,0,0
pre_stim,11249,11249,0,11249,3208574.455,0.886,-0.065,-0.052,0.457,2408,281,2067,2719,2654,2485,1581,2683,53,1.191,1,2046,1,51.020,0.815,-28.875,-17.500,-38.250,-0.121,-0.023,1.012,-0.598,-0.555,0.059,0.068,0.034,1.087,1.346,2,NULL,NULL,,2,0,2,7,255,1125,250,0,0
pre_stim,11249,11249,0,11249,3208579.454,0.885,-0.063,-0.052,0.458,2338,288,2124,2681,2677,2480,1689,2695,53,1.191,1,2046,1,55.361,0.781,-35.313,-18.188,-38.563,-0.109,-0.035,1.027,-0.371,-0.688,0.137,0.068,0.036,1.087,1.346,2,NULL,NULL,,2,0,2,7,255,1125,250,0,0
pre_stim,11270,11270,0,11270,3208584.455,0.885,-0.061,-0.053,0.460,2274,316,2213,2652,2699,2479,1787,2715,53,1.191,1,2046,1,58.555,0.833,-42.438,-18.938,-35.625,-0.113,-0.035,1.020,-0.371,-0.746,0.234,0.070,0.036,1.087,1.346,2,NULL,NULL,,2,0,2,7,255,1125,250,0,0
pre_stim,11270,11270,0,11270,3208589.453,0.884,-0.059,-0.053,0.461,2197,313,2280,2621,2723,2489,1863,2725,53,1.191,1,2046,1,58.365,0.830,-44.375,-19.625,-32.438,-0.109,0.000,0.973,-0.363,-0.746,0.234,0.070,0.036,1.087,1.346,2,NULL,NULL,,2,0,2,7,255,1125,250,0,0
pre_stim,11302,11302,0,11302,3208594.455,0.884,-0.056,-0.053,0.462,2103,337,2343,2571,2745,2493,1937,2745,53,1.191,1,2046,1,53.470,0.508,-38.375,-20.625,-31.000,-0.117,0.004,0.934,-0.109,-0.496,-0.234,0.070,0.036,1.087,1.346,2,NULL,NULL,,2,0,2,7,255,1125,250,0,0
pre_stim,11302,11302,0,11302,3208599.454,0.883,-0.055,-0.053,0.463,2033,340,2409,2520,2765,2488,2026,2761,53,1.191,1,2046,1,48.929,0.387,-30.125,-21.875,-31.750,-0.121,-0.012,0.961,-0.109,-0.371,-0.316,0.070,0.034,1.087,1.346,2,NULL,NULL,,2,0,2,7,255,1125,250,0,0
pre_stim,11302,11302,0,11302,3208604.455,0.883,-0.053,-0.052,0.464,1946,329,2456,2475,2781,2501,2099,2779,53,1.191,1,2046,1,49.666,0.437,-29.125,-23.188,-32.875,-0.125,-0.039,1.023,-0.230,-0.371,-0.316,0.070,0.032,1.087,1.346,2,NULL,NULL,,2,0,2,7,255,1125,250,0,0
pre_stim,11302,11302,0,11302,3208609.454,0.882,-0.051,-0.052,0.465,1827,305,2521,2403,2807,2493,2161,2797,53,1.191,1,2046,1,52.217,0.641,-33.625,-24.000,-31.938,-0.121,-0.039,1.039,-0.340,-0.543,0.270,0.070,0.032,1.087,1.346,2,NULL,NULL,,2,0,2,7,255,1125,250,0,0
pre_stim,11302,11302,0,11302,3208614.455,0.882,-0.049,-0.052,0.467,1677,299,2569,2323,2831,2507,2221,2809,53,1.191,1,2046,1,55.747,0.641,-37.813,-24.438,-32.875,-0.121,0.000,1.023,-0.340,-0.543,0.281,0.070,0.032,1.087,1.346,2,NULL,NULL,,2,0,2,7,255,1125,250,0,0
pre_stim,11302,11302,0,11302,3208619.454,0.881,-0.047,-0.052,0.468,1516,299,2607,2235,2855,2494,2279,2813,53,1.191,1,2046,1,56.923,0.395,-37.813,-24.375,-34.875,-0.098,-0.004,0.984,-0.027,-0.395,0.281,0.070,0.032,1.087,1.346,2,NULL,NULL,,2,0,2,7,255,1125,250,0,0
pre_stim,11322,11322,0,11322,3208624.455,0.881,-0.045,-0.051,0.469,1377,274,2647,2133,2865,2503,2336,2824,53,1.191,1,2046,1,52.537,0.395,-32.875,-26.063,-31.625,-0.066,-0.043,0.973,-0.027,-0.395,-0.113,0.072,0.032,1.087,1.346,2,NULL,NULL,,2,0,2,7,255,1125,250,0,0
pre_stim,11322,11322,0,11322,3208629.453,0.880,-0.043,-0.051,0.470,1187,247,2677,2019,2873,2491,2381,2829,53,1.191,1,2046,1,44.197,0.821,-24.875,-27.813,-23.688,-0.063,-0.043,0.992,-0.035,-0.820,-0.113,0.072,0.032,1.087,1.346,2,NULL,NULL,,2,0,2,7,255,1125,250,0,0
pre_stim,11322,11322,0,11322,3208634.455,0.880,-0.042,-0.050,0.471,1045,237,2717,1878,2905,2493,2431,2845,53,1.191,1,2046,1,40.129,0.824,-21.375,-27.938,-19.313,-0.102,-0.035,1.023,-0.074,-0.820,-0.078,0.072,0.034,1.087,1.346,2,NULL,NULL,,2,0,2,7,255,1125,250,0,0
pre_stim,11322,11322,0,11322,3208639.454,0.880,-0.040,-0.050,0.471,860,213,2743,1684,2911,2489,2493,2861,53,1.191,1,2046,1,41.796,0.515,-23.750,-28.500,-19.250,-0.125,-0.020,1.047,-0.137,-0.496,0.254,0.074,0.034,1.087,1.346,2,NULL,NULL,,2,0,2,7,255,1125,250,0,0
pre_stim,11322,11322,0,11322,3208644.455,0.879,-0.039,-0.049,0.472,687,187,2779,1453,2931,2491,2530,2872,53,1.191,1,2046,1,44.974,0.223,-25.750,-30.938,-20.063,-0.109,0.035,1.043,-0.137,-0.176,0.469,0.074,0.034,1.087,1.346,2,NULL,NULL,,2,0,2,7,255,1125,250,0,0
pre_stim,11322,11322,0,11322,3208649.454,0.879,-0.037,-0.048,0.473,440,155,2793,1259,2942,2475,2571,2885,53,1.191,1,2046,1,43.407,0.379,-20.188,-33.000,-19.688,-0.109,0.059,1.035,0.379,0.012,0.469,0.076,0.034,1.087,1.346,2,NULL,NULL,,2,0,2,7,255,1125,250,0,0
pre_stim,11322,11322,0,11322,3208654.455,0.879,-0.035,-0.047,0.474,294,83,2825,1041,2951,2469,2607,2895,53,1.191,1,2046,1,47.345,0.379,-20.938,-33.813,-25.688,-0.078,0.000,1.023,0.379,0.012,0.391,0.078,0.034,1.087,1.346,2,NULL,NULL,,2,0,2,7,255,1125,250,0,0
pre_stim,11322,11322,0,11322,3208659.454,0.878,-0.034,-0.046,0.474,168,57,2828,867,2974,2457,2647,2893,53,1.191,1,2046,1,44.128,0.653,-16.313,-37.313,-17.000,-0.020,0.000,1.031,0.555,-0.344,0.262,0.078,0.034,1.087,1.346,2,NULL,NULL,,2,0,2,7,255,1125,250,0,0
pre_stim,11344,11344,0,11344,3208664.455,0.878,-0.033,-0.045,0.475,72,29,2853,659,2981,2450,2669,2919,53,1.191,1,2046,1,40.763,0.696,-12.563,-37.500,-9.875,-0.047,0.012,1.039,0.500,-0.484,0.262,0.078,0.036,1.087,1.346,2,NULL,NULL,,2,0,2,7,255,1125,250,0,0
pre_stim,11344,11344,0,11344,3208669.454,0.878,-0.031,-0.043,0.475,44,1,2860,481,2986,2423,2695,2919,53,1.191,1,2046,1,43.754,0.696,-11.625,-40.688,-11.125,-0.086,0.023,1.063,0.500,-0.484,0.363,0.080,0.036,1.087,1.346,2,NULL,NULL,,2,0,2,7,255,1125,250,0,0
pre_stim,11344,11344,0,11344,3208674.455,0.878,-0.030,-0.042,0.475,27,0,2872,357,2991,2407,2723,2919,53,1.191,1,2046,1,45.994,0.417,-5.375,-45.438,-4.688,-0.102,0.016,1.094,0.410,-0.074,0.633,0.082,0.038,1.087,1.346,2,NULL,NULL,,2,0,2,7,255,1125,250,0,0
pre_stim,11344,11344,0,11344,3208679.453,0.878,-0.029,-0.040,0.475,0,0,2893,275,3021,2380,2749,2935,53,1.191,1,2046,1,48.814,0.256,-0.250,-48.813,-0.188,-0.164,-0.055,1.152,0.254,0.035,0.965,0.084,0.038,1.087,1.346,2,NULL,NULL,,2,0,2,7,255,1125,250,0,0
pre_stim,11367,11367,0,11367,3208684.455,0.879,-0.028,-0.038,0.475,0,0,2901,233,3017,2352,2773,2933,53,1.191,1,2046,1,55.583,0.654,5.500,-55.188,3.688,-0.285,-0.168,1.242,-0.633,0.164,1.590,0.086,0.038,1.087,1.346,2,NULL,NULL,,2,0,2,7,255,1125,250,0,0
pre_stim,11367,11367,0,11367,3208689.454,0.879,-0.027,-0.035,0.475,0,0,2919,183,3037,2341,2784,2949,53,1.191,1,2046,1,65.242,2.224,11.875,-64.125,1.875,-0.324,-0.184,1.363,-2.164,0.512,2.590,0.088,0.038,1.087,1.346,2,NULL,NULL,,2,0,2,7,255,1125,250,0,0
pre_stim,11367,11367,0,11367,3208694.455,0.879,-0.027,-0.032,0.475,0,0,2927,165,3036,2302,2808,2955,53,1.191,1,2046,1,78.469,2.288,26.438,-73.000,11.375,-0.297,0.027,1.582,-2.164,0.742,3.828,0.092,0.038,1.087,1.346,2,NULL,NULL,,2,0,2,7,255,1125,250,0,0
pre_stim,11367,11367,0,11367,3208699.453,0.880,-0.025,-0.029,0.474,0,0,2921,141,3039,2261,2834,2943,53,1.191,1,2046,0,80.760,1.643,-6.375,-78.813,16.438,-0.156,0.234,1.480,-0.574,1.539,4.738,0.092,0.038,1.087,1.346,3,NULL,NULL,,2,0,2,7,255,1125,250,0,0
pre_stim,11405,11405,0,11405,3208704.455,0.880,-0.022,-0.027,0.473,0,0,2925,90,3056,2212,2853,2963,53,1.191,1,2046,0,92.714,2.351,-36.188,-81.750,24.563,-0.035,0.207,1.273,1.777,1.539,4.738,0.092,0.042,1.087,1.346,3,NULL,NULL,,2,0,2,7,255,1125,250,0,0
pre_stim,11405,11405,0,11405,3208709.454,0.881,-0.019,-0.024,0.471,0,0,2931,31,3060,2152,2867,2964,53,1.191,1,2046,0,103.946,2.039,-37.313,-86.938,43.063,-0.129,0.086,1.148,1.777,1.000,2.633,0.090,0.048,1.087,1.346,3,NULL,NULL,,2,0,2,7,255,1125,250,0,0
pre_stim,11405,11405,0,11405,3208714.455,0.883,-0.018,-0.021,0.469,0,0,2934,0,3065,2091,2891,2967,53,1.191,1,2046,0,112.286,1.098,-6.250,-95.563,58.625,-0.234,0.043,1.148,0.453,1.000,1.531,0.084,0.054,1.087,1.346,3,NULL,NULL,,2,0,2,7,255,1125,250,0,0
pre_stim,11405,11405,0,11405,3208719.453,0.884,-0.016,-0.017,0.467,0,0,2939,0,3076,1995,2909,2956,53,1.191,1,2046,0,109.752,1.754,-1.688,-100.938,43.063,-0.340,-0.031,1.227,-0.520,1.676,1.531,0.080,0.060,1.087,1.346,3,NULL,NULL,,2,0,2,7,255,1125,250,0,0
pre_stim,11405,11405,0,11405,3208724.455,0.884,-0.013,-0.013,0.466,0,0,2938,0,3087,1882,2910,2954,53,1.191,1,2046,0,110.074,2.241,-2.250,-106.875,26.250,-0.258,-0.055,1.320,-1.488,1.676,2.371,0.076,0.066,1.087,1.346,3,NULL,NULL,,2,0,2,7,255,1125,250,0,0
pre_stim,11405,11405,0,11405,3208729.454,0.885,-0.011,-0.009,0.465,0,0,2933,0,3091,1763,2935,2953,53,1.191,1,2046,0,113.390,2.245,-13.938,-110.063,23.438,-0.207,-0.105,1.266,-1.688,1.480,2.672,0.074,0.072,1.087,1.346,3,NULL,NULL,,2,0,2,7,255,1125,250,0,0
pre_stim,11405,11405,0,11405,3208734.455,0.886,-0.008,-0.005,0.464,0,0,2925,0,3087,1629,2935,2957,53,1.191,1,2046,0,120.674,1.801,-11.750,-116.438,29.438,-0.191,-0.082,1.223,-1.500,0.996,2.672,0.070,0.080,1.087,1.346,3,NULL,NULL,,2,0,2,7,255,1125,250,0,0
pre_stim,11405,11405,0,11405,3208739.453,0.887,-0.005,-0.001,0.463,0,0,2923,0,3099,1459,2965,2938,53,1.191,1,2046,0,127.423,1.801,-9.688,-122.438,33.938,-0.195,-0.016,1.250,-1.500,0.996,2.461,0.066,0.088,1.087,1.346,3,NULL,NULL,,2,0,2,7,255,1125,250,0,0
pre_stim,11427,11427,0,11427,3208744.455,0.887,-0.002,0.004,0.462,0,0,2909,0,3111,1287,2971,2933,53,1.191,1,2046,0,130.454,1.822,-7.688,-127.438,26.813,-0.215,0.008,1.211,-1.039,1.496,2.207,0.060,0.098,1.087,1.346,3,NULL,NULL,,2,0,2,7,255,1125,250,0,0
pre_stim,11427,11427,0,11427,3208749.454,0.888,0.000,0.009,0.460,0,0,2901,0,3101,1100,2975,2923,53,1.191,1,2046,0,137.688,2.049,-0.063,-134.875,27.688,-0.219,-0.039,1.207,-1.039,1.766,2.031,0.052,0.108,1.087,1.346,3,NULL,NULL,,2,0,2,7,255,1125,250,0,0
pre_stim,11427,11427,0,11427,3208754.455,0.888,0.003,0.014,0.459,0,0,2897,0,3103,903,2984,2909,53,1.191,1,2046,0,141.545,2.045,0.000,-140.125,20.000,-0.164,-0.008,1.227,-1.031,1.766,2.031,0.044,0.118,1.087,1.346,3,NULL,NULL,,2,0,2,7,255,1125,250,0,0
pre_stim,11427,11427,0,11427,3208759.454,0.889,0.006,0.019,0.458,0,0,2861,0,3117,687,2988,2895,53,1.191,1,2046,0,147.681,2.234,-7.188,-145.875,21.875,-0.184,-0.141,1.152,-1.508,1.648,1.996,0.034,0.128,1.087,1.346,3,NULL,NULL,,2,0,2,7,255,1125,250,0,0
pre_stim,11457,11457,0,11457,3208764.455,0.889,0.009,0.025,0.457,0,0,2847,0,3113,540,2995,2885,53,1.191,1,2046,0,155.750,2.542,9.313,-153.250,26.188,-0.168,-0.141,1.148,-2.289,1.105,1.434,0.026,0.138,1.087,1.346,3,NULL,NULL,,2,0,2,7,255,1125,250,0,0
pre_stim,11457,11457,0,11457,3208769.453,0.889,0.012,0.031,0.456,0,0,2826,0,3127,413,3003,2874,53,1.191,1,2046,0,160.570,2.542,6.000,-159.438,18.063,-0.176,-0.113,1.141,-2.289,1.105,1.367,0.016,0.148,1.087,1.346,3,NULL,NULL,,2,0,2,7,255,1125,250,0,0
pre_stim,11457,11457,0,11457,3208774.455,0.890,0.014,0.038,0.455,0,0,2791,0,3123,201,3021,2856,53,1.191,1,2046,0,168.601,2.649,17.563,-166.625,18.813,-0.160,-0.113,1.176,-2.242,1.410,1.367,0.008,0.160,1.087,1.346,3,NULL,NULL,,2,0,2,7,255,1125,250,0,0
pre_stim,11457,11457,0,11457,3208779.454,0.890,0.017,0.045,0.454,0,0,2744,0,3115,109,3015,2834,53,1.191,1,2046,0,177.881,2.633,28.000,-175.000,15.250,-0.129,0.035,1.242,-2.203,1.441,1.574,0.010,0.172,1.087,1.346,3,NULL,NULL,,2,0,2,7,255,1125,250,0,0
pre_stim,11457,11457,0,11457,3208784.455,0.890,0.019,0.052,0.453,0,0,2702,0,3129,55,3025,2805,53,1.191,1,2046,0,185.337,2.447,24.250,-183.125,15.063,-0.102,0.105,1.328,-1.023,2.223,2.188,0.020,0.186,1.087,1.346,3,NULL,NULL,,2,0,2,7,255,1125,250,0,0
pre_stim,11457,11457,0,11457,3208789.453,0.890,0.022,0.060,0.452,0,0,2648,0,3127,9,3017,2775,53,1.191,1,2046,0,193.363,2.693,24.438,-190.625,21.313,-0.125,0.133,1.453,-0.617,2.621,3.000,0.030,0.200,1.087,1.346,3,NULL,NULL,,2,0,2,7,255,1125,250,0,0
pre_stim,11504,11504,0,11504,3208794.455,0.890,0.025,0.068,0.450,0,0,2582,0,3125,0,3023,2733,53,1.191,1,2046,0,202.640,3.327,12.625,-200.688,25.063,-0.195,0.152,1.574,-0.617,3.270,4.156,0.042,0.212,1.087,1.346,3,NULL,NULL,,2,0,2,7,255,1125,250,0,0
pre_stim,11504,11504,0,11504,3208799.454,0.890,0.029,0.076,0.449,0,0,2516,0,3119,0,3025,2705,53,1.191,1,2046,0,210.060,4.404,2.563,-209.250,18.250,-0.258,0.141,1.703,-1.141,4.254,5.176,0.052,0.224,1.087,1.346,3,NULL,NULL,,2,0,2,7,255,1125,250,0,0
pre_stim,11504,11504,0,11504,3208804.455,0.889,0.034,0.084,0.448,0,0,2416,0,3109,0,3005,2643,53,1.191,1,2046,0,222.380,5.402,-10.313,-221.688,14.188,-0.320,0.176,1.805,-1.844,5.078,6.242,0.062,0.238,1.087,1.346,3,NULL,NULL,,2,0,2,7,255,1125,250,0,0
pre_stim,11504,11504,0,11504,3208809.454,0.889,0.040,0.093,0.447,0,0,2301,0,3107,0,3005,2583,53,1.191,1,2046,0,237.215,6.524,-18.500,-235.938,16.188,-0.387,0.270,1.945,-2.172,6.152,7.016,0.074,0.252,1.087,1.346,3,NULL,NULL,,2,0,2,7,255,1125,250,0,0
pre_stim,11504,11504,0,11504,3208814.455,0.888,0.046,0.102,0.445,0,0,2165,0,3097,0,3012,2520,53,1.191,1,2046,0,258.067,8.049,-23.750,-256.250,19.250,-0.398,0.484,2.102,-2.172,7.750,8.086,0.090,0.268,1.087,1.346,3,NULL,NULL,,2,0,2,7,255,1125,250,0,0
pre_stim,11504,11504,0,11504,3208819.454,0.887,0.053,0.112,0.444,0,0,2035,0,3081,0,2983,2440,53,1.191,1,2046,0,279.286,9.768,-48.438,-274.688,14.188,-0.371,0.629,2.137,-0.941,9.723,9.313,0.108,0.288,1.087,1.346,3,NULL,NULL,,2,0,2,7,255,1125,250,0,0
pre_stim,11504,11504,0,11504,3208824.455,0.886,0.062,0.122,0.443,0,0,1861,0,3087,0,2973,2360,53,1.191,1,2046,0,303.730,10.856,-77.313,-293.438,13.000,-0.316,0.645,2.121,0.121,10.855,9.313,0.130,0.312,1.087,1.346,3,NULL,NULL,,2,0,2,7,255,1125,250,0,0
pre_stim,11504,11504,0,11504,3208829.453,0.885,0.071,0.132,0.441,0,0,1670,0,3060,0,2940,2263,53,1.191,1,2046,0,326.607,10.946,-92.938,-312.250,23.125,-0.316,0.625,2.152,0.121,10.945,9.180,0.158,0.342,1.087,1.346,3,NULL,NULL,,2,0,2,7,255,1125,250,0,0
pre_stim,11504,11504,0,11504,3208834.455,0.883,0.082,0.143,0.440,0,0,1553,0,3031,0,2915,2148,53,1.191,1,2046,0,345.787,11.418,-100.563,-330.063,22.688,-0.402,0.629,2.250,-0.020,11.418,9.180,0.192,0.378,1.087,1.346,3,NULL,NULL,,2,0,2,7,255,1125,250,0,0
pre_stim,11504,11504,0,11504,3208839.454,0.881,0.093,0.153,0.438,0,0,1461,0,2992,0,2868,2029,53,1.191,1,2046,0,364.014,12.935,-118.000,-344.250,8.625,-0.480,0.668,2.359,-0.801,12.910,9.480,0.230,0.418,1.087,1.346,3,NULL,NULL,,2,0,2,7,255,1125,250,0,0
pre_stim,11524,11524,0,11524,3208844.455,0.878,0.105,0.165,0.437,0,0,1364,0,2952,0,2805,1881,53,1.191,1,2046,0,381.496,14.654,-132.750,-357.625,-4.563,-0.535,0.766,2.469,-1.141,14.609,9.758,0.276,0.464,1.087,1.346,3,NULL,NULL,,2,0,2,7,255,1125,250,0,0
pre_stim,11524,11524,0,11524,3208849.454,0.874,0.117,0.176,0.437,0,0,1277,0,2909,0,2731,1721,53,1.191,1,2046,0,397.025,16.590,-134.125,-373.250,-18.000,-0.574,0.719,2.680,-1.254,16.543,10.020,0.326,0.514,1.087,1.346,3,NULL,NULL,,2,0,2,7,255,1125,250,0,0
pre_stim,11524,11524,0,11524,3208854.455,0.870,0.130,0.189,0.436,0,0,1170,0,2825,0,2612,1573,53,1.191,1,2046,0,416.929,18.139,-135.125,-393.500,-27.000,-0.734,0.570,2.969,-2.238,18.000,11.199,0.380,0.570,1.087,1.346,3,NULL,NULL,,2,0,2,7,255,1125,250,0,0
pre_stim,11524,11524,0,11524,3208859.454,0.865,0.144,0.202,0.436,0,0,1041,0,2750,0,2451,1427,53,1.191,1,2046,0,447.864,20.752,-167.063,-413.938,-36.438,-0.859,0.621,3.074,-5.000,20.141,11.957,0.440,0.632,1.087,1.346,3,NULL,NULL,,2,0,2,7,255,1125,250,0,0
pre_stim,11550,11550,0,11550,3208864.455,0.859,0.159,0.214,0.437,0,0,895,0,2631,0,2249,1273,53,1.191,1,2046,0,473.258,23.183,-191.875,-427.875,-63.875,-0.840,0.543,2.992,-5.586,22.500,11.957,0.508,0.700,1.087,1.346,3,NULL,NULL,,2,0,2,7,255,1125,250,0,0
pre_stim,11550,11550,0,11550,3208869.453,0.852,0.174,0.228,0.439,0,0,703,0,2471,0,1995,1119,53,1.191,1,2046,0,487.535,23.285,-195.938,-436.313,-94.500,-0.629,0.289,2.875,-5.996,22.500,10.500,0.584,0.776,1.087,1.346,3,NULL,NULL,,2,0,2,7,255,1125,250,0,0
pre_stim,11550,11550,0,11550,3208874.455,0.844,0.188,0.241,0.440,0,0,524,0,2293,0,1685,967,53,1.191,1,2046,0,492.790,21.159,-183.688,-447.563,-93.750,-0.461,0.027,2.793,-6.781,20.043,10.008,0.666,0.860,1.087,1.346,3,NULL,NULL,,2,0,2,7,255,1125,250,0,0
pre_stim,11550,11550,0,11550,3208879.454,0.837,0.204,0.255,0.439,0,0,361,0,2069,0,1293,847,53,1.191,1,2046,0,502.392,19.685,-185.813,-464.188,-49.000,-0.289,-0.273,2.477,-7.996,17.988,9.715,0.754,0.950,1.087,1.346,3,NULL,NULL,,2,0,2,7,255,1125,250,0,0
pre_stim,11570,11570,0,11570,3208884.455,0.830,0.220,0.269,0.436,0,0,154,0,1756,0,743,723,53,1.191,1,2046,0,525.162,17.093,-182.125,-492.563,-2.875,-0.250,-0.543,1.992,-9.113,14.461,7.875,0.850,1.048,1.087,1.346,3,NULL,NULL,,2,0,2,7,255,1125,250,0,0
pre_stim,11570,11570,0,11570,3208889.453,0.823,0.235,0.285,0.431,0,0,47,0,1357,0,277,547,53,1.191,1,2046,0,528.233,14.087,-139.313,-508.438,33.375,-0.289,-0.441,1.512,-9.113,10.742,4.180,0.946,1.146,1.087,1.346,3,NULL,NULL,,2,0,2,7,255,1125,250,0,0
pre_stim,11601,11601,0,11601,3208894.455,0.817,0.248,0.301,0.426,0,0,6,0,1007,0,19,441,53,1.191,1,2046,0,510.883,13.539,-84.438,-503.438,20.563,-0.195,0.098,1.352,-8.633,10.430,-0.297,1.044,1.246,1.087,1.346,3,NULL,NULL,,2,0,2,7,255,1125,250,0,0
pre_stim,11601,11601,0,11601,3208899.454,0.811,0.258,0.318,0.419,0,0,0,0,554,0,0,355,53,1.191,1,2046,0,499.310,11.001,-7.813,-498.938,17.625,-0.215,0.363,1.750,-3.500,10.430,-0.613,1.136,1.342,1.087,1.346,3,NULL,NULL,,2,0,2,7,255,1125,250,0,0
pre_stim,11601,11601,0,11601,3208904.455,0.805,0.269,0.334,0.410,0,0,0,0,119,0,0,248,53,1.191,1,2046,0,512.596,15.034,-6.750,-504.250,91.875,-0.441,0.625,2.094,-2.785,14.773,-1.277,1.222,1.430,1.087,1.346,3,NULL,NULL,,2,0,2,7,255,1125,250,0,0
pre_stim,11601,11601,0,11601,3208909.454,0.800,0.282,0.348,0.399,0,0,0,0,0,0,0,135,53,1.191,1,2046,0,524.770,20.081,-79.250,-499.063,141.563,-0.770,0.684,2.008,-2.785,19.887,-1.277,1.298,1.510,1.087,1.346,3,NULL,NULL,,2,0,2,7,255,1125,250,0,0
pre_stim,11601,11601,0,11601,3208914.455,0.794,0.298,0.360,0.389,0,0,0,0,0,0,0,68,53,1.191,1,2046,0,530.862,20.236,-124.250,-487.250,170.188,-1.070,0.484,1.621,-3.742,19.887,-5.348,1.366,1.580,1.087,1.346,4,NULL,NULL,,2,0,2,7,255,1125,250,0,0
pre_stim,11601,11601,0,11601,3208919.453,0.787,0.314,0.371,0.379,0,0,0,0,0,0,0,35,53,1.191,1,2046,0,510.371,19.116,-155.625,-460.563,155.375,-1.039,0.695,1.281,-3.742,18.746,-10.391,1.434,1.652,1.087,1.346,0,NULL,NULL,,2,0,2,7,255,1125,250,0,0
pre_stim,11622,11622,0,11622,3208924.455,0.780,0.330,0.379,0.374,0,0,0,0,0,0,0,58,53,1.191,1,2046,0,474.012,17.177,-241.375,-392.313,111.875,-0.605,1.273,0.844,-2.855,16.938,-13.199,1.508,1.728,1.087,1.346,0,NULL,NULL,,2,0,2,7,255,1125,250,0,0
pre_stim,11622,11622,0,11622,3208929.454,0.771,0.345,0.384,0.372,0,0,0,0,0,0,0,87,53,1.191,1,2046,0,414.017,15.501,-281.063,-302.563,29.500,-0.059,0.879,0.324,5.227,14.594,-13.199,1.588,1.810,1.087,1.346,0,NULL,NULL,,2,0,2,7,255,1125,250,0,0
pre_stim,11622,11622,0,11622,3208934.455,0.766,0.354,0.388,0.370,0,0,0,0,0,0,0,83,53,1.191,1,2046,0,244.812,8.497,-139.625,-198.688,31.000,0.004,0.031,0.199,5.227,6.699,-11.074,1.674,1.898,1.087,1.346,0,NULL,NULL,,2,0,2,7,255,1125,250,0,0
pre_stim,11622,11622,0,11622,3208939.453,0.765,0.358,0.390,0.366,0,0,0,0,0,0,0,93,53,1.191,1,2046,0,144.778,6.712,-13.250,-124.688,72.375,-0.555,-0.156,1.137,-0.406,6.699,-9.258,1.762,1.986,1.087,1.346,0,NULL,NULL,,2,0,2,7,255,1125,250,0,0
pre_stim,11622,11622,0,11622,3208944.455,0.764,0.361,0.390,0.366,0,0,0,0,0,0,0,74,53,1.191,1,2046,0,82.909,12.497,-65.938,-39.563,31.000,-1.039,0.047,1.719,-7.172,10.234,-9.258,1.848,2.074,1.087,1.346,0,NULL,NULL,,2,0,2,7,255,1125,250,0,0
pre_stim,11622,11622,0,11622,3208949.454,0.762,0.366,0.386,0.370,0,0,0,0,0,0,0,64,53,1.191,1,2046,0,187.721,15.256,-180.125,46.938,-24.313,-0.906,0.238,1.191,-7.172,13.465,-11.488,1.926,2.156,1.087,1.346,0,NULL,NULL,,2,0,2,7,255,1125,250,0,0
pre_stim,11622,11622,0,11622,3208954.455,0.760,0.370,0.380,0.376,0,0,0,0,0,0,0,44,53,1.191,1,2046,0,229.497,14.469,-198.188,113.188,-24.063,-0.633,0.566,0.344,-5.297,13.465,-13.109,1.998,2.228,1.087,1.346,0,NULL,NULL,,2,0,2,7,255,1125,250,0,0
pre_stim,11622,11622,0,11622,3208959.454,0.760,0.371,0.373,0.381,0,0,0,0,0,0,0,43,53,1.191,1,2046,0,197.404,7.048,-121.500,155.563,-2.563,-0.664,0.738,0.180,1.129,6.957,-15.273,2.064,2.296,1.087,1.346,0,NULL,NULL,,2,0,2,7,255,1125,250,0,0
pre_stim,11651,11651,0,11651,3208964.455,0.762,0.370,0.366,0.386,0,0,0,0,0,0,0,40,53,1.191,1,2046,0,194.331,7.048,-63.813,183.375,-8.125,-0.797,0.590,0.625,1.129,6.957,-15.359,2.130,2.364,1.087,1.346,0,NULL,NULL,,2,0,2,7,255,1125,250,0,0
pre_stim,11651,11651,0,11651,3208969.454,0.763,0.369,0.358,0.391,0,0,0,0,0,0,0,45,53,1.191,1,2046,0,223.258,9.984,-85.563,204.250,-28.375,-0.711,0.348,0.898,0.016,9.984,-15.359,2.190,2.426,1.087,1.346,0,NULL,NULL,,2,0,2,7,255,1125,250,0,0
pre_stim,11651,11651,0,11651,3208974.455,0.764,0.369,0.349,0.398,0,0,0,0,0,0,0,51,53,1.191,1,2046,0,258.428,10.082,-137.188,217.438,-26.188,-0.484,0.262,0.703,-1.398,9.984,-12.563,2.244,2.484,1.087,1.346,0,NULL,NULL,,2,0,2,7,255,1125,250,0,0
pre_stim,11651,11651,0,11651,3208979.453,0.764,0.371,0.339,0.404,0,0,0,0,0,0,0,52,53,1.191,1,2046,0,274.116,8.591,-158.438,223.688,-1.000,-0.371,0.328,0.262,-1.398,8.477,-12.523,2.288,2.528,1.087,1.346,0,NULL,NULL,,2,0,2,7,255,1125,250,0,0
pre_stim,11669,11669,0,11669,3208984.455,0.766,0.371,0.329,0.410,0,0,0,0,0,0,0,51,53,1.191,1,2046,0,265.152,4.700,-138.250,225.438,19.250,-0.395,0.395,-0.055,0.637,4.656,-12.523,2.320,2.562,1.087,1.346,0,NULL,NULL,,2,0,2,7,255,1125,250,0,0
pre_stim,11669,11669,0,11669,3208989.454,0.768,0.371,0.319,0.414,0,0,0,0,0,0,0,71,53,1.191,1,2046,0,249.818,2.773,-103.000,226.438,22.938,-0.395,0.355,-0.160,1.457,2.359,-14.430,2.348,2.592,1.087,1.346,0,NULL,NULL,,2,0,2,7,255,1125,250,0,0
pre_stim,11669,11669,0,11669,3208994.455,0.770,0.370,0.310,0.418,0,0,0,0,0,0,0,69,53,1.191,1,2046,0,241.300,2.025,-75.250,228.000,24.063,-0.293,0.301,-0.145,1.457,1.406,-14.430,2.374,2.622,1.087,1.346,0,NULL,NULL,,2,0,2,7,255,1125,250,0,0
pre_stim,11669,11669,0,11669,3208999.453,0.772,0.368,0.300,0.422,0,0,0,0,0,0,0,70,53,1.191,1,2046,0,239.453,1.754,-56.875,229.875,35.500,-0.180,0.293,-0.117,1.457,0.977,-13.785,2.400,2.650,1.087,1.346,0,NULL,NULL,,2,0,2,7,255,1125,250,0,0
pre_stim,11706,11706,0,11706,3209004.455,0.776,0.365,0.291,0.424,0,0,0,0,0,0,0,70,53,1.191,1,2046,0,240.674,1.888,-40.500,231.000,54.063,-0.152,0.301,-0.117,1.746,0.719,-12.750,2.422,2.672,1.087,1.346,0,NULL,NULL,,2,0,2,7,255,1125,250,0,0
pre_stim,11706,11706,0,11706,3209009.454,0.779,0.363,0.282,0.426,0,0,0,0,0,0,0,62,53,1.191,1,2046,0,242.348,1.888,-20.563,231.313,69.313,-0.191,0.266,-0.121,1.746,0.719,-12.750,2.438,2.690,1.087,1.346,0,NULL,NULL,,2,0,2,7,255,1125,250,0,0
pre_stim,11706,11706,0,11706,3209014.455,0.784,0.359,0.273,0.428,0,0,0,0,0,0,0,61,53,1.191,1,2046,0,243.912,1.597,3.188,231.563,76.563,-0.230,0.211,-0.078,1.406,0.758,-12.629,2.450,2.704,1.087,1.346,0,NULL,NULL,,2,0,2,7,255,1125,250,0,0
pre_stim,11706,11706,0,11706,3209019.453,0.788,0.355,0.264,0.429,0,0,0,0,0,0,0,58,53,1.191,1,2046,0,247.176,1.293,23.313,232.750,79.875,-0.234,0.207,0.035,0.664,1.109,-12.629,2.460,2.716,1.087,1.346,0,NULL,NULL,,2,0,2,7,255,1125,250,0,0
pre_stim,11706,11706,0,11706,3209024.455,0.793,0.350,0.255,0.429,0,0,0,0,0,0,0,59,53,1.191,1,2046,0,252.507,2.159,36.000,235.500,83.688,-0.223,0.246,0.164,0.664,2.055,-11.961,2.468,2.726,1.087,1.346,0,NULL,NULL,,2,0,2,7,255,1125,250,0,0
pre_stim,11706,11706,0,11706,3209029.454,0.798,0.345,0.246,0.430,0,0,0,0,0,0,0,57,53,1.191,1,2046,0,259.409,3.282,43.875,240.188,87.625,-0.242,0.289,0.277,0.781,3.188,-11.215,2.476,2.736,1.087,1.346,0,NULL,NULL,,2,0,2,7,255,1125,250,0,0
pre_stim,11706,11706,0,11706,3209034.455,0.802,0.339,0.237,0.430,0,0,0,0,0,0,0,47,53,1.191,1,2046,0,266.509,4.360,49.813,246.625,87.875,-0.293,0.285,0.387,0.781,4.289,-10.738,2.486,2.750,1.087,1.346,0,NULL,NULL,,2,0,2,7,255,1125,250,0,0
pre_stim,11706,11706,0,11706,3209039.453,0.807,0.333,0.228,0.431,0,0,0,0,0,0,0,42,53,1.191,1,2046,0,272.684,5.406,52.750,254.313,83.063,-0.371,0.258,0.508,0.578,5.375,-10.309,2.498,2.764,1.087,1.346,0,NULL,NULL,,2,0,2,7,255,1125,250,0,0
pre_stim,11727,11727,0,11727,3209044.455,0.812,0.327,0.219,0.432,0,0,0,0,0,0,0,41,53,1.191,1,2046,0,277.703,6.603,50.813,262.813,73.938,-0.434,0.238,0.633,-0.113,6.602,-9.793,2.514,2.782,1.087,1.346,0,NULL,NULL,,2,0,2,7,255,1125,250,0,0
pre_stim,11727,11727,0,11727,3209049.454,0.816,0.321,0.209,0.433,0,0,0,0,0,0,0,37,53,1.191,1,2046,0,282.552,7.784,45.063,272.000,61.813,-0.477,0.234,0.734,-0.684,7.754,-9.152,2.534,2.804,1.087,1.346,0,NULL,NULL,,2,0,2,7,255,1125,250,0,0
pre_stim,11727,11727,0,11727,3209054.455,0.820,0.314,0.199,0.435,0,0,0,0,0,0,0,43,53,1.191,1,2046,0,288.753,8.739,36.750,282.375,47.875,-0.496,0.230,0.805,-0.945,8.688,-8.527,2.560,2.830,1.087,1.346,0,NULL,NULL,,2,0,2,7,255,1125,250,0,0
pre_stim,11727,11727,0,11727,3209059.454,0.823,0.308,0.189,0.438,0,0,0,0,0,0,0,38,53,1.191,1,2046,0,296.516,9.293,28.250,293.188,34.125,-0.504,0.215,0.832,-1.043,9.234,-7.930,2.588,2.862,1.087,1.346,0,NULL,NULL,,2,0,2,7,255,1125,250,0,0
pre_stim,11751,11751,0,11751,3209064.455,0.826,0.301,0.178,0.442,0,0,0,0,0,0,0,39,53,1.191,1,2046,0,305.207,9.344,22.125,303.750,19.938,-0.508,0.199,0.832,-1.145,9.273,-7.508,2.622,2.898,1.087,1.346,0,NULL,NULL,,2,0,2,7,255,1125,250,0,0
pre_stim,11751,11751,0,11751,3209069.453,0.829,0.295,0.168,0.446,0,0,0,0,0,0,0,40,53,1.191,1,2046,0,314.232,9.344,20.063,313.563,4.188,-0.492,0.188,0.820,-1.145,9.273,-7.238,2.660,2.938,1.087,1.346,0,NULL,NULL,,2,0,2,7,255,1125,250,0,0
pre_stim,11751,11751,0,11751,3209074.455,0.831,0.287,0.157,0.451,0,0,0,0,0,0,0,39,53,1.191,1,2046,0,323.627,9.081,20.875,322.750,-11.438,-0.441,0.164,0.809,-1.117,9.012,-6.957,2.700,2.980,1.087,1.346,0,NULL,NULL,,2,0,2,7,255,1125,250,0,0
pre_stim,11751,11751,0,11751,3209079.454,0.832,0.280,0.145,0.456,0,0,0,0,0,0,0,37,53,1.191,1,2046,0,333.185,8.484,24.438,331.313,-25.438,-0.324,0.156,0.766,-0.883,8.438,-6.496,2.744,3.026,1.087,1.346,0,NULL,NULL,,2,0,2,7,255,1125,250,0,0
pre_stim,11751,11751,0,11751,3209084.455,0.834,0.271,0.134,0.461,0,0,0,0,0,0,0,40,53,1.191,1,2046,0,343.122,7.316,31.438,339.750,-36.250,-0.141,0.113,0.672,-0.219,7.313,-5.996,2.788,3.072,1.087,1.346,0,NULL,NULL,,2,0,2,7,255,1125,250,0,0
pre_stim,11751,11751,0,11751,3209089.453,0.836,0.262,0.123,0.467,0,0,0,0,0,0,0,41,53,1.191,1,2046,0,350.052,5.242,49.500,344.875,-33.875,-0.059,0.063,0.523,0.453,5.223,-5.996,2.830,3.116,1.087,1.346,0,NULL,NULL,,2,0,2,7,255,1125,250,0,0
pre_stim,11803,11803,0,11803,3209094.455,0.837,0.252,0.113,0.471,0,0,0,0,0,0,0,41,53,1.191,1,2046,0,356.294,3.743,83.500,345.313,-27.063,-0.059,0.129,0.535,0.461,3.715,-6.055,2.874,3.162,1.087,1.346,0,NULL,NULL,,2,0,2,7,255,1125,250,0,0
pre_stim,11803,11803,0,11803,3209099.454,0.839,0.241,0.103,0.476,0,0,0,0,0,0,0,40,53,1.191,1,2046,0,362.905,3.865,110.250,344.688,-27.125,-0.012,0.152,0.684,1.066,3.715,-6.055,2.914,3.204,1.087,1.346,0,NULL,NULL,,2,0,2,7,255,1125,250,0,0
pre_stim,11803,11803,0,11803,3209104.455,0.842,0.229,0.094,0.480,0,0,0,0,0,0,0,41,53,1.191,1,2046,0,367.568,4.409,128.750,343.313,-25.813,-0.055,0.207,0.762,1.656,4.086,-4.656,2.954,3.246,1.087,1.346,0,NULL,NULL,,2,0,2,7,255,1125,250,0,0
pre_stim,11803,11803,0,11803,3209109.454,0.843,0.216,0.085,0.485,0,0,0,0,0,0,0,45,53,1.191,1,2046,0,374.267,5.216,150.688,340.813,-34.875,-0.020,0.203,0.863,2.012,4.813,-4.191,2.988,3.282,1.087,1.346,0,NULL,NULL,,2,0,2,7,255,1125,250,0,0
pre_stim,11803,11803,0,11803,3209114.455,0.845,0.203,0.076,0.489,0,0,0,0,0,0,0,45,53,1.191,1,2046,0,375.537,5.338,163.438,337.125,-25.750,0.109,0.152,1.016,2.309,4.813,-3.020,3.018,3.316,1.087,1.346,0,NULL,NULL,,2,0,2,7,255,1125,250,0,0
pre_stim,11803,11803,0,11803,3209119.454,0.847,0.189,0.067,0.491,0,0,0,0,0,0,0,43,53,1.191,1,2046,0,374.505,5.277,168.500,334.438,-3.625,0.082,0.172,1.148,2.691,4.539,-0.953,3.044,3.342,1.087,1.346,0,NULL,NULL,,2,0,2,7,255,1125,250,0,0
pre_stim,11803,11803,0,11803,3209124.455,0.850,0.176,0.059,0.494,0,0,0,0,0,0,0,43,53,1.191,1,2046,0,374.535,5.373,173.875,331.625,8.313,-0.055,0.234,1.305,2.875,4.539,0.219,3.066,3.366,1.087,1.346,0,NULL,NULL,,2,0,2,7,255,1125,250,0,0
pre_stim,11803,11803,0,11803,3209129.453,0.851,0.162,0.051,0.496,0,0,0,0,0,0,0,42,53,1.191,1,2046,0,374.231,6.752,175.625,330.438,-4.000,-0.148,0.262,1.398,2.875,6.109,1.227,3.086,3.388,1.087,1.346,0,NULL,NULL,,2,0,2,7,255,1125,250,0,0
pre_stim,11803,11803,0,11803,3209134.455,0.853,0.148,0.042,0.499,0,0,0,0,0,0,0,43,53,1.191,1,2046,0,374.760,6.716,178.938,328.813,-17.563,-0.078,0.207,1.523,2.789,6.109,1.992,3.106,3.410,1.087,1.346,0,NULL,NULL,,2,0,2,7,255,1125,250,0,0
pre_stim,11803,11803,0,11803,3209139.454,0.854,0.134,0.034,0.502,0,0,0,0,0,0,0,41,53,1.191,1,2046,0,374.450,6.705,179.188,328.375,-16.563,-0.055,0.227,1.629,2.789,6.098,3.645,3.126,3.432,1.087,1.346,0,NULL,NULL,,2,0,2,7,255,1125,250,0,0
pre_stim,11825,11825,0,11825,3209144.455,0.855,0.121,0.026,0.504,0,0,0,0,0,0,0,39,53,1.191,1,2046,0,372.314,6.897,174.375,328.563,-16.063,-0.102,0.297,1.793,3.223,6.098,4.852,3.146,3.454,1.087,1.346,0,NULL,NULL,,2,0,2,7,255,1125,250,0,0
pre_stim,11825,11825,0,11825,3209149.454,0.855,0.107,0.018,0.507,0,0,0,0,0,0,0,43,53,1.191,1,2046,0,366.998,7.358,158.875,330.000,-23.375,-0.137,0.285,1.906,3.660,6.383,6.355,3.168,3.478,1.087,1.346,0,NULL,NULL,,2,0,2,7,255,1125,250,0,0
pre_stim,11825,11825,0,11825,3209154.455,0.855,0.095,0.009,0.510,0,0,0,0,0,0,0,49,53,1.191,1,2046,0,361.165,7.358,140.938,331.000,-31.875,-0.125,0.242,1.961,3.660,6.383,7.598,3.192,3.502,1.087,1.346,0,NULL,NULL,,2,0,2,7,255,1125,250,0,0
pre_stim,11825,11825,0,11825,3209159.454,0.854,0.083,-0.001,0.513,0,0,0,0,0,0,0,47,53,1.191,1,2046,0,355.183,6.610,125.875,330.188,-35.875,-0.098,0.215,1.965,3.484,5.617,8.414,3.214,3.526,1.087,1.346,0,NULL,NULL,,2,0,2,7,255,1125,250,0,0
pre_stim,11850,11850,0,11850,3209164.455,0.854,0.071,-0.010,0.516,0,0,0,0,0,0,0,47,53,1.191,1,2046,0,350.359,5.838,114.563,328.750,-39.375,-0.078,0.199,1.922,3.484,4.684,8.414,3.240,3.554,1.087,1.346,0,NULL,NULL,,2,0,2,7,255,1125,250,0,0
pre_stim,11850,11850,0,11850,3209169.453,0.852,0.059,-0.020,0.519,0,0,0,0,0,0,0,46,53,1.191,1,2046,0,347.379,5.177,112.063,326.000,-42.875,-0.055,0.152,1.867,3.480,3.832,8.402,3.264,3.580,1.087,1.346,0,NULL,NULL,,2,0,2,7,255,1125,250,0,0
pre_stim,11850,11850,0,11850,3209174.455,0.851,0.047,-0.029,0.522,0,0,0,0,0,0,0,43,53,1.191,1,2046,0,346.411,4.255,118.000,322.375,-46.375,-0.020,0.125,1.848,3.203,2.801,8.020,3.290,3.608,1.087,1.346,0,NULL,NULL,,2,0,2,7,255,1125,250,0,0
pre_stim,11850,11850,0,11850,3209179.453,0.850,0.035,-0.037,0.525,0,0,0,0,0,0,0,43,53,1.191,1,2046,0,346.756,3.675,125.875,319.375,-48.938,0.023,0.113,1.852,3.203,1.801,8.020,3.314,3.632,1.087,1.346,0,NULL,NULL,,2,0,2,7,255,1125,250,0,0
pre_stim,11870,11870,0,11870,3209184.455,0.848,0.023,-0.045,0.528,0,0,0,0,0,0,0,43,53,1.191,1,2046,0,347.688,3.433,136.000,316.250,-48.750,0.074,0.090,1.852,3.328,0.844,8.047,3.334,3.654,1.087,1.346,0,NULL,NULL,,2,0,2,7,255,1125,250,0,0
pre_stim,11870,11870,0,11870,3209189.454,0.846,0.010,-0.053,0.531,0,0,0,0,0,0,0,47,53,1.191,1,2046,0,351.236,3.357,151.250,313.250,-48.625,0.145,0.055,1.852,3.348,-0.246,8.047,3.352,3.674,1.087,1.346,0,NULL,NULL,,2,0,2,7,255,1125,250,0,0
pre_stim,11901,11901,0,11901,3209194.455,0.844,-0.003,-0.060,0.533,0,0,0,0,0,0,0,54,53,1.191,1,2046,0,357.247,3.698,171.500,309.750,-47.625,0.258,0.000,1.887,3.348,-1.570,8.055,3.366,3.690,1.087,1.346,0,NULL,NULL,,2,0,2,7,255,1125,250,0,0
pre_stim,11901,11901,0,11901,3209199.453,0.842,-0.017,-0.067,0.536,0,0,0,0,0,0,0,55,53,1.191,1,2046,0,365.144,4.768,194.188,306.063,-44.125,0.434,-0.027,1.941,3.348,-3.395,8.242,3.378,3.704,1.087,1.346,0,NULL,NULL,,2,0,2,7,255,1125,250,0,0
pre_stim,11901,11901,0,11901,3209204.455,0.839,-0.032,-0.073,0.538,0,0,0,0,0,0,0,55,53,1.191,1,2046,0,376.723,6.825,219.625,303.625,-38.688,0.656,-0.035,2.016,3.773,-5.688,8.480,3.384,3.712,1.087,1.346,0,NULL,NULL,,2,0,2,7,255,1125,250,0,0
pre_stim,11901,11901,0,11901,3209209.454,0.837,-0.048,-0.078,0.539,0,0,0,0,0,0,0,54,53,1.191,1,2046,0,391.344,9.498,246.125,302.750,-30.250,0.859,-0.063,2.117,4.531,-8.348,8.668,3.384,3.714,1.087,1.346,0,NULL,NULL,,2,0,2,7,255,1125,250,0,0
pre_stim,11901,11901,0,11901,3209214.455,0.835,-0.065,-0.083,0.541,0,0,0,0,0,0,0,52,53,1.191,1,2046,0,407.601,12.111,272.688,302.375,-18.688,1.016,-0.109,2.273,5.016,-11.023,9.059,3.378,3.710,1.087,1.346,0,NULL,NULL,,2,0,2,7,255,1125,250,0,0
pre_stim,11901,11901,0,11901,3209219.453,0.832,-0.083,-0.087,0.541,0,0,0,0,0,0,0,52,53,1.191,1,2046,0,422.581,14.460,294.500,302.938,-8.563,1.145,-0.109,2.500,5.078,-13.539,9.922,3.364,3.698,1.087,1.346,0,NULL,NULL,,2,0,2,7,255,1125,250,0,0
pre_stim,11923,11923,0,11923,3209224.455,0.829,-0.101,-0.091,0.542,0,0,0,0,0,0,0,49,53,1.191,1,2046,0,431.700,16.776,305.188,305.313,-3.063,1.266,-0.023,2.754,5.457,-15.863,11.359,3.340,3.676,1.087,1.346,0,NULL,NULL,,2,0,2,7,255,1125,250,0,0
pre_stim,11923,11923,0,11923,3209229.454,0.826,-0.119,-0.095,0.542,0,0,0,0,0,0,0,51,53,1.191,1,2046,0,431.132,19.081,299.750,309.875,-1.563,1.383,0.078,2.949,6.516,-17.934,12.973,3.306,3.644,1.087,1.346,0,NULL,NULL,,2,0,2,7,255,1125,250,0,0
pre_stim,11923,11923,0,11923,3209234.455,0.823,-0.137,-0.100,0.542,0,0,0,0,0,0,0,53,53,1.191,1,2046,0,421.242,21.359,280.375,314.375,1.625,1.457,0.109,3.074,7.621,-19.953,14.000,3.262,3.600,1.087,1.346,0,NULL,NULL,,2,0,2,7,255,1125,250,0,0
pre_stim,11923,11923,0,11923,3209239.453,0.820,-0.153,-0.105,0.541,0,0,0,0,0,0,0,67,53,1.191,1,2046,0,402.711,23.074,251.063,314.750,8.750,1.461,0.145,3.148,7.879,-21.688,14.309,3.206,3.546,1.087,1.346,0,NULL,NULL,,2,0,2,7,255,1125,250,0,0
pre_stim,11923,11923,0,11923,3209244.455,0.817,-0.168,-0.111,0.540,0,0,0,0,0,0,0,63,53,1.191,1,2046,0,374.843,24.049,209.000,311.000,10.250,1.457,0.273,3.141,7.934,-22.703,14.309,3.136,3.480,1.087,1.346,0,NULL,NULL,,2,0,2,7,255,1125,250,0,0
pre_stim,11923,11923,0,11923,3209249.454,0.815,-0.181,-0.118,0.538,0,0,0,0,0,0,0,71,53,1.191,1,2046,0,345.703,24.630,168.063,302.063,4.875,1.637,0.418,3.074,8.902,-22.965,13.754,3.056,3.400,1.087,1.346,0,NULL,NULL,,2,0,2,7,255,1125,250,0,0
pre_stim,11923,11923,0,11923,3209254.455,0.812,-0.192,-0.126,0.537,0,0,0,0,0,0,0,93,53,1.191,1,2046,0,315.437,26.628,126.625,288.875,4.188,2.020,0.324,2.883,10.773,-24.352,11.996,2.968,3.312,1.087,1.346,0,NULL,NULL,,2,0,2,7,255,1125,250,0,0
pre_stim,11923,11923,0,11923,3209259.454,0.810,-0.202,-0.133,0.535,0,0,0,0,0,0,0,115,53,1.191,1,2046,0,286.897,29.575,84.625,273.313,21.188,2.395,0.043,2.496,10.773,-27.543,7.941,2.872,3.218,1.087,1.346,0,NULL,NULL,,2,0,2,7,255,1125,250,0,0
pre_stim,11950,11950,0,11950,3209264.455,0.809,-0.210,-0.140,0.531,0,0,0,0,0,0,0,140,53,1.191,1,2046,0,265.846,31.891,57.938,254.063,52.625,2.648,-0.234,1.938,10.250,-30.199,1.848,2.770,3.116,1.087,1.346,0,NULL,NULL,,2,0,2,7,255,1125,250,0,0
pre_stim,11950,11950,0,11950,3209269.453,0.809,-0.218,-0.147,0.527,0,0,0,0,0,0,0,157,53,1.191,1,2046,0,254.169,31.434,61.375,231.813,84.250,2.816,-0.469,1.352,8.723,-30.199,-5.219,2.660,3.006,1.087,1.346,0,NULL,NULL,,2,0,2,7,255,1125,250,0,0
pre_stim,11950,11950,0,11950,3209274.455,0.809,-0.227,-0.151,0.521,0,0,0,0,0,0,0,172,53,1.191,1,2046,0,254.742,30.954,95.875,208.875,109.875,2.969,-0.695,0.875,7.297,-30.082,-11.996,2.540,2.886,1.087,1.346,0,NULL,NULL,,2,0,2,7,255,1125,250,0,0
pre_stim,11950,11950,0,11950,3209279.454,0.809,-0.238,-0.153,0.516,0,0,0,0,0,0,0,179,53,1.191,1,2046,0,282.575,30.108,158.125,189.938,137.000,3.016,-0.770,0.566,5.965,-29.512,-17.715,2.414,2.758,1.087,1.346,0,NULL,NULL,,2,0,2,7,255,1125,250,0,0
pre_stim,11968,11968,0,11968,3209284.455,0.809,-0.250,-0.152,0.510,0,0,0,0,0,0,0,179,53,1.191,1,2046,0,316.149,30.056,223.063,160.438,156.375,3.184,-1.262,0.645,5.691,-29.512,-21.219,2.280,2.624,1.087,1.346,0,NULL,NULL,,2,0,2,7,255,1125,250,0,0
pre_stim,11968,11968,0,11968,3209289.453,0.809,-0.264,-0.149,0.504,0,0,0,0,0,0,0,173,53,1.191,1,2046,0,359.548,31.579,265.313,141.688,197.000,3.180,-1.469,0.836,2.387,-31.488,-22.516,2.144,2.486,1.087,1.346,0,NULL,NULL,,2,0,2,7,255,1125,250,0,0
pre_stim,11968,11968,0,11968,3209294.455,0.809,-0.279,-0.145,0.496,0,0,0,0,0,0,0,181,53,1.191,1,2046,0,391.569,32.435,301.125,120.063,219.625,2.941,-1.313,1.172,1.770,-32.387,-22.516,2.006,2.346,1.087,1.346,0,NULL,NULL,,2,0,2,7,255,1125,250,0,0
pre_stim,11968,11968,0,11968,3209299.454,0.809,-0.293,-0.139,0.490,0,0,0,0,0,0,0,185,53,1.191,1,2046,0,378.035,33.028,298.375,98.375,210.250,2.773,-1.383,1.719,1.027,-33.012,-18.879,1.870,2.206,1.087,1.346,0,NULL,NULL,,2,0,2,7,255,1125,250,0,0
pre_stim,12006,12006,0,12006,3209304.455,0.809,-0.305,-0.134,0.484,0,0,0,0,0,0,0,187,53,1.191,1,2046,0,337.704,34.497,275.500,77.688,179.188,2.441,-1.668,1.953,0.578,-34.492,-14.535,1.730,2.062,1.087,1.346,0,NULL,NULL,,2,0,2,7,255,1125,250,0,0
pre_stim,12006,12006,0,12006,3209309.454,0.808,-0.317,-0.129,0.480,0,0,0,0,0,0,0,191,53,1.191,1,2046,0,299.026,34.718,261.250,51.500,136.063,2.332,-1.613,2.250,-3.398,-34.551,-12.563,1.586,1.916,1.087,1.346,0,NULL,NULL,,2,0,2,7,255,1125,250,0,0
pre_stim,12006,12006,0,12006,3209314.455,0.807,-0.326,-0.123,0.477,0,0,0,0,0,0,0,207,53,1.191,1,2046,0,256.917,35.553,223.438,20.250,125.188,2.273,-1.254,2.816,-3.398,-35.391,-10.145,1.438,1.764,1.087,1.346,0,NULL,NULL,,2,0,2,7,255,1125,250,0,0
pre_stim,12006,12006,0,12006,3209319.454,0.807,-0.331,-0.119,0.474,0,0,0,0,0,0,0,215,53,1.191,1,2046,0,169.619,35.954,139.500,-10.875,95.875,1.875,-0.836,3.262,-1.414,-35.926,-4.672,1.286,1.610,1.087,1.346,0,NULL,NULL,,2,0,2,7,255,1125,250,0,0
pre_stim,12006,12006,0,12006,3209324.455,0.808,-0.332,-0.116,0.473,0,0,0,0,0,0,0,270,53,1.191,1,2046,0,73.911,35.929,39.563,-38.125,49.438,1.727,-0.707,3.246,-0.492,-35.926,2.105,1.132,1.450,1.087,1.346,0,NULL,NULL,,2,0,2,7,255,1125,250,0,0
pre_stim,12006,12006,0,12006,3209329.454,0.810,-0.334,-0.108,0.471,13,0,0,287,0,0,0,341,53,1.191,1,2046,0,200.267,35.929,104.688,-119.875,121.563,0.621,-1.066,4.715,-0.492,-35.926,3.281,0.972,1.284,1.087,1.346,0,NULL,NULL,,2,0,2,7,255,1125,250,0,0
pre_stim,12006,12006,0,12006,3209334.455,0.814,-0.343,-0.086,0.461,469,0,0,907,0,41,0,383,53,1.191,1,2046,0,583.480,37.169,345.438,-248.438,399.250,0.895,1.379,8.844,-0.230,-37.168,18.313,0.816,1.120,1.087,1.346,0,NULL,NULL,,2,0,2,7,255,1125,250,0,0
pre_stim,12006,12006,0,12006,3209339.454,0.831,-0.313,-0.096,0.449,1015,0,0,1389,0,314,0,473,53,1.191,1,2046,0,879.843,37.186,-831.563,-91.125,272.625,-1.285,1.734,5.590,1.152,-37.168,46.508,0.668,0.958,1.087,1.346,0,NULL,NULL,,2,0,2,7,255,1125,250,0,0
pre_stim,12030,12030,0,12030,3209344.455,0.853,-0.264,-0.113,0.436,1519,0,0,1701,0,551,0,517,53,1.191,1,2046,0,1314.056,17.042,-1287.250,-129.625,230.063,-1.125,3.797,-0.281,2.809,-16.809,46.508,0.528,0.796,1.087,1.346,0,NULL,NULL,,2,0,2,7,255,1125,250,0,0
pre_stim,12030,12030,0,12030,3209349.454,0.865,-0.232,-0.123,0.427,1878,0,0,1903,0,825,0,555,53,1.191,1,2047,0,856.370,29.197,-834.500,-108.438,158.813,-1.797,2.824,-3.145,10.004,27.430,4.645,0.408,0.626,1.087,1.346,1,1126.000,1.000,,2,0,2,7,255,1125,250,0,0
pre_stim,12030,12030,0,12030,3209354.455,0.869,-0.220,-0.124,0.427,2125,0,0,2037,0,981,0,629,53,1.191,1,2047,0,287.023,29.197,-263.000,-114.875,-4.125,-1.734,0.254,-2.934,10.004,27.430,-21.969,0.334,0.458,1.087,1.346,1,NULL,NULL,,2,0,2,7,255,1125,250,0,0
pre_stim,12030,12030,0,12030,3209359.454,0.867,-0.221,-0.117,0.430,2311,0,0,2135,0,1183,0,726,53,1.191,1,2047,0,180.018,28.198,103.125,-138.063,-52.063,-0.336,-0.973,0.398,-9.539,26.535,-21.969,0.338,0.324,1.087,1.346,1,NULL,NULL,,2,0,2,7,255,1125,250,0,0
pre_stim,12051,12051,0,12051,3209364.455,0.868,-0.222,-0.111,0.430,2491,0,0,2264,0,1332,0,796,53,1.191,1,2047,0,144.737,10.681,76.250,-112.625,49.500,0.637,1.262,1.773,-9.539,-4.805,-7.504,0.394,0.272,1.087,1.346,1,NULL,NULL,,2,0,2,7,255,1125,250,0,0
pre_stim,12051,12051,0,12051,3209369.454,0.872,-0.218,-0.107,0.425,2681,0,0,2515,0,1435,0,901,53,1.191,1,2047,0,186.313,14.809,-74.313,-103.000,136.313,0.133,2.484,2.109,14.008,-4.805,6.438,0.422,0.302,1.087,1.346,2,NULL,NULL,,2,0,2,7,255,1125,250,0,0
pre_stim,12051,12051,0,12051,3209374.455,0.879,-0.206,-0.106,0.417,2809,0,0,2685,0,1467,0,955,53,1.191,1,2047,0,353.179,14.379,-261.000,-130.625,198.875,-1.813,0.348,1.387,14.008,3.246,9.633,0.432,0.348,1.087,1.346,2,NULL,NULL,,2,0,2,7,255,1125,250,0,0
pre_stim,12051,12051,0,12051,3209379.453,0.885,-0.188,-0.106,0.413,2888,0,0,2793,0,1491,0,1071,53,1.191,1,2047,0,442.265,11.580,-400.125,-164.000,92.750,-2.551,-1.242,0.359,-8.098,8.277,9.633,0.442,0.384,1.087,1.346,2,NULL,NULL,,2,0,2,7,255,1125,250,0,0
pre_stim,12051,12051,0,12051,3209384.455,0.885,-0.174,-0.105,0.419,2939,0,0,2873,0,1493,0,1192,53,1.191,1,2047,0,348.354,22.459,-266.625,-166.563,-150.063,-1.891,-1.137,-0.715,-20.805,8.461,-0.648,0.464,0.414,1.087,1.346,2,NULL,NULL,,2,0,2,7,255,1125,250,0,0
pre_stim,12051,12051,0,12051,3209389.454,0.883,-0.168,-0.100,0.428,2987,0,0,2936,0,1499,0,1331,53,1.191,1,2047,0,283.452,22.459,-60.688,-184.375,-206.563,-0.258,-0.672,0.086,-20.805,8.461,-9.426,0.496,0.444,1.087,1.346,2,NULL,NULL,,2,0,2,7,255,1125,250,0,0
pre_stim,12103,12103,0,12103,3209394.455,0.880,-0.164,-0.094,0.435,3019,0,0,3005,0,1499,0,1383,53,1.191,1,2047,0,245.139,7.195,8.500,-188.750,-156.188,0.602,-0.973,1.547,-6.770,-2.438,-9.426,0.526,0.470,1.087,1.346,2,NULL,NULL,,2,0,2,7,255,1125,250,0,0
pre_stim,12103,12103,0,12103,3209399.453,0.881,-0.157,-0.089,0.438,3044,0,0,3050,0,1555,0,1399,53,1.191,1,2047,0,196.201,15.640,-71.813,-172.250,-60.563,1.066,-1.242,1.977,-3.367,-15.273,0.844,0.534,0.484,1.087,1.346,2,NULL,NULL,,2,0,2,7,255,1125,250,0,0
pre_stim,12103,12103,0,12103,3209404.455,0.883,-0.148,-0.086,0.437,3059,0,0,3100,0,1661,2,1401,53,1.191,1,2047,0,225.533,21.681,-158.313,-156.938,34.250,1.137,-1.574,1.613,-3.367,-21.418,0.844,0.510,0.478,1.087,1.346,2,NULL,NULL,,2,0,2,7,255,1125,250,0,0
pre_stim,12103,12103,0,12103,3209409.454,0.887,-0.140,-0.083,0.432,3063,0,0,3115,0,1771,119,1397,53,1.191,1,2047,0,255.576,21.969,-178.563,-136.313,121.875,0.754,-1.547,0.969,-4.891,-21.418,-0.430,0.462,0.458,1.087,1.346,2,NULL,NULL,,2,0,2,7,255,1125,250,0,0
pre_stim,12103,12103,0,12103,3209414.455,0.892,-0.133,-0.080,0.425,3083,0,0,3141,0,1877,149,1419,53,1.191,1,2047,0,254.138,18.692,-133.875,-125.688,175.688,0.055,-0.938,0.551,-6.629,-17.477,-4.988,0.420,0.434,1.087,1.346,2,NULL,NULL,,2,0,2,7,255,1125,250,0,0
pre_stim,12103,12103,1,12103,3209419.453,0.896,-0.129,-0.075,0.419,3099,0,0,3156,0,1995,159,1451,53,1.191,1,2047,0,221.652,10.112,-65.813,-125.750,170.250,-0.531,-0.027,0.539,-6.629,-7.637,-4.988,0.386,0.404,1.087,1.346,2,NULL,NULL,,2,1,2,7,255,1125,250,0,0
pre_stim,12103,12103,1,12103,3209424.455,0.898,-0.125,-0.071,0.416,3109,0,0,3161,0,2080,186,1528,53,1.191,1,2047,0,162.567,3.955,-34.750,-130.500,90.500,-1.082,0.563,1.227,-3.348,2.105,-3.512,0.364,0.362,1.087,1.346,2,NULL,NULL,,2,1,2,7,255,1125,250,0,0
pre_stim,12103,12103,1,12103,3209429.454,0.898,-0.119,-0.067,0.417,3097,0,0,3161,0,2199,199,1639,53,1.191,1,2047,0,159.484,6.251,-82.500,-134.000,-25.938,-0.742,0.648,1.379,-2.145,5.871,4.965,0.350,0.312,1.087,1.346,2,NULL,NULL,,2,1,2,7,255,1125,250,0,0
pre_stim,12103,12103,1,12103,3209434.455,0.898,-0.113,-0.064,0.419,3095,0,0,3175,0,2240,361,1803,53,1.191,1,2047,0,168.311,5.912,-98.125,-128.000,-48.125,0.016,0.133,1.191,0.695,5.871,4.965,0.344,0.258,1.087,1.346,2,NULL,NULL,,2,1,2,7,255,1125,250,0,0
pre_stim,12103,12103,1,12103,3209439.453,0.898,-0.109,-0.062,0.423,3103,0,0,3166,61,2287,371,1929,53,1.191,1,2047,0,126.615,2.247,-60.563,-81.688,-75.438,0.355,-0.383,1.922,0.695,-2.137,5.695,0.340,0.212,1.087,1.346,2,NULL,NULL,,2,1,2,7,255,1125,250,0,0
pre_stim,12125,12125,1,12125,3209444.456,0.897,-0.105,-0.061,0.426,3097,0,0,3175,363,2317,361,1995,53,1.191,1,2047,0,122.170,8.771,-74.250,-57.438,-78.188,0.738,-0.102,1.164,1.508,-8.641,1.656,0.334,0.182,1.087,1.346,2,NULL,NULL,,2,1,2,7,255,1125,250,0,0
pre_stim,12125,12125,1,12125,3209449.454,0.896,-0.103,-0.060,0.428,3100,0,0,3180,541,2347,375,2057,53,1.191,1,2047,0,71.122,9.621,-23.438,-46.375,-48.563,0.805,0.621,1.074,4.230,-8.641,-0.258,0.326,0.168,1.087,1.346,2,NULL,NULL,,2,1,2,7,255,1125,250,0,0
pre_stim,12125,12125,1,12125,3209454.455,0.896,-0.101,-0.059,0.428,3095,0,0,3189,715,2361,377,2107,53,1.191,1,2047,0,33.244,7.013,-23.250,-23.563,-3.063,0.305,-0.063,1.379,4.230,-5.594,-0.258,0.320,0.166,1.087,1.346,2,NULL,NULL,,2,1,2,7,255,1125,250,0,0
pre_stim,12125,12125,1,12125,3209459.454,0.897,-0.097,-0.060,0.427,3100,0,0,3181,861,2379,375,2159,53,1.191,1,2047,0,90.810,4.907,-88.813,-18.500,4.063,-0.391,-0.563,1.238,1.902,-4.523,2.254,0.320,0.160,1.087,1.346,2,NULL,NULL,,2,1,2,7,255,1125,250,0,0
pre_stim,12150,12150,1,12150,3209464.455,0.896,-0.094,-0.061,0.429,3099,18,0,3181,983,2395,378,2197,53,1.191,1,2047,0,95.812,4.365,-77.313,-14.563,-54.688,-0.445,-0.086,0.766,-3.047,-3.125,2.254,0.326,0.148,1.087,1.346,2,NULL,NULL,,2,1,2,7,255,1125,250,0,0
pre_stim,12150,12150,1,12150,3209469.454,0.894,-0.093,-0.062,0.434,3097,30,0,3181,1093,2405,376,2229,53,1.191,1,2047,0,111.975,3.272,-16.563,-12.813,-110.000,-0.129,0.387,0.855,-3.047,1.191,-1.043,0.338,0.132,1.087,1.346,2,NULL,NULL,,2,1,2,7,255,1125,250,0,0
pre_stim,12150,12150,1,12150,3209474.455,0.892,-0.092,-0.062,0.438,3099,52,0,3181,1166,2414,374,2261,53,1.191,1,2047,0,99.365,2.844,-7.125,-6.813,-98.875,0.250,0.172,1.176,2.582,1.191,-1.043,0.358,0.112,1.087,1.346,2,NULL,NULL,,2,1,2,7,255,1125,250,0,0
pre_stim,12150,12150,1,12150,3209479.453,0.892,-0.090,-0.062,0.439,3098,76,0,3183,1269,2422,371,2283,53,1.191,1,2047,0,64.445,4.129,-49.250,-6.438,-41.063,0.152,-0.332,1.156,2.582,-3.223,0.762,0.382,0.092,1.087,1.346,2,NULL,NULL,,2,1,2,7,255,1125,250,0,0
pre_stim,12170,12170,1,12170,3209484.455,0.892,-0.087,-0.064,0.439,3103,87,0,3179,1353,2424,373,2302,53,1.191,1,2047,0,66.487,3.408,-64.625,-4.375,-15.000,-0.164,-0.297,0.836,-1.109,-3.223,0.762,0.406,0.072,1.087,1.346,2,NULL,NULL,,2,1,2,7,255,1125,250,0,0
pre_stim,12170,12170,1,12170,3209489.453,0.891,-0.086,-0.064,0.441,3107,102,0,3187,1429,2439,367,2317,53,1.191,1,2047,0,52.117,2.442,-34.313,-5.250,-38.875,-0.293,0.105,0.793,-1.109,-2.176,-1.582,0.422,0.058,1.087,1.346,2,NULL,NULL,,2,1,2,7,255,1125,250,0,0
pre_stim,12201,12201,1,12201,3209494.455,0.890,-0.085,-0.064,0.443,3101,136,0,3181,1500,2451,363,2333,53,1.191,1,2047,0,69.738,0.718,-12.938,-4.563,-68.375,-0.098,0.121,1.008,-0.520,-0.496,-1.582,0.434,0.052,1.087,1.346,2,NULL,NULL,,2,1,2,7,255,1125,250,0,0
pre_stim,12201,12201,1,12201,3209499.454,0.889,-0.084,-0.065,0.446,3097,149,0,3180,1555,2453,345,2351,53,1.191,1,2047,0,56.415,0.499,-18.625,-2.625,-53.188,0.125,-0.164,1.070,0.051,-0.496,0.109,0.442,0.046,1.087,1.346,2,NULL,NULL,,2,1,2,7,255,1125,250,0,0
pre_stim,12201,12201,1,12201,3209504.455,0.889,-0.083,-0.065,0.446,3099,165,17,3179,1593,2462,331,2346,53,1.191,1,2047,0,31.080,3.700,-26.750,-0.625,-15.813,0.074,-0.215,0.984,0.051,-3.699,0.109,0.452,0.040,1.087,1.346,2,NULL,NULL,,2,1,2,7,255,1125,250,0,0
pre_stim,12201,12201,1,12201,3209509.454,0.889,-0.082,-0.066,0.446,3103,163,47,3181,1624,2463,327,2357,53,1.191,1,2047,0,21.430,3.700,-21.063,-2.500,3.063,-0.117,0.016,0.926,-0.047,-3.699,-0.629,0.462,0.032,1.087,1.346,2,NULL,NULL,,2,1,2,7,255,1125,250,0,0
pre_stim,12224,12224,1,12224,3209514.455,0.889,-0.082,-0.066,0.446,3099,157,97,3175,1658,2464,327,2358,53,1.191,1,2047,0,14.663,0.767,-8.688,0.000,-11.813,-0.223,0.090,0.977,-0.047,-0.766,-0.629,0.470,0.026,1.087,1.346,2,NULL,NULL,,2,1,2,7,255,1125,250,0,0
pre_stim,12224,12224,1,12224,3209519.454,0.888,-0.081,-0.066,0.447,3103,168,121,3174,1685,2471,315,2365,53,1.191,1,2047,0,27.317,0.766,-5.813,0.438,-26.688,-0.105,0.063,1.055,0.008,-0.766,0.023,0.476,0.018,1.087,1.346,2,NULL,NULL,,2,1,2,7,255,1125,250,0,0
pre_stim,12224,12224,1,12224,3209524.455,0.888,-0.081,-0.066,0.448,3101,171,148,3179,1707,2475,307,2362,53,1.216,1,2047,1,20.055,0.921,-9.563,0.375,-17.625,-0.012,-0.016,1.020,0.418,-0.820,0.023,0.000,0.000,1.079,1.362,2,NULL,NULL,,2,1,2,7,255,1125,250,0,0
pre_stim,12224,12224,1,12224,3209529.454,0.888,-0.080,-0.066,0.448,3100,172,175,3179,1717,2474,284,2363,53,1.216,1,2047,1,9.207,1.370,-8.875,1.500,-1.938,-0.082,-0.023,0.969,0.418,-1.305,0.008,0.006,0.004,1.079,1.362,2,NULL,NULL,,2,1,2,7,255,1125,250,0,0
pre_stim,12224,12224,1,12224,3209534.455,0.888,-0.080,-0.066,0.448,3111,171,211,3182,1717,2473,281,2363,53,1.216,1,2047,1,4.709,1.306,-4.500,0.813,1.125,-0.176,0.027,0.992,-0.066,-1.305,0.008,0.012,0.008,1.079,1.362,2,NULL,NULL,,2,1,2,7,255,1125,250,0,0
pre_stim,12224,12224,1,12224,3209539.454,0.888,-0.080,-0.066,0.448,3093,172,209,3174,1722,2471,249,2356,53,1.216,1,2047,1,7.207,0.437,-3.063,0.563,-6.500,-0.172,0.031,1.020,-0.129,-0.418,0.051,0.018,0.012,1.079,1.362,2,NULL,NULL,,2,1,2,7,255,1125,250,0,0
pre_stim,12224,12224,1,12224,3209544.456,0.888,-0.080,-0.066,0.449,3095,161,212,3166,1720,2471,233,2361,53,1.216,1,2047,1,10.074,0.437,-3.063,0.813,-9.563,-0.109,-0.012,1.008,-0.129,-0.418,0.090,0.024,0.016,1.079,1.362,2,NULL,NULL,,2,1,2,7,255,1125,250,0,0
pre_stim,12224,12224,1,12224,3209549.454,0.888,-0.079,-0.066,0.449,3090,156,215,3163,1721,2475,231,2348,53,1.216,1,2047,1,4.893,1.101,-2.188,0.750,-4.313,-0.098,-0.023,1.000,-0.129,-1.094,0.090,0.030,0.020,1.079,1.362,2,NULL,NULL,,2,1,2,7,255,1125,250,0,0
pre_stim,12224,12224,1,12224,3209554.455,0.888,-0.079,-0.066,0.449,3093,141,219,3163,1721,2475,221,2355,53,1.216,1,2047,1,1.552,1.103,-1.063,0.125,1.125,-0.145,-0.008,0.992,-0.141,-1.094,0.004,0.034,0.022,1.079,1.362,2,NULL,NULL,,2,1,2,7,255,1125,250,0,0
pre_stim,12224,12224,1,12224,3209559.454,0.888,-0.079,-0.066,0.449,3087,141,215,3159,1718,2463,215,2343,53,1.216,1,2047,1,0.886,0.799,0.250,-0.688,0.500,-0.180,0.023,0.988,-0.254,-0.758,0.004,0.040,0.024,1.079,1.362,2,NULL,NULL,,2,1,2,7,255,1125,250,0,0
pre_stim,12250,12250,1,12250,3209564.455,0.888,-0.079,-0.066,0.449,3077,141,205,3147,1725,2453,197,2340,53,1.216,1,2047,1,2.894,0.412,1.750,-1.750,-1.500,-0.172,0.031,0.980,-0.254,-0.324,0.004,0.044,0.028,1.079,1.362,2,NULL,NULL,,2,1,2,7,255,1125,250,0,0
pre_stim,12250,12250,1,12250,3209569.454,0.888,-0.079,-0.066,0.449,3067,137,216,3147,1727,2455,192,2339,53,1.216,1,2047,1,4.377,0.353,3.125,-3.063,0.125,-0.152,0.035,0.984,-0.141,-0.324,-0.039,0.048,0.028,1.079,1.362,2,NULL,NULL,,2,1,2,7,255,1125,250,0,0
pre_stim,12250,12250,1,12250,3209574.455,0.888,-0.079,-0.066,0.449,3061,117,221,3139,1737,2449,189,2339,53,1.216,1,2047,1,6.648,0.426,3.938,-4.438,3.000,-0.152,0.043,0.988,-0.004,-0.426,-0.039,0.050,0.028,1.079,1.362,2,NULL,NULL,,2,1,2,7,255,1125,250,0,0
pre_stim,12250,12250,1,12250,3209579.454,0.888,-0.079,-0.065,0.449,3053,109,233,3128,1740,2444,185,2341,53,1.216,1,2047,1,8.217,0.429,4.125,-5.500,4.500,-0.148,0.051,0.992,0.055,-0.426,-0.004,0.054,0.030,1.079,1.362,2,NULL,NULL,,2,1,2,7,255,1125,250,0,0
pre_stim,12268,12268,1,12268,3209584.455,0.888,-0.079,-0.065,0.448,3047,95,225,3115,1751,2441,181,2343,53,1.216,1,2047,1,9.442,0.383,5.500,-6.125,4.625,-0.160,0.047,0.977,0.055,-0.379,-0.004,0.056,0.030,1.079,1.362,2,NULL,NULL,,2,1,2,7,255,1125,250,0,0
pre_stim,12268,12268,1,12268,3209589.453,0.888,-0.080,-0.065,0.448,3039,71,230,3111,1759,2439,175,2351,53,1.216,1,2047,1,11.733,0.334,8.313,-7.250,4.000,-0.156,0.063,0.988,0.129,-0.309,-0.004,0.058,0.030,1.079,1.362,2,NULL,NULL,,2,1,2,7,255,1125,250,0,0
pre_stim,12268,12268,1,12268,3209594.455,0.888,-0.080,-0.064,0.448,3032,70,253,3103,1771,2442,179,2361,53,1.216,1,2047,1,13.208,0.316,8.125,-8.375,6.188,-0.148,0.082,1.008,0.172,-0.266,-0.004,0.060,0.032,1.079,1.362,2,NULL,NULL,,2,1,2,7,255,1125,250,0,0
pre_stim,12268,12268,1,12268,3209599.454,0.888,-0.080,-0.063,0.448,3023,69,264,3091,1799,2439,179,2363,53,1.216,1,2047,1,14.197,0.438,6.250,-9.500,8.500,-0.172,0.102,1.008,0.367,-0.238,0.188,0.062,0.030,1.079,1.362,2,NULL,NULL,,2,1,2,7,255,1125,250,0,0
pre_stim,12306,12306,1,12306,3209604.455,0.888,-0.080,-0.063,0.448,3007,67,302,3080,1817,2431,188,2376,53,1.216,1,2047,1,13.617,0.375,5.063,-10.688,6.750,-0.207,0.121,0.992,0.367,0.078,0.188,0.064,0.030,1.079,1.362,2,NULL,NULL,,2,1,2,7,255,1125,250,0,0
pre_stim,12306,12306,1,12306,3209609.454,0.888,-0.080,-0.062,0.448,2996,69,333,3059,1852,2431,205,2389,53,1.216,1,2047,1,13.431,0.549,5.938,-12.000,1.063,-0.219,0.129,0.984,0.293,0.465,0.188,0.064,0.030,1.079,1.362,2,NULL,NULL,,2,1,2,7,255,1125,250,0,0
pre_stim,12306,12306,1,12306,3209614.455,0.888,-0.080,-0.062,0.448,2981,69,359,3045,1896,2432,217,2397,53,1.216,1,2047,1,15.713,0.566,7.000,-13.688,-3.250,-0.195,0.141,0.996,0.293,0.484,0.188,0.064,0.028,1.079,1.362,2,NULL,NULL,,2,1,2,7,255,1125,250,0,0
pre_stim,12306,12306,1,12306,3209619.454,0.888,-0.080,-0.061,0.448,2965,85,407,3032,1933,2439,233,2412,53,1.216,1,2047,1,16.964,0.691,6.250,-15.188,-4.250,-0.180,0.148,1.016,0.492,0.484,0.215,0.066,0.026,1.079,1.362,2,NULL,NULL,,2,1,2,7,255,1125,250,0,0
pre_stim,12306,12306,1,12306,3209624.455,0.888,-0.080,-0.060,0.448,2951,98,441,3020,1979,2441,265,2431,53,1.216,1,2047,1,17.751,0.800,4.750,-16.063,-5.875,-0.176,0.184,1.023,0.637,0.484,0.371,0.064,0.024,1.079,1.362,2,NULL,NULL,,2,1,2,7,255,1125,250,0,0
pre_stim,12306,12306,1,12306,3209629.453,0.888,-0.080,-0.059,0.449,2931,117,552,3004,2028,2444,297,2456,53,1.216,1,2047,1,18.691,1.099,3.625,-16.438,-8.125,-0.152,0.227,1.027,0.949,0.555,0.465,0.064,0.022,1.079,1.362,2,NULL,NULL,,2,1,2,7,255,1125,250,0,0
pre_stim,12306,12306,1,12306,3209634.455,0.888,-0.080,-0.058,0.449,2907,143,611,2989,2077,2452,347,2473,53,1.216,1,2047,1,18.834,1.454,1.000,-16.375,-9.250,-0.137,0.207,1.039,1.344,0.555,0.477,0.062,0.018,1.079,1.362,2,NULL,NULL,,2,1,2,7,255,1125,250,0,0
pre_stim,12306,12306,1,12306,3209639.453,0.888,-0.080,-0.058,0.449,2874,143,698,2969,2139,2456,420,2491,53,1.216,1,2047,1,18.945,1.399,-3.063,-15.875,-9.875,-0.121,0.172,1.035,1.344,0.391,0.477,0.062,0.014,1.079,1.362,2,NULL,NULL,,2,1,2,7,255,1125,250,0,0
pre_stim,12334,12334,1,12334,3209644.455,0.888,-0.079,-0.057,0.450,2867,155,821,2965,2203,2456,447,2519,53,1.216,1,2047,1,19.004,1.146,-6.063,-14.938,-10.063,-0.121,0.117,1.004,1.145,0.066,0.445,0.060,0.010,1.079,1.362,2,NULL,NULL,,2,1,2,7,255,1125,250,0,0
pre_stim,12334,12334,1,12334,3209649.454,0.888,-0.078,-0.057,0.450,2840,180,919,2943,2255,2461,493,2527,53,1.216,1,2047,1,19.146,0.717,-5.500,-14.813,-10.813,-0.141,0.074,0.977,0.699,-0.160,0.121,0.058,0.006,1.079,1.362,2,NULL,NULL,,2,1,2,7,255,1125,250,0,0
pre_stim,12334,12334,1,12334,3209654.455,0.887,-0.078,-0.056,0.451,2824,200,1019,2927,2301,2463,586,2543,53,1.216,1,2047,1,20.196,0.268,-2.000,-15.000,-13.375,-0.160,0.078,0.969,0.215,-0.160,-0.129,0.056,0.002,1.079,1.362,2,NULL,NULL,,2,1,2,7,255,1125,250,0,0
pre_stim,12334,12334,1,12334,3209659.454,0.887,-0.078,-0.056,0.451,2799,211,1130,2911,2351,2469,635,2567,53,1.216,1,2047,1,23.137,0.216,-0.125,-15.063,-17.563,-0.156,0.102,0.996,0.215,-0.020,-0.129,0.056,0.008,1.079,1.362,2,NULL,NULL,,2,1,2,7,255,1125,250,0,0
pre_stim,12334,12334,1,12334,3209664.455,0.887,-0.077,-0.055,0.452,2767,218,1209,2893,2395,2472,751,2580,53,1.216,1,2047,1,26.334,0.329,-2.875,-14.750,-21.625,-0.141,0.094,1.012,0.328,-0.020,0.109,0.056,0.012,1.079,1.362,2,NULL,NULL,,2,1,2,7,255,1125,250,0,0
pre_stim,12334,12334,0,12334,3209669.454,0.886,-0.077,-0.055,0.453,2735,239,1325,2871,2431,2475,873,2592,53,1.216,1,2047,1,28.817,0.350,-7.938,-15.063,-23.250,-0.141,0.043,1.012,0.328,-0.121,0.199,0.056,0.018,1.079,1.362,2,NULL,NULL,,2,0,2,7,255,1125,250,0,0
pre_stim,12357,12357,0,12357,3209674.455,0.886,-0.076,-0.054,0.454,2707,249,1480,2855,2473,2478,932,2607,53,1.216,1,2047,1,32.308,0.376,-12.688,-15.250,-25.500,-0.160,0.016,1.004,-0.023,-0.375,0.199,0.056,0.022,1.079,1.362,2,NULL,NULL,,2,0,2,7,255,1125,250,0,0
pre_stim,12357,12357,0,12357,3209679.453,0.886,-0.075,-0.054,0.455,2669,265,1594,2845,2515,2486,1055,2637,53,1.216,1,2047,1,36.605,0.506,-14.500,-15.875,-29.625,-0.168,0.008,1.000,-0.340,-0.375,0.160,0.058,0.026,1.079,1.362,2,NULL,NULL,,2,0,2,7,255,1125,250,0,0
pre_stim,12357,12357,0,12357,3209684.455,0.885,-0.074,-0.054,0.457,2623,277,1701,2827,2543,2495,1191,2643,53,1.216,1,2047,1,39.604,0.594,-16.938,-17.125,-31.438,-0.168,-0.020,0.996,-0.461,-0.375,0.125,0.060,0.028,1.079,1.362,2,NULL,NULL,,2,0,2,7,255,1125,250,0,0
pre_stim,12357,12357,0,12357,3209689.454,0.884,-0.072,-0.054,0.458,2585,283,1807,2799,2587,2501,1279,2655,53,1.216,1,2047,1,42.940,0.748,-20.438,-18.250,-33.063,-0.168,-0.016,1.008,-0.617,-0.422,0.125,0.062,0.030,1.079,1.362,2,NULL,NULL,,2,0,2,7,255,1125,250,0,0
pre_stim,12405,12405,0,12405,3209694.455,0.884,-0.071,-0.054,0.459,2527,317,1903,2779,2611,2500,1381,2672,53,1.216,1,2047,1,49.831,0.748,-27.188,-18.250,-37.563,-0.160,0.004,1.035,-0.617,-0.422,0.199,0.064,0.030,1.079,1.362,2,NULL,NULL,,2,0,2,7,255,1125,250,0,0
pre_stim,12405,12405,0,12405,3209699.453,0.883,-0.069,-0.054,0.461,2472,333,2003,2749,2645,2507,1475,2694,53,1.216,1,2047,1,56.243,0.570,-35.000,-19.188,-39.625,-0.141,0.000,1.027,-0.383,-0.422,0.352,0.064,0.030,1.079,1.362,2,NULL,NULL,,2,0,2,7,255,1125,250,0,0
pre_stim,12405,12405,0,12405,3209704.455,0.883,-0.067,-0.054,0.462,2407,347,2079,2715,2677,2507,1571,2705,53,1.216,1,2047,1,58.235,0.581,-38.188,-19.563,-39.375,-0.113,0.008,0.980,-0.289,-0.504,0.352,0.066,0.030,1.079,1.362,2,NULL,NULL,,2,0,2,7,255,1125,250,0,0
pre_stim,12405,12405,0,12405,3209709.454,0.882,-0.065,-0.054,0.464,2339,345,2165,2667,2695,2515,1691,2737,53,1.216,1,2047,1,54.937,0.639,-35.438,-20.625,-36.563,-0.117,-0.023,0.957,-0.289,-0.570,-0.133,0.066,0.028,1.079,1.362,2,NULL,NULL,,2,0,2,7,255,1125,250,0,0
pre_stim,12405,12405,0,12405,3209714.455,0.882,-0.063,-0.054,0.465,2251,350,2249,2632,2725,2509,1783,2741,53,1.216,1,2047,1,52.945,0.677,-33.625,-21.563,-34.750,-0.133,-0.031,0.988,-0.352,-0.578,-0.133,0.068,0.026,1.079,1.362,2,NULL,NULL,,2,0,2,7,255,1125,250,0,0
pre_stim,12405,12405,0,12405,3209719.453,0.881,-0.061,-0.054,0.466,2165,349,2315,2579,2747,2517,1893,2761,53,1.216,1,2047,1,57.115,0.742,-36.750,-22.375,-37.563,-0.156,-0.031,1.039,-0.465,-0.578,-0.059,0.070,0.024,1.079,1.362,2,NULL,NULL,,2,0,2,7,255,1125,250,0,0
pre_stim,12405,12405,0,12405,3209724.455,0.880,-0.058,-0.054,0.468,2069,349,2391,2519,2773,2518,1981,2789,53,1.216,1,2047,1,65.059,0.633,-43.438,-23.000,-42.625,-0.152,0.004,1.039,-0.465,-0.430,0.480,0.074,0.022,1.079,1.362,2,NULL,NULL,,2,0,2,7,255,1125,250,0,0
pre_stim,12405,12405,0,12405,3209729.454,0.880,-0.056,-0.054,0.469,1989,355,2457,2476,2792,2521,2067,2795,53,1.216,1,2047,1,66.719,0.376,-43.375,-23.938,-44.688,-0.113,0.023,0.977,-0.215,-0.309,0.480,0.076,0.020,1.079,1.362,2,NULL,NULL,,2,0,2,7,255,1125,250,0,0
pre_stim,12405,12405,0,12405,3209734.455,0.879,-0.054,-0.054,0.471,1884,345,2508,2409,2807,2523,2135,2804,53,1.216,1,2047,1,62.634,0.338,-38.375,-25.063,-42.688,-0.094,0.012,0.984,0.137,-0.309,-0.137,0.078,0.020,1.079,1.362,2,NULL,NULL,,2,0,2,7,255,1125,250,0,0
pre_stim,12405,12405,0,12405,3209739.453,0.878,-0.052,-0.053,0.473,1741,319,2555,2327,2836,2519,2199,2823,53,1.216,1,2047,1,61.466,0.500,-37.313,-25.250,-41.813,-0.102,-0.012,1.031,0.137,-0.480,-0.137,0.080,0.020,1.079,1.362,2,NULL,NULL,,2,0,2,7,255,1125,250,0,0
pre_stim,12424,12424,0,12424,3209744.455,0.877,-0.050,-0.053,0.474,1576,305,2602,2224,2847,2504,2258,2841,53,1.216,1,2047,1,60.738,0.551,-37.750,-24.875,-40.563,-0.090,-0.023,1.008,-0.012,-0.551,0.086,0.082,0.020,1.079,1.362,2,NULL,NULL,,2,0,2,7,255,1125,250,0,0
pre_stim,12424,12424,0,12424,3209749.454,0.877,-0.048,-0.053,0.476,1388,281,2655,2125,2869,2517,2311,2851,53,1.216,1,2047,1,57.650,0.642,-36.313,-25.125,-37.063,-0.082,-0.051,0.980,-0.047,-0.641,0.086,0.082,0.020,1.079,1.362,2,NULL,NULL,,2,0,2,7,255,1125,250,0,0
pre_stim,12424,12424,0,12424,3209754.455,0.876,-0.046,-0.053,0.477,1199,251,2687,2002,2879,2506,2367,2858,53,1.216,1,2047,1,53.531,0.807,-32.063,-26.188,-33.938,-0.070,-0.051,0.988,-0.148,-0.793,-0.125,0.084,0.020,1.079,1.362,2,NULL,NULL,,2,0,2,7,255,1125,250,0,0
pre_stim,12424,12424,0,12424,3209759.454,0.876,-0.044,-0.052,0.478,1063,247,2728,1803,2907,2515,2409,2861,53,1.216,1,2047,1,47.288,0.807,-25.438,-28.125,-28.250,-0.086,-0.039,0.996,-0.148,-0.793,-0.125,0.088,0.020,1.079,1.362,2,NULL,NULL,,2,0,2,7,255,1125,250,0,0
pre_stim,12449,12449,0,12449,3209764.455,0.875,-0.042,-0.051,0.479,849,208,2765,1577,2909,2505,2461,2872,53,1.216,1,2047,1,43.447,0.668,-21.625,-29.000,-24.063,-0.125,-0.020,1.039,-0.125,-0.656,-0.012,0.090,0.020,1.079,1.362,2,NULL,NULL,,2,0,2,7,255,1125,250,0,0
pre_stim,12449,12449,0,12449,3209769.453,0.875,-0.041,-0.051,0.480,651,185,2784,1387,2923,2509,2519,2876,53,1.216,1,2047,1,47.817,0.266,-25.000,-29.563,-28.063,-0.145,0.000,1.066,-0.125,-0.234,0.434,0.094,0.018,1.079,1.362,2,NULL,NULL,,2,0,2,7,255,1125,250,0,0
pre_stim,12449,12449,0,12449,3209774.455,0.875,-0.039,-0.050,0.481,407,147,2822,1161,2951,2485,2553,2889,53,1.216,1,2047,1,50.224,0.183,-26.813,-32.625,-27.188,-0.094,0.031,1.051,-0.051,-0.176,0.508,0.096,0.018,1.079,1.362,2,NULL,NULL,,2,0,2,7,255,1125,250,0,0
pre_stim,12449,12449,0,12449,3209779.454,0.874,-0.037,-0.049,0.482,240,81,2839,967,2956,2473,2600,2905,53,1.216,1,2047,1,47.161,0.176,-22.500,-34.313,-23.250,-0.098,-0.023,1.016,-0.012,-0.176,0.508,0.098,0.020,1.079,1.362,2,NULL,NULL,,2,0,2,7,255,1125,250,0,0
pre_stim,12470,12470,0,12470,3209784.455,0.874,-0.036,-0.048,0.482,167,43,2859,767,2981,2469,2620,2917,53,1.216,1,2047,1,47.140,0.317,-17.063,-36.688,-24.188,-0.109,-0.039,1.043,-0.012,-0.316,0.465,0.100,0.020,1.079,1.362,2,NULL,NULL,,2,0,2,7,255,1125,250,0,0
pre_stim,12470,12470,0,12470,3209789.453,0.874,-0.034,-0.047,0.483,59,26,2884,549,2987,2456,2658,2921,53,1.216,1,2047,1,47.378,0.317,-11.688,-41.625,-19.375,-0.078,0.047,1.082,-0.012,-0.316,0.465,0.100,0.022,1.079,1.362,2,NULL,NULL,,2,0,2,7,255,1125,250,0,0
pre_stim,12501,12501,0,12501,3209794.455,0.873,-0.033,-0.045,0.484,39,0,2904,393,3003,2430,2679,2924,53,1.216,1,2047,1,48.260,0.703,-8.938,-44.250,-17.063,-0.086,0.137,1.125,0.691,-0.129,0.805,0.102,0.022,1.079,1.362,2,NULL,NULL,,2,0,2,7,255,1125,250,0,0
pre_stim,12501,12501,0,12501,3209799.454,0.873,-0.032,-0.044,0.485,9,0,2907,294,3017,2401,2712,2943,53,1.216,1,2047,1,53.947,1.359,-15.875,-46.688,-21.875,-0.063,0.117,1.121,1.352,0.145,1.172,0.104,0.022,1.079,1.362,2,NULL,NULL,,2,0,2,7,255,1125,250,0,0
pre_stim,12524,12524,0,12524,3209804.455,0.873,-0.030,-0.042,0.485,0,0,2916,229,3017,2377,2733,2935,53,1.216,1,2047,1,53.327,1.397,-7.563,-51.938,-9.438,-0.168,-0.020,1.164,1.352,0.352,1.223,0.106,0.022,1.079,1.362,2,NULL,NULL,,2,0,2,7,255,1125,250,0,0
pre_stim,12524,12524,0,12524,3209809.454,0.873,-0.029,-0.040,0.485,0,0,2923,201,3031,2355,2761,2940,53,1.216,1,2047,1,61.040,0.460,3.250,-60.688,5.688,-0.277,-0.176,1.281,-0.297,0.352,1.711,0.108,0.022,1.079,1.362,2,NULL,NULL,,2,0,2,7,255,1125,250,0,0
pre_stim,12524,12524,0,12524,3209814.455,0.873,-0.028,-0.037,0.485,0,0,2949,171,3039,2319,2795,2955,53,1.216,1,2047,1,71.068,2.174,18.375,-68.563,3.500,-0.426,-0.219,1.535,-2.137,0.398,2.977,0.108,0.024,1.079,1.362,2,NULL,NULL,,2,0,2,7,255,1125,250,0,0
pre_stim,12524,12524,0,12524,3209819.453,0.874,-0.027,-0.034,0.484,0,0,2937,101,3045,2283,2811,2942,53,1.216,1,2047,1,81.880,2.495,15.375,-79.875,9.375,-0.270,0.113,1.684,-2.137,1.289,5.578,0.108,0.026,1.079,1.362,2,NULL,NULL,,2,0,2,7,255,1125,250,0,0
pre_stim,12524,12524,0,12524,3209824.455,0.874,-0.024,-0.031,0.484,0,0,2955,63,3050,2231,2829,2961,53,1.216,1,2047,0,93.274,1.363,-46.313,-80.125,11.625,-0.086,0.156,1.406,0.441,1.289,5.578,0.104,0.032,1.079,1.362,3,NULL,NULL,,2,0,2,7,255,1125,250,0,0
pre_stim,12524,12524,0,12524,3209829.454,0.875,-0.020,-0.029,0.483,0,0,2950,55,3068,2187,2854,2964,53,1.216,1,2047,0,102.728,1.436,-56.438,-83.563,19.625,-0.039,0.113,1.086,1.270,0.672,3.973,0.102,0.038,1.079,1.362,3,NULL,NULL,,2,0,2,7,255,1125,250,0,0
pre_stim,12524,12524,0,12524,3209834.455,0.876,-0.018,-0.026,0.481,0,0,2953,0,3067,2107,2857,2956,53,1.216,1,2047,0,108.716,1.436,-23.750,-92.438,52.063,-0.180,0.074,1.070,1.270,0.672,0.820,0.096,0.046,1.079,1.362,3,NULL,NULL,,2,0,2,7,255,1125,250,0,0
pre_stim,12524,12524,0,12524,3209839.453,0.877,-0.016,-0.023,0.479,0,0,2953,0,3083,2008,2873,2953,53,1.216,1,2047,0,107.737,1.401,1.125,-99.313,41.750,-0.309,0.070,1.160,0.168,1.391,0.820,0.092,0.052,1.079,1.362,3,NULL,NULL,,2,0,2,7,255,1125,250,0,0
pre_stim,12524,12524,0,12524,3209844.455,0.878,-0.014,-0.019,0.478,0,0,2944,0,3077,1917,2905,2967,53,1.216,1,2047,0,108.168,1.749,4.688,-104.688,26.813,-0.277,-0.043,1.262,-0.563,1.656,1.703,0.086,0.058,1.079,1.362,3,NULL,NULL,,2,0,2,7,255,1125,250,0,0
pre_stim,12524,12524,0,12524,3209849.454,0.878,-0.012,-0.015,0.477,0,0,2953,0,3087,1788,2915,2956,53,1.216,1,2047,0,110.343,2.084,-5.000,-108.750,18.000,-0.199,-0.078,1.324,-1.266,1.656,2.691,0.082,0.066,1.079,1.362,3,NULL,NULL,,2,0,2,7,255,1125,250,0,0
pre_stim,12524,12524,0,12524,3209854.455,0.879,-0.009,-0.011,0.476,0,0,2938,0,3095,1673,2926,2943,53,1.216,1,2047,0,116.924,1.638,-18.438,-112.438,26.250,-0.152,-0.117,1.258,-1.359,0.914,2.691,0.074,0.074,1.079,1.362,3,NULL,NULL,,2,0,2,7,255,1125,250,0,0
pre_stim,12524,12524,0,12524,3209859.454,0.880,-0.005,-0.007,0.475,0,0,2928,0,3096,1525,2939,2940,53,1.216,1,2047,0,125.701,1.674,-20.625,-118.250,37.313,-0.191,-0.109,1.199,-1.402,0.914,2.590,0.068,0.084,1.079,1.362,3,NULL,NULL,,2,0,2,7,255,1125,250,0,0
pre_stim,12551,12551,0,12551,3209864.455,0.881,-0.002,-0.003,0.473,0,0,2923,0,3105,1336,2955,2932,53,1.216,1,2047,0,128.862,1.739,-17.500,-123.313,33.063,-0.227,-0.059,1.160,-1.477,0.918,1.992,0.060,0.094,1.079,1.362,3,NULL,NULL,,2,0,2,7,255,1125,250,0,0
pre_stim,12551,12551,0,12551,3209869.454,0.881,0.001,0.002,0.472,0,0,2925,0,3111,1163,2963,2935,53,1.216,1,2047,0,132.755,2.248,-8.875,-129.625,27.250,-0.258,-0.098,1.152,-1.602,1.578,1.578,0.054,0.104,1.079,1.362,3,NULL,NULL,,2,0,2,7,255,1125,250,0,0
pre_stim,12551,12551,0,12551,3209874.455,0.882,0.003,0.007,0.471,0,0,2905,0,3107,953,2971,2915,53,1.216,1,2047,0,136.870,2.161,1.313,-135.625,18.375,-0.188,-0.039,1.180,-1.477,1.578,1.578,0.046,0.114,1.079,1.362,3,NULL,NULL,,2,0,2,7,255,1125,250,0,0
pre_stim,12551,12551,0,12551,3209879.453,0.882,0.006,0.012,0.471,0,0,2888,0,3111,757,2983,2902,53,1.216,1,2047,0,142.832,2.348,-6.313,-141.875,15.250,-0.164,-0.109,1.172,-1.738,1.578,1.660,0.040,0.124,1.079,1.362,3,NULL,NULL,,2,0,2,7,255,1125,250,0,0
pre_stim,12568,12568,0,12568,3209884.455,0.883,0.009,0.017,0.469,0,0,2859,0,3119,587,2995,2887,53,1.216,1,2047,0,149.473,2.065,2.625,-147.500,24.063,-0.133,-0.117,1.188,-1.727,1.133,1.734,0.034,0.136,1.079,1.362,3,NULL,NULL,,2,0,2,7,255,1125,250,0,0
pre_stim,12568,12568,0,12568,3209889.454,0.883,0.012,0.023,0.468,0,0,2835,0,3122,453,2999,2872,53,1.216,1,2047,0,155.347,2.075,-2.063,-154.250,18.313,-0.180,-0.094,1.117,-1.738,1.133,1.660,0.030,0.148,1.079,1.362,3,NULL,NULL,,2,0,2,7,255,1125,250,0,0
pre_stim,12568,12568,0,12568,3209894.455,0.883,0.015,0.029,0.467,0,0,2820,0,3119,263,2999,2858,53,1.216,1,2047,0,161.537,2.314,10.063,-160.188,18.250,-0.172,-0.137,1.113,-1.875,1.355,1.047,0.030,0.160,1.079,1.362,3,NULL,NULL,,2,0,2,7,255,1125,250,0,0
pre_stim,12568,12568,0,12568,3209899.453,0.884,0.018,0.036,0.467,0,0,2776,0,3121,107,3003,2827,53,1.216,1,2047,0,171.088,2.421,27.063,-168.438,12.938,-0.133,-0.043,1.227,-1.875,1.531,1.047,0.034,0.172,1.079,1.362,3,NULL,NULL,,2,0,2,7,255,1125,250,0,0
pre_stim,12606,12606,0,12606,3209904.455,0.884,0.020,0.043,0.466,0,0,2735,0,3117,57,3011,2809,53,1.216,1,2047,0,177.478,2.263,22.500,-175.438,14.625,-0.168,0.000,1.273,-1.410,1.770,2.074,0.042,0.184,1.079,1.362,3,NULL,NULL,,2,0,2,7,255,1125,250,0,0
pre_stim,12606,12606,0,12606,3209909.454,0.884,0.022,0.050,0.464,0,0,2680,0,3123,0,3007,2780,53,1.216,1,2047,0,190.293,2.796,34.688,-186.188,18.500,-0.191,0.090,1.359,-1.391,2.426,2.453,0.052,0.198,1.079,1.362,3,NULL,NULL,,2,0,2,7,255,1125,250,0,0
pre_stim,12606,12606,0,12606,3209914.455,0.884,0.025,0.058,0.463,0,0,2611,0,3123,0,3021,2736,53,1.216,1,2047,0,200.489,3.490,35.313,-196.813,14.625,-0.168,0.184,1.559,-1.000,3.344,3.207,0.062,0.210,1.079,1.362,3,NULL,NULL,,2,0,2,7,255,1125,250,0,0
pre_stim,12606,12606,0,12606,3209919.453,0.884,0.028,0.066,0.462,0,0,2536,0,3126,0,3013,2707,53,1.216,1,2047,0,207.738,4.069,12.625,-206.375,20.125,-0.156,0.199,1.684,-0.426,4.047,5.105,0.072,0.224,1.079,1.362,3,NULL,NULL,,2,0,2,7,255,1125,250,0,0
pre_stim,12606,12606,0,12606,3209924.455,0.884,0.033,0.075,0.461,0,0,2477,0,3110,0,3015,2661,53,1.216,1,2047,0,217.888,4.419,-1.500,-216.625,23.375,-0.250,0.203,1.836,-0.426,4.398,6.254,0.082,0.240,1.079,1.362,3,NULL,NULL,,2,0,2,7,255,1125,250,0,0
pre_stim,12606,12606,0,12606,3209929.453,0.884,0.038,0.083,0.459,0,0,2375,0,3111,0,3013,2603,53,1.216,1,2047,0,234.022,5.754,-20.750,-231.625,26.188,-0.371,0.203,1.941,-1.191,5.629,7.508,0.092,0.256,1.079,1.362,3,NULL,NULL,,2,0,2,7,255,1125,250,0,0
pre_stim,12606,12606,0,12606,3209934.455,0.883,0.044,0.092,0.458,0,0,2233,0,3099,0,3003,2535,53,1.216,1,2047,0,249.526,7.338,-29.625,-246.938,20.188,-0.438,0.297,1.980,-1.965,7.070,8.188,0.108,0.276,1.079,1.362,3,NULL,NULL,,2,0,2,7,255,1125,250,0,0
pre_stim,12606,12606,0,12606,3209939.453,0.882,0.051,0.102,0.457,0,0,2079,0,3100,0,2999,2477,53,1.216,1,2047,0,270.484,8.751,-34.938,-268.000,10.813,-0.434,0.457,2.023,-1.965,8.527,8.262,0.126,0.302,1.079,1.362,3,NULL,NULL,,2,0,2,7,255,1125,250,0,0
pre_stim,12633,12633,0,12633,3209944.455,0.881,0.059,0.112,0.455,0,0,1885,0,3079,0,2983,2395,53,1.216,1,2047,0,292.002,9.903,-46.563,-287.938,13.750,-0.391,0.570,2.129,-0.930,9.859,8.441,0.152,0.330,1.079,1.362,3,NULL,NULL,,2,0,2,7,255,1125,250,0,0
pre_stim,12633,12633,0,12633,3209949.454,0.880,0.067,0.122,0.453,0,0,1705,0,3053,0,2962,2312,53,1.216,1,2047,0,313.569,10.807,-61.125,-306.688,23.063,-0.406,0.613,2.273,-0.227,10.805,9.238,0.180,0.366,1.079,1.362,3,NULL,NULL,,2,0,2,7,255,1125,250,0,0
pre_stim,12633,12633,0,12633,3209954.455,0.879,0.078,0.133,0.452,0,0,1583,0,3044,0,2941,2183,53,1.216,1,2047,0,338.697,11.990,-90.500,-325.563,23.125,-0.480,0.629,2.371,-0.227,11.988,10.277,0.216,0.406,1.079,1.362,3,NULL,NULL,,2,0,2,7,255,1125,250,0,0
pre_stim,12633,12633,0,12633,3209959.454,0.877,0.089,0.143,0.450,0,0,1483,0,3014,0,2901,2073,53,1.216,1,2047,0,363.001,13.473,-118.250,-342.875,14.938,-0.551,0.664,2.383,-0.859,13.445,10.277,0.256,0.450,1.079,1.362,3,NULL,NULL,,2,0,2,7,255,1125,250,0,0
pre_stim,12651,12651,0,12651,3209964.455,0.874,0.101,0.154,0.449,0,0,1417,0,2973,0,2855,1930,53,1.216,1,2047,0,382.672,14.873,-130.625,-359.688,0.250,-0.590,0.793,2.422,-0.859,14.848,10.043,0.300,0.498,1.079,1.362,3,NULL,NULL,,2,0,2,7,255,1125,250,0,0
pre_stim,12651,12651,0,12651,3209969.453,0.871,0.113,0.166,0.448,0,0,1306,0,2927,0,2787,1772,53,1.216,1,2047,0,396.848,16.591,-130.875,-374.313,-15.813,-0.582,0.828,2.559,-0.555,16.582,10.043,0.350,0.550,1.079,1.362,3,NULL,NULL,,2,0,2,7,255,1125,250,0,0
pre_stim,12651,12651,0,12651,3209974.455,0.867,0.126,0.179,0.448,0,0,1205,0,2860,0,2702,1647,53,1.216,1,2047,0,418.060,17.809,-137.750,-393.563,-30.125,-0.566,0.559,2.773,-0.555,17.801,10.355,0.406,0.610,1.079,1.362,3,NULL,NULL,,2,0,2,7,255,1125,250,0,0
pre_stim,12651,12651,0,12651,3209979.454,0.862,0.140,0.191,0.447,0,0,1125,0,2781,0,2571,1491,53,1.216,1,2047,0,445.218,18.133,-155.063,-416.688,-23.375,-0.684,0.422,2.859,-3.180,17.852,11.570,0.470,0.676,1.079,1.362,3,NULL,NULL,,2,0,2,7,255,1125,250,0,0
pre_stim,12651,12651,0,12651,3209984.455,0.857,0.155,0.204,0.446,0,0,939,0,2701,0,2397,1373,53,1.216,1,2047,0,467.223,19.757,-174.125,-432.688,-27.563,-0.840,0.465,2.828,-5.191,19.063,11.570,0.542,0.750,1.079,1.362,3,NULL,NULL,,2,0,2,7,255,1125,250,0,0
pre_stim,12651,12651,0,12651,3209989.453,0.851,0.170,0.218,0.447,0,0,796,0,2540,0,2169,1221,53,1.216,1,2047,0,479.131,21.215,-172.313,-443.063,-59.750,-0.785,0.305,2.781,-5.703,20.434,9.668,0.622,0.834,1.079,1.362,3,NULL,NULL,,2,0,2,7,255,1125,250,0,0
pre_stim,12704,12704,0,12704,3209994.455,0.844,0.184,0.232,0.447,0,0,611,0,2403,0,1880,1068,53,1.216,1,2047,0,484.759,21.515,-159.000,-450.125,-84.250,-0.563,0.008,2.758,-6.734,20.434,9.340,0.714,0.926,1.079,1.362,3,NULL,NULL,,2,0,2,7,255,1125,250,0,0
pre_stim,12704,12704,0,12704,3209999.454,0.837,0.198,0.246,0.446,0,0,481,0,2188,0,1579,905,53,1.216,1,2047,0,492.560,19.846,-158.750,-463.125,-54.125,-0.375,-0.266,2.574,-8.152,18.094,8.855,0.812,1.028,1.079,1.362,3,NULL,NULL,,2,0,2,7,255,1125,250,0,0
pre_stim,12704,12704,0,12704,3210004.455,0.831,0.214,0.261,0.444,0,0,294,0,1917,0,1145,807,53,1.216,1,2047,0,510.099,17.926,-163.000,-483.313,-6.375,-0.313,-0.406,2.188,-9.340,15.301,8.496,0.914,1.132,1.079,1.362,3,NULL,NULL,,2,0,2,7,255,1125,250,0,0
pre_stim,12704,12704,0,12704,3210009.454,0.824,0.228,0.276,0.440,0,0,93,0,1583,0,565,693,53,1.216,1,2047,0,518.983,15.976,-123.500,-504.063,3.438,-0.328,-0.570,1.816,-9.574,12.789,5.379,1.016,1.236,1.079,1.362,3,NULL,NULL,,2,0,2,7,255,1125,250,0,0
pre_stim,12704,12704,0,12704,3210014.455,0.817,0.241,0.293,0.434,0,0,42,0,1241,0,201,535,53,1.216,1,2047,0,517.964,14.178,-73.813,-512.375,17.625,-0.293,-0.313,1.598,-9.574,10.457,2.109,1.114,1.338,1.079,1.362,3,NULL,NULL,,2,0,2,7,255,1125,250,0,0
pre_stim,12704,12704,0,12704,3210019.454,0.811,0.252,0.309,0.428,0,0,14,0,857,0,0,441,53,1.216,1,2047,0,502.028,13.051,-42.125,-500.000,16.063,-0.191,0.270,1.750,-7.809,10.457,0.035,1.204,1.428,1.079,1.362,3,NULL,NULL,,2,0,2,7,255,1125,250,0,0
pre_stim,12704,12704,0,12704,3210024.455,0.805,0.263,0.325,0.420,0,0,0,0,419,0,0,358,53,1.216,1,2047,0,496.583,14.390,-30.063,-492.625,54.875,-0.383,0.590,2.035,-3.105,14.051,-0.195,1.282,1.510,1.079,1.362,3,NULL,NULL,,2,0,2,7,255,1125,250,0,0
pre_stim,12704,12704,0,12704,3210029.453,0.800,0.277,0.339,0.411,0,0,0,0,33,0,0,245,53,1.216,1,2047,0,519.068,19.059,-81.563,-495.250,132.313,-0.758,0.738,1.980,-2.727,18.863,-0.719,1.356,1.586,1.079,1.362,3,NULL,NULL,,2,0,2,7,255,1125,250,0,0
pre_stim,12704,12704,0,12704,3210034.455,0.794,0.293,0.352,0.400,0,0,0,0,0,0,0,119,53,1.216,1,2047,0,541.856,20.406,-121.938,-499.563,170.813,-1.242,0.512,1.688,-2.727,20.223,-4.973,1.428,1.660,1.079,1.362,4,NULL,NULL,,2,0,2,7,255,1125,250,0,0
pre_stim,12704,12704,0,12704,3210039.454,0.788,0.309,0.364,0.390,0,0,0,0,0,0,0,43,53,1.216,1,2047,0,538.681,20.945,-136.563,-495.750,160.500,-1.309,0.531,1.410,-5.453,20.223,-10.957,1.506,1.738,1.079,1.362,0,NULL,NULL,,2,0,2,7,255,1125,250,0,0
pre_stim,12725,12725,0,12725,3210044.455,0.780,0.324,0.376,0.381,0,0,0,0,0,0,0,42,53,1.216,1,2047,0,500.174,19.096,-154.750,-463.063,108.625,-0.973,1.035,1.258,-5.453,18.301,-13.938,1.588,1.824,1.079,1.362,0,NULL,NULL,,2,0,2,7,255,1125,250,0,0
pre_stim,12725,12725,0,12725,3210049.454,0.771,0.339,0.384,0.378,0,0,0,0,0,0,0,93,53,1.216,1,2047,0,464.395,18.064,-232.250,-399.875,42.688,-0.285,1.410,0.938,0.582,18.055,-13.938,1.676,1.914,1.079,1.362,0,NULL,NULL,,2,0,2,7,255,1125,250,0,0
pre_stim,12725,12725,0,12725,3210054.455,0.763,0.352,0.391,0.376,0,0,0,0,0,0,0,99,53,1.216,1,2047,0,393.370,15.225,-233.313,-316.375,14.563,0.164,0.645,0.832,3.504,14.816,-11.320,1.766,2.006,1.079,1.362,0,NULL,NULL,,2,0,2,7,255,1125,250,0,0
pre_stim,12725,12725,0,12725,3210059.454,0.757,0.363,0.395,0.373,0,0,0,0,0,0,0,117,53,1.216,1,2047,0,284.076,9.811,-156.563,-228.375,63.500,-0.117,-0.074,0.965,3.504,9.164,-6.668,1.850,2.092,1.079,1.362,0,NULL,NULL,,2,0,2,7,255,1125,250,0,0
pre_stim,12749,12749,0,12749,3210064.455,0.754,0.371,0.396,0.370,0,0,0,0,0,0,0,149,53,1.216,1,2047,0,224.725,10.010,-135.438,-156.250,88.000,-0.723,0.074,1.547,-4.027,9.164,-6.668,1.920,2.164,1.079,1.362,0,NULL,NULL,,2,0,2,7,255,1125,250,0,0
pre_stim,12749,12749,0,12749,3210069.453,0.750,0.380,0.394,0.371,0,0,0,0,0,0,0,152,53,1.216,1,2047,0,226.472,16.372,-213.438,-69.688,29.625,-0.891,0.215,1.461,-5.926,15.262,-10.094,1.976,2.224,1.079,1.362,0,NULL,NULL,,2,0,2,7,255,1125,250,0,0
pre_stim,12749,12749,0,12749,3210074.455,0.745,0.389,0.389,0.377,0,0,0,0,0,0,0,137,53,1.216,1,2047,0,286.310,16.372,-285.563,19.063,-8.000,-0.578,0.328,0.684,-5.926,15.262,-12.445,2.030,2.280,1.079,1.362,0,NULL,NULL,,2,0,2,7,255,1125,250,0,0
pre_stim,12749,12749,0,12749,3210079.454,0.742,0.396,0.381,0.383,0,0,0,0,0,0,0,94,53,1.216,1,2047,0,292.430,8.701,-276.750,93.500,13.500,-0.387,0.594,-0.043,-1.363,8.594,-13.145,2.088,2.340,1.079,1.362,0,NULL,NULL,,2,0,2,7,255,1125,250,0,0
pre_stim,12770,12770,0,12770,3210084.455,0.742,0.400,0.373,0.387,0,0,0,0,0,0,0,72,53,1.216,1,2047,0,244.416,4.461,-189.000,150.813,35.688,-0.523,0.648,-0.371,3.555,2.695,-15.074,2.148,2.402,1.079,1.362,0,NULL,NULL,,2,0,2,7,255,1125,250,0,0
pre_stim,12770,12770,0,12770,3210089.453,0.744,0.400,0.365,0.391,0,0,0,0,0,0,0,60,53,1.216,1,2047,0,212.778,4.304,-91.000,190.563,26.063,-0.707,0.414,-0.109,3.555,2.426,-17.500,2.206,2.462,1.079,1.362,0,NULL,NULL,,2,0,2,7,255,1125,250,0,0
pre_stim,12801,12801,0,12801,3210094.455,0.746,0.399,0.356,0.396,0,0,0,0,0,0,0,59,53,1.216,1,2047,0,228.682,2.535,-62.188,220.000,5.313,-0.672,0.211,0.277,0.734,2.426,-17.500,2.256,2.516,1.079,1.362,0,NULL,NULL,,2,0,2,7,255,1125,250,0,0
pre_stim,12801,12801,0,12801,3210099.454,0.749,0.397,0.347,0.402,0,0,0,0,0,0,0,55,53,1.216,1,2047,0,253.872,4.587,-81.313,240.375,7.688,-0.488,0.156,0.277,-1.301,4.398,-14.926,2.304,2.566,1.079,1.362,0,NULL,NULL,,2,0,2,7,255,1125,250,0,0
pre_stim,12801,12801,0,12801,3210104.455,0.751,0.396,0.337,0.407,0,0,0,0,0,0,0,53,53,1.216,1,2047,0,268.935,4.587,-87.625,251.813,35.188,-0.391,0.223,-0.004,-1.301,4.398,-13.727,2.352,2.614,1.079,1.362,0,NULL,NULL,,2,0,2,7,255,1125,250,0,0
pre_stim,12801,12801,0,12801,3210109.454,0.755,0.394,0.326,0.410,0,0,0,0,0,0,0,53,53,1.216,1,2047,0,270.943,1.958,-60.625,257.625,58.000,-0.445,0.313,-0.242,0.141,1.953,-13.727,2.398,2.664,1.079,1.362,0,NULL,NULL,,2,0,2,7,255,1125,250,0,0
pre_stim,12801,12801,0,12801,3210114.455,0.759,0.391,0.317,0.413,0,0,0,0,0,0,0,52,53,1.216,1,2047,0,268.834,1.176,-18.625,261.188,60.875,-0.504,0.352,-0.273,0.988,0.637,-15.512,2.440,2.706,1.079,1.362,0,NULL,NULL,,2,0,2,7,255,1125,250,0,0
pre_stim,12801,12801,0,12801,3210119.455,0.764,0.386,0.307,0.416,0,0,0,0,0,0,0,51,53,1.216,1,2047,0,270.565,1.176,14.000,264.000,57.563,-0.453,0.336,-0.164,0.988,0.637,-15.512,2.472,2.742,1.079,1.362,0,NULL,NULL,,2,0,2,7,255,1125,250,0,0
pre_stim,12823,12823,0,12823,3210124.455,0.769,0.381,0.298,0.418,0,0,0,0,0,0,0,50,53,1.216,1,2047,0,275.972,1.694,31.000,266.563,64.375,-0.379,0.309,-0.055,0.914,1.426,-15.281,2.496,2.768,1.079,1.362,0,NULL,NULL,,2,0,2,7,255,1125,250,0,0
pre_stim,12823,12823,0,12823,3210129.453,0.774,0.375,0.288,0.420,0,0,0,0,0,0,0,47,53,1.216,1,2047,0,282.263,2.239,42.250,268.250,77.000,-0.387,0.305,0.008,0.863,2.066,-14.051,2.512,2.788,1.079,1.362,0,NULL,NULL,,2,0,2,7,255,1125,250,0,0
pre_stim,12823,12823,0,12823,3210134.455,0.780,0.369,0.279,0.421,0,0,0,0,0,0,0,45,53,1.216,1,2047,0,286.998,2.734,56.000,269.063,82.688,-0.438,0.297,0.063,0.695,2.645,-13.727,2.526,2.802,1.079,1.362,0,NULL,NULL,,2,0,2,7,255,1125,250,0,0
pre_stim,12823,12823,0,12823,3210139.453,0.786,0.363,0.270,0.422,0,0,0,0,0,0,0,46,53,1.216,1,2047,0,289.614,3.408,70.688,269.313,79.688,-0.461,0.273,0.156,0.258,3.398,-13.723,2.534,2.814,1.079,1.362,0,NULL,NULL,,2,0,2,7,255,1125,250,0,0
pre_stim,12823,12823,0,12823,3210144.455,0.791,0.356,0.261,0.423,0,0,0,0,0,0,0,53,53,1.216,1,2047,0,291.539,4.265,81.188,270.000,74.188,-0.438,0.254,0.277,-0.156,4.262,-13.184,2.540,2.822,1.079,1.362,0,NULL,NULL,,2,0,2,7,255,1125,250,0,0
pre_stim,12823,12823,0,12823,3210149.454,0.797,0.348,0.252,0.424,0,0,0,0,0,0,0,43,53,1.216,1,2047,0,293.508,5.089,86.125,271.813,69.625,-0.402,0.234,0.402,-0.340,5.078,-12.137,2.546,2.830,1.079,1.362,0,NULL,NULL,,2,0,2,7,255,1125,250,0,0
pre_stim,12823,12823,0,12823,3210154.455,0.802,0.341,0.243,0.425,0,0,0,0,0,0,0,45,53,1.216,1,2047,0,296.005,5.865,87.313,275.250,65.063,-0.402,0.223,0.523,-0.453,5.848,-10.957,2.552,2.838,1.079,1.362,0,NULL,NULL,,2,0,2,7,255,1125,250,0,0
pre_stim,12823,12823,0,12823,3210159.454,0.807,0.333,0.234,0.427,0,0,0,0,0,0,0,44,53,1.216,1,2047,0,298.505,6.784,85.563,280.063,57.875,-0.430,0.211,0.645,-0.680,6.750,-9.996,2.560,2.848,1.079,1.362,0,NULL,NULL,,2,0,2,7,255,1125,250,0,0
pre_stim,12854,12854,0,12854,3210164.455,0.812,0.325,0.225,0.429,0,0,0,0,0,0,0,47,53,1.216,1,2047,0,301.174,7.811,80.375,286.563,46.125,-0.457,0.207,0.750,-0.973,7.750,-9.195,2.572,2.862,1.079,1.362,0,NULL,NULL,,2,0,2,7,255,1125,250,0,0
pre_stim,12854,12854,0,12854,3210169.454,0.816,0.317,0.215,0.432,0,0,0,0,0,0,0,45,53,1.216,1,2047,0,305.340,8.684,72.563,294.875,31.875,-0.449,0.199,0.828,-1.195,8.602,-8.426,2.588,2.880,1.079,1.362,0,NULL,NULL,,2,0,2,7,255,1125,250,0,0
pre_stim,12854,12854,0,12854,3210174.455,0.820,0.309,0.206,0.435,0,0,0,0,0,0,0,45,53,1.216,1,2047,0,311.930,9.125,63.938,304.750,18.438,-0.430,0.199,0.871,-1.195,9.047,-7.629,2.608,2.902,1.079,1.362,0,NULL,NULL,,2,0,2,7,255,1125,250,0,0
pre_stim,12854,12854,0,12854,3210179.453,0.824,0.301,0.195,0.439,0,0,0,0,0,0,0,41,53,1.216,1,2047,0,320.528,9.160,55.875,315.563,6.063,-0.406,0.207,0.883,-1.070,9.098,-6.949,2.634,2.930,1.079,1.362,0,NULL,NULL,,2,0,2,7,255,1125,250,0,0
pre_stim,12855,12855,0,12855,3210184.455,0.827,0.293,0.185,0.443,0,0,0,0,0,0,0,44,53,1.216,1,2047,0,330.047,9.132,50.313,326.125,-6.500,-0.383,0.207,0.871,-0.793,9.098,-6.520,2.664,2.964,1.079,1.362,0,NULL,NULL,,2,0,2,7,255,1125,250,0,0
pre_stim,12855,12855,0,12855,3210189.454,0.829,0.285,0.174,0.448,0,0,0,0,0,0,0,40,53,1.216,1,2047,0,340.151,8.773,48.188,336.188,-18.938,-0.336,0.188,0.828,-0.582,8.754,-6.234,2.698,3.002,1.079,1.362,0,NULL,NULL,,2,0,2,7,255,1125,250,0,0
pre_stim,12875,12875,0,12875,3210194.455,0.832,0.276,0.163,0.453,0,0,0,0,0,0,0,43,53,1.216,1,2047,0,349.931,8.051,50.375,345.000,-29.813,-0.234,0.172,0.770,-0.355,8.043,-5.992,2.738,3.042,1.079,1.362,0,NULL,NULL,,2,0,2,7,255,1125,250,0,0
pre_stim,12875,12875,0,12875,3210199.453,0.834,0.266,0.152,0.459,0,0,0,0,0,0,0,49,53,1.216,1,2047,0,358.666,6.841,57.188,352.313,-35.313,-0.109,0.113,0.684,0.129,6.840,-5.645,2.780,3.086,1.079,1.362,0,NULL,NULL,,2,0,2,7,255,1125,250,0,0
pre_stim,12906,12906,0,12906,3210204.455,0.836,0.256,0.141,0.464,0,0,0,0,0,0,0,46,53,1.216,1,2047,0,363.874,5.120,71.688,355.500,-29.750,-0.063,0.094,0.613,0.391,5.105,-5.484,2.824,3.132,1.079,1.362,0,NULL,NULL,,2,0,2,7,255,1125,250,0,0
pre_stim,12906,12906,0,12906,3210209.454,0.839,0.245,0.130,0.469,0,0,0,0,0,0,0,53,53,1.216,1,2047,0,367.958,4.461,92.688,355.188,-25.375,-0.070,0.164,0.621,0.531,4.430,-5.484,2.868,3.178,1.079,1.362,0,NULL,NULL,,2,0,2,7,255,1125,250,0,0
pre_stim,12906,12906,0,12906,3210214.455,0.841,0.234,0.120,0.473,0,0,0,0,0,0,0,51,53,1.216,1,2047,0,371.955,4.581,114.125,353.063,-25.938,-0.035,0.180,0.684,1.168,4.430,-5.484,2.908,3.222,1.079,1.362,0,NULL,NULL,,2,0,2,7,255,1125,250,0,0
pre_stim,12906,12906,0,12906,3210219.453,0.843,0.222,0.111,0.477,0,0,0,0,0,0,0,53,53,1.216,1,2047,0,373.527,4.677,132.375,348.625,-21.438,0.012,0.137,0.766,1.500,4.430,-4.785,2.946,3.262,1.079,1.362,0,NULL,NULL,,2,0,2,7,255,1125,250,0,0
pre_stim,12906,12906,0,12906,3210224.455,0.846,0.209,0.101,0.480,0,0,0,0,0,0,0,53,53,1.216,1,2047,0,374.252,4.378,147.813,343.563,-13.438,0.063,0.164,0.852,1.520,4.105,-3.637,2.978,3.296,1.079,1.362,0,NULL,NULL,,2,0,2,7,255,1125,250,0,0
pre_stim,12906,12906,0,12906,3210229.454,0.848,0.196,0.092,0.483,0,0,0,0,0,0,0,55,53,1.216,1,2047,0,376.504,4.591,163.438,339.125,-6.125,0.055,0.203,0.895,2.055,4.105,-2.656,3.006,3.326,1.079,1.362,0,NULL,NULL,,2,0,2,7,255,1125,250,0,0
pre_stim,12906,12906,0,12906,3210234.455,0.851,0.182,0.084,0.486,0,0,0,0,0,0,0,55,53,1.216,1,2047,0,379.779,4.856,180.188,334.313,0.250,0.047,0.195,1.043,2.418,4.211,-2.285,3.030,3.352,1.079,1.362,0,NULL,NULL,,2,0,2,7,255,1125,250,0,0
pre_stim,12906,12906,0,12906,3210239.453,0.853,0.168,0.076,0.488,0,0,0,0,0,0,0,55,53,1.216,1,2047,0,380.416,5.167,188.625,330.313,5.500,0.027,0.164,1.172,2.418,4.566,-0.820,3.052,3.378,1.079,1.362,0,NULL,NULL,,2,0,2,7,255,1125,250,0,0
pre_stim,12933,12933,0,12933,3210244.455,0.856,0.154,0.067,0.489,0,0,0,0,0,0,0,53,53,1.216,1,2047,0,380.261,5.109,194.688,326.313,14.688,0.027,0.117,1.301,2.137,4.641,0.500,3.076,3.402,1.079,1.362,0,NULL,NULL,,2,0,2,7,255,1125,250,0,0
pre_stim,12933,12933,0,12933,3210249.454,0.858,0.139,0.059,0.490,0,0,0,0,0,0,0,59,53,1.216,1,2047,0,379.076,5.230,194.938,324.500,19.938,-0.047,0.207,1.422,2.137,4.773,1.953,3.098,3.426,1.079,1.362,0,NULL,NULL,,2,0,2,7,255,1125,250,0,0
pre_stim,12933,12933,0,12933,3210254.455,0.860,0.125,0.051,0.492,0,0,0,0,0,0,0,61,53,1.216,1,2047,0,377.246,6.059,193.875,323.313,14.000,-0.105,0.246,1.551,2.262,5.621,2.887,3.118,3.450,1.079,1.362,0,NULL,NULL,,2,0,2,7,255,1125,250,0,0
pre_stim,12933,12933,0,12933,3210259.454,0.862,0.111,0.043,0.493,0,0,0,0,0,0,0,57,53,1.216,1,2047,0,373.391,6.325,186.125,323.563,9.250,-0.102,0.219,1.676,2.273,5.902,4.059,3.142,3.474,1.079,1.362,0,NULL,NULL,,2,0,2,7,255,1125,250,0,0
pre_stim,12933,12933,0,12933,3210264.455,0.863,0.098,0.035,0.494,0,0,0,0,0,0,0,61,53,1.216,1,2047,0,369.229,6.325,176.625,324.125,8.750,-0.109,0.188,1.801,2.273,5.902,5.500,3.166,3.500,1.079,1.362,0,NULL,NULL,,2,0,2,7,255,1125,250,0,0
pre_stim,12933,12933,0,12933,3210269.453,0.864,0.085,0.026,0.496,0,0,0,0,0,0,0,61,53,1.216,1,2047,0,362.791,5.954,162.063,324.500,7.250,-0.141,0.188,1.910,2.070,5.582,6.926,3.192,3.528,1.079,1.362,0,NULL,NULL,,2,0,2,7,255,1125,250,0,0
pre_stim,12957,12957,0,12957,3210274.455,0.865,0.072,0.017,0.497,0,0,0,0,0,0,0,61,53,1.216,1,2047,0,354.538,5.848,142.938,324.438,2.500,-0.152,0.172,1.945,2.020,5.488,8.105,3.218,3.556,1.079,1.362,0,NULL,NULL,,2,0,2,7,255,1125,250,0,0
pre_stim,12957,12957,0,12957,3210279.454,0.865,0.060,0.008,0.498,0,0,0,0,0,0,0,69,53,1.216,1,2047,0,348.097,5.393,127.563,323.875,-2.000,-0.121,0.137,1.902,1.941,5.031,8.379,3.244,3.586,1.079,1.362,0,NULL,NULL,,2,0,2,7,255,1125,250,0,0
pre_stim,12957,12957,0,12957,3210284.455,0.865,0.048,-0.002,0.499,0,0,0,0,0,0,0,59,53,1.216,1,2047,0,345.696,4.376,123.125,323.000,-4.125,-0.094,0.086,1.836,1.844,3.969,8.379,3.272,3.616,1.079,1.362,0,NULL,NULL,,2,0,2,7,255,1125,250,0,0
pre_stim,12957,12957,0,12957,3210289.453,0.865,0.036,-0.011,0.501,0,0,0,0,0,0,0,61,53,1.216,1,2047,0,345.792,3.285,127.313,321.438,-6.438,-0.086,0.020,1.813,1.582,2.879,7.906,3.300,3.646,1.079,1.362,0,NULL,NULL,,2,0,2,7,255,1125,250,0,0
pre_stim,13003,13003,0,13003,3210294.455,0.864,0.024,-0.020,0.502,0,0,0,0,0,0,0,58,53,1.216,1,2047,0,346.880,2.231,133.500,320.000,-10.188,-0.070,-0.047,1.813,1.133,1.922,7.906,3.326,3.674,1.079,1.362,0,NULL,NULL,,2,0,2,7,255,1125,250,0,0
pre_stim,13003,13003,0,13003,3210299.454,0.864,0.012,-0.029,0.503,0,0,0,0,0,0,0,59,53,1.216,1,2047,0,349.341,1.195,142.063,318.813,-14.688,-0.039,-0.098,1.789,0.727,0.949,7.840,3.350,3.700,1.079,1.362,0,NULL,NULL,,2,0,2,7,255,1125,250,0,0
pre_stim,13003,13003,0,13003,3210304.455,0.863,-0.001,-0.038,0.505,0,0,0,0,0,0,0,62,53,1.216,1,2047,0,355.182,0.470,158.000,317.563,-18.563,0.004,-0.156,1.777,0.461,-0.090,7.742,3.370,3.722,1.079,1.362,0,NULL,NULL,,2,0,2,7,255,1125,250,0,0
pre_stim,13003,13003,0,13003,3210309.454,0.861,-0.015,-0.045,0.506,0,0,0,0,0,0,0,57,53,1.216,1,2047,0,364.942,1.290,180.563,316.313,-22.938,0.070,-0.223,1.816,0.207,-1.273,7.742,3.388,3.742,1.079,1.362,0,NULL,NULL,,2,0,2,7,255,1125,250,0,0
pre_stim,13003,13003,0,13003,3210314.455,0.859,-0.029,-0.053,0.508,0,0,0,0,0,0,0,57,53,1.216,1,2047,0,376.515,2.739,205.000,314.625,-27.375,0.176,-0.277,1.926,0.039,-2.738,7.953,3.400,3.756,1.079,1.362,0,NULL,NULL,,2,0,2,7,255,1125,250,0,0
pre_stim,13003,13003,0,13003,3210319.454,0.857,-0.044,-0.059,0.509,0,0,0,0,0,0,0,55,53,1.216,1,2047,0,388.920,4.563,228.000,313.438,-32.125,0.348,-0.254,2.078,0.039,-4.563,8.813,3.408,3.766,1.079,1.362,0,NULL,NULL,,2,0,2,7,255,1125,250,0,0
pre_stim,13003,13003,0,13003,3210324.455,0.855,-0.060,-0.065,0.511,0,0,0,0,0,0,0,57,53,1.216,1,2047,0,401.476,6.774,248.625,313.188,-35.813,0.555,-0.188,2.270,1.055,-6.691,9.887,3.412,3.772,1.079,1.362,0,NULL,NULL,,2,0,2,7,255,1125,250,0,0
pre_stim,13003,13003,0,13003,3210329.453,0.852,-0.077,-0.071,0.513,0,0,0,0,0,0,0,55,53,1.216,1,2047,0,410.719,9.478,262.750,313.625,-35.938,0.750,-0.137,2.469,2.578,-9.121,11.137,3.410,3.772,1.079,1.362,0,NULL,NULL,,2,0,2,7,255,1125,250,0,0
pre_stim,13003,13003,0,13003,3210334.455,0.849,-0.094,-0.077,0.514,0,0,0,0,0,0,0,55,53,1.216,1,2047,0,414.669,12.271,268.563,314.313,-32.125,0.918,-0.168,2.641,3.859,-11.648,12.359,3.398,3.762,1.079,1.362,0,NULL,NULL,,2,0,2,7,255,1125,250,0,0
pre_stim,13003,13003,0,13003,3210339.454,0.846,-0.111,-0.083,0.515,0,0,0,0,0,0,0,55,53,1.216,1,2047,0,413.331,14.980,266.625,314.688,-26.938,1.043,-0.191,2.781,4.227,-14.371,13.246,3.378,3.744,1.079,1.362,0,NULL,NULL,,2,0,2,7,255,1125,250,0,0
pre_stim,13026,13026,0,13026,3210344.455,0.843,-0.127,-0.089,0.515,0,0,0,0,0,0,0,58,53,1.216,1,2047,0,410.071,17.279,263.625,313.313,-22.250,1.160,-0.152,2.914,4.395,-16.711,13.758,3.348,3.716,1.079,1.362,0,NULL,NULL,,2,0,2,7,255,1125,250,0,0
pre_stim,13026,13026,0,13026,3210349.454,0.839,-0.143,-0.095,0.516,0,0,0,0,0,0,0,61,53,1.216,1,2047,0,403.211,19.377,254.813,311.688,-22.375,1.273,-0.090,3.027,5.066,-18.703,14.133,3.306,3.676,1.079,1.362,0,NULL,NULL,,2,0,2,7,255,1125,250,0,0
pre_stim,13026,13026,0,13026,3210354.455,0.836,-0.159,-0.101,0.516,0,0,0,0,0,0,0,69,53,1.216,1,2047,0,389.296,21.398,235.563,309.125,-22.438,1.371,-0.094,3.094,5.922,-20.563,14.133,3.252,3.624,1.079,1.362,0,NULL,NULL,,2,0,2,7,255,1125,250,0,0
pre_stim,13026,13026,0,13026,3210359.454,0.832,-0.173,-0.107,0.516,0,0,0,0,0,0,0,72,53,1.216,1,2047,0,366.495,23.274,202.813,304.688,-18.750,1.398,-0.086,3.090,6.098,-22.461,13.918,3.188,3.562,1.079,1.362,0,NULL,NULL,,2,0,2,7,255,1125,250,0,0
pre_stim,13048,13048,0,13048,3210364.455,0.829,-0.186,-0.115,0.515,0,0,0,0,0,0,0,70,53,1.216,1,2047,0,342.447,24.162,168.938,297.313,-18.313,1.461,0.074,3.070,6.133,-23.371,13.086,3.114,3.490,1.079,1.362,0,NULL,NULL,,2,0,2,7,255,1125,250,0,0
pre_stim,13048,13048,0,13048,3210369.453,0.826,-0.197,-0.122,0.515,0,0,0,0,0,0,0,84,53,1.216,1,2047,0,320.133,25.057,136.375,288.313,-27.625,1.688,0.242,3.055,7.727,-23.836,12.246,3.028,3.406,1.079,1.362,0,NULL,NULL,,2,0,2,7,255,1125,250,0,0
pre_stim,13048,13048,0,13048,3210374.455,0.822,-0.206,-0.130,0.514,0,0,0,0,0,0,0,103,53,1.216,1,2047,0,293.960,27.447,93.250,277.125,-30.313,2.031,0.164,2.926,10.164,-25.496,10.793,2.934,3.312,1.079,1.362,0,NULL,NULL,,2,0,2,7,255,1125,250,0,0
pre_stim,13048,13048,0,13048,3210379.453,0.820,-0.213,-0.139,0.513,0,0,0,0,0,0,0,141,53,1.216,1,2047,0,266.704,30.291,44.875,262.625,-12.063,2.355,-0.051,2.582,10.477,-28.422,7.422,2.832,3.212,1.079,1.362,0,NULL,NULL,,2,0,2,7,255,1125,250,0,0
pre_stim,13070,13070,0,13070,3210384.455,0.818,-0.219,-0.147,0.510,0,0,0,0,0,0,0,147,53,1.216,1,2047,0,246.003,32.216,10.188,245.250,16.313,2.633,-0.195,2.051,10.477,-30.465,1.969,2.724,3.106,1.079,1.362,0,NULL,NULL,,2,0,2,7,255,1125,250,0,0
pre_stim,13070,13070,0,13070,3210389.454,0.818,-0.225,-0.155,0.507,0,0,0,0,0,0,0,168,53,1.216,1,2047,0,230.645,32.254,6.000,226.813,41.438,2.922,-0.316,1.480,10.457,-30.512,-4.770,2.610,2.992,1.079,1.362,0,NULL,NULL,,2,0,2,7,255,1125,250,0,0
pre_stim,13101,13101,0,13101,3210394.455,0.817,-0.231,-0.161,0.503,0,0,0,0,0,0,0,191,53,1.216,1,2047,0,223.284,32.224,34.125,210.500,66.188,3.184,-0.453,0.992,10.363,-30.512,-11.758,2.486,2.868,1.079,1.362,0,NULL,NULL,,2,0,2,7,255,1125,250,0,0
pre_stim,13101,13101,0,13101,3210399.453,0.817,-0.239,-0.165,0.498,0,0,0,0,0,0,0,211,53,1.216,1,2047,0,221.019,32.206,77.750,185.000,92.625,3.438,-0.918,0.684,10.309,-30.512,-17.922,2.356,2.738,1.079,1.362,0,NULL,NULL,,2,0,2,7,255,1125,250,0,0
pre_stim,13101,13101,0,13101,3210404.455,0.817,-0.248,-0.167,0.493,0,0,0,0,0,0,0,220,53,1.216,1,2047,0,246.815,32.990,123.688,163.125,137.875,3.566,-1.316,0.496,7.402,-32.148,-23.145,2.220,2.602,1.079,1.362,0,NULL,NULL,,2,0,2,7,255,1125,250,0,0
pre_stim,13101,13101,0,13101,3210409.454,0.818,-0.259,-0.167,0.486,0,0,0,0,0,0,0,216,53,1.216,1,2047,0,295.683,32.659,187.688,139.188,181.188,3.469,-1.453,0.406,4.797,-32.305,-26.676,2.082,2.464,1.079,1.362,0,NULL,NULL,,2,0,2,7,255,1125,250,0,0
pre_stim,13101,13101,0,13101,3210414.455,0.818,-0.272,-0.163,0.480,0,0,0,0,0,0,0,200,53,1.216,1,2047,0,343.220,33.111,252.875,113.125,202.625,3.355,-1.633,0.586,3.609,-32.914,-26.750,1.944,2.324,1.079,1.362,0,NULL,NULL,,2,0,2,7,255,1125,250,0,0
pre_stim,13101,13101,0,13101,3210419.453,0.818,-0.286,-0.158,0.473,0,0,0,0,0,0,0,197,53,1.216,1,2047,0,378.697,32.985,299.313,87.938,214.688,2.992,-1.727,1.047,2.164,-32.914,-26.750,1.804,2.182,1.079,1.362,0,NULL,NULL,,2,0,2,7,255,1125,250,0,0
pre_stim,13123,13123,0,13123,3210424.455,0.818,-0.299,-0.151,0.467,0,0,0,0,0,0,0,181,53,1.216,1,2047,0,358.617,33.239,299.563,56.938,188.750,2.660,-1.797,1.793,0.191,-33.238,-22.152,1.658,2.036,1.079,1.362,0,NULL,NULL,,2,0,2,7,255,1125,250,0,0
pre_stim,13123,13123,0,13123,3210429.454,0.817,-0.311,-0.145,0.463,0,0,0,0,0,0,0,173,53,1.216,1,2047,0,332.224,34.206,284.438,26.375,169.625,2.207,-1.625,2.156,-1.773,-34.160,-15.484,1.510,1.884,1.079,1.362,0,NULL,NULL,,2,0,2,7,255,1125,250,0,0
pre_stim,13123,13123,0,13123,3210434.455,0.816,-0.321,-0.138,0.461,0,0,0,0,0,0,0,181,53,1.216,1,2047,0,279.058,34.206,258.125,-13.438,105.188,1.785,-0.832,3.082,-1.773,-34.160,-10.344,1.358,1.730,1.079,1.362,0,NULL,NULL,,2,0,2,7,255,1125,250,0,0
pre_stim,13123,13123,0,13123,3210439.453,0.817,-0.326,-0.131,0.458,0,0,0,0,0,0,0,263,53,1.216,1,2047,0,210.654,34.178,157.688,-45.125,132.188,2.473,-0.910,3.758,1.109,-34.160,1.246,1.202,1.570,1.079,1.362,0,NULL,NULL,,2,0,2,7,255,1125,250,0,0
pre_stim,13123,13123,0,13123,3210444.455,0.821,-0.334,-0.117,0.449,0,0,0,261,0,0,0,311,53,1.216,1,2047,0,428.596,43.237,228.625,-145.750,331.938,0.766,-1.473,5.543,1.109,-43.223,2.457,1.042,1.406,1.079,1.362,0,NULL,NULL,,2,0,2,7,255,1125,250,0,0
pre_stim,13123,13123,0,13123,3210449.454,0.826,-0.343,-0.094,0.438,403,0,0,817,0,17,0,339,53,1.216,1,2047,0,619.914,45.584,334.813,-269.563,446.688,0.219,1.441,9.055,1.840,-45.547,21.949,0.882,1.240,1.079,1.362,0,NULL,NULL,,2,0,2,7,255,1125,250,0,0
pre_stim,13123,13123,0,13123,3210454.455,0.841,-0.312,-0.104,0.429,887,0,0,1246,0,229,0,379,53,1.216,1,2047,0,846.184,45.584,-822.563,-83.375,180.188,-1.703,2.168,4.969,1.840,-45.547,45.145,0.724,1.070,1.079,1.362,0,NULL,NULL,,2,0,2,7,255,1125,250,0,0
pre_stim,13123,13123,0,13123,3210459.454,0.859,-0.266,-0.120,0.421,1351,0,0,1571,0,443,0,422,53,1.216,1,2047,0,1202.648,9.272,-1191.125,-134.000,98.125,-0.715,4.328,-0.516,3.250,-8.684,45.145,0.576,0.902,1.079,1.362,0,NULL,NULL,,2,0,2,7,255,1125,250,0,0
pre_stim,13148,13148,0,13148,3210464.455,0.870,-0.237,-0.128,0.414,1675,0,0,1765,0,559,0,461,53,1.216,1,2048,0,750.868,31.362,-733.813,-121.875,102.313,-1.133,2.520,-2.820,10.785,29.449,2.941,0.446,0.732,1.079,1.362,1,1118.000,-7.000,,2,0,2,7,255,1125,250,0,0
pre_stim,13148,13148,0,13148,3210469.453,0.874,-0.224,-0.127,0.411,1913,0,0,1871,0,773,0,499,53,1.216,1,2048,0,313.200,31.362,-269.938,-144.500,65.938,-1.488,-0.281,-1.934,10.785,29.449,-21.203,0.366,0.568,1.079,1.362,1,NULL,NULL,,2,0,2,7,255,1125,250,0,0
pre_stim,13148,13148,0,13148,3210474.455,0.876,-0.223,-0.120,0.411,2091,0,0,1957,0,884,0,557,53,1.216,1,2048,0,172.400,19.452,30.813,-165.313,38.000,-0.652,-0.703,0.398,-9.262,17.105,-21.203,0.364,0.440,1.079,1.362,1,NULL,NULL,,2,0,2,7,255,1125,250,0,0
pre_stim,13148,13148,0,13148,3210479.454,0.878,-0.221,-0.113,0.410,2194,0,0,2035,0,997,0,609,53,1.216,1,2048,0,160.470,9.324,20.500,-141.938,72.000,0.063,1.379,1.863,-9.262,-1.078,-5.699,0.398,0.380,1.079,1.362,1,NULL,NULL,,2,0,2,7,255,1125,250,0,0
pre_stim,13168,13168,0,13168,3210484.455,0.881,-0.215,-0.110,0.407,2325,0,0,2086,0,1164,0,691,53,1.216,1,2048,0,188.417,11.504,-113.063,-119.438,91.938,-0.188,2.480,2.227,11.453,-1.078,9.742,0.422,0.380,1.079,1.362,1,NULL,NULL,,2,0,2,7,255,1125,250,0,0
pre_stim,13168,13168,0,13168,3210489.453,0.885,-0.202,-0.111,0.405,2488,0,0,2263,0,1304,0,746,53,1.216,1,2048,0,314.965,12.798,-294.500,-107.750,29.375,-0.629,1.566,1.777,11.453,5.711,11.789,0.426,0.408,1.079,1.362,1,NULL,NULL,,2,0,2,7,255,1125,250,0,0
pre_stim,13168,13168,0,13168,3210494.455,0.888,-0.186,-0.114,0.406,2647,0,0,2467,0,1335,0,783,53,1.216,1,2048,0,394.718,10.279,-378.250,-102.938,-46.188,-0.750,0.223,0.465,8.547,5.711,11.789,0.418,0.436,1.079,1.362,2,NULL,NULL,,2,0,2,7,255,1125,250,0,0
pre_stim,13168,13168,0,13168,3210499.454,0.892,-0.170,-0.113,0.404,2748,0,0,2611,0,1356,0,919,53,1.216,1,2048,0,367.385,5.251,-331.188,-156.125,30.188,-1.277,-1.430,-0.430,-2.820,4.430,-2.621,0.416,0.456,1.079,1.362,2,NULL,NULL,,2,0,2,7,255,1125,250,0,0
pre_stim,13206,13206,0,13206,3210504.455,0.894,-0.158,-0.111,0.405,2831,0,0,2720,0,1397,0,1023,53,1.216,1,2048,0,276.493,19.236,-220.438,-163.375,-34.125,-1.281,-1.566,-0.391,-19.195,1.246,-11.813,0.432,0.482,1.079,1.362,2,NULL,NULL,,2,0,2,7,255,1125,250,0,0
pre_stim,13206,13206,0,13206,3210509.454,0.893,-0.152,-0.106,0.410,2900,0,0,2812,0,1439,0,1155,53,1.216,1,2048,0,220.045,19.196,-63.063,-174.188,-118.750,-0.672,-0.898,0.219,-19.195,0.211,-11.813,0.450,0.510,1.079,1.362,2,NULL,NULL,,2,0,2,7,255,1125,250,0,0
pre_stim,13206,13206,0,13206,3210514.455,0.891,-0.149,-0.099,0.417,2941,0,0,2887,0,1469,0,1251,53,1.216,1,2048,0,216.345,10.983,17.688,-170.688,-131.750,0.184,-0.488,1.137,-10.848,-1.719,-7.117,0.434,0.522,1.079,1.362,2,NULL,NULL,,2,0,2,7,255,1125,250,0,0
pre_stim,13206,13206,0,13206,3210519.454,0.890,-0.146,-0.094,0.421,2979,0,0,2937,0,1517,0,1319,53,1.216,1,2048,0,177.632,8.190,-15.813,-150.125,-93.625,0.645,-0.875,1.902,-1.789,-7.992,-0.629,0.390,0.524,1.079,1.362,2,NULL,NULL,,2,0,2,7,255,1125,250,0,0
pre_stim,13206,13206,0,13206,3210524.455,0.891,-0.138,-0.091,0.422,3012,0,0,2985,0,1605,0,1343,53,1.216,1,2048,0,187.146,15.960,-113.250,-147.375,-21.875,0.875,-1.090,1.758,-1.789,-15.859,2.645,0.342,0.518,1.079,1.362,2,NULL,NULL,,2,0,2,7,255,1125,250,0,0
pre_stim,13206,13206,0,13206,3210529.453,0.894,-0.129,-0.088,0.419,3021,0,0,3027,0,1711,0,1353,53,1.216,1,2048,0,229.617,15.961,-173.125,-134.000,69.250,0.727,-1.012,1.215,-1.797,-15.859,2.645,0.300,0.502,1.079,1.362,2,NULL,NULL,,2,0,2,7,255,1125,250,0,0
pre_stim,13206,13206,0,13206,3210534.455,0.898,-0.121,-0.086,0.414,3031,0,0,3051,0,1821,0,1381,53,1.216,1,2048,0,245.994,15.033,-173.000,-124.688,122.625,0.129,-1.004,0.832,-2.352,-14.848,-1.598,0.264,0.462,1.079,1.362,2,NULL,NULL,,2,0,2,7,255,1125,250,0,0
pre_stim,13206,13206,0,13206,3210539.454,0.901,-0.114,-0.083,0.409,3051,0,0,3083,0,1915,0,1413,53,1.216,1,2048,0,219.928,11.278,-132.313,-121.313,127.063,-0.293,-0.762,0.508,-6.156,-9.449,-3.441,0.244,0.404,1.079,1.362,2,NULL,NULL,,2,0,2,7,255,1125,250,0,0
pre_stim,13232,13232,1,13232,3210544.455,0.904,-0.110,-0.079,0.406,3063,0,0,3095,0,2004,2,1487,53,1.216,1,2048,0,166.484,7.406,-57.250,-121.750,98.063,-0.402,-0.215,0.602,-6.156,-4.117,-3.441,0.244,0.332,1.079,1.362,2,NULL,NULL,,2,1,2,7,255,1125,250,0,0
pre_stim,13232,13232,1,13232,3210549.454,0.906,-0.108,-0.074,0.404,3054,0,0,3111,51,2148,31,1655,53,1.216,1,2048,0,135.573,3.805,-11.875,-119.125,63.625,-0.340,0.234,0.988,-3.805,-0.051,-3.406,0.264,0.262,1.079,1.362,2,NULL,NULL,,2,1,2,7,255,1125,250,0,0
pre_stim,13232,13232,1,13232,3210554.455,0.907,-0.106,-0.070,0.402,3053,0,0,3117,279,2201,189,1775,53,1.216,1,2048,0,119.557,0.103,-17.500,-112.188,37.438,-0.180,0.355,1.625,0.090,-0.051,0.543,0.288,0.208,1.079,1.362,2,NULL,NULL,,2,1,2,7,255,1125,250,0,0
pre_stim,13232,13232,1,13232,3210559.454,0.906,-0.103,-0.068,0.404,3064,0,0,3127,549,2250,169,1912,53,1.216,1,2048,0,80.942,2.367,-39.938,-59.188,-38.125,0.047,0.203,2.164,2.363,-0.141,6.402,0.298,0.184,1.079,1.362,2,NULL,NULL,,2,1,2,7,255,1125,250,0,0
pre_stim,13250,13250,1,13250,3210564.455,0.906,-0.098,-0.068,0.406,3064,0,0,3135,843,2283,179,1981,53,1.216,1,2048,0,132.943,4.846,-104.125,-46.625,-68.250,0.496,0.340,1.168,3.051,-3.766,6.402,0.300,0.180,1.079,1.362,2,NULL,NULL,,2,1,2,7,255,1125,250,0,0
pre_stim,13250,13250,1,13250,3210569.453,0.905,-0.095,-0.068,0.408,3065,0,0,3142,1010,2315,201,2041,53,1.216,1,2048,0,71.587,7.431,-42.938,-41.063,-39.938,0.625,0.535,0.797,6.406,-3.766,0.645,0.300,0.178,1.079,1.362,2,NULL,NULL,,2,1,2,7,255,1125,250,0,0
pre_stim,13250,13250,1,13250,3210574.455,0.906,-0.094,-0.067,0.408,3067,0,0,3144,1117,2343,232,2107,53,1.216,1,2048,0,26.307,7.451,-13.875,-21.813,4.875,0.113,-0.281,1.258,6.406,-3.805,0.645,0.310,0.170,1.079,1.362,2,NULL,NULL,,2,1,2,7,255,1125,250,0,0
pre_stim,13250,13250,1,13250,3210579.453,0.906,-0.091,-0.067,0.407,3069,0,0,3149,1207,2357,253,2163,53,1.216,1,2048,0,76.517,3.034,-73.375,-20.563,6.938,-0.402,-0.508,1.281,-0.590,-2.977,1.762,0.328,0.152,1.079,1.362,2,NULL,NULL,,2,1,2,7,255,1125,250,0,0
pre_stim,13250,13250,1,13250,3210584.455,0.906,-0.087,-0.069,0.410,3067,24,0,3147,1339,2375,237,2211,53,1.216,1,2048,0,98.239,3.586,-79.000,-14.750,-56.500,-0.395,-0.004,0.863,-2.000,-2.977,1.762,0.354,0.128,1.079,1.362,2,NULL,NULL,,2,1,2,7,255,1125,250,0,0
pre_stim,13250,13250,1,13250,3210589.453,0.904,-0.086,-0.069,0.413,3069,38,0,3151,1432,2390,255,2247,53,1.216,1,2048,0,104.663,2.000,-26.625,-12.563,-100.438,0.020,0.277,0.832,-2.000,-0.004,-0.762,0.382,0.106,1.079,1.362,2,NULL,NULL,,2,1,2,7,255,1125,250,0,0
pre_stim,13303,13303,1,13303,3210594.455,0.903,-0.085,-0.069,0.416,3077,55,0,3159,1501,2401,265,2279,53,1.216,1,2048,0,71.583,2.563,-13.188,-9.688,-69.688,0.297,-0.012,1.117,2.563,-0.004,-0.762,0.406,0.084,1.079,1.362,2,NULL,NULL,,2,1,2,7,255,1125,250,0,0
pre_stim,13303,13303,1,13303,3210599.453,0.903,-0.083,-0.070,0.417,3079,70,0,3160,1567,2415,297,2303,53,1.216,1,2048,0,49.404,5.070,-46.938,-8.188,-13.063,0.059,-0.340,1.133,2.563,-4.375,0.328,0.424,0.068,1.079,1.362,2,NULL,NULL,,2,1,2,7,255,1125,250,0,0
pre_stim,13303,13303,1,13303,3210604.455,0.903,-0.080,-0.070,0.416,3080,105,0,3161,1607,2427,328,2331,53,1.216,1,2048,0,62.026,4.577,-61.750,-5.813,-0.625,-0.234,-0.215,0.895,-1.344,-4.375,0.328,0.432,0.062,1.079,1.362,2,NULL,NULL,,2,1,2,7,255,1125,250,0,0
pre_stim,13303,13303,1,13303,3210609.454,0.902,-0.078,-0.071,0.418,3080,123,0,3163,1663,2439,317,2347,53,1.216,1,2048,0,51.561,1.898,-38.375,-5.063,-34.063,-0.246,-0.031,0.770,-1.344,-1.340,-0.887,0.440,0.056,1.079,1.362,2,NULL,NULL,,2,1,2,7,255,1125,250,0,0
pre_stim,13303,13303,1,13303,3210614.455,0.902,-0.077,-0.071,0.419,3087,140,33,3167,1719,2450,329,2364,53,1.216,1,2048,0,48.686,1.816,-12.250,-5.375,-46.813,0.004,-0.098,0.910,-1.227,-1.340,-1.113,0.452,0.048,1.079,1.362,2,NULL,NULL,,2,1,2,7,255,1125,250,0,0
pre_stim,13303,13303,1,13303,3210619.453,0.901,-0.077,-0.071,0.420,3089,169,101,3162,1765,2460,313,2377,53,1.216,1,2048,0,23.471,2.355,-13.438,-3.750,-18.875,0.117,-0.250,1.031,-0.355,-2.328,-1.113,0.462,0.040,1.079,1.362,2,NULL,NULL,,2,1,2,7,255,1125,250,0,0
pre_stim,13303,13303,1,13303,3210624.455,0.902,-0.075,-0.071,0.420,3093,180,181,3173,1816,2467,315,2391,53,1.216,1,2048,0,26.721,2.337,-22.625,-4.063,13.625,-0.047,-0.094,1.008,-0.207,-2.328,-0.262,0.472,0.032,1.079,1.362,2,NULL,NULL,,2,1,2,7,255,1125,250,0,0
pre_stim,13303,13303,1,13303,3210629.454,0.902,-0.075,-0.072,0.419,3096,175,239,3171,1853,2469,309,2404,53,1.216,1,2048,0,18.034,2.077,-16.813,-2.250,6.125,-0.234,0.082,0.941,-0.207,-2.066,-0.262,0.478,0.026,1.079,1.362,2,NULL,NULL,,2,1,2,7,255,1125,250,0,0
pre_stim,13303,13303,1,13303,3210634.455,0.902,-0.075,-0.072,0.420,3097,185,276,3176,1876,2477,312,2411,53,1.216,1,2048,0,15.102,0.086,-5.875,-2.813,-13.625,-0.164,0.090,0.992,-0.086,0.004,-0.102,0.486,0.018,1.079,1.362,2,NULL,NULL,,2,1,2,7,255,1125,250,0,0
pre_stim,13324,13324,1,13324,3210639.453,0.901,-0.074,-0.072,0.420,3089,186,304,3177,1882,2488,311,2411,53,1.194,1,2048,1,14.904,0.258,-3.313,-2.125,-14.375,-0.047,-0.043,1.051,0.258,0.004,0.074,0.000,0.000,1.031,1.337,2,NULL,NULL,,2,1,2,7,255,1125,250,0,0
pre_stim,13324,13324,1,13324,3210644.455,0.901,-0.074,-0.072,0.420,3095,190,327,3176,1893,2486,307,2412,53,1.194,1,2048,1,8.777,1.804,-8.688,-0.750,-1.000,-0.039,-0.066,1.035,0.258,-1.785,0.168,0.008,0.006,1.031,1.337,2,NULL,NULL,,2,1,2,7,255,1125,250,0,0
pre_stim,13324,13324,1,13324,3210649.454,0.902,-0.073,-0.072,0.420,3097,191,364,3172,1903,2487,295,2421,53,1.194,1,2048,1,12.741,1.804,-8.125,-1.125,9.750,-0.109,0.055,1.008,0.258,-1.785,0.168,0.016,0.010,1.031,1.337,2,NULL,NULL,,2,1,2,7,255,1125,250,0,0
pre_stim,13324,13324,1,13324,3210654.455,0.902,-0.073,-0.072,0.420,3095,196,381,3174,1909,2487,275,2421,53,1.194,1,2048,1,5.474,0.644,-2.875,-0.938,4.563,-0.195,0.059,1.008,0.121,-0.633,0.168,0.022,0.016,1.031,1.337,2,NULL,NULL,,2,1,2,7,255,1125,250,0,0
pre_stim,13324,13324,1,13324,3210659.454,0.902,-0.073,-0.072,0.420,3095,197,393,3173,1912,2487,269,2421,53,1.194,1,2048,1,6.974,0.452,-0.563,0.438,-6.938,-0.180,0.008,1.027,0.047,-0.449,0.254,0.028,0.020,1.031,1.337,2,NULL,NULL,,2,1,2,7,255,1125,250,0,0
pre_stim,13348,13348,1,13348,3210664.455,0.902,-0.073,-0.072,0.420,3093,189,397,3165,1910,2487,262,2427,53,1.194,1,2048,1,7.373,0.452,-0.938,-0.125,-7.313,-0.102,0.004,1.043,0.047,-0.449,0.395,0.034,0.022,1.031,1.337,2,NULL,NULL,,2,1,2,7,255,1125,250,0,0
pre_stim,13348,13348,1,13348,3210669.454,0.902,-0.073,-0.071,0.420,3095,184,401,3173,1913,2487,247,2415,53,1.194,1,2048,1,1.569,0.960,-0.938,-1.125,0.563,-0.102,0.020,1.031,0.238,-0.930,0.395,0.040,0.024,1.031,1.337,2,NULL,NULL,,2,1,2,7,255,1125,250,0,0
pre_stim,13348,13348,1,13348,3210674.455,0.902,-0.073,-0.071,0.420,3084,185,399,3165,1911,2478,245,2419,53,1.194,1,2048,1,2.005,0.960,0.125,-0.500,1.938,-0.156,0.039,1.008,0.238,-0.930,0.293,0.044,0.026,1.031,1.337,2,NULL,NULL,,2,1,2,7,255,1125,250,0,0
pre_stim,13348,13348,1,13348,3210679.453,0.902,-0.073,-0.071,0.420,3081,173,404,3161,1911,2477,239,2411,53,1.194,1,2048,1,4.893,0.408,2.625,0.188,-4.125,-0.172,0.039,1.000,0.141,-0.383,0.184,0.048,0.030,1.031,1.337,2,NULL,NULL,,2,1,2,7,255,1125,250,0,0
pre_stim,13370,13370,1,13370,3210684.455,0.901,-0.073,-0.071,0.421,3077,159,407,3153,1911,2473,239,2409,53,1.194,1,2048,1,6.793,0.408,3.000,-0.625,-6.063,-0.137,0.047,1.020,0.141,-0.383,0.184,0.052,0.032,1.031,1.337,2,NULL,NULL,,2,1,2,7,255,1125,250,0,0
pre_stim,13370,13370,1,13370,3210689.454,0.901,-0.073,-0.071,0.421,3064,159,411,3149,1909,2467,237,2407,53,1.194,1,2048,1,2.159,0.519,0.313,-2.000,-0.750,-0.133,0.031,1.016,0.223,-0.469,0.215,0.056,0.034,1.031,1.337,2,NULL,NULL,,2,1,2,7,255,1125,250,0,0
pre_stim,13401,13401,1,13401,3210694.455,0.902,-0.073,-0.071,0.421,3059,142,413,3143,1912,2459,239,2408,53,1.194,1,2048,1,4.744,0.519,-0.750,-3.313,3.313,-0.172,0.035,0.992,0.223,-0.469,0.215,0.060,0.034,1.031,1.337,2,NULL,NULL,,2,1,2,7,255,1125,250,0,0
pre_stim,13401,13401,1,13401,3210699.453,0.902,-0.073,-0.071,0.421,3053,143,414,3129,1909,2457,238,2409,53,1.194,1,2048,1,4.737,0.238,1.625,-4.375,0.813,-0.199,0.047,0.977,-0.008,-0.238,0.070,0.062,0.036,1.031,1.337,2,NULL,NULL,,2,1,2,7,255,1125,250,0,0
pre_stim,13401,13401,1,13401,3210704.455,0.901,-0.073,-0.070,0.421,3043,141,419,3120,1911,2453,237,2407,53,1.194,1,2048,1,7.694,0.176,4.500,-5.250,-3.375,-0.176,0.043,0.984,-0.008,-0.176,-0.012,0.066,0.036,1.031,1.337,2,NULL,NULL,,2,1,2,7,255,1125,250,0,0
pre_stim,13401,13401,1,13401,3210709.454,0.901,-0.073,-0.070,0.421,3039,145,440,3117,1915,2449,242,2407,53,1.194,1,2048,1,8.789,0.176,5.125,-6.188,-3.563,-0.141,0.027,1.000,0.008,-0.176,-0.012,0.068,0.036,1.031,1.337,2,NULL,NULL,,2,1,2,7,255,1125,250,0,0
pre_stim,13401,13401,1,13401,3210714.455,0.901,-0.073,-0.070,0.421,3029,137,453,3112,1916,2443,243,2419,53,1.194,1,2048,1,8.012,0.566,4.250,-6.688,-1.188,-0.133,0.020,0.996,0.113,-0.555,0.027,0.070,0.036,1.031,1.337,2,NULL,NULL,,2,1,2,7,255,1125,250,0,0
pre_stim,13401,13401,1,13401,3210719.453,0.901,-0.073,-0.069,0.421,3015,135,459,3097,1928,2439,247,2414,53,1.194,1,2048,1,8.609,0.566,4.500,-7.313,0.625,-0.148,0.023,0.984,0.113,-0.555,0.027,0.072,0.034,1.031,1.337,2,NULL,NULL,,2,1,2,7,255,1125,250,0,0
pre_stim,13424,13424,1,13424,3210724.455,0.901,-0.073,-0.069,0.421,3016,136,475,3095,1941,2430,269,2419,53,1.194,1,2048,1,9.970,0.469,5.938,-8.000,0.375,-0.168,0.035,0.977,0.016,-0.469,-0.078,0.074,0.034,1.031,1.337,2,NULL,NULL,,2,1,2,7,255,1125,250,0,0
pre_stim,13424,13424,1,13424,3210729.454,0.901,-0.073,-0.068,0.421,2992,139,521,3068,1949,2423,293,2421,53,1.194,1,2048,1,11.591,0.243,7.313,-8.938,-1.000,-0.176,0.055,0.984,0.016,-0.242,-0.078,0.074,0.034,1.031,1.337,2,NULL,NULL,,2,1,2,7,255,1125,250,0,0
pre_stim,13424,13424,1,13424,3210734.455,0.901,-0.073,-0.068,0.421,2969,133,547,3054,1965,2421,318,2427,53,1.194,1,2048,1,12.833,0.086,7.688,-10.125,-1.750,-0.180,0.074,0.992,0.059,-0.063,0.004,0.074,0.030,1.031,1.337,2,NULL,NULL,,2,1,2,7,255,1125,250,0,0
pre_stim,13424,13424,1,13424,3210739.453,0.901,-0.073,-0.067,0.421,2971,133,571,3046,1993,2418,338,2439,53,1.194,1,2048,1,13.629,0.173,7.000,-11.438,-2.438,-0.188,0.094,1.000,0.164,0.055,0.102,0.074,0.026,1.031,1.337,2,NULL,NULL,,2,1,2,7,255,1125,250,0,0
pre_stim,13424,13424,1,13424,3210744.455,0.901,-0.073,-0.066,0.422,2943,139,611,3029,2013,2419,379,2445,53,1.194,1,2048,1,15.055,0.366,6.500,-12.625,-5.000,-0.188,0.133,1.004,0.281,0.234,0.203,0.072,0.024,1.031,1.337,2,NULL,NULL,,2,1,2,7,255,1125,250,0,0
pre_stim,13424,13424,1,13424,3210749.454,0.901,-0.073,-0.066,0.422,2922,149,681,3013,2057,2421,407,2475,53,1.194,1,2048,1,16.995,0.735,6.063,-13.750,-7.938,-0.188,0.172,1.023,0.543,0.496,0.262,0.072,0.020,1.031,1.337,2,NULL,NULL,,2,1,2,7,255,1125,250,0,0
pre_stim,13424,13424,1,13424,3210754.455,0.901,-0.073,-0.065,0.422,2909,157,741,2995,2093,2424,455,2477,53,1.194,1,2048,1,19.435,1.112,4.750,-14.375,-12.188,-0.180,0.195,1.043,0.867,0.695,0.445,0.070,0.014,1.031,1.337,2,NULL,NULL,,2,1,2,7,255,1125,250,0,0
pre_stim,13424,13424,1,13424,3210759.454,0.901,-0.073,-0.064,0.423,2887,159,835,2987,2149,2424,495,2501,53,1.194,1,2048,1,21.005,1.289,3.125,-14.625,-14.750,-0.141,0.227,1.051,1.086,0.695,0.629,0.068,0.010,1.031,1.337,2,NULL,NULL,,2,1,2,7,255,1125,250,0,0
pre_stim,13449,13449,1,13449,3210764.455,0.901,-0.073,-0.064,0.424,2853,159,909,2969,2197,2427,563,2515,53,1.194,1,2048,1,20.088,1.393,-0.688,-14.688,-13.688,-0.133,0.180,1.043,1.227,0.660,0.629,0.068,0.008,1.031,1.337,2,NULL,NULL,,2,1,2,7,255,1125,250,0,0
pre_stim,13449,13449,1,13449,3210769.454,0.900,-0.073,-0.063,0.424,2837,189,1019,2955,2251,2423,635,2527,53,1.194,1,2048,1,19.988,1.266,-4.750,-14.750,-12.625,-0.145,0.113,1.016,1.227,0.313,0.551,0.068,0.010,1.031,1.337,2,NULL,NULL,,2,1,2,7,255,1125,250,0,0
pre_stim,13449,13449,1,13449,3210774.455,0.900,-0.072,-0.063,0.425,2811,208,1111,2931,2294,2431,729,2542,53,1.194,1,2048,1,21.993,0.634,-5.625,-14.750,-15.313,-0.152,0.102,0.973,0.617,0.145,0.262,0.068,0.014,1.031,1.337,2,NULL,NULL,,2,1,2,7,255,1125,250,0,0
pre_stim,13449,13449,1,13449,3210779.453,0.900,-0.072,-0.062,0.426,2779,226,1198,2916,2346,2430,839,2551,53,1.194,1,2048,1,26.024,0.457,-3.313,-14.563,-21.313,-0.152,0.082,0.973,0.453,0.059,-0.113,0.068,0.018,1.031,1.337,2,NULL,NULL,,2,1,2,7,255,1125,250,0,0
pre_stim,13468,13468,1,13468,3210784.455,0.900,-0.071,-0.061,0.427,2757,231,1263,2897,2379,2439,925,2577,53,1.194,1,2048,1,28.928,0.325,-2.063,-14.938,-24.688,-0.129,0.055,0.992,0.324,0.027,-0.113,0.070,0.022,1.031,1.337,2,NULL,NULL,,2,1,2,7,255,1125,250,0,0
pre_stim,13468,13468,1,13468,3210789.453,0.899,-0.071,-0.061,0.428,2726,243,1403,2871,2419,2441,989,2585,53,1.194,1,2048,1,28.881,0.438,-4.188,-14.813,-24.438,-0.133,0.047,1.016,0.262,-0.352,0.000,0.072,0.024,1.031,1.337,2,NULL,NULL,,2,1,2,7,255,1125,250,0,0
pre_stim,13468,13468,0,13468,3210794.455,0.899,-0.070,-0.061,0.429,2687,243,1541,2847,2461,2446,1145,2599,53,1.194,1,2048,1,30.444,0.406,-8.438,-14.875,-25.188,-0.152,0.063,1.016,0.203,-0.352,0.215,0.074,0.026,1.031,1.337,2,NULL,NULL,,2,0,2,7,255,1125,250,0,0
pre_stim,13468,13468,0,13468,3210799.454,0.898,-0.069,-0.060,0.430,2645,261,1659,2837,2495,2451,1256,2616,53,1.194,1,2048,1,35.773,0.219,-12.438,-14.875,-30.063,-0.168,0.063,1.004,0.180,-0.125,0.215,0.074,0.028,1.031,1.337,2,NULL,NULL,,2,0,2,7,255,1125,250,0,0
pre_stim,13506,13506,0,13506,3210804.455,0.898,-0.068,-0.060,0.431,2600,290,1758,2823,2527,2473,1327,2632,53,1.194,1,2048,1,41.760,0.112,-15.500,-15.313,-35.625,-0.164,0.047,1.004,0.066,-0.090,0.180,0.076,0.030,1.031,1.337,2,NULL,NULL,,2,0,2,7,255,1125,250,0,0
pre_stim,13506,13506,0,13506,3210809.454,0.897,-0.067,-0.060,0.433,2555,297,1881,2807,2567,2463,1435,2651,53,1.194,1,2048,1,47.403,0.091,-19.438,-15.625,-40.313,-0.160,0.008,1.016,-0.016,-0.090,0.180,0.076,0.030,1.031,1.337,2,NULL,NULL,,2,0,2,7,255,1125,250,0,0
pre_stim,13506,13506,0,13506,3210814.455,0.896,-0.066,-0.060,0.434,2509,333,1989,2781,2601,2468,1513,2663,53,1.194,1,2048,1,51.575,0.419,-25.313,-15.813,-42.063,-0.133,-0.039,1.020,-0.250,-0.336,0.230,0.078,0.028,1.031,1.337,2,NULL,NULL,,2,0,2,7,255,1125,250,0,0
pre_stim,13506,13506,0,13506,3210819.454,0.896,-0.064,-0.060,0.436,2452,355,2065,2757,2629,2470,1593,2683,53,1.194,1,2048,1,53.967,0.928,-31.688,-16.375,-40.500,-0.105,-0.078,1.000,-0.434,-0.820,0.230,0.078,0.028,1.031,1.337,2,NULL,NULL,,2,0,2,7,255,1125,250,0,0
pre_stim,13506,13506,0,13506,3210824.455,0.895,-0.062,-0.060,0.437,2388,361,2141,2720,2643,2475,1703,2695,53,1.194,1,2048,1,54.789,1.296,-35.813,-16.875,-37.875,-0.102,-0.102,0.984,-0.563,-1.168,-0.012,0.078,0.026,1.031,1.337,2,NULL,NULL,,2,0,2,7,255,1125,250,0,0
pre_stim,13506,13506,0,13506,3210829.453,0.895,-0.060,-0.060,0.439,2343,361,2230,2695,2669,2476,1781,2715,53,1.194,1,2048,1,56.141,1.386,-38.813,-17.438,-36.625,-0.125,-0.109,0.988,-0.746,-1.168,-0.094,0.080,0.026,1.031,1.337,2,NULL,NULL,,2,0,2,7,255,1125,250,0,0
pre_stim,13506,13506,0,13506,3210834.455,0.894,-0.057,-0.060,0.440,2260,363,2295,2652,2711,2476,1885,2716,53,1.194,1,2048,1,57.419,1.347,-40.813,-18.188,-36.063,-0.137,-0.074,0.977,-0.746,-1.121,-0.164,0.080,0.024,1.031,1.337,2,NULL,NULL,,2,0,2,7,255,1125,250,0,0
pre_stim,13506,13506,0,13506,3210839.454,0.894,-0.055,-0.060,0.441,2187,368,2363,2628,2724,2484,1982,2736,53,1.194,1,2048,1,54.987,1.047,-37.688,-18.875,-35.313,-0.121,-0.023,0.945,-0.684,-0.793,-0.164,0.082,0.022,1.031,1.337,2,NULL,NULL,,2,0,2,7,255,1125,250,0,0
pre_stim,13532,13532,0,13532,3210844.455,0.893,-0.054,-0.060,0.443,2108,372,2437,2578,2748,2479,2057,2762,53,1.194,1,2048,1,49.472,0.568,-30.000,-20.000,-33.875,-0.113,-0.016,0.941,-0.211,-0.527,-0.492,0.084,0.022,1.031,1.337,2,NULL,NULL,,2,0,2,7,255,1125,250,0,0
pre_stim,13532,13532,0,13532,3210849.454,0.893,-0.052,-0.060,0.444,2037,375,2505,2533,2769,2484,2121,2771,53,1.194,1,2048,1,45.397,0.505,-24.438,-21.438,-31.688,-0.121,-0.020,0.988,-0.145,-0.484,-0.492,0.086,0.020,1.031,1.337,2,NULL,NULL,,2,0,2,7,255,1125,250,0,0
pre_stim,13532,13532,0,13532,3210854.455,0.892,-0.051,-0.059,0.445,1939,373,2555,2491,2782,2491,2194,2787,53,1.194,1,2048,1,46.717,0.494,-25.750,-22.875,-31.563,-0.145,-0.008,1.051,-0.113,-0.480,-0.066,0.088,0.020,1.031,1.337,2,NULL,NULL,,2,0,2,7,255,1125,250,0,0
pre_stim,13532,13532,0,13532,3210859.454,0.892,-0.049,-0.059,0.446,1835,365,2602,2423,2804,2484,2238,2801,53,1.194,1,2048,1,53.603,0.296,-33.563,-23.500,-34.563,-0.145,0.016,1.070,-0.113,-0.273,0.586,0.090,0.020,1.031,1.337,2,NULL,NULL,,2,0,2,7,255,1125,250,0,0
pre_stim,13550,13550,0,13550,3210864.455,0.891,-0.047,-0.059,0.448,1684,370,2647,2349,2839,2491,2301,2810,53,1.194,1,2048,1,60.800,0.191,-39.875,-23.688,-39.313,-0.125,0.023,1.035,0.109,-0.156,0.586,0.090,0.020,1.031,1.337,2,NULL,NULL,,2,0,2,7,255,1125,250,0,0
pre_stim,13550,13550,0,13550,3210869.453,0.890,-0.044,-0.059,0.449,1516,359,2683,2265,2843,2483,2349,2829,53,1.194,1,2048,1,60.377,0.191,-39.063,-24.563,-38.938,-0.090,-0.023,0.973,0.109,-0.156,0.402,0.092,0.020,1.031,1.337,2,NULL,NULL,,2,0,2,7,255,1125,250,0,0
pre_stim,13550,13550,0,13550,3210874.455,0.890,-0.042,-0.058,0.450,1356,325,2725,2159,2857,2491,2399,2845,53,1.194,1,2048,1,52.958,0.576,-32.188,-26.688,-32.500,-0.059,-0.074,0.953,0.078,-0.570,-0.246,0.096,0.020,1.031,1.337,2,NULL,NULL,,2,0,2,7,255,1125,250,0,0
pre_stim,13550,13550,0,13550,3210879.453,0.890,-0.041,-0.058,0.451,1171,303,2757,2021,2887,2483,2445,2857,53,1.194,1,2048,1,42.972,1.062,-21.938,-27.438,-24.750,-0.066,-0.090,0.961,-0.156,-1.051,-0.395,0.098,0.020,1.031,1.337,2,NULL,NULL,,2,0,2,7,255,1125,250,0,0
pre_stim,13550,13550,0,13550,3210884.455,0.889,-0.039,-0.057,0.452,1018,271,2793,1894,2901,2487,2492,2867,53,1.194,1,2048,1,38.093,1.095,-16.688,-27.750,-20.063,-0.125,-0.086,1.012,-0.309,-1.051,-0.395,0.100,0.020,1.031,1.337,2,NULL,NULL,,2,0,2,7,255,1125,250,0,0
pre_stim,13550,13550,0,13550,3210889.454,0.889,-0.038,-0.056,0.453,823,239,2807,1645,2908,2475,2534,2868,53,1.194,1,2048,1,41.528,0.683,-18.125,-29.688,-22.688,-0.133,-0.051,1.063,-0.309,-0.609,0.203,0.104,0.018,1.031,1.337,2,NULL,NULL,,2,0,2,7,255,1125,250,0,0
pre_stim,13603,13603,0,13603,3210894.455,0.889,-0.037,-0.055,0.454,633,209,2835,1418,2925,2467,2584,2888,53,1.194,1,2048,1,42.963,0.457,-18.125,-32.188,-21.938,-0.082,0.012,1.047,-0.297,-0.348,0.473,0.106,0.018,1.031,1.337,2,NULL,NULL,,2,0,2,7,255,1125,250,0,0
pre_stim,13603,13603,0,13603,3210899.453,0.889,-0.035,-0.054,0.454,419,173,2855,1242,2936,2461,2615,2886,53,1.194,1,2048,1,39.037,0.446,-13.438,-32.438,-17.063,-0.102,0.008,1.023,0.289,-0.340,0.473,0.108,0.018,1.031,1.337,2,NULL,NULL,,2,0,2,7,255,1125,250,0,0
pre_stim,13603,13603,0,13603,3210904.455,0.888,-0.034,-0.053,0.455,263,105,2872,1055,2949,2455,2638,2899,53,1.194,1,2048,1,41.544,0.338,-13.250,-34.063,-19.750,-0.125,0.008,1.063,0.289,-0.176,0.473,0.110,0.020,1.031,1.337,2,NULL,NULL,,2,0,2,7,255,1125,250,0,0
pre_stim,13603,13603,0,13603,3210909.454,0.888,-0.033,-0.052,0.456,160,72,2885,871,2963,2428,2665,2907,53,1.194,1,2048,1,43.982,0.338,-10.375,-39.375,-16.625,-0.059,0.043,1.082,0.289,-0.176,0.684,0.112,0.020,1.031,1.337,2,NULL,NULL,,2,0,2,7,255,1125,250,0,0
pre_stim,13603,13603,0,13603,3210914.455,0.888,-0.032,-0.050,0.456,61,39,2915,680,2975,2419,2693,2918,53,1.194,1,2048,1,43.384,0.836,-12.563,-39.438,-13.000,-0.078,0.074,1.090,0.836,0.023,0.777,0.114,0.022,1.031,1.337,2,NULL,NULL,,2,0,2,7,255,1125,250,0,0
pre_stim,13603,13603,0,13603,3210919.453,0.888,-0.031,-0.049,0.457,42,19,2921,469,2987,2393,2720,2925,53,1.194,1,2048,1,46.024,0.995,-11.250,-42.375,-14.000,-0.055,0.125,1.117,0.992,0.074,0.855,0.114,0.022,1.031,1.337,2,NULL,NULL,,2,0,2,7,255,1125,250,0,0
pre_stim,13603,13603,0,13603,3210924.455,0.888,-0.029,-0.047,0.457,17,0,2936,369,3004,2373,2744,2937,53,1.194,1,2048,1,50.806,1.428,-15.625,-45.875,-15.250,-0.023,0.098,1.082,1.426,0.074,0.855,0.116,0.024,1.031,1.337,2,NULL,NULL,,2,0,2,7,255,1125,250,0,0
pre_stim,13603,13603,0,13603,3210929.454,0.888,-0.028,-0.045,0.457,0,0,2943,301,3013,2335,2772,2933,53,1.194,1,2048,1,49.974,1.440,0.313,-49.875,3.125,-0.141,0.027,1.148,1.426,0.199,1.098,0.118,0.026,1.031,1.337,2,NULL,NULL,,2,0,2,7,255,1125,250,0,0
pre_stim,13631,13631,0,13631,3210934.455,0.888,-0.028,-0.043,0.457,0,0,2965,263,3028,2303,2803,2941,53,1.194,1,2048,1,60.971,0.456,13.188,-58.063,13.125,-0.332,-0.082,1.313,0.234,0.391,1.512,0.118,0.028,1.031,1.337,2,NULL,NULL,,2,0,2,7,255,1125,250,0,0
pre_stim,13631,13631,0,13631,3210939.453,0.888,-0.027,-0.040,0.456,0,0,2961,228,3022,2282,2822,2940,53,1.194,1,2048,1,73.237,2.043,28.938,-67.063,5.375,-0.398,-0.137,1.574,-1.656,1.195,3.320,0.116,0.032,1.031,1.337,2,NULL,NULL,,2,0,2,7,255,1125,250,0,0
pre_stim,13631,13631,0,13631,3210944.455,0.889,-0.027,-0.036,0.456,0,0,2965,203,3033,2248,2846,2941,53,1.194,1,2048,1,83.686,2.096,21.313,-78.188,20.875,-0.277,0.070,1.688,-1.656,1.285,5.961,0.114,0.036,1.031,1.337,2,NULL,NULL,,2,0,2,7,255,1125,250,0,0
pre_stim,13631,13631,0,13631,3210949.454,0.889,-0.023,-0.034,0.455,0,0,2972,185,3047,2197,2856,2951,53,1.194,1,2048,0,93.828,1.285,-53.875,-76.313,8.813,-0.086,0.148,1.441,-0.020,1.285,5.961,0.110,0.042,1.031,1.337,2,NULL,NULL,,2,0,2,7,255,1125,250,0,0
pre_stim,13631,13631,0,13631,3210954.455,0.890,-0.020,-0.032,0.454,0,0,2973,153,3055,2145,2877,2944,53,1.194,1,2048,0,105.623,1.815,-61.625,-81.688,26.188,-0.066,0.184,1.168,1.520,0.992,4.313,0.106,0.048,1.031,1.337,3,NULL,NULL,,2,0,2,7,255,1125,250,0,0
pre_stim,13631,13631,0,13631,3210959.454,0.891,-0.017,-0.030,0.452,0,0,2984,103,3059,2057,2893,2957,53,1.194,1,2048,0,107.212,1.815,-36.188,-88.875,47.813,-0.191,0.176,1.082,1.520,0.992,1.605,0.102,0.056,1.031,1.337,3,NULL,NULL,,2,0,2,7,255,1125,250,0,0
pre_stim,13631,13631,0,13631,3210964.455,0.892,-0.015,-0.026,0.450,0,0,2985,67,3079,1972,2916,2955,53,1.194,1,2048,0,105.863,2.220,-9.188,-96.188,43.250,-0.262,0.145,1.176,0.840,2.055,1.605,0.098,0.062,1.031,1.337,3,NULL,NULL,,2,0,2,7,255,1125,250,0,0
pre_stim,13631,13631,0,13631,3210969.453,0.893,-0.012,-0.023,0.449,0,0,2985,9,3067,1851,2930,2961,53,1.194,1,2048,0,104.257,2.065,-16.313,-99.750,25.563,-0.270,-0.059,1.258,0.207,2.055,1.820,0.094,0.070,1.031,1.337,3,NULL,NULL,,2,0,2,7,255,1125,250,0,0
pre_stim,13655,13655,0,13655,3210974.455,0.894,-0.010,-0.019,0.448,0,0,2991,0,3079,1738,2940,2941,53,1.194,1,2048,0,109.637,2.005,-17.688,-105.000,26.125,-0.207,-0.207,1.270,-1.430,1.406,2.637,0.086,0.078,1.031,1.337,3,NULL,NULL,,2,0,2,7,255,1125,250,0,0
pre_stim,13655,13655,0,13655,3210979.454,0.895,-0.006,-0.016,0.447,0,0,3000,0,3089,1627,2958,2939,53,1.194,1,2048,0,118.879,2.286,-26.625,-110.063,36.188,-0.172,-0.266,1.230,-2.281,0.141,2.637,0.080,0.088,1.031,1.337,3,NULL,NULL,,2,0,2,7,255,1125,250,0,0
pre_stim,13655,13655,0,13655,3210984.455,0.895,-0.003,-0.012,0.445,0,0,2983,0,3096,1462,2967,2936,53,1.194,1,2048,0,125.905,2.348,-29.750,-114.813,42.250,-0.207,-0.195,1.188,-2.344,0.141,2.367,0.072,0.096,1.031,1.337,3,NULL,NULL,,2,0,2,7,255,1125,250,0,0
pre_stim,13655,13655,0,13655,3210989.453,0.896,0.000,-0.008,0.443,0,0,2981,0,3091,1287,2983,2925,53,1.194,1,2048,0,129.569,2.384,-23.250,-120.500,41.563,-0.223,-0.121,1.141,-2.344,0.434,1.922,0.066,0.104,1.031,1.337,3,NULL,NULL,,2,0,2,7,255,1125,250,0,0
pre_stim,13701,13701,0,13701,3210994.455,0.897,0.003,-0.004,0.442,0,0,2967,0,3107,1108,2983,2915,53,1.194,1,2048,0,129.935,2.196,-18.688,-125.125,29.625,-0.227,-0.078,1.098,-1.906,1.090,1.453,0.060,0.114,1.031,1.337,3,NULL,NULL,,2,0,2,7,255,1125,250,0,0
pre_stim,13701,13701,0,13701,3210999.454,0.898,0.006,0.001,0.440,0,0,2957,0,3100,928,2989,2903,53,1.194,1,2048,0,134.352,2.317,-6.813,-131.063,28.750,-0.227,-0.117,1.129,-1.906,1.316,1.289,0.054,0.124,1.031,1.337,3,NULL,NULL,,2,0,2,7,255,1125,250,0,0
pre_stim,13701,13701,0,13701,3211004.455,0.898,0.009,0.006,0.440,0,0,2936,0,3111,701,3001,2889,53,1.194,1,2048,0,137.970,2.414,-2.750,-136.688,18.563,-0.203,-0.137,1.141,-2.023,1.316,1.289,0.048,0.136,1.031,1.337,3,NULL,NULL,,2,0,2,7,255,1125,250,0,0
pre_stim,13701,13701,0,13701,3211009.454,0.899,0.012,0.012,0.439,0,0,2923,0,3113,565,2999,2871,53,1.194,1,2048,0,143.413,2.392,-2.313,-142.188,18.563,-0.211,-0.270,1.125,-2.109,1.129,1.289,0.042,0.148,1.031,1.337,3,NULL,NULL,,2,0,2,7,255,1125,250,0,0
pre_stim,13701,13701,0,13701,3211014.455,0.899,0.014,0.017,0.438,0,0,2901,0,3112,429,3017,2857,53,1.194,1,2048,0,152.598,3.050,13.750,-150.938,17.750,-0.211,-0.203,1.129,-2.883,0.996,1.258,0.040,0.160,1.031,1.337,3,NULL,NULL,,2,0,2,7,255,1125,250,0,0
pre_stim,13701,13701,0,13701,3211019.454,0.899,0.016,0.023,0.437,0,0,2889,0,3115,219,3021,2827,53,1.194,1,2048,0,157.031,3.050,16.000,-156.188,2.875,-0.199,-0.156,1.148,-2.883,0.996,1.258,0.042,0.170,1.031,1.337,3,NULL,NULL,,2,0,2,7,255,1125,250,0,0
pre_stim,13723,13723,0,13723,3211024.455,0.899,0.018,0.030,0.436,0,0,2847,0,3107,106,3020,2809,53,1.194,1,2048,0,166.286,2.844,27.938,-163.625,9.875,-0.133,-0.094,1.238,-2.531,1.297,1.383,0.046,0.182,1.031,1.337,3,NULL,NULL,,2,0,2,7,255,1125,250,0,0
pre_stim,13723,13723,0,13723,3211029.453,0.899,0.020,0.037,0.436,0,0,2805,0,3117,37,3027,2771,53,1.194,1,2048,0,176.763,2.241,30.688,-173.625,12.563,-0.125,0.121,1.387,-1.785,1.355,2.250,0.050,0.196,1.031,1.337,3,NULL,NULL,,2,0,2,7,255,1125,250,0,0
pre_stim,13723,13723,0,13723,3211034.455,0.899,0.023,0.045,0.435,0,0,2777,0,3115,0,3022,2742,53,1.194,1,2048,0,182.421,2.845,21.938,-180.438,15.438,-0.188,0.160,1.438,-0.500,2.801,3.582,0.056,0.210,1.031,1.337,3,NULL,NULL,,2,0,2,7,255,1125,250,0,0
pre_stim,13723,13723,0,13723,3211039.454,0.899,0.025,0.053,0.434,0,0,2731,0,3113,0,3027,2705,53,1.194,1,2048,0,193.900,3.779,27.875,-191.625,10.000,-0.262,0.145,1.539,-0.500,3.746,3.961,0.064,0.224,1.031,1.337,3,NULL,NULL,,2,0,2,7,255,1125,250,0,0
pre_stim,13723,13723,0,13723,3211044.455,0.899,0.028,0.061,0.433,0,0,2652,0,3109,0,3042,2664,53,1.194,1,2048,0,202.724,4.601,12.000,-202.250,6.938,-0.199,0.160,1.770,-1.109,4.465,4.836,0.072,0.242,1.031,1.337,3,NULL,NULL,,2,0,2,7,255,1125,250,0,0
pre_stim,13723,13723,0,13723,3211049.454,0.899,0.032,0.069,0.432,0,0,2595,0,3099,0,3035,2599,53,1.194,1,2048,0,211.712,4.736,-5.375,-211.500,7.813,-0.258,0.199,1.863,-1.297,4.555,7.082,0.084,0.260,1.031,1.337,3,NULL,NULL,,2,0,2,7,255,1125,250,0,0
pre_stim,13723,13723,0,13723,3211054.455,0.898,0.038,0.077,0.431,0,0,2504,0,3103,0,3020,2537,53,1.194,1,2048,0,227.210,5.722,-20.500,-226.063,10.000,-0.316,0.309,1.961,-1.207,5.594,7.805,0.096,0.282,1.031,1.337,3,NULL,NULL,,2,0,2,7,255,1125,250,0,0
pre_stim,13723,13723,0,13723,3211059.454,0.898,0.043,0.086,0.430,0,0,2415,0,3091,0,3028,2452,53,1.194,1,2048,0,245.718,7.265,-31.625,-243.250,14.375,-0.418,0.375,2.016,-1.422,7.125,8.508,0.116,0.310,1.031,1.337,3,NULL,NULL,,2,0,2,7,255,1125,250,0,0
pre_stim,13748,13748,0,13748,3211064.455,0.897,0.050,0.096,0.429,0,0,2277,0,3080,0,3015,2376,53,1.194,1,2048,0,267.237,8.829,-40.938,-263.688,14.438,-0.414,0.516,2.109,-1.207,8.746,8.672,0.142,0.340,1.031,1.337,3,NULL,NULL,,2,0,2,7,255,1125,250,0,0
pre_stim,13748,13748,0,13748,3211069.454,0.896,0.058,0.105,0.428,0,0,2141,0,3068,0,2999,2273,53,1.194,1,2048,0,288.214,10.147,-61.063,-281.500,9.813,-0.352,0.617,2.141,-0.781,10.117,9.320,0.174,0.378,1.031,1.337,3,NULL,NULL,,2,0,2,7,255,1125,250,0,0
pre_stim,13748,13748,0,13748,3211074.455,0.895,0.067,0.116,0.426,0,0,1992,0,3047,0,2983,2165,53,1.194,1,2048,0,312.948,10.774,-78.875,-302.375,16.875,-0.320,0.676,2.176,0.113,10.773,9.473,0.212,0.420,1.031,1.337,3,NULL,NULL,,2,0,2,7,255,1125,250,0,0
pre_stim,13748,13748,0,13748,3211079.453,0.893,0.076,0.126,0.424,0,0,1819,0,3032,0,2956,2025,53,1.194,1,2048,0,336.154,11.426,-95.125,-321.313,26.625,-0.375,0.707,2.258,0.113,11.426,9.566,0.254,0.468,1.031,1.337,3,NULL,NULL,,2,0,2,7,255,1125,250,0,0
pre_stim,13770,13770,0,13770,3211084.455,0.892,0.087,0.137,0.422,0,0,1684,0,2986,0,2933,1891,53,1.194,1,2048,0,358.167,12.766,-118.750,-337.125,23.000,-0.488,0.730,2.328,0.078,12.766,9.766,0.304,0.520,1.031,1.337,3,NULL,NULL,,2,0,2,7,255,1125,250,0,0
pre_stim,13770,13770,0,13770,3211089.454,0.889,0.099,0.148,0.421,0,0,1611,0,2943,0,2891,1725,53,1.194,1,2048,0,375.013,14.513,-129.688,-351.813,6.625,-0.594,0.758,2.445,-0.703,14.496,9.855,0.360,0.580,1.031,1.337,3,NULL,NULL,,2,0,2,7,255,1125,250,0,0
pre_stim,13770,13770,0,13770,3211094.455,0.886,0.111,0.160,0.420,0,0,1549,0,2894,0,2827,1555,53,1.194,1,2048,0,387.236,16.439,-126.438,-365.750,-13.875,-0.684,0.770,2.734,-1.492,16.371,9.984,0.424,0.648,1.031,1.337,3,NULL,NULL,,2,0,2,7,255,1125,250,0,0
pre_stim,13770,13770,0,13770,3211099.453,0.882,0.123,0.173,0.420,0,0,1455,0,2840,0,2746,1395,53,1.194,1,2048,0,413.009,18.867,-143.313,-386.125,-30.750,-0.746,0.758,3.047,-2.621,18.684,11.703,0.496,0.722,1.031,1.337,3,NULL,NULL,,2,0,2,7,255,1125,250,0,0
pre_stim,13804,13804,0,13804,3211104.455,0.878,0.137,0.185,0.421,0,0,1343,0,2761,0,2635,1253,53,1.194,1,2048,0,446.269,21.266,-183.875,-403.688,-48.813,-0.742,0.734,3.125,-3.770,20.930,13.477,0.574,0.802,1.031,1.337,3,NULL,NULL,,2,0,2,7,255,1125,250,0,0
pre_stim,13804,13804,0,13804,3211109.454,0.872,0.153,0.197,0.422,0,0,1163,0,2655,0,2459,1095,53,1.194,1,2048,0,474.951,22.363,-216.688,-418.188,-61.188,-0.793,0.699,2.992,-4.199,21.965,13.477,0.658,0.888,1.031,1.337,3,NULL,NULL,,2,0,2,7,255,1125,250,0,0
pre_stim,13804,13804,0,13804,3211114.455,0.865,0.169,0.210,0.423,0,0,973,0,2503,0,2250,936,53,1.194,1,2048,0,492.602,22.434,-229.250,-429.063,-77.500,-0.730,0.582,2.836,-4.566,21.965,11.223,0.748,0.980,1.031,1.337,3,NULL,NULL,,2,0,2,7,255,1125,250,0,0
pre_stim,13804,13804,0,13804,3211119.453,0.858,0.185,0.223,0.424,0,0,761,0,2335,0,1989,824,53,1.194,1,2048,0,493.872,22.030,-214.688,-436.813,-83.750,-0.590,0.277,2.789,-4.855,21.488,9.414,0.842,1.078,1.031,1.337,3,NULL,NULL,,2,0,2,7,255,1125,250,0,0
pre_stim,13804,13804,0,13804,3211124.455,0.851,0.201,0.236,0.424,0,0,549,0,2093,0,1655,703,53,1.194,1,2048,0,508.527,20.530,-219.438,-455.000,-58.500,-0.465,-0.082,2.598,-6.480,19.480,9.301,0.940,1.178,1.031,1.337,3,NULL,NULL,,2,0,2,7,255,1125,250,0,0
pre_stim,13804,13804,0,13804,3211129.454,0.844,0.218,0.250,0.422,0,0,366,0,1831,0,1253,606,53,1.194,1,2048,0,527.899,18.607,-230.313,-474.750,-15.688,-0.371,-0.352,2.109,-8.387,16.609,8.191,1.036,1.276,1.031,1.337,3,NULL,NULL,,2,0,2,7,255,1125,250,0,0
pre_stim,13804,13804,0,13804,3211134.455,0.836,0.234,0.264,0.419,0,0,132,0,1449,0,659,445,53,1.194,1,2048,0,530.221,15.243,-197.938,-491.875,-3.750,-0.230,-0.508,1.484,-8.570,12.605,4.645,1.126,1.368,1.031,1.337,3,NULL,NULL,,2,0,2,7,255,1125,250,0,0
pre_stim,13804,13804,0,13804,3211139.453,0.830,0.248,0.280,0.415,0,0,53,0,1085,0,213,377,53,1.194,1,2048,0,515.919,11.613,-110.500,-503.938,3.000,-0.207,-0.359,1.313,-8.570,7.836,0.566,1.208,1.452,1.031,1.337,3,NULL,NULL,,2,0,2,7,255,1125,250,0,0
pre_stim,13831,13831,0,13831,3211144.455,0.824,0.258,0.297,0.408,0,0,24,0,736,0,0,315,53,1.194,1,2048,0,500.899,10.528,-27.875,-499.625,22.313,-0.297,0.195,1.809,-7.031,7.836,-0.113,1.284,1.530,1.031,1.337,3,NULL,NULL,,2,0,2,7,255,1125,250,0,0
pre_stim,13831,13831,0,13831,3211149.454,0.818,0.269,0.313,0.400,0,0,0,0,337,0,0,246,53,1.194,1,2048,0,500.063,15.203,-39.375,-495.125,58.000,-0.512,0.684,2.289,-4.379,14.559,-0.227,1.358,1.606,1.031,1.337,3,NULL,NULL,,2,0,2,7,255,1125,250,0,0
pre_stim,13831,13831,0,13831,3211154.455,0.812,0.284,0.327,0.392,0,0,0,0,11,0,0,167,53,1.194,1,2048,0,519.180,21.888,-134.000,-488.375,114.375,-0.836,1.004,2.191,-3.016,21.680,-0.227,1.436,1.686,1.031,1.337,3,NULL,NULL,,2,0,2,7,255,1125,250,0,0
pre_stim,13831,13831,0,13831,3211159.454,0.805,0.302,0.338,0.383,0,0,0,0,0,0,0,99,53,1.194,1,2048,0,542.785,22.530,-204.063,-482.375,142.438,-1.152,0.977,1.742,-2.465,22.395,-4.891,1.518,1.774,1.031,1.337,3,NULL,NULL,,2,0,2,7,255,1125,250,0,0
pre_stim,13850,13850,0,13850,3211164.455,0.798,0.319,0.349,0.375,0,0,0,0,0,0,0,19,53,1.194,1,2048,0,536.643,22.530,-218.938,-470.625,136.250,-1.234,0.855,1.363,-2.465,22.395,-10.977,1.608,1.866,1.031,1.337,4,NULL,NULL,,2,0,2,7,255,1125,250,0,0
pre_stim,13850,13850,0,13850,3211169.453,0.789,0.337,0.358,0.368,0,0,0,0,0,0,0,12,53,1.194,1,2048,0,511.594,19.272,-237.313,-439.688,109.938,-1.125,0.938,1.133,-2.465,19.113,-14.367,1.702,1.960,1.031,1.337,0,NULL,NULL,,2,0,2,7,255,1125,250,0,0
pre_stim,13850,13850,0,13850,3211174.455,0.780,0.354,0.365,0.364,0,0,0,0,0,0,0,41,53,1.194,1,2048,0,491.473,17.095,-304.875,-379.813,65.875,-0.629,1.137,0.707,-0.910,17.070,-15.000,1.794,2.054,1.031,1.337,0,NULL,NULL,,2,0,2,7,255,1125,250,0,0
pre_stim,13850,13850,0,13850,3211179.454,0.771,0.369,0.370,0.364,0,0,0,0,0,0,0,52,53,1.194,1,2048,0,417.588,12.983,-289.063,-301.313,5.750,-0.160,0.543,0.461,2.430,12.754,-15.000,1.880,2.144,1.031,1.337,0,NULL,NULL,,2,0,2,7,255,1125,250,0,0
pre_stim,13850,13850,0,13850,3211184.455,0.765,0.379,0.374,0.362,0,0,0,0,0,0,0,63,53,1.194,1,2048,0,277.565,6.991,-173.813,-216.000,13.250,-0.195,-0.164,0.551,2.430,6.555,-10.813,1.954,2.220,1.031,1.337,0,NULL,NULL,,2,0,2,7,255,1125,250,0,0
pre_stim,13850,13850,0,13850,3211189.453,0.761,0.386,0.377,0.360,0,0,0,0,0,0,0,87,53,1.194,1,2048,0,193.310,7.569,-116.563,-149.938,36.063,-0.633,-0.176,1.258,-3.785,6.555,-9.473,2.020,2.290,1.031,1.337,0,NULL,NULL,,2,0,2,7,255,1125,250,0,0
pre_stim,13903,13903,0,13903,3211194.455,0.757,0.393,0.376,0.362,0,0,0,0,0,0,0,95,53,1.194,1,2048,0,198.283,13.353,-186.188,-68.188,-0.813,-0.824,0.066,1.348,-6.645,11.582,-9.473,2.086,2.358,1.031,1.337,0,NULL,NULL,,2,0,2,7,255,1125,250,0,0
pre_stim,13903,13903,0,13903,3211199.454,0.752,0.401,0.372,0.368,0,0,0,0,0,0,0,84,53,1.194,1,2048,0,261.711,13.353,-259.375,18.125,-29.813,-0.582,0.375,0.496,-6.645,11.582,-11.668,2.156,2.430,1.031,1.337,0,NULL,NULL,,2,0,2,7,255,1125,250,0,0
pre_stim,13932,13932,0,13932,3211204.455,0.749,0.406,0.366,0.374,0,0,0,0,0,0,0,61,53,1.194,1,2048,0,243.243,7.146,-225.563,89.625,-16.000,-0.375,0.727,-0.320,-0.684,7.113,-14.012,2.220,2.496,1.031,1.337,0,NULL,NULL,,2,0,2,7,255,1125,250,0,0
pre_stim,13932,13932,0,13932,3211209.454,0.750,0.408,0.359,0.378,0,0,0,0,0,0,0,59,53,1.194,1,2048,0,186.179,5.142,-118.000,144.000,1.563,-0.441,0.773,-0.418,5.094,0.699,-16.637,2.274,2.552,1.031,1.337,0,NULL,NULL,,2,0,2,7,255,1125,250,0,0
pre_stim,13932,13932,0,13932,3211214.455,0.752,0.406,0.353,0.382,0,0,0,0,0,0,0,57,53,1.194,1,2048,0,185.662,5.142,-35.750,182.188,0.313,-0.582,0.461,0.059,5.094,0.699,-16.637,2.312,2.594,1.031,1.337,0,NULL,NULL,,2,0,2,7,255,1125,250,0,0
pre_stim,13932,13932,0,13932,3211219.454,0.754,0.403,0.345,0.387,0,0,0,0,0,0,0,52,53,1.194,1,2048,0,214.107,3.826,-32.500,211.500,-7.313,-0.563,0.195,0.375,1.090,3.668,-15.977,2.342,2.626,1.031,1.337,0,NULL,NULL,,2,0,2,7,255,1125,250,0,0
pre_stim,13932,13932,0,13932,3211224.455,0.756,0.401,0.337,0.392,0,0,0,0,0,0,0,43,53,1.194,1,2048,0,237.312,4.262,-56.375,230.500,2.938,-0.453,0.152,0.250,-1.277,4.066,-13.520,2.366,2.652,1.031,1.337,0,NULL,NULL,,2,0,2,7,255,1125,250,0,0
pre_stim,13932,13932,0,13932,3211229.453,0.759,0.399,0.328,0.396,0,0,0,0,0,0,0,37,53,1.194,1,2048,0,247.083,4.262,-52.000,240.000,27.313,-0.422,0.266,-0.055,-1.277,4.066,-13.520,2.388,2.678,1.031,1.337,0,NULL,NULL,,2,0,2,7,255,1125,250,0,0
pre_stim,13932,13932,0,13932,3211234.455,0.763,0.396,0.319,0.399,0,0,0,0,0,0,0,31,53,1.194,1,2048,0,248.082,1.797,-16.125,243.750,43.250,-0.477,0.379,-0.219,0.289,1.773,-14.363,2.408,2.700,1.031,1.337,0,NULL,NULL,,2,0,2,7,255,1125,250,0,0
pre_stim,13932,13932,0,13932,3211239.454,0.768,0.391,0.310,0.402,0,0,0,0,0,0,0,23,53,1.194,1,2048,0,250.800,2.043,23.500,245.688,44.563,-0.488,0.402,-0.172,1.195,1.656,-15.875,2.424,2.718,1.031,1.337,0,NULL,NULL,,2,0,2,7,255,1125,250,0,0
pre_stim,13932,13932,0,13932,3211244.455,0.772,0.386,0.302,0.404,0,0,0,0,0,0,0,25,53,1.194,1,2048,0,256.395,2.043,47.375,247.688,46.313,-0.430,0.375,-0.047,1.195,1.656,-15.875,2.436,2.732,1.031,1.337,0,NULL,NULL,,2,0,2,7,255,1125,250,0,0
pre_stim,13932,13932,0,13932,3211249.454,0.777,0.380,0.294,0.406,0,0,0,0,0,0,0,23,53,1.194,1,2048,0,261.879,2.719,58.125,248.875,57.125,-0.383,0.355,0.031,1.086,2.492,-14.672,2.444,2.742,1.031,1.337,0,NULL,NULL,,2,0,2,7,255,1125,250,0,0
pre_stim,13932,13932,0,13932,3211254.455,0.783,0.374,0.285,0.407,0,0,0,0,0,0,0,22,53,1.194,1,2048,0,266.928,3.126,68.688,248.625,68.688,-0.410,0.336,0.066,0.980,2.969,-13.813,2.452,2.754,1.031,1.337,0,NULL,NULL,,2,0,2,7,255,1125,250,0,0
pre_stim,13932,13932,0,13932,3211259.454,0.788,0.367,0.277,0.408,0,0,0,0,0,0,0,21,53,1.194,1,2048,0,270.520,3.450,82.938,247.313,71.688,-0.453,0.309,0.137,0.637,3.391,-13.688,2.462,2.766,1.031,1.337,0,NULL,NULL,,2,0,2,7,255,1125,250,0,0
pre_stim,13932,13932,0,13932,3211264.455,0.794,0.360,0.270,0.409,0,0,0,0,0,0,0,20,53,1.194,1,2048,0,272.442,4.114,94.625,246.438,67.375,-0.449,0.273,0.246,0.059,4.113,-13.453,2.472,2.778,1.031,1.337,0,NULL,NULL,,2,0,2,7,255,1125,250,0,0
pre_stim,13932,13932,0,13932,3211269.453,0.799,0.353,0.262,0.410,0,0,0,0,0,0,0,21,53,1.194,1,2048,0,274.248,4.915,100.125,247.375,63.188,-0.402,0.246,0.355,-0.359,4.902,-12.578,2.486,2.794,1.031,1.337,0,NULL,NULL,,2,0,2,7,255,1125,250,0,0
pre_stim,13955,13955,0,13955,3211274.455,0.805,0.346,0.254,0.410,0,0,0,0,0,0,0,22,53,1.194,1,2048,0,277.192,5.527,101.375,250.750,60.688,-0.367,0.234,0.453,-0.508,5.504,-11.383,2.504,2.814,1.031,1.337,0,NULL,NULL,,2,0,2,7,255,1125,250,0,0
pre_stim,13955,13955,0,13955,3211279.453,0.810,0.338,0.246,0.411,0,0,0,0,0,0,0,16,53,1.194,1,2048,0,281.821,6.076,101.313,256.688,57.188,-0.383,0.230,0.543,-0.508,6.055,-10.391,2.524,2.838,1.031,1.337,0,NULL,NULL,,2,0,2,7,255,1125,250,0,0
pre_stim,13955,13955,0,13955,3211284.455,0.815,0.330,0.238,0.413,0,0,0,0,0,0,0,17,53,1.194,1,2048,0,287.011,6.841,100.813,264.125,49.500,-0.430,0.227,0.660,-0.742,6.801,-9.746,2.548,2.864,1.031,1.337,0,NULL,NULL,,2,0,2,7,255,1125,250,0,0
pre_stim,13955,13955,0,13955,3211289.454,0.820,0.322,0.229,0.415,0,0,0,0,0,0,0,23,53,1.194,1,2048,0,292.115,7.951,97.125,273.125,36.063,-0.461,0.230,0.789,-1.125,7.871,-9.141,2.578,2.896,1.031,1.337,0,NULL,NULL,,2,0,2,7,255,1125,250,0,0
pre_stim,14014,14014,0,14014,3211294.455,0.824,0.314,0.221,0.417,0,0,0,0,0,0,0,22,53,1.194,1,2048,0,297.741,9.052,88.313,283.625,20.188,-0.453,0.234,0.898,-1.305,8.957,-8.285,2.610,2.930,1.031,1.337,0,NULL,NULL,,2,0,2,7,255,1125,250,0,0
pre_stim,14014,14014,0,14014,3211299.453,0.828,0.306,0.211,0.421,0,0,0,0,0,0,0,22,53,1.194,1,2048,0,304.690,9.759,74.750,295.313,6.250,-0.426,0.234,0.977,-1.305,9.672,-7.297,2.646,2.970,1.031,1.337,0,NULL,NULL,,2,0,2,7,255,1125,250,0,0
pre_stim,14014,14014,0,14014,3211304.455,0.831,0.298,0.202,0.425,0,0,0,0,0,0,0,29,53,1.194,1,2048,0,314.091,9.930,59.063,308.438,-5.563,-0.402,0.215,1.000,-1.148,9.863,-6.301,2.686,3.012,1.031,1.337,0,NULL,NULL,,2,0,2,7,255,1125,250,0,0
pre_stim,14014,14014,0,14014,3211309.454,0.834,0.290,0.191,0.430,0,0,0,0,0,0,0,37,53,1.194,1,2048,0,325.787,9.923,46.500,322.000,-17.063,-0.379,0.207,0.957,-1.090,9.863,-5.695,2.728,3.056,1.031,1.337,0,NULL,NULL,,2,0,2,7,255,1125,250,0,0
pre_stim,14014,14014,0,14014,3211314.455,0.836,0.282,0.180,0.435,0,0,0,0,0,0,0,44,53,1.194,1,2048,0,339.628,9.325,43.000,335.563,-29.938,-0.305,0.191,0.855,-0.902,9.281,-5.660,2.770,3.100,1.031,1.337,0,NULL,NULL,,2,0,2,7,255,1125,250,0,0
pre_stim,14014,14014,0,14014,3211319.453,0.838,0.273,0.169,0.441,0,0,0,0,0,0,0,45,53,1.194,1,2048,0,353.949,8.016,47.813,348.438,-39.813,-0.180,0.152,0.762,-0.445,8.004,-5.590,2.812,3.146,1.031,1.337,0,NULL,NULL,,2,0,2,7,255,1125,250,0,0
pre_stim,14014,14014,0,14014,3211324.455,0.841,0.263,0.158,0.446,0,0,0,0,0,0,0,45,53,1.194,1,2048,0,364.739,6.383,57.750,358.000,-39.188,-0.109,0.121,0.695,0.055,6.383,-5.391,2.852,3.188,1.031,1.337,0,NULL,NULL,,2,0,2,7,255,1125,250,0,0
pre_stim,14014,14014,0,14014,3211329.454,0.843,0.253,0.146,0.452,0,0,0,0,0,0,0,42,53,1.194,1,2048,0,372.660,5.266,72.375,363.813,-35.750,-0.086,0.164,0.680,0.289,5.258,-5.277,2.888,3.226,1.031,1.337,0,NULL,NULL,,2,0,2,7,255,1125,250,0,0
pre_stim,14014,14014,0,14014,3211334.455,0.845,0.243,0.135,0.457,0,0,0,0,0,0,0,47,53,1.194,1,2048,0,379.302,5.110,89.438,366.875,-35.688,-0.043,0.176,0.691,0.848,5.039,-5.273,2.920,3.260,1.031,1.337,0,NULL,NULL,,2,0,2,7,255,1125,250,0,0
pre_stim,14014,14014,0,14014,3211339.453,0.848,0.231,0.124,0.461,0,0,0,0,0,0,0,52,53,1.194,1,2048,0,382.902,4.862,107.500,366.250,-30.313,0.020,0.168,0.727,1.262,4.695,-4.879,2.948,3.292,1.031,1.337,0,NULL,NULL,,2,0,2,7,255,1125,250,0,0
pre_stim,14014,14014,0,14014,3211344.455,0.850,0.219,0.114,0.465,0,0,0,0,0,0,0,53,53,1.194,1,2048,0,384.624,4.544,125.563,362.938,-21.125,0.055,0.176,0.785,1.617,4.246,-4.160,2.974,3.318,1.031,1.337,0,NULL,NULL,,2,0,2,7,255,1125,250,0,0
pre_stim,14014,14014,0,14014,3211349.454,0.853,0.206,0.104,0.469,0,0,0,0,0,0,0,53,53,1.194,1,2048,0,384.815,4.561,141.563,357.625,-12.125,0.078,0.176,0.855,1.938,4.129,-3.430,2.996,3.344,1.031,1.337,0,NULL,NULL,,2,0,2,7,255,1125,250,0,0
pre_stim,14037,14037,0,14037,3211354.455,0.855,0.193,0.094,0.472,0,0,0,0,0,0,0,53,53,1.194,1,2048,0,384.494,4.567,155.375,351.688,-3.188,0.094,0.160,0.914,2.125,4.043,-2.582,3.018,3.370,1.031,1.337,0,NULL,NULL,,2,0,2,7,255,1125,250,0,0
pre_stim,14037,14037,0,14037,3211359.454,0.858,0.180,0.084,0.474,0,0,0,0,0,0,0,51,53,1.194,1,2048,0,385.451,4.471,172.250,344.750,7.063,0.078,0.152,0.984,2.125,3.934,-1.867,3.040,3.392,1.031,1.337,0,NULL,NULL,,2,0,2,7,255,1125,250,0,0
pre_stim,14037,14037,0,14037,3211364.455,0.860,0.165,0.076,0.476,0,0,0,0,0,0,0,53,53,1.194,1,2048,0,387.311,4.454,189.188,337.625,15.063,0.043,0.168,1.098,2.090,3.934,-1.125,3.060,3.414,1.031,1.337,0,NULL,NULL,,2,0,2,7,255,1125,250,0,0
pre_stim,14037,14037,0,14037,3211369.453,0.863,0.151,0.067,0.477,0,0,0,0,0,0,0,53,53,1.194,1,2048,0,387.521,4.866,199.500,331.563,20.938,0.012,0.188,1.270,2.090,4.395,-0.109,3.080,3.438,1.031,1.337,0,NULL,NULL,,2,0,2,7,255,1125,250,0,0
pre_stim,14063,14063,0,14063,3211374.455,0.866,0.137,0.059,0.478,0,0,0,0,0,0,0,53,53,1.194,1,2048,0,384.223,5.398,197.938,328.563,22.250,-0.020,0.176,1.391,2.090,4.977,1.480,3.100,3.460,1.031,1.337,0,NULL,NULL,,2,0,2,7,255,1125,250,0,0
pre_stim,14063,14063,0,14063,3211379.454,0.868,0.123,0.050,0.479,0,0,0,0,0,0,0,53,53,1.194,1,2048,0,380.606,5.462,193.500,327.000,22.125,-0.035,0.168,1.480,2.031,5.070,2.734,3.122,3.484,1.031,1.337,0,NULL,NULL,,2,0,2,7,255,1125,250,0,0
pre_stim,14063,14063,0,14063,3211384.455,0.870,0.109,0.042,0.480,0,0,0,0,0,0,0,49,53,1.194,1,2048,0,379.058,5.527,191.750,326.063,24.500,-0.074,0.199,1.594,2.031,5.141,3.734,3.146,3.510,1.031,1.337,0,NULL,NULL,,2,0,2,7,255,1125,250,0,0
pre_stim,14063,14063,0,14063,3211389.453,0.871,0.095,0.034,0.481,0,0,0,0,0,0,0,56,53,1.194,1,2048,0,376.507,5.721,188.000,325.313,24.188,-0.133,0.215,1.750,2.023,5.352,4.832,3.170,3.538,1.031,1.337,0,NULL,NULL,,2,0,2,7,255,1125,250,0,0
pre_stim,14063,14063,0,14063,3211394.455,0.872,0.081,0.025,0.481,0,0,0,0,0,0,0,59,53,1.194,1,2048,0,369.984,6.088,175.625,325.125,18.375,-0.176,0.203,1.887,2.023,5.742,6.375,3.196,3.566,1.031,1.337,0,NULL,NULL,,2,0,2,7,255,1125,250,0,0
pre_stim,14063,14063,0,14063,3211399.454,0.873,0.068,0.016,0.482,0,0,0,0,0,0,0,57,53,1.194,1,2048,0,360.527,6.013,156.375,324.625,12.063,-0.180,0.184,1.961,1.785,5.742,7.852,3.222,3.594,1.031,1.337,0,NULL,NULL,,2,0,2,7,255,1125,250,0,0
pre_stim,14106,14106,0,14106,3211404.455,0.874,0.056,0.006,0.483,0,0,0,0,0,0,0,62,53,1.194,1,2048,0,352.096,5.542,138.500,323.625,7.500,-0.164,0.172,1.949,1.785,5.246,8.758,3.246,3.620,1.031,1.337,0,NULL,NULL,,2,0,2,7,255,1125,250,0,0
pre_stim,14106,14106,0,14106,3211409.454,0.874,0.044,-0.003,0.484,0,0,0,0,0,0,0,66,53,1.194,1,2048,0,346.767,4.796,129.563,321.625,4.250,-0.156,0.129,1.906,1.750,4.465,8.758,3.270,3.646,1.031,1.337,0,NULL,NULL,,2,0,2,7,255,1125,250,0,0
pre_stim,14106,14106,0,14106,3211414.455,0.874,0.032,-0.013,0.485,0,0,0,0,0,0,0,59,53,1.194,1,2048,0,343.851,3.900,128.500,318.938,-0.625,-0.152,0.066,1.879,1.551,3.578,8.551,3.292,3.670,1.031,1.337,0,NULL,NULL,,2,0,2,7,255,1125,250,0,0
pre_stim,14106,14106,0,14106,3211419.454,0.873,0.021,-0.022,0.486,0,0,0,0,0,0,0,56,53,1.194,1,2048,0,342.370,2.891,131.563,316.000,-7.250,-0.133,0.008,1.867,1.160,2.648,8.449,3.308,3.690,1.031,1.337,0,NULL,NULL,,2,0,2,7,255,1125,250,0,0
pre_stim,14106,14106,0,14106,3211424.455,0.873,0.009,-0.031,0.487,0,0,0,0,0,0,0,61,53,1.194,1,2048,0,342.483,1.855,138.125,313.125,-13.000,-0.094,-0.047,1.848,0.852,1.648,8.422,3.322,3.706,1.031,1.337,0,NULL,NULL,,2,0,2,7,255,1125,250,0,0
pre_stim,14106,14106,0,14106,3211429.453,0.872,-0.004,-0.039,0.489,0,0,0,0,0,0,0,54,53,1.194,1,2048,0,344.757,0.827,149.500,310.188,-17.063,-0.039,-0.094,1.828,0.668,0.488,8.309,3.332,3.718,1.031,1.337,0,NULL,NULL,,2,0,2,7,255,1125,250,0,0
pre_stim,14106,14106,0,14106,3211434.455,0.870,-0.016,-0.047,0.490,0,0,0,0,0,0,0,55,53,1.194,1,2048,0,350.749,0.938,167.375,307.500,-21.313,0.031,-0.141,1.820,0.594,-0.727,8.125,3.338,3.726,1.031,1.337,0,NULL,NULL,,2,0,2,7,255,1125,250,0,0
pre_stim,14106,14106,0,14106,3211439.453,0.869,-0.030,-0.055,0.491,0,0,0,0,0,0,0,56,53,1.194,1,2048,0,360.478,2.166,191.375,304.375,-26.000,0.133,-0.203,1.859,0.582,-2.086,8.125,3.338,3.728,1.031,1.337,0,NULL,NULL,,2,0,2,7,255,1125,250,0,0
pre_stim,14130,14130,0,14130,3211444.455,0.867,-0.045,-0.062,0.493,0,0,0,0,0,0,0,51,53,1.194,1,2048,0,372.828,3.903,218.125,300.875,-29.938,0.297,-0.223,1.969,0.582,-3.859,8.156,3.330,3.724,1.031,1.337,0,NULL,NULL,,2,0,2,7,255,1125,250,0,0
pre_stim,14130,14130,0,14130,3211449.454,0.864,-0.060,-0.068,0.495,0,0,0,0,0,0,0,56,53,1.194,1,2048,0,386.409,6.147,241.500,299.688,-34.313,0.527,-0.152,2.109,1.266,-6.016,8.859,3.316,3.712,1.031,1.337,0,NULL,NULL,,2,0,2,7,255,1125,250,0,0
pre_stim,14130,14130,0,14130,3211454.455,0.862,-0.076,-0.073,0.496,0,0,0,0,0,0,0,57,53,1.194,1,2048,0,399.380,8.917,264.000,298.125,-30.500,0.742,-0.109,2.273,2.953,-8.414,9.621,3.292,3.688,1.031,1.337,0,NULL,NULL,,2,0,2,7,255,1125,250,0,0
pre_stim,14130,14130,0,14130,3211459.454,0.859,-0.093,-0.078,0.497,0,0,0,0,0,0,0,55,53,1.194,1,2048,0,410.869,11.781,282.500,297.438,-23.188,0.902,-0.129,2.465,4.328,-10.957,10.488,3.256,3.656,1.031,1.337,0,NULL,NULL,,2,0,2,7,255,1125,250,0,0
pre_stim,14150,14150,0,14150,3211464.455,0.856,-0.110,-0.083,0.498,0,0,0,0,0,0,0,55,53,1.194,1,2048,0,416.678,14.362,291.563,297.188,-17.063,1.020,-0.172,2.660,4.879,-13.508,11.594,3.210,3.614,1.031,1.337,0,NULL,NULL,,2,0,2,7,255,1125,250,0,0
pre_stim,14150,14150,0,14150,3211469.454,0.853,-0.128,-0.088,0.498,0,0,0,0,0,0,0,55,53,1.194,1,2048,0,415.638,16.672,289.750,297.688,-13.500,1.125,-0.137,2.828,4.918,-15.930,12.703,3.154,3.558,1.031,1.337,0,NULL,NULL,,2,0,2,7,255,1125,250,0,0
pre_stim,14150,14150,0,14150,3211474.455,0.850,-0.144,-0.093,0.498,0,0,0,0,0,0,0,59,53,1.194,1,2048,0,410.461,18.742,281.438,298.500,-13.000,1.246,-0.070,2.930,5.547,-17.902,13.473,3.084,3.492,1.031,1.337,0,NULL,NULL,,2,0,2,7,255,1125,250,0,0
pre_stim,14150,14150,0,14150,3211479.453,0.846,-0.161,-0.099,0.498,0,0,0,0,0,0,0,68,53,1.194,1,2048,0,401.355,20.764,268.625,298.000,-11.063,1.305,-0.074,2.992,6.457,-19.734,13.473,3.006,3.414,1.031,1.337,0,NULL,NULL,,2,0,2,7,255,1125,250,0,0
pre_stim,14150,14150,0,14150,3211484.455,0.843,-0.176,-0.104,0.498,0,0,0,0,0,0,0,68,53,1.194,1,2048,0,383.897,22.213,245.688,294.875,-7.938,1.281,-0.121,3.027,6.457,-21.254,13.289,2.916,3.328,1.031,1.337,0,NULL,NULL,,2,0,2,7,255,1125,250,0,0
pre_stim,14150,14150,0,14150,3211489.454,0.839,-0.190,-0.110,0.497,0,0,0,0,0,0,0,71,53,1.194,1,2048,0,360.149,23.095,216.125,287.875,-11.188,1.297,-0.023,3.059,6.492,-22.164,12.914,2.816,3.230,1.031,1.337,0,NULL,NULL,,2,0,2,7,255,1125,250,0,0
pre_stim,14203,14203,0,14203,3211494.455,0.836,-0.203,-0.117,0.497,0,0,0,0,0,0,0,72,53,1.194,1,2048,0,334.383,23.624,183.250,278.563,-25.188,1.488,0.125,3.070,6.531,-22.703,12.645,2.710,3.126,1.031,1.337,0,NULL,NULL,,2,0,2,7,255,1125,250,0,0
pre_stim,14203,14203,0,14203,3211499.453,0.832,-0.213,-0.124,0.497,0,0,0,0,0,0,0,81,53,1.194,1,2048,0,303.754,25.731,140.938,267.000,-33.375,1.797,0.074,2.965,8.613,-24.246,11.621,2.594,3.012,1.031,1.337,0,NULL,NULL,,2,0,2,7,255,1125,250,0,0
pre_stim,14203,14203,0,14203,3211504.455,0.829,-0.222,-0.131,0.496,0,0,0,0,0,0,0,100,53,1.194,1,2048,0,269.898,28.408,93.688,252.125,-22.375,2.074,-0.129,2.684,9.090,-26.914,8.676,2.472,2.890,1.031,1.337,0,NULL,NULL,,2,0,2,7,255,1125,250,0,0
pre_stim,14203,14203,0,14203,3211509.454,0.827,-0.229,-0.138,0.495,0,0,0,0,0,0,0,137,53,1.194,1,2048,0,241.664,30.335,55.938,235.063,-4.250,2.293,-0.301,2.234,9.090,-28.941,4.000,2.340,2.760,1.031,1.337,0,NULL,NULL,,2,0,2,7,255,1125,250,0,0
pre_stim,14203,14203,0,14203,3211514.455,0.825,-0.235,-0.145,0.493,0,0,0,0,0,0,0,139,53,1.194,1,2048,0,221.366,30.354,42.188,217.125,8.938,2.531,-0.402,1.742,8.785,-29.055,-1.777,2.200,2.624,1.031,1.337,0,NULL,NULL,,2,0,2,7,255,1125,250,0,0
pre_stim,14203,14203,0,14203,3211519.454,0.824,-0.242,-0.151,0.490,0,0,0,0,0,0,0,143,53,1.194,1,2048,0,206.588,30.597,55.625,197.938,20.125,2.836,-0.520,1.352,8.785,-29.309,-7.809,2.058,2.482,1.031,1.337,0,NULL,NULL,,2,0,2,7,255,1125,250,0,0
pre_stim,14203,14203,0,14203,3211524.455,0.822,-0.249,-0.156,0.488,0,0,0,0,0,0,0,160,53,1.194,1,2048,0,200.541,30.956,81.875,179.750,34.688,3.152,-0.730,1.066,8.785,-29.684,-13.293,1.912,2.336,1.031,1.337,0,NULL,NULL,,2,0,2,7,255,1125,250,0,0
pre_stim,14203,14203,0,14203,3211529.453,0.821,-0.257,-0.158,0.485,0,0,0,0,0,0,0,176,53,1.194,1,2048,0,217.200,32.274,125.500,165.000,64.813,3.352,-0.777,0.773,9.098,-30.965,-18.156,1.764,2.188,1.031,1.337,0,NULL,NULL,,2,0,2,7,255,1125,250,0,0
pre_stim,14235,14235,0,14235,3211534.455,0.820,-0.266,-0.159,0.481,0,0,0,0,0,0,0,185,53,1.194,1,2048,0,228.341,32.389,160.813,137.688,85.563,3.395,-1.355,0.930,8.738,-31.188,-22.164,1.612,2.036,1.031,1.337,0,NULL,NULL,,2,0,2,7,255,1125,250,0,0
pre_stim,14235,14235,0,14235,3211539.454,0.819,-0.276,-0.159,0.478,0,0,0,0,0,0,0,183,53,1.194,1,2048,0,228.674,34.442,166.125,117.750,104.063,3.391,-1.496,0.855,4.750,-34.113,-23.055,1.458,1.882,1.031,1.337,0,NULL,NULL,,2,0,2,7,255,1125,250,0,0
pre_stim,14235,14235,0,14235,3211544.455,0.818,-0.286,-0.156,0.474,0,0,0,0,0,0,0,183,53,1.194,1,2048,0,256.595,34.319,205.625,90.375,124.063,3.352,-1.602,0.777,3.750,-34.113,-24.500,1.302,1.726,1.031,1.337,0,NULL,NULL,,2,0,2,7,255,1125,250,0,0
pre_stim,14235,14235,0,14235,3211549.454,0.818,-0.297,-0.151,0.469,0,0,0,0,0,0,0,169,53,1.194,1,2048,0,294.498,34.240,240.188,57.438,160.438,3.207,-1.652,1.316,2.945,-34.113,-24.500,1.144,1.568,1.031,1.337,0,NULL,NULL,,2,0,2,7,255,1125,250,0,0
pre_stim,14235,14235,0,14235,3211554.455,0.818,-0.307,-0.145,0.464,0,0,0,0,0,0,0,163,53,1.194,1,2048,0,304.065,33.982,250.750,26.875,169.875,2.559,-1.605,1.750,2.152,-33.914,-21.359,0.986,1.408,1.031,1.337,0,NULL,NULL,,2,0,2,7,255,1125,250,0,0
pre_stim,14235,14235,0,14235,3211559.454,0.817,-0.316,-0.139,0.461,0,0,0,0,0,0,0,167,53,1.194,1,2048,0,269.950,33.919,236.875,-10.313,129.063,2.098,-1.297,2.344,-0.586,-33.914,-14.992,0.824,1.244,1.031,1.337,0,NULL,NULL,,2,0,2,7,255,1125,250,0,0
pre_stim,14236,14236,0,14236,3211564.455,0.816,-0.323,-0.132,0.460,0,0,0,0,0,0,0,167,53,1.194,1,2048,0,221.091,33.423,204.750,-43.688,71.063,1.898,-1.063,2.707,-0.586,-33.418,-7.367,0.662,1.078,1.031,1.337,0,NULL,NULL,,2,0,2,7,255,1125,250,0,0
pre_stim,14236,14236,0,14236,3211569.454,0.816,-0.327,-0.126,0.460,0,0,0,0,0,0,0,191,53,1.194,1,2048,0,173.683,33.419,147.438,-76.125,51.313,1.824,-0.746,2.977,-0.223,-33.418,-2.996,0.498,0.904,1.031,1.337,0,NULL,NULL,,2,0,2,7,255,1125,250,0,0
pre_stim,14255,14255,0,14255,3211574.455,0.816,-0.329,-0.119,0.460,0,0,0,114,0,0,0,295,53,1.194,1,2048,0,160.690,33.419,100.250,-112.188,56.438,0.996,-0.891,3.527,-0.223,-33.418,0.609,0.342,0.718,1.031,1.337,0,NULL,NULL,,2,0,2,7,255,1125,250,0,0
pre_stim,14255,14255,0,14255,3211579.453,0.819,-0.342,-0.094,0.451,241,0,0,670,0,13,0,343,53,1.194,1,2048,0,672.478,33.804,456.063,-279.875,407.313,-0.008,0.535,7.656,-4.855,-33.453,8.340,0.226,0.522,1.031,1.337,0,NULL,NULL,,2,0,2,7,255,1125,250,0,0
pre_stim,14255,14255,0,14255,3211584.455,0.831,-0.327,-0.092,0.440,839,0,0,1181,0,229,0,395,53,1.194,1,2048,0,505.082,32.285,-371.375,-148.250,308.563,-1.340,2.457,7.426,-4.855,-31.918,49.848,0.262,0.360,1.031,1.337,0,NULL,NULL,,2,0,2,7,255,1125,250,0,0
pre_stim,14255,14255,0,14255,3211589.454,0.850,-0.283,-0.107,0.431,1271,0,0,1549,0,443,0,465,53,1.194,1,2048,0,1184.164,25.976,-1166.250,-120.625,166.000,-1.500,3.688,1.559,3.234,-25.773,49.848,0.324,0.290,1.031,1.337,0,NULL,NULL,,2,0,2,7,255,1125,250,0,0
pre_stim,14314,14314,0,14314,3211594.455,0.863,-0.245,-0.121,0.426,1651,0,0,1771,0,563,0,491,53,1.194,1,2049,0,979.393,22.170,-970.813,-124.500,35.125,-1.875,3.016,-2.184,11.648,18.863,22.258,0.354,0.290,1.031,1.337,1,1166.000,41.000,,2,0,2,7,255,1125,250,0,0
pre_stim,14314,14314,0,14314,3211599.453,0.867,-0.225,-0.126,0.427,1900,0,0,1885,0,819,0,547,53,1.194,1,2049,0,473.526,31.419,-455.563,-103.313,-77.563,-1.563,1.141,-2.676,11.648,29.180,-11.930,0.354,0.320,1.031,1.337,1,NULL,NULL,,2,0,2,7,255,1125,250,0,0
pre_stim,14314,14314,0,14314,3211604.455,0.866,-0.220,-0.122,0.433,2091,0,0,1963,0,936,0,619,53,1.194,1,2049,0,196.832,29.234,-47.375,-141.938,-127.875,-0.258,-0.391,-0.371,-1.785,29.180,-12.938,0.342,0.348,1.031,1.337,1,NULL,NULL,,2,0,2,7,255,1125,250,0,0
pre_stim,14314,14314,0,14314,3211609.454,0.866,-0.218,-0.117,0.435,2207,0,0,2057,0,1098,0,698,53,1.194,1,2049,0,131.678,2.213,19.688,-128.250,-22.438,0.609,0.473,1.578,-1.785,1.309,-12.938,0.334,0.372,1.031,1.337,1,NULL,NULL,,2,0,2,7,255,1125,250,0,0
pre_stim,14314,14314,0,14314,3211614.455,0.869,-0.212,-0.114,0.432,2391,0,0,2179,0,1246,0,783,53,1.194,1,2049,0,190.537,7.797,-113.375,-126.875,85.750,0.270,1.965,1.980,7.797,-0.047,2.684,0.342,0.400,1.031,1.337,1,NULL,NULL,,2,0,2,7,255,1125,250,0,0
pre_stim,14314,14314,0,14314,3211619.453,0.873,-0.200,-0.114,0.429,2589,0,0,2413,0,1332,0,807,53,1.194,1,2049,0,298.310,9.609,-267.875,-114.750,63.750,-0.633,1.613,1.715,9.609,-0.047,11.152,0.360,0.434,1.031,1.337,2,NULL,NULL,,2,0,2,7,255,1125,250,0,0
pre_stim,14314,14314,0,14314,3211624.455,0.878,-0.183,-0.116,0.428,2727,0,0,2600,0,1332,0,904,53,1.194,1,2049,0,394.027,11.327,-371.250,-130.125,22.313,-1.707,-0.492,0.496,9.609,5.996,11.152,0.378,0.470,1.031,1.337,2,NULL,NULL,,2,0,2,7,255,1125,250,0,0
pre_stim,14314,14314,0,14314,3211629.454,0.881,-0.165,-0.117,0.427,2829,0,0,2731,0,1366,0,1015,53,1.194,1,2049,0,420.815,14.983,-385.938,-167.563,-7.750,-1.695,-1.723,-0.344,-13.730,5.996,-0.293,0.370,0.484,1.031,1.337,2,NULL,NULL,,2,0,2,7,255,1125,250,0,0
pre_stim,14314,14314,0,14314,3211634.455,0.881,-0.154,-0.115,0.433,2904,0,0,2827,0,1390,0,1139,53,1.194,1,2049,0,301.710,19.257,-200.000,-166.938,-152.188,-1.074,-1.539,-0.672,-19.016,3.039,-9.926,0.332,0.480,1.031,1.337,2,NULL,NULL,,2,0,2,7,255,1125,250,0,0
pre_stim,14314,14314,0,14314,3211639.453,0.879,-0.149,-0.109,0.440,2959,0,0,2901,0,1417,0,1259,53,1.194,1,2049,0,242.392,19.043,-18.750,-181.938,-159.063,-0.031,-0.875,0.215,-19.016,1.012,-9.926,0.288,0.468,1.031,1.337,2,NULL,NULL,,2,0,2,7,255,1125,250,0,0
pre_stim,14314,14314,0,14314,3211644.455,0.877,-0.146,-0.102,0.445,2983,0,0,2962,0,1451,0,1331,53,1.194,1,2049,0,216.166,8.918,44.563,-177.813,-114.563,0.520,-0.953,1.539,-6.992,-5.535,-8.926,0.248,0.450,1.031,1.337,2,NULL,NULL,,2,0,2,7,255,1125,250,0,0
pre_stim,14314,14314,0,14314,3211649.454,0.878,-0.141,-0.097,0.448,3019,0,0,3017,0,1515,0,1360,53,1.194,1,2049,0,173.645,14.652,-44.625,-160.250,-49.813,0.809,-1.172,2.078,-3.551,-14.215,1.520,0.224,0.420,1.031,1.337,2,NULL,NULL,,2,0,2,7,255,1125,250,0,0
pre_stim,14339,14339,0,14339,3211654.455,0.880,-0.133,-0.094,0.447,3033,0,0,3055,0,1636,0,1369,53,1.194,1,2049,0,216.131,18.562,-151.188,-152.938,21.563,0.910,-1.129,1.707,-3.430,-18.242,2.230,0.220,0.378,1.031,1.337,2,NULL,NULL,,2,0,2,7,255,1125,250,0,0
pre_stim,14339,14339,0,14339,3211659.454,0.883,-0.123,-0.092,0.443,3049,0,0,3093,0,1755,0,1389,53,1.194,1,2049,0,253.832,18.562,-193.438,-132.313,97.500,0.637,-1.156,1.082,-3.430,-18.242,2.230,0.236,0.326,1.031,1.337,2,NULL,NULL,,2,0,2,7,255,1125,250,0,0
pre_stim,14339,14339,0,14339,3211664.455,0.888,-0.115,-0.090,0.437,3067,0,0,3111,0,1867,0,1416,53,1.194,1,2049,0,263.599,15.166,-173.000,-126.313,153.625,0.066,-1.066,0.555,-4.691,-14.422,-2.574,0.266,0.270,1.031,1.337,2,NULL,NULL,,2,0,2,7,255,1125,250,0,0
pre_stim,14339,14339,1,14339,3211669.453,0.891,-0.109,-0.086,0.431,3061,0,0,3128,0,1959,8,1444,53,1.194,1,2049,0,221.696,10.218,-97.500,-127.563,152.875,-0.441,-0.473,0.449,-5.996,-8.273,-4.918,0.300,0.220,1.031,1.337,2,NULL,NULL,,2,1,2,7,255,1125,250,0,0
pre_stim,14360,14360,1,14360,3211674.455,0.894,-0.106,-0.081,0.428,3081,0,0,3131,87,2110,35,1617,53,1.194,1,2049,0,163.454,6.043,-32.125,-125.688,99.438,-0.590,0.129,0.836,-5.996,-0.750,-4.918,0.322,0.188,1.031,1.337,2,NULL,NULL,,2,1,2,7,255,1125,250,0,0
pre_stim,14360,14360,1,14360,3211679.454,0.895,-0.103,-0.077,0.426,3065,0,0,3141,367,2197,183,1724,53,1.194,1,2049,0,139.032,3.362,-27.938,-127.875,46.875,-0.469,0.395,1.371,-2.051,2.664,-0.414,0.340,0.170,1.031,1.337,2,NULL,NULL,,2,1,2,7,255,1125,250,0,0
pre_stim,14360,14360,1,14360,3211684.455,0.895,-0.100,-0.074,0.428,3077,0,0,3150,683,2239,216,1903,53,1.194,1,2049,0,99.597,2.865,-25.750,-89.813,-34.500,-0.133,0.281,2.152,1.055,2.664,4.625,0.354,0.158,1.031,1.337,2,NULL,NULL,,2,1,2,7,255,1125,250,0,0
pre_stim,14360,14360,1,14360,3211689.453,0.894,-0.095,-0.074,0.431,3077,0,0,3155,951,2287,218,1991,53,1.194,1,2049,0,146.248,3.439,-90.000,-54.063,-101.813,0.445,0.152,1.555,2.723,-2.102,4.625,0.368,0.148,1.031,1.337,2,NULL,NULL,,2,1,2,7,255,1125,250,0,0
pre_stim,14360,14360,1,14360,3211694.455,0.893,-0.092,-0.073,0.434,3077,0,0,3159,1106,2317,236,2045,53,1.194,1,2049,0,101.935,7.019,-59.000,-48.250,-67.688,0.879,0.566,0.863,4.922,-5.004,4.191,0.384,0.134,1.031,1.337,2,NULL,NULL,,2,1,2,7,255,1125,250,0,0
pre_stim,14360,14360,1,14360,3211699.454,0.893,-0.091,-0.072,0.434,3068,1,0,3161,1239,2344,264,2103,53,1.194,1,2049,0,27.535,7.557,-7.688,-26.438,0.375,0.465,-0.047,1.168,4.922,-5.734,0.379,0.402,0.118,1.031,1.337,2,NULL,NULL,,2,1,2,7,255,1125,250,0,0
pre_stim,14407,14407,1,14407,3211704.455,0.894,-0.088,-0.073,0.433,3063,31,0,3159,1367,2357,315,2152,53,1.194,1,2049,0,76.365,5.960,-66.875,-18.313,32.000,-0.258,-0.676,1.402,3.195,-5.031,0.379,0.420,0.102,1.031,1.337,2,NULL,NULL,,2,1,2,7,255,1125,250,0,0
pre_stim,14407,14407,1,14407,3211709.454,0.894,-0.084,-0.074,0.433,3069,41,0,3163,1467,2376,319,2204,53,1.194,1,2049,0,100.558,7.179,-97.938,-13.250,-18.563,-0.496,-0.363,0.898,-5.121,-5.031,0.379,0.438,0.088,1.031,1.337,2,NULL,NULL,,2,1,2,7,255,1125,250,0,0
pre_stim,14407,14407,1,14407,3211714.455,0.893,-0.082,-0.074,0.436,3076,55,0,3163,1529,2385,341,2234,53,1.194,1,2049,0,92.306,5.128,-37.063,-12.813,-83.563,-0.191,0.152,0.621,-5.121,-0.273,-0.398,0.452,0.076,1.031,1.337,2,NULL,NULL,,2,1,2,7,255,1125,250,0,0
pre_stim,14407,14407,1,14407,3211719.454,0.891,-0.082,-0.074,0.439,3068,84,0,3163,1587,2397,343,2263,53,1.194,1,2049,0,80.767,0.560,11.063,-12.250,-79.063,0.227,0.094,0.992,0.488,-0.273,-0.715,0.460,0.070,1.031,1.337,2,NULL,NULL,,2,1,2,7,255,1125,250,0,0
pre_stim,14407,14407,1,14407,3211724.455,0.891,-0.081,-0.074,0.440,3076,107,0,3163,1629,2411,337,2287,53,1.194,1,2049,0,27.909,3.159,-17.563,-8.688,-19.875,0.168,-0.195,1.277,0.488,-3.121,-0.715,0.472,0.064,1.031,1.337,2,NULL,NULL,,2,1,2,7,255,1125,250,0,0
pre_stim,14407,14407,1,14407,3211729.453,0.892,-0.079,-0.075,0.440,3076,135,0,3163,1685,2421,338,2313,53,1.194,1,2049,0,61.548,3.153,-60.875,-6.813,6.000,-0.203,-0.148,1.090,0.449,-3.121,0.965,0.486,0.054,1.031,1.337,2,NULL,NULL,,2,1,2,7,255,1125,250,0,0
pre_stim,14407,14407,1,14407,3211734.455,0.891,-0.076,-0.076,0.441,3077,146,47,3165,1747,2429,361,2329,53,1.194,1,2049,0,59.557,2.039,-53.438,-3.500,-26.063,-0.305,-0.035,0.773,-1.469,-1.414,0.965,0.498,0.044,1.031,1.337,2,NULL,NULL,,2,1,2,7,255,1125,250,0,0
pre_stim,14407,14407,1,14407,3211739.453,0.890,-0.075,-0.076,0.443,3079,167,139,3165,1813,2439,349,2344,53,1.194,1,2049,0,52.546,2.025,-16.813,-4.688,-49.563,-0.098,-0.113,0.777,-1.469,-1.395,-1.797,0.510,0.034,1.031,1.337,2,NULL,NULL,,2,1,2,7,255,1125,250,0,0
pre_stim,14429,14429,1,14429,3211744.455,0.890,-0.075,-0.076,0.444,3079,183,223,3165,1864,2443,349,2359,53,1.194,1,2049,0,32.477,1.618,-2.188,-4.688,-32.063,0.070,-0.191,0.996,-0.820,-1.395,-1.797,0.520,0.024,1.031,1.337,2,NULL,NULL,,2,1,2,7,255,1125,250,0,0
pre_stim,14429,14429,1,14429,3211749.454,0.890,-0.074,-0.076,0.444,3081,196,292,3165,1891,2450,343,2375,53,1.194,1,2049,0,15.602,2.280,-14.750,-4.750,-1.813,-0.008,-0.059,1.074,-0.254,-2.266,-0.453,0.530,0.016,1.031,1.337,2,NULL,NULL,,2,1,2,7,255,1125,250,0,0
pre_stim,14429,14429,1,14429,3211754.455,0.890,-0.073,-0.076,0.444,3069,199,333,3161,1908,2457,339,2381,53,1.194,1,2049,0,22.192,2.305,-21.688,-3.000,3.625,-0.148,0.086,0.996,0.426,-2.266,0.063,0.540,0.008,1.031,1.337,2,NULL,NULL,,2,1,2,7,255,1125,250,0,0
pre_stim,14450,14450,1,14450,3211759.454,0.890,-0.073,-0.076,0.444,3090,205,394,3172,1927,2463,341,2391,53,1.192,1,2049,1,16.956,0.602,-14.688,-3.563,-7.688,-0.137,0.066,0.953,0.520,-0.305,0.063,0.000,0.000,1.045,1.341,2,NULL,NULL,,2,1,2,7,255,1125,250,0,0
pre_stim,14450,14450,1,14450,3211764.455,0.890,-0.072,-0.076,0.444,3087,200,443,3170,1946,2464,339,2399,53,1.192,1,2049,1,10.091,0.602,-6.375,-2.938,-7.250,-0.051,-0.035,0.980,0.520,-0.305,-0.313,0.006,0.004,1.045,1.341,2,NULL,NULL,,2,1,2,7,255,1125,250,0,0
pre_stim,14450,14450,1,14450,3211769.454,0.890,-0.072,-0.076,0.444,3087,189,493,3170,1963,2469,335,2403,53,1.192,1,2049,1,6.842,1.615,-4.813,-2.125,4.375,-0.055,-0.059,1.004,0.262,-1.594,-0.313,0.012,0.008,1.045,1.341,2,NULL,NULL,,2,1,2,7,255,1125,250,0,0
pre_stim,14450,14450,1,14450,3211774.455,0.890,-0.072,-0.076,0.444,3081,189,538,3171,1980,2471,340,2408,53,1.192,1,2049,1,11.655,1.615,-2.563,-2.875,11.000,-0.129,0.063,1.020,0.262,-1.594,-0.098,0.018,0.010,1.045,1.341,2,NULL,NULL,,2,1,2,7,255,1125,250,0,0
pre_stim,14450,14450,1,14450,3211779.453,0.890,-0.072,-0.076,0.443,3087,202,565,3167,1995,2471,339,2414,53,1.192,1,2049,1,8.161,0.781,0.438,-3.188,7.500,-0.188,0.109,1.027,0.613,-0.484,0.238,0.024,0.014,1.045,1.341,2,NULL,NULL,,2,1,2,7,255,1125,250,0,0
pre_stim,14450,14450,1,14450,3211784.455,0.890,-0.072,-0.076,0.443,3083,217,591,3166,2008,2473,349,2415,53,1.192,1,2049,1,2.501,0.613,-0.250,-2.250,1.063,-0.188,0.074,1.047,0.613,0.000,0.465,0.030,0.018,1.045,1.341,2,NULL,NULL,,2,1,2,7,255,1125,250,0,0
pre_stim,14450,14450,1,14450,3211789.454,0.890,-0.071,-0.076,0.443,3081,209,623,3164,2019,2472,349,2427,53,1.192,1,2049,1,4.112,0.543,-2.875,-2.938,0.125,-0.148,0.066,1.055,0.543,0.000,0.609,0.034,0.020,1.045,1.341,2,NULL,NULL,,2,1,2,7,255,1125,250,0,0
pre_stim,14503,14503,1,14503,3211794.455,0.890,-0.071,-0.075,0.443,3069,221,671,3165,2036,2479,357,2429,53,1.192,1,2049,1,6.236,0.611,-3.438,-4.563,2.500,-0.152,0.070,1.035,0.543,-0.281,0.609,0.036,0.022,1.045,1.341,2,NULL,NULL,,2,1,2,7,255,1125,250,0,0
pre_stim,14503,14503,1,14503,3211799.453,0.891,-0.071,-0.075,0.443,3062,231,697,3160,2056,2471,363,2441,53,1.192,1,2049,1,6.135,0.611,-1.688,-5.250,2.688,-0.176,0.055,1.012,0.543,-0.281,0.445,0.042,0.024,1.045,1.341,2,NULL,NULL,,2,1,2,7,255,1125,250,0,0
pre_stim,14503,14503,1,14503,3211804.455,0.891,-0.071,-0.075,0.443,3060,229,756,3155,2074,2479,383,2449,53,1.192,1,2049,1,6.313,0.293,-0.063,-6.188,1.250,-0.211,0.051,1.008,0.262,-0.133,0.277,0.044,0.024,1.045,1.341,2,NULL,NULL,,2,1,2,7,255,1125,250,0,0
pre_stim,14503,14503,1,14503,3211809.454,0.891,-0.071,-0.075,0.443,3052,237,794,3141,2101,2479,391,2451,53,1.192,1,2049,1,8.101,0.245,1.125,-7.125,-3.688,-0.223,0.082,1.020,0.211,0.125,0.277,0.048,0.024,1.045,1.341,2,NULL,NULL,,2,1,2,7,255,1125,250,0,0
pre_stim,14503,14503,1,14503,3211814.455,0.890,-0.071,-0.074,0.444,3043,247,839,3149,2127,2472,409,2471,53,1.192,1,2049,1,12.972,0.312,1.750,-8.375,-9.750,-0.184,0.109,1.035,0.211,0.230,0.430,0.052,0.026,1.045,1.341,2,NULL,NULL,,2,1,2,7,255,1125,250,0,0
pre_stim,14503,14503,1,14503,3211819.453,0.890,-0.071,-0.074,0.444,3031,245,878,3131,2147,2475,445,2475,53,1.192,1,2049,1,14.178,0.688,0.250,-8.625,-11.250,-0.133,0.094,1.047,0.648,0.230,0.508,0.054,0.026,1.045,1.341,2,NULL,NULL,,2,1,2,7,255,1125,250,0,0
pre_stim,14503,14503,1,14503,3211824.455,0.890,-0.070,-0.073,0.444,3025,249,925,3120,2169,2471,476,2474,53,1.192,1,2049,1,12.341,0.704,-3.313,-8.375,-8.438,-0.121,0.047,1.023,0.648,-0.273,0.508,0.056,0.026,1.045,1.341,2,NULL,NULL,,2,1,2,7,255,1125,250,0,0
pre_stim,14503,14503,1,14503,3211829.454,0.890,-0.070,-0.073,0.445,3013,253,971,3113,2198,2471,499,2481,53,1.192,1,2049,1,11.326,0.789,-4.625,-7.938,-6.625,-0.145,-0.004,0.984,0.520,-0.594,0.277,0.058,0.026,1.045,1.341,2,NULL,NULL,,2,1,2,7,255,1125,250,0,0
pre_stim,14531,14531,1,14531,3211834.455,0.890,-0.070,-0.073,0.445,3012,255,1001,3103,2213,2469,533,2489,53,1.192,1,2049,1,11.684,0.627,-1.563,-8.125,-8.250,-0.168,-0.047,0.953,-0.055,-0.625,-0.090,0.060,0.024,1.045,1.341,2,NULL,NULL,,2,1,2,7,255,1125,250,0,0
pre_stim,14531,14531,1,14531,3211839.454,0.890,-0.069,-0.073,0.445,2987,253,1021,3097,2227,2471,565,2493,53,1.192,1,2049,1,14.454,0.853,3.063,-8.625,-11.188,-0.168,-0.059,0.945,-0.555,-0.648,-0.332,0.062,0.024,1.045,1.341,2,NULL,NULL,,2,1,2,7,255,1125,250,0,0
pre_stim,14531,14531,1,14531,3211844.455,0.889,-0.069,-0.072,0.446,2972,249,1041,3079,2245,2463,583,2493,53,1.192,1,2049,1,16.653,0.896,6.688,-9.000,-12.313,-0.152,-0.051,0.965,-0.555,-0.703,-0.332,0.064,0.024,1.045,1.341,2,NULL,NULL,,2,1,2,7,255,1125,250,0,0
pre_stim,14531,14531,1,14531,3211849.454,0.889,-0.069,-0.072,0.446,2967,247,1077,3064,2259,2468,611,2509,53,1.192,1,2049,1,16.249,0.912,7.000,-9.625,-11.063,-0.148,-0.039,0.980,-0.496,-0.766,-0.250,0.066,0.024,1.045,1.341,2,NULL,NULL,,2,1,2,7,255,1125,250,0,0
pre_stim,14531,14531,1,14531,3211854.455,0.889,-0.069,-0.071,0.447,2939,249,1088,3047,2279,2461,661,2513,53,1.192,1,2049,1,15.627,0.860,5.938,-10.438,-10.000,-0.160,-0.031,0.973,-0.391,-0.766,-0.176,0.068,0.024,1.045,1.341,2,NULL,NULL,,2,1,2,7,255,1125,250,0,0
pre_stim,14531,14531,1,14531,3211859.454,0.889,-0.069,-0.071,0.447,2931,250,1140,3028,2291,2459,715,2523,53,1.192,1,2049,1,16.640,0.734,6.688,-11.813,-9.625,-0.168,-0.039,0.965,-0.391,-0.621,-0.176,0.070,0.024,1.045,1.341,2,NULL,NULL,,2,1,2,7,255,1125,250,0,0
pre_stim,14531,14531,1,14531,3211864.455,0.889,-0.069,-0.070,0.448,2894,247,1188,3016,2315,2463,749,2525,53,1.192,1,2049,1,18.828,0.713,8.750,-13.000,-10.438,-0.180,-0.016,0.965,-0.434,-0.566,-0.211,0.070,0.022,1.045,1.341,2,NULL,NULL,,2,1,2,7,255,1125,250,0,0
pre_stim,14531,14531,1,14531,3211869.453,0.889,-0.069,-0.069,0.448,2879,252,1223,2996,2341,2459,841,2539,53,1.192,1,2049,1,22.292,0.556,11.500,-14.438,-12.500,-0.184,0.031,0.977,-0.434,-0.348,-0.211,0.072,0.020,1.045,1.341,2,NULL,NULL,,2,1,2,7,255,1125,250,0,0
pre_stim,14555,14555,1,14555,3211874.455,0.888,-0.069,-0.068,0.449,2857,245,1259,2979,2363,2457,909,2552,53,1.192,1,2049,1,24.351,0.094,12.938,-15.813,-13.250,-0.164,0.086,1.004,-0.070,-0.063,-0.086,0.070,0.016,1.045,1.341,2,NULL,NULL,,2,1,2,7,255,1125,250,0,0
pre_stim,14555,14555,1,14555,3211879.454,0.888,-0.069,-0.067,0.449,2831,250,1339,2967,2394,2461,963,2571,53,1.192,1,2049,1,23.665,0.475,10.938,-16.375,-13.125,-0.148,0.121,1.031,0.469,0.078,0.184,0.070,0.014,1.045,1.341,2,NULL,NULL,,2,1,2,7,255,1125,250,0,0
pre_stim,14555,14555,1,14555,3211884.455,0.888,-0.069,-0.066,0.450,2803,245,1417,2932,2411,2459,1001,2577,53,1.192,1,2049,1,22.167,0.846,6.813,-16.563,-13.063,-0.145,0.129,1.039,0.840,0.102,0.434,0.068,0.012,1.045,1.341,2,NULL,NULL,,2,1,2,7,255,1125,250,0,0
pre_stim,14555,14555,1,14555,3211889.453,0.888,-0.069,-0.066,0.451,2773,251,1491,2905,2441,2460,1085,2585,53,1.192,1,2049,1,22.085,0.847,3.438,-16.938,-13.750,-0.148,0.121,1.027,0.840,0.113,0.434,0.068,0.012,1.045,1.341,2,NULL,NULL,,2,1,2,7,255,1125,250,0,0
pre_stim,14580,14580,1,14580,3211894.455,0.887,-0.069,-0.065,0.451,2742,247,1578,2893,2469,2460,1177,2603,53,1.192,1,2049,1,23.421,0.844,2.688,-17.125,-15.750,-0.152,0.129,1.020,0.832,0.141,0.395,0.068,0.014,1.045,1.341,2,NULL,NULL,,2,1,2,7,255,1125,250,0,0
pre_stim,14580,14580,1,14580,3211899.454,0.887,-0.069,-0.064,0.452,2709,245,1651,2860,2491,2461,1262,2611,53,1.192,1,2049,1,25.281,0.863,2.438,-17.125,-18.438,-0.152,0.129,1.023,0.832,0.230,0.383,0.068,0.018,1.045,1.341,2,NULL,NULL,,2,1,2,7,255,1125,250,0,0
pre_stim,14614,14614,1,14614,3211904.455,0.887,-0.069,-0.063,0.453,2663,231,1741,2840,2508,2459,1322,2629,53,1.192,1,2049,1,27.130,0.873,0.750,-17.313,-20.875,-0.156,0.145,1.035,0.836,0.250,0.383,0.068,0.024,1.045,1.341,2,NULL,NULL,,2,1,2,7,255,1125,250,0,0
pre_stim,14614,14614,1,14614,3211909.454,0.886,-0.068,-0.063,0.454,2608,254,1811,2823,2540,2463,1399,2632,53,1.192,1,2049,1,30.822,0.995,-3.250,-16.625,-25.750,-0.148,0.176,1.055,0.938,0.332,0.492,0.068,0.028,1.045,1.341,2,NULL,NULL,,2,1,2,7,255,1125,250,0,0
pre_stim,14614,14614,1,14614,3211914.455,0.886,-0.067,-0.062,0.455,2558,279,1911,2797,2570,2467,1495,2648,53,1.192,1,2049,1,37.972,1.180,-10.188,-15.250,-33.250,-0.141,0.156,1.063,1.133,0.332,0.672,0.070,0.030,1.045,1.341,2,NULL,NULL,,2,1,2,7,255,1125,250,0,0
pre_stim,14614,14614,0,14614,3211919.453,0.885,-0.066,-0.062,0.456,2514,281,2005,2772,2589,2459,1567,2658,53,1.192,1,2049,1,44.291,1.169,-17.625,-14.875,-37.813,-0.137,0.098,1.051,1.133,0.289,0.672,0.070,0.032,1.045,1.341,2,NULL,NULL,,2,0,2,7,255,1125,250,0,0
pre_stim,14614,14614,0,14614,3211924.455,0.884,-0.065,-0.062,0.458,2447,291,2083,2743,2613,2461,1663,2668,53,1.192,1,2049,1,49.864,0.689,-24.500,-14.500,-40.938,-0.145,0.047,1.039,0.688,-0.051,0.605,0.072,0.036,1.045,1.341,2,NULL,NULL,,2,0,2,7,255,1125,250,0,0
pre_stim,14614,14614,0,14614,3211929.454,0.884,-0.063,-0.062,0.460,2395,328,2154,2724,2649,2473,1753,2683,53,1.192,1,2049,1,57.261,0.357,-31.313,-14.125,-45.813,-0.145,0.020,1.035,0.266,-0.238,0.488,0.074,0.038,1.045,1.341,2,NULL,NULL,,2,0,2,7,255,1125,250,0,0
pre_stim,14614,14614,0,14614,3211934.455,0.883,-0.061,-0.062,0.462,2315,347,2239,2695,2669,2473,1828,2695,53,1.192,1,2049,1,66.480,0.365,-39.875,-14.250,-51.250,-0.133,-0.012,1.047,0.031,-0.363,0.488,0.074,0.038,1.045,1.341,2,NULL,NULL,,2,0,2,7,255,1125,250,0,0
pre_stim,14614,14614,0,14614,3211939.453,0.882,-0.059,-0.063,0.464,2248,355,2313,2665,2695,2463,1927,2705,53,1.192,1,2049,1,76.462,0.614,-50.125,-13.563,-56.125,-0.125,-0.039,1.043,-0.121,-0.602,0.457,0.076,0.038,1.045,1.341,2,NULL,NULL,,2,0,2,7,255,1125,250,0,0
pre_stim,14614,14614,0,14614,3211944.455,0.881,-0.056,-0.064,0.466,2156,363,2389,2623,2709,2460,2000,2715,53,1.192,1,2049,1,78.967,0.788,-55.000,-14.125,-54.875,-0.109,-0.039,0.977,-0.188,-0.766,0.457,0.076,0.040,1.045,1.341,2,NULL,NULL,,2,0,2,7,255,1125,250,0,0
pre_stim,14614,14614,0,14614,3211949.454,0.880,-0.054,-0.064,0.467,2087,365,2461,2595,2733,2465,2072,2733,53,1.192,1,2049,0,72.679,0.788,-50.500,-14.813,-50.125,-0.105,-0.020,0.938,-0.188,-0.766,-0.188,0.078,0.038,1.045,1.341,2,NULL,NULL,,2,0,2,7,255,1125,250,0,0
pre_stim,14636,14636,0,14636,3211954.455,0.879,-0.051,-0.064,0.469,2019,366,2531,2539,2747,2460,2132,2739,53,1.192,1,2049,0,68.033,0.615,-44.000,-15.563,-49.500,-0.129,-0.039,0.977,-0.188,-0.586,-0.188,0.080,0.036,1.045,1.341,2,NULL,NULL,,2,0,2,7,255,1125,250,0,0
pre_stim,14636,14636,0,14636,3211959.454,0.878,-0.049,-0.065,0.471,1925,365,2587,2507,2771,2445,2185,2760,53,1.192,1,2049,0,70.304,0.628,-46.000,-16.625,-50.500,-0.137,-0.070,1.035,-0.227,-0.586,-0.172,0.082,0.032,1.045,1.341,2,NULL,NULL,,2,0,2,7,255,1125,250,0,0
pre_stim,14636,14636,0,14636,3211964.455,0.877,-0.046,-0.065,0.473,1827,371,2623,2463,2779,2451,2251,2765,53,1.192,1,2049,0,77.200,0.585,-52.750,-17.750,-53.500,-0.156,-0.035,1.047,-0.227,-0.539,0.430,0.086,0.028,1.045,1.341,2,NULL,NULL,,2,0,2,7,255,1125,250,0,0
pre_stim,14636,14636,0,14636,3211969.453,0.876,-0.044,-0.066,0.475,1701,364,2679,2405,2793,2449,2293,2767,53,1.192,1,2049,0,80.015,0.362,-53.625,-17.500,-56.750,-0.117,0.004,0.984,-0.223,-0.285,0.430,0.088,0.024,1.045,1.341,2,NULL,NULL,,2,0,2,7,255,1125,250,0,0
pre_stim,14664,14664,0,14664,3211974.455,0.875,-0.041,-0.066,0.477,1553,365,2731,2334,2827,2445,2335,2793,53,1.192,1,2049,0,74.544,0.409,-48.563,-18.875,-53.313,-0.078,-0.008,0.957,0.293,-0.285,-0.105,0.090,0.020,1.045,1.341,2,NULL,NULL,,2,0,2,7,255,1125,250,0,0
pre_stim,14664,14664,0,14664,3211979.454,0.875,-0.039,-0.066,0.479,1391,360,2761,2259,2840,2441,2387,2796,53,1.192,1,2049,0,63.722,0.655,-40.563,-20.313,-44.750,-0.086,-0.031,0.965,0.293,-0.586,-0.320,0.092,0.020,1.045,1.341,2,NULL,NULL,,2,0,2,7,255,1125,250,0,0
pre_stim,14664,14664,0,14664,3211984.455,0.874,-0.037,-0.066,0.480,1228,345,2798,2185,2856,2425,2443,2809,53,1.192,1,2049,0,59.364,0.623,-37.750,-22.000,-40.188,-0.121,-0.063,1.004,0.211,-0.586,-0.320,0.096,0.018,1.045,1.341,2,NULL,NULL,,2,0,2,7,255,1125,250,0,0
pre_stim,14664,14664,0,14664,3211989.453,0.873,-0.035,-0.066,0.481,1110,339,2839,2079,2863,2416,2468,2820,53,1.192,1,2049,0,59.907,0.523,-35.750,-22.813,-42.313,-0.145,-0.066,1.016,-0.188,-0.488,0.117,0.096,0.018,1.045,1.341,2,NULL,NULL,,2,0,2,7,255,1125,250,0,0
pre_stim,14664,14664,0,14664,3211994.455,0.872,-0.033,-0.066,0.483,933,335,2863,1961,2884,2409,2523,2824,53,1.192,1,2049,0,61.267,0.392,-34.813,-24.500,-44.063,-0.129,-0.059,1.012,-0.188,-0.344,0.199,0.098,0.018,1.045,1.341,2,NULL,NULL,,2,0,2,7,255,1125,250,0,0
pre_stim,14664,14664,0,14664,3211999.454,0.872,-0.031,-0.065,0.485,795,300,2897,1790,2892,2409,2551,2844,53,1.192,1,2049,0,59.152,0.383,-33.000,-26.125,-41.563,-0.082,-0.027,1.008,-0.168,-0.344,0.199,0.100,0.018,1.045,1.341,2,NULL,NULL,,2,0,2,7,255,1125,250,0,0
pre_stim,14707,14707,0,14707,3212004.455,0.871,-0.029,-0.065,0.486,585,265,2910,1573,2907,2397,2595,2839,53,1.192,1,2049,0,53.693,0.632,-29.500,-26.688,-36.063,-0.066,-0.035,1.004,0.348,-0.527,0.094,0.104,0.016,1.045,1.341,2,NULL,NULL,,2,0,2,7,255,1125,250,0,0
pre_stim,14707,14707,0,14707,3212009.454,0.871,-0.027,-0.064,0.487,411,225,2939,1403,2919,2389,2617,2855,53,1.192,1,2049,0,47.776,0.730,-25.438,-28.938,-28.250,-0.059,-0.016,1.035,0.402,-0.609,0.094,0.106,0.016,1.045,1.341,2,NULL,NULL,,2,0,2,7,255,1125,250,0,0
pre_stim,14707,14707,0,14707,3212014.455,0.870,-0.026,-0.063,0.488,281,175,2957,1252,2935,2376,2637,2855,53,1.192,1,2049,0,47.356,0.764,-26.813,-29.500,-25.563,-0.074,-0.027,1.047,0.461,-0.609,0.328,0.110,0.014,1.045,1.341,2,NULL,NULL,,2,0,2,7,255,1125,250,0,0
pre_stim,14707,14707,0,14707,3212019.454,0.870,-0.024,-0.063,0.488,185,165,2962,1052,2942,2359,2661,2868,53,1.192,1,2049,0,45.113,0.738,-24.125,-32.375,-20.125,-0.074,-0.023,1.047,0.516,-0.527,0.438,0.112,0.012,1.045,1.341,2,NULL,NULL,,2,0,2,7,255,1125,250,0,0
pre_stim,14707,14707,0,14707,3212024.455,0.870,-0.022,-0.062,0.489,93,115,2970,921,2965,2332,2680,2863,53,1.192,1,2049,0,45.651,0.671,-24.000,-33.938,-18.875,-0.070,-0.031,1.027,0.461,-0.488,0.438,0.114,0.012,1.045,1.341,2,NULL,NULL,,2,0,2,7,255,1125,250,0,0
pre_stim,14707,14707,0,14707,3212029.454,0.870,-0.021,-0.061,0.490,52,69,2989,731,2971,2300,2717,2883,53,1.192,1,2049,0,44.574,0.710,-20.125,-36.188,-16.500,-0.043,-0.027,1.000,0.516,-0.488,0.250,0.116,0.012,1.045,1.341,2,NULL,NULL,,2,0,2,7,255,1125,250,0,0
pre_stim,14707,14707,0,14707,3212034.455,0.870,-0.020,-0.059,0.490,31,44,2987,569,2983,2283,2731,2879,53,1.192,1,2049,0,39.118,0.661,-4.000,-38.438,-6.063,-0.082,-0.020,1.020,0.445,-0.488,0.191,0.118,0.012,1.045,1.341,2,NULL,NULL,,2,0,2,7,255,1125,250,0,0
pre_stim,14707,14707,0,14707,3212039.453,0.870,-0.019,-0.057,0.490,28,25,3016,471,2999,2265,2749,2899,53,1.192,1,2049,0,47.833,0.509,14.375,-45.250,5.813,-0.184,-0.070,1.211,0.445,-0.246,0.191,0.120,0.014,1.045,1.341,2,NULL,NULL,,2,0,2,7,255,1125,250,0,0
pre_stim,14728,14728,0,14728,3212044.455,0.870,-0.019,-0.055,0.489,13,5,3021,419,2999,2247,2773,2899,53,1.192,1,2049,0,59.969,0.406,23.563,-53.500,13.375,-0.266,-0.082,1.477,-0.332,0.234,2.207,0.122,0.016,1.045,1.341,2,NULL,NULL,,2,0,2,7,255,1125,250,0,0
pre_stim,14728,14728,0,14728,3212049.454,0.871,-0.018,-0.053,0.488,4,0,3021,399,3005,2230,2803,2905,53,1.192,1,2049,0,65.835,0.726,-1.188,-58.938,29.313,-0.242,-0.086,1.508,-0.516,0.512,4.887,0.122,0.020,1.045,1.341,2,NULL,NULL,,2,0,2,7,255,1125,250,0,0
pre_stim,14728,14728,0,14728,3212054.455,0.872,-0.015,-0.052,0.487,0,0,3028,368,3025,2204,2823,2913,53,1.192,1,2049,0,80.277,0.784,-48.563,-60.875,19.500,-0.270,-0.184,1.262,-0.594,0.512,4.887,0.124,0.024,1.045,1.341,2,NULL,NULL,,2,0,2,7,255,1125,250,0,0
pre_stim,14728,14728,0,14728,3212059.454,0.872,-0.012,-0.050,0.487,0,0,3035,335,3029,2163,2829,2913,53,1.192,1,2049,0,81.749,1.319,-45.625,-66.438,13.688,-0.109,-0.184,0.938,-1.227,0.484,2.848,0.124,0.028,1.045,1.341,2,NULL,NULL,,2,0,2,7,255,1125,250,0,0
pre_stim,14751,14751,0,14751,3212064.455,0.873,-0.010,-0.048,0.485,0,0,3035,289,3035,2119,2846,2915,53,1.192,1,2049,0,77.704,1.406,-14.063,-70.125,30.375,-0.117,-0.184,0.887,-1.328,-0.461,-0.480,0.124,0.032,1.045,1.341,2,NULL,NULL,,2,0,2,7,255,1125,250,0,0
pre_stim,14751,14751,0,14751,3212069.454,0.874,-0.008,-0.045,0.484,0,0,3035,233,3033,2071,2867,2919,53,1.192,1,2049,0,84.948,1.310,11.125,-76.938,34.250,-0.148,-0.086,1.051,-1.227,-0.461,-0.480,0.120,0.036,1.045,1.341,2,NULL,NULL,,2,0,2,7,255,1125,250,0,0
pre_stim,14751,14751,0,14751,3212074.455,0.875,-0.008,-0.041,0.483,0,0,3043,203,3049,1999,2875,2931,53,1.192,1,2049,0,89.832,0.638,17.063,-80.375,36.313,-0.207,-0.059,1.199,-0.563,0.301,0.605,0.116,0.042,1.045,1.341,2,NULL,NULL,,2,0,2,7,255,1125,250,0,0
pre_stim,14751,14751,0,14751,3212079.454,0.876,-0.006,-0.038,0.481,0,0,3047,158,3051,1918,2897,2921,53,1.192,1,2049,0,91.844,0.638,3.000,-84.938,34.813,-0.129,-0.113,1.254,-0.563,0.301,2.082,0.110,0.048,1.045,1.341,2,NULL,NULL,,2,0,2,7,255,1125,250,0,0
pre_stim,14751,14751,0,14751,3212084.455,0.877,-0.004,-0.035,0.479,0,0,3043,103,3065,1831,2907,2933,53,1.192,1,2049,0,98.358,0.917,-2.875,-88.625,42.563,-0.195,-0.109,1.211,-0.629,0.668,2.199,0.108,0.054,1.045,1.341,3,NULL,NULL,,2,0,2,7,255,1125,250,0,0
pre_stim,14751,14751,0,14751,3212089.453,0.878,-0.002,-0.032,0.478,0,0,3036,57,3067,1743,2919,2931,53,1.192,1,2049,0,104.400,0.917,-4.625,-94.000,45.188,-0.172,-0.063,1.199,-0.629,0.668,2.199,0.104,0.064,1.045,1.341,3,NULL,NULL,,2,0,2,7,255,1125,250,0,0
pre_stim,14803,14803,0,14803,3212094.455,0.879,-0.000,-0.028,0.476,0,0,3032,16,3081,1643,2937,2925,53,1.192,1,2049,0,108.503,1.181,-0.875,-98.813,44.813,-0.254,-0.039,1.191,-0.871,0.797,2.027,0.098,0.074,1.045,1.341,3,NULL,NULL,,2,0,2,7,255,1125,250,0,0
pre_stim,14803,14803,0,14803,3212099.454,0.880,0.001,-0.024,0.474,0,0,3027,0,3087,1546,2954,2921,53,1.192,1,2049,0,111.872,1.776,6.813,-104.563,39.188,-0.199,0.027,1.234,-0.578,1.680,2.027,0.092,0.084,1.045,1.341,3,NULL,NULL,,2,0,2,7,255,1125,250,0,0
pre_stim,14829,14829,0,14829,3212104.455,0.881,0.003,-0.020,0.473,0,0,3019,0,3083,1371,2964,2921,53,1.192,1,2049,0,113.510,1.780,2.875,-108.813,32.188,-0.219,-0.012,1.250,-0.578,1.684,2.328,0.086,0.092,1.045,1.341,3,NULL,NULL,,2,0,2,7,255,1125,250,0,0
pre_stim,14829,14829,0,14829,3212109.454,0.882,0.005,-0.016,0.471,0,0,3017,0,3091,1233,2959,2913,53,1.192,1,2049,0,119.483,1.682,5.438,-114.938,32.188,-0.137,0.012,1.270,-0.078,1.680,2.484,0.078,0.096,1.045,1.341,3,NULL,NULL,,2,0,2,7,255,1125,250,0,0
pre_stim,14829,14829,0,14829,3212114.455,0.883,0.008,-0.011,0.470,0,0,3018,0,3091,1055,2969,2903,53,1.192,1,2049,0,121.765,1.608,-7.375,-118.000,29.125,-0.184,-0.031,1.223,-0.578,1.500,2.484,0.072,0.102,1.045,1.341,3,NULL,NULL,,2,0,2,7,255,1125,250,0,0
pre_stim,14829,14829,0,14829,3212119.454,0.883,0.010,-0.007,0.469,0,0,2999,0,3100,915,2983,2891,53,1.192,1,2049,0,128.668,1.491,1.000,-124.125,33.875,-0.164,-0.051,1.203,-0.715,1.309,2.203,0.064,0.108,1.045,1.341,3,NULL,NULL,,2,0,2,7,255,1125,250,0,0
pre_stim,14829,14829,0,14829,3212124.455,0.884,0.013,-0.002,0.467,0,0,2997,0,3094,713,2989,2885,53,1.192,1,2049,0,131.940,1.598,-5.938,-128.563,29.063,-0.188,-0.094,1.160,-0.840,1.359,2.012,0.058,0.116,1.045,1.341,3,NULL,NULL,,2,0,2,7,255,1125,250,0,0
pre_stim,14829,14829,0,14829,3212129.453,0.885,0.016,0.003,0.466,0,0,2971,0,3099,570,2992,2859,53,1.192,1,2049,0,137.682,1.927,4.063,-134.313,30.000,-0.230,-0.203,1.184,-1.414,1.309,1.852,0.050,0.124,1.045,1.341,3,NULL,NULL,,2,0,2,7,255,1125,250,0,0
pre_stim,14829,14829,0,14829,3212134.455,0.885,0.018,0.008,0.465,0,0,2944,0,3107,469,3004,2845,53,1.192,1,2049,0,141.822,2.556,2.000,-140.563,18.750,-0.211,-0.156,1.191,-2.164,1.359,1.852,0.044,0.134,1.045,1.341,3,NULL,NULL,,2,0,2,7,255,1125,250,0,0
pre_stim,14829,14829,0,14829,3212139.453,0.885,0.021,0.013,0.464,0,0,2952,0,3104,293,3007,2829,53,1.192,1,2049,0,146.238,2.497,-3.500,-145.688,12.188,-0.129,-0.148,1.156,-2.164,1.246,1.852,0.042,0.144,1.045,1.341,3,NULL,NULL,,2,0,2,7,255,1125,250,0,0
pre_stim,14829,14829,0,14829,3212144.455,0.886,0.024,0.019,0.463,0,0,2915,0,3107,123,3017,2804,53,1.192,1,2049,0,153.071,2.039,4.750,-152.125,16.313,-0.078,-0.063,1.145,-1.730,1.078,1.520,0.042,0.156,1.045,1.341,3,NULL,NULL,,2,0,2,7,255,1125,250,0,0
pre_stim,14829,14829,0,14829,3212149.454,0.886,0.027,0.025,0.462,0,0,2889,0,3101,93,3030,2769,53,1.192,1,2049,0,159.943,1.393,11.563,-158.000,22.000,-0.113,-0.031,1.133,-0.883,1.078,1.348,0.046,0.166,1.045,1.341,3,NULL,NULL,,2,0,2,7,255,1125,250,0,0
pre_stim,14829,14829,0,14829,3212154.455,0.887,0.029,0.032,0.461,0,0,2867,0,3115,23,3017,2739,53,1.192,1,2049,0,167.893,1.870,26.625,-164.625,19.438,-0.168,0.004,1.238,-0.883,1.648,1.348,0.054,0.180,1.045,1.341,3,NULL,NULL,,2,0,2,7,255,1125,250,0,0
pre_stim,14829,14829,0,14829,3212159.454,0.887,0.031,0.039,0.460,0,0,2839,0,3116,0,3036,2723,53,1.192,1,2049,0,175.370,2.675,27.688,-172.563,14.500,-0.180,0.039,1.375,-0.973,2.492,2.117,0.062,0.194,1.045,1.341,3,NULL,NULL,,2,0,2,7,255,1125,250,0,0
pre_stim,14847,14847,0,14847,3212164.455,0.887,0.034,0.046,0.459,0,0,2806,0,3114,0,3033,2685,53,1.192,1,2049,0,182.064,3.195,24.563,-180.000,12.000,-0.148,0.051,1.453,-0.973,3.043,3.379,0.066,0.208,1.045,1.341,3,NULL,NULL,,2,0,2,7,255,1125,250,0,0
pre_stim,14847,14847,0,14847,3212169.454,0.887,0.037,0.053,0.458,0,0,2769,0,3125,0,3035,2635,53,1.192,1,2049,0,189.585,3.234,9.625,-189.063,10.250,-0.090,0.102,1.512,-0.891,3.109,4.145,0.074,0.226,1.045,1.341,3,NULL,NULL,,2,0,2,7,255,1125,250,0,0
pre_stim,14847,14847,0,14847,3212174.455,0.887,0.041,0.061,0.456,0,0,2709,0,3125,0,3043,2589,53,1.192,1,2049,0,198.784,3.242,0.375,-197.813,19.625,-0.141,0.121,1.598,-0.613,3.184,4.727,0.084,0.246,1.045,1.341,3,NULL,NULL,,2,0,2,7,255,1125,250,0,0
pre_stim,14847,14847,0,14847,3212179.453,0.887,0.045,0.069,0.455,0,0,2645,0,3107,0,3037,2525,53,1.192,1,2049,0,211.188,4.047,1.625,-209.375,27.563,-0.230,0.168,1.781,-0.613,4.000,5.398,0.098,0.270,1.045,1.341,3,NULL,NULL,,2,0,2,7,255,1125,250,0,0
pre_stim,14870,14870,0,14870,3212184.455,0.887,0.050,0.077,0.453,0,0,2567,0,3113,0,3035,2462,53,1.192,1,2049,0,223.941,5.569,-13.875,-222.563,20.563,-0.324,0.234,1.914,-1.012,5.477,6.953,0.116,0.296,1.045,1.341,3,NULL,NULL,,2,0,2,7,255,1125,250,0,0
pre_stim,14870,14870,0,14870,3212189.453,0.886,0.056,0.086,0.452,0,0,2479,0,3099,0,3029,2383,53,1.192,1,2049,0,243.610,7.204,-39.563,-239.500,20.500,-0.375,0.273,1.961,-1.297,7.086,7.930,0.140,0.328,1.045,1.341,3,NULL,NULL,,2,0,2,7,255,1125,250,0,0
pre_stim,14870,14870,0,14870,3212194.455,0.886,0.063,0.095,0.450,0,0,2362,0,3083,0,3031,2291,53,1.192,1,2049,0,260.444,8.232,-42.938,-256.125,19.688,-0.395,0.402,2.094,-1.297,8.129,8.125,0.172,0.364,1.045,1.341,3,NULL,NULL,,2,0,2,7,255,1125,250,0,0
pre_stim,14870,14870,0,14870,3212199.454,0.885,0.071,0.104,0.449,0,0,2251,0,3067,0,3023,2207,53,1.192,1,2049,0,281.856,9.690,-58.438,-275.313,15.188,-0.391,0.543,2.148,-0.852,9.652,9.082,0.208,0.408,1.045,1.341,3,NULL,NULL,,2,0,2,7,255,1125,250,0,0
pre_stim,14913,14913,0,14913,3212204.455,0.884,0.080,0.114,0.447,0,0,2129,0,3053,0,3000,2089,53,1.192,1,2049,0,307.525,10.973,-86.063,-294.875,14.625,-0.363,0.578,2.129,0.039,10.973,9.082,0.252,0.454,1.045,1.341,3,NULL,NULL,,2,0,2,7,255,1125,250,0,0
pre_stim,14913,14913,0,14913,3212209.454,0.882,0.090,0.123,0.445,0,0,1949,0,3035,0,2984,1977,53,1.192,1,2049,0,330.615,11.402,-104.688,-313.000,19.438,-0.363,0.621,2.125,0.293,11.398,8.852,0.300,0.508,1.045,1.341,3,NULL,NULL,,2,0,2,7,255,1125,250,0,0
pre_stim,14913,14913,0,14913,3212214.455,0.880,0.101,0.134,0.444,0,0,1815,0,3023,0,2963,1877,53,1.192,1,2049,0,351.839,12.164,-118.750,-330.750,17.125,-0.391,0.613,2.109,0.293,12.160,8.453,0.354,0.566,1.045,1.341,3,NULL,NULL,,2,0,2,7,255,1125,250,0,0
pre_stim,14913,14913,0,14913,3212219.454,0.878,0.113,0.145,0.442,0,0,1685,0,2980,0,2916,1764,53,1.192,1,2049,0,368.460,12.782,-120.500,-347.938,13.500,-0.449,0.621,2.176,0.148,12.781,7.879,0.416,0.630,1.045,1.341,3,NULL,NULL,,2,0,2,7,255,1125,250,0,0
pre_stim,14913,14913,0,14913,3212224.455,0.875,0.124,0.156,0.440,0,0,1590,0,2936,0,2873,1623,53,1.192,1,2049,0,379.459,14.044,-115.688,-361.375,3.688,-0.488,0.742,2.445,-0.195,14.043,7.879,0.486,0.704,1.045,1.341,3,NULL,NULL,,2,0,2,7,255,1125,250,0,0
pre_stim,14913,14913,0,14913,3212229.453,0.872,0.136,0.168,0.439,0,0,1502,0,2893,0,2787,1500,53,1.192,1,2049,0,398.757,16.524,-126.625,-378.000,-9.438,-0.574,0.793,2.730,-0.371,16.520,9.578,0.568,0.788,1.045,1.341,3,NULL,NULL,,2,0,2,7,255,1125,250,0,0
pre_stim,14913,14913,0,14913,3212234.455,0.868,0.150,0.180,0.438,0,0,1381,0,2813,0,2705,1367,53,1.192,1,2049,0,428.354,19.202,-164.500,-394.938,-21.250,-0.582,0.781,2.855,-0.848,19.184,11.137,0.658,0.880,1.045,1.341,3,NULL,NULL,,2,0,2,7,255,1125,250,0,0
pre_stim,14913,14913,0,14913,3212239.454,0.863,0.164,0.192,0.438,0,0,1259,0,2730,0,2559,1206,53,1.192,1,2049,0,446.279,20.469,-178.188,-406.625,-45.500,-0.660,0.527,2.953,-1.324,20.426,11.473,0.756,0.982,1.045,1.341,3,NULL,NULL,,2,0,2,7,255,1125,250,0,0
pre_stim,14913,14913,0,14913,3212244.455,0.857,0.179,0.205,0.438,0,0,1097,0,2617,0,2387,1044,53,1.192,1,2049,0,465.104,21.210,-188.563,-420.938,-59.813,-0.684,0.371,2.977,-4.008,20.828,11.473,0.860,1.086,1.045,1.341,3,NULL,NULL,,2,0,2,7,255,1125,250,0,0
pre_stim,14913,14913,0,14913,3212249.454,0.850,0.194,0.218,0.439,0,0,905,0,2471,0,2149,923,53,1.192,1,2049,0,478.272,21.654,-194.875,-430.250,-75.188,-0.629,0.242,2.973,-5.555,20.930,10.977,0.962,1.192,1.045,1.341,3,NULL,NULL,,2,0,2,7,255,1125,250,0,0
pre_stim,14946,14946,0,14946,3212254.455,0.843,0.210,0.230,0.439,0,0,694,0,2291,0,1865,815,53,1.192,1,2049,0,490.370,21.879,-208.938,-436.875,-77.125,-0.449,0.039,2.813,-6.375,20.930,10.539,1.062,1.294,1.045,1.341,3,NULL,NULL,,2,0,2,7,255,1125,250,0,0
pre_stim,14946,14946,0,14946,3212259.454,0.835,0.226,0.243,0.438,0,0,507,0,2029,0,1501,690,53,1.192,1,2049,0,508.295,19.953,-221.313,-455.625,-42.313,-0.367,-0.262,2.434,-6.898,18.723,9.723,1.156,1.390,1.045,1.341,3,NULL,NULL,,2,0,2,7,255,1125,250,0,0
pre_stim,14946,14946,0,14946,3212264.455,0.828,0.243,0.256,0.436,0,0,309,0,1765,0,1029,597,53,1.192,1,2049,0,518.967,17.527,-212.500,-473.188,-16.250,-0.227,-0.488,1.840,-8.387,15.391,6.977,1.238,1.474,1.045,1.341,3,NULL,NULL,,2,0,2,7,255,1125,250,0,0
pre_stim,14946,14946,0,14946,3212269.454,0.821,0.258,0.271,0.432,0,0,119,0,1385,0,405,445,53,1.192,1,2049,0,514.078,13.441,-150.438,-491.563,-3.250,-0.125,-0.570,1.391,-8.387,10.504,3.207,1.310,1.548,1.045,1.341,3,NULL,NULL,,2,0,2,7,255,1125,250,0,0
pre_stim,14946,14946,0,14946,3212274.455,0.815,0.269,0.287,0.426,0,0,47,0,1039,0,105,360,53,1.192,1,2049,0,498.002,12.975,-62.000,-494.063,8.000,-0.125,-0.184,1.516,-8.129,10.113,0.273,1.380,1.620,1.045,1.341,3,NULL,NULL,,2,0,2,7,255,1125,250,0,0
pre_stim,14946,14946,0,14946,3212279.453,0.809,0.279,0.304,0.418,0,0,23,0,660,0,0,299,53,1.192,1,2049,0,490.128,11.446,-10.813,-488.875,33.313,-0.293,0.313,2.090,-5.359,10.113,0.273,1.454,1.698,1.045,1.341,3,NULL,NULL,,2,0,2,7,255,1125,250,0,0
pre_stim,14968,14968,0,14968,3212284.455,0.804,0.292,0.318,0.410,0,0,6,0,265,0,0,235,53,1.192,1,2049,0,498.669,17.953,-65.438,-486.188,89.500,-0.563,0.805,2.313,-3.555,17.598,-0.094,1.544,1.788,1.045,1.341,3,NULL,NULL,,2,0,2,7,255,1125,250,0,0
pre_stim,14968,14968,0,14968,3212289.454,0.797,0.308,0.330,0.401,0,0,0,0,0,0,0,153,53,1.192,1,2049,0,523.100,23.200,-167.250,-478.000,131.063,-0.891,1.055,1.984,-1.488,23.152,-1.672,1.638,1.886,1.045,1.341,3,NULL,NULL,,2,0,2,7,255,1125,250,0,0
pre_stim,14968,14968,0,14968,3212294.455,0.790,0.326,0.340,0.392,0,0,0,0,0,0,0,72,53,1.192,1,2049,0,535.196,23.187,-212.250,-470.000,143.125,-1.184,0.949,1.484,-1.266,23.152,-7.699,1.736,1.986,1.045,1.341,4,NULL,NULL,,2,0,2,7,255,1125,250,0,0
pre_stim,14968,14968,0,14968,3212299.453,0.783,0.343,0.350,0.384,0,0,0,0,0,0,0,17,53,1.192,1,2049,0,518.572,20.393,-210.875,-456.438,126.938,-1.203,0.988,1.262,-0.492,20.387,-13.477,1.830,2.082,1.045,1.341,0,NULL,NULL,,2,0,2,7,255,1125,250,0,0
pre_stim,15013,15013,0,15013,3212304.455,0.774,0.359,0.359,0.378,0,0,0,0,0,0,0,40,53,1.192,1,2049,0,484.301,18.651,-224.188,-423.313,71.375,-0.883,1.191,1.184,-0.492,18.645,-14.949,1.916,2.170,1.045,1.341,0,NULL,NULL,,2,0,2,7,255,1125,250,0,0
pre_stim,15013,15013,0,15013,3212309.454,0.765,0.374,0.368,0.374,0,0,0,0,0,0,0,85,53,1.192,1,2049,0,465.714,17.746,-253.813,-389.375,29.250,-0.301,0.793,1.074,2.543,17.563,-14.949,1.988,2.246,1.045,1.341,0,NULL,NULL,,2,0,2,7,255,1125,250,0,0
pre_stim,15013,15013,0,15013,3212314.455,0.756,0.387,0.374,0.372,0,0,0,0,0,0,0,99,53,1.192,1,2049,0,388.785,13.346,-239.563,-306.125,7.125,0.117,0.086,1.055,2.543,13.102,-10.082,2.048,2.308,1.045,1.341,0,NULL,NULL,,2,0,2,7,255,1125,250,0,0
pre_stim,15013,15013,0,15013,3212319.453,0.750,0.399,0.377,0.370,0,0,0,0,0,0,0,137,53,1.192,1,2049,0,304.205,9.119,-203.563,-222.938,37.438,-0.129,-0.359,1.039,-1.418,9.008,-5.766,2.104,2.366,1.045,1.341,0,NULL,NULL,,2,0,2,7,255,1125,250,0,0
pre_stim,15013,15013,0,15013,3212324.455,0.745,0.408,0.377,0.369,0,0,0,0,0,0,0,153,53,1.192,1,2049,0,256.725,10.856,-202.375,-145.813,60.750,-0.578,-0.117,1.082,-6.059,9.008,-5.766,2.164,2.428,1.045,1.341,0,NULL,NULL,,2,0,2,7,255,1125,250,0,0
pre_stim,15013,15013,0,15013,3212329.454,0.740,0.418,0.374,0.371,0,0,0,0,0,0,0,138,53,1.192,1,2049,0,250.732,10.381,-243.813,-53.375,23.938,-0.715,0.203,0.691,-6.059,8.430,-10.383,2.216,2.484,1.045,1.341,0,NULL,NULL,,2,0,2,7,255,1125,250,0,0
pre_stim,15013,15013,0,15013,3212334.455,0.736,0.425,0.369,0.377,0,0,0,0,0,0,0,88,53,1.192,1,2049,0,255.040,8.932,-251.125,42.500,-13.250,-0.555,0.547,-0.070,-2.953,8.430,-14.117,2.256,2.526,1.045,1.341,0,NULL,NULL,,2,0,2,7,255,1125,250,0,0
pre_stim,15013,15013,0,15013,3212339.453,0.734,0.428,0.363,0.382,0,0,0,0,0,0,0,60,53,1.192,1,2049,0,212.602,3.301,-173.250,121.750,-19.000,-0.418,0.832,-0.539,2.297,2.371,-16.684,2.286,2.556,1.045,1.341,0,NULL,NULL,,2,0,2,7,255,1125,250,0,0
pre_stim,15013,15013,0,15013,3212344.455,0.736,0.426,0.357,0.387,0,0,0,0,0,0,0,43,53,1.192,1,2049,0,184.421,4.152,-53.375,176.063,-12.813,-0.488,0.672,-0.191,3.867,1.512,-16.988,2.306,2.580,1.045,1.341,0,NULL,NULL,,2,0,2,7,255,1125,250,0,0
pre_stim,15013,15013,0,15013,3212349.454,0.738,0.423,0.350,0.392,0,0,0,0,0,0,0,31,53,1.192,1,2049,0,215.909,4.152,-8.938,215.063,-16.875,-0.609,0.313,0.516,3.867,1.512,-16.988,2.326,2.602,1.045,1.341,0,NULL,NULL,,2,0,2,7,255,1125,250,0,0
pre_stim,15035,15035,0,15035,3212354.455,0.741,0.420,0.342,0.398,0,0,0,0,0,0,0,23,53,1.192,1,2049,0,248.022,7.216,-45.438,242.813,-22.188,-0.582,0.145,0.715,-0.867,7.164,-14.039,2.346,2.624,1.045,1.341,0,NULL,NULL,,2,0,2,7,255,1125,250,0,0
pre_stim,15035,15035,0,15035,3212359.454,0.743,0.418,0.333,0.405,0,0,0,0,0,0,0,29,53,1.192,1,2049,0,271.790,7.244,-82.688,258.625,-12.063,-0.473,0.195,0.445,-1.074,7.164,-12.535,2.364,2.644,1.045,1.341,0,NULL,NULL,,2,0,2,7,255,1125,250,0,0
pre_stim,15035,15035,0,15035,3212364.455,0.745,0.415,0.323,0.411,0,0,0,0,0,0,0,23,53,1.192,1,2049,0,277.212,6.022,-78.063,265.938,5.500,-0.414,0.344,0.082,-1.074,5.926,-12.535,2.378,2.662,1.045,1.341,0,NULL,NULL,,2,0,2,7,255,1125,250,0,0
pre_stim,15035,15035,0,15035,3212369.453,0.748,0.412,0.313,0.416,0,0,0,0,0,0,0,26,53,1.192,1,2049,0,273.725,3.172,-44.750,269.625,15.000,-0.402,0.445,-0.102,0.961,3.023,-14.047,2.390,2.676,1.045,1.341,0,NULL,NULL,,2,0,2,7,255,1125,250,0,0
pre_stim,15061,15061,0,15061,3212374.455,0.752,0.407,0.304,0.421,0,0,0,0,0,0,0,29,53,1.192,1,2049,0,274.217,2.692,-11.188,273.438,17.375,-0.355,0.438,-0.105,2.039,1.758,-14.691,2.402,2.690,1.045,1.341,0,NULL,NULL,,2,0,2,7,255,1125,250,0,0
pre_stim,15061,15061,0,15061,3212379.454,0.756,0.402,0.294,0.425,0,0,0,0,0,0,0,27,53,1.192,1,2049,0,279.237,2.588,9.500,278.063,23.750,-0.277,0.375,-0.066,2.039,1.594,-14.691,2.412,2.704,1.045,1.341,0,NULL,NULL,,2,0,2,7,255,1125,250,0,0
pre_stim,15061,15061,0,15061,3212384.455,0.760,0.396,0.285,0.429,0,0,0,0,0,0,0,28,53,1.192,1,2049,0,286.091,2.458,24.250,282.625,37.188,-0.238,0.320,-0.063,1.926,1.527,-13.660,2.426,2.720,1.045,1.341,0,NULL,NULL,,2,0,2,7,255,1125,250,0,0
pre_stim,15061,15061,0,15061,3212389.453,0.765,0.390,0.275,0.432,0,0,0,0,0,0,0,28,53,1.192,1,2049,0,293.750,2.189,43.188,286.125,50.563,-0.270,0.293,-0.059,1.609,1.484,-13.207,2.440,2.736,1.045,1.341,0,NULL,NULL,,2,0,2,7,255,1125,250,0,0
pre_stim,15103,15103,0,15103,3212394.455,0.771,0.383,0.266,0.434,0,0,0,0,0,0,0,26,53,1.192,1,2049,0,300.929,1.898,65.688,288.125,56.813,-0.336,0.277,0.023,1.184,1.484,-13.164,2.458,2.756,1.045,1.341,0,NULL,NULL,,2,0,2,7,255,1125,250,0,0
pre_stim,15103,15103,0,15103,3212399.454,0.776,0.375,0.257,0.436,0,0,0,0,0,0,0,23,53,1.192,1,2049,0,306.092,2.571,83.625,289.000,56.375,-0.367,0.281,0.172,0.703,2.473,-13.164,2.478,2.778,1.045,1.341,0,NULL,NULL,,2,0,2,7,255,1125,250,0,0
pre_stim,15103,15103,0,15103,3212404.455,0.782,0.367,0.248,0.439,0,0,0,0,0,0,0,26,53,1.192,1,2049,0,308.518,3.948,93.063,289.125,54.125,-0.359,0.301,0.328,0.621,3.898,-12.484,2.500,2.802,1.045,1.341,0,NULL,NULL,,2,0,2,7,255,1125,250,0,0
pre_stim,15103,15103,0,15103,3212409.454,0.787,0.359,0.239,0.441,0,0,0,0,0,0,0,24,53,1.192,1,2049,0,309.469,5.275,96.313,289.500,51.813,-0.352,0.313,0.477,0.621,5.238,-11.480,2.526,2.832,1.045,1.341,0,NULL,NULL,,2,0,2,7,255,1125,250,0,0
pre_stim,15103,15103,0,15103,3212414.455,0.793,0.350,0.231,0.443,0,0,0,0,0,0,0,21,53,1.192,1,2049,0,309.217,6.440,95.563,290.188,47.688,-0.371,0.293,0.625,0.621,6.410,-10.441,2.558,2.864,1.045,1.341,0,NULL,NULL,,2,0,2,7,255,1125,250,0,0
pre_stim,15103,15103,0,15103,3212419.453,0.797,0.342,0.222,0.445,0,0,0,0,0,0,0,24,53,1.192,1,2049,0,307.950,7.592,89.938,291.813,39.875,-0.402,0.270,0.773,0.383,7.582,-9.441,2.592,2.902,1.045,1.341,0,NULL,NULL,,2,0,2,7,255,1125,250,0,0
pre_stim,15103,15103,0,15103,3212424.455,0.802,0.333,0.213,0.448,0,0,0,0,0,0,0,27,53,1.192,1,2049,0,306.121,8.762,77.750,294.750,28.063,-0.414,0.270,0.887,0.008,8.762,-8.402,2.630,2.942,1.045,1.341,0,NULL,NULL,,2,0,2,7,255,1125,250,0,0
pre_stim,15103,15103,0,15103,3212429.454,0.805,0.325,0.203,0.452,0,0,0,0,0,0,0,29,53,1.192,1,2049,0,306.056,9.629,62.438,299.250,14.875,-0.387,0.285,0.949,0.008,9.629,-7.480,2.672,2.986,1.045,1.341,0,NULL,NULL,,2,0,2,7,255,1125,250,0,0
pre_stim,15128,15128,0,15128,3212434.455,0.809,0.317,0.194,0.456,0,0,0,0,0,0,0,43,53,1.192,1,2049,0,308.953,9.681,47.563,305.250,3.500,-0.352,0.293,0.957,0.324,9.676,-6.719,2.718,3.034,1.045,1.341,0,NULL,NULL,,2,0,2,7,255,1125,250,0,0
pre_stim,15128,15128,0,15128,3212439.453,0.811,0.310,0.184,0.461,0,0,0,0,0,0,0,40,53,1.192,1,2049,0,314.048,9.698,34.688,312.063,-6.313,-0.328,0.277,0.918,0.656,9.676,-6.215,2.762,3.082,1.045,1.341,0,NULL,NULL,,2,0,2,7,255,1125,250,0,0
pre_stim,15128,15128,0,15128,3212444.455,0.814,0.302,0.173,0.465,0,0,0,0,0,0,0,43,53,1.192,1,2049,0,320.649,9.110,27.250,319.063,-16.500,-0.301,0.234,0.832,0.656,9.086,-6.203,2.808,3.128,1.045,1.341,0,NULL,NULL,,2,0,2,7,255,1125,250,0,0
pre_stim,15128,15128,0,15128,3212449.454,0.816,0.294,0.163,0.471,0,0,0,0,0,0,0,48,53,1.192,1,2049,0,327.789,8.141,27.250,325.563,-26.688,-0.254,0.191,0.746,0.625,8.117,-6.203,2.850,3.174,1.045,1.341,0,NULL,NULL,,2,0,2,7,255,1125,250,0,0
pre_stim,15128,15128,0,15128,3212454.455,0.817,0.286,0.152,0.476,0,0,0,0,0,0,0,47,53,1.192,1,2049,0,334.815,7.036,33.313,331.375,-34.375,-0.191,0.160,0.664,0.625,7.008,-6.258,2.886,3.212,1.045,1.341,0,NULL,NULL,,2,0,2,7,255,1125,250,0,0
pre_stim,15128,15128,0,15128,3212459.454,0.819,0.277,0.142,0.482,0,0,0,0,0,0,0,53,53,1.192,1,2049,0,340.901,5.890,45.188,335.813,-37.438,-0.141,0.141,0.598,0.641,5.855,-6.270,2.918,3.248,1.045,1.341,0,NULL,NULL,,2,0,2,7,255,1125,250,0,0
pre_stim,15147,15147,0,15147,3212464.455,0.821,0.267,0.132,0.487,0,0,0,0,0,0,0,52,53,1.192,1,2049,0,346.772,4.989,62.563,338.938,-38.188,-0.102,0.137,0.574,0.789,4.926,-6.270,2.948,3.278,1.045,1.341,0,NULL,NULL,,2,0,2,7,255,1125,250,0,0
pre_stim,15147,15147,0,15147,3212469.453,0.823,0.257,0.122,0.492,0,0,0,0,0,0,0,52,53,1.192,1,2049,0,352.844,4.506,82.188,341.000,-38.250,-0.066,0.137,0.590,0.996,4.395,-6.172,2.974,3.308,1.045,1.341,0,NULL,NULL,,2,0,2,7,255,1125,250,0,0
pre_stim,15147,15147,0,15147,3212474.455,0.824,0.246,0.112,0.497,0,0,0,0,0,0,0,53,53,1.192,1,2049,0,358.847,4.282,102.688,341.938,-36.125,-0.027,0.137,0.637,1.230,4.102,-5.742,2.998,3.334,1.045,1.341,0,NULL,NULL,,2,0,2,7,255,1125,250,0,0
pre_stim,15147,15147,0,15147,3212479.454,0.826,0.234,0.103,0.502,0,0,0,0,0,0,0,57,53,1.192,1,2049,0,365.068,4.365,124.188,341.813,-31.875,-0.008,0.168,0.730,1.492,4.102,-5.098,3.020,3.358,1.045,1.341,0,NULL,NULL,,2,0,2,7,255,1125,250,0,0
pre_stim,15170,15170,0,15170,3212484.455,0.828,0.221,0.094,0.506,0,0,0,0,0,0,0,55,53,1.192,1,2049,0,370.191,4.624,142.000,340.750,-27.688,0.020,0.191,0.848,1.961,4.188,-4.207,3.042,3.382,1.045,1.341,0,NULL,NULL,,2,0,2,7,255,1125,250,0,0
pre_stim,15170,15170,0,15170,3212489.453,0.830,0.208,0.086,0.510,0,0,0,0,0,0,0,55,53,1.192,1,2049,0,374.530,5.030,155.438,340.000,-22.625,0.043,0.199,0.965,2.434,4.402,-3.016,3.060,3.404,1.045,1.341,0,NULL,NULL,,2,0,2,7,255,1125,250,0,0
pre_stim,15170,15170,0,15170,3212494.455,0.833,0.194,0.077,0.513,0,0,0,0,0,0,0,51,53,1.192,1,2049,0,377.474,5.304,166.000,338.625,-16.250,0.035,0.234,1.090,2.738,4.543,-1.785,3.080,3.426,1.045,1.341,0,NULL,NULL,,2,0,2,7,255,1125,250,0,0
pre_stim,15170,15170,0,15170,3212499.454,0.834,0.180,0.069,0.516,0,0,0,0,0,0,0,52,53,1.192,1,2049,0,378.630,5.863,172.125,337.063,-11.063,0.020,0.238,1.207,3.137,4.953,-0.637,3.100,3.448,1.045,1.341,0,NULL,NULL,,2,0,2,7,255,1125,250,0,0
pre_stim,15212,15212,0,15212,3212504.455,0.836,0.166,0.061,0.519,0,0,0,0,0,0,0,51,53,1.192,1,2049,0,380.187,6.112,178.000,335.875,-6.813,-0.008,0.207,1.324,3.137,5.246,0.488,3.122,3.472,1.045,1.341,0,NULL,NULL,,2,0,2,7,255,1125,250,0,0
pre_stim,15212,15212,0,15212,3212509.454,0.838,0.152,0.053,0.521,0,0,0,0,0,0,0,56,53,1.192,1,2049,0,380.910,6.134,178.938,336.188,-7.188,-0.043,0.176,1.395,2.949,5.379,1.746,3.144,3.496,1.045,1.341,0,NULL,NULL,,2,0,2,7,255,1125,250,0,0
pre_stim,15212,15212,0,15212,3212514.455,0.839,0.138,0.045,0.524,0,0,0,0,0,0,0,59,53,1.192,1,2049,0,379.872,5.972,175.438,336.750,-11.125,-0.039,0.172,1.438,2.594,5.379,2.574,3.166,3.520,1.045,1.341,0,NULL,NULL,,2,0,2,7,255,1125,250,0,0
pre_stim,15212,15212,0,15212,3212519.454,0.841,0.123,0.037,0.526,0,0,0,0,0,0,0,59,53,1.192,1,2049,0,380.256,5.678,177.750,336.000,-10.188,-0.020,0.191,1.520,2.594,5.051,3.152,3.192,3.548,1.045,1.341,0,NULL,NULL,,2,0,2,7,255,1125,250,0,0
pre_stim,15212,15212,0,15212,3212524.455,0.842,0.109,0.029,0.528,0,0,0,0,0,0,0,67,53,1.192,1,2049,0,379.623,5.556,176.063,336.250,-7.188,-0.035,0.219,1.602,2.945,4.711,4.102,3.216,3.574,1.045,1.341,0,NULL,NULL,,2,0,2,7,255,1125,250,0,0
pre_stim,15212,15212,0,15212,3212529.453,0.842,0.095,0.020,0.530,0,0,0,0,0,0,0,61,53,1.192,1,2049,0,378.593,5.679,174.250,336.063,-5.625,-0.070,0.227,1.719,3.172,4.711,4.945,3.242,3.602,1.045,1.341,0,NULL,NULL,,2,0,2,7,255,1125,250,0,0
pre_stim,15212,15212,0,15212,3212534.455,0.843,0.081,0.012,0.532,0,0,0,0,0,0,0,69,53,1.192,1,2049,0,374.246,5.640,166.625,335.000,-8.438,-0.094,0.203,1.828,3.172,4.664,6.184,3.266,3.630,1.045,1.341,0,NULL,NULL,,2,0,2,7,255,1125,250,0,0
pre_stim,15212,15212,0,15212,3212539.453,0.843,0.068,0.003,0.534,0,0,0,0,0,0,0,72,53,1.192,1,2049,0,368.058,5.404,155.438,333.438,-11.188,-0.086,0.184,1.879,3.004,4.492,7.391,3.288,3.654,1.045,1.341,0,NULL,NULL,,2,0,2,7,255,1125,250,0,0
pre_stim,15230,15230,0,15230,3212544.455,0.843,0.054,-0.005,0.536,0,0,0,0,0,0,0,63,53,1.192,1,2049,0,361.892,4.812,146.250,330.813,-11.813,-0.074,0.164,1.898,2.895,3.844,8.059,3.308,3.676,1.045,1.341,0,NULL,NULL,,2,0,2,7,255,1125,250,0,0
pre_stim,15230,15230,0,15230,3212549.454,0.842,0.041,-0.014,0.537,0,0,0,0,0,0,0,62,53,1.192,1,2049,0,356.472,4.181,140.750,327.313,-11.313,-0.063,0.148,1.887,2.809,3.098,8.395,3.324,3.694,1.045,1.341,0,NULL,NULL,,2,0,2,7,255,1125,250,0,0
pre_stim,15230,15230,0,15230,3212554.455,0.842,0.028,-0.022,0.539,0,0,0,0,0,0,0,68,53,1.192,1,2049,0,353.241,3.587,140.688,323.750,-13.125,-0.047,0.121,1.871,2.715,2.344,8.395,3.336,3.708,1.045,1.341,0,NULL,NULL,,2,0,2,7,255,1125,250,0,0
pre_stim,15230,15230,0,15230,3212559.454,0.841,0.015,-0.030,0.540,0,0,0,0,0,0,0,61,53,1.192,1,2049,0,352.312,2.981,146.375,320.063,-16.063,-0.023,0.047,1.875,2.563,1.523,8.395,3.344,3.718,1.045,1.341,0,NULL,NULL,,2,0,2,7,255,1125,250,0,0
pre_stim,15230,15230,0,15230,3212564.455,0.840,0.002,-0.038,0.541,0,0,0,0,0,0,0,70,53,1.192,1,2049,0,352.689,2.049,154.375,316.625,-17.500,0.027,-0.027,1.887,2.008,0.410,8.457,3.346,3.724,1.045,1.341,0,NULL,NULL,,2,0,2,7,255,1125,250,0,0
pre_stim,15230,15230,0,15230,3212569.454,0.839,-0.011,-0.046,0.543,0,0,0,0,0,0,0,73,53,1.192,1,2049,0,355.148,1.782,165.250,313.813,-18.563,0.102,-0.078,1.891,1.539,-0.898,8.590,3.342,3.722,1.045,1.341,0,NULL,NULL,,2,0,2,7,255,1125,250,0,0
pre_stim,15262,15262,0,15262,3212574.455,0.837,-0.025,-0.053,0.544,0,0,0,0,0,0,0,63,53,1.192,1,2049,0,360.797,2.745,181.313,311.313,-19.625,0.207,-0.105,1.914,1.461,-2.324,8.602,3.332,3.714,1.045,1.341,0,NULL,NULL,,2,0,2,7,255,1125,250,0,0
pre_stim,15262,15262,0,15262,3212579.453,0.835,-0.040,-0.059,0.545,0,0,0,0,0,0,0,71,53,1.192,1,2049,0,370.257,4.225,203.000,309.000,-20.000,0.367,-0.121,1.973,1.461,-3.965,8.613,3.312,3.696,1.045,1.341,0,NULL,NULL,,2,0,2,7,255,1125,250,0,0
pre_stim,15262,15262,0,15262,3212584.455,0.833,-0.055,-0.065,0.546,0,0,0,0,0,0,0,71,53,1.192,1,2049,0,383.019,6.372,227.625,307.438,-19.313,0.570,-0.133,2.102,1.875,-6.090,8.848,3.282,3.668,1.045,1.341,0,NULL,NULL,,2,0,2,7,255,1125,250,0,0
pre_stim,15262,15262,0,15262,3212589.453,0.831,-0.072,-0.070,0.547,0,0,0,0,0,0,0,72,53,1.192,1,2049,0,395.108,9.083,247.875,307.250,-16.313,0.770,-0.117,2.262,2.492,-8.734,9.551,3.238,3.626,1.045,1.341,0,NULL,NULL,,2,0,2,7,255,1125,250,0,0
pre_stim,15262,15262,0,15262,3212594.455,0.829,-0.088,-0.075,0.547,0,0,0,0,0,0,0,75,53,1.192,1,2049,0,403.189,11.852,260.688,307.438,-9.250,0.926,-0.102,2.418,3.316,-11.379,10.457,3.184,3.574,1.045,1.341,0,NULL,NULL,,2,0,2,7,255,1125,250,0,0
pre_stim,15262,15262,0,15262,3212599.454,0.826,-0.105,-0.080,0.547,0,0,0,0,0,0,0,61,53,1.192,1,2049,0,409.576,14.261,271.750,306.438,0.500,1.047,-0.098,2.598,3.867,-13.727,11.234,3.118,3.512,1.045,1.341,0,NULL,NULL,,2,0,2,7,255,1125,250,0,0
pre_stim,15307,15307,0,15307,3212604.455,0.824,-0.123,-0.084,0.547,0,0,0,0,0,0,0,58,53,1.192,1,2049,0,412.007,16.440,275.625,306.188,5.500,1.137,-0.063,2.773,4.172,-15.902,12.211,3.042,3.438,1.045,1.341,0,NULL,NULL,,2,0,2,7,255,1125,250,0,0
pre_stim,15307,15307,0,15307,3212609.454,0.821,-0.140,-0.089,0.546,0,0,0,0,0,0,0,69,53,1.192,1,2049,0,408.409,18.385,269.688,306.625,6.875,1.223,-0.020,2.926,4.598,-17.801,13.156,2.958,3.354,1.045,1.341,0,NULL,NULL,,2,0,2,7,255,1125,250,0,0
pre_stim,15307,15307,0,15307,3212614.455,0.818,-0.156,-0.094,0.545,0,0,0,0,0,0,0,65,53,1.192,1,2049,0,396.428,20.277,252.313,305.625,9.313,1.273,-0.008,3.023,5.023,-19.645,13.793,2.862,3.262,1.045,1.341,0,NULL,NULL,,2,0,2,7,255,1125,250,0,0
pre_stim,15307,15307,0,15307,3212619.454,0.815,-0.171,-0.099,0.544,0,0,0,0,0,0,0,66,53,1.192,1,2049,0,377.098,21.737,225.375,302.063,12.938,1.285,0.008,3.043,5.023,-21.148,13.793,2.762,3.164,1.045,1.341,0,NULL,NULL,,2,0,2,7,255,1125,250,0,0
pre_stim,15307,15307,0,15307,3212624.455,0.813,-0.185,-0.105,0.542,0,0,0,0,0,0,0,65,53,1.192,1,2049,0,351.195,22.603,189.688,295.250,13.563,1.277,0.066,2.988,5.051,-22.031,13.457,2.654,3.058,1.045,1.341,0,NULL,NULL,,2,0,2,7,255,1125,250,0,0
pre_stim,15307,15307,0,15307,3212629.453,0.810,-0.197,-0.111,0.541,0,0,0,0,0,0,0,83,53,1.192,1,2049,0,326.271,22.881,159.625,284.438,8.250,1.402,0.207,2.953,5.367,-22.242,12.434,2.538,2.944,1.045,1.341,0,NULL,NULL,,2,0,2,7,255,1125,250,0,0
pre_stim,15307,15307,0,15307,3212634.455,0.807,-0.208,-0.118,0.539,0,0,0,0,0,0,0,84,53,1.192,1,2049,0,300.144,24.269,127.563,271.688,0.063,1.711,0.230,2.879,7.035,-23.227,11.242,2.414,2.822,1.045,1.341,0,NULL,NULL,,2,0,2,7,255,1125,250,0,0
pre_stim,15307,15307,0,15307,3212639.454,0.805,-0.217,-0.125,0.538,0,0,0,0,0,0,0,101,53,1.192,1,2049,0,271.469,27.023,87.188,257.000,6.688,2.047,0.023,2.641,7.883,-25.848,8.793,2.284,2.692,1.045,1.341,0,NULL,NULL,,2,0,2,7,255,1125,250,0,0
pre_stim,15330,15330,0,15330,3212644.455,0.804,-0.225,-0.132,0.535,0,0,0,0,0,0,0,141,53,1.192,1,2049,0,246.959,29.608,52.625,239.500,29.313,2.293,-0.227,2.219,7.883,-28.539,4.273,2.148,2.558,1.045,1.341,0,NULL,NULL,,2,0,2,7,255,1125,250,0,0
pre_stim,15330,15330,0,15330,3212649.454,0.803,-0.232,-0.138,0.531,0,0,0,0,0,0,0,141,53,1.192,1,2049,0,229.944,29.923,39.688,220.250,52.813,2.484,-0.398,1.711,6.730,-29.156,-1.500,2.008,2.418,1.045,1.341,0,NULL,NULL,,2,0,2,7,255,1125,250,0,0
pre_stim,15330,15330,0,15330,3212654.455,0.803,-0.239,-0.144,0.527,0,0,0,0,0,0,0,157,53,1.192,1,2049,0,220.110,29.790,54.750,201.000,71.063,2.676,-0.547,1.246,6.113,-29.156,-7.582,1.866,2.278,1.045,1.341,0,NULL,NULL,,2,0,2,7,255,1125,250,0,0
pre_stim,15330,15330,0,15330,3212659.454,0.803,-0.247,-0.147,0.523,0,0,0,0,0,0,0,173,53,1.192,1,2049,0,222.864,29.595,93.000,181.250,90.375,2.859,-0.746,0.938,5.688,-29.043,-13.168,1.722,2.132,1.045,1.341,0,NULL,NULL,,2,0,2,7,255,1125,250,0,0
pre_stim,15350,15350,0,15350,3212664.455,0.803,-0.256,-0.148,0.518,0,0,0,0,0,0,0,183,53,1.192,1,2049,0,247.251,29.436,145.375,161.250,118.313,3.004,-0.945,0.801,4.793,-29.043,-17.516,1.574,1.984,1.045,1.341,0,NULL,NULL,,2,0,2,7,255,1125,250,0,0
pre_stim,15350,15350,0,15350,3212669.454,0.803,-0.267,-0.147,0.513,0,0,0,0,0,0,0,183,53,1.192,1,2049,0,280.082,30.152,193.000,139.563,147.375,2.973,-1.152,0.930,3.875,-29.902,-20.043,1.420,1.830,1.045,1.341,0,NULL,NULL,,2,0,2,7,255,1125,250,0,0
pre_stim,15350,15350,0,15350,3212674.455,0.803,-0.278,-0.145,0.507,0,0,0,0,0,0,0,189,53,1.192,1,2049,0,294.748,30.966,215.313,120.313,161.375,2.922,-1.328,1.074,2.211,-30.887,-20.043,1.264,1.672,1.045,1.341,0,NULL,NULL,,2,0,2,7,255,1125,250,0,0
pre_stim,15350,15350,0,15350,3212679.453,0.803,-0.290,-0.141,0.501,0,0,0,0,0,0,0,196,53,1.192,1,2049,0,305.821,31.318,234.625,99.688,168.938,2.793,-1.273,1.215,0.914,-31.305,-19.645,1.106,1.512,1.045,1.341,0,NULL,NULL,,2,0,2,7,255,1125,250,0,0
pre_stim,15350,15350,0,15350,3212684.455,0.803,-0.301,-0.137,0.496,0,0,0,0,0,0,0,197,53,1.192,1,2049,0,292.364,31.766,234.438,75.563,157.500,2.551,-1.453,1.582,0.730,-31.758,-18.191,0.950,1.352,1.045,1.341,0,NULL,NULL,,2,0,2,7,255,1125,250,0,0
pre_stim,15350,15350,0,15350,3212689.453,0.802,-0.310,-0.133,0.493,0,0,0,0,0,0,0,199,53,1.192,1,2049,0,250.839,32.271,214.938,51.625,118.563,2.281,-1.699,1.758,-1.688,-32.227,-15.133,0.796,1.190,1.045,1.341,0,NULL,NULL,,2,0,2,7,255,1125,250,0,0
pre_stim,15404,15404,0,15404,3212694.455,0.802,-0.318,-0.128,0.490,0,0,0,0,0,0,0,211,53,1.192,1,2049,0,225.142,32.507,195.625,21.688,109.313,2.367,-1.574,2.152,-3.859,-32.277,-13.660,0.646,1.030,1.045,1.341,0,NULL,NULL,,2,0,2,7,255,1125,250,0,0
pre_stim,15404,15404,0,15404,3212699.454,0.802,-0.325,-0.122,0.486,0,0,0,0,0,0,0,215,53,1.192,1,2049,0,225.352,33.753,183.625,-7.188,130.438,2.063,-1.348,2.406,-3.859,-33.531,-11.023,0.506,0.870,1.045,1.341,0,NULL,NULL,,2,0,2,7,255,1125,250,0,0
pre_stim,15404,15404,0,15404,3212704.455,0.803,-0.329,-0.117,0.483,0,0,0,0,0,0,0,211,53,1.192,1,2049,0,167.156,34.545,110.563,-43.375,117.625,1.711,-0.711,3.266,-3.613,-34.355,-7.004,0.384,0.710,1.045,1.341,0,NULL,NULL,,2,0,2,7,255,1125,250,0,0
pre_stim,15404,15404,0,15404,3212709.454,0.805,-0.328,-0.113,0.481,0,0,0,0,0,0,0,253,53,1.192,1,2049,0,104.777,33.725,3.250,-66.000,81.313,1.441,-1.047,2.766,-3.613,-33.531,-0.004,0.296,0.554,1.045,1.341,0,NULL,NULL,,2,0,2,7,255,1125,250,0,0
pre_stim,15404,15404,0,15404,3212714.455,0.807,-0.331,-0.104,0.479,12,0,0,319,0,0,0,347,53,1.192,1,2049,0,241.582,32.396,132.875,-141.125,144.188,0.371,-1.211,4.156,-4.500,-32.082,3.582,0.294,0.414,1.045,1.341,0,NULL,NULL,,2,0,2,7,255,1125,250,0,0
pre_stim,15404,15404,0,15404,3212719.454,0.810,-0.338,-0.083,0.473,481,0,0,891,0,31,0,375,53,1.192,1,2049,0,524.229,32.396,327.750,-275.688,302.313,0.168,1.523,8.215,-4.500,-32.082,15.031,0.342,0.338,1.045,1.341,0,NULL,NULL,,2,0,2,7,255,1125,250,0,0
pre_stim,15404,15404,0,15404,3212724.455,0.824,-0.309,-0.092,0.465,1014,0,0,1371,0,245,0,447,53,1.192,1,2049,0,793.953,32.084,-767.438,-113.688,168.750,-1.359,1.973,4.809,0.309,-32.082,41.688,0.374,0.334,1.045,1.341,0,NULL,NULL,,2,0,2,7,255,1125,250,0,0
pre_stim,15404,15404,0,15404,3212729.453,0.842,-0.265,-0.108,0.458,1509,0,0,1673,0,509,0,525,53,1.192,1,2049,0,1143.201,11.043,-1126.500,-154.813,118.063,-0.934,3.359,-0.492,3.445,-10.492,41.688,0.382,0.366,1.045,1.341,0,NULL,NULL,,2,0,2,7,255,1125,250,0,0
pre_stim,15431,15431,0,15431,3212734.455,0.852,-0.237,-0.116,0.452,1875,0,0,1843,0,655,0,587,53,1.192,1,2050,0,718.831,25.347,-700.063,-136.125,90.000,-1.441,1.996,-2.672,7.871,24.094,0.598,0.380,0.408,1.045,1.341,1,1117.000,-8.000,,2,0,2,7,255,1125,250,0,0
pre_stim,15431,15431,0,15431,3212739.453,0.855,-0.226,-0.115,0.453,2107,0,0,1981,0,887,0,659,53,1.192,1,2050,0,269.312,25.347,-224.375,-148.875,-4.563,-1.301,-0.152,-2.105,7.871,24.094,-21.418,0.384,0.444,1.045,1.341,1,NULL,NULL,,2,0,2,7,255,1125,250,0,0
pre_stim,15431,15431,0,15431,3212744.455,0.855,-0.225,-0.107,0.455,2275,0,0,2075,0,1066,0,775,53,1.192,1,2050,0,180.369,18.880,70.000,-164.563,-23.500,-0.223,-0.461,0.586,-5.023,18.199,-21.418,0.400,0.478,1.045,1.341,1,NULL,NULL,,2,0,2,7,255,1125,250,0,0
pre_stim,15431,15431,0,15431,3212749.454,0.856,-0.224,-0.101,0.455,2427,0,0,2155,0,1259,0,859,53,1.192,1,2050,0,158.150,6.074,24.438,-145.750,56.313,0.527,1.441,1.805,-5.023,-3.414,-5.051,0.424,0.514,1.045,1.341,1,NULL,NULL,,2,0,2,7,255,1125,250,0,0
pre_stim,15431,15431,0,15431,3212754.455,0.861,-0.217,-0.097,0.450,2587,0,0,2331,0,1414,0,915,53,1.192,1,2050,0,219.610,14.809,-113.313,-136.688,129.250,0.156,2.180,2.184,14.410,-3.414,7.668,0.440,0.546,1.045,1.341,1,NULL,NULL,,2,0,2,7,255,1125,250,0,0
pre_stim,15431,15431,0,15431,3212759.454,0.866,-0.205,-0.096,0.446,2751,0,0,2543,0,1456,0,1003,53,1.192,1,2050,0,321.889,14.412,-277.125,-123.688,107.313,-0.766,1.098,1.805,14.410,0.254,11.418,0.418,0.552,1.045,1.341,2,NULL,NULL,,2,0,2,7,255,1125,250,0,0
pre_stim,15431,15431,0,15431,3212764.455,0.872,-0.189,-0.096,0.441,2846,0,0,2700,0,1490,0,1094,53,1.192,1,2050,0,429.250,5.749,-372.813,-165.563,133.625,-1.805,-1.102,0.395,4.453,3.637,11.418,0.374,0.542,1.045,1.341,2,NULL,NULL,,2,0,2,7,255,1125,250,0,0
pre_stim,15431,15431,0,15431,3212769.454,0.876,-0.173,-0.096,0.439,2927,0,0,2800,0,1513,0,1205,53,1.192,1,2050,0,368.064,19.610,-321.125,-178.063,25.375,-1.598,-1.539,-0.324,-19.172,4.121,-2.668,0.326,0.524,1.045,1.341,2,NULL,NULL,,2,0,2,7,255,1125,250,0,0
pre_stim,15455,15455,0,15455,3212774.455,0.876,-0.164,-0.091,0.443,2983,0,0,2904,0,1547,0,1321,53,1.192,1,2050,0,241.603,19.610,-125.563,-186.625,-88.188,-0.770,-0.969,-0.137,-19.172,4.121,-10.449,0.286,0.494,1.045,1.341,2,NULL,NULL,,2,0,2,7,255,1125,250,0,0
pre_stim,15455,15455,0,15455,3212779.453,0.875,-0.160,-0.085,0.448,3014,0,0,2953,0,1591,0,1395,53,1.192,1,2050,0,209.569,12.282,0.188,-185.375,-97.750,0.215,-0.348,1.105,-12.262,0.707,-10.449,0.256,0.450,1.045,1.341,2,NULL,NULL,,2,0,2,7,255,1125,250,0,0
pre_stim,15455,15455,0,15455,3212784.455,0.875,-0.156,-0.079,0.452,3035,0,0,3016,0,1657,0,1429,53,1.192,1,2050,0,178.768,7.338,-25.000,-165.563,-62.625,0.727,-0.406,2.070,-1.297,-7.223,-0.848,0.246,0.392,1.045,1.341,2,NULL,NULL,,2,0,2,7,255,1125,250,0,0
pre_stim,15455,15455,0,15455,3212789.454,0.876,-0.148,-0.076,0.452,3049,0,0,3060,0,1756,0,1439,53,1.192,1,2050,0,195.121,14.422,-130.563,-145.000,0.750,0.984,-0.613,2.008,1.113,-14.379,5.320,0.258,0.328,1.045,1.341,2,NULL,NULL,,2,0,2,7,255,1125,250,0,0
pre_stim,15477,15477,1,15477,3212794.455,0.880,-0.137,-0.076,0.449,3067,0,0,3093,0,1853,0,1471,53,1.192,1,2050,0,266.505,15.544,-221.813,-123.625,80.875,0.738,-1.016,1.469,1.113,-15.504,5.320,0.284,0.264,1.045,1.341,2,NULL,NULL,,2,1,2,7,255,1125,250,0,0
pre_stim,15477,15477,1,15477,3212799.453,0.884,-0.127,-0.075,0.443,3087,0,0,3114,0,1962,40,1528,53,1.192,1,2050,0,293.704,15.878,-235.000,-113.563,134.688,0.074,-0.992,0.582,-3.426,-15.504,0.652,0.312,0.212,1.045,1.341,2,NULL,NULL,,2,1,2,7,255,1125,250,0,0
pre_stim,15511,15511,1,15511,3212804.455,0.888,-0.119,-0.073,0.439,3081,0,0,3135,0,2072,102,1627,53,1.192,1,2050,0,218.947,10.669,-147.688,-112.563,116.000,-0.566,-0.500,0.211,-7.219,-7.855,-5.746,0.328,0.180,1.045,1.341,2,NULL,NULL,,2,1,2,7,255,1125,250,0,0
pre_stim,15511,15511,1,15511,3212809.454,0.889,-0.115,-0.069,0.437,3083,0,0,3147,5,2185,159,1707,53,1.192,1,2050,0,130.058,7.254,-48.313,-114.000,39.813,-0.723,-0.043,0.629,-7.219,0.711,-5.746,0.338,0.164,1.045,1.341,2,NULL,NULL,,2,1,2,7,255,1125,250,0,0
pre_stim,15511,15511,1,15511,3212814.455,0.889,-0.113,-0.066,0.439,3087,0,0,3159,233,2234,333,1877,53,1.192,1,2050,0,116.102,4.483,-12.875,-109.688,-35.813,-0.406,0.199,1.582,-4.426,0.711,-2.281,0.346,0.156,1.045,1.341,2,NULL,NULL,,2,1,2,7,255,1125,250,0,0
pre_stim,15511,15511,1,15511,3212819.454,0.887,-0.110,-0.064,0.444,3087,0,0,3165,550,2291,288,1988,53,1.192,1,2050,0,144.403,0.527,-29.000,-62.563,-126.875,0.055,0.227,2.105,-0.293,0.438,6.301,0.358,0.144,1.045,1.341,2,NULL,NULL,,2,1,2,7,255,1125,250,0,0
pre_stim,15511,15511,1,15511,3212824.455,0.885,-0.105,-0.064,0.450,3079,0,0,3173,845,2331,293,2067,53,1.192,1,2050,0,176.247,4.909,-90.688,-55.188,-140.688,0.609,0.273,1.328,2.867,-3.984,6.301,0.376,0.132,1.045,1.341,2,NULL,NULL,,2,1,2,7,255,1125,250,0,0
pre_stim,15511,15511,1,15511,3212829.453,0.883,-0.102,-0.064,0.453,3068,0,0,3174,1035,2355,332,2119,53,1.192,1,2050,0,115.517,8.023,-54.188,-39.500,-94.063,0.680,0.121,0.992,5.195,-6.113,1.871,0.400,0.116,1.045,1.341,2,NULL,NULL,,2,1,2,7,255,1125,250,0,0
pre_stim,15511,15511,1,15511,3212834.455,0.883,-0.099,-0.064,0.455,3065,20,0,3173,1177,2375,347,2199,53,1.192,1,2050,0,68.067,8.023,-45.563,-27.500,-42.438,0.094,-0.539,1.031,5.195,-6.113,-0.598,0.422,0.100,1.045,1.341,2,NULL,NULL,,2,1,2,7,255,1125,250,0,0
pre_stim,15511,15511,1,15511,3212839.454,0.882,-0.096,-0.064,0.457,3079,33,0,3176,1327,2395,365,2249,53,1.192,1,2050,0,83.495,6.874,-64.000,-26.375,-46.688,-0.320,-0.684,0.965,-3.383,-5.984,-0.598,0.440,0.084,1.045,1.341,2,NULL,NULL,,2,1,2,7,255,1125,250,0,0
pre_stim,15530,15530,1,15530,3212844.455,0.881,-0.093,-0.065,0.460,3077,57,0,3177,1433,2409,379,2283,53,1.192,1,2050,0,105.563,4.795,-50.000,-20.750,-90.625,-0.141,-0.320,0.961,-3.383,-3.398,-0.555,0.450,0.070,1.045,1.341,2,NULL,NULL,,2,1,2,7,255,1125,250,0,0
pre_stim,15530,15530,1,15530,3212849.454,0.879,-0.091,-0.065,0.463,3069,78,0,3177,1533,2421,391,2313,53,1.192,1,2050,0,95.516,4.505,-36.438,-14.688,-87.063,0.262,-0.109,0.969,-2.957,-3.398,-0.555,0.460,0.060,1.045,1.341,2,NULL,NULL,,2,1,2,7,255,1125,250,0,0
pre_stim,15530,15530,1,15530,3212854.455,0.879,-0.090,-0.065,0.465,3077,107,0,3176,1607,2427,381,2333,53,1.192,1,2050,0,50.213,4.673,-33.563,-14.750,-34.313,0.242,-0.227,0.926,-0.098,-4.672,-1.105,0.472,0.050,1.045,1.341,2,NULL,NULL,,2,1,2,7,255,1125,250,0,0
pre_stim,15530,15530,1,15530,3212859.454,0.879,-0.088,-0.065,0.464,3079,122,0,3175,1654,2441,373,2359,53,1.192,1,2050,0,32.011,4.673,-29.813,-10.563,4.938,-0.027,-0.359,0.883,-0.098,-4.672,-1.504,0.484,0.040,1.045,1.341,2,NULL,NULL,,2,1,2,7,255,1125,250,0,0
pre_stim,15530,15530,1,15530,3212864.455,0.879,-0.087,-0.066,0.464,3081,148,19,3175,1720,2449,365,2378,53,1.192,1,2050,0,24.837,4.384,-23.000,-7.500,5.625,-0.234,-0.215,0.922,-2.582,-3.543,-1.504,0.494,0.032,1.045,1.341,2,NULL,NULL,,2,1,2,7,255,1125,250,0,0
pre_stim,15530,15530,1,15530,3212869.453,0.879,-0.086,-0.066,0.465,3087,155,73,3171,1780,2447,361,2387,53,1.192,1,2050,0,28.575,2.840,-20.313,-8.813,-18.063,-0.250,0.027,0.980,-2.582,-1.184,-0.633,0.502,0.022,1.045,1.341,2,NULL,NULL,,2,1,2,7,255,1125,250,0,0
pre_stim,15561,15561,1,15561,3212874.455,0.878,-0.085,-0.066,0.466,3081,172,152,3175,1836,2463,341,2398,53,1.192,1,2050,0,36.523,1.189,-16.875,-7.000,-31.625,-0.102,0.016,0.957,-0.637,-1.004,-0.426,0.510,0.014,1.045,1.341,2,NULL,NULL,,2,1,2,7,255,1125,250,0,0
pre_stim,15561,15561,1,15561,3212879.453,0.878,-0.084,-0.066,0.467,3089,172,207,3181,1875,2464,315,2410,53,1.192,1,2050,0,28.620,1.004,-12.125,-5.000,-25.438,0.008,-0.066,0.992,0.031,-1.004,-0.332,0.520,0.008,1.045,1.341,2,NULL,NULL,,2,1,2,7,255,1125,250,0,0
pre_stim,15561,15561,1,15561,3212884.455,0.878,-0.084,-0.066,0.467,3083,173,281,3161,1897,2471,299,2423,53,1.229,1,2050,1,13.015,1.946,-11.125,-4.250,-5.250,-0.031,-0.039,1.020,0.043,-1.945,-0.332,0.000,0.000,1.066,1.383,2,NULL,NULL,,2,1,2,7,255,1125,250,0,0
pre_stim,15561,15561,1,15561,3212889.454,0.878,-0.083,-0.066,0.467,3087,170,319,3167,1916,2472,285,2427,53,1.229,1,2050,1,14.242,1.946,-13.125,-1.000,-5.438,-0.152,0.063,1.016,0.043,-1.945,-0.004,0.006,0.004,1.066,1.383,2,NULL,NULL,,2,1,2,7,255,1125,250,0,0
pre_stim,15561,15561,1,15561,3212894.455,0.878,-0.083,-0.066,0.468,3087,173,379,3167,1930,2472,247,2431,53,1.229,1,2050,1,16.570,0.474,-13.000,-1.750,-10.125,-0.113,0.141,1.031,0.223,-0.418,0.258,0.012,0.008,1.066,1.383,2,NULL,NULL,,2,1,2,7,255,1125,250,0,0
pre_stim,15561,15561,1,15561,3212899.453,0.877,-0.082,-0.066,0.468,3091,175,409,3172,1937,2475,233,2439,53,1.229,1,2050,1,19.220,0.667,-8.438,0.813,-17.250,-0.129,0.082,1.008,0.520,-0.418,0.258,0.018,0.010,1.066,1.383,2,NULL,NULL,,2,1,2,7,255,1125,250,0,0
pre_stim,15615,15615,1,15615,3212904.455,0.877,-0.082,-0.066,0.469,3087,179,423,3164,1951,2475,201,2439,53,1.229,1,2050,1,24.246,0.760,-6.125,2.625,-23.313,-0.082,0.055,1.039,0.602,-0.465,0.363,0.024,0.014,1.066,1.383,2,NULL,NULL,,2,1,2,7,255,1125,250,0,0
pre_stim,15615,15615,1,15615,3212909.454,0.876,-0.082,-0.067,0.470,3087,181,441,3163,1965,2475,167,2439,53,1.229,1,2050,1,20.415,1.204,-6.813,3.063,-19.000,-0.066,0.074,1.035,0.602,-1.043,0.273,0.030,0.016,1.066,1.383,2,NULL,NULL,,2,1,2,7,255,1125,250,0,0
pre_stim,15615,15615,1,15615,3212914.455,0.876,-0.081,-0.067,0.470,3087,185,466,3160,1975,2477,163,2431,53,1.229,1,2050,1,16.861,1.344,-6.625,4.375,-14.875,-0.082,0.121,1.035,0.848,-1.043,0.355,0.032,0.018,1.066,1.383,2,NULL,NULL,,2,1,2,7,255,1125,250,0,0
pre_stim,15615,15615,1,15615,3212919.453,0.876,-0.081,-0.067,0.471,3089,179,499,3163,1987,2485,133,2429,53,1.229,1,2050,1,18.885,1.314,-9.000,7.375,-14.875,-0.117,0.148,1.066,1.129,-0.672,0.355,0.036,0.018,1.066,1.383,2,NULL,NULL,,2,1,2,7,255,1125,250,0,0
pre_stim,15615,15615,1,15615,3212924.455,0.876,-0.081,-0.067,0.471,3079,171,530,3156,1982,2474,117,2429,53,1.229,1,2050,1,19.167,1.314,-14.625,5.188,-11.250,-0.098,0.035,1.027,1.129,-0.672,0.355,0.038,0.018,1.066,1.383,2,NULL,NULL,,2,1,2,7,255,1125,250,0,0
pre_stim,15615,15615,1,15615,3212929.454,0.876,-0.080,-0.068,0.471,3087,160,541,3155,1981,2473,104,2425,53,1.229,1,2050,1,12.180,0.851,-9.938,3.688,-6.000,-0.117,0.027,0.977,0.355,-0.773,0.270,0.040,0.018,1.066,1.383,2,NULL,NULL,,2,1,2,7,255,1125,250,0,0
pre_stim,15615,15615,1,15615,3212934.455,0.876,-0.080,-0.068,0.472,3078,156,548,3147,1991,2472,94,2420,53,1.229,1,2050,1,6.615,0.851,-2.500,2.563,-5.563,-0.145,0.070,1.008,0.355,-0.773,0.184,0.042,0.018,1.066,1.383,2,NULL,NULL,,2,1,2,7,255,1125,250,0,0
pre_stim,15615,15615,1,15615,3212939.453,0.875,-0.080,-0.068,0.472,3069,150,557,3141,1991,2473,88,2413,53,1.229,1,2050,1,6.378,0.648,-2.625,1.688,-5.563,-0.141,0.063,1.051,0.371,-0.531,0.184,0.042,0.016,1.066,1.383,2,NULL,NULL,,2,1,2,7,255,1125,250,0,0
pre_stim,15615,15615,1,15615,3212944.455,0.875,-0.080,-0.068,0.472,3067,142,565,3135,1981,2473,85,2418,53,1.229,1,2050,1,6.747,0.528,-5.813,0.875,-3.313,-0.156,0.070,1.023,0.371,-0.375,0.355,0.044,0.016,1.066,1.383,2,NULL,NULL,,2,1,2,7,255,1125,250,0,0
pre_stim,15615,15615,1,15615,3212949.454,0.875,-0.080,-0.068,0.472,3065,143,563,3127,1997,2471,77,2413,53,1.229,1,2050,1,4.865,0.493,-4.813,-0.438,-0.563,-0.152,0.074,0.996,0.371,-0.324,0.355,0.044,0.016,1.066,1.383,2,NULL,NULL,,2,1,2,7,255,1125,250,0,0
pre_stim,15634,15634,1,15634,3212954.455,0.875,-0.079,-0.068,0.472,3048,139,567,3117,1997,2462,71,2410,53,1.229,1,2050,1,4.729,0.475,-2.375,-2.563,3.188,-0.184,0.063,0.980,0.371,-0.297,0.066,0.046,0.018,1.066,1.383,2,NULL,NULL,,2,1,2,7,255,1125,250,0,0
pre_stim,15634,15634,1,15634,3212959.454,0.876,-0.079,-0.068,0.472,3039,135,569,3114,2003,2456,71,2414,53,1.229,1,2050,1,5.018,0.119,0.375,-4.500,2.188,-0.195,0.063,0.984,0.109,-0.047,0.051,0.048,0.018,1.066,1.383,2,NULL,NULL,,2,1,2,7,255,1125,250,0,0
pre_stim,15634,15634,1,15634,3212964.455,0.876,-0.079,-0.067,0.472,3028,137,583,3100,2011,2456,75,2415,53,1.229,1,2050,1,6.872,0.075,1.438,-6.375,2.125,-0.176,0.051,0.984,0.059,-0.047,-0.004,0.052,0.018,1.066,1.383,2,NULL,NULL,,2,1,2,7,255,1125,250,0,0
pre_stim,15634,15634,1,15634,3212969.453,0.876,-0.079,-0.067,0.471,3026,138,597,3093,2030,2454,83,2419,53,1.229,1,2050,1,9.829,0.186,1.938,-8.313,4.875,-0.164,0.043,0.984,0.047,-0.180,-0.004,0.054,0.018,1.066,1.383,2,NULL,NULL,,2,1,2,7,255,1125,250,0,0
pre_stim,15660,15660,1,15660,3212974.455,0.876,-0.079,-0.067,0.471,3004,137,615,3079,2042,2455,91,2431,53,1.229,1,2050,1,12.615,0.185,2.563,-10.000,7.250,-0.195,0.039,0.973,0.043,-0.180,-0.035,0.054,0.016,1.066,1.383,2,NULL,NULL,,2,1,2,7,255,1125,250,0,0
pre_stim,15660,15660,1,15660,3212979.454,0.876,-0.079,-0.066,0.471,2991,135,629,3055,2071,2453,99,2439,53,1.229,1,2050,1,13.525,0.173,4.750,-11.813,4.563,-0.223,0.059,0.961,-0.156,-0.074,-0.082,0.058,0.014,1.066,1.383,2,NULL,NULL,,2,1,2,7,255,1125,250,0,0
pre_stim,15660,15660,1,15660,3212984.455,0.876,-0.079,-0.065,0.471,2981,134,659,3044,2102,2455,109,2453,53,1.229,1,2050,1,15.758,0.301,8.438,-13.250,-1.250,-0.203,0.082,0.969,-0.156,0.258,-0.094,0.060,0.012,1.066,1.383,2,NULL,NULL,,2,1,2,7,255,1125,250,0,0
pre_stim,15660,15660,1,15660,3212989.453,0.876,-0.079,-0.065,0.471,2957,135,699,3031,2135,2455,155,2459,53,1.229,1,2050,1,18.174,0.276,10.375,-14.375,-4.000,-0.160,0.086,0.992,0.098,0.258,-0.094,0.062,0.010,1.066,1.383,2,NULL,NULL,,2,1,2,7,255,1125,250,0,0
pre_stim,15704,15704,1,15704,3212994.455,0.876,-0.079,-0.064,0.472,2949,147,751,3007,2163,2456,199,2472,53,1.229,1,2050,1,17.455,0.394,8.188,-15.375,-1.125,-0.152,0.082,1.004,0.383,-0.094,0.078,0.064,0.010,1.066,1.383,2,NULL,NULL,,2,1,2,7,255,1125,250,0,0
pre_stim,15704,15704,1,15704,3212999.454,0.876,-0.079,-0.063,0.472,2924,147,829,3011,2197,2467,237,2491,53,1.229,1,2050,1,17.315,0.394,5.438,-16.438,0.250,-0.195,0.094,1.000,0.383,-0.094,0.176,0.066,0.008,1.066,1.383,2,NULL,NULL,,2,1,2,7,255,1125,250,0,0
pre_stim,15704,15704,1,15704,3213004.455,0.876,-0.079,-0.062,0.472,2895,149,903,2984,2239,2463,259,2520,53,1.229,1,2050,1,18.782,0.433,5.375,-17.375,-4.688,-0.215,0.129,0.996,0.383,0.203,0.188,0.066,0.006,1.066,1.383,2,NULL,NULL,,2,1,2,7,255,1125,250,0,0
pre_stim,15704,15704,1,15704,3213009.454,0.876,-0.079,-0.061,0.472,2869,157,955,2959,2268,2462,316,2525,53,1.229,1,2050,1,22.052,0.543,5.125,-17.563,-12.313,-0.172,0.152,1.004,0.414,0.352,0.227,0.068,0.004,1.066,1.383,2,NULL,NULL,,2,1,2,7,255,1125,250,0,0
pre_stim,15728,15728,1,15728,3213014.455,0.876,-0.079,-0.061,0.473,2851,159,1031,2952,2315,2461,371,2549,53,1.229,1,2050,1,22.210,0.903,3.250,-17.938,-12.688,-0.121,0.145,1.023,0.832,0.352,0.234,0.068,0.004,1.066,1.383,2,NULL,NULL,,2,1,2,7,255,1125,250,0,0
pre_stim,15728,15728,1,15728,3213019.454,0.875,-0.078,-0.060,0.473,2823,183,1123,2924,2352,2469,425,2566,53,1.229,1,2050,1,20.572,0.841,-0.938,-17.438,-10.875,-0.121,0.105,1.020,0.832,-0.125,0.258,0.068,0.006,1.066,1.383,2,NULL,NULL,,2,1,2,7,255,1125,250,0,0
pre_stim,15728,15728,1,15728,3213024.455,0.875,-0.078,-0.059,0.474,2803,199,1193,2901,2388,2472,445,2583,53,1.229,1,2050,1,21.086,0.694,-2.750,-17.500,-11.438,-0.148,0.082,1.004,0.672,-0.176,0.258,0.070,0.010,1.066,1.383,2,NULL,NULL,,2,1,2,7,255,1125,250,0,0
pre_stim,15728,15728,1,15728,3213029.453,0.875,-0.077,-0.059,0.474,2780,209,1291,2885,2425,2473,551,2595,53,1.229,1,2050,1,23.251,0.443,-2.000,-17.438,-15.250,-0.145,0.090,0.996,0.406,-0.176,0.141,0.070,0.014,1.066,1.383,2,NULL,NULL,,2,1,2,7,255,1125,250,0,0
pre_stim,15728,15728,1,15728,3213034.455,0.875,-0.077,-0.058,0.475,2743,217,1375,2867,2455,2479,621,2608,53,1.229,1,2050,1,23.972,0.443,-2.125,-17.438,-16.313,-0.125,0.102,1.000,0.406,-0.176,0.105,0.072,0.018,1.066,1.383,2,NULL,NULL,,2,1,2,7,255,1125,250,0,0
pre_stim,15728,15728,1,15728,3213039.453,0.874,-0.076,-0.057,0.476,2713,219,1477,2847,2477,2475,751,2627,53,1.229,1,2050,1,24.509,0.604,-5.188,-16.938,-16.938,-0.113,0.086,1.012,0.559,-0.230,0.105,0.072,0.024,1.066,1.383,2,NULL,NULL,,2,1,2,7,255,1125,250,0,0
pre_stim,15728,15728,0,15728,3213044.455,0.874,-0.076,-0.057,0.476,2676,226,1573,2833,2515,2476,861,2633,53,1.229,1,2050,1,26.390,0.695,-8.875,-16.313,-18.750,-0.113,0.043,1.000,0.559,-0.414,0.105,0.074,0.028,1.066,1.383,2,NULL,NULL,,2,0,2,7,255,1125,250,0,0
pre_stim,15728,15728,0,15728,3213049.454,0.874,-0.075,-0.056,0.477,2644,241,1659,2813,2539,2487,937,2651,53,1.229,1,2050,1,27.564,0.608,-11.063,-16.625,-19.000,-0.125,0.020,0.992,0.199,-0.574,0.051,0.076,0.034,1.066,1.383,2,NULL,NULL,,2,0,2,7,255,1125,250,0,0
pre_stim,15728,15728,0,15728,3213054.455,0.874,-0.074,-0.056,0.478,2600,249,1741,2793,2580,2491,1043,2661,53,1.229,1,2050,1,29.384,0.574,-13.000,-16.938,-20.188,-0.145,0.039,1.000,-0.008,-0.574,0.051,0.078,0.038,1.066,1.383,2,NULL,NULL,,2,0,2,7,255,1125,250,0,0
pre_stim,15728,15728,0,15728,3213059.454,0.873,-0.073,-0.056,0.479,2570,267,1843,2776,2602,2507,1183,2697,53,1.229,1,2050,1,33.795,0.313,-16.938,-17.063,-23.750,-0.156,0.047,1.031,-0.008,-0.313,0.098,0.080,0.042,1.066,1.383,2,NULL,NULL,,2,0,2,7,255,1125,250,0,0
pre_stim,15748,15748,0,15748,3213064.455,0.873,-0.071,-0.056,0.480,2509,269,1925,2764,2633,2502,1255,2697,53,1.229,1,2050,1,40.195,0.313,-23.938,-17.125,-27.375,-0.141,0.031,1.020,-0.008,-0.313,0.285,0.082,0.044,1.066,1.383,2,NULL,NULL,,2,0,2,7,255,1125,250,0,0
pre_stim,15748,15748,0,15748,3213069.454,0.872,-0.070,-0.056,0.481,2451,286,2005,2739,2648,2509,1369,2708,53,1.229,1,2050,1,42.795,0.395,-27.313,-17.563,-27.875,-0.117,0.008,0.988,-0.008,-0.395,0.285,0.084,0.044,1.066,1.383,2,NULL,NULL,,2,0,2,7,255,1125,250,0,0
pre_stim,15748,15748,0,15748,3213074.455,0.872,-0.068,-0.055,0.482,2399,299,2074,2711,2678,2513,1449,2725,53,1.229,1,2050,1,40.973,0.621,-25.500,-18.063,-26.500,-0.117,-0.008,0.980,-0.098,-0.613,-0.055,0.086,0.044,1.066,1.383,2,NULL,NULL,,2,0,2,7,255,1125,250,0,0
pre_stim,15748,15748,0,15748,3213079.453,0.871,-0.067,-0.055,0.483,2336,317,2141,2669,2700,2513,1545,2743,53,1.229,1,2050,1,40.763,0.642,-24.688,-18.438,-26.688,-0.129,-0.016,1.004,-0.191,-0.613,-0.055,0.088,0.042,1.066,1.383,2,NULL,NULL,,2,0,2,7,255,1125,250,0,0
pre_stim,15770,15770,0,15770,3213084.455,0.871,-0.065,-0.055,0.484,2276,339,2215,2636,2719,2521,1639,2751,53,1.229,1,2050,1,45.966,0.667,-30.000,-19.000,-29.188,-0.145,-0.031,1.043,-0.305,-0.594,0.109,0.090,0.042,1.066,1.383,2,NULL,NULL,,2,0,2,7,255,1125,250,0,0
pre_stim,15770,15770,0,15770,3213089.454,0.870,-0.063,-0.055,0.485,2199,343,2280,2603,2736,2511,1751,2772,53,1.229,1,2050,1,54.163,0.761,-38.500,-19.250,-32.875,-0.137,-0.047,1.035,-0.477,-0.594,0.398,0.092,0.040,1.066,1.383,2,NULL,NULL,,2,0,2,7,255,1125,250,0,0
pre_stim,15770,15770,0,15770,3213094.455,0.870,-0.061,-0.056,0.486,2111,343,2335,2557,2760,2524,1831,2777,53,1.229,1,2050,1,56.387,0.827,-42.000,-19.375,-32.250,-0.105,-0.043,0.977,-0.477,-0.676,0.398,0.094,0.040,1.066,1.383,2,NULL,NULL,,2,0,2,7,255,1125,250,0,0
pre_stim,15770,15770,0,15770,3213099.453,0.869,-0.059,-0.056,0.487,2063,340,2403,2515,2773,2527,1929,2795,53,1.229,1,2050,1,50.080,0.769,-35.438,-20.188,-29.063,-0.098,-0.008,0.930,-0.367,-0.676,-0.223,0.096,0.040,1.066,1.383,2,NULL,NULL,,2,0,2,7,255,1125,250,0,0
pre_stim,15811,15811,0,15811,3213104.455,0.869,-0.057,-0.055,0.488,1963,343,2467,2468,2797,2520,2011,2807,53,1.229,1,2050,1,42.654,0.568,-26.375,-21.313,-25.875,-0.109,-0.008,0.949,-0.078,-0.563,-0.441,0.098,0.040,1.066,1.383,2,NULL,NULL,,2,0,2,7,255,1125,250,0,0
pre_stim,15811,15811,0,15811,3213109.454,0.869,-0.056,-0.055,0.489,1868,341,2507,2407,2813,2523,2076,2815,53,1.229,1,2050,1,39.946,0.510,-22.875,-23.125,-23.188,-0.137,-0.031,1.016,-0.078,-0.504,-0.441,0.100,0.040,1.066,1.383,2,NULL,NULL,,2,0,2,7,255,1125,250,0,0
pre_stim,15811,15811,0,15811,3213114.455,0.868,-0.054,-0.055,0.490,1739,333,2544,2335,2837,2519,2135,2843,53,1.229,1,2050,1,42.416,0.571,-25.375,-24.375,-23.688,-0.156,-0.031,1.051,-0.367,-0.438,0.215,0.102,0.040,1.066,1.383,2,NULL,NULL,,2,0,2,7,255,1125,250,0,0
pre_stim,15811,15811,0,15811,3213119.454,0.868,-0.052,-0.054,0.491,1595,315,2591,2250,2859,2521,2193,2839,53,1.229,1,2050,1,47.416,0.477,-29.813,-25.375,-26.750,-0.148,0.008,1.051,-0.367,-0.305,0.578,0.104,0.038,1.066,1.383,2,NULL,NULL,,2,0,2,7,255,1125,250,0,0
pre_stim,15811,15811,0,15811,3213124.455,0.867,-0.051,-0.054,0.492,1405,287,2635,2136,2859,2516,2261,2853,53,1.229,1,2050,1,52.914,0.124,-34.063,-25.750,-31.250,-0.129,0.031,1.023,-0.039,-0.117,0.578,0.106,0.038,1.066,1.383,2,NULL,NULL,,2,0,2,7,255,1125,250,0,0
pre_stim,15811,15811,0,15811,3213129.453,0.867,-0.049,-0.054,0.493,1238,263,2679,2026,2889,2521,2316,2873,53,1.229,1,2050,1,54.919,0.266,-33.063,-26.000,-35.313,-0.094,0.008,1.000,0.238,-0.117,0.297,0.108,0.038,1.066,1.383,2,NULL,NULL,,2,0,2,7,255,1125,250,0,0
pre_stim,15811,15811,0,15811,3213134.455,0.866,-0.047,-0.053,0.495,1106,251,2711,1886,2903,2519,2360,2871,53,1.229,1,2050,1,51.868,0.498,-28.438,-26.375,-34.438,-0.070,-0.039,0.980,0.238,-0.438,0.012,0.110,0.038,1.066,1.383,2,NULL,NULL,,2,0,2,7,255,1125,250,0,0
pre_stim,15811,15811,0,15811,3213139.454,0.866,-0.045,-0.053,0.496,896,233,2735,1699,2907,2517,2409,2885,53,1.229,1,2050,1,44.454,0.818,-22.688,-28.313,-25.688,-0.047,-0.066,0.996,-0.047,-0.816,-0.055,0.112,0.038,1.066,1.383,2,NULL,NULL,,2,0,2,7,255,1125,250,0,0
pre_stim,15830,15830,0,15830,3213144.455,0.866,-0.044,-0.052,0.496,713,205,2767,1502,2922,2517,2459,2893,53,1.229,1,2050,1,39.147,0.832,-19.750,-29.250,-16.938,-0.086,-0.070,1.012,-0.160,-0.816,-0.055,0.116,0.038,1.066,1.383,2,NULL,NULL,,2,0,2,7,255,1125,250,0,0
pre_stim,15830,15830,0,15830,3213149.454,0.865,-0.042,-0.051,0.497,531,171,2791,1343,2941,2508,2503,2903,53,1.229,1,2050,1,38.856,0.897,-20.000,-28.500,-17.250,-0.133,-0.047,1.031,-0.371,-0.816,0.148,0.118,0.038,1.066,1.383,2,NULL,NULL,,2,0,2,7,255,1125,250,0,0
pre_stim,15830,15830,0,15830,3213154.455,0.865,-0.041,-0.051,0.498,359,107,2811,1123,2957,2495,2547,2905,53,1.229,1,2050,1,41.378,0.501,-18.438,-30.813,-20.563,-0.105,-0.023,1.012,-0.371,-0.336,0.148,0.122,0.040,1.066,1.383,2,NULL,NULL,,2,0,2,7,255,1125,250,0,0
pre_stim,15830,15830,0,15830,3213159.454,0.865,-0.039,-0.050,0.498,199,78,2837,973,2965,2485,2581,2919,53,1.229,1,2050,1,40.460,0.332,-13.063,-34.375,-16.875,-0.098,-0.008,1.039,-0.051,-0.328,0.387,0.126,0.042,1.066,1.383,2,NULL,NULL,,2,0,2,7,255,1125,250,0,0
pre_stim,15830,15830,0,15830,3213164.455,0.864,-0.038,-0.049,0.499,103,37,2855,735,2973,2473,2615,2919,53,1.229,1,2050,1,42.263,0.345,-12.188,-35.563,-19.313,-0.105,0.020,1.070,0.105,-0.328,0.430,0.128,0.042,1.066,1.383,2,NULL,NULL,,2,0,2,7,255,1125,250,0,0
pre_stim,15830,15830,0,15830,3213169.454,0.864,-0.037,-0.047,0.500,51,13,2871,529,2987,2450,2636,2927,53,1.229,1,2050,1,44.117,0.353,-11.250,-39.313,-16.563,-0.066,0.105,1.086,0.332,-0.121,0.727,0.130,0.044,1.066,1.383,2,NULL,NULL,,2,0,2,7,255,1125,250,0,0
pre_stim,15860,15860,0,15860,3213174.455,0.864,-0.036,-0.046,0.500,25,0,2873,371,2991,2427,2656,2933,53,1.229,1,2050,1,46.926,1.250,-11.063,-41.313,-19.313,-0.074,0.117,1.098,1.250,-0.020,0.809,0.130,0.046,1.066,1.383,2,NULL,NULL,,2,0,2,7,255,1125,250,0,0
pre_stim,15860,15860,0,15860,3213179.453,0.864,-0.034,-0.044,0.501,0,0,2892,319,3000,2397,2681,2939,53,1.229,1,2050,1,49.839,1.250,-10.563,-44.875,-18.938,-0.074,0.082,1.102,1.250,0.023,0.953,0.130,0.046,1.066,1.383,2,NULL,NULL,,2,0,2,7,255,1125,250,0,0
pre_stim,15860,15860,0,15860,3213184.455,0.864,-0.033,-0.042,0.501,0,0,2905,226,3023,2377,2715,2957,53,1.229,1,2050,1,50.872,1.009,3.875,-50.688,1.938,-0.195,-0.039,1.195,0.996,0.160,0.992,0.128,0.048,1.066,1.383,2,NULL,NULL,,2,0,2,7,255,1125,250,0,0
pre_stim,15860,15860,0,15860,3213189.454,0.864,-0.032,-0.040,0.501,0,0,2913,191,3026,2359,2745,2963,53,1.229,1,2050,1,56.638,0.702,-1.125,-56.438,-4.625,-0.344,-0.195,1.277,-0.578,0.398,2.031,0.126,0.048,1.066,1.383,2,NULL,NULL,,2,0,2,7,255,1125,250,0,0
pre_stim,15860,15860,0,15860,3213194.455,0.864,-0.031,-0.038,0.502,0,0,2919,173,3043,2331,2771,2965,53,1.229,1,2050,1,67.847,2.596,14.813,-65.125,-11.938,-0.355,-0.172,1.406,-2.438,0.895,3.031,0.124,0.048,1.066,1.383,2,NULL,NULL,,2,0,2,7,255,1125,250,0,0
pre_stim,15860,15860,0,15860,3213199.453,0.864,-0.030,-0.035,0.502,0,0,2923,115,3035,2286,2793,2961,53,1.229,1,2050,0,77.114,2.659,20.500,-74.313,-2.000,-0.266,0.055,1.578,-2.438,1.063,4.277,0.122,0.048,1.066,1.383,3,NULL,NULL,,2,0,2,7,255,1125,250,0,0
pre_stim,15908,15908,0,15908,3213204.455,0.864,-0.028,-0.032,0.502,0,0,2925,99,3049,2237,2815,2965,53,1.229,1,2050,0,81.224,1.063,-23.063,-77.875,1.000,-0.070,0.273,1.465,-0.023,1.063,4.516,0.120,0.050,1.066,1.383,3,NULL,NULL,,2,0,2,7,255,1125,250,0,0
pre_stim,15908,15908,0,15908,3213209.454,0.864,-0.025,-0.030,0.501,0,0,2937,63,3059,2185,2840,2969,53,1.229,1,2050,0,93.158,2.166,-49.063,-78.500,10.438,-0.047,0.191,1.188,1.949,0.945,4.516,0.118,0.054,1.066,1.383,3,NULL,NULL,,2,0,2,7,255,1125,250,0,0
pre_stim,15908,15908,0,15908,3213214.455,0.865,-0.022,-0.027,0.500,0,0,2951,29,3066,2129,2855,2963,53,1.229,1,2050,0,98.919,2.166,-26.938,-87.563,37.313,-0.164,0.160,1.164,1.949,0.945,1.789,0.114,0.058,1.066,1.383,3,NULL,NULL,,2,0,2,7,255,1125,250,0,0
pre_stim,15908,15908,0,15908,3213219.454,0.866,-0.020,-0.024,0.498,0,0,2948,0,3087,2043,2863,2967,53,1.229,1,2050,0,101.720,1.864,-10.000,-94.000,37.563,-0.262,0.129,1.215,1.051,1.539,1.789,0.110,0.062,1.066,1.383,3,NULL,NULL,,2,0,2,7,255,1125,250,0,0
pre_stim,15908,15908,0,15908,3213224.455,0.867,-0.017,-0.021,0.497,0,0,2941,0,3087,1959,2891,2967,53,1.229,1,2050,0,102.277,1.799,-10.125,-99.313,22.250,-0.293,-0.043,1.254,0.301,1.773,2.215,0.106,0.070,1.066,1.383,3,NULL,NULL,,2,0,2,7,255,1125,250,0,0
pre_stim,15908,15908,0,15908,3213229.453,0.868,-0.014,-0.017,0.497,0,0,2940,0,3087,1837,2904,2969,53,1.229,1,2050,0,106.256,2.172,-16.000,-104.313,12.375,-0.172,-0.102,1.289,-1.254,1.773,2.617,0.100,0.078,1.066,1.383,3,NULL,NULL,,2,0,2,7,255,1125,250,0,0
pre_stim,15908,15908,0,15908,3213234.455,0.868,-0.011,-0.014,0.496,0,0,2933,0,3087,1711,2921,2951,53,1.229,1,2050,0,114.043,1.442,-25.375,-108.563,24.000,-0.188,-0.180,1.250,-1.328,0.563,2.617,0.092,0.088,1.066,1.383,3,NULL,NULL,,2,0,2,7,255,1125,250,0,0
pre_stim,15908,15908,0,15908,3213239.454,0.869,-0.008,-0.010,0.495,0,0,2941,0,3091,1605,2937,2957,53,1.229,1,2050,0,119.232,1.374,-24.563,-113.625,26.500,-0.152,-0.070,1.180,-1.254,0.563,2.551,0.086,0.096,1.066,1.383,3,NULL,NULL,,2,0,2,7,255,1125,250,0,0
pre_stim,15928,15928,0,15928,3213244.455,0.870,-0.004,-0.007,0.494,0,0,2927,0,3103,1404,2956,2943,53,1.229,1,2050,0,123.329,1.653,-27.188,-117.438,26.063,-0.203,-0.086,1.137,-1.465,0.766,1.820,0.078,0.106,1.066,1.383,3,NULL,NULL,,2,0,2,7,255,1125,250,0,0
pre_stim,15928,15928,0,15928,3213249.454,0.870,-0.001,-0.002,0.493,0,0,2922,0,3107,1222,2968,2936,53,1.229,1,2050,0,126.084,1.594,-11.813,-122.938,25.375,-0.168,-0.059,1.148,-1.098,1.156,1.484,0.070,0.116,1.066,1.383,3,NULL,NULL,,2,0,2,7,255,1125,250,0,0
pre_stim,15928,15928,0,15928,3213254.455,0.871,0.002,0.002,0.492,0,0,2918,0,3103,1003,2970,2923,53,1.229,1,2050,0,129.897,1.866,-13.563,-127.438,21.188,-0.195,-0.145,1.117,-1.465,1.156,1.391,0.062,0.126,1.066,1.383,3,NULL,NULL,,2,0,2,7,255,1125,250,0,0
pre_stim,15928,15928,0,15928,3213259.454,0.871,0.005,0.007,0.490,0,0,2903,0,3119,821,2973,2923,53,1.229,1,2050,0,135.814,2.327,-1.813,-133.563,24.563,-0.227,-0.184,1.160,-2.020,1.156,1.484,0.056,0.138,1.066,1.383,3,NULL,NULL,,2,0,2,7,255,1125,250,0,0
pre_stim,15950,15950,0,15950,3213264.455,0.872,0.008,0.012,0.490,0,0,2877,0,3104,603,2991,2901,53,1.229,1,2050,0,139.956,2.383,-3.500,-139.375,12.250,-0.203,-0.129,1.156,-2.031,1.246,1.496,0.048,0.148,1.066,1.383,3,NULL,NULL,,2,0,2,7,255,1125,250,0,0
pre_stim,15950,15950,0,15950,3213269.454,0.872,0.011,0.017,0.489,0,0,2861,0,3115,473,3001,2874,53,1.229,1,2050,0,144.985,2.383,-0.125,-144.750,8.250,-0.156,-0.125,1.109,-2.031,1.246,1.496,0.042,0.160,1.066,1.383,3,NULL,NULL,,2,0,2,7,255,1125,250,0,0
pre_stim,15950,15950,0,15950,3213274.455,0.872,0.014,0.023,0.489,0,0,2843,0,3115,288,2999,2856,53,1.229,1,2050,0,151.689,2.197,8.188,-151.250,8.125,-0.094,-0.043,1.125,-1.836,1.207,1.141,0.038,0.170,1.066,1.383,3,NULL,NULL,,2,0,2,7,255,1125,250,0,0
pre_stim,15950,15950,0,15950,3213279.453,0.872,0.017,0.029,0.488,0,0,2821,0,3118,120,3000,2838,53,1.229,1,2050,0,157.211,1.524,10.438,-156.375,12.375,-0.074,-0.051,1.141,-0.965,1.180,1.141,0.034,0.182,1.066,1.383,3,NULL,NULL,,2,0,2,7,255,1125,250,0,0
pre_stim,15950,15950,0,15950,3213284.455,0.873,0.019,0.035,0.487,0,0,2787,0,3117,59,3012,2810,53,1.229,1,2050,0,165.059,1.545,20.250,-162.875,17.500,-0.105,-0.043,1.188,-0.965,1.207,1.320,0.032,0.194,1.066,1.383,3,NULL,NULL,,2,0,2,7,255,1125,250,0,0
pre_stim,15950,15950,0,15950,3213289.454,0.873,0.022,0.042,0.486,0,0,2755,0,3131,2,3008,2780,53,1.229,1,2050,0,172.349,1.871,22.188,-169.938,18.250,-0.145,0.016,1.270,-1.023,1.566,1.715,0.032,0.208,1.066,1.383,3,NULL,NULL,,2,0,2,7,255,1125,250,0,0
pre_stim,16003,16003,0,16003,3213294.455,0.873,0.025,0.049,0.485,0,0,2696,0,3115,0,3012,2743,53,1.229,1,2050,0,180.024,2.600,27.313,-177.500,12.500,-0.188,0.082,1.348,-1.023,2.391,2.438,0.036,0.222,1.066,1.383,3,NULL,NULL,,2,0,2,7,255,1125,250,0,0
pre_stim,16003,16003,0,16003,3213299.453,0.873,0.027,0.056,0.484,0,0,2653,0,3117,0,3019,2709,53,1.229,1,2050,0,188.147,3.397,21.000,-186.875,6.000,-0.105,0.176,1.473,-0.836,3.293,3.082,0.044,0.240,1.066,1.383,3,NULL,NULL,,2,0,2,7,255,1125,250,0,0
pre_stim,16003,16003,0,16003,3213304.455,0.873,0.031,0.064,0.483,0,0,2597,0,3119,0,3015,2665,53,1.229,1,2050,0,195.578,3.429,11.875,-194.938,10.438,-0.133,0.172,1.641,-0.223,3.422,4.328,0.054,0.258,1.066,1.383,3,NULL,NULL,,2,0,2,7,255,1125,250,0,0
pre_stim,16003,16003,0,16003,3213309.454,0.873,0.035,0.072,0.482,0,0,2505,0,3115,0,3019,2604,53,1.229,1,2050,0,208.258,4.045,4.750,-206.750,24.563,-0.258,0.141,1.863,-0.223,4.039,5.875,0.068,0.278,1.066,1.383,3,NULL,NULL,,2,0,2,7,255,1125,250,0,0
pre_stim,16003,16003,0,16003,3213314.455,0.872,0.040,0.080,0.480,0,0,2429,0,3123,0,3004,2549,53,1.229,1,2050,0,223.730,5.622,-13.563,-222.125,23.063,-0.348,0.223,2.000,-1.414,5.441,7.789,0.088,0.304,1.066,1.383,3,NULL,NULL,,2,0,2,7,255,1125,250,0,0
pre_stim,16003,16003,0,16003,3213319.453,0.872,0.047,0.088,0.479,0,0,2322,0,3111,0,3003,2478,53,1.229,1,2050,0,242.199,7.275,-26.750,-239.875,20.125,-0.395,0.332,2.047,-1.414,7.137,8.824,0.114,0.334,1.066,1.383,3,NULL,NULL,,2,0,2,7,255,1125,250,0,0
pre_stim,16003,16003,0,16003,3213324.455,0.872,0.053,0.097,0.477,0,0,2207,0,3099,0,2997,2403,53,1.229,1,2050,0,265.257,8.573,-37.500,-261.000,28.875,-0.426,0.484,2.156,-1.020,8.512,8.992,0.146,0.370,1.066,1.383,3,NULL,NULL,,2,0,2,7,255,1125,250,0,0
pre_stim,16003,16003,0,16003,3213329.453,0.871,0.062,0.107,0.475,0,0,2053,0,3087,0,2975,2316,53,1.229,1,2050,0,287.788,10.197,-53.938,-281.125,29.688,-0.457,0.645,2.234,-0.211,10.195,9.723,0.186,0.412,1.066,1.383,3,NULL,NULL,,2,0,2,7,255,1125,250,0,0
pre_stim,16028,16028,0,16028,3213334.455,0.870,0.071,0.116,0.474,0,0,1896,0,3067,0,2968,2216,53,1.229,1,2050,0,314.671,11.922,-89.188,-300.875,23.188,-0.430,0.676,2.207,0.691,11.902,9.723,0.230,0.458,1.066,1.383,3,NULL,NULL,,2,0,2,7,255,1125,250,0,0
pre_stim,16028,16028,0,16028,3213339.454,0.869,0.082,0.126,0.472,0,0,1751,0,3053,0,2931,2091,53,1.229,1,2050,0,340.365,12.320,-107.938,-321.813,25.188,-0.426,0.625,2.176,0.691,12.301,9.570,0.278,0.510,1.066,1.383,3,NULL,NULL,,2,0,2,7,255,1125,250,0,0
pre_stim,16028,16028,0,16028,3213344.455,0.867,0.094,0.136,0.470,0,0,1675,0,3032,0,2903,1981,53,1.229,1,2050,0,359.041,12.465,-115.125,-339.000,27.125,-0.508,0.656,2.277,0.445,12.457,9.250,0.332,0.566,1.066,1.383,3,NULL,NULL,,2,0,2,7,255,1125,250,0,0
pre_stim,16028,16028,0,16028,3213349.454,0.865,0.106,0.147,0.468,0,0,1582,0,2991,0,2845,1840,53,1.229,1,2050,0,380.297,14.135,-126.000,-358.188,21.250,-0.586,0.766,2.414,0.219,14.133,9.250,0.388,0.626,1.066,1.383,3,NULL,NULL,,2,0,2,7,255,1125,250,0,0
pre_stim,16028,16028,0,16028,3213354.455,0.862,0.119,0.158,0.466,0,0,1505,0,2951,0,2773,1707,53,1.229,1,2050,0,396.939,16.369,-136.438,-372.750,1.750,-0.609,0.895,2.586,0.219,16.367,9.668,0.454,0.692,1.066,1.383,3,NULL,NULL,,2,0,2,7,255,1125,250,0,0
pre_stim,16028,16028,0,16028,3213359.454,0.859,0.132,0.170,0.465,0,0,1395,0,2897,0,2683,1567,53,1.229,1,2050,0,418.735,18.470,-146.375,-392.125,-12.313,-0.645,0.785,2.770,0.219,18.469,10.473,0.526,0.768,1.066,1.383,3,NULL,NULL,,2,0,2,7,255,1125,250,0,0
pre_stim,16048,16048,0,16048,3213364.455,0.854,0.147,0.182,0.464,0,0,1277,0,2827,0,2551,1433,53,1.229,1,2050,0,443.723,19.632,-162.000,-412.563,-20.938,-0.652,0.566,2.906,-0.652,19.621,11.395,0.608,0.852,1.066,1.383,3,NULL,NULL,,2,0,2,7,255,1125,250,0,0
pre_stim,16048,16048,0,16048,3213369.453,0.849,0.162,0.195,0.463,0,0,1145,0,2743,0,2382,1307,53,1.229,1,2050,0,465.678,20.120,-178.563,-429.125,-28.688,-0.734,0.457,2.867,-2.816,19.922,11.395,0.698,0.944,1.066,1.383,3,NULL,NULL,,2,0,2,7,255,1125,250,0,0
pre_stim,16048,16048,0,16048,3213374.455,0.843,0.177,0.208,0.463,0,0,971,0,2629,0,2155,1161,53,1.229,1,2050,0,479.246,20.488,-186.063,-439.500,-43.563,-0.691,0.340,2.754,-4.156,20.063,10.605,0.794,1.042,1.066,1.383,3,NULL,NULL,,2,0,2,7,255,1125,250,0,0
pre_stim,16048,16048,0,16048,3213379.454,0.837,0.192,0.221,0.462,0,0,809,0,2477,0,1869,1018,53,1.229,1,2050,0,482.806,20.633,-168.063,-448.188,-63.125,-0.594,0.102,2.781,-4.816,20.063,9.359,0.892,1.144,1.066,1.383,3,NULL,NULL,,2,0,2,7,255,1125,250,0,0
pre_stim,16071,16071,0,16071,3213384.455,0.830,0.207,0.235,0.461,0,0,635,0,2295,0,1533,873,53,1.229,1,2050,0,493.338,20.242,-158.813,-463.938,-54.063,-0.465,-0.223,2.762,-6.473,19.180,9.359,0.992,1.246,1.066,1.383,3,NULL,NULL,,2,0,2,7,255,1125,250,0,0
pre_stim,16071,16071,0,16071,3213389.453,0.823,0.223,0.249,0.459,0,0,440,0,2043,0,1113,791,53,1.229,1,2050,0,515.731,19.585,-180.063,-483.063,-14.375,-0.328,-0.480,2.391,-8.754,17.520,9.359,1.088,1.344,1.066,1.383,3,NULL,NULL,,2,0,2,7,255,1125,250,0,0
pre_stim,16071,16071,0,16071,3213394.455,0.816,0.240,0.263,0.455,0,0,218,0,1765,0,601,671,53,1.229,1,2050,0,526.395,16.634,-178.188,-495.313,-2.563,-0.129,-0.566,1.742,-8.754,14.145,7.090,1.176,1.436,1.066,1.383,3,NULL,NULL,,2,0,2,7,255,1125,250,0,0
pre_stim,16071,16071,0,16071,3213399.454,0.810,0.254,0.278,0.450,0,0,92,0,1406,0,173,505,53,1.229,1,2050,0,520.276,12.638,-118.500,-506.375,15.125,-0.070,-0.418,1.340,-8.641,9.223,3.027,1.254,1.518,1.066,1.383,3,NULL,NULL,,2,0,2,7,255,1125,250,0,0
pre_stim,16111,16111,0,16111,3213404.455,0.804,0.266,0.294,0.443,0,0,37,0,1041,0,0,427,53,1.229,1,2050,0,505.286,11.303,-43.125,-501.750,41.250,-0.141,0.125,1.555,-6.535,9.223,-0.176,1.326,1.592,1.066,1.383,3,NULL,NULL,,2,0,2,7,255,1125,250,0,0
pre_stim,16111,16111,0,16111,3213409.454,0.799,0.277,0.310,0.434,0,0,21,0,619,0,0,371,53,1.229,1,2050,0,503.028,12.286,-14.000,-497.688,71.750,-0.441,0.539,1.973,-2.809,11.961,-0.676,1.398,1.668,1.066,1.383,3,NULL,NULL,,2,0,2,7,255,1125,250,0,0
pre_stim,16111,16111,0,16111,3213414.455,0.794,0.291,0.324,0.424,0,0,0,0,218,0,0,281,53,1.229,1,2050,0,523.348,18.828,-66.688,-500.625,137.188,-0.863,0.656,1.980,-2.809,18.617,-1.492,1.482,1.754,1.066,1.383,3,NULL,NULL,,2,0,2,7,255,1125,250,0,0
pre_stim,16111,16111,0,16111,3213419.453,0.789,0.307,0.337,0.412,0,0,0,0,0,0,0,189,53,1.229,1,2050,0,547.825,20.709,-109.563,-509.250,169.625,-1.242,0.516,1.695,-2.824,20.516,-5.656,1.574,1.848,1.066,1.383,3,NULL,NULL,,2,0,2,7,255,1125,250,0,0
pre_stim,16111,16111,0,16111,3213424.455,0.783,0.322,0.350,0.402,0,0,0,0,0,0,0,110,53,1.229,1,2050,0,540.722,20.806,-123.750,-503.625,153.063,-1.234,0.641,1.379,-3.465,20.516,-10.875,1.672,1.948,1.066,1.383,4,NULL,NULL,,2,0,2,7,255,1125,250,0,0
pre_stim,16111,16111,0,16111,3213429.454,0.775,0.337,0.362,0.393,0,0,0,0,0,0,0,71,53,1.229,1,2050,0,503.440,18.741,-149.625,-470.188,99.938,-0.828,1.051,1.156,-3.465,18.418,-13.430,1.768,2.046,1.066,1.383,0,NULL,NULL,,2,0,2,7,255,1125,250,0,0
pre_stim,16111,16111,0,16111,3213434.455,0.767,0.352,0.370,0.388,0,0,0,0,0,0,0,105,53,1.229,1,2050,0,466.609,16.883,-208.813,-410.688,73.875,-0.473,1.262,0.879,2.266,16.730,-13.430,1.862,2.142,1.066,1.383,0,NULL,NULL,,2,0,2,7,255,1125,250,0,0
pre_stim,16111,16111,0,16111,3213439.453,0.759,0.368,0.377,0.383,0,0,0,0,0,0,0,124,53,1.229,1,2050,0,428.721,14.619,-236.438,-350.688,70.125,-0.141,0.797,0.723,4.262,13.984,-12.980,1.948,2.232,1.066,1.383,0,NULL,NULL,,2,0,2,7,255,1125,250,0,0
pre_stim,16130,16130,0,16130,3213444.455,0.753,0.378,0.381,0.380,0,0,0,0,0,0,0,153,53,1.229,1,2050,0,310.629,10.537,-170.250,-253.375,57.500,-0.078,0.043,0.738,4.262,9.637,-10.094,2.024,2.310,1.066,1.383,0,NULL,NULL,,2,0,2,7,255,1125,250,0,0
pre_stim,16130,16130,0,16130,3213449.454,0.750,0.386,0.384,0.376,0,0,0,0,0,0,0,176,53,1.229,1,2050,0,212.215,9.824,-107.250,-169.875,68.375,-0.445,-0.281,1.117,-1.910,9.637,-8.402,2.090,2.378,1.066,1.383,0,NULL,NULL,,2,0,2,7,255,1125,250,0,0
pre_stim,16130,16130,0,16130,3213454.455,0.747,0.393,0.383,0.376,0,0,0,0,0,0,0,175,53,1.229,1,2050,0,166.890,11.800,-136.063,-82.625,50.125,-0.781,-0.027,1.297,-6.766,9.668,-8.402,2.150,2.440,1.066,1.383,0,NULL,NULL,,2,0,2,7,255,1125,250,0,0
pre_stim,16130,16130,0,16130,3213459.454,0.744,0.399,0.379,0.379,0,0,0,0,0,0,0,157,53,1.229,1,2050,0,208.828,11.800,-208.063,12.938,12.313,-0.730,0.164,0.750,-6.766,9.668,-11.418,2.202,2.496,1.066,1.383,0,NULL,NULL,,2,0,2,7,255,1125,250,0,0
pre_stim,16130,16130,0,16130,3213464.455,0.742,0.405,0.372,0.384,0,0,0,0,0,0,0,88,53,1.229,1,2050,0,232.366,9.589,-210.438,98.063,9.688,-0.578,0.469,-0.039,-3.434,8.953,-13.711,2.246,2.542,1.066,1.383,0,NULL,NULL,,2,0,2,7,255,1125,250,0,0
pre_stim,16130,16130,0,16130,3213469.454,0.743,0.406,0.365,0.388,0,0,0,0,0,0,0,77,53,1.229,1,2050,0,201.573,3.154,-117.375,162.938,17.500,-0.656,0.711,-0.285,1.578,2.730,-16.348,2.278,2.578,1.066,1.383,0,NULL,NULL,,2,0,2,7,255,1125,250,0,0
pre_stim,16160,16160,0,16160,3213474.455,0.745,0.403,0.358,0.392,0,0,0,0,0,0,0,40,53,1.229,1,2050,0,206.964,3.154,-24.688,205.375,6.750,-0.809,0.570,0.242,1.578,2.730,-17.430,2.304,2.604,1.066,1.383,0,NULL,NULL,,2,0,2,7,255,1125,250,0,0
pre_stim,16160,16160,0,16160,3213479.453,0.748,0.400,0.350,0.397,0,0,0,0,0,0,0,36,53,1.229,1,2050,0,237.977,6.373,-23.250,236.375,-14.813,-0.789,0.266,0.723,0.902,6.309,-17.430,2.326,2.630,1.066,1.383,0,NULL,NULL,,2,0,2,7,255,1125,250,0,0
pre_stim,16160,16160,0,16160,3213484.455,0.751,0.397,0.341,0.404,0,0,0,0,0,0,0,35,53,1.229,1,2050,0,265.520,8.178,-68.813,256.125,-12.875,-0.605,0.066,0.652,-2.480,7.793,-14.168,2.352,2.658,1.066,1.383,0,NULL,NULL,,2,0,2,7,255,1125,250,0,0
pre_stim,16160,16160,0,16160,3213489.453,0.753,0.395,0.331,0.409,0,0,0,0,0,0,0,37,53,1.229,1,2050,0,280.959,8.178,-90.438,265.813,10.125,-0.520,0.152,0.266,-2.480,7.793,-13.301,2.380,2.688,1.066,1.383,0,NULL,NULL,,2,0,2,7,255,1125,250,0,0
pre_stim,16160,16160,0,16160,3213494.455,0.756,0.393,0.320,0.414,0,0,0,0,0,0,0,45,53,1.229,1,2050,0,278.710,4.731,-68.813,268.875,25.500,-0.543,0.313,-0.051,-1.438,4.508,-13.301,2.406,2.716,1.066,1.383,0,NULL,NULL,,2,0,2,7,255,1125,250,0,0
pre_stim,16160,16160,0,16160,3213499.454,0.759,0.389,0.310,0.419,0,0,0,0,0,0,0,45,53,1.229,1,2050,0,272.398,2.495,-31.563,269.250,26.625,-0.527,0.352,-0.125,0.273,2.480,-15.398,2.426,2.740,1.066,1.383,0,NULL,NULL,,2,0,2,7,255,1125,250,0,0
pre_stim,16210,16210,0,16210,3213504.455,0.763,0.385,0.301,0.423,0,0,0,0,0,0,0,43,53,1.229,1,2050,0,271.433,2.113,-4.813,270.063,26.813,-0.434,0.297,-0.086,0.609,2.023,-15.398,2.442,2.758,1.066,1.383,0,NULL,NULL,,2,0,2,7,255,1125,250,0,0
pre_stim,16210,16210,0,16210,3213509.454,0.767,0.380,0.292,0.426,0,0,0,0,0,0,0,47,53,1.229,1,2050,0,273.926,2.001,10.625,271.250,36.688,-0.348,0.234,-0.059,0.609,1.906,-14.605,2.456,2.774,1.066,1.383,0,NULL,NULL,,2,0,2,7,255,1125,250,0,0
pre_stim,16210,16210,0,16210,3213514.455,0.772,0.374,0.282,0.429,0,0,0,0,0,0,0,53,53,1.229,1,2050,0,277.830,1.769,25.938,271.875,51.000,-0.340,0.223,-0.051,0.387,1.727,-13.551,2.466,2.786,1.066,1.383,0,NULL,NULL,,2,0,2,7,255,1125,250,0,0
pre_stim,16210,16210,0,16210,3213519.454,0.777,0.368,0.273,0.431,0,0,0,0,0,0,0,49,53,1.229,1,2050,0,281.903,1.751,46.313,271.688,59.250,-0.375,0.219,-0.004,0.293,1.727,-13.371,2.476,2.798,1.066,1.383,0,NULL,NULL,,2,0,2,7,255,1125,250,0,0
pre_stim,16210,16210,0,16210,3213524.455,0.782,0.361,0.264,0.433,0,0,0,0,0,0,0,59,53,1.229,1,2050,0,285.253,2.336,66.500,270.688,60.625,-0.398,0.199,0.117,0.027,2.336,-13.320,2.484,2.810,1.066,1.383,0,NULL,NULL,,2,0,2,7,255,1125,250,0,0
pre_stim,16210,16210,0,16210,3213529.453,0.788,0.354,0.256,0.435,0,0,0,0,0,0,0,55,53,1.229,1,2050,0,287.888,3.429,79.188,270.313,59.500,-0.383,0.180,0.270,-0.359,3.410,-12.664,2.496,2.824,1.066,1.383,0,NULL,NULL,,2,0,2,7,255,1125,250,0,0
pre_stim,16210,16210,0,16210,3213534.455,0.793,0.347,0.247,0.436,0,0,0,0,0,0,0,55,53,1.229,1,2050,0,290.155,4.552,83.875,271.375,59.250,-0.355,0.172,0.406,-0.578,4.516,-11.492,2.510,2.842,1.066,1.383,0,NULL,NULL,,2,0,2,7,255,1125,250,0,0
pre_stim,16210,16210,0,16210,3213539.454,0.798,0.339,0.238,0.438,0,0,0,0,0,0,0,53,53,1.229,1,2050,0,292.921,5.472,84.500,274.313,58.438,-0.363,0.184,0.516,-0.613,5.438,-10.340,2.530,2.864,1.066,1.383,0,NULL,NULL,,2,0,2,7,255,1125,250,0,0
pre_stim,16228,16228,0,16228,3213544.455,0.803,0.331,0.229,0.439,0,0,0,0,0,0,0,51,53,1.229,1,2050,0,296.599,6.360,84.063,279.313,53.750,-0.395,0.184,0.617,-0.633,6.328,-9.590,2.556,2.892,1.066,1.383,0,NULL,NULL,,2,0,2,7,255,1125,250,0,0
pre_stim,16228,16228,0,16228,3213549.454,0.808,0.323,0.220,0.441,0,0,0,0,0,0,0,45,53,1.229,1,2050,0,300.808,7.288,81.875,286.000,44.563,-0.426,0.168,0.730,-0.816,7.242,-8.949,2.586,2.924,1.066,1.383,0,NULL,NULL,,2,0,2,7,255,1125,250,0,0
pre_stim,16228,16228,0,16228,3213554.455,0.812,0.315,0.211,0.444,0,0,0,0,0,0,0,47,53,1.229,1,2050,0,305.959,8.231,75.563,294.688,32.563,-0.434,0.152,0.828,-1.133,8.152,-8.164,2.622,2.962,1.066,1.383,0,NULL,NULL,,2,0,2,7,255,1125,250,0,0
pre_stim,16228,16228,0,16228,3213559.454,0.816,0.307,0.201,0.447,0,0,0,0,0,0,0,51,53,1.229,1,2050,0,312.454,8.896,66.563,304.563,20.938,-0.445,0.148,0.895,-1.297,8.801,-7.281,2.660,3.004,1.066,1.383,0,NULL,NULL,,2,0,2,7,255,1125,250,0,0
pre_stim,16250,16250,0,16250,3213564.455,0.819,0.298,0.191,0.451,0,0,0,0,0,0,0,55,53,1.229,1,2050,0,320.096,9.322,57.125,314.813,9.563,-0.453,0.145,0.922,-1.332,9.227,-6.605,2.702,3.048,1.066,1.383,0,NULL,NULL,,2,0,2,7,255,1125,250,0,0
pre_stim,16250,16250,0,16250,3213569.453,0.822,0.290,0.181,0.455,0,0,0,0,0,0,0,54,53,1.229,1,2050,0,328.940,9.332,49.438,325.188,-3.250,-0.461,0.125,0.918,-1.348,9.234,-6.191,2.746,3.094,1.066,1.383,0,NULL,NULL,,2,0,2,7,255,1125,250,0,0
pre_stim,16250,16250,0,16250,3213574.455,0.825,0.282,0.170,0.460,0,0,0,0,0,0,0,53,53,1.229,1,2050,0,338.661,9.348,45.250,335.188,-17.125,-0.453,0.098,0.887,-1.453,9.234,-5.941,2.790,3.140,1.066,1.383,0,NULL,NULL,,2,0,2,7,255,1125,250,0,0
pre_stim,16250,16250,0,16250,3213579.453,0.827,0.273,0.159,0.465,0,0,0,0,0,0,0,58,53,1.229,1,2050,0,348.680,8.897,45.688,344.375,-29.938,-0.426,0.074,0.848,-1.480,8.773,-5.797,2.832,3.184,1.066,1.383,0,NULL,NULL,,2,0,2,7,255,1125,250,0,0
pre_stim,16250,16250,0,16250,3213584.455,0.829,0.263,0.148,0.471,0,0,0,0,0,0,0,56,53,1.229,1,2050,0,358.198,8.290,50.313,352.313,-40.625,-0.387,0.066,0.816,-1.480,8.156,-5.641,2.868,3.224,1.066,1.383,0,NULL,NULL,,2,0,2,7,255,1125,250,0,0
pre_stim,16250,16250,0,16250,3213589.454,0.830,0.254,0.137,0.477,0,0,0,0,0,0,0,57,53,1.229,1,2050,0,366.540,7.663,58.063,358.563,-49.125,-0.336,0.074,0.793,-1.234,7.563,-5.441,2.902,3.260,1.066,1.383,0,NULL,NULL,,2,0,2,7,255,1125,250,0,0
pre_stim,16303,16303,0,16303,3213594.455,0.832,0.243,0.126,0.483,0,0,0,0,0,0,0,55,53,1.229,1,2050,0,373.407,7.025,68.750,362.688,-56.250,-0.227,0.078,0.762,-0.824,6.977,-5.184,2.932,3.292,1.066,1.383,0,NULL,NULL,,2,0,2,7,255,1125,250,0,0
pre_stim,16303,16303,0,16303,3213599.453,0.833,0.232,0.115,0.489,0,0,0,0,0,0,0,55,53,1.229,1,2050,0,379.363,5.904,83.875,365.250,-58.938,-0.063,0.031,0.707,-0.156,5.902,-4.762,2.958,3.322,1.066,1.383,0,NULL,NULL,,2,0,2,7,255,1125,250,0,0
pre_stim,16326,16326,0,16326,3213604.455,0.835,0.220,0.105,0.494,0,0,0,0,0,0,0,54,53,1.229,1,2050,0,380.974,4.065,107.000,362.500,-47.813,0.012,0.020,0.715,0.293,4.055,-4.199,2.984,3.348,1.066,1.383,0,NULL,NULL,,2,0,2,7,255,1125,250,0,0
pre_stim,16326,16326,0,16326,3213609.454,0.836,0.207,0.095,0.498,0,0,0,0,0,0,0,57,53,1.229,1,2050,0,381.844,3.925,131.063,356.688,-37.438,0.035,0.121,0.836,0.602,3.879,-3.719,3.006,3.374,1.066,1.383,0,NULL,NULL,,2,0,2,7,255,1125,250,0,0
pre_stim,16326,16326,0,16326,3213614.455,0.838,0.194,0.086,0.502,0,0,0,0,0,0,0,63,53,1.229,1,2050,0,381.608,4.091,145.563,351.313,-31.875,0.090,0.137,0.941,1.723,3.711,-2.766,3.028,3.398,1.066,1.383,0,NULL,NULL,,2,0,2,7,255,1125,250,0,0
pre_stim,16326,16326,0,16326,3213619.453,0.840,0.181,0.077,0.506,0,0,0,0,0,0,0,68,53,1.229,1,2050,0,379.617,4.334,157.563,344.875,-18.563,0.141,0.133,1.035,2.238,3.711,-1.543,3.050,3.422,1.066,1.383,0,NULL,NULL,,2,0,2,7,255,1125,250,0,0
pre_stim,16326,16326,0,16326,3213624.455,0.842,0.167,0.069,0.508,0,0,0,0,0,0,0,75,53,1.229,1,2050,0,378.979,4.319,167.750,339.813,-3.563,0.145,0.180,1.121,2.531,3.500,-0.430,3.072,3.446,1.066,1.383,0,NULL,NULL,,2,0,2,7,255,1125,250,0,0
pre_stim,16326,16326,0,16326,3213629.454,0.844,0.153,0.060,0.510,0,0,0,0,0,0,0,72,53,1.229,1,2050,0,379.919,4.485,178.500,335.250,9.125,0.094,0.172,1.238,2.805,3.500,0.363,3.094,3.470,1.066,1.383,0,NULL,NULL,,2,0,2,7,255,1125,250,0,0
pre_stim,16326,16326,0,16326,3213634.455,0.846,0.139,0.052,0.512,0,0,0,0,0,0,0,73,53,1.229,1,2050,0,379.844,4.825,184.938,331.438,15.125,0.035,0.137,1.363,2.805,3.926,1.438,3.118,3.496,1.066,1.383,0,NULL,NULL,,2,0,2,7,255,1125,250,0,0
pre_stim,16326,16326,0,16326,3213639.453,0.848,0.125,0.044,0.513,0,0,0,0,0,0,0,75,53,1.229,1,2050,0,379.159,4.865,188.188,328.750,16.438,0.000,0.117,1.500,2.340,4.266,2.688,3.142,3.524,1.066,1.383,0,NULL,NULL,,2,0,2,7,255,1125,250,0,0
pre_stim,16326,16326,0,16326,3213644.455,0.850,0.111,0.036,0.514,0,0,0,0,0,0,0,71,53,1.229,1,2050,0,375.931,4.968,184.813,326.688,21.063,-0.020,0.164,1.668,2.340,4.383,4.078,3.166,3.550,1.066,1.383,0,NULL,NULL,,2,0,2,7,255,1125,250,0,0
pre_stim,16326,16326,0,16326,3213649.454,0.852,0.097,0.028,0.515,0,0,0,0,0,0,0,73,53,1.229,1,2050,0,369.854,5.339,172.563,326.188,24.813,-0.063,0.191,1.797,2.520,4.707,5.676,3.190,3.576,1.066,1.383,0,NULL,NULL,,2,0,2,7,255,1125,250,0,0
pre_stim,16326,16326,0,16326,3213654.455,0.853,0.084,0.019,0.515,0,0,0,0,0,0,0,71,53,1.229,1,2050,0,362.608,5.384,155.688,326.500,25.375,-0.102,0.160,1.883,2.520,4.758,6.984,3.214,3.602,1.066,1.383,0,NULL,NULL,,2,0,2,7,255,1125,250,0,0
pre_stim,16326,16326,0,16326,3213659.454,0.854,0.071,0.010,0.516,0,0,0,0,0,0,0,73,53,1.229,1,2050,0,356.204,5.299,140.313,326.500,24.313,-0.121,0.117,1.926,2.332,4.758,7.941,3.238,3.628,1.066,1.383,0,NULL,NULL,,2,0,2,7,255,1125,250,0,0
pre_stim,16348,16348,0,16348,3213664.455,0.855,0.059,0.001,0.516,0,0,0,0,0,0,0,79,53,1.229,1,2050,0,350.088,4.686,126.000,325.813,23.063,-0.125,0.086,1.926,1.965,4.254,8.531,3.262,3.654,1.066,1.383,0,NULL,NULL,,2,0,2,7,255,1125,250,0,0
pre_stim,16348,16348,0,16348,3213669.453,0.855,0.047,-0.009,0.516,0,0,0,0,0,0,0,76,53,1.229,1,2050,0,345.220,3.980,115.938,324.438,21.813,-0.121,0.051,1.879,1.742,3.578,8.531,3.282,3.678,1.066,1.383,0,NULL,NULL,,2,0,2,7,255,1125,250,0,0
pre_stim,16348,16348,0,16348,3213674.455,0.855,0.035,-0.019,0.517,0,0,0,0,0,0,0,78,53,1.229,1,2050,0,342.656,3.141,114.313,322.375,20.500,-0.117,0.004,1.824,1.488,2.766,8.352,3.302,3.698,1.066,1.383,0,NULL,NULL,,2,0,2,7,255,1125,250,0,0
pre_stim,16348,16348,0,16348,3213679.454,0.855,0.023,-0.028,0.517,0,0,0,0,0,0,0,77,53,1.229,1,2050,0,342.615,2.246,121.313,319.938,17.563,-0.105,-0.051,1.813,1.129,1.941,7.961,3.320,3.718,1.066,1.383,0,NULL,NULL,,2,0,2,7,255,1125,250,0,0
pre_stim,16372,16372,0,16372,3213684.455,0.855,0.011,-0.037,0.517,0,0,0,0,0,0,0,75,53,1.229,1,2050,0,344.040,1.321,131.625,317.563,13.875,-0.082,-0.117,1.836,0.770,1.074,7.961,3.334,3.736,1.066,1.383,0,NULL,NULL,,2,0,2,7,255,1125,250,0,0
pre_stim,16372,16372,0,16372,3213689.453,0.855,-0.001,-0.045,0.517,0,0,0,0,0,0,0,77,53,1.229,1,2050,0,346.516,0.356,142.313,315.750,11.063,-0.047,-0.180,1.852,0.355,0.023,8.219,3.346,3.748,1.066,1.383,0,NULL,NULL,,2,0,2,7,255,1125,250,0,0
pre_stim,16372,16372,0,16372,3213694.455,0.854,-0.014,-0.053,0.518,0,0,0,0,0,0,0,75,53,1.229,1,2050,0,351.784,1.122,157.563,314.438,7.438,0.008,-0.211,1.859,0.051,-1.121,8.387,3.352,3.758,1.066,1.383,0,NULL,NULL,,2,0,2,7,255,1125,250,0,0
pre_stim,16372,16372,0,16372,3213699.453,0.853,-0.028,-0.061,0.518,0,0,0,0,0,0,0,75,53,1.229,1,2050,0,360.910,2.309,179.875,312.875,3.188,0.098,-0.242,1.930,0.051,-2.309,8.414,3.354,3.762,1.066,1.383,0,NULL,NULL,,2,0,2,7,255,1125,250,0,0
pre_stim,16410,16410,0,16410,3213704.455,0.851,-0.042,-0.068,0.519,0,0,0,0,0,0,0,77,53,1.229,1,2050,0,372.344,3.844,203.875,311.563,-1.875,0.250,-0.227,2.082,0.180,-3.840,8.910,3.350,3.760,1.066,1.383,0,NULL,NULL,,2,0,2,7,255,1125,250,0,0
pre_stim,16410,16410,0,16410,3213709.454,0.849,-0.057,-0.074,0.519,0,0,0,0,0,0,0,75,53,1.229,1,2050,0,383.917,5.958,223.938,311.750,-7.500,0.453,-0.191,2.270,1.078,-5.859,9.996,3.338,3.750,1.066,1.383,0,NULL,NULL,,2,0,2,7,255,1125,250,0,0
pre_stim,16410,16410,0,16410,3213714.455,0.847,-0.073,-0.080,0.520,0,0,0,0,0,0,0,74,53,1.229,1,2050,0,393.200,8.715,237.938,312.938,-7.875,0.652,-0.168,2.461,2.355,-8.391,11.223,3.316,3.732,1.066,1.383,0,NULL,NULL,,2,0,2,7,255,1125,250,0,0
pre_stim,16410,16410,0,16410,3213719.453,0.845,-0.089,-0.086,0.520,0,0,0,0,0,0,0,73,53,1.229,1,2050,0,398.324,11.565,244.813,314.188,-3.875,0.828,-0.176,2.625,3.422,-11.047,12.379,3.284,3.702,1.066,1.383,0,NULL,NULL,,2,0,2,7,255,1125,250,0,0
pre_stim,16410,16410,0,16410,3213724.455,0.842,-0.106,-0.092,0.520,0,0,0,0,0,0,0,77,53,1.229,1,2050,0,400.562,14.305,246.875,315.438,1.250,0.980,-0.219,2.762,4.055,-13.719,13.176,3.242,3.660,1.066,1.383,0,NULL,NULL,,2,0,2,7,255,1125,250,0,0
pre_stim,16410,16410,0,16410,3213729.454,0.840,-0.122,-0.098,0.520,0,0,0,0,0,0,0,75,53,1.229,1,2050,0,401.635,16.848,247.125,316.563,5.313,1.105,-0.211,2.895,4.242,-16.305,13.578,3.188,3.610,1.066,1.383,0,NULL,NULL,,2,0,2,7,255,1125,250,0,0
pre_stim,16410,16410,0,16410,3213734.455,0.837,-0.138,-0.105,0.519,0,0,0,0,0,0,0,75,53,1.229,1,2050,0,398.093,19.104,240.000,317.563,5.688,1.195,-0.148,3.016,4.734,-18.508,13.934,3.124,3.548,1.066,1.383,0,NULL,NULL,,2,0,2,7,255,1125,250,0,0
pre_stim,16410,16410,0,16410,3213739.453,0.834,-0.153,-0.111,0.518,0,0,0,0,0,0,0,70,53,1.229,1,2050,0,386.608,20.958,221.188,317.063,3.625,1.250,-0.086,3.086,5.531,-20.215,14.063,3.050,3.476,1.066,1.383,0,NULL,NULL,,2,0,2,7,255,1125,250,0,0
pre_stim,16430,16430,0,16430,3213744.455,0.831,-0.167,-0.118,0.518,0,0,0,0,0,0,0,77,53,1.229,1,2050,0,367.317,22.319,191.000,313.750,1.313,1.281,0.000,3.086,6.211,-21.438,14.063,2.968,3.394,1.066,1.383,0,NULL,NULL,,2,0,2,7,255,1125,250,0,0
pre_stim,16430,16430,0,16430,3213749.454,0.828,-0.180,-0.126,0.517,0,0,0,0,0,0,0,73,53,1.229,1,2050,0,346.322,23.156,160.688,306.750,-4.750,1.395,0.184,3.082,6.957,-22.086,13.375,2.878,3.306,1.066,1.383,0,NULL,NULL,,2,0,2,7,255,1125,250,0,0
pre_stim,16430,16430,0,16430,3213754.455,0.824,-0.191,-0.134,0.516,0,0,0,0,0,0,0,89,53,1.229,1,2050,0,322.792,24.650,127.875,296.000,-15.063,1.664,0.281,3.047,9.027,-22.938,12.480,2.778,3.208,1.066,1.383,0,NULL,NULL,,2,0,2,7,255,1125,250,0,0
pre_stim,16430,16430,0,16430,3213759.454,0.821,-0.200,-0.142,0.515,0,0,0,0,0,0,0,99,53,1.229,1,2050,0,293.839,27.384,88.938,279.813,-11.688,1.988,0.113,2.895,10.855,-25.141,10.527,2.676,3.106,1.066,1.383,0,NULL,NULL,,2,0,2,7,255,1125,250,0,0
pre_stim,16430,16430,0,16430,3213764.455,0.819,-0.208,-0.150,0.513,0,0,0,0,0,0,0,133,53,1.229,1,2050,0,265.243,30.158,45.625,261.250,4.563,2.266,-0.098,2.527,10.855,-28.137,6.875,2.566,2.998,1.066,1.383,0,NULL,NULL,,2,0,2,7,255,1125,250,0,0
pre_stim,16430,16430,0,16430,3213769.453,0.818,-0.214,-0.158,0.510,0,0,0,0,0,0,0,151,53,1.229,1,2050,0,242.279,31.109,19.438,240.188,25.125,2.496,-0.223,1.984,10.094,-29.426,1.477,2.448,2.880,1.066,1.383,0,NULL,NULL,,2,0,2,7,255,1125,250,0,0
pre_stim,16461,16461,0,16461,3213774.455,0.817,-0.220,-0.165,0.507,0,0,0,0,0,0,0,162,53,1.229,1,2050,0,223.914,31.022,23.813,218.563,42.438,2.754,-0.328,1.457,9.824,-29.426,-5.055,2.324,2.756,1.066,1.383,0,NULL,NULL,,2,0,2,7,255,1125,250,0,0
pre_stim,16461,16461,0,16461,3213779.454,0.816,-0.226,-0.171,0.503,0,0,0,0,0,0,0,187,53,1.229,1,2050,0,212.891,31.000,50.750,197.875,59.938,3.031,-0.500,1.043,9.754,-29.426,-11.457,2.196,2.628,1.066,1.383,0,NULL,NULL,,2,0,2,7,255,1125,250,0,0
pre_stim,16461,16461,0,16461,3213784.455,0.816,-0.234,-0.175,0.499,0,0,0,0,0,0,0,189,53,1.229,1,2050,0,215.827,30.986,89.063,176.938,85.688,3.254,-0.762,0.723,9.246,-29.574,-17.090,2.062,2.494,1.066,1.383,0,NULL,NULL,,2,0,2,7,255,1125,250,0,0
pre_stim,16461,16461,0,16461,3213789.453,0.815,-0.243,-0.176,0.495,0,0,0,0,0,0,0,189,53,1.229,1,2050,0,239.064,31.362,137.500,155.000,119.250,3.352,-1.086,0.512,7.836,-30.367,-21.820,1.928,2.360,1.066,1.383,0,NULL,NULL,,2,0,2,7,255,1125,250,0,0
pre_stim,16461,16461,0,16461,3213794.455,0.815,-0.254,-0.175,0.490,0,0,0,0,0,0,0,189,53,1.229,1,2050,0,282.772,31.423,198.813,133.000,150.813,3.297,-1.363,0.480,5.523,-30.934,-25.156,1.792,2.222,1.066,1.383,0,NULL,NULL,,2,0,2,7,255,1125,250,0,0
pre_stim,16461,16461,0,16461,3213799.454,0.815,-0.267,-0.172,0.484,0,0,0,0,0,0,0,188,53,1.229,1,2050,0,322.939,31.329,254.438,106.625,167.875,3.180,-1.691,0.684,3.211,-31.164,-25.277,1.654,2.082,1.066,1.383,0,NULL,NULL,,2,0,2,7,255,1125,250,0,0
pre_stim,16510,16510,0,16510,3213804.455,0.815,-0.281,-0.167,0.479,0,0,0,0,0,0,0,188,53,1.229,1,2050,0,356.648,32.521,297.688,81.688,178.625,2.910,-1.762,1.000,0.328,-32.520,-25.277,1.512,1.938,1.066,1.383,0,NULL,NULL,,2,0,2,7,255,1125,250,0,0
pre_stim,16510,16510,0,16510,3213809.454,0.814,-0.295,-0.160,0.475,0,0,0,0,0,0,0,181,53,1.229,1,2050,0,365.482,32.536,323.438,52.938,161.750,2.441,-1.547,1.543,-1.047,-32.520,-22.156,1.370,1.792,1.066,1.383,0,NULL,NULL,,2,0,2,7,255,1125,250,0,0
pre_stim,16510,16510,0,16510,3213814.455,0.812,-0.307,-0.153,0.473,0,0,0,0,0,0,0,183,53,1.229,1,2050,0,335.647,32.559,315.250,18.750,113.688,2.082,-1.414,2.277,-1.242,-32.535,-15.496,1.224,1.642,1.066,1.383,0,NULL,NULL,,2,0,2,7,255,1125,250,0,0
pre_stim,16510,16510,0,16510,3213819.453,0.810,-0.317,-0.145,0.471,0,0,0,0,0,0,0,188,53,1.229,1,2050,0,292.280,33.273,267.188,-21.250,116.563,2.508,-1.145,3.223,-1.242,-33.250,-8.066,1.078,1.490,1.066,1.383,0,NULL,NULL,,2,0,2,7,255,1125,250,0,0
pre_stim,16510,16510,0,16510,3213824.455,0.813,-0.322,-0.138,0.465,0,0,0,0,0,0,0,197,53,1.229,1,2050,0,232.476,40.029,122.188,-46.938,192.125,2.133,-0.992,3.551,1.051,-40.016,-2.629,0.928,1.334,1.066,1.383,0,NULL,NULL,,2,0,2,7,255,1125,250,0,0
pre_stim,16510,16510,0,16510,3213829.454,0.815,-0.323,-0.133,0.463,0,0,0,0,0,0,0,187,53,1.229,1,2050,0,142.876,40.029,46.250,-73.625,113.375,0.801,-0.434,2.766,1.051,-40.016,2.301,0.780,1.174,1.066,1.383,0,NULL,NULL,,2,0,2,7,255,1125,250,0,0
pre_stim,16510,16510,0,16510,3213834.455,0.815,-0.321,-0.130,0.465,0,0,0,0,0,0,0,229,53,1.229,1,2050,0,103.838,24.269,20.875,-98.438,-25.625,0.879,-0.051,2.871,1.051,-24.246,5.340,0.634,1.014,1.066,1.383,0,NULL,NULL,,2,0,2,7,255,1125,250,0,0
pre_stim,16510,16510,0,16510,3213839.453,0.814,-0.319,-0.125,0.469,0,0,0,203,0,0,0,325,53,1.229,1,2050,0,147.839,24.264,19.313,-135.375,-56.188,0.742,-0.781,3.926,-0.941,-24.246,7.340,0.498,0.854,1.066,1.383,0,NULL,NULL,,2,0,2,7,255,1125,250,0,0
pre_stim,16510,16510,0,16510,3213844.455,0.819,-0.320,-0.111,0.463,285,0,0,751,0,12,0,356,53,1.229,1,2050,0,377.696,32.093,128.250,-235.125,266.313,0.004,1.121,6.637,2.387,-32.004,13.547,0.390,0.694,1.066,1.383,0,NULL,NULL,,2,0,2,7,255,1125,250,0,0
pre_stim,16510,16510,0,16510,3213849.454,0.835,-0.295,-0.115,0.450,869,0,0,1235,0,219,0,410,53,1.229,1,2050,0,752.370,32.173,-675.563,-131.375,304.000,-1.090,2.758,4.551,3.293,-32.004,41.090,0.338,0.544,1.066,1.383,0,NULL,NULL,,2,0,2,7,255,1125,250,0,0
pre_stim,16534,16534,0,16534,3213854.455,0.851,-0.257,-0.128,0.440,1257,0,0,1531,0,407,0,498,53,1.229,1,2050,0,1014.505,15.579,-994.063,-127.875,157.188,-1.426,3.152,0.078,13.965,-6.906,41.090,0.344,0.426,1.066,1.383,0,NULL,NULL,,2,0,2,7,255,1125,250,0,0
pre_stim,16534,16534,0,16534,3213859.454,0.859,-0.232,-0.136,0.435,1603,0,0,1747,0,539,0,559,53,1.229,1,2051,0,647.094,28.153,-636.750,-95.500,64.500,-1.992,1.895,-1.910,13.965,24.445,6.270,0.376,0.362,1.066,1.383,1,1103.000,-22.000,,2,0,2,7,255,1125,250,0,0
pre_stim,16534,16534,0,16534,3213864.455,0.861,-0.220,-0.138,0.438,1834,0,0,1865,0,661,0,625,53,1.229,1,2051,0,283.443,24.569,-250.063,-99.438,-89.000,-1.305,0.281,-1.313,2.461,24.445,-12.762,0.396,0.356,1.066,1.383,1,NULL,NULL,,2,0,2,7,255,1125,250,0,0
pre_stim,16534,16534,0,16534,3213869.454,0.859,-0.217,-0.135,0.443,2037,0,0,1962,0,857,0,709,53,1.229,1,2051,0,150.698,16.537,6.750,-99.688,-112.813,0.164,0.023,0.566,1.363,16.480,-12.762,0.396,0.380,1.066,1.383,1,NULL,NULL,,2,0,2,7,255,1125,250,0,0
pre_stim,16560,16560,0,16560,3213874.455,0.861,-0.214,-0.132,0.443,2237,0,0,2147,0,996,0,776,53,1.229,1,2051,0,110.849,3.972,-49.750,-98.000,14.438,0.617,0.957,1.574,1.363,-3.730,-5.582,0.388,0.408,1.066,1.383,1,NULL,NULL,,2,0,2,7,255,1125,250,0,0
pre_stim,16560,16560,0,16560,3213879.453,0.865,-0.206,-0.131,0.439,2501,0,0,2377,0,1117,0,811,53,1.229,1,2051,0,232.373,12.042,-178.625,-104.375,105.813,-0.094,1.395,1.391,11.449,-3.730,3.352,0.388,0.430,1.066,1.383,1,NULL,NULL,,2,0,2,7,255,1125,250,0,0
pre_stim,16560,16560,0,16560,3213884.455,0.871,-0.193,-0.130,0.432,2665,0,0,2579,0,1135,0,868,53,1.229,1,2051,0,348.820,11.597,-285.313,-135.938,147.625,-1.742,-0.480,0.574,11.449,1.848,3.352,0.414,0.454,1.066,1.383,1,NULL,NULL,,2,0,2,7,255,1125,250,0,0
pre_stim,16560,16560,0,16560,3213889.453,0.876,-0.178,-0.130,0.429,2787,0,0,2705,0,1159,0,955,53,1.229,1,2051,0,382.601,14.892,-344.063,-157.875,55.500,-2.129,-1.594,-0.176,-13.504,6.277,1.035,0.442,0.482,1.066,1.383,1,NULL,NULL,,2,0,2,7,255,1125,250,0,0
pre_stim,16605,16605,0,16605,3213894.455,0.876,-0.167,-0.128,0.434,2851,0,0,2809,0,1160,0,1049,53,1.229,1,2051,0,270.393,18.739,-178.563,-167.125,-115.313,-1.422,-1.074,-0.750,-17.520,6.648,-6.109,0.446,0.496,1.066,1.383,2,NULL,NULL,,2,0,2,7,255,1125,250,0,0
pre_stim,16605,16605,0,16605,3213899.454,0.874,-0.163,-0.121,0.441,2933,0,0,2895,0,1163,0,1144,53,1.229,1,2051,0,232.350,18.610,5.313,-181.625,-144.813,-0.262,-0.395,0.148,-17.520,6.277,-8.137,0.420,0.496,1.066,1.383,2,NULL,NULL,,2,0,2,7,255,1125,250,0,0
pre_stim,16605,16605,0,16605,3213904.455,0.873,-0.161,-0.114,0.446,2975,0,0,2952,0,1208,0,1233,53,1.229,1,2051,0,218.695,4.649,61.250,-188.313,-92.813,0.270,-0.586,1.523,-4.555,-0.930,-8.137,0.380,0.488,1.066,1.383,2,NULL,NULL,,2,0,2,7,255,1125,250,0,0
pre_stim,16605,16605,0,16605,3213909.454,0.874,-0.156,-0.107,0.447,2988,0,0,2993,0,1312,0,1288,53,1.229,1,2051,0,188.197,10.897,-38.188,-183.313,-18.875,0.410,-0.711,1.984,-2.027,-10.707,2.250,0.342,0.472,1.066,1.383,2,NULL,NULL,,2,0,2,7,255,1125,250,0,0
pre_stim,16605,16605,0,16605,3213914.455,0.877,-0.147,-0.103,0.446,3022,0,0,3045,0,1419,0,1351,53,1.229,1,2051,0,242.004,12.124,-154.125,-182.563,38.500,0.371,-0.754,1.516,-2.027,-11.953,2.250,0.320,0.450,1.066,1.383,2,NULL,NULL,,2,0,2,7,255,1125,250,0,0
pre_stim,16605,16605,1,16605,3213919.454,0.880,-0.137,-0.100,0.443,3049,0,0,3070,0,1551,0,1384,53,1.229,1,2051,0,261.460,12.285,-180.938,-172.625,76.313,0.207,-1.004,0.773,-2.836,-11.953,2.004,0.316,0.412,1.066,1.383,2,NULL,NULL,,2,1,2,7,255,1125,250,0,0
pre_stim,16605,16605,1,16605,3213924.455,0.884,-0.129,-0.095,0.440,3053,0,0,3096,72,1706,0,1447,53,1.229,1,2051,0,224.566,11.500,-126.313,-164.688,85.750,0.031,-1.285,0.652,-6.215,-9.676,-4.457,0.330,0.364,1.066,1.383,2,NULL,NULL,,2,1,2,7,255,1125,250,0,0
pre_stim,16605,16605,1,16605,3213929.453,0.886,-0.124,-0.090,0.437,3063,0,0,3112,245,1821,0,1524,53,1.229,1,2051,0,188.964,12.087,-68.500,-155.625,82.438,0.004,-1.020,0.898,-7.352,-9.594,-4.457,0.346,0.310,1.066,1.383,2,NULL,NULL,,2,1,2,7,255,1125,250,0,0
pre_stim,16627,16627,1,16627,3213934.455,0.889,-0.120,-0.085,0.434,3063,0,0,3125,479,1929,0,1579,53,1.229,1,2051,0,176.098,11.241,-40.500,-148.813,85.000,0.070,-0.254,1.105,-7.352,-8.504,-2.520,0.360,0.268,1.066,1.383,2,NULL,NULL,,2,1,2,7,255,1125,250,0,0
pre_stim,16627,16627,1,16627,3213939.454,0.891,-0.116,-0.080,0.431,3069,0,0,3141,676,2037,0,1657,53,1.229,1,2051,0,172.469,5.058,-43.000,-140.500,90.313,0.000,0.191,1.301,-0.840,-4.988,0.141,0.366,0.236,1.066,1.383,2,NULL,NULL,,2,1,2,7,255,1125,250,0,0
pre_stim,16627,16627,1,16627,3213944.455,0.894,-0.111,-0.075,0.428,3091,0,0,3147,921,2151,0,1811,53,1.229,1,2051,0,172.500,2.225,-74.250,-132.438,81.875,-0.172,0.070,1.371,0.281,-2.207,2.680,0.370,0.216,1.066,1.383,2,NULL,NULL,,2,1,2,7,255,1125,250,0,0
pre_stim,16627,16627,1,16627,3213949.454,0.895,-0.105,-0.072,0.426,3087,0,0,3155,1102,2211,135,1933,53,1.229,1,2051,0,152.200,2.225,-84.125,-116.188,50.875,-0.148,-0.117,1.551,0.281,-2.207,3.656,0.378,0.200,1.066,1.383,2,NULL,NULL,,2,1,2,7,255,1125,250,0,0
pre_stim,16627,16627,1,16627,3213954.455,0.895,-0.102,-0.071,0.428,3091,0,0,3155,1297,2265,104,2022,53,1.229,1,2051,0,94.346,3.231,-63.750,-61.750,-32.000,0.082,0.129,1.625,0.281,-3.219,5.168,0.392,0.186,1.066,1.383,2,NULL,NULL,,2,1,2,7,255,1125,250,0,0
pre_stim,16627,16627,1,16627,3213959.454,0.895,-0.099,-0.070,0.430,3093,0,0,3160,1403,2281,121,2087,53,1.229,1,2051,0,91.817,4.033,-45.313,-49.313,-62.813,0.645,0.750,1.004,2.430,-3.219,5.168,0.414,0.170,1.066,1.383,2,NULL,NULL,,2,1,2,7,255,1125,250,0,0
pre_stim,16648,16648,1,16648,3213964.455,0.894,-0.099,-0.068,0.431,3093,0,0,3163,1481,2309,151,2123,53,1.229,1,2051,0,49.991,10.661,23.438,-33.938,-28.250,0.652,0.750,1.238,10.223,-3.027,1.305,0.438,0.152,1.066,1.383,2,NULL,NULL,,2,1,2,7,255,1125,250,0,0
pre_stim,16648,16648,1,16648,3213969.454,0.895,-0.097,-0.068,0.431,3089,0,0,3159,1559,2329,155,2169,53,1.229,1,2051,0,31.741,10.661,-25.063,-16.563,10.250,-0.070,-0.027,1.813,10.223,-3.027,1.305,0.460,0.130,1.066,1.383,2,NULL,NULL,,2,1,2,7,255,1125,250,0,0
pre_stim,16648,16648,1,16648,3213974.455,0.895,-0.092,-0.070,0.431,3087,0,0,3160,1605,2344,187,2200,53,1.229,1,2051,0,125.714,3.053,-124.125,-12.438,-15.563,-0.496,-0.109,1.305,0.398,-3.027,3.605,0.478,0.110,1.066,1.383,2,NULL,NULL,,2,1,2,7,255,1125,250,0,0
pre_stim,16648,16648,1,16648,3213979.453,0.894,-0.087,-0.072,0.434,3089,23,0,3164,1651,2351,229,2229,53,1.229,1,2051,0,136.064,0.453,-106.813,-8.938,-83.813,-0.320,0.160,0.613,-0.324,0.316,3.605,0.496,0.090,1.066,1.383,2,NULL,NULL,,2,1,2,7,255,1125,250,0,0
pre_stim,16676,16676,1,16676,3213984.455,0.892,-0.086,-0.073,0.438,3091,31,0,3167,1700,2361,261,2264,53,1.229,1,2051,0,108.519,0.453,-31.875,-6.938,-103.500,0.152,-0.059,0.652,-0.324,0.316,-3.203,0.514,0.070,1.066,1.383,2,NULL,NULL,,2,1,2,7,255,1125,250,0,0
pre_stim,16676,16676,1,16676,3213989.454,0.891,-0.085,-0.073,0.440,3094,41,0,3169,1759,2375,277,2288,53,1.229,1,2051,0,52.976,2.898,-13.875,-6.688,-50.688,0.270,-0.219,1.086,0.648,-2.824,-3.203,0.532,0.050,1.066,1.383,2,NULL,NULL,,2,1,2,7,255,1125,250,0,0
pre_stim,16676,16676,1,16676,3213994.455,0.891,-0.083,-0.074,0.440,3095,79,0,3173,1789,2387,294,2315,53,1.229,1,2051,0,49.000,2.898,-47.875,-3.563,-9.813,-0.035,-0.121,1.145,0.648,-2.824,-0.063,0.546,0.034,1.066,1.383,2,NULL,NULL,,2,1,2,7,255,1125,250,0,0
pre_stim,16676,16676,1,16676,3213999.453,0.891,-0.080,-0.075,0.441,3096,110,0,3173,1833,2399,313,2341,53,1.229,1,2051,0,65.131,2.690,-62.063,-4.438,-19.250,-0.289,0.090,0.926,-0.277,-2.676,-0.063,0.558,0.020,1.066,1.383,2,NULL,NULL,,2,1,2,7,255,1125,250,0,0
pre_stim,16709,16709,1,16709,3214004.455,0.890,-0.078,-0.076,0.443,3097,124,9,3177,1863,2413,328,2360,53,1.229,1,2051,0,65.963,0.390,-39.813,-1.813,-52.563,-0.219,0.039,0.852,-0.293,0.258,-0.328,0.568,0.008,1.066,1.383,2,NULL,NULL,,2,1,2,7,255,1125,250,0,0
pre_stim,16709,16709,1,16709,3214009.454,0.889,-0.077,-0.076,0.445,3097,147,53,3175,1898,2423,349,2377,53,1.229,1,2051,0,62.446,0.379,-19.125,-4.813,-59.250,-0.027,-0.059,0.941,-0.277,0.258,-0.746,0.576,0.000,1.066,1.383,2,NULL,NULL,,2,1,2,7,255,1125,250,0,0
pre_stim,16709,16709,1,16709,3214014.455,0.888,-0.076,-0.076,0.447,3100,163,107,3178,1918,2429,347,2387,53,1.229,1,2051,0,45.940,1.932,-12.063,-2.625,-44.250,0.063,-0.117,1.004,0.152,-1.926,-0.746,0.000,0.000,1.066,1.383,2,NULL,NULL,,2,1,2,7,255,1125,250,0,0
pre_stim,16709,16709,1,16709,3214019.453,0.888,-0.076,-0.076,0.448,3097,174,159,3179,1933,2439,349,2395,53,1.229,1,2051,0,25.205,3.062,-16.625,-1.625,-18.875,0.035,-0.184,1.004,0.152,-3.059,-0.355,0.000,0.000,1.066,1.383,2,NULL,NULL,,2,1,2,7,255,1125,250,0,0
pre_stim,16709,16709,1,16709,3214024.455,0.888,-0.075,-0.077,0.448,3100,186,229,3179,1949,2441,359,2398,53,1.229,1,2051,0,19.490,3.086,-19.188,-1.063,-3.250,-0.105,-0.160,0.953,-0.414,-3.059,-0.355,0.000,0.000,1.066,1.383,2,NULL,NULL,,2,1,2,7,255,1125,250,0,0
pre_stim,16709,16709,1,16709,3214029.454,0.888,-0.074,-0.077,0.448,3100,201,279,3179,1966,2449,357,2405,53,1.229,1,2051,0,12.977,2.007,-11.438,-1.750,-5.875,-0.188,-0.043,0.930,-0.629,-1.906,-0.516,0.000,0.000,1.066,1.383,2,NULL,NULL,,2,1,2,7,255,1125,250,0,0
pre_stim,16709,16709,1,16709,3214034.455,0.887,-0.074,-0.077,0.448,3103,203,313,3180,1979,2455,359,2413,53,1.229,1,2051,0,14.879,0.881,-0.313,-1.375,-14.813,-0.152,0.004,0.969,-0.629,-0.617,-0.516,0.000,0.000,1.066,1.383,2,NULL,NULL,,2,1,2,7,255,1125,250,0,0
pre_stim,16709,16709,1,16709,3214039.453,0.887,-0.074,-0.077,0.449,3099,203,331,3179,1991,2455,355,2415,53,1.188,1,2051,1,11.887,0.618,1.500,-1.563,-11.688,-0.074,0.000,1.051,-0.023,-0.617,-0.223,0.000,0.000,0.990,1.372,2,NULL,NULL,,2,1,2,7,255,1125,250,0,0
pre_stim,16730,16730,1,16730,3214044.455,0.887,-0.073,-0.077,0.449,3101,201,361,3181,1996,2459,345,2418,53,1.188,1,2051,1,5.131,1.392,-4.750,-1.938,-0.125,-0.086,-0.016,1.059,0.301,-1.359,0.430,0.010,0.008,0.990,1.372,2,NULL,NULL,,2,1,2,7,255,1125,250,0,0
pre_stim,16730,16730,1,16730,3214049.454,0.887,-0.073,-0.077,0.449,3099,205,383,3180,1998,2459,359,2419,53,1.188,1,2051,1,8.295,1.392,-6.875,-2.000,4.188,-0.152,-0.004,1.004,0.301,-1.359,0.430,0.018,0.014,0.990,1.372,2,NULL,NULL,,2,1,2,7,255,1125,250,0,0
pre_stim,16730,16730,1,16730,3214054.455,0.887,-0.073,-0.076,0.449,3096,201,413,3177,2004,2459,359,2420,53,1.188,1,2051,1,2.655,0.697,-1.875,-1.875,0.125,-0.180,-0.004,0.977,-0.055,-0.695,0.117,0.024,0.016,0.990,1.372,2,NULL,NULL,,2,1,2,7,255,1125,250,0,0
pre_stim,16730,16730,1,16730,3214059.454,0.887,-0.073,-0.076,0.449,3096,203,441,3175,2007,2456,347,2420,53,1.188,1,2051,1,4.336,0.730,2.063,-2.188,-3.125,-0.160,-0.020,1.004,-0.223,-0.695,0.117,0.030,0.018,0.990,1.372,2,NULL,NULL,,2,1,2,7,255,1125,250,0,0
pre_stim,16730,16730,1,16730,3214064.455,0.887,-0.073,-0.076,0.449,3101,200,473,3176,2007,2453,347,2422,53,1.188,1,2051,1,3.369,0.767,1.063,-3.188,-0.250,-0.137,-0.027,1.016,-0.223,-0.734,0.141,0.034,0.020,0.990,1.372,2,NULL,NULL,,2,1,2,7,255,1125,250,0,0
pre_stim,16730,16730,1,16730,3214069.453,0.887,-0.072,-0.076,0.449,3087,200,477,3163,2007,2453,347,2427,53,1.188,1,2051,1,5.844,0.767,0.000,-4.375,3.875,-0.156,-0.020,0.992,-0.223,-0.734,0.141,0.038,0.022,0.990,1.372,2,NULL,NULL,,2,1,2,7,255,1125,250,0,0
pre_stim,16761,16761,1,16761,3214074.455,0.888,-0.072,-0.076,0.449,3083,191,500,3163,2008,2445,341,2423,53,1.188,1,2051,1,7.196,0.747,2.125,-5.500,4.125,-0.180,-0.016,0.977,-0.230,-0.711,0.023,0.042,0.024,0.990,1.372,2,NULL,NULL,,2,1,2,7,255,1125,250,0,0
pre_stim,16761,16761,1,16761,3214079.454,0.888,-0.072,-0.075,0.449,3079,181,505,3157,2010,2439,343,2423,53,1.188,1,2051,1,8.262,0.551,4.938,-6.438,1.563,-0.176,-0.012,0.980,-0.270,-0.480,-0.055,0.048,0.024,0.990,1.372,2,NULL,NULL,,2,1,2,7,255,1125,250,0,0
pre_stim,16761,16761,1,16761,3214084.455,0.888,-0.073,-0.075,0.449,3076,167,527,3163,2009,2431,341,2425,53,1.188,1,2051,1,9.638,0.551,6.813,-6.813,0.250,-0.152,0.004,0.992,-0.270,-0.480,-0.055,0.052,0.026,0.990,1.372,2,NULL,NULL,,2,1,2,7,255,1125,250,0,0
pre_stim,16761,16761,1,16761,3214089.453,0.888,-0.073,-0.074,0.449,3055,163,537,3145,2009,2427,339,2431,53,1.188,1,2051,1,10.342,0.551,7.438,-7.000,1.625,-0.141,0.035,1.012,-0.020,-0.551,0.020,0.056,0.028,0.990,1.372,2,NULL,NULL,,2,1,2,7,255,1125,250,0,0
pre_stim,16761,16761,1,16761,3214094.455,0.888,-0.073,-0.074,0.448,3051,156,551,3135,2010,2419,341,2440,53,1.188,1,2051,1,10.191,0.618,6.688,-7.250,2.563,-0.152,0.055,1.023,0.281,-0.551,0.195,0.060,0.028,0.990,1.372,2,NULL,NULL,,2,1,2,7,255,1125,250,0,0
pre_stim,16761,16761,1,16761,3214099.454,0.888,-0.073,-0.073,0.448,3036,149,564,3129,2011,2410,343,2439,53,1.188,1,2051,1,9.329,0.542,5.750,-7.250,1.188,-0.168,0.090,1.027,0.398,-0.367,0.344,0.064,0.030,0.990,1.372,2,NULL,NULL,,2,1,2,7,255,1125,250,0,0
pre_stim,16809,16809,1,16809,3214104.455,0.888,-0.073,-0.073,0.449,3033,153,571,3117,2013,2407,357,2440,53,1.188,1,2051,1,8.743,0.572,4.563,-7.250,-1.750,-0.160,0.102,1.027,0.570,-0.043,0.402,0.068,0.030,0.990,1.372,2,NULL,NULL,,2,1,2,7,255,1125,250,0,0
pre_stim,16809,16809,1,16809,3214109.454,0.888,-0.073,-0.073,0.449,3025,148,587,3108,2019,2401,367,2441,53,1.188,1,2051,1,7.938,0.595,2.563,-7.063,-2.563,-0.148,0.082,1.023,0.594,-0.043,0.402,0.072,0.028,0.990,1.372,2,NULL,NULL,,2,1,2,7,255,1125,250,0,0
pre_stim,16809,16809,1,16809,3214114.455,0.888,-0.073,-0.072,0.449,3015,150,637,3097,2026,2392,382,2446,53,1.188,1,2051,1,7.780,0.638,0.813,-7.688,-0.875,-0.156,0.063,1.000,0.594,-0.234,0.313,0.072,0.028,0.990,1.372,2,NULL,NULL,,2,1,2,7,255,1125,250,0,0
pre_stim,16809,16809,1,16809,3214119.454,0.888,-0.073,-0.072,0.449,2995,151,665,3082,2055,2389,396,2451,53,1.188,1,2051,1,8.815,0.452,1.063,-8.750,-0.125,-0.188,0.066,0.980,0.387,-0.234,0.102,0.074,0.026,0.990,1.372,2,NULL,NULL,,2,1,2,7,255,1125,250,0,0
pre_stim,16809,16809,1,16809,3214124.455,0.888,-0.073,-0.071,0.449,2984,152,711,3078,2071,2392,421,2456,53,1.188,1,2051,1,11.377,0.261,3.250,-10.500,-2.938,-0.223,0.098,0.992,0.246,0.086,0.102,0.076,0.024,0.990,1.372,2,NULL,NULL,,2,1,2,7,255,1125,250,0,0
pre_stim,16809,16809,1,16809,3214129.453,0.888,-0.073,-0.071,0.449,2963,158,760,3061,2097,2389,447,2471,53,1.188,1,2051,1,15.670,0.571,5.188,-12.313,-8.188,-0.223,0.156,1.020,0.246,0.516,0.172,0.078,0.022,0.990,1.372,2,NULL,NULL,,2,1,2,7,255,1125,250,0,0
pre_stim,16828,16828,1,16828,3214134.455,0.887,-0.073,-0.070,0.450,2943,157,843,3039,2123,2381,471,2473,53,1.188,1,2051,1,18.852,1.047,4.625,-13.563,-12.250,-0.188,0.199,1.043,0.734,0.746,0.445,0.078,0.020,0.990,1.372,2,NULL,NULL,,2,1,2,7,255,1125,250,0,0
pre_stim,16828,16828,1,16828,3214139.453,0.887,-0.073,-0.069,0.450,2931,167,925,3022,2159,2381,503,2489,53,1.188,1,2051,1,18.473,1.479,1.625,-14.563,-11.250,-0.168,0.215,1.063,1.277,0.746,0.637,0.078,0.018,0.990,1.372,2,NULL,NULL,,2,1,2,7,255,1125,250,0,0
pre_stim,16828,16828,1,16828,3214144.455,0.887,-0.072,-0.069,0.451,2894,179,1013,3019,2205,2381,557,2505,53,1.188,1,2051,1,19.733,1.616,-3.813,-14.625,-12.688,-0.180,0.215,1.059,1.434,0.746,0.781,0.078,0.014,0.990,1.372,2,NULL,NULL,,2,1,2,7,255,1125,250,0,0
pre_stim,16828,16828,1,16828,3214149.454,0.887,-0.072,-0.068,0.451,2871,217,1117,2995,2239,2383,614,2517,53,1.188,1,2051,1,24.171,1.587,-6.938,-14.250,-18.250,-0.168,0.195,1.020,1.434,0.680,0.781,0.078,0.012,0.990,1.372,2,NULL,NULL,,2,1,2,7,255,1125,250,0,0
pre_stim,16828,16828,1,16828,3214154.455,0.886,-0.071,-0.068,0.452,2858,220,1187,2983,2268,2379,722,2527,53,1.188,1,2051,1,26.746,1.481,-6.313,-13.938,-21.938,-0.137,0.145,1.004,1.328,0.656,0.391,0.078,0.010,0.990,1.372,2,NULL,NULL,,2,1,2,7,255,1125,250,0,0
pre_stim,16828,16828,1,16828,3214159.454,0.886,-0.071,-0.067,0.453,2827,217,1245,2965,2301,2379,797,2539,53,1.188,1,2051,1,27.579,1.099,-6.375,-13.063,-23.438,-0.117,0.105,1.000,1.090,0.145,0.141,0.078,0.006,0.990,1.372,2,NULL,NULL,,2,1,2,7,255,1125,250,0,0
pre_stim,16850,16850,1,16850,3214164.455,0.886,-0.070,-0.067,0.454,2799,245,1361,2953,2347,2381,887,2547,53,1.188,1,2051,1,29.092,0.876,-6.500,-11.875,-25.750,-0.113,0.074,0.996,0.852,-0.207,0.059,0.080,0.004,0.990,1.372,2,NULL,NULL,,2,1,2,7,255,1125,250,0,0
pre_stim,16850,16850,0,16850,3214169.454,0.885,-0.070,-0.067,0.455,2771,255,1494,2935,2381,2376,984,2567,53,1.188,1,2051,1,31.372,0.748,-8.375,-10.438,-28.375,-0.102,0.039,0.992,0.633,-0.398,-0.004,0.080,0.004,0.990,1.372,2,NULL,NULL,,2,0,2,7,255,1125,250,0,0
pre_stim,16850,16850,0,16850,3214174.455,0.885,-0.069,-0.067,0.456,2745,261,1625,2921,2411,2379,1112,2571,53,1.188,1,2051,1,32.707,0.781,-11.563,-9.750,-29.000,-0.113,-0.012,0.977,0.410,-0.664,-0.055,0.080,0.006,0.990,1.372,2,NULL,NULL,,2,0,2,7,255,1125,250,0,0
pre_stim,16850,16850,0,16850,3214179.453,0.884,-0.068,-0.066,0.457,2722,293,1733,2914,2457,2391,1199,2599,53,1.188,1,2051,1,34.263,0.666,-13.188,-9.813,-30.063,-0.156,-0.023,0.969,-0.047,-0.664,-0.203,0.082,0.010,0.990,1.372,2,NULL,NULL,,2,0,2,7,255,1125,250,0,0
pre_stim,16850,16850,0,16850,3214184.455,0.884,-0.067,-0.066,0.459,2683,301,1845,2905,2491,2387,1332,2602,53,1.188,1,2051,1,36.919,0.662,-11.563,-10.938,-33.313,-0.195,-0.012,0.973,-0.379,-0.543,-0.203,0.082,0.012,0.990,1.372,2,NULL,NULL,,2,0,2,7,255,1125,250,0,0
pre_stim,16850,16850,0,16850,3214189.454,0.883,-0.066,-0.066,0.460,2641,354,1949,2877,2517,2387,1427,2615,53,1.188,1,2051,1,41.801,0.398,-12.250,-12.188,-38.063,-0.207,0.023,1.000,-0.379,-0.121,-0.109,0.084,0.016,0.990,1.372,2,NULL,NULL,,2,0,2,7,255,1125,250,0,0
pre_stim,16912,16912,0,16912,3214194.455,0.882,-0.065,-0.066,0.462,2596,381,2057,2861,2555,2387,1505,2620,53,1.188,1,2051,1,48.593,0.268,-16.938,-12.875,-43.688,-0.191,0.051,1.031,-0.246,0.105,0.191,0.086,0.018,0.990,1.372,2,NULL,NULL,,2,0,2,7,255,1125,250,0,0
pre_stim,16912,16912,0,16912,3214199.453,0.881,-0.064,-0.066,0.464,2538,382,2164,2839,2587,2393,1627,2643,53,1.188,1,2051,1,57.193,0.129,-26.438,-13.313,-48.938,-0.168,0.031,1.047,0.074,0.105,0.496,0.088,0.020,0.990,1.372,2,NULL,NULL,,2,0,2,7,255,1125,250,0,0
pre_stim,16912,16912,0,16912,3214204.455,0.880,-0.062,-0.067,0.466,2483,401,2261,2827,2605,2395,1723,2647,53,1.188,1,2051,1,64.420,0.191,-37.250,-14.125,-50.625,-0.152,-0.035,1.035,0.074,-0.176,0.496,0.092,0.022,0.990,1.372,2,NULL,NULL,,2,0,2,7,255,1125,250,0,0
pre_stim,16912,16912,0,16912,3214209.455,0.879,-0.059,-0.067,0.467,2437,424,2340,2795,2633,2393,1807,2671,53,1.188,1,2051,1,71.161,0.692,-46.563,-15.188,-51.625,-0.160,-0.082,1.035,-0.328,-0.609,0.445,0.094,0.022,0.990,1.372,2,NULL,NULL,,2,0,2,7,255,1125,250,0,0
pre_stim,16912,16912,0,16912,3214214.455,0.879,-0.057,-0.068,0.469,2373,453,2413,2765,2663,2401,1899,2687,53,1.188,1,2051,1,80.849,1.061,-56.563,-15.813,-55.563,-0.152,-0.105,1.027,-0.723,-0.777,0.430,0.096,0.024,0.990,1.372,2,NULL,NULL,,2,0,2,7,255,1125,250,0,0
pre_stim,16912,16912,0,16912,3214219.454,0.878,-0.054,-0.068,0.471,2297,482,2501,2745,2697,2393,1981,2697,53,1.188,1,2051,1,83.394,1.162,-59.813,-16.188,-55.813,-0.121,-0.105,0.945,-0.723,-0.910,0.363,0.098,0.024,0.990,1.372,2,NULL,NULL,,2,0,2,7,255,1125,250,0,0
pre_stim,16912,16912,0,16912,3214224.455,0.877,-0.051,-0.069,0.473,2231,495,2550,2709,2716,2393,2055,2699,53,1.188,1,2051,0,72.274,1.153,-49.375,-17.625,-49.750,-0.094,-0.063,0.883,-0.707,-0.910,-0.484,0.100,0.024,0.990,1.372,2,NULL,NULL,,2,0,2,7,255,1125,250,0,0
pre_stim,16912,16912,0,16912,3214229.453,0.876,-0.049,-0.069,0.475,2124,521,2611,2675,2741,2407,2126,2716,53,1.188,1,2051,0,61.084,0.861,-36.438,-19.313,-45.063,-0.113,-0.051,0.934,-0.234,-0.828,-0.586,0.102,0.024,0.990,1.372,2,NULL,NULL,,2,0,2,7,255,1125,250,0,0
pre_stim,16912,16912,0,16912,3214234.455,0.875,-0.047,-0.069,0.476,2076,533,2663,2629,2751,2401,2203,2731,53,1.188,1,2051,0,58.555,0.682,-34.063,-21.125,-42.688,-0.141,-0.055,1.020,-0.234,-0.641,-0.586,0.104,0.024,0.990,1.372,2,NULL,NULL,,2,0,2,7,255,1125,250,0,0
pre_stim,16912,16912,0,16912,3214239.454,0.875,-0.045,-0.069,0.478,1957,536,2713,2569,2780,2397,2258,2741,53,1.188,1,2051,0,63.738,0.563,-39.875,-22.063,-44.563,-0.160,-0.027,1.055,-0.188,-0.531,0.277,0.106,0.022,0.990,1.372,2,NULL,NULL,,2,0,2,7,255,1125,250,0,0
pre_stim,16912,16912,0,16912,3214244.455,0.874,-0.043,-0.069,0.480,1845,543,2770,2520,2801,2401,2312,2763,53,1.188,1,2051,0,69.456,0.258,-44.188,-23.313,-48.250,-0.164,-0.020,1.020,-0.078,-0.246,0.313,0.108,0.022,0.990,1.372,2,NULL,NULL,,2,0,2,7,255,1125,250,0,0
pre_stim,16912,16912,0,16912,3214249.454,0.873,-0.040,-0.069,0.481,1700,541,2807,2453,2829,2395,2375,2783,53,1.188,1,2051,0,69.156,0.189,-43.375,-24.438,-48.000,-0.141,-0.020,0.984,-0.043,-0.184,0.313,0.110,0.022,0.990,1.372,2,NULL,NULL,,2,0,2,7,255,1125,250,0,0
pre_stim,16939,16939,0,16939,3214254.455,0.872,-0.038,-0.068,0.483,1516,505,2837,2363,2855,2411,2416,2791,53,1.188,1,2051,0,65.783,0.114,-37.875,-26.375,-46.875,-0.137,0.016,1.008,0.090,-0.070,0.160,0.112,0.022,0.990,1.372,2,NULL,NULL,,2,0,2,7,255,1125,250,0,0
pre_stim,16939,16939,0,16939,3214259.454,0.871,-0.036,-0.068,0.485,1353,475,2866,2269,2857,2388,2467,2805,53,1.188,1,2051,0,63.563,0.467,-33.000,-28.500,-46.250,-0.113,0.008,1.039,0.430,-0.184,0.160,0.112,0.022,0.990,1.372,2,NULL,NULL,,2,0,2,7,255,1125,250,0,0
pre_stim,16939,16939,0,16939,3214264.455,0.870,-0.034,-0.068,0.486,1159,435,2901,2156,2875,2379,2513,2815,53,1.188,1,2051,0,61.967,0.491,-32.688,-29.188,-43.813,-0.098,-0.059,1.043,0.430,-0.238,0.418,0.114,0.022,0.990,1.372,2,NULL,NULL,,2,0,2,7,255,1125,250,0,0
pre_stim,16939,16939,0,16939,3214269.453,0.870,-0.032,-0.067,0.488,1005,401,2925,2019,2893,2367,2551,2830,53,1.188,1,2051,0,62.514,0.665,-36.250,-28.625,-42.125,-0.074,-0.082,1.012,0.078,-0.660,0.418,0.116,0.022,0.990,1.372,2,NULL,NULL,,2,0,2,7,255,1125,250,0,0
pre_stim,16939,16939,0,16939,3214274.455,0.869,-0.030,-0.067,0.489,808,365,2963,1803,2920,2367,2595,2844,53,1.188,1,2051,0,51.283,0.890,-27.250,-30.938,-30.500,-0.043,-0.039,0.977,0.078,-0.887,0.125,0.118,0.024,0.990,1.372,2,NULL,NULL,,2,0,2,7,255,1125,250,0,0
pre_stim,16939,16939,0,16939,3214279.453,0.869,-0.028,-0.066,0.490,578,314,2968,1567,2923,2359,2637,2852,53,1.188,1,2051,0,46.508,0.888,-22.063,-33.125,-24.063,-0.086,-0.070,1.031,0.043,-0.887,0.125,0.120,0.026,0.990,1.372,2,NULL,NULL,,2,0,2,7,255,1125,250,0,0
pre_stim,16974,16974,0,16974,3214284.455,0.869,-0.026,-0.065,0.491,393,277,2984,1373,2938,2339,2652,2858,53,1.188,1,2051,0,45.174,0.783,-21.313,-34.188,-20.438,-0.078,-0.078,1.047,0.051,-0.781,0.328,0.120,0.028,0.990,1.372,2,NULL,NULL,,2,0,2,7,255,1125,250,0,0
pre_stim,16974,16974,0,16974,3214289.454,0.869,-0.025,-0.064,0.491,233,208,3005,1159,2963,2315,2687,2875,53,1.188,1,2051,0,42.718,0.717,-18.063,-37.313,-10.313,-0.043,0.008,1.070,0.051,-0.715,0.461,0.122,0.030,0.990,1.372,2,NULL,NULL,,2,0,2,7,255,1125,250,0,0
pre_stim,16974,16974,0,16974,3214294.455,0.869,-0.024,-0.062,0.491,139,173,3032,985,2969,2285,2712,2889,53,1.188,1,2051,0,42.542,1.047,-16.313,-38.938,-5.250,-0.137,0.051,1.117,0.859,-0.598,0.613,0.124,0.030,0.990,1.372,2,NULL,NULL,,2,0,2,7,255,1125,250,0,0
pre_stim,16974,16974,0,16974,3214299.453,0.868,-0.022,-0.061,0.492,57,115,3032,773,2983,2253,2725,2885,53,1.188,1,2051,0,47.481,0.968,-18.938,-41.375,-13.563,-0.094,0.074,1.121,0.949,0.188,1.152,0.126,0.032,0.990,1.372,2,NULL,NULL,,2,0,2,7,255,1125,250,0,0
pre_stim,17014,17014,0,17014,3214304.455,0.868,-0.021,-0.060,0.492,45,72,3049,587,3013,2231,2752,2893,53,1.188,1,2051,0,49.154,1.319,-16.938,-44.688,-11.500,-0.066,0.113,1.137,1.305,0.195,1.184,0.128,0.032,0.990,1.372,2,NULL,NULL,,2,0,2,7,255,1125,250,0,0
pre_stim,17014,17014,0,17014,3214309.454,0.868,-0.019,-0.058,0.492,23,41,3055,484,3005,2203,2778,2897,53,1.188,1,2051,0,48.719,1.319,-7.563,-47.500,-7.750,-0.137,0.078,1.184,1.305,0.195,1.266,0.132,0.034,0.990,1.372,2,NULL,NULL,,2,0,2,7,255,1125,250,0,0
pre_stim,17014,17014,0,17014,3214314.455,0.869,-0.019,-0.055,0.492,8,17,3079,424,3021,2185,2808,2901,53,1.188,1,2051,0,65.829,1.302,28.250,-58.063,12.813,-0.273,0.043,1.496,1.152,0.605,1.805,0.134,0.036,0.990,1.372,2,NULL,NULL,,2,0,2,7,255,1125,250,0,0
pre_stim,17014,17014,0,17014,3214319.453,0.870,-0.019,-0.052,0.490,0,4,3090,399,3031,2129,2823,2917,53,1.188,1,2051,0,82.207,1.663,21.000,-69.875,37.875,-0.352,0.125,1.766,0.906,1.395,5.016,0.136,0.038,0.990,1.372,2,NULL,NULL,,2,0,2,7,255,1125,250,0,0
pre_stim,17014,17014,0,17014,3214324.455,0.871,-0.016,-0.050,0.489,0,0,3089,365,3039,2075,2841,2917,53,1.188,1,2051,0,90.626,1.455,-51.000,-71.688,21.750,-0.297,-0.063,1.582,0.414,1.395,5.922,0.138,0.040,0.990,1.372,2,NULL,NULL,,2,0,2,7,255,1125,250,0,0
pre_stim,17014,17014,0,17014,3214329.453,0.871,-0.011,-0.049,0.488,0,0,3089,312,3035,1981,2869,2910,53,1.188,1,2051,0,110.324,1.284,-78.625,-75.875,15.250,-0.137,-0.125,1.188,-0.559,1.156,5.922,0.138,0.040,0.990,1.372,2,NULL,NULL,,2,0,2,7,255,1125,250,0,0
pre_stim,17014,17014,0,17014,3214334.455,0.872,-0.007,-0.047,0.487,0,0,3097,291,3052,1898,2888,2909,53,1.188,1,2051,0,106.503,0.787,-54.438,-82.875,38.875,-0.184,-0.109,1.016,-0.629,0.473,1.941,0.140,0.040,0.990,1.372,2,NULL,NULL,,2,0,2,7,255,1125,250,0,0
pre_stim,17014,17014,0,17014,3214339.454,0.873,-0.005,-0.045,0.485,0,0,3098,247,3053,1786,2892,2908,53,1.188,1,2051,0,100.243,0.787,-21.063,-90.313,38.063,-0.219,0.070,1.098,-0.629,0.473,1.031,0.142,0.040,0.990,1.372,2,NULL,NULL,,2,0,2,7,255,1125,250,0,0
pre_stim,17014,17014,0,17014,3214344.455,0.874,-0.003,-0.041,0.484,0,0,3112,205,3081,1693,2913,2907,53,1.188,1,2051,0,105.218,1.723,-11.188,-96.750,39.813,-0.270,0.043,1.238,0.027,1.723,1.031,0.144,0.042,0.990,1.372,2,NULL,NULL,,2,0,2,7,255,1125,250,0,0
pre_stim,17014,17014,0,17014,3214349.454,0.875,-0.000,-0.038,0.482,0,0,3113,159,3079,1577,2921,2907,53,1.188,1,2051,0,107.333,1.833,-16.000,-101.313,31.625,-0.246,0.027,1.328,0.070,1.832,2.426,0.142,0.046,0.990,1.372,2,NULL,NULL,,2,0,2,7,255,1125,250,0,0
pre_stim,17039,17039,0,17039,3214354.455,0.876,0.003,-0.035,0.481,0,0,3115,119,3093,1429,2937,2899,53,1.188,1,2051,0,117.071,1.832,-31.125,-106.313,37.875,-0.242,-0.121,1.344,0.027,1.832,3.297,0.138,0.054,0.990,1.372,2,NULL,NULL,,2,0,2,7,255,1125,250,0,0
pre_stim,17039,17039,0,17039,3214359.454,0.877,0.007,-0.031,0.479,0,0,3111,54,3087,1243,2953,2889,53,1.188,1,2051,0,125.085,1.649,-43.625,-111.688,35.625,-0.207,-0.152,1.250,-1.184,1.148,3.297,0.134,0.062,0.990,1.372,3,NULL,NULL,,2,0,2,7,255,1125,250,0,0
pre_stim,17039,17039,0,17039,3214364.455,0.878,0.011,-0.028,0.477,0,0,3103,0,3087,1102,2957,2879,53,1.188,1,2051,0,132.617,1.586,-47.875,-116.188,42.375,-0.211,-0.234,1.117,-1.348,0.836,2.621,0.130,0.070,0.990,1.372,3,NULL,NULL,,2,0,2,7,255,1125,250,0,0
pre_stim,17039,17039,0,17039,3214369.453,0.879,0.015,-0.025,0.475,0,0,3101,0,3099,919,2973,2875,53,1.188,1,2051,0,133.089,2.345,-33.875,-122.250,40.250,-0.254,-0.227,1.043,-2.191,0.836,1.348,0.126,0.076,0.990,1.372,3,NULL,NULL,,2,0,2,7,255,1125,250,0,0
pre_stim,17060,17060,0,17060,3214374.455,0.880,0.018,-0.021,0.474,0,0,3101,0,3095,716,2989,2853,53,1.188,1,2051,0,133.115,2.609,-19.750,-127.125,34.188,-0.250,-0.246,1.027,-2.430,0.949,0.637,0.122,0.080,0.990,1.372,3,NULL,NULL,,2,0,2,7,255,1125,250,0,0
pre_stim,17060,17060,0,17060,3214379.453,0.881,0.021,-0.016,0.472,0,0,3107,0,3107,562,2987,2827,53,1.188,1,2051,0,136.356,2.802,-8.063,-133.438,26.875,-0.258,-0.242,1.086,-2.613,1.012,0.637,0.118,0.088,0.990,1.372,3,NULL,NULL,,2,0,2,7,255,1125,250,0,0
pre_stim,17060,17060,0,17060,3214384.455,0.882,0.024,-0.011,0.471,0,0,3099,0,3107,389,2998,2804,53,1.188,1,2051,0,141.767,2.869,-0.563,-139.688,24.188,-0.258,-0.277,1.137,-2.652,1.094,1.004,0.112,0.096,0.990,1.372,3,NULL,NULL,,2,0,2,7,255,1125,250,0,0
pre_stim,17060,17060,0,17060,3214389.454,0.882,0.027,-0.006,0.470,0,0,3077,0,3099,172,3000,2771,53,1.188,1,2051,0,145.492,2.895,0.313,-144.938,12.688,-0.246,-0.188,1.164,-2.652,1.160,1.516,0.106,0.106,0.990,1.372,3,NULL,NULL,,2,0,2,7,255,1125,250,0,0
pre_stim,17060,17060,0,17060,3214394.455,0.882,0.030,-0.000,0.470,0,0,3055,0,3107,92,3016,2745,53,1.188,1,2051,0,151.705,2.920,2.250,-151.625,4.375,-0.246,-0.203,1.191,-2.441,1.602,1.672,0.100,0.114,0.990,1.372,3,NULL,NULL,,2,0,2,7,255,1125,250,0,0
pre_stim,17060,17060,0,17060,3214399.453,0.882,0.033,0.006,0.469,0,0,3045,0,3104,31,3016,2706,53,1.188,1,2051,0,159.345,2.775,14.188,-158.688,2.813,-0.164,-0.094,1.262,-2.238,1.641,1.906,0.094,0.124,0.990,1.372,3,NULL,NULL,,2,0,2,7,255,1125,250,0,0
pre_stim,17110,17110,0,17110,3214404.455,0.883,0.036,0.013,0.469,0,0,3017,0,3103,0,3017,2663,53,1.188,1,2051,0,166.695,2.114,9.000,-166.438,2.188,-0.121,-0.027,1.258,-1.191,1.746,2.418,0.088,0.132,0.990,1.372,3,NULL,NULL,,2,0,2,7,255,1125,250,0,0
pre_stim,17110,17110,0,17110,3214409.454,0.883,0.038,0.020,0.468,0,0,2993,0,3108,0,3027,2615,53,1.188,1,2051,0,176.482,2.072,23.000,-174.250,15.938,-0.176,-0.016,1.367,-0.820,1.902,2.516,0.082,0.142,0.990,1.372,3,NULL,NULL,,2,0,2,7,255,1125,250,0,0
pre_stim,17110,17110,0,17110,3214414.455,0.883,0.041,0.027,0.466,0,0,2969,0,3109,0,3029,2567,53,1.188,1,2051,0,188.106,2.710,22.000,-185.500,22.125,-0.207,0.117,1.531,-0.520,2.660,3.391,0.074,0.154,0.990,1.372,3,NULL,NULL,,2,0,2,7,255,1125,250,0,0
pre_stim,17110,17110,0,17110,3214419.453,0.884,0.045,0.034,0.465,0,0,2927,0,3096,0,3023,2509,53,1.188,1,2051,0,194.826,3.945,5.750,-193.750,19.625,-0.227,0.133,1.648,-0.168,3.941,4.828,0.066,0.166,0.990,1.372,3,NULL,NULL,,2,0,2,7,255,1125,250,0,0
pre_stim,17110,17110,0,17110,3214424.455,0.884,0.049,0.042,0.463,0,0,2879,0,3107,0,3035,2449,53,1.188,1,2051,0,205.358,4.554,-6.875,-203.813,24.188,-0.285,0.133,1.801,-0.168,4.551,5.883,0.058,0.178,0.990,1.372,3,NULL,NULL,,2,0,2,7,255,1125,250,0,0
pre_stim,17110,17110,0,17110,3214429.454,0.884,0.054,0.050,0.462,0,0,2843,0,3093,0,3033,2341,53,1.188,1,2051,0,218.541,5.500,-23.313,-216.563,17.813,-0.387,0.188,1.793,-0.652,5.461,6.875,0.050,0.190,0.990,1.372,3,NULL,NULL,,2,0,2,7,255,1125,250,0,0
pre_stim,17128,17128,0,17128,3214434.455,0.883,0.060,0.058,0.461,0,0,2781,0,3097,0,3019,2217,53,1.188,1,2051,0,233.148,6.918,-26.813,-231.563,4.250,-0.398,0.176,1.898,-0.930,6.855,7.234,0.044,0.202,0.990,1.372,3,NULL,NULL,,2,0,2,7,255,1125,250,0,0
pre_stim,17128,17128,0,17128,3214439.453,0.883,0.066,0.067,0.460,0,0,2723,0,3087,0,3029,2107,53,1.188,1,2051,0,251.008,7.414,-33.875,-248.563,8.625,-0.355,0.336,2.090,-0.930,7.355,7.762,0.040,0.214,0.990,1.372,3,NULL,NULL,,2,0,2,7,255,1125,250,0,0
pre_stim,17128,17128,0,17128,3214444.455,0.882,0.074,0.076,0.458,0,0,2643,0,3079,0,3027,1996,53,1.188,1,2051,0,271.184,8.617,-52.188,-265.813,12.688,-0.352,0.512,2.199,0.008,8.617,9.348,0.036,0.226,0.990,1.372,3,NULL,NULL,,2,0,2,7,255,1125,250,0,0
pre_stim,17128,17128,0,17128,3214449.454,0.882,0.082,0.086,0.456,0,0,2541,0,3049,0,3005,1863,53,1.188,1,2051,0,294.846,10.250,-71.438,-285.438,18.875,-0.383,0.617,2.207,1.199,10.180,9.715,0.034,0.238,0.990,1.372,3,NULL,NULL,,2,0,2,7,255,1125,250,0,0
pre_stim,17128,17128,0,17128,3214454.455,0.881,0.092,0.095,0.454,0,0,2425,0,3027,0,3000,1704,53,1.188,1,2051,0,319.421,11.635,-93.375,-304.625,22.688,-0.348,0.746,2.258,1.660,11.516,9.855,0.034,0.254,0.990,1.372,3,NULL,NULL,,2,0,2,7,255,1125,250,0,0
pre_stim,17128,17128,0,17128,3214459.454,0.880,0.103,0.105,0.452,0,0,2287,0,2999,0,2973,1511,53,1.188,1,2051,0,341.763,12.855,-110.750,-322.813,18.125,-0.371,0.773,2.320,2.559,12.598,9.855,0.034,0.268,0.990,1.372,3,NULL,NULL,,2,0,2,7,255,1125,250,0,0
pre_stim,17150,17150,0,17150,3214464.455,0.878,0.115,0.115,0.450,0,0,2157,0,2972,0,2951,1407,53,1.188,1,2051,0,370.229,13.917,-142.063,-341.188,21.875,-0.453,0.781,2.242,2.559,13.680,9.855,0.040,0.286,0.990,1.372,3,NULL,NULL,,2,0,2,7,255,1125,250,0,0
pre_stim,17150,17150,0,17150,3214469.453,0.876,0.128,0.126,0.448,0,0,2066,0,2911,0,2914,1333,53,1.188,1,2051,0,389.282,14.854,-149.688,-358.813,19.688,-0.574,0.797,2.289,2.086,14.707,8.590,0.050,0.306,0.990,1.372,3,NULL,NULL,,2,0,2,7,255,1125,250,0,0
pre_stim,17150,17150,0,17150,3214474.455,0.873,0.141,0.138,0.446,0,0,1971,0,2869,0,2853,1213,53,1.188,1,2051,0,399.540,16.530,-137.125,-375.250,4.000,-0.711,0.891,2.609,1.328,16.477,8.590,0.070,0.332,0.990,1.372,3,NULL,NULL,,2,0,2,7,255,1125,250,0,0
pre_stim,17150,17150,0,17150,3214479.454,0.870,0.154,0.149,0.445,0,0,1821,0,2800,0,2773,1095,53,1.188,1,2051,0,424.545,19.780,-159.625,-392.938,-18.938,-0.836,0.941,2.895,0.852,19.762,9.820,0.096,0.362,0.990,1.372,3,NULL,NULL,,2,0,2,7,255,1125,250,0,0
pre_stim,17150,17150,0,17150,3214484.455,0.864,0.170,0.161,0.445,0,0,1677,0,2728,0,2663,982,53,1.188,1,2051,0,462.074,22.778,-205.063,-410.250,-56.188,-0.875,0.918,3.047,0.168,22.777,11.074,0.130,0.400,0.990,1.372,3,NULL,NULL,,2,0,2,7,255,1125,250,0,0
pre_stim,17150,17150,0,17150,3214489.453,0.858,0.186,0.173,0.446,0,0,1525,0,2619,0,2531,844,53,1.188,1,2051,0,489.669,22.781,-235.938,-420.500,-85.375,-0.746,0.652,2.984,-0.430,22.777,11.074,0.170,0.442,0.990,1.372,3,NULL,NULL,,2,0,2,7,255,1125,250,0,0
pre_stim,17212,17212,0,17212,3214494.455,0.851,0.203,0.185,0.447,0,0,1321,0,2453,0,2325,759,53,1.188,1,2051,0,497.048,22.801,-233.250,-430.375,-86.188,-0.500,0.172,2.941,-1.793,22.730,11.336,0.216,0.490,0.990,1.372,3,NULL,NULL,,2,0,2,7,255,1125,250,0,0
pre_stim,17212,17212,0,17212,3214499.454,0.844,0.220,0.198,0.446,0,0,1093,0,2283,0,2073,653,53,1.188,1,2051,0,510.033,19.844,-241.563,-445.375,-58.500,-0.418,-0.004,2.859,-4.395,19.352,10.961,0.266,0.542,0.990,1.372,3,NULL,NULL,,2,0,2,7,255,1125,250,0,0
pre_stim,17212,17212,0,17212,3214504.455,0.837,0.239,0.210,0.445,0,0,844,0,2045,0,1746,549,53,1.188,1,2051,0,534.429,19.219,-269.688,-460.000,-35.813,-0.367,-0.102,2.422,-5.359,18.457,10.961,0.324,0.598,0.990,1.372,3,NULL,NULL,,2,0,2,7,255,1125,250,0,0
pre_stim,17212,17212,0,17212,3214509.454,0.830,0.258,0.222,0.442,0,0,568,0,1800,0,1312,443,53,1.188,1,2051,0,544.308,16.952,-260.688,-477.750,-8.250,-0.297,-0.363,1.863,-5.453,16.051,7.184,0.386,0.662,0.990,1.372,3,NULL,NULL,,2,0,2,7,255,1125,250,0,0
pre_stim,17212,17212,0,17212,3214514.455,0.823,0.274,0.235,0.438,0,0,389,0,1481,0,699,372,53,1.188,1,2051,0,527.260,13.404,-199.188,-488.188,-0.438,-0.074,-0.508,1.418,-6.406,11.773,3.285,0.458,0.736,0.990,1.372,3,NULL,NULL,,2,0,2,7,255,1125,250,0,0
pre_stim,17212,17212,0,17212,3214519.453,0.817,0.287,0.251,0.432,0,0,165,0,1159,0,220,315,53,1.188,1,2051,0,498.982,12.354,-86.063,-491.500,2.063,-0.141,-0.406,1.691,-6.426,10.551,1.992,0.538,0.818,0.990,1.372,3,NULL,NULL,,2,0,2,7,255,1125,250,0,0
pre_stim,17212,17212,0,17212,3214524.455,0.812,0.299,0.267,0.424,0,0,64,0,830,0,0,269,53,1.188,1,2051,0,499.303,12.343,-44.938,-494.875,48.813,-0.402,0.047,2.195,-6.406,10.551,1.820,0.626,0.906,0.990,1.372,3,NULL,NULL,,2,0,2,7,255,1125,250,0,0
pre_stim,17212,17212,0,17212,3214529.454,0.807,0.312,0.281,0.415,0,0,37,0,473,0,0,188,53,1.188,1,2051,0,512.628,18.521,-101.875,-495.500,83.000,-0.637,0.535,2.367,-4.961,17.844,1.820,0.716,1.000,0.990,1.372,3,NULL,NULL,,2,0,2,7,255,1125,250,0,0
pre_stim,17212,17212,0,17212,3214534.455,0.800,0.329,0.293,0.406,0,0,12,0,145,0,0,147,53,1.188,1,2051,0,532.073,22.906,-195.563,-482.563,109.500,-0.883,1.000,1.945,-2.633,22.754,-0.941,0.812,1.098,0.990,1.372,3,NULL,NULL,,2,0,2,7,255,1125,250,0,0
pre_stim,17212,17212,0,17212,3214539.453,0.793,0.348,0.303,0.398,0,0,10,0,0,0,0,87,53,1.188,1,2051,0,540.086,22.762,-242.813,-468.688,114.313,-1.020,1.145,1.391,0.609,22.754,-7.703,0.908,1.198,0.990,1.372,3,NULL,NULL,,2,0,2,7,255,1125,250,0,0
pre_stim,17212,17212,0,17212,3214544.455,0.785,0.365,0.312,0.390,0,0,0,0,0,0,0,39,53,1.188,1,2051,0,523.642,19.831,-238.125,-452.563,112.625,-1.152,1.016,1.094,0.750,19.816,-13.352,1.004,1.298,0.990,1.372,4,NULL,NULL,,2,0,2,7,255,1125,250,0,0
pre_stim,17212,17212,0,17212,3214549.454,0.778,0.381,0.321,0.382,0,0,0,0,0,0,0,30,53,1.188,1,2051,0,492.703,17.239,-217.500,-431.688,95.375,-1.172,0.898,1.172,0.750,17.223,-16.355,1.096,1.392,0.990,1.372,0,NULL,NULL,,2,0,2,7,255,1125,250,0,0
pre_stim,17242,17242,0,17242,3214554.455,0.769,0.397,0.329,0.377,0,0,1,0,0,0,0,79,53,1.188,1,2051,0,464.636,17.213,-241.125,-392.313,61.938,-0.922,0.898,1.219,0.680,17.199,-16.355,1.178,1.478,0.990,1.372,0,NULL,NULL,,2,0,2,7,255,1125,250,0,0
pre_stim,17242,17242,0,17242,3214559.454,0.760,0.413,0.335,0.374,0,0,4,0,0,0,0,120,53,1.188,1,2051,0,447.770,16.516,-289.125,-341.500,16.813,-0.344,0.379,0.902,-0.148,16.516,-14.957,1.250,1.556,0.990,1.372,0,NULL,NULL,,2,0,2,7,255,1125,250,0,0
pre_stim,17242,17242,0,17242,3214564.455,0.752,0.424,0.340,0.373,0,0,1,0,0,0,0,167,53,1.188,1,2051,0,345.521,10.107,-238.563,-249.375,-16.875,-0.117,-0.574,0.379,-0.148,10.105,-10.281,1.320,1.630,0.990,1.372,0,NULL,NULL,,2,0,2,7,255,1125,250,0,0
pre_stim,17242,17242,0,17242,3214569.454,0.747,0.432,0.343,0.372,0,0,0,0,0,0,0,173,53,1.188,1,2051,0,229.355,6.806,-146.750,-175.938,10.688,-0.367,-0.676,0.484,-6.070,3.078,-8.352,1.392,1.706,0.990,1.372,0,NULL,NULL,,2,0,2,7,255,1125,250,0,0
pre_stim,17242,17242,0,17242,3214574.455,0.743,0.439,0.343,0.372,0,0,0,0,0,0,0,175,53,1.188,1,2051,0,167.183,6.806,-140.375,-90.438,8.125,-0.621,-0.027,0.660,-6.070,3.078,-8.352,1.472,1.788,0.990,1.372,0,NULL,NULL,,2,0,2,7,255,1125,250,0,0
pre_stim,17242,17242,0,17242,3214579.453,0.739,0.444,0.341,0.375,0,0,0,0,0,0,0,151,53,1.188,1,2051,0,182.076,6.351,-180.000,9.250,-25.813,-0.547,0.578,0.191,-4.289,4.684,-12.406,1.560,1.878,0.990,1.372,0,NULL,NULL,,2,0,2,7,255,1125,250,0,0
pre_stim,17276,17276,0,17276,3214584.455,0.737,0.447,0.336,0.381,0,0,0,0,0,0,0,95,53,1.188,1,2051,0,186.747,5.063,-155.750,97.438,-33.500,-0.379,0.848,-0.457,1.922,4.684,-15.953,1.652,1.974,0.990,1.372,0,NULL,NULL,,2,0,2,7,255,1125,250,0,0
pre_stim,17276,17276,0,17276,3214589.453,0.738,0.445,0.330,0.385,0,0,0,0,0,0,0,77,53,1.188,1,2051,0,165.215,3.707,-46.250,157.813,-15.875,-0.461,0.625,-0.488,3.605,-0.863,-17.898,1.740,2.064,0.990,1.372,0,NULL,NULL,,2,0,2,7,255,1125,250,0,0
pre_stim,17276,17276,0,17276,3214594.455,0.741,0.441,0.325,0.389,0,0,0,0,0,0,0,51,53,1.188,1,2051,0,200.587,3.707,37.313,196.813,-10.375,-0.680,0.152,0.172,3.605,-0.863,-17.898,1.824,2.150,0.990,1.372,0,NULL,NULL,,2,0,2,7,255,1125,250,0,0
pre_stim,17276,17276,0,17276,3214599.454,0.744,0.435,0.319,0.394,0,0,0,0,0,0,0,48,53,1.188,1,2051,0,226.669,4.436,31.313,223.625,-19.750,-0.781,0.016,0.578,-2.215,3.844,-15.266,1.896,2.226,0.990,1.372,0,NULL,NULL,,2,0,2,7,255,1125,250,0,0
pre_stim,17307,17307,0,17307,3214604.455,0.747,0.431,0.312,0.399,0,0,0,0,0,0,0,41,53,1.188,1,2051,0,240.435,7.214,-2.000,239.188,-24.375,-0.676,0.117,0.477,-2.781,6.656,-13.840,1.962,2.294,0.990,1.372,0,NULL,NULL,,2,0,2,7,255,1125,250,0,0
pre_stim,17307,17307,0,17307,3214609.455,0.750,0.426,0.304,0.404,0,0,0,0,0,0,0,42,53,1.188,1,2051,0,246.012,7.214,-5.750,245.688,-11.250,-0.535,0.262,0.160,-2.781,6.656,-13.840,2.022,2.356,0.990,1.372,0,NULL,NULL,,2,0,2,7,255,1125,250,0,0
pre_stim,17307,17307,0,17307,3214614.455,0.754,0.421,0.296,0.409,0,0,0,0,0,0,0,41,53,1.188,1,2051,0,248.591,3.912,22.125,247.500,7.188,-0.512,0.387,-0.012,-0.535,3.875,-14.371,2.080,2.418,0.990,1.372,0,NULL,NULL,,2,0,2,7,255,1125,250,0,0
pre_stim,17307,17307,0,17307,3214619.454,0.758,0.415,0.289,0.412,0,0,0,0,0,0,0,45,53,1.188,1,2051,0,254.390,3.515,52.875,248.563,11.625,-0.543,0.445,0.023,0.754,3.434,-15.371,2.134,2.476,0.990,1.372,0,NULL,NULL,,2,0,2,7,255,1125,250,0,0
pre_stim,17307,17307,0,17307,3214624.455,0.762,0.408,0.282,0.416,0,0,0,0,0,0,0,51,53,1.188,1,2051,0,259.826,3.515,70.125,249.875,12.438,-0.469,0.367,0.102,0.754,3.434,-15.371,2.180,2.522,0.990,1.372,0,NULL,NULL,,2,0,2,7,255,1125,250,0,0
pre_stim,17307,17307,0,17307,3214629.453,0.767,0.401,0.274,0.419,0,0,0,0,0,0,0,53,53,1.188,1,2051,0,264.090,3.776,76.063,252.000,21.313,-0.426,0.301,0.164,0.695,3.711,-14.289,2.214,2.560,0.990,1.372,0,NULL,NULL,,2,0,2,7,255,1125,250,0,0
pre_stim,17307,17307,0,17307,3214634.455,0.772,0.394,0.267,0.422,0,0,0,0,0,0,0,53,53,1.188,1,2051,0,268.696,3.793,82.750,253.750,31.000,-0.395,0.262,0.164,0.297,3.781,-13.328,2.246,2.596,0.990,1.372,0,NULL,NULL,,2,0,2,7,255,1125,250,0,0
pre_stim,17307,17307,0,17307,3214639.454,0.777,0.387,0.260,0.424,0,0,0,0,0,0,0,55,53,1.188,1,2051,0,275.920,3.947,95.750,255.875,38.625,-0.398,0.250,0.207,0.117,3.945,-12.863,2.278,2.630,0.990,1.372,0,NULL,NULL,,2,0,2,7,255,1125,250,0,0
pre_stim,17330,17330,0,17330,3214644.455,0.782,0.379,0.252,0.426,0,0,0,0,0,0,0,53,53,1.188,1,2051,0,282.763,4.207,106.938,258.688,40.000,-0.406,0.242,0.328,-0.047,4.207,-12.527,2.312,2.666,0.990,1.372,0,NULL,NULL,,2,0,2,7,255,1125,250,0,0
pre_stim,17330,17330,0,17330,3214649.454,0.787,0.370,0.245,0.428,0,0,0,0,0,0,0,54,53,1.188,1,2051,0,287.993,5.228,110.688,263.188,37.688,-0.375,0.215,0.461,-0.238,5.223,-11.777,2.346,2.702,0.990,1.372,0,NULL,NULL,,2,0,2,7,255,1125,250,0,0
pre_stim,17330,17330,0,17330,3214654.455,0.792,0.362,0.237,0.430,0,0,0,0,0,0,0,47,53,1.188,1,2051,0,292.462,6.097,108.188,269.313,36.063,-0.328,0.184,0.570,-0.375,6.086,-10.527,2.374,2.734,0.990,1.372,0,NULL,NULL,,2,0,2,7,255,1125,250,0,0
pre_stim,17330,17330,0,17330,3214659.454,0.797,0.353,0.229,0.433,0,0,0,0,0,0,0,49,53,1.188,1,2051,0,297.670,6.615,103.125,276.938,35.750,-0.305,0.164,0.648,-0.422,6.602,-9.285,2.394,2.760,0.990,1.372,0,NULL,NULL,,2,0,2,7,255,1125,250,0,0
pre_stim,17330,17330,0,17330,3214664.455,0.802,0.344,0.220,0.435,0,0,0,0,0,0,0,48,53,1.188,1,2051,0,303.521,7.025,98.250,285.313,32.688,-0.324,0.168,0.727,-0.484,7.008,-8.395,2.412,2.780,0.990,1.372,0,NULL,NULL,,2,0,2,7,255,1125,250,0,0
pre_stim,17330,17330,0,17330,3214669.454,0.807,0.336,0.212,0.438,0,0,0,0,0,0,0,45,53,1.188,1,2051,0,308.741,7.667,92.625,293.375,25.938,-0.352,0.172,0.805,-0.539,7.648,-7.848,2.426,2.796,0.990,1.372,0,NULL,NULL,,2,0,2,7,255,1125,250,0,0
pre_stim,17360,17360,0,17360,3214674.455,0.811,0.327,0.202,0.441,0,0,0,0,0,0,0,44,53,1.188,1,2051,0,313.086,8.346,84.875,300.875,17.125,-0.371,0.156,0.871,-0.652,8.320,-7.336,2.440,2.812,0.990,1.372,0,NULL,NULL,,2,0,2,7,255,1125,250,0,0
pre_stim,17360,17360,0,17360,3214679.453,0.814,0.318,0.193,0.445,0,0,0,0,0,0,0,45,53,1.188,1,2051,0,316.420,8.838,75.188,307.250,8.125,-0.375,0.133,0.918,-0.809,8.801,-6.699,2.452,2.826,0.990,1.372,0,NULL,NULL,,2,0,2,7,255,1125,250,0,0
pre_stim,17360,17360,0,17360,3214684.455,0.818,0.310,0.183,0.449,0,0,0,0,0,0,0,44,53,1.188,1,2051,0,319.416,8.852,64.313,312.875,0.063,-0.371,0.113,0.914,-0.949,8.801,-6.086,2.464,2.842,0.990,1.372,0,NULL,NULL,,2,0,2,7,255,1125,250,0,0
pre_stim,17360,17360,0,17360,3214689.454,0.820,0.302,0.173,0.454,0,0,0,0,0,0,0,42,53,1.188,1,2051,0,322.967,8.801,55.938,318.000,-7.375,-0.363,0.094,0.848,-1.012,8.742,-5.906,2.478,2.860,0.990,1.372,0,NULL,NULL,,2,0,2,7,255,1125,250,0,0
pre_stim,17360,17360,0,17360,3214694.455,0.823,0.293,0.163,0.458,0,0,0,0,0,0,0,44,53,1.188,1,2051,0,327.540,8.173,54.938,322.563,-14.750,-0.359,0.070,0.766,-1.047,8.105,-5.906,2.498,2.882,0.990,1.372,0,NULL,NULL,,2,0,2,7,255,1125,250,0,0
pre_stim,17360,17360,0,17360,3214699.453,0.825,0.284,0.153,0.463,0,0,0,0,0,0,0,45,53,1.188,1,2051,0,333.172,7.432,61.375,326.688,-22.625,-0.344,0.039,0.715,-1.164,7.340,-6.203,2.520,2.908,0.990,1.372,0,NULL,NULL,,2,0,2,7,255,1125,250,0,0
pre_stim,17408,17408,0,17408,3214704.455,0.828,0.275,0.143,0.468,0,0,0,0,0,0,0,41,53,1.188,1,2051,0,339.218,6.842,71.563,330.125,-31.063,-0.332,0.043,0.680,-1.164,6.742,-6.211,2.548,2.936,0.990,1.372,0,NULL,NULL,,2,0,2,7,255,1125,250,0,0
pre_stim,17408,17408,0,17408,3214709.455,0.830,0.264,0.134,0.474,0,0,0,0,0,0,0,45,53,1.188,1,2051,0,347.642,6.466,88.375,333.500,-42.688,-0.301,0.039,0.660,-1.125,6.367,-6.211,2.578,2.970,0.990,1.372,0,NULL,NULL,,2,0,2,7,255,1125,250,0,0
pre_stim,17408,17408,0,17408,3214714.455,0.831,0.253,0.124,0.479,0,0,0,0,0,0,0,43,53,1.188,1,2051,0,356.899,6.009,104.750,337.000,-53.250,-0.168,-0.012,0.707,-0.926,5.938,-6.070,2.612,3.008,0.990,1.372,0,NULL,NULL,,2,0,2,7,255,1125,250,0,0
pre_stim,17408,17408,0,17408,3214719.453,0.833,0.241,0.115,0.484,0,0,0,0,0,0,0,45,53,1.188,1,2051,0,363.398,4.956,113.875,341.250,-51.375,-0.039,-0.090,0.793,-0.582,4.922,-4.758,2.650,3.050,0.990,1.372,0,NULL,NULL,,2,0,2,7,255,1125,250,0,0
pre_stim,17408,17408,0,17408,3214724.455,0.835,0.230,0.106,0.489,0,0,0,0,0,0,0,47,53,1.188,1,2051,0,362.610,3.986,120.875,340.188,-33.875,0.000,-0.035,0.813,-0.508,3.953,-3.109,2.692,3.094,0.990,1.372,0,NULL,NULL,,2,0,2,7,255,1125,250,0,0
pre_stim,17408,17408,0,17408,3214729.453,0.837,0.217,0.097,0.493,0,0,0,0,0,0,0,57,53,1.188,1,2051,0,366.524,3.959,134.875,339.938,-24.313,-0.012,0.059,0.852,0.211,3.953,-2.828,2.736,3.138,0.990,1.372,0,NULL,NULL,,2,0,2,7,255,1125,250,0,0
pre_stim,17428,17428,0,17428,3214734.455,0.839,0.204,0.088,0.497,0,0,0,0,0,0,0,57,53,1.188,1,2051,0,371.332,4.322,151.563,338.250,-22.438,-0.020,0.094,0.922,1.008,4.203,-2.691,2.780,3.186,0.990,1.372,0,NULL,NULL,,2,0,2,7,255,1125,250,0,0
pre_stim,17428,17428,0,17428,3214739.454,0.841,0.191,0.079,0.500,0,0,0,0,0,0,0,57,53,1.188,1,2051,0,375.070,4.683,166.063,335.813,-18.188,-0.012,0.082,1.035,1.375,4.477,-2.066,2.822,3.232,0.990,1.372,0,NULL,NULL,,2,0,2,7,255,1125,250,0,0
pre_stim,17428,17428,0,17428,3214744.455,0.843,0.177,0.071,0.503,0,0,0,0,0,0,0,61,53,1.188,1,2051,0,376.670,4.690,171.625,334.938,-15.563,0.004,0.078,1.109,1.398,4.477,-0.875,2.864,3.278,0.990,1.372,0,NULL,NULL,,2,0,2,7,255,1125,250,0,0
pre_stim,17428,17428,0,17428,3214749.453,0.845,0.163,0.063,0.506,0,0,0,0,0,0,0,62,53,1.188,1,2051,0,379.125,4.717,181.188,332.938,-7.688,-0.012,0.074,1.199,1.488,4.477,0.016,2.904,3.320,0.990,1.372,0,NULL,NULL,,2,0,2,7,255,1125,250,0,0
pre_stim,17428,17428,0,17428,3214754.455,0.847,0.149,0.055,0.508,0,0,0,0,0,0,0,61,53,1.188,1,2051,0,381.045,4.726,186.875,332.063,-2.688,-0.059,0.090,1.328,1.516,4.477,0.941,2.942,3.362,0.990,1.372,0,NULL,NULL,,2,0,2,7,255,1125,250,0,0
pre_stim,17428,17428,0,17428,3214759.454,0.848,0.135,0.047,0.510,0,0,0,0,0,0,0,73,53,1.188,1,2051,0,380.470,5.209,186.125,331.813,-3.938,-0.094,0.078,1.441,1.488,4.992,2.129,2.976,3.396,0.990,1.372,0,NULL,NULL,,2,0,2,7,255,1125,250,0,0
pre_stim,17450,17450,0,17450,3214764.455,0.850,0.120,0.039,0.512,0,0,0,0,0,0,0,71,53,1.188,1,2051,0,379.655,5.171,185.813,331.063,-3.063,-0.086,0.059,1.531,1.348,4.992,3.301,3.004,3.428,0.990,1.372,0,NULL,NULL,,2,0,2,7,255,1125,250,0,0
pre_stim,17450,17450,0,17450,3214769.453,0.851,0.106,0.031,0.514,0,0,0,0,0,0,0,71,53,1.188,1,2051,0,379.222,4.986,185.063,331.000,-0.438,-0.094,0.102,1.641,1.348,4.801,4.375,3.028,3.456,0.990,1.372,0,NULL,NULL,,2,0,2,7,255,1125,250,0,0
pre_stim,17450,17450,0,17450,3214774.455,0.852,0.092,0.023,0.515,0,0,0,0,0,0,0,73,53,1.188,1,2051,0,375.627,5.090,177.813,330.875,0.375,-0.113,0.102,1.754,1.703,4.797,5.484,3.050,3.480,0.990,1.372,0,NULL,NULL,,2,0,2,7,255,1125,250,0,0
pre_stim,17450,17450,0,17450,3214779.454,0.852,0.078,0.014,0.517,0,0,0,0,0,0,0,74,53,1.188,1,2051,0,370.269,4.984,167.188,330.375,0.000,-0.117,0.074,1.824,1.703,4.684,6.668,3.070,3.502,0.990,1.372,0,NULL,NULL,,2,0,2,7,255,1125,250,0,0
pre_stim,17450,17450,0,17450,3214784.455,0.853,0.065,0.005,0.518,0,0,0,0,0,0,0,71,53,1.188,1,2051,0,363.969,4.446,156.063,328.813,0.063,-0.109,0.047,1.859,1.527,4.176,7.543,3.088,3.522,0.990,1.372,0,NULL,NULL,,2,0,2,7,255,1125,250,0,0
pre_stim,17450,17450,0,17450,3214789.453,0.853,0.052,-0.003,0.519,0,0,0,0,0,0,0,73,53,1.188,1,2051,0,358.785,3.728,148.875,326.438,1.063,-0.102,0.020,1.863,1.387,3.461,8.055,3.106,3.544,0.990,1.372,0,NULL,NULL,,2,0,2,7,255,1125,250,0,0
pre_stim,17512,17512,0,17512,3214794.455,0.853,0.039,-0.012,0.520,0,0,0,0,0,0,0,75,53,1.188,1,2051,0,355.354,2.951,147.313,323.375,1.938,-0.094,-0.012,1.875,1.219,2.688,8.227,3.124,3.562,0.990,1.372,0,NULL,NULL,,2,0,2,7,255,1125,250,0,0
pre_stim,17512,17512,0,17512,3214799.453,0.853,0.026,-0.021,0.521,0,0,0,0,0,0,0,70,53,1.188,1,2051,0,353.246,2.202,148.938,320.313,0.188,-0.078,-0.074,1.902,1.023,1.949,8.457,3.142,3.584,0.990,1.372,0,NULL,NULL,,2,0,2,7,255,1125,250,0,0
pre_stim,17512,17512,0,17512,3214804.455,0.852,0.013,-0.029,0.522,0,0,0,0,0,0,0,71,53,1.188,1,2051,0,352.340,1.147,152.500,317.625,-1.313,-0.051,-0.148,1.930,0.602,0.977,8.840,3.162,3.606,0.990,1.372,0,NULL,NULL,,2,0,2,7,255,1125,250,0,0
pre_stim,17512,17512,0,17512,3214809.454,0.852,-0.000,-0.037,0.523,0,0,0,0,0,0,0,70,53,1.188,1,2051,0,353.393,0.236,158.063,316.063,-2.750,0.000,-0.191,1.949,0.133,-0.195,9.172,3.182,3.628,0.990,1.372,0,NULL,NULL,,2,0,2,7,255,1125,250,0,0
pre_stim,17512,17512,0,17512,3214814.455,0.851,-0.014,-0.045,0.524,0,0,0,0,0,0,0,71,53,1.188,1,2051,0,357.747,1.409,168.563,315.500,-5.438,0.066,-0.207,1.977,0.133,-1.402,9.336,3.202,3.652,0.990,1.372,0,NULL,NULL,,2,0,2,7,255,1125,250,0,0
pre_stim,17512,17512,0,17512,3214819.453,0.849,-0.027,-0.052,0.525,0,0,0,0,0,0,0,71,53,1.188,1,2051,0,365.293,2.676,184.000,315.438,-9.063,0.180,-0.238,2.047,0.152,-2.672,9.523,3.224,3.674,0.990,1.372,0,NULL,NULL,,2,0,2,7,255,1125,250,0,0
pre_stim,17512,17512,0,17512,3214824.455,0.848,-0.042,-0.059,0.525,0,0,0,0,0,0,0,63,53,1.188,1,2051,0,375.640,4.467,202.000,316.438,-13.000,0.359,-0.246,2.164,0.402,-4.449,9.980,3.244,3.698,0.990,1.372,0,NULL,NULL,,2,0,2,7,255,1125,250,0,0
pre_stim,17512,17512,0,17512,3214829.454,0.846,-0.057,-0.066,0.526,0,0,0,0,0,0,0,59,53,1.188,1,2051,0,386.746,6.906,218.625,318.625,-15.938,0.566,-0.219,2.328,1.109,-6.816,10.723,3.262,3.718,0.990,1.372,0,NULL,NULL,,2,0,2,7,255,1125,250,0,0
pre_stim,17512,17512,0,17512,3214834.455,0.844,-0.073,-0.073,0.527,0,0,0,0,0,0,0,59,53,1.188,1,2051,0,395.342,9.664,230.563,320.813,-14.688,0.754,-0.191,2.500,2.234,-9.402,11.707,3.278,3.736,0.990,1.372,0,NULL,NULL,,2,0,2,7,255,1125,250,0,0
pre_stim,17512,17512,0,17512,3214839.453,0.841,-0.089,-0.079,0.527,0,0,0,0,0,0,0,57,53,1.188,1,2051,0,400.853,12.398,236.188,323.688,-11.188,0.938,-0.211,2.645,3.234,-11.969,12.691,3.290,3.752,0.990,1.372,0,NULL,NULL,,2,0,2,7,255,1125,250,0,0
pre_stim,17512,17512,0,17512,3214844.455,0.839,-0.105,-0.086,0.527,0,0,0,0,0,0,0,59,53,1.188,1,2051,0,403.786,15.194,237.688,326.375,-5.188,1.086,-0.242,2.750,3.785,-14.715,13.238,3.300,3.762,0.990,1.372,0,NULL,NULL,,2,0,2,7,255,1125,250,0,0
pre_stim,17512,17512,0,17512,3214849.453,0.836,-0.122,-0.092,0.527,0,0,0,0,0,0,0,57,53,1.188,1,2051,0,406.496,17.634,239.938,328.125,1.750,1.195,-0.227,2.848,3.992,-17.176,13.336,3.304,3.770,0.990,1.372,0,NULL,NULL,,2,0,2,7,255,1125,250,0,0
pre_stim,17540,17540,0,17540,3214854.455,0.833,-0.138,-0.099,0.526,0,0,0,0,0,0,0,57,53,1.188,1,2051,0,405.568,19.630,236.438,329.500,3.500,1.258,-0.188,2.930,4.426,-19.125,13.348,3.304,3.772,0.990,1.372,0,NULL,NULL,,2,0,2,7,255,1125,250,0,0
pre_stim,17540,17540,0,17540,3214859.454,0.830,-0.153,-0.106,0.526,0,0,0,0,0,0,0,57,53,1.188,1,2051,0,397.950,21.125,223.875,329.000,1.688,1.289,-0.113,2.988,4.891,-20.551,13.348,3.298,3.770,0.990,1.372,0,NULL,NULL,,2,0,2,7,255,1125,250,0,0
pre_stim,17540,17540,0,17540,3214864.455,0.827,-0.168,-0.113,0.525,0,0,0,0,0,0,0,73,53,1.188,1,2051,0,381.742,22.179,199.938,325.188,-2.188,1.293,0.008,3.000,5.523,-21.480,13.168,3.286,3.762,0.990,1.372,0,NULL,NULL,,2,0,2,7,255,1125,250,0,0
pre_stim,17540,17540,0,17540,3214869.453,0.823,-0.181,-0.120,0.524,0,0,0,0,0,0,0,73,53,1.188,1,2051,0,361.988,22.812,175.563,316.375,-10.938,1.418,0.223,3.055,6.484,-21.871,12.719,3.268,3.744,0.990,1.372,0,NULL,NULL,,2,0,2,7,255,1125,250,0,0
pre_stim,17540,17540,0,17540,3214874.455,0.820,-0.193,-0.128,0.524,0,0,0,0,0,0,0,63,53,1.188,1,2051,0,336.542,24.603,144.000,303.250,-23.750,1.738,0.355,3.082,8.848,-22.957,12.359,3.236,3.714,0.990,1.372,0,NULL,NULL,,2,0,2,7,255,1125,250,0,0
pre_stim,17540,17540,0,17540,3214879.454,0.817,-0.203,-0.137,0.523,0,0,0,0,0,0,0,83,53,1.188,1,2051,0,303.501,28.159,97.563,286.500,-22.625,2.148,0.242,2.918,11.316,-25.785,10.785,3.192,3.674,0.990,1.372,0,NULL,NULL,,2,0,2,7,255,1125,250,0,0
pre_stim,17575,17575,0,17575,3214884.455,0.814,-0.211,-0.145,0.521,0,0,0,0,0,0,0,107,53,1.188,1,2051,0,270.669,31.407,48.688,266.250,-1.438,2.504,0.035,2.488,11.527,-29.215,6.699,3.136,3.622,0.990,1.372,0,NULL,NULL,,2,0,2,7,255,1125,250,0,0
pre_stim,17575,17575,0,17575,3214889.453,0.813,-0.217,-0.153,0.518,0,0,0,0,0,0,0,145,53,1.188,1,2051,0,245.611,32.935,20.063,243.125,28.500,2.766,-0.156,1.867,11.527,-30.852,0.355,3.070,3.558,0.990,1.372,0,NULL,NULL,,2,0,2,7,255,1125,250,0,0
pre_stim,17575,17575,0,17575,3214894.455,0.812,-0.224,-0.160,0.515,0,0,0,0,0,0,0,149,53,1.188,1,2051,0,227.334,32.682,27.750,219.000,54.313,2.992,-0.344,1.262,10.785,-30.852,-7.125,2.994,3.484,0.990,1.372,0,NULL,NULL,,2,0,2,7,255,1125,250,0,0
pre_stim,17575,17575,0,17575,3214899.454,0.812,-0.231,-0.165,0.511,0,0,0,0,0,0,0,167,53,1.188,1,2051,0,218.602,31.760,61.750,195.125,76.813,3.227,-0.555,0.770,9.883,-30.184,-14.203,2.908,3.400,0.990,1.372,0,NULL,NULL,,2,0,2,7,255,1125,250,0,0
pre_stim,17609,17609,0,17609,3214904.455,0.812,-0.239,-0.167,0.506,0,0,0,0,0,0,0,183,53,1.188,1,2051,0,230.911,31.458,112.500,171.313,106.375,3.391,-0.898,0.387,8.863,-30.184,-20.324,2.812,3.306,0.990,1.372,0,NULL,NULL,,2,0,2,7,255,1125,250,0,0
pre_stim,17609,17609,0,17609,3214909.454,0.812,-0.250,-0.167,0.501,0,0,0,0,0,0,0,187,53,1.188,1,2051,0,274.647,30.904,183.438,145.813,143.250,3.445,-1.285,0.215,6.578,-30.195,-25.441,2.710,3.206,0.990,1.372,0,NULL,NULL,,2,0,2,7,255,1125,250,0,0
pre_stim,17609,17609,0,17609,3214914.455,0.812,-0.263,-0.164,0.495,0,0,0,0,0,0,0,183,53,1.188,1,2051,0,343.609,31.011,266.875,120.188,180.000,3.316,-1.469,0.402,3.672,-30.793,-27.219,2.600,3.096,0.990,1.372,0,NULL,NULL,,2,0,2,7,255,1125,250,0,0
pre_stim,17609,17609,0,17609,3214919.453,0.811,-0.278,-0.158,0.490,0,0,0,0,0,0,0,173,53,1.188,1,2051,0,382.163,31.315,322.875,95.313,180.875,3.078,-1.805,0.797,2.078,-31.246,-27.219,2.480,2.978,0.990,1.372,0,NULL,NULL,,2,0,2,7,255,1125,250,0,0
pre_stim,17609,17609,0,17609,3214924.455,0.810,-0.293,-0.151,0.485,0,0,0,0,0,0,0,177,53,1.188,1,2051,0,396.253,32.844,349.063,70.125,173.938,2.902,-1.953,1.258,-1.441,-32.813,-24.359,2.354,2.850,0.990,1.372,0,NULL,NULL,,2,0,2,7,255,1125,250,0,0
pre_stim,17609,17609,0,17609,3214929.454,0.809,-0.309,-0.142,0.480,0,0,0,0,0,0,0,179,53,1.188,1,2051,0,417.694,34.663,369.313,31.563,192.563,2.695,-1.496,2.000,-1.441,-34.633,-20.980,2.220,2.718,0.990,1.372,0,NULL,NULL,,2,0,2,7,255,1125,250,0,0
pre_stim,17609,17609,0,17609,3214934.455,0.809,-0.321,-0.133,0.474,0,0,0,0,0,0,0,205,53,1.188,1,2051,0,373.051,35.908,301.313,-2.250,219.938,2.648,-1.387,3.242,-0.395,-35.906,-13.422,2.082,2.578,0.990,1.372,0,NULL,NULL,,2,0,2,7,255,1125,250,0,0
pre_stim,17609,17609,0,17609,3214939.453,0.811,-0.327,-0.126,0.468,0,0,0,0,0,0,0,217,53,1.188,1,2051,0,283.962,37.303,170.125,-30.438,225.313,1.875,-1.297,3.215,-0.395,-37.301,-3.844,1.944,2.438,0.990,1.372,0,NULL,NULL,,2,0,2,7,255,1125,250,0,0
pre_stim,17630,17630,0,17630,3214944.455,0.812,-0.332,-0.119,0.465,0,0,0,0,0,0,0,218,53,1.188,1,2051,0,185.956,37.336,144.188,-55.938,103.250,1.113,-0.586,2.961,-1.613,-37.301,0.004,1.802,2.294,0.990,1.372,0,NULL,NULL,,2,0,2,7,255,1125,250,0,0
pre_stim,17630,17630,0,17630,3214949.454,0.811,-0.334,-0.114,0.467,0,0,0,0,0,0,0,262,53,1.188,1,2051,0,129.919,32.103,103.125,-78.188,11.438,1.578,-0.379,3.219,-1.613,-32.063,4.543,1.660,2.148,0.990,1.372,0,NULL,NULL,,2,0,2,7,255,1125,250,0,0
pre_stim,17630,17630,0,17630,3214954.455,0.810,-0.338,-0.105,0.467,37,0,0,379,0,0,0,347,53,1.188,1,2051,0,225.843,32.103,174.125,-134.313,51.438,0.387,-0.902,4.703,-1.613,-32.063,5.043,1.514,2.000,0.990,1.372,0,NULL,NULL,,2,0,2,7,255,1125,250,0,0
pre_stim,17630,17630,0,17630,3214959.454,0.813,-0.344,-0.087,0.462,565,0,0,988,0,41,0,380,53,1.188,1,2051,0,466.799,35.137,280.125,-242.875,283.625,-0.051,1.672,8.098,1.063,-35.121,19.754,1.366,1.848,0.990,1.372,0,NULL,NULL,,2,0,2,7,255,1125,250,0,0
pre_stim,17630,17630,0,17630,3214964.455,0.828,-0.316,-0.096,0.453,1077,0,0,1447,0,324,0,478,53,1.188,1,2051,0,804.401,35.137,-772.313,-96.750,203.063,-1.066,3.098,4.793,1.063,-35.121,44.703,1.216,1.694,0.990,1.372,0,NULL,NULL,,2,0,2,7,255,1125,250,0,0
pre_stim,17630,17630,0,17630,3214969.453,0.846,-0.273,-0.112,0.444,1548,0,0,1721,0,529,0,527,53,1.188,1,2051,0,1138.155,16.352,-1123.563,-116.750,139.188,-0.949,3.848,-0.219,13.957,-8.520,44.703,1.064,1.540,0.990,1.372,0,NULL,NULL,,2,0,2,7,255,1125,250,0,0
pre_stim,17660,17660,0,17660,3214974.455,0.857,-0.245,-0.122,0.437,1882,0,0,1879,0,721,0,571,53,1.188,1,2052,0,746.606,29.015,-733.563,-95.688,100.750,-1.922,1.965,-2.305,13.957,25.438,5.117,0.910,1.380,0.990,1.372,1,1126.000,1.000,,2,0,2,7,255,1125,250,0,0
pre_stim,17660,17660,0,17660,3214979.454,0.860,-0.230,-0.124,0.437,2087,0,0,2002,0,913,0,629,53,1.188,1,2052,0,337.626,25.743,-319.500,-107.000,-21.500,-1.621,0.320,-1.844,3.953,25.438,-15.758,0.750,1.216,0.990,1.372,1,NULL,NULL,,2,0,2,7,255,1125,250,0,0
pre_stim,17660,17660,0,17660,3214984.455,0.860,-0.227,-0.120,0.441,2223,0,0,2091,0,1094,0,726,53,1.188,1,2052,0,143.812,21.573,-14.563,-120.063,-77.813,-0.246,-0.059,0.285,-1.871,21.492,-15.758,0.590,1.040,0.990,1.372,1,NULL,NULL,,2,0,2,7,255,1125,250,0,0
pre_stim,17660,17660,0,17660,3214989.453,0.861,-0.224,-0.117,0.441,2373,0,0,2147,0,1247,0,813,53,1.188,1,2052,0,112.681,1.871,-32.063,-107.313,12.375,0.430,1.168,1.418,-1.871,-0.016,-6.535,0.452,0.874,0.990,1.372,1,NULL,NULL,,2,0,2,7,255,1125,250,0,0
pre_stim,17660,17660,0,17660,3214994.455,0.865,-0.216,-0.115,0.438,2571,0,0,2356,0,1407,0,891,53,1.188,1,2052,0,214.890,12.074,-159.688,-114.063,87.563,0.004,1.652,1.602,12.074,-0.016,3.668,0.348,0.718,0.990,1.372,2,NULL,NULL,,2,0,2,7,255,1125,250,0,0
pre_stim,17660,17660,0,17660,3214999.454,0.869,-0.204,-0.115,0.435,2727,0,0,2557,0,1464,0,956,53,1.188,1,2052,0,308.700,12.156,-279.125,-114.000,66.250,-1.047,0.473,0.996,12.074,1.410,3.875,0.300,0.570,0.990,1.372,2,NULL,NULL,,2,0,2,7,255,1125,250,0,0
pre_stim,17708,17708,0,17708,3215004.455,0.875,-0.189,-0.115,0.431,2837,0,0,2713,0,1507,0,1053,53,1.188,1,2052,0,381.838,5.203,-333.688,-163.563,87.750,-1.902,-1.496,0.012,-2.016,4.797,3.875,0.316,0.426,0.990,1.372,2,NULL,NULL,,2,0,2,7,255,1125,250,0,0
pre_stim,17708,17708,0,17708,3215009.454,0.876,-0.176,-0.113,0.434,2912,0,0,2803,0,1529,0,1167,53,1.188,1,2052,0,295.879,23.453,-240.375,-162.438,-58.125,-1.617,-1.676,-0.359,-22.957,4.797,-5.910,0.390,0.302,0.990,1.372,2,NULL,NULL,,2,0,2,7,255,1125,250,0,0
pre_stim,17708,17708,0,17708,3215014.455,0.875,-0.169,-0.109,0.440,2973,0,0,2892,0,1555,0,1287,53,1.188,1,2052,0,234.528,23.191,-72.813,-174.500,-138.750,-0.547,-1.043,0.188,-22.957,3.285,-8.066,0.466,0.240,0.990,1.372,2,NULL,NULL,,2,0,2,7,255,1125,250,0,0
pre_stim,17708,17708,0,17708,3215019.453,0.874,-0.166,-0.103,0.445,3005,0,0,2965,0,1577,0,1357,53,1.188,1,2052,0,207.731,11.673,9.938,-174.750,-111.875,0.410,-0.715,1.234,-11.371,-2.637,-8.066,0.494,0.260,0.990,1.372,2,NULL,NULL,,2,0,2,7,255,1125,250,0,0
pre_stim,17708,17708,0,17708,3215024.455,0.875,-0.161,-0.097,0.447,3043,0,0,3007,0,1625,0,1379,53,1.188,1,2052,0,171.649,11.716,-40.438,-165.000,-24.563,0.762,-0.965,1.852,-2.727,-11.395,-1.063,0.500,0.298,0.990,1.372,2,NULL,NULL,,2,0,2,7,255,1125,250,0,0
pre_stim,17708,17708,0,17708,3215029.454,0.878,-0.153,-0.093,0.445,3065,0,0,3051,0,1735,0,1389,53,1.188,1,2052,0,222.750,17.337,-135.063,-164.125,66.625,0.734,-1.180,1.543,-2.727,-17.121,0.438,0.506,0.336,0.990,1.372,2,NULL,NULL,,2,0,2,7,255,1125,250,0,0
pre_stim,17728,17728,0,17728,3215034.455,0.882,-0.144,-0.090,0.439,3064,0,0,3087,0,1873,0,1403,53,1.188,1,2052,0,271.900,17.676,-174.125,-153.063,142.063,0.293,-1.289,0.883,-4.395,-17.121,0.438,0.520,0.368,0.990,1.372,2,NULL,NULL,,2,0,2,7,255,1125,250,0,0
pre_stim,17728,17728,0,17728,3215039.453,0.887,-0.136,-0.086,0.433,3087,0,0,3123,0,1946,0,1459,53,1.188,1,2052,0,258.832,14.675,-138.188,-149.125,160.188,-0.320,-1.043,0.590,-7.984,-12.313,-4.258,0.542,0.396,0.990,1.372,2,NULL,NULL,,2,0,2,7,255,1125,250,0,0
pre_stim,17728,17728,1,17728,3215044.455,0.890,-0.131,-0.081,0.429,3093,0,0,3147,0,2043,0,1531,53,1.188,1,2052,0,211.483,9.724,-75.688,-148.813,129.813,-0.551,-0.328,0.641,-7.984,-5.551,-4.258,0.554,0.418,0.990,1.372,2,NULL,NULL,,2,1,2,7,255,1125,250,0,0
pre_stim,17728,17728,1,17728,3215049.454,0.893,-0.128,-0.076,0.426,3109,0,0,3145,0,2133,0,1593,53,1.188,1,2052,0,173.330,5.598,-32.438,-149.188,82.063,-0.492,0.344,1.055,-5.594,0.219,-2.832,0.540,0.430,0.990,1.372,2,NULL,NULL,,2,1,2,7,255,1125,250,0,0
pre_stim,17729,17729,1,17729,3215054.455,0.894,-0.124,-0.071,0.425,3094,0,0,3143,100,2233,0,1741,53,1.188,1,2052,0,155.954,2.379,-44.313,-145.938,32.563,-0.461,0.453,1.410,0.027,2.379,1.742,0.496,0.432,0.990,1.372,2,NULL,NULL,,2,1,2,7,255,1125,250,0,0
pre_stim,17729,17729,1,17729,3215059.454,0.895,-0.117,-0.067,0.426,3099,0,0,3151,379,2291,163,1892,53,1.188,1,2052,0,171.367,2.379,-94.313,-142.125,-16.500,-0.234,0.094,1.535,0.027,2.379,5.156,0.450,0.432,0.990,1.372,2,NULL,NULL,,2,1,2,7,255,1125,250,0,0
pre_stim,17750,17750,1,17750,3215064.455,0.894,-0.112,-0.065,0.428,3098,0,0,3155,715,2333,190,2021,53,1.188,1,2052,0,134.458,1.888,-78.188,-97.000,-50.563,0.398,-0.176,1.820,1.137,-1.508,5.355,0.418,0.422,0.990,1.372,2,NULL,NULL,,2,1,2,7,255,1125,250,0,0
pre_stim,17750,17750,1,17750,3215069.454,0.894,-0.108,-0.064,0.431,3099,0,0,3159,988,2360,151,2104,53,1.188,1,2052,0,123.187,8.491,-83.938,-61.563,-65.875,0.715,-0.078,1.227,1.805,-8.297,5.355,0.400,0.402,0.990,1.372,2,NULL,NULL,,2,1,2,7,255,1125,250,0,0
pre_stim,17750,17750,1,17750,3215074.455,0.893,-0.106,-0.062,0.432,3098,0,0,3160,1151,2385,181,2149,53,1.188,1,2052,0,66.213,9.306,-15.438,-53.000,-36.563,0.816,0.711,0.906,4.215,-8.297,0.340,0.394,0.370,0.990,1.372,2,NULL,NULL,,2,1,2,7,255,1125,250,0,0
pre_stim,17750,17750,1,17750,3215079.453,0.893,-0.106,-0.061,0.433,3095,0,0,3161,1275,2404,205,2205,53,1.188,1,2052,0,32.954,6.237,19.688,-24.563,-9.750,0.309,0.313,1.559,4.844,-3.930,0.340,0.396,0.330,0.990,1.372,2,NULL,NULL,,2,1,2,7,255,1125,250,0,0
pre_stim,17750,17750,1,17750,3215084.455,0.893,-0.103,-0.062,0.433,3095,0,0,3161,1383,2413,213,2254,53,1.188,1,2052,0,84.880,6.210,-82.813,-17.563,-6.188,-0.367,-0.277,1.641,4.844,-3.887,4.797,0.406,0.288,0.990,1.372,2,NULL,NULL,,2,1,2,7,255,1125,250,0,0
pre_stim,17750,17750,1,17750,3215089.454,0.893,-0.097,-0.064,0.435,3095,23,0,3163,1489,2421,219,2285,53,1.188,1,2052,0,136.141,3.427,-119.500,-14.625,-63.563,-0.402,-0.031,0.785,-2.344,-2.500,4.797,0.418,0.248,0.990,1.372,2,NULL,NULL,,2,1,2,7,255,1125,250,0,0
pre_stim,17780,17780,1,17780,3215094.455,0.891,-0.095,-0.064,0.439,3095,36,0,3164,1559,2437,220,2313,53,1.188,1,2052,0,120.888,2.344,-45.500,-9.875,-111.563,-0.070,0.125,0.582,-2.344,0.016,-1.551,0.436,0.214,0.990,1.372,2,NULL,NULL,,2,1,2,7,255,1125,250,0,0
pre_stim,17780,17780,1,17780,3215099.454,0.889,-0.095,-0.064,0.443,3095,42,0,3165,1603,2444,223,2339,53,1.188,1,2052,0,96.915,0.770,-2.125,-9.375,-96.438,0.223,-0.051,1.023,0.770,0.016,-1.551,0.454,0.190,0.990,1.372,2,NULL,NULL,,2,1,2,7,255,1125,250,0,0
pre_stim,17811,17811,1,17811,3215104.455,0.888,-0.093,-0.065,0.445,3096,69,0,3167,1662,2457,248,2361,53,1.188,1,2052,0,58.697,4.204,-35.000,-3.375,-47.000,0.152,-0.246,1.172,0.770,-4.133,-0.508,0.472,0.172,0.990,1.372,2,NULL,NULL,,2,1,2,7,255,1125,250,0,0
pre_stim,17811,17811,1,17811,3215109.454,0.888,-0.090,-0.066,0.446,3097,111,0,3171,1719,2463,263,2387,53,1.188,1,2052,0,70.503,4.161,-65.625,-5.438,-25.188,-0.184,-0.203,0.930,-0.484,-4.133,-0.508,0.488,0.160,0.990,1.372,2,NULL,NULL,,2,1,2,7,255,1125,250,0,0
pre_stim,17811,17811,1,17811,3215114.455,0.888,-0.088,-0.067,0.447,3100,135,0,3171,1775,2477,275,2401,53,1.188,1,2052,0,65.463,1.808,-45.875,-6.000,-46.313,-0.203,0.012,0.797,-0.660,-1.684,-0.691,0.506,0.146,0.990,1.372,2,NULL,NULL,,2,1,2,7,255,1125,250,0,0
pre_stim,17811,17811,1,17811,3215119.455,0.886,-0.087,-0.067,0.450,3099,155,18,3173,1831,2483,269,2413,53,1.188,1,2052,0,65.710,1.808,-19.375,-3.563,-62.688,0.012,-0.012,0.926,-0.660,-1.684,-0.961,0.526,0.128,0.990,1.372,2,NULL,NULL,,2,1,2,7,255,1125,250,0,0
pre_stim,17811,17811,1,17811,3215124.455,0.886,-0.086,-0.068,0.451,3099,172,103,3173,1875,2491,269,2424,53,1.188,1,2052,0,40.280,2.008,-16.313,-3.875,-36.625,0.137,-0.203,1.031,-0.219,-1.996,-0.961,0.552,0.106,0.990,1.372,2,NULL,NULL,,2,1,2,7,255,1125,250,0,0
pre_stim,17811,17811,1,17811,3215129.453,0.886,-0.085,-0.068,0.451,3101,189,155,3175,1900,2495,275,2430,53,1.188,1,2052,0,26.249,3.160,-25.750,-2.813,-4.250,-0.004,-0.211,0.996,-0.219,-3.152,-0.363,0.576,0.084,0.990,1.372,2,NULL,NULL,,2,1,2,7,255,1125,250,0,0
pre_stim,17811,17811,1,17811,3215134.455,0.886,-0.084,-0.068,0.451,3103,202,227,3175,1913,2503,255,2443,53,1.188,1,2052,0,21.165,3.185,-20.875,-2.500,2.438,-0.160,-0.012,0.914,-0.453,-3.152,-0.363,0.594,0.072,0.990,1.372,2,NULL,NULL,,2,1,2,7,255,1125,250,0,0
pre_stim,17811,17811,1,17811,3215139.454,0.886,-0.084,-0.068,0.452,3101,212,277,3175,1926,2505,261,2445,53,1.188,1,2052,0,16.250,0.775,-6.500,-0.750,-14.875,-0.176,0.063,0.977,-0.453,-0.629,-0.363,0.606,0.064,0.990,1.372,2,NULL,NULL,,2,1,2,7,255,1125,250,0,0
pre_stim,17811,17811,1,17811,3215144.455,0.885,-0.083,-0.068,0.452,3103,209,294,3176,1941,2509,253,2445,53,1.188,1,2052,0,20.598,0.633,-5.625,-0.313,-19.813,-0.055,-0.027,1.051,0.070,-0.629,-0.063,0.618,0.058,0.990,1.372,2,NULL,NULL,,2,1,2,7,255,1125,250,0,0
pre_stim,17811,17811,1,17811,3215149.453,0.885,-0.083,-0.069,0.453,3103,207,317,3173,1949,2507,248,2449,53,1.242,1,2052,1,11.991,1.779,-10.750,0.000,-5.313,-0.031,-0.059,1.023,0.070,-1.777,0.035,0.000,0.000,1.057,1.366,2,NULL,NULL,,2,1,2,7,255,1125,250,0,0
pre_stim,17841,17841,1,17841,3215154.455,0.885,-0.082,-0.069,0.452,3103,210,333,3173,1958,2510,245,2451,53,1.242,1,2052,1,10.279,1.783,-8.563,0.000,5.688,-0.121,0.039,0.996,0.137,-1.777,0.035,0.006,0.004,1.057,1.366,2,NULL,NULL,,2,1,2,7,255,1125,250,0,0
pre_stim,17841,17841,1,17841,3215159.454,0.885,-0.082,-0.069,0.452,3103,205,341,3171,1965,2511,239,2450,53,1.242,1,2052,1,4.211,0.789,-4.063,0.313,1.063,-0.188,0.086,1.020,0.219,-0.758,0.035,0.012,0.008,1.057,1.366,2,NULL,NULL,,2,1,2,7,255,1125,250,0,0
pre_stim,17841,17841,1,17841,3215164.455,0.885,-0.082,-0.069,0.452,3101,205,355,3171,1967,2509,227,2450,53,1.242,1,2052,1,7.354,0.454,-3.875,-0.063,-6.250,-0.160,0.070,1.059,0.250,-0.379,0.355,0.018,0.012,1.057,1.366,2,NULL,NULL,,2,1,2,7,255,1125,250,0,0
pre_stim,17841,17841,1,17841,3215169.453,0.885,-0.082,-0.069,0.453,3100,204,365,3165,1965,2509,225,2447,53,1.242,1,2052,1,7.756,0.494,-5.563,-0.563,-5.375,-0.105,0.059,1.047,0.316,-0.379,0.453,0.024,0.014,1.057,1.366,2,NULL,NULL,,2,1,2,7,255,1125,250,0,0
pre_stim,17841,17841,1,17841,3215174.455,0.885,-0.081,-0.069,0.453,3099,204,373,3163,1965,2505,221,2445,53,1.242,1,2052,1,6.147,0.786,-5.813,-1.563,1.250,-0.125,0.070,1.023,0.516,-0.594,0.453,0.028,0.018,1.057,1.366,2,NULL,NULL,,2,1,2,7,255,1125,250,0,0
pre_stim,17841,17841,1,17841,3215179.453,0.885,-0.081,-0.069,0.452,3095,202,375,3159,1967,2504,219,2445,53,1.242,1,2052,1,4.702,0.786,-4.188,-1.688,1.313,-0.168,0.074,1.000,0.516,-0.594,0.273,0.034,0.020,1.057,1.366,2,NULL,NULL,,2,1,2,7,255,1125,250,0,0
pre_stim,17875,17875,1,17875,3215184.455,0.885,-0.081,-0.069,0.453,3087,191,381,3147,1975,2505,215,2443,53,1.242,1,2052,1,3.816,0.470,-3.000,-2.000,-1.250,-0.160,0.051,0.996,0.277,-0.379,0.152,0.038,0.022,1.057,1.366,2,NULL,NULL,,2,1,2,7,255,1125,250,0,0
pre_stim,17875,17875,1,17875,3215189.454,0.885,-0.081,-0.068,0.453,3087,183,392,3157,1973,2503,219,2449,53,1.242,1,2052,1,4.240,0.423,-2.688,-3.250,0.438,-0.133,0.039,1.004,0.188,-0.379,0.082,0.040,0.024,1.057,1.366,2,NULL,NULL,,2,1,2,7,255,1125,250,0,0
pre_stim,17875,17875,1,17875,3215194.455,0.886,-0.081,-0.068,0.452,3069,167,397,3143,1971,2493,215,2445,53,1.242,1,2052,1,6.439,0.677,-2.188,-4.375,4.188,-0.133,0.031,0.996,0.133,-0.664,0.082,0.044,0.026,1.057,1.366,2,NULL,NULL,,2,1,2,7,255,1125,250,0,0
pre_stim,17875,17875,1,17875,3215199.453,0.886,-0.080,-0.068,0.452,3067,159,410,3132,1971,2487,215,2453,53,1.242,1,2052,1,7.255,0.674,0.313,-5.125,5.125,-0.148,0.043,0.988,0.117,-0.664,0.016,0.048,0.028,1.057,1.366,2,NULL,NULL,,2,1,2,7,255,1125,250,0,0
pre_stim,17909,17909,1,17909,3215204.455,0.886,-0.081,-0.068,0.452,3055,155,411,3119,1963,2488,215,2445,53,1.242,1,2052,1,7.641,0.479,3.625,-5.625,3.688,-0.152,0.066,1.000,0.117,-0.465,0.016,0.050,0.028,1.057,1.366,2,NULL,NULL,,2,1,2,7,255,1125,250,0,0
pre_stim,17909,17909,1,17909,3215209.454,0.886,-0.081,-0.067,0.452,3045,155,423,3117,1973,2477,219,2447,53,1.242,1,2052,1,7.668,0.449,4.875,-5.500,2.188,-0.160,0.074,1.008,0.293,-0.340,0.094,0.052,0.028,1.057,1.366,2,NULL,NULL,,2,1,2,7,255,1125,250,0,0
pre_stim,17909,17909,1,17909,3215214.455,0.886,-0.081,-0.067,0.452,3036,155,435,3111,1976,2464,229,2450,53,1.242,1,2052,1,7.753,0.397,4.813,-6.063,0.438,-0.156,0.102,1.027,0.309,-0.250,0.211,0.054,0.028,1.057,1.366,2,NULL,NULL,,2,1,2,7,255,1125,250,0,0
pre_stim,17909,17909,1,17909,3215219.453,0.886,-0.081,-0.067,0.452,3027,153,444,3096,1981,2459,238,2451,53,1.242,1,2052,1,6.702,0.608,1.438,-6.438,1.188,-0.141,0.094,1.027,0.555,-0.250,0.367,0.056,0.026,1.057,1.366,2,NULL,NULL,,2,1,2,7,255,1125,250,0,0
pre_stim,17909,17909,1,17909,3215224.455,0.886,-0.081,-0.066,0.452,3015,151,487,3083,1991,2455,247,2454,53,1.242,1,2052,1,7.805,0.589,-0.688,-7.063,3.250,-0.164,0.070,0.996,0.555,-0.199,0.367,0.058,0.024,1.057,1.366,2,NULL,NULL,,2,1,2,7,255,1125,250,0,0
pre_stim,17909,17909,1,17909,3215229.454,0.886,-0.080,-0.066,0.452,3000,141,551,3065,2003,2453,269,2459,53,1.242,1,2052,1,8.738,0.293,1.188,-8.438,1.938,-0.195,0.074,0.973,0.215,-0.199,0.109,0.058,0.024,1.057,1.366,2,NULL,NULL,,2,1,2,7,255,1125,250,0,0
pre_stim,17909,17909,1,17909,3215234.455,0.886,-0.080,-0.065,0.452,2989,141,587,3052,2018,2451,283,2461,53,1.242,1,2052,1,11.190,0.183,4.500,-10.125,-1.563,-0.199,0.090,0.973,0.141,0.117,-0.031,0.060,0.022,1.057,1.366,2,NULL,NULL,,2,1,2,7,255,1125,250,0,0
pre_stim,17909,17909,1,17909,3215239.453,0.886,-0.080,-0.065,0.452,2967,147,616,3038,2040,2447,313,2473,53,1.242,1,2052,1,13.723,0.294,6.063,-11.875,-3.250,-0.188,0.117,1.000,0.141,0.258,-0.031,0.060,0.018,1.057,1.366,2,NULL,NULL,,2,1,2,7,255,1125,250,0,0
pre_stim,17930,17930,1,17930,3215244.455,0.886,-0.080,-0.064,0.452,2944,159,651,3027,2059,2444,367,2483,53,1.242,1,2052,1,14.554,0.508,4.375,-12.875,-5.188,-0.176,0.148,1.016,0.438,0.258,0.215,0.058,0.016,1.057,1.366,2,NULL,NULL,,2,1,2,7,255,1125,250,0,0
pre_stim,17930,17930,1,17930,3215249.453,0.886,-0.080,-0.063,0.453,2924,169,691,3007,2091,2443,391,2491,53,1.242,1,2052,1,15.537,0.792,2.250,-13.750,-6.875,-0.164,0.160,1.020,0.734,0.297,0.367,0.056,0.010,1.057,1.366,2,NULL,NULL,,2,1,2,7,255,1125,250,0,0
pre_stim,17930,17930,1,17930,3215254.455,0.886,-0.080,-0.063,0.453,2905,167,731,2992,2131,2441,430,2507,53,1.242,1,2052,1,16.827,0.872,1.000,-14.063,-9.188,-0.160,0.148,1.016,0.820,0.297,0.367,0.056,0.006,1.057,1.366,2,NULL,NULL,,2,1,2,7,255,1125,250,0,0
pre_stim,17930,17930,1,17930,3215259.454,0.886,-0.080,-0.062,0.453,2877,169,832,2923,2166,2441,477,2519,53,1.242,1,2052,1,18.195,0.883,0.500,-14.438,-11.063,-0.156,0.152,1.004,0.855,0.219,0.336,0.054,0.006,1.057,1.366,2,NULL,NULL,,2,1,2,7,255,1125,250,0,0
pre_stim,17930,17930,1,17930,3215264.455,0.885,-0.080,-0.062,0.454,2855,169,905,2963,2211,2441,519,2531,53,1.242,1,2052,1,19.220,0.881,0.063,-14.438,-12.688,-0.145,0.152,1.004,0.855,0.211,0.223,0.054,0.010,1.057,1.366,2,NULL,NULL,,2,1,2,7,255,1125,250,0,0
pre_stim,17930,17930,1,17930,3215269.453,0.885,-0.079,-0.061,0.455,2839,189,987,2952,2253,2444,593,2541,53,1.242,1,2052,1,20.514,0.872,-1.125,-13.813,-15.125,-0.145,0.141,1.008,0.855,0.168,0.219,0.056,0.016,1.057,1.366,2,NULL,NULL,,2,1,2,7,255,1125,250,0,0
pre_stim,17960,17960,1,17960,3215274.455,0.885,-0.079,-0.060,0.455,2805,217,1101,2927,2277,2439,663,2549,53,1.242,1,2052,1,23.636,0.810,-3.063,-13.188,-19.375,-0.141,0.133,1.008,0.805,0.094,0.219,0.058,0.022,1.057,1.366,2,NULL,NULL,,2,1,2,7,255,1125,250,0,0
pre_stim,17960,17960,1,17960,3215279.454,0.884,-0.078,-0.060,0.456,2781,222,1149,2916,2313,2440,789,2568,53,1.242,1,2052,1,27.419,0.770,-5.750,-12.438,-23.750,-0.129,0.109,1.016,0.770,0.008,0.223,0.060,0.028,1.057,1.366,2,NULL,NULL,,2,1,2,7,255,1125,250,0,0
pre_stim,17960,17960,1,17960,3215284.455,0.884,-0.078,-0.060,0.457,2759,223,1213,2899,2351,2441,895,2583,53,1.242,1,2052,1,31.026,0.692,-9.000,-11.500,-27.375,-0.125,0.070,1.008,0.668,-0.180,0.223,0.064,0.032,1.057,1.366,2,NULL,NULL,,2,1,2,7,255,1125,250,0,0
pre_stim,17960,17960,1,17960,3215289.453,0.883,-0.077,-0.060,0.458,2739,237,1322,2890,2387,2441,981,2591,53,1.242,1,2052,1,32.703,0.551,-12.375,-10.875,-28.250,-0.121,0.031,0.996,0.359,-0.418,0.168,0.066,0.034,1.057,1.366,2,NULL,NULL,,2,1,2,7,255,1125,250,0,0
pre_stim,17960,17960,0,17960,3215294.455,0.883,-0.076,-0.060,0.459,2698,251,1445,2868,2423,2440,1080,2607,53,1.242,1,2052,1,34.304,0.620,-15.750,-10.625,-28.563,-0.133,0.012,0.984,0.063,-0.617,-0.008,0.070,0.034,1.057,1.366,2,NULL,NULL,,2,0,2,7,255,1125,250,0,0
pre_stim,17960,17960,0,17960,3215299.454,0.882,-0.075,-0.060,0.461,2667,265,1554,2855,2453,2443,1177,2611,53,1.242,1,2052,1,39.008,0.635,-19.750,-10.563,-31.938,-0.148,0.012,0.992,-0.148,-0.617,-0.008,0.070,0.036,1.057,1.366,2,NULL,NULL,,2,0,2,7,255,1125,250,0,0
pre_stim,18008,18008,0,18008,3215304.455,0.882,-0.074,-0.060,0.462,2632,286,1653,2842,2477,2445,1287,2619,53,1.242,1,2052,1,45.899,0.535,-24.500,-10.688,-37.313,-0.156,0.004,1.008,-0.227,-0.484,0.027,0.072,0.036,1.057,1.366,2,NULL,NULL,,2,0,2,7,255,1125,250,0,0
pre_stim,18008,18008,0,18008,3215309.454,0.881,-0.072,-0.060,0.464,2600,299,1742,2831,2509,2450,1356,2635,53,1.242,1,2052,1,50.332,0.566,-30.063,-11.313,-38.750,-0.137,-0.016,1.012,-0.293,-0.484,0.160,0.072,0.036,1.057,1.366,2,NULL,NULL,,2,0,2,7,255,1125,250,0,0
pre_stim,18008,18008,0,18008,3215314.455,0.881,-0.070,-0.060,0.465,2551,313,1845,2809,2535,2452,1447,2645,53,1.242,1,2052,1,50.859,0.762,-34.125,-11.625,-35.875,-0.117,-0.023,0.977,-0.293,-0.703,0.160,0.072,0.036,1.057,1.366,2,NULL,NULL,,2,0,2,7,255,1125,250,0,0
pre_stim,18008,18008,0,18008,3215319.453,0.880,-0.068,-0.061,0.466,2509,349,1938,2793,2569,2455,1531,2659,53,1.242,1,2052,1,48.484,0.872,-33.250,-11.813,-33.250,-0.109,-0.035,0.945,-0.316,-0.813,-0.191,0.072,0.038,1.057,1.366,2,NULL,NULL,,2,0,2,7,255,1125,250,0,0
pre_stim,18008,18008,0,18008,3215324.455,0.880,-0.067,-0.061,0.467,2463,371,2025,2773,2589,2456,1623,2668,53,1.242,1,2052,1,44.055,0.872,-29.188,-13.188,-30.250,-0.141,-0.047,0.949,-0.316,-0.813,-0.414,0.072,0.038,1.057,1.366,2,NULL,NULL,,2,0,2,7,255,1125,250,0,0
pre_stim,18008,18008,0,18008,3215329.454,0.879,-0.065,-0.061,0.468,2412,373,2089,2750,2617,2459,1701,2682,53,1.242,1,2052,1,44.672,0.852,-27.125,-14.125,-32.563,-0.160,-0.031,0.992,-0.508,-0.684,-0.414,0.074,0.036,1.057,1.366,2,NULL,NULL,,2,0,2,7,255,1125,250,0,0
pre_stim,18028,18028,0,18028,3215334.455,0.878,-0.064,-0.061,0.470,2361,376,2174,2727,2644,2505,1789,2696,53,1.242,1,2052,1,50.785,0.724,-31.563,-14.938,-36.875,-0.156,-0.027,1.043,-0.508,-0.516,0.016,0.074,0.034,1.057,1.366,2,NULL,NULL,,2,0,2,7,255,1125,250,0,0
pre_stim,18028,18028,0,18028,3215339.453,0.878,-0.061,-0.061,0.471,2309,383,2253,2702,2669,2461,1865,2709,53,1.242,1,2052,1,58.410,0.661,-41.438,-16.563,-37.688,-0.148,-0.031,1.043,-0.414,-0.516,0.492,0.076,0.032,1.057,1.366,2,NULL,NULL,,2,0,2,7,255,1125,250,0,0
pre_stim,18028,18028,0,18028,3215344.455,0.877,-0.059,-0.062,0.472,2229,405,2325,2667,2697,2468,1949,2727,53,1.242,1,2052,1,63.130,0.645,-47.500,-17.438,-37.750,-0.121,-0.004,1.000,-0.359,-0.535,0.492,0.078,0.030,1.057,1.366,2,NULL,NULL,,2,0,2,7,255,1125,250,0,0
pre_stim,18028,18028,0,18028,3215349.454,0.877,-0.057,-0.062,0.474,2149,413,2395,2629,2719,2469,2027,2739,53,1.242,1,2052,1,59.274,0.535,-44.063,-18.625,-35.000,-0.113,-0.004,0.922,-0.004,-0.535,0.051,0.080,0.030,1.057,1.366,2,NULL,NULL,,2,0,2,7,255,1125,250,0,0
pre_stim,18028,18028,0,18028,3215354.455,0.876,-0.055,-0.062,0.475,2094,419,2463,2585,2740,2473,2095,2757,53,1.242,1,2052,1,49.726,0.481,-33.250,-20.625,-30.688,-0.109,-0.004,0.941,0.023,-0.480,-0.523,0.082,0.030,1.057,1.366,2,NULL,NULL,,2,0,2,7,255,1125,250,0,0
pre_stim,18028,18028,0,18028,3215359.454,0.876,-0.053,-0.062,0.476,2003,425,2517,2533,2763,2477,2155,2773,53,1.242,1,2052,1,48.103,0.480,-28.813,-21.063,-32.250,-0.145,-0.047,1.012,-0.004,-0.480,-0.523,0.084,0.030,1.057,1.366,2,NULL,NULL,,2,0,2,7,255,1125,250,0,0
pre_stim,18050,18050,0,18050,3215364.455,0.875,-0.051,-0.061,0.477,1907,429,2559,2485,2797,2477,2223,2801,53,1.242,1,2052,1,53.101,0.650,-34.063,-22.438,-34.000,-0.141,-0.066,1.047,-0.410,-0.504,0.199,0.086,0.030,1.057,1.366,2,NULL,NULL,,2,0,2,7,255,1125,250,0,0
pre_stim,18051,18051,0,18051,3215369.453,0.875,-0.049,-0.061,0.479,1791,426,2613,2426,2810,2489,2263,2809,53,1.242,1,2052,1,56.828,0.653,-38.563,-23.125,-34.750,-0.125,-0.039,1.012,-0.410,-0.508,0.199,0.086,0.032,1.057,1.366,2,NULL,NULL,,2,0,2,7,255,1125,250,0,0
pre_stim,18051,18051,0,18051,3215374.455,0.874,-0.047,-0.061,0.480,1662,409,2652,2344,2828,2477,2325,2821,53,1.242,1,2052,1,54.433,0.548,-35.563,-24.000,-33.500,-0.125,-0.027,0.965,-0.207,-0.508,0.172,0.088,0.034,1.057,1.366,2,NULL,NULL,,2,0,2,7,255,1125,250,0,0
pre_stim,18051,18051,0,18051,3215379.454,0.874,-0.046,-0.061,0.481,1493,383,2699,2247,2843,2477,2376,2831,53,1.242,1,2052,1,48.057,0.390,-28.000,-25.813,-29.313,-0.117,-0.012,0.973,-0.105,-0.375,-0.219,0.090,0.034,1.057,1.366,2,NULL,NULL,,2,0,2,7,255,1125,250,0,0
pre_stim,18051,18051,0,18051,3215384.455,0.873,-0.044,-0.060,0.482,1291,373,2740,2137,2860,2475,2419,2843,53,1.242,1,2052,1,44.728,0.344,-22.063,-28.313,-26.688,-0.117,0.016,1.020,0.051,-0.340,-0.219,0.092,0.034,1.057,1.366,2,NULL,NULL,,2,0,2,7,255,1125,250,0,0
pre_stim,18051,18051,0,18051,3215389.453,0.873,-0.042,-0.059,0.483,1149,337,2777,1997,2877,2471,2471,2852,53,1.242,1,2052,1,46.106,0.345,-21.625,-29.625,-27.938,-0.117,-0.020,1.055,0.059,-0.340,0.227,0.096,0.034,1.057,1.366,2,NULL,NULL,,2,0,2,7,255,1125,250,0,0
pre_stim,18080,18080,0,18080,3215394.455,0.872,-0.041,-0.059,0.484,972,301,2805,1832,2899,2464,2519,2862,53,1.242,1,2052,1,47.853,0.403,-26.250,-30.250,-26.188,-0.105,-0.055,1.059,0.059,-0.398,0.602,0.098,0.032,1.057,1.366,2,NULL,NULL,,2,0,2,7,255,1125,250,0,0
pre_stim,18080,18080,0,18080,3215399.454,0.872,-0.039,-0.058,0.484,807,270,2831,1639,2915,2459,2557,2872,53,1.242,1,2052,1,48.532,0.573,-29.500,-32.313,-21.000,-0.086,-0.020,1.047,0.059,-0.570,0.602,0.102,0.032,1.057,1.366,2,NULL,NULL,,2,0,2,7,255,1125,250,0,0
pre_stim,18111,18111,0,18111,3215404.455,0.872,-0.037,-0.057,0.485,547,226,2855,1448,2927,2451,2597,2885,53,1.242,1,2052,1,46.035,0.624,-24.313,-33.625,-19.938,-0.109,0.027,1.035,0.254,-0.570,0.465,0.106,0.032,1.057,1.366,2,NULL,NULL,,2,0,2,7,255,1125,250,0,0
pre_stim,18111,18111,0,18111,3215409.454,0.871,-0.035,-0.056,0.486,374,173,2877,1263,2953,2455,2633,2901,53,1.242,1,2052,1,48.839,0.456,-21.250,-34.563,-27.188,-0.102,0.012,1.039,0.406,-0.207,0.414,0.110,0.032,1.057,1.366,2,NULL,NULL,,2,0,2,7,255,1125,250,0,0
pre_stim,18111,18111,0,18111,3215414.455,0.871,-0.034,-0.055,0.487,201,160,2915,1069,2972,2432,2671,2917,53,1.242,1,2052,1,47.824,0.538,-19.188,-38.813,-20.313,-0.008,0.074,1.074,0.496,-0.207,0.414,0.112,0.032,1.057,1.366,2,NULL,NULL,,2,0,2,7,255,1125,250,0,0
pre_stim,18111,18111,0,18111,3215419.453,0.871,-0.032,-0.054,0.487,101,105,2924,857,2981,2421,2699,2917,53,1.242,1,2052,1,44.126,1.448,-18.188,-38.875,-10.250,-0.063,0.125,1.113,1.434,-0.207,0.633,0.114,0.034,1.057,1.366,2,NULL,NULL,,2,0,2,7,255,1125,250,0,0
pre_stim,18111,18111,0,18111,3215424.455,0.871,-0.031,-0.053,0.488,38,47,2939,677,2991,2390,2724,2925,53,1.242,1,2052,1,50.984,1.604,-25.000,-40.625,-18.000,-0.082,0.160,1.125,1.602,0.094,1.066,0.116,0.036,1.057,1.366,2,NULL,NULL,,2,0,2,7,255,1125,250,0,0
pre_stim,18111,18111,0,18111,3215429.454,0.871,-0.029,-0.051,0.489,7,37,2955,491,3005,2363,2760,2921,53,1.242,1,2052,1,52.883,1.660,-21.938,-45.063,-16.875,-0.109,0.105,1.121,1.602,0.438,1.180,0.116,0.042,1.057,1.366,2,NULL,NULL,,2,0,2,7,255,1125,250,0,0
pre_stim,18111,18111,0,18111,3215434.455,0.870,-0.028,-0.050,0.489,0,1,2974,377,3017,2333,2787,2936,53,1.242,1,2052,1,52.398,1.297,-11.000,-49.938,-11.438,-0.203,0.023,1.172,1.215,0.453,1.195,0.116,0.048,1.057,1.366,2,NULL,NULL,,2,0,2,7,255,1125,250,0,0
pre_stim,18111,18111,0,18111,3215439.453,0.870,-0.027,-0.048,0.489,0,0,2983,345,3024,2299,2807,2933,53,1.242,1,2052,1,59.343,0.825,6.375,-57.688,-12.375,-0.313,-0.063,1.316,0.086,0.820,1.801,0.114,0.054,1.057,1.366,2,NULL,NULL,,2,0,2,7,255,1125,250,0,0
pre_stim,18111,18111,0,18111,3215444.455,0.870,-0.026,-0.044,0.490,0,0,2997,315,3034,2265,2837,2938,53,1.242,1,2052,1,75.694,1.656,31.375,-68.750,-4.313,-0.398,-0.086,1.609,-1.121,1.219,3.375,0.110,0.062,1.057,1.366,2,NULL,NULL,,2,0,2,7,255,1125,250,0,0
pre_stim,18111,18111,0,18111,3215449.454,0.871,-0.026,-0.041,0.489,0,0,3007,252,3045,2217,2852,2949,53,1.242,1,2052,1,89.287,2.003,26.875,-82.500,21.063,-0.367,0.102,1.859,-1.121,1.660,6.320,0.108,0.068,1.057,1.366,2,NULL,NULL,,2,0,2,7,255,1125,250,0,0
pre_stim,18140,18140,0,18140,3215454.455,0.871,-0.022,-0.039,0.489,0,0,3040,206,3060,2180,2868,2957,53,1.242,1,2052,0,107.365,1.673,-70.813,-80.688,1.563,-0.160,0.121,1.559,0.207,1.660,6.320,0.104,0.074,1.057,1.366,2,NULL,NULL,,2,0,2,7,255,1125,250,0,0
pre_stim,18140,18140,0,18140,3215459.454,0.872,-0.016,-0.038,0.488,0,0,3021,182,3056,2100,2899,2953,53,1.242,1,2052,0,125.455,0.972,-91.125,-85.000,14.500,-0.094,-0.027,1.086,0.207,0.949,5.500,0.100,0.082,1.057,1.366,2,NULL,NULL,,2,0,2,7,255,1125,250,0,0
pre_stim,18140,18140,0,18140,3215464.455,0.873,-0.012,-0.036,0.486,0,0,3032,93,3064,2015,2905,2953,53,1.242,1,2052,0,115.481,0.950,-54.438,-93.500,40.375,-0.215,-0.035,0.965,0.027,0.949,0.883,0.094,0.092,1.057,1.366,2,NULL,NULL,,2,0,2,7,255,1125,250,0,0
pre_stim,18140,18140,0,18140,3215469.453,0.874,-0.010,-0.032,0.485,0,0,3031,63,3091,1915,2919,2953,53,1.242,1,2052,0,111.200,1.394,-13.813,-102.313,41.313,-0.297,-0.035,1.051,-0.762,1.168,0.656,0.088,0.102,1.057,1.366,2,NULL,NULL,,2,0,2,7,255,1125,250,0,0
pre_stim,18140,18140,0,18140,3215474.455,0.875,-0.007,-0.028,0.484,0,0,3021,0,3092,1789,2939,2940,53,1.242,1,2052,0,108.476,1.911,-8.500,-106.438,19.125,-0.363,-0.223,1.141,-1.148,1.527,0.656,0.082,0.110,1.057,1.366,3,NULL,NULL,,2,0,2,7,255,1125,250,0,0
pre_stim,18140,18140,0,18140,3215479.454,0.875,-0.005,-0.024,0.483,0,0,3033,0,3095,1670,2951,2948,53,1.242,1,2052,0,114.271,3.412,2.500,-113.188,15.500,-0.293,-0.305,1.246,-3.051,1.527,1.648,0.074,0.118,1.057,1.366,3,NULL,NULL,,2,0,2,7,255,1125,250,0,0
pre_stim,18174,18174,0,18174,3215484.455,0.876,-0.002,-0.020,0.483,0,0,3019,0,3087,1513,2972,2943,53,1.242,1,2052,0,118.293,3.398,-11.063,-117.563,7.063,-0.262,-0.363,1.227,-3.348,0.582,2.473,0.064,0.128,1.057,1.366,3,NULL,NULL,,2,0,2,7,255,1125,250,0,0
pre_stim,18174,18174,0,18174,3215489.453,0.876,0.001,-0.016,0.482,0,0,3014,0,3095,1321,2975,2931,53,1.242,1,2052,0,124.068,3.350,-11.563,-122.875,12.688,-0.191,-0.336,1.137,-3.348,0.117,2.473,0.054,0.136,1.057,1.366,3,NULL,NULL,,2,0,2,7,255,1125,250,0,0
pre_stim,18174,18174,0,18174,3215494.455,0.876,0.004,-0.011,0.481,0,0,2999,0,3097,1112,2985,2918,53,1.242,1,2052,0,128.886,3.272,-11.063,-127.813,12.375,-0.176,-0.215,1.090,-3.270,0.117,1.535,0.044,0.146,1.057,1.366,3,NULL,NULL,,2,0,2,7,255,1125,250,0,0
pre_stim,18174,18174,0,18174,3215499.454,0.877,0.007,-0.006,0.481,0,0,2997,0,3103,920,2991,2910,53,1.242,1,2052,0,133.420,2.298,4.438,-132.250,17.063,-0.238,-0.129,1.066,-2.266,0.387,0.992,0.032,0.158,1.057,1.366,3,NULL,NULL,,2,0,2,7,255,1125,250,0,0
pre_stim,18208,18208,0,18208,3215504.455,0.877,0.009,-0.001,0.480,0,0,2973,0,3109,676,3006,2898,53,1.242,1,2052,0,141.767,2.410,20.563,-140.188,4.750,-0.289,-0.070,1.121,-1.938,1.434,0.992,0.022,0.170,1.057,1.366,3,NULL,NULL,,2,0,2,7,255,1125,250,0,0
pre_stim,18208,18208,0,18208,3215509.454,0.877,0.011,0.005,0.480,0,0,2943,0,3122,525,3003,2870,53,1.242,1,2052,0,148.434,2.412,26.188,-145.938,-7.000,-0.199,-0.082,1.215,-1.797,1.609,1.168,0.016,0.182,1.057,1.366,3,NULL,NULL,,2,0,2,7,255,1125,250,0,0
pre_stim,18208,18208,0,18208,3215514.455,0.877,0.013,0.011,0.480,0,0,2927,0,3108,373,3015,2865,53,1.242,1,2052,0,155.920,2.195,27.813,-153.125,-9.500,-0.160,-0.090,1.262,-1.492,1.609,2.098,0.016,0.196,1.057,1.366,3,NULL,NULL,,2,0,2,7,255,1125,250,0,0
pre_stim,18208,18208,0,18208,3215519.453,0.877,0.015,0.018,0.480,0,0,2909,0,3123,149,3019,2835,53,1.242,1,2052,0,165.320,2.086,30.063,-162.563,0.688,-0.125,-0.035,1.289,-1.430,1.520,2.527,0.024,0.210,1.057,1.366,3,NULL,NULL,,2,0,2,7,255,1125,250,0,0
pre_stim,18208,18208,0,18208,3215524.455,0.877,0.017,0.025,0.479,0,0,2875,0,3118,89,3027,2803,53,1.242,1,2052,0,170.285,1.773,23.625,-168.625,2.125,-0.090,0.070,1.352,-0.914,1.520,2.777,0.032,0.224,1.057,1.366,3,NULL,NULL,,2,0,2,7,255,1125,250,0,0
pre_stim,18208,18208,0,18208,3215529.454,0.877,0.020,0.032,0.479,0,0,2831,0,3117,13,3031,2765,53,1.242,1,2052,0,178.344,1.973,17.563,-177.000,13.000,-0.168,0.113,1.398,-0.180,1.965,3.324,0.042,0.240,1.057,1.366,3,NULL,NULL,,2,0,2,7,255,1125,250,0,0
pre_stim,18208,18208,0,18208,3215534.455,0.877,0.023,0.039,0.478,0,0,2793,0,3113,0,3023,2727,53,1.242,1,2052,0,188.110,3.027,20.750,-186.438,14.000,-0.191,0.215,1.516,0.008,3.027,3.707,0.056,0.258,1.057,1.366,3,NULL,NULL,,2,0,2,7,255,1125,250,0,0
pre_stim,18208,18208,0,18208,3215539.453,0.877,0.027,0.047,0.477,0,0,2741,0,3109,0,3033,2693,53,1.242,1,2052,0,196.974,4.051,9.938,-196.563,7.938,-0.242,0.230,1.563,0.074,4.051,4.723,0.072,0.278,1.057,1.366,3,NULL,NULL,,2,0,2,7,255,1125,250,0,0
pre_stim,18230,18230,0,18230,3215544.455,0.877,0.031,0.055,0.476,0,0,2681,0,3111,0,3035,2623,53,1.242,1,2052,0,208.961,4.801,13.000,-208.375,8.688,-0.281,0.215,1.715,0.074,4.801,5.078,0.092,0.304,1.057,1.366,3,NULL,NULL,,2,0,2,7,255,1125,250,0,0
pre_stim,18230,18230,0,18230,3215549.454,0.877,0.035,0.064,0.475,0,0,2596,0,3113,0,3029,2554,53,1.242,1,2052,0,220.269,5.442,2.313,-220.125,7.625,-0.238,0.336,1.945,0.074,5.441,6.457,0.118,0.334,1.057,1.366,3,NULL,NULL,,2,0,2,7,255,1125,250,0,0
pre_stim,18230,18230,0,18230,3215554.455,0.877,0.041,0.072,0.474,0,0,2493,0,3097,0,3031,2485,53,1.242,1,2052,0,235.782,6.301,-25.438,-234.063,12.688,-0.301,0.352,2.043,-0.031,6.301,8.594,0.148,0.366,1.057,1.366,3,NULL,NULL,,2,0,2,7,255,1125,250,0,0
pre_stim,18230,18230,0,18230,3215559.454,0.876,0.048,0.081,0.472,0,0,2393,0,3080,0,3008,2403,53,1.242,1,2052,0,256.393,7.379,-32.250,-253.063,25.625,-0.402,0.430,2.164,-0.031,7.379,9.324,0.184,0.404,1.057,1.366,3,NULL,NULL,,2,0,2,7,255,1125,250,0,0
pre_stim,18230,18230,0,18230,3215564.455,0.876,0.055,0.090,0.470,0,0,2267,0,3063,0,3015,2295,53,1.242,1,2052,0,280.342,9.203,-48.125,-274.313,32.063,-0.406,0.617,2.219,-0.031,9.203,10.125,0.224,0.448,1.057,1.366,3,NULL,NULL,,2,0,2,7,255,1125,250,0,0
pre_stim,18230,18230,0,18230,3215569.454,0.876,0.064,0.100,0.468,0,0,2121,0,3053,0,2989,2172,53,1.242,1,2052,0,304.120,10.854,-69.813,-294.125,33.250,-0.410,0.758,2.262,1.078,10.801,10.340,0.272,0.496,1.057,1.366,3,NULL,NULL,,2,0,2,7,255,1125,250,0,0
pre_stim,18260,18260,0,18260,3215574.455,0.875,0.074,0.110,0.466,0,0,1972,0,3029,0,2971,2041,53,1.242,1,2052,0,329.253,12.303,-95.188,-313.500,32.625,-0.402,0.758,2.328,1.766,12.176,10.414,0.326,0.550,1.057,1.366,3,NULL,NULL,,2,0,2,7,255,1125,250,0,0
pre_stim,18260,18260,0,18260,3215579.453,0.873,0.086,0.120,0.464,0,0,1833,0,2997,0,2937,1891,53,1.242,1,2052,0,351.987,12.949,-115.875,-330.750,32.750,-0.473,0.727,2.363,1.766,12.828,10.512,0.384,0.610,1.057,1.366,3,NULL,NULL,,2,0,2,7,255,1125,250,0,0
pre_stim,18260,18260,0,18260,3215584.455,0.872,0.098,0.130,0.462,0,0,1716,0,2965,0,2916,1773,53,1.242,1,2052,0,375.966,13.950,-141.000,-347.563,25.875,-0.602,0.707,2.398,0.945,13.918,10.512,0.452,0.678,1.057,1.366,3,NULL,NULL,,2,0,2,7,255,1125,250,0,0
pre_stim,18260,18260,0,18260,3215589.453,0.869,0.111,0.141,0.460,0,0,1633,0,2923,0,2863,1619,53,1.242,1,2052,0,393.903,15.562,-145.313,-365.813,15.000,-0.672,0.859,2.559,0.477,15.555,10.512,0.528,0.754,1.057,1.366,3,NULL,NULL,,2,0,2,7,255,1125,250,0,0
pre_stim,18260,18260,0,18260,3215594.455,0.866,0.125,0.152,0.459,0,0,1533,0,2858,0,2789,1483,53,1.242,1,2052,0,411.225,18.102,-152.750,-381.688,-9.375,-0.742,0.895,2.742,0.098,18.102,10.539,0.612,0.842,1.057,1.366,3,NULL,NULL,,2,0,2,7,255,1125,250,0,0
pre_stim,18260,18260,0,18260,3215599.454,0.862,0.140,0.164,0.458,0,0,1420,0,2803,0,2682,1337,53,1.242,1,2052,0,444.151,20.153,-185.063,-403.188,-21.500,-0.789,0.672,2.766,0.098,20.152,10.766,0.708,0.938,1.057,1.366,3,NULL,NULL,,2,0,2,7,255,1125,250,0,0
pre_stim,18307,18307,0,18307,3215604.455,0.857,0.155,0.176,0.458,0,0,1278,0,2713,0,2553,1179,53,1.242,1,2052,0,464.059,20.347,-191.938,-421.125,-34.125,-0.848,0.484,2.781,-2.098,20.238,10.766,0.808,1.040,1.057,1.366,3,NULL,NULL,,2,0,2,7,255,1125,250,0,0
pre_stim,18307,18307,0,18307,3215609.454,0.852,0.171,0.189,0.457,0,0,1100,0,2585,0,2364,1045,53,1.242,1,2052,0,476.344,20.978,-186.563,-435.688,-47.688,-0.813,0.457,2.793,-4.035,20.586,10.051,0.910,1.146,1.057,1.366,3,NULL,NULL,,2,0,2,7,255,1125,250,0,0
pre_stim,18307,18307,0,18307,3215614.455,0.846,0.186,0.202,0.458,0,0,925,0,2440,0,2127,903,53,1.242,1,2052,0,486.399,21.005,-189.250,-443.063,-66.813,-0.656,0.324,2.832,-4.176,20.586,9.879,1.012,1.248,1.057,1.366,3,NULL,NULL,,2,0,2,7,255,1125,250,0,0
pre_stim,18307,18307,0,18307,3215619.454,0.839,0.202,0.215,0.457,0,0,728,0,2247,0,1827,807,53,1.242,1,2052,0,497.986,20.807,-197.938,-453.125,-59.063,-0.453,0.047,2.742,-4.613,20.289,9.781,1.106,1.348,1.057,1.366,3,NULL,NULL,,2,0,2,7,255,1125,250,0,0
pre_stim,18307,18307,0,18307,3215624.455,0.832,0.219,0.228,0.455,0,0,521,0,1992,0,1463,683,53,1.242,1,2052,0,518.860,18.935,-209.688,-474.313,-16.563,-0.410,-0.367,2.367,-5.875,18.000,9.781,1.194,1.438,1.057,1.366,3,NULL,NULL,,2,0,2,7,255,1125,250,0,0
pre_stim,18307,18307,0,18307,3215629.453,0.826,0.236,0.242,0.451,0,0,291,0,1713,0,987,588,53,1.242,1,2052,0,531.197,16.823,-207.063,-489.000,13.188,-0.277,-0.523,1.727,-8.523,14.504,6.957,1.270,1.518,1.057,1.366,3,NULL,NULL,,2,0,2,7,255,1125,250,0,0
pre_stim,18328,18328,0,18328,3215634.455,0.819,0.252,0.256,0.447,0,0,147,0,1358,0,391,453,53,1.242,1,2052,0,521.413,13.000,-147.438,-500.063,8.438,-0.145,-0.484,1.234,-8.523,9.816,2.488,1.342,1.594,1.057,1.366,3,NULL,NULL,,2,0,2,7,255,1125,250,0,0
pre_stim,18328,18328,0,18328,3215639.454,0.814,0.264,0.273,0.440,0,0,41,0,1048,0,147,403,53,1.242,1,2052,0,505.783,11.993,-45.250,-503.438,17.875,-0.164,-0.098,1.465,-6.891,9.816,-0.566,1.414,1.670,1.057,1.366,3,NULL,NULL,,2,0,2,7,255,1125,250,0,0
pre_stim,18328,18328,0,18328,3215644.455,0.809,0.274,0.290,0.432,0,0,35,0,653,0,0,315,53,1.242,1,2052,0,504.861,11.124,-2.750,-501.938,54.188,-0.348,0.406,2.051,-4.340,10.242,-0.566,1.498,1.756,1.057,1.366,3,NULL,NULL,,2,0,2,7,255,1125,250,0,0
pre_stim,18328,18328,0,18328,3215649.453,0.804,0.287,0.305,0.422,0,0,9,0,252,0,0,266,53,1.242,1,2052,0,518.265,17.978,-67.938,-501.000,113.938,-0.680,0.738,2.219,-2.348,17.824,-0.566,1.590,1.850,1.057,1.366,3,NULL,NULL,,2,0,2,7,255,1125,250,0,0
pre_stim,18328,18328,0,18328,3215654.455,0.799,0.304,0.317,0.412,0,0,0,0,0,0,0,173,53,1.242,1,2052,0,545.727,22.429,-154.000,-498.500,160.000,-1.070,0.840,1.848,-1.996,22.340,-2.344,1.686,1.950,1.057,1.366,3,NULL,NULL,,2,0,2,7,255,1125,250,0,0
pre_stim,18328,18328,0,18328,3215659.454,0.792,0.321,0.328,0.402,0,0,0,0,0,0,0,105,53,1.242,1,2052,0,548.285,22.417,-179.563,-493.625,157.188,-1.223,0.840,1.414,-1.855,22.340,-8.742,1.780,2.046,1.057,1.366,3,NULL,NULL,,2,0,2,7,255,1125,250,0,0
pre_stim,18356,18356,0,18356,3215664.455,0.785,0.338,0.339,0.393,0,0,0,0,0,0,0,43,53,1.242,1,2052,0,516.495,19.720,-187.250,-467.875,113.125,-0.996,0.984,1.160,-1.855,19.633,-13.398,1.872,2.142,1.057,1.366,4,NULL,NULL,,2,0,2,7,255,1125,250,0,0
pre_stim,18356,18356,0,18356,3215669.454,0.777,0.354,0.348,0.387,0,0,0,0,0,0,0,59,53,1.242,1,2052,0,484.414,17.216,-231.813,-415.375,91.563,-0.770,1.035,0.926,0.918,17.191,-14.230,1.962,2.232,1.057,1.366,0,NULL,NULL,,2,0,2,7,255,1125,250,0,0
pre_stim,18356,18356,0,18356,3215674.455,0.769,0.372,0.352,0.383,0,0,0,0,0,0,0,99,53,1.242,1,2052,0,472.504,14.784,-314.250,-343.000,82.813,-0.367,0.992,0.457,2.941,14.488,-14.230,2.042,2.316,1.057,1.366,0,NULL,NULL,,2,0,2,7,255,1125,250,0,0
pre_stim,18356,18356,0,18356,3215679.453,0.761,0.386,0.355,0.381,0,0,0,0,0,0,0,118,53,1.242,1,2052,0,361.490,9.353,-257.875,-249.875,41.688,-0.195,0.336,0.117,2.941,8.879,-13.781,2.106,2.382,1.057,1.366,0,NULL,NULL,,2,0,2,7,255,1125,250,0,0
pre_stim,18356,18356,0,18356,3215684.455,0.758,0.393,0.358,0.379,0,0,0,0,0,0,0,144,53,1.242,1,2052,0,204.243,3.292,-110.500,-167.063,39.938,-0.430,-0.449,0.391,1.625,2.863,-11.984,2.154,2.434,1.057,1.366,0,NULL,NULL,,2,0,2,7,255,1125,250,0,0
pre_stim,18356,18356,0,18356,3215689.454,0.756,0.397,0.360,0.377,0,0,0,0,0,0,0,139,53,1.242,1,2052,0,113.919,7.228,-61.188,-90.563,32.125,-0.816,-0.457,1.078,-6.637,2.863,-10.637,2.194,2.476,1.057,1.366,0,NULL,NULL,,2,0,2,7,255,1125,250,0,0
pre_stim,18380,18380,0,18380,3215694.455,0.753,0.401,0.358,0.380,0,0,0,0,0,0,0,116,53,1.242,1,2052,0,132.771,11.914,-132.250,0.375,-11.750,-0.875,-0.020,0.977,-6.637,9.895,-10.637,2.228,2.512,1.057,1.366,0,NULL,NULL,,2,0,2,7,255,1125,250,0,0
pre_stim,18380,18380,0,18380,3215699.453,0.751,0.405,0.353,0.385,0,0,0,0,0,0,0,87,53,1.242,1,2052,0,194.518,11.647,-172.625,85.688,-26.375,-0.645,0.543,0.141,-6.145,9.895,-13.035,2.252,2.538,1.057,1.366,0,NULL,NULL,,2,0,2,7,255,1125,250,0,0
pre_stim,18411,18411,0,18411,3215704.455,0.751,0.405,0.346,0.389,0,0,0,0,0,0,0,73,53,1.242,1,2052,0,178.865,5.068,-99.875,148.125,-8.750,-0.586,0.859,-0.270,1.414,4.867,-16.410,2.268,2.558,1.057,1.366,0,NULL,NULL,,2,0,2,7,255,1125,250,0,0
pre_stim,18411,18411,0,18411,3215709.454,0.754,0.402,0.340,0.393,0,0,0,0,0,0,0,59,53,1.242,1,2052,0,187.697,5.291,-1.813,187.688,-0.563,-0.758,0.688,0.180,2.074,4.867,-17.598,2.282,2.574,1.057,1.366,0,NULL,NULL,,2,0,2,7,255,1125,250,0,0
pre_stim,18411,18411,0,18411,3215714.455,0.757,0.398,0.334,0.397,0,0,0,0,0,0,0,51,53,1.242,1,2052,0,217.561,6.515,11.125,216.625,-16.813,-0.828,0.316,0.727,2.074,6.176,-17.598,2.298,2.592,1.057,1.366,0,NULL,NULL,,2,0,2,7,255,1125,250,0,0
pre_stim,18411,18411,0,18411,3215719.454,0.759,0.394,0.326,0.403,0,0,0,0,0,0,0,57,53,1.242,1,2052,0,238.707,9.476,-35.063,234.750,-25.375,-0.707,0.137,0.746,-2.273,9.199,-14.336,2.320,2.618,1.057,1.366,0,NULL,NULL,,2,0,2,7,255,1125,250,0,0
pre_stim,18411,18411,0,18411,3215724.455,0.761,0.392,0.317,0.408,0,0,0,0,0,0,0,61,53,1.242,1,2052,0,252.291,9.476,-66.563,243.063,-11.875,-0.563,0.227,0.379,-2.273,9.199,-13.238,2.344,2.644,1.057,1.366,0,NULL,NULL,,2,0,2,7,255,1125,250,0,0
pre_stim,18411,18411,0,18411,3215729.453,0.763,0.389,0.308,0.413,0,0,0,0,0,0,0,58,53,1.242,1,2052,0,250.974,6.100,-53.750,245.063,6.563,-0.531,0.395,0.027,-1.219,5.977,-13.238,2.368,2.670,1.057,1.366,0,NULL,NULL,,2,0,2,7,255,1125,250,0,0
pre_stim,18411,18411,0,18411,3215734.455,0.766,0.385,0.299,0.418,0,0,0,0,0,0,0,57,53,1.242,1,2052,0,245.531,3.577,-17.625,244.563,12.813,-0.527,0.414,-0.102,0.824,3.480,-15.188,2.388,2.692,1.057,1.366,0,NULL,NULL,,2,0,2,7,255,1125,250,0,0
pre_stim,18411,18411,0,18411,3215739.454,0.770,0.381,0.291,0.421,0,0,0,0,0,0,0,55,53,1.242,1,2052,0,244.998,2.669,11.875,244.250,15.000,-0.461,0.328,-0.059,0.824,2.539,-15.188,2.406,2.714,1.057,1.366,0,NULL,NULL,,2,0,2,7,255,1125,250,0,0
pre_stim,18411,18411,0,18411,3215744.455,0.774,0.375,0.283,0.425,0,0,0,0,0,0,0,55,53,1.242,1,2052,0,246.907,2.529,25.938,244.438,23.250,-0.367,0.262,-0.016,0.629,2.449,-14.758,2.426,2.736,1.057,1.366,0,NULL,NULL,,2,0,2,7,255,1125,250,0,0
pre_stim,18411,18411,0,18411,3215749.453,0.778,0.370,0.275,0.427,0,0,0,0,0,0,0,55,53,1.242,1,2052,0,250.172,2.354,37.938,244.438,37.375,-0.316,0.250,-0.023,0.551,2.289,-13.543,2.444,2.758,1.057,1.366,0,NULL,NULL,,2,0,2,7,255,1125,250,0,0
pre_stim,18441,18441,0,18441,3215754.455,0.782,0.364,0.267,0.429,0,0,0,0,0,0,0,45,53,1.242,1,2052,0,255.561,2.152,57.188,244.125,49.438,-0.316,0.238,-0.016,0.445,2.105,-13.129,2.464,2.780,1.057,1.366,0,NULL,NULL,,2,0,2,7,255,1125,250,0,0
pre_stim,18441,18441,0,18441,3215759.454,0.787,0.357,0.259,0.430,0,0,0,0,0,0,0,43,53,1.242,1,2052,0,262.612,2.150,78.750,243.750,57.875,-0.313,0.211,0.074,0.438,2.105,-12.996,2.486,2.804,1.057,1.366,0,NULL,NULL,,2,0,2,7,255,1125,250,0,0
pre_stim,18441,18441,0,18441,3215764.455,0.793,0.350,0.252,0.431,0,0,0,0,0,0,0,45,53,1.242,1,2052,0,269.163,2.757,93.125,244.938,61.500,-0.359,0.215,0.223,0.137,2.754,-12.328,2.510,2.830,1.057,1.366,0,NULL,NULL,,2,0,2,7,255,1125,250,0,0
pre_stim,18441,18441,0,18441,3215769.454,0.798,0.342,0.244,0.432,0,0,0,0,0,0,0,42,53,1.242,1,2052,0,273.176,4.199,99.688,247.563,58.313,-0.340,0.215,0.352,-0.176,4.195,-11.672,2.536,2.858,1.057,1.366,0,NULL,NULL,,2,0,2,7,255,1125,250,0,0
pre_stim,18441,18441,0,18441,3215774.455,0.803,0.334,0.237,0.433,0,0,0,0,0,0,0,43,53,1.242,1,2052,0,278.749,5.098,103.813,252.438,56.563,-0.309,0.191,0.461,-0.219,5.094,-10.656,2.564,2.890,1.057,1.366,0,NULL,NULL,,2,0,2,7,255,1125,250,0,0
pre_stim,18441,18441,0,18441,3215779.453,0.808,0.326,0.229,0.434,0,0,0,0,0,0,0,43,53,1.242,1,2052,0,286.036,5.662,105.313,259.500,58.188,-0.293,0.141,0.563,-0.332,5.652,-9.543,2.596,2.924,1.057,1.366,0,NULL,NULL,,2,0,2,7,255,1125,250,0,0
pre_stim,18473,18473,0,18473,3215784.455,0.813,0.318,0.220,0.435,0,0,0,0,0,0,0,45,53,1.242,1,2052,0,293.947,6.156,103.750,268.250,60.688,-0.363,0.137,0.676,-0.727,6.113,-8.465,2.630,2.960,1.057,1.366,0,NULL,NULL,,2,0,2,7,255,1125,250,0,0
pre_stim,18473,18473,0,18473,3215789.454,0.818,0.310,0.212,0.436,0,0,0,0,0,0,0,40,53,1.242,1,2052,0,299.713,7.353,98.938,277.625,54.438,-0.461,0.164,0.793,-1.180,7.258,-7.949,2.668,3.002,1.057,1.366,0,NULL,NULL,,2,0,2,7,255,1125,250,0,0
pre_stim,18473,18473,0,18473,3215794.455,0.822,0.301,0.203,0.438,0,0,0,0,0,0,0,40,53,1.242,1,2052,0,304.571,8.837,92.250,287.750,38.125,-0.512,0.172,0.879,-1.508,8.707,-7.629,2.708,3.044,1.057,1.366,0,NULL,NULL,,2,0,2,7,255,1125,250,0,0
pre_stim,18473,18473,0,18473,3215799.453,0.826,0.292,0.193,0.441,0,0,0,0,0,0,0,41,53,1.242,1,2052,0,310.687,9.706,82.875,298.688,21.063,-0.488,0.121,0.949,-1.730,9.551,-7.109,2.750,3.088,1.057,1.366,0,NULL,NULL,,2,0,2,7,255,1125,250,0,0
pre_stim,18508,18508,0,18508,3215804.455,0.830,0.284,0.184,0.444,0,0,0,0,0,0,0,39,53,1.242,1,2052,0,317.935,9.757,70.875,309.750,10.688,-0.469,0.082,0.973,-1.996,9.551,-6.066,2.790,3.132,1.057,1.366,0,NULL,NULL,,2,0,2,7,255,1125,250,0,0
pre_stim,18508,18508,0,18508,3215809.454,0.833,0.275,0.173,0.448,0,0,0,0,0,0,0,35,53,1.242,1,2052,0,326.143,9.577,61.375,320.313,1.500,-0.480,0.086,0.945,-2.066,9.352,-5.391,2.830,3.174,1.057,1.366,0,NULL,NULL,,2,0,2,7,255,1125,250,0,0
pre_stim,18508,18508,0,18508,3215814.455,0.836,0.267,0.163,0.452,0,0,0,0,0,0,0,40,53,1.242,1,2052,0,334.846,9.413,58.438,329.500,-11.688,-0.488,0.082,0.906,-2.066,9.184,-5.391,2.870,3.216,1.057,1.366,0,NULL,NULL,,2,0,2,7,255,1125,250,0,0
pre_stim,18508,18508,0,18508,3215819.453,0.838,0.257,0.152,0.457,0,0,0,0,0,0,0,37,53,1.242,1,2052,0,343.621,9.094,60.938,337.125,-26.625,-0.457,0.051,0.883,-2.020,8.867,-5.391,2.908,3.256,1.057,1.366,0,NULL,NULL,,2,0,2,7,255,1125,250,0,0
pre_stim,18508,18508,0,18508,3215824.455,0.840,0.248,0.141,0.462,0,0,0,0,0,0,0,39,53,1.242,1,2052,0,351.766,8.532,65.125,343.563,-38.250,-0.398,0.023,0.871,-2.020,8.289,-5.156,2.942,3.294,1.057,1.366,0,NULL,NULL,,2,0,2,7,255,1125,250,0,0
pre_stim,18508,18508,0,18508,3215829.453,0.841,0.238,0.131,0.467,0,0,0,0,0,0,0,43,53,1.242,1,2052,0,359.217,7.790,71.313,349.000,-46.375,-0.313,0.027,0.840,-1.805,7.578,-4.617,2.974,3.328,1.057,1.366,0,NULL,NULL,,2,0,2,7,255,1125,250,0,0
pre_stim,18508,18508,0,18508,3215834.455,0.843,0.227,0.120,0.473,0,0,0,0,0,0,0,40,53,1.242,1,2052,0,366.416,6.802,83.688,352.688,-53.563,-0.207,0.055,0.770,-1.223,6.691,-4.340,3.004,3.360,1.057,1.366,0,NULL,NULL,,2,0,2,7,255,1125,250,0,0
pre_stim,18508,18508,0,18508,3215839.454,0.844,0.216,0.110,0.478,0,0,0,0,0,0,0,44,53,1.242,1,2052,0,373.500,5.536,103.375,354.563,-55.688,-0.102,-0.004,0.754,-0.422,5.520,-4.285,3.028,3.388,1.057,1.366,0,NULL,NULL,,2,0,2,7,255,1125,250,0,0
pre_stim,18530,18530,0,18530,3215844.455,0.846,0.204,0.100,0.483,0,0,0,0,0,0,0,46,53,1.242,1,2052,0,377.367,4.261,125.125,352.438,-50.375,-0.059,0.031,0.816,-0.301,4.250,-3.730,3.052,3.414,1.057,1.366,0,NULL,NULL,,2,0,2,7,255,1125,250,0,0
pre_stim,18530,18530,0,18530,3215849.453,0.847,0.191,0.091,0.487,0,0,0,0,0,0,0,43,53,1.242,1,2052,0,378.727,4.263,142.750,348.000,-44.188,-0.008,0.086,0.953,0.332,4.250,-2.980,3.074,3.440,1.057,1.366,0,NULL,NULL,,2,0,2,7,255,1125,250,0,0
pre_stim,18530,18530,0,18530,3215854.455,0.849,0.178,0.082,0.491,0,0,0,0,0,0,0,43,53,1.242,1,2052,0,374.918,4.306,146.125,343.813,-31.688,0.055,0.082,1.070,1.152,4.148,-1.633,3.098,3.464,1.057,1.366,0,NULL,NULL,,2,0,2,7,255,1125,250,0,0
pre_stim,18530,18530,0,18530,3215859.454,0.850,0.165,0.073,0.494,0,0,0,0,0,0,0,44,53,1.242,1,2052,0,370.464,4.302,149.375,338.625,-16.250,0.059,0.078,1.086,1.523,4.023,-0.246,3.120,3.490,1.057,1.366,0,NULL,NULL,,2,0,2,7,255,1125,250,0,0
pre_stim,18530,18530,0,18530,3215864.455,0.852,0.152,0.064,0.497,0,0,0,0,0,0,0,44,53,1.242,1,2052,0,370.786,4.076,161.000,334.000,-2.250,0.035,0.090,1.133,1.551,3.770,0.039,3.142,3.514,1.057,1.366,0,NULL,NULL,,2,0,2,7,255,1125,250,0,0
pre_stim,18530,18530,0,18530,3215869.453,0.854,0.138,0.055,0.498,0,0,0,0,0,0,0,47,53,1.242,1,2052,0,372.574,4.099,172.688,330.125,2.750,-0.020,0.117,1.207,1.609,3.770,0.512,3.164,3.538,1.057,1.366,0,NULL,NULL,,2,0,2,7,255,1125,250,0,0
pre_stim,18560,18560,0,18560,3215874.455,0.856,0.124,0.047,0.500,0,0,0,0,0,0,0,59,53,1.242,1,2052,0,376.123,4.554,184.625,327.688,1.813,-0.074,0.156,1.320,1.656,4.242,1.141,3.186,3.564,1.057,1.366,0,NULL,NULL,,2,0,2,7,255,1125,250,0,0
pre_stim,18560,18560,0,18560,3215879.453,0.857,0.110,0.039,0.502,0,0,0,0,0,0,0,61,53,1.242,1,2052,0,378.196,5.109,192.125,325.750,2.688,-0.070,0.145,1.527,1.789,4.785,2.172,3.210,3.588,1.057,1.366,0,NULL,NULL,,2,0,2,7,255,1125,250,0,0
pre_stim,18560,18560,0,18560,3215884.455,0.858,0.096,0.031,0.503,0,0,0,0,0,0,0,68,53,1.242,1,2052,0,374.688,5.141,186.000,325.188,6.938,-0.086,0.152,1.703,1.859,4.793,4.316,3.234,3.614,1.057,1.366,0,NULL,NULL,,2,0,2,7,255,1125,250,0,0
pre_stim,18560,18560,0,18560,3215889.454,0.859,0.082,0.023,0.504,0,0,0,0,0,0,0,61,53,1.242,1,2052,0,367.842,5.222,172.000,325.000,9.938,-0.129,0.160,1.816,1.902,4.863,6.113,3.256,3.640,1.057,1.366,0,NULL,NULL,,2,0,2,7,255,1125,250,0,0
pre_stim,18560,18560,0,18560,3215894.455,0.860,0.069,0.014,0.505,0,0,0,0,0,0,0,70,53,1.242,1,2052,0,360.847,5.222,157.563,324.500,9.188,-0.160,0.152,1.871,1.902,4.863,7.277,3.278,3.664,1.057,1.366,0,NULL,NULL,,2,0,2,7,255,1125,250,0,0
pre_stim,18560,18560,0,18560,3215899.453,0.861,0.056,0.005,0.506,0,0,0,0,0,0,0,63,53,1.242,1,2052,0,355.136,5.032,146.375,323.500,6.625,-0.164,0.141,1.895,1.758,4.715,7.949,3.300,3.688,1.057,1.366,0,NULL,NULL,,2,0,2,7,255,1125,250,0,0
pre_stim,18605,18605,0,18605,3215904.455,0.861,0.044,-0.004,0.507,0,0,0,0,0,0,0,67,53,1.242,1,2052,0,350.440,4.531,139.375,321.500,4.563,-0.148,0.125,1.906,1.750,4.180,8.309,3.318,3.708,1.057,1.366,0,NULL,NULL,,2,0,2,7,255,1125,250,0,0
pre_stim,18605,18605,0,18605,3215909.454,0.861,0.031,-0.013,0.508,0,0,0,0,0,0,0,69,53,1.242,1,2052,0,347.008,3.819,135.813,319.313,3.000,-0.125,0.086,1.910,1.734,3.402,8.570,3.334,3.728,1.057,1.366,0,NULL,NULL,,2,0,2,7,255,1125,250,0,0
pre_stim,18605,18605,0,18605,3215914.455,0.860,0.019,-0.022,0.509,0,0,0,0,0,0,0,61,53,1.242,1,2052,0,345.600,2.894,136.500,317.500,1.063,-0.094,0.016,1.910,1.566,2.434,8.746,3.346,3.742,1.057,1.366,0,NULL,NULL,,2,0,2,7,255,1125,250,0,0
pre_stim,18605,18605,0,18605,3215919.453,0.860,0.007,-0.030,0.509,0,0,0,0,0,0,0,60,53,1.242,1,2052,0,346.164,1.728,141.188,316.063,-0.625,-0.047,-0.063,1.910,1.168,1.273,8.863,3.356,3.754,1.057,1.366,0,NULL,NULL,,2,0,2,7,255,1125,250,0,0
pre_stim,18605,18605,0,18605,3215924.455,0.859,-0.006,-0.039,0.510,0,0,0,0,0,0,0,69,53,1.242,1,2052,0,349.038,0.857,149.813,315.250,-1.125,0.020,-0.090,1.902,0.855,-0.051,8.863,3.362,3.760,1.057,1.366,0,NULL,NULL,,2,0,2,7,255,1125,250,0,0
pre_stim,18605,18605,0,18605,3215929.453,0.858,-0.019,-0.047,0.511,0,0,0,0,0,0,0,68,53,1.242,1,2052,0,355.544,1.560,164.500,315.188,-2.875,0.102,-0.129,1.906,0.855,-1.305,8.797,3.360,3.762,1.057,1.366,0,NULL,NULL,,2,0,2,7,255,1125,250,0,0
pre_stim,18628,18628,0,18628,3215934.455,0.857,-0.033,-0.054,0.511,0,0,0,0,0,0,0,71,53,1.242,1,2052,0,365.417,2.918,185.188,315.000,-3.188,0.207,-0.188,1.957,0.930,-2.766,8.797,3.354,3.760,1.057,1.366,0,NULL,NULL,,2,0,2,7,255,1125,250,0,0
pre_stim,18628,18628,0,18628,3215939.454,0.856,-0.047,-0.061,0.512,0,0,0,0,0,0,0,75,53,1.242,1,2052,0,377.228,4.677,207.813,314.813,-2.875,0.363,-0.203,2.070,0.938,-4.582,9.016,3.340,3.748,1.057,1.366,0,NULL,NULL,,2,0,2,7,255,1125,250,0,0
pre_stim,18628,18628,0,18628,3215944.455,0.854,-0.063,-0.068,0.512,0,0,0,0,0,0,0,75,53,1.242,1,2052,0,390.228,6.907,229.375,315.688,-2.500,0.559,-0.191,2.227,1.520,-6.738,9.730,3.314,3.724,1.057,1.366,0,NULL,NULL,,2,0,2,7,255,1125,250,0,0
pre_stim,18628,18628,0,18628,3215949.453,0.852,-0.079,-0.074,0.512,0,0,0,0,0,0,0,71,53,1.242,1,2052,0,402.050,9.615,246.813,317.375,0.813,0.758,-0.176,2.402,2.539,-9.273,10.641,3.280,3.692,1.057,1.366,0,NULL,NULL,,2,0,2,7,255,1125,250,0,0
pre_stim,18628,18628,0,18628,3215954.455,0.850,-0.096,-0.081,0.512,0,0,0,0,0,0,0,73,53,1.242,1,2052,0,411.158,12.420,258.375,319.750,7.313,0.922,-0.195,2.578,3.563,-11.898,11.605,3.234,3.648,1.057,1.366,0,NULL,NULL,,2,0,2,7,255,1125,250,0,0
pre_stim,18628,18628,0,18628,3215959.454,0.848,-0.113,-0.087,0.511,0,0,0,0,0,0,0,75,53,1.242,1,2052,0,416.882,15.101,264.688,321.688,15.750,1.039,-0.234,2.750,4.066,-14.543,12.473,3.174,3.592,1.057,1.366,0,NULL,NULL,,2,0,2,7,255,1125,250,0,0
pre_stim,18656,18656,0,18656,3215964.455,0.845,-0.130,-0.093,0.510,0,0,0,0,0,0,0,77,53,1.242,1,2052,0,418.939,17.457,265.563,323.375,20.375,1.129,-0.227,2.926,4.180,-16.949,13.293,3.104,3.524,1.057,1.366,0,NULL,NULL,,2,0,2,7,255,1125,250,0,0
pre_stim,18656,18656,0,18656,3215969.453,0.842,-0.147,-0.099,0.509,0,0,0,0,0,0,0,73,53,1.242,1,2052,0,414.117,19.534,255.375,325.375,20.188,1.203,-0.191,3.051,4.535,-19.000,14.094,3.026,3.446,1.057,1.366,0,NULL,NULL,,2,0,2,7,255,1125,250,0,0
pre_stim,18656,18656,0,18656,3215974.455,0.840,-0.163,-0.106,0.507,0,0,0,0,0,0,0,71,53,1.242,1,2052,0,401.036,21.301,233.375,325.563,19.375,1.223,-0.172,3.098,5.043,-20.695,14.094,2.936,3.360,1.057,1.366,0,NULL,NULL,,2,0,2,7,255,1125,250,0,0
pre_stim,18656,18656,0,18656,3215979.453,0.837,-0.177,-0.113,0.506,0,0,0,0,0,0,0,75,53,1.242,1,2052,0,380.844,22.375,203.313,321.563,17.438,1.211,-0.094,3.090,5.203,-21.762,14.090,2.840,3.266,1.057,1.366,0,NULL,NULL,,2,0,2,7,255,1125,250,0,0
pre_stim,18656,18656,0,18656,3215984.455,0.834,-0.191,-0.120,0.504,0,0,0,0,0,0,0,71,53,1.242,1,2052,0,360.462,22.820,178.438,313.125,6.750,1.352,0.074,3.113,5.742,-22.086,13.441,2.738,3.166,1.057,1.366,0,NULL,NULL,,2,0,2,7,255,1125,250,0,0
pre_stim,18656,18656,0,18656,3215989.454,0.830,-0.202,-0.128,0.503,0,0,0,0,0,0,0,77,53,1.242,1,2052,0,335.719,24.550,146.875,301.750,-9.063,1.668,0.109,3.105,7.801,-23.277,12.684,2.630,3.058,1.057,1.366,0,NULL,NULL,,2,0,2,7,255,1125,250,0,0
pre_stim,18680,18680,0,18680,3215994.455,0.827,-0.212,-0.136,0.502,0,0,0,0,0,0,0,89,53,1.242,1,2052,0,304.310,27.866,102.313,286.438,-9.500,2.020,-0.074,2.930,9.516,-26.191,10.691,2.510,2.938,1.057,1.366,0,NULL,NULL,,2,0,2,7,255,1125,250,0,0
pre_stim,18680,18680,0,18680,3215999.453,0.825,-0.220,-0.145,0.500,0,0,0,0,0,0,0,119,53,1.242,1,2052,0,273.368,30.815,58.750,266.875,7.500,2.316,-0.258,2.516,9.516,-29.309,6.582,2.380,2.808,1.057,1.366,0,NULL,NULL,,2,0,2,7,255,1125,250,0,0
pre_stim,18711,18711,0,18711,3216004.457,0.824,-0.227,-0.153,0.497,0,0,0,0,0,0,0,141,53,1.242,1,2052,0,249.014,32.010,37.250,244.875,25.625,2.602,-0.348,1.984,9.516,-30.563,0.664,2.244,2.672,1.057,1.366,0,NULL,NULL,,2,0,2,7,255,1125,250,0,0
pre_stim,18711,18711,0,18711,3216009.454,0.822,-0.234,-0.159,0.494,0,0,0,0,0,0,0,165,53,1.242,1,2052,0,230.321,32.111,42.438,223.313,37.125,2.938,-0.406,1.496,9.668,-30.621,-5.996,2.104,2.530,1.057,1.366,0,NULL,NULL,,2,0,2,7,255,1125,250,0,0
pre_stim,18711,18711,0,18711,3216014.455,0.821,-0.241,-0.165,0.491,0,0,0,0,0,0,0,201,53,1.242,1,2052,0,218.577,32.499,65.188,202.688,49.438,3.316,-0.551,1.094,10.563,-30.734,-12.410,1.964,2.388,1.057,1.366,0,NULL,NULL,,2,0,2,7,255,1125,250,0,0
pre_stim,18711,18711,0,18711,3216019.453,0.820,-0.249,-0.168,0.487,0,0,0,0,0,0,0,243,53,1.242,1,2052,0,224.876,33.502,104.938,182.500,79.063,3.645,-0.766,0.703,10.563,-31.793,-18.488,1.824,2.244,1.057,1.366,0,NULL,NULL,,2,0,2,7,255,1125,250,0,0
pre_stim,18711,18711,0,18711,3216024.456,0.820,-0.258,-0.170,0.483,0,0,0,0,0,0,0,246,53,1.242,1,2052,0,234.108,34.260,142.688,151.563,107.125,3.719,-1.320,0.594,10.480,-32.617,-24.313,1.682,2.098,1.057,1.366,0,NULL,NULL,,2,0,2,7,255,1125,250,0,0
pre_stim,18711,18711,0,18711,3216029.453,0.819,-0.268,-0.169,0.478,0,0,0,0,0,0,0,245,53,1.242,1,2052,0,262.313,35.040,182.125,131.125,135.813,3.699,-1.734,0.418,6.258,-34.477,-27.359,1.538,1.952,1.057,1.366,0,NULL,NULL,,2,0,2,7,255,1125,250,0,0
pre_stim,18711,18711,0,18711,3216034.457,0.819,-0.280,-0.166,0.473,0,0,0,0,0,0,0,247,53,1.242,1,2052,0,299.129,34.600,237.625,97.313,153.438,3.438,-1.832,0.594,2.922,-34.477,-28.277,1.392,1.802,1.057,1.366,0,NULL,NULL,,2,0,2,7,255,1125,250,0,0
pre_stim,18711,18711,0,18711,3216039.454,0.818,-0.293,-0.161,0.468,0,0,0,0,0,0,0,243,53,1.242,1,2052,0,340.493,34.685,294.375,65.688,158.000,3.242,-2.180,0.977,1.320,-34.660,-28.277,1.242,1.648,1.057,1.366,0,NULL,NULL,,2,0,2,7,255,1125,250,0,0
pre_stim,18711,18711,0,18711,3216044.455,0.817,-0.308,-0.153,0.464,0,0,0,0,0,0,0,242,53,1.242,1,2052,0,396.226,36.110,352.875,28.500,177.938,2.836,-2.211,1.547,-2.133,-36.047,-25.914,1.084,1.486,1.057,1.366,0,NULL,NULL,,2,0,2,7,255,1125,250,0,0
pre_stim,18711,18711,0,18711,3216049.453,0.815,-0.321,-0.143,0.461,0,0,0,0,0,0,0,245,53,1.242,1,2052,0,383.278,36.839,344.313,-21.500,167.000,2.211,-1.043,3.148,-2.133,-36.777,-20.254,0.926,1.318,1.057,1.366,0,NULL,NULL,,2,0,2,7,255,1125,250,0,0
pre_stim,18739,18739,0,18739,3216054.457,0.816,-0.330,-0.133,0.456,0,0,0,117,0,0,0,382,53,1.242,1,2052,0,320.609,38.431,254.625,-63.313,184.250,1.551,-1.418,4.309,-4.176,-38.203,-1.402,0.766,1.146,1.057,1.366,0,NULL,NULL,,2,0,2,7,255,1125,250,0,0
pre_stim,18739,18739,0,18739,3216059.454,0.817,-0.352,-0.101,0.446,185,0,0,601,0,0,0,389,53,1.242,1,2052,0,926.624,43.173,709.938,-308.375,509.438,0.836,-0.313,8.816,-5.773,-42.785,8.922,0.618,0.976,1.057,1.366,0,NULL,NULL,,2,0,2,7,255,1125,250,0,0
pre_stim,18739,18739,0,18739,3216064.455,0.821,-0.347,-0.093,0.444,815,0,0,1174,0,83,0,425,53,1.242,1,2052,0,241.277,56.421,-50.688,-197.250,129.375,-0.477,0.680,9.773,-8.445,-55.785,49.383,0.486,0.810,1.057,1.366,0,NULL,NULL,,2,0,2,7,255,1125,250,0,0
pre_stim,18739,18739,0,18739,3216069.453,0.838,-0.303,-0.111,0.440,1256,0,0,1528,0,329,0,502,53,1.242,1,2052,0,1161.810,56.421,-1156.625,-109.375,7.563,-0.543,3.234,2.914,-8.445,-55.785,49.383,0.392,0.646,1.057,1.366,0,NULL,NULL,,2,0,2,7,255,1125,250,0,0
pre_stim,18762,18762,0,18762,3216074.455,0.854,-0.256,-0.128,0.435,1677,0,0,1772,0,531,0,541,53,1.242,1,2052,0,1205.661,20.792,-1196.125,-150.875,11.875,-0.023,4.598,-1.734,20.777,0.781,27.797,0.358,0.492,1.057,1.366,0,NULL,NULL,,2,0,2,7,255,1125,250,0,0
pre_stim,18762,18762,0,18762,3216079.453,0.863,-0.231,-0.134,0.430,1975,0,0,1895,0,761,0,586,53,1.242,1,2053,0,640.868,38.216,-623.063,-130.813,73.438,-0.723,2.035,-3.523,20.777,32.074,-10.594,0.392,0.372,1.057,1.366,1,1102.000,-23.000,,2,0,2,7,255,1125,250,0,0
pre_stim,18762,18762,0,18762,3216084.455,0.867,-0.224,-0.129,0.427,2157,0,0,2003,0,891,0,653,53,1.242,1,2053,0,225.984,33.499,-118.188,-172.938,84.813,-1.355,-1.430,-1.762,9.664,32.074,-22.898,0.454,0.318,1.057,1.366,1,NULL,NULL,,2,0,2,7,255,1125,250,0,0
pre_stim,18762,18762,0,18762,3216089.454,0.868,-0.225,-0.120,0.427,2309,0,0,2087,0,1033,0,747,53,1.242,1,2053,0,219.494,13.793,121.125,-173.000,59.813,-0.684,-0.805,1.238,-9.918,9.586,-22.898,0.494,0.332,1.057,1.366,1,NULL,NULL,,2,0,2,7,255,1125,250,0,0
pre_stim,18762,18762,0,18762,3216094.455,0.869,-0.225,-0.113,0.426,2431,0,0,2166,0,1197,0,852,53,1.242,1,2053,0,147.430,9.935,44.188,-128.750,56.625,0.063,2.270,2.422,-9.918,0.574,1.484,0.500,0.376,1.057,1.366,1,NULL,NULL,,2,0,2,7,255,1125,250,0,0
pre_stim,18762,18762,0,18762,3216099.453,0.872,-0.218,-0.112,0.424,2621,0,0,2393,0,1311,0,913,53,1.242,1,2053,0,180.218,18.646,-144.625,-96.250,47.938,0.020,2.793,2.660,18.637,0.574,16.820,0.500,0.414,1.057,1.366,1,NULL,NULL,,2,0,2,7,255,1125,250,0,0
pre_stim,18807,18807,0,18807,3216104.455,0.876,-0.203,-0.115,0.422,2773,0,0,2581,0,1335,0,967,53,1.242,1,2053,0,380.889,18.855,-365.875,-95.938,44.813,-0.855,0.652,1.539,18.637,2.863,16.820,0.510,0.450,1.057,1.366,2,NULL,NULL,,2,0,2,7,255,1125,250,0,0
pre_stim,18807,18807,0,18807,3216109.454,0.883,-0.183,-0.116,0.416,2851,0,0,2728,0,1353,0,1067,53,1.242,1,2053,0,498.211,2.919,-459.063,-155.125,115.813,-1.648,-1.734,-0.344,0.566,2.863,8.340,0.532,0.484,1.057,1.366,2,NULL,NULL,,2,0,2,7,255,1125,250,0,0
pre_stim,18807,18807,0,18807,3216114.456,0.886,-0.168,-0.116,0.417,2921,0,0,2827,0,1371,0,1179,53,1.242,1,2053,0,351.035,23.837,-312.000,-156.188,-38.563,-1.621,-2.035,-1.113,-23.664,2.863,-10.480,0.550,0.514,1.057,1.366,2,NULL,NULL,,2,0,2,7,255,1125,250,0,0
pre_stim,18807,18807,0,18807,3216119.453,0.885,-0.162,-0.111,0.422,2969,0,0,2889,0,1385,0,1259,53,1.242,1,2053,0,215.667,23.772,-43.063,-175.688,-117.438,-0.633,-1.055,-0.320,-23.664,2.262,-12.379,0.542,0.528,1.057,1.366,2,NULL,NULL,,2,0,2,7,255,1125,250,0,0
pre_stim,18807,18807,0,18807,3216124.457,0.883,-0.161,-0.103,0.428,3005,0,0,2954,0,1421,0,1331,53,1.242,1,2053,0,226.756,12.300,68.375,-177.500,-123.438,0.195,-0.551,1.395,-12.277,-0.750,-12.379,0.504,0.522,1.057,1.366,2,NULL,NULL,,2,0,2,7,255,1125,250,0,0
pre_stim,18807,18807,0,18807,3216129.453,0.883,-0.157,-0.098,0.432,3031,0,0,3013,0,1477,0,1358,53,1.242,1,2053,0,175.559,9.750,-20.000,-161.625,-65.563,0.738,-0.703,2.203,-2.227,-9.492,1.418,0.452,0.504,1.057,1.366,2,NULL,NULL,,2,0,2,7,255,1125,250,0,0
pre_stim,18807,18807,0,18807,3216134.456,0.885,-0.149,-0.095,0.431,3055,0,0,3047,0,1561,0,1383,53,1.242,1,2053,0,210.415,16.873,-144.313,-151.125,24.688,0.910,-0.980,1.762,-1.117,-16.836,2.344,0.404,0.478,1.057,1.366,2,NULL,NULL,,2,0,2,7,255,1125,250,0,0
pre_stim,18807,18807,0,18807,3216139.454,0.889,-0.139,-0.093,0.426,3055,0,0,3087,0,1685,0,1402,53,1.242,1,2053,0,267.377,16.873,-199.250,-135.563,115.813,0.602,-1.258,1.047,-1.117,-16.836,2.344,0.372,0.442,1.057,1.366,2,NULL,NULL,,2,0,2,7,255,1125,250,0,0
pre_stim,18829,18829,0,18829,3216144.455,0.894,-0.131,-0.090,0.420,3079,0,0,3107,0,1789,0,1448,53,1.242,1,2053,0,262.503,15.952,-162.250,-126.625,162.938,-0.047,-1.074,0.504,-5.352,-15.027,-3.453,0.356,0.390,1.057,1.366,2,NULL,NULL,,2,0,2,7,255,1125,250,0,0
pre_stim,18829,18829,0,18829,3216149.453,0.897,-0.126,-0.086,0.414,3091,0,0,3123,0,1907,0,1495,53,1.242,1,2053,0,209.400,9.882,-79.188,-126.875,146.563,-0.555,-0.391,0.449,-6.180,-7.711,-4.688,0.356,0.328,1.057,1.366,2,NULL,NULL,,2,0,2,7,255,1125,250,0,0
pre_stim,18829,18829,0,18829,3216154.455,0.899,-0.124,-0.081,0.412,3089,0,0,3141,0,2009,0,1567,53,1.242,1,2053,0,150.021,6.184,-15.625,-128.250,76.250,-0.656,0.250,0.941,-6.180,0.219,-4.688,0.360,0.272,1.057,1.366,2,NULL,NULL,,2,0,2,7,255,1125,250,0,0
pre_stim,18829,18829,0,18829,3216159.454,0.900,-0.121,-0.076,0.412,3087,0,0,3149,53,2111,19,1687,53,1.242,1,2053,0,128.442,2.598,-24.875,-125.188,14.375,-0.449,0.379,1.414,-1.770,1.902,0.969,0.364,0.230,1.057,1.366,2,NULL,NULL,,2,0,2,7,255,1125,250,0,0
pre_stim,18856,18856,0,18856,3216164.457,0.901,-0.115,-0.073,0.412,3093,0,0,3145,309,2201,45,1787,53,1.242,1,2053,0,146.215,2.025,-82.688,-120.063,-11.250,-0.164,0.129,1.461,0.695,1.902,4.559,0.366,0.208,1.057,1.366,2,NULL,NULL,,2,0,2,7,255,1125,250,0,0
pre_stim,18856,18856,1,18856,3216169.453,0.901,-0.110,-0.071,0.413,3100,0,0,3149,537,2249,187,1931,53,1.242,1,2053,0,140.447,1.793,-96.188,-99.750,-22.875,0.148,-0.176,1.652,0.695,-1.652,5.051,0.368,0.196,1.057,1.366,2,NULL,NULL,,2,1,2,7,255,1125,250,0,0
pre_stim,18856,18856,1,18856,3216174.455,0.901,-0.105,-0.070,0.416,3096,0,0,3155,846,2298,155,2013,53,1.242,1,2053,0,116.644,6.094,-81.250,-49.563,-67.438,0.391,-0.176,1.395,0.695,-6.055,4.559,0.370,0.190,1.057,1.366,2,NULL,NULL,,2,1,2,7,255,1125,250,0,0
pre_stim,18856,18856,1,18856,3216179.454,0.900,-0.102,-0.069,0.418,3077,0,0,3149,1031,2311,166,2067,53,1.242,1,2053,0,89.197,6.357,-49.625,-51.813,-53.000,0.668,0.457,0.813,1.938,-6.055,2.477,0.380,0.180,1.057,1.366,2,NULL,NULL,,2,1,2,7,255,1125,250,0,0
pre_stim,18856,18856,1,18856,3216184.457,0.900,-0.102,-0.068,0.419,3081,0,0,3153,1161,2344,183,2119,53,1.242,1,2053,0,38.799,7.085,11.563,-33.250,-16.313,0.457,0.332,1.137,5.965,-3.824,0.426,0.400,0.162,1.057,1.366,2,NULL,NULL,,2,1,2,7,255,1125,250,0,0
pre_stim,18856,18856,1,18856,3216189.453,0.900,-0.100,-0.068,0.418,3083,0,0,3160,1255,2361,203,2171,53,1.242,1,2053,0,44.661,7.054,-36.688,-22.563,11.813,-0.215,-0.281,1.500,5.965,-3.766,0.426,0.426,0.140,1.057,1.366,2,NULL,NULL,,2,1,2,7,255,1125,250,0,0
pre_stim,18905,18905,1,18905,3216194.455,0.900,-0.096,-0.069,0.419,3083,13,0,3161,1373,2376,202,2217,53,1.242,1,2053,0,100.890,4.329,-94.625,-19.688,-28.938,-0.520,-0.215,1.121,-2.621,-3.445,1.758,0.454,0.118,1.057,1.366,2,NULL,NULL,,2,1,2,7,255,1125,250,0,0
pre_stim,18905,18905,1,18905,3216199.453,0.899,-0.093,-0.070,0.423,3081,27,0,3159,1463,2383,204,2249,53,1.242,1,2053,0,115.179,2.622,-63.563,-13.313,-95.125,-0.188,0.160,0.801,-2.621,0.063,1.758,0.476,0.100,1.057,1.366,2,NULL,NULL,,2,1,2,7,255,1125,250,0,0
pre_stim,18905,18905,1,18905,3216204.455,0.897,-0.092,-0.070,0.427,3081,39,0,3160,1531,2391,204,2280,53,1.242,1,2053,0,104.404,0.531,-21.375,-10.750,-101.625,0.188,0.207,0.953,0.527,0.063,-0.930,0.492,0.086,1.057,1.366,2,NULL,NULL,,2,1,2,7,255,1125,250,0,0
pre_stim,18905,18905,1,18905,3216209.454,0.896,-0.090,-0.070,0.429,3080,43,0,3160,1583,2407,191,2301,53,1.242,1,2053,0,60.543,2.631,-28.813,-9.250,-52.438,0.227,-0.074,1.156,1.578,-2.105,-0.930,0.502,0.078,1.057,1.366,2,NULL,NULL,,2,1,2,7,255,1125,250,0,0
pre_stim,18905,18905,1,18905,3216214.456,0.896,-0.088,-0.071,0.429,3080,62,0,3159,1629,2412,197,2328,53,1.242,1,2053,0,62.332,3.459,-60.438,-5.750,-14.125,-0.078,-0.262,1.031,1.578,-3.078,0.035,0.514,0.070,1.057,1.366,2,NULL,NULL,,2,1,2,7,255,1125,250,0,0
pre_stim,18905,18905,1,18905,3216219.453,0.896,-0.085,-0.072,0.430,3080,103,0,3160,1675,2427,205,2348,53,1.242,1,2053,0,63.194,3.554,-58.250,-4.625,-24.063,-0.297,-0.086,0.793,-1.777,-3.078,0.035,0.526,0.060,1.057,1.366,2,NULL,NULL,,2,1,2,7,255,1125,250,0,0
pre_stim,18905,18905,1,18905,3216224.455,0.895,-0.083,-0.073,0.432,3081,110,0,3163,1727,2439,211,2364,53,1.242,1,2053,0,64.053,1.780,-30.188,-5.875,-56.188,-0.219,0.039,0.844,-1.777,0.098,-1.285,0.538,0.050,1.057,1.366,2,NULL,NULL,,2,1,2,7,255,1125,250,0,0
pre_stim,18905,18905,1,18905,3216229.454,0.894,-0.083,-0.073,0.434,3083,131,39,3162,1781,2445,214,2380,53,1.242,1,2053,0,61.656,0.433,-14.875,-5.000,-59.625,0.043,-0.094,0.984,-0.422,0.098,-1.285,0.548,0.040,1.057,1.366,2,NULL,NULL,,2,1,2,7,255,1125,250,0,0
pre_stim,18928,18928,1,18928,3216234.457,0.893,-0.082,-0.073,0.435,3081,143,111,3161,1824,2453,215,2393,53,1.242,1,2053,0,35.025,2.803,-20.563,-3.063,-28.188,0.141,-0.223,1.035,-0.102,-2.801,-0.500,0.558,0.030,1.057,1.366,2,NULL,NULL,,2,1,2,7,255,1125,250,0,0
pre_stim,18928,18928,1,18928,3216239.453,0.894,-0.080,-0.074,0.435,3080,150,166,3160,1877,2459,213,2409,53,1.242,1,2053,0,26.779,2.803,-25.813,-3.313,6.313,-0.023,-0.113,0.965,-0.102,-2.801,-0.500,0.570,0.020,1.057,1.366,2,NULL,NULL,,2,1,2,7,255,1125,250,0,0
pre_stim,18928,18928,1,18928,3216244.457,0.894,-0.080,-0.074,0.435,3087,166,215,3165,1893,2468,186,2415,53,1.242,1,2053,0,19.417,2.385,-19.063,-2.063,3.063,-0.211,0.043,0.938,-0.215,-2.375,-0.398,0.580,0.010,1.057,1.366,2,NULL,NULL,,2,1,2,7,255,1125,250,0,0
pre_stim,18928,18928,1,18928,3216249.454,0.894,-0.079,-0.074,0.436,3083,171,279,3167,1898,2468,182,2421,53,1.242,1,2053,0,17.413,0.215,-6.938,-1.750,-15.875,-0.188,0.082,0.996,-0.215,0.004,-0.398,0.592,0.000,1.057,1.366,2,NULL,NULL,,2,1,2,7,255,1125,250,0,0
pre_stim,18928,18928,1,18928,3216254.455,0.893,-0.079,-0.074,0.436,3091,170,301,3171,1914,2469,177,2413,53,1.242,1,2053,0,22.438,0.305,-4.688,-0.500,-21.938,-0.063,0.004,1.047,0.305,0.004,0.133,0.000,0.000,1.057,1.366,2,NULL,NULL,,2,1,2,7,255,1125,250,0,0
pre_stim,18928,18928,1,18928,3216259.454,0.893,-0.078,-0.074,0.437,3087,171,341,3163,1932,2475,169,2424,53,1.242,1,2053,0,10.024,1.551,-9.000,-0.938,-4.313,-0.012,0.020,1.035,0.461,-1.480,0.168,0.000,0.000,1.057,1.366,2,NULL,NULL,,2,1,2,7,255,1125,250,0,0
pre_stim,18955,18955,1,18955,3216264.455,0.893,-0.078,-0.074,0.436,3087,172,363,3164,1942,2477,158,2428,53,1.171,1,2053,1,14.215,1.551,-9.938,-1.438,10.063,-0.160,0.023,0.988,0.461,-1.480,0.168,0.000,0.000,1.007,1.299,2,NULL,NULL,,2,1,2,7,255,1125,250,0,0
pre_stim,18955,18955,1,18955,3216269.454,0.893,-0.078,-0.074,0.436,3083,171,426,3161,1958,2483,139,2437,53,1.171,1,2053,1,6.788,0.504,-6.688,-0.688,-0.938,-0.242,0.027,0.996,0.016,-0.504,0.168,0.008,0.006,1.007,1.299,2,NULL,NULL,,2,1,2,7,255,1125,250,0,0
pre_stim,18955,18955,1,18955,3216274.455,0.893,-0.077,-0.074,0.437,3081,173,468,3159,1975,2485,135,2439,53,1.171,1,2053,1,10.534,0.426,-2.563,-2.625,-9.875,-0.145,0.063,1.012,0.016,-0.426,0.207,0.018,0.012,1.007,1.299,2,NULL,NULL,,2,1,2,7,255,1125,250,0,0
pre_stim,18955,18955,1,18955,3216279.454,0.893,-0.077,-0.074,0.437,3077,170,476,3156,1982,2484,121,2439,53,1.171,1,2053,1,7.520,0.512,0.313,-2.563,-7.063,-0.102,0.012,1.008,0.285,-0.426,0.207,0.026,0.018,1.007,1.299,2,NULL,NULL,,2,1,2,7,255,1125,250,0,0
pre_stim,18955,18955,1,18955,3216284.455,0.893,-0.077,-0.074,0.437,3077,171,501,3151,1995,2483,120,2441,53,1.171,1,2053,1,2.224,0.976,-0.250,-1.063,-1.938,-0.137,-0.012,1.020,0.285,-0.934,0.207,0.032,0.022,1.007,1.299,2,NULL,NULL,,2,1,2,7,255,1125,250,0,0
pre_stim,18955,18955,1,18955,3216289.453,0.893,-0.077,-0.074,0.437,3063,171,553,3145,2009,2485,119,2443,53,1.171,1,2053,1,4.049,0.935,-1.938,-3.500,-0.625,-0.184,0.043,1.023,0.043,-0.934,0.234,0.038,0.026,1.007,1.299,2,NULL,NULL,,2,1,2,7,255,1125,250,0,0
pre_stim,18980,18980,1,18980,3216294.455,0.893,-0.077,-0.074,0.437,3056,171,575,3131,2023,2483,119,2447,53,1.171,1,2053,1,6.955,0.265,-0.375,-4.688,-5.125,-0.188,0.059,0.984,0.043,-0.262,0.234,0.042,0.028,1.007,1.299,2,NULL,NULL,,2,1,2,7,255,1125,250,0,0
pre_stim,18980,18980,1,18980,3216299.454,0.893,-0.077,-0.073,0.438,3051,168,594,3129,2035,2479,120,2451,53,1.171,1,2053,1,9.909,0.287,3.125,-4.625,-8.188,-0.156,0.035,0.980,0.117,-0.262,0.035,0.046,0.030,1.007,1.299,2,NULL,NULL,,2,1,2,7,255,1125,250,0,0
pre_stim,19011,19011,1,19011,3216304.457,0.893,-0.077,-0.073,0.438,3043,159,617,3123,2053,2479,119,2454,53,1.171,1,2053,1,7.835,0.446,2.500,-5.188,-5.313,-0.133,0.031,1.012,0.121,-0.430,0.035,0.050,0.032,1.007,1.299,2,NULL,NULL,,2,1,2,7,255,1125,250,0,0
pre_stim,19011,19011,1,19011,3216309.454,0.893,-0.077,-0.073,0.438,3033,160,627,3115,2065,2479,120,2459,53,1.171,1,2053,1,6.043,0.613,0.000,-5.938,-1.125,-0.148,0.023,1.004,0.117,-0.602,0.113,0.054,0.032,1.007,1.299,2,NULL,NULL,,2,1,2,7,255,1125,250,0,0
pre_stim,19011,19011,1,19011,3216314.455,0.893,-0.076,-0.072,0.438,3027,155,636,3103,2085,2477,122,2463,53,1.171,1,2053,1,7.003,0.606,0.500,-6.938,-0.813,-0.180,0.023,0.973,0.070,-0.602,0.113,0.056,0.032,1.007,1.299,2,NULL,NULL,,2,1,2,7,255,1125,250,0,0
pre_stim,19011,19011,1,19011,3216319.454,0.893,-0.076,-0.072,0.438,3017,157,654,3091,2103,2477,133,2469,53,1.171,1,2053,1,10.002,0.334,3.688,-8.688,-3.313,-0.199,0.012,0.965,-0.145,-0.301,-0.121,0.058,0.034,1.007,1.299,2,NULL,NULL,,2,1,2,7,255,1125,250,0,0
pre_stim,19011,19011,1,19011,3216324.457,0.893,-0.076,-0.072,0.438,3001,159,669,3079,2125,2477,141,2475,53,1.171,1,2053,1,13.230,0.432,6.563,-10.313,-5.063,-0.207,0.004,0.969,-0.383,-0.199,-0.121,0.062,0.034,1.007,1.299,2,NULL,NULL,,2,1,2,7,255,1125,250,0,0
pre_stim,19011,19011,1,19011,3216329.454,0.893,-0.076,-0.071,0.439,2989,163,694,3061,2150,2479,165,2491,53,1.171,1,2053,1,15.803,0.421,7.625,-12.188,-6.563,-0.215,0.035,0.980,-0.383,-0.176,-0.102,0.064,0.034,1.007,1.299,2,NULL,NULL,,2,1,2,7,255,1125,250,0,0
pre_stim,19011,19011,1,19011,3216334.457,0.892,-0.076,-0.070,0.439,2971,159,755,3047,2181,2480,177,2504,53,1.171,1,2053,1,19.032,0.271,8.813,-14.188,-9.125,-0.199,0.074,0.988,-0.270,0.031,0.039,0.068,0.034,1.007,1.299,2,NULL,NULL,,2,1,2,7,255,1125,250,0,0
pre_stim,19011,19011,1,19011,3216339.453,0.892,-0.076,-0.069,0.439,2953,163,803,3030,2212,2483,217,2514,53,1.171,1,2053,1,20.708,0.114,8.813,-15.688,-10.250,-0.172,0.078,0.996,0.109,0.031,0.082,0.070,0.034,1.007,1.299,2,NULL,NULL,,2,1,2,7,255,1125,250,0,0
pre_stim,19011,19011,1,19011,3216344.455,0.892,-0.076,-0.069,0.440,2935,165,869,3014,2238,2483,241,2533,53,1.171,1,2053,1,20.596,0.313,8.000,-16.938,-8.563,-0.156,0.082,1.004,0.309,-0.051,0.109,0.072,0.034,1.007,1.299,2,NULL,NULL,,2,1,2,7,255,1125,250,0,0
pre_stim,19011,19011,1,19011,3216349.454,0.892,-0.076,-0.068,0.440,2910,165,915,2992,2269,2487,282,2548,53,1.171,1,2053,1,21.035,0.413,7.125,-17.563,-9.125,-0.164,0.117,1.004,0.410,-0.051,0.180,0.074,0.032,1.007,1.299,2,NULL,NULL,,2,1,2,7,255,1125,250,0,0
pre_stim,19040,19040,1,19040,3216354.456,0.892,-0.076,-0.067,0.441,2890,167,959,2973,2303,2495,308,2569,53,1.171,1,2053,1,22.475,0.625,7.313,-17.750,-11.688,-0.152,0.141,1.008,0.613,0.121,0.184,0.076,0.032,1.007,1.299,2,NULL,NULL,,2,1,2,7,255,1125,250,0,0
pre_stim,19040,19040,1,19040,3216359.454,0.892,-0.076,-0.066,0.441,2868,168,1053,2953,2334,2491,371,2584,53,1.171,1,2053,1,23.105,0.876,6.500,-18.313,-12.500,-0.125,0.129,1.016,0.867,0.121,0.223,0.078,0.030,1.007,1.299,2,NULL,NULL,,2,1,2,7,255,1125,250,0,0
pre_stim,19040,19040,1,19040,3216364.456,0.892,-0.076,-0.065,0.442,2844,172,1127,2931,2374,2495,402,2601,53,1.171,1,2053,1,21.902,0.895,5.063,-18.750,-10.125,-0.113,0.117,1.008,0.891,-0.086,0.223,0.078,0.030,1.007,1.299,2,NULL,NULL,,2,1,2,7,255,1125,250,0,0
pre_stim,19040,19040,1,19040,3216369.454,0.891,-0.076,-0.064,0.442,2821,181,1177,2909,2405,2495,443,2614,53,1.171,1,2053,1,20.723,0.903,4.750,-18.750,-7.438,-0.125,0.133,1.004,0.898,-0.086,0.152,0.078,0.028,1.007,1.299,2,NULL,NULL,,2,1,2,7,255,1125,250,0,0
pre_stim,19062,19062,1,19062,3216374.457,0.891,-0.076,-0.063,0.442,2795,199,1257,2885,2437,2502,485,2627,53,1.171,1,2053,1,21.306,0.891,5.188,-18.750,-8.688,-0.152,0.133,1.016,0.891,-0.031,0.152,0.078,0.024,1.007,1.299,2,NULL,NULL,,2,1,2,7,255,1125,250,0,0
pre_stim,19062,19062,1,19062,3216379.453,0.891,-0.076,-0.062,0.443,2759,221,1325,2860,2469,2507,573,2637,53,1.171,1,2053,1,23.221,0.773,4.688,-18.875,-12.688,-0.148,0.133,1.020,0.762,0.133,0.285,0.078,0.022,1.007,1.299,2,NULL,NULL,,2,1,2,7,255,1125,250,0,0
pre_stim,19062,19062,1,19062,3216384.455,0.891,-0.076,-0.061,0.444,2729,225,1428,2841,2501,2509,659,2659,53,1.171,1,2053,1,24.748,0.773,2.625,-18.750,-15.938,-0.141,0.129,1.023,0.762,0.133,0.344,0.078,0.022,1.007,1.299,2,NULL,NULL,,2,1,2,7,255,1125,250,0,0
pre_stim,19062,19062,1,19062,3216389.453,0.891,-0.075,-0.061,0.444,2687,231,1531,2815,2535,2511,789,2671,53,1.171,1,2053,1,26.533,0.764,-0.813,-18.438,-19.063,-0.152,0.113,1.031,0.762,0.063,0.371,0.078,0.022,1.007,1.299,2,NULL,NULL,,2,1,2,7,255,1125,250,0,0
pre_stim,19062,19062,1,19062,3216394.455,0.890,-0.074,-0.060,0.445,2642,237,1627,2793,2553,2515,906,2683,53,1.171,1,2053,1,30.285,0.570,-5.063,-18.500,-23.438,-0.164,0.102,1.039,0.566,0.063,0.434,0.078,0.022,1.007,1.299,2,NULL,NULL,,2,1,2,7,255,1125,250,0,0
pre_stim,19062,19062,1,19062,3216399.454,0.890,-0.074,-0.060,0.446,2597,239,1715,2771,2589,2516,967,2696,53,1.171,1,2053,1,35.405,0.446,-11.125,-18.500,-28.063,-0.148,0.074,1.031,0.441,0.063,0.434,0.080,0.024,1.007,1.299,2,NULL,NULL,,2,1,2,7,255,1125,250,0,0
pre_stim,19108,19108,1,19108,3216404.456,0.889,-0.072,-0.059,0.448,2538,243,1800,2742,2611,2519,1095,2724,53,1.171,1,2053,1,40.578,0.325,-17.813,-18.250,-31.563,-0.141,0.035,1.016,0.273,-0.176,0.426,0.082,0.026,1.007,1.299,2,NULL,NULL,,2,1,2,7,255,1125,250,0,0
pre_stim,19108,19108,1,19108,3216409.454,0.889,-0.071,-0.059,0.449,2470,245,1868,2713,2647,2526,1213,2720,53,1.171,1,2053,1,43.770,0.417,-21.688,-18.438,-33.250,-0.129,-0.008,0.984,0.051,-0.414,0.242,0.082,0.030,1.007,1.299,2,NULL,NULL,,2,1,2,7,255,1125,250,0,0
pre_stim,19108,19108,1,19108,3216414.456,0.888,-0.070,-0.059,0.450,2419,249,1941,2687,2665,2519,1305,2740,53,1.171,1,2053,1,42.595,0.706,-19.313,-18.438,-33.188,-0.125,-0.027,0.973,-0.250,-0.660,-0.117,0.084,0.032,1.007,1.299,2,NULL,NULL,,2,1,2,7,255,1125,250,0,0
pre_stim,19108,19108,0,19108,3216419.454,0.888,-0.069,-0.058,0.451,2364,250,2034,2647,2696,2533,1398,2749,53,1.171,1,2053,1,41.483,0.725,-17.188,-19.000,-32.625,-0.137,-0.012,0.996,-0.301,-0.660,-0.117,0.088,0.034,1.007,1.299,2,NULL,NULL,,2,0,2,7,255,1125,250,0,0
pre_stim,19108,19108,0,19108,3216424.457,0.887,-0.067,-0.058,0.453,2295,254,2103,2610,2716,2530,1505,2775,53,1.171,1,2053,1,44.898,0.662,-20.188,-19.125,-35.250,-0.137,0.008,1.023,-0.301,-0.590,0.031,0.090,0.036,1.007,1.299,2,NULL,NULL,,2,0,2,7,255,1125,250,0,0
pre_stim,19108,19108,0,19108,3216429.453,0.887,-0.066,-0.058,0.454,2219,263,2171,2567,2744,2535,1609,2789,53,1.171,1,2053,1,51.815,0.608,-28.875,-19.938,-38.125,-0.133,-0.004,1.043,-0.148,-0.590,0.309,0.092,0.036,1.007,1.299,2,NULL,NULL,,2,0,2,7,255,1125,250,0,0
pre_stim,19108,19108,0,19108,3216434.455,0.886,-0.063,-0.058,0.456,2125,263,2253,2530,2763,2533,1703,2793,53,1.171,1,2053,1,60.596,0.612,-38.688,-19.750,-42.250,-0.129,-0.027,1.043,-0.148,-0.594,0.469,0.094,0.034,1.007,1.299,2,NULL,NULL,,2,0,2,7,255,1125,250,0,0
pre_stim,19108,19108,0,19108,3216439.453,0.885,-0.061,-0.058,0.457,2056,265,2323,2487,2782,2533,1803,2809,53,1.171,1,2053,1,65.922,0.792,-45.563,-20.250,-43.125,-0.113,-0.039,1.012,-0.324,-0.723,0.469,0.096,0.034,1.007,1.299,2,NULL,NULL,,2,0,2,7,255,1125,250,0,0
pre_stim,19130,19130,0,19130,3216444.455,0.885,-0.059,-0.058,0.459,1961,269,2363,2445,2803,2537,1887,2827,53,1.171,1,2053,1,62.128,0.792,-43.438,-21.375,-38.938,-0.094,0.004,0.957,-0.324,-0.723,0.145,0.098,0.032,1.007,1.299,2,NULL,NULL,,2,0,2,7,255,1125,250,0,0
pre_stim,19130,19130,0,19130,3216449.454,0.884,-0.057,-0.058,0.460,1867,263,2427,2356,2804,2535,1983,2829,53,1.171,1,2053,1,53.514,0.629,-34.438,-22.563,-34.188,-0.098,0.031,0.945,0.102,-0.621,-0.422,0.100,0.030,1.007,1.299,2,NULL,NULL,,2,0,2,7,255,1125,250,0,0
pre_stim,19130,19130,0,19130,3216454.455,0.884,-0.055,-0.058,0.461,1724,267,2488,2283,2835,2539,2057,2857,53,1.171,1,2053,1,51.485,0.404,-30.938,-24.250,-33.250,-0.137,-0.004,1.016,0.102,-0.391,-0.422,0.102,0.028,1.007,1.299,2,NULL,NULL,,2,0,2,7,255,1125,250,0,0
pre_stim,19130,19130,0,19130,3216459.454,0.883,-0.053,-0.057,0.463,1597,255,2521,2187,2844,2533,2109,2848,53,1.171,1,2053,1,56.526,0.411,-34.313,-24.250,-37.813,-0.129,-0.027,1.043,-0.129,-0.391,0.215,0.104,0.026,1.007,1.299,2,NULL,NULL,,2,0,2,7,255,1125,250,0,0
pre_stim,19152,19152,0,19152,3216464.455,0.882,-0.051,-0.057,0.464,1435,237,2569,2094,2859,2545,2173,2867,53,1.171,1,2053,1,57.793,0.562,-35.750,-24.375,-38.313,-0.098,-0.047,1.004,-0.223,-0.516,0.215,0.106,0.024,1.007,1.299,2,NULL,NULL,,2,0,2,7,255,1125,250,0,0
pre_stim,19152,19152,0,19152,3216469.454,0.882,-0.049,-0.057,0.465,1253,225,2595,1991,2877,2528,2247,2874,53,1.171,1,2053,1,54.694,0.794,-34.500,-25.063,-34.250,-0.094,-0.047,1.000,-0.223,-0.762,0.043,0.108,0.022,1.007,1.299,2,NULL,NULL,,2,0,2,7,255,1125,250,0,0
pre_stim,19152,19152,0,19152,3216474.455,0.881,-0.047,-0.057,0.467,1117,223,2629,1827,2888,2533,2309,2879,53,1.171,1,2053,1,50.848,0.785,-30.438,-25.438,-31.813,-0.086,-0.020,0.988,-0.191,-0.762,0.008,0.110,0.020,1.007,1.299,2,NULL,NULL,,2,0,2,7,255,1125,250,0,0
pre_stim,19152,19152,0,19152,3216479.453,0.881,-0.045,-0.056,0.468,921,191,2665,1655,2904,2537,2347,2893,53,1.171,1,2053,1,47.707,0.637,-25.875,-26.438,-30.125,-0.098,-0.023,0.996,0.000,-0.637,-0.020,0.112,0.018,1.007,1.299,2,NULL,NULL,,2,0,2,7,255,1125,250,0,0
pre_stim,19152,19152,0,19152,3216484.455,0.881,-0.044,-0.055,0.469,773,163,2709,1470,2919,2523,2401,2899,53,1.171,1,2053,1,45.193,0.637,-23.813,-27.625,-26.688,-0.086,-0.055,1.004,0.000,-0.637,-0.020,0.114,0.016,1.007,1.299,2,NULL,NULL,,2,0,2,7,255,1125,250,0,0
pre_stim,19152,19152,0,19152,3216489.453,0.880,-0.042,-0.055,0.470,540,109,2740,1305,2939,2521,2447,2903,53,1.171,1,2053,1,43.172,0.583,-22.625,-28.688,-23.000,-0.121,-0.063,1.027,-0.180,-0.555,0.070,0.116,0.014,1.007,1.299,2,NULL,NULL,,2,0,2,7,255,1125,250,0,0
pre_stim,19206,19206,0,19206,3216494.457,0.880,-0.041,-0.054,0.470,373,70,2771,1139,2951,2509,2492,2911,53,1.171,1,2053,1,43.659,0.542,-21.188,-31.500,-21.563,-0.141,-0.016,1.035,-0.180,-0.512,0.340,0.118,0.014,1.007,1.299,2,NULL,NULL,,2,0,2,7,255,1125,250,0,0
pre_stim,19206,19206,0,19206,3216499.454,0.879,-0.039,-0.053,0.471,239,53,2789,931,2970,2503,2539,2922,53,1.171,1,2053,1,45.654,0.247,-19.250,-32.563,-25.563,-0.102,0.008,1.012,-0.121,-0.215,0.340,0.120,0.012,1.007,1.299,2,NULL,NULL,,2,0,2,7,255,1125,250,0,0
pre_stim,19206,19206,0,19206,3216504.455,0.879,-0.038,-0.052,0.472,149,3,2815,715,2975,2485,2573,2933,53,1.171,1,2053,1,42.957,0.327,-10.938,-35.000,-22.375,-0.082,0.008,1.008,0.246,-0.215,0.141,0.122,0.010,1.007,1.299,2,NULL,NULL,,2,0,2,7,255,1125,250,0,0
pre_stim,19206,19206,0,19206,3216509.454,0.879,-0.037,-0.051,0.473,62,0,2823,547,2983,2469,2604,2949,53,1.171,1,2053,1,43.944,0.486,-7.938,-38.250,-20.125,-0.066,0.008,1.055,0.340,-0.348,0.141,0.124,0.010,1.007,1.299,2,NULL,NULL,,2,0,2,7,255,1125,250,0,0
pre_stim,19206,19206,0,19206,3216514.455,0.879,-0.036,-0.049,0.474,38,0,2853,393,2999,2453,2637,2941,53,1.171,1,2053,1,45.528,0.568,-8.438,-41.875,-15.750,-0.066,0.043,1.109,0.449,-0.348,0.539,0.126,0.008,1.007,1.299,2,NULL,NULL,,2,0,2,7,255,1125,250,0,0
pre_stim,19206,19206,0,19206,3216519.454,0.879,-0.034,-0.048,0.474,9,0,2863,296,3004,2426,2659,2956,53,1.171,1,2053,1,48.890,0.541,-14.563,-44.000,-15.563,-0.082,0.012,1.098,0.449,-0.301,0.961,0.128,0.008,1.007,1.299,2,NULL,NULL,,2,0,2,7,255,1125,250,0,0
pre_stim,19206,19206,0,19206,3216524.455,0.878,-0.033,-0.046,0.474,0,0,2871,211,3019,2393,2680,2954,53,1.171,1,2053,1,49.176,0.481,-4.875,-48.375,-7.375,-0.215,-0.090,1.129,0.398,-0.270,1.059,0.130,0.006,1.007,1.299,2,NULL,NULL,,2,0,2,7,255,1125,250,0,0
pre_stim,19206,19206,0,19206,3216529.453,0.878,-0.032,-0.044,0.475,0,0,2875,180,3025,2379,2701,2965,53,1.171,1,2053,1,57.933,1.155,5.125,-57.000,-9.000,-0.285,-0.184,1.195,-1.129,0.242,1.414,0.132,0.006,1.007,1.299,2,NULL,NULL,,2,0,2,7,255,1125,250,0,0
pre_stim,19228,19228,0,19228,3216534.457,0.878,-0.031,-0.042,0.476,0,0,2887,160,3035,2377,2729,2959,53,1.171,1,2053,1,65.160,1.954,13.750,-61.313,-17.250,-0.281,-0.152,1.293,-1.926,0.328,2.176,0.134,0.006,1.007,1.299,2,NULL,NULL,,2,0,2,7,255,1125,250,0,0
pre_stim,19228,19228,0,19228,3216539.453,0.878,-0.030,-0.038,0.476,0,0,2895,125,3035,2330,2773,2966,53,1.171,1,2053,1,75.830,1.973,24.625,-71.063,-9.688,-0.238,0.070,1.504,-1.926,0.430,3.082,0.136,0.006,1.007,1.299,2,NULL,NULL,,2,0,2,7,255,1125,250,0,0
pre_stim,19228,19228,0,19228,3216544.457,0.879,-0.029,-0.035,0.476,0,0,2916,72,3049,2296,2789,2978,53,1.171,1,2053,0,77.788,1.198,9.875,-76.500,10.063,-0.113,0.359,1.539,0.160,1.188,5.070,0.138,0.008,1.007,1.299,3,NULL,NULL,,2,0,2,7,255,1125,250,0,0
pre_stim,19228,19228,0,19228,3216549.454,0.879,-0.027,-0.033,0.475,0,0,2917,56,3067,2247,2807,2979,53,1.171,1,2053,0,86.371,2.279,-36.563,-76.750,15.250,-0.059,0.199,1.289,1.945,1.188,5.070,0.140,0.012,1.007,1.299,3,NULL,NULL,,2,0,2,7,255,1125,250,0,0
pre_stim,19228,19228,0,19228,3216554.455,0.880,-0.024,-0.030,0.474,0,0,2909,29,3067,2201,2828,2978,53,1.171,1,2053,0,94.508,2.071,-35.813,-82.750,28.313,-0.070,0.105,1.168,1.945,0.711,2.809,0.142,0.016,1.007,1.299,3,NULL,NULL,,2,0,2,7,255,1125,250,0,0
pre_stim,19228,19228,0,19228,3216559.454,0.881,-0.021,-0.027,0.472,0,0,2919,0,3063,2135,2855,2976,53,1.171,1,2053,0,104.186,1.269,-18.750,-88.750,51.250,-0.176,0.059,1.168,1.051,0.711,1.727,0.144,0.022,1.007,1.299,3,NULL,NULL,,2,0,2,7,255,1125,250,0,0
pre_stim,19254,19254,0,19254,3216564.455,0.882,-0.019,-0.024,0.470,0,0,2909,0,3067,2065,2869,2972,53,1.171,1,2053,0,101.191,1.149,-7.625,-93.500,37.938,-0.328,0.043,1.191,0.039,1.148,1.727,0.146,0.028,1.007,1.299,3,NULL,NULL,,2,0,2,7,255,1125,250,0,0
pre_stim,19254,19254,0,19254,3216569.454,0.883,-0.017,-0.020,0.470,0,0,2925,0,3095,1983,2885,2980,53,1.171,1,2053,0,102.037,1.925,-4.688,-100.438,17.375,-0.254,0.055,1.309,-0.438,1.875,2.023,0.142,0.032,1.007,1.299,3,NULL,NULL,,2,0,2,7,255,1125,250,0,0
pre_stim,19254,19254,0,19254,3216574.455,0.883,-0.015,-0.017,0.469,0,0,2924,0,3096,1863,2893,2969,53,1.171,1,2053,0,104.835,1.925,-19.125,-102.625,9.625,-0.172,0.008,1.313,-0.438,1.875,3.105,0.140,0.034,1.007,1.299,3,NULL,NULL,,2,0,2,7,255,1125,250,0,0
pre_stim,19254,19254,0,19254,3216579.453,0.883,-0.012,-0.013,0.468,0,0,2923,0,3093,1751,2916,2969,53,1.171,1,2053,0,112.131,1.128,-15.813,-109.125,20.375,-0.098,0.020,1.258,-0.410,1.051,3.105,0.134,0.038,1.007,1.299,3,NULL,NULL,,2,0,2,7,255,1125,250,0,0
pre_stim,19273,19273,0,19273,3216584.455,0.884,-0.009,-0.009,0.467,0,0,2907,0,3097,1635,2935,2972,53,1.171,1,2053,0,121.951,0.988,-24.125,-113.813,36.563,-0.121,0.031,1.266,-0.086,0.984,2.605,0.128,0.044,1.007,1.299,3,NULL,NULL,,2,0,2,7,255,1125,250,0,0
pre_stim,19273,19273,0,19273,3216589.453,0.885,-0.006,-0.005,0.465,0,0,2917,0,3103,1451,2953,2969,53,1.171,1,2053,0,127.802,0.988,-25.813,-118.938,39.000,-0.191,0.051,1.273,-0.086,0.984,2.605,0.124,0.050,1.007,1.299,3,NULL,NULL,,2,0,2,7,255,1125,250,0,0
pre_stim,19273,19273,0,19273,3216594.455,0.886,-0.002,-0.001,0.464,0,0,2902,0,3113,1277,2952,2963,53,1.171,1,2053,0,130.873,1.719,-29.938,-123.188,32.500,-0.191,0.012,1.203,-0.363,1.680,2.605,0.118,0.058,1.007,1.299,3,NULL,NULL,,2,0,2,7,255,1125,250,0,0
pre_stim,19273,19273,0,19273,3216599.454,0.887,0.001,0.003,0.462,0,0,2892,0,3106,1049,2971,2937,53,1.171,1,2053,0,134.724,1.846,-24.063,-129.375,28.875,-0.211,-0.074,1.168,-0.766,1.680,1.984,0.112,0.064,1.007,1.299,3,NULL,NULL,,2,0,2,7,255,1125,250,0,0
pre_stim,19310,19310,0,19310,3216604.455,0.887,0.005,0.008,0.461,0,0,2876,0,3114,890,2975,2933,53,1.171,1,2053,0,138.341,1.814,-21.375,-134.500,24.313,-0.117,-0.063,1.172,-1.059,1.473,1.656,0.104,0.070,1.007,1.299,3,NULL,NULL,,2,0,2,7,255,1125,250,0,0
pre_stim,19310,19310,0,19310,3216609.454,0.888,0.009,0.012,0.460,0,0,2857,0,3112,660,2975,2915,53,1.171,1,2053,0,144.961,1.848,-21.313,-139.250,34.188,-0.148,-0.145,1.137,-1.602,0.922,1.625,0.094,0.078,1.007,1.299,3,NULL,NULL,,2,0,2,7,255,1125,250,0,0
pre_stim,19310,19310,0,19310,3216614.455,0.889,0.012,0.017,0.458,0,0,2847,0,3123,521,2995,2900,53,1.171,1,2053,0,149.096,1.828,-13.125,-145.125,31.563,-0.156,-0.082,1.125,-1.578,0.922,1.332,0.086,0.084,1.007,1.299,3,NULL,NULL,,2,0,2,7,255,1125,250,0,0
pre_stim,19310,19310,0,19310,3216619.454,0.889,0.016,0.023,0.457,0,0,2815,0,3119,396,3005,2877,53,1.171,1,2053,0,154.609,2.186,-19.688,-150.313,30.375,-0.172,-0.180,1.109,-1.938,1.012,1.176,0.078,0.092,1.007,1.299,3,NULL,NULL,,2,0,2,7,255,1125,250,0,0
pre_stim,19310,19310,0,19310,3216624.455,0.890,0.019,0.028,0.456,0,0,2792,0,3117,215,3001,2857,53,1.171,1,2053,0,158.372,2.287,-4.875,-156.250,25.375,-0.125,-0.148,1.090,-2.051,1.012,1.016,0.074,0.102,1.007,1.299,3,NULL,NULL,,2,0,2,7,255,1125,250,0,0
pre_stim,19310,19310,0,19310,3216629.453,0.890,0.022,0.034,0.454,0,0,2760,0,3129,101,3001,2838,53,1.171,1,2053,0,163.650,2.579,-4.125,-162.000,22.813,-0.133,-0.180,1.086,-2.414,0.906,0.809,0.070,0.112,1.007,1.299,3,NULL,NULL,,2,0,2,7,255,1125,250,0,0
pre_stim,19310,19310,0,19310,3216634.457,0.890,0.025,0.041,0.453,0,0,2717,0,3128,56,3006,2804,53,1.171,1,2053,0,169.667,2.242,11.688,-167.625,23.500,-0.109,-0.086,1.176,-2.051,0.906,0.809,0.066,0.124,1.007,1.299,3,NULL,NULL,,2,0,2,7,255,1125,250,0,0
pre_stim,19310,19310,0,19310,3216639.454,0.890,0.028,0.047,0.452,0,0,2665,0,3124,0,3015,2764,53,1.171,1,2053,0,174.847,2.229,11.563,-173.813,15.063,-0.156,0.004,1.254,-1.684,1.461,1.578,0.064,0.136,1.007,1.299,3,NULL,NULL,,2,0,2,7,255,1125,250,0,0
pre_stim,19310,19310,0,19310,3216644.455,0.890,0.031,0.054,0.451,0,0,2620,0,3125,0,3022,2730,53,1.171,1,2053,0,181.645,2.878,11.063,-181.000,10.563,-0.129,0.031,1.324,-1.355,2.539,2.223,0.064,0.148,1.007,1.299,3,NULL,NULL,,2,0,2,7,255,1125,250,0,0
pre_stim,19310,19310,0,19310,3216649.453,0.890,0.034,0.062,0.450,0,0,2550,0,3115,0,3021,2693,53,1.171,1,2053,0,188.403,2.954,12.375,-187.938,4.688,-0.164,0.074,1.453,-1.199,2.699,2.875,0.064,0.162,1.007,1.299,3,NULL,NULL,,2,0,2,7,255,1125,250,0,0
pre_stim,19340,19340,0,19340,3216654.457,0.890,0.038,0.070,0.450,0,0,2518,0,3119,0,3031,2644,53,1.171,1,2053,0,197.982,3.763,11.750,-197.625,1.813,-0.246,0.066,1.668,-1.199,3.566,4.023,0.064,0.172,1.007,1.299,3,NULL,NULL,,2,0,2,7,255,1125,250,0,0
pre_stim,19340,19340,0,19340,3216659.454,0.889,0.042,0.078,0.449,0,0,2396,0,3115,0,3013,2589,53,1.171,1,2053,0,210.111,5.053,0.875,-210.063,-4.438,-0.305,0.086,1.887,-2.027,4.629,5.938,0.062,0.186,1.007,1.299,3,NULL,NULL,,2,0,2,7,255,1125,250,0,0
pre_stim,19340,19340,0,19340,3216664.457,0.888,0.047,0.086,0.449,0,0,2293,0,3101,0,3017,2521,53,1.171,1,2053,0,226.849,6.324,-16.250,-226.250,-2.688,-0.387,0.145,2.070,-2.555,5.785,7.844,0.060,0.200,1.007,1.299,3,NULL,NULL,,2,0,2,7,255,1125,250,0,0
pre_stim,19340,19340,0,19340,3216669.454,0.887,0.053,0.095,0.448,0,0,2173,0,3107,0,3011,2443,53,1.171,1,2053,0,247.673,7.805,-30.500,-245.750,4.313,-0.379,0.348,2.207,-2.555,7.375,9.305,0.060,0.218,1.007,1.299,3,NULL,NULL,,2,0,2,7,255,1125,250,0,0
pre_stim,19363,19363,0,19363,3216674.455,0.886,0.060,0.104,0.447,0,0,2015,0,3079,0,2999,2350,53,1.171,1,2053,0,270.948,9.262,-53.000,-265.625,6.875,-0.449,0.527,2.230,-1.563,9.129,10.117,0.064,0.236,1.007,1.299,3,NULL,NULL,,2,0,2,7,255,1125,250,0,0
pre_stim,19363,19363,0,19363,3216679.453,0.885,0.069,0.114,0.446,0,0,1843,0,3067,0,2980,2258,53,1.171,1,2053,0,297.934,11.189,-74.875,-288.125,11.938,-0.496,0.590,2.270,-0.797,11.160,10.117,0.074,0.260,1.007,1.299,3,NULL,NULL,,2,0,2,7,255,1125,250,0,0
pre_stim,19363,19363,0,19363,3216684.455,0.884,0.078,0.124,0.445,0,0,1721,0,3039,0,2955,2148,53,1.171,1,2053,0,322.742,12.478,-92.250,-309.188,7.438,-0.480,0.652,2.320,-0.781,12.453,10.117,0.092,0.288,1.007,1.299,3,NULL,NULL,,2,0,2,7,255,1125,250,0,0
pre_stim,19363,19363,0,19363,3216689.454,0.882,0.089,0.134,0.444,0,0,1631,0,3021,0,2932,2028,53,1.171,1,2053,0,347.397,13.354,-114.063,-328.125,-2.875,-0.457,0.664,2.285,-0.422,13.348,10.066,0.118,0.318,1.007,1.299,3,NULL,NULL,,2,0,2,7,255,1125,250,0,0
pre_stim,19363,19363,0,19363,3216694.456,0.879,0.101,0.145,0.442,0,0,1545,0,2983,6,2891,1913,53,1.171,1,2053,0,369.953,13.718,-120.875,-349.625,4.125,-0.488,0.734,2.387,-0.316,13.715,9.898,0.152,0.356,1.007,1.299,3,NULL,NULL,,2,0,2,7,255,1125,250,0,0
pre_stim,19363,19363,0,19363,3216699.453,0.876,0.113,0.157,0.441,0,0,1447,0,2949,0,2829,1786,53,1.171,1,2053,0,387.055,15.237,-124.438,-366.500,2.063,-0.535,0.863,2.555,-0.262,15.234,9.898,0.192,0.402,1.007,1.299,3,NULL,NULL,,2,0,2,7,255,1125,250,0,0
pre_stim,19406,19406,0,19406,3216704.455,0.873,0.125,0.169,0.440,0,0,1343,0,2876,0,2744,1685,53,1.171,1,2053,0,409.192,17.518,-137.938,-384.875,-16.813,-0.547,0.758,2.688,-0.262,17.516,10.605,0.240,0.452,1.007,1.299,3,NULL,NULL,,2,0,2,7,255,1125,250,0,0
pre_stim,19406,19406,0,19406,3216709.454,0.869,0.138,0.182,0.439,0,0,1252,0,2810,0,2637,1561,53,1.171,1,2053,0,434.529,18.251,-145.500,-408.938,-20.375,-0.609,0.602,2.836,-1.215,18.211,11.254,0.296,0.510,1.007,1.299,3,NULL,NULL,,2,0,2,7,255,1125,250,0,0
pre_stim,19406,19406,0,19406,3216714.457,0.864,0.153,0.195,0.438,0,0,1113,0,2729,0,2477,1425,53,1.171,1,2053,0,454.176,19.420,-159.063,-424.688,-24.813,-0.703,0.652,2.883,-3.211,19.152,11.254,0.358,0.574,1.007,1.299,3,NULL,NULL,,2,0,2,7,255,1125,250,0,0
pre_stim,19406,19406,0,19406,3216719.453,0.859,0.167,0.208,0.438,0,0,952,0,2613,0,2280,1275,53,1.171,1,2053,0,466.096,21.358,-163.313,-434.313,-44.125,-0.680,0.508,2.926,-3.566,21.059,10.906,0.428,0.646,1.007,1.299,3,NULL,NULL,,2,0,2,7,255,1125,250,0,0
pre_stim,19406,19406,0,19406,3216724.456,0.852,0.181,0.222,0.438,0,0,801,0,2475,0,2039,1105,53,1.171,1,2053,0,475.029,21.605,-167.375,-440.438,-60.438,-0.574,0.250,2.914,-4.828,21.059,10.703,0.506,0.726,1.007,1.299,3,NULL,NULL,,2,0,2,7,255,1125,250,0,0
pre_stim,19406,19406,0,19406,3216729.454,0.846,0.196,0.236,0.437,0,0,653,0,2280,0,1764,944,53,1.171,1,2053,0,489.729,20.875,-174.563,-455.063,-47.750,-0.504,-0.039,2.824,-6.516,19.832,10.629,0.592,0.812,1.007,1.299,3,NULL,NULL,,2,0,2,7,255,1125,250,0,0
pre_stim,19406,19406,0,19406,3216734.457,0.839,0.212,0.250,0.435,0,0,455,0,2053,0,1399,839,53,1.171,1,2053,0,513.219,20.149,-194.500,-474.813,-10.813,-0.410,-0.355,2.379,-8.480,18.277,9.801,0.684,0.906,1.007,1.299,3,NULL,NULL,,2,0,2,7,255,1125,250,0,0
pre_stim,19406,19406,0,19406,3216739.453,0.832,0.228,0.264,0.432,0,0,253,0,1751,0,921,693,53,1.171,1,2053,0,525.403,17.058,-184.000,-492.125,-2.375,-0.234,-0.516,1.758,-9.172,14.383,6.574,0.780,1.004,1.007,1.299,3,NULL,NULL,,2,0,2,7,255,1125,250,0,0
pre_stim,19429,19429,0,19429,3216744.455,0.825,0.242,0.280,0.426,0,0,119,0,1389,0,349,533,53,1.171,1,2053,0,520.320,13.197,-115.938,-506.938,17.500,-0.188,-0.555,1.387,-9.172,9.488,2.570,0.878,1.106,1.007,1.299,3,NULL,NULL,,2,0,2,7,255,1125,250,0,0
pre_stim,19429,19429,0,19429,3216749.453,0.819,0.254,0.296,0.420,0,0,40,0,1021,0,91,425,53,1.171,1,2053,0,510.065,12.865,-51.063,-506.375,33.813,-0.191,-0.063,1.441,-8.688,9.488,-0.250,0.976,1.208,1.007,1.299,3,NULL,NULL,,2,0,2,7,255,1125,250,0,0
pre_stim,19429,19429,0,19429,3216754.455,0.814,0.265,0.313,0.412,0,0,29,0,613,0,0,343,53,1.171,1,2053,0,506.346,11.403,-12.063,-502.438,61.625,-0.414,0.285,1.855,-4.957,10.270,-1.262,1.068,1.302,1.007,1.299,3,NULL,NULL,,2,0,2,7,255,1125,250,0,0
pre_stim,19429,19429,0,19429,3216759.454,0.809,0.277,0.328,0.402,0,0,17,0,219,0,0,243,53,1.171,1,2053,0,516.796,16.784,-54.875,-500.625,115.938,-0.648,0.660,1.902,-4.434,16.188,-1.309,1.152,1.388,1.007,1.299,3,NULL,NULL,,2,0,2,7,255,1125,250,0,0
pre_stim,19455,19455,0,19455,3216764.455,0.803,0.291,0.343,0.391,0,0,0,0,0,0,0,153,53,1.171,1,2053,0,536.304,20.032,-81.875,-511.313,139.563,-0.977,0.539,1.742,-4.434,19.535,-4.234,1.226,1.466,1.007,1.299,3,NULL,NULL,,2,0,2,7,255,1125,250,0,0
pre_stim,19455,19455,0,19455,3216769.453,0.797,0.305,0.357,0.380,0,0,0,0,0,0,0,74,53,1.171,1,2053,0,540.356,20.368,-79.750,-511.563,154.688,-1.191,0.570,1.641,-5.102,19.719,-8.320,1.294,1.538,1.007,1.299,3,NULL,NULL,,2,0,2,7,255,1125,250,0,0
pre_stim,19455,19455,0,19455,3216774.455,0.790,0.319,0.369,0.370,0,0,0,0,0,0,0,12,53,1.171,1,2053,0,519.578,20.383,-122.500,-487.875,130.125,-0.918,1.094,1.473,-5.102,19.734,-11.566,1.366,1.612,1.007,1.299,4,NULL,NULL,,2,0,2,7,255,1125,250,0,0
pre_stim,19455,19455,0,19455,3216779.454,0.782,0.335,0.380,0.364,0,0,0,0,0,0,0,36,53,1.171,1,2053,0,484.324,19.735,-199.875,-433.375,82.500,-0.531,1.402,1.156,0.109,19.734,-12.320,1.446,1.694,1.007,1.299,0,NULL,NULL,,2,0,2,7,255,1125,250,0,0
pre_stim,19455,19455,0,19455,3216784.456,0.773,0.351,0.387,0.360,0,0,0,0,0,0,0,61,53,1.171,1,2053,0,459.570,18.062,-247.500,-381.125,68.500,-0.156,0.961,0.867,4.426,17.512,-12.320,1.536,1.786,1.007,1.299,0,NULL,NULL,,2,0,2,7,255,1125,250,0,0
pre_stim,19455,19455,0,19455,3216789.453,0.766,0.363,0.393,0.356,0,0,0,0,0,0,0,90,53,1.171,1,2053,0,363.728,12.699,-201.563,-296.563,61.000,0.008,0.215,0.918,4.426,11.902,-9.930,1.630,1.882,1.007,1.299,0,NULL,NULL,,2,0,2,7,255,1125,250,0,0
pre_stim,19506,19506,0,19506,3216794.455,0.761,0.372,0.397,0.353,0,0,0,0,0,0,0,105,53,1.171,1,2053,0,259.560,10.124,-135.250,-210.063,70.375,-0.313,-0.176,1.203,-1.148,10.059,-7.230,1.724,1.978,1.007,1.299,0,NULL,NULL,,2,0,2,7,255,1125,250,0,0
pre_stim,19506,19506,0,19506,3216799.454,0.758,0.380,0.398,0.351,0,0,0,0,0,0,0,128,53,1.171,1,2053,0,204.088,12.016,-146.813,-128.063,60.813,-0.715,0.055,1.535,-6.574,10.059,-7.230,1.812,2.068,1.007,1.299,0,NULL,NULL,,2,0,2,7,255,1125,250,0,0
pre_stim,19506,19506,0,19506,3216804.455,0.754,0.389,0.395,0.354,0,0,0,0,0,0,0,121,53,1.171,1,2053,0,232.717,14.089,-229.063,-35.563,20.563,-0.723,0.168,1.188,-6.574,12.461,-10.246,1.886,2.146,1.007,1.299,0,NULL,NULL,,2,0,2,7,255,1125,250,0,0
pre_stim,19506,19506,0,19506,3216809.454,0.750,0.397,0.389,0.359,0,0,0,0,0,0,0,101,53,1.171,1,2053,0,283.445,13.505,-277.750,55.938,8.188,-0.531,0.391,0.375,-5.207,12.461,-12.117,1.946,2.206,1.007,1.299,0,NULL,NULL,,2,0,2,7,255,1125,250,0,0
pre_stim,19506,19506,0,19506,3216814.455,0.748,0.403,0.380,0.365,0,0,0,0,0,0,0,71,53,1.171,1,2053,0,265.439,5.919,-229.313,132.188,20.000,-0.516,0.707,-0.313,-0.090,5.918,-14.215,1.992,2.256,1.007,1.299,0,NULL,NULL,,2,0,2,7,255,1125,250,0,0
pre_stim,19506,19506,0,19506,3216819.453,0.750,0.403,0.372,0.370,0,0,0,0,0,0,0,59,53,1.171,1,2053,0,218.728,3.925,-112.500,186.813,16.938,-0.652,0.695,-0.281,3.555,1.664,-17.656,2.036,2.302,1.007,1.299,0,NULL,NULL,,2,0,2,7,255,1125,250,0,0
pre_stim,19506,19506,0,19506,3216824.458,0.752,0.401,0.364,0.375,0,0,0,0,0,0,0,43,53,1.171,1,2053,0,229.043,3.925,-43.750,224.813,-2.438,-0.711,0.363,0.301,3.555,1.664,-17.656,2.080,2.348,1.007,1.299,0,NULL,NULL,,2,0,2,7,255,1125,250,0,0
pre_stim,19506,19506,0,19506,3216829.454,0.755,0.399,0.355,0.381,0,0,0,0,0,0,0,37,53,1.171,1,2053,0,259.731,5.829,-61.250,252.188,-10.500,-0.594,0.125,0.578,-0.832,5.770,-15.754,2.122,2.394,1.007,1.299,0,NULL,NULL,,2,0,2,7,255,1125,250,0,0
pre_stim,19528,19528,0,19528,3216834.458,0.757,0.397,0.345,0.387,0,0,0,0,0,0,0,34,53,1.171,1,2053,0,285.942,6.052,-95.750,269.375,5.625,-0.457,0.121,0.371,-1.828,5.770,-12.758,2.160,2.432,1.007,1.299,0,NULL,NULL,,2,0,2,7,255,1125,250,0,0
pre_stim,19528,19528,0,19528,3216839.453,0.760,0.396,0.334,0.392,0,0,0,0,0,0,0,39,53,1.171,1,2053,0,294.602,5.294,-93.125,277.875,30.063,-0.430,0.258,-0.004,-1.828,4.969,-12.758,2.192,2.468,1.007,1.299,0,NULL,NULL,,2,0,2,7,255,1125,250,0,0
pre_stim,19528,19528,0,19528,3216844.456,0.764,0.393,0.323,0.397,0,0,0,0,0,0,0,22,53,1.171,1,2053,0,289.836,2.211,-55.875,281.438,40.938,-0.473,0.367,-0.207,0.133,2.207,-14.191,2.226,2.506,1.007,1.299,0,NULL,NULL,,2,0,2,7,255,1125,250,0,0
pre_stim,19528,19528,0,19528,3216849.454,0.768,0.389,0.312,0.401,0,0,0,0,0,0,0,22,53,1.171,1,2053,0,286.732,1.726,-14.938,283.500,40.250,-0.453,0.367,-0.184,1.125,1.309,-15.547,2.266,2.546,1.007,1.299,0,NULL,NULL,,2,0,2,7,255,1125,250,0,0
pre_stim,19528,19528,0,19528,3216854.457,0.773,0.384,0.302,0.404,0,0,0,0,0,0,0,19,53,1.171,1,2053,0,288.992,1.726,9.875,285.500,43.688,-0.379,0.324,-0.086,1.125,1.309,-15.547,2.304,2.586,1.007,1.299,0,NULL,NULL,,2,0,2,7,255,1125,250,0,0
pre_stim,19528,19528,0,19528,3216859.454,0.778,0.379,0.292,0.407,0,0,0,0,0,0,0,18,53,1.171,1,2053,0,293.349,2.039,23.250,287.063,55.750,-0.340,0.289,-0.027,0.934,1.813,-14.285,2.336,2.622,1.007,1.299,0,NULL,NULL,,2,0,2,7,255,1125,250,0,0
pre_stim,19554,19554,0,19554,3216864.455,0.783,0.373,0.282,0.410,0,0,0,0,0,0,0,25,53,1.171,1,2053,0,297.125,2.225,37.813,286.875,67.500,-0.383,0.289,0.008,0.719,2.105,-13.633,2.364,2.652,1.007,1.299,0,NULL,NULL,,2,0,2,7,255,1125,250,0,0
pre_stim,19554,19554,0,19554,3216869.454,0.789,0.367,0.272,0.412,0,0,0,0,0,0,0,27,53,1.171,1,2053,0,298.700,2.672,55.000,285.188,69.750,-0.434,0.277,0.086,0.406,2.641,-13.555,2.386,2.676,1.007,1.299,0,NULL,NULL,,2,0,2,7,255,1125,250,0,0
pre_stim,19554,19554,0,19554,3216874.455,0.794,0.360,0.263,0.413,0,0,0,0,0,0,0,26,53,1.171,1,2053,0,298.592,3.535,69.063,283.000,65.563,-0.426,0.254,0.199,-0.035,3.535,-13.477,2.404,2.696,1.007,1.299,0,NULL,NULL,,2,0,2,7,255,1125,250,0,0
pre_stim,19554,19554,0,19554,3216879.453,0.799,0.353,0.253,0.415,0,0,0,0,0,0,0,28,53,1.171,1,2053,0,298.370,4.382,77.188,281.438,62.125,-0.379,0.242,0.316,-0.313,4.371,-12.574,2.420,2.714,1.007,1.299,0,NULL,NULL,,2,0,2,7,255,1125,250,0,0
pre_stim,19573,19573,0,19573,3216884.455,0.805,0.346,0.244,0.417,0,0,0,0,0,0,0,21,53,1.171,1,2053,0,299.396,5.092,81.625,281.563,60.813,-0.352,0.242,0.426,-0.313,5.082,-11.391,2.434,2.730,1.007,1.299,0,NULL,NULL,,2,0,2,7,255,1125,250,0,0
pre_stim,19573,19573,0,19573,3216889.453,0.810,0.338,0.235,0.418,0,0,0,0,0,0,0,12,53,1.171,1,2053,0,301.282,5.821,84.250,283.375,58.063,-0.371,0.230,0.547,-0.316,5.813,-10.383,2.446,2.744,1.007,1.299,0,NULL,NULL,,2,0,2,7,255,1125,250,0,0
pre_stim,19573,19573,0,19573,3216894.455,0.815,0.330,0.226,0.420,0,0,0,0,0,0,0,23,53,1.171,1,2053,0,303.137,6.791,83.438,287.063,50.250,-0.406,0.215,0.676,-0.535,6.770,-9.570,2.460,2.762,1.007,1.299,0,NULL,NULL,,2,0,2,7,255,1125,250,0,0
pre_stim,19573,19573,0,19573,3216899.454,0.819,0.322,0.216,0.423,0,0,0,0,0,0,0,19,53,1.171,1,2053,0,305.739,7.879,77.750,293.188,38.375,-0.422,0.219,0.785,-0.930,7.824,-8.734,2.478,2.782,1.007,1.299,0,NULL,NULL,,2,0,2,7,255,1125,250,0,0
pre_stim,19609,19609,0,19609,3216904.456,0.823,0.314,0.207,0.426,0,0,0,0,0,0,0,21,53,1.171,1,2053,0,309.885,8.729,69.438,300.938,25.375,-0.426,0.246,0.867,-0.930,8.680,-7.910,2.498,2.806,1.007,1.299,0,NULL,NULL,,2,0,2,7,255,1125,250,0,0
pre_stim,19609,19609,0,19609,3216909.454,0.827,0.306,0.196,0.429,0,0,0,0,0,0,0,23,53,1.171,1,2053,0,316.376,9.350,60.313,310.313,12.750,-0.418,0.258,0.922,-0.789,9.316,-7.211,2.522,2.832,1.007,1.299,0,NULL,NULL,,2,0,2,7,255,1125,250,0,0
pre_stim,19609,19609,0,19609,3216914.455,0.830,0.298,0.186,0.433,0,0,0,0,0,0,0,29,53,1.171,1,2053,0,324.846,9.604,51.813,320.688,0.000,-0.410,0.242,0.945,-0.582,9.586,-6.578,2.550,2.862,1.007,1.299,0,NULL,NULL,,2,0,2,7,255,1125,250,0,0
pre_stim,19609,19609,0,19609,3216919.454,0.833,0.290,0.175,0.438,0,0,0,0,0,0,0,24,53,1.171,1,2053,0,334.676,9.603,45.000,331.375,-13.188,-0.395,0.219,0.941,-0.574,9.586,-6.059,2.582,2.896,1.007,1.299,0,NULL,NULL,,2,0,2,7,255,1125,250,0,0
pre_stim,19609,19609,0,19609,3216924.457,0.835,0.282,0.164,0.443,0,0,0,0,0,0,0,33,53,1.171,1,2053,0,345.113,9.309,41.188,341.625,-26.438,-0.340,0.215,0.906,-0.547,9.293,-5.688,2.620,2.936,1.007,1.299,0,NULL,NULL,,2,0,2,7,255,1125,250,0,0
pre_stim,19609,19609,0,19609,3216929.453,0.837,0.273,0.153,0.449,0,0,0,0,0,0,0,43,53,1.171,1,2053,0,355.619,8.595,41.625,351.063,-38.563,-0.223,0.191,0.836,-0.168,8.594,-5.387,2.660,2.978,1.007,1.299,0,NULL,NULL,,2,0,2,7,255,1125,250,0,0
pre_stim,19609,19609,0,19609,3216934.457,0.839,0.264,0.141,0.455,0,0,0,0,0,0,0,45,53,1.171,1,2053,0,363.818,7.219,48.438,358.125,-42.000,-0.137,0.141,0.754,0.410,7.207,-5.047,2.702,3.024,1.007,1.299,0,NULL,NULL,,2,0,2,7,255,1125,250,0,0
pre_stim,19609,19609,0,19609,3216939.454,0.841,0.254,0.130,0.460,0,0,0,0,0,0,0,47,53,1.171,1,2053,0,368.139,5.803,62.000,360.813,-38.688,-0.125,0.176,0.719,0.547,5.777,-5.047,2.748,3.070,1.007,1.299,0,NULL,NULL,,2,0,2,7,255,1125,250,0,0
pre_stim,19609,19609,0,19609,3216944.455,0.842,0.244,0.119,0.466,0,0,0,0,0,0,0,40,53,1.171,1,2053,0,372.325,5.563,78.500,361.625,-41.125,-0.090,0.207,0.715,0.977,5.477,-4.945,2.794,3.120,1.007,1.299,0,NULL,NULL,,2,0,2,7,255,1125,250,0,0
pre_stim,19609,19609,0,19609,3216949.453,0.844,0.233,0.108,0.471,0,0,0,0,0,0,0,48,53,1.171,1,2053,0,375.894,5.411,98.938,360.250,-41.563,-0.027,0.168,0.758,1.512,5.195,-4.922,2.838,3.166,1.007,1.299,0,NULL,NULL,,2,0,2,7,255,1125,250,0,0
pre_stim,19640,19640,0,19640,3216954.456,0.846,0.221,0.098,0.476,0,0,0,0,0,0,0,49,53,1.171,1,2053,0,376.329,4.900,117.438,355.688,-36.313,0.027,0.191,0.848,1.641,4.617,-4.055,2.880,3.212,1.007,1.299,0,NULL,NULL,,2,0,2,7,255,1125,250,0,0
pre_stim,19640,19640,0,19640,3216959.454,0.848,0.208,0.088,0.480,0,0,0,0,0,0,0,55,53,1.171,1,2053,0,377.451,5.082,135.125,350.875,-33.125,0.043,0.254,0.871,2.254,4.555,-3.023,2.922,3.254,1.007,1.299,0,NULL,NULL,,2,0,2,7,255,1125,250,0,0
pre_stim,19640,19640,0,19640,3216964.456,0.849,0.195,0.079,0.484,0,0,0,0,0,0,0,56,53,1.171,1,2053,0,379.224,5.372,153.313,345.750,-27.625,0.121,0.207,0.992,2.879,4.535,-2.820,2.958,3.294,1.007,1.299,0,NULL,NULL,,2,0,2,7,255,1125,250,0,0
pre_stim,19640,19640,0,19640,3216969.454,0.851,0.182,0.070,0.487,0,0,0,0,0,0,0,47,53,1.171,1,2053,0,377.942,5.039,163.250,340.625,-12.813,0.121,0.180,1.121,2.965,4.074,-1.234,2.992,3.330,1.007,1.299,0,NULL,NULL,,2,0,2,7,255,1125,250,0,0
pre_stim,19661,19661,0,19661,3216974.455,0.853,0.169,0.061,0.489,0,0,0,0,0,0,0,52,53,1.171,1,2053,0,375.140,5.039,168.063,335.375,3.000,0.082,0.180,1.281,2.965,4.074,0.129,3.020,3.360,1.007,1.299,0,NULL,NULL,,2,0,2,7,255,1125,250,0,0
pre_stim,19661,19661,0,19661,3216979.453,0.855,0.155,0.052,0.492,0,0,0,0,0,0,0,61,53,1.171,1,2053,0,371.918,5.471,167.250,332.125,6.563,-0.008,0.211,1.332,2.910,4.633,1.605,3.046,3.390,1.007,1.299,0,NULL,NULL,,2,0,2,7,255,1125,250,0,0
pre_stim,19661,19661,0,19661,3216984.455,0.857,0.142,0.044,0.494,0,0,0,0,0,0,0,59,53,1.171,1,2053,0,370.988,5.979,171.438,329.000,-0.188,-0.059,0.227,1.340,2.832,5.266,1.941,3.070,3.416,1.007,1.299,0,NULL,NULL,,2,0,2,7,255,1125,250,0,0
pre_stim,19661,19661,0,19661,3216989.454,0.858,0.128,0.036,0.496,0,0,0,0,0,0,0,61,53,1.171,1,2053,0,374.810,5.953,185.000,325.938,-4.688,-0.012,0.191,1.445,2.777,5.266,2.020,3.092,3.440,1.007,1.299,0,NULL,NULL,,2,0,2,7,255,1125,250,0,0
pre_stim,19661,19661,0,19661,3216994.457,0.859,0.114,0.028,0.498,0,0,0,0,0,0,0,57,53,1.171,1,2053,0,376.036,5.774,189.688,324.688,0.188,-0.020,0.254,1.637,2.777,5.063,3.352,3.112,3.462,1.007,1.299,0,NULL,NULL,,2,0,2,7,255,1125,250,0,0
pre_stim,19661,19661,0,19661,3216999.453,0.860,0.100,0.020,0.499,0,0,0,0,0,0,0,59,53,1.171,1,2053,0,372.021,6.119,182.250,324.313,2.375,-0.086,0.297,1.809,3.438,5.063,5.188,3.132,3.484,1.007,1.299,0,NULL,NULL,,2,0,2,7,255,1125,250,0,0
pre_stim,19707,19707,0,19707,3217004.455,0.861,0.086,0.011,0.501,0,0,0,0,0,0,0,58,53,1.171,1,2053,0,364.017,6.499,166.875,323.500,-3.000,-0.125,0.270,1.914,3.438,5.516,6.813,3.152,3.506,1.007,1.299,0,NULL,NULL,,2,0,2,7,255,1125,250,0,0
pre_stim,19707,19707,0,19707,3217009.454,0.861,0.074,0.003,0.503,0,0,0,0,0,0,0,61,53,1.171,1,2053,0,356.070,6.452,151.438,322.125,-9.375,-0.117,0.223,1.957,3.348,5.516,8.023,3.174,3.530,1.007,1.299,0,NULL,NULL,,2,0,2,7,255,1125,250,0,0
pre_stim,19707,19707,0,19707,3217014.457,0.861,0.061,-0.006,0.505,0,0,0,0,0,0,0,61,53,1.171,1,2053,0,348.865,5.716,139.375,319.563,-12.688,-0.094,0.215,1.957,3.203,4.734,8.668,3.196,3.554,1.007,1.299,0,NULL,NULL,,2,0,2,7,255,1125,250,0,0
pre_stim,19707,19707,0,19707,3217019.454,0.861,0.050,-0.015,0.506,0,0,0,0,0,0,0,59,53,1.171,1,2053,0,343.514,5.058,132.313,316.625,-15.625,-0.074,0.207,1.938,3.203,3.914,8.746,3.216,3.578,1.007,1.299,0,NULL,NULL,,2,0,2,7,255,1125,250,0,0
pre_stim,19707,19707,0,19707,3217024.455,0.860,0.037,-0.024,0.508,0,0,0,0,0,0,0,57,53,1.171,1,2053,0,340.768,4.500,130.813,314.000,-20.375,-0.055,0.164,1.918,3.203,3.160,8.746,3.240,3.602,1.007,1.299,0,NULL,NULL,,2,0,2,7,255,1125,250,0,0
pre_stim,19707,19707,0,19707,3217029.453,0.859,0.025,-0.032,0.510,0,0,0,0,0,0,0,57,53,1.171,1,2053,0,340.603,3.782,134.250,311.938,-26.125,-0.027,0.082,1.906,3.063,2.219,8.668,3.262,3.626,1.007,1.299,0,NULL,NULL,,2,0,2,7,255,1125,250,0,0
pre_stim,19707,19707,0,19707,3217034.455,0.858,0.013,-0.041,0.512,0,0,0,0,0,0,0,55,53,1.171,1,2053,0,342.196,2.732,141.250,310.188,-30.500,0.004,0.031,1.902,2.531,1.027,8.668,3.282,3.650,1.007,1.299,0,NULL,NULL,,2,0,2,7,255,1125,250,0,0
pre_stim,19707,19707,0,19707,3217039.454,0.856,0.001,-0.049,0.514,0,0,0,0,0,0,0,59,53,1.171,1,2053,0,345.481,2.250,151.000,308.750,-35.063,0.047,0.004,1.895,2.250,-0.035,8.668,3.300,3.670,1.007,1.299,0,NULL,NULL,,2,0,2,7,255,1125,250,0,0
pre_stim,19730,19730,0,19730,3217044.457,0.854,-0.012,-0.056,0.516,0,0,0,0,0,0,0,53,53,1.171,1,2053,0,351.588,2.461,165.875,307.375,-40.250,0.117,-0.055,1.879,2.207,-1.090,8.586,3.314,3.686,1.007,1.299,0,NULL,NULL,,2,0,2,7,255,1125,250,0,0
pre_stim,19730,19730,0,19730,3217049.453,0.852,-0.026,-0.063,0.519,0,0,0,0,0,0,0,52,53,1.171,1,2053,0,361.207,3.243,187.438,305.563,-44.375,0.238,-0.141,1.898,2.027,-2.531,8.359,3.324,3.698,1.007,1.299,0,NULL,NULL,,2,0,2,7,255,1125,250,0,0
pre_stim,19730,19730,0,19730,3217054.456,0.850,-0.040,-0.070,0.521,0,0,0,0,0,0,0,55,53,1.171,1,2053,0,372.911,4.989,212.375,303.000,-46.375,0.418,-0.160,1.973,2.027,-4.559,8.359,3.330,3.706,1.007,1.299,0,NULL,NULL,,2,0,2,7,255,1125,250,0,0
pre_stim,19730,19730,0,19730,3217059.454,0.847,-0.056,-0.075,0.523,0,0,0,0,0,0,0,57,53,1.171,1,2053,0,386.123,7.245,237.938,300.563,-46.250,0.633,-0.117,2.086,2.355,-6.852,8.656,3.328,3.708,1.007,1.299,0,NULL,NULL,,2,0,2,7,255,1125,250,0,0
pre_stim,19754,19754,0,19754,3217064.457,0.844,-0.072,-0.080,0.525,0,0,0,0,0,0,0,54,53,1.171,1,2053,0,398.990,9.980,261.313,298.438,-42.938,0.836,-0.086,2.227,3.609,-9.305,9.141,3.322,3.702,1.007,1.299,0,NULL,NULL,,2,0,2,7,255,1125,250,0,0
pre_stim,19754,19754,0,19754,3217069.454,0.841,-0.089,-0.085,0.527,0,0,0,0,0,0,0,57,53,1.171,1,2053,0,408.796,12.701,279.750,296.000,-35.188,1.004,-0.105,2.387,4.648,-11.820,9.762,3.308,3.690,1.007,1.299,0,NULL,NULL,,2,0,2,7,255,1125,250,0,0
pre_stim,19754,19754,0,19754,3217074.455,0.838,-0.106,-0.089,0.528,0,0,0,0,0,0,0,59,53,1.171,1,2053,0,415.479,15.234,292.063,294.313,-26.500,1.141,-0.102,2.539,5.043,-14.375,10.523,3.284,3.670,1.007,1.299,0,NULL,NULL,,2,0,2,7,255,1125,250,0,0
pre_stim,19754,19754,0,19754,3217079.453,0.835,-0.124,-0.093,0.529,0,0,0,0,0,0,0,58,53,1.171,1,2053,0,419.240,17.513,298.313,293.813,-21.125,1.250,-0.027,2.684,5.422,-16.652,11.180,3.250,3.638,1.007,1.299,0,NULL,NULL,,2,0,2,7,255,1125,250,0,0
pre_stim,19754,19754,0,19754,3217084.455,0.831,-0.141,-0.097,0.529,0,0,0,0,0,0,0,58,53,1.171,1,2053,0,418.367,19.435,295.688,295.313,-19.750,1.324,0.051,2.805,6.250,-18.402,11.785,3.206,3.596,1.007,1.299,0,NULL,NULL,,2,0,2,7,255,1125,250,0,0
pre_stim,19754,19754,0,19754,3217089.454,0.827,-0.158,-0.101,0.530,0,0,0,0,0,0,0,63,53,1.171,1,2053,0,412.140,21.061,287.125,295.188,-16.813,1.344,0.090,2.934,6.957,-19.879,12.160,3.146,3.538,1.007,1.299,0,NULL,NULL,,2,0,2,7,255,1125,250,0,0
pre_stim,19806,19806,0,19806,3217094.455,0.823,-0.174,-0.106,0.530,0,0,0,0,0,0,0,74,53,1.171,1,2053,0,394.684,22.274,263.875,293.063,-16.125,1.320,0.148,3.035,7.039,-21.133,12.695,3.076,3.472,1.007,1.299,0,NULL,NULL,,2,0,2,7,255,1125,250,0,0
pre_stim,19806,19806,0,19806,3217099.453,0.819,-0.189,-0.111,0.530,0,0,0,0,0,0,0,71,53,1.171,1,2053,0,368.852,22.993,229.875,287.625,-21.938,1.375,0.305,3.109,7.180,-21.844,13.172,2.996,3.392,1.007,1.299,0,NULL,NULL,,2,0,2,7,255,1125,250,0,0
pre_stim,19806,19806,0,19806,3217104.455,0.815,-0.202,-0.117,0.530,0,0,0,0,0,0,0,86,53,1.171,1,2053,0,339.754,24.310,190.375,279.688,-31.063,1.613,0.422,3.121,8.527,-22.766,13.172,2.906,3.304,1.007,1.299,0,NULL,NULL,,2,0,2,7,255,1125,250,0,0
pre_stim,19806,19806,0,19806,3217109.454,0.812,-0.213,-0.124,0.529,0,0,0,0,0,0,0,93,53,1.171,1,2053,0,306.024,27.050,141.438,269.688,-30.250,1.965,0.309,2.977,10.348,-24.992,11.922,2.808,3.210,1.007,1.299,0,NULL,NULL,,2,0,2,7,255,1125,250,0,0
pre_stim,19806,19806,0,19806,3217114.455,0.809,-0.222,-0.131,0.528,0,0,0,0,0,0,0,119,53,1.171,1,2053,0,273.448,29.953,92.000,257.250,-11.500,2.262,0.074,2.625,10.348,-28.109,8.355,2.704,3.108,1.007,1.299,0,NULL,NULL,,2,0,2,7,255,1125,250,0,0
pre_stim,19806,19806,0,19806,3217119.454,0.807,-0.230,-0.138,0.526,0,0,0,0,0,0,0,151,53,1.171,1,2053,0,250.082,31.532,59.500,242.438,15.000,2.473,-0.145,2.121,9.758,-29.984,2.871,2.592,2.998,1.007,1.299,0,NULL,NULL,,2,0,2,7,255,1125,250,0,0
pre_stim,19806,19806,0,19806,3217124.457,0.806,-0.237,-0.145,0.523,0,0,0,0,0,0,0,157,53,1.171,1,2053,0,234.945,31.235,51.250,226.313,36.813,2.684,-0.305,1.598,8.750,-29.984,-3.441,2.472,2.878,1.007,1.299,0,NULL,NULL,,2,0,2,7,255,1125,250,0,0
pre_stim,19806,19806,0,19806,3217129.453,0.805,-0.245,-0.150,0.519,0,0,0,0,0,0,0,175,53,1.171,1,2053,0,227.481,30.804,67.938,210.000,55.063,2.910,-0.504,1.137,8.246,-29.680,-9.730,2.342,2.750,1.007,1.299,0,NULL,NULL,,2,0,2,7,255,1125,250,0,0
pre_stim,19828,19828,0,19828,3217134.457,0.804,-0.253,-0.154,0.515,0,0,0,0,0,0,0,201,53,1.171,1,2053,0,233.631,30.609,107.625,191.313,80.000,3.102,-0.746,0.801,7.484,-29.680,-15.645,2.204,2.612,1.007,1.299,0,NULL,NULL,,2,0,2,7,255,1125,250,0,0
pre_stim,19828,19828,0,19828,3217139.454,0.804,-0.264,-0.155,0.511,0,0,0,0,0,0,0,209,53,1.171,1,2053,0,263.960,30.520,169.188,171.188,108.375,3.145,-0.984,0.688,6.242,-29.875,-20.406,2.060,2.468,1.007,1.299,0,NULL,NULL,,2,0,2,7,255,1125,250,0,0
pre_stim,19828,19828,0,19828,3217144.455,0.803,-0.276,-0.154,0.506,0,0,0,0,0,0,0,209,53,1.171,1,2053,0,289.839,30.479,210.625,147.438,133.813,3.195,-1.352,0.914,4.531,-30.141,-22.531,1.912,2.322,1.007,1.299,0,NULL,NULL,,2,0,2,7,255,1125,250,0,0
pre_stim,19828,19828,0,19828,3217149.453,0.802,-0.287,-0.151,0.501,0,0,0,0,0,0,0,206,53,1.171,1,2053,0,300.180,31.716,233.250,123.938,142.625,2.945,-1.211,1.137,2.188,-31.641,-22.531,1.762,2.172,1.007,1.299,0,NULL,NULL,,2,0,2,7,255,1125,250,0,0
pre_stim,19828,19828,0,19828,3217154.457,0.801,-0.299,-0.148,0.497,0,0,0,0,0,0,0,212,53,1.171,1,2053,0,284.627,32.847,231.813,98.250,132.750,3.027,-1.430,1.465,1.809,-32.797,-19.676,1.610,2.016,1.007,1.299,0,NULL,NULL,,2,0,2,7,255,1125,250,0,0
pre_stim,19828,19828,0,19828,3217159.454,0.801,-0.310,-0.144,0.491,0,0,0,0,0,0,0,212,53,1.171,1,2053,0,301.141,34.782,237.313,73.375,170.250,3.008,-1.676,1.625,0.777,-34.773,-18.688,1.454,1.858,1.007,1.299,0,NULL,NULL,,2,0,2,7,255,1125,250,0,0
pre_stim,19853,19853,0,19853,3217164.455,0.803,-0.320,-0.137,0.484,0,0,0,0,0,0,0,214,53,1.171,1,2053,0,321.200,36.304,225.375,36.438,225.938,2.691,-1.293,2.391,0.500,-36.301,-18.660,1.294,1.696,1.007,1.299,0,NULL,NULL,,2,0,2,7,255,1125,250,0,0
pre_stim,19853,19853,0,19853,3217169.454,0.805,-0.327,-0.132,0.478,0,0,0,0,0,0,0,215,53,1.171,1,2053,0,260.842,36.321,160.000,8.938,205.813,1.996,-1.414,2.633,-1.223,-36.301,-10.332,1.132,1.532,1.007,1.299,0,NULL,NULL,,2,0,2,7,255,1125,250,0,0
pre_stim,19853,19853,0,19853,3217174.455,0.806,-0.331,-0.127,0.473,0,0,0,0,0,0,0,215,53,1.171,1,2053,0,186.507,35.009,114.875,-22.563,145.188,1.730,-1.184,2.754,-3.359,-34.848,-5.602,0.966,1.362,1.007,1.299,0,NULL,NULL,,2,0,2,7,255,1125,250,0,0
pre_stim,19853,19853,0,19853,3217179.453,0.807,-0.333,-0.122,0.471,0,0,0,0,0,0,0,200,53,1.171,1,2053,0,119.320,33.229,59.563,-51.438,89.688,1.477,-0.508,3.047,-3.359,-33.059,-2.633,0.798,1.188,1.007,1.299,0,NULL,NULL,,2,0,2,7,255,1125,250,0,0
pre_stim,19873,19873,0,19873,3217184.455,0.809,-0.331,-0.120,0.471,0,0,0,0,0,0,0,253,53,1.171,1,2053,0,82.761,30.862,-18.000,-75.250,29.375,1.297,-0.273,3.074,0.641,-30.855,3.523,0.620,1.002,1.007,1.299,0,NULL,NULL,,2,0,2,7,255,1125,250,0,0
pre_stim,19873,19873,0,19873,3217189.454,0.810,-0.330,-0.114,0.471,22,0,0,334,0,0,0,347,53,1.171,1,2053,0,140.254,30.862,30.063,-124.688,56.750,0.473,-0.832,4.164,0.641,-30.855,5.734,0.430,0.794,1.007,1.299,0,NULL,NULL,,2,0,2,7,255,1125,250,0,0
pre_stim,19873,19873,0,19873,3217194.455,0.817,-0.331,-0.099,0.462,484,0,0,955,0,31,0,384,53,1.171,1,2053,0,428.002,31.990,109.625,-225.875,346.625,-0.152,1.332,7.238,1.449,-31.957,15.973,0.272,0.574,1.007,1.299,0,NULL,NULL,,2,0,2,7,255,1125,250,0,0
pre_stim,19873,19873,0,19873,3217199.453,0.835,-0.302,-0.107,0.449,1005,0,0,1407,0,239,0,468,53,1.171,1,2053,0,866.020,31.990,-803.688,-108.688,303.750,-1.363,2.566,4.367,1.449,-31.957,40.391,0.246,0.402,1.007,1.299,0,NULL,NULL,,2,0,2,7,255,1125,250,0,0
pre_stim,19911,19911,0,19911,3217204.455,0.852,-0.261,-0.121,0.438,1484,0,0,1703,0,455,0,523,53,1.171,1,2053,0,1088.804,11.148,-1069.375,-120.500,165.563,-1.438,3.148,-0.461,9.910,-5.105,40.391,0.294,0.320,1.007,1.299,0,NULL,NULL,,2,0,2,7,255,1125,250,0,0
pre_stim,19911,19911,0,19911,3217209.454,0.861,-0.235,-0.129,0.432,1812,0,0,1875,0,557,0,565,53,1.171,1,2054,0,663.686,29.055,-651.188,-92.688,88.563,-1.984,1.844,-2.289,9.910,27.313,2.148,0.340,0.318,1.007,1.299,1,1149.000,24.000,,2,0,2,7,255,1125,250,0,0
pre_stim,19911,19911,0,19911,3217214.455,0.863,-0.224,-0.130,0.434,2019,0,0,1980,0,715,0,627,53,1.171,1,2054,0,261.365,27.380,-234.125,-107.625,-43.750,-1.191,0.340,-1.449,1.918,27.313,-16.117,0.356,0.352,1.007,1.299,1,NULL,NULL,,2,0,2,7,255,1125,250,0,0
pre_stim,19911,19911,0,19911,3217219.454,0.863,-0.222,-0.126,0.437,2167,0,0,2075,0,875,0,697,53,1.171,1,2054,0,119.890,16.759,10.375,-109.938,-46.688,0.109,0.086,0.883,1.664,16.676,-16.117,0.354,0.382,1.007,1.299,1,NULL,NULL,,2,0,2,7,255,1125,250,0,0
pre_stim,19911,19911,0,19911,3217224.455,0.865,-0.218,-0.123,0.434,2341,0,0,2189,0,994,0,755,53,1.171,1,2054,0,151.360,4.441,-81.688,-106.063,70.625,0.465,1.371,1.785,1.664,-4.117,-2.441,0.356,0.406,1.007,1.299,1,NULL,NULL,,2,0,2,7,255,1125,250,0,0
pre_stim,19911,19911,0,19911,3217229.453,0.871,-0.208,-0.122,0.429,2567,0,0,2412,0,1109,0,793,53,1.171,1,2054,0,281.316,14.047,-227.188,-106.750,127.000,-0.262,1.805,1.672,13.430,-4.117,7.082,0.386,0.442,1.007,1.299,1,NULL,NULL,,2,0,2,7,255,1125,250,0,0
pre_stim,19911,19911,0,19911,3217234.457,0.876,-0.193,-0.123,0.424,2705,0,0,2595,0,1110,0,825,53,1.171,1,2054,0,381.154,14.083,-342.313,-121.313,115.688,-1.750,-0.086,0.832,13.430,4.238,7.082,0.420,0.478,1.007,1.299,1,NULL,NULL,,2,0,2,7,255,1125,250,0,0
pre_stim,19911,19911,0,19911,3217239.454,0.882,-0.175,-0.124,0.420,2795,0,0,2715,0,1096,0,919,53,1.171,1,2054,0,447.097,12.129,-414.063,-159.250,55.563,-2.145,-1.570,-0.117,-10.617,5.863,3.887,0.420,0.494,1.007,1.299,2,NULL,NULL,,2,0,2,7,255,1125,250,0,0
pre_stim,19911,19911,0,19911,3217244.455,0.882,-0.161,-0.123,0.425,2869,0,0,2827,0,1097,0,1033,53,1.171,1,2054,0,319.797,19.279,-245.875,-163.125,-123.313,-1.453,-1.063,-0.918,-17.906,7.145,-5.852,0.386,0.486,1.007,1.299,2,NULL,NULL,,2,0,2,7,255,1125,250,0,0
pre_stim,19911,19911,0,19911,3217249.453,0.880,-0.156,-0.117,0.432,2925,0,0,2899,0,1097,0,1149,53,1.171,1,2054,0,245.482,18.842,-21.688,-176.000,-169.750,-0.211,-0.371,-0.012,-17.906,5.863,-9.719,0.336,0.472,1.007,1.299,2,NULL,NULL,,2,0,2,7,255,1125,250,0,0
pre_stim,19940,19940,0,19940,3217254.456,0.878,-0.155,-0.110,0.439,2965,0,0,2951,0,1123,0,1199,53,1.171,1,2054,0,233.346,4.287,68.438,-173.938,-139.688,0.453,-0.555,1.543,-4.234,-0.668,-9.719,0.290,0.448,1.007,1.299,2,NULL,NULL,,2,0,2,7,255,1125,250,0,0
pre_stim,19940,19940,0,19940,3217259.454,0.878,-0.151,-0.105,0.442,2999,0,0,3020,0,1198,0,1261,53,1.171,1,2054,0,170.938,11.916,-27.375,-154.063,-68.813,0.742,-0.930,2.105,-1.570,-11.813,2.039,0.262,0.416,1.007,1.299,2,NULL,NULL,,2,0,2,7,255,1125,250,0,0
pre_stim,19940,19940,0,19940,3217264.457,0.880,-0.142,-0.102,0.442,3027,0,0,3059,0,1333,0,1309,53,1.171,1,2054,0,221.369,17.317,-160.188,-152.250,12.813,0.742,-1.141,1.664,-1.570,-17.246,2.039,0.254,0.368,1.007,1.299,2,NULL,NULL,,2,0,2,7,255,1125,250,0,0
pre_stim,19940,19940,0,19940,3217269.453,0.884,-0.131,-0.100,0.438,3043,0,0,3100,0,1467,0,1364,53,1.171,1,2054,0,269.715,17.595,-208.063,-142.938,95.000,0.430,-1.188,0.660,-3.488,-17.246,1.922,0.264,0.312,1.007,1.299,2,NULL,NULL,,2,0,2,7,255,1125,250,0,0
pre_stim,19966,19966,0,19966,3217274.457,0.888,-0.124,-0.097,0.433,3062,0,0,3111,0,1628,0,1425,53,1.171,1,2054,0,244.517,13.608,-145.625,-143.500,134.125,-0.176,-1.094,0.340,-6.320,-12.051,-6.254,0.286,0.254,1.007,1.299,2,NULL,NULL,,2,0,2,7,255,1125,250,0,0
pre_stim,19966,19966,0,19966,3217279.453,0.891,-0.119,-0.092,0.429,3065,0,0,3139,59,1780,0,1491,53,1.171,1,2054,0,189.345,10.510,-68.875,-142.313,104.188,-0.566,-0.723,0.680,-8.484,-6.203,-6.254,0.308,0.208,1.007,1.299,2,NULL,NULL,,2,0,2,7,255,1125,250,0,0
pre_stim,19966,19966,0,19966,3217284.455,0.892,-0.115,-0.087,0.427,3076,0,0,3143,165,1901,0,1567,53,1.171,1,2054,0,153.907,8.743,-35.688,-140.438,51.875,-0.402,-0.074,1.059,-8.484,-2.109,-2.680,0.322,0.182,1.007,1.299,2,NULL,NULL,,2,0,2,7,255,1125,250,0,0
pre_stim,19966,19966,0,19966,3217289.454,0.894,-0.111,-0.083,0.427,3083,0,0,3159,389,2039,0,1691,53,1.171,1,2054,0,144.964,2.255,-40.188,-137.875,19.750,-0.184,0.258,1.254,-2.238,-0.277,1.117,0.328,0.170,1.007,1.299,2,NULL,NULL,,2,0,2,7,255,1125,250,0,0
pre_stim,19966,19966,1,19966,3217294.456,0.895,-0.106,-0.078,0.427,3093,0,0,3169,737,2167,39,1823,53,1.171,1,2054,0,147.265,0.807,-63.313,-132.188,14.313,-0.051,0.035,1.242,0.758,-0.277,2.125,0.336,0.162,1.007,1.299,2,NULL,NULL,,2,1,2,7,255,1125,250,0,0
pre_stim,19966,19966,1,19966,3217299.453,0.896,-0.102,-0.075,0.427,3087,0,0,3161,919,2217,187,1967,53,1.171,1,2054,0,126.221,2.493,-59.063,-111.375,6.250,0.121,-0.359,1.633,0.758,-2.375,2.727,0.346,0.152,1.007,1.299,2,NULL,NULL,,2,1,2,7,255,1125,250,0,0
pre_stim,20008,20008,1,20008,3217304.455,0.895,-0.098,-0.074,0.429,3091,0,0,3167,1143,2269,151,2067,53,1.171,1,2054,0,93.386,6.808,-51.563,-58.063,-51.875,0.309,-0.230,1.590,0.758,-6.766,4.520,0.364,0.136,1.007,1.299,2,NULL,NULL,,2,1,2,7,255,1125,250,0,0
pre_stim,20008,20008,1,20008,3217309.454,0.894,-0.096,-0.073,0.431,3087,0,0,3171,1251,2311,155,2121,53,1.171,1,2054,0,83.929,6.866,-34.750,-55.500,-52.500,0.723,0.434,0.887,1.168,-6.766,4.520,0.384,0.118,1.007,1.299,2,NULL,NULL,,2,1,2,7,255,1125,250,0,0
pre_stim,20008,20008,1,20008,3217314.456,0.894,-0.096,-0.071,0.432,3087,0,0,3171,1387,2339,185,2165,53,1.171,1,2054,0,50.602,9.225,35.500,-33.938,-12.188,0.566,0.504,1.141,7.969,-4.648,0.320,0.408,0.100,1.007,1.299,2,NULL,NULL,,2,1,2,7,255,1125,250,0,0
pre_stim,20008,20008,1,20008,3217319.453,0.895,-0.096,-0.070,0.430,3089,14,0,3171,1459,2359,204,2213,53,1.171,1,2054,0,35.649,8.758,-6.938,-19.813,28.813,-0.121,-0.191,1.586,7.969,-3.633,0.320,0.428,0.082,1.007,1.299,2,NULL,NULL,,2,1,2,7,255,1125,250,0,0
pre_stim,20008,20008,1,20008,3217324.456,0.895,-0.092,-0.071,0.430,3087,29,0,3173,1546,2375,203,2252,53,1.171,1,2054,0,81.302,3.817,-79.375,-16.563,-5.938,-0.551,-0.168,1.262,-1.230,-3.613,3.246,0.446,0.070,1.007,1.299,2,NULL,NULL,,2,1,2,7,255,1125,250,0,0
pre_stim,20008,20008,1,20008,3217329.454,0.894,-0.089,-0.072,0.434,3087,36,0,3173,1590,2386,209,2279,53,1.171,1,2054,0,103.694,1.307,-58.375,-11.875,-84.875,-0.336,0.258,0.785,-1.230,0.441,3.246,0.456,0.062,1.007,1.299,2,NULL,NULL,,2,1,2,7,255,1125,250,0,0
pre_stim,20008,20008,1,20008,3217334.455,0.892,-0.088,-0.072,0.438,3087,41,0,3175,1631,2395,215,2302,53,1.171,1,2054,0,103.579,0.633,-11.813,-13.125,-102.063,0.188,0.199,0.879,0.453,0.441,-1.469,0.464,0.056,1.007,1.299,2,NULL,NULL,,2,1,2,7,255,1125,250,0,0
pre_stim,20008,20008,1,20008,3217339.454,0.891,-0.087,-0.072,0.439,3089,58,0,3175,1682,2409,217,2329,53,1.171,1,2054,0,48.462,2.091,-13.813,-10.500,-45.250,0.305,-0.254,1.094,0.570,-2.012,-1.469,0.476,0.050,1.007,1.299,2,NULL,NULL,,2,1,2,7,255,1125,250,0,0
pre_stim,20031,20031,1,20031,3217344.455,0.891,-0.086,-0.072,0.439,3087,103,0,3176,1721,2425,232,2347,53,1.171,1,2054,0,42.421,3.689,-41.375,-7.750,5.250,-0.051,-0.336,1.023,0.570,-3.645,-0.121,0.486,0.040,1.007,1.299,2,NULL,NULL,,2,1,2,7,255,1125,250,0,0
pre_stim,20031,20031,1,20031,3217349.453,0.891,-0.084,-0.073,0.439,3095,114,0,3179,1761,2439,246,2366,53,1.171,1,2054,0,41.119,3.878,-39.500,-6.250,-9.563,-0.336,0.008,0.848,-1.324,-3.645,-0.121,0.496,0.034,1.007,1.299,2,NULL,NULL,,2,1,2,7,255,1125,250,0,0
pre_stim,20031,20031,1,20031,3217354.455,0.891,-0.083,-0.073,0.441,3092,117,0,3179,1806,2444,233,2383,53,1.171,1,2054,0,49.564,1.378,-12.813,-5.500,-47.563,-0.188,0.121,0.883,-1.324,0.383,-0.926,0.502,0.028,1.007,1.299,2,NULL,NULL,,2,1,2,7,255,1125,250,0,0
pre_stim,20031,20031,1,20031,3217359.454,0.890,-0.083,-0.073,0.443,3095,140,30,3180,1849,2452,225,2397,53,1.171,1,2054,0,47.310,0.553,-4.000,-4.375,-46.938,0.055,-0.086,1.035,0.398,0.383,-0.926,0.508,0.022,1.007,1.299,2,NULL,NULL,,2,1,2,7,255,1125,250,0,0
pre_stim,20054,20054,1,20054,3217364.457,0.890,-0.082,-0.073,0.443,3097,152,83,3181,1875,2459,226,2407,53,1.171,1,2054,0,19.346,2.964,-14.500,-4.125,-12.125,0.086,-0.168,1.051,0.398,-2.938,-0.059,0.516,0.016,1.007,1.299,2,NULL,NULL,,2,1,2,7,255,1125,250,0,0
pre_stim,20054,20054,1,20054,3217369.453,0.890,-0.081,-0.073,0.443,3097,159,117,3181,1892,2463,226,2411,53,1.171,1,2054,0,19.449,2.938,-18.250,-2.313,6.313,-0.113,-0.027,0.969,-0.059,-2.938,-0.059,0.526,0.008,1.007,1.299,2,NULL,NULL,,2,1,2,7,255,1125,250,0,0
pre_stim,20054,20054,1,20054,3217374.455,0.890,-0.081,-0.073,0.443,3096,167,157,3179,1907,2471,207,2414,53,1.171,1,2054,0,9.408,1.181,-7.438,-2.375,-5.250,-0.199,0.082,0.953,-0.059,-1.180,-0.246,0.534,0.000,1.007,1.299,2,NULL,NULL,,2,1,2,7,255,1125,250,0,0
pre_stim,20054,20054,1,20054,3217379.454,0.889,-0.081,-0.073,0.444,3097,169,172,3181,1911,2473,197,2415,53,1.171,1,2054,0,20.129,0.867,-0.375,0.063,-20.125,-0.125,0.027,1.016,0.164,-0.852,-0.246,0.000,0.000,1.007,1.299,2,NULL,NULL,,2,1,2,7,255,1125,250,0,0
pre_stim,20054,20054,1,20054,3217384.455,0.889,-0.080,-0.073,0.445,3099,173,191,3181,1913,2477,187,2421,53,1.229,1,2054,1,13.271,0.877,-2.563,-0.750,-13.000,-0.023,-0.035,1.035,0.211,-0.852,0.145,0.000,0.000,1.023,1.395,2,NULL,NULL,,2,1,2,7,255,1125,250,0,0
pre_stim,20054,20054,1,20054,3217389.454,0.889,-0.080,-0.073,0.445,3097,173,231,3181,1917,2479,183,2421,53,1.229,1,2054,1,5.090,1.584,-5.000,0.875,0.375,-0.082,-0.051,0.992,0.211,-1.570,0.145,0.006,0.004,1.023,1.395,2,NULL,NULL,,2,1,2,7,255,1125,250,0,0
pre_stim,20105,20105,1,20105,3217394.455,0.889,-0.080,-0.073,0.444,3100,169,234,3179,1919,2479,181,2421,53,1.229,1,2054,1,5.967,1.575,-3.813,0.500,4.563,-0.164,0.012,0.980,-0.125,-1.570,-0.078,0.010,0.006,1.023,1.395,2,NULL,NULL,,2,1,2,7,255,1125,250,0,0
pre_stim,20105,20105,1,20105,3217399.454,0.889,-0.080,-0.073,0.444,3099,165,246,3178,1925,2483,173,2421,53,1.229,1,2054,1,1.531,0.598,-0.875,-0.125,-1.250,-0.180,0.008,1.000,-0.137,-0.582,-0.078,0.016,0.008,1.023,1.395,2,NULL,NULL,,2,1,2,7,255,1125,250,0,0
pre_stim,20105,20105,1,20105,3217404.455,0.889,-0.080,-0.073,0.445,3097,153,251,3177,1927,2483,159,2419,53,1.229,1,2054,1,3.673,0.598,0.813,-0.375,-3.563,-0.137,0.000,1.008,-0.137,-0.582,0.133,0.022,0.012,1.023,1.395,2,NULL,NULL,,2,1,2,7,255,1125,250,0,0
pre_stim,20105,20105,1,20105,3217409.454,0.889,-0.080,-0.073,0.445,3095,150,251,3173,1929,2483,142,2418,53,1.229,1,2054,1,2.395,0.774,0.813,-1.250,1.875,-0.141,0.016,1.004,-0.031,-0.773,0.133,0.026,0.014,1.023,1.395,2,NULL,NULL,,2,1,2,7,255,1125,250,0,0
pre_stim,20105,20105,1,20105,3217414.455,0.889,-0.080,-0.073,0.444,3090,147,263,3175,1932,2483,123,2414,53,1.229,1,2054,1,3.651,0.774,1.375,-1.563,3.000,-0.168,0.035,1.016,0.031,-0.773,0.133,0.030,0.014,1.023,1.395,2,NULL,NULL,,2,1,2,7,255,1125,250,0,0
pre_stim,20105,20105,1,20105,3217419.453,0.889,-0.080,-0.073,0.444,3093,133,267,3165,1935,2485,122,2424,53,1.229,1,2054,1,3.135,0.471,1.000,-2.750,1.125,-0.160,0.043,1.020,0.043,-0.469,0.277,0.034,0.016,1.023,1.395,2,NULL,NULL,,2,1,2,7,255,1125,250,0,0
pre_stim,20105,20105,1,20105,3217424.457,0.889,-0.080,-0.072,0.444,3079,125,284,3163,1934,2483,111,2421,53,1.229,1,2054,1,5.186,0.487,1.125,-4.250,2.750,-0.145,0.035,0.996,0.133,-0.469,0.277,0.038,0.018,1.023,1.395,2,NULL,NULL,,2,1,2,7,255,1125,250,0,0
pre_stim,20105,20105,1,20105,3217429.454,0.890,-0.080,-0.072,0.444,3077,125,291,3155,1939,2485,110,2419,53,1.229,1,2054,1,8.968,0.510,2.500,-5.188,6.875,-0.156,0.031,0.977,0.133,-0.492,0.043,0.042,0.018,1.023,1.395,2,NULL,NULL,,2,1,2,7,255,1125,250,0,0
pre_stim,20128,20128,1,20128,3217434.457,0.890,-0.080,-0.072,0.444,3067,116,280,3144,1939,2477,107,2421,53,1.229,1,2054,1,10.969,0.494,4.688,-6.188,7.750,-0.180,0.051,0.980,0.047,-0.492,-0.043,0.044,0.018,1.023,1.395,2,NULL,NULL,,2,1,2,7,255,1125,250,0,0
pre_stim,20128,20128,1,20128,3217439.453,0.890,-0.080,-0.071,0.444,3061,115,273,3143,1939,2479,104,2426,53,1.229,1,2054,1,11.487,0.201,6.938,-7.500,5.250,-0.172,0.082,0.996,0.047,-0.195,-0.043,0.046,0.018,1.023,1.395,2,NULL,NULL,,2,1,2,7,255,1125,250,0,0
pre_stim,20128,20128,1,20128,3217444.457,0.890,-0.080,-0.071,0.443,3060,93,284,3125,1943,2471,101,2431,53,1.229,1,2054,1,12.605,0.385,8.438,-8.438,4.063,-0.148,0.074,1.000,0.332,-0.195,0.109,0.050,0.018,1.023,1.395,2,NULL,NULL,,2,1,2,7,255,1125,250,0,0
pre_stim,20128,20128,1,20128,3217449.454,0.890,-0.080,-0.070,0.443,3051,82,297,3111,1945,2471,100,2441,53,1.229,1,2054,1,13.888,0.540,9.563,-8.813,4.875,-0.145,0.078,1.008,0.426,-0.332,0.113,0.052,0.018,1.023,1.395,2,NULL,NULL,,2,1,2,7,255,1125,250,0,0
pre_stim,20128,20128,1,20128,3217454.455,0.890,-0.080,-0.070,0.443,3047,74,301,3111,1956,2463,103,2443,53,1.229,1,2054,1,13.206,0.568,7.000,-9.250,6.313,-0.148,0.117,1.035,0.461,-0.332,0.191,0.054,0.020,1.023,1.395,2,NULL,NULL,,2,1,2,7,255,1125,250,0,0
pre_stim,20128,20128,1,20128,3217459.454,0.890,-0.080,-0.069,0.443,3031,73,311,3101,1959,2459,105,2443,53,1.229,1,2054,1,11.666,0.631,2.938,-9.188,6.563,-0.160,0.113,1.020,0.613,-0.148,0.336,0.058,0.020,1.023,1.395,2,NULL,NULL,,2,1,2,7,255,1125,250,0,0
pre_stim,20151,20151,1,20151,3217464.455,0.890,-0.080,-0.069,0.443,3019,73,329,3099,1976,2459,111,2455,53,1.229,1,2054,1,10.716,0.615,2.188,-9.563,4.313,-0.180,0.109,0.992,0.613,-0.039,0.336,0.058,0.020,1.023,1.395,2,NULL,NULL,,2,1,2,7,255,1125,250,0,0
pre_stim,20151,20151,1,20151,3217469.454,0.890,-0.080,-0.068,0.443,3012,77,347,3069,2007,2457,121,2461,53,1.229,1,2054,1,11.383,0.484,4.250,-10.500,1.125,-0.188,0.113,0.984,0.457,0.160,0.117,0.060,0.020,1.023,1.395,2,NULL,NULL,,2,1,2,7,255,1125,250,0,0
pre_stim,20151,20151,1,20151,3217474.455,0.890,-0.080,-0.067,0.443,3003,91,407,3065,2020,2461,133,2469,53,1.229,1,2054,1,13.270,0.519,5.250,-12.188,0.000,-0.195,0.125,1.000,0.457,0.246,0.117,0.060,0.022,1.023,1.395,2,NULL,NULL,,2,1,2,7,255,1125,250,0,0
pre_stim,20151,20151,1,20151,3217479.453,0.890,-0.080,-0.067,0.443,2983,97,462,3049,2053,2458,149,2486,53,1.229,1,2054,1,14.587,0.589,4.375,-13.813,-1.688,-0.207,0.156,1.016,0.480,0.340,0.215,0.060,0.022,1.023,1.395,2,NULL,NULL,,2,1,2,7,255,1125,250,0,0
pre_stim,20172,20172,1,20172,3217484.455,0.890,-0.080,-0.066,0.443,2972,119,530,3043,2085,2464,169,2495,53,1.229,1,2054,1,16.723,0.893,3.500,-15.188,-6.063,-0.199,0.199,1.020,0.648,0.613,0.410,0.062,0.022,1.023,1.395,2,NULL,NULL,,2,1,2,7,255,1125,250,0,0
pre_stim,20172,20172,1,20172,3217489.454,0.890,-0.080,-0.065,0.444,2951,139,611,3021,2123,2470,232,2515,53,1.229,1,2054,1,18.764,1.190,2.063,-15.938,-9.688,-0.164,0.188,1.031,1.020,0.613,0.480,0.062,0.022,1.023,1.395,2,NULL,NULL,,2,1,2,7,255,1125,250,0,0
pre_stim,20172,20172,1,20172,3217494.455,0.890,-0.080,-0.065,0.444,2933,147,659,3015,2169,2473,251,2535,53,1.229,1,2054,1,18.677,1.105,-0.375,-16.563,-8.625,-0.145,0.145,1.031,1.020,0.426,0.480,0.062,0.020,1.023,1.395,2,NULL,NULL,,2,1,2,7,255,1125,250,0,0
pre_stim,20172,20172,1,20172,3217499.453,0.890,-0.080,-0.064,0.444,2901,163,727,2991,2216,2478,283,2549,53,1.229,1,2054,1,18.661,0.901,-3.313,-16.500,-8.063,-0.152,0.121,1.008,0.898,0.066,0.434,0.062,0.018,1.023,1.395,2,NULL,NULL,,2,1,2,7,255,1125,250,0,0
pre_stim,20211,20211,1,20211,3217504.455,0.890,-0.079,-0.063,0.445,2877,168,821,2984,2273,2480,339,2569,53,1.229,1,2054,1,19.744,0.656,-2.563,-16.563,-10.438,-0.156,0.117,0.984,0.652,0.066,0.230,0.064,0.016,1.023,1.395,2,NULL,NULL,,2,1,2,7,255,1125,250,0,0
pre_stim,20211,20211,1,20211,3217509.454,0.890,-0.079,-0.063,0.445,2859,169,921,2963,2309,2485,367,2583,53,1.229,1,2054,1,22.285,0.653,0.125,-16.250,-15.250,-0.145,0.121,0.984,0.652,0.027,0.000,0.064,0.016,1.023,1.395,2,NULL,NULL,,2,1,2,7,255,1125,250,0,0
pre_stim,20211,20211,1,20211,3217514.456,0.889,-0.078,-0.062,0.446,2828,199,1013,2955,2347,2489,423,2601,53,1.229,1,2054,1,23.487,0.657,0.688,-16.125,-17.063,-0.125,0.113,1.000,0.656,0.027,0.000,0.064,0.016,1.023,1.395,2,NULL,NULL,,2,1,2,7,255,1125,250,0,0
pre_stim,20211,20211,1,20211,3217519.454,0.889,-0.078,-0.061,0.447,2807,223,1115,2927,2387,2487,445,2615,53,1.229,1,2054,1,23.872,0.678,-0.250,-15.750,-17.938,-0.129,0.094,1.008,0.656,-0.172,0.094,0.066,0.016,1.023,1.395,2,NULL,NULL,,2,1,2,7,255,1125,250,0,0
pre_stim,20211,20211,1,20211,3217524.456,0.889,-0.078,-0.061,0.448,2787,229,1179,2915,2427,2494,519,2627,53,1.229,1,2054,1,25.476,0.610,-1.938,-15.000,-20.500,-0.129,0.074,1.004,0.547,-0.270,0.105,0.068,0.018,1.023,1.395,2,NULL,NULL,,2,1,2,7,255,1125,250,0,0
pre_stim,20211,20211,1,20211,3217529.453,0.888,-0.077,-0.060,0.448,2765,236,1252,2904,2461,2494,631,2635,53,1.229,1,2054,1,26.889,0.500,-3.750,-14.625,-22.250,-0.121,0.020,0.984,0.352,-0.355,0.105,0.068,0.020,1.023,1.395,2,NULL,NULL,,2,1,2,7,255,1125,250,0,0
pre_stim,20211,20211,1,20211,3217534.455,0.888,-0.076,-0.060,0.449,2735,239,1363,2875,2485,2509,725,2651,53,1.229,1,2054,1,27.319,0.685,-6.250,-14.375,-22.375,-0.133,-0.027,0.973,-0.043,-0.684,-0.090,0.070,0.022,1.023,1.395,2,NULL,NULL,,2,1,2,7,255,1125,250,0,0
pre_stim,20211,20211,1,20211,3217539.454,0.888,-0.076,-0.059,0.450,2696,261,1483,2857,2521,2505,825,2663,53,1.229,1,2054,1,28.033,0.833,-8.375,-15.313,-21.938,-0.164,-0.031,0.973,-0.477,-0.684,-0.168,0.072,0.026,1.023,1.395,2,NULL,NULL,,2,1,2,7,255,1125,250,0,0
pre_stim,20211,20211,0,20211,3217544.455,0.887,-0.075,-0.059,0.451,2649,269,1583,2841,2551,2509,948,2671,53,1.229,1,2054,1,31.774,0.761,-9.500,-16.500,-25.438,-0.184,0.008,0.980,-0.477,-0.594,-0.168,0.074,0.028,1.023,1.395,2,NULL,NULL,,2,0,2,7,255,1125,250,0,0
pre_stim,20211,20211,0,20211,3217549.453,0.887,-0.074,-0.059,0.452,2607,270,1671,2827,2583,2518,1031,2699,53,1.229,1,2054,1,37.602,0.533,-11.250,-17.063,-31.563,-0.168,0.023,0.996,-0.465,-0.262,-0.031,0.074,0.028,1.023,1.395,2,NULL,NULL,,2,0,2,7,255,1125,250,0,0
pre_stim,20240,20240,0,20240,3217554.457,0.886,-0.073,-0.058,0.454,2573,282,1757,2797,2613,2517,1160,2709,53,1.229,1,2054,1,39.415,0.365,-13.250,-17.938,-32.500,-0.109,0.016,0.996,-0.254,-0.262,-0.020,0.076,0.030,1.023,1.395,2,NULL,NULL,,2,0,2,7,255,1125,250,0,0
pre_stim,20240,20240,0,20240,3217559.454,0.886,-0.072,-0.058,0.455,2517,294,1861,2773,2633,2523,1275,2741,53,1.229,1,2054,1,36.232,0.773,-15.500,-18.625,-26.938,-0.109,-0.020,0.977,-0.254,-0.730,-0.020,0.078,0.030,1.023,1.395,2,NULL,NULL,,2,0,2,7,255,1125,250,0,0
pre_stim,20240,20240,0,20240,3217564.457,0.885,-0.071,-0.058,0.456,2455,303,1928,2761,2660,2525,1361,2745,53,1.229,1,2054,1,36.234,0.779,-16.688,-19.188,-25.813,-0.141,-0.020,0.977,-0.270,-0.730,-0.148,0.080,0.030,1.023,1.395,2,NULL,NULL,,2,0,2,7,255,1125,250,0,0
pre_stim,20240,20240,0,20240,3217569.454,0.885,-0.069,-0.057,0.457,2395,309,2004,2717,2685,2536,1439,2761,53,1.229,1,2054,1,36.277,0.748,-11.938,-20.000,-27.813,-0.152,-0.016,0.988,-0.449,-0.598,-0.148,0.082,0.032,1.023,1.395,2,NULL,NULL,,2,0,2,7,255,1125,250,0,0
pre_stim,20270,20270,0,20270,3217574.455,0.885,-0.068,-0.057,0.458,2345,303,2093,2683,2715,2535,1533,2775,53,1.229,1,2054,1,37.661,0.658,-13.188,-20.875,-28.438,-0.121,0.043,1.027,-0.449,-0.480,-0.027,0.084,0.032,1.023,1.395,2,NULL,NULL,,2,0,2,7,255,1125,250,0,0
pre_stim,20270,20270,0,20270,3217579.453,0.884,-0.067,-0.056,0.459,2275,307,2159,2639,2733,2533,1641,2783,53,1.229,1,2054,1,39.935,0.482,-18.625,-21.375,-28.125,-0.121,0.020,1.035,0.039,-0.480,0.316,0.086,0.032,1.023,1.395,2,NULL,NULL,,2,0,2,7,255,1125,250,0,0
pre_stim,20270,20270,0,20270,3217584.455,0.884,-0.066,-0.056,0.460,2185,309,2227,2597,2759,2536,1735,2799,53,1.229,1,2054,1,44.634,0.572,-26.500,-21.938,-28.438,-0.125,-0.012,1.031,0.039,-0.570,0.371,0.090,0.032,1.023,1.395,2,NULL,NULL,,2,0,2,7,255,1125,250,0,0
pre_stim,20270,20270,0,20270,3217589.454,0.883,-0.064,-0.056,0.461,2093,309,2278,2547,2765,2542,1827,2808,53,1.229,1,2054,1,48.998,0.704,-32.813,-22.938,-28.250,-0.129,-0.027,1.023,-0.254,-0.656,0.371,0.092,0.032,1.023,1.395,2,NULL,NULL,,2,0,2,7,255,1125,250,0,0
pre_stim,20270,20270,0,20270,3217594.457,0.883,-0.062,-0.055,0.462,2023,299,2335,2505,2796,2550,1911,2824,53,1.229,1,2054,1,52.070,0.704,-35.125,-23.313,-30.563,-0.129,0.008,0.996,-0.254,-0.656,0.297,0.094,0.034,1.023,1.395,2,NULL,NULL,,2,0,2,7,255,1125,250,0,0
pre_stim,20270,20270,0,20270,3217599.453,0.882,-0.060,-0.055,0.463,1916,295,2391,2439,2812,2551,1997,2845,53,1.229,1,2054,1,50.144,0.405,-31.125,-23.938,-31.188,-0.102,0.047,0.965,-0.090,-0.395,0.027,0.096,0.034,1.023,1.395,2,NULL,NULL,,2,0,2,7,255,1125,250,0,0
pre_stim,20308,20308,0,20308,3217604.456,0.882,-0.058,-0.055,0.464,1815,287,2447,2356,2827,2543,2075,2855,53,1.229,1,2054,1,45.447,0.539,-24.875,-25.188,-28.500,-0.086,0.035,0.973,0.367,-0.395,-0.238,0.098,0.036,1.023,1.395,2,NULL,NULL,,2,0,2,7,255,1125,250,0,0
pre_stim,20308,20308,0,20308,3217609.454,0.882,-0.057,-0.054,0.465,1655,271,2487,2269,2851,2547,2137,2861,53,1.229,1,2054,1,41.801,0.599,-22.000,-26.938,-23.188,-0.109,-0.016,1.027,0.367,-0.473,-0.238,0.102,0.036,1.023,1.395,2,NULL,NULL,,2,0,2,7,255,1125,250,0,0
pre_stim,20308,20308,0,20308,3217614.455,0.881,-0.055,-0.054,0.466,1498,265,2525,2155,2859,2547,2201,2873,53,1.229,1,2054,1,46.345,0.488,-28.000,-27.125,-25.063,-0.148,-0.035,1.070,-0.121,-0.473,0.289,0.104,0.038,1.023,1.395,2,NULL,NULL,,2,0,2,7,255,1125,250,0,0
pre_stim,20308,20308,0,20308,3217619.454,0.881,-0.053,-0.053,0.468,1307,239,2566,2025,2871,2549,2261,2878,53,1.229,1,2054,1,52.994,0.504,-32.688,-27.125,-31.688,-0.145,-0.012,1.023,-0.258,-0.434,0.313,0.106,0.038,1.023,1.395,2,NULL,NULL,,2,0,2,7,255,1125,250,0,0
pre_stim,20308,20308,0,20308,3217624.457,0.880,-0.051,-0.053,0.469,1175,237,2599,1855,2895,2542,2323,2897,53,1.229,1,2054,1,51.880,0.504,-29.563,-28.313,-31.875,-0.098,-0.004,0.980,-0.258,-0.434,0.313,0.110,0.040,1.023,1.395,2,NULL,NULL,,2,0,2,7,255,1125,250,0,0
pre_stim,20308,20308,0,20308,3217629.453,0.880,-0.050,-0.052,0.470,986,215,2634,1703,2907,2533,2374,2903,53,1.229,1,2054,1,46.751,0.482,-23.688,-29.813,-27.125,-0.066,0.000,0.992,0.043,-0.480,-0.094,0.112,0.040,1.023,1.395,2,NULL,NULL,,2,0,2,7,255,1125,250,0,0
pre_stim,20332,20332,0,20332,3217634.455,0.880,-0.048,-0.051,0.471,821,159,2675,1491,2919,2541,2416,2913,53,1.229,1,2054,1,42.230,0.637,-18.188,-30.625,-22.688,-0.082,-0.012,1.016,0.074,-0.633,-0.094,0.114,0.042,1.023,1.395,2,NULL,NULL,,2,0,2,7,255,1125,250,0,0
pre_stim,20332,20332,0,20332,3217639.455,0.879,-0.047,-0.050,0.471,594,103,2705,1315,2936,2526,2463,2919,53,1.229,1,2054,1,41.269,0.637,-17.250,-31.750,-19.938,-0.125,-0.031,1.047,0.074,-0.633,0.145,0.116,0.044,1.023,1.395,2,NULL,NULL,,2,0,2,7,255,1125,250,0,0
pre_stim,20332,20332,0,20332,3217644.458,0.879,-0.045,-0.049,0.472,392,72,2728,1133,2953,2521,2517,2931,53,1.229,1,2054,1,43.058,0.391,-17.688,-34.000,-19.625,-0.141,0.004,1.082,-0.078,-0.383,0.516,0.118,0.046,1.023,1.395,2,NULL,NULL,,2,0,2,7,255,1125,250,0,0
pre_stim,20332,20332,0,20332,3217649.453,0.879,-0.044,-0.048,0.473,225,41,2749,927,2962,2509,2555,2935,53,1.229,1,2054,1,47.398,0.116,-19.813,-36.750,-22.438,-0.133,0.039,1.074,-0.078,-0.086,0.801,0.120,0.046,1.023,1.395,2,NULL,NULL,,2,0,2,7,255,1125,250,0,0
pre_stim,20332,20332,0,20332,3217654.457,0.878,-0.042,-0.047,0.474,148,0,2781,722,2980,2491,2596,2943,53,1.229,1,2054,1,51.849,0.275,-20.563,-37.500,-29.313,-0.082,0.063,1.055,0.262,-0.086,0.801,0.122,0.048,1.023,1.395,2,NULL,NULL,,2,0,2,7,255,1125,250,0,0
pre_stim,20332,20332,0,20332,3217659.454,0.878,-0.041,-0.046,0.475,59,0,2829,506,2987,2483,2633,2954,53,1.229,1,2054,1,49.285,0.716,-15.375,-39.750,-24.750,-0.027,0.074,1.039,0.707,-0.113,0.539,0.124,0.048,1.023,1.395,2,NULL,NULL,,2,0,2,7,255,1125,250,0,0
pre_stim,20353,20353,0,20353,3217664.457,0.878,-0.039,-0.045,0.476,29,0,2821,345,3005,2460,2665,2957,53,1.229,1,2054,1,48.976,0.919,-12.188,-42.188,-21.688,-0.051,0.063,1.090,0.855,-0.336,0.539,0.126,0.050,1.023,1.395,2,NULL,NULL,,2,0,2,7,255,1125,250,0,0
pre_stim,20353,20353,0,20353,3217669.454,0.877,-0.038,-0.043,0.476,4,0,2827,293,3020,2440,2679,2965,53,1.229,1,2054,1,51.491,1.126,-13.250,-46.625,-17.375,-0.051,0.141,1.129,1.074,-0.336,0.836,0.126,0.054,1.023,1.395,2,NULL,NULL,,2,0,2,7,255,1125,250,0,0
pre_stim,20353,20353,0,20353,3217674.455,0.877,-0.037,-0.041,0.477,0,0,2856,219,3029,2412,2701,2967,53,1.229,1,2054,1,50.726,0.861,-5.688,-50.063,-5.875,-0.227,0.063,1.207,0.855,0.098,1.234,0.124,0.060,1.023,1.395,2,NULL,NULL,,2,0,2,7,255,1125,250,0,0
pre_stim,20353,20353,0,20353,3217679.453,0.877,-0.035,-0.039,0.477,0,0,2863,169,3029,2391,2741,2972,53,1.229,1,2054,1,59.579,1.091,-1.375,-58.250,-12.438,-0.352,-0.090,1.309,-0.051,1.090,2.191,0.120,0.068,1.023,1.395,2,NULL,NULL,,2,0,2,7,255,1125,250,0,0
pre_stim,20353,20353,0,20353,3217684.456,0.877,-0.034,-0.037,0.478,0,0,2872,155,3037,2366,2777,2979,53,1.229,1,2054,1,69.371,2.105,4.313,-65.875,-21.313,-0.316,-0.102,1.418,-1.801,1.090,3.316,0.116,0.072,1.023,1.395,2,NULL,NULL,,2,0,2,7,255,1125,250,0,0
pre_stim,20353,20353,0,20353,3217689.454,0.877,-0.033,-0.034,0.479,0,0,2895,115,3040,2327,2795,2983,53,1.229,1,2054,0,75.624,2.197,12.938,-72.688,-16.375,-0.297,0.027,1.555,-1.801,1.258,4.324,0.114,0.076,1.023,1.395,3,NULL,NULL,,2,0,2,7,255,1125,250,0,0
pre_stim,20429,20429,0,20429,3217694.456,0.877,-0.032,-0.030,0.479,0,0,2894,71,3050,2279,2813,2987,53,1.229,1,2054,0,83.689,1.515,5.250,-83.438,3.813,-0.129,0.367,1.586,-0.602,1.391,5.613,0.110,0.080,1.023,1.395,3,NULL,NULL,,2,0,2,7,255,1125,250,0,0
pre_stim,20429,20429,0,20429,3217699.453,0.877,-0.028,-0.028,0.478,0,0,2905,39,3076,2216,2831,2984,53,1.229,1,2054,0,98.704,3.321,-52.500,-82.938,10.375,-0.027,0.320,1.402,3.016,1.391,5.613,0.108,0.084,1.023,1.395,3,NULL,NULL,,2,0,2,7,255,1125,250,0,0
pre_stim,20429,20429,0,20429,3217704.455,0.878,-0.025,-0.026,0.477,0,0,2905,0,3067,2165,2855,2981,53,1.229,1,2054,0,111.103,3.188,-59.125,-88.875,30.813,-0.098,0.125,1.160,3.016,1.035,3.891,0.104,0.092,1.023,1.395,3,NULL,NULL,,2,0,2,7,255,1125,250,0,0
pre_stim,20429,20429,0,20429,3217709.454,0.879,-0.021,-0.023,0.475,0,0,2911,0,3087,2085,2872,2983,53,1.229,1,2054,0,112.397,1.428,-35.000,-96.125,46.563,-0.230,-0.023,1.078,0.984,1.035,1.594,0.098,0.100,1.023,1.395,3,NULL,NULL,,2,0,2,7,255,1125,250,0,0
pre_stim,20429,20429,0,20429,3217714.456,0.880,-0.019,-0.020,0.473,0,0,2915,0,3095,2001,2891,2993,53,1.229,1,2054,0,110.875,1.620,-15.563,-102.875,38.313,-0.316,-0.070,1.168,-1.016,1.262,1.594,0.092,0.108,1.023,1.395,3,NULL,NULL,,2,0,2,7,255,1125,250,0,0
pre_stim,20429,20429,0,20429,3217719.454,0.881,-0.016,-0.016,0.473,0,0,2908,0,3091,1873,2917,2975,53,1.229,1,2054,0,109.162,2.254,-15.750,-106.875,15.688,-0.293,-0.145,1.211,-1.867,1.262,1.793,0.086,0.118,1.023,1.395,3,NULL,NULL,,2,0,2,7,255,1125,250,0,0
pre_stim,20429,20429,0,20429,3217724.455,0.881,-0.013,-0.012,0.472,0,0,2903,0,3099,1753,2920,2979,53,1.229,1,2054,0,114.871,2.573,-11.563,-113.063,16.688,-0.215,-0.176,1.230,-2.258,1.234,2.215,0.080,0.126,1.023,1.395,3,NULL,NULL,,2,0,2,7,255,1125,250,0,0
pre_stim,20429,20429,0,20429,3217729.453,0.882,-0.010,-0.008,0.471,0,0,2898,0,3098,1625,2928,2975,53,1.229,1,2054,0,120.119,2.327,-17.250,-117.875,15.375,-0.188,-0.148,1.203,-2.258,0.563,2.215,0.074,0.136,1.023,1.395,3,NULL,NULL,,2,0,2,7,255,1125,250,0,0
pre_stim,20429,20429,0,20429,3217734.457,0.882,-0.007,-0.004,0.470,0,0,2891,0,3097,1425,2943,2964,53,1.229,1,2054,0,127.272,2.025,-13.000,-123.625,27.313,-0.184,-0.098,1.203,-1.945,0.563,2.043,0.068,0.146,1.023,1.395,3,NULL,NULL,,2,0,2,7,255,1125,250,0,0
pre_stim,20429,20429,0,20429,3217739.454,0.883,-0.004,0.001,0.469,0,0,2883,0,3112,1231,2964,2967,53,1.229,1,2054,0,131.220,1.819,-15.750,-128.688,20.250,-0.164,-0.027,1.137,-1.582,0.898,2.039,0.060,0.156,1.023,1.395,3,NULL,NULL,,2,0,2,7,255,1125,250,0,0
pre_stim,20429,20429,0,20429,3217744.455,0.884,-0.001,0.005,0.468,0,0,2861,0,3113,997,2980,2943,53,1.229,1,2054,0,136.859,1.891,-8.688,-133.875,27.063,-0.184,-0.113,1.125,-1.582,1.035,1.336,0.052,0.166,1.023,1.395,3,NULL,NULL,,2,0,2,7,255,1125,250,0,0
pre_stim,20429,20429,0,20429,3217749.453,0.884,0.002,0.010,0.467,0,0,2851,0,3111,822,2989,2943,53,1.229,1,2054,0,141.630,1.966,-1.125,-140.125,20.563,-0.164,-0.094,1.121,-1.637,1.090,1.238,0.046,0.178,1.023,1.395,3,NULL,NULL,,2,0,2,7,255,1125,250,0,0
pre_stim,20429,20429,0,20429,3217754.455,0.885,0.005,0.016,0.466,0,0,2825,0,3121,599,2991,2924,53,1.229,1,2054,0,146.540,2.104,-1.438,-145.188,19.813,-0.188,-0.199,1.090,-1.832,1.035,1.180,0.036,0.188,1.023,1.395,3,NULL,NULL,,2,0,2,7,255,1125,250,0,0
pre_stim,20429,20429,0,20429,3217759.454,0.885,0.008,0.022,0.465,0,0,2804,0,3115,454,2996,2909,53,1.229,1,2054,0,153.725,2.549,15.063,-151.938,17.875,-0.184,-0.141,1.148,-2.305,1.090,1.180,0.030,0.200,1.023,1.395,3,NULL,NULL,,2,0,2,7,255,1125,250,0,0
pre_stim,20452,20452,0,20452,3217764.457,0.885,0.010,0.028,0.465,0,0,2759,0,3114,299,2990,2891,53,1.229,1,2054,0,159.820,2.600,14.813,-158.625,12.688,-0.199,-0.063,1.203,-2.305,1.203,1.398,0.024,0.212,1.023,1.395,3,NULL,NULL,,2,0,2,7,255,1125,250,0,0
pre_stim,20452,20452,0,20452,3217769.454,0.885,0.013,0.034,0.464,0,0,2719,0,3123,139,2998,2863,53,1.229,1,2054,0,167.510,2.610,19.500,-166.188,7.813,-0.129,-0.008,1.266,-1.867,1.824,1.875,0.022,0.224,1.023,1.395,3,NULL,NULL,,2,0,2,7,255,1125,250,0,0
pre_stim,20452,20452,0,20452,3217774.457,0.885,0.015,0.041,0.463,0,0,2679,0,3119,61,3001,2852,53,1.229,1,2054,0,175.842,2.222,19.500,-174.438,10.563,-0.137,0.098,1.305,-1.160,1.895,2.457,0.024,0.236,1.023,1.395,3,NULL,NULL,,2,0,2,7,255,1125,250,0,0
pre_stim,20452,20452,0,20452,3217779.453,0.885,0.018,0.049,0.463,0,0,2623,0,3113,12,3013,2815,53,1.229,1,2054,0,182.897,2.664,24.500,-181.188,4.688,-0.168,0.137,1.348,-0.496,2.617,2.809,0.030,0.250,1.023,1.395,3,NULL,NULL,,2,0,2,7,255,1125,250,0,0
pre_stim,20472,20472,0,20472,3217784.455,0.885,0.021,0.056,0.462,0,0,2571,0,3115,0,3007,2775,53,1.229,1,2054,0,191.807,3.342,19.500,-190.813,0.375,-0.117,0.176,1.566,-0.496,3.305,3.152,0.038,0.264,1.023,1.395,3,NULL,NULL,,2,0,2,7,255,1125,250,0,0
pre_stim,20472,20472,0,20472,3217789.454,0.885,0.025,0.064,0.461,0,0,2485,0,3125,0,3012,2732,53,1.229,1,2054,0,199.450,3.523,-0.438,-199.125,11.375,-0.207,0.184,1.684,-0.496,3.488,5.266,0.048,0.282,1.023,1.395,3,NULL,NULL,,2,0,2,7,255,1125,250,0,0
pre_stim,20472,20472,0,20472,3217794.455,0.884,0.029,0.072,0.461,0,0,2403,0,3109,0,3013,2677,53,1.229,1,2054,0,211.169,4.654,-5.000,-211.000,6.813,-0.301,0.230,1.879,-0.836,4.578,6.223,0.062,0.302,1.023,1.395,3,NULL,NULL,,2,0,2,7,255,1125,250,0,0
pre_stim,20472,20472,0,20472,3217799.453,0.884,0.035,0.080,0.460,0,0,2291,0,3109,0,3011,2629,53,1.229,1,2054,0,227.257,6.228,-26.563,-225.688,2.313,-0.383,0.270,1.957,-1.270,6.098,7.891,0.078,0.326,1.023,1.395,3,NULL,NULL,,2,0,2,7,255,1125,250,0,0
pre_stim,20511,20511,0,20511,3217804.456,0.883,0.041,0.089,0.459,0,0,2151,0,3096,0,3003,2552,53,1.229,1,2054,0,245.116,7.507,-28.500,-243.438,2.750,-0.426,0.398,2.074,-1.270,7.398,8.379,0.102,0.354,1.023,1.395,3,NULL,NULL,,2,0,2,7,255,1125,250,0,0
pre_stim,20511,20511,0,20511,3217809.454,0.882,0.047,0.098,0.458,0,0,2001,0,3081,0,2984,2476,53,1.229,1,2054,0,268.718,9.082,-32.875,-266.500,10.313,-0.414,0.582,2.254,-1.129,9.012,9.258,0.132,0.388,1.023,1.395,3,NULL,NULL,,2,0,2,7,255,1125,250,0,0
pre_stim,20511,20511,0,20511,3217814.457,0.881,0.056,0.108,0.457,0,0,1809,0,3061,0,2968,2395,53,1.229,1,2054,0,293.297,10.648,-64.563,-285.813,12.875,-0.371,0.738,2.313,0.031,10.648,10.738,0.168,0.428,1.023,1.395,3,NULL,NULL,,2,0,2,7,255,1125,250,0,0
pre_stim,20511,20511,0,20511,3217819.453,0.880,0.066,0.118,0.456,0,0,1689,0,3046,0,2934,2291,53,1.229,1,2054,0,321.777,11.824,-96.438,-306.313,20.313,-0.398,0.684,2.281,0.523,11.813,10.738,0.210,0.474,1.023,1.395,3,NULL,NULL,,2,0,2,7,255,1125,250,0,0
pre_stim,20511,20511,0,20511,3217824.457,0.879,0.076,0.128,0.454,0,0,1593,0,3031,6,2921,2159,53,1.229,1,2054,0,344.907,12.226,-109.125,-326.063,27.125,-0.492,0.660,2.371,0.523,12.215,10.637,0.258,0.526,1.023,1.395,3,NULL,NULL,,2,0,2,7,255,1125,250,0,0
pre_stim,20511,20511,0,20511,3217829.453,0.877,0.088,0.138,0.452,0,0,1480,0,2989,17,2873,2037,53,1.229,1,2054,0,366.839,13.609,-130.625,-342.250,19.313,-0.625,0.672,2.422,-0.461,13.602,10.422,0.312,0.582,1.023,1.395,3,NULL,NULL,,2,0,2,7,255,1125,250,0,0
pre_stim,20511,20511,0,20511,3217834.457,0.874,0.101,0.149,0.451,0,0,1401,0,2952,3,2826,1916,53,1.229,1,2054,0,387.584,15.491,-143.750,-359.938,1.500,-0.695,0.762,2.512,-1.234,15.441,10.246,0.372,0.644,1.023,1.395,3,NULL,NULL,,2,0,2,7,255,1125,250,0,0
pre_stim,20511,20511,0,20511,3217839.454,0.871,0.114,0.161,0.451,0,0,1319,0,2893,0,2739,1771,53,1.229,1,2054,0,404.593,17.441,-143.688,-377.625,-21.188,-0.664,0.719,2.648,-1.320,17.391,10.246,0.440,0.714,1.023,1.395,3,NULL,NULL,,2,0,2,7,255,1125,250,0,0
pre_stim,20511,20511,0,20511,3217844.455,0.867,0.127,0.174,0.450,0,0,1237,0,2823,0,2620,1647,53,1.229,1,2054,0,425.729,18.166,-136.250,-402.125,-31.250,-0.684,0.512,2.883,-1.742,18.082,11.023,0.516,0.792,1.023,1.395,3,NULL,NULL,,2,0,2,7,255,1125,250,0,0
pre_stim,20511,20511,0,20511,3217849.453,0.862,0.141,0.186,0.449,0,0,1091,0,2761,0,2477,1497,53,1.229,1,2054,0,455.989,19.176,-163.938,-424.750,-25.250,-0.793,0.539,2.910,-4.055,18.742,11.492,0.598,0.876,1.023,1.395,3,NULL,NULL,,2,0,2,7,255,1125,250,0,0
pre_stim,20540,20540,0,20540,3217854.457,0.857,0.156,0.200,0.449,0,0,952,0,2642,0,2264,1364,53,1.229,1,2054,0,471.266,21.131,-172.938,-437.063,-34.063,-0.852,0.523,2.844,-4.598,20.625,11.492,0.686,0.966,1.023,1.395,3,NULL,NULL,,2,0,2,7,255,1125,250,0,0
pre_stim,20540,20540,0,20540,3217859.454,0.851,0.171,0.213,0.449,0,0,780,0,2493,0,2008,1192,53,1.229,1,2054,0,479.346,21.223,-171.875,-444.188,-54.125,-0.723,0.344,2.805,-5.004,20.625,9.809,0.780,1.062,1.023,1.395,3,NULL,NULL,,2,0,2,7,255,1125,250,0,0
pre_stim,20540,20540,0,20540,3217864.457,0.844,0.186,0.227,0.448,0,0,639,0,2319,0,1707,1023,53,1.229,1,2054,0,488.713,21.125,-165.563,-455.875,-60.063,-0.586,0.055,2.785,-5.855,20.297,9.469,0.880,1.164,1.023,1.395,3,NULL,NULL,,2,0,2,7,255,1125,250,0,0
pre_stim,20540,20540,0,20540,3217869.453,0.838,0.201,0.241,0.447,0,0,456,0,2089,0,1279,876,53,1.229,1,2054,0,508.596,20.133,-176.063,-476.313,-28.250,-0.477,-0.305,2.492,-7.691,18.605,9.422,0.978,1.266,1.023,1.395,3,NULL,NULL,,2,0,2,7,255,1125,250,0,0
pre_stim,20569,20569,0,20569,3217874.456,0.831,0.218,0.256,0.443,0,0,263,0,1809,0,789,750,53,1.229,1,2054,0,527.344,18.017,-180.813,-495.375,1.625,-0.305,-0.480,1.914,-9.406,15.367,7.438,1.074,1.366,1.023,1.395,3,NULL,NULL,,2,0,2,7,255,1125,250,0,0
pre_stim,20569,20569,0,20569,3217879.454,0.824,0.232,0.271,0.439,0,0,133,0,1453,0,265,624,53,1.229,1,2054,0,525.000,14.343,-128.750,-508.938,5.563,-0.262,-0.508,1.469,-9.406,10.828,3.555,1.158,1.454,1.023,1.395,3,NULL,NULL,,2,0,2,7,255,1125,250,0,0
pre_stim,20569,20569,0,20569,3217884.455,0.818,0.245,0.288,0.433,0,0,45,0,1083,0,21,483,53,1.229,1,2054,0,514.203,13.229,-63.875,-509.688,23.313,-0.211,-0.070,1.410,-8.684,9.980,0.043,1.234,1.534,1.023,1.395,3,NULL,NULL,,2,0,2,7,255,1125,250,0,0
pre_stim,20569,20569,0,20569,3217889.453,0.813,0.255,0.305,0.426,0,0,28,0,659,0,0,399,53,1.229,1,2054,0,500.222,11.095,-19.688,-498.625,34.750,-0.254,0.410,1.828,-4.848,9.980,-0.125,1.306,1.608,1.023,1.395,3,NULL,NULL,,2,0,2,7,255,1125,250,0,0
pre_stim,20569,20569,0,20569,3217894.456,0.807,0.267,0.320,0.417,0,0,18,0,250,0,0,298,53,1.229,1,2054,0,509.815,15.932,-31.813,-499.563,96.625,-0.621,0.594,2.102,-3.355,15.574,-1.293,1.378,1.684,1.023,1.395,3,NULL,NULL,,2,0,2,7,255,1125,250,0,0
pre_stim,20569,20569,0,20569,3217899.453,0.802,0.282,0.334,0.406,0,0,0,0,0,0,0,188,53,1.229,1,2054,0,547.070,20.834,-94.125,-511.063,171.000,-1.094,0.508,1.949,-3.355,20.563,-2.078,1.456,1.766,1.023,1.395,3,NULL,NULL,,2,0,2,7,255,1125,250,0,0
pre_stim,20609,20609,0,20609,3217904.455,0.797,0.298,0.347,0.394,0,0,0,0,0,0,0,107,53,1.229,1,2054,0,564.678,21.430,-121.500,-517.938,189.313,-1.406,0.469,1.613,-6.035,20.563,-7.324,1.540,1.854,1.023,1.395,4,NULL,NULL,,2,0,2,7,255,1125,250,0,0
pre_stim,20609,20609,0,20609,3217909.454,0.790,0.314,0.360,0.384,0,0,0,0,0,0,0,41,53,1.229,1,2054,0,535.780,20.962,-145.563,-497.438,135.750,-1.117,0.914,1.301,-6.035,20.074,-12.621,1.632,1.946,1.023,1.395,0,NULL,NULL,,2,0,2,7,255,1125,250,0,0
pre_stim,20609,20609,0,20609,3217914.456,0.782,0.329,0.371,0.378,0,0,0,0,0,0,0,58,53,1.229,1,2054,0,487.331,18.542,-182.000,-446.500,70.750,-0.625,1.477,1.102,-1.254,18.500,-13.082,1.724,2.042,1.023,1.395,0,NULL,NULL,,2,0,2,7,255,1125,250,0,0
pre_stim,20609,20609,0,20609,3217919.453,0.773,0.345,0.379,0.375,0,0,0,0,0,0,0,105,53,1.229,1,2054,0,456.237,18.697,-252.375,-378.000,39.688,-0.109,1.246,0.836,6.152,17.656,-13.082,1.814,2.136,1.023,1.395,0,NULL,NULL,,2,0,2,7,255,1125,250,0,0
pre_stim,20609,20609,0,20609,3217924.456,0.765,0.358,0.384,0.372,0,0,0,0,0,0,0,127,53,1.229,1,2054,0,366.383,14.069,-216.438,-292.000,46.125,-0.008,0.285,0.824,6.152,12.652,-10.090,1.896,2.220,1.023,1.395,0,NULL,NULL,,2,0,2,7,255,1125,250,0,0
pre_stim,20609,20609,0,20609,3217929.454,0.761,0.367,0.388,0.369,0,0,0,0,0,0,0,165,53,1.229,1,2054,0,268.943,10.048,-145.375,-213.188,75.813,-0.398,-0.172,1.160,-0.113,10.047,-7.883,1.968,2.294,1.023,1.395,0,NULL,NULL,,2,0,2,7,255,1125,250,0,0
pre_stim,20636,20636,0,20636,3217934.458,0.757,0.376,0.388,0.367,0,0,0,0,0,0,0,175,53,1.229,1,2054,0,214.734,11.979,-158.688,-134.188,54.063,-0.777,0.074,1.559,-6.523,10.047,-7.883,2.034,2.364,1.023,1.395,0,NULL,NULL,,2,0,2,7,255,1125,250,0,0
pre_stim,20636,20636,0,20636,3217939.453,0.752,0.384,0.386,0.370,0,0,0,0,0,0,0,175,53,1.229,1,2054,0,246.859,14.131,-243.000,-43.438,1.875,-0.688,0.207,1.164,-6.523,12.535,-10.379,2.100,2.432,1.023,1.395,0,NULL,NULL,,2,0,2,7,255,1125,250,0,0
pre_stim,20636,20636,0,20636,3217944.455,0.748,0.393,0.380,0.376,0,0,0,0,0,0,0,142,53,1.229,1,2054,0,292.271,13.246,-289.063,43.188,0.500,-0.395,0.391,0.336,-4.281,12.535,-11.711,2.164,2.498,1.023,1.395,0,NULL,NULL,,2,0,2,7,255,1125,250,0,0
pre_stim,20636,20636,0,20636,3217949.454,0.746,0.400,0.371,0.381,0,0,0,0,0,0,0,98,53,1.229,1,2054,0,278.303,5.407,-250.938,116.625,29.688,-0.379,0.645,-0.301,0.773,5.352,-13.059,2.224,2.560,1.023,1.395,0,NULL,NULL,,2,0,2,7,255,1125,250,0,0
pre_stim,20636,20636,0,20636,3217954.457,0.747,0.402,0.363,0.385,0,0,0,0,0,0,0,75,53,1.229,1,2054,0,222.731,3.702,-138.500,170.188,38.250,-0.586,0.621,-0.473,3.648,0.629,-16.227,2.268,2.608,1.023,1.395,0,NULL,NULL,,2,0,2,7,255,1125,250,0,0
pre_stim,20636,20636,0,20636,3217959.454,0.750,0.400,0.355,0.389,0,0,0,0,0,0,0,69,53,1.229,1,2054,0,211.605,3.702,-46.500,205.563,18.938,-0.707,0.363,0.035,3.648,0.629,-16.723,2.298,2.642,1.023,1.395,0,NULL,NULL,,2,0,2,7,255,1125,250,0,0
pre_stim,20636,20636,0,20636,3217964.456,0.752,0.398,0.347,0.394,0,0,0,0,0,0,0,58,53,1.229,1,2054,0,235.215,3.561,-41.313,231.500,5.188,-0.594,0.152,0.418,-0.117,3.559,-16.723,2.324,2.670,1.023,1.395,0,NULL,NULL,,2,0,2,7,255,1125,250,0,0
pre_stim,20636,20636,0,20636,3217969.453,0.755,0.396,0.337,0.399,0,0,0,0,0,0,0,57,53,1.229,1,2054,0,258.498,4.955,-71.563,247.500,21.063,-0.441,0.125,0.336,-1.535,4.711,-13.406,2.350,2.700,1.023,1.395,0,NULL,NULL,,2,0,2,7,255,1125,250,0,0
pre_stim,20660,20660,0,20660,3217974.455,0.758,0.395,0.327,0.403,0,0,0,0,0,0,0,51,53,1.229,1,2054,0,270.847,4.955,-75.625,255.125,50.500,-0.422,0.230,0.008,-1.535,4.711,-13.406,2.378,2.730,1.023,1.395,0,NULL,NULL,,2,0,2,7,255,1125,250,0,0
pre_stim,20660,20660,0,20660,3217979.454,0.762,0.392,0.316,0.406,0,0,0,0,0,0,0,55,53,1.229,1,2054,0,269.579,2.227,-43.125,258.188,64.438,-0.500,0.340,-0.203,-0.027,2.227,-13.914,2.402,2.756,1.023,1.395,0,NULL,NULL,,2,0,2,7,255,1125,250,0,0
pre_stim,20660,20660,0,20660,3217984.456,0.767,0.388,0.307,0.409,0,0,0,0,0,0,0,51,53,1.229,1,2054,0,267.100,1.726,-2.063,260.063,60.875,-0.512,0.359,-0.184,0.773,1.543,-15.895,2.420,2.778,1.023,1.395,0,NULL,NULL,,2,0,2,7,255,1125,250,0,0
pre_stim,20660,20660,0,20660,3217989.453,0.771,0.383,0.297,0.412,0,0,0,0,0,0,0,57,53,1.229,1,2054,0,270.304,1.731,22.625,262.688,59.563,-0.426,0.332,-0.063,0.785,1.543,-15.895,2.434,2.796,1.023,1.395,0,NULL,NULL,,2,0,2,7,255,1125,250,0,0
pre_stim,20715,20715,0,20715,3217994.455,0.777,0.378,0.288,0.413,0,0,0,0,0,0,0,51,53,1.229,1,2054,0,276.619,2.383,33.375,265.625,69.625,-0.375,0.309,0.016,0.785,2.250,-14.559,2.446,2.810,1.023,1.395,0,NULL,NULL,,2,0,2,7,255,1125,250,0,0
pre_stim,20715,20715,0,20715,3217999.454,0.782,0.373,0.278,0.415,0,0,0,0,0,0,0,45,53,1.229,1,2054,0,282.382,2.755,44.313,266.938,80.750,-0.418,0.297,0.051,0.703,2.664,-13.664,2.456,2.822,1.023,1.395,0,NULL,NULL,,2,0,2,7,255,1125,250,0,0
pre_stim,20715,20715,0,20715,3218004.455,0.787,0.367,0.269,0.416,0,0,0,0,0,0,0,40,53,1.229,1,2054,0,285.559,3.207,59.938,267.000,81.625,-0.480,0.270,0.121,0.316,3.191,-13.645,2.468,2.836,1.023,1.395,0,NULL,NULL,,2,0,2,7,255,1125,250,0,0
pre_stim,20715,20715,0,20715,3218009.454,0.793,0.360,0.260,0.417,0,0,0,0,0,0,0,45,53,1.229,1,2054,0,286.581,4.032,73.938,266.563,74.875,-0.480,0.230,0.242,-0.320,4.020,-13.535,2.480,2.852,1.023,1.395,0,NULL,NULL,,2,0,2,7,255,1125,250,0,0
pre_stim,20715,20715,0,20715,3218014.455,0.798,0.353,0.251,0.418,0,0,0,0,0,0,0,46,53,1.229,1,2054,0,287.166,4.985,80.688,267.188,67.563,-0.438,0.207,0.383,-0.813,4.918,-12.598,2.494,2.870,1.023,1.395,0,NULL,NULL,,2,0,2,7,255,1125,250,0,0
pre_stim,20715,20715,0,20715,3218019.454,0.803,0.346,0.242,0.420,0,0,0,0,0,0,0,45,53,1.229,1,2054,0,288.772,5.797,80.750,270.188,62.188,-0.395,0.195,0.492,-0.875,5.730,-11.250,2.512,2.890,1.023,1.395,0,NULL,NULL,,2,0,2,7,255,1125,250,0,0
pre_stim,20715,20715,0,20715,3218024.457,0.808,0.338,0.233,0.421,0,0,0,0,0,0,0,43,53,1.229,1,2054,0,292.020,6.444,79.000,275.188,57.500,-0.402,0.199,0.578,-0.910,6.379,-10.102,2.532,2.914,1.023,1.395,0,NULL,NULL,,2,0,2,7,255,1125,250,0,0
pre_stim,20715,20715,0,20715,3218029.454,0.813,0.331,0.224,0.423,0,0,0,0,0,0,0,54,53,1.229,1,2054,0,296.597,7.105,77.563,282.063,48.938,-0.434,0.215,0.660,-0.910,7.047,-9.461,2.556,2.940,1.023,1.395,0,NULL,NULL,,2,0,2,7,255,1125,250,0,0
pre_stim,20715,20715,0,20715,3218034.456,0.817,0.323,0.215,0.426,0,0,0,0,0,0,0,51,53,1.229,1,2054,0,302.232,7.932,75.188,290.563,35.563,-0.457,0.211,0.754,-1.016,7.867,-9.000,2.586,2.972,1.023,1.395,0,NULL,NULL,,2,0,2,7,255,1125,250,0,0
pre_stim,20715,20715,0,20715,3218039.453,0.821,0.315,0.205,0.429,0,0,0,0,0,0,0,52,53,1.229,1,2054,0,309.552,8.699,70.063,300.813,20.625,-0.453,0.199,0.840,-1.164,8.621,-8.309,2.620,3.008,1.023,1.395,0,NULL,NULL,,2,0,2,7,255,1125,250,0,0
pre_stim,20715,20715,0,20715,3218044.455,0.825,0.307,0.195,0.433,0,0,0,0,0,0,0,51,53,1.229,1,2054,0,318.341,9.197,61.875,312.188,7.188,-0.445,0.195,0.902,-1.176,9.121,-7.406,2.656,3.048,1.023,1.395,0,NULL,NULL,,2,0,2,7,255,1125,250,0,0
pre_stim,20715,20715,0,20715,3218049.454,0.828,0.299,0.185,0.437,0,0,0,0,0,0,0,45,53,1.229,1,2054,0,328.078,9.503,52.438,323.813,-5.563,-0.445,0.207,0.926,-1.176,9.430,-6.648,2.698,3.092,1.023,1.395,0,NULL,NULL,,2,0,2,7,255,1125,250,0,0
pre_stim,20743,20743,0,20743,3218054.457,0.831,0.290,0.174,0.442,0,0,0,0,0,0,0,47,53,1.229,1,2054,0,338.490,9.479,45.125,334.938,-18.875,-0.426,0.223,0.910,-0.961,9.430,-6.250,2.740,3.136,1.023,1.395,0,NULL,NULL,,2,0,2,7,255,1125,250,0,0
pre_stim,20743,20743,0,20743,3218059.454,0.833,0.282,0.163,0.448,0,0,0,0,0,0,0,53,53,1.229,1,2054,0,348.788,9.317,42.500,344.625,-32.875,-0.348,0.215,0.867,-0.605,9.297,-6.063,2.784,3.184,1.023,1.395,0,NULL,NULL,,2,0,2,7,255,1125,250,0,0
pre_stim,20743,20743,0,20743,3218064.455,0.835,0.273,0.152,0.454,0,0,0,0,0,0,0,45,53,1.229,1,2054,0,358.105,8.384,43.875,352.750,-43.375,-0.223,0.148,0.801,-0.121,8.383,-5.699,2.828,3.230,1.023,1.395,0,NULL,NULL,,2,0,2,7,255,1125,250,0,0
pre_stim,20743,20743,0,20743,3218069.454,0.836,0.264,0.140,0.459,0,0,0,0,0,0,0,46,53,1.229,1,2054,0,363.776,6.778,50.500,357.625,-43.438,-0.164,0.105,0.730,0.121,6.777,-5.172,2.870,3.276,1.023,1.395,0,NULL,NULL,,2,0,2,7,255,1125,250,0,0
pre_stim,20743,20743,0,20743,3218074.455,0.838,0.254,0.129,0.465,0,0,0,0,0,0,0,49,53,1.229,1,2054,0,366.941,5.654,63.250,359.000,-42.000,-0.156,0.148,0.695,0.148,5.652,-5.172,2.910,3.316,1.023,1.395,0,NULL,NULL,,2,0,2,7,255,1125,250,0,0
pre_stim,20743,20743,0,20743,3218079.453,0.840,0.243,0.118,0.471,0,0,0,0,0,0,0,49,53,1.229,1,2054,0,369.790,5.485,80.375,358.125,-45.063,-0.129,0.168,0.703,0.629,5.449,-5.125,2.944,3.354,1.023,1.395,0,NULL,NULL,,2,0,2,7,255,1125,250,0,0
pre_stim,20773,20773,0,20773,3218084.455,0.841,0.232,0.108,0.476,0,0,0,0,0,0,0,51,53,1.229,1,2054,0,370.866,5.346,98.250,354.813,-44.688,-0.074,0.168,0.766,1.027,5.246,-5.059,2.974,3.388,1.023,1.395,0,NULL,NULL,,2,0,2,7,255,1125,250,0,0
pre_stim,20773,20773,0,20773,3218089.453,0.843,0.221,0.098,0.481,0,0,0,0,0,0,0,51,53,1.229,1,2054,0,370.542,5.176,113.313,350.438,-40.688,-0.012,0.156,0.832,1.422,4.977,-4.180,3.002,3.418,1.023,1.395,0,NULL,NULL,,2,0,2,7,255,1125,250,0,0
pre_stim,20773,20773,0,20773,3218094.455,0.845,0.208,0.088,0.485,0,0,0,0,0,0,0,51,53,1.229,1,2054,0,369.516,4.916,127.125,345.375,-33.125,0.031,0.148,0.895,1.781,4.582,-3.176,3.028,3.448,1.023,1.395,0,NULL,NULL,,2,0,2,7,255,1125,250,0,0
pre_stim,20773,20773,0,20773,3218099.454,0.846,0.196,0.079,0.489,0,0,0,0,0,0,0,59,53,1.229,1,2054,0,369.427,4.931,141.625,340.313,-24.625,0.047,0.195,0.992,2.016,4.500,-2.328,3.052,3.474,1.023,1.395,0,NULL,NULL,,2,0,2,7,255,1125,250,0,0
pre_stim,20811,20811,0,20811,3218104.456,0.848,0.183,0.070,0.492,0,0,0,0,0,0,0,69,53,1.229,1,2054,0,369.840,5.208,151.438,336.938,-17.938,0.055,0.234,1.082,2.621,4.500,-1.441,3.074,3.498,1.023,1.395,0,NULL,NULL,,2,0,2,7,255,1125,250,0,0
pre_stim,20811,20811,0,20811,3218109.454,0.850,0.170,0.062,0.495,0,0,0,0,0,0,0,67,53,1.229,1,2054,0,370.783,5.569,162.313,333.250,-8.875,0.027,0.230,1.176,3.020,4.680,-0.578,3.094,3.520,1.023,1.395,0,NULL,NULL,,2,0,2,7,255,1125,250,0,0
pre_stim,20811,20811,0,20811,3218114.456,0.852,0.156,0.053,0.497,0,0,0,0,0,0,0,68,53,1.229,1,2054,0,372.685,5.744,170.063,331.563,-6.250,-0.012,0.211,1.266,3.020,4.887,0.375,3.114,3.544,1.023,1.395,0,NULL,NULL,,2,0,2,7,255,1125,250,0,0
pre_stim,20811,20811,0,20811,3218119.454,0.853,0.143,0.045,0.500,0,0,0,0,0,0,0,68,53,1.229,1,2054,0,373.064,5.772,172.188,330.875,-7.063,-0.027,0.191,1.371,2.793,5.051,1.305,3.136,3.566,1.023,1.395,0,NULL,NULL,,2,0,2,7,255,1125,250,0,0
pre_stim,20811,20811,0,20811,3218124.455,0.854,0.129,0.036,0.502,0,0,0,0,0,0,0,69,53,1.229,1,2054,0,374.081,5.789,174.938,330.625,-4.500,-0.031,0.211,1.492,2.793,5.070,2.449,3.158,3.590,1.023,1.395,0,NULL,NULL,,2,0,2,7,255,1125,250,0,0
pre_stim,20811,20811,0,20811,3218129.453,0.856,0.115,0.028,0.504,0,0,0,0,0,0,0,73,53,1.229,1,2054,0,373.014,5.861,171.500,331.250,-1.000,-0.078,0.246,1.621,2.926,5.078,3.707,3.180,3.616,1.023,1.395,0,NULL,NULL,,2,0,2,7,255,1125,250,0,0
pre_stim,20811,20811,0,20811,3218134.455,0.856,0.102,0.019,0.506,0,0,0,0,0,0,0,71,53,1.229,1,2054,0,370.444,6.223,164.563,331.875,-2.625,-0.141,0.238,1.738,2.941,5.484,4.957,3.204,3.640,1.023,1.395,0,NULL,NULL,,2,0,2,7,255,1125,250,0,0
pre_stim,20811,20811,0,20811,3218139.453,0.857,0.089,0.010,0.508,0,0,0,0,0,0,0,70,53,1.229,1,2054,0,366.292,6.261,153.188,332.625,-8.000,-0.168,0.219,1.836,2.941,5.527,6.172,3.228,3.666,1.023,1.395,0,NULL,NULL,,2,0,2,7,255,1125,250,0,0
pre_stim,20811,20811,0,20811,3218144.455,0.857,0.076,0.001,0.510,0,0,0,0,0,0,0,73,53,1.229,1,2054,0,361.041,6.225,140.313,332.438,-12.188,-0.164,0.211,1.887,2.863,5.527,7.266,3.250,3.692,1.023,1.395,0,NULL,NULL,,2,0,2,7,255,1125,250,0,0
pre_stim,20811,20811,0,20811,3218149.454,0.857,0.064,-0.009,0.512,0,0,0,0,0,0,0,77,53,1.229,1,2054,0,355.670,5.755,128.813,331.188,-14.938,-0.156,0.211,1.898,2.863,4.992,7.930,3.274,3.718,1.023,1.395,0,NULL,NULL,,2,0,2,7,255,1125,250,0,0
pre_stim,20839,20839,0,20839,3218154.457,0.856,0.052,-0.018,0.514,0,0,0,0,0,0,0,73,53,1.229,1,2054,0,351.315,5.257,121.250,329.250,-17.750,-0.137,0.188,1.879,2.949,4.352,8.145,3.298,3.744,1.023,1.395,0,NULL,NULL,,2,0,2,7,255,1125,250,0,0
pre_stim,20839,20839,0,20839,3218159.454,0.855,0.040,-0.027,0.516,0,0,0,0,0,0,0,72,53,1.229,1,2054,0,348.694,4.610,120.375,326.563,-21.313,-0.117,0.152,1.859,2.949,3.543,8.145,3.316,3.766,1.023,1.395,0,NULL,NULL,,2,0,2,7,255,1125,250,0,0
pre_stim,20839,20839,0,20839,3218164.455,0.854,0.028,-0.036,0.518,0,0,0,0,0,0,0,68,53,1.229,1,2054,0,347.959,3.841,125.750,323.438,-25.500,-0.098,0.117,1.867,2.789,2.641,8.145,3.334,3.784,1.023,1.395,0,NULL,NULL,,2,0,2,7,255,1125,250,0,0
pre_stim,20839,20839,0,20839,3218169.454,0.853,0.016,-0.045,0.520,0,0,0,0,0,0,0,74,53,1.229,1,2054,0,348.359,3.192,132.938,320.625,-29.688,-0.055,0.063,1.891,2.672,1.746,8.266,3.346,3.800,1.023,1.395,0,NULL,NULL,,2,0,2,7,255,1125,250,0,0
pre_stim,20867,20867,0,20867,3218174.455,0.851,0.003,-0.054,0.522,0,0,0,0,0,0,0,69,53,1.229,1,2054,0,349.486,2.517,141.000,318.188,-31.875,-0.004,0.012,1.898,2.449,0.582,8.570,3.356,3.810,1.023,1.395,0,NULL,NULL,,2,0,2,7,255,1125,250,0,0
pre_stim,20867,20867,0,20867,3218179.453,0.850,-0.010,-0.062,0.524,0,0,0,0,0,0,0,74,53,1.229,1,2054,0,353.456,2.397,153.438,316.688,-33.125,0.070,-0.020,1.879,2.301,-0.672,8.570,3.360,3.818,1.023,1.395,0,NULL,NULL,,2,0,2,7,255,1125,250,0,0
pre_stim,20867,20867,0,20867,3218184.455,0.848,-0.023,-0.069,0.526,0,0,0,0,0,0,0,75,53,1.229,1,2054,0,361.558,3.014,173.938,315.188,-33.563,0.168,-0.074,1.875,2.258,-1.996,8.371,3.360,3.820,1.023,1.395,0,NULL,NULL,,2,0,2,7,255,1125,250,0,0
pre_stim,20867,20867,0,20867,3218189.453,0.845,-0.038,-0.076,0.527,0,0,0,0,0,0,0,77,53,1.229,1,2054,0,373.242,4.320,200.063,313.375,-32.875,0.320,-0.102,1.938,2.301,-3.656,8.371,3.354,3.816,1.023,1.395,0,NULL,NULL,,2,0,2,7,255,1125,250,0,0
pre_stim,20867,20867,0,20867,3218194.457,0.843,-0.053,-0.082,0.529,0,0,0,0,0,0,0,74,53,1.229,1,2054,0,387.628,6.323,227.438,312.313,-31.438,0.520,-0.086,2.047,2.605,-5.762,8.402,3.340,3.804,1.023,1.395,0,NULL,NULL,,2,0,2,7,255,1125,250,0,0
pre_stim,20867,20867,0,20867,3218199.454,0.840,-0.069,-0.088,0.531,0,0,0,0,0,0,0,73,53,1.229,1,2054,0,402.396,8.960,251.313,313.063,-27.500,0.723,-0.063,2.172,3.578,-8.215,8.879,3.316,3.782,1.023,1.395,0,NULL,NULL,,2,0,2,7,255,1125,250,0,0
pre_stim,20908,20908,0,20908,3218204.455,0.837,-0.086,-0.093,0.532,0,0,0,0,0,0,0,74,53,1.229,1,2054,0,416.516,11.671,273.813,313.375,-17.563,0.895,-0.070,2.328,4.535,-10.754,9.395,3.280,3.748,1.023,1.395,0,NULL,NULL,,2,0,2,7,255,1125,250,0,0
pre_stim,20908,20908,0,20908,3218209.454,0.834,-0.104,-0.098,0.532,0,0,0,0,0,0,0,71,53,1.229,1,2054,0,429.441,14.258,293.125,313.750,-7.625,1.035,-0.066,2.527,5.074,-13.324,10.105,3.234,3.704,1.023,1.395,0,NULL,NULL,,2,0,2,7,255,1125,250,0,0
pre_stim,20908,20908,0,20908,3218214.456,0.831,-0.123,-0.102,0.532,0,0,0,0,0,0,0,76,53,1.229,1,2054,0,437.651,16.665,303.563,315.250,-2.375,1.137,-0.016,2.730,5.535,-15.719,11.160,3.176,3.648,1.023,1.395,0,NULL,NULL,,2,0,2,7,255,1125,250,0,0
pre_stim,20908,20908,0,20908,3218219.454,0.828,-0.141,-0.107,0.532,0,0,0,0,0,0,0,75,53,1.229,1,2054,0,437.882,18.831,303.125,316.000,0.250,1.211,0.039,2.926,6.188,-17.785,12.293,3.106,3.582,1.023,1.395,0,NULL,NULL,,2,0,2,7,255,1125,250,0,0
pre_stim,20908,20908,0,20908,3218224.457,0.824,-0.159,-0.112,0.532,0,0,0,0,0,0,0,73,53,1.229,1,2054,0,427.744,20.734,289.500,314.875,2.938,1.246,0.109,3.086,6.734,-19.609,13.313,3.030,3.506,1.023,1.395,0,NULL,NULL,,2,0,2,7,255,1125,250,0,0
pre_stim,20908,20908,0,20908,3218229.453,0.821,-0.175,-0.117,0.531,0,0,0,0,0,0,0,87,53,1.229,1,2054,0,405.680,22.261,260.688,310.813,3.750,1.262,0.211,3.188,7.207,-21.063,14.090,2.942,3.422,1.023,1.395,0,NULL,NULL,,2,0,2,7,255,1125,250,0,0
pre_stim,20935,20935,0,20935,3218234.455,0.817,-0.190,-0.123,0.530,0,0,0,0,0,0,0,89,53,1.229,1,2054,0,376.158,23.432,222.563,303.250,-0.188,1.344,0.387,3.250,7.938,-22.047,14.234,2.850,3.330,1.023,1.395,0,NULL,NULL,,2,0,2,7,255,1125,250,0,0
pre_stim,20935,20935,0,20935,3218239.453,0.814,-0.203,-0.129,0.529,0,0,0,0,0,0,0,101,53,1.229,1,2054,0,343.799,25.029,181.250,292.063,-6.750,1.605,0.477,3.262,9.613,-23.109,14.234,2.748,3.230,1.023,1.395,0,NULL,NULL,,2,0,2,7,255,1125,250,0,0
pre_stim,20935,20935,0,20935,3218244.455,0.810,-0.214,-0.136,0.528,0,0,0,0,0,0,0,141,53,1.229,1,2054,0,306.645,27.960,130.250,277.563,-5.000,1.996,0.289,3.094,11.133,-25.648,12.727,2.640,3.122,1.023,1.395,0,NULL,NULL,,2,0,2,7,255,1125,250,0,0
pre_stim,20935,20935,0,20935,3218249.454,0.808,-0.223,-0.143,0.526,0,0,0,0,0,0,0,157,53,1.229,1,2054,0,273.688,31.246,78.750,261.625,16.000,2.328,-0.027,2.648,11.133,-29.195,8.531,2.524,3.006,1.023,1.395,0,NULL,NULL,,2,0,2,7,255,1125,250,0,0
pre_stim,20935,20935,0,20935,3218254.455,0.807,-0.231,-0.150,0.522,0,0,0,0,0,0,0,187,53,1.229,1,2054,0,253.197,32.451,50.250,244.000,45.250,2.563,-0.293,2.055,9.609,-30.996,1.969,2.398,2.880,1.023,1.395,0,NULL,NULL,,2,0,2,7,255,1125,250,0,0
pre_stim,20935,20935,0,20935,3218259.454,0.806,-0.238,-0.156,0.518,0,0,0,0,0,0,0,225,53,1.229,1,2054,0,241.890,32.064,53.938,226.063,67.063,2.777,-0.500,1.477,8.207,-30.996,-5.297,2.268,2.746,1.023,1.395,0,NULL,NULL,,2,0,2,7,255,1125,250,0,0
pre_stim,20952,20952,0,20952,3218264.457,0.806,-0.246,-0.161,0.514,0,0,0,0,0,0,0,247,53,1.229,1,2054,0,240.711,31.295,87.750,207.938,83.688,3.004,-0.746,1.043,7.211,-30.453,-12.160,2.132,2.610,1.023,1.395,0,NULL,NULL,,2,0,2,7,255,1125,250,0,0
pre_stim,20952,20952,0,20952,3218269.454,0.805,-0.256,-0.164,0.509,0,0,0,0,0,0,0,249,53,1.229,1,2054,0,257.163,31.042,140.938,187.875,104.750,3.215,-1.008,0.820,6.016,-30.453,-17.930,1.994,2.468,1.023,1.395,0,NULL,NULL,,2,0,2,7,255,1125,250,0,0
pre_stim,20952,20952,0,20952,3218274.455,0.804,-0.268,-0.164,0.505,0,0,0,0,0,0,0,251,53,1.229,1,2054,0,290.740,31.563,203.125,170.000,119.875,3.207,-1.102,0.777,4.699,-31.211,-21.926,1.854,2.326,1.023,1.395,0,NULL,NULL,,2,0,2,7,255,1125,250,0,0
pre_stim,20952,20952,0,20952,3218279.453,0.803,-0.281,-0.162,0.500,0,0,0,0,0,0,0,259,53,1.229,1,2054,0,315.440,31.722,247.938,146.688,128.500,3.297,-1.297,1.117,4.090,-31.457,-21.961,1.714,2.184,1.023,1.395,0,NULL,NULL,,2,0,2,7,255,1125,250,0,0
pre_stim,20952,20952,0,20952,3218284.456,0.801,-0.293,-0.160,0.496,0,0,0,0,0,0,0,256,53,1.229,1,2054,0,304.327,34.390,246.063,126.375,126.875,3.414,-1.695,1.406,3.055,-34.254,-22.090,1.572,2.036,1.023,1.395,0,NULL,NULL,,2,0,2,7,255,1125,250,0,0
pre_stim,20952,20952,0,20952,3218289.453,0.801,-0.305,-0.156,0.491,0,0,0,0,0,0,0,263,53,1.229,1,2054,0,319.435,37.954,251.750,98.688,170.063,3.438,-1.887,1.480,0.285,-37.953,-22.090,1.426,1.888,1.023,1.395,0,NULL,NULL,,2,0,2,7,255,1125,250,0,0
pre_stim,21024,21024,0,21024,3218294.455,0.801,-0.317,-0.150,0.485,0,0,0,0,0,0,0,265,53,1.229,1,2054,0,321.595,37.964,256.813,65.063,182.313,2.789,-1.652,1.918,-0.891,-37.953,-22.090,1.276,1.732,1.023,1.395,0,NULL,NULL,,2,0,2,7,255,1125,250,0,0
pre_stim,21024,21024,0,21024,3218299.454,0.800,-0.328,-0.144,0.482,0,0,0,0,0,0,0,265,53,1.229,1,2054,0,289.200,37.230,251.938,27.813,139.250,2.516,-1.504,2.406,-1.773,-37.188,-15.949,1.122,1.570,1.023,1.395,0,NULL,NULL,,2,0,2,7,255,1125,250,0,0
pre_stim,21024,21024,0,21024,3218304.455,0.799,-0.334,-0.138,0.479,0,0,0,0,0,0,0,265,53,1.229,1,2054,0,216.233,37.230,189.563,-22.250,101.625,2.059,-0.711,3.414,-1.773,-37.188,-10.816,0.966,1.404,1.023,1.395,0,NULL,NULL,,2,0,2,7,255,1125,250,0,0
pre_stim,21024,21024,0,21024,3218309.454,0.800,-0.337,-0.134,0.478,0,0,0,0,0,0,0,255,53,1.229,1,2054,0,119.121,38.066,73.813,-43.875,82.563,2.457,-0.777,3.352,1.633,-38.031,-1.051,0.810,1.236,1.023,1.395,0,NULL,NULL,,2,0,2,7,255,1125,250,0,0
pre_stim,21024,21024,0,21024,3218314.455,0.803,-0.337,-0.129,0.475,0,0,0,0,0,0,0,260,53,1.229,1,2054,0,139.548,38.066,43.750,-71.313,111.688,2.008,-1.195,2.672,1.633,-38.031,-1.051,0.658,1.066,1.023,1.395,0,NULL,NULL,,2,0,2,7,255,1125,250,0,0
pre_stim,21024,21024,0,21024,3218319.454,0.805,-0.335,-0.125,0.473,0,0,0,0,0,0,0,341,53,1.229,1,2054,0,137.938,34.485,-21.563,-106.125,85.438,1.234,-0.426,3.277,-0.207,-34.484,-1.051,0.524,0.902,1.023,1.395,0,NULL,NULL,,2,0,2,7,255,1125,250,0,0
pre_stim,21024,21024,0,21024,3218324.456,0.809,-0.336,-0.113,0.469,152,0,0,557,0,0,0,443,53,1.229,1,2054,0,305.821,30.606,104.688,-191.688,214.063,-0.441,-0.270,5.164,-2.188,-30.527,6.598,0.420,0.742,1.023,1.395,0,NULL,NULL,,2,0,2,7,255,1125,250,0,0
pre_stim,21024,21024,0,21024,3218329.453,0.823,-0.330,-0.101,0.452,755,0,0,1165,0,216,0,452,53,1.229,1,2054,0,577.221,30.403,-146.688,-199.750,521.313,-1.234,2.930,6.594,-0.207,-30.402,29.820,0.370,0.586,1.023,1.395,0,NULL,NULL,,2,0,2,7,255,1125,250,0,0
pre_stim,21024,21024,0,21024,3218334.456,0.842,-0.295,-0.112,0.438,1239,0,0,1577,0,445,0,531,53,1.229,1,2054,0,990.464,22.893,-938.250,-108.063,298.375,-2.090,3.469,2.887,9.578,-20.793,35.070,0.382,0.440,1.023,1.395,0,NULL,NULL,,2,0,2,7,255,1125,250,0,0
pre_stim,21024,21024,0,21024,3218339.453,0.855,-0.258,-0.125,0.431,1703,0,0,1823,0,548,0,573,53,1.229,1,2054,0,955.746,16.081,-947.500,-100.813,74.375,-2.535,2.664,-1.387,9.578,12.918,35.070,0.436,0.328,1.023,1.395,0,NULL,NULL,,2,0,2,7,255,1125,250,0,0
pre_stim,21024,21024,0,21024,3218344.457,0.860,-0.237,-0.132,0.431,1977,0,0,1957,0,824,0,645,53,1.229,1,2055,0,527.269,33.966,-517.438,-86.688,-52.500,-2.148,1.492,-2.309,5.793,33.469,-2.375,0.492,0.276,1.023,1.395,1,1113.000,-12.000,,2,0,2,7,255,1125,250,0,0
pre_stim,21024,21024,0,21024,3218349.454,0.860,-0.228,-0.132,0.437,2165,0,0,2073,0,960,0,731,53,1.229,1,2055,0,242.818,33.471,-152.625,-121.375,-144.688,-0.359,0.359,-0.559,0.410,33.469,-12.184,0.518,0.284,1.023,1.395,1,NULL,NULL,,2,0,2,7,255,1125,250,0,0
pre_stim,21042,21042,0,21042,3218354.455,0.860,-0.225,-0.129,0.439,2327,0,0,2138,0,1169,0,811,53,1.229,1,2055,0,122.852,6.946,-29.375,-110.063,-46.000,0.754,0.414,0.934,0.410,6.934,-12.184,0.516,0.324,1.023,1.395,1,NULL,NULL,,2,0,2,7,255,1125,250,0,0
pre_stim,21042,21042,0,21042,3218359.454,0.864,-0.219,-0.125,0.436,2516,0,0,2301,0,1319,0,867,53,1.229,1,2055,0,202.836,8.065,-118.750,-126.813,104.688,0.496,1.574,1.348,7.949,-1.363,-3.902,0.514,0.366,1.023,1.395,1,NULL,NULL,,2,0,2,7,255,1125,250,0,0
pre_stim,21042,21042,0,21042,3218364.457,0.869,-0.209,-0.124,0.431,2696,0,0,2521,0,1403,0,926,53,1.229,1,2055,0,276.798,8.065,-217.750,-123.125,118.500,-0.664,1.176,1.336,7.949,-1.363,3.551,0.530,0.396,1.023,1.395,2,NULL,NULL,,2,0,2,7,255,1125,250,0,0
pre_stim,21042,21042,0,21042,3218369.454,0.875,-0.195,-0.123,0.426,2825,0,0,2709,0,1453,0,1043,53,1.229,1,2055,0,368.622,7.808,-312.250,-156.250,118.188,-2.031,-0.887,0.418,6.023,4.969,3.551,0.556,0.428,1.023,1.395,2,NULL,NULL,,2,0,2,7,255,1125,250,0,0
pre_stim,21042,21042,0,21042,3218374.455,0.879,-0.179,-0.122,0.426,2921,0,0,2813,0,1481,0,1150,53,1.229,1,2055,0,366.077,19.393,-324.188,-169.938,-6.000,-1.910,-1.629,-0.195,-18.746,4.969,-0.328,0.570,0.456,1.023,1.395,2,NULL,NULL,,2,0,2,7,255,1125,250,0,0
pre_stim,21042,21042,0,21042,3218379.453,0.878,-0.169,-0.119,0.431,2971,0,0,2901,0,1499,0,1260,53,1.229,1,2055,0,265.521,19.284,-144.875,-176.500,-135.500,-0.945,-1.234,-0.434,-18.746,4.523,-7.594,0.558,0.472,1.023,1.395,2,NULL,NULL,,2,0,2,7,255,1125,250,0,0
pre_stim,21073,21073,0,21073,3218384.456,0.876,-0.166,-0.112,0.438,3023,0,0,2971,0,1530,0,1355,53,1.229,1,2055,0,229.408,15.683,21.000,-183.875,-135.563,0.133,-0.793,0.582,-15.641,1.156,-7.594,0.524,0.476,1.023,1.395,2,NULL,NULL,,2,0,2,7,255,1125,250,0,0
pre_stim,21073,21073,0,21073,3218389.454,0.876,-0.164,-0.105,0.442,3051,0,0,3037,0,1593,0,1399,53,1.229,1,2055,0,192.740,9.149,47.500,-175.625,-63.625,0.719,-0.891,1.641,-5.109,-7.590,-6.250,0.480,0.476,1.023,1.395,2,NULL,NULL,,2,0,2,7,255,1125,250,0,0
pre_stim,21073,21073,0,21073,3218394.455,0.878,-0.159,-0.099,0.441,3078,0,0,3089,0,1701,0,1453,53,1.229,1,2055,0,182.197,16.301,-49.063,-171.813,35.625,0.742,-1.016,1.906,-2.688,-16.078,1.375,0.446,0.468,1.023,1.395,2,NULL,NULL,,2,0,2,7,255,1125,250,0,0
pre_stim,21073,21073,0,21073,3218399.454,0.882,-0.150,-0.095,0.437,3103,0,0,3113,0,1831,0,1500,53,1.229,1,2055,0,258.749,16.301,-163.250,-167.063,111.313,0.355,-1.133,1.410,-2.688,-16.078,1.375,0.430,0.440,1.023,1.395,2,NULL,NULL,,2,0,2,7,255,1125,250,0,0
pre_stim,21111,21111,0,21111,3218404.457,0.886,-0.141,-0.092,0.432,3111,0,0,3140,0,1939,0,1547,53,1.229,1,2055,0,274.595,14.954,-179.125,-159.250,134.000,-0.168,-1.148,0.664,-5.996,-13.699,0.457,0.430,0.392,1.023,1.395,2,NULL,NULL,,2,0,2,7,255,1125,250,0,0
pre_stim,21111,21111,0,21111,3218409.454,0.889,-0.134,-0.087,0.428,3113,0,0,3155,0,2037,0,1603,53,1.229,1,2055,0,217.210,12.213,-108.625,-155.938,105.188,-0.430,-0.969,0.512,-9.559,-7.602,-4.777,0.436,0.338,1.023,1.395,2,NULL,NULL,,2,0,2,7,255,1125,250,0,0
pre_stim,21111,21111,0,21111,3218414.457,0.892,-0.131,-0.081,0.426,3124,0,0,3172,99,2127,0,1652,53,1.229,1,2055,0,176.214,10.443,-31.688,-157.250,72.938,-0.246,-0.352,0.789,-9.559,-4.207,-4.777,0.444,0.284,1.023,1.395,2,NULL,NULL,,2,0,2,7,255,1125,250,0,0
pre_stim,21111,21111,1,21111,3218419.454,0.893,-0.128,-0.075,0.424,3129,0,0,3167,296,2205,0,1745,53,1.229,1,2055,0,164.739,4.614,-2.125,-152.688,61.813,-0.066,0.141,1.297,-3.824,-2.582,-2.238,0.450,0.242,1.023,1.395,2,NULL,NULL,,2,1,2,7,255,1125,250,0,0
pre_stim,21111,21111,1,21111,3218424.457,0.895,-0.123,-0.070,0.422,3135,0,0,3183,749,2283,7,1883,53,1.229,1,2055,0,165.463,2.672,-47.063,-145.063,64.188,-0.094,0.086,1.586,0.688,-2.582,2.730,0.454,0.212,1.023,1.395,2,NULL,NULL,,2,1,2,7,255,1125,250,0,0
pre_stim,21111,21111,1,21111,3218429.453,0.897,-0.117,-0.066,0.420,3129,0,0,3166,941,2315,141,2008,53,1.229,1,2055,0,168.140,3.002,-94.375,-130.500,48.313,-0.098,-0.156,1.715,0.688,-2.922,5.520,0.458,0.196,1.023,1.395,2,NULL,NULL,,2,1,2,7,255,1125,250,0,0
pre_stim,21111,21111,1,21111,3218434.457,0.898,-0.113,-0.065,0.421,3128,0,0,3175,1239,2359,104,2119,53,1.229,1,2055,0,115.408,4.541,-84.125,-74.563,-26.125,0.160,0.012,1.648,0.688,-4.488,5.551,0.464,0.184,1.023,1.395,2,NULL,NULL,,2,1,2,7,255,1125,250,0,0
pre_stim,21111,21111,1,21111,3218439.454,0.897,-0.109,-0.064,0.424,3129,0,0,3176,1366,2387,123,2173,53,1.229,1,2055,0,99.434,4.817,-55.188,-63.188,-53.375,0.762,0.824,0.875,1.750,-4.488,5.551,0.474,0.172,1.023,1.395,2,NULL,NULL,,2,1,2,7,255,1125,250,0,0
pre_stim,21111,21111,1,21111,3218444.455,0.897,-0.110,-0.061,0.424,3127,0,0,3177,1468,2405,148,2221,53,1.229,1,2055,0,56.941,11.759,33.563,-42.250,-18.188,0.777,0.750,1.344,10.980,-4.207,2.273,0.494,0.152,1.023,1.395,2,NULL,NULL,,2,1,2,7,255,1125,250,0,0
pre_stim,21111,21111,1,21111,3218449.453,0.897,-0.108,-0.061,0.424,3127,0,0,3178,1567,2422,152,2267,53,1.229,1,2055,0,43.601,11.759,-30.250,-19.000,25.000,-0.008,-0.176,1.984,10.980,-4.207,2.273,0.520,0.130,1.023,1.395,2,NULL,NULL,,2,1,2,7,255,1125,250,0,0
pre_stim,21140,21140,1,21140,3218454.457,0.898,-0.103,-0.063,0.423,3125,0,0,3177,1639,2440,155,2294,53,1.229,1,2055,0,136.232,4.258,-135.438,-13.750,-5.188,-0.523,0.066,1.250,-0.656,-4.207,3.230,0.548,0.106,1.023,1.395,2,NULL,NULL,,2,1,2,7,255,1125,250,0,0
pre_stim,21140,21140,1,21140,3218459.454,0.897,-0.098,-0.065,0.426,3125,0,0,3175,1695,2440,156,2327,53,1.229,1,2055,0,128.240,1.630,-100.188,-8.813,-79.563,-0.371,0.332,0.523,-0.656,1.492,3.230,0.574,0.086,1.023,1.395,2,NULL,NULL,,2,1,2,7,255,1125,250,0,0
pre_stim,21140,21140,1,21140,3218464.455,0.895,-0.097,-0.065,0.430,3123,6,0,3177,1753,2444,169,2350,53,1.229,1,2055,0,109.895,1.555,-30.438,-12.313,-104.875,0.109,-0.070,0.785,0.438,1.492,-2.578,0.592,0.072,1.023,1.395,2,NULL,NULL,,2,1,2,7,255,1125,250,0,0
pre_stim,21140,21140,1,21140,3218469.454,0.894,-0.095,-0.066,0.433,3124,13,0,3178,1809,2451,174,2377,53,1.229,1,2055,0,66.548,2.939,-27.563,-9.563,-59.813,0.277,-0.289,1.121,0.438,-2.906,-2.578,0.606,0.062,1.023,1.395,2,NULL,NULL,,2,1,2,7,255,1125,250,0,0
pre_stim,21167,21167,1,21167,3218474.455,0.894,-0.092,-0.067,0.433,3127,31,0,3179,1839,2463,179,2396,53,1.229,1,2055,0,61.172,2.919,-58.688,-6.313,-16.063,-0.004,-0.039,1.082,0.270,-2.906,0.133,0.616,0.058,1.023,1.395,2,NULL,NULL,,2,1,2,7,255,1125,250,0,0
pre_stim,21167,21167,1,21167,3218479.453,0.894,-0.090,-0.068,0.434,3127,41,0,3179,1875,2471,179,2411,53,1.229,1,2055,0,67.341,2.456,-60.563,-3.375,-29.250,-0.273,0.199,0.934,0.270,-2.441,0.133,0.626,0.052,1.023,1.395,2,NULL,NULL,,2,1,2,7,255,1125,250,0,0
pre_stim,21167,21167,1,21167,3218484.455,0.893,-0.088,-0.069,0.436,3126,53,0,3179,1906,2477,209,2427,53,1.229,1,2055,0,78.426,0.530,-42.750,-0.063,-65.750,-0.180,0.156,0.969,0.422,0.320,-0.086,0.638,0.042,1.023,1.395,2,NULL,NULL,,2,1,2,7,255,1125,250,0,0
pre_stim,21167,21167,1,21167,3218489.454,0.892,-0.086,-0.069,0.439,3131,77,0,3181,1931,2483,227,2429,53,1.229,1,2055,0,75.861,0.790,-35.813,-0.125,-66.875,0.035,0.074,1.051,0.723,0.320,-0.086,0.648,0.034,1.023,1.395,2,NULL,NULL,,2,1,2,7,255,1125,250,0,0
pre_stim,21167,21167,1,21167,3218494.456,0.891,-0.085,-0.070,0.441,3124,103,12,3179,1951,2483,233,2441,53,1.229,1,2055,0,60.066,2.386,-40.063,0.563,-44.750,0.078,0.055,1.074,1.430,-1.910,0.230,0.654,0.028,1.023,1.395,2,NULL,NULL,,2,1,2,7,255,1125,250,0,0
pre_stim,21167,21167,1,21167,3218499.453,0.891,-0.083,-0.071,0.441,3125,111,33,3183,1971,2486,235,2447,53,1.229,1,2055,0,50.790,2.386,-44.938,2.250,-23.563,-0.012,0.008,1.031,1.430,-1.910,0.230,0.660,0.024,1.023,1.395,2,NULL,NULL,,2,1,2,7,255,1125,250,0,0
pre_stim,21209,21209,1,21209,3218504.456,0.890,-0.081,-0.072,0.442,3127,117,94,3181,1989,2488,266,2446,53,1.229,1,2055,0,47.261,1.990,-42.063,3.188,-21.313,-0.113,-0.008,0.957,0.699,-1.863,0.102,0.668,0.018,1.023,1.395,2,NULL,NULL,,2,1,2,7,255,1125,250,0,0
pre_stim,21209,21209,1,21209,3218509.454,0.890,-0.080,-0.073,0.443,3125,137,151,3181,2004,2488,266,2445,53,1.229,1,2055,0,40.514,1.372,-30.438,3.563,-26.500,-0.105,-0.070,0.918,-0.043,-1.371,-0.430,0.676,0.010,1.023,1.395,2,NULL,NULL,,2,1,2,7,255,1125,250,0,0
pre_stim,21209,21209,1,21209,3218514.457,0.890,-0.079,-0.073,0.444,3123,149,179,3173,2015,2490,267,2443,53,1.229,1,2055,0,29.864,1.392,-18.813,3.438,-22.938,-0.059,-0.078,0.938,-0.242,-1.371,-0.738,0.684,0.004,1.023,1.395,2,NULL,NULL,,2,1,2,7,255,1125,250,0,0
pre_stim,21209,21209,1,21209,3218519.453,0.889,-0.078,-0.073,0.444,3115,146,203,3176,2013,2480,266,2441,53,1.229,1,2055,0,18.087,1.674,-13.250,2.750,-12.000,-0.082,-0.074,0.977,-0.313,-1.645,-0.738,0.690,0.000,1.023,1.395,2,NULL,NULL,,2,1,2,7,255,1125,250,0,0
pre_stim,21209,21209,1,21209,3218524.455,0.889,-0.077,-0.074,0.445,3118,151,233,3175,2022,2487,265,2446,53,1.229,1,2055,0,13.126,1.662,-11.063,1.625,-6.875,-0.141,-0.016,1.004,-0.242,-1.645,-0.316,0.000,0.000,1.023,1.395,2,NULL,NULL,,2,1,2,7,255,1125,250,0,0
pre_stim,21209,21209,1,21209,3218529.454,0.889,-0.077,-0.074,0.445,3117,155,249,3175,2027,2487,268,2445,53,1.229,1,2055,0,11.402,0.905,-8.938,0.500,-7.063,-0.156,0.035,1.008,-0.160,-0.891,0.090,0.000,0.000,1.023,1.395,2,NULL,NULL,,2,1,2,7,255,1125,250,0,0
pre_stim,21234,21234,1,21234,3218534.455,0.889,-0.077,-0.074,0.445,3113,151,267,3177,2031,2485,260,2447,53,1.193,1,2055,1,11.536,0.744,-8.188,0.188,-8.125,-0.160,-0.016,1.004,-0.160,-0.727,0.137,0.000,0.000,1.023,1.372,2,NULL,NULL,,2,1,2,7,255,1125,250,0,0
pre_stim,21234,21234,1,21234,3218539.454,0.889,-0.076,-0.074,0.445,3107,155,288,3172,2034,2483,251,2443,53,1.193,1,2055,1,9.859,0.771,-7.750,-1.063,-6.000,-0.160,-0.047,0.992,-0.258,-0.727,0.137,0.006,0.004,1.023,1.372,2,NULL,NULL,,2,1,2,7,255,1125,250,0,0
pre_stim,21234,21234,1,21234,3218544.457,0.889,-0.076,-0.074,0.445,3099,159,315,3165,2038,2475,255,2445,53,1.193,1,2055,1,6.849,0.889,-5.375,-4.125,-1.000,-0.180,-0.043,0.969,-0.512,-0.727,0.004,0.014,0.008,1.023,1.372,2,NULL,NULL,,2,1,2,7,255,1125,250,0,0
pre_stim,21234,21234,1,21234,3218549.453,0.889,-0.076,-0.074,0.445,3092,157,331,3160,2038,2471,295,2450,53,1.193,1,2055,1,6.537,0.909,-0.688,-6.500,0.063,-0.219,-0.016,0.957,-0.617,-0.668,-0.180,0.020,0.012,1.023,1.372,2,NULL,NULL,,2,1,2,7,255,1125,250,0,0
pre_stim,21234,21234,1,21234,3218554.457,0.889,-0.075,-0.073,0.446,3087,147,349,3149,2057,2463,293,2451,53,1.193,1,2055,1,9.237,0.645,3.188,-7.625,-4.125,-0.215,0.023,0.980,-0.617,-0.188,-0.180,0.024,0.016,1.023,1.372,2,NULL,NULL,,2,1,2,7,255,1125,250,0,0
pre_stim,21234,21234,1,21234,3218559.454,0.889,-0.075,-0.073,0.446,3077,147,371,3143,2042,2468,299,2455,53,1.193,1,2055,1,11.955,0.348,3.563,-8.813,-7.250,-0.164,0.055,1.008,-0.293,-0.188,0.031,0.030,0.018,1.023,1.372,2,NULL,NULL,,2,1,2,7,255,1125,250,0,0
pre_stim,21253,21253,1,21253,3218564.455,0.889,-0.075,-0.073,0.446,3062,147,407,3129,2052,2456,309,2459,53,1.193,1,2055,1,11.034,0.380,1.813,-9.500,-5.313,-0.121,0.047,1.016,0.246,-0.289,0.184,0.034,0.020,1.023,1.372,2,NULL,NULL,,2,1,2,7,255,1125,250,0,0
pre_stim,21253,21253,1,21253,3218569.453,0.889,-0.075,-0.072,0.446,3048,149,427,3118,2054,2451,303,2463,53,1.193,1,2055,1,9.644,0.731,0.063,-9.563,-1.250,-0.125,0.031,1.004,0.305,-0.664,0.184,0.038,0.022,1.023,1.372,2,NULL,NULL,,2,1,2,7,255,1125,250,0,0
pre_stim,21253,21253,1,21253,3218574.455,0.889,-0.075,-0.072,0.446,3035,147,455,3115,2053,2452,311,2471,53,1.193,1,2055,1,9.458,0.731,0.000,-9.438,-0.625,-0.152,0.027,0.984,0.305,-0.664,0.074,0.042,0.022,1.023,1.372,2,NULL,NULL,,2,1,2,7,255,1125,250,0,0
pre_stim,21253,21253,1,21253,3218579.454,0.889,-0.075,-0.071,0.446,3036,143,470,3092,2067,2441,313,2469,53,1.193,1,2055,1,10.218,0.465,2.250,-9.563,-2.813,-0.168,0.031,0.973,0.063,-0.461,-0.070,0.044,0.024,1.023,1.372,2,NULL,NULL,,2,1,2,7,255,1125,250,0,0
pre_stim,21253,21253,1,21253,3218584.455,0.889,-0.075,-0.071,0.447,3020,134,489,3080,2059,2430,315,2472,53,1.193,1,2055,1,11.928,0.315,4.375,-9.875,-5.063,-0.164,0.047,0.988,0.063,-0.309,-0.070,0.046,0.024,1.023,1.372,2,NULL,NULL,,2,1,2,7,255,1125,250,0,0
pre_stim,21253,21253,1,21253,3218589.453,0.889,-0.075,-0.070,0.447,3003,125,505,3064,2057,2423,315,2472,53,1.193,1,2055,1,12.526,0.284,3.875,-10.063,-6.375,-0.164,0.070,1.004,0.148,-0.242,0.020,0.050,0.026,1.023,1.372,2,NULL,NULL,,2,1,2,7,255,1125,250,0,0
pre_stim,21284,21284,1,21284,3218594.455,0.889,-0.074,-0.070,0.447,2991,120,538,3053,2069,2423,329,2488,53,1.193,1,2055,1,12.919,0.351,1.625,-10.438,-7.438,-0.164,0.066,1.000,0.313,-0.160,0.141,0.052,0.024,1.023,1.372,2,NULL,NULL,,2,1,2,7,255,1125,250,0,0
pre_stim,21284,21284,1,21284,3218599.453,0.888,-0.074,-0.069,0.448,2975,117,591,3039,2072,2419,361,2489,53,1.193,1,2055,1,13.869,0.346,0.938,-11.063,-8.313,-0.168,0.070,0.988,0.313,-0.148,0.141,0.054,0.024,1.023,1.372,2,NULL,NULL,,2,1,2,7,255,1125,250,0,0
pre_stim,21318,21318,1,21318,3218604.455,0.888,-0.074,-0.069,0.448,2959,123,635,3025,2105,2425,381,2505,53,1.193,1,2055,1,15.246,0.316,1.313,-12.000,-9.313,-0.172,0.082,0.992,0.313,-0.047,0.066,0.056,0.022,1.023,1.372,2,NULL,NULL,,2,1,2,7,255,1125,250,0,0
pre_stim,21318,21318,1,21318,3218609.454,0.888,-0.074,-0.068,0.448,2973,135,667,3002,2121,2412,403,2507,53,1.193,1,2055,1,17.159,0.368,1.750,-13.000,-11.063,-0.168,0.102,0.996,0.367,0.027,0.066,0.056,0.022,1.023,1.372,2,NULL,NULL,,2,1,2,7,255,1125,250,0,0
pre_stim,21318,21318,1,21318,3218614.455,0.888,-0.074,-0.068,0.449,2919,152,719,2976,2149,2417,447,2511,53,1.193,1,2055,1,18.579,0.539,2.125,-13.750,-12.313,-0.160,0.137,1.016,0.527,0.109,0.129,0.058,0.020,1.023,1.372,2,NULL,NULL,,2,1,2,7,255,1125,250,0,0
pre_stim,21318,21318,1,21318,3218619.453,0.888,-0.074,-0.067,0.449,2888,153,823,2968,2183,2413,493,2535,53,1.193,1,2055,1,19.805,0.869,1.375,-13.750,-14.188,-0.168,0.180,1.043,0.836,0.238,0.313,0.058,0.018,1.023,1.372,2,NULL,NULL,,2,1,2,7,255,1125,250,0,0
pre_stim,21318,21318,1,21318,3218624.455,0.887,-0.073,-0.066,0.450,2855,157,911,2953,2203,2411,539,2539,53,1.193,1,2055,1,22.939,1.256,-1.188,-13.250,-18.688,-0.148,0.238,1.051,1.152,0.500,0.613,0.060,0.016,1.023,1.372,2,NULL,NULL,,2,1,2,7,255,1125,250,0,0
pre_stim,21318,21318,1,21318,3218629.454,0.887,-0.073,-0.066,0.451,2847,163,995,2933,2239,2413,595,2543,53,1.193,1,2055,1,23.948,1.805,-5.125,-12.438,-19.813,-0.102,0.219,1.047,1.734,0.500,0.613,0.060,0.012,1.023,1.372,2,NULL,NULL,,2,1,2,7,255,1125,250,0,0
pre_stim,21318,21318,1,21318,3218634.455,0.887,-0.072,-0.065,0.452,2827,164,1109,2923,2279,2406,659,2569,53,1.193,1,2055,1,23.074,1.748,-10.875,-11.188,-17.000,-0.090,0.148,1.035,1.734,0.215,0.531,0.060,0.008,1.023,1.372,2,NULL,NULL,,2,1,2,7,255,1125,250,0,0
pre_stim,21318,21318,1,21318,3218639.453,0.887,-0.072,-0.065,0.452,2809,214,1170,2908,2299,2405,773,2569,53,1.193,1,2055,1,24.482,1.371,-15.500,-9.750,-16.250,-0.113,0.105,1.000,1.355,-0.207,0.359,0.060,0.004,1.023,1.372,2,NULL,NULL,,2,1,2,7,255,1125,250,0,0
pre_stim,21318,21318,1,21318,3218644.455,0.886,-0.071,-0.065,0.453,2779,212,1213,2892,2335,2403,853,2584,53,1.193,1,2055,1,26.771,0.884,-15.000,-8.750,-20.375,-0.141,0.090,0.969,0.859,-0.207,0.059,0.060,0.004,1.023,1.372,2,NULL,NULL,,2,1,2,7,255,1125,250,0,0
pre_stim,21318,21318,1,21318,3218649.454,0.886,-0.070,-0.065,0.454,2751,227,1332,2877,2375,2399,955,2600,53,1.193,1,2055,1,29.817,0.572,-11.000,-8.313,-26.438,-0.137,0.082,0.965,0.559,-0.125,-0.219,0.060,0.008,1.023,1.372,2,NULL,NULL,,2,1,2,7,255,1125,250,0,0
pre_stim,21343,21343,1,21343,3218654.455,0.885,-0.069,-0.065,0.455,2733,233,1479,2869,2403,2403,1081,2599,53,1.193,1,2055,1,31.932,0.531,-9.438,-8.000,-29.438,-0.133,0.063,0.992,0.516,-0.125,-0.219,0.060,0.012,1.023,1.372,2,NULL,NULL,,2,1,2,7,255,1125,250,0,0
pre_stim,21343,21343,1,21343,3218659.454,0.885,-0.069,-0.065,0.456,2701,250,1599,2857,2441,2398,1189,2613,53,1.193,1,2055,1,32.430,0.509,-12.875,-8.375,-28.563,-0.152,0.031,1.016,0.422,-0.285,-0.008,0.062,0.016,1.023,1.372,2,NULL,NULL,,2,1,2,7,255,1125,250,0,0
pre_stim,21343,21343,1,21343,3218664.455,0.884,-0.068,-0.065,0.457,2661,275,1708,2836,2464,2405,1278,2627,53,1.193,1,2055,1,38.114,0.297,-18.750,-8.313,-32.125,-0.176,0.043,1.016,0.082,-0.285,0.234,0.062,0.020,1.023,1.372,2,NULL,NULL,,2,1,2,7,255,1125,250,0,0
pre_stim,21343,21343,0,21343,3218669.453,0.884,-0.067,-0.065,0.459,2628,300,1849,2837,2515,2392,1405,2635,53,1.193,1,2055,1,46.112,0.082,-22.063,-8.625,-39.563,-0.184,0.039,0.992,0.043,-0.070,0.234,0.066,0.024,1.023,1.372,2,NULL,NULL,,2,0,2,7,255,1125,250,0,0
pre_stim,21343,21343,0,21343,3218674.455,0.883,-0.065,-0.065,0.460,2585,317,1955,2812,2539,2401,1477,2645,53,1.193,1,2055,1,50.452,0.080,-23.313,-9.938,-43.625,-0.180,0.016,0.980,-0.039,-0.070,0.105,0.068,0.026,1.023,1.372,2,NULL,NULL,,2,0,2,7,255,1125,250,0,0
pre_stim,21343,21343,0,21343,3218679.454,0.882,-0.064,-0.065,0.462,2543,359,2079,2804,2577,2409,1587,2661,53,1.193,1,2055,1,53.262,0.201,-24.313,-10.875,-46.125,-0.160,-0.004,0.988,-0.180,-0.090,0.004,0.070,0.028,1.023,1.372,2,NULL,NULL,,2,0,2,7,255,1125,250,0,0
pre_stim,21372,21372,0,21372,3218684.455,0.881,-0.062,-0.066,0.464,2499,373,2185,2783,2611,2411,1689,2679,53,1.193,1,2055,1,56.204,0.372,-27.375,-11.375,-47.750,-0.141,-0.035,0.992,-0.195,-0.316,-0.004,0.072,0.030,1.023,1.372,2,NULL,NULL,,2,0,2,7,255,1125,250,0,0
pre_stim,21372,21372,0,21372,3218689.453,0.880,-0.061,-0.066,0.466,2439,376,2279,2765,2634,2413,1783,2691,53,1.193,1,2055,1,59.095,0.730,-31.438,-11.813,-48.625,-0.121,-0.070,0.992,-0.344,-0.645,-0.004,0.074,0.030,1.023,1.372,2,NULL,NULL,,2,0,2,7,255,1125,250,0,0
pre_stim,21372,21372,0,21372,3218694.455,0.880,-0.059,-0.066,0.468,2383,395,2345,2736,2665,2421,1876,2693,53,1.193,1,2055,1,63.938,1.074,-38.750,-14.063,-48.875,-0.133,-0.121,1.020,-0.473,-0.965,-0.004,0.076,0.030,1.023,1.372,2,NULL,NULL,,2,0,2,7,255,1125,250,0,0
pre_stim,21372,21372,0,21372,3218699.454,0.879,-0.056,-0.067,0.469,2331,425,2429,2718,2693,2421,1957,2712,53,1.193,1,2055,1,73.815,1.464,-51.750,-16.063,-50.125,-0.156,-0.160,1.047,-0.922,-1.137,0.238,0.078,0.030,1.023,1.372,2,NULL,NULL,,2,0,2,7,255,1125,250,0,0
pre_stim,21410,21410,0,21410,3218704.455,0.878,-0.053,-0.067,0.471,2259,445,2508,2679,2711,2415,2027,2723,53,1.193,1,2055,1,77.015,1.464,-58.000,-17.125,-47.688,-0.133,-0.098,0.953,-0.922,-1.137,0.238,0.078,0.028,1.023,1.372,2,NULL,NULL,,2,0,2,7,255,1125,250,0,0
pre_stim,21410,21410,0,21410,3218709.454,0.877,-0.051,-0.068,0.473,2179,480,2552,2647,2729,2419,2099,2730,53,1.193,1,2055,1,65.313,1.090,-46.375,-17.875,-42.375,-0.094,-0.008,0.871,-0.699,-0.836,-0.371,0.080,0.028,1.023,1.372,2,NULL,NULL,,2,0,2,7,255,1125,250,0,0
pre_stim,21410,21410,0,21410,3218714.455,0.877,-0.049,-0.068,0.474,2089,501,2602,2607,2747,2420,2167,2759,53,1.193,1,2055,1,52.341,0.528,-31.125,-19.813,-37.125,-0.109,-0.016,0.930,0.094,-0.520,-0.660,0.080,0.028,1.023,1.372,2,NULL,NULL,,2,0,2,7,255,1125,250,0,0
pre_stim,21410,21410,0,21410,3218719.453,0.876,-0.047,-0.067,0.475,2005,512,2668,2553,2776,2429,2230,2771,53,1.193,1,2055,1,48.390,0.493,-25.938,-21.375,-34.813,-0.148,-0.059,1.004,0.094,-0.484,-0.660,0.082,0.026,1.023,1.372,2,NULL,NULL,,2,0,2,7,255,1125,250,0,0
pre_stim,21410,21410,0,21410,3218724.457,0.875,-0.045,-0.067,0.476,1909,517,2717,2509,2795,2421,2280,2781,53,1.193,1,2055,1,51.820,0.599,-30.438,-22.625,-35.313,-0.156,-0.074,1.043,-0.367,-0.473,0.133,0.082,0.026,1.023,1.372,2,NULL,NULL,,2,0,2,7,255,1125,250,0,0
pre_stim,21410,21410,0,21410,3218729.454,0.875,-0.043,-0.067,0.478,1791,519,2771,2451,2822,2420,2346,2805,53,1.193,1,2055,1,59.390,0.658,-37.438,-24.688,-38.938,-0.176,-0.066,1.063,-0.480,-0.449,0.527,0.084,0.026,1.023,1.372,2,NULL,NULL,,2,0,2,7,255,1125,250,0,0
pre_stim,21410,21410,0,21410,3218734.456,0.874,-0.041,-0.067,0.479,1645,497,2800,2360,2839,2421,2405,2808,53,1.193,1,2055,1,64.216,0.540,-41.063,-25.750,-42.125,-0.148,-0.020,1.020,-0.480,-0.246,0.527,0.086,0.026,1.023,1.372,2,NULL,NULL,,2,0,2,7,255,1125,250,0,0
pre_stim,21410,21410,0,21410,3218739.453,0.873,-0.039,-0.067,0.481,1461,469,2829,2259,2860,2432,2451,2825,53,1.193,1,2055,1,59.874,0.246,-35.250,-26.875,-40.250,-0.090,0.012,0.977,0.004,-0.246,0.273,0.088,0.028,1.023,1.372,2,NULL,NULL,,2,0,2,7,255,1125,250,0,0
pre_stim,21410,21410,0,21410,3218744.455,0.873,-0.037,-0.066,0.482,1272,440,2869,2156,2875,2423,2491,2843,53,1.193,1,2055,1,51.916,0.533,-26.313,-27.813,-35.063,-0.074,-0.020,0.977,0.383,-0.371,-0.238,0.090,0.028,1.023,1.372,2,NULL,NULL,,2,0,2,7,255,1125,250,0,0
pre_stim,21410,21410,0,21410,3218749.454,0.872,-0.036,-0.065,0.483,1129,425,2891,2023,2899,2411,2541,2847,53,1.193,1,2055,1,46.018,0.736,-22.688,-29.563,-27.000,-0.094,-0.059,1.035,0.383,-0.629,-0.238,0.092,0.028,1.023,1.372,2,NULL,NULL,,2,0,2,7,255,1125,250,0,0
pre_stim,21440,21440,0,21440,3218754.458,0.872,-0.034,-0.065,0.484,925,378,2921,1839,2908,2399,2579,2861,53,1.193,1,2055,1,45.626,0.630,-23.625,-30.438,-24.438,-0.129,-0.039,1.055,0.035,-0.629,0.367,0.096,0.028,1.023,1.372,2,NULL,NULL,,2,0,2,7,255,1125,250,0,0
pre_stim,21440,21440,0,21440,3218759.454,0.872,-0.032,-0.064,0.485,733,331,2937,1641,2917,2393,2621,2869,53,1.193,1,2055,1,48.452,0.311,-26.063,-33.625,-23.188,-0.121,-0.020,1.055,0.035,-0.309,0.598,0.098,0.028,1.023,1.372,2,NULL,NULL,,2,0,2,7,255,1125,250,0,0
pre_stim,21440,21440,0,21440,3218764.455,0.871,-0.030,-0.063,0.486,501,293,2958,1435,2936,2379,2648,2875,53,1.193,1,2055,1,47.786,0.383,-24.563,-34.938,-21.438,-0.086,-0.012,1.027,0.227,-0.309,0.598,0.100,0.030,1.023,1.372,2,NULL,NULL,,2,0,2,7,255,1125,250,0,0
pre_stim,21440,21440,0,21440,3218769.453,0.871,-0.029,-0.062,0.486,354,232,2972,1259,2953,2375,2680,2893,53,1.193,1,2055,1,45.249,0.312,-18.125,-36.688,-19.313,-0.125,-0.020,1.039,0.227,-0.215,0.457,0.102,0.030,1.023,1.372,2,NULL,NULL,,2,0,2,7,255,1125,250,0,0
pre_stim,21472,21472,0,21472,3218774.455,0.871,-0.027,-0.061,0.487,187,167,2995,1065,2969,2363,2700,2900,53,1.193,1,2055,1,47.570,0.471,-14.563,-40.813,-19.625,-0.063,0.082,1.102,0.457,-0.113,0.457,0.104,0.032,1.023,1.372,2,NULL,NULL,,2,0,2,7,255,1125,250,0,0
pre_stim,21472,21472,0,21472,3218779.454,0.871,-0.026,-0.059,0.487,81,138,3001,842,2983,2331,2735,2908,53,1.193,1,2055,1,45.263,1.414,-9.938,-42.938,-10.313,-0.055,0.152,1.156,1.410,-0.098,0.926,0.106,0.032,1.023,1.372,2,NULL,NULL,,2,0,2,7,255,1125,250,0,0
pre_stim,21472,21472,0,21472,3218784.455,0.871,-0.025,-0.057,0.488,45,71,3028,627,2991,2296,2758,2921,53,1.193,1,2055,1,49.256,1.979,-18.375,-43.813,-13.000,-0.094,0.160,1.172,1.969,0.199,1.422,0.108,0.034,1.023,1.372,2,NULL,NULL,,2,0,2,7,255,1125,250,0,0
pre_stim,21473,21473,0,21473,3218789.453,0.871,-0.023,-0.056,0.488,24,45,3032,467,3017,2260,2783,2923,53,1.193,1,2055,1,53.692,2.162,-16.563,-48.625,-15.625,-0.082,0.172,1.172,2.082,0.582,1.602,0.110,0.034,1.023,1.372,2,NULL,NULL,,2,0,2,7,255,1125,250,0,0
pre_stim,21473,21473,0,21473,3218794.455,0.871,-0.022,-0.054,0.488,3,24,3043,405,3016,2235,2821,2934,53,1.193,1,2055,1,55.288,2.057,4.813,-54.938,-3.938,-0.203,0.137,1.266,1.969,0.598,1.617,0.112,0.034,1.023,1.372,2,NULL,NULL,,2,0,2,7,255,1125,250,0,0
pre_stim,21473,21473,0,21473,3218799.454,0.871,-0.023,-0.050,0.488,0,4,3060,405,3027,2217,2847,2925,53,1.193,1,2055,0,80.455,1.873,40.625,-67.188,17.563,-0.391,0.133,1.703,1.250,1.395,2.684,0.114,0.036,1.023,1.372,2,NULL,NULL,,2,0,2,7,255,1125,250,0,0
pre_stim,21509,21509,0,21509,3218804.457,0.872,-0.022,-0.047,0.486,0,0,3080,371,3049,2165,2863,2937,53,1.193,1,2055,0,90.269,2.790,17.563,-81.625,34.313,-0.406,0.160,1.965,0.840,2.660,7.129,0.116,0.038,1.023,1.372,2,NULL,NULL,,2,0,2,7,255,1125,250,0,0
pre_stim,21509,21509,0,21509,3218809.454,0.873,-0.017,-0.045,0.486,0,0,3082,319,3047,2095,2885,2937,53,1.193,1,2055,0,113.166,2.717,-79.063,-79.875,13.250,-0.191,0.016,1.633,0.555,2.660,7.129,0.118,0.038,1.023,1.372,2,NULL,NULL,,2,0,2,7,255,1125,250,0,0
pre_stim,21509,21509,0,21509,3218814.455,0.874,-0.012,-0.045,0.485,0,0,3078,295,3049,2025,2892,2943,53,1.193,1,2055,0,138.972,0.837,-107.938,-83.625,25.875,-0.148,-0.105,1.168,0.488,0.680,6.293,0.120,0.040,1.023,1.372,2,NULL,NULL,,2,0,2,7,255,1125,250,0,0
pre_stim,21509,21509,0,21509,3218819.453,0.875,-0.007,-0.043,0.483,0,0,3095,249,3055,1912,2911,2935,53,1.193,1,2055,0,127.317,0.937,-73.938,-93.188,45.375,-0.227,-0.039,1.000,-0.645,0.680,1.762,0.122,0.040,1.023,1.372,2,NULL,NULL,,2,0,2,7,255,1125,250,0,0
pre_stim,21509,21509,0,21509,3218824.457,0.876,-0.004,-0.040,0.481,0,0,3083,205,3079,1782,2932,2940,53,1.193,1,2055,0,116.527,1.413,-34.063,-101.500,46.000,-0.313,0.020,1.039,-0.645,1.258,0.555,0.124,0.040,1.023,1.372,2,NULL,NULL,,2,0,2,7,255,1125,250,0,0
pre_stim,21509,21509,0,21509,3218829.454,0.877,-0.001,-0.036,0.480,0,0,3099,159,3079,1669,2940,2925,53,1.193,1,2055,0,111.155,2.412,-21.375,-106.250,24.688,-0.383,-0.094,1.172,-0.660,2.320,0.555,0.124,0.040,1.023,1.372,2,NULL,NULL,,2,0,2,7,255,1125,250,0,0
pre_stim,21534,21534,0,21534,3218834.457,0.877,0.002,-0.033,0.479,0,0,3091,89,3089,1528,2953,2931,53,1.193,1,2055,0,116.307,2.964,-16.500,-113.563,18.938,-0.270,-0.203,1.289,-1.844,2.320,1.914,0.124,0.044,1.023,1.372,2,NULL,NULL,,2,0,2,7,255,1125,250,0,0
pre_stim,21534,21534,0,21534,3218839.453,0.878,0.006,-0.029,0.478,0,0,3093,29,3087,1349,2969,2918,53,1.193,1,2055,0,123.323,2.285,-29.875,-117.563,22.250,-0.254,-0.328,1.242,-2.086,0.934,2.672,0.120,0.052,1.023,1.372,3,NULL,NULL,,2,0,2,7,255,1125,250,0,0
pre_stim,21534,21534,0,21534,3218844.455,0.879,0.009,-0.025,0.477,0,0,3082,0,3093,1166,2976,2907,53,1.193,1,2055,0,129.589,2.863,-32.938,-123.063,23.750,-0.207,-0.313,1.156,-2.852,0.258,2.672,0.114,0.060,1.023,1.372,3,NULL,NULL,,2,0,2,7,255,1125,250,0,0
pre_stim,21534,21534,0,21534,3218849.454,0.880,0.014,-0.022,0.475,0,0,3080,0,3107,956,2983,2901,53,1.193,1,2055,0,135.914,2.942,-37.625,-127.125,29.938,-0.191,-0.320,1.059,-2.941,0.059,1.773,0.108,0.068,1.023,1.372,3,NULL,NULL,,2,0,2,7,255,1125,250,0,0
pre_stim,21534,21534,0,21534,3218854.457,0.880,0.017,-0.017,0.474,0,0,3083,0,3093,743,2991,2888,53,1.193,1,2055,0,138.845,2.942,-17.438,-133.563,33.688,-0.273,-0.277,1.023,-2.941,0.059,0.820,0.106,0.074,1.023,1.372,3,NULL,NULL,,2,0,2,7,255,1125,250,0,0
pre_stim,21534,21534,0,21534,3218859.454,0.881,0.020,-0.012,0.472,0,0,3051,0,3101,583,2999,2855,53,1.193,1,2055,0,143.012,3.098,-1.125,-140.375,27.313,-0.285,-0.219,1.078,-2.941,0.973,0.820,0.104,0.080,1.023,1.372,3,NULL,NULL,,2,0,2,7,255,1125,250,0,0
pre_stim,21552,21552,0,21552,3218864.458,0.882,0.023,-0.006,0.472,0,0,3045,0,3111,413,3015,2839,53,1.193,1,2055,0,146.981,3.098,6.000,-146.563,9.313,-0.301,-0.180,1.133,-2.711,1.500,0.898,0.102,0.088,1.023,1.372,3,NULL,NULL,,2,0,2,7,255,1125,250,0,0
pre_stim,21552,21552,0,21552,3218869.454,0.882,0.025,0.000,0.471,0,0,3027,0,3109,203,3019,2804,53,1.193,1,2055,0,155.131,3.094,15.688,-154.313,2.688,-0.219,-0.129,1.238,-2.543,1.762,1.352,0.098,0.096,1.023,1.372,3,NULL,NULL,,2,0,2,7,255,1125,250,0,0
pre_stim,21552,21552,0,21552,3218874.457,0.882,0.028,0.006,0.471,0,0,3007,0,3112,90,3027,2777,53,1.193,1,2055,0,161.554,2.464,11.688,-161.125,-1.375,-0.137,-0.063,1.297,-1.723,1.762,2.352,0.090,0.104,1.023,1.372,3,NULL,NULL,,2,0,2,7,255,1125,250,0,0
pre_stim,21552,21552,0,21552,3218879.454,0.882,0.031,0.013,0.470,0,0,2985,0,3103,41,3028,2747,53,1.193,1,2055,0,172.699,2.200,13.250,-171.563,14.688,-0.160,-0.102,1.270,-1.379,1.715,2.578,0.082,0.114,1.023,1.372,3,NULL,NULL,,2,0,2,7,255,1125,250,0,0
pre_stim,21552,21552,0,21552,3218884.456,0.883,0.033,0.020,0.469,0,0,2941,0,3108,0,3022,2696,53,1.193,1,2055,0,180.512,1.906,23.313,-178.250,16.375,-0.164,0.051,1.391,-0.832,1.715,2.844,0.074,0.124,1.023,1.372,3,NULL,NULL,,2,0,2,7,255,1125,250,0,0
pre_stim,21552,21552,0,21552,3218889.453,0.883,0.037,0.028,0.467,0,0,2915,0,3113,0,3031,2646,53,1.193,1,2055,0,189.320,2.926,16.813,-187.625,18.875,-0.258,0.070,1.496,-0.750,2.828,3.617,0.066,0.134,1.023,1.372,3,NULL,NULL,,2,0,2,7,255,1125,250,0,0
pre_stim,21582,21582,0,21582,3218894.455,0.883,0.040,0.036,0.466,0,0,2864,0,3096,0,3035,2584,53,1.193,1,2055,0,200.501,3.988,15.750,-198.688,21.813,-0.270,0.188,1.672,-0.301,3.977,4.523,0.058,0.144,1.023,1.372,3,NULL,NULL,,2,0,2,7,255,1125,250,0,0
pre_stim,21582,21582,0,21582,3218899.454,0.883,0.044,0.044,0.465,0,0,2811,0,3099,0,3035,2517,53,1.193,1,2055,0,210.231,5.151,6.813,-209.813,11.375,-0.375,0.215,1.758,-0.590,5.117,6.082,0.050,0.154,1.023,1.372,3,NULL,NULL,,2,0,2,7,255,1125,250,0,0
pre_stim,21615,21615,0,21615,3218904.455,0.883,0.049,0.053,0.464,0,0,2763,0,3089,0,3032,2437,53,1.193,1,2055,0,225.550,6.484,3.125,-225.375,8.313,-0.379,0.230,1.922,-0.590,6.457,6.680,0.042,0.166,1.023,1.372,3,NULL,NULL,,2,0,2,7,255,1125,250,0,0
pre_stim,21615,21615,0,21615,3218909.454,0.883,0.054,0.062,0.463,0,0,2697,0,3080,0,3037,2329,53,1.193,1,2055,0,239.846,7.091,-10.063,-239.625,2.125,-0.336,0.328,2.152,-0.590,7.066,8.137,0.036,0.176,1.023,1.372,3,NULL,NULL,,2,0,2,7,255,1125,250,0,0
pre_stim,21615,21615,0,21615,3218914.455,0.882,0.061,0.071,0.462,0,0,2621,0,3080,0,3021,2195,53,1.193,1,2055,0,261.152,7.980,-40.313,-257.625,14.313,-0.398,0.426,2.223,0.012,7.980,10.242,0.032,0.190,1.023,1.372,3,NULL,NULL,,2,0,2,7,255,1125,250,0,0
pre_stim,21615,21615,0,21615,3218919.454,0.882,0.069,0.080,0.460,0,0,2507,0,3047,0,3023,2059,53,1.193,1,2055,0,282.960,9.538,-61.813,-275.563,17.625,-0.395,0.605,2.273,0.234,9.535,10.559,0.030,0.202,1.023,1.372,3,NULL,NULL,,2,0,2,7,255,1125,250,0,0
pre_stim,21615,21615,0,21615,3218924.455,0.881,0.078,0.090,0.458,0,0,2379,0,3027,0,3011,1917,53,1.193,1,2055,0,307.989,11.155,-77.563,-297.250,22.000,-0.426,0.711,2.293,1.461,11.059,10.559,0.032,0.216,1.023,1.372,3,NULL,NULL,,2,0,2,7,255,1125,250,0,0
pre_stim,21615,21615,0,21615,3218929.453,0.880,0.088,0.100,0.456,0,0,2260,0,3000,0,2988,1747,53,1.193,1,2055,0,331.868,12.615,-92.875,-317.250,29.375,-0.438,0.789,2.418,1.914,12.469,10.707,0.034,0.230,1.023,1.372,3,NULL,NULL,,2,0,2,7,255,1125,250,0,0
pre_stim,21615,21615,0,21615,3218934.455,0.879,0.099,0.110,0.454,0,0,2121,0,2975,0,2959,1571,53,1.193,1,2055,0,357.233,13.995,-123.125,-334.563,22.875,-0.531,0.832,2.453,1.914,13.863,10.801,0.040,0.246,1.023,1.372,3,NULL,NULL,,2,0,2,7,255,1125,250,0,0
pre_stim,21615,21615,0,21615,3218939.453,0.877,0.112,0.120,0.452,0,0,2011,0,2931,0,2927,1453,53,1.193,1,2055,0,387.734,15.661,-158.625,-353.500,14.625,-0.586,0.891,2.348,1.953,15.539,10.801,0.046,0.262,1.023,1.372,3,NULL,NULL,,2,0,2,7,255,1125,250,0,0
pre_stim,21615,21615,0,21615,3218944.455,0.874,0.126,0.131,0.450,0,0,1895,0,2871,0,2862,1348,53,1.193,1,2055,0,402.267,16.719,-156.500,-370.563,3.125,-0.660,0.973,2.453,1.949,16.605,9.117,0.056,0.280,1.023,1.372,3,NULL,NULL,,2,0,2,7,255,1125,250,0,0
pre_stim,21615,21615,0,21615,3218949.454,0.871,0.139,0.143,0.449,0,0,1783,0,2813,0,2791,1195,53,1.193,1,2055,0,416.051,18.723,-150.188,-387.625,-17.000,-0.809,0.918,2.781,1.949,18.621,9.117,0.074,0.302,1.023,1.372,3,NULL,NULL,,2,0,2,7,255,1125,250,0,0
pre_stim,21642,21642,0,21642,3218954.456,0.867,0.154,0.155,0.449,0,0,1643,0,2741,0,2700,1079,53,1.193,1,2055,0,448.852,21.330,-183.875,-408.063,-33.813,-0.957,0.875,3.039,0.262,21.328,10.941,0.096,0.330,1.023,1.372,3,NULL,NULL,,2,0,2,7,255,1125,250,0,0
pre_stim,21642,21642,0,21642,3218959.454,0.861,0.170,0.167,0.449,0,0,1495,0,2649,0,2567,935,53,1.193,1,2055,0,485.162,23.639,-226.875,-424.250,-62.625,-0.902,0.727,3.016,-1.258,23.605,11.156,0.124,0.362,1.023,1.372,3,NULL,NULL,,2,0,2,7,255,1125,250,0,0
pre_stim,21642,21642,0,21642,3218964.455,0.854,0.187,0.179,0.450,0,0,1293,0,2495,0,2375,813,53,1.193,1,2055,0,497.140,23.704,-229.313,-431.750,-90.313,-0.633,0.363,2.957,-2.160,23.605,11.547,0.158,0.400,1.023,1.372,3,NULL,NULL,,2,0,2,7,255,1125,250,0,0
pre_stim,21642,21642,0,21642,3218969.454,0.848,0.204,0.192,0.450,0,0,1051,0,2343,0,2110,733,53,1.193,1,2055,0,502.714,20.835,-224.938,-444.188,-69.438,-0.539,0.160,2.922,-3.633,20.516,11.191,0.198,0.442,1.023,1.372,3,NULL,NULL,,2,0,2,7,255,1125,250,0,0
pre_stim,21642,21642,0,21642,3218974.455,0.841,0.222,0.204,0.449,0,0,822,0,2104,0,1789,612,53,1.193,1,2055,0,529.827,20.192,-260.188,-460.438,-31.875,-0.477,0.023,2.598,-4.816,19.609,11.191,0.246,0.490,1.023,1.372,3,NULL,NULL,,2,0,2,7,255,1125,250,0,0
pre_stim,21642,21642,0,21642,3218979.453,0.834,0.241,0.216,0.446,0,0,556,0,1849,0,1413,461,53,1.193,1,2055,0,550.087,18.482,-270.438,-479.000,-4.313,-0.488,-0.285,2.043,-5.270,17.715,8.293,0.298,0.544,1.023,1.372,3,NULL,NULL,,2,0,2,7,255,1125,250,0,0
pre_stim,21672,21672,0,21672,3218984.456,0.827,0.260,0.229,0.442,0,0,347,0,1555,0,823,378,53,1.193,1,2055,0,544.506,15.716,-231.688,-492.750,2.188,-0.301,-0.492,1.363,-7.277,13.930,3.781,0.358,0.606,1.023,1.372,3,NULL,NULL,,2,0,2,7,255,1125,250,0,0
pre_stim,21672,21672,0,21672,3218989.454,0.821,0.274,0.245,0.438,0,0,197,0,1231,0,299,313,53,1.193,1,2055,0,516.162,10.954,-125.938,-500.375,-13.688,-0.117,-0.496,1.246,-7.277,8.188,-0.352,0.426,0.676,1.023,1.372,3,NULL,NULL,,2,0,2,7,255,1125,250,0,0
pre_stim,21672,21672,0,21672,3218994.455,0.815,0.284,0.262,0.431,0,0,77,0,891,0,19,243,53,1.193,1,2055,0,504.063,10.437,-21.750,-503.313,16.813,-0.250,-0.156,1.801,-6.473,8.188,-0.352,0.502,0.752,1.023,1.372,3,NULL,NULL,,2,0,2,7,255,1125,250,0,0
pre_stim,21672,21672,0,21672,3218999.453,0.811,0.296,0.278,0.422,0,0,37,0,483,0,0,169,53,1.193,1,2055,0,513.519,14.092,-26.625,-508.375,67.438,-0.512,0.383,2.371,-5.355,13.035,1.082,0.584,0.836,1.023,1.372,3,NULL,NULL,,2,0,2,7,255,1125,250,0,0
pre_stim,21712,21712,0,21712,3219004.456,0.805,0.311,0.292,0.412,0,0,27,0,185,0,0,103,53,1.193,1,2055,0,531.427,21.429,-131.688,-500.688,119.938,-0.898,0.875,2.270,-3.406,21.156,1.082,0.672,0.926,1.023,1.372,3,NULL,NULL,,2,0,2,7,255,1125,250,0,0
pre_stim,21712,21712,0,21712,3219009.454,0.799,0.329,0.303,0.403,0,0,3,0,0,0,0,43,53,1.193,1,2055,0,552.040,22.738,-223.688,-486.438,134.500,-1.090,1.176,1.695,-1.250,22.703,-4.637,0.764,1.022,1.023,1.372,3,NULL,NULL,,2,0,2,7,255,1125,250,0,0
pre_stim,21712,21712,0,21712,3219014.455,0.791,0.348,0.313,0.394,0,0,0,0,0,0,0,9,53,1.193,1,2055,0,543.339,22.716,-236.625,-474.063,120.375,-1.184,1.078,1.250,0.770,22.703,-11.461,0.862,1.124,1.023,1.372,4,NULL,NULL,,2,0,2,7,255,1125,250,0,0
pre_stim,21712,21712,0,21712,3219019.454,0.783,0.365,0.323,0.387,0,0,0,0,0,0,0,0,53,1.193,1,2055,0,514.189,19.086,-225.750,-450.750,101.250,-1.094,1.031,1.160,0.949,19.063,-15.352,0.962,1.226,1.023,1.372,0,NULL,NULL,,2,0,2,7,255,1125,250,0,0
pre_stim,21712,21712,0,21712,3219024.455,0.775,0.381,0.330,0.380,0,0,0,0,0,0,0,0,53,1.193,1,2055,0,483.458,17.573,-252.188,-403.750,84.375,-0.969,1.023,1.125,0.949,17.547,-15.703,1.058,1.324,1.023,1.372,0,NULL,NULL,,2,0,2,7,255,1125,250,0,0
pre_stim,21712,21712,0,21712,3219029.453,0.766,0.398,0.336,0.377,0,0,0,0,0,0,0,7,53,1.193,1,2055,0,464.117,16.607,-302.750,-348.188,50.125,-0.523,0.844,0.914,1.582,16.531,-15.703,1.144,1.414,1.023,1.372,0,NULL,NULL,,2,0,2,7,255,1125,250,0,0
pre_stim,21712,21712,0,21712,3219034.455,0.757,0.412,0.340,0.376,0,0,0,0,0,0,0,27,53,1.193,1,2055,0,377.355,12.542,-278.438,-254.625,-5.938,-0.242,-0.063,0.633,1.582,12.441,-13.051,1.224,1.498,1.023,1.372,0,NULL,NULL,,2,0,2,7,255,1125,250,0,0
pre_stim,21712,21712,0,21712,3219039.454,0.752,0.421,0.343,0.376,0,0,0,0,0,0,0,30,53,1.193,1,2055,0,254.562,6.606,-182.250,-177.688,3.750,-0.434,-0.734,0.578,-2.871,5.949,-8.949,1.296,1.574,1.023,1.372,0,NULL,NULL,,2,0,2,7,255,1125,250,0,0
pre_stim,21734,21734,0,21734,3219044.455,0.747,0.427,0.343,0.376,0,0,0,0,0,0,0,39,53,1.193,1,2055,0,184.359,9.690,-153.938,-101.250,6.313,-0.719,-0.316,0.918,-7.648,5.949,-8.949,1.368,1.650,1.023,1.372,0,NULL,NULL,,2,0,2,7,255,1125,250,0,0
pre_stim,21734,21734,0,21734,3219049.453,0.743,0.434,0.341,0.380,0,0,0,0,0,0,0,35,53,1.193,1,2055,0,211.558,10.817,-208.438,-7.688,-35.375,-0.668,0.355,0.547,-7.648,7.648,-10.980,1.446,1.730,1.023,1.372,0,NULL,NULL,,2,0,2,7,255,1125,250,0,0
pre_stim,21734,21734,0,21734,3219054.456,0.739,0.439,0.335,0.386,0,0,0,0,0,0,0,28,53,1.193,1,2055,0,235.674,7.716,-216.688,79.125,-48.250,-0.395,0.781,-0.254,-1.016,7.648,-14.617,1.532,1.820,1.023,1.372,0,NULL,NULL,,2,0,2,7,255,1125,250,0,0
pre_stim,21734,21734,0,21734,3219059.454,0.738,0.440,0.329,0.392,0,0,0,0,0,0,0,12,53,1.193,1,2055,0,195.288,5.136,-128.688,144.813,-24.625,-0.332,0.777,-0.617,5.047,0.953,-17.047,1.626,1.916,1.023,1.372,0,NULL,NULL,,2,0,2,7,255,1125,250,0,0
pre_stim,21734,21734,0,21734,3219064.455,0.740,0.437,0.323,0.396,0,0,0,0,0,0,0,3,53,1.193,1,2055,0,188.400,5.108,-20.125,187.250,-5.188,-0.555,0.387,-0.207,5.047,0.785,-17.047,1.720,2.012,1.023,1.372,0,NULL,NULL,,2,0,2,7,255,1125,250,0,0
pre_stim,21734,21734,0,21734,3219069.453,0.743,0.433,0.317,0.401,0,0,0,0,0,0,0,0,53,1.193,1,2055,0,219.293,1.141,10.250,218.625,-13.688,-0.734,0.109,0.328,0.828,0.785,-16.652,1.810,2.106,1.023,1.372,0,NULL,NULL,,2,0,2,7,255,1125,250,0,0
pre_stim,21767,21767,0,21767,3219074.455,0.745,0.429,0.309,0.406,0,0,0,0,0,0,0,0,53,1.193,1,2055,0,241.136,6.154,-14.188,239.500,-24.188,-0.664,0.082,0.391,-2.844,5.457,-14.785,1.892,2.190,1.023,1.372,0,NULL,NULL,,2,0,2,7,255,1125,250,0,0
pre_stim,21767,21767,0,21767,3219079.453,0.748,0.425,0.301,0.412,0,0,0,0,0,0,0,0,53,1.193,1,2055,0,252.089,6.154,-24.438,250.500,-14.188,-0.508,0.215,0.121,-2.844,5.457,-14.113,1.966,2.264,1.023,1.372,0,NULL,NULL,,2,0,2,7,255,1125,250,0,0
pre_stim,21767,21767,0,21767,3219084.455,0.751,0.420,0.293,0.417,0,0,0,0,0,0,0,0,53,1.193,1,2055,0,254.670,3.455,1.438,254.563,7.250,-0.465,0.379,-0.098,-0.719,3.379,-14.113,2.032,2.334,1.023,1.372,0,NULL,NULL,,2,0,2,7,255,1125,250,0,0
pre_stim,21767,21767,0,21767,3219089.454,0.755,0.414,0.285,0.420,0,0,0,0,0,0,0,0,53,1.193,1,2055,0,259.606,2.558,39.375,255.875,19.313,-0.512,0.465,-0.102,1.016,2.348,-15.359,2.096,2.402,1.023,1.372,0,NULL,NULL,,2,0,2,7,255,1125,250,0,0
pre_stim,21767,21767,0,21767,3219094.457,0.760,0.408,0.277,0.424,0,0,0,0,0,0,0,0,53,1.193,1,2055,0,265.465,2.682,64.250,256.750,20.563,-0.508,0.445,0.012,1.297,2.348,-15.359,2.162,2.468,1.023,1.372,0,NULL,NULL,,2,0,2,7,255,1125,250,0,0
pre_stim,21767,21767,0,21767,3219099.453,0.765,0.400,0.270,0.427,0,0,0,0,0,0,0,0,53,1.193,1,2055,0,269.156,3.612,74.813,257.375,24.625,-0.445,0.371,0.105,1.297,3.371,-15.324,2.218,2.526,1.023,1.372,0,NULL,NULL,,2,0,2,7,255,1125,250,0,0
pre_stim,21809,21809,0,21809,3219104.455,0.769,0.393,0.262,0.430,0,0,0,0,0,0,0,0,53,1.193,1,2055,0,272.257,3.886,81.625,257.313,35.375,-0.410,0.316,0.156,0.879,3.785,-14.023,2.258,2.570,1.023,1.372,0,NULL,NULL,,2,0,2,7,255,1125,250,0,0
pre_stim,21809,21809,0,21809,3219109.454,0.775,0.386,0.255,0.432,0,0,0,0,0,0,0,0,53,1.193,1,2055,0,275.936,4.010,90.750,256.813,44.188,-0.422,0.293,0.211,0.570,3.969,-13.188,2.288,2.602,1.023,1.372,0,NULL,NULL,,2,0,2,7,255,1125,250,0,0
pre_stim,21809,21809,0,21809,3219114.455,0.780,0.378,0.247,0.434,0,0,0,0,0,0,0,0,53,1.193,1,2055,0,279.147,4.498,100.250,256.375,46.313,-0.438,0.293,0.316,0.289,4.488,-12.789,2.310,2.628,1.023,1.372,0,NULL,NULL,,2,0,2,7,255,1125,250,0,0
pre_stim,21809,21809,0,21809,3219119.453,0.785,0.370,0.240,0.435,0,0,0,0,0,0,0,0,53,1.193,1,2055,0,280.499,5.460,104.188,256.688,44.000,-0.422,0.293,0.445,0.168,5.457,-12.215,2.332,2.652,1.023,1.372,0,NULL,NULL,,2,0,2,7,255,1125,250,0,0
pre_stim,21809,21809,0,21809,3219124.458,0.790,0.362,0.232,0.437,0,0,0,0,0,0,0,0,53,1.193,1,2055,0,281.178,6.451,102.188,258.563,42.000,-0.375,0.285,0.570,0.168,6.449,-11.184,2.354,2.676,1.023,1.372,0,NULL,NULL,,2,0,2,7,255,1125,250,0,0
pre_stim,21809,21809,0,21809,3219129.454,0.795,0.354,0.224,0.439,0,0,0,0,0,0,0,0,53,1.193,1,2055,0,282.751,7.195,96.438,262.625,40.938,-0.332,0.273,0.676,0.320,7.188,-9.945,2.374,2.698,1.023,1.372,0,NULL,NULL,,2,0,2,7,255,1125,250,0,0
pre_stim,21833,21833,0,21833,3219134.457,0.799,0.346,0.216,0.442,0,0,0,0,0,0,0,0,53,1.193,1,2055,0,286.642,7.698,88.375,270.000,38.125,-0.309,0.238,0.746,0.320,7.691,-8.785,2.390,2.718,1.023,1.372,0,NULL,NULL,,2,0,2,7,255,1125,250,0,0
pre_stim,21833,21833,0,21833,3219139.454,0.803,0.338,0.207,0.444,0,0,0,0,0,0,0,0,53,1.193,1,2055,0,293.620,7.934,79.563,280.688,33.125,-0.305,0.188,0.781,0.246,7.930,-7.859,2.404,2.734,1.023,1.372,0,NULL,NULL,,2,0,2,7,255,1125,250,0,0
pre_stim,21833,21833,0,21833,3219144.455,0.807,0.330,0.198,0.447,0,0,0,0,0,0,0,0,53,1.193,1,2055,0,303.526,7.954,72.250,293.625,26.313,-0.316,0.176,0.805,-0.109,7.953,-7.223,2.416,2.748,1.023,1.372,0,NULL,NULL,,2,0,2,7,255,1125,250,0,0
pre_stim,21833,21833,0,21833,3219149.453,0.811,0.321,0.189,0.451,0,0,0,0,0,0,0,0,53,1.193,1,2055,0,315.561,8.075,67.688,307.750,16.938,-0.336,0.199,0.836,-0.109,8.074,-6.910,2.426,2.762,1.023,1.372,0,NULL,NULL,,2,0,2,7,255,1125,250,0,0
pre_stim,21833,21833,0,21833,3219154.457,0.815,0.313,0.179,0.455,0,0,0,0,0,0,0,0,53,1.193,1,2055,0,327.922,8.442,63.063,321.750,5.750,-0.340,0.203,0.871,-0.066,8.441,-6.668,2.440,2.778,1.023,1.372,0,NULL,NULL,,2,0,2,7,255,1125,250,0,0
pre_stim,21833,21833,0,21833,3219159.454,0.818,0.304,0.168,0.460,0,0,0,0,0,0,0,0,53,1.193,1,2055,0,339.465,8.504,57.688,334.500,-4.250,-0.344,0.176,0.883,-0.066,8.504,-6.230,2.454,2.794,1.023,1.372,0,NULL,NULL,,2,0,2,7,255,1125,250,0,0
pre_stim,21853,21853,0,21853,3219164.457,0.820,0.295,0.157,0.465,0,0,0,0,0,0,0,0,53,1.193,1,2055,0,349.614,8.505,54.250,345.125,-13.250,-0.352,0.141,0.867,-0.105,8.504,-5.813,2.470,2.814,1.023,1.372,0,NULL,NULL,,2,0,2,7,255,1125,250,0,0
pre_stim,21853,21853,0,21853,3219169.453,0.823,0.285,0.146,0.470,0,0,0,0,0,0,0,0,53,1.193,1,2055,0,357.871,8.218,54.438,352.938,-23.313,-0.336,0.121,0.832,-0.340,8.211,-5.633,2.492,2.836,1.023,1.372,0,NULL,NULL,,2,0,2,7,255,1125,250,0,0
pre_stim,21853,21853,0,21853,3219174.455,0.824,0.276,0.135,0.475,0,0,0,0,0,0,0,2,53,1.193,1,2055,0,364.612,7.699,58.688,358.313,-33.313,-0.273,0.094,0.781,-0.340,7.691,-5.520,2.516,2.864,1.023,1.372,0,NULL,NULL,,2,0,2,7,255,1125,250,0,0
pre_stim,21853,21853,0,21853,3219179.454,0.826,0.265,0.124,0.481,0,0,0,0,0,0,0,3,53,1.193,1,2055,0,368.545,6.729,68.250,360.250,-37.250,-0.215,0.074,0.734,-0.176,6.727,-5.293,2.544,2.894,1.023,1.372,0,NULL,NULL,,2,0,2,7,255,1125,250,0,0
pre_stim,21853,21853,0,21853,3219184.457,0.828,0.255,0.113,0.486,0,0,0,0,0,0,0,4,53,1.193,1,2055,0,370.287,5.859,82.313,359.063,-37.563,-0.188,0.105,0.730,0.012,5.859,-5.133,2.574,2.928,1.023,1.372,0,NULL,NULL,,2,0,2,7,255,1125,250,0,0
pre_stim,21853,21853,0,21853,3219189.453,0.830,0.243,0.103,0.492,0,0,0,0,0,0,0,6,53,1.193,1,2055,0,371.928,5.612,98.375,356.438,-40.063,-0.141,0.125,0.750,0.496,5.590,-5.000,2.608,2.964,1.023,1.372,0,NULL,NULL,,2,0,2,7,255,1125,250,0,0
pre_stim,21884,21884,0,21884,3219194.455,0.831,0.231,0.094,0.497,0,0,0,0,0,0,0,9,53,1.193,1,2055,0,373.240,5.361,116.063,352.438,-40.313,-0.074,0.125,0.793,0.988,5.270,-4.539,2.646,3.006,1.023,1.372,0,NULL,NULL,,2,0,2,7,255,1125,250,0,0
pre_stim,21884,21884,0,21884,3219199.453,0.833,0.219,0.084,0.501,0,0,0,0,0,0,0,5,53,1.193,1,2055,0,374.096,5.004,133.250,347.563,-37.313,-0.012,0.113,0.863,1.410,4.801,-3.746,2.688,3.048,1.023,1.372,0,NULL,NULL,,2,0,2,7,255,1125,250,0,0
pre_stim,21918,21918,0,21918,3219204.455,0.835,0.206,0.076,0.506,0,0,0,0,0,0,0,5,53,1.193,1,2055,0,374.943,4.688,147.688,343.125,-32.188,0.023,0.109,0.941,1.715,4.363,-2.727,2.730,3.094,1.023,1.372,0,NULL,NULL,,2,0,2,7,255,1125,250,0,0
pre_stim,21918,21918,0,21918,3219209.454,0.836,0.192,0.067,0.509,0,0,0,0,0,0,0,9,53,1.193,1,2055,0,375.453,4.790,160.313,338.500,-26.125,0.023,0.152,1.023,1.977,4.363,-1.785,2.776,3.142,1.023,1.372,0,NULL,NULL,,2,0,2,7,255,1125,250,0,0
pre_stim,21918,21918,0,21918,3219214.456,0.838,0.178,0.059,0.513,0,0,0,0,0,0,0,20,53,1.193,1,2055,0,377.095,4.964,171.250,335.250,-21.938,0.023,0.148,1.102,2.445,4.320,-1.031,2.818,3.188,1.023,1.372,0,NULL,NULL,,2,0,2,7,255,1125,250,0,0
pre_stim,21918,21918,0,21918,3219219.453,0.839,0.164,0.051,0.516,0,0,0,0,0,0,0,22,53,1.193,1,2055,0,379.893,5.040,184.563,331.625,-16.750,-0.012,0.152,1.227,2.496,4.379,-0.195,2.860,3.232,1.023,1.372,0,NULL,NULL,,2,0,2,7,255,1125,250,0,0
pre_stim,21918,21918,0,21918,3219224.455,0.841,0.150,0.044,0.519,0,0,0,0,0,0,0,22,53,1.193,1,2055,0,381.487,5.362,191.750,329.375,-16.625,-0.063,0.148,1.379,2.496,4.746,1.016,2.898,3.272,1.023,1.372,0,NULL,NULL,,2,0,2,7,255,1125,250,0,0
pre_stim,21918,21918,0,21918,3219229.454,0.842,0.135,0.036,0.521,0,0,0,0,0,0,0,24,53,1.193,1,2055,0,382.186,5.739,194.250,328.438,-21.500,-0.086,0.133,1.500,2.387,5.219,2.488,2.932,3.308,1.023,1.372,0,NULL,NULL,,2,0,2,7,255,1125,250,0,0
pre_stim,21918,21918,0,21918,3219234.455,0.843,0.120,0.029,0.524,0,0,0,0,0,0,0,27,53,1.193,1,2055,0,380.612,5.810,192.000,327.813,-23.250,-0.098,0.160,1.641,2.387,5.297,3.785,2.964,3.342,1.023,1.372,0,NULL,NULL,,2,0,2,7,255,1125,250,0,0
pre_stim,21918,21918,0,21918,3219239.453,0.843,0.106,0.021,0.527,0,0,0,0,0,0,0,23,53,1.193,1,2055,0,377.448,5.975,186.125,327.438,-24.688,-0.113,0.207,1.785,2.586,5.387,5.195,2.992,3.374,1.023,1.372,0,NULL,NULL,,2,0,2,7,255,1125,250,0,0
pre_stim,21918,21918,0,21918,3219244.455,0.843,0.092,0.013,0.530,0,0,0,0,0,0,0,25,53,1.193,1,2055,0,372.050,6.179,174.000,327.500,-29.813,-0.109,0.234,1.918,3.027,5.387,6.645,3.018,3.402,1.023,1.372,0,NULL,NULL,,2,0,2,7,255,1125,250,0,0
pre_stim,21918,21918,0,21918,3219249.453,0.843,0.079,0.005,0.532,0,0,0,0,0,0,0,29,53,1.193,1,2055,0,363.584,6.245,155.313,327.125,-32.563,-0.086,0.207,1.961,3.340,5.277,8.043,3.044,3.430,1.023,1.372,0,NULL,NULL,,2,0,2,7,255,1125,250,0,0
pre_stim,21943,21943,0,21943,3219254.458,0.842,0.066,-0.003,0.535,0,0,0,0,0,0,0,31,53,1.193,1,2055,0,356.043,5.541,139.875,325.813,-32.375,-0.063,0.172,1.953,3.340,4.422,8.684,3.066,3.456,1.023,1.372,0,NULL,NULL,,2,0,2,7,255,1125,250,0,0
pre_stim,21943,21943,0,21943,3219259.454,0.841,0.053,-0.012,0.537,0,0,0,0,0,0,0,30,53,1.193,1,2055,0,350.528,4.720,131.063,323.500,-32.250,-0.027,0.156,1.914,3.188,3.480,8.684,3.088,3.480,1.023,1.372,0,NULL,NULL,,2,0,2,7,255,1125,250,0,0
pre_stim,21943,21943,0,21943,3219264.455,0.841,0.041,-0.020,0.540,0,0,0,0,0,0,0,38,53,1.193,1,2055,0,346.891,4.029,128.875,320.438,-32.313,0.008,0.133,1.883,3.172,2.484,8.574,3.110,3.504,1.023,1.372,0,NULL,NULL,,2,0,2,7,255,1125,250,0,0
pre_stim,21943,21943,0,21943,3219269.453,0.839,0.029,-0.029,0.542,0,0,0,0,0,0,0,38,53,1.193,1,2055,0,345.449,3.438,132.500,317.375,-32.438,0.055,0.086,1.871,3.098,1.492,8.332,3.132,3.528,1.023,1.372,0,NULL,NULL,,2,0,2,7,255,1125,250,0,0
pre_stim,21943,21943,0,21943,3219274.455,0.838,0.016,-0.037,0.544,0,0,0,0,0,0,0,37,53,1.193,1,2055,0,345.614,2.896,139.188,314.813,-31.125,0.102,0.008,1.867,2.879,0.313,8.320,3.156,3.552,1.023,1.372,0,NULL,NULL,,2,0,2,7,255,1125,250,0,0
pre_stim,21943,21943,0,21943,3219279.454,0.837,0.003,-0.044,0.546,0,0,0,0,0,0,0,39,53,1.193,1,2055,0,347.294,2.533,148.500,312.688,-28.063,0.145,-0.047,1.859,2.344,-0.961,8.305,3.178,3.576,1.023,1.372,0,NULL,NULL,,2,0,2,7,255,1125,250,0,0
pre_stim,21973,21973,0,21973,3219284.455,0.835,-0.010,-0.052,0.547,0,0,0,0,0,0,0,35,53,1.193,1,2055,0,351.866,2.901,162.688,310.875,-26.438,0.199,-0.078,1.863,2.008,-2.094,8.250,3.202,3.602,1.023,1.372,0,NULL,NULL,,2,0,2,7,255,1125,250,0,0
pre_stim,21973,21973,0,21973,3219289.453,0.833,-0.024,-0.058,0.549,0,0,0,0,0,0,0,41,53,1.193,1,2055,0,359.564,3.798,181.563,309.250,-26.188,0.293,-0.105,1.906,1.965,-3.250,8.250,3.226,3.628,1.023,1.372,0,NULL,NULL,,2,0,2,7,255,1125,250,0,0
pre_stim,21973,21973,0,21973,3219294.457,0.832,-0.038,-0.065,0.550,0,0,0,0,0,0,0,42,53,1.193,1,2055,0,370.578,5.202,204.625,307.938,-25.125,0.453,-0.133,2.004,1.965,-4.816,8.418,3.250,3.654,1.023,1.372,0,NULL,NULL,,2,0,2,7,255,1125,250,0,0
pre_stim,21973,21973,0,21973,3219299.453,0.829,-0.054,-0.070,0.552,0,0,0,0,0,0,0,44,53,1.193,1,2055,0,383.059,7.390,225.188,309.000,-23.313,0.648,-0.137,2.137,2.285,-7.027,8.977,3.274,3.682,1.023,1.372,0,NULL,NULL,,2,0,2,7,255,1125,250,0,0
pre_stim,22017,22017,0,22017,3219304.457,0.827,-0.070,-0.076,0.552,0,0,0,0,0,0,0,43,53,1.193,1,2055,0,394.648,10.019,244.813,309.125,-16.000,0.832,-0.137,2.305,2.914,-9.586,9.695,3.298,3.706,1.023,1.372,0,NULL,NULL,,2,0,2,7,255,1125,250,0,0
pre_stim,22017,22017,0,22017,3219309.454,0.825,-0.087,-0.081,0.553,0,0,0,0,0,0,0,44,53,1.193,1,2055,0,403.027,12.675,257.250,310.188,-6.063,0.965,-0.160,2.461,3.480,-12.188,10.668,3.320,3.730,1.023,1.372,0,NULL,NULL,,2,0,2,7,255,1125,250,0,0
pre_stim,22017,22017,0,22017,3219314.455,0.822,-0.104,-0.086,0.553,0,0,0,0,0,0,0,47,53,1.193,1,2055,0,409.195,14.925,265.188,311.625,2.500,1.063,-0.172,2.613,3.602,-14.484,11.445,3.338,3.752,1.023,1.372,0,NULL,NULL,,2,0,2,7,255,1125,250,0,0
pre_stim,22017,22017,0,22017,3219319.453,0.820,-0.121,-0.090,0.552,0,0,0,0,0,0,0,45,53,1.193,1,2055,0,412.801,16.898,267.875,314.000,7.188,1.148,-0.152,2.738,3.680,-16.492,12.168,3.354,3.770,1.023,1.372,0,NULL,NULL,,2,0,2,7,255,1125,250,0,0
pre_stim,22017,22017,0,22017,3219324.455,0.817,-0.138,-0.095,0.552,0,0,0,0,0,0,0,57,53,1.193,1,2055,0,412.084,18.698,264.375,315.938,10.125,1.207,-0.113,2.855,3.906,-18.285,12.598,3.366,3.782,1.023,1.372,0,NULL,NULL,,2,0,2,7,255,1125,250,0,0
pre_stim,22017,22017,0,22017,3219329.454,0.814,-0.154,-0.100,0.551,0,0,0,0,0,0,0,62,53,1.193,1,2055,0,403.171,20.234,249.875,316.188,11.625,1.227,-0.043,2.934,4.219,-19.789,12.961,3.372,3.792,1.023,1.372,0,NULL,NULL,,2,0,2,7,255,1125,250,0,0
pre_stim,22017,22017,0,22017,3219334.456,0.811,-0.170,-0.106,0.549,0,0,0,0,0,0,0,64,53,1.193,1,2055,0,385.869,21.255,225.000,313.313,10.250,1.215,0.059,2.965,4.660,-20.738,12.961,3.374,3.796,1.023,1.372,0,NULL,NULL,,2,0,2,7,255,1125,250,0,0
pre_stim,22017,22017,0,22017,3219339.453,0.808,-0.184,-0.112,0.548,0,0,0,0,0,0,0,72,53,1.193,1,2055,0,363.321,21.815,196.125,305.813,3.938,1.277,0.238,3.008,5.336,-21.152,12.859,3.370,3.794,1.023,1.372,0,NULL,NULL,,2,0,2,7,255,1125,250,0,0
pre_stim,22017,22017,0,22017,3219344.455,0.805,-0.197,-0.119,0.547,0,0,0,0,0,0,0,79,53,1.193,1,2055,0,336.921,23.033,164.313,294.063,-6.688,1.543,0.340,3.027,7.008,-21.941,12.590,3.360,3.786,1.023,1.372,0,NULL,NULL,,2,0,2,7,255,1125,250,0,0
pre_stim,22017,22017,0,22017,3219349.453,0.802,-0.208,-0.126,0.546,0,0,0,0,0,0,0,91,53,1.193,1,2055,0,304.259,26.075,120.125,279.438,-7.625,1.922,0.199,2.879,8.816,-24.539,11.254,3.340,3.770,1.023,1.372,0,NULL,NULL,,2,0,2,7,255,1125,250,0,0
pre_stim,22040,22040,0,22040,3219354.456,0.800,-0.216,-0.133,0.544,0,0,0,0,0,0,0,101,53,1.193,1,2055,0,272.783,29.296,76.125,261.688,11.625,2.234,-0.035,2.500,8.816,-27.938,7.480,3.310,3.740,1.023,1.372,0,NULL,NULL,,2,0,2,7,255,1125,250,0,0
pre_stim,22040,22040,0,22040,3219359.454,0.799,-0.224,-0.140,0.541,0,0,0,0,0,0,0,133,53,1.193,1,2055,0,249.394,30.582,50.625,241.188,38.250,2.445,-0.188,1.973,7.918,-29.539,1.777,3.268,3.700,1.023,1.372,0,NULL,NULL,,2,0,2,7,255,1125,250,0,0
pre_stim,22040,22040,0,22040,3219364.456,0.798,-0.232,-0.146,0.537,0,0,0,0,0,0,0,148,53,1.193,1,2055,0,234.244,30.459,54.063,219.813,60.250,2.637,-0.293,1.453,7.430,-29.539,-4.578,3.214,3.648,1.023,1.372,0,NULL,NULL,,2,0,2,7,255,1125,250,0,0
pre_stim,22040,22040,0,22040,3219369.453,0.797,-0.240,-0.150,0.533,0,0,0,0,0,0,0,155,53,1.193,1,2055,0,228.976,29.681,82.563,198.250,79.438,2.840,-0.465,1.039,7.301,-28.770,-10.645,3.150,3.586,1.023,1.372,0,NULL,NULL,,2,0,2,7,255,1125,250,0,0
pre_stim,22067,22067,0,22067,3219374.455,0.797,-0.249,-0.153,0.528,0,0,0,0,0,0,0,160,53,1.193,1,2055,0,247.365,29.440,132.063,181.938,103.188,2.938,-0.590,0.723,6.629,-28.684,-15.891,3.076,3.514,1.023,1.372,0,NULL,NULL,,2,0,2,7,255,1125,250,0,0
pre_stim,22067,22067,0,22067,3219379.454,0.797,-0.260,-0.153,0.524,0,0,0,0,0,0,0,169,53,1.193,1,2055,0,274.173,29.313,188.688,155.438,124.125,3.063,-1.105,0.719,6.043,-28.684,-19.711,2.994,3.432,1.023,1.372,0,NULL,NULL,,2,0,2,7,255,1125,250,0,0
pre_stim,22067,22067,0,22067,3219384.455,0.797,-0.272,-0.151,0.518,0,0,0,0,0,0,0,181,53,1.193,1,2055,0,303.673,30.420,218.938,137.125,159.625,3.070,-1.438,0.801,2.152,-30.344,-21.988,2.900,3.340,1.023,1.372,0,NULL,NULL,,2,0,2,7,255,1125,250,0,0
pre_stim,22067,22067,0,22067,3219389.454,0.797,-0.285,-0.147,0.512,0,0,0,0,0,0,0,188,53,1.193,1,2055,0,336.431,30.347,260.125,117.250,178.250,2.859,-1.379,0.848,-0.410,-30.344,-21.988,2.802,3.242,1.023,1.372,0,NULL,NULL,,2,0,2,7,255,1125,250,0,0
pre_stim,22067,22067,0,22067,3219394.456,0.796,-0.299,-0.142,0.507,0,0,0,0,0,0,0,185,53,1.193,1,2055,0,358.817,30.530,298.813,94.000,175.000,2.723,-1.406,1.117,-0.434,-30.527,-21.680,2.692,3.132,1.023,1.372,0,NULL,NULL,,2,0,2,7,255,1125,250,0,0
pre_stim,22067,22067,0,22067,3219399.453,0.795,-0.312,-0.135,0.502,0,0,0,0,0,0,0,181,53,1.193,1,2055,0,366.741,30.546,320.938,68.438,163.750,2.500,-1.438,1.586,-1.063,-30.527,-19.516,2.574,3.014,1.023,1.372,0,NULL,NULL,,2,0,2,7,255,1125,250,0,0
pre_stim,22108,22108,0,22108,3219404.455,0.793,-0.325,-0.128,0.499,0,0,0,0,0,0,0,189,53,1.193,1,2055,0,336.092,31.842,305.938,39.000,133.563,2.152,-1.355,2.238,-2.422,-31.750,-15.418,2.448,2.886,1.023,1.372,0,NULL,NULL,,2,0,2,7,255,1125,250,0,0
pre_stim,22108,22108,0,22108,3219409.454,0.792,-0.334,-0.122,0.497,0,0,0,0,0,0,0,203,53,1.193,1,2055,0,269.995,33.257,249.250,8.500,103.438,2.258,-1.305,2.809,-3.770,-33.043,-8.938,2.312,2.750,1.023,1.372,0,NULL,NULL,,2,0,2,7,255,1125,250,0,0
pre_stim,22108,22108,0,22108,3219414.455,0.792,-0.340,-0.115,0.494,0,0,0,0,0,0,0,207,53,1.193,1,2055,0,209.129,35.117,179.375,-22.250,105.188,1.887,-0.918,3.027,-3.770,-34.914,-5.445,2.174,2.608,1.023,1.372,0,NULL,NULL,,2,0,2,7,255,1125,250,0,0
pre_stim,22108,22108,0,22108,3219419.453,0.791,-0.343,-0.111,0.494,0,0,0,0,0,0,0,205,53,1.193,1,2055,0,127.297,35.014,107.438,-54.875,40.625,1.383,-0.520,3.129,-2.648,-34.914,-0.664,2.032,2.464,1.023,1.372,0,NULL,NULL,,2,0,2,7,255,1125,250,0,0
pre_stim,22108,22108,0,22108,3219424.457,0.791,-0.342,-0.108,0.496,0,0,0,0,0,0,0,196,53,1.193,1,2055,0,89.693,32.223,27.125,-80.625,-28.438,1.508,-0.484,3.219,-2.074,-32.156,4.199,1.888,2.318,1.023,1.372,0,NULL,NULL,,2,0,2,7,255,1125,250,0,0
pre_stim,22108,22108,0,22108,3219429.453,0.791,-0.337,-0.106,0.499,0,0,0,55,0,0,0,302,53,1.193,1,2055,0,134.039,32.203,-74.938,-105.438,-35.125,1.551,-0.539,3.172,-1.730,-32.156,4.199,1.744,2.170,1.023,1.372,0,NULL,NULL,,2,0,2,7,255,1125,250,0,0
pre_stim,22133,22133,0,22133,3219434.457,0.795,-0.338,-0.093,0.494,228,0,0,645,0,17,0,373,53,1.193,1,2055,0,326.739,32.203,131.938,-208.313,214.375,-0.051,-0.449,5.227,-1.730,-32.156,4.496,1.592,2.016,1.023,1.372,0,NULL,NULL,,2,0,2,7,255,1125,250,0,0
pre_stim,22133,22133,0,22133,3219439.454,0.809,-0.328,-0.085,0.479,842,0,0,1195,0,235,0,409,53,1.193,1,2055,0,559.222,32.203,-238.500,-189.125,469.125,-1.004,2.652,6.199,-1.730,-32.156,27.859,1.436,1.854,1.023,1.372,0,NULL,NULL,,2,0,2,7,255,1125,250,0,0
pre_stim,22133,22133,0,22133,3219444.455,0.828,-0.293,-0.097,0.467,1291,0,0,1567,0,485,0,509,53,1.193,1,2055,0,990.757,21.958,-945.938,-119.188,269.438,-1.742,3.336,2.270,7.340,-20.695,27.980,1.272,1.686,1.023,1.372,0,NULL,NULL,,2,0,2,7,255,1125,250,0,0
pre_stim,22133,22133,0,22133,3219449.453,0.841,-0.260,-0.110,0.462,1687,0,0,1809,0,599,0,559,53,1.193,1,2056,0,871.705,16.118,-861.750,-109.875,72.000,-2.316,2.637,-1.551,9.496,13.023,27.980,1.104,1.512,1.023,1.372,1,1109.000,-16.000,,2,0,2,7,255,1125,250,0,0
pre_stim,22133,22133,0,22133,3219454.457,0.845,-0.242,-0.116,0.464,1951,0,0,1928,0,871,0,614,53,1.193,1,2056,0,448.728,31.322,-433.250,-91.125,-73.125,-1.965,1.281,-2.035,9.496,29.848,-5.086,0.936,1.334,1.023,1.372,1,NULL,NULL,,2,0,2,7,255,1125,250,0,0
pre_stim,22133,22133,0,22133,3219459.454,0.843,-0.235,-0.114,0.470,2120,0,0,1993,0,1033,0,699,53,1.193,1,2056,0,214.451,29.848,-90.063,-121.938,-151.688,-0.313,0.199,-0.113,0.035,29.848,-8.988,0.770,1.154,1.023,1.372,1,NULL,NULL,,2,0,2,7,255,1125,250,0,0
pre_stim,22153,22153,0,22153,3219464.458,0.843,-0.231,-0.112,0.473,2245,0,0,2060,0,1231,0,775,53,1.193,1,2056,0,124.096,3.656,-33.688,-106.500,-54.063,0.637,0.566,1.348,0.035,3.656,-8.988,0.614,0.972,1.023,1.372,1,NULL,NULL,,2,0,2,7,255,1125,250,0,0
pre_stim,22153,22153,0,22153,3219469.453,0.847,-0.224,-0.110,0.470,2367,0,0,2136,0,1361,0,829,53,1.193,1,2056,0,212.499,8.049,-157.250,-118.188,80.375,0.281,1.535,1.461,7.871,-1.684,0.652,0.484,0.794,1.023,1.372,1,NULL,NULL,,2,0,2,7,255,1125,250,0,0
pre_stim,22153,22153,0,22153,3219474.455,0.851,-0.213,-0.110,0.467,2570,0,0,2373,0,1467,0,859,53,1.193,1,2056,0,285.189,8.049,-249.625,-117.125,72.813,-0.680,1.141,1.109,7.871,-1.684,5.078,0.400,0.624,1.023,1.372,1,NULL,NULL,,2,0,2,7,255,1125,250,0,0
pre_stim,22153,22153,0,22153,3219479.453,0.854,-0.199,-0.111,0.467,2731,0,0,2551,0,1485,0,943,53,1.193,1,2056,0,309.672,8.032,-285.125,-120.750,-4.438,-1.453,-0.473,0.500,5.871,5.480,5.078,0.378,0.466,1.023,1.372,2,NULL,NULL,,2,0,2,7,255,1125,250,0,0
pre_stim,22153,22153,0,22153,3219484.455,0.858,-0.185,-0.111,0.466,2829,0,0,2679,0,1499,0,1059,53,1.193,1,2056,0,338.502,12.764,-296.875,-162.500,6.500,-1.617,-1.613,0.098,-11.527,5.480,-1.016,0.418,0.336,1.023,1.372,2,NULL,NULL,,2,0,2,7,255,1125,250,0,0
pre_stim,22153,22153,0,22153,3219489.454,0.858,-0.174,-0.109,0.470,2905,0,0,2792,0,1515,0,1163,53,1.193,1,2056,0,270.156,15.380,-191.250,-162.313,-100.313,-1.051,-1.125,-0.180,-14.977,3.500,-6.117,0.482,0.258,1.023,1.372,2,NULL,NULL,,2,0,2,7,255,1125,250,0,0
pre_stim,22182,22182,0,22182,3219494.456,0.858,-0.167,-0.105,0.475,2961,0,0,2864,0,1523,0,1263,53,1.193,1,2056,0,213.501,15.260,-65.875,-176.188,-101.000,-0.191,-0.703,0.281,-14.977,2.930,-7.734,0.524,0.248,1.023,1.372,2,NULL,NULL,,2,0,2,7,255,1125,250,0,0
pre_stim,22182,22182,0,22182,3219499.453,0.857,-0.164,-0.099,0.478,2983,0,0,2927,0,1543,0,1352,53,1.193,1,2056,0,188.210,7.481,2.688,-174.688,-70.000,0.289,-0.922,1.211,-6.797,-3.125,-7.734,0.524,0.288,1.023,1.372,2,NULL,NULL,,2,0,2,7,255,1125,250,0,0
pre_stim,22217,22217,0,22217,3219504.455,0.858,-0.159,-0.093,0.480,3027,0,0,2983,0,1613,0,1389,53,1.193,1,2056,0,168.250,12.900,-39.313,-162.500,-18.875,0.523,-1.172,1.641,-6.629,-11.066,-1.090,0.512,0.342,1.023,1.372,2,NULL,NULL,,2,0,2,7,255,1125,250,0,0
pre_stim,22217,22217,0,22217,3219509.454,0.860,-0.151,-0.089,0.479,3090,0,0,3028,0,1693,0,1407,53,1.193,1,2056,0,200.488,15.959,-111.500,-161.063,42.688,0.578,-1.129,1.418,-6.008,-14.785,-0.016,0.512,0.388,1.023,1.372,2,NULL,NULL,,2,0,2,7,255,1125,250,0,0
pre_stim,22217,22217,0,22217,3219514.457,0.864,-0.143,-0.086,0.475,3065,0,0,3079,0,1813,0,1436,53,1.193,1,2056,0,229.015,16.120,-139.938,-151.625,99.375,0.305,-1.000,0.961,-6.422,-14.785,-0.016,0.526,0.428,1.023,1.372,2,NULL,NULL,,2,0,2,7,255,1125,250,0,0
pre_stim,22217,22217,0,22217,3219519.453,0.868,-0.136,-0.083,0.471,3081,0,0,3101,0,1913,0,1463,53,1.193,1,2056,0,222.941,12.285,-119.125,-144.625,120.813,-0.078,-0.922,0.813,-6.422,-10.473,-3.082,0.540,0.460,1.023,1.372,2,NULL,NULL,,2,0,2,7,255,1125,250,0,0
pre_stim,22217,22217,0,22217,3219524.457,0.871,-0.131,-0.078,0.467,3085,0,0,3116,0,2008,0,1515,53,1.193,1,2056,0,196.533,9.227,-80.063,-139.500,112.938,-0.242,-0.582,0.867,-6.422,-6.625,-3.082,0.540,0.482,1.023,1.372,2,NULL,NULL,,2,0,2,7,255,1125,250,0,0
pre_stim,22217,22217,0,22217,3219529.453,0.874,-0.127,-0.074,0.464,3099,0,0,3143,0,2077,0,1579,53,1.193,1,2056,0,171.654,6.874,-46.875,-136.875,92.375,-0.230,-0.051,1.043,-5.801,-3.688,-1.777,0.514,0.490,1.023,1.372,2,NULL,NULL,,2,0,2,7,255,1125,250,0,0
pre_stim,22217,22217,0,22217,3219534.455,0.876,-0.123,-0.069,0.462,3107,0,0,3147,0,2165,0,1659,53,1.193,1,2056,0,153.365,1.911,-38.250,-129.375,72.938,-0.195,0.207,1.188,-1.355,-1.348,0.512,0.466,0.486,1.023,1.372,2,NULL,NULL,,2,0,2,7,255,1125,250,0,0
pre_stim,22217,22217,0,22217,3219539.454,0.878,-0.118,-0.065,0.460,3111,0,0,3147,239,2249,0,1801,53,1.193,1,2056,0,152.430,1.081,-62.375,-127.063,56.563,-0.262,0.063,1.285,-0.660,-0.855,2.125,0.418,0.474,1.023,1.372,2,NULL,NULL,,2,0,2,7,255,1125,250,0,0
pre_stim,22217,22217,1,22217,3219544.456,0.879,-0.112,-0.062,0.459,3111,0,0,3155,530,2299,87,1929,53,1.193,1,2056,0,148.167,1.081,-85.625,-118.188,25.563,-0.195,-0.141,1.395,-0.660,-0.855,3.035,0.382,0.446,1.023,1.372,2,NULL,NULL,,2,1,2,7,255,1125,250,0,0
pre_stim,22217,22217,1,22217,3219549.453,0.879,-0.109,-0.061,0.461,3113,0,0,3162,814,2331,67,2045,53,1.193,1,2056,0,92.066,2.669,-48.938,-69.750,-34.875,0.234,-0.059,1.555,-0.660,-2.586,3.711,0.364,0.404,1.023,1.372,2,NULL,NULL,,2,1,2,7,255,1125,250,0,0
pre_stim,22242,22242,1,22242,3219554.457,0.878,-0.106,-0.060,0.462,3113,0,0,3147,1013,2360,67,2109,53,1.193,1,2056,0,77.093,5.841,-36.938,-51.938,-43.375,0.715,0.398,1.043,1.246,-5.707,3.711,0.356,0.354,1.023,1.372,2,NULL,NULL,,2,1,2,7,255,1125,250,0,0
pre_stim,22242,22242,1,22242,3219559.454,0.878,-0.106,-0.058,0.462,3107,0,0,3157,1177,2388,81,2153,53,1.193,1,2056,0,43.548,9.362,19.125,-39.063,2.188,0.680,0.676,1.191,7.422,-5.707,0.926,0.356,0.302,1.023,1.372,2,NULL,NULL,,2,1,2,7,255,1125,250,0,0
pre_stim,22242,22242,1,22242,3219564.455,0.879,-0.105,-0.057,0.461,3109,0,0,3157,1275,2405,87,2197,53,1.193,1,2056,0,35.578,8.584,-14.688,-19.000,26.250,-0.227,0.055,1.789,7.422,-4.313,0.926,0.360,0.260,1.023,1.372,2,NULL,NULL,,2,1,2,7,255,1125,250,0,0
pre_stim,22242,22242,1,22242,3219569.453,0.879,-0.100,-0.059,0.462,3109,0,0,3159,1386,2415,88,2247,53,1.193,1,2056,0,117.534,1.907,-111.750,-17.500,-31.938,-0.543,-0.012,1.211,-0.406,-1.863,2.801,0.364,0.230,1.023,1.372,2,NULL,NULL,,2,1,2,7,255,1125,250,0,0
pre_stim,22242,22242,1,22242,3219574.455,0.878,-0.097,-0.060,0.465,3108,0,0,3160,1471,2427,91,2279,53,1.193,1,2056,0,110.736,0.944,-76.000,-14.000,-79.313,-0.152,0.156,0.547,-0.406,0.852,2.801,0.372,0.212,1.023,1.372,2,NULL,NULL,,2,1,2,7,255,1125,250,0,0
pre_stim,22242,22242,1,22242,3219579.454,0.876,-0.096,-0.060,0.469,3109,0,0,3159,1557,2437,93,2302,53,1.193,1,2056,0,86.360,1.018,-12.938,-12.688,-84.438,0.121,-0.012,0.895,0.559,0.852,-1.477,0.386,0.202,1.023,1.372,2,NULL,NULL,,2,1,2,7,255,1125,250,0,0
pre_stim,22273,22273,1,22273,3219584.455,0.875,-0.095,-0.060,0.470,3109,16,0,3161,1614,2447,103,2335,53,1.193,1,2056,0,53.750,3.019,-13.750,-9.625,-51.063,0.156,-0.063,1.164,0.711,-2.934,-1.477,0.402,0.190,1.023,1.372,2,NULL,NULL,,2,1,2,7,255,1125,250,0,0
pre_stim,22273,22273,1,22273,3219589.453,0.875,-0.093,-0.061,0.471,3109,27,0,3167,1681,2461,117,2361,53,1.193,1,2056,0,54.634,3.019,-48.125,-7.500,-24.750,-0.078,-0.012,1.082,0.711,-2.934,0.691,0.420,0.174,1.023,1.372,2,NULL,NULL,,2,1,2,7,255,1125,250,0,0
pre_stim,22273,22273,1,22273,3219594.455,0.874,-0.091,-0.062,0.472,3111,41,0,3164,1739,2473,124,2389,53,1.193,1,2056,0,64.030,1.669,-54.688,-6.375,-32.688,-0.262,0.043,0.859,-0.133,-1.664,0.691,0.444,0.154,1.023,1.372,2,NULL,NULL,,2,1,2,7,255,1125,250,0,0
pre_stim,22273,22273,1,22273,3219599.453,0.873,-0.089,-0.063,0.475,3113,42,0,3164,1785,2479,134,2409,53,1.193,1,2056,0,69.134,0.402,-30.563,-5.688,-61.750,-0.207,0.098,0.883,-0.133,0.379,-0.887,0.472,0.128,1.023,1.372,2,NULL,NULL,,2,1,2,7,255,1125,250,0,0
pre_stim,22316,22316,1,22316,3219604.457,0.872,-0.088,-0.063,0.477,3112,57,0,3167,1835,2491,135,2428,53,1.193,1,2056,0,71.385,0.385,-15.938,-4.500,-69.438,0.023,0.121,1.051,0.066,0.379,-0.887,0.500,0.100,1.023,1.372,2,NULL,NULL,,2,1,2,7,255,1125,250,0,0
pre_stim,22316,22316,1,22316,3219609.454,0.871,-0.087,-0.063,0.479,3113,79,9,3167,1867,2495,137,2441,53,1.193,1,2056,0,55.522,1.977,-24.563,-3.250,-49.688,0.133,-0.008,1.094,1.109,-1.637,0.289,0.522,0.080,1.023,1.372,2,NULL,NULL,,2,1,2,7,255,1125,250,0,0
pre_stim,22316,22316,1,22316,3219614.455,0.871,-0.086,-0.064,0.480,3113,99,13,3171,1897,2505,135,2451,53,1.193,1,2056,0,36.642,2.929,-30.250,-2.188,-20.563,0.047,-0.066,1.008,1.109,-2.711,0.289,0.534,0.072,1.023,1.372,2,NULL,NULL,,2,1,2,7,255,1125,250,0,0
pre_stim,22316,22316,1,22316,3219619.453,0.871,-0.085,-0.065,0.480,3115,99,68,3173,1915,2509,135,2457,53,1.193,1,2056,0,26.758,2.715,-22.688,0.000,-14.188,-0.113,0.023,0.961,0.148,-2.711,-0.266,0.544,0.066,1.023,1.372,2,NULL,NULL,,2,1,2,7,255,1125,250,0,0
pre_stim,22316,22316,1,22316,3219624.458,0.870,-0.084,-0.065,0.481,3115,103,107,3173,1933,2513,135,2463,53,1.193,1,2056,0,22.421,0.868,-12.563,-0.563,-18.563,-0.168,0.098,0.996,0.148,-0.855,-0.266,0.554,0.058,1.023,1.372,2,NULL,NULL,,2,1,2,7,255,1125,250,0,0
pre_stim,22316,22316,1,22316,3219629.454,0.870,-0.084,-0.065,0.482,3113,103,147,3172,1951,2515,131,2468,53,1.193,1,2056,0,30.708,0.814,-12.438,0.875,-28.063,-0.125,0.055,1.051,0.316,-0.750,0.121,0.564,0.050,1.023,1.372,2,NULL,NULL,,2,1,2,7,255,1125,250,0,0
pre_stim,22316,22316,1,22316,3219634.457,0.869,-0.083,-0.065,0.483,3115,107,169,3173,1964,2518,119,2469,53,1.246,1,2056,1,24.327,0.868,-16.500,0.188,-17.875,-0.059,0.047,1.039,0.438,-0.750,0.285,0.000,0.000,1.092,1.358,2,NULL,NULL,,2,1,2,7,255,1125,250,0,0
pre_stim,22316,22316,1,22316,3219639.454,0.869,-0.082,-0.066,0.483,3109,126,201,3173,1983,2519,107,2473,53,1.246,1,2056,1,19.803,1.056,-14.875,1.375,-13.000,-0.121,-0.016,0.992,0.316,-1.008,0.285,0.006,0.004,1.092,1.358,2,NULL,NULL,,2,1,2,7,255,1125,250,0,0
pre_stim,22316,22316,1,22316,3219644.455,0.869,-0.082,-0.066,0.484,3103,133,235,3176,1996,2517,105,2469,53,1.246,1,2056,1,17.238,1.009,-12.875,0.750,-11.438,-0.117,0.004,1.012,-0.043,-1.008,0.129,0.010,0.008,1.092,1.358,2,NULL,NULL,,2,1,2,7,255,1125,250,0,0
pre_stim,22316,22316,1,22316,3219649.454,0.869,-0.081,-0.066,0.484,3101,141,263,3170,2009,2518,86,2472,53,1.246,1,2056,1,14.875,0.981,-12.500,0.125,-8.063,-0.129,-0.008,1.000,-0.195,-0.961,0.043,0.014,0.010,1.092,1.358,2,NULL,NULL,,2,1,2,7,255,1125,250,0,0
pre_stim,22340,22340,1,22340,3219654.458,0.869,-0.081,-0.066,0.484,3109,133,293,3167,2013,2525,53,2471,53,1.246,1,2056,1,14.990,0.950,-11.500,1.000,-9.563,-0.141,-0.031,0.980,-0.195,-0.930,0.043,0.018,0.014,1.092,1.358,2,NULL,NULL,,2,1,2,7,255,1125,250,0,0
pre_stim,22340,22340,1,22340,3219659.454,0.869,-0.080,-0.067,0.484,3108,132,313,3157,2023,2517,53,2469,53,1.246,1,2056,1,12.086,0.984,-9.563,-0.500,-7.375,-0.141,-0.027,0.977,-0.418,-0.891,-0.125,0.022,0.016,1.092,1.358,2,NULL,NULL,,2,1,2,7,255,1125,250,0,0
pre_stim,22340,22340,1,22340,3219664.457,0.869,-0.080,-0.067,0.485,3099,133,315,3160,2025,2519,46,2473,53,1.246,1,2056,1,8.455,0.968,-6.375,-1.813,-5.250,-0.160,-0.020,0.984,-0.438,-0.863,-0.125,0.024,0.018,1.092,1.358,2,NULL,NULL,,2,1,2,7,255,1125,250,0,0
pre_stim,22340,22340,1,22340,3219669.453,0.868,-0.079,-0.067,0.485,3096,119,329,3155,2027,2517,43,2475,53,1.246,1,2056,1,8.344,0.785,-4.313,-1.938,-6.875,-0.148,0.000,0.973,-0.418,-0.664,-0.164,0.026,0.020,1.092,1.358,2,NULL,NULL,,2,1,2,7,255,1125,250,0,0
pre_stim,22370,22370,1,22370,3219674.457,0.868,-0.079,-0.067,0.485,3091,119,340,3149,2035,2517,19,2475,53,1.246,1,2056,1,5.366,0.795,-2.438,-2.188,-4.250,-0.125,-0.043,0.961,-0.438,-0.664,-0.168,0.028,0.022,1.092,1.358,2,NULL,NULL,,2,1,2,7,255,1125,250,0,0
pre_stim,22370,22370,1,22370,3219679.454,0.868,-0.079,-0.067,0.485,3087,105,349,3145,2036,2515,12,2475,53,1.246,1,2056,1,3.874,1.020,-1.188,-3.688,-0.063,-0.148,-0.063,0.961,-0.453,-0.914,-0.336,0.032,0.022,1.092,1.358,2,NULL,NULL,,2,1,2,7,255,1125,250,0,0
pre_stim,22370,22370,1,22370,3219684.455,0.868,-0.079,-0.066,0.485,3077,87,350,3132,2039,2513,12,2475,53,1.246,1,2056,1,5.256,1.156,2.375,-4.688,0.125,-0.172,-0.043,0.953,-0.707,-0.914,-0.367,0.034,0.024,1.092,1.358,2,NULL,NULL,,2,1,2,7,255,1125,250,0,0
pre_stim,22370,22370,1,22370,3219689.453,0.868,-0.079,-0.066,0.485,3076,83,353,3119,2040,2503,11,2479,53,1.246,1,2056,1,8.932,0.949,6.500,-5.813,-1.938,-0.168,-0.012,0.969,-0.707,-0.633,-0.336,0.036,0.024,1.092,1.358,2,NULL,NULL,,2,1,2,7,255,1125,250,0,0
pre_stim,22370,22370,1,22370,3219694.455,0.868,-0.079,-0.066,0.485,3057,63,349,3111,2043,2509,6,2482,53,1.246,1,2056,1,11.496,0.657,8.563,-7.438,-1.875,-0.172,0.020,0.984,-0.422,-0.504,-0.199,0.036,0.024,1.092,1.358,2,NULL,NULL,,2,1,2,7,255,1125,250,0,0
pre_stim,22370,22370,1,22370,3219699.454,0.868,-0.079,-0.065,0.485,3047,61,353,3097,2053,2508,5,2487,53,1.246,1,2056,1,12.489,0.384,8.750,-8.750,-1.688,-0.199,0.055,0.996,-0.164,-0.348,-0.004,0.038,0.024,1.092,1.358,2,NULL,NULL,,2,1,2,7,255,1125,250,0,0
pre_stim,22408,22408,1,22408,3219704.455,0.868,-0.079,-0.065,0.486,3037,61,356,3087,2057,2505,9,2489,53,1.246,1,2056,1,13.979,0.034,8.125,-9.625,-6.063,-0.215,0.086,0.996,-0.020,0.027,0.148,0.038,0.024,1.092,1.358,2,NULL,NULL,,2,1,2,7,255,1125,250,0,0
pre_stim,22408,22408,1,22408,3219709.454,0.868,-0.079,-0.064,0.486,3025,53,361,3065,2067,2507,9,2495,53,1.246,1,2056,1,17.420,0.176,8.000,-10.625,-11.250,-0.184,0.082,0.984,0.156,0.082,0.148,0.040,0.022,1.092,1.358,2,NULL,NULL,,2,1,2,7,255,1125,250,0,0
pre_stim,22408,22408,1,22408,3219714.455,0.868,-0.079,-0.063,0.487,3013,55,399,3049,2083,2507,10,2509,53,1.246,1,2056,1,18.530,0.234,9.063,-12.125,-10.688,-0.152,0.063,0.961,0.219,0.082,0.012,0.040,0.022,1.092,1.358,2,NULL,NULL,,2,1,2,7,255,1125,250,0,0
pre_stim,22408,22408,1,22408,3219719.454,0.868,-0.079,-0.062,0.487,2996,51,415,3029,2099,2515,29,2515,53,1.246,1,2056,1,18.919,0.276,10.938,-14.250,-5.938,-0.160,0.078,0.973,0.258,-0.098,-0.141,0.040,0.020,1.092,1.358,2,NULL,NULL,,2,1,2,7,255,1125,250,0,0
pre_stim,22408,22408,1,22408,3219724.457,0.867,-0.080,-0.062,0.487,2981,55,456,3008,2131,2519,51,2525,53,1.246,1,2056,1,20.490,0.331,11.750,-16.063,-4.875,-0.188,0.129,1.000,0.316,-0.098,-0.141,0.038,0.018,1.092,1.358,2,NULL,NULL,,2,1,2,7,255,1125,250,0,0
pre_stim,22408,22408,1,22408,3219729.454,0.867,-0.080,-0.061,0.488,2965,59,523,3001,2155,2515,54,2544,53,1.246,1,2056,1,22.643,0.670,11.875,-17.625,-7.813,-0.168,0.191,1.012,0.586,0.324,0.223,0.038,0.014,1.092,1.358,2,NULL,NULL,,2,1,2,7,255,1125,250,0,0
pre_stim,22432,22432,1,22432,3219734.456,0.867,-0.080,-0.059,0.488,2944,61,555,2981,2196,2515,81,2559,53,1.246,1,2056,1,23.100,1.250,11.250,-18.875,-7.125,-0.129,0.219,1.031,1.207,0.324,0.324,0.038,0.012,1.092,1.358,2,NULL,NULL,,2,1,2,7,255,1125,250,0,0
pre_stim,22432,22432,1,22432,3219739.453,0.867,-0.080,-0.058,0.488,2919,62,617,2961,2248,2519,105,2583,53,1.246,1,2056,1,21.068,1.659,7.625,-19.438,-2.813,-0.129,0.223,1.055,1.637,0.270,0.453,0.040,0.012,1.092,1.358,2,NULL,NULL,,2,1,2,7,255,1125,250,0,0
pre_stim,22432,22432,1,22432,3219744.455,0.867,-0.080,-0.057,0.488,2891,69,683,2941,2285,2524,143,2603,53,1.246,1,2056,1,20.156,1.659,3.250,-19.750,-2.375,-0.168,0.238,1.047,1.637,0.270,0.684,0.044,0.014,1.092,1.358,2,NULL,NULL,,2,1,2,7,255,1125,250,0,0
pre_stim,22432,22432,1,22432,3219749.454,0.867,-0.080,-0.057,0.488,2871,102,737,2915,2317,2525,192,2621,53,1.246,1,2056,1,21.624,1.789,1.438,-19.750,-8.688,-0.188,0.262,1.031,1.656,0.676,0.684,0.046,0.016,1.092,1.358,2,NULL,NULL,,2,1,2,7,255,1125,250,0,0
pre_stim,22432,22432,1,22432,3219754.457,0.867,-0.079,-0.056,0.489,2845,119,829,2895,2379,2531,253,2631,53,1.246,1,2056,1,25.283,1.815,1.000,-19.500,-16.063,-0.156,0.262,1.039,1.656,0.742,0.602,0.050,0.020,1.092,1.358,2,NULL,NULL,,2,1,2,7,255,1125,250,0,0
pre_stim,22432,22432,1,22432,3219759.454,0.866,-0.079,-0.055,0.490,2821,139,948,2873,2412,2539,312,2649,53,1.246,1,2056,1,26.479,1.815,-1.625,-18.500,-18.875,-0.109,0.195,1.043,1.656,0.742,0.594,0.054,0.022,1.092,1.358,2,NULL,NULL,,2,1,2,7,255,1125,250,0,0
pre_stim,22452,22452,1,22452,3219764.456,0.866,-0.078,-0.054,0.490,2793,149,1070,2856,2446,2539,356,2663,53,1.246,1,2056,1,24.036,1.469,-5.938,-16.625,-16.313,-0.090,0.117,1.020,1.469,0.043,0.543,0.056,0.024,1.092,1.358,2,NULL,NULL,,2,1,2,7,255,1125,250,0,0
pre_stim,22452,22452,1,22452,3219769.454,0.866,-0.078,-0.054,0.491,2761,151,1147,2836,2491,2540,395,2677,53,1.246,1,2056,1,23.840,0.965,-8.250,-16.125,-15.500,-0.121,0.070,0.984,0.891,-0.371,0.219,0.058,0.026,1.092,1.358,2,NULL,NULL,,2,1,2,7,255,1125,250,0,0
pre_stim,22452,22452,1,22452,3219774.455,0.866,-0.077,-0.053,0.492,2726,163,1235,2814,2523,2541,442,2693,53,1.246,1,2056,1,27.037,0.488,-8.313,-15.125,-20.813,-0.137,0.043,0.969,0.316,-0.371,-0.063,0.060,0.028,1.092,1.358,2,NULL,NULL,,2,1,2,7,255,1125,250,0,0
pre_stim,22452,22452,1,22452,3219779.453,0.865,-0.076,-0.053,0.493,2695,182,1310,2799,2551,2543,549,2705,53,1.246,1,2056,1,32.225,0.371,-8.813,-15.000,-27.125,-0.152,-0.004,0.973,-0.016,-0.371,-0.176,0.060,0.028,1.092,1.358,2,NULL,NULL,,2,1,2,7,255,1125,250,0,0
pre_stim,22452,22452,1,22452,3219784.455,0.865,-0.075,-0.053,0.494,2645,184,1433,2787,2585,2549,658,2719,53,1.246,1,2056,1,36.231,0.624,-11.000,-15.188,-31.000,-0.152,-0.020,0.984,-0.441,-0.441,-0.176,0.062,0.030,1.092,1.358,2,NULL,NULL,,2,1,2,7,255,1125,250,0,0
pre_stim,22452,22452,1,22452,3219789.453,0.864,-0.074,-0.053,0.495,2613,204,1547,2763,2612,2555,758,2737,53,1.246,1,2056,1,38.679,0.775,-14.688,-16.500,-31.750,-0.152,-0.027,0.988,-0.586,-0.508,-0.070,0.062,0.030,1.092,1.358,2,NULL,NULL,,2,1,2,7,255,1125,250,0,0
pre_stim,22483,22483,0,22483,3219794.457,0.863,-0.073,-0.053,0.497,2565,215,1652,2732,2648,2552,901,2759,53,1.246,1,2056,1,42.859,0.805,-19.625,-17.563,-33.813,-0.152,-0.031,0.988,-0.625,-0.508,-0.051,0.062,0.028,1.092,1.358,2,NULL,NULL,,2,0,2,7,255,1125,250,0,0
pre_stim,22483,22483,0,22483,3219799.454,0.863,-0.071,-0.052,0.498,2500,218,1741,2707,2671,2567,991,2766,53,1.246,1,2056,1,44.716,0.813,-22.563,-19.188,-33.500,-0.141,-0.031,0.977,-0.625,-0.520,-0.051,0.064,0.026,1.092,1.358,2,NULL,NULL,,2,0,2,7,255,1125,250,0,0
pre_stim,22517,22517,0,22517,3219804.455,0.862,-0.070,-0.052,0.499,2443,227,1824,2682,2707,2573,1149,2785,53,1.246,1,2056,1,45.886,0.808,-23.063,-20.438,-34.000,-0.141,-0.027,0.973,-0.609,-0.531,-0.160,0.066,0.024,1.092,1.358,2,NULL,NULL,,2,0,2,7,255,1125,250,0,0
pre_stim,22517,22517,0,22517,3219809.454,0.862,-0.068,-0.052,0.500,2385,225,1895,2641,2725,2577,1249,2792,53,1.246,1,2056,1,44.874,0.774,-20.438,-21.375,-33.750,-0.125,-0.023,0.961,-0.523,-0.570,-0.191,0.066,0.024,1.092,1.358,2,NULL,NULL,,2,0,2,7,255,1125,250,0,0
pre_stim,22517,22517,0,22517,3219814.455,0.861,-0.067,-0.052,0.502,2321,227,1961,2592,2746,2582,1340,2812,53,1.246,1,2056,1,41.959,0.717,-17.188,-22.625,-30.875,-0.121,-0.016,0.973,-0.430,-0.574,-0.230,0.068,0.022,1.092,1.358,2,NULL,NULL,,2,0,2,7,255,1125,250,0,0
pre_stim,22517,22517,0,22517,3219819.454,0.860,-0.066,-0.051,0.503,2249,229,2047,2543,2764,2585,1445,2833,53,1.246,1,2056,1,41.965,0.730,-16.750,-23.938,-30.125,-0.125,-0.027,0.992,-0.430,-0.590,-0.230,0.070,0.022,1.092,1.358,2,NULL,NULL,,2,0,2,7,255,1125,250,0,0
pre_stim,22517,22517,0,22517,3219824.455,0.860,-0.064,-0.051,0.504,2147,223,2127,2488,2793,2581,1575,2840,53,1.246,1,2056,1,43.653,0.740,-18.938,-25.063,-30.313,-0.125,-0.047,1.008,-0.441,-0.594,-0.043,0.074,0.022,1.092,1.358,2,NULL,NULL,,2,0,2,7,255,1125,250,0,0
pre_stim,22517,22517,0,22517,3219829.453,0.859,-0.063,-0.050,0.505,2067,227,2185,2443,2815,2589,1693,2857,53,1.246,1,2056,1,47.935,0.908,-22.688,-25.625,-33.563,-0.129,-0.055,1.027,-0.602,-0.680,0.129,0.076,0.024,1.092,1.358,2,NULL,NULL,,2,0,2,7,255,1125,250,0,0
pre_stim,22517,22517,0,22517,3219834.456,0.859,-0.061,-0.050,0.506,1975,210,2245,2363,2833,2589,1775,2872,53,1.246,1,2056,1,51.861,0.908,-27.688,-26.000,-35.313,-0.098,-0.020,1.039,-0.602,-0.680,0.305,0.076,0.026,1.092,1.358,2,NULL,NULL,,2,0,2,7,255,1125,250,0,0
pre_stim,22517,22517,0,22517,3219839.453,0.858,-0.059,-0.050,0.508,1866,201,2299,2259,2844,2595,1879,2877,53,1.246,1,2056,1,50.997,0.741,-31.125,-26.125,-30.813,-0.070,0.020,0.992,-0.180,-0.719,0.305,0.078,0.026,1.092,1.358,2,NULL,NULL,,2,0,2,7,255,1125,250,0,0
pre_stim,22518,22518,0,22518,3219844.455,0.858,-0.057,-0.049,0.508,1735,186,2342,2155,2859,2588,1963,2880,53,1.246,1,2056,1,44.781,0.773,-26.750,-26.375,-24.375,-0.074,0.039,0.961,0.285,-0.719,-0.090,0.080,0.028,1.092,1.358,2,NULL,NULL,,2,0,2,7,255,1125,250,0,0
pre_stim,22518,22518,0,22518,3219849.454,0.857,-0.056,-0.049,0.509,1576,160,2391,1997,2875,2599,2045,2899,53,1.246,1,2056,1,39.503,0.606,-19.813,-27.250,-20.625,-0.102,0.008,0.984,0.285,-0.535,-0.137,0.082,0.030,1.092,1.358,2,NULL,NULL,,2,0,2,7,255,1125,250,0,0
pre_stim,22542,22542,0,22542,3219854.457,0.857,-0.054,-0.048,0.510,1387,152,2441,1862,2899,2588,2111,2915,53,1.246,1,2056,1,40.549,0.418,-19.125,-27.688,-22.625,-0.133,-0.027,1.039,0.020,-0.418,-0.137,0.084,0.030,1.092,1.358,2,NULL,NULL,,2,0,2,7,255,1125,250,0,0
pre_stim,22542,22542,0,22542,3219859.454,0.857,-0.053,-0.047,0.511,1223,107,2492,1745,2915,2598,2167,2915,53,1.246,1,2056,1,45.931,0.496,-24.500,-28.813,-26.063,-0.137,-0.020,1.063,-0.320,-0.379,0.461,0.086,0.032,1.092,1.358,2,NULL,NULL,,2,0,2,7,255,1125,250,0,0
pre_stim,22542,22542,0,22542,3219864.455,0.856,-0.051,-0.047,0.512,1097,73,2521,1598,2930,2595,2232,2915,53,1.246,1,2056,1,48.360,0.450,-26.563,-29.438,-27.688,-0.113,0.004,1.031,-0.320,-0.316,0.461,0.088,0.032,1.092,1.358,2,NULL,NULL,,2,0,2,7,255,1125,250,0,0
pre_stim,22542,22542,0,22542,3219869.454,0.856,-0.049,-0.046,0.513,883,52,2565,1385,2941,2582,2303,2936,53,1.246,1,2056,1,46.554,0.317,-23.938,-30.250,-26.063,-0.082,0.035,1.020,-0.008,-0.316,0.355,0.090,0.032,1.092,1.358,2,NULL,NULL,,2,0,2,7,255,1125,250,0,0
pre_stim,22542,22542,0,22542,3219874.455,0.855,-0.048,-0.046,0.514,660,18,2586,1199,2955,2584,2359,2937,53,1.246,1,2056,1,42.777,0.524,-19.375,-30.563,-22.813,-0.098,0.051,1.031,0.418,-0.316,0.352,0.092,0.032,1.092,1.358,2,NULL,NULL,,2,0,2,7,255,1125,250,0,0
pre_stim,22542,22542,0,22542,3219879.453,0.855,-0.046,-0.045,0.515,459,0,2634,995,2963,2575,2408,2953,53,1.246,1,2056,1,44.154,0.440,-19.500,-31.938,-23.438,-0.133,0.039,1.070,0.418,-0.137,0.352,0.094,0.032,1.092,1.358,2,NULL,NULL,,2,0,2,7,255,1125,250,0,0
pre_stim,22572,22572,0,22572,3219884.455,0.854,-0.045,-0.044,0.516,285,0,2660,811,2973,2571,2471,2961,53,1.246,1,2056,1,47.793,0.248,-20.125,-34.063,-26.813,-0.145,0.027,1.098,0.234,0.082,0.762,0.096,0.030,1.092,1.358,2,NULL,NULL,,2,0,2,7,255,1125,250,0,0
pre_stim,22572,22572,0,22572,3219889.453,0.854,-0.043,-0.043,0.517,174,0,2685,617,2991,2549,2519,2963,53,1.246,1,2056,1,53.606,0.248,-25.563,-36.438,-29.875,-0.094,0.051,1.090,0.234,0.082,0.895,0.098,0.030,1.092,1.358,2,NULL,NULL,,2,0,2,7,255,1125,250,0,0
pre_stim,22572,22572,0,22572,3219894.455,0.853,-0.041,-0.042,0.518,59,0,2712,425,3012,2535,2553,2963,53,1.246,1,2056,1,53.271,0.560,-24.063,-37.313,-29.438,-0.078,0.063,1.063,0.543,-0.137,0.895,0.100,0.030,1.092,1.358,2,NULL,NULL,,2,0,2,7,255,1125,250,0,0
pre_stim,22572,22572,0,22572,3219899.454,0.853,-0.039,-0.041,0.519,31,0,2741,327,3007,2522,2603,2971,53,1.246,1,2056,1,56.314,0.698,-24.313,-39.750,-31.625,-0.063,0.059,1.051,0.684,-0.141,0.613,0.102,0.034,1.092,1.358,2,NULL,NULL,,2,0,2,7,255,1125,250,0,0
pre_stim,22616,22616,0,22616,3219904.455,0.852,-0.038,-0.040,0.520,7,0,2763,191,3027,2495,2629,2983,53,1.246,1,2056,1,55.441,0.727,-16.563,-45.125,-27.625,-0.059,0.043,1.070,0.684,-0.246,0.613,0.102,0.040,1.092,1.358,2,NULL,NULL,,2,0,2,7,255,1125,250,0,0
pre_stim,22616,22616,0,22616,3219909.454,0.852,-0.036,-0.038,0.521,0,0,2787,107,3041,2475,2647,2989,53,1.246,1,2056,1,55.588,0.664,-12.563,-48.875,-23.313,-0.098,0.004,1.117,0.617,-0.246,0.684,0.100,0.050,1.092,1.358,2,NULL,NULL,,2,0,2,7,255,1125,250,0,0
pre_stim,22616,22616,0,22616,3219914.455,0.852,-0.035,-0.037,0.521,0,0,2799,57,3038,2451,2675,2995,53,1.246,1,2056,1,54.755,0.220,-5.500,-53.250,-11.500,-0.227,-0.031,1.211,0.133,-0.176,1.191,0.098,0.062,1.092,1.358,2,NULL,NULL,,2,0,2,7,255,1125,250,0,0
pre_stim,22616,22616,0,22616,3219919.453,0.852,-0.033,-0.035,0.522,0,0,2828,1,3055,2411,2702,2991,53,1.246,1,2056,1,62.715,1.036,-4.375,-60.313,-16.625,-0.297,0.004,1.340,-0.707,0.758,2.219,0.096,0.070,1.092,1.358,2,NULL,NULL,,2,0,2,7,255,1125,250,0,0
pre_stim,22616,22616,0,22616,3219924.456,0.851,-0.031,-0.032,0.523,0,0,2831,0,3069,2387,2734,3000,53,1.246,1,2056,0,71.651,1.655,-8.000,-66.188,-26.250,-0.281,0.051,1.426,-0.707,1.496,3.547,0.094,0.078,1.092,1.358,3,NULL,NULL,,2,0,2,7,255,1125,250,0,0
pre_stim,22616,22616,0,22616,3219929.454,0.851,-0.030,-0.029,0.523,0,0,2843,0,3061,2351,2750,3001,53,1.246,1,2056,0,79.435,1.585,11.188,-78.500,-4.750,-0.223,0.188,1.633,-0.188,1.574,4.352,0.090,0.086,1.092,1.358,3,NULL,NULL,,2,0,2,7,255,1125,250,0,0
pre_stim,22616,22616,0,22616,3219934.457,0.852,-0.028,-0.026,0.522,0,0,2851,0,3082,2292,2785,3005,53,1.246,1,2056,0,90.072,2.071,-16.250,-85.438,23.438,-0.129,0.359,1.668,1.289,1.621,6.289,0.084,0.098,1.092,1.358,3,NULL,NULL,,2,0,2,7,255,1125,250,0,0
pre_stim,22616,22616,0,22616,3219939.453,0.853,-0.024,-0.024,0.521,0,0,2847,0,3083,2233,2803,2992,53,1.246,1,2056,0,110.982,2.720,-66.813,-86.063,21.125,-0.066,0.230,1.324,2.184,1.621,6.289,0.076,0.108,1.092,1.358,3,NULL,NULL,,2,0,2,7,255,1125,250,0,0
pre_stim,22616,22616,0,22616,3219944.455,0.854,-0.020,-0.022,0.520,0,0,2861,0,3097,2149,2827,3003,53,1.246,1,2056,0,119.959,2.440,-60.875,-93.563,43.938,-0.152,0.063,1.129,2.184,1.090,3.160,0.066,0.116,1.092,1.358,3,NULL,NULL,,2,0,2,7,255,1125,250,0,0
pre_stim,22616,22616,0,22616,3219949.454,0.855,-0.016,-0.019,0.518,0,0,2861,0,3099,2067,2839,2998,53,1.246,1,2056,0,117.553,1.126,-34.813,-100.688,49.688,-0.246,0.043,1.133,0.281,1.090,1.375,0.056,0.124,1.092,1.358,3,NULL,NULL,,2,0,2,7,255,1125,250,0,0
pre_stim,22641,22641,0,22641,3219954.457,0.856,-0.013,-0.016,0.516,0,0,2866,0,3101,1965,2843,2991,53,1.246,1,2056,0,116.060,1.937,-17.750,-106.875,41.625,-0.289,-0.031,1.176,-0.344,1.906,1.375,0.044,0.132,1.092,1.358,3,NULL,NULL,,2,0,2,7,255,1125,250,0,0
pre_stim,22641,22641,0,22641,3219959.454,0.857,-0.010,-0.012,0.515,0,0,2844,0,3107,1819,2873,2997,53,1.246,1,2056,0,116.031,2.258,-14.188,-111.875,27.313,-0.281,-0.063,1.262,-1.211,1.906,1.832,0.030,0.142,1.092,1.358,3,NULL,NULL,,2,0,2,7,255,1125,250,0,0
pre_stim,22641,22641,0,22641,3219964.455,0.858,-0.007,-0.009,0.514,0,0,2853,0,3117,1689,2886,2981,53,1.246,1,2056,0,121.401,2.245,-18.250,-117.375,25.063,-0.223,-0.063,1.332,-1.211,1.891,2.645,0.018,0.152,1.092,1.358,3,NULL,NULL,,2,0,2,7,255,1125,250,0,0
pre_stim,22641,22641,0,22641,3219969.453,0.859,-0.004,-0.005,0.513,0,0,2846,0,3112,1544,2904,2981,53,1.246,1,2056,0,128.495,1.903,-27.500,-122.063,29.250,-0.203,-0.051,1.250,-1.191,1.484,2.645,0.006,0.166,1.092,1.358,3,NULL,NULL,,2,0,2,7,255,1125,250,0,0
pre_stim,22666,22666,0,22666,3219974.455,0.859,0.000,-0.001,0.512,0,0,2834,0,3115,1325,2917,2968,53,1.246,1,2056,0,134.125,1.882,-28.625,-128.063,27.750,-0.211,-0.051,1.184,-1.156,1.484,2.492,0.012,0.180,1.092,1.358,3,NULL,NULL,,2,0,2,7,255,1125,250,0,0
pre_stim,22666,22666,0,22666,3219979.454,0.860,0.004,0.003,0.510,0,0,2829,0,3125,1093,2923,2957,53,1.246,1,2056,0,138.921,2.001,-23.063,-133.875,29.063,-0.184,-0.023,1.172,-1.082,1.684,1.797,0.024,0.194,1.092,1.358,3,NULL,NULL,,2,0,2,7,255,1125,250,0,0
pre_stim,22666,22666,0,22666,3219984.455,0.861,0.008,0.008,0.509,0,0,2814,0,3139,893,2934,2943,53,1.246,1,2056,0,142.220,2.055,-20.688,-139.188,20.625,-0.238,-0.078,1.090,-1.156,1.699,1.676,0.036,0.208,1.092,1.358,3,NULL,NULL,,2,0,2,7,255,1125,250,0,0
pre_stim,22666,22666,0,22666,3219989.453,0.861,0.011,0.013,0.508,0,0,2795,0,3141,643,2955,2934,53,1.246,1,2056,0,147.936,2.398,-5.625,-146.563,19.313,-0.219,-0.125,1.121,-1.648,1.742,1.145,0.048,0.222,1.092,1.358,3,NULL,NULL,,2,0,2,7,255,1125,250,0,0
pre_stim,22666,22666,0,22666,3219994.457,0.861,0.015,0.018,0.508,0,0,2773,0,3133,469,2957,2929,53,1.246,1,2056,0,151.642,2.652,-8.500,-151.375,2.938,-0.199,-0.148,1.121,-2.000,1.742,1.125,0.060,0.238,1.092,1.358,3,NULL,NULL,,2,0,2,7,255,1125,250,0,0
pre_stim,22666,22666,0,22666,3219999.454,0.861,0.018,0.024,0.507,0,0,2734,0,3135,331,2967,2909,53,1.246,1,2056,0,158.631,2.705,-0.250,-158.500,6.438,-0.176,-0.207,1.129,-2.180,1.602,1.145,0.074,0.256,1.092,1.358,3,NULL,NULL,,2,0,2,7,255,1125,250,0,0
pre_stim,22708,22708,0,22708,3220004.455,0.861,0.022,0.030,0.507,0,0,2700,0,3135,151,2966,2884,53,1.246,1,2056,0,165.494,2.705,7.750,-165.313,0.000,-0.129,-0.066,1.160,-2.180,1.602,1.219,0.094,0.278,1.092,1.358,3,NULL,NULL,,2,0,2,7,255,1125,250,0,0
pre_stim,22708,22708,0,22708,3220009.454,0.861,0.025,0.036,0.507,0,0,2677,0,3141,68,2983,2855,53,1.246,1,2056,0,172.735,2.097,6.438,-172.563,4.250,-0.148,-0.043,1.234,-1.301,1.645,1.449,0.118,0.304,1.092,1.358,3,NULL,NULL,,2,0,2,7,255,1125,250,0,0
pre_stim,22708,22708,0,22708,3220014.455,0.861,0.028,0.043,0.506,0,0,2619,0,3135,10,2989,2825,53,1.246,1,2056,0,182.949,2.494,18.500,-181.938,5.188,-0.148,0.074,1.344,-1.266,2.148,2.133,0.146,0.334,1.092,1.358,3,NULL,NULL,,2,0,2,7,255,1125,250,0,0
pre_stim,22708,22708,0,22708,3220019.453,0.861,0.032,0.051,0.505,0,0,2555,0,3148,0,2985,2798,53,1.246,1,2056,0,190.370,2.999,9.625,-190.125,-0.625,-0.180,0.137,1.434,-0.395,2.973,3.094,0.178,0.370,1.092,1.358,3,NULL,NULL,,2,0,2,7,255,1125,250,0,0
pre_stim,22708,22708,0,22708,3220024.455,0.860,0.036,0.058,0.505,0,0,2487,0,3139,0,2997,2750,53,1.246,1,2056,0,197.957,3.813,-1.813,-197.938,-2.063,-0.195,0.125,1.574,-0.395,3.793,3.883,0.216,0.408,1.092,1.358,3,NULL,NULL,,2,0,2,7,255,1125,250,0,0
pre_stim,22708,22708,0,22708,3220029.454,0.860,0.041,0.065,0.505,0,0,2403,0,3128,0,2991,2700,53,1.246,1,2056,0,208.482,4.304,-15.625,-207.813,-5.875,-0.254,0.113,1.703,-0.477,4.277,5.168,0.260,0.454,1.092,1.358,3,NULL,NULL,,2,0,2,7,255,1125,250,0,0
pre_stim,22732,22732,0,22732,3220034.455,0.859,0.047,0.073,0.504,0,0,2300,0,3131,0,2991,2653,53,1.246,1,2056,0,223.311,5.257,-23.438,-222.063,-2.625,-0.328,0.148,1.848,-1.023,5.156,6.262,0.312,0.504,1.092,1.358,3,NULL,NULL,,2,0,2,7,255,1125,250,0,0
pre_stim,22732,22732,0,22732,3220039.453,0.859,0.053,0.082,0.503,0,0,2187,0,3123,0,2991,2587,53,1.246,1,2056,0,240.479,6.538,-26.063,-239.063,0.500,-0.348,0.332,1.977,-1.023,6.457,7.422,0.372,0.564,1.092,1.358,3,NULL,NULL,,2,0,2,7,255,1125,250,0,0
pre_stim,22732,22732,0,22732,3220044.455,0.858,0.060,0.090,0.503,0,0,2037,0,3109,0,2982,2501,53,1.246,1,2056,0,258.952,8.059,-33.625,-256.750,2.188,-0.430,0.445,2.121,0.004,8.059,8.383,0.438,0.632,1.092,1.358,3,NULL,NULL,,2,0,2,7,255,1125,250,0,0
pre_stim,22732,22732,0,22732,3220049.454,0.857,0.069,0.100,0.501,0,0,1854,0,3096,0,2975,2409,53,1.246,1,2056,0,282.328,9.958,-55.188,-276.813,6.188,-0.453,0.512,2.254,0.313,9.953,9.375,0.512,0.706,1.092,1.358,3,NULL,NULL,,2,0,2,7,255,1125,250,0,0
pre_stim,22732,22732,0,22732,3220054.455,0.855,0.078,0.109,0.500,0,0,1707,0,3087,0,2953,2313,53,1.246,1,2056,0,308.867,11.256,-80.625,-298.063,7.563,-0.453,0.563,2.262,0.551,11.242,10.090,0.596,0.790,1.092,1.358,3,NULL,NULL,,2,0,2,7,255,1125,250,0,0
pre_stim,22732,22732,0,22732,3220059.454,0.854,0.089,0.118,0.499,0,0,1619,0,3049,0,2903,2203,53,1.246,1,2056,0,337.867,12.022,-110.750,-318.938,12.938,-0.461,0.559,2.223,0.719,12.000,10.090,0.690,0.884,1.092,1.358,3,NULL,NULL,,2,0,2,7,255,1125,250,0,0
pre_stim,22752,22752,0,22752,3220064.457,0.852,0.101,0.128,0.497,0,0,1525,0,3021,0,2888,2087,53,1.246,1,2056,0,358.951,12.528,-114.875,-339.750,14.813,-0.523,0.559,2.277,0.719,12.508,9.320,0.790,0.988,1.092,1.358,3,NULL,NULL,,2,0,2,7,255,1125,250,0,0
pre_stim,22752,22752,0,22752,3220069.454,0.850,0.114,0.139,0.495,0,0,1429,0,2985,0,2842,1968,53,1.246,1,2056,0,379.574,13.791,-123.000,-359.063,4.625,-0.605,0.547,2.348,0.250,13.789,9.246,0.894,1.092,1.092,1.358,3,NULL,NULL,,2,0,2,7,255,1125,250,0,0
pre_stim,22752,22752,0,22752,3220074.455,0.847,0.127,0.150,0.494,0,0,1353,0,2949,0,2775,1861,53,1.246,1,2056,0,399.640,15.220,-134.875,-376.063,-9.875,-0.641,0.480,2.367,-0.398,15.215,9.152,0.998,1.198,1.092,1.358,3,NULL,NULL,,2,0,2,7,255,1125,250,0,0
pre_stim,22752,22752,0,22752,3220079.453,0.843,0.139,0.162,0.493,0,0,1261,0,2871,0,2697,1721,53,1.246,1,2056,0,412.996,15.973,-114.375,-396.313,-20.500,-0.652,0.297,2.543,-1.230,15.926,9.152,1.098,1.302,1.092,1.358,3,NULL,NULL,,2,0,2,7,255,1125,250,0,0
pre_stim,22752,22752,0,22752,3220084.455,0.839,0.152,0.176,0.491,0,0,1128,0,2808,0,2553,1583,53,1.246,1,2056,0,434.988,16.818,-99.563,-422.813,-23.063,-0.766,0.316,2.824,-3.176,16.516,9.863,1.190,1.398,1.092,1.358,3,NULL,NULL,,2,0,2,7,255,1125,250,0,0
pre_stim,22752,22752,0,22752,3220089.453,0.835,0.166,0.189,0.490,0,0,995,0,2715,0,2387,1439,53,1.246,1,2056,0,459.320,19.653,-124.000,-441.000,-33.438,-0.820,0.488,2.926,-3.176,19.395,10.734,1.272,1.484,1.092,1.358,3,NULL,NULL,,2,0,2,7,255,1125,250,0,0
pre_stim,22783,22783,0,22783,3220094.455,0.829,0.180,0.203,0.489,0,0,877,0,2589,0,2163,1293,53,1.246,1,2056,0,470.400,21.836,-130.063,-448.438,-57.125,-0.762,0.336,2.910,-4.051,21.457,10.734,1.342,1.556,1.092,1.358,3,NULL,NULL,,2,0,2,7,255,1125,250,0,0
pre_stim,22783,22783,0,22783,3220099.454,0.823,0.194,0.217,0.489,0,0,712,0,2447,0,1931,1111,53,1.246,1,2056,0,475.797,21.866,-122.313,-455.375,-63.688,-0.582,-0.023,2.938,-4.207,21.457,10.734,1.406,1.626,1.092,1.358,3,NULL,NULL,,2,0,2,7,255,1125,250,0,0
pre_stim,22821,22821,0,22821,3220104.455,0.816,0.208,0.232,0.487,0,0,552,0,2261,0,1633,981,53,1.246,1,2056,0,491.744,20.761,-131.375,-472.000,-42.063,-0.457,-0.316,2.801,-6.773,19.625,10.207,1.480,1.702,1.092,1.358,3,NULL,NULL,,2,0,2,7,255,1125,250,0,0
pre_stim,22821,22821,0,22821,3220109.454,0.810,0.224,0.246,0.483,0,0,375,0,1989,0,1239,855,53,1.246,1,2056,0,520.798,19.716,-151.500,-498.250,5.063,-0.410,-0.578,2.352,-8.797,17.645,10.055,1.566,1.790,1.092,1.358,3,NULL,NULL,,2,0,2,7,255,1125,250,0,0
pre_stim,22821,22821,0,22821,3220114.455,0.804,0.240,0.261,0.478,0,0,187,0,1677,0,735,725,53,1.246,1,2056,0,529.667,16.896,-142.688,-509.813,16.688,-0.273,-0.410,1.727,-8.797,14.426,6.434,1.660,1.886,1.092,1.358,3,NULL,NULL,,2,0,2,7,255,1125,250,0,0
pre_stim,22821,22821,0,22821,3220119.455,0.797,0.254,0.276,0.472,0,0,99,0,1341,0,277,599,53,1.246,1,2056,0,521.875,13.314,-92.063,-513.375,18.000,-0.215,-0.195,1.297,-7.523,10.984,1.695,1.756,1.984,1.092,1.358,3,NULL,NULL,,2,0,2,7,255,1125,250,0,0
pre_stim,22821,22821,0,22821,3220124.455,0.792,0.266,0.293,0.465,0,0,45,0,958,0,0,472,53,1.246,1,2056,0,510.901,12.008,-24.250,-508.750,40.063,-0.215,0.113,1.387,-4.852,10.984,-1.832,1.852,2.082,1.092,1.358,3,NULL,NULL,,2,0,2,7,255,1125,250,0,0
pre_stim,22821,22821,0,22821,3220129.453,0.787,0.277,0.309,0.456,0,0,34,0,525,0,0,355,53,1.246,1,2056,0,513.274,11.755,25.250,-507.563,72.063,-0.434,0.242,1.906,-3.496,11.223,-1.832,1.942,2.174,1.092,1.358,3,NULL,NULL,,2,0,2,7,255,1125,250,0,0
pre_stim,22821,22821,0,22821,3220134.456,0.783,0.289,0.325,0.444,0,0,13,0,123,0,0,263,53,1.246,1,2056,0,532.433,17.256,-8.125,-515.313,133.688,-0.836,0.324,2.043,-3.496,16.898,-2.230,2.026,2.260,1.092,1.358,3,NULL,NULL,,2,0,2,7,255,1125,250,0,0
pre_stim,22821,22821,0,22821,3220139.453,0.779,0.304,0.339,0.432,0,0,0,0,0,0,0,131,53,1.246,1,2056,0,563.102,20.678,-54.000,-529.813,182.938,-1.273,0.188,1.773,-4.961,20.074,-4.305,2.096,2.332,1.092,1.358,3,NULL,NULL,,2,0,2,7,255,1125,250,0,0
pre_stim,22822,22822,0,22822,3220144.455,0.774,0.319,0.353,0.418,0,0,0,0,0,0,0,39,53,1.246,1,2056,0,570.874,20.990,-66.750,-535.188,187.125,-1.277,0.281,1.395,-6.133,20.074,-9.961,2.156,2.394,1.092,1.358,4,NULL,NULL,,2,0,2,7,255,1125,250,0,0
pre_stim,22822,22822,0,22822,3220149.454,0.767,0.333,0.366,0.408,0,0,0,0,0,0,0,19,53,1.246,1,2056,0,524.584,18.418,-87.563,-503.438,118.625,-0.746,0.816,1.141,-6.133,17.367,-12.109,2.208,2.448,1.092,1.358,0,NULL,NULL,,2,0,2,7,255,1125,250,0,0
pre_stim,22848,22848,0,22848,3220154.456,0.759,0.346,0.378,0.402,0,0,0,0,0,0,0,75,53,1.246,1,2056,0,454.609,15.335,-123.625,-436.188,33.563,0.020,1.477,1.066,1.086,15.297,-12.109,2.254,2.498,1.092,1.358,0,NULL,NULL,,2,0,2,7,255,1125,250,0,0
pre_stim,22848,22848,0,22848,3220159.454,0.751,0.358,0.386,0.398,0,0,0,0,0,0,0,119,53,1.246,1,2056,0,395.472,15.605,-167.688,-357.000,28.813,0.422,0.805,1.145,5.484,14.609,-8.156,2.290,2.536,1.092,1.358,0,NULL,NULL,,2,0,2,7,255,1125,250,0,0
pre_stim,22848,22848,0,22848,3220164.455,0.746,0.369,0.391,0.393,0,0,0,0,0,0,0,145,53,1.246,1,2056,0,309.947,12.649,-139.938,-259.500,95.625,0.195,0.008,1.305,5.484,11.398,-3.250,2.316,2.564,1.092,1.358,0,NULL,NULL,,2,0,2,7,255,1125,250,0,0
pre_stim,22848,22848,0,22848,3220169.454,0.743,0.379,0.391,0.388,0,0,0,0,0,0,0,170,53,1.246,1,2056,0,258.758,11.707,-138.063,-173.750,133.063,-0.445,0.109,1.602,-2.668,11.398,-3.250,2.334,2.586,1.092,1.358,0,NULL,NULL,,2,0,2,7,255,1125,250,0,0
pre_stim,22848,22848,0,22848,3220174.455,0.740,0.388,0.389,0.388,0,0,0,0,0,0,0,169,53,1.246,1,2056,0,232.895,15.418,-203.063,-79.063,82.188,-0.668,0.340,1.395,-3.145,15.094,-7.656,2.352,2.604,1.092,1.358,0,NULL,NULL,,2,0,2,7,255,1125,250,0,0
pre_stim,22848,22848,0,22848,3220179.453,0.737,0.397,0.383,0.391,0,0,0,0,0,0,0,125,53,1.246,1,2056,0,269.475,15.418,-265.563,19.125,41.563,-0.406,0.301,0.652,-3.145,15.094,-11.199,2.372,2.626,1.092,1.358,0,NULL,NULL,,2,0,2,7,255,1125,250,0,0
pre_stim,22873,22873,0,22873,3220184.455,0.735,0.404,0.374,0.395,0,0,0,0,0,0,0,103,53,1.246,1,2056,0,280.516,7.790,-253.250,101.750,64.813,-0.281,0.324,-0.164,-0.504,7.773,-11.734,2.392,2.650,1.092,1.358,0,NULL,NULL,,2,0,2,7,255,1125,250,0,0
pre_stim,22873,22873,0,22873,3220189.453,0.737,0.408,0.365,0.398,0,0,0,0,0,0,0,69,53,1.246,1,2056,0,238.543,1.946,-148.750,159.875,96.000,-0.523,0.383,-0.449,1.918,0.328,-13.816,2.412,2.672,1.092,1.358,0,NULL,NULL,,2,0,2,7,255,1125,250,0,0
pre_stim,22873,22873,0,22873,3220194.457,0.740,0.407,0.356,0.399,0,0,0,0,0,0,0,55,53,1.246,1,2056,0,221.382,1.946,-49.563,197.500,86.875,-0.801,0.297,0.016,1.918,0.328,-17.176,2.428,2.690,1.092,1.358,0,NULL,NULL,,2,0,2,7,255,1125,250,0,0
pre_stim,22873,22873,0,22873,3220199.454,0.744,0.405,0.347,0.402,0,0,0,0,0,0,0,37,53,1.246,1,2056,0,235.201,3.502,-34.625,225.000,59.125,-0.789,0.105,0.449,-0.875,3.391,-17.176,2.444,2.708,1.092,1.358,0,NULL,NULL,,2,0,2,7,255,1125,250,0,0
pre_stim,22916,22916,0,22916,3220204.456,0.747,0.403,0.337,0.406,0,0,0,0,0,0,0,29,53,1.246,1,2056,0,257.023,6.366,-64.625,242.000,57.625,-0.609,-0.027,0.414,-3.258,5.469,-14.824,2.460,2.726,1.092,1.358,0,NULL,NULL,,2,0,2,7,255,1125,250,0,0
pre_stim,22916,22916,0,22916,3220209.454,0.751,0.403,0.327,0.409,0,0,0,0,0,0,0,27,53,1.246,1,2056,0,273.765,6.366,-75.250,249.750,83.125,-0.543,0.027,0.098,-3.258,5.469,-13.848,2.476,2.746,1.092,1.358,0,NULL,NULL,,2,0,2,7,255,1125,250,0,0
pre_stim,22916,22916,0,22916,3220214.455,0.755,0.401,0.316,0.411,0,0,0,0,0,0,0,19,53,1.246,1,2056,0,276.147,3.616,-49.688,252.688,99.688,-0.645,0.184,-0.141,-2.375,2.727,-13.848,2.494,2.766,1.092,1.358,0,NULL,NULL,,2,0,2,7,255,1125,250,0,0
pre_stim,22916,22916,0,22916,3220219.454,0.760,0.398,0.305,0.413,0,0,0,0,0,0,0,18,53,1.246,1,2056,0,270.424,2.640,-12.063,254.188,91.500,-0.715,0.266,-0.137,-1.281,2.309,-16.184,2.516,2.790,1.092,1.358,0,NULL,NULL,,2,0,2,7,255,1125,250,0,0
pre_stim,22916,22916,0,22916,3220224.456,0.765,0.394,0.296,0.415,0,0,0,0,0,0,0,21,53,1.246,1,2056,0,268.082,2.538,11.688,256.313,77.688,-0.645,0.242,-0.012,-1.055,2.309,-16.184,2.540,2.816,1.092,1.358,0,NULL,NULL,,2,0,2,7,255,1125,250,0,0
pre_stim,22916,22916,0,22916,3220229.453,0.770,0.389,0.286,0.417,0,0,0,0,0,0,0,21,53,1.246,1,2056,0,271.077,3.309,19.438,259.313,76.563,-0.547,0.191,0.070,-1.055,3.137,-15.664,2.568,2.844,1.092,1.358,0,NULL,NULL,,2,0,2,7,255,1125,250,0,0
pre_stim,22916,22916,0,22916,3220234.455,0.775,0.384,0.277,0.418,0,0,0,0,0,0,0,19,53,1.246,1,2056,0,276.061,3.575,24.688,262.188,82.813,-0.551,0.172,0.086,-1.156,3.383,-14.242,2.598,2.878,1.092,1.358,0,NULL,NULL,,2,0,2,7,255,1125,250,0,0
pre_stim,22916,22916,0,22916,3220239.454,0.780,0.379,0.267,0.420,0,0,0,0,0,0,0,17,53,1.246,1,2056,0,278.858,3.798,36.250,264.438,80.750,-0.613,0.137,0.105,-1.398,3.531,-14.164,2.632,2.914,1.092,1.358,0,NULL,NULL,,2,0,2,7,255,1125,250,0,0
pre_stim,22916,22916,0,22916,3220244.455,0.785,0.373,0.258,0.422,0,0,0,0,0,0,0,23,53,1.246,1,2056,0,279.490,4.448,50.688,266.438,67.500,-0.641,0.074,0.199,-2.023,3.961,-14.051,2.666,2.950,1.092,1.358,0,NULL,NULL,,2,0,2,7,255,1125,250,0,0
pre_stim,22916,22916,0,22916,3220249.453,0.790,0.367,0.249,0.424,0,0,0,0,0,0,0,17,53,1.246,1,2056,0,279.971,5.503,61.188,268.000,53.063,-0.629,0.043,0.352,-2.805,4.734,-13.504,2.704,2.990,1.092,1.358,0,NULL,NULL,,2,0,2,7,255,1125,250,0,0
pre_stim,22940,22940,0,22940,3220254.455,0.794,0.360,0.240,0.426,0,0,0,0,0,0,0,13,53,1.246,1,2056,0,280.831,6.475,63.750,270.438,40.813,-0.590,0.082,0.508,-2.805,5.836,-12.246,2.742,3.030,1.092,1.358,0,NULL,NULL,,2,0,2,7,255,1125,250,0,0
pre_stim,22940,22940,0,22940,3220259.454,0.799,0.353,0.231,0.429,0,0,0,0,0,0,0,17,53,1.246,1,2056,0,282.346,7.546,59.563,274.438,29.250,-0.551,0.129,0.621,-2.656,7.063,-11.023,2.782,3.072,1.092,1.358,0,NULL,NULL,,2,0,2,7,255,1125,250,0,0
pre_stim,22940,22940,0,22940,3220264.454,0.802,0.346,0.222,0.433,0,0,0,0,0,0,0,23,53,1.246,1,2056,0,285.654,8.206,54.000,279.938,17.813,-0.531,0.133,0.691,-2.098,7.934,-10.066,2.822,3.114,1.092,1.358,0,NULL,NULL,,2,0,2,7,255,1125,250,0,0
pre_stim,22940,22940,0,22940,3220269.455,0.806,0.338,0.213,0.437,0,0,0,0,0,0,0,27,53,1.246,1,2056,0,291.003,8.584,49.625,286.688,5.500,-0.516,0.117,0.746,-1.949,8.359,-9.309,2.862,3.158,1.092,1.358,0,NULL,NULL,,2,0,2,7,255,1125,250,0,0
pre_stim,22965,22965,0,22965,3220274.454,0.809,0.331,0.204,0.441,0,0,0,0,0,0,0,26,53,1.246,1,2056,0,298.202,8.851,44.563,294.750,-7.813,-0.492,0.125,0.789,-1.938,8.637,-8.602,2.904,3.200,1.092,1.358,0,NULL,NULL,,2,0,2,7,255,1125,250,0,0
pre_stim,22965,22965,0,22965,3220279.455,0.811,0.324,0.195,0.446,0,0,0,0,0,0,0,45,53,1.246,1,2056,0,306.893,8.870,38.813,303.750,-20.313,-0.453,0.145,0.801,-1.691,8.707,-7.965,2.942,3.242,1.092,1.358,0,NULL,NULL,,2,0,2,7,255,1125,250,0,0
pre_stim,22965,22965,0,22965,3220284.454,0.814,0.316,0.185,0.452,0,0,0,0,0,0,0,41,53,1.246,1,2056,0,316.762,8.791,34.750,313.375,-30.438,-0.406,0.156,0.777,-1.211,8.707,-7.492,2.978,3.280,1.092,1.358,0,NULL,NULL,,2,0,2,7,255,1125,250,0,0
pre_stim,22965,22965,0,22965,3220289.455,0.816,0.308,0.175,0.458,0,0,0,0,0,0,0,43,53,1.246,1,2056,0,327.259,8.280,34.188,323.250,-37.938,-0.359,0.141,0.730,-0.789,8.242,-7.188,3.012,3.316,1.092,1.358,0,NULL,NULL,,2,0,2,7,255,1125,250,0,0
pre_stim,22965,22965,0,22965,3220294.454,0.818,0.299,0.164,0.464,0,0,0,0,0,0,0,46,53,1.246,1,2056,0,338.237,7.552,38.188,333.313,-43.000,-0.320,0.121,0.672,-0.555,7.531,-7.012,3.044,3.350,1.092,1.358,0,NULL,NULL,,2,0,2,7,255,1125,250,0,0
pre_stim,22965,22965,0,22965,3220299.455,0.819,0.290,0.154,0.470,0,0,0,0,0,0,0,53,53,1.246,1,2056,0,349.242,6.742,47.250,342.875,-46.625,-0.285,0.113,0.625,-0.457,6.727,-6.977,3.072,3.380,1.092,1.358,0,NULL,NULL,,2,0,2,7,255,1125,250,0,0
pre_stim,23017,23017,0,23017,3220304.453,0.821,0.281,0.143,0.476,0,0,0,0,0,0,0,49,53,1.246,1,2056,0,360.100,6.128,60.563,351.625,-48.625,-0.250,0.113,0.613,-0.289,6.121,-6.934,3.098,3.408,1.092,1.358,0,NULL,NULL,,2,0,2,7,255,1125,250,0,0
pre_stim,23017,23017,0,23017,3220309.455,0.823,0.270,0.133,0.482,0,0,0,0,0,0,0,53,53,1.246,1,2056,0,369.749,5.727,76.250,358.313,-50.125,-0.164,0.148,0.633,-0.020,5.727,-6.699,3.124,3.436,1.092,1.358,0,NULL,NULL,,2,0,2,7,255,1125,250,0,0
pre_stim,23017,23017,0,23017,3220314.454,0.825,0.259,0.122,0.488,0,0,0,0,0,0,0,67,53,1.246,1,2056,0,379.019,5.288,89.875,364.625,-51.250,0.031,0.117,0.621,0.781,5.230,-6.063,3.146,3.460,1.092,1.358,0,NULL,NULL,,2,0,2,7,255,1125,250,0,0
pre_stim,23017,23017,0,23017,3220319.455,0.827,0.247,0.112,0.493,0,0,0,0,0,0,0,75,53,1.246,1,2056,0,382.845,3.753,107.875,365.750,-34.063,0.129,0.031,0.582,1.281,3.527,-5.016,3.170,3.486,1.092,1.358,0,NULL,NULL,,2,0,2,7,255,1125,250,0,0
pre_stim,23017,23017,0,23017,3220324.453,0.829,0.234,0.102,0.497,0,0,0,0,0,0,0,73,53,1.246,1,2056,0,386.804,3.384,134.250,362.563,-11.938,0.102,0.148,0.672,1.527,3.020,-4.559,3.192,3.510,1.092,1.358,0,NULL,NULL,,2,0,2,7,255,1125,250,0,0
pre_stim,23017,23017,0,23017,3220329.455,0.832,0.221,0.093,0.500,0,0,0,0,0,0,0,75,53,1.246,1,2056,0,389.840,3.770,153.688,358.250,-3.500,0.063,0.234,0.852,2.258,3.020,-4.195,3.216,3.534,1.092,1.358,0,NULL,NULL,,2,0,2,7,255,1125,250,0,0
pre_stim,23017,23017,0,23017,3220334.454,0.835,0.207,0.083,0.503,0,0,0,0,0,0,0,73,53,1.246,1,2056,0,387.409,5.172,160.875,352.375,6.063,0.078,0.195,0.988,2.891,4.289,-2.977,3.238,3.560,1.092,1.358,0,NULL,NULL,,2,0,2,7,255,1125,250,0,0
pre_stim,23017,23017,0,23017,3220339.455,0.838,0.193,0.074,0.505,0,0,0,0,0,0,0,81,53,1.246,1,2056,0,384.864,5.185,166.000,346.625,20.375,0.090,0.184,1.074,2.914,4.289,-1.465,3.264,3.586,1.092,1.358,0,NULL,NULL,,2,0,2,7,255,1125,250,0,0
pre_stim,23018,23018,0,23018,3220344.453,0.841,0.180,0.065,0.507,0,0,0,0,0,0,0,72,53,1.246,1,2056,0,383.883,5.260,172.000,341.500,34.063,0.051,0.203,1.172,2.914,4.379,-0.500,3.288,3.614,1.092,1.358,0,NULL,NULL,,2,0,2,7,255,1125,250,0,0
pre_stim,23018,23018,0,23018,3220349.455,0.844,0.166,0.057,0.508,0,0,0,0,0,0,0,74,53,1.246,1,2056,0,382.934,5.559,175.438,337.750,42.250,-0.012,0.203,1.305,2.914,4.734,0.371,3.314,3.640,1.092,1.358,0,NULL,NULL,,2,0,2,7,255,1125,250,0,0
pre_stim,23037,23037,0,23037,3220354.453,0.846,0.152,0.048,0.508,0,0,0,0,0,0,0,75,53,1.246,1,2056,0,381.196,6.044,174.813,335.688,45.438,-0.070,0.160,1.402,2.867,5.320,1.566,3.338,3.666,1.092,1.358,0,NULL,NULL,,2,0,2,7,255,1125,250,0,0
pre_stim,23037,23037,0,23037,3220359.455,0.849,0.138,0.039,0.509,0,0,0,0,0,0,0,77,53,1.246,1,2056,0,379.381,6.052,173.313,334.313,46.125,-0.117,0.141,1.547,2.348,5.578,2.613,3.360,3.690,1.092,1.358,0,NULL,NULL,,2,0,2,7,255,1125,250,0,0
pre_stim,23037,23037,0,23037,3220364.454,0.851,0.125,0.030,0.509,0,0,0,0,0,0,0,76,53,1.246,1,2056,0,374.183,6.265,162.188,334.063,45.938,-0.164,0.156,1.695,2.207,5.863,4.086,3.380,3.712,1.092,1.358,0,NULL,NULL,,2,0,2,7,255,1125,250,0,0
pre_stim,23037,23037,0,23037,3220369.455,0.853,0.112,0.021,0.510,0,0,0,0,0,0,0,75,53,1.246,1,2056,0,366.934,6.621,145.125,334.188,43.563,-0.191,0.160,1.805,2.207,6.242,5.535,3.396,3.730,1.092,1.358,0,NULL,NULL,,2,0,2,7,255,1125,250,0,0
pre_stim,23065,23065,0,23065,3220374.454,0.854,0.100,0.011,0.510,0,0,0,0,0,0,0,78,53,1.246,1,2056,0,358.883,6.621,123.875,334.375,40.563,-0.207,0.145,1.832,2.207,6.242,6.727,3.408,3.744,1.092,1.358,0,NULL,NULL,,2,0,2,7,255,1125,250,0,0
pre_stim,23065,23065,0,23065,3220379.455,0.856,0.089,0.000,0.510,0,0,0,0,0,0,0,79,53,1.246,1,2056,0,352.832,6.224,106.500,334.250,37.750,-0.211,0.113,1.785,2.152,5.840,6.938,3.418,3.754,1.092,1.358,0,NULL,NULL,,2,0,2,7,255,1125,250,0,0
pre_stim,23065,23065,0,23065,3220384.454,0.856,0.077,-0.010,0.511,0,0,0,0,0,0,0,86,53,1.246,1,2056,0,349.153,5.481,98.375,333.188,34.875,-0.207,0.063,1.719,1.934,5.129,6.938,3.418,3.756,1.092,1.358,0,NULL,NULL,,2,0,2,7,255,1125,250,0,0
pre_stim,23065,23065,0,23065,3220389.455,0.857,0.066,-0.020,0.511,0,0,0,0,0,0,0,78,53,1.246,1,2056,0,346.476,4.582,98.313,330.750,31.375,-0.207,0.020,1.676,1.559,4.309,6.500,3.414,3.754,1.092,1.358,0,NULL,NULL,,2,0,2,7,255,1125,250,0,0
pre_stim,23083,23083,0,23083,3220394.453,0.857,0.055,-0.030,0.511,0,0,0,0,0,0,0,81,53,1.246,1,2056,0,344.406,3.760,103.500,327.375,27.000,-0.203,-0.012,1.656,1.227,3.555,6.301,3.404,3.746,1.092,1.358,0,NULL,NULL,,2,0,2,7,255,1125,250,0,0
pre_stim,23083,23083,0,23083,3220399.455,0.857,0.043,-0.040,0.512,0,0,0,0,0,0,0,77,53,1.246,1,2056,0,343.934,3.059,114.375,323.625,21.813,-0.188,-0.055,1.652,1.066,2.867,6.301,3.388,3.730,1.092,1.358,0,NULL,NULL,,2,0,2,7,255,1125,250,0,0
pre_stim,23115,23115,0,23115,3220404.454,0.857,0.031,-0.049,0.512,0,0,0,0,0,0,0,76,53,1.246,1,2056,0,345.726,2.227,129.938,319.938,16.813,-0.176,-0.113,1.688,0.840,2.063,6.344,3.362,3.706,1.092,1.358,0,NULL,NULL,,2,0,2,7,255,1125,250,0,0
pre_stim,23115,23115,0,23115,3220409.455,0.856,0.018,-0.058,0.513,0,0,0,0,0,0,0,73,53,1.246,1,2056,0,348.694,1.296,144.375,317.188,11.625,-0.156,-0.137,1.750,0.527,1.184,6.785,3.326,3.672,1.092,1.358,0,NULL,NULL,,2,0,2,7,255,1125,250,0,0
pre_stim,23115,23115,0,23115,3220414.454,0.856,0.005,-0.066,0.514,0,0,0,0,0,0,0,71,53,1.246,1,2056,0,353.329,0.675,157.875,316.063,4.625,-0.113,-0.133,1.805,0.527,0.422,7.453,3.280,3.628,1.092,1.358,0,NULL,NULL,,2,0,2,7,255,1125,250,0,0
pre_stim,23116,23116,0,23116,3220419.455,0.854,-0.008,-0.074,0.514,0,0,0,0,0,0,0,72,53,1.246,1,2056,0,361.057,0.986,174.875,315.875,-1.875,-0.043,-0.152,1.875,0.848,-0.504,7.930,3.224,3.574,1.092,1.358,0,NULL,NULL,,2,0,2,7,255,1125,250,0,0
pre_stim,23116,23116,0,23116,3220424.453,0.853,-0.023,-0.081,0.516,0,0,0,0,0,0,0,73,53,1.246,1,2056,0,371.083,2.104,194.188,316.125,-7.688,0.070,-0.195,1.984,1.063,-1.816,8.500,3.156,3.508,1.092,1.358,0,NULL,NULL,,2,0,2,7,255,1125,250,0,0
pre_stim,23116,23116,0,23116,3220429.455,0.851,-0.038,-0.088,0.517,0,0,0,0,0,0,0,72,53,1.246,1,2056,0,381.554,3.883,212.500,316.625,-13.250,0.238,-0.223,2.121,1.309,-3.656,9.359,3.080,3.434,1.092,1.358,0,NULL,NULL,,2,0,2,7,255,1125,250,0,0
pre_stim,23116,23116,0,23116,3220434.454,0.848,-0.053,-0.095,0.518,0,0,0,0,0,0,0,77,53,1.246,1,2056,0,394.375,6.358,231.500,318.750,-18.375,0.484,-0.203,2.227,1.930,-6.059,10.262,2.996,3.350,1.092,1.358,0,NULL,NULL,,2,0,2,7,255,1125,250,0,0
pre_stim,23116,23116,0,23116,3220439.455,0.846,-0.070,-0.101,0.519,0,0,0,0,0,0,0,86,53,1.246,1,2056,0,411.418,9.470,256.250,321.313,-18.938,0.754,-0.145,2.379,3.176,-8.922,10.551,2.906,3.260,1.092,1.358,0,NULL,NULL,,2,0,2,7,255,1125,250,0,0
pre_stim,23116,23116,0,23116,3220444.453,0.843,-0.087,-0.106,0.520,0,0,0,0,0,0,0,89,53,1.246,1,2056,0,425.712,12.910,275.938,323.875,-13.938,0.984,-0.098,2.586,4.848,-11.965,11.031,2.808,3.162,1.092,1.358,0,NULL,NULL,,2,0,2,7,255,1125,250,0,0
pre_stim,23116,23116,0,23116,3220449.455,0.840,-0.105,-0.112,0.521,0,0,0,0,0,0,0,88,53,1.246,1,2056,0,432.662,16.224,283.188,327.063,-5.625,1.188,-0.074,2.777,6.219,-14.984,11.957,2.704,3.060,1.092,1.358,0,NULL,NULL,,2,0,2,7,255,1125,250,0,0
pre_stim,23148,23148,0,23148,3220454.454,0.836,-0.123,-0.118,0.521,0,0,0,0,0,0,0,93,53,1.246,1,2056,0,433.932,19.316,280.813,330.813,2.063,1.348,-0.008,2.922,7.195,-17.926,12.676,2.592,2.948,1.092,1.358,0,NULL,NULL,,2,0,2,7,255,1125,250,0,0
pre_stim,23148,23148,0,23148,3220459.455,0.833,-0.140,-0.124,0.521,0,0,0,0,0,0,0,89,53,1.246,1,2056,0,430.857,21.877,273.000,333.188,9.750,1.441,0.059,3.020,8.289,-20.246,12.855,2.472,2.826,1.092,1.358,0,NULL,NULL,,2,0,2,7,255,1125,250,0,0
pre_stim,23148,23148,0,23148,3220464.453,0.830,-0.157,-0.130,0.520,0,0,0,0,0,0,0,97,53,1.246,1,2056,0,422.879,23.763,260.625,332.625,16.188,1.508,0.086,3.105,9.105,-21.949,12.855,2.346,2.698,1.092,1.358,0,NULL,NULL,,2,0,2,7,255,1125,250,0,0
pre_stim,23148,23148,0,23148,3220469.455,0.826,-0.173,-0.136,0.518,0,0,0,0,0,0,0,109,53,1.246,1,2056,0,403.410,25.358,235.188,327.063,21.375,1.492,0.121,3.156,9.430,-23.539,12.672,2.216,2.564,1.092,1.358,0,NULL,NULL,,2,0,2,7,255,1125,250,0,0
pre_stim,23148,23148,0,23148,3220474.454,0.823,-0.188,-0.143,0.517,0,0,0,0,0,0,0,137,53,1.246,1,2056,0,372.998,26.051,199.063,314.563,23.500,1.551,0.281,3.160,9.508,-24.254,12.449,2.084,2.430,1.092,1.358,0,NULL,NULL,,2,0,2,7,255,1125,250,0,0
pre_stim,23148,23148,0,23148,3220479.455,0.820,-0.200,-0.150,0.515,0,0,0,0,0,0,0,151,53,1.246,1,2056,0,338.514,27.165,159.875,297.875,17.375,1.828,0.336,3.055,11.023,-24.828,11.688,1.952,2.294,1.092,1.358,0,NULL,NULL,,2,0,2,7,255,1125,250,0,0
pre_stim,23172,23172,0,23172,3220484.454,0.817,-0.211,-0.157,0.513,0,0,0,0,0,0,0,187,53,1.246,1,2056,0,303.659,29.424,120.250,278.125,19.875,2.188,0.121,2.785,11.996,-26.867,8.895,1.818,2.156,1.092,1.358,0,NULL,NULL,,2,0,2,7,255,1125,250,0,0
pre_stim,23172,23172,0,23172,3220489.455,0.815,-0.220,-0.164,0.510,0,0,0,0,0,0,0,225,53,1.246,1,2056,0,273.433,31.969,89.375,255.250,40.313,2.457,-0.203,2.359,11.996,-29.633,3.867,1.682,2.016,1.092,1.358,0,NULL,NULL,,2,0,2,7,255,1125,250,0,0
pre_stim,23172,23172,0,23172,3220494.453,0.814,-0.228,-0.170,0.506,0,0,0,0,0,0,0,245,53,1.246,1,2056,0,250.139,32.577,76.188,229.375,64.438,2.629,-0.504,1.863,10.051,-30.988,-2.219,1.542,1.872,1.092,1.358,0,NULL,NULL,,2,0,2,7,255,1125,250,0,0
pre_stim,23172,23172,0,23172,3220499.455,0.813,-0.236,-0.175,0.502,0,0,0,0,0,0,0,248,53,1.246,1,2056,0,235.515,31.986,86.688,203.250,81.500,2.785,-0.707,1.383,7.926,-30.988,-8.375,1.402,1.726,1.092,1.358,0,NULL,NULL,,2,0,2,7,255,1125,250,0,0
pre_stim,23214,23214,0,23214,3220504.454,0.813,-0.245,-0.178,0.498,0,0,0,0,0,0,0,271,53,1.246,1,2056,0,234.509,31.021,119.188,178.688,94.125,2.949,-0.941,1.004,6.594,-30.313,-14.043,1.260,1.578,1.092,1.358,0,NULL,NULL,,2,0,2,7,255,1125,250,0,0
pre_stim,23214,23214,0,23214,3220509.455,0.812,-0.255,-0.178,0.494,0,0,0,0,0,0,0,291,53,1.246,1,2056,0,253.051,30.741,168.563,155.000,107.688,3.082,-1.258,0.813,5.117,-30.313,-18.945,1.114,1.426,1.092,1.358,0,NULL,NULL,,2,0,2,7,255,1125,250,0,0
pre_stim,23214,23214,0,23214,3220514.454,0.811,-0.267,-0.177,0.490,0,0,0,0,0,0,0,295,53,1.246,1,2056,0,286.774,31.226,222.688,133.000,122.313,3.156,-1.570,0.820,2.996,-31.082,-22.383,0.966,1.268,1.092,1.358,0,NULL,NULL,,2,0,2,7,255,1125,250,0,0
pre_stim,23214,23214,0,23214,3220519.455,0.809,-0.280,-0.174,0.486,0,0,0,0,0,0,0,299,53,1.246,1,2056,0,320.200,32.585,270.000,111.875,130.813,3.074,-1.730,1.070,0.832,-32.574,-22.645,0.818,1.108,1.092,1.358,0,NULL,NULL,,2,0,2,7,255,1125,250,0,0
pre_stim,23214,23214,0,23214,3220524.453,0.807,-0.293,-0.170,0.483,0,0,0,0,0,0,0,301,53,1.246,1,2056,0,321.616,33.857,288.813,86.813,111.750,2.969,-1.785,1.445,-0.605,-33.852,-22.645,0.676,0.946,1.092,1.358,0,NULL,NULL,,2,0,2,7,255,1125,250,0,0
pre_stim,23214,23214,0,23214,3220529.455,0.805,-0.305,-0.164,0.481,0,0,0,0,0,0,0,315,53,1.246,1,2056,0,312.332,35.429,289.188,59.313,102.000,2.984,-1.891,1.836,-1.363,-35.402,-20.000,0.552,0.784,1.092,1.358,0,NULL,NULL,,2,0,2,7,255,1125,250,0,0
pre_stim,23214,23214,0,23214,3220534.454,0.804,-0.316,-0.158,0.479,0,0,0,0,0,0,0,325,53,1.246,1,2056,0,285.754,38.181,263.000,20.000,109.938,2.898,-1.516,2.602,-1.363,-38.156,-18.074,0.454,0.626,1.092,1.358,0,NULL,NULL,,2,0,2,7,255,1125,250,0,0
pre_stim,23214,23214,0,23214,3220539.455,0.804,-0.323,-0.152,0.476,0,0,0,0,0,0,0,339,53,1.246,1,2056,0,233.502,41.027,195.188,-5.000,128.063,3.059,-1.645,2.914,0.004,-41.027,-11.168,0.400,0.474,1.092,1.358,0,NULL,NULL,,2,0,2,7,255,1125,250,0,0
pre_stim,23233,23233,0,23233,3220544.453,0.805,-0.329,-0.146,0.471,0,0,0,0,0,0,0,342,53,1.246,1,2056,0,215.683,41.027,141.000,-39.688,158.313,2.242,-1.230,2.805,0.004,-41.027,-10.492,0.408,0.344,1.092,1.358,0,NULL,NULL,,2,0,2,7,255,1125,250,0,0
pre_stim,23233,23233,0,23233,3220549.455,0.806,-0.331,-0.141,0.471,0,0,0,0,0,0,0,399,53,1.246,1,2056,0,129.565,37.027,93.438,-73.688,51.250,1.422,-0.305,3.379,0.004,-37.027,-5.539,0.458,0.266,1.092,1.358,0,NULL,NULL,,2,0,2,7,255,1125,250,0,0
pre_stim,23233,23233,0,23233,3220554.454,0.806,-0.332,-0.133,0.473,42,0,0,413,0,3,0,535,53,1.246,1,2056,0,174.066,35.440,101.438,-138.438,29.063,0.824,-0.656,4.336,-0.457,-35.438,6.504,0.496,0.266,1.092,1.358,0,NULL,NULL,,2,0,2,7,255,1125,250,0,0
pre_stim,23233,23233,0,23233,3220559.455,0.809,-0.341,-0.111,0.466,645,0,0,1109,0,139,0,551,53,1.246,1,2056,0,575.667,35.446,365.813,-276.375,348.125,-0.059,1.152,7.527,0.797,-35.438,15.586,0.502,0.304,1.092,1.358,0,NULL,NULL,,2,0,2,7,255,1125,250,0,0
pre_stim,23233,23233,0,23233,3220564.453,0.825,-0.317,-0.116,0.454,1243,0,0,1595,0,442,0,595,53,1.246,1,2056,0,725.586,35.446,-649.500,-128.125,297.000,-1.184,2.445,4.863,0.797,-35.438,42.590,0.500,0.348,1.092,1.358,0,NULL,NULL,,2,0,2,7,255,1125,250,0,0
pre_stim,23233,23233,0,23233,3220569.455,0.843,-0.278,-0.128,0.442,1783,0,0,1867,0,587,0,635,53,1.246,1,2056,0,1048.442,15.382,-1017.750,-147.125,204.375,-1.383,3.531,-0.195,9.781,-11.871,42.590,0.508,0.386,1.092,1.358,0,NULL,NULL,,2,0,2,7,255,1125,250,0,0
pre_stim,23271,23271,0,23271,3220574.454,0.854,-0.254,-0.134,0.435,2077,0,0,2055,0,850,0,672,53,1.246,1,2057,0,658.393,28.233,-630.438,-124.250,143.500,-2.359,2.473,-2.219,9.781,26.484,6.340,0.526,0.420,1.092,1.358,1,1138.000,13.000,,2,0,2,7,255,1125,250,0,0
pre_stim,23271,23271,0,23271,3220579.455,0.857,-0.242,-0.133,0.435,2273,0,0,2149,0,1012,0,752,53,1.246,1,2057,0,283.232,27.000,-246.500,-139.063,-10.938,-1.813,0.895,-1.273,5.254,26.484,-10.305,0.546,0.450,1.092,1.358,1,NULL,NULL,,2,0,2,7,255,1125,250,0,0
pre_stim,23271,23271,0,23271,3220584.454,0.857,-0.237,-0.130,0.439,2414,0,0,2218,0,1166,0,837,53,1.246,1,2057,0,160.900,23.110,-40.250,-137.688,-72.875,-0.160,0.293,0.945,1.707,23.047,-10.305,0.552,0.470,1.092,1.358,1,NULL,NULL,,2,0,2,7,255,1125,250,0,0
pre_stim,23271,23271,0,23271,3220589.455,0.860,-0.231,-0.126,0.438,2571,0,0,2351,0,1297,0,891,53,1.246,1,2057,0,173.185,2.762,-101.750,-132.313,46.188,0.641,1.563,1.406,1.707,-2.172,-0.398,0.538,0.478,1.092,1.358,1,NULL,NULL,,2,0,2,7,255,1125,250,0,0
pre_stim,23271,23271,0,23271,3220594.453,0.865,-0.222,-0.123,0.433,2727,0,0,2553,0,1371,0,942,53,1.246,1,2057,0,268.649,14.944,-189.625,-135.125,134.000,-0.035,1.828,1.508,14.785,-2.172,3.516,0.504,0.474,1.092,1.358,1,NULL,NULL,,2,0,2,7,255,1125,250,0,0
pre_stim,23271,23271,0,23271,3220599.455,0.872,-0.209,-0.121,0.426,2843,0,0,2703,0,1390,0,1018,53,1.246,1,2057,0,373.953,15.057,-287.250,-161.313,176.938,-1.734,-0.066,0.867,14.785,2.848,4.234,0.464,0.462,1.092,1.358,2,NULL,NULL,,2,0,2,7,255,1125,250,0,0
pre_stim,23307,23307,0,23307,3220604.454,0.878,-0.192,-0.120,0.422,2920,0,0,2807,0,1415,0,1129,53,1.246,1,2057,0,428.583,12.720,-375.313,-189.125,84.000,-2.250,-1.242,0.223,-10.449,7.254,4.234,0.424,0.442,1.092,1.358,2,NULL,NULL,,2,0,2,7,255,1125,250,0,0
pre_stim,23307,23307,0,23307,3220609.455,0.879,-0.178,-0.118,0.426,2979,0,0,2902,0,1432,0,1249,53,1.246,1,2057,0,336.895,19.175,-252.188,-189.750,-117.875,-1.539,-1.039,-0.559,-17.750,7.254,-2.125,0.390,0.406,1.092,1.358,2,NULL,NULL,,2,0,2,7,255,1125,250,0,0
pre_stim,23307,23307,0,23307,3220614.454,0.877,-0.171,-0.113,0.434,3019,0,0,2979,0,1461,0,1342,53,1.246,1,2057,0,269.666,19.018,-67.063,-195.688,-173.000,-0.012,-0.672,0.168,-17.750,6.828,-9.398,0.366,0.354,1.092,1.358,2,NULL,NULL,,2,0,2,7,255,1125,250,0,0
pre_stim,23307,23307,0,23307,3220619.455,0.876,-0.168,-0.106,0.440,3063,0,0,3023,0,1493,0,1398,53,1.246,1,2057,0,223.798,6.880,29.625,-184.563,-123.063,0.859,-0.961,1.457,-5.273,-4.418,-9.398,0.352,0.300,1.092,1.358,2,NULL,NULL,,2,0,2,7,255,1125,250,0,0
pre_stim,23307,23307,0,23307,3220624.453,0.876,-0.164,-0.101,0.442,3087,0,0,3087,0,1544,0,1419,53,1.246,1,2057,0,164.604,17.015,-21.813,-161.688,-21.813,1.234,-1.270,2.074,-1.813,-16.918,-1.039,0.346,0.248,1.092,1.358,2,NULL,NULL,,2,0,2,7,255,1125,250,0,0
pre_stim,23307,23307,0,23307,3220629.455,0.880,-0.156,-0.097,0.439,3103,0,0,3122,0,1637,0,1434,53,1.246,1,2057,0,222.387,21.378,-133.875,-152.563,90.875,1.020,-1.367,1.816,-1.813,-21.301,1.645,0.346,0.208,1.092,1.358,2,NULL,NULL,,2,0,2,7,255,1125,250,0,0
pre_stim,23331,23331,0,23331,3220634.454,0.885,-0.147,-0.094,0.431,3109,0,0,3153,0,1755,0,1448,53,1.246,1,2057,0,303.659,21.641,-196.125,-141.188,183.875,0.254,-1.090,0.914,-3.820,-21.301,1.645,0.348,0.178,1.092,1.358,2,NULL,NULL,,2,0,2,7,255,1125,250,0,0
pre_stim,23331,23331,0,23331,3220639.455,0.890,-0.139,-0.090,0.424,3121,0,0,3163,0,1849,0,1493,53,1.246,1,2057,0,285.327,12.890,-154.813,-143.375,192.063,-0.668,-0.641,0.441,-6.438,-11.168,-3.711,0.354,0.160,1.092,1.358,2,NULL,NULL,,2,0,2,7,255,1125,250,0,0
pre_stim,23331,23331,0,23331,3220644.453,0.893,-0.134,-0.086,0.420,3120,0,0,3191,0,1959,10,1579,53,1.246,1,2057,0,202.154,7.047,-79.875,-145.813,115.000,-0.949,-0.195,0.637,-7.031,-0.465,-3.711,0.360,0.150,1.092,1.358,2,NULL,NULL,,2,0,2,7,255,1125,250,0,0
pre_stim,23331,23331,0,23331,3220649.455,0.895,-0.130,-0.081,0.419,3132,0,0,3197,0,2044,35,1627,53,1.246,1,2057,0,153.263,7.462,-34.313,-145.063,35.625,-0.551,0.266,1.086,-7.031,2.500,-1.645,0.366,0.142,1.092,1.358,2,NULL,NULL,,2,0,2,7,255,1125,250,0,0
pre_stim,23331,23331,0,23331,3220654.454,0.896,-0.126,-0.076,0.420,3129,0,0,3195,27,2131,53,1706,53,1.246,1,2057,0,147.086,2.647,-43.000,-140.563,-5.250,-0.195,0.422,1.457,-0.871,2.500,2.090,0.378,0.132,1.092,1.358,2,NULL,NULL,,2,0,2,7,255,1125,250,0,0
pre_stim,23331,23331,0,23331,3220659.455,0.896,-0.120,-0.072,0.421,3132,0,0,3205,301,2227,81,1827,53,1.246,1,2057,0,166.526,1.466,-99.625,-132.438,-16.313,0.043,0.063,1.551,1.465,0.059,4.840,0.396,0.116,1.092,1.358,2,NULL,NULL,,2,0,2,7,255,1125,250,0,0
pre_stim,23353,23353,0,23353,3220664.453,0.897,-0.113,-0.070,0.421,3141,0,0,3205,559,2275,251,1961,53,1.246,1,2057,0,176.717,4.157,-132.750,-116.563,-4.438,0.223,-0.340,1.359,1.465,-3.891,4.840,0.422,0.092,1.092,1.358,2,NULL,NULL,,2,0,2,7,255,1125,250,0,0
pre_stim,23353,23353,1,23353,3220669.455,0.897,-0.108,-0.069,0.422,3145,0,0,3197,841,2325,233,2070,53,1.246,1,2057,0,112.900,7.016,-82.688,-67.688,-36.438,0.324,-0.426,1.473,-0.480,-7.000,3.090,0.446,0.072,1.092,1.358,2,NULL,NULL,,2,1,2,7,255,1125,250,0,0
pre_stim,23353,23353,1,23353,3220674.454,0.897,-0.105,-0.068,0.424,3143,0,0,3197,1013,2351,232,2122,53,1.246,1,2057,0,94.248,7.016,-57.813,-56.625,-48.313,0.641,0.223,0.953,-0.480,-7.000,2.238,0.462,0.056,1.092,1.358,2,NULL,NULL,,2,1,2,7,255,1125,250,0,0
pre_stim,23353,23353,1,23353,3220679.455,0.896,-0.104,-0.066,0.426,3123,0,0,3187,1149,2357,240,2153,53,1.246,1,2057,0,52.921,8.203,16.563,-40.188,-30.188,0.566,0.660,1.164,6.086,-5.500,0.789,0.472,0.050,1.092,1.358,2,NULL,NULL,,2,1,2,7,255,1125,250,0,0
pre_stim,23353,23353,1,23353,3220684.453,0.897,-0.103,-0.066,0.425,3123,0,0,3194,1245,2385,265,2207,53,1.246,1,2057,0,28.963,7.403,-22.375,-17.750,4.813,0.016,-0.035,1.758,6.086,-4.215,0.789,0.482,0.044,1.092,1.358,2,NULL,NULL,,2,1,2,7,255,1125,250,0,0
pre_stim,23353,23353,1,23353,3220689.455,0.897,-0.098,-0.068,0.426,3119,0,0,3195,1341,2395,273,2247,53,1.246,1,2057,0,122.726,2.831,-120.500,-15.750,-17.125,-0.500,-0.160,1.285,0.703,-2.742,3.336,0.492,0.036,1.092,1.358,2,NULL,NULL,,2,1,2,7,255,1125,250,0,0
pre_stim,23382,23382,1,23382,3220694.453,0.896,-0.094,-0.070,0.428,3134,21,0,3193,1419,2403,279,2277,53,1.246,1,2057,0,123.436,0.851,-100.563,-9.563,-70.938,-0.270,0.063,0.598,-0.848,-0.078,3.336,0.502,0.028,1.092,1.358,2,NULL,NULL,,2,1,2,7,255,1125,250,0,0
pre_stim,23382,23382,1,23382,3220699.455,0.895,-0.092,-0.070,0.432,3117,31,0,3191,1509,2411,283,2299,53,1.246,1,2057,0,96.763,0.851,-31.625,-13.563,-90.438,0.043,-0.066,0.738,-0.848,-0.078,-2.891,0.510,0.024,1.092,1.358,2,NULL,NULL,,2,1,2,7,255,1125,250,0,0
pre_stim,23414,23414,1,23414,3220704.454,0.894,-0.091,-0.070,0.434,3123,41,0,3183,1561,2419,290,2315,53,1.246,1,2057,0,64.674,2.291,-14.438,-9.563,-62.313,0.188,-0.199,1.070,0.164,-2.285,-2.891,0.514,0.020,1.092,1.358,2,NULL,NULL,,2,1,2,7,255,1125,250,0,0
pre_stim,23414,23414,1,23414,3220709.455,0.893,-0.089,-0.070,0.435,3116,47,0,3191,1607,2426,287,2339,53,1.246,1,2057,0,51.307,2.798,-40.813,-7.938,-30.063,-0.008,-0.102,1.098,0.164,-2.793,-0.094,0.520,0.018,1.092,1.358,2,NULL,NULL,,2,1,2,7,255,1125,250,0,0
pre_stim,23414,23414,1,23414,3220714.454,0.893,-0.086,-0.071,0.436,3115,61,0,3189,1644,2439,283,2355,53,1.246,1,2057,0,59.426,2.796,-51.313,-4.563,-29.625,-0.195,0.035,0.941,-0.121,-2.793,-0.094,0.526,0.014,1.092,1.358,2,NULL,NULL,,2,1,2,7,255,1125,250,0,0
pre_stim,23414,23414,1,23414,3220719.455,0.892,-0.085,-0.072,0.438,3115,87,0,3187,1685,2447,282,2365,53,1.246,1,2057,0,63.733,0.313,-38.688,-2.938,-50.563,-0.211,0.051,0.914,-0.238,-0.203,-0.395,0.536,0.006,1.092,1.358,2,NULL,NULL,,2,1,2,7,255,1125,250,0,0
pre_stim,23414,23414,1,23414,3220724.454,0.891,-0.083,-0.072,0.440,3115,92,0,3183,1721,2455,279,2381,53,1.246,1,2057,0,66.086,0.313,-26.688,-4.188,-60.313,-0.094,0.008,0.957,-0.238,-0.203,-0.457,0.544,0.000,1.092,1.358,2,NULL,NULL,,2,1,2,7,255,1125,250,0,0
pre_stim,23414,23414,1,23414,3220729.455,0.890,-0.082,-0.073,0.442,3115,95,0,3183,1749,2459,277,2393,53,1.246,1,2057,0,54.416,1.150,-22.250,-4.688,-49.438,0.000,-0.008,1.008,0.199,-1.133,-0.457,0.000,0.000,1.092,1.358,2,NULL,NULL,,2,1,2,7,255,1125,250,0,0
pre_stim,23414,23414,1,23414,3220734.453,0.890,-0.081,-0.073,0.443,3115,107,4,3183,1775,2463,279,2399,53,1.246,1,2057,0,41.708,2.099,-24.875,-2.625,-33.375,-0.004,-0.020,1.035,0.598,-2.012,-0.141,0.000,0.000,1.092,1.358,2,NULL,NULL,,2,1,2,7,255,1125,250,0,0
pre_stim,23414,23414,1,23414,3220739.455,0.889,-0.079,-0.073,0.444,3115,116,16,3183,1797,2468,278,2403,53,1.246,1,2057,0,35.962,2.099,-23.875,-1.000,-26.875,-0.043,-0.016,0.992,0.598,-2.012,-0.141,0.000,0.000,1.092,1.358,2,NULL,NULL,,2,1,2,7,255,1125,250,0,0
pre_stim,23414,23414,1,23414,3220744.454,0.889,-0.078,-0.073,0.445,3115,127,45,3182,1819,2469,266,2404,53,1.246,1,2057,0,28.581,1.699,-17.125,0.563,-22.875,-0.059,0.004,0.961,0.426,-1.645,-0.230,0.000,0.000,1.092,1.358,2,NULL,NULL,,2,1,2,7,255,1125,250,0,0
pre_stim,23414,23414,1,23414,3220749.455,0.889,-0.078,-0.074,0.446,3113,135,100,3180,1833,2472,263,2406,53,1.246,1,2057,0,20.684,1.415,-9.375,0.063,-18.438,-0.082,-0.008,0.980,0.379,-1.363,-0.234,0.000,0.000,1.092,1.358,2,NULL,NULL,,2,1,2,7,255,1125,250,0,0
pre_stim,23447,23447,1,23447,3220754.453,0.888,-0.077,-0.074,0.446,3115,147,121,3179,1847,2471,244,2405,53,1.246,1,2057,0,15.557,1.280,-8.813,0.438,-12.813,-0.121,0.012,1.023,0.191,-1.266,-0.234,0.000,0.000,1.092,1.358,2,NULL,NULL,,2,1,2,7,255,1125,250,0,0
pre_stim,23447,23447,1,23447,3220759.455,0.888,-0.077,-0.074,0.447,3108,153,151,3179,1863,2473,217,2406,53,1.246,1,2057,0,14.345,0.945,-9.125,-0.375,-11.063,-0.156,0.047,1.012,0.191,-0.926,0.227,0.000,0.000,1.092,1.358,2,NULL,NULL,,2,1,2,7,255,1125,250,0,0
pre_stim,23447,23447,1,23447,3220764.453,0.888,-0.077,-0.074,0.447,3101,153,175,3176,1869,2463,216,2405,53,1.205,1,2057,1,16.080,0.495,-5.438,-0.500,-15.125,-0.145,0.074,1.023,0.246,-0.430,0.254,0.000,0.000,1.035,1.374,2,NULL,NULL,,2,1,2,7,255,1125,250,0,0
pre_stim,23447,23447,1,23447,3220769.455,0.888,-0.076,-0.074,0.448,3103,152,203,3172,1874,2463,215,2400,53,1.205,1,2057,1,14.364,0.636,-5.313,-0.938,-13.313,-0.121,0.047,1.027,0.469,-0.430,0.289,0.006,0.004,1.035,1.374,2,NULL,NULL,,2,1,2,7,255,1125,250,0,0
pre_stim,23447,23447,1,23447,3220774.454,0.888,-0.076,-0.074,0.448,3096,155,235,3167,1880,2463,218,2407,53,1.205,1,2057,1,11.283,0.842,-6.313,-1.375,-9.250,-0.137,0.020,1.012,0.469,-0.699,0.289,0.014,0.008,1.035,1.374,2,NULL,NULL,,2,1,2,7,255,1125,250,0,0
pre_stim,23447,23447,1,23447,3220779.455,0.887,-0.076,-0.074,0.449,3089,155,240,3161,1893,2461,211,2407,53,1.205,1,2057,1,8.943,0.716,-5.813,-2.813,-6.188,-0.172,0.020,0.988,0.156,-0.699,0.172,0.020,0.012,1.035,1.374,2,NULL,NULL,,2,1,2,7,255,1125,250,0,0
pre_stim,23472,23472,1,23472,3220784.453,0.887,-0.075,-0.074,0.449,3083,154,267,3155,1911,2461,221,2409,53,1.205,1,2057,1,8.631,0.420,-2.938,-4.313,-6.875,-0.191,0.016,0.969,-0.070,-0.414,0.023,0.024,0.014,1.035,1.374,2,NULL,NULL,,2,1,2,7,255,1125,250,0,0
pre_stim,23472,23472,1,23472,3220789.455,0.887,-0.075,-0.074,0.449,3068,156,285,3159,1918,2455,227,2412,53,1.205,1,2057,1,9.813,0.286,0.125,-5.938,-7.813,-0.180,0.027,0.980,-0.070,-0.277,-0.055,0.030,0.016,1.035,1.374,2,NULL,NULL,,2,1,2,7,255,1125,250,0,0
pre_stim,23472,23472,1,23472,3220794.454,0.887,-0.075,-0.073,0.449,3055,159,317,3131,1943,2458,264,2415,53,1.205,1,2057,1,10.181,0.283,1.000,-7.875,-6.375,-0.168,0.047,1.004,-0.059,-0.277,-0.055,0.036,0.018,1.035,1.374,2,NULL,NULL,,2,1,2,7,255,1125,250,0,0
pre_stim,23472,23472,1,23472,3220799.455,0.887,-0.075,-0.073,0.450,3061,160,363,3127,1963,2453,271,2426,53,1.205,1,2057,1,10.398,0.335,-0.125,-8.938,-5.313,-0.176,0.059,1.008,0.188,-0.277,0.148,0.040,0.022,1.035,1.374,2,NULL,NULL,,2,1,2,7,255,1125,250,0,0
pre_stim,23515,23515,1,23515,3220804.453,0.887,-0.075,-0.073,0.450,3043,162,416,3115,1978,2453,285,2437,53,1.205,1,2057,1,11.904,0.242,-1.125,-9.563,-7.000,-0.184,0.059,0.996,0.188,-0.152,0.148,0.044,0.024,1.035,1.374,2,NULL,NULL,,2,1,2,7,255,1125,250,0,0
pre_stim,23515,23515,1,23515,3220809.455,0.887,-0.074,-0.072,0.450,3031,163,468,3103,1994,2453,295,2444,53,1.205,1,2057,1,13.749,0.202,-0.750,-10.313,-9.063,-0.180,0.047,0.988,0.152,-0.133,0.125,0.048,0.026,1.035,1.374,2,NULL,NULL,,2,1,2,7,255,1125,250,0,0
pre_stim,23515,23515,1,23515,3220814.454,0.887,-0.074,-0.072,0.451,3019,160,546,3089,2017,2442,325,2453,53,1.205,1,2057,1,15.218,0.165,0.625,-11.563,-9.875,-0.184,0.063,0.992,0.152,-0.063,0.078,0.052,0.028,1.035,1.374,2,NULL,NULL,,2,1,2,7,255,1125,250,0,0
pre_stim,23515,23515,1,23515,3220819.455,0.887,-0.074,-0.071,0.451,3001,159,604,3079,2040,2451,331,2463,53,1.205,1,2057,1,16.889,0.187,1.438,-12.625,-11.125,-0.180,0.086,1.004,0.184,-0.035,0.078,0.056,0.030,1.035,1.374,2,NULL,NULL,,2,1,2,7,255,1125,250,0,0
pre_stim,23515,23515,1,23515,3220824.454,0.886,-0.074,-0.071,0.452,2984,157,645,3053,2068,2446,358,2469,53,1.205,1,2057,1,18.617,0.392,0.625,-13.063,-13.250,-0.164,0.082,1.016,0.391,-0.035,0.215,0.060,0.032,1.035,1.374,2,NULL,NULL,,2,1,2,7,255,1125,250,0,0
pre_stim,23515,23515,1,23515,3220829.455,0.886,-0.073,-0.070,0.452,2973,165,671,3044,2088,2446,373,2484,53,1.205,1,2057,1,19.373,0.396,-1.375,-13.188,-14.125,-0.152,0.063,1.008,0.391,-0.063,0.215,0.064,0.036,1.035,1.374,2,NULL,NULL,,2,1,2,7,255,1125,250,0,0
pre_stim,23515,23515,1,23515,3220834.453,0.886,-0.073,-0.070,0.453,2953,165,733,3031,2118,2446,420,2503,53,1.205,1,2057,1,19.872,0.448,-2.813,-13.563,-14.250,-0.152,0.043,0.988,0.363,-0.262,0.203,0.068,0.038,1.035,1.374,2,NULL,NULL,,2,1,2,7,255,1125,250,0,0
pre_stim,23515,23515,1,23515,3220839.455,0.886,-0.073,-0.069,0.453,2927,167,809,3007,2156,2449,443,2505,53,1.205,1,2057,1,21.121,0.362,-1.125,-14.438,-15.375,-0.156,0.055,0.977,0.250,-0.262,-0.008,0.072,0.042,1.035,1.374,2,NULL,NULL,,2,1,2,7,255,1125,250,0,0
pre_stim,23533,23533,1,23533,3220844.454,0.885,-0.072,-0.068,0.454,2901,169,904,2990,2195,2445,453,2523,53,1.205,1,2057,1,23.020,0.320,1.438,-14.813,-17.563,-0.152,0.102,0.992,0.250,-0.199,-0.008,0.074,0.042,1.035,1.374,2,NULL,NULL,,2,1,2,7,255,1125,250,0,0
pre_stim,23533,23533,1,23533,3220849.455,0.885,-0.072,-0.068,0.455,2878,175,968,2973,2258,2445,500,2535,53,1.205,1,2057,1,24.374,0.637,1.500,-14.875,-19.250,-0.141,0.137,1.016,0.637,0.012,0.059,0.076,0.044,1.035,1.374,2,NULL,NULL,,2,1,2,7,255,1125,250,0,0
pre_stim,23533,23533,1,23533,3220854.453,0.885,-0.072,-0.067,0.456,2857,199,1050,2957,2269,2445,567,2548,53,1.205,1,2057,1,24.194,0.998,-0.563,-15.125,-18.875,-0.133,0.145,1.023,0.996,0.066,0.270,0.076,0.042,1.035,1.374,2,NULL,NULL,,2,1,2,7,255,1125,250,0,0
pre_stim,23533,23533,1,23533,3220859.455,0.884,-0.071,-0.066,0.456,2847,207,1128,2934,2322,2452,647,2569,53,1.205,1,2057,1,23.596,1.096,-2.500,-15.125,-17.938,-0.141,0.156,1.023,1.094,0.074,0.320,0.076,0.042,1.035,1.374,2,NULL,NULL,,2,1,2,7,255,1125,250,0,0
pre_stim,23533,23533,1,23533,3220864.454,0.884,-0.071,-0.066,0.457,2797,219,1205,2909,2357,2459,754,2585,53,1.205,1,2057,1,25.521,1.130,-4.813,-15.188,-19.938,-0.156,0.164,1.016,1.109,0.215,0.320,0.078,0.040,1.035,1.374,2,NULL,NULL,,2,1,2,7,255,1125,250,0,0
pre_stim,23533,23533,1,23533,3220869.455,0.884,-0.070,-0.065,0.458,2770,235,1292,2888,2395,2453,843,2599,53,1.205,1,2057,1,29.169,1.130,-7.438,-15.875,-23.313,-0.148,0.125,1.008,1.109,0.215,0.285,0.078,0.040,1.035,1.374,2,NULL,NULL,,2,1,2,7,255,1125,250,0,0
pre_stim,23564,23564,1,23564,3220874.454,0.883,-0.070,-0.065,0.459,2751,236,1431,2869,2430,2457,950,2615,53,1.205,1,2057,1,32.187,0.859,-9.813,-16.438,-25.875,-0.148,0.078,1.000,0.840,0.180,0.203,0.076,0.036,1.035,1.374,2,NULL,NULL,,2,1,2,7,255,1125,250,0,0
pre_stim,23564,23564,1,23564,3220879.455,0.883,-0.069,-0.064,0.460,2699,243,1549,2843,2467,2461,1044,2631,53,1.205,1,2057,1,35.227,0.480,-10.563,-16.875,-29.063,-0.148,0.047,0.992,0.473,-0.082,0.113,0.074,0.032,1.035,1.374,2,NULL,NULL,,2,1,2,7,255,1125,250,0,0
pre_stim,23564,23564,1,23564,3220884.453,0.882,-0.068,-0.064,0.461,2655,248,1655,2829,2505,2462,1135,2643,53,1.205,1,2057,1,37.853,0.323,-9.563,-17.125,-32.375,-0.145,0.035,0.984,0.227,-0.230,0.039,0.074,0.026,1.035,1.374,2,NULL,NULL,,2,1,2,7,255,1125,250,0,0
pre_stim,23564,23564,1,23564,3220889.455,0.882,-0.067,-0.064,0.463,2607,246,1746,2799,2532,2464,1253,2652,53,1.205,1,2057,1,39.656,0.327,-9.313,-16.813,-34.688,-0.141,0.020,0.992,0.145,-0.293,0.000,0.074,0.020,1.035,1.374,2,NULL,NULL,,2,1,2,7,255,1125,250,0,0
pre_stim,23564,23564,1,23564,3220894.454,0.881,-0.066,-0.063,0.464,2555,267,1839,2775,2577,2463,1343,2670,53,1.205,1,2057,1,41.834,0.412,-12.813,-16.625,-36.188,-0.141,-0.004,0.996,0.039,-0.410,0.000,0.072,0.012,1.035,1.374,2,NULL,NULL,,2,1,2,7,255,1125,250,0,0
pre_stim,23564,23564,1,23564,3220899.455,0.880,-0.065,-0.063,0.466,2487,279,1938,2749,2601,2471,1439,2684,53,1.205,1,2057,1,44.452,0.533,-16.250,-16.938,-37.750,-0.148,-0.023,0.988,-0.148,-0.512,0.000,0.072,0.006,1.035,1.374,2,NULL,NULL,,2,1,2,7,255,1125,250,0,0
pre_stim,23610,23610,1,23610,3220904.453,0.880,-0.064,-0.063,0.467,2429,285,2029,2723,2631,2475,1546,2701,53,1.205,1,2057,1,48.040,0.612,-19.625,-18.375,-39.813,-0.176,-0.023,1.012,-0.336,-0.512,0.047,0.072,0.006,1.035,1.374,2,NULL,NULL,,2,1,2,7,255,1125,250,0,0
pre_stim,23610,23610,1,23610,3220909.455,0.879,-0.062,-0.063,0.469,2373,291,2143,2693,2661,2476,1654,2715,53,1.205,1,2057,1,57.098,0.459,-26.000,-18.750,-47.250,-0.172,-0.004,1.039,-0.336,-0.313,0.262,0.074,0.012,1.035,1.374,2,NULL,NULL,,2,1,2,7,255,1125,250,0,0
pre_stim,23610,23610,1,23610,3220914.454,0.878,-0.060,-0.063,0.471,2308,293,2217,2654,2681,2475,1725,2728,53,1.205,1,2057,1,68.438,0.547,-37.813,-20.125,-53.375,-0.172,-0.035,1.074,-0.449,-0.313,0.512,0.078,0.016,1.035,1.374,2,NULL,NULL,,2,1,2,7,255,1125,250,0,0
pre_stim,23610,23610,0,23610,3220919.455,0.877,-0.057,-0.063,0.473,2232,303,2293,2607,2715,2483,1821,2735,53,1.205,1,2057,1,81.736,0.549,-54.625,-20.125,-57.375,-0.141,-0.047,1.059,-0.352,-0.422,0.629,0.080,0.020,1.035,1.374,2,NULL,NULL,,2,0,2,7,255,1125,250,0,0
pre_stim,23610,23610,0,23610,3220924.453,0.876,-0.054,-0.064,0.475,2136,308,2363,2572,2731,2475,1925,2761,53,1.205,1,2057,1,81.970,0.765,-57.813,-18.938,-54.938,-0.059,-0.047,0.926,-0.352,-0.680,0.629,0.082,0.022,1.035,1.374,2,NULL,NULL,,2,0,2,7,255,1125,250,0,0
pre_stim,23610,23610,0,23610,3220929.455,0.875,-0.052,-0.064,0.477,2073,309,2449,2535,2761,2491,2001,2785,53,1.205,1,2057,0,67.392,1.136,-45.438,-20.313,-45.438,-0.051,-0.078,0.871,-0.242,-1.109,-0.770,0.084,0.022,1.035,1.374,2,NULL,NULL,,2,0,2,7,255,1125,250,0,0
pre_stim,23631,23631,0,23631,3220934.453,0.875,-0.050,-0.064,0.478,1995,307,2503,2488,2774,2489,2083,2795,53,1.205,1,2057,0,51.519,1.136,-30.813,-21.500,-35.250,-0.082,-0.094,0.930,-0.242,-1.109,-0.770,0.084,0.022,1.035,1.374,2,NULL,NULL,,2,0,2,7,255,1125,250,0,0
pre_stim,23631,23631,0,23631,3220939.455,0.874,-0.048,-0.063,0.479,1891,302,2549,2445,2794,2487,2158,2799,53,1.205,1,2057,0,46.790,1.164,-25.750,-22.500,-31.938,-0.129,-0.063,1.023,-0.363,-1.105,-0.680,0.086,0.020,1.035,1.374,2,NULL,NULL,,2,0,2,7,255,1125,250,0,0
pre_stim,23631,23631,0,23631,3220944.454,0.874,-0.046,-0.063,0.480,1771,299,2600,2357,2812,2491,2211,2813,53,1.205,1,2057,0,53.005,0.720,-31.000,-23.313,-36.125,-0.148,-0.016,1.066,-0.363,-0.621,0.293,0.086,0.020,1.035,1.374,2,NULL,NULL,,2,0,2,7,255,1125,250,0,0
pre_stim,23631,23631,0,23631,3220949.455,0.873,-0.044,-0.063,0.482,1637,303,2645,2269,2845,2483,2267,2837,53,1.205,1,2057,0,61.540,0.262,-37.625,-23.438,-42.688,-0.137,0.020,1.043,-0.020,-0.262,0.504,0.088,0.018,1.035,1.374,2,NULL,NULL,,2,0,2,7,255,1125,250,0,0
pre_stim,23631,23631,0,23631,3220954.453,0.872,-0.042,-0.063,0.483,1461,297,2677,2189,2848,2483,2343,2840,53,1.205,1,2057,0,61.506,0.408,-37.875,-23.625,-42.313,-0.090,0.012,0.996,0.313,-0.262,0.504,0.088,0.018,1.035,1.374,2,NULL,NULL,,2,0,2,7,255,1125,250,0,0
pre_stim,23631,23631,0,23631,3220959.455,0.871,-0.040,-0.063,0.485,1293,293,2717,2077,2873,2485,2335,2859,53,1.205,1,2057,0,56.834,0.622,-33.000,-23.688,-39.750,-0.070,-0.004,0.977,0.449,-0.430,-0.039,0.090,0.018,1.035,1.374,2,NULL,NULL,,2,0,2,7,255,1125,250,0,0
pre_stim,23653,23653,0,23653,3220964.454,0.871,-0.039,-0.062,0.486,1158,265,2759,1952,2878,2475,2427,2860,53,1.205,1,2057,0,49.724,0.735,-26.313,-24.813,-34.125,-0.082,-0.031,1.004,0.449,-0.582,-0.039,0.092,0.018,1.035,1.374,2,NULL,NULL,,2,0,2,7,255,1125,250,0,0
pre_stim,23653,23653,0,23653,3220969.455,0.870,-0.037,-0.062,0.487,1007,249,2791,1811,2897,2471,2474,2871,53,1.205,1,2057,0,48.197,0.610,-27.000,-25.688,-30.563,-0.105,-0.055,1.039,0.184,-0.582,0.051,0.094,0.018,1.035,1.374,2,NULL,NULL,,2,0,2,7,255,1125,250,0,0
pre_stim,23653,23653,0,23653,3220974.454,0.870,-0.035,-0.061,0.488,836,232,2812,1624,2908,2463,2529,2871,53,1.205,1,2057,0,48.655,0.581,-28.000,-27.313,-28.938,-0.137,-0.059,1.047,-0.063,-0.578,0.438,0.096,0.020,1.035,1.374,2,NULL,NULL,,2,0,2,7,255,1125,250,0,0
pre_stim,23653,23653,0,23653,3220979.455,0.869,-0.033,-0.061,0.489,613,183,2839,1413,2933,2459,2559,2885,53,1.205,1,2057,0,51.914,0.300,-29.750,-28.938,-31.188,-0.117,-0.020,1.031,-0.063,-0.293,0.438,0.098,0.022,1.035,1.374,2,NULL,NULL,,2,0,2,7,255,1125,250,0,0
pre_stim,23653,23653,0,23653,3220984.453,0.869,-0.032,-0.060,0.490,425,157,2860,1241,2935,2456,2597,2895,53,1.205,1,2057,0,49.604,0.336,-26.063,-30.000,-29.688,-0.090,-0.031,1.004,0.164,-0.293,0.348,0.100,0.022,1.035,1.374,2,NULL,NULL,,2,0,2,7,255,1125,250,0,0
pre_stim,23653,23653,0,23653,3220989.455,0.868,-0.030,-0.059,0.491,303,110,2887,1081,2963,2431,2631,2901,53,1.205,1,2057,0,45.393,0.486,-20.688,-31.938,-24.750,-0.078,-0.063,1.004,0.164,-0.457,0.074,0.104,0.024,1.035,1.374,2,NULL,NULL,,2,0,2,7,255,1125,250,0,0
pre_stim,23682,23682,0,23682,3220994.454,0.868,-0.028,-0.058,0.492,181,71,2891,861,2978,2423,2655,2907,53,1.205,1,2057,0,43.025,0.531,-16.250,-34.563,-19.813,-0.090,-0.059,1.027,-0.016,-0.531,0.074,0.106,0.024,1.035,1.374,2,NULL,NULL,,2,0,2,7,255,1125,250,0,0
pre_stim,23682,23682,0,23682,3220999.455,0.868,-0.027,-0.057,0.493,91,33,2907,662,2975,2407,2676,2915,53,1.205,1,2057,0,43.996,0.531,-13.875,-36.750,-19.813,-0.066,-0.020,1.055,-0.016,-0.531,0.320,0.110,0.026,1.035,1.374,2,NULL,NULL,,2,0,2,7,255,1125,250,0,0
pre_stim,23714,23714,0,23714,3221004.453,0.868,-0.026,-0.056,0.493,40,26,2920,472,2985,2392,2703,2931,53,1.205,1,2057,0,43.545,0.696,-11.750,-39.250,-14.750,-0.027,0.023,1.031,0.449,-0.531,0.320,0.110,0.026,1.035,1.374,2,NULL,NULL,,2,0,2,7,255,1125,250,0,0
pre_stim,23714,23714,0,23714,3221009.455,0.868,-0.025,-0.054,0.493,25,0,2932,359,2999,2363,2713,2931,53,1.205,1,2057,0,43.553,1.077,-5.563,-42.563,-7.375,-0.051,0.043,1.027,0.949,-0.508,0.219,0.112,0.028,1.035,1.374,2,NULL,NULL,,2,0,2,7,255,1125,250,0,0
pre_stim,23714,23714,0,23714,3221014.454,0.868,-0.024,-0.052,0.494,3,0,2939,303,3013,2331,2745,2935,53,1.205,1,2057,0,48.033,0.982,1.563,-47.875,-3.563,-0.164,-0.023,1.137,0.949,-0.250,0.219,0.114,0.030,1.035,1.374,2,NULL,NULL,,2,0,2,7,255,1125,250,0,0
pre_stim,23714,23714,0,23714,3221019.455,0.868,-0.023,-0.050,0.493,0,0,2943,287,3013,2311,2775,2939,53,1.205,1,2057,0,59.076,0.330,17.875,-55.500,9.500,-0.277,-0.113,1.293,-0.035,0.328,1.453,0.116,0.032,1.035,1.374,2,NULL,NULL,,2,0,2,7,255,1125,250,0,0
pre_stim,23714,23714,0,23714,3221024.454,0.868,-0.023,-0.047,0.493,0,0,2959,247,3021,2287,2795,2940,53,1.205,1,2057,0,66.599,1.460,22.813,-61.938,8.875,-0.391,-0.168,1.539,-1.258,0.742,3.137,0.118,0.032,1.035,1.374,2,NULL,NULL,,2,0,2,7,255,1125,250,0,0
pre_stim,23714,23714,0,23714,3221029.455,0.869,-0.022,-0.044,0.493,0,0,2963,189,3027,2253,2812,2943,53,1.205,1,2057,0,73.047,1.690,7.938,-71.563,12.313,-0.297,-0.055,1.582,-1.258,1.129,5.652,0.118,0.034,1.035,1.374,2,NULL,NULL,,2,0,2,7,255,1125,250,0,0
pre_stim,23714,23714,0,23714,3221034.454,0.869,-0.019,-0.043,0.493,0,0,2963,168,3049,2219,2843,2963,53,1.205,1,2057,0,82.870,1.360,-45.125,-69.313,-5.188,-0.117,0.039,1.270,-0.758,1.129,5.652,0.120,0.034,1.035,1.374,2,NULL,NULL,,2,0,2,7,255,1125,250,0,0
pre_stim,23714,23714,0,23714,3221039.455,0.869,-0.016,-0.041,0.492,0,0,2969,132,3047,2165,2851,2955,53,1.205,1,2057,0,84.155,0.744,-40.125,-73.813,4.875,-0.094,0.043,1.031,0.633,0.391,2.660,0.120,0.034,1.035,1.374,2,NULL,NULL,,2,0,2,7,255,1125,250,0,0
pre_stim,23714,23714,0,23714,3221044.454,0.870,-0.014,-0.038,0.491,0,0,2977,89,3055,2117,2861,2957,53,1.205,1,2057,0,86.618,0.798,-4.688,-82.250,26.750,-0.113,0.152,1.078,0.695,0.391,0.730,0.122,0.034,1.035,1.374,3,NULL,NULL,,2,0,2,7,255,1125,250,0,0
pre_stim,23714,23714,0,23714,3221049.455,0.871,-0.013,-0.034,0.490,0,0,2981,67,3067,2053,2876,2963,53,1.205,1,2057,0,95.024,1.451,12.563,-88.313,32.750,-0.211,0.137,1.207,0.871,1.160,0.730,0.122,0.034,1.035,1.374,3,NULL,NULL,,2,0,2,7,255,1125,250,0,0
pre_stim,23747,23747,0,23747,3221054.453,0.872,-0.011,-0.031,0.489,0,0,2967,13,3064,1957,2895,2971,53,1.205,1,2057,0,95.684,1.896,7.625,-92.688,22.500,-0.250,0.020,1.320,0.871,1.684,2.055,0.124,0.036,1.035,1.374,3,NULL,NULL,,2,0,2,7,255,1125,250,0,0
pre_stim,23747,23747,0,23747,3221059.455,0.872,-0.009,-0.027,0.488,0,0,2967,0,3079,1865,2919,2967,53,1.205,1,2057,0,100.545,1.687,-5.313,-98.250,20.688,-0.172,-0.004,1.379,-0.113,1.684,3.254,0.124,0.038,1.035,1.374,3,NULL,NULL,,2,0,2,7,255,1125,250,0,0
pre_stim,23747,23747,0,23747,3221064.453,0.873,-0.006,-0.024,0.487,0,0,2972,0,3087,1749,2933,2955,53,1.205,1,2057,0,107.600,1.051,-23.750,-101.125,28.063,-0.176,-0.125,1.277,-0.324,1.000,3.254,0.122,0.042,1.035,1.374,3,NULL,NULL,,2,0,2,7,255,1125,250,0,0
pre_stim,23747,23747,0,23747,3221069.455,0.874,-0.003,-0.020,0.486,0,0,2959,0,3083,1653,2928,2951,53,1.205,1,2057,0,114.300,1.105,-25.875,-107.250,29.875,-0.156,-0.066,1.203,-0.766,0.797,2.832,0.118,0.048,1.035,1.374,3,NULL,NULL,,2,0,2,7,255,1125,250,0,0
pre_stim,23747,23747,0,23747,3221074.454,0.875,0.000,-0.017,0.484,0,0,2955,0,3091,1511,2952,2953,53,1.205,1,2057,0,120.283,1.105,-23.750,-111.688,37.813,-0.160,-0.035,1.160,-0.766,0.797,2.035,0.114,0.054,1.035,1.374,3,NULL,NULL,,2,0,2,7,255,1125,250,0,0
pre_stim,23747,23747,0,23747,3221079.455,0.876,0.003,-0.013,0.483,0,0,2959,0,3095,1339,2959,2938,53,1.205,1,2057,0,121.670,1.213,-14.000,-116.375,32.625,-0.207,0.008,1.141,-0.563,1.074,1.602,0.110,0.062,1.035,1.374,3,NULL,NULL,,2,0,2,7,255,1125,250,0,0
pre_stim,23772,23772,0,23772,3221084.453,0.876,0.006,-0.008,0.481,0,0,2937,0,3105,1149,2968,2933,53,1.205,1,2057,0,125.509,1.716,-3.875,-122.125,28.688,-0.199,-0.027,1.160,-0.563,1.621,1.598,0.106,0.068,1.035,1.374,3,NULL,NULL,,2,0,2,7,255,1125,250,0,0
pre_stim,23772,23772,0,23772,3221089.455,0.877,0.008,-0.004,0.480,0,0,2928,0,3097,975,2991,2932,53,1.205,1,2057,0,129.682,1.822,-5.188,-127.313,24.125,-0.176,-0.098,1.191,-0.832,1.621,1.598,0.104,0.076,1.035,1.374,3,NULL,NULL,,2,0,2,7,255,1125,250,0,0
pre_stim,23772,23772,0,23772,3221094.454,0.878,0.011,0.001,0.479,0,0,2919,0,3112,773,3000,2909,53,1.205,1,2057,0,134.744,1.801,-5.375,-132.625,23.188,-0.180,-0.176,1.176,-1.344,1.199,1.758,0.100,0.086,1.035,1.374,3,NULL,NULL,,2,0,2,7,255,1125,250,0,0
pre_stim,23772,23772,0,23772,3221099.455,0.878,0.014,0.006,0.478,0,0,2895,0,3111,615,3000,2903,53,1.205,1,2057,0,140.369,1.921,-4.750,-138.188,24.188,-0.133,-0.152,1.152,-1.688,0.918,1.758,0.094,0.094,1.035,1.374,3,NULL,NULL,,2,0,2,7,255,1125,250,0,0
pre_stim,23810,23810,0,23810,3221104.453,0.879,0.018,0.011,0.477,0,0,2868,0,3115,479,3003,2877,53,1.205,1,2057,0,144.646,2.268,-7.375,-142.625,22.938,-0.164,-0.168,1.121,-2.074,0.918,1.520,0.086,0.106,1.035,1.374,3,NULL,NULL,,2,0,2,7,255,1125,250,0,0
pre_stim,23810,23810,0,23810,3221109.455,0.879,0.021,0.016,0.476,0,0,2859,0,3121,329,3013,2856,53,1.205,1,2057,0,149.831,1.972,-3.063,-148.063,22.750,-0.117,-0.117,1.160,-1.688,1.020,1.520,0.078,0.116,1.035,1.374,3,NULL,NULL,,2,0,2,7,255,1125,250,0,0
pre_stim,23810,23810,0,23810,3221114.454,0.880,0.024,0.022,0.475,0,0,2827,0,3113,134,3013,2843,53,1.205,1,2057,0,153.748,2.035,-8.188,-152.500,17.750,-0.133,-0.129,1.133,-1.738,1.059,1.230,0.072,0.128,1.035,1.374,3,NULL,NULL,,2,0,2,7,255,1125,250,0,0
pre_stim,23810,23810,0,23810,3221119.455,0.880,0.027,0.028,0.473,0,0,2805,0,3115,90,3019,2808,53,1.205,1,2057,0,162.981,1.998,6.063,-160.688,26.563,-0.133,-0.102,1.129,-1.590,1.211,1.230,0.062,0.140,1.035,1.374,3,NULL,NULL,,2,0,2,7,255,1125,250,0,0
pre_stim,23810,23810,0,23810,3221124.454,0.880,0.030,0.034,0.472,0,0,2766,0,3110,37,3022,2777,53,1.205,1,2057,0,169.402,2.162,17.063,-167.938,14.250,-0.168,0.008,1.172,-1.590,1.465,1.230,0.052,0.152,1.035,1.374,3,NULL,NULL,,2,0,2,7,255,1125,250,0,0
pre_stim,23810,23810,0,23810,3221129.455,0.880,0.032,0.041,0.471,0,0,2716,0,3116,0,3035,2751,53,1.205,1,2057,0,178.007,2.690,27.250,-175.438,12.875,-0.148,0.031,1.324,-0.984,2.504,1.480,0.044,0.164,1.035,1.374,3,NULL,NULL,,2,0,2,7,255,1125,250,0,0
pre_stim,23810,23810,0,23810,3221134.453,0.880,0.035,0.049,0.471,0,0,2669,0,3111,0,3038,2708,53,1.205,1,2057,0,185.959,2.906,27.625,-183.750,7.313,-0.094,0.156,1.504,-0.867,2.773,2.910,0.032,0.176,1.035,1.374,3,NULL,NULL,,2,0,2,7,255,1125,250,0,0
pre_stim,23810,23810,0,23810,3221139.455,0.880,0.038,0.056,0.469,0,0,2595,0,3115,0,3031,2655,53,1.205,1,2057,0,191.909,3.377,3.188,-191.188,16.313,-0.082,0.180,1.633,0.305,3.363,4.641,0.022,0.190,1.035,1.374,3,NULL,NULL,,2,0,2,7,255,1125,250,0,0
pre_stim,23832,23832,0,23832,3221144.454,0.880,0.043,0.064,0.468,0,0,2521,0,3097,0,3037,2607,53,1.205,1,2057,0,200.025,3.797,-4.000,-198.938,20.438,-0.230,0.168,1.719,0.305,3.785,5.855,0.012,0.204,1.035,1.374,3,NULL,NULL,,2,0,2,7,255,1125,250,0,0
pre_stim,23832,23832,0,23832,3221149.455,0.880,0.048,0.072,0.467,0,0,2444,0,3100,0,3035,2547,53,1.205,1,2057,0,215.598,5.304,-12.250,-214.563,17.188,-0.375,0.137,1.867,-0.727,5.254,6.426,0.010,0.216,1.035,1.374,3,NULL,NULL,,2,0,2,7,255,1125,250,0,0
pre_stim,23832,23832,0,23832,3221154.453,0.880,0.053,0.080,0.466,0,0,2328,0,3099,0,3023,2485,53,1.205,1,2057,0,232.392,6.960,-19.188,-231.313,11.500,-0.383,0.211,2.051,-1.773,6.730,7.539,0.018,0.230,1.035,1.374,3,NULL,NULL,,2,0,2,7,255,1125,250,0,0
pre_stim,23832,23832,0,23832,3221159.455,0.879,0.060,0.089,0.464,0,0,2196,0,3081,0,3018,2413,53,1.205,1,2057,0,253.519,8.030,-36.188,-250.500,14.563,-0.402,0.371,2.129,-1.773,7.832,9.102,0.030,0.246,1.035,1.374,3,NULL,NULL,,2,0,2,7,255,1125,250,0,0
pre_stim,23832,23832,0,23832,3221164.453,0.879,0.067,0.098,0.462,0,0,2063,0,3066,0,3000,2335,53,1.205,1,2057,0,276.023,9.410,-42.188,-271.750,23.688,-0.445,0.563,2.242,-0.809,9.375,9.527,0.044,0.262,1.035,1.374,3,NULL,NULL,,2,0,2,7,255,1125,250,0,0
pre_stim,23832,23832,0,23832,3221169.455,0.878,0.076,0.108,0.461,0,0,1883,0,3047,0,2991,2233,53,1.205,1,2057,0,302.733,11.448,-76.750,-292.250,18.625,-0.418,0.684,2.242,0.230,11.445,9.895,0.060,0.280,1.035,1.374,3,NULL,NULL,,2,0,2,7,255,1125,250,0,0
pre_stim,23865,23865,0,23865,3221174.454,0.876,0.086,0.117,0.459,0,0,1741,0,3031,11,2971,2133,53,1.205,1,2057,0,329.718,12.310,-103.438,-312.438,19.938,-0.402,0.617,2.184,0.578,12.297,9.895,0.078,0.300,1.035,1.374,3,NULL,NULL,,2,0,2,7,255,1125,250,0,0
pre_stim,23865,23865,0,23865,3221179.455,0.875,0.097,0.128,0.457,0,0,1647,0,3013,19,2925,2031,53,1.205,1,2057,0,351.326,12.388,-112.375,-331.813,26.500,-0.469,0.598,2.207,0.578,12.375,9.070,0.100,0.326,1.035,1.374,3,NULL,NULL,,2,0,2,7,255,1125,250,0,0
pre_stim,23865,23865,0,23865,3221184.453,0.873,0.109,0.139,0.455,0,0,1547,0,2979,22,2891,1900,53,1.205,1,2057,0,369.246,13.324,-120.438,-348.813,12.938,-0.535,0.680,2.285,-0.043,13.324,8.758,0.128,0.356,1.035,1.374,3,NULL,NULL,,2,0,2,7,255,1125,250,0,0
pre_stim,23865,23865,0,23865,3221189.455,0.870,0.121,0.150,0.454,0,0,1436,0,2922,17,2830,1785,53,1.205,1,2057,0,385.129,15.090,-124.875,-364.313,-2.688,-0.570,0.723,2.434,-0.098,15.090,8.758,0.160,0.390,1.035,1.374,3,NULL,NULL,,2,0,2,7,255,1125,250,0,0
pre_stim,23865,23865,0,23865,3221194.454,0.867,0.133,0.162,0.452,0,0,1335,0,2875,1,2757,1671,53,1.205,1,2057,0,403.920,16.689,-119.938,-385.500,-12.500,-0.582,0.680,2.715,-0.230,16.688,9.441,0.200,0.430,1.035,1.374,3,NULL,NULL,,2,0,2,7,255,1125,250,0,0
pre_stim,23865,23865,0,23865,3221199.455,0.863,0.146,0.175,0.451,0,0,1255,0,2811,0,2643,1533,53,1.205,1,2057,0,427.533,18.304,-132.875,-405.625,-24.438,-0.672,0.555,2.922,-1.191,18.266,11.340,0.244,0.478,1.035,1.374,3,NULL,NULL,,2,0,2,7,255,1125,250,0,0
pre_stim,23915,23915,0,23915,3221204.454,0.858,0.160,0.188,0.451,0,0,1091,0,2724,0,2505,1385,53,1.205,1,2057,0,455.232,20.112,-160.813,-424.688,-31.875,-0.770,0.512,2.957,-3.176,19.859,11.344,0.296,0.530,1.035,1.374,3,NULL,NULL,,2,0,2,7,255,1125,250,0,0
pre_stim,23915,23915,0,23915,3221209.455,0.852,0.175,0.201,0.450,0,0,933,0,2614,0,2291,1257,53,1.205,1,2057,0,468.077,21.734,-164.750,-435.563,-47.313,-0.773,0.395,2.953,-4.242,21.316,11.344,0.352,0.588,1.035,1.374,3,NULL,NULL,,2,0,2,7,255,1125,250,0,0
pre_stim,23915,23915,0,23915,3221214.454,0.846,0.189,0.215,0.450,0,0,809,0,2461,0,2041,1077,53,1.205,1,2057,0,475.790,21.971,-164.063,-442.000,-64.000,-0.664,0.164,2.973,-5.324,21.316,10.750,0.414,0.652,1.035,1.374,3,NULL,NULL,,2,0,2,7,255,1125,250,0,0
pre_stim,23915,23915,0,23915,3221219.455,0.839,0.204,0.228,0.449,0,0,664,0,2279,0,1749,917,53,1.205,1,2057,0,494.558,21.700,-183.813,-455.563,-57.125,-0.523,-0.078,2.809,-6.840,20.594,10.570,0.482,0.722,1.035,1.374,3,NULL,NULL,,2,0,2,7,255,1125,250,0,0
pre_stim,23915,23915,0,23915,3221224.454,0.832,0.221,0.242,0.447,0,0,468,0,2028,0,1361,821,53,1.205,1,2057,0,516.438,20.147,-204.125,-473.875,-22.000,-0.434,-0.410,2.313,-8.031,18.477,9.652,0.556,0.796,1.035,1.374,3,NULL,NULL,,2,0,2,7,255,1125,250,0,0
pre_stim,23915,23915,0,23915,3221229.455,0.825,0.237,0.256,0.444,0,0,251,0,1761,0,859,685,53,1.205,1,2057,0,523.785,16.849,-183.438,-490.563,-7.063,-0.262,-0.543,1.699,-8.941,14.281,6.047,0.634,0.878,1.035,1.374,3,NULL,NULL,,2,0,2,7,255,1125,250,0,0
pre_stim,23915,23915,0,23915,3221234.453,0.819,0.251,0.272,0.439,0,0,139,0,1411,0,312,547,53,1.205,1,2057,0,518.086,13.080,-105.875,-507.125,-5.250,-0.180,-0.500,1.375,-8.941,9.547,2.082,0.720,0.966,1.035,1.374,3,NULL,NULL,,2,0,2,7,255,1125,250,0,0
pre_stim,23915,23915,0,23915,3221239.455,0.813,0.262,0.289,0.433,0,0,61,0,1063,0,37,421,53,1.205,1,2057,0,507.064,12.314,-22.875,-506.438,10.563,-0.152,-0.051,1.621,-7.777,9.547,0.215,0.814,1.064,1.035,1.374,3,NULL,NULL,,2,0,2,7,255,1125,250,0,0
pre_stim,23915,23915,0,23915,3221244.454,0.807,0.272,0.306,0.425,0,0,37,0,638,0,0,357,53,1.205,1,2057,0,501.676,12.413,9.000,-500.063,39.188,-0.328,0.332,2.207,-4.652,11.508,0.215,0.912,1.164,1.035,1.374,3,NULL,NULL,,2,0,2,7,255,1125,250,0,0
pre_stim,23915,23915,0,23915,3221249.455,0.802,0.284,0.321,0.415,0,0,21,0,233,0,0,288,53,1.205,1,2057,0,514.329,19.039,-52.063,-499.125,112.688,-0.719,0.598,2.363,-4.074,18.598,0.215,1.010,1.266,1.035,1.374,3,NULL,NULL,,2,0,2,7,255,1125,250,0,0
pre_stim,23937,23937,0,23937,3221254.453,0.797,0.300,0.334,0.405,0,0,7,0,0,0,0,175,53,1.205,1,2057,0,546.574,23.354,-132.563,-503.250,167.063,-1.156,0.645,2.012,-4.074,22.996,-1.824,1.102,1.362,1.035,1.374,3,NULL,NULL,,2,0,2,7,255,1125,250,0,0
pre_stim,23937,23937,0,23937,3221259.455,0.790,0.317,0.346,0.394,0,0,0,0,0,0,0,87,53,1.205,1,2057,0,551.394,23.396,-158.500,-500.500,168.563,-1.359,0.727,1.613,-4.309,22.996,-8.379,1.188,1.450,1.035,1.374,4,NULL,NULL,,2,0,2,7,255,1125,250,0,0
pre_stim,23937,23937,0,23937,3221264.454,0.783,0.333,0.357,0.385,0,0,0,0,0,0,0,43,53,1.205,1,2057,0,519.131,21.537,-177.063,-473.938,116.313,-1.086,1.137,1.398,-4.309,21.102,-13.426,1.264,1.530,1.035,1.374,0,NULL,NULL,,2,0,2,7,255,1125,250,0,0
pre_stim,23937,23937,0,23937,3221269.455,0.774,0.349,0.366,0.380,0,0,0,0,0,0,0,101,53,1.205,1,2057,0,479.210,20.061,-225.438,-418.875,58.000,-0.648,1.563,1.281,0.859,20.043,-13.426,1.336,1.606,1.035,1.374,0,NULL,NULL,,2,0,2,7,255,1125,250,0,0
pre_stim,23963,23963,0,23963,3221274.454,0.765,0.365,0.373,0.378,0,0,0,0,0,0,0,119,53,1.205,1,2057,0,460.807,20.089,-294.250,-353.500,28.250,-0.195,1.105,1.051,5.641,19.281,-13.289,1.408,1.680,1.035,1.374,0,NULL,NULL,,2,0,2,7,255,1125,250,0,0
pre_stim,23963,23963,0,23963,3221279.455,0.757,0.379,0.376,0.377,0,0,0,0,0,0,0,155,53,1.205,1,2057,0,371.345,14.985,-259.875,-263.750,28.250,-0.105,0.211,1.000,5.641,13.883,-9.953,1.488,1.764,1.035,1.374,0,NULL,NULL,,2,0,2,7,255,1125,250,0,0
pre_stim,23963,23963,0,23963,3221284.453,0.751,0.390,0.378,0.376,0,0,0,0,0,0,0,180,53,1.205,1,2057,0,284.305,11.666,-206.750,-189.250,47.625,-0.484,-0.129,1.258,-1.258,11.598,-8.566,1.576,1.854,1.035,1.374,0,NULL,NULL,,2,0,2,7,255,1125,250,0,0
pre_stim,23963,23963,0,23963,3221289.455,0.746,0.399,0.378,0.377,0,0,0,0,0,0,0,183,53,1.205,1,2057,0,255.878,13.139,-228.500,-113.000,22.188,-0.773,0.051,1.410,-6.176,11.598,-8.566,1.666,1.948,1.035,1.374,0,NULL,NULL,,2,0,2,7,255,1125,250,0,0
pre_stim,23983,23983,0,23983,3221294.454,0.740,0.409,0.374,0.381,0,0,0,0,0,0,0,175,53,1.205,1,2057,0,299.574,13.139,-297.938,-26.938,-15.875,-0.559,0.105,0.852,-6.176,11.598,-11.180,1.752,2.036,1.035,1.374,0,NULL,NULL,,2,0,2,7,255,1125,250,0,0
pre_stim,23983,23983,0,23983,3221299.455,0.735,0.418,0.367,0.388,0,0,0,0,0,0,0,147,53,1.205,1,2057,0,319.599,9.821,-314.438,56.063,-11.375,-0.316,0.391,-0.109,-3.320,9.242,-11.742,1.834,2.120,1.035,1.374,0,NULL,NULL,,2,0,2,7,255,1125,250,0,0
pre_stim,24014,24014,0,24014,3221304.453,0.732,0.424,0.359,0.394,0,0,0,0,0,0,0,107,53,1.205,1,2057,0,266.154,2.385,-234.063,126.438,8.125,-0.316,0.727,-0.691,2.156,1.020,-14.191,1.908,2.198,1.035,1.374,0,NULL,NULL,,2,0,2,7,255,1125,250,0,0
pre_stim,24014,24014,0,24014,3221309.455,0.733,0.424,0.351,0.398,0,0,0,0,0,0,0,87,53,1.205,1,2057,0,205.395,4.643,-105.500,175.563,15.313,-0.441,0.605,-0.563,4.137,-2.109,-17.488,1.978,2.268,1.035,1.374,0,NULL,NULL,,2,0,2,7,255,1125,250,0,0
pre_stim,24014,24014,0,24014,3221314.454,0.736,0.422,0.344,0.403,0,0,0,0,0,0,0,71,53,1.205,1,2057,0,213.064,4.643,-33.688,210.125,10.438,-0.555,0.266,0.016,4.137,-2.109,-17.488,2.044,2.338,1.035,1.374,0,NULL,NULL,,2,0,2,7,255,1125,250,0,0
pre_stim,24014,24014,0,24014,3221319.455,0.739,0.419,0.336,0.408,0,0,0,0,0,0,0,72,53,1.205,1,2057,0,239.683,2.480,-39.750,236.125,10.625,-0.484,0.031,0.266,-0.195,2.473,-15.277,2.114,2.410,1.035,1.374,0,NULL,NULL,,2,0,2,7,255,1125,250,0,0
pre_stim,24014,24014,0,24014,3221324.453,0.742,0.416,0.326,0.412,0,0,0,0,0,0,0,57,53,1.205,1,2057,0,260.562,2.898,-58.313,251.750,33.375,-0.410,0.055,0.094,-1.512,2.473,-12.930,2.178,2.476,1.035,1.374,0,NULL,NULL,,2,0,2,7,255,1125,250,0,0
pre_stim,24014,24014,0,24014,3221329.455,0.746,0.414,0.316,0.416,0,0,0,0,0,0,0,58,53,1.205,1,2057,0,269.876,2.717,-43.125,259.750,59.188,-0.445,0.223,-0.188,-1.512,2.258,-12.930,2.226,2.528,1.035,1.374,0,NULL,NULL,,2,0,2,7,255,1125,250,0,0
pre_stim,24014,24014,0,24014,3221334.453,0.750,0.410,0.306,0.419,0,0,0,0,0,0,0,43,53,1.205,1,2057,0,272.097,0.537,0.125,263.688,67.125,-0.535,0.367,-0.281,0.047,0.535,-14.988,2.262,2.564,1.035,1.374,0,NULL,NULL,,2,0,2,7,255,1125,250,0,0
pre_stim,24014,24014,0,24014,3221339.455,0.756,0.404,0.297,0.421,0,0,0,0,0,0,0,30,53,1.205,1,2057,0,276.963,1.059,40.375,266.500,63.688,-0.527,0.395,-0.141,0.914,0.535,-16.023,2.288,2.594,1.035,1.374,0,NULL,NULL,,2,0,2,7,255,1125,250,0,0
pre_stim,24015,24015,0,24015,3221344.454,0.761,0.398,0.288,0.423,0,0,0,0,0,0,0,28,53,1.205,1,2057,0,282.737,2.121,58.500,269.188,63.688,-0.488,0.371,0.031,0.914,1.914,-16.023,2.312,2.620,1.035,1.374,0,NULL,NULL,,2,0,2,7,255,1125,250,0,0
pre_stim,24015,24015,0,24015,3221349.455,0.767,0.392,0.279,0.425,0,0,0,0,0,0,0,27,53,1.205,1,2057,0,287.289,3.369,63.500,271.250,70.188,-0.477,0.328,0.105,0.781,3.277,-14.734,2.338,2.648,1.035,1.374,0,NULL,NULL,,2,0,2,7,255,1125,250,0,0
pre_stim,24047,24047,0,24047,3221354.453,0.773,0.385,0.270,0.427,0,0,0,0,0,0,0,23,53,1.205,1,2057,0,290.729,3.846,71.500,271.688,74.813,-0.516,0.297,0.141,0.375,3.828,-14.039,2.362,2.676,1.035,1.374,0,NULL,NULL,,2,0,2,7,255,1125,250,0,0
pre_stim,24047,24047,0,24047,3221359.455,0.778,0.378,0.261,0.428,0,0,0,0,0,0,0,26,53,1.205,1,2057,0,292.015,4.299,83.063,270.750,71.188,-0.551,0.277,0.223,-0.125,4.297,-13.930,2.382,2.700,1.035,1.374,0,NULL,NULL,,2,0,2,7,255,1125,250,0,0
pre_stim,24047,24047,0,24047,3221364.454,0.784,0.370,0.253,0.430,0,0,0,0,0,0,0,21,53,1.205,1,2057,0,291.377,5.189,91.438,269.750,61.438,-0.543,0.266,0.355,-0.543,5.160,-13.555,2.402,2.720,1.035,1.374,0,NULL,NULL,,2,0,2,7,255,1125,250,0,0
pre_stim,24047,24047,0,24047,3221369.455,0.789,0.362,0.245,0.432,0,0,0,0,0,0,0,24,53,1.205,1,2057,0,290.491,6.242,92.500,270.500,51.563,-0.488,0.246,0.492,-0.664,6.207,-12.551,2.418,2.740,1.035,1.374,0,NULL,NULL,,2,0,2,7,255,1125,250,0,0
pre_stim,24047,24047,0,24047,3221374.454,0.794,0.355,0.236,0.434,0,0,0,0,0,0,0,31,53,1.205,1,2057,0,290.729,7.024,88.375,273.313,44.875,-0.441,0.223,0.602,-0.664,6.992,-11.133,2.436,2.760,1.035,1.374,0,NULL,NULL,,2,0,2,7,255,1125,250,0,0
pre_stim,24047,24047,0,24047,3221379.455,0.799,0.347,0.228,0.436,0,0,0,0,0,0,0,28,53,1.205,1,2057,0,292.837,7.588,81.938,278.500,38.438,-0.430,0.211,0.680,-0.664,7.559,-9.895,2.452,2.780,1.035,1.374,0,NULL,NULL,,2,0,2,7,255,1125,250,0,0
pre_stim,24072,24072,0,24072,3221384.453,0.803,0.339,0.219,0.439,0,0,0,0,0,0,0,37,53,1.205,1,2057,0,297.047,8.052,76.063,285.750,28.250,-0.441,0.203,0.738,-0.727,8.020,-9.094,2.472,2.802,1.035,1.374,0,NULL,NULL,,2,0,2,7,255,1125,250,0,0
pre_stim,24072,24072,0,24072,3221389.455,0.807,0.331,0.210,0.442,0,0,0,0,0,0,0,45,53,1.205,1,2057,0,303.884,8.501,71.563,295.000,14.125,-0.445,0.203,0.809,-0.820,8.461,-8.559,2.490,2.824,1.035,1.374,0,NULL,NULL,,2,0,2,7,255,1125,250,0,0
pre_stim,24072,24072,0,24072,3221394.454,0.810,0.322,0.200,0.447,0,0,0,0,0,0,0,45,53,1.205,1,2057,0,313.047,9.022,64.875,306.250,-0.750,-0.426,0.207,0.891,-0.820,8.984,-7.883,2.514,2.850,1.035,1.374,0,NULL,NULL,,2,0,2,7,255,1125,250,0,0
pre_stim,24072,24072,0,24072,3221399.455,0.813,0.314,0.191,0.451,0,0,0,0,0,0,0,47,53,1.205,1,2057,0,324.332,9.396,54.438,319.438,-13.688,-0.383,0.227,0.930,-0.621,9.375,-6.988,2.542,2.880,1.035,1.374,0,NULL,NULL,,2,0,2,7,255,1125,250,0,0
pre_stim,24114,24114,0,24114,3221404.453,0.816,0.305,0.180,0.457,0,0,0,0,0,0,0,45,53,1.205,1,2057,0,336.988,9.376,44.500,333.188,-23.813,-0.352,0.254,0.910,-0.145,9.375,-6.270,2.572,2.914,1.035,1.374,0,NULL,NULL,,2,0,2,7,255,1125,250,0,0
pre_stim,24114,24114,0,24114,3221409.455,0.818,0.297,0.169,0.463,0,0,0,0,0,0,0,51,53,1.205,1,2057,0,349.812,9.097,39.875,345.938,-33.250,-0.320,0.258,0.863,0.355,9.090,-6.086,2.608,2.952,1.035,1.374,0,NULL,NULL,,2,0,2,7,255,1125,250,0,0
pre_stim,24114,24114,0,24114,3221414.454,0.820,0.288,0.158,0.469,0,0,0,0,0,0,0,53,53,1.205,1,2057,0,361.820,8.510,40.750,356.938,-43.000,-0.238,0.227,0.809,0.664,8.484,-6.039,2.646,2.994,1.035,1.374,0,NULL,NULL,,2,0,2,7,255,1125,250,0,0
pre_stim,24114,24114,0,24114,3221419.455,0.822,0.278,0.147,0.475,0,0,0,0,0,0,0,52,53,1.205,1,2057,0,371.885,7.425,44.438,365.938,-49.125,-0.113,0.160,0.730,0.926,7.367,-5.688,2.686,3.036,1.035,1.374,0,NULL,NULL,,2,0,2,7,255,1125,250,0,0
pre_stim,24115,24115,0,24115,3221424.453,0.824,0.268,0.135,0.481,0,0,0,0,0,0,0,52,53,1.205,1,2057,0,377.336,5.735,54.188,370.875,-43.563,-0.055,0.125,0.641,1.059,5.637,-5.398,2.728,3.080,1.035,1.374,0,NULL,NULL,,2,0,2,7,255,1125,250,0,0
pre_stim,24115,24115,0,24115,3221429.455,0.825,0.258,0.124,0.487,0,0,0,0,0,0,0,53,53,1.205,1,2057,0,380.531,4.596,71.750,371.938,-36.313,-0.063,0.184,0.605,1.090,4.465,-5.398,2.768,3.124,1.035,1.374,0,NULL,NULL,,2,0,2,7,255,1125,250,0,0
pre_stim,24133,24133,0,24133,3221434.454,0.827,0.246,0.113,0.492,0,0,0,0,0,0,0,55,53,1.205,1,2057,0,383.468,4.702,93.250,370.313,-34.938,-0.055,0.203,0.641,1.609,4.418,-5.398,2.810,3.168,1.035,1.374,0,NULL,NULL,,2,0,2,7,255,1125,250,0,0
pre_stim,24133,24133,0,24133,3221439.455,0.829,0.234,0.103,0.497,0,0,0,0,0,0,0,54,53,1.205,1,2057,0,384.629,4.758,114.500,365.875,-31.063,-0.008,0.184,0.742,1.879,4.371,-5.375,2.848,3.210,1.035,1.374,0,NULL,NULL,,2,0,2,7,255,1125,250,0,0
pre_stim,24133,24133,0,24133,3221444.454,0.832,0.221,0.093,0.501,0,0,0,0,0,0,0,57,53,1.205,1,2057,0,384.100,4.808,129.375,360.875,-23.750,0.043,0.184,0.855,2.078,4.336,-4.145,2.884,3.248,1.035,1.374,0,NULL,NULL,,2,0,2,7,255,1125,250,0,0
pre_stim,24133,24133,0,24133,3221449.455,0.834,0.208,0.083,0.505,0,0,0,0,0,0,0,71,53,1.205,1,2057,0,382.587,4.924,140.688,355.500,-14.125,0.074,0.203,0.949,2.453,4.270,-2.844,2.918,3.284,1.035,1.374,0,NULL,NULL,,2,0,2,7,255,1125,250,0,0
pre_stim,24133,24133,0,24133,3221454.453,0.836,0.195,0.074,0.508,0,0,0,0,0,0,0,63,53,1.205,1,2057,0,382.021,5.166,150.000,351.313,-4.438,0.082,0.227,1.016,2.914,4.266,-1.859,2.950,3.318,1.035,1.374,0,NULL,NULL,,2,0,2,7,255,1125,250,0,0
pre_stim,24133,24133,0,24133,3221459.455,0.838,0.181,0.065,0.510,0,0,0,0,0,0,0,68,53,1.205,1,2057,0,382.421,5.351,158.875,347.813,5.563,0.066,0.246,1.074,3.230,4.266,-1.164,2.976,3.348,1.035,1.374,0,NULL,NULL,,2,0,2,7,255,1125,250,0,0
pre_stim,24133,24133,0,24133,3221464.454,0.840,0.167,0.056,0.513,0,0,0,0,0,0,0,67,53,1.205,1,2057,0,384.438,5.351,169.125,345.000,12.813,0.047,0.199,1.121,3.230,4.266,-0.598,3.000,3.374,1.035,1.374,0,NULL,NULL,,2,0,2,7,255,1125,250,0,0
pre_stim,24133,24133,0,24133,3221469.455,0.843,0.153,0.048,0.514,0,0,0,0,0,0,0,69,53,1.205,1,2057,0,389.155,5.311,184.688,342.000,19.188,0.000,0.164,1.215,3.000,4.383,0.027,3.020,3.396,1.035,1.374,0,NULL,NULL,,2,0,2,7,255,1125,250,0,0
pre_stim,24166,24166,0,24166,3221474.454,0.845,0.138,0.039,0.516,0,0,0,0,0,0,0,69,53,1.205,1,2057,0,392.268,5.195,193.063,340.875,20.125,-0.039,0.188,1.379,2.746,4.410,1.012,3.040,3.418,1.035,1.374,0,NULL,NULL,,2,0,2,7,255,1125,250,0,0
pre_stim,24166,24166,0,24166,3221479.455,0.846,0.123,0.031,0.517,0,0,0,0,0,0,0,69,53,1.205,1,2057,0,391.842,5.636,192.625,340.625,20.250,-0.070,0.215,1.523,2.746,4.922,2.555,3.058,3.438,1.035,1.374,0,NULL,NULL,,2,0,2,7,255,1125,250,0,0
pre_stim,24166,24166,0,24166,3221484.454,0.848,0.109,0.022,0.518,0,0,0,0,0,0,0,73,53,1.205,1,2057,0,388.839,6.005,186.563,340.438,22.188,-0.109,0.234,1.656,2.984,5.211,4.016,3.076,3.460,1.035,1.374,0,NULL,NULL,,2,0,2,7,255,1125,250,0,0
pre_stim,24166,24166,0,24166,3221489.455,0.849,0.095,0.014,0.519,0,0,0,0,0,0,0,71,53,1.205,1,2057,0,384.742,6.271,178.563,340.125,21.375,-0.152,0.242,1.781,3.109,5.445,5.344,3.096,3.480,1.035,1.374,0,NULL,NULL,,2,0,2,7,255,1125,250,0,0
pre_stim,24166,24166,0,24166,3221494.454,0.850,0.081,0.005,0.520,0,0,0,0,0,0,0,77,53,1.205,1,2057,0,378.627,6.271,166.500,339.625,17.063,-0.176,0.219,1.879,3.109,5.445,6.645,3.116,3.504,1.035,1.374,0,NULL,NULL,,2,0,2,7,255,1125,250,0,0
pre_stim,24166,24166,0,24166,3221499.455,0.851,0.067,-0.004,0.521,0,0,0,0,0,0,0,79,53,1.205,1,2057,0,371.367,6.035,152.063,338.563,12.875,-0.184,0.180,1.926,2.914,5.285,7.773,3.138,3.528,1.035,1.374,0,NULL,NULL,,2,0,2,7,255,1125,250,0,0
pre_stim,24213,24213,0,24213,3221504.453,0.851,0.055,-0.013,0.522,0,0,0,0,0,0,0,85,53,1.205,1,2057,0,364.638,5.332,139.500,336.750,10.000,-0.180,0.152,1.930,2.625,4.641,8.441,3.162,3.554,1.035,1.374,0,NULL,NULL,,2,0,2,7,255,1125,250,0,0
pre_stim,24213,24213,0,24213,3221509.455,0.851,0.042,-0.023,0.523,0,0,0,0,0,0,0,85,53,1.205,1,2057,0,359.788,4.628,132.938,334.250,7.188,-0.176,0.133,1.906,2.488,3.902,8.551,3.186,3.580,1.035,1.374,0,NULL,NULL,,2,0,2,7,255,1125,250,0,0
pre_stim,24213,24213,0,24213,3221514.454,0.851,0.029,-0.032,0.524,0,0,0,0,0,0,0,83,53,1.205,1,2057,0,357.169,3.948,134.000,331.063,3.313,-0.164,0.094,1.902,2.352,3.172,8.656,3.214,3.610,1.035,1.374,0,NULL,NULL,,2,0,2,7,255,1125,250,0,0
pre_stim,24213,24213,0,24213,3221519.455,0.850,0.016,-0.041,0.525,0,0,0,0,0,0,0,81,53,1.205,1,2057,0,355.936,3.150,139.250,327.563,-1.563,-0.141,0.020,1.922,2.109,2.340,8.664,3.240,3.640,1.035,1.374,0,NULL,NULL,,2,0,2,7,255,1125,250,0,0
pre_stim,24213,24213,0,24213,3221524.453,0.849,0.003,-0.050,0.526,0,0,0,0,0,0,0,83,53,1.205,1,2057,0,355.312,2.015,145.188,324.250,-5.375,-0.098,-0.070,1.926,1.625,1.191,8.957,3.268,3.668,1.035,1.374,0,NULL,NULL,,2,0,2,7,255,1125,250,0,0
pre_stim,24213,24213,0,24213,3221529.455,0.848,-0.010,-0.058,0.527,0,0,0,0,0,0,0,75,53,1.205,1,2057,0,356.795,1.075,154.938,321.313,-7.438,-0.047,-0.125,1.902,1.066,-0.137,8.957,3.292,3.696,1.035,1.374,0,NULL,NULL,,2,0,2,7,255,1125,250,0,0
pre_stim,24231,24231,0,24231,3221534.453,0.846,-0.023,-0.065,0.528,0,0,0,0,0,0,0,76,53,1.205,1,2057,0,363.173,1.596,173.750,318.750,-10.188,0.023,-0.176,1.883,0.762,-1.402,8.813,3.316,3.720,1.035,1.374,0,NULL,NULL,,2,0,2,7,255,1125,250,0,0
pre_stim,24231,24231,0,24231,3221539.455,0.845,-0.038,-0.072,0.529,0,0,0,0,0,0,0,74,53,1.205,1,2057,0,374.295,2.860,200.688,315.688,-12.750,0.125,-0.238,1.938,0.578,-2.801,8.813,3.336,3.742,1.035,1.374,0,NULL,NULL,,2,0,2,7,255,1125,250,0,0
pre_stim,24231,24231,0,24231,3221544.454,0.843,-0.053,-0.079,0.530,0,0,0,0,0,0,0,76,53,1.205,1,2057,0,387.273,4.630,228.000,312.688,-14.938,0.285,-0.246,2.063,0.578,-4.594,8.820,3.354,3.764,1.035,1.374,0,NULL,NULL,,2,0,2,7,255,1125,250,0,0
pre_stim,24231,24231,0,24231,3221549.455,0.840,-0.070,-0.084,0.531,0,0,0,0,0,0,0,77,53,1.205,1,2057,0,402.042,6.898,254.063,311.125,-17.063,0.484,-0.203,2.230,1.055,-6.816,9.566,3.368,3.780,1.035,1.374,0,NULL,NULL,,2,0,2,7,255,1125,250,0,0
pre_stim,24231,24231,0,24231,3221554.453,0.838,-0.087,-0.089,0.532,0,0,0,0,0,0,0,74,53,1.205,1,2057,0,415.404,9.602,275.313,310.688,-15.375,0.672,-0.152,2.430,2.227,-9.340,10.527,3.378,3.792,1.035,1.374,0,NULL,NULL,,2,0,2,7,255,1125,250,0,0
pre_stim,24231,24231,0,24231,3221559.455,0.835,-0.105,-0.094,0.532,0,0,0,0,0,0,0,73,53,1.205,1,2057,0,424.736,12.354,289.938,310.250,-9.063,0.809,-0.164,2.621,3.352,-11.891,11.652,3.384,3.800,1.035,1.374,0,NULL,NULL,,2,0,2,7,255,1125,250,0,0
pre_stim,24253,24253,0,24253,3221564.454,0.832,-0.123,-0.098,0.533,0,0,0,0,0,0,0,73,53,1.205,1,2057,0,429.168,14.831,297.625,309.188,-2.688,0.910,-0.168,2.820,3.648,-14.375,12.707,3.386,3.804,1.035,1.374,0,NULL,NULL,,2,0,2,7,255,1125,250,0,0
pre_stim,24253,24253,0,24253,3221569.455,0.828,-0.140,-0.103,0.533,0,0,0,0,0,0,0,76,53,1.205,1,2057,0,427.629,17.054,296.063,308.563,-1.563,0.992,-0.117,2.984,3.816,-16.621,13.797,3.380,3.802,1.035,1.374,0,NULL,NULL,,2,0,2,7,255,1125,250,0,0
pre_stim,24253,24253,0,24253,3221574.454,0.825,-0.158,-0.107,0.532,0,0,0,0,0,0,0,85,53,1.205,1,2057,0,419.983,19.002,285.688,307.813,-4.438,1.063,-0.043,3.105,4.305,-18.508,14.555,3.370,3.794,1.035,1.374,0,NULL,NULL,,2,0,2,7,255,1125,250,0,0
pre_stim,24253,24253,0,24253,3221579.455,0.821,-0.174,-0.112,0.532,0,0,0,0,0,0,0,85,53,1.205,1,2057,0,403.570,20.655,264.000,305.125,-8.438,1.094,0.043,3.176,4.930,-20.059,14.879,3.348,3.776,1.035,1.374,0,NULL,NULL,,2,0,2,7,255,1125,250,0,0
pre_stim,24253,24253,0,24253,3221584.453,0.817,-0.189,-0.117,0.532,0,0,0,0,0,0,0,90,53,1.205,1,2057,0,381.579,21.843,236.688,299.000,-13.438,1.184,0.176,3.242,5.523,-21.133,14.879,3.316,3.746,1.035,1.374,0,NULL,NULL,,2,0,2,7,255,1125,250,0,0
pre_stim,24253,24253,0,24253,3221589.455,0.813,-0.203,-0.123,0.532,0,0,0,0,0,0,0,105,53,1.205,1,2057,0,356.472,23.484,205.313,290.500,-23.000,1.410,0.316,3.309,6.816,-22.473,14.680,3.274,3.704,1.035,1.374,0,NULL,NULL,,2,0,2,7,255,1125,250,0,0
pre_stim,24283,24283,0,24283,3221594.454,0.809,-0.215,-0.130,0.531,0,0,0,0,0,0,0,133,53,1.205,1,2057,0,324.896,26.315,160.750,280.750,-29.938,1.734,0.285,3.270,8.766,-24.813,13.918,3.212,3.646,1.035,1.374,0,NULL,NULL,,2,0,2,7,255,1125,250,0,0
pre_stim,24283,24283,0,24283,3221599.455,0.806,-0.225,-0.137,0.530,0,0,0,0,0,0,0,155,53,1.205,1,2057,0,288.821,29.482,104.563,268.438,-20.625,2.078,0.098,2.988,9.266,-27.988,11.422,3.138,3.574,1.035,1.374,0,NULL,NULL,,2,0,2,7,255,1125,250,0,0
pre_stim,24313,24313,0,24313,3221604.453,0.804,-0.233,-0.145,0.528,0,0,0,0,0,0,0,190,53,1.205,1,2057,0,261.071,31.850,58.938,254.313,3.063,2.348,-0.098,2.449,9.266,-30.473,6.414,3.052,3.490,1.035,1.374,0,NULL,NULL,,2,0,2,7,255,1125,250,0,0
pre_stim,24313,24313,0,24313,3221609.455,0.802,-0.240,-0.152,0.525,0,0,0,0,0,0,0,235,53,1.205,1,2057,0,243.898,31.668,46.188,238.000,26.625,2.578,-0.234,1.875,8.617,-30.473,-0.484,2.956,3.396,1.035,1.374,0,NULL,NULL,,2,0,2,7,255,1125,250,0,0
pre_stim,24313,24313,0,24313,3221614.454,0.801,-0.248,-0.158,0.522,0,0,0,0,0,0,0,252,53,1.205,1,2057,0,233.343,31.302,57.313,221.813,44.313,2.852,-0.359,1.379,8.336,-30.172,-7.289,2.852,3.292,1.035,1.374,0,NULL,NULL,,2,0,2,7,255,1125,250,0,0
pre_stim,24313,24313,0,24313,3221619.455,0.800,-0.256,-0.163,0.519,0,0,0,0,0,0,0,269,53,1.205,1,2057,0,230.268,31.299,84.188,205.125,62.125,3.160,-0.590,0.957,8.324,-30.172,-13.582,2.742,3.182,1.035,1.374,0,NULL,NULL,,2,0,2,7,255,1125,250,0,0
pre_stim,24313,24313,0,24313,3221624.453,0.799,-0.265,-0.165,0.514,0,0,0,0,0,0,0,293,53,1.205,1,2057,0,243.936,31.425,128.313,186.500,90.875,3.434,-0.969,0.613,7.551,-30.504,-19.637,2.624,3.064,1.035,1.374,0,NULL,NULL,,2,0,2,7,255,1125,250,0,0
pre_stim,24313,24313,0,24313,3221629.455,0.798,-0.276,-0.166,0.510,0,0,0,0,0,0,0,301,53,1.205,1,2057,0,273.941,32.041,182.063,163.563,123.063,3.512,-1.441,0.473,5.426,-31.578,-25.164,2.498,2.938,1.035,1.374,0,NULL,NULL,,2,0,2,7,255,1125,250,0,0
pre_stim,24313,24313,0,24313,3221634.453,0.797,-0.289,-0.164,0.505,0,0,0,0,0,0,0,301,53,1.205,1,2057,0,318.226,32.658,245.438,139.813,146.563,3.445,-1.813,0.457,1.844,-32.605,-28.398,2.364,2.804,1.035,1.374,0,NULL,NULL,,2,0,2,7,255,1125,250,0,0
pre_stim,24313,24313,0,24313,3221639.455,0.795,-0.303,-0.159,0.500,0,0,0,0,0,0,0,295,53,1.205,1,2057,0,370.804,32.917,318.875,112.063,152.500,3.227,-1.949,0.703,-1.316,-32.891,-28.398,2.224,2.662,1.035,1.374,0,NULL,NULL,,2,0,2,7,255,1125,250,0,0
pre_stim,24313,24313,0,24313,3221644.454,0.793,-0.319,-0.152,0.497,0,0,0,0,0,0,0,281,53,1.205,1,2057,0,404.616,33.078,372.250,76.875,138.688,2.945,-1.820,1.512,-3.090,-32.934,-27.809,2.082,2.518,1.035,1.374,0,NULL,NULL,,2,0,2,7,255,1125,250,0,0
pre_stim,24313,24313,0,24313,3221649.455,0.790,-0.333,-0.143,0.494,0,0,0,0,0,0,0,283,53,1.205,1,2057,0,392.522,35.512,368.625,34.750,130.313,2.750,-1.633,2.504,-3.336,-35.355,-20.566,1.938,2.374,1.035,1.374,0,NULL,NULL,,2,0,2,7,255,1125,250,0,0
pre_stim,24347,24347,0,24347,3221654.453,0.790,-0.343,-0.134,0.489,0,0,0,0,0,0,0,309,53,1.205,1,2057,0,330.094,39.824,265.000,-13.188,196.375,2.930,-0.863,3.996,-3.336,-39.684,-12.254,1.792,2.226,1.035,1.374,0,NULL,NULL,,2,0,2,7,255,1125,250,0,0
pre_stim,24347,24347,0,24347,3221659.455,0.794,-0.346,-0.128,0.483,0,0,0,0,0,0,0,307,53,1.205,1,2057,0,232.609,39.686,73.313,-42.813,216.563,1.781,-0.625,3.746,-0.426,-39.684,0.141,1.642,2.074,1.035,1.374,0,NULL,NULL,,2,0,2,7,255,1125,250,0,0
pre_stim,24347,24347,0,24347,3221664.453,0.795,-0.349,-0.123,0.480,0,0,0,0,0,0,0,285,53,1.205,1,2057,0,147.411,38.245,81.875,-59.813,107.000,1.172,-0.824,2.367,-0.426,-38.242,0.141,1.490,1.920,1.035,1.374,0,NULL,NULL,,2,0,2,7,255,1125,250,0,0
pre_stim,24347,24347,0,24347,3221669.455,0.795,-0.350,-0.117,0.481,0,0,0,0,0,0,0,359,53,1.205,1,2057,0,127.889,30.041,81.250,-94.875,27.438,1.102,-0.359,3.313,-1.566,-30.000,5.469,1.332,1.760,1.035,1.374,0,NULL,NULL,,2,0,2,7,255,1125,250,0,0
pre_stim,24347,24347,0,24347,3221674.454,0.795,-0.354,-0.104,0.481,79,0,0,458,0,0,0,392,53,1.205,1,2057,0,320.106,30.232,226.563,-193.250,117.438,0.117,-0.012,5.508,-3.738,-30.000,7.098,1.166,1.592,1.035,1.374,0,NULL,NULL,,2,0,2,7,255,1125,250,0,0
pre_stim,24347,24347,0,24347,3221679.455,0.804,-0.347,-0.095,0.474,652,0,0,1065,0,77,0,421,53,1.205,1,2057,0,369.383,33.615,-124.938,-222.438,267.125,-0.531,2.059,7.000,-1.566,-33.578,29.578,0.990,1.414,1.035,1.374,0,NULL,NULL,,2,0,2,7,255,1125,250,0,0
pre_stim,24375,24375,0,24375,3221684.453,0.823,-0.312,-0.107,0.463,1143,0,0,1491,0,310,0,511,53,1.205,1,2057,0,983.970,33.780,-946.063,-131.938,236.125,-0.980,3.063,2.629,3.691,-33.578,29.578,0.812,1.230,1.035,1.374,0,NULL,NULL,,2,0,2,7,255,1125,250,0,0
pre_stim,24375,24375,0,24375,3221689.455,0.839,-0.275,-0.118,0.455,1609,0,0,1775,0,495,0,579,53,1.205,1,2058,0,967.581,16.512,-944.000,-153.375,146.813,-1.488,2.973,-1.266,16.227,3.059,26.855,0.638,1.044,1.035,1.374,1,1104.000,-21.000,,2,0,2,7,255,1125,250,0,0
pre_stim,24375,24375,0,24375,3221694.454,0.847,-0.254,-0.123,0.450,1916,0,0,1909,0,571,0,631,53,1.205,1,2058,0,532.349,33.289,-511.688,-119.375,85.563,-1.996,1.055,-2.023,16.227,29.066,-4.000,0.478,0.858,1.035,1.374,1,NULL,NULL,,2,0,2,7,255,1125,250,0,0
pre_stim,24375,24375,0,24375,3221699.455,0.849,-0.244,-0.122,0.452,2125,0,0,2012,0,800,0,697,53,1.205,1,2058,0,252.322,29.193,-201.188,-145.750,-44.125,-1.086,0.012,-0.355,-2.711,29.066,-8.207,0.346,0.678,1.035,1.374,1,NULL,NULL,,2,0,2,7,255,1125,250,0,0
pre_stim,24414,24414,0,24414,3221704.453,0.850,-0.238,-0.119,0.455,2275,0,0,2093,0,933,0,767,53,1.205,1,2058,0,159.180,9.695,-82.563,-126.000,-51.438,0.254,0.703,1.117,-2.711,9.309,-8.207,0.278,0.502,1.035,1.374,1,NULL,NULL,,2,0,2,7,255,1125,250,0,0
pre_stim,24414,24414,0,24414,3221709.455,0.853,-0.230,-0.117,0.453,2406,0,0,2154,0,1117,0,851,53,1.205,1,2058,0,210.046,7.564,-154.563,-129.188,59.500,0.598,1.691,1.363,7.156,-2.449,0.477,0.314,0.350,1.035,1.374,1,NULL,NULL,,2,0,2,7,255,1125,250,0,0
pre_stim,24414,24414,0,24414,3221714.454,0.859,-0.219,-0.116,0.449,2519,0,0,2229,0,1277,0,916,53,1.205,1,2058,0,292.227,10.470,-242.813,-126.375,102.313,-0.156,1.336,1.406,10.180,-2.449,3.781,0.374,0.284,1.035,1.374,1,NULL,NULL,,2,0,2,7,255,1125,250,0,0
pre_stim,24414,24414,0,24414,3221719.455,0.863,-0.206,-0.117,0.446,2685,0,0,2463,0,1397,0,974,53,1.205,1,2058,0,321.488,10.271,-293.813,-118.938,53.688,-0.641,0.563,0.910,10.180,1.367,3.781,0.404,0.284,1.035,1.374,2,NULL,NULL,,2,0,2,7,255,1125,250,0,0
pre_stim,24414,24414,0,24414,3221724.454,0.866,-0.194,-0.117,0.445,2823,0,0,2636,0,1407,0,1066,53,1.205,1,2058,0,293.998,3.634,-268.000,-119.813,16.000,-0.887,-0.305,0.242,1.211,3.426,1.840,0.412,0.318,1.035,1.374,2,NULL,NULL,,2,0,2,7,255,1125,250,0,0
pre_stim,24414,24414,0,24414,3221729.455,0.871,-0.182,-0.115,0.441,2913,0,0,2771,0,1448,0,1182,53,1.205,1,2058,0,305.166,8.157,-234.250,-167.563,100.875,-1.336,-1.566,0.145,-7.402,3.426,-5.012,0.416,0.360,1.035,1.374,2,NULL,NULL,,2,0,2,7,255,1125,250,0,0
pre_stim,24432,24432,0,24432,3221734.453,0.873,-0.173,-0.112,0.442,2968,0,0,2863,0,1479,0,1299,53,1.205,1,2058,0,219.642,18.054,-156.875,-152.000,-23.000,-1.176,-1.441,0.313,-18.051,0.340,-5.414,0.434,0.400,1.035,1.374,2,NULL,NULL,,2,0,2,7,255,1125,250,0,0
pre_stim,24432,24432,0,24432,3221739.455,0.873,-0.168,-0.108,0.446,3005,0,0,2931,0,1511,0,1372,53,1.205,1,2058,0,178.623,18.065,-49.875,-157.625,-67.625,-0.203,-0.410,0.512,-18.051,-0.715,-5.414,0.462,0.436,1.035,1.374,2,NULL,NULL,,2,0,2,7,255,1125,250,0,0
pre_stim,24432,24432,0,24432,3221744.454,0.872,-0.166,-0.102,0.448,3041,0,0,3003,0,1541,0,1415,53,1.205,1,2058,0,156.292,4.995,24.063,-148.625,-41.938,0.398,-0.223,1.238,-4.195,-2.711,-5.176,0.488,0.470,1.035,1.374,2,NULL,NULL,,2,0,2,7,255,1125,250,0,0
pre_stim,24432,24432,0,24432,3221749.455,0.874,-0.162,-0.097,0.449,3061,0,0,3044,0,1583,0,1433,53,1.205,1,2058,0,143.450,9.295,-20.188,-141.125,15.938,0.453,-0.855,1.836,-3.445,-8.633,-0.188,0.480,0.490,1.035,1.374,2,NULL,NULL,,2,0,2,7,255,1125,250,0,0
pre_stim,24432,24432,0,24432,3221754.453,0.877,-0.155,-0.094,0.446,3080,0,0,3081,0,1661,0,1447,53,1.205,1,2058,0,209.843,14.623,-143.563,-137.938,66.313,0.273,-1.188,1.676,-3.445,-14.211,2.961,0.444,0.500,1.035,1.374,2,NULL,NULL,,2,0,2,7,255,1125,250,0,0
pre_stim,24432,24432,0,24432,3221759.455,0.880,-0.145,-0.092,0.442,3098,0,0,3111,0,1769,0,1465,53,1.205,1,2058,0,262.618,15.880,-202.813,-131.250,103.000,0.016,-0.980,0.828,-7.086,-14.211,2.961,0.404,0.500,1.035,1.374,2,NULL,NULL,,2,0,2,7,255,1125,250,0,0
pre_stim,24432,24432,0,24432,3221764.453,0.884,-0.137,-0.089,0.438,3103,0,0,3139,0,1853,0,1501,53,1.205,1,2058,0,216.058,11.041,-141.125,-125.875,104.500,-0.250,-0.809,0.410,-7.254,-8.324,-3.563,0.372,0.482,1.035,1.374,2,NULL,NULL,,2,0,2,7,255,1125,250,0,0
pre_stim,24432,24432,0,24432,3221769.455,0.886,-0.133,-0.085,0.435,3110,0,0,3149,0,1941,0,1573,53,1.205,1,2058,0,160.500,8.337,-54.875,-125.188,84.125,-0.316,-0.551,0.719,-7.254,-4.109,-3.563,0.354,0.442,1.035,1.374,2,NULL,NULL,,2,0,2,7,255,1125,250,0,0
pre_stim,24463,24463,0,24463,3221774.454,0.888,-0.130,-0.081,0.433,3119,0,0,3163,0,2029,0,1613,53,1.205,1,2058,0,140.442,6.548,-26.750,-122.313,63.625,-0.234,0.004,1.223,-5.824,-2.992,-2.977,0.350,0.384,1.035,1.374,2,NULL,NULL,,2,0,2,7,255,1125,250,0,0
pre_stim,24463,24463,0,24463,3221779.455,0.890,-0.126,-0.077,0.432,3115,0,0,3176,0,2088,12,1639,53,1.205,1,2058,0,136.946,1.877,-57.375,-115.625,45.750,-0.199,0.234,1.387,-0.781,-1.707,2.258,0.360,0.318,1.035,1.374,2,NULL,NULL,,2,0,2,7,255,1125,250,0,0
pre_stim,24463,24463,0,24463,3221784.453,0.892,-0.120,-0.074,0.430,3118,0,0,3172,55,2167,39,1733,53,1.205,1,2058,0,154.884,1.877,-101.688,-111.000,36.438,-0.211,-0.027,1.219,-0.781,-1.707,2.258,0.374,0.260,1.035,1.374,2,NULL,NULL,,2,0,2,7,255,1125,250,0,0
pre_stim,24463,24463,0,24463,3221789.455,0.893,-0.113,-0.072,0.430,3129,0,0,3169,325,2233,101,1821,53,1.205,1,2058,0,156.326,1.987,-111.938,-107.500,18.750,-0.230,-0.328,0.875,-0.918,-1.762,2.156,0.378,0.226,1.035,1.374,2,NULL,NULL,,2,0,2,7,255,1125,250,0,0
pre_stim,24463,24463,1,24463,3221794.454,0.894,-0.109,-0.069,0.430,3131,0,0,3175,553,2277,197,1933,53,1.205,1,2058,0,110.348,3.252,-57.563,-94.063,3.938,0.016,-0.359,1.094,-2.148,-2.441,0.168,0.378,0.210,1.035,1.374,2,NULL,NULL,,2,1,2,7,255,1125,250,0,0
pre_stim,24463,24463,1,24463,3221799.455,0.893,-0.107,-0.068,0.431,3127,0,0,3171,793,2313,184,2027,53,1.205,1,2058,0,71.045,5.320,-20.500,-56.250,-38.250,0.199,-0.016,1.508,-2.148,-4.867,0.168,0.378,0.202,1.035,1.374,2,NULL,NULL,,2,1,2,7,255,1125,250,0,0
pre_stim,24514,24514,1,24514,3221804.453,0.893,-0.106,-0.066,0.433,3123,0,0,3165,955,2341,200,2079,53,1.205,1,2058,0,63.169,5.186,-19.375,-45.813,-38.938,0.520,0.617,1.078,1.789,-4.867,0.168,0.382,0.194,1.035,1.374,2,NULL,NULL,,2,1,2,7,255,1125,250,0,0
pre_stim,24514,24514,1,24514,3221809.455,0.892,-0.106,-0.065,0.434,3117,0,0,3172,1083,2363,200,2132,53,1.205,1,2058,0,41.126,7.258,17.750,-31.938,-18.875,0.344,0.539,1.324,6.758,-2.648,2.656,0.392,0.182,1.035,1.374,2,NULL,NULL,,2,1,2,7,255,1125,250,0,0
pre_stim,24514,24514,1,24514,3221814.454,0.893,-0.104,-0.065,0.434,3119,0,0,3171,1192,2382,203,2167,53,1.205,1,2058,0,48.678,7.258,-44.813,-18.500,4.375,-0.105,-0.188,1.602,6.758,-2.648,2.656,0.410,0.164,1.035,1.374,2,NULL,NULL,,2,1,2,7,255,1125,250,0,0
pre_stim,24514,24514,1,24514,3221819.455,0.893,-0.099,-0.067,0.434,3115,0,0,3169,1285,2396,203,2207,53,1.205,1,2058,0,107.827,2.725,-104.375,-18.438,-19.813,-0.438,-0.055,0.996,-1.371,-2.355,2.656,0.434,0.142,1.035,1.374,2,NULL,NULL,,2,1,2,7,255,1125,250,0,0
pre_stim,24514,24514,1,24514,3221824.453,0.892,-0.096,-0.068,0.437,3117,0,0,3170,1380,2411,203,2245,53,1.205,1,2058,0,98.811,1.561,-62.188,-16.188,-75.063,-0.266,0.145,0.605,-1.371,0.746,0.547,0.462,0.118,1.035,1.374,2,NULL,NULL,,2,1,2,7,255,1125,250,0,0
pre_stim,24514,24514,1,24514,3221829.455,0.890,-0.095,-0.067,0.440,3116,0,0,3167,1454,2423,211,2278,53,1.205,1,2058,0,85.924,0.770,-9.813,-16.188,-83.813,0.145,-0.004,0.891,-0.191,0.746,-1.582,0.486,0.098,1.035,1.374,2,NULL,NULL,,2,1,2,7,255,1125,250,0,0
pre_stim,24514,24514,1,24514,3221834.453,0.889,-0.094,-0.067,0.442,3119,25,0,3169,1542,2430,222,2301,53,1.205,1,2058,0,48.309,3.126,-14.813,-12.938,-44.125,0.160,-0.086,1.184,0.879,-3.000,-1.582,0.504,0.082,1.035,1.374,2,NULL,NULL,,2,1,2,7,255,1125,250,0,0
pre_stim,24514,24514,1,24514,3221839.455,0.889,-0.092,-0.068,0.443,3117,30,0,3171,1596,2441,217,2329,53,1.205,1,2058,0,51.262,3.126,-47.563,-8.250,-17.250,-0.078,0.035,1.113,0.879,-3.000,1.027,0.518,0.074,1.035,1.374,2,NULL,NULL,,2,1,2,7,255,1125,250,0,0
pre_stim,24514,24514,1,24514,3221844.454,0.889,-0.090,-0.069,0.444,3118,36,0,3167,1648,2451,216,2355,53,1.205,1,2058,0,61.630,1.594,-53.313,-5.438,-30.438,-0.250,0.156,0.945,0.430,-1.535,1.027,0.528,0.066,1.035,1.374,2,NULL,NULL,,2,1,2,7,255,1125,250,0,0
pre_stim,24514,24514,1,24514,3221849.455,0.888,-0.088,-0.069,0.446,3123,46,0,3169,1699,2467,213,2377,53,1.205,1,2058,0,65.075,0.452,-39.063,-4.938,-51.813,-0.137,0.125,0.938,0.430,-0.141,-0.172,0.538,0.056,1.035,1.374,2,NULL,NULL,,2,1,2,7,255,1125,250,0,0
pre_stim,24538,24538,1,24538,3221854.453,0.887,-0.087,-0.070,0.448,3123,57,0,3177,1739,2475,215,2387,53,1.205,1,2058,0,62.915,0.732,-28.125,-6.188,-55.938,-0.031,0.098,0.988,0.719,-0.141,-0.211,0.550,0.048,1.035,1.374,2,NULL,NULL,,2,1,2,7,255,1125,250,0,0
pre_stim,24538,24538,1,24538,3221859.455,0.887,-0.085,-0.070,0.449,3120,71,0,3171,1773,2484,212,2407,53,1.205,1,2058,0,51.407,1.702,-26.375,-4.063,-43.938,0.043,0.047,1.063,1.211,-1.195,-0.211,0.558,0.042,1.035,1.374,2,NULL,NULL,,2,1,2,7,255,1125,250,0,0
pre_stim,24538,24538,1,24538,3221864.454,0.886,-0.084,-0.070,0.450,3125,94,0,3171,1805,2489,213,2419,53,1.205,1,2058,0,41.143,2.222,-30.375,-1.875,-27.688,0.000,0.039,1.055,1.211,-1.863,0.301,0.566,0.036,1.035,1.374,2,NULL,NULL,,2,1,2,7,255,1125,250,0,0
pre_stim,24538,24538,1,24538,3221869.455,0.886,-0.083,-0.071,0.451,3119,99,14,3173,1834,2493,215,2425,53,1.205,1,2058,0,35.261,2.165,-29.688,-1.000,-19.000,-0.082,0.113,1.016,1.102,-1.863,0.301,0.570,0.032,1.035,1.374,2,NULL,NULL,,2,1,2,7,255,1125,250,0,0
pre_stim,24560,24560,1,24560,3221874.454,0.886,-0.082,-0.071,0.452,3119,119,35,3173,1862,2495,191,2437,53,1.205,1,2058,0,34.799,1.213,-25.375,0.125,-23.813,-0.152,0.098,1.016,0.988,-0.703,0.266,0.576,0.028,1.035,1.374,2,NULL,NULL,,2,1,2,7,255,1125,250,0,0
pre_stim,24560,24560,1,24560,3221879.455,0.885,-0.081,-0.072,0.453,3125,125,93,3173,1884,2503,190,2439,53,1.205,1,2058,0,35.964,1.055,-22.563,0.563,-28.000,-0.117,0.113,1.035,0.949,-0.461,0.266,0.584,0.024,1.035,1.374,2,NULL,NULL,,2,1,2,7,255,1125,250,0,0
pre_stim,24560,24560,1,24560,3221884.453,0.885,-0.080,-0.072,0.454,3116,139,125,3177,1898,2506,189,2446,53,1.205,1,2058,0,32.524,0.746,-21.938,0.750,-24.000,-0.051,0.016,1.035,0.586,-0.461,0.266,0.592,0.018,1.035,1.374,2,NULL,NULL,,2,1,2,7,255,1125,250,0,0
pre_stim,24560,24560,1,24560,3221889.455,0.885,-0.079,-0.072,0.454,3117,149,167,3173,1917,2507,187,2449,53,1.205,1,2058,0,25.828,1.596,-22.625,1.438,-12.375,-0.047,-0.023,1.012,0.566,-1.492,0.219,0.600,0.012,1.035,1.374,2,NULL,NULL,,2,1,2,7,255,1125,250,0,0
pre_stim,24583,24583,1,24583,3221894.454,0.885,-0.078,-0.073,0.454,3116,151,211,3175,1939,2507,181,2451,53,1.205,1,2058,0,21.448,1.516,-21.438,-0.375,-0.563,-0.121,-0.055,0.973,0.270,-1.492,-0.008,0.608,0.008,1.035,1.374,2,NULL,NULL,,2,1,2,7,255,1125,250,0,0
pre_stim,24583,24583,1,24583,3221899.455,0.885,-0.077,-0.073,0.454,3112,159,239,3173,1957,2508,181,2455,53,1.203,1,2058,1,15.254,1.277,-15.125,-0.625,-1.875,-0.191,-0.051,0.953,-0.406,-1.211,-0.262,0.000,0.000,1.051,1.365,2,NULL,NULL,,2,1,2,7,255,1125,250,0,0
pre_stim,24614,24614,1,24614,3221904.453,0.885,-0.076,-0.073,0.454,3113,172,293,3165,1979,2507,181,2459,53,1.203,1,2058,1,11.025,0.719,-8.438,-2.375,-6.688,-0.188,0.000,0.980,-0.406,-0.594,-0.262,0.004,0.002,1.051,1.365,2,NULL,NULL,,2,1,2,7,255,1125,250,0,0
pre_stim,24614,24614,1,24614,3221909.455,0.885,-0.076,-0.073,0.454,3101,175,325,3163,1997,2509,180,2463,53,1.203,1,2058,1,8.791,0.547,-5.750,-4.313,-5.063,-0.172,0.016,1.000,-0.313,-0.449,-0.051,0.008,0.004,1.051,1.365,2,NULL,NULL,,2,1,2,7,255,1125,250,0,0
pre_stim,24614,24614,1,24614,3221914.454,0.885,-0.076,-0.073,0.455,3097,181,363,3160,2018,2510,198,2474,53,1.203,1,2058,1,8.448,0.393,-5.375,-5.938,-2.688,-0.203,0.031,0.996,-0.141,-0.367,0.113,0.012,0.006,1.051,1.365,2,NULL,NULL,,2,1,2,7,255,1125,250,0,0
pre_stim,24614,24614,1,24614,3221919.455,0.884,-0.075,-0.073,0.455,3091,187,423,3151,2031,2513,206,2480,53,1.203,1,2058,1,10.583,0.123,-5.063,-7.625,-5.313,-0.227,0.055,1.004,-0.098,-0.074,0.168,0.016,0.006,1.051,1.365,2,NULL,NULL,,2,1,2,7,255,1125,250,0,0
pre_stim,24614,24614,1,24614,3221924.453,0.884,-0.075,-0.073,0.455,3080,191,459,3143,2057,2511,214,2488,53,1.203,1,2058,1,15.063,0.123,-4.875,-8.750,-11.250,-0.191,0.039,1.000,-0.098,-0.074,0.188,0.020,0.006,1.051,1.365,2,NULL,NULL,,2,1,2,7,255,1125,250,0,0
pre_stim,24614,24614,1,24614,3221929.455,0.884,-0.074,-0.072,0.456,3067,198,534,3139,2075,2513,244,2492,53,1.203,1,2058,1,16.390,0.145,-3.688,-9.188,-13.063,-0.121,-0.004,0.984,-0.008,-0.145,0.188,0.022,0.006,1.051,1.365,2,NULL,NULL,,2,1,2,7,255,1125,250,0,0
pre_stim,24614,24614,1,24614,3221934.454,0.884,-0.074,-0.072,0.456,3053,191,571,3125,2093,2509,263,2505,53,1.203,1,2058,1,12.819,0.863,-1.813,-9.250,-8.688,-0.105,-0.023,0.980,-0.008,-0.863,-0.109,0.024,0.006,1.051,1.365,2,NULL,NULL,,2,1,2,7,255,1125,250,0,0
pre_stim,24614,24614,1,24614,3221939.455,0.884,-0.074,-0.072,0.456,3055,191,619,3111,2121,2503,268,2508,53,1.203,1,2058,1,10.666,0.864,-0.313,-8.813,-6.000,-0.141,-0.016,0.984,-0.043,-0.863,-0.109,0.026,0.004,1.051,1.365,2,NULL,NULL,,2,1,2,7,255,1125,250,0,0
pre_stim,24614,24614,1,24614,3221944.454,0.884,-0.074,-0.071,0.457,3037,190,650,3101,2133,2503,285,2513,53,1.203,1,2058,1,12.190,0.802,0.938,-8.625,-8.563,-0.172,0.008,0.980,-0.180,-0.781,-0.098,0.026,0.004,1.051,1.365,2,NULL,NULL,,2,1,2,7,255,1125,250,0,0
pre_stim,24614,24614,1,24614,3221949.455,0.883,-0.073,-0.071,0.457,3029,185,670,3090,2151,2503,287,2517,53,1.203,1,2058,1,15.812,0.423,2.563,-8.438,-13.125,-0.172,0.016,0.977,-0.180,-0.383,-0.098,0.028,0.004,1.051,1.365,2,NULL,NULL,,2,1,2,7,255,1125,250,0,0
pre_stim,24646,24646,1,24646,3221954.453,0.883,-0.073,-0.070,0.458,3018,185,692,3078,2168,2501,293,2523,53,1.203,1,2058,1,17.832,0.369,3.813,-8.750,-15.063,-0.160,0.027,0.980,-0.113,-0.352,-0.090,0.028,0.002,1.051,1.365,2,NULL,NULL,,2,1,2,7,255,1125,250,0,0
pre_stim,24646,24646,1,24646,3221959.455,0.883,-0.073,-0.070,0.458,2999,187,725,3059,2189,2501,311,2531,53,1.203,1,2058,1,18.210,0.328,4.125,-9.563,-14.938,-0.164,0.043,0.984,0.008,-0.328,-0.090,0.030,0.002,1.051,1.365,2,NULL,NULL,,2,1,2,7,255,1125,250,0,0
pre_stim,24646,24646,1,24646,3221964.454,0.883,-0.073,-0.069,0.459,2995,191,795,3048,2221,2493,329,2538,53,1.203,1,2058,1,19.229,0.255,3.750,-10.375,-15.750,-0.176,0.070,0.992,0.137,-0.215,-0.016,0.030,0.002,1.051,1.365,2,NULL,NULL,,2,1,2,7,255,1125,250,0,0
pre_stim,24646,24646,1,24646,3221969.455,0.882,-0.073,-0.069,0.460,2971,191,851,3027,2244,2501,354,2555,53,1.203,1,2058,1,20.897,0.285,3.000,-11.313,-17.313,-0.164,0.090,0.996,0.285,0.004,0.098,0.032,0.004,1.051,1.365,2,NULL,NULL,,2,1,2,7,255,1125,250,0,0
pre_stim,24646,24646,1,24646,3221974.454,0.882,-0.073,-0.068,0.460,2940,201,925,3007,2267,2492,383,2567,53,1.203,1,2058,1,21.043,0.492,3.125,-13.000,-16.250,-0.168,0.094,0.996,0.492,0.012,0.109,0.034,0.006,1.051,1.365,2,NULL,NULL,,2,1,2,7,255,1125,250,0,0
pre_stim,24646,24646,1,24646,3221979.455,0.882,-0.073,-0.068,0.461,2921,211,989,2991,2293,2495,410,2572,53,1.203,1,2058,1,22.161,0.502,3.625,-14.625,-16.250,-0.180,0.125,1.008,0.496,0.074,0.109,0.036,0.008,1.051,1.365,2,NULL,NULL,,2,1,2,7,255,1125,250,0,0
pre_stim,24679,24679,1,24679,3221984.454,0.881,-0.073,-0.067,0.462,2909,219,1067,2970,2325,2493,431,2583,53,1.203,1,2058,1,24.093,0.781,3.125,-14.563,-18.938,-0.176,0.168,1.043,0.699,0.348,0.250,0.036,0.008,1.051,1.365,2,NULL,NULL,,2,1,2,7,255,1125,250,0,0
pre_stim,24679,24679,1,24679,3221989.455,0.881,-0.072,-0.066,0.463,2872,221,1147,2953,2359,2500,475,2595,53,1.203,1,2058,1,27.129,1.150,-0.063,-14.875,-22.688,-0.156,0.172,1.039,1.090,0.367,0.543,0.038,0.012,1.051,1.365,2,NULL,NULL,,2,1,2,7,255,1125,250,0,0
pre_stim,24679,24679,1,24679,3221994.453,0.881,-0.072,-0.066,0.464,2857,221,1197,2941,2395,2505,499,2612,53,1.203,1,2058,1,28.335,1.288,-2.750,-14.500,-24.188,-0.109,0.148,1.020,1.234,0.367,0.543,0.040,0.014,1.051,1.365,2,NULL,NULL,,2,1,2,7,255,1125,250,0,0
pre_stim,24679,24679,1,24679,3221999.455,0.880,-0.071,-0.065,0.465,2835,227,1255,2906,2415,2503,585,2613,53,1.203,1,2058,1,26.477,1.238,-4.625,-13.688,-22.188,-0.086,0.086,1.004,1.234,-0.098,0.266,0.042,0.018,1.051,1.365,2,NULL,NULL,,2,1,2,7,255,1125,250,0,0
pre_stim,24713,24713,1,24713,3222004.453,0.880,-0.071,-0.065,0.465,2804,219,1340,2891,2444,2501,645,2629,53,1.203,1,2058,1,24.640,1.037,-6.313,-13.313,-19.750,-0.086,0.027,0.973,0.855,-0.586,0.023,0.046,0.022,1.051,1.365,2,NULL,NULL,,2,1,2,7,255,1125,250,0,0
pre_stim,24713,24713,1,24713,3222009.455,0.880,-0.070,-0.064,0.466,2763,231,1435,2872,2469,2505,733,2644,53,1.203,1,2058,1,23.312,0.919,-5.875,-13.000,-18.438,-0.102,-0.008,0.945,0.383,-0.836,-0.277,0.048,0.026,1.051,1.365,2,NULL,NULL,,2,1,2,7,255,1125,250,0,0
pre_stim,24713,24713,1,24713,3222014.454,0.879,-0.070,-0.064,0.467,2751,231,1513,2855,2493,2503,812,2649,53,1.203,1,2058,1,23.477,0.836,-2.750,-13.063,-19.313,-0.113,-0.020,0.941,-0.004,-0.836,-0.516,0.052,0.030,1.051,1.365,2,NULL,NULL,,2,1,2,7,255,1125,250,0,0
pre_stim,24713,24713,1,24713,3222019.455,0.879,-0.069,-0.063,0.468,2727,237,1581,2837,2517,2504,915,2660,53,1.203,1,2058,1,24.543,0.846,1.563,-12.813,-20.875,-0.102,-0.023,0.949,-0.129,-0.836,-0.516,0.056,0.034,1.051,1.365,2,NULL,NULL,,2,1,2,7,255,1125,250,0,0
pre_stim,24713,24713,1,24713,3222024.453,0.879,-0.069,-0.063,0.468,2701,233,1652,2821,2537,2506,989,2669,53,1.203,1,2058,1,22.083,0.926,2.875,-12.375,-18.063,-0.098,-0.027,0.969,-0.148,-0.914,-0.500,0.056,0.036,1.051,1.365,2,NULL,NULL,,2,1,2,7,255,1125,250,0,0
pre_stim,24713,24713,1,24713,3222029.455,0.878,-0.069,-0.062,0.469,2655,239,1711,2799,2568,2509,1061,2672,53,1.203,1,2058,1,18.714,0.926,0.563,-12.750,-13.688,-0.125,-0.020,0.973,-0.148,-0.914,-0.324,0.058,0.038,1.051,1.365,2,NULL,NULL,,2,1,2,7,255,1125,250,0,0
pre_stim,24733,24733,1,24733,3222034.454,0.878,-0.068,-0.062,0.469,2631,253,1789,2787,2585,2505,1184,2696,53,1.203,1,2058,1,19.147,0.760,-1.438,-13.625,-13.375,-0.164,0.004,0.977,-0.234,-0.723,-0.211,0.060,0.038,1.051,1.365,2,NULL,NULL,,2,1,2,7,255,1125,250,0,0
pre_stim,24733,24733,1,24733,3222039.455,0.878,-0.068,-0.061,0.470,2591,254,1861,2770,2605,2515,1275,2702,53,1.203,1,2058,1,23.706,0.363,-2.313,-14.563,-18.563,-0.195,0.043,0.992,-0.234,-0.277,-0.109,0.062,0.040,1.051,1.365,2,NULL,NULL,,2,1,2,7,255,1125,250,0,0
pre_stim,24733,24733,0,24733,3222044.453,0.877,-0.067,-0.061,0.471,2556,265,1919,2746,2630,2519,1332,2707,53,1.203,1,2058,1,30.942,0.190,-3.813,-15.188,-26.688,-0.188,0.070,1.016,-0.090,0.168,0.105,0.062,0.038,1.051,1.365,2,NULL,NULL,,2,0,2,7,255,1125,250,0,0
pre_stim,24733,24733,0,24733,3222049.455,0.877,-0.067,-0.060,0.472,2516,281,1971,2729,2648,2521,1420,2726,53,1.203,1,2058,1,35.492,0.246,-7.625,-16.000,-30.750,-0.129,0.051,1.023,0.180,0.168,0.309,0.064,0.038,1.051,1.365,2,NULL,NULL,,2,0,2,7,255,1125,250,0,0
pre_stim,24733,24733,0,24733,3222054.453,0.876,-0.065,-0.060,0.473,2463,282,2063,2713,2671,2531,1501,2747,53,1.203,1,2058,1,34.565,0.374,-13.563,-16.063,-27.438,-0.105,-0.012,1.008,0.180,-0.328,0.309,0.064,0.038,1.051,1.365,2,NULL,NULL,,2,0,2,7,255,1125,250,0,0
pre_stim,24733,24733,0,24733,3222059.455,0.876,-0.064,-0.060,0.474,2413,293,2132,2685,2699,2527,1613,2751,53,1.203,1,2058,1,33.583,0.818,-16.500,-17.500,-23.438,-0.113,-0.047,1.000,-0.055,-0.816,0.086,0.064,0.036,1.051,1.365,2,NULL,NULL,,2,0,2,7,255,1125,250,0,0
pre_stim,24733,24733,0,24733,3222064.454,0.876,-0.063,-0.060,0.475,2373,288,2187,2647,2717,2537,1695,2765,53,1.203,1,2058,1,39.562,0.869,-22.875,-17.688,-27.000,-0.160,-0.012,1.023,-0.297,-0.816,0.086,0.064,0.036,1.051,1.365,2,NULL,NULL,,2,0,2,7,255,1125,250,0,0
pre_stim,24733,24733,0,24733,3222069.455,0.875,-0.061,-0.060,0.476,2310,301,2247,2613,2741,2536,1785,2777,53,1.203,1,2058,1,45.743,0.457,-28.000,-19.250,-30.625,-0.156,-0.008,1.008,-0.297,-0.348,0.172,0.066,0.032,1.051,1.365,2,NULL,NULL,,2,0,2,7,255,1125,250,0,0
pre_stim,24763,24763,0,24763,3222074.454,0.875,-0.060,-0.059,0.478,2248,307,2297,2582,2744,2538,1853,2804,53,1.203,1,2058,1,44.029,0.440,-27.063,-19.938,-28.438,-0.078,-0.031,0.938,-0.270,-0.348,0.172,0.068,0.030,1.051,1.365,2,NULL,NULL,,2,0,2,7,255,1125,250,0,0
pre_stim,24763,24763,0,24763,3222079.455,0.874,-0.058,-0.059,0.478,2184,309,2335,2539,2762,2547,1941,2809,53,1.203,1,2058,1,33.976,0.975,-18.313,-21.063,-19.375,-0.078,-0.063,0.906,-0.270,-0.938,-0.645,0.070,0.028,1.051,1.365,2,NULL,NULL,,2,0,2,7,255,1125,250,0,0
pre_stim,24763,24763,0,24763,3222084.453,0.874,-0.057,-0.058,0.479,2100,310,2385,2493,2783,2543,2011,2831,53,1.203,1,2058,1,27.631,0.975,-9.063,-22.563,-13.125,-0.113,-0.035,0.965,-0.270,-0.938,-0.645,0.074,0.026,1.051,1.365,2,NULL,NULL,,2,0,2,7,255,1125,250,0,0
pre_stim,24763,24763,0,24763,3222089.455,0.874,-0.057,-0.058,0.479,2031,307,2442,2444,2803,2543,2083,2843,53,1.203,1,2058,1,28.719,0.699,-8.188,-23.438,-14.438,-0.164,0.000,1.023,-0.270,-0.645,-0.305,0.076,0.026,1.051,1.365,2,NULL,NULL,,2,0,2,7,255,1125,250,0,0
pre_stim,24763,24763,0,24763,3222094.454,0.874,-0.055,-0.057,0.480,1939,307,2477,2377,2823,2552,2149,2853,53,1.203,1,2058,1,33.047,0.257,-12.813,-24.438,-18.188,-0.152,0.027,1.055,-0.227,-0.121,0.348,0.078,0.026,1.051,1.365,2,NULL,NULL,,2,0,2,7,255,1125,250,0,0
pre_stim,24763,24763,0,24763,3222099.455,0.873,-0.054,-0.056,0.481,1828,299,2523,2291,2837,2551,2189,2867,53,1.203,1,2058,1,37.334,0.148,-18.063,-25.188,-20.813,-0.129,0.027,1.043,0.086,-0.121,0.484,0.080,0.026,1.051,1.365,2,NULL,NULL,,2,0,2,7,255,1125,250,0,0
pre_stim,24816,24816,0,24816,3222104.453,0.873,-0.053,-0.056,0.481,1689,287,2544,2193,2848,2547,2252,2871,53,1.203,1,2058,1,37.974,0.255,-20.500,-26.625,-17.688,-0.109,0.004,1.023,0.117,-0.227,0.484,0.082,0.026,1.051,1.365,2,NULL,NULL,,2,0,2,7,255,1125,250,0,0
pre_stim,24816,24816,0,24816,3222109.455,0.873,-0.051,-0.055,0.482,1533,265,2591,2115,2862,2553,2323,2885,53,1.203,1,2058,1,38.942,0.453,-21.625,-26.625,-18.438,-0.109,-0.031,1.016,0.117,-0.438,0.281,0.086,0.026,1.051,1.365,2,NULL,NULL,,2,0,2,7,255,1125,250,0,0
pre_stim,24816,24816,0,24816,3222114.454,0.873,-0.050,-0.054,0.483,1371,251,2615,1965,2878,2549,2362,2899,53,1.203,1,2058,1,40.042,0.469,-22.000,-28.438,-17.625,-0.125,-0.027,1.008,-0.168,-0.438,0.184,0.088,0.026,1.051,1.365,2,NULL,NULL,,2,0,2,7,255,1125,250,0,0
pre_stim,24816,24816,0,24816,3222119.455,0.872,-0.048,-0.054,0.484,1210,235,2638,1832,2893,2551,2406,2907,53,1.203,1,2058,1,38.995,0.422,-17.750,-28.938,-19.188,-0.121,0.000,0.992,-0.168,-0.387,0.148,0.090,0.026,1.051,1.365,2,NULL,NULL,,2,0,2,7,255,1125,250,0,0
pre_stim,24816,24816,0,24816,3222124.453,0.872,-0.047,-0.053,0.484,1069,215,2675,1677,2909,2549,2460,2914,53,1.203,1,2058,1,38.399,0.323,-13.688,-30.625,-18.688,-0.117,-0.008,1.016,-0.039,-0.320,0.148,0.092,0.026,1.051,1.365,2,NULL,NULL,,2,0,2,7,255,1125,250,0,0
pre_stim,24816,24816,0,24816,3222129.455,0.872,-0.046,-0.052,0.485,869,165,2695,1477,2922,2555,2505,2927,53,1.203,1,2058,1,38.623,0.320,-12.125,-31.625,-18.563,-0.090,0.004,1.043,-0.008,-0.320,0.199,0.094,0.026,1.051,1.365,2,NULL,NULL,,2,0,2,7,255,1125,250,0,0
pre_stim,24816,24816,0,24816,3222134.453,0.872,-0.045,-0.051,0.485,649,119,2715,1303,2949,2549,2551,2923,53,1.203,1,2058,1,38.435,0.416,-14.063,-33.250,-13.188,-0.102,0.004,1.063,0.172,-0.379,0.430,0.096,0.026,1.051,1.365,2,NULL,NULL,,2,0,2,7,255,1125,250,0,0
pre_stim,24816,24816,0,24816,3222139.455,0.872,-0.043,-0.050,0.486,454,72,2747,1133,2962,2543,2583,2939,53,1.203,1,2058,1,38.609,0.439,-15.000,-33.688,-11.438,-0.121,0.031,1.070,0.223,-0.379,0.648,0.100,0.026,1.051,1.365,2,NULL,NULL,,2,0,2,7,255,1125,250,0,0
pre_stim,24816,24816,0,24816,3222144.454,0.871,-0.042,-0.049,0.486,293,47,2767,939,2965,2532,2611,2939,53,1.203,1,2058,1,43.199,0.250,-17.625,-35.125,-17.938,-0.133,0.031,1.070,0.246,-0.043,0.730,0.102,0.026,1.051,1.365,2,NULL,NULL,,2,0,2,7,255,1125,250,0,0
pre_stim,24816,24816,0,24816,3222149.455,0.871,-0.040,-0.048,0.487,173,0,2791,725,2988,2529,2649,2963,53,1.203,1,2058,1,46.823,0.308,-19.375,-38.250,-18.813,-0.090,0.055,1.070,0.305,-0.043,0.730,0.106,0.026,1.051,1.365,2,NULL,NULL,,2,0,2,7,255,1125,250,0,0
pre_stim,24837,24837,0,24837,3222154.453,0.871,-0.039,-0.047,0.488,72,0,2815,543,2988,2495,2675,2967,53,1.203,1,2058,1,45.895,0.597,-14.813,-39.813,-17.375,-0.102,0.059,1.055,0.594,0.059,0.691,0.108,0.026,1.051,1.365,2,NULL,NULL,,2,0,2,7,255,1125,250,0,0
pre_stim,24837,24837,0,24837,3222159.455,0.870,-0.037,-0.045,0.489,29,0,2834,363,2995,2491,2702,2979,53,1.203,1,2058,1,51.538,0.635,-16.250,-42.000,-25.063,-0.086,0.074,1.074,0.633,0.051,0.691,0.108,0.030,1.051,1.365,2,NULL,NULL,,2,0,2,7,255,1125,250,0,0
pre_stim,24837,24837,0,24837,3222164.454,0.870,-0.036,-0.044,0.490,7,0,2837,301,3016,2459,2735,2971,53,1.203,1,2058,1,54.111,0.799,-12.125,-46.500,-24.875,-0.098,0.078,1.094,0.797,0.059,0.754,0.106,0.034,1.051,1.365,2,NULL,NULL,,2,0,2,7,255,1125,250,0,0
pre_stim,24837,24837,0,24837,3222169.455,0.870,-0.035,-0.042,0.491,0,0,2856,188,3033,2443,2757,2975,53,1.203,1,2058,1,55.627,0.815,-2.875,-51.250,-21.438,-0.199,0.000,1.172,0.797,0.172,0.930,0.102,0.040,1.051,1.365,2,NULL,NULL,,2,0,2,7,255,1125,250,0,0
pre_stim,24861,24861,0,24861,3222174.454,0.870,-0.034,-0.040,0.491,0,0,2873,148,3031,2402,2795,2985,53,1.203,1,2058,1,61.600,0.685,8.188,-59.875,-11.938,-0.316,-0.070,1.305,-0.328,0.602,1.824,0.098,0.046,1.051,1.365,2,NULL,NULL,,2,0,2,7,255,1125,250,0,0
pre_stim,24861,24861,0,24861,3222179.455,0.869,-0.033,-0.037,0.492,0,0,2888,119,3048,2381,2808,2988,53,1.203,1,2058,1,71.328,1.883,5.313,-65.625,-27.438,-0.391,-0.105,1.418,-1.480,1.164,3.254,0.096,0.050,1.051,1.365,2,NULL,NULL,,2,0,2,7,255,1125,250,0,0
pre_stim,24861,24861,0,24861,3222184.453,0.869,-0.032,-0.034,0.493,0,0,2894,78,3054,2341,2836,2985,53,1.203,1,2058,1,83.969,2.170,21.313,-75.500,-29.938,-0.324,0.055,1.543,-1.480,1.586,4.402,0.094,0.056,1.051,1.365,2,NULL,NULL,,2,0,2,7,255,1125,250,0,0
pre_stim,24861,24861,0,24861,3222189.455,0.869,-0.031,-0.030,0.493,0,0,2891,55,3051,2299,2859,2985,53,1.203,1,2058,0,89.659,1.874,24.938,-86.000,-4.563,-0.242,0.316,1.707,-0.414,1.828,5.531,0.090,0.062,1.051,1.365,3,NULL,NULL,,2,0,2,7,255,1125,250,0,0
pre_stim,24883,24883,0,24883,3222194.454,0.869,-0.028,-0.027,0.494,0,0,2904,6,3060,2233,2879,2995,53,1.203,1,2058,0,98.778,2.833,-45.125,-87.750,-4.563,-0.039,0.344,1.504,2.164,1.828,5.531,0.086,0.070,1.051,1.365,3,NULL,NULL,,2,0,2,7,255,1125,250,0,0
pre_stim,24883,24883,0,24883,3222199.455,0.869,-0.023,-0.025,0.493,0,0,2903,0,3067,2171,2891,2985,53,1.203,1,2058,0,112.857,2.421,-64.313,-90.875,18.500,-0.074,0.074,1.160,2.164,1.086,4.879,0.082,0.078,1.051,1.365,3,NULL,NULL,,2,0,2,7,255,1125,250,0,0
pre_stim,24913,24913,0,24913,3222204.453,0.870,-0.020,-0.023,0.491,0,0,2905,0,3079,2099,2907,2991,53,1.203,1,2058,0,112.893,1.294,-39.563,-98.500,38.438,-0.238,-0.063,1.047,0.703,1.086,1.570,0.078,0.088,1.051,1.365,3,NULL,NULL,,2,0,2,7,255,1125,250,0,0
pre_stim,24913,24913,0,24913,3222209.455,0.871,-0.017,-0.019,0.490,0,0,2900,0,3087,1997,2919,2987,53,1.203,1,2058,0,111.798,1.800,-9.625,-106.688,32.000,-0.320,-0.141,1.117,-1.336,1.207,1.320,0.074,0.094,1.051,1.365,3,NULL,NULL,,2,0,2,7,255,1125,250,0,0
pre_stim,24913,24913,0,24913,3222214.454,0.872,-0.015,-0.015,0.490,0,0,2892,0,3087,1861,2934,2999,53,1.203,1,2058,0,111.818,2.728,-3.750,-111.188,11.250,-0.324,-0.207,1.180,-2.398,1.301,1.320,0.068,0.102,1.051,1.365,3,NULL,NULL,,2,0,2,7,255,1125,250,0,0
pre_stim,24913,24913,0,24913,3222219.455,0.872,-0.012,-0.011,0.489,0,0,2891,0,3089,1725,2944,2981,53,1.203,1,2058,0,118.367,2.780,2.500,-118.250,4.625,-0.246,-0.184,1.254,-2.457,1.301,1.906,0.064,0.112,1.051,1.365,3,NULL,NULL,,2,0,2,7,255,1125,250,0,0
pre_stim,24913,24913,0,24913,3222224.454,0.872,-0.010,-0.006,0.489,0,0,2875,0,3091,1571,2959,2979,53,1.203,1,2058,0,123.816,2.709,-2.000,-123.375,10.250,-0.211,-0.090,1.281,-2.457,1.141,2.594,0.056,0.120,1.051,1.365,3,NULL,NULL,,2,0,2,7,255,1125,250,0,0
pre_stim,24913,24913,0,24913,3222229.455,0.873,-0.007,-0.002,0.488,0,0,2861,0,3099,1359,2983,2981,53,1.203,1,2058,0,129.190,1.925,-6.375,-128.688,9.438,-0.215,-0.012,1.242,-1.551,1.141,2.594,0.050,0.130,1.051,1.365,3,NULL,NULL,,2,0,2,7,255,1125,250,0,0
pre_stim,24913,24913,0,24913,3222234.453,0.873,-0.004,0.003,0.488,0,0,2848,0,3103,1157,2988,2959,53,1.203,1,2058,0,135.630,1.820,-5.625,-135.125,10.250,-0.172,0.000,1.219,-1.020,1.508,2.402,0.042,0.140,1.051,1.365,3,NULL,NULL,,2,0,2,7,255,1125,250,0,0
pre_stim,24913,24913,0,24913,3222239.455,0.873,-0.001,0.008,0.487,0,0,2833,0,3108,937,2991,2963,53,1.203,1,2058,0,140.719,1.757,-9.563,-140.125,8.688,-0.141,-0.027,1.176,-0.902,1.508,2.117,0.032,0.150,1.051,1.365,3,NULL,NULL,,2,0,2,7,255,1125,250,0,0
pre_stim,24913,24913,0,24913,3222244.454,0.874,0.003,0.014,0.487,0,0,2808,0,3101,703,2991,2935,53,1.203,1,2058,0,149.138,1.532,0.250,-148.250,16.250,-0.180,-0.121,1.125,-0.902,1.238,1.688,0.024,0.160,1.051,1.365,3,NULL,NULL,,2,0,2,7,255,1125,250,0,0
pre_stim,24913,24913,0,24913,3222249.455,0.874,0.005,0.020,0.486,0,0,2781,0,3102,525,3000,2919,53,1.203,1,2058,0,155.356,2.074,12.188,-154.563,9.875,-0.188,-0.070,1.172,-1.664,1.238,1.609,0.014,0.170,1.051,1.365,3,NULL,NULL,,2,0,2,7,255,1125,250,0,0
pre_stim,24946,24946,0,24946,3222254.454,0.874,0.008,0.026,0.485,0,0,2743,0,3103,382,3005,2901,53,1.203,1,2058,0,164.334,2.418,17.063,-163.000,12.063,-0.203,-0.059,1.262,-1.758,1.660,1.609,0.006,0.180,1.051,1.365,3,NULL,NULL,,2,0,2,7,255,1125,250,0,0
pre_stim,24946,24946,0,24946,3222259.455,0.874,0.011,0.033,0.485,0,0,2700,0,3107,192,3015,2879,53,1.203,1,2058,0,174.525,2.602,23.375,-172.688,9.563,-0.141,0.109,1.355,-1.664,2.000,2.461,0.006,0.192,1.051,1.365,3,NULL,NULL,,2,0,2,7,255,1125,250,0,0
pre_stim,24946,24946,0,24946,3222264.453,0.874,0.014,0.040,0.484,0,0,2639,0,3112,101,3021,2857,53,1.203,1,2058,0,179.794,2.554,12.750,-179.125,8.813,-0.148,0.184,1.352,-0.191,2.547,3.246,0.016,0.204,1.051,1.365,3,NULL,NULL,,2,0,2,7,255,1125,250,0,0
pre_stim,24946,24946,0,24946,3222269.455,0.874,0.017,0.047,0.483,0,0,2583,0,3116,37,3033,2830,53,1.203,1,2058,0,190.893,3.143,20.625,-189.313,13.250,-0.176,0.211,1.422,0.203,3.137,3.344,0.028,0.218,1.051,1.365,3,NULL,NULL,,2,0,2,7,255,1125,250,0,0
pre_stim,24946,24946,0,24946,3222274.454,0.874,0.020,0.055,0.482,0,0,2511,0,3101,0,3021,2786,53,1.203,1,2058,0,201.164,3.745,21.125,-199.688,12.063,-0.184,0.277,1.621,0.277,3.734,3.875,0.040,0.232,1.051,1.365,3,NULL,NULL,,2,0,2,7,255,1125,250,0,0
pre_stim,24946,24946,0,24946,3222279.455,0.874,0.024,0.063,0.481,0,0,2422,0,3111,0,3029,2742,53,1.203,1,2058,0,211.175,4.555,1.438,-210.500,16.813,-0.230,0.258,1.754,0.203,4.551,5.723,0.054,0.248,1.051,1.365,3,NULL,NULL,,2,0,2,7,255,1125,250,0,0
pre_stim,24979,24979,0,24979,3222284.453,0.874,0.029,0.072,0.480,0,0,2335,0,3093,0,3019,2696,53,1.203,1,2058,0,222.643,5.230,-8.563,-221.938,15.500,-0.316,0.285,1.957,-0.199,5.227,6.887,0.070,0.268,1.051,1.365,3,NULL,NULL,,2,0,2,7,255,1125,250,0,0
pre_stim,24979,24979,0,24979,3222289.455,0.874,0.036,0.080,0.479,0,0,2190,0,3087,0,3005,2621,53,1.203,1,2058,0,241.797,6.691,-28.188,-239.250,20.750,-0.445,0.316,2.125,-0.715,6.652,8.641,0.090,0.292,1.051,1.365,3,NULL,NULL,,2,0,2,7,255,1125,250,0,0
pre_stim,24979,24979,0,24979,3222294.454,0.873,0.043,0.089,0.477,0,0,2011,0,3068,0,2995,2543,53,1.203,1,2058,0,262.305,8.490,-38.688,-258.625,20.500,-0.504,0.453,2.242,-0.871,8.445,9.906,0.118,0.322,1.051,1.365,3,NULL,NULL,,2,0,2,7,255,1125,250,0,0
pre_stim,24979,24979,0,24979,3222299.455,0.873,0.051,0.099,0.476,0,0,1853,0,3055,0,2981,2464,53,1.203,1,2058,0,290.180,10.287,-56.188,-283.375,27.313,-0.473,0.629,2.336,-0.871,10.250,10.695,0.150,0.356,1.051,1.365,3,NULL,NULL,,2,0,2,7,255,1125,250,0,0
pre_stim,25012,25012,0,25012,3222304.453,0.872,0.060,0.108,0.474,0,0,1659,0,3047,19,2952,2366,53,1.203,1,2058,0,315.407,11.582,-84.688,-302.438,29.000,-0.480,0.703,2.379,0.426,11.574,11.367,0.188,0.396,1.051,1.365,3,NULL,NULL,,2,0,2,7,255,1125,250,0,0
pre_stim,25012,25012,0,25012,3222309.455,0.871,0.071,0.118,0.472,0,0,1571,0,3017,37,2922,2237,53,1.203,1,2058,0,341.558,12.695,-104.250,-323.563,33.188,-0.555,0.695,2.422,0.426,12.688,11.367,0.234,0.444,1.051,1.365,3,NULL,NULL,,2,0,2,7,255,1125,250,0,0
pre_stim,25012,25012,0,25012,3222314.455,0.869,0.083,0.128,0.470,0,0,1477,0,2985,41,2887,2109,53,1.203,1,2058,0,367.200,13.950,-128.750,-342.938,25.563,-0.680,0.730,2.473,0.113,13.949,11.254,0.284,0.496,1.051,1.365,3,NULL,NULL,,2,0,2,7,255,1125,250,0,0
pre_stim,25012,25012,0,25012,3222319.455,0.867,0.096,0.139,0.468,0,0,1400,0,2952,40,2841,1977,53,1.203,1,2058,0,389.470,15.899,-144.563,-361.500,10.313,-0.723,0.848,2.551,0.113,15.898,10.875,0.342,0.554,1.051,1.365,3,NULL,NULL,,2,0,2,7,255,1125,250,0,0
pre_stim,25012,25012,0,25012,3222324.453,0.864,0.110,0.150,0.468,0,0,1340,0,2899,31,2771,1845,53,1.203,1,2058,0,411.249,17.778,-157.750,-379.625,-11.188,-0.672,0.805,2.590,-0.121,17.777,10.836,0.402,0.616,1.051,1.365,3,NULL,NULL,,2,0,2,7,255,1125,250,0,0
pre_stim,25012,25012,0,25012,3222329.455,0.860,0.124,0.162,0.467,0,0,1251,0,2838,18,2679,1725,53,1.203,1,2058,0,431.154,17.778,-152.250,-402.750,-22.500,-0.676,0.508,2.684,-0.121,17.777,10.836,0.470,0.684,1.051,1.365,3,NULL,NULL,,2,0,2,7,255,1125,250,0,0
pre_stim,25033,25033,0,25033,3222334.453,0.856,0.139,0.175,0.466,0,0,1129,0,2776,0,2543,1604,53,1.203,1,2058,0,462.498,18.220,-171.938,-429.250,-9.313,-0.809,0.465,2.621,-2.848,17.996,10.785,0.544,0.760,1.051,1.365,3,NULL,NULL,,2,0,2,7,255,1125,250,0,0
pre_stim,25033,25033,0,25033,3222339.455,0.852,0.154,0.188,0.464,0,0,1001,0,2669,0,2377,1445,53,1.203,1,2058,0,473.029,19.331,-167.563,-441.938,-19.250,-0.898,0.488,2.609,-3.883,18.938,9.387,0.626,0.844,1.051,1.365,3,NULL,NULL,,2,0,2,7,255,1125,250,0,0
pre_stim,25033,25033,0,25033,3222344.454,0.846,0.168,0.202,0.464,0,0,830,0,2532,0,2147,1316,53,1.203,1,2058,0,475.243,20.829,-138.875,-452.063,-47.000,-0.824,0.281,2.777,-4.230,20.395,9.207,0.714,0.936,1.051,1.365,3,NULL,NULL,,2,0,2,7,255,1125,250,0,0
pre_stim,25033,25033,0,25033,3222349.455,0.840,0.182,0.217,0.463,0,0,659,0,2386,0,1875,1140,53,1.203,1,2058,0,485.201,21.264,-132.813,-462.625,-61.313,-0.633,-0.004,2.965,-6.020,20.395,9.207,0.810,1.034,1.051,1.365,3,NULL,NULL,,2,0,2,7,255,1125,250,0,0
pre_stim,25033,25033,0,25033,3222354.453,0.834,0.198,0.231,0.461,0,0,490,0,2159,0,1575,983,53,1.203,1,2058,0,508.257,20.995,-164.188,-480.188,-28.063,-0.523,-0.305,2.727,-7.984,19.418,9.375,0.910,1.136,1.051,1.365,3,NULL,NULL,,2,0,2,7,255,1125,250,0,0
pre_stim,25033,25033,0,25033,3222359.455,0.827,0.215,0.245,0.458,0,0,299,0,1883,0,1215,851,53,1.203,1,2058,0,532.504,19.278,-195.313,-495.250,11.875,-0.375,-0.457,2.035,-9.285,16.895,9.375,1.010,1.240,1.051,1.365,3,NULL,NULL,,2,0,2,7,255,1125,250,0,0
pre_stim,25033,25033,0,25033,3222364.454,0.821,0.231,0.260,0.454,0,0,156,0,1547,0,765,711,53,1.203,1,2058,0,530.361,15.256,-155.750,-506.875,10.125,-0.289,-0.543,1.379,-9.285,12.105,4.293,1.104,1.338,1.051,1.365,3,NULL,NULL,,2,0,2,7,255,1125,250,0,0
pre_stim,25033,25033,0,25033,3222369.455,0.815,0.244,0.276,0.447,0,0,71,0,1194,0,237,530,53,1.203,1,2058,0,521.283,11.746,-70.250,-515.563,31.563,-0.281,-0.285,1.195,-8.586,8.016,-0.531,1.190,1.426,1.051,1.365,3,NULL,NULL,,2,0,2,7,255,1125,250,0,0
pre_stim,25062,25062,0,25062,3222374.454,0.810,0.255,0.294,0.440,0,0,29,0,843,0,7,475,53,1.203,1,2058,0,512.171,10.095,-7.125,-510.063,45.875,-0.328,0.266,1.574,-6.137,8.016,-1.816,1.266,1.506,1.051,1.365,3,NULL,NULL,,2,0,2,7,255,1125,250,0,0
pre_stim,25062,25062,0,25062,3222379.455,0.805,0.266,0.310,0.430,0,0,21,0,397,0,0,355,53,1.203,1,2058,0,515.929,14.084,-5.000,-508.875,84.875,-0.625,0.430,2.004,-3.906,13.531,-2.051,1.336,1.580,1.051,1.365,3,NULL,NULL,,2,0,2,7,255,1125,250,0,0
pre_stim,25062,25062,0,25062,3222384.453,0.800,0.281,0.325,0.419,0,0,5,0,23,0,0,259,53,1.203,1,2058,0,547.410,19.478,-75.250,-517.875,160.625,-1.035,0.473,1.844,-3.906,19.082,-2.051,1.410,1.656,1.051,1.365,3,NULL,NULL,,2,0,2,7,255,1125,250,0,0
pre_stim,25062,25062,0,25062,3222389.455,0.795,0.297,0.338,0.408,0,0,0,0,0,0,0,148,53,1.203,1,2058,0,565.874,19.708,-115.063,-525.188,176.500,-1.277,0.539,1.461,-4.926,19.082,-7.070,1.494,1.744,1.051,1.365,4,NULL,NULL,,2,0,2,7,255,1125,250,0,0
pre_stim,25062,25062,0,25062,3222394.454,0.788,0.312,0.351,0.398,0,0,0,0,0,0,0,77,53,1.203,1,2058,0,538.572,19.575,-133.000,-506.375,126.313,-0.980,0.938,1.086,-4.926,18.945,-12.266,1.590,1.842,1.051,1.365,0,NULL,NULL,,2,0,2,7,255,1125,250,0,0
pre_stim,25062,25062,0,25062,3222399.455,0.780,0.326,0.364,0.391,0,0,0,0,0,0,0,69,53,1.203,1,2058,0,492.491,16.492,-138.000,-467.063,73.188,-0.594,1.195,0.984,0.621,16.480,-12.449,1.690,1.946,1.051,1.365,0,NULL,NULL,,2,0,2,7,255,1125,250,0,0
pre_stim,25116,25116,0,25116,3222404.453,0.773,0.341,0.373,0.384,0,0,0,0,0,0,0,109,53,1.203,1,2058,0,455.803,15.962,-186.000,-407.063,86.375,-0.289,1.156,0.914,4.703,15.254,-12.449,1.792,2.048,1.051,1.365,0,NULL,NULL,,2,0,2,7,255,1125,250,0,0
pre_stim,25116,25116,0,25116,3222409.455,0.765,0.356,0.378,0.380,0,0,0,0,0,0,0,120,53,1.203,1,2058,0,408.299,14.196,-226.063,-330.000,81.875,-0.023,0.543,0.805,4.703,13.395,-10.770,1.888,2.148,1.051,1.365,0,NULL,NULL,,2,0,2,7,255,1125,250,0,0
pre_stim,25116,25116,0,25116,3222414.455,0.761,0.366,0.382,0.376,0,0,0,0,0,0,0,157,53,1.203,1,2058,0,284.454,9.226,-151.938,-229.563,71.625,-0.215,-0.168,0.863,2.164,8.969,-7.895,1.980,2.240,1.051,1.365,0,NULL,NULL,,2,0,2,7,255,1125,250,0,0
pre_stim,25116,25116,0,25116,3222419.455,0.758,0.373,0.384,0.373,0,0,0,0,0,0,0,171,53,1.203,1,2058,0,194.925,10.156,-97.000,-151.500,75.063,-0.637,-0.168,1.492,-4.766,8.969,-7.895,2.060,2.324,1.051,1.365,0,NULL,NULL,,2,0,2,7,255,1125,250,0,0
pre_stim,25116,25116,0,25116,3222424.453,0.755,0.380,0.383,0.374,0,0,0,0,0,0,0,169,53,1.203,1,2058,0,180.229,15.059,-167.375,-59.188,31.063,-0.793,0.160,1.645,-6.371,13.645,-8.582,2.134,2.400,1.051,1.365,0,NULL,NULL,,2,0,2,7,255,1125,250,0,0
pre_stim,25116,25116,0,25116,3222429.455,0.751,0.388,0.377,0.379,0,0,0,0,0,0,0,143,53,1.203,1,2058,0,267.797,15.059,-265.313,36.063,4.875,-0.598,0.320,0.855,-6.371,13.645,-10.367,2.204,2.472,1.051,1.365,0,NULL,NULL,,2,0,2,7,255,1125,250,0,0
pre_stim,25116,25116,0,25116,3222434.453,0.749,0.395,0.369,0.384,0,0,0,0,0,0,0,109,53,1.203,1,2058,0,292.399,10.324,-267.625,114.563,27.375,-0.492,0.621,0.008,-1.918,10.145,-12.414,2.266,2.538,1.051,1.365,0,NULL,NULL,,2,0,2,7,255,1125,250,0,0
pre_stim,25116,25116,0,25116,3222439.455,0.749,0.399,0.360,0.389,0,0,0,0,0,0,0,87,53,1.203,1,2058,0,248.412,4.747,-173.875,172.063,43.250,-0.668,0.707,-0.359,3.105,3.590,-15.879,2.316,2.588,1.051,1.365,0,NULL,NULL,,2,0,2,7,255,1125,250,0,0
pre_stim,25116,25116,0,25116,3222444.454,0.751,0.398,0.351,0.393,0,0,0,0,0,0,0,74,53,1.203,1,2058,0,222.054,4.747,-71.125,208.750,25.938,-0.836,0.438,0.012,3.105,3.590,-18.086,2.348,2.622,1.051,1.365,0,NULL,NULL,,2,0,2,7,255,1125,250,0,0
pre_stim,25116,25116,0,25116,3222449.455,0.754,0.395,0.343,0.398,0,0,0,0,0,0,0,71,53,1.203,1,2058,0,240.650,4.086,-52.375,234.875,1.688,-0.754,0.133,0.457,-0.027,4.086,-18.086,2.366,2.642,1.051,1.365,0,NULL,NULL,,2,0,2,7,255,1125,250,0,0
pre_stim,25137,25137,0,25137,3222454.453,0.756,0.394,0.333,0.403,0,0,0,0,0,0,0,71,53,1.203,1,2058,0,266.315,6.290,-86.375,251.875,4.688,-0.547,0.059,0.430,-2.695,5.684,-14.395,2.376,2.656,1.051,1.365,0,NULL,NULL,,2,0,2,7,255,1125,250,0,0
pre_stim,25137,25137,0,25137,3222459.455,0.758,0.393,0.322,0.409,0,0,0,0,0,0,0,69,53,1.203,1,2058,0,281.409,6.290,-100.875,260.813,31.500,-0.441,0.184,0.063,-2.695,5.684,-13.660,2.388,2.670,1.051,1.365,0,NULL,NULL,,2,0,2,7,255,1125,250,0,0
pre_stim,25137,25137,0,25137,3222464.454,0.762,0.391,0.311,0.413,0,0,0,0,0,0,0,63,53,1.203,1,2058,0,278.439,2.726,-71.750,263.938,52.125,-0.492,0.328,-0.234,-0.594,2.660,-13.660,2.398,2.684,1.051,1.365,0,NULL,NULL,,2,0,2,7,255,1125,250,0,0
pre_stim,25137,25137,0,25137,3222469.455,0.766,0.387,0.301,0.416,0,0,0,0,0,0,0,62,53,1.203,1,2058,0,271.931,1.141,-25.563,265.563,52.625,-0.531,0.348,-0.277,0.750,0.859,-15.922,2.410,2.696,1.051,1.365,0,NULL,NULL,,2,0,2,7,255,1125,250,0,0
pre_stim,25160,25160,0,25160,3222474.454,0.770,0.383,0.292,0.419,0,0,0,0,0,0,0,57,53,1.203,1,2058,0,271.916,1.141,7.750,267.375,48.875,-0.469,0.289,-0.164,0.750,0.859,-15.922,2.416,2.706,1.051,1.365,0,NULL,NULL,,2,0,2,7,255,1125,250,0,0
pre_stim,25160,25160,0,25160,3222479.455,0.775,0.378,0.282,0.422,0,0,0,0,0,0,0,55,53,1.203,1,2058,0,276.055,1.485,24.813,269.188,55.938,-0.398,0.258,-0.066,0.340,1.445,-15.234,2.424,2.716,1.051,1.365,0,NULL,NULL,,2,0,2,7,255,1125,250,0,0
pre_stim,25160,25160,0,25160,3222484.453,0.780,0.372,0.273,0.424,0,0,0,0,0,0,0,51,53,1.203,1,2058,0,280.632,2.003,38.188,269.750,67.313,-0.410,0.270,-0.004,0.270,1.984,-14.043,2.434,2.726,1.051,1.365,0,NULL,NULL,,2,0,2,7,255,1125,250,0,0
pre_stim,25160,25160,0,25160,3222489.455,0.785,0.366,0.263,0.425,0,0,0,0,0,0,0,43,53,1.203,1,2058,0,283.713,2.654,55.438,269.000,71.125,-0.469,0.266,0.074,0.219,2.645,-13.793,2.444,2.742,1.051,1.365,0,NULL,NULL,,2,0,2,7,255,1125,250,0,0
pre_stim,25183,25183,0,25183,3222494.454,0.790,0.359,0.254,0.427,0,0,0,0,0,0,0,43,53,1.203,1,2058,0,284.867,3.630,71.375,267.813,65.813,-0.496,0.230,0.203,-0.195,3.625,-13.684,2.460,2.758,1.051,1.365,0,NULL,NULL,,2,0,2,7,255,1125,250,0,0
pre_stim,25183,25183,0,25183,3222499.455,0.795,0.352,0.246,0.428,0,0,0,0,0,0,0,40,53,1.203,1,2058,0,285.096,4.759,80.000,267.438,57.938,-0.480,0.188,0.348,-0.727,4.703,-12.902,2.476,2.778,1.051,1.365,0,NULL,NULL,,2,0,2,7,255,1125,250,0,0
pre_stim,25213,25213,0,25213,3222504.453,0.800,0.344,0.237,0.430,0,0,0,0,0,0,0,50,53,1.203,1,2058,0,285.299,5.785,81.938,268.250,52.188,-0.465,0.180,0.488,-1.141,5.672,-11.629,2.498,2.802,1.051,1.365,0,NULL,NULL,,2,0,2,7,255,1125,250,0,0
pre_stim,25213,25213,0,25213,3222509.455,0.805,0.337,0.229,0.432,0,0,0,0,0,0,0,61,53,1.203,1,2058,0,286.004,6.738,79.750,270.813,45.813,-0.465,0.207,0.605,-1.141,6.641,-10.492,2.522,2.830,1.051,1.365,0,NULL,NULL,,2,0,2,7,255,1125,250,0,0
pre_stim,25213,25213,0,25213,3222514.454,0.809,0.329,0.220,0.434,0,0,0,0,0,0,0,57,53,1.203,1,2058,0,288.333,7.684,75.438,276.000,35.625,-0.461,0.223,0.688,-1.043,7.613,-9.652,2.552,2.862,1.051,1.365,0,NULL,NULL,,2,0,2,7,255,1125,250,0,0
pre_stim,25213,25213,0,25213,3222519.455,0.813,0.321,0.211,0.437,0,0,0,0,0,0,0,46,53,1.203,1,2058,0,293.259,8.317,70.625,283.625,23.875,-0.449,0.207,0.750,-0.957,8.262,-8.945,2.586,2.896,1.051,1.365,0,NULL,NULL,,2,0,2,7,255,1125,250,0,0
pre_stim,25213,25213,0,25213,3222524.453,0.817,0.314,0.202,0.441,0,0,0,0,0,0,0,45,53,1.203,1,2058,0,300.920,8.608,66.063,293.313,12.500,-0.441,0.191,0.805,-0.957,8.555,-8.199,2.622,2.936,1.051,1.365,0,NULL,NULL,,2,0,2,7,255,1125,250,0,0
pre_stim,25213,25213,0,25213,3222529.455,0.820,0.305,0.192,0.444,0,0,0,0,0,0,0,45,53,1.203,1,2058,0,310.612,8.841,60.688,304.625,0.500,-0.438,0.188,0.855,-0.957,8.789,-7.480,2.660,2.976,1.051,1.365,0,NULL,NULL,,2,0,2,7,255,1125,250,0,0
pre_stim,25213,25213,0,25213,3222534.453,0.823,0.297,0.182,0.449,0,0,0,0,0,0,0,43,53,1.203,1,2058,0,321.659,9.046,54.625,316.750,-12.250,-0.426,0.191,0.875,-0.949,8.996,-6.863,2.700,3.020,1.051,1.365,0,NULL,NULL,,2,0,2,7,255,1125,250,0,0
pre_stim,25213,25213,0,25213,3222539.455,0.825,0.289,0.172,0.454,0,0,0,0,0,0,0,45,53,1.203,1,2058,0,333.727,9.029,50.563,329.000,-24.000,-0.395,0.188,0.855,-0.770,8.996,-6.422,2.744,3.064,1.051,1.365,0,NULL,NULL,,2,0,2,7,255,1125,250,0,0
pre_stim,25213,25213,0,25213,3222544.454,0.827,0.280,0.161,0.459,0,0,0,0,0,0,0,44,53,1.203,1,2058,0,345.884,8.599,51.188,340.438,-33.438,-0.348,0.188,0.824,-0.535,8.582,-6.129,2.788,3.110,1.051,1.365,0,NULL,NULL,,2,0,2,7,255,1125,250,0,0
pre_stim,25213,25213,0,25213,3222549.455,0.829,0.270,0.151,0.465,0,0,0,0,0,0,0,50,53,1.203,1,2058,0,357.185,7.998,55.125,350.375,-42.188,-0.246,0.203,0.797,-0.184,7.996,-5.883,2.830,3.156,1.051,1.365,0,NULL,NULL,,2,0,2,7,255,1125,250,0,0
pre_stim,25245,25245,0,25245,3222554.453,0.831,0.260,0.139,0.471,0,0,0,0,0,0,0,51,53,1.203,1,2058,0,367.857,7.140,59.875,359.688,-48.563,-0.078,0.148,0.719,0.570,7.117,-5.441,2.872,3.200,1.051,1.365,0,NULL,NULL,,2,0,2,7,255,1125,250,0,0
pre_stim,25245,25245,0,25245,3222559.455,0.833,0.250,0.128,0.477,0,0,0,0,0,0,0,51,53,1.203,1,2058,0,374.171,5.204,73.188,364.688,-40.625,-0.004,0.082,0.617,0.883,5.129,-5.027,2.910,3.240,1.051,1.365,0,NULL,NULL,,2,0,2,7,255,1125,250,0,0
pre_stim,25245,25245,0,25245,3222564.454,0.835,0.239,0.118,0.481,0,0,0,0,0,0,0,53,53,1.203,1,2058,0,378.630,3.969,96.313,365.000,-29.313,-0.020,0.145,0.621,1.035,3.832,-5.027,2.944,3.276,1.051,1.365,0,NULL,NULL,,2,0,2,7,255,1125,250,0,0
pre_stim,25245,25245,0,25245,3222569.455,0.837,0.226,0.107,0.486,0,0,0,0,0,0,0,55,53,1.203,1,2058,0,382.571,4.077,119.750,362.438,-25.688,-0.027,0.168,0.715,1.391,3.832,-5.027,2.972,3.308,1.051,1.365,0,NULL,NULL,,2,0,2,7,255,1125,250,0,0
pre_stim,25245,25245,0,25245,3222574.454,0.840,0.214,0.097,0.490,0,0,0,0,0,0,0,61,53,1.203,1,2058,0,384.001,4.590,137.875,357.750,-21.500,0.020,0.160,0.844,1.656,4.281,-4.348,2.998,3.336,1.051,1.365,0,NULL,NULL,,2,0,2,7,255,1125,250,0,0
pre_stim,25245,25245,0,25245,3222579.455,0.842,0.200,0.088,0.493,0,0,0,0,0,0,0,71,53,1.203,1,2058,0,382.993,4.714,149.000,352.625,-11.750,0.070,0.199,0.945,1.973,4.281,-2.922,3.022,3.362,1.051,1.365,0,NULL,NULL,,2,0,2,7,255,1125,250,0,0
pre_stim,25278,25278,0,25278,3222584.453,0.844,0.187,0.079,0.496,0,0,0,0,0,0,0,67,53,1.203,1,2058,0,381.586,5.013,159.000,346.875,2.125,0.082,0.215,1.004,2.641,4.262,-1.824,3.046,3.388,1.051,1.365,0,NULL,NULL,,2,0,2,7,255,1125,250,0,0
pre_stim,25278,25278,0,25278,3222589.455,0.847,0.173,0.070,0.498,0,0,0,0,0,0,0,68,53,1.203,1,2058,0,382.765,5.108,171.375,342.000,13.250,0.043,0.219,1.059,2.816,4.262,-1.168,3.068,3.412,1.051,1.365,0,NULL,NULL,,2,0,2,7,255,1125,250,0,0
pre_stim,25278,25278,0,25278,3222594.454,0.849,0.159,0.061,0.500,0,0,0,0,0,0,0,72,53,1.203,1,2058,0,386.301,5.226,188.000,336.875,20.000,-0.012,0.215,1.168,2.816,4.402,-0.652,3.088,3.434,1.051,1.365,0,NULL,NULL,,2,0,2,7,255,1125,250,0,0
pre_stim,25278,25278,0,25278,3222599.455,0.852,0.145,0.053,0.501,0,0,0,0,0,0,0,63,53,1.203,1,2058,0,387.624,5.554,195.500,334.125,19.813,-0.043,0.215,1.340,2.617,4.898,0.359,3.108,3.456,1.051,1.365,0,NULL,NULL,,2,0,2,7,255,1125,250,0,0
pre_stim,25310,25310,0,25310,3222604.453,0.854,0.130,0.045,0.502,0,0,0,0,0,0,0,69,53,1.203,1,2058,0,385.305,5.938,192.875,333.000,19.250,-0.059,0.207,1.484,2.605,5.336,2.066,3.128,3.478,1.051,1.365,0,NULL,NULL,,2,0,2,7,255,1125,250,0,0
pre_stim,25310,25310,0,25310,3222609.455,0.856,0.116,0.036,0.503,0,0,0,0,0,0,0,61,53,1.203,1,2058,0,381.264,6.012,185.688,332.250,22.188,-0.086,0.211,1.605,2.590,5.426,3.566,3.150,3.500,1.051,1.365,0,NULL,NULL,,2,0,2,7,255,1125,250,0,0
pre_stim,25310,25310,0,25310,3222614.454,0.857,0.102,0.028,0.504,0,0,0,0,0,0,0,67,53,1.203,1,2058,0,377.733,6.087,178.938,331.813,23.750,-0.141,0.219,1.738,2.582,5.512,4.816,3.170,3.524,1.051,1.365,0,NULL,NULL,,2,0,2,7,255,1125,250,0,0
pre_stim,25310,25310,0,25310,3222619.455,0.858,0.088,0.019,0.505,0,0,0,0,0,0,0,68,53,1.203,1,2058,0,372.123,6.361,166.563,332.250,18.500,-0.195,0.242,1.859,2.566,5.820,6.160,3.192,3.548,1.051,1.365,0,NULL,NULL,,2,0,2,7,255,1125,250,0,0
pre_stim,25310,25310,0,25310,3222624.454,0.859,0.075,0.010,0.506,0,0,0,0,0,0,0,71,53,1.203,1,2058,0,364.560,6.352,149.500,332.313,11.063,-0.211,0.234,1.949,2.543,5.820,7.430,3.216,3.572,1.051,1.365,0,NULL,NULL,,2,0,2,7,255,1125,250,0,0
pre_stim,25310,25310,0,25310,3222629.455,0.859,0.063,0.000,0.507,0,0,0,0,0,0,0,74,53,1.203,1,2058,0,356.244,6.277,129.688,331.750,5.750,-0.203,0.203,1.953,2.543,5.738,8.457,3.238,3.598,1.051,1.365,0,NULL,NULL,,2,0,2,7,255,1125,250,0,0
pre_stim,25333,25333,0,25333,3222634.453,0.860,0.052,-0.009,0.508,0,0,0,0,0,0,0,77,53,1.203,1,2058,0,350.240,5.519,116.438,330.313,2.000,-0.199,0.148,1.906,2.410,4.965,8.457,3.264,3.626,1.051,1.365,0,NULL,NULL,,2,0,2,7,255,1125,250,0,0
pre_stim,25333,25333,0,25333,3222639.457,0.859,0.040,-0.019,0.510,0,0,0,0,0,0,0,77,53,1.203,1,2058,0,346.465,4.573,112.313,327.750,-1.875,-0.195,0.105,1.863,2.039,4.094,8.445,3.288,3.652,1.051,1.365,0,NULL,NULL,,2,0,2,7,255,1125,250,0,0
pre_stim,25333,25333,0,25333,3222644.454,0.859,0.028,-0.029,0.511,0,0,0,0,0,0,0,79,53,1.203,1,2058,0,344.163,3.704,114.063,324.625,-7.500,-0.180,0.094,1.848,1.777,3.250,8.199,3.310,3.676,1.051,1.365,0,NULL,NULL,,2,0,2,7,255,1125,250,0,0
pre_stim,25333,25333,0,25333,3222649.455,0.858,0.016,-0.038,0.512,0,0,0,0,0,0,0,79,53,1.203,1,2058,0,343.187,3.071,120.125,321.188,-13.625,-0.141,0.066,1.844,1.777,2.504,8.164,3.332,3.698,1.051,1.365,0,NULL,NULL,,2,0,2,7,255,1125,250,0,0
pre_stim,25333,25333,0,25333,3222654.454,0.857,0.004,-0.047,0.514,0,0,0,0,0,0,0,77,53,1.203,1,2058,0,343.760,2.323,129.250,318.063,-17.375,-0.094,-0.004,1.848,1.777,1.496,8.164,3.350,3.718,1.051,1.365,0,NULL,NULL,,2,0,2,7,255,1125,250,0,0
pre_stim,25333,25333,0,25333,3222659.455,0.855,-0.008,-0.055,0.515,0,0,0,0,0,0,0,77,53,1.203,1,2058,0,345.789,1.516,140.750,315.313,-18.375,-0.059,-0.074,1.840,1.496,0.246,8.195,3.364,3.736,1.051,1.365,0,NULL,NULL,,2,0,2,7,255,1125,250,0,0
pre_stim,25333,25333,0,25333,3222664.453,0.854,-0.021,-0.063,0.516,0,0,0,0,0,0,0,77,53,1.203,1,2058,0,350.967,1.435,157.563,313.000,-19.563,-0.008,-0.105,1.816,1.086,-0.938,8.195,3.374,3.748,1.051,1.365,0,NULL,NULL,,2,0,2,7,255,1125,250,0,0
pre_stim,25333,25333,0,25333,3222669.455,0.852,-0.034,-0.071,0.518,0,0,0,0,0,0,0,77,53,1.203,1,2058,0,360.850,2.282,182.563,310.500,-21.750,0.070,-0.156,1.824,1.008,-2.047,7.898,3.380,3.756,1.051,1.365,0,NULL,NULL,,2,0,2,7,255,1125,250,0,0
pre_stim,25363,25363,0,25363,3222674.454,0.850,-0.049,-0.077,0.519,0,0,0,0,0,0,0,87,53,1.203,1,2058,0,374.690,3.631,213.125,307.313,-23.000,0.199,-0.199,1.914,1.008,-3.488,7.898,3.380,3.756,1.051,1.365,0,NULL,NULL,,2,0,2,7,255,1125,250,0,0
pre_stim,25363,25363,0,25363,3222679.455,0.847,-0.065,-0.083,0.520,0,0,0,0,0,0,0,92,53,1.203,1,2058,0,391.186,5.582,242.750,305.750,-24.813,0.387,-0.184,2.066,1.078,-5.477,8.320,3.372,3.752,1.051,1.365,0,NULL,NULL,,2,0,2,7,255,1125,250,0,0
pre_stim,25363,25363,0,25363,3222684.453,0.845,-0.082,-0.089,0.522,0,0,0,0,0,0,0,90,53,1.203,1,2058,0,408.256,8.158,268.625,306.438,-24.688,0.598,-0.145,2.246,2.055,-7.895,9.199,3.358,3.740,1.051,1.365,0,NULL,NULL,,2,0,2,7,255,1125,250,0,0
pre_stim,25363,25363,0,25363,3222689.455,0.842,-0.099,-0.093,0.523,0,0,0,0,0,0,0,87,53,1.203,1,2058,0,422.755,11.058,288.938,308.000,-19.313,0.777,-0.125,2.441,3.262,-10.566,10.168,3.334,3.718,1.051,1.365,0,NULL,NULL,,2,0,2,7,255,1125,250,0,0
pre_stim,25363,25363,0,25363,3222694.454,0.838,-0.117,-0.098,0.523,0,0,0,0,0,0,0,89,53,1.203,1,2058,0,431.724,13.790,300.125,310.063,-13.125,0.914,-0.098,2.645,4.094,-13.168,11.250,3.298,3.684,1.051,1.365,0,NULL,NULL,,2,0,2,7,255,1125,250,0,0
pre_stim,25363,25363,0,25363,3222699.455,0.835,-0.135,-0.103,0.524,0,0,0,0,0,0,0,91,53,1.203,1,2058,0,435.512,16.264,302.813,312.875,-9.188,1.035,-0.051,2.805,4.750,-15.555,12.316,3.254,3.642,1.051,1.365,0,NULL,NULL,,2,0,2,7,255,1125,250,0,0
pre_stim,25416,25416,0,25416,3222704.453,0.831,-0.153,-0.107,0.524,0,0,0,0,0,0,0,89,53,1.203,1,2058,0,434.899,18.494,300.313,314.500,-6.250,1.133,-0.012,2.953,5.426,-17.680,12.965,3.198,3.588,1.051,1.365,0,NULL,NULL,,2,0,2,7,255,1125,250,0,0
pre_stim,25416,25416,0,25416,3222709.455,0.827,-0.171,-0.112,0.523,0,0,0,0,0,0,0,91,53,1.203,1,2058,0,426.557,20.569,287.125,315.375,-7.000,1.188,0.020,3.086,5.918,-19.699,13.445,3.132,3.524,1.051,1.365,0,NULL,NULL,,2,0,2,7,255,1125,250,0,0
pre_stim,25416,25416,0,25416,3222714.453,0.823,-0.187,-0.118,0.523,0,0,0,0,0,0,0,100,53,1.203,1,2058,0,406.921,22.209,260.250,312.688,-9.000,1.211,0.090,3.184,6.125,-21.348,13.816,3.054,3.448,1.051,1.365,0,NULL,NULL,,2,0,2,7,255,1125,250,0,0
pre_stim,25416,25416,0,25416,3222719.455,0.819,-0.202,-0.124,0.522,0,0,0,0,0,0,0,112,53,1.203,1,2058,0,379.895,23.459,225.188,305.563,-15.563,1.336,0.277,3.266,6.598,-22.512,13.828,2.966,3.360,1.051,1.365,0,NULL,NULL,,2,0,2,7,255,1125,250,0,0
pre_stim,25416,25416,0,25416,3222724.454,0.815,-0.215,-0.130,0.522,0,0,0,0,0,0,0,147,53,1.203,1,2058,0,347.945,25.414,181.750,295.500,-26.688,1.629,0.375,3.262,8.547,-23.934,13.828,2.870,3.266,1.051,1.365,0,NULL,NULL,,2,0,2,7,255,1125,250,0,0
pre_stim,25416,25416,0,25416,3222729.455,0.811,-0.226,-0.138,0.521,0,0,0,0,0,0,0,159,53,1.203,1,2058,0,310.074,28.560,128.188,281.125,-26.125,1.988,0.223,3.055,10.512,-26.555,12.023,2.766,3.164,1.051,1.365,0,NULL,NULL,,2,0,2,7,255,1125,250,0,0
pre_stim,25416,25416,0,25416,3222734.453,0.809,-0.234,-0.145,0.520,0,0,0,0,0,0,0,192,53,1.203,1,2058,0,274.511,31.313,78.875,262.875,-5.625,2.281,-0.074,2.625,10.512,-29.496,7.613,2.654,3.052,1.051,1.365,0,NULL,NULL,,2,0,2,7,255,1125,250,0,0
pre_stim,25416,25416,0,25416,3222739.455,0.807,-0.242,-0.153,0.517,0,0,0,0,0,0,0,233,53,1.203,1,2058,0,247.594,31.764,50.125,241.625,20.188,2.461,-0.313,2.066,9.121,-30.426,1.320,2.530,2.930,1.051,1.365,0,NULL,NULL,,2,0,2,7,255,1125,250,0,0
pre_stim,25416,25416,0,25416,3222744.454,0.806,-0.249,-0.159,0.514,0,0,0,0,0,0,0,249,53,1.203,1,2058,0,227.819,31.396,51.438,218.438,39.250,2.645,-0.469,1.547,7.746,-30.426,-5.340,2.400,2.798,1.051,1.365,0,NULL,NULL,,2,0,2,7,255,1125,250,0,0
pre_stim,25416,25416,0,25416,3222749.455,0.804,-0.256,-0.163,0.511,0,0,0,0,0,0,0,269,53,1.203,1,2058,0,216.762,30.375,76.688,195.625,53.250,2.898,-0.613,1.133,7.109,-29.531,-11.449,2.262,2.660,1.051,1.365,0,NULL,NULL,,2,0,2,7,255,1125,250,0,0
pre_stim,25437,25437,0,25437,3222754.454,0.803,-0.265,-0.166,0.507,0,0,0,0,0,0,0,298,53,1.203,1,2058,0,226.119,30.321,121.938,176.313,71.938,3.148,-0.781,0.836,6.875,-29.531,-16.945,2.122,2.518,1.051,1.365,0,NULL,NULL,,2,0,2,7,255,1125,250,0,0
pre_stim,25437,25437,0,25437,3222759.455,0.802,-0.275,-0.167,0.504,0,0,0,0,0,0,0,303,53,1.203,1,2058,0,241.427,30.754,165.625,150.625,90.375,3.344,-1.246,0.820,6.504,-30.059,-21.512,1.980,2.374,1.051,1.365,0,NULL,NULL,,2,0,2,7,255,1125,250,0,0
pre_stim,25437,25437,0,25437,3222764.453,0.801,-0.286,-0.166,0.499,0,0,0,0,0,0,0,311,53,1.203,1,2058,0,271.646,32.933,205.813,130.625,119.875,3.461,-1.582,0.832,3.430,-32.754,-24.258,1.836,2.228,1.051,1.365,0,NULL,NULL,,2,0,2,7,255,1125,250,0,0
pre_stim,25437,25437,0,25437,3222769.455,0.800,-0.298,-0.162,0.495,0,0,0,0,0,0,0,300,53,1.203,1,2058,0,311.785,34.530,251.375,106.188,150.813,3.422,-1.660,0.977,1.238,-34.508,-25.742,1.690,2.078,1.051,1.365,0,NULL,NULL,,2,0,2,7,255,1125,250,0,0
pre_stim,25460,25460,0,25460,3222774.454,0.800,-0.311,-0.157,0.490,0,0,0,0,0,0,0,295,53,1.203,1,2058,0,337.373,34.996,280.875,78.063,169.813,3.051,-1.516,1.477,0.750,-34.988,-25.742,1.540,1.926,1.051,1.365,0,NULL,NULL,,2,0,2,7,255,1125,250,0,0
pre_stim,25460,25460,0,25460,3222779.455,0.798,-0.322,-0.151,0.486,0,0,0,0,0,0,0,293,53,1.203,1,2058,0,304.896,35.118,267.688,49.500,137.313,2.742,-1.660,2.176,0.551,-35.113,-20.047,1.386,1.770,1.051,1.365,0,NULL,NULL,,2,0,2,7,255,1125,250,0,0
pre_stim,25460,25460,0,25460,3222784.453,0.797,-0.331,-0.145,0.484,0,0,0,0,0,0,0,291,53,1.203,1,2058,0,264.009,37.801,244.188,16.875,98.938,2.371,-1.629,2.609,-2.301,-37.730,-14.141,1.228,1.608,1.051,1.365,0,NULL,NULL,,2,0,2,7,255,1125,250,0,0
pre_stim,25460,25460,0,25460,3222789.455,0.797,-0.338,-0.139,0.481,0,0,0,0,0,0,0,293,53,1.203,1,2058,0,217.627,37.984,185.625,-20.750,111.688,2.727,-1.250,3.402,-2.301,-37.914,-9.320,1.064,1.440,1.051,1.365,0,NULL,NULL,,2,0,2,7,255,1125,250,0,0
pre_stim,25483,25483,0,25483,3222794.453,0.799,-0.341,-0.134,0.477,0,0,0,0,0,0,0,288,53,1.203,1,2058,0,188.363,39.656,82.625,-51.500,161.250,2.133,-0.816,3.523,0.086,-39.656,-4.328,0.890,1.262,1.051,1.365,0,NULL,NULL,,2,0,2,7,255,1125,250,0,0
pre_stim,25483,25483,0,25483,3222799.455,0.802,-0.341,-0.129,0.474,0,0,0,0,0,0,0,301,53,1.203,1,2058,0,129.578,39.656,8.063,-74.625,105.625,1.336,-0.559,2.992,0.086,-39.656,1.465,0.720,1.080,1.051,1.365,0,NULL,NULL,,2,0,2,7,255,1125,250,0,0
pre_stim,25515,25515,0,25515,3222804.454,0.803,-0.337,-0.126,0.475,0,0,0,101,0,0,0,384,53,1.203,1,2058,0,108.556,30.049,-41.125,-100.250,6.563,0.934,-0.277,3.297,-0.590,-30.043,2.977,0.564,0.904,1.051,1.365,0,NULL,NULL,,2,0,2,7,255,1125,250,0,0
pre_stim,25515,25515,0,25515,3222809.455,0.806,-0.339,-0.114,0.472,307,0,0,813,0,21,0,469,53,1.203,1,2058,0,307.433,30.049,129.688,-207.438,186.188,-0.035,0.098,5.469,-0.594,-30.043,8.664,0.428,0.734,1.051,1.365,0,NULL,NULL,,2,0,2,7,255,1125,250,0,0
pre_stim,25515,25515,0,25515,3222814.453,0.821,-0.325,-0.109,0.457,937,0,0,1357,0,237,0,491,53,1.203,1,2058,0,580.498,28.264,-344.438,-179.000,431.625,-0.934,2.578,5.555,-0.594,-28.258,31.395,0.334,0.572,1.051,1.365,0,NULL,NULL,,2,0,2,7,255,1125,250,0,0
pre_stim,25515,25515,0,25515,3222819.455,0.840,-0.290,-0.119,0.443,1515,0,0,1751,0,473,0,569,53,1.203,1,2058,0,1004.742,20.728,-949.500,-120.625,305.625,-1.406,3.301,1.398,10.566,-17.832,31.395,0.306,0.418,1.051,1.365,0,NULL,NULL,,2,0,2,7,255,1125,250,0,0
pre_stim,25515,25515,0,25515,3222824.454,0.853,-0.261,-0.127,0.433,1913,0,0,1937,0,557,0,606,53,1.203,1,2059,0,778.919,19.269,-746.625,-119.375,187.125,-2.453,2.461,-1.645,10.566,16.113,19.227,0.350,0.302,1.051,1.365,1,1140.000,15.000,,2,0,2,7,255,1125,250,0,0
pre_stim,25515,25515,0,25515,3222829.455,0.859,-0.246,-0.129,0.430,2137,0,0,2059,0,777,0,683,53,1.203,1,2059,0,385.835,28.964,-366.750,-111.625,43.625,-2.250,1.211,-1.473,4.805,28.563,-5.215,0.412,0.258,1.051,1.365,1,NULL,NULL,,2,0,2,7,255,1125,250,0,0
pre_stim,25515,25515,0,25515,3222834.454,0.859,-0.239,-0.127,0.434,2279,0,0,2136,0,919,0,760,53,1.203,1,2059,0,175.566,28.720,-100.500,-126.375,-68.938,-0.414,0.676,0.445,3.004,28.563,-5.215,0.438,0.290,1.051,1.365,1,NULL,NULL,,2,0,2,7,255,1125,250,0,0
pre_stim,25515,25515,0,25515,3222839.455,0.862,-0.233,-0.125,0.433,2407,0,0,2195,0,1077,0,825,53,1.203,1,2059,0,158.106,4.984,-108.938,-113.375,16.625,0.629,1.234,1.301,3.004,3.977,-2.500,0.438,0.332,1.051,1.365,1,NULL,NULL,,2,0,2,7,255,1125,250,0,0
pre_stim,25515,25515,0,25515,3222844.453,0.867,-0.224,-0.122,0.428,2527,0,0,2295,0,1233,0,892,53,1.203,1,2059,0,274.649,13.907,-200.250,-123.875,141.375,0.320,1.902,1.328,13.793,1.773,1.898,0.444,0.370,1.051,1.365,1,NULL,NULL,,2,0,2,7,255,1125,250,0,0
pre_stim,25515,25515,0,25515,3222849.455,0.873,-0.213,-0.121,0.422,2697,0,0,2516,0,1319,0,933,53,1.203,1,2059,0,324.630,13.907,-267.625,-123.000,136.500,-0.754,1.203,1.168,13.793,1.773,5.137,0.462,0.402,1.051,1.365,2,NULL,NULL,,2,0,2,7,255,1125,250,0,0
pre_stim,25544,25544,0,25544,3222854.454,0.878,-0.198,-0.121,0.419,2824,0,0,2671,0,1355,0,1002,53,1.203,1,2059,0,354.106,8.387,-316.438,-135.688,82.750,-1.730,-0.422,0.422,5.344,6.465,5.137,0.488,0.432,1.051,1.365,2,NULL,NULL,,2,0,2,7,255,1125,250,0,0
pre_stim,25544,25544,0,25544,3222859.455,0.882,-0.183,-0.120,0.417,2905,0,0,2787,0,1383,0,1143,53,1.203,1,2059,0,368.022,15.007,-322.625,-172.000,42.063,-1.703,-1.578,-0.211,-13.543,6.465,-0.547,0.514,0.460,1.051,1.365,2,NULL,NULL,,2,0,2,7,255,1125,250,0,0
pre_stim,25544,25544,0,25544,3222864.453,0.883,-0.173,-0.117,0.420,2974,0,0,2893,0,1417,0,1253,53,1.203,1,2059,0,253.809,16.848,-165.188,-170.750,-89.313,-0.980,-1.332,-0.391,-16.570,3.047,-8.613,0.526,0.482,1.051,1.365,2,NULL,NULL,,2,0,2,7,255,1125,250,0,0
pre_stim,25544,25544,0,25544,3222869.455,0.882,-0.170,-0.111,0.425,3019,0,0,2964,0,1431,0,1337,53,1.203,1,2059,0,200.299,16.574,8.500,-171.313,-103.438,0.141,-0.664,0.508,-16.570,0.348,-8.613,0.516,0.484,1.051,1.365,2,NULL,NULL,,2,0,2,7,255,1125,250,0,0
pre_stim,25544,25544,0,25544,3222874.454,0.881,-0.169,-0.104,0.429,3047,0,0,3017,0,1465,0,1390,53,1.203,1,2059,0,177.958,7.843,70.563,-150.813,-62.813,0.664,-0.621,1.773,-3.980,-6.758,-6.816,0.478,0.468,1.051,1.365,2,NULL,NULL,,2,0,2,7,255,1125,250,0,0
pre_stim,25544,25544,0,25544,3222879.455,0.882,-0.166,-0.099,0.429,3079,0,0,3059,0,1501,0,1401,53,1.203,1,2059,0,140.347,14.774,-20.000,-138.438,11.500,0.801,-0.727,2.164,0.160,-14.773,3.063,0.434,0.448,1.051,1.365,2,NULL,NULL,,2,0,2,7,255,1125,250,0,0
pre_stim,25578,25578,0,25578,3222884.454,0.886,-0.158,-0.097,0.426,3091,0,0,3103,0,1583,0,1415,53,1.203,1,2059,0,232.562,14.774,-167.063,-131.813,93.813,0.457,-0.824,1.715,0.160,-14.773,3.215,0.402,0.424,1.051,1.365,2,NULL,NULL,,2,0,2,7,255,1125,250,0,0
pre_stim,25578,25578,0,25578,3222889.455,0.890,-0.147,-0.095,0.420,3098,0,0,3127,0,1690,0,1447,53,1.203,1,2059,0,299.973,14.168,-228.875,-127.250,146.313,-0.117,-0.953,0.605,-2.586,-13.930,3.215,0.378,0.388,1.051,1.365,2,NULL,NULL,,2,0,2,7,255,1125,250,0,0
pre_stim,25578,25578,0,25578,3222894.453,0.895,-0.140,-0.092,0.414,3119,0,0,3149,0,1804,0,1493,53,1.203,1,2059,0,243.267,10.282,-147.938,-131.688,141.250,-0.652,-0.922,0.113,-7.625,-6.898,-5.289,0.366,0.342,1.051,1.365,2,NULL,NULL,,2,0,2,7,255,1125,250,0,0
pre_stim,25578,25578,0,25578,3222899.455,0.897,-0.136,-0.087,0.412,3117,0,0,3165,0,1895,0,1563,53,1.203,1,2059,0,160.100,7.890,-35.625,-136.438,75.813,-0.777,-0.430,0.672,-7.742,-1.520,-5.289,0.360,0.292,1.051,1.365,2,NULL,NULL,,2,0,2,7,255,1125,250,0,0
pre_stim,25611,25611,0,25611,3222904.454,0.897,-0.134,-0.082,0.412,3119,0,0,3187,0,1997,2,1623,53,1.203,1,2059,0,135.609,7.780,-5.688,-135.375,5.563,-0.426,0.305,1.285,-7.742,0.762,-2.098,0.360,0.246,1.051,1.365,2,NULL,NULL,,2,0,2,7,255,1125,250,0,0
pre_stim,25611,25611,0,25611,3222909.455,0.898,-0.130,-0.078,0.413,3131,0,0,3187,0,2069,23,1661,53,1.203,1,2059,0,132.750,0.807,-40.875,-125.125,-17.188,0.023,0.418,1.539,0.266,0.762,3.723,0.360,0.208,1.051,1.365,2,NULL,NULL,,2,0,2,7,255,1125,250,0,0
pre_stim,25611,25611,0,25611,3222914.453,0.899,-0.124,-0.075,0.413,3139,0,0,3181,55,2139,41,1695,53,1.203,1,2059,0,160.056,1.906,-107.500,-118.375,7.000,0.113,-0.125,1.434,0.484,-1.844,3.723,0.364,0.184,1.051,1.365,2,NULL,NULL,,2,0,2,7,255,1125,250,0,0
pre_stim,25611,25611,1,25611,3222919.455,0.901,-0.116,-0.073,0.412,3133,0,0,3194,269,2220,61,1808,53,1.203,1,2059,0,179.798,5.323,-137.938,-112.750,24.250,-0.105,-0.598,0.902,0.484,-5.301,3.305,0.370,0.168,1.051,1.365,2,NULL,NULL,,2,1,2,7,255,1125,250,0,0
pre_stim,25611,25611,1,25611,3222924.454,0.902,-0.111,-0.070,0.412,3131,0,0,3187,532,2264,233,1931,53,1.203,1,2059,0,145.077,7.027,-95.125,-108.688,13.625,-0.121,-0.559,0.684,-4.613,-5.301,-1.730,0.376,0.158,1.051,1.365,2,NULL,NULL,,2,1,2,7,255,1125,250,0,0
pre_stim,25611,25611,1,25611,3222929.455,0.902,-0.109,-0.067,0.413,3129,0,0,3177,761,2309,217,2025,53,1.203,1,2059,0,83.619,7.027,-8.750,-78.438,-27.625,0.125,-0.230,1.441,-4.613,-5.301,-1.730,0.384,0.148,1.051,1.365,2,NULL,NULL,,2,1,2,7,255,1125,250,0,0
pre_stim,25633,25633,1,25633,3222934.454,0.901,-0.107,-0.066,0.415,3127,0,0,3183,975,2341,220,2089,53,1.203,1,2059,0,71.727,4.392,-14.125,-51.625,-47.750,0.477,0.336,1.340,-0.219,-4.387,2.320,0.396,0.140,1.051,1.365,2,NULL,NULL,,2,1,2,7,255,1125,250,0,0
pre_stim,25633,25633,1,25633,3222939.455,0.901,-0.106,-0.064,0.416,3123,0,0,3181,1095,2365,227,2136,53,1.203,1,2059,0,49.076,7.562,3.625,-43.688,-22.063,0.594,0.891,1.262,6.160,-4.387,2.320,0.408,0.130,1.051,1.365,2,NULL,NULL,,2,1,2,7,255,1125,250,0,0
pre_stim,25633,25633,1,25633,3222944.453,0.901,-0.105,-0.063,0.416,3124,0,0,3181,1223,2391,240,2175,53,1.203,1,2059,0,30.617,6.482,-17.188,-24.000,8.125,0.020,0.270,1.602,6.160,-2.016,2.320,0.428,0.116,1.051,1.365,2,NULL,NULL,,2,1,2,7,255,1125,250,0,0
pre_stim,25633,25633,1,25633,3222949.455,0.901,-0.101,-0.064,0.416,3124,0,0,3180,1299,2411,255,2222,53,1.203,1,2059,0,97.723,3.257,-94.813,-19.313,-13.688,-0.484,-0.066,1.277,2.852,-1.574,3.273,0.448,0.098,1.051,1.365,2,NULL,NULL,,2,1,2,7,255,1125,250,0,0
pre_stim,25633,25633,1,25633,3222954.454,0.900,-0.097,-0.066,0.419,3123,0,0,3179,1405,2422,261,2261,53,1.203,1,2059,0,121.437,1.413,-90.000,-16.938,-79.750,-0.395,0.102,0.730,-1.375,0.324,3.273,0.466,0.080,1.051,1.365,2,NULL,NULL,,2,1,2,7,255,1125,250,0,0
pre_stim,25633,25633,1,25633,3222959.455,0.898,-0.095,-0.066,0.424,3135,0,0,3183,1479,2431,264,2292,53,1.203,1,2059,0,119.396,1.413,-32.375,-15.938,-113.813,0.070,0.109,0.750,-1.375,0.324,-1.961,0.478,0.070,1.051,1.365,2,NULL,NULL,,2,1,2,7,255,1125,250,0,0
pre_stim,25633,25633,1,25633,3222964.453,0.897,-0.094,-0.066,0.427,3125,26,0,3180,1575,2445,270,2322,53,1.203,1,2059,0,83.971,2.160,-8.938,-12.438,-82.563,0.301,0.016,1.066,1.633,-1.414,-1.961,0.486,0.066,1.051,1.365,2,NULL,NULL,,2,1,2,7,255,1125,250,0,0
pre_stim,25633,25633,1,25633,3222969.455,0.896,-0.093,-0.066,0.428,3124,37,0,3179,1627,2459,285,2345,53,1.203,1,2059,0,48.903,4.090,-35.000,-5.625,-33.688,0.129,-0.051,1.211,1.633,-3.750,-0.164,0.492,0.062,1.051,1.365,2,NULL,NULL,,2,1,2,7,255,1125,250,0,0
pre_stim,25663,25663,1,25663,3222974.454,0.896,-0.090,-0.067,0.429,3145,41,0,3181,1679,2475,295,2375,53,1.203,1,2059,0,65.722,3.902,-62.125,-3.688,-21.125,-0.180,0.063,1.016,1.078,-3.750,0.316,0.502,0.056,1.051,1.365,2,NULL,NULL,,2,1,2,7,255,1125,250,0,0
pre_stim,25663,25663,1,25663,3222979.455,0.896,-0.088,-0.068,0.431,3125,56,0,3183,1721,2489,297,2395,53,1.203,1,2059,0,69.012,0.380,-50.938,-4.813,-46.313,-0.273,0.172,0.840,0.145,-0.352,0.316,0.512,0.048,1.051,1.365,2,NULL,NULL,,2,1,2,7,255,1125,250,0,0
pre_stim,25663,25663,1,25663,3222984.453,0.894,-0.086,-0.069,0.433,3127,77,0,3188,1773,2493,307,2411,53,1.203,1,2059,0,76.774,0.380,-26.563,-5.625,-71.813,-0.094,0.105,0.938,0.145,-0.352,-0.590,0.520,0.044,1.051,1.365,2,NULL,NULL,,2,1,2,7,255,1125,250,0,0
pre_stim,25663,25663,1,25663,3222989.455,0.893,-0.085,-0.069,0.436,3139,109,0,3186,1823,2503,304,2427,53,1.203,1,2059,0,62.843,0.967,-20.750,-3.938,-59.188,0.094,-0.012,1.063,0.828,-0.500,-0.590,0.526,0.040,1.051,1.365,2,NULL,NULL,,2,1,2,7,255,1125,250,0,0
pre_stim,25663,25663,1,25663,3222994.453,0.893,-0.084,-0.070,0.437,3127,115,16,3184,1848,2514,309,2444,53,1.203,1,2059,0,45.227,2.823,-27.938,-3.688,-35.375,0.059,-0.035,1.059,0.828,-2.699,0.199,0.532,0.036,1.051,1.365,2,NULL,NULL,,2,1,2,7,255,1125,250,0,0
pre_stim,25663,25663,1,25663,3222999.455,0.893,-0.083,-0.070,0.438,3127,138,41,3183,1885,2517,303,2450,53,1.203,1,2059,0,35.400,2.810,-29.188,-1.125,-20.000,-0.051,0.000,0.992,0.781,-2.699,0.199,0.538,0.032,1.051,1.365,2,NULL,NULL,,2,1,2,7,255,1125,250,0,0
pre_stim,25715,25715,1,25715,3223004.454,0.892,-0.082,-0.070,0.438,3131,152,85,3188,1903,2519,298,2452,53,1.203,1,2059,0,31.097,1.563,-20.000,-0.125,-23.813,-0.113,-0.027,0.961,0.367,-1.520,-0.188,0.548,0.026,1.051,1.365,2,NULL,NULL,,2,1,2,7,255,1125,250,0,0
pre_stim,25715,25715,1,25715,3223009.455,0.892,-0.081,-0.071,0.439,3127,149,127,3188,1927,2521,280,2455,53,1.203,1,2059,0,25.580,1.523,-11.438,0.500,-22.875,-0.055,-0.063,1.000,-0.109,-1.520,-0.188,0.554,0.020,1.051,1.365,2,NULL,NULL,,2,1,2,7,255,1125,250,0,0
pre_stim,25715,25715,1,25715,3223014.453,0.892,-0.080,-0.071,0.440,3128,155,173,3189,1932,2521,277,2456,53,1.203,1,2059,0,13.937,1.631,-10.313,0.000,-9.375,-0.078,-0.051,1.020,-0.137,-1.625,-0.145,0.562,0.014,1.051,1.365,2,NULL,NULL,,2,1,2,7,255,1125,250,0,0
pre_stim,25715,25715,1,25715,3223019.455,0.892,-0.080,-0.071,0.440,3123,156,217,3183,1947,2529,265,2458,53,1.203,1,2059,0,12.846,1.631,-10.375,0.438,-7.563,-0.172,-0.004,1.023,-0.137,-1.625,0.082,0.568,0.010,1.051,1.365,2,NULL,NULL,,2,1,2,7,255,1125,250,0,0
pre_stim,25715,25715,1,25715,3223024.454,0.891,-0.079,-0.071,0.440,3119,163,234,3189,1964,2524,263,2457,53,1.203,1,2059,0,14.790,0.655,-8.125,-1.063,-12.313,-0.168,0.059,1.031,-0.137,-0.641,0.336,0.574,0.008,1.051,1.365,2,NULL,NULL,,2,1,2,7,255,1125,250,0,0
pre_stim,25715,25715,1,25715,3223029.455,0.891,-0.079,-0.071,0.441,3121,156,267,3178,1967,2523,249,2454,53,1.192,1,2059,1,15.354,0.651,-6.563,-1.375,-13.813,-0.133,0.020,1.020,0.117,-0.641,0.336,0.000,0.000,1.022,1.347,2,NULL,NULL,,2,1,2,7,255,1125,250,0,0
pre_stim,25715,25715,1,25715,3223034.453,0.891,-0.079,-0.071,0.441,3104,153,281,3173,1975,2517,227,2461,53,1.192,1,2059,1,12.798,0.802,-7.000,-0.750,-10.688,-0.133,-0.051,0.992,0.117,-0.793,0.230,0.006,0.002,1.022,1.347,2,NULL,NULL,,2,1,2,7,255,1125,250,0,0
pre_stim,25715,25715,1,25715,3223039.455,0.891,-0.078,-0.071,0.442,3113,142,292,3171,1983,2520,191,2459,53,1.192,1,2059,1,9.210,1.047,-6.500,-2.250,-6.125,-0.148,-0.039,0.980,-0.441,-0.949,-0.047,0.010,0.006,1.022,1.347,2,NULL,NULL,,2,1,2,7,255,1125,250,0,0
pre_stim,25715,25715,1,25715,3223044.453,0.891,-0.078,-0.071,0.442,3102,143,306,3161,1994,2519,184,2457,53,1.192,1,2059,1,6.808,1.047,-3.750,-4.375,-3.625,-0.152,-0.023,0.957,-0.441,-0.949,-0.137,0.014,0.008,1.022,1.347,2,NULL,NULL,,2,1,2,7,255,1125,250,0,0
pre_stim,25715,25715,1,25715,3223049.455,0.891,-0.078,-0.071,0.442,3093,135,311,3155,2002,2520,171,2461,53,1.192,1,2059,1,6.329,0.878,-0.125,-5.938,-2.188,-0.164,-0.035,0.945,-0.457,-0.750,-0.336,0.016,0.008,1.022,1.347,2,NULL,NULL,,2,1,2,7,255,1125,250,0,0
pre_stim,25744,25744,1,25744,3223054.454,0.891,-0.077,-0.071,0.442,3087,131,312,3155,2005,2507,157,2467,53,1.192,1,2059,1,7.306,0.926,3.250,-5.938,-2.750,-0.156,-0.039,0.949,-0.543,-0.750,-0.422,0.018,0.010,1.022,1.347,2,NULL,NULL,,2,1,2,7,255,1125,250,0,0
pre_stim,25744,25744,1,25744,3223059.455,0.891,-0.077,-0.070,0.442,3083,123,315,3141,2008,2516,149,2463,53,1.192,1,2059,1,10.037,0.929,6.750,-6.875,-2.813,-0.148,-0.016,0.961,-0.543,-0.754,-0.422,0.020,0.010,1.022,1.347,2,NULL,NULL,,2,1,2,7,255,1125,250,0,0
pre_stim,25744,25744,1,25744,3223064.453,0.891,-0.078,-0.070,0.442,3067,111,329,3128,2014,2515,149,2467,53,1.192,1,2059,1,12.748,0.813,9.625,-8.188,-1.688,-0.137,0.023,0.992,-0.305,-0.754,-0.316,0.022,0.012,1.022,1.347,2,NULL,NULL,,2,1,2,7,255,1125,250,0,0
pre_stim,25744,25744,1,25744,3223069.455,0.891,-0.078,-0.069,0.442,3065,89,341,3115,2023,2514,147,2473,53,1.192,1,2059,1,13.273,0.663,9.750,-9.000,-0.313,-0.152,0.035,1.000,0.063,-0.660,-0.023,0.024,0.014,1.022,1.347,2,NULL,NULL,,2,1,2,7,255,1125,250,0,0
pre_stim,25744,25744,1,25744,3223074.454,0.891,-0.078,-0.069,0.442,3047,81,355,3101,2031,2509,145,2475,53,1.192,1,2059,1,13.760,0.496,9.875,-9.500,-1.250,-0.180,0.070,0.996,0.090,-0.488,0.113,0.028,0.014,1.022,1.347,2,NULL,NULL,,2,1,2,7,255,1125,250,0,0
pre_stim,25744,25744,1,25744,3223079.455,0.891,-0.078,-0.068,0.443,3045,61,391,3093,2039,2506,138,2477,53,1.192,1,2059,1,14.149,0.178,8.813,-10.438,-3.688,-0.195,0.098,1.004,0.168,-0.059,0.141,0.030,0.016,1.022,1.347,2,NULL,NULL,,2,1,2,7,255,1125,250,0,0
pre_stim,25768,25768,1,25768,3223084.453,0.891,-0.078,-0.067,0.443,3027,67,409,3068,2063,2507,141,2488,53,1.192,1,2059,1,14.883,0.301,7.250,-11.563,-5.938,-0.211,0.102,1.000,0.207,0.219,0.250,0.034,0.018,1.022,1.347,2,NULL,NULL,,2,1,2,7,255,1125,250,0,0
pre_stim,25768,25768,1,25768,3223089.455,0.890,-0.078,-0.067,0.443,3015,63,445,3051,2083,2514,143,2495,53,1.192,1,2059,1,18.199,0.460,7.000,-13.063,-10.563,-0.223,0.125,0.992,0.301,0.348,0.250,0.036,0.020,1.022,1.347,2,NULL,NULL,,2,1,2,7,255,1125,250,0,0
pre_stim,25768,25768,1,25768,3223094.454,0.890,-0.078,-0.066,0.444,3003,71,501,3041,2120,2504,164,2515,53,1.192,1,2059,1,22.673,0.641,7.875,-14.750,-15.313,-0.195,0.148,0.992,0.301,0.566,0.195,0.038,0.020,1.022,1.347,2,NULL,NULL,,2,1,2,7,255,1125,250,0,0
pre_stim,25768,25768,1,25768,3223099.455,0.890,-0.078,-0.065,0.445,2984,70,559,3017,2151,2511,175,2527,53,1.192,1,2059,1,23.903,0.855,6.875,-16.250,-16.125,-0.168,0.145,1.008,0.641,0.566,0.195,0.040,0.022,1.022,1.347,2,NULL,NULL,,2,1,2,7,255,1125,250,0,0
pre_stim,25813,25813,1,25813,3223104.454,0.890,-0.078,-0.064,0.445,2962,71,614,2999,2189,2512,201,2543,53,1.192,1,2059,1,22.939,0.828,3.750,-17.375,-14.500,-0.145,0.137,1.004,0.770,0.305,0.180,0.040,0.022,1.022,1.347,2,NULL,NULL,,2,1,2,7,255,1125,250,0,0
pre_stim,25813,25813,1,25813,3223109.455,0.890,-0.078,-0.064,0.446,2951,76,675,2982,2227,2516,243,2557,53,1.192,1,2059,1,22.425,0.783,2.313,-18.125,-13.000,-0.129,0.121,0.996,0.777,0.090,0.180,0.040,0.020,1.022,1.347,2,NULL,NULL,,2,1,2,7,255,1125,250,0,0
pre_stim,25813,25813,1,25813,3223114.453,0.889,-0.078,-0.063,0.446,2917,108,709,2965,2264,2517,275,2583,53,1.192,1,2059,1,21.831,0.822,3.313,-18.375,-11.313,-0.105,0.109,0.992,0.816,-0.098,0.074,0.040,0.020,1.022,1.347,2,NULL,NULL,,2,1,2,7,255,1125,250,0,0
pre_stim,25813,25813,1,25813,3223119.455,0.889,-0.078,-0.062,0.447,2897,125,787,2943,2297,2521,293,2591,53,1.192,1,2059,1,21.987,0.861,5.563,-19.125,-9.313,-0.098,0.129,0.988,0.816,-0.273,-0.012,0.040,0.018,1.022,1.347,2,NULL,NULL,,2,1,2,7,255,1125,250,0,0
pre_stim,25813,25813,1,25813,3223124.454,0.889,-0.078,-0.061,0.447,2873,125,855,2925,2334,2523,327,2611,53,1.192,1,2059,1,21.500,1.037,7.250,-18.750,-7.625,-0.102,0.156,1.000,1.000,-0.273,-0.012,0.040,0.018,1.022,1.347,2,NULL,NULL,,2,1,2,7,255,1125,250,0,0
pre_stim,25813,25813,1,25813,3223129.455,0.889,-0.077,-0.060,0.447,2847,142,935,2903,2365,2536,351,2619,53,1.192,1,2059,1,20.046,1.185,5.188,-18.125,-6.813,-0.109,0.168,1.027,1.184,-0.066,0.098,0.040,0.016,1.022,1.347,2,NULL,NULL,,2,1,2,7,255,1125,250,0,0
pre_stim,25813,25813,1,25813,3223134.453,0.889,-0.077,-0.059,0.448,2829,153,1051,2884,2409,2535,381,2641,53,1.192,1,2059,1,18.302,1.184,1.438,-17.000,-6.625,-0.117,0.148,1.016,1.184,-0.023,0.250,0.042,0.016,1.022,1.347,2,NULL,NULL,,2,1,2,7,255,1125,250,0,0
pre_stim,25813,25813,1,25813,3223139.455,0.889,-0.077,-0.058,0.448,2811,163,1129,2871,2445,2534,411,2651,53,1.192,1,2059,1,19.143,0.996,-0.750,-17.375,-8.000,-0.129,0.121,0.992,0.996,-0.023,0.250,0.044,0.016,1.022,1.347,2,NULL,NULL,,2,1,2,7,255,1125,250,0,0
pre_stim,25813,25813,1,25813,3223144.454,0.889,-0.077,-0.058,0.448,2781,159,1183,2841,2475,2539,489,2665,53,1.192,1,2059,1,19.828,0.723,0.500,-16.813,-10.500,-0.137,0.098,0.984,0.723,-0.031,0.039,0.048,0.014,1.022,1.347,2,NULL,NULL,,2,1,2,7,255,1125,250,0,0
pre_stim,25813,25813,1,25813,3223149.455,0.889,-0.076,-0.057,0.449,2751,173,1271,2835,2517,2543,563,2680,53,1.192,1,2059,1,22.162,0.470,0.813,-17.313,-13.813,-0.152,0.090,1.004,0.469,-0.031,0.039,0.050,0.014,1.022,1.347,2,NULL,NULL,,2,1,2,7,255,1125,250,0,0
pre_stim,25843,25843,1,25843,3223154.453,0.888,-0.076,-0.056,0.450,2727,189,1369,2811,2533,2542,684,2697,53,1.192,1,2059,1,24.879,0.322,-1.250,-17.063,-18.063,-0.156,0.094,1.016,0.320,-0.031,0.184,0.054,0.012,1.022,1.347,2,NULL,NULL,,2,1,2,7,255,1125,250,0,0
pre_stim,25843,25843,1,25843,3223159.455,0.888,-0.075,-0.056,0.450,2682,209,1484,2789,2575,2553,780,2711,53,1.192,1,2059,1,28.309,0.314,-4.813,-17.313,-21.875,-0.145,0.086,1.012,0.313,-0.031,0.246,0.058,0.012,1.022,1.347,2,NULL,NULL,,2,1,2,7,255,1125,250,0,0
pre_stim,25843,25843,1,25843,3223164.453,0.887,-0.074,-0.055,0.451,2634,219,1592,2775,2604,2547,931,2729,53,1.192,1,2059,1,31.562,0.324,-8.813,-17.313,-24.875,-0.137,0.047,1.000,0.309,-0.098,0.246,0.062,0.012,1.022,1.347,2,NULL,NULL,,2,1,2,7,255,1125,250,0,0
pre_stim,25843,25843,0,25843,3223169.455,0.887,-0.074,-0.055,0.453,2591,231,1661,2741,2627,2571,1003,2745,53,1.192,1,2059,1,34.487,0.365,-11.813,-17.625,-27.188,-0.141,0.004,0.980,0.039,-0.363,0.082,0.064,0.012,1.022,1.347,2,NULL,NULL,,2,0,2,7,255,1125,250,0,0
pre_stim,25843,25843,0,25843,3223174.454,0.887,-0.072,-0.054,0.454,2543,231,1753,2715,2655,2569,1164,2759,53,1.192,1,2059,1,36.322,0.613,-12.375,-19.000,-28.375,-0.148,-0.035,0.969,-0.332,-0.516,-0.133,0.066,0.012,1.022,1.347,2,NULL,NULL,,2,0,2,7,255,1125,250,0,0
pre_stim,25843,25843,0,25843,3223179.455,0.886,-0.071,-0.054,0.455,2493,240,1839,2687,2695,2580,1259,2789,53,1.192,1,2059,1,36.941,0.942,-11.750,-20.000,-28.750,-0.137,-0.051,0.977,-0.684,-0.648,-0.188,0.068,0.014,1.022,1.347,2,NULL,NULL,,2,0,2,7,255,1125,250,0,0
pre_stim,25877,25877,0,25877,3223184.453,0.886,-0.070,-0.053,0.456,2451,245,1907,2651,2713,2581,1354,2802,53,1.192,1,2059,1,38.291,1.044,-13.125,-20.313,-29.688,-0.113,-0.051,0.980,-0.684,-0.789,-0.199,0.068,0.016,1.022,1.347,2,NULL,NULL,,2,0,2,7,255,1125,250,0,0
pre_stim,25877,25877,0,25877,3223189.455,0.885,-0.069,-0.053,0.457,2379,245,1971,2627,2733,2585,1437,2805,53,1.192,1,2059,1,38.756,1.116,-14.313,-21.188,-29.125,-0.105,-0.051,0.977,-0.574,-0.957,-0.199,0.070,0.018,1.022,1.347,2,NULL,NULL,,2,0,2,7,255,1125,250,0,0
pre_stim,25877,25877,0,25877,3223194.454,0.885,-0.068,-0.052,0.458,2323,237,2057,2583,2761,2595,1555,2823,53,1.192,1,2059,1,38.092,1.106,-15.750,-22.813,-26.125,-0.109,-0.043,0.973,-0.555,-0.957,-0.242,0.072,0.018,1.022,1.347,2,NULL,NULL,,2,0,2,7,255,1125,250,0,0
pre_stim,25877,25877,0,25877,3223199.455,0.884,-0.067,-0.052,0.459,2263,237,2133,2545,2771,2601,1651,2837,53,1.192,1,2059,1,37.700,1.011,-16.500,-23.813,-24.125,-0.121,-0.027,0.996,-0.492,-0.883,-0.242,0.074,0.020,1.022,1.347,2,NULL,NULL,,2,0,2,7,255,1125,250,0,0
pre_stim,25911,25911,0,25911,3223204.453,0.884,-0.065,-0.051,0.460,2169,234,2187,2489,2789,2604,1737,2845,53,1.192,1,2059,1,42.290,0.843,-21.563,-24.313,-27.063,-0.125,-0.023,1.023,-0.453,-0.711,-0.012,0.076,0.022,1.022,1.347,2,NULL,NULL,,2,0,2,7,255,1125,250,0,0
pre_stim,25911,25911,0,25911,3223209.455,0.884,-0.063,-0.051,0.461,2088,235,2247,2445,2821,2605,1829,2859,53,1.192,1,2059,1,43.098,0.825,-24.000,-25.438,-25.188,-0.082,-0.035,0.977,-0.418,-0.711,-0.012,0.078,0.024,1.022,1.347,2,NULL,NULL,,2,0,2,7,255,1125,250,0,0
pre_stim,25911,25911,0,25911,3223214.453,0.883,-0.062,-0.050,0.462,2015,233,2285,2361,2833,2601,1913,2871,53,1.192,1,2059,1,38.087,1.011,-20.625,-26.000,-18.688,-0.063,-0.020,0.949,-0.301,-0.965,-0.250,0.082,0.024,1.022,1.347,2,NULL,NULL,,2,0,2,7,255,1125,250,0,0
pre_stim,25911,25911,0,25911,3223219.455,0.883,-0.061,-0.049,0.462,1919,231,2335,2269,2851,2613,1993,2888,53,1.192,1,2059,1,32.427,0.979,-12.438,-27.438,-12.000,-0.098,-0.008,0.953,-0.168,-0.965,-0.445,0.084,0.026,1.022,1.347,2,NULL,NULL,,2,0,2,7,255,1125,250,0,0
pre_stim,25911,25911,0,25911,3223224.454,0.883,-0.060,-0.048,0.463,1804,225,2378,2171,2857,2613,2072,2892,53,1.192,1,2059,1,31.181,0.640,-6.000,-28.875,-10.125,-0.121,0.000,0.988,-0.168,-0.617,-0.445,0.086,0.028,1.022,1.347,2,NULL,NULL,,2,0,2,7,255,1125,250,0,0
pre_stim,25911,25911,0,25911,3223229.455,0.883,-0.059,-0.047,0.463,1663,188,2417,2045,2871,2617,2130,2905,53,1.192,1,2059,1,32.671,0.548,-5.188,-29.438,-13.188,-0.117,-0.012,1.031,-0.215,-0.504,-0.051,0.088,0.030,1.022,1.347,2,NULL,NULL,,2,0,2,7,255,1125,250,0,0
pre_stim,25933,25933,0,25933,3223234.453,0.883,-0.058,-0.047,0.464,1494,165,2453,1913,2886,2615,2183,2923,53,1.192,1,2059,1,34.968,0.554,-10.063,-30.188,-14.500,-0.109,-0.012,1.043,-0.230,-0.504,0.344,0.090,0.032,1.022,1.347,2,NULL,NULL,,2,0,2,7,255,1125,250,0,0
pre_stim,25933,25933,0,25933,3223239.455,0.883,-0.057,-0.046,0.464,1327,151,2479,1783,2909,2614,2257,2915,53,1.192,1,2059,1,36.739,0.645,-14.063,-30.688,-14.500,-0.098,-0.035,1.027,-0.270,-0.586,0.344,0.092,0.034,1.022,1.347,2,NULL,NULL,,2,0,2,7,255,1125,250,0,0
pre_stim,25933,25933,0,25933,3223244.454,0.882,-0.055,-0.045,0.465,1184,84,2513,1625,2909,2605,2298,2923,53,1.192,1,2059,1,37.064,0.633,-13.813,-31.688,-13.375,-0.094,-0.016,0.996,-0.230,-0.590,0.266,0.094,0.034,1.022,1.347,2,NULL,NULL,,2,0,2,7,255,1125,250,0,0
pre_stim,25933,25933,0,25933,3223249.455,0.882,-0.054,-0.043,0.465,1001,72,2534,1459,2932,2615,2361,2952,53,1.192,1,2059,1,34.802,0.625,-6.375,-32.813,-9.688,-0.074,0.016,0.969,-0.207,-0.590,-0.031,0.096,0.036,1.022,1.347,2,NULL,NULL,,2,0,2,7,255,1125,250,0,0
pre_stim,25933,25933,0,25933,3223254.454,0.882,-0.054,-0.042,0.466,829,38,2566,1271,2939,2607,2405,2951,53,1.192,1,2059,1,34.240,0.523,-1.688,-33.500,-6.875,-0.109,0.012,1.035,-0.086,-0.516,-0.031,0.098,0.038,1.022,1.347,2,NULL,NULL,,2,0,2,7,255,1125,250,0,0
pre_stim,25933,25933,0,25933,3223259.455,0.882,-0.053,-0.041,0.466,619,0,2581,1059,2956,2607,2455,2959,53,1.192,1,2059,1,36.033,0.305,-3.063,-34.500,-9.938,-0.133,0.008,1.066,-0.086,-0.293,0.395,0.100,0.040,1.022,1.347,2,NULL,NULL,,2,0,2,7,255,1125,250,0,0
pre_stim,25933,25933,0,25933,3223264.453,0.882,-0.052,-0.040,0.467,420,0,2604,887,2973,2607,2489,2971,53,1.192,1,2059,1,39.245,0.327,-7.625,-35.813,-14.125,-0.109,0.008,1.063,-0.145,-0.293,0.645,0.100,0.042,1.022,1.347,2,NULL,NULL,,2,0,2,7,255,1125,250,0,0
pre_stim,25933,25933,0,25933,3223269.455,0.882,-0.051,-0.038,0.467,267,0,2633,679,2972,2595,2535,2971,53,1.192,1,2059,1,40.679,0.337,-7.563,-37.438,-14.000,-0.102,0.004,1.055,-0.145,-0.305,0.645,0.102,0.042,1.022,1.347,2,NULL,NULL,,2,0,2,7,255,1125,250,0,0
pre_stim,25963,25963,0,25963,3223274.454,0.882,-0.050,-0.037,0.468,141,0,2647,499,2989,2589,2577,2976,53,1.192,1,2059,1,42.509,0.331,-5.375,-38.938,-16.188,-0.098,0.063,1.066,-0.129,-0.305,0.645,0.104,0.044,1.022,1.347,2,NULL,NULL,,2,0,2,7,255,1125,250,0,0
pre_stim,25963,25963,0,25963,3223279.455,0.881,-0.048,-0.036,0.469,61,0,2666,340,3001,2569,2603,2983,53,1.192,1,2059,1,46.103,0.349,-8.375,-39.500,-22.250,-0.070,0.105,1.070,0.348,-0.031,0.684,0.106,0.044,1.022,1.347,2,NULL,NULL,,2,0,2,7,255,1125,250,0,0
pre_stim,25963,25963,0,25963,3223284.453,0.881,-0.047,-0.034,0.470,29,0,2680,265,3004,2549,2632,2986,53,1.192,1,2059,1,48.856,0.453,-4.813,-43.000,-22.688,-0.094,0.074,1.078,0.453,0.008,0.715,0.106,0.044,1.022,1.347,2,NULL,NULL,,2,0,2,7,255,1125,250,0,0
pre_stim,25963,25963,0,25963,3223289.455,0.880,-0.046,-0.032,0.471,10,0,2706,173,3020,2537,2661,3000,53,1.192,1,2059,1,55.343,0.455,-7.313,-47.063,-28.188,-0.094,0.066,1.102,0.453,0.039,0.813,0.108,0.044,1.022,1.347,2,NULL,NULL,,2,0,2,7,255,1125,250,0,0
pre_stim,25963,25963,0,25963,3223294.453,0.880,-0.045,-0.030,0.471,0,0,2724,85,3035,2508,2683,3007,53,1.192,1,2059,1,54.498,0.385,5.750,-51.500,-16.875,-0.195,0.035,1.207,0.383,0.043,1.031,0.108,0.046,1.022,1.347,2,NULL,NULL,,2,0,2,7,255,1125,250,0,0
pre_stim,25963,25963,0,25963,3223299.455,0.880,-0.044,-0.028,0.472,0,0,2735,41,3036,2479,2701,2999,53,1.192,1,2059,1,61.537,0.753,0.938,-56.250,-24.938,-0.297,0.063,1.340,-0.414,0.629,2.148,0.108,0.046,1.022,1.347,2,NULL,NULL,,2,0,2,7,255,1125,250,0,0
pre_stim,26017,26017,0,26017,3223304.454,0.879,-0.043,-0.026,0.474,0,0,2749,18,3045,2457,2731,3008,53,1.192,1,2059,0,77.345,1.579,-10.438,-62.125,-44.875,-0.250,0.121,1.371,-0.414,1.523,3.543,0.108,0.046,1.022,1.347,3,NULL,NULL,,2,0,2,7,255,1125,250,0,0
pre_stim,26017,26017,0,26017,3223309.455,0.878,-0.041,-0.024,0.476,0,0,2773,0,3053,2439,2763,3013,53,1.192,1,2059,0,79.213,1.523,-15.688,-68.125,-37.250,-0.176,0.180,1.387,-0.004,1.523,3.820,0.106,0.050,1.022,1.347,3,NULL,NULL,,2,0,2,7,255,1125,250,0,0
pre_stim,26017,26017,0,26017,3223314.453,0.878,-0.039,-0.021,0.477,0,0,2776,0,3055,2393,2783,3015,53,1.192,1,2059,0,80.459,1.739,-6.625,-74.438,-29.813,-0.180,0.246,1.457,0.832,1.527,3.918,0.102,0.056,1.022,1.347,3,NULL,NULL,,2,0,2,7,255,1125,250,0,0
pre_stim,26017,26017,0,26017,3223319.455,0.878,-0.038,-0.017,0.476,0,0,2792,0,3077,2357,2807,3019,53,1.192,1,2059,0,89.997,2.172,22.125,-86.750,9.188,-0.160,0.426,1.645,1.348,1.703,4.617,0.096,0.064,1.022,1.347,3,NULL,NULL,,2,0,2,7,255,1125,250,0,0
pre_stim,26017,26017,0,26017,3223324.454,0.879,-0.035,-0.015,0.476,0,0,2794,0,3081,2294,2833,3015,53,1.192,1,2059,0,100.614,3.175,-42.813,-89.438,17.063,-0.078,0.355,1.523,2.680,1.703,5.199,0.090,0.074,1.022,1.347,3,NULL,NULL,,2,0,2,7,255,1125,250,0,0
pre_stim,26017,26017,0,26017,3223329.455,0.879,-0.031,-0.013,0.475,0,0,2803,0,3095,2237,2845,3028,53,1.192,1,2059,0,115.892,3.126,-69.750,-91.125,16.188,-0.145,0.063,1.211,2.680,1.609,5.199,0.084,0.080,1.022,1.347,3,NULL,NULL,,2,0,2,7,255,1125,250,0,0
pre_stim,26017,26017,0,26017,3223334.454,0.880,-0.027,-0.010,0.474,0,0,2784,0,3090,2169,2869,3021,53,1.192,1,2059,0,115.760,0.892,-51.813,-98.688,31.250,-0.188,-0.086,1.082,-0.129,0.883,2.105,0.080,0.086,1.022,1.347,3,NULL,NULL,,2,0,2,7,255,1125,250,0,0
pre_stim,26017,26017,0,26017,3223339.455,0.881,-0.024,-0.007,0.473,0,0,2795,0,3099,2077,2875,3019,53,1.192,1,2059,0,111.941,1.822,-21.188,-105.938,29.313,-0.289,-0.129,1.086,-1.594,0.883,0.906,0.074,0.094,1.022,1.347,3,NULL,NULL,,2,0,2,7,255,1125,250,0,0
pre_stim,26017,26017,0,26017,3223344.453,0.881,-0.021,-0.003,0.472,0,0,2780,0,3094,1975,2887,3004,53,1.192,1,2059,0,113.113,2.277,-11.438,-111.938,11.563,-0.238,-0.086,1.168,-1.957,1.164,0.906,0.068,0.102,1.022,1.347,3,NULL,NULL,,2,0,2,7,255,1125,250,0,0
pre_stim,26017,26017,0,26017,3223349.455,0.881,-0.018,0.001,0.472,0,0,2782,0,3100,1839,2907,3014,53,1.192,1,2059,0,117.891,2.301,-8.875,-117.125,10.063,-0.227,-0.094,1.238,-1.984,1.164,1.688,0.060,0.112,1.022,1.347,3,NULL,NULL,,2,0,2,7,255,1125,250,0,0
pre_stim,26043,26043,0,26043,3223354.454,0.882,-0.015,0.006,0.471,0,0,2761,0,3101,1701,2919,3013,53,1.192,1,2059,0,123.791,2.242,-10.938,-122.875,10.313,-0.137,-0.012,1.230,-1.957,1.094,2.273,0.052,0.124,1.022,1.347,3,NULL,NULL,,2,0,2,7,255,1125,250,0,0
pre_stim,26043,26043,0,26043,3223359.455,0.882,-0.012,0.010,0.471,0,0,2741,0,3109,1541,2863,2989,53,1.192,1,2059,0,131.115,1.925,-15.250,-128.375,21.875,-0.156,-0.086,1.191,-1.688,0.926,2.273,0.044,0.136,1.022,1.347,3,NULL,NULL,,2,0,2,7,255,1125,250,0,0
pre_stim,26043,26043,0,26043,3223364.453,0.883,-0.009,0.015,0.470,0,0,2715,0,3119,1325,2933,2991,53,1.192,1,2059,0,137.253,1.223,-12.813,-134.313,25.188,-0.074,0.008,1.176,-0.918,0.809,1.848,0.036,0.148,1.022,1.347,3,NULL,NULL,,2,0,2,7,255,1125,250,0,0
pre_stim,26043,26043,0,26043,3223369.455,0.883,-0.005,0.019,0.468,0,0,2692,0,3113,1108,2941,2987,53,1.192,1,2059,0,141.397,1.871,-22.625,-137.000,26.688,-0.152,-0.086,1.074,-1.688,0.809,1.711,0.030,0.160,1.022,1.347,3,NULL,NULL,,2,0,2,7,255,1125,250,0,0
pre_stim,26044,26044,0,26044,3223374.454,0.884,-0.002,0.025,0.467,0,0,2647,0,3111,889,2949,2967,53,1.192,1,2059,0,146.795,2.025,-3.000,-144.375,26.375,-0.148,-0.094,1.051,-1.773,0.977,0.691,0.026,0.172,1.022,1.347,3,NULL,NULL,,2,0,2,7,255,1125,250,0,0
pre_stim,26044,26044,0,26044,3223379.455,0.884,0.001,0.030,0.466,0,0,2627,0,3125,681,2956,2959,53,1.192,1,2059,0,150.610,2.114,-0.875,-149.688,16.625,-0.176,-0.133,1.043,-1.871,0.984,0.441,0.024,0.184,1.022,1.347,3,NULL,NULL,,2,0,2,7,255,1125,250,0,0
pre_stim,26068,26068,0,26068,3223384.454,0.884,0.004,0.036,0.465,0,0,2579,0,3116,475,2959,2941,53,1.192,1,2059,0,159.201,2.612,21.125,-156.813,17.563,-0.152,-0.148,1.129,-2.418,0.988,0.441,0.026,0.196,1.022,1.347,3,NULL,NULL,,2,0,2,7,255,1125,250,0,0
pre_stim,26068,26068,0,26068,3223389.455,0.884,0.006,0.043,0.465,0,0,2523,0,3116,347,2965,2926,53,1.192,1,2059,0,166.102,2.657,20.500,-164.188,14.563,-0.090,0.016,1.227,-2.418,1.102,1.133,0.032,0.208,1.022,1.347,3,NULL,NULL,,2,0,2,7,255,1125,250,0,0
pre_stim,26068,26068,0,26068,3223394.453,0.884,0.009,0.050,0.464,0,0,2451,0,3117,215,2975,2909,53,1.192,1,2059,0,169.651,1.853,18.313,-168.313,10.813,-0.125,0.082,1.219,-1.008,1.555,1.973,0.038,0.222,1.022,1.347,3,NULL,NULL,,2,0,2,7,255,1125,250,0,0
pre_stim,26068,26068,0,26068,3223399.455,0.884,0.011,0.057,0.463,0,0,2402,0,3131,116,2980,2895,53,1.192,1,2059,0,179.753,2.463,28.125,-177.375,7.625,-0.105,0.180,1.277,-0.770,2.340,2.086,0.046,0.236,1.022,1.347,3,NULL,NULL,,2,0,2,7,255,1125,250,0,0
pre_stim,26113,26113,0,26113,3223404.454,0.884,0.013,0.064,0.463,0,0,2301,0,3123,60,2985,2869,53,1.192,1,2059,0,185.792,2.899,21.625,-184.438,5.813,-0.043,0.254,1.465,-0.047,2.898,2.531,0.054,0.250,1.022,1.347,3,NULL,NULL,,2,0,2,7,255,1125,250,0,0
pre_stim,26113,26113,0,26113,3223409.455,0.884,0.017,0.072,0.462,0,0,2175,0,3117,4,2983,2845,53,1.192,1,2059,0,192.288,3.145,9.813,-191.750,10.500,-0.129,0.215,1.570,-0.047,3.145,4.398,0.066,0.268,1.022,1.347,3,NULL,NULL,,2,0,2,7,255,1125,250,0,0
pre_stim,26113,26113,0,26113,3223414.453,0.883,0.021,0.079,0.461,0,0,2039,0,3116,0,2973,2807,53,1.192,1,2059,0,201.903,3.944,-8.813,-201.438,10.500,-0.258,0.152,1.719,-0.379,3.926,5.262,0.082,0.288,1.022,1.347,3,NULL,NULL,,2,0,2,7,255,1125,250,0,0
pre_stim,26113,26113,0,26113,3223419.455,0.883,0.026,0.087,0.461,0,0,1915,0,3111,0,2969,2773,53,1.192,1,2059,0,216.216,5.324,-13.250,-215.750,5.063,-0.371,0.156,1.852,-1.871,4.984,6.426,0.102,0.312,1.022,1.347,3,NULL,NULL,,2,0,2,7,255,1125,250,0,0
pre_stim,26113,26113,0,26113,3223424.454,0.882,0.032,0.096,0.460,0,0,1734,0,3098,0,2950,2717,53,1.192,1,2059,0,234.200,6.618,-21.688,-233.188,-1.750,-0.363,0.320,1.992,-1.871,6.348,7.426,0.128,0.342,1.022,1.347,3,NULL,NULL,,2,0,2,7,255,1125,250,0,0
pre_stim,26113,26113,0,26113,3223429.455,0.881,0.038,0.105,0.459,0,0,1577,0,3089,0,2937,2661,53,1.192,1,2059,0,254.284,7.971,-31.875,-252.188,6.750,-0.414,0.367,2.102,-1.957,7.727,8.625,0.162,0.376,1.022,1.347,3,NULL,NULL,,2,0,2,7,255,1125,250,0,0
pre_stim,26113,26113,0,26113,3223434.454,0.880,0.045,0.114,0.458,0,0,1420,0,3081,16,2917,2603,53,1.192,1,2059,0,278.864,9.113,-49.625,-273.750,19.063,-0.430,0.477,2.219,-1.719,8.949,9.398,0.202,0.418,1.022,1.347,3,NULL,NULL,,2,0,2,7,255,1125,250,0,0
pre_stim,26113,26113,0,26113,3223439.455,0.879,0.055,0.124,0.457,0,0,1321,0,3060,43,2891,2539,53,1.192,1,2059,0,304.227,10.470,-85.750,-291.500,15.125,-0.449,0.527,2.203,-1.516,10.359,9.777,0.248,0.466,1.022,1.347,3,NULL,NULL,,2,0,2,7,255,1125,250,0,0
pre_stim,26113,26113,0,26113,3223444.453,0.878,0.065,0.133,0.456,0,0,1221,0,3036,50,2844,2451,53,1.192,1,2059,0,331.559,11.336,-109.188,-312.813,12.563,-0.441,0.484,2.102,-1.516,11.234,9.777,0.300,0.520,1.022,1.347,3,NULL,NULL,,2,0,2,7,255,1125,250,0,0
pre_stim,26113,26113,0,26113,3223449.455,0.876,0.076,0.144,0.454,0,0,1181,0,3003,55,2796,2341,53,1.192,1,2059,0,348.748,11.360,-108.313,-331.125,15.813,-0.488,0.445,2.102,-1.633,11.242,8.492,0.362,0.582,1.022,1.347,3,NULL,NULL,,2,0,2,7,255,1125,250,0,0
pre_stim,26143,26143,0,26143,3223454.454,0.874,0.087,0.155,0.453,0,0,1125,0,2950,46,2740,2239,53,1.192,1,2059,0,361.352,12.132,-92.000,-349.375,6.938,-0.555,0.426,2.313,-2.352,11.902,8.492,0.430,0.652,1.022,1.347,3,NULL,NULL,,2,0,2,7,255,1125,250,0,0
pre_stim,26143,26143,0,26143,3223459.455,0.871,0.097,0.168,0.452,0,0,1043,0,2919,50,2639,2137,53,1.192,1,2059,0,377.197,13.878,-89.563,-366.250,-10.813,-0.605,0.484,2.559,-3.375,13.461,9.348,0.506,0.730,1.022,1.347,3,NULL,NULL,,2,0,2,7,255,1125,250,0,0
pre_stim,26143,26143,0,26143,3223464.453,0.867,0.108,0.180,0.451,0,0,954,0,2843,37,2533,2035,53,1.192,1,2059,0,397.949,16.023,-91.750,-386.813,-17.938,-0.656,0.469,2.789,-3.797,15.566,10.898,0.588,0.812,1.022,1.347,3,NULL,NULL,,2,0,2,7,255,1125,250,0,0
pre_stim,26143,26143,0,26143,3223469.455,0.863,0.120,0.194,0.451,0,0,869,0,2779,2,2381,1899,53,1.192,1,2059,0,423.881,18.013,-105.500,-410.125,-18.500,-0.770,0.441,2.934,-4.852,17.348,12.199,0.674,0.900,1.022,1.347,3,NULL,NULL,,2,0,2,7,255,1125,250,0,0
pre_stim,26143,26143,0,26143,3223474.454,0.858,0.134,0.207,0.450,0,0,758,0,2677,0,2221,1755,53,1.192,1,2059,0,450.839,20.271,-137.688,-428.250,-30.000,-0.785,0.383,2.809,-6.172,19.309,12.199,0.762,0.992,1.022,1.347,3,NULL,NULL,,2,0,2,7,255,1125,250,0,0
pre_stim,26143,26143,0,26143,3223479.455,0.853,0.147,0.221,0.450,0,0,665,0,2553,0,1979,1630,53,1.192,1,2059,0,463.401,20.417,-144.813,-437.250,-50.813,-0.664,0.152,2.539,-6.637,19.309,10.398,0.858,1.090,1.022,1.347,3,NULL,NULL,,2,0,2,7,255,1125,250,0,0
pre_stim,26176,26176,0,26176,3223484.454,0.847,0.160,0.236,0.449,0,0,503,0,2413,0,1723,1479,53,1.192,1,2059,0,467.413,18.538,-113.625,-450.750,-48.875,-0.438,-0.176,2.406,-7.508,16.949,8.098,0.956,1.190,1.022,1.347,3,NULL,NULL,,2,0,2,7,255,1125,250,0,0
pre_stim,26176,26176,0,26176,3223489.455,0.841,0.172,0.252,0.447,0,0,361,0,2216,0,1417,1315,53,1.192,1,2059,0,477.240,16.448,-72.000,-471.125,-24.813,-0.340,-0.465,2.504,-9.008,13.762,8.098,1.052,1.290,1.022,1.347,3,NULL,NULL,,2,0,2,7,255,1125,250,0,0
pre_stim,26176,26176,0,26176,3223494.453,0.835,0.184,0.268,0.443,0,0,205,0,1941,0,1012,1115,53,1.192,1,2059,0,491.220,17.852,-69.313,-486.125,13.250,-0.379,-0.418,2.453,-11.488,13.664,7.719,1.142,1.384,1.022,1.347,3,NULL,NULL,,2,0,2,7,255,1125,250,0,0
pre_stim,26176,26176,0,26176,3223499.455,0.829,0.197,0.284,0.439,0,0,114,0,1627,0,523,967,53,1.192,1,2059,0,497.360,17.457,-95.250,-487.875,16.500,-0.355,-0.141,2.027,-11.488,13.145,7.215,1.220,1.466,1.022,1.347,3,NULL,NULL,,2,0,2,7,255,1125,250,0,0
pre_stim,26210,26210,0,26210,3223504.454,0.823,0.210,0.300,0.435,0,0,63,0,1227,0,181,799,53,1.192,1,2059,0,499.217,15.507,-80.750,-492.375,16.250,-0.375,-0.117,1.531,-8.227,13.145,3.172,1.290,1.540,1.022,1.347,3,NULL,NULL,,2,0,2,7,255,1125,250,0,0
pre_stim,26210,26210,0,26210,3223509.455,0.817,0.222,0.316,0.428,0,0,40,0,889,0,0,619,53,1.192,1,2059,0,500.360,12.884,-36.438,-497.250,42.125,-0.363,-0.020,1.309,-6.957,10.844,-1.230,1.358,1.612,1.022,1.347,3,NULL,NULL,,2,0,2,7,255,1125,250,0,0
pre_stim,26210,26210,0,26210,3223514.453,0.812,0.231,0.333,0.420,0,0,19,0,423,0,0,470,53,1.192,1,2059,0,503.048,12.230,15.125,-499.250,59.813,-0.438,0.176,1.566,-5.656,10.844,-2.918,1.430,1.686,1.022,1.347,3,NULL,NULL,,2,0,2,7,255,1125,250,0,0
pre_stim,26210,26210,0,26210,3223519.455,0.806,0.241,0.350,0.411,0,0,11,0,73,0,0,337,53,1.192,1,2059,0,521.022,14.569,26.438,-509.750,104.500,-0.836,0.270,1.781,-5.656,13.426,-3.332,1.510,1.770,1.022,1.347,3,NULL,NULL,,2,0,2,7,255,1125,250,0,0
pre_stim,26210,26210,0,26210,3223524.454,0.802,0.253,0.367,0.398,0,0,0,0,0,0,0,139,53,1.192,1,2059,0,557.942,18.910,7.125,-532.000,168.000,-1.262,0.137,1.711,-7.230,17.473,-5.297,1.596,1.858,1.022,1.347,3,NULL,NULL,,2,0,2,7,255,1125,250,0,0
pre_stim,26210,26210,0,26210,3223529.455,0.796,0.266,0.384,0.385,0,0,0,0,0,0,0,53,53,1.192,1,2059,0,586.944,20.425,5.125,-553.250,195.938,-1.430,0.117,1.586,-10.125,17.738,-9.730,1.682,1.948,1.022,1.347,4,NULL,NULL,,2,0,2,7,255,1125,250,0,0
pre_stim,26233,26233,0,26233,3223534.454,0.789,0.279,0.399,0.374,0,0,0,0,0,0,0,9,53,1.192,1,2059,0,546.322,20.425,-45.813,-526.813,137.250,-0.992,0.793,1.348,-10.125,17.738,-12.301,1.766,2.032,1.022,1.347,0,NULL,NULL,,2,0,2,7,255,1125,250,0,0
pre_stim,26233,26233,0,26233,3223539.455,0.781,0.291,0.413,0.368,0,0,0,0,0,0,0,7,53,1.192,1,2059,0,479.421,17.957,-95.563,-467.438,47.063,-0.262,1.512,1.199,-2.793,17.738,-12.301,1.842,2.110,1.022,1.347,0,NULL,NULL,,2,0,2,7,255,1125,250,0,0
pre_stim,26233,26233,0,26233,3223544.453,0.773,0.302,0.423,0.365,0,0,0,0,0,0,0,46,53,1.192,1,2059,0,406.235,18.360,-138.063,-381.938,9.438,0.156,1.199,1.352,4.852,17.707,-8.766,1.908,2.178,1.022,1.347,0,NULL,NULL,,2,0,2,7,255,1125,250,0,0
pre_stim,26233,26233,0,26233,3223549.455,0.767,0.312,0.430,0.361,0,0,0,0,0,0,0,63,53,1.192,1,2059,0,321.113,16.858,-136.063,-284.500,60.500,-0.082,0.371,1.594,4.852,16.145,-4.469,1.970,2.242,1.022,1.347,0,NULL,NULL,,2,0,2,7,255,1125,250,0,0
pre_stim,26233,26233,0,26233,3223554.454,0.763,0.322,0.432,0.358,0,0,0,0,0,0,0,76,53,1.192,1,2059,0,268.535,16.566,-151.188,-196.875,102.438,-0.664,0.344,1.918,-3.711,16.145,-4.469,2.032,2.308,1.022,1.347,0,NULL,NULL,,2,0,2,7,255,1125,250,0,0
pre_stim,26233,26233,0,26233,3223559.455,0.758,0.332,0.432,0.359,0,0,0,0,0,0,0,99,53,1.192,1,2059,0,249.507,20.079,-225.125,-100.688,37.875,-0.949,0.410,1.840,-7.152,18.762,-8.484,2.096,2.374,1.022,1.347,0,NULL,NULL,,2,0,2,7,255,1125,250,0,0
pre_stim,26233,26233,0,26233,3223564.453,0.753,0.342,0.427,0.365,0,0,0,0,0,0,0,97,53,1.192,1,2059,0,303.191,20.079,-302.063,-0.500,-26.125,-0.652,0.234,1.234,-7.152,18.762,-11.223,2.158,2.438,1.022,1.347,0,NULL,NULL,,2,0,2,7,255,1125,250,0,0
pre_stim,26233,26233,0,26233,3223569.455,0.749,0.351,0.419,0.374,0,0,0,0,0,0,0,74,53,1.192,1,2059,0,347.343,13.793,-335.438,88.000,-19.625,-0.328,0.383,0.492,-4.949,12.875,-11.617,2.212,2.494,1.022,1.347,0,NULL,NULL,,2,0,2,7,255,1125,250,0,0
pre_stim,26262,26262,0,26262,3223574.454,0.748,0.358,0.409,0.381,0,0,0,0,0,0,0,67,53,1.192,1,2059,0,337.995,6.598,-298.125,158.813,11.875,-0.316,0.633,-0.020,0.336,6.590,-11.617,2.252,2.538,1.022,1.347,0,NULL,NULL,,2,0,2,7,255,1125,250,0,0
pre_stim,26262,26262,0,26262,3223579.455,0.748,0.362,0.398,0.388,0,0,0,0,0,0,0,59,53,1.192,1,2059,0,300.826,4.992,-216.563,207.875,19.625,-0.492,0.633,-0.059,3.664,3.391,-14.090,2.284,2.572,1.022,1.347,0,NULL,NULL,,2,0,2,7,255,1125,250,0,0
pre_stim,26262,26262,0,26262,3223584.454,0.750,0.363,0.388,0.395,0,0,0,0,0,0,0,59,53,1.192,1,2059,0,289.997,4.992,-163.000,239.750,7.000,-0.516,0.344,0.188,3.664,3.391,-14.242,2.314,2.604,1.022,1.347,0,NULL,NULL,,2,0,2,7,255,1125,250,0,0
pre_stim,26262,26262,0,26262,3223589.455,0.752,0.364,0.376,0.401,0,0,0,0,0,0,0,39,53,1.192,1,2059,0,304.986,4.042,-159.750,259.625,9.563,-0.383,0.125,0.281,0.430,4.020,-14.242,2.342,2.636,1.022,1.347,0,NULL,NULL,,2,0,2,7,255,1125,250,0,0
pre_stim,26262,26262,0,26262,3223594.453,0.754,0.365,0.364,0.407,0,0,0,0,0,0,0,34,53,1.192,1,2059,0,319.125,4.042,-167.000,269.688,34.938,-0.273,0.109,0.090,-0.422,4.020,-12.125,2.368,2.664,1.022,1.347,0,NULL,NULL,,2,0,2,7,255,1125,250,0,0
pre_stim,26262,26262,0,26262,3223599.455,0.757,0.366,0.352,0.412,0,0,0,0,0,0,0,25,53,1.192,1,2059,0,317.322,2.075,-147.563,273.375,64.688,-0.273,0.203,-0.211,-0.422,2.031,-12.125,2.390,2.688,1.022,1.347,0,NULL,NULL,,2,0,2,7,255,1125,250,0,0
pre_stim,26316,26316,0,26316,3223604.454,0.761,0.365,0.339,0.416,0,0,0,0,0,0,0,19,53,1.192,1,2059,0,302.051,1.003,-98.000,274.063,80.750,-0.328,0.270,-0.371,0.996,-0.117,-13.605,2.406,2.706,1.022,1.347,0,NULL,NULL,,2,0,2,7,255,1125,250,0,0
pre_stim,26316,26316,0,26316,3223609.455,0.765,0.363,0.328,0.418,0,0,0,0,0,0,0,19,53,1.192,1,2059,0,292.605,1.551,-49.688,275.563,84.938,-0.324,0.301,-0.273,1.547,-0.117,-14.641,2.416,2.720,1.022,1.347,0,NULL,NULL,,2,0,2,7,255,1125,250,0,0
pre_stim,26316,26316,0,26316,3223614.453,0.770,0.359,0.317,0.420,0,0,0,0,0,0,0,23,53,1.192,1,2059,0,294.946,1.606,-22.125,279.438,91.750,-0.266,0.328,-0.121,1.605,0.027,-14.641,2.428,2.734,1.022,1.347,0,NULL,NULL,,2,0,2,7,255,1125,250,0,0
pre_stim,26316,26316,0,26316,3223619.455,0.776,0.356,0.306,0.422,0,0,0,0,0,0,0,26,53,1.192,1,2059,0,303.449,2.126,-8.063,283.938,106.750,-0.250,0.340,-0.027,1.742,1.219,-13.477,2.438,2.746,1.022,1.347,0,NULL,NULL,,2,0,2,7,255,1125,250,0,0
pre_stim,26316,26316,0,26316,3223624.454,0.782,0.352,0.294,0.422,0,0,0,0,0,0,0,26,53,1.192,1,2059,0,312.165,2.649,5.500,287.813,120.750,-0.316,0.313,0.020,1.742,1.996,-13.043,2.450,2.762,1.022,1.347,0,NULL,NULL,,2,0,2,7,255,1125,250,0,0
pre_stim,26316,26316,0,26316,3223629.455,0.788,0.347,0.283,0.423,0,0,0,0,0,0,0,26,53,1.192,1,2059,0,317.291,2.873,22.188,291.000,124.500,-0.406,0.266,0.082,1.105,2.652,-13.043,2.466,2.780,1.022,1.347,0,NULL,NULL,,2,0,2,7,255,1125,250,0,0
pre_stim,26316,26316,0,26316,3223634.454,0.794,0.341,0.271,0.423,0,0,0,0,0,0,0,23,53,1.192,1,2059,0,319.581,3.433,38.938,293.625,120.000,-0.441,0.242,0.191,0.156,3.430,-13.043,2.486,2.802,1.022,1.347,0,NULL,NULL,,2,0,2,7,255,1125,250,0,0
pre_stim,26316,26316,0,26316,3223639.455,0.801,0.335,0.260,0.423,0,0,0,0,0,0,0,25,53,1.192,1,2059,0,321.539,4.445,49.938,297.000,112.625,-0.422,0.254,0.332,-0.418,4.426,-12.578,2.510,2.828,1.022,1.347,0,NULL,NULL,,2,0,2,7,255,1125,250,0,0
pre_stim,26316,26316,0,26316,3223644.453,0.806,0.329,0.249,0.423,0,0,0,0,0,0,0,19,53,1.192,1,2059,0,324.265,5.505,54.063,301.688,105.875,-0.398,0.254,0.465,-0.426,5.488,-11.504,2.536,2.858,1.022,1.347,0,NULL,NULL,,2,0,2,7,255,1125,250,0,0
pre_stim,26316,26316,0,26316,3223649.455,0.812,0.322,0.238,0.424,0,0,0,0,0,0,0,18,53,1.192,1,2059,0,327.672,6.406,55.313,306.813,100.875,-0.430,0.230,0.598,-0.445,6.391,-10.348,2.568,2.892,1.022,1.347,0,NULL,NULL,,2,0,2,7,255,1125,250,0,0
pre_stim,26343,26343,0,26343,3223654.454,0.818,0.315,0.227,0.425,0,0,0,0,0,0,0,17,53,1.192,1,2059,0,329.405,7.513,53.125,311.563,92.813,-0.488,0.242,0.742,-0.918,7.457,-9.453,2.604,2.930,1.022,1.347,0,NULL,NULL,,2,0,2,7,255,1125,250,0,0
pre_stim,26343,26343,0,26343,3223659.455,0.823,0.308,0.215,0.426,0,0,0,0,0,0,0,18,53,1.192,1,2059,0,329.526,8.897,45.188,317.125,77.313,-0.516,0.281,0.859,-1.102,8.828,-8.676,2.642,2.972,1.022,1.347,0,NULL,NULL,,2,0,2,7,255,1125,250,0,0
pre_stim,26343,26343,0,26343,3223664.453,0.827,0.302,0.203,0.429,0,0,0,0,0,0,0,18,53,1.192,1,2059,0,331.109,9.983,33.625,323.875,60.063,-0.488,0.293,0.922,-1.102,9.922,-7.930,2.682,3.014,1.022,1.347,0,NULL,NULL,,2,0,2,7,255,1125,250,0,0
pre_stim,26343,26343,0,26343,3223669.455,0.831,0.295,0.191,0.431,0,0,0,0,0,0,0,19,53,1.192,1,2059,0,335.702,9.955,21.813,331.563,47.813,-0.453,0.277,0.926,-0.809,9.922,-7.109,2.724,3.060,1.022,1.347,0,NULL,NULL,,2,0,2,7,255,1125,250,0,0
pre_stim,26344,26344,0,26344,3223674.454,0.834,0.288,0.179,0.435,0,0,0,0,0,0,0,21,53,1.192,1,2059,0,341.737,9.875,13.375,339.375,37.813,-0.441,0.273,0.891,-0.625,9.855,-6.551,2.768,3.104,1.022,1.347,0,NULL,NULL,,2,0,2,7,255,1125,250,0,0
pre_stim,26344,26344,0,26344,3223679.455,0.837,0.281,0.166,0.438,0,0,0,0,0,0,0,20,53,1.192,1,2059,0,348.478,9.488,11.125,347.438,24.500,-0.422,0.254,0.840,-0.461,9.477,-6.480,2.810,3.148,1.022,1.347,0,NULL,NULL,,2,0,2,7,255,1125,250,0,0
pre_stim,26368,26368,0,26368,3223684.454,0.840,0.274,0.153,0.443,0,0,0,0,0,0,0,25,53,1.192,1,2059,0,356.529,8.867,14.500,356.063,11.063,-0.359,0.215,0.781,-0.371,8.859,-6.469,2.850,3.190,1.022,1.347,0,NULL,NULL,,2,0,2,7,255,1125,250,0,0
pre_stim,26368,26368,0,26368,3223689.455,0.842,0.266,0.141,0.447,0,0,0,0,0,0,0,27,53,1.192,1,2059,0,365.145,7.875,21.563,364.500,2.438,-0.293,0.188,0.723,-0.254,7.871,-6.234,2.886,3.230,1.022,1.347,0,NULL,NULL,,2,0,2,7,255,1125,250,0,0
pre_stim,26368,26368,0,26368,3223694.453,0.845,0.257,0.128,0.452,0,0,0,0,0,0,0,25,53,1.192,1,2059,0,373.480,6.844,33.125,372.000,-2.438,-0.211,0.195,0.656,0.008,6.844,-6.098,2.918,3.264,1.022,1.347,0,NULL,NULL,,2,0,2,7,255,1125,250,0,0
pre_stim,26368,26368,0,26368,3223699.455,0.847,0.248,0.115,0.456,0,0,0,0,0,0,0,45,53,1.192,1,2059,0,381.705,5.885,49.250,378.438,-7.625,-0.070,0.180,0.574,0.594,5.855,-6.074,2.944,3.292,1.022,1.347,0,NULL,NULL,,2,0,2,7,255,1125,250,0,0
pre_stim,26413,26413,0,26413,3223704.454,0.849,0.238,0.102,0.460,0,0,0,0,0,0,0,53,53,1.192,1,2059,0,388.331,4.406,72.813,381.438,-2.188,0.027,0.109,0.480,1.258,4.223,-6.035,2.968,3.320,1.022,1.347,0,NULL,NULL,,2,0,2,7,255,1125,250,0,0
pre_stim,26413,26413,0,26413,3223709.455,0.852,0.226,0.091,0.464,0,0,0,0,0,0,0,53,53,1.192,1,2059,0,392.614,3.457,107.563,377.375,12.813,-0.020,0.160,0.512,1.309,3.199,-6.027,2.990,3.344,1.022,1.347,0,NULL,NULL,,2,0,2,7,255,1125,250,0,0
pre_stim,26413,26413,0,26413,3223714.453,0.855,0.213,0.080,0.467,0,0,0,0,0,0,0,52,53,1.192,1,2059,0,397.232,3.535,139.500,371.563,16.563,-0.070,0.203,0.652,1.504,3.199,-6.027,3.012,3.368,1.022,1.347,0,NULL,NULL,,2,0,2,7,255,1125,250,0,0
pre_stim,26413,26413,0,26413,3223719.455,0.857,0.200,0.069,0.469,0,0,0,0,0,0,0,51,53,1.192,1,2059,0,399.130,4.557,161.688,364.500,17.375,-0.063,0.156,0.813,1.594,4.270,-4.988,3.032,3.390,1.022,1.347,0,NULL,NULL,,2,0,2,7,255,1125,250,0,0
pre_stim,26413,26413,0,26413,3223724.454,0.860,0.186,0.059,0.471,0,0,0,0,0,0,0,54,53,1.192,1,2059,0,399.892,4.800,177.813,357.438,23.125,-0.070,0.184,0.957,1.742,4.473,-3.277,3.052,3.412,1.022,1.347,0,NULL,NULL,,2,0,2,7,255,1125,250,0,0
pre_stim,26413,26413,0,26413,3223729.455,0.863,0.172,0.050,0.473,0,0,0,0,0,0,0,51,53,1.192,1,2059,0,399.969,5.348,188.938,351.500,26.938,-0.117,0.293,1.102,1.969,4.973,-1.953,3.072,3.436,1.022,1.347,0,NULL,NULL,,2,0,2,7,255,1125,250,0,0
pre_stim,26413,26413,0,26413,3223734.454,0.865,0.157,0.041,0.474,0,0,0,0,0,0,0,53,53,1.192,1,2059,0,399.981,6.717,196.688,347.188,27.563,-0.137,0.313,1.242,2.773,6.117,-0.859,3.094,3.458,1.022,1.347,0,NULL,NULL,,2,0,2,7,255,1125,250,0,0
pre_stim,26413,26413,0,26413,3223739.455,0.867,0.142,0.032,0.476,0,0,0,0,0,0,0,51,53,1.192,1,2059,0,399.992,7.038,201.125,344.875,24.563,-0.176,0.273,1.348,2.773,6.469,0.559,3.116,3.484,1.022,1.347,0,NULL,NULL,,2,0,2,7,255,1125,250,0,0
pre_stim,26413,26413,0,26413,3223744.453,0.869,0.127,0.023,0.477,0,0,0,0,0,0,0,57,53,1.192,1,2059,0,400.743,7.011,207.500,342.313,19.000,-0.227,0.223,1.434,2.609,6.508,1.742,3.140,3.508,1.022,1.347,0,NULL,NULL,,2,0,2,7,255,1125,250,0,0
pre_stim,26413,26413,0,26413,3223749.455,0.871,0.112,0.015,0.479,0,0,0,0,0,0,0,63,53,1.192,1,2059,0,402.138,6.992,215.750,339.125,12.688,-0.242,0.254,1.656,2.465,6.543,2.820,3.166,3.536,1.022,1.347,0,NULL,NULL,,2,0,2,7,255,1125,250,0,0
pre_stim,26443,26443,0,26443,3223754.454,0.872,0.097,0.006,0.481,0,0,0,0,0,0,0,71,53,1.192,1,2059,0,396.411,7.248,204.813,339.375,4.250,-0.242,0.336,1.836,2.465,6.816,5.078,3.192,3.564,1.022,1.347,0,NULL,NULL,,2,0,2,7,255,1125,250,0,0
pre_stim,26443,26443,0,26443,3223759.455,0.872,0.083,-0.003,0.482,0,0,0,0,0,0,0,73,53,1.192,1,2059,0,387.421,7.598,187.188,339.188,-2.750,-0.227,0.355,1.973,3.355,6.816,6.863,3.218,3.592,1.022,1.347,0,NULL,NULL,,2,0,2,7,255,1125,250,0,0
pre_stim,26443,26443,0,26443,3223764.453,0.872,0.069,-0.012,0.484,0,0,0,0,0,0,0,77,53,1.192,1,2059,0,377.767,7.526,166.375,339.063,-8.000,-0.215,0.297,2.016,3.520,6.652,8.367,3.242,3.620,1.022,1.347,0,NULL,NULL,,2,0,2,7,255,1125,250,0,0
pre_stim,26443,26443,0,26443,3223769.455,0.872,0.057,-0.022,0.486,0,0,0,0,0,0,0,76,53,1.192,1,2059,0,370.078,6.688,149.688,338.250,-11.750,-0.211,0.234,2.008,3.520,5.688,9.078,3.268,3.646,1.022,1.347,0,NULL,NULL,,2,0,2,7,255,1125,250,0,0
pre_stim,26443,26443,0,26443,3223774.454,0.871,0.044,-0.032,0.488,0,0,0,0,0,0,0,78,53,1.192,1,2059,0,364.637,5.648,139.125,336.688,-15.688,-0.207,0.215,1.977,3.121,4.707,9.113,3.290,3.670,1.022,1.347,0,NULL,NULL,,2,0,2,7,255,1125,250,0,0
pre_stim,26443,26443,0,26443,3223779.455,0.870,0.032,-0.041,0.490,0,0,0,0,0,0,0,84,53,1.192,1,2059,0,361.162,5.034,135.375,334.188,-20.750,-0.191,0.211,1.949,3.121,3.949,9.113,3.308,3.690,1.022,1.347,0,NULL,NULL,,2,0,2,7,255,1125,250,0,0
pre_stim,26476,26476,0,26476,3223784.454,0.869,0.019,-0.051,0.492,0,0,0,0,0,0,0,83,53,1.192,1,2059,0,359.663,4.486,138.313,331.063,-25.000,-0.160,0.180,1.945,3.148,3.195,9.012,3.324,3.708,1.022,1.347,0,NULL,NULL,,2,0,2,7,255,1125,250,0,0
pre_stim,26476,26476,0,26476,3223789.455,0.867,0.007,-0.060,0.494,0,0,0,0,0,0,0,85,53,1.192,1,2059,0,359.157,3.809,144.188,327.750,-28.000,-0.109,0.102,1.965,3.148,2.145,9.012,3.336,3.722,1.022,1.347,0,NULL,NULL,,2,0,2,7,255,1125,250,0,0
pre_stim,26476,26476,0,26476,3223794.453,0.866,-0.006,-0.069,0.496,0,0,0,0,0,0,0,89,53,1.192,1,2059,0,358.689,2.966,150.188,324.500,-28.313,-0.047,0.008,1.945,2.867,0.758,9.082,3.342,3.730,1.022,1.347,0,NULL,NULL,,2,0,2,7,255,1125,250,0,0
pre_stim,26476,26476,0,26476,3223799.455,0.864,-0.019,-0.077,0.498,0,0,0,0,0,0,0,109,53,1.192,1,2059,0,360.242,2.550,161.063,321.250,-25.125,0.039,-0.066,1.867,2.406,-0.844,9.082,3.342,3.734,1.022,1.347,0,NULL,NULL,,2,0,2,7,255,1125,250,0,0
pre_stim,26510,26510,0,26510,3223804.454,0.862,-0.033,-0.085,0.499,0,0,0,0,0,0,0,110,53,1.192,1,2059,0,367.990,3.239,184.313,317.813,-21.000,0.141,-0.125,1.793,2.133,-2.438,8.227,3.338,3.732,1.022,1.347,0,NULL,NULL,,2,0,2,7,255,1125,250,0,0
pre_stim,26510,26510,0,26510,3223809.455,0.860,-0.048,-0.092,0.500,0,0,0,0,0,0,0,112,53,1.192,1,2059,0,383.543,4.581,219.813,313.875,-16.438,0.266,-0.160,1.816,2.133,-4.055,7.289,3.328,3.724,1.022,1.347,0,NULL,NULL,,2,0,2,7,255,1125,250,0,0
pre_stim,26510,26510,0,26510,3223814.454,0.857,-0.064,-0.098,0.501,0,0,0,0,0,0,0,119,53,1.192,1,2059,0,404.748,6.318,259.250,310.563,-12.688,0.426,-0.168,1.953,2.273,-5.895,7.289,3.308,3.706,1.022,1.347,0,NULL,NULL,,2,0,2,7,255,1125,250,0,0
pre_stim,26510,26510,0,26510,3223819.455,0.855,-0.082,-0.103,0.502,0,0,0,0,0,0,0,112,53,1.192,1,2059,0,427.533,8.642,294.938,309.375,-9.125,0.586,-0.156,2.172,2.988,-8.109,7.867,3.280,3.680,1.022,1.347,0,NULL,NULL,,2,0,2,7,255,1125,250,0,0
pre_stim,26510,26510,0,26510,3223824.454,0.852,-0.100,-0.107,0.503,0,0,0,0,0,0,0,107,53,1.192,1,2059,0,447.765,11.194,323.500,309.563,-3.563,0.719,-0.148,2.438,3.879,-10.500,9.273,3.242,3.644,1.022,1.347,0,NULL,NULL,,2,0,2,7,255,1125,250,0,0
pre_stim,26510,26510,0,26510,3223829.455,0.848,-0.120,-0.111,0.504,0,0,0,0,0,0,0,107,53,1.192,1,2059,0,462.666,13.770,342.375,311.188,1.313,0.824,-0.109,2.738,4.586,-12.984,11.043,3.188,3.594,1.022,1.347,0,NULL,NULL,,2,0,2,7,255,1125,250,0,0
pre_stim,26533,26533,0,26533,3223834.454,0.845,-0.140,-0.116,0.504,0,0,0,0,0,0,0,105,53,1.192,1,2059,0,467.494,16.242,346.000,314.375,1.625,0.910,-0.035,3.031,5.316,-15.348,13.074,3.126,3.532,1.022,1.347,0,NULL,NULL,,2,0,2,7,255,1125,250,0,0
pre_stim,26533,26533,0,26533,3223839.455,0.840,-0.159,-0.120,0.504,0,0,0,0,0,0,0,109,53,1.192,1,2059,0,458.992,18.649,330.313,318.688,-2.438,0.973,0.055,3.262,6.219,-17.582,14.996,3.050,3.458,1.022,1.347,0,NULL,NULL,,2,0,2,7,255,1125,250,0,0
pre_stim,26533,26533,0,26533,3223844.453,0.836,-0.177,-0.125,0.504,0,0,0,0,0,0,0,125,53,1.192,1,2059,0,439.050,20.731,300.563,320.000,-5.188,1.004,0.141,3.434,7.016,-19.508,16.359,2.966,3.376,1.022,1.347,0,NULL,NULL,,2,0,2,7,255,1125,250,0,0
pre_stim,26533,26533,0,26533,3223849.455,0.832,-0.193,-0.131,0.504,0,0,0,0,0,0,0,145,53,1.192,1,2059,0,408.315,22.417,257.000,317.125,-10.188,1.086,0.273,3.547,7.684,-21.059,17.246,2.872,3.284,1.022,1.347,0,NULL,NULL,,2,0,2,7,255,1125,250,0,0
pre_stim,26533,26533,0,26533,3223854.453,0.828,-0.207,-0.138,0.503,0,0,0,0,0,0,0,159,53,1.192,1,2059,0,373.947,24.314,205.313,311.750,-22.250,1.332,0.441,3.602,9.004,-22.586,17.246,2.770,3.184,1.022,1.347,0,NULL,NULL,,2,0,2,7,255,1125,250,0,0
pre_stim,26533,26533,0,26533,3223859.455,0.824,-0.218,-0.146,0.503,0,0,0,0,0,0,0,188,53,1.192,1,2059,0,335.861,27.421,142.875,302.313,-31.563,1.719,0.484,3.453,11.445,-24.918,16.355,2.660,3.074,1.022,1.347,0,NULL,NULL,,2,0,2,7,255,1125,250,0,0
pre_stim,26533,26533,0,26533,3223864.454,0.820,-0.227,-0.155,0.502,0,0,0,0,0,0,0,221,53,1.192,1,2059,0,299.363,30.575,82.125,287.250,-19.000,2.098,0.242,3.074,12.895,-27.723,12.684,2.540,2.954,1.022,1.347,0,NULL,NULL,,2,0,2,7,255,1125,250,0,0
pre_stim,26533,26533,0,26533,3223869.455,0.818,-0.235,-0.164,0.499,0,0,0,0,0,0,0,247,53,1.192,1,2059,0,269.814,32.776,40.375,266.500,12.125,2.352,-0.102,2.543,12.895,-30.133,6.445,2.410,2.824,1.022,1.347,0,NULL,NULL,,2,0,2,7,255,1125,250,0,0
pre_stim,26562,26562,0,26562,3223874.454,0.817,-0.241,-0.172,0.496,0,0,0,0,0,0,0,279,53,1.192,1,2059,0,247.486,32.046,23.063,243.500,37.750,2.516,-0.340,1.965,10.906,-30.133,-0.582,2.272,2.686,1.022,1.347,0,NULL,NULL,,2,0,2,7,255,1125,250,0,0
pre_stim,26562,26562,0,26562,3223879.455,0.816,-0.247,-0.178,0.492,0,0,0,0,0,0,0,301,53,1.192,1,2059,0,228.114,31.387,34.938,218.500,55.438,2.715,-0.488,1.453,9.391,-29.949,-7.293,2.132,2.544,1.022,1.347,0,NULL,NULL,,2,0,2,7,255,1125,250,0,0
pre_stim,26562,26562,0,26562,3223884.454,0.815,-0.255,-0.183,0.488,0,0,0,0,0,0,0,319,53,1.192,1,2059,0,218.594,30.579,69.500,194.250,72.250,2.957,-0.652,1.098,8.773,-29.293,-13.324,1.990,2.400,1.022,1.347,0,NULL,NULL,,2,0,2,7,255,1125,250,0,0
pre_stim,26562,26562,0,26562,3223889.455,0.814,-0.263,-0.186,0.484,0,0,0,0,0,0,0,327,53,1.192,1,2059,0,227.009,30.454,115.625,170.875,94.688,3.184,-0.910,0.914,8.328,-29.293,-18.324,1.848,2.256,1.022,1.347,0,NULL,NULL,,2,0,2,7,255,1125,250,0,0
pre_stim,26562,26562,0,26562,3223894.453,0.813,-0.273,-0.186,0.479,0,0,0,0,0,0,0,333,53,1.192,1,2059,0,261.236,31.415,169.688,150.438,129.688,3.328,-1.047,0.926,7.188,-30.582,-22.043,1.702,2.108,1.022,1.347,0,NULL,NULL,,2,0,2,7,255,1125,250,0,0
pre_stim,26562,26562,0,26562,3223899.455,0.813,-0.284,-0.185,0.474,0,0,0,0,0,0,0,330,53,1.192,1,2059,0,269.028,32.646,190.313,124.688,143.563,3.145,-1.539,1.270,6.945,-31.898,-22.043,1.552,1.956,1.022,1.347,0,NULL,NULL,,2,0,2,7,255,1125,250,0,0
pre_stim,26616,26616,0,26616,3223904.453,0.812,-0.294,-0.184,0.470,0,0,0,0,0,0,0,325,53,1.192,1,2059,0,247.946,34.357,188.313,105.938,121.625,2.965,-1.703,1.344,2.340,-34.277,-21.695,1.396,1.796,1.022,1.347,0,NULL,NULL,,2,0,2,7,255,1125,250,0,0
pre_stim,26616,26616,0,26616,3223909.455,0.811,-0.304,-0.181,0.466,0,0,0,0,0,0,0,315,53,1.192,1,2059,0,248.309,34.525,208.750,75.063,111.563,3.031,-2.094,1.371,0.320,-34.523,-21.695,1.234,1.632,1.022,1.347,0,NULL,NULL,,2,0,2,7,255,1125,250,0,0
pre_stim,26616,26616,0,26616,3223914.454,0.810,-0.315,-0.176,0.463,0,0,0,0,0,0,0,312,53,1.192,1,2059,0,289.603,36.325,254.063,44.688,131.625,2.848,-2.066,1.789,-2.516,-36.238,-21.113,1.068,1.464,1.022,1.347,0,NULL,NULL,,2,0,2,7,255,1125,250,0,0
pre_stim,26616,26616,0,26616,3223919.455,0.809,-0.325,-0.169,0.461,0,0,0,0,0,0,0,312,53,1.192,1,2059,0,290.261,36.325,262.438,1.438,124.000,1.965,-1.133,2.734,-2.516,-36.238,-19.293,0.898,1.288,1.022,1.347,0,NULL,NULL,,2,0,2,7,255,1125,250,0,0
pre_stim,26616,26616,0,26616,3223924.454,0.808,-0.330,-0.164,0.460,0,0,0,0,0,0,0,295,53,1.192,1,2059,0,159.311,37.483,148.500,-30.938,48.688,1.930,-0.531,3.758,0.410,-37.480,-4.801,0.724,1.106,1.022,1.347,0,NULL,NULL,,2,0,2,7,255,1125,250,0,0
pre_stim,26616,26616,0,26616,3223929.455,0.809,-0.331,-0.160,0.459,0,0,0,0,0,0,0,295,53,1.192,1,2059,0,113.013,38.173,44.438,-59.500,85.188,2.203,-0.926,3.160,3.047,-38.051,-2.328,0.558,0.922,1.022,1.347,0,NULL,NULL,,2,0,2,7,255,1125,250,0,0
pre_stim,26616,26616,0,26616,3223934.453,0.811,-0.330,-0.156,0.457,0,0,0,0,0,0,0,342,53,1.192,1,2059,0,116.480,38.173,0.750,-91.313,72.313,1.059,-0.699,2.934,3.047,-38.051,3.336,0.414,0.744,1.022,1.347,0,NULL,NULL,,2,0,2,7,255,1125,250,0,0
pre_stim,26616,26616,0,26616,3223939.455,0.812,-0.330,-0.147,0.458,10,0,0,349,0,0,0,360,53,1.192,1,2059,0,191.246,30.926,76.438,-164.375,60.938,0.270,-0.352,4.305,-0.977,-30.910,3.336,0.310,0.574,1.022,1.347,0,NULL,NULL,,2,0,2,7,255,1125,250,0,0
pre_stim,26616,26616,0,26616,3223944.454,0.818,-0.328,-0.134,0.453,499,0,0,959,0,21,0,366,53,1.192,1,2059,0,356.388,30.926,44.125,-261.063,238.563,0.070,1.660,6.602,-0.977,-30.910,19.148,0.278,0.414,1.022,1.347,0,NULL,NULL,,2,0,2,7,255,1125,250,0,0
pre_stim,26616,26616,0,26616,3223949.455,0.835,-0.298,-0.140,0.440,955,0,0,1379,0,168,0,427,53,1.192,1,2059,0,851.134,32.641,-790.188,-155.125,275.625,-0.938,2.582,3.473,10.488,-30.910,30.672,0.332,0.272,1.022,1.347,0,NULL,NULL,,2,0,2,7,255,1125,250,0,0
pre_stim,26643,26643,0,26643,3223954.453,0.852,-0.261,-0.149,0.429,1471,0,0,1707,0,355,0,503,53,1.192,1,2059,0,981.197,15.645,-947.375,-180.375,180.813,-1.430,3.078,-0.516,15.297,-3.281,30.672,0.406,0.198,1.022,1.347,0,NULL,NULL,,2,0,2,7,255,1125,250,0,0
pre_stim,26643,26643,0,26643,3223959.455,0.860,-0.239,-0.154,0.423,1787,0,0,1881,0,487,0,552,53,1.192,1,2060,0,571.359,31.362,-546.125,-137.250,96.750,-2.023,1.750,-1.828,15.297,27.379,1.512,0.438,0.196,1.022,1.347,1,1128.000,3.000,,2,0,2,7,255,1125,250,0,0
pre_stim,26643,26643,0,26643,3223964.454,0.863,-0.227,-0.153,0.425,2018,0,0,1959,0,583,0,612,53,1.192,1,2060,0,271.815,27.380,-222.125,-143.875,-62.000,-1.359,0.309,-0.496,0.270,27.379,-7.176,0.442,0.234,1.022,1.347,1,NULL,NULL,,2,0,2,7,255,1125,250,0,0
pre_stim,26643,26643,0,26643,3223969.455,0.862,-0.222,-0.150,0.430,2173,0,0,2057,0,714,0,674,53,1.192,1,2060,0,173.810,12.917,-58.500,-133.188,-95.125,0.082,0.410,0.863,0.270,12.914,-7.176,0.438,0.284,1.022,1.347,1,NULL,NULL,,2,0,2,7,255,1125,250,0,0
pre_stim,26660,26660,0,26660,3223974.454,0.865,-0.215,-0.147,0.430,2342,0,0,2157,0,873,0,747,53,1.192,1,2060,0,175.114,5.112,-113.500,-132.938,10.500,0.578,1.426,1.438,4.410,-2.586,-1.949,0.448,0.336,1.022,1.347,1,NULL,NULL,,2,0,2,7,255,1125,250,0,0
pre_stim,26660,26660,0,26660,3223979.455,0.869,-0.205,-0.145,0.426,2564,0,0,2395,0,949,0,795,53,1.192,1,2060,0,268.531,13.316,-214.625,-136.875,85.500,-0.059,1.535,1.484,13.063,-2.586,3.059,0.474,0.384,1.022,1.347,1,NULL,NULL,,2,0,2,7,255,1125,250,0,0
pre_stim,26660,26660,0,26660,3223984.453,0.875,-0.191,-0.144,0.422,2709,0,0,2580,0,986,0,821,53,1.192,1,2060,0,358.581,13.236,-313.000,-146.313,95.938,-1.367,-0.023,0.719,13.063,2.137,3.059,0.504,0.430,1.022,1.347,1,NULL,NULL,,2,0,2,7,255,1125,250,0,0
pre_stim,26660,26660,0,26660,3223989.455,0.880,-0.175,-0.143,0.417,2820,0,0,2712,0,1007,0,919,53,1.192,1,2060,0,420.361,9.106,-367.813,-186.563,81.313,-1.941,-1.523,-0.285,-7.551,5.090,1.961,0.520,0.468,1.022,1.347,1,NULL,NULL,,2,0,2,7,255,1125,250,0,0
pre_stim,26683,26683,0,26683,3223994.454,0.881,-0.162,-0.141,0.421,2887,0,0,2807,0,1049,0,1049,53,1.192,1,2060,0,307.860,22.379,-224.938,-183.750,-102.063,-1.621,-1.457,-0.645,-21.793,5.090,-7.160,0.506,0.482,1.022,1.347,2,NULL,NULL,,2,0,2,7,255,1125,250,0,0
pre_stim,26683,26683,0,26683,3223999.455,0.880,-0.156,-0.135,0.429,2951,0,0,2886,0,1074,0,1149,53,1.192,1,2060,0,264.067,22.315,-34.313,-196.313,-173.250,-0.398,-0.535,-0.055,-21.793,4.801,-9.531,0.468,0.480,1.022,1.347,2,NULL,NULL,,2,0,2,7,255,1125,250,0,0
pre_stim,26713,26713,0,26713,3224004.453,0.878,-0.154,-0.127,0.436,2989,0,0,2938,0,1101,0,1197,53,1.192,1,2060,0,254.540,6.628,78.625,-194.563,-144.063,0.445,-0.344,1.184,-6.625,-0.211,-9.531,0.430,0.468,1.022,1.347,2,NULL,NULL,,2,0,2,7,255,1125,250,0,0
pre_stim,26713,26713,0,26713,3224009.455,0.877,-0.152,-0.120,0.440,3029,0,0,3012,0,1161,0,1242,53,1.192,1,2060,0,192.709,9.440,35.063,-177.063,-67.500,0.773,-0.898,2.066,-0.703,-9.414,-1.074,0.402,0.444,1.022,1.347,2,NULL,NULL,,2,0,2,7,255,1125,250,0,0
pre_stim,26713,26713,0,26713,3224014.454,0.879,-0.145,-0.115,0.440,3043,0,0,3047,0,1253,0,1272,53,1.192,1,2060,0,193.121,17.924,-91.438,-169.938,7.500,0.836,-1.344,2.094,-0.703,-17.910,5.031,0.388,0.408,1.022,1.347,2,NULL,NULL,,2,0,2,7,255,1125,250,0,0
pre_stim,26713,26713,0,26713,3224019.455,0.882,-0.136,-0.112,0.436,3063,0,0,3065,0,1363,0,1293,53,1.192,1,2060,0,252.699,18.316,-183.625,-151.688,84.438,0.648,-1.324,1.266,-3.836,-17.910,5.031,0.386,0.362,1.022,1.347,2,NULL,NULL,,2,0,2,7,255,1125,250,0,0
pre_stim,26713,26713,0,26713,3224024.454,0.887,-0.128,-0.109,0.431,3067,0,0,3097,0,1451,0,1317,53,1.192,1,2060,0,256.542,17.295,-160.438,-143.938,139.125,0.156,-1.027,0.566,-5.367,-16.441,-1.590,0.388,0.314,1.022,1.347,2,NULL,NULL,,2,0,2,7,255,1125,250,0,0
pre_stim,26713,26713,0,26713,3224029.455,0.891,-0.123,-0.104,0.425,3080,0,0,3111,0,1579,0,1357,53,1.192,1,2060,0,218.977,11.055,-82.125,-140.188,146.813,-0.254,-0.719,0.633,-6.469,-8.965,-3.895,0.388,0.270,1.022,1.347,2,NULL,NULL,,2,0,2,7,255,1125,250,0,0
pre_stim,26713,26713,0,26713,3224034.453,0.894,-0.119,-0.099,0.421,3090,0,0,3125,0,1723,0,1426,53,1.192,1,2060,0,185.118,7.814,-35.188,-137.313,119.063,-0.398,-0.195,0.992,-6.469,-4.383,-3.895,0.382,0.238,1.022,1.347,2,NULL,NULL,,2,0,2,7,255,1125,250,0,0
pre_stim,26713,26713,0,26713,3224039.455,0.896,-0.116,-0.094,0.418,3096,0,0,3147,43,1829,0,1471,53,1.192,1,2060,0,157.594,3.239,-31.813,-132.563,79.063,-0.355,0.320,1.238,-3.039,-1.121,0.387,0.376,0.222,1.022,1.347,2,NULL,NULL,,2,0,2,7,255,1125,250,0,0
pre_stim,26713,26713,1,26713,3224044.454,0.898,-0.112,-0.090,0.417,3107,0,0,3147,116,1919,4,1557,53,1.192,1,2060,0,144.920,1.434,-55.313,-125.125,47.813,-0.230,0.383,1.328,1.293,0.621,3.059,0.374,0.210,1.022,1.347,2,NULL,NULL,,2,1,2,7,255,1125,250,0,0
pre_stim,26713,26713,1,26713,3224049.455,0.899,-0.107,-0.086,0.415,3109,0,0,3147,301,2032,31,1671,53,1.192,1,2060,0,150.333,1.434,-88.250,-117.250,32.625,-0.109,0.070,1.258,1.293,0.621,3.059,0.378,0.198,1.022,1.347,2,NULL,NULL,,2,1,2,7,255,1125,250,0,0
pre_stim,26743,26743,1,26743,3224054.453,0.901,-0.101,-0.084,0.414,3101,0,0,3141,594,2124,121,1784,53,1.192,1,2060,0,154.243,2.034,-103.438,-110.813,28.500,-0.070,-0.234,1.051,0.883,-1.832,2.402,0.386,0.184,1.022,1.347,2,NULL,NULL,,2,1,2,7,255,1125,250,0,0
pre_stim,26743,26743,1,26743,3224059.455,0.901,-0.097,-0.082,0.414,3099,0,0,3149,766,2181,173,1909,53,1.192,1,2060,0,108.865,3.458,-64.563,-87.563,4.000,0.086,-0.301,1.406,-0.527,-3.418,2.402,0.396,0.168,1.022,1.347,2,NULL,NULL,,2,1,2,7,255,1125,250,0,0
pre_stim,26743,26743,1,26743,3224064.454,0.901,-0.094,-0.080,0.416,3100,0,0,3153,969,2227,180,1989,53,1.192,1,2060,0,82.060,5.043,-44.438,-51.188,-46.250,0.293,-0.027,1.254,-0.527,-5.016,1.484,0.408,0.152,1.022,1.347,2,NULL,NULL,,2,1,2,7,255,1125,250,0,0
pre_stim,26743,26743,1,26743,3224069.455,0.901,-0.092,-0.079,0.417,3101,0,0,3157,1093,2253,190,2037,53,1.192,1,2060,0,58.749,5.677,-11.250,-48.500,-31.188,0.676,0.602,0.914,2.660,-5.016,1.484,0.424,0.136,1.022,1.347,2,NULL,NULL,,2,1,2,7,255,1125,250,0,0
pre_stim,26743,26743,1,26743,3224074.454,0.901,-0.093,-0.077,0.417,3103,0,0,3159,1191,2285,219,2085,53,1.192,1,2060,0,46.860,7.048,22.875,-33.250,23.813,0.379,0.348,1.418,6.086,-3.555,1.484,0.446,0.118,1.022,1.347,2,NULL,NULL,,2,1,2,7,255,1125,250,0,0
pre_stim,26743,26743,1,26743,3224079.455,0.902,-0.090,-0.077,0.415,3103,0,0,3159,1258,2314,237,2131,53,1.192,1,2060,0,79.671,6.811,-60.250,-23.188,46.688,-0.363,-0.125,1.625,6.086,-3.059,3.148,0.466,0.100,1.022,1.347,2,NULL,NULL,,2,1,2,7,255,1125,250,0,0
pre_stim,26775,26775,1,26775,3224084.453,0.903,-0.085,-0.078,0.415,3110,13,0,3159,1338,2327,251,2159,53,1.192,1,2060,0,111.811,2.264,-110.000,-18.375,-8.000,-0.602,0.184,0.930,-1.660,-1.539,3.148,0.480,0.090,1.022,1.347,2,NULL,NULL,,2,1,2,7,255,1125,250,0,0
pre_stim,26775,26775,1,26775,3224089.455,0.901,-0.083,-0.079,0.418,3101,27,0,3163,1417,2344,255,2196,53,1.192,1,2060,0,96.320,2.681,-52.375,-13.938,-79.625,-0.250,0.266,0.688,-1.660,2.105,0.445,0.488,0.084,1.022,1.347,2,NULL,NULL,,2,1,2,7,255,1125,250,0,0
pre_stim,26775,26775,1,26775,3224094.454,0.900,-0.082,-0.079,0.421,3107,35,0,3164,1479,2357,279,2219,53,1.192,1,2060,0,85.524,2.324,-6.938,-12.125,-84.375,0.230,0.027,1.059,0.984,2.105,-0.168,0.496,0.080,1.022,1.347,2,NULL,NULL,,2,1,2,7,255,1125,250,0,0
pre_stim,26775,26775,1,26775,3224099.455,0.899,-0.080,-0.079,0.422,3109,39,0,3160,1541,2364,295,2247,53,1.192,1,2060,0,45.714,4.264,-27.438,-8.500,-35.563,0.215,-0.027,1.254,2.270,-3.609,-0.168,0.506,0.074,1.022,1.347,2,NULL,NULL,,2,1,2,7,255,1125,250,0,0
pre_stim,26810,26810,1,26810,3224104.453,0.900,-0.078,-0.080,0.422,3103,91,0,3164,1591,2381,303,2270,53,1.192,1,2060,0,65.530,4.264,-64.688,-6.125,-8.500,-0.129,0.043,1.066,2.270,-3.609,0.699,0.518,0.064,1.022,1.347,2,NULL,NULL,,2,1,2,7,255,1125,250,0,0
pre_stim,26810,26810,1,26810,3224109.455,0.899,-0.075,-0.081,0.423,3106,107,0,3167,1622,2393,297,2295,53,1.192,1,2060,0,72.305,0.971,-64.938,-3.313,-31.625,-0.313,-0.016,0.855,0.531,-0.813,0.699,0.530,0.056,1.022,1.347,2,NULL,NULL,,2,1,2,7,255,1125,250,0,0
pre_stim,26810,26810,1,26810,3224114.454,0.898,-0.073,-0.082,0.425,3107,123,0,3166,1659,2403,291,2313,53,1.192,1,2060,0,66.421,1.423,-39.750,-4.000,-53.063,-0.160,-0.133,0.816,-1.168,-0.813,-0.980,0.538,0.050,1.022,1.347,2,NULL,NULL,,2,1,2,7,255,1125,250,0,0
pre_stim,26810,26810,1,26810,3224119.455,0.897,-0.072,-0.082,0.427,3102,147,0,3171,1694,2419,302,2324,53,1.192,1,2060,0,55.174,1.646,-18.063,-5.188,-51.875,0.004,-0.109,0.922,-1.168,-1.160,-1.035,0.544,0.046,1.022,1.347,2,NULL,NULL,,2,1,2,7,255,1125,250,0,0
pre_stim,26810,26810,1,26810,3224124.454,0.897,-0.071,-0.082,0.428,3100,156,9,3177,1719,2425,305,2343,53,1.192,1,2060,0,31.329,2.218,-15.063,-5.063,-27.000,0.031,-0.020,1.039,0.125,-2.215,-1.035,0.552,0.040,1.022,1.347,2,NULL,NULL,,2,1,2,7,255,1125,250,0,0
pre_stim,26810,26810,1,26810,3224129.455,0.897,-0.070,-0.082,0.429,3116,172,17,3180,1757,2425,309,2345,53,1.192,1,2060,0,27.735,2.264,-21.625,-2.000,-17.250,-0.059,-0.035,1.070,0.469,-2.215,0.066,0.562,0.034,1.022,1.347,2,NULL,NULL,,2,1,2,7,255,1125,250,0,0
pre_stim,26833,26833,1,26833,3224134.454,0.897,-0.068,-0.083,0.429,3111,200,85,3167,1773,2429,309,2362,53,1.192,1,2060,0,27.767,1.784,-25.438,-1.250,-11.063,-0.063,-0.027,1.012,0.477,-1.719,0.066,0.572,0.028,1.022,1.347,2,NULL,NULL,,2,1,2,7,255,1125,250,0,0
pre_stim,26833,26833,1,26833,3224139.455,0.897,-0.068,-0.083,0.430,3109,217,121,3175,1792,2453,293,2357,53,1.192,1,2060,0,21.398,1.575,-20.063,-0.250,-7.438,-0.133,-0.047,0.945,0.469,-1.504,0.004,0.580,0.020,1.022,1.347,2,NULL,NULL,,2,1,2,7,255,1125,250,0,0
pre_stim,26833,26833,1,26833,3224144.454,0.896,-0.067,-0.083,0.430,3109,221,157,3176,1813,2444,295,2361,53,1.192,1,2060,0,16.403,0.950,-11.250,-0.063,-11.938,-0.160,-0.012,0.977,-0.027,-0.949,-0.133,0.590,0.014,1.022,1.347,2,NULL,NULL,,2,1,2,7,255,1125,250,0,0
pre_stim,26833,26833,1,26833,3224149.455,0.896,-0.067,-0.083,0.430,3111,224,180,3172,1828,2443,292,2363,53,1.214,1,2060,1,14.085,0.723,-7.063,-2.125,-12.000,-0.145,0.004,1.027,-0.027,-0.723,-0.133,0.000,0.000,1.018,1.359,2,NULL,NULL,,2,1,2,7,255,1125,250,0,0
pre_stim,26833,26833,1,26833,3224154.453,0.896,-0.066,-0.083,0.431,3109,221,227,3177,1837,2451,291,2377,53,1.214,1,2060,1,12.753,0.738,-7.375,-1.375,-10.313,-0.137,-0.016,1.023,0.148,-0.723,0.293,0.006,0.002,1.018,1.359,2,NULL,NULL,,2,1,2,7,255,1125,250,0,0
pre_stim,26833,26833,1,26833,3224159.455,0.896,-0.066,-0.083,0.431,3115,219,252,3179,1851,2447,275,2373,53,1.214,1,2060,1,11.249,0.857,-7.000,-1.438,-8.688,-0.141,-0.035,1.008,0.148,-0.844,0.293,0.010,0.006,1.018,1.359,2,NULL,NULL,,2,1,2,7,255,1125,250,0,0
pre_stim,26833,26833,1,26833,3224164.454,0.896,-0.065,-0.083,0.431,3099,213,273,3173,1863,2455,285,2373,53,1.214,1,2060,1,8.575,0.845,-4.438,-2.563,-6.875,-0.148,-0.031,1.012,-0.047,-0.844,0.195,0.014,0.008,1.018,1.359,2,NULL,NULL,,2,1,2,7,255,1125,250,0,0
pre_stim,26833,26833,1,26833,3224169.455,0.896,-0.065,-0.083,0.432,3097,215,299,3165,1876,2449,283,2377,53,1.214,1,2060,1,7.011,0.814,-1.625,-3.125,-6.063,-0.152,0.004,1.016,-0.047,-0.813,0.195,0.020,0.012,1.018,1.359,2,NULL,NULL,,2,1,2,7,255,1125,250,0,0
pre_stim,26862,26862,1,26862,3224174.454,0.896,-0.065,-0.083,0.432,3093,214,326,3161,1876,2446,283,2381,53,1.214,1,2060,1,5.942,0.614,-0.813,-3.938,-4.375,-0.176,0.027,1.008,0.195,-0.582,0.207,0.024,0.014,1.018,1.359,2,NULL,NULL,,2,1,2,7,255,1125,250,0,0
pre_stim,26862,26862,1,26862,3224179.455,0.896,-0.065,-0.083,0.432,3087,211,342,3159,1883,2446,284,2389,53,1.214,1,2060,1,7.307,0.324,-1.125,-4.750,-5.438,-0.195,0.043,1.004,0.215,-0.242,0.215,0.028,0.018,1.018,1.359,2,NULL,NULL,,2,1,2,7,255,1125,250,0,0
pre_stim,26862,26862,1,26862,3224184.454,0.896,-0.065,-0.083,0.432,3081,211,351,3150,1892,2449,291,2395,53,1.214,1,2060,1,9.679,0.324,-1.125,-5.688,-7.750,-0.176,0.023,0.996,0.215,-0.242,0.207,0.032,0.020,1.018,1.359,2,NULL,NULL,,2,1,2,7,255,1125,250,0,0
pre_stim,26862,26862,1,26862,3224189.455,0.895,-0.064,-0.082,0.433,3077,207,384,3145,1900,2441,295,2389,53,1.214,1,2060,1,9.859,0.316,-0.875,-6.188,-7.625,-0.137,-0.012,0.992,0.188,-0.254,0.109,0.036,0.024,1.018,1.359,2,NULL,NULL,,2,1,2,7,255,1125,250,0,0
pre_stim,26862,26862,1,26862,3224194.454,0.895,-0.064,-0.082,0.433,3062,211,403,3141,1910,2439,293,2393,53,1.214,1,2060,1,8.332,0.745,-0.063,-6.313,-5.438,-0.125,-0.023,0.988,0.148,-0.730,-0.020,0.040,0.026,1.018,1.359,2,NULL,NULL,,2,1,2,7,255,1125,250,0,0
pre_stim,26862,26862,1,26862,3224199.455,0.895,-0.064,-0.082,0.433,3055,207,420,3131,1909,2431,287,2393,53,1.214,1,2060,1,8.215,0.749,1.438,-5.813,-5.625,-0.137,-0.012,0.988,0.129,-0.738,-0.059,0.042,0.028,1.018,1.359,2,NULL,NULL,,2,1,2,7,255,1125,250,0,0
pre_stim,26916,26916,1,26916,3224204.453,0.895,-0.064,-0.081,0.433,3056,209,437,3124,1911,2428,287,2393,53,1.214,1,2060,1,9.633,0.749,2.375,-4.813,-8.000,-0.133,0.004,0.992,0.129,-0.738,-0.059,0.044,0.028,1.018,1.359,2,NULL,NULL,,2,1,2,7,255,1125,250,0,0
pre_stim,26916,26916,1,26916,3224209.457,0.895,-0.064,-0.081,0.434,3039,210,466,3116,1910,2426,295,2395,53,1.214,1,2060,1,9.761,0.777,2.188,-3.875,-8.688,-0.125,-0.004,0.988,0.242,-0.738,-0.059,0.046,0.028,1.018,1.359,2,NULL,NULL,,2,1,2,7,255,1125,250,0,0
pre_stim,26916,26916,1,26916,3224214.454,0.895,-0.064,-0.081,0.434,3035,199,483,3103,1911,2423,295,2401,53,1.214,1,2060,1,8.093,0.781,1.438,-4.125,-6.813,-0.145,-0.031,0.977,0.242,-0.742,-0.063,0.044,0.026,1.018,1.359,2,NULL,NULL,,2,1,2,7,255,1125,250,0,0
pre_stim,26916,26916,1,26916,3224219.455,0.895,-0.064,-0.081,0.434,3017,199,509,3108,1914,2415,292,2397,53,1.214,1,2060,1,7.873,0.746,2.000,-4.438,-6.188,-0.172,-0.035,0.957,-0.074,-0.742,-0.156,0.044,0.024,1.018,1.359,2,NULL,NULL,,2,1,2,7,255,1125,250,0,0
pre_stim,26916,26916,1,26916,3224224.454,0.895,-0.064,-0.080,0.435,3014,201,529,3091,1927,2421,297,2400,53,1.214,1,2060,1,10.412,0.621,4.063,-5.188,-8.063,-0.188,-0.027,0.949,-0.301,-0.543,-0.305,0.042,0.022,1.018,1.359,2,NULL,NULL,,2,1,2,7,255,1125,250,0,0
pre_stim,26916,26916,1,26916,3224229.455,0.895,-0.064,-0.080,0.435,3015,201,567,3080,1931,2423,299,2404,53,1.214,1,2060,1,13.260,0.472,6.063,-6.250,-10.000,-0.176,-0.008,0.961,-0.301,-0.363,-0.305,0.040,0.020,1.018,1.359,2,NULL,NULL,,2,1,2,7,255,1125,250,0,0
pre_stim,26916,26916,1,26916,3224234.454,0.894,-0.064,-0.080,0.436,2992,207,606,3077,1940,2410,308,2412,53,1.214,1,2060,1,14.052,0.377,6.813,-7.563,-9.688,-0.164,0.020,0.973,-0.137,-0.352,-0.258,0.038,0.020,1.018,1.359,2,NULL,NULL,,2,1,2,7,255,1125,250,0,0
pre_stim,26916,26916,1,26916,3224239.455,0.894,-0.064,-0.079,0.436,2987,201,632,3053,1965,2423,331,2414,53,1.214,1,2060,1,13.394,0.315,5.875,-8.938,-8.063,-0.164,0.043,0.988,0.133,-0.285,-0.133,0.038,0.018,1.018,1.359,2,NULL,NULL,,2,1,2,7,255,1125,250,0,0
pre_stim,26916,26916,1,26916,3224244.453,0.894,-0.064,-0.079,0.436,2979,203,664,3042,1977,2413,355,2423,53,1.214,1,2060,1,13.283,0.358,4.813,-10.125,-7.125,-0.164,0.051,0.992,0.324,-0.152,-0.004,0.038,0.018,1.018,1.359,2,NULL,NULL,,2,1,2,7,255,1125,250,0,0
pre_stim,26916,26916,1,26916,3224249.455,0.894,-0.064,-0.078,0.436,2967,217,680,3037,1994,2425,391,2441,53,1.214,1,2060,1,13.896,0.398,5.063,-11.563,-5.813,-0.160,0.051,0.996,0.371,-0.145,0.047,0.040,0.016,1.018,1.359,2,NULL,NULL,,2,1,2,7,255,1125,250,0,0
pre_stim,26941,26941,1,26941,3224254.453,0.894,-0.064,-0.077,0.437,2949,223,727,3029,2025,2419,415,2455,53,1.214,1,2060,1,14.582,0.437,5.750,-12.750,-4.125,-0.160,0.082,0.996,0.422,-0.113,0.059,0.042,0.016,1.018,1.359,2,NULL,NULL,,2,1,2,7,255,1125,250,0,0
pre_stim,26941,26941,1,26941,3224259.455,0.894,-0.064,-0.077,0.437,2936,230,789,3008,2055,2423,437,2461,53,1.214,1,2060,1,14.823,0.669,5.188,-13.500,-3.250,-0.152,0.113,1.020,0.668,0.043,0.090,0.046,0.016,1.018,1.359,2,NULL,NULL,,2,1,2,7,255,1125,250,0,0
pre_stim,26941,26941,1,26941,3224264.454,0.894,-0.064,-0.076,0.437,2909,231,845,2999,2084,2424,461,2476,53,1.214,1,2060,1,14.199,0.953,2.063,-13.813,-2.563,-0.141,0.117,1.027,0.949,0.082,0.289,0.048,0.018,1.018,1.359,2,NULL,NULL,,2,1,2,7,255,1125,250,0,0
pre_stim,26941,26941,1,26941,3224269.455,0.894,-0.064,-0.075,0.437,2899,237,936,2986,2120,2427,499,2489,53,1.214,1,2060,1,14.019,1.040,-0.188,-13.938,-1.500,-0.141,0.125,1.016,1.031,0.133,0.289,0.050,0.020,1.018,1.359,2,NULL,NULL,,2,1,2,7,255,1125,250,0,0
pre_stim,26960,26960,1,26960,3224274.454,0.894,-0.063,-0.075,0.437,2875,253,985,2975,2160,2439,553,2513,53,1.214,1,2060,1,14.479,1.100,0.000,-14.313,-2.188,-0.148,0.137,1.012,1.090,0.152,0.254,0.054,0.024,1.018,1.359,2,NULL,NULL,,2,1,2,7,255,1125,250,0,0
pre_stim,26960,26960,1,26960,3224279.455,0.894,-0.063,-0.074,0.437,2878,270,1080,2969,2215,2441,647,2525,53,1.214,1,2060,1,15.113,1.131,1.000,-14.313,-4.750,-0.148,0.137,1.016,1.090,0.301,0.254,0.056,0.026,1.018,1.359,2,NULL,NULL,,2,1,2,7,255,1125,250,0,0
pre_stim,26960,26960,1,26960,3224284.454,0.894,-0.063,-0.073,0.438,2854,280,1145,2955,2251,2441,725,2539,53,1.214,1,2060,1,15.454,1.131,0.188,-14.188,-6.125,-0.148,0.121,1.016,1.090,0.301,0.242,0.056,0.028,1.018,1.359,2,NULL,NULL,,2,1,2,7,255,1125,250,0,0
pre_stim,26960,26960,1,26960,3224289.455,0.894,-0.063,-0.073,0.438,2837,293,1193,2941,2283,2451,810,2553,53,1.214,1,2060,1,16.103,0.994,-1.875,-13.813,-8.063,-0.152,0.098,1.012,0.973,0.207,0.238,0.058,0.032,1.018,1.359,2,NULL,NULL,,2,1,2,7,255,1125,250,0,0
pre_stim,26983,26983,0,26983,3224294.453,0.894,-0.062,-0.072,0.438,2815,313,1273,2931,2316,2454,904,2577,53,1.214,1,2060,1,18.573,0.765,-3.438,-12.875,-12.938,-0.152,0.094,0.992,0.754,0.129,0.219,0.060,0.032,1.018,1.359,2,NULL,NULL,,2,0,2,7,255,1125,250,0,0
pre_stim,26983,26983,0,26983,3224299.455,0.893,-0.062,-0.072,0.439,2799,342,1384,2919,2351,2459,1001,2592,53,1.214,1,2060,1,21.290,0.701,-3.188,-12.750,-16.750,-0.141,0.047,0.980,0.691,0.117,0.047,0.060,0.034,1.018,1.359,2,NULL,NULL,,2,0,2,7,255,1125,250,0,0
pre_stim,27013,27013,0,27013,3224304.453,0.893,-0.061,-0.071,0.440,2777,351,1503,2907,2393,2463,1099,2605,53,1.214,1,2060,1,21.904,0.435,-2.125,-13.250,-17.313,-0.145,-0.012,0.973,0.395,-0.184,-0.105,0.062,0.032,1.018,1.359,2,NULL,NULL,,2,0,2,7,255,1125,250,0,0
pre_stim,27013,27013,0,27013,3224309.455,0.893,-0.061,-0.071,0.440,2775,393,1613,2895,2428,2469,1223,2620,53,1.214,1,2060,1,21.737,0.517,-1.750,-14.188,-16.375,-0.152,-0.027,0.973,-0.098,-0.508,-0.172,0.062,0.032,1.018,1.359,2,NULL,NULL,,2,0,2,7,255,1125,250,0,0
pre_stim,27013,27013,0,27013,3224314.454,0.893,-0.061,-0.070,0.441,2741,407,1695,2878,2471,2475,1309,2643,53,1.214,1,2060,1,23.412,0.575,-1.250,-14.375,-18.438,-0.160,-0.023,0.973,-0.270,-0.508,-0.172,0.064,0.030,1.018,1.359,2,NULL,NULL,,2,0,2,7,255,1125,250,0,0
pre_stim,27013,27013,0,27013,3224319.455,0.892,-0.060,-0.070,0.442,2712,423,1789,2867,2513,2479,1397,2663,53,1.214,1,2060,1,26.337,0.518,-1.000,-15.000,-21.625,-0.160,-0.027,0.980,-0.277,-0.438,-0.156,0.066,0.030,1.018,1.359,2,NULL,NULL,,2,0,2,7,255,1125,250,0,0
pre_stim,27013,27013,0,27013,3224324.454,0.892,-0.060,-0.069,0.443,2659,455,1883,2843,2533,2485,1479,2681,53,1.214,1,2060,1,27.966,0.547,-1.813,-16.250,-22.688,-0.160,-0.035,0.992,-0.328,-0.438,-0.074,0.070,0.030,1.018,1.359,2,NULL,NULL,,2,0,2,7,255,1125,250,0,0
pre_stim,27013,27013,0,27013,3224329.455,0.892,-0.059,-0.069,0.444,2619,481,1952,2840,2565,2489,1575,2683,53,1.214,1,2060,1,28.968,0.622,-3.438,-17.438,-22.875,-0.156,-0.047,0.996,-0.359,-0.508,0.012,0.072,0.030,1.018,1.359,2,NULL,NULL,,2,0,2,7,255,1125,250,0,0
pre_stim,27013,27013,0,27013,3224334.454,0.891,-0.058,-0.068,0.445,2595,503,2035,2813,2591,2495,1669,2703,53,1.214,1,2060,1,29.872,0.727,-5.375,-18.750,-22.625,-0.156,-0.055,0.992,-0.430,-0.586,0.031,0.074,0.030,1.018,1.359,2,NULL,NULL,,2,0,2,7,255,1125,250,0,0
pre_stim,27013,27013,0,27013,3224339.455,0.891,-0.057,-0.067,0.446,2537,529,2133,2791,2617,2500,1741,2723,53,1.214,1,2060,1,31.182,0.782,-7.375,-19.938,-22.813,-0.152,-0.059,0.996,-0.504,-0.598,0.043,0.078,0.030,1.018,1.359,2,NULL,NULL,,2,0,2,7,255,1125,250,0,0
pre_stim,27013,27013,0,27013,3224344.454,0.890,-0.056,-0.067,0.447,2469,529,2195,2758,2643,2504,1816,2731,53,1.214,1,2060,1,34.031,0.782,-10.438,-21.188,-24.500,-0.156,-0.047,1.020,-0.504,-0.598,0.063,0.080,0.030,1.018,1.359,2,NULL,NULL,,2,0,2,7,255,1125,250,0,0
pre_stim,27013,27013,0,27013,3224349.455,0.890,-0.055,-0.066,0.448,2429,532,2265,2731,2679,2517,1893,2750,53,1.214,1,2060,1,39.127,0.713,-17.188,-22.875,-26.688,-0.152,-0.047,1.027,-0.434,-0.566,0.293,0.084,0.030,1.018,1.359,2,NULL,NULL,,2,0,2,7,255,1125,250,0,0
pre_stim,27042,27042,0,27042,3224354.453,0.890,-0.054,-0.066,0.449,2361,539,2319,2687,2697,2510,1961,2773,53,1.214,1,2060,1,42.193,0.677,-22.375,-23.750,-26.750,-0.125,-0.043,0.992,-0.371,-0.566,0.293,0.088,0.032,1.018,1.359,2,NULL,NULL,,2,0,2,7,255,1125,250,0,0
pre_stim,27042,27042,0,27042,3224359.455,0.889,-0.052,-0.065,0.449,2279,543,2359,2645,2715,2517,2022,2778,53,1.214,1,2060,1,37.857,0.730,-17.438,-24.438,-23.063,-0.105,-0.051,0.926,-0.246,-0.688,-0.016,0.090,0.034,1.018,1.359,2,NULL,NULL,,2,0,2,7,255,1125,250,0,0
pre_stim,27042,27042,0,27042,3224364.454,0.889,-0.051,-0.064,0.450,2197,543,2425,2595,2735,2521,2094,2795,53,1.214,1,2060,1,32.471,0.730,-8.125,-25.688,-18.125,-0.121,-0.055,0.941,-0.246,-0.688,-0.531,0.092,0.036,1.018,1.359,2,NULL,NULL,,2,0,2,7,255,1125,250,0,0
pre_stim,27042,27042,0,27042,3224369.455,0.889,-0.051,-0.063,0.451,2105,547,2475,2540,2757,2522,2157,2808,53,1.214,1,2060,1,32.825,0.714,-3.063,-26.813,-18.688,-0.148,-0.035,1.016,-0.289,-0.652,-0.531,0.096,0.038,1.018,1.359,2,NULL,NULL,,2,0,2,7,255,1125,250,0,0
pre_stim,27042,27042,0,27042,3224374.454,0.889,-0.050,-0.062,0.452,2011,539,2531,2493,2782,2527,2221,2826,53,1.214,1,2060,1,36.568,0.483,-6.750,-28.125,-22.375,-0.141,-0.004,1.055,-0.289,-0.387,0.242,0.098,0.038,1.018,1.359,2,NULL,NULL,,2,0,2,7,255,1125,250,0,0
pre_stim,27042,27042,0,27042,3224379.455,0.888,-0.049,-0.061,0.453,1893,503,2555,2412,2799,2523,2268,2839,53,1.214,1,2060,1,38.072,0.364,-10.438,-29.125,-22.188,-0.105,0.027,1.055,0.027,-0.363,0.566,0.100,0.040,1.018,1.359,2,NULL,NULL,,2,0,2,7,255,1125,250,0,0
pre_stim,27075,27075,0,27075,3224384.453,0.888,-0.047,-0.061,0.453,1741,483,2600,2315,2823,2523,2323,2848,53,1.214,1,2060,1,36.957,0.479,-14.125,-29.438,-17.313,-0.121,0.027,1.066,0.379,-0.293,0.602,0.102,0.042,1.018,1.359,2,NULL,NULL,,2,0,2,7,255,1125,250,0,0
pre_stim,27075,27075,0,27075,3224389.455,0.888,-0.046,-0.060,0.454,1567,432,2639,2205,2841,2525,2391,2862,53,1.214,1,2060,1,40.525,0.436,-18.500,-30.000,-20.000,-0.148,0.023,1.047,0.379,-0.215,0.570,0.104,0.044,1.018,1.359,2,NULL,NULL,,2,0,2,7,255,1125,250,0,0
pre_stim,27075,27075,0,27075,3224394.454,0.887,-0.045,-0.059,0.455,1372,397,2691,2075,2870,2535,2443,2884,53,1.214,1,2060,1,42.719,0.344,-18.688,-31.750,-21.625,-0.137,0.035,1.047,0.344,0.016,0.570,0.106,0.046,1.018,1.359,2,NULL,NULL,,2,0,2,7,255,1125,250,0,0
pre_stim,27075,27075,0,27075,3224399.455,0.887,-0.043,-0.058,0.456,1184,357,2725,1903,2871,2529,2485,2895,53,1.214,1,2060,1,48.258,0.161,-22.750,-33.000,-26.875,-0.172,0.023,1.102,0.160,0.020,0.570,0.108,0.048,1.018,1.359,2,NULL,NULL,,2,0,2,7,255,1125,250,0,0
pre_stim,27110,27110,0,27110,3224404.453,0.887,-0.041,-0.057,0.457,997,301,2764,1733,2901,2518,2535,2903,53,1.214,1,2060,1,57.768,0.344,-30.188,-32.438,-37.063,-0.117,0.047,1.070,0.344,0.016,0.719,0.108,0.048,1.018,1.359,2,NULL,NULL,,2,0,2,7,255,1125,250,0,0
pre_stim,27110,27110,0,27110,3224409.455,0.886,-0.039,-0.056,0.458,797,277,2779,1495,2919,2511,2586,2907,53,1.214,1,2060,1,53.504,0.551,-28.500,-35.188,-28.500,-0.039,0.047,1.020,0.551,-0.004,0.719,0.110,0.050,1.018,1.359,2,NULL,NULL,,2,0,2,7,255,1125,250,0,0
pre_stim,27110,27110,0,27110,3224414.454,0.886,-0.038,-0.055,0.459,567,235,2813,1321,2915,2503,2615,2917,53,1.214,1,2060,1,45.503,0.597,-20.938,-35.313,-19.625,-0.109,0.004,1.059,0.551,-0.230,0.609,0.110,0.052,1.018,1.359,2,NULL,NULL,,2,0,2,7,255,1125,250,0,0
pre_stim,27110,27110,0,27110,3224419.455,0.886,-0.036,-0.054,0.460,363,189,2836,1141,2949,2491,2659,2927,53,1.214,1,2060,1,49.168,0.714,-22.625,-38.063,-21.375,-0.125,0.063,1.121,0.676,-0.230,0.609,0.110,0.052,1.018,1.359,2,NULL,NULL,,2,0,2,7,255,1125,250,0,0
pre_stim,27110,27110,0,27110,3224424.454,0.885,-0.034,-0.053,0.460,198,93,2853,921,2959,2485,2677,2939,53,1.214,1,2060,1,51.842,0.708,-27.000,-40.000,-18.938,-0.105,0.086,1.113,0.676,0.211,1.125,0.108,0.056,1.018,1.359,2,NULL,NULL,,2,0,2,7,255,1125,250,0,0
pre_stim,27110,27110,0,27110,3224429.455,0.885,-0.033,-0.052,0.461,103,73,2879,681,2971,2459,2715,2941,53,1.214,1,2060,1,54.032,0.721,-23.563,-40.563,-26.813,-0.148,0.063,1.109,0.676,0.250,1.156,0.104,0.062,1.018,1.359,2,NULL,NULL,,2,0,2,7,255,1125,250,0,0
pre_stim,27133,27133,0,27133,3224434.453,0.885,-0.031,-0.051,0.462,43,33,2892,471,2987,2440,2733,2943,53,1.214,1,2060,1,59.481,1.031,-25.375,-47.063,-26.063,-0.055,0.105,1.160,1.000,0.250,1.156,0.098,0.068,1.018,1.359,2,NULL,NULL,,2,0,2,7,255,1125,250,0,0
pre_stim,27133,27133,0,27133,3224439.455,0.884,-0.029,-0.049,0.463,17,5,2907,335,2991,2409,2741,2951,53,1.214,1,2060,1,59.669,1.479,-26.313,-47.813,-24.125,-0.070,0.129,1.152,1.445,0.313,1.438,0.092,0.074,1.018,1.359,2,NULL,NULL,,2,0,2,7,255,1125,250,0,0
pre_stim,27133,27133,0,27133,3224444.454,0.884,-0.027,-0.048,0.464,0,0,2927,292,3018,2381,2797,2955,53,1.214,1,2060,1,63.000,1.479,-21.563,-54.438,-23.250,-0.152,0.082,1.145,1.445,0.313,1.469,0.086,0.078,1.018,1.359,2,NULL,NULL,,2,0,2,7,255,1125,250,0,0
pre_stim,27133,27133,0,27133,3224449.455,0.884,-0.026,-0.045,0.464,0,0,2937,244,3015,2347,2821,2964,53,1.214,1,2060,1,64.946,1.054,10.625,-63.688,-7.000,-0.371,-0.051,1.289,0.699,0.789,1.469,0.082,0.084,1.018,1.359,2,NULL,NULL,,2,0,2,7,255,1125,250,0,0
pre_stim,27133,27133,0,27133,3224454.453,0.884,-0.026,-0.041,0.465,0,0,2953,211,3036,2308,2844,2964,53,1.214,1,2060,1,90.187,2.296,43.625,-78.375,-9.375,-0.551,-0.070,1.699,-1.504,1.734,3.156,0.080,0.092,1.018,1.359,2,NULL,NULL,,2,0,2,7,255,1125,250,0,0
pre_stim,27133,27133,0,27133,3224459.455,0.884,-0.026,-0.037,0.465,0,0,2955,166,3031,2253,2857,2965,53,1.214,1,2060,1,95.797,3.220,31.000,-89.688,-13.125,-0.363,0.211,1.938,-1.504,2.848,7.293,0.076,0.098,1.018,1.359,2,NULL,NULL,,2,0,2,7,255,1125,250,0,0
pre_stim,27133,27133,0,27133,3224464.453,0.884,-0.021,-0.035,0.466,0,0,2965,152,3043,2207,2880,2975,53,1.214,1,2060,1,114.516,2.986,-70.625,-89.375,-11.750,-0.059,0.180,1.621,0.898,2.848,7.293,0.070,0.108,1.018,1.359,2,NULL,NULL,,2,0,2,7,255,1125,250,0,0
pre_stim,27133,27133,0,27133,3224469.455,0.884,-0.016,-0.034,0.465,0,0,2974,83,3053,2145,2899,2969,53,1.214,1,2060,0,136.378,1.056,-101.250,-90.875,9.438,-0.035,0.027,1.137,0.898,0.555,6.027,0.064,0.116,1.018,1.359,3,NULL,NULL,,2,0,2,7,255,1125,250,0,0
pre_stim,27162,27162,0,27162,3224474.454,0.886,-0.011,-0.031,0.463,0,0,2971,44,3061,2041,2921,2965,53,1.214,1,2060,0,132.104,0.916,-67.063,-101.750,51.000,-0.176,-0.094,0.977,0.746,0.531,1.320,0.056,0.126,1.018,1.359,3,NULL,NULL,,2,0,2,7,255,1125,250,0,0
pre_stim,27162,27162,0,27162,3224479.455,0.887,-0.008,-0.028,0.461,0,0,2975,0,3063,1944,2927,2969,53,1.214,1,2060,0,119.651,1.244,-29.563,-108.188,41.688,-0.332,-0.137,0.965,-1.125,0.531,-0.109,0.048,0.136,1.018,1.359,3,NULL,NULL,,2,0,2,7,255,1125,250,0,0
pre_stim,27162,27162,0,27162,3224484.453,0.887,-0.005,-0.024,0.460,0,0,2967,0,3067,1792,2939,2967,53,1.214,1,2060,0,116.424,2.794,-9.750,-113.750,22.813,-0.395,-0.270,1.063,-2.402,1.426,-0.109,0.040,0.148,1.018,1.359,3,NULL,NULL,,2,0,2,7,255,1125,250,0,0
pre_stim,27162,27162,0,27162,3224489.455,0.888,-0.003,-0.019,0.460,0,0,2971,0,3080,1677,2953,2965,53,1.214,1,2060,0,120.708,3.743,0.438,-120.688,2.188,-0.301,-0.293,1.191,-3.461,1.426,0.883,0.032,0.158,1.018,1.359,3,NULL,NULL,,2,0,2,7,255,1125,250,0,0
pre_stim,27162,27162,0,27162,3224494.454,0.888,0.000,-0.014,0.460,0,0,2956,0,3091,1468,2971,2958,53,1.214,1,2060,0,124.395,3.518,-6.438,-124.125,5.063,-0.188,-0.320,1.168,-3.461,0.633,1.801,0.026,0.168,1.018,1.359,3,NULL,NULL,,2,0,2,7,255,1125,250,0,0
pre_stim,27162,27162,0,27162,3224499.455,0.888,0.003,-0.010,0.459,0,0,2953,0,3099,1274,2973,2939,53,1.214,1,2060,0,129.560,3.141,-4.188,-129.375,5.500,-0.219,-0.238,1.105,-3.102,0.496,1.801,0.022,0.178,1.018,1.359,3,NULL,NULL,,2,0,2,7,255,1125,250,0,0
pre_stim,27215,27215,0,27215,3224504.453,0.888,0.006,-0.005,0.459,0,0,2932,0,3096,1012,2983,2948,53,1.214,1,2060,0,135.705,2.771,3.875,-135.563,4.875,-0.156,-0.180,1.102,-2.738,0.426,1.152,0.022,0.190,1.018,1.359,3,NULL,NULL,,2,0,2,7,255,1125,250,0,0
pre_stim,27215,27215,0,27215,3224509.455,0.889,0.008,0.001,0.458,0,0,2915,0,3095,835,2995,2924,53,1.214,1,2060,0,140.628,2.053,8.813,-140.063,9.000,-0.129,-0.109,1.141,-1.992,0.496,1.152,0.026,0.202,1.018,1.359,3,NULL,NULL,,2,0,2,7,255,1125,250,0,0
pre_stim,27215,27215,0,27215,3224514.453,0.889,0.010,0.007,0.458,0,0,2893,0,3093,603,2989,2907,53,1.214,1,2060,0,150.484,2.111,19.563,-148.250,16.875,-0.223,-0.113,1.098,-1.992,0.699,1.074,0.032,0.214,1.018,1.359,3,NULL,NULL,,2,0,2,7,255,1125,250,0,0
pre_stim,27215,27215,0,27215,3224519.455,0.889,0.012,0.013,0.457,0,0,2862,0,3099,457,3000,2899,53,1.214,1,2060,0,159.829,2.048,37.250,-155.375,4.063,-0.242,-0.012,1.215,-1.391,1.504,1.402,0.040,0.228,1.018,1.359,3,NULL,NULL,,2,0,2,7,255,1125,250,0,0
pre_stim,27215,27215,0,27215,3224524.454,0.889,0.014,0.020,0.457,0,0,2829,0,3102,264,3007,2873,53,1.214,1,2060,0,165.372,2.619,30.625,-162.500,1.938,-0.176,0.008,1.430,-1.391,2.219,2.012,0.048,0.240,1.018,1.359,3,NULL,NULL,,2,0,2,7,255,1125,250,0,0
pre_stim,27215,27215,0,27215,3224529.455,0.889,0.016,0.027,0.456,0,0,2791,0,3099,105,3016,2847,53,1.214,1,2060,0,173.970,2.596,22.625,-172.125,11.250,-0.207,0.094,1.512,-1.012,2.391,4.113,0.056,0.254,1.018,1.359,3,NULL,NULL,,2,0,2,7,255,1125,250,0,0
pre_stim,27215,27215,0,27215,3224534.453,0.889,0.020,0.034,0.456,0,0,2745,0,3097,49,3019,2824,53,1.214,1,2060,0,180.193,3.232,1.000,-180.188,-1.000,-0.203,0.195,1.449,-0.641,3.168,4.113,0.066,0.272,1.018,1.359,3,NULL,NULL,,2,0,2,7,255,1125,250,0,0
pre_stim,27215,27215,0,27215,3224539.455,0.889,0.023,0.041,0.455,0,0,2700,0,3100,0,3027,2772,53,1.214,1,2060,0,188.937,3.776,-3.625,-188.813,-5.813,-0.188,0.176,1.430,-0.148,3.773,4.109,0.078,0.290,1.018,1.359,3,NULL,NULL,,2,0,2,7,255,1125,250,0,0
pre_stim,27216,27216,0,27216,3224544.454,0.889,0.027,0.049,0.455,0,0,2629,0,3101,0,3005,2717,53,1.214,1,2060,0,201.597,3.858,15.438,-201.000,1.375,-0.246,0.223,1.512,-0.148,3.855,4.109,0.096,0.314,1.018,1.359,3,NULL,NULL,,2,0,2,7,255,1125,250,0,0
pre_stim,27216,27216,0,27216,3224549.455,0.888,0.030,0.058,0.455,0,0,2556,0,3087,0,3015,2665,53,1.214,1,2060,0,215.498,4.782,22.688,-214.250,-4.625,-0.293,0.289,1.723,-0.293,4.773,4.582,0.122,0.342,1.018,1.359,3,NULL,NULL,,2,0,2,7,255,1125,250,0,0
pre_stim,27242,27242,0,27242,3224554.453,0.888,0.034,0.067,0.454,0,0,2467,0,3083,0,3017,2603,53,1.214,1,2060,0,227.496,5.976,11.313,-227.188,-3.500,-0.305,0.293,2.035,-0.293,5.969,6.484,0.152,0.376,1.018,1.359,3,NULL,NULL,,2,0,2,7,255,1125,250,0,0
pre_stim,27242,27242,0,27242,3224559.455,0.887,0.039,0.076,0.453,0,0,2349,0,3066,0,2967,2525,53,1.214,1,2060,0,243.683,6.791,-10.938,-243.313,7.813,-0.328,0.402,2.266,-0.359,6.781,9.363,0.188,0.416,1.018,1.359,3,NULL,NULL,,2,0,2,7,255,1125,250,0,0
pre_stim,27242,27242,0,27242,3224564.454,0.887,0.046,0.085,0.452,0,0,2223,0,3048,0,2995,2459,53,1.214,1,2060,0,265.638,8.270,-41.750,-261.500,20.938,-0.414,0.586,2.355,-0.359,8.262,11.402,0.232,0.462,1.018,1.359,3,NULL,NULL,,2,0,2,7,255,1125,250,0,0
pre_stim,27242,27242,0,27242,3224569.455,0.887,0.055,0.095,0.450,0,0,2087,0,3047,0,2976,2355,53,1.214,1,2060,0,295.600,10.582,-70.813,-284.750,35.813,-0.438,0.773,2.340,0.277,10.578,11.402,0.278,0.512,1.018,1.359,3,NULL,NULL,,2,0,2,7,255,1125,250,0,0
pre_stim,27260,27260,0,27260,3224574.454,0.886,0.064,0.104,0.448,0,0,1919,0,3027,0,2957,2219,53,1.214,1,2060,0,319.632,12.412,-94.250,-303.875,30.688,-0.453,0.813,2.305,1.441,12.328,11.336,0.330,0.566,1.018,1.359,3,NULL,NULL,,2,0,2,7,255,1125,250,0,0
pre_stim,27260,27260,0,27260,3224579.455,0.885,0.075,0.115,0.446,0,0,1783,0,2988,1,2931,2068,53,1.214,1,2060,0,341.228,13.216,-111.500,-321.438,26.125,-0.527,0.676,2.344,1.441,13.137,10.625,0.386,0.624,1.018,1.359,3,NULL,NULL,,2,0,2,7,255,1125,250,0,0
pre_stim,27260,27260,0,27260,3224584.453,0.883,0.086,0.125,0.444,0,0,1689,0,2964,0,2892,1908,53,1.214,1,2060,0,361.040,13.603,-119.563,-339.500,28.188,-0.727,0.617,2.543,-0.227,13.602,10.625,0.448,0.690,1.018,1.359,3,NULL,NULL,,2,0,2,7,255,1125,250,0,0
pre_stim,27260,27260,0,27260,3224589.455,0.881,0.098,0.136,0.442,0,0,1622,0,2909,0,2853,1723,53,1.214,1,2060,0,379.575,16.062,-129.063,-356.938,4.000,-0.871,0.820,2.867,-2.055,15.930,11.383,0.518,0.762,1.018,1.359,3,NULL,NULL,,2,0,2,7,255,1125,250,0,0
pre_stim,27283,27283,0,27283,3224594.454,0.877,0.112,0.148,0.443,0,0,1513,0,2840,0,2779,1575,53,1.214,1,2060,0,407.921,19.899,-160.875,-373.250,-34.688,-0.840,0.938,2.992,-2.055,19.793,13.195,0.596,0.842,1.018,1.359,3,NULL,NULL,,2,0,2,7,255,1125,250,0,0
pre_stim,27283,27283,0,27283,3224599.455,0.873,0.127,0.159,0.443,0,0,1396,0,2777,0,2685,1423,53,1.214,1,2060,0,447.573,20.010,-196.625,-398.750,-51.563,-0.703,0.773,2.867,-1.652,19.941,13.195,0.684,0.932,1.018,1.359,3,NULL,NULL,,2,0,2,7,255,1125,250,0,0
pre_stim,27313,27313,0,27313,3224604.453,0.868,0.143,0.171,0.443,0,0,1283,0,2670,0,2538,1267,53,1.214,1,2060,0,472.459,20.010,-214.938,-419.000,-38.188,-0.688,0.602,2.602,-1.652,19.941,12.371,0.774,1.026,1.018,1.359,3,NULL,NULL,,2,0,2,7,255,1125,250,0,0
pre_stim,27313,27313,0,27313,3224609.455,0.863,0.159,0.184,0.443,0,0,1082,0,2555,0,2347,1116,53,1.214,1,2060,0,478.413,19.843,-200.688,-433.063,-32.563,-0.781,0.594,2.512,-2.633,19.668,9.488,0.862,1.116,1.018,1.359,3,NULL,NULL,,2,0,2,7,255,1125,250,0,0
pre_stim,27313,27313,0,27313,3224614.454,0.857,0.173,0.197,0.442,0,0,923,0,2398,0,2087,940,53,1.214,1,2060,0,476.764,19.912,-173.813,-441.063,-50.563,-0.789,0.488,2.711,-3.105,19.668,8.465,0.948,1.206,1.018,1.359,3,NULL,NULL,,2,0,2,7,255,1125,250,0,0
pre_stim,27313,27313,0,27313,3224619.455,0.851,0.188,0.212,0.442,0,0,695,0,2206,0,1784,821,53,1.214,1,2060,0,486.307,20.693,-166.313,-453.625,-55.313,-0.688,0.156,2.910,-4.457,20.207,8.465,1.032,1.294,1.018,1.359,3,NULL,NULL,,2,0,2,7,255,1125,250,0,0
pre_stim,27313,27313,0,27313,3224624.454,0.845,0.205,0.225,0.440,0,0,539,0,1939,0,1427,685,53,1.214,1,2060,0,516.607,21.419,-203.500,-474.063,-27.125,-0.563,-0.293,2.660,-7.102,20.207,8.719,1.116,1.378,1.018,1.359,3,NULL,NULL,,2,0,2,7,255,1125,250,0,0
pre_stim,27313,27313,0,27313,3224629.455,0.838,0.223,0.239,0.437,0,0,307,0,1672,0,917,569,53,1.214,1,2060,0,542.184,18.924,-234.625,-488.750,6.125,-0.328,-0.477,1.895,-8.961,16.668,8.719,1.194,1.460,1.018,1.359,3,NULL,NULL,,2,0,2,7,255,1125,250,0,0
pre_stim,27313,27313,0,27313,3224634.453,0.831,0.239,0.253,0.434,0,0,163,0,1333,0,338,453,53,1.214,1,2060,0,533.400,13.977,-191.563,-497.813,1.313,-0.156,-0.434,1.156,-8.961,10.727,3.691,1.266,1.536,1.018,1.359,3,NULL,NULL,,2,0,2,7,255,1125,250,0,0
pre_stim,27313,27313,0,27313,3224639.455,0.825,0.252,0.269,0.428,0,0,73,0,989,0,105,371,53,1.214,1,2060,0,510.735,10.424,-76.875,-504.688,15.188,-0.195,-0.160,1.207,-6.559,8.102,-1.398,1.338,1.612,1.018,1.359,3,NULL,NULL,,2,0,2,7,255,1125,250,0,0
pre_stim,27313,27313,0,27313,3224644.454,0.820,0.262,0.286,0.420,0,0,31,0,567,0,0,313,53,1.214,1,2060,0,502.208,9.387,-6.938,-499.813,48.500,-0.363,0.391,1.879,-4.742,8.102,-1.398,1.414,1.690,1.018,1.359,3,NULL,NULL,,2,0,2,7,255,1125,250,0,0
pre_stim,27313,27313,0,27313,3224649.455,0.815,0.274,0.302,0.411,0,0,17,0,219,0,0,221,53,1.214,1,2060,0,514.033,16.777,-48.625,-501.750,100.563,-0.785,0.645,2.250,-3.754,16.352,-2.148,1.498,1.776,1.018,1.359,3,NULL,NULL,,2,0,2,7,255,1125,250,0,0
pre_stim,27343,27343,0,27343,3224654.453,0.810,0.291,0.315,0.401,0,0,7,0,0,0,0,125,53,1.214,1,2060,0,546.420,22.930,-148.313,-502.063,156.563,-1.152,0.773,2.016,-3.754,22.621,-2.148,1.588,1.868,1.018,1.359,3,NULL,NULL,,2,0,2,7,255,1125,250,0,0
pre_stim,27343,27343,0,27343,3224659.455,0.803,0.309,0.326,0.391,0,0,0,0,0,0,0,71,53,1.214,1,2060,0,553.024,22.930,-202.500,-492.875,148.000,-1.223,0.926,1.523,-3.754,22.621,-7.613,1.678,1.960,1.018,1.359,4,NULL,NULL,,2,0,2,7,255,1125,250,0,0
pre_stim,27343,27343,0,27343,3224664.454,0.795,0.326,0.337,0.384,0,0,0,0,0,0,0,13,53,1.214,1,2060,0,525.777,20.967,-220.563,-466.563,100.563,-0.934,1.145,1.160,-2.082,20.863,-12.555,1.764,2.050,1.018,1.359,0,NULL,NULL,,2,0,2,7,255,1125,250,0,0
pre_stim,27343,27343,0,27343,3224669.455,0.787,0.342,0.346,0.378,0,0,0,0,0,0,0,12,53,1.214,1,2060,0,492.233,17.885,-238.313,-422.625,83.000,-0.770,1.164,1.031,1.996,17.773,-13.832,1.846,2.134,1.018,1.359,0,NULL,NULL,,2,0,2,7,255,1125,250,0,0
pre_stim,27343,27343,0,27343,3224674.454,0.779,0.360,0.352,0.374,0,0,0,0,0,0,0,41,53,1.214,1,2060,0,482.655,16.412,-319.313,-352.938,80.188,-0.379,1.086,0.695,3.313,16.074,-13.832,1.926,2.218,1.018,1.359,0,NULL,NULL,,2,0,2,7,255,1125,250,0,0
pre_stim,27343,27343,0,27343,3224679.455,0.770,0.375,0.355,0.374,0,0,0,0,0,0,0,57,53,1.214,1,2060,0,398.663,11.945,-303.750,-256.813,26.750,-0.129,0.410,0.371,3.313,11.477,-12.887,2.008,2.304,1.018,1.359,0,NULL,NULL,,2,0,2,7,255,1125,250,0,0
pre_stim,27375,27375,0,27375,3224684.454,0.765,0.385,0.357,0.373,0,0,0,0,0,0,0,78,53,1.214,1,2060,0,251.662,5.430,-181.813,-171.625,28.688,-0.266,-0.289,0.426,1.891,5.090,-10.520,2.098,2.394,1.018,1.359,0,NULL,NULL,,2,0,2,7,255,1125,250,0,0
pre_stim,27375,27375,0,27375,3224689.455,0.762,0.391,0.357,0.372,0,0,0,0,0,0,0,90,53,1.214,1,2060,0,163.652,6.930,-124.250,-99.875,37.000,-0.617,-0.266,1.066,-4.703,5.090,-9.492,2.184,2.484,1.018,1.359,0,NULL,NULL,,2,0,2,7,255,1125,250,0,0
pre_stim,27375,27375,0,27375,3224694.453,0.759,0.398,0.355,0.374,0,0,0,0,0,0,0,91,53,1.214,1,2060,0,187.617,11.125,-187.000,-14.500,4.563,-0.707,0.016,0.957,-5.234,9.816,-9.492,2.256,2.560,1.018,1.359,0,NULL,NULL,,2,0,2,7,255,1125,250,0,0
pre_stim,27375,27375,0,27375,3224699.455,0.756,0.404,0.349,0.379,0,0,0,0,0,0,0,89,53,1.214,1,2060,0,238.561,11.125,-229.000,66.625,-5.625,-0.504,0.410,0.078,-5.234,9.816,-11.711,2.312,2.618,1.018,1.359,0,NULL,NULL,,2,0,2,7,255,1125,250,0,0
pre_stim,27411,27411,0,27411,3224704.453,0.755,0.408,0.342,0.383,0,0,0,0,0,0,0,71,53,1.214,1,2060,0,208.872,3.602,-164.375,127.688,17.438,-0.430,0.746,-0.488,0.930,3.480,-15.055,2.352,2.660,1.018,1.359,0,NULL,NULL,,2,0,2,7,255,1125,250,0,0
pre_stim,27411,27411,0,27411,3224709.455,0.757,0.407,0.335,0.386,0,0,0,0,0,0,0,39,53,1.214,1,2060,0,178.803,3.812,-51.875,167.938,32.813,-0.598,0.691,-0.270,3.387,1.750,-18.020,2.384,2.694,1.018,1.359,0,NULL,NULL,,2,0,2,7,255,1125,250,0,0
pre_stim,27411,27411,0,27411,3224714.454,0.760,0.404,0.328,0.389,0,0,0,0,0,0,0,24,53,1.214,1,2060,0,197.560,3.812,-2.063,196.063,24.188,-0.715,0.383,0.309,3.387,1.750,-18.020,2.412,2.724,1.018,1.359,0,NULL,NULL,,2,0,2,7,255,1125,250,0,0
pre_stim,27411,27411,0,27411,3224719.455,0.763,0.401,0.320,0.393,0,0,0,0,0,0,0,24,53,1.214,1,2060,0,217.845,6.234,-24.813,215.688,17.875,-0.637,0.176,0.484,-0.727,6.191,-15.539,2.434,2.750,1.018,1.359,0,NULL,NULL,,2,0,2,7,255,1125,250,0,0
pre_stim,27411,27411,0,27411,3224724.454,0.766,0.399,0.311,0.397,0,0,0,0,0,0,0,20,53,1.214,1,2060,0,234.333,6.339,-50.813,226.500,32.063,-0.523,0.184,0.234,-1.359,6.191,-13.484,2.450,2.768,1.018,1.359,0,NULL,NULL,,2,0,2,7,255,1125,250,0,0
pre_stim,27411,27411,0,27411,3224729.455,0.769,0.397,0.302,0.400,0,0,0,0,0,0,0,19,53,1.214,1,2060,0,239.960,4.604,-38.563,231.063,52.000,-0.516,0.320,-0.086,-1.359,4.398,-13.484,2.460,2.782,1.018,1.359,0,NULL,NULL,,2,0,2,7,255,1125,250,0,0
pre_stim,27432,27432,0,27432,3224734.454,0.773,0.394,0.293,0.402,0,0,0,0,0,0,0,17,53,1.214,1,2060,0,239.853,2.173,0.375,232.625,58.438,-0.566,0.406,-0.184,0.199,2.164,-15.402,2.466,2.790,1.018,1.359,0,NULL,NULL,,2,0,2,7,255,1125,250,0,0
pre_stim,27432,27432,0,27432,3224739.455,0.777,0.389,0.285,0.404,0,0,0,0,0,0,0,18,53,1.214,1,2060,0,242.854,2.215,33.438,234.125,55.188,-0.559,0.391,-0.086,0.473,2.164,-15.902,2.470,2.796,1.018,1.359,0,NULL,NULL,,2,0,2,7,255,1125,250,0,0
pre_stim,27432,27432,0,27432,3224744.453,0.782,0.384,0.277,0.406,0,0,0,0,0,0,0,17,53,1.214,1,2060,0,247.537,2.829,47.250,236.563,55.500,-0.488,0.336,0.027,0.473,2.789,-15.902,2.474,2.804,1.018,1.359,0,NULL,NULL,,2,0,2,7,255,1125,250,0,0
pre_stim,27432,27432,0,27432,3224749.455,0.787,0.378,0.269,0.407,0,0,0,0,0,0,0,10,53,1.214,1,2060,0,253.325,3.346,53.688,239.438,62.938,-0.449,0.297,0.059,0.199,3.340,-14.523,2.480,2.812,1.018,1.359,0,NULL,NULL,,2,0,2,7,255,1125,250,0,0
pre_stim,27432,27432,0,27432,3224754.453,0.792,0.372,0.261,0.408,0,0,0,0,0,0,0,5,53,1.214,1,2060,0,260.248,3.359,65.938,242.063,69.188,-0.469,0.270,0.074,0.016,3.359,-13.855,2.488,2.824,1.018,1.359,0,NULL,NULL,,2,0,2,7,255,1125,250,0,0
pre_stim,27432,27432,0,27432,3224759.455,0.797,0.366,0.253,0.409,0,0,0,0,0,0,0,2,53,1.214,1,2060,0,266.602,3.580,82.500,244.313,67.688,-0.508,0.246,0.160,-0.352,3.563,-13.723,2.502,2.838,1.018,1.359,0,NULL,NULL,,2,0,2,7,255,1125,250,0,0
pre_stim,27432,27432,0,27432,3224764.454,0.802,0.359,0.245,0.411,0,0,0,0,0,0,0,0,53,1.214,1,2060,0,271.163,4.513,94.313,247.188,59.438,-0.520,0.230,0.313,-0.844,4.434,-13.320,2.518,2.858,1.018,1.359,0,NULL,NULL,,2,0,2,7,255,1125,250,0,0
pre_stim,27432,27432,0,27432,3224769.455,0.807,0.351,0.237,0.412,0,0,0,0,0,0,0,3,53,1.214,1,2060,0,274.046,5.789,97.500,251.125,50.313,-0.500,0.219,0.477,-1.180,5.668,-12.309,2.538,2.880,1.018,1.359,0,NULL,NULL,,2,0,2,7,255,1125,250,0,0
pre_stim,27463,27463,0,27463,3224774.454,0.811,0.344,0.229,0.414,0,0,0,0,0,0,0,2,53,1.214,1,2060,0,276.743,6.950,94.750,256.500,42.625,-0.488,0.223,0.613,-1.273,6.832,-11.027,2.564,2.908,1.018,1.359,0,NULL,NULL,,2,0,2,7,255,1125,250,0,0
pre_stim,27463,27463,0,27463,3224779.455,0.816,0.336,0.221,0.416,0,0,0,0,0,0,0,3,53,1.214,1,2060,0,280.551,7.950,88.500,264.063,33.875,-0.484,0.234,0.723,-1.273,7.848,-9.898,2.594,2.942,1.018,1.359,0,NULL,NULL,,2,0,2,7,255,1125,250,0,0
pre_stim,27463,27463,0,27463,3224784.454,0.820,0.328,0.212,0.419,0,0,0,0,0,0,0,1,53,1.214,1,2060,0,286.307,8.727,80.750,273.750,22.625,-0.492,0.238,0.801,-1.227,8.641,-9.020,2.630,2.982,1.018,1.359,0,NULL,NULL,,2,0,2,7,255,1125,250,0,0
pre_stim,27463,27463,0,27463,3224789.455,0.823,0.320,0.203,0.422,0,0,0,0,0,0,0,10,53,1.214,1,2060,0,294.013,9.323,72.125,284.875,9.375,-0.508,0.230,0.863,-1.227,9.242,-8.348,2.672,3.024,1.018,1.359,0,NULL,NULL,,2,0,2,7,255,1125,250,0,0
pre_stim,27463,27463,0,27463,3224794.453,0.827,0.312,0.194,0.426,0,0,0,0,0,0,0,6,53,1.214,1,2060,0,303.724,9.789,62.750,297.125,-5.250,-0.508,0.219,0.914,-1.352,9.695,-7.738,2.716,3.070,1.018,1.359,0,NULL,NULL,,2,0,2,7,255,1125,250,0,0
pre_stim,27463,27463,0,27463,3224799.455,0.829,0.304,0.184,0.431,0,0,0,0,0,0,0,9,53,1.214,1,2060,0,315.039,10.072,52.875,309.938,-19.813,-0.492,0.227,0.941,-1.352,9.980,-7.102,2.760,3.118,1.018,1.359,0,NULL,NULL,,2,0,2,7,255,1125,250,0,0
pre_stim,27517,27517,0,27517,3224804.453,0.832,0.296,0.174,0.436,0,0,0,0,0,0,0,10,53,1.214,1,2060,0,327.709,10.042,43.875,323.000,-33.750,-0.453,0.227,0.926,-1.113,9.980,-6.586,2.804,3.164,1.018,1.359,0,NULL,NULL,,2,0,2,7,255,1125,250,0,0
pre_stim,27517,27517,0,27517,3224809.455,0.833,0.288,0.163,0.442,0,0,0,0,0,0,0,7,53,1.214,1,2060,0,341.154,9.652,39.563,335.750,-45.750,-0.387,0.207,0.867,-0.773,9.621,-6.234,2.846,3.210,1.018,1.359,0,NULL,NULL,,2,0,2,7,255,1125,250,0,0
pre_stim,27517,27517,0,27517,3224814.454,0.835,0.280,0.152,0.449,0,0,0,0,0,0,0,12,53,1.214,1,2060,0,354.604,8.675,41.063,347.688,-56.313,-0.270,0.188,0.785,-0.438,8.664,-6.016,2.888,3.254,1.018,1.359,0,NULL,NULL,,2,0,2,7,255,1125,250,0,0
pre_stim,27517,27517,0,27517,3224819.455,0.836,0.270,0.141,0.455,0,0,0,0,0,0,0,17,53,1.214,1,2060,0,366.670,7.197,48.250,358.188,-61.813,-0.133,0.117,0.676,0.164,7.195,-5.734,2.924,3.294,1.018,1.359,0,NULL,NULL,,2,0,2,7,255,1125,250,0,0
pre_stim,27517,27517,0,27517,3224824.454,0.838,0.260,0.130,0.462,0,0,0,0,0,0,0,26,53,1.214,1,2060,0,373.261,5.255,65.250,363.375,-55.000,-0.102,0.109,0.617,0.422,5.238,-5.676,2.958,3.328,1.018,1.359,0,NULL,NULL,,2,0,2,7,255,1125,250,0,0
pre_stim,27517,27517,0,27517,3224829.455,0.840,0.249,0.119,0.467,0,0,0,0,0,0,0,37,53,1.214,1,2060,0,378.363,5.087,87.250,364.625,-50.938,-0.117,0.195,0.656,0.574,5.055,-5.563,2.984,3.358,1.018,1.359,0,NULL,NULL,,2,0,2,7,255,1125,250,0,0
pre_stim,27517,27517,0,27517,3224834.454,0.841,0.238,0.109,0.473,0,0,0,0,0,0,0,40,53,1.214,1,2060,0,382.671,5.207,106.313,363.875,-52.250,-0.086,0.191,0.727,1.281,5.047,-5.563,3.006,3.382,1.018,1.359,0,NULL,NULL,,2,0,2,7,255,1125,250,0,0
pre_stim,27517,27517,0,27517,3224839.455,0.843,0.225,0.099,0.478,0,0,0,0,0,0,0,37,53,1.214,1,2060,0,383.847,5.275,123.188,360.500,-46.938,-0.043,0.164,0.813,1.535,5.047,-4.676,3.026,3.406,1.018,1.359,0,NULL,NULL,,2,0,2,7,255,1125,250,0,0
pre_stim,27518,27518,0,27518,3224844.453,0.845,0.213,0.089,0.483,0,0,0,0,0,0,0,38,53,1.214,1,2060,0,383.435,5.229,136.750,356.125,-38.688,-0.027,0.184,0.898,1.641,4.965,-3.555,3.046,3.428,1.018,1.359,0,NULL,NULL,,2,0,2,7,255,1125,250,0,0
pre_stim,27518,27518,0,27518,3224849.455,0.846,0.200,0.080,0.487,0,0,0,0,0,0,0,37,53,1.214,1,2060,0,383.336,5.361,147.750,352.250,-32.188,-0.027,0.203,0.969,2.023,4.965,-2.652,3.068,3.450,1.018,1.359,0,NULL,NULL,,2,0,2,7,255,1125,250,0,0
pre_stim,27542,27542,0,27542,3224854.453,0.848,0.186,0.071,0.491,0,0,0,0,0,0,0,39,53,1.214,1,2060,0,384.321,5.566,161.813,347.625,-26.000,-0.047,0.199,1.035,2.262,5.086,-1.953,3.088,3.474,1.018,1.359,0,NULL,NULL,,2,0,2,7,255,1125,250,0,0
pre_stim,27542,27542,0,27542,3224859.455,0.850,0.172,0.062,0.494,0,0,0,0,0,0,0,37,53,1.214,1,2060,0,386.687,5.670,176.813,343.188,-22.063,-0.074,0.219,1.164,2.289,5.188,-1.211,3.112,3.500,1.018,1.359,0,NULL,NULL,,2,0,2,7,255,1125,250,0,0
pre_stim,27542,27542,0,27542,3224864.454,0.851,0.158,0.054,0.497,0,0,0,0,0,0,0,40,53,1.214,1,2060,0,386.789,6.152,184.188,339.500,-20.500,-0.105,0.242,1.344,2.438,5.648,-0.008,3.138,3.528,1.018,1.359,0,NULL,NULL,,2,0,2,7,255,1125,250,0,0
pre_stim,27542,27542,0,27542,3224869.455,0.853,0.144,0.045,0.500,0,0,0,0,0,0,0,43,53,1.214,1,2060,0,381.804,6.820,177.938,337.125,-21.438,-0.121,0.238,1.469,2.656,6.281,1.707,3.164,3.558,1.018,1.359,0,NULL,NULL,,2,0,2,7,255,1125,250,0,0
pre_stim,27560,27560,0,27560,3224874.454,0.853,0.130,0.037,0.503,0,0,0,0,0,0,0,39,53,1.214,1,2060,0,375.263,6.820,168.000,334.875,-21.375,-0.113,0.203,1.535,2.656,6.281,3.035,3.192,3.588,1.018,1.359,0,NULL,NULL,,2,0,2,7,255,1125,250,0,0
pre_stim,27560,27560,0,27560,3224879.455,0.854,0.117,0.028,0.506,0,0,0,0,0,0,0,45,53,1.214,1,2060,0,371.076,6.416,162.813,332.813,-20.625,-0.117,0.199,1.578,2.543,5.891,3.945,3.222,3.618,1.018,1.359,0,NULL,NULL,,2,0,2,7,255,1125,250,0,0
pre_stim,27560,27560,0,27560,3224884.454,0.855,0.104,0.019,0.509,0,0,0,0,0,0,0,48,53,1.214,1,2060,0,368.999,6.237,161.563,331.188,-19.313,-0.141,0.250,1.676,2.543,5.695,4.523,3.250,3.650,1.018,1.359,0,NULL,NULL,,2,0,2,7,255,1125,250,0,0
pre_stim,27560,27560,0,27560,3224889.455,0.855,0.091,0.011,0.511,0,0,0,0,0,0,0,45,53,1.214,1,2060,0,365.044,6.452,154.438,330.063,-21.563,-0.168,0.262,1.789,3.031,5.695,5.527,3.278,3.680,1.018,1.359,0,NULL,NULL,,2,0,2,7,255,1125,250,0,0
pre_stim,27583,27583,0,27583,3224894.453,0.855,0.078,0.002,0.514,0,0,0,0,0,0,0,53,53,1.214,1,2060,0,359.006,6.452,141.188,329.125,-25.063,-0.172,0.230,1.859,3.031,5.695,6.734,3.304,3.710,1.018,1.359,0,NULL,NULL,,2,0,2,7,255,1125,250,0,0
pre_stim,27583,27583,0,27583,3224899.455,0.854,0.066,-0.007,0.516,0,0,0,0,0,0,0,58,53,1.214,1,2060,0,352.630,5.952,127.938,327.563,-26.125,-0.168,0.203,1.867,2.980,5.152,7.609,3.328,3.734,1.018,1.359,0,NULL,NULL,,2,0,2,7,255,1125,250,0,0
pre_stim,27613,27613,0,27613,3224904.453,0.853,0.054,-0.017,0.518,0,0,0,0,0,0,0,58,53,1.214,1,2060,0,347.695,5.336,120.375,325.125,-26.375,-0.160,0.203,1.840,2.945,4.449,7.723,3.348,3.758,1.018,1.359,0,NULL,NULL,,2,0,2,7,255,1125,250,0,0
pre_stim,27613,27613,0,27613,3224909.455,0.852,0.042,-0.026,0.520,0,0,0,0,0,0,0,61,53,1.214,1,2060,0,344.874,4.803,120.000,322.125,-27.813,-0.152,0.184,1.816,2.891,3.836,7.723,3.366,3.778,1.018,1.359,0,NULL,NULL,,2,0,2,7,255,1125,250,0,0
pre_stim,27613,27613,0,27613,3224914.454,0.851,0.030,-0.035,0.523,0,0,0,0,0,0,0,69,53,1.214,1,2060,0,343.264,4.254,124.875,318.438,-28.875,-0.137,0.156,1.828,2.891,3.121,7.723,3.378,3.792,1.018,1.359,0,NULL,NULL,,2,0,2,7,255,1125,250,0,0
pre_stim,27613,27613,0,27613,3224919.455,0.850,0.018,-0.043,0.525,0,0,0,0,0,0,0,61,53,1.214,1,2060,0,342.492,3.714,132.188,314.563,-29.625,-0.109,0.152,1.863,2.891,2.332,7.828,3.386,3.802,1.018,1.359,0,NULL,NULL,,2,0,2,7,255,1125,250,0,0
pre_stim,27613,27613,0,27613,3224924.454,0.849,0.006,-0.051,0.527,0,0,0,0,0,0,0,71,53,1.214,1,2060,0,343.275,3.323,141.313,311.313,-30.875,-0.055,0.125,1.902,2.949,1.531,8.230,3.388,3.806,1.018,1.359,0,NULL,NULL,,2,0,2,7,255,1125,250,0,0
pre_stim,27613,27613,0,27613,3224929.455,0.847,-0.007,-0.059,0.528,0,0,0,0,0,0,0,71,53,1.214,1,2060,0,345.776,2.975,152.250,309.000,-30.000,0.012,0.051,1.926,2.949,0.395,8.609,3.382,3.802,1.018,1.359,0,NULL,NULL,,2,0,2,7,255,1125,250,0,0
pre_stim,27613,27613,0,27613,3224934.454,0.845,-0.020,-0.066,0.530,0,0,0,0,0,0,0,63,53,1.214,1,2060,0,350.419,2.868,166.188,307.375,-26.375,0.086,-0.012,1.941,2.652,-1.090,8.840,3.368,3.792,1.018,1.359,0,NULL,NULL,,2,0,2,7,255,1125,250,0,0
pre_stim,27613,27613,0,27613,3224939.455,0.843,-0.034,-0.073,0.531,0,0,0,0,0,0,0,63,53,1.214,1,2060,0,357.869,3.721,183.750,306.188,-23.563,0.188,-0.023,1.969,2.652,-2.609,8.910,3.348,3.772,1.018,1.359,0,NULL,NULL,,2,0,2,7,255,1125,250,0,0
pre_stim,27613,27613,0,27613,3224944.453,0.841,-0.048,-0.079,0.533,0,0,0,0,0,0,0,71,53,1.214,1,2060,0,368.910,4.952,206.250,305.125,-21.313,0.336,-0.020,2.027,2.711,-4.145,8.949,3.318,3.744,1.018,1.359,0,NULL,NULL,,2,0,2,7,255,1125,250,0,0
pre_stim,27613,27613,0,27613,3224949.455,0.839,-0.064,-0.085,0.534,0,0,0,0,0,0,0,71,53,1.214,1,2060,0,383.270,6.973,231.125,305.188,-18.375,0.539,-0.035,2.141,3.340,-6.121,9.109,3.276,3.706,1.018,1.359,0,NULL,NULL,,2,0,2,7,255,1125,250,0,0
pre_stim,27642,27642,0,27642,3224954.453,0.836,-0.080,-0.091,0.535,0,0,0,0,0,0,0,73,53,1.214,1,2060,0,397.745,9.651,252.563,307.000,-12.813,0.738,-0.063,2.281,3.961,-8.801,9.582,3.226,3.658,1.018,1.359,0,NULL,NULL,,2,0,2,7,255,1125,250,0,0
pre_stim,27642,27642,0,27642,3224959.455,0.834,-0.097,-0.096,0.535,0,0,0,0,0,0,0,75,53,1.214,1,2060,0,410.970,12.419,269.563,310.188,-4.000,0.918,-0.078,2.430,4.461,-11.590,10.199,3.160,3.596,1.018,1.359,0,NULL,NULL,,2,0,2,7,255,1125,250,0,0
pre_stim,27642,27642,0,27642,3224964.454,0.831,-0.115,-0.100,0.535,0,0,0,0,0,0,0,75,53,1.214,1,2060,0,422.899,15.064,283.875,313.375,7.375,1.047,-0.063,2.598,4.906,-14.242,10.758,3.084,3.522,1.018,1.359,0,NULL,NULL,,2,0,2,7,255,1125,250,0,0
pre_stim,27642,27642,0,27642,3224969.455,0.828,-0.133,-0.105,0.534,0,0,0,0,0,0,0,73,53,1.214,1,2060,0,431.759,17.333,292.500,317.250,14.563,1.137,-0.004,2.785,5.406,-16.469,11.500,2.998,3.438,1.018,1.359,0,NULL,NULL,,2,0,2,7,255,1125,250,0,0
pre_stim,27642,27642,0,27642,3224974.454,0.825,-0.151,-0.110,0.533,0,0,0,0,0,0,0,77,53,1.214,1,2060,0,431.919,19.362,288.063,321.438,15.875,1.207,0.035,2.949,6.090,-18.379,12.457,2.904,3.344,1.018,1.359,0,NULL,NULL,,2,0,2,7,255,1125,250,0,0
pre_stim,27642,27642,0,27642,3224979.455,0.822,-0.168,-0.115,0.532,0,0,0,0,0,0,0,91,53,1.214,1,2060,0,421.597,21.209,270.000,323.313,17.688,1.246,0.055,3.059,6.453,-20.203,13.152,2.798,3.240,1.018,1.359,0,NULL,NULL,,2,0,2,7,255,1125,250,0,0
pre_stim,27677,27677,0,27677,3224984.454,0.818,-0.184,-0.121,0.531,0,0,0,0,0,0,0,93,53,1.214,1,2060,0,400.111,22.635,238.313,320.750,20.375,1.250,0.125,3.102,6.559,-21.664,13.152,2.682,3.126,1.018,1.359,0,NULL,NULL,,2,0,2,7,255,1125,250,0,0
pre_stim,27677,27677,0,27677,3224989.455,0.815,-0.198,-0.128,0.529,0,0,0,0,0,0,0,109,53,1.214,1,2060,0,371.991,23.477,202.125,311.813,17.188,1.352,0.281,3.105,6.996,-22.410,13.141,2.556,3.000,1.018,1.359,0,NULL,NULL,,2,0,2,7,255,1125,250,0,0
pre_stim,27677,27677,0,27677,3224994.453,0.812,-0.211,-0.134,0.527,0,0,0,0,0,0,0,143,53,1.214,1,2060,0,340.989,24.952,163.625,299.063,7.875,1.629,0.324,2.973,8.656,-23.402,12.293,2.422,2.866,1.018,1.359,0,NULL,NULL,,2,0,2,7,255,1125,250,0,0
pre_stim,27677,27677,0,27677,3224999.455,0.809,-0.222,-0.141,0.525,0,0,0,0,0,0,0,157,53,1.214,1,2060,0,308.613,27.062,126.313,281.250,13.625,1.949,0.082,2.688,9.105,-25.484,9.344,2.280,2.724,1.018,1.359,0,NULL,NULL,,2,0,2,7,255,1125,250,0,0
pre_stim,27710,27710,0,27710,3225004.453,0.807,-0.232,-0.148,0.522,0,0,0,0,0,0,0,183,53,1.214,1,2060,0,279.118,29.373,97.563,259.125,35.250,2.164,-0.246,2.270,9.105,-27.926,4.332,2.138,2.580,1.018,1.359,0,NULL,NULL,,2,0,2,7,255,1125,250,0,0
pre_stim,27710,27710,0,27710,3225009.455,0.806,-0.240,-0.154,0.519,0,0,0,0,0,0,0,198,53,1.214,1,2060,0,255.518,29.324,86.313,234.125,55.000,2.309,-0.500,1.785,7.016,-28.473,-1.469,1.994,2.436,1.018,1.359,0,NULL,NULL,,2,0,2,7,255,1125,250,0,0
pre_stim,27733,27733,0,27733,3225014.454,0.805,-0.249,-0.158,0.515,0,0,0,0,0,0,0,237,53,1.214,1,2060,0,241.368,28.965,102.250,208.000,67.375,2.480,-0.676,1.348,5.316,-28.473,-7.293,1.848,2.290,1.018,1.359,0,NULL,NULL,,2,0,2,7,255,1125,250,0,0
pre_stim,27733,27733,0,27733,3225019.455,0.803,-0.259,-0.161,0.512,0,0,0,0,0,0,0,245,53,1.214,1,2060,0,247.787,28.435,147.250,184.688,74.875,2.598,-0.688,1.016,4.863,-28.016,-12.699,1.702,2.140,1.018,1.359,0,NULL,NULL,,2,0,2,7,255,1125,250,0,0
pre_stim,27733,27733,0,27733,3225024.454,0.802,-0.270,-0.161,0.509,0,0,0,0,0,0,0,261,53,1.214,1,2060,0,266.121,28.368,198.813,159.625,76.250,2.855,-1.063,1.055,4.457,-28.016,-16.504,1.550,1.988,1.018,1.359,0,NULL,NULL,,2,0,2,7,255,1125,250,0,0
pre_stim,27733,27733,0,27733,3225029.455,0.800,-0.282,-0.160,0.505,0,0,0,0,0,0,0,263,53,1.214,1,2060,0,288.036,30.334,232.625,140.250,95.813,2.984,-1.191,1.195,2.684,-30.215,-18.918,1.392,1.828,1.018,1.359,0,NULL,NULL,,2,0,2,7,255,1125,250,0,0
pre_stim,27733,27733,0,27733,3225034.454,0.798,-0.294,-0.158,0.501,0,0,0,0,0,0,0,265,53,1.214,1,2060,0,294.428,32.283,241.313,118.875,119.688,3.180,-1.512,1.395,2.219,-32.207,-19.379,1.230,1.664,1.018,1.359,0,NULL,NULL,,2,0,2,7,255,1125,250,0,0
pre_stim,27733,27733,0,27733,3225039.455,0.797,-0.306,-0.154,0.497,0,0,0,0,0,0,0,277,53,1.214,1,2060,0,297.913,34.092,245.938,100.125,135.063,2.945,-1.480,1.449,0.406,-34.090,-19.379,1.062,1.496,1.018,1.359,0,NULL,NULL,,2,0,2,7,255,1125,250,0,0
pre_stim,27733,27733,0,27733,3225044.454,0.796,-0.317,-0.150,0.494,0,0,0,0,0,0,0,289,53,1.214,1,2060,0,283.868,34.848,248.250,73.750,116.250,2.832,-1.426,1.738,-0.160,-34.848,-19.195,0.890,1.324,1.018,1.359,0,NULL,NULL,,2,0,2,7,255,1125,250,0,0
pre_stim,27733,27733,0,27733,3225049.455,0.794,-0.327,-0.145,0.491,0,0,0,0,0,0,0,299,53,1.214,1,2060,0,260.275,34.848,237.688,48.750,94.188,2.703,-1.504,2.098,-0.234,-34.848,-16.750,0.716,1.144,1.018,1.359,0,NULL,NULL,,2,0,2,7,255,1125,250,0,0
pre_stim,27733,27733,0,27733,3225054.453,0.792,-0.336,-0.140,0.490,0,0,0,0,0,0,0,303,53,1.214,1,2060,0,244.404,36.447,230.750,20.813,77.813,2.602,-1.641,2.313,-1.723,-36.406,-14.094,0.546,0.964,1.018,1.359,0,NULL,NULL,,2,0,2,7,255,1125,250,0,0
pre_stim,27734,27734,0,27734,3225059.455,0.791,-0.342,-0.134,0.489,0,0,0,0,0,0,0,315,53,1.214,1,2060,0,209.143,37.536,194.250,-18.063,75.375,2.230,-0.992,3.020,-1.723,-37.496,-12.902,0.392,0.788,1.018,1.359,0,NULL,NULL,,2,0,2,7,255,1125,250,0,0
pre_stim,27734,27734,0,27734,3225064.454,0.791,-0.344,-0.130,0.489,0,0,0,0,0,0,0,327,53,1.214,1,2060,0,92.712,37.503,70.313,-52.313,30.250,1.766,-0.258,3.598,-0.719,-37.496,-3.598,0.278,0.620,1.018,1.359,0,NULL,NULL,,2,0,2,7,255,1125,250,0,0
pre_stim,27734,27734,0,27734,3225069.455,0.792,-0.342,-0.128,0.489,0,0,0,0,0,0,0,383,53,1.214,1,2060,0,78.440,37.069,-21.688,-73.938,14.688,2.242,-0.992,2.930,-0.719,-37.063,-3.598,0.248,0.464,1.018,1.359,0,NULL,NULL,,2,0,2,7,255,1125,250,0,0
pre_stim,27763,27763,0,27763,3225074.454,0.795,-0.345,-0.115,0.485,153,0,0,503,0,0,0,447,53,1.214,1,2060,0,327.079,37.070,176.250,-171.688,215.500,0.703,-1.176,4.527,-0.738,-37.063,5.973,0.294,0.344,1.018,1.359,0,NULL,NULL,,2,0,2,7,255,1125,250,0,0
pre_stim,27763,27763,0,27763,3225079.455,0.802,-0.349,-0.096,0.475,841,0,0,1187,0,115,0,499,53,1.214,1,2060,0,522.877,37.394,200.125,-270.000,400.563,-0.270,1.699,7.848,-0.738,-37.387,14.992,0.364,0.286,1.018,1.359,0,NULL,NULL,,2,0,2,7,255,1125,250,0,0
pre_stim,27763,27763,0,27763,3225084.453,0.821,-0.317,-0.105,0.463,1355,0,0,1659,0,391,0,565,53,1.214,1,2060,0,913.346,37.395,-858.750,-127.000,283.938,-1.457,2.996,3.742,0.777,-37.387,37.559,0.404,0.296,1.018,1.359,0,NULL,NULL,,2,0,2,7,255,1125,250,0,0
pre_stim,27763,27763,0,27763,3225089.455,0.838,-0.278,-0.118,0.454,1829,0,0,1889,0,537,0,617,53,1.214,1,2061,0,1048.594,12.995,-1024.688,-163.250,151.375,-1.426,3.750,-0.844,12.957,-0.996,37.559,0.414,0.342,1.018,1.359,1,1120.000,-5.000,,2,0,2,7,255,1125,250,0,0
pre_stim,27763,27763,0,27763,3225094.454,0.847,-0.254,-0.124,0.450,2103,0,0,2039,0,821,0,659,53,1.214,1,2061,0,615.007,33.444,-596.813,-129.688,72.313,-1.883,1.832,-2.207,12.957,30.832,1.891,0.424,0.382,1.018,1.359,1,NULL,NULL,,2,0,2,7,255,1125,250,0,0
pre_stim,27763,27763,0,27763,3225099.455,0.850,-0.242,-0.124,0.452,2295,0,0,2139,0,942,0,752,53,1.214,1,2061,0,279.950,31.113,-235.938,-144.250,-43.563,-1.156,0.145,-0.914,4.172,30.832,-12.289,0.448,0.416,1.018,1.359,1,NULL,NULL,,2,0,2,7,255,1125,250,0,0
pre_stim,27815,27815,0,27815,3225104.453,0.851,-0.237,-0.120,0.454,2432,0,0,2215,0,1128,0,829,53,1.214,1,2061,0,160.548,13.537,-67.000,-142.500,-31.313,0.082,0.297,0.902,2.918,13.219,-12.289,0.480,0.448,1.018,1.359,1,NULL,NULL,,2,0,2,7,255,1125,250,0,0
pre_stim,27815,27815,0,27815,3225109.455,0.854,-0.231,-0.116,0.452,2572,0,0,2331,0,1279,0,918,53,1.214,1,2061,0,185.865,3.053,-102.063,-137.313,72.625,0.473,1.879,1.418,2.918,-0.898,-1.715,0.502,0.474,1.018,1.359,1,NULL,NULL,,2,0,2,7,255,1125,250,0,0
pre_stim,27815,27815,0,27815,3225114.454,0.859,-0.222,-0.114,0.447,2725,0,0,2535,0,1374,0,981,53,1.214,1,2061,0,256.133,14.278,-181.375,-132.000,123.625,-0.246,1.914,1.672,14.250,-0.898,5.301,0.494,0.488,1.018,1.359,2,NULL,NULL,,2,0,2,7,255,1125,250,0,0
pre_stim,27815,27815,0,27815,3225119.455,0.865,-0.208,-0.113,0.442,2837,0,0,2683,0,1407,0,1058,53,1.214,1,2061,0,364.812,14.719,-305.063,-150.500,131.813,-1.648,0.008,0.973,14.250,3.688,5.301,0.458,0.488,1.018,1.359,2,NULL,NULL,,2,0,2,7,255,1125,250,0,0
pre_stim,27815,27815,0,27815,3225124.454,0.871,-0.190,-0.112,0.439,2921,0,0,2811,0,1445,0,1189,53,1.214,1,2061,0,439.351,10.961,-388.625,-188.063,81.438,-2.078,-1.527,0.059,-9.129,6.066,4.875,0.410,0.484,1.018,1.359,2,NULL,NULL,,2,0,2,7,255,1125,250,0,0
pre_stim,27815,27815,0,27815,3225129.455,0.872,-0.177,-0.111,0.443,2983,0,0,2908,0,1497,0,1326,53,1.214,1,2061,0,323.805,21.023,-245.063,-184.438,-103.813,-1.469,-1.406,-0.777,-20.129,6.066,-4.953,0.370,0.474,1.018,1.359,2,NULL,NULL,,2,0,2,7,255,1125,250,0,0
pre_stim,27815,27815,0,27815,3225134.453,0.870,-0.171,-0.105,0.449,3033,0,0,2975,0,1513,0,1419,53,1.214,1,2061,0,251.202,20.941,-32.125,-197.688,-151.625,-0.129,-0.781,-0.035,-20.129,5.773,-11.039,0.344,0.448,1.018,1.359,2,NULL,NULL,,2,0,2,7,255,1125,250,0,0
pre_stim,27815,27815,0,27815,3225139.455,0.868,-0.170,-0.097,0.456,3066,0,0,3033,0,1547,0,1465,53,1.214,1,2061,0,236.425,7.765,79.438,-187.500,-120.125,0.660,-0.879,1.469,-7.086,-3.176,-11.039,0.336,0.400,1.018,1.359,2,NULL,NULL,,2,0,2,7,255,1125,250,0,0
pre_stim,27815,27815,0,27815,3225144.454,0.868,-0.167,-0.091,0.458,3069,0,0,3064,0,1606,0,1485,53,1.214,1,2061,0,167.195,15.352,7.875,-161.313,-43.250,1.063,-1.242,2.320,-3.574,-14.930,-0.051,0.342,0.340,1.018,1.359,2,NULL,NULL,,2,0,2,7,255,1125,250,0,0
pre_stim,27815,27815,0,27815,3225149.455,0.871,-0.159,-0.087,0.456,3099,0,0,3118,0,1685,0,1497,53,1.214,1,2061,0,212.360,22.015,-135.000,-152.625,59.813,1.039,-1.324,2.035,-3.574,-21.723,3.734,0.356,0.280,1.018,1.359,2,NULL,NULL,,2,0,2,7,255,1125,250,0,0
pre_stim,27841,27841,0,27841,3225154.453,0.876,-0.149,-0.085,0.450,3109,0,0,3132,0,1779,0,1507,53,1.214,1,2061,0,300.240,22.149,-215.000,-136.375,159.125,0.414,-1.117,1.141,-4.324,-21.723,3.734,0.372,0.230,1.018,1.359,2,NULL,NULL,,2,0,2,7,255,1125,250,0,0
pre_stim,27841,27841,0,27841,3225159.455,0.882,-0.140,-0.083,0.443,3112,0,0,3163,0,1865,0,1549,53,1.214,1,2061,0,293.917,14.299,-184.063,-132.875,186.688,-0.398,-0.840,0.512,-6.188,-12.891,-2.094,0.386,0.194,1.018,1.359,2,NULL,NULL,,2,0,2,7,255,1125,250,0,0
pre_stim,27841,27841,0,27841,3225164.454,0.885,-0.134,-0.079,0.438,3129,0,0,3177,0,1955,0,1597,53,1.214,1,2061,0,219.142,8.329,-102.063,-137.125,137.125,-0.809,-0.379,0.496,-7.609,-3.387,-3.645,0.398,0.174,1.018,1.359,2,NULL,NULL,,2,0,2,7,255,1125,250,0,0
pre_stim,27842,27842,1,27842,3225169.455,0.887,-0.130,-0.074,0.436,3123,0,0,3181,0,2055,13,1643,53,1.214,1,2061,0,154.432,7.952,-38.313,-139.250,54.688,-0.645,0.203,0.934,-7.609,2.309,-3.645,0.408,0.162,1.018,1.359,2,NULL,NULL,,2,1,2,7,255,1125,250,0,0
pre_stim,27860,27860,1,27860,3225174.454,0.888,-0.126,-0.069,0.437,3127,0,0,3172,100,2151,39,1753,53,1.214,1,2061,0,140.304,3.029,-40.188,-134.375,3.688,-0.230,0.445,1.363,-1.961,2.309,0.781,0.418,0.154,1.018,1.359,2,NULL,NULL,,2,1,2,7,255,1125,250,0,0
pre_stim,27860,27860,1,27860,3225179.455,0.889,-0.120,-0.066,0.437,3123,0,0,3171,413,2224,145,1865,53,1.214,1,2061,0,157.184,2.178,-92.688,-126.938,-1.688,0.016,0.195,1.469,2.070,0.676,4.148,0.426,0.146,1.018,1.359,2,NULL,NULL,,2,1,2,7,255,1125,250,0,0
pre_stim,27860,27860,1,27860,3225184.453,0.890,-0.113,-0.064,0.437,3119,0,0,3177,651,2273,216,2008,53,1.214,1,2061,0,154.656,3.392,-114.000,-104.313,-6.438,0.164,-0.156,1.656,2.070,-2.688,4.309,0.440,0.136,1.018,1.359,2,NULL,NULL,,2,1,2,7,255,1125,250,0,0
pre_stim,27860,27860,1,27860,3225189.455,0.890,-0.108,-0.064,0.439,3119,0,0,3181,933,2318,185,2103,53,1.214,1,2061,0,125.260,6.202,-101.688,-51.813,-51.625,0.352,-0.191,1.473,1.152,-6.094,4.309,0.456,0.122,1.018,1.359,2,NULL,NULL,,2,1,2,7,255,1125,250,0,0
pre_stim,27883,27883,1,27883,3225194.454,0.889,-0.105,-0.064,0.441,3119,0,0,3181,1124,2342,229,2153,53,1.214,1,2061,0,100.275,6.202,-69.250,-48.688,-53.750,0.688,0.469,0.809,1.152,-6.094,3.289,0.478,0.104,1.018,1.359,2,NULL,NULL,,2,1,2,7,255,1125,250,0,0
pre_stim,27883,27883,1,27883,3225199.455,0.889,-0.104,-0.062,0.442,3115,0,0,3177,1227,2362,236,2191,53,1.214,1,2061,0,42.571,8.186,6.938,-33.375,-25.500,0.484,0.477,1.156,6.973,-4.289,0.723,0.500,0.084,1.018,1.359,2,NULL,NULL,,2,1,2,7,255,1125,250,0,0
pre_stim,27913,27913,1,27913,3225204.453,0.889,-0.102,-0.063,0.442,3119,0,0,3187,1337,2383,240,2247,53,1.214,1,2061,0,50.020,8.048,-46.375,-18.625,2.125,-0.152,-0.277,1.633,6.973,-4.020,0.723,0.518,0.068,1.018,1.359,2,NULL,NULL,,2,1,2,7,255,1125,250,0,0
pre_stim,27913,27913,1,27913,3225209.455,0.889,-0.097,-0.064,0.443,3117,0,0,3183,1427,2404,261,2284,53,1.214,1,2061,0,121.638,4.234,-117.313,-16.125,-27.813,-0.477,-0.168,1.125,-2.422,-3.473,1.742,0.530,0.060,1.018,1.359,2,NULL,NULL,,2,1,2,7,255,1125,250,0,0
pre_stim,27913,27913,1,27913,3225214.454,0.888,-0.094,-0.066,0.446,3115,23,0,3187,1515,2411,262,2312,53,1.214,1,2061,0,119.558,2.432,-78.938,-9.875,-89.250,-0.250,0.164,0.641,-2.422,0.223,1.742,0.536,0.056,1.018,1.359,2,NULL,NULL,,2,1,2,7,255,1125,250,0,0
pre_stim,27913,27913,1,27913,3225219.455,0.886,-0.093,-0.066,0.450,3117,29,0,3187,1575,2419,261,2335,53,1.214,1,2061,0,103.570,0.250,-18.313,-9.438,-101.500,0.160,0.051,0.855,0.113,0.223,-1.914,0.542,0.056,1.018,1.359,2,NULL,NULL,,2,1,2,7,255,1125,250,0,0
pre_stim,27913,27913,1,27913,3225224.454,0.885,-0.091,-0.066,0.452,3116,41,0,3185,1619,2427,251,2355,53,1.214,1,2061,0,62.902,2.752,-23.563,-6.688,-57.938,0.191,-0.176,1.184,0.313,-2.734,-1.914,0.552,0.048,1.018,1.359,2,NULL,NULL,,2,1,2,7,255,1125,250,0,0
pre_stim,27913,27913,1,27913,3225229.455,0.884,-0.089,-0.068,0.453,3116,45,0,3187,1671,2441,233,2377,53,1.214,1,2061,0,67.908,2.752,-64.125,-3.938,-22.000,-0.066,-0.176,1.098,0.313,-2.734,0.730,0.562,0.042,1.018,1.359,2,NULL,NULL,,2,1,2,7,255,1125,250,0,0
pre_stim,27940,27940,1,27940,3225234.453,0.884,-0.086,-0.069,0.454,3117,95,0,3183,1724,2455,235,2395,53,1.214,1,2061,0,74.542,2.954,-67.563,-4.375,-31.188,-0.301,-0.008,0.801,-1.164,-2.715,0.730,0.572,0.038,1.018,1.359,2,NULL,NULL,,2,1,2,7,255,1125,250,0,0
pre_stim,27940,27940,1,27940,3225239.455,0.883,-0.084,-0.070,0.456,3115,111,0,3187,1755,2459,231,2411,53,1.214,1,2061,0,72.267,1.312,-34.750,-5.500,-63.125,-0.246,0.051,0.801,-1.164,0.605,-1.566,0.578,0.032,1.018,1.359,2,NULL,NULL,,2,1,2,7,255,1125,250,0,0
pre_stim,27940,27940,1,27940,3225244.454,0.882,-0.083,-0.070,0.459,3117,116,0,3183,1785,2467,234,2425,53,1.214,1,2061,0,75.289,0.795,-15.125,-5.313,-73.563,-0.047,-0.039,0.992,-0.516,0.605,-1.566,0.584,0.028,1.018,1.359,2,NULL,NULL,,2,1,2,7,255,1125,250,0,0
pre_stim,27940,27940,1,27940,3225249.455,0.881,-0.082,-0.070,0.461,3117,134,16,3183,1831,2475,229,2431,53,1.214,1,2061,0,57.962,1.821,-20.000,-4.063,-54.250,0.098,-0.012,1.086,0.047,-1.820,-0.242,0.592,0.022,1.018,1.359,2,NULL,NULL,,2,1,2,7,255,1125,250,0,0
pre_stim,27940,27940,1,27940,3225254.453,0.880,-0.081,-0.071,0.462,3119,143,45,3187,1863,2483,221,2441,53,1.214,1,2061,0,41.924,2.474,-26.938,-0.063,-32.125,0.035,-0.020,1.031,0.707,-2.371,0.012,0.600,0.016,1.018,1.359,2,NULL,NULL,,2,1,2,7,255,1125,250,0,0
pre_stim,27940,27940,1,27940,3225259.455,0.880,-0.079,-0.071,0.463,3117,155,107,3183,1879,2485,197,2443,53,1.214,1,2061,0,34.708,2.474,-27.063,1.375,-21.688,-0.016,-0.051,0.992,0.707,-2.371,0.012,0.610,0.010,1.018,1.359,2,NULL,NULL,,2,1,2,7,255,1125,250,0,0
pre_stim,27940,27940,1,27940,3225264.454,0.880,-0.078,-0.072,0.464,3116,163,151,3183,1895,2487,191,2443,53,1.214,1,2061,0,22.996,2.062,-21.188,-0.188,-8.938,-0.082,-0.078,0.941,0.172,-2.055,-0.289,0.616,0.004,1.018,1.359,2,NULL,NULL,,2,1,2,7,255,1125,250,0,0
pre_stim,27940,27940,1,27940,3225269.455,0.880,-0.078,-0.072,0.464,3118,167,174,3185,1908,2488,189,2445,53,1.214,1,2061,0,15.108,1.633,-10.500,1.563,-10.750,-0.176,-0.008,0.949,-0.355,-1.594,-0.355,0.624,0.000,1.018,1.359,2,NULL,NULL,,2,1,2,7,255,1125,250,0,0
pre_stim,27958,27958,1,27958,3225274.454,0.879,-0.078,-0.072,0.464,3117,167,205,3179,1915,2490,189,2445,53,1.214,1,2061,0,16.178,0.579,-4.125,0.750,-15.625,-0.145,0.121,1.043,-0.355,-0.457,-0.355,0.000,0.000,1.018,1.359,2,NULL,NULL,,2,1,2,7,255,1125,250,0,0
pre_stim,27958,27958,1,27958,3225279.455,0.879,-0.077,-0.072,0.465,3115,165,244,3183,1919,2489,184,2442,53,1.200,1,2061,1,15.103,1.039,-5.938,-0.563,-13.875,-0.105,0.105,1.074,0.934,-0.457,0.523,0.000,0.000,1.064,1.350,2,NULL,NULL,,2,1,2,7,255,1125,250,0,0
pre_stim,27958,27958,1,27958,3225284.454,0.879,-0.077,-0.072,0.465,3112,165,283,3179,1925,2488,172,2441,53,1.200,1,2061,1,14.707,1.113,-10.500,1.500,-10.188,-0.109,-0.004,1.027,0.934,-0.605,0.523,0.006,0.004,1.064,1.350,2,NULL,NULL,,2,1,2,7,255,1125,250,0,0
pre_stim,27958,27958,1,27958,3225289.455,0.879,-0.076,-0.072,0.466,3111,157,297,3177,1928,2487,168,2439,53,1.200,1,2061,1,12.176,1.020,-10.000,1.000,-6.875,-0.137,-0.047,0.980,0.098,-1.016,0.273,0.010,0.006,1.064,1.350,2,NULL,NULL,,2,1,2,7,255,1125,250,0,0
pre_stim,27980,27980,1,27980,3225294.454,0.879,-0.076,-0.072,0.466,3112,154,299,3175,1929,2489,166,2431,53,1.200,1,2061,1,7.924,1.034,-3.000,-0.563,-7.313,-0.137,-0.020,0.977,-0.195,-1.016,-0.152,0.016,0.008,1.064,1.350,2,NULL,NULL,,2,1,2,7,255,1125,250,0,0
pre_stim,27980,27980,1,27980,3225299.455,0.878,-0.076,-0.072,0.466,3104,155,303,3173,1933,2479,165,2427,53,1.200,1,2061,1,7.588,0.935,1.938,-1.125,-7.250,-0.113,0.012,0.996,-0.195,-0.914,-0.152,0.020,0.012,1.064,1.350,2,NULL,NULL,,2,1,2,7,255,1125,250,0,0
pre_stim,28011,28011,1,28011,3225304.453,0.878,-0.076,-0.072,0.466,3099,146,309,3167,1931,2475,148,2425,53,1.200,1,2061,1,3.890,0.934,2.063,-0.563,-3.250,-0.105,0.016,1.000,0.191,-0.914,-0.016,0.024,0.012,1.064,1.350,2,NULL,NULL,,2,1,2,7,255,1125,250,0,0
pre_stim,28011,28011,1,28011,3225309.455,0.878,-0.076,-0.072,0.466,3095,146,312,3160,1920,2469,134,2423,53,1.200,1,2061,1,1.697,0.934,0.750,-0.500,1.438,-0.141,0.004,0.988,0.191,-0.914,-0.016,0.026,0.014,1.064,1.350,2,NULL,NULL,,2,1,2,7,255,1125,250,0,0
pre_stim,28011,28011,1,28011,3225314.454,0.878,-0.076,-0.072,0.466,3090,143,311,3155,1918,2464,127,2423,53,1.200,1,2061,1,3.298,0.711,1.250,-1.750,2.500,-0.176,0.004,0.969,-0.012,-0.711,-0.043,0.030,0.016,1.064,1.350,2,NULL,NULL,,2,1,2,7,255,1125,250,0,0
pre_stim,28011,28011,1,28011,3225319.455,0.878,-0.076,-0.072,0.466,3081,137,311,3147,1911,2461,124,2423,53,1.200,1,2061,1,4.978,0.465,3.750,-3.188,0.750,-0.180,0.004,0.965,-0.227,-0.406,-0.160,0.032,0.016,1.064,1.350,2,NULL,NULL,,2,1,2,7,255,1125,250,0,0
pre_stim,28011,28011,1,28011,3225324.454,0.879,-0.076,-0.072,0.466,3077,125,311,3141,1907,2457,122,2423,53,1.200,1,2061,1,7.178,0.465,5.688,-4.375,0.188,-0.160,-0.004,0.969,-0.227,-0.406,-0.184,0.034,0.016,1.064,1.350,2,NULL,NULL,,2,1,2,7,255,1125,250,0,0
pre_stim,28011,28011,1,28011,3225329.455,0.879,-0.076,-0.071,0.466,3065,123,315,3131,1903,2455,123,2423,53,1.200,1,2061,1,9.086,0.590,6.688,-5.563,2.625,-0.145,0.008,0.977,-0.211,-0.551,-0.184,0.038,0.016,1.064,1.350,2,NULL,NULL,,2,1,2,7,255,1125,250,0,0
pre_stim,28039,28039,1,28039,3225334.454,0.879,-0.076,-0.071,0.466,3055,115,316,3123,1903,2450,119,2424,53,1.200,1,2061,1,11.053,0.553,7.063,-6.375,5.625,-0.152,0.012,0.980,-0.047,-0.551,-0.172,0.040,0.018,1.064,1.350,2,NULL,NULL,,2,1,2,7,255,1125,250,0,0
pre_stim,28039,28039,1,28039,3225339.455,0.879,-0.076,-0.070,0.466,3047,95,315,3112,1901,2445,121,2425,53,1.200,1,2061,1,11.903,0.544,7.375,-7.000,6.188,-0.172,0.031,0.977,-0.039,-0.543,-0.109,0.044,0.018,1.064,1.350,2,NULL,NULL,,2,1,2,7,255,1125,250,0,0
pre_stim,28039,28039,1,28039,3225344.453,0.879,-0.077,-0.070,0.466,3041,89,325,3103,1903,2441,123,2431,53,1.200,1,2061,1,12.155,0.306,8.375,-7.750,4.188,-0.176,0.039,0.980,-0.027,-0.305,-0.082,0.048,0.020,1.064,1.350,2,NULL,NULL,,2,1,2,7,255,1125,250,0,0
pre_stim,28039,28039,1,28039,3225349.455,0.879,-0.077,-0.069,0.466,3033,85,330,3095,1911,2441,124,2438,53,1.200,1,2061,1,12.909,0.212,9.000,-8.688,3.188,-0.176,0.047,0.980,0.016,-0.211,-0.059,0.052,0.022,1.064,1.350,2,NULL,NULL,,2,1,2,7,255,1125,250,0,0
pre_stim,28039,28039,1,28039,3225354.453,0.879,-0.077,-0.069,0.465,3021,77,339,3083,1915,2439,148,2443,53,1.200,1,2061,1,13.719,0.201,8.438,-10.000,4.125,-0.184,0.051,0.984,0.047,-0.195,-0.027,0.054,0.024,1.064,1.350,2,NULL,NULL,,2,1,2,7,255,1125,250,0,0
pre_stim,28039,28039,1,28039,3225359.455,0.879,-0.077,-0.068,0.465,3007,79,348,3064,1933,2439,165,2453,53,1.200,1,2061,1,15.046,0.113,8.125,-11.813,4.563,-0.203,0.070,0.980,0.063,-0.094,-0.004,0.058,0.024,1.064,1.350,2,NULL,NULL,,2,1,2,7,255,1125,250,0,0
pre_stim,28039,28039,1,28039,3225364.454,0.879,-0.077,-0.067,0.465,3000,81,367,3055,1959,2441,181,2461,53,1.200,1,2061,1,16.240,0.190,8.563,-13.625,2.188,-0.219,0.113,0.988,0.063,0.180,0.020,0.060,0.026,1.064,1.350,2,NULL,NULL,,2,1,2,7,255,1125,250,0,0
pre_stim,28039,28039,1,28039,3225369.455,0.879,-0.077,-0.066,0.465,2981,90,443,3039,1979,2439,235,2473,53,1.200,1,2061,1,17.707,0.631,8.875,-15.063,-2.813,-0.207,0.172,1.012,0.328,0.539,0.148,0.062,0.026,1.064,1.350,2,NULL,NULL,,2,1,2,7,255,1125,250,0,0
pre_stim,28062,28062,1,28062,3225374.454,0.879,-0.077,-0.066,0.466,2967,104,511,3023,2007,2440,262,2487,53,1.200,1,2061,1,18.606,1.028,7.063,-16.063,-6.188,-0.168,0.211,1.051,0.863,0.559,0.375,0.064,0.028,1.064,1.350,2,NULL,NULL,,2,1,2,7,255,1125,250,0,0
pre_stim,28062,28062,1,28062,3225379.455,0.879,-0.077,-0.065,0.466,2950,126,617,3013,2038,2444,328,2507,53,1.200,1,2061,1,17.857,1.517,2.688,-16.313,-6.750,-0.141,0.223,1.059,1.410,0.559,0.676,0.066,0.028,1.064,1.350,2,NULL,NULL,,2,1,2,7,255,1125,250,0,0
pre_stim,28062,28062,1,28062,3225384.454,0.879,-0.077,-0.064,0.466,2925,151,677,3001,2075,2451,361,2520,53,1.200,1,2061,1,17.661,1.483,-1.563,-17.188,-3.750,-0.152,0.203,1.043,1.422,0.422,0.676,0.066,0.026,1.064,1.350,2,NULL,NULL,,2,1,2,7,255,1125,250,0,0
pre_stim,28062,28062,1,28062,3225389.455,0.879,-0.077,-0.063,0.466,2911,155,734,2984,2139,2450,411,2535,53,1.200,1,2061,1,18.613,1.483,-4.750,-17.375,-4.688,-0.191,0.180,1.031,1.422,0.422,0.602,0.068,0.026,1.064,1.350,2,NULL,NULL,,2,1,2,7,255,1125,250,0,0
pre_stim,28062,28062,1,28062,3225394.453,0.879,-0.076,-0.063,0.467,2886,167,840,2968,2195,2452,443,2568,53,1.200,1,2061,1,21.146,1.356,-4.875,-17.188,-11.313,-0.184,0.199,1.012,1.195,0.641,0.520,0.068,0.022,1.064,1.350,2,NULL,NULL,,2,1,2,7,255,1125,250,0,0
pre_stim,28062,28062,1,28062,3225399.455,0.879,-0.076,-0.062,0.467,2857,181,941,2954,2235,2458,519,2577,53,1.200,1,2061,1,24.069,1.356,-4.250,-16.500,-17.000,-0.129,0.207,1.020,1.195,0.641,0.355,0.070,0.020,1.064,1.350,2,NULL,NULL,,2,1,2,7,255,1125,250,0,0
pre_stim,28118,28118,1,28118,3225404.453,0.878,-0.075,-0.061,0.468,2854,220,1035,2943,2281,2463,617,2597,53,1.200,1,2061,1,24.274,1.498,-5.938,-15.313,-17.875,-0.094,0.172,1.035,1.453,0.363,0.355,0.072,0.016,1.064,1.350,2,NULL,NULL,,2,1,2,7,255,1125,250,0,0
pre_stim,28118,28118,1,28118,3225409.455,0.878,-0.074,-0.061,0.469,2823,248,1146,2924,2321,2469,723,2607,53,1.200,1,2061,1,24.520,1.458,-10.563,-13.938,-17.188,-0.109,0.102,1.020,1.453,-0.121,0.316,0.072,0.012,1.064,1.350,2,NULL,NULL,,2,1,2,7,255,1125,250,0,0
pre_stim,28118,28118,1,28118,3225414.454,0.878,-0.074,-0.061,0.469,2793,250,1215,2913,2361,2473,824,2618,53,1.200,1,2061,1,25.393,0.841,-12.188,-13.625,-17.625,-0.145,0.043,0.973,0.781,-0.313,0.234,0.072,0.008,1.064,1.350,2,NULL,NULL,,2,1,2,7,255,1125,250,0,0
pre_stim,28118,28118,0,28118,3225419.455,0.877,-0.073,-0.060,0.470,2763,271,1325,2891,2405,2472,939,2638,53,1.200,1,2061,1,27.452,0.322,-9.438,-13.438,-22.000,-0.160,0.020,0.957,0.078,-0.313,-0.156,0.074,0.004,1.064,1.350,2,NULL,NULL,,2,0,2,7,255,1125,250,0,0
pre_stim,28118,28118,0,28118,3225424.454,0.877,-0.072,-0.060,0.471,2732,277,1469,2885,2443,2478,1020,2651,53,1.200,1,2061,1,32.234,0.369,-7.188,-13.500,-28.375,-0.148,0.008,0.965,-0.195,-0.313,-0.234,0.076,0.004,1.064,1.350,2,NULL,NULL,,2,0,2,7,255,1125,250,0,0
pre_stim,28118,28118,0,28118,3225429.455,0.876,-0.071,-0.060,0.473,2713,283,1577,2859,2487,2488,1150,2662,53,1.200,1,2061,1,34.382,0.459,-7.875,-14.188,-30.313,-0.133,-0.008,0.992,-0.199,-0.414,-0.234,0.078,0.008,1.064,1.350,2,NULL,NULL,,2,0,2,7,255,1125,250,0,0
pre_stim,28118,28118,0,28118,3225434.454,0.876,-0.071,-0.060,0.474,2681,320,1687,2851,2515,2489,1271,2685,53,1.200,1,2061,1,36.146,0.639,-11.438,-14.250,-31.188,-0.148,-0.020,1.004,-0.254,-0.586,-0.004,0.080,0.010,1.064,1.350,2,NULL,NULL,,2,0,2,7,255,1125,250,0,0
pre_stim,28118,28118,0,28118,3225439.455,0.875,-0.069,-0.059,0.475,2635,327,1791,2837,2543,2495,1365,2697,53,1.200,1,2061,1,37.655,0.739,-14.625,-14.688,-31.438,-0.145,-0.031,0.988,-0.395,-0.625,-0.004,0.082,0.012,1.064,1.350,2,NULL,NULL,,2,0,2,7,255,1125,250,0,0
pre_stim,28118,28118,0,28118,3225444.453,0.875,-0.068,-0.059,0.476,2589,327,1869,2803,2587,2491,1445,2701,53,1.200,1,2061,1,38.554,0.803,-17.000,-15.375,-31.000,-0.141,-0.059,0.969,-0.504,-0.625,-0.059,0.084,0.014,1.064,1.350,2,NULL,NULL,,2,0,2,7,255,1125,250,0,0
pre_stim,28118,28118,0,28118,3225449.455,0.874,-0.067,-0.059,0.477,2543,355,1965,2793,2613,2496,1545,2725,53,1.200,1,2061,1,38.377,1.031,-15.500,-16.000,-31.250,-0.137,-0.070,0.961,-0.695,-0.762,-0.246,0.084,0.012,1.064,1.350,2,NULL,NULL,,2,0,2,7,255,1125,250,0,0
pre_stim,28140,28140,0,28140,3225454.453,0.874,-0.066,-0.059,0.479,2494,373,2047,2769,2635,2495,1639,2732,53,1.200,1,2061,1,37.488,1.031,-13.625,-17.125,-30.438,-0.141,-0.055,0.969,-0.695,-0.762,-0.246,0.086,0.012,1.064,1.350,2,NULL,NULL,,2,0,2,7,255,1125,250,0,0
pre_stim,28140,28140,0,28140,3225459.455,0.873,-0.065,-0.058,0.480,2427,380,2141,2739,2661,2505,1721,2748,53,1.200,1,2061,1,38.431,0.948,-14.000,-18.625,-30.563,-0.152,-0.027,1.000,-0.652,-0.688,-0.242,0.086,0.012,1.064,1.350,2,NULL,NULL,,2,0,2,7,255,1125,250,0,0
pre_stim,28140,28140,0,28140,3225464.454,0.873,-0.064,-0.058,0.481,2365,377,2227,2695,2685,2511,1815,2765,53,1.200,1,2061,1,41.618,0.658,-18.000,-20.000,-31.750,-0.148,-0.008,1.027,-0.445,-0.484,0.086,0.088,0.010,1.064,1.350,2,NULL,NULL,,2,0,2,7,255,1125,250,0,0
pre_stim,28140,28140,0,28140,3225469.455,0.872,-0.062,-0.058,0.482,2293,377,2299,2654,2711,2515,1903,2776,53,1.200,1,2061,1,48.259,0.542,-28.125,-21.188,-33.000,-0.156,-0.016,1.059,-0.336,-0.426,0.344,0.090,0.008,1.064,1.350,2,NULL,NULL,,2,0,2,7,255,1125,250,0,0
pre_stim,28160,28160,0,28160,3225474.454,0.871,-0.060,-0.058,0.483,2206,382,2345,2618,2745,2521,1981,2797,53,1.200,1,2061,1,56.854,0.527,-38.875,-21.875,-35.250,-0.152,-0.020,1.055,-0.320,-0.418,0.617,0.090,0.008,1.064,1.350,2,NULL,NULL,,2,0,2,7,255,1125,250,0,0
pre_stim,28160,28160,0,28160,3225479.455,0.871,-0.058,-0.058,0.485,2125,377,2414,2567,2757,2519,2059,2811,53,1.200,1,2061,1,60.227,0.523,-42.563,-22.500,-36.188,-0.121,0.008,0.988,-0.320,-0.414,0.617,0.092,0.008,1.064,1.350,2,NULL,NULL,,2,0,2,7,255,1125,250,0,0
pre_stim,28160,28160,0,28160,3225484.454,0.870,-0.056,-0.058,0.486,2032,376,2474,2507,2772,2521,2124,2837,53,1.200,1,2061,1,55.951,0.412,-36.563,-23.000,-35.563,-0.102,0.016,0.945,0.066,-0.406,-0.070,0.094,0.010,1.064,1.350,2,NULL,NULL,,2,0,2,7,255,1125,250,0,0
pre_stim,28160,28160,0,28160,3225489.455,0.870,-0.054,-0.058,0.487,1935,379,2537,2453,2795,2525,2183,2839,53,1.200,1,2061,1,48.649,0.412,-28.313,-24.500,-31.063,-0.105,-0.004,0.969,0.066,-0.406,-0.258,0.096,0.014,1.064,1.350,2,NULL,NULL,,2,0,2,7,255,1125,250,0,0
pre_stim,28185,28185,0,28185,3225494.454,0.869,-0.052,-0.057,0.488,1827,371,2579,2361,2815,2524,2249,2848,53,1.200,1,2061,1,49.215,0.504,-28.188,-25.438,-31.313,-0.129,-0.027,1.055,0.063,-0.500,-0.258,0.098,0.016,1.064,1.350,2,NULL,NULL,,2,0,2,7,255,1125,250,0,0
pre_stim,28185,28185,0,28185,3225499.455,0.869,-0.050,-0.057,0.489,1659,345,2613,2266,2849,2523,2304,2859,53,1.200,1,2061,1,53.877,0.531,-34.375,-26.250,-32.125,-0.133,-0.031,1.051,-0.180,-0.500,0.566,0.098,0.018,1.064,1.350,2,NULL,NULL,,2,0,2,7,255,1125,250,0,0
pre_stim,28213,28213,0,28213,3225504.453,0.868,-0.048,-0.057,0.491,1481,325,2643,2147,2848,2527,2359,2871,53,1.200,1,2061,1,59.084,0.485,-39.375,-26.750,-35.000,-0.156,-0.035,1.008,-0.238,-0.422,0.566,0.102,0.020,1.064,1.350,2,NULL,NULL,,2,0,2,7,255,1125,250,0,0
pre_stim,28213,28213,0,28213,3225509.455,0.867,-0.046,-0.057,0.492,1303,281,2684,2055,2875,2521,2411,2879,53,1.200,1,2061,1,59.611,0.332,-34.313,-26.750,-40.750,-0.133,-0.020,0.977,-0.238,-0.230,0.191,0.104,0.022,1.064,1.350,2,NULL,NULL,,2,0,2,7,255,1125,250,0,0
pre_stim,28213,28213,0,28213,3225514.454,0.867,-0.044,-0.056,0.494,1146,273,2725,1870,2879,2524,2463,2899,53,1.200,1,2061,1,55.188,0.276,-27.188,-29.125,-38.188,-0.047,0.012,0.988,-0.152,-0.230,-0.148,0.106,0.024,1.064,1.350,2,NULL,NULL,,2,0,2,7,255,1125,250,0,0
pre_stim,28213,28213,0,28213,3225519.455,0.866,-0.043,-0.055,0.495,923,243,2745,1669,2903,2525,2518,2899,53,1.200,1,2061,1,46.192,0.882,-21.625,-30.500,-27.125,-0.051,0.012,1.016,0.543,-0.695,-0.148,0.106,0.026,1.064,1.350,2,NULL,NULL,,2,0,2,7,255,1125,250,0,0
pre_stim,28213,28213,0,28213,3225524.454,0.866,-0.041,-0.055,0.495,743,209,2777,1449,2926,2507,2553,2915,53,1.200,1,2061,1,42.442,0.882,-21.250,-29.563,-21.813,-0.113,-0.051,1.051,0.543,-0.695,0.117,0.108,0.026,1.064,1.350,2,NULL,NULL,,2,0,2,7,255,1125,250,0,0
pre_stim,28213,28213,0,28213,3225529.455,0.866,-0.039,-0.054,0.496,517,159,2808,1285,2928,2509,2597,2919,53,1.200,1,2061,1,47.061,0.545,-24.813,-32.125,-23.813,-0.156,-0.051,1.078,-0.234,-0.492,0.559,0.110,0.026,1.064,1.350,2,NULL,NULL,,2,0,2,7,255,1125,250,0,0
pre_stim,28236,28236,0,28236,3225534.453,0.865,-0.037,-0.053,0.497,333,93,2831,1075,2949,2487,2633,2922,53,1.200,1,2061,1,49.297,0.340,-24.125,-35.625,-24.063,-0.125,-0.035,1.047,-0.234,-0.246,0.559,0.112,0.028,1.064,1.350,2,NULL,NULL,,2,0,2,7,255,1125,250,0,0
pre_stim,28236,28236,0,28236,3225539.455,0.865,-0.036,-0.052,0.498,185,55,2851,849,2963,2477,2660,2933,53,1.200,1,2061,1,50.352,0.191,-23.250,-35.625,-26.938,-0.133,-0.008,1.016,-0.137,-0.133,0.535,0.112,0.028,1.064,1.350,2,NULL,NULL,,2,0,2,7,255,1125,250,0,0
pre_stim,28236,28236,0,28236,3225544.454,0.864,-0.034,-0.051,0.499,87,23,2867,607,2971,2472,2681,2948,53,1.200,1,2061,1,50.315,0.042,-13.688,-39.500,-28.000,-0.094,0.047,1.043,0.031,-0.027,0.449,0.112,0.028,1.064,1.350,2,NULL,NULL,,2,0,2,7,255,1125,250,0,0
pre_stim,28236,28236,0,28236,3225549.455,0.864,-0.033,-0.049,0.500,40,0,2891,425,2989,2447,2711,2955,53,1.200,1,2061,1,52.258,0.673,-8.250,-43.938,-27.063,-0.109,0.098,1.109,0.672,0.035,0.449,0.114,0.026,1.064,1.350,2,NULL,NULL,,2,0,2,7,255,1125,250,0,0
pre_stim,28236,28236,0,28236,3225554.453,0.863,-0.032,-0.048,0.501,11,0,2909,319,3003,2414,2734,2957,53,1.200,1,2061,1,55.260,1.083,-11.063,-47.000,-26.875,-0.047,0.172,1.141,1.066,0.188,1.094,0.116,0.026,1.064,1.350,2,NULL,NULL,,2,0,2,7,255,1125,250,0,0
pre_stim,28236,28236,0,28236,3225559.455,0.863,-0.030,-0.046,0.502,0,0,2916,229,3021,2395,2771,2963,53,1.200,1,2061,1,57.735,1.113,-12.813,-50.125,-25.625,-0.164,0.070,1.156,1.066,0.320,1.289,0.118,0.026,1.064,1.350,2,NULL,NULL,,2,0,2,7,255,1125,250,0,0
pre_stim,28236,28236,0,28236,3225564.454,0.863,-0.029,-0.044,0.503,0,0,2923,181,3015,2363,2791,2963,53,1.200,1,2061,1,61.221,0.940,9.438,-59.313,-11.875,-0.305,-0.102,1.254,0.605,0.719,1.598,0.118,0.026,1.064,1.350,2,NULL,NULL,,2,0,2,7,255,1125,250,0,0
pre_stim,28236,28236,0,28236,3225569.455,0.863,-0.029,-0.041,0.503,0,0,2932,164,3030,2333,2820,2970,53,1.200,1,2061,1,76.052,1.840,28.938,-69.375,-11.563,-0.430,-0.223,1.461,-1.523,1.031,2.746,0.120,0.026,1.064,1.350,2,NULL,NULL,,2,0,2,7,255,1125,250,0,0
pre_stim,28258,28258,0,28258,3225574.454,0.863,-0.028,-0.037,0.504,0,0,2939,147,3041,2287,2831,2985,53,1.200,1,2061,0,89.580,2.071,37.063,-79.500,-18.188,-0.383,-0.047,1.711,-1.523,1.402,4.922,0.122,0.028,1.064,1.350,3,NULL,NULL,,2,0,2,7,255,1125,250,0,0
pre_stim,28258,28258,0,28258,3225579.455,0.863,-0.026,-0.034,0.504,0,0,2943,75,3047,2236,2852,2973,53,1.200,1,2061,0,87.748,1.889,-9.125,-87.125,-5.063,-0.129,0.250,1.672,-1.266,1.402,6.578,0.122,0.030,1.064,1.350,3,NULL,NULL,,2,0,2,7,255,1125,250,0,0
pre_stim,28258,28258,0,28258,3225584.453,0.863,-0.022,-0.032,0.504,0,0,2951,51,3049,2181,2869,2983,53,1.200,1,2061,0,106.788,2.468,-63.813,-85.625,-0.125,-0.066,0.211,1.297,2.172,1.172,6.578,0.122,0.034,1.064,1.350,3,NULL,NULL,,2,0,2,7,255,1125,250,0,0
pre_stim,28258,28258,0,28258,3225589.455,0.864,-0.019,-0.029,0.503,0,0,2955,7,3067,2105,2887,2983,53,1.200,1,2061,0,109.096,2.462,-47.375,-94.438,27.188,-0.121,0.145,1.105,2.172,1.160,2.871,0.116,0.044,1.064,1.350,3,NULL,NULL,,2,0,2,7,255,1125,250,0,0
pre_stim,28280,28280,0,28280,3225594.454,0.865,-0.016,-0.026,0.501,0,0,2957,0,3075,2023,2903,2976,53,1.200,1,2061,0,111.290,1.655,-20.313,-101.625,40.563,-0.211,0.055,1.090,1.180,1.160,1.043,0.108,0.054,1.064,1.350,3,NULL,NULL,,2,0,2,7,255,1125,250,0,0
pre_stim,28280,28280,0,28280,3225599.455,0.866,-0.013,-0.022,0.500,0,0,2955,0,3077,1894,2920,2973,53,1.200,1,2061,0,110.883,1.595,-5.500,-107.000,28.563,-0.309,-0.090,1.164,-0.055,1.594,1.043,0.102,0.064,1.064,1.350,3,NULL,NULL,,2,0,2,7,255,1125,250,0,0
pre_stim,28324,28324,0,28324,3225604.453,0.866,-0.011,-0.019,0.499,0,0,2959,0,3079,1776,2936,2975,53,1.200,1,2061,0,114.157,2.387,-2.625,-112.438,19.563,-0.285,-0.188,1.277,-1.777,1.594,1.758,0.100,0.074,1.064,1.350,3,NULL,NULL,,2,0,2,7,255,1125,250,0,0
pre_stim,28324,28324,0,28324,3225609.455,0.867,-0.008,-0.015,0.499,0,0,2942,0,3067,1669,2938,2967,53,1.200,1,2061,0,119.079,2.740,-15.813,-117.250,13.500,-0.246,-0.227,1.262,-2.484,1.156,2.688,0.096,0.082,1.064,1.350,3,NULL,NULL,,2,0,2,7,255,1125,250,0,0
pre_stim,28324,28324,0,28324,3225614.453,0.867,-0.004,-0.011,0.498,0,0,2937,0,3097,1471,2953,2973,53,1.200,1,2061,0,125.621,2.590,-16.063,-122.688,21.688,-0.203,-0.184,1.215,-2.484,0.730,2.688,0.090,0.090,1.064,1.350,3,NULL,NULL,,2,0,2,7,255,1125,250,0,0
pre_stim,28324,28324,0,28324,3225619.455,0.868,-0.001,-0.006,0.497,0,0,2937,0,3093,1301,2973,2958,53,1.200,1,2061,0,130.247,2.280,-19.188,-127.813,16.125,-0.195,-0.121,1.145,-2.160,0.730,2.180,0.082,0.098,1.064,1.350,3,NULL,NULL,,2,0,2,7,255,1125,250,0,0
pre_stim,28324,28324,0,28324,3225624.454,0.868,0.002,-0.002,0.496,0,0,2915,0,3101,1049,2987,2961,53,1.200,1,2061,0,135.247,2.138,-11.063,-133.188,20.750,-0.203,-0.133,1.145,-1.855,1.063,1.484,0.070,0.110,1.064,1.350,3,NULL,NULL,,2,0,2,7,255,1125,250,0,0
pre_stim,28324,28324,0,28324,3225629.455,0.869,0.005,0.003,0.495,0,0,2889,0,3101,865,2989,2949,53,1.200,1,2061,0,139.651,2.025,-4.063,-138.875,14.125,-0.168,-0.086,1.109,-1.648,1.176,1.453,0.058,0.120,1.064,1.350,3,NULL,NULL,,2,0,2,7,255,1125,250,0,0
pre_stim,28324,28324,0,28324,3225634.453,0.869,0.008,0.008,0.494,0,0,2877,0,3103,629,2999,2928,53,1.200,1,2061,0,146.301,2.224,1.875,-145.563,14.563,-0.234,-0.137,1.102,-1.855,1.227,1.066,0.046,0.132,1.064,1.350,3,NULL,NULL,,2,0,2,7,255,1125,250,0,0
pre_stim,28324,28324,0,28324,3225639.455,0.869,0.011,0.014,0.494,0,0,2855,0,3116,501,3000,2911,53,1.200,1,2061,0,153.057,2.239,17.250,-151.938,6.625,-0.188,-0.078,1.156,-1.523,1.641,1.066,0.038,0.144,1.064,1.350,3,NULL,NULL,,2,0,2,7,255,1125,250,0,0
pre_stim,28324,28324,0,28324,3225644.454,0.869,0.014,0.020,0.494,0,0,2823,0,3111,315,3005,2905,53,1.200,1,2061,0,159.315,2.345,17.250,-158.375,1.063,-0.180,-0.082,1.176,-1.637,1.680,1.477,0.032,0.156,1.064,1.350,3,NULL,NULL,,2,0,2,7,255,1125,250,0,0
pre_stim,28324,28324,0,28324,3225649.455,0.869,0.016,0.027,0.493,0,0,2787,0,3112,154,3019,2872,53,1.200,1,2061,0,167.546,2.297,25.688,-165.563,-0.938,-0.160,-0.047,1.234,-1.523,1.719,1.641,0.028,0.168,1.064,1.350,3,NULL,NULL,,2,0,2,7,255,1125,250,0,0
pre_stim,28324,28324,0,28324,3225654.453,0.869,0.019,0.034,0.493,0,0,2743,0,3108,86,3019,2859,53,1.200,1,2061,0,174.735,2.313,23.938,-173.063,-2.938,-0.105,0.055,1.316,-1.316,1.902,2.184,0.028,0.180,1.064,1.350,3,NULL,NULL,,2,0,2,7,255,1125,250,0,0
pre_stim,28324,28324,0,28324,3225659.455,0.869,0.022,0.041,0.492,0,0,2685,0,3115,18,3016,2813,53,1.200,1,2061,0,180.642,2.172,16.000,-179.813,6.563,-0.070,0.125,1.375,-0.344,2.145,2.949,0.028,0.194,1.064,1.350,3,NULL,NULL,,2,0,2,7,255,1125,250,0,0
pre_stim,28347,28347,0,28347,3225664.453,0.869,0.025,0.049,0.492,0,0,2633,0,3110,0,3029,2783,53,1.200,1,2061,0,189.517,2.425,20.813,-188.125,9.625,-0.168,0.215,1.453,0.301,2.406,3.500,0.032,0.208,1.064,1.350,3,NULL,NULL,,2,0,2,7,255,1125,250,0,0
pre_stim,28347,28347,0,28347,3225669.455,0.869,0.029,0.057,0.491,0,0,2555,0,3101,0,3015,2739,53,1.200,1,2061,0,200.576,3.949,19.688,-199.375,9.625,-0.246,0.250,1.609,0.301,3.938,4.094,0.038,0.224,1.064,1.350,3,NULL,NULL,,2,0,2,7,255,1125,250,0,0
pre_stim,28347,28347,0,28347,3225674.454,0.869,0.033,0.065,0.490,0,0,2473,0,3108,0,3017,2682,53,1.200,1,2061,0,207.804,5.130,11.063,-207.500,-2.000,-0.246,0.281,1.813,0.105,5.129,5.461,0.046,0.240,1.064,1.350,3,NULL,NULL,,2,0,2,7,255,1125,250,0,0
pre_stim,28347,28347,0,28347,3225679.455,0.868,0.038,0.073,0.490,0,0,2381,0,3091,0,3005,2629,53,1.200,1,2061,0,222.133,5.809,-9.313,-221.938,0.500,-0.273,0.297,2.000,0.090,5.809,7.363,0.060,0.260,1.064,1.350,3,NULL,NULL,,2,0,2,7,255,1125,250,0,0
pre_stim,28372,28372,0,28372,3225684.453,0.868,0.044,0.081,0.488,0,0,2260,0,3087,0,3013,2553,53,1.200,1,2061,0,241.993,6.690,-22.875,-240.063,20.188,-0.348,0.375,2.207,-0.176,6.688,9.008,0.078,0.280,1.064,1.350,3,NULL,NULL,,2,0,2,7,255,1125,250,0,0
pre_stim,28372,28372,0,28372,3225689.455,0.868,0.051,0.090,0.486,0,0,2131,0,3077,0,2991,2486,53,1.200,1,2061,0,265.898,8.377,-36.313,-261.063,35.063,-0.449,0.547,2.313,-0.176,8.375,10.711,0.100,0.306,1.064,1.350,3,NULL,NULL,,2,0,2,7,255,1125,250,0,0
pre_stim,28372,28372,0,28372,3225694.454,0.867,0.060,0.099,0.484,0,0,1998,0,3049,0,2971,2403,53,1.200,1,2061,0,294.829,10.743,-70.125,-284.000,36.750,-0.465,0.723,2.301,0.434,10.734,10.820,0.128,0.336,1.064,1.350,3,NULL,NULL,,2,0,2,7,255,1125,250,0,0
pre_stim,28372,28372,0,28372,3225699.455,0.867,0.070,0.109,0.482,0,0,1835,0,3035,11,2955,2299,53,1.200,1,2061,0,321.957,12.343,-101.688,-303.750,32.438,-0.457,0.719,2.223,1.602,12.238,10.820,0.160,0.370,1.064,1.350,3,NULL,NULL,,2,0,2,7,255,1125,250,0,0
pre_stim,28414,28414,0,28414,3225704.453,0.866,0.081,0.118,0.480,0,0,1718,0,3015,29,2927,2167,53,1.200,1,2061,0,344.165,12.637,-113.125,-323.000,36.375,-0.484,0.648,2.230,1.602,12.535,9.746,0.202,0.412,1.064,1.350,3,NULL,NULL,,2,0,2,7,255,1125,250,0,0
pre_stim,28414,28414,0,28414,3225709.455,0.864,0.093,0.128,0.477,0,0,1611,0,2995,37,2891,2027,53,1.200,1,2061,0,363.734,13.008,-120.938,-341.250,35.000,-0.617,0.641,2.344,0.715,12.988,9.680,0.248,0.458,1.064,1.350,3,NULL,NULL,,2,0,2,7,255,1125,250,0,0
pre_stim,28414,28414,0,28414,3225714.454,0.862,0.106,0.139,0.476,0,0,1513,0,2943,39,2839,1907,53,1.200,1,2061,0,381.035,14.924,-129.875,-358.000,12.500,-0.688,0.781,2.547,0.242,14.922,9.680,0.304,0.514,1.064,1.350,3,NULL,NULL,,2,0,2,7,255,1125,250,0,0
pre_stim,28414,28414,0,28414,3225719.455,0.859,0.119,0.150,0.475,0,0,1421,0,2891,25,2772,1751,53,1.200,1,2061,0,398.774,17.463,-137.125,-374.313,-10.375,-0.707,0.832,2.715,0.242,17.461,10.703,0.366,0.576,1.064,1.350,3,NULL,NULL,,2,0,2,7,255,1125,250,0,0
pre_stim,28414,28414,0,28414,3225724.454,0.855,0.132,0.162,0.474,0,0,1356,0,2827,0,2677,1607,53,1.200,1,2061,0,420.709,19.158,-137.313,-397.125,-20.813,-0.676,0.680,2.969,0.242,19.156,11.508,0.440,0.650,1.064,1.350,3,NULL,NULL,,2,0,2,7,255,1125,250,0,0
pre_stim,28414,28414,0,28414,3225729.455,0.851,0.147,0.175,0.472,0,0,1228,0,2763,0,2537,1465,53,1.200,1,2061,0,447.297,19.919,-158.125,-418.250,-11.750,-0.816,0.613,3.063,-1.328,19.875,12.848,0.520,0.732,1.064,1.350,3,NULL,NULL,,2,0,2,7,255,1125,250,0,0
pre_stim,28414,28414,0,28414,3225734.453,0.846,0.163,0.187,0.471,0,0,1048,0,2651,0,2345,1323,53,1.200,1,2061,0,478.532,21.955,-198.250,-435.000,-21.563,-0.938,0.746,2.926,-2.125,21.852,12.848,0.608,0.822,1.064,1.350,3,NULL,NULL,,2,0,2,7,255,1125,250,0,0
pre_stim,28414,28414,0,28414,3225739.455,0.840,0.180,0.199,0.471,0,0,905,0,2513,0,2108,1144,53,1.200,1,2061,0,495.710,22.301,-214.938,-443.563,-52.750,-0.813,0.648,2.730,-2.125,22.199,10.016,0.700,0.914,1.064,1.350,3,NULL,NULL,,2,0,2,7,255,1125,250,0,0
pre_stim,28414,28414,0,28414,3225744.454,0.834,0.196,0.212,0.471,0,0,717,0,2349,0,1820,970,53,1.200,1,2061,0,500.563,22.301,-200.938,-453.750,-65.563,-0.590,0.246,2.613,-2.125,22.199,8.129,0.794,1.012,1.064,1.350,3,NULL,NULL,,2,0,2,7,255,1125,250,0,0
pre_stim,28414,28414,0,28414,3225749.455,0.827,0.212,0.225,0.470,0,0,569,0,2123,0,1450,843,53,1.200,1,2061,0,511.265,19.437,-190.438,-473.125,-35.750,-0.461,-0.254,2.461,-4.293,18.957,7.969,0.890,1.110,1.064,1.350,3,NULL,NULL,,2,0,2,7,255,1125,250,0,0
pre_stim,28436,28436,0,28436,3225754.453,0.821,0.230,0.239,0.466,0,0,367,0,1866,0,995,713,53,1.200,1,2061,0,529.024,17.668,-194.375,-491.938,9.063,-0.340,-0.508,1.977,-7.867,15.820,7.414,0.990,1.212,1.064,1.350,3,NULL,NULL,,2,0,2,7,255,1125,250,0,0
pre_stim,28436,28436,0,28436,3225759.455,0.814,0.246,0.253,0.462,0,0,189,0,1545,0,484,584,53,1.200,1,2061,0,529.108,14.180,-167.063,-502.000,6.438,-0.184,-0.461,1.379,-7.867,11.797,4.098,1.086,1.312,1.064,1.350,3,NULL,NULL,,2,0,2,7,255,1125,250,0,0
pre_stim,28436,28436,0,28436,3225764.454,0.808,0.259,0.269,0.456,0,0,107,0,1206,0,157,436,53,1.200,1,2061,0,517.516,10.649,-83.250,-510.625,12.438,-0.156,-0.246,1.234,-7.016,8.012,-0.016,1.174,1.404,1.064,1.350,3,NULL,NULL,,2,0,2,7,255,1125,250,0,0
pre_stim,28436,28436,0,28436,3225769.455,0.802,0.271,0.286,0.448,0,0,38,0,867,0,0,351,53,1.200,1,2061,0,506.271,9.415,-16.250,-504.563,38.250,-0.199,0.262,1.707,-4.945,8.012,-0.219,1.252,1.484,1.064,1.350,3,NULL,NULL,,2,0,2,7,255,1125,250,0,0
pre_stim,28459,28459,0,28459,3225774.454,0.798,0.282,0.302,0.439,0,0,26,0,448,0,0,284,53,1.200,1,2061,0,513.935,14.056,-24.000,-505.313,90.625,-0.531,0.570,2.102,-1.852,13.934,-1.309,1.320,1.556,1.064,1.350,3,NULL,NULL,,2,0,2,7,255,1125,250,0,0
pre_stim,28459,28459,0,28459,3225779.455,0.793,0.298,0.315,0.427,0,0,16,0,93,0,0,185,53,1.200,1,2061,0,550.511,20.218,-102.375,-512.938,171.688,-1.027,0.645,1.941,-1.852,20.133,-1.309,1.390,1.628,1.064,1.350,3,NULL,NULL,,2,0,2,7,255,1125,250,0,0
pre_stim,28459,28459,0,28459,3225784.453,0.788,0.316,0.327,0.416,0,0,11,0,0,0,0,114,53,1.200,1,2061,0,575.182,20.667,-153.313,-520.500,190.813,-1.359,0.668,1.523,-3.125,20.430,-7.070,1.466,1.708,1.064,1.350,3,NULL,NULL,,2,0,2,7,255,1125,250,0,0
pre_stim,28459,28459,0,28459,3225789.455,0.781,0.333,0.339,0.405,0,0,0,0,0,0,0,39,53,1.200,1,2061,0,556.910,20.667,-166.563,-510.375,148.063,-1.266,0.918,1.121,-3.125,20.430,-13.129,1.556,1.800,1.064,1.350,4,NULL,NULL,,2,0,2,7,255,1125,250,0,0
pre_stim,28484,28484,0,28484,3225794.454,0.773,0.349,0.351,0.397,0,0,0,0,0,0,0,9,53,1.200,1,2061,0,521.580,17.702,-164.750,-485.563,95.563,-0.887,1.242,0.996,-0.320,17.699,-15.395,1.650,1.898,1.064,1.350,0,NULL,NULL,,2,0,2,7,255,1125,250,0,0
pre_stim,28484,28484,0,28484,3225799.455,0.765,0.363,0.362,0.390,0,0,0,0,0,0,0,57,53,1.200,1,2061,0,490.025,16.902,-169.750,-454.188,70.875,-0.547,1.152,1.129,4.293,16.348,-15.395,1.748,1.996,1.064,1.350,0,NULL,NULL,,2,0,2,7,255,1125,250,0,0
pre_stim,28513,28513,0,28513,3225804.453,0.757,0.378,0.371,0.383,0,0,0,0,0,0,0,124,53,1.200,1,2061,0,466.004,16.302,-183.813,-420.000,83.500,-0.297,0.648,1.445,4.293,15.727,-12.391,1.836,2.088,1.064,1.350,0,NULL,NULL,,2,0,2,7,255,1125,250,0,0
pre_stim,28513,28513,0,28513,3225809.455,0.750,0.391,0.378,0.378,0,0,2,0,0,0,0,185,53,1.200,1,2061,0,394.925,15.625,-193.188,-338.188,65.375,-0.301,0.102,1.648,0.695,15.609,-8.102,1.916,2.168,1.064,1.350,0,NULL,NULL,,2,0,2,7,255,1125,250,0,0
pre_stim,28513,28513,0,28513,3225814.454,0.743,0.403,0.382,0.374,0,0,0,0,0,0,0,220,53,1.200,1,2061,0,337.089,16.226,-202.875,-262.813,58.313,-0.566,-0.090,1.754,-4.430,15.609,-7.906,1.982,2.236,1.064,1.350,0,NULL,NULL,,2,0,2,7,255,1125,250,0,0
pre_stim,28513,28513,0,28513,3225819.455,0.736,0.415,0.382,0.374,0,0,0,0,0,0,0,248,53,1.200,1,2061,0,319.322,16.560,-261.063,-179.125,41.563,-0.660,0.082,1.555,-5.605,15.582,-7.906,2.038,2.294,1.064,1.350,0,NULL,NULL,,2,0,2,7,255,1125,250,0,0
pre_stim,28513,28513,0,28513,3225824.454,0.729,0.428,0.379,0.377,0,0,0,0,0,0,0,249,53,1.200,1,2061,0,352.212,16.560,-343.250,-76.625,19.000,-0.469,0.273,0.785,-5.605,15.582,-10.340,2.088,2.346,1.064,1.350,0,NULL,NULL,,2,0,2,7,255,1125,250,0,0
pre_stim,28513,28513,0,28513,3225829.455,0.723,0.439,0.371,0.384,0,0,0,0,0,0,0,231,53,1.200,1,2061,0,370.726,8.992,-368.813,35.438,12.625,-0.289,0.684,-0.395,-1.238,8.906,-12.184,2.136,2.396,1.064,1.350,0,NULL,NULL,,2,0,2,7,255,1125,250,0,0
pre_stim,28544,28544,0,28544,3225834.453,0.720,0.446,0.362,0.390,0,0,0,0,0,0,0,155,53,1.200,1,2061,0,304.855,5.382,-273.688,133.688,12.625,-0.281,0.984,-1.262,5.277,-1.055,-15.969,2.180,2.444,1.064,1.350,0,NULL,NULL,,2,0,2,7,255,1125,250,0,0
pre_stim,28544,28544,0,28544,3225839.455,0.721,0.445,0.354,0.396,0,0,0,0,0,0,0,107,53,1.200,1,2061,0,222.839,9.151,-95.938,200.875,10.125,-0.430,0.629,-1.109,5.277,-7.477,-19.461,2.214,2.480,1.064,1.350,0,NULL,NULL,,2,0,2,7,255,1125,250,0,0
pre_stim,28544,28544,0,28544,3225844.454,0.725,0.441,0.347,0.400,0,0,0,0,0,0,0,95,53,1.200,1,2061,0,246.164,8.986,11.563,245.875,2.938,-0.559,0.055,-0.242,4.984,-7.477,-19.461,2.238,2.506,1.064,1.350,0,NULL,NULL,,2,0,2,7,255,1125,250,0,0
pre_stim,28544,28544,0,28544,3225849.455,0.729,0.435,0.338,0.406,0,0,0,0,0,0,0,84,53,1.200,1,2061,0,278.727,1.847,3.625,278.688,2.938,-0.559,-0.141,0.242,-1.750,-0.590,-15.555,2.260,2.530,1.064,1.350,0,NULL,NULL,,2,0,2,7,255,1125,250,0,0
pre_stim,28544,28544,0,28544,3225854.453,0.733,0.431,0.328,0.412,0,0,0,0,0,0,0,73,53,1.200,1,2061,0,300.315,3.392,-32.938,297.750,21.188,-0.457,0.004,0.137,-2.195,2.586,-13.020,2.284,2.558,1.064,1.350,0,NULL,NULL,,2,0,2,7,255,1125,250,0,0
pre_stim,28544,28544,0,28544,3225859.455,0.737,0.427,0.317,0.417,0,0,0,0,0,0,0,61,53,1.200,1,2061,0,311.483,3.392,-27.563,306.438,48.563,-0.414,0.242,-0.238,-2.195,2.586,-13.020,2.310,2.584,1.064,1.350,0,NULL,NULL,,2,0,2,7,255,1125,250,0,0
pre_stim,28544,28544,0,28544,3225864.454,0.743,0.422,0.306,0.420,0,0,0,0,0,0,0,41,53,1.200,1,2061,0,316.468,0.406,23.250,308.500,66.625,-0.480,0.387,-0.406,0.375,-0.156,-15.039,2.332,2.608,1.064,1.350,0,NULL,NULL,,2,0,2,7,255,1125,250,0,0
pre_stim,28544,28544,0,28544,3225869.455,0.750,0.414,0.296,0.423,0,0,0,0,0,0,0,23,53,1.200,1,2061,0,325.072,1.109,77.063,308.563,67.250,-0.539,0.402,-0.266,1.098,-0.156,-16.770,2.350,2.630,1.064,1.350,0,NULL,NULL,,2,0,2,7,255,1125,250,0,0
pre_stim,28544,28544,0,28544,3225874.454,0.756,0.406,0.287,0.425,0,0,0,0,0,0,0,21,53,1.200,1,2061,0,332.470,1.350,104.750,308.875,64.500,-0.508,0.363,-0.031,1.098,0.785,-16.770,2.368,2.648,1.064,1.350,0,NULL,NULL,,2,0,2,7,255,1125,250,0,0
pre_stim,28544,28544,0,28544,3225879.455,0.763,0.397,0.278,0.427,0,0,0,0,0,0,0,28,53,1.200,1,2061,0,336.072,2.814,112.438,308.688,70.813,-0.461,0.336,0.109,0.695,2.727,-15.219,2.384,2.666,1.064,1.350,0,NULL,NULL,,2,0,2,7,255,1125,250,0,0
pre_stim,28573,28573,0,28573,3225884.454,0.770,0.388,0.268,0.429,0,0,0,0,0,0,0,28,53,1.200,1,2061,0,338.719,3.816,118.813,306.813,80.500,-0.496,0.332,0.172,0.566,3.773,-13.996,2.400,2.686,1.064,1.350,0,NULL,NULL,,2,0,2,7,255,1125,250,0,0
pre_stim,28573,28573,0,28573,3225889.455,0.777,0.379,0.259,0.430,0,0,0,0,0,0,0,11,53,1.200,1,2061,0,340.112,4.555,130.375,303.375,81.500,-0.578,0.313,0.254,0.270,4.547,-13.777,2.416,2.704,1.064,1.350,0,NULL,NULL,,2,0,2,7,255,1125,250,0,0
pre_stim,28573,28573,0,28573,3225894.453,0.784,0.369,0.251,0.431,0,0,0,0,0,0,0,10,53,1.200,1,2061,0,338.398,5.652,140.188,299.625,71.313,-0.605,0.266,0.391,-0.363,5.641,-13.695,2.434,2.724,1.064,1.350,0,NULL,NULL,,2,0,2,7,255,1125,250,0,0
pre_stim,28573,28573,0,28573,3225899.455,0.791,0.359,0.242,0.433,0,0,0,0,0,0,0,6,53,1.200,1,2061,0,334.472,6.874,142.063,297.438,56.750,-0.566,0.223,0.539,-1.000,6.801,-12.766,2.454,2.748,1.064,1.350,0,NULL,NULL,,2,0,2,7,255,1125,250,0,0
pre_stim,28623,28623,0,28623,3225904.453,0.797,0.349,0.234,0.435,0,0,0,0,0,0,0,5,53,1.200,1,2061,0,330.510,7.800,138.563,296.688,44.875,-0.527,0.207,0.684,-1.273,7.695,-11.223,2.480,2.774,1.064,1.350,0,NULL,NULL,,2,0,2,7,255,1125,250,0,0
pre_stim,28623,28623,0,28623,3225909.455,0.802,0.339,0.226,0.437,0,0,0,0,0,0,0,3,53,1.200,1,2061,0,326.950,8.656,132.250,297.063,34.063,-0.527,0.207,0.836,-1.293,8.559,-9.773,2.508,2.806,1.064,1.350,0,NULL,NULL,,2,0,2,7,255,1125,250,0,0
pre_stim,28623,28623,0,28623,3225914.454,0.807,0.329,0.217,0.440,0,0,0,0,0,0,0,13,53,1.200,1,2061,0,323.010,9.762,120.875,298.938,19.000,-0.531,0.211,0.973,-1.320,9.672,-8.559,2.542,2.842,1.064,1.350,0,NULL,NULL,,2,0,2,7,255,1125,250,0,0
pre_stim,28623,28623,0,28623,3225919.455,0.811,0.319,0.209,0.444,0,0,0,0,0,0,0,21,53,1.200,1,2061,0,321.715,10.745,106.000,303.750,0.750,-0.504,0.199,1.047,-1.320,10.664,-7.426,2.578,2.882,1.064,1.350,0,NULL,NULL,,2,0,2,7,255,1125,250,0,0
pre_stim,28623,28623,0,28623,3225924.454,0.814,0.310,0.200,0.448,0,0,0,0,0,0,0,24,53,1.200,1,2061,0,323.351,10.994,90.125,310.125,-16.000,-0.465,0.223,1.133,-1.293,10.918,-6.383,2.620,2.924,1.064,1.350,0,NULL,NULL,,2,0,2,7,255,1125,250,0,0
pre_stim,28623,28623,0,28623,3225929.455,0.817,0.301,0.191,0.453,0,0,0,0,0,0,0,28,53,1.200,1,2061,0,327.590,11.296,68.938,318.750,-31.000,-0.418,0.258,1.172,-0.832,11.266,-5.324,2.664,2.970,1.064,1.350,0,NULL,NULL,,2,0,2,7,255,1125,250,0,0
pre_stim,28623,28623,0,28623,3225934.454,0.819,0.292,0.181,0.459,0,0,0,0,0,0,0,41,53,1.200,1,2061,0,335.124,11.268,47.938,328.688,-44.438,-0.363,0.270,1.141,-0.207,11.266,-4.594,2.710,3.020,1.064,1.350,0,NULL,NULL,,2,0,2,7,255,1125,250,0,0
pre_stim,28623,28623,0,28623,3225939.455,0.821,0.284,0.170,0.465,0,0,0,0,0,0,0,49,53,1.200,1,2061,0,345.630,10.630,32.625,339.375,-56.750,-0.266,0.242,1.039,0.328,10.625,-4.266,2.756,3.068,1.064,1.350,0,NULL,NULL,,2,0,2,7,255,1125,250,0,0
pre_stim,28623,28623,0,28623,3225944.453,0.822,0.275,0.159,0.472,0,0,0,0,0,0,0,52,53,1.200,1,2061,0,357.210,9.108,26.750,350.063,-65.875,-0.148,0.164,0.875,0.734,9.078,-4.266,2.802,3.116,1.064,1.350,0,NULL,NULL,,2,0,2,7,255,1125,250,0,0
pre_stim,28623,28623,0,28623,3225949.455,0.824,0.266,0.148,0.479,0,0,0,0,0,0,0,56,53,1.200,1,2061,0,365.979,6.856,35.063,358.313,-65.750,-0.066,0.094,0.688,0.734,6.816,-4.328,2.846,3.162,1.064,1.350,0,NULL,NULL,,2,0,2,7,255,1125,250,0,0
pre_stim,28624,28624,0,28624,3225954.453,0.825,0.256,0.137,0.485,0,0,0,0,0,0,0,74,53,1.200,1,2061,0,374.088,4.816,57.375,364.563,-61.188,-0.027,0.109,0.637,0.793,4.750,-5.000,2.886,3.204,1.064,1.350,0,NULL,NULL,,2,0,2,7,255,1125,250,0,0
pre_stim,28624,28624,0,28624,3225959.455,0.826,0.245,0.126,0.491,0,0,0,0,0,0,0,83,53,1.200,1,2061,0,382.937,4.213,78.000,370.188,-59.313,0.000,0.148,0.656,1.027,4.086,-5.000,2.920,3.240,1.064,1.350,0,NULL,NULL,,2,0,2,7,255,1125,250,0,0
pre_stim,28647,28647,0,28647,3225964.454,0.828,0.233,0.115,0.497,0,0,0,0,0,0,0,90,53,1.200,1,2061,0,390.288,4.258,98.688,373.938,-52.500,0.078,0.102,0.680,1.563,3.961,-4.844,2.952,3.274,1.064,1.350,0,NULL,NULL,,2,0,2,7,255,1125,250,0,0
pre_stim,28647,28647,0,28647,3225969.455,0.830,0.220,0.105,0.502,0,0,0,0,0,0,0,93,53,1.200,1,2061,0,397.374,3.541,121.250,376.250,-40.500,0.129,0.125,0.754,1.605,3.156,-4.090,2.980,3.304,1.064,1.350,0,NULL,NULL,,2,0,2,7,255,1125,250,0,0
pre_stim,28647,28647,0,28647,3225974.454,0.832,0.206,0.095,0.506,0,0,0,0,0,0,0,94,53,1.200,1,2061,0,403.033,3.809,142.813,376.188,-22.875,0.113,0.152,0.809,2.133,3.156,-3.219,3.008,3.334,1.064,1.350,0,NULL,NULL,,2,0,2,7,255,1125,250,0,0
pre_stim,28647,28647,0,28647,3225979.455,0.834,0.192,0.085,0.510,0,0,0,0,0,0,0,93,53,1.200,1,2061,0,409.596,3.984,164.625,374.563,-19.250,0.020,0.254,0.941,2.348,3.219,-2.758,3.032,3.362,1.064,1.350,0,NULL,NULL,,2,0,2,7,255,1125,250,0,0
pre_stim,28671,28671,0,28671,3225984.454,0.836,0.177,0.076,0.513,0,0,0,0,0,0,0,91,53,1.200,1,2061,0,412.386,4.499,175.438,372.875,-15.750,0.090,0.141,1.070,2.414,3.797,-2.059,3.058,3.388,1.064,1.350,0,NULL,NULL,,2,0,2,7,255,1125,250,0,0
pre_stim,28671,28671,0,28671,3225989.455,0.839,0.162,0.066,0.516,0,0,0,0,0,0,0,91,53,1.200,1,2061,0,411.490,4.499,183.688,368.188,4.563,0.086,0.113,1.156,2.414,3.797,-0.246,3.082,3.414,1.064,1.350,0,NULL,NULL,,2,0,2,7,255,1125,250,0,0
pre_stim,28671,28671,0,28671,3225994.453,0.841,0.147,0.057,0.517,0,0,0,0,0,0,0,89,53,1.200,1,2061,0,411.262,4.432,193.438,362.375,20.063,-0.027,0.172,1.234,2.285,3.797,0.742,3.108,3.442,1.064,1.350,0,NULL,NULL,,2,0,2,7,255,1125,250,0,0
pre_stim,28671,28671,0,28671,3225999.455,0.843,0.131,0.049,0.519,0,0,0,0,0,0,0,87,53,1.200,1,2061,0,411.070,5.230,201.938,357.563,18.688,-0.145,0.199,1.344,2.238,4.727,1.176,3.134,3.470,1.064,1.350,0,NULL,NULL,,2,0,2,7,255,1125,250,0,0
pre_stim,28722,28722,0,28722,3226004.453,0.845,0.116,0.040,0.520,0,0,0,0,0,0,0,85,53,1.200,1,2061,0,408.382,5.994,204.188,353.500,11.000,-0.160,0.176,1.465,2.082,5.621,2.090,3.160,3.498,1.064,1.350,0,NULL,NULL,,2,0,2,7,255,1125,250,0,0
pre_stim,28722,28722,0,28722,3226009.455,0.847,0.100,0.032,0.521,0,0,0,0,0,0,0,85,53,1.200,1,2061,0,404.698,5.946,204.125,349.250,11.750,-0.160,0.172,1.602,1.938,5.621,3.418,3.188,3.528,1.064,1.350,0,NULL,NULL,,2,0,2,7,255,1125,250,0,0
pre_stim,28722,28722,0,28722,3226014.454,0.848,0.085,0.024,0.523,0,0,0,0,0,0,0,90,53,1.200,1,2061,0,398.787,5.946,198.813,345.438,13.313,-0.211,0.215,1.754,1.938,5.621,4.941,3.216,3.558,1.064,1.350,0,NULL,NULL,,2,0,2,7,255,1125,250,0,0
pre_stim,28722,28722,0,28722,3226019.455,0.849,0.070,0.016,0.524,0,0,0,0,0,0,0,87,53,1.200,1,2061,0,389.057,6.154,186.313,341.438,8.563,-0.258,0.215,1.895,2.043,5.805,6.480,3.244,3.586,1.064,1.350,0,NULL,NULL,,2,0,2,7,255,1125,250,0,0
pre_stim,28722,28722,0,28722,3226024.454,0.849,0.056,0.007,0.525,0,0,0,0,0,0,0,91,53,1.200,1,2061,0,377.337,6.154,168.875,337.438,0.313,-0.262,0.184,1.977,2.043,5.805,7.957,3.272,3.616,1.064,1.350,0,NULL,NULL,,2,0,2,7,255,1125,250,0,0
pre_stim,28722,28722,0,28722,3226029.455,0.849,0.043,-0.002,0.526,0,0,0,0,0,0,0,103,53,1.200,1,2061,0,366.402,5.591,151.500,333.563,-5.875,-0.234,0.156,1.996,1.836,5.281,8.984,3.298,3.644,1.064,1.350,0,NULL,NULL,,2,0,2,7,255,1125,250,0,0
pre_stim,28722,28722,0,28722,3226034.454,0.849,0.030,-0.011,0.527,0,0,0,0,0,0,0,111,53,1.200,1,2061,0,357.398,4.642,138.188,329.500,-8.188,-0.207,0.137,1.965,1.738,4.305,9.207,3.324,3.670,1.064,1.350,0,NULL,NULL,,2,0,2,7,255,1125,250,0,0
pre_stim,28722,28722,0,28722,3226039.455,0.848,0.018,-0.020,0.529,0,0,0,0,0,0,0,110,53,1.200,1,2061,0,350.932,3.773,131.688,325.125,-10.250,-0.191,0.129,1.902,1.711,3.363,9.207,3.346,3.694,1.064,1.350,0,NULL,NULL,,2,0,2,7,255,1125,250,0,0
pre_stim,28722,28722,0,28722,3226044.453,0.848,0.005,-0.029,0.530,0,0,0,0,0,0,0,111,53,1.200,1,2061,0,348.334,3.101,135.063,320.750,-14.625,-0.160,0.090,1.855,1.699,2.594,8.707,3.368,3.718,1.064,1.350,0,NULL,NULL,,2,0,2,7,255,1125,250,0,0
pre_stim,28722,28722,0,28722,3226049.455,0.846,-0.008,-0.037,0.531,0,0,0,0,0,0,0,111,53,1.200,1,2061,0,348.627,2.197,145.188,316.375,-19.188,-0.113,0.004,1.859,1.512,1.594,8.418,3.386,3.736,1.064,1.350,0,NULL,NULL,,2,0,2,7,255,1125,250,0,0
pre_stim,28722,28722,0,28722,3226054.453,0.845,-0.021,-0.045,0.532,0,0,0,0,0,0,0,104,53,1.200,1,2061,0,349.954,1.002,155.500,312.813,-20.875,-0.055,-0.086,1.883,0.977,0.223,8.418,3.400,3.754,1.064,1.350,0,NULL,NULL,,2,0,2,7,255,1125,250,0,0
pre_stim,28722,28722,0,28722,3226059.455,0.844,-0.034,-0.052,0.533,0,0,0,0,0,0,0,103,53,1.200,1,2061,0,353.090,1.302,167.563,310.063,-21.375,0.008,-0.121,1.879,0.438,-1.227,8.465,3.412,3.766,1.064,1.350,0,NULL,NULL,,2,0,2,7,255,1125,250,0,0
pre_stim,28755,28755,0,28755,3226064.454,0.842,-0.047,-0.059,0.535,0,0,0,0,0,0,0,100,53,1.200,1,2061,0,360.227,2.527,185.750,307.813,-22.625,0.098,-0.152,1.879,0.371,-2.500,8.465,3.418,3.774,1.064,1.350,0,NULL,NULL,,2,0,2,7,255,1125,250,0,0
pre_stim,28755,28755,0,28755,3226069.455,0.840,-0.062,-0.065,0.536,0,0,0,0,0,0,0,101,53,1.200,1,2061,0,371.847,3.971,210.188,305.813,-23.875,0.215,-0.152,1.949,0.371,-3.953,8.465,3.418,3.776,1.064,1.350,0,NULL,NULL,,2,0,2,7,255,1125,250,0,0
pre_stim,28755,28755,0,28755,3226074.454,0.837,-0.078,-0.071,0.537,0,0,0,0,0,0,0,101,53,1.200,1,2061,0,386.669,5.732,236.938,304.500,-25.563,0.383,-0.125,2.090,0.828,-5.672,8.598,3.412,3.770,1.064,1.350,0,NULL,NULL,,2,0,2,7,255,1125,250,0,0
pre_stim,28755,28755,0,28755,3226079.455,0.834,-0.094,-0.076,0.538,0,0,0,0,0,0,0,95,53,1.200,1,2061,0,401.097,8.079,259.938,304.313,-26.563,0.582,-0.090,2.293,1.664,-7.906,9.465,3.398,3.758,1.064,1.350,0,NULL,NULL,,2,0,2,7,255,1125,250,0,0
pre_stim,28755,28755,0,28755,3226084.454,0.831,-0.111,-0.081,0.538,0,0,0,0,0,0,0,98,53,1.200,1,2061,0,410.938,10.915,274.625,304.813,-23.250,0.766,-0.070,2.496,2.660,-10.586,10.680,3.376,3.738,1.064,1.350,0,NULL,NULL,,2,0,2,7,255,1125,250,0,0
pre_stim,28755,28755,0,28755,3226089.455,0.828,-0.129,-0.086,0.539,0,0,0,0,0,0,0,95,53,1.200,1,2061,0,414.887,13.748,280.313,305.438,-16.250,0.914,-0.066,2.688,3.402,-13.320,11.832,3.344,3.708,1.064,1.350,0,NULL,NULL,,2,0,2,7,255,1125,250,0,0
pre_stim,28789,28789,0,28789,3226094.454,0.825,-0.146,-0.090,0.539,0,0,0,0,0,0,0,97,53,1.200,1,2061,0,414.524,16.298,279.313,306.125,-10.125,1.031,-0.047,2.844,3.789,-15.852,12.770,3.300,3.666,1.064,1.350,0,NULL,NULL,,2,0,2,7,255,1125,250,0,0
pre_stim,28789,28789,0,28789,3226099.455,0.821,-0.163,-0.095,0.538,0,0,0,0,0,0,0,94,53,1.200,1,2061,0,410.018,18.514,271.688,307.000,-7.188,1.125,-0.016,2.977,4.133,-18.047,13.410,3.246,3.614,1.064,1.350,0,NULL,NULL,,2,0,2,7,255,1125,250,0,0
pre_stim,28813,28813,0,28813,3226104.453,0.818,-0.179,-0.100,0.538,0,0,0,0,0,0,0,97,53,1.200,1,2061,0,398.426,20.483,254.875,306.188,-5.563,1.176,0.035,3.082,4.473,-19.988,13.773,3.180,3.548,1.064,1.350,0,NULL,NULL,,2,0,2,7,255,1125,250,0,0
pre_stim,28813,28813,0,28813,3226109.455,0.814,-0.194,-0.106,0.537,0,0,0,0,0,0,0,103,53,1.200,1,2061,0,376.420,21.965,223.188,303.063,-5.688,1.191,0.094,3.117,4.855,-21.422,13.773,3.102,3.472,1.064,1.350,0,NULL,NULL,,2,0,2,7,255,1125,250,0,0
pre_stim,28839,28839,0,28839,3226114.454,0.811,-0.207,-0.112,0.536,0,0,0,0,0,0,0,124,53,1.200,1,2061,0,348.998,22.857,189.563,293.000,-4.063,1.266,0.195,3.137,5.215,-22.254,13.660,3.016,3.384,1.064,1.350,0,NULL,NULL,,2,0,2,7,255,1125,250,0,0
pre_stim,28839,28839,0,28839,3226119.455,0.808,-0.219,-0.118,0.535,0,0,0,0,0,0,0,145,53,1.200,1,2061,0,320.563,24.132,153.375,281.250,-11.625,1.496,0.281,3.098,6.266,-23.305,13.078,2.920,3.290,1.064,1.350,0,NULL,NULL,,2,0,2,7,255,1125,250,0,0
pre_stim,28839,28839,0,28839,3226124.454,0.805,-0.229,-0.125,0.533,0,0,0,0,0,0,0,151,53,1.200,1,2061,0,290.081,26.490,111.938,267.313,-12.688,1.793,0.145,2.930,7.836,-25.305,11.305,2.820,3.190,1.064,1.350,0,NULL,NULL,,2,0,2,7,255,1125,250,0,0
pre_stim,28839,28839,0,28839,3226129.455,0.802,-0.238,-0.132,0.531,0,0,0,0,0,0,0,168,53,1.200,1,2061,0,261.002,28.899,70.875,251.188,1.875,2.043,-0.105,2.598,7.836,-27.816,7.621,2.712,3.082,1.064,1.350,0,NULL,NULL,,2,0,2,7,255,1125,250,0,0
pre_stim,28840,28840,0,28840,3226134.453,0.801,-0.245,-0.139,0.529,0,0,0,0,0,0,0,191,53,1.200,1,2061,0,237.972,29.907,44.563,232.938,19.625,2.215,-0.328,2.137,6.711,-29.145,2.516,2.596,2.964,1.064,1.350,0,NULL,NULL,,2,0,2,7,255,1125,250,0,0
pre_stim,28840,28840,0,28840,3226139.455,0.800,-0.251,-0.146,0.526,0,0,0,0,0,0,0,213,53,1.200,1,2061,0,220.076,29.666,44.813,213.000,32.500,2.367,-0.480,1.703,5.539,-29.145,-3.203,2.474,2.842,1.064,1.350,0,NULL,NULL,,2,0,2,7,255,1125,250,0,0
pre_stim,28840,28840,0,28840,3226144.454,0.798,-0.258,-0.150,0.523,0,0,0,0,0,0,0,245,53,1.200,1,2061,0,207.749,29.247,66.563,192.000,43.188,2.566,-0.609,1.402,4.957,-28.824,-8.422,2.346,2.712,1.064,1.350,0,NULL,NULL,,2,0,2,7,255,1125,250,0,0
pre_stim,28840,28840,0,28840,3226149.455,0.797,-0.266,-0.154,0.520,0,0,0,0,0,0,0,259,53,1.200,1,2061,0,204.442,29.209,94.563,172.063,57.000,2.793,-0.754,1.219,4.727,-28.824,-12.637,2.216,2.580,1.064,1.350,0,NULL,NULL,,2,0,2,7,255,1125,250,0,0
pre_stim,28840,28840,0,28840,3226154.453,0.796,-0.274,-0.155,0.516,0,0,0,0,0,0,0,262,53,1.200,1,2061,0,210.313,30.196,123.000,153.438,74.563,2.988,-0.941,1.121,4.445,-29.867,-16.098,2.084,2.446,1.064,1.350,0,NULL,NULL,,2,0,2,7,255,1125,250,0,0
pre_stim,28840,28840,0,28840,3226159.455,0.796,-0.283,-0.156,0.512,0,0,0,0,0,0,0,274,53,1.200,1,2061,0,221.404,31.411,148.313,136.063,92.250,3.105,-1.145,1.086,3.711,-31.191,-18.789,1.948,2.308,1.064,1.350,0,NULL,NULL,,2,0,2,7,255,1125,250,0,0
pre_stim,28840,28840,0,28840,3226164.454,0.795,-0.292,-0.155,0.509,0,0,0,0,0,0,0,275,53,1.200,1,2061,0,233.179,32.432,170.563,118.063,106.500,3.141,-1.348,1.086,2.590,-32.328,-20.680,1.808,2.166,1.064,1.350,0,NULL,NULL,,2,0,2,7,255,1125,250,0,0
pre_stim,28840,28840,0,28840,3226169.455,0.794,-0.302,-0.153,0.505,0,0,0,0,0,0,0,283,53,1.200,1,2061,0,244.523,33.099,192.750,97.688,114.438,3.082,-1.563,1.125,1.164,-33.078,-21.898,1.662,2.016,1.064,1.350,0,NULL,NULL,,2,0,2,7,255,1125,250,0,0
pre_stim,28857,28857,0,28857,3226174.454,0.793,-0.312,-0.149,0.501,0,0,0,0,0,0,0,287,53,1.200,1,2061,0,264.162,33.227,224.000,73.688,119.063,2.949,-1.645,1.230,-0.754,-33.219,-21.898,1.510,1.860,1.064,1.350,0,NULL,NULL,,2,0,2,7,255,1125,250,0,0
pre_stim,28857,28857,0,28857,3226179.455,0.792,-0.323,-0.144,0.498,0,0,0,0,0,0,0,285,53,1.200,1,2061,0,277.902,33.466,251.000,40.875,112.063,2.566,-1.484,1.813,-1.930,-33.410,-21.609,1.352,1.698,1.064,1.350,0,NULL,NULL,,2,0,2,7,255,1125,250,0,0
pre_stim,28857,28857,0,28857,3226184.453,0.790,-0.331,-0.138,0.497,0,0,0,0,0,0,0,292,53,1.200,1,2061,0,224.684,33.713,212.750,7.375,71.875,2.379,-1.402,2.609,-2.492,-33.621,-15.125,1.190,1.532,1.064,1.350,0,NULL,NULL,,2,0,2,7,255,1125,250,0,0
pre_stim,28857,28857,0,28857,3226189.455,0.791,-0.334,-0.133,0.494,0,0,0,0,0,0,0,306,53,1.200,1,2061,0,154.676,37.216,104.438,-34.313,108.813,2.828,-0.918,3.438,-2.492,-37.133,-8.266,1.024,1.362,1.064,1.350,0,NULL,NULL,,2,0,2,7,255,1125,250,0,0
pre_stim,28881,28881,0,28881,3226194.454,0.794,-0.335,-0.129,0.490,0,0,0,0,0,0,0,363,53,1.200,1,2061,0,146.481,37.215,25.813,-51.313,134.750,1.684,-0.949,2.465,-2.469,-37.133,-3.930,0.858,1.184,1.064,1.350,0,NULL,NULL,,2,0,2,7,255,1125,250,0,0
pre_stim,28881,28881,0,28881,3226199.455,0.795,-0.337,-0.122,0.489,8,0,0,288,0,0,0,451,53,1.200,1,2061,0,181.339,30.814,112.125,-107.563,93.500,0.656,-1.102,3.594,-2.469,-30.715,-2.824,0.698,1.006,1.064,1.350,0,NULL,NULL,,2,0,2,7,255,1125,250,0,0
pre_stim,28881,28881,0,28881,3226204.453,0.797,-0.349,-0.097,0.483,571,0,0,974,0,41,0,479,53,1.200,1,2061,0,654.837,30.814,476.125,-289.375,344.063,0.711,1.000,7.836,-2.469,-30.715,9.203,0.548,0.826,1.064,1.350,0,NULL,NULL,,2,0,2,7,255,1125,250,0,0
pre_stim,28881,28881,0,28881,3226209.455,0.809,-0.330,-0.100,0.476,1119,0,0,1486,0,265,0,558,53,1.200,1,2061,0,561.845,30.716,-505.688,-133.500,205.250,-0.977,1.805,6.234,-0.313,-30.715,48.781,0.428,0.646,1.064,1.350,0,NULL,NULL,,2,0,2,7,255,1125,250,0,0
pre_stim,28922,28922,0,28922,3226214.454,0.829,-0.288,-0.115,0.465,1647,0,0,1813,0,503,0,623,53,1.200,1,2061,0,1142.158,25.028,-1115.375,-142.875,200.125,-0.547,3.625,0.758,2.035,-24.945,48.781,0.366,0.476,1.064,1.350,0,NULL,NULL,,2,0,2,7,255,1125,250,0,0
pre_stim,28922,28922,0,28922,3226219.455,0.843,-0.256,-0.124,0.456,2003,0,0,1967,0,693,0,665,53,1.200,1,2062,0,851.996,20.779,-821.438,-137.375,179.625,-1.316,2.734,-2.129,15.016,14.363,11.016,0.376,0.344,1.064,1.350,1,1159.000,34.000,,2,0,2,7,255,1125,250,0,0
pre_stim,28922,28922,0,28922,3226224.454,0.850,-0.241,-0.126,0.451,2211,0,0,2096,0,883,0,745,53,1.200,1,2062,0,390.038,29.937,-356.750,-124.688,96.500,-1.660,0.746,-2.176,15.016,25.898,-13.891,0.424,0.284,1.064,1.350,1,NULL,NULL,,2,0,2,7,255,1125,250,0,0
pre_stim,28922,28922,0,28922,3226229.455,0.852,-0.238,-0.121,0.452,2363,0,0,2201,0,1051,0,799,53,1.200,1,2062,0,155.559,26.152,-27.688,-151.688,20.563,-0.793,-0.348,0.055,-3.633,25.898,-13.891,0.456,0.300,1.064,1.350,1,NULL,NULL,,2,0,2,7,255,1125,250,0,0
pre_stim,28922,28922,0,28922,3226234.453,0.853,-0.236,-0.115,0.451,2507,0,0,2299,0,1221,0,893,53,1.200,1,2062,0,136.243,5.066,10.438,-125.625,51.688,0.250,1.133,1.535,-3.633,3.531,-7.004,0.470,0.350,1.064,1.350,1,NULL,NULL,,2,0,2,7,255,1125,250,0,0
pre_stim,28922,28922,0,28922,3226239.455,0.857,-0.231,-0.111,0.447,2675,0,0,2505,0,1295,0,924,53,1.200,1,2062,0,201.211,10.586,-96.625,-118.688,130.625,0.281,2.246,1.941,10.586,0.063,5.309,0.486,0.396,1.064,1.350,1,NULL,NULL,,2,0,2,7,255,1125,250,0,0
pre_stim,28922,28922,0,28922,3226244.454,0.864,-0.220,-0.110,0.439,2795,0,0,2667,0,1311,0,984,53,1.200,1,2062,0,348.467,10.586,-255.938,-132.875,195.625,-1.238,0.758,1.527,10.586,0.063,10.055,0.514,0.436,1.064,1.350,2,NULL,NULL,,2,0,2,7,255,1125,250,0,0
pre_stim,28922,28922,0,28922,3226249.455,0.872,-0.202,-0.109,0.432,2869,0,0,2775,0,1335,0,1096,53,1.200,1,2062,0,477.354,5.703,-406.813,-176.438,176.750,-2.262,-1.164,0.410,-0.918,5.629,10.055,0.550,0.476,1.064,1.350,2,NULL,NULL,,2,0,2,7,255,1125,250,0,0
pre_stim,28939,28939,0,28939,3226254.453,0.875,-0.187,-0.109,0.433,2935,0,0,2863,0,1339,0,1199,53,1.200,1,2062,0,354.034,22.279,-304.375,-176.125,-40.938,-2.008,-1.098,-0.828,-20.961,7.551,-0.688,0.574,0.508,1.064,1.350,2,NULL,NULL,,2,0,2,7,255,1125,250,0,0
pre_stim,28939,28939,0,28939,3226259.455,0.874,-0.179,-0.104,0.440,2994,0,0,2932,0,1371,0,1298,53,1.200,1,2062,0,253.657,22.279,-79.250,-191.500,-146.250,-0.629,-0.523,-0.160,-20.961,7.551,-10.152,0.570,0.528,1.064,1.350,2,NULL,NULL,,2,0,2,7,255,1125,250,0,0
pre_stim,28939,28939,0,28939,3226264.454,0.872,-0.177,-0.097,0.447,3029,0,0,2997,0,1407,0,1377,53,1.200,1,2062,0,244.192,8.249,38.125,-185.375,-154.313,0.406,-0.551,1.418,-7.957,2.176,-10.152,0.538,0.530,1.064,1.350,2,NULL,NULL,,2,0,2,7,255,1125,250,0,0
pre_stim,28939,28939,0,28939,3226269.455,0.871,-0.172,-0.092,0.451,3053,0,0,3055,0,1464,0,1419,53,1.200,1,2062,0,180.786,11.368,-29.188,-160.125,-78.688,1.027,-0.773,2.152,-1.660,-11.246,0.688,0.494,0.522,1.064,1.350,2,NULL,NULL,,2,0,2,7,255,1125,250,0,0
pre_stim,28961,28961,0,28961,3226274.454,0.873,-0.164,-0.089,0.450,3075,0,0,3087,0,1543,0,1447,53,1.200,1,2062,0,210.584,19.582,-143.375,-151.000,31.438,1.117,-1.043,1.824,-1.465,-19.527,1.797,0.452,0.504,1.064,1.350,2,NULL,NULL,,2,0,2,7,255,1125,250,0,0
pre_stim,28961,28961,0,28961,3226279.455,0.878,-0.154,-0.087,0.445,3089,0,0,3117,0,1645,0,1463,53,1.200,1,2062,0,275.979,19.582,-200.125,-135.125,133.625,0.594,-1.246,0.996,-1.465,-19.527,1.797,0.420,0.460,1.064,1.350,2,NULL,NULL,,2,0,2,7,255,1125,250,0,0
pre_stim,28961,28961,0,28961,3226284.453,0.883,-0.146,-0.084,0.438,3089,0,0,3145,0,1759,0,1508,53,1.200,1,2062,0,275.574,15.836,-163.563,-131.375,178.688,-0.262,-1.055,0.473,-6.102,-14.613,-4.301,0.398,0.396,1.064,1.350,2,NULL,NULL,,2,0,2,7,255,1125,250,0,0
pre_stim,28961,28961,0,28961,3226289.455,0.887,-0.141,-0.080,0.433,3100,0,0,3159,0,1863,0,1580,53,1.200,1,2062,0,207.981,10.332,-86.563,-132.813,134.625,-0.813,-0.512,0.590,-8.672,-5.617,-4.301,0.388,0.326,1.064,1.350,2,NULL,NULL,,2,0,2,7,255,1125,250,0,0
pre_stim,28961,28961,1,28961,3226294.454,0.888,-0.137,-0.075,0.432,3099,0,0,3176,3,1971,0,1629,53,1.200,1,2062,0,148.930,8.747,-44.375,-135.063,44.375,-0.824,0.109,1.078,-8.672,1.141,-2.957,0.384,0.264,1.064,1.350,2,NULL,NULL,,2,1,2,7,255,1125,250,0,0
pre_stim,28961,28961,1,28961,3226299.455,0.889,-0.132,-0.071,0.433,3099,0,0,3171,78,2043,1,1675,53,1.200,1,2062,0,143.596,3.946,-52.938,-131.938,-20.250,-0.262,0.426,1.285,-3.777,1.141,2.488,0.380,0.220,1.064,1.350,2,NULL,NULL,,2,1,2,7,255,1125,250,0,0
pre_stim,29014,29014,1,29014,3226304.453,0.889,-0.126,-0.067,0.434,3101,0,0,3175,280,2159,33,1781,53,1.200,1,2062,0,157.042,1.807,-89.250,-128.313,-15.250,-0.016,0.168,1.391,1.594,0.852,3.488,0.372,0.194,1.064,1.350,2,NULL,NULL,,2,1,2,7,255,1125,250,0,0
pre_stim,29014,29014,1,29014,3226309.455,0.890,-0.119,-0.065,0.434,3103,0,0,3175,597,2231,109,1916,53,1.200,1,2062,0,181.527,3.028,-134.750,-121.563,-4.125,-0.051,-0.207,1.223,1.594,-2.574,3.488,0.368,0.182,1.064,1.350,2,NULL,NULL,,2,1,2,7,255,1125,250,0,0
pre_stim,29014,29014,1,29014,3226314.454,0.891,-0.113,-0.063,0.435,3103,0,0,3179,843,2283,185,2043,53,1.200,1,2062,0,140.878,4.054,-101.313,-95.625,-20.938,0.152,-0.324,1.336,-1.141,-3.891,2.230,0.368,0.176,1.064,1.350,2,NULL,NULL,,2,1,2,7,255,1125,250,0,0
pre_stim,29014,29014,1,29014,3226319.455,0.890,-0.109,-0.063,0.438,3107,0,0,3180,1085,2331,153,2125,53,1.200,1,2062,0,100.186,6.334,-58.563,-52.938,-61.688,0.426,-0.191,1.145,-1.141,-6.230,1.648,0.376,0.164,1.064,1.350,2,NULL,NULL,,2,1,2,7,255,1125,250,0,0
pre_stim,29014,29014,1,29014,3226324.454,0.890,-0.108,-0.061,0.440,3101,0,0,3182,1237,2359,185,2173,53,1.200,1,2062,0,71.078,6.392,-13.625,-52.500,-45.938,0.668,0.500,1.004,1.430,-6.230,0.012,0.392,0.148,1.064,1.350,2,NULL,NULL,,2,1,2,7,255,1125,250,0,0
pre_stim,29014,29014,1,29014,3226329.455,0.889,-0.107,-0.060,0.441,3101,0,0,3180,1365,2387,198,2227,53,1.200,1,2062,0,38.760,7.219,12.375,-30.563,-20.375,0.309,0.441,1.473,5.719,-4.406,0.012,0.414,0.128,1.064,1.350,2,NULL,NULL,,2,1,2,7,255,1125,250,0,0
pre_stim,29014,29014,1,29014,3226334.453,0.889,-0.104,-0.060,0.441,3100,0,0,3181,1465,2406,203,2276,53,1.200,1,2062,0,79.716,6.483,-74.000,-22.750,-19.000,-0.340,-0.094,1.629,5.719,-3.055,4.113,0.440,0.108,1.064,1.350,2,NULL,NULL,,2,1,2,7,255,1125,250,0,0
pre_stim,29014,29014,1,29014,3226339.455,0.889,-0.099,-0.062,0.443,3099,13,0,3181,1559,2419,207,2315,53,1.200,1,2062,0,130.865,2.410,-115.500,-19.250,-58.438,-0.309,-0.043,0.848,-1.848,-1.547,4.113,0.464,0.090,1.064,1.350,2,NULL,NULL,,2,1,2,7,255,1125,250,0,0
pre_stim,29014,29014,1,29014,3226344.454,0.887,-0.096,-0.063,0.447,3096,27,0,3178,1619,2425,215,2341,53,1.200,1,2062,0,114.872,1.936,-55.750,-13.688,-99.500,-0.109,0.008,0.680,-1.848,-0.578,-1.145,0.480,0.078,1.064,1.350,2,NULL,NULL,,2,1,2,7,255,1125,250,0,0
pre_stim,29014,29014,1,29014,3226349.455,0.885,-0.095,-0.063,0.451,3097,39,0,3183,1677,2439,223,2363,53,1.200,1,2062,0,98.605,0.652,-11.750,-12.313,-97.125,0.152,0.020,1.008,-0.301,-0.578,-1.145,0.490,0.068,1.064,1.350,2,NULL,NULL,,2,1,2,7,255,1125,250,0,0
pre_stim,29036,29036,1,29036,3226354.453,0.884,-0.093,-0.064,0.453,3101,57,0,3183,1737,2459,234,2380,53,1.200,1,2062,0,66.027,3.427,-30.063,-6.938,-58.375,0.172,-0.031,1.152,1.250,-3.191,-0.430,0.498,0.062,1.064,1.350,2,NULL,NULL,,2,1,2,7,255,1125,250,0,0
pre_stim,29036,29036,1,29036,3226359.455,0.884,-0.090,-0.065,0.454,3099,101,0,3180,1783,2473,240,2409,53,1.200,1,2062,0,68.328,3.427,-61.500,-7.500,-28.813,-0.082,-0.102,1.023,1.250,-3.191,0.094,0.508,0.054,1.064,1.350,2,NULL,NULL,,2,1,2,7,255,1125,250,0,0
pre_stim,29036,29036,1,29036,3226364.454,0.884,-0.088,-0.066,0.455,3099,115,0,3179,1835,2485,246,2431,53,1.200,1,2062,0,67.635,2.189,-56.188,-6.625,-37.063,-0.262,-0.031,0.840,-0.785,-2.043,0.094,0.518,0.044,1.064,1.350,2,NULL,NULL,,2,1,2,7,255,1125,250,0,0
pre_stim,29036,29036,1,29036,3226369.455,0.882,-0.087,-0.066,0.458,3099,132,16,3183,1882,2493,269,2447,53,1.200,1,2062,0,70.241,0.805,-28.938,-7.500,-63.563,-0.191,0.113,0.875,-0.785,0.176,-1.000,0.524,0.038,1.064,1.350,2,NULL,NULL,,2,1,2,7,255,1125,250,0,0
pre_stim,29059,29059,1,29059,3226374.454,0.881,-0.085,-0.066,0.460,3099,149,85,3188,1913,2494,285,2459,53,1.200,1,2062,0,71.216,0.345,-15.188,-5.313,-69.375,0.051,0.055,1.023,0.297,0.176,-1.000,0.528,0.034,1.064,1.350,2,NULL,NULL,,2,1,2,7,255,1125,250,0,0
pre_stim,29059,29059,1,29059,3226379.455,0.880,-0.084,-0.067,0.462,3107,155,155,3175,1935,2505,295,2461,53,1.200,1,2062,0,48.093,2.190,-21.563,-3.125,-42.875,0.180,-0.129,1.066,0.547,-2.121,-0.070,0.530,0.030,1.064,1.350,2,NULL,NULL,,2,1,2,7,255,1125,250,0,0
pre_stim,29059,29059,1,29059,3226384.453,0.880,-0.083,-0.067,0.462,3100,174,205,3183,1961,2516,309,2470,53,1.200,1,2062,0,27.788,3.099,-26.500,-2.438,-8.000,0.055,-0.129,0.984,0.547,-3.051,-0.070,0.536,0.026,1.064,1.350,2,NULL,NULL,,2,1,2,7,255,1125,250,0,0
pre_stim,29059,29059,1,29059,3226389.455,0.880,-0.083,-0.068,0.462,3100,191,291,3181,1982,2519,328,2472,53,1.200,1,2062,0,19.288,3.055,-19.250,-1.125,0.438,-0.176,0.004,0.930,-0.168,-3.051,-0.520,0.542,0.020,1.064,1.350,2,NULL,NULL,,2,1,2,7,255,1125,250,0,0
pre_stim,29083,29083,1,29083,3226394.454,0.880,-0.082,-0.068,0.463,3103,200,315,3181,2005,2521,329,2477,53,1.200,1,2062,0,19.950,0.450,-8.313,-0.625,-18.125,-0.215,0.098,0.992,-0.168,-0.418,-0.520,0.552,0.014,1.064,1.350,2,NULL,NULL,,2,1,2,7,255,1125,250,0,0
pre_stim,29083,29083,1,29083,3226399.455,0.880,-0.082,-0.068,0.464,3099,199,359,3183,2021,2521,330,2477,53,1.200,1,2062,0,25.779,0.457,-4.063,-1.000,-25.438,-0.090,0.094,1.063,0.184,-0.418,0.188,0.558,0.006,1.064,1.350,2,NULL,NULL,,2,1,2,7,255,1125,250,0,0
pre_stim,29113,29113,1,29113,3226404.453,0.879,-0.081,-0.068,0.464,3093,215,415,3174,2031,2515,333,2476,53,1.189,1,2062,1,16.182,0.938,-7.625,-0.813,-14.250,-0.059,0.020,1.055,0.461,-0.816,0.445,0.000,0.000,1.068,1.331,2,NULL,NULL,,2,1,2,7,255,1125,250,0,0
pre_stim,29113,29113,1,29113,3226409.455,0.879,-0.081,-0.068,0.464,3097,213,455,3177,2043,2524,327,2479,53,1.189,1,2062,1,11.934,1.059,-11.125,0.250,-4.313,-0.133,-0.012,1.016,0.461,-0.953,0.445,0.006,0.004,1.068,1.331,2,NULL,NULL,,2,1,2,7,255,1125,250,0,0
pre_stim,29113,29113,1,29113,3226414.454,0.879,-0.080,-0.068,0.465,3095,213,473,3179,2057,2516,327,2483,53,1.189,1,2062,1,11.255,0.974,-8.813,-0.938,-6.938,-0.191,0.027,1.008,-0.199,-0.953,0.230,0.010,0.006,1.068,1.331,2,NULL,NULL,,2,1,2,7,255,1125,250,0,0
pre_stim,29113,29113,1,29113,3226419.455,0.879,-0.080,-0.068,0.465,3089,211,507,3177,2057,2521,317,2483,53,1.189,1,2062,1,16.770,0.474,-3.563,-0.625,-16.375,-0.164,0.035,1.004,-0.199,-0.430,0.191,0.016,0.008,1.068,1.331,2,NULL,NULL,,2,1,2,7,255,1125,250,0,0
pre_stim,29113,29113,1,29113,3226424.454,0.879,-0.080,-0.068,0.466,3087,205,541,3163,2063,2522,311,2477,53,1.189,1,2062,1,16.139,0.430,-2.250,-1.188,-15.938,-0.086,-0.004,1.012,0.012,-0.430,0.145,0.020,0.012,1.068,1.331,2,NULL,NULL,,2,1,2,7,255,1125,250,0,0
pre_stim,29113,29113,1,29113,3226429.455,0.878,-0.080,-0.068,0.466,3083,187,551,3159,2071,2522,309,2479,53,1.189,1,2062,1,8.629,1.180,-3.375,-0.250,-7.938,-0.098,-0.012,0.992,0.012,-1.180,0.082,0.026,0.014,1.068,1.331,2,NULL,NULL,,2,1,2,7,255,1125,250,0,0
pre_stim,29139,29139,1,29139,3226434.453,0.878,-0.079,-0.068,0.466,3080,183,553,3156,2063,2519,302,2477,53,1.189,1,2062,1,5.443,1.180,-4.250,-1.000,-3.250,-0.152,-0.004,0.984,0.000,-1.180,-0.051,0.030,0.016,1.068,1.331,2,NULL,NULL,,2,1,2,7,255,1125,250,0,0
pre_stim,29139,29139,1,29139,3226439.455,0.878,-0.079,-0.068,0.467,3077,179,555,3147,2067,2515,302,2475,53,1.189,1,2062,1,7.465,0.703,-3.688,-1.750,-6.250,-0.160,0.008,0.984,-0.207,-0.672,-0.063,0.034,0.020,1.068,1.331,2,NULL,NULL,,2,1,2,7,255,1125,250,0,0
pre_stim,29139,29139,1,29139,3226444.454,0.878,-0.079,-0.068,0.467,3049,165,556,3145,2066,2511,289,2473,53,1.189,1,2062,1,7.202,0.713,-2.375,-2.188,-6.438,-0.125,-0.020,0.961,-0.238,-0.672,-0.063,0.040,0.022,1.068,1.331,2,NULL,NULL,,2,1,2,7,255,1125,250,0,0
pre_stim,29139,29139,1,29139,3226449.455,0.878,-0.079,-0.068,0.467,3059,164,559,3145,2071,2503,285,2474,53,1.189,1,2062,1,4.815,0.949,1.563,-3.313,-3.125,-0.125,-0.031,0.953,-0.254,-0.914,-0.363,0.042,0.024,1.068,1.331,2,NULL,NULL,,2,1,2,7,255,1125,250,0,0
pre_stim,29139,29139,1,29139,3226454.453,0.878,-0.079,-0.068,0.467,3032,155,565,3114,2069,2503,281,2477,53,1.189,1,2062,1,7.505,0.949,6.250,-4.000,-1.125,-0.141,0.004,0.961,-0.254,-0.914,-0.363,0.046,0.024,1.068,1.331,2,NULL,NULL,,2,1,2,7,255,1125,250,0,0
pre_stim,29139,29139,1,29139,3226459.455,0.878,-0.079,-0.067,0.467,3035,149,564,3111,2063,2495,274,2473,53,1.189,1,2062,1,8.900,0.696,7.625,-4.563,-0.500,-0.156,0.020,0.980,-0.133,-0.684,-0.301,0.050,0.026,1.068,1.331,2,NULL,NULL,,2,1,2,7,255,1125,250,0,0
pre_stim,29139,29139,1,29139,3226464.454,0.878,-0.079,-0.067,0.467,3027,139,555,3099,2059,2493,269,2473,53,1.189,1,2062,1,8.972,0.520,7.188,-5.250,-1.125,-0.168,0.023,0.980,-0.129,-0.504,-0.094,0.052,0.026,1.068,1.331,2,NULL,NULL,,2,1,2,7,255,1125,250,0,0
pre_stim,29139,29139,1,29139,3226469.455,0.878,-0.079,-0.066,0.467,3021,139,551,3093,2061,2495,253,2473,53,1.189,1,2062,1,10.622,0.390,8.188,-6.313,-2.438,-0.164,0.035,0.965,-0.105,-0.375,-0.094,0.054,0.028,1.068,1.331,2,NULL,NULL,,2,1,2,7,255,1125,250,0,0
pre_stim,29157,29157,1,29157,3226474.454,0.878,-0.079,-0.066,0.467,3005,133,552,3078,2060,2489,249,2481,53,1.189,1,2062,1,13.270,0.377,10.688,-7.438,-2.563,-0.152,0.035,0.961,-0.043,-0.375,-0.234,0.056,0.028,1.068,1.331,2,NULL,NULL,,2,1,2,7,255,1125,250,0,0
pre_stim,29157,29157,1,29157,3226479.455,0.878,-0.080,-0.065,0.468,2996,125,551,3062,2063,2489,247,2484,53,1.189,1,2062,1,14.413,0.416,11.500,-8.688,0.000,-0.148,0.027,0.973,-0.043,-0.414,-0.234,0.058,0.028,1.068,1.331,2,NULL,NULL,,2,1,2,7,255,1125,250,0,0
pre_stim,29157,29157,1,29157,3226484.453,0.878,-0.080,-0.065,0.467,2985,121,581,3048,2075,2485,248,2485,53,1.189,1,2062,1,15.323,0.416,11.063,-10.188,2.938,-0.160,0.035,0.965,-0.039,-0.414,-0.223,0.060,0.028,1.068,1.331,2,NULL,NULL,,2,1,2,7,255,1125,250,0,0
pre_stim,29157,29157,1,29157,3226489.455,0.878,-0.080,-0.064,0.467,2971,120,598,3035,2091,2493,265,2501,53,1.189,1,2062,1,17.803,0.342,12.125,-12.188,4.625,-0.180,0.066,0.957,-0.039,-0.340,-0.223,0.062,0.028,1.068,1.331,2,NULL,NULL,,2,1,2,7,255,1125,250,0,0
pre_stim,29180,29180,1,29180,3226494.454,0.878,-0.080,-0.063,0.467,2959,107,629,3021,2119,2493,270,2509,53,1.189,1,2062,1,21.509,0.064,14.938,-14.625,5.063,-0.191,0.121,0.973,0.063,-0.012,-0.223,0.062,0.026,1.068,1.331,2,NULL,NULL,,2,1,2,7,255,1125,250,0,0
pre_stim,29180,29180,1,29180,3226499.455,0.878,-0.081,-0.062,0.467,2939,111,655,3013,2149,2496,273,2527,53,1.189,1,2062,1,23.089,0.555,15.938,-16.375,3.313,-0.176,0.188,1.012,0.430,0.352,-0.031,0.064,0.024,1.068,1.331,2,NULL,NULL,,2,1,2,7,255,1125,250,0,0
pre_stim,29180,29180,1,29180,3226504.453,0.878,-0.081,-0.061,0.467,2917,114,679,2994,2187,2496,283,2543,53,1.189,1,2062,1,21.990,1.165,13.500,-17.250,1.938,-0.141,0.230,1.039,1.070,0.461,0.344,0.062,0.020,1.068,1.331,2,NULL,NULL,,2,1,2,7,255,1125,250,0,0
pre_stim,29180,29180,1,29180,3226509.455,0.878,-0.081,-0.060,0.467,2899,132,701,2974,2219,2509,312,2565,53,1.189,1,2062,1,20.431,1.663,9.375,-17.813,3.500,-0.125,0.238,1.043,1.598,0.461,0.578,0.060,0.016,1.068,1.331,2,NULL,NULL,,2,1,2,7,255,1125,250,0,0
pre_stim,29222,29222,1,29222,3226514.454,0.879,-0.081,-0.059,0.467,2879,141,765,2957,2255,2513,335,2580,53,1.189,1,2062,1,19.600,1.659,6.313,-17.938,4.750,-0.145,0.223,1.039,1.598,0.445,0.582,0.060,0.012,1.068,1.331,2,NULL,NULL,,2,1,2,7,255,1125,250,0,0
pre_stim,29222,29222,1,29222,3226519.455,0.879,-0.081,-0.058,0.467,2860,152,853,2949,2291,2517,364,2605,53,1.189,1,2062,1,18.268,1.542,4.000,-17.750,1.625,-0.156,0.199,1.027,1.477,0.445,0.578,0.060,0.010,1.068,1.331,2,NULL,NULL,,2,1,2,7,255,1125,250,0,0
pre_stim,29222,29222,1,29222,3226524.454,0.879,-0.081,-0.057,0.467,2851,171,923,2931,2322,2515,375,2611,53,1.189,1,2062,1,17.952,1.290,3.250,-17.563,-1.813,-0.141,0.180,0.996,1.211,0.445,0.457,0.060,0.010,1.068,1.331,2,NULL,NULL,,2,1,2,7,255,1125,250,0,0
pre_stim,29222,29222,1,29222,3226529.455,0.879,-0.081,-0.056,0.467,2825,175,981,2916,2359,2523,408,2621,53,1.189,1,2062,1,18.299,1.119,4.375,-17.313,-4.000,-0.117,0.152,0.996,1.086,0.270,0.129,0.060,0.014,1.068,1.331,2,NULL,NULL,,2,1,2,7,255,1125,250,0,0
pre_stim,29222,29222,1,29222,3226534.453,0.879,-0.081,-0.055,0.467,2799,185,1087,2901,2407,2527,429,2644,53,1.189,1,2062,1,17.851,1.013,3.500,-16.375,-6.188,-0.117,0.117,1.000,1.012,-0.047,0.102,0.062,0.020,1.068,1.331,2,NULL,NULL,,2,1,2,7,255,1125,250,0,0
pre_stim,29222,29222,1,29222,3226539.455,0.878,-0.081,-0.055,0.468,2779,201,1164,2888,2432,2531,494,2653,53,1.189,1,2062,1,18.644,0.752,2.875,-16.563,-8.063,-0.129,0.082,1.004,0.715,-0.234,0.102,0.064,0.026,1.068,1.331,2,NULL,NULL,,2,1,2,7,255,1125,250,0,0
pre_stim,29222,29222,0,29222,3226544.454,0.878,-0.080,-0.054,0.468,2759,229,1211,2864,2474,2531,521,2668,53,1.189,1,2062,1,19.287,0.448,2.500,-15.688,-10.938,-0.145,0.063,0.992,0.355,-0.273,0.102,0.068,0.032,1.068,1.331,2,NULL,NULL,,2,0,2,7,255,1125,250,0,0
pre_stim,29222,29222,0,29222,3226549.455,0.878,-0.080,-0.053,0.469,2733,227,1285,2848,2495,2545,568,2681,53,1.189,1,2062,1,20.794,0.342,1.750,-15.500,-13.750,-0.145,0.047,0.996,0.082,-0.332,0.059,0.072,0.036,1.068,1.331,2,NULL,NULL,,2,0,2,7,255,1125,250,0,0
pre_stim,29240,29240,0,29240,3226554.453,0.878,-0.080,-0.053,0.470,2705,235,1399,2847,2537,2555,712,2704,53,1.189,1,2062,1,22.067,0.350,-2.125,-15.500,-15.563,-0.148,0.020,0.996,-0.066,-0.344,0.039,0.074,0.038,1.068,1.331,2,NULL,NULL,,2,0,2,7,255,1125,250,0,0
pre_stim,29240,29240,0,29240,3226559.455,0.877,-0.079,-0.052,0.470,2663,259,1517,2835,2572,2567,806,2724,53,1.189,1,2062,1,24.787,0.452,-5.938,-16.250,-17.750,-0.168,0.020,1.000,-0.293,-0.344,0.059,0.076,0.040,1.068,1.331,2,NULL,NULL,,2,0,2,7,255,1125,250,0,0
pre_stim,29240,29240,0,29240,3226564.454,0.877,-0.078,-0.052,0.471,2631,269,1599,2821,2595,2552,956,2729,53,1.189,1,2062,1,29.768,0.401,-9.000,-17.125,-22.625,-0.180,0.051,1.016,-0.293,-0.273,0.117,0.078,0.040,1.068,1.331,2,NULL,NULL,,2,0,2,7,255,1125,250,0,0
pre_stim,29240,29240,0,29240,3226569.455,0.877,-0.077,-0.052,0.472,2589,268,1701,2793,2632,2557,1067,2758,53,1.189,1,2062,1,35.035,0.288,-13.250,-17.875,-27.063,-0.160,0.051,1.020,-0.230,-0.172,0.309,0.078,0.040,1.068,1.331,2,NULL,NULL,,2,0,2,7,255,1125,250,0,0
pre_stim,29262,29262,0,29262,3226574.454,0.876,-0.076,-0.051,0.473,2543,278,1778,2767,2653,2567,1179,2771,53,1.189,1,2062,1,38.116,0.198,-19.063,-18.625,-27.250,-0.137,0.047,1.012,-0.098,-0.172,0.309,0.080,0.038,1.068,1.331,2,NULL,NULL,,2,0,2,7,255,1125,250,0,0
pre_stim,29262,29262,0,29262,3226579.455,0.876,-0.075,-0.051,0.474,2493,275,1869,2749,2675,2579,1289,2778,53,1.189,1,2062,1,38.538,0.376,-20.938,-19.000,-26.188,-0.133,0.004,0.977,-0.098,-0.363,0.203,0.080,0.036,1.068,1.331,2,NULL,NULL,,2,0,2,7,255,1125,250,0,0
pre_stim,29262,29262,0,29262,3226584.453,0.875,-0.073,-0.051,0.475,2426,283,1934,2715,2705,2581,1383,2788,53,1.189,1,2062,1,36.968,0.621,-18.750,-20.063,-24.750,-0.113,-0.020,0.973,-0.309,-0.539,-0.164,0.080,0.034,1.068,1.331,2,NULL,NULL,,2,0,2,7,255,1125,250,0,0
pre_stim,29262,29262,0,29262,3226589.455,0.875,-0.072,-0.051,0.476,2389,301,2012,2681,2731,2585,1468,2803,53,1.189,1,2062,1,37.608,0.854,-17.875,-20.063,-26.313,-0.121,-0.027,0.977,-0.422,-0.742,-0.203,0.082,0.030,1.068,1.331,2,NULL,NULL,,2,0,2,7,255,1125,250,0,0
pre_stim,29262,29262,0,29262,3226594.454,0.875,-0.071,-0.050,0.477,2323,301,2094,2649,2745,2580,1593,2822,53,1.189,1,2062,1,36.898,0.888,-16.375,-21.125,-25.438,-0.098,-0.031,0.984,-0.422,-0.781,-0.203,0.082,0.026,1.068,1.331,2,NULL,NULL,,2,0,2,7,255,1125,250,0,0
pre_stim,29262,29262,0,29262,3226599.455,0.874,-0.069,-0.050,0.478,2248,302,2167,2599,2751,2595,1687,2829,53,1.189,1,2062,1,36.072,1.030,-18.250,-22.250,-21.750,-0.109,-0.043,1.000,-0.504,-0.898,-0.141,0.084,0.024,1.068,1.331,2,NULL,NULL,,2,0,2,7,255,1125,250,0,0
pre_stim,29321,29321,0,29321,3226604.453,0.874,-0.068,-0.049,0.479,2163,304,2231,2556,2779,2583,1767,2845,53,1.189,1,2062,1,38.021,1.004,-21.688,-23.000,-21.125,-0.133,-0.020,1.023,-0.449,-0.898,0.000,0.084,0.020,1.068,1.331,2,NULL,NULL,,2,0,2,7,255,1125,250,0,0
pre_stim,29321,29321,0,29321,3226609.455,0.874,-0.066,-0.049,0.480,2079,296,2285,2502,2795,2598,1861,2868,53,1.189,1,2062,1,43.524,0.748,-27.000,-23.313,-24.938,-0.137,0.004,1.035,-0.449,-0.598,0.285,0.086,0.018,1.068,1.331,2,NULL,NULL,,2,0,2,7,255,1125,250,0,0
pre_stim,29321,29321,0,29321,3226614.454,0.873,-0.065,-0.049,0.481,1995,286,2327,2457,2825,2585,1949,2863,53,1.189,1,2062,1,46.202,0.500,-30.563,-24.313,-24.688,-0.117,0.035,1.023,-0.285,-0.410,0.285,0.086,0.016,1.068,1.331,2,NULL,NULL,,2,0,2,7,255,1125,250,0,0
pre_stim,29321,29321,0,29321,3226619.455,0.873,-0.063,-0.048,0.482,1893,274,2394,2364,2843,2589,2019,2879,53,1.189,1,2062,1,45.891,0.371,-30.188,-24.813,-24.063,-0.105,0.066,0.996,0.094,-0.359,0.270,0.088,0.014,1.068,1.331,2,NULL,NULL,,2,0,2,7,255,1125,250,0,0
pre_stim,29321,29321,0,29321,3226624.454,0.873,-0.061,-0.048,0.482,1761,267,2456,2261,2853,2589,2093,2893,53,1.189,1,2062,1,39.000,0.455,-21.500,-26.188,-19.313,-0.102,0.086,0.961,0.395,-0.227,0.027,0.090,0.014,1.068,1.331,2,NULL,NULL,,2,0,2,7,255,1125,250,0,0
pre_stim,29321,29321,0,29321,3226629.455,0.872,-0.060,-0.047,0.483,1604,249,2493,2165,2873,2596,2165,2903,53,1.189,1,2062,1,38.684,0.402,-13.500,-26.313,-24.938,-0.195,0.098,1.020,0.395,-0.078,0.027,0.092,0.014,1.068,1.331,2,NULL,NULL,,2,0,2,7,255,1125,250,0,0
pre_stim,29321,29321,0,29321,3226634.453,0.872,-0.059,-0.046,0.485,1399,245,2537,2035,2879,2591,2233,2907,53,1.189,1,2062,1,49.541,0.236,-20.375,-29.063,-34.563,-0.109,-0.074,1.133,0.223,-0.078,0.359,0.094,0.012,1.068,1.331,2,NULL,NULL,,2,0,2,7,255,1125,250,0,0
pre_stim,29321,29321,0,29321,3226639.455,0.871,-0.057,-0.046,0.486,1221,216,2579,1849,2901,2596,2294,2916,53,1.189,1,2062,1,53.733,1.045,-35.125,-28.313,-29.188,-0.078,-0.047,1.109,-0.316,-0.996,1.055,0.096,0.012,1.068,1.331,2,NULL,NULL,,2,0,2,7,255,1125,250,0,0
pre_stim,29321,29321,0,29321,3226644.454,0.871,-0.054,-0.046,0.486,1049,173,2612,1669,2919,2579,2347,2917,53,1.189,1,2062,1,55.160,1.045,-40.438,-29.688,-22.938,-0.105,0.035,1.043,-0.316,-0.996,1.055,0.096,0.012,1.068,1.331,2,NULL,NULL,,2,0,2,7,255,1125,250,0,0
pre_stim,29321,29321,0,29321,3226649.455,0.870,-0.052,-0.045,0.487,843,157,2648,1463,2931,2583,2419,2935,53,1.189,1,2062,1,53.045,0.342,-35.063,-29.813,-26.375,-0.164,0.094,1.012,0.195,-0.281,0.465,0.098,0.012,1.068,1.331,2,NULL,NULL,,2,0,2,7,255,1125,250,0,0
pre_stim,29321,29321,0,29321,3226654.453,0.870,-0.051,-0.045,0.489,573,86,2681,1269,2943,2578,2461,2936,53,1.189,1,2062,1,55.079,0.666,-29.313,-32.438,-33.500,-0.152,0.102,1.051,0.391,0.539,0.465,0.102,0.010,1.068,1.331,2,NULL,NULL,,2,0,2,7,255,1125,250,0,0
pre_stim,29321,29321,0,29321,3226659.455,0.869,-0.049,-0.044,0.490,375,63,2713,1051,2962,2569,2510,2951,53,1.189,1,2062,1,57.220,0.779,-29.438,-36.313,-33.000,-0.125,0.098,1.102,0.563,0.539,0.602,0.104,0.010,1.068,1.331,2,NULL,NULL,,2,0,2,7,255,1125,250,0,0
pre_stim,29354,29354,0,29354,3226664.453,0.869,-0.047,-0.043,0.491,201,5,2746,829,2981,2549,2567,2964,53,1.189,1,2062,1,61.816,0.668,-30.938,-36.313,-39.313,-0.152,0.066,1.113,0.563,0.359,1.082,0.106,0.010,1.068,1.331,2,NULL,NULL,,2,0,2,7,255,1125,250,0,0
pre_stim,29354,29354,0,29354,3226669.455,0.868,-0.044,-0.043,0.493,87,0,2792,597,2985,2537,2606,2972,53,1.189,1,2062,1,72.321,0.731,-38.250,-39.250,-47.188,-0.070,0.059,1.102,0.684,0.258,1.082,0.108,0.010,1.068,1.331,2,NULL,NULL,,2,0,2,7,255,1125,250,0,0
pre_stim,29354,29354,0,29354,3226674.454,0.867,-0.042,-0.042,0.495,30,0,2804,367,3003,2507,2645,2979,53,1.189,1,2062,1,67.729,0.752,-34.500,-43.313,-39.000,0.008,0.098,1.055,0.684,-0.313,1.000,0.108,0.010,1.068,1.331,2,NULL,NULL,,2,0,2,7,255,1125,250,0,0
pre_stim,29354,29354,0,29354,3226679.455,0.866,-0.040,-0.041,0.496,0,0,2830,266,3008,2485,2665,2975,53,1.189,1,2062,1,68.019,1.410,-34.438,-43.250,-39.625,-0.012,0.121,1.031,1.375,-0.313,0.449,0.110,0.012,1.068,1.331,2,NULL,NULL,,2,0,2,7,255,1125,250,0,0
pre_stim,29354,29354,0,29354,3226684.453,0.866,-0.038,-0.039,0.497,0,0,2839,171,3033,2459,2687,2991,53,1.189,1,2062,1,60.270,1.409,-19.000,-49.875,-28.000,-0.094,0.059,1.098,1.375,-0.309,0.449,0.110,0.014,1.068,1.331,2,NULL,NULL,,2,0,2,7,255,1125,250,0,0
pre_stim,29354,29354,0,29354,3226689.455,0.866,-0.037,-0.037,0.497,0,0,2861,119,3043,2422,2716,2983,53,1.189,1,2062,1,57.730,0.552,-2.000,-56.625,-11.063,-0.270,-0.102,1.238,0.551,0.035,0.965,0.112,0.016,1.068,1.331,2,NULL,NULL,,2,0,2,7,255,1125,250,0,0
pre_stim,29388,29388,0,29388,3226694.453,0.866,-0.035,-0.035,0.498,0,0,2858,83,3050,2403,2741,2983,53,1.189,1,2062,1,67.444,1.748,2.625,-64.750,-18.688,-0.391,-0.227,1.395,-1.605,0.691,2.520,0.112,0.020,1.068,1.331,2,NULL,NULL,,2,0,2,7,255,1125,250,0,0
pre_stim,29388,29388,0,29388,3226699.455,0.865,-0.034,-0.032,0.499,0,0,2875,50,3062,2373,2767,2991,53,1.189,1,2062,0,78.636,1.902,9.438,-73.500,-26.313,-0.316,-0.066,1.535,-1.605,1.020,4.160,0.110,0.024,1.068,1.331,3,NULL,NULL,,2,0,2,7,255,1125,250,0,0
pre_stim,29413,29413,0,29413,3226704.454,0.865,-0.033,-0.028,0.499,0,0,2877,8,3058,2329,2798,2999,53,1.189,1,2062,0,85.709,1.836,20.438,-83.188,2.875,-0.262,0.223,1.664,-1.441,1.137,5.453,0.106,0.030,1.068,1.331,3,NULL,NULL,,2,0,2,7,255,1125,250,0,0
pre_stim,29413,29413,0,29413,3226709.455,0.866,-0.030,-0.026,0.499,0,0,2891,0,3061,2259,2822,2991,53,1.189,1,2062,0,96.039,1.988,-39.875,-87.250,4.563,-0.047,0.438,1.508,1.238,1.555,5.453,0.100,0.036,1.068,1.331,3,NULL,NULL,,2,0,2,7,255,1125,250,0,0
pre_stim,29413,29413,0,29413,3226714.453,0.866,-0.025,-0.024,0.498,0,0,2891,0,3087,2199,2840,2989,53,1.189,1,2062,0,112.921,2.388,-67.688,-88.563,18.063,-0.102,0.223,1.234,1.813,1.555,4.945,0.096,0.044,1.068,1.331,3,NULL,NULL,,2,0,2,7,255,1125,250,0,0
pre_stim,29413,29413,0,29413,3226719.455,0.867,-0.022,-0.021,0.497,0,0,2891,0,3093,2135,2861,2989,53,1.189,1,2062,0,113.054,2.383,-47.625,-96.688,34.125,-0.188,0.102,1.098,1.813,1.547,2.316,0.092,0.050,1.068,1.331,3,NULL,NULL,,2,0,2,7,255,1125,250,0,0
pre_stim,29413,29413,0,29413,3226724.454,0.868,-0.019,-0.018,0.495,0,0,2900,0,3091,2054,2877,2996,53,1.189,1,2062,0,113.445,1.580,-20.500,-104.375,39.438,-0.324,-0.051,1.156,0.320,1.547,1.668,0.090,0.058,1.068,1.331,3,NULL,NULL,,2,0,2,7,255,1125,250,0,0
pre_stim,29413,29413,0,29413,3226729.455,0.869,-0.016,-0.015,0.495,0,0,2891,0,3102,1942,2900,2989,53,1.189,1,2062,0,112.661,2.427,-18.063,-110.188,15.000,-0.309,-0.082,1.258,-1.656,1.773,1.668,0.086,0.068,1.068,1.331,3,NULL,NULL,,2,0,2,7,255,1125,250,0,0
pre_stim,29442,29442,0,29442,3226734.453,0.869,-0.013,-0.011,0.494,0,0,2877,0,3103,1805,2918,2976,53,1.189,1,2062,0,117.298,2.578,-21.063,-115.000,9.500,-0.258,-0.164,1.285,-1.871,1.773,2.633,0.082,0.076,1.068,1.331,3,NULL,NULL,,2,0,2,7,255,1125,250,0,0
pre_stim,29442,29442,0,29442,3226739.455,0.869,-0.009,-0.007,0.494,0,0,2873,0,3103,1675,2923,2972,53,1.189,1,2062,0,123.706,2.152,-25.563,-120.750,8.313,-0.168,-0.094,1.262,-1.871,1.063,2.633,0.074,0.084,1.068,1.331,3,NULL,NULL,,2,0,2,7,255,1125,250,0,0
pre_stim,29442,29442,0,29442,3226744.453,0.870,-0.005,-0.003,0.493,0,0,2871,0,3099,1492,2932,2969,53,1.189,1,2062,0,130.382,1.707,-31.250,-125.250,18.313,-0.172,-0.070,1.211,-1.336,1.063,2.594,0.066,0.092,1.068,1.331,3,NULL,NULL,,2,0,2,7,255,1125,250,0,0
pre_stim,29442,29442,0,29442,3226749.455,0.870,-0.002,0.001,0.492,0,0,2855,0,3116,1302,2953,2957,53,1.189,1,2062,0,135.063,1.640,-27.500,-131.063,17.563,-0.180,-0.012,1.164,-1.242,1.070,2.074,0.058,0.100,1.068,1.331,3,NULL,NULL,,2,0,2,7,255,1125,250,0,0
pre_stim,29442,29442,0,29442,3226754.454,0.871,0.002,0.005,0.492,0,0,2837,0,3116,1071,2955,2957,53,1.189,1,2062,0,138.644,1.776,-23.500,-136.000,13.188,-0.168,-0.035,1.086,-1.031,1.445,1.582,0.048,0.108,1.068,1.331,3,NULL,NULL,,2,0,2,7,255,1125,250,0,0
pre_stim,29442,29442,0,29442,3226759.455,0.871,0.006,0.010,0.491,0,0,2813,0,3110,877,2963,2936,53,1.189,1,2062,0,142.437,1.776,-12.375,-141.500,10.625,-0.137,-0.090,1.066,-1.031,1.445,0.801,0.038,0.118,1.068,1.331,3,NULL,NULL,,2,0,2,7,255,1125,250,0,0
pre_stim,29442,29442,0,29442,3226764.453,0.871,0.009,0.016,0.490,0,0,2789,0,3117,631,2972,2919,53,1.189,1,2062,0,148.276,1.717,-2.750,-147.438,15.500,-0.129,-0.152,1.082,-1.379,1.023,0.785,0.030,0.128,1.068,1.331,3,NULL,NULL,,2,0,2,7,255,1125,250,0,0
pre_stim,29442,29442,0,29442,3226769.455,0.872,0.012,0.021,0.489,0,0,2761,0,3125,517,2991,2905,53,1.189,1,2062,0,152.832,2.124,3.438,-152.250,12.875,-0.133,-0.141,1.094,-1.902,0.945,0.785,0.022,0.140,1.068,1.331,3,NULL,NULL,,2,0,2,7,255,1125,250,0,0
pre_stim,29444,29444,0,29444,3226774.454,0.872,0.015,0.027,0.489,0,0,2728,0,3119,344,3003,2879,53,1.189,1,2062,0,159.119,2.152,7.125,-158.250,15.000,-0.145,-0.129,1.141,-1.934,0.945,0.863,0.018,0.150,1.068,1.331,3,NULL,NULL,,2,0,2,7,255,1125,250,0,0
pre_stim,29444,29444,0,29444,3226779.455,0.872,0.018,0.034,0.488,0,0,2684,0,3116,160,3013,2868,53,1.189,1,2062,0,165.209,2.278,12.000,-164.188,13.875,-0.129,-0.027,1.223,-1.902,1.254,1.305,0.018,0.162,1.068,1.331,3,NULL,NULL,,2,0,2,7,255,1125,250,0,0
pre_stim,29473,29473,0,29473,3226784.453,0.872,0.021,0.040,0.487,0,0,2647,0,3127,92,3013,2835,53,1.189,1,2062,0,170.530,2.153,4.938,-170.313,7.063,-0.082,0.074,1.219,-1.125,1.836,1.977,0.024,0.176,1.068,1.331,3,NULL,NULL,,2,0,2,7,255,1125,250,0,0
pre_stim,29473,29473,0,29473,3226789.455,0.872,0.024,0.047,0.486,0,0,2591,0,3122,37,3022,2805,53,1.189,1,2062,0,177.980,2.149,18.938,-176.750,8.813,-0.156,0.086,1.262,-0.563,2.074,2.063,0.030,0.188,1.068,1.331,3,NULL,NULL,,2,0,2,7,255,1125,250,0,0
pre_stim,29473,29473,0,29473,3226794.453,0.872,0.027,0.055,0.486,0,0,2522,0,3112,0,3025,2764,53,1.189,1,2062,0,189.173,2.961,28.813,-186.813,7.563,-0.141,0.184,1.480,-0.160,2.957,2.293,0.038,0.202,1.068,1.331,3,NULL,NULL,,2,0,2,7,255,1125,250,0,0
pre_stim,29473,29473,0,29473,3226799.455,0.872,0.030,0.062,0.485,0,0,2451,0,3110,0,3015,2713,53,1.189,1,2062,0,193.484,3.716,4.250,-193.438,-0.313,-0.125,0.195,1.629,0.078,3.715,4.398,0.048,0.216,1.068,1.331,3,NULL,NULL,,2,0,2,7,255,1125,250,0,0
pre_stim,29473,29473,0,29473,3226804.454,0.871,0.035,0.069,0.484,0,0,2347,0,3110,0,3021,2669,53,1.189,1,2062,0,204.022,4.032,-5.125,-203.813,7.688,-0.277,0.121,1.773,0.078,4.031,5.773,0.060,0.232,1.068,1.331,3,NULL,NULL,,2,0,2,7,255,1125,250,0,0
pre_stim,29473,29473,0,29473,3226809.455,0.871,0.040,0.078,0.483,0,0,2233,0,3107,0,3017,2599,53,1.189,1,2062,0,220.742,5.560,-7.375,-220.313,11.625,-0.398,0.188,2.035,-1.535,5.344,6.926,0.076,0.254,1.068,1.331,3,NULL,NULL,,2,0,2,7,255,1125,250,0,0
pre_stim,29522,29522,0,29522,3226814.453,0.870,0.046,0.086,0.482,0,0,2117,0,3093,0,3019,2523,53,1.189,1,2062,0,239.759,7.510,-19.000,-238.938,5.688,-0.445,0.316,2.176,-1.535,7.352,9.102,0.098,0.278,1.068,1.331,3,NULL,NULL,,2,0,2,7,255,1125,250,0,0
pre_stim,29522,29522,0,29522,3226819.455,0.870,0.053,0.095,0.481,0,0,1960,0,3067,0,2999,2455,53,1.189,1,2062,0,264.608,9.099,-42.625,-260.813,13.313,-0.477,0.430,2.246,-1.414,8.988,10.191,0.126,0.308,1.068,1.331,3,NULL,NULL,,2,0,2,7,255,1125,250,0,0
pre_stim,29522,29522,0,29522,3226824.454,0.869,0.061,0.104,0.480,0,0,1806,0,3059,0,2984,2365,53,1.189,1,2062,0,290.168,10.431,-65.938,-281.938,19.000,-0.461,0.605,2.297,-0.871,10.395,10.555,0.160,0.344,1.068,1.331,3,NULL,NULL,,2,0,2,7,255,1125,250,0,0
pre_stim,29522,29522,0,29522,3226829.455,0.868,0.071,0.114,0.478,0,0,1646,0,3035,10,2969,2255,53,1.189,1,2062,0,317.475,11.795,-93.438,-302.875,18.063,-0.457,0.625,2.211,0.477,11.785,10.555,0.202,0.388,1.068,1.331,3,NULL,NULL,,2,0,2,7,255,1125,250,0,0
pre_stim,29522,29522,0,29522,3226834.453,0.866,0.082,0.124,0.477,0,0,1555,0,3007,23,2955,2133,53,1.189,1,2062,0,340.821,12.209,-103.688,-324.188,17.625,-0.500,0.559,2.223,0.477,12.199,9.617,0.250,0.436,1.068,1.331,3,NULL,NULL,,2,0,2,7,255,1125,250,0,0
pre_stim,29522,29522,0,29522,3226839.455,0.865,0.094,0.134,0.475,0,0,1455,0,2971,28,2924,2003,53,1.189,1,2062,0,360.596,12.794,-108.063,-343.688,15.188,-0.586,0.590,2.367,-0.348,12.789,9.617,0.304,0.492,1.068,1.331,3,NULL,NULL,,2,0,2,7,255,1125,250,0,0
pre_stim,29522,29522,0,29522,3226844.453,0.862,0.105,0.146,0.474,0,0,1387,0,2941,21,2864,1881,53,1.189,1,2062,0,378.821,14.633,-114.625,-361.063,-0.750,-0.664,0.719,2.523,-0.488,14.625,9.926,0.364,0.552,1.068,1.331,3,NULL,NULL,,2,0,2,7,255,1125,250,0,0
pre_stim,29522,29522,0,29522,3226849.455,0.859,0.118,0.157,0.473,0,0,1292,0,2887,1,2804,1739,53,1.189,1,2062,0,401.566,17.029,-126.688,-380.563,-19.438,-0.664,0.656,2.672,-0.848,17.008,10.496,0.428,0.620,1.068,1.331,3,NULL,NULL,,2,0,2,7,255,1125,250,0,0
pre_stim,29540,29540,0,29540,3226854.454,0.855,0.131,0.170,0.472,0,0,1182,0,2821,0,2724,1615,53,1.189,1,2062,0,424.089,17.939,-123.063,-405.000,-26.125,-0.742,0.496,2.844,-1.320,17.891,11.301,0.504,0.696,1.068,1.331,3,NULL,NULL,,2,0,2,7,255,1125,250,0,0
pre_stim,29540,29540,0,29540,3226859.455,0.851,0.145,0.183,0.471,0,0,1055,0,2736,0,2589,1477,53,1.189,1,2062,0,453.167,19.337,-146.813,-427.875,-27.000,-0.793,0.598,2.852,-2.980,19.105,11.301,0.588,0.782,1.068,1.331,3,NULL,NULL,,2,0,2,7,255,1125,250,0,0
pre_stim,29540,29540,0,29540,3226864.453,0.845,0.160,0.196,0.471,0,0,896,0,2633,0,2415,1336,53,1.189,1,2062,0,468.995,20.727,-160.563,-438.188,-46.563,-0.723,0.574,2.738,-2.980,20.512,10.965,0.680,0.876,1.068,1.331,3,NULL,NULL,,2,0,2,7,255,1125,250,0,0
pre_stim,29540,29540,0,29540,3226869.455,0.839,0.174,0.210,0.470,0,0,777,0,2500,0,2204,1179,53,1.189,1,2062,0,473.338,20.727,-151.563,-444.875,-56.250,-0.578,0.313,2.703,-2.980,20.512,9.484,0.778,0.974,1.068,1.331,3,NULL,NULL,,2,0,2,7,255,1125,250,0,0
pre_stim,29562,29562,0,29562,3226874.454,0.833,0.188,0.224,0.469,0,0,622,0,2325,0,1960,1035,53,1.189,1,2062,0,480.758,19.349,-139.813,-458.375,-38.375,-0.539,0.012,2.773,-4.359,18.852,9.484,0.878,1.078,1.068,1.331,3,NULL,NULL,,2,0,2,7,255,1125,250,0,0
pre_stim,29562,29562,0,29562,3226879.455,0.827,0.204,0.238,0.466,0,0,453,0,2107,0,1683,909,53,1.189,1,2062,0,506.181,19.619,-164.188,-478.813,0.063,-0.527,-0.320,2.508,-7.000,18.328,9.383,0.980,1.182,1.068,1.331,3,NULL,NULL,,2,0,2,7,255,1125,250,0,0
pre_stim,29562,29562,0,29562,3226884.453,0.821,0.221,0.251,0.462,0,0,253,0,1824,0,1288,762,53,1.189,1,2062,0,528.051,18.169,-189.125,-492.625,19.750,-0.313,-0.449,1.789,-8.492,16.063,7.281,1.076,1.282,1.068,1.331,3,NULL,NULL,,2,0,2,7,255,1125,250,0,0
pre_stim,29562,29562,0,29562,3226889.455,0.815,0.237,0.266,0.457,0,0,153,0,1501,0,739,637,53,1.189,1,2062,0,523.532,13.599,-134.125,-505.750,17.688,-0.223,-0.527,1.223,-8.492,10.621,2.508,1.166,1.374,1.068,1.331,3,NULL,NULL,,2,0,2,7,255,1125,250,0,0
pre_stim,29562,29562,0,29562,3226894.453,0.809,0.249,0.283,0.451,0,0,93,0,1159,0,261,502,53,1.189,1,2062,0,516.835,10.815,-49.688,-512.625,43.188,-0.191,-0.230,1.125,-7.859,7.430,-1.465,1.244,1.454,1.068,1.331,3,NULL,NULL,,2,0,2,7,255,1125,250,0,0
pre_stim,29562,29562,0,29562,3226899.455,0.804,0.260,0.300,0.442,0,0,43,0,819,0,0,421,53,1.189,1,2062,0,509.847,9.048,13.188,-506.563,56.250,-0.254,0.172,1.578,-5.164,7.430,-1.465,1.308,1.522,1.068,1.331,3,NULL,NULL,,2,0,2,7,255,1125,250,0,0
pre_stim,29621,29621,0,29621,3226904.454,0.800,0.270,0.317,0.432,0,0,21,0,339,0,0,331,53,1.189,1,2062,0,518.636,13.847,17.875,-507.813,103.875,-0.594,0.238,1.953,-5.164,12.848,-2.094,1.372,1.588,1.068,1.331,3,NULL,NULL,,2,0,2,7,255,1125,250,0,0
pre_stim,29621,29621,0,29621,3226909.455,0.796,0.284,0.332,0.420,0,0,23,0,28,0,0,237,53,1.189,1,2062,0,551.475,18.589,-34.438,-521.438,176.188,-0.969,0.223,1.816,-5.250,17.832,-2.094,1.444,1.662,1.068,1.331,3,NULL,NULL,,2,0,2,7,255,1125,250,0,0
pre_stim,29621,29621,0,29621,3226914.453,0.791,0.298,0.346,0.407,0,0,0,0,0,0,0,131,53,1.189,1,2062,0,567.580,19.135,-55.813,-531.375,191.500,-1.195,0.230,1.516,-6.941,17.832,-6.586,1.526,1.746,1.068,1.331,3,NULL,NULL,,2,0,2,7,255,1125,250,0,0
pre_stim,29621,29621,0,29621,3226919.455,0.785,0.312,0.360,0.396,0,0,0,0,0,0,0,52,53,1.189,1,2062,0,535.497,18.870,-87.250,-508.250,144.313,-0.840,0.727,1.172,-6.941,17.547,-10.965,1.612,1.836,1.068,1.331,4,NULL,NULL,,2,0,2,7,255,1125,250,0,0
pre_stim,29621,29621,0,29621,3226924.454,0.778,0.326,0.372,0.388,0,0,0,0,0,0,0,51,53,1.189,1,2062,0,482.034,15.859,-108.500,-462.000,84.500,-0.406,1.219,1.125,-0.855,15.836,-10.965,1.702,1.928,1.068,1.331,0,NULL,NULL,,2,0,2,7,255,1125,250,0,0
pre_stim,29621,29621,0,29621,3226929.455,0.771,0.339,0.381,0.381,0,0,0,0,0,0,0,89,53,1.189,1,2062,0,436.898,16.442,-167.500,-394.688,83.938,-0.113,1.316,1.109,5.129,15.621,-10.328,1.792,2.018,1.068,1.331,0,NULL,NULL,,2,0,2,7,255,1125,250,0,0
pre_stim,29621,29621,0,29621,3226934.453,0.764,0.353,0.387,0.377,0,0,0,0,0,0,0,103,53,1.189,1,2062,0,381.008,15.997,-190.688,-318.313,86.500,0.078,0.660,1.117,5.129,15.152,-8.797,1.876,2.104,1.068,1.331,0,NULL,NULL,,2,0,2,7,255,1125,250,0,0
pre_stim,29621,29621,0,29621,3226939.455,0.760,0.362,0.391,0.372,0,0,0,0,0,0,0,133,53,1.189,1,2062,0,275.473,12.063,-141.188,-219.563,88.000,-0.176,-0.059,1.328,2.500,11.801,-5.988,1.958,2.188,1.068,1.331,0,NULL,NULL,,2,0,2,7,255,1125,250,0,0
pre_stim,29621,29621,0,29621,3226944.453,0.757,0.371,0.391,0.370,0,0,0,0,0,0,0,147,53,1.189,1,2062,0,208.476,12.877,-135.688,-135.188,82.313,-0.535,0.008,1.762,-5.152,11.801,-5.988,2.040,2.272,1.068,1.331,0,NULL,NULL,,2,0,2,7,255,1125,250,0,0
pre_stim,29621,29621,0,29621,3226949.455,0.753,0.379,0.388,0.371,0,0,0,0,0,0,0,136,53,1.189,1,2062,0,232.499,15.895,-224.813,-39.250,44.438,-0.551,0.148,1.523,-5.258,15.000,-7.293,2.120,2.354,1.068,1.331,0,NULL,NULL,,2,0,2,7,255,1125,250,0,0
pre_stim,29621,29621,0,29621,3226954.454,0.750,0.389,0.381,0.376,0,0,0,0,0,0,0,105,53,1.189,1,2062,0,308.831,15.895,-301.438,53.063,41.188,-0.395,0.215,0.672,-5.258,15.000,-8.918,2.198,2.434,1.068,1.331,0,NULL,NULL,,2,0,2,7,255,1125,250,0,0
pre_stim,29621,29621,0,29621,3226959.455,0.748,0.397,0.371,0.381,0,0,0,0,0,0,0,74,53,1.189,1,2062,0,315.270,7.761,-280.250,128.125,66.625,-0.457,0.496,-0.176,-1.586,7.598,-11.184,2.268,2.508,1.068,1.331,0,NULL,NULL,,2,0,2,7,255,1125,250,0,0
pre_stim,29652,29652,0,29652,3226964.453,0.749,0.400,0.361,0.385,0,0,0,0,0,0,0,71,53,1.189,1,2062,0,254.916,2.950,-166.188,180.563,69.000,-0.672,0.645,-0.422,2.578,1.434,-15.891,2.322,2.562,1.068,1.331,0,NULL,NULL,,2,0,2,7,255,1125,250,0,0
pre_stim,29652,29652,0,29652,3226969.455,0.752,0.400,0.352,0.388,0,0,0,0,0,0,0,41,53,1.189,1,2062,0,228.233,2.950,-69.250,212.688,45.375,-0.758,0.422,0.055,2.578,1.434,-17.223,2.350,2.594,1.068,1.331,0,NULL,NULL,,2,0,2,7,255,1125,250,0,0
pre_stim,29652,29652,0,29652,3226974.454,0.755,0.398,0.343,0.393,0,0,0,0,0,0,0,36,53,1.189,1,2062,0,245.403,4.122,-63.813,234.875,31.375,-0.625,0.090,0.453,0.078,4.121,-17.223,2.358,2.602,1.068,1.331,0,NULL,NULL,,2,0,2,7,255,1125,250,0,0
pre_stim,29653,29653,0,29653,3226979.455,0.757,0.398,0.332,0.397,0,0,0,0,0,0,0,28,53,1.189,1,2062,0,271.227,5.220,-99.438,247.625,48.563,-0.480,-0.027,0.340,-2.906,4.336,-13.266,2.356,2.602,1.068,1.331,0,NULL,NULL,,2,0,2,7,255,1125,250,0,0
pre_stim,29653,29653,0,29653,3226984.453,0.760,0.398,0.321,0.401,0,0,0,0,0,0,0,16,53,1.189,1,2062,0,284.170,5.220,-105.500,252.375,77.000,-0.473,0.102,-0.066,-2.906,4.336,-13.266,2.354,2.604,1.068,1.331,0,NULL,NULL,,2,0,2,7,255,1125,250,0,0
pre_stim,29653,29653,0,29653,3226989.455,0.764,0.397,0.310,0.403,0,0,0,0,0,0,0,20,53,1.189,1,2062,0,274.710,1.892,-64.625,252.125,87.875,-0.566,0.266,-0.309,-1.328,1.348,-14.199,2.358,2.610,1.068,1.331,0,NULL,NULL,,2,0,2,7,255,1125,250,0,0
pre_stim,29685,29685,0,29685,3226994.453,0.769,0.394,0.300,0.405,0,0,0,0,0,0,0,17,53,1.189,1,2062,0,263.498,1.162,-14.438,250.625,80.063,-0.582,0.297,-0.234,-0.117,1.156,-16.516,2.362,2.616,1.068,1.331,0,NULL,NULL,,2,0,2,7,255,1125,250,0,0
pre_stim,29685,29685,0,29685,3226999.455,0.773,0.390,0.291,0.407,0,0,0,0,0,0,0,12,53,1.189,1,2062,0,261.896,1.162,12.688,250.625,74.938,-0.504,0.242,-0.047,-0.117,1.156,-16.516,2.366,2.622,1.068,1.331,0,NULL,NULL,,2,0,2,7,255,1125,250,0,0
pre_stim,29713,29713,0,29713,3227004.454,0.778,0.385,0.281,0.409,0,0,0,0,0,0,0,8,53,1.189,1,2062,0,265.440,2.386,21.438,251.688,81.563,-0.457,0.215,0.059,-0.449,2.344,-14.746,2.368,2.626,1.068,1.331,0,NULL,NULL,,2,0,2,7,255,1125,250,0,0
pre_stim,29713,29713,0,29713,3227009.455,0.783,0.381,0.272,0.410,0,0,0,0,0,0,0,0,53,1.189,1,2062,0,269.084,3.096,29.938,252.563,87.875,-0.508,0.211,0.109,-0.629,3.031,-13.695,2.374,2.632,1.068,1.331,0,NULL,NULL,,2,0,2,7,255,1125,250,0,0
pre_stim,29713,29713,0,29713,3227014.453,0.788,0.375,0.262,0.411,0,0,0,0,0,0,0,0,53,1.189,1,2062,0,270.102,3.827,42.688,253.688,82.313,-0.566,0.180,0.180,-0.980,3.699,-13.691,2.382,2.644,1.068,1.331,0,NULL,NULL,,2,0,2,7,255,1125,250,0,0
pre_stim,29713,29713,0,29713,3227019.455,0.793,0.370,0.253,0.413,0,0,0,0,0,0,0,0,53,1.189,1,2062,0,270.165,4.813,54.125,255.688,68.438,-0.590,0.121,0.309,-1.633,4.527,-13.512,2.394,2.658,1.068,1.331,0,NULL,NULL,,2,0,2,7,255,1125,250,0,0
pre_stim,29713,29713,0,29713,3227024.454,0.798,0.363,0.245,0.415,0,0,0,0,0,0,0,0,53,1.189,1,2062,0,270.997,5.986,59.063,258.688,55.063,-0.578,0.102,0.457,-2.363,5.500,-12.590,2.410,2.678,1.068,1.331,0,NULL,NULL,,2,0,2,7,255,1125,250,0,0
pre_stim,29713,29713,0,29713,3227029.455,0.802,0.357,0.236,0.417,0,0,0,0,0,0,0,7,53,1.189,1,2062,0,272.885,6.993,56.625,263.500,42.750,-0.559,0.133,0.578,-2.363,6.582,-11.418,2.432,2.700,1.068,1.331,0,NULL,NULL,,2,0,2,7,255,1125,250,0,0
pre_stim,29737,29737,0,29737,3227034.453,0.806,0.350,0.227,0.420,0,0,0,0,0,0,0,13,53,1.189,1,2062,0,276.454,7.918,51.250,270.063,29.438,-0.543,0.148,0.652,-2.281,7.582,-10.500,2.460,2.730,1.068,1.331,0,NULL,NULL,,2,0,2,7,255,1125,250,0,0
pre_stim,29737,29737,0,29737,3227039.455,0.809,0.344,0.218,0.423,0,0,0,0,0,0,0,14,53,1.189,1,2062,0,282.778,8.404,46.688,278.500,14.875,-0.523,0.129,0.691,-2.070,8.145,-9.824,2.492,2.766,1.068,1.331,0,NULL,NULL,,2,0,2,7,255,1125,250,0,0
pre_stim,29737,29737,0,29737,3227044.453,0.813,0.337,0.209,0.428,0,0,0,0,0,0,0,18,53,1.189,1,2062,0,291.891,8.446,43.125,288.688,0.250,-0.496,0.109,0.711,-2.059,8.191,-9.160,2.530,2.804,1.068,1.331,0,NULL,NULL,,2,0,2,7,255,1125,250,0,0
pre_stim,29737,29737,0,29737,3227049.455,0.815,0.329,0.199,0.432,0,0,0,0,0,0,0,22,53,1.189,1,2062,0,303.335,8.440,41.188,300.188,-14.250,-0.449,0.113,0.707,-2.035,8.191,-8.578,2.572,2.848,1.068,1.331,0,NULL,NULL,,2,0,2,7,255,1125,250,0,0
pre_stim,29737,29737,0,29737,3227054.454,0.818,0.322,0.189,0.438,0,0,0,0,0,0,0,35,53,1.189,1,2062,0,316.287,8.074,41.438,312.188,-29.313,-0.336,0.117,0.680,-1.656,7.902,-8.109,2.618,2.896,1.068,1.331,0,NULL,NULL,,2,0,2,7,255,1125,250,0,0
pre_stim,29737,29737,0,29737,3227059.455,0.820,0.313,0.179,0.444,0,0,0,0,0,0,0,25,53,1.189,1,2062,0,329.236,7.106,44.563,324.000,-37.875,-0.227,0.063,0.613,-0.941,7.043,-7.469,2.666,2.948,1.068,1.331,0,NULL,NULL,,2,0,2,7,255,1125,250,0,0
pre_stim,29737,29737,0,29737,3227064.453,0.823,0.305,0.169,0.449,0,0,0,0,0,0,0,27,53,1.189,1,2062,0,339.038,5.714,54.500,332.625,-36.563,-0.203,0.078,0.574,-0.723,5.668,-7.000,2.718,3.002,1.068,1.331,0,NULL,NULL,,2,0,2,7,255,1125,250,0,0
pre_stim,29737,29737,0,29737,3227069.455,0.825,0.295,0.159,0.455,0,0,0,0,0,0,0,45,53,1.189,1,2062,0,348.548,5.632,67.938,339.500,-40.125,-0.199,0.160,0.598,-0.402,5.617,-6.941,2.772,3.056,1.068,1.331,0,NULL,NULL,,2,0,2,7,255,1125,250,0,0
pre_stim,29758,29758,0,29758,3227074.454,0.827,0.285,0.149,0.461,0,0,0,0,0,0,0,54,53,1.189,1,2062,0,355.760,5.609,79.313,343.875,-45.000,-0.164,0.172,0.645,0.359,5.598,-6.941,2.822,3.110,1.068,1.331,0,NULL,NULL,,2,0,2,7,255,1125,250,0,0
pre_stim,29758,29758,0,29758,3227079.455,0.829,0.275,0.139,0.467,0,0,0,0,0,0,0,49,53,1.189,1,2062,0,359.790,5.649,89.813,345.563,-44.375,-0.113,0.156,0.691,0.758,5.598,-6.281,2.868,3.158,1.068,1.331,0,NULL,NULL,,2,0,2,7,255,1125,250,0,0
pre_stim,29758,29758,0,29758,3227084.454,0.831,0.264,0.129,0.472,0,0,0,0,0,0,0,45,53,1.189,1,2062,0,362.180,5.469,99.125,345.938,-40.938,-0.094,0.148,0.738,0.988,5.379,-5.484,2.908,3.200,1.068,1.331,0,NULL,NULL,,2,0,2,7,255,1125,250,0,0
pre_stim,29758,29758,0,29758,3227089.455,0.833,0.252,0.120,0.477,0,0,0,0,0,0,0,46,53,1.189,1,2062,0,362.856,5.494,108.375,344.250,-37.563,-0.090,0.156,0.797,1.117,5.379,-4.828,2.942,3.236,1.068,1.331,0,NULL,NULL,,2,0,2,7,255,1125,250,0,0
pre_stim,29779,29779,0,29779,3227094.453,0.835,0.241,0.110,0.482,0,0,0,0,0,0,0,46,53,1.189,1,2062,0,362.652,5.644,116.813,341.438,-35.938,-0.082,0.188,0.855,1.301,5.492,-4.191,2.972,3.266,1.068,1.331,0,NULL,NULL,,2,0,2,7,255,1125,250,0,0
pre_stim,29779,29779,0,29779,3227099.455,0.837,0.229,0.101,0.486,0,0,0,0,0,0,0,51,53,1.189,1,2062,0,363.185,5.884,129.188,337.313,-37.875,-0.082,0.227,0.879,1.699,5.633,-3.609,2.996,3.294,1.068,1.331,0,NULL,NULL,,2,0,2,7,255,1125,250,0,0
pre_stim,29779,29779,0,29779,3227104.454,0.839,0.216,0.093,0.491,0,0,0,0,0,0,0,51,53,1.189,1,2062,0,364.069,6.099,141.375,333.375,-37.688,-0.051,0.203,1.020,2.121,5.719,-3.355,3.018,3.318,1.068,1.331,0,NULL,NULL,,2,0,2,7,255,1125,250,0,0
pre_stim,29779,29779,0,29779,3227109.455,0.841,0.204,0.084,0.495,0,0,0,0,0,0,0,57,53,1.189,1,2062,0,360.913,6.131,140.375,330.688,-34.625,0.027,0.145,1.145,2.211,5.719,-1.813,3.038,3.340,1.068,1.331,0,NULL,NULL,,2,0,2,7,255,1125,250,0,0
pre_stim,29817,29817,0,29817,3227114.453,0.842,0.192,0.075,0.498,0,0,0,0,0,0,0,55,53,1.189,1,2062,0,354.714,5.671,132.375,328.438,-20.688,0.031,0.117,1.211,2.211,5.223,-0.102,3.056,3.360,1.068,1.331,0,NULL,NULL,,2,0,2,7,255,1125,250,0,0
pre_stim,29817,29817,0,29817,3227119.455,0.844,0.180,0.066,0.501,0,0,0,0,0,0,0,57,53,1.189,1,2062,0,351.058,5.681,131.063,325.500,-10.688,-0.031,0.207,1.262,2.234,5.223,0.742,3.074,3.378,1.068,1.331,0,NULL,NULL,,2,0,2,7,255,1125,250,0,0
pre_stim,29817,29817,0,29817,3227124.454,0.845,0.168,0.057,0.504,0,0,0,0,0,0,0,56,53,1.189,1,2062,0,349.940,6.252,131.375,324.063,-13.500,-0.059,0.188,1.305,2.527,5.719,0.922,3.092,3.400,1.068,1.331,0,NULL,NULL,,2,0,2,7,255,1125,250,0,0
pre_stim,29817,29817,0,29817,3227129.455,0.846,0.156,0.048,0.507,0,0,0,0,0,0,0,61,53,1.189,1,2062,0,349.559,6.252,128.250,324.875,-14.125,-0.055,0.141,1.332,2.527,5.719,1.445,3.112,3.420,1.068,1.331,0,NULL,NULL,,2,0,2,7,255,1125,250,0,0
pre_stim,29817,29817,0,29817,3227134.454,0.847,0.144,0.039,0.510,0,0,0,0,0,0,0,67,53,1.189,1,2062,0,350.222,5.709,129.938,324.938,-13.688,-0.059,0.141,1.383,2.289,5.230,1.980,3.134,3.444,1.068,1.331,0,NULL,NULL,,2,0,2,7,255,1125,250,0,0
pre_stim,29817,29817,0,29817,3227139.455,0.848,0.132,0.030,0.513,0,0,0,0,0,0,0,67,53,1.189,1,2062,0,351.378,5.709,129.563,326.375,-12.625,-0.086,0.188,1.465,2.289,5.230,2.594,3.158,3.470,1.068,1.331,0,NULL,NULL,,2,0,2,7,255,1125,250,0,0
pre_stim,29817,29817,0,29817,3227144.453,0.848,0.120,0.021,0.515,0,0,0,0,0,0,0,73,53,1.189,1,2062,0,351.954,5.833,127.250,327.875,-13.313,-0.102,0.168,1.570,2.660,5.191,3.355,3.182,3.496,1.068,1.331,0,NULL,NULL,,2,0,2,7,255,1125,250,0,0
pre_stim,29817,29817,0,29817,3227149.455,0.849,0.108,0.012,0.518,0,0,0,0,0,0,0,73,53,1.189,1,2062,0,350.285,5.833,119.375,329.000,-14.438,-0.133,0.164,1.637,2.660,5.191,4.527,3.208,3.522,1.068,1.331,0,NULL,NULL,,2,0,2,7,255,1125,250,0,0
pre_stim,29840,29840,0,29840,3227154.454,0.849,0.096,0.002,0.520,0,0,0,0,0,0,0,75,53,1.189,1,2062,0,347.994,5.792,111.000,329.375,-17.063,-0.145,0.160,1.656,2.660,5.145,5.281,3.234,3.552,1.068,1.331,0,NULL,NULL,,2,0,2,7,255,1125,250,0,0
pre_stim,29840,29840,0,29840,3227159.455,0.848,0.085,-0.007,0.522,0,0,0,0,0,0,0,77,53,1.189,1,2062,0,346.819,5.461,107.125,329.313,-19.000,-0.133,0.145,1.641,2.652,4.773,5.578,3.262,3.580,1.068,1.331,0,NULL,NULL,,2,0,2,7,255,1125,250,0,0
pre_stim,29840,29840,0,29840,3227164.453,0.848,0.073,-0.017,0.525,0,0,0,0,0,0,0,83,53,1.189,1,2062,0,346.118,4.912,108.438,328.125,-19.313,-0.121,0.137,1.641,2.660,4.129,5.609,3.286,3.608,1.068,1.331,0,NULL,NULL,,2,0,2,7,255,1125,250,0,0
pre_stim,29840,29840,0,29840,3227169.455,0.847,0.062,-0.026,0.527,0,0,0,0,0,0,0,82,53,1.189,1,2062,0,345.508,4.401,112.813,326.000,-19.313,-0.121,0.121,1.637,2.652,3.512,5.707,3.310,3.632,1.068,1.331,0,NULL,NULL,,2,0,2,7,255,1125,250,0,0
pre_stim,29862,29862,0,29862,3227174.454,0.846,0.050,-0.035,0.529,0,0,0,0,0,0,0,81,53,1.189,1,2062,0,345.387,3.970,121.500,322.688,-20.063,-0.125,0.094,1.656,2.641,2.965,5.801,3.330,3.656,1.068,1.331,0,NULL,NULL,,2,0,2,7,255,1125,250,0,0
pre_stim,29862,29862,0,29862,3227179.455,0.845,0.037,-0.044,0.531,0,0,0,0,0,0,0,74,53,1.189,1,2062,0,346.255,3.453,133.813,318.625,-21.563,-0.117,0.078,1.711,2.484,2.398,6.086,3.346,3.674,1.068,1.331,0,NULL,NULL,,2,0,2,7,255,1125,250,0,0
pre_stim,29862,29862,0,29862,3227184.454,0.844,0.024,-0.052,0.533,0,0,0,0,0,0,0,79,53,1.189,1,2062,0,348.173,3.066,146.625,314.875,-24.063,-0.094,0.059,1.813,2.484,1.797,6.734,3.358,3.688,1.068,1.331,0,NULL,NULL,,2,0,2,7,255,1125,250,0,0
pre_stim,29862,29862,0,29862,3227189.455,0.843,0.011,-0.059,0.535,0,0,0,0,0,0,0,74,53,1.189,1,2062,0,350.352,2.739,156.625,312.313,-26.000,-0.039,0.023,1.914,2.559,0.977,7.758,3.366,3.696,1.068,1.331,0,NULL,NULL,,2,0,2,7,255,1125,250,0,0
pre_stim,29862,29862,0,29862,3227194.453,0.841,-0.002,-0.067,0.537,0,0,0,0,0,0,0,77,53,1.189,1,2062,0,353.351,2.620,165.250,311.250,-25.938,0.035,-0.008,1.988,2.609,-0.230,8.758,3.366,3.700,1.068,1.331,0,NULL,NULL,,2,0,2,7,255,1125,250,0,0
pre_stim,29862,29862,0,29862,3227199.455,0.839,-0.016,-0.074,0.538,0,0,0,0,0,0,0,83,53,1.189,1,2062,0,358.507,3.134,176.313,311.188,-24.563,0.129,-0.008,2.043,2.680,-1.625,9.418,3.362,3.696,1.068,1.331,0,NULL,NULL,,2,0,2,7,255,1125,250,0,0
pre_stim,29920,29920,0,29920,3227204.454,0.837,-0.030,-0.081,0.540,0,0,0,0,0,0,0,79,53,1.189,1,2062,0,367.290,4.361,192.750,311.750,-23.688,0.266,-0.008,2.098,3.070,-3.098,9.785,3.352,3.688,1.068,1.331,0,NULL,NULL,,2,0,2,7,255,1125,250,0,0
pre_stim,29920,29920,0,29920,3227209.455,0.835,-0.045,-0.087,0.541,0,0,0,0,0,0,0,85,53,1.189,1,2062,0,378.708,6.151,211.750,313.188,-22.250,0.441,-0.012,2.195,3.582,-5.000,9.973,3.332,3.672,1.068,1.331,0,NULL,NULL,,2,0,2,7,255,1125,250,0,0
pre_stim,29920,29920,0,29920,3227214.453,0.833,-0.060,-0.093,0.543,0,0,0,0,0,0,0,81,53,1.189,1,2062,0,390.543,8.502,228.875,315.875,-19.063,0.613,-0.023,2.320,4.223,-7.379,10.438,3.302,3.644,1.068,1.331,0,NULL,NULL,,2,0,2,7,255,1125,250,0,0
pre_stim,29920,29920,0,29920,3227219.455,0.830,-0.077,-0.099,0.544,0,0,0,0,0,0,0,74,53,1.189,1,2062,0,403.552,10.938,248.563,317.625,-13.625,0.777,-0.047,2.516,4.777,-9.840,11.016,3.262,3.604,1.068,1.331,0,NULL,NULL,,2,0,2,7,255,1125,250,0,0
pre_stim,29920,29920,0,29920,3227224.454,0.827,-0.094,-0.104,0.544,0,0,0,0,0,0,0,77,53,1.189,1,2062,0,412.581,13.551,260.750,319.625,-8.500,0.930,-0.055,2.742,5.176,-12.523,12.172,3.210,3.554,1.068,1.331,0,NULL,NULL,,2,0,2,7,255,1125,250,0,0
pre_stim,29920,29920,0,29920,3227229.455,0.824,-0.111,-0.110,0.545,0,0,0,0,0,0,0,82,53,1.189,1,2062,0,414.477,16.214,260.313,322.500,-4.688,1.063,-0.020,2.949,5.613,-15.211,13.504,3.146,3.492,1.068,1.331,0,NULL,NULL,,2,0,2,7,255,1125,250,0,0
pre_stim,29920,29920,0,29920,3227234.454,0.821,-0.127,-0.116,0.545,0,0,0,0,0,0,0,79,53,1.189,1,2062,0,408.562,18.714,247.250,325.250,-1.750,1.148,0.078,3.094,6.313,-17.617,14.574,3.072,3.420,1.068,1.331,0,NULL,NULL,,2,0,2,7,255,1125,250,0,0
pre_stim,29920,29920,0,29920,3227239.455,0.818,-0.143,-0.122,0.544,0,0,0,0,0,0,0,85,53,1.189,1,2062,0,395.100,20.666,224.313,325.250,0.500,1.203,0.207,3.188,7.324,-19.324,15.109,2.988,3.338,1.068,1.331,0,NULL,NULL,,2,0,2,7,255,1125,250,0,0
pre_stim,29920,29920,0,29920,3227244.453,0.814,-0.158,-0.129,0.543,0,0,0,0,0,0,0,97,53,1.189,1,2062,0,375.701,22.201,193.563,322.000,-0.688,1.289,0.391,3.234,8.531,-20.496,15.109,2.896,3.246,1.068,1.331,0,NULL,NULL,,2,0,2,7,255,1125,250,0,0
pre_stim,29920,29920,0,29920,3227249.455,0.811,-0.170,-0.136,0.543,0,0,0,0,0,0,0,107,53,1.189,1,2062,0,351.430,23.913,157.125,314.313,-4.750,1.500,0.504,3.203,10.348,-21.559,14.859,2.796,3.148,1.068,1.331,0,NULL,NULL,,2,0,2,7,255,1125,250,0,0
pre_stim,29938,29938,0,29938,3227254.453,0.808,-0.182,-0.144,0.541,0,0,0,0,0,0,0,151,53,1.189,1,2062,0,323.052,26.425,117.625,300.875,-0.938,1.855,0.422,3.035,12.031,-23.527,13.203,2.690,3.044,1.068,1.331,0,NULL,NULL,,2,0,2,7,255,1125,250,0,0
pre_stim,29938,29938,0,29938,3227259.455,0.806,-0.191,-0.152,0.539,0,0,0,0,0,0,0,165,53,1.189,1,2062,0,295.746,29.192,79.563,284.375,16.313,2.246,0.199,2.668,12.031,-26.598,9.453,2.574,2.928,1.068,1.331,0,NULL,NULL,,2,0,2,7,255,1125,250,0,0
pre_stim,29938,29938,0,29938,3227264.454,0.804,-0.200,-0.160,0.536,0,0,0,0,0,0,0,199,53,1.189,1,2062,0,274.757,31.567,55.563,265.438,44.125,2.598,-0.023,2.141,11.695,-29.320,3.563,2.450,2.804,1.068,1.331,0,NULL,NULL,,2,0,2,7,255,1125,250,0,0
pre_stim,29938,29938,0,29938,3227269.455,0.804,-0.208,-0.167,0.532,0,0,0,0,0,0,0,211,53,1.189,1,2062,0,262.318,32.425,55.188,245.063,75.563,2.895,-0.223,1.539,10.730,-30.598,-3.555,2.320,2.674,1.068,1.331,0,NULL,NULL,,2,0,2,7,255,1125,250,0,0
pre_stim,29960,29960,0,29960,3227274.454,0.804,-0.217,-0.172,0.527,0,0,0,0,0,0,0,253,53,1.189,1,2062,0,261.646,32.125,82.063,223.500,108.500,3.137,-0.473,0.965,9.789,-30.598,-11.004,2.188,2.540,1.068,1.331,0,NULL,NULL,,2,0,2,7,255,1125,250,0,0
pre_stim,29960,29960,0,29960,3227279.455,0.804,-0.227,-0.175,0.521,0,0,0,0,0,0,0,269,53,1.189,1,2062,0,280.956,31.510,134.500,200.813,143.250,3.309,-0.832,0.512,8.223,-30.418,-17.984,2.052,2.404,1.068,1.331,0,NULL,NULL,,2,0,2,7,255,1125,250,0,0
pre_stim,29960,29960,0,29960,3227284.454,0.804,-0.240,-0.175,0.515,0,0,0,0,0,0,0,268,53,1.189,1,2062,0,328.234,30.937,210.375,177.750,178.563,3.375,-1.234,0.289,5.645,-30.418,-23.711,1.914,2.266,1.068,1.331,0,NULL,NULL,,2,0,2,7,255,1125,250,0,0
pre_stim,29960,29960,0,29960,3227289.455,0.804,-0.256,-0.172,0.508,0,0,0,0,0,0,0,273,53,1.189,1,2062,0,392.403,30.851,294.875,155.250,207.188,3.328,-1.539,0.367,2.594,-30.742,-27.164,1.774,2.124,1.068,1.331,0,NULL,NULL,,2,0,2,7,255,1125,250,0,0
pre_stim,29987,29987,0,29987,3227294.453,0.804,-0.273,-0.166,0.502,0,0,0,0,0,0,0,268,53,1.189,1,2062,0,450.344,31.536,370.813,134.875,217.063,3.152,-1.590,0.684,0.270,-31.535,-27.164,1.630,1.978,1.068,1.331,0,NULL,NULL,,2,0,2,7,255,1125,250,0,0
pre_stim,29987,29987,0,29987,3227299.455,0.802,-0.292,-0.159,0.497,0,0,0,0,0,0,0,271,53,1.189,1,2062,0,472.363,31.869,414.125,111.125,198.188,2.973,-1.730,1.242,-0.305,-31.867,-25.035,1.482,1.828,1.068,1.331,0,NULL,NULL,,2,0,2,7,255,1125,250,0,0
stim,55,30177,0,30177,3227454.453,0.890,-0.087,-0.070,0.443,3054,37,0,3173,1606,2410,134,2327,53,1.189,1,2063,0,101.888,4.547,-81.938,-14.938,-58.688,-0.480,-0.133,0.750,-3.414,-3.004,1.922,0.318,0.146,1.068,1.331,2,NULL,NULL,,3,0,2,7,255,1125,250,0,0
stim,55,30177,0,30177,3227459.455,0.888,-0.085,-0.070,0.447,3063,76,0,3171,1643,2426,153,2353,53,1.189,1,2063,0,109.740,3.441,-18.500,-12.563,-107.438,0.020,0.215,0.770,-3.414,-0.430,-1.766,0.340,0.124,1.068,1.331,2,NULL,NULL,,3,0,2,7,255,1125,250,0,0
stim,55,30177,0,30177,3227464.454,0.886,-0.085,-0.069,0.450,3055,105,0,3177,1687,2439,166,2367,53,1.189,1,2063,0,69.587,2.310,-3.250,-13.500,-68.188,0.328,0.012,1.148,2.270,-0.430,-1.766,0.364,0.104,1.068,1.331,2,NULL,NULL,,3,0,2,7,255,1125,250,0,0
stim,56,30177,0,30177,3227469.455,0.887,-0.083,-0.070,0.450,3052,109,0,3172,1751,2446,171,2393,53,1.189,1,2063,0,42.192,5.233,-41.375,-8.063,-1.813,0.105,-0.281,1.188,2.270,-4.715,0.578,0.384,0.086,1.068,1.331,2,NULL,NULL,,3,0,2,7,255,1125,250,0,0
stim,56,30177,0,30177,3227474.454,0.887,-0.080,-0.071,0.449,3056,123,0,3175,1785,2455,173,2411,53,1.189,1,2063,0,61.982,4.787,-61.313,-5.563,7.188,-0.277,-0.176,0.926,-0.828,-4.715,0.578,0.400,0.074,1.068,1.331,2,NULL,NULL,,3,0,2,7,255,1125,250,0,0
stim,56,30177,0,30177,3227479.455,0.886,-0.079,-0.072,0.450,3064,137,13,3163,1833,2467,175,2411,53,1.189,1,2063,0,47.395,1.429,-34.563,-4.438,-32.125,-0.285,-0.023,0.777,-1.266,-0.664,-0.480,0.410,0.064,1.068,1.331,2,NULL,NULL,,3,0,2,7,255,1125,250,0,0
stim,56,30177,0,30177,3227484.453,0.886,-0.078,-0.072,0.452,3069,153,105,3161,1875,2472,181,2439,53,1.189,1,2063,0,50.145,1.429,-9.375,-5.063,-49.000,-0.027,-0.102,0.891,-1.266,-0.664,-1.250,0.420,0.056,1.068,1.331,2,NULL,NULL,,3,0,2,7,255,1125,250,0,0
stim,56,30177,0,30177,3227489.455,0.885,-0.077,-0.072,0.453,3065,163,150,3171,1892,2475,172,2441,53,1.189,1,2063,0,24.928,2.061,-9.625,-4.438,-22.563,0.078,-0.184,1.016,-0.324,-2.035,-1.250,0.432,0.048,1.068,1.331,2,NULL,NULL,,3,0,2,7,255,1125,250,0,0
stim,56,30177,0,30177,3227494.454,0.885,-0.076,-0.072,0.453,3067,165,181,3176,1909,2475,159,2460,53,1.189,1,2063,0,16.508,2.056,-15.875,-3.688,2.625,-0.051,-0.020,1.023,-0.289,-2.035,-0.273,0.444,0.038,1.068,1.331,2,NULL,NULL,,3,0,2,7,255,1125,250,0,0
stim,56,30177,0,30177,3227499.455,0.885,-0.076,-0.072,0.453,3077,175,263,3163,1927,2480,145,2462,53,1.189,1,2063,0,11.142,1.656,-10.500,-2.125,-3.063,-0.168,0.191,0.984,0.320,-1.625,0.031,0.452,0.032,1.068,1.331,2,NULL,NULL,,3,0,2,7,255,1125,250,0,0
stim,95,30216,0,30216,3227504.453,0.885,-0.076,-0.072,0.454,3067,170,279,3165,1941,2492,150,2461,53,1.189,1,2063,0,17.056,1.308,-4.438,-1.750,-16.375,-0.105,0.156,1.031,1.297,-0.172,0.121,0.458,0.026,1.068,1.331,2,NULL,NULL,,3,0,2,7,255,1125,250,0,0
stim,95,30216,0,30216,3227509.455,0.885,-0.075,-0.072,0.454,3063,173,313,3176,1945,2493,143,2463,53,1.197,1,2063,1,15.382,1.308,-10.125,-0.625,-11.563,-0.023,0.000,1.066,1.297,-0.172,0.355,0.000,0.000,1.048,1.323,2,NULL,NULL,,3,0,2,7,255,1125,250,0,0
stim,95,30216,0,30216,3227514.454,0.885,-0.075,-0.072,0.454,3081,190,342,3173,1959,2503,145,2469,53,1.197,1,2063,1,16.606,1.893,-15.688,-0.875,5.375,-0.055,-0.066,0.988,0.672,-1.770,0.355,0.008,0.006,1.048,1.323,2,NULL,NULL,,3,0,2,7,255,1125,250,0,0
stim,95,30216,0,30216,3227519.455,0.885,-0.074,-0.072,0.453,3066,197,368,3169,1965,2496,145,2464,53,1.197,1,2063,1,12.539,1.780,-7.438,-0.813,10.063,-0.164,0.051,0.945,0.191,-1.770,-0.234,0.012,0.010,1.048,1.323,2,NULL,NULL,,3,0,2,7,255,1125,250,0,0
stim,95,30216,0,30216,3227524.454,0.885,-0.074,-0.072,0.453,3079,188,405,3167,1981,2501,143,2475,53,1.197,1,2063,1,1.677,0.257,1.250,-1.000,0.500,-0.195,0.125,1.008,0.191,-0.172,-0.234,0.018,0.012,1.048,1.323,2,NULL,NULL,,3,0,2,7,255,1125,250,0,0
stim,95,30216,0,30216,3227529.455,0.885,-0.074,-0.072,0.454,3063,196,436,3161,1995,2504,145,2461,53,1.197,1,2063,1,6.090,0.682,-0.750,-1.125,-5.938,-0.137,0.086,1.063,0.660,-0.172,0.301,0.024,0.014,1.048,1.323,2,NULL,NULL,,3,0,2,7,255,1125,250,0,0
stim,95,30216,0,30216,3227534.453,0.885,-0.074,-0.072,0.454,3068,199,475,3161,2001,2503,143,2473,53,1.197,1,2063,1,6.735,0.759,-6.250,-0.813,-2.375,-0.109,0.035,1.035,0.660,-0.375,0.344,0.028,0.018,1.048,1.323,2,NULL,NULL,,3,0,2,7,255,1125,250,0,0
stim,95,30216,0,30216,3227539.455,0.885,-0.074,-0.072,0.454,3077,203,509,3166,2003,2508,139,2475,53,1.197,1,2063,1,6.088,0.734,-5.750,-1.250,1.563,-0.145,0.016,0.988,0.438,-0.590,0.344,0.032,0.020,1.048,1.323,2,NULL,NULL,,3,0,2,7,255,1125,250,0,0
stim,95,30216,0,30216,3227544.454,0.885,-0.074,-0.072,0.454,3050,199,541,3155,2007,2501,143,2468,53,1.197,1,2063,1,2.509,0.593,-1.563,-1.563,-1.188,-0.168,0.012,0.996,0.059,-0.590,0.086,0.036,0.022,1.048,1.323,2,NULL,NULL,,3,0,2,7,255,1125,250,0,0
stim,95,30216,0,30216,3227549.455,0.885,-0.074,-0.072,0.454,3048,198,563,3155,2012,2491,145,2473,53,1.197,1,2063,1,5.276,0.591,0.625,-1.750,-4.938,-0.145,0.012,1.008,0.031,-0.590,0.086,0.040,0.024,1.048,1.323,2,NULL,NULL,,3,0,2,7,255,1125,250,0,0
stim,116,30237,0,30237,3227554.453,0.885,-0.073,-0.072,0.454,3049,189,586,3150,2012,2492,147,2476,53,1.197,1,2063,1,4.492,0.645,0.625,-1.813,-4.063,-0.117,0.012,1.008,0.031,-0.645,0.086,0.044,0.028,1.048,1.323,2,NULL,NULL,,3,0,2,7,255,1125,250,0,0
stim,116,30237,0,30237,3227559.455,0.885,-0.073,-0.072,0.454,3039,189,595,3147,2020,2501,147,2477,53,1.197,1,2063,1,2.005,0.747,0.125,-1.938,-0.500,-0.129,0.004,0.988,0.035,-0.746,0.086,0.050,0.030,1.048,1.323,2,NULL,NULL,,3,0,2,7,255,1125,250,0,0
stim,116,30237,0,30237,3227564.454,0.885,-0.073,-0.071,0.454,3045,182,607,3131,2021,2485,158,2469,53,1.197,1,2063,1,3.075,0.747,0.875,-2.750,1.063,-0.160,-0.016,0.969,0.035,-0.746,-0.055,0.052,0.032,1.048,1.323,2,NULL,NULL,,3,0,2,7,255,1125,250,0,0
stim,116,30237,0,30237,3227569.455,0.885,-0.073,-0.071,0.454,3037,182,617,3129,2025,2493,155,2477,53,1.197,1,2063,1,5.191,0.669,3.313,-3.938,0.688,-0.176,-0.031,0.953,-0.309,-0.594,-0.203,0.058,0.036,1.048,1.323,2,NULL,NULL,,3,0,2,7,255,1125,250,0,0
stim,142,30263,0,30263,3227574.454,0.885,-0.073,-0.071,0.454,3025,176,623,3119,2031,2493,159,2485,53,1.197,1,2063,1,8.883,0.749,6.688,-5.750,1.063,-0.180,-0.031,0.949,-0.527,-0.531,-0.328,0.060,0.040,1.048,1.323,2,NULL,NULL,,3,0,2,7,255,1125,250,0,0
stim,142,30263,0,30263,3227579.455,0.885,-0.073,-0.070,0.454,3003,176,633,3104,2043,2491,168,2483,53,1.197,1,2063,1,12.403,0.703,9.563,-7.688,1.813,-0.188,-0.008,0.965,-0.527,-0.465,-0.328,0.064,0.042,1.048,1.323,2,NULL,NULL,,3,0,2,7,255,1125,250,0,0
stim,142,30263,0,30263,3227584.453,0.885,-0.074,-0.070,0.454,2992,178,649,3099,2059,2487,187,2489,53,1.197,1,2063,1,14.350,0.528,10.313,-9.813,1.813,-0.203,0.008,0.977,-0.426,-0.313,-0.199,0.068,0.044,1.048,1.323,2,NULL,NULL,,3,0,2,7,255,1125,250,0,0
stim,142,30263,0,30263,3227589.455,0.885,-0.074,-0.069,0.454,2985,181,659,3097,2075,2489,201,2504,53,1.197,1,2063,1,15.991,0.398,10.563,-12.000,0.375,-0.207,0.027,0.980,-0.383,-0.109,-0.023,0.072,0.046,1.048,1.323,2,NULL,NULL,,3,0,2,7,255,1125,250,0,0
stim,162,30283,0,30283,3227594.454,0.885,-0.074,-0.068,0.454,2975,179,679,3069,2101,2484,231,2517,53,1.197,1,2063,1,17.946,0.266,11.313,-13.813,-1.813,-0.195,0.047,0.980,-0.266,0.020,0.000,0.074,0.048,1.048,1.323,2,NULL,NULL,,3,0,2,7,255,1125,250,0,0
stim,162,30283,0,30283,3227599.455,0.885,-0.074,-0.068,0.454,2955,173,711,3065,2123,2486,251,2532,53,1.197,1,2063,1,19.916,0.054,12.313,-15.313,-3.250,-0.164,0.059,0.984,-0.051,0.020,0.000,0.076,0.048,1.048,1.323,2,NULL,NULL,,3,0,2,7,255,1125,250,0,0
stim,193,30314,0,30314,3227604.453,0.885,-0.074,-0.067,0.454,2935,173,743,3047,2167,2489,297,2541,53,1.197,1,2063,1,21.205,0.234,13.063,-16.625,-1.625,-0.137,0.074,0.996,0.184,-0.145,0.000,0.078,0.050,1.048,1.323,2,NULL,NULL,,3,0,2,7,255,1125,250,0,0
stim,193,30314,0,30314,3227609.455,0.885,-0.074,-0.066,0.454,2923,169,777,3029,2199,2495,308,2564,53,1.197,1,2063,1,21.319,0.508,12.313,-17.375,1.000,-0.129,0.109,1.008,0.477,-0.176,0.059,0.080,0.050,1.048,1.323,2,NULL,NULL,,3,0,2,7,255,1125,250,0,0
stim,193,30314,0,30314,3227614.454,0.885,-0.075,-0.064,0.454,2905,183,849,3013,2229,2503,363,2572,53,1.197,1,2063,1,21.991,0.801,12.188,-18.125,2.563,-0.148,0.152,1.020,0.781,-0.176,0.156,0.080,0.050,1.048,1.323,2,NULL,NULL,,3,0,2,7,255,1125,250,0,0
stim,193,30314,0,30314,3227619.455,0.885,-0.075,-0.063,0.454,2885,185,894,2986,2261,2504,395,2585,53,1.197,1,2063,1,21.611,1.025,11.063,-18.563,0.313,-0.156,0.199,1.035,1.000,0.227,0.332,0.080,0.048,1.048,1.323,2,NULL,NULL,,3,0,2,7,255,1125,250,0,0
stim,215,30336,0,30336,3227624.454,0.885,-0.075,-0.062,0.455,2863,185,941,2972,2299,2496,414,2611,53,1.197,1,2063,1,20.817,1.417,9.063,-18.375,-3.688,-0.145,0.211,1.039,1.316,0.523,0.535,0.080,0.046,1.048,1.323,2,NULL,NULL,,3,0,2,7,255,1125,250,0,0
stim,215,30336,0,30336,3227629.455,0.885,-0.075,-0.061,0.455,2828,197,1010,2957,2329,2515,461,2627,53,1.197,1,2063,1,20.224,1.482,6.563,-18.563,-4.625,-0.133,0.195,1.031,1.387,0.523,0.535,0.078,0.040,1.048,1.323,2,NULL,NULL,,3,0,2,7,255,1125,250,0,0
stim,215,30336,0,30336,3227634.453,0.885,-0.075,-0.061,0.455,2800,209,1096,2941,2375,2509,535,2637,53,1.197,1,2063,1,19.976,1.446,4.688,-18.813,-4.813,-0.156,0.172,1.023,1.387,0.410,0.438,0.078,0.034,1.048,1.323,2,NULL,NULL,,3,0,2,7,255,1125,250,0,0
stim,215,30336,0,30336,3227639.455,0.885,-0.075,-0.060,0.456,2781,231,1172,2917,2407,2519,631,2650,53,1.197,1,2063,1,21.521,1.124,3.750,-18.750,-9.875,-0.184,0.164,1.023,1.047,0.410,0.438,0.078,0.028,1.048,1.323,2,NULL,NULL,,3,0,2,7,255,1125,250,0,0
stim,215,30336,0,30336,3227644.455,0.885,-0.075,-0.059,0.456,2751,236,1229,2897,2455,2517,747,2659,53,1.197,1,2063,1,26.742,1.061,4.063,-18.375,-19.000,-0.176,0.168,1.027,0.887,0.582,0.453,0.078,0.022,1.048,1.323,2,NULL,NULL,,3,0,2,7,255,1125,250,0,0
stim,215,30336,0,30336,3227649.454,0.884,-0.074,-0.058,0.457,2723,243,1322,2875,2479,2520,869,2681,53,1.197,1,2063,1,31.880,1.028,2.375,-17.563,-26.500,-0.145,0.145,1.043,0.848,0.582,0.480,0.078,0.016,1.048,1.323,2,NULL,NULL,,3,0,2,7,255,1125,250,0,0
stim,215,30336,0,30336,3227654.453,0.884,-0.074,-0.057,0.459,2680,255,1439,2855,2513,2515,974,2696,53,1.197,1,2063,1,34.361,0.865,-3.813,-16.875,-29.688,-0.121,0.102,1.055,0.848,0.172,0.578,0.080,0.012,1.048,1.323,2,NULL,NULL,,3,0,2,7,255,1125,250,0,0
stim,215,30336,0,30336,3227659.455,0.883,-0.073,-0.057,0.460,2629,265,1553,2831,2538,2521,1072,2707,53,1.197,1,2063,1,37.359,0.709,-13.438,-16.063,-30.938,-0.125,0.051,1.051,0.656,-0.270,0.578,0.082,0.008,1.048,1.323,2,NULL,NULL,,3,0,2,7,255,1125,250,0,0
stim,215,30336,0,30336,3227664.453,0.883,-0.071,-0.057,0.461,2577,264,1643,2805,2575,2522,1175,2708,53,1.197,1,2063,1,43.115,0.549,-23.188,-15.375,-32.938,-0.141,0.000,1.035,0.242,-0.492,0.555,0.084,0.008,1.048,1.323,2,NULL,NULL,,3,0,2,7,255,1125,250,0,0
stim,215,30336,0,30336,3227669.455,0.882,-0.070,-0.057,0.462,2531,265,1749,2787,2605,2523,1267,2720,53,1.197,1,2063,1,48.598,0.640,-29.563,-15.375,-35.375,-0.148,-0.027,0.984,-0.258,-0.586,0.406,0.086,0.006,1.048,1.323,2,NULL,NULL,,3,0,2,7,255,1125,250,0,0
stim,242,30363,0,30363,3227674.454,0.882,-0.068,-0.057,0.464,2473,275,1843,2765,2630,2537,1374,2739,53,1.197,1,2063,1,48.544,0.736,-27.313,-16.125,-36.750,-0.141,-0.020,0.941,-0.445,-0.586,-0.059,0.086,0.006,1.048,1.323,2,NULL,NULL,,3,0,2,7,255,1125,250,0,0
stim,242,30363,0,30363,3227679.455,0.881,-0.067,-0.057,0.465,2411,293,1941,2741,2655,2531,1464,2746,53,1.197,1,2063,1,46.652,0.678,-21.500,-16.438,-38.000,-0.141,-0.012,0.973,-0.445,-0.512,-0.203,0.088,0.006,1.048,1.323,2,NULL,NULL,,3,0,2,7,255,1125,250,0,0
stim,242,30363,0,30363,3227684.453,0.880,-0.066,-0.057,0.467,2349,311,2011,2713,2683,2527,1582,2769,53,1.197,1,2063,1,48.789,0.599,-22.375,-16.875,-39.938,-0.145,0.004,1.020,-0.348,-0.488,-0.203,0.088,0.006,1.048,1.323,2,NULL,NULL,,3,0,2,7,255,1125,250,0,0
stim,242,30363,0,30363,3227689.455,0.879,-0.064,-0.057,0.468,2280,307,2109,2665,2715,2533,1675,2783,53,1.197,1,2063,1,54.456,0.446,-29.250,-17.875,-42.313,-0.148,0.008,1.066,-0.191,-0.402,0.281,0.090,0.008,1.048,1.323,2,NULL,NULL,,3,0,2,7,255,1125,250,0,0
stim,260,30381,0,30381,3227694.454,0.879,-0.062,-0.057,0.470,2192,305,2188,2641,2729,2535,1755,2793,53,1.197,1,2063,1,66.753,0.413,-44.188,-18.313,-46.563,-0.160,0.008,1.102,-0.145,-0.387,0.730,0.090,0.010,1.048,1.323,2,NULL,NULL,,3,0,2,7,255,1125,250,0,0
stim,260,30381,0,30381,3227699.455,0.878,-0.059,-0.058,0.472,2131,299,2259,2595,2748,2541,1838,2797,53,1.197,1,2063,1,82.588,0.334,-60.063,-18.375,-53.625,-0.145,0.012,1.066,-0.129,-0.309,0.730,0.092,0.012,1.048,1.323,2,NULL,NULL,,3,0,2,7,255,1125,250,0,0
stim,260,30381,0,30381,3227704.453,0.877,-0.056,-0.058,0.474,2045,297,2329,2535,2764,2527,1925,2823,53,1.197,1,2063,1,85.064,0.310,-61.375,-18.438,-55.938,-0.086,0.004,0.930,-0.027,-0.309,0.723,0.094,0.014,1.048,1.323,2,NULL,NULL,,3,0,2,7,255,1125,250,0,0
stim,260,30381,0,30381,3227709.455,0.876,-0.053,-0.059,0.476,1949,297,2397,2505,2793,2538,2007,2827,53,1.197,1,2063,0,73.076,0.608,-48.938,-19.875,-50.500,-0.055,-0.020,0.891,0.133,-0.594,-0.664,0.094,0.018,1.048,1.323,2,NULL,NULL,,3,0,2,7,255,1125,250,0,0
stim,297,30418,0,30418,3227714.453,0.875,-0.051,-0.059,0.477,1845,296,2457,2445,2803,2520,2087,2839,53,1.197,1,2063,0,60.437,0.889,-35.500,-20.438,-44.438,-0.082,-0.063,0.941,0.133,-0.879,-0.664,0.096,0.020,1.048,1.323,2,NULL,NULL,,3,0,2,7,255,1125,250,0,0
stim,297,30418,0,30418,3227719.455,0.875,-0.049,-0.058,0.479,1725,280,2507,2365,2833,2541,2135,2841,53,1.197,1,2063,0,54.864,0.926,-31.375,-21.688,-39.438,-0.102,-0.074,1.004,-0.293,-0.879,-0.582,0.100,0.026,1.048,1.323,2,NULL,NULL,,3,0,2,7,255,1125,250,0,0
stim,297,30418,0,30418,3227724.454,0.874,-0.047,-0.058,0.480,1579,267,2547,2269,2851,2531,2201,2861,53,1.197,1,2063,0,55.916,0.957,-33.313,-21.938,-39.188,-0.133,-0.066,1.027,-0.414,-0.863,0.078,0.102,0.028,1.048,1.323,2,NULL,NULL,,3,0,2,7,255,1125,250,0,0
stim,297,30418,0,30418,3227729.455,0.873,-0.045,-0.058,0.482,1397,259,2594,2183,2857,2531,2261,2872,53,1.197,1,2063,0,58.614,0.717,-36.125,-23.250,-39.875,-0.137,-0.035,1.020,-0.414,-0.586,0.281,0.104,0.032,1.048,1.323,2,NULL,NULL,,3,0,2,7,255,1125,250,0,0
stim,297,30418,0,30418,3227734.453,0.872,-0.043,-0.058,0.483,1243,252,2622,2079,2871,2527,2323,2877,53,1.197,1,2063,0,60.753,0.400,-35.688,-24.063,-42.875,-0.121,0.027,1.000,-0.234,-0.324,0.281,0.106,0.036,1.048,1.323,2,NULL,NULL,,3,0,2,7,255,1125,250,0,0
stim,297,30418,0,30418,3227739.455,0.872,-0.042,-0.058,0.485,1111,233,2665,1960,2891,2523,2361,2886,53,1.197,1,2063,0,58.437,0.395,-30.750,-25.750,-42.500,-0.098,0.039,1.004,0.367,-0.145,0.063,0.108,0.036,1.048,1.323,2,NULL,NULL,,3,0,2,7,255,1125,250,0,0
stim,297,30418,0,30418,3227744.453,0.871,-0.040,-0.057,0.486,952,220,2695,1783,2903,2521,2419,2901,53,1.197,1,2063,0,55.309,0.395,-28.313,-26.313,-39.563,-0.082,-0.008,1.020,0.367,-0.145,0.063,0.110,0.038,1.048,1.323,2,NULL,NULL,,3,0,2,7,255,1125,250,0,0
stim,297,30418,0,30418,3227749.455,0.870,-0.038,-0.057,0.487,763,183,2717,1591,2915,2516,2472,2893,53,1.197,1,2063,0,51.665,0.616,-27.813,-27.813,-33.500,-0.086,-0.059,1.023,0.313,-0.531,0.180,0.112,0.040,1.048,1.323,2,NULL,NULL,,3,0,2,7,255,1125,250,0,0
stim,321,30442,0,30442,3227754.454,0.870,-0.036,-0.056,0.489,537,150,2747,1403,2936,2507,2509,2909,53,1.197,1,2063,0,48.347,0.541,-25.875,-29.313,-28.438,-0.117,-0.039,1.039,-0.102,-0.531,0.266,0.114,0.040,1.048,1.323,2,NULL,NULL,,3,0,2,7,255,1125,250,0,0
stim,321,30442,0,30442,3227759.455,0.870,-0.034,-0.055,0.490,391,75,2776,1211,2937,2492,2543,2911,53,1.197,1,2063,0,50.081,0.366,-26.625,-31.188,-28.750,-0.113,-0.023,1.039,-0.102,-0.352,0.426,0.116,0.042,1.048,1.323,2,NULL,NULL,,3,0,2,7,255,1125,250,0,0
stim,321,30442,0,30442,3227764.453,0.869,-0.033,-0.055,0.491,253,68,2800,989,2951,2483,2591,2925,53,1.197,1,2063,0,50.423,0.268,-24.563,-32.750,-29.438,-0.094,-0.004,1.023,0.074,-0.258,0.426,0.118,0.044,1.048,1.323,2,NULL,NULL,,3,0,2,7,255,1125,250,0,0
stim,321,30442,0,30442,3227769.455,0.869,-0.031,-0.054,0.492,115,23,2828,779,2972,2471,2627,2930,53,1.197,1,2063,0,50.605,0.396,-22.000,-35.000,-29.188,-0.055,0.008,1.012,0.301,-0.258,0.262,0.120,0.044,1.048,1.323,2,NULL,NULL,,3,0,2,7,255,1125,250,0,0
stim,342,30463,0,30463,3227774.454,0.868,-0.030,-0.052,0.492,45,1,2851,557,2975,2447,2652,2935,53,1.197,1,2063,0,45.804,0.755,-14.250,-37.563,-22.000,-0.023,0.031,1.039,0.598,-0.461,0.262,0.122,0.046,1.048,1.323,2,NULL,NULL,,3,0,2,7,255,1125,250,0,0
stim,342,30463,0,30463,3227779.455,0.868,-0.028,-0.051,0.493,22,0,2857,393,2987,2432,2681,2954,53,1.197,1,2063,0,47.887,1.069,-18.125,-39.000,-21.063,-0.012,0.070,1.047,0.953,-0.484,0.297,0.122,0.044,1.048,1.323,2,NULL,NULL,,3,0,2,7,255,1125,250,0,0
stim,342,30463,0,30463,3227784.454,0.868,-0.027,-0.050,0.494,0,0,2869,296,2999,2409,2703,2957,53,1.197,1,2063,0,46.381,1.069,-11.125,-40.938,-18.750,-0.063,0.004,1.020,0.953,-0.484,0.297,0.122,0.044,1.048,1.323,2,NULL,NULL,,3,0,2,7,255,1125,250,0,0
stim,342,30463,0,30463,3227789.455,0.868,-0.026,-0.048,0.494,0,0,2891,216,3016,2398,2716,2952,53,1.197,1,2063,0,48.855,0.584,7.250,-48.313,-0.438,-0.199,-0.086,1.129,0.488,-0.320,0.348,0.122,0.042,1.048,1.323,2,NULL,NULL,,3,0,2,7,255,1125,250,0,0
stim,342,30463,0,30463,3227794.453,0.868,-0.025,-0.046,0.494,0,0,2893,192,3027,2377,2747,2971,53,1.197,1,2063,0,55.325,0.919,15.813,-52.750,-5.313,-0.379,-0.160,1.277,-0.863,0.316,1.414,0.122,0.042,1.048,1.323,2,NULL,NULL,,3,0,2,7,255,1125,250,0,0
stim,342,30463,0,30463,3227799.455,0.868,-0.025,-0.043,0.495,0,0,2895,181,3027,2350,2772,2969,53,1.197,1,2063,0,68.492,2.330,22.438,-63.625,-11.813,-0.344,-0.305,1.465,-2.309,0.316,3.082,0.124,0.038,1.048,1.323,2,NULL,NULL,,3,0,2,7,255,1125,250,0,0
stim,395,30516,0,30516,3227804.454,0.868,-0.024,-0.040,0.495,0,0,2907,142,3035,2313,2804,2965,53,1.197,1,2063,0,72.784,2.325,16.000,-70.938,3.063,-0.219,-0.105,1.531,-2.309,0.277,4.895,0.128,0.036,1.048,1.323,3,NULL,NULL,,3,0,2,7,255,1125,250,0,0
stim,395,30516,0,30516,3227809.455,0.868,-0.021,-0.038,0.495,0,0,2908,95,3047,2282,2813,2971,53,1.197,1,2063,0,79.944,1.000,-37.688,-70.500,-0.625,-0.039,0.078,1.266,-0.961,0.277,4.895,0.128,0.036,1.048,1.323,3,NULL,NULL,,3,0,2,7,255,1125,250,0,0
stim,395,30516,0,30516,3227814.453,0.869,-0.018,-0.036,0.494,0,0,2920,57,3047,2249,2839,2983,53,1.197,1,2063,0,84.661,1.303,-40.188,-73.438,12.625,-0.074,0.125,1.047,1.273,0.277,2.551,0.126,0.040,1.048,1.323,3,NULL,NULL,,3,0,2,7,255,1125,250,0,0
stim,395,30516,0,30516,3227819.455,0.869,-0.016,-0.033,0.493,0,0,2925,8,3055,2205,2857,2982,53,1.197,1,2063,0,87.181,1.424,-8.438,-81.188,30.625,-0.176,0.160,1.063,1.273,0.637,0.629,0.122,0.046,1.048,1.323,3,NULL,NULL,,3,0,2,7,255,1125,250,0,0
stim,395,30516,0,30516,3227824.454,0.870,-0.015,-0.030,0.492,0,0,2919,0,3063,2141,2877,2989,53,1.197,1,2063,0,91.549,1.931,9.125,-87.000,27.000,-0.215,0.066,1.160,1.066,1.609,0.629,0.118,0.052,1.048,1.323,3,NULL,NULL,,3,0,2,7,255,1125,250,0,0
stim,395,30516,0,30516,3227829.455,0.871,-0.013,-0.026,0.491,0,0,2929,0,3080,2071,2887,2981,53,1.197,1,2063,0,92.683,1.614,7.375,-90.938,16.313,-0.203,-0.066,1.254,0.121,1.609,1.641,0.112,0.056,1.048,1.323,3,NULL,NULL,,3,0,2,7,255,1125,250,0,0
stim,395,30516,0,30516,3227834.454,0.871,-0.011,-0.023,0.490,0,0,2915,0,3091,1991,2901,2984,53,1.197,1,2063,0,96.863,1.290,-1.625,-95.313,17.188,-0.160,-0.125,1.297,-0.934,0.891,2.574,0.108,0.060,1.048,1.323,3,NULL,NULL,,3,0,2,7,255,1125,250,0,0
stim,395,30516,0,30516,3227839.455,0.872,-0.009,-0.020,0.489,0,0,2919,0,3083,1897,2914,2975,53,1.197,1,2063,0,102.156,1.179,-9.813,-99.063,22.938,-0.152,-0.105,1.246,-1.090,0.449,2.574,0.104,0.066,1.048,1.323,3,NULL,NULL,,3,0,2,7,255,1125,250,0,0
stim,395,30516,0,30516,3227844.453,0.873,-0.006,-0.016,0.488,0,0,2905,0,3089,1791,2925,2971,53,1.197,1,2063,0,108.022,1.179,-11.563,-103.688,28.000,-0.148,-0.035,1.184,-1.090,0.449,2.477,0.100,0.072,1.048,1.323,3,NULL,NULL,,3,0,2,7,255,1125,250,0,0
stim,395,30516,0,30516,3227849.455,0.873,-0.004,-0.012,0.487,0,0,2899,0,3089,1675,2941,2983,53,1.197,1,2063,0,112.564,1.048,-11.500,-108.188,28.875,-0.156,0.035,1.211,-0.582,0.871,2.066,0.092,0.082,1.048,1.323,3,NULL,NULL,,3,0,2,7,255,1125,250,0,0
stim,416,30537,0,30537,3227854.454,0.874,-0.001,-0.008,0.486,0,0,2899,0,3095,1531,2955,2969,53,1.197,1,2063,0,116.509,1.430,-9.563,-112.500,28.750,-0.164,0.016,1.188,-0.348,1.387,1.852,0.084,0.094,1.048,1.323,3,NULL,NULL,,3,0,2,7,255,1125,250,0,0
stim,416,30537,0,30537,3227859.455,0.875,0.002,-0.004,0.485,0,0,2875,0,3095,1339,2958,2959,53,1.197,1,2063,0,120.165,1.430,-7.313,-117.063,26.125,-0.180,-0.055,1.180,-0.348,1.387,1.852,0.076,0.106,1.048,1.323,3,NULL,NULL,,3,0,2,7,255,1125,250,0,0
stim,416,30537,0,30537,3227864.454,0.875,0.004,0.000,0.484,0,0,2864,0,3107,1157,2974,2958,53,1.197,1,2063,0,124.058,1.705,-5.438,-122.125,21.125,-0.188,-0.109,1.180,-1.074,1.324,1.773,0.066,0.116,1.048,1.323,3,NULL,NULL,,3,0,2,7,255,1125,250,0,0
stim,416,30537,0,30537,3227869.455,0.876,0.007,0.005,0.483,0,0,2851,0,3112,988,2980,2940,53,1.197,1,2063,0,127.285,2.102,-2.563,-126.438,14.438,-0.203,-0.098,1.160,-1.633,1.324,1.766,0.058,0.126,1.048,1.323,3,NULL,NULL,,3,0,2,7,255,1125,250,0,0
stim,442,30563,0,30563,3227874.454,0.876,0.010,0.010,0.482,0,0,2839,0,3110,785,2989,2932,53,1.197,1,2063,0,131.976,2.019,-1.813,-131.750,7.500,-0.145,-0.090,1.172,-1.633,1.188,1.668,0.050,0.138,1.048,1.323,3,NULL,NULL,,3,0,2,7,255,1125,250,0,0
stim,442,30563,0,30563,3227879.455,0.876,0.013,0.015,0.482,0,0,2823,0,3111,606,3001,2930,53,1.197,1,2063,0,136.694,1.791,-4.938,-136.313,8.938,-0.105,-0.074,1.152,-1.367,1.156,1.547,0.040,0.150,1.048,1.323,3,NULL,NULL,,3,0,2,7,255,1125,250,0,0
stim,442,30563,0,30563,3227884.454,0.876,0.016,0.020,0.481,0,0,2797,0,3122,471,2997,2903,53,1.197,1,2063,0,143.717,1.715,-0.750,-143.313,10.750,-0.117,-0.094,1.031,-1.367,1.035,1.473,0.032,0.160,1.048,1.323,3,NULL,NULL,,3,0,2,7,255,1125,250,0,0
stim,442,30563,0,30563,3227889.455,0.877,0.018,0.026,0.480,0,0,2752,0,3125,317,3015,2901,53,1.197,1,2063,0,149.111,1.692,14.438,-147.813,13.313,-0.055,-0.117,1.055,-1.359,1.008,0.527,0.024,0.172,1.048,1.323,3,NULL,NULL,,3,0,2,7,255,1125,250,0,0
stim,461,30582,0,30582,3227894.453,0.877,0.021,0.032,0.479,0,0,2715,0,3123,154,3008,2871,53,1.197,1,2063,0,155.301,1.739,20.938,-152.813,18.125,-0.090,-0.113,1.145,-1.406,1.023,0.527,0.016,0.184,1.048,1.323,3,NULL,NULL,,3,0,2,7,255,1125,250,0,0
stim,461,30582,0,30582,3227899.455,0.877,0.023,0.038,0.478,0,0,2681,0,3121,91,3013,2851,53,1.197,1,2063,0,159.249,1.702,13.625,-157.875,15.813,-0.086,-0.043,1.258,-1.359,1.023,1.340,0.012,0.198,1.048,1.323,3,NULL,NULL,,3,0,2,7,255,1125,250,0,0
stim,493,30614,0,30614,3227904.454,0.877,0.026,0.044,0.478,0,0,2633,0,3119,37,3019,2835,53,1.197,1,2063,0,161.892,1.926,9.188,-161.500,6.500,-0.125,0.016,1.230,-1.121,1.566,2.051,0.012,0.210,1.048,1.323,3,NULL,NULL,,3,0,2,7,255,1125,250,0,0
stim,493,30614,0,30614,3227909.455,0.877,0.029,0.051,0.477,0,0,2581,0,3117,0,3029,2799,53,1.197,1,2063,0,170.914,2.497,16.313,-170.125,-1.750,-0.141,0.078,1.223,-0.941,2.313,2.051,0.020,0.222,1.048,1.323,3,NULL,NULL,,3,0,2,7,255,1125,250,0,0
stim,493,30614,0,30614,3227914.454,0.876,0.032,0.058,0.477,0,0,2517,0,3118,0,3027,2759,53,1.197,1,2063,0,178.426,2.540,19.875,-177.250,-4.813,-0.012,0.141,1.371,-0.598,2.469,2.051,0.030,0.236,1.048,1.323,3,NULL,NULL,,3,0,2,7,255,1125,250,0,0
stim,493,30614,0,30614,3227919.455,0.876,0.035,0.065,0.476,0,0,2449,0,3109,0,3031,2717,53,1.197,1,2063,0,183.077,2.877,13.000,-182.563,4.375,-0.047,0.117,1.531,-0.184,2.871,3.434,0.042,0.252,1.048,1.323,3,NULL,NULL,,3,0,2,7,255,1125,250,0,0
stim,493,30614,0,30614,3227924.454,0.876,0.039,0.072,0.475,0,0,2351,0,3101,0,3037,2671,53,1.197,1,2063,0,194.708,3.029,6.688,-194.000,15.188,-0.191,0.086,1.734,-0.184,3.023,4.914,0.058,0.272,1.048,1.323,3,NULL,NULL,,3,0,2,7,255,1125,250,0,0
stim,493,30614,0,30614,3227929.455,0.876,0.043,0.080,0.474,0,0,2231,0,3103,0,3023,2635,53,1.197,1,2063,0,206.955,4.761,-1.875,-206.313,16.188,-0.273,0.129,1.930,-1.449,4.535,6.621,0.082,0.296,1.048,1.323,3,NULL,NULL,,3,0,2,7,255,1125,250,0,0
stim,513,30634,0,30634,3227934.454,0.875,0.049,0.088,0.473,0,0,2109,0,3095,0,3021,2572,53,1.197,1,2063,0,224.063,6.186,-22.125,-222.250,17.875,-0.332,0.234,2.012,-1.520,5.996,8.254,0.110,0.326,1.048,1.323,3,NULL,NULL,,3,0,2,7,255,1125,250,0,0
stim,513,30634,0,30634,3227939.455,0.875,0.055,0.096,0.471,0,0,1973,0,3087,0,3003,2507,53,1.197,1,2063,0,245.743,7.664,-37.625,-241.688,23.688,-0.395,0.402,2.020,-1.520,7.512,8.504,0.146,0.362,1.048,1.323,3,NULL,NULL,,3,0,2,7,255,1125,250,0,0
stim,513,30634,0,30634,3227944.453,0.874,0.062,0.105,0.470,0,0,1820,0,3079,4,3003,2449,53,1.197,1,2063,0,266.043,9.280,-49.688,-260.750,17.875,-0.438,0.512,2.027,-0.637,9.258,8.504,0.188,0.404,1.048,1.323,3,NULL,NULL,,3,0,2,7,255,1125,250,0,0
stim,513,30634,0,30634,3227949.455,0.873,0.071,0.115,0.468,0,0,1659,0,3063,33,2967,2383,53,1.197,1,2063,0,289.070,10.606,-63.688,-281.625,13.875,-0.426,0.473,2.035,-0.594,10.590,8.203,0.236,0.452,1.048,1.323,3,NULL,NULL,,3,0,2,7,255,1125,250,0,0
stim,513,30634,0,30634,3227954.454,0.872,0.080,0.124,0.467,0,0,1530,0,3035,37,2953,2299,53,1.197,1,2063,0,315.236,10.755,-85.813,-302.875,16.625,-0.367,0.477,2.051,-0.426,10.746,8.082,0.288,0.504,1.048,1.323,3,NULL,NULL,,3,0,2,7,255,1125,250,0,0
stim,513,30634,0,30634,3227959.455,0.870,0.091,0.134,0.465,0,0,1435,0,3023,52,2905,2221,53,1.197,1,2063,0,338.695,10.833,-103.375,-321.813,21.563,-0.363,0.496,2.008,-0.426,10.824,8.063,0.346,0.562,1.048,1.323,3,NULL,NULL,,3,0,2,7,255,1125,250,0,0
stim,513,30634,0,30634,3227964.453,0.868,0.102,0.145,0.463,0,0,1358,0,2991,53,2845,2133,53,1.197,1,2063,0,357.733,11.281,-107.750,-340.438,21.563,-0.426,0.500,2.039,-0.426,11.273,7.375,0.412,0.628,1.048,1.323,3,NULL,NULL,,3,0,2,7,255,1125,250,0,0
stim,513,30634,0,30634,3227969.455,0.866,0.113,0.156,0.461,0,0,1257,0,2951,59,2787,2032,53,1.197,1,2063,0,368.589,12.398,-103.875,-353.625,4.188,-0.434,0.418,2.125,-0.816,12.371,7.375,0.486,0.702,1.048,1.323,3,NULL,NULL,,3,0,2,7,255,1125,250,0,0
stim,543,30665,0,30665,3227974.454,0.863,0.123,0.169,0.460,0,0,1177,0,2914,51,2705,1957,53,1.197,1,2063,0,378.020,12.943,-63.313,-372.625,-6.438,-0.461,0.305,2.480,-1.781,12.820,7.504,0.566,0.784,1.048,1.323,3,NULL,NULL,,3,0,2,7,255,1125,250,0,0
stim,543,30665,0,30665,3227979.455,0.860,0.133,0.183,0.458,0,0,1079,0,2845,43,2584,1831,53,1.197,1,2063,0,397.629,14.651,-51.625,-394.250,-3.313,-0.559,0.547,2.992,-3.254,14.285,10.254,0.654,0.872,1.048,1.323,3,NULL,NULL,,3,0,2,7,255,1125,250,0,0
stim,543,30665,0,30665,3227984.454,0.856,0.145,0.196,0.456,0,0,987,0,2773,9,2423,1710,53,1.197,1,2063,0,421.132,19.270,-90.438,-411.250,-6.813,-0.707,0.641,3.254,-3.625,18.926,13.621,0.746,0.966,1.048,1.323,3,NULL,NULL,,3,0,2,7,255,1125,250,0,0
stim,543,30665,0,30665,3227989.455,0.851,0.158,0.209,0.454,0,0,869,0,2675,0,2234,1573,53,1.197,1,2063,0,444.735,22.760,-137.938,-422.250,-21.625,-0.797,0.480,3.168,-3.977,22.410,13.621,0.840,1.062,1.048,1.323,3,NULL,NULL,,3,0,2,7,255,1125,250,0,0
stim,544,30665,0,30665,3227994.453,0.846,0.173,0.222,0.454,0,0,757,0,2539,0,1983,1407,53,1.197,1,2063,0,465.084,23.148,-165.750,-432.625,-40.813,-0.699,0.199,2.887,-5.797,22.410,12.512,0.936,1.160,1.048,1.323,3,NULL,NULL,,3,0,2,7,255,1125,250,0,0
stim,544,30665,0,30665,3227999.455,0.839,0.187,0.236,0.453,0,0,606,0,2405,0,1701,1239,53,1.197,1,2063,0,473.124,21.370,-158.250,-442.875,-51.625,-0.559,-0.051,2.668,-7.230,20.109,10.055,1.028,1.256,1.048,1.323,3,NULL,NULL,,3,0,2,7,255,1125,250,0,0
stim,566,30687,0,30687,3228004.454,0.833,0.201,0.250,0.452,0,0,418,0,2195,0,1299,1063,53,1.197,1,2063,0,486.880,19.438,-143.125,-463.875,-37.250,-0.406,-0.352,2.406,-8.348,17.555,8.500,1.114,1.346,1.048,1.323,3,NULL,NULL,,3,0,2,7,255,1125,250,0,0
stim,566,30687,0,30687,3228009.455,0.826,0.215,0.265,0.449,0,0,265,0,1929,0,836,903,53,1.197,1,2063,0,498.667,17.415,-123.063,-482.938,-17.188,-0.227,-0.590,2.066,-9.797,14.398,6.926,1.190,1.426,1.048,1.323,3,NULL,NULL,,3,0,2,7,255,1125,250,0,0
stim,597,30718,0,30718,3228014.453,0.819,0.228,0.281,0.445,0,0,155,0,1605,0,283,737,53,1.197,1,2063,0,497.329,14.611,-87.875,-489.313,-13.688,-0.078,-0.438,1.734,-9.797,10.840,5.063,1.254,1.492,1.048,1.323,3,NULL,NULL,,3,0,2,7,255,1125,250,0,0
stim,597,30718,0,30718,3228019.455,0.813,0.239,0.297,0.440,0,0,91,0,1200,0,27,551,53,1.197,1,2063,0,492.274,13.061,-50.000,-489.688,6.313,-0.051,-0.063,1.590,-8.051,10.285,2.824,1.316,1.558,1.048,1.323,3,NULL,NULL,,3,0,2,7,255,1125,250,0,0
stim,597,30718,0,30718,3228024.454,0.807,0.250,0.313,0.433,0,0,43,0,811,0,0,436,53,1.197,1,2063,0,481.531,11.298,-21.438,-479.938,32.750,-0.141,0.316,1.793,-4.676,10.285,0.918,1.384,1.630,1.048,1.323,3,NULL,NULL,,3,0,2,7,255,1125,250,0,0
stim,597,30718,0,30718,3228029.455,0.802,0.261,0.329,0.425,0,0,21,0,359,0,0,311,53,1.197,1,2063,0,486.877,14.744,-16.063,-480.188,78.813,-0.398,0.469,2.121,-3.574,14.305,0.594,1.460,1.710,1.048,1.323,3,NULL,NULL,,3,0,2,7,255,1125,250,0,0
stim,597,30718,0,30718,3228034.454,0.797,0.274,0.342,0.415,0,0,12,0,10,0,0,186,53,1.197,1,2063,0,513.568,19.272,-73.125,-488.063,142.125,-0.859,0.555,1.992,-3.574,18.938,-0.059,1.542,1.794,1.048,1.323,3,NULL,NULL,,3,0,2,7,255,1125,250,0,0
stim,597,30718,0,30718,3228039.455,0.792,0.290,0.355,0.403,0,0,0,0,0,0,0,63,53,1.197,1,2063,0,546.475,20.733,-106.563,-502.375,186.813,-1.332,0.508,1.637,-4.656,20.203,-5.328,1.624,1.880,1.048,1.323,4,NULL,NULL,,3,0,2,7,255,1125,250,0,0
stim,597,30718,0,30718,3228044.453,0.786,0.305,0.368,0.392,0,0,0,0,0,0,0,1,53,1.197,1,2063,0,551.476,20.733,-113.250,-511.875,171.125,-1.320,0.664,1.313,-4.656,20.203,-11.922,1.704,1.962,1.048,1.323,4,NULL,NULL,,3,0,2,7,255,1125,250,0,0
stim,597,30718,0,30718,3228049.455,0.778,0.320,0.381,0.384,0,0,0,0,0,0,0,0,53,1.197,1,2063,0,519.633,18.657,-120.813,-496.938,92.063,-0.719,1.145,1.121,-4.000,18.223,-12.727,1.782,2.040,1.048,1.323,0,NULL,NULL,,3,0,2,7,255,1125,250,0,0
stim,630,30751,0,30751,3228054.454,0.769,0.333,0.394,0.378,0,0,0,0,0,0,0,5,53,1.197,1,2063,0,492.627,16.911,-150.250,-467.875,34.625,0.082,1.250,0.965,3.012,16.641,-12.727,1.854,2.114,1.048,1.323,0,NULL,NULL,,3,0,2,7,255,1125,250,0,0
stim,630,30751,0,30751,3228059.455,0.760,0.346,0.404,0.374,0,0,0,0,0,0,0,11,53,1.197,1,2063,0,433.035,13.695,-164.813,-399.375,29.250,0.520,0.609,1.063,3.625,13.207,-7.570,1.920,2.182,1.048,1.323,0,NULL,NULL,,3,0,2,7,255,1125,250,0,0
stim,630,30751,0,30751,3228064.453,0.754,0.358,0.411,0.368,0,0,0,0,0,0,0,45,53,1.197,1,2063,0,367.724,10.607,-149.188,-323.688,90.500,0.184,-0.199,1.063,3.625,9.969,-3.590,1.990,2.254,1.048,1.323,0,NULL,NULL,,3,0,2,7,255,1125,250,0,0
stim,630,30751,0,30751,3228069.455,0.749,0.369,0.415,0.362,0,0,0,0,0,0,0,61,53,1.197,1,2063,0,323.722,10.936,-130.938,-264.125,133.750,-0.555,-0.051,1.285,-4.496,9.969,-3.590,2.062,2.326,1.048,1.323,0,NULL,NULL,,3,0,2,7,255,1125,250,0,0
stim,630,30751,0,30751,3228074.454,0.744,0.378,0.417,0.359,0,0,0,0,0,0,0,68,53,1.197,1,2063,0,259.932,13.704,-153.438,-196.750,72.875,-0.977,0.148,1.379,-6.766,11.918,-9.766,2.126,2.394,1.048,1.323,0,NULL,NULL,,3,0,2,7,255,1125,250,0,0
stim,630,30751,0,30751,3228079.455,0.739,0.387,0.418,0.360,0,0,0,0,0,0,0,77,53,1.197,1,2063,0,227.746,14.272,-193.875,-119.375,-5.500,-0.824,0.242,1.145,-6.766,12.566,-13.871,2.176,2.446,1.048,1.323,0,NULL,NULL,,3,0,2,7,255,1125,250,0,0
stim,648,30769,0,30769,3228084.454,0.734,0.394,0.416,0.364,0,0,0,0,0,0,0,69,53,1.197,1,2063,0,233.278,13.420,-228.375,-40.125,-25.563,-0.441,0.402,0.680,-4.711,12.566,-13.871,2.214,2.486,1.048,1.323,0,NULL,NULL,,3,0,2,7,255,1125,250,0,0
stim,648,30769,0,30769,3228089.455,0.730,0.401,0.412,0.369,0,0,0,0,0,0,0,71,53,1.197,1,2063,0,232.433,8.360,-229.813,34.313,-5.813,-0.340,0.617,0.285,-0.289,8.355,-13.641,2.242,2.516,1.048,1.323,0,NULL,NULL,,3,0,2,7,255,1125,250,0,0
stim,648,30769,0,30769,3228094.453,0.729,0.405,0.406,0.375,0,0,0,0,0,0,0,71,53,1.197,1,2063,0,218.062,6.300,-194.625,98.313,-2.625,-0.461,0.633,0.098,3.148,5.457,-13.641,2.268,2.544,1.048,1.323,0,NULL,NULL,,3,0,2,7,255,1125,250,0,0
stim,648,30769,0,30769,3228099.455,0.728,0.407,0.399,0.381,0,0,0,0,0,0,0,72,53,1.197,1,2063,0,213.877,5.112,-151.688,149.063,-22.688,-0.508,0.402,0.141,3.148,4.027,-14.953,2.292,2.572,1.048,1.323,0,NULL,NULL,,3,0,2,7,255,1125,250,0,0
stim,695,30816,0,30816,3228104.454,0.728,0.408,0.391,0.388,0,0,0,0,0,0,0,60,53,1.197,1,2063,0,234.723,3.882,-134.813,188.250,-38.500,-0.402,0.195,0.219,1.113,3.719,-14.953,2.314,2.596,1.048,1.323,0,NULL,NULL,,3,0,2,7,255,1125,250,0,0
stim,695,30816,0,30816,3228109.455,0.729,0.408,0.383,0.395,0,0,0,0,0,0,0,56,53,1.197,1,2063,0,257.056,3.500,-135.063,216.750,-29.250,-0.246,0.148,0.125,-0.008,3.500,-13.113,2.330,2.614,1.048,1.323,0,NULL,NULL,,3,0,2,7,255,1125,250,0,0
stim,695,30816,0,30816,3228114.453,0.730,0.407,0.373,0.402,0,0,0,0,0,0,0,53,53,1.197,1,2063,0,268.294,2.156,-126.313,236.625,-5.938,-0.184,0.195,-0.074,-0.008,2.156,-12.254,2.344,2.630,1.048,1.323,0,NULL,NULL,,3,0,2,7,255,1125,250,0,0
stim,695,30816,0,30816,3228119.455,0.733,0.406,0.364,0.408,0,0,0,0,0,0,0,41,53,1.197,1,2063,0,269.054,1.135,-98.375,250.125,12.250,-0.188,0.250,-0.238,1.059,0.410,-12.254,2.356,2.644,1.048,1.323,0,NULL,NULL,,3,0,2,7,255,1125,250,0,0
stim,695,30816,0,30816,3228124.454,0.736,0.404,0.354,0.413,0,0,0,0,0,0,0,35,53,1.197,1,2063,0,267.274,1.952,-59.438,259.688,21.563,-0.176,0.254,-0.305,1.762,-0.840,-13.074,2.368,2.660,1.048,1.323,0,NULL,NULL,,3,0,2,7,255,1125,250,0,0
stim,695,30816,0,30816,3228129.455,0.740,0.400,0.344,0.417,0,0,0,0,0,0,0,25,53,1.197,1,2063,0,270.234,2.258,-23.625,267.438,30.750,-0.121,0.254,-0.262,1.930,-1.172,-13.074,2.382,2.676,1.048,1.323,0,NULL,NULL,,3,0,2,7,255,1125,250,0,0
stim,695,30816,0,30816,3228134.454,0.745,0.395,0.335,0.421,0,0,0,0,0,0,0,21,53,1.197,1,2063,0,278.189,2.335,2.875,274.313,46.188,-0.090,0.258,-0.195,2.020,-1.172,-12.723,2.400,2.696,1.048,1.323,0,NULL,NULL,,3,0,2,7,255,1125,250,0,0
stim,695,30816,0,30816,3228139.455,0.750,0.390,0.325,0.423,0,0,0,0,0,0,0,20,53,1.197,1,2063,0,287.896,2.127,25.313,279.563,63.938,-0.121,0.270,-0.137,2.020,-0.668,-12.277,2.420,2.718,1.048,1.323,0,NULL,NULL,,3,0,2,7,255,1125,250,0,0
stim,695,30816,0,30816,3228144.453,0.756,0.384,0.316,0.425,0,0,0,0,0,0,0,18,53,1.197,1,2063,0,297.379,1.939,48.250,283.375,76.188,-0.195,0.270,-0.063,1.938,0.066,-12.277,2.444,2.744,1.048,1.323,0,NULL,NULL,,3,0,2,7,255,1125,250,0,0
stim,695,30816,0,30816,3228149.455,0.763,0.377,0.306,0.427,0,0,0,0,0,0,0,23,53,1.197,1,2063,0,305.137,1.805,70.000,285.688,81.188,-0.258,0.262,0.043,1.492,1.016,-12.430,2.472,2.776,1.048,1.323,0,NULL,NULL,,3,0,2,7,255,1125,250,0,0
stim,716,30837,0,30837,3228154.454,0.769,0.370,0.297,0.428,0,0,0,0,0,0,0,24,53,1.197,1,2063,0,311.288,2.398,86.688,287.313,82.688,-0.285,0.258,0.180,1.000,2.180,-12.430,2.506,2.810,1.048,1.323,0,NULL,NULL,,3,0,2,7,255,1125,250,0,0
stim,716,30837,0,30837,3228159.455,0.776,0.362,0.288,0.429,0,0,0,0,0,0,0,20,53,1.197,1,2063,0,315.461,3.526,96.313,288.688,83.063,-0.297,0.262,0.324,0.656,3.465,-11.855,2.540,2.850,1.048,1.323,0,NULL,NULL,,3,0,2,7,255,1125,250,0,0
stim,716,30837,0,30837,3228164.453,0.782,0.354,0.279,0.430,0,0,0,0,0,0,0,11,53,1.197,1,2063,0,317.441,4.764,98.563,290.625,81.188,-0.301,0.262,0.457,0.457,4.742,-11.082,2.580,2.890,1.048,1.323,0,NULL,NULL,,3,0,2,7,255,1125,250,0,0
stim,716,30837,0,30837,3228169.455,0.789,0.346,0.269,0.431,0,0,0,0,0,0,0,8,53,1.197,1,2063,0,318.436,5.863,95.625,294.125,75.813,-0.305,0.246,0.559,0.289,5.855,-10.246,2.618,2.932,1.048,1.323,0,NULL,NULL,,3,0,2,7,255,1125,250,0,0
stim,741,30862,0,30862,3228174.454,0.795,0.338,0.260,0.432,0,0,0,0,0,0,0,4,53,1.197,1,2063,0,320.616,6.625,91.250,300.063,66.563,-0.336,0.227,0.648,0.039,6.625,-9.449,2.656,2.972,1.048,1.323,0,NULL,NULL,,3,0,2,7,255,1125,250,0,0
stim,741,30862,0,30862,3228179.455,0.800,0.330,0.250,0.434,0,0,0,0,0,0,0,9,53,1.197,1,2063,0,323.660,7.384,87.938,306.813,53.750,-0.410,0.203,0.781,-0.363,7.375,-8.898,2.692,3.010,1.048,1.323,0,NULL,NULL,,3,0,2,7,255,1125,250,0,0
stim,741,30862,0,30862,3228184.454,0.805,0.321,0.240,0.437,0,0,0,0,0,0,0,6,53,1.197,1,2063,0,326.003,8.682,79.250,314.000,37.438,-0.445,0.203,0.961,-1.027,8.621,-8.285,2.726,3.046,1.048,1.323,0,NULL,NULL,,3,0,2,7,255,1125,250,0,0
stim,741,30862,0,30862,3228189.455,0.809,0.313,0.230,0.441,0,0,0,0,0,0,0,25,53,1.197,1,2063,0,328.919,10.130,58.313,323.125,19.438,-0.422,0.250,1.090,-1.027,10.078,-7.082,2.758,3.080,1.048,1.323,0,NULL,NULL,,3,0,2,7,255,1125,250,0,0
stim,762,30883,0,30883,3228194.453,0.813,0.305,0.218,0.445,0,0,0,0,0,0,0,26,53,1.197,1,2063,0,335.166,10.870,31.813,333.625,4.313,-0.367,0.285,1.109,-0.809,10.840,-5.910,2.788,3.112,1.048,1.323,0,NULL,NULL,,3,0,2,7,255,1125,250,0,0
stim,762,30883,0,30883,3228199.455,0.816,0.298,0.207,0.450,0,0,0,0,0,0,0,30,53,1.197,1,2063,0,344.327,10.841,9.313,344.125,-7.250,-0.309,0.262,1.047,-0.125,10.840,-5.262,2.816,3.144,1.048,1.323,0,NULL,NULL,,3,0,2,7,255,1125,250,0,0
stim,809,30930,0,30930,3228204.454,0.818,0.291,0.194,0.456,0,0,0,0,0,0,0,34,53,1.197,1,2063,0,354.058,9.836,-5.063,353.625,-16.750,-0.246,0.184,0.914,-0.023,9.836,-5.113,2.844,3.172,1.048,1.323,0,NULL,NULL,,3,0,2,7,255,1125,250,0,0
stim,809,30930,0,30930,3228209.455,0.821,0.284,0.182,0.461,0,0,0,0,0,0,0,45,53,1.197,1,2063,0,361.679,8.152,-7.188,360.875,-23.000,-0.203,0.133,0.762,-0.023,8.152,-5.113,2.870,3.202,1.048,1.323,0,NULL,NULL,,3,0,2,7,255,1125,250,0,0
stim,809,30930,0,30930,3228214.453,0.823,0.276,0.169,0.467,0,0,0,0,0,0,0,53,53,1.197,1,2063,0,366.846,6.574,2.125,365.750,-28.250,-0.152,0.117,0.652,-0.023,6.574,-5.625,2.896,3.230,1.048,1.323,0,NULL,NULL,,3,0,2,7,255,1125,250,0,0
stim,809,30930,0,30930,3228219.455,0.825,0.268,0.157,0.473,0,0,0,0,0,0,0,67,53,1.197,1,2063,0,370.762,5.382,17.750,369.000,-31.438,-0.082,0.090,0.586,0.184,5.379,-5.934,2.924,3.258,1.048,1.323,0,NULL,NULL,,3,0,2,7,255,1125,250,0,0
stim,809,30930,0,30930,3228224.454,0.827,0.258,0.145,0.478,0,0,0,0,0,0,0,71,53,1.197,1,2063,0,373.164,4.313,37.750,370.188,-28.063,-0.020,0.070,0.527,0.375,4.297,-5.934,2.950,3.286,1.048,1.323,0,NULL,NULL,,3,0,2,7,255,1125,250,0,0
stim,809,30930,0,30930,3228229.455,0.829,0.248,0.133,0.483,0,0,0,0,0,0,0,76,53,1.197,1,2063,0,375.014,3.384,63.813,368.938,-21.188,0.008,0.094,0.512,0.590,3.332,-5.930,2.976,3.312,1.048,1.323,0,NULL,NULL,,3,0,2,7,255,1125,250,0,0
stim,809,30930,0,30930,3228234.454,0.831,0.237,0.122,0.488,0,0,0,0,0,0,0,85,53,1.197,1,2063,0,377.200,3.249,91.125,365.750,-14.250,0.035,0.125,0.566,0.969,3.102,-5.898,3.000,3.340,1.048,1.323,0,NULL,NULL,,3,0,2,7,255,1125,250,0,0
stim,809,30930,0,30930,3228239.455,0.834,0.225,0.112,0.491,0,0,0,0,0,0,0,88,53,1.197,1,2063,0,379.474,3.330,115.000,361.563,-6.938,0.074,0.117,0.645,1.445,3.000,-5.316,3.026,3.366,1.048,1.323,0,NULL,NULL,,3,0,2,7,255,1125,250,0,0
stim,809,30930,0,30930,3228244.453,0.837,0.212,0.102,0.494,0,0,0,0,0,0,0,87,53,1.197,1,2063,0,382.828,3.353,137.375,357.313,3.625,0.113,0.074,0.707,1.551,2.973,-4.363,3.052,3.394,1.048,1.323,0,NULL,NULL,,3,0,2,7,255,1125,250,0,0
stim,809,30930,0,30930,3228249.455,0.840,0.199,0.092,0.497,0,0,0,0,0,0,0,89,53,1.197,1,2063,0,388.417,3.353,162.688,352.313,16.625,0.066,0.070,0.789,1.551,2.973,-3.504,3.076,3.420,1.048,1.323,0,NULL,NULL,,3,0,2,7,255,1125,250,0,0
stim,809,30930,0,30930,3228254.454,0.843,0.185,0.083,0.498,0,0,0,0,0,0,0,88,53,1.197,1,2063,0,393.243,3.485,183.313,347.250,21.313,-0.016,0.195,0.938,1.551,3.121,-2.836,3.102,3.446,1.048,1.323,0,NULL,NULL,,3,0,2,7,255,1125,250,0,0
stim,809,30930,0,30930,3228259.455,0.846,0.170,0.075,0.500,0,0,0,0,0,0,0,83,53,1.197,1,2063,0,396.993,5.089,197.063,344.250,16.188,-0.020,0.199,1.094,2.148,4.613,-1.992,3.126,3.472,1.048,1.323,0,NULL,NULL,,3,0,2,7,255,1125,250,0,0
stim,829,30950,0,30950,3228264.453,0.849,0.155,0.067,0.501,0,0,0,0,0,0,0,83,53,1.197,1,2063,0,396.379,5.089,200.500,340.813,27.625,0.043,0.121,1.242,2.148,4.613,-0.441,3.150,3.500,1.048,1.323,0,NULL,NULL,,3,0,2,7,255,1125,250,0,0
stim,829,30950,0,30950,3228269.455,0.851,0.140,0.058,0.502,0,0,0,0,0,0,0,79,53,1.197,1,2063,0,395.568,5.344,201.188,338.000,41.875,-0.055,0.145,1.336,1.996,4.957,1.430,3.174,3.524,1.048,1.323,0,NULL,NULL,,3,0,2,7,255,1125,250,0,0
stim,829,30950,0,30950,3228274.454,0.854,0.125,0.050,0.502,0,0,0,0,0,0,0,83,53,1.197,1,2063,0,394.382,5.400,201.188,337.000,38.625,-0.184,0.211,1.461,1.805,5.090,2.180,3.198,3.550,1.048,1.323,0,NULL,NULL,,3,0,2,7,255,1125,250,0,0
stim,829,30950,0,30950,3228279.455,0.856,0.111,0.041,0.503,0,0,0,0,0,0,0,82,53,1.197,1,2063,0,390.498,6.644,195.875,336.813,26.063,-0.207,0.219,1.586,1.805,6.395,3.129,3.220,3.574,1.048,1.323,0,NULL,NULL,,3,0,2,7,255,1125,250,0,0
stim,853,30974,0,30974,3228284.454,0.858,0.096,0.033,0.504,0,0,0,0,0,0,0,76,53,1.197,1,2063,0,386.446,6.644,188.625,336.688,20.063,-0.188,0.191,1.723,1.805,6.395,4.457,3.242,3.596,1.048,1.323,0,NULL,NULL,,3,0,2,7,255,1125,250,0,0
stim,853,30974,0,30974,3228289.455,0.859,0.082,0.024,0.505,0,0,0,0,0,0,0,79,53,1.197,1,2063,0,379.207,6.237,174.625,336.063,19.125,-0.207,0.195,1.859,1.848,5.957,6.055,3.260,3.616,1.048,1.323,0,NULL,NULL,,3,0,2,7,255,1125,250,0,0
stim,853,30974,1,30974,3228294.453,0.860,0.069,0.015,0.506,0,0,0,0,0,0,0,85,53,1.197,1,2063,0,369.254,6.120,154.750,334.938,14.750,-0.230,0.188,1.934,1.793,5.852,7.527,3.276,3.634,1.048,1.323,0,NULL,NULL,,3,1,2,7,255,1125,250,0,0
stim,853,30974,1,30974,3228299.455,0.860,0.057,0.005,0.507,0,0,0,0,0,0,0,89,53,1.197,1,2063,0,359.908,5.868,135.125,333.500,7.250,-0.223,0.168,1.922,1.762,5.598,8.434,3.290,3.648,1.048,1.323,0,NULL,NULL,,3,1,2,7,255,1125,250,0,0
stim,853,30974,1,30974,3228304.454,0.860,0.044,-0.004,0.508,0,0,0,0,0,0,0,90,53,1.197,1,2063,0,353.717,5.119,123.875,331.313,1.625,-0.184,0.133,1.871,1.711,4.824,8.434,3.300,3.660,1.048,1.323,0,NULL,NULL,,3,1,2,7,255,1125,250,0,0
stim,853,30974,1,30974,3228309.455,0.860,0.032,-0.014,0.509,0,0,0,0,0,0,0,91,53,1.197,1,2063,0,350.198,4.075,121.688,328.375,-0.625,-0.160,0.094,1.832,1.641,3.730,8.195,3.308,3.670,1.048,1.323,0,NULL,NULL,,3,1,2,7,255,1125,250,0,0
stim,898,31019,1,31019,3228314.453,0.860,0.020,-0.023,0.510,0,0,0,0,0,0,0,91,53,1.197,1,2063,0,348.762,3.100,125.500,325.375,-4.000,-0.148,0.051,1.813,1.461,2.734,7.941,3.310,3.674,1.048,1.323,0,NULL,NULL,,3,1,2,7,255,1125,250,0,0
stim,898,31019,1,31019,3228319.455,0.859,0.008,-0.032,0.511,0,0,0,0,0,0,0,95,53,1.197,1,2063,0,349.005,2.246,133.250,322.438,-9.125,-0.121,-0.023,1.813,1.219,1.887,7.941,3.308,3.672,1.048,1.323,0,NULL,NULL,,3,1,2,7,255,1125,250,0,0
stim,898,31019,1,31019,3228324.454,0.858,-0.005,-0.041,0.512,0,0,0,0,0,0,0,93,53,1.197,1,2063,0,350.738,1.086,144.438,319.375,-12.438,-0.078,-0.086,1.809,0.758,0.777,7.941,3.298,3.664,1.048,1.323,0,NULL,NULL,,3,1,2,7,255,1125,250,0,0
stim,898,31019,1,31019,3228329.455,0.857,-0.018,-0.049,0.513,0,0,0,0,0,0,0,93,53,1.197,1,2063,0,355.314,0.644,159.688,317.063,-14.813,-0.012,-0.125,1.801,0.477,-0.434,7.941,3.280,3.648,1.048,1.323,0,NULL,NULL,,3,1,2,7,255,1125,250,0,0
stim,898,31019,1,31019,3228334.454,0.855,-0.031,-0.057,0.514,0,0,0,0,0,0,0,91,53,1.197,1,2063,0,365.366,1.758,183.938,315.250,-16.625,0.066,-0.180,1.828,0.449,-1.699,7.914,3.252,3.622,1.048,1.323,0,NULL,NULL,,3,1,2,7,255,1125,250,0,0
stim,898,31019,1,31019,3228339.455,0.853,-0.046,-0.064,0.515,0,0,0,0,0,0,0,90,53,1.197,1,2063,0,379.098,3.258,211.063,314.250,-20.375,0.195,-0.176,1.938,0.449,-3.227,7.914,3.214,3.584,1.048,1.323,0,NULL,NULL,,3,1,2,7,255,1125,250,0,0
stim,898,31019,1,31019,3228344.453,0.851,-0.062,-0.070,0.516,0,0,0,0,0,0,0,93,53,1.197,1,2063,0,393.222,5.115,235.500,313.938,-24.625,0.391,-0.156,2.055,0.984,-5.020,8.656,3.164,3.536,1.048,1.323,0,NULL,NULL,,3,1,2,7,255,1125,250,0,0
stim,898,31019,1,31019,3228349.455,0.849,-0.078,-0.076,0.517,0,0,0,0,0,0,0,91,53,1.197,1,2063,0,410.188,7.670,263.375,313.875,-19.250,0.594,-0.141,2.227,1.980,-7.410,9.289,3.104,3.476,1.048,1.323,0,NULL,NULL,,3,1,2,7,255,1125,250,0,0
stim,925,31046,1,31046,3228354.454,0.846,-0.096,-0.081,0.518,0,0,0,0,0,0,0,90,53,1.197,1,2063,0,427.065,10.480,286.063,316.438,-20.500,0.797,-0.023,2.469,2.957,-10.055,10.285,3.032,3.406,1.048,1.323,0,NULL,NULL,,3,1,2,7,255,1125,250,0,0
stim,925,31046,1,31046,3228359.455,0.843,-0.114,-0.086,0.519,0,0,0,0,0,0,0,91,53,1.197,1,2063,0,431.645,13.440,291.688,317.813,-15.188,0.926,-0.063,2.633,4.809,-12.551,11.813,2.950,3.324,1.048,1.323,0,NULL,NULL,,3,1,2,7,255,1125,250,0,0
stim,925,31046,1,31046,3228364.453,0.840,-0.132,-0.091,0.519,0,0,0,0,0,0,0,89,53,1.197,1,2063,0,433.987,15.787,294.750,318.500,-5.000,1.082,-0.012,2.797,4.875,-15.016,12.563,2.860,3.234,1.048,1.323,0,NULL,NULL,,3,1,2,7,255,1125,250,0,0
stim,925,31046,1,31046,3228369.455,0.836,-0.149,-0.097,0.519,0,0,0,0,0,0,0,100,53,1.197,1,2063,0,430.298,18.215,288.625,319.125,-3.313,1.113,-0.047,2.871,5.316,-17.422,13.152,2.760,3.134,1.048,1.323,0,NULL,NULL,,3,1,2,7,255,1125,250,0,0
stim,925,31046,1,31046,3228374.454,0.833,-0.167,-0.102,0.518,0,0,0,0,0,0,0,104,53,1.197,1,2063,0,425.570,19.758,283.938,317.000,-0.625,1.195,0.039,3.012,5.766,-18.898,13.199,2.652,3.022,1.048,1.323,0,NULL,NULL,,3,1,2,7,255,1125,250,0,0
stim,925,31046,1,31046,3228379.455,0.829,-0.183,-0.107,0.517,0,0,0,0,0,0,0,107,53,1.197,1,2063,0,407.702,21.269,261.250,313.000,0.063,1.160,0.004,3.105,5.465,-20.555,13.621,2.532,2.902,1.048,1.323,0,NULL,NULL,,3,1,2,7,255,1125,250,0,0
stim,949,31070,1,31070,3228384.454,0.825,-0.198,-0.113,0.516,0,0,0,0,0,0,0,120,53,1.197,1,2063,0,380.294,22.486,227.500,304.625,-8.438,1.211,0.121,3.199,6.164,-21.625,13.867,2.406,2.772,1.048,1.323,0,NULL,NULL,,3,1,2,7,255,1125,250,0,0
stim,949,31070,1,31070,3228389.455,0.822,-0.212,-0.120,0.516,0,0,0,0,0,0,0,149,53,1.197,1,2063,0,348.831,23.668,186.438,294.313,-17.438,1.414,0.293,3.164,6.527,-22.750,13.867,2.272,2.634,1.048,1.323,0,NULL,NULL,,3,1,2,7,255,1125,250,0,0
stim,949,31070,1,31070,3228394.453,0.818,-0.223,-0.127,0.515,0,0,0,0,0,0,0,163,53,1.197,1,2063,0,319.056,25.780,146.125,282.375,-26.625,1.695,0.242,3.051,8.793,-24.234,12.523,2.134,2.494,1.048,1.323,0,NULL,NULL,,3,1,2,7,255,1125,250,0,0
stim,949,31070,1,31070,3228399.455,0.815,-0.232,-0.135,0.514,0,0,0,0,0,0,0,167,53,1.197,1,2063,0,285.777,28.121,101.375,266.438,-20.063,1.977,0.012,2.820,8.793,-26.711,9.574,1.994,2.348,1.048,1.323,0,NULL,NULL,,3,1,2,7,255,1125,250,0,0
stim,995,31116,1,31116,3228404.454,0.812,-0.240,-0.142,0.512,0,0,0,0,0,0,0,179,53,1.197,1,2063,0,256.224,30.311,61.688,248.625,-5.563,2.180,-0.227,2.418,8.688,-29.039,5.160,1.852,2.202,1.048,1.323,0,NULL,NULL,,3,1,2,7,255,1125,250,0,0
stim,995,31116,1,31116,3228409.455,0.810,-0.247,-0.149,0.510,0,0,0,0,0,0,0,215,53,1.197,1,2063,0,233.632,30.265,45.250,229.188,3.063,2.359,-0.371,1.973,7.520,-29.316,-0.344,1.708,2.054,1.048,1.323,0,NULL,NULL,,3,1,2,7,255,1125,250,0,0
stim,995,31116,1,31116,3228414.454,0.808,-0.253,-0.155,0.508,0,0,0,0,0,0,0,251,53,1.197,1,2063,0,213.657,30.359,52.250,206.938,9.813,2.598,-0.441,1.617,7.453,-29.430,-5.813,1.560,1.904,1.048,1.323,0,NULL,NULL,,3,1,2,7,255,1125,250,0,0
stim,995,31116,1,31116,3228419.455,0.807,-0.260,-0.160,0.506,0,0,0,0,0,0,0,294,53,1.197,1,2063,0,199.902,30.359,70.563,185.750,21.875,2.871,-0.441,1.324,7.453,-29.430,-10.586,1.408,1.746,1.048,1.323,0,NULL,NULL,,3,1,2,7,255,1125,250,0,0
stim,995,31116,1,31116,3228424.454,0.805,-0.267,-0.164,0.504,0,0,0,0,0,0,0,319,53,1.197,1,2063,0,193.254,30.823,95.063,166.313,25.500,2.973,-0.531,1.160,8.262,-29.695,-14.871,1.248,1.582,1.048,1.323,0,NULL,NULL,,3,1,2,7,255,1125,250,0,0
stim,995,31116,1,31116,3228429.455,0.803,-0.274,-0.166,0.502,0,0,0,0,0,0,0,327,53,1.197,1,2063,0,179.394,30.838,104.188,141.813,34.875,3.434,-1.145,1.078,8.262,-29.711,-17.371,1.078,1.410,1.048,1.323,0,NULL,NULL,,3,1,2,7,255,1125,250,0,0
stim,995,31116,1,31116,3228434.454,0.803,-0.282,-0.167,0.499,0,0,0,0,0,0,0,331,53,1.197,1,2063,0,196.254,34.389,127.563,120.688,87.625,3.477,-1.395,0.832,4.895,-34.039,-22.391,0.900,1.226,1.048,1.323,0,NULL,NULL,,3,1,2,7,255,1125,250,0,0
stim,995,31116,1,31116,3228439.455,0.802,-0.291,-0.165,0.495,0,0,0,0,0,0,0,332,53,1.197,1,2063,0,231.137,34.176,177.625,92.063,115.750,3.203,-1.496,0.809,3.055,-34.039,-25.047,0.710,1.024,1.048,1.323,0,NULL,NULL,,3,1,2,7,255,1125,250,0,0
stim,1017,31138,1,31138,3228444.453,0.801,-0.301,-0.161,0.492,0,0,0,0,0,0,0,330,53,1.197,1,2063,0,259.007,32.859,225.438,61.438,111.750,2.996,-1.535,1.156,1.223,-32.836,-25.047,0.518,0.802,1.048,1.323,0,NULL,NULL,,3,1,2,7,255,1125,250,0,0
stim,1017,31138,1,31138,3228449.455,0.800,-0.311,-0.155,0.489,0,0,0,0,0,0,0,330,53,1.197,1,2063,0,266.016,32.836,236.000,27.813,119.563,2.910,-1.539,1.785,0.121,-32.836,-21.805,0.366,0.578,1.048,1.323,0,NULL,NULL,,3,1,2,7,255,1125,250,0,0
stim,1017,31138,1,31138,3228454.453,0.800,-0.319,-0.149,0.486,0,0,0,0,0,0,0,333,53,1.197,1,2063,0,240.716,35.166,208.563,-4.000,120.125,2.457,-1.344,2.234,-0.328,-35.164,-16.980,0.322,0.394,1.048,1.323,0,NULL,NULL,,3,1,2,7,255,1125,250,0,0
stim,1017,31138,1,31138,3228459.455,0.799,-0.325,-0.143,0.485,0,0,0,0,0,0,0,337,53,1.197,1,2063,0,204.710,35.173,182.375,-38.250,84.750,1.945,-1.004,2.555,-0.797,-35.164,-10.828,0.392,0.306,1.048,1.323,0,NULL,NULL,,3,1,2,7,255,1125,250,0,0
stim,1017,31138,1,31138,3228464.454,0.799,-0.329,-0.137,0.485,0,0,0,0,0,0,0,346,53,1.197,1,2063,0,161.318,32.635,141.813,-67.813,36.250,1.797,-0.707,2.832,-0.797,-32.625,-4.684,0.460,0.320,1.048,1.323,0,NULL,NULL,,3,1,2,7,255,1125,250,0,0
stim,1017,31138,1,31138,3228469.455,0.799,-0.332,-0.129,0.485,0,0,0,147,0,0,0,432,53,1.197,1,2063,0,182.185,32.635,135.375,-109.250,54.125,1.125,-1.105,3.551,-0.797,-32.625,-0.809,0.494,0.368,1.048,1.323,0,NULL,NULL,,3,1,2,7,255,1125,250,0,0
stim,1045,31166,1,31166,3228474.454,0.801,-0.345,-0.104,0.479,333,0,0,819,0,35,0,461,53,1.197,1,2063,0,671.526,33.867,482.813,-286.438,368.500,0.516,0.527,7.543,-3.211,-33.715,6.637,0.514,0.408,1.048,1.323,0,NULL,NULL,,3,1,2,7,255,1125,250,0,0
stim,1045,31166,1,31166,3228479.455,0.813,-0.330,-0.103,0.469,933,0,0,1327,0,231,0,530,53,1.197,1,2063,0,494.728,33.867,-374.188,-147.875,287.875,-1.020,1.715,6.629,-3.211,-33.715,45.691,0.542,0.446,1.048,1.323,0,NULL,NULL,,3,1,2,7,255,1125,250,0,0
stim,1045,31166,1,31166,3228484.454,0.833,-0.289,-0.116,0.457,1499,0,0,1727,0,473,0,599,53,1.197,1,2063,0,1123.745,27.487,-1088.875,-156.750,229.313,-1.047,3.648,1.344,1.000,-27.469,45.691,0.578,0.484,1.048,1.323,0,NULL,NULL,,3,1,2,7,255,1125,250,0,0
stim,1045,31166,1,31166,3228489.455,0.847,-0.255,-0.126,0.449,1898,0,0,1919,0,584,0,637,53,1.197,1,2064,0,878.982,21.680,-853.438,-149.438,148.063,-1.672,3.121,-2.215,15.680,14.973,18.180,0.600,0.516,1.048,1.323,1,2244.000,1119.000,,3,1,2,7,255,1125,250,0,0
stim,1064,31186,1,31186,3228494.454,0.852,-0.239,-0.128,0.447,2143,0,0,2067,0,851,0,718,53,1.197,1,2064,0,404.533,31.683,-382.438,-129.375,25.500,-1.730,1.086,-2.086,15.680,27.531,-11.941,0.598,0.536,1.048,1.323,1,NULL,NULL,,3,1,2,7,255,1125,250,0,0
stim,1064,31186,1,31186,3228499.455,0.853,-0.233,-0.124,0.450,2323,0,0,2157,0,979,0,795,53,1.197,1,2064,0,177.532,27.578,-69.375,-154.625,-52.875,-0.547,-0.387,0.191,-1.598,27.531,-11.941,0.570,0.544,1.048,1.323,1,NULL,NULL,,3,1,2,7,255,1125,250,0,0
stim,1099,31220,1,31220,3228504.453,0.855,-0.228,-0.120,0.450,2449,0,0,2233,0,1163,0,870,53,1.197,1,2064,0,158.486,1.839,-63.625,-141.750,31.250,0.543,0.922,1.480,-1.598,0.910,-6.910,0.530,0.544,1.048,1.323,1,NULL,NULL,,3,1,2,7,255,1125,250,0,0
stim,1099,31220,1,31220,3228509.455,0.860,-0.221,-0.116,0.445,2581,0,0,2383,0,1306,0,931,53,1.197,1,2064,0,249.036,10.788,-150.375,-137.750,142.938,0.313,2.301,1.637,10.750,0.910,3.008,0.490,0.532,1.048,1.323,1,NULL,NULL,,3,1,2,7,255,1125,250,0,0
stim,1099,31220,1,31220,3228514.454,0.866,-0.210,-0.115,0.439,2737,0,0,2578,0,1377,0,971,53,1.197,1,2064,0,313.638,10.937,-241.438,-133.000,149.625,-0.676,1.609,1.559,10.750,2.012,8.738,0.452,0.496,1.048,1.323,2,NULL,NULL,,3,1,2,7,255,1125,250,0,0
stim,1099,31220,1,31220,3228519.455,0.873,-0.195,-0.114,0.433,2846,0,0,2719,0,1405,0,1078,53,1.197,1,2064,0,397.706,11.326,-335.625,-160.688,140.375,-1.902,-0.504,0.535,9.375,6.355,8.738,0.420,0.434,1.048,1.323,2,NULL,NULL,,3,1,2,7,255,1125,250,0,0
stim,1099,31220,1,31220,3228524.454,0.878,-0.178,-0.113,0.430,2933,0,0,2837,0,1467,0,1207,53,1.197,1,2064,0,408.746,16.215,-358.125,-187.750,59.750,-1.918,-1.535,-0.211,-14.918,6.355,0.742,0.398,0.360,1.048,1.323,2,NULL,NULL,,3,1,2,7,255,1125,250,0,0
stim,1099,31220,1,31220,3228529.455,0.879,-0.167,-0.110,0.434,2983,0,0,2909,0,1502,0,1323,53,1.197,1,2064,0,285.369,17.783,-189.188,-194.875,-87.563,-1.207,-1.188,-0.637,-16.914,5.492,-7.883,0.386,0.292,1.048,1.323,2,NULL,NULL,,3,1,2,7,255,1125,250,0,0
stim,1099,31220,1,31220,3228534.453,0.877,-0.162,-0.103,0.440,3025,0,0,2969,0,1553,0,1429,53,1.197,1,2064,0,233.182,17.400,-2.375,-202.375,-115.813,-0.023,-0.484,0.309,-16.914,4.082,-7.883,0.378,0.242,1.048,1.323,2,NULL,NULL,,3,1,2,7,255,1125,250,0,0
stim,1099,31220,1,31220,3228539.455,0.876,-0.161,-0.095,0.445,3050,0,0,3032,0,1597,0,1481,53,1.197,1,2064,0,216.244,5.332,70.000,-184.500,-88.438,0.633,-0.645,1.684,-3.840,-3.699,-7.715,0.374,0.212,1.048,1.323,2,NULL,NULL,,3,1,2,7,255,1125,250,0,0
stim,1099,31220,0,31220,3228544.454,0.876,-0.157,-0.089,0.446,3077,0,0,3083,0,1687,0,1509,53,1.197,1,2064,0,164.614,14.106,-13.313,-161.625,-28.250,0.992,-0.977,2.344,-1.199,-14.055,2.656,0.372,0.196,1.048,1.323,2,NULL,NULL,,3,0,2,7,255,1119,250,0,0
stim,1099,31220,0,31220,3228549.455,0.879,-0.148,-0.086,0.444,3089,0,0,3111,0,1787,0,1543,53,1.197,1,2064,0,226.304,19.931,-160.750,-146.938,61.500,0.980,-1.125,1.992,-1.199,-19.895,4.246,0.376,0.184,1.048,1.323,2,NULL,NULL,,3,0,2,7,255,1119,250,0,0
stim,1133,31254,0,31254,3228554.453,0.884,-0.138,-0.085,0.438,3101,0,0,3142,0,1884,0,1593,53,1.197,1,2064,0,307.224,20.041,-232.188,-132.875,151.063,0.379,-1.020,1.027,-2.422,-19.895,4.246,0.394,0.168,1.048,1.323,2,NULL,NULL,,3,0,2,7,255,1119,250,0,0
stim,1133,31254,0,31254,3228559.455,0.889,-0.128,-0.083,0.431,3125,0,0,3159,0,1973,0,1635,53,1.197,1,2064,0,291.860,12.886,-194.813,-129.875,174.250,-0.406,-0.828,0.391,-5.273,-11.758,-2.621,0.422,0.144,1.048,1.323,2,NULL,NULL,,3,0,2,7,255,1119,250,0,0
stim,1133,31254,0,31254,3228564.454,0.892,-0.123,-0.079,0.427,3119,0,0,3177,13,2065,0,1683,53,1.197,1,2064,0,201.907,8.046,-96.813,-132.563,117.563,-0.754,-0.395,0.434,-7.434,-3.078,-4.391,0.454,0.122,1.048,1.323,2,NULL,NULL,,3,0,2,7,255,1119,250,0,0
stim,1133,31254,0,31254,3228569.455,0.894,-0.119,-0.074,0.426,3129,0,0,3187,93,2167,27,1769,53,1.197,1,2064,0,142.117,7.676,-29.563,-134.063,36.750,-0.598,0.031,0.965,-7.434,1.914,-4.391,0.478,0.100,1.048,1.323,2,NULL,NULL,,3,0,2,7,255,1119,250,0,0
stim,1133,31254,0,31254,3228574.454,0.894,-0.115,-0.069,0.427,3129,0,0,3185,428,2251,85,1903,53,1.197,1,2064,0,135.152,3.552,-38.000,-129.438,-8.250,-0.191,0.172,1.395,-2.992,1.914,0.723,0.492,0.084,1.048,1.323,2,NULL,NULL,,3,0,2,7,255,1119,250,0,0
stim,1133,31254,0,31254,3228579.455,0.895,-0.110,-0.066,0.427,3129,0,0,3189,685,2295,213,2035,53,1.197,1,2064,0,134.852,1.255,-73.125,-112.563,-12.938,0.188,-0.039,1.809,0.742,-1.012,4.031,0.502,0.072,1.048,1.323,2,NULL,NULL,,3,0,2,7,255,1119,250,0,0
stim,1152,31273,0,31273,3228584.453,0.895,-0.105,-0.066,0.429,3131,0,0,3191,953,2343,189,2134,53,1.197,1,2064,0,115.631,6.000,-92.625,-57.313,-38.813,0.406,-0.242,1.754,1.426,-5.828,5.840,0.514,0.060,1.048,1.323,2,NULL,NULL,,3,0,2,7,255,1119,250,0,0
stim,1152,31273,0,31273,3228589.455,0.895,-0.101,-0.066,0.430,3129,0,0,3184,1149,2376,203,2193,53,1.197,1,2064,0,110.830,6.055,-92.375,-53.938,-29.000,0.645,0.262,0.836,1.641,-5.828,5.840,0.528,0.048,1.048,1.323,2,NULL,NULL,,3,0,2,7,255,1119,250,0,0
stim,1152,31273,0,31273,3228594.454,0.895,-0.100,-0.064,0.430,3130,0,0,3194,1270,2395,224,2235,53,1.197,1,2064,0,41.421,7.948,-2.063,-40.500,-8.438,0.418,0.418,0.941,6.156,-5.027,-1.266,0.540,0.036,1.048,1.323,2,NULL,NULL,,3,0,2,7,255,1119,250,0,0
stim,1152,31273,0,31273,3228599.455,0.895,-0.098,-0.064,0.430,3119,0,0,3187,1373,2422,229,2287,53,1.197,1,2064,0,33.450,7.237,-20.563,-26.313,1.938,-0.172,-0.297,1.551,6.156,-3.805,-1.266,0.548,0.026,1.048,1.323,2,NULL,NULL,,3,0,2,7,255,1119,250,0,0
stim,1152,31273,0,31273,3228604.453,0.895,-0.094,-0.064,0.431,3124,1,0,3181,1438,2423,233,2323,53,1.197,1,2064,0,98.504,3.677,-91.625,-22.500,-28.313,-0.398,-0.250,1.223,-2.578,-2.621,2.477,0.554,0.018,1.048,1.323,2,NULL,NULL,,3,0,2,7,255,1119,250,0,0
stim,1152,31273,0,31273,3228609.455,0.894,-0.091,-0.065,0.434,3117,21,0,3181,1528,2441,245,2335,53,1.197,1,2064,0,106.069,2.787,-68.563,-17.000,-79.125,-0.184,0.051,0.695,-2.578,-1.059,2.477,0.560,0.008,1.048,1.323,2,NULL,NULL,,3,0,2,7,255,1119,250,0,0
stim,1198,31319,0,31319,3228614.454,0.892,-0.090,-0.065,0.437,3119,27,0,3189,1587,2451,264,2360,53,1.197,1,2064,0,85.037,1.122,-10.313,-13.563,-83.313,0.191,-0.016,0.828,-0.371,-1.059,-2.242,0.568,0.000,1.048,1.323,2,NULL,NULL,,3,0,2,7,255,1119,250,0,0
stim,1198,31319,0,31319,3228619.455,0.892,-0.089,-0.065,0.439,3123,35,0,3190,1653,2451,261,2389,53,1.197,1,2064,0,36.192,3.219,-10.250,-9.750,-33.313,0.219,-0.242,1.164,0.059,-3.219,-2.242,0.000,0.000,1.048,1.323,2,NULL,NULL,,3,0,2,7,255,1119,250,0,0
stim,1198,31319,0,31319,3228624.454,0.892,-0.087,-0.066,0.439,3119,40,0,3189,1693,2457,262,2407,53,1.197,1,2064,0,49.174,3.219,-48.750,-6.375,0.938,-0.117,-0.168,1.113,0.059,-3.219,0.773,0.000,0.000,1.048,1.323,2,NULL,NULL,,3,0,2,7,255,1119,250,0,0
stim,1198,31319,0,31319,3228629.455,0.892,-0.085,-0.067,0.439,3123,56,0,3177,1734,2470,253,2437,53,1.197,1,2064,0,58.204,2.469,-54.125,-5.000,-20.813,-0.344,0.086,0.824,-0.895,-2.301,0.773,0.000,0.000,1.048,1.323,2,NULL,NULL,,3,0,2,7,255,1119,250,0,0
stim,1198,31319,0,31319,3228634.454,0.891,-0.084,-0.067,0.442,3125,71,0,3176,1758,2489,261,2449,53,1.197,1,2064,0,65.670,1.307,-24.375,-7.625,-60.500,-0.238,0.133,0.844,-0.895,0.953,-1.191,0.000,0.000,1.048,1.323,2,NULL,NULL,,3,0,2,7,255,1119,250,0,0
stim,1198,31319,0,31319,3228639.455,0.890,-0.083,-0.067,0.444,3124,80,0,3175,1786,2491,255,2457,53,1.197,1,2064,0,69.014,0.960,-8.188,-6.813,-68.188,0.000,0.004,1.027,0.117,0.953,-1.191,0.000,0.000,1.048,1.323,2,NULL,NULL,,3,0,2,7,255,1119,250,0,0
stim,1198,31319,0,31319,3228644.453,0.889,-0.082,-0.067,0.446,3115,101,0,3175,1817,2491,265,2471,53,1.197,1,2064,0,49.810,2.056,-18.250,-5.125,-46.063,0.059,0.043,1.098,0.664,-1.945,0.055,0.000,0.000,1.048,1.323,2,NULL,NULL,,3,0,2,7,255,1119,250,0,0
stim,1198,31319,0,31319,3228649.455,0.888,-0.081,-0.067,0.447,3129,100,0,3173,1855,2503,261,2479,53,1.197,1,2064,0,41.507,2.373,-28.938,-5.125,-29.313,-0.023,0.137,1.055,1.359,-1.945,0.445,0.000,0.000,1.048,1.323,2,NULL,NULL,,3,0,2,7,255,1119,250,0,0
stim,1224,31345,0,31345,3228654.453,0.888,-0.079,-0.068,0.448,3129,101,11,3175,1869,2514,245,2484,53,1.197,1,2064,0,38.969,1.692,-28.188,-3.438,-26.688,-0.070,0.074,1.016,1.359,-1.008,0.445,0.000,0.000,1.048,1.323,2,NULL,NULL,,3,0,2,7,255,1119,250,0,0
stim,1224,31345,0,31345,3228659.455,0.887,-0.078,-0.068,0.449,3118,93,25,3179,1878,2517,235,2489,53,1.197,1,2064,0,36.629,1.309,-21.750,-1.438,-29.438,-0.059,-0.012,0.980,0.836,-1.008,0.102,0.000,0.000,1.048,1.323,2,NULL,NULL,,3,0,2,7,255,1119,250,0,0
stim,1224,31345,0,31345,3228664.454,0.887,-0.077,-0.068,0.450,3125,111,73,3179,1900,2513,215,2488,53,1.197,1,2064,0,27.067,1.663,-12.750,-0.188,-23.875,-0.008,0.035,0.984,0.836,-1.438,-0.285,0.000,0.000,1.048,1.323,2,NULL,NULL,,3,0,2,7,255,1119,250,0,0
stim,1224,31345,0,31345,3228669.455,0.887,-0.077,-0.068,0.450,3127,116,91,3167,1911,2509,196,2501,53,1.197,1,2064,0,12.989,1.687,-6.375,-0.313,-11.313,-0.043,0.090,1.031,0.883,-1.438,-0.285,0.000,0.000,1.048,1.323,2,NULL,NULL,,3,0,2,7,255,1119,250,0,0
stim,1261,31382,0,31382,3228674.454,0.887,-0.077,-0.068,0.451,3123,123,141,3183,1926,2507,187,2501,53,1.197,1,2064,0,12.840,1.363,-9.438,1.188,-8.625,-0.125,0.055,1.063,0.883,-1.039,0.234,0.000,0.000,1.048,1.323,2,NULL,NULL,,3,0,2,7,255,1119,250,0,0
stim,1261,31382,0,31382,3228679.455,0.887,-0.076,-0.069,0.451,3115,119,155,3181,1929,2509,182,2491,53,1.197,1,2064,0,16.132,0.790,-13.250,1.188,-9.125,-0.141,0.055,1.023,0.422,-0.668,0.305,0.000,0.000,1.048,1.323,2,NULL,NULL,,3,0,2,7,255,1119,250,0,0
stim,1261,31382,0,31382,3228684.454,0.886,-0.076,-0.069,0.451,3119,135,164,3177,1937,2514,176,2488,53,1.197,1,2064,0,14.651,0.748,-7.813,0.688,-12.375,-0.125,0.023,0.980,0.336,-0.668,0.305,0.000,0.000,1.048,1.323,2,NULL,NULL,,3,0,2,7,255,1119,250,0,0
stim,1261,31382,0,31382,3228689.455,0.886,-0.076,-0.069,0.452,3111,137,167,3171,1937,2511,175,2479,53,1.147,1,2064,1,11.098,0.765,-1.813,0.500,-10.938,-0.094,0.031,1.016,0.336,-0.688,0.129,0.000,0.000,1.029,1.365,2,NULL,NULL,,3,0,2,7,255,1119,250,0,0
stim,1261,31382,0,31382,3228694.453,0.886,-0.075,-0.069,0.452,3101,139,177,3172,1937,2503,171,2489,53,1.147,1,2064,1,5.864,0.886,-2.000,0.375,-5.500,-0.105,0.051,1.043,0.410,-0.785,0.129,0.008,0.006,1.029,1.365,2,NULL,NULL,,3,0,2,7,255,1119,250,0,0
stim,1261,31382,0,31382,3228699.455,0.886,-0.075,-0.069,0.452,3096,137,185,3165,1941,2495,167,2477,53,1.147,1,2064,1,7.116,0.886,-5.750,0.188,-4.188,-0.133,0.039,1.027,0.410,-0.785,0.328,0.014,0.008,1.029,1.365,2,NULL,NULL,,3,0,2,7,255,1119,250,0,0
stim,1294,31415,0,31415,3228704.453,0.886,-0.075,-0.069,0.452,3092,123,198,3163,1938,2495,169,2475,53,1.147,1,2064,1,6.998,0.650,-6.375,-0.250,-2.875,-0.148,0.008,0.977,0.266,-0.594,0.328,0.020,0.012,1.029,1.365,2,NULL,NULL,,3,0,2,7,255,1119,250,0,0
stim,1294,31415,0,31415,3228709.455,0.886,-0.075,-0.069,0.452,3092,125,213,3148,1925,2489,164,2473,53,1.147,1,2064,1,4.206,0.603,-2.250,-1.438,-3.250,-0.145,-0.016,0.957,-0.105,-0.594,-0.133,0.026,0.016,1.029,1.365,2,NULL,NULL,,3,0,2,7,255,1119,250,0,0
stim,1294,31415,0,31415,3228714.454,0.886,-0.074,-0.069,0.452,3092,123,218,3149,1917,2483,164,2479,53,1.147,1,2064,1,2.847,0.703,0.938,-2.563,-0.813,-0.148,-0.012,0.965,-0.281,-0.645,-0.273,0.034,0.020,1.029,1.365,2,NULL,NULL,,3,0,2,7,255,1119,250,0,0
stim,1294,31415,0,31415,3228719.455,0.886,-0.075,-0.068,0.452,3079,117,221,3133,1924,2487,168,2483,53,1.147,1,2064,1,4.694,0.703,3.125,-3.500,-0.125,-0.145,0.031,0.984,-0.281,-0.645,-0.273,0.038,0.024,1.029,1.365,2,NULL,NULL,,3,0,2,7,255,1119,250,0,0
stim,1294,31415,0,31415,3228724.454,0.886,-0.074,-0.068,0.453,3067,109,233,3133,1917,2473,160,2481,53,1.147,1,2064,1,4.472,0.588,2.000,-4.000,0.000,-0.148,0.008,0.992,-0.082,-0.582,-0.063,0.042,0.024,1.029,1.365,2,NULL,NULL,,3,0,2,7,255,1119,250,0,0
stim,1294,31415,0,31415,3228729.455,0.886,-0.074,-0.068,0.452,3077,93,233,3123,1914,2475,161,2471,53,1.147,1,2064,1,5.982,0.493,2.875,-4.875,1.938,-0.137,0.039,0.980,0.090,-0.484,-0.063,0.046,0.026,1.029,1.365,2,NULL,NULL,,3,0,2,7,255,1119,250,0,0
stim,1294,31415,0,31415,3228734.454,0.886,-0.074,-0.068,0.452,3063,88,245,3117,1915,2464,157,2479,53,1.147,1,2064,1,7.096,0.491,3.000,-5.688,3.000,-0.160,0.020,0.984,-0.082,-0.484,-0.043,0.050,0.026,1.029,1.365,2,NULL,NULL,,3,0,2,7,255,1119,250,0,0
stim,1294,31415,0,31415,3228739.455,0.886,-0.074,-0.067,0.452,3046,83,247,3107,1925,2467,160,2477,53,1.147,1,2064,1,9.170,0.415,4.125,-7.313,3.688,-0.184,0.066,0.977,0.117,-0.398,-0.043,0.052,0.028,1.029,1.365,2,NULL,NULL,,3,0,2,7,255,1119,250,0,0
stim,1316,31437,0,31437,3228744.453,0.886,-0.074,-0.067,0.452,3031,86,261,3089,1933,2455,160,2479,53,1.147,1,2064,1,9.030,0.067,4.063,-8.063,-0.188,-0.195,0.059,0.992,0.004,0.066,-0.039,0.054,0.028,1.029,1.365,2,NULL,NULL,,3,0,2,7,255,1119,250,0,0
stim,1316,31437,0,31437,3228749.455,0.886,-0.074,-0.066,0.452,3027,83,297,3068,1943,2467,169,2495,53,1.147,1,2064,1,10.907,0.135,4.000,-9.750,-2.813,-0.164,0.059,0.984,0.117,0.066,-0.027,0.058,0.030,1.029,1.365,2,NULL,NULL,,3,0,2,7,255,1119,250,0,0
stim,1316,31437,0,31437,3228754.453,0.886,-0.074,-0.066,0.452,3013,84,317,3067,1955,2465,221,2509,53,1.147,1,2064,1,11.012,0.133,3.625,-10.375,-0.688,-0.156,0.039,0.984,0.055,-0.121,-0.020,0.062,0.030,1.029,1.365,2,NULL,NULL,,3,0,2,7,255,1119,250,0,0
stim,1316,31437,0,31437,3228759.455,0.886,-0.074,-0.065,0.453,3003,91,344,3055,1971,2455,242,2517,53,1.147,1,2064,1,12.290,0.192,3.063,-11.875,-0.813,-0.164,0.055,0.984,0.117,-0.152,-0.027,0.064,0.030,1.029,1.365,2,NULL,NULL,,3,0,2,7,255,1119,250,0,0
stim,1316,31437,0,31437,3228764.454,0.886,-0.074,-0.065,0.453,2991,103,381,3051,1995,2459,269,2523,53,1.147,1,2064,1,13.868,0.192,4.563,-13.063,-0.938,-0.176,0.090,0.984,0.117,-0.152,-0.020,0.068,0.030,1.029,1.365,2,NULL,NULL,,3,0,2,7,255,1119,250,0,0
stim,1316,31437,0,31437,3228769.455,0.886,-0.074,-0.064,0.453,2980,104,424,3033,2009,2459,293,2536,53,1.147,1,2064,1,15.706,0.341,5.438,-14.250,-3.750,-0.172,0.133,1.016,0.309,0.145,0.000,0.070,0.030,1.029,1.365,2,NULL,NULL,,3,0,2,7,255,1119,250,0,0
stim,1340,31461,0,31461,3228774.454,0.886,-0.074,-0.063,0.453,2968,115,499,3027,2044,2454,309,2547,53,1.147,1,2064,1,16.430,0.753,3.625,-14.563,-6.688,-0.148,0.180,1.039,0.680,0.324,0.320,0.072,0.030,1.029,1.365,2,NULL,NULL,,3,0,2,7,255,1119,250,0,0
stim,1340,31461,0,31461,3228779.455,0.886,-0.074,-0.062,0.453,2941,136,581,2996,2079,2463,363,2557,53,1.147,1,2064,1,16.241,1.256,0.188,-14.563,-7.188,-0.129,0.207,1.055,1.207,0.348,0.551,0.074,0.030,1.029,1.365,2,NULL,NULL,,3,0,2,7,255,1119,250,0,0
stim,1340,31461,0,31461,3228784.454,0.886,-0.074,-0.062,0.454,2915,149,653,2995,2119,2471,393,2579,53,1.147,1,2064,1,16.503,1.509,-3.625,-14.375,-7.250,-0.117,0.191,1.043,1.469,0.348,0.551,0.074,0.028,1.029,1.365,2,NULL,NULL,,3,0,2,7,255,1119,250,0,0
stim,1340,31461,0,31461,3228789.455,0.886,-0.073,-0.061,0.454,2891,171,728,2968,2179,2473,451,2587,53,1.147,1,2064,1,16.897,1.484,-6.688,-14.438,-5.688,-0.133,0.133,1.008,1.469,0.215,0.508,0.074,0.028,1.029,1.365,2,NULL,NULL,,3,0,2,7,255,1119,250,0,0
stim,1362,31483,0,31483,3228794.453,0.886,-0.073,-0.061,0.454,2868,175,795,2957,2221,2477,494,2611,53,1.147,1,2064,1,17.172,0.897,-5.938,-14.688,-6.625,-0.156,0.102,0.980,0.887,0.133,0.184,0.076,0.026,1.029,1.365,2,NULL,NULL,,3,0,2,7,255,1119,250,0,0
stim,1362,31483,0,31483,3228799.455,0.886,-0.072,-0.060,0.455,2857,197,915,2941,2273,2487,559,2629,53,1.147,1,2064,1,18.771,0.850,-1.313,-15.063,-11.125,-0.148,0.145,0.984,0.840,0.133,-0.008,0.076,0.024,1.029,1.365,2,NULL,NULL,,3,0,2,7,255,1119,250,0,0
stim,1402,31523,0,31523,3228804.453,0.885,-0.072,-0.060,0.455,2834,219,1049,2932,2315,2485,638,2635,53,1.147,1,2064,1,20.777,0.850,0.500,-14.688,-14.688,-0.125,0.145,1.012,0.840,0.133,-0.008,0.076,0.022,1.029,1.365,2,NULL,NULL,,3,0,2,7,255,1119,250,0,0
stim,1402,31523,0,31523,3228809.455,0.885,-0.072,-0.059,0.456,2808,230,1125,2911,2351,2492,751,2660,53,1.147,1,2064,1,21.202,0.846,-2.938,-14.500,-15.188,-0.125,0.094,1.016,0.840,0.098,0.227,0.078,0.020,1.029,1.365,2,NULL,NULL,,3,0,2,7,255,1119,250,0,0
stim,1402,31523,0,31523,3228814.454,0.885,-0.071,-0.059,0.456,2780,236,1211,2897,2403,2493,827,2673,53,1.147,1,2064,1,22.356,0.629,-5.313,-14.750,-15.938,-0.141,0.059,0.996,0.602,-0.184,0.227,0.078,0.018,1.029,1.365,2,NULL,NULL,,3,0,2,7,255,1119,250,0,0
stim,1402,31523,0,31523,3228819.457,0.885,-0.071,-0.058,0.457,2751,263,1289,2871,2427,2495,955,2685,53,1.147,1,2064,1,25.837,0.307,-4.750,-13.813,-21.313,-0.156,0.027,0.973,0.230,-0.203,0.039,0.078,0.016,1.029,1.365,2,NULL,NULL,,3,0,2,7,255,1119,250,0,0
stim,1402,31523,0,31523,3228824.454,0.884,-0.070,-0.058,0.458,2727,267,1420,2855,2479,2509,1093,2705,53,1.147,1,2064,1,28.912,0.258,-3.438,-14.438,-24.813,-0.148,-0.020,0.957,-0.137,-0.219,-0.145,0.080,0.014,1.029,1.365,2,NULL,NULL,,3,0,2,7,255,1119,250,0,0
stim,1402,31523,0,31523,3228829.455,0.884,-0.070,-0.057,0.459,2683,267,1555,2839,2517,2509,1180,2712,53,1.147,1,2064,1,29.729,0.710,-0.938,-15.563,-25.313,-0.160,-0.043,0.961,-0.492,-0.512,-0.297,0.080,0.014,1.029,1.365,2,NULL,NULL,,3,0,2,7,255,1119,250,0,0
stim,1402,31523,0,31523,3228834.454,0.883,-0.069,-0.057,0.460,2630,293,1673,2827,2539,2509,1315,2718,53,1.147,1,2064,1,32.677,0.710,0.250,-16.313,-28.313,-0.168,0.004,0.988,-0.492,-0.512,-0.297,0.082,0.018,1.029,1.365,2,NULL,NULL,,3,0,2,7,255,1119,250,0,0
stim,1402,31523,0,31523,3228839.455,0.883,-0.069,-0.056,0.462,2597,309,1750,2803,2581,2517,1403,2739,53,1.147,1,2064,1,37.746,0.498,-0.938,-16.625,-33.875,-0.145,0.023,1.008,-0.375,-0.328,0.008,0.082,0.022,1.029,1.365,2,NULL,NULL,,3,0,2,7,255,1119,250,0,0
stim,1402,31523,0,31523,3228844.454,0.882,-0.068,-0.056,0.463,2547,324,1863,2771,2609,2519,1497,2759,53,1.147,1,2064,1,37.804,0.478,-6.938,-17.563,-32.750,-0.121,-0.023,1.012,-0.348,-0.328,0.156,0.084,0.026,1.029,1.365,2,NULL,NULL,,3,0,2,7,255,1119,250,0,0
stim,1402,31523,0,31523,3228849.455,0.881,-0.067,-0.055,0.464,2477,335,1945,2741,2637,2519,1609,2760,53,1.147,1,2064,1,37.139,0.830,-12.250,-17.938,-30.125,-0.125,-0.055,1.000,-0.348,-0.754,0.156,0.086,0.030,1.029,1.365,2,NULL,NULL,,3,0,2,7,255,1119,250,0,0
stim,1425,31546,0,31546,3228854.453,0.881,-0.066,-0.055,0.465,2424,357,2027,2707,2663,2530,1700,2781,53,1.147,1,2064,1,37.992,0.991,-14.438,-19.000,-29.563,-0.141,-0.070,0.980,-0.625,-0.770,0.031,0.088,0.034,1.029,1.365,2,NULL,NULL,,3,0,2,7,255,1119,250,0,0
stim,1425,31546,0,31546,3228859.455,0.881,-0.064,-0.054,0.466,2355,360,2121,2666,2687,2526,1787,2791,53,1.147,1,2064,1,38.912,0.999,-14.063,-20.313,-30.063,-0.137,-0.047,0.980,-0.637,-0.770,-0.133,0.090,0.036,1.029,1.365,2,NULL,NULL,,3,0,2,7,255,1119,250,0,0
stim,1425,31546,0,31546,3228864.454,0.880,-0.063,-0.054,0.468,2266,363,2208,2633,2715,2527,1870,2821,53,1.147,1,2064,1,40.708,0.906,-14.000,-21.563,-31.563,-0.137,-0.023,1.000,-0.637,-0.645,-0.133,0.092,0.036,1.029,1.365,2,NULL,NULL,,3,0,2,7,255,1119,250,0,0
stim,1425,31546,0,31546,3228869.455,0.879,-0.062,-0.053,0.469,2185,365,2291,2578,2741,2533,1961,2835,53,1.147,1,2064,1,44.391,0.654,-18.563,-23.438,-32.813,-0.145,0.004,1.059,-0.402,-0.516,0.078,0.094,0.034,1.029,1.365,2,NULL,NULL,,3,0,2,7,255,1119,250,0,0
stim,1425,31546,0,31546,3228874.454,0.879,-0.060,-0.053,0.470,2086,373,2350,2527,2765,2541,2031,2835,53,1.147,1,2064,1,55.862,0.412,-31.750,-23.500,-39.500,-0.152,0.031,1.129,-0.180,-0.371,0.660,0.094,0.034,1.029,1.365,2,NULL,NULL,,3,0,2,7,255,1119,250,0,0
stim,1425,31546,0,31546,3228879.455,0.878,-0.058,-0.053,0.472,1993,363,2423,2473,2778,2532,2107,2844,53,1.147,1,2064,1,65.961,0.202,-44.625,-23.063,-42.750,-0.113,0.066,1.051,0.051,-0.195,0.660,0.094,0.032,1.029,1.365,2,NULL,NULL,,3,0,2,7,255,1119,250,0,0
stim,1457,31578,0,31578,3228884.453,0.877,-0.056,-0.053,0.473,1876,359,2479,2393,2815,2537,2183,2861,53,1.147,1,2064,1,62.935,0.570,-42.875,-24.125,-39.250,-0.078,0.059,0.973,0.535,-0.195,0.539,0.096,0.030,1.029,1.365,2,NULL,NULL,,3,0,2,7,255,1119,250,0,0
stim,1457,31578,0,31578,3228889.455,0.877,-0.054,-0.053,0.475,1747,357,2537,2295,2829,2537,2253,2867,53,1.147,1,2064,1,55.031,0.651,-35.750,-25.063,-33.500,-0.086,0.000,0.977,0.535,-0.371,-0.207,0.096,0.030,1.029,1.365,2,NULL,NULL,,3,0,2,7,255,1119,250,0,0
stim,1457,31579,0,31579,3228894.454,0.876,-0.052,-0.053,0.476,1573,341,2571,2175,2853,2537,2312,2892,53,1.147,1,2064,1,53.262,0.492,-32.000,-25.875,-33.813,-0.137,-0.055,1.012,0.105,-0.480,-0.207,0.098,0.028,1.029,1.365,2,NULL,NULL,,3,0,2,7,255,1119,250,0,0
stim,1457,31579,0,31579,3228899.455,0.876,-0.050,-0.052,0.477,1375,296,2607,2073,2857,2535,2359,2888,53,1.147,1,2064,1,56.542,0.741,-33.063,-26.938,-37.125,-0.121,-0.055,1.043,-0.453,-0.586,0.180,0.100,0.026,1.029,1.365,2,NULL,NULL,,3,0,2,7,255,1119,250,0,0
stim,1457,31579,0,31579,3228904.453,0.875,-0.047,-0.052,0.479,1193,277,2652,1931,2877,2536,2415,2898,53,1.147,1,2064,1,64.418,0.660,-40.688,-28.063,-41.313,-0.125,-0.039,1.074,-0.453,-0.480,0.469,0.100,0.026,1.029,1.365,2,NULL,NULL,,3,0,2,7,255,1119,250,0,0
stim,1457,31579,0,31579,3228909.455,0.874,-0.045,-0.052,0.480,1018,251,2680,1741,2901,2521,2476,2911,53,1.147,1,2064,1,67.457,0.577,-43.125,-28.063,-43.625,-0.098,-0.023,1.000,-0.301,-0.492,0.469,0.104,0.024,1.029,1.365,2,NULL,NULL,,3,0,2,7,255,1119,250,0,0
stim,1497,31618,0,31618,3228914.454,0.874,-0.043,-0.051,0.482,822,231,2723,1509,2921,2515,2511,2919,53,1.147,1,2064,1,55.926,0.494,-31.625,-29.750,-35.250,-0.051,0.020,0.941,-0.043,-0.492,0.039,0.106,0.022,1.029,1.365,2,NULL,NULL,,3,0,2,7,255,1119,250,0,0
stim,1497,31618,0,31618,3228919.457,0.873,-0.042,-0.051,0.483,590,181,2761,1330,2921,2505,2567,2930,53,1.147,1,2064,1,47.920,0.704,-18.938,-31.438,-30.813,-0.176,0.098,1.043,0.504,-0.492,0.039,0.108,0.020,1.029,1.365,2,NULL,NULL,,3,0,2,7,255,1119,250,0,0
stim,1497,31618,0,31618,3228924.454,0.873,-0.040,-0.050,0.484,377,116,2780,1123,2938,2491,2612,2939,53,1.147,1,2064,1,56.240,0.557,-19.875,-35.313,-39.000,-0.125,-0.023,1.098,0.504,-0.238,0.523,0.110,0.018,1.029,1.365,2,NULL,NULL,,3,0,2,7,255,1119,250,0,0
stim,1497,31618,0,31618,3228929.455,0.872,-0.038,-0.049,0.485,227,75,2803,879,2967,2484,2647,2953,53,1.147,1,2064,1,55.294,0.271,-25.625,-37.688,-31.313,-0.055,-0.094,1.145,-0.129,-0.238,1.012,0.112,0.016,1.029,1.365,2,NULL,NULL,,3,0,2,7,255,1119,250,0,0
stim,1497,31618,0,31618,3228934.453,0.872,-0.036,-0.048,0.486,109,26,2827,664,2975,2463,2667,2957,53,1.147,1,2064,1,54.820,0.494,-30.125,-39.313,-23.500,-0.051,0.031,1.090,-0.129,-0.477,1.012,0.114,0.016,1.029,1.365,2,NULL,NULL,,3,0,2,7,255,1119,250,0,0
stim,1497,31618,0,31618,3228939.455,0.871,-0.034,-0.047,0.487,53,1,2859,465,2989,2453,2697,2957,53,1.147,1,2064,1,55.301,0.846,-28.938,-42.063,-21.250,-0.059,0.156,1.074,0.699,-0.477,0.863,0.116,0.016,1.029,1.365,2,NULL,NULL,,3,0,2,7,255,1119,250,0,0
stim,1497,31618,0,31618,3228944.454,0.871,-0.032,-0.045,0.488,25,0,2859,357,2991,2413,2725,2969,53,1.147,1,2064,1,56.843,1.712,-24.563,-45.813,-23.000,-0.023,0.176,1.059,1.703,0.176,0.695,0.118,0.016,1.029,1.365,2,NULL,NULL,,3,0,2,7,255,1119,250,0,0
stim,1497,31618,0,31618,3228949.455,0.871,-0.030,-0.044,0.489,0,0,2874,275,3006,2397,2765,2965,53,1.147,1,2064,1,56.599,1.712,-20.188,-49.125,-19.563,-0.059,0.094,1.059,1.703,0.176,0.559,0.120,0.016,1.029,1.365,2,NULL,NULL,,3,0,2,7,255,1119,250,0,0
stim,1525,31646,0,31646,3228954.453,0.871,-0.029,-0.042,0.489,0,0,2901,198,3019,2363,2787,2974,53,1.147,1,2064,1,56.655,1.177,4.188,-56.375,-3.750,-0.281,-0.098,1.184,1.164,0.176,0.559,0.122,0.016,1.029,1.365,2,NULL,NULL,,3,0,2,7,255,1119,250,0,0
stim,1525,31646,0,31646,3228959.455,0.871,-0.029,-0.039,0.489,0,0,2901,171,3033,2335,2812,2973,53,1.147,1,2064,0,70.509,1.761,22.313,-66.813,-3.125,-0.398,-0.230,1.352,-1.508,0.910,2.023,0.124,0.016,1.029,1.365,2,NULL,NULL,,3,0,2,7,255,1119,250,0,0
stim,1525,31646,0,31646,3228964.453,0.871,-0.028,-0.036,0.490,0,0,2909,151,3037,2312,2831,2976,53,1.147,1,2064,0,84.072,2.350,31.688,-76.063,-16.688,-0.387,-0.117,1.645,-2.059,1.133,3.793,0.126,0.016,1.029,1.365,2,NULL,NULL,,3,0,2,7,255,1119,250,0,0
stim,1525,31646,0,31646,3228969.455,0.871,-0.027,-0.032,0.490,0,0,2921,114,3045,2259,2857,2989,53,1.147,1,2064,0,87.585,2.529,16.313,-86.000,-3.000,-0.250,0.219,1.785,-2.059,1.469,6.602,0.128,0.018,1.029,1.365,3,NULL,NULL,,3,0,2,7,255,1119,250,0,0
stim,1525,31646,0,31646,3228974.454,0.871,-0.024,-0.030,0.490,0,0,2922,59,3050,2200,2875,2990,53,1.147,1,2064,0,102.449,2.066,-54.063,-87.000,2.000,-0.078,0.313,1.500,1.453,1.469,6.602,0.132,0.020,1.029,1.365,3,NULL,NULL,,3,0,2,7,255,1119,250,0,0
stim,1525,31646,0,31646,3228979.455,0.872,-0.019,-0.027,0.489,0,0,2939,21,3065,2127,2892,2995,53,1.147,1,2064,0,115.291,2.037,-67.438,-91.688,18.375,-0.090,0.168,1.152,1.496,1.383,4.840,0.134,0.020,1.029,1.365,3,NULL,NULL,,3,0,2,7,255,1119,250,0,0
stim,1548,31669,0,31669,3228984.453,0.873,-0.016,-0.025,0.487,0,0,2936,0,3080,2043,2917,2995,53,1.147,1,2064,0,117.040,2.037,-39.813,-100.938,43.875,-0.180,0.063,1.105,1.496,1.383,1.465,0.136,0.022,1.029,1.365,3,NULL,NULL,,3,0,2,7,255,1119,250,0,0
stim,1548,31669,0,31669,3228989.455,0.874,-0.013,-0.021,0.486,0,0,2936,0,3067,1947,2934,2981,53,1.147,1,2064,0,113.891,1.390,-14.813,-106.625,37.188,-0.305,-0.023,1.137,0.102,1.387,1.465,0.136,0.022,1.029,1.365,3,NULL,NULL,,3,0,2,7,255,1119,250,0,0
stim,1548,31669,0,31669,3228994.454,0.875,-0.011,-0.017,0.484,0,0,2927,0,3077,1820,2951,2984,53,1.147,1,2064,0,116.330,1.907,-7.000,-113.438,24.813,-0.281,-0.148,1.215,-1.309,1.387,1.484,0.134,0.022,1.029,1.365,3,NULL,NULL,,3,0,2,7,255,1119,250,0,0
stim,1548,31669,0,31669,3228999.455,0.875,-0.008,-0.013,0.483,0,0,2927,0,3093,1692,2952,2973,53,1.147,1,2064,0,121.529,2.567,-10.063,-118.438,25.313,-0.234,-0.184,1.320,-2.238,1.258,2.219,0.130,0.024,1.029,1.365,3,NULL,NULL,,3,0,2,7,255,1119,250,0,0
stim,1595,31716,0,31716,3229004.454,0.876,-0.004,-0.009,0.482,0,0,2911,0,3091,1523,2965,2969,53,1.147,1,2064,0,128.844,2.452,-22.375,-123.688,28.313,-0.242,-0.199,1.262,-2.277,0.910,2.672,0.128,0.028,1.029,1.365,3,NULL,NULL,,3,0,2,7,255,1119,250,0,0
stim,1595,31716,0,31716,3229009.455,0.877,-0.001,-0.005,0.481,0,0,2904,0,3095,1335,2983,2979,53,1.147,1,2064,0,133.951,2.697,-22.125,-129.688,25.188,-0.234,-0.199,1.176,-2.539,0.910,2.672,0.126,0.032,1.029,1.365,3,NULL,NULL,,3,0,2,7,255,1119,250,0,0
stim,1595,31716,0,31716,3229014.453,0.877,0.003,-0.000,0.480,0,0,2899,0,3107,1097,2981,2957,53,1.147,1,2064,0,137.709,2.712,-16.813,-134.938,21.750,-0.234,-0.164,1.145,-2.539,0.953,1.785,0.124,0.036,1.029,1.365,3,NULL,NULL,,3,0,2,7,255,1119,250,0,0
stim,1595,31716,0,31716,3229019.457,0.878,0.006,0.005,0.479,0,0,2872,0,3093,917,2995,2951,53,1.147,1,2064,0,142.128,2.649,-7.688,-141.125,15.000,-0.254,-0.133,1.133,-2.336,1.250,1.453,0.122,0.042,1.029,1.365,3,NULL,NULL,,3,0,2,7,255,1119,250,0,0
stim,1595,31716,0,31716,3229024.454,0.878,0.009,0.010,0.479,0,0,2855,0,3111,646,2991,2937,53,1.147,1,2064,0,149.085,2.868,1.563,-148.875,7.750,-0.250,-0.137,1.113,-2.336,1.664,1.285,0.118,0.050,1.029,1.365,3,NULL,NULL,,3,0,2,7,255,1119,250,0,0
stim,1595,31716,0,31716,3229029.455,0.878,0.012,0.016,0.478,0,0,2829,0,3103,509,3001,2907,53,1.147,1,2064,0,156.406,2.819,10.313,-156.063,1.063,-0.215,-0.117,1.148,-2.270,1.672,1.285,0.112,0.056,1.029,1.365,3,NULL,NULL,,3,0,2,7,255,1119,250,0,0
stim,1595,31716,0,31716,3229034.454,0.878,0.014,0.022,0.478,0,0,2777,0,3108,371,3013,2905,53,1.147,1,2064,0,166.981,2.661,22.188,-165.500,0.250,-0.168,-0.121,1.168,-2.070,1.672,1.387,0.108,0.064,1.029,1.365,3,NULL,NULL,,3,0,2,7,255,1119,250,0,0
stim,1595,31716,0,31716,3229039.455,0.878,0.017,0.030,0.478,0,0,2763,0,3106,167,3007,2877,53,1.147,1,2064,0,174.820,2.526,29.000,-172.313,5.438,-0.129,-0.066,1.285,-1.969,1.582,1.574,0.104,0.070,1.029,1.365,3,NULL,NULL,,3,0,2,7,255,1119,250,0,0
stim,1619,31740,0,31740,3229044.453,0.878,0.019,0.037,0.477,0,0,2699,0,3107,94,3007,2845,53,1.147,1,2064,0,182.158,2.124,24.625,-180.188,10.375,-0.133,0.043,1.395,-1.418,1.582,2.699,0.098,0.078,1.029,1.365,3,NULL,NULL,,3,0,2,7,255,1119,250,0,0
stim,1619,31740,0,31740,3229049.455,0.878,0.023,0.044,0.476,0,0,2651,0,3107,30,3017,2827,53,1.147,1,2064,0,188.781,2.520,12.000,-187.750,15.625,-0.164,0.133,1.465,-0.711,2.418,3.672,0.092,0.086,1.029,1.365,3,NULL,NULL,,3,0,2,7,255,1119,250,0,0
stim,1619,31740,0,31740,3229054.454,0.878,0.026,0.052,0.475,0,0,2583,0,3102,0,3029,2778,53,1.147,1,2064,0,199.010,3.480,18.750,-197.813,11.125,-0.305,0.176,1.520,-0.711,3.406,4.285,0.086,0.094,1.029,1.365,3,NULL,NULL,,3,0,2,7,255,1119,250,0,0
stim,1619,31740,0,31740,3229059.455,0.878,0.030,0.060,0.474,0,0,2503,0,3100,0,3021,2729,53,1.147,1,2064,0,211.920,5.051,18.313,-211.125,-0.875,-0.293,0.238,1.668,-0.531,5.023,4.574,0.080,0.104,1.029,1.365,3,NULL,NULL,,3,0,2,7,255,1119,250,0,0
stim,1619,31740,0,31740,3229064.453,0.877,0.034,0.069,0.474,0,0,2403,0,3096,0,3015,2691,53,1.147,1,2064,0,222.085,5.658,10.563,-221.688,-8.063,-0.281,0.285,1.934,-0.531,5.633,5.949,0.070,0.114,1.029,1.365,3,NULL,NULL,,3,0,2,7,255,1119,250,0,0
stim,1619,31740,0,31740,3229069.455,0.877,0.039,0.078,0.473,0,0,2271,0,3091,0,3013,2619,53,1.147,1,2064,0,238.846,6.424,-5.625,-238.750,3.750,-0.379,0.328,2.156,-0.531,6.402,8.418,0.062,0.124,1.029,1.365,3,NULL,NULL,,3,0,2,7,255,1119,250,0,0
stim,1639,31760,0,31760,3229074.454,0.876,0.046,0.087,0.472,0,0,2141,0,3079,0,2989,2546,53,1.147,1,2064,0,260.212,8.118,-26.563,-258.563,12.250,-0.473,0.477,2.363,-0.625,8.094,10.297,0.054,0.134,1.029,1.365,3,NULL,NULL,,3,0,2,7,255,1119,250,0,0
stim,1639,31760,0,31760,3229079.455,0.875,0.053,0.097,0.471,0,0,1991,0,3048,2,2980,2471,53,1.147,1,2064,0,288.412,10.448,-47.250,-283.688,21.688,-0.512,0.668,2.414,-0.625,10.430,11.859,0.048,0.144,1.029,1.365,3,NULL,NULL,,3,0,2,7,255,1119,250,0,0
stim,1639,31760,0,31760,3229084.453,0.875,0.062,0.107,0.469,0,0,1831,0,3034,33,2956,2363,53,1.147,1,2064,0,317.439,12.337,-71.688,-308.063,26.938,-0.488,0.820,2.469,0.480,12.328,11.941,0.040,0.154,1.029,1.365,3,NULL,NULL,,3,0,2,7,255,1119,250,0,0
stim,1639,31760,0,31760,3229089.455,0.873,0.073,0.118,0.467,0,0,1707,0,3015,45,2929,2228,53,1.147,1,2064,0,343.649,13.694,-101.188,-327.438,25.313,-0.555,0.816,2.520,0.961,13.660,12.047,0.034,0.164,1.029,1.365,3,NULL,NULL,,3,0,2,7,255,1119,250,0,0
stim,1661,31782,0,31782,3229094.453,0.872,0.085,0.128,0.465,0,0,1577,0,2985,60,2893,2077,53,1.147,1,2064,0,370.335,14.968,-128.750,-346.438,23.500,-0.660,0.832,2.578,0.961,14.938,12.047,0.030,0.176,1.029,1.365,3,NULL,NULL,,3,0,2,7,255,1119,250,0,0
stim,1661,31782,0,31782,3229099.455,0.870,0.098,0.139,0.464,0,0,1451,0,2949,57,2829,1944,53,1.147,1,2064,0,395.346,16.668,-148.375,-366.313,9.938,-0.773,0.941,2.691,0.355,16.664,11.805,0.026,0.188,1.029,1.365,3,NULL,NULL,,3,0,2,7,255,1119,250,0,0
stim,1702,31823,0,31823,3229104.454,0.866,0.112,0.150,0.463,0,0,1373,0,2889,43,2761,1790,53,1.147,1,2064,0,415.330,19.203,-157.063,-384.063,-18.063,-0.777,1.031,2.820,0.355,19.199,11.805,0.024,0.200,1.029,1.365,3,NULL,NULL,,3,0,2,7,255,1119,250,0,0
stim,1702,31823,0,31823,3229109.455,0.862,0.126,0.162,0.463,0,0,1310,0,2824,10,2655,1643,53,1.147,1,2064,0,439.376,20.140,-161.750,-406.563,-39.938,-0.770,0.664,2.934,0.355,20.137,12.230,0.024,0.212,1.029,1.365,3,NULL,NULL,,3,0,2,7,255,1119,250,0,0
stim,1702,31823,0,31823,3229114.453,0.858,0.141,0.175,0.462,0,0,1156,0,2735,0,2515,1496,53,1.147,1,2064,0,468.010,21.023,-170.750,-435.188,-22.125,-0.879,0.543,3.020,-2.422,20.883,12.422,0.028,0.228,1.029,1.365,3,NULL,NULL,,3,0,2,7,255,1119,250,0,0
stim,1702,31823,0,31823,3229119.457,0.853,0.158,0.188,0.461,0,0,1005,0,2623,0,2324,1342,53,1.147,1,2064,0,491.557,21.984,-195.000,-450.500,-25.563,-0.992,0.609,2.926,-4.164,21.586,12.422,0.038,0.246,1.029,1.365,3,NULL,NULL,,3,0,2,7,255,1119,250,0,0
stim,1702,31823,0,31823,3229124.454,0.846,0.174,0.202,0.461,0,0,825,0,2470,0,2052,1143,53,1.147,1,2064,0,501.916,23.134,-191.563,-460.688,-54.688,-0.902,0.480,2.914,-4.238,22.742,10.070,0.056,0.268,1.029,1.365,3,NULL,NULL,,3,0,2,7,255,1119,250,0,0
stim,1702,31823,0,31823,3229129.455,0.840,0.189,0.216,0.461,0,0,669,0,2285,0,1740,997,53,1.147,1,2064,0,508.199,23.255,-178.813,-470.125,-72.625,-0.719,0.133,2.941,-4.855,22.742,10.070,0.078,0.294,1.029,1.365,3,NULL,NULL,,3,0,2,7,255,1119,250,0,0
stim,1702,31823,0,31823,3229134.453,0.833,0.206,0.231,0.460,0,0,479,0,2036,0,1333,842,53,1.147,1,2064,0,525.961,21.941,-186.313,-490.000,-42.688,-0.602,-0.297,2.777,-7.016,20.789,9.512,0.108,0.326,1.029,1.365,3,NULL,NULL,,3,0,2,7,255,1119,250,0,0
stim,1702,31823,0,31823,3229139.455,0.826,0.224,0.245,0.457,0,0,279,0,1759,0,856,700,53,1.147,1,2064,0,550.014,20.482,-210.938,-507.938,-4.563,-0.410,-0.484,2.180,-9.773,18.000,9.180,0.144,0.364,1.029,1.365,3,NULL,NULL,,3,0,2,7,255,1119,250,0,0
stim,1702,31823,0,31823,3229144.454,0.818,0.240,0.260,0.453,0,0,176,0,1425,0,296,569,53,1.147,1,2064,0,548.085,16.502,-175.938,-519.063,-4.188,-0.344,-0.484,1.590,-9.773,13.297,5.125,0.184,0.408,1.029,1.365,3,NULL,NULL,,3,0,2,7,255,1119,250,0,0
stim,1702,31823,0,31823,3229149.455,0.812,0.255,0.276,0.447,0,0,68,0,1049,0,62,455,53,1.147,1,2064,0,532.620,14.227,-102.938,-522.438,12.125,-0.328,-0.070,1.488,-8.566,11.359,0.492,0.230,0.454,1.029,1.365,3,NULL,NULL,,3,0,2,7,255,1119,250,0,0
stim,1724,31845,0,31845,3229154.453,0.806,0.267,0.292,0.441,0,0,42,0,645,0,0,363,53,1.147,1,2064,0,515.287,12.388,-52.875,-511.875,26.625,-0.445,0.484,1.941,-4.941,11.359,-0.832,0.278,0.506,1.029,1.365,3,NULL,NULL,,3,0,2,7,255,1119,250,0,0
stim,1724,31845,0,31845,3229159.456,0.800,0.281,0.308,0.432,0,0,22,0,206,0,0,306,53,1.147,1,2064,0,528.958,18.132,-69.625,-515.188,97.625,-0.930,0.672,2.227,-3.219,17.844,-1.445,0.332,0.560,1.029,1.365,3,NULL,NULL,,3,0,2,7,255,1119,250,0,0
stim,1724,31845,0,31845,3229164.453,0.795,0.298,0.321,0.420,0,0,5,0,0,0,0,201,53,1.147,1,2064,0,571.094,23.746,-137.500,-526.688,172.750,-1.398,0.613,2.082,-3.219,23.527,-3.707,0.388,0.618,1.029,1.365,3,NULL,NULL,,3,0,2,7,255,1119,250,0,0
stim,1724,31845,0,31845,3229169.455,0.788,0.316,0.333,0.410,0,0,0,0,0,0,0,118,53,1.147,1,2064,0,575.282,23.831,-191.125,-519.188,157.688,-1.508,0.801,1.695,-3.789,23.527,-9.086,0.450,0.682,1.029,1.365,4,NULL,NULL,,3,0,2,7,255,1119,250,0,0
stim,1724,31845,0,31845,3229174.454,0.780,0.334,0.344,0.403,0,0,0,0,0,0,0,75,53,1.147,1,2064,0,540.228,23.187,-232.563,-480.438,83.313,-1.070,1.328,1.281,-3.789,22.875,-13.797,0.518,0.754,1.029,1.365,0,NULL,NULL,,3,0,2,7,255,1119,250,0,0
stim,1724,31845,0,31845,3229179.455,0.770,0.352,0.352,0.399,0,0,0,0,0,0,0,93,53,1.147,1,2064,0,505.360,20.206,-280.563,-417.250,50.750,-0.750,1.645,1.020,3.598,19.883,-14.945,0.600,0.836,1.029,1.365,0,NULL,NULL,,3,0,2,7,255,1119,250,0,0
stim,1757,31878,0,31878,3229184.453,0.760,0.370,0.356,0.398,0,0,0,0,0,0,0,143,53,1.147,1,2064,0,497.006,19.476,-367.875,-331.500,42.313,-0.320,1.305,0.637,8.402,17.570,-14.945,0.692,0.932,1.029,1.365,0,NULL,NULL,,3,0,2,7,255,1119,250,0,0
stim,1757,31878,0,31878,3229189.455,0.752,0.385,0.357,0.398,0,0,0,0,0,0,0,167,53,1.147,1,2064,0,384.248,14.035,-309.813,-226.063,23.625,-0.254,0.316,0.359,8.402,11.242,-13.313,0.792,1.032,1.029,1.365,0,NULL,NULL,,3,0,2,7,255,1119,250,0,0
stim,1757,31878,0,31878,3229194.454,0.747,0.394,0.358,0.397,0,0,0,0,0,0,0,189,53,1.147,1,2064,0,238.763,7.201,-188.125,-143.188,33.375,-0.566,-0.223,0.719,0.871,7.148,-11.328,0.890,1.134,1.029,1.365,0,NULL,NULL,,3,0,2,7,255,1119,250,0,0
stim,1757,31878,0,31878,3229199.455,0.744,0.401,0.357,0.399,0,0,0,0,0,0,0,192,53,1.147,1,2064,0,181.169,9.186,-171.563,-57.813,6.813,-0.836,-0.066,1.191,-5.770,7.148,-11.328,0.984,1.232,1.029,1.365,0,NULL,NULL,,3,0,2,7,255,1119,250,0,0
stim,1757,31878,0,31878,3229204.453,0.739,0.408,0.352,0.404,0,0,0,0,0,0,0,163,53,1.147,1,2064,0,254.210,10.938,-249.188,37.500,-33.500,-0.660,0.156,0.777,-5.770,9.293,-11.730,1.072,1.322,1.029,1.365,0,NULL,NULL,,3,0,2,7,255,1119,250,0,0
stim,1757,31878,0,31878,3229209.455,0.736,0.414,0.343,0.411,0,0,0,0,0,0,0,118,53,1.147,1,2064,0,294.005,9.681,-267.438,120.625,-19.125,-0.398,0.512,-0.223,-2.715,9.293,-12.695,1.152,1.404,1.029,1.365,0,NULL,NULL,,3,0,2,7,255,1119,250,0,0
stim,1796,31917,0,31917,3229214.453,0.736,0.416,0.334,0.417,0,0,0,0,0,0,0,91,53,1.147,1,2064,0,247.747,3.102,-168.375,180.813,18.313,-0.469,0.840,-0.656,3.023,0.695,-15.711,1.224,1.480,1.029,1.365,0,NULL,NULL,,3,0,2,7,255,1119,250,0,0
stim,1796,31917,0,31917,3229219.455,0.738,0.414,0.326,0.421,0,0,0,0,0,0,0,83,53,1.147,1,2064,0,223.282,3.714,-43.125,217.125,29.188,-0.723,0.750,-0.234,3.648,0.695,-19.230,1.294,1.554,1.029,1.365,0,NULL,NULL,,3,0,2,7,255,1119,250,0,0
stim,1796,31917,0,31917,3229224.454,0.742,0.410,0.318,0.425,0,0,0,0,0,0,0,81,53,1.147,1,2064,0,243.411,4.370,-5.563,242.938,14.125,-0.789,0.402,0.402,3.648,2.406,-19.230,1.370,1.632,1.029,1.365,0,NULL,NULL,,3,0,2,7,255,1119,250,0,0
stim,1796,31917,0,31917,3229229.455,0.745,0.406,0.309,0.430,0,0,0,0,0,0,0,77,53,1.147,1,2064,0,263.077,7.393,-40.500,259.625,12.813,-0.641,0.199,0.523,-0.297,7.387,-15.754,1.454,1.716,1.029,1.365,0,NULL,NULL,,3,0,2,7,255,1119,250,0,0
stim,1796,31917,0,31917,3229234.453,0.748,0.404,0.298,0.435,0,0,0,0,0,0,0,77,53,1.147,1,2064,0,280.305,7.393,-71.188,268.500,37.563,-0.512,0.246,0.184,-0.297,7.387,-13.824,1.542,1.808,1.029,1.365,0,NULL,NULL,,3,0,2,7,255,1119,250,0,0
stim,1796,31917,0,31917,3229239.455,0.751,0.401,0.287,0.438,0,0,0,0,0,0,0,71,53,1.147,1,2064,0,283.421,4.228,-52.750,271.000,64.063,-0.543,0.414,-0.195,-0.281,4.219,-13.824,1.636,1.904,1.029,1.365,0,NULL,NULL,,3,0,2,7,255,1119,250,0,0
stim,1796,31917,0,31917,3229244.454,0.756,0.397,0.277,0.441,0,0,0,0,0,0,0,64,53,1.147,1,2064,0,279.939,2.057,-4.125,271.063,69.813,-0.617,0.480,-0.270,1.215,1.660,-16.418,1.724,1.996,1.029,1.365,0,NULL,NULL,,3,0,2,7,255,1119,250,0,0
stim,1796,31917,0,31917,3229249.455,0.761,0.391,0.268,0.443,0,0,0,0,0,0,0,58,53,1.147,1,2064,0,281.655,2.057,32.813,272.125,64.813,-0.582,0.414,-0.121,1.215,1.660,-16.418,1.804,2.078,1.029,1.365,0,NULL,NULL,,3,0,2,7,255,1119,250,0,0
stim,1825,31946,0,31946,3229254.453,0.766,0.385,0.258,0.446,0,0,0,0,0,0,0,58,53,1.147,1,2064,0,286.426,2.865,45.750,274.938,66.000,-0.504,0.359,0.020,0.879,2.727,-16.277,1.878,2.152,1.029,1.365,0,NULL,NULL,,3,0,2,7,255,1119,250,0,0
stim,1825,31946,0,31946,3229259.457,0.771,0.378,0.249,0.448,0,0,0,0,0,0,0,55,53,1.147,1,2064,0,291.891,3.525,52.063,277.313,74.750,-0.465,0.328,0.063,0.688,3.457,-14.688,1.942,2.220,1.029,1.365,0,NULL,NULL,,3,0,2,7,255,1119,250,0,0
stim,1825,31946,0,31946,3229264.454,0.777,0.372,0.240,0.449,0,0,0,0,0,0,0,57,53,1.147,1,2064,0,297.543,3.695,65.250,278.313,82.563,-0.496,0.301,0.113,0.559,3.652,-13.988,2.006,2.286,1.029,1.365,0,NULL,NULL,,3,0,2,7,255,1119,250,0,0
stim,1825,31946,0,31946,3229269.455,0.782,0.364,0.230,0.450,0,0,0,0,0,0,0,49,53,1.147,1,2064,0,300.811,4.248,79.000,278.938,80.250,-0.555,0.293,0.238,0.129,4.246,-13.707,2.070,2.352,1.029,1.365,0,NULL,NULL,,3,0,2,7,255,1119,250,0,0
stim,1825,31946,0,31946,3229274.454,0.787,0.356,0.222,0.452,0,0,0,0,0,0,0,48,53,1.147,1,2064,0,301.343,5.577,86.375,280.500,68.313,-0.563,0.273,0.391,-0.266,5.570,-13.219,2.134,2.420,1.029,1.365,0,NULL,NULL,,3,0,2,7,255,1119,250,0,0
stim,1825,31946,0,31946,3229279.455,0.792,0.348,0.213,0.454,0,0,0,0,0,0,0,47,53,1.147,1,2064,0,302.062,6.792,87.375,283.438,57.188,-0.520,0.262,0.551,-0.383,6.781,-12.066,2.194,2.482,1.029,1.365,0,NULL,NULL,,3,0,2,7,255,1119,250,0,0
stim,1849,31970,0,31970,3229284.453,0.797,0.340,0.204,0.456,0,0,0,0,0,0,0,43,53,1.147,1,2064,0,304.289,7.748,82.688,288.625,49.500,-0.484,0.258,0.691,-0.383,7.738,-10.566,2.244,2.534,1.029,1.365,0,NULL,NULL,,3,0,2,7,255,1119,250,0,0
stim,1849,31970,0,31970,3229289.455,0.801,0.332,0.194,0.458,0,0,0,0,0,0,0,44,53,1.147,1,2064,0,307.257,8.580,72.375,295.625,42.125,-0.500,0.285,0.797,-0.195,8.578,-9.199,2.286,2.578,1.029,1.365,0,NULL,NULL,,3,0,2,7,255,1119,250,0,0
stim,1849,31970,0,31970,3229294.454,0.805,0.323,0.185,0.462,0,0,0,0,0,0,0,41,53,1.147,1,2064,0,311.729,9.469,61.188,304.250,29.375,-0.520,0.305,0.859,-0.004,9.469,-8.465,2.318,2.614,1.029,1.365,0,NULL,NULL,,3,0,2,7,255,1119,250,0,0
stim,1849,31970,0,31970,3229299.455,0.808,0.315,0.174,0.465,0,0,0,0,0,0,0,47,53,1.147,1,2064,0,318.784,10.067,50.875,314.438,12.813,-0.504,0.301,0.898,0.141,10.066,-7.969,2.346,2.642,1.029,1.365,0,NULL,NULL,,3,0,2,7,255,1119,250,0,0
stim,1895,32016,0,32016,3229304.453,0.811,0.307,0.164,0.470,0,0,0,0,0,0,0,44,53,1.147,1,2064,0,327.837,10.071,41.563,325.188,-1.625,-0.461,0.281,0.922,0.293,10.066,-7.313,2.368,2.666,1.029,1.365,0,NULL,NULL,,3,0,2,7,255,1119,250,0,0
stim,1895,32016,0,32016,3229309.455,0.813,0.299,0.153,0.475,0,0,0,0,0,0,0,47,53,1.147,1,2064,0,337.743,9.898,33.438,335.813,-13.500,-0.422,0.273,0.910,0.465,9.887,-6.598,2.382,2.684,1.029,1.365,0,NULL,NULL,,3,0,2,7,255,1119,250,0,0
stim,1895,32016,0,32016,3229314.453,0.815,0.290,0.142,0.481,0,0,0,0,0,0,0,48,53,1.147,1,2064,0,348.382,9.451,28.938,346.250,-25.375,-0.367,0.266,0.875,0.691,9.426,-6.152,2.392,2.696,1.029,1.365,0,NULL,NULL,,3,0,2,7,255,1119,250,0,0
stim,1895,32016,0,32016,3229319.455,0.817,0.282,0.130,0.487,0,0,0,0,0,0,0,53,53,1.147,1,2064,0,359.266,8.757,28.625,356.188,-37.188,-0.262,0.238,0.805,1.008,8.699,-5.883,2.398,2.702,1.029,1.365,0,NULL,NULL,,3,0,2,7,255,1119,250,0,0
stim,1895,32016,0,32016,3229324.454,0.818,0.272,0.119,0.493,0,0,0,0,0,0,0,53,53,1.147,1,2064,0,369.570,7.428,34.375,365.313,-44.125,-0.141,0.172,0.691,1.348,7.305,-5.621,2.398,2.706,1.029,1.365,0,NULL,NULL,,3,0,2,7,255,1119,250,0,0
stim,1895,32016,0,32016,3229329.455,0.819,0.262,0.107,0.499,0,0,0,0,0,0,0,51,53,1.147,1,2064,0,375.963,5.598,50.250,370.375,-40.563,-0.113,0.148,0.617,1.348,5.434,-5.621,2.396,2.706,1.029,1.365,0,NULL,NULL,,3,0,2,7,255,1119,250,0,0
stim,1895,32016,0,32016,3229334.453,0.821,0.251,0.096,0.504,0,0,0,0,0,0,0,56,53,1.147,1,2064,0,380.154,5.354,72.750,371.188,-38.000,-0.156,0.238,0.633,1.398,5.168,-5.789,2.392,2.706,1.029,1.365,0,NULL,NULL,,3,0,2,7,255,1119,250,0,0
stim,1895,32016,0,32016,3229339.455,0.822,0.240,0.086,0.510,0,0,0,0,0,0,0,55,53,1.147,1,2064,0,384.714,5.536,97.125,369.438,-45.688,-0.160,0.281,0.719,1.984,5.168,-5.789,2.392,2.706,1.029,1.365,0,NULL,NULL,,3,0,2,7,255,1119,250,0,0
stim,1923,32044,0,32044,3229344.454,0.823,0.227,0.076,0.515,0,0,0,0,0,0,0,52,53,1.147,1,2064,0,386.329,5.743,112.313,366.563,-47.625,-0.066,0.223,0.832,2.504,5.168,-5.277,2.394,2.710,1.029,1.365,0,NULL,NULL,,3,0,2,7,255,1119,250,0,0
stim,1923,32044,0,32044,3229349.455,0.824,0.214,0.066,0.520,0,0,0,0,0,0,0,54,53,1.147,1,2064,0,385.804,5.651,124.438,363.063,-39.313,0.000,0.168,0.914,2.625,5.004,-3.625,2.400,2.718,1.029,1.365,0,NULL,NULL,,3,0,2,7,255,1119,250,0,0
stim,1923,32044,0,32044,3229354.453,0.825,0.201,0.057,0.524,0,0,0,0,0,0,0,55,53,1.147,1,2064,0,384.135,5.380,132.938,359.438,-26.313,-0.012,0.203,1.004,2.641,4.688,-2.352,2.410,2.732,1.029,1.365,0,NULL,NULL,,3,0,2,7,255,1119,250,0,0
stim,1923,32044,0,32044,3229359.455,0.827,0.188,0.047,0.528,0,0,0,0,0,0,0,51,53,1.147,1,2064,0,384.656,5.591,141.938,356.750,-23.313,-0.059,0.266,1.090,3.047,4.688,-1.563,2.424,2.748,1.029,1.365,0,NULL,NULL,,3,0,2,7,255,1119,250,0,0
stim,1923,32044,0,32044,3229364.454,0.828,0.174,0.038,0.532,0,0,0,0,0,0,0,55,53,1.147,1,2064,0,384.932,6.435,151.625,353.188,-21.000,-0.043,0.293,1.223,3.563,5.359,-0.930,2.446,2.772,1.029,1.365,0,NULL,NULL,,3,0,2,7,255,1119,250,0,0
stim,1923,32044,0,32044,3229369.455,0.829,0.160,0.030,0.535,0,0,0,0,0,0,0,53,53,1.147,1,2064,0,385.522,6.773,158.500,351.000,-17.438,-0.066,0.305,1.336,4.086,5.402,0.410,2.472,2.800,1.029,1.365,0,NULL,NULL,,3,0,2,7,255,1119,250,0,0
stim,1923,32044,0,32044,3229374.454,0.829,0.146,0.021,0.539,0,0,0,0,0,0,0,48,53,1.147,1,2064,0,385.262,7.070,160.375,349.688,-20.625,-0.090,0.297,1.434,4.277,5.629,1.582,2.504,2.834,1.029,1.365,0,NULL,NULL,,3,0,2,7,255,1119,250,0,0
stim,1923,32044,0,32044,3229379.455,0.830,0.132,0.012,0.542,0,0,0,0,0,0,0,53,53,1.147,1,2064,0,384.073,7.070,160.500,348.125,-23.688,-0.078,0.262,1.527,4.277,5.629,2.625,2.540,2.872,1.029,1.365,0,NULL,NULL,,3,0,2,7,255,1119,250,0,0
stim,1947,32068,0,32068,3229384.453,0.830,0.118,0.004,0.545,0,0,0,0,0,0,0,51,53,1.147,1,2064,0,382.279,6.758,161.500,345.875,-20.625,-0.082,0.270,1.652,4.289,5.223,3.809,2.582,2.916,1.029,1.365,0,NULL,NULL,,3,0,2,7,255,1119,250,0,0
stim,1947,32068,0,32068,3229389.455,0.830,0.104,-0.005,0.548,0,0,0,0,0,0,0,53,53,1.147,1,2064,0,379.592,6.750,157.688,344.688,-20.375,-0.109,0.297,1.781,4.406,5.113,5.117,2.626,2.964,1.029,1.365,0,NULL,NULL,,3,0,2,7,255,1119,250,0,0
stim,1947,32068,0,32068,3229394.453,0.830,0.091,-0.013,0.550,0,0,0,0,0,0,0,55,53,1.147,1,2064,0,374.366,6.943,148.375,342.938,-23.000,-0.133,0.301,1.879,4.738,5.074,6.441,2.674,3.012,1.029,1.365,0,NULL,NULL,,3,0,2,7,255,1119,250,0,0
stim,1947,32068,0,32068,3229399.455,0.829,0.078,-0.022,0.553,0,0,0,0,0,0,0,56,53,1.147,1,2064,0,367.896,6.851,136.875,340.500,-25.938,-0.133,0.277,1.926,4.750,4.938,7.531,2.720,3.062,1.029,1.365,0,NULL,NULL,,3,0,2,7,255,1119,250,0,0
stim,1973,32094,0,32094,3229404.454,0.828,0.065,-0.031,0.556,0,0,0,0,0,0,0,52,53,1.147,1,2064,0,362.426,6.426,127.875,338.000,-27.500,-0.125,0.258,1.922,4.750,4.328,8.172,2.762,3.106,1.029,1.365,0,NULL,NULL,,3,0,2,7,255,1119,250,0,0
stim,1973,32094,0,32094,3229409.455,0.827,0.052,-0.040,0.558,0,0,0,0,0,0,0,55,53,1.147,1,2064,0,358.466,5.853,125.375,334.625,-28.375,-0.117,0.246,1.906,4.629,3.582,8.262,2.800,3.146,1.029,1.365,0,NULL,NULL,,3,0,2,7,255,1119,250,0,0
stim,2001,32122,1,32122,3229414.453,0.826,0.040,-0.049,0.561,0,0,0,0,0,0,0,53,53,1.147,1,2064,0,356.303,5.386,129.625,330.500,-30.313,-0.109,0.230,1.918,4.547,2.887,8.289,2.834,3.182,1.029,1.365,0,NULL,NULL,,3,1,2,7,255,1119,250,0,0
stim,2001,32122,1,32122,3229419.455,0.824,0.027,-0.057,0.563,0,0,0,0,0,0,0,53,53,1.147,1,2064,0,355.565,4.998,137.063,326.313,-34.063,-0.070,0.199,1.949,4.500,2.176,8.457,2.862,3.214,1.029,1.365,0,NULL,NULL,,3,1,2,7,255,1119,250,0,0
stim,2001,32122,1,32122,3229424.454,0.822,0.014,-0.064,0.565,0,0,0,0,0,0,0,53,53,1.147,1,2064,0,356.091,4.508,145.688,322.875,-36.438,0.000,0.113,1.965,4.371,1.102,8.836,2.886,3.240,1.029,1.365,0,NULL,NULL,,3,1,2,7,255,1119,250,0,0
stim,2001,32122,1,32122,3229429.455,0.820,0.000,-0.072,0.567,0,0,0,0,0,0,0,59,53,1.147,1,2064,0,358.189,3.845,157.188,320.063,-33.938,0.070,0.027,1.953,3.820,-0.434,8.977,2.906,3.262,1.029,1.365,0,NULL,NULL,,3,1,2,7,255,1119,250,0,0
stim,2001,32122,1,32122,3229434.453,0.818,-0.014,-0.078,0.569,0,0,0,0,0,0,0,63,53,1.147,1,2064,0,364.036,3.764,175.313,317.563,-30.688,0.148,-0.023,1.938,3.211,-1.965,8.977,2.924,3.282,1.029,1.365,0,NULL,NULL,,3,1,2,7,255,1119,250,0,0
stim,2001,32122,1,32122,3229439.455,0.816,-0.029,-0.085,0.571,0,0,0,0,0,0,0,69,53,1.147,1,2064,0,375.060,4.517,202.063,314.625,-29.188,0.258,-0.047,1.984,2.949,-3.422,8.910,2.940,3.300,1.029,1.365,0,NULL,NULL,,3,1,2,7,255,1119,250,0,0
stim,2001,32122,1,32122,3229444.453,0.813,-0.045,-0.090,0.573,0,0,0,0,0,0,0,69,53,1.147,1,2064,0,390.089,5.957,232.438,312.000,-28.250,0.430,-0.063,2.113,2.949,-5.176,8.910,2.956,3.318,1.029,1.365,0,NULL,NULL,,3,1,2,7,255,1119,250,0,0
stim,2001,32122,1,32122,3229449.455,0.811,-0.061,-0.095,0.575,0,0,0,0,0,0,0,71,53,1.147,1,2064,0,405.691,8.281,259.250,310.938,-26.313,0.617,-0.082,2.297,3.293,-7.598,9.672,2.972,3.336,1.029,1.365,0,NULL,NULL,,3,1,2,7,255,1119,250,0,0
stim,2023,32144,1,32144,3229454.454,0.808,-0.079,-0.099,0.576,0,0,0,0,0,0,0,67,53,1.147,1,2064,0,419.129,10.988,280.125,311.000,-21.875,0.785,-0.098,2.508,3.629,-10.371,10.785,2.990,3.356,1.029,1.365,0,NULL,NULL,,3,1,2,7,255,1119,250,0,0
stim,2023,32144,1,32144,3229459.455,0.805,-0.097,-0.102,0.577,0,0,0,0,0,0,0,62,53,1.147,1,2064,0,429.234,13.662,296.125,310.313,-16.063,0.930,-0.113,2.777,3.848,-13.109,12.090,3.010,3.378,1.029,1.365,0,NULL,NULL,,3,1,2,7,255,1119,250,0,0
stim,2023,32144,1,32144,3229464.454,0.801,-0.115,-0.105,0.578,0,0,0,0,0,0,0,61,53,1.147,1,2064,0,433.791,16.387,302.188,310.938,-13.250,1.063,-0.082,3.078,3.941,-15.906,13.832,3.032,3.402,1.029,1.365,0,NULL,NULL,,3,1,2,7,255,1119,250,0,0
stim,2023,32144,1,32144,3229469.455,0.797,-0.133,-0.109,0.578,0,0,0,0,0,0,0,61,53,1.147,1,2064,0,423.884,19.200,284.688,313.625,-16.438,1.191,0.047,3.309,4.375,-18.695,15.754,3.054,3.426,1.029,1.365,0,NULL,NULL,,3,1,2,7,255,1119,250,0,0
stim,2023,32144,1,32144,3229474.454,0.794,-0.150,-0.114,0.578,0,0,0,0,0,0,0,67,53,1.147,1,2064,0,401.895,21.792,251.813,312.813,-16.063,1.293,0.078,3.406,5.590,-21.063,16.879,3.080,3.454,1.029,1.365,0,NULL,NULL,,3,1,2,7,255,1119,250,0,0
stim,2023,32144,1,32144,3229479.455,0.790,-0.165,-0.119,0.578,0,0,0,0,0,0,0,72,53,1.147,1,2064,0,375.207,23.817,211.250,309.750,-14.438,1.387,0.176,3.418,5.762,-23.109,16.879,3.106,3.484,1.029,1.365,0,NULL,NULL,,3,1,2,7,255,1119,250,0,0
stim,2056,32177,1,32177,3229484.454,0.787,-0.178,-0.126,0.578,0,0,0,0,0,0,0,73,53,1.147,1,2064,0,343.924,25.384,164.125,301.813,-16.000,1.500,0.305,3.289,6.625,-24.504,16.027,3.134,3.514,1.029,1.365,0,NULL,NULL,,3,1,2,7,255,1119,250,0,0
stim,2056,32177,1,32177,3229489.455,0.783,-0.189,-0.133,0.577,0,0,0,0,0,0,0,102,53,1.147,1,2064,0,317.888,26.591,131.688,288.688,-19.250,1.852,0.344,3.176,7.898,-25.391,13.875,3.162,3.542,1.029,1.365,0,NULL,NULL,,3,1,2,7,255,1119,250,0,0
stim,2056,32177,1,32177,3229494.453,0.780,-0.199,-0.140,0.576,0,0,0,0,0,0,0,119,53,1.147,1,2064,0,287.153,29.465,88.813,272.813,-11.938,2.215,0.047,2.844,7.898,-28.387,10.734,3.188,3.570,1.029,1.365,0,NULL,NULL,,3,1,2,7,255,1119,250,0,0
stim,2056,32177,1,32177,3229499.455,0.778,-0.207,-0.147,0.574,0,0,0,0,0,0,0,165,53,1.147,1,2064,0,260.272,32.029,56.438,253.938,8.500,2.574,-0.211,2.363,7.328,-31.180,5.188,3.212,3.596,1.029,1.365,0,NULL,NULL,,3,1,2,7,255,1119,250,0,0
stim,2056,32177,1,32177,3229504.454,0.777,-0.215,-0.154,0.571,0,0,0,0,0,0,0,179,53,1.147,1,2064,0,239.137,33.245,41.688,231.063,45.375,2.871,-0.391,1.727,5.938,-32.711,-1.613,3.234,3.620,1.029,1.365,0,NULL,NULL,,3,1,2,7,255,1119,250,0,0
stim,2056,32177,1,32177,3229509.455,0.777,-0.223,-0.159,0.567,0,0,0,0,0,0,0,212,53,1.147,1,2064,0,229.284,33.112,60.188,209.563,70.938,3.113,-0.594,1.102,5.137,-32.711,-9.340,3.252,3.640,1.029,1.365,0,NULL,NULL,,3,1,2,7,255,1119,250,0,0
stim,2095,32216,1,32216,3229514.453,0.777,-0.232,-0.161,0.563,0,0,0,0,0,0,0,215,53,1.147,1,2064,0,240.021,32.574,112.750,186.875,99.875,3.371,-0.871,0.664,3.965,-32.332,-16.648,3.266,3.656,1.029,1.365,0,NULL,NULL,,3,1,2,7,255,1119,250,0,0
stim,2095,32216,1,32216,3229519.455,0.777,-0.243,-0.161,0.558,0,0,0,0,0,0,0,221,53,1.147,1,2064,0,283.386,32.415,185.563,164.063,137.688,3.512,-1.254,0.500,2.316,-32.332,-22.551,3.274,3.666,1.029,1.365,0,NULL,NULL,,3,1,2,7,255,1119,250,0,0
stim,2095,32216,1,32216,3229524.454,0.777,-0.257,-0.158,0.553,0,0,0,0,0,0,0,231,53,1.147,1,2064,0,351.823,32.929,270.500,145.813,171.313,3.445,-1.320,0.551,-0.477,-32.926,-25.824,3.276,3.672,1.029,1.365,0,NULL,NULL,,3,1,2,7,255,1119,250,0,0
stim,2095,32216,1,32216,3229529.455,0.777,-0.272,-0.152,0.547,0,0,0,0,0,0,0,231,53,1.147,1,2064,0,391.592,33.292,324.813,122.063,181.500,3.438,-1.801,1.102,-0.844,-33.281,-25.824,3.274,3.672,1.029,1.365,0,NULL,NULL,,3,1,2,7,255,1119,250,0,0
stim,2095,32216,1,32216,3229534.454,0.776,-0.287,-0.146,0.542,0,0,0,0,0,0,0,231,53,1.147,1,2064,0,390.274,37.270,321.938,106.188,193.375,3.289,-1.727,1.371,-4.574,-36.988,-23.164,3.266,3.666,1.029,1.365,0,NULL,NULL,,3,1,2,7,255,1119,250,0,0
stim,2095,32216,1,32216,3229539.455,0.777,-0.301,-0.139,0.536,0,0,0,0,0,0,0,233,53,1.147,1,2064,0,386.937,37.301,317.750,78.188,206.500,2.992,-1.641,1.754,-4.820,-36.988,-20.871,3.250,3.652,1.029,1.365,0,NULL,NULL,,3,1,2,7,255,1119,250,0,0
stim,2095,32216,1,32216,3229544.453,0.776,-0.313,-0.132,0.531,0,0,0,0,0,0,0,234,53,1.147,1,2064,0,331.095,37.305,284.625,48.250,162.125,2.512,-1.926,2.395,-4.820,-36.992,-16.789,3.224,3.630,1.029,1.365,0,NULL,NULL,,3,1,2,7,255,1119,250,0,0
stim,2095,32216,1,32216,3229549.455,0.775,-0.323,-0.125,0.528,0,0,0,0,0,0,0,233,53,1.147,1,2064,0,287.521,37.817,258.438,14.375,125.188,2.188,-1.648,2.652,-8.969,-36.738,-10.836,3.186,3.592,1.029,1.365,0,NULL,NULL,,3,1,2,7,255,1119,250,0,0
stim,2118,32239,1,32239,3229554.454,0.774,-0.330,-0.118,0.527,0,0,0,0,0,0,0,225,53,1.147,1,2064,0,239.454,38.805,223.313,-17.250,84.688,2.230,-0.742,3.434,-8.969,-37.754,-6.820,3.136,3.544,1.029,1.365,0,NULL,NULL,,3,1,2,7,255,1119,250,0,0
stim,2118,32239,1,32239,3229559.455,0.776,-0.333,-0.113,0.524,0,0,0,0,0,0,0,219,53,1.147,1,2064,0,155.853,39.209,93.625,-53.688,112.438,2.340,-0.625,3.996,-2.105,-39.152,1.672,3.074,3.484,1.029,1.365,0,NULL,NULL,,3,1,2,7,255,1119,250,0,0
stim,2118,32239,1,32239,3229564.454,0.779,-0.330,-0.109,0.521,0,0,0,0,0,0,0,249,53,1.147,1,2064,0,141.386,39.209,-44.125,-78.063,109.313,1.449,-0.742,3.129,-2.105,-39.152,3.723,3.002,3.416,1.029,1.365,0,NULL,NULL,,3,1,2,7,255,1119,250,0,0
stim,2118,32239,1,32239,3229569.455,0.782,-0.327,-0.105,0.521,21,0,0,341,0,0,0,359,53,1.147,1,2064,0,140.115,31.920,-29.063,-124.938,56.375,0.512,-0.586,3.551,-4.895,-31.543,5.809,2.922,3.336,1.029,1.365,0,NULL,NULL,,3,1,2,7,255,1119,250,0,0
stim,2140,32261,1,32261,3229574.454,0.787,-0.330,-0.087,0.514,573,0,0,1019,0,31,0,393,53,1.147,1,2064,0,459.727,31.920,202.938,-261.313,319.188,-0.184,1.191,6.809,-4.895,-31.543,12.500,2.834,3.248,1.029,1.365,0,NULL,NULL,,3,1,2,7,255,1119,250,0,0
stim,2140,32261,1,32261,3229579.455,0.805,-0.305,-0.092,0.500,1099,0,0,1508,0,285,0,475,53,1.147,1,2064,0,765.900,26.771,-659.875,-142.813,361.625,-1.180,2.988,4.926,-2.352,-26.668,45.453,2.734,3.150,1.029,1.365,0,NULL,NULL,,3,1,2,7,255,1119,250,0,0
stim,2140,32261,1,32261,3229584.454,0.823,-0.266,-0.107,0.490,1611,0,0,1811,0,527,0,537,53,1.147,1,2064,0,1081.228,16.411,-1052.938,-145.000,198.375,-1.508,3.555,0.191,13.434,-9.426,45.453,2.628,3.046,1.029,1.365,0,NULL,NULL,,3,1,2,7,255,1119,250,0,0
stim,2140,32261,1,32261,3229589.455,0.834,-0.238,-0.117,0.484,1948,0,0,1941,0,623,0,579,53,1.147,1,2065,0,731.768,27.320,-713.375,-119.875,110.500,-2.262,2.113,-1.992,13.434,23.789,8.902,2.512,2.932,1.029,1.365,1,1095.000,-24.000,,3,1,2,7,255,1119,250,0,0
stim,2140,32261,1,32261,3229594.453,0.837,-0.223,-0.120,0.485,2153,0,0,2037,0,867,0,631,53,1.147,1,2065,0,345.263,24.732,-318.875,-123.375,-48.000,-1.586,0.668,-1.516,6.766,23.789,-11.977,2.390,2.810,1.029,1.365,1,NULL,NULL,,3,1,2,7,255,1119,250,0,0
stim,2140,32261,1,32261,3229599.455,0.836,-0.219,-0.117,0.490,2299,0,0,2107,0,1001,0,741,53,1.147,1,2065,0,164.238,21.822,-37.000,-129.813,-93.563,0.008,0.230,0.418,1.957,21.734,-11.977,2.262,2.682,1.029,1.365,1,NULL,NULL,,3,1,2,7,255,1119,250,0,0
stim,2193,32314,1,32314,3229604.453,0.838,-0.214,-0.113,0.490,2469,0,0,2248,0,1203,0,811,53,1.147,1,2065,0,138.181,2.216,-50.938,-126.563,21.938,0.621,1.352,1.465,1.957,-1.039,-5.707,2.126,2.546,1.029,1.365,1,NULL,NULL,,3,1,2,7,255,1119,250,0,0
stim,2193,32314,1,32314,3229609.455,0.842,-0.206,-0.111,0.486,2653,0,0,2475,0,1285,0,867,53,1.147,1,2065,0,237.985,14.584,-166.875,-130.813,108.063,0.031,1.816,1.699,14.547,-1.039,3.457,1.988,2.408,1.029,1.365,1,NULL,NULL,,3,1,2,7,255,1119,250,0,0
stim,2193,32314,1,32314,3229614.454,0.849,-0.193,-0.110,0.480,2771,0,0,2646,0,1323,0,981,53,1.147,1,2065,0,371.620,14.555,-299.500,-154.688,156.438,-1.707,-0.035,0.938,14.547,0.480,4.695,1.846,2.266,1.029,1.365,2,NULL,NULL,,3,1,2,7,255,1119,250,0,0
stim,2193,32314,1,32314,3229619.455,0.855,-0.175,-0.111,0.476,2848,0,0,2751,0,1367,0,1081,53,1.147,1,2065,0,448.312,12.441,-397.500,-189.750,83.500,-2.293,-1.484,0.027,-8.750,8.844,4.695,1.704,2.122,1.029,1.365,2,NULL,NULL,,3,1,2,7,255,1119,250,0,0
stim,2193,32314,1,32314,3229624.454,0.855,-0.161,-0.110,0.481,2924,0,0,2853,0,1407,0,1221,53,1.147,1,2065,0,341.888,22.617,-247.625,-186.250,-144.500,-1.684,-1.391,-0.813,-20.715,9.078,-3.969,1.558,1.974,1.029,1.365,2,NULL,NULL,,3,1,2,7,255,1119,250,0,0
stim,2193,32314,1,32314,3229629.455,0.852,-0.154,-0.104,0.490,2975,0,0,2923,0,1449,0,1339,53,1.147,1,2065,0,287.558,22.617,-27.750,-200.375,-204.375,-0.125,-0.805,-0.094,-20.715,9.078,-11.328,1.408,1.820,1.029,1.365,2,NULL,NULL,,3,1,2,7,255,1119,250,0,0
stim,2193,32314,1,32314,3229634.454,0.849,-0.152,-0.096,0.497,3005,0,0,2989,0,1493,0,1404,53,1.147,1,2065,0,263.155,8.005,79.938,-192.875,-160.188,0.781,-1.051,1.438,-7.578,-2.578,-11.328,1.254,1.664,1.029,1.365,2,NULL,NULL,,3,1,2,7,255,1119,250,0,0
stim,2193,32314,1,32314,3229639.455,0.848,-0.149,-0.090,0.501,3035,0,0,3030,0,1556,0,1433,53,1.147,1,2065,0,180.349,16.698,12.063,-169.625,-60.063,1.266,-1.348,2.238,-4.969,-15.941,-0.359,1.100,1.504,1.029,1.365,2,NULL,NULL,,3,1,2,7,255,1119,250,0,0
stim,2223,32344,1,32344,3229644.453,0.851,-0.141,-0.086,0.499,3052,0,0,3079,0,1656,0,1435,53,1.147,1,2065,0,204.525,23.920,-120.125,-156.625,53.563,1.297,-1.387,2.102,-4.969,-23.398,4.395,0.944,1.342,1.029,1.365,2,NULL,NULL,,3,1,2,7,255,1119,250,0,0
stim,2223,32344,1,32344,3229649.455,0.856,-0.132,-0.085,0.493,3059,0,0,3099,0,1773,0,1437,53,1.147,1,2065,0,287.652,23.941,-197.000,-134.813,160.500,0.770,-1.184,1.254,-5.070,-23.398,4.395,0.786,1.178,1.029,1.365,2,NULL,NULL,,3,1,2,7,255,1119,250,0,0
stim,2223,32344,1,32344,3229654.453,0.862,-0.123,-0.083,0.485,3081,0,0,3127,0,1869,25,1467,53,1.147,1,2065,0,302.885,16.604,-176.875,-126.750,210.688,-0.090,-0.879,0.543,-5.820,-15.551,-1.449,0.634,1.012,1.029,1.365,2,NULL,NULL,,3,1,2,7,255,1119,250,0,0
stim,2223,32344,1,32344,3229659.455,0.867,-0.117,-0.079,0.478,3087,0,0,3143,0,1966,35,1499,53,1.147,1,2065,0,245.787,7.921,-102.313,-130.563,181.375,-0.684,-0.309,0.500,-5.969,-5.207,-3.699,0.490,0.848,1.029,1.365,2,NULL,NULL,,3,1,2,7,255,1119,250,0,0
stim,2223,32344,0,32344,3229664.454,0.870,-0.114,-0.075,0.475,3089,0,0,3159,0,2073,41,1611,53,1.147,1,2065,0,170.440,6.467,-42.688,-130.438,101.063,-0.781,0.289,0.832,-5.969,2.488,-3.699,0.362,0.684,1.029,1.365,2,NULL,NULL,,3,0,2,7,255,1113,250,0,0
stim,2223,32344,0,32344,3229669.455,0.871,-0.110,-0.070,0.474,3093,0,0,3159,199,2187,56,1751,53,1.147,1,2065,0,136.225,4.603,-33.125,-128.250,31.813,-0.523,0.629,1.262,-1.430,4.375,0.180,0.280,0.522,1.029,1.365,2,NULL,NULL,,3,0,2,7,255,1113,250,0,0
stim,2223,32344,0,32344,3229674.453,0.871,-0.105,-0.067,0.474,3097,0,0,3175,435,2257,253,1918,53,1.147,1,2065,0,136.173,5.231,-61.813,-120.875,-10.563,-0.207,0.414,1.711,2.867,4.375,3.902,0.286,0.374,1.029,1.365,2,NULL,NULL,,3,0,2,7,255,1113,250,0,0
stim,2223,32344,0,32344,3229679.455,0.870,-0.101,-0.066,0.477,3103,0,0,3175,747,2311,219,2027,53,1.147,1,2065,0,126.283,2.869,-70.000,-66.063,-81.750,0.203,0.047,2.074,2.867,-0.105,7.289,0.336,0.280,1.029,1.365,2,NULL,NULL,,3,0,2,7,255,1113,250,0,0
stim,2247,32368,0,32368,3229684.454,0.869,-0.095,-0.067,0.481,3095,0,0,3181,972,2343,237,2093,53,1.147,1,2065,0,158.909,6.675,-110.500,-49.063,-103.125,0.699,0.258,1.117,2.949,-5.988,7.289,0.382,0.252,1.029,1.365,2,NULL,NULL,,3,0,2,7,255,1113,250,0,0
stim,2247,32368,0,32368,3229689.455,0.868,-0.093,-0.066,0.484,3097,0,0,3179,1159,2379,261,2145,53,1.147,1,2065,0,81.223,8.636,-36.000,-38.875,-61.563,0.828,0.496,0.840,6.223,-5.988,-0.375,0.402,0.276,1.029,1.365,2,NULL,NULL,,3,0,2,7,255,1113,250,0,0
stim,2247,32368,0,32368,3229694.453,0.868,-0.091,-0.066,0.483,3096,25,0,3176,1275,2395,267,2197,53,1.147,1,2065,0,38.792,9.161,-32.000,-20.188,8.563,0.211,-0.469,1.387,6.223,-6.723,-0.375,0.402,0.320,1.029,1.365,2,NULL,NULL,,3,0,2,7,255,1113,250,0,0
stim,2247,32368,0,32368,3229699.455,0.869,-0.087,-0.068,0.482,3098,33,0,3189,1370,2415,280,2235,53,1.147,1,2065,0,109.097,6.342,-106.563,-16.688,16.375,-0.418,-0.691,1.227,-2.176,-5.957,2.398,0.410,0.356,1.029,1.365,2,NULL,NULL,,3,0,2,7,255,1113,250,0,0
stim,2281,32402,0,32402,3229704.453,0.868,-0.083,-0.069,0.484,3109,39,0,3187,1491,2416,279,2275,53,1.147,1,2065,0,103.991,3.835,-90.250,-11.188,-50.438,-0.473,-0.078,0.617,-2.766,-2.656,2.398,0.434,0.394,1.029,1.365,2,NULL,NULL,,3,0,2,7,255,1113,250,0,0
stim,2281,32402,0,32402,3229709.455,0.866,-0.082,-0.069,0.488,3107,81,0,3179,1554,2426,275,2309,53,1.147,1,2065,0,108.299,2.830,-7.563,-13.500,-107.188,-0.059,0.289,0.672,-2.766,0.602,-2.992,0.458,0.430,1.029,1.365,2,NULL,NULL,,3,0,2,7,255,1113,250,0,0
stim,2304,32425,0,32425,3229714.454,0.864,-0.082,-0.069,0.491,3108,106,0,3189,1607,2455,283,2317,53,1.147,1,2065,0,83.900,1.939,13.688,-11.750,-81.938,0.250,-0.008,1.176,1.844,0.602,-2.992,0.468,0.460,1.029,1.365,2,NULL,NULL,,3,0,2,7,255,1113,250,0,0
stim,2304,32425,0,32425,3229719.455,0.864,-0.080,-0.069,0.492,3103,121,0,3179,1647,2459,293,2344,53,1.147,1,2065,0,47.328,4.784,-39.125,-7.250,-25.625,0.105,-0.285,1.289,1.844,-4.414,0.984,0.454,0.478,1.029,1.365,2,NULL,NULL,,3,0,2,7,255,1113,250,0,0
stim,2304,32425,0,32425,3229724.454,0.864,-0.077,-0.071,0.492,3098,142,0,3188,1710,2475,295,2363,53,1.147,1,2065,0,73.639,4.549,-73.063,-4.188,-8.188,-0.230,-0.137,0.938,-1.102,-4.414,0.984,0.416,0.484,1.029,1.365,2,NULL,NULL,,3,0,2,7,255,1113,250,0,0
stim,2304,32425,0,32425,3229729.455,0.863,-0.075,-0.072,0.494,3098,159,16,3191,1757,2469,295,2387,53,1.147,1,2065,0,61.189,1.246,-45.563,-1.563,-40.813,-0.285,0.000,0.742,-1.102,-0.582,-0.395,0.372,0.482,1.029,1.365,2,NULL,NULL,,3,0,2,7,255,1113,250,0,0
stim,2304,32425,0,32425,3229734.454,0.862,-0.074,-0.072,0.496,3103,180,97,3193,1821,2481,293,2403,53,1.147,1,2065,0,65.926,1.087,-10.375,-3.688,-65.000,-0.059,-0.113,0.883,-0.918,-0.582,-1.262,0.342,0.464,1.029,1.365,2,NULL,NULL,,3,0,2,7,255,1113,250,0,0
stim,2304,32425,0,32425,3229739.455,0.861,-0.074,-0.073,0.498,3101,203,153,3182,1851,2487,292,2410,53,1.147,1,2065,0,41.795,1.854,-7.563,-2.938,-41.000,0.113,-0.219,1.055,-0.645,-1.738,-1.262,0.324,0.428,1.029,1.365,2,NULL,NULL,,3,0,2,7,255,1113,250,0,0
stim,2304,32425,0,32425,3229744.453,0.861,-0.073,-0.073,0.498,3108,218,190,3181,1884,2491,283,2423,53,1.147,1,2065,0,23.043,2.516,-21.563,-2.813,-7.625,0.008,-0.086,1.055,-0.594,-2.445,0.055,0.322,0.374,1.029,1.365,2,NULL,NULL,,3,0,2,7,255,1113,250,0,0
stim,2304,32425,0,32425,3229749.455,0.861,-0.072,-0.073,0.498,3100,216,267,3177,1898,2495,254,2419,53,1.147,1,2065,0,21.082,2.446,-20.625,-1.750,-4.000,-0.145,0.082,0.984,0.070,-2.445,0.055,0.332,0.314,1.029,1.365,2,NULL,NULL,,3,0,2,7,255,1113,250,0,0
stim,2305,32426,0,32426,3229754.453,0.861,-0.071,-0.073,0.499,3108,231,303,3178,1914,2495,252,2420,53,1.147,1,2065,0,21.310,0.543,-10.125,-0.188,-18.750,-0.152,0.059,0.984,0.465,-0.281,-0.055,0.346,0.256,1.029,1.365,2,NULL,NULL,,3,0,2,7,255,1113,250,0,0
stim,2305,32426,0,32426,3229759.455,0.860,-0.071,-0.073,0.499,3111,229,345,3179,1930,2503,251,2429,53,1.147,1,2065,0,23.554,0.543,-5.563,0.750,-22.875,-0.051,-0.039,1.004,0.465,-0.281,-0.059,0.354,0.218,1.029,1.365,2,NULL,NULL,,3,0,2,7,255,1113,250,0,0
stim,2329,32450,0,32450,3229764.454,0.860,-0.071,-0.073,0.500,3101,232,368,3179,1937,2493,253,2425,53,1.272,1,2065,1,10.445,1.634,-6.375,0.625,-8.250,-0.023,-0.043,1.012,0.281,-1.609,-0.059,0.000,0.000,1.069,1.355,2,NULL,NULL,,3,0,2,7,255,1113,250,0,0
stim,2329,32450,0,32450,3229769.455,0.860,-0.070,-0.073,0.500,3112,228,408,3177,1943,2507,239,2429,53,1.272,1,2065,1,5.089,1.634,-4.063,0.125,3.063,-0.121,0.027,1.000,0.281,-1.609,-0.059,0.004,0.002,1.069,1.355,2,NULL,NULL,,3,0,2,7,255,1113,250,0,0
stim,2329,32450,0,32450,3229774.453,0.860,-0.070,-0.073,0.500,3114,227,423,3177,1949,2494,229,2437,53,1.272,1,2065,1,4.086,0.728,0.438,1.000,-3.938,-0.184,0.047,1.008,0.281,-0.672,0.027,0.010,0.004,1.069,1.355,2,NULL,NULL,,3,0,2,7,255,1113,250,0,0
stim,2329,32450,0,32450,3229779.455,0.860,-0.070,-0.073,0.500,3101,221,440,3175,1949,2495,221,2431,53,1.272,1,2065,1,10.329,0.720,1.875,0.813,-10.125,-0.125,0.047,1.039,0.363,-0.621,0.227,0.014,0.006,1.069,1.355,2,NULL,NULL,,3,0,2,7,255,1113,250,0,0
stim,2355,32477,0,32477,3229784.454,0.860,-0.070,-0.073,0.500,3097,217,459,3171,1951,2491,212,2436,53,1.272,1,2065,1,5.370,0.817,2.250,-0.063,-4.875,-0.094,0.027,1.043,0.531,-0.621,0.406,0.018,0.006,1.069,1.355,2,NULL,NULL,,3,0,2,7,255,1113,250,0,0
stim,2356,32477,0,32477,3229789.455,0.860,-0.070,-0.073,0.500,3097,216,475,3175,1949,2502,209,2423,53,1.272,1,2065,1,1.399,0.832,1.250,-0.063,-0.625,-0.145,0.008,1.020,0.531,-0.641,0.406,0.020,0.008,1.069,1.355,2,NULL,NULL,,3,0,2,7,255,1113,250,0,0
stim,2356,32477,0,32477,3229794.453,0.860,-0.070,-0.073,0.500,3091,203,475,3161,1951,2484,201,2425,53,1.272,1,2065,1,2.717,0.671,1.438,-1.250,1.938,-0.168,0.031,1.000,0.199,-0.641,0.262,0.024,0.008,1.069,1.355,2,NULL,NULL,,3,0,2,7,255,1113,250,0,0
stim,2356,32477,0,32477,3229799.455,0.860,-0.071,-0.073,0.500,3083,202,483,3165,1947,2485,205,2413,53,1.272,1,2065,1,4.963,0.295,4.250,-2.563,0.063,-0.180,0.020,0.988,0.102,-0.277,0.109,0.026,0.008,1.069,1.355,2,NULL,NULL,,3,0,2,7,255,1113,250,0,0
stim,2356,32477,0,32477,3229804.453,0.860,-0.071,-0.072,0.500,3083,191,491,3148,1957,2475,206,2423,53,1.272,1,2065,1,7.610,0.341,6.500,-3.813,-1.063,-0.148,0.039,1.000,0.199,-0.277,0.074,0.030,0.008,1.069,1.355,2,NULL,NULL,,3,0,2,7,255,1113,250,0,0
stim,2356,32477,0,32477,3229809.455,0.860,-0.071,-0.072,0.500,3067,187,506,3141,1963,2475,215,2426,53,1.272,1,2065,1,8.960,0.442,6.063,-4.938,4.375,-0.156,0.047,1.000,0.328,-0.297,0.074,0.032,0.010,1.069,1.355,2,NULL,NULL,,3,0,2,7,255,1113,250,0,0
stim,2398,32519,0,32519,3229814.454,0.860,-0.071,-0.072,0.500,3059,174,510,3129,1963,2464,230,2423,53,1.272,1,2065,1,8.929,0.442,4.625,-6.125,4.563,-0.180,0.059,1.012,0.328,-0.297,0.125,0.034,0.010,1.069,1.355,2,NULL,NULL,,3,0,2,7,255,1113,250,0,0
stim,2398,32519,0,32519,3229819.455,0.860,-0.071,-0.071,0.500,3051,171,526,3129,1965,2469,232,2427,53,1.272,1,2065,1,9.020,0.332,4.125,-7.188,3.563,-0.184,0.059,0.992,0.324,-0.070,0.125,0.036,0.008,1.069,1.355,2,NULL,NULL,,3,0,2,7,255,1113,250,0,0
stim,2398,32519,0,32519,3229824.454,0.860,-0.071,-0.071,0.500,3049,175,567,3118,1972,2462,241,2426,53,1.272,1,2065,1,9.941,0.332,5.938,-7.938,0.750,-0.160,0.063,0.980,0.324,-0.070,0.094,0.038,0.008,1.069,1.355,2,NULL,NULL,,3,0,2,7,255,1113,250,0,0
stim,2398,32519,0,32519,3229829.455,0.860,-0.071,-0.070,0.500,3026,173,601,3101,1989,2455,267,2443,53,1.272,1,2065,1,13.061,0.327,6.688,-10.250,4.563,-0.168,0.043,0.992,0.297,-0.137,0.047,0.040,0.008,1.069,1.355,2,NULL,NULL,,3,0,2,7,255,1113,250,0,0
stim,2398,32519,0,32519,3229834.454,0.860,-0.071,-0.070,0.500,3020,181,627,3094,1999,2451,285,2451,53,1.272,1,2065,1,13.373,0.261,5.250,-11.063,5.375,-0.207,0.059,0.996,0.223,-0.137,0.047,0.040,0.006,1.069,1.355,2,NULL,NULL,,3,0,2,7,255,1113,250,0,0
stim,2398,32519,0,32519,3229839.455,0.861,-0.071,-0.069,0.500,2997,173,645,3087,2023,2461,304,2455,53,1.272,1,2065,1,14.050,0.315,5.625,-12.875,0.000,-0.219,0.078,0.992,0.223,0.223,0.164,0.040,0.006,1.069,1.355,2,NULL,NULL,,3,0,2,7,255,1113,250,0,0
stim,2398,32519,0,32519,3229844.453,0.860,-0.071,-0.068,0.500,2985,173,661,3069,2037,2451,361,2469,53,1.272,1,2065,1,15.297,0.326,6.313,-13.250,-4.313,-0.172,0.086,0.992,0.238,0.223,0.164,0.040,0.006,1.069,1.355,2,NULL,NULL,,3,0,2,7,255,1113,250,0,0
stim,2398,32519,0,32519,3229849.455,0.860,-0.071,-0.067,0.500,2979,180,683,3053,2063,2455,375,2475,53,1.272,1,2065,1,16.507,0.421,6.188,-14.375,-5.250,-0.145,0.059,1.008,0.414,0.078,0.164,0.042,0.006,1.069,1.355,2,NULL,NULL,,3,0,2,7,255,1113,250,0,0
stim,2422,32543,0,32543,3229854.453,0.860,-0.071,-0.067,0.500,2944,182,732,3041,2089,2447,397,2479,53,1.272,1,2065,1,15.414,0.547,4.063,-14.750,-1.875,-0.152,0.078,1.004,0.527,-0.145,0.129,0.042,0.008,1.069,1.355,2,NULL,NULL,,3,0,2,7,255,1113,250,0,0
stim,2422,32543,0,32543,3229859.455,0.860,-0.071,-0.066,0.500,2939,187,793,3017,2131,2460,435,2509,53,1.272,1,2065,1,16.512,0.472,3.250,-15.438,-4.875,-0.172,0.082,0.996,0.449,-0.145,0.129,0.042,0.010,1.069,1.355,2,NULL,NULL,,3,0,2,7,255,1113,250,0,0
stim,2422,32543,0,32543,3229864.454,0.860,-0.071,-0.065,0.501,2907,191,876,2999,2165,2457,476,2521,53,1.272,1,2065,1,18.076,0.542,4.688,-15.938,-7.125,-0.164,0.129,1.004,0.535,0.086,0.129,0.044,0.014,1.069,1.355,2,NULL,NULL,,3,0,2,7,255,1113,250,0,0
stim,2422,32543,0,32543,3229869.455,0.860,-0.071,-0.064,0.501,2887,219,923,2985,2206,2455,533,2526,53,1.272,1,2065,1,19.649,0.905,5.438,-15.938,-10.125,-0.152,0.145,1.027,0.891,0.160,0.168,0.046,0.018,1.069,1.355,2,NULL,NULL,,3,0,2,7,255,1113,250,0,0
stim,2442,32563,0,32563,3229874.453,0.860,-0.070,-0.064,0.502,2866,244,981,2969,2247,2459,627,2549,53,1.272,1,2065,1,20.412,1.113,3.688,-16.188,-11.875,-0.141,0.176,1.035,1.090,0.227,0.398,0.048,0.022,1.069,1.355,2,NULL,NULL,,3,0,2,7,255,1113,250,0,0
stim,2442,32563,0,32563,3229879.455,0.860,-0.070,-0.063,0.502,2841,253,1091,2952,2279,2467,717,2559,53,1.272,1,2065,1,20.009,1.196,0.500,-16.188,-11.750,-0.148,0.152,1.031,1.180,0.195,0.410,0.050,0.028,1.069,1.355,2,NULL,NULL,,3,0,2,7,255,1113,250,0,0
stim,2442,32563,0,32563,3229884.454,0.859,-0.070,-0.062,0.503,2820,260,1149,2932,2316,2471,813,2575,53,1.272,1,2065,1,21.809,1.196,-1.938,-16.063,-14.625,-0.152,0.121,1.016,1.180,0.195,0.410,0.054,0.032,1.069,1.355,2,NULL,NULL,,3,0,2,7,255,1113,250,0,0
stim,2442,32563,0,32563,3229889.455,0.859,-0.069,-0.062,0.503,2790,267,1215,2905,2358,2473,936,2603,53,1.272,1,2065,1,23.977,0.871,-2.125,-15.625,-18.063,-0.156,0.102,0.984,0.863,0.113,0.258,0.058,0.036,1.069,1.355,2,NULL,NULL,,3,0,2,7,255,1113,250,0,0
stim,2442,32563,0,32563,3229894.453,0.859,-0.069,-0.061,0.504,2763,284,1319,2889,2395,2471,1007,2614,53,1.272,1,2065,1,26.928,0.658,-0.375,-16.125,-21.563,-0.152,0.070,0.984,0.648,0.109,-0.016,0.060,0.040,1.069,1.355,2,NULL,NULL,,3,0,2,7,255,1113,250,0,0
stim,2442,32563,0,32563,3229899.455,0.858,-0.069,-0.061,0.505,2726,282,1447,2871,2437,2471,1131,2621,53,1.272,1,2065,1,29.145,0.403,0.500,-16.438,-24.063,-0.152,0.066,1.004,0.402,-0.023,-0.016,0.062,0.042,1.069,1.355,2,NULL,NULL,,3,0,2,7,255,1113,250,0,0
stim,2495,32616,0,32616,3229904.453,0.858,-0.068,-0.060,0.506,2676,285,1567,2853,2461,2473,1263,2635,53,1.272,1,2065,1,33.848,0.403,-2.688,-15.563,-29.938,-0.164,0.082,1.031,0.402,-0.023,0.172,0.064,0.044,1.069,1.355,2,NULL,NULL,,3,0,2,7,255,1113,250,0,0
stim,2495,32616,0,32616,3229909.455,0.857,-0.067,-0.060,0.508,2647,301,1663,2837,2494,2471,1352,2647,53,1.272,1,2065,1,40.090,0.454,-8.500,-15.313,-36.063,-0.137,0.070,1.039,0.449,-0.066,0.434,0.064,0.044,1.069,1.355,2,NULL,NULL,,3,0,2,7,255,1113,250,0,0
stim,2495,32616,0,32616,3229914.454,0.856,-0.066,-0.059,0.509,2598,323,1775,2809,2525,2477,1454,2664,53,1.272,1,2065,1,43.599,0.503,-15.000,-14.750,-38.188,-0.117,0.004,1.016,0.449,-0.227,0.434,0.064,0.044,1.069,1.355,2,NULL,NULL,,3,0,2,7,255,1113,250,0,0
stim,2495,32616,0,32616,3229919.455,0.855,-0.065,-0.059,0.510,2539,335,1883,2792,2554,2477,1553,2673,53,1.272,1,2065,1,44.718,0.637,-20.188,-14.625,-37.125,-0.125,-0.055,0.996,0.012,-0.637,0.191,0.064,0.044,1.069,1.355,2,NULL,NULL,,3,0,2,7,255,1113,250,0,0
stim,2495,32616,0,32616,3229924.454,0.855,-0.064,-0.059,0.512,2486,357,1982,2776,2589,2477,1647,2695,53,1.272,1,2065,1,46.303,0.832,-21.813,-14.813,-38.063,-0.152,-0.055,0.992,-0.535,-0.637,0.000,0.064,0.042,1.069,1.355,2,NULL,NULL,,3,0,2,7,255,1113,250,0,0
stim,2495,32616,0,32616,3229929.455,0.854,-0.062,-0.059,0.513,2424,379,2073,2748,2620,2483,1733,2709,53,1.272,1,2065,1,50.932,0.760,-25.438,-15.500,-41.313,-0.160,-0.016,1.016,-0.535,-0.539,0.000,0.064,0.042,1.069,1.355,2,NULL,NULL,,3,0,2,7,255,1113,250,0,0
stim,2495,32616,0,32616,3229934.454,0.853,-0.060,-0.060,0.515,2365,378,2179,2719,2643,2484,1819,2715,53,1.272,1,2065,1,61.142,0.403,-34.063,-15.813,-48.250,-0.164,-0.004,1.055,-0.289,-0.281,0.262,0.066,0.040,1.069,1.355,2,NULL,NULL,,3,0,2,7,255,1113,250,0,0
stim,2495,32616,0,32616,3229939.455,0.852,-0.058,-0.060,0.517,2301,378,2255,2691,2677,2483,1897,2726,53,1.272,1,2065,1,71.185,0.334,-45.563,-16.563,-52.125,-0.133,-0.027,1.047,-0.180,-0.281,0.535,0.066,0.038,1.069,1.355,2,NULL,NULL,,3,0,2,7,255,1113,250,0,0
stim,2523,32644,0,32644,3229944.453,0.851,-0.055,-0.061,0.519,2219,389,2331,2651,2701,2483,1977,2735,53,1.272,1,2065,1,73.784,0.599,-52.125,-17.188,-49.313,-0.090,-0.039,0.977,-0.172,-0.574,0.535,0.066,0.038,1.069,1.355,2,NULL,NULL,,3,0,2,7,255,1113,250,0,0
stim,2523,32644,0,32644,3229949.455,0.850,-0.053,-0.061,0.520,2141,395,2423,2611,2732,2478,2073,2749,53,1.272,1,2065,1,67.587,0.882,-48.875,-17.875,-43.125,-0.086,-0.070,0.922,-0.180,-0.863,-0.234,0.068,0.036,1.069,1.355,2,NULL,NULL,,3,0,2,7,255,1113,250,0,0
stim,2523,32644,0,32644,3229954.453,0.850,-0.051,-0.061,0.522,2084,405,2487,2570,2749,2479,2131,2767,53,1.272,1,2065,1,57.627,0.943,-38.313,-19.625,-38.313,-0.121,-0.090,0.922,-0.379,-0.863,-0.699,0.070,0.036,1.069,1.355,2,NULL,NULL,,3,0,2,7,255,1113,250,0,0
stim,2523,32644,0,32644,3229959.455,0.849,-0.049,-0.061,0.523,1983,407,2537,2523,2767,2485,2195,2781,53,1.272,1,2065,1,55.386,0.783,-33.625,-21.438,-38.438,-0.137,-0.063,1.000,-0.422,-0.660,-0.699,0.070,0.038,1.069,1.355,2,NULL,NULL,,3,0,2,7,255,1113,250,0,0
stim,2523,32644,0,32644,3229964.454,0.848,-0.047,-0.061,0.524,1887,405,2597,2487,2786,2477,2255,2797,53,1.272,1,2065,1,60.129,0.634,-36.688,-22.250,-42.125,-0.156,-0.012,1.031,-0.422,-0.473,0.098,0.072,0.038,1.069,1.355,2,NULL,NULL,,3,0,2,7,255,1113,250,0,0
stim,2523,32644,0,32644,3229969.455,0.847,-0.045,-0.062,0.526,1783,409,2641,2415,2806,2480,2313,2809,53,1.272,1,2065,1,68.677,0.094,-42.000,-24.125,-48.688,-0.145,0.004,1.043,-0.039,-0.086,0.414,0.074,0.040,1.069,1.355,2,NULL,NULL,,3,0,2,7,255,1113,250,0,0
stim,2523,32644,0,32644,3229974.453,0.846,-0.042,-0.062,0.528,1645,403,2680,2330,2826,2479,2364,2837,53,1.272,1,2065,1,66.887,0.122,-40.625,-23.438,-47.688,-0.074,-0.039,0.969,0.086,-0.086,0.414,0.076,0.040,1.069,1.355,2,NULL,NULL,,3,0,2,7,255,1113,250,0,0
stim,2523,32644,0,32644,3229979.455,0.845,-0.040,-0.061,0.529,1468,390,2727,2223,2847,2483,2415,2837,53,1.272,1,2065,1,56.275,0.778,-33.563,-26.000,-36.938,-0.070,-0.066,0.969,0.086,-0.773,-0.313,0.078,0.040,1.069,1.355,2,NULL,NULL,,3,0,2,7,255,1113,250,0,0
stim,2545,32666,0,32666,3229984.453,0.845,-0.038,-0.061,0.530,1273,361,2765,2120,2867,2488,2461,2851,53,1.272,1,2065,1,47.657,0.778,-26.063,-27.000,-29.375,-0.078,-0.043,0.980,0.086,-0.773,-0.313,0.080,0.040,1.069,1.355,2,NULL,NULL,,3,0,2,7,255,1113,250,0,0
stim,2545,32666,0,32666,3229989.455,0.844,-0.037,-0.060,0.531,1141,329,2796,1997,2885,2473,2509,2867,53,1.272,1,2065,1,44.012,0.692,-20.688,-28.750,-26.125,-0.156,-0.016,1.043,0.031,-0.691,-0.191,0.082,0.042,1.069,1.355,2,NULL,NULL,,3,0,2,7,255,1113,250,0,0
stim,2545,32666,0,32666,3229994.454,0.844,-0.035,-0.060,0.532,956,307,2829,1805,2903,2469,2555,2871,53,1.272,1,2065,1,49.050,0.117,-20.750,-30.250,-32.563,-0.164,-0.008,1.047,0.090,0.074,0.520,0.082,0.042,1.069,1.355,2,NULL,NULL,,3,0,2,7,255,1113,250,0,0
stim,2545,32666,0,32666,3229999.455,0.843,-0.034,-0.059,0.533,772,255,2859,1617,2915,2463,2600,2884,53,1.272,1,2065,1,51.861,0.081,-24.438,-32.625,-32.063,-0.117,-0.063,1.094,0.031,0.074,0.570,0.086,0.042,1.069,1.355,2,NULL,NULL,,3,0,2,7,255,1113,250,0,0
stim,2573,32694,0,32694,3230004.453,0.843,-0.032,-0.058,0.534,525,231,2879,1413,2925,2461,2635,2895,53,1.272,1,2065,1,54.734,0.457,-29.625,-34.188,-30.813,-0.055,-0.063,1.047,0.102,-0.445,0.570,0.088,0.042,1.069,1.355,2,NULL,NULL,,3,0,2,7,255,1113,250,0,0
stim,2573,32694,0,32694,3230009.455,0.842,-0.030,-0.058,0.535,349,180,2891,1213,2943,2451,2659,2903,53,1.272,1,2065,1,47.379,0.920,-25.938,-36.625,-15.188,-0.035,-0.055,1.000,0.102,-0.914,0.457,0.090,0.042,1.069,1.355,2,NULL,NULL,,3,0,2,7,255,1113,250,0,0
stim,2606,32727,0,32727,3230014.454,0.842,-0.028,-0.057,0.535,210,137,2916,983,2954,2440,2684,2921,53,1.272,1,2065,1,44.517,0.936,-19.625,-38.750,-9.750,-0.098,0.027,1.023,0.203,-0.914,0.254,0.092,0.044,1.069,1.355,2,NULL,NULL,,3,0,2,7,255,1113,250,0,0
stim,2606,32727,0,32727,3230019.455,0.842,-0.027,-0.055,0.536,101,78,2937,778,2969,2411,2713,2921,53,1.272,1,2065,1,45.936,0.701,-14.813,-41.188,-13.938,-0.121,0.059,1.066,0.699,-0.055,0.254,0.094,0.044,1.069,1.355,2,NULL,NULL,,3,0,2,7,255,1113,250,0,0
stim,2606,32727,0,32727,3230024.454,0.842,-0.025,-0.054,0.536,39,43,2953,559,2983,2389,2740,2927,53,1.272,1,2065,1,49.342,0.896,-13.500,-43.625,-18.688,-0.063,0.094,1.074,0.895,-0.051,0.676,0.096,0.046,1.069,1.355,2,NULL,NULL,,3,0,2,7,255,1113,250,0,0
stim,2606,32727,0,32727,3230029.455,0.842,-0.023,-0.052,0.537,12,24,2961,391,2999,2375,2773,2933,53,1.272,1,2065,1,52.122,1.466,-15.625,-44.375,-22.438,-0.031,0.082,1.063,1.465,-0.051,0.676,0.100,0.048,1.069,1.355,2,NULL,NULL,,3,0,2,7,255,1113,250,0,0
stim,2606,32727,0,32727,3230034.453,0.841,-0.022,-0.051,0.538,0,1,2968,311,3017,2333,2791,2936,53,1.272,1,2065,1,50.874,1.482,-6.000,-48.063,-15.563,-0.070,0.008,1.078,1.465,-0.227,0.676,0.100,0.050,1.069,1.355,2,NULL,NULL,,3,0,2,7,255,1113,250,0,0
stim,2606,32727,0,32727,3230039.455,0.842,-0.022,-0.048,0.537,0,0,2979,267,3025,2322,2823,2951,53,1.272,1,2065,1,61.199,0.683,20.688,-56.938,8.688,-0.293,-0.086,1.277,0.645,-0.227,0.742,0.098,0.056,1.069,1.355,2,NULL,NULL,,3,0,2,7,255,1113,250,0,0
stim,2606,32727,0,32727,3230044.454,0.842,-0.022,-0.045,0.537,0,0,2999,241,3028,2287,2840,2965,53,1.272,1,2065,1,79.024,1.543,41.313,-67.063,6.375,-0.465,-0.148,1.621,-0.957,1.211,2.977,0.092,0.062,1.069,1.355,2,NULL,NULL,,3,0,2,7,255,1113,250,0,0
stim,2606,32727,0,32727,3230049.455,0.842,-0.021,-0.041,0.537,0,0,2994,199,3037,2239,2846,2953,53,1.272,1,2065,1,86.926,2.477,32.188,-79.813,12.250,-0.414,0.012,1.824,-0.957,2.285,6.512,0.086,0.070,1.069,1.355,2,NULL,NULL,,3,0,2,7,255,1113,250,0,0
stim,2606,32727,0,32727,3230054.453,0.842,-0.017,-0.040,0.537,0,0,3003,165,3045,2197,2885,2968,53,1.272,1,2065,0,96.196,2.309,-56.188,-77.438,-10.000,-0.137,0.133,1.551,-0.332,2.285,6.512,0.082,0.078,1.069,1.355,2,NULL,NULL,,3,0,2,7,255,1113,250,0,0
stim,2606,32727,0,32727,3230059.455,0.843,-0.013,-0.038,0.537,0,0,3008,150,3059,2141,2894,2967,53,1.272,1,2065,0,111.845,1.354,-75.688,-82.313,2.313,-0.082,0.070,1.133,1.086,0.809,5.367,0.078,0.086,1.069,1.355,2,NULL,NULL,,3,0,2,7,255,1113,250,0,0
stim,2629,32750,0,32750,3230064.454,0.844,-0.010,-0.036,0.535,0,0,3015,73,3065,2061,2920,2965,53,1.272,1,2065,0,105.940,1.398,-35.250,-92.188,38.500,-0.129,0.105,1.070,1.141,0.809,1.277,0.076,0.094,1.069,1.355,3,NULL,NULL,,3,0,2,7,255,1113,250,0,0
stim,2629,32750,0,32750,3230069.455,0.845,-0.007,-0.033,0.534,0,0,3019,41,3067,1983,2931,2972,53,1.272,1,2065,0,107.604,1.547,-12.750,-98.563,41.250,-0.258,0.059,1.121,1.086,1.102,1.277,0.072,0.104,1.069,1.355,3,NULL,NULL,,3,0,2,7,255,1113,250,0,0
stim,2629,32750,0,32750,3230074.454,0.846,-0.005,-0.029,0.532,0,0,3017,0,3080,1861,2942,2965,53,1.272,1,2065,0,106.641,2.096,-6.938,-103.063,26.500,-0.328,-0.090,1.223,0.164,2.090,1.289,0.066,0.114,1.069,1.355,3,NULL,NULL,,3,0,2,7,255,1113,250,0,0
stim,2629,32750,0,32750,3230079.455,0.847,-0.002,-0.026,0.532,0,0,3015,0,3087,1749,2963,2965,53,1.272,1,2065,0,111.161,2.512,-11.250,-109.000,18.688,-0.301,-0.234,1.305,-1.395,2.090,2.355,0.058,0.122,1.069,1.355,3,NULL,NULL,,3,0,2,7,255,1113,250,0,0
stim,2655,32776,0,32776,3230084.453,0.847,0.002,-0.022,0.531,0,0,3005,0,3096,1611,2967,2949,53,1.272,1,2065,0,117.400,2.896,-18.500,-114.438,18.563,-0.242,-0.320,1.262,-2.551,1.371,2.793,0.048,0.132,1.069,1.355,3,NULL,NULL,,3,0,2,7,255,1113,250,0,0
stim,2655,32776,0,32776,3230089.455,0.848,0.005,-0.019,0.530,0,0,3013,0,3095,1420,2989,2943,53,1.272,1,2065,0,123.695,2.922,-23.438,-119.375,22.375,-0.191,-0.309,1.180,-2.859,0.602,2.793,0.038,0.144,1.069,1.355,3,NULL,NULL,,3,0,2,7,255,1113,250,0,0
stim,2655,32776,0,32776,3230094.453,0.849,0.009,-0.015,0.529,0,0,2997,0,3093,1237,2987,2943,53,1.272,1,2065,0,129.027,2.922,-19.313,-125.063,25.188,-0.242,-0.215,1.133,-2.859,0.602,1.965,0.026,0.154,1.069,1.355,3,NULL,NULL,,3,0,2,7,255,1113,250,0,0
stim,2655,32776,0,32776,3230099.455,0.849,0.012,-0.010,0.528,0,0,2987,0,3099,1032,2991,2931,53,1.272,1,2065,0,133.004,2.646,-4.063,-131.875,16.813,-0.297,-0.145,1.094,-2.309,1.293,1.426,0.016,0.166,1.069,1.355,3,NULL,NULL,,3,0,2,7,255,1113,250,0,0
stim,2655,32776,0,32776,3230104.454,0.849,0.015,-0.005,0.527,0,0,2971,0,3107,779,3015,2923,53,1.272,1,2065,0,139.120,2.960,10.250,-138.688,3.875,-0.273,-0.125,1.133,-2.016,2.168,1.316,0.012,0.178,1.069,1.355,3,NULL,NULL,,3,0,2,7,255,1113,250,0,0
stim,2655,32776,0,32776,3230109.455,0.850,0.017,0.000,0.527,0,0,2955,0,3115,597,3015,2900,53,1.272,1,2065,0,147.023,2.803,17.813,-145.938,0.875,-0.184,-0.113,1.195,-1.777,2.168,1.316,0.016,0.192,1.069,1.355,3,NULL,NULL,,3,0,2,7,255,1113,250,0,0
stim,2698,32819,0,32819,3230114.453,0.850,0.020,0.006,0.527,0,0,2925,0,3109,443,3016,2887,53,1.272,1,2065,0,154.071,2.177,20.563,-152.688,1.313,-0.172,-0.090,1.254,-1.352,1.707,1.914,0.028,0.206,1.069,1.355,3,NULL,NULL,,3,0,2,7,255,1113,250,0,0
stim,2698,32819,0,32819,3230119.455,0.850,0.023,0.012,0.526,0,0,2908,0,3103,249,3019,2863,53,1.272,1,2065,0,161.407,2.049,14.250,-160.750,2.938,-0.160,-0.063,1.266,-1.133,1.707,2.469,0.040,0.222,1.069,1.355,3,NULL,NULL,,3,0,2,7,255,1113,250,0,0
stim,2698,32819,0,32819,3230124.454,0.850,0.026,0.019,0.526,0,0,2871,0,3114,103,3032,2841,53,1.272,1,2065,0,168.596,2.089,16.125,-167.688,6.750,-0.137,-0.027,1.270,-0.938,1.867,2.516,0.052,0.236,1.069,1.355,3,NULL,NULL,,3,0,2,7,255,1113,250,0,0
stim,2698,32819,0,32819,3230129.455,0.850,0.029,0.026,0.525,0,0,2843,0,3103,40,3031,2811,53,1.272,1,2065,0,177.469,2.073,15.875,-176.125,14.938,-0.129,0.031,1.344,-0.613,1.980,2.527,0.062,0.252,1.069,1.355,3,NULL,NULL,,3,0,2,7,255,1113,250,0,0
stim,2698,32819,0,32819,3230134.453,0.851,0.033,0.033,0.524,0,0,2793,0,3102,0,3036,2763,53,1.272,1,2065,0,187.457,2.406,20.438,-185.250,20.125,-0.215,0.102,1.387,-0.188,2.398,3.180,0.076,0.268,1.069,1.355,3,NULL,NULL,,3,0,2,7,255,1113,250,0,0
stim,2698,32819,0,32819,3230139.455,0.851,0.036,0.041,0.522,0,0,2731,0,3103,0,3045,2724,53,1.272,1,2065,0,200.637,3.660,36.000,-197.000,12.250,-0.324,0.191,1.477,-0.043,3.660,3.477,0.092,0.290,1.069,1.355,3,NULL,NULL,,3,0,2,7,255,1113,250,0,0
stim,2698,32819,0,32819,3230144.453,0.851,0.039,0.049,0.522,0,0,2677,0,3101,0,3048,2675,53,1.272,1,2065,0,214.212,5.298,38.875,-210.625,3.563,-0.266,0.262,1.793,0.109,5.297,4.117,0.112,0.314,1.069,1.355,3,NULL,NULL,,3,0,2,7,255,1113,250,0,0
stim,2698,32819,0,32819,3230149.455,0.851,0.044,0.058,0.521,0,0,2602,0,3101,0,3039,2613,53,1.272,1,2065,0,221.470,5.769,15.250,-220.813,7.625,-0.238,0.336,2.070,0.758,5.719,7.152,0.136,0.344,1.069,1.355,3,NULL,NULL,,3,0,2,7,255,1113,250,0,0
stim,2724,32845,0,32845,3230154.454,0.851,0.050,0.066,0.519,0,0,2491,0,3087,0,3033,2532,53,1.272,1,2065,0,238.340,6.536,-10.875,-237.250,20.000,-0.387,0.297,2.234,0.758,6.492,9.773,0.168,0.380,1.069,1.355,3,NULL,NULL,,3,0,2,7,255,1113,250,0,0
stim,2724,32845,0,32845,3230159.457,0.851,0.056,0.075,0.517,1,0,2381,0,3087,0,3037,2451,53,1.272,1,2065,0,261.856,8.207,-22.000,-258.938,32.188,-0.500,0.375,2.445,0.051,8.207,11.012,0.208,0.422,1.069,1.355,3,NULL,NULL,,3,0,2,7,255,1113,250,0,0
stim,2724,32845,0,32845,3230164.454,0.851,0.065,0.085,0.515,0,0,2245,0,3053,0,3023,2333,53,1.272,1,2065,0,292.388,10.359,-52.625,-284.438,42.625,-0.547,0.625,2.457,0.051,10.359,12.254,0.256,0.472,1.069,1.355,3,NULL,NULL,,3,0,2,7,255,1113,250,0,0
stim,2724,32845,0,32845,3230169.455,0.850,0.075,0.094,0.512,0,0,2107,0,3035,0,3004,2190,53,1.272,1,2065,0,319.744,12.545,-76.063,-307.938,40.313,-0.590,0.820,2.441,1.723,12.426,12.254,0.312,0.530,1.069,1.355,3,NULL,NULL,,3,0,2,7,255,1113,250,0,0
stim,2742,32863,0,32863,3230174.454,0.850,0.086,0.104,0.510,0,0,1959,0,3014,13,2983,2041,53,1.272,1,2065,0,345.799,14.575,-98.438,-330.063,30.750,-0.594,0.883,2.492,3.059,14.250,11.570,0.376,0.594,1.069,1.355,3,NULL,NULL,,3,0,2,7,255,1113,250,0,0
stim,2742,32863,0,32863,3230179.455,0.848,0.098,0.114,0.508,0,0,1839,0,2984,21,2958,1897,53,1.272,1,2065,0,372.570,15.653,-122.813,-350.875,24.750,-0.637,0.855,2.527,3.059,15.352,11.543,0.448,0.668,1.069,1.355,3,NULL,NULL,,3,0,2,7,255,1113,250,0,0
stim,2742,32863,0,32863,3230184.453,0.846,0.112,0.125,0.506,0,0,1717,0,2944,21,2921,1745,53,1.272,1,2065,0,399.221,16.684,-142.500,-372.500,17.750,-0.676,0.988,2.629,3.430,16.328,11.406,0.528,0.750,1.069,1.355,3,NULL,NULL,,3,0,2,7,255,1113,250,0,0
stim,2742,32863,0,32863,3230189.455,0.844,0.126,0.135,0.504,0,0,1635,0,2897,17,2863,1617,53,1.272,1,2065,0,420.990,18.667,-156.125,-390.938,5.063,-0.750,1.082,2.773,3.680,18.301,11.406,0.616,0.840,1.069,1.355,3,NULL,NULL,,3,0,2,7,255,1113,250,0,0
stim,2742,32863,0,32863,3230194.453,0.840,0.142,0.147,0.502,0,0,1509,0,2839,0,2783,1454,53,1.272,1,2065,0,444.448,20.920,-163.188,-413.375,-5.000,-0.922,0.918,2.949,3.680,20.594,11.688,0.712,0.938,1.069,1.355,3,NULL,NULL,,3,0,2,7,255,1113,250,0,0
stim,2742,32863,0,32863,3230199.455,0.836,0.158,0.159,0.501,0,0,1369,0,2751,0,2669,1321,53,1.272,1,2065,0,481.885,22.799,-200.375,-438.000,-14.813,-0.988,0.660,2.938,1.605,22.742,11.688,0.814,1.042,1.069,1.355,3,NULL,NULL,,3,0,2,7,255,1113,250,0,0
stim,2794,32915,0,32915,3230204.454,0.831,0.175,0.171,0.500,0,0,1205,0,2651,0,2519,1191,53,1.272,1,2065,0,496.813,22.761,-201.000,-452.250,-43.500,-0.926,0.457,2.887,-0.926,22.742,11.039,0.918,1.150,1.069,1.355,3,NULL,NULL,,3,0,2,7,255,1113,250,0,0
stim,2794,32915,0,32915,3230209.455,0.825,0.192,0.184,0.499,0,0,1011,0,2502,0,2293,1030,53,1.272,1,2065,0,506.423,22.420,-191.500,-465.188,-58.250,-0.785,0.355,2.891,-2.379,22.293,10.152,1.026,1.260,1.069,1.355,3,NULL,NULL,,3,0,2,7,255,1113,250,0,0
stim,2794,32915,0,32915,3230214.453,0.818,0.209,0.197,0.498,0,0,824,0,2341,0,2013,875,53,1.272,1,2065,0,515.624,21.862,-191.438,-476.125,-50.250,-0.656,0.188,2.910,-2.664,21.699,10.133,1.132,1.368,1.069,1.355,3,NULL,NULL,,3,0,2,7,255,1113,250,0,0
stim,2794,32915,0,32915,3230219.455,0.812,0.227,0.210,0.495,0,0,607,0,2115,0,1675,767,53,1.272,1,2065,0,535.681,21.423,-211.813,-491.500,-22.750,-0.613,-0.184,2.676,-3.629,21.113,10.039,1.230,1.470,1.069,1.355,3,NULL,NULL,,3,0,2,7,255,1113,250,0,0
stim,2794,32915,0,32915,3230224.454,0.805,0.246,0.223,0.491,0,0,431,0,1851,0,1287,651,53,1.272,1,2065,0,556.864,20.073,-225.375,-509.000,14.938,-0.535,-0.496,2.074,-6.555,18.973,8.199,1.318,1.562,1.069,1.355,3,NULL,NULL,,3,0,2,7,255,1113,250,0,0
stim,2794,32915,0,32915,3230229.455,0.798,0.264,0.237,0.486,0,0,203,0,1522,0,694,529,53,1.272,1,2065,0,553.529,16.551,-186.625,-521.063,7.688,-0.387,-0.578,1.438,-8.094,14.438,3.742,1.398,1.646,1.069,1.355,3,NULL,NULL,,3,0,2,7,255,1113,250,0,0
stim,2794,32915,0,32915,3230234.453,0.792,0.279,0.253,0.480,0,0,115,0,1183,0,217,423,53,1.272,1,2065,0,538.207,12.627,-88.375,-530.875,5.375,-0.258,-0.355,1.289,-8.094,9.691,-0.566,1.478,1.728,1.069,1.355,3,NULL,NULL,,3,0,2,7,255,1113,250,0,0
stim,2794,32915,0,32915,3230239.455,0.787,0.290,0.271,0.472,0,0,39,0,775,0,0,363,53,1.272,1,2065,0,530.776,11.190,5.063,-529.875,30.500,-0.336,0.105,1.898,-5.594,9.691,-0.566,1.566,1.818,1.069,1.355,3,NULL,NULL,,3,0,2,7,255,1113,250,0,0
stim,2821,32942,0,32942,3230244.453,0.783,0.302,0.288,0.461,0,0,30,0,295,0,0,301,53,1.272,1,2065,0,543.391,16.004,0.125,-533.875,101.250,-0.762,0.391,2.383,-3.027,15.715,-1.039,1.664,1.920,1.069,1.355,3,NULL,NULL,,3,0,2,7,255,1113,250,0,0
stim,2821,32942,0,32942,3230249.455,0.779,0.319,0.301,0.448,0,0,2,0,0,0,0,248,53,1.272,1,2065,0,574.469,23.166,-87.875,-538.375,180.125,-1.203,0.621,2.262,-2.988,22.973,-1.039,1.768,2.026,1.069,1.355,3,NULL,NULL,,3,0,2,7,255,1113,250,0,0
stim,2821,32942,0,32942,3230254.454,0.773,0.336,0.313,0.437,0,0,0,0,0,0,0,171,53,1.272,1,2065,0,566.855,23.689,-163.188,-518.375,161.188,-1.242,1.012,1.805,-2.988,23.500,-6.711,1.870,2.132,1.069,1.355,3,NULL,NULL,,3,0,2,7,255,1113,250,0,0
stim,2821,32942,0,32942,3230259.455,0.765,0.354,0.323,0.430,0,0,0,0,0,0,0,95,53,1.272,1,2065,0,526.146,23.512,-226.313,-466.188,91.000,-0.738,1.461,1.367,0.766,23.500,-11.824,1.968,2.230,1.069,1.355,4,NULL,NULL,,3,0,2,7,255,1113,250,0,0
stim,2821,32942,0,32942,3230264.454,0.757,0.373,0.328,0.425,0,0,0,0,0,0,0,113,53,1.272,1,2065,0,503.053,20.655,-305.250,-389.625,89.875,-0.770,1.410,1.020,7.477,19.254,-12.469,2.054,2.318,1.069,1.355,0,NULL,NULL,,3,0,2,7,255,1113,250,0,0
stim,2821,32942,0,32942,3230269.455,0.748,0.394,0.327,0.422,0,0,0,0,0,0,0,111,53,1.272,1,2065,0,532.232,17.793,-434.438,-280.938,124.938,-0.508,1.625,0.168,7.563,16.105,-15.133,2.124,2.392,1.069,1.355,0,NULL,NULL,,3,0,2,7,255,1113,250,0,0
stim,2839,32960,0,32960,3230274.454,0.741,0.409,0.325,0.422,0,0,0,0,0,0,0,110,53,1.272,1,2065,0,382.865,11.100,-343.313,-163.563,44.375,-0.340,0.711,-0.477,7.563,8.125,-17.047,2.186,2.454,1.069,1.355,0,NULL,NULL,,3,0,2,7,255,1113,250,0,0
stim,2839,32960,0,32960,3230279.455,0.739,0.413,0.325,0.421,0,0,0,0,0,0,0,122,53,1.272,1,2065,0,109.879,5.235,-79.625,-72.000,23.438,-0.605,-0.727,-0.004,5.234,0.043,-17.047,2.242,2.512,1.069,1.355,0,NULL,NULL,,3,0,2,7,255,1113,250,0,0
stim,2839,32960,0,32960,3230284.453,0.739,0.414,0.325,0.421,0,0,0,0,0,0,0,105,53,1.272,1,2065,0,21.961,9.039,-2.438,3.375,21.563,-1.004,-0.875,1.270,-9.039,0.043,-12.254,2.292,2.566,1.069,1.355,0,NULL,NULL,,3,0,2,7,255,1113,250,0,0
stim,2839,32960,0,32960,3230289.455,0.738,0.416,0.320,0.425,0,0,0,0,0,0,0,93,53,1.272,1,2065,0,157.100,15.171,-127.688,91.188,-7.813,-1.102,-0.176,1.273,-9.039,12.184,-12.254,2.336,2.612,1.069,1.355,0,NULL,NULL,,3,0,2,7,255,1113,250,0,0
stim,2861,32982,0,32982,3230294.453,0.736,0.419,0.311,0.431,0,0,0,0,0,0,0,73,53,1.272,1,2065,0,257.442,14.291,-199.750,162.000,-11.500,-0.855,0.746,0.207,-7.469,12.184,-12.613,2.364,2.644,1.069,1.355,0,NULL,NULL,,3,0,2,7,255,1113,250,0,0
stim,2861,32982,0,32982,3230299.455,0.737,0.419,0.302,0.436,0,0,0,0,0,0,0,45,53,1.272,1,2065,0,231.523,7.232,-113.313,201.500,12.688,-0.766,1.184,-0.344,2.695,6.711,-18.422,2.386,2.666,1.069,1.355,0,NULL,NULL,,3,0,2,7,255,1113,250,0,0
stim,2861,32982,0,32982,3230304.454,0.740,0.415,0.295,0.439,0,0,0,0,0,0,0,37,53,1.272,1,2065,0,220.710,7.497,-1.625,219.000,27.375,-0.910,0.906,0.078,3.914,6.395,-19.883,2.406,2.690,1.069,1.355,0,NULL,NULL,,3,0,2,7,255,1113,250,0,0
stim,2861,32982,0,32982,3230309.455,0.743,0.410,0.287,0.443,0,0,0,0,0,0,0,30,53,1.272,1,2065,0,233.046,7.497,11.063,232.125,17.500,-0.988,0.363,0.613,3.914,6.395,-19.883,2.432,2.718,1.069,1.355,0,NULL,NULL,,3,0,2,7,255,1113,250,0,0
stim,2905,33026,0,33026,3230314.453,0.746,0.407,0.279,0.448,0,0,0,0,0,0,0,37,53,1.272,1,2065,0,244.664,8.675,-40.625,241.063,9.938,-0.871,0.113,0.539,-1.414,8.559,-15.875,2.460,2.748,1.069,1.355,0,NULL,NULL,,3,0,2,7,255,1113,250,0,0
stim,2905,33026,0,33026,3230319.455,0.748,0.405,0.269,0.452,0,0,0,0,0,0,0,47,53,1.272,1,2065,0,252.863,8.675,-64.250,243.688,20.688,-0.703,0.230,0.047,-1.414,8.559,-15.734,2.482,2.772,1.069,1.355,0,NULL,NULL,,3,0,2,7,255,1113,250,0,0
stim,2905,33026,0,33026,3230324.454,0.751,0.401,0.260,0.456,0,0,0,0,0,0,0,45,53,1.272,1,2065,0,246.457,4.195,-30.625,241.438,38.875,-0.648,0.422,-0.309,-1.148,4.035,-15.734,2.500,2.794,1.069,1.355,0,NULL,NULL,,3,0,2,7,255,1113,250,0,0
stim,2905,33026,0,33026,3230329.455,0.755,0.396,0.252,0.458,0,0,0,0,0,0,0,44,53,1.272,1,2065,0,244.532,1.754,21.438,239.063,46.750,-0.656,0.461,-0.316,0.750,1.586,-17.809,2.516,2.812,1.069,1.355,0,NULL,NULL,,3,0,2,7,255,1113,250,0,0
stim,2905,33026,0,33026,3230334.453,0.759,0.390,0.245,0.461,0,0,0,0,0,0,0,42,53,1.272,1,2065,0,250.493,1.754,53.750,240.438,45.250,-0.609,0.359,-0.164,0.750,1.586,-17.809,2.530,2.828,1.069,1.355,0,NULL,NULL,,3,0,2,7,255,1113,250,0,0
stim,2905,33026,0,33026,3230339.455,0.763,0.383,0.237,0.463,0,0,0,0,0,0,0,41,53,1.272,1,2065,0,257.989,2.543,66.438,244.500,48.625,-0.520,0.254,-0.070,0.285,2.527,-16.422,2.546,2.846,1.069,1.355,0,NULL,NULL,,3,0,2,7,255,1113,250,0,0
stim,2905,33026,0,33026,3230344.453,0.768,0.376,0.229,0.464,0,0,0,0,0,0,0,39,53,1.272,1,2065,0,267.893,2.701,79.750,248.938,58.625,-0.492,0.227,-0.031,-0.227,2.691,-14.840,2.564,2.866,1.069,1.355,0,NULL,NULL,,3,0,2,7,255,1113,250,0,0
stim,2905,33026,0,33026,3230349.455,0.774,0.368,0.222,0.466,0,0,0,0,0,0,0,37,53,1.272,1,2065,0,279.946,2.909,99.813,253.438,64.625,-0.531,0.234,0.070,-0.359,2.887,-14.250,2.584,2.890,1.069,1.355,0,NULL,NULL,,3,0,2,7,255,1113,250,0,0
stim,2905,33026,0,33026,3230354.454,0.779,0.359,0.215,0.467,0,0,0,0,0,0,0,37,53,1.272,1,2065,0,290.905,4.021,116.500,259.500,60.938,-0.563,0.234,0.254,-0.480,3.992,-13.840,2.608,2.916,1.069,1.355,0,NULL,NULL,,3,0,2,7,255,1113,250,0,0
stim,2905,33026,0,33026,3230359.455,0.784,0.350,0.207,0.469,0,0,0,0,0,0,0,38,53,1.272,1,2065,0,299.118,5.674,122.688,267.688,52.563,-0.539,0.223,0.465,-0.539,5.648,-12.777,2.636,2.946,1.069,1.355,0,NULL,NULL,,3,0,2,7,255,1113,250,0,0
stim,2928,33049,0,33049,3230364.454,0.789,0.340,0.200,0.470,0,0,0,0,0,0,0,37,53,1.272,1,2065,0,305.840,7.149,118.563,278.063,46.500,-0.496,0.227,0.633,-0.539,7.129,-11.105,2.668,2.980,1.069,1.355,0,NULL,NULL,,3,0,2,7,255,1113,250,0,0
stim,2928,33049,0,33049,3230369.455,0.794,0.331,0.191,0.473,0,0,0,0,0,0,0,41,53,1.272,1,2065,0,313.155,8.118,110.063,290.125,42.188,-0.477,0.238,0.730,-0.262,8.113,-9.535,2.704,3.020,1.069,1.355,0,NULL,NULL,,3,0,2,7,255,1113,250,0,0
stim,2928,33049,0,33049,3230374.454,0.799,0.321,0.182,0.475,0,0,0,0,0,0,0,39,53,1.272,1,2065,0,321.973,8.728,102.313,303.125,36.250,-0.492,0.227,0.797,-0.156,8.727,-8.555,2.744,3.064,1.069,1.355,0,NULL,NULL,,3,0,2,7,255,1113,250,0,0
stim,2928,33049,0,33049,3230379.455,0.803,0.312,0.173,0.478,0,0,0,0,0,0,0,42,53,1.272,1,2065,0,331.127,9.193,95.250,315.938,27.500,-0.516,0.199,0.859,-0.156,9.191,-7.883,2.788,3.108,1.069,1.355,0,NULL,NULL,,3,0,2,7,255,1113,250,0,0
stim,2955,33076,0,33076,3230384.453,0.806,0.302,0.163,0.482,0,0,0,0,0,0,0,45,53,1.272,1,2065,0,339.840,9.610,87.750,327.938,15.750,-0.512,0.180,0.906,-0.406,9.602,-7.234,2.834,3.158,1.069,1.355,0,NULL,NULL,,3,0,2,7,255,1113,250,0,0
stim,2955,33076,0,33076,3230389.455,0.810,0.292,0.153,0.486,0,0,0,0,0,0,0,43,53,1.272,1,2065,0,348.281,9.610,80.250,338.875,4.813,-0.465,0.160,0.926,-0.406,9.602,-6.512,2.880,3.206,1.069,1.355,0,NULL,NULL,,3,0,2,7,255,1113,250,0,0
stim,2955,33076,0,33076,3230394.453,0.813,0.281,0.143,0.490,0,0,0,0,0,0,0,43,53,1.272,1,2065,0,356.220,9.377,73.438,348.563,-1.875,-0.422,0.141,0.895,-0.344,9.371,-5.770,2.926,3.254,1.069,1.355,0,NULL,NULL,,3,0,2,7,255,1113,250,0,0
stim,2955,33076,0,33076,3230399.455,0.815,0.271,0.132,0.495,0,0,0,0,0,0,0,43,53,1.272,1,2065,0,363.995,8.699,71.375,356.875,-6.188,-0.402,0.121,0.832,-0.262,8.695,-5.543,2.970,3.300,1.069,1.355,0,NULL,NULL,,3,0,2,7,255,1113,250,0,0
stim,2955,33076,0,33076,3230404.454,0.818,0.260,0.121,0.499,0,0,0,0,0,0,0,42,53,1.272,1,2065,0,371.564,8.016,76.375,363.438,-11.813,-0.395,0.109,0.777,-0.262,8.012,-5.543,3.008,3.340,1.069,1.355,0,NULL,NULL,,3,0,2,7,255,1113,250,0,0
stim,2955,33076,0,33076,3230409.455,0.820,0.249,0.110,0.504,0,0,0,0,0,0,0,42,53,1.272,1,2065,0,378.794,7.473,86.375,368.375,-18.000,-0.367,0.098,0.762,-0.262,7.469,-5.543,3.044,3.378,1.069,1.355,0,NULL,NULL,,3,0,2,7,255,1113,250,0,0
stim,2996,33117,0,33117,3230414.453,0.822,0.237,0.099,0.509,0,0,0,0,0,0,0,41,53,1.272,1,2065,0,385.521,7.022,98.938,371.938,-22.375,-0.324,0.098,0.781,-0.191,7.020,-5.395,3.074,3.412,1.069,1.355,0,NULL,NULL,,3,0,2,7,255,1113,250,0,0
stim,2996,33117,0,33117,3230419.455,0.824,0.225,0.088,0.513,0,0,0,0,0,0,0,45,53,1.272,1,2065,0,390.568,6.618,110.813,373.688,-24.938,-0.234,0.098,0.813,0.094,6.617,-4.813,3.104,3.444,1.069,1.355,0,NULL,NULL,,3,0,2,7,255,1113,250,0,0
stim,2996,33117,0,33117,3230424.454,0.825,0.212,0.078,0.518,0,0,0,0,0,0,0,45,53,1.272,1,2065,0,394.128,5.929,121.813,373.563,-30.813,-0.199,0.203,0.777,0.598,5.898,-4.316,3.132,3.472,1.069,1.355,0,NULL,NULL,,3,0,2,7,255,1113,250,0,0
stim,2996,33117,0,33117,3230429.455,0.827,0.198,0.069,0.522,0,0,0,0,0,0,0,47,53,1.272,1,2065,0,400.226,5.649,146.688,370.625,-36.063,-0.109,-0.004,0.781,0.598,5.617,-4.020,3.156,3.500,1.069,1.355,0,NULL,NULL,,3,0,2,7,255,1113,250,0,0
stim,2996,33117,0,33117,3230434.454,0.828,0.184,0.060,0.526,0,0,0,0,0,0,0,51,53,1.272,1,2065,0,400.488,3.969,166.625,363.750,-17.688,-0.031,-0.059,0.969,0.438,3.945,-3.234,3.182,3.528,1.069,1.355,0,NULL,NULL,,3,0,2,7,255,1113,250,0,0
stim,2996,33117,0,33117,3230439.455,0.830,0.169,0.051,0.529,0,0,0,0,0,0,0,50,53,1.272,1,2065,0,393.384,3.969,167.438,355.938,4.938,-0.027,0.082,1.145,0.438,3.945,-1.039,3.206,3.554,1.069,1.355,0,NULL,NULL,,3,0,2,7,255,1113,250,0,0
stim,2996,33117,0,33117,3230444.453,0.832,0.156,0.042,0.530,0,0,0,0,0,0,0,52,53,1.272,1,2065,0,386.593,4.744,160.500,351.125,20.125,-0.023,0.168,1.215,1.898,4.348,0.332,3.230,3.580,1.069,1.355,0,NULL,NULL,,3,0,2,7,255,1113,250,0,0
stim,2996,33117,0,33117,3230449.455,0.834,0.141,0.033,0.532,0,0,0,0,0,0,0,55,53,1.272,1,2065,0,383.815,5.299,168.250,343.688,29.750,-0.105,0.223,1.223,2.766,4.520,0.867,3.256,3.608,1.069,1.355,0,NULL,NULL,,3,0,2,7,255,1113,250,0,0
stim,3020,33141,0,33141,3230454.454,0.836,0.127,0.025,0.533,0,0,0,0,0,0,0,53,53,1.272,1,2065,0,385.881,5.769,182.750,339.063,23.313,-0.168,0.211,1.320,2.766,5.063,0.934,3.282,3.636,1.069,1.355,0,NULL,NULL,,3,0,2,7,255,1113,250,0,0
stim,3020,33141,0,33141,3230459.455,0.838,0.112,0.017,0.534,0,0,0,0,0,0,0,54,53,1.272,1,2065,0,384.854,5.713,187.063,335.875,17.563,-0.129,0.121,1.488,2.648,5.063,1.898,3.308,3.664,1.069,1.355,0,NULL,NULL,,3,0,2,7,255,1113,250,0,0
stim,3020,33141,0,33141,3230464.454,0.839,0.098,0.009,0.535,0,0,0,0,0,0,0,56,53,1.272,1,2065,0,381.240,5.199,183.188,333.375,25.438,-0.117,0.098,1.629,2.199,4.711,3.887,3.334,3.692,1.069,1.355,0,NULL,NULL,,3,0,2,7,255,1113,250,0,0
stim,3020,33142,0,33142,3230469.455,0.840,0.084,0.000,0.536,0,0,0,0,0,0,0,59,53,1.272,1,2065,0,376.682,5.076,175.063,331.875,33.188,-0.180,0.117,1.734,2.176,4.586,5.453,3.360,3.720,1.069,1.355,0,NULL,NULL,,3,0,2,7,255,1113,250,0,0
stim,3042,33163,0,33163,3230474.453,0.841,0.070,-0.008,0.536,0,0,0,0,0,0,0,70,53,1.272,1,2065,0,371.636,5.074,166.438,330.750,31.875,-0.238,0.109,1.805,2.172,4.586,6.539,3.384,3.746,1.069,1.355,0,NULL,NULL,,3,0,2,7,255,1113,250,0,0
stim,3042,33163,0,33163,3230479.455,0.842,0.056,-0.016,0.536,0,0,0,0,0,0,0,67,53,1.272,1,2065,0,366.730,4.986,157.688,330.000,26.938,-0.246,0.090,1.848,1.957,4.586,7.332,3.408,3.772,1.069,1.355,0,NULL,NULL,,3,0,2,7,255,1113,250,0,0
stim,3042,33163,0,33163,3230484.454,0.842,0.043,-0.025,0.537,0,0,0,0,0,0,0,70,53,1.272,1,2065,0,362.905,4.486,150.500,329.313,24.563,-0.234,0.078,1.863,1.789,4.113,7.910,3.430,3.796,1.069,1.355,0,NULL,NULL,,3,0,2,7,255,1113,250,0,0
stim,3042,33163,0,33163,3230489.455,0.842,0.029,-0.034,0.537,0,0,0,0,0,0,0,71,53,1.272,1,2065,0,360.747,3.830,147.625,328.250,24.438,-0.242,0.043,1.871,1.758,3.402,8.211,3.452,3.818,1.069,1.355,0,NULL,NULL,,3,0,2,7,255,1113,250,0,0
stim,3042,33163,0,33163,3230494.453,0.842,0.016,-0.042,0.537,0,0,0,0,0,0,0,62,53,1.272,1,2065,0,360.188,3.079,150.375,326.500,22.813,-0.262,-0.008,1.895,1.438,2.723,8.410,3.468,3.836,1.069,1.355,0,NULL,NULL,,3,0,2,7,255,1113,250,0,0
stim,3042,33163,0,33163,3230499.455,0.842,0.002,-0.051,0.537,0,0,0,0,0,0,0,69,53,1.272,1,2065,0,360.397,2.310,155.813,324.500,17.563,-0.262,-0.066,1.930,0.934,2.113,8.785,3.484,3.852,1.069,1.355,0,NULL,NULL,,3,0,2,7,255,1113,250,0,0
stim,3095,33216,0,33216,3230504.454,0.841,-0.011,-0.059,0.537,0,0,0,0,0,0,0,71,53,1.272,1,2065,0,361.349,1.358,162.188,322.688,11.875,-0.227,-0.156,1.953,0.473,1.273,9.254,3.492,3.864,1.069,1.355,0,NULL,NULL,,3,0,2,7,255,1113,250,0,0
stim,3095,33216,0,33216,3230509.455,0.840,-0.025,-0.067,0.538,0,0,0,0,0,0,0,73,53,1.272,1,2065,0,364.134,0.196,171.563,321.063,8.875,-0.176,-0.215,1.949,-0.191,-0.043,9.453,3.498,3.872,1.069,1.355,0,NULL,NULL,,3,0,2,7,255,1113,250,0,0
stim,3095,33216,0,33216,3230514.454,0.839,-0.039,-0.074,0.538,0,0,0,0,0,0,0,67,53,1.272,1,2065,0,370.373,1.437,187.688,319.250,5.375,-0.113,-0.250,1.961,-0.520,-1.340,9.453,3.496,3.872,1.069,1.355,0,NULL,NULL,,3,0,2,7,255,1113,250,0,0
stim,3095,33216,0,33216,3230519.455,0.837,-0.054,-0.080,0.538,0,0,0,0,0,0,0,73,53,1.272,1,2065,0,379.433,2.724,209.938,316.063,0.313,-0.020,-0.289,2.039,-0.621,-2.652,9.453,3.488,3.864,1.069,1.355,0,NULL,NULL,,3,0,2,7,255,1113,250,0,0
stim,3095,33216,1,33216,3230524.454,0.835,-0.070,-0.086,0.539,0,0,0,0,0,0,0,71,53,1.272,1,2065,0,390.875,4.430,234.375,312.750,-6.250,0.156,-0.289,2.191,-0.621,-4.387,9.906,3.472,3.852,1.069,1.355,0,NULL,NULL,,3,1,2,7,255,1113,250,0,0
stim,3095,33216,1,33216,3230529.455,0.832,-0.086,-0.092,0.540,0,0,0,0,0,0,0,75,53,1.272,1,2065,0,402.252,6.828,256.688,309.500,-11.313,0.391,-0.277,2.398,0.039,-6.828,10.836,3.446,3.826,1.069,1.355,0,NULL,NULL,,3,1,2,7,255,1113,250,0,0
stim,3095,33216,1,33216,3230534.454,0.829,-0.103,-0.096,0.540,0,0,0,0,0,0,0,74,53,1.272,1,2065,0,410.254,10.036,272.250,306.688,-11.438,0.621,-0.270,2.617,1.020,-9.984,11.996,3.408,3.790,1.069,1.355,0,NULL,NULL,,3,1,2,7,255,1113,250,0,0
stim,3095,33216,1,33216,3230539.455,0.826,-0.121,-0.101,0.541,0,0,0,0,0,0,0,75,53,1.272,1,2065,0,413.164,13.378,279.688,304.000,-7.938,0.824,-0.309,2.832,1.871,-13.246,13.113,3.358,3.742,1.069,1.355,0,NULL,NULL,,3,1,2,7,255,1113,250,0,0
stim,3121,33242,1,33242,3230544.453,0.823,-0.138,-0.105,0.541,0,0,0,0,0,0,0,72,53,1.272,1,2065,0,410.998,16.668,278.750,302.000,-3.750,1.004,-0.344,3.023,2.129,-16.531,14.051,3.296,3.682,1.069,1.355,0,NULL,NULL,,3,1,2,7,255,1113,250,0,0
stim,3121,33242,1,33242,3230549.455,0.820,-0.154,-0.109,0.540,0,0,0,0,0,0,0,67,53,1.272,1,2065,0,404.327,19.732,271.625,299.500,0.563,1.148,-0.352,3.180,2.266,-19.602,14.660,3.222,3.608,1.069,1.355,0,NULL,NULL,,3,1,2,7,255,1113,250,0,0
stim,3121,33242,1,33242,3230554.453,0.816,-0.171,-0.114,0.540,0,0,0,0,0,0,0,70,53,1.272,1,2065,0,391.907,22.348,256.563,296.250,1.688,1.242,-0.316,3.305,2.469,-22.211,14.961,3.136,3.524,1.069,1.355,0,NULL,NULL,,3,1,2,7,255,1113,250,0,0
stim,3121,33242,1,33242,3230559.455,0.813,-0.185,-0.119,0.539,0,0,0,0,0,0,0,69,53,1.272,1,2065,0,370.403,24.308,229.000,291.125,-1.938,1.270,-0.238,3.391,2.844,-24.141,15.090,3.040,3.428,1.069,1.355,0,NULL,NULL,,3,1,2,7,255,1113,250,0,0
stim,3121,33242,1,33242,3230564.454,0.809,-0.199,-0.125,0.539,0,0,0,0,0,0,0,72,53,1.272,1,2065,0,344.688,25.443,195.063,283.750,-15.688,1.434,-0.020,3.469,3.367,-25.219,15.090,2.936,3.324,1.069,1.355,0,NULL,NULL,,3,1,2,7,255,1113,250,0,0
stim,3121,33242,1,33242,3230569.455,0.805,-0.210,-0.131,0.539,0,0,0,0,0,0,0,77,53,1.272,1,2065,0,315.410,27.453,148.750,275.750,-36.313,1.789,0.152,3.430,5.754,-26.844,14.742,2.822,3.210,1.069,1.355,0,NULL,NULL,,3,1,2,7,255,1113,250,0,0
stim,3139,33260,1,33260,3230574.453,0.802,-0.220,-0.139,0.538,0,0,0,0,0,0,0,101,53,1.272,1,2065,0,281.980,30.808,95.625,262.625,-37.375,2.188,-0.012,3.199,8.469,-29.621,12.418,2.700,3.086,1.069,1.355,0,NULL,NULL,,3,1,2,7,255,1113,250,0,0
stim,3139,33260,1,33260,3230579.455,0.799,-0.227,-0.146,0.537,0,0,0,0,0,0,0,108,53,1.272,1,2065,0,250.851,33.801,47.250,245.563,-19.813,2.527,-0.273,2.813,8.469,-32.723,7.641,2.566,2.954,1.069,1.355,0,NULL,NULL,,3,1,2,7,255,1113,250,0,0
stim,3139,33260,1,33260,3230584.454,0.797,-0.232,-0.154,0.535,0,0,0,0,0,0,0,155,53,1.272,1,2065,0,226.583,35.105,10.375,226.313,-3.875,2.770,-0.484,2.219,7.383,-34.320,1.570,2.426,2.812,1.069,1.355,0,NULL,NULL,,3,1,2,7,255,1113,250,0,0
stim,3139,33260,1,33260,3230589.455,0.796,-0.237,-0.161,0.533,0,0,0,0,0,0,0,174,53,1.272,1,2065,0,202.897,34.907,8.625,201.688,20.375,3.047,-0.598,1.648,6.371,-34.320,-5.633,2.282,2.666,1.069,1.355,0,NULL,NULL,,3,1,2,7,255,1113,250,0,0
stim,3162,33283,1,33283,3230594.454,0.795,-0.243,-0.166,0.530,0,0,0,0,0,0,0,203,53,1.272,1,2065,0,191.687,34.427,37.688,185.125,32.438,3.504,-0.531,1.074,6.371,-33.832,-12.500,2.136,2.516,1.069,1.355,0,NULL,NULL,,3,1,2,7,255,1113,250,0,0
stim,3162,33283,1,33283,3230599.455,0.794,-0.250,-0.169,0.527,0,0,0,0,0,0,0,213,53,1.272,1,2065,0,185.752,34.427,79.375,155.750,62.813,3.754,-1.016,0.910,6.371,-33.832,-19.961,1.986,2.364,1.069,1.355,0,NULL,NULL,,3,1,2,7,255,1113,250,0,0
stim,3162,33283,1,33283,3230604.453,0.794,-0.257,-0.171,0.524,0,0,0,0,0,0,0,215,53,1.272,1,2065,0,174.851,36.552,86.563,132.188,74.875,3.984,-1.809,0.691,5.258,-36.172,-24.000,1.832,2.208,1.069,1.355,0,NULL,NULL,,3,1,2,7,255,1113,250,0,0
stim,3162,33283,1,33283,3230609.455,0.794,-0.265,-0.170,0.520,0,0,0,0,0,0,0,217,53,1.272,1,2065,0,218.599,36.181,149.813,111.875,113.250,3.883,-1.801,0.336,-0.824,-36.172,-29.039,1.674,2.046,1.069,1.355,0,NULL,NULL,,3,1,2,7,255,1113,250,0,0
stim,3205,33326,1,33326,3230614.454,0.793,-0.277,-0.166,0.516,0,0,0,0,0,0,0,217,53,1.272,1,2065,0,286.128,36.363,243.688,81.688,125.750,3.738,-2.047,0.508,-0.910,-36.352,-30.879,1.508,1.876,1.069,1.355,0,NULL,NULL,,3,1,2,7,255,1113,250,0,0
stim,3205,33326,1,33326,3230619.455,0.792,-0.290,-0.159,0.513,0,0,0,0,0,0,0,205,53,1.272,1,2065,0,348.315,36.500,313.125,49.500,144.313,3.500,-2.121,1.184,-3.285,-36.352,-30.879,1.336,1.702,1.069,1.355,0,NULL,NULL,,3,1,2,7,255,1113,250,0,0
stim,3205,33326,1,33326,3230624.454,0.791,-0.303,-0.151,0.510,0,0,0,0,0,0,0,187,53,1.272,1,2065,0,362.839,38.644,332.625,16.625,144.000,2.953,-1.863,1.934,-4.617,-38.367,-25.176,1.162,1.524,1.069,1.355,0,NULL,NULL,,3,1,2,7,255,1113,250,0,0
stim,3205,33326,1,33326,3230629.455,0.789,-0.314,-0.142,0.508,0,0,0,0,0,0,0,181,53,1.272,1,2065,0,340.194,38.919,320.313,-17.500,113.250,2.590,-1.391,2.688,-4.617,-38.645,-16.383,0.986,1.342,1.069,1.355,0,NULL,NULL,,3,1,2,7,255,1113,250,0,0
stim,3205,33326,1,33326,3230634.453,0.788,-0.322,-0.133,0.507,0,0,0,0,0,0,0,181,53,1.272,1,2065,0,277.644,39.058,254.313,-56.313,96.125,2.336,-1.012,3.402,-2.809,-38.957,-7.734,0.810,1.158,1.069,1.355,0,NULL,NULL,,3,1,2,7,255,1113,250,0,0
stim,3205,33326,1,33326,3230639.455,0.788,-0.326,-0.126,0.507,0,0,0,0,0,0,0,250,53,1.272,1,2065,0,177.601,38.989,141.563,-89.063,59.750,1.734,-0.270,3.746,-1.582,-38.957,0.031,0.642,0.972,1.069,1.355,0,NULL,NULL,,3,1,2,7,255,1113,250,0,0
stim,3205,33326,1,33326,3230644.454,0.789,-0.328,-0.115,0.506,88,0,0,491,0,0,0,347,53,1.272,1,2065,0,260.587,36.995,166.000,-164.125,115.813,0.516,-1.098,4.902,-1.582,-36.961,8.426,0.492,0.790,1.069,1.355,0,NULL,NULL,,3,1,2,7,255,1113,250,0,0
stim,3205,33326,1,33326,3230649.455,0.796,-0.336,-0.092,0.495,755,0,0,1189,0,68,0,410,53,1.272,1,2065,0,629.999,36.973,312.938,-268.063,476.563,0.102,1.363,8.223,-0.926,-36.961,20.504,0.382,0.618,1.069,1.355,0,NULL,NULL,,3,1,2,7,255,1113,250,0,0
stim,3205,33326,1,33326,3230654.453,0.816,-0.309,-0.099,0.479,1258,0,0,1629,0,361,0,509,53,1.272,1,2065,0,858.087,36.973,-757.688,-109.625,387.563,-1.445,2.973,5.020,-0.926,-36.961,47.316,0.330,0.460,1.069,1.355,0,NULL,NULL,,3,1,2,7,255,1113,250,0,0
stim,3205,33326,1,33326,3230659.455,0.835,-0.267,-0.115,0.468,1735,0,0,1871,0,554,0,567,53,1.272,1,2066,0,1146.435,14.378,-1120.438,-140.375,198.063,-1.672,4.242,-0.145,11.910,-8.055,47.316,0.352,0.338,1.069,1.355,1,1065.000,-48.000,,3,1,2,7,255,1113,250,0,0
stim,3234,33355,1,33355,3230664.454,0.845,-0.240,-0.125,0.462,2021,0,0,1988,0,715,0,589,53,1.272,1,2066,0,702.024,32.885,-690.938,-90.125,85.563,-2.406,2.672,-2.555,11.910,30.652,9.199,0.404,0.278,1.069,1.355,1,NULL,NULL,,3,1,2,7,255,1113,250,0,0
stim,3234,33355,1,33355,3230669.455,0.847,-0.228,-0.126,0.464,2172,0,0,2085,0,892,0,672,53,1.272,1,2066,0,284.384,31.883,-248.563,-122.125,-64.625,-1.500,0.469,-1.777,8.773,30.652,-14.301,0.436,0.286,1.069,1.355,1,NULL,NULL,,3,1,2,7,255,1113,250,0,0
stim,3234,33355,1,33355,3230674.454,0.845,-0.227,-0.121,0.468,2317,0,0,2139,0,1034,0,755,53,1.272,1,2066,0,149.249,21.417,41.688,-122.875,-73.750,0.047,-0.176,0.777,-1.137,21.387,-14.301,0.446,0.328,1.069,1.355,1,NULL,NULL,,3,1,2,7,255,1113,250,0,0
stim,3234,33355,1,33355,3230679.455,0.848,-0.223,-0.116,0.467,2462,0,0,2269,0,1207,0,789,53,1.272,1,2066,0,141.965,5.029,-27.625,-124.563,62.250,0.590,1.520,1.742,-1.137,-4.898,-3.738,0.448,0.374,1.069,1.355,1,NULL,NULL,,3,1,2,7,255,1113,250,0,0
stim,3252,33373,1,33373,3230684.453,0.852,-0.216,-0.114,0.462,2637,0,0,2483,0,1270,0,828,53,1.272,1,2066,0,241.491,16.565,-165.375,-118.750,129.875,-0.145,2.004,1.789,15.824,-4.898,6.480,0.468,0.412,1.069,1.355,1,NULL,NULL,,3,1,2,7,255,1113,250,0,0
stim,3252,33373,1,33373,3230689.455,0.859,-0.202,-0.114,0.456,2747,0,0,2641,3,1299,0,921,53,1.272,1,2066,0,386.952,16.044,-319.625,-146.938,161.188,-1.742,-0.289,1.063,15.824,2.648,6.480,0.504,0.452,1.069,1.355,2,NULL,NULL,,3,1,2,7,255,1113,250,0,0
stim,3252,33373,1,33373,3230694.454,0.865,-0.183,-0.115,0.453,2839,0,0,2744,0,1319,0,1029,53,1.272,1,2066,0,448.765,13.285,-412.313,-169.688,50.938,-2.223,-1.555,-0.168,-11.570,6.527,5.453,0.528,0.488,1.069,1.355,2,NULL,NULL,,3,1,2,7,255,1113,250,0,0
stim,3252,33373,1,33373,3230699.455,0.865,-0.170,-0.114,0.458,2905,0,0,2841,0,1356,0,1123,53,1.272,1,2066,0,322.291,19.953,-232.313,-175.813,-137.813,-1.375,-1.309,-0.906,-18.813,6.648,-6.156,0.518,0.506,1.069,1.355,2,NULL,NULL,,3,1,2,7,255,1113,250,0,0
stim,3252,33373,1,33373,3230704.453,0.863,-0.165,-0.108,0.466,2953,0,0,2911,0,1387,0,1229,53,1.272,1,2066,0,256.193,19.953,-18.875,-187.438,-173.625,-0.023,-0.719,0.109,-18.813,6.648,-9.844,0.480,0.512,1.069,1.355,2,NULL,NULL,,3,1,2,7,255,1113,250,0,0
stim,3252,33373,1,33373,3230709.455,0.861,-0.162,-0.101,0.472,2987,0,0,2970,0,1427,0,1289,53,1.272,1,2066,0,223.445,7.242,55.000,-181.438,-118.250,0.652,-0.684,1.574,-6.047,-3.984,-9.844,0.434,0.510,1.069,1.355,2,NULL,NULL,,3,1,2,7,255,1113,250,0,0
stim,3296,33417,1,33417,3230714.453,0.861,-0.158,-0.096,0.474,3013,0,0,3022,0,1493,0,1338,53,1.272,1,2066,0,164.928,14.162,-26.688,-157.375,-41.500,0.797,-0.824,2.078,-1.918,-14.031,1.422,0.390,0.492,1.069,1.355,2,NULL,NULL,,3,1,2,7,255,1113,250,0,0
stim,3296,33417,1,33417,3230719.455,0.864,-0.149,-0.093,0.473,3039,0,0,3055,0,1597,0,1375,53,1.272,1,2066,0,224.905,17.512,-156.938,-154.813,44.563,0.844,-1.199,1.742,-1.918,-17.406,2.156,0.358,0.450,1.069,1.355,2,NULL,NULL,,3,1,2,7,255,1113,250,0,0
stim,3296,33417,1,33417,3230724.454,0.868,-0.139,-0.091,0.468,3061,0,0,3097,0,1735,0,1417,53,1.272,1,2066,0,277.130,18.046,-199.875,-144.500,126.375,0.387,-1.180,0.734,-4.762,-17.406,2.156,0.340,0.386,1.069,1.355,2,NULL,NULL,,3,1,2,7,255,1113,250,0,0
stim,3296,33417,1,33417,3230729.455,0.873,-0.132,-0.088,0.462,3063,0,0,3117,0,1839,0,1451,53,1.272,1,2066,0,247.011,13.585,-130.438,-141.813,154.563,-0.289,-0.918,0.355,-7.281,-11.469,-5.535,0.344,0.312,1.069,1.355,2,NULL,NULL,,3,1,2,7,255,1113,250,0,0
stim,3296,33417,1,33417,3230734.453,0.876,-0.128,-0.083,0.458,3067,0,0,3125,0,1949,0,1499,53,1.272,1,2066,0,193.317,8.215,-54.625,-145.375,115.125,-0.648,-0.434,0.723,-7.281,-3.805,-5.535,0.360,0.244,1.069,1.355,2,NULL,NULL,,3,1,2,7,255,1113,250,0,0
stim,3296,33417,1,33417,3230739.455,0.878,-0.124,-0.078,0.456,3092,0,0,3141,3,2055,0,1575,53,1.272,1,2066,0,156.700,6.840,-29.000,-143.813,55.063,-0.508,0.152,1.137,-6.820,0.523,-1.848,0.374,0.194,1.069,1.355,2,NULL,NULL,,3,1,2,7,255,1113,250,0,0
stim,3296,33417,1,33417,3230744.454,0.879,-0.120,-0.073,0.456,3090,0,0,3152,133,2157,13,1723,53,1.272,1,2066,0,146.529,1.262,-46.375,-137.875,17.625,-0.160,0.383,1.375,-1.148,0.523,2.301,0.380,0.170,1.069,1.355,2,NULL,NULL,,3,1,2,7,255,1113,250,0,0
stim,3296,33417,1,33417,3230749.455,0.880,-0.114,-0.069,0.456,3095,0,0,3156,488,2249,61,1843,53,1.272,1,2066,0,158.059,1.218,-86.375,-130.813,20.250,0.000,0.086,1.367,1.199,-0.215,3.246,0.378,0.162,1.069,1.355,2,NULL,NULL,,3,1,2,7,255,1113,250,0,0
stim,3318,33439,1,33439,3230754.453,0.881,-0.108,-0.067,0.455,3097,0,0,3160,744,2296,183,1993,53,1.272,1,2066,0,142.825,3.130,-90.000,-109.750,15.938,0.117,-0.176,1.676,1.199,-2.891,3.977,0.378,0.164,1.069,1.355,2,NULL,NULL,,3,1,2,7,255,1113,250,0,0
stim,3318,33439,1,33439,3230759.455,0.881,-0.104,-0.067,0.457,3096,0,0,3163,1007,2349,151,2083,53,1.272,1,2066,0,106.661,5.916,-82.125,-53.750,-41.750,0.289,-0.133,1.500,1.164,-5.801,3.777,0.384,0.160,1.069,1.355,2,NULL,NULL,,3,1,2,7,255,1113,250,0,0
stim,3318,33439,1,33439,3230764.454,0.881,-0.100,-0.066,0.458,3096,0,0,3167,1207,2380,175,2138,53,1.272,1,2066,0,85.304,5.916,-56.250,-50.375,-39.688,0.688,0.465,0.801,1.164,-5.801,3.777,0.402,0.148,1.069,1.355,2,NULL,NULL,,3,1,2,7,255,1113,250,0,0
stim,3318,33439,1,33439,3230769.455,0.881,-0.100,-0.064,0.459,3096,0,0,3165,1311,2411,191,2189,53,1.272,1,2066,0,45.067,8.577,18.188,-39.688,-11.188,0.520,0.488,1.160,7.258,-4.570,0.641,0.428,0.128,1.069,1.355,2,NULL,NULL,,3,1,2,7,255,1113,250,0,0
stim,3341,33462,0,33462,3230774.454,0.881,-0.098,-0.064,0.458,3099,18,0,3163,1433,2430,201,2239,53,1.272,1,2066,0,38.700,8.237,-27.000,-22.688,15.938,-0.141,-0.191,1.656,7.258,-3.895,0.641,0.454,0.108,1.069,1.355,2,NULL,NULL,,3,0,2,7,255,1108,250,0,0
stim,3341,33462,0,33462,3230779.455,0.881,-0.094,-0.065,0.459,3099,30,0,3172,1523,2443,205,2283,53,1.272,1,2066,0,108.326,3.881,-104.500,-18.250,-21.938,-0.480,-0.098,1.254,-1.637,-3.520,3.078,0.476,0.090,1.069,1.355,2,NULL,NULL,,3,0,2,7,255,1108,250,0,0
stim,3341,33462,0,33462,3230784.453,0.880,-0.091,-0.067,0.462,3103,39,0,3180,1597,2453,212,2323,53,1.272,1,2066,0,120.747,1.731,-81.875,-11.500,-88.000,-0.250,0.199,0.695,-1.637,0.563,3.078,0.492,0.076,1.069,1.355,2,NULL,NULL,,3,0,2,7,255,1108,250,0,0
stim,3341,33462,0,33462,3230789.455,0.878,-0.089,-0.067,0.466,3111,67,0,3189,1639,2464,235,2351,53,1.272,1,2066,0,100.590,0.776,-22.000,-10.188,-97.625,0.168,0.105,0.813,0.535,0.563,-2.309,0.502,0.066,1.069,1.355,2,NULL,NULL,,3,0,2,7,255,1108,250,0,0
stim,3341,33462,0,33462,3230794.454,0.877,-0.088,-0.067,0.468,3109,106,0,3179,1704,2487,245,2377,53,1.272,1,2066,0,61.012,2.476,-21.813,-7.375,-56.500,0.191,-0.160,1.176,0.535,-2.418,-2.309,0.512,0.058,1.069,1.355,2,NULL,NULL,,3,0,2,7,255,1108,250,0,0
stim,3341,33462,0,33462,3230799.455,0.877,-0.085,-0.068,0.468,3100,120,0,3180,1757,2501,269,2397,53,1.272,1,2066,0,65.121,2.724,-61.625,-6.750,-19.938,-0.059,-0.172,1.113,0.363,-2.699,0.898,0.524,0.048,1.069,1.355,2,NULL,NULL,,3,0,2,7,255,1108,250,0,0
stim,3393,33514,0,33514,3230804.453,0.876,-0.083,-0.070,0.469,3101,151,11,3179,1811,2505,266,2428,53,1.272,1,2066,0,72.414,2.805,-65.438,-5.938,-30.438,-0.270,0.023,0.844,-0.762,-2.699,0.898,0.536,0.038,1.069,1.355,2,NULL,NULL,,3,0,2,7,255,1108,250,0,0
stim,3393,33514,0,33514,3230809.455,0.875,-0.081,-0.070,0.472,3105,168,81,3189,1877,2505,271,2440,53,1.272,1,2066,0,72.119,0.770,-34.375,-5.188,-63.188,-0.172,0.027,0.828,-0.762,-0.109,-1.168,0.544,0.030,1.069,1.355,2,NULL,NULL,,3,0,2,7,255,1108,250,0,0
stim,3393,33514,0,33514,3230814.454,0.874,-0.080,-0.071,0.474,3103,197,155,3183,1900,2509,275,2453,53,1.272,1,2066,0,66.926,0.231,-13.563,-3.625,-65.438,0.094,-0.121,1.000,-0.203,-0.109,-1.168,0.550,0.022,1.069,1.355,2,NULL,NULL,,3,0,2,7,255,1108,250,0,0
stim,3393,33514,0,33514,3230819.455,0.873,-0.079,-0.071,0.475,3109,205,205,3183,1927,2515,275,2451,53,1.272,1,2066,0,35.144,3.340,-18.063,-2.250,-30.063,0.152,-0.184,1.059,0.004,-3.340,-0.445,0.558,0.014,1.069,1.355,2,NULL,NULL,,3,0,2,7,255,1108,250,0,0
stim,3393,33514,0,33514,3230824.454,0.873,-0.078,-0.072,0.475,3111,219,302,3191,1942,2519,269,2455,53,1.272,1,2066,0,24.447,3.340,-24.375,-0.125,-1.875,-0.043,-0.105,0.988,0.004,-3.340,-0.297,0.566,0.006,1.069,1.355,2,NULL,NULL,,3,0,2,7,255,1108,250,0,0
stim,3393,33514,0,33514,3230829.455,0.873,-0.077,-0.072,0.476,3111,237,333,3191,1963,2521,263,2470,53,1.272,1,2066,0,19.144,2.098,-18.063,0.625,-6.313,-0.199,0.051,0.957,0.000,-2.098,-0.199,0.000,0.000,1.069,1.355,2,NULL,NULL,,3,0,2,7,255,1108,250,0,0
stim,3393,33514,0,33514,3230834.453,0.873,-0.077,-0.072,0.476,3111,243,373,3180,1979,2517,248,2471,53,1.272,1,2066,0,23.956,0.102,-8.938,1.313,-22.188,-0.172,0.078,1.000,0.000,-0.102,-0.199,0.000,0.000,1.069,1.355,2,NULL,NULL,,3,0,2,7,255,1108,250,0,0
stim,3393,33514,0,33514,3230839.455,0.872,-0.076,-0.072,0.477,3101,230,429,3183,1991,2531,244,2471,53,1.272,1,2066,0,25.593,0.102,-9.563,1.563,-23.688,-0.070,-0.059,1.039,0.000,-0.102,0.137,0.000,0.000,1.069,1.355,2,NULL,NULL,,3,0,2,7,255,1108,250,0,0
stim,3421,33542,0,33542,3230844.454,0.872,-0.076,-0.073,0.477,3099,233,474,3179,1995,2523,231,2460,53,1.272,1,2066,0,14.984,1.709,-12.625,1.063,-8.000,-0.051,-0.066,1.023,-0.078,-1.707,0.137,0.000,0.000,1.069,1.355,2,NULL,NULL,,3,0,2,7,255,1108,250,0,0
stim,3421,33542,0,33542,3230849.455,0.872,-0.075,-0.073,0.477,3104,224,504,3187,1995,2535,227,2463,53,1.221,1,2066,1,9.545,1.711,-9.500,0.313,0.875,-0.152,-0.012,0.980,-0.113,-1.707,0.074,0.000,0.000,1.033,1.318,2,NULL,NULL,,3,0,2,7,255,1108,250,0,0
stim,3421,33542,0,33542,3230854.453,0.872,-0.075,-0.073,0.478,3107,225,530,3176,1999,2531,231,2473,53,1.221,1,2066,1,7.718,0.696,-2.813,-0.063,-7.188,-0.180,0.031,1.000,-0.078,-0.691,0.074,0.006,0.004,1.033,1.318,2,NULL,NULL,,3,0,2,7,255,1108,250,0,0
stim,3421,33542,0,33542,3230859.455,0.872,-0.075,-0.073,0.478,3096,212,539,3175,2003,2521,229,2461,53,1.221,1,2066,1,9.767,0.692,-0.125,-0.563,-9.750,-0.133,0.012,1.016,0.023,-0.691,0.145,0.012,0.008,1.033,1.318,2,NULL,NULL,,3,0,2,7,255,1108,250,0,0
stim,3421,33542,0,33542,3230864.454,0.872,-0.075,-0.073,0.478,3090,213,553,3173,2012,2519,229,2471,53,1.221,1,2066,1,6.444,0.786,-0.750,-0.563,-6.375,-0.113,-0.031,1.016,0.023,-0.785,0.145,0.018,0.012,1.033,1.318,2,NULL,NULL,,3,0,2,7,255,1108,250,0,0
stim,3421,33542,0,33542,3230869.455,0.872,-0.075,-0.073,0.478,3087,215,569,3165,2009,2515,231,2469,53,1.221,1,2066,1,3.969,0.786,-1.500,-2.750,2.438,-0.137,-0.004,0.996,-0.043,-0.785,0.137,0.024,0.014,1.033,1.318,2,NULL,NULL,,3,0,2,7,255,1108,250,0,0
stim,3439,33560,0,33560,3230874.454,0.872,-0.075,-0.072,0.478,3087,211,591,3160,2009,2513,227,2469,53,1.221,1,2066,1,6.296,0.773,1.500,-4.625,4.000,-0.188,0.023,0.973,-0.109,-0.766,0.035,0.030,0.018,1.033,1.318,2,NULL,NULL,,3,0,2,7,255,1108,250,0,0
stim,3439,33560,0,33560,3230879.455,0.872,-0.075,-0.072,0.478,3079,197,604,3155,2013,2506,233,2463,53,1.221,1,2066,1,7.493,0.204,5.438,-5.125,-0.563,-0.199,0.023,0.973,-0.109,-0.172,-0.070,0.036,0.020,1.033,1.318,2,NULL,NULL,,3,0,2,7,255,1108,250,0,0
stim,3439,33560,0,33560,3230884.453,0.872,-0.075,-0.072,0.478,3063,201,619,3149,2017,2495,245,2467,53,1.221,1,2066,1,9.371,0.204,6.563,-5.813,-3.313,-0.141,0.043,1.000,-0.109,-0.172,-0.070,0.040,0.022,1.033,1.318,2,NULL,NULL,,3,0,2,7,255,1108,250,0,0
stim,3439,33560,0,33560,3230889.455,0.872,-0.075,-0.071,0.478,3048,186,621,3133,2011,2491,249,2476,53,1.221,1,2066,1,9.860,0.602,5.688,-7.500,2.938,-0.121,0.063,1.012,0.336,-0.500,0.059,0.044,0.022,1.033,1.318,2,NULL,NULL,,3,0,2,7,255,1108,250,0,0
stim,3461,33582,0,33582,3230894.454,0.872,-0.075,-0.071,0.478,3043,179,631,3123,2021,2489,264,2477,53,1.221,1,2066,1,9.415,0.602,5.188,-7.313,2.875,-0.164,0.039,1.004,0.336,-0.500,0.160,0.046,0.024,1.033,1.318,2,NULL,NULL,,3,0,2,7,255,1108,250,0,0
stim,3461,33582,0,33582,3230899.455,0.872,-0.075,-0.070,0.478,3032,173,645,3115,2021,2491,269,2475,53,1.221,1,2066,1,8.538,0.486,3.750,-7.438,1.875,-0.164,0.066,1.000,0.355,-0.332,0.160,0.050,0.024,1.033,1.318,2,NULL,NULL,,3,0,2,7,255,1108,250,0,0
stim,3461,33582,0,33582,3230904.453,0.872,-0.075,-0.070,0.478,3027,173,654,3107,2027,2477,295,2475,53,1.221,1,2066,1,10.740,0.400,6.125,-8.750,1.125,-0.156,0.086,0.988,0.355,-0.184,0.113,0.052,0.024,1.033,1.318,2,NULL,NULL,,3,0,2,7,255,1108,250,0,0
stim,3461,33582,0,33582,3230909.455,0.872,-0.075,-0.069,0.478,3019,173,663,3096,2037,2473,302,2477,53,1.221,1,2066,1,11.799,0.500,7.813,-8.500,-2.438,-0.156,0.074,1.012,0.465,-0.184,0.113,0.054,0.022,1.033,1.318,2,NULL,NULL,,3,0,2,7,255,1108,250,0,0
stim,3504,33625,0,33625,3230914.454,0.872,-0.075,-0.069,0.478,2996,171,680,3081,2045,2479,311,2491,53,1.221,1,2066,1,10.585,0.553,5.000,-9.313,0.563,-0.156,0.098,1.016,0.539,-0.125,0.227,0.056,0.022,1.033,1.318,2,NULL,NULL,,3,0,2,7,255,1108,250,0,0
stim,3504,33625,0,33625,3230919.455,0.872,-0.075,-0.068,0.478,2987,179,683,3064,2073,2463,341,2491,53,1.221,1,2066,1,10.308,0.474,3.125,-9.688,-1.625,-0.184,0.066,0.996,0.465,-0.094,0.227,0.058,0.022,1.033,1.318,2,NULL,NULL,,3,0,2,7,255,1108,250,0,0
stim,3504,33625,0,33625,3230924.454,0.872,-0.075,-0.068,0.478,2972,175,714,3046,2086,2461,379,2501,53,1.221,1,2066,1,12.318,0.242,3.438,-11.625,-2.188,-0.188,0.074,0.977,0.242,-0.008,0.133,0.060,0.020,1.033,1.318,2,NULL,NULL,,3,0,2,7,255,1108,250,0,0
stim,3504,33625,0,33625,3230929.455,0.872,-0.075,-0.067,0.479,2940,185,781,3039,2121,2469,406,2523,53,1.221,1,2066,1,15.114,0.264,6.625,-12.750,-4.688,-0.195,0.090,0.973,0.242,0.105,-0.051,0.060,0.018,1.033,1.318,2,NULL,NULL,,3,0,2,7,255,1108,250,0,0
stim,3504,33625,0,33625,3230934.453,0.872,-0.075,-0.066,0.479,2932,188,823,3014,2156,2471,435,2532,53,1.221,1,2066,1,18.884,0.415,9.438,-14.813,-6.938,-0.176,0.160,1.016,0.305,0.281,-0.051,0.062,0.016,1.033,1.318,2,NULL,NULL,,3,0,2,7,255,1108,250,0,0
stim,3504,33625,0,33625,3230939.455,0.872,-0.075,-0.065,0.479,2908,186,903,2995,2197,2469,487,2547,53,1.221,1,2066,1,19.040,1.103,7.563,-15.125,-8.750,-0.172,0.188,1.051,1.023,0.410,0.352,0.062,0.014,1.033,1.318,2,NULL,NULL,,3,0,2,7,255,1108,250,0,0
stim,3504,33625,0,33625,3230944.454,0.872,-0.075,-0.065,0.480,2885,219,954,2982,2231,2459,541,2557,53,1.221,1,2066,1,18.761,1.317,2.625,-15.813,-9.750,-0.152,0.211,1.059,1.246,0.426,0.691,0.062,0.012,1.033,1.318,2,NULL,NULL,,3,0,2,7,255,1108,250,0,0
stim,3504,33625,0,33625,3230949.455,0.872,-0.075,-0.064,0.480,2845,245,1011,2963,2275,2462,648,2567,53,1.221,1,2066,1,19.612,1.317,-2.063,-15.125,-12.313,-0.148,0.152,1.016,1.246,0.426,0.691,0.064,0.010,1.033,1.318,2,NULL,NULL,,3,0,2,7,255,1108,250,0,0
stim,3522,33643,0,33643,3230954.453,0.871,-0.075,-0.063,0.481,2831,249,1125,2941,2312,2462,759,2587,53,1.221,1,2066,1,20.739,1.068,-1.375,-16.250,-12.813,-0.145,0.125,0.984,1.051,0.191,0.285,0.064,0.008,1.033,1.318,2,NULL,NULL,,3,0,2,7,255,1108,250,0,0
stim,3522,33643,0,33643,3230959.455,0.871,-0.074,-0.063,0.481,2793,261,1180,2937,2345,2471,881,2601,53,1.221,1,2066,1,22.009,0.831,0.000,-15.563,-15.563,-0.164,0.102,0.984,0.820,0.133,0.008,0.066,0.008,1.033,1.318,2,NULL,NULL,,3,0,2,7,255,1108,250,0,0
stim,3522,33643,0,33643,3230964.454,0.871,-0.074,-0.062,0.482,2771,265,1261,2907,2381,2469,988,2628,53,1.221,1,2066,1,26.555,0.827,0.938,-16.063,-21.125,-0.164,0.137,1.012,0.816,0.133,0.008,0.066,0.010,1.033,1.318,2,NULL,NULL,,3,0,2,7,255,1108,250,0,0
stim,3522,33643,0,33643,3230969.455,0.870,-0.073,-0.061,0.483,2740,279,1367,2887,2420,2475,1084,2623,53,1.221,1,2066,1,31.520,0.689,-3.313,-14.813,-27.625,-0.145,0.105,1.020,0.676,0.133,0.293,0.068,0.012,1.033,1.318,2,NULL,NULL,,3,0,2,7,255,1108,250,0,0
stim,3522,33643,0,33643,3230974.454,0.870,-0.073,-0.061,0.484,2697,279,1513,2873,2463,2479,1197,2636,53,1.221,1,2066,1,34.672,0.677,-7.125,-15.125,-30.375,-0.133,0.066,1.027,0.676,-0.031,0.313,0.070,0.016,1.033,1.318,2,NULL,NULL,,3,0,2,7,255,1108,250,0,0
stim,3522,33643,0,33643,3230979.455,0.869,-0.072,-0.061,0.486,2655,291,1621,2847,2493,2483,1316,2648,53,1.221,1,2066,1,36.180,0.532,-13.625,-14.563,-30.188,-0.152,0.023,0.996,0.402,-0.348,0.313,0.072,0.020,1.033,1.318,2,NULL,NULL,,3,0,2,7,255,1108,250,0,0
stim,3554,33675,0,33675,3230984.453,0.869,-0.071,-0.061,0.487,2603,314,1725,2838,2532,2479,1423,2669,53,1.221,1,2066,1,39.827,0.353,-13.438,-15.250,-34.250,-0.180,0.016,0.984,-0.059,-0.348,0.066,0.074,0.026,1.033,1.318,2,NULL,NULL,,3,0,2,7,255,1108,250,0,0
stim,3554,33675,0,33675,3230989.455,0.868,-0.070,-0.060,0.488,2553,324,1847,2820,2565,2485,1519,2679,53,1.221,1,2066,1,45.698,0.131,-15.500,-15.750,-40.000,-0.191,0.047,1.004,-0.059,-0.117,0.066,0.078,0.030,1.033,1.318,2,NULL,NULL,,3,0,2,7,255,1108,250,0,0
stim,3554,33675,0,33675,3230994.454,0.867,-0.068,-0.060,0.490,2505,353,1945,2789,2592,2492,1629,2707,53,1.221,1,2066,1,54.056,0.137,-20.438,-16.125,-47.375,-0.168,0.027,1.027,-0.070,-0.117,0.219,0.080,0.034,1.033,1.318,2,NULL,NULL,,3,0,2,7,255,1108,250,0,0
stim,3554,33675,0,33675,3230999.455,0.866,-0.067,-0.060,0.492,2431,367,2038,2767,2627,2489,1723,2713,53,1.221,1,2066,1,59.880,0.186,-28.625,-17.063,-49.750,-0.129,-0.020,1.039,-0.070,-0.172,0.383,0.082,0.038,1.033,1.318,2,NULL,NULL,,3,0,2,7,255,1108,250,0,0
stim,3554,33675,0,33675,3231004.453,0.865,-0.065,-0.061,0.494,2375,377,2131,2729,2653,2495,1819,2723,53,1.221,1,2066,1,65.380,0.741,-40.125,-17.500,-48.563,-0.121,-0.074,1.043,-0.223,-0.707,0.422,0.084,0.040,1.033,1.318,2,NULL,NULL,,3,0,2,7,255,1108,250,0,0
stim,3554,33675,0,33675,3231009.455,0.864,-0.062,-0.061,0.495,2302,377,2213,2693,2679,2487,1906,2735,53,1.221,1,2066,1,73.458,1.128,-51.750,-18.313,-48.813,-0.141,-0.094,1.051,-0.633,-0.934,0.461,0.086,0.042,1.033,1.318,2,NULL,NULL,,3,0,2,7,255,1108,250,0,0
stim,3598,33719,0,33719,3231014.453,0.863,-0.059,-0.062,0.497,2231,375,2311,2671,2709,2493,1995,2763,53,1.221,1,2066,1,80.116,1.128,-60.063,-18.500,-49.688,-0.117,-0.070,0.977,-0.633,-0.934,0.461,0.088,0.044,1.033,1.318,2,NULL,NULL,,3,0,2,7,255,1108,250,0,0
stim,3598,33719,0,33719,3231019.455,0.863,-0.056,-0.062,0.499,2153,379,2380,2614,2728,2491,2068,2769,53,1.221,1,2066,0,72.184,1.016,-51.938,-19.188,-46.313,-0.090,-0.047,0.879,-0.535,-0.863,-0.207,0.090,0.046,1.033,1.318,2,NULL,NULL,,3,0,2,7,255,1108,250,0,0
stim,3598,33719,0,33719,3231024.454,0.862,-0.054,-0.062,0.500,2093,388,2461,2581,2760,2503,2145,2791,53,1.221,1,2066,0,58.460,0.824,-37.750,-21.375,-39.188,-0.098,-0.047,0.902,-0.238,-0.789,-0.914,0.092,0.044,1.033,1.318,2,NULL,NULL,,3,0,2,7,255,1108,250,0,0
stim,3598,33719,0,33719,3231029.455,0.861,-0.052,-0.062,0.502,1989,383,2515,2517,2778,2513,2202,2794,53,1.221,1,2066,0,52.970,0.761,-31.500,-22.750,-36.000,-0.141,-0.055,0.988,-0.238,-0.723,-0.914,0.092,0.044,1.033,1.318,2,NULL,NULL,,3,0,2,7,255,1108,250,0,0
stim,3598,33719,0,33719,3231034.453,0.861,-0.050,-0.062,0.503,1881,382,2571,2472,2793,2496,2265,2825,53,1.221,1,2066,0,57.141,0.664,-33.938,-24.438,-38.938,-0.172,-0.051,1.043,-0.445,-0.492,-0.031,0.092,0.042,1.033,1.318,2,NULL,NULL,,3,0,2,7,255,1108,250,0,0
stim,3598,33719,0,33719,3231039.455,0.860,-0.048,-0.062,0.505,1759,375,2611,2393,2813,2496,2329,2831,53,1.221,1,2066,0,65.748,0.511,-40.000,-25.875,-45.313,-0.145,-0.016,1.039,-0.445,-0.250,0.484,0.094,0.040,1.033,1.318,2,NULL,NULL,,3,0,2,7,255,1108,250,0,0
stim,3598,33719,0,33719,3231044.454,0.859,-0.046,-0.062,0.506,1621,371,2652,2317,2842,2496,2387,2841,53,1.221,1,2066,0,65.386,0.250,-39.625,-26.188,-44.938,-0.078,-0.020,0.973,-0.012,-0.250,0.484,0.094,0.040,1.033,1.318,2,NULL,NULL,,3,0,2,7,255,1108,250,0,0
stim,3598,33719,0,33719,3231049.455,0.858,-0.044,-0.061,0.507,1432,355,2708,2221,2857,2508,2441,2856,53,1.221,1,2066,0,55.753,0.697,-33.125,-27.563,-35.375,-0.070,-0.039,0.965,0.086,-0.691,-0.262,0.096,0.038,1.033,1.318,2,NULL,NULL,,3,0,2,7,255,1108,250,0,0
stim,3620,33741,0,33741,3231054.454,0.858,-0.042,-0.061,0.509,1245,327,2738,2106,2875,2495,2487,2868,53,1.221,1,2066,0,49.353,0.716,-25.625,-28.938,-30.688,-0.086,-0.043,0.996,0.086,-0.711,-0.262,0.096,0.036,1.033,1.318,2,NULL,NULL,,3,0,2,7,255,1108,250,0,0
stim,3620,33741,0,33741,3231059.455,0.857,-0.040,-0.060,0.510,1112,296,2779,1965,2889,2493,2532,2874,53,1.221,1,2066,0,48.049,0.711,-24.813,-30.438,-27.688,-0.105,-0.059,1.035,0.008,-0.711,-0.008,0.098,0.034,1.033,1.318,2,NULL,NULL,,3,0,2,7,255,1108,250,0,0
stim,3620,33741,0,33741,3231064.454,0.857,-0.039,-0.060,0.510,943,247,2805,1781,2915,2486,2577,2890,53,1.221,1,2066,0,47.166,0.608,-25.250,-31.750,-24.063,-0.117,-0.039,1.039,-0.051,-0.605,0.387,0.100,0.032,1.033,1.318,2,NULL,NULL,,3,0,2,7,255,1108,250,0,0
stim,3620,33741,0,33741,3231069.455,0.857,-0.037,-0.059,0.511,711,235,2835,1571,2919,2493,2614,2894,53,1.221,1,2066,0,47.981,0.417,-24.375,-33.375,-24.375,-0.133,-0.020,1.027,-0.051,-0.414,0.387,0.100,0.032,1.033,1.318,2,NULL,NULL,,3,0,2,7,255,1108,250,0,0
stim,3642,33763,0,33763,3231074.454,0.856,-0.035,-0.058,0.512,475,185,2844,1383,2939,2475,2653,2913,53,1.221,1,2066,0,47.973,0.416,-20.563,-35.625,-24.688,-0.070,-0.012,1.012,0.039,-0.414,0.355,0.102,0.032,1.033,1.318,2,NULL,NULL,,3,0,2,7,255,1108,250,0,0
stim,3642,33763,0,33763,3231079.455,0.856,-0.034,-0.057,0.513,328,147,2877,1199,2963,2464,2666,2916,53,1.221,1,2066,0,44.840,0.611,-16.938,-38.125,-16.438,-0.074,-0.023,1.023,0.273,-0.547,0.238,0.104,0.032,1.033,1.318,2,NULL,NULL,,3,0,2,7,255,1108,250,0,0
stim,3642,33763,0,33763,3231084.453,0.856,-0.032,-0.056,0.513,191,79,2885,937,2975,2461,2694,2935,53,1.221,1,2066,0,44.274,0.681,-14.125,-39.750,-13.438,-0.074,0.012,1.051,0.406,-0.547,0.238,0.106,0.030,1.033,1.318,2,NULL,NULL,,3,0,2,7,255,1108,250,0,0
stim,3642,33763,0,33763,3231089.455,0.856,-0.031,-0.054,0.514,85,31,2908,711,2987,2445,2729,2949,53,1.221,1,2066,0,46.002,0.715,-13.750,-41.500,-14.313,-0.086,0.043,1.082,0.594,-0.398,0.484,0.108,0.030,1.033,1.318,2,NULL,NULL,,3,0,2,7,255,1108,250,0,0
stim,3642,33763,0,33763,3231094.453,0.855,-0.029,-0.053,0.514,31,21,2913,505,2987,2421,2749,2939,53,1.221,1,2066,0,48.766,0.930,-15.313,-43.188,-16.688,-0.020,0.102,1.059,0.848,-0.383,0.484,0.110,0.032,1.033,1.318,2,NULL,NULL,,3,0,2,7,255,1108,250,0,0
stim,3642,33763,0,33763,3231099.455,0.855,-0.028,-0.051,0.515,8,0,2931,372,3004,2398,2785,2955,53,1.221,1,2066,0,49.462,1.310,-14.438,-43.750,-18.000,-0.031,0.070,1.027,1.266,-0.340,0.484,0.112,0.032,1.033,1.318,2,NULL,NULL,,3,0,2,7,255,1108,250,0,0
stim,3695,33816,0,33816,3231104.454,0.855,-0.027,-0.049,0.515,0,0,2940,295,3020,2374,2805,2955,53,1.221,1,2066,0,49.938,1.310,5.875,-49.563,-1.688,-0.152,-0.023,1.109,1.266,-0.340,0.484,0.112,0.032,1.033,1.318,2,NULL,NULL,,3,0,2,7,255,1108,250,0,0
stim,3695,33816,0,33816,3231109.455,0.856,-0.026,-0.047,0.515,0,0,2943,239,3031,2343,2837,2965,53,1.221,1,2066,0,61.539,0.245,22.750,-56.938,5.250,-0.316,-0.105,1.293,-0.039,0.242,1.176,0.116,0.032,1.033,1.318,2,NULL,NULL,,3,0,2,7,255,1108,250,0,0
stim,3695,33816,0,33816,3231114.453,0.856,-0.026,-0.044,0.515,0,0,2949,221,3043,2316,2843,2966,53,1.221,1,2066,0,75.743,1.833,36.938,-66.125,-0.188,-0.445,-0.156,1.586,-1.402,1.180,3.137,0.118,0.032,1.033,1.318,2,NULL,NULL,,3,0,2,7,255,1108,250,0,0
stim,3695,33816,0,33816,3231119.455,0.856,-0.026,-0.040,0.515,0,0,2965,179,3039,2285,2863,2971,53,1.221,1,2066,0,87.335,2.338,38.000,-78.125,8.938,-0.391,0.102,1.813,-1.402,1.871,6.141,0.122,0.032,1.033,1.318,2,NULL,NULL,,3,0,2,7,255,1108,250,0,0
stim,3695,33816,0,33816,3231124.454,0.856,-0.023,-0.038,0.515,0,0,2975,142,3047,2235,2890,2969,53,1.221,1,2066,0,90.582,1.887,-46.750,-77.313,-6.500,-0.105,0.262,1.582,0.242,1.871,6.141,0.124,0.034,1.033,1.318,2,NULL,NULL,,3,0,2,7,255,1108,250,0,0
stim,3695,33816,0,33816,3231129.455,0.856,-0.018,-0.037,0.515,0,0,2975,122,3055,2184,2907,2981,53,1.221,1,2066,0,109.112,2.080,-74.625,-79.563,2.500,-0.074,0.160,1.180,1.793,1.055,5.641,0.128,0.036,1.033,1.318,3,NULL,NULL,,3,0,2,7,255,1108,250,0,0
stim,3695,33816,0,33816,3231134.454,0.857,-0.015,-0.034,0.513,0,0,2985,44,3059,2107,2925,2981,53,1.221,1,2066,0,103.812,2.080,-41.063,-89.125,33.875,-0.148,0.125,1.078,1.793,1.055,1.691,0.130,0.040,1.033,1.318,3,NULL,NULL,,3,0,2,7,255,1108,250,0,0
stim,3695,33816,0,33816,3231139.455,0.858,-0.013,-0.031,0.512,0,0,2987,17,3082,2036,2939,2973,53,1.221,1,2066,0,103.630,1.670,-16.938,-95.875,35.500,-0.277,0.039,1.133,1.066,1.285,1.430,0.132,0.042,1.033,1.318,3,NULL,NULL,,3,0,2,7,255,1108,250,0,0
stim,3718,33839,0,33839,3231144.453,0.859,-0.010,-0.028,0.511,0,0,2983,0,3083,1934,2939,2967,53,1.221,1,2066,0,103.776,1.591,-11.938,-101.250,19.375,-0.297,-0.117,1.211,-0.277,1.566,1.430,0.130,0.048,1.033,1.318,3,NULL,NULL,,3,0,2,7,255,1108,250,0,0
stim,3718,33839,0,33839,3231149.455,0.860,-0.007,-0.024,0.510,0,0,2983,0,3091,1805,2957,2969,53,1.221,1,2066,0,109.107,2.320,-13.063,-107.000,16.875,-0.262,-0.234,1.262,-1.711,1.566,2.230,0.126,0.054,1.033,1.318,3,NULL,NULL,,3,0,2,7,255,1108,250,0,0
stim,3718,33839,0,33839,3231154.454,0.860,-0.004,-0.021,0.509,0,0,2982,0,3097,1677,2975,2971,53,1.221,1,2066,0,115.231,2.676,-14.625,-112.688,19.125,-0.258,-0.270,1.230,-2.551,0.809,2.453,0.120,0.062,1.033,1.318,3,NULL,NULL,,3,0,2,7,255,1108,250,0,0
stim,3718,33839,0,33839,3231159.455,0.861,-0.001,-0.017,0.509,0,0,2973,0,3091,1518,2975,2956,53,1.221,1,2066,0,120.687,2.760,-14.625,-118.438,18.000,-0.234,-0.246,1.180,-2.660,0.734,2.453,0.118,0.072,1.033,1.318,3,NULL,NULL,,3,0,2,7,255,1108,250,0,0
stim,3718,33839,0,33839,3231164.454,0.861,0.002,-0.013,0.508,0,0,2977,0,3097,1333,3003,2951,53,1.221,1,2066,0,126.438,2.760,-11.813,-124.375,19.438,-0.191,-0.172,1.184,-2.660,0.734,1.930,0.116,0.080,1.033,1.318,3,NULL,NULL,,3,0,2,7,255,1108,250,0,0
stim,3718,33839,0,33839,3231169.455,0.862,0.005,-0.008,0.507,0,0,2969,0,3097,1109,3011,2941,53,1.221,1,2066,0,131.860,2.051,-8.250,-129.750,22.000,-0.207,-0.109,1.168,-1.871,0.840,1.891,0.114,0.088,1.033,1.318,3,NULL,NULL,,3,0,2,7,255,1108,250,0,0
stim,3739,33860,0,33860,3231174.453,0.863,0.009,-0.004,0.506,0,0,2936,0,3104,909,3003,2926,53,1.221,1,2066,0,137.540,2.040,-4.375,-136.063,19.625,-0.223,-0.102,1.133,-1.535,1.344,1.684,0.110,0.098,1.033,1.318,3,NULL,NULL,,3,0,2,7,255,1108,250,0,0
stim,3739,33860,0,33860,3231179.455,0.863,0.012,0.002,0.505,0,0,2937,0,3109,669,3021,2921,53,1.221,1,2066,0,143.821,2.253,1.688,-143.188,13.375,-0.246,-0.105,1.141,-1.535,1.648,1.371,0.102,0.108,1.033,1.318,3,NULL,NULL,,3,0,2,7,255,1108,250,0,0
stim,3739,33860,0,33860,3231184.454,0.863,0.014,0.007,0.504,0,0,2915,0,3121,518,3027,2899,53,1.221,1,2066,0,149.942,2.416,13.188,-149.188,7.188,-0.207,-0.164,1.145,-1.766,1.648,1.371,0.094,0.116,1.033,1.318,3,NULL,NULL,,3,0,2,7,255,1108,250,0,0
stim,3739,33860,0,33860,3231189.455,0.863,0.017,0.013,0.504,0,0,2880,0,3115,352,3036,2888,53,1.221,1,2066,0,159.666,2.567,21.688,-158.063,6.250,-0.168,-0.176,1.219,-2.137,1.422,1.418,0.084,0.124,1.033,1.318,3,NULL,NULL,,3,0,2,7,255,1108,250,0,0
stim,3761,33882,0,33882,3231194.453,0.864,0.020,0.020,0.503,0,0,2852,0,3115,135,3033,2863,53,1.221,1,2066,0,167.442,2.567,22.125,-165.625,10.750,-0.160,-0.086,1.250,-2.137,1.422,2.109,0.072,0.132,1.033,1.318,3,NULL,NULL,,3,0,2,7,255,1108,250,0,0
stim,3761,33882,0,33882,3231199.455,0.864,0.022,0.027,0.503,0,0,2821,0,3123,81,3043,2835,53,1.221,1,2066,0,176.425,2.251,32.000,-173.375,6.563,-0.215,0.035,1.246,-1.426,1.742,2.203,0.060,0.144,1.033,1.318,3,NULL,NULL,,3,0,2,7,255,1108,250,0,0
stim,3761,33882,0,33882,3231204.454,0.864,0.024,0.035,0.502,0,0,2765,0,3113,17,3039,2795,53,1.221,1,2066,0,188.388,3.006,35.938,-184.688,9.438,-0.133,0.148,1.457,-0.797,2.898,2.375,0.046,0.156,1.033,1.318,3,NULL,NULL,,3,0,2,7,255,1108,250,0,0
stim,3761,33882,0,33882,3231209.455,0.864,0.027,0.042,0.501,0,0,2719,0,3111,0,3045,2745,53,1.221,1,2066,0,195.690,3.112,30.500,-192.625,16.125,-0.199,0.203,1.617,0.367,3.090,4.234,0.034,0.168,1.033,1.318,3,NULL,NULL,,3,0,2,7,255,1108,250,0,0
stim,3804,33925,0,33925,3231214.453,0.864,0.031,0.050,0.500,0,0,2653,0,3108,0,3044,2699,53,1.221,1,2066,0,207.284,4.266,20.750,-205.813,13.313,-0.297,0.242,1.758,0.367,4.250,5.707,0.024,0.182,1.033,1.318,3,NULL,NULL,,3,0,2,7,255,1108,250,0,0
stim,3804,33925,0,33925,3231219.455,0.864,0.036,0.059,0.499,0,0,2586,0,3102,0,3045,2641,53,1.221,1,2066,0,216.552,5.650,4.688,-216.438,5.250,-0.328,0.301,1.945,0.152,5.648,6.867,0.016,0.194,1.033,1.318,3,NULL,NULL,,3,0,2,7,255,1108,250,0,0
stim,3804,33925,0,33925,3231224.454,0.864,0.041,0.067,0.498,0,0,2483,0,3095,0,3045,2567,53,1.221,1,2066,0,234.073,6.731,-8.625,-233.750,8.750,-0.410,0.273,2.125,0.027,6.730,8.539,0.014,0.208,1.033,1.318,3,NULL,NULL,,3,0,2,7,255,1108,250,0,0
stim,3804,33925,0,33925,3231229.455,0.863,0.047,0.076,0.496,0,0,2373,0,3084,0,3036,2495,53,1.221,1,2066,0,256.143,7.884,-18.125,-254.875,17.875,-0.445,0.379,2.379,-0.387,7.875,10.047,0.020,0.222,1.033,1.318,3,NULL,NULL,,3,0,2,7,255,1108,250,0,0
stim,3804,33925,0,33925,3231234.454,0.863,0.055,0.086,0.494,0,0,2239,0,3065,0,3030,2404,53,1.221,1,2066,0,283.548,9.523,-43.313,-278.438,31.563,-0.496,0.602,2.398,-0.387,9.516,11.992,0.032,0.236,1.033,1.318,3,NULL,NULL,,3,0,2,7,255,1108,250,0,0
stim,3804,33925,0,33925,3231239.455,0.863,0.064,0.096,0.492,0,0,2101,0,3047,0,3017,2291,53,1.221,1,2066,0,310.378,11.628,-66.500,-301.063,35.688,-0.527,0.836,2.418,1.035,11.582,11.992,0.048,0.254,1.033,1.318,3,NULL,NULL,,3,0,2,7,255,1108,250,0,0
stim,3804,33925,0,33925,3231244.453,0.862,0.074,0.106,0.490,0,0,1951,0,3039,17,2997,2137,53,1.221,1,2066,0,331.778,13.807,-86.125,-319.313,26.438,-0.590,0.883,2.535,2.480,13.582,11.992,0.068,0.276,1.033,1.318,3,NULL,NULL,,3,0,2,7,255,1108,250,0,0
stim,3804,33925,0,33925,3231249.455,0.861,0.086,0.116,0.488,0,0,1813,0,3005,31,2963,1993,53,1.221,1,2066,0,363.545,15.404,-118.250,-342.875,24.875,-0.676,0.793,2.563,2.480,15.203,11.852,0.092,0.302,1.033,1.318,3,NULL,NULL,,3,0,2,7,255,1108,250,0,0
stim,3821,33942,0,33942,3231254.454,0.859,0.100,0.126,0.487,0,0,1721,0,2966,31,2951,1849,53,1.221,1,2066,0,392.464,16.318,-149.438,-362.625,14.125,-0.699,0.910,2.574,1.902,16.207,11.852,0.120,0.332,1.033,1.318,3,NULL,NULL,,3,0,2,7,255,1108,250,0,0
stim,3821,33942,0,33942,3231259.455,0.856,0.114,0.137,0.485,0,0,1640,0,2926,28,2903,1693,53,1.221,1,2066,0,412.866,17.840,-158.750,-381.125,-0.563,-0.738,1.035,2.668,1.902,17.738,11.223,0.154,0.368,1.033,1.318,3,NULL,NULL,,3,0,2,7,255,1108,250,0,0
stim,3821,33942,0,33942,3231264.454,0.853,0.128,0.148,0.484,0,0,1529,0,2859,4,2825,1556,53,1.221,1,2066,0,433.349,19.768,-163.313,-401.125,-14.813,-0.844,0.945,2.840,1.902,19.676,11.223,0.198,0.412,1.033,1.318,3,NULL,NULL,,3,0,2,7,255,1108,250,0,0
stim,3821,33942,0,33942,3231269.455,0.848,0.144,0.160,0.484,0,0,1416,0,2796,0,2735,1403,53,1.221,1,2066,0,468.584,21.512,-191.313,-426.813,-28.313,-0.891,0.691,2.879,1.094,21.484,11.320,0.248,0.462,1.033,1.318,3,NULL,NULL,,3,0,2,7,255,1108,250,0,0
stim,3821,33942,0,33942,3231274.454,0.843,0.161,0.173,0.483,0,0,1267,0,2701,0,2597,1273,53,1.221,1,2066,0,487.395,21.528,-195.625,-444.750,-38.500,-0.867,0.539,2.820,-1.367,21.484,11.320,0.308,0.522,1.033,1.318,3,NULL,NULL,,3,0,2,7,255,1108,250,0,0
stim,3821,33942,0,33942,3231279.455,0.837,0.177,0.186,0.482,0,0,1064,0,2577,0,2415,1113,53,1.221,1,2066,0,499.236,21.775,-189.563,-459.625,-45.250,-0.809,0.543,2.828,-2.238,21.660,10.164,0.374,0.588,1.033,1.318,3,NULL,NULL,,3,0,2,7,255,1108,250,0,0
stim,3854,33975,0,33975,3231284.453,0.831,0.194,0.199,0.482,0,0,869,0,2420,0,2152,967,53,1.221,1,2066,0,505.978,21.844,-185.688,-467.375,-55.625,-0.707,0.383,2.918,-2.508,21.699,10.078,0.448,0.662,1.033,1.318,3,NULL,NULL,,3,0,2,7,255,1108,250,0,0
stim,3854,33975,0,33975,3231289.455,0.825,0.211,0.213,0.480,0,0,688,0,2211,0,1842,845,53,1.221,1,2066,0,521.305,21.951,-197.063,-480.688,-43.188,-0.609,0.027,2.832,-3.313,21.699,9.570,0.530,0.746,1.033,1.318,3,NULL,NULL,,3,0,2,7,255,1108,250,0,0
stim,3854,33975,0,33975,3231294.453,0.818,0.229,0.226,0.477,0,0,499,0,1937,0,1453,697,53,1.221,1,2066,0,546.883,20.794,-220.688,-500.375,1.563,-0.582,-0.438,2.387,-5.895,19.941,9.523,0.622,0.838,1.033,1.318,3,NULL,NULL,,3,0,2,7,255,1108,250,0,0
stim,3854,33975,0,33975,3231299.455,0.811,0.248,0.239,0.472,0,0,238,0,1668,0,947,589,53,1.221,1,2066,0,560.219,18.503,-220.563,-514.625,18.938,-0.430,-0.586,1.633,-9.074,16.125,6.051,0.720,0.938,1.033,1.318,3,NULL,NULL,,3,0,2,7,255,1108,250,0,0
stim,3854,33975,0,33975,3231304.454,0.804,0.264,0.255,0.467,0,0,127,0,1319,0,345,479,53,1.221,1,2066,0,547.289,13.919,-147.563,-526.875,12.375,-0.320,-0.465,1.133,-9.074,10.555,0.844,0.824,1.046,1.033,1.318,3,NULL,NULL,,3,0,2,7,255,1108,250,0,0
stim,3854,33975,0,33975,3231309.455,0.799,0.277,0.272,0.460,0,0,61,0,967,0,70,392,53,1.221,1,2066,0,530.233,12.667,-35.125,-528.688,20.063,-0.320,-0.023,1.387,-7.004,10.555,-2.492,0.930,1.152,1.033,1.318,3,NULL,NULL,,3,0,2,7,255,1108,250,0,0
stim,3903,34024,0,34024,3231314.453,0.794,0.287,0.290,0.451,0,0,30,0,445,0,0,325,53,1.221,1,2066,0,531.755,11.852,20.875,-527.875,60.625,-0.586,0.348,2.059,-3.707,11.258,-2.492,1.034,1.262,1.033,1.318,3,NULL,NULL,,3,0,2,7,255,1108,250,0,0
stim,3903,34024,0,34024,3231319.455,0.790,0.301,0.305,0.438,0,0,19,0,73,0,0,260,53,1.221,1,2066,0,561.791,19.569,-29.875,-540.188,151.375,-1.109,0.465,2.270,-3.707,19.215,-2.492,1.136,1.368,1.033,1.318,3,NULL,NULL,,3,0,2,7,255,1108,250,0,0
stim,3903,34024,0,34024,3231324.454,0.785,0.317,0.319,0.426,0,0,0,0,0,0,0,191,53,1.221,1,2066,0,582.659,24.278,-109.313,-542.875,181.188,-1.363,0.699,1.953,-3.766,23.984,-5.043,1.230,1.466,1.033,1.318,3,NULL,NULL,,3,0,2,7,255,1108,250,0,0
stim,3903,34024,0,34024,3231329.455,0.778,0.335,0.331,0.416,0,0,0,0,0,0,0,137,53,1.221,1,2066,0,554.145,24.278,-177.313,-510.625,122.063,-1.016,1.105,1.445,-3.766,23.984,-10.516,1.314,1.554,1.033,1.318,4,NULL,NULL,,3,0,2,7,255,1108,250,0,0
stim,3903,34024,0,34024,3231334.453,0.769,0.352,0.341,0.411,0,0,0,0,0,0,0,89,53,1.221,1,2066,0,515.071,20.145,-248.813,-446.938,60.313,-0.531,1.316,1.027,2.137,20.031,-12.477,1.388,1.632,1.033,1.318,0,NULL,NULL,,3,0,2,7,255,1108,250,0,0
stim,3903,34024,0,34024,3231339.455,0.761,0.372,0.344,0.406,0,0,0,0,0,0,0,101,53,1.221,1,2066,0,520.289,16.881,-354.813,-356.375,133.438,-0.754,1.281,0.422,6.910,15.402,-12.781,1.460,1.708,1.033,1.318,0,NULL,NULL,,3,0,2,7,255,1108,250,0,0
stim,3903,34024,0,34024,3231344.454,0.753,0.391,0.343,0.403,0,0,0,0,0,0,0,89,53,1.221,1,2066,0,470.141,12.798,-380.000,-247.938,123.125,-0.488,1.566,-0.434,6.945,10.750,-17.734,1.540,1.792,1.033,1.318,0,NULL,NULL,,3,0,2,7,255,1108,250,0,0
stim,3903,34024,0,34024,3231349.455,0.749,0.399,0.344,0.402,0,0,0,0,0,0,0,89,53,1.221,1,2066,0,206.928,7.594,-151.063,-137.500,33.063,-0.563,0.180,-0.367,6.945,3.070,-17.734,1.632,1.886,1.033,1.318,0,NULL,NULL,,3,0,2,7,255,1108,250,0,0
stim,3903,34024,0,34024,3231354.454,0.749,0.399,0.347,0.400,0,0,0,0,0,0,0,101,53,1.221,1,2066,0,74.485,3.094,41.563,-60.813,11.063,-0.824,-0.910,0.895,-0.383,3.070,-16.574,1.732,1.988,1.033,1.318,0,NULL,NULL,,3,0,2,7,255,1108,250,0,0
stim,3903,34024,0,34024,3231359.455,0.749,0.399,0.345,0.401,0,0,0,0,0,0,0,79,53,1.221,1,2066,0,41.189,14.943,-28.188,29.250,-6.813,-1.008,-0.715,1.699,-13.031,7.313,-9.813,1.834,2.094,1.033,1.318,0,NULL,NULL,,3,0,2,7,255,1108,250,0,0
stim,3927,34048,0,34048,3231364.454,0.747,0.403,0.339,0.406,0,0,0,0,0,0,0,73,53,1.221,1,2066,0,217.454,17.466,-181.000,119.188,-17.875,-0.922,0.160,0.941,-13.031,11.629,-9.813,1.930,2.192,1.033,1.318,0,NULL,NULL,,3,0,2,7,255,1108,250,0,0
stim,3927,34048,0,34048,3231369.455,0.746,0.405,0.330,0.412,0,0,0,0,0,0,0,47,53,1.221,1,2066,0,256.509,12.319,-177.813,184.875,0.750,-0.785,1.016,-0.168,-4.066,11.629,-13.844,2.012,2.274,1.033,1.318,0,NULL,NULL,,3,0,2,7,255,1108,250,0,0
stim,3927,34048,0,34048,3231374.454,0.749,0.403,0.321,0.416,0,0,0,0,0,0,0,21,53,1.221,1,2066,0,224.587,7.124,-47.688,218.625,19.188,-0.902,1.199,-0.254,5.523,4.500,-20.363,2.072,2.336,1.033,1.318,0,NULL,NULL,,3,0,2,7,255,1108,250,0,0
stim,3927,34048,0,34048,3231379.455,0.753,0.397,0.314,0.420,0,0,0,0,0,0,0,23,53,1.221,1,2066,0,240.978,7.124,38.625,237.688,9.125,-1.051,0.719,0.445,5.523,4.500,-20.363,2.116,2.382,1.033,1.318,0,NULL,NULL,,3,0,2,7,255,1108,250,0,0
stim,3950,34071,0,34071,3231384.453,0.756,0.392,0.306,0.425,0,0,0,0,0,0,0,25,53,1.221,1,2066,0,253.560,9.906,9.875,253.188,-9.563,-0.973,0.199,0.844,1.035,9.852,-18.512,2.156,2.426,1.033,1.318,0,NULL,NULL,,3,0,2,7,255,1108,250,0,0
stim,3950,34071,0,34071,3231389.455,0.759,0.389,0.297,0.430,0,0,0,0,0,0,0,25,53,1.221,1,2066,0,267.790,10.381,-51.813,262.688,-4.688,-0.781,0.090,0.578,-3.273,9.852,-14.000,2.200,2.472,1.033,1.318,0,NULL,NULL,,3,0,2,7,255,1108,250,0,0
stim,3950,34071,0,34071,3231394.454,0.761,0.386,0.287,0.435,0,0,0,0,0,0,0,22,53,1.221,1,2066,0,275.928,8.905,-65.188,267.375,19.938,-0.574,0.328,0.113,-3.273,8.281,-14.000,2.246,2.520,1.033,1.318,0,NULL,NULL,,3,0,2,7,255,1108,250,0,0
stim,3950,34071,0,34071,3231399.455,0.765,0.383,0.277,0.439,0,0,0,0,0,0,0,31,53,1.221,1,2066,0,269.078,4.310,-30.250,262.750,49.500,-0.680,0.453,-0.227,0.105,4.309,-14.703,2.288,2.566,1.033,1.318,0,NULL,NULL,,3,0,2,7,255,1108,250,0,0
stim,3993,34114,0,34114,3231404.453,0.769,0.377,0.268,0.442,0,0,0,0,0,0,0,41,53,1.221,1,2066,0,266.883,2.971,24.250,263.313,36.125,-0.770,0.406,-0.219,0.105,2.969,-17.668,2.326,2.606,1.033,1.318,0,NULL,NULL,,3,0,2,7,255,1108,250,0,0
stim,3993,34114,0,34114,3231409.455,0.773,0.370,0.260,0.445,0,0,0,0,0,0,0,42,53,1.221,1,2066,0,271.583,2.969,58.563,264.688,16.375,-0.609,0.281,-0.051,0.012,2.969,-17.668,2.364,2.646,1.033,1.318,0,NULL,NULL,,3,0,2,7,255,1108,250,0,0
stim,3993,34114,0,34114,3231414.453,0.777,0.363,0.252,0.448,0,0,0,0,0,0,0,40,53,1.221,1,2066,0,280.154,3.340,66.938,270.563,28.313,-0.363,0.242,0.113,0.012,3.340,-15.453,2.404,2.688,1.033,1.318,0,NULL,NULL,,3,0,2,7,255,1108,250,0,0
stim,3993,34114,0,34114,3231419.455,0.782,0.355,0.243,0.450,0,0,0,0,0,0,0,42,53,1.221,1,2066,0,289.053,3.406,71.125,275.250,52.250,-0.426,0.297,0.152,0.281,3.395,-12.855,2.440,2.728,1.033,1.318,0,NULL,NULL,,3,0,2,7,255,1108,250,0,0
stim,3993,34114,0,34114,3231424.454,0.788,0.347,0.234,0.452,0,0,0,0,0,0,0,37,53,1.221,1,2066,0,300.135,4.283,89.125,280.563,58.500,-0.484,0.203,0.211,0.281,4.273,-12.570,2.468,2.760,1.033,1.318,0,NULL,NULL,,3,0,2,7,255,1108,250,0,0
stim,3993,34114,0,34114,3231429.455,0.793,0.338,0.226,0.454,0,0,0,0,0,0,0,33,53,1.221,1,2066,0,310.227,4.843,106.750,285.688,56.813,-0.512,0.160,0.379,-0.668,4.797,-12.426,2.490,2.782,1.033,1.318,0,NULL,NULL,,3,0,2,7,255,1108,250,0,0
stim,3993,34114,0,34114,3231434.453,0.798,0.329,0.217,0.455,0,0,0,0,0,0,0,37,53,1.221,1,2066,0,316.539,6.153,109.938,292.938,47.938,-0.523,0.238,0.598,-0.695,6.113,-11.262,2.508,2.802,1.033,1.318,0,NULL,NULL,,3,0,2,7,255,1108,250,0,0
stim,3993,34114,0,34114,3231439.455,0.803,0.320,0.208,0.458,0,0,0,0,0,0,0,28,53,1.221,1,2066,0,320.327,8.077,101.875,301.000,40.375,-0.480,0.270,0.742,-0.695,8.047,-9.973,2.524,2.822,1.033,1.318,0,NULL,NULL,,3,0,2,7,255,1108,250,0,0
stim,4024,34145,0,34145,3231444.454,0.808,0.311,0.199,0.460,0,0,0,0,0,0,0,31,53,1.221,1,2066,0,324.811,8.914,92.563,308.938,38.625,-0.461,0.254,0.824,-0.254,8.910,-8.598,2.540,2.840,1.033,1.318,0,NULL,NULL,,3,0,2,7,255,1108,250,0,0
stim,4024,34145,0,34145,3231449.455,0.812,0.301,0.189,0.463,0,0,0,0,0,0,0,33,53,1.221,1,2066,0,329.642,9.273,83.813,316.875,35.063,-0.473,0.230,0.871,-0.254,9.270,-7.602,2.556,2.858,1.033,1.318,0,NULL,NULL,,3,0,2,7,255,1108,250,0,0
stim,4024,34145,0,34145,3231454.453,0.816,0.292,0.179,0.466,0,0,0,0,0,0,0,36,53,1.221,1,2066,0,334.422,9.499,75.813,324.563,27.375,-0.504,0.191,0.898,-0.449,9.488,-6.988,2.574,2.880,1.033,1.318,0,NULL,NULL,,3,0,2,7,255,1108,250,0,0
stim,4024,34145,0,34145,3231459.455,0.819,0.283,0.168,0.469,0,0,0,0,0,0,0,37,53,1.221,1,2066,0,338.935,9.530,68.250,331.750,12.688,-0.531,0.148,0.883,-0.891,9.488,-6.563,2.598,2.906,1.033,1.318,0,NULL,NULL,,3,0,2,7,255,1108,250,0,0
stim,4024,34145,0,34145,3231464.454,0.822,0.274,0.157,0.473,0,0,0,0,0,0,0,33,53,1.221,1,2066,0,346.049,9.569,66.688,339.563,-0.500,-0.438,0.055,0.859,-1.297,9.480,-6.398,2.628,2.938,1.033,1.318,0,NULL,NULL,,3,0,2,7,255,1108,250,0,0
stim,4024,34145,0,34145,3231469.455,0.825,0.264,0.147,0.477,0,0,0,0,0,0,0,31,53,1.221,1,2066,0,351.488,8.374,66.250,345.188,-0.625,-0.395,0.102,0.840,-1.297,8.273,-5.543,2.660,2.974,1.033,1.318,0,NULL,NULL,,3,0,2,7,255,1108,250,0,0
stim,4025,34146,0,34146,3231474.454,0.828,0.254,0.136,0.481,0,0,0,0,0,0,0,37,53,1.221,1,2066,0,357.709,7.954,69.188,350.938,-3.438,-0.402,0.137,0.824,-0.871,7.906,-5.406,2.698,3.012,1.033,1.318,0,NULL,NULL,,3,0,2,7,255,1108,250,0,0
stim,4025,34146,0,34146,3231479.455,0.830,0.244,0.125,0.486,0,0,0,0,0,0,0,36,53,1.221,1,2066,0,363.071,7.931,74.188,355.250,-10.688,-0.398,0.098,0.816,-0.762,7.895,-5.383,2.738,3.056,1.033,1.318,0,NULL,NULL,,3,0,2,7,255,1108,250,0,0
stim,4053,34174,0,34174,3231484.453,0.832,0.233,0.114,0.490,0,0,0,0,0,0,0,38,53,1.221,1,2066,0,367.756,7.615,81.500,358.000,-20.938,-0.406,0.141,0.813,-0.520,7.598,-5.109,2.782,3.102,1.033,1.318,0,NULL,NULL,,3,0,2,7,255,1108,250,0,0
stim,4053,34174,0,34174,3231489.455,0.834,0.222,0.103,0.495,0,0,0,0,0,0,0,45,53,1.221,1,2066,0,374.136,7.546,93.688,360.250,-37.688,-0.273,0.059,0.789,-0.324,7.539,-5.051,2.826,3.148,1.033,1.318,0,NULL,NULL,,3,0,2,7,255,1108,250,0,0
stim,4053,34174,0,34174,3231494.454,0.836,0.210,0.093,0.499,0,0,0,0,0,0,0,43,53,1.221,1,2066,0,377.964,5.997,109.375,360.875,-25.750,-0.035,-0.145,0.781,-0.324,5.988,-4.262,2.870,3.196,1.033,1.318,0,NULL,NULL,,3,0,2,7,255,1108,250,0,0
stim,4053,34174,0,34174,3231499.455,0.838,0.197,0.082,0.502,0,0,0,0,0,0,0,45,53,1.221,1,2066,0,380.414,3.814,126.188,358.875,0.313,-0.078,-0.055,0.828,-0.320,3.801,-2.734,2.914,3.242,1.033,1.318,0,NULL,NULL,,3,0,2,7,255,1108,250,0,0
stim,4053,34174,0,34174,3231504.453,0.840,0.184,0.073,0.506,0,0,0,0,0,0,0,41,53,1.221,1,2066,0,383.124,3.806,143.313,355.250,-6.563,-0.297,0.305,0.934,-0.203,3.801,-2.734,2.956,3.286,1.033,1.318,0,NULL,NULL,,3,0,2,7,255,1108,250,0,0
stim,4053,34174,0,34174,3231509.455,0.841,0.171,0.064,0.509,0,0,0,0,0,0,0,47,53,1.221,1,2066,0,386.594,5.483,155.250,353.063,-26.438,-0.102,0.164,1.051,1.832,5.168,-2.629,2.996,3.328,1.033,1.318,0,NULL,NULL,,3,0,2,7,255,1108,250,0,0
stim,4103,34224,0,34224,3231514.454,0.843,0.157,0.054,0.512,0,0,0,0,0,0,0,47,53,1.221,1,2066,0,383.997,5.483,157.688,350.125,-0.938,0.152,-0.051,1.145,1.832,5.168,-0.961,3.034,3.368,1.033,1.318,0,NULL,NULL,,3,0,2,7,255,1108,250,0,0
stim,4103,34224,0,34224,3231519.455,0.845,0.143,0.045,0.513,0,0,0,0,0,0,0,45,53,1.221,1,2066,0,383.857,4.221,159.938,346.875,38.000,-0.008,0.078,1.195,1.719,3.855,1.117,3.068,3.408,1.033,1.318,0,NULL,NULL,,3,0,2,7,255,1108,250,0,0
stim,4103,34224,0,34224,3231524.454,0.848,0.129,0.036,0.513,0,0,0,0,0,0,0,47,53,1.221,1,2066,0,385.333,4.221,172.125,342.875,35.938,-0.238,0.266,1.281,1.719,3.855,1.207,3.102,3.442,1.033,1.318,0,NULL,NULL,,3,0,2,7,255,1108,250,0,0
stim,4103,34224,0,34224,3231529.455,0.849,0.115,0.027,0.515,0,0,0,0,0,0,0,52,53,1.221,1,2066,0,386.824,5.899,180.750,341.688,14.563,-0.188,0.191,1.383,2.039,5.535,1.215,3.132,3.474,1.033,1.318,0,NULL,NULL,,3,0,2,7,255,1108,250,0,0
stim,4103,34224,0,34224,3231534.453,0.850,0.100,0.019,0.516,0,0,0,0,0,0,0,53,53,1.221,1,2066,0,388.300,5.899,186.438,340.063,19.375,-0.070,0.074,1.531,2.039,5.535,2.617,3.158,3.504,1.033,1.318,0,NULL,NULL,,3,0,2,7,255,1108,250,0,0
stim,4103,34224,0,34224,3231539.455,0.852,0.086,0.010,0.516,0,0,0,0,0,0,0,54,53,1.221,1,2066,0,387.401,4.813,184.125,338.875,36.625,-0.141,0.109,1.695,1.855,4.441,4.586,3.184,3.530,1.033,1.318,0,NULL,NULL,,3,0,2,7,255,1108,250,0,0
stim,4103,34224,0,34224,3231544.454,0.853,0.072,0.001,0.516,0,0,0,0,0,0,0,53,53,1.221,1,2066,0,382.139,4.796,175.063,337.500,38.438,-0.258,0.152,1.824,1.809,4.441,6.148,3.206,3.556,1.033,1.318,0,NULL,NULL,,3,0,2,7,255,1108,250,0,0
stim,4103,34224,0,34224,3231549.455,0.854,0.058,-0.007,0.517,0,0,0,0,0,0,0,51,53,1.221,1,2066,0,375.572,5.225,164.125,336.500,29.750,-0.285,0.125,1.895,1.809,4.902,7.402,3.230,3.582,1.033,1.318,0,NULL,NULL,,3,0,2,7,255,1108,250,0,0
stim,4121,34242,0,34242,3231554.453,0.855,0.044,-0.017,0.517,0,0,0,0,0,0,0,56,53,1.221,1,2066,0,369.809,5.141,154.938,334.813,25.563,-0.250,0.082,1.926,1.547,4.902,8.262,3.254,3.608,1.033,1.318,0,NULL,NULL,,3,0,2,7,255,1108,250,0,0
stim,4121,34242,0,34242,3231559.455,0.855,0.031,-0.026,0.517,0,0,0,0,0,0,0,56,53,1.221,1,2066,0,365.560,4.114,148.625,332.875,27.188,-0.254,0.074,1.941,1.414,3.863,8.766,3.278,3.634,1.033,1.318,0,NULL,NULL,,3,0,2,7,255,1108,250,0,0
stim,4121,34242,0,34242,3231564.454,0.855,0.018,-0.035,0.517,0,0,0,0,0,0,0,57,53,1.221,1,2066,0,363.144,3.511,147.375,330.938,25.188,-0.281,0.047,1.961,1.367,3.234,9.043,3.302,3.660,1.033,1.318,0,NULL,NULL,,3,0,2,7,255,1108,250,0,0
stim,4121,34242,0,34242,3231569.455,0.855,0.005,-0.044,0.517,0,0,0,0,0,0,0,54,53,1.221,1,2066,0,362.388,2.951,150.188,329.313,17.938,-0.281,-0.020,2.004,1.090,2.742,9.383,3.326,3.686,1.033,1.318,0,NULL,NULL,,3,0,2,7,255,1108,250,0,0
stim,4121,34242,0,34242,3231574.453,0.854,-0.008,-0.053,0.517,0,0,0,0,0,0,0,56,53,1.221,1,2066,0,362.557,1.916,153.625,328.250,9.938,-0.230,-0.117,2.031,0.586,1.824,9.930,3.348,3.712,1.033,1.318,0,NULL,NULL,,3,0,2,7,255,1108,250,0,0
stim,4121,34242,0,34242,3231579.455,0.853,-0.022,-0.061,0.518,0,0,0,0,0,0,0,52,53,1.221,1,2066,0,364.403,0.327,159.063,327.813,5.250,-0.168,-0.176,2.027,0.039,0.324,10.172,3.372,3.736,1.033,1.318,0,NULL,NULL,,3,0,2,7,255,1108,250,0,0
stim,4153,34274,0,34274,3231584.453,0.852,-0.035,-0.069,0.518,0,0,0,0,0,0,0,59,53,1.221,1,2066,0,370.109,1.135,171.813,327.813,0.313,-0.098,-0.215,2.008,-0.180,-1.121,10.172,3.392,3.760,1.033,1.318,0,NULL,NULL,,3,0,2,7,255,1108,250,0,0
stim,4153,34274,0,34274,3231589.455,0.850,-0.050,-0.077,0.519,0,0,0,0,0,0,0,56,53,1.221,1,2066,0,380.350,2.548,194.500,326.813,-5.438,0.012,-0.281,2.047,-0.215,-2.539,9.957,3.412,3.780,1.033,1.318,0,NULL,NULL,,3,0,2,7,255,1108,250,0,0
stim,4153,34274,0,34274,3231594.454,0.848,-0.065,-0.084,0.520,0,0,0,0,0,0,0,60,53,1.221,1,2066,0,393.116,4.466,221.125,324.813,-11.875,0.176,-0.297,2.184,-0.215,-4.461,9.957,3.428,3.800,1.033,1.318,0,NULL,NULL,,3,0,2,7,255,1108,250,0,0
stim,4153,34274,0,34274,3231599.455,0.845,-0.081,-0.091,0.521,0,0,0,0,0,0,0,59,53,1.221,1,2066,0,405.756,6.843,244.375,323.313,-19.688,0.418,-0.273,2.367,0.305,-6.836,10.789,3.442,3.816,1.033,1.318,0,NULL,NULL,,3,0,2,7,255,1108,250,0,0
stim,4153,34274,0,34274,3231604.453,0.842,-0.098,-0.097,0.522,0,0,0,0,0,0,0,67,53,1.221,1,2066,0,416.261,10.024,263.250,321.688,-22.125,0.664,-0.238,2.578,1.582,-9.898,11.723,3.452,3.828,1.033,1.318,0,NULL,NULL,,3,0,2,7,255,1108,250,0,0
stim,4153,34274,0,34274,3231609.455,0.839,-0.116,-0.102,0.522,0,0,0,0,0,0,0,69,53,1.221,1,2066,0,421.909,13.407,273.750,320.438,-19.688,0.891,-0.258,2.793,2.883,-13.094,12.746,3.458,3.836,1.033,1.318,0,NULL,NULL,,3,0,2,7,255,1108,250,0,0
stim,4203,34324,0,34324,3231614.454,0.835,-0.133,-0.108,0.523,0,0,0,0,0,0,0,66,53,1.221,1,2066,0,421.580,16.853,274.313,319.750,-15.563,1.063,-0.297,2.984,3.598,-16.465,13.613,3.458,3.838,1.033,1.318,0,NULL,NULL,,3,0,2,7,255,1108,250,0,0
stim,4203,34325,0,34325,3231619.455,0.831,-0.150,-0.113,0.523,0,0,0,0,0,0,0,61,53,1.221,1,2066,0,415.776,19.905,268.750,317.063,-10.688,1.184,-0.277,3.160,3.797,-19.539,14.246,3.452,3.834,1.033,1.318,0,NULL,NULL,,3,0,2,7,255,1108,250,0,0
stim,4203,34325,0,34325,3231624.454,0.828,-0.166,-0.119,0.523,0,0,0,0,0,0,0,61,53,1.221,1,2066,0,403.751,22.324,252.625,314.688,-12.938,1.293,-0.191,3.289,4.277,-21.910,14.813,3.438,3.822,1.033,1.318,0,NULL,NULL,,3,0,2,7,255,1108,250,0,0
stim,4203,34325,0,34325,3231629.455,0.824,-0.181,-0.125,0.523,0,0,0,0,0,0,0,60,53,1.221,1,2066,0,382.272,24.347,221.875,310.750,-18.375,1.352,-0.133,3.336,5.270,-23.770,14.813,3.412,3.800,1.033,1.318,0,NULL,NULL,,3,0,2,7,255,1108,250,0,0
stim,4203,34325,1,34325,3231634.453,0.820,-0.194,-0.132,0.523,0,0,0,0,0,0,0,73,53,1.221,1,2066,0,355.792,25.693,186.625,302.000,-23.563,1.477,0.016,3.363,5.844,-25.020,14.438,3.376,3.766,1.033,1.318,0,NULL,NULL,,3,1,2,7,255,1108,250,0,0
stim,4203,34325,1,34325,3231639.455,0.816,-0.206,-0.139,0.523,0,0,0,0,0,0,0,74,53,1.221,1,2066,0,328.642,27.383,149.000,290.625,-36.625,1.758,0.133,3.348,7.512,-26.332,13.633,3.326,3.718,1.033,1.318,0,NULL,NULL,,3,1,2,7,255,1108,250,0,0
stim,4203,34325,1,34325,3231644.454,0.812,-0.215,-0.147,0.523,0,0,0,0,0,0,0,92,53,1.221,1,2066,0,296.910,30.271,101.250,275.563,-44.375,2.129,0.004,3.191,9.605,-28.707,11.707,3.262,3.658,1.033,1.318,0,NULL,NULL,,3,1,2,7,255,1108,250,0,0
stim,4203,34325,1,34325,3231649.455,0.809,-0.222,-0.156,0.522,0,0,0,0,0,0,0,117,53,1.221,1,2066,0,262.543,33.250,48.688,255.813,-33.438,2.469,-0.254,2.793,9.605,-31.832,7.680,3.186,3.582,1.033,1.318,0,NULL,NULL,,3,1,2,7,255,1108,250,0,0
stim,4203,34325,1,34325,3231654.453,0.806,-0.228,-0.164,0.520,0,0,0,0,0,0,0,155,53,1.221,1,2066,0,233.352,34.821,11.750,232.750,-11.938,2.754,-0.461,2.188,8.828,-33.684,1.508,3.094,3.494,1.033,1.318,0,NULL,NULL,,3,1,2,7,255,1108,250,0,0
stim,4204,34325,1,34325,3231659.455,0.805,-0.233,-0.171,0.518,0,0,0,0,0,0,0,191,53,1.221,1,2066,0,207.031,34.602,10.625,206.563,9.000,3.051,-0.590,1.598,7.918,-33.684,-5.957,2.994,3.394,1.033,1.318,0,NULL,NULL,,3,1,2,7,255,1108,250,0,0
stim,4227,34348,1,34348,3231664.454,0.804,-0.239,-0.176,0.516,0,0,0,0,0,0,0,240,53,1.221,1,2066,0,190.898,34.602,44.313,182.625,33.563,3.527,-0.648,1.051,7.918,-33.684,-13.141,2.882,3.284,1.033,1.318,0,NULL,NULL,,3,1,2,7,255,1108,250,0,0
stim,4227,34348,1,34348,3231669.455,0.803,-0.246,-0.179,0.513,0,0,0,0,0,1,0,249,53,1.221,1,2066,0,186.995,34.766,85.750,154.125,62.125,3.762,-1.090,0.922,7.719,-33.898,-20.750,2.762,3.164,1.033,1.318,0,NULL,NULL,,3,1,2,7,255,1108,250,0,0
stim,4227,34348,1,34348,3231674.454,0.802,-0.254,-0.180,0.509,0,0,0,0,0,0,0,255,53,1.221,1,2066,0,192.912,36.745,113.250,132.250,83.063,3.988,-1.652,0.766,5.891,-36.270,-24.289,2.630,3.034,1.033,1.318,0,NULL,NULL,,3,1,2,7,255,1108,250,0,0
stim,4227,34348,1,34348,3231679.455,0.802,-0.263,-0.179,0.505,0,0,0,0,0,0,0,251,53,1.221,1,2066,0,235.231,38.867,168.500,108.188,123.438,4.043,-1.941,0.707,1.914,-38.820,-28.355,2.486,2.890,1.033,1.318,0,NULL,NULL,,3,1,2,7,255,1108,250,0,0
stim,4252,34373,1,34373,3231684.453,0.802,-0.274,-0.175,0.501,0,0,0,0,0,0,0,253,53,1.221,1,2066,0,283.500,39.344,225.750,80.000,151.688,3.754,-1.883,1.094,-0.074,-39.344,-28.355,2.334,2.738,1.033,1.318,0,NULL,NULL,,3,1,2,7,255,1108,250,0,0
stim,4252,34373,1,34373,3231689.455,0.802,-0.285,-0.170,0.496,0,0,0,0,25,0,0,245,53,1.221,1,2066,0,292.683,39.598,239.500,54.063,159.313,3.598,-2.133,1.727,-0.242,-39.598,-26.160,2.178,2.582,1.033,1.318,0,NULL,NULL,,3,1,2,7,255,1108,250,0,0
stim,4252,34373,1,34373,3231694.454,0.802,-0.295,-0.164,0.492,0,0,0,0,18,0,0,229,53,1.221,1,2066,0,291.376,40.597,240.188,26.875,162.750,2.973,-2.285,1.988,-2.629,-40.512,-21.609,2.020,2.420,1.033,1.318,0,NULL,NULL,,3,1,2,7,255,1108,250,0,0
stim,4252,34373,1,34373,3231699.455,0.802,-0.304,-0.157,0.490,0,0,0,0,9,0,0,231,53,1.221,1,2066,0,267.085,40.625,243.625,-6.750,109.250,2.355,-1.543,2.590,-3.035,-40.512,-17.188,1.858,2.256,1.033,1.318,0,NULL,NULL,,3,1,2,7,255,1108,250,0,0
stim,4303,34424,1,34424,3231704.453,0.801,-0.311,-0.150,0.489,0,0,0,281,0,0,0,333,53,1.221,1,2066,0,236.013,40.971,217.500,-50.813,76.250,1.641,-1.543,3.859,-6.496,-40.453,-7.531,1.694,2.090,1.033,1.318,0,NULL,NULL,,3,1,2,7,255,1108,250,0,0
stim,4303,34424,1,34424,3231709.455,0.801,-0.329,-0.122,0.484,483,0,0,971,0,0,0,345,53,1.221,1,2066,0,771.278,40.567,618.250,-295.875,353.688,1.613,0.254,8.832,-3.035,-40.453,5.645,1.526,1.918,1.033,1.318,0,NULL,NULL,,3,1,2,7,255,1108,250,0,0
stim,4303,34424,1,34424,3231714.453,0.806,-0.320,-0.118,0.484,1035,0,0,1483,0,97,0,421,53,1.221,1,2066,0,248.895,58.150,-161.063,-179.875,60.438,0.504,0.207,9.070,-4.070,-58.008,49.344,1.354,1.744,1.033,1.318,0,NULL,NULL,,3,1,2,7,255,1108,250,0,0
stim,4303,34424,1,34424,3231719.455,0.829,-0.274,-0.135,0.469,1565,0,0,1801,0,381,0,510,53,1.221,1,2066,0,1281.276,58.030,-1241.063,-164.750,272.563,0.465,3.441,2.402,1.617,-58.008,49.344,1.180,1.566,1.033,1.318,0,NULL,NULL,,3,1,2,7,255,1108,250,0,0
stim,4303,34424,1,34424,3231724.454,0.849,-0.231,-0.147,0.452,1967,0,0,1955,0,583,0,555,54,1.221,1,2067,0,1188.278,30.950,-1124.313,-186.938,336.125,-0.266,4.660,-2.203,30.871,-2.203,17.586,1.002,1.384,1.033,1.318,1,1098.000,-10.000,,3,1,2,7,255,1108,250,0,0
stim,4303,34424,1,34424,3231729.455,0.861,-0.213,-0.148,0.437,2195,0,0,2103,0,759,0,593,54,1.221,1,2067,0,602.579,47.211,-486.313,-148.563,323.313,-1.957,1.539,-3.559,30.871,35.719,-16.461,0.824,1.198,1.033,1.318,1,NULL,NULL,,3,1,2,7,255,1108,250,0,0
stim,4303,34424,1,34424,3231734.453,0.865,-0.210,-0.140,0.433,2393,0,0,2223,0,913,0,667,54,1.221,1,2067,0,238.304,35.781,-11.750,-180.250,155.438,-2.465,-1.387,-0.762,-2.113,35.719,-16.461,0.646,1.010,1.033,1.318,1,NULL,NULL,,3,1,2,7,255,1108,250,0,0
stim,4303,34424,1,34424,3231739.455,0.866,-0.212,-0.132,0.434,2602,0,0,2467,0,1021,0,747,54,1.221,1,2067,0,197.472,12.778,125.500,-149.000,32.313,-0.770,0.691,1.719,-2.113,12.602,-9.027,0.482,0.822,1.033,1.318,1,NULL,NULL,,3,1,2,7,255,1108,250,0,0
stim,4303,34424,1,34424,3231744.454,0.868,-0.211,-0.126,0.431,2739,0,0,2645,0,1079,0,798,54,1.221,1,2067,0,163.356,5.486,19.375,-132.938,92.938,-0.328,2.289,2.121,2.105,5.066,9.691,0.350,0.638,1.033,1.318,1,NULL,NULL,,3,1,2,7,255,1108,250,0,0
stim,4303,34424,1,34424,3231749.455,0.875,-0.199,-0.122,0.424,2833,0,0,2749,0,1099,0,903,54,1.221,1,2067,0,367.896,5.486,-260.563,-176.938,190.125,-1.395,0.742,1.840,2.105,5.066,13.211,0.298,0.460,1.033,1.318,2,NULL,NULL,,3,1,2,7,255,1108,250,0,0
stim,4303,34424,1,34424,3231754.453,0.880,-0.181,-0.122,0.421,2897,0,0,2843,0,1131,0,1046,54,1.221,1,2067,0,432.062,5.919,-385.625,-187.813,51.938,-1.863,-0.324,-0.070,-1.422,5.746,13.211,0.336,0.320,1.033,1.318,2,NULL,NULL,,3,1,2,7,255,1108,250,0,0
stim,4303,34424,1,34424,3231759.455,0.882,-0.168,-0.119,0.424,2938,0,0,2910,0,1174,0,1181,54,1.221,1,2067,0,316.648,15.018,-230.500,-204.063,-74.125,-1.168,-0.852,-0.617,-13.875,5.746,-4.316,0.390,0.258,1.033,1.318,2,NULL,NULL,,3,1,2,7,255,1108,250,0,0
stim,4348,34469,1,34469,3231764.454,0.881,-0.162,-0.112,0.430,2983,0,0,2969,0,1266,0,1299,54,1.221,1,2067,0,256.123,14.874,-52.313,-210.875,-135.625,-0.426,-0.828,0.500,-13.875,5.359,-5.152,0.420,0.266,1.033,1.318,2,NULL,NULL,,3,1,2,7,255,1108,250,0,0
stim,4348,34469,1,34469,3231769.455,0.879,-0.156,-0.106,0.438,3005,0,0,3019,0,1357,0,1385,54,1.221,1,2067,0,270.092,9.372,-18.938,-204.750,-175.125,0.148,-0.703,1.504,-8.641,-3.629,-5.152,0.426,0.310,1.033,1.318,2,NULL,NULL,,3,1,2,7,255,1108,250,0,0
stim,4348,34469,1,34469,3231774.454,0.877,-0.149,-0.101,0.445,3031,0,0,3061,0,1461,0,1443,54,1.221,1,2067,0,250.377,10.901,-72.000,-186.188,-151.125,0.852,-0.930,1.617,-3.645,-10.273,1.195,0.430,0.354,1.033,1.318,2,NULL,NULL,,3,1,2,7,255,1108,250,0,0
stim,4348,34469,1,34469,3231779.455,0.878,-0.142,-0.097,0.448,3061,0,0,3095,0,1579,0,1481,54,1.221,1,2067,0,201.048,17.207,-105.500,-157.000,-68.125,1.320,-1.684,1.504,-3.645,-16.816,1.195,0.446,0.390,1.033,1.318,2,NULL,NULL,,3,1,2,7,255,1108,250,0,0
stim,4348,34469,1,34469,3231784.453,0.880,-0.134,-0.094,0.446,3054,0,0,3117,0,1721,0,1511,54,1.221,1,2067,0,197.274,24.502,-124.375,-140.125,61.750,1.168,-2.031,1.301,-4.953,-23.996,-1.910,0.476,0.424,1.033,1.318,2,NULL,NULL,,3,1,2,7,255,1108,250,0,0
stim,4348,34469,1,34469,3231789.455,0.885,-0.128,-0.090,0.438,3063,0,0,3135,40,1839,0,1566,54,1.221,1,2067,0,258.913,24.888,-124.313,-133.313,183.875,0.375,-1.188,0.805,-6.602,-23.996,-3.414,0.498,0.454,1.033,1.318,2,NULL,NULL,,3,1,2,7,255,1108,250,0,0
stim,4348,34469,1,34469,3231794.454,0.890,-0.123,-0.086,0.431,3077,0,0,3148,101,1959,0,1619,54,1.221,1,2067,0,258.229,13.689,-74.938,-132.938,208.313,-0.492,0.043,0.531,-6.602,-11.992,-3.504,0.492,0.470,1.033,1.318,2,NULL,NULL,,3,1,2,7,255,1108,250,0,0
stim,4348,34469,1,34469,3231799.455,0.893,-0.120,-0.080,0.426,3069,0,0,3155,227,2077,0,1719,54,1.221,1,2067,0,185.778,3.317,-23.750,-137.188,123.000,-0.945,0.441,0.934,-2.336,2.355,-3.504,0.454,0.472,1.033,1.318,2,NULL,NULL,,3,1,2,7,255,1108,250,0,0
stim,4369,34490,1,34490,3231804.453,0.894,-0.116,-0.076,0.426,3081,0,0,3157,601,2201,30,1848,54,1.221,1,2067,0,144.614,4.870,-47.063,-136.438,9.125,-0.887,0.270,1.508,-2.336,4.273,1.785,0.406,0.470,1.033,1.318,2,NULL,NULL,,3,1,2,7,255,1108,250,0,0
stim,4369,34490,1,34490,3231809.455,0.894,-0.111,-0.073,0.429,3078,0,0,3160,761,2260,157,1980,54,1.221,1,2067,0,151.341,4.686,-68.313,-122.688,-56.438,0.070,0.152,1.539,-1.922,4.273,4.805,0.372,0.452,1.033,1.318,2,NULL,NULL,,3,1,2,7,255,1108,250,0,0
stim,4404,34525,1,34525,3231814.454,0.892,-0.108,-0.071,0.433,3076,0,0,3161,1005,2315,101,2085,54,1.221,1,2067,0,124.570,4.084,-41.563,-67.188,-96.313,0.516,0.160,1.836,2.383,-3.316,6.676,0.350,0.414,1.033,1.318,2,NULL,NULL,,3,1,2,7,255,1108,250,0,0
stim,4404,34525,1,34525,3231819.455,0.891,-0.104,-0.070,0.436,3065,0,0,3161,1183,2347,91,2143,54,1.221,1,2067,0,118.214,8.228,-64.125,-55.563,-82.313,0.820,0.418,1.156,5.297,-6.297,4.805,0.344,0.364,1.033,1.318,2,NULL,NULL,,3,1,2,7,255,1108,250,0,0
stim,4404,34525,1,34525,3231824.454,0.891,-0.102,-0.069,0.437,3067,0,0,3159,1290,2377,135,2197,54,1.221,1,2067,0,52.886,10.419,-26.188,-39.813,-22.938,0.727,0.438,1.145,8.301,-6.297,-0.020,0.346,0.306,1.033,1.318,2,NULL,NULL,,3,1,2,7,255,1108,250,0,0
stim,4404,34525,1,34525,3231829.455,0.892,-0.100,-0.069,0.436,3079,31,0,3159,1421,2399,150,2247,54,1.221,1,2067,0,59.639,9.912,-52.875,-22.563,15.875,-0.047,-0.344,1.383,8.301,-5.418,-0.020,0.354,0.254,1.033,1.318,2,NULL,NULL,,3,1,2,7,255,1108,250,0,0
stim,4404,34525,1,34525,3231834.453,0.892,-0.095,-0.071,0.437,3076,35,0,3171,1511,2407,155,2284,54,1.221,1,2067,0,102.301,5.222,-99.188,-19.375,-15.875,-0.453,-0.371,1.012,-2.195,-4.738,0.492,0.358,0.216,1.033,1.318,2,NULL,NULL,,3,1,2,7,255,1108,250,0,0
stim,4404,34525,1,34525,3231839.455,0.891,-0.093,-0.072,0.440,3059,39,0,3170,1579,2420,146,2312,54,1.221,1,2067,0,101.465,2.414,-57.375,-14.750,-82.375,-0.262,0.055,0.703,-2.195,-1.004,0.492,0.360,0.194,1.033,1.318,2,NULL,NULL,,3,1,2,7,255,1108,250,0,0
stim,4404,34525,1,34525,3231844.454,0.889,-0.092,-0.071,0.443,3064,67,0,3163,1614,2427,151,2328,54,1.221,1,2067,0,99.500,1.237,-5.563,-12.438,-98.563,0.152,0.199,0.965,-0.723,-1.004,-0.750,0.364,0.180,1.033,1.318,2,NULL,NULL,,3,1,2,7,255,1108,250,0,0
stim,4404,34525,1,34525,3231849.455,0.888,-0.091,-0.072,0.445,3065,101,0,3163,1668,2456,155,2351,54,1.221,1,2067,0,51.531,2.889,-19.813,-9.438,-46.625,0.250,-0.023,1.246,2.066,-2.020,-0.750,0.370,0.172,1.033,1.318,2,NULL,NULL,,3,1,2,7,255,1108,250,0,0
stim,4405,34526,1,34526,3231854.453,0.888,-0.088,-0.073,0.445,3064,109,0,3165,1715,2461,171,2373,54,1.221,1,2067,0,63.735,3.259,-63.375,-6.750,-0.500,-0.098,-0.172,1.098,2.066,-2.520,0.797,0.382,0.160,1.033,1.318,2,NULL,NULL,,3,1,2,7,255,1108,250,0,0
stim,4405,34526,1,34526,3231859.455,0.888,-0.085,-0.074,0.445,3066,125,10,3165,1759,2471,171,2393,54,1.221,1,2067,0,67.698,2.780,-65.813,-4.375,-15.250,-0.348,-0.039,0.824,-1.176,-2.520,0.797,0.400,0.144,1.033,1.318,2,NULL,NULL,,3,1,2,7,255,1108,250,0,0
stim,4440,34561,1,34561,3231864.454,0.887,-0.084,-0.075,0.448,3065,137,41,3165,1831,2477,165,2409,54,1.221,1,2067,0,66.246,1.257,-31.938,-3.438,-57.938,-0.227,0.059,0.813,-1.176,0.445,-1.215,0.422,0.124,1.033,1.318,2,NULL,NULL,,3,1,2,7,255,1108,250,0,0
stim,4440,34561,1,34561,3231869.455,0.886,-0.083,-0.075,0.450,3067,149,115,3164,1864,2485,157,2423,54,1.221,1,2067,0,68.604,0.515,-10.313,-3.188,-67.750,0.047,-0.043,0.965,-0.258,0.445,-1.215,0.450,0.102,1.033,1.318,2,NULL,NULL,,3,1,2,7,255,1108,250,0,0
stim,4440,34561,1,34561,3231874.453,0.885,-0.082,-0.075,0.452,3076,164,167,3164,1885,2491,156,2437,54,1.221,1,2067,0,40.790,2.590,-20.375,-1.313,-35.313,0.133,-0.125,1.102,0.602,-2.520,-0.688,0.474,0.082,1.033,1.318,2,NULL,NULL,,3,1,2,7,255,1108,250,0,0
stim,4440,34561,1,34561,3231879.455,0.885,-0.080,-0.076,0.451,3077,171,249,3165,1910,2494,148,2441,54,1.221,1,2067,0,37.807,2.815,-37.750,-1.750,1.125,-0.004,-0.137,1.012,0.602,-2.750,-0.176,0.492,0.068,1.033,1.318,2,NULL,NULL,,3,1,2,7,255,1108,250,0,0
stim,4440,34561,0,34561,3231884.453,0.886,-0.079,-0.076,0.451,3081,174,307,3166,1919,2502,135,2449,54,1.221,1,2067,0,26.862,2.754,-26.688,-1.188,2.813,-0.191,0.031,0.895,-0.152,-2.750,-0.176,0.502,0.062,1.033,1.318,2,NULL,NULL,,3,0,2,7,255,1102,250,0,0
stim,4440,34561,0,34561,3231889.455,0.885,-0.079,-0.077,0.452,3078,180,331,3167,1938,2507,133,2452,54,1.221,1,2067,0,16.995,0.341,-9.625,0.438,-14.000,-0.145,0.074,0.953,-0.152,-0.305,-0.371,0.512,0.056,1.033,1.318,2,NULL,NULL,,3,0,2,7,255,1102,250,0,0
stim,4461,34582,0,34582,3231894.454,0.885,-0.079,-0.077,0.452,3087,183,365,3171,1957,2520,128,2459,54,1.221,1,2067,0,13.783,0.420,-5.313,-0.875,-12.688,-0.051,-0.027,1.008,0.289,-0.305,-0.371,0.522,0.048,1.033,1.318,2,NULL,NULL,,3,0,2,7,255,1102,250,0,0
stim,4461,34582,0,34582,3231899.455,0.885,-0.078,-0.077,0.452,3089,189,405,3166,1965,2508,133,2459,54,1.221,1,2067,0,8.339,1.743,-8.313,-0.500,0.438,-0.055,-0.047,1.012,0.289,-1.719,-0.055,0.530,0.042,1.033,1.318,2,NULL,NULL,,3,0,2,7,255,1102,250,0,0
stim,4461,34582,0,34582,3231904.453,0.885,-0.078,-0.077,0.452,3087,191,429,3172,1967,2511,124,2467,54,1.247,1,2067,1,10.778,1.723,-6.375,-1.063,8.625,-0.141,0.016,0.984,0.121,-1.719,-0.055,0.000,0.000,1.016,1.322,2,NULL,NULL,,3,0,2,7,255,1102,250,0,0
stim,4461,34582,0,34582,3231909.455,0.886,-0.078,-0.077,0.452,3077,185,439,3164,1963,2509,122,2461,54,1.247,1,2067,1,3.985,0.725,0.188,-1.500,3.688,-0.188,0.031,0.988,0.094,-0.719,-0.016,0.006,0.004,1.016,1.322,2,NULL,NULL,,3,0,2,7,255,1102,250,0,0
stim,4499,34620,0,34620,3231914.454,0.885,-0.078,-0.076,0.452,3078,187,453,3167,1979,2513,115,2471,54,1.247,1,2067,1,3.966,0.725,1.000,-0.438,-3.813,-0.133,0.027,1.043,0.094,-0.719,0.035,0.012,0.008,1.016,1.322,2,NULL,NULL,,3,0,2,7,255,1102,250,0,0
stim,4499,34620,0,34620,3231919.455,0.885,-0.077,-0.076,0.452,3087,184,459,3169,1977,2516,103,2473,54,1.247,1,2067,1,2.042,0.868,-1.563,-0.063,-1.313,-0.094,0.020,1.023,0.316,-0.809,0.191,0.018,0.012,1.016,1.322,2,NULL,NULL,,3,0,2,7,255,1102,250,0,0
stim,4499,34620,0,34620,3231924.454,0.886,-0.077,-0.076,0.452,3067,166,460,3166,1981,2505,96,2461,54,1.247,1,2067,1,4.415,0.908,-1.250,-0.625,4.188,-0.125,0.020,1.012,0.316,-0.852,0.191,0.026,0.016,1.016,1.322,2,NULL,NULL,,3,0,2,7,255,1102,250,0,0
stim,4499,34620,0,34620,3231929.455,0.886,-0.077,-0.076,0.452,3059,167,475,3154,1977,2511,100,2469,54,1.247,1,2067,1,4.947,0.890,-1.000,-0.563,4.813,-0.160,0.008,1.012,0.258,-0.852,0.191,0.030,0.018,1.016,1.322,2,NULL,NULL,,3,0,2,7,255,1102,250,0,0
stim,4499,34620,0,34620,3231934.454,0.886,-0.077,-0.076,0.451,3067,165,484,3147,1979,2502,99,2467,54,1.247,1,2067,1,6.133,0.662,-0.563,-1.875,5.813,-0.172,0.004,0.977,-0.047,-0.660,0.152,0.036,0.020,1.016,1.322,2,NULL,NULL,,3,0,2,7,255,1102,250,0,0
stim,4499,34620,0,34620,3231939.455,0.886,-0.077,-0.076,0.451,3051,157,485,3150,1980,2507,91,2460,54,1.247,1,2067,1,6.865,0.511,2.125,-3.313,5.625,-0.188,0.023,0.980,-0.105,-0.500,-0.043,0.040,0.024,1.016,1.322,2,NULL,NULL,,3,0,2,7,255,1102,250,0,0
stim,4529,34650,0,34650,3231944.453,0.886,-0.077,-0.076,0.451,3049,154,491,3149,1978,2505,93,2467,54,1.247,1,2067,1,8.047,0.300,4.625,-4.625,4.688,-0.180,0.051,0.980,-0.105,-0.281,-0.043,0.044,0.026,1.016,1.322,2,NULL,NULL,,3,0,2,7,255,1102,250,0,0
stim,4529,34650,0,34650,3231949.455,0.886,-0.077,-0.075,0.451,3041,147,502,3135,1991,2502,99,2463,54,1.247,1,2067,1,9.058,0.315,5.625,-5.688,4.250,-0.156,0.074,1.004,0.156,-0.273,-0.012,0.048,0.026,1.016,1.322,2,NULL,NULL,,3,0,2,7,255,1102,250,0,0
stim,4529,34650,0,34650,3231954.453,0.886,-0.077,-0.075,0.451,3046,147,503,3125,1993,2503,99,2477,54,1.247,1,2067,1,9.672,0.467,4.250,-6.875,5.313,-0.156,0.063,1.000,0.379,-0.273,0.094,0.050,0.028,1.016,1.322,2,NULL,NULL,,3,0,2,7,255,1102,250,0,0
stim,4529,34651,0,34651,3231959.455,0.886,-0.078,-0.074,0.450,3028,147,543,3117,2005,2493,110,2472,54,1.247,1,2067,1,11.304,0.506,4.125,-7.688,7.188,-0.168,0.035,0.969,0.379,-0.336,0.094,0.052,0.028,1.016,1.322,2,NULL,NULL,,3,0,2,7,255,1102,250,0,0
stim,4529,34651,0,34651,3231964.454,0.887,-0.078,-0.074,0.450,3019,147,567,3099,2011,2489,125,2485,54,1.247,1,2067,1,12.943,0.341,5.938,-9.125,7.000,-0.195,0.031,0.969,0.059,-0.336,-0.117,0.054,0.028,1.016,1.322,2,NULL,NULL,,3,0,2,7,255,1102,250,0,0
stim,4529,34651,0,34651,3231969.455,0.887,-0.078,-0.073,0.450,2999,149,596,3087,2021,2486,147,2485,54,1.247,1,2067,1,14.828,0.141,7.688,-11.625,5.063,-0.195,0.047,0.977,-0.004,-0.141,-0.117,0.058,0.028,1.016,1.322,2,NULL,NULL,,3,0,2,7,255,1102,250,0,0
stim,4529,34651,0,34651,3231974.453,0.887,-0.078,-0.072,0.450,2996,145,627,3087,2039,2485,175,2495,54,1.247,1,2067,1,16.909,0.098,9.750,-13.125,4.313,-0.172,0.074,0.992,-0.004,-0.098,-0.039,0.060,0.026,1.016,1.322,2,NULL,NULL,,3,0,2,7,255,1102,250,0,0
stim,4529,34651,0,34651,3231979.455,0.887,-0.078,-0.072,0.450,2975,150,651,3067,2067,2487,203,2507,54,1.247,1,2067,1,17.242,0.345,10.125,-13.313,4.188,-0.168,0.105,1.000,0.336,-0.078,0.063,0.062,0.026,1.016,1.322,2,NULL,NULL,,3,0,2,7,255,1102,250,0,0
stim,4549,34670,0,34670,3231984.454,0.887,-0.078,-0.071,0.450,2955,151,663,3061,2086,2485,227,2520,54,1.247,1,2067,1,16.853,0.574,8.063,-14.438,3.250,-0.168,0.113,1.016,0.574,0.016,0.152,0.062,0.024,1.016,1.322,2,NULL,NULL,,3,0,2,7,255,1102,250,0,0
stim,4549,34670,0,34670,3231989.455,0.887,-0.078,-0.070,0.450,2951,155,691,3036,2109,2486,269,2531,54,1.247,1,2067,1,17.613,0.646,6.563,-15.938,3.625,-0.160,0.145,1.023,0.645,0.039,0.301,0.064,0.024,1.016,1.322,2,NULL,NULL,,3,0,2,7,255,1102,250,0,0
stim,4549,34670,0,34670,3231994.453,0.887,-0.078,-0.069,0.450,2927,169,739,3037,2150,2489,292,2544,54,1.247,1,2067,1,17.838,0.940,6.688,-16.438,1.813,-0.156,0.156,1.020,0.926,0.160,0.344,0.064,0.022,1.016,1.322,2,NULL,NULL,,3,0,2,7,255,1102,250,0,0
stim,4549,34670,0,34670,3231999.455,0.887,-0.078,-0.068,0.450,2909,169,785,3015,2187,2491,363,2565,54,1.247,1,2067,1,16.204,1.051,5.250,-15.125,-2.500,-0.137,0.156,1.020,1.039,0.160,0.344,0.066,0.018,1.016,1.322,2,NULL,NULL,,3,0,2,7,255,1102,250,0,0
stim,4603,34724,0,34724,3232004.453,0.887,-0.078,-0.067,0.450,2893,186,858,2992,2215,2493,377,2581,54,1.247,1,2067,1,16.554,1.130,3.688,-16.063,1.563,-0.105,0.188,1.039,1.129,0.059,0.344,0.066,0.016,1.016,1.322,2,NULL,NULL,,3,0,2,7,255,1102,250,0,0
stim,4603,34724,0,34724,3232009.455,0.887,-0.078,-0.067,0.450,2867,185,921,2976,2259,2503,427,2597,54,1.247,1,2067,1,16.354,1.130,3.313,-16.000,-0.688,-0.164,0.156,1.027,1.129,0.059,0.438,0.066,0.014,1.016,1.322,2,NULL,NULL,,3,0,2,7,255,1102,250,0,0
stim,4603,34724,0,34724,3232014.454,0.887,-0.078,-0.066,0.450,2841,224,978,2969,2291,2495,488,2601,54,1.247,1,2067,1,15.765,1.057,1.188,-15.063,-4.500,-0.160,0.168,1.008,1.020,0.277,0.438,0.066,0.010,1.016,1.322,2,NULL,NULL,,3,0,2,7,255,1102,250,0,0
stim,4603,34724,0,34724,3232019.455,0.887,-0.078,-0.065,0.450,2821,243,1079,2952,2325,2501,571,2616,54,1.247,1,2067,1,18.503,1.057,3.500,-17.375,-5.313,-0.172,0.172,1.004,0.988,0.375,0.250,0.066,0.006,1.016,1.322,2,NULL,NULL,,3,0,2,7,255,1102,250,0,0
stim,4603,34724,0,34724,3232024.454,0.887,-0.078,-0.064,0.451,2791,249,1157,2925,2358,2511,699,2637,54,1.247,1,2067,1,22.336,1.070,4.813,-16.125,-14.688,-0.188,0.141,1.016,0.988,0.410,0.250,0.066,0.006,1.016,1.322,2,NULL,NULL,,3,0,2,7,255,1102,250,0,0
stim,4603,34724,0,34724,3232029.455,0.887,-0.077,-0.064,0.451,2759,251,1215,2909,2399,2507,825,2643,54,1.247,1,2067,1,23.487,0.924,0.250,-17.250,-15.938,-0.156,0.141,1.023,0.828,0.410,0.367,0.066,0.008,1.016,1.322,2,NULL,NULL,,3,0,2,7,255,1102,250,0,0
stim,4603,34724,0,34724,3232034.454,0.886,-0.077,-0.063,0.452,2729,276,1294,2891,2432,2502,948,2653,54,1.247,1,2067,1,28.720,0.664,-0.875,-16.125,-23.750,-0.168,0.074,1.023,0.641,0.176,0.367,0.068,0.014,1.016,1.322,2,NULL,NULL,,3,0,2,7,255,1102,250,0,0
stim,4603,34724,0,34724,3232039.455,0.886,-0.076,-0.063,0.453,2686,272,1437,2884,2477,2511,1043,2664,54,1.247,1,2067,1,31.127,0.250,-6.500,-16.625,-25.500,-0.141,0.039,1.008,0.223,-0.113,0.355,0.068,0.018,1.016,1.322,2,NULL,NULL,,3,0,2,7,255,1102,250,0,0
stim,4603,34724,0,34724,3232044.453,0.885,-0.075,-0.062,0.454,2647,275,1556,2848,2503,2507,1161,2687,54,1.247,1,2067,1,33.168,0.461,-10.438,-16.500,-26.813,-0.160,0.008,0.996,0.086,-0.453,0.164,0.070,0.022,1.016,1.322,2,NULL,NULL,,3,0,2,7,255,1102,250,0,0
stim,4603,34724,0,34724,3232049.455,0.885,-0.074,-0.062,0.456,2602,308,1651,2833,2533,2511,1275,2706,54,1.247,1,2067,1,38.160,0.492,-13.625,-16.563,-31.563,-0.172,0.023,1.023,-0.191,-0.453,0.164,0.072,0.026,1.016,1.322,2,NULL,NULL,,3,0,2,7,255,1102,250,0,0
stim,4603,34724,0,34724,3232054.453,0.884,-0.073,-0.062,0.457,2551,316,1747,2809,2560,2516,1389,2717,54,1.247,1,2067,1,46.733,0.527,-23.375,-15.813,-37.250,-0.164,-0.008,1.035,-0.270,-0.453,0.355,0.076,0.028,1.016,1.322,2,NULL,NULL,,3,0,2,7,255,1102,250,0,0
stim,4603,34724,0,34724,3232059.455,0.884,-0.071,-0.062,0.458,2495,331,1839,2787,2587,2517,1479,2715,54,1.247,1,2067,1,50.283,0.557,-29.063,-16.938,-37.375,-0.125,0.004,1.008,-0.191,-0.523,0.355,0.076,0.030,1.016,1.322,2,NULL,NULL,,3,0,2,7,255,1102,250,0,0
stim,4635,34756,0,34756,3232064.454,0.883,-0.070,-0.062,0.460,2453,349,1941,2765,2617,2511,1587,2731,54,1.247,1,2067,1,50.815,0.730,-31.750,-16.125,-36.250,-0.113,-0.012,0.965,-0.129,-0.719,0.133,0.078,0.032,1.016,1.322,2,NULL,NULL,,3,0,2,7,255,1102,250,0,0
stim,4635,34756,0,34756,3232069.455,0.883,-0.068,-0.062,0.461,2391,351,2013,2744,2653,2527,1685,2760,54,1.247,1,2067,1,45.336,0.730,-26.563,-17.938,-32.063,-0.117,-0.012,0.969,-0.129,-0.719,-0.270,0.078,0.032,1.016,1.322,2,NULL,NULL,,3,0,2,7,255,1102,250,0,0
stim,4635,34756,0,34756,3232074.453,0.882,-0.066,-0.062,0.462,2317,367,2105,2707,2679,2511,1765,2763,54,1.247,1,2067,1,47.195,0.719,-28.813,-17.438,-33.063,-0.145,-0.027,1.004,-0.148,-0.703,-0.270,0.080,0.034,1.016,1.322,2,NULL,NULL,,3,0,2,7,255,1102,250,0,0
stim,4635,34756,0,34756,3232079.455,0.882,-0.064,-0.062,0.464,2245,371,2193,2660,2701,2526,1848,2772,54,1.247,1,2067,1,52.125,0.718,-32.438,-19.438,-35.875,-0.160,-0.035,1.059,-0.387,-0.605,0.113,0.080,0.034,1.016,1.322,2,NULL,NULL,,3,0,2,7,255,1102,250,0,0
stim,4635,34756,0,34756,3232084.454,0.881,-0.062,-0.062,0.465,2151,363,2267,2616,2720,2520,1931,2782,54,1.247,1,2067,1,66.492,0.718,-50.000,-19.000,-39.500,-0.148,-0.035,1.074,-0.387,-0.605,0.660,0.082,0.032,1.016,1.322,2,NULL,NULL,,3,0,2,7,255,1102,250,0,0
stim,4635,34756,0,34756,3232089.455,0.880,-0.059,-0.062,0.467,2094,365,2339,2579,2747,2520,2020,2803,54,1.247,1,2067,1,75.123,0.684,-57.125,-20.000,-44.500,-0.133,-0.027,1.000,-0.359,-0.582,0.660,0.084,0.030,1.016,1.322,2,NULL,NULL,,3,0,2,7,255,1102,250,0,0
stim,4664,34785,0,34785,3232094.454,0.880,-0.057,-0.063,0.468,1991,363,2409,2527,2759,2525,2107,2815,54,1.247,1,2067,1,68.445,0.624,-50.625,-20.875,-41.063,-0.086,0.012,0.902,-0.254,-0.570,0.066,0.086,0.030,1.016,1.322,2,NULL,NULL,,3,0,2,7,255,1102,250,0,0
stim,4664,34785,0,34785,3232099.455,0.879,-0.055,-0.063,0.469,1903,359,2472,2479,2788,2525,2158,2830,54,1.247,1,2067,1,58.025,0.574,-37.063,-22.500,-38.563,-0.105,-0.020,0.922,-0.063,-0.570,-0.719,0.088,0.028,1.016,1.322,2,NULL,NULL,,3,0,2,7,255,1102,250,0,0
stim,4664,34785,0,34785,3232104.453,0.878,-0.053,-0.062,0.471,1785,349,2517,2408,2811,2526,2220,2842,54,1.247,1,2067,1,54.741,0.561,-30.563,-24.188,-38.438,-0.121,-0.012,1.016,0.047,-0.559,-0.719,0.090,0.028,1.016,1.322,2,NULL,NULL,,3,0,2,7,255,1102,250,0,0
stim,4664,34785,0,34785,3232109.455,0.878,-0.051,-0.062,0.472,1642,353,2568,2329,2827,2523,2285,2862,54,1.247,1,2067,1,54.678,0.580,-32.375,-23.438,-37.313,-0.098,-0.020,1.016,0.047,-0.578,0.176,0.092,0.028,1.016,1.322,2,NULL,NULL,,3,0,2,7,255,1102,250,0,0
stim,4703,34824,0,34824,3232114.454,0.877,-0.049,-0.062,0.474,1479,319,2600,2233,2846,2531,2343,2859,54,1.247,1,2067,1,55.145,0.697,-34.500,-24.750,-35.188,-0.102,-0.031,1.031,0.047,-0.695,0.219,0.094,0.028,1.016,1.322,2,NULL,NULL,,3,0,2,7,255,1102,250,0,0
stim,4703,34824,0,34824,3232119.455,0.877,-0.047,-0.061,0.475,1291,288,2643,2133,2859,2527,2399,2870,54,1.247,1,2067,1,54.575,0.696,-36.625,-26.000,-31.000,-0.121,-0.016,1.016,0.039,-0.695,0.203,0.096,0.030,1.016,1.322,2,NULL,NULL,,3,0,2,7,255,1102,250,0,0
stim,4703,34824,0,34824,3232124.454,0.876,-0.045,-0.061,0.476,1151,259,2683,2020,2889,2519,2444,2885,54,1.247,1,2067,1,54.187,0.385,-34.250,-27.188,-32.000,-0.145,0.016,1.020,0.039,-0.383,0.273,0.098,0.030,1.016,1.322,2,NULL,NULL,,3,0,2,7,255,1102,250,0,0
stim,4703,34824,0,34824,3232129.455,0.876,-0.043,-0.061,0.477,993,245,2717,1896,2898,2523,2489,2891,54,1.247,1,2067,1,55.252,0.200,-32.063,-28.813,-34.563,-0.133,0.023,1.027,0.199,-0.020,0.273,0.100,0.032,1.016,1.322,2,NULL,NULL,,3,0,2,7,255,1102,250,0,0
stim,4703,34824,0,34824,3232134.453,0.875,-0.041,-0.060,0.478,805,226,2749,1662,2918,2519,2539,2911,54,1.247,1,2067,1,56.451,0.200,-31.938,-30.688,-35.000,-0.117,-0.012,1.043,0.199,-0.020,0.340,0.102,0.032,1.016,1.322,2,NULL,NULL,,3,0,2,7,255,1102,250,0,0
stim,4703,34824,0,34824,3232139.455,0.875,-0.039,-0.060,0.480,548,191,2786,1487,2935,2505,2589,2919,54,1.247,1,2067,1,55.213,0.415,-29.563,-32.375,-33.563,-0.094,-0.012,1.039,0.273,-0.313,0.406,0.106,0.032,1.016,1.322,2,NULL,NULL,,3,0,2,7,255,1102,250,0,0
stim,4703,34824,0,34824,3232144.454,0.874,-0.037,-0.059,0.481,404,160,2807,1277,2949,2495,2619,2930,54,1.247,1,2067,1,53.880,0.546,-29.250,-33.875,-30.000,-0.066,-0.027,1.027,0.273,-0.473,0.406,0.108,0.032,1.016,1.322,2,NULL,NULL,,3,0,2,7,255,1102,250,0,0
stim,4703,34824,0,34824,3232149.455,0.874,-0.035,-0.058,0.481,241,85,2830,1061,2967,2489,2648,2922,54,1.247,1,2067,1,49.767,0.776,-26.250,-35.875,-22.375,-0.070,-0.055,1.012,0.273,-0.727,0.238,0.110,0.032,1.016,1.322,2,NULL,NULL,,3,0,2,7,255,1102,250,0,0
stim,4722,34843,0,34843,3232154.453,0.874,-0.033,-0.057,0.482,117,59,2842,855,2971,2477,2677,2941,54,1.247,1,2067,1,48.947,0.776,-23.563,-37.688,-20.500,-0.063,-0.027,1.008,0.273,-0.727,0.102,0.112,0.034,1.016,1.322,2,NULL,NULL,,3,0,2,7,255,1102,250,0,0
stim,4722,34843,0,34843,3232159.455,0.873,-0.032,-0.056,0.483,38,23,2873,603,2974,2466,2703,2943,54,1.247,1,2067,1,46.818,0.722,-16.250,-40.188,-17.688,-0.074,0.012,1.027,0.301,-0.656,0.102,0.116,0.034,1.016,1.322,2,NULL,NULL,,3,0,2,7,255,1102,250,0,0
stim,4722,34843,0,34843,3232164.454,0.873,-0.030,-0.054,0.483,17,0,2888,399,2996,2431,2728,2963,54,1.247,1,2067,1,47.255,0.659,-14.500,-41.938,-16.250,-0.055,0.051,1.039,0.563,-0.344,0.242,0.120,0.034,1.016,1.322,2,NULL,NULL,,3,0,2,7,255,1102,250,0,0
stim,4722,34843,0,34843,3232169.455,0.873,-0.029,-0.053,0.484,0,0,2907,308,3006,2415,2771,2968,54,1.247,1,2067,1,48.837,0.614,-7.938,-44.750,-17.875,-0.121,0.000,1.051,0.563,-0.246,0.324,0.122,0.032,1.016,1.322,2,NULL,NULL,,3,0,2,7,255,1102,250,0,0
stim,4722,34843,0,34843,3232174.454,0.873,-0.028,-0.051,0.485,0,0,2919,231,3019,2403,2792,2973,54,1.247,1,2067,1,53.269,0.231,9.563,-51.500,-9.688,-0.227,-0.047,1.164,0.223,0.063,0.555,0.126,0.032,1.016,1.322,2,NULL,NULL,,3,0,2,7,255,1102,250,0,0
stim,4722,34843,0,34843,3232179.455,0.873,-0.028,-0.048,0.485,0,0,2923,186,3021,2367,2813,2979,54,1.247,1,2067,1,63.023,0.878,21.938,-58.313,-9.500,-0.344,-0.113,1.297,-0.625,0.617,1.785,0.128,0.032,1.016,1.322,2,NULL,NULL,,3,0,2,7,255,1102,250,0,0
stim,4752,34873,0,34873,3232184.453,0.873,-0.028,-0.045,0.486,0,0,2939,171,3030,2336,2839,2969,54,1.247,1,2067,1,79.182,2.116,38.938,-67.625,-13.438,-0.422,-0.129,1.578,-1.754,1.184,3.219,0.128,0.034,1.016,1.322,2,NULL,NULL,,3,0,2,7,255,1102,250,0,0
stim,4752,34873,0,34873,3232189.455,0.873,-0.027,-0.041,0.486,0,0,2944,151,3042,2299,2859,2973,54,1.247,1,2067,0,83.163,2.370,28.438,-77.938,-5.750,-0.289,0.109,1.746,-1.754,1.594,6.047,0.124,0.042,1.016,1.322,3,NULL,NULL,,3,0,2,7,255,1102,250,0,0
stim,4752,34873,0,34873,3232194.454,0.873,-0.024,-0.039,0.486,0,0,2953,88,3047,2252,2889,2975,54,1.247,1,2067,0,91.492,1.697,-47.750,-77.125,-11.938,-0.063,0.172,1.461,0.582,1.594,6.047,0.120,0.048,1.016,1.322,3,NULL,NULL,,3,0,2,7,255,1102,250,0,0
stim,4752,34873,0,34873,3232199.455,0.873,-0.020,-0.037,0.486,0,0,2963,35,3060,2217,2899,2989,54,1.247,1,2067,0,101.248,1.309,-59.625,-81.438,8.000,-0.074,0.105,1.137,1.211,0.496,4.461,0.116,0.058,1.016,1.322,3,NULL,NULL,,3,0,2,7,255,1102,250,0,0
stim,4752,34873,0,34873,3232204.453,0.874,-0.018,-0.034,0.484,0,0,2969,3,3060,2131,2923,2976,54,1.247,1,2067,0,99.844,1.309,-27.375,-89.938,33.625,-0.188,0.113,1.105,1.211,0.496,1.320,0.112,0.064,1.016,1.322,3,NULL,NULL,,3,0,2,7,255,1102,250,0,0
stim,4752,34873,0,34873,3232209.455,0.875,-0.015,-0.031,0.483,0,0,2963,0,3065,2044,2923,2975,54,1.247,1,2067,0,99.762,1.692,-8.938,-96.000,25.625,-0.297,0.035,1.141,0.648,1.563,1.320,0.108,0.072,1.016,1.322,3,NULL,NULL,,3,0,2,7,255,1102,250,0,0
stim,4803,34924,0,34924,3232214.453,0.875,-0.013,-0.027,0.483,0,0,2968,0,3079,1945,2943,2987,54,1.247,1,2067,0,101.994,1.676,-3.000,-101.563,8.875,-0.285,-0.090,1.219,-0.605,1.563,1.539,0.106,0.080,1.016,1.322,3,NULL,NULL,,3,0,2,7,255,1102,250,0,0
stim,4803,34924,0,34924,3232219.455,0.875,-0.011,-0.024,0.483,0,0,2971,0,3089,1819,2956,2975,54,1.247,1,2067,0,107.251,2.147,-4.250,-106.938,7.000,-0.242,-0.172,1.281,-1.598,1.434,2.297,0.100,0.090,1.016,1.322,3,NULL,NULL,,3,0,2,7,255,1102,250,0,0
stim,4803,34924,0,34924,3232224.454,0.876,-0.008,-0.020,0.482,0,0,2971,0,3093,1685,2967,2975,54,1.247,1,2067,0,113.259,2.176,-8.438,-112.438,10.688,-0.219,-0.219,1.254,-2.047,0.738,2.641,0.094,0.100,1.016,1.322,3,NULL,NULL,,3,0,2,7,255,1102,250,0,0
stim,4803,34924,0,34924,3232229.455,0.876,-0.005,-0.016,0.481,0,0,2956,0,3096,1518,2980,2974,54,1.247,1,2067,0,119.623,2.324,-11.563,-118.000,15.875,-0.207,-0.207,1.230,-2.277,0.465,2.641,0.084,0.110,1.016,1.322,3,NULL,NULL,,3,0,2,7,255,1102,250,0,0
stim,4803,34924,0,34924,3232234.453,0.877,-0.002,-0.012,0.481,0,0,2957,0,3095,1336,2990,2969,54,1.247,1,2067,0,125.437,2.324,-12.250,-123.750,16.438,-0.207,-0.156,1.207,-2.277,0.465,2.375,0.076,0.118,1.016,1.322,3,NULL,NULL,,3,0,2,7,255,1102,250,0,0
stim,4803,34924,0,34924,3232239.455,0.877,0.001,-0.007,0.480,0,0,2952,0,3110,1077,2999,2949,54,1.247,1,2067,0,130.475,2.133,-8.938,-129.250,15.438,-0.223,-0.102,1.160,-1.957,0.848,2.098,0.066,0.128,1.016,1.322,3,NULL,NULL,,3,0,2,7,255,1102,250,0,0
stim,4803,34924,0,34924,3232244.454,0.878,0.004,-0.002,0.479,0,0,2932,0,3115,887,3011,2948,54,1.247,1,2067,0,135.928,2.156,-2.313,-135.563,9.688,-0.215,-0.074,1.137,-1.660,1.375,1.625,0.058,0.140,1.016,1.322,3,NULL,NULL,,3,0,2,7,255,1102,250,0,0
stim,4803,34924,0,34924,3232249.455,0.878,0.007,0.003,0.479,0,0,2904,0,3103,654,3007,2922,54,1.247,1,2067,0,143.024,1.989,3.188,-142.625,10.188,-0.168,-0.090,1.148,-1.438,1.375,1.453,0.050,0.152,1.016,1.322,3,NULL,NULL,,3,0,2,7,255,1102,250,0,0
stim,4804,34925,0,34925,3232254.453,0.878,0.009,0.009,0.478,0,0,2885,0,3103,501,3016,2906,54,1.247,1,2067,0,149.199,2.019,9.875,-148.625,8.563,-0.203,-0.121,1.172,-1.438,1.418,1.453,0.040,0.164,1.016,1.322,3,NULL,NULL,,3,0,2,7,255,1102,250,0,0
stim,4804,34925,0,34925,3232259.455,0.878,0.012,0.015,0.478,0,0,2860,0,3108,343,3019,2889,54,1.247,1,2067,0,156.812,2.206,12.688,-156.188,5.875,-0.152,-0.133,1.219,-1.859,1.188,1.664,0.032,0.178,1.016,1.322,3,NULL,NULL,,3,0,2,7,255,1102,250,0,0
stim,4826,34947,0,34947,3232264.454,0.878,0.015,0.021,0.477,0,0,2827,0,3111,138,3027,2867,54,1.247,1,2067,0,162.108,2.338,11.688,-161.625,4.438,-0.164,-0.078,1.160,-1.859,1.418,1.664,0.028,0.192,1.016,1.322,3,NULL,NULL,,3,0,2,7,255,1102,250,0,0
stim,4826,34947,0,34947,3232269.455,0.878,0.017,0.028,0.477,0,0,2775,0,3117,78,3030,2843,54,1.247,1,2067,0,171.970,2.229,26.563,-169.875,-3.250,-0.164,-0.012,1.145,-1.578,1.574,1.492,0.026,0.206,1.016,1.322,3,NULL,NULL,,3,0,2,7,255,1102,250,0,0
stim,4826,34947,0,34947,3232274.454,0.878,0.019,0.036,0.476,0,0,2743,0,3115,13,3045,2809,54,1.247,1,2067,0,182.173,2.335,33.750,-179.000,2.625,-0.059,0.098,1.363,-1.117,2.051,1.492,0.028,0.220,1.016,1.322,3,NULL,NULL,,3,0,2,7,255,1102,250,0,0
stim,4826,34947,0,34947,3232279.455,0.878,0.022,0.043,0.476,0,0,2694,0,3112,0,3036,2777,54,1.247,1,2067,0,190.030,2.057,38.688,-185.875,8.063,-0.176,0.191,1.508,0.102,2.055,3.410,0.034,0.234,1.016,1.322,3,NULL,NULL,,3,0,2,7,255,1102,250,0,0
stim,4851,34972,0,34972,3232284.453,0.878,0.025,0.051,0.475,0,0,2621,0,3111,0,3037,2733,54,1.247,1,2067,0,197.535,3.798,23.750,-196.000,6.313,-0.230,0.238,1.699,0.102,3.797,4.688,0.040,0.252,1.016,1.322,3,NULL,NULL,,3,0,2,7,255,1102,250,0,0
stim,4851,34972,0,34972,3232289.455,0.878,0.029,0.059,0.475,0,0,2551,0,3103,0,3039,2684,54,1.247,1,2067,0,205.000,4.879,4.875,-204.938,-1.375,-0.309,0.188,1.852,-0.027,4.879,6.438,0.052,0.270,1.016,1.322,3,NULL,NULL,,3,0,2,7,255,1102,250,0,0
stim,4851,34972,0,34972,3232294.454,0.877,0.034,0.068,0.474,0,0,2457,0,3099,0,3047,2615,54,1.247,1,2067,0,221.571,5.790,-3.813,-221.500,4.125,-0.355,0.211,2.063,-1.082,5.688,7.742,0.068,0.294,1.016,1.322,3,NULL,NULL,,3,0,2,7,255,1102,250,0,0
stim,4851,34972,0,34972,3232299.455,0.877,0.039,0.077,0.472,0,0,2341,0,3089,0,3033,2546,54,1.247,1,2067,0,243.097,6.852,-12.938,-241.875,20.625,-0.367,0.410,2.289,-1.082,6.766,9.594,0.092,0.322,1.016,1.322,3,NULL,NULL,,3,0,2,7,255,1102,250,0,0
stim,4905,35026,0,35026,3232304.453,0.877,0.046,0.086,0.470,0,0,2207,0,3087,0,3035,2483,54,1.247,1,2067,0,269.589,8.641,-32.938,-264.875,37.875,-0.488,0.621,2.340,-0.258,8.637,11.555,0.122,0.354,1.016,1.322,3,NULL,NULL,,3,0,2,7,255,1102,250,0,0
stim,4905,35026,0,35026,3232309.455,0.877,0.054,0.096,0.468,0,0,2058,0,3061,9,3019,2380,54,1.247,1,2067,0,299.576,11.283,-58.875,-290.625,42.625,-0.539,0.773,2.367,0.551,11.270,11.555,0.160,0.394,1.016,1.322,3,NULL,NULL,,3,0,2,7,255,1102,250,0,0
stim,4905,35026,0,35026,3232314.453,0.876,0.064,0.106,0.466,0,0,1895,0,3043,41,2990,2276,54,1.247,1,2067,0,325.957,13.116,-90.250,-311.438,33.313,-0.531,0.793,2.367,1.262,13.055,11.418,0.206,0.442,1.016,1.322,3,NULL,NULL,,3,0,2,7,255,1102,250,0,0
stim,4905,35026,0,35026,3232319.455,0.875,0.076,0.116,0.464,0,0,1773,0,3022,52,2959,2151,54,1.247,1,2067,0,352.887,13.726,-115.625,-331.813,32.563,-0.563,0.660,2.348,1.262,13.668,11.070,0.262,0.498,1.016,1.322,3,NULL,NULL,,3,0,2,7,255,1102,250,0,0
stim,4905,35026,0,35026,3232324.454,0.874,0.088,0.126,0.461,0,0,1641,0,2989,58,2925,2003,54,1.247,1,2067,0,376.558,13.794,-125.375,-353.313,35.313,-0.660,0.730,2.434,-0.141,13.793,10.473,0.326,0.562,1.016,1.322,3,NULL,NULL,,3,0,2,7,255,1102,250,0,0
stim,4905,35026,0,35026,3232329.455,0.872,0.101,0.138,0.460,0,0,1556,0,2953,61,2891,1885,54,1.247,1,2067,0,395.717,15.786,-137.688,-370.563,17.813,-0.750,0.938,2.555,-0.141,15.785,10.473,0.396,0.632,1.016,1.322,3,NULL,NULL,,3,0,2,7,255,1102,250,0,0
stim,4905,35026,0,35026,3232334.453,0.869,0.114,0.150,0.458,0,0,1445,0,2891,56,2814,1735,54,1.247,1,2067,0,412.670,18.641,-137.688,-388.938,-8.125,-0.727,0.984,2.734,0.566,18.633,10.602,0.476,0.712,1.016,1.322,3,NULL,NULL,,3,0,2,7,255,1102,250,0,0
stim,4905,35026,0,35026,3232339.455,0.865,0.127,0.162,0.458,0,0,1379,0,2837,47,2727,1605,54,1.247,1,2067,0,435.719,19.649,-146.063,-409.750,-24.938,-0.688,0.684,2.926,0.566,19.641,11.602,0.562,0.800,1.016,1.322,3,NULL,NULL,,3,0,2,7,255,1102,250,0,0
stim,4905,35026,0,35026,3232344.454,0.861,0.142,0.175,0.456,0,0,1235,0,2759,3,2589,1461,54,1.247,1,2067,0,463.134,20.148,-160.375,-434.375,-9.563,-0.816,0.488,3.020,-1.980,20.051,12.707,0.658,0.896,1.016,1.322,3,NULL,NULL,,3,0,2,7,255,1102,250,0,0
stim,4905,35026,0,35026,3232349.455,0.856,0.158,0.189,0.455,0,0,1052,0,2651,0,2423,1309,54,1.247,1,2067,0,485.876,21.305,-181.625,-450.438,-13.938,-0.973,0.582,2.996,-4.574,20.809,12.707,0.756,0.998,1.016,1.322,3,NULL,NULL,,3,0,2,7,255,1102,250,0,0
stim,4905,35026,0,35026,3232354.453,0.850,0.174,0.202,0.454,0,0,889,0,2503,0,2185,1130,54,1.247,1,2067,0,497.658,23.398,-187.063,-458.438,-50.063,-0.910,0.473,2.957,-4.676,22.926,10.746,0.858,1.102,1.016,1.322,3,NULL,NULL,,3,0,2,7,255,1102,250,0,0
stim,4905,35026,0,35026,3232359.455,0.843,0.189,0.217,0.454,0,0,717,0,2313,0,1874,969,54,1.247,1,2067,0,506.554,23.531,-177.938,-469.875,-64.438,-0.707,0.094,2.957,-5.301,22.926,10.422,0.962,1.210,1.016,1.322,3,NULL,NULL,,3,0,2,7,255,1102,250,0,0
stim,4931,35052,0,35052,3232364.454,0.837,0.206,0.231,0.452,0,0,550,0,2089,0,1525,827,54,1.247,1,2067,0,526.512,21.892,-190.875,-489.750,-30.438,-0.578,-0.371,2.746,-7.566,20.543,9.852,1.066,1.316,1.016,1.322,3,NULL,NULL,,3,0,2,7,255,1102,250,0,0
stim,4931,35052,0,35052,3232369.455,0.830,0.223,0.245,0.449,0,0,341,0,1791,0,1093,691,54,1.247,1,2067,0,547.942,19.971,-210.625,-505.813,5.563,-0.422,-0.520,2.113,-10.145,17.203,9.195,1.164,1.418,1.016,1.322,3,NULL,NULL,,3,0,2,7,255,1102,250,0,0
stim,4931,35052,0,35052,3232374.454,0.823,0.240,0.260,0.445,0,0,185,0,1461,0,501,580,54,1.247,1,2067,0,542.782,16.241,-173.625,-514.250,-3.750,-0.297,-0.488,1.461,-10.145,12.684,4.652,1.254,1.512,1.016,1.322,3,NULL,NULL,,3,0,2,7,255,1102,250,0,0
stim,4931,35052,0,35052,3232379.455,0.816,0.253,0.277,0.440,0,0,98,0,1093,0,153,454,54,1.247,1,2067,0,526.758,13.350,-76.063,-521.188,7.188,-0.313,-0.168,1.453,-8.254,10.492,-0.129,1.332,1.596,1.016,1.322,3,NULL,NULL,,3,0,2,7,255,1102,250,0,0
stim,4954,35075,0,35075,3232384.453,0.811,0.264,0.294,0.432,0,0,44,0,716,0,0,381,54,1.247,1,2067,0,515.979,11.980,-14.000,-514.438,37.313,-0.445,0.355,2.094,-5.781,10.492,-0.129,1.404,1.672,1.016,1.322,3,NULL,NULL,,3,0,2,7,255,1102,250,0,0
stim,4954,35075,0,35075,3232389.455,0.806,0.277,0.310,0.422,0,0,31,0,263,0,0,317,54,1.247,1,2067,0,529.174,19.136,-48.000,-516.375,105.250,-0.988,0.496,2.492,-5.781,18.242,-1.391,1.478,1.748,1.016,1.322,3,NULL,NULL,,3,0,2,7,255,1102,250,0,0
stim,4954,35075,0,35075,3232394.454,0.800,0.294,0.323,0.411,0,0,19,0,0,0,0,229,54,1.247,1,2067,0,574.621,25.516,-132.563,-527.563,185.188,-1.473,0.586,2.316,-6.109,24.773,-2.039,1.564,1.838,1.016,1.322,3,NULL,NULL,,3,0,2,7,255,1102,250,0,0
stim,4954,35075,0,35075,3232399.455,0.794,0.312,0.335,0.400,0,0,0,0,0,0,0,134,54,1.247,1,2067,0,579.752,25.838,-197.500,-518.438,168.313,-1.555,0.934,1.891,-6.109,25.105,-8.156,1.662,1.940,1.016,1.322,4,NULL,NULL,,3,0,2,7,255,1102,250,0,0
stim,4954,35075,0,35075,3232404.453,0.785,0.330,0.346,0.394,0,0,0,0,0,0,0,75,54,1.247,1,2067,0,540.958,25.414,-246.000,-474.563,83.125,-1.039,1.504,1.492,-3.945,25.105,-13.352,1.764,2.044,1.016,1.322,0,NULL,NULL,,3,0,2,7,255,1102,250,0,0
stim,4954,35075,0,35075,3232409.455,0.775,0.348,0.354,0.391,0,0,0,0,0,0,0,116,54,1.247,1,2067,0,504.038,22.648,-293.438,-407.938,39.188,-0.711,1.828,1.348,4.188,22.258,-13.934,1.858,2.142,1.016,1.322,0,NULL,NULL,,3,0,2,7,255,1102,250,0,0
stim,5002,35123,0,35123,3232414.454,0.765,0.368,0.357,0.390,0,0,0,0,0,0,0,154,54,1.247,1,2067,0,520.790,22.875,-407.250,-321.438,45.250,-0.320,1.523,0.930,8.934,21.059,-13.934,1.942,2.226,1.016,1.322,0,NULL,NULL,,3,0,2,7,255,1102,250,0,0
stim,5002,35123,0,35123,3232419.455,0.756,0.385,0.357,0.392,0,0,0,0,0,0,0,185,54,1.247,1,2067,0,446.955,17.211,-390.688,-215.938,22.438,-0.203,0.520,0.469,8.934,14.711,-12.641,2.006,2.292,1.016,1.322,0,NULL,NULL,,3,0,2,7,255,1102,250,0,0
stim,5002,35123,0,35123,3232424.454,0.749,0.397,0.356,0.393,0,0,7,0,0,0,0,191,54,1.247,1,2067,0,302.515,6.933,-272.250,-129.500,25.000,-0.484,-0.281,0.563,2.516,6.461,-11.059,2.056,2.344,1.016,1.322,0,NULL,NULL,,3,0,2,7,255,1102,250,0,0
stim,5002,35123,0,35123,3232429.455,0.745,0.405,0.354,0.395,0,0,0,0,0,0,0,192,54,1.247,1,2067,0,223.706,8.600,-217.938,-49.500,9.875,-0.738,-0.301,0.855,-5.676,6.461,-11.059,2.100,2.390,1.016,1.322,0,NULL,NULL,,3,0,2,7,255,1102,250,0,0
stim,5002,35123,0,35123,3232434.453,0.741,0.412,0.348,0.400,0,0,0,0,0,0,0,159,54,1.247,1,2067,0,256.945,8.368,-252.625,40.125,-24.313,-0.598,0.004,0.500,-5.676,6.148,-11.484,2.146,2.440,1.016,1.322,0,NULL,NULL,,3,0,2,7,255,1102,250,0,0
stim,5002,35123,0,35123,3232439.455,0.738,0.418,0.340,0.407,0,0,0,0,0,0,0,99,54,1.247,1,2067,0,289.517,7.027,-262.938,120.563,-12.188,-0.332,0.461,-0.332,-3.402,6.148,-12.785,2.194,2.492,1.016,1.322,0,NULL,NULL,,3,0,2,7,255,1102,250,0,0
stim,5002,35123,0,35123,3232444.454,0.737,0.421,0.331,0.412,0,0,0,0,0,0,0,85,54,1.247,1,2067,0,249.771,3.005,-172.750,177.625,31.500,-0.375,0.785,-0.770,2.934,-0.652,-15.453,2.240,2.542,1.016,1.322,0,NULL,NULL,,3,0,2,7,255,1102,250,0,0
stim,5002,35123,0,35123,3232449.455,0.740,0.419,0.322,0.415,0,0,0,0,0,0,0,72,54,1.247,1,2067,0,221.711,3.418,-46.813,209.813,54.250,-0.664,0.684,-0.418,3.355,-0.652,-18.805,2.280,2.584,1.016,1.322,0,NULL,NULL,,3,0,2,7,255,1102,250,0,0
stim,5020,35141,0,35141,3232454.453,0.744,0.415,0.314,0.418,0,0,0,0,0,0,0,45,54,1.247,1,2067,0,235.519,3.375,5.250,231.313,44.000,-0.820,0.352,0.191,3.355,0.359,-18.805,2.318,2.624,1.016,1.322,0,NULL,NULL,,3,0,2,7,255,1102,250,0,0
stim,5020,35141,0,35141,3232459.455,0.748,0.412,0.305,0.421,0,0,0,0,0,0,0,39,54,1.247,1,2067,0,247.700,5.553,-13.688,244.375,38.063,-0.738,0.141,0.379,-0.867,5.484,-16.801,2.358,2.668,1.016,1.322,0,NULL,NULL,,3,0,2,7,255,1102,250,0,0
stim,5020,35141,0,35141,3232464.454,0.752,0.409,0.296,0.425,0,0,0,0,0,0,0,30,54,1.247,1,2067,0,259.332,5.648,-36.250,250.813,55.063,-0.625,0.191,0.133,-1.352,5.484,-14.742,2.400,2.712,1.016,1.322,0,NULL,NULL,,3,0,2,7,255,1102,250,0,0
stim,5020,35141,0,35141,3232469.455,0.756,0.406,0.286,0.427,0,0,0,0,0,0,0,22,54,1.247,1,2067,0,264.579,4.252,-18.875,252.688,76.125,-0.637,0.395,-0.180,-1.352,4.031,-14.742,2.440,2.754,1.016,1.322,0,NULL,NULL,,3,0,2,7,255,1102,250,0,0
stim,5044,35165,0,35165,3232474.453,0.761,0.401,0.276,0.429,0,0,0,0,0,0,0,25,54,1.247,1,2067,0,266.865,2.342,25.688,253.313,79.938,-0.699,0.500,-0.238,0.457,2.297,-17.035,2.472,2.790,1.016,1.322,0,NULL,NULL,,3,0,2,7,255,1102,250,0,0
stim,5044,35165,0,35165,3232479.455,0.766,0.395,0.268,0.431,0,0,0,0,0,0,0,22,54,1.247,1,2067,0,272.533,2.394,61.125,255.750,71.625,-0.680,0.465,-0.090,0.676,2.297,-17.063,2.498,2.818,1.016,1.322,0,NULL,NULL,,3,0,2,7,255,1102,250,0,0
stim,5044,35165,0,35165,3232484.453,0.771,0.388,0.259,0.432,0,0,0,0,0,0,0,21,54,1.247,1,2067,0,279.477,3.591,73.688,260.625,68.938,-0.598,0.371,0.051,0.676,3.527,-17.063,2.520,2.842,1.016,1.322,0,NULL,NULL,,3,0,2,7,255,1102,250,0,0
stim,5044,35165,0,35165,3232489.455,0.777,0.381,0.251,0.434,0,0,0,0,0,0,0,20,54,1.247,1,2067,0,287.404,4.167,79.313,265.938,74.750,-0.582,0.316,0.098,0.168,4.164,-15.285,2.540,2.866,1.016,1.322,0,NULL,NULL,,3,0,2,7,255,1102,250,0,0
stim,5044,35165,0,35165,3232494.454,0.783,0.373,0.242,0.435,0,0,0,0,0,0,0,21,54,1.247,1,2067,0,295.024,4.450,91.375,269.938,76.313,-0.652,0.301,0.168,-0.277,4.441,-14.578,2.560,2.888,1.016,1.322,0,NULL,NULL,,3,0,2,7,255,1102,250,0,0
stim,5044,35165,0,35165,3232499.455,0.788,0.365,0.234,0.436,0,0,0,0,0,0,0,25,54,1.247,1,2067,0,299.644,5.450,104.500,272.875,66.375,-0.719,0.289,0.320,-0.801,5.391,-14.492,2.582,2.912,1.016,1.322,0,NULL,NULL,,3,0,2,7,255,1102,250,0,0
stim,5090,35211,0,35211,3232504.453,0.794,0.357,0.226,0.438,0,0,0,0,0,0,0,28,54,1.247,1,2067,0,300.806,7.146,109.125,275.875,49.688,-0.707,0.281,0.504,-1.316,7.023,-13.844,2.604,2.938,1.016,1.322,0,NULL,NULL,,3,0,2,7,255,1102,250,0,0
stim,5090,35211,0,35211,3232509.455,0.798,0.348,0.218,0.441,0,0,0,0,0,0,0,25,54,1.247,1,2067,0,300.617,8.501,104.438,279.688,35.188,-0.633,0.281,0.641,-1.316,8.398,-12.418,2.632,2.970,1.016,1.322,0,NULL,NULL,,3,0,2,7,255,1102,250,0,0
stim,5090,35211,0,35211,3232514.454,0.803,0.339,0.209,0.443,0,0,0,0,0,0,0,23,54,1.247,1,2067,0,301.884,9.120,96.625,284.813,26.063,-0.563,0.285,0.723,-1.020,9.063,-10.824,2.666,3.004,1.016,1.322,0,NULL,NULL,,3,0,2,7,255,1102,250,0,0
stim,5090,35211,0,35211,3232519.455,0.807,0.330,0.201,0.447,0,0,0,0,0,0,0,26,54,1.247,1,2067,0,305.028,9.330,89.750,291.000,17.500,-0.543,0.281,0.781,-0.625,9.309,-9.633,2.702,3.044,1.016,1.322,0,NULL,NULL,,3,0,2,7,255,1102,250,0,0
stim,5090,35211,0,35211,3232524.454,0.811,0.322,0.192,0.450,0,0,0,0,0,0,0,29,54,1.247,1,2067,0,309.461,9.639,83.500,297.938,5.188,-0.543,0.270,0.836,-0.582,9.621,-8.852,2.742,3.088,1.016,1.322,0,NULL,NULL,,3,0,2,7,255,1102,250,0,0
stim,5090,35211,0,35211,3232529.455,0.814,0.313,0.183,0.455,0,0,0,0,0,0,0,27,54,1.247,1,2067,0,315.017,9.932,76.750,305.375,-9.563,-0.523,0.273,0.883,-0.535,9.918,-8.188,2.784,3.132,1.016,1.322,0,NULL,NULL,,3,0,2,7,255,1102,250,0,0
stim,5120,35241,0,35241,3232534.453,0.817,0.304,0.173,0.459,0,0,0,0,0,0,0,27,54,1.247,1,2067,0,321.422,9.936,68.563,313.125,-23.750,-0.465,0.293,0.914,-0.344,9.930,-7.492,2.830,3.180,1.016,1.322,0,NULL,NULL,,3,0,2,7,255,1102,250,0,0
stim,5120,35241,0,35241,3232539.455,0.819,0.295,0.164,0.465,0,0,0,0,0,0,0,36,54,1.247,1,2067,0,328.914,9.932,60.813,321.438,-34.125,-0.387,0.281,0.910,0.215,9.930,-6.715,2.874,3.226,1.016,1.322,0,NULL,NULL,,3,0,2,7,255,1102,250,0,0
stim,5120,35241,0,35241,3232544.454,0.821,0.286,0.154,0.470,0,0,0,0,0,0,0,45,54,1.247,1,2067,0,337.103,9.278,56.625,329.813,-40.688,-0.316,0.262,0.867,0.613,9.258,-6.051,2.916,3.274,1.016,1.322,0,NULL,NULL,,3,0,2,7,255,1102,250,0,0
stim,5120,35241,0,35241,3232549.455,0.822,0.276,0.144,0.476,0,0,0,0,0,0,0,47,54,1.247,1,2067,0,346.429,8.375,57.563,338.313,-47.375,-0.215,0.242,0.797,0.887,8.328,-5.691,2.960,3.318,1.016,1.322,0,NULL,NULL,,3,0,2,7,255,1102,250,0,0
stim,5120,35241,0,35241,3232554.453,0.824,0.266,0.133,0.482,0,0,0,0,0,0,0,47,54,1.247,1,2067,0,356.167,7.144,63.500,346.563,-52.125,-0.094,0.195,0.707,1.305,7.023,-5.465,3.000,3.362,1.016,1.322,0,NULL,NULL,,3,0,2,7,255,1102,250,0,0
stim,5120,35241,0,35241,3232559.455,0.826,0.256,0.123,0.488,0,0,0,0,0,0,0,53,54,1.247,1,2067,0,363.080,5.560,78.063,351.625,-45.750,-0.059,0.180,0.648,1.563,5.336,-5.367,3.040,3.404,1.016,1.322,0,NULL,NULL,,3,0,2,7,255,1102,250,0,0
stim,5120,35241,0,35241,3232564.454,0.827,0.245,0.113,0.493,0,0,0,0,0,0,0,57,54,1.247,1,2067,0,368.416,5.356,97.375,353.250,-38.250,-0.086,0.246,0.695,1.645,5.098,-5.277,3.078,3.444,1.016,1.322,0,NULL,NULL,,3,0,2,7,255,1102,250,0,0
stim,5120,35241,0,35241,3232569.455,0.829,0.233,0.103,0.498,0,0,0,0,0,0,0,59,54,1.247,1,2067,0,372.483,5.533,113.250,352.875,-37.375,-0.090,0.262,0.793,2.152,5.098,-5.199,3.110,3.480,1.016,1.322,0,NULL,NULL,,3,0,2,7,255,1102,250,0,0
stim,5141,35262,0,35262,3232574.454,0.831,0.220,0.094,0.502,0,0,0,0,0,0,0,61,54,1.247,1,2067,0,374.248,5.940,125.688,350.688,-35.813,-0.063,0.273,0.863,2.383,5.441,-4.277,3.138,3.512,1.016,1.322,0,NULL,NULL,,3,0,2,7,255,1102,250,0,0
stim,5141,35262,0,35262,3232579.455,0.833,0.207,0.085,0.507,0,0,0,0,0,0,0,61,54,1.247,1,2067,0,377.422,6.086,140.188,348.625,-35.438,-0.039,0.273,0.883,2.727,5.441,-3.441,3.166,3.540,1.016,1.322,0,NULL,NULL,,3,0,2,7,255,1102,250,0,0
stim,5141,35262,0,35262,3232584.453,0.834,0.194,0.076,0.510,0,0,0,0,0,0,0,67,54,1.247,1,2067,0,380.073,5.904,154.750,346.125,-26.563,0.051,0.211,0.996,2.918,5.133,-3.012,3.190,3.568,1.016,1.322,0,NULL,NULL,,3,0,2,7,255,1102,250,0,0
stim,5141,35262,0,35262,3232589.455,0.836,0.180,0.067,0.514,0,0,0,0,0,0,0,73,54,1.247,1,2067,0,379.826,5.692,161.063,343.750,-12.750,0.004,0.254,1.066,2.926,4.883,-1.363,3.214,3.594,1.016,1.322,0,NULL,NULL,,3,0,2,7,255,1102,250,0,0
stim,5169,35290,0,35290,3232594.454,0.838,0.167,0.059,0.516,0,0,0,0,0,0,0,73,54,1.247,1,2067,0,379.808,5.763,167.375,340.938,-1.063,0.020,0.254,1.172,3.188,4.801,-0.840,3.238,3.620,1.016,1.322,0,NULL,NULL,,3,0,2,7,255,1102,250,0,0
stim,5169,35290,0,35290,3232599.455,0.840,0.153,0.050,0.518,0,0,0,0,0,0,0,73,54,1.247,1,2067,0,379.200,5.922,170.625,338.500,9.875,-0.020,0.270,1.234,3.352,4.883,0.313,3.260,3.644,1.016,1.322,0,NULL,NULL,,3,0,2,7,255,1102,250,0,0
stim,5203,35324,0,35324,3232604.453,0.842,0.139,0.042,0.520,0,0,0,0,0,0,0,72,54,1.247,1,2067,0,380.012,6.075,175.813,336.750,9.938,-0.082,0.281,1.281,3.352,5.066,0.934,3.284,3.670,1.016,1.322,0,NULL,NULL,,3,0,2,7,255,1102,250,0,0
stim,5203,35324,0,35324,3232609.455,0.843,0.124,0.034,0.522,0,0,0,0,0,0,0,69,54,1.247,1,2067,0,382.551,6.299,184.250,335.188,6.813,-0.086,0.289,1.375,3.379,5.316,1.352,3.308,3.696,1.016,1.322,0,NULL,NULL,,3,0,2,7,255,1102,250,0,0
stim,5203,35324,0,35324,3232614.455,0.845,0.110,0.026,0.523,0,0,0,0,0,0,0,71,54,1.247,1,2067,0,384.329,6.299,189.875,334.000,10.000,-0.086,0.293,1.520,3.379,5.316,2.406,3.330,3.722,1.016,1.322,0,NULL,NULL,,3,0,2,7,255,1102,250,0,0
stim,5203,35324,0,35324,3232619.455,0.846,0.095,0.018,0.524,0,0,0,0,0,0,0,68,54,1.247,1,2067,0,383.060,6.372,189.938,332.375,13.625,-0.141,0.301,1.676,3.512,5.316,3.941,3.354,3.748,1.016,1.322,0,NULL,NULL,,3,0,2,7,255,1102,250,0,0
stim,5203,35324,0,35324,3232624.454,0.847,0.081,0.010,0.526,0,0,0,0,0,0,0,68,54,1.247,1,2067,0,377.755,6.562,182.563,330.500,11.813,-0.195,0.289,1.809,3.512,5.543,5.563,3.378,3.774,1.016,1.322,0,NULL,NULL,,3,0,2,7,255,1102,250,0,0
stim,5203,35324,0,35324,3232629.455,0.847,0.067,0.001,0.527,0,0,0,0,0,0,0,69,54,1.247,1,2067,0,369.659,6.449,170.938,327.688,7.000,-0.215,0.285,1.898,3.297,5.543,6.988,3.400,3.798,1.016,1.322,0,NULL,NULL,,3,0,2,7,255,1102,250,0,0
stim,5203,35324,0,35324,3232634.453,0.848,0.053,-0.007,0.528,0,0,0,0,0,0,0,62,54,1.247,1,2067,0,361.195,6.319,159.875,323.875,2.563,-0.199,0.277,1.941,3.297,5.391,8.031,3.420,3.822,1.016,1.322,0,NULL,NULL,,3,0,2,7,255,1102,250,0,0
stim,5203,35324,0,35324,3232639.455,0.848,0.040,-0.015,0.529,0,0,0,0,0,0,0,62,54,1.247,1,2067,0,354.470,5.719,153.000,319.750,0.188,-0.176,0.258,1.957,3.266,4.695,8.590,3.438,3.842,1.016,1.322,0,NULL,NULL,,3,0,2,7,255,1102,250,0,0
stim,5203,35324,0,35324,3232644.454,0.847,0.027,-0.023,0.530,0,0,0,0,0,0,0,59,54,1.247,1,2067,0,350.651,5.044,151.688,316.125,-3.500,-0.156,0.230,1.973,3.266,3.844,8.938,3.454,3.860,1.016,1.322,0,NULL,NULL,,3,0,2,7,255,1102,250,0,0
stim,5203,35324,0,35324,3232649.455,0.847,0.014,-0.031,0.531,0,0,0,0,0,0,0,61,54,1.247,1,2067,0,349.750,4.322,154.375,313.688,-9.688,-0.113,0.156,1.996,3.145,2.965,9.199,3.466,3.874,1.016,1.322,0,NULL,NULL,,3,0,2,7,255,1102,250,0,0
stim,5203,35324,0,35324,3232654.453,0.846,0.001,-0.039,0.532,0,0,0,0,0,0,0,67,54,1.247,1,2067,0,350.816,3.158,159.063,312.375,-13.875,-0.059,0.066,2.012,2.684,1.664,9.559,3.474,3.886,1.016,1.322,0,NULL,NULL,,3,0,2,7,255,1102,250,0,0
stim,5203,35324,0,35324,3232659.455,0.844,-0.012,-0.046,0.534,0,0,0,0,0,0,0,59,54,1.247,1,2067,0,354.091,2.131,165.938,312.313,-17.500,0.000,-0.012,1.992,2.121,0.203,9.613,3.474,3.888,1.016,1.322,0,NULL,NULL,,3,0,2,7,255,1102,250,0,0
stim,5234,35355,0,35355,3232664.454,0.843,-0.026,-0.054,0.535,0,0,0,0,0,0,0,59,54,1.247,1,2067,0,362.267,2.062,181.125,313.000,-21.500,0.078,-0.098,1.965,1.648,-1.238,9.613,3.468,3.886,1.016,1.322,0,NULL,NULL,,3,0,2,7,255,1102,250,0,0
stim,5234,35355,0,35355,3232669.455,0.841,-0.041,-0.060,0.536,0,0,0,0,0,0,0,63,54,1.247,1,2067,0,375.192,3.085,205.000,313.250,-24.875,0.176,-0.172,1.988,1.129,-2.871,9.270,3.454,3.874,1.016,1.322,0,NULL,NULL,,3,0,2,7,255,1102,250,0,0
stim,5234,35355,0,35355,3232674.453,0.839,-0.056,-0.066,0.538,0,0,0,0,0,0,0,73,54,1.247,1,2067,0,389.353,4.810,229.938,312.938,-28.188,0.340,-0.172,2.066,1.129,-4.676,9.270,3.432,3.854,1.016,1.322,0,NULL,NULL,,3,0,2,7,255,1102,250,0,0
stim,5234,35355,0,35355,3232679.455,0.836,-0.073,-0.072,0.539,0,0,0,0,0,0,0,77,54,1.247,1,2067,0,407.575,6.994,257.500,314.188,-33.125,0.578,-0.168,2.168,1.348,-6.863,9.570,3.396,3.820,1.016,1.322,0,NULL,NULL,,3,0,2,7,255,1102,250,0,0
stim,5256,35377,0,35377,3232684.453,0.833,-0.091,-0.077,0.541,0,0,0,0,0,0,0,76,54,1.247,1,2067,0,428.828,10.024,287.313,316.438,-34.813,0.820,-0.172,2.332,2.211,-9.777,9.871,3.346,3.774,1.016,1.322,0,NULL,NULL,,3,0,2,7,255,1102,250,0,0
stim,5256,35377,0,35377,3232689.455,0.829,-0.110,-0.081,0.542,0,0,0,0,0,0,0,77,54,1.247,1,2067,0,446.686,13.275,311.625,318.625,-29.938,1.008,-0.195,2.527,2.957,-12.941,10.543,3.282,3.712,1.016,1.322,0,NULL,NULL,,3,0,2,7,255,1102,250,0,0
stim,5256,35377,0,35377,3232694.454,0.826,-0.129,-0.085,0.542,0,0,0,0,0,0,0,73,54,1.247,1,2067,0,458.242,16.244,326.000,321.125,-24.250,1.145,-0.207,2.715,3.219,-15.922,11.457,3.206,3.636,1.016,1.322,0,NULL,NULL,,3,0,2,7,255,1102,250,0,0
stim,5256,35377,0,35377,3232699.455,0.822,-0.148,-0.089,0.543,0,0,0,0,0,0,0,73,54,1.247,1,2067,0,464.962,18.755,333.688,323.063,-21.750,1.234,-0.180,2.887,3.289,-18.465,12.305,3.114,3.550,1.016,1.322,0,NULL,NULL,,3,0,2,7,255,1102,250,0,0
stim,5256,35377,0,35377,3232704.453,0.817,-0.168,-0.093,0.543,0,0,0,0,0,0,0,75,54,1.247,1,2067,0,467.708,20.825,336.188,324.250,-24.313,1.316,-0.090,3.070,3.488,-20.531,12.984,3.012,3.450,1.016,1.322,0,NULL,NULL,,3,0,2,7,255,1102,250,0,0
stim,5256,35377,0,35377,3232709.455,0.813,-0.187,-0.097,0.544,0,0,0,0,0,0,0,77,54,1.247,1,2067,0,458.870,22.768,322.625,324.625,-33.063,1.355,-0.016,3.223,4.109,-22.395,13.777,2.902,3.340,1.016,1.322,0,NULL,NULL,,3,0,2,7,255,1102,250,0,0
stim,5302,35423,0,35423,3232714.453,0.807,-0.204,-0.102,0.544,0,0,0,0,0,0,0,86,54,1.247,1,2067,0,437.138,24.373,295.125,319.875,-40.875,1.418,0.051,3.391,4.422,-23.969,14.344,2.782,3.220,1.016,1.322,0,NULL,NULL,,3,0,2,7,255,1102,250,0,0
stim,5302,35423,0,35423,3232719.455,0.802,-0.220,-0.107,0.545,0,0,0,0,0,0,0,97,54,1.247,1,2067,0,405.546,26.298,254.063,311.563,-53.375,1.637,0.254,3.539,4.785,-25.859,14.859,2.650,3.092,1.016,1.322,0,NULL,NULL,,3,0,2,7,255,1102,250,0,0
stim,5302,35423,0,35423,3232724.454,0.797,-0.234,-0.114,0.545,0,0,0,0,0,0,0,119,54,1.247,1,2067,0,363.201,29.359,193.500,299.875,-67.438,2.004,0.402,3.477,6.984,-28.516,14.859,2.508,2.948,1.016,1.322,0,NULL,NULL,,3,0,2,7,255,1102,250,0,0
stim,5302,35423,0,35423,3232729.455,0.792,-0.245,-0.121,0.545,0,0,0,0,0,0,0,149,54,1.247,1,2067,0,317.112,32.879,125.313,284.000,-64.813,2.418,0.281,3.160,9.473,-31.484,12.215,2.356,2.798,1.016,1.322,0,NULL,NULL,,3,0,2,7,255,1102,250,0,0
stim,5302,35423,1,35423,3232734.453,0.789,-0.253,-0.129,0.545,0,0,0,0,0,0,0,167,54,1.247,1,2067,0,276.549,35.457,69.063,264.250,-43.375,2.762,0.000,2.664,9.473,-34.168,6.504,2.200,2.642,1.016,1.322,0,NULL,NULL,,3,1,2,7,255,1102,250,0,0
stim,5302,35423,1,35423,3232739.455,0.787,-0.260,-0.137,0.543,0,0,0,0,0,0,0,189,54,1.247,1,2067,0,245.119,36.559,38.000,241.313,-20.188,3.047,-0.203,2.117,8.910,-35.457,-0.707,2.040,2.482,1.016,1.322,0,NULL,NULL,,3,1,2,7,255,1102,250,0,0
stim,5302,35423,1,35423,3232744.454,0.785,-0.266,-0.143,0.541,0,0,0,0,0,0,0,245,54,1.247,1,2067,0,219.245,36.496,34.875,216.438,-2.625,3.383,-0.344,1.613,8.613,-35.465,-7.824,1.878,2.316,1.016,1.322,0,NULL,NULL,,3,1,2,7,255,1102,250,0,0
stim,5302,35423,1,35423,3232749.455,0.783,-0.273,-0.149,0.539,0,0,0,0,0,0,0,281,54,1.247,1,2067,0,208.013,36.488,60.438,197.875,21.500,3.695,-0.324,1.090,8.613,-35.457,-14.625,1.708,2.144,1.016,1.322,0,NULL,NULL,,3,1,2,7,255,1102,250,0,0
stim,5321,35442,1,35442,3232754.453,0.781,-0.280,-0.152,0.536,0,0,0,0,0,0,0,303,54,1.247,1,2067,0,195.536,36.640,98.188,165.500,34.688,3.941,-0.977,0.883,8.613,-35.613,-20.992,1.532,1.966,1.016,1.322,0,NULL,NULL,,3,1,2,7,255,1102,250,0,0
stim,5321,35442,1,35442,3232759.455,0.781,-0.288,-0.153,0.533,0,0,0,0,0,0,0,315,54,1.247,1,2067,0,199.015,37.430,119.875,138.500,77.813,4.152,-1.672,0.730,5.371,-37.043,-26.070,1.350,1.782,1.016,1.322,0,NULL,NULL,,3,1,2,7,255,1102,250,0,0
stim,5321,35442,1,35442,3232764.455,0.781,-0.297,-0.151,0.528,0,0,0,0,0,0,0,313,54,1.247,1,2067,0,242.529,38.164,173.500,104.063,133.750,4.008,-1.559,0.805,1.078,-38.148,-29.555,1.162,1.594,1.016,1.322,0,NULL,NULL,,3,1,2,7,255,1102,250,0,0
stim,5321,35442,1,35442,3232769.455,0.782,-0.308,-0.146,0.523,0,0,0,0,0,0,0,284,54,1.247,1,2067,0,283.320,38.215,206.625,74.250,179.063,3.730,-1.730,1.102,0.188,-38.215,-29.555,0.974,1.402,1.016,1.322,0,NULL,NULL,,3,1,2,7,255,1102,250,0,0
stim,5350,35471,1,35471,3232774.454,0.781,-0.319,-0.139,0.519,0,0,0,0,0,0,0,276,54,1.247,1,2067,0,323.887,38.167,283.250,40.313,151.813,2.805,-1.488,1.426,-1.184,-38.148,-26.707,0.782,1.206,1.016,1.322,0,NULL,NULL,,3,1,2,7,255,1102,250,0,0
stim,5350,35471,1,35471,3232779.455,0.778,-0.330,-0.132,0.518,0,0,0,0,0,0,0,276,54,1.247,1,2067,0,299.960,38.316,291.375,5.188,71.063,2.727,-1.316,2.508,-2.789,-38.215,-19.027,0.588,1.006,1.016,1.322,0,NULL,NULL,,3,1,2,7,255,1102,250,0,0
stim,5350,35471,1,35471,3232784.453,0.777,-0.338,-0.124,0.516,0,0,0,0,0,0,0,306,54,1.247,1,2067,0,272.575,38.617,252.625,-27.625,98.563,2.941,-1.449,2.770,-2.855,-38.512,-10.348,0.392,0.792,1.016,1.322,0,NULL,NULL,,3,1,2,7,255,1102,250,0,0
stim,5350,35471,1,35471,3232789.455,0.778,-0.346,-0.113,0.513,0,0,0,67,0,0,0,413,54,1.247,1,2067,0,321.981,39.333,254.813,-87.750,176.188,1.504,-1.289,3.984,-3.645,-39.164,-10.344,0.236,0.562,1.016,1.322,0,NULL,NULL,,3,1,2,7,255,1102,250,0,0
stim,5350,35471,1,35471,3232794.453,0.780,-0.365,-0.079,0.503,268,0,0,712,0,31,0,413,54,1.247,1,2067,0,912.827,42.957,682.500,-320.625,514.438,0.980,0.773,9.426,-8.961,-42.012,6.535,0.252,0.360,1.016,1.322,0,NULL,NULL,,3,1,2,7,255,1102,250,0,0
stim,5350,35471,1,35471,3232799.455,0.791,-0.353,-0.077,0.494,891,0,0,1268,0,212,0,486,54,1.247,1,2067,0,432.037,47.909,-298.375,-133.500,282.500,-0.504,1.105,8.688,-10.457,-46.754,57.023,0.366,0.260,1.016,1.322,0,NULL,NULL,,3,1,2,7,255,1102,250,0,0
stim,5401,35522,1,35522,3232804.454,0.816,-0.306,-0.096,0.482,1343,0,0,1631,0,455,0,531,54,1.247,1,2067,0,1312.057,47.605,-1279.938,-138.500,253.125,-0.531,4.078,2.207,-8.961,-46.754,57.023,0.426,0.284,1.016,1.322,0,NULL,NULL,,3,1,2,7,255,1102,250,0,0
stim,5401,35522,1,35522,3232809.455,0.834,-0.263,-0.112,0.471,1749,0,0,1846,0,583,0,563,54,1.247,1,2068,0,1164.341,28.590,-1140.625,-146.688,182.063,-1.309,4.102,-2.422,27.992,5.816,25.254,0.444,0.336,1.016,1.322,1,1098.000,-4.000,,3,1,2,7,255,1102,250,0,0
stim,5401,35522,1,35522,3232814.453,0.843,-0.241,-0.118,0.466,2009,0,0,1957,0,850,0,605,54,1.247,1,2068,0,576.921,47.512,-553.938,-121.250,106.250,-2.102,1.723,-3.160,27.992,38.391,-11.992,0.452,0.386,1.016,1.322,1,NULL,NULL,,3,1,2,7,255,1102,250,0,0
stim,5401,35522,1,35522,3232819.455,0.846,-0.232,-0.115,0.467,2165,0,0,2039,0,948,0,662,54,1.247,1,2068,0,216.685,38.509,-138.438,-166.625,-4.875,-1.430,-0.629,-0.629,3.023,38.391,-11.992,0.462,0.428,1.016,1.322,1,NULL,NULL,,3,1,2,7,255,1102,250,0,0
stim,5401,35522,1,35522,3232824.454,0.846,-0.229,-0.110,0.469,2293,0,0,2102,0,1077,0,757,54,1.247,1,2068,0,145.295,10.498,-8.875,-144.563,-11.563,-0.086,0.293,1.613,1.840,10.336,-11.012,0.464,0.464,1.016,1.322,1,NULL,NULL,,3,1,2,7,255,1102,250,0,0
stim,5401,35522,1,35522,3232829.455,0.849,-0.223,-0.107,0.467,2406,0,0,2160,0,1216,0,808,54,1.247,1,2068,0,181.358,2.374,-114.500,-123.625,67.063,0.344,2.227,2.070,1.840,-1.500,5.156,0.454,0.488,1.016,1.322,1,NULL,NULL,,3,1,2,7,255,1102,250,0,0
stim,5401,35522,1,35522,3232834.453,0.854,-0.211,-0.107,0.463,2587,0,0,2388,0,1306,0,869,54,1.247,1,2068,0,301.199,15.312,-267.125,-110.375,84.750,-0.230,1.984,1.965,15.238,-1.500,12.348,0.426,0.506,1.016,1.322,2,NULL,NULL,,3,1,2,7,255,1102,250,0,0
stim,5401,35522,1,35522,3232839.455,0.859,-0.194,-0.111,0.461,2714,0,0,2577,0,1315,0,934,54,1.247,1,2068,0,401.999,15.473,-383.688,-112.375,41.938,-1.180,0.254,0.781,15.238,2.688,12.348,0.392,0.512,1.016,1.322,2,NULL,NULL,,3,1,2,7,255,1102,250,0,0
stim,5429,35550,1,35550,3232844.453,0.865,-0.176,-0.112,0.457,2809,0,0,2699,0,1331,0,1041,54,1.247,1,2068,0,454.497,6.782,-416.250,-168.688,69.625,-1.734,-1.633,-0.320,-4.090,5.410,1.930,0.358,0.504,1.016,1.322,2,NULL,NULL,,3,1,2,7,255,1102,250,0,0
stim,5429,35550,1,35550,3232849.455,0.866,-0.161,-0.112,0.460,2871,0,0,2791,0,1357,0,1179,54,1.247,1,2068,0,337.559,23.654,-282.250,-168.750,-76.188,-1.473,-1.797,-0.867,-23.027,5.410,-9.426,0.330,0.474,1.016,1.322,2,NULL,NULL,,3,1,2,7,255,1102,250,0,0
stim,5429,35550,1,35550,3232854.454,0.865,-0.154,-0.107,0.466,2924,0,0,2869,0,1383,0,1267,54,1.247,1,2068,0,241.182,23.473,-67.750,-184.000,-140.438,-0.520,-1.070,-0.223,-23.027,4.551,-11.621,0.316,0.424,1.016,1.322,2,NULL,NULL,,3,1,2,7,255,1102,250,0,0
stim,5429,35550,1,35550,3232859.455,0.862,-0.152,-0.100,0.473,2971,0,0,2939,0,1429,0,1355,54,1.247,1,2068,0,238.760,11.799,50.500,-178.500,-150.313,0.266,-0.781,1.195,-11.762,-0.934,-11.621,0.318,0.352,1.016,1.322,2,NULL,NULL,,3,1,2,7,255,1102,250,0,0
stim,5429,35550,1,35550,3232864.454,0.861,-0.149,-0.095,0.477,2999,0,0,2993,0,1485,0,1403,54,1.247,1,2068,0,188.057,11.041,8.000,-154.313,-107.188,0.813,-0.891,1.988,-4.527,-10.070,-0.703,0.340,0.276,1.016,1.322,2,NULL,NULL,,3,1,2,7,255,1102,250,0,0
stim,5429,35550,1,35550,3232869.455,0.862,-0.141,-0.091,0.478,3021,0,0,3037,0,1572,0,1435,54,1.247,1,2068,0,183.908,17.457,-109.563,-146.750,-16.813,1.109,-1.066,1.984,-2.387,-17.293,4.117,0.366,0.220,1.016,1.322,2,NULL,NULL,,3,1,2,7,255,1102,250,0,0
stim,5429,35550,1,35550,3232874.454,0.866,-0.132,-0.090,0.475,3037,0,0,3079,0,1687,0,1461,54,1.247,1,2068,0,254.595,17.457,-194.750,-134.063,94.438,0.875,-1.203,1.313,-2.387,-17.293,4.117,0.384,0.188,1.016,1.322,2,NULL,NULL,,3,1,2,7,255,1102,250,0,0
stim,5429,35550,1,35550,3232879.455,0.871,-0.123,-0.088,0.468,3053,0,0,3097,0,1805,0,1491,54,1.247,1,2068,0,279.934,17.577,-189.313,-123.188,165.375,0.125,-1.137,0.621,-4.738,-16.926,-1.305,0.390,0.180,1.016,1.322,2,NULL,NULL,,3,1,2,7,255,1102,250,0,0
stim,5448,35569,1,35569,3232884.453,0.875,-0.116,-0.086,0.462,3053,0,0,3117,39,1904,0,1565,54,1.247,1,2068,0,241.123,11.717,-125.625,-123.438,164.688,-0.496,-0.645,0.406,-7.758,-8.781,-5.340,0.392,0.178,1.016,1.322,2,NULL,NULL,,3,1,2,7,255,1102,250,0,0
stim,5448,35569,1,35569,3232889.455,0.878,-0.112,-0.081,0.458,3062,0,0,3129,148,2024,0,1673,54,1.247,1,2068,0,171.208,7.799,-55.500,-126.813,100.750,-0.695,-0.043,0.699,-7.758,-0.801,-5.340,0.404,0.166,1.016,1.322,2,NULL,NULL,,3,1,2,7,255,1102,250,0,0
stim,5448,35569,1,35569,3232894.453,0.879,-0.109,-0.077,0.458,3067,0,0,3141,538,2157,37,1827,54,1.247,1,2068,0,132.055,4.740,-29.375,-125.188,30.063,-0.512,0.277,1.098,-3.844,2.773,-1.539,0.428,0.148,1.016,1.322,2,NULL,NULL,,3,1,2,7,255,1102,250,0,0
stim,5448,35569,1,35569,3232899.455,0.880,-0.105,-0.073,0.458,3080,0,0,3149,749,2227,183,1971,54,1.247,1,2068,0,121.766,2.774,-36.438,-115.813,-9.313,-0.141,0.305,1.684,-0.047,2.773,2.035,0.458,0.122,1.016,1.322,2,NULL,NULL,,3,1,2,7,255,1102,250,0,0
stim,5472,35593,1,35593,3232904.454,0.879,-0.102,-0.072,0.461,3087,0,0,3157,1005,2285,125,2085,54,1.247,1,2068,0,105.075,2.807,-50.875,-55.063,-73.625,0.289,0.113,2.082,2.555,-1.164,6.773,0.486,0.098,1.016,1.322,2,NULL,NULL,,3,1,2,7,255,1102,250,0,0
stim,5472,35593,1,35593,3232909.455,0.878,-0.097,-0.073,0.464,3079,0,0,3157,1192,2330,143,2147,54,1.247,1,2068,0,130.130,7.123,-98.625,-44.063,-72.563,0.672,0.293,1.113,3.637,-6.125,6.773,0.508,0.080,1.016,1.322,2,NULL,NULL,,3,1,2,7,255,1102,250,0,0
stim,5503,35624,1,35624,3232914.453,0.877,-0.094,-0.072,0.465,3077,0,0,3161,1333,2356,187,2199,54,1.247,1,2068,0,60.354,9.069,-36.063,-37.625,-30.438,0.652,0.383,0.895,6.688,-6.125,-0.406,0.526,0.066,1.016,1.322,2,NULL,NULL,,3,1,2,7,255,1102,250,0,0
stim,5503,35624,1,35624,3232919.455,0.878,-0.093,-0.072,0.464,3113,11,0,3160,1451,2387,221,2254,54,1.247,1,2068,0,39.686,8.381,-30.750,-20.063,15.063,0.004,-0.406,1.316,6.688,-5.051,-0.406,0.538,0.056,1.016,1.322,2,NULL,NULL,,3,1,2,7,255,1102,250,0,0
stim,5503,35624,1,35624,3232924.454,0.878,-0.089,-0.073,0.464,3080,29,0,3164,1551,2403,231,2297,54,1.247,1,2068,0,93.890,5.569,-91.938,-18.875,2.563,-0.441,-0.523,1.195,-2.492,-4.980,2.238,0.552,0.046,1.016,1.322,2,NULL,NULL,,3,1,2,7,255,1102,250,0,0
stim,5503,35624,1,35624,3232929.455,0.877,-0.086,-0.074,0.466,3076,37,0,3163,1605,2419,223,2331,54,1.247,1,2068,0,99.069,3.128,-75.438,-14.750,-62.500,-0.352,-0.059,0.730,-2.492,-1.891,2.238,0.564,0.038,1.016,1.322,2,NULL,NULL,,3,1,2,7,255,1102,250,0,0
stim,5503,35624,1,35624,3232934.453,0.876,-0.085,-0.074,0.470,3068,55,0,3163,1645,2426,241,2349,54,1.247,1,2068,0,97.975,2.198,-7.750,-15.063,-96.500,0.074,0.191,0.754,-1.902,-1.102,-2.141,0.572,0.030,1.016,1.322,2,NULL,NULL,,3,1,2,7,255,1102,250,0,0
stim,5503,35624,1,35624,3232939.455,0.874,-0.084,-0.074,0.472,3077,94,0,3160,1719,2429,244,2387,54,1.247,1,2068,0,59.259,2.229,5.938,-12.188,-57.688,0.246,-0.020,1.176,1.938,-1.102,-2.141,0.578,0.026,1.016,1.322,2,NULL,NULL,,3,1,2,7,255,1102,250,0,0
stim,5503,35624,1,35624,3232944.454,0.875,-0.082,-0.074,0.472,3087,107,0,3157,1766,2449,261,2409,54,1.247,1,2068,0,44.313,3.824,-42.938,-9.438,-5.563,-0.023,-0.195,1.223,1.938,-3.297,0.918,0.584,0.022,1.016,1.322,2,NULL,NULL,,3,1,2,7,255,1102,250,0,0
stim,5503,35624,1,35624,3232949.455,0.875,-0.080,-0.076,0.472,3087,126,0,3165,1806,2467,284,2424,54,1.247,1,2068,0,70.806,3.415,-70.375,-5.125,-5.875,-0.305,-0.121,0.945,-0.891,-3.297,0.918,0.592,0.018,1.016,1.322,2,NULL,NULL,,3,1,2,7,255,1102,250,0,0
stim,5503,35624,1,35624,3232954.453,0.874,-0.078,-0.077,0.474,3083,137,12,3170,1851,2471,285,2445,54,1.247,1,2068,0,64.310,0.895,-46.750,-4.438,-43.938,-0.277,0.023,0.766,-0.891,-0.090,-0.176,0.602,0.012,1.016,1.322,2,NULL,NULL,,3,1,2,7,255,1102,250,0,0
stim,5503,35624,1,35624,3232959.455,0.873,-0.076,-0.077,0.476,3087,151,92,3165,1895,2477,275,2458,54,1.247,1,2068,0,62.669,0.705,-14.250,-5.813,-60.750,0.004,-0.027,0.902,-0.699,-0.090,-1.172,0.610,0.004,1.016,1.322,2,NULL,NULL,,3,1,2,7,255,1102,250,0,0
stim,5533,35654,1,35654,3232964.454,0.872,-0.076,-0.077,0.477,3090,165,159,3165,1925,2485,270,2467,54,1.247,1,2068,0,37.845,1.930,-11.625,-3.813,-35.813,0.141,-0.176,1.047,0.121,-1.926,-1.172,0.616,0.000,1.016,1.322,2,NULL,NULL,,3,1,2,7,255,1102,250,0,0
stim,5533,35654,1,35654,3232969.455,0.872,-0.075,-0.077,0.477,3095,181,223,3166,1944,2491,277,2475,54,1.247,1,2068,0,24.009,2.663,-23.563,-3.500,-3.000,0.016,-0.102,1.043,0.121,-2.660,-0.098,0.000,0.000,1.016,1.322,2,NULL,NULL,,3,1,2,7,255,1102,250,0,0
stim,5533,35654,1,35654,3232974.454,0.872,-0.074,-0.078,0.477,3087,187,286,3172,1965,2502,267,2477,54,1.247,1,2068,0,23.996,2.663,-23.813,-1.375,2.625,-0.145,0.047,0.988,0.121,-2.660,-0.027,0.000,0.000,1.016,1.322,2,NULL,NULL,,3,1,2,7,255,1102,250,0,0
stim,5533,35654,1,35654,3232979.455,0.872,-0.073,-0.078,0.477,3095,211,332,3167,1987,2503,243,2488,54,1.247,1,2068,0,16.705,0.630,-12.813,-0.813,-10.688,-0.160,0.066,0.969,0.434,-0.457,-0.027,0.000,0.000,1.016,1.322,2,NULL,NULL,,3,1,2,7,255,1102,250,0,0
stim,5554,35675,0,35675,3232984.453,0.872,-0.073,-0.078,0.478,3093,210,370,3171,1996,2503,237,2487,54,1.247,1,2068,0,16.538,0.675,-5.313,-1.063,-15.625,-0.082,0.012,1.000,0.496,-0.457,-0.074,0.000,0.000,1.016,1.322,2,NULL,NULL,,3,0,2,7,255,1096,250,0,0
stim,5554,35675,0,35675,3232989.455,0.872,-0.072,-0.078,0.478,3093,211,393,3169,2011,2505,236,2489,54,1.218,1,2068,1,8.468,1.258,-6.125,-1.063,-5.750,-0.063,-0.016,1.023,0.496,-1.156,-0.074,0.000,0.000,1.044,1.327,2,NULL,NULL,,3,0,2,7,255,1096,250,0,0
stim,5554,35675,0,35675,3232994.454,0.872,-0.072,-0.078,0.478,3106,226,447,3165,2025,2515,232,2487,54,1.218,1,2068,1,8.894,1.220,-7.938,-0.313,4.000,-0.133,0.004,1.016,0.391,-1.156,0.109,0.006,0.004,1.044,1.327,2,NULL,NULL,,3,0,2,7,255,1096,250,0,0
stim,5554,35675,0,35675,3232999.455,0.872,-0.072,-0.078,0.478,3099,223,523,3173,2026,2509,232,2495,54,1.218,1,2068,1,5.473,0.847,-5.313,-0.563,1.188,-0.191,0.027,1.004,0.180,-0.828,0.211,0.012,0.008,1.044,1.327,2,NULL,NULL,,3,0,2,7,255,1096,250,0,0
stim,5554,35675,0,35675,3233004.453,0.872,-0.072,-0.078,0.478,3101,219,565,3178,2038,2515,248,2501,54,1.218,1,2068,1,5.972,0.462,0.313,-0.563,-5.938,-0.148,0.047,1.008,0.180,-0.426,0.211,0.020,0.012,1.044,1.327,2,NULL,NULL,,3,0,2,7,255,1096,250,0,0
stim,5554,35675,0,35675,3233009.455,0.872,-0.072,-0.078,0.479,3090,220,587,3166,2031,2511,254,2502,54,1.218,1,2068,1,6.946,0.608,3.125,-1.313,-6.063,-0.109,0.051,1.039,0.434,-0.426,0.223,0.024,0.016,1.044,1.327,2,NULL,NULL,,3,0,2,7,255,1096,250,0,0
stim,5600,35721,0,35721,3233014.453,0.872,-0.072,-0.077,0.479,3093,213,603,3163,2037,2517,261,2501,54,1.218,1,2068,1,2.016,0.884,0.500,-1.250,-1.500,-0.133,0.051,1.055,0.617,-0.633,0.371,0.030,0.018,1.044,1.327,2,NULL,NULL,,3,0,2,7,255,1096,250,0,0
stim,5600,35721,0,35721,3233019.455,0.872,-0.072,-0.077,0.479,3081,205,613,3160,2043,2515,265,2502,54,1.218,1,2068,1,3.229,0.884,-2.375,-1.750,-1.313,-0.172,0.047,1.031,0.617,-0.633,0.441,0.036,0.022,1.044,1.327,2,NULL,NULL,,3,0,2,7,255,1096,250,0,0
stim,5600,35721,0,35721,3233024.454,0.872,-0.071,-0.077,0.479,3065,203,633,3147,2043,2507,263,2495,54,1.218,1,2068,1,5.270,0.489,-1.188,-2.688,-4.375,-0.168,0.023,0.988,0.348,-0.344,0.441,0.040,0.024,1.044,1.327,2,NULL,NULL,,3,0,2,7,255,1096,250,0,0
stim,5600,35721,0,35721,3233029.455,0.872,-0.071,-0.077,0.479,3076,209,637,3157,2041,2501,281,2496,54,1.218,1,2068,1,6.328,0.364,2.438,-3.938,-4.313,-0.141,-0.008,0.980,0.121,-0.344,0.023,0.044,0.026,1.044,1.327,2,NULL,NULL,,3,0,2,7,255,1096,250,0,0
stim,5600,35721,0,35721,3233034.454,0.872,-0.071,-0.077,0.479,3065,189,647,3142,2045,2491,292,2501,54,1.218,1,2068,1,6.520,0.717,4.313,-4.875,-0.375,-0.141,-0.004,0.992,0.051,-0.715,-0.023,0.048,0.028,1.044,1.327,2,NULL,NULL,,3,0,2,7,255,1096,250,0,0
stim,5600,35721,0,35721,3233039.455,0.872,-0.071,-0.076,0.479,3053,189,645,3131,2043,2489,293,2501,54,1.218,1,2068,1,7.604,0.717,4.625,-5.625,2.188,-0.160,0.027,0.996,0.051,-0.715,-0.023,0.052,0.028,1.044,1.327,2,NULL,NULL,,3,0,2,7,255,1096,250,0,0
stim,5600,35721,0,35721,3233044.454,0.872,-0.071,-0.076,0.479,3049,185,665,3123,2063,2494,297,2502,54,1.218,1,2068,1,7.897,0.409,4.938,-6.125,0.688,-0.176,0.027,1.000,0.121,-0.391,0.059,0.054,0.030,1.044,1.327,2,NULL,NULL,,3,0,2,7,255,1096,250,0,0
stim,5600,35721,0,35721,3233049.455,0.872,-0.072,-0.075,0.479,3033,178,663,3112,2056,2489,299,2503,54,1.218,1,2068,1,9.056,0.409,5.563,-7.000,-1.438,-0.164,0.016,0.996,0.121,-0.391,0.074,0.056,0.030,1.044,1.327,2,NULL,NULL,,3,0,2,7,255,1096,250,0,0
stim,5621,35742,0,35742,3233054.453,0.872,-0.072,-0.075,0.479,3031,172,665,3103,2059,2475,314,2505,54,1.218,1,2068,1,10.605,0.431,6.688,-8.125,-1.313,-0.156,0.020,0.996,0.121,-0.414,0.074,0.058,0.030,1.044,1.327,2,NULL,NULL,,3,0,2,7,255,1096,250,0,0
stim,5621,35742,0,35742,3233059.455,0.872,-0.072,-0.074,0.479,3007,160,672,3087,2059,2472,319,2507,54,1.218,1,2068,1,11.207,0.431,7.000,-8.750,-0.188,-0.164,0.047,0.996,0.121,-0.414,0.074,0.060,0.028,1.044,1.327,2,NULL,NULL,,3,0,2,7,255,1096,250,0,0
stim,5621,35742,0,35742,3233064.454,0.872,-0.072,-0.074,0.479,3005,156,683,3083,2068,2471,327,2517,54,1.218,1,2068,1,12.200,0.394,6.875,-10.063,-0.563,-0.184,0.066,0.996,0.305,-0.250,0.078,0.062,0.028,1.044,1.327,2,NULL,NULL,,3,0,2,7,255,1096,250,0,0
stim,5621,35742,0,35742,3233069.455,0.872,-0.070,-0.069,0.479,2982,157,713,3067,2088,2479,368,2531,54,1.218,1,2068,1,13.870,0.305,7.563,-11.250,-2.938,-0.191,0.070,0.992,0.305,0.020,0.121,0.062,0.028,1.044,1.327,2,NULL,NULL,,3,0,2,7,255,1096,250,0,0
stim,5654,35775,0,35775,3233074.454,0.872,-0.070,-0.068,0.480,2969,155,749,3045,2115,2468,391,2531,54,1.218,1,2068,1,14.873,0.290,7.688,-11.813,-4.750,-0.184,0.063,0.992,0.277,0.086,0.121,0.064,0.026,1.044,1.327,2,NULL,NULL,,3,0,2,7,255,1096,250,0,0
stim,5654,35775,0,35775,3233079.455,0.872,-0.070,-0.067,0.480,2939,156,766,3031,2134,2471,409,2540,54,1.218,1,2068,1,16.280,0.290,6.938,-13.875,-4.938,-0.168,0.086,1.008,0.277,0.086,0.121,0.064,0.026,1.044,1.327,2,NULL,NULL,,3,0,2,7,255,1096,250,0,0
stim,5654,35775,0,35775,3233084.453,0.872,-0.070,-0.067,0.480,2923,165,845,3005,2167,2471,453,2552,54,1.218,1,2068,1,17.372,0.519,7.000,-15.625,-2.938,-0.164,0.145,1.020,0.512,0.086,0.211,0.066,0.024,1.044,1.327,2,NULL,NULL,,3,0,2,7,255,1096,250,0,0
stim,5654,35775,0,35775,3233089.455,0.872,-0.070,-0.066,0.480,2901,171,903,2985,2201,2468,489,2575,54,1.218,1,2068,1,17.732,1.062,7.375,-14.813,-6.375,-0.184,0.160,1.023,1.012,0.324,0.344,0.066,0.020,1.044,1.327,2,NULL,NULL,,3,0,2,7,255,1096,250,0,0
stim,5654,35775,0,35775,3233094.454,0.872,-0.070,-0.065,0.481,2872,173,957,2971,2234,2461,539,2585,54,1.218,1,2068,1,20.131,1.077,5.188,-15.688,-11.500,-0.152,0.168,1.047,1.027,0.324,0.406,0.068,0.018,1.044,1.327,2,NULL,NULL,,3,0,2,7,255,1096,250,0,0
stim,5654,35775,0,35775,3233099.455,0.871,-0.070,-0.064,0.481,2853,188,1035,2950,2269,2463,635,2589,54,1.218,1,2068,1,18.935,1.281,3.063,-16.375,-9.000,-0.133,0.184,1.043,1.242,0.313,0.543,0.068,0.014,1.044,1.327,2,NULL,NULL,,3,0,2,7,255,1096,250,0,0
stim,5701,35823,0,35823,3233104.453,0.871,-0.070,-0.063,0.482,2824,197,1107,2937,2313,2461,725,2607,54,1.218,1,2068,1,19.066,1.387,1.250,-15.250,-11.375,-0.145,0.180,1.016,1.352,0.313,0.543,0.070,0.012,1.044,1.327,2,NULL,NULL,,3,0,2,7,255,1096,250,0,0
stim,5701,35823,0,35823,3233109.455,0.871,-0.070,-0.063,0.482,2793,233,1171,2909,2345,2469,849,2615,54,1.218,1,2068,1,20.775,1.377,-0.313,-14.875,-14.500,-0.145,0.152,1.008,1.352,0.262,0.293,0.072,0.008,1.044,1.327,2,NULL,NULL,,3,0,2,7,255,1096,250,0,0
stim,5701,35823,0,35823,3233114.453,0.871,-0.069,-0.062,0.483,2761,247,1237,2893,2374,2463,960,2629,54,1.218,1,2068,1,23.487,1.159,0.063,-14.938,-18.125,-0.148,0.109,1.004,1.129,0.262,0.211,0.074,0.006,1.044,1.327,2,NULL,NULL,,3,0,2,7,255,1096,250,0,0
stim,5701,35823,0,35823,3233119.455,0.870,-0.069,-0.062,0.484,2733,253,1353,2878,2413,2462,1063,2643,54,1.218,1,2068,1,27.085,0.739,-1.813,-13.563,-23.375,-0.156,0.055,0.984,0.734,0.082,0.141,0.076,0.008,1.044,1.327,2,NULL,NULL,,3,0,2,7,255,1096,250,0,0
stim,5701,35823,0,35823,3233124.454,0.870,-0.069,-0.061,0.485,2685,263,1481,2857,2443,2468,1179,2652,54,1.218,1,2068,1,28.228,0.487,-1.438,-14.688,-24.063,-0.133,0.070,0.996,0.477,-0.102,0.047,0.076,0.012,1.044,1.327,2,NULL,NULL,,3,0,2,7,255,1096,250,0,0
stim,5701,35823,0,35823,3233129.455,0.869,-0.068,-0.061,0.486,2637,271,1595,2838,2479,2473,1293,2661,54,1.218,1,2068,1,33.169,0.224,-1.375,-13.813,-30.125,-0.195,0.066,1.008,0.199,-0.102,0.047,0.078,0.016,1.044,1.327,2,NULL,NULL,,3,0,2,7,255,1096,250,0,0
stim,5702,35823,0,35823,3233134.453,0.869,-0.068,-0.060,0.487,2605,279,1723,2813,2520,2469,1395,2677,54,1.218,1,2068,1,39.488,0.551,-8.750,-13.500,-36.063,-0.168,0.133,1.035,0.477,0.277,0.270,0.080,0.018,1.044,1.327,2,NULL,NULL,,3,0,2,7,255,1096,250,0,0
stim,5702,35823,0,35823,3233139.455,0.868,-0.067,-0.060,0.489,2537,311,1844,2803,2544,2475,1509,2686,54,1.218,1,2068,1,48.171,0.414,-11.000,-13.625,-44.875,-0.207,0.078,1.047,0.199,0.363,0.484,0.082,0.020,1.044,1.327,2,NULL,NULL,,3,0,2,7,255,1096,250,0,0
stim,5720,35841,0,35841,3233144.454,0.867,-0.065,-0.060,0.491,2489,323,1974,2778,2599,2475,1591,2700,54,1.218,1,2068,1,58.585,0.414,-26.875,-13.125,-50.375,-0.148,0.031,1.059,0.199,0.363,0.672,0.084,0.022,1.044,1.327,2,NULL,NULL,,3,0,2,7,255,1096,250,0,0
stim,5720,35841,0,35841,3233149.455,0.866,-0.063,-0.061,0.493,2426,353,2069,2763,2611,2471,1703,2719,54,1.218,1,2068,1,62.997,0.336,-34.313,-14.250,-50.875,-0.160,-0.043,1.043,0.113,-0.316,0.672,0.086,0.022,1.044,1.327,2,NULL,NULL,,3,0,2,7,255,1096,250,0,0
stim,5720,35841,0,35841,3233154.454,0.865,-0.061,-0.061,0.495,2374,368,2164,2739,2644,2474,1789,2720,54,1.218,1,2068,1,73.201,0.738,-47.750,-14.000,-53.688,-0.137,-0.074,1.031,-0.512,-0.531,0.504,0.086,0.022,1.044,1.327,2,NULL,NULL,,3,0,2,7,255,1096,250,0,0
stim,5720,35841,0,35841,3233159.455,0.864,-0.058,-0.062,0.497,2287,369,2254,2707,2669,2472,1879,2741,54,1.218,1,2068,1,79.662,0.977,-55.813,-15.500,-54.688,-0.148,-0.086,1.035,-0.648,-0.730,0.418,0.088,0.020,1.044,1.327,2,NULL,NULL,,3,0,2,7,255,1096,250,0,0
stim,5720,35841,0,35841,3233164.454,0.863,-0.055,-0.063,0.499,2216,377,2346,2663,2700,2464,1977,2750,54,1.218,1,2068,1,85.740,0.977,-62.563,-15.875,-56.438,-0.121,-0.059,0.973,-0.648,-0.730,0.375,0.088,0.020,1.044,1.327,2,NULL,NULL,,3,0,2,7,255,1096,250,0,0
stim,5720,35841,0,35841,3233169.455,0.862,-0.053,-0.063,0.500,2137,389,2439,2632,2729,2474,2043,2771,54,1.218,1,2068,0,80.212,0.824,-57.875,-17.375,-52.750,-0.098,-0.035,0.891,-0.402,-0.719,-0.215,0.090,0.018,1.044,1.327,2,NULL,NULL,,3,0,2,7,255,1096,250,0,0
stim,5741,35862,0,35862,3233174.454,0.861,-0.050,-0.064,0.502,2070,405,2517,2581,2759,2477,2121,2781,54,1.218,1,2068,0,68.774,0.824,-44.563,-18.188,-49.125,-0.113,-0.113,0.922,-0.402,-0.719,-0.695,0.092,0.016,1.044,1.327,2,NULL,NULL,,3,0,2,7,255,1096,250,0,0
stim,5741,35862,0,35862,3233179.455,0.860,-0.048,-0.064,0.504,1971,398,2579,2539,2764,2469,2186,2795,54,1.218,1,2068,0,64.350,1.025,-40.813,-20.125,-45.500,-0.156,-0.109,0.961,-0.797,-0.645,-0.695,0.094,0.014,1.044,1.327,2,NULL,NULL,,3,0,2,7,255,1096,250,0,0
stim,5741,35862,0,35862,3233184.453,0.859,-0.046,-0.064,0.506,1863,405,2623,2485,2795,2475,2249,2805,54,1.218,1,2068,0,69.989,0.975,-36.125,-22.500,-55.563,-0.215,-0.074,1.000,-0.832,-0.508,-0.242,0.096,0.014,1.044,1.327,2,NULL,NULL,,3,0,2,7,255,1096,250,0,0
stim,5741,35862,0,35862,3233189.455,0.858,-0.044,-0.064,0.508,1753,405,2679,2425,2813,2470,2326,2821,54,1.218,1,2068,0,72.883,0.975,-39.250,-24.500,-56.313,-0.098,-0.055,1.039,-0.832,-0.508,0.199,0.098,0.014,1.044,1.327,2,NULL,NULL,,3,0,2,7,255,1096,250,0,0
stim,5767,35888,0,35888,3233194.453,0.857,-0.041,-0.064,0.509,1597,393,2713,2339,2841,2476,2379,2837,54,1.218,1,2068,0,70.045,0.768,-44.563,-25.188,-47.813,-0.070,-0.016,1.039,-0.059,-0.766,0.359,0.098,0.014,1.044,1.327,2,NULL,NULL,,3,0,2,7,255,1096,250,0,0
stim,5767,35888,0,35888,3233199.455,0.857,-0.039,-0.064,0.511,1385,383,2758,2235,2851,2459,2424,2843,54,1.218,1,2068,0,62.580,0.872,-43.625,-27.438,-35.500,-0.082,0.035,1.020,0.418,-0.766,0.359,0.102,0.014,1.044,1.327,2,NULL,NULL,,3,0,2,7,255,1096,250,0,0
stim,5767,35888,0,35888,3233204.454,0.856,-0.036,-0.064,0.512,1227,346,2797,2123,2869,2458,2467,2855,54,1.218,1,2068,0,62.299,0.567,-43.688,-27.500,-34.875,-0.121,-0.008,1.004,0.418,-0.383,0.188,0.104,0.014,1.044,1.327,2,NULL,NULL,,3,0,2,7,255,1096,250,0,0
stim,5767,35888,0,35888,3233209.455,0.855,-0.034,-0.064,0.513,1083,318,2835,1995,2888,2455,2515,2863,54,1.218,1,2068,0,59.375,0.464,-35.750,-30.250,-36.500,-0.117,-0.082,0.984,0.262,-0.383,0.098,0.106,0.014,1.044,1.327,2,NULL,NULL,,3,0,2,7,255,1096,250,0,0
stim,5802,35923,0,35923,3233214.453,0.855,-0.032,-0.063,0.514,907,297,2873,1816,2903,2459,2568,2892,54,1.218,1,2068,0,52.438,0.588,-29.438,-32.000,-29.313,-0.090,-0.113,0.980,-0.344,-0.477,-0.063,0.108,0.016,1.044,1.327,2,NULL,NULL,,3,0,2,7,255,1096,250,0,0
stim,5802,35923,0,35923,3233219.455,0.854,-0.030,-0.062,0.515,635,249,2887,1609,2924,2443,2613,2893,54,1.218,1,2068,0,47.568,0.588,-23.688,-32.813,-25.000,-0.121,-0.063,0.984,-0.344,-0.477,-0.063,0.110,0.016,1.044,1.327,2,NULL,NULL,,3,0,2,7,255,1096,250,0,0
stim,5802,35923,0,35923,3233224.454,0.854,-0.029,-0.061,0.516,455,207,2907,1415,2931,2425,2644,2897,54,1.218,1,2068,0,46.497,0.649,-13.938,-36.938,-24.563,-0.059,-0.023,0.992,-0.188,-0.621,-0.078,0.112,0.016,1.044,1.327,2,NULL,NULL,,3,0,2,7,255,1096,250,0,0
stim,5802,35923,0,35923,3233229.455,0.854,-0.027,-0.060,0.516,303,171,2923,1199,2951,2413,2669,2905,54,1.218,1,2068,0,43.661,0.724,-14.313,-39.125,-13.063,-0.063,-0.039,1.086,0.371,-0.621,-0.059,0.114,0.018,1.044,1.327,2,NULL,NULL,,3,0,2,7,255,1096,250,0,0
stim,5802,35923,0,35923,3233234.454,0.854,-0.026,-0.059,0.517,179,125,2937,953,2964,2402,2697,2915,54,1.218,1,2068,0,44.768,0.755,-17.438,-40.063,-9.750,-0.094,0.051,1.109,0.430,-0.621,0.836,0.116,0.018,1.044,1.327,2,NULL,NULL,,3,0,2,7,255,1096,250,0,0
stim,5802,35923,0,35923,3233239.455,0.854,-0.024,-0.057,0.517,83,73,2955,724,2975,2389,2719,2922,54,1.218,1,2068,0,49.322,1.043,-21.125,-42.688,-12.813,-0.063,0.105,1.098,1.043,-0.020,0.887,0.118,0.020,1.044,1.327,2,NULL,NULL,,3,0,2,7,255,1096,250,0,0
stim,5802,35923,0,35923,3233244.453,0.853,-0.022,-0.056,0.518,26,37,2969,563,3003,2373,2749,2937,54,1.218,1,2068,0,50.856,1.473,-23.813,-42.063,-15.813,-0.059,0.090,1.055,1.473,0.004,0.887,0.120,0.020,1.044,1.327,2,NULL,NULL,,3,0,2,7,255,1096,250,0,0
stim,5802,35923,0,35923,3233249.455,0.853,-0.021,-0.055,0.518,4,25,2979,383,3007,2339,2778,2935,54,1.218,1,2068,0,50.196,1.473,-14.250,-46.563,-12.188,-0.074,0.063,1.035,1.473,0.016,0.445,0.124,0.020,1.044,1.327,2,NULL,NULL,,3,0,2,7,255,1096,250,0,0
stim,5824,35945,0,35945,3233254.454,0.853,-0.020,-0.053,0.518,0,0,2989,341,3015,2302,2807,2941,54,1.218,1,2068,0,53.332,1.123,9.813,-52.313,-3.375,-0.250,-0.051,1.152,1.121,0.063,0.445,0.126,0.020,1.044,1.327,2,NULL,NULL,,3,0,2,7,255,1096,250,0,0
stim,5824,35945,0,35945,3233259.455,0.854,-0.020,-0.050,0.518,0,0,2999,326,3023,2281,2828,2951,54,1.218,1,2068,0,71.416,1.152,35.063,-62.188,1.875,-0.383,-0.125,1.461,-0.543,1.016,1.711,0.130,0.020,1.044,1.327,2,NULL,NULL,,3,0,2,7,255,1096,250,0,0
stim,5824,35945,0,35945,3233264.454,0.854,-0.020,-0.046,0.518,0,0,3013,279,3031,2247,2848,2955,54,1.218,1,2068,0,87.155,2.033,45.625,-73.813,8.125,-0.457,-0.066,1.805,-1.184,1.652,4.863,0.132,0.020,1.044,1.327,2,NULL,NULL,,3,0,2,7,255,1096,250,0,0
stim,5824,35945,0,35945,3233269.455,0.854,-0.018,-0.044,0.518,0,0,3025,245,3051,2215,2867,2968,54,1.218,1,2068,0,83.053,2.033,-28.813,-77.875,-1.750,-0.184,0.035,1.645,-1.184,1.652,6.355,0.136,0.020,1.044,1.327,2,NULL,NULL,,3,0,2,7,255,1096,250,0,0
stim,5824,35945,0,35945,3233274.453,0.854,-0.013,-0.043,0.518,0,0,3027,197,3047,2155,2889,2957,54,1.218,1,2068,0,107.061,0.937,-75.250,-76.063,-3.750,-0.109,0.020,1.234,0.633,0.691,6.355,0.136,0.020,1.044,1.327,2,NULL,NULL,,3,0,2,7,255,1096,250,0,0
stim,5824,35945,0,35945,3233279.455,0.855,-0.009,-0.041,0.517,0,0,3031,169,3052,2079,2905,2959,54,1.218,1,2068,0,103.567,1.023,-53.250,-85.438,24.313,-0.156,0.070,1.105,0.754,0.691,2.316,0.134,0.024,1.044,1.327,2,NULL,NULL,,3,0,2,7,255,1096,250,0,0
stim,5854,35975,0,35975,3233284.454,0.856,-0.007,-0.038,0.515,0,0,3033,152,3063,1999,2920,2959,54,1.218,1,2068,0,100.851,1.331,-22.125,-92.938,32.313,-0.223,0.102,1.102,0.699,1.133,1.055,0.128,0.032,1.044,1.327,2,NULL,NULL,,3,0,2,7,255,1096,250,0,0
stim,5854,35975,0,35975,3233289.455,0.857,-0.004,-0.034,0.515,0,0,3035,62,3075,1899,2933,2959,54,1.218,1,2068,0,100.937,2.078,-12.000,-98.063,20.688,-0.289,0.008,1.199,0.699,1.957,1.055,0.124,0.040,1.044,1.327,3,NULL,NULL,,3,0,2,7,255,1096,250,0,0
stim,5854,35975,0,35975,3233294.453,0.857,-0.002,-0.031,0.514,0,0,3037,40,3091,1786,2951,2963,54,1.218,1,2068,0,106.066,1.993,-9.188,-104.188,17.625,-0.262,-0.133,1.273,-0.379,1.957,2.090,0.118,0.048,1.044,1.327,3,NULL,NULL,,3,0,2,7,255,1096,250,0,0
stim,5854,35975,0,35975,3233299.455,0.858,0.001,-0.027,0.513,0,0,3033,0,3087,1656,2962,2953,54,1.218,1,2068,0,110.772,1.966,-15.250,-108.563,15.875,-0.289,-0.215,1.289,-1.449,1.328,2.832,0.116,0.052,1.044,1.327,3,NULL,NULL,,3,0,2,7,255,1096,250,0,0
stim,5854,35975,0,35975,3233304.454,0.858,0.005,-0.024,0.512,0,0,3037,0,3090,1507,2975,2941,54,1.218,1,2068,0,116.462,2.623,-23.313,-113.188,14.438,-0.195,-0.320,1.180,-2.293,1.273,2.832,0.112,0.058,1.044,1.327,3,NULL,NULL,,3,0,2,7,255,1096,250,0,0
stim,5854,35975,0,35975,3233309.455,0.859,0.008,-0.020,0.511,0,0,3027,0,3095,1315,2980,2936,54,1.218,1,2068,0,121.373,2.924,-21.563,-118.125,17.688,-0.215,-0.305,1.133,-2.891,0.438,1.973,0.108,0.066,1.044,1.327,3,NULL,NULL,,3,0,2,7,255,1096,250,0,0
stim,5900,36021,0,36021,3233314.453,0.860,0.012,-0.016,0.511,0,0,3017,0,3097,1132,2986,2926,54,1.218,1,2068,0,126.014,2.924,-12.813,-124.125,17.563,-0.242,-0.250,1.121,-2.891,0.438,1.531,0.104,0.074,1.044,1.327,3,NULL,NULL,,3,0,2,7,255,1096,250,0,0
stim,5900,36021,0,36021,3233319.455,0.860,0.014,-0.012,0.510,0,0,3004,0,3098,938,2995,2917,54,1.218,1,2068,0,131.401,2.810,1.125,-130.688,13.625,-0.273,-0.191,1.078,-2.609,1.043,1.371,0.096,0.084,1.044,1.327,3,NULL,NULL,,3,0,2,7,255,1096,250,0,0
stim,5900,36021,0,36021,3233324.454,0.860,0.017,-0.007,0.510,0,0,2997,0,3101,679,3001,2900,54,1.218,1,2068,0,137.561,2.881,10.375,-137.125,3.500,-0.266,-0.141,1.133,-2.352,1.664,1.352,0.088,0.092,1.044,1.327,3,NULL,NULL,,3,0,2,7,255,1096,250,0,0
stim,5900,36021,0,36021,3233329.455,0.860,0.019,-0.001,0.509,0,0,2983,0,3107,537,3005,2889,54,1.218,1,2068,0,143.763,2.554,14.500,-143.000,-2.938,-0.195,-0.133,1.203,-1.938,1.664,1.352,0.082,0.104,1.044,1.327,3,NULL,NULL,,3,0,2,7,255,1096,250,0,0
stim,5900,36021,0,36021,3233334.454,0.860,0.022,0.005,0.509,0,0,2965,0,3109,349,3015,2863,54,1.218,1,2068,0,150.515,2.179,15.688,-149.688,-1.500,-0.168,-0.133,1.223,-1.547,1.535,2.008,0.074,0.114,1.044,1.327,3,NULL,NULL,,3,0,2,7,255,1096,250,0,0
stim,5900,36021,0,36021,3233339.455,0.861,0.025,0.011,0.509,0,0,2937,0,3109,157,3019,2844,54,1.218,1,2068,0,159.216,2.099,15.063,-158.500,0.688,-0.156,-0.129,1.191,-1.504,1.465,2.008,0.066,0.126,1.044,1.327,3,NULL,NULL,,3,0,2,7,255,1096,250,0,0
stim,5900,36021,0,36021,3233344.453,0.861,0.028,0.017,0.508,0,0,2911,0,3108,75,3023,2811,54,1.218,1,2068,0,165.688,2.099,20.063,-164.438,3.188,-0.148,-0.059,1.250,-1.504,1.465,2.195,0.058,0.138,1.044,1.327,3,NULL,NULL,,3,0,2,7,255,1096,250,0,0
stim,5900,36021,0,36021,3233349.455,0.861,0.031,0.024,0.507,0,0,2877,0,3117,17,3028,2775,54,1.218,1,2068,0,174.334,2.142,18.813,-173.063,9.375,-0.133,0.023,1.324,-0.984,1.902,2.348,0.050,0.150,1.044,1.327,3,NULL,NULL,,3,0,2,7,255,1096,250,0,0
stim,5921,36042,0,36042,3233354.453,0.861,0.034,0.031,0.506,0,0,2837,0,3107,0,3032,2739,54,1.218,1,2068,0,183.752,2.396,24.750,-181.563,13.688,-0.199,0.121,1.363,-0.289,2.379,3.004,0.044,0.162,1.044,1.327,3,NULL,NULL,,3,0,2,7,255,1096,250,0,0
stim,5921,36042,0,36042,3233359.455,0.861,0.037,0.039,0.505,0,0,2789,0,3107,0,3034,2687,54,1.218,1,2068,0,194.967,3.599,30.750,-192.250,10.313,-0.207,0.195,1.523,0.105,3.598,3.230,0.038,0.176,1.044,1.327,3,NULL,NULL,,3,0,2,7,255,1096,250,0,0
stim,5921,36042,0,36042,3233364.454,0.861,0.040,0.047,0.504,0,0,2740,0,3101,0,3035,2633,54,1.218,1,2068,0,205.387,4.399,27.500,-203.250,10.813,-0.230,0.215,1.777,0.418,4.379,4.699,0.034,0.188,1.044,1.327,3,NULL,NULL,,3,0,2,7,255,1096,250,0,0
stim,5921,36042,0,36042,3233369.455,0.861,0.045,0.055,0.503,0,0,2670,0,3097,0,3035,2571,54,1.218,1,2068,0,215.634,5.214,4.750,-214.875,17.438,-0.270,0.270,1.992,0.488,5.191,7.078,0.034,0.202,1.044,1.327,3,NULL,NULL,,3,0,2,7,255,1096,250,0,0
stim,5949,36070,0,36070,3233374.453,0.861,0.051,0.064,0.502,0,0,2587,0,3089,0,3032,2491,54,1.218,1,2068,0,230.135,6.377,-18.438,-228.438,20.938,-0.328,0.301,2.172,0.418,6.363,8.992,0.034,0.216,1.044,1.327,3,NULL,NULL,,3,0,2,7,255,1096,250,0,0
stim,5949,36070,0,36070,3233379.455,0.861,0.057,0.072,0.499,0,0,2471,0,3083,0,3033,2410,54,1.218,1,2068,0,252.702,7.676,-23.313,-249.125,35.375,-0.453,0.379,2.266,0.242,7.672,10.508,0.034,0.230,1.044,1.327,3,NULL,NULL,,3,0,2,7,255,1096,250,0,0
stim,5949,36070,0,36070,3233384.454,0.862,0.065,0.081,0.497,0,0,2365,0,3075,0,3019,2281,54,1.218,1,2068,0,281.748,9.667,-40.438,-274.625,48.250,-0.520,0.559,2.344,0.242,9.664,10.988,0.038,0.244,1.044,1.327,3,NULL,NULL,,3,0,2,7,255,1096,250,0,0
stim,5949,36070,0,36070,3233389.455,0.861,0.074,0.091,0.494,0,0,2235,0,3043,0,3002,2155,54,1.218,1,2068,0,305.060,11.752,-62.688,-295.875,39.875,-0.563,0.742,2.434,1.031,11.707,11.262,0.048,0.264,1.044,1.327,3,NULL,NULL,,3,0,2,7,255,1096,250,0,0
stim,5949,36070,0,36070,3233394.453,0.861,0.084,0.101,0.492,0,0,2089,0,3021,0,2987,1983,54,1.218,1,2068,0,332.349,13.840,-91.188,-317.938,32.500,-0.566,0.797,2.461,2.129,13.676,11.438,0.068,0.288,1.044,1.327,3,NULL,NULL,,3,0,2,7,255,1096,250,0,0
stim,5949,36070,0,36070,3233399.455,0.860,0.096,0.111,0.490,0,0,1967,0,2991,3,2965,1854,54,1.218,1,2068,0,358.002,14.863,-114.250,-338.125,28.000,-0.594,0.836,2.543,2.398,14.668,11.609,0.094,0.316,1.044,1.327,3,NULL,NULL,,3,0,2,7,255,1096,250,0,0
stim,6000,36121,0,36121,3233404.453,0.858,0.109,0.121,0.488,0,0,1830,0,2941,11,2931,1717,54,1.218,1,2068,0,386.977,16.137,-147.000,-357.375,20.625,-0.629,0.941,2.547,2.406,15.957,11.438,0.128,0.352,1.044,1.327,3,NULL,NULL,,3,0,2,7,255,1096,250,0,0
stim,6000,36121,0,36121,3233409.455,0.855,0.123,0.131,0.486,0,0,1725,0,2895,2,2877,1611,54,1.218,1,2068,0,409.338,17.694,-162.375,-375.625,9.875,-0.656,1.047,2.570,3.004,17.438,10.926,0.170,0.394,1.044,1.327,3,NULL,NULL,,3,0,2,7,255,1096,250,0,0
stim,6000,36121,0,36121,3233414.454,0.852,0.138,0.143,0.484,0,0,1607,0,2831,0,2828,1449,54,1.218,1,2068,0,426.279,19.221,-163.938,-393.438,-6.750,-0.734,0.973,2.746,3.004,18.984,10.926,0.220,0.444,1.044,1.327,3,NULL,NULL,,3,0,2,7,255,1096,250,0,0
stim,6000,36121,0,36121,3233419.455,0.848,0.154,0.154,0.483,0,0,1456,0,2765,0,2729,1335,54,1.218,1,2068,0,456.487,20.760,-187.688,-416.000,-9.875,-0.855,0.754,2.813,2.434,20.617,10.578,0.276,0.500,1.044,1.327,3,NULL,NULL,,3,0,2,7,255,1096,250,0,0
stim,6000,36121,0,36121,3233424.454,0.844,0.170,0.166,0.482,0,0,1302,0,2665,0,2599,1191,54,1.218,1,2068,0,478.447,21.117,-200.688,-433.250,-30.500,-0.816,0.500,2.844,-0.094,21.117,10.578,0.340,0.562,1.044,1.327,3,NULL,NULL,,3,0,2,7,255,1096,250,0,0
stim,6000,36121,0,36121,3233429.455,0.838,0.186,0.179,0.481,0,0,1116,0,2535,0,2425,1033,54,1.218,1,2068,0,483.831,21.678,-185.438,-443.625,-53.875,-0.770,0.359,2.965,-2.156,21.570,10.578,0.410,0.634,1.044,1.327,3,NULL,NULL,,3,0,2,7,255,1096,250,0,0
stim,6000,36121,0,36121,3233434.454,0.832,0.202,0.192,0.480,0,0,915,0,2365,0,2195,880,54,1.218,1,2068,0,496.423,21.818,-193.875,-453.938,-52.813,-0.727,0.270,3.027,-3.277,21.570,11.012,0.490,0.712,1.044,1.327,3,NULL,NULL,,3,0,2,7,255,1096,250,0,0
stim,6000,36121,0,36121,3233439.455,0.825,0.220,0.204,0.479,0,0,694,0,2153,0,1885,782,54,1.218,1,2068,0,519.565,21.930,-224.813,-467.063,-35.500,-0.652,0.086,2.906,-3.957,21.570,11.012,0.576,0.800,1.044,1.327,3,NULL,NULL,,3,0,2,7,255,1096,250,0,0
stim,6019,36140,0,36140,3233444.453,0.818,0.239,0.216,0.476,0,0,505,0,1891,0,1511,649,54,1.218,1,2068,0,550.322,21.659,-256.625,-486.813,-3.375,-0.609,-0.328,2.359,-5.066,21.059,9.773,0.668,0.894,1.044,1.327,3,NULL,NULL,,3,0,2,7,255,1096,250,0,0
stim,6019,36140,0,36140,3233449.455,0.811,0.258,0.228,0.472,0,0,299,0,1579,0,981,535,54,1.218,1,2068,0,556.981,18.532,-245.000,-500.188,3.875,-0.418,-0.535,1.563,-7.922,16.754,5.586,0.766,0.994,1.044,1.327,3,NULL,NULL,,3,0,2,7,255,1096,250,0,0
stim,6019,36140,0,36140,3233454.453,0.805,0.274,0.243,0.467,0,0,175,0,1251,0,361,419,54,1.218,1,2068,0,532.508,13.082,-153.875,-509.750,-6.500,-0.242,-0.531,1.133,-7.922,10.410,0.434,0.870,1.102,1.044,1.327,3,NULL,NULL,,3,0,2,7,255,1096,250,0,0
stim,6019,36140,0,36140,3233459.455,0.799,0.286,0.260,0.460,0,0,80,0,888,0,69,347,54,1.218,1,2068,0,515.560,12.521,-25.750,-514.813,10.375,-0.266,-0.168,1.531,-6.957,10.410,-0.777,0.978,1.212,1.044,1.327,3,NULL,NULL,,3,0,2,7,255,1096,250,0,0
stim,6019,36140,0,36140,3233464.454,0.795,0.296,0.278,0.451,0,0,45,0,413,0,0,295,54,1.218,1,2068,0,522.542,12.348,29.313,-518.000,62.188,-0.582,0.215,2.371,-4.586,11.465,-0.777,1.080,1.318,1.044,1.327,3,NULL,NULL,,3,0,2,7,255,1096,250,0,0
stim,6019,36140,0,36140,3233469.455,0.791,0.310,0.293,0.439,0,0,29,0,57,0,0,175,54,1.218,1,2068,0,541.045,21.439,-50.000,-520.188,140.125,-1.082,0.543,2.668,-4.375,20.988,-0.777,1.174,1.418,1.044,1.327,3,NULL,NULL,,3,0,2,7,255,1096,250,0,0
stim,6042,36163,0,36163,3233474.453,0.785,0.327,0.304,0.428,0,0,16,0,0,0,0,95,54,1.218,1,2068,0,557.665,27.685,-168.438,-507.500,158.313,-1.293,1.047,2.348,-4.129,27.375,-2.477,1.260,1.508,1.044,1.327,3,NULL,NULL,,3,0,2,7,255,1096,250,0,0
stim,6042,36163,0,36163,3233479.455,0.778,0.346,0.314,0.421,0,0,9,0,0,0,0,19,54,1.218,1,2068,0,542.923,27.383,-253.438,-467.750,108.375,-1.023,1.578,1.836,-0.676,27.375,-8.555,1.340,1.590,1.044,1.327,4,NULL,NULL,,3,0,2,7,255,1096,250,0,0
stim,6042,36163,0,36163,3233484.454,0.768,0.366,0.320,0.416,0,0,7,0,0,0,0,3,54,1.218,1,2068,0,522.915,25.581,-316.875,-410.938,64.500,-0.887,1.707,1.523,5.938,24.883,-12.137,1.420,1.672,1.044,1.327,0,NULL,NULL,,3,0,2,7,255,1096,250,0,0
stim,6042,36163,0,36163,3233489.455,0.759,0.387,0.322,0.413,0,0,16,0,0,0,0,5,54,1.218,1,2068,0,542.936,23.465,-412.250,-337.563,104.313,-0.902,1.582,1.055,8.109,22.020,-14.199,1.508,1.764,1.044,1.327,0,NULL,NULL,,3,0,2,7,255,1096,250,0,0
stim,6066,36187,0,36187,3233494.453,0.748,0.408,0.321,0.413,0,0,9,0,0,0,0,1,54,1.218,1,2068,0,539.523,19.174,-472.375,-255.313,52.563,-0.500,1.156,0.309,8.109,17.375,-16.523,1.608,1.870,1.044,1.327,0,NULL,NULL,,3,0,2,7,255,1096,250,0,0
stim,6066,36187,0,36187,3233499.455,0.740,0.422,0.320,0.415,0,0,0,0,0,0,0,10,54,1.218,1,2068,0,375.377,10.688,-339.063,-159.563,-22.000,-0.348,-0.195,-0.238,7.355,7.754,-16.523,1.718,1.982,1.044,1.327,0,NULL,NULL,,3,0,2,7,255,1096,250,0,0
stim,6066,36187,0,36187,3233504.453,0.735,0.428,0.321,0.416,0,0,0,0,0,0,0,25,54,1.218,1,2068,0,182.430,3.864,-149.500,-103.063,-17.563,-0.453,-0.980,0.379,-3.102,2.305,-12.898,1.832,2.096,1.044,1.327,0,NULL,NULL,,3,0,2,7,255,1096,250,0,0
stim,6066,36187,0,36187,3233509.455,0.732,0.433,0.320,0.418,0,0,0,0,0,0,0,18,54,1.218,1,2068,0,150.724,9.396,-147.250,-31.063,-8.375,-0.555,-0.668,0.996,-9.109,2.305,-8.309,1.940,2.206,1.044,1.327,0,NULL,NULL,,3,0,2,7,255,1096,250,0,0
stim,6107,36228,0,36228,3233514.454,0.728,0.440,0.314,0.422,0,0,0,0,0,0,0,3,54,1.218,1,2068,0,250.337,10.675,-245.313,49.875,-1.625,-0.477,0.184,0.406,-9.109,5.566,-8.309,2.036,2.304,1.044,1.327,0,NULL,NULL,,3,0,2,7,255,1096,250,0,0
stim,6107,36228,0,36228,3233519.455,0.725,0.446,0.305,0.427,0,0,0,0,0,0,0,2,54,1.218,1,2068,0,263.834,5.625,-235.125,116.688,26.625,-0.402,0.922,-0.699,-0.813,5.566,-12.758,2.116,2.384,1.044,1.327,0,NULL,NULL,,3,0,2,7,255,1096,250,0,0
stim,6107,36228,0,36228,3233524.454,0.727,0.446,0.297,0.429,0,0,0,0,0,0,0,0,54,1.218,1,2068,0,188.981,6.658,-91.000,156.750,53.500,-0.590,0.965,-0.969,5.910,-3.066,-19.457,2.180,2.452,1.044,1.327,0,NULL,NULL,,3,0,2,7,255,1096,250,0,0
stim,6107,36228,0,36228,3233529.455,0.731,0.442,0.291,0.431,0,0,0,0,0,0,0,0,54,1.218,1,2068,0,191.872,6.658,38.250,180.813,51.563,-0.852,0.453,-0.258,5.910,-3.066,-19.457,2.236,2.508,1.044,1.327,0,NULL,NULL,,3,0,2,7,255,1096,250,0,0
stim,6107,36228,0,36228,3233534.454,0.735,0.437,0.285,0.433,0,0,0,0,0,0,0,0,54,1.218,1,2068,0,210.419,1.713,51.563,201.000,34.875,-0.906,0.043,0.375,0.078,1.711,-19.441,2.282,2.556,1.044,1.327,0,NULL,NULL,,3,0,2,7,255,1096,250,0,0
stim,6107,36228,0,36228,3233539.455,0.738,0.433,0.278,0.436,0,0,0,0,0,0,0,0,54,1.218,1,2068,0,216.976,7.315,10.000,214.063,34.000,-0.801,0.047,0.379,-3.355,6.500,-15.449,2.316,2.594,1.044,1.327,0,NULL,NULL,,3,0,2,7,255,1096,250,0,0
stim,6107,36228,0,36228,3233544.453,0.741,0.429,0.270,0.439,0,0,0,0,0,0,0,0,54,1.218,1,2068,0,225.545,7.315,-1.125,220.375,48.000,-0.719,0.301,0.023,-3.355,6.500,-15.449,2.340,2.620,1.044,1.327,0,NULL,NULL,,3,0,2,7,255,1096,250,0,0
stim,6107,36228,0,36228,3233549.455,0.746,0.424,0.263,0.441,0,0,0,0,0,0,0,0,54,1.218,1,2068,0,233.139,3.819,34.375,223.625,56.250,-0.750,0.496,-0.168,-0.801,3.734,-16.422,2.354,2.636,1.044,1.327,0,NULL,NULL,,3,0,2,7,255,1096,250,0,0
stim,6107,36228,0,36228,3233554.454,0.750,0.418,0.256,0.443,0,0,0,0,0,0,0,0,54,1.218,1,2068,0,244.373,3.794,74.438,227.313,50.063,-0.781,0.512,-0.070,0.668,3.734,-18.027,2.368,2.652,1.044,1.327,0,NULL,NULL,,3,0,2,7,255,1096,250,0,0
stim,6107,36228,0,36228,3233559.455,0.755,0.411,0.249,0.446,0,0,0,0,0,0,0,0,54,1.218,1,2068,0,253.713,3.998,90.063,233.750,40.250,-0.730,0.418,0.094,0.668,3.941,-18.027,2.386,2.672,1.044,1.327,0,NULL,NULL,,3,0,2,7,255,1096,250,0,0
stim,6131,36252,0,36252,3233564.454,0.760,0.404,0.243,0.448,0,0,0,0,0,0,0,0,54,1.218,1,2068,0,260.068,5.055,90.625,240.688,38.625,-0.668,0.332,0.168,0.086,5.055,-16.340,2.406,2.694,1.044,1.327,0,NULL,NULL,,3,0,2,7,255,1096,250,0,0
stim,6131,36252,0,36252,3233569.455,0.765,0.396,0.236,0.450,0,0,0,0,0,0,0,0,54,1.218,1,2068,0,267.417,5.313,94.875,246.750,40.313,-0.656,0.320,0.211,-0.367,5.301,-15.027,2.424,2.716,1.044,1.327,0,NULL,NULL,,3,0,2,7,255,1096,250,0,0
stim,6131,36252,0,36252,3233574.453,0.770,0.388,0.229,0.453,0,0,0,0,0,0,0,0,54,1.218,1,2068,0,273.685,5.690,102.688,251.688,31.813,-0.699,0.313,0.277,-0.398,5.676,-14.574,2.440,2.734,1.044,1.327,0,NULL,NULL,,3,0,2,7,255,1096,250,0,0
stim,6131,36252,0,36252,3233579.455,0.774,0.379,0.222,0.455,0,0,0,0,0,0,0,0,54,1.218,1,2068,0,281.135,6.245,113.375,256.313,22.063,-0.578,0.203,0.340,-0.684,6.207,-14.305,2.456,2.752,1.044,1.327,0,NULL,NULL,,3,0,2,7,255,1096,250,0,0
stim,6154,36275,0,36275,3233584.454,0.779,0.370,0.215,0.458,0,0,0,0,0,0,0,0,54,1.218,1,2068,0,288.994,6.540,117.375,263.188,21.750,-0.539,0.254,0.516,-0.684,6.504,-12.523,2.472,2.772,1.044,1.327,0,NULL,NULL,,3,0,2,7,255,1096,250,0,0
stim,6154,36275,0,36275,3233589.455,0.783,0.361,0.208,0.461,0,0,0,0,0,0,0,0,54,1.218,1,2068,0,294.208,7.536,110.250,272.500,12.125,-0.508,0.309,0.633,-0.359,7.527,-11.234,2.492,2.792,1.044,1.327,0,NULL,NULL,,3,0,2,7,255,1096,250,0,0
stim,6154,36275,0,36275,3233594.453,0.787,0.351,0.201,0.465,0,0,0,0,0,0,0,0,54,1.218,1,2068,0,302.289,8.139,103.875,283.875,1.875,-0.434,0.270,0.664,0.320,8.133,-10.313,2.512,2.816,1.044,1.327,0,NULL,NULL,,3,0,2,7,255,1096,250,0,0
stim,6154,36275,0,36275,3233599.455,0.791,0.342,0.193,0.469,0,0,0,0,0,0,0,0,54,1.218,1,2068,0,313.415,8.139,102.625,296.125,-2.625,-0.395,0.223,0.703,0.320,8.133,-9.254,2.536,2.842,1.044,1.327,0,NULL,NULL,,3,0,2,7,255,1096,250,0,0
stim,6154,36275,0,36275,3233604.454,0.795,0.332,0.184,0.473,0,0,0,0,0,0,0,0,54,1.218,1,2068,0,325.062,8.140,102.000,308.563,-7.125,-0.418,0.238,0.781,0.340,8.133,-8.371,2.566,2.874,1.044,1.327,0,NULL,NULL,,3,0,2,7,255,1096,250,0,0
stim,6154,36275,0,36275,3233609.455,0.798,0.321,0.176,0.478,0,0,0,0,0,0,0,0,54,1.218,1,2068,0,335.685,8.710,97.750,320.688,-17.000,-0.434,0.273,0.859,0.340,8.703,-7.809,2.600,2.910,1.044,1.327,0,NULL,NULL,,3,0,2,7,255,1096,250,0,0
stim,6199,36320,0,36320,3233614.454,0.801,0.311,0.167,0.483,0,0,0,0,0,0,0,0,54,1.218,1,2068,0,345.014,9.258,90.875,331.688,-27.563,-0.395,0.266,0.895,0.664,9.234,-7.223,2.638,2.952,1.044,1.327,0,NULL,NULL,,3,0,2,7,255,1096,250,0,0
stim,6199,36320,0,36320,3233619.455,0.804,0.300,0.157,0.489,0,0,0,0,0,0,0,0,54,1.218,1,2068,0,353.274,9.276,85.563,341.188,-32.750,-0.352,0.242,0.895,0.879,9.234,-6.438,2.680,2.994,1.044,1.327,0,NULL,NULL,,3,0,2,7,255,1096,250,0,0
stim,6199,36320,0,36320,3233624.454,0.806,0.290,0.147,0.494,0,0,0,0,0,0,0,0,54,1.218,1,2068,0,360.913,8.795,83.875,349.188,-35.938,-0.344,0.238,0.879,0.965,8.742,-5.855,2.724,3.042,1.044,1.327,0,NULL,NULL,,3,0,2,7,255,1096,250,0,0
stim,6199,36320,0,36320,3233629.455,0.808,0.279,0.137,0.500,0,0,0,0,0,0,0,0,54,1.218,1,2068,0,368.269,8.514,86.063,355.563,-42.313,-0.352,0.230,0.863,1.020,8.453,-5.672,2.770,3.090,1.044,1.327,0,NULL,NULL,,3,0,2,7,255,1096,250,0,0
stim,6199,36320,0,36320,3233634.454,0.810,0.267,0.127,0.506,0,0,0,0,0,0,0,0,54,1.218,1,2068,0,374.922,8.321,90.313,360.500,-49.500,-0.305,0.188,0.867,1.020,8.258,-5.570,2.816,3.140,1.044,1.327,0,NULL,NULL,,3,0,2,7,255,1096,250,0,0
stim,6199,36320,0,36320,3233639.455,0.812,0.256,0.117,0.512,0,0,0,0,0,0,0,0,54,1.218,1,2068,0,379.759,7.701,94.375,364.125,-52.188,-0.238,0.191,0.867,1.020,7.633,-4.926,2.864,3.188,1.044,1.327,0,NULL,NULL,,3,0,2,7,255,1096,250,0,0
stim,6199,36320,0,36320,3233644.453,0.813,0.244,0.107,0.518,0,0,0,0,0,0,0,0,54,1.218,1,2068,0,383.335,7.125,100.688,365.875,-54.250,-0.148,0.203,0.836,1.367,6.992,-4.391,2.908,3.236,1.044,1.327,0,NULL,NULL,,3,0,2,7,255,1096,250,0,0
stim,6199,36320,0,36320,3233649.455,0.815,0.231,0.098,0.523,0,0,0,0,0,0,0,0,54,1.218,1,2068,0,385.358,6.227,111.313,365.688,-48.813,-0.066,0.145,0.836,1.789,5.965,-4.094,2.952,3.280,1.044,1.327,0,NULL,NULL,,3,0,2,7,255,1096,250,0,0
stim,6221,36342,0,36342,3233654.453,0.816,0.218,0.088,0.528,0,0,0,0,0,0,0,4,54,1.218,1,2068,0,384.888,5.403,125.375,361.813,-38.875,-0.074,0.180,0.871,1.918,5.051,-3.387,2.990,3.320,1.044,1.327,0,NULL,NULL,,3,0,2,7,255,1096,250,0,0
stim,6221,36342,0,36342,3233659.455,0.818,0.205,0.079,0.532,0,0,0,0,0,0,0,8,54,1.218,1,2068,0,384.932,5.414,136.938,358.063,-34.813,-0.043,0.215,0.941,2.176,4.957,-3.066,3.024,3.356,1.044,1.327,0,NULL,NULL,,3,0,2,7,255,1096,250,0,0
stim,6221,36342,0,36342,3233664.454,0.819,0.191,0.070,0.536,0,0,0,0,0,0,0,4,54,1.218,1,2068,0,384.778,5.573,148.813,353.938,-25.250,0.016,0.156,1.016,2.547,4.957,-2.285,3.054,3.390,1.044,1.327,0,NULL,NULL,,3,0,2,7,255,1096,250,0,0
stim,6221,36342,0,36342,3233669.455,0.821,0.177,0.062,0.539,0,0,0,0,0,0,0,9,54,1.218,1,2068,0,383.806,5.209,159.438,348.938,-11.375,0.004,0.195,1.074,2.715,4.445,-1.105,3.084,3.420,1.044,1.327,0,NULL,NULL,,3,0,2,7,255,1096,250,0,0
stim,6248,36369,0,36369,3233674.453,0.823,0.163,0.053,0.542,0,0,0,0,0,0,0,5,54,1.218,1,2068,0,384.971,5.309,172.188,344.313,-1.750,-0.027,0.258,1.188,2.902,4.445,-0.574,3.110,3.450,1.044,1.327,0,NULL,NULL,,3,0,2,7,255,1096,250,0,0
stim,6248,36369,0,36369,3233679.455,0.825,0.148,0.046,0.544,0,0,0,0,0,0,0,5,54,1.218,1,2068,0,385.578,6.035,179.375,341.313,-1.000,-0.051,0.270,1.285,3.441,4.957,0.398,3.138,3.478,1.044,1.327,0,NULL,NULL,,3,0,2,7,255,1096,250,0,0
stim,6248,36369,0,36369,3233684.454,0.826,0.134,0.038,0.546,0,0,0,0,0,0,0,8,54,1.218,1,2068,0,385.207,6.035,182.813,339.063,-0.563,-0.027,0.215,1.383,3.441,4.957,1.402,3.162,3.506,1.044,1.327,0,NULL,NULL,,3,0,2,7,255,1096,250,0,0
stim,6248,36369,0,36369,3233689.455,0.827,0.119,0.030,0.548,0,0,0,0,0,0,0,7,54,1.218,1,2068,0,384.777,5.654,186.375,336.563,6.563,-0.023,0.191,1.480,3.230,4.641,2.656,3.188,3.532,1.044,1.327,0,NULL,NULL,,3,0,2,7,255,1096,250,0,0
stim,6248,36369,0,36369,3233694.453,0.829,0.104,0.022,0.549,0,0,0,0,0,0,0,8,54,1.218,1,2068,0,385.011,5.654,188.563,335.375,14.188,-0.074,0.242,1.613,3.230,4.641,3.766,3.212,3.556,1.044,1.327,0,NULL,NULL,,3,0,2,7,255,1096,250,0,0
stim,6248,36369,0,36369,3233699.455,0.830,0.089,0.015,0.550,0,0,0,0,0,0,0,6,54,1.218,1,2068,0,383.319,5.862,187.625,333.938,14.688,-0.141,0.254,1.770,3.402,4.773,5.020,3.236,3.582,1.044,1.327,0,NULL,NULL,,3,0,2,7,255,1096,250,0,0
stim,6299,36420,0,36420,3233704.453,0.831,0.075,0.007,0.552,0,0,0,0,0,0,0,7,54,1.218,1,2068,0,378.013,6.135,179.188,332.688,10.250,-0.176,0.246,1.914,3.402,5.105,6.617,3.260,3.608,1.044,1.327,0,NULL,NULL,,3,0,2,7,255,1096,250,0,0
stim,6299,36420,0,36420,3233709.455,0.831,0.061,-0.001,0.553,0,0,0,0,0,0,0,5,54,1.218,1,2068,0,369.658,6.103,165.313,330.563,6.875,-0.184,0.246,2.016,3.344,5.105,8.141,3.284,3.634,1.044,1.327,0,NULL,NULL,,3,0,2,7,255,1096,250,0,0
stim,6299,36420,0,36420,3233714.454,0.831,0.047,-0.009,0.554,0,0,0,0,0,0,0,7,54,1.218,1,2068,0,360.033,5.774,149.875,327.313,5.250,-0.176,0.250,2.051,3.344,4.707,9.277,3.308,3.660,1.044,1.327,0,NULL,NULL,,3,0,2,7,255,1096,250,0,0
stim,6299,36420,0,36420,3233719.455,0.831,0.034,-0.017,0.555,0,0,0,0,0,0,0,7,54,1.218,1,2068,0,351.912,5.256,139.500,323.063,3.500,-0.156,0.227,2.043,3.344,4.055,9.781,3.334,3.688,1.044,1.327,0,NULL,NULL,,3,0,2,7,255,1096,250,0,0
stim,6299,36420,0,36420,3233724.454,0.831,0.021,-0.026,0.555,0,0,0,0,0,0,0,8,54,1.218,1,2068,0,347.311,4.563,138.500,318.500,-0.500,-0.121,0.172,2.043,3.266,3.188,9.844,3.360,3.714,1.044,1.327,0,NULL,NULL,,3,0,2,7,255,1096,250,0,0
stim,6299,36420,0,36420,3233729.455,0.830,0.008,-0.033,0.556,0,0,0,0,0,0,0,5,54,1.218,1,2068,0,345.293,3.565,141.438,314.938,-6.063,-0.055,0.074,2.063,2.910,2.059,9.977,3.386,3.742,1.044,1.327,0,NULL,NULL,,3,0,2,7,255,1096,250,0,0
stim,6299,36420,0,36420,3233734.454,0.829,-0.004,-0.041,0.557,0,0,0,0,0,0,0,7,54,1.218,1,2068,0,344.150,2.311,143.938,312.500,-8.063,0.023,-0.023,2.059,2.266,0.457,10.262,3.412,3.770,1.044,1.327,0,NULL,NULL,,3,0,2,7,255,1096,250,0,0
stim,6299,36420,0,36420,3233739.455,0.828,-0.017,-0.049,0.558,0,0,0,0,0,0,0,9,54,1.218,1,2068,0,345.738,2.034,149.875,311.438,-8.875,0.102,-0.066,2.004,1.637,-1.207,10.262,3.436,3.794,1.044,1.327,0,NULL,NULL,,3,0,2,7,255,1096,250,0,0
stim,6319,36440,0,36440,3233744.454,0.827,-0.031,-0.055,0.559,0,0,0,0,0,0,0,13,54,1.218,1,2068,0,353.195,3.015,167.813,310.563,-11.688,0.199,-0.113,1.961,1.441,-2.648,9.625,3.456,3.818,1.044,1.327,0,NULL,NULL,,3,0,2,7,255,1096,250,0,0
stim,6319,36440,0,36440,3233749.455,0.825,-0.045,-0.062,0.560,0,0,0,0,0,0,0,19,54,1.218,1,2068,0,366.009,4.427,195.688,308.938,-15.063,0.363,-0.180,2.016,1.266,-4.242,9.203,3.474,3.836,1.044,1.327,0,NULL,NULL,,3,0,2,7,255,1096,250,0,0
stim,6319,36440,0,36440,3233754.453,0.823,-0.061,-0.067,0.561,0,0,0,0,0,0,0,25,54,1.218,1,2068,0,381.488,6.752,224.250,308.063,-18.500,0.617,-0.191,2.141,1.266,-6.633,9.203,3.486,3.850,1.044,1.327,0,NULL,NULL,,3,0,2,7,255,1096,250,0,0
stim,6319,36440,0,36440,3233759.455,0.821,-0.077,-0.073,0.562,0,0,0,0,0,0,0,29,54,1.218,1,2068,0,396.809,9.927,249.125,308.313,-18.375,0.902,-0.184,2.270,1.887,-9.746,9.754,3.494,3.860,1.044,1.327,0,NULL,NULL,,3,0,2,7,255,1096,250,0,0
stim,6319,36440,0,36440,3233764.454,0.818,-0.094,-0.077,0.562,0,0,0,0,0,0,0,33,54,1.218,1,2068,0,411.092,13.440,270.250,309.563,-11.500,1.152,-0.199,2.387,2.785,-13.148,10.102,3.494,3.862,1.044,1.327,0,NULL,NULL,,3,0,2,7,255,1096,250,0,0
stim,6319,36440,0,36440,3233769.455,0.815,-0.112,-0.081,0.562,0,0,0,0,0,0,0,37,54,1.218,1,2068,0,425.762,16.718,292.375,309.500,0.375,1.344,-0.234,2.539,3.273,-16.395,10.227,3.488,3.858,1.044,1.327,0,NULL,NULL,,3,0,2,7,255,1096,250,0,0
stim,6341,36462,0,36462,3233774.453,0.813,-0.131,-0.084,0.562,0,0,0,0,0,0,0,31,54,1.218,1,2068,0,436.837,19.565,308.063,309.563,9.750,1.484,-0.203,2.711,3.320,-19.281,10.633,3.474,3.846,1.044,1.327,0,NULL,NULL,,3,0,2,7,255,1096,250,0,0
stim,6341,36462,0,36462,3233779.455,0.810,-0.149,-0.088,0.561,0,0,0,0,0,0,0,33,54,1.218,1,2068,0,440.972,21.923,313.250,310.125,12.375,1.602,-0.109,2.863,3.742,-21.602,11.242,3.450,3.824,1.044,1.327,0,NULL,NULL,,3,0,2,7,255,1096,250,0,0
stim,6341,36462,0,36462,3233784.453,0.806,-0.168,-0.091,0.560,0,0,0,0,0,0,0,29,54,1.218,1,2068,0,435.878,23.997,306.938,309.188,13.500,1.684,-0.043,2.988,4.605,-23.551,11.680,3.416,3.792,1.044,1.327,0,NULL,NULL,,3,0,2,7,255,1096,250,0,0
stim,6341,36462,0,36462,3233789.455,0.803,-0.185,-0.095,0.558,0,0,0,0,0,0,0,37,54,1.218,1,2068,0,416.173,25.717,283.563,304.188,16.188,1.672,0.000,3.070,5.020,-25.223,11.875,3.370,3.746,1.044,1.327,0,NULL,NULL,,3,0,2,7,255,1096,250,0,0
stim,6365,36486,0,36486,3233794.454,0.800,-0.201,-0.099,0.557,0,0,0,0,0,0,0,45,54,1.218,1,2068,0,384.931,26.548,249.438,292.750,15.813,1.715,0.137,3.141,5.074,-26.059,11.883,3.308,3.688,1.044,1.327,0,NULL,NULL,,3,0,2,7,255,1096,250,0,0
stim,6365,36486,0,36486,3233799.455,0.797,-0.215,-0.103,0.555,0,0,0,0,0,0,0,58,54,1.218,1,2068,0,349.647,27.639,211.500,278.375,5.313,1.973,0.309,3.145,6.102,-26.957,11.883,3.232,3.614,1.044,1.327,0,NULL,NULL,,3,0,2,7,255,1096,250,0,0
stim,6365,36486,0,36486,3233804.453,0.794,-0.227,-0.109,0.554,0,0,0,0,0,0,0,73,54,1.218,1,2068,0,307.408,30.402,161.000,261.875,0.438,2.344,0.195,2.980,8.344,-29.234,10.461,3.146,3.528,1.044,1.327,0,NULL,NULL,,3,0,2,7,255,1096,250,0,0
stim,6365,36486,0,36486,3233809.455,0.792,-0.237,-0.114,0.551,0,0,0,0,0,0,0,101,54,1.218,1,2068,0,265.143,33.406,108.375,241.313,18.000,2.621,-0.164,2.633,8.344,-32.348,6.531,3.050,3.434,1.044,1.327,0,NULL,NULL,,3,0,2,7,255,1096,250,0,0
stim,6402,36523,0,36523,3233814.454,0.791,-0.245,-0.120,0.548,0,0,0,0,0,0,0,117,54,1.218,1,2068,0,231.960,34.786,70.000,216.938,42.938,2.777,-0.496,2.133,6.527,-34.168,0.859,2.944,3.328,1.044,1.327,0,NULL,NULL,,3,0,2,7,255,1096,250,0,0
stim,6402,36523,0,36523,3233819.455,0.790,-0.252,-0.125,0.545,0,0,0,0,0,0,0,133,54,1.218,1,2068,0,208.960,34.458,58.313,192.188,57.688,2.930,-0.672,1.613,4.465,-34.168,-5.430,2.828,3.212,1.044,1.327,0,NULL,NULL,,3,0,2,7,255,1096,250,0,0
stim,6402,36523,0,36523,3233824.454,0.790,-0.258,-0.128,0.541,0,0,0,0,0,0,0,149,54,1.218,1,2068,0,196.179,33.441,76.750,167.500,67.375,3.137,-0.813,1.191,3.852,-33.219,-11.477,2.702,3.086,1.044,1.327,0,NULL,NULL,,3,0,2,7,255,1096,250,0,0
stim,6402,36523,0,36523,3233829.455,0.790,-0.267,-0.129,0.537,0,0,0,0,0,0,0,164,54,1.218,1,2068,0,215.107,33.197,127.875,144.875,94.500,3.328,-0.926,0.867,3.852,-32.973,-16.758,2.562,2.946,1.044,1.327,0,NULL,NULL,,3,0,2,7,255,1096,250,0,0
stim,6402,36523,1,36523,3233834.453,0.790,-0.276,-0.128,0.533,0,0,0,0,0,0,0,165,54,1.218,1,2068,0,237.270,33.182,174.938,113.750,112.938,3.227,-1.285,1.184,3.719,-32.973,-19.434,2.414,2.796,1.044,1.327,0,NULL,NULL,,3,1,2,7,255,1096,250,0,0
stim,6402,36523,1,36523,3233839.455,0.790,-0.285,-0.126,0.528,0,0,0,0,0,0,0,165,54,1.218,1,2068,0,228.346,34.759,168.125,91.688,124.375,3.238,-1.656,1.441,0.285,-34.758,-19.434,2.258,2.638,1.044,1.327,0,NULL,NULL,,3,1,2,7,255,1096,250,0,0
stim,6402,36523,1,36523,3233844.454,0.791,-0.293,-0.122,0.524,0,0,0,0,0,0,0,159,54,1.218,1,2068,0,228.379,36.328,167.250,67.188,140.250,3.152,-1.563,1.445,-2.066,-36.270,-18.906,2.098,2.474,1.044,1.327,0,NULL,NULL,,3,1,2,7,255,1096,250,0,0
stim,6402,36523,1,36523,3233849.455,0.791,-0.301,-0.118,0.519,0,0,0,0,0,0,0,157,54,1.218,1,2068,0,232.780,36.384,180.000,40.500,141.938,2.859,-1.656,1.590,-2.879,-36.270,-18.602,1.936,2.308,1.044,1.327,0,NULL,NULL,,3,1,2,7,255,1096,250,0,0
stim,6402,36523,1,36523,3233854.453,0.791,-0.309,-0.113,0.516,0,0,0,0,0,0,0,153,54,1.218,1,2068,0,221.865,35.344,193.938,16.438,106.500,2.457,-1.465,1.781,-4.000,-35.117,-16.684,1.770,2.136,1.044,1.327,0,NULL,NULL,,3,1,2,7,255,1096,250,0,0
stim,6402,36523,1,36523,3233859.455,0.790,-0.315,-0.108,0.515,0,0,0,0,0,0,0,147,54,1.218,1,2068,0,198.466,35.344,187.563,-11.000,63.938,2.449,-1.219,2.336,-4.000,-35.117,-12.910,1.602,1.960,1.044,1.327,0,NULL,NULL,,3,1,2,7,255,1096,250,0,0
stim,6433,36554,1,36554,3233864.454,0.790,-0.319,-0.102,0.513,0,0,0,0,0,0,0,246,54,1.218,1,2068,0,156.028,35.305,131.625,-38.813,74.250,2.484,-1.180,2.762,-3.016,-35.176,-7.980,1.430,1.782,1.044,1.327,0,NULL,NULL,,3,1,2,7,255,1096,250,0,0
stim,6433,36554,1,36554,3233869.455,0.792,-0.328,-0.087,0.507,20,0,0,269,0,10,0,369,54,1.218,1,2068,0,435.677,37.944,310.063,-152.813,265.188,0.559,-1.137,5.504,-3.016,-37.824,-4.781,1.258,1.600,1.044,1.327,0,NULL,NULL,,3,1,2,7,255,1096,250,0,0
stim,6433,36554,1,36554,3233874.454,0.796,-0.338,-0.063,0.498,465,0,0,868,0,127,0,410,54,1.218,1,2068,0,640.909,39.821,415.250,-262.188,411.813,1.223,1.707,9.969,-3.016,-39.707,25.305,1.086,1.416,1.044,1.327,0,NULL,NULL,,3,1,2,7,255,1096,250,0,0
stim,6433,36554,1,36554,3233879.455,0.812,-0.307,-0.077,0.491,925,0,0,1285,0,397,0,535,54,1.218,1,2068,0,871.960,40.010,-856.250,-73.188,147.625,-0.949,0.996,5.688,-4.914,-39.707,43.324,0.914,1.230,1.044,1.327,0,NULL,NULL,,3,1,2,7,255,1096,250,0,0
stim,6454,36575,1,36575,3233884.453,0.832,-0.257,-0.099,0.481,1385,0,0,1605,0,671,0,559,54,1.218,1,2068,0,1370.297,21.169,-1353.625,-125.813,172.000,-0.199,3.180,0.090,-0.621,-21.160,43.324,0.746,1.042,1.044,1.327,0,NULL,NULL,,3,1,2,7,255,1096,250,0,0
stim,6454,36575,1,36575,3233889.455,0.846,-0.222,-0.113,0.471,1717,0,0,1789,0,910,0,629,55,1.218,1,2069,0,942.009,21.550,-919.188,-98.563,181.000,-1.000,2.637,-3.566,16.316,14.078,1.289,0.582,0.848,1.044,1.327,1,1053.000,-43.000,,3,1,2,7,255,1096,250,0,0
stim,6454,36575,1,36575,3233894.454,0.852,-0.210,-0.112,0.466,1983,0,0,1895,0,1123,0,698,55,1.218,1,2069,0,322.593,35.097,-263.188,-131.625,132.188,-1.809,0.234,-3.816,16.316,31.074,-30.523,0.438,0.644,1.044,1.327,1,NULL,NULL,,3,1,2,7,255,1096,250,0,0
stim,6454,36575,1,36575,3233899.455,0.852,-0.215,-0.102,0.467,2155,0,0,2024,0,1289,0,791,55,1.218,1,2069,0,260.453,32.231,206.313,-157.000,24.938,-1.340,-1.180,0.266,-8.559,31.074,-30.523,0.348,0.436,1.044,1.327,1,NULL,NULL,,3,1,2,7,255,1096,250,0,0
stim,6454,36575,1,36575,3233904.453,0.851,-0.219,-0.094,0.468,2411,0,0,2261,0,1431,0,845,55,1.218,1,2069,0,210.338,9.074,173.875,-117.625,13.188,-0.074,1.109,2.488,-8.559,3.016,-5.383,0.374,0.266,1.044,1.327,2,NULL,NULL,,3,1,2,7,255,1096,250,0,0
stim,6454,36575,1,36575,3233909.455,0.853,-0.215,-0.091,0.466,2605,0,0,2484,0,1479,0,943,55,1.218,1,2069,0,136.597,8.181,-67.063,-97.000,68.938,-0.098,2.246,2.688,8.180,-0.145,15.055,0.448,0.214,1.044,1.327,2,NULL,NULL,,3,1,2,7,255,1096,250,0,0
stim,6504,36625,1,36625,3233914.453,0.861,-0.201,-0.090,0.459,2719,0,0,2647,0,1493,0,1063,55,1.218,1,2069,0,404.696,8.181,-326.750,-147.125,188.063,-1.637,0.094,1.523,8.180,-0.145,15.055,0.488,0.262,1.044,1.327,2,NULL,NULL,,3,1,2,7,255,1096,250,0,0
stim,6504,36625,1,36625,3233919.455,0.865,-0.182,-0.093,0.458,2795,0,0,2741,0,1499,0,1139,55,1.218,1,2069,0,451.858,10.519,-426.563,-148.938,6.125,-2.270,-1.227,-0.055,-8.391,6.344,9.469,0.506,0.326,1.044,1.327,2,NULL,NULL,,3,1,2,7,255,1096,250,0,0
stim,6504,36625,1,36625,3233924.454,0.865,-0.168,-0.093,0.464,2857,0,0,2824,0,1496,0,1267,55,1.218,1,2069,0,349.355,17.045,-256.625,-171.938,-163.188,-1.301,-0.973,-0.770,-15.305,7.504,-5.398,0.524,0.378,1.044,1.327,2,NULL,NULL,,3,1,2,7,255,1096,250,0,0
stim,6504,36625,1,36625,3233929.455,0.862,-0.161,-0.088,0.473,2902,0,0,2887,0,1527,0,1377,55,1.218,1,2069,0,272.141,17.045,-48.313,-188.688,-190.063,-0.168,-0.750,0.352,-15.305,7.504,-7.305,0.554,0.424,1.044,1.327,2,NULL,NULL,,3,1,2,7,255,1096,250,0,0
stim,6504,36625,1,36625,3233934.453,0.860,-0.155,-0.082,0.478,2937,0,0,2937,0,1609,0,1455,55,1.218,1,2069,0,238.104,8.000,-33.125,-197.125,-129.375,0.465,-0.781,1.492,-7.070,-3.742,-7.305,0.592,0.468,1.044,1.327,2,NULL,NULL,,3,1,2,7,255,1096,250,0,0
stim,6504,36625,1,36625,3233939.455,0.861,-0.147,-0.078,0.481,2973,0,0,2987,0,1719,0,1531,55,1.218,1,2069,0,223.922,13.002,-110.500,-186.250,-56.938,0.793,-0.855,1.738,-3.902,-12.402,1.445,0.624,0.506,1.044,1.327,2,NULL,NULL,,3,1,2,7,255,1096,250,0,0
stim,6504,36625,1,36625,3233944.454,0.862,-0.138,-0.075,0.482,2990,0,0,3029,0,1839,0,1573,55,1.218,1,2069,0,226.815,16.370,-159.688,-161.063,-1.938,0.938,-1.191,1.539,-3.902,-15.898,1.445,0.624,0.526,1.044,1.327,2,NULL,NULL,,3,1,2,7,255,1096,250,0,0
stim,6504,36625,1,36625,3233949.455,0.865,-0.129,-0.073,0.480,3005,0,0,3057,0,1947,0,1611,55,1.218,1,2069,0,224.650,17.997,-172.813,-134.688,49.625,0.824,-1.520,1.109,-4.859,-17.328,0.594,0.592,0.524,1.044,1.327,2,NULL,NULL,,3,1,2,7,255,1096,250,0,0
stim,6522,36643,1,36643,3233954.453,0.869,-0.121,-0.071,0.475,3021,0,0,3083,0,2031,2,1651,55,1.218,1,2069,0,222.207,18.572,-135.750,-128.813,119.813,0.430,-1.098,0.590,-6.684,-17.328,-3.219,0.540,0.510,1.044,1.327,2,NULL,NULL,,3,1,2,7,255,1096,250,0,0
stim,6522,36643,1,36643,3233959.455,0.872,-0.117,-0.067,0.470,3031,0,0,3099,36,2169,33,1815,55,1.218,1,2069,0,201.441,12.559,-64.813,-124.125,144.813,-0.160,-0.332,0.578,-6.684,-10.633,-4.336,0.492,0.488,1.044,1.327,2,NULL,NULL,,3,1,2,7,255,1096,250,0,0
stim,6522,36643,1,36643,3233964.454,0.875,-0.114,-0.062,0.466,3035,0,0,3112,346,2230,200,1947,55,1.218,1,2069,0,164.458,3.989,-25.875,-122.125,107.063,-0.566,0.125,1.242,-3.465,-1.977,-4.336,0.452,0.454,1.044,1.327,2,NULL,NULL,,3,1,2,7,255,1096,250,0,0
stim,6522,36643,1,36643,3233969.455,0.875,-0.112,-0.060,0.468,3079,0,0,3123,589,2285,168,2073,55,1.218,1,2069,0,82.934,1.951,-13.750,-78.375,-23.375,-0.313,0.355,2.180,-1.816,-0.711,3.340,0.428,0.402,1.044,1.327,2,NULL,NULL,,3,1,2,7,255,1096,250,0,0
stim,6547,36668,1,36668,3233974.454,0.874,-0.108,-0.059,0.470,3037,0,0,3129,909,2323,155,2148,55,1.218,1,2069,0,105.407,1.820,-57.000,-49.313,-73.688,0.555,0.660,1.324,1.676,-0.711,3.340,0.418,0.340,1.044,1.327,2,NULL,NULL,,3,1,2,7,255,1096,250,0,0
stim,6547,36668,1,36668,3233979.455,0.873,-0.106,-0.058,0.472,3036,0,0,3133,1086,2349,163,2203,55,1.218,1,2069,0,65.663,9.136,-34.500,-46.563,-30.875,0.676,1.000,1.254,8.660,-2.910,2.371,0.416,0.280,1.044,1.327,2,NULL,NULL,,3,1,2,7,255,1096,250,0,0
stim,6547,36668,1,36668,3233984.453,0.874,-0.104,-0.058,0.471,3035,0,0,3135,1199,2376,202,2265,55,1.218,1,2069,0,44.788,9.136,-39.750,-19.688,6.188,0.090,0.223,1.492,8.660,-2.910,2.371,0.414,0.228,1.044,1.327,2,NULL,NULL,,3,1,2,7,255,1096,250,0,0
stim,6547,36668,1,36668,3233989.455,0.874,-0.099,-0.060,0.472,3036,26,0,3143,1305,2391,221,2321,55,1.218,1,2069,0,123.916,3.878,-118.438,-19.250,-30.938,-0.605,-0.340,1.313,2.645,-2.836,3.645,0.408,0.196,1.044,1.327,2,NULL,NULL,,3,1,2,7,255,1096,250,0,0
stim,6547,36668,1,36668,3233994.454,0.872,-0.095,-0.062,0.476,3031,30,0,3147,1431,2399,221,2349,55,1.218,1,2069,0,133.096,2.567,-95.750,-14.438,-91.313,-0.215,-0.188,0.520,-2.539,-0.375,3.645,0.402,0.180,1.044,1.327,2,NULL,NULL,,3,1,2,7,255,1096,250,0,0
stim,6547,36668,1,36668,3233999.455,0.870,-0.093,-0.062,0.480,3044,51,0,3150,1511,2413,219,2377,55,1.218,1,2069,0,125.703,2.567,-17.438,-11.688,-123.938,0.082,0.074,0.805,-2.539,-0.375,-2.211,0.402,0.174,1.044,1.327,2,NULL,NULL,,3,1,2,7,255,1096,250,0,0
stim,6597,36718,1,36718,3234004.453,0.868,-0.092,-0.062,0.483,3033,95,0,3146,1566,2429,216,2396,55,1.218,1,2069,0,84.792,2.348,-11.125,-9.125,-83.563,0.313,-0.016,1.195,1.297,-1.957,-2.211,0.408,0.164,1.044,1.327,2,NULL,NULL,,3,1,2,7,255,1096,250,0,0
stim,6597,36718,1,36718,3234009.455,0.868,-0.090,-0.063,0.484,3034,107,0,3151,1631,2442,233,2423,55,1.218,1,2069,0,59.027,4.916,-53.563,-6.500,-23.938,0.094,-0.332,1.125,1.297,-4.742,0.574,0.424,0.148,1.044,1.327,2,NULL,NULL,,3,1,2,7,255,1096,250,0,0
stim,6620,36741,1,36741,3234014.453,0.868,-0.088,-0.064,0.484,3039,125,0,3145,1700,2453,235,2429,55,1.218,1,2069,0,67.639,5.082,-67.000,-5.938,-7.125,-0.223,-0.230,0.863,-1.828,-4.742,0.574,0.450,0.130,1.044,1.327,2,NULL,NULL,,3,1,2,7,255,1096,250,0,0
stim,6620,36741,1,36741,3234019.455,0.867,-0.086,-0.065,0.486,3037,158,13,3157,1763,2459,227,2455,55,1.218,1,2069,0,58.503,2.134,-40.875,-5.438,-41.500,-0.281,-0.008,0.797,-1.828,-1.102,-1.230,0.476,0.110,1.044,1.327,2,NULL,NULL,,3,1,2,7,255,1096,250,0,0
stim,6620,36741,1,36741,3234024.454,0.866,-0.085,-0.065,0.488,3039,182,103,3155,1833,2467,229,2467,55,1.218,1,2069,0,61.902,1.580,-19.250,-4.125,-58.688,-0.031,-0.063,0.898,-1.133,-1.102,-1.230,0.496,0.090,1.044,1.327,2,NULL,NULL,,3,1,2,7,255,1096,250,0,0
stim,6620,36741,1,36741,3234029.455,0.866,-0.084,-0.066,0.489,3043,189,171,3159,1873,2472,223,2473,55,1.218,1,2069,0,36.961,2.147,-18.813,-4.000,-31.563,0.109,-0.258,0.992,-1.113,-1.836,-1.156,0.508,0.076,1.044,1.327,2,NULL,NULL,,3,1,2,7,255,1096,250,0,0
stim,6620,36741,1,36741,3234034.453,0.866,-0.083,-0.066,0.489,3045,204,277,3159,1895,2477,218,2483,55,1.218,1,2069,0,21.234,2.914,-20.750,-3.125,3.250,-0.016,-0.180,0.977,-1.098,-2.699,-0.625,0.518,0.066,1.044,1.327,2,NULL,NULL,,3,1,2,7,255,1096,250,0,0
stim,6620,36741,1,36741,3234039.455,0.866,-0.082,-0.066,0.489,3046,213,333,3161,1917,2484,214,2489,55,1.218,1,2069,0,16.022,2.914,-14.813,-2.375,5.625,-0.188,0.066,0.973,-1.098,-2.699,-0.504,0.530,0.058,1.044,1.327,2,NULL,NULL,,3,1,2,7,255,1096,250,0,0
stim,6620,36741,1,36741,3234044.454,0.866,-0.082,-0.066,0.489,3048,227,393,3161,1939,2487,187,2492,55,1.218,1,2069,0,14.137,0.102,-7.750,-1.313,-11.750,-0.191,0.113,0.984,0.102,-0.004,-0.098,0.542,0.046,1.044,1.327,2,NULL,NULL,,3,1,2,7,255,1096,250,0,0
stim,6620,36741,1,36741,3234049.455,0.865,-0.081,-0.066,0.490,3053,223,435,3163,1961,2483,187,2503,55,1.218,1,2069,0,19.619,0.102,-5.688,-1.000,-18.750,-0.078,-0.016,1.012,0.102,-0.004,0.039,0.550,0.038,1.044,1.327,2,NULL,NULL,,3,1,2,7,255,1096,250,0,0
stim,6620,36741,1,36741,3234054.453,0.865,-0.081,-0.066,0.490,3048,223,475,3161,1975,2487,177,2502,55,1.221,1,2069,1,8.915,1.406,-6.250,-0.750,-6.313,-0.020,-0.105,0.992,0.020,-1.406,0.039,0.000,0.000,1.086,1.295,2,NULL,NULL,,3,1,2,7,255,1096,250,0,0
stim,6620,36741,1,36741,3234059.455,0.866,-0.081,-0.067,0.490,3055,219,549,3160,1994,2495,167,2507,55,1.221,1,2069,1,9.969,1.516,-6.250,-0.500,7.750,-0.090,-0.063,0.977,-0.445,-1.449,-0.273,0.006,0.004,1.086,1.295,2,NULL,NULL,,3,1,2,7,255,1096,250,0,0
stim,6620,36741,1,36741,3234064.454,0.866,-0.080,-0.067,0.490,3059,216,573,3161,2003,2496,160,2508,55,1.221,1,2069,1,9.059,1.516,-4.313,-0.688,7.938,-0.172,0.000,0.977,-0.445,-1.449,-0.273,0.012,0.008,1.086,1.295,2,NULL,NULL,,3,1,2,7,255,1096,250,0,0
stim,6620,36741,1,36741,3234069.455,0.866,-0.080,-0.067,0.489,3061,213,585,3160,2017,2507,164,2508,55,1.221,1,2069,1,2.141,0.713,-1.125,-0.688,1.688,-0.148,0.008,0.984,-0.336,-0.629,-0.117,0.018,0.012,1.086,1.295,2,NULL,NULL,,3,1,2,7,255,1096,250,0,0
stim,6648,36769,1,36769,3234074.454,0.866,-0.080,-0.066,0.489,3061,213,595,3155,2013,2508,157,2509,55,1.221,1,2069,1,2.253,0.645,0.813,-0.813,1.938,-0.102,0.000,1.008,-0.145,-0.629,-0.090,0.022,0.014,1.086,1.295,2,NULL,NULL,,3,1,2,7,255,1096,250,0,0
stim,6648,36769,1,36769,3234079.455,0.866,-0.080,-0.066,0.489,3059,204,602,3151,2014,2503,155,2505,55,1.221,1,2069,1,7.724,1.095,0.563,-0.500,7.688,-0.098,0.000,1.012,0.051,-1.094,0.055,0.026,0.016,1.086,1.295,2,NULL,NULL,,3,1,2,7,255,1096,250,0,0
stim,6648,36769,0,36769,3234084.453,0.866,-0.080,-0.066,0.489,3055,196,602,3155,2011,2503,155,2509,55,1.221,1,2069,1,11.487,1.095,-0.688,-0.813,11.438,-0.145,0.008,1.004,0.051,-1.094,0.082,0.030,0.018,1.086,1.295,2,NULL,NULL,,3,0,2,7,255,1091,250,0,0
stim,6648,36769,0,36769,3234089.455,0.866,-0.080,-0.066,0.488,3055,183,603,3150,2011,2503,159,2509,55,1.221,1,2069,1,9.410,0.704,0.375,-1.688,9.250,-0.176,0.023,1.000,-0.133,-0.691,0.109,0.034,0.020,1.086,1.295,2,NULL,NULL,,3,0,2,7,255,1091,250,0,0
stim,6648,36769,0,36769,3234094.454,0.867,-0.080,-0.066,0.488,3065,173,599,3155,2017,2504,158,2515,55,1.221,1,2069,1,7.071,0.390,2.875,-2.688,5.875,-0.164,0.039,1.004,-0.133,-0.367,0.148,0.038,0.020,1.086,1.295,2,NULL,NULL,,3,0,2,7,255,1091,250,0,0
stim,6648,36769,0,36769,3234099.455,0.867,-0.080,-0.066,0.488,3051,168,602,3135,2019,2508,159,2507,55,1.221,1,2069,1,9.876,0.368,5.125,-3.875,7.500,-0.145,0.055,1.008,0.023,-0.367,0.148,0.042,0.022,1.086,1.295,2,NULL,NULL,,3,0,2,7,255,1091,250,0,0
stim,6671,36792,0,36792,3234104.453,0.867,-0.080,-0.065,0.487,3049,169,593,3138,2012,2505,153,2511,55,1.221,1,2069,1,14.209,0.444,4.875,-5.000,12.375,-0.156,0.066,1.012,0.250,-0.367,0.156,0.044,0.022,1.086,1.295,2,NULL,NULL,,3,0,2,7,255,1091,250,0,0
stim,6671,36792,0,36792,3234109.455,0.867,-0.080,-0.065,0.487,3044,159,581,3129,2013,2495,153,2511,55,1.221,1,2069,1,14.451,0.403,3.563,-6.063,12.625,-0.191,0.074,1.008,0.250,-0.316,0.242,0.046,0.024,1.086,1.295,2,NULL,NULL,,3,0,2,7,255,1091,250,0,0
stim,6701,36822,0,36822,3234114.454,0.867,-0.080,-0.064,0.487,3021,153,567,3112,2011,2493,160,2514,55,1.221,1,2069,1,11.659,0.161,4.813,-7.125,7.875,-0.199,0.074,0.988,0.160,0.012,0.242,0.050,0.024,1.086,1.295,2,NULL,NULL,,3,0,2,7,255,1091,250,0,0
stim,6701,36822,0,36822,3234119.455,0.868,-0.081,-0.064,0.487,3026,139,563,3103,2015,2495,175,2533,55,1.221,1,2069,1,13.383,0.161,8.750,-8.875,4.875,-0.176,0.082,0.980,0.160,0.012,0.082,0.052,0.024,1.086,1.295,2,NULL,NULL,,3,0,2,7,255,1091,250,0,0
stim,6701,36822,0,36822,3234124.454,0.868,-0.081,-0.063,0.486,3005,125,573,3097,2029,2493,186,2525,55,1.221,1,2069,1,16.579,0.263,11.438,-10.500,5.813,-0.172,0.102,1.008,0.262,0.023,0.082,0.056,0.026,1.086,1.295,2,NULL,NULL,,3,0,2,7,255,1091,250,0,0
stim,6701,36822,0,36822,3234129.455,0.868,-0.081,-0.062,0.486,2985,119,601,3087,2038,2486,215,2535,55,1.221,1,2069,1,16.568,0.465,9.063,-11.938,7.063,-0.180,0.148,1.039,0.465,0.023,0.227,0.058,0.026,1.086,1.295,2,NULL,NULL,,3,0,2,7,255,1091,250,0,0
stim,6701,36822,0,36822,3234134.453,0.868,-0.081,-0.062,0.486,2966,114,627,3058,2071,2485,234,2555,55,1.221,1,2069,1,15.986,0.849,5.938,-13.250,6.688,-0.188,0.160,1.020,0.809,0.258,0.406,0.060,0.026,1.086,1.295,2,NULL,NULL,,3,0,2,7,255,1091,250,0,0
stim,6701,36822,0,36822,3234139.455,0.868,-0.081,-0.061,0.486,2957,119,643,3051,2089,2489,282,2559,55,1.221,1,2069,1,16.930,0.963,7.375,-14.688,4.063,-0.195,0.180,1.004,0.848,0.457,0.406,0.062,0.026,1.086,1.295,2,NULL,NULL,,3,0,2,7,255,1091,250,0,0
stim,6701,36822,0,36822,3234144.454,0.868,-0.081,-0.060,0.486,2937,117,660,3030,2118,2487,324,2572,55,1.221,1,2069,1,18.122,1.095,9.375,-15.500,-0.500,-0.184,0.191,1.023,0.930,0.578,0.406,0.062,0.024,1.086,1.295,2,NULL,NULL,,3,0,2,7,255,1091,250,0,0
stim,6701,36822,0,36822,3234149.455,0.868,-0.081,-0.059,0.486,2911,125,696,3015,2153,2487,353,2584,55,1.221,1,2069,1,18.539,1.244,8.250,-16.188,-3.688,-0.148,0.207,1.051,1.102,0.578,0.469,0.064,0.022,1.086,1.295,2,NULL,NULL,,3,0,2,7,255,1091,250,0,0
stim,6701,36822,0,36822,3234154.453,0.868,-0.081,-0.058,0.486,2876,143,747,2996,2196,2489,391,2599,55,1.221,1,2069,1,17.558,1.428,4.563,-16.750,-2.625,-0.125,0.227,1.047,1.395,0.309,0.609,0.064,0.020,1.086,1.295,2,NULL,NULL,,3,0,2,7,255,1091,250,0,0
stim,6701,36822,0,36822,3234159.455,0.868,-0.081,-0.057,0.486,2857,156,799,2988,2224,2484,421,2611,55,1.221,1,2069,1,16.447,1.600,2.563,-16.188,-1.375,-0.152,0.234,1.027,1.570,0.309,0.609,0.066,0.018,1.086,1.295,2,NULL,NULL,,3,0,2,7,255,1091,250,0,0
stim,6747,36868,0,36868,3234164.454,0.868,-0.081,-0.057,0.487,2835,175,870,2964,2265,2491,497,2621,55,1.221,1,2069,1,16.228,1.663,0.688,-14.625,-7.000,-0.180,0.215,1.027,1.570,0.547,0.496,0.066,0.016,1.086,1.295,2,NULL,NULL,,3,0,2,7,255,1091,250,0,0
stim,6747,36868,0,36868,3234169.455,0.868,-0.081,-0.056,0.487,2804,179,944,2957,2297,2487,559,2635,55,1.221,1,2069,1,21.452,1.368,-2.500,-14.750,-15.375,-0.168,0.172,1.027,1.254,0.547,0.480,0.068,0.016,1.086,1.295,2,NULL,NULL,,3,0,2,7,255,1091,250,0,0
stim,6747,36868,0,36868,3234174.453,0.867,-0.080,-0.056,0.488,2769,186,1035,2933,2336,2489,650,2645,55,1.221,1,2069,1,24.307,1.020,-4.938,-16.063,-17.563,-0.145,0.141,1.008,0.945,0.383,0.480,0.070,0.016,1.086,1.295,2,NULL,NULL,,3,0,2,7,255,1091,250,0,0
stim,6747,36868,0,36868,3234179.455,0.867,-0.080,-0.055,0.489,2739,208,1131,2915,2383,2491,761,2649,55,1.221,1,2069,1,25.591,0.836,-3.750,-15.438,-20.063,-0.184,0.105,0.984,0.797,0.254,0.238,0.072,0.018,1.086,1.295,2,NULL,NULL,,3,0,2,7,255,1091,250,0,0
stim,6747,36868,0,36868,3234184.453,0.866,-0.079,-0.055,0.490,2699,238,1194,2887,2419,2488,873,2663,55,1.221,1,2069,1,34.242,0.394,-3.250,-14.313,-30.938,-0.203,0.102,1.020,0.301,0.254,0.238,0.076,0.020,1.086,1.295,2,NULL,NULL,,3,0,2,7,255,1091,250,0,0
stim,6747,36868,0,36868,3234189.455,0.866,-0.079,-0.054,0.491,2654,251,1279,2874,2453,2491,969,2672,55,1.221,1,2069,1,42.013,0.394,-10.813,-14.938,-37.750,-0.141,0.145,1.059,0.301,0.254,0.426,0.078,0.024,1.086,1.295,2,NULL,NULL,,3,0,2,7,255,1091,250,0,0
stim,6747,36868,0,36868,3234194.454,0.865,-0.077,-0.054,0.493,2605,251,1418,2839,2488,2495,1088,2691,55,1.221,1,2069,1,44.315,0.406,-19.063,-14.750,-37.188,-0.141,0.090,1.035,0.406,0.004,0.465,0.080,0.028,1.086,1.295,2,NULL,NULL,,3,0,2,7,255,1091,250,0,0
stim,6747,36868,0,36868,3234199.455,0.864,-0.076,-0.054,0.494,2541,261,1527,2821,2513,2487,1187,2697,55,1.221,1,2069,1,53.241,0.456,-25.438,-12.750,-45.000,-0.168,0.012,1.020,0.406,-0.207,0.465,0.084,0.030,1.086,1.295,2,NULL,NULL,,3,0,2,7,255,1091,250,0,0
stim,6768,36889,0,36889,3234204.453,0.863,-0.074,-0.055,0.496,2485,265,1637,2793,2541,2486,1277,2709,55,1.221,1,2069,1,59.386,0.482,-34.688,-14.000,-46.125,-0.141,-0.035,1.008,-0.363,-0.316,0.297,0.086,0.032,1.086,1.295,2,NULL,NULL,,3,0,2,7,255,1091,250,0,0
stim,6768,36889,0,36889,3234209.455,0.863,-0.072,-0.055,0.498,2439,269,1762,2771,2573,2485,1386,2719,55,1.221,1,2069,1,62.127,0.877,-40.438,-14.125,-45.000,-0.160,-0.070,0.980,-0.590,-0.648,0.125,0.088,0.034,1.086,1.295,2,NULL,NULL,,3,0,2,7,255,1091,250,0,0
stim,6800,36921,0,36921,3234214.454,0.862,-0.070,-0.056,0.500,2367,275,1855,2745,2602,2484,1471,2729,55,1.221,1,2069,1,69.078,1.121,-41.813,-14.188,-53.125,-0.180,-0.059,1.008,-0.914,-0.648,0.125,0.090,0.036,1.086,1.295,2,NULL,NULL,,3,0,2,7,255,1091,250,0,0
stim,6800,36921,0,36921,3234219.455,0.861,-0.067,-0.056,0.502,2303,287,1951,2716,2631,2485,1579,2740,55,1.221,1,2069,1,75.480,1.121,-50.188,-15.563,-54.188,-0.113,-0.012,1.016,-0.914,-0.648,0.176,0.090,0.036,1.086,1.295,2,NULL,NULL,,3,0,2,7,255,1091,250,0,0
stim,6800,36921,0,36921,3234224.454,0.860,-0.065,-0.057,0.503,2233,295,2031,2679,2661,2485,1655,2756,55,1.221,1,2069,1,74.840,0.668,-52.063,-15.438,-51.500,-0.094,0.020,0.965,-0.160,-0.648,0.176,0.090,0.038,1.086,1.295,2,NULL,NULL,,3,0,2,7,255,1091,250,0,0
stim,6800,36921,0,36921,3234229.455,0.859,-0.063,-0.057,0.505,2149,297,2117,2643,2682,2487,1757,2765,55,1.221,1,2069,0,70.273,0.747,-47.375,-16.000,-49.375,-0.094,-0.020,0.953,-0.113,-0.738,-0.348,0.090,0.036,1.086,1.295,2,NULL,NULL,,3,0,2,7,255,1091,250,0,0
stim,6800,36921,0,36921,3234234.453,0.858,-0.060,-0.058,0.507,2084,294,2200,2599,2707,2487,1843,2776,55,1.221,1,2069,0,68.891,0.658,-48.063,-17.563,-46.125,-0.137,-0.055,1.012,-0.113,-0.648,-0.348,0.090,0.034,1.086,1.295,2,NULL,NULL,,3,0,2,7,255,1091,250,0,0
stim,6800,36921,0,36921,3234239.455,0.857,-0.058,-0.059,0.509,1995,299,2277,2549,2727,2485,1915,2789,55,1.221,1,2069,0,76.292,0.631,-54.500,-17.500,-50.438,-0.133,0.004,1.020,-0.113,-0.621,0.188,0.090,0.030,1.086,1.295,2,NULL,NULL,,3,0,2,7,255,1091,250,0,0
stim,6800,36921,0,36921,3234244.454,0.856,-0.055,-0.059,0.510,1909,293,2349,2495,2745,2486,2003,2799,55,1.221,1,2069,0,75.896,0.352,-50.375,-18.625,-53.625,-0.133,0.008,0.953,-0.004,-0.352,0.188,0.090,0.028,1.086,1.295,2,NULL,NULL,,3,0,2,7,255,1091,250,0,0
stim,6800,36921,0,36921,3234249.455,0.855,-0.053,-0.059,0.512,1806,287,2414,2455,2770,2503,2072,2809,55,1.221,1,2069,0,69.860,0.353,-46.188,-19.250,-48.750,-0.047,-0.004,0.938,0.035,-0.352,-0.398,0.092,0.024,1.086,1.295,2,NULL,NULL,,3,0,2,7,255,1091,250,0,0
stim,6822,36943,0,36943,3234254.453,0.854,-0.051,-0.059,0.514,1699,285,2479,2393,2787,2483,2127,2825,55,1.221,1,2069,0,60.088,0.642,-35.313,-19.438,-44.563,-0.102,-0.035,0.984,0.035,-0.641,-0.398,0.090,0.020,1.086,1.295,2,NULL,NULL,,3,0,2,7,255,1091,250,0,0
stim,6822,36943,0,36943,3234259.455,0.854,-0.049,-0.059,0.515,1571,282,2527,2317,2804,2480,2184,2838,55,1.221,1,2069,0,58.326,0.784,-38.813,-20.563,-38.375,-0.090,-0.043,1.000,-0.102,-0.777,-0.141,0.090,0.016,1.086,1.295,2,NULL,NULL,,3,0,2,7,255,1091,250,0,0
stim,6822,36943,0,36943,3234264.454,0.853,-0.047,-0.059,0.516,1407,267,2575,2228,2827,2477,2253,2845,55,1.221,1,2069,0,54.127,0.649,-33.438,-22.000,-36.438,-0.145,-0.039,1.012,-0.105,-0.641,-0.004,0.090,0.012,1.086,1.295,2,NULL,NULL,,3,0,2,7,255,1091,250,0,0
stim,6822,36943,0,36943,3234269.455,0.852,-0.045,-0.059,0.518,1242,263,2617,2137,2842,2473,2303,2860,55,1.221,1,2069,0,57.658,0.277,-37.688,-22.313,-37.500,-0.145,-0.004,1.023,-0.102,-0.258,0.195,0.092,0.010,1.086,1.295,2,NULL,NULL,,3,0,2,7,255,1091,250,0,0
stim,6847,36968,0,36968,3234274.454,0.851,-0.043,-0.059,0.519,1131,251,2666,2031,2867,2475,2363,2872,55,1.221,1,2069,0,59.916,0.087,-33.750,-24.750,-42.875,-0.148,0.031,1.023,0.051,-0.070,0.309,0.094,0.008,1.086,1.295,2,NULL,NULL,,3,0,2,7,255,1091,250,0,0
stim,6847,36968,0,36968,3234279.455,0.851,-0.041,-0.059,0.521,983,231,2699,1896,2871,2463,2404,2876,55,1.221,1,2069,0,61.206,0.370,-35.250,-25.375,-43.125,-0.094,0.035,1.023,0.363,-0.070,0.309,0.096,0.008,1.086,1.295,2,NULL,NULL,,3,0,2,7,255,1091,250,0,0
stim,6847,36969,0,36969,3234284.453,0.850,-0.039,-0.059,0.522,829,221,2739,1755,2889,2459,2460,2887,55,1.221,1,2069,0,57.734,0.457,-31.688,-26.438,-40.375,-0.070,-0.016,1.023,0.363,-0.277,0.246,0.098,0.008,1.086,1.295,2,NULL,NULL,,3,0,2,7,255,1091,250,0,0
stim,6847,36969,0,36969,3234289.455,0.849,-0.037,-0.058,0.523,585,183,2771,1550,2905,2453,2506,2895,55,1.221,1,2069,0,50.617,0.744,-31.250,-28.125,-28.188,-0.074,-0.047,1.027,0.328,-0.668,0.246,0.100,0.008,1.086,1.295,2,NULL,NULL,,3,0,2,7,255,1091,250,0,0
stim,6847,36969,0,36969,3234294.454,0.849,-0.035,-0.058,0.524,443,155,2805,1388,2921,2455,2547,2903,55,1.221,1,2069,0,48.943,0.728,-30.750,-29.813,-23.688,-0.125,0.000,1.039,0.289,-0.668,0.281,0.102,0.008,1.086,1.295,2,NULL,NULL,,3,0,2,7,255,1091,250,0,0
stim,6847,36969,0,36969,3234299.455,0.849,-0.033,-0.057,0.525,298,75,2835,1211,2951,2437,2584,2919,55,1.221,1,2069,0,50.172,0.294,-28.063,-31.688,-26.938,-0.125,0.016,1.047,0.289,-0.055,0.438,0.104,0.008,1.086,1.295,2,NULL,NULL,,3,0,2,7,255,1091,250,0,0
stim,6920,37041,0,37041,3234304.453,0.848,-0.031,-0.057,0.526,183,61,2853,989,2949,2419,2617,2916,55,1.221,1,2069,0,54.771,0.441,-29.500,-34.688,-30.438,-0.055,0.008,1.035,0.438,-0.055,0.438,0.106,0.008,1.086,1.295,2,NULL,NULL,,3,0,2,7,255,1091,250,0,0
stim,6920,37041,0,37041,3234309.455,0.848,-0.029,-0.056,0.527,83,31,2872,750,2961,2397,2649,2925,55,1.221,1,2069,0,46.822,0.856,-22.000,-36.375,-19.625,-0.043,0.016,1.047,0.652,-0.555,0.414,0.110,0.008,1.086,1.295,2,NULL,NULL,,3,0,2,7,255,1091,250,0,0
stim,6920,37041,0,37041,3234314.453,0.847,-0.028,-0.055,0.527,29,19,2889,581,2975,2387,2671,2932,55,1.221,1,2069,0,50.440,0.964,-27.563,-38.188,-18.063,-0.016,0.070,1.047,0.785,-0.559,0.348,0.114,0.006,1.086,1.295,2,NULL,NULL,,3,0,2,7,255,1091,250,0,0
stim,6920,37041,0,37041,3234319.455,0.847,-0.026,-0.054,0.528,5,0,2907,403,2985,2363,2699,2937,55,1.221,1,2069,0,52.223,1.502,-26.938,-38.375,-23.000,-0.031,0.102,1.012,1.395,-0.559,0.348,0.116,0.006,1.086,1.295,2,NULL,NULL,,3,0,2,7,255,1091,250,0,0
stim,6920,37041,0,37041,3234324.454,0.847,-0.024,-0.052,0.528,0,0,2925,326,2996,2335,2731,2942,55,1.221,1,2069,0,45.898,1.412,-9.688,-44.625,-4.625,-0.148,0.020,1.074,1.395,-0.223,0.348,0.120,0.008,1.086,1.295,2,NULL,NULL,,3,0,2,7,255,1091,250,0,0
stim,6920,37041,0,37041,3234329.455,0.847,-0.024,-0.050,0.528,0,0,2937,283,3007,2316,2759,2953,55,1.221,1,2069,0,51.505,0.608,7.625,-50.938,0.063,-0.281,-0.004,1.258,0.414,0.445,0.797,0.122,0.010,1.086,1.295,2,NULL,NULL,,3,0,2,7,255,1091,250,0,0
stim,6920,37041,0,37041,3234334.453,0.847,-0.023,-0.048,0.529,0,0,2953,248,3017,2291,2787,2956,55,1.221,1,2069,0,61.075,1.428,16.625,-58.313,-7.313,-0.371,-0.102,1.469,-0.246,1.406,2.746,0.120,0.014,1.086,1.295,2,NULL,NULL,,3,0,2,7,255,1091,250,0,0
stim,6920,37041,0,37041,3234339.455,0.848,-0.022,-0.045,0.528,0,0,2961,207,3028,2269,2809,2961,55,1.221,1,2069,0,75.566,1.926,26.188,-69.750,12.625,-0.379,-0.066,1.672,-0.969,1.664,4.922,0.116,0.020,1.086,1.295,2,NULL,NULL,,3,0,2,7,255,1091,250,0,0
stim,6920,37041,0,37041,3234344.454,0.848,-0.019,-0.043,0.528,0,0,2971,167,3034,2227,2831,2965,55,1.221,1,2069,0,85.260,1.926,-48.000,-70.313,-4.625,-0.105,-0.020,1.461,-0.969,1.664,4.922,0.112,0.026,1.086,1.295,2,NULL,NULL,,3,0,2,7,255,1091,250,0,0
stim,6920,37041,0,37041,3234349.455,0.848,-0.014,-0.043,0.528,0,0,2985,132,3049,2195,2862,2968,55,1.221,1,2069,0,104.258,0.731,-78.000,-69.125,-2.750,-0.023,-0.156,1.016,-0.711,-0.172,4.523,0.108,0.032,1.086,1.295,2,NULL,NULL,,3,0,2,7,255,1091,250,0,0
stim,6920,37041,0,37041,3234354.453,0.849,-0.011,-0.041,0.527,0,0,2989,59,3053,2136,2885,2969,55,1.221,1,2069,0,93.574,0.694,-32.375,-78.750,38.813,-0.133,-0.090,0.949,-0.672,-0.172,0.172,0.106,0.040,1.086,1.295,3,NULL,NULL,,3,0,2,7,255,1091,250,0,0
stim,6920,37041,0,37041,3234359.455,0.850,-0.010,-0.037,0.525,0,0,2991,39,3060,2053,2887,2969,55,1.221,1,2069,0,95.634,0.718,0.938,-86.125,41.563,-0.277,0.043,1.098,-0.672,0.254,0.172,0.104,0.048,1.086,1.295,3,NULL,NULL,,3,0,2,7,255,1091,250,0,0
stim,6920,37041,0,37041,3234364.454,0.851,-0.008,-0.034,0.524,0,0,2997,3,3063,1967,2903,2971,55,1.221,1,2069,0,93.205,2.096,4.750,-90.813,20.438,-0.309,0.023,1.238,-0.305,2.074,1.082,0.100,0.056,1.086,1.295,3,NULL,NULL,,3,0,2,7,255,1091,250,0,0
stim,6920,37041,0,37041,3234369.455,0.851,-0.006,-0.031,0.524,0,0,2997,0,3087,1874,2917,2968,55,1.221,1,2069,0,96.777,2.096,-1.250,-95.875,13.125,-0.250,-0.066,1.320,-0.305,2.074,2.488,0.096,0.066,1.086,1.295,3,NULL,NULL,,3,0,2,7,255,1091,250,0,0
stim,6946,37067,0,37067,3234374.454,0.852,-0.003,-0.027,0.523,0,0,3012,0,3097,1753,2937,2969,55,1.221,1,2069,0,101.996,1.665,-9.875,-100.188,16.375,-0.203,-0.137,1.285,-0.820,1.449,2.930,0.088,0.074,1.086,1.295,3,NULL,NULL,,3,0,2,7,255,1091,250,0,0
stim,6946,37067,0,37067,3234379.455,0.853,-0.000,-0.024,0.522,0,0,2996,0,3099,1627,2957,2967,55,1.221,1,2069,0,108.464,1.558,-16.938,-105.250,20.000,-0.219,-0.176,1.223,-1.262,0.914,2.930,0.080,0.084,1.086,1.295,3,NULL,NULL,,3,0,2,7,255,1091,250,0,0
stim,6946,37067,0,37067,3234384.453,0.853,0.003,-0.021,0.521,0,0,2999,0,3101,1481,2965,2970,55,1.221,1,2069,0,114.197,1.985,-13.938,-111.125,22.313,-0.258,-0.180,1.195,-1.762,0.914,2.332,0.070,0.092,1.086,1.295,3,NULL,NULL,,3,0,2,7,255,1091,250,0,0
stim,6946,37067,0,37067,3234389.455,0.854,0.005,-0.017,0.520,0,0,2994,0,3094,1305,2971,2958,55,1.221,1,2069,0,119.494,2.434,-7.875,-117.188,22.000,-0.258,-0.176,1.191,-2.035,1.336,2.082,0.058,0.102,1.086,1.295,3,NULL,NULL,,3,0,2,7,255,1091,250,0,0
stim,6946,37067,0,37067,3234394.454,0.854,0.008,-0.012,0.519,0,0,2975,0,3099,1123,2987,2939,55,1.221,1,2069,0,123.907,2.508,-3.938,-123.000,14.438,-0.266,-0.160,1.164,-2.035,1.465,1.988,0.046,0.114,1.086,1.295,3,NULL,NULL,,3,0,2,7,255,1091,250,0,0
stim,6946,37067,0,37067,3234399.455,0.855,0.011,-0.008,0.519,0,0,2971,0,3103,928,2989,2948,55,1.221,1,2069,0,129.376,2.539,-2.375,-129.188,6.563,-0.219,-0.129,1.176,-2.004,1.559,1.770,0.032,0.126,1.086,1.295,3,NULL,NULL,,3,0,2,7,255,1091,250,0,0
stim,6972,37093,0,37093,3234404.453,0.855,0.014,-0.003,0.518,0,0,2957,0,3109,669,2999,2923,55,1.221,1,2069,0,134.967,2.384,2.000,-134.875,4.563,-0.230,-0.125,1.160,-1.664,1.707,1.719,0.020,0.140,1.086,1.295,3,NULL,NULL,,3,0,2,7,255,1091,250,0,0
stim,6972,37093,0,37093,3234409.455,0.855,0.017,0.002,0.518,0,0,2936,0,3121,534,3001,2919,55,1.221,1,2069,0,141.631,2.415,9.438,-141.313,1.000,-0.219,-0.121,1.160,-1.656,1.758,1.586,0.008,0.154,1.086,1.295,3,NULL,NULL,,3,0,2,7,255,1091,250,0,0
stim,7002,37123,0,37123,3234414.453,0.855,0.020,0.008,0.518,0,0,2915,0,3117,381,3007,2900,55,1.221,1,2069,0,150.060,2.415,15.375,-149.250,-2.438,-0.156,-0.137,1.152,-1.656,1.758,1.559,0.006,0.166,1.086,1.295,3,NULL,NULL,,3,0,2,7,255,1091,250,0,0
stim,7002,37123,0,37123,3234419.455,0.855,0.022,0.014,0.518,0,0,2903,0,3113,187,3027,2887,55,1.221,1,2069,0,156.436,2.050,23.188,-154.688,-2.500,-0.105,-0.094,1.219,-1.594,1.289,1.559,0.014,0.180,1.086,1.295,3,NULL,NULL,,3,0,2,7,255,1091,250,0,0
stim,7002,37123,0,37123,3234424.454,0.855,0.025,0.021,0.517,0,0,2861,0,3119,104,3028,2853,55,1.221,1,2069,0,163.885,1.661,24.813,-161.875,6.250,-0.117,-0.027,1.285,-1.047,1.289,2.121,0.024,0.192,1.086,1.295,3,NULL,NULL,,3,0,2,7,255,1091,250,0,0
stim,7002,37123,0,37123,3234429.455,0.856,0.028,0.027,0.516,0,0,2828,0,3125,27,3026,2810,55,1.221,1,2069,0,170.963,1.907,19.563,-169.313,13.375,-0.145,0.078,1.363,-0.629,1.801,2.684,0.036,0.206,1.086,1.295,3,NULL,NULL,,3,0,2,7,255,1091,250,0,0
stim,7002,37123,0,37123,3234434.453,0.856,0.031,0.034,0.515,0,0,2777,0,3113,0,3037,2781,55,1.221,1,2069,0,177.999,2.735,11.063,-177.188,12.875,-0.195,0.180,1.406,0.059,2.734,3.344,0.050,0.222,1.086,1.295,3,NULL,NULL,,3,0,2,7,255,1091,250,0,0
stim,7002,37123,0,37123,3234439.455,0.856,0.035,0.041,0.515,0,0,2741,0,3109,0,3035,2733,55,1.221,1,2069,0,188.070,3.851,19.438,-187.063,0.375,-0.266,0.199,1.422,0.340,3.836,3.625,0.066,0.240,1.086,1.295,3,NULL,NULL,,3,0,2,7,255,1091,250,0,0
stim,7002,37123,0,37123,3234444.454,0.855,0.038,0.049,0.514,0,0,2669,0,3123,0,3043,2685,55,1.221,1,2069,0,200.413,4.739,28.813,-198.063,-10.313,-0.203,0.203,1.645,0.477,4.715,3.645,0.086,0.260,1.086,1.295,3,NULL,NULL,,3,0,2,7,255,1091,250,0,0
stim,7002,37123,0,37123,3234449.455,0.855,0.042,0.058,0.514,0,0,2591,0,3104,0,3032,2619,55,1.221,1,2069,0,209.123,4.761,15.188,-208.563,-1.813,-0.203,0.219,1.941,0.379,4.746,5.816,0.110,0.286,1.086,1.295,3,NULL,NULL,,3,0,2,7,255,1091,250,0,0
stim,7002,37123,0,37123,3234454.453,0.855,0.047,0.066,0.513,0,0,2503,0,3099,0,3029,2548,55,1.221,1,2069,0,226.115,5.447,8.938,-225.250,17.625,-0.340,0.242,2.211,0.379,5.434,8.641,0.142,0.316,1.086,1.295,3,NULL,NULL,,3,0,2,7,255,1091,250,0,0
stim,7002,37123,0,37123,3234459.455,0.855,0.053,0.075,0.510,0,0,2389,0,3081,0,3035,2475,55,1.221,1,2069,0,249.541,7.446,-12.750,-246.500,36.688,-0.469,0.402,2.461,0.129,7.445,10.945,0.180,0.354,1.086,1.295,3,NULL,NULL,,3,0,2,7,255,1091,250,0,0
stim,7031,37152,0,37152,3234464.454,0.855,0.061,0.083,0.508,0,0,2254,0,3081,0,3019,2380,55,1.221,1,2069,0,279.449,10.110,-57.688,-269.938,43.563,-0.574,0.613,2.426,0.129,10.109,11.992,0.228,0.400,1.086,1.295,3,NULL,NULL,,3,0,2,7,255,1091,250,0,0
stim,7031,37152,0,37152,3234469.455,0.855,0.071,0.092,0.506,0,0,2129,0,3064,0,3000,2273,55,1.221,1,2069,0,308.412,12.533,-85.375,-293.938,37.813,-0.609,0.750,2.336,1.305,12.465,11.992,0.284,0.456,1.086,1.295,3,NULL,NULL,,3,0,2,7,255,1091,250,0,0
stim,7031,37152,0,37152,3234474.454,0.854,0.082,0.102,0.504,0,0,1975,0,3035,0,2981,2129,55,1.221,1,2069,0,335.422,13.812,-104.438,-317.250,30.875,-0.555,0.734,2.270,2.242,13.629,10.656,0.348,0.518,1.086,1.295,3,NULL,NULL,,3,0,2,7,255,1091,250,0,0
stim,7031,37152,0,37152,3234479.455,0.853,0.094,0.112,0.501,0,0,1843,0,3002,20,2953,1997,55,1.221,1,2069,0,358.562,13.924,-115.563,-338.188,29.000,-0.551,0.645,2.305,2.242,13.742,9.762,0.418,0.588,1.086,1.295,3,NULL,NULL,,3,0,2,7,255,1091,250,0,0
stim,7054,37175,0,37175,3234484.453,0.851,0.107,0.122,0.499,0,0,1711,0,2975,26,2927,1880,55,1.221,1,2069,0,382.533,13.961,-122.188,-361.188,30.750,-0.617,0.699,2.453,1.363,13.895,9.762,0.496,0.664,1.086,1.295,3,NULL,NULL,,3,0,2,7,255,1091,250,0,0
stim,7054,37175,0,37175,3234489.455,0.849,0.120,0.133,0.496,0,0,1629,0,2937,26,2888,1742,55,1.221,1,2069,0,402.972,15.836,-132.500,-380.000,20.750,-0.699,0.934,2.609,1.363,15.777,10.414,0.582,0.750,1.086,1.295,3,NULL,NULL,,3,0,2,7,255,1091,250,0,0
stim,7054,37175,0,37175,3234494.454,0.847,0.134,0.145,0.494,0,0,1515,0,2874,24,2813,1625,55,1.221,1,2069,0,421.991,18.940,-139.125,-398.375,4.250,-0.766,0.996,2.824,2.621,18.758,10.785,0.674,0.842,1.086,1.295,3,NULL,NULL,,3,0,2,7,255,1091,250,0,0
stim,7054,37175,0,37175,3234499.455,0.843,0.149,0.157,0.493,0,0,1391,0,2813,5,2717,1483,55,1.221,1,2069,0,451.921,21.260,-164.375,-420.938,-5.000,-0.816,0.789,2.910,2.621,21.098,11.699,0.770,0.940,1.086,1.295,3,NULL,NULL,,3,0,2,7,255,1091,250,0,0
stim,7054,37175,0,37175,3234504.453,0.839,0.166,0.169,0.491,0,0,1277,0,2733,0,2591,1355,55,1.221,1,2069,0,477.417,21.348,-187.625,-438.813,-12.938,-0.832,0.543,2.848,0.445,21.344,11.699,0.870,1.042,1.086,1.295,3,NULL,NULL,,3,0,2,7,255,1091,250,0,0
stim,7054,37175,0,37175,3234509.455,0.833,0.182,0.181,0.489,0,0,1097,0,2635,0,2399,1226,55,1.221,1,2069,0,489.873,21.793,-186.563,-452.125,-27.438,-0.867,0.500,2.840,-1.746,21.723,10.527,0.974,1.148,1.086,1.295,3,NULL,NULL,,3,0,2,7,255,1091,250,0,0
stim,7100,37221,0,37221,3234514.454,0.827,0.198,0.195,0.488,0,0,895,0,2485,0,2164,1075,55,1.221,1,2069,0,496.982,22.225,-179.375,-460.938,-48.500,-0.770,0.355,2.914,-2.305,22.105,9.777,1.076,1.254,1.086,1.295,3,NULL,NULL,,3,0,2,7,255,1091,250,0,0
stim,7100,37221,0,37221,3234519.455,0.821,0.214,0.208,0.487,0,0,731,0,2292,0,1860,917,55,1.221,1,2069,0,511.185,22.345,-185.938,-473.750,-47.938,-0.605,0.023,2.902,-3.262,22.105,9.777,1.176,1.356,1.086,1.295,3,NULL,NULL,,3,0,2,7,255,1091,250,0,0
stim,7100,37221,0,37221,3234524.454,0.814,0.233,0.221,0.484,0,0,547,0,2065,0,1516,799,55,1.221,1,2069,0,536.173,21.136,-212.625,-492.063,-12.125,-0.508,-0.430,2.492,-5.477,20.414,9.777,1.266,1.450,1.086,1.295,3,NULL,NULL,,3,0,2,7,255,1091,250,0,0
stim,7100,37221,0,37221,3234529.455,0.808,0.251,0.234,0.480,0,0,348,0,1785,0,1063,675,55,1.221,1,2069,0,551.751,18.406,-221.938,-504.875,16.563,-0.348,-0.555,1.754,-8.297,16.430,7.340,1.344,1.532,1.086,1.295,3,NULL,NULL,,3,0,2,7,255,1091,250,0,0
stim,7100,37221,0,37221,3234534.453,0.801,0.268,0.248,0.475,0,0,185,0,1452,0,495,493,55,1.221,1,2069,0,540.321,13.838,-165.188,-514.313,11.938,-0.230,-0.477,1.109,-8.297,11.074,2.234,1.414,1.608,1.086,1.295,3,NULL,NULL,,3,0,2,7,255,1091,250,0,0
stim,7100,37221,0,37221,3234539.455,0.795,0.281,0.265,0.468,0,0,98,0,1098,0,143,423,55,1.221,1,2069,0,522.894,11.156,-51.188,-520.063,18.250,-0.223,-0.160,1.219,-6.484,9.078,-2.355,1.490,1.686,1.086,1.295,3,NULL,NULL,,3,0,2,7,255,1091,250,0,0
stim,7100,37221,0,37221,3234544.454,0.791,0.291,0.282,0.458,0,0,55,0,703,0,0,345,55,1.221,1,2069,0,523.306,9.903,27.125,-519.688,55.125,-0.414,0.230,1.945,-3.957,9.078,-2.355,1.582,1.780,1.086,1.295,3,NULL,NULL,,3,0,2,7,255,1091,250,0,0
stim,7100,37221,0,37221,3234549.455,0.787,0.304,0.298,0.447,0,0,31,0,274,0,0,277,55,1.221,1,2069,0,543.939,17.508,-14.875,-527.313,132.625,-0.898,0.387,2.301,-3.957,17.055,-2.660,1.688,1.890,1.086,1.295,3,NULL,NULL,,3,0,2,7,255,1091,250,0,0
stim,7121,37242,0,37242,3234554.453,0.782,0.321,0.311,0.434,0,0,19,0,0,0,0,175,55,1.221,1,2069,0,576.345,23.484,-105.563,-534.188,188.875,-1.262,0.531,1.980,-4.266,23.094,-2.984,1.804,2.006,1.086,1.295,3,NULL,NULL,,3,0,2,7,255,1091,250,0,0
stim,7121,37242,0,37242,3234559.455,0.776,0.338,0.323,0.423,0,0,0,0,0,0,0,107,55,1.221,1,2069,0,563.399,23.484,-163.375,-516.750,153.938,-1.199,0.871,1.414,-4.266,23.094,-9.063,1.916,2.120,1.086,1.295,4,NULL,NULL,,3,0,2,7,255,1091,250,0,0
stim,7121,37242,0,37242,3234564.454,0.768,0.354,0.334,0.415,0,0,0,0,0,0,0,43,55,1.221,1,2069,0,519.505,19.650,-189.750,-475.688,87.188,-0.707,1.301,1.047,-0.281,19.648,-13.660,2.022,2.226,1.086,1.295,0,NULL,NULL,,3,0,2,7,255,1091,250,0,0
stim,7121,37242,0,37242,3234569.455,0.761,0.370,0.343,0.409,0,0,5,0,0,0,0,59,55,1.221,1,2069,0,474.687,17.239,-212.813,-416.688,80.063,-0.594,1.285,1.008,6.188,16.090,-13.660,2.112,2.318,1.086,1.295,0,NULL,NULL,,3,0,2,7,255,1091,250,0,0
stim,7149,37270,0,37270,3234574.453,0.753,0.388,0.347,0.403,0,0,7,0,0,0,0,87,55,1.221,1,2069,0,462.138,16.507,-287.438,-344.688,110.188,-0.426,1.211,0.793,6.621,15.121,-13.594,2.182,2.388,1.086,1.295,0,NULL,NULL,,3,0,2,7,255,1091,250,0,0
stim,7149,37270,0,37270,3234579.455,0.746,0.402,0.349,0.401,0,0,8,0,0,0,0,105,55,1.221,1,2069,0,364.396,13.952,-263.625,-245.313,55.750,-0.273,0.520,0.582,6.621,12.281,-13.586,2.232,2.440,1.086,1.295,0,NULL,NULL,,3,0,2,7,255,1091,250,0,0
stim,7149,37270,0,37270,3234584.453,0.741,0.410,0.351,0.400,0,0,0,0,0,0,0,139,55,1.221,1,2069,0,215.907,7.883,-150.313,-152.313,28.688,-0.434,-0.438,0.832,2.266,7.551,-11.348,2.274,2.484,1.086,1.295,0,NULL,NULL,,3,0,2,7,255,1091,250,0,0
stim,7149,37270,0,37270,3234589.455,0.739,0.415,0.350,0.399,0,0,0,0,0,0,0,149,55,1.221,1,2069,0,142.502,10.355,-120.688,-70.750,27.125,-0.711,-0.488,1.371,-7.086,7.551,-8.695,2.308,2.520,1.086,1.295,0,NULL,NULL,,3,0,2,7,255,1091,250,0,0
stim,7167,37288,0,37288,3234594.454,0.735,0.422,0.346,0.403,0,0,0,0,0,0,0,119,55,1.221,1,2069,0,212.447,14.054,-210.938,25.250,1.250,-0.766,-0.027,1.125,-7.086,12.137,-8.695,2.332,2.546,1.086,1.295,0,NULL,NULL,,3,0,2,7,255,1091,250,0,0
stim,7167,37288,0,37288,3234599.455,0.732,0.428,0.338,0.409,0,0,0,0,0,0,0,99,55,1.221,1,2069,0,286.339,13.188,-262.250,114.875,-4.313,-0.621,0.574,0.063,-5.160,12.137,-11.734,2.346,2.562,1.086,1.295,0,NULL,NULL,,3,0,2,7,255,1091,250,0,0
stim,7167,37288,0,37288,3234604.453,0.731,0.430,0.329,0.415,0,0,0,0,0,0,0,83,55,1.221,1,2069,0,254.632,4.488,-180.625,179.188,10.188,-0.609,0.914,-0.555,2.176,3.926,-16.754,2.352,2.572,1.086,1.295,0,NULL,NULL,,3,0,2,7,255,1091,250,0,0
stim,7167,37288,0,37288,3234609.455,0.733,0.428,0.321,0.420,0,0,0,0,0,0,0,59,55,1.221,1,2069,0,224.944,3.735,-53.313,218.125,13.375,-0.770,0.707,-0.219,2.918,2.332,-19.547,2.364,2.584,1.086,1.295,0,NULL,NULL,,3,0,2,7,255,1091,250,0,0
stim,7198,37319,0,37319,3234614.454,0.736,0.424,0.313,0.425,0,0,0,0,0,0,0,39,55,1.221,1,2069,0,244.596,3.735,-10.375,244.375,-0.750,-0.832,0.258,0.430,2.918,2.332,-19.547,2.382,2.604,1.086,1.295,0,NULL,NULL,,3,0,2,7,255,1091,250,0,0
stim,7198,37319,0,37319,3234619.455,0.739,0.420,0.304,0.430,0,0,0,0,0,0,0,39,55,1.221,1,2069,0,265.924,7.501,-47.250,261.625,-5.938,-0.715,0.027,0.563,-1.754,7.293,-15.602,2.402,2.626,1.086,1.295,0,NULL,NULL,,3,0,2,7,255,1091,250,0,0
stim,7198,37319,0,37319,3234624.454,0.741,0.418,0.293,0.436,0,0,0,0,0,0,0,37,55,1.221,1,2069,0,281.961,7.501,-79.375,270.375,9.938,-0.574,0.113,0.203,-1.754,7.293,-13.797,2.422,2.650,1.086,1.295,0,NULL,NULL,,3,0,2,7,255,1091,250,0,0
stim,7198,37319,0,37319,3234629.455,0.744,0.415,0.283,0.441,0,0,0,0,0,0,0,37,55,1.221,1,2069,0,280.482,4.538,-59.563,272.375,30.563,-0.551,0.332,-0.199,-1.711,4.203,-13.797,2.442,2.670,1.086,1.295,0,NULL,NULL,,3,0,2,7,255,1091,250,0,0
stim,7198,37319,0,37319,3234634.454,0.747,0.410,0.273,0.446,0,0,0,0,0,0,0,39,55,1.221,1,2069,0,274.460,1.356,-8.688,271.875,36.563,-0.582,0.434,-0.285,0.422,1.289,-16.238,2.464,2.694,1.086,1.295,0,NULL,NULL,,3,0,2,7,255,1091,250,0,0
stim,7198,37319,0,37319,3234639.455,0.752,0.404,0.265,0.449,0,0,0,0,0,0,0,41,55,1.221,1,2069,0,276.170,1.574,30.000,272.438,33.875,-0.551,0.395,-0.141,0.902,1.289,-16.238,2.486,2.718,1.086,1.295,0,NULL,NULL,,3,0,2,7,255,1091,250,0,0
stim,7219,37340,0,37340,3234644.454,0.756,0.398,0.256,0.453,0,0,0,0,0,0,0,30,55,1.221,1,2069,0,281.072,2.355,44.563,274.938,37.750,-0.461,0.316,-0.020,0.902,2.176,-16.129,2.510,2.744,1.086,1.295,0,NULL,NULL,,3,0,2,7,255,1091,250,0,0
stim,7219,37340,0,37340,3234649.455,0.761,0.391,0.247,0.455,0,0,0,0,0,0,0,43,55,1.221,1,2069,0,286.969,2.796,53.688,277.500,49.625,-0.430,0.293,0.016,0.602,2.730,-14.477,2.536,2.772,1.086,1.295,0,NULL,NULL,,3,0,2,7,255,1091,250,0,0
stim,7219,37340,0,37340,3234654.453,0.766,0.383,0.238,0.458,0,0,0,0,0,0,0,42,55,1.221,1,2069,0,292.976,2.962,69.625,278.688,57.625,-0.477,0.293,0.070,0.508,2.918,-13.934,2.564,2.804,1.086,1.295,0,NULL,NULL,,3,0,2,7,255,1091,250,0,0
stim,7219,37340,0,37340,3234659.455,0.771,0.375,0.230,0.460,0,0,0,0,0,0,0,37,55,1.221,1,2069,0,297.245,3.694,85.813,279.125,55.500,-0.512,0.277,0.207,0.277,3.684,-13.863,2.596,2.836,1.086,1.295,0,NULL,NULL,,3,0,2,7,255,1091,250,0,0
stim,7219,37340,0,37340,3234664.454,0.776,0.367,0.222,0.462,0,0,0,0,0,0,0,34,55,1.221,1,2069,0,299.531,4.973,94.250,280.063,49.000,-0.480,0.270,0.371,0.074,4.973,-13.145,2.630,2.872,1.086,1.295,0,NULL,NULL,,3,0,2,7,255,1091,250,0,0
stim,7219,37340,0,37340,3234669.455,0.781,0.358,0.213,0.465,0,0,0,0,0,0,0,33,55,1.221,1,2069,0,301.440,6.133,95.000,282.438,45.500,-0.430,0.266,0.516,0.074,6.133,-11.793,2.666,2.910,1.086,1.295,0,NULL,NULL,,3,0,2,7,255,1091,250,0,0
stim,7247,37368,0,37368,3234674.453,0.786,0.350,0.205,0.467,0,0,0,0,0,0,0,37,55,1.221,1,2069,0,303.980,6.973,91.313,286.438,44.938,-0.402,0.273,0.629,0.344,6.965,-10.371,2.704,2.950,1.086,1.295,0,NULL,NULL,,3,0,2,7,255,1091,250,0,0
stim,7247,37368,0,37368,3234679.455,0.791,0.341,0.196,0.469,0,0,0,0,0,0,0,31,55,1.221,1,2069,0,306.867,7.722,85.813,291.688,41.500,-0.422,0.273,0.719,0.539,7.703,-9.320,2.742,2.990,1.086,1.295,0,NULL,NULL,,3,0,2,7,255,1091,250,0,0
stim,7247,37368,0,37368,3234684.454,0.795,0.332,0.187,0.472,0,0,0,0,0,0,0,33,55,1.221,1,2069,0,310.827,8.447,79.750,298.625,32.813,-0.430,0.270,0.793,0.539,8.430,-8.617,2.784,3.032,1.086,1.295,0,NULL,NULL,,3,0,2,7,255,1091,250,0,0
stim,7247,37368,0,37368,3234689.455,0.798,0.323,0.177,0.476,0,0,0,0,0,0,0,37,55,1.221,1,2069,0,316.753,8.980,72.500,307.563,21.938,-0.406,0.242,0.844,0.516,8.965,-7.930,2.826,3.078,1.086,1.295,0,NULL,NULL,,3,0,2,7,255,1091,250,0,0
stim,7248,37369,0,37369,3234694.453,0.802,0.315,0.168,0.480,0,0,0,0,0,0,0,39,55,1.221,1,2069,0,325.103,8.978,65.000,318.250,13.563,-0.383,0.211,0.852,0.480,8.965,-7.125,2.868,3.122,1.086,1.295,0,NULL,NULL,,3,0,2,7,255,1091,250,0,0
stim,7248,37369,0,37369,3234699.455,0.805,0.305,0.157,0.484,0,0,0,0,0,0,0,39,55,1.221,1,2069,0,335.128,8.756,60.438,329.563,6.813,-0.387,0.203,0.840,0.414,8.746,-6.566,2.912,3.168,1.086,1.295,0,NULL,NULL,,3,0,2,7,255,1091,250,0,0
stim,7272,37393,0,37393,3234704.453,0.808,0.296,0.147,0.488,0,0,0,0,0,0,0,41,55,1.221,1,2069,0,345.876,8.552,60.000,340.625,-2.188,-0.391,0.195,0.832,0.391,8.543,-6.402,2.954,3.212,1.086,1.295,0,NULL,NULL,,3,0,2,7,255,1091,250,0,0
stim,7272,37393,0,37393,3234709.457,0.810,0.286,0.136,0.493,0,0,0,0,0,0,0,43,55,1.221,1,2069,0,356.433,8.411,62.438,350.688,-12.813,-0.371,0.168,0.824,0.375,8.402,-6.223,2.996,3.254,1.086,1.295,0,NULL,NULL,,3,0,2,7,255,1091,250,0,0
stim,7303,37424,0,37424,3234714.454,0.812,0.276,0.125,0.498,0,0,0,0,0,0,0,41,55,1.221,1,2069,0,366.049,8.028,67.063,359.188,-21.875,-0.320,0.156,0.813,0.375,8.020,-5.863,3.036,3.296,1.086,1.295,0,NULL,NULL,,3,0,2,7,255,1091,250,0,0
stim,7303,37424,0,37424,3234719.455,0.814,0.265,0.115,0.504,0,0,0,0,0,0,0,43,55,1.221,1,2069,0,374.236,7.420,73.438,365.813,-29.000,-0.211,0.148,0.781,0.570,7.398,-5.434,3.072,3.334,1.086,1.295,0,NULL,NULL,,3,0,2,7,255,1091,250,0,0
stim,7303,37424,0,37424,3234724.454,0.816,0.254,0.104,0.509,0,0,0,0,0,0,0,42,55,1.221,1,2069,0,380.069,6.363,82.688,369.750,-30.000,-0.113,0.102,0.719,1.066,6.273,-4.949,3.106,3.368,1.086,1.295,0,NULL,NULL,,3,0,2,7,255,1091,250,0,0
stim,7303,37424,0,37424,3234729.455,0.818,0.242,0.093,0.514,0,0,0,0,0,0,0,43,55,1.221,1,2069,0,383.003,4.995,99.875,369.063,-22.563,-0.105,0.102,0.691,1.105,4.871,-4.754,3.138,3.400,1.086,1.295,0,NULL,NULL,,3,0,2,7,255,1091,250,0,0
stim,7303,37424,0,37424,3234734.454,0.820,0.229,0.083,0.518,0,0,0,0,0,0,0,43,55,1.221,1,2069,0,385.567,5.004,124.125,364.563,-18.688,-0.137,0.168,0.797,1.145,4.871,-4.707,3.166,3.432,1.086,1.295,0,NULL,NULL,,3,0,2,7,255,1091,250,0,0
stim,7303,37424,0,37424,3234739.455,0.822,0.216,0.074,0.522,0,0,0,0,0,0,0,47,55,1.221,1,2069,0,385.083,5.562,137.500,359.063,-21.375,-0.109,0.184,0.941,1.758,5.277,-4.039,3.192,3.460,1.086,1.295,0,NULL,NULL,,3,0,2,7,255,1091,250,0,0
stim,7303,37424,0,37424,3234744.453,0.823,0.203,0.065,0.526,0,0,0,0,0,0,0,43,55,1.221,1,2069,0,382.763,5.735,143.250,354.438,-19.000,-0.023,0.152,0.996,2.246,5.277,-2.531,3.216,3.486,1.086,1.295,0,NULL,NULL,,3,0,2,7,255,1091,250,0,0
stim,7303,37424,0,37424,3234749.455,0.825,0.189,0.056,0.529,0,0,0,0,0,0,0,47,55,1.221,1,2069,0,382.219,5.428,158.375,347.813,-5.938,-0.027,0.160,1.094,2.473,4.832,-1.520,3.242,3.512,1.086,1.295,0,NULL,NULL,,3,0,2,7,255,1091,250,0,0
stim,7303,37424,0,37424,3234754.453,0.827,0.175,0.048,0.532,0,0,0,0,0,0,0,48,55,1.221,1,2069,0,383.207,5.512,170.875,343.000,0.500,-0.063,0.227,1.309,2.652,4.832,-0.555,3.266,3.538,1.086,1.295,0,NULL,NULL,,3,0,2,7,255,1091,250,0,0
stim,7303,37424,0,37424,3234759.455,0.829,0.161,0.039,0.535,0,0,0,0,0,0,0,48,55,1.221,1,2069,0,378.599,6.561,164.938,340.750,-4.688,-0.090,0.191,1.434,3.125,5.770,1.316,3.290,3.562,1.086,1.295,0,NULL,NULL,,3,0,2,7,255,1091,250,0,0
stim,7332,37453,0,37453,3234764.454,0.830,0.147,0.031,0.537,0,0,0,0,0,0,0,45,55,1.221,1,2069,0,372.603,6.649,153.813,339.313,-6.438,-0.035,0.184,1.445,3.305,5.770,2.703,3.314,3.588,1.086,1.295,0,NULL,NULL,,3,0,2,7,255,1091,250,0,0
stim,7332,37453,0,37453,3234769.455,0.831,0.134,0.022,0.540,0,0,0,0,0,0,0,48,55,1.221,1,2069,0,370.057,5.903,154.063,336.438,-4.063,-0.012,0.121,1.410,3.125,5.008,3.094,3.338,3.614,1.086,1.295,0,NULL,NULL,,3,0,2,7,255,1091,250,0,0
stim,7332,37453,0,37453,3234774.453,0.832,0.120,0.014,0.542,0,0,0,0,0,0,0,50,55,1.221,1,2069,0,373.459,5.121,166.813,334.125,2.375,-0.008,0.145,1.512,3.148,4.039,3.121,3.362,3.638,1.086,1.295,0,NULL,NULL,,3,0,2,7,255,1091,250,0,0
stim,7332,37453,0,37453,3234779.455,0.833,0.106,0.006,0.544,0,0,0,0,0,0,0,53,55,1.221,1,2069,0,373.996,5.121,171.313,332.438,3.188,-0.051,0.211,1.672,3.148,4.039,4.152,3.388,3.664,1.086,1.295,0,NULL,NULL,,3,0,2,7,255,1091,250,0,0
stim,7354,37475,0,37475,3234784.454,0.833,0.092,-0.002,0.545,0,0,0,0,0,0,0,47,55,1.221,1,2069,0,370.577,5.741,165.938,331.313,4.875,-0.086,0.238,1.785,3.754,4.344,5.664,3.412,3.690,1.086,1.295,0,NULL,NULL,,3,0,2,7,255,1091,250,0,0
stim,7354,37475,0,37475,3234789.455,0.833,0.078,-0.010,0.547,0,0,0,0,0,0,0,47,55,1.221,1,2069,0,366.666,5.824,160.313,329.750,3.000,-0.117,0.227,1.883,3.879,4.344,6.793,3.436,3.716,1.086,1.295,0,NULL,NULL,,3,0,2,7,255,1091,250,0,0
stim,7354,37475,0,37475,3234794.453,0.834,0.065,-0.018,0.548,0,0,0,0,0,0,0,45,55,1.221,1,2069,0,361.756,5.751,153.250,327.688,-1.563,-0.125,0.199,1.957,3.879,4.246,7.867,3.458,3.738,1.086,1.295,0,NULL,NULL,,3,0,2,7,255,1091,250,0,0
stim,7354,37475,0,37475,3234799.455,0.833,0.051,-0.026,0.550,0,0,0,0,0,0,0,49,55,1.221,1,2069,0,356.886,5.243,145.750,325.688,-7.250,-0.109,0.160,1.992,3.680,3.734,8.750,3.478,3.758,1.086,1.295,0,NULL,NULL,,3,0,2,7,255,1091,250,0,0
stim,7354,37475,0,37475,3234804.453,0.832,0.038,-0.035,0.552,0,0,0,0,0,0,0,51,55,1.221,1,2069,0,353.648,4.470,140.188,324.438,-12.438,-0.090,0.102,1.988,3.426,2.871,9.277,3.492,3.774,1.086,1.295,0,NULL,NULL,,3,0,2,7,255,1091,250,0,0
stim,7354,37475,0,37475,3234809.455,0.831,0.025,-0.043,0.553,0,0,0,0,0,0,0,43,55,1.221,1,2069,0,353.083,3.503,140.125,323.625,-17.313,-0.082,0.055,1.961,2.969,1.859,9.277,3.500,3.784,1.086,1.295,0,NULL,NULL,,3,0,2,7,255,1091,250,0,0
stim,7401,37522,0,37522,3234814.454,0.830,0.012,-0.051,0.555,0,0,0,0,0,0,0,47,55,1.221,1,2069,0,355.202,2.762,145.875,322.938,-24.500,-0.055,0.027,1.945,2.574,1.000,9.238,3.504,3.788,1.086,1.295,0,NULL,NULL,,3,0,2,7,255,1091,250,0,0
stim,7401,37522,0,37522,3234819.455,0.828,-0.001,-0.059,0.557,0,0,0,0,0,0,0,43,55,1.221,1,2069,0,359.236,2.372,156.188,321.875,-32.438,0.004,-0.027,1.934,2.371,0.074,9.094,3.498,3.784,1.086,1.295,0,NULL,NULL,,3,0,2,7,255,1091,250,0,0
stim,7401,37522,0,37522,3234824.454,0.826,-0.015,-0.066,0.559,0,0,0,0,0,0,0,45,55,1.221,1,2069,0,364.606,2.414,170.438,320.063,-38.063,0.109,-0.098,1.941,2.063,-1.254,9.000,3.486,3.774,1.086,1.295,0,NULL,NULL,,3,0,2,7,255,1091,250,0,0
stim,7401,37522,0,37522,3234829.455,0.824,-0.029,-0.072,0.561,0,0,0,0,0,0,0,51,55,1.221,1,2069,0,370.854,3.521,188.750,316.688,-40.188,0.266,-0.172,1.977,1.738,-3.063,9.000,3.464,3.752,1.086,1.295,0,NULL,NULL,,3,0,2,7,255,1091,250,0,0
stim,7401,37522,0,37522,3234834.454,0.821,-0.044,-0.078,0.563,0,0,0,0,0,0,0,55,55,1.221,1,2069,0,378.574,5.657,210.063,312.438,-39.688,0.484,-0.164,2.051,1.738,-5.383,9.023,3.428,3.718,1.086,1.295,0,NULL,NULL,,3,0,2,7,255,1091,250,0,0
stim,7401,37522,0,37522,3234839.455,0.819,-0.060,-0.084,0.565,0,0,0,0,0,0,0,57,55,1.221,1,2069,0,388.733,8.323,233.500,308.625,-36.625,0.715,-0.133,2.113,2.270,-8.008,9.059,3.382,3.672,1.086,1.295,0,NULL,NULL,,3,0,2,7,255,1091,250,0,0
stim,7422,37543,0,37543,3234844.453,0.816,-0.076,-0.088,0.567,0,0,0,0,0,0,0,59,55,1.221,1,2069,0,402.021,11.165,260.500,304.938,-27.813,0.906,-0.148,2.195,3.191,-10.699,9.074,3.320,3.612,1.086,1.295,0,NULL,NULL,,3,0,2,7,255,1091,250,0,0
stim,7422,37543,0,37543,3234849.455,0.813,-0.094,-0.092,0.567,0,0,0,0,0,0,0,59,55,1.221,1,2069,0,416.182,13.646,288.625,299.500,-14.250,1.055,-0.207,2.371,3.199,-13.266,9.074,3.246,3.538,1.086,1.295,0,NULL,NULL,,3,0,2,7,255,1091,250,0,0
stim,7422,37543,0,37543,3234854.453,0.810,-0.112,-0.095,0.568,0,0,0,0,0,0,0,69,55,1.221,1,2069,0,426.865,16.227,308.188,295.313,-5.000,1.168,-0.195,2.574,3.363,-15.875,9.961,3.158,3.452,1.086,1.295,0,NULL,NULL,,3,0,2,7,255,1091,250,0,0
stim,7422,37543,0,37543,3234859.455,0.807,-0.130,-0.097,0.568,0,0,0,0,0,0,0,69,55,1.221,1,2069,0,429.918,18.381,315.250,292.313,-0.313,1.277,-0.117,2.754,3.363,-18.070,11.078,3.060,3.354,1.086,1.295,0,NULL,NULL,,3,0,2,7,255,1091,250,0,0
stim,7422,37543,0,37543,3234864.454,0.803,-0.149,-0.100,0.568,0,0,0,0,0,0,0,61,55,1.221,1,2069,0,427.088,20.404,313.125,290.438,1.688,1.355,-0.063,2.910,4.059,-19.996,11.902,2.952,3.246,1.086,1.295,0,NULL,NULL,,3,0,2,7,255,1091,250,0,0
stim,7422,37543,0,37543,3234869.455,0.800,-0.166,-0.102,0.567,0,0,0,0,0,0,0,71,55,1.221,1,2069,0,415.624,22.193,298.563,289.125,3.188,1.383,-0.016,3.043,4.371,-21.758,12.539,2.838,3.132,1.086,1.295,0,NULL,NULL,,3,0,2,7,255,1091,250,0,0
stim,7447,37568,0,37568,3234874.453,0.796,-0.183,-0.106,0.567,0,0,0,0,0,0,0,72,55,1.221,1,2069,0,393.291,23.514,269.563,286.375,1.875,1.375,0.109,3.148,4.465,-23.086,13.074,2.716,3.008,1.086,1.295,0,NULL,NULL,,3,0,2,7,255,1091,250,0,0
stim,7447,37568,0,37568,3234879.455,0.793,-0.198,-0.110,0.566,0,0,0,0,0,0,0,72,55,1.221,1,2069,0,365.891,24.362,234.813,280.500,-7.688,1.504,0.320,3.258,5.180,-23.805,13.523,2.586,2.876,1.086,1.295,0,NULL,NULL,,3,0,2,7,255,1091,250,0,0
stim,7447,37568,0,37568,3234884.454,0.789,-0.211,-0.115,0.566,0,0,0,0,0,0,0,100,55,1.221,1,2069,0,331.237,26.458,187.125,272.500,-21.125,1.840,0.371,3.258,7.180,-25.465,13.523,2.446,2.734,1.086,1.295,0,NULL,NULL,,3,0,2,7,255,1091,250,0,0
stim,7447,37568,0,37568,3234889.455,0.786,-0.221,-0.121,0.565,0,0,0,0,0,0,0,110,55,1.221,1,2069,0,290.274,29.748,125.313,261.250,-17.438,2.227,0.145,3.008,7.625,-28.754,11.691,2.300,2.584,1.086,1.295,0,NULL,NULL,,3,0,2,7,255,1091,250,0,0
stim,7447,37568,0,37568,3234894.453,0.784,-0.230,-0.128,0.563,0,0,0,0,0,0,0,158,55,1.221,1,2069,0,255.986,32.816,69.813,246.125,8.813,2.512,-0.160,2.492,7.625,-31.918,6.746,2.150,2.430,1.086,1.295,0,NULL,NULL,,3,0,2,7,255,1091,250,0,0
stim,7447,37568,0,37568,3234899.455,0.783,-0.237,-0.134,0.559,0,0,0,0,0,0,0,171,55,1.221,1,2069,0,235.565,32.471,42.500,228.563,38.000,2.695,-0.375,1.859,5.969,-31.918,-0.223,1.998,2.274,1.086,1.295,0,NULL,NULL,,3,0,2,7,255,1091,250,0,0
stim,7498,37619,0,37619,3234904.453,0.782,-0.244,-0.140,0.556,0,0,0,0,0,0,0,199,55,1.221,1,2069,0,222.941,32.290,51.813,209.313,56.625,2.879,-0.559,1.301,4.941,-31.910,-7.477,1.846,2.116,1.086,1.295,0,NULL,NULL,,3,0,2,7,255,1091,250,0,0
stim,7498,37619,0,37619,3234909.455,0.782,-0.252,-0.143,0.552,0,0,0,0,0,0,0,211,55,1.221,1,2069,0,220.789,31.395,89.438,188.250,72.875,3.086,-0.789,0.926,4.168,-31.117,-13.957,1.694,1.958,1.086,1.295,0,NULL,NULL,,3,0,2,7,255,1091,250,0,0
stim,7498,37619,0,37619,3234914.454,0.781,-0.262,-0.145,0.548,0,0,0,0,0,0,0,215,55,1.221,1,2069,0,237.456,31.264,139.625,165.000,98.313,3.242,-1.055,0.758,3.023,-31.117,-19.047,1.538,1.794,1.086,1.295,0,NULL,NULL,,3,0,2,7,255,1091,250,0,0
stim,7498,37619,0,37619,3234919.455,0.781,-0.272,-0.143,0.543,0,0,0,0,0,0,0,216,55,1.221,1,2069,0,271.542,31.946,191.625,140.438,131.500,3.293,-1.246,0.777,1.422,-31.914,-22.305,1.378,1.626,1.086,1.295,0,NULL,NULL,,3,0,2,7,255,1091,250,0,0
stim,7498,37619,1,37619,3234924.454,0.781,-0.285,-0.140,0.538,0,0,0,0,0,0,0,221,55,1.221,1,2069,0,319.209,31.946,248.500,119.000,161.188,3.051,-1.020,0.914,1.422,-31.914,-22.305,1.218,1.456,1.086,1.295,0,NULL,NULL,,3,1,2,7,255,1091,250,0,0
stim,7498,37619,1,37619,3234929.455,0.780,-0.297,-0.135,0.534,0,0,0,0,0,0,0,221,55,1.221,1,2069,0,305.511,32.700,259.688,88.750,134.250,2.871,-1.512,1.621,0.184,-32.699,-20.984,1.060,1.284,1.086,1.295,0,NULL,NULL,,3,1,2,7,255,1091,250,0,0
stim,7498,37619,1,37619,3234934.453,0.780,-0.307,-0.131,0.529,0,0,0,0,0,0,0,222,55,1.221,1,2069,0,271.523,35.036,223.250,68.063,138.750,2.938,-1.598,1.734,-3.773,-34.832,-16.637,0.904,1.112,1.086,1.295,0,NULL,NULL,,3,1,2,7,255,1091,250,0,0
stim,7498,37619,1,37619,3234939.455,0.781,-0.316,-0.125,0.524,0,0,0,0,0,0,0,217,55,1.221,1,2069,0,272.106,35.331,213.063,32.063,166.188,2.566,-1.156,2.215,-3.773,-35.129,-16.379,0.756,0.940,1.086,1.295,0,NULL,NULL,,3,1,2,7,255,1091,250,0,0
stim,7519,37640,1,37640,3234944.454,0.783,-0.322,-0.119,0.519,0,0,0,0,0,0,0,217,55,1.221,1,2069,0,242.811,36.381,165.000,1.875,178.125,2.484,-1.430,2.750,-4.211,-36.137,-9.977,0.622,0.764,1.086,1.295,0,NULL,NULL,,3,1,2,7,255,1091,250,0,0
stim,7519,37640,1,37640,3234949.455,0.785,-0.326,-0.113,0.514,0,0,0,0,0,0,0,218,55,1.221,1,2069,0,207.802,35.530,101.938,-23.875,179.500,1.836,-1.328,2.563,-5.324,-35.129,-6.637,0.512,0.586,1.086,1.295,0,NULL,NULL,,3,1,2,7,255,1091,250,0,0
stim,7519,37640,1,37640,3234954.453,0.787,-0.329,-0.108,0.511,0,0,0,0,0,0,0,219,55,1.221,1,2069,0,147.825,32.933,91.500,-55.000,102.250,1.289,-0.598,2.672,-5.324,-32.500,-4.496,0.464,0.428,1.086,1.295,0,NULL,NULL,,3,1,2,7,255,1091,250,0,0
stim,7519,37640,1,37640,3234959.455,0.787,-0.329,-0.104,0.512,0,0,0,0,0,0,0,211,55,1.221,1,2069,0,91.871,29.970,41.563,-80.500,15.250,1.406,-0.363,3.078,-3.145,-29.805,1.762,0.480,0.342,1.086,1.295,0,NULL,NULL,,3,1,2,7,255,1091,250,0,0
stim,7519,37640,1,37640,3234964.454,0.788,-0.324,-0.102,0.513,0,0,0,35,0,0,0,355,55,1.221,1,2069,0,120.784,29.932,-68.375,-99.188,-8.688,1.313,-0.449,3.285,-2.754,-29.805,5.273,0.514,0.338,1.086,1.295,0,NULL,NULL,,3,1,2,7,255,1091,250,0,0
stim,7519,37640,1,37640,3234969.455,0.792,-0.325,-0.090,0.509,203,0,0,623,0,29,0,415,55,1.221,1,2069,0,318.704,30.363,113.063,-197.000,223.563,-0.457,-0.523,5.465,-2.754,-30.238,7.301,0.530,0.370,1.086,1.295,0,NULL,NULL,,3,1,2,7,255,1091,250,0,0
stim,7547,37668,1,37668,3234974.453,0.808,-0.312,-0.086,0.493,819,0,0,1197,0,215,0,471,55,1.221,1,2069,0,589.230,30.363,-325.375,-162.938,463.438,-1.184,2.520,5.844,-2.754,-30.238,32.348,0.530,0.404,1.086,1.295,0,NULL,NULL,,3,1,2,7,255,1091,250,0,0
stim,7547,37668,1,37668,3234979.455,0.826,-0.277,-0.099,0.481,1209,0,0,1580,0,473,0,570,55,1.221,1,2069,0,992.721,17.703,-953.250,-107.375,255.500,-1.699,3.195,1.922,7.051,-16.238,32.348,0.532,0.432,1.086,1.295,0,NULL,NULL,,3,1,2,7,255,1091,250,0,0
stim,7547,37668,1,37668,3234984.453,0.837,-0.245,-0.112,0.475,1621,0,0,1788,0,563,0,614,55,1.221,1,2069,0,836.925,16.935,-827.875,-94.875,77.875,-2.191,2.344,-1.645,8.559,14.613,23.672,0.540,0.458,1.086,1.295,0,NULL,NULL,,3,1,2,7,255,1091,250,0,0
stim,7547,37668,1,37668,3234989.455,0.841,-0.229,-0.118,0.476,1897,0,0,1895,0,815,0,669,55,1.221,1,2070,0,412.519,29.320,-402.125,-82.625,-40.500,-1.758,1.152,-2.125,8.559,28.043,-8.328,0.544,0.478,1.086,1.295,1,1093.000,2.000,,3,1,2,7,255,1091,250,0,0
stim,7548,37669,1,37669,3234994.454,0.840,-0.224,-0.115,0.480,2070,0,0,1961,0,965,0,760,55,1.221,1,2070,0,156.515,28.054,-30.250,-118.125,-98.125,-0.289,0.277,-0.395,0.785,28.043,-11.418,0.532,0.490,1.086,1.295,1,NULL,NULL,,3,1,2,7,255,1091,250,0,0
stim,7548,37669,1,37669,3234999.455,0.840,-0.223,-0.110,0.482,2208,0,0,2055,0,1177,0,813,55,1.221,1,2070,0,109.377,5.208,28.750,-105.125,-9.250,0.469,0.629,1.523,0.785,5.148,-11.418,0.502,0.494,1.086,1.295,1,NULL,NULL,,3,1,2,7,255,1091,250,0,0
stim,7574,37695,1,37695,3235004.453,0.844,-0.217,-0.108,0.478,2463,0,0,2310,0,1275,0,855,55,1.221,1,2070,0,192.631,7.827,-122.875,-111.375,98.000,0.180,1.535,1.730,7.520,-2.172,3.020,0.466,0.492,1.086,1.295,1,NULL,NULL,,3,1,2,7,255,1091,250,0,0
stim,7574,37695,1,37695,3235009.455,0.849,-0.206,-0.108,0.474,2620,0,0,2514,0,1311,0,921,55,1.221,1,2070,0,301.044,7.827,-254.625,-117.313,109.688,-1.102,0.563,1.137,7.520,-2.172,5.500,0.430,0.476,1.086,1.295,2,NULL,NULL,,3,1,2,7,255,1091,250,0,0
stim,7601,37722,1,37722,3235014.454,0.855,-0.190,-0.108,0.470,2733,0,0,2647,0,1327,0,1019,55,1.221,1,2070,0,392.410,5.979,-341.938,-161.813,104.313,-2.020,-1.438,0.332,-0.930,5.906,5.500,0.394,0.444,1.086,1.295,2,NULL,NULL,,3,1,2,7,255,1091,250,0,0
stim,7601,37722,1,37722,3235019.455,0.857,-0.177,-0.108,0.472,2830,0,0,2749,0,1339,0,1125,55,1.221,1,2070,0,320.076,21.621,-268.063,-157.438,-76.188,-1.602,-1.438,-0.527,-20.578,6.633,-2.387,0.362,0.396,1.086,1.295,2,NULL,NULL,,3,1,2,7,255,1091,250,0,0
stim,7601,37722,1,37722,3235024.454,0.855,-0.170,-0.104,0.478,2889,0,0,2840,0,1337,0,1230,55,1.221,1,2070,0,232.075,21.621,-72.500,-174.000,-135.375,-0.418,-0.766,-0.129,-20.578,6.633,-10.809,0.336,0.334,1.086,1.295,2,NULL,NULL,,3,1,2,7,255,1091,250,0,0
stim,7601,37722,1,37722,3235029.455,0.854,-0.167,-0.097,0.484,2930,0,0,2904,0,1357,0,1277,55,1.221,1,2070,0,209.787,8.669,40.000,-173.063,-111.625,0.328,-0.816,1.313,-8.668,-0.113,-10.809,0.320,0.268,1.086,1.295,2,NULL,NULL,,3,1,2,7,255,1091,250,0,0
stim,7601,37722,1,37722,3235034.453,0.854,-0.162,-0.092,0.486,2967,0,0,2961,0,1391,0,1317,55,1.221,1,2070,0,163.115,12.240,-28.500,-155.625,-39.688,0.680,-0.957,2.027,-4.887,-11.223,-0.207,0.318,0.214,1.086,1.295,2,NULL,NULL,,3,1,2,7,255,1091,250,0,0
stim,7601,37722,1,37722,3235039.455,0.856,-0.154,-0.089,0.485,2999,0,0,3007,0,1454,0,1353,55,1.221,1,2070,0,209.584,15.580,-133.688,-154.938,45.250,0.715,-0.824,1.617,-4.211,-15.000,1.789,0.318,0.178,1.086,1.295,2,NULL,NULL,,3,1,2,7,255,1091,250,0,0
stim,7601,37722,1,37722,3235044.454,0.861,-0.145,-0.087,0.480,3026,0,0,3050,0,1533,0,1382,55,1.221,1,2070,0,254.994,15.580,-175.500,-143.750,116.438,0.355,-0.852,0.848,-4.211,-15.000,1.789,0.324,0.156,1.086,1.295,2,NULL,NULL,,3,1,2,7,255,1091,250,0,0
stim,7601,37722,1,37722,3235049.455,0.865,-0.138,-0.084,0.475,3044,0,0,3082,0,1689,0,1435,55,1.221,1,2070,0,244.450,10.965,-137.188,-142.125,144.000,-0.172,-0.949,0.496,-5.078,-9.719,-4.109,0.338,0.138,1.086,1.295,2,NULL,NULL,,3,1,2,7,255,1091,250,0,0
stim,7601,37722,1,37722,3235054.453,0.869,-0.133,-0.079,0.471,3044,0,0,3097,0,1831,0,1480,55,1.221,1,2070,0,199.397,9.616,-69.813,-140.063,123.563,-0.488,-0.699,0.676,-8.195,-5.031,-4.109,0.360,0.122,1.086,1.295,2,NULL,NULL,,3,1,2,7,255,1091,250,0,0
stim,7601,37722,1,37722,3235059.455,0.871,-0.129,-0.074,0.468,3058,0,0,3115,0,1931,0,1547,55,1.221,1,2070,0,159.867,8.393,-30.250,-136.938,76.750,-0.430,-0.035,1.035,-8.195,-1.809,-3.102,0.382,0.108,1.086,1.295,2,NULL,NULL,,3,1,2,7,255,1091,250,0,0
stim,7631,37752,1,37752,3235064.454,0.872,-0.126,-0.070,0.467,3062,0,0,3120,0,2024,0,1617,55,1.221,1,2070,0,142.463,2.361,-28.688,-132.875,42.625,-0.215,0.465,1.293,-2.344,0.285,0.930,0.400,0.100,1.086,1.295,2,NULL,NULL,,3,1,2,7,255,1091,250,0,0
stim,7631,37752,1,37752,3235069.455,0.874,-0.121,-0.066,0.467,3067,0,0,3135,56,2133,10,1747,55,1.221,1,2070,0,141.926,2.485,-58.688,-126.438,26.688,-0.094,0.332,1.406,2.469,0.285,3.453,0.410,0.092,1.086,1.295,2,NULL,NULL,,3,1,2,7,255,1091,250,0,0
stim,7631,37752,1,37752,3235074.453,0.875,-0.115,-0.063,0.466,3067,0,0,3133,355,2216,91,1865,55,1.221,1,2070,0,158.962,2.699,-100.688,-119.750,28.125,-0.070,-0.129,1.285,2.469,-1.090,3.453,0.420,0.086,1.086,1.295,2,NULL,NULL,,3,1,2,7,255,1091,250,0,0
stim,7631,37752,1,37752,3235079.455,0.876,-0.109,-0.061,0.465,3087,0,0,3153,595,2265,163,1992,55,1.221,1,2070,0,135.822,3.477,-90.813,-100.563,9.375,0.031,-0.215,1.461,-1.160,-3.277,3.813,0.430,0.078,1.086,1.295,2,NULL,NULL,,3,1,2,7,255,1091,250,0,0
stim,7655,37776,1,37776,3235084.454,0.876,-0.106,-0.060,0.468,3083,0,0,3157,853,2311,118,2075,55,1.221,1,2070,0,98.905,4.920,-62.688,-53.750,-54.438,0.273,0.016,1.355,-1.160,-4.781,2.586,0.442,0.066,1.086,1.295,2,NULL,NULL,,3,1,2,7,255,1091,250,0,0
stim,7655,37776,1,37776,3235089.455,0.875,-0.103,-0.059,0.469,3087,0,0,3159,1005,2342,136,2125,55,1.221,1,2070,0,75.023,5.166,-31.063,-47.438,-49.125,0.723,0.609,0.957,1.957,-4.781,2.586,0.452,0.054,1.086,1.295,2,NULL,NULL,,3,1,2,7,255,1091,250,0,0
stim,7655,37776,1,37776,3235094.453,0.875,-0.103,-0.058,0.470,3083,0,0,3160,1161,2361,173,2167,55,1.221,1,2070,0,33.811,8.680,16.750,-28.188,-8.250,0.457,0.559,1.371,7.367,-4.590,2.586,0.458,0.042,1.086,1.295,2,NULL,NULL,,3,1,2,7,255,1091,250,0,0
stim,7655,37776,1,37776,3235099.455,0.875,-0.101,-0.058,0.470,3091,0,0,3163,1241,2391,183,2214,55,1.221,1,2070,0,55.451,8.225,-52.813,-13.938,9.563,-0.250,-0.008,1.707,7.367,-3.656,2.941,0.464,0.032,1.086,1.295,2,NULL,NULL,,3,1,2,7,255,1091,250,0,0
stim,7655,37776,1,37776,3235104.453,0.875,-0.096,-0.061,0.471,3087,2,0,3161,1341,2407,187,2251,55,1.221,1,2070,0,132.415,1.966,-126.938,-12.125,-35.688,-0.539,-0.027,1.070,-0.934,-1.730,2.941,0.470,0.022,1.086,1.295,2,NULL,NULL,,3,1,2,7,255,1091,250,0,0
stim,7655,37776,1,37776,3235109.455,0.873,-0.092,-0.062,0.474,3087,27,0,3161,1437,2420,210,2291,55,1.221,1,2070,0,132.095,2.067,-84.250,-12.250,-101.000,-0.289,0.129,0.547,-0.934,1.844,1.473,0.476,0.010,1.086,1.295,2,NULL,NULL,,3,1,2,7,255,1091,250,0,0
stim,7700,37821,1,37821,3235114.454,0.871,-0.091,-0.062,0.479,3079,33,0,3157,1559,2429,215,2323,55,1.221,1,2070,0,115.072,1.871,-17.563,-12.813,-113.000,0.102,0.031,0.801,-0.316,1.844,-2.320,0.482,0.000,1.086,1.295,2,NULL,NULL,,3,1,2,7,255,1091,250,0,0
stim,7700,37821,1,37821,3235119.455,0.870,-0.090,-0.063,0.481,3087,55,0,3165,1592,2444,217,2349,55,1.221,1,2070,0,78.526,2.391,-16.313,-8.188,-76.375,0.219,-0.121,1.152,0.594,-2.316,-2.320,0.000,0.000,1.086,1.295,2,NULL,NULL,,3,1,2,7,255,1091,250,0,0
stim,7700,37821,1,37821,3235124.454,0.869,-0.087,-0.064,0.483,3082,99,0,3177,1651,2467,217,2376,55,1.221,1,2070,0,63.410,3.511,-53.563,-5.813,-33.438,0.055,-0.148,1.137,0.594,-3.461,0.730,0.000,0.000,1.086,1.295,2,NULL,NULL,,3,1,2,7,255,1091,250,0,0
stim,7700,37821,1,37821,3235129.455,0.869,-0.085,-0.065,0.483,3095,108,0,3171,1715,2477,219,2399,55,1.221,1,2070,0,68.607,3.488,-62.750,-5.500,-27.188,-0.191,-0.023,0.879,-0.438,-3.461,0.730,0.000,0.000,1.086,1.295,2,NULL,NULL,,3,1,2,7,255,1091,250,0,0
stim,7700,37821,1,37821,3235134.454,0.868,-0.083,-0.066,0.485,3092,125,0,3177,1767,2489,236,2421,55,1.221,1,2070,0,64.040,0.535,-35.625,-5.438,-52.938,-0.230,0.098,0.816,-0.438,-0.309,-1.039,0.000,0.000,1.086,1.295,2,NULL,NULL,,3,1,2,7,255,1091,250,0,0
stim,7700,37821,1,37821,3235139.455,0.867,-0.082,-0.066,0.488,3096,158,17,3181,1813,2493,237,2441,55,1.221,1,2070,0,70.843,0.310,-13.813,-5.688,-69.250,-0.047,0.023,0.977,0.027,-0.309,-1.039,0.000,0.000,1.086,1.295,2,NULL,NULL,,3,1,2,7,255,1091,250,0,0
stim,7722,37843,1,37843,3235144.453,0.865,-0.081,-0.066,0.490,3095,183,76,3179,1865,2506,239,2455,55,1.221,1,2070,0,56.102,1.395,-14.938,-3.875,-53.938,0.125,-0.160,1.070,0.027,-1.395,-0.328,0.000,0.000,1.086,1.295,2,NULL,NULL,,3,1,2,7,255,1091,250,0,0
stim,7722,37843,1,37843,3235149.455,0.865,-0.080,-0.066,0.491,3096,204,139,3179,1893,2516,239,2455,55,1.221,1,2070,0,30.937,3.871,-23.188,-1.313,-20.438,0.098,-0.238,0.996,-0.168,-3.867,-0.328,0.000,0.000,1.086,1.295,2,NULL,NULL,,3,1,2,7,255,1091,250,0,0
stim,7722,37843,1,37843,3235154.454,0.865,-0.079,-0.067,0.491,3092,205,204,3171,1915,2514,243,2457,55,1.221,1,2070,0,22.732,3.990,-22.625,-1.813,1.250,-0.082,-0.160,0.918,-0.980,-3.867,-0.520,0.000,0.000,1.086,1.295,2,NULL,NULL,,3,1,2,7,255,1091,250,0,0
stim,7722,37843,1,37843,3235159.455,0.865,-0.079,-0.067,0.491,3099,215,271,3179,1932,2519,235,2467,55,1.221,1,2070,0,11.350,2.174,-10.563,-1.125,-4.000,-0.215,-0.063,0.918,-1.086,-1.883,-0.617,0.000,0.000,1.086,1.295,2,NULL,NULL,,3,1,2,7,255,1091,250,0,0
stim,7722,37843,1,37843,3235164.454,0.865,-0.078,-0.067,0.491,3101,223,309,3176,1947,2525,230,2463,55,1.221,1,2070,0,17.574,1.166,-0.938,-1.313,-17.500,-0.180,-0.004,0.992,-1.086,-0.426,-0.617,0.000,0.000,1.086,1.295,2,NULL,NULL,,3,1,2,7,255,1091,250,0,0
stim,7722,37843,1,37843,3235169.455,0.864,-0.078,-0.067,0.492,3107,223,334,3179,1965,2523,205,2475,55,1.182,1,2070,1,18.070,0.573,-1.125,-1.875,-17.938,-0.086,0.000,1.047,-0.383,-0.426,0.055,0.000,0.000,1.058,1.329,2,NULL,NULL,,3,1,2,7,255,1091,250,0,0
stim,7747,37868,0,37868,3235174.455,0.864,-0.078,-0.067,0.492,3089,218,366,3173,1975,2532,203,2471,55,1.182,1,2070,1,8.402,1.258,-5.063,-1.375,-6.563,-0.082,-0.023,1.043,0.000,-1.258,0.367,0.008,0.006,1.058,1.329,2,NULL,NULL,,3,0,2,7,255,1085,250,0,0
stim,7747,37868,0,37868,3235179.455,0.864,-0.077,-0.067,0.492,3099,217,403,3179,1978,2525,191,2479,55,1.182,1,2070,1,6.913,1.258,-6.500,-2.313,0.438,-0.148,0.004,1.031,0.000,-1.258,0.395,0.012,0.010,1.058,1.329,2,NULL,NULL,,3,0,2,7,255,1085,250,0,0
stim,7747,37868,0,37868,3235184.454,0.864,-0.077,-0.067,0.492,3098,205,422,3173,1997,2525,197,2478,55,1.182,1,2070,1,5.209,0.697,-3.563,-2.688,-2.688,-0.184,0.023,1.004,-0.117,-0.688,0.367,0.018,0.014,1.058,1.329,2,NULL,NULL,,3,0,2,7,255,1085,250,0,0
stim,7747,37868,0,37868,3235189.455,0.864,-0.077,-0.067,0.493,3095,189,445,3177,2005,2537,181,2487,55,1.182,1,2070,1,7.709,0.525,-0.875,-3.500,-6.813,-0.156,0.012,1.000,-0.117,-0.512,0.199,0.026,0.018,1.058,1.329,2,NULL,NULL,,3,0,2,7,255,1085,250,0,0
stim,7748,37869,0,37869,3235194.453,0.864,-0.077,-0.067,0.493,3089,186,453,3169,1997,2523,179,2485,55,1.182,1,2070,1,6.312,0.523,0.625,-4.250,-4.625,-0.117,0.004,0.996,-0.109,-0.512,0.109,0.032,0.024,1.058,1.329,2,NULL,NULL,,3,0,2,7,255,1085,250,0,0
stim,7748,37869,0,37869,3235199.455,0.864,-0.077,-0.066,0.493,3095,174,461,3164,2002,2525,171,2487,55,1.182,1,2070,1,5.101,0.789,0.875,-4.688,1.813,-0.121,0.016,1.000,0.008,-0.789,0.047,0.036,0.028,1.058,1.329,2,NULL,NULL,,3,0,2,7,255,1085,250,0,0
stim,7804,37925,0,37925,3235204.454,0.864,-0.077,-0.066,0.493,3078,170,472,3157,2001,2519,173,2489,55,1.182,1,2070,1,6.893,0.789,0.625,-5.750,3.750,-0.164,0.031,0.996,0.016,-0.789,0.047,0.042,0.030,1.058,1.329,2,NULL,NULL,,3,0,2,7,255,1085,250,0,0
stim,7804,37925,0,37925,3235209.455,0.864,-0.077,-0.066,0.493,3067,163,475,3147,1997,2515,179,2491,55,1.182,1,2070,1,7.055,0.348,3.500,-6.125,-0.063,-0.172,0.035,0.977,0.016,-0.348,0.047,0.046,0.034,1.058,1.329,2,NULL,NULL,,3,0,2,7,255,1085,250,0,0
stim,7804,37925,0,37925,3235214.453,0.864,-0.077,-0.065,0.493,3064,153,478,3136,1999,2518,187,2489,55,1.182,1,2070,1,9.797,0.348,6.813,-6.750,-2.000,-0.121,0.055,1.000,0.016,-0.348,0.063,0.052,0.036,1.058,1.329,2,NULL,NULL,,3,0,2,7,255,1085,250,0,0
stim,7804,37925,0,37925,3235219.455,0.864,-0.077,-0.065,0.493,3052,143,487,3139,2005,2515,210,2501,55,1.182,1,2070,1,8.964,0.697,5.438,-6.625,2.625,-0.109,0.078,1.035,0.395,-0.574,0.066,0.056,0.040,1.058,1.329,2,NULL,NULL,,3,0,2,7,255,1085,250,0,0
stim,7804,37925,0,37925,3235224.454,0.864,-0.077,-0.065,0.493,3039,145,505,3119,2002,2505,210,2494,55,1.182,1,2070,1,8.789,0.857,1.250,-6.938,5.250,-0.145,0.094,1.027,0.637,-0.574,0.359,0.058,0.040,1.058,1.329,2,NULL,NULL,,3,0,2,7,255,1085,250,0,0
stim,7804,37925,0,37925,3235229.455,0.865,-0.077,-0.064,0.492,3035,139,535,3117,2013,2509,211,2501,55,1.182,1,2070,1,7.609,0.675,0.875,-6.938,3.000,-0.180,0.094,1.000,0.637,-0.223,0.359,0.062,0.042,1.058,1.329,2,NULL,NULL,,3,0,2,7,255,1085,250,0,0
stim,7804,37925,0,37925,3235234.453,0.865,-0.077,-0.064,0.493,3029,135,552,3107,2020,2503,248,2507,55,1.182,1,2070,1,9.226,0.455,3.875,-8.188,-1.750,-0.191,0.094,0.992,0.438,0.125,0.172,0.064,0.042,1.058,1.329,2,NULL,NULL,,3,0,2,7,255,1085,250,0,0
stim,7804,37925,0,37925,3235239.455,0.864,-0.077,-0.063,0.493,3013,134,582,3091,2029,2495,269,2511,55,1.182,1,2070,1,11.919,0.470,5.500,-10.000,-3.438,-0.184,0.102,1.012,0.438,0.172,0.172,0.066,0.042,1.058,1.329,2,NULL,NULL,,3,0,2,7,255,1085,250,0,0
stim,7804,37925,0,37925,3235244.454,0.864,-0.077,-0.063,0.493,2989,133,623,3069,2040,2503,282,2516,55,1.182,1,2070,1,12.374,0.522,4.063,-11.313,-2.938,-0.188,0.148,1.023,0.480,0.203,0.289,0.066,0.042,1.058,1.329,2,NULL,NULL,,3,0,2,7,255,1085,250,0,0
stim,7804,37925,0,37925,3235249.455,0.864,-0.077,-0.062,0.493,2982,135,663,3056,2067,2493,297,2531,55,1.182,1,2070,1,13.311,0.926,2.313,-11.750,-5.813,-0.188,0.180,1.020,0.832,0.406,0.414,0.068,0.040,1.058,1.329,2,NULL,NULL,,3,0,2,7,255,1085,250,0,0
stim,7804,37925,0,37925,3235254.453,0.864,-0.077,-0.062,0.493,2963,139,683,3043,2095,2495,317,2541,55,1.182,1,2070,1,15.448,1.152,1.813,-12.688,-8.625,-0.164,0.176,1.023,1.078,0.406,0.414,0.068,0.038,1.058,1.329,2,NULL,NULL,,3,0,2,7,255,1085,250,0,0
stim,7804,37925,0,37925,3235259.455,0.864,-0.076,-0.061,0.494,2937,155,725,3027,2129,2485,350,2543,55,1.182,1,2070,1,15.567,1.213,-0.750,-14.125,-6.500,-0.145,0.168,1.035,1.156,0.367,0.414,0.068,0.038,1.058,1.329,2,NULL,NULL,,3,0,2,7,255,1085,250,0,0
stim,7833,37954,0,37954,3235264.454,0.864,-0.076,-0.060,0.494,2907,149,777,3004,2166,2491,397,2553,55,1.182,1,2070,1,15.667,1.200,-3.625,-14.563,-4.500,-0.156,0.172,1.023,1.156,0.320,0.410,0.066,0.034,1.058,1.329,2,NULL,NULL,,3,0,2,7,255,1085,250,0,0
stim,7833,37954,0,37954,3235269.455,0.864,-0.076,-0.060,0.494,2893,169,863,3001,2203,2479,428,2579,55,1.182,1,2070,1,17.381,1.185,-3.188,-14.750,-8.625,-0.156,0.172,1.023,1.141,0.320,0.410,0.064,0.030,1.058,1.329,2,NULL,NULL,,3,0,2,7,255,1085,250,0,0
stim,7833,37954,0,37954,3235274.454,0.864,-0.075,-0.059,0.495,2869,179,922,2983,2245,2478,459,2591,55,1.182,1,2070,1,19.222,1.185,-2.000,-14.625,-12.313,-0.129,0.164,1.016,1.141,0.320,0.406,0.062,0.024,1.058,1.329,2,NULL,NULL,,3,0,2,7,255,1085,250,0,0
stim,7833,37954,0,37954,3235279.455,0.864,-0.075,-0.059,0.495,2845,187,986,2967,2285,2483,502,2597,55,1.182,1,2070,1,19.055,1.144,-4.250,-12.625,-13.625,-0.105,0.141,1.004,1.141,0.094,0.254,0.062,0.018,1.058,1.329,2,NULL,NULL,,3,0,2,7,255,1085,250,0,0
stim,7833,37954,0,37954,3235284.453,0.863,-0.074,-0.058,0.496,2815,204,1067,2949,2301,2474,566,2601,55,1.182,1,2070,1,19.130,1.216,-6.000,-12.688,-13.000,-0.086,0.145,1.012,1.203,-0.176,0.160,0.060,0.012,1.058,1.329,2,NULL,NULL,,3,0,2,7,255,1085,250,0,0
stim,7833,37954,0,37954,3235289.455,0.863,-0.074,-0.058,0.496,2802,234,1145,2933,2329,2473,665,2612,55,1.182,1,2070,1,18.635,1.127,-4.938,-12.000,-13.375,-0.133,0.086,0.988,1.113,-0.176,0.098,0.060,0.006,1.058,1.329,2,NULL,NULL,,3,0,2,7,255,1085,250,0,0
stim,7864,37985,0,37985,3235294.454,0.863,-0.073,-0.058,0.497,2765,250,1209,2918,2361,2472,781,2622,55,1.182,1,2070,1,25.963,0.602,-9.313,-9.313,-22.375,-0.129,0.047,0.988,0.500,-0.336,-0.031,0.060,0.004,1.058,1.329,2,NULL,NULL,,3,0,2,7,255,1085,250,0,0
stim,7864,37985,0,37985,3235299.455,0.862,-0.073,-0.057,0.498,2745,263,1277,2905,2395,2481,887,2637,55,1.182,1,2070,1,24.107,0.593,-10.125,-11.375,-18.688,-0.105,0.063,0.980,0.449,-0.387,-0.051,0.060,0.008,1.058,1.329,2,NULL,NULL,,3,0,2,7,255,1085,250,0,0
stim,7864,37985,0,37985,3235304.453,0.862,-0.072,-0.057,0.499,2719,273,1404,2892,2441,2476,990,2643,55,1.182,1,2070,1,28.893,0.426,-8.813,-9.188,-25.938,-0.184,0.008,0.977,0.180,-0.387,-0.082,0.062,0.016,1.058,1.329,2,NULL,NULL,,3,0,2,7,255,1085,250,0,0
stim,7864,37985,0,37985,3235309.455,0.861,-0.071,-0.057,0.500,2679,277,1523,2875,2459,2473,1081,2649,55,1.182,1,2070,1,33.020,0.403,-13.563,-11.063,-28.000,-0.145,0.074,1.016,0.383,-0.125,-0.082,0.064,0.020,1.058,1.329,2,NULL,NULL,,3,0,2,7,255,1085,250,0,0
stim,7902,38023,0,38023,3235314.453,0.861,-0.070,-0.057,0.501,2636,278,1620,2859,2487,2471,1182,2659,55,1.182,1,2070,1,38.802,0.135,-18.563,-10.625,-32.375,-0.203,0.051,1.008,-0.098,-0.094,0.277,0.066,0.024,1.058,1.329,2,NULL,NULL,,3,0,2,7,255,1085,250,0,0
stim,7902,38023,0,38023,3235319.455,0.860,-0.069,-0.057,0.502,2605,310,1725,2856,2524,2476,1303,2672,55,1.182,1,2070,1,49.655,0.140,-25.063,-11.438,-41.313,-0.164,0.043,1.039,0.063,-0.125,0.285,0.066,0.028,1.058,1.329,2,NULL,NULL,,3,0,2,7,255,1085,250,0,0
stim,7902,38023,0,38023,3235324.454,0.859,-0.067,-0.058,0.504,2552,323,1845,2838,2552,2485,1389,2680,55,1.182,1,2070,1,55.306,0.171,-34.000,-12.000,-41.938,-0.164,-0.008,1.008,-0.098,-0.141,0.285,0.068,0.032,1.058,1.329,2,NULL,NULL,,3,0,2,7,255,1085,250,0,0
stim,7902,38023,0,38023,3235329.455,0.858,-0.065,-0.058,0.505,2508,339,1927,2825,2591,2485,1479,2701,55,1.182,1,2070,1,56.340,0.286,-35.188,-12.500,-42.188,-0.109,0.004,0.961,-0.020,-0.285,0.199,0.070,0.034,1.058,1.329,2,NULL,NULL,,3,0,2,7,255,1085,250,0,0
stim,7902,38023,0,38023,3235334.453,0.858,-0.064,-0.058,0.507,2467,378,2009,2791,2607,2483,1576,2723,55,1.182,1,2070,1,50.690,0.595,-29.750,-13.875,-38.625,-0.133,-0.023,0.949,-0.316,-0.504,-0.363,0.070,0.034,1.058,1.329,2,NULL,NULL,,3,0,2,7,255,1085,250,0,0
stim,7902,38023,0,38023,3235339.455,0.857,-0.062,-0.059,0.508,2404,376,2091,2779,2629,2483,1689,2727,55,1.182,1,2070,1,49.603,0.650,-30.313,-14.625,-36.438,-0.105,-0.035,0.980,-0.273,-0.590,-0.363,0.070,0.032,1.058,1.329,2,NULL,NULL,,3,0,2,7,255,1085,250,0,0
stim,7902,38023,0,38023,3235344.454,0.856,-0.060,-0.059,0.510,2357,373,2173,2761,2665,2480,1765,2739,55,1.182,1,2070,1,50.800,0.642,-30.875,-16.500,-36.813,-0.160,-0.078,1.023,-0.316,-0.559,-0.156,0.070,0.032,1.058,1.329,2,NULL,NULL,,3,0,2,7,255,1085,250,0,0
stim,7902,38023,0,38023,3235349.455,0.856,-0.058,-0.059,0.511,2285,377,2245,2731,2682,2485,1842,2757,55,1.182,1,2070,1,60.514,1.119,-43.750,-16.875,-38.250,-0.141,-0.090,1.035,-0.816,-0.766,0.316,0.070,0.028,1.058,1.329,2,NULL,NULL,,3,0,2,7,255,1085,250,0,0
stim,7902,38023,0,38023,3235354.453,0.855,-0.056,-0.060,0.512,2206,379,2317,2693,2709,2487,1916,2763,55,1.182,1,2070,1,63.264,1.060,-45.688,-18.438,-39.688,-0.129,-0.070,0.988,-0.816,-0.676,0.316,0.072,0.026,1.058,1.329,2,NULL,NULL,,3,0,2,7,255,1085,250,0,0
stim,7902,38023,0,38023,3235359.455,0.854,-0.053,-0.060,0.513,2135,393,2383,2650,2729,2489,2005,2777,55,1.182,1,2070,1,61.311,0.957,-47.063,-18.813,-34.500,-0.074,-0.023,0.906,-0.574,-0.766,-0.063,0.074,0.024,1.058,1.329,2,NULL,NULL,,3,0,2,7,255,1085,250,0,0
stim,7942,38063,0,38063,3235364.454,0.854,-0.052,-0.060,0.515,2075,396,2445,2607,2747,2493,2075,2789,55,1.182,1,2070,1,45.969,0.676,-28.938,-20.938,-28.938,-0.102,-0.012,0.891,0.016,-0.676,-0.918,0.074,0.024,1.058,1.329,2,NULL,NULL,,3,0,2,7,255,1085,250,0,0
stim,7942,38063,0,38063,3235369.455,0.853,-0.050,-0.059,0.515,1976,405,2495,2558,2766,2495,2137,2801,55,1.182,1,2070,1,39.443,0.485,-22.688,-22.500,-23.125,-0.121,-0.039,0.977,0.016,-0.484,-0.918,0.076,0.022,1.058,1.329,2,NULL,NULL,,3,0,2,7,255,1085,250,0,0
stim,7942,38063,0,38063,3235374.453,0.853,-0.049,-0.059,0.516,1882,398,2553,2517,2793,2503,2203,2827,55,1.182,1,2070,1,41.574,0.510,-22.563,-24.250,-25.125,-0.184,-0.082,1.055,-0.234,-0.453,-0.184,0.078,0.022,1.058,1.329,2,NULL,NULL,,3,0,2,7,255,1085,250,0,0
stim,7942,38063,0,38063,3235379.455,0.852,-0.047,-0.059,0.517,1785,402,2597,2477,2815,2505,2261,2839,55,1.182,1,2070,1,50.716,0.322,-31.563,-24.875,-30.938,-0.168,-0.027,1.035,-0.250,-0.203,0.465,0.082,0.020,1.058,1.329,2,NULL,NULL,,3,0,2,7,255,1085,250,0,0
stim,7942,38063,0,38063,3235384.453,0.852,-0.045,-0.059,0.519,1659,393,2644,2393,2843,2507,2312,2855,55,1.182,1,2070,1,53.491,0.322,-32.000,-25.938,-34.125,-0.117,-0.016,0.984,-0.250,-0.203,0.465,0.084,0.020,1.058,1.329,2,NULL,NULL,,3,0,2,7,255,1085,250,0,0
stim,7942,38063,0,38063,3235389.455,0.851,-0.043,-0.058,0.520,1491,379,2664,2299,2855,2505,2376,2860,55,1.182,1,2070,1,47.722,0.313,-26.563,-27.625,-28.438,-0.074,-0.031,0.969,0.020,-0.313,-0.105,0.086,0.020,1.058,1.329,2,NULL,NULL,,3,0,2,7,255,1085,250,0,0
stim,7961,38082,0,38082,3235394.454,0.851,-0.042,-0.058,0.520,1299,359,2713,2199,2867,2515,2428,2869,55,1.182,1,2070,1,40.232,0.454,-19.500,-29.125,-19.750,-0.102,-0.031,0.992,0.020,-0.453,-0.105,0.088,0.020,1.058,1.329,2,NULL,NULL,,3,0,2,7,255,1085,250,0,0
stim,7961,38082,0,38082,3235399.455,0.851,-0.040,-0.057,0.521,1161,329,2743,2077,2891,2513,2477,2888,55,1.182,1,2070,1,40.792,0.464,-17.813,-30.438,-20.500,-0.105,-0.020,1.043,0.098,-0.453,-0.035,0.090,0.020,1.058,1.329,2,NULL,NULL,,3,0,2,7,255,1085,250,0,0
stim,7961,38082,0,38082,3235404.453,0.850,-0.039,-0.056,0.522,998,301,2779,1931,2903,2502,2511,2889,55,1.182,1,2070,1,41.038,0.465,-19.500,-31.375,-17.875,-0.086,-0.027,1.047,0.105,-0.453,0.441,0.092,0.020,1.058,1.329,2,NULL,NULL,,3,0,2,7,255,1085,250,0,0
stim,7961,38082,0,38082,3235409.455,0.850,-0.037,-0.055,0.522,848,247,2798,1766,2921,2501,2575,2905,55,1.182,1,2070,1,41.580,0.424,-21.750,-32.688,-13.688,-0.105,-0.012,1.047,0.164,-0.391,0.461,0.092,0.020,1.058,1.329,2,NULL,NULL,,3,0,2,7,255,1085,250,0,0
stim,8000,38121,0,38121,3235414.454,0.850,-0.035,-0.054,0.522,581,227,2833,1549,2941,2491,2611,2918,55,1.182,1,2070,1,42.243,0.347,-21.313,-35.313,-9.125,-0.125,0.051,1.055,0.191,-0.289,0.500,0.096,0.022,1.058,1.329,2,NULL,NULL,,3,0,2,7,255,1085,250,0,0
stim,8000,38121,0,38121,3235419.455,0.850,-0.034,-0.053,0.523,431,186,2860,1371,2944,2485,2647,2931,55,1.182,1,2070,1,44.949,0.681,-21.500,-35.625,-17.000,-0.117,0.066,1.059,0.656,0.184,0.586,0.098,0.022,1.058,1.329,2,NULL,NULL,,3,0,2,7,255,1085,250,0,0
stim,8000,38121,0,38121,3235424.454,0.850,-0.032,-0.052,0.524,276,141,2873,1171,2969,2476,2679,2933,55,1.182,1,2070,1,46.546,0.852,-18.875,-38.375,-18.375,-0.066,0.066,1.070,0.832,0.184,0.598,0.100,0.022,1.058,1.329,2,NULL,NULL,,3,0,2,7,255,1085,250,0,0
stim,8000,38121,0,38121,3235429.455,0.850,-0.031,-0.051,0.524,157,81,2902,943,2987,2461,2695,2943,55,1.182,1,2070,1,45.915,1.081,-18.938,-39.188,-14.625,-0.047,0.098,1.109,1.063,-0.199,0.652,0.102,0.022,1.058,1.329,2,NULL,NULL,,3,0,2,7,255,1085,250,0,0
stim,8000,38121,0,38121,3235434.453,0.849,-0.029,-0.050,0.524,47,38,2921,701,3001,2447,2727,2953,55,1.182,1,2070,1,45.951,1.486,-17.688,-41.563,-8.438,-0.074,0.125,1.137,1.473,-0.199,0.984,0.104,0.022,1.058,1.329,2,NULL,NULL,,3,0,2,7,255,1085,250,0,0
stim,8000,38121,0,38121,3235439.455,0.849,-0.027,-0.049,0.525,11,24,2927,517,3006,2421,2748,2963,55,1.182,1,2070,1,53.225,1.601,-26.625,-43.313,-15.750,-0.086,0.172,1.160,1.594,0.152,1.309,0.108,0.022,1.058,1.329,2,NULL,NULL,,3,0,2,7,255,1085,250,0,0
stim,8022,38143,0,38143,3235444.454,0.849,-0.025,-0.048,0.526,0,0,2939,346,3014,2385,2791,2965,55,1.182,1,2070,1,59.083,1.662,-28.313,-45.938,-24.063,-0.137,0.113,1.125,1.594,0.473,1.309,0.110,0.022,1.058,1.329,2,NULL,NULL,,3,0,2,7,255,1085,250,0,0
stim,8022,38143,0,38143,3235449.455,0.849,-0.024,-0.046,0.526,0,0,2944,297,3033,2357,2807,2965,55,1.182,1,2070,1,55.762,1.442,-5.500,-53.563,-14.500,-0.242,0.066,1.207,1.234,0.746,1.508,0.114,0.024,1.058,1.329,2,NULL,NULL,,3,0,2,7,255,1085,250,0,0
stim,8022,38143,0,38143,3235454.453,0.849,-0.023,-0.043,0.527,0,0,2969,249,3037,2329,2838,2971,55,1.182,1,2070,0,68.019,1.514,20.688,-63.375,-13.500,-0.395,0.035,1.453,0.398,1.461,2.180,0.118,0.026,1.058,1.329,2,NULL,NULL,,3,0,2,7,255,1085,250,0,0
stim,8022,38143,0,38143,3235459.455,0.849,-0.024,-0.039,0.527,0,0,2973,215,3037,2283,2855,2973,55,1.182,1,2070,0,95.447,2.537,54.188,-78.563,-1.313,-0.520,0.039,1.934,-0.387,2.508,4.723,0.118,0.030,1.058,1.329,2,NULL,NULL,,3,0,2,7,255,1085,250,0,0
stim,8022,38143,0,38143,3235464.454,0.849,-0.021,-0.036,0.527,0,0,2991,163,3052,2228,2873,2971,55,1.182,1,2070,0,90.099,2.537,-21.125,-87.313,6.938,-0.219,0.160,1.887,-0.387,2.508,8.746,0.116,0.036,1.058,1.329,2,NULL,NULL,,3,0,2,7,255,1085,250,0,0
stim,8022,38143,0,38143,3235469.455,0.849,-0.015,-0.036,0.527,0,0,2989,115,3056,2172,2899,2981,55,1.182,1,2070,0,138.997,1.431,-113.188,-80.188,-8.875,-0.082,-0.063,1.305,-0.055,1.430,8.746,0.112,0.040,1.058,1.329,2,NULL,NULL,,3,0,2,7,255,1085,250,0,0
stim,8047,38168,0,38168,3235474.454,0.850,-0.009,-0.035,0.526,0,0,3015,45,3065,2087,2917,2983,55,1.182,1,2070,0,132.996,0.055,-94.375,-90.313,25.000,-0.129,-0.160,0.926,-0.055,-0.008,3.004,0.108,0.046,1.058,1.329,3,NULL,NULL,,3,0,2,7,255,1085,250,0,0
stim,8047,38168,0,38168,3235479.455,0.851,-0.006,-0.032,0.524,0,0,3003,0,3087,2002,2925,2985,55,1.182,1,2070,0,115.417,1.328,-35.313,-99.500,46.625,-0.293,-0.141,0.910,-1.328,-0.008,-0.602,0.104,0.050,1.058,1.329,3,NULL,NULL,,3,0,2,7,255,1085,250,0,0
stim,8047,38168,0,38168,3235484.453,0.852,-0.004,-0.028,0.523,0,0,3001,0,3081,1865,2941,2973,55,1.182,1,2070,0,110.031,2.507,-2.375,-106.688,26.813,-0.414,-0.184,1.051,-1.926,1.605,-0.602,0.100,0.054,1.058,1.329,3,NULL,NULL,,3,0,2,7,255,1085,250,0,0
stim,8047,38168,0,38168,3235489.455,0.852,-0.001,-0.024,0.522,0,0,3000,0,3091,1725,2965,2969,55,1.182,1,2070,0,113.519,3.387,7.625,-113.250,1.688,-0.379,-0.254,1.254,-2.781,1.934,0.770,0.096,0.060,1.058,1.329,3,NULL,NULL,,3,0,2,7,255,1085,250,0,0
stim,8047,38168,0,38168,3235494.454,0.852,0.001,-0.020,0.522,0,0,2997,0,3093,1579,2975,2963,55,1.182,1,2070,0,119.160,3.681,0.438,-119.125,-2.875,-0.273,-0.305,1.313,-3.133,1.934,2.746,0.090,0.068,1.058,1.329,3,NULL,NULL,,3,0,2,7,255,1085,250,0,0
stim,8047,38168,0,38168,3235499.455,0.853,0.005,-0.016,0.522,0,0,2986,0,3099,1373,2983,2955,55,1.182,1,2070,0,125.632,3.260,-8.563,-125.250,4.750,-0.199,-0.289,1.250,-3.133,0.902,2.746,0.084,0.076,1.058,1.329,3,NULL,NULL,,3,0,2,7,255,1085,250,0,0
stim,8105,38226,0,38226,3235504.453,0.853,0.008,-0.011,0.521,0,0,2989,0,3113,1181,2994,2952,55,1.182,1,2070,0,132.427,2.917,-12.500,-131.188,13.063,-0.203,-0.191,1.191,-2.773,0.902,2.613,0.076,0.086,1.058,1.329,3,NULL,NULL,,3,0,2,7,255,1085,250,0,0
stim,8105,38226,0,38226,3235509.455,0.854,0.011,-0.007,0.521,0,0,2968,0,3113,955,2992,2951,55,1.182,1,2070,0,138.174,2.261,-7.500,-137.125,15.250,-0.230,-0.129,1.129,-2.000,1.055,1.973,0.068,0.096,1.058,1.329,3,NULL,NULL,,3,0,2,7,255,1085,250,0,0
stim,8105,38226,0,38226,3235514.454,0.854,0.014,-0.001,0.520,0,0,2943,0,3108,677,3002,2927,55,1.182,1,2070,0,145.815,2.337,8.813,-145.000,12.625,-0.234,-0.098,1.109,-1.652,1.652,1.305,0.060,0.104,1.058,1.329,3,NULL,NULL,,3,0,2,7,255,1085,250,0,0
stim,8105,38226,0,38226,3235519.455,0.854,0.017,0.005,0.519,0,0,2931,0,3116,521,3013,2909,55,1.182,1,2070,0,156.151,2.454,24.125,-154.063,8.125,-0.254,-0.066,1.207,-1.496,1.945,1.305,0.050,0.114,1.058,1.329,3,NULL,NULL,,3,0,2,7,255,1085,250,0,0
stim,8105,38226,0,38226,3235524.454,0.855,0.019,0.011,0.519,0,0,2907,0,3111,348,3017,2899,55,1.182,1,2070,0,164.759,2.783,31.188,-161.750,3.125,-0.230,-0.055,1.320,-1.391,2.410,1.957,0.040,0.126,1.058,1.329,3,NULL,NULL,,3,0,2,7,255,1085,250,0,0
stim,8105,38226,0,38226,3235529.455,0.855,0.022,0.018,0.518,0,0,2871,0,3110,145,3023,2863,55,1.182,1,2070,0,173.806,2.746,26.875,-171.688,3.125,-0.191,-0.004,1.344,-1.234,2.453,3.031,0.030,0.138,1.058,1.329,3,NULL,NULL,,3,0,2,7,255,1085,250,0,0
stim,8105,38226,0,38226,3235534.453,0.855,0.025,0.025,0.518,0,0,2833,0,3115,87,3027,2835,55,1.182,1,2070,0,181.980,2.616,23.125,-180.438,4.938,-0.152,0.086,1.395,-0.746,2.508,3.215,0.020,0.152,1.058,1.329,3,NULL,NULL,,3,0,2,7,255,1085,250,0,0
stim,8105,38226,0,38226,3235539.455,0.855,0.028,0.033,0.517,0,0,2791,0,3111,20,3033,2805,55,1.182,1,2070,0,192.056,2.775,19.563,-190.438,15.375,-0.168,0.172,1.473,0.105,2.773,3.676,0.014,0.164,1.058,1.329,3,NULL,NULL,,3,0,2,7,255,1085,250,0,0
stim,8105,38226,0,38226,3235544.454,0.855,0.032,0.041,0.516,0,0,2743,0,3115,0,3037,2749,55,1.182,1,2070,0,202.420,3.596,20.938,-200.500,18.313,-0.262,0.227,1.535,0.570,3.551,4.352,0.016,0.178,1.058,1.329,3,NULL,NULL,,3,0,2,7,255,1085,250,0,0
stim,8105,38226,0,38226,3235549.455,0.855,0.036,0.049,0.514,0,0,2667,0,3112,0,3031,2707,55,1.182,1,2070,0,214.319,4.904,21.313,-212.875,12.750,-0.293,0.262,1.707,0.570,4.871,4.777,0.022,0.190,1.058,1.329,3,NULL,NULL,,3,0,2,7,255,1085,250,0,0
stim,8105,38226,0,38226,3235554.453,0.855,0.041,0.057,0.513,0,0,2581,0,3101,0,3025,2637,55,1.182,1,2070,0,224.762,5.770,8.250,-224.438,8.813,-0.320,0.313,1.977,0.570,5.742,6.320,0.030,0.202,1.058,1.329,3,NULL,NULL,,3,0,2,7,255,1085,250,0,0
stim,8105,38226,0,38226,3235559.455,0.855,0.046,0.066,0.512,0,0,2475,0,3099,0,3027,2581,55,1.182,1,2070,0,241.191,6.884,-7.313,-240.688,13.750,-0.418,0.305,2.195,0.535,6.863,8.816,0.038,0.214,1.058,1.329,3,NULL,NULL,,3,0,2,7,255,1085,250,0,0
stim,8134,38255,0,38255,3235564.454,0.855,0.053,0.075,0.511,0,0,2377,0,3089,0,3017,2483,55,1.182,1,2070,0,262.778,8.377,-18.688,-261.000,24.125,-0.484,0.480,2.445,0.605,8.355,10.648,0.048,0.228,1.058,1.329,3,NULL,NULL,,3,0,2,7,255,1085,250,0,0
stim,8134,38255,0,38255,3235569.455,0.855,0.061,0.085,0.508,0,0,2231,0,3058,0,3011,2377,55,1.182,1,2070,0,291.418,10.633,-56.000,-283.875,34.688,-0.488,0.746,2.500,0.707,10.609,12.676,0.060,0.244,1.058,1.329,3,NULL,NULL,,3,0,2,7,255,1085,250,0,0
stim,8134,38255,0,38255,3235574.453,0.854,0.072,0.094,0.506,0,0,2095,0,3036,0,3003,2238,55,1.182,1,2070,0,321.109,12.831,-87.125,-306.688,38.250,-0.539,0.887,2.445,2.793,12.523,12.676,0.074,0.264,1.058,1.329,3,NULL,NULL,,3,0,2,7,255,1085,250,0,0
stim,8134,38255,0,38255,3235579.455,0.854,0.083,0.104,0.504,0,0,1957,0,3027,23,2979,2101,55,1.182,1,2070,0,347.424,14.460,-110.125,-327.750,34.000,-0.555,0.875,2.465,3.301,14.078,11.742,0.094,0.284,1.058,1.329,3,NULL,NULL,,3,0,2,7,255,1085,250,0,0
stim,8134,38255,0,38255,3235584.453,0.852,0.096,0.113,0.502,0,0,1815,0,2990,33,2949,1945,55,1.182,1,2070,0,374.443,15.218,-138.563,-346.688,28.563,-0.625,0.777,2.449,3.301,14.855,11.453,0.116,0.310,1.058,1.329,3,NULL,NULL,,3,0,2,7,255,1085,250,0,0
stim,8134,38255,0,38255,3235589.455,0.850,0.110,0.123,0.500,0,0,1701,0,2944,29,2901,1827,55,1.182,1,2070,0,399.587,15.789,-154.875,-367.688,22.125,-0.656,0.828,2.473,2.270,15.625,10.707,0.148,0.342,1.058,1.329,3,NULL,NULL,,3,0,2,7,255,1085,250,0,0
stim,8164,38285,0,38285,3235594.454,0.848,0.125,0.134,0.498,0,0,1608,0,2893,23,2853,1705,55,1.182,1,2070,0,418.973,17.015,-163.313,-385.688,10.625,-0.688,0.926,2.582,2.270,16.863,10.414,0.186,0.382,1.058,1.329,3,NULL,NULL,,3,0,2,7,255,1085,250,0,0
stim,8164,38285,0,38285,3235599.455,0.845,0.140,0.145,0.496,0,0,1475,0,2845,11,2758,1567,55,1.182,1,2070,0,440.651,18.829,-168.125,-407.313,1.938,-0.816,0.789,2.691,2.270,18.691,10.363,0.232,0.428,1.058,1.329,3,NULL,NULL,,3,0,2,7,255,1085,250,0,0
stim,8164,38285,0,38285,3235604.453,0.841,0.156,0.157,0.494,0,0,1342,0,2771,0,2644,1437,55,1.182,1,2070,0,473.506,20.278,-198.125,-430.063,-0.500,-0.879,0.586,2.637,0.910,20.258,10.363,0.286,0.484,1.058,1.329,3,NULL,NULL,,3,0,2,7,255,1085,250,0,0
stim,8164,38285,0,38285,3235609.455,0.836,0.173,0.169,0.492,0,0,1175,0,2673,0,2477,1299,55,1.182,1,2070,0,481.453,20.437,-184.813,-443.938,-23.688,-0.891,0.375,2.656,-1.125,20.406,9.055,0.348,0.546,1.058,1.329,3,NULL,NULL,,3,0,2,7,255,1085,250,0,0
stim,8203,38324,0,38324,3235614.454,0.831,0.188,0.182,0.491,0,0,993,0,2536,0,2279,1133,55,1.182,1,2070,0,486.802,20.679,-165.750,-456.125,-38.125,-0.809,0.316,2.770,-3.047,20.453,9.055,0.414,0.612,1.058,1.329,3,NULL,NULL,,3,0,2,7,255,1085,250,0,0
stim,8203,38324,0,38324,3235619.455,0.825,0.204,0.196,0.489,0,0,794,0,2377,0,1992,981,55,1.182,1,2070,0,497.214,21.149,-169.000,-465.375,-45.688,-0.691,0.184,2.871,-3.371,20.879,9.152,0.486,0.686,1.058,1.329,3,NULL,NULL,,3,0,2,7,255,1085,250,0,0
stim,8203,38324,0,38324,3235624.455,0.819,0.221,0.209,0.487,0,0,613,0,2149,0,1641,844,55,1.182,1,2070,0,513.656,21.293,-189.500,-476.188,-34.313,-0.578,-0.074,2.703,-4.180,20.879,9.152,0.568,0.768,1.058,1.329,3,NULL,NULL,,3,0,2,7,255,1085,250,0,0
stim,8203,38324,0,38324,3235629.455,0.812,0.239,0.222,0.484,0,0,377,0,1877,0,1205,701,55,1.182,1,2070,0,531.968,19.841,-196.563,-494.313,-2.875,-0.512,-0.496,2.234,-5.832,18.965,8.621,0.658,0.858,1.058,1.329,3,NULL,NULL,,3,0,2,7,255,1085,250,0,0
stim,8203,38324,0,38324,3235634.454,0.806,0.256,0.236,0.479,0,0,202,0,1543,0,635,569,55,1.182,1,2070,0,538.966,17.053,-178.750,-508.438,4.938,-0.293,-0.613,1.578,-8.387,14.848,5.313,0.754,0.956,1.058,1.329,3,NULL,NULL,,3,0,2,7,255,1085,250,0,0
stim,8203,38324,0,38324,3235639.455,0.799,0.270,0.252,0.474,0,0,107,0,1141,0,202,416,55,1.182,1,2070,0,527.531,12.693,-103.000,-517.375,1.750,-0.133,-0.434,1.242,-8.387,9.527,1.281,0.856,1.060,1.058,1.329,3,NULL,NULL,,3,0,2,7,255,1085,250,0,0
stim,8203,38324,0,38324,3235644.453,0.794,0.282,0.269,0.466,0,0,38,0,731,0,0,320,55,1.182,1,2070,0,517.774,11.210,-8.438,-516.875,29.313,-0.211,0.051,1.586,-5.906,9.527,-0.598,0.958,1.166,1.058,1.329,3,NULL,NULL,,3,0,2,7,255,1085,250,0,0
stim,8203,38324,0,38324,3235649.455,0.790,0.293,0.286,0.456,0,0,23,0,225,0,0,246,55,1.182,1,2070,0,524.980,12.665,13.625,-517.625,86.500,-0.512,0.441,2.086,-2.621,12.391,-0.922,1.062,1.272,1.058,1.329,3,NULL,NULL,,3,0,2,7,255,1085,250,0,0
stim,8203,38324,0,38324,3235654.453,0.787,0.307,0.301,0.444,0,0,0,0,0,0,0,157,55,1.182,1,2070,0,549.156,19.621,-44.625,-523.375,160.188,-1.008,0.590,2.078,-2.621,19.445,-0.922,1.162,1.374,1.058,1.329,3,NULL,NULL,,3,0,2,7,255,1085,250,0,0
stim,8203,38324,0,38324,3235659.455,0.782,0.323,0.313,0.432,0,0,0,0,0,0,0,116,55,1.182,1,2070,0,554.628,21.841,-110.250,-516.313,169.938,-1.172,0.844,1.703,-1.559,21.785,-5.828,1.250,1.468,1.058,1.329,4,NULL,NULL,,3,0,2,7,255,1085,250,0,0
stim,8232,38353,0,38353,3235664.454,0.775,0.339,0.324,0.423,0,0,0,0,0,0,0,35,55,1.182,1,2070,0,522.580,21.800,-173.750,-479.125,115.500,-0.773,1.156,1.242,-0.809,21.785,-10.906,1.328,1.548,1.058,1.329,0,NULL,NULL,,3,0,2,7,255,1085,250,0,0
stim,8232,38353,0,38353,3235669.455,0.767,0.357,0.332,0.416,0,0,0,0,0,0,0,24,55,1.182,1,2070,0,503.630,18.056,-261.000,-417.125,107.375,-0.684,1.176,0.797,4.352,17.523,-12.145,1.398,1.622,1.058,1.329,0,NULL,NULL,,3,0,2,7,255,1085,250,0,0
stim,8232,38353,0,38353,3235674.453,0.759,0.378,0.333,0.412,0,0,0,0,0,0,0,29,55,1.182,1,2070,0,523.677,14.608,-389.000,-321.375,140.125,-0.469,1.395,-0.117,5.730,13.438,-14.512,1.468,1.694,1.058,1.329,0,NULL,NULL,,3,0,2,7,255,1085,250,0,0
stim,8232,38353,0,38353,3235679.455,0.753,0.393,0.334,0.409,0,0,0,0,0,0,0,27,55,1.182,1,2070,0,365.172,10.066,-280.750,-219.500,79.688,-0.305,1.000,-0.805,8.480,5.422,-18.426,1.546,1.776,1.058,1.329,0,NULL,NULL,,3,0,2,7,255,1085,250,0,0
stim,8253,38374,0,38374,3235684.454,0.752,0.396,0.336,0.406,0,0,0,0,0,0,0,31,55,1.182,1,2070,0,128.297,8.599,-6.000,-118.625,48.500,-0.492,-0.313,-0.234,8.480,-1.426,-18.426,1.636,1.870,1.058,1.329,0,NULL,NULL,,3,0,2,7,255,1085,250,0,0
stim,8253,38374,0,38374,3235689.455,0.754,0.394,0.339,0.402,0,0,0,0,0,0,0,25,55,1.182,1,2070,0,116.744,4.773,102.750,-38.750,39.625,-0.938,-1.023,1.234,-4.555,-1.426,-13.797,1.734,1.968,1.058,1.329,0,NULL,NULL,,3,0,2,7,255,1085,250,0,0
stim,8253,38374,0,38374,3235694.453,0.755,0.393,0.337,0.403,0,0,0,0,0,0,0,13,55,1.182,1,2070,0,54.409,16.678,-8.125,52.500,11.750,-1.262,-0.578,1.551,-13.129,10.285,-11.207,1.828,2.064,1.058,1.329,0,NULL,NULL,,3,0,2,7,255,1085,250,0,0
stim,8253,38374,0,38374,3235699.455,0.754,0.394,0.331,0.408,0,0,0,0,0,0,0,9,55,1.182,1,2070,0,172.716,17.911,-110.500,131.625,-17.188,-1.180,0.477,0.770,-13.129,12.184,-11.207,1.914,2.152,1.058,1.329,0,NULL,NULL,,3,0,2,7,255,1085,250,0,0
stim,8253,38374,0,38374,3235704.454,0.755,0.393,0.324,0.413,0,0,0,0,0,0,0,11,55,1.182,1,2070,0,200.175,12.397,-70.625,185.750,-24.063,-1.020,1.246,0.207,-2.293,12.184,-17.398,1.992,2.232,1.058,1.329,0,NULL,NULL,,3,0,2,7,255,1085,250,0,0
stim,8253,38374,0,38374,3235709.455,0.758,0.388,0.318,0.417,0,0,0,0,0,0,0,2,55,1.182,1,2070,0,218.751,13.422,19.500,216.375,-25.563,-1.016,1.262,0.516,5.699,12.152,-19.543,2.062,2.302,1.058,1.329,0,NULL,NULL,,3,0,2,7,255,1085,250,0,0
stim,8300,38421,0,38421,3235714.453,0.761,0.382,0.311,0.422,0,0,0,0,0,0,0,0,55,1.182,1,2070,0,241.306,13.422,26.313,236.938,-37.375,-1.023,0.762,1.129,5.699,12.152,-19.543,2.122,2.366,1.058,1.329,0,NULL,NULL,,3,0,2,7,255,1085,250,0,0
stim,8300,38421,0,38421,3235719.455,0.762,0.378,0.303,0.429,0,0,0,0,0,0,0,0,55,1.182,1,2070,0,260.222,15.209,-53.563,250.438,-46.125,-0.902,0.398,1.234,0.652,15.195,-14.699,2.178,2.424,1.058,1.329,0,NULL,NULL,,3,0,2,7,255,1085,250,0,0
stim,8300,38421,0,38421,3235724.454,0.763,0.377,0.293,0.436,0,0,0,0,0,0,0,12,55,1.182,1,2070,0,291.099,15.207,-132.188,256.500,-38.375,-0.695,0.367,0.750,-0.602,15.195,-12.375,2.236,2.482,1.058,1.329,0,NULL,NULL,,3,0,2,7,255,1085,250,0,0
stim,8300,38421,0,38421,3235729.455,0.763,0.377,0.282,0.443,0,0,0,0,0,0,0,20,55,1.182,1,2070,0,295.882,10.279,-147.063,256.000,-19.563,-0.555,0.453,0.121,-0.602,10.262,-12.375,2.288,2.538,1.058,1.329,0,NULL,NULL,,3,0,2,7,255,1085,250,0,0
stim,8300,38421,0,38421,3235734.454,0.764,0.376,0.271,0.449,0,0,0,0,0,0,0,26,55,1.182,1,2070,0,274.988,4.973,-110.438,251.813,-3.500,-0.488,0.434,-0.254,1.367,4.781,-14.836,2.326,2.580,1.058,1.329,0,NULL,NULL,,3,0,2,7,255,1085,250,0,0
stim,8300,38421,0,38421,3235739.455,0.766,0.373,0.262,0.454,0,0,0,0,0,0,0,30,55,1.182,1,2070,0,254.697,1.970,-58.813,247.750,5.625,-0.418,0.324,-0.406,1.367,1.418,-16.238,2.356,2.610,1.058,1.329,0,NULL,NULL,,3,0,2,7,255,1085,250,0,0
stim,8324,38445,0,38445,3235744.453,0.768,0.368,0.253,0.458,0,0,0,0,0,0,0,35,55,1.182,1,2070,0,246.848,1.101,-19.375,245.625,15.063,-0.293,0.262,-0.383,1.031,-0.387,-16.238,2.384,2.642,1.058,1.329,0,NULL,NULL,,3,0,2,7,255,1085,250,0,0
stim,8324,38445,0,38445,3235749.455,0.772,0.364,0.245,0.461,0,0,0,0,0,0,0,36,55,1.182,1,2070,0,247.313,1.355,8.625,244.813,34.000,-0.188,0.242,-0.371,1.031,-0.879,-15.035,2.414,2.674,1.058,1.329,0,NULL,NULL,,3,0,2,7,255,1085,250,0,0
stim,8324,38445,0,38445,3235754.454,0.776,0.358,0.236,0.463,0,0,0,0,0,0,0,31,55,1.182,1,2070,0,253.785,1.620,39.875,243.438,59.625,-0.168,0.203,-0.355,0.977,-1.293,-14.164,2.442,2.704,1.058,1.329,0,NULL,NULL,,3,0,2,7,255,1085,250,0,0
stim,8324,38446,0,38446,3235759.455,0.781,0.351,0.228,0.463,0,0,0,0,0,0,0,31,55,1.182,1,2070,0,266.470,1.613,75.563,242.375,80.938,-0.223,0.176,-0.246,0.965,-1.293,-13.844,2.468,2.732,1.058,1.329,0,NULL,NULL,,3,0,2,7,255,1085,250,0,0
stim,8324,38446,0,38446,3235764.454,0.787,0.343,0.221,0.463,0,0,0,0,0,0,0,29,55,1.182,1,2070,0,280.256,0.466,103.938,243.750,91.250,-0.273,0.211,-0.043,0.438,-0.160,-13.441,2.486,2.752,1.058,1.329,0,NULL,NULL,,3,0,2,7,255,1085,250,0,0
stim,8324,38446,0,38446,3235769.455,0.793,0.335,0.213,0.462,0,0,0,0,0,0,0,16,55,1.182,1,2070,0,292.546,1.884,120.188,248.938,95.750,-0.277,0.258,0.160,0.438,1.832,-12.602,2.502,2.770,1.058,1.329,0,NULL,NULL,,3,0,2,7,255,1085,250,0,0
stim,8344,38465,0,38465,3235774.453,0.799,0.326,0.206,0.462,0,0,0,0,0,0,0,13,55,1.182,1,2070,0,305.415,3.602,129.313,257.375,101.563,-0.293,0.266,0.344,0.785,3.516,-11.430,2.516,2.786,1.058,1.329,0,NULL,NULL,,3,0,2,7,255,1085,250,0,0
stim,8344,38465,0,38465,3235779.455,0.805,0.317,0.197,0.461,0,0,0,0,0,0,0,3,55,1.182,1,2070,0,318.702,5.030,134.313,269.000,105.688,-0.367,0.250,0.520,0.785,4.969,-10.207,2.530,2.802,1.058,1.329,0,NULL,NULL,,3,0,2,7,255,1085,250,0,0
stim,8344,38465,0,38465,3235784.454,0.811,0.307,0.189,0.460,0,0,0,0,0,0,0,3,55,1.182,1,2070,0,329.535,6.630,135.750,282.125,102.813,-0.492,0.215,0.684,0.254,6.625,-9.246,2.544,2.818,1.058,1.329,0,NULL,NULL,,3,0,2,7,255,1085,250,0,0
stim,8344,38465,0,38465,3235789.455,0.817,0.297,0.180,0.460,0,0,0,0,0,0,0,5,55,1.182,1,2070,0,336.111,8.372,132.438,295.250,90.875,-0.602,0.199,0.875,-0.684,8.344,-8.500,2.562,2.838,1.058,1.329,0,NULL,NULL,,3,0,2,7,255,1085,250,0,0
stim,8344,38465,0,38465,3235794.453,0.822,0.287,0.170,0.461,0,0,0,0,0,0,0,4,55,1.182,1,2070,0,338.068,10.254,118.188,308.313,72.563,-0.648,0.191,1.047,-1.383,10.160,-7.406,2.582,2.862,1.058,1.329,0,NULL,NULL,,3,0,2,7,255,1085,250,0,0
stim,8344,38465,0,38465,3235799.455,0.827,0.277,0.160,0.463,0,0,0,0,0,0,0,5,55,1.182,1,2070,0,338.950,11.578,96.875,320.313,53.875,-0.633,0.172,1.148,-1.641,11.461,-6.023,2.608,2.888,1.058,1.329,0,NULL,NULL,,3,0,2,7,255,1085,250,0,0
stim,8406,38527,0,38527,3235804.454,0.830,0.268,0.149,0.465,0,0,0,0,0,0,0,7,55,1.182,1,2070,0,341.333,11.582,74.188,330.875,39.063,-0.598,0.137,1.168,-1.672,11.461,-4.781,2.636,2.920,1.058,1.329,0,NULL,NULL,,3,0,2,7,255,1085,250,0,0
stim,8406,38527,0,38527,3235809.455,0.833,0.259,0.138,0.468,0,0,0,0,0,0,0,6,55,1.182,1,2070,0,345.306,11.503,54.438,340.000,25.938,-0.570,0.105,1.117,-1.684,11.379,-3.980,2.670,2.954,1.058,1.329,0,NULL,NULL,,3,0,2,7,255,1085,250,0,0
stim,8406,38527,0,38527,3235814.453,0.836,0.251,0.126,0.472,0,0,0,0,0,0,0,7,55,1.182,1,2070,0,350.297,10.745,41.875,347.563,12.438,-0.535,0.070,1.012,-1.703,10.609,-3.980,2.706,2.992,1.058,1.329,0,NULL,NULL,,3,0,2,7,255,1085,250,0,0
stim,8406,38527,0,38527,3235819.455,0.838,0.242,0.114,0.476,0,0,0,0,0,0,0,7,55,1.182,1,2070,0,355.108,9.668,42.438,352.563,-0.875,-0.500,0.020,0.863,-1.730,9.512,-4.109,2.744,3.034,1.058,1.329,0,NULL,NULL,,3,0,2,7,255,1085,250,0,0
stim,8406,38527,0,38527,3235824.455,0.840,0.232,0.103,0.480,0,0,0,0,0,0,0,11,55,1.182,1,2070,0,359.552,8.337,57.188,354.750,-12.625,-0.461,-0.012,0.785,-1.918,8.113,-4.762,2.786,3.076,1.058,1.329,0,NULL,NULL,,3,0,2,7,255,1085,250,0,0
stim,8406,38527,0,38527,3235829.455,0.841,0.222,0.091,0.485,0,0,0,0,0,0,0,8,55,1.182,1,2070,0,363.266,7.443,72.875,355.125,-23.188,-0.418,-0.031,0.785,-1.918,7.191,-4.762,2.828,3.120,1.058,1.329,0,NULL,NULL,,3,0,2,7,255,1085,250,0,0
stim,8406,38527,0,38527,3235834.453,0.842,0.211,0.081,0.489,0,0,0,0,0,0,0,9,55,1.182,1,2070,0,365.505,6.943,88.250,353.188,-32.625,-0.414,0.051,0.766,-1.781,6.711,-4.688,2.868,3.164,1.058,1.329,0,NULL,NULL,,3,0,2,7,255,1085,250,0,0
stim,8406,38527,0,38527,3235839.455,0.843,0.199,0.071,0.494,0,0,0,0,0,0,0,8,55,1.182,1,2070,0,373.236,6.786,114.000,350.625,-58.063,-0.430,0.117,0.766,-1.004,6.711,-4.688,2.910,3.208,1.058,1.329,0,NULL,NULL,,3,0,2,7,255,1085,250,0,0
stim,8406,38527,0,38527,3235844.453,0.844,0.186,0.062,0.500,0,0,0,0,0,0,0,6,55,1.182,1,2070,0,378.997,6.786,135.250,347.813,-66.125,-0.172,-0.133,0.875,-1.004,6.711,-4.688,2.950,3.250,1.058,1.329,0,NULL,NULL,,3,0,2,7,255,1085,250,0,0
stim,8406,38527,0,38527,3235849.455,0.845,0.173,0.053,0.504,0,0,0,0,0,0,0,10,55,1.182,1,2070,0,374.377,4.243,144.063,343.563,-37.000,0.020,-0.246,0.949,-1.043,4.113,-2.098,2.988,3.290,1.058,1.329,0,NULL,NULL,,3,0,2,7,255,1085,250,0,0
stim,8406,38527,0,38527,3235854.454,0.846,0.160,0.044,0.507,0,0,0,0,0,0,0,10,55,1.182,1,2070,0,370.180,4.130,154.250,336.500,-2.875,-0.094,-0.020,1.039,-1.043,3.996,-0.500,3.022,3.326,1.058,1.329,0,NULL,NULL,,3,0,2,7,255,1085,250,0,0
stim,8406,38527,0,38527,3235859.455,0.847,0.147,0.036,0.509,0,0,0,0,0,0,0,17,55,1.182,1,2070,0,370.876,4.024,169.563,329.813,-4.625,-0.297,0.246,1.152,0.473,3.996,-0.426,3.054,3.360,1.058,1.329,0,NULL,NULL,,3,0,2,7,255,1085,250,0,0
stim,8433,38554,0,38554,3235864.454,0.848,0.133,0.028,0.512,0,0,0,0,0,0,0,22,55,1.182,1,2070,0,374.761,6.758,181.438,326.438,-31.063,-0.266,0.250,1.238,1.941,6.473,-0.305,3.082,3.390,1.058,1.329,0,NULL,NULL,,3,0,2,7,255,1085,250,0,0
stim,8433,38554,0,38554,3235869.455,0.848,0.118,0.021,0.516,0,0,0,0,0,0,0,30,55,1.182,1,2070,0,377.866,6.758,193.750,322.438,-35.750,-0.105,0.074,1.367,1.941,6.473,0.793,3.110,3.420,1.058,1.329,0,NULL,NULL,,3,0,2,7,255,1085,250,0,0
stim,8433,38554,0,38554,3235874.454,0.849,0.104,0.014,0.518,0,0,0,0,0,0,0,31,55,1.182,1,2070,0,378.913,4.653,203.750,318.938,-18.438,-0.105,0.078,1.551,1.785,4.297,2.809,3.138,3.448,1.058,1.329,0,NULL,NULL,,3,0,2,7,255,1085,250,0,0
stim,8433,38554,0,38554,3235879.455,0.849,0.089,0.007,0.520,0,0,0,0,0,0,0,36,55,1.182,1,2070,0,376.527,4.653,205.250,315.438,-12.000,-0.242,0.168,1.746,1.785,4.297,4.688,3.164,3.476,1.058,1.329,0,NULL,NULL,,3,0,2,7,255,1085,250,0,0
stim,8433,38554,0,38554,3235884.453,0.849,0.074,-0.000,0.522,0,0,0,0,0,0,0,30,55,1.182,1,2070,0,369.932,6.057,196.750,312.375,-23.688,-0.277,0.199,1.926,2.137,5.668,6.410,3.190,3.504,1.058,1.329,0,NULL,NULL,,3,0,2,7,255,1085,250,0,0
stim,8433,38554,0,38554,3235889.455,0.849,0.061,-0.007,0.525,0,0,0,0,0,0,0,39,55,1.182,1,2070,0,360.231,6.148,181.000,309.750,-32.563,-0.215,0.184,2.012,2.383,5.668,8.258,3.216,3.532,1.058,1.329,0,NULL,NULL,,3,0,2,7,255,1085,250,0,0
stim,8464,38585,0,38585,3235894.453,0.848,0.047,-0.015,0.527,0,0,0,0,0,0,0,37,55,1.182,1,2070,0,350.219,5.407,166.250,306.688,-30.938,-0.156,0.160,2.043,2.605,4.738,9.344,3.242,3.560,1.058,1.329,0,NULL,NULL,,3,0,2,7,255,1085,250,0,0
stim,8464,38585,0,38585,3235899.455,0.848,0.034,-0.022,0.529,0,0,0,0,0,0,0,37,55,1.182,1,2070,0,343.010,4.410,156.813,303.875,-26.938,-0.156,0.141,2.059,2.605,3.559,9.824,3.268,3.588,1.058,1.329,0,NULL,NULL,,3,0,2,7,255,1085,250,0,0
stim,8464,38585,0,38585,3235904.454,0.846,0.021,-0.030,0.531,0,0,0,0,0,0,0,37,55,1.182,1,2070,0,339.382,3.825,152.438,301.813,-29.188,-0.160,0.129,2.082,2.531,2.867,10.109,3.292,3.612,1.058,1.329,0,NULL,NULL,,3,0,2,7,255,1085,250,0,0
stim,8464,38585,0,38585,3235909.455,0.845,0.009,-0.037,0.533,0,0,0,0,0,0,0,38,55,1.182,1,2070,0,339.413,3.323,152.688,301.000,-35.875,-0.113,0.090,2.121,2.449,2.246,10.422,3.314,3.638,1.058,1.329,0,NULL,NULL,,3,0,2,7,255,1085,250,0,0
stim,8503,38624,0,38624,3235914.453,0.843,-0.004,-0.045,0.535,0,0,0,0,0,0,0,39,55,1.182,1,2070,0,341.357,2.560,155.250,301.375,-39.938,-0.039,0.020,2.172,2.324,1.074,10.859,3.336,3.660,1.058,1.329,0,NULL,NULL,,3,0,2,7,255,1085,250,0,0
stim,8503,38624,0,38624,3235919.455,0.842,-0.017,-0.052,0.537,0,0,0,0,0,0,0,43,55,1.182,1,2070,0,343.243,2.116,157.125,302.625,-39.313,0.039,-0.023,2.215,2.051,-0.520,11.363,3.358,3.684,1.058,1.329,0,NULL,NULL,,3,0,2,7,255,1085,250,0,0
stim,8503,38624,0,38624,3235924.455,0.840,-0.030,-0.059,0.539,0,0,0,0,0,0,0,40,55,1.182,1,2070,0,345.813,2.903,160.063,304.000,-39.375,0.129,-0.031,2.223,2.051,-2.055,11.617,3.378,3.706,1.058,1.329,0,NULL,NULL,,3,0,2,7,255,1085,250,0,0
stim,8503,38624,0,38624,3235929.455,0.837,-0.043,-0.066,0.541,0,0,0,0,0,0,0,44,55,1.182,1,2070,0,351.145,4.181,170.188,304.313,-41.625,0.277,-0.051,2.230,2.250,-3.523,11.617,3.398,3.728,1.058,1.329,0,NULL,NULL,,3,0,2,7,255,1085,250,0,0
stim,8503,38624,0,38624,3235934.453,0.835,-0.056,-0.073,0.543,0,0,0,0,0,0,0,45,55,1.182,1,2070,0,359.857,6.134,188.625,303.375,-43.375,0.488,-0.086,2.293,2.594,-5.559,11.410,3.416,3.746,1.058,1.329,0,NULL,NULL,,3,0,2,7,255,1085,250,0,0
stim,8503,38624,0,38624,3235939.455,0.832,-0.071,-0.079,0.545,0,0,0,0,0,0,0,50,55,1.182,1,2070,0,369.288,8.869,208.313,302.063,-41.688,0.715,-0.129,2.406,3.039,-8.332,11.410,3.428,3.762,1.058,1.329,0,NULL,NULL,,3,0,2,7,255,1085,250,0,0
stim,8503,38624,0,38624,3235944.453,0.829,-0.086,-0.084,0.546,0,0,0,0,0,0,0,48,55,1.182,1,2070,0,377.402,11.893,225.875,300.313,-35.000,0.918,-0.152,2.563,3.473,-11.375,11.777,3.440,3.774,1.058,1.329,0,NULL,NULL,,3,0,2,7,255,1085,250,0,0
stim,8503,38624,0,38624,3235949.455,0.826,-0.102,-0.090,0.547,0,0,0,0,0,0,0,55,55,1.182,1,2070,0,383.448,14.810,238.500,299.000,-27.375,1.109,-0.164,2.734,3.906,-14.285,12.457,3.444,3.780,1.058,1.329,0,NULL,NULL,,3,0,2,7,255,1085,250,0,0
stim,8503,38624,0,38624,3235954.454,0.823,-0.117,-0.095,0.548,0,0,0,0,0,0,0,53,55,1.182,1,2070,0,386.954,17.706,243.938,299.688,-20.375,1.262,-0.141,2.902,4.379,-17.156,13.141,3.444,3.782,1.058,1.329,0,NULL,NULL,,3,0,2,7,255,1085,250,0,0
stim,8503,38624,0,38624,3235959.455,0.820,-0.133,-0.100,0.548,0,0,0,0,0,0,0,51,55,1.182,1,2070,0,384.026,20.233,239.500,299.875,-13.813,1.363,-0.090,3.047,4.953,-19.617,13.777,3.436,3.776,1.058,1.329,0,NULL,NULL,,3,0,2,7,255,1085,250,0,0
stim,8531,38652,0,38652,3235964.453,0.817,-0.148,-0.105,0.548,0,0,0,0,0,0,0,45,55,1.182,1,2070,0,372.191,22.216,222.563,298.188,-8.750,1.395,-0.023,3.145,5.566,-21.508,14.262,3.418,3.760,1.058,1.329,0,NULL,NULL,,3,0,2,7,255,1085,250,0,0
stim,8531,38652,0,38652,3235969.455,0.814,-0.162,-0.111,0.547,0,0,0,0,0,0,0,49,55,1.182,1,2070,0,352.077,23.427,191.688,295.188,-8.875,1.422,0.125,3.145,6.063,-22.629,14.262,3.392,3.734,1.058,1.329,0,NULL,NULL,,3,0,2,7,255,1085,250,0,0
stim,8531,38652,0,38652,3235974.454,0.810,-0.174,-0.118,0.547,0,0,0,0,0,0,0,64,55,1.182,1,2070,0,331.451,24.203,161.563,289.125,-12.813,1.555,0.359,3.094,7.293,-23.078,13.875,3.354,3.698,1.058,1.329,0,NULL,NULL,,3,0,2,7,255,1085,250,0,0
stim,8531,38652,0,38652,3235979.455,0.807,-0.186,-0.125,0.546,0,0,0,0,0,0,0,77,55,1.182,1,2070,0,309.280,25.802,133.625,278.563,-14.188,1.930,0.441,2.988,9.766,-23.883,12.582,3.304,3.650,1.058,1.329,0,NULL,NULL,,3,0,2,7,255,1085,250,0,0
stim,8554,38675,0,38675,3235984.453,0.805,-0.195,-0.132,0.545,0,0,0,0,0,0,0,101,55,1.182,1,2070,0,283.072,29.303,97.813,265.625,-2.438,2.410,0.266,2.715,11.770,-26.836,9.621,3.244,3.592,1.058,1.329,0,NULL,NULL,,3,0,2,7,255,1085,250,0,0
stim,8554,38675,0,38675,3235989.455,0.803,-0.204,-0.139,0.542,0,0,0,0,0,0,0,135,55,1.182,1,2070,0,260.796,32.787,65.938,250.813,27.563,2.813,0.008,2.227,11.770,-30.602,4.285,3.172,3.520,1.058,1.329,0,NULL,NULL,,3,0,2,7,255,1085,250,0,0
stim,8554,38675,0,38675,3235994.453,0.803,-0.212,-0.145,0.538,0,0,0,0,0,0,0,167,55,1.182,1,2070,0,249.004,34.476,53.125,233.188,69.313,3.090,-0.211,1.594,10.949,-32.691,-2.781,3.088,3.438,1.058,1.329,0,NULL,NULL,,3,0,2,7,255,1085,250,0,0
stim,8554,38675,0,38675,3235999.455,0.803,-0.220,-0.150,0.533,0,0,0,0,0,0,0,167,55,1.182,1,2070,0,252.819,34.182,70.688,214.500,113.625,3.270,-0.441,0.941,9.984,-32.691,-10.480,2.996,3.346,1.058,1.329,0,NULL,NULL,,3,0,2,7,255,1085,250,0,0
stim,8554,38675,0,38675,3236004.454,0.804,-0.230,-0.153,0.527,0,0,0,0,0,0,0,171,55,1.182,1,2070,0,277.436,32.688,121.750,194.000,156.563,3.359,-0.758,0.402,8.648,-31.523,-17.828,2.896,3.246,1.058,1.329,0,NULL,NULL,,3,0,2,7,255,1085,250,0,0
stim,8554,38675,1,38675,3236009.455,0.805,-0.242,-0.152,0.519,0,0,0,0,0,0,0,174,55,1.182,1,2070,0,331.043,30.999,201.188,171.500,199.250,3.344,-1.145,0.105,6.375,-30.336,-23.883,2.788,3.138,1.058,1.329,0,NULL,NULL,,3,1,2,7,255,1085,250,0,0
stim,8600,38721,1,38721,3236014.453,0.806,-0.258,-0.149,0.511,0,0,0,0,0,0,0,173,55,1.182,1,2070,0,410.505,29.851,299.875,151.500,235.875,3.199,-1.336,0.137,3.297,-29.668,-27.559,2.672,3.022,1.058,1.329,0,NULL,NULL,,3,1,2,7,255,1085,250,0,0
stim,8600,38721,1,38721,3236019.455,0.806,-0.277,-0.142,0.504,0,0,0,0,0,0,0,171,55,1.182,1,2070,0,495.186,29.716,405.375,131.938,251.938,2.984,-1.414,0.574,1.688,-29.668,-27.559,2.548,2.898,1.058,1.329,0,NULL,NULL,,3,1,2,7,255,1085,250,0,0
stim,8600,38721,1,38721,3236024.454,0.806,-0.296,-0.133,0.496,0,0,0,0,0,0,0,170,55,1.182,1,2070,0,510.634,29.749,423.563,105.438,265.000,2.836,-1.715,1.590,0.645,-29.742,-23.926,2.414,2.764,1.058,1.329,0,NULL,NULL,,3,1,2,7,255,1085,250,0,0
stim,8600,38721,1,38721,3236029.455,0.805,-0.312,-0.125,0.488,0,0,0,0,0,0,0,174,55,1.182,1,2070,0,460.427,34.561,379.188,88.063,245.875,2.383,-1.586,2.066,-2.523,-34.469,-16.867,2.276,2.622,1.058,1.329,0,NULL,NULL,,3,1,2,7,255,1085,250,0,0
stim,8627,38748,1,38748,3236034.453,0.805,-0.327,-0.118,0.481,0,0,0,0,0,0,0,179,55,1.182,1,2070,0,406.038,35.450,338.438,62.125,215.563,2.203,-1.547,2.422,-3.609,-35.266,-11.336,2.134,2.478,1.058,1.329,0,NULL,NULL,,3,1,2,7,255,1085,250,0,0
stim,8627,38748,1,38748,3236039.455,0.804,-0.339,-0.110,0.476,0,0,0,0,0,0,0,183,55,1.182,1,2070,0,363.794,34.749,313.563,31.125,181.813,1.777,-1.242,2.852,-4.406,-34.469,-8.324,1.990,2.332,1.058,1.329,0,NULL,NULL,,3,1,2,7,255,1085,250,0,0
stim,8627,38748,1,38748,3236044.453,0.802,-0.348,-0.103,0.473,0,0,0,0,0,0,0,185,55,1.182,1,2070,0,258.184,34.924,236.063,0.625,104.563,1.398,-0.355,3.781,-4.406,-34.645,-2.395,1.844,2.184,1.058,1.329,0,NULL,NULL,,3,1,2,7,255,1085,250,0,0
stim,8627,38748,1,38748,3236049.455,0.803,-0.351,-0.100,0.472,0,0,0,0,0,0,0,185,55,1.182,1,2070,0,109.313,34.654,79.313,-24.313,71.188,2.129,-0.602,4.027,-0.828,-34.645,6.820,1.698,2.034,1.058,1.329,0,NULL,NULL,,3,1,2,7,255,1085,250,0,0
stim,8627,38748,1,38748,3236054.454,0.807,-0.348,-0.098,0.467,0,0,0,0,0,0,0,177,55,1.182,1,2070,0,159.190,37.232,-65.625,-46.875,137.250,1.949,-0.867,3.352,-0.828,-37.223,6.820,1.552,1.880,1.058,1.329,0,NULL,NULL,,3,1,2,7,255,1085,250,0,0
stim,8627,38748,1,38748,3236059.455,0.811,-0.343,-0.096,0.464,0,0,0,0,0,0,0,171,55,1.182,1,2070,0,174.598,37.232,-127.938,-69.313,96.500,1.012,-0.320,2.723,-0.844,-37.223,4.375,1.400,1.724,1.058,1.329,0,NULL,NULL,,3,1,2,7,255,1085,250,0,0
stim,8627,38748,1,38748,3236064.453,0.814,-0.334,-0.097,0.465,0,0,0,0,0,0,0,327,55,1.182,1,2070,0,218.783,24.960,-196.750,-95.438,-6.875,1.008,0.063,2.828,-0.844,-24.945,4.375,1.246,1.564,1.058,1.329,0,NULL,NULL,,3,1,2,7,255,1085,250,0,0
stim,8627,38749,1,38749,3236069.455,0.818,-0.329,-0.091,0.462,71,0,0,447,0,29,0,399,55,1.182,1,2070,0,215.720,24.960,-69.250,-164.938,120.563,-0.121,-0.410,4.328,-0.844,-24.945,7.199,1.090,1.398,1.058,1.329,0,NULL,NULL,,3,1,2,7,255,1085,250,0,0
stim,8627,38749,1,38749,3236074.454,0.834,-0.317,-0.084,0.445,622,0,0,1017,0,229,0,440,55,1.182,1,2070,0,617.375,24.101,-302.125,-169.938,510.875,-1.227,2.391,5.156,2.332,-23.988,22.117,0.932,1.230,1.058,1.329,0,NULL,NULL,,3,1,2,7,255,1085,250,0,0
stim,8627,38749,1,38749,3236079.455,0.853,-0.283,-0.094,0.429,1060,0,0,1406,0,465,0,531,55,1.182,1,2070,0,992.795,13.044,-918.375,-96.563,364.563,-1.938,3.152,2.281,5.648,-11.758,28.129,0.778,1.060,1.058,1.329,0,NULL,NULL,,3,1,2,7,255,1085,250,0,0
stim,8652,38773,1,38773,3236084.454,0.864,-0.251,-0.105,0.423,1498,0,0,1659,0,573,0,559,55,1.182,1,2071,0,839.832,16.677,-832.563,-75.813,80.063,-2.656,2.285,-1.430,5.648,15.691,28.129,0.640,0.898,1.058,1.329,1,1105.000,20.000,,3,1,2,7,255,1085,250,0,0
stim,8652,38773,1,38773,3236089.455,0.868,-0.233,-0.112,0.425,1785,0,0,1818,0,843,0,617,55,1.182,1,2071,0,450.007,30.053,-435.875,-60.688,-94.000,-2.223,1.230,-1.813,1.410,30.020,-4.488,0.526,0.744,1.058,1.329,1,NULL,NULL,,3,1,2,7,255,1085,250,0,0
stim,8652,38773,1,38773,3236094.453,0.865,-0.226,-0.112,0.433,2008,0,0,1890,0,984,0,711,55,1.182,1,2071,0,234.262,30.020,-89.750,-89.250,-197.125,-0.340,0.270,-0.168,-0.031,30.020,-9.250,0.442,0.594,1.058,1.329,1,NULL,NULL,,3,1,2,7,255,1085,250,0,0
stim,8652,38773,1,38773,3236099.455,0.865,-0.223,-0.111,0.437,2170,0,0,1983,0,1203,0,781,55,1.182,1,2071,0,127.573,4.445,-49.438,-76.875,-89.000,0.613,0.707,1.215,-0.031,4.445,-9.250,0.406,0.456,1.058,1.329,1,NULL,NULL,,3,1,2,7,255,1085,250,0,0
stim,8693,38814,1,38814,3236104.454,0.867,-0.215,-0.110,0.436,2311,0,0,2071,0,1351,0,853,55,1.182,1,2071,0,196.023,9.413,-169.438,-95.063,26.063,0.254,1.613,1.234,9.324,1.293,0.215,0.422,0.348,1.058,1.329,1,NULL,NULL,,3,1,2,7,255,1085,250,0,0
stim,8693,38814,1,38814,3236109.455,0.871,-0.203,-0.111,0.434,2539,0,0,2335,0,1489,0,935,55,1.182,1,2071,0,269.800,9.413,-247.125,-104.063,29.875,-0.574,1.164,0.773,9.324,1.293,1.711,0.464,0.292,1.058,1.329,2,NULL,NULL,,3,1,2,7,255,1085,250,0,0
stim,8693,38814,1,38814,3236114.453,0.873,-0.191,-0.112,0.435,2702,0,0,2527,0,1507,0,1009,55,1.182,1,2071,0,297.927,8.348,-272.688,-114.500,-35.938,-1.461,-0.590,0.277,5.973,5.832,1.711,0.496,0.290,1.058,1.329,2,NULL,NULL,,3,1,2,7,255,1085,250,0,0
stim,8693,38814,1,38814,3236119.455,0.876,-0.177,-0.111,0.435,2811,0,0,2678,0,1531,0,1099,55,1.182,1,2071,0,319.842,14.355,-272.500,-167.313,-7.000,-1.828,-1.695,0.063,-13.117,5.832,-3.363,0.502,0.324,1.058,1.329,2,NULL,NULL,,3,1,2,7,255,1085,250,0,0
stim,8693,38815,1,38815,3236124.454,0.875,-0.167,-0.109,0.441,2891,0,0,2787,0,1555,0,1203,55,1.182,1,2071,0,281.509,15.256,-174.250,-159.250,-153.375,-1.227,-0.988,0.043,-14.926,3.156,-6.113,0.496,0.364,1.058,1.329,2,NULL,NULL,,3,1,2,7,255,1085,250,0,0
stim,8693,38815,1,38815,3236129.455,0.873,-0.160,-0.104,0.448,2949,0,0,2873,0,1567,0,1319,55,1.182,1,2071,0,251.145,15.251,-67.125,-171.688,-170.563,-0.211,-0.625,0.461,-14.926,3.133,-6.113,0.500,0.402,1.058,1.329,2,NULL,NULL,,3,1,2,7,255,1085,250,0,0
stim,8693,38815,1,38815,3236134.453,0.872,-0.155,-0.099,0.454,2988,0,0,2938,0,1605,0,1401,55,1.182,1,2071,0,214.433,6.936,-28.063,-177.125,-117.563,0.363,-1.039,1.246,-5.965,-3.539,-5.879,0.516,0.434,1.058,1.329,2,NULL,NULL,,3,1,2,7,255,1085,250,0,0
stim,8693,38815,1,38815,3236139.455,0.872,-0.148,-0.094,0.456,3019,0,0,2999,0,1678,0,1447,55,1.182,1,2071,0,196.350,13.924,-71.688,-177.313,-44.438,0.695,-1.461,1.539,-5.965,-12.582,-1.012,0.528,0.458,1.058,1.329,2,NULL,NULL,,3,1,2,7,255,1085,250,0,0
stim,8694,38815,1,38815,3236144.454,0.875,-0.141,-0.089,0.455,3035,0,0,3032,0,1781,0,1448,55,1.182,1,2071,0,208.352,19.248,-116.875,-169.125,33.875,0.836,-1.461,1.336,-6.457,-18.133,-1.012,0.516,0.468,1.058,1.329,2,NULL,NULL,,3,1,2,7,255,1085,250,0,0
stim,8694,38815,1,38815,3236149.455,0.878,-0.133,-0.086,0.451,3059,0,0,3077,0,1893,0,1459,55,1.182,1,2071,0,235.613,19.248,-137.625,-156.438,110.000,0.613,-1.285,1.098,-6.457,-18.133,-1.668,0.480,0.464,1.058,1.329,2,NULL,NULL,,3,1,2,7,255,1085,250,0,0
stim,8718,38839,1,38839,3236154.454,0.883,-0.126,-0.082,0.445,3063,0,0,3094,0,2005,0,1479,55,1.182,1,2071,0,252.536,16.345,-131.375,-146.938,157.875,0.129,-0.977,0.848,-6.457,-15.016,-2.762,0.430,0.452,1.058,1.329,2,NULL,NULL,,3,1,2,7,255,1085,250,0,0
stim,8718,38839,1,38839,3236159.455,0.887,-0.120,-0.077,0.439,3080,0,0,3107,0,2093,0,1511,55,1.182,1,2071,0,235.470,10.878,-90.875,-145.625,161.188,-0.297,-0.387,0.621,-6.262,-8.895,-3.293,0.386,0.434,1.058,1.329,2,NULL,NULL,,3,1,2,7,255,1085,250,0,0
stim,8718,38839,1,38839,3236164.453,0.890,-0.117,-0.072,0.435,3079,0,0,3133,0,2207,6,1677,55,1.182,1,2071,0,185.775,4.825,-27.250,-141.500,117.250,-0.305,0.039,0.898,-4.516,-1.699,-3.293,0.350,0.404,1.058,1.329,2,NULL,NULL,,3,1,2,7,255,1085,250,0,0
stim,8718,38839,1,38839,3236169.455,0.892,-0.114,-0.067,0.432,3091,0,0,3140,105,2275,141,1851,55,1.182,1,2071,0,163.803,1.168,-19.250,-135.750,89.625,-0.246,0.258,1.391,-1.168,-0.008,-0.582,0.330,0.356,1.058,1.329,2,NULL,NULL,,3,1,2,7,255,1085,250,0,0
stim,8744,38865,1,38865,3236174.454,0.893,-0.111,-0.063,0.431,3089,0,0,3153,436,2339,165,2003,55,1.182,1,2071,0,108.863,1.047,-14.688,-100.375,39.500,-0.016,0.348,2.141,1.047,-0.008,4.230,0.320,0.306,1.058,1.329,2,NULL,NULL,,3,1,2,7,255,1085,250,0,0
stim,8744,38865,1,38865,3236179.455,0.893,-0.107,-0.062,0.432,3097,0,0,3151,756,2375,131,2094,55,1.182,1,2071,0,94.039,4.333,-69.250,-55.313,-31.438,0.270,0.477,1.617,3.316,-2.789,5.582,0.318,0.258,1.058,1.329,2,NULL,NULL,,3,1,2,7,255,1085,250,0,0
stim,8744,38865,1,38865,3236184.453,0.893,-0.104,-0.061,0.434,3091,0,0,3157,935,2393,161,2158,55,1.182,1,2071,0,86.441,6.507,-55.250,-55.563,-36.500,0.633,0.957,1.094,5.879,-2.789,5.582,0.314,0.220,1.058,1.329,2,NULL,NULL,,3,1,2,7,255,1085,250,0,0
stim,8744,38865,1,38865,3236189.455,0.893,-0.103,-0.060,0.434,3093,0,0,3161,1105,2415,171,2214,55,1.182,1,2071,0,38.058,6.529,-23.500,-26.875,-13.188,0.320,0.121,1.301,5.879,-2.840,2.102,0.314,0.194,1.058,1.329,2,NULL,NULL,,3,1,2,7,255,1085,250,0,0
stim,8764,38885,1,38885,3236194.454,0.893,-0.100,-0.061,0.434,3093,30,0,3163,1191,2425,173,2264,55,1.182,1,2071,0,72.535,4.912,-68.500,-21.688,-9.938,-0.305,-0.516,1.316,3.344,-3.598,2.102,0.314,0.180,1.058,1.329,2,NULL,NULL,,3,1,2,7,255,1085,250,0,0
stim,8764,38885,1,38885,3236199.455,0.892,-0.096,-0.062,0.437,3093,35,0,3163,1303,2443,169,2301,55,1.182,1,2071,0,104.155,4.247,-83.750,-19.750,-58.688,-0.383,-0.043,0.926,-2.258,-3.598,2.102,0.318,0.172,1.058,1.329,2,NULL,NULL,,3,1,2,7,255,1085,250,0,0
stim,8764,38885,1,38885,3236204.453,0.891,-0.094,-0.062,0.441,3093,40,0,3167,1407,2455,169,2332,55,1.182,1,2071,0,116.887,2.290,-39.500,-12.375,-109.313,-0.070,0.270,0.836,-2.258,0.383,-0.262,0.324,0.164,1.058,1.329,2,NULL,NULL,,3,1,2,7,255,1085,250,0,0
stim,8764,38885,1,38885,3236209.455,0.889,-0.093,-0.063,0.444,3093,103,0,3166,1503,2463,170,2360,55,1.182,1,2071,0,94.433,1.944,-19.688,-9.438,-91.875,0.238,0.008,1.004,1.906,0.383,-0.629,0.334,0.154,1.058,1.329,2,NULL,NULL,,3,1,2,7,255,1085,250,0,0
stim,8802,38923,1,38923,3236214.454,0.888,-0.091,-0.063,0.446,3093,112,0,3167,1573,2475,181,2391,55,1.182,1,2071,0,58.205,4.263,-36.750,-8.250,-44.375,0.055,-0.305,1.055,1.906,-3.813,-0.629,0.350,0.140,1.058,1.329,2,NULL,NULL,,3,1,2,7,255,1085,250,0,0
stim,8802,38923,1,38923,3236219.455,0.888,-0.088,-0.064,0.447,3093,139,0,3175,1640,2485,183,2415,55,1.182,1,2071,0,61.303,4.122,-54.875,-7.813,-26.188,-0.191,-0.242,0.918,-1.566,-3.813,-0.629,0.372,0.122,1.058,1.329,2,NULL,NULL,,3,1,2,7,255,1085,250,0,0
stim,8802,38923,1,38923,3236224.454,0.887,-0.086,-0.065,0.449,3095,167,5,3173,1702,2490,182,2431,55,1.182,1,2071,0,64.491,2.372,-45.313,-8.000,-45.188,-0.203,-0.020,0.855,-1.566,-1.781,-0.828,0.394,0.102,1.058,1.329,2,NULL,NULL,,3,1,2,7,255,1085,250,0,0
stim,8802,38923,1,38923,3236229.455,0.886,-0.085,-0.065,0.451,3096,201,43,3174,1763,2493,187,2444,55,1.182,1,2071,0,65.117,1.997,-28.313,-6.750,-58.250,0.012,-0.039,0.953,-0.902,-1.781,-0.828,0.416,0.086,1.058,1.329,2,NULL,NULL,,3,1,2,7,255,1085,250,0,0
stim,8802,38923,1,38923,3236234.453,0.886,-0.083,-0.065,0.452,3099,219,122,3174,1817,2503,189,2453,55,1.182,1,2071,0,44.607,2.152,-25.188,-4.813,-36.500,0.137,-0.191,1.012,-0.176,-2.145,-0.695,0.430,0.078,1.058,1.329,2,NULL,NULL,,3,1,2,7,255,1085,250,0,0
stim,8802,38923,1,38923,3236239.455,0.886,-0.082,-0.066,0.452,3099,233,175,3176,1867,2508,188,2463,55,1.182,1,2071,0,28.989,3.044,-28.563,-3.688,-3.313,0.020,-0.180,0.973,-0.176,-3.039,-0.590,0.438,0.074,1.058,1.329,2,NULL,NULL,,3,1,2,7,255,1085,250,0,0
stim,8802,38923,1,38923,3236244.454,0.886,-0.081,-0.066,0.452,3099,235,293,3175,1895,2515,184,2475,55,1.182,1,2071,0,24.957,3.065,-24.188,-3.750,4.875,-0.176,0.004,0.957,-0.395,-3.039,-0.469,0.444,0.072,1.058,1.329,2,NULL,NULL,,3,1,2,7,255,1085,250,0,0
stim,8802,38923,1,38923,3236249.455,0.886,-0.080,-0.066,0.452,3100,240,337,3175,1915,2519,179,2483,55,1.182,1,2071,0,20.841,0.583,-17.000,-3.813,-11.438,-0.223,0.063,0.984,-0.395,-0.430,-0.285,0.450,0.068,1.058,1.329,2,NULL,NULL,,3,1,2,7,255,1085,250,0,0
stim,8802,38923,1,38923,3236254.453,0.885,-0.080,-0.067,0.453,3101,235,399,3173,1944,2523,167,2484,55,1.182,1,2071,0,25.639,0.461,-11.813,-2.438,-22.625,-0.098,-0.012,1.004,-0.168,-0.430,0.027,0.462,0.060,1.058,1.329,2,NULL,NULL,,3,1,2,7,255,1085,250,0,0
stim,8802,38923,0,38923,3236259.455,0.885,-0.079,-0.067,0.454,3101,231,432,3177,1957,2521,167,2491,55,1.211,1,2071,1,16.495,1.180,-12.500,-2.625,-10.438,-0.012,-0.074,1.020,-0.027,-1.180,0.027,0.000,0.000,1.061,1.308,2,NULL,NULL,,3,0,2,7,255,1080,250,0,0
stim,8833,38954,0,38954,3236264.454,0.885,-0.078,-0.067,0.453,3099,229,471,3175,1974,2524,165,2495,55,1.211,1,2071,1,14.473,1.277,-13.063,-2.813,5.563,-0.086,-0.020,1.008,-0.020,-1.277,0.027,0.006,0.006,1.061,1.308,2,NULL,NULL,,3,0,2,7,255,1080,250,0,0
stim,8833,38954,0,38954,3236269.455,0.886,-0.078,-0.067,0.453,3113,225,507,3175,1991,2537,168,2505,55,1.211,1,2071,1,10.995,1.277,-9.313,-2.813,5.125,-0.188,0.051,1.000,-0.020,-1.277,0.031,0.014,0.012,1.061,1.308,2,NULL,NULL,,3,0,2,7,255,1080,250,0,0
stim,8833,38954,0,38954,3236274.453,0.886,-0.078,-0.067,0.453,3093,221,521,3173,2003,2526,167,2515,55,1.211,1,2071,1,7.291,0.125,-5.500,-3.625,-3.125,-0.184,0.055,1.012,-0.008,-0.125,0.180,0.020,0.016,1.061,1.308,2,NULL,NULL,,3,0,2,7,255,1080,250,0,0
stim,8833,38954,0,38954,3236279.455,0.885,-0.077,-0.067,0.453,3101,221,560,3165,2013,2525,169,2523,55,1.211,1,2071,1,8.940,0.126,-5.063,-4.188,-6.063,-0.133,0.027,1.020,0.016,-0.125,0.250,0.024,0.018,1.061,1.308,2,NULL,NULL,,3,0,2,7,255,1080,250,0,0
stim,8861,38982,0,38982,3236284.454,0.885,-0.077,-0.066,0.453,3089,215,573,3160,2019,2521,173,2511,55,1.211,1,2071,1,6.943,0.678,-5.000,-4.438,-1.875,-0.113,0.035,1.020,0.117,-0.668,0.250,0.028,0.022,1.061,1.308,2,NULL,NULL,,3,0,2,7,255,1080,250,0,0
stim,8861,38982,0,38982,3236289.455,0.885,-0.077,-0.066,0.453,3083,215,598,3155,2027,2519,181,2511,55,1.211,1,2071,1,6.201,0.734,-3.750,-4.938,0.125,-0.148,0.090,1.035,0.305,-0.668,0.250,0.032,0.024,1.061,1.308,2,NULL,NULL,,3,0,2,7,255,1080,250,0,0
stim,8861,38982,0,38982,3236294.453,0.885,-0.076,-0.066,0.454,3081,215,619,3143,2040,2519,195,2519,55,1.211,1,2071,1,6.825,0.560,-2.563,-5.000,-3.875,-0.156,0.129,1.035,0.516,-0.219,0.449,0.036,0.026,1.061,1.308,2,NULL,NULL,,3,0,2,7,255,1080,250,0,0
stim,8861,38982,0,38982,3236299.455,0.885,-0.076,-0.066,0.454,3065,217,629,3148,2053,2523,201,2520,55,1.211,1,2071,1,8.735,0.815,-3.250,-5.313,-6.125,-0.121,0.117,1.043,0.785,-0.219,0.492,0.040,0.028,1.061,1.308,2,NULL,NULL,,3,0,2,7,255,1080,250,0,0
stim,8861,38982,0,38982,3236304.454,0.885,-0.076,-0.066,0.454,3054,213,632,3130,2041,2509,201,2517,55,1.211,1,2071,1,8.226,0.823,-4.875,-5.375,-3.875,-0.113,0.086,1.020,0.785,-0.246,0.492,0.042,0.030,1.061,1.308,2,NULL,NULL,,3,0,2,7,255,1080,250,0,0
stim,8861,38982,0,38982,3236309.455,0.885,-0.076,-0.065,0.454,3043,203,644,3123,2056,2507,213,2521,55,1.211,1,2071,1,7.483,0.738,-4.625,-5.688,-1.500,-0.141,0.066,0.996,0.672,-0.305,0.246,0.044,0.032,1.061,1.308,2,NULL,NULL,,3,0,2,7,255,1080,250,0,0
stim,8899,39020,0,39020,3236314.453,0.885,-0.075,-0.065,0.454,3032,196,651,3111,2063,2504,223,2522,55,1.211,1,2071,1,7.261,0.477,-2.750,-6.375,-2.125,-0.164,0.055,0.988,0.367,-0.305,0.051,0.048,0.032,1.061,1.308,2,NULL,NULL,,3,0,2,7,255,1080,250,0,0
stim,8899,39020,0,39020,3236319.455,0.885,-0.075,-0.065,0.454,3023,188,657,3097,2069,2495,227,2525,55,1.211,1,2071,1,9.044,0.192,-0.063,-6.875,-5.875,-0.184,0.055,0.984,0.121,-0.148,0.020,0.050,0.032,1.061,1.308,2,NULL,NULL,,3,0,2,7,255,1080,250,0,0
stim,8927,39048,0,39048,3236324.454,0.885,-0.075,-0.064,0.455,3007,181,665,3092,2085,2505,251,2537,55,1.211,1,2071,1,12.462,0.142,2.438,-7.688,-9.500,-0.164,0.074,1.004,0.121,-0.074,0.020,0.050,0.032,1.061,1.308,2,NULL,NULL,,3,0,2,7,255,1080,250,0,0
stim,8927,39048,0,39048,3236329.455,0.885,-0.075,-0.064,0.455,3005,175,676,3067,2103,2495,279,2543,55,1.211,1,2071,1,11.656,0.280,0.563,-8.688,-7.750,-0.133,0.078,1.031,0.270,-0.074,0.176,0.052,0.030,1.061,1.308,2,NULL,NULL,,3,0,2,7,255,1080,250,0,0
stim,8927,39048,0,39048,3236334.453,0.885,-0.075,-0.064,0.455,2972,176,693,3063,2129,2491,311,2547,55,1.211,1,2071,1,10.800,0.428,-3.313,-9.813,-3.063,-0.152,0.039,0.992,0.270,-0.332,0.176,0.052,0.028,1.061,1.308,2,NULL,NULL,,3,0,2,7,255,1080,250,0,0
stim,8927,39048,0,39048,3236339.455,0.885,-0.074,-0.063,0.455,2967,168,710,3049,2143,2485,342,2544,55,1.211,1,2071,1,11.582,0.334,-1.438,-10.750,-4.063,-0.188,0.031,0.945,0.039,-0.332,0.039,0.052,0.024,1.061,1.308,2,NULL,NULL,,3,0,2,7,255,1080,250,0,0
stim,8927,39048,0,39048,3236344.453,0.885,-0.074,-0.063,0.456,2937,167,757,3023,2183,2479,364,2567,55,1.211,1,2071,1,16.091,0.042,5.188,-13.000,-7.938,-0.184,0.055,0.949,-0.035,-0.023,-0.309,0.052,0.022,1.061,1.308,2,NULL,NULL,,3,0,2,7,255,1080,250,0,0
stim,8927,39048,0,39048,3236349.455,0.885,-0.074,-0.062,0.456,2911,165,809,3005,2198,2483,379,2575,55,1.211,1,2071,1,19.949,0.068,10.188,-14.563,-9.063,-0.160,0.090,0.980,-0.035,0.059,-0.309,0.052,0.018,1.061,1.308,2,NULL,NULL,,3,0,2,7,255,1080,250,0,0
stim,8927,39048,0,39048,3236354.454,0.884,-0.075,-0.061,0.457,2887,164,867,2981,2231,2476,418,2583,55,1.211,1,2071,1,19.472,0.376,9.000,-14.500,-9.375,-0.141,0.129,1.016,0.371,0.059,-0.055,0.052,0.012,1.061,1.308,2,NULL,NULL,,3,0,2,7,255,1080,250,0,0
stim,8927,39048,0,39048,3236359.455,0.884,-0.074,-0.060,0.457,2860,171,917,2961,2260,2473,467,2590,55,1.211,1,2071,1,17.241,0.826,3.563,-15.813,-5.875,-0.109,0.199,1.043,0.824,0.059,0.289,0.052,0.006,1.061,1.308,2,NULL,NULL,,3,0,2,7,255,1080,250,0,0
stim,8927,39048,0,39048,3236364.453,0.884,-0.074,-0.060,0.457,2847,180,970,2936,2295,2476,527,2609,55,1.211,1,2071,1,16.753,1.179,0.688,-16.688,-1.313,-0.160,0.191,1.020,1.164,0.188,0.371,0.052,0.004,1.061,1.308,2,NULL,NULL,,3,0,2,7,255,1080,250,0,0
stim,8927,39048,0,39048,3236369.455,0.884,-0.074,-0.059,0.457,2806,207,1049,2933,2326,2471,583,2621,55,1.211,1,2071,1,19.144,1.310,-0.938,-14.938,-11.938,-0.203,0.148,1.000,1.164,0.602,0.371,0.054,0.004,1.061,1.308,2,NULL,NULL,,3,0,2,7,255,1080,250,0,0
stim,8927,39048,0,39048,3236374.454,0.884,-0.074,-0.058,0.458,2781,228,1126,2905,2359,2478,662,2635,55,1.211,1,2071,1,23.917,1.310,-0.250,-17.313,-16.500,-0.125,0.180,1.023,1.164,0.602,0.352,0.056,0.008,1.061,1.308,2,NULL,NULL,,3,0,2,7,255,1080,250,0,0
stim,8927,39048,0,39048,3236379.455,0.884,-0.073,-0.058,0.459,2743,237,1180,2873,2392,2475,750,2633,55,1.211,1,2071,1,22.520,0.974,-1.063,-16.000,-15.813,-0.129,0.145,1.012,0.938,0.266,0.246,0.060,0.014,1.061,1.308,2,NULL,NULL,,3,0,2,7,255,1080,250,0,0
stim,8952,39073,0,39073,3236384.453,0.883,-0.073,-0.057,0.459,2715,247,1263,2859,2429,2477,875,2643,55,1.211,1,2071,1,25.998,0.979,-6.625,-14.375,-20.625,-0.105,0.133,1.039,0.973,0.113,0.352,0.064,0.018,1.061,1.308,2,NULL,NULL,,3,0,2,7,255,1080,250,0,0
stim,8952,39073,0,39073,3236389.455,0.883,-0.072,-0.057,0.460,2681,253,1351,2839,2461,2475,965,2659,55,1.211,1,2071,1,26.063,0.943,-10.750,-15.188,-18.250,-0.133,0.098,1.020,0.938,-0.098,0.293,0.068,0.020,1.061,1.308,2,NULL,NULL,,3,0,2,7,255,1080,250,0,0
stim,8952,39073,0,39073,3236394.454,0.883,-0.071,-0.057,0.461,2620,253,1484,2813,2484,2472,1059,2671,55,1.211,1,2071,1,35.761,0.565,-16.000,-12.500,-29.438,-0.156,0.039,0.992,0.543,-0.156,0.293,0.072,0.022,1.061,1.308,2,NULL,NULL,,3,0,2,7,255,1080,250,0,0
stim,8952,39073,0,39073,3236399.455,0.882,-0.070,-0.056,0.462,2595,253,1593,2808,2522,2475,1148,2693,55,1.211,1,2071,1,36.742,0.300,-18.188,-14.750,-28.313,-0.125,0.051,0.988,0.234,-0.188,0.055,0.074,0.024,1.061,1.308,2,NULL,NULL,,3,0,2,7,255,1080,250,0,0
stim,8978,39099,0,39099,3236404.453,0.881,-0.069,-0.056,0.464,2533,269,1682,2781,2541,2477,1243,2699,55,1.211,1,2071,1,43.667,0.196,-16.750,-13.500,-38.000,-0.176,0.012,1.004,-0.059,-0.188,0.055,0.076,0.026,1.061,1.308,2,NULL,NULL,,3,0,2,7,255,1080,250,0,0
stim,8978,39099,0,39099,3236409.455,0.881,-0.067,-0.056,0.465,2479,277,1787,2759,2577,2487,1369,2713,55,1.211,1,2071,1,50.050,0.343,-27.625,-14.188,-39.250,-0.137,0.039,1.043,0.102,-0.328,0.164,0.078,0.026,1.061,1.308,2,NULL,NULL,,3,0,2,7,255,1080,250,0,0
stim,9012,39133,0,39133,3236414.453,0.880,-0.066,-0.057,0.467,2425,298,1895,2740,2607,2477,1461,2711,55,1.211,1,2071,1,58.951,0.213,-35.188,-14.563,-45.000,-0.172,0.023,1.059,-0.160,-0.141,0.516,0.078,0.028,1.061,1.308,2,NULL,NULL,,3,0,2,7,255,1080,250,0,0
stim,9012,39133,0,39133,3236419.455,0.879,-0.063,-0.057,0.469,2363,300,1992,2714,2633,2483,1547,2735,55,1.211,1,2071,1,69.258,0.348,-47.188,-13.688,-48.813,-0.129,0.008,1.012,-0.055,-0.344,0.516,0.080,0.028,1.061,1.308,2,NULL,NULL,,3,0,2,7,255,1080,250,0,0
stim,9012,39133,0,39133,3236424.454,0.878,-0.061,-0.057,0.470,2295,301,2079,2680,2661,2475,1637,2739,55,1.211,1,2071,1,66.066,0.449,-43.563,-15.313,-47.250,-0.109,0.008,0.961,-0.055,-0.445,0.168,0.080,0.026,1.061,1.308,2,NULL,NULL,,3,0,2,7,255,1080,250,0,0
stim,9012,39133,0,39133,3236429.455,0.878,-0.059,-0.058,0.472,2227,315,2168,2645,2693,2485,1734,2751,55,1.211,1,2071,1,65.527,0.503,-41.250,-14.688,-48.750,-0.117,-0.039,0.980,-0.055,-0.500,-0.145,0.082,0.026,1.061,1.308,2,NULL,NULL,,3,0,2,7,255,1080,250,0,0
stim,9012,39134,0,39134,3236434.453,0.877,-0.057,-0.058,0.474,2139,325,2259,2607,2708,2475,1817,2763,55,1.211,1,2071,0,67.852,0.706,-46.000,-16.875,-46.938,-0.133,-0.035,1.066,-0.305,-0.637,-0.145,0.082,0.024,1.061,1.308,2,NULL,NULL,,3,0,2,7,255,1080,250,0,0
stim,9012,39134,0,39134,3236439.455,0.876,-0.054,-0.059,0.476,2077,331,2333,2583,2739,2485,1895,2775,55,1.211,1,2071,0,81.711,0.720,-58.938,-16.125,-54.250,-0.152,-0.031,1.063,-0.336,-0.637,0.695,0.082,0.022,1.061,1.308,2,NULL,NULL,,3,0,2,7,255,1080,250,0,0
stim,9012,39134,0,39134,3236444.454,0.875,-0.051,-0.059,0.478,1984,329,2411,2525,2751,2476,2002,2793,55,1.211,1,2071,0,82.359,0.486,-58.813,-16.688,-55.188,-0.105,0.023,0.953,-0.305,-0.379,0.695,0.084,0.020,1.061,1.308,2,NULL,NULL,,3,0,2,7,255,1080,250,0,0
stim,9012,39134,0,39134,3236449.455,0.874,-0.049,-0.060,0.480,1897,333,2487,2485,2767,2473,2069,2803,55,1.211,1,2071,0,77.411,0.466,-52.313,-18.250,-54.063,-0.098,0.012,0.945,0.281,-0.371,-0.406,0.084,0.018,1.061,1.308,2,NULL,NULL,,3,0,2,7,255,1080,250,0,0
stim,9012,39134,0,39134,3236454.453,0.873,-0.046,-0.060,0.482,1799,343,2533,2439,2798,2464,2123,2799,55,1.211,1,2071,0,69.263,0.466,-45.188,-18.500,-49.125,-0.082,-0.016,0.965,0.281,-0.371,-0.406,0.084,0.016,1.061,1.308,2,NULL,NULL,,3,0,2,7,255,1080,250,0,0
stim,9012,39134,0,39134,3236459.455,0.872,-0.044,-0.060,0.483,1685,341,2589,2385,2821,2475,2182,2816,55,1.211,1,2071,0,62.444,0.674,-39.938,-20.563,-43.375,-0.086,-0.047,0.992,0.184,-0.648,-0.352,0.086,0.016,1.061,1.308,2,NULL,NULL,,3,0,2,7,255,1080,250,0,0
stim,9033,39154,0,39154,3236464.454,0.872,-0.042,-0.060,0.485,1556,334,2637,2309,2840,2473,2245,2835,55,1.211,1,2071,0,60.586,0.650,-40.313,-20.750,-40.188,-0.121,-0.016,0.996,0.039,-0.648,-0.059,0.088,0.016,1.061,1.308,2,NULL,NULL,,3,0,2,7,255,1080,250,0,0
stim,9033,39154,0,39154,3236469.455,0.871,-0.040,-0.060,0.486,1375,317,2684,2213,2845,2460,2296,2851,55,1.211,1,2071,0,62.040,0.276,-34.625,-21.688,-46.688,-0.152,-0.031,0.961,-0.059,-0.270,-0.059,0.090,0.016,1.061,1.308,2,NULL,NULL,,3,0,2,7,255,1080,250,0,0
stim,9033,39154,0,39154,3236474.454,0.870,-0.038,-0.060,0.488,1237,303,2729,2133,2863,2459,2345,2853,55,1.211,1,2071,0,58.359,0.320,-33.313,-24.063,-41.438,-0.066,-0.086,1.039,-0.172,-0.270,0.035,0.090,0.018,1.061,1.308,2,NULL,NULL,,3,0,2,7,255,1080,250,0,0
stim,9033,39154,0,39154,3236479.455,0.869,-0.036,-0.060,0.489,1127,292,2763,2043,2884,2459,2405,2867,55,1.211,1,2071,0,58.527,0.754,-39.125,-24.000,-36.313,-0.090,-0.070,1.027,-0.172,-0.734,0.293,0.092,0.020,1.061,1.308,2,NULL,NULL,,3,0,2,7,255,1080,250,0,0
stim,9033,39154,0,39154,3236484.453,0.869,-0.034,-0.059,0.490,998,279,2805,1927,2889,2447,2445,2869,55,1.211,1,2071,0,55.260,0.752,-35.938,-25.625,-33.250,-0.094,-0.004,1.004,-0.160,-0.734,0.293,0.092,0.020,1.061,1.308,2,NULL,NULL,,3,0,2,7,255,1080,250,0,0
stim,9033,39154,0,39154,3236489.455,0.868,-0.032,-0.059,0.491,838,251,2830,1757,2908,2445,2495,2890,55,1.211,1,2071,0,50.385,0.486,-27.750,-25.750,-33.250,-0.152,0.141,0.930,0.375,-0.309,0.074,0.094,0.022,1.061,1.308,2,NULL,NULL,,3,0,2,7,255,1080,250,0,0
stim,9064,39185,0,39185,3236494.454,0.868,-0.031,-0.058,0.493,593,221,2867,1571,2933,2430,2534,2879,55,1.211,1,2071,0,52.843,0.477,-16.063,-29.125,-41.063,-0.098,0.012,0.980,0.461,-0.121,-0.152,0.096,0.024,1.061,1.308,2,NULL,NULL,,3,0,2,7,255,1080,250,0,0
stim,9064,39185,0,39185,3236499.455,0.867,-0.029,-0.057,0.494,436,176,2871,1402,2935,2423,2582,2899,55,1.211,1,2071,0,47.988,0.477,-15.188,-31.938,-32.438,-0.008,-0.176,1.121,0.461,-0.121,-0.152,0.098,0.024,1.061,1.308,2,NULL,NULL,,3,0,2,7,255,1080,250,0,0
stim,9064,39185,0,39185,3236504.453,0.867,-0.027,-0.057,0.495,293,149,2899,1233,2957,2409,2603,2907,55,1.211,1,2071,0,45.508,1.462,-29.188,-32.625,-12.438,-0.043,-0.141,1.148,-0.371,-1.414,1.164,0.100,0.024,1.061,1.308,2,NULL,NULL,,3,0,2,7,255,1080,250,0,0
stim,9064,39185,0,39185,3236509.455,0.867,-0.025,-0.056,0.495,175,105,2911,1007,2963,2393,2645,2915,55,1.211,1,2071,0,50.081,1.462,-35.438,-34.000,-9.813,-0.113,0.086,1.078,-0.371,-1.414,1.164,0.102,0.026,1.061,1.308,2,NULL,NULL,,3,0,2,7,255,1080,250,0,0
stim,9102,39223,0,39223,3236514.454,0.867,-0.023,-0.055,0.495,73,72,2923,805,2979,2377,2667,2923,55,1.211,1,2071,0,53.485,1.198,-35.313,-35.625,-18.563,-0.070,0.160,1.023,1.121,0.422,0.785,0.102,0.026,1.061,1.308,2,NULL,NULL,,3,0,2,7,255,1080,250,0,0
stim,9102,39223,0,39223,3236519.455,0.866,-0.021,-0.054,0.496,26,43,2939,605,2999,2364,2687,2927,55,1.211,1,2071,0,52.482,1.789,-30.750,-37.125,-20.750,0.016,0.098,0.961,1.738,0.422,0.148,0.104,0.026,1.061,1.308,2,NULL,NULL,,3,0,2,7,255,1080,250,0,0
stim,9102,39223,0,39223,3236524.454,0.866,-0.020,-0.053,0.496,4,23,2959,428,2999,2332,2723,2927,55,1.211,1,2071,0,43.298,1.790,-16.938,-38.875,-8.750,0.016,-0.020,0.949,1.738,-0.426,-0.547,0.108,0.026,1.061,1.308,2,NULL,NULL,,3,0,2,7,255,1080,250,0,0
stim,9102,39223,0,39223,3236529.455,0.866,-0.019,-0.051,0.496,0,0,2971,347,3015,2315,2746,2943,55,1.211,1,2071,0,44.050,0.873,1.125,-43.625,6.000,-0.168,-0.063,1.117,0.762,-0.426,-0.547,0.110,0.026,1.061,1.308,2,NULL,NULL,,3,0,2,7,255,1080,250,0,0
stim,9102,39223,0,39223,3236534.453,0.867,-0.019,-0.049,0.496,0,0,2982,280,3019,2293,2765,2941,55,1.211,1,2071,0,51.717,0.459,13.938,-49.188,7.813,-0.289,-0.066,1.352,-0.371,0.270,1.270,0.114,0.026,1.061,1.308,2,NULL,NULL,,3,0,2,7,255,1080,250,0,0
stim,9102,39223,0,39223,3236539.455,0.867,-0.018,-0.047,0.495,0,0,3001,219,3030,2281,2783,2961,55,1.211,1,2071,0,62.120,1.435,20.250,-57.313,12.813,-0.352,-0.066,1.586,-0.840,1.164,3.676,0.116,0.028,1.061,1.308,2,NULL,NULL,,3,0,2,7,255,1080,250,0,0
stim,9102,39223,0,39223,3236544.454,0.868,-0.016,-0.045,0.495,0,0,3001,171,3033,2238,2811,2951,55,1.211,1,2071,0,69.029,1.435,-23.750,-63.313,13.875,-0.234,-0.066,1.512,-0.840,1.164,5.160,0.118,0.034,1.061,1.308,2,NULL,NULL,,3,0,2,7,255,1080,250,0,0
stim,9102,39223,0,39223,3236549.455,0.868,-0.012,-0.044,0.494,1,0,3005,139,3051,2199,2831,2962,55,1.211,1,2071,0,87.669,1.211,-57.750,-64.813,12.250,-0.172,-0.168,1.219,-0.980,0.711,5.160,0.116,0.042,1.061,1.308,2,NULL,NULL,,3,0,2,7,255,1080,250,0,0
stim,9102,39223,0,39223,3236554.453,0.869,-0.009,-0.042,0.493,0,0,3019,117,3063,2152,2847,2955,55,1.211,1,2071,0,87.838,0.965,-47.063,-70.750,22.250,-0.172,-0.098,1.031,-0.848,0.461,2.297,0.114,0.050,1.061,1.308,3,NULL,NULL,,3,0,2,7,255,1080,250,0,0
stim,9102,39223,0,39223,3236559.455,0.870,-0.007,-0.040,0.492,0,0,3029,47,3066,2095,2869,2975,55,1.211,1,2071,0,84.811,0.965,-16.313,-79.000,26.188,-0.223,-0.008,1.055,-0.848,0.461,0.641,0.108,0.060,1.061,1.308,3,NULL,NULL,,3,0,2,7,255,1080,250,0,0
stim,9132,39253,0,39253,3236564.454,0.870,-0.006,-0.037,0.491,0,0,3029,21,3066,2023,2879,2965,55,1.211,1,2071,0,88.977,1.425,3.938,-85.500,24.313,-0.250,0.047,1.207,-0.328,1.387,0.641,0.104,0.070,1.061,1.308,3,NULL,NULL,,3,0,2,7,255,1080,250,0,0
stim,9132,39253,0,39253,3236569.455,0.871,-0.004,-0.033,0.490,0,0,3029,0,3079,1939,2913,2967,55,1.211,1,2071,0,93.923,1.823,4.125,-91.438,21.063,-0.258,0.004,1.324,-0.305,1.797,2.117,0.102,0.076,1.061,1.308,3,NULL,NULL,,3,0,2,7,255,1080,250,0,0
stim,9132,39253,0,39253,3236574.454,0.872,-0.002,-0.030,0.489,0,0,3028,0,3082,1811,2921,2969,55,1.211,1,2071,0,99.106,1.823,-6.938,-96.688,20.625,-0.223,-0.086,1.324,-0.305,1.797,3.262,0.096,0.084,1.061,1.308,3,NULL,NULL,,3,0,2,7,255,1080,250,0,0
stim,9132,39253,0,39253,3236579.455,0.872,0.001,-0.026,0.488,0,0,3021,0,3096,1703,2939,2971,55,1.211,1,2071,0,107.137,1.489,-19.063,-102.188,25.938,-0.199,-0.137,1.297,-0.934,1.160,3.262,0.088,0.092,1.061,1.308,3,NULL,NULL,,3,0,2,7,255,1080,250,0,0
stim,9160,39281,0,39281,3236584.454,0.873,0.004,-0.023,0.487,0,0,3021,0,3094,1581,2953,2951,55,1.211,1,2071,0,114.225,1.699,-25.250,-107.125,30.563,-0.234,-0.156,1.238,-1.313,1.078,3.043,0.076,0.102,1.061,1.308,3,NULL,NULL,,3,0,2,7,255,1080,250,0,0
stim,9160,39281,0,39281,3236589.455,0.874,0.007,-0.020,0.486,0,0,3021,0,3099,1395,2943,2963,55,1.211,1,2071,0,117.033,2.032,-20.813,-112.063,26.563,-0.258,-0.164,1.145,-1.723,1.078,2.492,0.062,0.114,1.061,1.308,3,NULL,NULL,,3,0,2,7,255,1080,250,0,0
stim,9160,39281,0,39281,3236594.453,0.874,0.010,-0.016,0.485,0,0,3011,0,3100,1224,2967,2933,55,1.211,1,2071,0,120.404,2.336,-12.688,-118.125,19.563,-0.234,-0.172,1.125,-2.000,1.207,1.563,0.048,0.128,1.061,1.308,3,NULL,NULL,,3,0,2,7,255,1080,250,0,0
stim,9160,39281,0,39281,3236599.455,0.875,0.013,-0.011,0.484,0,0,3003,0,3115,1044,2975,2934,55,1.211,1,2071,0,125.078,2.432,-0.625,-124.438,12.625,-0.258,-0.168,1.102,-2.035,1.332,1.359,0.034,0.140,1.061,1.308,3,NULL,NULL,,3,0,2,7,255,1080,250,0,0
stim,9160,39281,0,39281,3236604.453,0.875,0.015,-0.006,0.484,0,0,2989,0,3116,815,2987,2923,55,1.211,1,2071,0,130.007,2.636,9.938,-129.563,4.063,-0.254,-0.164,1.141,-2.168,1.500,1.359,0.022,0.152,1.061,1.308,3,NULL,NULL,,3,0,2,7,255,1080,250,0,0
stim,9160,39281,0,39281,3236609.455,0.875,0.018,-0.001,0.483,0,0,2973,0,3111,637,2995,2907,55,1.211,1,2071,0,136.715,2.636,13.875,-136.000,-1.563,-0.215,-0.152,1.180,-2.168,1.500,1.449,0.010,0.166,1.061,1.308,3,NULL,NULL,,3,0,2,7,255,1080,250,0,0
stim,9200,39321,0,39321,3236614.454,0.875,0.020,0.004,0.483,0,0,2958,0,3123,459,2991,2891,55,1.211,1,2071,0,143.001,2.453,13.375,-142.313,-4.188,-0.191,-0.137,1.219,-1.965,1.469,1.801,0.006,0.180,1.061,1.308,3,NULL,NULL,,3,0,2,7,255,1080,250,0,0
stim,9200,39321,0,39321,3236619.455,0.875,0.023,0.010,0.483,0,0,2953,0,3117,253,3003,2875,55,1.211,1,2071,0,149.110,2.304,8.563,-148.750,-5.813,-0.176,-0.137,1.199,-1.781,1.461,1.945,0.016,0.196,1.061,1.308,3,NULL,NULL,,3,0,2,7,255,1080,250,0,0
stim,9200,39321,0,39321,3236624.454,0.875,0.026,0.016,0.483,0,0,2921,0,3118,109,3007,2848,55,1.211,1,2071,0,157.108,2.289,11.688,-156.563,-5.875,-0.145,-0.152,1.152,-1.781,1.438,1.945,0.028,0.212,1.061,1.308,3,NULL,NULL,,3,0,2,7,255,1080,250,0,0
stim,9200,39321,0,39321,3236629.455,0.875,0.028,0.023,0.483,0,0,2907,0,3121,38,3017,2829,55,1.211,1,2071,0,164.164,2.289,21.125,-162.750,-4.000,-0.129,-0.090,1.191,-1.781,1.438,1.785,0.042,0.226,1.061,1.308,3,NULL,NULL,,3,0,2,7,255,1080,250,0,0
stim,9200,39321,0,39321,3236634.454,0.875,0.031,0.029,0.482,0,0,2867,0,3124,0,3021,2805,55,1.211,1,2071,0,173.234,2.032,24.875,-171.438,-0.563,-0.145,0.023,1.293,-1.332,1.535,1.785,0.054,0.242,1.061,1.308,3,NULL,NULL,,3,0,2,7,255,1080,250,0,0
stim,9200,39321,0,39321,3236639.455,0.875,0.033,0.037,0.482,0,0,2829,0,3125,0,3017,2751,55,1.211,1,2071,0,182.170,2.567,25.938,-180.313,0.813,-0.172,0.133,1.434,-0.613,2.492,2.672,0.068,0.258,1.061,1.308,3,NULL,NULL,,3,0,2,7,255,1080,250,0,0
stim,9226,39347,0,39347,3236644.453,0.875,0.036,0.045,0.481,0,0,2765,0,3126,0,3021,2711,55,1.211,1,2071,0,192.168,3.579,26.625,-190.313,-0.813,-0.246,0.188,1.547,-0.070,3.578,3.930,0.086,0.278,1.061,1.308,3,NULL,NULL,,3,0,2,7,255,1080,250,0,0
stim,9226,39347,0,39347,3236649.455,0.874,0.040,0.053,0.481,0,0,2715,0,3117,0,3016,2653,55,1.211,1,2071,0,202.735,4.793,20.188,-201.438,-10.813,-0.238,0.172,1.746,-0.070,4.793,4.891,0.110,0.302,1.061,1.308,3,NULL,NULL,,3,0,2,7,255,1080,250,0,0
stim,9226,39347,0,39347,3236654.454,0.874,0.044,0.061,0.481,0,0,2648,0,3123,0,3019,2599,55,1.211,1,2071,0,213.633,5.130,5.375,-213.563,-1.125,-0.242,0.133,1.973,-0.359,5.117,6.738,0.140,0.330,1.061,1.308,3,NULL,NULL,,3,0,2,7,255,1080,250,0,0
stim,9226,39348,0,39348,3236659.455,0.874,0.049,0.070,0.479,0,0,2565,0,3115,0,3016,2523,55,1.211,1,2071,0,231.329,5.619,-2.313,-230.750,16.188,-0.359,0.234,2.141,-0.969,5.535,8.895,0.174,0.366,1.061,1.308,3,NULL,NULL,,3,0,2,7,255,1080,250,0,0
stim,9226,39348,0,39348,3236664.453,0.873,0.055,0.079,0.477,0,0,2443,0,3098,0,3017,2425,55,1.211,1,2071,0,254.503,7.682,-15.063,-252.375,29.188,-0.477,0.449,2.293,-0.969,7.621,10.133,0.218,0.406,1.061,1.308,3,NULL,NULL,,3,0,2,7,255,1080,250,0,0
stim,9226,39348,0,39348,3236669.455,0.873,0.062,0.088,0.475,0,0,2335,0,3089,0,3014,2341,55,1.211,1,2071,0,280.981,10.365,-37.500,-276.438,33.563,-0.535,0.680,2.355,-0.168,10.363,11.133,0.268,0.456,1.061,1.308,3,NULL,NULL,,3,0,2,7,255,1080,250,0,0
stim,9244,39365,0,39365,3236674.454,0.873,0.071,0.098,0.473,0,0,2204,0,3075,0,2990,2217,55,1.211,1,2071,0,306.755,12.667,-65.500,-298.375,27.938,-0.531,0.813,2.391,1.125,12.617,11.172,0.326,0.514,1.061,1.308,3,NULL,NULL,,3,0,2,7,255,1080,250,0,0
stim,9244,39365,0,39365,3236679.455,0.872,0.081,0.109,0.471,0,0,2041,0,3049,0,2983,2071,55,1.211,1,2071,0,334.231,13.950,-88.563,-321.375,24.188,-0.512,0.754,2.441,1.410,13.879,11.254,0.392,0.576,1.061,1.308,3,NULL,NULL,,3,0,2,7,255,1080,250,0,0
stim,9244,39365,0,39365,3236684.453,0.870,0.092,0.119,0.469,0,0,1941,0,3032,0,2943,1913,55,1.211,1,2071,0,360.017,14.207,-114.438,-340.500,24.000,-0.555,0.680,2.469,1.410,14.137,11.172,0.462,0.648,1.061,1.308,3,NULL,NULL,,3,0,2,7,255,1080,250,0,0
stim,9244,39365,0,39365,3236689.455,0.868,0.105,0.130,0.467,0,0,1812,0,2976,0,2908,1773,55,1.211,1,2071,0,385.977,14.813,-133.938,-361.250,23.188,-0.652,0.801,2.539,0.605,14.801,11.117,0.540,0.724,1.061,1.308,3,NULL,NULL,,3,0,2,7,255,1080,250,0,0
stim,9244,39365,0,39365,3236694.453,0.866,0.118,0.141,0.465,0,0,1719,0,2955,0,2869,1639,55,1.211,1,2071,0,407.242,17.112,-144.375,-380.625,11.250,-0.719,1.012,2.629,0.605,17.102,10.867,0.624,0.810,1.061,1.308,3,NULL,NULL,,3,0,2,7,255,1080,250,0,0
stim,9244,39365,0,39365,3236699.455,0.863,0.132,0.153,0.464,0,0,1637,0,2891,0,2797,1509,55,1.211,1,2071,0,424.946,19.768,-142.563,-400.188,-10.250,-0.746,1.039,2.863,1.453,19.715,10.867,0.714,0.900,1.061,1.308,3,NULL,NULL,,3,0,2,7,255,1080,250,0,0
stim,9277,39398,0,39398,3236704.454,0.859,0.147,0.166,0.462,0,0,1497,0,2825,0,2707,1353,55,1.211,1,2071,0,457.904,21.705,-173.625,-423.563,-11.188,-0.859,0.832,2.957,1.453,21.656,11.684,0.808,0.996,1.061,1.308,3,NULL,NULL,,3,0,2,7,255,1080,250,0,0
stim,9277,39398,0,39398,3236709.455,0.854,0.164,0.178,0.461,0,0,1341,0,2757,0,2583,1241,55,1.211,1,2071,0,488.264,21.866,-208.813,-440.938,-19.313,-0.871,0.586,2.832,-1.074,21.840,11.684,0.906,1.096,1.061,1.308,3,NULL,NULL,,3,0,2,7,255,1080,250,0,0
stim,9311,39432,0,39432,3236714.453,0.848,0.180,0.191,0.460,0,0,1181,0,2643,0,2373,1083,55,1.211,1,2071,0,494.176,22.055,-189.938,-454.250,-42.313,-0.832,0.352,2.836,-3.074,21.840,9.906,1.004,1.198,1.061,1.308,3,NULL,NULL,,3,0,2,7,255,1080,250,0,0
stim,9311,39432,0,39432,3236719.455,0.842,0.195,0.205,0.459,0,0,989,0,2495,0,2139,936,55,1.211,1,2071,0,501.727,21.809,-178.625,-465.813,-53.313,-0.727,0.207,2.887,-4.922,21.246,9.750,1.102,1.300,1.061,1.308,3,NULL,NULL,,3,0,2,7,255,1080,250,0,0
stim,9311,39432,0,39432,3236724.454,0.835,0.212,0.219,0.458,0,0,765,0,2312,0,1816,822,55,1.211,1,2071,0,516.647,21.709,-188.813,-479.000,-42.813,-0.590,0.027,2.871,-5.809,20.918,9.684,1.194,1.398,1.061,1.308,3,NULL,NULL,,3,0,2,7,255,1080,250,0,0
stim,9311,39432,0,39432,3236729.455,0.828,0.229,0.233,0.455,0,0,569,0,2072,0,1433,691,55,1.211,1,2071,0,537.932,21.084,-206.813,-496.500,-9.313,-0.547,-0.414,2.480,-6.766,19.969,9.684,1.278,1.484,1.061,1.308,3,NULL,NULL,,3,0,2,7,255,1080,250,0,0
stim,9311,39432,0,39432,3236734.453,0.821,0.247,0.247,0.451,0,0,403,0,1813,0,921,593,55,1.211,1,2071,0,549.832,18.442,-207.438,-509.125,8.750,-0.367,-0.484,1.824,-8.699,16.262,6.781,1.350,1.562,1.061,1.308,3,NULL,NULL,,3,0,2,7,255,1080,250,0,0
stim,9311,39432,0,39432,3236739.455,0.814,0.262,0.263,0.446,0,0,199,0,1455,0,341,479,55,1.211,1,2071,0,539.780,14.435,-147.000,-519.375,-1.625,-0.203,-0.418,1.309,-8.699,11.520,2.328,1.420,1.634,1.061,1.308,3,NULL,NULL,,3,0,2,7,255,1080,250,0,0
stim,9311,39432,0,39432,3236744.454,0.808,0.274,0.280,0.439,0,0,103,0,1098,0,89,381,55,1.211,1,2071,0,528.893,13.083,-42.813,-526.813,19.063,-0.242,-0.121,1.523,-6.719,11.227,-0.934,1.492,1.710,1.061,1.308,3,NULL,NULL,,3,0,2,7,255,1080,250,0,0
stim,9311,39432,0,39432,3236749.455,0.803,0.285,0.297,0.430,0,0,40,0,665,0,0,303,55,1.211,1,2071,0,526.140,12.274,6.813,-522.563,60.875,-0.480,0.285,2.180,-4.961,11.227,-0.934,1.574,1.796,1.061,1.308,3,NULL,NULL,,3,0,2,7,255,1080,250,0,0
stim,9311,39432,0,39432,3236754.453,0.799,0.298,0.313,0.419,0,0,28,0,221,0,0,216,55,1.211,1,2071,0,546.239,19.815,-47.688,-527.125,135.063,-1.016,0.465,2.395,-4.961,19.184,-0.934,1.664,1.888,1.061,1.308,3,NULL,NULL,,3,0,2,7,255,1080,250,0,0
stim,9311,39432,0,39432,3236759.455,0.793,0.315,0.326,0.406,0,0,10,0,0,0,0,150,55,1.211,1,2071,0,580.850,25.184,-122.313,-535.625,188.500,-1.438,0.586,2.129,-5.895,24.484,-3.797,1.758,1.984,1.061,1.308,3,NULL,NULL,,3,0,2,7,255,1080,250,0,0
stim,9334,39455,0,39455,3236764.454,0.786,0.333,0.338,0.396,0,0,0,0,0,0,0,101,55,1.211,1,2071,0,569.132,25.184,-174.938,-518.000,158.063,-1.391,0.980,1.656,-5.895,24.484,-10.023,1.844,2.072,1.061,1.308,3,NULL,NULL,,3,0,2,7,255,1080,250,0,0
stim,9334,39455,0,39455,3236769.455,0.777,0.350,0.349,0.389,0,0,0,0,0,0,0,53,55,1.211,1,2071,0,524.511,22.768,-225.250,-467.875,73.938,-0.832,1.492,1.289,-2.051,22.676,-14.289,1.916,2.146,1.061,1.308,4,NULL,NULL,,3,0,2,7,255,1080,250,0,0
stim,9334,39455,0,39455,3236774.454,0.768,0.368,0.356,0.385,0,0,0,0,0,0,0,78,55,1.211,1,2071,0,499.034,20.402,-308.875,-385.938,68.438,-0.688,1.543,0.902,5.672,19.598,-14.480,1.966,2.194,1.061,1.308,0,NULL,NULL,,3,0,2,7,255,1080,250,0,0
stim,9334,39455,0,39455,3236779.455,0.758,0.388,0.356,0.384,0,0,0,0,0,0,0,99,55,1.211,1,2071,0,513.386,17.674,-417.875,-285.813,85.188,-0.359,1.449,0.188,7.809,15.855,-15.883,1.998,2.228,1.061,1.308,0,NULL,NULL,,3,0,2,7,255,1080,250,0,0
stim,9334,39455,0,39455,3236784.453,0.751,0.401,0.356,0.384,0,0,0,0,0,0,0,91,55,1.211,1,2071,0,354.225,11.162,-309.438,-168.750,35.313,-0.320,0.445,-0.418,7.809,7.977,-15.883,2.028,2.260,1.061,1.308,0,NULL,NULL,,3,0,2,7,255,1080,250,0,0
stim,9334,39455,0,39455,3236789.455,0.749,0.406,0.357,0.383,0,0,0,0,0,0,0,104,55,1.211,1,2071,0,125.246,3.120,-87.125,-86.063,26.250,-0.688,-0.707,0.035,3.109,-0.254,-15.656,2.066,2.302,1.061,1.308,0,NULL,NULL,,3,0,2,7,255,1080,250,0,0
stim,9364,39485,0,39485,3236794.454,0.748,0.407,0.356,0.384,0,0,0,0,0,0,0,73,55,1.211,1,2071,0,35.208,9.226,-35.000,-3.563,-1.375,-0.996,-0.707,1.070,-9.223,-0.254,-12.957,2.114,2.352,1.061,1.308,0,NULL,NULL,,3,0,2,7,255,1080,250,0,0
stim,9364,39485,0,39485,3236799.455,0.746,0.410,0.352,0.389,0,0,0,0,0,0,0,61,55,1.211,1,2071,0,168.923,13.393,-137.625,88.250,-42.500,-0.910,-0.043,0.953,-9.223,9.711,-12.957,2.164,2.408,1.061,1.308,0,NULL,NULL,,3,0,2,7,255,1080,250,0,0
stim,9364,39485,0,39485,3236804.453,0.745,0.412,0.345,0.396,0,0,0,0,0,0,0,47,55,1.211,1,2071,0,241.781,11.483,-175.500,162.500,-35.375,-0.613,0.754,0.031,-6.129,9.711,-13.398,2.220,2.464,1.061,1.308,0,NULL,NULL,,3,0,2,7,255,1080,250,0,0
stim,9364,39485,0,39485,3236809.455,0.746,0.411,0.337,0.401,0,0,0,0,0,0,0,13,55,1.211,1,2071,0,221.816,5.726,-81.313,206.375,-0.063,-0.629,1.066,-0.262,3.652,4.410,-17.352,2.278,2.524,1.061,1.308,0,NULL,NULL,,3,0,2,7,255,1080,250,0,0
stim,9403,39524,0,39524,3236814.454,0.750,0.407,0.329,0.405,0,0,0,0,0,0,0,12,55,1.211,1,2071,0,231.132,5.726,11.625,230.563,11.313,-0.859,0.785,0.289,3.652,4.410,-18.262,2.342,2.590,1.061,1.308,0,NULL,NULL,,3,0,2,7,255,1080,250,0,0
stim,9403,39524,0,39524,3236819.455,0.753,0.402,0.321,0.409,0,0,0,0,0,0,0,9,55,1.211,1,2071,0,248.823,8.105,8.000,248.625,-5.875,-0.918,0.344,0.746,2.449,7.727,-18.262,2.406,2.654,1.061,1.308,0,NULL,NULL,,3,0,2,7,255,1080,250,0,0
stim,9403,39524,0,39524,3236824.454,0.756,0.398,0.312,0.415,0,0,0,0,0,0,0,10,55,1.211,1,2071,0,263.964,8.790,-43.625,260.000,-13.188,-0.750,0.160,0.621,-2.195,8.512,-14.961,2.460,2.712,1.061,1.308,0,NULL,NULL,,3,0,2,7,255,1080,250,0,0
stim,9403,39524,0,39524,3236829.455,0.758,0.395,0.303,0.421,0,0,0,0,0,0,0,20,55,1.211,1,2071,0,271.939,8.790,-64.375,264.188,3.375,-0.578,0.277,0.152,-2.195,8.512,-14.559,2.502,2.756,1.061,1.308,0,NULL,NULL,,3,0,2,7,255,1080,250,0,0
stim,9403,39524,0,39524,3236834.454,0.761,0.392,0.293,0.425,0,0,0,0,0,0,0,24,55,1.211,1,2071,0,267.030,4.353,-32.813,263.813,25.125,-0.551,0.434,-0.164,-0.469,4.328,-14.559,2.530,2.786,1.061,1.308,0,NULL,NULL,,3,0,2,7,255,1080,250,0,0
stim,9403,39524,0,39524,3236839.455,0.765,0.387,0.284,0.429,0,0,0,0,0,0,0,23,55,1.211,1,2071,0,265.304,2.662,13.625,262.938,32.625,-0.582,0.441,-0.164,1.164,2.395,-16.387,2.546,2.804,1.061,1.308,0,NULL,NULL,,3,0,2,7,255,1080,250,0,0
stim,9403,39524,0,39524,3236844.453,0.770,0.381,0.276,0.432,0,0,0,0,0,0,0,24,55,1.211,1,2071,0,269.297,2.662,40.813,264.375,31.000,-0.539,0.359,-0.035,1.164,2.395,-16.387,2.554,2.814,1.061,1.308,0,NULL,NULL,,3,0,2,7,255,1080,250,0,0
stim,9403,39524,0,39524,3236849.455,0.774,0.374,0.267,0.435,0,0,0,0,0,0,0,25,55,1.211,1,2071,0,274.606,3.210,50.625,267.563,35.438,-0.445,0.309,0.035,0.520,3.168,-15.262,2.558,2.820,1.061,1.308,0,NULL,NULL,,3,0,2,7,255,1080,250,0,0
stim,9403,39524,0,39524,3236854.454,0.779,0.367,0.258,0.437,0,0,0,0,0,0,0,21,55,1.211,1,2071,0,281.229,3.273,62.063,270.250,46.938,-0.414,0.297,0.055,0.473,3.238,-13.965,2.560,2.824,1.061,1.308,0,NULL,NULL,,3,0,2,7,255,1080,250,0,0
stim,9403,39524,0,39524,3236859.455,0.784,0.360,0.250,0.439,0,0,0,0,0,0,0,25,55,1.211,1,2071,0,289.285,3.321,81.000,272.188,55.125,-0.445,0.277,0.133,0.430,3.293,-13.496,2.564,2.828,1.061,1.308,0,NULL,NULL,,3,0,2,7,255,1080,250,0,0
stim,9433,39554,0,39554,3236864.453,0.790,0.352,0.242,0.441,0,0,0,0,0,0,0,25,55,1.211,1,2071,0,296.415,4.110,97.000,274.938,53.500,-0.469,0.250,0.297,0.078,4.109,-13.109,2.570,2.836,1.061,1.308,0,NULL,NULL,,3,0,2,7,255,1080,250,0,0
stim,9433,39554,0,39554,3236869.455,0.795,0.343,0.233,0.443,0,0,0,0,0,0,0,20,55,1.211,1,2071,0,301.550,5.458,102.375,279.750,46.813,-0.441,0.227,0.465,-0.379,5.445,-12.066,2.580,2.850,1.061,1.308,0,NULL,NULL,,3,0,2,7,255,1080,250,0,0
stim,9433,39554,0,39554,3236874.454,0.800,0.335,0.225,0.445,0,0,0,0,0,0,0,21,55,1.211,1,2071,0,306.628,6.558,100.250,286.625,42.625,-0.406,0.230,0.605,-0.379,6.547,-10.574,2.598,2.870,1.061,1.308,0,NULL,NULL,,3,0,2,7,255,1080,250,0,0
stim,9433,39554,0,39554,3236879.455,0.805,0.326,0.216,0.447,0,0,0,0,0,0,0,17,55,1.211,1,2071,0,312.395,7.399,95.875,294.625,39.938,-0.414,0.258,0.723,-0.352,7.391,-9.289,2.622,2.896,1.061,1.308,0,NULL,NULL,,3,0,2,7,255,1080,250,0,0
stim,9461,39582,0,39582,3236884.454,0.809,0.317,0.206,0.450,0,0,0,0,0,0,0,20,55,1.211,1,2071,0,318.503,8.353,89.688,303.875,32.563,-0.441,0.277,0.832,-0.180,8.352,-8.441,2.654,2.930,1.061,1.308,0,NULL,NULL,,3,0,2,7,255,1080,250,0,0
stim,9461,39582,0,39582,3236889.455,0.813,0.308,0.197,0.453,0,0,0,0,0,0,0,24,55,1.211,1,2071,0,324.866,9.342,80.125,314.125,21.063,-0.445,0.262,0.918,-0.180,9.340,-7.691,2.694,2.972,1.061,1.308,0,NULL,NULL,,3,0,2,7,255,1080,250,0,0
stim,9461,39582,0,39582,3236894.453,0.817,0.299,0.187,0.457,0,0,0,0,0,0,0,21,55,1.211,1,2071,0,331.545,9.750,68.688,324.188,10.313,-0.430,0.227,0.957,-0.266,9.746,-6.813,2.740,3.020,1.061,1.308,0,NULL,NULL,,3,0,2,7,255,1080,250,0,0
stim,9461,39582,0,39582,3236899.455,0.820,0.290,0.176,0.461,0,0,0,0,0,0,0,22,55,1.211,1,2071,0,338.534,9.755,58.500,333.438,1.563,-0.422,0.203,0.961,-0.406,9.746,-6.059,2.790,3.072,1.061,1.308,0,NULL,NULL,,3,0,2,7,255,1080,250,0,0
stim,9461,39582,0,39582,3236904.454,0.823,0.281,0.165,0.465,0,0,0,0,0,0,0,24,55,1.211,1,2071,0,345.712,9.548,50.688,341.875,-8.313,-0.406,0.191,0.934,-0.406,9.539,-5.641,2.840,3.126,1.061,1.308,0,NULL,NULL,,3,0,2,7,255,1080,250,0,0
stim,9461,39582,0,39582,3236909.455,0.825,0.272,0.154,0.470,0,0,0,0,0,0,0,24,55,1.211,1,2071,0,353.113,9.105,47.063,349.500,-18.000,-0.367,0.176,0.863,-0.359,9.098,-5.465,2.892,3.180,1.061,1.308,0,NULL,NULL,,3,0,2,7,255,1080,250,0,0
stim,9500,39621,0,39621,3236914.453,0.827,0.263,0.142,0.475,0,0,0,0,0,0,0,28,55,1.211,1,2071,0,360.174,8.229,49.750,355.875,-24.563,-0.316,0.145,0.785,-0.199,8.227,-5.465,2.940,3.230,1.061,1.308,0,NULL,NULL,,3,0,2,7,255,1080,250,0,0
stim,9500,39621,0,39621,3236919.455,0.829,0.253,0.131,0.480,0,0,0,0,0,0,0,39,55,1.211,1,2071,0,366.833,7.177,58.625,361.000,-28.438,-0.262,0.117,0.719,-0.137,7.176,-5.520,2.986,3.278,1.061,1.308,0,NULL,NULL,,3,0,2,7,255,1080,250,0,0
stim,9500,39621,0,39621,3236924.454,0.831,0.243,0.120,0.486,0,0,0,0,0,0,0,40,55,1.211,1,2071,0,372.604,6.188,72.313,364.250,-30.438,-0.199,0.094,0.672,-0.031,6.188,-5.520,3.028,3.324,1.061,1.308,0,NULL,NULL,,3,0,2,7,255,1080,250,0,0
stim,9500,39621,0,39621,3236929.455,0.833,0.231,0.109,0.490,0,0,0,0,0,0,0,41,55,1.211,1,2071,0,377.271,5.268,90.500,365.125,-28.750,-0.145,0.082,0.660,0.152,5.266,-5.379,3.068,3.364,1.061,1.308,0,NULL,NULL,,3,0,2,7,255,1080,250,0,0
stim,9500,39621,0,39621,3236934.453,0.835,0.219,0.098,0.495,0,0,0,0,0,0,0,39,55,1.211,1,2071,0,381.623,4.609,112.063,364.000,-24.125,-0.121,0.102,0.707,0.371,4.594,-5.082,3.104,3.404,1.061,1.308,0,NULL,NULL,,3,0,2,7,255,1080,250,0,0
stim,9500,39621,0,39621,3236939.455,0.837,0.207,0.089,0.499,0,0,0,0,0,0,0,41,55,1.211,1,2071,0,384.718,4.656,132.500,360.688,-18.875,-0.125,0.117,0.820,0.762,4.594,-4.484,3.138,3.440,1.061,1.308,0,NULL,NULL,,3,0,2,7,255,1080,250,0,0
stim,9527,39648,0,39648,3236944.453,0.839,0.193,0.079,0.502,0,0,0,0,0,0,0,43,55,1.211,1,2071,0,386.139,5.052,144.000,357.938,-15.750,-0.105,0.125,0.922,0.992,4.953,-3.406,3.168,3.472,1.061,1.308,0,NULL,NULL,,3,0,2,7,255,1080,250,0,0
stim,9527,39648,0,39648,3236949.455,0.841,0.180,0.069,0.505,0,0,0,0,0,0,0,43,55,1.211,1,2071,0,387.584,5.130,153.688,355.688,-9.375,-0.090,0.148,0.977,1.277,4.969,-2.313,3.194,3.502,1.061,1.308,0,NULL,NULL,,3,0,2,7,255,1080,250,0,0
stim,9527,39648,0,39648,3236954.454,0.843,0.166,0.060,0.508,0,0,0,0,0,0,0,47,55,1.211,1,2071,0,391.238,5.296,168.563,353.063,-0.938,-0.121,0.184,1.070,1.652,5.031,-1.680,3.220,3.528,1.061,1.308,0,NULL,NULL,,3,0,2,7,255,1080,250,0,0
stim,9527,39648,0,39648,3236959.455,0.845,0.151,0.051,0.510,0,0,0,0,0,0,0,45,55,1.211,1,2071,0,394.770,5.705,180.625,351.000,4.125,-0.168,0.188,1.238,1.879,5.387,-0.801,3.248,3.560,1.061,1.308,0,NULL,NULL,,3,0,2,7,255,1080,250,0,0
stim,9527,39648,0,39648,3236964.453,0.847,0.137,0.043,0.512,0,0,0,0,0,0,0,44,55,1.211,1,2071,0,395.292,6.302,184.313,349.688,1.813,-0.207,0.160,1.359,1.879,6.016,0.805,3.274,3.588,1.061,1.308,0,NULL,NULL,,3,0,2,7,255,1080,250,0,0
stim,9527,39648,0,39648,3236969.455,0.848,0.122,0.034,0.514,0,0,0,0,0,0,0,46,55,1.211,1,2071,0,393.715,6.305,184.375,347.875,-0.375,-0.207,0.160,1.473,1.730,6.063,2.121,3.300,3.614,1.061,1.308,0,NULL,NULL,,3,0,2,7,255,1080,250,0,0
stim,9528,39649,0,39649,3236974.454,0.849,0.107,0.025,0.516,0,0,0,0,0,0,0,45,55,1.211,1,2071,0,392.871,6.305,184.688,346.750,1.500,-0.203,0.188,1.609,1.730,6.063,3.379,3.326,3.642,1.061,1.308,0,NULL,NULL,,3,0,2,7,255,1080,250,0,0
stim,9528,39649,0,39649,3236979.455,0.850,0.093,0.017,0.518,0,0,0,0,0,0,0,54,55,1.211,1,2071,0,389.564,6.371,179.813,345.563,3.750,-0.227,0.207,1.754,2.109,6.012,4.840,3.350,3.670,1.061,1.308,0,NULL,NULL,,3,0,2,7,255,1080,250,0,0
stim,9552,39673,0,39673,3236984.453,0.851,0.079,0.008,0.519,0,0,0,0,0,0,0,47,55,1.211,1,2071,0,384.109,6.402,170.000,344.438,1.688,-0.246,0.203,1.879,2.316,5.969,6.359,3.376,3.696,1.061,1.308,0,NULL,NULL,,3,0,2,7,255,1080,250,0,0
stim,9552,39673,0,39673,3236989.455,0.851,0.065,-0.002,0.521,0,0,0,0,0,0,0,53,55,1.211,1,2071,0,376.635,6.261,154.750,343.375,-0.500,-0.246,0.168,1.926,2.316,5.816,7.754,3.400,3.722,1.061,1.308,0,NULL,NULL,,3,0,2,7,255,1080,250,0,0
stim,9552,39673,0,39673,3236994.454,0.851,0.052,-0.011,0.522,0,0,0,0,0,0,0,53,55,1.211,1,2071,0,370.546,5.552,143.813,341.500,-0.563,-0.234,0.145,1.934,2.145,5.121,8.434,3.420,3.744,1.061,1.308,0,NULL,NULL,,3,0,2,7,255,1080,250,0,0
stim,9552,39673,0,39673,3236999.455,0.851,0.039,-0.020,0.523,0,0,0,0,0,0,0,51,55,1.211,1,2071,0,366.293,4.825,138.438,339.125,-0.438,-0.230,0.145,1.926,2.117,4.336,8.707,3.438,3.764,1.061,1.308,0,NULL,NULL,,3,0,2,7,255,1080,250,0,0
stim,9573,39694,0,39694,3237004.453,0.851,0.026,-0.030,0.524,0,0,0,0,0,0,0,53,55,1.211,1,2071,0,364.120,4.227,139.250,336.438,-1.625,-0.223,0.129,1.926,2.066,3.688,8.762,3.454,3.780,1.061,1.308,0,NULL,NULL,,3,0,2,7,255,1080,250,0,0
stim,9573,39694,0,39694,3237009.455,0.850,0.013,-0.039,0.526,0,0,0,0,0,0,0,55,55,1.211,1,2071,0,363.998,3.604,145.938,333.438,-4.063,-0.203,0.066,1.961,2.066,2.953,8.859,3.462,3.792,1.061,1.308,0,NULL,NULL,,3,0,2,7,255,1080,250,0,0
stim,9610,39731,0,39731,3237014.453,0.849,-0.001,-0.047,0.527,0,0,0,0,0,0,0,55,55,1.211,1,2071,0,365.239,2.527,153.563,331.313,-7.063,-0.160,-0.027,2.008,1.672,1.895,9.352,3.466,3.798,1.061,1.308,0,NULL,NULL,,3,0,2,7,255,1080,250,0,0
stim,9610,39731,0,39731,3237019.455,0.848,-0.014,-0.056,0.528,0,0,0,0,0,0,0,53,55,1.211,1,2071,0,367.392,1.206,161.125,330.063,-8.625,-0.094,-0.105,2.027,1.113,0.465,9.910,3.466,3.796,1.061,1.308,0,NULL,NULL,,3,0,2,7,255,1080,250,0,0
stim,9610,39731,0,39731,3237024.454,0.846,-0.028,-0.064,0.528,0,0,0,0,0,0,0,54,55,1.211,1,2071,0,373.174,1.323,174.438,329.750,-9.750,-0.016,-0.148,2.031,0.727,-1.105,9.961,3.456,3.790,1.061,1.308,0,NULL,NULL,,3,0,2,7,255,1080,250,0,0
stim,9610,39731,0,39731,3237029.455,0.844,-0.043,-0.071,0.529,0,0,0,0,0,0,0,55,55,1.211,1,2071,0,382.983,2.694,195.813,328.938,-11.563,0.082,-0.160,2.090,0.727,-2.594,10.055,3.436,3.772,1.061,1.308,0,NULL,NULL,,3,0,2,7,255,1080,250,0,0
stim,9610,39731,0,39731,3237034.454,0.842,-0.058,-0.078,0.530,0,0,0,0,0,0,0,67,55,1.211,1,2071,0,395.855,4.319,221.125,327.938,-16.188,0.234,-0.168,2.223,0.961,-4.211,10.297,3.406,3.742,1.061,1.308,0,NULL,NULL,,3,0,2,7,255,1080,250,0,0
stim,9610,39731,0,39731,3237039.455,0.840,-0.075,-0.085,0.531,0,0,0,0,0,0,0,66,55,1.211,1,2071,0,409.018,6.671,245.125,326.750,-21.063,0.426,-0.180,2.434,1.566,-6.484,11.156,3.364,3.702,1.061,1.308,0,NULL,NULL,,3,0,2,7,255,1080,250,0,0
stim,9610,39731,0,39731,3237044.454,0.837,-0.092,-0.091,0.532,0,0,0,0,0,0,0,58,55,1.211,1,2071,0,418.482,9.590,261.625,325.813,-22.938,0.617,-0.188,2.660,2.242,-9.324,12.500,3.310,3.648,1.061,1.308,0,NULL,NULL,,3,0,2,7,255,1080,250,0,0
stim,9610,39731,0,39731,3237049.455,0.833,-0.109,-0.096,0.533,0,0,0,0,0,0,0,66,55,1.211,1,2071,0,421.126,12.666,268.500,323.750,-21.000,0.789,-0.223,2.871,2.922,-12.324,13.859,3.242,3.582,1.061,1.308,0,NULL,NULL,,3,0,2,7,255,1080,250,0,0
stim,9610,39731,0,39731,3237054.453,0.830,-0.126,-0.102,0.534,0,0,0,0,0,0,0,59,55,1.211,1,2071,0,417.679,15.654,266.125,321.375,-18.750,0.926,-0.223,3.039,3.195,-15.324,14.934,3.162,3.504,1.061,1.308,0,NULL,NULL,,3,0,2,7,255,1080,250,0,0
stim,9610,39731,0,39731,3237059.455,0.826,-0.142,-0.107,0.534,0,0,0,0,0,0,0,57,55,1.211,1,2071,0,410.676,18.216,258.625,318.375,-20.125,1.047,-0.188,3.148,3.527,-17.871,15.566,3.074,3.416,1.061,1.308,0,NULL,NULL,,3,0,2,7,255,1080,250,0,0
stim,9633,39754,0,39754,3237064.453,0.822,-0.158,-0.113,0.535,0,0,0,0,0,0,0,59,55,1.211,1,2071,0,399.916,20.415,246.375,314.063,-24.438,1.129,-0.141,3.227,4.074,-20.004,15.566,2.976,3.318,1.061,1.308,0,NULL,NULL,,3,0,2,7,255,1080,250,0,0
stim,9633,39754,0,39754,3237069.455,0.818,-0.173,-0.119,0.535,0,0,0,0,0,0,0,63,55,1.211,1,2071,0,382.718,22.120,225.000,308.000,-31.375,1.188,-0.059,3.281,4.543,-21.648,15.434,2.872,3.214,1.061,1.308,0,NULL,NULL,,3,0,2,7,255,1080,250,0,0
stim,9633,39754,0,39754,3237074.454,0.814,-0.187,-0.126,0.536,0,0,0,0,0,0,0,59,55,1.211,1,2071,0,363.204,23.452,200.063,299.750,-45.188,1.344,0.133,3.367,5.254,-22.855,15.121,2.762,3.102,1.061,1.308,0,NULL,NULL,,3,0,2,7,255,1080,250,0,0
stim,9633,39754,0,39754,3237079.455,0.809,-0.199,-0.132,0.537,0,0,0,0,0,0,0,61,55,1.211,1,2071,0,340.816,25.691,167.813,289.500,-64.688,1.664,0.313,3.445,7.391,-24.605,14.836,2.642,2.982,1.061,1.308,0,NULL,NULL,,3,0,2,7,255,1080,250,0,0
stim,9633,39754,0,39754,3237084.453,0.804,-0.210,-0.140,0.538,0,0,0,0,0,0,0,75,55,1.211,1,2071,0,310.174,29.396,118.250,276.563,-75.750,2.094,0.270,3.371,10.070,-27.617,13.723,2.512,2.848,1.061,1.308,0,NULL,NULL,,3,0,2,7,255,1080,250,0,0
stim,9633,39754,1,39754,3237089.455,0.800,-0.217,-0.148,0.539,0,0,0,0,0,0,0,99,55,1.211,1,2071,0,274.052,33.283,58.875,259.750,-64.563,2.516,0.070,3.000,10.770,-31.492,10.348,2.374,2.706,1.061,1.308,0,NULL,NULL,,3,1,2,7,255,1080,250,0,0
stim,9663,39784,1,39784,3237094.454,0.798,-0.223,-0.157,0.538,0,0,0,0,0,0,0,137,55,1.211,1,2071,0,244.579,35.795,13.625,241.125,-38.625,2.855,-0.102,2.395,10.770,-34.137,4.141,2.232,2.560,1.061,1.308,0,NULL,NULL,,3,1,2,7,255,1080,250,0,0
stim,9663,39784,1,39784,3237099.455,0.796,-0.228,-0.165,0.536,0,0,0,0,0,0,0,171,55,1.211,1,2071,0,221.931,35.668,-2.063,221.563,-12.625,3.168,-0.230,1.719,10.340,-34.137,-3.625,2.092,2.416,1.061,1.308,0,NULL,NULL,,3,1,2,7,255,1080,250,0,0
stim,9663,39784,1,39784,3237104.453,0.794,-0.233,-0.172,0.534,0,0,0,0,0,0,0,201,55,1.211,1,2071,0,201.338,35.482,10.875,200.875,8.250,3.531,-0.457,1.098,10.121,-34.008,-11.656,1.952,2.270,1.061,1.308,0,NULL,NULL,,3,1,2,7,255,1080,250,0,0
stim,9663,39784,1,39784,3237109.455,0.793,-0.239,-0.176,0.532,0,0,0,0,0,0,0,221,55,1.211,1,2071,0,187.644,35.214,46.063,179.188,31.313,3.883,-0.883,0.523,9.137,-34.008,-19.605,1.812,2.126,1.061,1.308,0,NULL,NULL,,3,1,2,7,255,1080,250,0,0
stim,9701,39822,1,39822,3237114.454,0.792,-0.247,-0.178,0.529,0,0,0,0,0,0,0,239,55,1.211,1,2071,0,208.631,35.295,118.000,155.625,73.375,4.145,-1.398,0.105,6.328,-34.723,-27.344,1.674,1.980,1.061,1.308,0,NULL,NULL,,3,1,2,7,255,1080,250,0,0
stim,9701,39822,1,39822,3237119.455,0.791,-0.260,-0.176,0.524,0,0,0,0,0,0,0,243,55,1.211,1,2071,0,308.456,35.810,239.063,134.125,141.438,4.094,-1.715,0.125,2.613,-35.715,-33.543,1.530,1.832,1.061,1.308,0,NULL,NULL,,3,1,2,7,255,1080,250,0,0
stim,9701,39822,1,39822,3237124.454,0.791,-0.274,-0.171,0.520,0,0,0,0,0,0,0,208,55,1.211,1,2071,0,363.476,36.000,310.438,93.625,164.250,3.777,-2.293,0.926,0.043,-36.000,-33.543,1.382,1.676,1.061,1.308,0,NULL,NULL,,3,1,2,7,255,1080,250,0,0
stim,9701,39822,1,39822,3237129.455,0.790,-0.289,-0.164,0.516,0,0,0,0,0,0,0,204,55,1.211,1,2071,0,382.454,39.005,338.938,71.750,162.000,3.332,-2.063,1.426,-5.148,-38.664,-28.324,1.228,1.514,1.061,1.308,0,NULL,NULL,,3,1,2,7,255,1080,250,0,0
stim,9701,39822,1,39822,3237134.453,0.788,-0.302,-0.155,0.513,0,0,0,0,0,0,0,187,55,1.211,1,2071,0,376.873,39.834,348.563,36.813,138.500,3.039,-1.754,2.086,-5.148,-39.500,-22.309,1.074,1.350,1.061,1.308,0,NULL,NULL,,3,1,2,7,255,1080,250,0,0
stim,9701,39822,1,39822,3237139.455,0.787,-0.314,-0.146,0.510,0,0,0,0,0,0,0,185,55,1.211,1,2071,0,350.438,39.679,314.688,-4.875,154.125,2.773,-1.375,3.016,-3.762,-39.500,-15.520,0.920,1.182,1.061,1.308,0,NULL,NULL,,3,1,2,7,255,1080,250,0,0
stim,9701,39822,1,39822,3237144.454,0.787,-0.323,-0.138,0.508,0,0,0,0,0,0,0,170,55,1.211,1,2071,0,277.755,39.558,242.688,-37.625,129.750,1.910,-0.672,3.539,-2.148,-39.500,-6.402,0.772,1.014,1.061,1.308,0,NULL,NULL,,3,1,2,7,255,1080,250,0,0
stim,9701,39822,1,39822,3237149.455,0.786,-0.326,-0.132,0.508,0,0,0,39,0,0,0,248,55,1.211,1,2071,0,157.571,37.519,138.250,-71.500,24.563,1.352,-0.355,3.906,-0.906,-37.508,4.234,0.636,0.842,1.061,1.308,0,NULL,NULL,,3,1,2,7,255,1080,250,0,0
stim,9701,39822,1,39822,3237154.453,0.786,-0.334,-0.115,0.507,163,0,0,621,0,0,0,289,55,1.211,1,2071,0,440.010,37.519,339.063,-220.375,173.438,1.160,-0.461,6.582,-0.906,-37.508,11.055,0.532,0.682,1.061,1.308,0,NULL,NULL,,3,1,2,7,255,1080,250,0,0
stim,9701,39822,1,39822,3237159.455,0.792,-0.332,-0.102,0.503,830,0,0,1241,0,47,0,347,55,1.211,1,2071,0,327.339,50.426,51.625,-238.438,218.250,1.027,1.043,8.746,-0.906,-50.418,31.770,0.474,0.538,1.061,1.308,0,NULL,NULL,,3,1,2,7,255,1080,250,0,0
stim,9731,39852,1,39852,3237164.454,0.814,-0.292,-0.116,0.488,1288,0,0,1625,0,279,0,423,55,1.211,1,2071,0,1136.182,50.432,-1078.063,-154.125,323.938,-0.141,2.805,3.250,1.191,-50.418,31.770,0.462,0.414,1.061,1.308,0,NULL,NULL,,3,1,2,7,255,1080,250,0,0
stim,9731,39852,1,39852,3237169.455,0.835,-0.250,-0.129,0.473,1745,0,0,1851,0,527,0,505,55,1.211,1,2072,0,1187.049,22.071,-1128.313,-193.188,314.125,-0.891,4.082,-1.289,20.828,-7.301,26.031,0.490,0.328,1.061,1.308,1,1079.000,-1.000,,3,1,2,7,255,1080,250,0,0
stim,9731,39852,1,39852,3237174.454,0.847,-0.227,-0.134,0.461,2020,0,0,1971,0,627,0,552,55,1.211,1,2072,0,661.946,37.101,-597.500,-135.938,250.375,-1.965,2.039,-2.656,20.828,30.703,-5.883,0.524,0.290,1.061,1.308,1,NULL,NULL,,3,1,2,7,255,1080,250,0,0
stim,9731,39852,1,39852,3237179.455,0.851,-0.217,-0.131,0.459,2217,0,0,2074,0,838,0,603,55,1.211,1,2072,0,250.274,31.143,-178.000,-158.250,76.875,-1.922,-0.215,-1.039,5.215,30.703,-11.270,0.542,0.292,1.061,1.308,1,NULL,NULL,,3,1,2,7,255,1080,250,0,0
stim,9760,39881,1,39881,3237184.453,0.852,-0.215,-0.125,0.460,2351,0,0,2147,0,973,0,699,55,1.211,1,2072,0,145.519,17.370,26.313,-143.063,-4.063,-0.438,0.281,1.047,0.289,17.367,-11.270,0.538,0.322,1.061,1.308,1,NULL,NULL,,3,1,2,7,255,1080,250,0,0
stim,9760,39881,1,39881,3237189.455,0.854,-0.212,-0.121,0.459,2539,0,0,2349,0,1151,0,759,55,1.211,1,2072,0,133.849,0.458,-26.438,-121.313,50.000,0.406,2.098,1.934,0.289,-0.355,1.641,0.530,0.362,1.061,1.308,1,NULL,NULL,,3,1,2,7,255,1080,250,0,0
stim,9760,39881,1,39881,3237194.454,0.858,-0.204,-0.120,0.455,2697,0,0,2552,0,1192,0,823,55,1.211,1,2072,0,236.148,15.797,-178.563,-105.750,112.688,-0.109,1.910,2.145,15.793,-0.355,10.043,0.532,0.404,1.061,1.308,1,NULL,NULL,,3,1,2,7,255,1080,250,0,0
stim,9760,39881,1,39881,3237199.455,0.867,-0.188,-0.119,0.446,2799,0,0,2699,0,1194,0,915,55,1.211,1,2072,0,458.987,15.829,-371.750,-162.750,214.438,-1.973,-0.379,0.844,15.793,1.070,10.043,0.550,0.444,1.061,1.308,2,NULL,NULL,,3,1,2,7,255,1080,250,0,0
stim,9760,39881,1,39881,3237204.453,0.872,-0.169,-0.120,0.443,2863,0,0,2794,0,1215,0,1055,55,1.211,1,2072,0,457.178,16.117,-420.313,-174.250,44.563,-2.410,-1.477,-0.535,-13.664,8.547,4.238,0.572,0.484,1.061,1.308,2,NULL,NULL,,3,1,2,7,255,1080,250,0,0
stim,9760,39881,1,39881,3237209.455,0.872,-0.157,-0.118,0.449,2931,0,0,2874,0,1237,0,1187,55,1.211,1,2072,0,320.664,20.866,-212.375,-191.375,-145.250,-1.449,-1.246,-0.969,-19.035,8.547,-8.426,0.586,0.514,1.061,1.308,2,NULL,NULL,,3,1,2,7,255,1080,250,0,0
stim,9799,39920,1,39920,3237214.454,0.869,-0.152,-0.111,0.458,2967,0,0,2935,0,1261,0,1267,55,1.211,1,2072,0,279.781,20.326,13.813,-197.438,-197.750,-0.082,-0.582,0.305,-19.035,7.129,-8.426,0.570,0.524,1.061,1.308,2,NULL,NULL,,3,1,2,7,255,1080,250,0,0
stim,9799,39920,1,39920,3237219.455,0.866,-0.150,-0.104,0.465,2999,0,0,2997,0,1325,0,1325,55,1.211,1,2072,0,255.597,6.196,56.438,-186.813,-165.063,0.727,-0.711,1.797,-5.039,-3.605,-7.527,0.534,0.522,1.061,1.308,2,NULL,NULL,,3,1,2,7,255,1080,250,0,0
stim,9799,39920,1,39920,3237224.454,0.866,-0.144,-0.099,0.469,3026,0,0,3044,0,1417,0,1379,55,1.211,1,2072,0,190.020,15.363,-47.875,-161.125,-88.625,1.199,-1.113,2.270,-1.508,-15.289,3.520,0.494,0.514,1.061,1.308,2,NULL,NULL,,3,1,2,7,255,1080,250,0,0
stim,9799,39920,1,39920,3237229.455,0.868,-0.135,-0.097,0.468,3042,0,0,3082,0,1514,0,1415,55,1.211,1,2072,0,228.524,22.379,-172.750,-146.563,30.000,1.363,-1.469,1.805,-1.508,-22.328,3.520,0.456,0.492,1.061,1.308,2,NULL,NULL,,3,1,2,7,255,1080,250,0,0
stim,9799,39920,1,39920,3237234.454,0.873,-0.125,-0.096,0.462,3053,0,0,3111,0,1641,0,1435,55,1.211,1,2072,0,285.544,22.627,-205.125,-127.813,152.063,0.773,-1.328,0.863,-3.668,-22.328,1.391,0.418,0.452,1.061,1.308,2,NULL,NULL,,3,1,2,7,255,1080,250,0,0
stim,9799,39920,1,39920,3237239.455,0.878,-0.118,-0.093,0.454,3063,0,0,3131,0,1783,0,1479,55,1.211,1,2072,0,281.875,16.744,-147.000,-122.563,206.938,-0.188,-0.855,0.344,-6.020,-15.625,-5.211,0.388,0.394,1.061,1.308,2,NULL,NULL,,3,1,2,7,255,1080,250,0,0
stim,9829,39950,1,39950,3237244.453,0.882,-0.114,-0.089,0.448,3068,0,0,3147,28,1899,6,1525,55,1.211,1,2072,0,220.216,7.419,-59.500,-127.375,169.500,-0.828,-0.164,0.477,-6.020,-4.336,-5.211,0.366,0.330,1.061,1.308,2,NULL,NULL,,3,1,2,7,255,1080,250,0,0
stim,9829,39950,1,39950,3237249.455,0.884,-0.111,-0.084,0.446,3078,0,0,3155,87,2011,17,1607,55,1.211,1,2072,0,145.915,7.022,-9.938,-129.500,66.500,-0.910,0.340,1.020,-5.758,4.020,-3.363,0.358,0.268,1.061,1.308,2,NULL,NULL,,3,1,2,7,255,1080,250,0,0
stim,9829,39950,1,39950,3237254.453,0.885,-0.108,-0.079,0.447,3081,0,0,3160,338,2149,19,1764,55,1.211,1,2072,0,132.265,4.455,-29.813,-127.563,-18.250,-0.598,0.414,1.430,-1.922,4.020,2.332,0.356,0.216,1.061,1.308,2,NULL,NULL,,3,1,2,7,255,1080,250,0,0
stim,9829,39950,1,39950,3237259.455,0.885,-0.102,-0.076,0.449,3081,0,0,3163,618,2231,157,1911,55,1.211,1,2072,0,155.617,3.484,-82.000,-122.188,-50.625,-0.063,0.156,1.516,0.715,3.410,4.855,0.360,0.182,1.061,1.308,2,NULL,NULL,,3,1,2,7,255,1080,250,0,0
stim,9829,39950,1,39950,3237264.454,0.884,-0.097,-0.075,0.451,3080,0,0,3165,845,2280,189,2032,55,1.211,1,2072,0,132.884,2.787,-76.563,-80.250,-73.188,0.426,-0.129,1.910,1.789,-2.137,5.488,0.364,0.162,1.061,1.308,2,NULL,NULL,,3,1,2,7,255,1080,250,0,0
stim,9829,39950,1,39950,3237269.455,0.883,-0.092,-0.075,0.455,3079,0,0,3167,1093,2327,159,2103,55,1.211,1,2072,0,142.527,8.639,-98.000,-48.938,-91.188,0.633,-0.219,1.191,2.602,-8.238,4.855,0.372,0.148,1.061,1.308,2,NULL,NULL,,3,1,2,7,255,1080,250,0,0
stim,9830,39951,1,39951,3237274.454,0.882,-0.090,-0.074,0.456,3079,1,0,3171,1213,2354,201,2155,55,1.211,1,2072,0,69.540,8.643,-44.000,-42.938,-32.500,0.832,0.141,0.691,2.613,-8.238,0.082,0.386,0.134,1.061,1.308,2,NULL,NULL,,3,1,2,7,255,1080,250,0,0
stim,9830,39951,1,39951,3237279.455,0.883,-0.090,-0.073,0.455,3081,28,0,3173,1355,2381,229,2216,55,1.211,1,2072,0,41.314,7.600,9.250,-28.063,28.875,0.234,-0.109,1.113,2.602,-7.141,0.082,0.404,0.120,1.061,1.308,2,NULL,NULL,,3,1,2,7,255,1080,250,0,0
stim,9850,39971,1,39971,3237284.454,0.884,-0.087,-0.073,0.454,3081,40,0,3173,1465,2397,233,2268,55,1.211,1,2072,0,57.213,4.915,-46.813,-22.625,23.875,-0.473,-0.344,1.391,1.172,-4.773,0.297,0.426,0.106,1.061,1.308,2,NULL,NULL,,3,1,2,7,255,1080,250,0,0
stim,9850,39971,1,39971,3237289.455,0.883,-0.084,-0.074,0.456,3081,59,0,3173,1551,2407,233,2303,55,1.211,1,2072,0,88.913,2.615,-75.750,-18.438,-42.750,-0.469,-0.051,0.984,-2.355,-1.137,0.559,0.446,0.092,1.061,1.308,2,NULL,NULL,,3,1,2,7,255,1080,250,0,0
stim,9850,39971,1,39971,3237294.453,0.881,-0.082,-0.074,0.459,3081,94,0,3173,1596,2422,237,2331,55,1.211,1,2072,0,102.156,2.383,-30.063,-16.000,-96.313,-0.086,0.230,0.789,-2.355,0.363,0.559,0.458,0.082,1.061,1.308,2,NULL,NULL,,3,1,2,7,255,1080,250,0,0
stim,9850,39971,1,39971,3237299.455,0.880,-0.082,-0.074,0.462,3080,115,0,3171,1647,2439,238,2359,55,1.211,1,2072,0,75.122,1.937,-2.063,-13.813,-73.813,0.250,0.086,1.063,1.902,0.363,-0.109,0.468,0.076,1.061,1.308,2,NULL,NULL,,3,1,2,7,255,1080,250,0,0
stim,9873,39994,1,39994,3237304.454,0.880,-0.080,-0.074,0.463,3081,126,0,3173,1707,2453,235,2380,55,1.211,1,2072,0,37.882,4.049,-31.063,-10.563,-18.938,0.129,-0.184,1.199,1.902,-3.574,-0.109,0.478,0.070,1.061,1.308,2,NULL,NULL,,3,1,2,7,255,1080,250,0,0
stim,9873,39994,1,39994,3237309.455,0.880,-0.078,-0.075,0.463,3083,146,13,3174,1757,2457,243,2397,55,1.211,1,2072,0,54.832,3.575,-54.438,-6.563,-0.125,-0.172,-0.203,0.973,0.094,-3.574,-0.109,0.488,0.060,1.061,1.308,2,NULL,NULL,,3,1,2,7,255,1080,250,0,0
stim,9910,40031,1,40031,3237314.453,0.880,-0.076,-0.076,0.463,3087,166,105,3175,1827,2467,255,2413,55,1.211,1,2072,0,44.585,2.044,-36.063,-3.813,-25.938,-0.270,-0.043,0.789,-1.203,-1.652,-0.215,0.498,0.050,1.061,1.308,2,NULL,NULL,,3,1,2,7,255,1080,250,0,0
stim,9910,40031,1,40031,3237319.455,0.879,-0.075,-0.076,0.465,3087,189,157,3176,1859,2475,263,2430,55,1.211,1,2072,0,48.929,1.274,-10.563,-4.500,-47.563,-0.129,0.055,0.926,-1.203,-0.418,-0.668,0.506,0.040,1.061,1.308,2,NULL,NULL,,3,1,2,7,255,1080,250,0,0
stim,9910,40031,1,40031,3237324.454,0.878,-0.074,-0.076,0.467,3087,211,266,3174,1893,2480,261,2442,55,1.211,1,2072,0,40.199,0.628,-14.938,-3.813,-37.125,0.027,-0.055,1.105,0.469,-0.418,-0.668,0.514,0.030,1.061,1.308,2,NULL,NULL,,3,1,2,7,255,1080,250,0,0
stim,9910,40031,1,40031,3237329.455,0.878,-0.073,-0.076,0.467,3089,219,327,3175,1907,2487,249,2451,55,1.211,1,2072,0,30.364,2.375,-27.125,-2.375,-13.438,0.000,-0.066,1.059,0.469,-2.328,0.328,0.522,0.022,1.061,1.308,2,NULL,NULL,,3,1,2,7,255,1080,250,0,0
stim,9910,40031,1,40031,3237334.453,0.878,-0.072,-0.077,0.467,3089,229,379,3175,1926,2489,252,2453,55,1.211,1,2072,0,23.299,2.398,-23.000,-1.563,-3.375,-0.094,0.035,0.961,0.574,-2.328,0.328,0.532,0.010,1.061,1.308,2,NULL,NULL,,3,1,2,7,255,1080,250,0,0
stim,9910,40031,0,40031,3237339.455,0.878,-0.072,-0.077,0.467,3091,233,437,3175,1942,2493,242,2456,55,1.211,1,2072,0,14.821,1.008,-12.313,-1.750,-8.063,-0.133,0.055,0.969,0.539,-0.852,-0.254,0.540,0.000,1.061,1.308,2,NULL,NULL,,3,0,2,7,255,1075,250,0,0
stim,9910,40031,0,40031,3237344.453,0.878,-0.071,-0.077,0.468,3090,237,500,3175,1956,2491,239,2457,55,1.211,1,2072,0,14.199,1.008,-7.313,-1.063,-12.125,-0.098,0.008,1.016,0.539,-0.852,-0.254,0.000,0.000,1.061,1.308,2,NULL,NULL,,3,0,2,7,255,1075,250,0,0
stim,9910,40031,0,40031,3237349.455,0.877,-0.071,-0.077,0.468,3090,232,555,3175,1967,2501,214,2458,55,1.234,1,2072,1,10.236,1.144,-7.750,0.000,-6.688,-0.074,0.004,1.020,0.512,-1.023,0.137,0.000,0.000,1.056,1.357,2,NULL,NULL,,3,0,2,7,255,1075,250,0,0
stim,9910,40031,0,40031,3237354.454,0.878,-0.070,-0.077,0.468,3087,226,595,3175,1981,2511,207,2457,55,1.234,1,2072,1,6.758,1.144,-6.750,0.313,0.125,-0.117,0.047,1.027,0.512,-1.023,0.145,0.008,0.006,1.056,1.357,2,NULL,NULL,,3,0,2,7,255,1075,250,0,0
stim,9910,40031,0,40031,3237359.455,0.878,-0.070,-0.077,0.468,3087,220,603,3175,1983,2503,199,2459,55,1.234,1,2072,1,5.112,0.845,-5.063,0.438,0.563,-0.172,0.051,1.035,0.512,-0.672,0.289,0.016,0.012,1.056,1.357,2,NULL,NULL,,3,0,2,7,255,1075,250,0,0
stim,9935,40056,0,40056,3237364.453,0.877,-0.070,-0.077,0.468,3087,221,629,3171,1995,2500,196,2456,55,1.234,1,2072,1,6.720,0.450,-4.625,0.000,-4.875,-0.184,0.043,1.035,0.379,-0.242,0.457,0.022,0.016,1.056,1.357,2,NULL,NULL,,3,0,2,7,255,1075,250,0,0
stim,9935,40056,0,40056,3237369.455,0.877,-0.070,-0.077,0.469,3095,224,654,3164,2005,2495,198,2463,55,1.234,1,2072,1,9.598,0.450,-3.313,0.375,-9.000,-0.148,0.047,1.027,0.379,-0.242,0.457,0.028,0.020,1.056,1.357,2,NULL,NULL,,3,0,2,7,255,1075,250,0,0
stim,9935,40056,0,40056,3237374.454,0.877,-0.070,-0.077,0.469,3065,232,658,3165,2005,2501,201,2457,55,1.234,1,2072,1,8.699,0.616,-2.313,0.438,-8.375,-0.137,0.043,1.031,0.445,-0.426,0.371,0.034,0.024,1.056,1.357,2,NULL,NULL,,3,0,2,7,255,1075,250,0,0
stim,9935,40056,0,40056,3237379.455,0.877,-0.070,-0.077,0.469,3070,222,667,3163,2011,2493,199,2454,55,1.234,1,2072,1,7.616,0.633,-3.000,-0.063,-7.000,-0.156,0.027,1.023,0.445,-0.449,0.367,0.038,0.026,1.056,1.357,2,NULL,NULL,,3,0,2,7,255,1075,250,0,0
stim,9935,40056,0,40056,3237384.453,0.877,-0.069,-0.077,0.469,3063,211,675,3155,2009,2489,197,2447,55,1.234,1,2072,1,7.876,0.522,-2.750,-1.000,-7.313,-0.172,0.016,0.996,0.266,-0.449,0.340,0.040,0.028,1.056,1.357,2,NULL,NULL,,3,0,2,7,255,1075,250,0,0
stim,9935,40056,0,40056,3237389.455,0.877,-0.069,-0.077,0.470,3055,203,683,3146,2011,2477,199,2456,55,1.234,1,2072,1,8.512,0.374,-0.375,-2.063,-8.250,-0.176,-0.004,0.977,0.047,-0.371,0.094,0.044,0.028,1.056,1.357,2,NULL,NULL,,3,0,2,7,255,1075,250,0,0
stim,9972,40093,0,40093,3237394.454,0.877,-0.069,-0.077,0.470,3044,201,684,3134,2013,2470,201,2445,55,1.234,1,2072,1,10.049,0.389,2.375,-2.938,-9.313,-0.168,-0.008,0.977,-0.117,-0.371,-0.090,0.046,0.030,1.056,1.357,2,NULL,NULL,,3,0,2,7,255,1075,250,0,0
stim,9972,40093,0,40093,3237399.455,0.876,-0.069,-0.077,0.470,3039,189,686,3141,2017,2472,211,2451,55,1.234,1,2072,1,10.585,0.468,3.938,-3.313,-9.250,-0.141,0.004,0.977,-0.117,-0.453,-0.109,0.048,0.028,1.056,1.357,2,NULL,NULL,,3,0,2,7,255,1075,250,0,0
stim,9972,40093,0,40093,3237404.453,0.876,-0.069,-0.076,0.471,3029,181,703,3111,2020,2462,219,2453,55,1.234,1,2072,1,9.226,0.598,4.500,-3.375,-7.313,-0.137,-0.016,0.977,-0.020,-0.598,-0.156,0.050,0.028,1.056,1.357,2,NULL,NULL,,3,0,2,7,255,1075,250,0,0
stim,9972,40093,0,40093,3237409.455,0.876,-0.069,-0.076,0.471,3032,169,715,3113,2023,2461,236,2453,55,1.234,1,2072,1,7.363,0.758,4.125,-4.250,-4.375,-0.152,-0.043,0.973,-0.020,-0.758,-0.160,0.052,0.026,1.056,1.357,2,NULL,NULL,,3,0,2,7,255,1075,250,0,0
stim,10001,40122,0,40122,3237414.454,0.876,-0.069,-0.076,0.471,3007,170,715,3099,2027,2457,235,2451,55,1.234,1,2072,1,8.293,0.835,5.063,-5.875,-2.938,-0.176,-0.043,0.957,-0.352,-0.758,-0.168,0.054,0.024,1.056,1.357,2,NULL,NULL,,3,0,2,7,255,1075,250,0,0
stim,10001,40122,0,40122,3237419.455,0.876,-0.069,-0.075,0.471,2987,167,729,3099,2035,2451,239,2459,55,1.234,1,2072,1,11.697,0.653,8.813,-7.000,-3.188,-0.180,-0.016,0.945,-0.352,-0.551,-0.301,0.056,0.024,1.056,1.357,2,NULL,NULL,,3,0,2,7,255,1075,250,0,0
stim,10001,40122,0,40122,3237424.454,0.876,-0.070,-0.075,0.471,2976,157,733,3083,2037,2445,244,2455,55,1.234,1,2072,1,14.802,0.475,11.813,-7.875,-4.188,-0.176,0.004,0.965,-0.328,-0.344,-0.301,0.058,0.022,1.056,1.357,2,NULL,NULL,,3,0,2,7,255,1075,250,0,0
stim,10001,40122,0,40122,3237429.455,0.876,-0.070,-0.074,0.472,2981,155,744,3056,2057,2449,255,2461,55,1.234,1,2072,1,15.372,0.373,11.563,-8.625,-5.313,-0.160,-0.008,0.977,-0.145,-0.344,-0.215,0.058,0.020,1.056,1.357,2,NULL,NULL,,3,0,2,7,255,1075,250,0,0
stim,10001,40122,0,40122,3237434.453,0.876,-0.066,-0.071,0.472,2961,157,775,3053,2069,2445,281,2463,55,1.234,1,2072,1,13.295,0.532,9.313,-9.063,-2.813,-0.141,-0.016,0.969,-0.133,-0.516,-0.215,0.060,0.020,1.056,1.357,2,NULL,NULL,,3,0,2,7,255,1075,250,0,0
stim,10001,40122,0,40122,3237439.455,0.876,-0.066,-0.070,0.472,2951,155,799,3031,2083,2445,313,2475,55,1.234,1,2072,1,13.683,0.528,8.375,-10.688,1.688,-0.133,0.023,0.961,-0.113,-0.516,-0.230,0.060,0.018,1.056,1.357,2,NULL,NULL,,3,0,2,7,255,1075,250,0,0
stim,10001,40122,0,40122,3237444.454,0.876,-0.067,-0.070,0.472,2939,159,832,3019,2105,2444,331,2484,55,1.234,1,2072,1,17.955,0.461,11.875,-12.625,4.688,-0.172,0.043,0.961,0.156,-0.434,-0.230,0.062,0.018,1.056,1.357,2,NULL,NULL,,3,0,2,7,255,1075,250,0,0
stim,10001,40122,0,40122,3237449.455,0.876,-0.067,-0.069,0.472,2923,157,883,3019,2151,2449,351,2503,55,1.234,1,2072,1,18.862,0.161,13.563,-13.000,1.688,-0.199,0.063,0.977,0.160,-0.012,-0.219,0.064,0.016,1.056,1.357,2,NULL,NULL,,3,0,2,7,255,1075,250,0,0
stim,10001,40122,0,40122,3237454.453,0.876,-0.067,-0.068,0.472,2899,155,925,2997,2187,2446,373,2507,55,1.234,1,2072,1,19.668,0.310,12.313,-15.313,0.875,-0.152,0.152,1.012,0.160,0.266,-0.023,0.064,0.016,1.056,1.357,2,NULL,NULL,,3,0,2,7,255,1075,250,0,0
stim,10001,40122,0,40122,3237459.455,0.876,-0.068,-0.067,0.472,2894,165,983,2976,2215,2447,403,2529,55,1.234,1,2072,1,21.603,1.206,13.063,-16.625,4.438,-0.160,0.207,1.035,1.160,0.328,0.254,0.064,0.014,1.056,1.357,2,NULL,NULL,,3,0,2,7,255,1075,250,0,0
stim,10031,40152,0,40152,3237464.454,0.877,-0.068,-0.066,0.472,2863,169,1043,2972,2257,2455,459,2541,55,1.234,1,2072,1,18.900,1.678,9.938,-16.000,-1.563,-0.164,0.219,1.055,1.543,0.660,0.488,0.064,0.012,1.056,1.357,2,NULL,NULL,,3,0,2,7,255,1075,250,0,0
stim,10031,40152,0,40152,3237469.455,0.877,-0.068,-0.065,0.472,2857,183,1101,2953,2283,2457,531,2554,55,1.234,1,2072,1,17.442,1.747,2.813,-17.125,1.750,-0.137,0.215,1.055,1.617,0.660,0.637,0.064,0.008,1.056,1.357,2,NULL,NULL,,3,0,2,7,255,1075,250,0,0
stim,10031,40152,0,40152,3237474.454,0.877,-0.068,-0.064,0.472,2830,202,1181,2935,2322,2475,584,2579,55,1.234,1,2072,1,16.088,1.697,0.438,-16.000,-1.625,-0.172,0.145,1.000,1.617,0.516,0.637,0.066,0.004,1.056,1.357,2,NULL,NULL,,3,0,2,7,255,1075,250,0,0
stim,10031,40152,0,40152,3237479.455,0.877,-0.067,-0.064,0.472,2810,231,1251,2927,2350,2469,681,2596,55,1.234,1,2072,1,18.088,1.038,1.500,-17.063,-5.813,-0.156,0.129,0.984,0.914,0.492,0.184,0.066,0.006,1.056,1.357,2,NULL,NULL,,3,0,2,7,255,1075,250,0,0
stim,10058,40179,0,40179,3237484.454,0.876,-0.067,-0.063,0.473,2779,247,1325,2906,2401,2485,789,2617,55,1.234,1,2072,1,19.354,0.918,4.063,-16.938,-8.438,-0.156,0.090,0.980,0.863,0.313,0.000,0.068,0.010,1.056,1.357,2,NULL,NULL,,3,0,2,7,255,1075,250,0,0
stim,10058,40179,0,40179,3237489.455,0.876,-0.067,-0.062,0.473,2771,276,1446,2891,2439,2493,915,2636,55,1.234,1,2072,1,20.463,0.671,3.500,-17.250,-10.438,-0.145,0.098,1.012,0.660,0.121,0.000,0.068,0.014,1.056,1.357,2,NULL,NULL,,3,0,2,7,255,1075,250,0,0
stim,10058,40179,0,40179,3237494.453,0.876,-0.067,-0.061,0.474,2728,267,1547,2875,2471,2489,977,2653,55,1.234,1,2072,1,22.017,0.552,1.250,-17.250,-13.625,-0.172,0.102,1.035,0.539,0.121,0.211,0.072,0.018,1.056,1.357,2,NULL,NULL,,3,0,2,7,255,1075,250,0,0
stim,10058,40179,0,40179,3237499.455,0.876,-0.066,-0.061,0.474,2696,273,1651,2857,2504,2504,1077,2655,55,1.234,1,2072,1,25.806,0.599,-6.500,-17.313,-18.000,-0.188,0.074,1.027,0.539,0.262,0.426,0.074,0.022,1.056,1.357,2,NULL,NULL,,3,0,2,7,255,1075,250,0,0
stim,10058,40179,0,40179,3237504.453,0.875,-0.065,-0.060,0.475,2661,295,1763,2836,2536,2507,1181,2676,55,1.234,1,2072,1,31.844,0.403,-6.625,-18.063,-25.375,-0.188,0.082,1.027,0.293,0.277,0.430,0.076,0.024,1.056,1.357,2,NULL,NULL,,3,0,2,7,255,1075,250,0,0
stim,10058,40179,0,40179,3237509.455,0.875,-0.065,-0.060,0.476,2615,317,1844,2822,2579,2509,1299,2687,55,1.234,1,2072,1,37.840,0.356,-12.813,-17.063,-31.250,-0.176,0.023,1.000,0.223,0.277,0.426,0.078,0.026,1.056,1.357,2,NULL,NULL,,3,0,2,7,255,1075,250,0,0
stim,10100,40221,0,40221,3237514.454,0.874,-0.064,-0.060,0.478,2555,331,1939,2809,2600,2517,1401,2701,55,1.234,1,2072,1,39.228,0.097,-12.438,-19.188,-31.875,-0.137,0.027,1.004,0.094,-0.023,0.152,0.078,0.026,1.056,1.357,2,NULL,NULL,,3,0,2,7,255,1075,250,0,0
stim,10100,40221,0,40221,3237519.455,0.874,-0.062,-0.059,0.479,2517,361,2027,2792,2636,2531,1495,2727,55,1.234,1,2072,1,43.069,0.331,-18.875,-17.563,-34.500,-0.133,-0.055,1.000,-0.129,-0.305,0.137,0.080,0.028,1.056,1.357,2,NULL,NULL,,3,0,2,7,255,1075,250,0,0
stim,10100,40221,0,40221,3237524.454,0.873,-0.061,-0.059,0.480,2469,368,2100,2764,2652,2520,1603,2739,55,1.234,1,2072,1,40.499,0.920,-18.438,-19.625,-30.250,-0.105,-0.074,1.000,-0.539,-0.746,0.043,0.080,0.028,1.056,1.357,2,NULL,NULL,,3,0,2,7,255,1075,250,0,0
stim,10100,40221,0,40221,3237529.455,0.873,-0.059,-0.059,0.481,2421,372,2184,2739,2692,2531,1686,2747,55,1.234,1,2072,1,42.595,1.154,-24.188,-18.250,-29.938,-0.109,-0.105,0.988,-0.547,-1.016,0.012,0.082,0.028,1.056,1.357,2,NULL,NULL,,3,0,2,7,255,1075,250,0,0
stim,10100,40221,0,40221,3237534.454,0.872,-0.058,-0.059,0.482,2355,374,2239,2707,2711,2537,1781,2771,55,1.234,1,2072,1,40.956,1.310,-24.000,-20.625,-26.000,-0.129,-0.098,0.988,-0.828,-1.016,-0.055,0.084,0.028,1.056,1.357,2,NULL,NULL,,3,0,2,7,255,1075,250,0,0
stim,10100,40221,0,40221,3237539.455,0.872,-0.056,-0.059,0.483,2285,375,2321,2669,2743,2542,1871,2791,55,1.234,1,2072,1,44.269,1.210,-30.125,-21.188,-24.563,-0.152,-0.074,1.000,-0.828,-0.883,-0.055,0.084,0.028,1.056,1.357,2,NULL,NULL,,3,0,2,7,255,1075,250,0,0
stim,10124,40245,0,40245,3237544.453,0.871,-0.054,-0.058,0.484,2205,377,2380,2622,2751,2551,1960,2803,55,1.234,1,2072,1,48.897,0.936,-32.250,-22.500,-29.063,-0.152,-0.051,1.000,-0.754,-0.555,0.098,0.086,0.028,1.056,1.357,2,NULL,NULL,,3,0,2,7,255,1075,250,0,0
stim,10124,40245,0,40245,3237549.455,0.871,-0.052,-0.058,0.485,2119,389,2439,2579,2771,2551,2039,2809,55,1.234,1,2072,1,48.951,0.757,-33.188,-23.500,-27.250,-0.117,-0.035,0.961,-0.535,-0.535,0.098,0.088,0.028,1.056,1.357,2,NULL,NULL,,3,0,2,7,255,1075,250,0,0
stim,10124,40245,0,40245,3237554.454,0.871,-0.051,-0.058,0.486,2038,392,2492,2520,2802,2543,2103,2827,55,1.234,1,2072,1,41.685,0.488,-24.063,-25.375,-22.688,-0.109,-0.008,0.938,-0.258,-0.414,-0.348,0.090,0.028,1.056,1.357,2,NULL,NULL,,3,0,2,7,255,1075,250,0,0
stim,10124,40245,0,40245,3237559.455,0.870,-0.049,-0.057,0.487,1943,383,2533,2478,2815,2553,2159,2853,55,1.234,1,2072,1,38.234,0.392,-17.313,-26.250,-21.750,-0.129,-0.004,0.980,-0.031,-0.391,-0.348,0.090,0.028,1.056,1.357,2,NULL,NULL,,3,0,2,7,255,1075,250,0,0
stim,10124,40245,0,40245,3237564.454,0.870,-0.048,-0.056,0.488,1827,372,2569,2394,2841,2553,2233,2861,55,1.234,1,2072,1,38.732,0.236,-16.188,-28.188,-21.063,-0.152,-0.027,1.047,-0.031,-0.234,-0.105,0.094,0.028,1.056,1.357,2,NULL,NULL,,3,0,2,7,255,1075,250,0,0
stim,10124,40245,0,40245,3237569.455,0.870,-0.046,-0.056,0.489,1667,353,2615,2284,2869,2555,2293,2884,55,1.234,1,2072,1,45.064,0.282,-23.500,-29.688,-24.438,-0.160,-0.020,1.094,-0.211,-0.188,0.543,0.096,0.028,1.056,1.357,2,NULL,NULL,,3,0,2,7,255,1075,250,0,0
stim,10144,40265,0,40265,3237574.454,0.869,-0.045,-0.055,0.489,1483,323,2643,2169,2875,2567,2353,2877,55,1.234,1,2072,1,49.023,0.282,-28.250,-29.938,-26.625,-0.129,-0.023,1.020,-0.211,-0.188,0.543,0.098,0.028,1.056,1.357,2,NULL,NULL,,3,0,2,7,255,1075,250,0,0
stim,10144,40265,0,40265,3237579.455,0.869,-0.043,-0.055,0.490,1269,279,2679,2057,2879,2552,2389,2901,55,1.234,1,2072,1,47.133,0.296,-24.438,-31.563,-25.063,-0.094,-0.023,0.996,-0.145,-0.258,0.246,0.100,0.028,1.056,1.357,2,NULL,NULL,,3,0,2,7,255,1075,250,0,0
stim,10144,40265,0,40265,3237584.454,0.868,-0.041,-0.054,0.491,1124,252,2715,1869,2915,2552,2443,2904,55,1.234,1,2072,1,43.372,0.345,-19.563,-32.875,-20.438,-0.102,-0.004,1.023,0.023,-0.344,0.246,0.102,0.028,1.056,1.357,2,NULL,NULL,,3,0,2,7,255,1075,250,0,0
stim,10144,40265,0,40265,3237589.455,0.868,-0.040,-0.053,0.492,932,241,2741,1681,2924,2553,2503,2914,55,1.234,1,2072,1,43.149,0.386,-18.750,-33.688,-19.375,-0.133,0.012,1.063,0.176,-0.344,0.254,0.104,0.028,1.056,1.357,2,NULL,NULL,,3,0,2,7,255,1075,250,0,0
stim,10144,40265,0,40265,3237594.453,0.868,-0.038,-0.052,0.493,680,197,2781,1429,2939,2539,2541,2926,55,1.234,1,2072,1,45.955,0.188,-20.438,-35.438,-20.938,-0.117,0.043,1.090,0.188,-0.004,0.668,0.106,0.028,1.056,1.357,2,NULL,NULL,,3,0,2,7,255,1075,250,0,0
stim,10144,40265,0,40265,3237599.455,0.868,-0.037,-0.051,0.493,445,139,2803,1261,2963,2539,2587,2935,55,1.234,1,2072,1,48.851,0.522,-24.563,-36.813,-20.688,-0.125,0.051,1.094,0.520,0.047,0.938,0.108,0.030,1.056,1.357,2,NULL,NULL,,3,0,2,7,255,1075,250,0,0
stim,10174,40295,0,40295,3237604.454,0.867,-0.035,-0.050,0.494,282,77,2830,1004,2969,2525,2632,2953,55,1.234,1,2072,1,51.590,0.570,-26.688,-38.563,-21.500,-0.102,0.059,1.070,0.563,0.090,0.938,0.110,0.028,1.056,1.357,2,NULL,NULL,,3,0,2,7,255,1075,250,0,0
stim,10174,40295,0,40295,3237609.455,0.867,-0.033,-0.049,0.495,135,33,2844,777,2985,2515,2659,2959,55,1.234,1,2072,1,54.571,0.740,-26.250,-39.875,-26.438,-0.086,0.051,1.047,0.734,0.090,0.695,0.114,0.028,1.056,1.357,2,NULL,NULL,,3,0,2,7,255,1075,250,0,0
stim,10210,40331,0,40331,3237614.454,0.867,-0.031,-0.048,0.496,47,17,2861,569,2989,2488,2693,2963,55,1.234,1,2072,1,52.795,0.751,-19.125,-43.438,-23.125,-0.082,0.070,1.066,0.746,0.086,0.652,0.116,0.028,1.056,1.357,2,NULL,NULL,,3,0,2,7,255,1075,250,0,0
stim,10210,40331,0,40331,3237619.455,0.866,-0.030,-0.046,0.497,10,0,2887,347,3015,2461,2722,2971,55,1.234,1,2072,1,53.733,0.786,-17.375,-46.250,-21.125,-0.137,0.082,1.129,0.781,0.086,0.652,0.120,0.028,1.056,1.357,2,NULL,NULL,,3,0,2,7,255,1075,250,0,0
stim,10210,40331,0,40331,3237624.454,0.866,-0.028,-0.045,0.498,0,0,2892,266,3020,2425,2787,2969,55,1.234,1,2072,1,65.564,0.965,-22.063,-49.750,-36.563,-0.148,0.082,1.141,0.781,0.566,1.328,0.124,0.028,1.056,1.357,2,NULL,NULL,,3,0,2,7,255,1075,250,0,0
stim,10210,40331,0,40331,3237629.455,0.865,-0.026,-0.043,0.499,0,0,2913,186,3026,2410,2777,2983,55,1.234,1,2072,1,68.443,1.039,-9.188,-55.000,-39.688,-0.219,0.043,1.207,0.742,0.727,1.430,0.128,0.028,1.056,1.357,2,NULL,NULL,,3,0,2,7,255,1075,250,0,0
stim,10210,40331,0,40331,3237634.454,0.864,-0.025,-0.040,0.500,0,0,2927,163,3039,2381,2806,2987,55,1.234,1,2072,1,70.340,1.125,10.875,-64.938,-24.750,-0.332,-0.016,1.348,0.090,1.121,2.156,0.130,0.030,1.056,1.357,2,NULL,NULL,,3,0,2,7,255,1075,250,0,0
stim,10210,40331,0,40331,3237639.455,0.864,-0.025,-0.037,0.501,0,0,2932,141,3053,2340,2827,2984,55,1.234,1,2072,0,88.132,1.981,36.313,-76.063,-25.750,-0.434,0.008,1.637,-0.906,1.762,3.641,0.130,0.034,1.056,1.357,2,NULL,NULL,,3,0,2,7,255,1075,250,0,0
stim,10210,40331,0,40331,3237644.453,0.864,-0.025,-0.033,0.502,0,0,2939,85,3063,2296,2847,2989,55,1.234,1,2072,0,98.175,2.755,39.375,-89.250,-11.063,-0.344,0.246,1.914,-0.906,2.602,6.527,0.128,0.038,1.056,1.357,2,NULL,NULL,,3,0,2,7,255,1075,250,0,0
stim,10210,40331,0,40331,3237649.455,0.864,-0.021,-0.030,0.502,0,0,2951,33,3067,2229,2875,2995,55,1.234,1,2072,0,107.579,2.982,-58.125,-90.313,-6.188,-0.078,0.281,1.707,1.457,2.602,6.840,0.124,0.044,1.056,1.357,3,NULL,NULL,,3,0,2,7,255,1075,250,0,0
stim,10210,40331,0,40331,3237654.454,0.865,-0.015,-0.029,0.502,0,0,2943,3,3079,2169,2888,2983,55,1.234,1,2072,0,136.426,1.827,-101.250,-91.063,8.250,-0.105,-0.012,1.172,1.457,1.102,6.840,0.120,0.050,1.056,1.357,3,NULL,NULL,,3,0,2,7,255,1075,250,0,0
stim,10210,40331,0,40331,3237659.455,0.866,-0.010,-0.027,0.500,0,0,2958,0,3081,2079,2911,2987,55,1.234,1,2072,0,126.490,0.693,-67.063,-100.688,36.938,-0.199,-0.133,0.961,0.043,0.691,1.699,0.116,0.056,1.056,1.357,3,NULL,NULL,,3,0,2,7,255,1075,250,0,0
stim,10234,40355,0,40355,3237664.454,0.867,-0.007,-0.024,0.499,0,0,2951,0,3092,1980,2915,2983,55,1.234,1,2072,0,117.415,1.716,-25.500,-108.688,36.375,-0.355,-0.195,0.965,-1.570,0.691,-0.117,0.112,0.062,1.056,1.357,3,NULL,NULL,,3,0,2,7,255,1075,250,0,0
stim,10234,40355,0,40355,3237669.455,0.867,-0.005,-0.019,0.498,0,0,2964,0,3092,1839,2953,2989,55,1.234,1,2072,0,116.328,3.407,2.938,-115.438,14.063,-0.406,-0.262,1.109,-2.906,1.777,-0.117,0.106,0.070,1.056,1.357,3,NULL,NULL,,3,0,2,7,255,1075,250,0,0
stim,10234,40355,0,40355,3237674.454,0.867,-0.002,-0.014,0.498,0,0,2952,0,3095,1701,2956,2975,55,1.234,1,2072,0,122.895,3.859,10.375,-122.438,-2.125,-0.320,-0.281,1.281,-3.426,1.777,1.324,0.100,0.080,1.056,1.357,3,NULL,NULL,,3,0,2,7,255,1075,250,0,0
stim,10234,40355,0,40355,3237679.455,0.867,0.000,-0.010,0.498,0,0,2937,0,3111,1526,2959,2969,55,1.234,1,2072,0,127.950,3.637,0.813,-127.938,-1.563,-0.199,-0.262,1.293,-3.426,1.223,2.938,0.092,0.090,1.056,1.357,3,NULL,NULL,,3,0,2,7,255,1075,250,0,0
stim,10234,40355,0,40355,3237684.454,0.868,0.004,-0.005,0.497,0,0,2933,0,3103,1317,2975,2975,55,1.234,1,2072,0,133.381,2.746,-8.875,-132.750,9.438,-0.141,-0.207,1.191,-2.715,0.414,2.938,0.086,0.100,1.056,1.357,3,NULL,NULL,,3,0,2,7,255,1075,250,0,0
stim,10234,40355,0,40355,3237689.455,0.868,0.007,-0.000,0.496,0,0,2923,0,3111,1047,2981,2967,55,1.234,1,2072,0,139.797,2.123,-8.938,-138.313,18.250,-0.172,-0.141,1.105,-2.082,0.414,1.938,0.078,0.110,1.056,1.357,3,NULL,NULL,,3,0,2,7,255,1075,250,0,0
stim,10263,40384,0,40384,3237694.453,0.869,0.010,0.005,0.495,0,0,2908,0,3114,824,2989,2943,55,1.234,1,2072,0,146.347,2.158,6.125,-144.938,19.313,-0.250,-0.105,1.078,-1.914,0.996,1.082,0.068,0.120,1.056,1.357,3,NULL,NULL,,3,0,2,7,255,1075,250,0,0
stim,10263,40384,0,40384,3237699.455,0.869,0.012,0.011,0.495,0,0,2876,0,3119,596,3005,2933,55,1.234,1,2072,0,156.430,2.710,26.125,-153.875,10.500,-0.277,-0.098,1.121,-1.914,1.918,1.082,0.060,0.132,1.056,1.357,3,NULL,NULL,,3,0,2,7,255,1075,250,0,0
stim,10263,40384,0,40384,3237704.454,0.869,0.014,0.018,0.494,0,0,2850,0,3119,423,2998,2920,55,1.234,1,2072,0,165.961,2.924,37.688,-161.625,-0.063,-0.234,-0.082,1.242,-1.914,2.211,1.129,0.050,0.144,1.056,1.357,3,NULL,NULL,,3,0,2,7,255,1075,250,0,0
stim,10263,40384,0,40384,3237709.455,0.869,0.016,0.025,0.494,0,0,2811,0,3117,223,3011,2898,55,1.234,1,2072,0,173.512,2.879,33.750,-170.188,-1.875,-0.133,-0.023,1.344,-1.844,2.211,2.254,0.038,0.158,1.056,1.357,3,NULL,NULL,,3,0,2,7,255,1075,250,0,0
stim,10302,40424,0,40424,3237714.453,0.869,0.019,0.032,0.493,0,0,2761,0,3125,115,3016,2871,55,1.234,1,2072,0,179.552,2.229,23.375,-177.688,10.938,-0.086,0.047,1.418,-0.977,2.004,3.277,0.030,0.172,1.056,1.357,3,NULL,NULL,,3,0,2,7,255,1075,250,0,0
stim,10302,40424,0,40424,3237719.455,0.869,0.022,0.040,0.492,0,0,2708,0,3115,39,3019,2843,55,1.234,1,2072,0,189.770,2.026,24.750,-187.063,20.188,-0.223,0.141,1.418,-0.301,2.004,3.805,0.022,0.186,1.056,1.357,3,NULL,NULL,,3,0,2,7,255,1075,250,0,0
stim,10302,40424,0,40424,3237724.454,0.869,0.026,0.048,0.491,0,0,2659,0,3111,0,3017,2797,55,1.234,1,2072,0,202.866,3.810,29.563,-199.875,18.188,-0.277,0.250,1.566,-0.266,3.801,3.949,0.022,0.198,1.056,1.357,3,NULL,NULL,,3,0,2,7,255,1075,250,0,0
stim,10302,40424,0,40424,3237729.455,0.869,0.029,0.057,0.490,0,0,2586,0,3113,0,3006,2757,55,1.234,1,2072,0,215.426,5.146,33.750,-212.438,11.813,-0.340,0.320,1.777,0.121,5.145,5.074,0.024,0.212,1.056,1.357,3,NULL,NULL,,3,0,2,7,255,1075,250,0,0
stim,10302,40424,0,40424,3237734.454,0.869,0.033,0.066,0.489,0,0,2493,0,3116,0,3015,2707,55,1.234,1,2072,0,227.569,6.486,15.000,-226.875,9.500,-0.379,0.336,2.070,0.121,6.484,6.980,0.032,0.226,1.056,1.357,3,NULL,NULL,,3,0,2,7,255,1075,250,0,0
stim,10303,40424,0,40424,3237739.455,0.869,0.039,0.075,0.488,0,0,2387,0,3099,0,3015,2636,55,1.234,1,2072,0,244.288,7.564,-7.938,-243.750,14.125,-0.473,0.320,2.320,-0.285,7.559,9.637,0.040,0.240,1.056,1.357,3,NULL,NULL,,3,0,2,7,255,1075,250,0,0
stim,10303,40424,0,40424,3237744.453,0.869,0.045,0.084,0.486,0,0,2239,0,3087,0,3001,2566,55,1.234,1,2072,0,269.900,9.007,-25.938,-267.188,28.000,-0.523,0.469,2.484,-0.633,8.984,11.762,0.048,0.254,1.056,1.357,3,NULL,NULL,,3,0,2,7,255,1075,250,0,0
stim,10303,40424,0,40424,3237749.455,0.869,0.054,0.094,0.484,0,0,2089,0,3064,0,2995,2487,55,1.234,1,2072,0,300.681,10.905,-47.500,-293.875,42.313,-0.555,0.723,2.582,-0.633,10.887,13.012,0.060,0.272,1.056,1.357,3,NULL,NULL,,3,0,2,7,255,1075,250,0,0
stim,10303,40424,0,40424,3237754.454,0.868,0.063,0.104,0.481,0,0,1925,0,3043,36,2969,2364,55,1.234,1,2072,0,330.786,13.237,-75.875,-318.938,44.063,-0.590,0.945,2.617,1.000,13.199,13.309,0.072,0.292,1.056,1.357,3,NULL,NULL,,3,0,2,7,255,1075,250,0,0
stim,10303,40424,0,40424,3237759.455,0.867,0.075,0.115,0.479,0,0,1790,0,3019,45,2931,2228,55,1.234,1,2072,0,358.302,15.448,-106.375,-340.188,36.563,-0.680,0.969,2.645,1.953,15.324,13.309,0.090,0.314,1.056,1.357,3,NULL,NULL,,3,0,2,7,255,1075,250,0,0
stim,10332,40453,0,40453,3237764.453,0.866,0.087,0.126,0.477,0,0,1687,0,2973,58,2897,2085,55,1.234,1,2072,0,387.463,17.077,-128.000,-364.313,31.938,-0.758,0.945,2.750,1.953,16.965,13.070,0.114,0.340,1.056,1.357,3,NULL,NULL,,3,0,2,7,255,1075,250,0,0
stim,10332,40453,0,40453,3237769.455,0.864,0.101,0.137,0.475,0,0,1604,0,2937,55,2841,1945,55,1.234,1,2072,0,414.874,18.573,-152.188,-385.500,18.688,-0.773,1.078,2.867,1.852,18.480,13.070,0.142,0.372,1.056,1.357,3,NULL,NULL,,3,0,2,7,255,1075,250,0,0
stim,10332,40453,0,40453,3237774.454,0.861,0.117,0.148,0.473,0,0,1484,0,2877,47,2761,1819,55,1.234,1,2072,0,443.661,20.474,-185.000,-403.188,7.063,-0.859,0.945,2.809,1.082,20.445,13.070,0.182,0.412,1.056,1.357,3,NULL,NULL,,3,0,2,7,255,1075,250,0,0
stim,10332,40453,0,40453,3237779.455,0.857,0.132,0.160,0.472,0,0,1387,0,2811,27,2651,1681,55,1.234,1,2072,0,464.832,21.107,-185.125,-426.375,-1.500,-0.980,0.629,2.785,0.281,21.105,11.785,0.230,0.460,1.056,1.357,3,NULL,NULL,,3,0,2,7,255,1075,250,0,0
stim,10358,40479,0,40479,3237784.453,0.853,0.149,0.173,0.470,0,0,1225,0,2729,0,2480,1533,55,1.234,1,2072,0,488.483,21.417,-182.438,-453.125,-3.188,-1.082,0.621,2.770,-3.016,21.203,10.594,0.284,0.516,1.056,1.357,3,NULL,NULL,,3,0,2,7,255,1075,250,0,0
stim,10358,40479,0,40479,3237789.455,0.848,0.165,0.187,0.469,0,0,1043,0,2611,0,2267,1372,55,1.234,1,2072,0,500.647,22.952,-175.625,-467.875,-29.938,-1.020,0.617,2.859,-3.602,22.668,9.141,0.344,0.576,1.056,1.357,3,NULL,NULL,,3,0,2,7,255,1075,250,0,0
stim,10358,40479,0,40479,3237794.453,0.841,0.181,0.202,0.468,0,0,856,0,2451,0,1993,1173,55,1.234,1,2072,0,511.972,22.962,-179.188,-476.063,-58.063,-0.742,0.367,2.902,-3.660,22.668,9.141,0.412,0.644,1.056,1.357,3,NULL,NULL,,3,0,2,7,255,1075,250,0,0
stim,10358,40479,0,40479,3237799.455,0.835,0.197,0.216,0.467,0,0,671,0,2239,0,1671,979,55,1.234,1,2072,0,521.093,21.767,-180.000,-487.000,-44.375,-0.582,-0.039,2.793,-4.535,21.289,9.762,0.488,0.722,1.056,1.357,3,NULL,NULL,,3,0,2,7,255,1075,250,0,0
stim,10358,40479,0,40479,3237804.454,0.828,0.214,0.230,0.463,0,0,483,0,1975,0,1255,823,55,1.234,1,2072,0,540.528,19.984,-190.875,-505.688,4.125,-0.559,-0.398,2.422,-7.203,18.641,9.762,0.574,0.806,1.056,1.357,3,NULL,NULL,,3,0,2,7,255,1075,250,0,0
stim,10358,40479,0,40479,3237809.455,0.822,0.232,0.245,0.459,0,0,236,0,1675,0,719,677,55,1.234,1,2072,0,555.271,18.269,-185.188,-522.813,26.438,-0.457,-0.516,1.789,-9.422,15.652,6.613,0.666,0.900,1.056,1.357,3,NULL,NULL,,3,0,2,7,255,1075,250,0,0
stim,10400,40521,0,40521,3237814.453,0.816,0.247,0.261,0.453,0,0,135,0,1331,0,247,524,55,1.234,1,2072,0,550.193,14.785,-128.500,-534.813,13.250,-0.359,-0.438,1.305,-9.422,11.395,1.820,0.764,1.000,1.056,1.357,3,NULL,NULL,,3,0,2,7,255,1075,250,0,0
stim,10400,40521,0,40521,3237819.455,0.809,0.260,0.279,0.447,0,0,69,0,971,0,25,412,55,1.234,1,2072,0,538.212,12.731,-50.375,-535.188,26.625,-0.246,0.004,1.316,-7.641,10.184,-1.879,0.868,1.104,1.056,1.357,3,NULL,NULL,,3,0,2,7,255,1075,250,0,0
stim,10400,40521,0,40521,3237824.454,0.804,0.272,0.296,0.438,0,0,26,0,467,0,0,317,55,1.234,1,2072,0,534.202,10.802,-4.250,-530.375,63.688,-0.383,0.445,1.723,-3.602,10.184,-2.027,0.972,1.210,1.056,1.357,3,NULL,NULL,,3,0,2,7,255,1075,250,0,0
stim,10400,40521,0,40521,3237829.455,0.800,0.285,0.312,0.425,0,0,16,0,109,0,0,231,55,1.234,1,2072,0,563.789,16.324,-25.125,-540.375,158.813,-0.941,0.488,1.879,-3.602,15.922,-2.398,1.074,1.318,1.056,1.357,3,NULL,NULL,,3,0,2,7,255,1075,250,0,0
stim,10400,40521,0,40521,3237834.453,0.796,0.301,0.327,0.411,0,0,7,0,0,0,0,148,55,1.234,1,2072,0,600.749,20.760,-74.063,-554.188,219.750,-1.395,0.523,1.707,-4.289,20.313,-5.918,1.174,1.420,1.056,1.357,3,NULL,NULL,,3,0,2,7,255,1075,250,0,0
stim,10400,40521,0,40521,3237839.455,0.790,0.317,0.341,0.399,0,0,0,0,0,0,0,63,55,1.234,1,2072,0,579.619,20.760,-119.875,-539.125,175.875,-1.340,0.891,1.355,-4.289,20.313,-11.434,1.264,1.516,1.056,1.357,4,NULL,NULL,,3,0,2,7,255,1075,250,0,0
stim,10425,40546,0,40546,3237844.454,0.782,0.333,0.353,0.390,0,0,0,0,0,0,0,26,55,1.234,1,2072,0,529.150,19.927,-157.250,-495.563,98.438,-0.840,1.289,1.070,-1.984,19.828,-14.336,1.346,1.602,1.056,1.357,0,NULL,NULL,,3,0,2,7,255,1075,250,0,0
stim,10425,40546,0,40546,3237849.455,0.774,0.349,0.362,0.384,0,0,0,0,0,0,0,25,55,1.234,1,2072,0,487.765,17.724,-210.250,-428.438,100.750,-0.629,1.227,0.953,4.234,17.211,-14.336,1.422,1.682,1.056,1.357,0,NULL,NULL,,3,0,2,7,255,1075,250,0,0
stim,10425,40546,0,40546,3237854.453,0.767,0.366,0.367,0.379,0,0,0,0,0,0,0,41,55,1.234,1,2072,0,464.973,15.876,-290.750,-343.688,116.375,-0.340,1.016,0.617,4.969,15.078,-13.723,1.500,1.764,1.056,1.357,0,NULL,NULL,,3,0,2,7,255,1075,250,0,0
stim,10425,40546,0,40546,3237859.455,0.761,0.379,0.370,0.376,0,0,0,0,0,0,0,55,55,1.234,1,2072,0,326.160,11.426,-224.438,-226.625,68.188,-0.328,0.387,0.414,4.969,10.289,-12.832,1.588,1.854,1.056,1.357,0,NULL,NULL,,3,0,2,7,255,1075,250,0,0
stim,10425,40546,0,40546,3237864.453,0.758,0.385,0.371,0.374,0,0,0,0,0,0,0,61,55,1.234,1,2072,0,175.566,7.620,-110.438,-127.188,49.500,-0.613,-0.328,0.844,0.715,7.586,-11.953,1.688,1.958,1.056,1.357,0,NULL,NULL,,3,0,2,7,255,1075,250,0,0
stim,10425,40546,0,40546,3237869.455,0.756,0.390,0.370,0.374,0,0,0,0,0,0,0,79,55,1.234,1,2072,0,126.753,10.736,-119.313,-29.688,30.813,-0.914,-0.336,1.277,-7.598,7.586,-11.164,1.796,2.068,1.056,1.357,0,NULL,NULL,,3,0,2,7,255,1075,250,0,0
stim,10444,40565,0,40565,3237874.454,0.753,0.396,0.364,0.379,0,0,0,0,0,0,0,75,55,1.234,1,2072,0,215.017,12.101,-203.000,70.875,-0.313,-0.941,0.020,0.785,-7.598,9.418,-11.164,1.902,2.176,1.056,1.357,0,NULL,NULL,,3,0,2,7,255,1075,250,0,0
stim,10444,40565,0,40565,3237879.455,0.752,0.400,0.356,0.385,0,0,0,0,0,0,0,37,55,1.234,1,2072,0,260.223,11.043,-210.000,153.563,-5.875,-0.809,0.512,-0.102,-5.766,9.418,-14.547,1.998,2.274,1.056,1.357,0,NULL,NULL,,3,0,2,7,255,1075,250,0,0
stim,10444,40565,0,40565,3237884.453,0.753,0.400,0.347,0.391,0,0,0,0,0,0,0,10,55,1.234,1,2072,0,233.024,3.314,-106.250,207.375,2.563,-0.844,0.789,-0.336,0.895,3.191,-18.617,2.076,2.354,1.056,1.357,0,NULL,NULL,,3,0,2,7,255,1075,250,0,0
stim,10444,40565,0,40565,3237889.455,0.756,0.396,0.339,0.395,0,0,0,0,0,0,0,9,55,1.234,1,2072,0,239.840,3.314,-12.875,239.375,-7.563,-0.953,0.641,0.270,0.895,3.191,-18.617,2.136,2.414,1.056,1.357,0,NULL,NULL,,3,0,2,7,255,1075,250,0,0
stim,10444,40565,0,40565,3237894.454,0.759,0.391,0.331,0.401,0,0,0,0,0,0,0,6,55,1.234,1,2072,0,263.744,7.525,-17.500,261.875,-26.000,-0.875,0.301,0.758,0.660,7.496,-18.504,2.178,2.458,1.056,1.357,0,NULL,NULL,,3,0,2,7,255,1075,250,0,0
stim,10444,40565,0,40565,3237899.455,0.761,0.388,0.321,0.408,0,0,0,0,0,0,0,9,55,1.234,1,2072,0,285.332,9.068,-71.875,275.188,-22.813,-0.688,0.145,0.680,-2.637,8.676,-14.363,2.216,2.500,1.056,1.357,0,NULL,NULL,,3,0,2,7,255,1075,250,0,0
stim,10475,40596,0,40596,3237904.453,0.763,0.387,0.310,0.414,0,0,0,0,0,0,0,14,55,1.234,1,2072,0,298.276,9.068,-101.250,280.563,-1.188,-0.566,0.242,0.215,-2.637,8.676,-13.980,2.256,2.542,1.056,1.357,0,NULL,NULL,,3,0,2,7,255,1075,250,0,0
stim,10475,40596,0,40596,3237909.455,0.766,0.384,0.299,0.420,0,0,0,0,0,0,0,11,55,1.234,1,2072,0,291.191,4.800,-76.688,280.438,16.313,-0.563,0.387,-0.180,-0.855,4.723,-13.980,2.294,2.584,1.056,1.357,0,NULL,NULL,,3,0,2,7,255,1075,250,0,0
stim,10509,40630,0,40630,3237914.454,0.769,0.380,0.289,0.425,0,0,0,0,0,0,0,0,55,1.234,1,2072,0,280.508,2.132,-28.188,278.375,19.938,-0.555,0.395,-0.250,0.836,1.961,-16.340,2.328,2.620,1.056,1.357,0,NULL,NULL,,3,0,2,7,255,1075,250,0,0
stim,10509,40630,0,40630,3237919.455,0.773,0.375,0.280,0.429,0,0,0,0,0,0,0,3,55,1.234,1,2072,0,277.969,2.132,4.000,277.188,20.438,-0.480,0.324,-0.133,0.836,1.961,-16.340,2.360,2.654,1.056,1.357,0,NULL,NULL,,3,0,2,7,255,1075,250,0,0
stim,10509,40630,0,40630,3237924.454,0.777,0.369,0.270,0.432,0,0,0,0,0,0,0,5,55,1.234,1,2072,0,278.934,2.094,16.125,277.063,27.938,-0.383,0.281,-0.059,0.582,2.012,-15.219,2.392,2.690,1.056,1.357,0,NULL,NULL,,3,0,2,7,255,1075,250,0,0
stim,10509,40630,0,40630,3237929.455,0.781,0.364,0.261,0.435,0,0,0,0,0,0,0,8,55,1.234,1,2072,0,280.525,2.094,28.188,276.188,40.250,-0.336,0.266,-0.063,0.582,2.012,-13.895,2.430,2.730,1.056,1.357,0,NULL,NULL,,3,0,2,7,255,1075,250,0,0
stim,10509,40630,0,40630,3237934.453,0.786,0.357,0.252,0.438,0,0,0,0,0,0,0,3,55,1.234,1,2072,0,282.737,2.204,48.625,274.000,50.000,-0.355,0.242,-0.027,0.570,2.129,-13.500,2.466,2.768,1.056,1.357,0,NULL,NULL,,3,0,2,7,255,1075,250,0,0
stim,10509,40630,0,40630,3237939.455,0.791,0.350,0.243,0.440,0,0,0,0,0,0,0,5,55,1.234,1,2072,0,284.764,2.320,67.938,271.500,52.563,-0.387,0.219,0.098,0.262,2.305,-13.289,2.494,2.798,1.056,1.357,0,NULL,NULL,,3,0,2,7,255,1075,250,0,0
stim,10509,40630,0,40630,3237944.454,0.795,0.343,0.234,0.442,0,0,0,0,0,0,0,7,55,1.234,1,2072,0,285.843,3.422,78.188,270.438,49.563,-0.379,0.211,0.246,-0.160,3.418,-12.621,2.518,2.824,1.056,1.357,0,NULL,NULL,,3,0,2,7,255,1075,250,0,0
stim,10509,40630,0,40630,3237949.455,0.800,0.335,0.226,0.443,0,0,0,0,0,0,0,2,55,1.234,1,2072,0,287.819,4.507,83.063,271.438,47.563,-0.348,0.230,0.375,-0.160,4.504,-11.516,2.538,2.846,1.056,1.357,0,NULL,NULL,,3,0,2,7,255,1075,250,0,0
stim,10509,40630,0,40630,3237954.453,0.805,0.327,0.217,0.445,0,0,0,0,0,0,0,3,55,1.234,1,2072,0,291.676,5.398,85.813,274.625,47.875,-0.348,0.242,0.504,0.004,5.398,-10.402,2.556,2.866,1.056,1.357,0,NULL,NULL,,3,0,2,7,255,1075,250,0,0
stim,10509,40630,0,40630,3237959.455,0.809,0.319,0.209,0.447,0,0,0,0,0,0,0,7,55,1.234,1,2072,0,296.617,6.363,85.250,280.313,46.250,-0.398,0.223,0.625,0.004,6.363,-9.465,2.574,2.886,1.056,1.357,0,NULL,NULL,,3,0,2,7,255,1075,250,0,0
stim,10534,40655,0,40655,3237964.454,0.814,0.310,0.200,0.449,0,0,0,0,0,0,0,3,55,1.234,1,2072,0,301.901,7.438,81.063,288.188,39.000,-0.461,0.203,0.734,-0.355,7.430,-8.723,2.592,2.908,1.056,1.357,0,NULL,NULL,,3,0,2,7,255,1075,250,0,0
stim,10534,40655,0,40655,3237969.455,0.818,0.302,0.190,0.452,0,0,0,0,0,0,0,2,55,1.234,1,2072,0,308.132,8.508,74.188,297.813,27.375,-0.500,0.203,0.816,-0.852,8.465,-8.078,2.612,2.930,1.056,1.357,0,NULL,NULL,,3,0,2,7,255,1075,250,0,0
stim,10534,40655,0,40655,3237974.454,0.821,0.294,0.180,0.455,0,0,0,0,0,0,0,4,55,1.234,1,2072,0,316.010,9.236,66.313,308.625,14.688,-0.504,0.203,0.859,-0.980,9.184,-7.473,2.634,2.956,1.056,1.357,0,NULL,NULL,,3,0,2,7,255,1075,250,0,0
stim,10534,40655,0,40655,3237979.455,0.824,0.285,0.170,0.459,0,0,0,0,0,0,0,4,55,1.234,1,2072,0,325.833,9.387,59.625,320.313,3.438,-0.492,0.188,0.875,-0.980,9.336,-6.914,2.662,2.986,1.056,1.357,0,NULL,NULL,,3,0,2,7,255,1075,250,0,0
stim,10558,40679,0,40679,3237984.453,0.827,0.276,0.159,0.463,0,0,0,0,0,0,0,5,55,1.234,1,2072,0,336.619,9.387,55.500,331.938,-7.063,-0.484,0.168,0.887,-0.977,9.336,-6.430,2.694,3.020,1.056,1.357,0,NULL,NULL,,3,0,2,7,255,1075,250,0,0
stim,10558,40679,0,40679,3237989.455,0.829,0.267,0.149,0.468,0,0,0,0,0,0,0,8,55,1.234,1,2072,0,347.188,9.235,53.563,342.563,-17.938,-0.473,0.160,0.883,-0.973,9.184,-6.000,2.730,3.058,1.056,1.357,0,NULL,NULL,,3,0,2,7,255,1075,250,0,0
stim,10558,40679,0,40679,3237994.454,0.831,0.258,0.137,0.473,0,0,0,0,0,0,0,8,55,1.234,1,2072,0,356.963,8.997,54.125,351.688,-28.438,-0.449,0.148,0.867,-0.883,8.953,-5.672,2.770,3.100,1.056,1.357,0,NULL,NULL,,3,0,2,7,255,1075,250,0,0
stim,10558,40679,0,40679,3237999.455,0.833,0.248,0.126,0.479,0,0,0,0,0,0,0,9,55,1.234,1,2072,0,365.769,8.548,58.438,359.125,-37.438,-0.406,0.160,0.836,-0.738,8.516,-5.379,2.812,3.146,1.056,1.357,0,NULL,NULL,,3,0,2,7,255,1075,250,0,0
stim,10558,40679,0,40679,3238004.453,0.834,0.237,0.115,0.484,0,0,0,0,0,0,0,9,55,1.234,1,2072,0,374.349,7.980,68.875,365.250,-44.563,-0.359,0.203,0.820,-0.344,7.973,-5.234,2.856,3.192,1.056,1.357,0,NULL,NULL,,3,0,2,7,255,1075,250,0,0
stim,10558,40679,0,40679,3238009.455,0.835,0.226,0.104,0.490,0,0,0,0,0,0,0,8,55,1.234,1,2072,0,382.455,7.570,80.188,370.313,-52.063,-0.371,0.063,0.863,-0.344,7.563,-5.070,2.902,3.240,1.056,1.357,0,NULL,NULL,,3,0,2,7,255,1075,250,0,0
stim,10608,40729,0,40729,3238014.454,0.837,0.215,0.093,0.495,0,0,0,0,0,0,0,7,55,1.234,1,2072,0,388.019,7.210,91.250,373.188,-54.438,-0.313,0.020,0.879,-0.703,7.176,-4.090,2.946,3.286,1.056,1.357,0,NULL,NULL,,3,0,2,7,255,1075,250,0,0
stim,10608,40729,0,40729,3238019.455,0.837,0.203,0.082,0.501,0,0,0,0,0,0,0,11,55,1.234,1,2072,0,393.218,7.160,106.563,374.063,-57.813,-0.313,0.188,0.934,-0.703,7.125,-3.395,2.988,3.330,1.056,1.357,0,NULL,NULL,,3,0,2,7,255,1075,250,0,0
stim,10608,40729,0,40729,3238024.454,0.838,0.190,0.072,0.506,0,0,0,0,0,0,0,8,55,1.234,1,2072,0,398.032,7.178,123.750,372.625,-65.313,-0.254,0.281,1.063,0.871,7.125,-3.184,3.028,3.372,1.056,1.357,0,NULL,NULL,,3,0,2,7,255,1075,250,0,0
stim,10608,40729,0,40729,3238029.455,0.838,0.177,0.062,0.512,0,0,0,0,0,0,0,13,55,1.234,1,2072,0,397.426,7.444,130.125,370.250,-62.688,-0.102,0.203,1.172,2.156,7.125,-1.875,3.064,3.410,1.056,1.357,0,NULL,NULL,,3,0,2,7,255,1075,250,0,0
stim,10608,40729,0,40729,3238034.454,0.839,0.163,0.052,0.516,0,0,0,0,0,0,0,17,55,1.234,1,2072,0,393.181,6.313,133.313,366.375,-50.875,0.039,0.125,1.199,2.406,5.836,-0.008,3.094,3.446,1.056,1.357,0,NULL,NULL,,3,0,2,7,255,1075,250,0,0
stim,10608,40729,0,40729,3238039.455,0.840,0.150,0.043,0.520,0,0,0,0,0,0,0,39,55,1.234,1,2072,0,389.265,4.767,140.938,361.188,-34.750,0.063,0.145,1.168,2.449,4.090,0.801,3.122,3.476,1.056,1.357,0,NULL,NULL,,3,0,2,7,255,1075,250,0,0
stim,10608,40729,0,40729,3238044.453,0.840,0.136,0.034,0.524,0,0,0,0,0,0,0,42,55,1.234,1,2072,0,389.208,4.710,160.063,353.938,-24.313,0.047,0.270,1.199,2.711,3.852,0.922,3.150,3.504,1.056,1.357,0,NULL,NULL,,3,0,2,7,255,1075,250,0,0
stim,10608,40729,0,40729,3238049.455,0.841,0.121,0.025,0.526,0,0,0,0,0,0,0,41,55,1.234,1,2072,0,392.818,5.169,183.438,346.813,-19.438,0.094,0.293,1.352,3.793,3.512,0.922,3.176,3.532,1.056,1.357,0,NULL,NULL,,3,0,2,7,255,1075,250,0,0
stim,10608,40729,0,40729,3238054.453,0.842,0.106,0.017,0.529,0,0,0,0,0,0,0,47,55,1.234,1,2072,0,394.327,5.352,198.250,340.750,-8.938,0.129,0.219,1.512,4.039,3.512,2.523,3.202,3.560,1.056,1.357,0,NULL,NULL,,3,0,2,7,255,1075,250,0,0
stim,10608,40729,0,40729,3238059.457,0.843,0.091,0.010,0.530,0,0,0,0,0,0,0,41,55,1.234,1,2072,0,393.780,5.074,205.000,336.188,3.938,0.109,0.227,1.715,4.191,2.859,4.363,3.226,3.588,1.056,1.357,0,NULL,NULL,,3,0,2,7,255,1075,250,0,0
stim,10632,40753,0,40753,3238064.454,0.844,0.076,0.002,0.531,0,0,0,0,0,0,0,46,55,1.234,1,2072,0,389.392,5.074,201.875,332.750,12.250,0.059,0.281,1.891,4.191,2.859,6.375,3.252,3.616,1.056,1.357,0,NULL,NULL,,3,0,2,7,255,1075,250,0,0
stim,10632,40753,0,40753,3238069.455,0.845,0.061,-0.005,0.532,0,0,0,0,0,0,0,43,55,1.234,1,2072,0,382.371,5.575,193.688,329.313,15.688,0.012,0.313,2.047,4.555,3.215,8.051,3.278,3.644,1.056,1.357,0,NULL,NULL,,3,0,2,7,255,1075,250,0,0
stim,10632,40753,0,40753,3238074.454,0.845,0.047,-0.013,0.533,0,0,0,0,0,0,0,40,55,1.234,1,2072,0,373.984,5.626,182.250,326.125,17.063,-0.023,0.301,2.188,4.617,3.215,9.625,3.306,3.674,1.056,1.357,0,NULL,NULL,,3,0,2,7,255,1075,250,0,0
stim,10632,40753,0,40753,3238079.455,0.845,0.033,-0.021,0.533,0,0,0,0,0,0,0,37,55,1.234,1,2072,0,363.691,5.536,166.125,323.125,16.250,-0.055,0.285,2.301,4.617,3.055,11.094,3.336,3.706,1.056,1.357,0,NULL,NULL,,3,0,2,7,255,1075,250,0,0
stim,10658,40779,0,40779,3238084.454,0.845,0.019,-0.029,0.534,0,0,0,0,0,0,0,41,55,1.234,1,2072,0,353.841,5.150,148.625,320.875,12.375,-0.070,0.250,2.363,4.414,2.652,12.297,3.364,3.736,1.056,1.357,0,NULL,NULL,,3,0,2,7,255,1075,250,0,0
stim,10658,40779,0,40779,3238089.455,0.845,0.007,-0.038,0.534,0,0,0,0,0,0,0,37,55,1.234,1,2072,0,346.878,4.559,132.875,320.375,5.313,-0.063,0.195,2.379,4.129,1.934,13.031,3.392,3.766,1.056,1.357,0,NULL,NULL,,3,0,2,7,255,1075,250,0,0
stim,10658,40779,0,40779,3238094.453,0.844,-0.005,-0.047,0.535,0,0,0,0,0,0,0,39,55,1.234,1,2072,0,343.177,3.823,120.188,321.438,-1.750,-0.035,0.094,2.352,3.707,0.934,13.063,3.420,3.796,1.056,1.357,0,NULL,NULL,,3,0,2,7,255,1075,250,0,0
stim,10658,40779,0,40779,3238099.455,0.842,-0.017,-0.056,0.536,0,0,0,0,0,0,0,42,55,1.234,1,2072,0,342.152,2.959,111.750,323.313,-7.000,0.020,0.012,2.266,2.930,-0.414,13.063,3.446,3.824,1.056,1.357,0,NULL,NULL,,3,0,2,7,255,1075,250,0,0
stim,10658,40779,0,40779,3238104.453,0.841,-0.028,-0.065,0.536,0,0,0,0,0,0,0,39,55,1.234,1,2072,0,344.119,3.057,113.438,324.688,-11.313,0.109,-0.070,2.121,2.414,-1.875,12.188,3.470,3.848,1.056,1.357,0,NULL,NULL,,3,0,2,7,255,1075,250,0,0
stim,10658,40779,0,40779,3238109.455,0.839,-0.041,-0.074,0.537,0,0,0,0,0,0,0,45,55,1.234,1,2072,0,350.615,3.998,132.063,324.438,-15.188,0.246,-0.168,2.008,1.961,-3.484,10.621,3.490,3.872,1.056,1.357,0,NULL,NULL,,3,0,2,7,255,1075,250,0,0
stim,10700,40821,0,40821,3238114.454,0.837,-0.054,-0.082,0.538,0,0,0,0,0,0,0,51,55,1.234,1,2072,0,362.647,5.797,164.313,322.750,-18.625,0.445,-0.273,2.012,1.563,-5.582,9.223,3.508,3.892,1.056,1.357,0,NULL,NULL,,3,0,2,7,255,1075,250,0,0
stim,10700,40821,0,40821,3238119.455,0.835,-0.069,-0.089,0.539,0,0,0,0,0,0,0,45,55,1.234,1,2072,0,377.199,8.493,196.813,321.188,-19.563,0.648,-0.293,2.121,1.563,-8.348,9.066,3.522,3.906,1.056,1.357,0,NULL,NULL,,3,0,2,7,255,1075,250,0,0
stim,10700,40821,0,40821,3238124.454,0.832,-0.084,-0.095,0.540,0,0,0,0,0,0,0,50,55,1.234,1,2072,0,391.263,11.225,227.563,317.938,-14.750,0.816,-0.273,2.297,2.016,-11.043,9.066,3.528,3.918,1.056,1.357,0,NULL,NULL,,3,0,2,7,255,1075,250,0,0
stim,10700,40821,0,40821,3238129.455,0.829,-0.101,-0.101,0.540,0,0,0,0,0,0,0,45,55,1.234,1,2072,0,404.991,13.716,254.250,315.063,-10.500,0.957,-0.250,2.531,2.824,-13.422,9.980,3.532,3.922,1.056,1.357,0,NULL,NULL,,3,0,2,7,255,1075,250,0,0
stim,10700,40821,0,40821,3238134.454,0.826,-0.118,-0.106,0.541,0,0,0,0,0,0,0,47,55,1.234,1,2072,0,414.060,16.242,270.875,313.000,-10.188,1.098,-0.219,2.797,3.559,-15.848,11.367,3.526,3.920,1.056,1.357,0,NULL,NULL,,3,0,2,7,255,1075,250,0,0
stim,10700,40821,0,40821,3238139.455,0.823,-0.135,-0.111,0.541,0,0,0,0,0,0,0,51,55,1.234,1,2072,0,412.084,18.900,270.375,310.813,-10.313,1.211,-0.160,3.051,4.273,-18.410,12.934,3.514,3.908,1.056,1.357,0,NULL,NULL,,3,0,2,7,255,1075,250,0,0
stim,10724,40845,0,40845,3238144.453,0.819,-0.151,-0.116,0.541,0,0,0,0,0,0,0,48,55,1.234,1,2072,0,395.550,21.375,247.313,308.438,-12.750,1.297,-0.043,3.203,5.066,-20.766,14.324,3.490,3.888,1.056,1.357,0,NULL,NULL,,3,0,2,7,255,1075,250,0,0
stim,10724,40845,0,40845,3238149.455,0.815,-0.165,-0.122,0.541,0,0,0,0,0,0,0,50,55,1.234,1,2072,0,367.893,23.247,205.938,304.375,-17.063,1.371,0.105,3.180,6.180,-22.410,14.324,3.456,3.856,1.056,1.357,0,NULL,NULL,,3,0,2,7,255,1075,250,0,0
stim,10724,40845,0,40845,3238154.453,0.812,-0.178,-0.129,0.541,0,0,0,0,0,0,0,66,55,1.234,1,2072,0,342.813,24.378,171.000,296.313,-21.875,1.555,0.258,3.074,7.574,-23.172,13.852,3.410,3.810,1.056,1.357,0,NULL,NULL,,3,0,2,7,255,1075,250,0,0
stim,10724,40845,0,40845,3238159.455,0.808,-0.190,-0.136,0.541,0,0,0,0,0,0,0,73,55,1.234,1,2072,0,319.511,26.179,144.625,283.688,-26.313,1.891,0.219,2.969,9.418,-24.426,11.699,3.350,3.754,1.056,1.357,0,NULL,NULL,,3,0,2,7,255,1075,250,0,0
stim,10724,40845,1,40845,3238164.454,0.805,-0.200,-0.143,0.540,0,0,0,0,0,0,0,103,55,1.234,1,2072,0,291.186,29.024,109.250,268.938,-22.938,2.273,-0.027,2.746,9.418,-27.453,8.637,3.278,3.684,1.056,1.357,0,NULL,NULL,,3,1,2,7,255,1075,250,0,0
stim,10724,40845,1,40845,3238169.455,0.802,-0.208,-0.150,0.539,0,0,0,0,0,0,0,124,55,1.234,1,2072,0,260.490,32.144,73.500,249.875,-3.875,2.617,-0.277,2.324,9.184,-30.805,4.004,3.196,3.604,1.056,1.357,0,NULL,NULL,,3,1,2,7,255,1075,250,0,0
stim,10744,40865,1,40865,3238174.454,0.801,-0.215,-0.157,0.537,0,0,0,0,0,0,0,159,55,1.234,1,2072,0,236.291,33.641,54.438,228.813,22.688,2.938,-0.430,1.738,8.047,-32.664,-2.262,3.104,3.512,1.056,1.357,0,NULL,NULL,,3,1,2,7,255,1075,250,0,0
stim,10744,40865,1,40865,3238179.455,0.800,-0.223,-0.162,0.534,0,0,0,0,0,0,0,173,55,1.234,1,2072,0,224.894,33.549,66.688,209.188,48.688,3.227,-0.602,1.148,7.637,-32.668,-9.645,3.000,3.412,1.056,1.357,0,NULL,NULL,,3,1,2,7,255,1075,250,0,0
stim,10744,40865,1,40865,3238184.454,0.799,-0.232,-0.165,0.530,0,0,0,0,0,0,0,189,55,1.234,1,2072,0,232.678,33.643,112.750,188.125,77.688,3.449,-0.914,0.742,7.004,-32.906,-16.887,2.888,3.300,1.056,1.357,0,NULL,NULL,,3,1,2,7,255,1075,250,0,0
stim,10744,40865,1,40865,3238189.455,0.798,-0.243,-0.166,0.526,0,0,0,0,0,0,0,217,55,1.234,1,2072,0,269.654,33.491,179.688,164.313,115.875,3.566,-1.281,0.641,4.961,-33.121,-22.457,2.764,3.176,1.056,1.357,0,NULL,NULL,,3,1,2,7,255,1075,250,0,0
stim,10744,40865,1,40865,3238194.453,0.798,-0.256,-0.164,0.520,0,0,0,0,0,0,0,218,55,1.234,1,2072,0,330.173,34.497,250.625,142.125,161.250,3.547,-1.336,0.836,2.340,-34.418,-24.223,2.626,3.038,1.056,1.357,0,NULL,NULL,,3,1,2,7,255,1075,250,0,0
stim,10744,40865,1,40865,3238199.455,0.798,-0.270,-0.159,0.515,0,0,0,0,0,0,0,221,55,1.234,1,2072,0,350.692,35.264,282.250,115.438,173.188,3.332,-1.672,1.344,2.195,-35.195,-24.223,2.478,2.888,1.056,1.357,0,NULL,NULL,,3,1,2,7,255,1075,250,0,0
stim,10775,40896,1,40896,3238204.453,0.797,-0.283,-0.155,0.511,0,0,0,0,0,0,0,217,55,1.234,1,2072,0,327.193,37.427,271.188,93.938,157.125,3.160,-1.852,1.629,-1.242,-37.406,-20.504,2.324,2.732,1.056,1.357,0,NULL,NULL,,3,1,2,7,255,1075,250,0,0
stim,10775,40896,1,40896,3238209.455,0.797,-0.294,-0.150,0.506,0,0,0,0,0,0,0,209,55,1.234,1,2072,0,309.949,38.411,258.938,63.375,158.125,3.066,-1.809,1.977,-3.246,-38.273,-18.492,2.166,2.572,1.056,1.357,0,NULL,NULL,,3,1,2,7,255,1075,250,0,0
stim,10808,40929,1,40929,3238214.454,0.797,-0.304,-0.144,0.501,0,0,0,0,0,0,0,200,55,1.234,1,2072,0,288.763,39.540,229.813,31.063,172.063,2.766,-1.633,2.527,-3.246,-39.406,-15.793,2.006,2.408,1.056,1.357,0,NULL,NULL,,3,1,2,7,255,1075,250,0,0
stim,10808,40929,1,40929,3238219.455,0.798,-0.312,-0.138,0.497,0,0,0,0,0,0,0,200,55,1.234,1,2072,0,234.738,39.528,192.063,2.375,134.938,1.988,-1.176,2.895,-3.094,-39.406,-9.961,1.842,2.242,1.056,1.357,0,NULL,NULL,,3,1,2,7,255,1075,250,0,0
stim,10808,40929,1,40929,3238224.454,0.797,-0.316,-0.134,0.497,0,0,0,0,0,0,0,187,55,1.234,1,2072,0,137.009,36.916,129.250,-31.125,33.125,1.883,-0.801,3.434,-2.910,-36.801,-1.945,1.676,2.074,1.056,1.357,0,NULL,NULL,,3,1,2,7,255,1075,250,0,0
stim,10808,40929,1,40929,3238229.455,0.798,-0.315,-0.131,0.497,0,0,0,0,0,0,0,217,55,1.234,1,2072,0,65.302,36.810,16.438,-56.750,27.813,2.375,-0.953,3.441,-0.809,-36.801,0.988,1.504,1.898,1.056,1.357,0,NULL,NULL,,3,1,2,7,255,1075,250,0,0
stim,10808,40929,1,40929,3238234.454,0.801,-0.312,-0.127,0.495,0,0,0,303,0,0,0,347,55,1.234,1,2072,0,137.500,36.810,-41.500,-98.000,87.063,1.414,-0.789,3.699,-0.809,-36.801,3.859,1.326,1.718,1.056,1.357,0,NULL,NULL,,3,1,2,7,255,1075,250,0,0
stim,10808,40929,1,40929,3238239.455,0.808,-0.318,-0.108,0.485,535,0,0,1047,0,26,0,409,55,1.234,1,2072,0,534.527,40.699,234.375,-237.438,417.625,0.387,0.766,6.973,0.090,-40.699,8.777,1.142,1.532,1.056,1.357,0,NULL,NULL,,3,1,2,7,255,1075,250,0,0
stim,10808,40929,1,40929,3238244.453,0.826,-0.297,-0.111,0.466,1063,0,0,1497,0,264,0,505,55,1.234,1,2072,0,771.936,34.906,-601.000,-114.875,470.625,-1.020,2.441,5.633,1.027,-34.891,45.012,0.954,1.342,1.056,1.357,0,NULL,NULL,,3,1,2,7,255,1075,250,0,0
stim,10808,40929,1,40929,3238249.455,0.847,-0.255,-0.125,0.449,1565,0,0,1811,0,526,0,566,55,1.234,1,2072,0,1172.689,18.859,-1115.625,-127.313,338.188,-1.473,3.781,0.680,10.910,-15.383,45.012,0.770,1.154,1.056,1.357,0,NULL,NULL,,3,1,2,7,255,1075,250,0,0
stim,10808,40929,1,40929,3238254.453,0.860,-0.226,-0.134,0.438,1929,0,0,1943,0,648,0,597,55,1.234,1,2072,0,809.325,26.687,-774.313,-103.125,211.688,-2.352,2.547,-2.422,10.910,24.355,13.109,0.590,0.962,1.056,1.357,0,NULL,NULL,,3,1,2,7,255,1075,250,0,0
stim,10808,40929,1,40929,3238259.455,0.864,-0.213,-0.136,0.435,2133,0,0,2057,0,883,0,687,55,1.234,1,2073,0,316.861,26.871,-297.250,-98.688,48.000,-1.887,0.570,-2.273,5.414,26.320,-14.500,0.420,0.762,1.056,1.357,1,1077.000,2.000,,3,1,2,7,255,1075,250,0,0
stim,10833,40954,1,40954,3238264.454,0.864,-0.213,-0.130,0.437,2301,0,0,2159,0,1039,0,777,55,1.234,1,2073,0,134.115,26.497,50.188,-123.500,-14.688,-0.441,-0.070,0.184,-3.055,26.320,-14.500,0.306,0.558,1.056,1.357,1,NULL,NULL,,3,1,2,7,255,1075,250,0,0
stim,10833,40954,1,40954,3238269.455,0.866,-0.213,-0.125,0.435,2525,0,0,2393,0,1199,0,807,55,1.234,1,2073,0,138.685,3.515,39.313,-107.813,77.875,0.367,1.148,1.664,-3.055,1.738,-6.598,0.296,0.386,1.056,1.357,1,NULL,NULL,,3,1,2,7,255,1075,250,0,0
stim,10833,40954,1,40954,3238274.454,0.872,-0.206,-0.121,0.428,2672,0,0,2581,0,1240,0,853,55,1.234,1,2073,0,276.327,7.152,-135.813,-130.313,202.313,-0.613,1.246,1.652,6.938,1.738,5.797,0.362,0.294,1.056,1.357,1,NULL,NULL,,3,1,2,7,255,1075,250,0,0
stim,10833,40954,1,40954,3238279.455,0.880,-0.191,-0.118,0.418,2779,0,0,2711,0,1298,0,957,55,1.234,1,2073,0,447.030,7.890,-337.750,-177.813,232.688,-2.137,-0.359,0.773,6.938,3.758,5.797,0.418,0.288,1.056,1.357,2,NULL,NULL,,3,1,2,7,255,1075,250,0,0
stim,10833,40954,1,40954,3238284.454,0.884,-0.176,-0.117,0.417,2846,0,0,2797,0,1319,0,1077,55,1.234,1,2073,0,373.373,17.868,-326.438,-180.938,10.375,-2.422,-1.016,-0.559,-15.332,9.176,4.027,0.446,0.328,1.056,1.357,2,NULL,NULL,,3,1,2,7,255,1075,250,0,0
stim,10833,40954,1,40954,3238289.455,0.883,-0.166,-0.113,0.424,2906,0,0,2875,0,1339,0,1173,55,1.234,1,2073,0,285.300,17.868,-128.000,-194.813,-164.500,-1.203,-0.867,-0.391,-15.332,9.176,-8.266,0.460,0.374,1.056,1.357,2,NULL,NULL,,3,1,2,7,255,1075,250,0,0
stim,10858,40979,1,40979,3238294.453,0.880,-0.162,-0.106,0.434,2953,0,0,2931,0,1383,0,1275,55,1.234,1,2073,0,282.028,15.079,22.625,-195.250,-202.250,0.090,-0.648,0.984,-14.324,4.711,-8.266,0.484,0.412,1.056,1.357,2,NULL,NULL,,3,1,2,7,255,1075,250,0,0
stim,10858,40979,1,40979,3238299.455,0.878,-0.158,-0.100,0.440,2985,0,0,2991,0,1431,0,1333,55,1.234,1,2073,0,221.301,8.812,-3.375,-177.313,-132.375,0.883,-0.672,1.961,-3.930,-7.887,-2.191,0.524,0.452,1.056,1.357,2,NULL,NULL,,3,1,2,7,255,1075,250,0,0
stim,10858,40979,1,40979,3238304.453,0.879,-0.151,-0.096,0.441,3015,0,0,3038,0,1497,0,1391,55,1.234,1,2073,0,201.527,16.975,-104.125,-169.938,-29.875,1.176,-0.941,1.906,0.477,-16.969,2.883,0.548,0.486,1.056,1.357,2,NULL,NULL,,3,1,2,7,255,1075,250,0,0
stim,10858,40979,1,40979,3238309.455,0.883,-0.142,-0.093,0.438,3037,0,0,3076,0,1611,0,1439,55,1.234,1,2073,0,245.144,18.807,-170.688,-154.375,84.438,0.945,-1.406,1.219,0.477,-18.801,2.883,0.538,0.504,1.056,1.357,2,NULL,NULL,,3,1,2,7,255,1075,250,0,0
stim,10908,41030,1,41030,3238314.454,0.887,-0.134,-0.089,0.432,3053,0,0,3097,0,1755,0,1471,55,1.234,1,2073,0,262.380,19.394,-149.688,-143.375,160.875,0.262,-1.398,0.555,-4.762,-18.801,-3.090,0.504,0.512,1.056,1.357,2,NULL,NULL,,3,1,2,7,255,1075,250,0,0
stim,10908,41030,1,41030,3238319.455,0.891,-0.129,-0.084,0.426,3079,0,0,3117,0,1871,0,1516,55,1.234,1,2073,0,227.189,14.588,-67.688,-142.625,163.375,-0.469,-0.781,0.535,-8.582,-11.797,-4.598,0.462,0.512,1.056,1.357,2,NULL,NULL,,3,1,2,7,255,1075,250,0,0
stim,10908,41030,1,41030,3238324.454,0.894,-0.127,-0.078,0.422,3077,0,0,3132,0,1980,0,1575,55,1.234,1,2073,0,180.507,9.040,-16.313,-144.688,106.688,-0.656,0.078,0.941,-8.582,-2.840,-4.598,0.428,0.496,1.056,1.357,2,NULL,NULL,,3,1,2,7,255,1075,250,0,0
stim,10908,41030,1,41030,3238329.455,0.895,-0.124,-0.073,0.421,3083,0,0,3144,0,2077,0,1657,55,1.234,1,2073,0,145.379,4.011,-13.563,-139.000,40.375,-0.496,0.480,1.375,-3.039,2.617,0.727,0.402,0.460,1.056,1.357,2,NULL,NULL,,3,1,2,7,255,1075,250,0,0
stim,10908,41030,1,41030,3238334.454,0.896,-0.119,-0.069,0.422,3087,0,0,3149,52,2175,0,1765,55,1.234,1,2073,0,149.831,2.864,-64.313,-135.313,-1.938,-0.230,0.391,1.559,1.164,2.617,4.941,0.390,0.400,1.056,1.357,2,NULL,NULL,,3,1,2,7,255,1075,250,0,0
stim,10909,41030,1,41030,3238339.455,0.897,-0.112,-0.066,0.422,3089,0,0,3155,355,2259,36,1885,55,1.234,1,2073,0,167.931,1.174,-110.875,-126.125,-0.063,0.059,-0.031,1.211,1.164,0.152,4.941,0.392,0.328,1.056,1.357,2,NULL,NULL,,3,1,2,7,255,1075,250,0,0
stim,10909,41030,1,41030,3238344.453,0.898,-0.107,-0.063,0.422,3093,0,0,3157,543,2311,132,2011,55,1.234,1,2073,0,143.679,3.558,-91.813,-110.500,2.000,0.145,-0.270,1.336,0.594,-3.508,2.344,0.402,0.260,1.056,1.357,2,NULL,NULL,,3,1,2,7,255,1075,250,0,0
stim,10909,41030,1,41030,3238349.455,0.898,-0.103,-0.062,0.424,3091,0,0,3161,841,2349,100,2100,55,1.234,1,2073,0,94.029,5.761,-52.875,-62.688,-46.000,0.355,-0.176,1.449,0.594,-5.730,2.344,0.406,0.216,1.056,1.357,2,NULL,NULL,,3,1,2,7,255,1075,250,0,0
stim,10909,41030,1,41030,3238354.454,0.897,-0.101,-0.060,0.425,3095,0,0,3163,1013,2381,105,2155,55,1.234,1,2073,0,73.205,5.912,-36.063,-52.125,-36.625,0.723,0.359,0.969,1.453,-5.730,2.344,0.404,0.194,1.056,1.357,2,NULL,NULL,,3,1,2,7,255,1075,250,0,0
stim,10909,41030,1,41030,3238359.455,0.897,-0.101,-0.059,0.425,3095,0,0,3163,1161,2407,111,2204,55,1.234,1,2073,0,39.218,9.184,12.875,-37.000,1.813,0.504,0.598,1.270,7.563,-5.211,1.969,0.400,0.188,1.056,1.357,2,NULL,NULL,,3,1,2,7,255,1075,250,0,0
stim,10931,41052,1,41052,3238364.453,0.898,-0.099,-0.059,0.425,3095,0,0,3166,1251,2423,147,2251,55,1.234,1,2073,0,48.226,8.051,-41.500,-19.875,14.438,-0.234,-0.016,1.727,7.563,-2.762,1.969,0.398,0.184,1.056,1.357,2,NULL,NULL,,3,1,2,7,255,1075,250,0,0
stim,10931,41052,1,41052,3238369.455,0.898,-0.094,-0.060,0.426,3093,3,0,3163,1343,2439,167,2293,55,1.234,1,2073,0,121.822,2.129,-115.813,-20.000,-32.063,-0.441,0.055,1.074,-0.875,-1.941,1.969,0.406,0.174,1.056,1.357,2,NULL,NULL,,3,1,2,7,255,1075,250,0,0
stim,10931,41052,1,41052,3238374.454,0.897,-0.090,-0.061,0.429,3096,25,0,3167,1443,2446,171,2327,55,1.234,1,2073,0,106.433,1.680,-66.125,-14.875,-82.063,-0.195,0.246,0.617,-0.875,1.434,1.359,0.424,0.156,1.056,1.357,2,NULL,NULL,,3,1,2,7,255,1075,250,0,0
stim,10931,41052,1,41052,3238379.455,0.895,-0.090,-0.061,0.433,3091,35,0,3169,1531,2461,171,2358,55,1.234,1,2073,0,96.062,1.711,-9.875,-11.875,-94.813,0.086,0.121,0.980,0.934,1.434,-0.453,0.450,0.132,1.056,1.357,2,NULL,NULL,,3,1,2,7,255,1075,250,0,0
stim,10957,41078,1,41078,3238384.454,0.894,-0.088,-0.062,0.435,3096,53,0,3169,1589,2477,183,2383,55,1.234,1,2073,0,70.013,2.348,-25.875,-8.000,-64.563,0.156,-0.016,1.258,1.453,-1.844,-0.453,0.476,0.108,1.056,1.357,2,NULL,NULL,,3,1,2,7,255,1075,250,0,0
stim,10957,41078,1,41078,3238389.455,0.894,-0.085,-0.063,0.436,3095,89,0,3171,1628,2488,184,2404,55,1.234,1,2073,0,74.739,2.626,-67.313,-5.188,-32.063,-0.023,-0.043,1.105,1.453,-2.188,0.816,0.496,0.086,1.056,1.357,2,NULL,NULL,,3,1,2,7,255,1075,250,0,0
stim,10957,41078,1,41078,3238394.453,0.893,-0.082,-0.064,0.437,3096,101,0,3175,1687,2501,191,2430,55,1.234,1,2073,0,78.573,2.191,-69.625,-6.250,-35.875,-0.215,0.020,0.836,0.125,-2.188,0.816,0.510,0.072,1.056,1.357,2,NULL,NULL,,3,1,2,7,255,1075,250,0,0
stim,10957,41078,1,41078,3238399.455,0.892,-0.080,-0.064,0.440,3097,123,0,3173,1749,2511,198,2454,55,1.234,1,2073,0,71.639,0.194,-39.250,-6.625,-59.563,-0.152,0.086,0.824,0.125,0.148,-1.395,0.518,0.064,1.056,1.357,2,NULL,NULL,,3,1,2,7,255,1075,250,0,0
stim,10957,41078,1,41078,3238404.454,0.891,-0.079,-0.065,0.442,3099,141,9,3172,1775,2517,211,2460,55,1.234,1,2073,0,68.693,0.271,-20.688,-5.000,-65.313,0.027,0.023,1.004,0.227,0.148,-1.395,0.528,0.058,1.056,1.357,2,NULL,NULL,,3,1,2,7,255,1075,250,0,0
stim,10957,41078,1,41078,3238409.455,0.890,-0.078,-0.065,0.444,3101,165,19,3177,1827,2520,223,2473,55,1.234,1,2073,0,51.739,2.033,-26.188,-2.313,-44.563,0.137,-0.102,1.098,0.695,-1.910,-0.180,0.538,0.048,1.056,1.357,2,NULL,NULL,,3,1,2,7,255,1075,250,0,0
stim,10999,41120,0,41120,3238414.453,0.890,-0.077,-0.066,0.444,3101,186,105,3179,1869,2527,230,2476,55,1.234,1,2073,0,36.282,3.285,-32.438,-0.375,-16.250,0.070,-0.148,1.008,0.695,-3.211,-0.180,0.550,0.038,1.056,1.357,2,NULL,NULL,,3,0,2,7,255,1070,250,0,0
stim,10999,41120,0,41120,3238419.455,0.890,-0.075,-0.066,0.444,3101,197,163,3180,1893,2527,236,2479,55,1.234,1,2073,0,27.259,3.212,-27.250,0.688,0.063,-0.086,-0.082,0.926,-0.094,-3.211,-0.324,0.558,0.030,1.056,1.357,2,NULL,NULL,,3,0,2,7,255,1070,250,0,0
stim,10999,41120,0,41120,3238424.454,0.890,-0.074,-0.067,0.444,3101,217,235,3181,1910,2532,237,2485,55,1.234,1,2073,0,19.278,1.578,-19.000,0.313,-3.250,-0.195,-0.008,0.957,-0.535,-1.484,-0.324,0.564,0.026,1.056,1.357,2,NULL,NULL,,3,0,2,7,255,1070,250,0,0
stim,10999,41120,0,41120,3238429.455,0.890,-0.074,-0.067,0.445,3101,237,296,3183,1919,2535,231,2488,55,1.234,1,2073,0,20.439,0.591,-13.813,0.313,-15.063,-0.180,0.031,1.023,-0.535,-0.250,-0.246,0.572,0.020,1.056,1.357,2,NULL,NULL,,3,0,2,7,255,1070,250,0,0
stim,11024,41145,0,41145,3238434.453,0.890,-0.073,-0.067,0.446,3100,243,328,3181,1935,2533,219,2487,55,1.234,1,2073,0,21.576,0.268,-11.375,0.875,-18.313,-0.109,0.004,1.035,-0.098,-0.250,0.359,0.578,0.014,1.056,1.357,2,NULL,NULL,,3,0,2,7,255,1070,250,0,0
stim,11024,41145,0,41145,3238439.455,0.890,-0.073,-0.067,0.446,3101,232,345,3181,1947,2533,203,2488,55,1.218,1,2073,1,16.077,0.953,-11.750,0.875,-10.938,-0.082,-0.031,1.031,0.004,-0.953,0.359,0.000,0.000,1.065,1.321,2,NULL,NULL,,3,0,2,7,255,1070,250,0,0
stim,11024,41145,0,41145,3238444.454,0.890,-0.072,-0.068,0.446,3098,229,377,3181,1957,2533,199,2487,55,1.218,1,2073,1,13.207,1.047,-12.875,0.625,-2.875,-0.133,-0.055,1.004,0.004,-1.047,0.254,0.006,0.004,1.065,1.321,2,NULL,NULL,,3,0,2,7,255,1070,250,0,0
stim,11024,41145,0,41145,3238449.455,0.889,-0.072,-0.068,0.446,3103,229,405,3188,1968,2541,191,2488,55,1.218,1,2073,1,12.089,1.158,-11.000,0.875,-4.938,-0.172,-0.035,0.988,-0.496,-1.047,0.090,0.012,0.008,1.065,1.321,2,NULL,NULL,,3,0,2,7,255,1070,250,0,0
stim,11024,41145,0,41145,3238454.454,0.889,-0.071,-0.068,0.447,3096,227,415,3179,1973,2532,185,2485,55,1.218,1,2073,1,11.497,0.779,-5.875,-0.375,-9.875,-0.164,-0.031,0.977,-0.500,-0.598,-0.008,0.016,0.010,1.065,1.321,2,NULL,NULL,,3,0,2,7,255,1070,250,0,0
stim,11024,41145,0,41145,3238459.455,0.889,-0.071,-0.068,0.447,3087,215,437,3171,1968,2523,183,2487,55,1.218,1,2073,1,10.465,0.779,-2.313,-0.625,-10.188,-0.121,-0.023,0.996,-0.500,-0.598,-0.023,0.020,0.012,1.065,1.321,2,NULL,NULL,,3,0,2,7,255,1070,250,0,0
stim,11024,41145,0,41145,3238464.453,0.889,-0.071,-0.068,0.447,3080,201,447,3164,1973,2519,183,2483,55,1.218,1,2073,1,5.360,0.892,-2.313,-1.188,-4.688,-0.121,-0.020,1.000,-0.176,-0.875,-0.023,0.024,0.012,1.065,1.321,2,NULL,NULL,,3,0,2,7,255,1070,250,0,0
stim,11024,41145,0,41145,3238469.455,0.889,-0.071,-0.068,0.447,3087,199,455,3161,1975,2513,183,2483,55,1.218,1,2073,1,3.292,0.892,-1.813,-0.813,-2.625,-0.168,-0.012,0.973,-0.176,-0.875,-0.023,0.028,0.014,1.065,1.321,2,NULL,NULL,,3,0,2,7,255,1070,250,0,0
stim,11043,41164,0,41164,3238474.454,0.889,-0.070,-0.068,0.448,3063,181,467,3155,1974,2507,179,2479,55,1.218,1,2073,1,6.225,0.546,0.875,-2.375,-5.688,-0.188,0.004,0.977,-0.332,-0.434,-0.070,0.030,0.014,1.065,1.321,2,NULL,NULL,,3,0,2,7,255,1070,250,0,0
stim,11043,41164,0,41164,3238479.455,0.889,-0.070,-0.068,0.448,3059,180,477,3155,1975,2503,173,2489,55,1.218,1,2073,1,9.200,0.534,2.000,-3.688,-8.188,-0.145,0.031,1.000,-0.332,-0.418,-0.070,0.034,0.016,1.065,1.321,2,NULL,NULL,,3,0,2,7,255,1070,250,0,0
stim,11043,41164,0,41164,3238484.453,0.889,-0.070,-0.068,0.448,3050,166,500,3143,1979,2503,181,2485,55,1.218,1,2073,1,7.042,0.440,0.938,-4.375,-5.438,-0.109,0.035,0.992,0.137,-0.418,-0.043,0.036,0.016,1.065,1.321,2,NULL,NULL,,3,0,2,7,255,1070,250,0,0
stim,11043,41164,0,41164,3238489.455,0.889,-0.070,-0.067,0.448,3037,155,493,3133,1975,2489,175,2491,55,1.218,1,2073,1,4.522,0.636,1.750,-4.063,-0.938,-0.121,0.016,0.969,0.137,-0.621,-0.043,0.038,0.014,1.065,1.321,2,NULL,NULL,,3,0,2,7,255,1070,250,0,0
stim,11043,41164,0,41164,3238494.453,0.889,-0.070,-0.067,0.448,3037,147,490,3125,1977,2487,179,2479,55,1.218,1,2073,1,6.635,0.630,5.063,-4.063,-1.375,-0.160,0.012,0.973,0.105,-0.621,-0.152,0.040,0.014,1.065,1.321,2,NULL,NULL,,3,0,2,7,255,1070,250,0,0
stim,11043,41164,0,41164,3238499.455,0.889,-0.070,-0.067,0.448,3026,147,493,3104,1977,2487,172,2479,55,1.218,1,2073,1,9.052,0.363,6.688,-5.313,-3.000,-0.156,0.039,0.988,0.090,-0.352,-0.152,0.042,0.014,1.065,1.321,2,NULL,NULL,,3,0,2,7,255,1070,250,0,0
stim,11075,41196,0,41196,3238504.454,0.889,-0.071,-0.066,0.448,3013,142,491,3103,1978,2474,182,2483,55,1.218,1,2073,1,9.151,0.352,6.125,-6.438,-2.188,-0.148,0.031,0.984,0.055,-0.348,-0.051,0.044,0.014,1.065,1.321,2,NULL,NULL,,3,0,2,7,255,1070,250,0,0
stim,11075,41196,0,41196,3238509.455,0.888,-0.071,-0.066,0.449,3005,137,531,3090,1992,2471,185,2484,55,1.218,1,2073,1,9.797,0.343,6.750,-6.813,-2.000,-0.148,0.031,0.973,0.070,-0.336,-0.051,0.046,0.016,1.065,1.321,2,NULL,NULL,,3,0,2,7,255,1070,250,0,0
stim,11108,41229,0,41229,3238514.453,0.889,-0.071,-0.065,0.449,2979,135,581,3087,1996,2477,205,2503,55,1.218,1,2073,1,12.394,0.343,8.813,-8.625,1.250,-0.164,0.070,0.973,0.070,-0.336,-0.113,0.050,0.016,1.065,1.321,2,NULL,NULL,,3,0,2,7,255,1070,250,0,0
stim,11108,41229,0,41229,3238519.455,0.889,-0.071,-0.065,0.449,2971,137,605,3061,2025,2469,237,2493,55,1.218,1,2073,1,13.735,0.080,9.125,-10.250,0.563,-0.215,0.082,0.984,0.070,0.039,-0.113,0.052,0.016,1.065,1.321,2,NULL,NULL,,3,0,2,7,255,1070,250,0,0
stim,11108,41229,0,41229,3238524.454,0.888,-0.071,-0.064,0.449,2943,135,648,3044,2043,2473,263,2496,55,1.218,1,2073,1,16.166,0.527,9.813,-12.188,-4.063,-0.195,0.141,1.000,0.270,0.453,0.066,0.054,0.016,1.065,1.321,2,NULL,NULL,,3,0,2,7,255,1070,250,0,0
stim,11108,41229,0,41229,3238529.455,0.888,-0.072,-0.063,0.449,2935,135,675,3031,2073,2475,275,2511,55,1.218,1,2073,1,18.055,0.906,10.563,-14.188,-3.625,-0.176,0.188,1.008,0.648,0.633,0.207,0.056,0.016,1.065,1.321,2,NULL,NULL,,3,0,2,7,255,1070,250,0,0
stim,11108,41229,0,41229,3238534.453,0.888,-0.072,-0.062,0.449,2917,151,711,3014,2099,2463,307,2525,55,1.218,1,2073,1,18.283,1.233,8.688,-14.063,-7.813,-0.164,0.172,1.035,1.059,0.633,0.262,0.058,0.016,1.065,1.321,2,NULL,NULL,,3,0,2,7,255,1070,250,0,0
stim,11108,41229,0,41229,3238539.455,0.888,-0.072,-0.062,0.449,2901,153,776,3007,2149,2476,341,2551,55,1.218,1,2073,1,17.547,1.242,5.250,-16.438,-3.188,-0.129,0.223,1.059,1.121,0.535,0.527,0.060,0.016,1.065,1.321,2,NULL,NULL,,3,0,2,7,255,1070,250,0,0
stim,11108,41229,0,41229,3238544.454,0.888,-0.072,-0.061,0.450,2863,173,847,2987,2198,2484,389,2567,55,1.218,1,2073,1,16.339,1.186,0.563,-15.375,-5.500,-0.180,0.184,1.008,1.059,0.535,0.527,0.060,0.016,1.065,1.321,2,NULL,NULL,,3,0,2,7,255,1070,250,0,0
stim,11108,41229,0,41229,3238549.455,0.888,-0.071,-0.060,0.450,2844,172,923,2971,2249,2483,427,2587,55,1.218,1,2073,1,18.569,1.490,0.750,-15.938,-9.500,-0.137,0.203,1.004,1.383,0.555,0.277,0.062,0.014,1.065,1.321,2,NULL,NULL,,3,0,2,7,255,1070,250,0,0
stim,11108,41229,0,41229,3238554.453,0.888,-0.071,-0.059,0.451,2815,189,985,2949,2286,2476,447,2587,55,1.218,1,2073,1,20.859,1.144,3.875,-16.750,-11.813,-0.152,0.117,0.996,1.000,0.555,0.168,0.062,0.010,1.065,1.321,2,NULL,NULL,,3,0,2,7,255,1070,250,0,0
stim,11108,41229,0,41229,3238559.455,0.888,-0.071,-0.059,0.451,2795,226,1084,2943,2325,2487,490,2613,55,1.218,1,2073,1,22.527,0.838,-0.188,-15.063,-16.750,-0.113,0.113,1.004,0.809,0.219,0.117,0.062,0.006,1.065,1.321,2,NULL,NULL,,3,0,2,7,255,1070,250,0,0
stim,11140,41261,0,41261,3238564.453,0.887,-0.071,-0.058,0.452,2777,245,1174,2922,2359,2499,582,2627,55,1.218,1,2073,1,22.587,0.717,0.250,-15.750,-16.188,-0.113,0.102,1.008,0.707,-0.121,0.117,0.062,0.006,1.065,1.321,2,NULL,NULL,,3,0,2,7,255,1070,250,0,0
stim,11140,41261,0,41261,3238569.455,0.887,-0.070,-0.058,0.453,2748,261,1234,2907,2406,2504,679,2641,55,1.218,1,2073,1,26.044,0.727,-4.750,-13.813,-21.563,-0.117,0.043,1.000,0.707,-0.168,0.109,0.062,0.012,1.065,1.321,2,NULL,NULL,,3,0,2,7,255,1070,250,0,0
stim,11140,41261,0,41261,3238574.454,0.887,-0.069,-0.057,0.453,2726,262,1323,2897,2438,2494,791,2653,55,1.218,1,2073,1,24.142,0.502,-8.750,-14.813,-16.938,-0.125,0.020,0.988,0.207,-0.457,0.051,0.064,0.016,1.065,1.321,2,NULL,NULL,,3,0,2,7,255,1070,250,0,0
stim,11140,41261,0,41261,3238579.455,0.886,-0.069,-0.057,0.454,2695,273,1449,2886,2475,2508,903,2661,55,1.218,1,2073,1,27.888,0.459,-9.188,-14.563,-21.938,-0.176,-0.012,0.977,-0.039,-0.457,-0.059,0.066,0.022,1.065,1.321,2,NULL,NULL,,3,0,2,7,255,1070,250,0,0
stim,11140,41261,0,41261,3238584.453,0.886,-0.068,-0.057,0.455,2651,276,1573,2857,2506,2515,985,2679,55,1.218,1,2073,1,30.253,0.423,-11.625,-15.938,-22.938,-0.180,0.020,0.984,-0.336,-0.258,-0.059,0.068,0.026,1.065,1.321,2,NULL,NULL,,3,0,2,7,255,1070,250,0,0
stim,11140,41261,0,41261,3238589.455,0.885,-0.067,-0.056,0.456,2611,280,1656,2843,2549,2510,1093,2701,55,1.218,1,2073,1,37.816,0.337,-11.313,-16.188,-32.250,-0.180,0.027,1.016,-0.336,-0.023,-0.016,0.070,0.030,1.065,1.321,2,NULL,NULL,,3,0,2,7,255,1070,250,0,0
stim,11164,41285,0,41285,3238594.454,0.885,-0.066,-0.056,0.458,2568,313,1765,2825,2581,2527,1181,2717,55,1.218,1,2073,1,43.440,0.247,-21.375,-16.813,-33.875,-0.133,0.012,1.031,-0.246,-0.023,0.297,0.072,0.034,1.065,1.321,2,NULL,NULL,,3,0,2,7,255,1070,250,0,0
stim,11164,41285,0,41285,3238599.455,0.884,-0.064,-0.056,0.459,2525,327,1848,2811,2611,2531,1307,2726,55,1.218,1,2073,1,44.417,0.490,-26.375,-18.000,-30.875,-0.125,-0.008,0.992,-0.195,-0.449,0.297,0.074,0.038,1.065,1.321,2,NULL,NULL,,3,0,2,7,255,1070,250,0,0
stim,11164,41285,0,41285,3238604.453,0.884,-0.063,-0.056,0.460,2471,319,1929,2787,2627,2533,1387,2741,55,1.218,1,2073,1,42.643,0.573,-27.000,-18.063,-27.625,-0.121,-0.016,0.953,-0.195,-0.539,-0.039,0.074,0.040,1.065,1.321,2,NULL,NULL,,3,0,2,7,255,1070,250,0,0
stim,11164,41285,0,41285,3238609.455,0.884,-0.061,-0.056,0.461,2428,348,2001,2761,2660,2541,1485,2773,55,1.218,1,2073,1,40.051,0.620,-21.938,-19.500,-27.250,-0.129,-0.035,0.953,-0.277,-0.555,-0.395,0.076,0.042,1.065,1.321,2,NULL,NULL,,3,0,2,7,255,1070,250,0,0
stim,11208,41329,0,41329,3238614.453,0.883,-0.060,-0.055,0.462,2365,355,2069,2738,2698,2537,1613,2771,55,1.218,1,2073,1,39.673,0.745,-21.313,-20.188,-26.688,-0.129,-0.070,0.961,-0.465,-0.582,-0.395,0.076,0.042,1.065,1.321,2,NULL,NULL,,3,0,2,7,255,1070,250,0,0
stim,11208,41329,0,41329,3238619.455,0.883,-0.058,-0.055,0.463,2316,363,2139,2707,2706,2549,1705,2789,55,1.218,1,2073,1,39.437,1.050,-20.750,-22.563,-24.813,-0.125,-0.086,0.988,-0.723,-0.762,-0.340,0.076,0.042,1.065,1.321,2,NULL,NULL,,3,0,2,7,255,1070,250,0,0
stim,11208,41329,0,41329,3238624.454,0.882,-0.057,-0.055,0.464,2235,375,2212,2663,2741,2554,1785,2803,55,1.218,1,2073,1,42.126,1.077,-26.000,-23.438,-23.438,-0.137,-0.078,1.008,-0.762,-0.762,-0.090,0.076,0.040,1.065,1.321,2,NULL,NULL,,3,0,2,7,255,1070,250,0,0
stim,11208,41329,0,41329,3238629.455,0.882,-0.055,-0.054,0.465,2155,372,2261,2630,2749,2555,1880,2823,55,1.218,1,2073,1,44.860,1.058,-28.375,-24.000,-25.125,-0.137,-0.035,1.000,-0.762,-0.734,0.074,0.076,0.036,1.065,1.321,2,NULL,NULL,,3,0,2,7,255,1070,250,0,0
stim,11208,41329,0,41329,3238634.453,0.882,-0.053,-0.054,0.466,2096,373,2325,2580,2776,2554,1964,2839,55,1.218,1,2073,1,44.692,0.608,-28.000,-25.188,-24.063,-0.098,0.004,0.965,-0.414,-0.445,0.074,0.078,0.032,1.065,1.321,2,NULL,NULL,,3,0,2,7,255,1070,250,0,0
stim,11208,41329,0,41329,3238639.455,0.881,-0.052,-0.053,0.466,2003,370,2382,2527,2803,2569,2051,2855,55,1.218,1,2073,1,39.638,0.438,-21.250,-26.000,-21.063,-0.102,-0.004,0.938,-0.004,-0.438,-0.316,0.078,0.030,1.065,1.321,2,NULL,NULL,,3,0,2,7,255,1070,250,0,0
stim,11208,41329,0,41329,3238644.454,0.881,-0.051,-0.052,0.467,1907,355,2453,2478,2815,2572,2104,2867,55,1.218,1,2073,1,34.908,0.419,-12.438,-27.875,-16.938,-0.109,0.012,0.988,0.086,-0.410,-0.316,0.078,0.028,1.065,1.321,2,NULL,NULL,,3,0,2,7,255,1070,250,0,0
stim,11208,41329,0,41329,3238649.455,0.881,-0.049,-0.052,0.468,1809,355,2488,2396,2845,2573,2173,2877,55,1.218,1,2073,1,35.435,0.301,-13.750,-28.813,-15.375,-0.141,0.000,1.051,-0.004,-0.301,-0.082,0.078,0.026,1.065,1.321,2,NULL,NULL,,3,0,2,7,255,1070,250,0,0
stim,11208,41329,0,41329,3238654.453,0.881,-0.048,-0.051,0.468,1661,331,2530,2312,2865,2575,2235,2889,55,1.218,1,2073,1,40.868,0.189,-20.000,-29.750,-19.625,-0.152,-0.016,1.074,-0.121,-0.145,0.594,0.080,0.026,1.065,1.321,2,NULL,NULL,,3,0,2,7,255,1070,250,0,0
stim,11208,41329,0,41329,3238659.455,0.880,-0.046,-0.050,0.469,1497,295,2565,2205,2877,2583,2311,2901,55,1.218,1,2073,1,46.224,0.240,-25.625,-31.250,-22.438,-0.125,-0.020,1.035,-0.191,-0.145,0.594,0.080,0.026,1.065,1.321,2,NULL,NULL,,3,0,2,7,255,1070,250,0,0
stim,11231,41352,0,41352,3238664.453,0.880,-0.045,-0.049,0.470,1283,265,2597,2083,2893,2580,2364,2913,55,1.218,1,2073,1,46.708,0.366,-25.188,-32.000,-22.875,-0.102,-0.016,1.000,-0.191,-0.313,0.418,0.082,0.026,1.065,1.321,2,NULL,NULL,,3,0,2,7,255,1070,250,0,0
stim,11231,41352,0,41352,3238669.455,0.880,-0.043,-0.049,0.471,1150,243,2629,1931,2909,2577,2415,2920,55,1.218,1,2073,1,42.752,0.395,-18.563,-33.063,-19.750,-0.082,0.004,0.992,-0.078,-0.387,0.035,0.082,0.026,1.065,1.321,2,NULL,NULL,,3,0,2,7,255,1070,250,0,0
stim,11231,41352,0,41352,3238674.454,0.880,-0.042,-0.047,0.471,973,223,2649,1755,2921,2579,2469,2927,55,1.218,1,2073,1,40.644,0.406,-14.375,-34.250,-16.500,-0.090,0.000,1.020,0.125,-0.387,0.035,0.084,0.028,1.065,1.321,2,NULL,NULL,,3,0,2,7,255,1070,250,0,0
stim,11231,41352,0,41352,3238679.455,0.879,-0.040,-0.046,0.472,777,182,2679,1519,2940,2570,2514,2951,55,1.218,1,2073,1,40.566,0.392,-13.563,-35.625,-13.875,-0.109,-0.004,1.063,0.125,-0.371,0.203,0.084,0.028,1.065,1.321,2,NULL,NULL,,3,0,2,7,255,1070,250,0,0
stim,11257,41378,0,41378,3238684.453,0.879,-0.039,-0.045,0.472,527,121,2709,1325,2955,2577,2567,2955,55,1.218,1,2073,1,42.648,0.231,-15.875,-37.188,-13.563,-0.133,0.008,1.086,0.004,-0.230,0.664,0.084,0.028,1.065,1.321,2,NULL,NULL,,3,0,2,7,255,1070,250,0,0
stim,11257,41378,0,41378,3238689.455,0.879,-0.038,-0.044,0.473,346,73,2747,1117,2975,2569,2603,2971,55,1.218,1,2073,1,45.283,0.047,-16.688,-39.188,-15.375,-0.145,0.059,1.105,0.004,0.047,0.910,0.086,0.030,1.065,1.321,2,NULL,NULL,,3,0,2,7,255,1070,250,0,0
stim,11257,41378,0,41378,3238694.453,0.879,-0.036,-0.043,0.474,185,51,2779,869,2983,2555,2648,2968,55,1.218,1,2073,1,51.139,0.555,-21.938,-40.688,-21.875,-0.129,0.082,1.098,0.352,0.430,1.016,0.088,0.032,1.065,1.321,2,NULL,NULL,,3,0,2,7,255,1070,250,0,0
stim,11257,41378,0,41378,3238699.455,0.878,-0.034,-0.042,0.475,55,0,2795,639,2999,2543,2679,2971,55,1.218,1,2073,1,54.279,0.746,-20.000,-41.938,-28.063,-0.109,0.074,1.094,0.609,0.430,1.016,0.088,0.034,1.065,1.321,2,NULL,NULL,,3,0,2,7,255,1070,250,0,0
stim,11257,41378,0,41378,3238704.454,0.878,-0.033,-0.040,0.476,20,0,2823,407,3006,2521,2701,2985,55,1.218,1,2073,1,59.883,0.741,-22.250,-45.375,-32.125,-0.070,0.090,1.098,0.668,0.320,0.945,0.090,0.036,1.065,1.321,2,NULL,NULL,,3,0,2,7,255,1070,250,0,0
stim,11257,41378,0,41378,3238709.455,0.877,-0.031,-0.039,0.477,0,0,2834,293,3016,2486,2731,2993,55,1.218,1,2073,1,61.111,1.017,-18.000,-48.688,-32.250,-0.070,0.125,1.105,0.965,0.320,0.945,0.092,0.038,1.065,1.321,2,NULL,NULL,,3,0,2,7,255,1070,250,0,0
stim,11308,41429,0,41429,3238714.453,0.877,-0.029,-0.037,0.479,0,0,2853,182,3035,2459,2769,2991,55,1.218,1,2073,1,65.051,1.035,-14.438,-53.063,-34.750,-0.148,0.090,1.152,0.965,0.375,1.016,0.092,0.042,1.065,1.321,2,NULL,NULL,,3,0,2,7,255,1070,250,0,0
stim,11308,41429,0,41429,3238719.455,0.876,-0.028,-0.035,0.479,0,0,2867,119,3035,2423,2799,2992,55,1.218,1,2073,1,66.107,1.005,11.688,-61.563,-21.063,-0.336,-0.023,1.309,0.586,0.816,1.559,0.094,0.044,1.065,1.321,2,NULL,NULL,,3,0,2,7,255,1070,250,0,0
stim,11308,41429,0,41429,3238724.454,0.876,-0.028,-0.032,0.481,0,0,2877,85,3043,2407,2813,3001,55,1.218,1,2073,1,81.882,2.162,24.125,-72.625,-29.125,-0.453,-0.086,1.469,-1.301,1.727,3.246,0.092,0.050,1.065,1.321,2,NULL,NULL,,3,0,2,7,255,1070,250,0,0
stim,11308,41429,0,41429,3238729.455,0.875,-0.028,-0.028,0.482,0,0,2893,39,3052,2365,2844,3011,55,1.218,1,2073,0,99.298,2.646,38.063,-83.125,-38.750,-0.449,0.063,1.762,-1.301,2.305,4.922,0.090,0.056,1.065,1.321,3,NULL,NULL,,3,0,2,7,255,1070,250,0,0
stim,11308,41429,0,41429,3238734.453,0.875,-0.027,-0.024,0.483,0,0,2899,8,3075,2314,2857,2998,55,1.218,1,2073,0,98.692,3.126,19.438,-95.438,-15.938,-0.254,0.367,1.922,-1.090,2.930,7.738,0.086,0.066,1.065,1.321,3,NULL,NULL,,3,0,2,7,255,1070,250,0,0
stim,11308,41429,0,41429,3238739.455,0.875,-0.022,-0.021,0.483,0,0,2904,0,3079,2233,2892,3000,55,1.218,1,2073,0,119.825,3.806,-72.125,-94.875,-12.438,-0.023,0.297,1.535,2.430,2.930,7.738,0.080,0.076,1.065,1.321,3,NULL,NULL,,3,0,2,7,255,1070,250,0,0
stim,11308,41429,0,41429,3238744.453,0.875,-0.017,-0.019,0.483,0,0,2904,0,3080,2169,2904,2997,55,1.218,1,2073,0,134.931,2.644,-90.563,-99.438,10.813,-0.051,0.027,1.082,2.430,1.043,5.184,0.076,0.086,1.065,1.321,3,NULL,NULL,,3,0,2,7,255,1070,250,0,0
stim,11308,41429,0,41429,3238749.455,0.877,-0.013,-0.016,0.481,0,0,2915,0,3087,2073,2919,3013,55,1.218,1,2073,0,125.299,0.877,-46.063,-108.813,41.688,-0.195,-0.102,0.977,0.348,0.805,0.809,0.074,0.096,1.065,1.321,3,NULL,NULL,,3,0,2,7,255,1070,250,0,0
stim,11308,41429,0,41429,3238754.454,0.877,-0.010,-0.012,0.479,0,0,2895,0,3095,1935,2934,2995,55,1.218,1,2073,0,122.738,1.726,-4.438,-117.063,36.625,-0.379,-0.176,1.055,-1.527,0.805,0.664,0.072,0.104,1.065,1.321,3,NULL,NULL,,3,0,2,7,255,1070,250,0,0
stim,11308,41429,0,41429,3238759.455,0.878,-0.008,-0.007,0.479,0,0,2887,0,3094,1798,2940,2989,55,1.218,1,2073,0,124.964,3.667,8.750,-124.250,10.063,-0.391,-0.223,1.223,-3.125,1.918,0.664,0.066,0.112,1.065,1.321,3,NULL,NULL,,3,0,2,7,255,1070,250,0,0
stim,11329,41450,0,41450,3238764.453,0.878,-0.005,-0.002,0.479,0,0,2884,0,3101,1637,2949,2985,55,1.218,1,2073,0,130.871,3.667,3.000,-130.813,-2.500,-0.277,-0.227,1.328,-3.125,1.918,2.305,0.056,0.122,1.065,1.321,3,NULL,NULL,,3,0,2,7,255,1070,250,0,0
stim,11329,41450,0,41450,3238769.455,0.878,-0.002,0.003,0.479,0,0,2861,0,3100,1416,2969,2985,55,1.218,1,2073,0,136.106,3.272,-2.750,-136.063,2.063,-0.176,-0.184,1.266,-3.082,1.098,2.637,0.044,0.132,1.065,1.321,3,NULL,NULL,,3,0,2,7,255,1070,250,0,0
stim,11329,41450,0,41450,3238774.454,0.878,0.001,0.008,0.478,0,0,2841,0,3103,1180,2981,2975,55,1.218,1,2073,0,143.265,2.418,-6.438,-142.500,13.313,-0.137,-0.102,1.188,-2.281,0.801,2.637,0.032,0.142,1.065,1.321,3,NULL,NULL,,3,0,2,7,255,1070,250,0,0
stim,11329,41450,0,41450,3238779.455,0.879,0.004,0.013,0.477,0,0,2835,0,3111,923,2983,2974,55,1.218,1,2073,0,150.543,1.693,-3.125,-148.875,22.125,-0.152,-0.043,1.145,-1.492,0.801,1.816,0.020,0.152,1.065,1.321,3,NULL,NULL,,3,0,2,7,255,1070,250,0,0
stim,11356,41477,0,41477,3238784.453,0.879,0.007,0.019,0.476,0,0,2803,0,3123,664,2989,2961,55,1.218,1,2073,0,158.737,2.021,9.875,-156.563,24.250,-0.207,-0.051,1.109,-1.492,1.363,1.375,0.012,0.162,1.065,1.321,3,NULL,NULL,,3,0,2,7,255,1070,250,0,0
stim,11356,41477,0,41477,3238789.455,0.880,0.009,0.026,0.475,0,0,2764,0,3114,484,3000,2951,55,1.218,1,2073,0,168.048,2.472,24.750,-165.000,20.063,-0.227,-0.047,1.172,-1.602,1.883,1.375,0.014,0.174,1.065,1.321,3,NULL,NULL,,3,0,2,7,255,1070,250,0,0
stim,11356,41477,0,41477,3238794.453,0.880,0.012,0.033,0.474,0,0,2710,0,3111,318,3015,2922,55,1.218,1,2073,0,176.491,2.702,31.063,-173.125,14.563,-0.191,-0.020,1.289,-1.602,2.176,1.539,0.024,0.186,1.065,1.321,3,NULL,NULL,,3,0,2,7,255,1070,250,0,0
stim,11356,41477,0,41477,3238799.455,0.880,0.014,0.040,0.473,0,0,2671,0,3113,157,3004,2911,55,1.218,1,2073,0,183.547,2.679,26.438,-180.938,15.875,-0.133,0.020,1.367,-1.523,2.203,2.676,0.036,0.200,1.065,1.321,3,NULL,NULL,,3,0,2,7,255,1070,250,0,0
stim,11374,41495,0,41495,3238804.454,0.880,0.017,0.048,0.472,0,0,2611,0,3117,87,3003,2873,55,1.218,1,2073,0,192.307,2.492,25.750,-189.250,22.438,-0.184,0.113,1.414,-1.055,2.258,3.438,0.050,0.216,1.065,1.321,3,NULL,NULL,,3,0,2,7,255,1070,250,0,0
stim,11374,41495,0,41495,3238809.455,0.880,0.020,0.056,0.470,0,0,2543,0,3109,25,3019,2851,55,1.218,1,2073,0,203.265,3.388,25.688,-200.313,23.063,-0.223,0.250,1.566,-0.746,3.305,3.777,0.060,0.230,1.065,1.321,3,NULL,NULL,,3,0,2,7,255,1070,250,0,0
stim,11408,41529,0,41529,3238814.453,0.880,0.024,0.064,0.469,0,0,2447,0,3108,0,3006,2795,55,1.218,1,2073,0,211.280,4.700,16.438,-209.938,17.188,-0.273,0.340,1.727,-0.059,4.699,5.168,0.072,0.244,1.065,1.321,3,NULL,NULL,,3,0,2,7,255,1070,250,0,0
stim,11408,41529,0,41529,3238819.455,0.880,0.029,0.072,0.468,0,0,2343,0,3097,0,3003,2763,55,1.218,1,2073,0,222.714,6.000,-4.625,-222.375,11.375,-0.336,0.309,1.891,-0.059,6.000,6.563,0.088,0.262,1.065,1.321,3,NULL,NULL,,3,0,2,7,255,1070,250,0,0
stim,11408,41529,0,41529,3238824.454,0.880,0.034,0.081,0.467,0,0,2197,0,3097,1,2999,2697,55,1.218,1,2073,0,237.767,6.868,-13.250,-237.250,8.375,-0.453,0.297,2.148,-0.773,6.824,7.949,0.106,0.284,1.065,1.321,3,NULL,NULL,,3,0,2,7,255,1070,250,0,0
stim,11408,41529,0,41529,3238829.455,0.879,0.041,0.091,0.466,0,0,2055,0,3087,3,2995,2627,55,1.218,1,2073,0,261.103,8.509,-31.563,-258.875,12.750,-0.492,0.422,2.324,-1.480,8.379,10.109,0.130,0.310,1.065,1.321,3,NULL,NULL,,3,0,2,7,255,1070,250,0,0
stim,11408,41529,0,41529,3238834.453,0.878,0.048,0.100,0.465,0,0,1877,0,3077,11,2971,2547,55,1.218,1,2073,0,287.144,10.206,-42.688,-282.938,24.000,-0.492,0.633,2.469,-1.480,10.098,11.504,0.160,0.342,1.065,1.321,3,NULL,NULL,,3,0,2,7,255,1070,250,0,0
stim,11408,41529,0,41529,3238839.455,0.878,0.057,0.111,0.463,0,0,1723,0,3043,47,2959,2457,55,1.218,1,2073,0,316.406,12.005,-73.438,-306.313,29.875,-0.508,0.824,2.543,-0.121,12.004,12.598,0.196,0.380,1.065,1.321,3,NULL,NULL,,3,0,2,7,255,1070,250,0,0
stim,11408,41529,0,41529,3238844.454,0.877,0.068,0.121,0.461,0,0,1583,0,3019,61,2924,2333,55,1.218,1,2073,0,343.862,13.932,-103.875,-326.375,30.500,-0.621,0.828,2.566,0.242,13.930,12.598,0.240,0.426,1.065,1.321,3,NULL,NULL,,3,0,2,7,255,1070,250,0,0
stim,11408,41529,0,41529,3238849.455,0.875,0.080,0.131,0.459,0,0,1496,0,2985,57,2891,2197,55,1.218,1,2073,0,373.519,15.521,-130.188,-348.688,31.375,-0.766,0.840,2.648,0.242,15.520,12.391,0.292,0.480,1.065,1.321,3,NULL,NULL,,3,0,2,7,255,1070,250,0,0
stim,11408,41529,0,41529,3238854.453,0.873,0.094,0.142,0.457,0,0,1429,0,2949,61,2829,2068,55,1.218,1,2073,0,400.035,17.613,-155.875,-368.188,13.000,-0.797,0.961,2.672,-0.059,17.613,12.207,0.354,0.540,1.065,1.321,3,NULL,NULL,,3,0,2,7,255,1070,250,0,0
stim,11408,41529,0,41529,3238859.455,0.870,0.108,0.153,0.457,0,0,1327,0,2893,57,2765,1940,55,1.218,1,2073,0,423.893,18.797,-171.688,-387.250,-15.688,-0.688,0.891,2.648,-0.121,18.797,11.656,0.424,0.612,1.065,1.321,3,NULL,NULL,,3,0,2,7,255,1070,250,0,0
stim,11440,41561,0,41561,3238864.453,0.866,0.122,0.166,0.456,0,0,1229,0,2829,45,2673,1815,55,1.218,1,2073,0,441.736,18.797,-164.250,-409.813,-14.375,-0.734,0.535,2.672,-0.121,18.797,11.160,0.506,0.692,1.065,1.321,3,NULL,NULL,,3,0,2,7,255,1070,250,0,0
stim,11440,41561,0,41561,3238869.455,0.862,0.137,0.179,0.454,0,0,1107,0,2763,9,2535,1685,55,1.218,1,2073,0,470.479,19.107,-169.125,-439.000,5.125,-0.934,0.574,2.691,-3.430,18.797,10.770,0.594,0.782,1.065,1.321,3,NULL,NULL,,3,0,2,7,255,1070,250,0,0
stim,11440,41561,0,41561,3238874.454,0.857,0.153,0.192,0.453,0,0,955,0,2651,0,2339,1547,55,1.218,1,2073,0,484.937,21.081,-173.188,-452.688,-15.625,-1.020,0.641,2.707,-4.305,20.637,9.297,0.690,0.880,1.065,1.321,3,NULL,NULL,,3,0,2,7,255,1070,250,0,0
stim,11440,41561,0,41561,3238879.455,0.851,0.168,0.207,0.452,0,0,822,0,2531,0,2091,1363,55,1.218,1,2073,0,490.915,21.511,-160.813,-461.313,-48.250,-0.852,0.383,2.785,-4.332,21.070,8.883,0.790,0.982,1.065,1.321,3,NULL,NULL,,3,0,2,7,255,1070,250,0,0
stim,11440,41561,0,41561,3238884.453,0.845,0.182,0.221,0.451,0,0,665,0,2357,0,1790,1159,55,1.218,1,2073,0,499.452,21.872,-156.125,-471.188,-55.313,-0.617,0.066,2.844,-5.867,21.070,8.883,0.894,1.088,1.065,1.321,3,NULL,NULL,,3,0,2,7,255,1070,250,0,0
stim,11440,41561,0,41561,3238889.455,0.839,0.198,0.236,0.449,1,0,470,0,2107,0,1429,989,55,1.218,1,2073,0,516.814,20.468,-164.688,-489.375,-22.063,-0.574,-0.246,2.672,-7.602,19.004,8.883,1.000,1.196,1.065,1.321,3,NULL,NULL,,3,0,2,7,255,1070,250,0,0
stim,11464,41585,0,41585,3238894.454,0.832,0.215,0.251,0.446,0,0,253,0,1832,0,933,829,55,1.218,1,2073,0,538.961,19.756,-179.000,-508.188,13.563,-0.492,-0.445,2.156,-9.891,17.102,8.430,1.104,1.304,1.065,1.321,3,NULL,NULL,,3,0,2,7,255,1070,250,0,0
stim,11464,41585,0,41585,3238899.455,0.825,0.231,0.266,0.441,0,0,168,0,1499,0,421,665,55,1.218,1,2073,0,539.832,16.710,-150.625,-518.313,9.125,-0.418,-0.461,1.633,-9.891,13.469,4.363,1.202,1.406,1.065,1.321,3,NULL,NULL,,3,0,2,7,255,1070,250,0,0
stim,11464,41585,0,41585,3238904.453,0.819,0.244,0.283,0.436,0,0,84,0,1118,0,118,521,55,1.218,1,2073,0,530.664,13.860,-89.000,-522.938,14.813,-0.344,-0.188,1.418,-9.238,10.332,0.297,1.292,1.498,1.065,1.321,3,NULL,NULL,,3,0,2,7,255,1070,250,0,0
stim,11464,41585,0,41585,3238909.455,0.813,0.256,0.300,0.429,0,0,28,0,694,0,0,429,55,1.218,1,2073,0,519.472,12.120,-41.688,-516.500,36.625,-0.316,0.297,1.691,-6.336,10.332,-1.184,1.374,1.582,1.065,1.321,3,NULL,NULL,,3,0,2,7,255,1070,250,0,0
stim,11508,41629,0,41629,3238914.454,0.808,0.268,0.316,0.419,0,0,13,0,227,0,0,339,55,1.218,1,2073,0,529.196,15.035,-33.188,-518.625,99.875,-0.762,0.504,1.984,-4.262,14.418,-1.816,1.446,1.658,1.065,1.321,3,NULL,NULL,,3,0,2,7,255,1070,250,0,0
stim,11508,41629,0,41629,3238919.455,0.803,0.283,0.331,0.407,0,0,7,0,0,0,0,233,55,1.218,1,2073,0,574.113,20.441,-70.813,-538.188,186.938,-1.309,0.406,1.914,-4.262,19.992,-3.570,1.516,1.730,1.065,1.321,3,NULL,NULL,,3,0,2,7,255,1070,250,0,0
stim,11508,41629,0,41629,3238924.454,0.797,0.299,0.346,0.394,0,0,0,0,0,0,0,155,55,1.218,1,2073,0,583.368,21.833,-106.250,-542.938,185.063,-1.480,0.563,1.613,-6.523,20.836,-8.867,1.594,1.810,1.065,1.321,3,NULL,NULL,,3,0,2,7,255,1070,250,0,0
stim,11508,41629,0,41629,3238929.455,0.789,0.315,0.359,0.386,0,0,0,0,0,0,0,85,55,1.218,1,2073,0,537.242,21.833,-152.688,-505.813,97.313,-0.977,1.109,1.227,-6.523,20.836,-13.363,1.680,1.902,1.065,1.321,4,NULL,NULL,,3,0,2,7,255,1070,250,0,0
stim,11508,41629,0,41629,3238934.453,0.780,0.330,0.370,0.381,0,0,0,0,0,0,0,83,55,1.218,1,2073,0,492.262,18.372,-208.813,-442.625,52.938,-0.625,1.340,1.023,1.266,18.328,-13.363,1.772,1.996,1.065,1.321,0,NULL,NULL,,3,0,2,7,255,1070,250,0,0
stim,11508,41629,0,41629,3238939.455,0.772,0.349,0.374,0.378,0,0,0,0,0,0,0,89,55,1.218,1,2073,0,494.488,17.233,-339.500,-345.875,98.125,-0.316,1.430,0.469,5.395,16.367,-13.676,1.862,2.088,1.065,1.321,0,NULL,NULL,,3,0,2,7,255,1070,250,0,0
stim,11508,41629,0,41629,3238944.454,0.764,0.364,0.376,0.376,0,0,0,0,0,0,0,100,55,1.218,1,2073,0,384.288,12.944,-295.250,-235.375,71.438,-0.266,0.926,-0.082,6.785,11.023,-14.090,1.946,2.174,1.065,1.321,0,NULL,NULL,,3,0,2,7,255,1070,250,0,0
stim,11508,41629,0,41629,3238949.455,0.762,0.371,0.378,0.374,0,0,0,0,0,0,0,109,55,1.218,1,2073,0,173.291,8.214,-90.938,-136.750,55.313,-0.633,-0.059,0.371,6.785,4.629,-14.090,2.024,2.252,1.065,1.321,0,NULL,NULL,,3,0,2,7,255,1070,250,0,0
stim,11508,41629,0,41629,3238954.453,0.761,0.373,0.379,0.372,0,0,0,0,0,0,0,131,55,1.218,1,2073,0,63.767,6.300,-24.313,-52.938,25.938,-0.996,-0.414,1.563,-4.273,4.629,-13.344,2.088,2.318,1.065,1.321,0,NULL,NULL,,3,0,2,7,255,1070,250,0,0
stim,11508,41629,0,41629,3238959.455,0.759,0.376,0.375,0.376,0,0,0,0,0,0,0,105,55,1.218,1,2073,0,158.143,17.514,-148.750,45.813,-28.000,-1.047,-0.188,1.605,-10.199,14.238,-11.301,2.146,2.378,1.065,1.321,0,NULL,NULL,,3,0,2,7,255,1070,250,0,0
stim,11531,41652,0,41652,3238964.454,0.756,0.382,0.368,0.384,0,0,0,0,0,0,0,99,55,1.218,1,2073,0,278.962,17.514,-244.125,129.875,-36.813,-0.793,0.395,0.594,-10.199,14.238,-11.301,2.200,2.434,1.065,1.321,0,NULL,NULL,,3,0,2,7,255,1070,250,0,0
stim,11531,41652,0,41652,3238969.455,0.756,0.385,0.358,0.391,0,0,0,0,0,0,0,77,55,1.218,1,2073,0,271.053,8.945,-194.125,188.875,-10.563,-0.734,0.922,-0.117,-1.488,8.820,-15.090,2.252,2.488,1.065,1.321,0,NULL,NULL,,3,0,2,7,255,1070,250,0,0
stim,11531,41652,0,41652,3238974.454,0.758,0.383,0.350,0.396,0,0,0,0,0,0,0,76,55,1.218,1,2073,0,236.916,8.009,-80.000,223.000,-0.063,-0.898,0.969,0.055,4.230,6.801,-19.219,2.296,2.536,1.065,1.321,0,NULL,NULL,,3,0,2,7,255,1070,250,0,0
stim,11531,41652,0,41652,3238979.455,0.760,0.380,0.341,0.401,0,0,0,0,0,0,0,71,55,1.218,1,2073,0,250.282,8.009,-35.250,246.938,-20.500,-0.938,0.578,0.648,4.230,6.801,-19.219,2.334,2.574,1.065,1.321,0,NULL,NULL,,3,0,2,7,255,1070,250,0,0
stim,11556,41677,0,41677,3238984.453,0.762,0.377,0.332,0.408,0,0,0,0,0,0,0,73,55,1.218,1,2073,0,276.420,10.566,-76.938,263.500,-32.500,-0.762,0.254,0.828,-0.402,10.559,-16.219,2.366,2.608,1.065,1.321,0,NULL,NULL,,3,0,2,7,255,1070,250,0,0
stim,11556,41677,0,41677,3238989.455,0.763,0.376,0.321,0.415,0,0,0,0,0,0,0,75,55,1.218,1,2073,0,302.570,10.615,-129.063,273.188,-16.125,-0.563,0.258,0.504,-1.094,10.559,-12.742,2.400,2.646,1.065,1.321,0,NULL,NULL,,3,0,2,7,255,1070,250,0,0
stim,11556,41677,0,41677,3238994.454,0.765,0.376,0.309,0.422,0,0,0,0,0,0,0,72,55,1.218,1,2073,0,306.809,7.282,-132.000,276.750,10.813,-0.500,0.387,0.000,-1.094,7.199,-12.742,2.438,2.686,1.065,1.321,0,NULL,NULL,,3,0,2,7,255,1070,250,0,0
stim,11556,41677,0,41677,3238999.455,0.768,0.374,0.298,0.427,0,0,0,0,0,0,0,67,55,1.218,1,2073,0,290.300,3.385,-84.500,276.625,24.750,-0.531,0.402,-0.297,1.047,3.219,-14.934,2.474,2.724,1.065,1.321,0,NULL,NULL,,3,0,2,7,255,1070,250,0,0
stim,11556,41677,0,41677,3239004.453,0.771,0.370,0.288,0.431,0,0,0,0,0,0,0,62,55,1.218,1,2073,0,278.846,1.728,-31.188,275.938,25.313,-0.516,0.348,-0.242,1.047,1.375,-16.145,2.504,2.756,1.065,1.321,0,NULL,NULL,,3,0,2,7,255,1070,250,0,0
stim,11556,41677,0,41677,3239009.455,0.775,0.365,0.278,0.435,0,0,0,0,0,0,0,63,55,1.218,1,2073,0,278.351,1.585,-4.250,276.938,27.688,-0.422,0.313,-0.078,0.789,1.375,-16.145,2.526,2.782,1.065,1.321,0,NULL,NULL,,3,0,2,7,255,1070,250,0,0
stim,11607,41728,0,41728,3239014.454,0.779,0.360,0.269,0.438,0,0,0,0,0,0,0,55,55,1.218,1,2073,0,281.175,2.414,6.813,278.313,39.438,-0.344,0.332,-0.004,0.789,2.281,-14.402,2.544,2.802,1.065,1.321,0,NULL,NULL,,3,0,2,7,255,1070,250,0,0
stim,11607,41728,0,41728,3239019.455,0.783,0.354,0.259,0.441,0,0,0,0,0,0,0,52,55,1.218,1,2073,0,284.233,2.873,22.750,278.188,53.688,-0.348,0.336,0.020,1.141,2.637,-13.441,2.560,2.820,1.065,1.321,0,NULL,NULL,,3,0,2,7,255,1070,250,0,0
stim,11607,41728,0,41728,3239024.454,0.788,0.348,0.249,0.443,0,0,0,0,0,0,0,51,55,1.218,1,2073,0,287.372,3.144,44.875,277.188,61.125,-0.395,0.289,0.113,1.141,2.930,-13.262,2.574,2.834,1.065,1.321,0,NULL,NULL,,3,0,2,7,255,1070,250,0,0
stim,11607,41728,0,41728,3239029.455,0.793,0.341,0.240,0.444,0,0,0,0,0,0,0,45,55,1.218,1,2073,0,290.013,3.815,61.188,277.063,60.000,-0.422,0.258,0.270,0.441,3.789,-12.809,2.586,2.850,1.065,1.321,0,NULL,NULL,,3,0,2,7,255,1070,250,0,0
stim,11607,41728,0,41728,3239034.454,0.798,0.333,0.231,0.446,0,0,0,0,0,0,0,42,55,1.218,1,2073,0,292.236,5.078,68.375,278.750,55.000,-0.410,0.270,0.430,0.020,5.078,-11.832,2.600,2.866,1.065,1.321,0,NULL,NULL,,3,0,2,7,255,1070,250,0,0
stim,11607,41728,0,41728,3239039.455,0.802,0.326,0.222,0.448,0,0,0,0,0,0,0,30,55,1.218,1,2073,0,295.430,6.266,70.438,282.250,51.500,-0.387,0.293,0.574,0.020,6.266,-10.605,2.614,2.882,1.065,1.321,0,NULL,NULL,,3,0,2,7,255,1070,250,0,0
stim,11607,41728,0,41728,3239044.453,0.807,0.318,0.213,0.450,0,0,0,0,0,0,0,30,55,1.218,1,2073,0,299.920,7.299,70.000,287.438,49.313,-0.410,0.309,0.707,0.293,7.293,-9.445,2.634,2.904,1.065,1.321,0,NULL,NULL,,3,0,2,7,255,1070,250,0,0
stim,11607,41728,0,41728,3239049.455,0.811,0.310,0.203,0.452,0,0,0,0,0,0,0,25,55,1.218,1,2073,0,304.825,8.396,66.313,294.438,42.750,-0.449,0.309,0.828,0.293,8.391,-8.551,2.656,2.928,1.065,1.321,0,NULL,NULL,,3,0,2,7,255,1070,250,0,0
stim,11607,41728,0,41728,3239054.453,0.815,0.302,0.193,0.455,0,0,0,0,0,0,0,25,55,1.218,1,2073,0,310.255,9.407,56.875,303.500,30.188,-0.453,0.309,0.930,0.148,9.406,-7.719,2.682,2.956,1.065,1.321,0,NULL,NULL,,3,0,2,7,255,1070,250,0,0
stim,11607,41728,0,41728,3239059.455,0.818,0.295,0.183,0.459,0,0,0,0,0,0,0,26,55,1.218,1,2073,0,317.921,9.915,43.250,314.500,17.125,-0.406,0.309,0.965,0.148,9.914,-6.793,2.714,2.990,1.065,1.321,0,NULL,NULL,,3,0,2,7,255,1070,250,0,0
stim,11629,41750,0,41750,3239064.454,0.821,0.287,0.172,0.463,0,0,0,0,0,0,0,35,55,1.218,1,2073,0,328.287,9.925,32.688,326.563,7.813,-0.332,0.293,0.941,0.465,9.914,-6.008,2.750,3.028,1.065,1.321,0,NULL,NULL,,3,0,2,7,255,1070,250,0,0
stim,11629,41750,0,41750,3239069.455,0.824,0.279,0.160,0.467,0,0,0,0,0,0,0,39,55,1.218,1,2073,0,339.909,9.170,29.500,338.625,1.125,-0.254,0.270,0.879,0.820,9.133,-5.469,2.788,3.070,1.065,1.321,0,NULL,NULL,,3,0,2,7,255,1070,250,0,0
stim,11629,41750,0,41750,3239074.454,0.826,0.270,0.148,0.472,0,0,0,0,0,0,0,42,55,1.218,1,2073,0,351.288,8.074,32.500,349.750,-4.688,-0.180,0.227,0.809,1.094,8.000,-5.250,2.830,3.114,1.065,1.321,0,NULL,NULL,,3,0,2,7,255,1070,250,0,0
stim,11629,41750,0,41750,3239079.455,0.828,0.261,0.137,0.476,0,0,0,0,0,0,0,45,55,1.218,1,2073,0,360.607,6.877,40.063,358.313,-6.688,-0.137,0.195,0.746,1.188,6.773,-5.098,2.874,3.160,1.065,1.321,0,NULL,NULL,,3,0,2,7,255,1070,250,0,0
stim,11655,41776,0,41776,3239084.454,0.831,0.252,0.125,0.481,0,0,0,0,0,0,0,46,55,1.218,1,2073,0,367.778,6.002,52.188,364.000,-6.438,-0.117,0.207,0.711,1.227,5.875,-5.098,2.918,3.206,1.065,1.321,0,NULL,NULL,,3,0,2,7,255,1070,250,0,0
stim,11655,41776,0,41776,3239089.455,0.833,0.242,0.113,0.485,0,0,0,0,0,0,0,45,55,1.218,1,2073,0,373.244,5.622,67.750,367.000,-5.688,-0.102,0.219,0.699,1.500,5.418,-5.117,2.962,3.252,1.065,1.321,0,NULL,NULL,,3,0,2,7,255,1070,250,0,0
stim,11655,41776,0,41776,3239094.453,0.835,0.231,0.102,0.489,0,0,0,0,0,0,0,51,55,1.218,1,2073,0,376.946,5.414,85.688,367.063,-3.375,-0.094,0.215,0.727,1.734,5.129,-5.117,3.006,3.296,1.065,1.321,0,NULL,NULL,,3,0,2,7,255,1070,250,0,0
stim,11655,41776,0,41776,3239099.455,0.838,0.219,0.091,0.492,0,0,0,0,0,0,0,44,55,1.218,1,2073,0,378.930,5.454,105.750,363.875,-0.250,-0.098,0.211,0.805,1.855,5.129,-4.684,3.048,3.340,1.065,1.321,0,NULL,NULL,,3,0,2,7,255,1070,250,0,0
stim,11674,41795,0,41795,3239104.453,0.840,0.207,0.080,0.496,0,0,0,0,0,0,0,44,55,1.218,1,2073,0,379.577,5.566,121.625,359.563,0.813,-0.082,0.215,0.918,1.914,5.227,-3.855,3.086,3.382,1.065,1.321,0,NULL,NULL,,3,0,2,7,255,1070,250,0,0
stim,11674,41795,0,41795,3239109.455,0.842,0.194,0.070,0.498,0,0,0,0,0,0,0,45,55,1.218,1,2073,0,378.430,5.834,133.875,353.938,3.875,-0.070,0.207,1.027,2.223,5.395,-2.660,3.126,3.422,1.065,1.321,0,NULL,NULL,,3,0,2,7,255,1070,250,0,0
stim,11706,41827,0,41827,3239114.454,0.844,0.181,0.060,0.501,0,0,0,0,0,0,0,41,55,1.218,1,2073,0,376.131,5.957,141.375,348.438,8.875,-0.059,0.254,1.129,2.379,5.461,-1.457,3.162,3.462,1.065,1.321,0,NULL,NULL,,3,0,2,7,255,1070,250,0,0
stim,11706,41827,0,41827,3239119.455,0.846,0.168,0.051,0.503,0,0,0,0,0,0,0,43,55,1.218,1,2073,0,374.969,6.362,149.188,343.750,13.438,-0.063,0.270,1.211,2.957,5.633,-0.473,3.198,3.500,1.065,1.321,0,NULL,NULL,,3,0,2,7,255,1070,250,0,0
stim,11706,41827,0,41827,3239124.454,0.848,0.155,0.042,0.505,0,0,0,0,0,0,0,44,55,1.218,1,2073,0,374.061,6.531,155.313,340.000,14.125,-0.098,0.266,1.277,3.133,5.730,0.375,3.232,3.536,1.065,1.321,0,NULL,NULL,,3,0,2,7,255,1070,250,0,0
stim,11706,41827,0,41827,3239129.455,0.850,0.142,0.033,0.507,0,0,0,0,0,0,0,43,55,1.218,1,2073,0,373.784,6.572,161.500,336.938,10.250,-0.086,0.273,1.383,3.203,5.738,1.090,3.262,3.568,1.065,1.321,0,NULL,NULL,,3,0,2,7,255,1070,250,0,0
stim,11706,41827,0,41827,3239134.454,0.851,0.128,0.024,0.509,0,0,0,0,0,0,0,46,55,1.218,1,2073,0,372.494,6.669,162.438,335.063,9.938,-0.078,0.289,1.469,3.398,5.738,2.281,3.288,3.598,1.065,1.321,0,NULL,NULL,,3,0,2,7,255,1070,250,0,0
stim,11706,41827,0,41827,3239139.455,0.852,0.115,0.015,0.510,0,0,0,0,0,0,0,44,55,1.218,1,2073,0,372.139,6.626,166.125,332.750,12.938,-0.102,0.281,1.590,3.660,5.523,3.242,3.312,3.622,1.065,1.321,0,NULL,NULL,,3,0,2,7,255,1070,250,0,0
stim,11706,41827,0,41827,3239144.453,0.853,0.101,0.007,0.512,0,0,0,0,0,0,0,43,55,1.218,1,2073,0,369.458,6.626,165.000,330.375,11.250,-0.160,0.270,1.723,3.660,5.523,4.539,3.332,3.644,1.065,1.321,0,NULL,NULL,,3,0,2,7,255,1070,250,0,0
stim,11706,41827,0,41827,3239149.455,0.854,0.088,-0.002,0.513,0,0,0,0,0,0,0,45,55,1.218,1,2073,0,363.306,6.681,157.438,327.375,5.500,-0.191,0.273,1.820,3.523,5.676,5.949,3.350,3.664,1.065,1.321,0,NULL,NULL,,3,0,2,7,255,1070,250,0,0
stim,11706,41827,0,41827,3239154.453,0.854,0.075,-0.011,0.515,0,0,0,0,0,0,0,47,55,1.218,1,2073,0,356.209,6.681,148.563,323.750,-0.500,-0.180,0.285,1.855,3.523,5.676,7.016,3.366,3.682,1.065,1.321,0,NULL,NULL,,3,0,2,7,255,1070,250,0,0
stim,11706,41827,0,41827,3239159.455,0.854,0.063,-0.019,0.516,0,0,0,0,0,0,0,46,55,1.218,1,2073,0,350.450,6.382,143.938,319.500,-4.125,-0.156,0.270,1.848,3.777,5.145,7.520,3.382,3.698,1.065,1.321,0,NULL,NULL,,3,0,2,7,255,1070,250,0,0
stim,11740,41861,0,41861,3239164.454,0.853,0.050,-0.027,0.518,0,0,0,0,0,0,0,43,55,1.218,1,2073,0,347.922,5.742,147.563,315.000,-7.063,-0.148,0.242,1.863,3.777,4.324,7.609,3.396,3.714,1.065,1.321,0,NULL,NULL,,3,0,2,7,255,1070,250,0,0
stim,11740,41861,0,41861,3239169.455,0.853,0.037,-0.036,0.520,0,0,0,0,0,0,0,40,55,1.218,1,2073,0,348.110,5.121,155.125,311.313,-14.188,-0.145,0.230,1.922,3.652,3.590,7.922,3.410,3.730,1.065,1.321,0,NULL,NULL,,3,0,2,7,255,1070,250,0,0
stim,11740,41861,0,41861,3239174.454,0.852,0.024,-0.043,0.522,0,0,0,0,0,0,0,43,55,1.218,1,2073,0,349.916,4.708,161.938,309.250,-24.125,-0.109,0.176,1.992,3.645,2.980,8.594,3.424,3.746,1.065,1.321,0,NULL,NULL,,3,0,2,7,255,1070,250,0,0
stim,11740,41861,0,41861,3239179.455,0.850,0.011,-0.051,0.524,0,0,0,0,0,0,0,42,55,1.218,1,2073,0,352.160,3.870,166.625,308.688,-31.063,-0.055,0.109,2.031,3.406,1.836,9.398,3.436,3.760,1.065,1.321,0,NULL,NULL,,3,0,2,7,255,1070,250,0,0
stim,11740,41861,0,41861,3239184.454,0.849,-0.003,-0.058,0.526,0,0,0,0,0,0,0,45,55,1.218,1,2073,0,355.351,3.158,171.375,309.250,-35.625,0.004,0.055,2.000,3.121,0.480,9.578,3.446,3.770,1.065,1.321,0,NULL,NULL,,3,0,2,7,255,1070,250,0,0
stim,11740,41861,0,41861,3239189.455,0.847,-0.017,-0.065,0.528,0,0,0,0,0,0,0,43,55,1.218,1,2073,0,362.390,2.976,185.438,308.938,-38.688,0.082,-0.035,1.930,2.844,-0.879,9.578,3.452,3.778,1.065,1.321,0,NULL,NULL,,3,0,2,7,255,1070,250,0,0
stim,11764,41885,0,41885,3239194.453,0.844,-0.031,-0.071,0.530,0,0,0,0,0,0,0,53,55,1.218,1,2073,0,375.532,3.347,211.750,307.188,-42.688,0.203,-0.137,1.910,2.242,-2.484,8.816,3.456,3.782,1.065,1.321,0,NULL,NULL,,3,0,2,7,255,1070,250,0,0
stim,11764,41885,0,41885,3239199.455,0.842,-0.047,-0.077,0.533,0,0,0,0,0,0,0,53,55,1.218,1,2073,0,393.936,5.046,244.688,305.063,-47.438,0.406,-0.176,1.988,2.121,-4.578,8.688,3.452,3.780,1.065,1.321,0,NULL,NULL,,3,0,2,7,255,1070,250,0,0
stim,11764,41885,0,41885,3239204.453,0.838,-0.064,-0.081,0.535,0,0,0,0,0,0,0,57,55,1.218,1,2073,0,414.616,7.520,277.438,303.938,-50.563,0.664,-0.141,2.137,2.121,-7.215,8.688,3.442,3.772,1.065,1.321,0,NULL,NULL,,3,0,2,7,255,1070,250,0,0
stim,11764,41885,0,41885,3239209.455,0.835,-0.082,-0.086,0.537,0,0,0,0,0,0,0,52,55,1.218,1,2073,0,433.045,10.780,304.500,304.125,-48.125,0.906,-0.121,2.316,3.387,-10.234,9.352,3.422,3.754,1.065,1.321,0,NULL,NULL,,3,0,2,7,255,1070,250,0,0
stim,11806,41927,0,41927,3239214.454,0.831,-0.101,-0.089,0.539,0,0,0,0,0,0,0,59,55,1.218,1,2073,0,447.874,14.004,327.625,302.938,-38.500,1.094,-0.141,2.563,4.359,-13.309,10.219,3.392,3.728,1.065,1.321,0,NULL,NULL,,3,0,2,7,255,1070,250,0,0
stim,11806,41927,0,41927,3239219.455,0.828,-0.120,-0.092,0.541,0,0,0,0,0,0,0,59,55,1.218,1,2073,0,454.062,17.008,337.375,302.313,-30.938,1.230,-0.133,2.797,4.680,-16.352,11.648,3.354,3.690,1.065,1.321,0,NULL,NULL,,3,0,2,7,255,1070,250,0,0
stim,11806,41927,0,41927,3239224.454,0.824,-0.139,-0.095,0.541,0,0,0,0,0,0,0,61,55,1.218,1,2073,0,452.009,19.588,335.000,302.250,-27.063,1.332,-0.090,2.980,4.930,-18.957,12.922,3.302,3.640,1.065,1.321,0,NULL,NULL,,3,0,2,7,255,1070,250,0,0
stim,11806,41927,0,41927,3239229.455,0.819,-0.157,-0.099,0.542,0,0,0,0,0,0,0,60,55,1.218,1,2073,0,441.949,21.749,321.875,301.813,-25.000,1.395,-0.063,3.105,5.297,-21.094,13.742,3.236,3.578,1.065,1.321,0,NULL,NULL,,3,0,2,7,255,1070,250,0,0
stim,11806,41927,1,41927,3239234.454,0.815,-0.175,-0.103,0.542,0,0,0,0,0,0,0,70,55,1.218,1,2073,0,421.765,23.412,296.563,298.938,-23.938,1.375,-0.074,3.172,5.297,-22.805,13.938,3.160,3.502,1.065,1.321,0,NULL,NULL,,3,1,2,7,255,1070,250,0,0
stim,11806,41927,1,41927,3239239.455,0.811,-0.191,-0.107,0.543,0,0,0,0,0,0,0,75,55,1.218,1,2073,0,395.848,24.255,266.125,291.813,-26.813,1.383,-0.016,3.230,4.867,-23.762,13.938,3.072,3.416,1.065,1.321,0,NULL,NULL,,3,1,2,7,255,1070,250,0,0
stim,11825,41946,1,41946,3239244.453,0.806,-0.206,-0.112,0.543,0,0,0,0,0,0,0,89,55,1.218,1,2073,0,367.948,25.117,231.688,282.750,-41.938,1.586,0.121,3.277,4.867,-24.641,13.801,2.976,3.320,1.065,1.321,0,NULL,NULL,,3,1,2,7,255,1070,250,0,0
stim,11825,41946,1,41946,3239249.455,0.802,-0.218,-0.117,0.544,0,0,0,0,0,0,0,103,55,1.218,1,2073,0,334.195,27.585,185.000,272.563,-56.313,1.934,0.098,3.203,6.547,-26.797,12.945,2.872,3.216,1.065,1.321,0,NULL,NULL,,3,1,2,7,255,1070,250,0,0
stim,11825,41946,1,41946,3239254.453,0.798,-0.229,-0.124,0.544,0,0,0,0,0,0,0,133,55,1.218,1,2073,0,294.734,30.801,130.500,259.313,-50.938,2.289,-0.098,2.953,6.875,-30.023,10.043,2.758,3.104,1.065,1.321,0,NULL,NULL,,3,1,2,7,255,1070,250,0,0
stim,11825,41946,1,41946,3239259.455,0.795,-0.237,-0.131,0.543,0,0,0,0,0,0,0,157,55,1.218,1,2073,0,257.997,33.491,84.375,241.750,-31.625,2.605,-0.285,2.539,6.875,-32.777,5.172,2.634,2.980,1.065,1.321,0,NULL,NULL,,3,1,2,7,255,1070,250,0,0
stim,11825,41946,1,41946,3239264.454,0.792,-0.244,-0.137,0.542,0,0,0,0,0,0,0,196,55,1.218,1,2073,0,230.879,34.792,55.875,223.563,-14.250,2.941,-0.367,2.043,6.875,-34.105,-0.895,2.502,2.846,1.065,1.321,0,NULL,NULL,,3,1,2,7,255,1070,250,0,0
stim,11825,41946,1,41946,3239269.455,0.790,-0.251,-0.143,0.541,0,0,0,0,0,0,0,212,55,1.218,1,2073,0,212.650,35.273,50.250,206.625,-1.000,3.344,-0.449,1.551,7.008,-34.570,-7.504,2.358,2.702,1.065,1.321,0,NULL,NULL,,3,1,2,7,255,1070,250,0,0
stim,11825,41946,1,41946,3239274.454,0.789,-0.258,-0.148,0.538,0,0,0,0,0,0,0,263,55,1.218,1,2073,0,210.246,36.153,77.063,194.250,23.063,3.691,-0.508,1.070,7.891,-35.281,-14.328,2.210,2.554,1.065,1.321,0,NULL,NULL,,3,1,2,7,255,1070,250,0,0
stim,11825,41946,1,41946,3239279.455,0.787,-0.266,-0.150,0.536,0,0,0,0,0,0,0,279,55,1.218,1,2073,0,211.049,36.263,121.438,166.438,45.750,3.879,-0.980,1.000,7.891,-35.395,-20.742,2.058,2.400,1.065,1.321,0,NULL,NULL,,3,1,2,7,255,1070,250,0,0
stim,11861,41982,1,41982,3239284.454,0.787,-0.274,-0.151,0.532,0,0,0,0,0,0,0,285,55,1.218,1,2073,0,200.431,37.967,115.375,134.563,93.563,4.238,-1.492,1.227,5.313,-37.594,-23.895,1.904,2.244,1.065,1.321,0,NULL,NULL,,3,1,2,7,255,1070,250,0,0
stim,11861,41982,1,41982,3239289.455,0.788,-0.282,-0.151,0.526,0,0,0,0,0,0,0,287,55,1.218,1,2073,0,230.599,39.296,129.938,113.250,153.188,4.000,-1.594,0.898,2.273,-39.230,-25.703,1.744,2.080,1.065,1.321,0,NULL,NULL,,3,1,2,7,255,1070,250,0,0
stim,11861,41982,1,41982,3239294.453,0.789,-0.292,-0.147,0.520,0,0,0,0,0,0,0,279,55,1.218,1,2073,0,271.474,39.245,181.313,81.375,184.938,3.574,-1.660,0.957,1.063,-39.230,-25.770,1.578,1.912,1.065,1.321,0,NULL,NULL,,3,1,2,7,255,1070,250,0,0
stim,11861,41982,1,41982,3239299.455,0.789,-0.302,-0.142,0.515,0,0,0,0,0,0,0,274,55,1.218,1,2073,0,295.311,36.515,241.750,49.813,162.125,3.090,-1.613,1.430,-0.699,-36.508,-25.770,1.406,1.738,1.065,1.321,0,NULL,NULL,,3,1,2,7,255,1070,250,0,0
stim,11861,41982,1,41982,3239304.453,0.789,-0.312,-0.135,0.512,0,0,0,0,0,0,0,255,55,1.218,1,2073,0,277.981,36.573,242.500,12.563,135.313,2.785,-1.449,2.230,-2.180,-36.508,-19.852,1.228,1.558,1.065,1.321,0,NULL,NULL,,3,1,2,7,255,1070,250,0,0
stim,11861,41982,1,41982,3239309.455,0.789,-0.319,-0.128,0.509,0,0,0,0,0,0,0,230,55,1.218,1,2073,0,248.964,37.762,212.375,-22.625,127.938,2.594,-1.305,2.734,-2.492,-37.680,-12.016,1.046,1.374,1.065,1.321,0,NULL,NULL,,3,1,2,7,255,1070,250,0,0
stim,11907,42028,1,42028,3239314.454,0.790,-0.324,-0.121,0.506,0,0,0,0,0,0,0,211,55,1.218,1,2073,0,213.055,37.762,148.938,-60.375,139.875,2.207,-0.809,3.156,-2.492,-37.680,-6.961,0.866,1.188,1.065,1.321,0,NULL,NULL,,3,1,2,7,255,1070,250,0,0
stim,11907,42028,1,42028,3239319.455,0.793,-0.325,-0.115,0.503,0,0,0,54,0,0,0,361,55,1.218,1,2073,0,155.030,37.419,57.375,-90.313,112.188,1.496,-0.441,3.430,-0.969,-37.406,-0.047,0.690,1.002,1.065,1.321,0,NULL,NULL,,3,1,2,7,255,1070,250,0,0
stim,11907,42028,1,42028,3239324.454,0.797,-0.333,-0.096,0.495,229,0,0,717,0,36,0,437,55,1.218,1,2073,0,513.586,36.614,312.125,-220.875,342.875,-0.406,-0.664,6.195,-0.969,-36.602,7.121,0.524,0.818,1.065,1.321,0,NULL,NULL,,3,1,2,7,255,1070,250,0,0
stim,11907,42028,1,42028,3239329.455,0.809,-0.330,-0.083,0.479,877,0,0,1307,0,237,0,525,55,1.218,1,2073,0,560.723,32.897,-41.500,-187.500,526.813,-0.734,2.445,7.785,-0.969,-32.883,36.402,0.382,0.634,1.065,1.321,0,NULL,NULL,,3,1,2,7,255,1070,250,0,0
stim,11907,42028,1,42028,3239334.454,0.831,-0.293,-0.096,0.464,1421,0,0,1723,0,533,0,573,55,1.218,1,2073,0,1078.247,32.957,-1016.688,-93.188,346.813,-1.777,3.473,3.379,4.266,-32.680,37.613,0.294,0.454,1.065,1.321,0,NULL,NULL,,3,1,2,7,255,1070,250,0,0
stim,11907,42028,1,42028,3239339.455,0.846,-0.252,-0.112,0.456,1863,0,0,1930,0,699,0,611,55,1.218,1,2074,0,1081.275,17.541,-1068.688,-110.563,121.813,-2.164,3.480,-1.516,15.676,7.871,37.613,0.308,0.302,1.065,1.321,1,1099.000,29.000,,3,1,2,7,255,1070,250,0,0
stim,11907,42028,1,42028,3239344.453,0.853,-0.229,-0.121,0.453,2101,0,0,2041,0,919,0,684,55,1.218,1,2074,0,582.529,41.772,-577.563,-75.438,8.438,-2.047,2.180,-2.875,15.676,38.719,-3.465,0.374,0.226,1.065,1.321,1,NULL,NULL,,3,1,2,7,255,1070,250,0,0
stim,11907,42028,1,42028,3239349.455,0.853,-0.221,-0.119,0.457,2271,0,0,2137,0,1114,0,773,55,1.218,1,2074,0,216.524,39.134,-148.375,-129.750,-89.625,-0.738,0.086,-1.113,5.684,38.719,-16.297,0.408,0.234,1.065,1.321,1,NULL,NULL,,3,1,2,7,255,1070,250,0,0
stim,11907,42028,1,42028,3239354.453,0.854,-0.219,-0.115,0.459,2425,0,0,2207,0,1263,0,837,55,1.218,1,2074,0,123.610,11.077,25.563,-119.563,-18.188,0.434,0.020,1.031,2.641,10.758,-16.297,0.412,0.270,1.065,1.321,1,NULL,NULL,,3,1,2,7,255,1070,250,0,0
stim,11907,42028,1,42028,3239359.455,0.857,-0.215,-0.110,0.455,2601,0,0,2423,0,1430,0,876,55,1.218,1,2074,0,181.043,2.927,-61.250,-123.125,117.750,0.457,1.852,1.605,2.641,-1.262,-2.516,0.404,0.308,1.065,1.321,2,NULL,NULL,,3,1,2,7,255,1070,250,0,0
stim,11935,42056,1,42056,3239364.454,0.862,-0.207,-0.108,0.449,2747,0,0,2612,0,1495,0,981,55,1.218,1,2074,0,265.546,8.813,-178.625,-125.500,151.188,-0.875,1.660,1.547,8.723,-1.262,6.844,0.402,0.342,1.065,1.321,2,NULL,NULL,,3,1,2,7,255,1070,250,0,0
stim,11935,42056,1,42056,3239369.455,0.869,-0.192,-0.106,0.443,2842,0,0,2735,0,1533,0,1108,55,1.218,1,2074,0,408.372,11.905,-330.438,-174.813,164.375,-2.348,-0.656,0.719,8.723,8.102,6.844,0.408,0.374,1.065,1.321,2,NULL,NULL,,3,1,2,7,255,1070,250,0,0
stim,11935,42056,1,42056,3239374.454,0.872,-0.175,-0.107,0.445,2916,0,0,2830,0,1583,0,1237,55,1.218,1,2074,0,395.111,21.003,-350.250,-173.688,-57.188,-2.324,-1.457,-0.320,-18.465,10.008,3.414,0.402,0.400,1.065,1.321,2,NULL,NULL,,3,1,2,7,255,1070,250,0,0
stim,11935,42056,1,42056,3239379.455,0.870,-0.164,-0.104,0.452,2975,0,0,2916,0,1624,0,1364,55,1.218,1,2074,0,319.524,21.003,-162.063,-194.313,-195.125,-0.922,-1.094,-0.609,-18.465,10.008,-7.508,0.376,0.418,1.065,1.321,2,NULL,NULL,,3,1,2,7,255,1070,250,0,0
stim,11936,42057,1,42057,3239384.454,0.867,-0.160,-0.097,0.461,3017,0,0,2973,0,1685,0,1447,55,1.218,1,2074,0,276.329,14.697,18.688,-196.875,-193.000,0.387,-0.965,0.598,-14.383,3.023,-7.508,0.338,0.432,1.065,1.321,2,NULL,NULL,,3,1,2,7,255,1070,250,0,0
stim,11936,42057,1,42057,3239389.455,0.866,-0.157,-0.090,0.466,3047,0,0,3033,0,1751,0,1505,55,1.218,1,2074,0,211.705,11.512,35.438,-182.688,-100.938,1.063,-1.258,1.785,-5.535,-10.094,-7.035,0.300,0.436,1.065,1.321,2,NULL,NULL,,3,1,2,7,255,1070,250,0,0
stim,11959,42080,1,42080,3239394.453,0.868,-0.151,-0.085,0.466,3063,0,0,3081,0,1851,0,1541,55,1.218,1,2074,0,182.930,21.128,-61.063,-171.688,16.063,1.262,-1.461,2.004,-4.582,-20.625,1.504,0.268,0.424,1.065,1.321,2,NULL,NULL,,3,1,2,7,255,1070,250,0,0
stim,11959,42080,1,42080,3239399.455,0.872,-0.143,-0.081,0.462,3082,0,0,3111,0,1949,0,1565,55,1.218,1,2074,0,254.736,21.128,-152.625,-158.125,128.813,0.914,-1.414,1.395,-4.582,-20.625,1.504,0.248,0.388,1.065,1.321,2,NULL,NULL,,3,1,2,7,255,1070,250,0,0
stim,11959,42080,1,42080,3239404.453,0.877,-0.135,-0.078,0.454,3095,0,0,3127,0,2059,0,1608,55,1.218,1,2074,0,292.772,19.762,-158.875,-146.688,197.375,0.105,-1.148,0.715,-6.039,-18.816,-1.277,0.244,0.332,1.065,1.321,2,NULL,NULL,,3,1,2,7,255,1070,250,0,0
stim,11959,42080,1,42080,3239409.455,0.882,-0.129,-0.073,0.447,3109,0,1,3154,0,2149,0,1659,55,1.218,1,2074,0,265.731,11.931,-101.563,-148.750,195.375,-0.543,-0.578,0.508,-7.598,-9.199,-4.477,0.252,0.268,1.065,1.321,2,NULL,NULL,,3,1,2,7,255,1070,250,0,0
stim,12006,42127,1,42127,3239414.454,0.886,-0.125,-0.067,0.442,3103,0,0,3163,0,2237,0,1752,55,1.218,1,2074,0,204.210,7.622,-38.313,-153.125,129.563,-0.789,0.102,0.840,-7.598,-0.609,-4.477,0.264,0.218,1.065,1.321,2,NULL,NULL,,3,1,2,7,255,1070,250,0,0
stim,12006,42127,1,42127,3239419.455,0.887,-0.121,-0.062,0.442,3119,0,0,3166,173,2319,7,1912,55,1.218,1,2074,0,160.717,5.636,-32.938,-152.938,36.813,-0.711,0.523,1.410,-3.652,4.293,0.039,0.276,0.188,1.065,1.321,2,NULL,NULL,,3,1,2,7,255,1070,250,0,0
stim,12006,42127,1,42127,3239424.454,0.887,-0.116,-0.057,0.443,3119,0,0,3173,436,2365,139,2067,55,1.218,1,2074,0,145.107,4.297,-48.625,-134.000,-27.125,-0.016,0.387,1.770,0.176,4.293,5.734,0.282,0.176,1.065,1.321,2,NULL,NULL,,3,1,2,7,255,1070,250,0,0
stim,12006,42127,1,42127,3239429.455,0.886,-0.113,-0.056,0.446,3118,0,0,3177,789,2407,87,2169,55,1.218,1,2074,0,112.938,3.743,-52.000,-72.375,-69.375,0.551,0.004,1.980,3.246,-1.863,7.543,0.286,0.170,1.065,1.321,2,NULL,NULL,,3,1,2,7,255,1070,250,0,0
stim,12006,42127,1,42127,3239434.454,0.886,-0.108,-0.055,0.447,3119,0,0,3175,1012,2431,94,2229,55,1.218,1,2074,0,103.287,8.053,-74.500,-61.000,-37.375,0.922,0.414,1.117,3.625,-7.191,7.543,0.294,0.166,1.065,1.321,2,NULL,NULL,,3,1,2,7,255,1070,250,0,0
stim,12006,42127,1,42127,3239439.455,0.886,-0.107,-0.053,0.447,3119,0,0,3176,1175,2451,107,2291,55,1.218,1,2074,0,46.484,11.066,-13.750,-44.188,4.375,0.617,0.586,1.152,8.410,-7.191,0.699,0.306,0.158,1.065,1.321,2,NULL,NULL,,3,1,2,7,255,1070,250,0,0
stim,12006,42127,1,42127,3239444.453,0.887,-0.104,-0.054,0.447,3119,0,0,3171,1290,2469,117,2340,55,1.218,1,2074,0,55.718,9.286,-50.250,-22.063,9.625,-0.211,-0.230,1.730,8.410,-3.938,0.699,0.324,0.144,1.065,1.321,2,NULL,NULL,,3,1,2,7,255,1070,250,0,0
stim,12006,42127,1,42127,3239449.455,0.887,-0.099,-0.056,0.448,3117,0,0,3181,1385,2479,123,2373,55,1.218,1,2074,0,131.317,4.320,-124.375,-20.375,-36.875,-0.328,-0.129,1.051,-2.637,-3.422,0.758,0.346,0.124,1.065,1.321,2,NULL,NULL,,3,1,2,7,255,1070,250,0,0
stim,12006,42127,1,42127,3239454.454,0.886,-0.096,-0.057,0.451,3117,23,0,3177,1497,2480,126,2399,55,1.218,1,2074,0,109.162,2.667,-72.375,-16.375,-80.063,-0.164,0.168,0.602,-2.637,-0.402,0.758,0.372,0.098,1.065,1.321,2,NULL,NULL,,3,1,2,7,255,1070,250,0,0
stim,12006,42127,1,42127,3239459.455,0.884,-0.094,-0.057,0.454,3114,30,0,3175,1559,2495,135,2419,55,1.218,1,2074,0,87.009,0.660,-18.563,-13.438,-83.938,0.160,0.031,1.020,0.523,-0.402,-0.289,0.394,0.076,1.065,1.321,2,NULL,NULL,,3,1,2,7,255,1070,250,0,0
stim,12039,42160,1,42160,3239464.453,0.883,-0.093,-0.057,0.456,3117,37,0,3177,1605,2503,143,2447,55,1.218,1,2074,0,61.041,3.184,-37.375,-8.875,-47.438,0.098,-0.152,1.203,0.523,-3.141,-0.289,0.410,0.064,1.065,1.321,2,NULL,NULL,,3,1,2,7,255,1070,250,0,0
stim,12039,42160,1,42160,3239469.455,0.883,-0.090,-0.059,0.457,3119,46,0,3179,1675,2513,144,2463,55,1.218,1,2074,0,75.403,3.151,-70.625,-5.313,-25.875,-0.113,-0.117,1.004,-0.258,-3.141,-0.059,0.418,0.058,1.065,1.321,2,NULL,NULL,,3,1,2,7,255,1070,250,0,0
stim,12039,42160,1,42160,3239474.454,0.882,-0.087,-0.060,0.458,3109,99,0,3173,1717,2508,143,2475,55,1.218,1,2074,0,75.168,1.852,-63.563,-5.000,-39.813,-0.242,0.051,0.805,-0.617,-1.746,-0.059,0.424,0.054,1.065,1.321,2,NULL,NULL,,3,1,2,7,255,1070,250,0,0
stim,12039,42160,1,42160,3239479.455,0.881,-0.085,-0.061,0.461,3118,109,0,3177,1766,2518,142,2491,55,1.218,1,2074,0,78.741,0.730,-35.063,-5.188,-70.313,-0.188,0.117,0.898,-0.617,0.391,-0.773,0.432,0.048,1.065,1.321,2,NULL,NULL,,3,1,2,7,255,1070,250,0,0
stim,12039,42160,0,42160,3239484.453,0.880,-0.084,-0.061,0.464,3116,111,0,3179,1786,2524,149,2505,55,1.218,1,2074,0,78.489,0.498,-25.625,-3.063,-74.125,0.051,0.035,1.070,0.309,0.391,-0.773,0.440,0.042,1.065,1.321,2,NULL,NULL,,3,0,2,7,255,1065,250,0,0
stim,12039,42160,0,42160,3239489.455,0.879,-0.082,-0.062,0.465,3111,121,8,3181,1831,2527,149,2511,55,1.218,1,2074,0,57.271,2.386,-35.000,-1.313,-45.313,0.109,-0.031,1.082,0.867,-2.223,0.359,0.448,0.038,1.065,1.321,2,NULL,NULL,,3,0,2,7,255,1065,250,0,0
stim,12065,42186,0,42186,3239494.453,0.879,-0.081,-0.062,0.466,3117,136,11,3177,1875,2537,155,2523,55,1.218,1,2074,0,47.568,2.386,-40.188,-0.813,-25.438,-0.043,0.004,1.004,0.867,-2.223,0.359,0.454,0.034,1.065,1.321,2,NULL,NULL,,3,0,2,7,255,1065,250,0,0
stim,12065,42186,0,42186,3239499.455,0.878,-0.079,-0.063,0.467,3117,156,74,3195,1886,2535,155,2523,55,1.218,1,2074,0,43.466,1.518,-32.375,0.438,-29.000,-0.109,0.000,0.961,0.297,-1.488,-0.090,0.460,0.032,1.065,1.321,2,NULL,NULL,,3,0,2,7,255,1065,250,0,0
stim,12065,42186,0,42186,3239504.454,0.878,-0.078,-0.064,0.469,3127,151,116,3193,1903,2531,151,2520,55,1.218,1,2074,0,39.212,1.491,-21.375,2.000,-32.813,-0.035,-0.055,0.957,-0.090,-1.488,-0.375,0.468,0.026,1.065,1.321,2,NULL,NULL,,3,0,2,7,255,1065,250,0,0
stim,12065,42186,0,42186,3239509.455,0.877,-0.077,-0.064,0.469,3116,157,161,3195,1932,2536,151,2524,55,1.218,1,2074,0,24.479,1.795,-15.375,2.563,-18.875,0.012,-0.063,0.988,-0.090,-1.793,-0.375,0.478,0.018,1.065,1.321,2,NULL,NULL,,3,0,2,7,255,1065,250,0,0
stim,12103,42224,0,42224,3239514.453,0.877,-0.076,-0.064,0.469,3111,160,209,3193,1939,2531,155,2521,55,1.218,1,2074,0,16.373,1.793,-15.750,2.000,-4.000,-0.117,0.004,1.000,-0.031,-1.793,-0.352,0.488,0.010,1.065,1.321,2,NULL,NULL,,3,0,2,7,255,1065,250,0,0
stim,12103,42224,0,42224,3239519.455,0.877,-0.076,-0.065,0.470,3127,164,237,3188,1951,2524,149,2517,55,1.218,1,2074,0,16.129,0.881,-14.313,3.250,-6.688,-0.172,0.055,1.008,0.102,-0.875,0.023,0.496,0.004,1.065,1.321,2,NULL,NULL,,3,0,2,7,255,1065,250,0,0
stim,12103,42224,0,42224,3239524.454,0.877,-0.076,-0.065,0.470,3112,165,254,3177,1957,2529,151,2516,55,1.218,1,2074,0,17.920,0.267,-11.250,2.688,-13.688,-0.156,0.063,1.012,0.121,-0.238,0.227,0.000,0.000,1.065,1.321,2,NULL,NULL,,3,0,2,7,255,1065,250,0,0
stim,12103,42224,0,42224,3239529.455,0.877,-0.075,-0.065,0.471,3123,163,287,3177,1963,2523,137,2505,55,1.201,1,2074,1,17.533,0.354,-7.875,3.000,-15.375,-0.109,0.031,1.012,0.262,-0.238,0.227,0.000,0.000,1.089,1.315,2,NULL,NULL,,3,0,2,7,255,1065,250,0,0
stim,12103,42224,0,42224,3239534.454,0.877,-0.075,-0.065,0.471,3112,159,295,3183,1965,2523,137,2509,55,1.201,1,2074,1,14.076,0.813,-7.688,2.313,-11.563,-0.098,0.016,1.027,0.262,-0.770,0.246,0.004,0.004,1.089,1.315,2,NULL,NULL,,3,0,2,7,255,1065,250,0,0
stim,12103,42224,0,42224,3239539.455,0.876,-0.074,-0.066,0.471,3099,157,312,3175,1971,2515,133,2506,55,1.201,1,2074,1,11.378,0.863,-8.375,2.000,-7.438,-0.121,0.000,1.008,0.230,-0.832,0.133,0.010,0.008,1.089,1.315,2,NULL,NULL,,3,0,2,7,255,1065,250,0,0
stim,12124,42245,0,42245,3239544.454,0.876,-0.074,-0.066,0.471,3100,153,319,3160,1965,2523,133,2503,55,1.201,1,2074,1,8.635,0.834,-6.438,0.875,-5.688,-0.148,-0.008,0.977,-0.051,-0.832,0.117,0.016,0.010,1.089,1.315,2,NULL,NULL,,3,0,2,7,255,1065,250,0,0
stim,12124,42245,0,42245,3239549.455,0.876,-0.074,-0.066,0.472,3091,153,317,3161,1963,2513,127,2505,55,1.201,1,2074,1,5.104,0.630,-2.625,-0.125,-4.375,-0.156,0.004,0.957,-0.230,-0.586,-0.152,0.020,0.016,1.089,1.315,2,NULL,NULL,,3,0,2,7,255,1065,250,0,0
stim,12124,42245,0,42245,3239554.453,0.876,-0.074,-0.066,0.472,3095,148,317,3163,1960,2508,116,2493,55,1.201,1,2074,1,4.895,0.518,1.500,-0.563,-4.625,-0.172,0.000,0.957,-0.250,-0.453,-0.277,0.024,0.020,1.089,1.315,2,NULL,NULL,,3,0,2,7,255,1065,250,0,0
stim,12124,42245,0,42245,3239559.455,0.876,-0.074,-0.066,0.472,3079,143,327,3155,1947,2493,117,2494,55,1.201,1,2074,1,6.195,0.484,2.563,-2.063,-5.250,-0.152,0.023,1.000,-0.230,-0.426,-0.277,0.028,0.022,1.089,1.315,2,NULL,NULL,,3,0,2,7,255,1065,250,0,0
stim,12124,42245,0,42245,3239564.453,0.876,-0.074,-0.065,0.472,3070,138,325,3131,1947,2487,117,2502,55,1.201,1,2074,1,4.002,0.426,0.000,-3.875,-1.000,-0.125,0.035,1.008,-0.020,-0.426,0.090,0.032,0.026,1.089,1.315,2,NULL,NULL,,3,0,2,7,255,1065,250,0,0
stim,12124,42245,0,42245,3239569.455,0.876,-0.074,-0.065,0.472,3062,141,325,3127,1945,2477,115,2504,55,1.201,1,2074,1,6.001,0.438,-0.563,-4.000,4.438,-0.145,0.020,0.961,-0.020,-0.438,0.090,0.038,0.030,1.089,1.315,2,NULL,NULL,,3,0,2,7,255,1065,250,0,0
stim,12124,42245,0,42245,3239574.454,0.876,-0.074,-0.065,0.472,3048,127,327,3116,1941,2469,117,2490,55,1.201,1,2074,1,5.688,0.440,3.563,-4.125,1.625,-0.184,0.016,0.949,-0.051,-0.438,-0.285,0.040,0.032,1.089,1.315,2,NULL,NULL,,3,0,2,7,255,1065,250,0,0
stim,12124,42245,0,42245,3239579.455,0.876,-0.074,-0.065,0.472,3051,125,339,3116,1949,2473,119,2495,55,1.201,1,2074,1,9.168,0.187,6.875,-6.063,-0.188,-0.160,0.055,0.984,-0.051,-0.180,-0.285,0.044,0.036,1.089,1.315,2,NULL,NULL,,3,0,2,7,255,1065,250,0,0
stim,12155,42276,0,42276,3239584.453,0.876,-0.074,-0.064,0.472,3031,119,341,3100,1944,2466,123,2493,55,1.201,1,2074,1,9.735,0.220,6.375,-7.063,2.063,-0.160,0.078,1.004,0.172,-0.137,-0.039,0.046,0.036,1.089,1.315,2,NULL,NULL,,3,0,2,7,255,1065,250,0,0
stim,12155,42276,0,42276,3239589.455,0.876,-0.074,-0.064,0.472,3021,121,343,3093,1952,2453,123,2501,55,1.201,1,2074,1,9.416,0.355,5.438,-7.688,-0.063,-0.176,0.086,1.000,0.348,-0.074,0.180,0.048,0.038,1.089,1.315,2,NULL,NULL,,3,0,2,7,255,1065,250,0,0
stim,12155,42276,0,42276,3239594.454,0.876,-0.074,-0.063,0.472,3004,105,352,3064,1965,2453,137,2502,55,1.201,1,2074,1,8.952,0.349,4.000,-7.938,-1.063,-0.168,0.066,0.984,0.348,-0.027,0.180,0.052,0.040,1.089,1.315,2,NULL,NULL,,3,0,2,7,255,1065,250,0,0
stim,12155,42276,0,42276,3239599.455,0.876,-0.074,-0.063,0.472,2995,107,373,3060,1981,2453,136,2513,55,1.201,1,2074,1,9.461,0.298,2.875,-9.000,-0.500,-0.152,0.070,0.973,0.297,-0.027,0.012,0.054,0.042,1.089,1.315,2,NULL,NULL,,3,0,2,7,255,1065,250,0,0
stim,12155,42276,0,42276,3239604.453,0.876,-0.074,-0.062,0.472,2979,121,414,3048,2003,2457,139,2518,55,1.201,1,2074,1,13.177,0.275,5.563,-11.625,2.750,-0.188,0.090,0.973,0.273,-0.027,-0.066,0.056,0.042,1.089,1.315,2,NULL,NULL,,3,0,2,7,255,1065,250,0,0
stim,12155,42276,0,42276,3239609.455,0.876,-0.074,-0.062,0.472,2967,125,531,3041,2032,2453,184,2540,55,1.201,1,2074,1,14.281,0.384,6.813,-12.188,-3.000,-0.219,0.113,0.984,0.281,0.262,-0.066,0.058,0.044,1.089,1.315,2,NULL,NULL,,3,0,2,7,255,1065,250,0,0
stim,12215,42336,0,42336,3239614.454,0.876,-0.074,-0.061,0.472,2939,125,595,3016,2065,2461,249,2549,55,1.201,1,2074,1,16.059,0.682,5.438,-14.500,-4.250,-0.176,0.207,1.004,0.281,0.621,0.109,0.060,0.044,1.089,1.315,2,NULL,NULL,,3,0,2,7,255,1065,250,0,0
stim,12215,42336,0,42336,3239619.455,0.876,-0.074,-0.060,0.473,2923,149,649,3007,2100,2451,269,2555,55,1.201,1,2074,1,17.545,1.273,6.063,-14.625,-7.563,-0.180,0.188,1.031,1.098,0.645,0.258,0.060,0.044,1.089,1.315,2,NULL,NULL,,3,0,2,7,255,1065,250,0,0
stim,12215,42337,0,42337,3239624.454,0.876,-0.074,-0.059,0.473,2903,159,691,2987,2150,2456,297,2580,55,1.201,1,2074,1,18.759,1.417,2.125,-15.000,-11.063,-0.125,0.203,1.055,1.262,0.645,0.520,0.058,0.042,1.089,1.315,2,NULL,NULL,,3,0,2,7,255,1065,250,0,0
stim,12215,42337,0,42337,3239629.455,0.876,-0.074,-0.059,0.473,2888,167,755,2983,2203,2458,347,2589,55,1.201,1,2074,1,16.448,1.305,-2.063,-14.188,-8.063,-0.121,0.172,1.020,1.273,0.285,0.520,0.058,0.040,1.089,1.315,2,NULL,NULL,,3,0,2,7,255,1065,250,0,0
stim,12215,42337,0,42337,3239634.453,0.876,-0.073,-0.058,0.474,2863,167,827,2953,2249,2474,384,2605,55,1.201,1,2074,1,17.447,1.284,-3.625,-13.875,-9.938,-0.121,0.152,1.000,1.273,0.164,0.309,0.054,0.036,1.089,1.315,2,NULL,NULL,,3,0,2,7,255,1065,250,0,0
stim,12215,42337,0,42337,3239639.455,0.876,-0.073,-0.058,0.474,2853,189,927,2940,2293,2479,437,2611,55,1.201,1,2074,1,17.162,1.101,-3.375,-13.625,-9.875,-0.148,0.098,0.980,1.098,0.082,0.090,0.054,0.034,1.089,1.315,2,NULL,NULL,,3,0,2,7,255,1065,250,0,0
stim,12215,42337,0,42337,3239644.454,0.875,-0.073,-0.057,0.475,2837,212,1007,2931,2319,2484,457,2630,55,1.201,1,2074,1,19.720,0.579,-3.250,-13.438,-14.063,-0.145,0.105,0.977,0.574,0.070,-0.063,0.050,0.028,1.089,1.315,2,NULL,NULL,,3,0,2,7,255,1065,250,0,0
stim,12215,42337,0,42337,3239649.455,0.875,-0.072,-0.057,0.475,2798,235,1109,2919,2372,2478,539,2646,55,1.201,1,2074,1,23.017,0.518,-1.000,-13.313,-18.750,-0.137,0.094,0.992,0.516,0.047,-0.063,0.048,0.022,1.089,1.315,2,NULL,NULL,,3,0,2,7,255,1065,250,0,0
stim,12215,42337,0,42337,3239654.453,0.875,-0.072,-0.056,0.476,2787,239,1179,2905,2397,2485,621,2649,55,1.201,1,2074,1,24.810,0.522,-5.625,-12.063,-20.938,-0.117,0.066,1.000,0.516,-0.078,0.039,0.048,0.020,1.089,1.315,2,NULL,NULL,,3,0,2,7,255,1065,250,0,0
stim,12215,42337,0,42337,3239659.455,0.874,-0.071,-0.056,0.477,2759,253,1244,2903,2439,2493,713,2673,55,1.201,1,2074,1,26.231,0.544,-7.000,-12.563,-21.938,-0.113,0.016,1.004,0.391,-0.379,0.059,0.048,0.016,1.089,1.315,2,NULL,NULL,,3,0,2,7,255,1065,250,0,0
stim,12215,42337,0,42337,3239664.454,0.874,-0.070,-0.056,0.478,2733,271,1340,2873,2469,2507,839,2677,55,1.201,1,2074,1,26.630,0.668,-13.563,-11.625,-19.750,-0.137,-0.035,0.973,0.008,-0.668,0.059,0.050,0.014,1.089,1.315,2,NULL,NULL,,3,0,2,7,255,1065,250,0,0
stim,12215,42337,0,42337,3239669.455,0.874,-0.069,-0.056,0.479,2712,275,1485,2872,2507,2501,957,2685,55,1.201,1,2074,1,27.265,0.863,-11.188,-13.313,-21.000,-0.176,-0.020,0.977,-0.547,-0.668,-0.113,0.050,0.012,1.089,1.315,2,NULL,NULL,,3,0,2,7,255,1065,250,0,0
stim,12243,42364,0,42364,3239674.454,0.873,-0.068,-0.056,0.480,2669,285,1593,2851,2527,2496,1043,2701,55,1.201,1,2074,1,33.189,0.606,-14.563,-13.188,-26.750,-0.188,0.008,0.984,-0.547,-0.262,-0.113,0.052,0.012,1.089,1.315,2,NULL,NULL,,3,0,2,7,255,1065,250,0,0
stim,12243,42364,0,42364,3239679.455,0.872,-0.068,-0.055,0.481,2645,310,1699,2845,2557,2503,1157,2724,55,1.201,1,2074,1,39.006,0.442,-14.688,-15.000,-32.875,-0.168,0.020,1.008,-0.426,-0.117,0.020,0.054,0.012,1.089,1.315,2,NULL,NULL,,3,0,2,7,255,1065,250,0,0
stim,12243,42364,0,42364,3239684.453,0.872,-0.066,-0.055,0.482,2601,328,1778,2821,2587,2519,1277,2733,55,1.201,1,2074,1,41.631,0.273,-20.938,-15.313,-32.563,-0.125,0.035,0.996,-0.246,-0.117,0.020,0.056,0.014,1.089,1.315,2,NULL,NULL,,3,0,2,7,255,1065,250,0,0
stim,12243,42364,0,42364,3239689.455,0.871,-0.065,-0.055,0.483,2555,345,1866,2810,2628,2525,1373,2736,55,1.201,1,2074,1,41.508,0.436,-21.375,-15.938,-31.813,-0.125,-0.012,0.965,-0.246,-0.359,0.012,0.056,0.016,1.089,1.315,2,NULL,NULL,,3,0,2,7,255,1065,250,0,0
stim,12243,42364,0,42364,3239694.454,0.871,-0.064,-0.055,0.484,2510,368,1946,2777,2649,2531,1459,2761,55,1.201,1,2074,1,37.321,0.580,-18.500,-16.750,-27.750,-0.117,-0.035,0.953,-0.266,-0.516,-0.277,0.056,0.018,1.089,1.315,2,NULL,NULL,,3,0,2,7,255,1065,250,0,0
stim,12243,42364,0,42364,3239699.455,0.870,-0.063,-0.055,0.485,2467,392,2019,2763,2681,2531,1551,2775,55,1.201,1,2074,1,35.276,0.754,-16.000,-18.125,-25.688,-0.137,-0.059,0.961,-0.434,-0.617,-0.316,0.056,0.020,1.089,1.315,2,NULL,NULL,,3,0,2,7,255,1065,250,0,0
stim,12275,42396,0,42396,3239704.453,0.870,-0.061,-0.054,0.486,2411,394,2109,2739,2707,2525,1661,2787,55,1.201,1,2074,1,35.838,0.787,-14.438,-19.500,-26.375,-0.129,-0.039,0.973,-0.488,-0.617,-0.316,0.058,0.022,1.089,1.315,2,NULL,NULL,,3,0,2,7,255,1065,250,0,0
stim,12275,42396,0,42396,3239709.455,0.869,-0.060,-0.054,0.487,2353,383,2193,2695,2725,2537,1744,2808,55,1.201,1,2074,1,37.004,0.745,-11.938,-20.875,-28.125,-0.164,0.004,0.957,-0.488,-0.563,-0.305,0.060,0.024,1.089,1.315,2,NULL,NULL,,3,0,2,7,255,1065,250,0,0
stim,12306,42427,0,42427,3239714.454,0.869,-0.059,-0.053,0.488,2281,381,2249,2667,2743,2540,1831,2805,55,1.201,1,2074,1,39.515,0.745,-15.563,-22.438,-28.563,-0.117,-0.066,1.047,-0.488,-0.563,-0.191,0.062,0.026,1.089,1.315,2,NULL,NULL,,3,0,2,7,255,1065,250,0,0
stim,12306,42427,0,42427,3239719.455,0.868,-0.058,-0.053,0.490,2215,383,2312,2615,2763,2539,1909,2831,55,1.201,1,2074,1,43.347,0.645,-22.688,-23.188,-28.750,-0.148,-0.035,1.008,-0.527,-0.371,0.172,0.064,0.030,1.089,1.315,2,NULL,NULL,,3,0,2,7,255,1065,250,0,0
stim,12306,42427,0,42427,3239724.454,0.868,-0.056,-0.053,0.491,2119,377,2363,2577,2783,2552,1995,2843,55,1.201,1,2074,1,44.428,1.005,-24.875,-24.750,-27.250,-0.098,-0.066,1.008,-0.527,-0.855,0.172,0.066,0.034,1.089,1.315,2,NULL,NULL,,3,0,2,7,255,1065,250,0,0
stim,12306,42427,0,42427,3239729.455,0.868,-0.054,-0.052,0.491,2041,390,2420,2521,2803,2550,2071,2857,55,1.201,1,2074,1,41.475,0.896,-25.563,-25.625,-20.250,-0.086,-0.031,0.984,-0.508,-0.738,0.078,0.068,0.038,1.089,1.315,2,NULL,NULL,,3,0,2,7,255,1065,250,0,0
stim,12306,42427,0,42427,3239734.454,0.868,-0.053,-0.052,0.492,1945,381,2479,2455,2827,2549,2145,2872,55,1.201,1,2074,1,37.203,0.754,-20.125,-27.000,-15.813,-0.113,0.000,0.961,-0.152,-0.738,-0.152,0.070,0.040,1.089,1.315,2,NULL,NULL,,3,0,2,7,255,1065,250,0,0
stim,12306,42427,0,42427,3239739.455,0.867,-0.052,-0.051,0.492,1821,376,2523,2367,2855,2553,2201,2887,55,1.201,1,2074,1,34.474,0.348,-13.875,-29.438,-11.375,-0.125,-0.008,1.008,-0.152,-0.313,-0.152,0.072,0.044,1.089,1.315,2,NULL,NULL,,3,0,2,7,255,1065,250,0,0
stim,12306,42427,0,42427,3239744.454,0.867,-0.050,-0.050,0.493,1655,352,2557,2269,2867,2567,2263,2888,55,1.201,1,2074,1,35.842,0.316,-15.000,-30.500,-11.375,-0.152,-0.004,1.063,-0.152,-0.277,0.141,0.074,0.046,1.089,1.315,2,NULL,NULL,,3,0,2,7,255,1065,250,0,0
stim,12306,42427,0,42427,3239749.455,0.867,-0.049,-0.049,0.493,1469,327,2600,2147,2887,2571,2329,2909,55,1.201,1,2074,1,41.056,0.235,-21.125,-30.438,-17.688,-0.160,-0.023,1.051,-0.223,-0.074,0.590,0.076,0.046,1.089,1.315,2,NULL,NULL,,3,0,2,7,255,1065,250,0,0
stim,12306,42427,0,42427,3239754.453,0.867,-0.047,-0.049,0.494,1269,274,2619,2013,2900,2554,2381,2911,55,1.201,1,2074,1,46.257,0.276,-23.250,-32.625,-23.125,-0.137,-0.016,1.027,-0.266,-0.074,0.590,0.076,0.050,1.089,1.315,2,NULL,NULL,,3,0,2,7,255,1065,250,0,0
stim,12306,42427,0,42427,3239759.455,0.866,-0.046,-0.048,0.495,1141,251,2649,1839,2921,2568,2432,2927,55,1.201,1,2074,1,44.350,0.304,-19.063,-33.125,-22.500,-0.094,0.047,0.996,-0.266,-0.148,0.355,0.078,0.052,1.089,1.315,2,NULL,NULL,,3,0,2,7,255,1065,250,0,0
stim,12339,42460,0,42460,3239764.454,0.866,-0.044,-0.047,0.496,927,233,2695,1649,2937,2553,2484,2933,55,1.201,1,2074,1,41.520,0.507,-13.313,-35.063,-17.813,-0.094,0.074,1.020,0.484,-0.148,0.223,0.080,0.054,1.089,1.315,2,NULL,NULL,,3,0,2,7,255,1065,250,0,0
stim,12339,42460,0,42460,3239769.455,0.866,-0.043,-0.046,0.496,699,187,2720,1418,2941,2552,2531,2957,55,1.201,1,2074,1,42.225,0.484,-14.563,-35.438,-17.750,-0.117,0.051,1.102,0.484,-0.004,0.223,0.082,0.056,1.089,1.315,2,NULL,NULL,,3,0,2,7,255,1065,250,0,0
stim,12339,42460,0,42460,3239774.454,0.866,-0.042,-0.045,0.497,467,133,2751,1245,2967,2551,2589,2956,55,1.201,1,2074,1,44.849,0.438,-19.000,-37.500,-15.625,-0.141,0.035,1.125,0.438,0.020,1.035,0.084,0.058,1.089,1.315,2,NULL,NULL,,3,0,2,7,255,1065,250,0,0
stim,12339,42460,0,42460,3239779.455,0.865,-0.040,-0.044,0.498,297,73,2779,981,2973,2539,2633,2965,55,1.201,1,2074,1,50.686,0.467,-25.250,-37.938,-22.188,-0.160,0.094,1.148,0.438,0.164,1.316,0.084,0.058,1.089,1.315,2,NULL,NULL,,3,0,2,7,255,1065,250,0,0
stim,12339,42460,0,42460,3239784.453,0.865,-0.038,-0.043,0.499,156,26,2808,723,2980,2533,2673,2968,55,1.201,1,2074,1,57.073,0.892,-28.750,-39.125,-30.000,-0.145,0.145,1.141,0.617,0.645,1.457,0.086,0.060,1.089,1.315,2,NULL,NULL,,3,0,2,7,255,1065,250,0,0
stim,12339,42460,0,42460,3239789.455,0.864,-0.036,-0.042,0.500,47,0,2830,502,2991,2496,2700,2975,55,1.201,1,2074,1,64.398,1.344,-31.438,-41.063,-38.375,-0.148,0.137,1.160,1.070,0.813,1.539,0.086,0.062,1.089,1.315,2,NULL,NULL,,3,0,2,7,255,1065,250,0,0
stim,12364,42485,0,42485,3239794.454,0.863,-0.034,-0.041,0.502,12,0,2846,331,3017,2483,2716,2972,55,1.201,1,2074,1,73.023,1.394,-34.438,-45.250,-45.813,-0.066,0.148,1.148,1.133,0.813,1.457,0.086,0.062,1.089,1.315,2,NULL,NULL,,3,0,2,7,255,1065,250,0,0
stim,12364,42485,0,42485,3239799.455,0.862,-0.031,-0.039,0.504,0,0,2863,213,3031,2451,2757,2989,55,1.201,1,2074,1,77.646,1.595,-33.500,-49.625,-49.438,-0.055,0.164,1.133,1.566,0.301,1.426,0.084,0.062,1.089,1.315,2,NULL,NULL,,3,0,2,7,255,1065,250,0,0
stim,12364,42485,0,42485,3239804.453,0.862,-0.030,-0.038,0.505,0,0,2888,134,3035,2411,2789,2985,55,1.201,1,2074,1,69.967,1.595,-17.500,-55.125,-39.375,-0.211,0.082,1.207,1.566,0.301,1.426,0.084,0.062,1.089,1.315,2,NULL,NULL,,3,0,2,7,255,1065,250,0,0
stim,12364,42485,0,42485,3239809.455,0.861,-0.029,-0.035,0.506,0,0,2899,99,3050,2378,2809,2995,55,1.201,1,2074,0,73.146,1.293,16.875,-68.250,-20.188,-0.422,-0.020,1.387,0.371,1.238,2.133,0.084,0.060,1.089,1.315,2,NULL,NULL,,3,0,2,7,255,1065,250,0,0
stim,12364,42485,0,42485,3239814.454,0.861,-0.028,-0.031,0.507,0,0,2911,69,3045,2341,2839,2991,55,1.201,1,2074,0,93.481,2.866,35.125,-80.125,-32.938,-0.520,0.020,1.746,-1.449,2.473,4.113,0.082,0.060,1.089,1.315,3,NULL,NULL,,3,0,2,7,255,1065,250,0,0
stim,12364,42485,0,42485,3239819.455,0.860,-0.027,-0.027,0.508,0,0,2931,12,3063,2291,2853,3003,55,1.201,1,2074,0,99.365,3.283,25.813,-93.000,-23.625,-0.348,0.258,2.008,-1.449,2.945,7.668,0.080,0.062,1.089,1.315,3,NULL,NULL,,3,0,2,7,255,1065,250,0,0
stim,12425,42546,0,42546,3239824.454,0.860,-0.023,-0.025,0.509,0,0,2923,0,3079,2217,2875,2987,55,1.201,1,2074,0,119.475,3.265,-73.563,-93.250,-12.938,-0.063,0.254,1.641,1.410,2.945,7.668,0.074,0.066,1.089,1.315,3,NULL,NULL,,3,0,2,7,255,1065,250,0,0
stim,12425,42546,0,42546,3239829.455,0.861,-0.017,-0.024,0.508,0,0,2932,0,3082,2137,2905,2991,55,1.201,1,2074,0,142.035,1.653,-106.188,-94.313,1.813,-0.121,-0.023,1.105,1.410,0.863,6.246,0.064,0.076,1.089,1.315,3,NULL,NULL,,3,0,2,7,255,1065,250,0,0
stim,12425,42546,0,42546,3239834.453,0.861,-0.012,-0.022,0.507,0,0,2939,0,3081,2030,2915,2997,55,1.201,1,2074,0,127.054,0.724,-64.625,-105.813,27.750,-0.207,-0.168,0.910,-0.297,0.660,1.094,0.056,0.084,1.089,1.315,3,NULL,NULL,,3,0,2,7,255,1065,250,0,0
stim,12425,42546,0,42546,3239839.455,0.862,-0.009,-0.018,0.506,0,0,2924,0,3083,1896,2935,2995,55,1.201,1,2074,0,119.334,2.125,-15.813,-114.813,28.438,-0.324,-0.230,0.973,-2.020,0.660,-0.098,0.048,0.090,1.089,1.315,3,NULL,NULL,,3,0,2,7,255,1065,250,0,0
stim,12425,42546,0,42546,3239844.454,0.863,-0.006,-0.013,0.506,0,0,2925,0,3092,1763,2955,2988,55,1.201,1,2074,0,122.683,3.428,7.313,-121.813,12.625,-0.367,-0.258,1.156,-3.125,1.410,-0.098,0.044,0.096,1.089,1.315,3,NULL,NULL,,3,0,2,7,255,1065,250,0,0
stim,12425,42546,0,42546,3239849.455,0.863,-0.004,-0.008,0.505,0,0,2925,0,3095,1591,2952,2981,55,1.201,1,2074,0,129.707,3.748,4.375,-129.625,1.438,-0.324,-0.273,1.305,-3.473,1.410,1.695,0.040,0.104,1.089,1.315,3,NULL,NULL,,3,0,2,7,255,1065,250,0,0
stim,12425,42546,0,42546,3239854.453,0.863,-0.001,-0.004,0.505,0,0,2900,0,3096,1373,2969,2969,55,1.201,1,2074,0,134.350,3.744,-5.188,-134.250,-0.188,-0.250,-0.270,1.293,-3.473,1.398,2.961,0.034,0.112,1.089,1.315,3,NULL,NULL,,3,0,2,7,255,1065,250,0,0
stim,12425,42546,0,42546,3239859.455,0.863,0.003,0.001,0.505,0,0,2889,0,3107,1160,2973,2973,55,1.201,1,2074,0,141.660,3.289,-9.750,-141.250,4.563,-0.188,-0.207,1.184,-3.160,0.910,2.961,0.024,0.126,1.089,1.315,3,NULL,NULL,,3,0,2,7,255,1065,250,0,0
stim,12425,42546,0,42546,3239864.454,0.864,0.006,0.006,0.504,0,0,2859,0,3107,917,2987,2951,55,1.201,1,2074,0,149.004,2.595,-5.250,-148.500,11.063,-0.180,-0.086,1.160,-2.430,0.910,1.863,0.010,0.140,1.089,1.315,3,NULL,NULL,,3,0,2,7,255,1065,250,0,0
stim,12425,42546,0,42546,3239869.455,0.864,0.009,0.012,0.503,0,0,2845,0,3115,636,2997,2939,55,1.201,1,2074,0,158.652,2.019,7.938,-157.688,15.563,-0.203,-0.008,1.148,-1.426,1.430,1.570,0.006,0.154,1.089,1.315,3,NULL,NULL,,3,0,2,7,255,1065,250,0,0
stim,12425,42546,0,42546,3239874.454,0.864,0.012,0.019,0.502,0,0,2791,0,3112,475,2994,2917,55,1.201,1,2074,0,168.712,2.331,24.500,-166.063,16.938,-0.203,0.039,1.211,-0.949,2.129,1.570,0.016,0.166,1.089,1.315,3,NULL,NULL,,3,0,2,7,255,1065,250,0,0
stim,12425,42546,0,42546,3239879.455,0.865,0.014,0.026,0.502,0,0,2757,0,3113,279,3003,2905,55,1.201,1,2074,0,179.796,2.584,33.938,-175.750,16.938,-0.227,0.074,1.344,-0.652,2.500,1.938,0.026,0.180,1.089,1.315,3,NULL,NULL,,3,0,2,7,255,1065,250,0,0
stim,12455,42576,0,42576,3239884.453,0.865,0.017,0.034,0.501,0,0,2703,0,3112,111,3007,2877,55,1.201,1,2074,0,187.838,3.154,29.625,-184.875,15.063,-0.211,0.121,1.488,-0.613,3.094,3.168,0.038,0.192,1.089,1.315,3,NULL,NULL,,3,0,2,7,255,1065,250,0,0
stim,12455,42576,0,42576,3239889.455,0.865,0.020,0.041,0.500,0,0,2657,0,3103,63,3015,2847,55,1.201,1,2074,0,195.972,3.478,21.688,-194.125,15.813,-0.277,0.156,1.512,-0.477,3.445,4.551,0.048,0.206,1.089,1.315,3,NULL,NULL,,3,0,2,7,255,1065,250,0,0
stim,12455,42576,0,42576,3239894.454,0.865,0.024,0.050,0.499,0,0,2575,0,3099,0,3013,2795,55,1.201,1,2074,0,208.495,4.420,23.438,-206.875,11.125,-0.309,0.215,1.617,-0.301,4.410,4.648,0.060,0.222,1.089,1.315,3,NULL,NULL,,3,0,2,7,255,1065,250,0,0
stim,12455,42576,0,42576,3239899.455,0.865,0.028,0.058,0.498,0,0,2491,0,3095,0,3015,2749,55,1.201,1,2074,0,220.413,5.274,15.250,-219.625,10.688,-0.313,0.324,1.828,-0.301,5.266,5.559,0.072,0.236,1.089,1.315,3,NULL,NULL,,3,0,2,7,255,1065,250,0,0
stim,12455,42576,0,42576,3239904.453,0.865,0.033,0.067,0.497,0,0,2391,0,3099,1,3016,2681,55,1.201,1,2074,0,233.364,6.319,-1.188,-233.188,9.000,-0.383,0.340,2.039,-0.172,6.316,7.484,0.086,0.250,1.089,1.315,3,NULL,NULL,,3,0,2,7,255,1065,250,0,0
stim,12455,42576,0,42576,3239909.455,0.864,0.039,0.076,0.496,0,0,2223,0,3090,0,3015,2617,55,1.201,1,2074,0,252.007,7.588,-13.125,-251.313,13.313,-0.508,0.328,2.293,-0.172,7.586,9.313,0.100,0.268,1.089,1.315,3,NULL,NULL,,3,0,2,7,255,1065,250,0,0
stim,12508,42629,0,42629,3239914.454,0.864,0.046,0.086,0.494,0,0,2092,0,3063,1,2991,2535,55,1.201,1,2074,0,277.591,9.349,-26.500,-275.375,22.875,-0.512,0.504,2.527,-0.184,9.348,11.410,0.116,0.286,1.089,1.315,3,NULL,NULL,,3,0,2,7,255,1065,250,0,0
stim,12508,42629,0,42629,3239919.455,0.864,0.055,0.096,0.492,0,0,1907,0,3043,4,2985,2447,55,1.201,1,2074,0,306.245,11.107,-54.313,-299.188,36.375,-0.563,0.711,2.621,-0.184,11.105,13.383,0.136,0.308,1.089,1.315,3,NULL,NULL,,3,0,2,7,255,1065,250,0,0
stim,12508,42629,0,42629,3239924.454,0.863,0.065,0.106,0.490,0,0,1773,0,3031,30,2963,2304,55,1.201,1,2074,0,336.513,13.376,-88.750,-322.125,40.000,-0.676,0.898,2.645,1.035,13.336,13.383,0.164,0.338,1.089,1.315,3,NULL,NULL,,3,0,2,7,255,1065,250,0,0
stim,12508,42629,0,42629,3239929.455,0.862,0.078,0.116,0.487,0,0,1643,0,2989,44,2933,2165,55,1.201,1,2074,0,366.965,16.015,-122.875,-344.125,33.813,-0.785,0.965,2.672,1.691,15.926,13.332,0.198,0.372,1.089,1.315,3,NULL,NULL,,3,0,2,7,255,1065,250,0,0
stim,12508,42629,0,42629,3239934.454,0.860,0.091,0.126,0.486,0,0,1555,0,2959,51,2904,2029,55,1.201,1,2074,0,395.235,17.986,-147.125,-366.313,19.500,-0.824,0.996,2.711,1.691,17.906,12.746,0.238,0.412,1.089,1.315,3,NULL,NULL,,3,0,2,7,255,1065,250,0,0
stim,12508,42629,0,42629,3239939.455,0.857,0.106,0.137,0.485,0,0,1470,0,2919,43,2836,1882,55,1.201,1,2074,0,422.996,19.332,-170.875,-386.938,-2.625,-0.781,1.000,2.750,1.691,19.258,12.348,0.286,0.462,1.089,1.315,3,NULL,NULL,,3,0,2,7,255,1065,250,0,0
stim,12508,42629,0,42629,3239944.454,0.854,0.122,0.148,0.484,0,0,1395,0,2855,29,2763,1751,55,1.201,1,2074,0,449.925,19.324,-194.250,-405.688,-10.813,-0.793,0.688,2.625,1.598,19.258,12.133,0.342,0.518,1.089,1.315,3,NULL,NULL,,3,0,2,7,255,1065,250,0,0
stim,12508,42629,0,42629,3239949.455,0.850,0.138,0.160,0.482,0,0,1258,0,2779,1,2649,1629,55,1.201,1,2074,0,470.100,19.409,-183.750,-432.688,-3.438,-0.941,0.430,2.586,-0.836,19.391,10.461,0.406,0.582,1.089,1.315,3,NULL,NULL,,3,0,2,7,255,1065,250,0,0
stim,12508,42629,0,42629,3239954.453,0.846,0.154,0.174,0.480,0,0,1085,0,2687,0,2493,1497,55,1.201,1,2074,0,489.416,19.655,-178.625,-455.563,-9.188,-1.047,0.559,2.578,-3.215,19.391,9.023,0.480,0.654,1.089,1.315,3,NULL,NULL,,3,0,2,7,255,1065,250,0,0
stim,12508,42629,0,42629,3239959.455,0.840,0.169,0.187,0.479,0,0,933,0,2568,0,2273,1348,55,1.201,1,2074,0,497.007,21.743,-165.125,-466.688,-44.188,-0.922,0.523,2.676,-3.215,21.504,7.988,0.560,0.734,1.089,1.315,3,NULL,NULL,,3,0,2,7,255,1065,250,0,0
stim,12529,42650,0,42650,3239964.454,0.834,0.185,0.202,0.479,0,0,761,0,2419,0,1983,1157,55,1.201,1,2074,0,502.197,21.743,-152.438,-474.750,-59.813,-0.652,0.219,2.809,-3.215,21.504,7.988,0.646,0.820,1.089,1.315,3,NULL,NULL,,3,0,2,7,255,1065,250,0,0
stim,12529,42650,0,42650,3239969.455,0.828,0.200,0.217,0.477,0,0,573,0,2191,0,1676,1004,55,1.201,1,2074,0,511.867,20.315,-156.188,-486.563,-29.500,-0.582,-0.164,2.801,-4.789,19.742,9.887,0.736,0.912,1.089,1.315,3,NULL,NULL,,3,0,2,7,255,1065,250,0,0
stim,12529,42650,0,42650,3239974.454,0.822,0.218,0.231,0.472,0,0,366,0,1948,0,1212,859,55,1.201,1,2074,0,538.756,20.018,-185.188,-505.563,19.250,-0.629,-0.473,2.418,-7.941,18.375,9.887,0.832,1.010,1.089,1.315,3,NULL,NULL,,3,0,2,7,255,1065,250,0,0
stim,12529,42650,0,42650,3239979.455,0.816,0.235,0.245,0.468,0,0,221,0,1627,0,697,712,55,1.201,1,2074,0,551.443,18.389,-189.688,-517.500,17.375,-0.520,-0.473,1.719,-8.980,16.047,6.188,0.932,1.112,1.089,1.315,3,NULL,NULL,,3,0,2,7,255,1065,250,0,0
stim,12554,42675,0,42675,3239984.454,0.809,0.251,0.261,0.463,0,0,117,0,1305,0,260,569,55,1.201,1,2074,0,541.801,14.829,-122.563,-527.750,2.563,-0.398,-0.410,1.281,-8.980,11.801,0.758,1.034,1.214,1.089,1.315,3,NULL,NULL,,3,0,2,7,255,1065,250,0,0
stim,12554,42675,0,42675,3239989.455,0.803,0.263,0.278,0.456,0,0,45,0,927,0,0,483,55,1.201,1,2074,0,528.710,13.605,-42.563,-526.500,22.813,-0.270,0.051,1.441,-7.379,11.430,-1.809,1.132,1.316,1.089,1.315,3,NULL,NULL,,3,0,2,7,255,1065,250,0,0
stim,12554,42675,0,42675,3239994.453,0.798,0.275,0.295,0.447,0,0,17,0,412,0,0,377,55,1.201,1,2074,0,527.755,11.895,-7.750,-523.250,68.375,-0.563,0.367,1.914,-3.293,11.430,-1.906,1.226,1.412,1.089,1.315,3,NULL,NULL,,3,0,2,7,255,1065,250,0,0
stim,12554,42675,0,42675,3239999.455,0.794,0.289,0.310,0.435,0,0,16,0,45,0,0,313,55,1.201,1,2074,0,562.393,18.249,-45.875,-535.625,165.188,-1.129,0.395,1.988,-3.293,17.949,-1.906,1.310,1.502,1.089,1.315,3,NULL,NULL,,3,0,2,7,255,1065,250,0,0
stim,12574,42695,0,42695,3240004.453,0.789,0.305,0.324,0.423,0,0,0,0,0,0,0,215,55,1.201,1,2074,0,577.026,22.123,-108.188,-536.438,183.000,-1.352,0.672,1.723,-3.895,21.777,-6.492,1.388,1.582,1.089,1.315,3,NULL,NULL,,3,0,2,7,255,1065,250,0,0
stim,12574,42695,0,42695,3240009.455,0.782,0.322,0.337,0.414,0,0,0,0,0,0,0,189,55,1.201,1,2074,0,537.897,22.123,-161.500,-502.313,104.563,-1.012,1.188,1.359,-3.895,21.777,-11.414,1.464,1.660,1.089,1.315,4,NULL,NULL,,3,0,2,7,255,1065,250,0,0
stim,12606,42727,0,42727,3240014.454,0.773,0.338,0.347,0.409,0,0,0,0,0,0,0,155,55,1.201,1,2074,0,498.485,19.956,-219.125,-444.813,51.125,-0.656,1.352,1.102,2.695,19.773,-12.781,1.542,1.742,1.089,1.315,0,NULL,NULL,,3,0,2,7,255,1065,250,0,0
stim,12606,42727,0,42727,3240019.455,0.765,0.358,0.351,0.404,0,0,0,0,0,0,0,173,55,1.201,1,2074,0,503.667,17.933,-331.375,-361.250,115.625,-0.699,1.297,0.676,6.281,16.797,-13.012,1.630,1.832,1.089,1.315,0,NULL,NULL,,3,0,2,7,255,1065,250,0,0
stim,12606,42727,0,42727,3240024.454,0.757,0.376,0.351,0.403,0,0,0,0,0,0,0,180,55,1.201,1,2074,0,466.080,14.647,-380.188,-253.875,90.750,-0.379,1.246,-0.137,6.680,13.035,-15.762,1.724,1.928,1.089,1.315,0,NULL,NULL,,3,0,2,7,255,1065,250,0,0
stim,12606,42727,0,42727,3240029.455,0.752,0.385,0.352,0.402,0,0,0,0,0,0,0,167,55,1.201,1,2074,0,235.327,8.069,-186.125,-140.625,31.000,-0.465,0.105,-0.137,6.680,4.527,-15.762,1.820,2.026,1.089,1.315,0,NULL,NULL,,3,0,2,7,255,1065,250,0,0
stim,12606,42727,0,42727,3240034.454,0.751,0.388,0.353,0.401,0,0,0,0,0,0,0,173,55,1.201,1,2074,0,75.664,4.612,-30.063,-62.500,30.250,-0.770,-0.652,0.922,-0.879,4.527,-14.547,1.910,2.118,1.089,1.315,0,NULL,NULL,,3,0,2,7,255,1065,250,0,0
stim,12606,42727,0,42727,3240039.455,0.751,0.390,0.350,0.402,0,0,0,0,0,0,0,149,55,1.201,1,2074,0,94.670,13.410,-89.563,28.563,11.188,-1.051,-0.469,1.449,-10.695,8.090,-10.719,1.988,2.196,1.089,1.315,0,NULL,NULL,,3,0,2,7,255,1065,250,0,0
stim,12606,42727,0,42727,3240044.453,0.749,0.395,0.343,0.408,0,0,0,0,0,0,0,101,55,1.201,1,2074,0,232.970,14.744,-203.188,113.313,-12.250,-1.004,0.172,0.730,-10.695,10.148,-10.719,2.050,2.260,1.089,1.315,0,NULL,NULL,,3,0,2,7,255,1065,250,0,0
stim,12606,42727,0,42727,3240049.455,0.748,0.398,0.334,0.414,0,0,0,0,0,0,0,99,55,1.201,1,2074,0,254.808,10.921,-184.750,175.313,-7.750,-0.844,0.855,-0.156,-4.035,10.148,-15.418,2.104,2.314,1.089,1.315,0,NULL,NULL,,3,0,2,7,255,1065,250,0,0
stim,12606,42727,0,42727,3240054.454,0.749,0.396,0.326,0.418,0,0,0,0,0,0,0,85,55,1.201,1,2074,0,219.920,6.639,-68.000,209.063,5.813,-0.879,1.063,-0.121,4.008,5.293,-20.137,2.156,2.368,1.089,1.315,0,NULL,NULL,,3,0,2,7,255,1065,250,0,0
stim,12606,42727,0,42727,3240059.455,0.753,0.392,0.319,0.423,0,0,0,0,0,0,0,76,55,1.201,1,2074,0,229.499,6.639,-4.938,229.438,1.938,-0.957,0.699,0.531,4.008,5.293,-20.137,2.214,2.428,1.089,1.315,0,NULL,NULL,,3,0,2,7,255,1065,250,0,0
stim,12633,42754,0,42754,3240064.454,0.755,0.388,0.310,0.428,0,0,0,0,0,0,0,83,55,1.201,1,2074,0,247.085,10.272,-40.125,243.688,-7.563,-0.898,0.273,0.816,1.254,10.195,-17.219,2.274,2.490,1.089,1.315,0,NULL,NULL,,3,0,2,7,255,1065,250,0,0
stim,12633,42754,0,42754,3240069.455,0.756,0.387,0.300,0.434,0,0,0,0,0,0,0,80,55,1.201,1,2074,0,268.107,10.447,-96.188,250.250,-2.000,-0.758,0.184,0.543,-2.281,10.195,-13.813,2.326,2.546,1.089,1.315,0,NULL,NULL,,3,0,2,7,255,1065,250,0,0
stim,12633,42754,0,42754,3240074.454,0.758,0.386,0.290,0.439,0,0,0,0,0,0,0,75,55,1.201,1,2074,0,272.113,8.499,-106.125,250.188,13.750,-0.656,0.336,0.043,-2.281,8.188,-13.813,2.372,2.594,1.089,1.315,0,NULL,NULL,,3,0,2,7,255,1065,250,0,0
stim,12633,42754,0,42754,3240079.455,0.760,0.383,0.280,0.443,0,0,0,0,0,0,0,71,55,1.201,1,2074,0,257.048,4.098,-67.938,246.688,24.563,-0.617,0.434,-0.230,-0.066,4.098,-15.715,2.416,2.638,1.089,1.315,0,NULL,NULL,,3,0,2,7,255,1065,250,0,0
stim,12633,42754,0,42754,3240084.454,0.763,0.380,0.271,0.447,0,0,0,0,0,0,0,70,55,1.201,1,2074,0,247.315,2.170,-23.375,244.750,26.750,-0.559,0.371,-0.207,0.773,2.027,-16.359,2.462,2.686,1.089,1.315,0,NULL,NULL,,3,0,2,7,255,1065,250,0,0
stim,12633,42754,0,42754,3240089.455,0.767,0.375,0.262,0.450,0,0,0,0,0,0,0,71,55,1.201,1,2074,0,248.659,2.050,0.125,246.750,30.750,-0.406,0.270,-0.105,0.773,1.898,-16.359,2.506,2.732,1.089,1.315,0,NULL,NULL,,3,0,2,7,255,1065,250,0,0
stim,12663,42784,0,42784,3240094.453,0.770,0.370,0.254,0.453,0,0,0,0,0,0,0,72,55,1.201,1,2074,0,255.973,1.962,13.063,250.125,52.813,-0.313,0.250,-0.090,0.703,1.832,-14.281,2.544,2.770,1.089,1.315,0,NULL,NULL,,3,0,2,7,255,1065,250,0,0
stim,12663,42784,0,42784,3240099.455,0.775,0.364,0.245,0.455,0,0,0,0,0,0,0,61,55,1.201,1,2074,0,261.392,1.902,32.125,253.688,54.188,-0.527,0.348,-0.035,0.512,1.832,-14.281,2.572,2.802,1.089,1.315,0,NULL,NULL,,3,0,2,7,255,1065,250,0,0
stim,12663,42784,0,42784,3240104.454,0.779,0.358,0.237,0.458,0,0,0,0,0,0,0,57,55,1.201,1,2074,0,267.430,3.240,56.313,258.375,39.875,-0.438,0.215,0.039,0.512,3.199,-13.449,2.594,2.824,1.089,1.315,0,NULL,NULL,,3,0,2,7,255,1065,250,0,0
stim,12663,42784,0,42784,3240109.455,0.784,0.350,0.229,0.459,0,0,0,0,0,0,0,47,55,1.201,1,2074,0,278.223,3.412,77.250,263.063,47.313,-0.340,0.141,0.195,-0.262,3.402,-13.336,2.612,2.844,1.089,1.315,0,NULL,NULL,,3,0,2,7,255,1065,250,0,0
stim,12700,42821,0,42821,3240114.453,0.789,0.342,0.220,0.461,0,0,0,0,0,0,0,48,55,1.201,1,2074,0,288.617,3.716,86.063,269.313,58.000,-0.406,0.230,0.410,-0.262,3.707,-11.359,2.626,2.860,1.089,1.315,0,NULL,NULL,,3,0,2,7,255,1065,250,0,0
stim,12700,42821,0,42821,3240119.455,0.793,0.334,0.212,0.463,0,0,0,0,0,0,0,45,55,1.201,1,2074,0,294.612,5.984,85.250,276.875,53.563,-0.500,0.313,0.574,-0.027,5.984,-10.609,2.640,2.876,1.089,1.315,0,NULL,NULL,,3,0,2,7,255,1065,250,0,0
stim,12700,42821,0,42821,3240124.454,0.798,0.326,0.203,0.465,0,0,0,0,0,0,0,39,55,1.201,1,2074,0,299.671,7.981,84.063,285.000,38.875,-0.520,0.301,0.691,0.051,7.980,-10.242,2.656,2.892,1.089,1.315,0,NULL,NULL,,3,0,2,7,255,1065,250,0,0
stim,12700,42821,0,42821,3240129.455,0.802,0.317,0.194,0.468,0,0,0,0,0,0,0,35,55,1.201,1,2074,0,306.291,8.895,82.438,293.813,26.313,-0.496,0.242,0.801,0.051,8.895,-9.316,2.672,2.912,1.089,1.315,0,NULL,NULL,,3,0,2,7,255,1065,250,0,0
stim,12700,42821,0,42821,3240134.454,0.806,0.308,0.185,0.471,0,0,0,0,0,0,0,29,55,1.201,1,2074,0,313.777,9.289,76.000,303.875,18.438,-0.469,0.195,0.902,-0.266,9.285,-7.996,2.692,2.934,1.089,1.315,0,NULL,NULL,,3,0,2,7,255,1065,250,0,0
stim,12700,42821,0,42821,3240139.455,0.809,0.299,0.175,0.475,0,0,0,0,0,0,0,33,55,1.201,1,2074,0,321.512,9.609,64.063,314.875,10.938,-0.469,0.219,0.965,-0.266,9.605,-6.703,2.718,2.962,1.089,1.315,0,NULL,NULL,,3,0,2,7,255,1065,250,0,0
stim,12723,42844,0,42844,3240144.453,0.812,0.291,0.165,0.479,0,0,0,0,0,0,0,29,55,1.201,1,2074,0,330.247,9.939,54.938,325.625,-3.625,-0.453,0.258,0.969,-0.195,9.938,-6.066,2.750,2.994,1.089,1.315,0,NULL,NULL,,3,0,2,7,255,1065,250,0,0
stim,12723,42844,0,42844,3240149.455,0.814,0.282,0.155,0.484,0,0,0,0,0,0,0,37,55,1.201,1,2074,0,339.948,9.942,50.688,335.625,-18.750,-0.359,0.242,0.961,0.309,9.938,-5.824,2.784,3.030,1.089,1.315,0,NULL,NULL,,3,0,2,7,255,1065,250,0,0
stim,12723,42844,0,42844,3240154.454,0.816,0.272,0.144,0.489,0,0,0,0,0,0,0,39,55,1.201,1,2074,0,349.350,9.127,47.750,344.875,-28.750,-0.234,0.219,0.926,0.734,9.098,-5.066,2.822,3.070,1.089,1.315,0,NULL,NULL,,3,0,2,7,255,1065,250,0,0
stim,12723,42844,0,42844,3240159.455,0.818,0.263,0.133,0.495,0,0,0,0,0,0,0,45,55,1.201,1,2074,0,357.971,7.855,47.500,353.250,-33.188,-0.137,0.168,0.840,1.230,7.758,-4.398,2.864,3.114,1.089,1.315,0,NULL,NULL,,3,0,2,7,255,1065,250,0,0
stim,12723,42844,0,42844,3240164.453,0.819,0.253,0.122,0.500,0,0,0,0,0,0,0,43,55,1.201,1,2074,0,363.746,6.355,56.750,357.875,-31.875,-0.121,0.152,0.762,1.270,6.227,-4.398,2.908,3.158,1.089,1.315,0,NULL,NULL,,3,0,2,7,255,1065,250,0,0
stim,12723,42844,0,42844,3240169.455,0.821,0.242,0.111,0.505,0,0,0,0,0,0,0,43,55,1.201,1,2074,0,368.143,5.620,71.813,359.813,-30.125,-0.105,0.172,0.750,1.297,5.469,-4.531,2.950,3.202,1.089,1.315,0,NULL,NULL,,3,0,2,7,255,1065,250,0,0
stim,12723,42844,0,42844,3240174.454,0.823,0.231,0.100,0.510,0,0,0,0,0,0,0,47,55,1.201,1,2074,0,372.187,5.384,87.688,360.500,-29.563,-0.082,0.180,0.781,1.574,5.148,-4.531,2.990,3.246,1.089,1.315,0,NULL,NULL,,3,0,2,7,255,1065,250,0,0
stim,12723,42844,0,42844,3240179.455,0.824,0.219,0.090,0.514,0,0,0,0,0,0,0,53,55,1.201,1,2074,0,374.488,5.314,102.938,359.063,-26.813,-0.031,0.180,0.855,1.852,4.980,-4.070,3.028,3.284,1.089,1.315,0,NULL,NULL,,3,0,2,7,255,1065,250,0,0
stim,12753,42874,0,42874,3240184.454,0.826,0.207,0.080,0.518,0,0,0,0,0,0,0,44,55,1.201,1,2074,0,374.811,5.201,115.375,356.125,-18.625,0.016,0.188,0.930,2.188,4.719,-3.086,3.062,3.320,1.089,1.315,0,NULL,NULL,,3,0,2,7,255,1065,250,0,0
stim,12753,42874,0,42874,3240189.455,0.828,0.194,0.071,0.521,0,0,0,0,0,0,0,47,55,1.201,1,2074,0,374.459,5.272,126.250,352.438,-8.250,0.012,0.191,1.020,2.602,4.586,-2.148,3.092,3.352,1.089,1.315,0,NULL,NULL,,3,0,2,7,255,1065,250,0,0
stim,12753,42874,0,42874,3240194.453,0.830,0.181,0.061,0.524,0,0,0,0,0,0,0,47,55,1.201,1,2074,0,373.520,5.361,137.750,347.188,-1.625,-0.035,0.238,1.125,2.777,4.586,-1.246,3.120,3.380,1.089,1.315,0,NULL,NULL,,3,0,2,7,255,1065,250,0,0
stim,12753,42874,0,42874,3240199.455,0.832,0.168,0.052,0.527,0,0,0,0,0,0,0,50,55,1.201,1,2074,0,372.459,6.107,143.688,343.625,-1.125,-0.035,0.250,1.215,3.113,5.254,-0.406,3.148,3.408,1.089,1.315,0,NULL,NULL,,3,0,2,7,255,1065,250,0,0
stim,12753,42874,0,42874,3240204.454,0.833,0.155,0.044,0.529,0,0,0,0,0,0,0,55,55,1.201,1,2074,0,372.007,6.161,149.688,340.563,-0.563,-0.023,0.219,1.266,3.219,5.254,0.555,3.174,3.436,1.089,1.315,0,NULL,NULL,,3,0,2,7,255,1065,250,0,0
stim,12753,42874,0,42874,3240209.455,0.834,0.141,0.035,0.532,0,0,0,0,0,0,0,47,55,1.201,1,2074,0,373.131,5.897,155.750,339.063,2.250,-0.008,0.215,1.332,3.336,4.863,1.293,3.200,3.464,1.089,1.315,0,NULL,NULL,,3,0,2,7,255,1065,250,0,0
stim,12806,42927,0,42927,3240214.453,0.836,0.128,0.026,0.534,0,0,0,0,0,0,0,47,55,1.201,1,2074,0,374.519,5.643,161.250,338.000,4.375,-0.023,0.215,1.418,3.336,4.551,2.105,3.226,3.492,1.089,1.315,0,NULL,NULL,,3,0,2,7,255,1065,250,0,0
stim,12806,42927,0,42927,3240219.455,0.837,0.113,0.018,0.535,0,0,0,0,0,0,0,51,55,1.201,1,2074,0,377.386,5.663,168.438,337.625,7.625,-0.043,0.234,1.551,3.371,4.551,3.039,3.252,3.518,1.089,1.315,0,NULL,NULL,,3,0,2,7,255,1065,250,0,0
stim,12806,42927,0,42927,3240224.454,0.838,0.099,0.010,0.537,0,0,0,0,0,0,0,52,55,1.201,1,2074,0,377.588,5.841,168.375,337.875,7.938,-0.090,0.258,1.699,3.633,4.574,4.383,3.278,3.546,1.089,1.315,0,NULL,NULL,,3,0,2,7,255,1065,250,0,0
stim,12806,42927,0,42927,3240229.455,0.838,0.086,0.001,0.538,0,0,0,0,0,0,0,53,55,1.201,1,2074,0,375.055,6.168,162.875,337.813,4.563,-0.129,0.270,1.820,3.789,4.867,5.832,3.306,3.574,1.089,1.315,0,NULL,NULL,,3,0,2,7,255,1065,250,0,0
stim,12806,42927,0,42927,3240234.454,0.839,0.072,-0.008,0.540,0,0,0,0,0,0,0,53,55,1.201,1,2074,0,370.354,6.216,153.875,336.875,0.375,-0.141,0.277,1.910,3.867,4.867,7.105,3.332,3.602,1.089,1.315,0,NULL,NULL,,3,0,2,7,255,1065,250,0,0
stim,12806,42927,0,42927,3240239.455,0.838,0.059,-0.016,0.542,0,0,0,0,0,0,0,51,55,1.201,1,2074,0,364.915,6.094,143.938,335.313,-3.250,-0.133,0.277,1.953,4.004,4.594,8.125,3.358,3.628,1.089,1.315,0,NULL,NULL,,3,0,2,7,255,1065,250,0,0
stim,12806,42927,0,42927,3240244.453,0.838,0.046,-0.025,0.543,0,0,0,0,0,0,0,50,55,1.201,1,2074,0,360.051,5.660,137.375,332.750,-6.500,-0.129,0.242,1.961,4.004,4.000,8.660,3.384,3.656,1.089,1.315,0,NULL,NULL,,3,0,2,7,255,1065,250,0,0
stim,12806,42927,0,42927,3240249.455,0.837,0.033,-0.034,0.545,0,0,0,0,0,0,0,53,55,1.201,1,2074,0,356.419,5.053,136.438,329.125,-9.813,-0.125,0.211,1.969,3.883,3.234,8.906,3.410,3.684,1.089,1.315,0,NULL,NULL,,3,0,2,7,255,1065,250,0,0
stim,12806,42927,0,42927,3240254.454,0.836,0.020,-0.042,0.546,0,0,0,0,0,0,0,53,55,1.201,1,2074,0,354.798,4.393,140.938,325.250,-15.188,-0.109,0.191,1.988,3.629,2.477,9.094,3.436,3.710,1.089,1.315,0,NULL,NULL,,3,0,2,7,255,1065,250,0,0
stim,12806,42927,0,42927,3240259.455,0.835,0.007,-0.050,0.548,0,0,0,0,0,0,0,48,55,1.201,1,2074,0,354.610,3.916,147.750,321.625,-21.813,-0.063,0.141,2.023,3.551,1.652,9.402,3.460,3.736,1.089,1.315,0,NULL,NULL,,3,0,2,7,255,1065,250,0,0
stim,12828,42949,0,42949,3240264.453,0.834,-0.007,-0.058,0.549,0,0,0,0,0,0,0,45,55,1.201,1,2074,0,354.986,3.328,154.375,318.688,-24.938,0.004,0.066,2.027,3.301,0.422,9.801,3.484,3.760,1.089,1.315,0,NULL,NULL,,3,0,2,7,255,1065,250,0,0
stim,12828,42949,0,42949,3240269.455,0.832,-0.020,-0.065,0.551,0,0,0,0,0,0,0,47,55,1.201,1,2074,0,357.002,3.074,164.438,315.938,-24.375,0.094,0.008,1.961,2.871,-1.098,9.801,3.504,3.780,1.089,1.315,0,NULL,NULL,,3,0,2,7,255,1065,250,0,0
stim,12828,42949,0,42949,3240274.454,0.830,-0.034,-0.072,0.552,0,0,0,0,0,0,0,51,55,1.201,1,2074,0,365.019,3.688,187.125,312.500,-23.813,0.219,-0.082,1.887,2.547,-2.668,9.086,3.520,3.798,1.089,1.315,0,NULL,NULL,,3,0,2,7,255,1065,250,0,0
stim,12828,42949,0,42949,3240279.455,0.828,-0.049,-0.078,0.554,0,0,0,0,0,0,0,53,55,1.201,1,2074,0,380.695,5.150,221.063,309.063,-23.250,0.387,-0.109,1.910,2.281,-4.617,8.137,3.534,3.812,1.089,1.315,0,NULL,NULL,,3,0,2,7,255,1065,250,0,0
stim,12854,42975,0,42975,3240284.454,0.825,-0.066,-0.082,0.555,0,0,0,0,0,0,0,57,55,1.201,1,2074,0,401.477,7.214,260.875,304.500,-20.188,0.578,-0.098,2.055,2.281,-6.844,8.137,3.540,3.820,1.089,1.315,0,NULL,NULL,,3,0,2,7,255,1065,250,0,0
stim,12854,42975,0,42975,3240289.455,0.822,-0.084,-0.086,0.556,0,0,0,0,0,0,0,57,55,1.201,1,2074,0,421.196,9.817,294.250,300.938,-16.125,0.742,-0.105,2.262,2.988,-9.352,8.719,3.544,3.824,1.089,1.315,0,NULL,NULL,,3,0,2,7,255,1065,250,0,0
stim,12854,42975,0,42975,3240294.453,0.820,-0.102,-0.089,0.557,0,0,0,0,0,0,0,61,55,1.201,1,2074,0,436.024,12.386,318.938,297.125,-10.625,0.887,-0.121,2.504,3.344,-11.926,10.016,3.538,3.820,1.089,1.315,0,NULL,NULL,,3,0,2,7,255,1065,250,0,0
stim,12854,42975,1,42975,3240299.455,0.816,-0.121,-0.092,0.557,0,0,0,0,0,0,0,57,55,1.201,1,2074,0,443.780,14.989,332.188,294.188,-6.750,1.031,-0.117,2.730,3.484,-14.578,11.555,3.524,3.808,1.089,1.315,0,NULL,NULL,,3,1,2,7,255,1065,250,0,0
stim,12874,42995,1,42995,3240304.454,0.813,-0.140,-0.094,0.557,0,0,0,0,0,0,0,59,55,1.201,1,2074,0,443.619,17.599,333.938,292.000,-4.375,1.133,-0.070,2.910,3.695,-17.207,12.824,3.500,3.784,1.089,1.315,0,NULL,NULL,,3,1,2,7,255,1065,250,0,0
stim,12874,42995,1,42995,3240309.455,0.809,-0.159,-0.096,0.557,0,0,0,0,0,0,0,58,55,1.201,1,2074,0,434.075,19.652,323.188,289.750,-3.938,1.172,-0.059,3.023,3.777,-19.285,13.688,3.462,3.748,1.089,1.315,0,NULL,NULL,,3,1,2,7,255,1065,250,0,0
stim,12905,43026,1,43026,3240314.454,0.806,-0.176,-0.099,0.557,0,0,0,0,0,0,0,66,55,1.201,1,2074,0,415.929,21.106,302.688,285.188,-6.750,1.176,-0.020,3.094,3.777,-20.766,14.004,3.412,3.698,1.089,1.315,0,NULL,NULL,,3,1,2,7,255,1065,250,0,0
stim,12905,43026,1,43026,3240319.455,0.801,-0.193,-0.103,0.557,0,0,0,0,0,0,0,73,55,1.201,1,2074,0,394.714,22.068,278.625,278.938,-19.000,1.313,0.105,3.160,3.777,-21.742,14.004,3.348,3.636,1.089,1.315,0,NULL,NULL,,3,1,2,7,255,1065,250,0,0
stim,12905,43026,1,43026,3240324.454,0.797,-0.207,-0.106,0.557,0,0,0,0,0,0,0,86,55,1.201,1,2074,0,368.882,24.030,247.188,271.500,-35.500,1.602,0.141,3.176,4.832,-23.539,13.676,3.272,3.560,1.089,1.315,0,NULL,NULL,,3,1,2,7,255,1065,250,0,0
stim,12905,43026,1,43026,3240329.455,0.793,-0.221,-0.111,0.557,0,0,0,0,0,0,0,101,55,1.201,1,2074,0,334.015,27.186,204.438,261.125,-39.813,1.941,0.020,3.063,5.586,-26.605,12.086,3.184,3.474,1.089,1.315,0,NULL,NULL,,3,1,2,7,255,1065,250,0,0
stim,12905,43026,1,43026,3240334.454,0.789,-0.232,-0.116,0.557,0,0,0,0,0,0,0,115,55,1.201,1,2074,0,295.035,30.397,156.250,248.375,-30.688,2.266,-0.156,2.746,5.586,-29.879,8.742,3.088,3.376,1.089,1.315,0,NULL,NULL,,3,1,2,7,255,1065,250,0,0
stim,12905,43026,1,43026,3240339.455,0.786,-0.242,-0.121,0.556,0,0,0,0,0,0,0,152,55,1.201,1,2074,0,263.140,32.332,119.625,233.813,-16.250,2.559,-0.328,2.266,5.059,-31.934,3.520,2.982,3.272,1.089,1.315,0,NULL,NULL,,3,1,2,7,255,1065,250,0,0
stim,12905,43026,1,43026,3240344.453,0.783,-0.250,-0.126,0.555,0,0,0,0,0,0,0,168,55,1.201,1,2074,0,243.218,32.983,106.688,218.563,-1.813,2.867,-0.477,1.770,4.656,-32.652,-2.930,2.868,3.158,1.089,1.315,0,NULL,NULL,,3,1,2,7,255,1065,250,0,0
stim,12905,43026,1,43026,3240349.455,0.781,-0.259,-0.130,0.553,0,0,0,0,0,0,0,207,55,1.201,1,2074,0,234.362,33.418,114.938,204.000,9.938,3.215,-0.648,1.344,4.590,-33.102,-9.531,2.746,3.036,1.089,1.315,0,NULL,NULL,,3,1,2,7,255,1065,250,0,0
stim,12905,43026,1,43026,3240354.453,0.779,-0.269,-0.133,0.551,0,0,0,0,0,0,0,249,55,1.201,1,2074,0,235.809,34.288,142.688,186.000,25.500,3.535,-0.953,1.043,4.438,-34.000,-15.754,2.612,2.902,1.089,1.315,0,NULL,NULL,,3,1,2,7,255,1065,250,0,0
stim,12905,43026,1,43026,3240359.455,0.777,-0.279,-0.134,0.548,0,0,0,0,0,0,0,275,55,1.201,1,2074,0,252.952,35.625,183.125,165.563,55.125,3.777,-1.168,0.898,2.980,-35.500,-21.133,2.466,2.754,1.089,1.315,0,NULL,NULL,,3,1,2,7,255,1065,250,0,0
stim,12937,43058,1,43058,3240364.454,0.775,-0.291,-0.132,0.545,0,0,0,0,0,0,0,280,55,1.201,1,2074,0,289.212,36.429,232.375,148.250,87.563,3.781,-1.203,0.840,2.121,-36.367,-24.695,2.314,2.602,1.089,1.315,0,NULL,NULL,,3,1,2,7,255,1065,250,0,0
stim,12937,43058,1,43058,3240369.455,0.773,-0.304,-0.128,0.542,0,0,0,0,0,0,0,287,55,1.201,1,2074,0,307.628,36.917,266.500,109.188,108.125,3.891,-1.699,1.246,2.063,-36.859,-25.367,2.156,2.440,1.089,1.315,0,NULL,NULL,,3,1,2,7,255,1065,250,0,0
stim,12937,43058,1,43058,3240374.454,0.772,-0.316,-0.123,0.537,0,0,0,0,0,0,0,285,55,1.201,1,2074,0,317.131,40.055,272.375,83.938,139.063,3.605,-1.738,1.535,-2.102,-40.000,-25.367,1.994,2.274,1.089,1.315,0,NULL,NULL,,3,1,2,7,255,1065,250,0,0
stim,12937,43058,1,43058,3240379.455,0.772,-0.327,-0.116,0.533,0,0,0,0,0,0,0,279,55,1.201,1,2074,0,328.352,40.055,282.125,44.688,161.938,3.184,-1.160,2.113,-2.102,-40.000,-22.445,1.826,2.104,1.089,1.315,0,NULL,NULL,,3,1,2,7,255,1065,250,0,0
stim,12937,43058,1,43058,3240384.454,0.772,-0.337,-0.108,0.529,0,0,0,0,0,0,0,282,55,1.201,1,2074,0,291.432,38.975,254.313,6.375,142.188,2.512,-0.762,2.883,-1.031,-38.961,-14.410,1.656,1.928,1.089,1.315,0,NULL,NULL,,3,1,2,7,255,1065,250,0,0
stim,12937,43058,1,43058,3240389.455,0.772,-0.342,-0.103,0.527,0,0,0,0,0,0,0,262,55,1.201,1,2074,0,180.055,38.868,152.250,-27.438,92.125,2.262,-0.387,3.484,-0.617,-38.863,-4.016,1.480,1.748,1.089,1.315,0,NULL,NULL,,3,1,2,7,255,1065,250,0,0
stim,12971,43092,1,43092,3240394.453,0.773,-0.343,-0.098,0.525,0,0,0,0,0,0,0,311,55,1.201,1,2074,0,123.526,37.834,65.188,-58.188,87.313,2.227,-0.852,3.020,-1.031,-37.820,-1.898,1.304,1.564,1.089,1.315,0,NULL,NULL,,3,1,2,7,255,1065,250,0,0
stim,12971,43092,1,43092,3240399.455,0.776,-0.345,-0.089,0.521,0,0,0,202,0,0,0,365,55,1.201,1,2074,0,236.874,36.952,109.125,-118.188,173.875,1.082,-1.254,4.035,-3.430,-36.793,3.074,1.128,1.382,1.089,1.315,0,NULL,NULL,,3,1,2,7,255,1065,250,0,0
stim,12971,43092,1,43092,3240404.453,0.782,-0.354,-0.064,0.509,371,0,0,837,0,33,0,397,55,1.201,1,2074,0,684.851,37.014,381.563,-267.375,501.938,0.465,1.477,8.063,-4.039,-36.793,9.809,0.954,1.198,1.089,1.315,0,NULL,NULL,,3,1,2,7,255,1065,250,0,0
stim,12971,43092,1,43092,3240409.455,0.801,-0.330,-0.069,0.495,904,0,0,1299,0,249,0,469,55,1.201,1,2074,0,760.963,35.721,-650.500,-109.063,379.500,-1.422,2.418,5.930,-4.039,-35.492,52.328,0.784,1.014,1.089,1.315,0,NULL,NULL,,3,1,2,7,255,1065,250,0,0
stim,13005,43126,1,43126,3240414.454,0.822,-0.286,-0.087,0.484,1369,0,0,1647,0,504,0,551,55,1.201,1,2074,0,1229.639,16.636,-1198.313,-133.063,241.563,-1.297,3.855,0.699,1.961,-16.520,52.328,0.622,0.830,1.089,1.315,0,NULL,NULL,,3,1,2,7,255,1065,250,0,0
stim,13005,43126,1,43126,3240419.455,0.836,-0.252,-0.100,0.477,1757,0,0,1845,0,585,0,587,55,1.201,1,2075,0,897.822,23.939,-881.750,-111.250,127.375,-1.883,2.578,-2.441,12.793,20.234,14.875,0.478,0.648,1.089,1.315,1,1098.000,33.000,,3,1,2,7,255,1065,250,0,0
stim,13005,43126,1,43126,3240424.454,0.841,-0.235,-0.104,0.476,2013,0,0,1942,0,831,0,631,55,1.201,1,2075,0,422.099,28.819,-405.500,-116.313,14.438,-1.691,0.578,-2.301,12.793,25.824,-15.320,0.380,0.470,1.089,1.315,1,NULL,NULL,,3,1,2,7,255,1065,250,0,0
stim,13005,43126,1,43126,3240429.455,0.842,-0.230,-0.101,0.478,2171,0,0,2027,0,956,0,719,55,1.201,1,2075,0,155.990,26.059,-62.313,-139.875,-29.750,-0.402,-0.309,0.129,-3.488,25.824,-15.320,0.356,0.314,1.089,1.315,1,NULL,NULL,,3,1,2,7,255,1065,250,0,0
stim,13005,43126,1,43126,3240434.454,0.844,-0.226,-0.096,0.477,2297,0,0,2077,0,1132,0,791,55,1.201,1,2075,0,137.252,3.623,-38.500,-125.563,39.875,0.336,0.953,1.543,-3.488,0.980,-7.961,0.392,0.214,1.089,1.315,1,NULL,NULL,,3,1,2,7,255,1065,250,0,0
stim,13005,43126,1,43126,3240439.455,0.848,-0.219,-0.094,0.474,2414,0,0,2151,0,1276,0,861,55,1.201,1,2075,0,216.797,9.236,-149.813,-117.000,104.250,0.000,2.059,1.746,9.184,0.980,4.809,0.442,0.196,1.089,1.315,1,NULL,NULL,,3,1,2,7,255,1065,250,0,0
stim,13025,43146,1,43146,3240444.453,0.852,-0.207,-0.095,0.471,2568,0,0,2343,0,1419,0,907,55,1.201,1,2075,0,292.917,9.353,-263.625,-109.375,65.875,-0.605,1.453,1.500,9.184,1.773,8.941,0.472,0.242,1.089,1.315,1,NULL,NULL,,3,1,2,7,255,1065,250,0,0
stim,13025,43146,1,43146,3240449.455,0.855,-0.192,-0.098,0.471,2727,0,0,2549,0,1455,0,996,55,1.201,1,2075,0,346.346,9.884,-329.750,-105.500,-9.500,-0.895,0.148,0.641,8.629,4.820,8.941,0.488,0.306,1.089,1.315,2,NULL,NULL,,3,1,2,7,255,1065,250,0,0
stim,13025,43146,1,43146,3240454.453,0.860,-0.178,-0.098,0.469,2823,0,0,2684,0,1493,0,1107,55,1.201,1,2075,0,358.843,5.962,-319.063,-156.500,49.750,-1.480,-1.570,-0.109,-3.508,4.820,-0.707,0.506,0.366,1.089,1.315,2,NULL,NULL,,3,1,2,7,255,1065,250,0,0
stim,13025,43146,1,43146,3240459.455,0.862,-0.166,-0.097,0.470,2893,0,0,2795,0,1527,0,1243,55,1.201,1,2075,0,281.200,20.182,-229.188,-159.250,-34.438,-1.277,-1.563,-0.238,-19.844,3.680,-8.773,0.532,0.410,1.089,1.315,2,NULL,NULL,,3,1,2,7,255,1065,250,0,0
stim,13025,43146,1,43146,3240464.454,0.860,-0.159,-0.093,0.475,2950,0,0,2879,0,1545,0,1365,55,1.201,1,2075,0,213.043,20.018,-65.750,-166.375,-115.688,-0.496,-0.945,0.277,-19.844,2.633,-8.773,0.562,0.452,1.089,1.315,2,NULL,NULL,,3,1,2,7,255,1065,250,0,0
stim,13025,43146,1,43146,3240469.455,0.859,-0.156,-0.087,0.480,2983,0,0,2940,0,1557,0,1429,55,1.201,1,2075,0,193.206,10.593,20.000,-157.875,-109.563,0.375,-0.602,1.207,-10.426,-1.875,-7.191,0.572,0.482,1.089,1.315,2,NULL,NULL,,3,1,2,7,255,1065,250,0,0
stim,13025,43146,1,43146,3240474.454,0.858,-0.153,-0.083,0.483,3015,0,0,2991,0,1575,0,1428,55,1.201,1,2075,0,147.120,10.510,-9.625,-137.000,-52.750,0.785,-0.930,1.969,-3.445,-9.930,-0.699,0.554,0.500,1.089,1.315,2,NULL,NULL,,3,1,2,7,255,1065,250,0,0
stim,13025,43146,1,43146,3240479.455,0.860,-0.146,-0.080,0.482,3031,0,0,3043,0,1634,0,1423,55,1.201,1,2075,0,179.634,17.441,-118.313,-131.938,29.375,0.898,-1.125,1.879,-3.445,-17.098,3.637,0.520,0.506,1.089,1.315,2,NULL,NULL,,3,1,2,7,255,1065,250,0,0
stim,13055,43176,1,43176,3240484.454,0.864,-0.136,-0.079,0.477,3047,0,0,3080,0,1727,0,1429,55,1.201,1,2075,0,255.442,17.665,-188.313,-120.313,123.750,0.625,-0.984,1.105,-4.441,-17.098,3.637,0.480,0.498,1.089,1.315,2,NULL,NULL,,3,1,2,7,255,1065,250,0,0
stim,13055,43176,1,43176,3240489.455,0.869,-0.128,-0.077,0.471,3056,0,0,3107,0,1828,0,1458,55,1.201,1,2075,0,266.937,13.981,-168.688,-112.875,173.375,-0.031,-0.820,0.555,-4.664,-13.180,-2.367,0.438,0.470,1.089,1.315,2,NULL,NULL,,3,1,2,7,255,1065,250,0,0
stim,13055,43176,1,43176,3240494.453,0.874,-0.123,-0.074,0.465,3067,0,0,3127,0,1931,13,1505,55,1.201,1,2075,0,224.857,8.781,-106.813,-115.375,160.750,-0.605,-0.430,0.441,-6.723,-5.648,-4.688,0.396,0.420,1.089,1.315,2,NULL,NULL,,3,1,2,7,255,1065,250,0,0
stim,13055,43176,1,43176,3240499.455,0.876,-0.120,-0.070,0.461,3083,0,0,3143,0,2029,29,1577,55,1.201,1,2075,0,150.284,6.829,-34.313,-112.125,94.000,-0.648,0.164,0.699,-6.723,1.203,-4.688,0.362,0.354,1.089,1.315,2,NULL,NULL,,3,1,2,7,255,1065,250,0,0
stim,13055,43176,1,43176,3240504.454,0.877,-0.117,-0.066,0.460,3087,0,0,3151,0,2135,37,1705,55,1.201,1,2075,0,119.590,4.183,-14.938,-113.000,36.188,-0.500,0.508,1.219,-2.074,3.633,-1.508,0.336,0.286,1.089,1.315,2,NULL,NULL,,3,1,2,7,255,1065,250,0,0
stim,13055,43176,1,43176,3240509.455,0.878,-0.112,-0.063,0.461,3093,0,0,3161,22,2223,71,1831,55,1.201,1,2075,0,125.410,3.984,-59.250,-110.375,-5.875,-0.383,0.422,1.469,1.637,3.633,3.438,0.318,0.230,1.089,1.315,2,NULL,NULL,,3,1,2,7,255,1065,250,0,0
stim,13108,43229,1,43229,3240514.454,0.878,-0.106,-0.061,0.463,3092,0,0,3159,202,2277,203,1969,55,1.201,1,2075,0,141.539,2.422,-97.500,-94.563,-39.813,-0.047,-0.027,1.750,1.637,1.785,5.422,0.302,0.196,1.089,1.315,2,NULL,NULL,,3,1,2,7,255,1065,250,0,0
stim,13108,43229,1,43229,3240519.455,0.877,-0.101,-0.062,0.466,3097,0,0,3172,471,2325,204,2063,55,1.201,1,2075,0,141.733,3.727,-102.125,-44.750,-87.500,0.406,-0.410,1.422,0.035,-3.727,5.422,0.288,0.190,1.089,1.315,2,NULL,NULL,,3,1,2,7,255,1065,250,0,0
stim,13108,43229,1,43229,3240524.454,0.876,-0.097,-0.062,0.468,3097,0,0,3175,702,2355,226,2108,55,1.201,1,2075,0,105.598,6.836,-76.250,-49.813,-53.438,0.703,0.063,0.730,0.035,-6.836,2.613,0.282,0.186,1.089,1.315,2,NULL,NULL,,3,1,2,7,255,1065,250,0,0
stim,13108,43229,1,43229,3240529.455,0.876,-0.097,-0.060,0.468,3099,0,0,3177,884,2377,253,2170,55,1.201,1,2075,0,37.008,8.072,6.063,-33.313,-14.938,0.449,0.191,0.934,4.293,-6.836,-1.574,0.290,0.176,1.089,1.315,2,NULL,NULL,,3,1,2,7,255,1065,250,0,0
stim,13108,43229,1,43229,3240534.454,0.876,-0.096,-0.060,0.468,3101,0,0,3178,1016,2403,266,2217,55,1.201,1,2075,0,29.914,6.231,-15.250,-24.063,9.125,-0.152,-0.410,1.395,4.293,-4.516,-1.574,0.310,0.158,1.089,1.315,2,NULL,NULL,,3,1,2,7,255,1065,250,0,0
stim,13108,43229,1,43229,3240539.455,0.877,-0.092,-0.060,0.468,3101,24,0,3177,1135,2418,279,2268,55,1.201,1,2075,0,78.182,5.372,-75.250,-20.000,-7.063,-0.367,-0.309,1.199,-3.695,-3.898,2.156,0.336,0.136,1.089,1.315,2,NULL,NULL,,3,1,2,7,255,1065,250,0,0
stim,13108,43229,1,43229,3240544.453,0.876,-0.090,-0.061,0.470,3101,28,0,3178,1223,2431,281,2309,55,1.201,1,2075,0,81.712,3.883,-62.063,-13.625,-51.375,-0.258,0.172,0.777,-3.695,-1.191,2.156,0.362,0.114,1.089,1.315,2,NULL,NULL,,3,1,2,7,255,1065,250,0,0
stim,13108,43229,0,43229,3240549.455,0.874,-0.089,-0.061,0.473,3103,40,0,3182,1288,2445,281,2341,55,1.201,1,2075,0,77.758,0.406,-16.500,-13.313,-74.813,0.008,0.293,0.887,0.297,-0.277,-1.137,0.380,0.100,1.089,1.315,2,NULL,NULL,,3,0,2,7,255,1060,250,0,0
stim,13108,43229,0,43229,3240554.454,0.873,-0.088,-0.062,0.475,3101,68,0,3181,1388,2457,283,2367,55,1.201,1,2075,0,58.342,1.072,-17.375,-9.875,-54.813,0.129,-0.020,1.195,1.035,-0.277,-1.137,0.392,0.088,1.089,1.315,2,NULL,NULL,,3,0,2,7,255,1060,250,0,0
stim,13108,43229,0,43229,3240559.455,0.873,-0.085,-0.062,0.476,3113,91,0,3194,1503,2475,284,2392,55,1.201,1,2075,0,56.452,3.463,-52.563,-7.313,-19.250,-0.004,-0.227,1.109,1.035,-3.305,0.730,0.402,0.078,1.089,1.315,2,NULL,NULL,,3,0,2,7,255,1060,250,0,0
stim,13128,43249,0,43249,3240564.453,0.873,-0.083,-0.063,0.476,3115,104,0,3195,1555,2491,283,2419,55,1.201,1,2075,0,60.587,3.433,-57.063,-8.375,-18.563,-0.219,-0.023,0.863,-0.930,-3.305,0.730,0.412,0.068,1.089,1.315,2,NULL,NULL,,3,0,2,7,255,1060,250,0,0
stim,13128,43249,0,43249,3240569.455,0.872,-0.082,-0.064,0.478,3119,131,0,3189,1589,2507,293,2442,55,1.201,1,2075,0,54.923,0.930,-28.813,-6.875,-46.250,-0.211,0.145,0.852,-0.930,-0.016,-1.133,0.422,0.058,1.089,1.315,2,NULL,NULL,,3,0,2,7,255,1060,250,0,0
stim,13128,43249,0,43249,3240574.454,0.871,-0.081,-0.064,0.480,3109,149,0,3193,1625,2515,294,2453,55,1.201,1,2075,0,60.477,0.520,-13.500,-5.563,-58.688,-0.055,0.074,1.051,0.520,-0.016,-1.133,0.428,0.050,1.089,1.315,2,NULL,NULL,,3,0,2,7,255,1060,250,0,0
stim,13128,43249,0,43249,3240579.455,0.870,-0.080,-0.064,0.482,3117,158,0,3192,1679,2520,287,2467,55,1.201,1,2075,0,50.070,1.330,-22.375,-3.875,-44.625,0.031,-0.016,1.129,0.637,-1.168,0.414,0.432,0.046,1.089,1.315,2,NULL,NULL,,3,0,2,7,255,1060,250,0,0
stim,13157,43278,0,43278,3240584.453,0.870,-0.078,-0.065,0.483,3127,189,12,3187,1720,2521,285,2470,55,1.201,1,2075,0,40.617,2.110,-29.438,-1.625,-27.938,0.004,-0.016,1.035,0.637,-2.012,0.414,0.436,0.042,1.089,1.315,2,NULL,NULL,,3,0,2,7,255,1060,250,0,0
stim,13157,43278,0,43278,3240589.455,0.870,-0.077,-0.065,0.483,3111,205,20,3207,1747,2522,273,2471,55,1.201,1,2075,0,30.432,2.060,-22.938,0.000,-20.000,-0.047,-0.008,0.957,0.445,-2.012,0.121,0.444,0.038,1.089,1.315,2,NULL,NULL,,3,0,2,7,255,1060,250,0,0
stim,13157,43278,0,43278,3240594.453,0.869,-0.076,-0.065,0.484,3115,215,87,3191,1776,2527,269,2475,55,1.201,1,2075,0,22.525,1.445,-14.375,1.000,-17.313,-0.090,-0.035,0.973,0.207,-1.430,-0.297,0.450,0.032,1.089,1.315,2,NULL,NULL,,3,0,2,7,255,1060,250,0,0
stim,13157,43278,0,43278,3240599.455,0.869,-0.076,-0.066,0.485,3117,227,122,3207,1791,2536,253,2475,55,1.201,1,2075,0,19.016,1.244,-12.438,1.438,-14.313,-0.105,-0.023,1.008,-0.156,-1.234,-0.297,0.458,0.026,1.089,1.315,2,NULL,NULL,,3,0,2,7,255,1060,250,0,0
stim,13175,43296,0,43296,3240604.454,0.869,-0.075,-0.066,0.485,3111,230,153,3205,1805,2525,243,2472,55,1.201,1,2075,0,17.566,1.109,-9.750,2.250,-14.438,-0.145,0.020,1.004,-0.156,-1.098,0.074,0.464,0.020,1.089,1.315,2,NULL,NULL,,3,0,2,7,255,1060,250,0,0
stim,13175,43296,0,43296,3240609.455,0.868,-0.075,-0.066,0.486,3115,227,190,3195,1831,2532,205,2473,55,1.203,1,2075,1,17.830,0.598,-6.125,2.000,-16.625,-0.133,0.035,1.035,0.012,-0.598,0.105,0.000,0.000,1.090,1.299,2,NULL,NULL,,3,0,2,7,255,1060,250,0,0
stim,13204,43325,0,43325,3240614.454,0.868,-0.075,-0.066,0.486,3107,221,223,3188,1833,2531,205,2471,55,1.203,1,2075,1,15.048,0.636,-7.375,1.750,-13.000,-0.109,0.020,1.059,0.219,-0.598,0.395,0.004,0.002,1.090,1.299,2,NULL,NULL,,3,0,2,7,255,1060,250,0,0
stim,13204,43325,0,43325,3240619.455,0.868,-0.074,-0.066,0.487,3104,211,235,3191,1839,2531,197,2471,55,1.203,1,2075,1,12.056,0.800,-8.563,1.375,-8.375,-0.133,-0.004,1.016,0.219,-0.770,0.395,0.008,0.004,1.090,1.299,2,NULL,NULL,,3,0,2,7,255,1060,250,0,0
stim,13204,43325,0,43325,3240624.454,0.868,-0.074,-0.067,0.487,3103,205,248,3187,1847,2523,187,2468,55,1.203,1,2075,1,10.693,0.776,-7.125,0.750,-7.938,-0.141,-0.008,1.000,-0.102,-0.770,0.211,0.012,0.006,1.090,1.299,2,NULL,NULL,,3,0,2,7,255,1060,250,0,0
stim,13204,43325,0,43325,3240629.455,0.868,-0.074,-0.067,0.487,3103,197,271,3185,1847,2525,169,2473,55,1.203,1,2075,1,7.246,0.699,-4.063,-0.063,-6.000,-0.137,0.008,0.980,-0.102,-0.691,0.074,0.016,0.008,1.090,1.299,2,NULL,NULL,,3,0,2,7,255,1060,250,0,0
stim,13204,43325,0,43325,3240634.453,0.868,-0.073,-0.067,0.487,3097,189,295,3173,1849,2525,169,2461,55,1.203,1,2075,1,5.923,0.611,-0.688,-0.313,-5.875,-0.164,-0.016,0.973,-0.172,-0.586,-0.133,0.018,0.010,1.090,1.299,2,NULL,NULL,,3,0,2,7,255,1060,250,0,0
stim,13204,43325,0,43325,3240639.455,0.868,-0.073,-0.067,0.487,3095,181,311,3177,1865,2523,142,2473,55,1.203,1,2075,1,5.169,0.587,0.563,-1.625,-4.875,-0.133,0.004,1.000,-0.031,-0.586,-0.133,0.022,0.012,1.090,1.299,2,NULL,NULL,,3,0,2,7,255,1060,250,0,0
stim,13204,43325,0,43325,3240644.454,0.868,-0.073,-0.066,0.487,3083,167,315,3161,1867,2513,139,2463,55,1.203,1,2075,1,5.925,0.501,-0.563,-4.500,3.813,-0.145,0.031,0.977,-0.031,-0.500,-0.137,0.024,0.012,1.090,1.299,2,NULL,NULL,,3,0,2,7,255,1060,250,0,0
stim,13204,43325,0,43325,3240649.455,0.868,-0.073,-0.066,0.487,3067,163,317,3161,1881,2509,139,2470,55,1.203,1,2075,1,6.051,0.388,2.563,-4.813,2.625,-0.195,0.020,0.965,-0.031,-0.387,-0.137,0.026,0.014,1.090,1.299,2,NULL,NULL,,3,0,2,7,255,1060,250,0,0
stim,13204,43325,0,43325,3240654.454,0.868,-0.073,-0.066,0.487,3055,149,319,3143,1881,2517,124,2462,55,1.203,1,2075,1,8.036,0.289,5.500,-5.750,-1.125,-0.188,0.012,0.977,-0.246,-0.152,-0.137,0.028,0.014,1.090,1.299,2,NULL,NULL,,3,0,2,7,255,1060,250,0,0
stim,13204,43325,0,43325,3240659.455,0.868,-0.073,-0.065,0.487,3060,145,331,3132,1893,2503,117,2469,55,1.203,1,2075,1,10.527,0.289,7.250,-6.500,-4.000,-0.125,0.023,0.992,-0.246,-0.152,-0.086,0.032,0.016,1.090,1.299,2,NULL,NULL,,3,0,2,7,255,1060,250,0,0
stim,13237,43358,0,43358,3240664.453,0.868,-0.074,-0.065,0.487,3039,135,331,3120,1901,2492,108,2474,55,1.203,1,2075,1,12.743,0.633,8.625,-8.125,4.688,-0.117,0.031,0.988,0.141,-0.617,-0.070,0.034,0.016,1.090,1.299,2,NULL,NULL,,3,0,2,7,255,1060,250,0,0
stim,13237,43358,0,43358,3240669.455,0.868,-0.074,-0.064,0.487,3031,125,347,3109,1914,2495,109,2484,55,1.203,1,2075,1,11.919,0.633,8.813,-7.563,2.688,-0.184,0.004,0.988,0.141,-0.617,-0.039,0.034,0.014,1.090,1.299,2,NULL,NULL,,3,0,2,7,255,1060,250,0,0
stim,13237,43358,0,43358,3240674.454,0.868,-0.074,-0.064,0.487,3018,121,359,3101,1927,2488,109,2475,55,1.203,1,2075,1,12.572,0.297,7.625,-9.188,3.938,-0.188,0.074,0.977,0.191,-0.227,-0.031,0.034,0.014,1.090,1.299,2,NULL,NULL,,3,0,2,7,255,1060,250,0,0
stim,13237,43358,0,43358,3240679.455,0.868,-0.074,-0.063,0.487,3015,128,376,3089,1951,2492,110,2491,55,1.203,1,2075,1,15.196,0.229,11.063,-9.813,-3.500,-0.203,0.078,0.977,0.137,0.184,-0.027,0.036,0.012,1.090,1.299,2,NULL,NULL,,3,0,2,7,255,1060,250,0,0
stim,13237,43358,0,43358,3240684.453,0.868,-0.074,-0.063,0.488,2987,126,411,3068,1979,2489,116,2503,55,1.203,1,2075,1,16.863,0.251,11.125,-11.563,-5.188,-0.184,0.070,0.984,0.172,0.184,-0.027,0.036,0.012,1.090,1.299,2,NULL,NULL,,3,0,2,7,255,1060,250,0,0
stim,13237,43358,0,43358,3240689.455,0.868,-0.074,-0.062,0.488,2970,123,485,3068,2009,2491,123,2516,55,1.203,1,2075,1,15.995,0.360,8.813,-13.188,-2.063,-0.199,0.098,0.988,0.172,0.316,0.023,0.036,0.010,1.090,1.299,2,NULL,NULL,,3,0,2,7,255,1060,250,0,0
stim,13269,43390,0,43390,3240694.454,0.867,-0.074,-0.061,0.488,2955,133,569,3045,2038,2493,141,2519,55,1.203,1,2075,1,18.659,0.422,8.938,-14.625,-7.375,-0.227,0.102,0.988,0.207,0.367,0.078,0.036,0.008,1.090,1.299,2,NULL,NULL,,3,0,2,7,255,1060,250,0,0
stim,13269,43390,0,43390,3240699.455,0.867,-0.075,-0.060,0.489,2934,135,633,3019,2087,2493,171,2533,55,1.203,1,2075,1,22.162,0.588,10.250,-16.688,-10.375,-0.180,0.156,1.004,0.309,0.500,0.152,0.034,0.004,1.090,1.299,2,NULL,NULL,,3,0,2,7,255,1060,250,0,0
stim,13269,43390,0,43390,3240704.453,0.867,-0.075,-0.059,0.489,2904,145,669,2991,2122,2511,229,2551,55,1.203,1,2075,1,22.893,1.004,10.063,-16.875,-11.750,-0.141,0.172,1.020,0.871,0.500,0.219,0.034,0.004,1.090,1.299,2,NULL,NULL,,3,0,2,7,255,1060,250,0,0
stim,13269,43390,0,43390,3240709.455,0.867,-0.075,-0.058,0.489,2887,155,723,2990,2199,2501,259,2579,55,1.203,1,2075,1,20.770,1.237,7.188,-18.063,-7.313,-0.133,0.195,1.051,1.211,0.254,0.340,0.034,0.008,1.090,1.299,2,NULL,NULL,,3,0,2,7,255,1060,250,0,0
stim,13304,43425,0,43425,3240714.454,0.867,-0.074,-0.058,0.490,2873,163,807,2965,2247,2503,300,2589,55,1.203,1,2075,1,19.670,1.237,1.000,-17.125,-9.625,-0.172,0.160,1.023,1.211,0.254,0.426,0.036,0.012,1.090,1.299,2,NULL,NULL,,3,0,2,7,255,1060,250,0,0
stim,13304,43425,0,43425,3240719.455,0.867,-0.074,-0.057,0.490,2847,174,915,2952,2288,2513,340,2607,55,1.203,1,2075,1,22.630,1.035,-0.313,-17.875,-13.875,-0.168,0.164,0.996,0.938,0.438,0.426,0.038,0.018,1.090,1.299,2,NULL,NULL,,3,0,2,7,255,1060,250,0,0
stim,13304,43425,0,43425,3240724.454,0.866,-0.074,-0.056,0.491,2827,179,985,2925,2329,2515,381,2616,55,1.203,1,2075,1,26.570,1.027,0.688,-17.188,-20.250,-0.148,0.141,0.984,0.930,0.438,0.160,0.040,0.022,1.090,1.299,2,NULL,NULL,,3,0,2,7,255,1060,250,0,0
stim,13304,43425,0,43425,3240729.455,0.866,-0.073,-0.055,0.492,2791,209,1112,2915,2381,2522,421,2649,55,1.203,1,2075,1,27.956,0.969,1.063,-17.375,-21.875,-0.098,0.145,1.016,0.938,0.246,0.160,0.044,0.028,1.090,1.299,2,NULL,NULL,,3,0,2,7,255,1060,250,0,0
stim,13304,43425,0,43425,3240734.453,0.865,-0.073,-0.055,0.493,2767,228,1176,2897,2421,2522,463,2653,55,1.203,1,2075,1,27.489,0.856,-4.688,-15.625,-22.125,-0.105,0.086,1.016,0.836,-0.184,0.195,0.046,0.032,1.090,1.299,2,NULL,NULL,,3,0,2,7,255,1060,250,0,0
stim,13304,43425,0,43425,3240739.455,0.865,-0.072,-0.054,0.494,2745,251,1255,2874,2457,2531,544,2667,55,1.203,1,2075,1,28.072,0.719,-9.188,-16.125,-21.063,-0.102,0.047,1.012,0.594,-0.406,0.195,0.048,0.034,1.090,1.299,2,NULL,NULL,,3,0,2,7,255,1060,250,0,0
stim,13324,43445,0,43445,3240744.454,0.865,-0.071,-0.054,0.494,2717,263,1340,2857,2487,2532,637,2681,55,1.203,1,2075,1,29.350,0.619,-13.125,-15.063,-21.500,-0.137,-0.016,0.965,0.297,-0.543,0.137,0.052,0.036,1.090,1.299,2,NULL,NULL,,3,0,2,7,255,1060,250,0,0
stim,13324,43445,0,43445,3240749.455,0.864,-0.070,-0.054,0.495,2691,266,1489,2852,2531,2537,767,2687,55,1.203,1,2075,1,29.705,0.651,-9.188,-16.313,-23.063,-0.156,0.004,0.957,-0.359,-0.543,-0.273,0.054,0.036,1.090,1.299,2,NULL,NULL,,3,0,2,7,255,1060,250,0,0
stim,13324,43445,0,43445,3240754.453,0.864,-0.070,-0.053,0.496,2636,271,1588,2828,2544,2539,870,2710,55,1.203,1,2075,1,32.773,0.436,-7.563,-16.250,-27.438,-0.172,0.047,0.977,-0.359,-0.246,-0.273,0.054,0.036,1.090,1.299,2,NULL,NULL,,3,0,2,7,255,1060,250,0,0
stim,13324,43445,0,43445,3240759.455,0.863,-0.069,-0.053,0.498,2602,279,1683,2811,2587,2556,981,2733,55,1.203,1,2075,1,38.533,0.157,-6.938,-17.250,-33.750,-0.148,0.047,1.012,-0.063,-0.145,-0.078,0.054,0.034,1.090,1.299,2,NULL,NULL,,3,0,2,7,255,1060,250,0,0
stim,13324,43445,0,43445,3240764.454,0.862,-0.068,-0.053,0.499,2549,295,1779,2795,2621,2549,1095,2735,55,1.203,1,2075,1,39.072,0.159,-12.500,-17.375,-32.688,-0.113,0.031,1.020,0.066,-0.145,0.207,0.054,0.034,1.090,1.299,2,NULL,NULL,,3,0,2,7,255,1060,250,0,0
stim,13324,43445,0,43445,3240769.455,0.862,-0.067,-0.052,0.500,2505,298,1871,2775,2643,2556,1209,2760,55,1.203,1,2075,1,38.603,0.477,-17.375,-17.625,-29.625,-0.129,0.004,1.012,0.066,-0.473,0.207,0.054,0.032,1.090,1.299,2,NULL,NULL,,3,0,2,7,255,1060,250,0,0
stim,13324,43445,0,43445,3240774.454,0.861,-0.065,-0.052,0.501,2455,311,1947,2757,2669,2568,1303,2769,55,1.203,1,2075,1,41.230,0.510,-21.250,-18.563,-30.063,-0.141,-0.008,1.004,-0.191,-0.473,0.172,0.054,0.030,1.090,1.299,2,NULL,NULL,,3,0,2,7,255,1060,250,0,0
stim,13324,43445,0,43445,3240779.455,0.861,-0.064,-0.052,0.502,2395,318,2010,2735,2709,2569,1395,2787,55,1.203,1,2075,1,45.099,0.545,-25.688,-19.938,-31.250,-0.152,-0.051,0.988,-0.309,-0.449,0.105,0.054,0.030,1.090,1.299,2,NULL,NULL,,3,0,2,7,255,1060,250,0,0
stim,13353,43474,0,43474,3240784.453,0.860,-0.062,-0.052,0.503,2346,335,2107,2685,2726,2571,1505,2796,55,1.203,1,2075,1,48.586,0.864,-28.688,-21.375,-32.875,-0.137,-0.070,0.988,-0.738,-0.449,-0.016,0.054,0.028,1.090,1.299,2,NULL,NULL,,3,0,2,7,255,1060,250,0,0
stim,13353,43474,0,43474,3240789.455,0.860,-0.060,-0.052,0.505,2277,343,2172,2650,2735,2581,1637,2827,55,1.203,1,2075,1,50.310,1.057,-31.938,-22.250,-31.875,-0.117,-0.086,0.984,-0.816,-0.672,-0.051,0.056,0.026,1.090,1.299,2,NULL,NULL,,3,0,2,7,255,1060,250,0,0
stim,13353,43474,0,43474,3240794.454,0.859,-0.058,-0.052,0.506,2183,345,2245,2605,2765,2579,1719,2828,55,1.203,1,2075,1,47.728,1.127,-31.125,-23.875,-27.188,-0.109,-0.070,0.957,-0.816,-0.777,-0.125,0.056,0.024,1.090,1.299,2,NULL,NULL,,3,0,2,7,255,1060,250,0,0
stim,13353,43474,0,43474,3240799.455,0.859,-0.057,-0.051,0.506,2121,347,2309,2568,2791,2591,1815,2847,55,1.203,1,2075,1,41.720,1.033,-25.125,-25.438,-21.500,-0.102,-0.027,0.945,-0.680,-0.777,-0.391,0.056,0.022,1.090,1.299,2,NULL,NULL,,3,0,2,7,255,1060,250,0,0
stim,13353,43474,0,43474,3240804.453,0.859,-0.055,-0.051,0.507,2028,345,2365,2515,2811,2598,1914,2861,55,1.203,1,2075,1,37.248,0.645,-18.188,-26.375,-19.000,-0.137,-0.004,0.957,-0.262,-0.590,-0.391,0.058,0.020,1.090,1.299,2,NULL,NULL,,3,0,2,7,255,1060,250,0,0
stim,13353,43474,0,43474,3240809.455,0.858,-0.054,-0.050,0.508,1935,317,2415,2461,2824,2596,2005,2877,55,1.203,1,2075,1,37.508,0.263,-13.188,-28.188,-20.938,-0.145,0.012,1.020,-0.211,-0.156,-0.320,0.058,0.018,1.090,1.299,2,NULL,NULL,,3,0,2,7,255,1060,250,0,0
stim,13407,43528,0,43528,3240814.454,0.858,-0.053,-0.049,0.509,1821,302,2459,2363,2847,2597,2089,2893,55,1.203,1,2075,1,40.262,0.175,-16.188,-29.250,-22.438,-0.129,0.004,1.063,-0.078,-0.156,0.266,0.062,0.018,1.090,1.299,2,NULL,NULL,,3,0,2,7,255,1060,250,0,0
stim,13407,43528,0,43528,3240819.455,0.858,-0.051,-0.049,0.510,1682,277,2504,2250,2857,2592,2141,2897,55,1.203,1,2075,1,43.586,0.284,-22.750,-30.375,-21.438,-0.121,-0.027,1.066,-0.078,-0.273,0.676,0.064,0.018,1.090,1.299,2,NULL,NULL,,3,0,2,7,255,1060,250,0,0
stim,13407,43528,0,43528,3240824.454,0.857,-0.049,-0.048,0.510,1495,267,2533,2135,2874,2597,2201,2913,55,1.203,1,2075,1,45.586,0.379,-25.438,-31.125,-21.500,-0.129,-0.020,1.008,-0.262,-0.273,0.676,0.066,0.018,1.090,1.299,2,NULL,NULL,,3,0,2,7,255,1060,250,0,0
stim,13407,43528,0,43528,3240829.455,0.857,-0.048,-0.047,0.511,1293,249,2577,1994,2891,2603,2277,2923,55,1.203,1,2075,1,44.283,0.441,-19.938,-31.938,-23.313,-0.098,0.000,0.988,-0.262,-0.355,0.141,0.066,0.018,1.090,1.299,2,NULL,NULL,,3,0,2,7,255,1060,250,0,0
stim,13407,43528,0,43528,3240834.453,0.857,-0.046,-0.046,0.512,1157,227,2591,1827,2910,2605,2333,2921,55,1.203,1,2075,1,40.736,0.360,-14.688,-33.188,-18.500,-0.070,0.012,0.996,0.059,-0.355,-0.047,0.068,0.018,1.090,1.299,2,NULL,NULL,,3,0,2,7,255,1060,250,0,0
stim,13407,43528,0,43528,3240839.455,0.856,-0.045,-0.045,0.512,978,166,2628,1639,2917,2591,2396,2949,55,1.203,1,2075,1,37.931,0.396,-9.313,-34.625,-12.375,-0.090,0.004,1.012,0.102,-0.383,-0.047,0.068,0.020,1.090,1.299,2,NULL,NULL,,3,0,2,7,255,1060,250,0,0
stim,13407,43528,0,43528,3240844.454,0.856,-0.044,-0.044,0.513,780,121,2649,1429,2940,2589,2450,2947,55,1.203,1,2075,1,39.533,0.396,-13.000,-35.375,-11.938,-0.117,-0.027,1.086,0.102,-0.383,0.145,0.070,0.022,1.090,1.299,2,NULL,NULL,,3,0,2,7,255,1060,250,0,0
stim,13407,43528,0,43528,3240849.455,0.856,-0.042,-0.043,0.513,539,73,2659,1277,2954,2591,2491,2954,55,1.203,1,2075,1,42.471,0.391,-17.250,-37.125,-11.313,-0.133,-0.035,1.074,-0.230,-0.316,0.793,0.070,0.024,1.090,1.299,2,NULL,NULL,,3,0,2,7,255,1060,250,0,0
stim,13407,43528,0,43528,3240854.453,0.856,-0.041,-0.042,0.514,363,56,2681,1019,2963,2591,2547,2963,55,1.203,1,2075,1,45.159,0.292,-18.688,-38.875,-13.375,-0.125,0.000,1.059,-0.230,-0.180,0.793,0.072,0.024,1.090,1.299,2,NULL,NULL,,3,0,2,7,255,1060,250,0,0
stim,13407,43528,0,43528,3240859.455,0.856,-0.039,-0.041,0.514,200,0,2711,793,2975,2570,2585,2972,55,1.203,1,2075,1,46.359,0.063,-16.500,-39.875,-16.938,-0.117,0.055,1.051,-0.063,-0.004,0.625,0.072,0.024,1.090,1.299,2,NULL,NULL,,3,0,2,7,255,1060,250,0,0
stim,13430,43551,0,43551,3240864.454,0.855,-0.038,-0.040,0.515,72,0,2742,555,2983,2556,2619,2986,55,1.203,1,2075,1,49.358,0.475,-13.313,-41.313,-23.500,-0.129,0.086,1.090,0.426,0.211,0.625,0.072,0.026,1.090,1.299,2,NULL,NULL,,3,0,2,7,255,1060,250,0,0
stim,13430,43551,0,43551,3240869.455,0.855,-0.036,-0.038,0.516,25,0,2751,375,3005,2541,2657,2984,55,1.203,1,2075,1,56.025,0.705,-15.813,-44.125,-30.688,-0.086,0.105,1.098,0.668,0.227,0.926,0.072,0.028,1.090,1.299,2,NULL,NULL,,3,0,2,7,255,1060,250,0,0
stim,13430,43551,0,43551,3240874.454,0.854,-0.035,-0.037,0.518,0,0,2777,231,3017,2517,2677,2991,55,1.203,1,2075,1,61.580,1.056,-16.563,-46.750,-36.500,-0.059,0.094,1.094,1.031,0.227,0.926,0.070,0.032,1.090,1.299,2,NULL,NULL,,3,0,2,7,255,1060,250,0,0
stim,13430,43551,0,43551,3240879.455,0.854,-0.033,-0.035,0.519,0,0,2795,123,3016,2491,2709,2995,55,1.203,1,2075,1,60.144,1.056,-8.625,-51.875,-29.188,-0.156,0.074,1.164,1.031,0.227,0.977,0.070,0.036,1.090,1.299,2,NULL,NULL,,3,0,2,7,255,1060,250,0,0
stim,13450,43571,0,43571,3240884.453,0.853,-0.032,-0.033,0.519,0,0,2807,88,3035,2457,2733,2997,55,1.203,1,2075,1,63.125,0.860,6.000,-59.938,-18.875,-0.387,-0.004,1.332,0.473,0.719,1.672,0.070,0.040,1.090,1.299,2,NULL,NULL,,3,0,2,7,255,1060,250,0,0
stim,13450,43571,0,43571,3240889.455,0.853,-0.031,-0.031,0.521,0,0,2825,16,3043,2431,2780,3005,55,1.203,1,2075,0,80.314,2.566,6.750,-70.500,-37.875,-0.453,-0.035,1.480,-1.176,2.281,3.527,0.072,0.044,1.090,1.299,3,NULL,NULL,,3,0,2,7,255,1060,250,0,0
stim,13450,43571,0,43571,3240894.454,0.851,-0.030,-0.027,0.523,0,0,2843,7,3050,2408,2797,3002,55,1.203,1,2075,0,95.758,2.908,14.000,-77.438,-54.563,-0.406,0.047,1.566,-1.176,2.660,5.023,0.068,0.052,1.090,1.299,3,NULL,NULL,,3,0,2,7,255,1060,250,0,0
stim,13450,43571,0,43571,3240899.455,0.851,-0.029,-0.023,0.524,0,0,2859,0,3063,2351,2823,3017,55,1.203,1,2075,0,105.999,2.801,40.313,-92.313,-33.000,-0.297,0.313,1.820,-0.789,2.688,5.813,0.062,0.062,1.090,1.299,3,NULL,NULL,,3,0,2,7,255,1060,250,0,0
stim,13473,43594,0,43594,3240904.453,0.851,-0.026,-0.020,0.525,0,0,2865,0,3079,2288,2837,3003,55,1.203,1,2075,0,102.583,3.319,-25.188,-99.063,-8.688,-0.035,0.516,1.777,1.984,2.660,7.570,0.058,0.072,1.090,1.299,3,NULL,NULL,,3,0,2,7,255,1060,250,0,0
stim,13473,43594,0,43594,3240909.455,0.851,-0.021,-0.018,0.524,0,0,2862,0,3081,2217,2860,3019,55,1.203,1,2075,0,131.908,2.545,-89.250,-97.063,3.625,-0.043,0.199,1.324,1.984,1.594,7.570,0.054,0.084,1.090,1.299,3,NULL,NULL,,3,0,2,7,255,1060,250,0,0
stim,13505,43626,0,43626,3240914.454,0.852,-0.016,-0.016,0.523,0,0,2867,0,3095,2142,2876,3004,55,1.203,1,2075,0,132.087,2.155,-69.938,-106.750,34.063,-0.191,-0.082,1.043,1.949,0.918,3.125,0.052,0.094,1.090,1.299,3,NULL,NULL,,3,0,2,7,255,1060,250,0,0
stim,13505,43626,0,43626,3240919.455,0.853,-0.012,-0.013,0.521,0,0,2859,0,3087,2026,2906,3015,55,1.203,1,2075,0,126.152,1.551,-31.625,-116.000,38.188,-0.336,-0.223,1.059,-1.250,0.918,0.703,0.050,0.102,1.090,1.299,3,NULL,NULL,,3,0,2,7,255,1060,250,0,0
stim,13505,43626,0,43626,3240924.454,0.854,-0.009,-0.008,0.521,0,0,2854,0,3096,1897,2919,3000,55,1.203,1,2075,0,123.799,3.556,-10.500,-122.438,15.000,-0.375,-0.270,1.117,-3.137,1.676,0.703,0.044,0.110,1.090,1.299,3,NULL,NULL,,3,0,2,7,255,1060,250,0,0
stim,13505,43626,0,43626,3240929.455,0.854,-0.006,-0.003,0.521,0,0,2834,0,3099,1749,2933,3001,55,1.203,1,2075,0,129.975,3.556,-2.875,-129.938,1.250,-0.281,-0.238,1.199,-3.137,1.676,1.277,0.036,0.118,1.090,1.299,3,NULL,NULL,,3,0,2,7,255,1060,250,0,0
stim,13505,43626,0,43626,3240934.453,0.854,-0.003,0.001,0.520,0,0,2813,0,3095,1587,2952,2983,55,1.203,1,2075,0,136.484,3.368,-1.250,-136.375,5.313,-0.188,-0.160,1.262,-3.094,1.332,2.035,0.026,0.128,1.090,1.299,3,NULL,NULL,,3,0,2,7,255,1060,250,0,0
stim,13505,43626,0,43626,3240939.455,0.854,0.001,0.006,0.520,0,0,2805,0,3103,1375,2955,2983,55,1.203,1,2075,0,143.564,2.268,-4.750,-142.438,17.313,-0.137,-0.117,1.227,-2.043,0.984,2.219,0.020,0.138,1.090,1.299,3,NULL,NULL,,3,0,2,7,255,1060,250,0,0
stim,13505,43626,0,43626,3240944.454,0.855,0.005,0.011,0.518,0,0,2777,0,3103,1111,2965,2973,55,1.203,1,2075,0,151.133,1.840,-8.375,-148.500,26.813,-0.152,-0.105,1.160,-1.555,0.984,2.219,0.024,0.150,1.090,1.299,3,NULL,NULL,,3,0,2,7,255,1060,250,0,0
stim,13505,43626,0,43626,3240949.455,0.856,0.008,0.017,0.517,0,0,2741,0,3103,885,2985,2971,55,1.203,1,2075,0,157.758,1.949,-3.063,-155.063,28.875,-0.199,-0.090,1.117,-1.555,1.176,1.527,0.032,0.162,1.090,1.299,3,NULL,NULL,,3,0,2,7,255,1060,250,0,0
stim,13505,43626,0,43626,3240954.453,0.856,0.011,0.023,0.516,0,0,2679,0,3112,621,2975,2953,55,1.203,1,2075,0,166.174,2.428,11.500,-163.563,27.000,-0.215,-0.078,1.105,-1.688,1.746,1.082,0.044,0.174,1.090,1.299,3,NULL,NULL,,3,0,2,7,255,1060,250,0,0
stim,13505,43626,0,43626,3240959.455,0.857,0.014,0.030,0.515,0,0,2651,0,3104,453,2993,2943,55,1.203,1,2075,0,176.527,2.668,30.313,-172.250,23.938,-0.207,-0.043,1.203,-1.688,2.066,1.082,0.054,0.186,1.090,1.299,3,NULL,NULL,,3,0,2,7,255,1060,250,0,0
stim,13536,43657,0,43657,3240964.454,0.857,0.016,0.037,0.513,0,0,2603,0,3109,281,2988,2924,55,1.203,1,2075,0,186.142,2.781,35.563,-181.188,23.563,-0.195,0.020,1.313,-1.504,2.340,1.832,0.066,0.200,1.090,1.299,3,NULL,NULL,,3,0,2,7,255,1060,250,0,0
stim,13536,43657,0,43657,3240969.455,0.858,0.019,0.045,0.512,0,0,2536,0,3107,141,2996,2905,55,1.203,1,2075,0,192.861,2.942,34.438,-188.438,22.375,-0.191,0.102,1.410,-1.055,2.746,2.871,0.080,0.216,1.090,1.299,3,NULL,NULL,,3,0,2,7,255,1060,250,0,0
stim,13536,43657,0,43657,3240974.454,0.858,0.022,0.053,0.511,0,0,2455,0,3113,71,3003,2877,55,1.203,1,2075,0,202.493,3.367,33.500,-198.563,21.313,-0.227,0.180,1.527,-0.512,3.328,3.766,0.096,0.234,1.090,1.299,3,NULL,NULL,,3,0,2,7,255,1060,250,0,0
stim,13536,43657,0,43657,3240979.455,0.858,0.026,0.061,0.510,0,0,2343,0,3102,12,3006,2841,55,1.203,1,2075,0,210.499,4.301,24.813,-208.438,15.750,-0.262,0.289,1.680,-0.199,4.297,4.805,0.112,0.254,1.090,1.299,3,NULL,NULL,,3,0,2,7,255,1060,250,0,0
stim,13536,43657,0,43657,3240984.453,0.858,0.031,0.069,0.509,0,0,2205,0,3108,0,2991,2783,55,1.203,1,2075,0,220.518,5.523,4.813,-220.188,11.063,-0.340,0.258,1.828,-0.199,5.520,6.129,0.134,0.276,1.090,1.299,3,NULL,NULL,,3,0,2,7,255,1060,250,0,0
stim,13536,43657,0,43657,3240989.455,0.857,0.036,0.078,0.508,0,0,2055,0,3093,1,2990,2736,55,1.203,1,2075,0,234.639,6.540,-0.875,-234.563,5.938,-0.461,0.188,2.090,-0.512,6.520,7.383,0.158,0.302,1.090,1.299,3,NULL,NULL,,3,0,2,7,255,1060,250,0,0
stim,13565,43686,0,43686,3240994.454,0.857,0.042,0.087,0.507,0,0,1877,0,3087,7,2976,2679,55,1.203,1,2075,0,257.861,8.127,-13.688,-257.313,9.750,-0.516,0.266,2.293,-1.945,7.891,9.594,0.190,0.336,1.090,1.299,3,NULL,NULL,,3,0,2,7,255,1060,250,0,0
stim,13565,43686,0,43686,3240999.455,0.856,0.049,0.097,0.505,0,0,1677,0,3054,41,2971,2607,55,1.203,1,2075,0,282.045,9.674,-20.125,-280.750,18.000,-0.547,0.500,2.500,-1.945,9.477,11.238,0.228,0.376,1.090,1.299,3,NULL,NULL,,3,0,2,7,255,1060,250,0,0
stim,13565,43686,0,43686,3241004.453,0.855,0.058,0.108,0.503,0,0,1507,0,3040,58,2943,2525,55,1.203,1,2075,0,312.770,11.714,-54.563,-306.875,26.000,-0.570,0.766,2.598,-0.500,11.703,12.895,0.274,0.422,1.090,1.299,3,NULL,NULL,,3,0,2,7,255,1060,250,0,0
stim,13565,43686,0,43686,3241009.455,0.854,0.069,0.118,0.502,0,0,1421,0,3023,59,2917,2414,55,1.203,1,2075,0,342.396,14.001,-88.813,-329.375,29.313,-0.691,0.852,2.602,1.375,13.934,12.895,0.328,0.480,1.090,1.299,3,NULL,NULL,,3,0,2,7,255,1060,250,0,0
stim,13600,43721,0,43721,3241014.454,0.853,0.081,0.128,0.500,0,0,1373,0,2985,67,2871,2283,55,1.203,1,2075,0,373.251,16.082,-114.250,-354.250,27.750,-0.801,0.891,2.676,1.375,16.023,12.672,0.394,0.544,1.090,1.299,3,NULL,NULL,,3,0,2,7,255,1060,250,0,0
stim,13600,43721,0,43721,3241019.455,0.851,0.095,0.139,0.498,0,0,1269,0,2941,70,2823,2167,55,1.203,1,2075,0,402.556,18.054,-145.375,-375.313,7.625,-0.781,0.879,2.672,0.988,18.027,12.500,0.466,0.618,1.090,1.299,3,NULL,NULL,,3,0,2,7,255,1060,250,0,0
stim,13600,43721,0,43721,3241024.454,0.847,0.109,0.150,0.497,0,0,1180,0,2899,57,2735,2039,55,1.203,1,2075,0,424.890,18.051,-155.313,-395.250,-13.688,-0.734,0.621,2.621,0.926,18.027,11.879,0.548,0.700,1.090,1.299,3,NULL,NULL,,3,0,2,7,255,1060,250,0,0
stim,13600,43721,0,43721,3241029.455,0.844,0.124,0.163,0.496,0,0,1095,0,2843,56,2630,1932,55,1.203,1,2075,0,448.051,18.501,-146.250,-423.500,2.875,-0.875,0.395,2.621,-1.090,18.469,11.074,0.634,0.788,1.090,1.299,3,NULL,NULL,,3,0,2,7,255,1060,250,0,0
stim,13600,43721,0,43721,3241034.454,0.840,0.139,0.176,0.493,0,0,997,0,2759,39,2462,1805,55,1.203,1,2075,0,472.868,18.850,-140.063,-451.625,4.625,-1.082,0.477,2.684,-3.770,18.469,10.012,0.726,0.880,1.090,1.299,3,NULL,NULL,,3,0,2,7,255,1060,250,0,0
stim,13600,43721,0,43721,3241039.455,0.836,0.154,0.190,0.492,0,0,861,0,2663,0,2257,1679,55,1.203,1,2075,0,487.575,21.859,-134.188,-468.188,-22.875,-1.059,0.434,2.758,-4.195,21.453,8.793,0.820,0.978,1.090,1.299,3,NULL,NULL,,3,0,2,7,255,1060,250,0,0
stim,13623,43744,0,43744,3241044.454,0.830,0.168,0.205,0.491,0,0,727,0,2529,0,1980,1519,55,1.203,1,2075,0,496.707,21.959,-126.313,-477.563,-51.938,-0.813,0.137,2.816,-4.688,21.453,8.793,0.918,1.078,1.090,1.299,3,NULL,NULL,,3,0,2,7,255,1060,250,0,0
stim,13623,43744,0,43744,3241049.455,0.824,0.183,0.221,0.489,0,0,556,0,2364,0,1699,1340,55,1.203,1,2075,0,504.697,21.152,-123.188,-487.313,-45.500,-0.551,-0.113,2.762,-6.426,20.152,9.656,1.020,1.182,1.090,1.299,3,NULL,NULL,,3,0,2,7,255,1060,250,0,0
stim,13623,43744,0,43744,3241054.453,0.818,0.198,0.236,0.486,0,0,365,0,2118,0,1286,1116,55,1.203,1,2075,0,518.016,19.298,-110.125,-506.000,-13.313,-0.563,-0.418,2.629,-7.582,17.746,9.656,1.120,1.284,1.090,1.299,3,NULL,NULL,,3,0,2,7,255,1060,250,0,0
stim,13623,43744,0,43744,3241059.455,0.812,0.213,0.252,0.481,0,0,239,0,1829,0,790,959,55,1.203,1,2075,0,536.426,19.598,-102.438,-525.813,27.938,-0.625,-0.590,2.359,-10.340,16.648,8.281,1.216,1.382,1.090,1.299,3,NULL,NULL,,3,0,2,7,255,1060,250,0,0
stim,13623,43744,0,43744,3241064.454,0.806,0.228,0.269,0.476,0,0,136,0,1471,0,273,784,55,1.203,1,2075,0,537.585,18.655,-96.750,-528.750,7.813,-0.543,-0.332,1.945,-10.340,15.527,5.176,1.304,1.472,1.090,1.299,3,NULL,NULL,,3,0,2,7,255,1060,250,0,0
stim,13623,43744,0,43744,3241069.455,0.799,0.242,0.286,0.471,0,0,72,0,1069,0,59,591,55,1.203,1,2075,0,536.410,16.587,-74.063,-531.188,9.500,-0.406,-0.109,1.531,-8.727,14.105,1.441,1.384,1.554,1.090,1.299,3,NULL,NULL,,3,0,2,7,255,1060,250,0,0
stim,13623,43744,0,43744,3241074.454,0.793,0.255,0.302,0.464,0,0,20,0,597,0,0,443,55,1.203,1,2075,0,531.825,13.734,-48.813,-527.563,46.188,-0.293,0.262,1.441,-5.637,12.523,-1.613,1.458,1.632,1.090,1.299,3,NULL,NULL,,3,0,2,7,255,1060,250,0,0
stim,13623,43744,0,43744,3241079.455,0.788,0.268,0.319,0.453,0,0,9,0,205,0,0,318,55,1.203,1,2075,0,545.350,12.852,-16.250,-533.188,113.375,-0.770,0.418,1.563,-2.887,12.523,-2.590,1.534,1.710,1.090,1.299,3,NULL,NULL,,3,0,2,7,255,1060,250,0,0
stim,13660,43781,0,43781,3241084.454,0.785,0.282,0.335,0.439,0,0,6,0,0,0,0,199,55,1.203,1,2075,0,594.190,17.101,-8.938,-559.938,198.625,-1.406,0.352,1.563,-2.887,16.855,-6.109,1.618,1.796,1.090,1.299,3,NULL,NULL,,3,0,2,7,255,1060,250,0,0
stim,13660,43781,0,43781,3241089.455,0.780,0.297,0.351,0.425,0,0,0,0,0,0,0,104,55,1.203,1,2075,0,612.027,20.691,-27.750,-578.063,199.125,-1.648,0.492,1.430,-5.926,19.824,-11.648,1.710,1.890,1.090,1.299,4,NULL,NULL,,3,0,2,7,255,1060,250,0,0
stim,13660,43781,0,43781,3241094.453,0.772,0.312,0.366,0.415,0,0,0,0,0,0,0,30,55,1.203,1,2075,0,567.179,20.691,-85.188,-549.125,113.563,-1.184,0.965,1.023,-5.926,19.824,-15.594,1.804,1.986,1.090,1.299,4,NULL,NULL,,3,0,2,7,255,1060,250,0,0
stim,13660,43781,0,43781,3241099.455,0.764,0.326,0.380,0.408,0,0,0,0,0,0,0,40,55,1.203,1,2075,0,516.512,16.916,-132.188,-496.938,48.625,-0.547,1.359,0.773,0.922,16.891,-15.594,1.896,2.080,1.090,1.299,0,NULL,NULL,,3,0,2,7,255,1060,250,0,0
stim,13660,43781,0,43781,3241104.453,0.755,0.341,0.389,0.402,0,0,0,0,0,0,0,80,55,1.203,1,2075,0,469.508,15.758,-187.938,-423.688,74.875,-0.223,1.281,0.539,7.441,13.891,-13.320,1.980,2.164,1.090,1.299,0,NULL,NULL,,3,0,2,7,255,1060,250,0,0
stim,13660,43781,0,43781,3241109.455,0.749,0.353,0.396,0.396,0,0,0,0,0,0,0,109,55,1.203,1,2075,0,376.578,12.758,-132.313,-340.938,89.813,-0.195,0.703,0.605,7.441,10.363,-12.004,2.050,2.236,1.090,1.299,0,NULL,NULL,,3,0,2,7,255,1060,250,0,0
stim,13707,43828,0,43828,3241114.454,0.746,0.360,0.402,0.390,0,0,0,0,0,0,0,167,55,1.203,1,2075,0,254.449,10.962,-30.563,-239.750,79.563,-0.645,-0.012,1.270,3.574,10.363,-10.488,2.104,2.290,1.090,1.299,0,NULL,NULL,,3,0,2,7,255,1060,250,0,0
stim,13707,43828,0,43828,3241119.455,0.744,0.365,0.405,0.387,0,0,0,0,0,0,0,178,55,1.203,1,2075,0,159.079,13.953,-51.313,-144.250,43.188,-1.152,-0.207,2.055,-6.191,12.504,-10.488,2.150,2.340,1.090,1.299,0,NULL,NULL,,3,0,2,7,255,1060,250,0,0
stim,13707,43828,0,43828,3241124.454,0.740,0.371,0.403,0.391,0,0,0,0,0,0,0,185,55,1.203,1,2075,0,198.631,20.941,-193.813,-33.688,-27.500,-1.203,0.047,1.805,-8.988,18.914,-11.277,2.198,2.390,1.090,1.299,0,NULL,NULL,,3,0,2,7,255,1060,250,0,0
stim,13707,43828,0,43828,3241129.455,0.735,0.378,0.397,0.399,0,0,0,0,0,0,0,145,55,1.203,1,2075,0,304.464,20.941,-287.875,74.625,-65.250,-0.887,0.477,0.641,-8.988,18.914,-13.418,2.248,2.442,1.090,1.299,0,NULL,NULL,,3,0,2,7,255,1060,250,0,0
stim,13707,43828,0,43828,3241134.454,0.733,0.382,0.389,0.408,0,0,0,0,0,0,0,108,55,1.203,1,2075,0,296.627,9.745,-243.313,159.625,-57.500,-0.770,0.934,-0.121,-0.711,9.719,-16.223,2.294,2.488,1.090,1.299,0,NULL,NULL,,3,0,2,7,255,1060,250,0,0
stim,13707,43828,0,43828,3241139.455,0.733,0.381,0.381,0.416,0,0,0,0,0,0,0,107,55,1.203,1,2075,0,259.307,6.380,-128.500,218.188,-55.875,-0.836,0.816,-0.063,4.289,4.723,-19.266,2.334,2.530,1.090,1.299,0,NULL,NULL,,3,0,2,7,255,1060,250,0,0
stim,13707,43828,0,43828,3241144.453,0.735,0.377,0.373,0.423,0,0,0,0,0,0,0,91,55,1.203,1,2075,0,272.837,6.380,-63.188,256.938,-66.563,-0.883,0.395,0.547,4.289,4.723,-19.266,2.372,2.572,1.090,1.299,0,NULL,NULL,,3,0,2,7,255,1060,250,0,0
stim,13707,43828,0,43828,3241149.455,0.736,0.373,0.363,0.432,0,0,0,0,0,0,0,101,55,1.203,1,2075,0,310.201,8.928,-93.500,283.688,-83.688,-0.789,0.219,0.805,-0.813,8.891,-15.957,2.414,2.614,1.090,1.299,0,NULL,NULL,,3,0,2,7,255,1060,250,0,0
stim,13707,43828,0,43828,3241154.453,0.737,0.371,0.353,0.442,0,0,0,0,0,0,0,97,55,1.203,1,2075,0,342.601,8.928,-141.938,301.313,-80.250,-0.520,0.277,0.570,-0.813,8.891,-13.441,2.456,2.658,1.090,1.299,0,NULL,NULL,,3,0,2,7,255,1060,250,0,0
stim,13707,43828,0,43828,3241159.455,0.738,0.369,0.341,0.451,0,0,0,0,0,0,0,91,55,1.203,1,2075,0,349.000,7.624,-154.125,309.500,-47.500,-0.305,0.367,0.102,-0.324,7.617,-12.742,2.494,2.700,1.090,1.299,0,NULL,NULL,,3,0,2,7,255,1060,250,0,0
stim,13731,43852,0,43852,3241164.454,0.740,0.366,0.328,0.459,0,0,0,0,0,0,0,86,55,1.203,1,2075,0,335.774,3.708,-121.313,312.813,-13.250,-0.320,0.422,-0.223,2.020,3.109,-12.742,2.526,2.732,1.090,1.299,0,NULL,NULL,,3,0,2,7,255,1060,250,0,0
stim,13731,43852,0,43852,3241169.455,0.743,0.362,0.317,0.465,0,0,0,0,0,0,0,87,55,1.203,1,2075,0,320.721,2.533,-70.375,312.875,-4.313,-0.395,0.402,-0.316,2.457,0.617,-14.570,2.550,2.758,1.090,1.299,0,NULL,NULL,,3,0,2,7,255,1060,250,0,0
stim,13731,43852,0,43852,3241174.454,0.746,0.356,0.307,0.471,0,0,0,0,0,0,0,83,55,1.203,1,2075,0,316.642,2.533,-27.875,315.375,-4.875,-0.320,0.242,-0.172,2.457,0.617,-14.570,2.568,2.780,1.090,1.299,0,NULL,NULL,,3,0,2,7,255,1060,250,0,0
stim,13731,43852,0,43852,3241179.455,0.751,0.350,0.296,0.476,0,0,0,0,0,0,0,73,55,1.203,1,2075,0,317.559,1.119,-3.313,317.063,17.438,-0.105,0.113,-0.141,1.102,0.195,-13.840,2.584,2.796,1.090,1.299,0,NULL,NULL,,3,0,2,7,255,1060,250,0,0
stim,13752,43873,0,43873,3241184.454,0.756,0.343,0.285,0.479,1,0,0,0,0,0,0,72,55,1.203,1,2075,0,320.139,1.311,20.500,314.875,54.063,-0.180,0.305,-0.055,1.102,0.711,-12.262,2.598,2.812,1.090,1.299,0,NULL,NULL,,3,0,2,7,255,1060,250,0,0
stim,13752,43873,0,43873,3241189.455,0.762,0.336,0.275,0.481,0,0,0,0,0,0,0,69,55,1.203,1,2075,0,322.741,2.393,42.313,313.438,64.250,-0.344,0.383,0.078,2.016,1.289,-12.262,2.612,2.828,1.090,1.299,0,NULL,NULL,,3,0,2,7,255,1060,250,0,0
stim,13752,43873,0,43873,3241194.453,0.767,0.328,0.265,0.483,0,0,0,0,0,0,0,61,55,1.203,1,2075,0,321.725,4.019,58.250,311.000,58.250,-0.367,0.254,0.207,2.016,3.477,-12.262,2.630,2.846,1.090,1.299,0,NULL,NULL,,3,0,2,7,255,1060,250,0,0
stim,13752,43873,0,43873,3241199.455,0.773,0.320,0.255,0.485,0,0,0,0,0,0,0,57,55,1.203,1,2075,0,321.262,4.324,69.875,308.125,58.188,-0.301,0.152,0.324,0.656,4.273,-11.773,2.648,2.868,1.090,1.299,0,NULL,NULL,,3,0,2,7,255,1060,250,0,0
stim,13774,43895,0,43895,3241204.454,0.778,0.311,0.246,0.487,0,0,0,0,0,0,0,55,55,1.203,1,2075,0,322.824,4.512,78.938,306.188,65.063,-0.266,0.203,0.469,0.418,4.492,-10.191,2.674,2.894,1.090,1.299,0,NULL,NULL,,3,0,2,7,255,1060,250,0,0
stim,13774,43895,0,43895,3241209.455,0.784,0.302,0.236,0.488,0,0,0,0,0,0,0,51,55,1.203,1,2075,0,324.297,5.528,81.563,306.625,67.063,-0.277,0.289,0.629,0.418,5.512,-9.012,2.704,2.926,1.090,1.299,0,NULL,NULL,,3,0,2,7,255,1060,250,0,0
stim,13805,43926,0,43926,3241214.454,0.789,0.294,0.227,0.490,0,0,0,0,0,0,0,49,55,1.203,1,2075,0,325.554,7.041,77.125,310.188,61.813,-0.289,0.309,0.762,1.086,6.957,-8.082,2.740,2.964,1.090,1.299,0,NULL,NULL,,3,0,2,7,255,1060,250,0,0
stim,13805,43926,0,43926,3241219.455,0.794,0.285,0.217,0.491,0,0,0,0,0,0,0,48,55,1.203,1,2075,0,328.395,8.023,69.500,316.188,55.125,-0.305,0.281,0.871,1.086,7.949,-7.094,2.778,3.004,1.090,1.299,0,NULL,NULL,,3,0,2,7,255,1060,250,0,0
stim,13805,43926,0,43926,3241224.454,0.799,0.276,0.206,0.494,0,0,0,0,0,0,0,45,55,1.203,1,2075,0,332.727,8.634,59.438,323.688,49.000,-0.336,0.277,0.984,0.828,8.594,-6.109,2.822,3.048,1.090,1.299,0,NULL,NULL,,3,0,2,7,255,1060,250,0,0
stim,13805,43926,0,43926,3241229.455,0.803,0.268,0.195,0.496,0,0,0,0,0,0,0,48,55,1.203,1,2075,0,337.692,9.447,44.938,332.438,38.750,-0.340,0.316,1.074,0.828,9.410,-5.203,2.866,3.096,1.090,1.299,0,NULL,NULL,,3,0,2,7,255,1060,250,0,0
stim,13805,43926,0,43926,3241234.454,0.806,0.259,0.184,0.499,0,0,0,0,0,0,0,57,55,1.203,1,2075,0,344.284,9.504,27.625,342.188,26.000,-0.270,0.316,1.094,1.055,9.445,-4.395,2.910,3.142,1.090,1.299,0,NULL,NULL,,3,0,2,7,255,1060,250,0,0
stim,13805,43926,0,43926,3241239.455,0.809,0.251,0.171,0.503,0,0,0,0,0,0,0,55,55,1.203,1,2075,0,352.949,9.557,12.813,352.188,19.313,-0.180,0.262,1.035,1.457,9.445,-3.586,2.956,3.188,1.090,1.299,0,NULL,NULL,,3,0,2,7,255,1060,250,0,0
stim,13805,43926,0,43926,3241244.453,0.812,0.243,0.159,0.506,0,0,0,0,0,0,0,68,55,1.203,1,2075,0,361.088,8.247,5.438,360.500,19.875,-0.148,0.223,0.934,1.457,8.117,-3.582,2.996,3.232,1.090,1.299,0,NULL,NULL,,3,0,2,7,255,1060,250,0,0
stim,13805,43926,0,43926,3241249.455,0.815,0.235,0.146,0.510,0,0,0,0,0,0,0,58,55,1.203,1,2075,0,367.730,7.112,7.500,367.188,18.500,-0.160,0.195,0.848,1.379,6.977,-3.582,3.032,3.268,1.090,1.299,0,NULL,NULL,,3,0,2,7,255,1060,250,0,0
stim,13805,43926,0,43926,3241254.454,0.817,0.226,0.133,0.513,0,0,0,0,0,0,0,76,55,1.203,1,2075,0,372.133,6.421,15.063,371.563,14.063,-0.141,0.172,0.781,1.215,6.305,-4.070,3.064,3.304,1.090,1.299,0,NULL,NULL,,3,0,2,7,255,1060,250,0,0
stim,13805,43926,0,43926,3241259.455,0.819,0.217,0.120,0.517,0,0,0,0,0,0,0,78,55,1.203,1,2075,0,375.291,5.709,28.875,374.000,11.563,-0.086,0.152,0.746,1.215,5.578,-4.184,3.094,3.334,1.090,1.299,0,NULL,NULL,,3,0,2,7,255,1060,250,0,0
stim,13835,43956,0,43956,3241264.454,0.822,0.206,0.108,0.520,0,0,0,0,0,0,0,87,55,1.203,1,2075,0,377.226,4.900,46.063,374.125,14.438,-0.043,0.168,0.750,1.305,4.723,-4.184,3.122,3.364,1.090,1.299,0,NULL,NULL,,3,0,2,7,255,1060,250,0,0
stim,13835,43956,0,43956,3241269.455,0.824,0.196,0.096,0.523,0,0,0,0,0,0,0,85,55,1.203,1,2075,0,378.259,4.597,64.125,372.313,18.750,-0.016,0.191,0.777,1.703,4.270,-3.906,3.148,3.390,1.090,1.299,0,NULL,NULL,,3,0,2,7,255,1060,250,0,0
stim,13835,43956,0,43956,3241274.454,0.827,0.184,0.084,0.525,0,0,0,0,0,0,0,85,55,1.203,1,2075,0,378.604,4.569,82.375,368.688,25.000,0.004,0.180,0.801,2.121,4.047,-3.488,3.172,3.416,1.090,1.299,0,NULL,NULL,,3,0,2,7,255,1060,250,0,0
stim,13835,43956,0,43956,3241279.455,0.829,0.172,0.073,0.527,0,0,0,0,0,0,0,79,55,1.203,1,2075,0,378.618,4.312,102.938,362.938,32.125,-0.004,0.180,0.848,2.148,3.738,-3.078,3.196,3.442,1.090,1.299,0,NULL,NULL,,3,0,2,7,255,1060,250,0,0
stim,13835,43956,0,43956,3241284.454,0.832,0.160,0.063,0.528,0,0,0,0,0,0,0,73,55,1.203,1,2075,0,379.758,4.349,124.250,356.938,37.063,-0.016,0.195,0.922,2.223,3.738,-2.566,3.220,3.468,1.090,1.299,0,NULL,NULL,,3,0,2,7,255,1060,250,0,0
stim,13835,43956,0,43956,3241289.455,0.834,0.146,0.053,0.529,0,0,0,0,0,0,0,73,55,1.203,1,2075,0,381.249,4.574,142.438,351.250,41.063,-0.047,0.211,1.020,2.379,3.906,-1.863,3.244,3.494,1.090,1.299,0,NULL,NULL,,3,0,2,7,255,1060,250,0,0
stim,13867,43988,0,43988,3241294.453,0.837,0.133,0.044,0.530,0,0,0,0,0,0,0,77,55,1.203,1,2075,0,383.102,4.912,157.313,346.563,43.750,-0.094,0.215,1.129,2.469,4.246,-0.930,3.268,3.518,1.090,1.299,0,NULL,NULL,,3,0,2,7,255,1060,250,0,0
stim,13867,43988,0,43988,3241299.455,0.839,0.119,0.035,0.530,0,0,0,0,0,0,0,71,55,1.203,1,2075,0,384.675,5.293,168.813,342.875,43.750,-0.148,0.234,1.254,2.488,4.672,0.109,3.292,3.544,1.090,1.299,0,NULL,NULL,,3,0,2,7,255,1060,250,0,0
stim,13867,43988,0,43988,3241304.454,0.841,0.104,0.026,0.530,0,0,0,0,0,0,0,71,55,1.203,1,2075,0,385.154,5.771,177.188,339.563,40.563,-0.207,0.266,1.398,2.488,5.207,1.332,3.314,3.568,1.090,1.299,0,NULL,NULL,,3,0,2,7,255,1060,250,0,0
stim,13867,43988,0,43988,3241309.455,0.843,0.090,0.018,0.531,0,0,0,0,0,0,0,69,55,1.203,1,2075,0,383.922,6.333,181.750,336.438,34.250,-0.246,0.281,1.551,2.645,5.754,2.734,3.338,3.592,1.090,1.299,0,NULL,NULL,,3,0,2,7,255,1060,250,0,0
stim,13903,44024,0,44024,3241314.454,0.844,0.076,0.010,0.531,0,0,0,0,0,0,0,72,55,1.203,1,2075,0,380.440,6.490,181.750,333.125,27.000,-0.258,0.281,1.699,2.758,5.875,4.313,3.360,3.616,1.090,1.299,0,NULL,NULL,,3,0,2,7,255,1060,250,0,0
stim,13903,44024,0,44024,3241319.455,0.845,0.061,0.002,0.532,0,0,0,0,0,0,0,74,55,1.203,1,2075,0,374.915,6.502,177.813,329.438,20.375,-0.262,0.273,1.828,2.785,5.875,5.934,3.382,3.640,1.090,1.299,0,NULL,NULL,,3,0,2,7,255,1060,250,0,0
stim,13903,44024,0,44024,3241324.454,0.845,0.047,-0.006,0.532,0,0,0,0,0,0,0,67,55,1.203,1,2075,0,367.854,6.172,170.813,325.500,13.750,-0.254,0.277,1.926,2.793,5.504,7.395,3.404,3.664,1.090,1.299,0,NULL,NULL,,3,0,2,7,255,1060,250,0,0
stim,13903,44024,0,44024,3241329.455,0.845,0.034,-0.014,0.533,0,0,0,0,0,0,0,61,55,1.203,1,2075,0,361.151,5.774,163.438,322.000,5.875,-0.230,0.281,1.980,2.941,4.969,8.504,3.426,3.686,1.090,1.299,0,NULL,NULL,,3,0,2,7,255,1060,250,0,0
stim,13903,44024,0,44024,3241334.454,0.845,0.020,-0.022,0.534,0,0,0,0,0,0,0,61,55,1.203,1,2075,0,356.246,5.196,159.188,318.688,-2.938,-0.188,0.246,2.004,3.012,4.234,9.168,3.444,3.704,1.090,1.299,0,NULL,NULL,,3,0,2,7,255,1060,250,0,0
stim,13903,44024,0,44024,3241339.455,0.844,0.007,-0.030,0.535,0,0,0,0,0,0,0,61,55,1.203,1,2075,0,353.928,4.304,158.375,316.375,-9.438,-0.129,0.156,2.012,3.012,3.074,9.566,3.458,3.722,1.090,1.299,0,NULL,NULL,,3,0,2,7,255,1060,250,0,0
stim,13923,44044,0,44044,3241344.453,0.843,-0.006,-0.038,0.536,0,0,0,0,0,0,0,63,55,1.203,1,2075,0,353.543,2.911,160.063,314.938,-13.688,-0.078,0.082,1.980,2.453,1.566,9.566,3.470,3.734,1.090,1.299,0,NULL,NULL,,3,0,2,7,255,1060,250,0,0
stim,13923,44044,0,44044,3241349.455,0.842,-0.020,-0.045,0.537,0,0,0,0,0,0,0,69,55,1.203,1,2075,0,356.519,1.975,167.625,314.125,-18.250,-0.012,0.012,1.910,1.965,0.203,9.527,3.478,3.742,1.090,1.299,0,NULL,NULL,,3,0,2,7,255,1060,250,0,0
stim,13923,44044,0,44044,3241354.454,0.840,-0.034,-0.052,0.539,0,0,0,0,0,0,0,70,55,1.203,1,2075,0,364.908,1.961,186.000,313.125,-22.688,0.082,-0.090,1.852,1.543,-1.211,8.828,3.478,3.746,1.090,1.299,0,NULL,NULL,,3,0,2,7,255,1060,250,0,0
stim,13923,44044,1,44044,3241359.455,0.838,-0.049,-0.059,0.540,0,0,0,0,0,0,0,77,55,1.203,1,2075,0,378.464,3.099,212.500,312.063,-26.375,0.211,-0.184,1.848,0.891,-2.969,8.113,3.474,3.742,1.090,1.299,0,NULL,NULL,,3,1,2,7,255,1060,250,0,0
stim,13923,44044,1,44044,3241364.454,0.836,-0.065,-0.064,0.541,0,0,0,0,0,0,0,75,55,1.203,1,2075,0,397.234,5.126,246.000,310.625,-28.125,0.395,-0.215,1.930,0.805,-5.063,8.090,3.460,3.730,1.090,1.299,0,NULL,NULL,,3,1,2,7,255,1060,250,0,0
stim,13923,44044,1,44044,3241369.455,0.833,-0.082,-0.069,0.543,0,0,0,0,0,0,0,82,55,1.203,1,2075,0,419.660,7.566,280.438,310.750,-30.063,0.629,-0.203,2.098,0.805,-7.523,8.090,3.438,3.710,1.090,1.299,0,NULL,NULL,,3,1,2,7,255,1060,250,0,0
stim,13923,44044,1,44044,3241374.454,0.830,-0.101,-0.073,0.544,0,0,0,0,0,0,0,79,55,1.203,1,2075,0,440.558,10.615,308.563,313.000,-30.188,0.867,-0.176,2.309,1.688,-10.480,8.980,3.404,3.678,1.090,1.299,0,NULL,NULL,,3,1,2,7,255,1060,250,0,0
stim,13923,44044,1,44044,3241379.455,0.827,-0.120,-0.077,0.545,0,0,0,0,0,0,0,81,55,1.203,1,2075,0,455.634,13.858,327.250,316.000,-25.563,1.055,-0.180,2.512,2.652,-13.602,10.094,3.360,3.632,1.090,1.299,0,NULL,NULL,,3,1,2,7,255,1060,250,0,0
stim,13954,44075,1,44075,3241384.454,0.823,-0.140,-0.080,0.545,0,0,0,0,0,0,0,93,55,1.203,1,2075,0,464.659,16.760,338.375,317.938,-18.063,1.172,-0.207,2.723,2.809,-16.523,11.086,3.302,3.576,1.090,1.299,0,NULL,NULL,,3,1,2,7,255,1060,250,0,0
stim,13954,44075,1,44075,3241389.455,0.819,-0.159,-0.084,0.545,0,0,0,0,0,0,0,89,55,1.203,1,2075,0,465.942,19.249,339.938,318.375,-13.500,1.238,-0.219,2.910,2.809,-19.043,12.102,3.232,3.510,1.090,1.299,0,NULL,NULL,,3,1,2,7,255,1060,250,0,0
stim,13954,44075,1,44075,3241394.453,0.815,-0.178,-0.087,0.545,0,0,0,0,0,0,0,93,55,1.203,1,2075,0,457.993,21.254,329.938,317.313,-14.563,1.277,-0.191,3.055,2.508,-21.105,12.922,3.154,3.432,1.090,1.299,0,NULL,NULL,,3,1,2,7,255,1060,250,0,0
stim,13954,44075,1,44075,3241399.455,0.810,-0.197,-0.091,0.544,0,0,0,0,0,0,0,93,55,1.203,1,2075,0,441.141,22.835,309.188,314.063,-19.313,1.270,-0.176,3.156,2.418,-22.707,13.383,3.066,3.344,1.090,1.299,0,NULL,NULL,,3,1,2,7,255,1060,250,0,0
stim,13954,44075,1,44075,3241404.453,0.806,-0.214,-0.096,0.544,0,0,0,0,0,0,0,98,55,1.203,1,2075,0,419.177,23.933,283.813,306.938,-30.813,1.316,-0.102,3.320,2.395,-23.813,13.559,2.968,3.248,1.090,1.299,0,NULL,NULL,,3,1,2,7,255,1060,250,0,0
stim,13954,44075,1,44075,3241409.455,0.800,-0.229,-0.101,0.545,0,0,0,0,0,0,0,118,55,1.203,1,2075,0,388.305,25.593,244.125,297.313,-52.813,1.539,0.055,3.473,2.395,-25.480,14.133,2.862,3.142,1.090,1.299,0,NULL,NULL,,3,1,2,7,255,1060,250,0,0
stim,14007,44128,1,44128,3241414.454,0.796,-0.242,-0.107,0.545,0,0,0,0,0,0,0,140,55,1.203,1,2075,0,344.499,28.593,184.625,283.875,-63.313,1.859,0.039,3.461,4.234,-28.277,14.133,2.746,3.026,1.090,1.299,0,NULL,NULL,,3,1,2,7,255,1060,250,0,0
stim,14007,44128,1,44128,3241419.455,0.791,-0.252,-0.114,0.545,0,0,0,0,0,0,0,159,55,1.203,1,2075,0,298.898,31.950,117.375,267.438,-63.563,2.246,-0.074,3.293,5.063,-31.547,11.801,2.618,2.898,1.090,1.299,0,NULL,NULL,,3,1,2,7,255,1060,250,0,0
stim,14007,44128,1,44128,3241424.454,0.788,-0.259,-0.122,0.545,0,0,0,0,0,0,0,201,55,1.203,1,2075,0,260.260,34.989,50.875,248.750,-57.188,2.547,-0.281,2.863,5.063,-34.621,7.570,2.478,2.760,1.090,1.299,0,NULL,NULL,,3,1,2,7,255,1060,250,0,0
stim,14007,44128,1,44128,3241429.455,0.785,-0.265,-0.130,0.544,0,0,0,0,0,0,0,237,55,1.203,1,2075,0,230.121,36.122,10.250,226.625,-38.625,2.895,-0.344,2.387,5.512,-35.699,1.289,2.332,2.614,1.090,1.299,0,NULL,NULL,,3,1,2,7,255,1060,250,0,0
stim,14007,44128,1,44128,3241434.454,0.784,-0.269,-0.138,0.543,0,0,0,0,0,0,0,283,55,1.203,1,2075,0,207.826,36.653,-11.188,205.063,-31.875,3.219,-0.398,1.898,6.133,-36.137,-5.133,2.182,2.462,1.090,1.299,0,NULL,NULL,,3,1,2,7,255,1060,250,0,0
stim,14007,44128,1,44128,3241439.455,0.782,-0.273,-0.145,0.541,0,0,0,0,0,0,0,317,55,1.203,1,2075,0,181.516,36.874,-12.000,180.688,-12.500,3.688,-0.406,1.504,7.164,-36.172,-11.477,2.024,2.304,1.090,1.299,0,NULL,NULL,,3,1,2,7,255,1060,250,0,0
stim,14007,44128,1,44128,3241444.453,0.781,-0.276,-0.150,0.539,0,0,0,0,0,0,0,338,55,1.203,1,2075,0,161.080,38.510,0.750,159.688,21.125,4.074,-0.586,0.980,9.074,-37.426,-17.621,1.860,2.140,1.090,1.299,0,NULL,NULL,,3,1,2,7,255,1060,250,0,0
stim,14007,44128,1,44128,3241449.455,0.782,-0.282,-0.152,0.535,0,0,0,0,0,0,0,343,55,1.203,1,2075,0,155.216,38.719,47.063,127.813,74.438,4.223,-1.102,0.785,9.074,-37.641,-24.742,1.694,1.970,1.090,1.299,0,NULL,NULL,,3,1,2,7,255,1060,250,0,0
stim,14007,44128,1,44128,3241454.453,0.782,-0.287,-0.153,0.531,0,0,0,0,0,0,0,337,55,1.203,1,2075,0,157.980,39.196,72.000,97.125,101.688,3.996,-1.719,0.813,5.445,-38.816,-28.730,1.520,1.794,1.090,1.299,0,NULL,NULL,,3,1,2,7,255,1060,250,0,0
stim,14007,44128,1,44128,3241459.455,0.783,-0.294,-0.151,0.527,0,0,0,0,0,0,0,308,55,1.203,1,2075,0,184.741,38.822,124.750,66.375,119.000,3.898,-1.926,0.754,-0.641,-38.816,-29.242,1.340,1.612,1.090,1.299,0,NULL,NULL,,3,1,2,7,255,1060,250,0,0
stim,14030,44151,1,44151,3241464.454,0.784,-0.302,-0.146,0.522,0,0,0,0,0,0,0,288,55,1.203,1,2075,0,254.134,38.883,189.313,33.563,166.188,3.715,-1.793,1.242,-1.750,-38.844,-29.242,1.158,1.426,1.090,1.299,0,NULL,NULL,,3,1,2,7,255,1060,250,0,0
stim,14030,44151,1,44151,3241469.455,0.786,-0.311,-0.138,0.517,0,0,0,0,0,0,0,267,55,1.203,1,2075,0,288.557,38.267,215.000,-2.813,192.438,2.895,-1.336,2.070,-1.750,-38.227,-25.344,0.978,1.240,1.090,1.299,0,NULL,NULL,,3,1,2,7,255,1060,250,0,0
stim,14030,44151,1,44151,3241474.454,0.786,-0.317,-0.132,0.514,0,0,0,0,0,0,0,261,55,1.203,1,2075,0,226.521,37.186,176.500,-31.813,138.375,2.207,-1.082,2.699,-1.750,-37.145,-13.523,0.802,1.054,1.090,1.299,0,NULL,NULL,,3,1,2,7,255,1060,250,0,0
stim,14030,44151,1,44151,3241479.455,0.788,-0.321,-0.125,0.511,0,0,0,176,0,0,0,381,55,1.203,1,2075,0,193.607,37.228,132.500,-72.813,120.938,1.824,-1.512,3.594,-2.484,-37.145,-4.441,0.636,0.870,1.090,1.299,0,NULL,NULL,,3,1,2,7,255,1060,250,0,0
stim,14052,44173,1,44173,3241484.454,0.793,-0.335,-0.097,0.499,349,0,0,920,0,27,0,424,55,1.203,1,2075,0,767.700,40.337,508.875,-270.500,507.188,0.824,-0.242,7.961,-8.914,-39.340,2.855,0.486,0.690,1.090,1.299,0,NULL,NULL,,3,1,2,7,255,1060,250,0,0
stim,14052,44173,1,44173,3241489.455,0.807,-0.327,-0.090,0.484,972,0,0,1480,0,215,0,509,55,1.203,1,2075,0,528.611,40.337,-202.063,-136.313,469.063,-0.734,1.629,8.051,-8.914,-39.340,45.289,0.372,0.516,1.090,1.299,0,NULL,NULL,,3,1,2,7,255,1060,250,0,0
stim,14052,44173,1,44173,3241494.453,0.831,-0.286,-0.105,0.466,1563,0,0,1823,0,503,0,568,55,1.203,1,2075,0,1226.690,37.378,-1154.875,-120.875,395.500,-1.324,3.910,2.523,-1.699,-37.340,45.289,0.324,0.368,1.090,1.299,0,NULL,NULL,,3,1,2,7,255,1060,250,0,0
stim,14052,44173,1,44173,3241499.455,0.849,-0.245,-0.119,0.453,1981,0,0,1993,0,611,0,599,55,1.203,1,2076,0,1102.222,24.072,-1068.250,-136.375,234.813,-1.836,3.879,-2.070,21.184,11.434,29.801,0.348,0.288,1.090,1.299,1,1047.000,-13.000,,3,1,2,7,255,1060,250,0,0
stim,14074,44195,1,44195,3241504.453,0.857,-0.224,-0.125,0.447,2184,0,0,2108,0,863,0,633,55,1.203,1,2076,0,544.902,44.908,-523.625,-97.813,114.750,-2.035,2.121,-3.141,21.184,39.598,-8.930,0.380,0.294,1.090,1.299,1,NULL,NULL,,3,1,2,7,255,1060,250,0,0
stim,14074,44195,1,44195,3241509.455,0.859,-0.219,-0.120,0.448,2349,0,0,2175,0,977,0,739,55,1.203,1,2076,0,175.430,39.845,-63.813,-163.063,10.688,-1.113,-0.297,-0.922,4.430,39.598,-14.113,0.394,0.328,1.090,1.299,1,NULL,NULL,,3,1,2,7,255,1060,250,0,0
stim,14104,44225,1,44225,3241514.454,0.860,-0.220,-0.112,0.448,2459,0,0,2245,0,1132,0,802,55,1.203,1,2076,0,169.201,11.367,81.438,-139.063,51.563,0.188,0.492,1.563,4.430,10.469,-14.113,0.398,0.362,1.090,1.299,1,NULL,NULL,,3,1,2,7,255,1060,250,0,0
stim,14104,44225,1,44225,3241519.455,0.863,-0.217,-0.107,0.443,2623,0,0,2443,0,1262,0,839,55,1.203,1,2076,0,191.802,5.588,-34.250,-129.063,137.688,0.309,2.664,2.172,5.254,1.902,4.242,0.408,0.392,1.090,1.299,1,NULL,NULL,,3,1,2,7,255,1060,250,0,0
stim,14104,44225,1,44225,3241524.454,0.869,-0.207,-0.105,0.437,2760,0,0,2608,0,1291,0,921,55,1.203,1,2076,0,286.819,10.763,-204.938,-118.500,161.938,-0.879,1.938,2.121,10.594,1.902,14.586,0.428,0.426,1.090,1.299,2,NULL,NULL,,3,1,2,7,255,1060,250,0,0
stim,14104,44225,1,44225,3241529.455,0.877,-0.189,-0.105,0.430,2855,0,0,2731,0,1335,0,1041,55,1.203,1,2076,0,478.263,12.915,-412.375,-169.313,173.250,-2.145,-0.551,0.809,10.594,7.387,14.586,0.454,0.460,1.090,1.299,2,NULL,NULL,,3,1,2,7,255,1060,250,0,0
stim,14104,44225,1,44225,3241534.454,0.880,-0.170,-0.106,0.430,2921,0,0,2808,0,1399,0,1197,55,1.203,1,2076,0,442.952,18.894,-407.500,-170.688,-31.875,-2.113,-1.363,-0.816,-16.805,8.637,3.605,0.472,0.488,1.090,1.299,2,NULL,NULL,,3,1,2,7,255,1060,250,0,0
stim,14104,44225,1,44225,3241539.455,0.879,-0.159,-0.103,0.437,2971,0,0,2901,0,1471,0,1341,55,1.203,1,2076,0,304.086,18.894,-170.813,-192.688,-161.750,-0.840,-0.949,-0.898,-16.805,8.637,-12.672,0.468,0.500,1.090,1.299,2,NULL,NULL,,3,1,2,7,255,1060,250,0,0
stim,14104,44225,1,44225,3241544.453,0.876,-0.157,-0.096,0.445,2999,0,0,2965,0,1543,0,1447,55,1.203,1,2076,0,272.471,13.542,53.938,-192.750,-184.875,0.320,-0.586,0.656,-13.023,3.711,-12.672,0.438,0.494,1.090,1.299,2,NULL,NULL,,3,1,2,7,255,1060,250,0,0
stim,14104,44225,1,44225,3241549.455,0.874,-0.155,-0.089,0.451,3043,0,0,3015,0,1615,0,1501,55,1.203,1,2076,0,217.659,8.291,56.875,-170.688,-122.500,0.895,-0.789,2.063,-2.559,-7.887,-5.664,0.394,0.476,1.090,1.299,2,NULL,NULL,,3,1,2,7,255,1060,250,0,0
stim,14104,44225,1,44225,3241554.454,0.875,-0.149,-0.085,0.453,3053,0,0,3064,0,1715,0,1545,55,1.203,1,2076,0,174.915,17.978,-75.438,-152.625,-40.125,1.117,-1.180,2.230,-2.406,-17.816,5.379,0.348,0.452,1.090,1.299,2,NULL,NULL,,3,1,2,7,255,1060,250,0,0
stim,14104,44225,1,44225,3241559.455,0.878,-0.139,-0.083,0.451,3076,0,0,3101,0,1833,0,1579,55,1.203,1,2076,0,248.547,21.335,-193.000,-140.375,69.438,1.074,-1.531,1.539,-2.406,-21.199,5.379,0.310,0.416,1.090,1.299,2,NULL,NULL,,3,1,2,7,255,1060,250,0,0
stim,14135,44256,1,44256,3241564.454,0.883,-0.130,-0.081,0.444,3089,0,0,3117,0,1935,0,1621,55,1.203,1,2076,0,305.018,21.897,-209.250,-129.375,180.313,0.402,-1.457,0.625,-5.484,-21.199,-0.402,0.278,0.364,1.090,1.299,2,NULL,NULL,,3,1,2,7,255,1060,250,0,0
stim,14135,44256,1,44256,3241569.455,0.889,-0.123,-0.077,0.435,3099,0,0,3155,0,2042,0,1678,55,1.203,1,2076,0,285.949,15.842,-130.563,-134.000,216.250,-0.484,-0.785,0.207,-8.871,-13.125,-6.777,0.258,0.304,1.090,1.299,2,NULL,NULL,,3,1,2,7,255,1060,250,0,0
stim,14135,44256,1,44256,3241574.454,0.892,-0.119,-0.072,0.430,3091,0,0,3155,73,2131,0,1737,55,1.203,1,2076,0,208.841,9.021,-32.875,-141.938,149.625,-0.918,0.012,0.563,-8.871,-1.637,-6.777,0.250,0.246,1.090,1.299,2,NULL,NULL,,3,1,2,7,255,1060,250,0,0
stim,14135,44256,1,44256,3241579.455,0.893,-0.117,-0.066,0.429,3103,0,0,3166,408,2247,0,1900,55,1.203,1,2076,0,149.997,7.516,-3.438,-143.125,44.750,-0.785,0.523,1.262,-5.297,5.332,-2.395,0.246,0.204,1.090,1.299,2,NULL,NULL,,3,1,2,7,255,1060,250,0,0
stim,14135,44256,1,44256,3241584.454,0.893,-0.113,-0.062,0.430,3109,0,0,3171,629,2309,101,2031,55,1.203,1,2076,0,143.402,5.344,-38.688,-133.625,-34.813,-0.199,0.500,1.773,-0.359,5.332,4.480,0.242,0.178,1.090,1.299,2,NULL,NULL,,3,1,2,7,255,1060,250,0,0
stim,14135,44256,1,44256,3241589.455,0.893,-0.109,-0.060,0.433,3104,0,0,3176,915,2359,85,2143,55,1.203,1,2076,0,115.160,3.206,-53.438,-73.188,-71.063,0.547,0.227,2.145,3.191,0.301,8.063,0.234,0.168,1.090,1.299,2,NULL,NULL,,3,1,2,7,255,1060,250,0,0
stim,14168,44289,1,44289,3241594.453,0.892,-0.104,-0.060,0.435,3111,0,0,3175,1162,2395,85,2205,55,1.203,1,2076,0,125.137,9.508,-102.250,-49.938,-52.063,0.816,0.148,1.270,5.742,-7.578,8.063,0.230,0.168,1.090,1.299,2,NULL,NULL,,3,1,2,7,255,1060,250,0,0
stim,14168,44289,1,44289,3241599.455,0.892,-0.101,-0.059,0.436,3107,0,0,3181,1276,2423,99,2267,55,1.203,1,2076,0,65.705,9.971,-45.875,-45.313,-12.625,0.652,0.520,0.930,6.480,-7.578,0.875,0.230,0.166,1.090,1.299,2,NULL,NULL,,3,1,2,7,255,1060,250,0,0
stim,14168,44289,1,44289,3241604.454,0.893,-0.099,-0.059,0.435,3104,0,0,3173,1397,2443,109,2311,55,1.203,1,2076,0,43.507,7.521,-33.125,-26.000,10.938,-0.113,-0.133,1.359,6.480,-3.816,0.875,0.238,0.156,1.090,1.299,2,NULL,NULL,,3,1,2,7,255,1060,250,0,0
stim,14168,44289,0,44289,3241609.455,0.893,-0.095,-0.060,0.437,3103,11,0,3187,1507,2459,110,2362,55,1.203,1,2076,0,107.167,3.037,-98.000,-23.125,-36.688,-0.535,-0.453,1.199,-1.211,-2.785,2.309,0.254,0.142,1.090,1.299,2,NULL,NULL,,3,0,2,7,255,1055,250,0,0
stim,14211,44332,0,44332,3241614.453,0.891,-0.092,-0.061,0.440,3109,27,0,3177,1578,2463,115,2387,55,1.203,1,2076,0,107.959,1.768,-69.875,-21.500,-79.438,-0.094,-0.117,0.621,-1.250,-1.250,2.309,0.276,0.122,1.090,1.299,2,NULL,NULL,,3,0,2,7,255,1055,250,0,0
stim,14211,44332,0,44332,3241619.455,0.890,-0.091,-0.060,0.443,3109,41,0,3183,1637,2495,120,2425,55,1.203,1,2076,0,88.373,1.768,-4.500,-16.250,-86.750,0.129,0.066,0.863,-1.250,-1.250,-1.730,0.296,0.104,1.090,1.299,2,NULL,NULL,,3,0,2,7,255,1055,250,0,0
stim,14211,44332,0,44332,3241624.454,0.889,-0.090,-0.060,0.445,3098,41,0,3190,1699,2506,123,2443,55,1.203,1,2076,0,56.166,2.643,-1.625,-14.688,-54.188,0.184,-0.035,1.195,1.293,-2.305,-1.730,0.312,0.086,1.090,1.299,2,NULL,NULL,,3,0,2,7,255,1055,250,0,0
stim,14211,44332,0,44332,3241629.455,0.889,-0.088,-0.060,0.446,3104,81,0,3193,1751,2515,125,2469,55,1.203,1,2076,0,46.947,3.589,-42.063,-9.375,-18.625,-0.031,-0.238,1.129,1.293,-3.348,0.914,0.322,0.074,1.090,1.299,2,NULL,NULL,,3,0,2,7,255,1055,250,0,0
stim,14211,44332,0,44332,3241634.454,0.889,-0.086,-0.061,0.446,3099,101,0,3183,1799,2517,121,2474,55,1.203,1,2076,0,60.931,3.684,-57.313,-9.250,-18.500,-0.250,-0.199,0.863,-1.539,-3.348,0.914,0.330,0.066,1.090,1.299,2,NULL,NULL,,3,0,2,7,255,1055,250,0,0
stim,14211,44332,0,44332,3241639.455,0.888,-0.084,-0.062,0.448,3111,101,0,3193,1819,2524,115,2490,55,1.203,1,2076,0,55.840,1.786,-29.813,-9.500,-46.250,-0.199,0.008,0.840,-1.539,-0.906,-1.207,0.338,0.058,1.090,1.299,2,NULL,NULL,,3,0,2,7,255,1055,250,0,0
stim,14211,44332,0,44332,3241644.453,0.887,-0.084,-0.061,0.450,3113,111,0,3191,1861,2531,115,2501,55,1.203,1,2076,0,57.183,1.142,-10.188,-8.063,-55.688,0.000,0.105,1.027,-0.695,-0.906,-1.207,0.348,0.050,1.090,1.299,2,NULL,NULL,,3,0,2,7,255,1055,250,0,0
stim,14211,44333,0,44333,3241649.455,0.886,-0.082,-0.062,0.452,3112,117,11,3191,1893,2539,109,2513,55,1.203,1,2076,0,43.630,1.652,-18.875,-4.625,-39.063,0.066,0.004,1.125,0.988,-1.324,0.113,0.358,0.040,1.090,1.299,2,NULL,NULL,,3,0,2,7,255,1055,250,0,0
stim,14246,44367,0,44367,3241654.454,0.886,-0.081,-0.062,0.452,3101,133,17,3177,1913,2535,111,2523,55,1.203,1,2076,0,37.000,2.365,-30.625,-2.875,-20.563,-0.004,-0.047,1.031,0.988,-2.148,0.113,0.364,0.036,1.090,1.299,2,NULL,NULL,,3,0,2,7,255,1055,250,0,0
stim,14246,44367,0,44367,3241659.455,0.886,-0.080,-0.062,0.453,3111,131,71,3192,1945,2539,107,2521,55,1.203,1,2076,0,28.229,2.153,-24.688,-3.188,-13.313,-0.086,0.008,0.926,0.141,-2.148,0.086,0.370,0.032,1.090,1.299,2,NULL,NULL,,3,0,2,7,255,1055,250,0,0
stim,14246,44367,0,44367,3241664.453,0.885,-0.079,-0.062,0.454,3113,135,117,3189,1955,2539,103,2525,55,1.203,1,2076,0,21.434,0.974,-12.563,-1.375,-17.313,-0.121,-0.012,0.941,0.059,-0.973,-0.539,0.376,0.026,1.090,1.299,2,NULL,NULL,,3,0,2,7,255,1055,250,0,0
stim,14246,44367,0,44367,3241669.455,0.885,-0.079,-0.063,0.454,3112,131,169,3187,1965,2549,93,2525,55,1.203,1,2076,0,22.413,0.973,-8.125,-0.750,-20.875,-0.086,-0.012,1.004,-0.020,-0.973,-0.539,0.384,0.022,1.090,1.299,2,NULL,NULL,,3,0,2,7,255,1055,250,0,0
stim,14246,44367,0,44367,3241674.454,0.885,-0.078,-0.063,0.455,3103,128,212,3180,1979,2539,61,2523,55,1.203,1,2076,0,17.109,1.153,-7.875,0.188,-15.188,-0.066,0.027,1.016,-0.020,-1.152,-0.012,0.392,0.016,1.090,1.299,2,NULL,NULL,,3,0,2,7,255,1055,250,0,0
stim,14246,44367,0,44367,3241679.455,0.885,-0.078,-0.063,0.455,3111,142,232,3181,1991,2541,41,2525,55,1.213,1,2076,1,12.669,1.224,-7.438,1.188,-10.188,-0.094,0.078,1.027,0.414,-1.152,0.113,0.000,0.000,1.096,1.286,2,NULL,NULL,,3,0,2,7,255,1055,250,0,0
stim,14246,44367,0,44367,3241684.454,0.885,-0.077,-0.063,0.456,3097,141,249,3173,2003,2545,27,2525,55,1.213,1,2076,1,11.615,0.942,-8.375,0.875,-8.000,-0.117,0.094,1.047,0.652,-0.680,0.293,0.004,0.004,1.096,1.286,2,NULL,NULL,,3,0,2,7,255,1055,250,0,0
stim,14246,44367,0,44367,3241689.455,0.884,-0.077,-0.063,0.456,3099,139,254,3181,2004,2538,18,2519,55,1.213,1,2076,1,12.500,0.775,-8.375,1.688,-9.125,-0.133,0.086,1.031,0.652,-0.418,0.402,0.010,0.006,1.096,1.286,2,NULL,NULL,,3,0,2,7,255,1055,250,0,0
stim,14246,44367,0,44367,3241694.454,0.884,-0.077,-0.063,0.456,3099,143,263,3164,2004,2539,8,2515,55,1.213,1,2076,1,14.057,0.649,-5.813,1.688,-12.688,-0.129,0.074,1.016,0.512,-0.398,0.402,0.014,0.008,1.096,1.286,2,NULL,NULL,,3,0,2,7,255,1055,250,0,0
stim,14246,44367,0,44367,3241699.455,0.884,-0.077,-0.063,0.457,3103,139,288,3169,1999,2531,4,2509,55,1.213,1,2076,1,13.320,0.649,-3.563,2.313,-12.625,-0.109,0.066,1.031,0.512,-0.398,0.348,0.018,0.012,1.096,1.286,2,NULL,NULL,,3,0,2,7,255,1055,250,0,0
stim,14268,44389,0,44389,3241704.453,0.884,-0.077,-0.063,0.457,3087,134,293,3172,1999,2531,7,2515,55,1.213,1,2076,1,8.577,0.759,-4.813,1.188,-7.000,-0.113,0.063,1.027,0.453,-0.609,0.305,0.022,0.014,1.096,1.286,2,NULL,NULL,,3,0,2,7,255,1055,250,0,0
stim,14268,44389,0,44389,3241709.455,0.884,-0.076,-0.063,0.457,3089,138,297,3160,1995,2533,3,2507,55,1.213,1,2076,1,7.262,0.757,-6.313,0.438,-3.563,-0.156,0.063,1.008,0.449,-0.609,0.305,0.024,0.016,1.096,1.286,2,NULL,NULL,,3,0,2,7,255,1055,250,0,0
stim,14307,44428,0,44428,3241714.453,0.884,-0.076,-0.064,0.457,3077,136,297,3149,1995,2523,4,2513,55,1.213,1,2076,1,7.454,0.315,-4.500,-0.250,-5.938,-0.188,0.035,0.961,0.219,-0.227,0.188,0.028,0.018,1.096,1.286,2,NULL,NULL,,3,0,2,7,255,1055,250,0,0
stim,14307,44428,0,44428,3241719.455,0.884,-0.076,-0.063,0.458,3078,135,307,3149,1993,2517,0,2507,55,1.213,1,2076,1,8.990,0.248,-0.313,-1.750,-8.813,-0.156,0.027,0.965,-0.102,-0.227,-0.223,0.030,0.020,1.096,1.286,2,NULL,NULL,,3,0,2,7,255,1055,250,0,0
stim,14307,44428,0,44428,3241724.454,0.883,-0.076,-0.063,0.458,3059,127,310,3130,1997,2519,3,2507,55,1.213,1,2076,1,6.410,0.351,2.375,-3.750,-4.625,-0.137,0.039,0.977,-0.102,-0.336,-0.223,0.032,0.020,1.096,1.286,2,NULL,NULL,,3,0,2,7,255,1055,250,0,0
stim,14307,44428,0,44428,3241729.455,0.883,-0.076,-0.063,0.458,3057,120,329,3131,1993,2517,1,2515,55,1.213,1,2076,1,4.526,0.446,0.313,-3.000,-3.375,-0.133,0.047,1.016,0.105,-0.434,-0.133,0.034,0.022,1.096,1.286,2,NULL,NULL,,3,0,2,7,255,1055,250,0,0
stim,14307,44428,0,44428,3241734.453,0.883,-0.076,-0.063,0.458,3039,93,333,3121,2002,2515,3,2505,55,1.213,1,2076,1,5.565,0.521,-2.875,-4.563,1.375,-0.117,0.043,0.996,0.211,-0.477,-0.004,0.036,0.022,1.096,1.286,2,NULL,NULL,,3,0,2,7,255,1055,250,0,0
stim,14307,44428,0,44428,3241739.455,0.884,-0.076,-0.063,0.458,3035,85,345,3109,2009,2513,10,2514,55,1.213,1,2076,1,7.606,0.521,0.188,-5.938,4.750,-0.168,0.039,0.953,0.211,-0.477,-0.004,0.038,0.024,1.096,1.286,2,NULL,NULL,,3,0,2,7,255,1055,250,0,0
stim,14307,44428,0,44428,3241744.454,0.884,-0.076,-0.062,0.458,3026,85,345,3103,2003,2503,31,2507,55,1.213,1,2076,1,7.613,0.176,4.750,-5.875,-0.938,-0.176,0.066,0.973,0.094,-0.148,-0.098,0.042,0.026,1.096,1.286,2,NULL,NULL,,3,0,2,7,255,1055,250,0,0
stim,14307,44428,0,44428,3241749.455,0.884,-0.076,-0.062,0.458,3016,83,360,3091,2023,2491,41,2517,55,1.213,1,2076,1,10.211,0.096,6.500,-7.875,0.000,-0.156,0.102,1.012,0.094,0.020,-0.098,0.042,0.026,1.096,1.286,2,NULL,NULL,,3,0,2,7,255,1055,250,0,0
stim,14307,44428,0,44428,3241754.453,0.884,-0.076,-0.061,0.458,2991,87,371,3087,2024,2491,43,2518,55,1.213,1,2076,1,8.844,0.390,3.125,-7.438,-3.625,-0.168,0.098,1.008,0.387,0.051,0.234,0.044,0.024,1.096,1.286,2,NULL,NULL,,3,0,2,7,255,1055,250,0,0
stim,14307,44428,0,44428,3241759.455,0.884,-0.076,-0.061,0.458,2991,92,398,3077,2037,2489,61,2531,55,1.213,1,2076,1,9.056,0.489,0.938,-9.000,-0.375,-0.156,0.109,0.988,0.484,0.070,0.234,0.044,0.024,1.096,1.286,2,NULL,NULL,,3,0,2,7,255,1055,250,0,0
stim,14334,44455,0,44455,3241764.454,0.884,-0.076,-0.057,0.458,2969,100,482,3046,2069,2489,79,2532,55,1.213,1,2076,1,10.914,0.403,2.250,-10.250,-3.000,-0.184,0.078,0.977,0.387,0.113,0.023,0.044,0.022,1.096,1.286,2,NULL,NULL,,3,0,2,7,255,1055,250,0,0
stim,14334,44455,0,44455,3241769.455,0.884,-0.076,-0.057,0.458,2957,103,557,3037,2097,2488,103,2543,55,1.213,1,2076,1,12.334,0.465,3.250,-11.313,-3.688,-0.168,0.113,0.977,0.422,0.195,-0.035,0.042,0.020,1.096,1.286,2,NULL,NULL,,3,0,2,7,255,1055,250,0,0
stim,14334,44455,0,44455,3241774.454,0.884,-0.076,-0.056,0.459,2949,119,621,3028,2111,2492,123,2555,55,1.213,1,2076,1,15.073,0.465,5.188,-12.875,-5.875,-0.156,0.113,1.000,0.422,0.195,-0.035,0.040,0.018,1.096,1.286,2,NULL,NULL,,3,0,2,7,255,1055,250,0,0
stim,14334,44455,0,44455,3241779.455,0.884,-0.076,-0.055,0.459,2923,135,675,3018,2159,2495,147,2567,55,1.213,1,2076,1,14.251,0.551,3.063,-13.563,-3.125,-0.152,0.156,1.008,0.480,0.270,0.141,0.040,0.014,1.096,1.286,2,NULL,NULL,,3,0,2,7,255,1055,250,0,0
stim,14352,44473,0,44473,3241784.453,0.884,-0.075,-0.055,0.459,2904,143,715,2989,2203,2505,157,2581,55,1.213,1,2076,1,15.758,0.926,2.188,-14.188,-6.500,-0.160,0.164,1.020,0.859,0.344,0.250,0.038,0.012,1.096,1.286,2,NULL,NULL,,3,0,2,7,255,1055,250,0,0
stim,14352,44473,0,44473,3241789.455,0.883,-0.075,-0.054,0.459,2879,151,765,2985,2251,2509,226,2605,55,1.213,1,2076,1,16.008,0.956,0.688,-13.813,-8.063,-0.145,0.180,1.020,0.867,0.402,0.363,0.038,0.008,1.096,1.286,2,NULL,NULL,,3,0,2,7,255,1055,250,0,0
stim,14352,44473,0,44473,3241794.454,0.883,-0.075,-0.054,0.460,2858,168,821,2968,2285,2505,273,2613,55,1.213,1,2076,1,17.495,1.085,-0.500,-13.938,-10.563,-0.129,0.164,1.016,1.008,0.402,0.363,0.038,0.006,1.096,1.286,2,NULL,NULL,,3,0,2,7,255,1055,250,0,0
stim,14352,44473,0,44473,3241799.455,0.883,-0.075,-0.053,0.460,2841,179,939,2973,2323,2515,302,2631,55,1.213,1,2076,1,17.459,1.036,-2.375,-13.500,-10.813,-0.129,0.109,1.004,1.008,0.238,0.285,0.040,0.008,1.096,1.286,2,NULL,NULL,,3,0,2,7,255,1055,250,0,0
stim,14374,44495,0,44495,3241804.453,0.883,-0.074,-0.053,0.461,2825,185,995,2937,2345,2515,346,2635,55,1.213,1,2076,1,18.633,0.577,-3.000,-13.313,-12.688,-0.117,0.074,0.980,0.574,-0.055,0.125,0.042,0.010,1.096,1.286,2,NULL,NULL,,3,0,2,7,255,1055,250,0,0
stim,14374,44495,0,44495,3241809.455,0.883,-0.074,-0.052,0.461,2795,200,1079,2933,2379,2525,412,2647,55,1.213,1,2076,1,19.068,0.440,-1.813,-12.750,-14.063,-0.129,0.051,0.973,0.348,-0.270,-0.125,0.046,0.014,1.096,1.286,2,NULL,NULL,,3,0,2,7,255,1055,250,0,0
stim,14405,44526,0,44526,3241814.454,0.882,-0.073,-0.052,0.462,2781,237,1162,2914,2413,2523,447,2661,55,1.213,1,2076,1,20.848,0.316,-1.250,-13.000,-16.250,-0.129,0.063,0.992,0.164,-0.270,-0.125,0.048,0.016,1.096,1.286,2,NULL,NULL,,3,0,2,7,255,1055,250,0,0
stim,14405,44526,0,44526,3241819.455,0.882,-0.073,-0.051,0.463,2765,246,1235,2905,2449,2523,500,2665,55,1.213,1,2076,1,23.608,0.262,-4.438,-12.250,-19.688,-0.145,0.047,0.996,0.066,-0.254,0.004,0.050,0.016,1.096,1.286,2,NULL,NULL,,3,0,2,7,255,1055,250,0,0
stim,14405,44526,0,44526,3241824.454,0.882,-0.072,-0.051,0.464,2735,253,1288,2891,2479,2529,596,2680,55,1.213,1,2076,1,26.250,0.264,-6.813,-12.813,-21.875,-0.137,0.066,1.008,0.164,-0.207,0.078,0.052,0.016,1.096,1.286,2,NULL,NULL,,3,0,2,7,255,1055,250,0,0
stim,14405,44526,0,44526,3241829.455,0.881,-0.072,-0.051,0.464,2706,273,1400,2864,2510,2529,725,2685,55,1.213,1,2076,1,29.248,0.182,-12.313,-12.313,-23.500,-0.152,0.059,1.012,0.027,-0.180,0.180,0.054,0.016,1.096,1.286,2,NULL,NULL,,3,0,2,7,255,1055,250,0,0
stim,14405,44526,0,44526,3241834.454,0.881,-0.071,-0.051,0.466,2675,269,1529,2853,2534,2527,852,2701,55,1.213,1,2076,1,35.382,0.124,-17.875,-12.875,-27.688,-0.164,0.031,1.012,0.027,-0.121,0.238,0.054,0.016,1.096,1.286,2,NULL,NULL,,3,0,2,7,255,1055,250,0,0
stim,14405,44526,0,44526,3241839.455,0.880,-0.069,-0.051,0.467,2642,277,1609,2841,2557,2543,965,2728,55,1.213,1,2076,1,40.946,0.278,-23.750,-13.500,-30.500,-0.141,0.012,1.004,-0.250,-0.121,0.238,0.056,0.016,1.096,1.286,2,NULL,NULL,,3,0,2,7,255,1055,250,0,0
stim,14405,44526,0,44526,3241844.453,0.880,-0.068,-0.051,0.468,2604,283,1708,2829,2584,2537,1069,2720,55,1.213,1,2076,1,43.051,0.470,-27.750,-13.813,-29.875,-0.141,-0.023,0.973,-0.277,-0.379,0.121,0.056,0.016,1.096,1.286,2,NULL,NULL,,3,0,2,7,255,1055,250,0,0
stim,14405,44526,0,44526,3241849.455,0.879,-0.066,-0.051,0.469,2568,325,1809,2805,2619,2540,1179,2749,55,1.213,1,2076,1,41.308,0.644,-25.688,-15.188,-28.563,-0.133,-0.016,0.941,-0.453,-0.457,-0.203,0.056,0.014,1.096,1.286,2,NULL,NULL,,3,0,2,7,255,1055,250,0,0
stim,14427,44548,0,44548,3241854.453,0.879,-0.065,-0.051,0.470,2511,328,1879,2787,2645,2549,1295,2749,55,1.213,1,2076,1,37.632,0.646,-20.188,-16.313,-27.250,-0.129,-0.020,0.945,-0.453,-0.461,-0.484,0.058,0.014,1.096,1.286,2,NULL,NULL,,3,0,2,7,255,1055,250,0,0
stim,14427,44548,0,44548,3241859.455,0.878,-0.064,-0.050,0.471,2473,347,1963,2780,2671,2543,1387,2779,55,1.213,1,2076,1,36.155,0.646,-17.313,-17.375,-26.563,-0.129,-0.039,0.969,-0.453,-0.461,-0.484,0.058,0.012,1.096,1.286,2,NULL,NULL,,3,0,2,7,255,1055,250,0,0
stim,14427,44548,0,44548,3241864.454,0.878,-0.063,-0.050,0.472,2419,365,2025,2759,2705,2552,1483,2792,55,1.213,1,2076,1,35.653,0.842,-17.000,-19.063,-24.875,-0.129,-0.043,0.977,-0.602,-0.590,-0.242,0.058,0.012,1.096,1.286,2,NULL,NULL,,3,0,2,7,255,1055,250,0,0
stim,14427,44548,0,44548,3241869.455,0.878,-0.061,-0.050,0.473,2381,375,2121,2715,2716,2575,1583,2797,55,1.213,1,2076,1,35.801,0.842,-17.500,-20.500,-23.563,-0.133,-0.039,0.992,-0.602,-0.590,-0.168,0.060,0.012,1.096,1.286,2,NULL,NULL,,3,0,2,7,255,1055,250,0,0
stim,14427,44548,0,44548,3241874.454,0.877,-0.060,-0.049,0.474,2308,390,2199,2683,2741,2577,1699,2815,55,1.213,1,2076,1,37.601,0.815,-20.000,-21.688,-23.313,-0.137,-0.031,1.004,-0.582,-0.570,-0.023,0.062,0.014,1.096,1.286,2,NULL,NULL,,3,0,2,7,255,1055,250,0,0
stim,14427,44548,0,44548,3241879.455,0.877,-0.059,-0.049,0.474,2232,381,2260,2647,2752,2569,1777,2829,55,1.213,1,2076,1,40.101,0.721,-23.688,-23.375,-22.375,-0.129,-0.031,1.012,-0.520,-0.500,0.102,0.062,0.018,1.096,1.286,2,NULL,NULL,,3,0,2,7,255,1055,250,0,0
stim,14451,44572,0,44572,3241884.454,0.877,-0.057,-0.049,0.475,2157,389,2313,2597,2780,2578,1866,2845,55,1.213,1,2076,1,42.694,0.666,-27.438,-24.375,-21.813,-0.125,-0.016,1.020,-0.465,-0.477,0.191,0.064,0.020,1.096,1.286,2,NULL,NULL,,3,0,2,7,255,1055,250,0,0
stim,14451,44572,0,44572,3241889.455,0.876,-0.055,-0.048,0.476,2079,389,2363,2545,2803,2587,1952,2863,55,1.213,1,2076,1,43.712,0.508,-27.688,-25.313,-22.438,-0.133,0.004,0.980,-0.305,-0.406,0.191,0.064,0.022,1.096,1.286,2,NULL,NULL,,3,0,2,7,255,1055,250,0,0
stim,14451,44572,0,44572,3241894.453,0.876,-0.054,-0.048,0.477,1975,377,2440,2480,2825,2585,2036,2871,55,1.213,1,2076,1,40.827,0.349,-22.375,-27.313,-20.500,-0.105,0.012,0.953,-0.207,-0.281,-0.098,0.066,0.024,1.096,1.286,2,NULL,NULL,,3,0,2,7,255,1055,250,0,0
stim,14451,44572,0,44572,3241899.455,0.876,-0.052,-0.047,0.478,1875,364,2487,2403,2843,2587,2117,2891,55,1.213,1,2076,1,36.376,0.349,-14.313,-28.688,-17.188,-0.113,-0.020,0.977,-0.207,-0.281,-0.180,0.068,0.026,1.096,1.286,2,NULL,NULL,,3,0,2,7,255,1055,250,0,0
stim,14471,44592,0,44592,3241904.453,0.876,-0.051,-0.046,0.478,1711,355,2524,2313,2861,2588,2187,2897,55,1.213,1,2076,1,35.839,0.427,-12.063,-30.875,-13.625,-0.141,-0.039,1.047,-0.273,-0.328,-0.180,0.068,0.028,1.096,1.286,2,NULL,NULL,,3,0,2,7,255,1055,250,0,0
stim,14471,44592,0,44592,3241909.455,0.875,-0.050,-0.045,0.479,1529,315,2571,2195,2885,2597,2251,2904,55,1.213,1,2076,1,41.100,0.644,-18.875,-32.375,-16.875,-0.188,-0.016,1.094,-0.555,-0.328,0.543,0.070,0.030,1.096,1.286,2,NULL,NULL,,3,0,2,7,255,1055,250,0,0
stim,14510,44631,0,44631,3241914.454,0.875,-0.048,-0.045,0.480,1315,276,2603,2072,2894,2587,2316,2925,55,1.213,1,2076,1,47.845,0.577,-23.188,-33.375,-25.250,-0.164,0.059,1.059,-0.555,0.160,0.699,0.072,0.030,1.096,1.286,2,NULL,NULL,,3,0,2,7,255,1055,250,0,0
stim,14510,44631,0,44631,3241919.455,0.875,-0.047,-0.044,0.481,1161,246,2650,1911,2911,2587,2379,2931,55,1.213,1,2076,1,50.824,0.203,-24.125,-34.375,-28.625,-0.105,0.078,1.039,0.125,0.160,0.699,0.074,0.032,1.096,1.286,2,NULL,NULL,,3,0,2,7,255,1055,250,0,0
stim,14510,44631,0,44631,3241924.454,0.874,-0.045,-0.043,0.482,951,240,2675,1705,2937,2585,2441,2942,55,1.213,1,2076,1,49.099,0.533,-21.875,-35.625,-25.750,-0.086,0.055,1.047,0.520,0.117,0.473,0.074,0.032,1.096,1.286,2,NULL,NULL,,3,0,2,7,255,1055,250,0,0
stim,14510,44631,0,44631,3241929.455,0.874,-0.043,-0.042,0.483,755,191,2708,1458,2953,2577,2479,2951,55,1.213,1,2076,1,49.820,0.538,-23.000,-36.313,-25.188,-0.098,0.035,1.074,0.520,-0.141,0.473,0.076,0.034,1.096,1.286,2,NULL,NULL,,3,0,2,7,255,1055,250,0,0
stim,14510,44631,0,44631,3241934.454,0.873,-0.041,-0.041,0.484,493,132,2743,1259,2964,2572,2543,2957,55,1.213,1,2076,1,50.660,0.339,-24.938,-37.813,-22.688,-0.133,0.016,1.102,0.309,-0.141,0.750,0.076,0.036,1.096,1.286,2,NULL,NULL,,3,0,2,7,255,1055,250,0,0
stim,14510,44631,0,44631,3241939.455,0.873,-0.039,-0.040,0.485,317,77,2787,1003,2981,2565,2595,2962,55,1.213,1,2076,1,55.623,0.169,-29.375,-38.625,-27.188,-0.141,0.039,1.109,0.152,0.074,1.047,0.076,0.036,1.096,1.286,2,NULL,NULL,,3,0,2,7,255,1055,250,0,0
stim,14510,44631,0,44631,3241944.453,0.872,-0.037,-0.039,0.486,181,51,2815,761,2987,2555,2633,2973,55,1.213,1,2076,1,60.599,0.327,-30.375,-39.813,-34.125,-0.125,0.066,1.102,0.152,0.289,1.066,0.078,0.036,1.096,1.286,2,NULL,NULL,,3,0,2,7,255,1055,250,0,0
stim,14510,44631,0,44631,3241949.455,0.872,-0.035,-0.038,0.487,53,0,2829,541,3014,2526,2667,2983,55,1.213,1,2076,1,63.788,0.567,-28.750,-41.313,-39.188,-0.117,0.078,1.113,0.445,0.352,1.156,0.078,0.034,1.096,1.286,2,NULL,NULL,,3,0,2,7,255,1055,250,0,0
stim,14510,44631,0,44631,3241954.453,0.871,-0.034,-0.037,0.489,19,0,2850,342,3017,2507,2703,2987,55,1.213,1,2076,1,67.873,0.726,-27.250,-45.188,-42.688,-0.074,0.160,1.137,0.609,0.395,1.168,0.076,0.034,1.096,1.286,2,NULL,NULL,,3,0,2,7,255,1055,250,0,0
stim,14510,44631,0,44631,3241959.455,0.870,-0.031,-0.036,0.491,0,0,2859,219,3036,2483,2713,2983,55,1.213,1,2076,1,76.212,1.603,-29.875,-48.375,-50.750,-0.055,0.234,1.148,1.520,0.512,1.348,0.074,0.038,1.096,1.286,2,NULL,NULL,,3,0,2,7,255,1055,250,0,0
stim,14534,44655,0,44655,3241964.454,0.869,-0.030,-0.034,0.493,0,0,2889,139,3039,2453,2743,2985,55,1.213,1,2076,1,75.207,1.693,-21.813,-53.688,-47.938,-0.168,0.133,1.195,1.520,0.746,1.438,0.066,0.044,1.096,1.286,2,NULL,NULL,,3,0,2,7,255,1055,250,0,0
stim,14534,44655,0,44655,3241969.455,0.869,-0.029,-0.031,0.493,0,0,2897,119,3049,2421,2781,2995,55,1.213,1,2076,0,72.726,1.474,14.500,-67.125,-23.938,-0.387,-0.016,1.371,0.852,1.203,1.969,0.058,0.052,1.096,1.286,2,NULL,NULL,,3,0,2,7,255,1055,250,0,0
stim,14534,44655,0,44655,3241974.454,0.868,-0.028,-0.028,0.495,0,0,2907,82,3063,2391,2806,2995,55,1.213,1,2076,0,91.582,2.658,32.500,-78.000,-35.313,-0.508,-0.023,1.652,-1.457,2.223,3.898,0.050,0.062,1.096,1.286,3,NULL,NULL,,3,0,2,7,255,1055,250,0,0
stim,14534,44655,0,44655,3241979.455,0.867,-0.028,-0.024,0.496,0,0,2920,36,3063,2331,2841,3001,55,1.213,1,2076,0,105.193,3.413,38.750,-91.438,-34.688,-0.418,0.195,1.980,-1.457,3.086,6.723,0.044,0.072,1.096,1.286,3,NULL,NULL,,3,0,2,7,255,1055,250,0,0
stim,14554,44675,0,44675,3241984.454,0.867,-0.024,-0.021,0.497,0,0,2935,3,3068,2277,2855,3001,55,1.213,1,2076,0,110.174,3.098,-49.813,-96.188,-20.125,-0.063,0.320,1.789,0.273,3.086,7.703,0.040,0.080,1.096,1.286,3,NULL,NULL,,3,0,2,7,255,1055,250,0,0
stim,14554,44675,0,44675,3241989.455,0.867,-0.018,-0.020,0.497,0,0,2924,0,3087,2207,2885,2993,55,1.213,1,2076,0,146.376,1.402,-112.438,-93.500,-6.438,0.004,0.027,1.203,0.672,1.230,7.703,0.040,0.088,1.096,1.286,3,NULL,NULL,,3,0,2,7,255,1055,250,0,0
stim,14554,44675,0,44675,3241994.453,0.868,-0.012,-0.018,0.496,0,0,2927,0,3083,2119,2895,2997,55,1.213,1,2076,0,136.624,0.672,-82.500,-103.500,33.875,-0.121,-0.148,0.910,0.672,0.000,1.938,0.036,0.096,1.096,1.286,3,NULL,NULL,,3,0,2,7,255,1055,250,0,0
stim,14554,44675,0,44675,3241999.455,0.869,-0.009,-0.014,0.494,0,0,2925,0,3095,2022,2905,2989,55,1.213,1,2076,0,124.368,1.512,-28.438,-112.500,44.750,-0.328,-0.199,0.930,-1.512,0.000,-0.539,0.030,0.108,1.096,1.286,3,NULL,NULL,,3,0,2,7,255,1055,250,0,0
stim,14554,44675,0,44675,3242004.453,0.870,-0.007,-0.010,0.493,0,0,2923,0,3097,1873,2921,2989,55,1.213,1,2076,0,121.946,3.419,3.938,-119.938,21.688,-0.426,-0.246,1.082,-3.035,1.574,-0.539,0.022,0.120,1.096,1.286,3,NULL,NULL,,3,0,2,7,255,1055,250,0,0
stim,14554,44675,0,44675,3242009.455,0.870,-0.004,-0.005,0.493,0,0,2910,0,3101,1717,2934,2983,55,1.213,1,2076,0,127.448,3.889,9.813,-127.063,-1.313,-0.344,-0.250,1.262,-3.535,1.621,0.965,0.018,0.132,1.096,1.286,3,NULL,NULL,,3,0,2,7,255,1055,250,0,0
stim,14607,44728,0,44728,3242014.454,0.870,-0.001,0.000,0.493,0,0,2904,0,3102,1533,2941,2985,55,1.213,1,2076,0,132.488,3.889,-1.563,-132.375,-5.250,-0.215,-0.258,1.293,-3.535,1.621,2.676,0.020,0.144,1.096,1.286,3,NULL,NULL,,3,0,2,7,255,1055,250,0,0
stim,14607,44728,0,44728,3242019.455,0.870,0.002,0.005,0.493,0,0,2891,0,3101,1333,2967,2985,55,1.213,1,2076,0,137.592,3.054,-8.375,-137.250,4.875,-0.148,-0.227,1.188,-2.992,0.613,2.676,0.028,0.156,1.096,1.286,3,NULL,NULL,,3,0,2,7,255,1055,250,0,0
stim,14607,44728,0,44728,3242024.454,0.871,0.006,0.010,0.492,0,0,2857,0,3104,1068,2967,2972,55,1.213,1,2076,0,144.379,2.582,-6.813,-143.500,14.375,-0.168,-0.141,1.129,-2.508,0.613,1.879,0.038,0.168,1.096,1.286,3,NULL,NULL,,3,0,2,7,255,1055,250,0,0
stim,14607,44728,0,44728,3242029.455,0.871,0.009,0.016,0.491,0,0,2831,0,3115,842,2987,2952,55,1.213,1,2076,0,151.315,2.207,3.938,-150.375,16.375,-0.203,-0.078,1.105,-1.949,1.035,1.262,0.048,0.182,1.096,1.286,3,NULL,NULL,,3,0,2,7,255,1055,250,0,0
stim,14607,44728,0,44728,3242034.454,0.871,0.011,0.022,0.490,0,0,2803,0,3113,599,2981,2938,55,1.213,1,2076,0,162.095,2.431,21.313,-159.813,16.750,-0.188,-0.031,1.148,-1.699,1.738,1.262,0.060,0.196,1.096,1.286,3,NULL,NULL,,3,0,2,7,255,1055,250,0,0
stim,14607,44728,0,44728,3242039.455,0.872,0.013,0.029,0.489,0,0,2751,0,3117,441,2989,2927,55,1.213,1,2076,0,171.132,2.379,29.938,-167.563,17.688,-0.199,0.016,1.270,-1.301,1.992,1.336,0.074,0.210,1.096,1.286,3,NULL,NULL,,3,0,2,7,255,1055,250,0,0
stim,14607,44728,0,44728,3242044.453,0.872,0.016,0.036,0.488,0,0,2711,0,3117,231,2989,2900,55,1.213,1,2076,0,178.600,2.740,29.000,-175.688,13.813,-0.211,0.043,1.367,-1.086,2.516,2.492,0.086,0.226,1.096,1.286,3,NULL,NULL,,3,0,2,7,255,1055,250,0,0
stim,14607,44728,0,44728,3242049.455,0.872,0.019,0.043,0.487,0,0,2664,0,3107,110,2990,2869,55,1.213,1,2076,0,185.826,3.150,24.813,-183.750,12.313,-0.199,0.074,1.418,-1.074,2.961,3.391,0.102,0.242,1.096,1.286,3,NULL,NULL,,3,0,2,7,255,1055,250,0,0
stim,14607,44728,0,44728,3242054.454,0.872,0.022,0.051,0.486,0,0,2588,0,3123,40,2992,2840,55,1.213,1,2076,0,196.080,3.359,26.125,-193.938,12.375,-0.207,0.176,1.445,-0.906,3.234,3.832,0.120,0.262,1.096,1.286,3,NULL,NULL,,3,0,2,7,255,1055,250,0,0
stim,14607,44728,0,44728,3242059.455,0.872,0.025,0.059,0.485,0,0,2511,0,3115,0,3000,2794,55,1.213,1,2076,0,206.210,4.015,24.750,-204.375,11.875,-0.219,0.309,1.605,-0.238,4.008,4.027,0.140,0.284,1.096,1.286,3,NULL,NULL,,3,0,2,7,255,1055,250,0,0
stim,14633,44754,0,44754,3242064.454,0.872,0.029,0.068,0.484,0,0,2419,0,3097,0,2999,2749,55,1.213,1,2076,0,216.538,5.180,12.875,-215.875,11.000,-0.277,0.359,1.777,0.410,5.164,5.477,0.166,0.312,1.096,1.286,3,NULL,NULL,,3,0,2,7,255,1055,250,0,0
stim,14633,44754,0,44754,3242069.455,0.871,0.034,0.076,0.484,0,0,2268,0,3093,3,2990,2694,55,1.213,1,2076,0,228.750,6.384,2.813,-228.563,8.813,-0.387,0.301,2.063,0.410,6.371,6.973,0.198,0.346,1.096,1.286,3,NULL,NULL,,3,0,2,7,255,1055,250,0,0
stim,14633,44754,0,44754,3242074.454,0.871,0.040,0.086,0.482,0,0,2141,0,3080,0,2983,2631,55,1.213,1,2076,0,250.140,7.733,-8.188,-249.375,17.750,-0.461,0.250,2.340,-1.027,7.664,9.469,0.238,0.386,1.096,1.286,3,NULL,NULL,,3,0,2,7,255,1055,250,0,0
stim,14633,44754,0,44754,3242079.455,0.871,0.047,0.095,0.480,0,0,1961,0,3076,1,2965,2553,55,1.213,1,2076,0,275.175,9.008,-29.500,-271.813,31.125,-0.504,0.387,2.504,-1.770,8.832,11.820,0.286,0.434,1.096,1.286,3,NULL,NULL,,3,0,2,7,255,1055,250,0,0
stim,14652,44773,0,44773,3242084.454,0.870,0.055,0.105,0.478,0,0,1806,0,3039,38,2949,2463,55,1.213,1,2076,0,306.741,10.806,-59.813,-297.563,44.375,-0.582,0.695,2.539,-1.770,10.660,12.855,0.340,0.488,1.096,1.286,3,NULL,NULL,,3,0,2,7,255,1055,250,0,0
stim,14652,44773,0,44773,3242089.455,0.870,0.065,0.115,0.476,0,0,1654,0,3017,53,2927,2343,55,1.213,1,2076,0,334.048,13.516,-88.250,-319.750,39.500,-0.691,0.875,2.551,0.145,13.516,12.855,0.406,0.554,1.096,1.286,3,NULL,NULL,,3,0,2,7,255,1055,250,0,0
stim,14652,44773,0,44773,3242094.453,0.868,0.077,0.126,0.474,0,0,1543,0,2997,55,2900,2201,55,1.213,1,2076,0,360.778,16.006,-113.313,-341.313,28.750,-0.797,0.895,2.605,0.246,16.004,12.250,0.478,0.626,1.096,1.286,3,NULL,NULL,,3,0,2,7,255,1055,250,0,0
stim,14652,44773,0,44773,3242099.455,0.866,0.090,0.137,0.472,0,0,1462,0,2956,57,2854,2068,55,1.213,1,2076,0,387.579,17.754,-130.750,-364.625,13.063,-0.805,0.957,2.770,0.379,17.750,12.250,0.560,0.708,1.096,1.286,3,NULL,NULL,,3,0,2,7,255,1055,250,0,0
stim,14673,44794,0,44794,3242104.454,0.863,0.104,0.148,0.471,0,0,1373,0,2907,53,2797,1926,55,1.213,1,2076,0,417.575,19.342,-163.563,-384.125,-8.000,-0.762,0.930,2.773,0.277,19.340,12.320,0.644,0.794,1.096,1.286,3,NULL,NULL,,3,0,2,7,255,1055,250,0,0
stim,14673,44794,0,44794,3242109.455,0.860,0.119,0.159,0.471,0,0,1277,0,2845,43,2723,1799,55,1.213,1,2076,0,439.989,19.342,-172.500,-404.375,-17.750,-0.742,0.547,2.691,0.277,19.340,12.320,0.736,0.884,1.096,1.286,3,NULL,NULL,,3,0,2,7,255,1055,250,0,0
stim,14705,44826,0,44826,3242114.453,0.856,0.134,0.172,0.469,0,0,1145,0,2773,6,2585,1670,55,1.213,1,2076,0,464.919,19.826,-164.563,-434.813,2.563,-0.961,0.383,2.672,-2.789,19.629,11.191,0.832,0.984,1.096,1.286,3,NULL,NULL,,3,0,2,7,255,1055,250,0,0
stim,14705,44826,0,44826,3242119.455,0.851,0.149,0.186,0.467,0,0,1021,0,2676,0,2407,1519,55,1.213,1,2076,0,484.577,20.186,-167.063,-454.813,-7.125,-1.102,0.547,2.645,-4.711,19.629,9.516,0.932,1.084,1.096,1.286,3,NULL,NULL,,3,0,2,7,255,1055,250,0,0
stim,14705,44826,0,44826,3242124.454,0.846,0.164,0.200,0.467,0,0,867,0,2543,0,2201,1361,55,1.213,1,2076,0,492.818,22.468,-156.438,-464.813,-48.438,-0.969,0.473,2.727,-4.926,21.922,8.066,1.030,1.186,1.096,1.286,3,NULL,NULL,,3,0,2,7,255,1055,250,0,0
stim,14705,44826,0,44826,3242129.455,0.839,0.179,0.215,0.466,0,0,709,0,2399,0,1890,1169,55,1.213,1,2076,0,499.450,22.468,-143.875,-473.875,-64.750,-0.676,0.109,2.813,-4.926,21.922,8.066,1.128,1.286,1.096,1.286,3,NULL,NULL,,3,0,2,7,255,1055,250,0,0
stim,14734,44855,0,44855,3242134.454,0.833,0.194,0.230,0.464,0,0,505,0,2172,0,1583,1013,55,1.213,1,2076,0,510.196,20.534,-146.313,-487.750,-31.500,-0.574,-0.258,2.801,-6.910,19.336,9.758,1.220,1.382,1.096,1.286,3,NULL,NULL,,3,0,2,7,255,1055,250,0,0
stim,14734,44855,0,44855,3242139.455,0.827,0.211,0.245,0.460,0,0,301,0,1912,0,1131,860,55,1.213,1,2076,0,535.059,20.197,-170.813,-506.938,11.188,-0.582,-0.492,2.391,-9.707,17.711,9.758,1.310,1.474,1.096,1.286,3,NULL,NULL,,3,0,2,7,255,1055,250,0,0
stim,14734,44855,0,44855,3242144.453,0.820,0.227,0.260,0.456,0,0,194,0,1589,0,611,734,55,1.213,1,2076,0,543.460,18.318,-161.125,-519.000,5.125,-0.508,-0.520,1.809,-10.184,15.227,5.973,1.394,1.562,1.096,1.286,3,NULL,NULL,,3,0,2,7,255,1055,250,0,0
stim,14734,44855,0,44855,3242149.455,0.813,0.241,0.276,0.452,0,0,91,0,1200,0,179,565,55,1.213,1,2076,0,536.407,15.590,-104.438,-526.125,4.188,-0.406,-0.293,1.477,-10.184,11.805,1.285,1.474,1.642,1.096,1.286,3,NULL,NULL,,3,0,2,7,255,1055,250,0,0
stim,14734,44855,0,44855,3242154.454,0.807,0.254,0.293,0.445,0,0,53,0,783,0,0,477,55,1.213,1,2076,0,523.475,13.876,-48.875,-520.750,21.375,-0.313,0.242,1.637,-7.293,11.805,-1.199,1.552,1.722,1.096,1.286,3,NULL,NULL,,3,0,2,7,255,1055,250,0,0
stim,14734,44855,0,44855,3242159.455,0.802,0.266,0.310,0.436,0,0,15,0,269,0,0,383,55,1.213,1,2076,0,526.213,14.513,-18.000,-520.375,76.063,-0.746,0.375,2.004,-4.668,13.742,-1.461,1.634,1.808,1.096,1.286,3,NULL,NULL,,3,0,2,7,255,1055,250,0,0
stim,14734,44855,0,44855,3242164.453,0.797,0.279,0.326,0.424,0,0,16,0,0,0,0,315,55,1.213,1,2076,0,566.848,20.043,-38.938,-539.313,170.125,-1.246,0.340,2.082,-4.668,19.492,-2.793,1.724,1.900,1.096,1.286,3,NULL,NULL,,3,0,2,7,255,1055,250,0,0
stim,14734,44855,0,44855,3242169.455,0.792,0.295,0.340,0.413,0,0,0,0,0,0,0,216,55,1.213,1,2076,0,562.454,23.040,-111.500,-528.500,156.875,-1.281,0.762,1.836,-4.668,22.563,-6.898,1.816,1.992,1.096,1.286,4,NULL,NULL,,3,0,2,7,255,1055,250,0,0
stim,14734,44855,0,44855,3242174.454,0.783,0.312,0.351,0.407,0,0,0,0,0,0,0,171,55,1.213,1,2076,0,524.164,22.885,-200.188,-479.563,68.500,-0.742,1.352,1.406,-3.828,22.563,-10.563,1.898,2.076,1.096,1.286,0,NULL,NULL,,3,0,2,7,255,1055,250,0,0
stim,14734,44855,0,44855,3242179.455,0.774,0.331,0.359,0.404,0,0,0,0,0,0,0,155,55,1.213,1,2076,0,511.489,20.335,-308.438,-403.750,58.938,-0.637,1.520,0.910,4.582,19.813,-10.984,1.970,2.148,1.096,1.286,0,NULL,NULL,,3,0,2,7,255,1055,250,0,0
stim,14734,44855,0,44855,3242184.453,0.765,0.353,0.359,0.401,0,0,0,0,0,0,0,138,55,1.213,1,2076,0,542.476,17.925,-432.375,-299.875,131.938,-0.559,1.754,-0.016,7.957,16.063,-13.891,2.034,2.214,1.096,1.286,0,NULL,NULL,,3,0,2,7,255,1055,250,0,0
stim,14734,44855,0,44855,3242189.455,0.759,0.368,0.358,0.401,0,0,0,0,0,0,0,123,55,1.213,1,2076,0,391.893,12.785,-329.500,-199.063,73.375,-0.516,1.211,-0.516,9.344,8.727,-19.066,2.096,2.278,1.096,1.286,0,NULL,NULL,,3,0,2,7,255,1055,250,0,0
stim,14767,44888,0,44888,3242194.453,0.756,0.373,0.360,0.399,0,0,0,0,0,0,0,133,55,1.213,1,2076,0,127.954,9.992,-68.625,-106.813,15.938,-0.727,-0.266,0.258,9.344,3.539,-19.066,2.166,2.350,1.096,1.286,0,NULL,NULL,,3,0,2,7,255,1055,250,0,0
stim,14767,44888,0,44888,3242199.455,0.755,0.373,0.361,0.399,0,0,0,0,0,0,0,131,55,1.213,1,2076,0,34.076,6.932,-5.313,-33.063,-6.313,-0.941,-0.848,1.559,-5.961,3.539,-13.918,2.244,2.430,1.096,1.286,0,NULL,NULL,,3,0,2,7,255,1055,250,0,0
stim,14818,44939,0,44939,3242204.454,0.753,0.377,0.358,0.403,1,0,0,0,0,0,0,107,55,1.213,1,2076,0,155.809,17.186,-143.750,54.188,-26.000,-0.992,-0.430,1.582,-11.113,13.109,-9.734,2.318,2.506,1.096,1.286,0,NULL,NULL,,3,0,2,7,255,1055,250,0,0
stim,14818,44939,0,44939,3242209.455,0.751,0.382,0.349,0.410,0,0,0,0,0,0,0,103,55,1.213,1,2076,0,279.674,17.186,-247.500,128.500,-21.188,-0.840,0.469,0.512,-11.113,13.109,-9.734,2.382,2.570,1.096,1.286,0,NULL,NULL,,3,0,2,7,255,1055,250,0,0
stim,14818,44939,0,44939,3242214.453,0.750,0.385,0.340,0.416,0,0,0,0,0,0,0,93,55,1.213,1,2076,0,259.728,8.750,-188.188,179.000,1.688,-0.797,1.156,-0.230,-0.379,8.742,-15.809,2.432,2.622,1.096,1.286,0,NULL,NULL,,3,0,2,7,255,1055,250,0,0
stim,14818,44939,0,44939,3242219.455,0.752,0.383,0.332,0.420,0,0,0,0,0,0,0,87,55,1.213,1,2076,0,214.375,9.296,-61.125,205.250,9.625,-0.930,1.176,-0.043,6.363,6.777,-20.855,2.476,2.668,1.096,1.286,0,NULL,NULL,,3,0,2,7,255,1055,250,0,0
stim,14818,44939,0,44939,3242224.454,0.755,0.380,0.325,0.424,0,0,0,0,0,0,0,84,55,1.213,1,2076,0,224.090,9.296,-12.688,223.625,-6.875,-0.977,0.664,0.602,6.363,6.777,-20.855,2.518,2.712,1.096,1.286,0,NULL,NULL,,3,0,2,7,255,1055,250,0,0
stim,14818,44939,0,44939,3242229.455,0.757,0.377,0.316,0.430,0,0,0,0,0,0,0,78,55,1.213,1,2076,0,245.371,10.880,-59.750,237.500,-15.188,-0.836,0.262,0.801,0.781,10.852,-16.730,2.560,2.754,1.096,1.286,0,NULL,NULL,,3,0,2,7,255,1055,250,0,0
stim,14818,44939,0,44939,3242234.453,0.758,0.376,0.306,0.436,0,0,0,0,0,0,0,75,55,1.213,1,2076,0,270.349,10.929,-114.563,244.875,0.625,-0.672,0.238,0.426,-1.297,10.852,-13.613,2.596,2.792,1.096,1.286,0,NULL,NULL,,3,0,2,7,255,1055,250,0,0
stim,14818,44939,0,44939,3242239.455,0.760,0.375,0.296,0.441,0,0,0,0,0,0,0,71,55,1.213,1,2076,0,269.714,7.146,-109.250,245.563,22.563,-0.613,0.398,-0.109,-1.297,7.027,-13.613,2.622,2.820,1.096,1.286,0,NULL,NULL,,3,0,2,7,255,1055,250,0,0
stim,14818,44939,0,44939,3242244.453,0.763,0.373,0.286,0.445,0,0,0,0,0,0,0,64,55,1.213,1,2076,0,252.643,3.061,-58.438,243.813,31.125,-0.629,0.469,-0.309,0.887,2.930,-16.371,2.640,2.840,1.096,1.286,0,NULL,NULL,,3,0,2,7,255,1055,250,0,0
stim,14818,44939,0,44939,3242249.455,0.766,0.368,0.277,0.448,0,0,0,0,0,0,0,63,55,1.213,1,2076,0,246.464,2.238,-12.688,244.438,28.875,-0.563,0.391,-0.219,1.012,1.996,-16.469,2.652,2.854,1.096,1.286,0,NULL,NULL,,3,0,2,7,255,1055,250,0,0
stim,14818,44939,0,44939,3242254.454,0.769,0.364,0.269,0.451,0,0,0,0,0,0,0,63,55,1.213,1,2076,0,250.867,2.238,6.563,248.625,32.813,-0.461,0.340,-0.090,1.012,1.996,-16.469,2.660,2.862,1.096,1.286,0,NULL,NULL,,3,0,2,7,255,1055,250,0,0
stim,14818,44939,0,44939,3242259.455,0.773,0.358,0.260,0.454,0,0,0,0,0,0,0,61,55,1.213,1,2076,0,258.298,2.588,16.875,253.688,45.563,-0.387,0.320,-0.059,1.000,2.387,-14.801,2.668,2.870,1.096,1.286,0,NULL,NULL,,3,0,2,7,255,1055,250,0,0
stim,14818,44939,0,44939,3242264.453,0.778,0.353,0.251,0.455,0,0,0,0,0,0,0,55,55,1.213,1,2076,0,266.848,2.637,36.500,256.875,62.375,-0.406,0.320,-0.035,0.883,2.484,-13.969,2.676,2.880,1.096,1.286,0,NULL,NULL,,3,0,2,7,255,1055,250,0,0
stim,14818,44939,0,44939,3242269.455,0.783,0.346,0.242,0.457,0,0,0,0,0,0,0,47,55,1.213,1,2076,0,275.574,2.895,61.563,260.375,66.000,-0.504,0.320,0.094,0.867,2.762,-13.930,2.686,2.894,1.096,1.286,0,NULL,NULL,,3,0,2,7,255,1055,250,0,0
stim,14838,44959,0,44959,3242274.454,0.788,0.338,0.234,0.458,0,0,0,0,0,0,0,37,55,1.213,1,2076,0,282.330,4.354,77.625,265.438,56.813,-0.520,0.273,0.285,0.348,4.340,-13.727,2.702,2.910,1.096,1.286,0,NULL,NULL,,3,0,2,7,255,1055,250,0,0
stim,14838,44959,0,44959,3242279.455,0.793,0.331,0.226,0.460,0,0,0,0,0,0,0,28,55,1.213,1,2076,0,288.848,5.815,82.188,272.438,49.563,-0.473,0.262,0.457,-0.164,5.813,-12.348,2.720,2.930,1.096,1.286,0,NULL,NULL,,3,0,2,7,255,1055,250,0,0
stim,14838,44959,0,44959,3242284.453,0.797,0.322,0.217,0.462,0,0,0,0,0,0,0,33,55,1.213,1,2076,0,296.766,6.795,82.250,281.188,47.313,-0.453,0.289,0.586,-0.164,6.793,-10.742,2.744,2.954,1.096,1.286,0,NULL,NULL,,3,0,2,7,255,1055,250,0,0
stim,14838,44959,0,44959,3242289.455,0.802,0.314,0.208,0.464,0,0,0,0,0,0,0,24,55,1.213,1,2076,0,305.642,7.724,82.000,291.188,43.625,-0.488,0.313,0.703,0.152,7.723,-9.660,2.770,2.984,1.096,1.286,0,NULL,NULL,,3,0,2,7,255,1055,250,0,0
stim,14861,44983,0,44983,3242294.454,0.806,0.305,0.199,0.467,0,0,0,0,0,0,0,18,55,1.213,1,2076,0,314.103,8.833,79.375,302.125,32.875,-0.527,0.313,0.809,0.152,8.832,-8.945,2.802,3.016,1.096,1.286,0,NULL,NULL,,3,0,2,7,255,1055,250,0,0
stim,14861,44983,0,44983,3242299.455,0.810,0.296,0.189,0.470,0,0,0,0,0,0,0,16,55,1.213,1,2076,0,322.127,9.777,72.750,313.313,17.563,-0.523,0.289,0.910,0.016,9.777,-8.199,2.838,3.054,1.096,1.286,0,NULL,NULL,,3,0,2,7,255,1055,250,0,0
stim,14861,44983,0,44983,3242304.453,0.813,0.287,0.179,0.474,0,0,0,0,0,0,0,16,55,1.213,1,2076,0,330.322,10.223,62.938,324.250,3.688,-0.473,0.270,0.980,0.016,10.223,-7.090,2.878,3.094,1.096,1.286,0,NULL,NULL,,3,0,2,7,255,1055,250,0,0
stim,14861,44983,0,44983,3242309.455,0.816,0.278,0.168,0.478,0,0,0,0,0,0,0,19,55,1.213,1,2076,0,339.159,10.223,52.813,334.938,-7.500,-0.414,0.266,1.020,0.039,10.223,-5.961,2.918,3.136,1.096,1.286,0,NULL,NULL,,3,0,2,7,255,1055,250,0,0
stim,14907,45028,0,45028,3242314.453,0.818,0.269,0.157,0.483,0,0,0,0,0,0,0,19,55,1.213,1,2076,0,348.474,9.946,43.438,345.313,-17.500,-0.340,0.266,1.008,0.422,9.938,-5.059,2.960,3.180,1.096,1.286,0,NULL,NULL,,3,0,2,7,255,1055,250,0,0
stim,14907,45028,0,45028,3242319.455,0.820,0.260,0.146,0.488,0,0,0,0,0,0,0,24,55,1.213,1,2076,0,358.024,9.246,38.063,355.063,-25.750,-0.238,0.227,0.922,0.887,9.203,-4.496,3.002,3.222,1.096,1.286,0,NULL,NULL,,3,0,2,7,255,1055,250,0,0
stim,14907,45028,0,45028,3242324.454,0.822,0.251,0.134,0.493,0,0,0,0,0,0,0,27,55,1.213,1,2076,0,366.334,7.767,42.313,362.750,-28.688,-0.172,0.160,0.801,0.934,7.711,-4.496,3.038,3.260,1.096,1.286,0,NULL,NULL,,3,0,2,7,255,1055,250,0,0
stim,14907,45028,0,45028,3242329.455,0.824,0.241,0.123,0.498,0,0,0,0,0,0,0,36,55,1.213,1,2076,0,372.047,6.196,56.250,366.750,-27.375,-0.160,0.148,0.742,0.934,6.125,-4.574,3.072,3.296,1.096,1.286,0,NULL,NULL,,3,0,2,7,255,1055,250,0,0
stim,14907,45028,0,45028,3242334.453,0.826,0.230,0.112,0.503,0,0,0,0,0,0,0,40,55,1.213,1,2076,0,376.061,5.787,73.063,367.813,-28.250,-0.168,0.207,0.758,0.934,5.711,-4.711,3.104,3.328,1.096,1.286,0,NULL,NULL,,3,0,2,7,255,1055,250,0,0
stim,14907,45028,0,45028,3242339.455,0.827,0.218,0.101,0.508,0,0,0,0,0,0,0,39,55,1.213,1,2076,0,378.736,5.895,90.813,366.000,-35.188,-0.176,0.285,0.781,1.461,5.711,-4.711,3.132,3.358,1.096,1.286,0,NULL,NULL,,3,0,2,7,255,1055,250,0,0
stim,14907,45028,0,45028,3242344.454,0.829,0.206,0.091,0.513,0,0,0,0,0,0,0,40,55,1.213,1,2076,0,380.833,6.055,107.625,363.500,-36.313,-0.039,0.172,0.898,2.012,5.711,-4.563,3.156,3.384,1.096,1.286,0,NULL,NULL,,3,0,2,7,255,1055,250,0,0
stim,14907,45028,0,45028,3242349.455,0.830,0.194,0.081,0.516,0,0,0,0,0,0,0,41,55,1.213,1,2076,0,377.645,5.209,115.750,358.688,-23.688,-0.027,0.152,0.949,2.012,4.805,-2.559,3.180,3.408,1.096,1.286,0,NULL,NULL,,3,0,2,7,255,1055,250,0,0
stim,14907,45028,0,45028,3242354.453,0.832,0.181,0.071,0.520,0,0,0,0,0,0,0,43,55,1.213,1,2076,0,375.214,5.209,128.000,352.438,-13.750,-0.055,0.188,1.035,2.012,4.805,-1.883,3.200,3.430,1.096,1.286,0,NULL,NULL,,3,0,2,7,255,1055,250,0,0
stim,14907,45028,0,45028,3242359.455,0.833,0.168,0.062,0.523,0,0,0,0,0,0,0,41,55,1.213,1,2076,0,372.786,5.506,135.875,347.063,-7.438,-0.051,0.219,1.141,2.289,5.008,-1.137,3.220,3.452,1.096,1.286,0,NULL,NULL,,3,0,2,7,255,1055,250,0,0
stim,14934,45055,0,45055,3242364.453,0.835,0.155,0.052,0.525,0,0,0,0,0,0,0,44,55,1.213,1,2076,0,370.359,5.854,141.500,342.250,-2.875,-0.074,0.262,1.180,2.750,5.168,-0.074,3.240,3.474,1.096,1.286,0,NULL,NULL,,3,0,2,7,255,1055,250,0,0
stim,14934,45055,0,45055,3242369.455,0.836,0.142,0.044,0.528,0,0,0,0,0,0,0,49,55,1.213,1,2076,0,370.194,6.166,151.500,337.750,-4.000,-0.102,0.285,1.258,3.070,5.348,0.266,3.260,3.494,1.096,1.286,0,NULL,NULL,,3,0,2,7,255,1055,250,0,0
stim,14934,45055,0,45055,3242374.454,0.837,0.128,0.035,0.530,0,0,0,0,0,0,0,44,55,1.213,1,2076,0,370.576,6.264,160.000,334.188,-6.750,-0.090,0.270,1.375,3.262,5.348,1.063,3.282,3.518,1.096,1.286,0,NULL,NULL,,3,0,2,7,255,1055,250,0,0
stim,14934,45055,0,45055,3242379.455,0.838,0.115,0.027,0.532,0,0,0,0,0,0,0,43,55,1.213,1,2076,0,369.383,6.269,164.188,330.875,-2.875,-0.090,0.273,1.520,3.309,5.324,2.410,3.306,3.542,1.096,1.286,0,NULL,NULL,,3,0,2,7,255,1055,250,0,0
stim,14935,45056,0,45056,3242384.453,0.839,0.101,0.019,0.534,0,0,0,0,0,0,0,46,55,1.213,1,2076,0,365.906,6.361,162.938,327.625,-0.438,-0.133,0.281,1.664,3.480,5.324,3.926,3.330,3.568,1.096,1.286,0,NULL,NULL,,3,0,2,7,255,1055,250,0,0
stim,14935,45056,0,45056,3242389.455,0.840,0.088,0.011,0.536,0,0,0,0,0,0,0,48,55,1.213,1,2076,0,360.421,6.519,156.188,324.813,-2.375,-0.164,0.281,1.785,3.523,5.484,5.410,3.356,3.594,1.096,1.286,0,NULL,NULL,,3,0,2,7,255,1055,250,0,0
stim,14959,45080,0,45080,3242394.454,0.840,0.075,0.002,0.537,0,0,0,0,0,0,0,51,55,1.213,1,2076,0,353.327,6.527,146.313,321.563,-5.500,-0.168,0.293,1.863,3.539,5.484,6.715,3.382,3.622,1.096,1.286,0,NULL,NULL,,3,0,2,7,255,1055,250,0,0
stim,14959,45080,0,45080,3242399.455,0.840,0.062,-0.006,0.539,0,0,0,0,0,0,0,45,55,1.213,1,2076,0,346.647,6.376,136.875,318.375,-8.188,-0.152,0.289,1.887,3.719,5.180,7.578,3.408,3.650,1.096,1.286,0,NULL,NULL,,3,0,2,7,255,1055,250,0,0
stim,14959,45080,0,45080,3242404.453,0.840,0.050,-0.014,0.540,0,0,0,0,0,0,0,50,55,1.213,1,2076,0,341.908,5.838,132.625,315.000,-9.313,-0.141,0.254,1.895,3.719,4.500,8.000,3.434,3.676,1.096,1.286,0,NULL,NULL,,3,0,2,7,255,1055,250,0,0
stim,14959,45080,0,45080,3242409.455,0.839,0.038,-0.023,0.542,0,0,0,0,0,0,0,52,55,1.213,1,2076,0,339.225,5.133,133.000,311.875,-10.875,-0.133,0.227,1.914,3.555,3.703,8.250,3.456,3.698,1.096,1.286,0,NULL,NULL,,3,0,2,7,255,1055,250,0,0
stim,15005,45126,1,45126,3242414.454,0.839,0.025,-0.030,0.543,0,0,0,0,0,0,0,51,55,1.213,1,2076,0,338.978,4.523,137.625,309.438,-14.625,-0.105,0.211,1.945,3.402,2.980,8.539,3.474,3.718,1.096,1.286,0,NULL,NULL,,3,1,2,7,255,1055,250,0,0
stim,15005,45126,1,45126,3242419.455,0.838,0.013,-0.038,0.545,0,0,0,0,0,0,0,47,55,1.213,1,2076,0,341.274,4.010,145.063,308.313,-19.188,-0.055,0.152,1.980,3.398,2.129,8.934,3.486,3.732,1.096,1.286,0,NULL,NULL,,3,1,2,7,255,1055,250,0,0
stim,15005,45126,1,45126,3242424.454,0.836,-0.000,-0.046,0.546,0,0,0,0,0,0,0,45,55,1.213,1,2076,0,344.543,3.224,152.750,308.188,-19.938,0.004,0.059,2.000,3.109,0.852,9.391,3.494,3.742,1.096,1.286,0,NULL,NULL,,3,1,2,7,255,1055,250,0,0
stim,15005,45126,1,45126,3242429.456,0.835,-0.014,-0.053,0.548,0,0,0,0,0,0,0,51,55,1.213,1,2076,0,349.457,2.591,162.938,308.563,-19.000,0.074,0.000,1.988,2.516,-0.621,9.453,3.496,3.744,1.096,1.286,0,NULL,NULL,,3,1,2,7,255,1055,250,0,0
stim,15034,45155,1,45155,3242434.453,0.833,-0.027,-0.059,0.549,0,0,0,0,0,0,0,55,55,1.213,1,2076,0,358.557,2.996,181.188,308.750,-20.188,0.168,-0.055,1.977,2.188,-2.047,9.453,3.488,3.738,1.096,1.286,0,NULL,NULL,,3,1,2,7,255,1055,250,0,0
stim,15034,45155,1,45155,3242439.455,0.831,-0.042,-0.066,0.550,0,0,0,0,0,0,0,54,55,1.213,1,2076,0,371.922,4.304,205.750,309.000,-22.625,0.332,-0.082,2.023,2.188,-3.707,9.273,3.474,3.724,1.096,1.286,0,NULL,NULL,,3,1,2,7,255,1055,250,0,0
stim,15034,45155,1,45155,3242444.454,0.829,-0.058,-0.071,0.551,0,0,0,0,0,0,0,57,55,1.213,1,2076,0,388.902,6.334,235.438,308.688,-22.938,0.543,-0.090,2.137,2.258,-5.918,9.273,3.446,3.698,1.096,1.286,0,NULL,NULL,,3,1,2,7,255,1055,250,0,0
stim,15034,45155,1,45155,3242449.455,0.827,-0.075,-0.076,0.552,0,0,0,0,0,0,0,60,55,1.213,1,2076,0,406.087,9.125,262.875,308.813,-20.938,0.750,-0.117,2.301,2.875,-8.660,9.816,3.408,3.662,1.096,1.286,0,NULL,NULL,,3,1,2,7,255,1055,250,0,0
stim,15034,45155,1,45155,3242454.453,0.824,-0.092,-0.080,0.553,0,0,0,0,0,0,0,59,55,1.213,1,2076,0,420.934,11.962,285.813,308.688,-14.438,0.914,-0.184,2.496,3.066,-11.563,10.695,3.358,3.612,1.096,1.286,0,NULL,NULL,,3,1,2,7,255,1055,250,0,0
stim,15034,45155,1,45155,3242459.455,0.821,-0.111,-0.084,0.553,0,0,0,0,0,0,0,61,55,1.213,1,2076,0,431.398,14.725,302.250,307.750,-6.250,1.031,-0.227,2.742,3.066,-14.402,11.797,3.294,3.550,1.096,1.286,0,NULL,NULL,,3,1,2,7,255,1055,250,0,0
stim,15034,45155,1,45155,3242464.454,0.818,-0.129,-0.088,0.554,0,0,0,0,0,0,0,56,55,1.213,1,2076,0,434.399,17.247,307.250,307.000,-7.125,1.172,-0.188,2.992,3.066,-16.973,13.320,3.216,3.474,1.096,1.286,0,NULL,NULL,,3,1,2,7,255,1055,250,0,0
stim,15034,45155,1,45155,3242469.455,0.815,-0.147,-0.092,0.554,0,0,0,0,0,0,0,56,55,1.213,1,2076,0,424.903,19.882,294.750,305.875,-10.250,1.277,-0.129,3.152,3.352,-19.598,14.738,3.128,3.388,1.096,1.286,0,NULL,NULL,,3,1,2,7,255,1055,250,0,0
stim,15034,45155,1,45155,3242474.454,0.811,-0.164,-0.096,0.553,0,0,0,0,0,0,0,62,55,1.213,1,2076,0,405.201,21.995,271.375,300.875,-4.250,1.332,-0.121,3.238,3.758,-21.672,15.230,3.032,3.292,1.096,1.286,0,NULL,NULL,,3,1,2,7,255,1055,250,0,0
stim,15034,45155,1,45155,3242479.455,0.808,-0.179,-0.101,0.553,0,0,0,0,0,0,0,71,55,1.213,1,2076,0,380.580,23.583,238.438,296.250,-15.000,1.387,0.012,3.297,3.855,-23.266,15.230,2.924,3.186,1.096,1.286,0,NULL,NULL,,3,1,2,7,255,1055,250,0,0
stim,15034,45155,1,45155,3242484.453,0.804,-0.193,-0.106,0.553,0,0,0,0,0,0,0,73,55,1.213,1,2076,0,352.017,24.786,203.563,286.375,-21.625,1.563,0.121,3.309,4.844,-24.309,15.035,2.808,3.070,1.096,1.286,0,NULL,NULL,,3,1,2,7,255,1055,250,0,0
stim,15034,45155,1,45155,3242489.455,0.800,-0.205,-0.112,0.553,0,0,0,0,0,0,0,89,55,1.213,1,2076,0,324.547,26.954,165.625,276.313,-39.375,1.949,0.180,3.301,6.203,-26.230,13.957,2.680,2.944,1.096,1.286,0,NULL,NULL,,3,1,2,7,255,1055,250,0,0
stim,15066,45187,1,45187,3242494.454,0.797,-0.215,-0.119,0.552,0,0,0,0,0,0,0,104,55,1.213,1,2076,0,285.607,30.653,112.000,260.813,-31.688,2.324,-0.070,3.078,6.965,-29.852,11.727,2.540,2.804,1.096,1.286,0,NULL,NULL,,3,1,2,7,255,1055,250,0,0
stim,15066,45187,1,45187,3242499.455,0.794,-0.223,-0.126,0.551,0,0,0,0,0,0,0,154,55,1.213,1,2076,0,252.864,33.918,59.250,245.188,-17.688,2.691,-0.281,2.621,6.965,-33.195,7.004,2.386,2.652,1.096,1.286,0,NULL,NULL,,3,1,2,7,255,1055,250,0,0
stim,15066,45187,1,45187,3242504.453,0.793,-0.229,-0.134,0.549,0,0,0,0,0,0,0,167,55,1.213,1,2076,0,229.525,35.640,25.938,227.813,10.500,3.090,-0.371,1.996,6.965,-34.953,0.352,2.224,2.490,1.096,1.286,0,NULL,NULL,,3,1,2,7,255,1055,250,0,0
stim,15066,45187,1,45187,3242509.455,0.792,-0.235,-0.140,0.546,0,0,0,0,0,0,0,189,55,1.213,1,2076,0,216.952,36.211,24.750,213.750,27.688,3.441,-0.527,1.363,7.273,-35.473,-7.633,2.058,2.322,1.096,1.286,0,NULL,NULL,,3,1,2,7,255,1055,250,0,0
stim,15111,45232,1,45232,3242514.454,0.791,-0.242,-0.145,0.543,0,0,0,0,0,0,0,222,55,1.213,1,2076,0,210.988,36.245,59.250,195.938,51.125,3.813,-0.789,0.887,7.273,-35.508,-15.559,1.886,2.148,1.096,1.286,0,NULL,NULL,,3,1,2,7,255,1055,250,0,0
stim,15111,45232,1,45232,3242519.455,0.791,-0.252,-0.148,0.539,0,0,0,0,0,0,0,233,55,1.213,1,2076,0,237.930,37.043,121.250,180.813,96.000,3.953,-0.984,0.613,6.477,-36.473,-22.430,1.710,1.970,1.096,1.286,0,NULL,NULL,,3,1,2,7,255,1055,250,0,0
stim,15111,45232,1,45232,3242524.454,0.790,-0.263,-0.147,0.534,0,0,0,0,0,0,0,237,55,1.213,1,2076,0,277.275,36.974,190.500,151.500,132.813,4.059,-1.258,0.793,5.527,-36.559,-26.422,1.532,1.788,1.096,1.286,0,NULL,NULL,,3,1,2,7,255,1055,250,0,0
stim,15111,45232,1,45232,3242529.456,0.791,-0.273,-0.145,0.528,0,0,0,0,0,0,0,233,55,1.213,1,2076,0,277.309,38.953,184.125,122.750,167.125,4.004,-1.961,1.172,3.816,-38.766,-26.422,1.352,1.604,1.096,1.286,0,NULL,NULL,,3,1,2,7,255,1055,250,0,0
stim,15111,45232,1,45232,3242534.453,0.793,-0.284,-0.141,0.521,0,0,0,0,0,0,0,229,55,1.213,1,2076,0,308.670,39.495,207.188,93.250,208.938,3.719,-1.844,1.133,-1.738,-39.457,-25.668,1.170,1.418,1.096,1.286,0,NULL,NULL,,3,1,2,7,255,1055,250,0,0
stim,15111,45232,1,45232,3242539.455,0.794,-0.296,-0.135,0.514,0,0,0,0,0,0,0,198,55,1.213,1,2076,0,348.994,39.523,267.250,62.938,215.438,3.121,-1.699,1.383,-2.277,-39.457,-24.848,0.988,1.230,1.096,1.286,0,NULL,NULL,,3,1,2,7,255,1055,250,0,0
stim,15111,45232,1,45232,3242544.454,0.794,-0.308,-0.127,0.509,0,0,0,0,0,0,0,178,55,1.213,1,2076,0,346.676,36.938,298.250,25.500,174.875,2.629,-1.563,2.215,-2.578,-36.848,-19.984,0.806,1.042,1.096,1.286,0,NULL,NULL,,3,1,2,7,255,1055,250,0,0
stim,15111,45232,1,45232,3242549.455,0.793,-0.317,-0.120,0.506,0,0,0,0,0,0,0,169,55,1.213,1,2076,0,287.371,36.938,250.688,-11.750,140.000,2.367,-1.125,3.074,-2.578,-36.848,-11.117,0.630,0.856,1.096,1.286,0,NULL,NULL,,3,1,2,7,255,1055,250,0,0
stim,15111,45232,1,45232,3242554.453,0.794,-0.321,-0.113,0.504,0,0,0,0,0,0,0,251,55,1.213,1,2076,0,183.818,37.215,142.938,-51.438,103.500,1.910,-0.523,3.629,-2.285,-37.145,-2.051,0.458,0.668,1.096,1.286,0,NULL,NULL,,3,1,2,7,255,1055,250,0,0
stim,15111,45232,1,45232,3242559.455,0.797,-0.326,-0.101,0.499,25,0,0,404,0,0,0,325,55,1.213,1,2076,0,326.492,38.915,185.813,-147.875,224.063,0.801,-1.086,5.492,-2.285,-38.848,6.555,0.302,0.476,1.096,1.286,0,NULL,NULL,,3,1,2,7,255,1055,250,0,0
stim,15132,45253,1,45253,3242564.453,0.804,-0.334,-0.079,0.485,534,0,0,1051,0,53,0,383,55,1.213,1,2076,0,637.663,42.020,302.063,-246.938,504.375,0.898,1.234,8.820,-0.063,-42.020,24.148,0.212,0.290,1.096,1.286,0,NULL,NULL,,3,1,2,7,255,1055,250,0,0
stim,15132,45253,1,45253,3242569.455,0.824,-0.303,-0.089,0.471,1049,0,0,1501,0,293,0,477,55,1.213,1,2076,0,912.135,42.020,-840.750,-90.125,342.063,-1.555,1.891,5.344,-0.063,-42.020,46.609,0.246,0.148,1.096,1.286,0,NULL,NULL,,3,1,2,7,255,1055,250,0,0
stim,15132,45253,1,45253,3242574.454,0.844,-0.256,-0.107,0.459,1544,0,0,1779,0,547,0,535,55,1.213,1,2076,0,1266.039,11.825,-1241.125,-128.063,214.625,-1.086,4.117,-0.195,1.223,-11.762,46.609,0.310,0.106,1.096,1.286,0,NULL,NULL,,3,1,2,7,255,1055,250,0,0
stim,15132,45253,1,45253,3242579.455,0.856,-0.225,-0.118,0.451,1903,0,0,1937,0,735,0,581,55,1.213,1,2077,0,829.005,30.249,-810.875,-95.500,143.563,-1.648,2.844,-2.809,13.051,27.289,5.410,0.328,0.162,1.096,1.286,1,1080.000,25.000,,3,1,2,7,255,1055,250,0,0
stim,15154,45275,1,45275,3242584.453,0.860,-0.213,-0.119,0.449,2101,0,0,2027,0,904,0,605,55,1.213,1,2077,0,306.438,30.249,-282.625,-114.688,29.563,-1.707,0.230,-2.707,13.051,27.289,-20.438,0.338,0.236,1.096,1.286,1,NULL,NULL,,3,1,2,7,255,1055,250,0,0
stim,15154,45275,1,45275,3242589.455,0.859,-0.213,-0.112,0.451,2263,0,0,2100,0,1052,0,692,55,1.213,1,2077,0,164.005,26.794,84.500,-140.125,-11.063,-0.500,-0.738,0.379,-8.742,25.328,-20.438,0.360,0.302,1.096,1.286,1,NULL,NULL,,3,1,2,7,255,1055,250,0,0
stim,15154,45275,1,45275,3242594.454,0.861,-0.213,-0.106,0.450,2427,0,0,2238,0,1237,0,765,55,1.213,1,2077,0,142.782,8.949,65.125,-113.688,56.750,0.289,1.289,1.977,-8.742,-1.914,-6.313,0.394,0.356,1.096,1.286,1,NULL,NULL,,3,1,2,7,255,1055,250,0,0
stim,15154,45275,1,45275,3242599.455,0.864,-0.208,-0.104,0.447,2621,0,0,2475,0,1309,0,814,55,1.213,1,2077,0,177.261,12.383,-103.875,-100.688,102.438,-0.098,2.531,2.230,12.234,-1.914,9.531,0.432,0.406,1.096,1.286,2,NULL,NULL,,3,1,2,7,255,1055,250,0,0
stim,15154,45275,1,45275,3242604.453,0.870,-0.195,-0.104,0.441,2747,0,0,2645,0,1339,0,887,55,1.213,1,2077,0,351.938,12.935,-304.250,-122.688,127.438,-1.727,0.621,1.324,12.234,4.199,9.531,0.452,0.446,1.096,1.286,2,NULL,NULL,,3,1,2,7,255,1055,250,0,0
stim,15154,45275,1,45275,3242609.455,0.875,-0.176,-0.106,0.439,2841,0,0,2765,0,1388,0,1049,55,1.213,1,2077,0,458.390,10.595,-428.250,-155.938,49.063,-2.242,-1.184,-0.023,-4.707,9.492,9.316,0.448,0.472,1.096,1.286,2,NULL,NULL,,3,1,2,7,255,1055,250,0,0
stim,15154,45275,1,45275,3242614.455,0.875,-0.161,-0.106,0.444,2903,0,0,2851,0,1440,0,1157,55,1.213,1,2077,0,362.745,22.099,-287.750,-165.625,-146.125,-1.617,-1.250,-1.059,-19.957,9.492,-4.711,0.428,0.486,1.096,1.286,2,NULL,NULL,,3,1,2,7,255,1055,250,0,0
stim,15207,45328,1,45328,3242619.454,0.873,-0.155,-0.100,0.452,2955,0,0,2915,0,1491,0,1276,55,1.213,1,2077,0,271.260,21.696,-32.375,-189.750,-191.125,-0.398,-0.590,-0.359,-19.957,8.512,-12.766,0.400,0.488,1.096,1.286,2,NULL,NULL,,3,1,2,7,255,1055,250,0,0
stim,15207,45328,1,45328,3242624.455,0.870,-0.153,-0.093,0.460,2987,0,0,2971,0,1556,0,1387,55,1.213,1,2077,0,263.403,7.316,65.063,-196.000,-163.500,0.266,-0.844,1.340,-7.258,0.918,-12.766,0.370,0.470,1.096,1.286,2,NULL,NULL,,3,1,2,7,255,1055,250,0,0
stim,15207,45328,1,45328,3242629.457,0.869,-0.148,-0.087,0.464,3020,0,0,3023,0,1641,0,1448,55,1.213,1,2077,0,210.644,12.103,-28.688,-182.750,-100.750,0.738,-1.211,2.039,-5.156,-10.949,0.508,0.336,0.428,1.096,1.286,2,NULL,NULL,,3,1,2,7,255,1055,250,0,0
stim,15207,45328,1,45328,3242634.453,0.870,-0.139,-0.083,0.466,3043,0,0,3066,0,1782,0,1491,55,1.213,1,2077,0,221.475,19.106,-134.813,-174.063,-24.063,1.086,-1.375,1.695,-4.863,-18.477,1.262,0.300,0.364,1.096,1.286,2,NULL,NULL,,3,1,2,7,255,1055,250,0,0
stim,15207,45328,1,45328,3242639.455,0.873,-0.130,-0.080,0.463,3051,0,0,3091,0,1896,0,1519,55,1.213,1,2077,0,242.519,19.638,-172.875,-152.813,74.688,0.961,-1.543,1.148,-5.156,-18.949,1.262,0.270,0.294,1.096,1.286,2,NULL,NULL,,3,1,2,7,255,1055,250,0,0
stim,15207,45328,1,45328,3242644.454,0.878,-0.122,-0.077,0.457,3063,0,0,3109,0,2007,0,1553,55,1.213,1,2077,0,260.258,20.149,-149.563,-142.625,158.188,0.387,-1.332,0.656,-6.848,-18.949,-3.352,0.250,0.232,1.096,1.286,2,NULL,NULL,,3,1,2,7,255,1055,250,0,0
stim,15207,45328,1,45328,3242649.455,0.882,-0.116,-0.072,0.450,3083,0,0,3129,0,2103,0,1606,55,1.213,1,2077,0,251.505,13.898,-85.875,-147.000,185.125,-0.305,-0.563,0.555,-6.848,-12.094,-4.469,0.234,0.194,1.096,1.286,2,NULL,NULL,,3,1,2,7,255,1055,250,0,0
stim,15207,45328,1,45328,3242654.453,0.886,-0.113,-0.067,0.446,3087,0,0,3131,191,2229,0,1789,55,1.213,1,2077,0,195.782,6.467,-25.000,-142.875,131.500,-0.602,0.125,0.797,-6.051,-2.281,-4.469,0.220,0.182,1.096,1.286,2,NULL,NULL,,3,1,2,7,255,1055,250,0,0
stim,15207,45328,1,45328,3242659.455,0.887,-0.111,-0.061,0.444,3093,0,0,3155,488,2294,43,1945,55,1.213,1,2077,0,155.833,3.745,-3.438,-143.063,61.688,-0.547,0.355,1.391,-2.273,2.977,-0.805,0.210,0.182,1.096,1.286,2,NULL,NULL,,3,1,2,7,255,1055,250,0,0
stim,15233,45354,0,45354,3242664.454,0.887,-0.109,-0.057,0.445,3089,0,0,3148,787,2347,63,2083,55,1.213,1,2077,0,96.285,2.977,4.000,-89.875,-34.313,0.047,0.352,2.383,-0.012,2.977,4.934,0.216,0.176,1.096,1.286,2,NULL,NULL,,3,0,2,7,255,1050,250,0,0
stim,15233,45354,0,45354,3242669.456,0.886,-0.105,-0.057,0.448,3097,0,0,3171,1049,2394,55,2163,55,1.213,1,2077,0,116.403,5.179,-71.938,-54.688,-73.375,0.680,0.582,1.590,3.641,-3.684,4.934,0.234,0.156,1.096,1.286,2,NULL,NULL,,3,0,2,7,255,1050,250,0,0
stim,15233,45354,0,45354,3242674.454,0.886,-0.102,-0.056,0.449,3095,0,0,3171,1191,2412,61,2213,55,1.213,1,2077,0,78.075,9.734,-50.375,-52.125,-29.000,0.852,0.875,1.070,8.949,-3.828,4.660,0.262,0.134,1.096,1.286,2,NULL,NULL,,3,0,2,7,255,1050,250,0,0
stim,15233,45354,0,45354,3242679.455,0.886,-0.100,-0.056,0.449,3102,2,0,3167,1303,2444,71,2287,55,1.213,1,2077,0,42.230,10.321,-30.188,-25.438,15.000,0.262,-0.039,1.383,8.949,-5.141,2.898,0.286,0.116,1.096,1.286,2,NULL,NULL,,3,0,2,7,255,1050,250,0,0
stim,15259,45380,0,45380,3242684.454,0.887,-0.096,-0.056,0.448,3092,29,0,3177,1404,2453,89,2325,55,1.213,1,2077,0,91.377,4.151,-87.563,-20.750,15.875,-0.434,-0.602,1.246,1.605,-3.828,2.402,0.304,0.100,1.096,1.286,2,NULL,NULL,,3,0,2,7,255,1050,250,0,0
stim,15259,45380,0,45380,3242689.455,0.886,-0.093,-0.058,0.450,3097,31,0,3177,1495,2460,98,2356,55,1.213,1,2077,0,102.516,3.798,-83.875,-16.375,-56.625,-0.484,-0.020,0.797,-2.680,-2.691,2.402,0.318,0.088,1.096,1.286,2,NULL,NULL,,3,0,2,7,255,1050,250,0,0
stim,15259,45380,0,45380,3242694.453,0.884,-0.091,-0.058,0.455,3098,43,0,3177,1562,2471,96,2376,55,1.213,1,2077,0,120.408,2.711,-24.750,-11.750,-117.250,-0.012,0.355,0.836,-2.680,0.410,-1.285,0.328,0.076,1.096,1.286,2,NULL,NULL,,3,0,2,7,255,1050,250,0,0
stim,15259,45380,0,45380,3242699.455,0.882,-0.090,-0.058,0.458,3091,76,0,3176,1611,2479,93,2401,55,1.213,1,2077,0,90.389,3.074,-9.188,-8.688,-89.500,0.332,0.098,1.156,3.047,0.410,-1.285,0.340,0.066,1.096,1.286,2,NULL,NULL,,3,0,2,7,255,1050,250,0,0
stim,15259,45380,0,45380,3242704.453,0.882,-0.088,-0.059,0.459,3099,103,0,3187,1656,2485,95,2415,55,1.213,1,2077,0,54.696,5.293,-50.500,-4.875,-20.438,0.133,-0.332,1.184,3.047,-4.328,0.746,0.350,0.054,1.096,1.286,2,NULL,NULL,,3,0,2,7,255,1050,250,0,0
stim,15259,45380,0,45380,3242709.455,0.883,-0.085,-0.060,0.458,3093,109,0,3177,1707,2502,117,2441,55,1.213,1,2077,0,74.484,4.556,-74.250,-5.875,-0.500,-0.293,-0.184,0.867,-1.422,-4.328,0.746,0.360,0.044,1.096,1.286,2,NULL,NULL,,3,0,2,7,255,1050,250,0,0
stim,15305,45426,0,45426,3242714.454,0.882,-0.083,-0.061,0.460,3096,137,10,3181,1753,2507,141,2459,55,1.213,1,2077,0,62.915,1.479,-47.313,-6.625,-40.938,-0.371,0.191,0.766,-1.422,-0.406,-1.047,0.366,0.034,1.096,1.286,2,NULL,NULL,,3,0,2,7,255,1050,250,0,0
stim,15305,45426,0,45426,3242719.455,0.881,-0.082,-0.061,0.463,3100,157,19,3183,1809,2513,145,2464,55,1.213,1,2077,0,78.695,0.441,-21.250,-5.625,-75.563,-0.063,0.133,0.957,-0.172,-0.406,-1.047,0.372,0.028,1.096,1.286,2,NULL,NULL,,3,0,2,7,255,1050,250,0,0
stim,15305,45426,0,45426,3242724.454,0.880,-0.081,-0.062,0.465,3101,175,109,3181,1855,2525,161,2471,55,1.213,1,2077,0,60.664,0.571,-23.250,-4.188,-55.875,0.219,-0.211,1.059,0.023,-0.570,-0.406,0.380,0.020,1.096,1.286,2,NULL,NULL,,3,0,2,7,255,1050,250,0,0
stim,15305,45426,0,45426,3242729.457,0.880,-0.079,-0.062,0.465,3097,199,165,3189,1896,2525,140,2489,55,1.213,1,2077,0,32.713,4.207,-32.063,-2.625,-5.938,0.145,-0.234,0.973,0.023,-4.207,-0.406,0.388,0.014,1.096,1.286,2,NULL,NULL,,3,0,2,7,255,1050,250,0,0
stim,15305,45426,0,45426,3242734.454,0.880,-0.078,-0.063,0.464,3109,207,235,3181,1918,2531,140,2488,55,1.213,1,2077,0,31.757,4.250,-27.625,-3.000,15.375,-0.141,-0.039,0.914,-0.605,-4.207,-0.777,0.396,0.006,1.096,1.286,2,NULL,NULL,,3,0,2,7,255,1050,250,0,0
stim,15305,45426,0,45426,3242739.455,0.880,-0.078,-0.063,0.464,3111,227,312,3183,1940,2533,137,2503,55,1.213,1,2077,0,15.426,0.967,-14.875,-1.625,-3.750,-0.246,0.086,0.965,-0.605,-0.754,-0.777,0.404,0.000,1.096,1.286,2,NULL,NULL,,3,0,2,7,255,1050,250,0,0
stim,15305,45426,0,45426,3242744.454,0.880,-0.077,-0.063,0.465,3096,240,359,3187,1957,2533,137,2507,55,1.213,1,2077,0,21.424,0.760,-8.188,-1.375,-19.750,-0.113,0.043,1.039,-0.145,-0.746,-0.035,0.000,0.000,1.096,1.286,2,NULL,NULL,,3,0,2,7,255,1050,250,0,0
stim,15305,45426,0,45426,3242749.455,0.879,-0.077,-0.063,0.466,3099,237,393,3197,1979,2545,139,2504,55,1.205,1,2077,1,15.770,0.791,-10.375,-0.188,-11.875,-0.020,-0.027,1.035,0.262,-0.746,0.176,0.000,0.000,1.092,1.290,2,NULL,NULL,,3,0,2,7,255,1050,250,0,0
stim,15329,45450,0,45450,3242754.454,0.880,-0.076,-0.063,0.465,3092,236,429,3180,1989,2539,135,2503,55,1.205,1,2077,1,14.277,1.068,-12.313,-0.750,7.188,-0.094,0.004,1.000,0.262,-1.035,0.176,0.006,0.004,1.092,1.290,2,NULL,NULL,,3,0,2,7,255,1050,250,0,0
stim,15329,45450,0,45450,3242759.455,0.880,-0.076,-0.063,0.465,3099,233,468,3192,1999,2549,137,2511,55,1.205,1,2077,1,12.364,1.039,-10.313,-1.625,6.625,-0.207,0.055,1.000,0.090,-1.035,0.176,0.014,0.010,1.092,1.290,2,NULL,NULL,,3,0,2,7,255,1050,250,0,0
stim,15329,45450,0,45450,3242764.453,0.880,-0.075,-0.064,0.465,3091,231,481,3181,2004,2540,136,2503,55,1.205,1,2077,1,8.385,0.136,-6.500,-1.750,-5.000,-0.191,0.039,0.996,-0.129,-0.043,0.148,0.018,0.014,1.092,1.290,2,NULL,NULL,,3,0,2,7,255,1050,250,0,0
stim,15329,45450,0,45450,3242769.457,0.879,-0.075,-0.064,0.466,3099,233,503,3182,2017,2537,123,2517,55,1.205,1,2077,1,10.912,0.136,-3.500,-0.688,-10.313,-0.105,-0.016,1.004,-0.129,-0.043,0.148,0.024,0.016,1.092,1.290,2,NULL,NULL,,3,0,2,7,255,1050,250,0,0
stim,15329,45450,0,45450,3242774.454,0.879,-0.075,-0.063,0.466,3095,231,509,3168,2013,2535,126,2511,55,1.205,1,2077,1,3.567,1.038,-2.688,-1.750,-1.563,-0.090,-0.012,1.023,-0.117,-1.031,0.148,0.028,0.018,1.092,1.290,2,NULL,NULL,,3,0,2,7,255,1050,250,0,0
stim,15329,45450,0,45450,3242779.455,0.880,-0.075,-0.063,0.466,3081,228,547,3182,2019,2527,127,2521,55,1.205,1,2077,1,3.871,1.031,-2.188,-1.625,2.750,-0.152,0.047,1.016,0.016,-1.031,0.199,0.032,0.022,1.092,1.290,2,NULL,NULL,,3,0,2,7,255,1050,250,0,0
stim,15348,45469,0,45469,3242784.454,0.879,-0.075,-0.063,0.466,3079,221,563,3162,2027,2523,125,2515,55,1.205,1,2077,1,4.038,0.317,-1.438,-1.688,-3.375,-0.195,0.055,1.008,0.016,-0.316,0.258,0.036,0.024,1.092,1.290,2,NULL,NULL,,3,0,2,7,255,1050,250,0,0
stim,15348,45469,0,45469,3242789.455,0.879,-0.074,-0.063,0.466,3087,219,587,3171,2027,2523,119,2509,55,1.205,1,2077,1,5.649,0.152,-0.500,-3.688,-4.250,-0.168,0.066,1.008,0.137,-0.066,0.258,0.038,0.024,1.092,1.290,2,NULL,NULL,,3,0,2,7,255,1050,250,0,0
stim,15348,45469,0,45469,3242794.453,0.879,-0.074,-0.063,0.466,3076,213,611,3163,2035,2522,119,2517,55,1.205,1,2077,1,7.650,0.053,0.813,-3.625,-6.688,-0.184,0.059,0.992,0.035,0.039,0.238,0.042,0.026,1.092,1.290,2,NULL,NULL,,3,0,2,7,255,1050,250,0,0
stim,15348,45469,0,45469,3242799.455,0.879,-0.074,-0.063,0.467,3055,205,621,3145,2039,2521,118,2519,55,1.205,1,2077,1,10.263,0.214,2.000,-4.250,-9.125,-0.133,0.086,1.016,0.203,-0.066,0.238,0.044,0.026,1.092,1.290,2,NULL,NULL,,3,0,2,7,255,1050,250,0,0
stim,15370,45491,0,45491,3242804.454,0.879,-0.074,-0.063,0.467,3044,187,632,3129,2040,2517,123,2519,55,1.205,1,2077,1,6.150,0.601,-0.188,-4.500,-4.188,-0.105,0.066,1.035,0.543,-0.258,0.254,0.046,0.028,1.092,1.290,2,NULL,NULL,,3,0,2,7,255,1050,250,0,0
stim,15370,45491,0,45491,3242809.455,0.879,-0.074,-0.062,0.467,3035,185,637,3133,2056,2504,135,2515,55,1.205,1,2077,1,6.998,0.805,-5.188,-4.250,-2.000,-0.133,-0.016,0.988,0.543,-0.594,0.254,0.048,0.028,1.092,1.290,2,NULL,NULL,,3,0,2,7,255,1050,250,0,0
stim,15370,45491,0,45491,3242814.453,0.879,-0.074,-0.062,0.467,3017,185,635,3118,2043,2503,139,2515,55,1.205,1,2077,1,6.329,0.664,-1.188,-6.063,1.375,-0.152,-0.012,0.930,-0.297,-0.594,-0.051,0.052,0.028,1.092,1.290,2,NULL,NULL,,3,0,2,7,255,1050,250,0,0
stim,15370,45491,0,45491,3242819.455,0.879,-0.074,-0.062,0.467,3013,168,639,3111,2058,2503,141,2529,55,1.205,1,2077,1,10.042,0.634,7.125,-6.688,-2.313,-0.180,-0.020,0.934,-0.422,-0.473,-0.520,0.054,0.028,1.092,1.290,2,NULL,NULL,,3,0,2,7,255,1050,250,0,0
stim,15411,45532,0,45532,3242824.454,0.879,-0.074,-0.061,0.467,2996,165,647,3087,2061,2506,147,2525,55,1.205,1,2077,1,13.782,0.505,11.000,-7.938,-2.438,-0.156,0.035,0.965,-0.422,-0.277,-0.520,0.054,0.028,1.092,1.290,2,NULL,NULL,,3,0,2,7,255,1050,250,0,0
stim,15411,45532,0,45532,3242829.455,0.879,-0.074,-0.061,0.467,2990,162,662,3087,2079,2506,152,2533,55,1.205,1,2077,1,14.638,0.287,11.063,-9.125,-2.938,-0.152,0.027,0.984,-0.074,-0.277,-0.215,0.056,0.028,1.092,1.290,2,NULL,NULL,,3,0,2,7,255,1050,250,0,0
stim,15411,45532,0,45532,3242834.454,0.879,-0.074,-0.060,0.467,2969,156,681,3064,2093,2503,191,2525,55,1.205,1,2077,1,14.513,0.243,9.125,-10.688,3.625,-0.164,0.063,0.969,-0.023,-0.242,-0.160,0.058,0.028,1.092,1.290,2,NULL,NULL,,3,0,2,7,255,1050,250,0,0
stim,15411,45532,0,45532,3242839.455,0.879,-0.074,-0.059,0.467,2955,157,712,3052,2117,2504,213,2555,55,1.205,1,2077,1,17.197,0.056,10.500,-13.313,2.875,-0.207,0.082,0.969,0.023,-0.051,-0.098,0.058,0.026,1.092,1.290,2,NULL,NULL,,3,0,2,7,255,1050,250,0,0
stim,15411,45532,0,45532,3242844.454,0.879,-0.075,-0.059,0.467,2935,165,738,3033,2164,2493,239,2565,55,1.205,1,2077,1,19.826,0.416,12.625,-15.250,1.063,-0.227,0.145,0.980,0.121,0.398,-0.098,0.060,0.026,1.092,1.290,2,NULL,NULL,,3,0,2,7,255,1050,250,0,0
stim,15411,45532,0,45532,3242849.455,0.879,-0.075,-0.058,0.467,2917,165,774,3001,2211,2509,280,2587,55,1.205,1,2077,1,23.483,0.933,14.625,-17.063,-6.813,-0.188,0.203,1.020,0.414,0.836,0.090,0.060,0.024,1.092,1.290,2,NULL,NULL,,3,0,2,7,255,1050,250,0,0
stim,15411,45532,0,45532,3242854.454,0.879,-0.075,-0.057,0.468,2875,173,828,2991,2237,2505,299,2589,55,1.205,1,2077,1,22.400,1.405,12.313,-17.500,-6.625,-0.129,0.219,1.051,1.129,0.836,0.445,0.060,0.024,1.092,1.290,2,NULL,NULL,,3,0,2,7,255,1050,250,0,0
stim,15411,45532,0,45532,3242859.455,0.879,-0.075,-0.056,0.468,2859,178,887,2969,2282,2507,361,2603,55,1.205,1,2077,1,19.168,1.421,6.438,-17.688,-3.625,-0.113,0.188,1.051,1.355,0.426,0.598,0.062,0.024,1.092,1.290,2,NULL,NULL,,3,0,2,7,255,1050,250,0,0
stim,15432,45553,0,45553,3242864.454,0.879,-0.075,-0.055,0.468,2837,183,949,2957,2313,2507,395,2621,55,1.205,1,2077,1,17.623,1.378,2.500,-17.375,-1.563,-0.145,0.148,1.008,1.355,0.246,0.598,0.062,0.024,1.092,1.290,2,NULL,NULL,,3,0,2,7,255,1050,250,0,0
stim,15432,45553,0,45553,3242869.455,0.879,-0.075,-0.054,0.468,2807,191,1009,2939,2350,2520,413,2643,55,1.205,1,2077,1,19.189,0.875,4.313,-18.000,-5.063,-0.172,0.148,0.984,0.840,0.246,0.223,0.062,0.024,1.092,1.290,2,NULL,NULL,,3,0,2,7,255,1050,250,0,0
stim,15432,45553,0,45553,3242874.454,0.879,-0.075,-0.053,0.469,2789,211,1117,2915,2392,2517,486,2657,55,1.205,1,2077,1,22.106,0.781,6.125,-17.938,-11.375,-0.172,0.133,0.984,0.660,0.418,0.051,0.064,0.026,1.092,1.290,2,NULL,NULL,,3,0,2,7,255,1050,250,0,0
stim,15432,45553,0,45553,3242879.455,0.878,-0.075,-0.052,0.469,2762,245,1181,2904,2427,2523,555,2668,55,1.205,1,2077,1,25.157,0.670,6.438,-18.688,-15.563,-0.152,0.121,1.008,0.523,0.418,0.051,0.064,0.028,1.092,1.290,2,NULL,NULL,,3,0,2,7,255,1050,250,0,0
stim,15454,45575,0,45575,3242884.453,0.878,-0.075,-0.051,0.470,2725,247,1245,2872,2457,2529,645,2671,55,1.205,1,2077,1,26.001,0.559,2.313,-18.313,-18.313,-0.141,0.125,1.023,0.523,0.195,0.246,0.066,0.032,1.092,1.290,2,NULL,NULL,,3,0,2,7,255,1050,250,0,0
stim,15454,45575,0,45575,3242889.455,0.878,-0.074,-0.051,0.471,2681,263,1357,2852,2505,2532,765,2705,55,1.205,1,2077,1,28.071,0.536,-3.188,-18.063,-21.250,-0.164,0.090,1.027,0.523,0.113,0.348,0.070,0.034,1.092,1.290,2,NULL,NULL,,3,0,2,7,255,1050,250,0,0
stim,15454,45575,0,45575,3242894.454,0.877,-0.073,-0.050,0.472,2622,261,1477,2848,2533,2543,880,2712,55,1.205,1,2077,1,33.201,0.264,-8.938,-18.438,-26.125,-0.172,0.086,1.031,0.238,0.113,0.426,0.070,0.036,1.092,1.290,2,NULL,NULL,,3,0,2,7,255,1050,250,0,0
stim,15454,45575,0,45575,3242899.455,0.877,-0.072,-0.050,0.473,2583,274,1579,2811,2572,2537,1005,2733,55,1.205,1,2077,1,39.344,0.205,-15.438,-18.250,-31.250,-0.180,0.074,1.031,0.133,0.156,0.453,0.072,0.038,1.092,1.290,2,NULL,NULL,,3,0,2,7,255,1050,250,0,0
stim,15454,45575,0,45575,3242904.453,0.876,-0.071,-0.050,0.475,2529,271,1704,2793,2597,2547,1127,2733,55,1.205,1,2077,1,48.470,0.157,-22.000,-18.688,-38.938,-0.176,0.043,1.039,0.016,0.156,0.477,0.074,0.038,1.092,1.290,2,NULL,NULL,,3,0,2,7,255,1050,250,0,0
stim,15454,45575,0,45575,3242909.455,0.875,-0.069,-0.050,0.476,2472,277,1802,2773,2637,2549,1235,2751,55,1.205,1,2077,1,56.385,0.114,-31.063,-18.688,-43.188,-0.141,0.027,1.047,-0.113,0.016,0.527,0.076,0.040,1.092,1.290,2,NULL,NULL,,3,0,2,7,255,1050,250,0,0
stim,15507,45628,0,45628,3242914.454,0.874,-0.067,-0.050,0.478,2405,281,1877,2735,2669,2547,1363,2764,55,1.205,1,2077,1,60.713,0.369,-38.313,-18.500,-43.313,-0.113,0.016,1.000,-0.113,-0.352,0.527,0.076,0.040,1.092,1.290,2,NULL,NULL,,3,0,2,7,255,1050,250,0,0
stim,15507,45628,0,45628,3242919.455,0.874,-0.065,-0.050,0.479,2357,312,1975,2699,2697,2557,1451,2781,55,1.205,1,2077,1,59.640,0.532,-37.625,-18.875,-42.250,-0.094,-0.012,0.945,-0.113,-0.520,0.047,0.078,0.040,1.092,1.290,2,NULL,NULL,,3,0,2,7,255,1050,250,0,0
stim,15507,45628,0,45628,3242924.454,0.873,-0.063,-0.050,0.481,2272,314,2055,2665,2723,2556,1557,2790,55,1.205,1,2077,1,54.616,0.729,-32.625,-19.938,-39.000,-0.102,-0.055,0.949,-0.207,-0.699,-0.500,0.078,0.038,1.092,1.290,2,NULL,NULL,,3,0,2,7,255,1050,250,0,0
stim,15507,45628,0,45628,3242929.455,0.872,-0.061,-0.050,0.482,2203,311,2137,2634,2734,2556,1645,2807,55,1.205,1,2077,1,53.952,1.017,-32.563,-20.625,-37.750,-0.125,-0.086,1.000,-0.574,-0.840,-0.500,0.078,0.038,1.092,1.290,2,NULL,NULL,,3,0,2,7,255,1050,250,0,0
stim,15507,45628,0,45628,3242934.454,0.872,-0.059,-0.050,0.484,2131,309,2207,2585,2758,2577,1751,2826,55,1.205,1,2077,1,60.894,1.230,-40.875,-21.500,-39.688,-0.137,-0.082,1.043,-0.898,-0.840,0.027,0.080,0.036,1.092,1.290,2,NULL,NULL,,3,0,2,7,255,1050,250,0,0
stim,15507,45628,0,45628,3242939.455,0.871,-0.057,-0.050,0.485,2043,303,2279,2537,2786,2571,1847,2841,55,1.205,1,2077,1,65.658,1.173,-46.188,-21.938,-41.188,-0.105,-0.043,0.977,-0.898,-0.754,0.027,0.080,0.032,1.092,1.290,2,NULL,NULL,,3,0,2,7,255,1050,250,0,0
stim,15507,45628,0,45628,3242944.454,0.871,-0.055,-0.050,0.487,1964,299,2348,2495,2805,2575,1933,2843,55,1.205,1,2077,1,57.965,0.800,-39.188,-23.563,-35.625,-0.082,-0.012,0.898,-0.402,-0.691,-0.207,0.080,0.030,1.092,1.290,2,NULL,NULL,,3,0,2,7,255,1050,250,0,0
stim,15507,45628,0,45628,3242949.455,0.870,-0.053,-0.050,0.488,1851,291,2411,2443,2823,2573,2031,2861,55,1.205,1,2077,1,47.330,0.584,-26.813,-25.000,-29.938,-0.102,0.008,0.945,-0.043,-0.582,-0.492,0.080,0.028,1.092,1.290,2,NULL,NULL,,3,0,2,7,255,1050,250,0,0
stim,15507,45628,0,45628,3242954.454,0.870,-0.051,-0.050,0.489,1736,277,2471,2351,2834,2579,2108,2875,55,1.205,1,2077,1,46.222,0.339,-23.063,-26.188,-30.313,-0.141,0.008,1.027,-0.043,-0.336,-0.492,0.080,0.024,1.092,1.290,2,NULL,NULL,,3,0,2,7,255,1050,250,0,0
stim,15507,45628,0,45628,3242959.455,0.869,-0.050,-0.049,0.490,1591,260,2511,2259,2860,2582,2157,2889,55,1.205,1,2077,1,48.759,0.305,-25.813,-26.813,-31.500,-0.129,-0.016,1.039,-0.109,-0.285,0.363,0.080,0.020,1.092,1.290,2,NULL,NULL,,3,0,2,7,255,1050,250,0,0
stim,15531,45652,0,45652,3242964.454,0.868,-0.048,-0.049,0.491,1387,253,2556,2153,2875,2577,2231,2902,55,1.205,1,2077,1,51.030,0.355,-29.125,-27.125,-31.938,-0.121,-0.039,1.035,-0.211,-0.285,0.406,0.080,0.018,1.092,1.290,2,NULL,NULL,,3,0,2,7,255,1050,250,0,0
stim,15531,45652,0,45652,3242969.455,0.868,-0.046,-0.048,0.492,1240,219,2589,2056,2891,2581,2293,2905,55,1.205,1,2077,1,52.203,0.417,-30.000,-28.375,-31.938,-0.113,-0.023,1.016,-0.211,-0.359,0.406,0.082,0.014,1.092,1.290,2,NULL,NULL,,3,0,2,7,255,1050,250,0,0
stim,15531,45652,0,45652,3242974.454,0.867,-0.044,-0.048,0.493,1101,217,2624,1871,2904,2577,2361,2922,55,1.205,1,2077,1,49.495,0.415,-26.625,-29.938,-29.063,-0.094,0.008,1.000,-0.207,-0.359,0.191,0.082,0.012,1.092,1.290,2,NULL,NULL,,3,0,2,7,255,1050,250,0,0
stim,15531,45652,0,45652,3242979.455,0.867,-0.043,-0.047,0.494,935,176,2655,1693,2927,2580,2413,2927,55,1.205,1,2077,1,46.375,0.339,-22.125,-31.125,-26.313,-0.102,0.012,1.020,0.141,-0.309,0.191,0.082,0.010,1.092,1.290,2,NULL,NULL,,3,0,2,7,255,1050,250,0,0
stim,15551,45672,0,45672,3242984.453,0.867,-0.041,-0.046,0.495,682,137,2685,1463,2949,2569,2455,2937,55,1.205,1,2077,1,46.758,0.277,-21.813,-32.563,-25.500,-0.109,-0.012,1.047,0.141,-0.238,0.223,0.084,0.008,1.092,1.290,2,NULL,NULL,,3,0,2,7,255,1050,250,0,0
stim,15551,45672,0,45672,3242989.455,0.866,-0.039,-0.045,0.496,457,77,2725,1293,2957,2557,2505,2951,55,1.205,1,2077,1,46.751,0.240,-21.813,-33.938,-23.625,-0.117,-0.035,1.051,-0.031,-0.238,0.492,0.084,0.006,1.092,1.290,2,NULL,NULL,,3,0,2,7,255,1050,250,0,0
stim,15551,45672,0,45672,3242994.454,0.866,-0.038,-0.045,0.497,331,71,2747,1059,2967,2565,2549,2954,55,1.205,1,2077,1,48.468,0.368,-22.813,-36.250,-22.688,-0.105,-0.039,1.039,-0.246,-0.273,0.492,0.086,0.006,1.092,1.290,2,NULL,NULL,,3,0,2,7,255,1050,250,0,0
stim,15551,45672,0,45672,3242999.455,0.865,-0.036,-0.044,0.498,179,6,2765,851,2982,2549,2599,2966,55,1.205,1,2077,1,48.916,0.368,-20.188,-37.500,-24.063,-0.102,-0.016,1.027,-0.246,-0.273,0.410,0.086,0.006,1.092,1.290,2,NULL,NULL,,3,0,2,7,255,1050,250,0,0
stim,15574,45696,0,45696,3243004.453,0.865,-0.034,-0.042,0.499,58,0,2798,608,3000,2534,2628,2973,55,1.205,1,2077,1,50.483,0.309,-17.938,-39.625,-25.625,-0.055,0.031,1.016,-0.023,-0.309,0.293,0.086,0.006,1.092,1.290,2,NULL,NULL,,3,0,2,7,255,1050,250,0,0
stim,15574,45696,0,45696,3243009.455,0.865,-0.033,-0.041,0.500,21,0,2807,393,3000,2523,2659,2974,55,1.205,1,2077,1,49.198,0.588,-12.438,-41.500,-23.313,-0.055,0.063,1.039,0.555,-0.195,0.293,0.086,0.008,1.092,1.290,2,NULL,NULL,,3,0,2,7,255,1050,250,0,0
stim,15605,45726,0,45726,3243014.454,0.864,-0.031,-0.040,0.501,0,0,2833,244,3025,2501,2685,2975,55,1.205,1,2077,1,53.265,0.866,-14.750,-43.938,-26.250,-0.020,0.109,1.047,0.852,-0.156,0.359,0.086,0.010,1.092,1.290,2,NULL,NULL,,3,0,2,7,255,1050,250,0,0
stim,15605,45726,0,45726,3243019.455,0.864,-0.030,-0.038,0.501,0,0,2839,155,3029,2477,2712,2999,55,1.205,1,2077,1,52.218,0.865,-4.250,-46.563,-23.250,-0.125,0.039,1.094,0.852,-0.152,0.395,0.088,0.012,1.092,1.290,2,NULL,NULL,,3,0,2,7,255,1050,250,0,0
stim,15605,45726,0,45726,3243024.454,0.864,-0.030,-0.036,0.502,0,0,2858,101,3047,2455,2732,2998,55,1.205,1,2077,1,56.391,0.490,12.500,-54.625,-6.313,-0.281,-0.035,1.250,0.301,0.387,0.965,0.088,0.014,1.092,1.290,2,NULL,NULL,,3,0,2,7,255,1050,250,0,0
stim,15605,45726,0,45726,3243029.455,0.863,-0.029,-0.033,0.502,0,0,2862,61,3049,2432,2763,3003,55,1.205,1,2077,1,65.558,1.618,11.000,-62.125,-17.813,-0.414,-0.141,1.387,-1.008,1.266,2.660,0.088,0.016,1.092,1.290,2,NULL,NULL,,3,0,2,7,255,1050,250,0,0
stim,15605,45726,0,45726,3243034.454,0.863,-0.028,-0.031,0.504,0,0,2884,11,3061,2406,2796,2995,55,1.205,1,2077,0,78.852,2.743,18.875,-68.750,-33.688,-0.395,-0.098,1.512,-2.027,1.848,4.086,0.088,0.018,1.092,1.290,3,NULL,NULL,,3,0,2,7,255,1050,250,0,0
stim,15605,45726,0,45726,3243039.455,0.863,-0.027,-0.027,0.505,0,0,2887,3,3061,2377,2815,3001,55,1.205,1,2077,0,89.073,2.754,33.313,-79.813,-21.313,-0.277,0.148,1.684,-2.027,1.863,5.281,0.088,0.022,1.092,1.290,3,NULL,NULL,,3,0,2,7,255,1050,250,0,0
stim,15605,45726,0,45726,3243044.454,0.863,-0.025,-0.024,0.505,0,0,2903,0,3067,2324,2841,3001,55,1.205,1,2077,0,87.615,1.965,-18.063,-85.500,-6.313,-0.047,0.375,1.617,0.625,1.863,5.980,0.088,0.026,1.092,1.290,3,NULL,NULL,,3,0,2,7,255,1050,250,0,0
stim,15605,45726,0,45726,3243049.455,0.863,-0.021,-0.022,0.504,0,0,2904,0,3071,2264,2860,3013,55,1.205,1,2077,0,105.187,2.905,-60.938,-85.500,6.375,-0.051,0.277,1.332,2.594,1.309,5.980,0.088,0.032,1.092,1.290,3,NULL,NULL,,3,0,2,7,255,1050,250,0,0
stim,15637,45758,0,45758,3243054.454,0.864,-0.018,-0.019,0.503,0,0,2893,0,3089,2200,2869,2999,55,1.205,1,2077,0,111.767,2.905,-47.938,-94.750,34.875,-0.184,0.152,1.160,2.594,1.309,3.207,0.084,0.038,1.092,1.290,3,NULL,NULL,,3,0,2,7,255,1050,250,0,0
stim,15637,45758,0,45758,3243059.455,0.865,-0.015,-0.016,0.502,0,0,2908,0,3087,2117,2891,3001,55,1.205,1,2077,0,111.601,2.012,-23.125,-102.875,36.563,-0.313,0.035,1.164,0.824,1.836,1.695,0.078,0.048,1.092,1.290,3,NULL,NULL,,3,0,2,7,255,1050,250,0,0
stim,15637,45758,0,45758,3243064.454,0.865,-0.012,-0.013,0.501,0,0,2901,0,3096,2019,2904,2999,55,1.205,1,2077,0,111.070,2.149,-15.188,-108.875,15.875,-0.328,-0.105,1.215,-0.844,1.977,1.695,0.070,0.060,1.092,1.290,3,NULL,NULL,,3,0,2,7,255,1050,250,0,0
stim,15637,45758,0,45758,3243069.455,0.866,-0.009,-0.009,0.501,0,0,2899,0,3105,1881,2925,2995,55,1.205,1,2077,0,115.111,2.908,-14.063,-114.188,3.750,-0.262,-0.203,1.242,-2.133,1.977,2.227,0.064,0.070,1.092,1.290,3,NULL,NULL,,3,0,2,7,255,1050,250,0,0
stim,15637,45758,0,45758,3243074.454,0.866,-0.006,-0.005,0.500,0,0,2885,0,3112,1741,2949,2997,55,1.205,1,2077,0,121.853,2.689,-14.875,-120.625,8.750,-0.207,-0.207,1.238,-2.477,1.047,2.402,0.060,0.080,1.092,1.290,3,NULL,NULL,,3,0,2,7,255,1050,250,0,0
stim,15637,45758,0,45758,3243079.455,0.866,-0.002,-0.001,0.500,0,0,2871,0,3111,1576,2965,2989,55,1.205,1,2077,0,128.158,2.671,-14.813,-126.250,16.313,-0.199,-0.152,1.219,-2.477,1.000,2.402,0.056,0.088,1.092,1.290,3,NULL,NULL,,3,0,2,7,255,1050,250,0,0
stim,15637,45758,0,45758,3243084.453,0.867,0.001,0.004,0.499,0,0,2858,0,3118,1370,2965,2989,55,1.205,1,2077,0,133.977,2.275,-14.125,-132.000,18.063,-0.203,-0.094,1.180,-2.043,1.000,2.191,0.050,0.094,1.092,1.290,3,NULL,NULL,,3,0,2,7,255,1050,250,0,0
stim,15637,45758,0,45758,3243089.455,0.867,0.004,0.009,0.498,0,0,2845,0,3117,1138,2973,2983,55,1.205,1,2077,0,139.314,2.157,-10.313,-138.000,16.063,-0.191,-0.086,1.125,-1.625,1.418,1.762,0.040,0.102,1.092,1.290,3,NULL,NULL,,3,0,2,7,255,1050,250,0,0
stim,15666,45787,0,45787,3243094.454,0.868,0.008,0.014,0.497,0,0,2829,0,3118,921,2975,2961,55,1.205,1,2077,0,145.660,2.157,-0.500,-144.750,16.250,-0.172,-0.105,1.102,-1.625,1.418,1.211,0.028,0.110,1.092,1.290,3,NULL,NULL,,3,0,2,7,255,1050,250,0,0
stim,15666,45787,0,45787,3243099.455,0.868,0.010,0.019,0.496,0,0,2793,0,3123,651,2994,2944,55,1.205,1,2077,0,153.815,2.153,9.563,-152.250,19.688,-0.168,-0.121,1.098,-1.703,1.316,0.938,0.014,0.122,1.092,1.290,3,NULL,NULL,,3,0,2,7,255,1050,250,0,0
stim,15666,45787,0,45787,3243104.453,0.868,0.013,0.026,0.495,0,0,2761,0,3119,467,2997,2941,55,1.205,1,2077,0,162.058,2.291,21.875,-159.188,21.063,-0.176,-0.102,1.145,-1.875,1.316,0.938,0.004,0.132,1.092,1.290,3,NULL,NULL,,3,0,2,7,255,1050,250,0,0
stim,15666,45787,0,45787,3243109.455,0.869,0.016,0.032,0.494,0,0,2711,0,3120,307,2999,2923,55,1.205,1,2077,0,171.142,2.501,27.625,-167.500,21.688,-0.188,-0.086,1.215,-1.891,1.637,1.328,0.016,0.144,1.092,1.290,3,NULL,NULL,,3,0,2,7,255,1050,250,0,0
stim,15666,45787,0,45787,3243114.454,0.869,0.018,0.039,0.493,0,0,2679,0,3127,150,3000,2903,55,1.205,1,2077,0,177.142,2.713,27.500,-174.000,18.625,-0.152,-0.020,1.289,-1.875,1.961,1.969,0.028,0.156,1.092,1.290,3,NULL,NULL,,3,0,2,7,255,1050,250,0,0
stim,15666,45787,0,45787,3243119.455,0.869,0.021,0.046,0.492,0,0,2621,0,3133,95,3005,2877,55,1.205,1,2077,0,184.037,2.555,25.375,-181.438,17.500,-0.160,0.070,1.363,-1.293,2.203,2.664,0.040,0.168,1.092,1.290,3,NULL,NULL,,3,0,2,7,255,1050,250,0,0
stim,15712,45833,0,45833,3243124.454,0.869,0.024,0.054,0.491,0,0,2567,0,3119,11,3007,2841,55,1.205,1,2077,0,192.883,3.035,27.000,-190.438,14.438,-0.199,0.195,1.508,-0.762,2.938,3.289,0.052,0.182,1.092,1.290,3,NULL,NULL,,3,0,2,7,255,1050,250,0,0
stim,15712,45833,0,45833,3243129.455,0.869,0.028,0.062,0.490,0,0,2463,0,3115,0,3013,2799,55,1.205,1,2077,0,201.943,4.207,20.438,-200.625,10.625,-0.289,0.258,1.664,-0.254,4.199,4.586,0.064,0.196,1.092,1.290,3,NULL,NULL,,3,0,2,7,255,1050,250,0,0
stim,15712,45833,0,45833,3243134.454,0.869,0.032,0.070,0.489,0,0,2373,0,3109,0,3004,2741,55,1.205,1,2077,0,214.185,5.666,7.375,-214.000,5.000,-0.371,0.195,1.906,-0.254,5.660,5.938,0.078,0.212,1.092,1.290,3,NULL,NULL,,3,0,2,7,255,1050,250,0,0
stim,15712,45833,0,45833,3243139.455,0.868,0.037,0.079,0.488,0,0,2217,0,3101,0,3013,2683,55,1.205,1,2077,0,230.135,6.794,1.813,-230.125,1.125,-0.480,0.156,2.172,-1.504,6.625,8.063,0.090,0.228,1.092,1.290,3,NULL,NULL,,3,0,2,7,255,1050,250,0,0
stim,15712,45833,0,45833,3243144.453,0.868,0.042,0.089,0.487,0,0,2101,0,3095,0,3001,2621,55,1.205,1,2077,0,253.631,8.353,-7.500,-253.313,10.250,-0.516,0.289,2.387,-2.242,8.047,10.320,0.106,0.246,1.092,1.290,3,NULL,NULL,,3,0,2,7,255,1050,250,0,0
stim,15712,45833,0,45833,3243149.455,0.867,0.050,0.098,0.486,0,0,1909,0,3079,0,2990,2543,55,1.205,1,2077,0,280.502,10.012,-31.563,-277.938,20.875,-0.574,0.559,2.547,-2.242,9.758,12.113,0.126,0.268,1.092,1.290,3,NULL,NULL,,3,0,2,7,255,1050,250,0,0
stim,15712,45833,0,45833,3243154.453,0.866,0.059,0.108,0.484,0,0,1763,0,3060,36,2963,2443,55,1.205,1,2077,0,311.628,12.396,-68.000,-303.125,24.563,-0.566,0.824,2.531,-0.656,12.379,12.688,0.148,0.296,1.092,1.290,3,NULL,NULL,,3,0,2,7,255,1050,250,0,0
stim,15712,45833,0,45833,3243159.455,0.865,0.069,0.118,0.482,0,0,1621,0,3033,44,2935,2325,55,1.205,1,2077,0,340.181,14.271,-94.688,-326.000,21.938,-0.645,0.820,2.531,0.840,14.246,12.688,0.178,0.328,1.092,1.290,3,NULL,NULL,,3,0,2,7,255,1050,250,0,0
stim,15732,45853,0,45853,3243164.454,0.864,0.081,0.129,0.481,0,0,1526,0,3005,59,2909,2201,55,1.205,1,2077,0,368.359,15.507,-115.313,-349.125,22.438,-0.738,0.777,2.645,0.840,15.484,12.367,0.216,0.366,1.092,1.290,3,NULL,NULL,,3,0,2,7,255,1050,250,0,0
stim,15732,45853,0,45853,3243169.455,0.861,0.094,0.140,0.479,0,0,1447,0,2963,55,2873,2067,55,1.205,1,2077,0,396.142,16.994,-137.188,-371.375,13.750,-0.805,0.906,2.719,0.250,16.992,12.160,0.260,0.412,1.092,1.290,3,NULL,NULL,,3,0,2,7,255,1050,250,0,0
stim,15732,45853,0,45853,3243174.454,0.858,0.108,0.151,0.478,0,0,1351,0,2919,55,2805,1945,55,1.205,1,2077,0,422.397,19.134,-157.563,-391.813,-8.750,-0.762,0.973,2.719,0.250,19.133,12.160,0.312,0.466,1.092,1.290,3,NULL,NULL,,3,0,2,7,255,1050,250,0,0
stim,15732,45853,0,45853,3243179.455,0.855,0.123,0.164,0.477,0,0,1244,0,2857,51,2719,1801,55,1.205,1,2077,0,442.333,19.134,-152.000,-414.875,-20.813,-0.727,0.605,2.738,0.250,19.133,11.570,0.378,0.532,1.092,1.290,3,NULL,NULL,,3,0,2,7,255,1050,250,0,0
stim,15754,45875,0,45875,3243184.454,0.851,0.138,0.177,0.476,0,0,1143,0,2793,21,2570,1673,55,1.205,1,2077,0,468.766,19.886,-153.625,-442.875,-1.563,-0.844,0.477,2.734,-2.117,19.773,11.418,0.450,0.606,1.092,1.290,3,NULL,NULL,,3,0,2,7,255,1050,250,0,0
stim,15754,45875,0,45875,3243189.455,0.846,0.153,0.191,0.474,0,0,978,0,2684,0,2379,1541,55,1.205,1,2077,0,487.883,20.156,-161.063,-460.500,-5.313,-0.988,0.535,2.746,-3.906,19.773,10.238,0.532,0.688,1.092,1.290,3,NULL,NULL,,3,0,2,7,255,1050,250,0,0
stim,15754,45875,0,45875,3243194.453,0.841,0.168,0.205,0.472,0,0,835,0,2568,0,2141,1361,55,1.205,1,2077,0,492.516,22.369,-146.688,-468.813,-35.625,-0.938,0.375,2.824,-4.254,21.961,8.836,0.620,0.778,1.092,1.290,3,NULL,NULL,,3,0,2,7,255,1050,250,0,0
stim,15754,45875,0,45875,3243199.455,0.834,0.183,0.220,0.471,0,0,703,0,2409,0,1851,1187,55,1.205,1,2077,0,502.758,22.663,-139.000,-480.625,-49.438,-0.707,0.066,2.898,-5.598,21.961,8.836,0.712,0.870,1.092,1.290,3,NULL,NULL,,3,0,2,7,255,1050,250,0,0
stim,15754,45875,0,45875,3243204.454,0.828,0.198,0.235,0.469,0,0,505,0,2181,0,1481,1041,55,1.205,1,2077,0,519.156,21.453,-150.188,-496.375,-24.063,-0.578,-0.273,2.719,-7.453,20.117,8.836,0.808,0.970,1.092,1.290,3,NULL,NULL,,3,0,2,7,255,1050,250,0,0
stim,15754,45875,0,45875,3243209.455,0.822,0.215,0.250,0.465,0,0,283,0,1914,0,1061,913,55,1.205,1,2077,0,541.125,20.076,-167.438,-514.375,14.125,-0.477,-0.500,2.188,-9.691,17.582,8.805,0.910,1.072,1.092,1.290,3,NULL,NULL,,3,0,2,7,255,1050,250,0,0
stim,15806,45927,0,45927,3243214.453,0.815,0.231,0.266,0.460,0,0,171,0,1584,0,522,759,55,1.205,1,2077,0,543.664,16.720,-139.625,-525.188,15.938,-0.422,-0.488,1.645,-9.691,13.625,4.746,1.012,1.176,1.092,1.290,3,NULL,NULL,,3,0,2,7,255,1050,250,0,0
stim,15806,45927,0,45927,3243219.455,0.809,0.245,0.282,0.454,0,0,83,0,1191,0,159,595,55,1.205,1,2077,0,534.865,14.038,-76.375,-529.063,18.438,-0.379,-0.211,1.430,-9.180,10.621,0.340,1.114,1.280,1.092,1.290,3,NULL,NULL,,3,0,2,7,255,1050,250,0,0
stim,15806,45927,0,45927,3243224.454,0.803,0.257,0.300,0.447,0,0,53,0,774,0,0,472,55,1.205,1,2077,0,524.688,12.404,-27.438,-522.938,32.875,-0.301,0.211,1.668,-6.406,10.621,-1.070,1.210,1.378,1.092,1.290,3,NULL,NULL,,3,0,2,7,255,1050,250,0,0
stim,15806,45927,0,45927,3243229.455,0.798,0.268,0.316,0.438,0,0,12,0,249,0,0,351,55,1.205,1,2077,0,530.573,14.737,-7.063,-523.250,87.563,-0.664,0.305,2.008,-4.965,13.875,-1.969,1.300,1.472,1.092,1.290,3,NULL,NULL,,3,0,2,7,255,1050,250,0,0
stim,15806,45927,0,45927,3243234.454,0.793,0.282,0.332,0.425,0,0,9,0,0,0,0,253,55,1.205,1,2077,0,574.430,19.540,-32.188,-543.063,184.438,-1.207,0.172,1.980,-4.965,18.898,-2.316,1.384,1.556,1.092,1.290,3,NULL,NULL,,3,0,2,7,255,1050,250,0,0
stim,15806,45927,0,45927,3243239.455,0.789,0.298,0.347,0.411,0,0,0,0,0,0,0,145,55,1.205,1,2077,0,591.371,22.122,-62.938,-552.250,201.938,-1.453,0.324,1.715,-7.980,20.633,-7.258,1.462,1.638,1.092,1.290,4,NULL,NULL,,3,0,2,7,255,1050,250,0,0
stim,15806,45927,0,45927,3243244.453,0.781,0.313,0.360,0.402,0,0,0,0,0,0,0,57,55,1.205,1,2077,0,539.824,22.122,-125.375,-511.313,119.375,-0.965,0.988,1.297,-7.980,20.633,-12.039,1.542,1.720,1.092,1.290,4,NULL,NULL,,3,0,2,7,255,1050,250,0,0
stim,15806,45927,0,45927,3243249.455,0.773,0.329,0.371,0.397,0,0,0,0,0,0,0,59,55,1.205,1,2077,0,484.907,18.272,-199.000,-438.813,54.563,-0.516,1.520,1.047,0.715,18.258,-12.293,1.634,1.814,1.092,1.290,0,NULL,NULL,,3,0,2,7,255,1050,250,0,0
stim,15806,45927,0,45927,3243254.454,0.764,0.347,0.374,0.394,0,0,0,0,0,0,0,79,55,1.205,1,2077,0,483.371,18.525,-341.750,-331.500,83.438,-0.176,1.734,0.402,7.820,16.793,-12.797,1.732,1.914,1.092,1.290,0,NULL,NULL,,3,0,2,7,255,1050,250,0,0
stim,15806,45927,0,45927,3243259.455,0.758,0.362,0.376,0.393,0,0,0,0,0,0,0,63,55,1.205,1,2077,0,364.351,14.237,-278.188,-223.500,73.563,-0.164,1.105,-0.125,9.043,10.996,-13.664,1.830,2.014,1.092,1.290,0,NULL,NULL,,3,0,2,7,255,1050,250,0,0
stim,15831,45952,0,45952,3243264.453,0.756,0.367,0.378,0.389,0,0,0,0,0,0,0,67,55,1.205,1,2077,0,161.230,10.957,-62.188,-130.750,70.938,-0.641,0.023,0.500,9.043,6.188,-13.664,1.922,2.106,1.092,1.290,0,NULL,NULL,,3,0,2,7,255,1050,250,0,0
stim,15831,45952,0,45952,3243269.455,0.755,0.369,0.379,0.387,0,0,0,0,0,0,0,69,55,1.205,1,2077,0,63.634,7.235,-6.688,-52.000,36.063,-1.082,-0.461,1.793,-3.750,6.188,-13.102,2.000,2.184,1.092,1.290,0,NULL,NULL,,3,0,2,7,255,1050,250,0,0
stim,15831,45952,0,45952,3243274.454,0.753,0.373,0.375,0.391,0,0,0,0,0,0,0,83,55,1.205,1,2077,0,164.176,20.428,-156.688,41.750,-25.688,-1.090,-0.332,1.910,-11.957,16.563,-10.027,2.058,2.246,1.092,1.290,0,NULL,NULL,,3,0,2,7,255,1050,250,0,0
stim,15831,45952,0,45952,3243279.455,0.750,0.379,0.367,0.399,0,0,0,0,0,0,0,57,55,1.205,1,2077,0,307.702,20.428,-280.313,122.250,-34.063,-0.770,0.324,0.754,-11.957,16.563,-10.027,2.106,2.296,1.092,1.290,0,NULL,NULL,,3,0,2,7,255,1050,250,0,0
stim,15851,45972,0,45972,3243284.454,0.749,0.384,0.357,0.406,0,0,0,0,0,0,0,47,55,1.205,1,2077,0,296.443,10.177,-237.938,176.813,-1.250,-0.699,0.969,-0.113,-2.031,9.973,-13.969,2.154,2.344,1.092,1.290,0,NULL,NULL,,3,0,2,7,255,1050,250,0,0
stim,15851,45972,0,45972,3243289.455,0.750,0.384,0.348,0.411,0,0,0,0,0,0,0,31,55,1.205,1,2077,0,236.800,8.138,-114.875,206.750,11.500,-0.891,1.035,-0.035,5.336,6.145,-18.941,2.208,2.400,1.092,1.290,0,NULL,NULL,,3,0,2,7,255,1050,250,0,0
stim,15851,45972,0,45972,3243294.453,0.752,0.382,0.340,0.416,0,0,0,0,0,0,0,24,55,1.205,1,2077,0,235.103,8.138,-58.125,227.563,-10.500,-0.953,0.621,0.570,5.336,6.145,-18.941,2.264,2.456,1.092,1.290,0,NULL,NULL,,3,0,2,7,255,1050,250,0,0
stim,15851,45972,0,45972,3243299.455,0.753,0.380,0.331,0.423,0,0,0,0,0,0,0,28,55,1.205,1,2077,0,265.199,10.131,-99.938,244.188,-26.750,-0.758,0.250,0.770,0.445,10.121,-16.789,2.312,2.508,1.092,1.290,0,NULL,NULL,,3,0,2,7,255,1050,250,0,0
stim,15874,45995,0,45995,3243304.454,0.754,0.380,0.320,0.430,0,0,0,0,0,0,0,29,55,1.205,1,2077,0,297.455,10.169,-154.438,254.063,-9.000,-0.531,0.203,0.375,-0.988,10.121,-12.992,2.356,2.554,1.092,1.290,0,NULL,NULL,,3,0,2,7,255,1050,250,0,0
stim,15874,45995,0,45995,3243309.455,0.755,0.380,0.308,0.436,0,0,0,0,0,0,0,41,55,1.205,1,2077,0,296.251,5.938,-146.188,256.813,21.000,-0.484,0.301,-0.234,-0.988,5.855,-12.992,2.398,2.596,1.092,1.290,0,NULL,NULL,,3,0,2,7,255,1050,250,0,0
stim,15905,46026,0,46026,3243314.453,0.758,0.378,0.298,0.440,0,0,0,0,0,0,0,29,55,1.205,1,2077,0,272.003,1.170,-86.125,255.750,34.063,-0.531,0.340,-0.461,0.750,0.898,-15.695,2.442,2.644,1.092,1.290,0,NULL,NULL,,3,0,2,7,255,1050,250,0,0
stim,15905,46026,0,46026,3243319.455,0.761,0.375,0.288,0.444,0,0,0,0,0,0,0,30,55,1.205,1,2077,0,259.467,0.788,-30.313,255.625,32.563,-0.508,0.297,-0.348,0.750,0.242,-16.469,2.488,2.690,1.092,1.290,0,NULL,NULL,,3,0,2,7,255,1050,250,0,0
stim,15905,46026,0,46026,3243324.454,0.765,0.370,0.279,0.447,0,0,0,0,0,0,0,39,55,1.205,1,2077,0,260.141,0.711,-4.375,257.688,35.375,-0.395,0.270,-0.184,0.668,0.242,-16.469,2.526,2.730,1.092,1.290,0,NULL,NULL,,3,0,2,7,255,1050,250,0,0
stim,15905,46026,0,46026,3243329.455,0.769,0.365,0.270,0.450,0,0,0,0,0,0,0,43,55,1.205,1,2077,0,265.008,1.302,8.000,260.125,50.000,-0.324,0.289,-0.125,0.668,1.117,-14.641,2.554,2.760,1.092,1.290,0,NULL,NULL,,3,0,2,7,255,1050,250,0,0
stim,15905,46026,0,46026,3243334.454,0.773,0.360,0.261,0.452,0,0,0,0,0,0,0,39,55,1.205,1,2077,0,271.047,1.711,26.688,261.563,65.875,-0.352,0.305,-0.105,1.023,1.371,-13.961,2.576,2.784,1.092,1.290,0,NULL,NULL,,3,0,2,7,255,1050,250,0,0
stim,15905,46026,0,46026,3243339.455,0.778,0.354,0.252,0.453,0,0,0,0,0,0,0,47,55,1.205,1,2077,0,277.033,2.065,51.313,262.563,71.938,-0.426,0.285,-0.012,1.023,1.793,-13.840,2.594,2.804,1.092,1.290,0,NULL,NULL,,3,0,2,7,255,1050,250,0,0
stim,15905,46026,0,46026,3243344.453,0.784,0.347,0.243,0.455,0,0,0,0,0,0,0,39,55,1.205,1,2077,0,281.808,2.977,70.375,264.125,68.563,-0.449,0.262,0.164,0.480,2.938,-13.793,2.610,2.820,1.092,1.290,0,NULL,NULL,,3,0,2,7,255,1050,250,0,0
stim,15905,46026,0,46026,3243349.455,0.789,0.339,0.235,0.456,0,0,0,0,0,0,0,35,55,1.205,1,2077,0,285.883,4.391,78.625,267.438,63.438,-0.418,0.254,0.344,0.043,4.391,-12.750,2.626,2.838,1.092,1.290,0,NULL,NULL,,3,0,2,7,255,1050,250,0,0
stim,15931,46053,0,46053,3243354.454,0.794,0.332,0.226,0.457,0,0,0,0,0,0,0,28,55,1.205,1,2077,0,290.516,5.598,79.375,272.625,61.438,-0.387,0.266,0.492,0.043,5.598,-11.254,2.642,2.856,1.092,1.290,0,NULL,NULL,,3,0,2,7,255,1050,250,0,0
stim,15931,46053,0,46053,3243359.455,0.798,0.324,0.217,0.459,0,0,0,0,0,0,0,24,55,1.205,1,2077,0,296.233,6.610,77.000,279.688,60.000,-0.398,0.285,0.605,0.246,6.605,-9.988,2.660,2.876,1.092,1.290,0,NULL,NULL,,3,0,2,7,255,1050,250,0,0
stim,15931,46053,0,46053,3243364.453,0.803,0.316,0.208,0.461,0,0,0,0,0,0,0,29,55,1.205,1,2077,0,302.804,7.524,73.375,288.750,54.125,-0.434,0.273,0.699,0.246,7.520,-9.188,2.684,2.900,1.092,1.290,0,NULL,NULL,,3,0,2,7,255,1050,250,0,0
stim,15931,46053,0,46053,3243369.455,0.807,0.308,0.198,0.463,0,0,0,0,0,0,0,24,55,1.205,1,2077,0,310.023,8.332,68.500,299.188,43.688,-0.457,0.254,0.785,0.055,8.332,-8.547,2.712,2.930,1.092,1.290,0,NULL,NULL,,3,0,2,7,255,1050,250,0,0
stim,15931,46053,0,46053,3243374.454,0.811,0.299,0.188,0.466,0,0,0,0,0,0,0,19,55,1.205,1,2077,0,317.955,8.954,61.875,310.250,31.813,-0.453,0.254,0.852,-0.109,8.953,-7.813,2.744,2.964,1.092,1.290,0,NULL,NULL,,3,0,2,7,255,1050,250,0,0
stim,15932,46053,0,46053,3243379.455,0.815,0.291,0.178,0.469,0,0,0,0,0,0,0,20,55,1.205,1,2077,0,326.680,9.325,54.375,321.438,21.000,-0.426,0.258,0.891,-0.109,9.324,-7.063,2.780,3.002,1.092,1.290,0,NULL,NULL,,3,0,2,7,255,1050,250,0,0
stim,15949,46070,0,46070,3243384.453,0.818,0.282,0.167,0.473,0,0,0,0,0,0,0,17,55,1.205,1,2077,0,335.612,9.325,48.125,331.938,11.688,-0.395,0.246,0.906,0.133,9.324,-6.359,2.820,3.044,1.092,1.290,0,NULL,NULL,,3,0,2,7,255,1050,250,0,0
stim,15949,46070,0,46070,3243389.455,0.821,0.274,0.156,0.477,0,0,0,0,0,0,0,13,55,1.205,1,2077,0,344.357,9.082,43.625,341.563,3.688,-0.363,0.219,0.887,0.266,9.078,-5.820,2.866,3.092,1.092,1.290,0,NULL,NULL,,3,0,2,7,255,1050,250,0,0
stim,15949,46070,0,46070,3243394.454,0.823,0.265,0.144,0.481,0,0,0,0,0,0,0,13,55,1.205,1,2077,0,352.631,8.524,42.875,350.000,-3.250,-0.328,0.199,0.836,0.289,8.520,-5.469,2.912,3.138,1.092,1.290,0,NULL,NULL,,3,0,2,7,255,1050,250,0,0
stim,15949,46070,0,46070,3243399.455,0.825,0.255,0.132,0.486,0,0,0,0,0,0,0,19,55,1.205,1,2077,0,359.867,7.779,47.375,356.625,-8.875,-0.273,0.191,0.773,0.387,7.770,-5.391,2.958,3.188,1.092,1.290,0,NULL,NULL,,3,0,2,7,255,1050,250,0,0
stim,15970,46091,0,46091,3243404.454,0.828,0.246,0.121,0.490,0,0,0,0,0,0,0,28,55,1.205,1,2077,0,365.842,6.913,56.625,361.188,-13.313,-0.156,0.176,0.707,0.648,6.883,-5.387,3.002,3.234,1.092,1.290,0,NULL,NULL,,3,0,2,7,255,1050,250,0,0
stim,15970,46091,0,46091,3243409.455,0.830,0.235,0.110,0.494,0,0,0,0,0,0,0,41,55,1.205,1,2077,0,370.789,5.570,70.875,363.750,-12.125,-0.020,0.105,0.617,1.117,5.457,-5.199,3.044,3.276,1.092,1.290,0,NULL,NULL,,3,0,2,7,255,1050,250,0,0
stim,15970,46091,0,46091,3243414.453,0.832,0.224,0.099,0.498,0,0,0,0,0,0,0,43,55,1.205,1,2077,0,373.881,3.743,96.125,361.313,0.500,0.023,0.102,0.605,1.172,3.555,-5.035,3.080,3.314,1.092,1.290,0,NULL,NULL,,3,0,2,7,255,1050,250,0,0
stim,15970,46091,0,46091,3243419.455,0.835,0.211,0.088,0.501,0,0,0,0,0,0,0,43,55,1.205,1,2077,0,377.216,3.823,122.938,356.438,11.438,0.012,0.156,0.715,1.406,3.555,-4.844,3.114,3.350,1.092,1.290,0,NULL,NULL,,3,0,2,7,255,1050,250,0,0
stim,16015,46136,0,46136,3243424.454,0.837,0.199,0.079,0.503,0,0,0,0,0,0,0,41,55,1.205,1,2077,0,378.264,4.122,142.813,349.813,17.875,0.000,0.184,0.875,1.934,3.641,-4.008,3.146,3.382,1.092,1.290,0,NULL,NULL,,3,0,2,7,255,1050,250,0,0
stim,16015,46136,0,46136,3243429.455,0.840,0.186,0.069,0.505,0,0,0,0,0,0,0,43,55,1.205,1,2077,0,376.650,4.738,150.438,344.313,26.125,0.027,0.176,0.961,2.316,4.133,-2.590,3.176,3.412,1.092,1.290,0,NULL,NULL,,3,0,2,7,255,1050,250,0,0
stim,16015,46136,0,46136,3243434.454,0.843,0.172,0.060,0.506,0,0,0,0,0,0,0,46,55,1.205,1,2077,0,377.600,4.869,163.375,338.250,38.438,0.027,0.195,1.035,2.465,4.199,-1.582,3.202,3.442,1.092,1.290,0,NULL,NULL,,3,0,2,7,255,1050,250,0,0
stim,16015,46136,0,46136,3243439.455,0.846,0.158,0.052,0.507,0,0,0,0,0,0,0,50,55,1.205,1,2077,0,380.158,5.007,177.063,333.063,47.313,-0.012,0.234,1.172,2.727,4.199,-0.852,3.228,3.470,1.092,1.290,0,NULL,NULL,,3,0,2,7,255,1050,250,0,0
stim,16015,46136,0,46136,3243444.454,0.849,0.144,0.043,0.507,0,0,0,0,0,0,0,43,55,1.205,1,2077,0,380.592,5.687,183.188,329.875,49.750,-0.063,0.242,1.316,2.980,4.844,0.367,3.252,3.496,1.092,1.290,0,NULL,NULL,,3,0,2,7,255,1050,250,0,0
stim,16015,46136,0,46136,3243449.455,0.851,0.130,0.035,0.507,0,0,0,0,0,0,0,51,55,1.205,1,2077,0,381.290,6.156,190.438,326.188,52.125,-0.090,0.207,1.457,2.980,5.387,1.750,3.278,3.522,1.092,1.290,0,NULL,NULL,,3,0,2,7,255,1050,250,0,0
stim,16015,46136,0,46136,3243454.453,0.854,0.116,0.027,0.507,0,0,0,0,0,0,0,45,55,1.205,1,2077,0,379.878,6.163,191.438,323.938,52.188,-0.121,0.230,1.633,2.887,5.445,3.270,3.304,3.550,1.092,1.290,0,NULL,NULL,,3,0,2,7,255,1050,250,0,0
stim,16015,46136,0,46136,3243459.455,0.856,0.102,0.019,0.507,0,0,0,0,0,0,0,47,55,1.205,1,2077,0,373.799,6.366,182.938,321.750,52.313,-0.145,0.219,1.766,2.789,5.723,5.027,3.328,3.576,1.092,1.290,0,NULL,NULL,,3,0,2,7,255,1050,250,0,0
stim,16015,46136,1,46136,3243464.453,0.857,0.088,0.010,0.507,0,0,0,0,0,0,0,45,55,1.205,1,2077,0,366.759,6.368,171.500,320.125,51.188,-0.164,0.219,1.859,2.793,5.723,6.457,3.354,3.602,1.092,1.290,0,NULL,NULL,,3,1,2,7,255,1050,250,0,0
stim,16015,46136,1,46136,3243469.455,0.859,0.075,0.002,0.506,0,0,0,0,0,0,0,47,55,1.205,1,2077,0,358.816,6.205,158.875,318.125,48.000,-0.172,0.207,1.891,2.789,5.543,7.520,3.378,3.630,1.092,1.290,0,NULL,NULL,,3,1,2,7,255,1050,250,0,0
stim,16039,46160,1,46160,3243474.454,0.860,0.063,-0.007,0.506,0,0,0,0,0,0,0,47,55,1.205,1,2077,0,353.041,5.762,151.000,316.063,44.063,-0.176,0.168,1.879,2.730,5.074,7.992,3.404,3.656,1.092,1.290,0,NULL,NULL,,3,1,2,7,255,1050,250,0,0
stim,16039,46160,1,46160,3243479.455,0.861,0.050,-0.016,0.506,0,0,0,0,0,0,0,45,55,1.205,1,2077,0,350.836,4.946,151.375,313.938,40.188,-0.191,0.109,1.867,2.395,4.328,8.047,3.430,3.684,1.092,1.290,0,NULL,NULL,,3,1,2,7,255,1050,250,0,0
stim,16039,46160,1,46160,3243484.453,0.862,0.037,-0.024,0.506,0,0,0,0,0,0,0,45,55,1.205,1,2077,0,350.702,4.070,157.625,311.500,33.375,-0.207,0.059,1.902,1.844,3.629,8.160,3.454,3.708,1.092,1.290,0,NULL,NULL,,3,1,2,7,255,1050,250,0,0
stim,16039,46160,1,46160,3243489.455,0.862,0.023,-0.032,0.506,0,0,0,0,0,0,0,43,55,1.205,1,2077,0,351.680,3.291,164.750,309.750,24.313,-0.203,-0.004,1.953,1.387,2.984,8.648,3.478,3.732,1.092,1.290,0,NULL,NULL,,3,1,2,7,255,1050,250,0,0
stim,16063,46184,1,46184,3243494.454,0.862,0.010,-0.040,0.506,0,0,0,0,0,0,0,47,55,1.205,1,2077,0,353.962,2.294,172.125,308.875,16.063,-0.188,-0.063,1.984,0.938,2.094,9.277,3.498,3.754,1.092,1.290,0,NULL,NULL,,3,1,2,7,255,1050,250,0,0
stim,16063,46184,1,46184,3243499.455,0.861,-0.004,-0.048,0.507,0,0,0,0,0,0,0,52,55,1.205,1,2077,0,358.538,1.202,182.125,308.750,7.313,-0.145,-0.117,1.992,0.570,1.059,9.695,3.516,3.774,1.092,1.290,0,NULL,NULL,,3,1,2,7,255,1050,250,0,0
stim,16063,46184,1,46184,3243504.453,0.860,-0.018,-0.055,0.507,0,0,0,0,0,0,0,53,55,1.205,1,2077,0,366.153,0.335,197.313,308.438,-1.438,-0.070,-0.172,1.988,0.297,-0.156,9.695,3.528,3.788,1.092,1.290,0,NULL,NULL,,3,1,2,7,255,1050,250,0,0
stim,16063,46184,1,46184,3243509.455,0.858,-0.033,-0.061,0.508,0,0,0,0,0,0,0,51,55,1.205,1,2077,0,377.715,1.688,219.563,307.250,-7.625,0.039,-0.277,2.004,0.121,-1.684,9.688,3.538,3.798,1.092,1.290,0,NULL,NULL,,3,1,2,7,255,1050,250,0,0
stim,16107,46228,1,46228,3243514.453,0.857,-0.048,-0.067,0.509,0,0,0,0,0,0,0,55,55,1.205,1,2077,0,394.486,3.766,248.125,306.375,-13.688,0.199,-0.313,2.086,0.047,-3.766,9.688,3.542,3.804,1.092,1.290,0,NULL,NULL,,3,1,2,7,255,1050,250,0,0
stim,16107,46228,1,46228,3243519.455,0.854,-0.065,-0.072,0.511,0,0,0,0,0,0,0,59,55,1.205,1,2077,0,413.272,6.047,276.875,305.688,-26.250,0.457,-0.234,2.242,0.047,-6.047,10.098,3.538,3.802,1.092,1.290,0,NULL,NULL,,3,1,2,7,255,1050,250,0,0
stim,16107,46228,1,46228,3243524.454,0.852,-0.083,-0.077,0.512,0,0,0,0,0,0,0,55,55,1.205,1,2077,0,429.190,8.982,302.438,303.563,-24.188,0.676,-0.273,2.387,1.852,-8.789,10.875,3.528,3.794,1.092,1.290,0,NULL,NULL,,3,1,2,7,255,1050,250,0,0
stim,16107,46228,1,46228,3243529.455,0.849,-0.102,-0.081,0.513,0,0,0,0,0,0,0,61,55,1.205,1,2077,0,444.662,12.099,326.750,300.938,-19.875,0.887,-0.289,2.613,2.355,-11.867,11.492,3.508,3.776,1.092,1.290,0,NULL,NULL,,3,1,2,7,255,1050,250,0,0
stim,16107,46228,1,46228,3243534.454,0.845,-0.121,-0.085,0.514,0,0,0,0,0,0,0,59,55,1.205,1,2077,0,447.709,15.203,334.500,297.125,-16.438,0.984,-0.406,2.777,2.355,-15.020,12.707,3.480,3.748,1.092,1.290,0,NULL,NULL,,3,1,2,7,255,1050,250,0,0
stim,16107,46228,1,46228,3243539.455,0.842,-0.140,-0.088,0.514,0,0,0,0,0,0,0,63,55,1.205,1,2077,0,447.309,17.875,337.000,293.813,-13.813,1.199,-0.320,2.906,2.977,-17.625,13.359,3.436,3.706,1.092,1.290,0,NULL,NULL,,3,1,2,7,255,1050,250,0,0
stim,16107,46228,1,46228,3243544.454,0.838,-0.159,-0.091,0.514,0,0,0,0,0,0,0,59,55,1.205,1,2077,0,442.844,20.450,331.813,292.813,-16.500,1.258,-0.359,2.922,2.906,-20.242,13.359,3.380,3.650,1.092,1.290,0,NULL,NULL,,3,1,2,7,255,1050,250,0,0
stim,16107,46228,1,46228,3243549.455,0.834,-0.177,-0.095,0.515,0,0,0,0,0,0,0,63,55,1.205,1,2077,0,440.514,22.057,330.125,290.750,-23.125,1.316,-0.289,3.055,3.328,-21.805,13.020,3.312,3.584,1.092,1.290,0,NULL,NULL,,3,1,2,7,255,1050,250,0,0
stim,16107,46228,1,46228,3243554.453,0.829,-0.195,-0.098,0.515,0,0,0,0,0,0,0,61,55,1.205,1,2077,0,429.771,23.506,317.000,288.250,-33.563,1.402,-0.164,3.281,3.328,-23.270,13.020,3.232,3.506,1.092,1.290,0,NULL,NULL,,3,1,2,7,255,1050,250,0,0
stim,16107,46228,1,46228,3243559.455,0.823,-0.211,-0.103,0.517,0,0,0,0,0,0,0,69,55,1.205,1,2077,0,406.524,25.572,283.875,284.688,-60.250,1.641,-0.016,3.504,4.352,-25.199,14.188,3.140,3.414,1.092,1.290,0,NULL,NULL,,3,1,2,7,255,1050,250,0,0
stim,16130,46251,1,46251,3243564.453,0.818,-0.225,-0.108,0.518,0,0,0,0,0,0,0,77,55,1.205,1,2077,0,366.322,28.966,223.500,279.875,-76.875,2.031,0.039,3.516,6.242,-28.285,14.188,3.040,3.316,1.092,1.290,0,NULL,NULL,,3,1,2,7,255,1050,250,0,0
stim,16130,46251,1,46251,3243569.455,0.813,-0.236,-0.116,0.519,0,0,0,0,0,0,0,103,55,1.205,1,2077,0,319.365,32.996,148.750,272.250,-75.813,2.410,-0.113,3.262,8.078,-31.992,12.496,2.930,3.206,1.092,1.290,0,NULL,NULL,,3,1,2,7,255,1050,250,0,0
stim,16130,46251,1,46251,3243574.454,0.810,-0.244,-0.124,0.519,0,0,0,0,0,0,0,153,55,1.205,1,2077,0,281.358,35.817,83.813,261.375,-61.813,2.730,-0.320,2.813,8.078,-34.895,7.488,2.808,3.086,1.092,1.290,0,NULL,NULL,,3,1,2,7,255,1050,250,0,0
stim,16130,46251,1,46251,3243579.455,0.807,-0.251,-0.132,0.519,0,0,0,0,0,0,0,174,55,1.205,1,2077,0,254.986,37.169,40.813,247.188,-47.438,3.063,-0.395,2.281,8.281,-36.234,0.910,2.676,2.954,1.092,1.290,0,NULL,NULL,,3,1,2,7,255,1050,250,0,0
stim,16152,46273,1,46273,3243584.453,0.804,-0.257,-0.140,0.518,0,0,0,0,0,0,0,229,55,1.205,1,2077,0,235.830,37.497,19.250,231.625,-39.938,3.500,-0.410,1.754,8.801,-36.449,-6.047,2.534,2.812,1.092,1.290,0,NULL,NULL,,3,1,2,7,255,1050,250,0,0
stim,16152,46273,1,46273,3243589.455,0.801,-0.262,-0.148,0.517,0,0,0,0,0,0,0,299,55,1.205,1,2077,0,215.087,38.490,14.250,212.063,-33.000,4.027,-0.598,1.203,10.621,-36.996,-13.266,2.380,2.658,1.092,1.290,0,NULL,NULL,,3,1,2,7,255,1050,250,0,0
stim,16152,46273,1,46273,3243594.454,0.800,-0.268,-0.153,0.515,0,0,0,0,0,0,0,315,55,1.205,1,2077,0,200.313,39.885,48.438,194.188,8.375,4.531,-0.883,0.516,10.816,-38.391,-21.547,2.220,2.498,1.092,1.290,0,NULL,NULL,,3,1,2,7,255,1050,250,0,0
stim,16152,46273,1,46273,3243599.455,0.799,-0.275,-0.156,0.512,0,0,0,0,0,0,0,325,55,1.205,1,2077,0,179.605,40.359,92.625,143.375,55.875,4.496,-1.770,0.621,10.816,-38.883,-30.977,2.056,2.332,1.092,1.290,0,NULL,NULL,,3,1,2,7,255,1050,250,0,0
stim,16174,46295,1,46295,3243604.453,0.799,-0.282,-0.156,0.508,0,0,0,0,0,0,0,309,55,1.205,1,2077,0,192.012,41.987,119.563,113.938,97.938,4.480,-2.316,0.520,3.004,-41.879,-32.695,1.888,2.162,1.092,1.290,0,NULL,NULL,,3,1,2,7,255,1050,250,0,0
stim,16174,46295,1,46295,3243609.455,0.799,-0.292,-0.152,0.503,0,0,0,0,0,0,0,281,55,1.205,1,2077,0,273.837,41.906,214.188,71.313,155.000,4.211,-2.430,0.605,-1.500,-41.879,-34.195,1.716,1.988,1.092,1.290,0,NULL,NULL,,3,1,2,7,255,1050,250,0,0
stim,16205,46326,1,46326,3243614.453,0.799,-0.305,-0.144,0.498,0,0,0,0,0,0,0,235,55,1.205,1,2077,0,367.466,41.383,308.938,25.625,197.313,3.461,-1.832,1.422,-1.500,-41.355,-34.195,1.540,1.808,1.092,1.290,0,NULL,NULL,,3,1,2,7,255,1050,250,0,0
stim,16205,46326,1,46326,3243619.455,0.798,-0.317,-0.134,0.495,0,0,0,0,0,0,0,217,55,1.205,1,2077,0,367.846,38.793,333.625,-21.500,153.438,2.328,-0.824,2.680,-0.961,-38.781,-22.766,1.358,1.624,1.092,1.290,0,NULL,NULL,,3,1,2,7,255,1050,250,0,0
stim,16205,46326,1,46326,3243624.454,0.795,-0.325,-0.125,0.496,0,0,0,71,0,0,0,381,55,1.205,1,2077,0,279.679,38.793,268.563,-62.000,47.438,1.797,-1.094,3.762,-0.961,-38.781,-4.363,1.176,1.440,1.092,1.290,0,NULL,NULL,,3,1,2,7,255,1050,250,0,0
stim,16205,46326,1,46326,3243629.455,0.797,-0.344,-0.096,0.487,239,0,0,768,0,29,0,415,55,1.205,1,2077,0,813.519,39.526,632.813,-274.563,431.250,1.207,-0.777,8.277,-4.598,-39.258,5.355,0.998,1.254,1.092,1.290,0,NULL,NULL,,3,1,2,7,255,1050,250,0,0
stim,16205,46326,1,46326,3243634.454,0.807,-0.342,-0.084,0.475,877,0,0,1331,0,181,0,527,55,1.205,1,2077,0,460.187,54.409,-2.750,-176.313,425.063,0.152,1.348,9.430,-4.598,-54.215,42.664,0.822,1.072,1.092,1.290,0,NULL,NULL,,3,1,2,7,255,1050,250,0,0
stim,16205,46326,1,46326,3243639.455,0.831,-0.300,-0.098,0.459,1404,0,0,1693,0,475,0,555,55,1.205,1,2077,0,1203.672,54.322,-1140.500,-124.313,364.188,-1.020,3.691,3.496,-3.414,-54.215,42.664,0.652,0.888,1.092,1.290,0,NULL,NULL,,3,1,2,7,255,1050,250,0,0
stim,16205,46326,1,46326,3243644.454,0.851,-0.255,-0.114,0.446,1819,0,0,1917,0,606,0,575,55,1.205,1,2078,0,1237.738,21.285,-1205.563,-151.000,236.250,-1.551,4.418,-1.789,21.164,2.270,36.316,0.494,0.702,1.092,1.290,1,1073.000,23.000,,3,1,2,7,255,1050,250,0,0
stim,16205,46326,1,46326,3243649.455,0.860,-0.230,-0.121,0.439,2077,0,0,2041,0,871,0,603,55,1.205,1,2078,0,644.679,46.043,-624.000,-105.750,122.688,-2.297,2.484,-3.336,21.164,40.891,-5.168,0.374,0.522,1.092,1.290,1,NULL,NULL,,3,1,2,7,255,1050,250,0,0
stim,16243,46365,1,46365,3243654.453,0.862,-0.221,-0.118,0.441,2235,0,0,2106,0,985,0,677,55,1.205,1,2078,0,214.427,41.251,-146.750,-154.250,-25.500,-1.664,-0.344,-1.340,5.438,40.891,-15.750,0.326,0.378,1.092,1.290,1,NULL,NULL,,3,1,2,7,255,1050,250,0,0
stim,16243,46365,1,46365,3243659.455,0.862,-0.220,-0.111,0.443,2387,0,0,2165,0,1131,0,763,55,1.205,1,2078,0,161.449,15.870,56.875,-147.563,-32.500,-0.035,-0.035,1.367,-0.289,15.867,-15.750,0.344,0.304,1.092,1.290,1,NULL,NULL,,3,1,2,7,255,1050,250,0,0
stim,16243,46365,1,46365,3243664.453,0.864,-0.217,-0.107,0.442,2459,0,0,2219,0,1279,0,812,55,1.205,1,2078,0,150.107,1.704,-35.188,-126.063,73.500,0.590,2.270,2.086,-0.289,-1.680,2.098,0.374,0.306,1.092,1.290,1,NULL,NULL,,3,1,2,7,255,1050,250,0,0
stim,16243,46365,1,46365,3243669.455,0.869,-0.209,-0.105,0.437,2637,0,0,2445,0,1396,0,853,55,1.205,1,2078,0,246.675,19.234,-185.000,-115.938,114.813,-0.113,2.461,2.160,19.160,-1.680,11.879,0.388,0.340,1.092,1.290,2,NULL,NULL,,3,1,2,7,255,1050,250,0,0
stim,16243,46365,1,46365,3243674.454,0.874,-0.194,-0.107,0.434,2767,0,0,2630,0,1428,0,951,55,1.205,1,2078,0,370.927,19.710,-346.750,-109.813,72.750,-1.246,0.563,1.320,19.160,4.621,11.879,0.384,0.370,1.092,1.290,2,NULL,NULL,,3,1,2,7,255,1050,250,0,0
stim,16243,46365,1,46365,3243679.455,0.879,-0.175,-0.108,0.430,2853,0,0,2741,0,1472,0,1082,55,1.205,1,2078,0,463.346,6.765,-428.250,-164.813,64.250,-1.922,-1.398,-0.215,-2.453,6.305,7.504,0.384,0.392,1.092,1.290,2,NULL,NULL,,3,1,2,7,255,1050,250,0,0
stim,16243,46365,1,46365,3243684.453,0.880,-0.160,-0.108,0.434,2923,0,0,2825,0,1529,0,1215,55,1.205,1,2078,0,344.827,23.374,-288.938,-162.688,-94.625,-1.426,-1.762,-0.934,-22.508,6.305,-7.867,0.406,0.422,1.092,1.290,2,NULL,NULL,,3,1,2,7,255,1050,250,0,0
stim,16243,46365,1,46365,3243689.455,0.879,-0.153,-0.103,0.440,2972,0,0,2905,0,1583,0,1326,55,1.205,1,2078,0,240.802,22.747,-60.750,-182.500,-144.875,-0.340,-1.051,-0.324,-22.508,3.289,-13.293,0.424,0.452,1.092,1.290,2,NULL,NULL,,3,1,2,7,255,1050,250,0,0
stim,16264,46385,1,46385,3243694.454,0.877,-0.152,-0.095,0.446,3000,0,0,2965,0,1635,0,1427,55,1.205,1,2078,0,235.324,10.827,80.625,-179.813,-128.625,0.355,-0.605,1.133,-10.551,-2.430,-13.293,0.418,0.472,1.092,1.290,2,NULL,NULL,,3,1,2,7,255,1050,250,0,0
stim,16264,46385,1,46385,3243699.455,0.876,-0.150,-0.089,0.450,3029,0,0,3015,0,1703,0,1471,55,1.205,1,2078,0,174.867,10.021,19.500,-156.063,-76.438,0.645,-0.852,2.230,-2.246,-9.766,-1.320,0.388,0.480,1.092,1.290,2,NULL,NULL,,3,1,2,7,255,1050,250,0,0
stim,16264,46385,1,46385,3243704.453,0.877,-0.142,-0.086,0.451,3049,0,0,3054,0,1810,0,1493,55,1.205,1,2078,0,192.907,16.811,-122.938,-147.375,-19.500,0.824,-1.055,2.020,-2.246,-16.660,5.258,0.352,0.484,1.092,1.290,2,NULL,NULL,,3,1,2,7,255,1050,250,0,0
stim,16264,46385,1,46385,3243709.455,0.880,-0.132,-0.084,0.448,3064,0,0,3094,0,1903,0,1523,55,1.205,1,2078,0,254.422,16.906,-203.375,-136.125,69.563,0.754,-1.238,1.156,-2.875,-16.660,5.258,0.314,0.476,1.092,1.290,2,NULL,NULL,,3,1,2,7,255,1050,250,0,0
stim,16264,46385,0,46385,3243714.453,0.885,-0.123,-0.082,0.442,3077,0,0,3104,0,1997,0,1560,55,1.205,1,2078,0,269.701,16.725,-185.313,-128.500,147.938,0.199,-1.207,0.551,-4.961,-15.973,-2.516,0.274,0.450,1.092,1.290,2,NULL,NULL,,3,0,2,7,255,1045,250,0,0
stim,16264,46385,0,46385,3243719.455,0.889,-0.117,-0.079,0.436,3082,0,0,3128,0,2084,0,1635,55,1.205,1,2078,0,239.242,12.584,-112.438,-129.813,166.563,-0.402,-0.699,0.395,-7.680,-9.969,-5.871,0.228,0.402,1.092,1.290,2,NULL,NULL,,3,0,2,7,255,1045,250,0,0
stim,16312,46433,0,46433,3243724.454,0.892,-0.113,-0.074,0.432,3096,0,0,3141,81,2198,0,1754,55,1.205,1,2078,0,173.979,7.987,-35.750,-131.938,107.625,-0.699,0.031,0.719,-7.680,-2.195,-5.871,0.190,0.340,1.092,1.290,2,NULL,NULL,,3,0,2,7,255,1045,250,0,0
stim,16312,46433,0,46433,3243729.455,0.892,-0.111,-0.069,0.432,3097,0,0,3149,399,2273,7,1896,55,1.205,1,2078,0,132.007,4.486,-9.563,-129.500,23.750,-0.488,0.324,1.219,-3.641,2.621,-1.387,0.168,0.274,1.092,1.290,2,NULL,NULL,,3,0,2,7,255,1045,250,0,0
stim,16312,46433,0,46433,3243734.454,0.892,-0.108,-0.065,0.433,3102,0,0,3164,661,2327,61,2031,55,1.205,1,2078,0,110.152,2.622,-17.438,-105.625,-25.938,0.055,0.203,2.031,0.082,2.621,3.176,0.170,0.218,1.092,1.290,2,NULL,NULL,,3,0,2,7,255,1045,250,0,0
stim,16312,46433,0,46433,3243739.455,0.892,-0.104,-0.065,0.436,3103,0,0,3163,952,2373,62,2120,55,1.205,1,2078,0,109.621,4.750,-71.188,-46.313,-69.313,0.516,-0.043,1.852,2.758,-3.867,6.762,0.180,0.186,1.092,1.290,2,NULL,NULL,,3,0,2,7,255,1045,250,0,0
stim,16312,46433,0,46433,3243744.454,0.892,-0.100,-0.064,0.437,3097,0,0,3161,1136,2397,69,2184,55,1.205,1,2078,0,98.748,6.429,-81.875,-50.688,-21.875,0.844,0.469,0.820,3.574,-5.344,6.762,0.188,0.172,1.092,1.290,2,NULL,NULL,,3,0,2,7,255,1045,250,0,0
stim,16312,46433,0,46433,3243749.455,0.892,-0.099,-0.063,0.436,3100,0,0,3167,1258,2423,89,2236,55,1.205,1,2078,0,47.984,7.231,-10.313,-37.625,27.938,0.363,0.293,1.016,4.871,-5.344,-0.527,0.196,0.166,1.092,1.290,2,NULL,NULL,,3,0,2,7,255,1045,250,0,0
stim,16312,46433,0,46433,3243754.453,0.893,-0.097,-0.063,0.434,3100,0,0,3176,1363,2449,97,2293,55,1.205,1,2078,0,56.220,5.882,-40.000,-24.250,31.188,-0.316,-0.426,1.480,4.871,-3.297,-0.527,0.212,0.152,1.092,1.290,2,NULL,NULL,,3,0,2,7,255,1045,250,0,0
stim,16312,46433,0,46433,3243759.455,0.893,-0.093,-0.064,0.435,3099,17,0,3167,1464,2461,106,2333,55,1.205,1,2078,0,96.845,5.505,-92.813,-22.688,-15.813,-0.516,-0.258,1.082,-4.516,-3.148,1.328,0.234,0.132,1.092,1.290,2,NULL,NULL,,3,0,2,7,255,1045,250,0,0
stim,16331,46452,0,46452,3243764.454,0.892,-0.090,-0.064,0.438,3113,27,0,3163,1547,2471,109,2365,55,1.205,1,2078,0,100.038,4.517,-54.875,-16.813,-81.938,-0.148,0.258,0.758,-4.516,0.109,1.328,0.258,0.110,1.092,1.290,2,NULL,NULL,,3,0,2,7,255,1045,250,0,0
stim,16331,46452,0,46452,3243769.455,0.891,-0.090,-0.064,0.441,3112,33,0,3170,1598,2483,121,2395,55,1.205,1,2078,0,79.453,1.473,-7.063,-13.375,-78.000,0.262,0.145,0.980,1.469,0.109,-0.793,0.280,0.092,1.092,1.290,2,NULL,NULL,,3,0,2,7,255,1045,250,0,0
stim,16331,46452,0,46452,3243774.454,0.890,-0.088,-0.064,0.442,3101,40,0,3166,1639,2491,137,2407,55,1.205,1,2078,0,35.736,3.421,-23.938,-10.188,-24.500,0.164,-0.148,1.266,1.469,-3.090,-0.793,0.294,0.080,1.092,1.290,2,NULL,NULL,,3,0,2,7,255,1045,250,0,0
stim,16331,46452,0,46452,3243779.455,0.891,-0.085,-0.065,0.442,3099,43,0,3185,1685,2495,136,2445,55,1.205,1,2078,0,68.247,3.128,-67.875,-6.938,1.563,-0.188,-0.176,1.059,0.488,-3.090,0.598,0.304,0.072,1.092,1.290,2,NULL,NULL,,3,0,2,7,255,1045,250,0,0
stim,16354,46475,0,46475,3243784.454,0.891,-0.083,-0.066,0.442,3107,94,0,3176,1739,2509,137,2469,55,1.205,1,2078,0,68.272,2.216,-63.938,-8.000,-22.563,-0.355,0.027,0.734,-1.449,-1.676,0.598,0.316,0.064,1.092,1.290,2,NULL,NULL,,3,0,2,7,255,1045,250,0,0
stim,16354,46475,0,46475,3243789.455,0.890,-0.081,-0.067,0.444,3113,106,0,3171,1779,2519,142,2475,55,1.205,1,2078,0,63.793,1.459,-25.813,-8.688,-57.688,-0.168,0.016,0.805,-1.449,-0.172,-1.770,0.328,0.052,1.092,1.290,2,NULL,NULL,,3,0,2,7,255,1045,250,0,0
stim,16354,46475,0,46475,3243794.454,0.889,-0.081,-0.067,0.447,3109,111,0,3175,1803,2519,153,2483,55,1.205,1,2078,0,54.502,0.416,-10.875,-7.938,-52.813,0.074,-0.082,1.051,-0.379,-0.172,-1.770,0.340,0.042,1.092,1.290,2,NULL,NULL,,3,0,2,7,255,1045,250,0,0
stim,16354,46475,0,46475,3243799.455,0.888,-0.080,-0.067,0.447,3111,107,5,3178,1841,2525,165,2506,55,1.205,1,2078,0,33.649,2.675,-22.063,-6.000,-24.688,0.070,-0.008,1.113,0.430,-2.641,0.102,0.350,0.036,1.092,1.290,2,NULL,NULL,,3,0,2,7,255,1045,250,0,0
stim,16354,46475,0,46475,3243804.453,0.888,-0.078,-0.067,0.448,3113,106,19,3167,1862,2525,163,2505,55,1.205,1,2078,0,31.203,2.846,-29.250,-4.250,-10.000,-0.066,0.113,1.031,1.063,-2.641,0.285,0.356,0.030,1.092,1.290,2,NULL,NULL,,3,0,2,7,255,1045,250,0,0
stim,16354,46475,0,46475,3243809.455,0.888,-0.077,-0.068,0.448,3109,115,39,3186,1887,2535,168,2515,55,1.205,1,2078,0,27.950,1.292,-23.938,-2.625,-14.188,-0.121,0.090,0.992,1.063,-0.734,0.285,0.364,0.022,1.092,1.290,2,NULL,NULL,,3,0,2,7,255,1045,250,0,0
stim,16408,46529,0,46529,3243814.454,0.888,-0.076,-0.068,0.449,3097,120,76,3179,1899,2532,169,2517,55,1.205,1,2078,0,26.767,0.982,-16.750,-0.375,-20.875,-0.082,-0.008,0.984,0.652,-0.734,-0.004,0.376,0.012,1.092,1.290,2,NULL,NULL,,3,0,2,7,255,1045,250,0,0
stim,16408,46529,0,46529,3243819.455,0.887,-0.076,-0.068,0.450,3111,131,110,3183,1903,2536,173,2515,55,1.195,1,2078,1,18.203,1.248,-12.000,-0.125,-13.688,-0.039,-0.027,0.996,0.250,-1.223,-0.180,0.000,0.000,1.076,1.291,2,NULL,NULL,,3,0,2,7,255,1045,250,0,0
stim,16408,46529,0,46529,3243824.454,0.887,-0.075,-0.068,0.449,3111,128,153,3181,1927,2527,171,2519,55,1.195,1,2078,1,8.787,1.248,-8.750,-0.500,-0.625,-0.082,0.063,1.008,0.250,-1.223,-0.180,0.010,0.008,1.076,1.291,2,NULL,NULL,,3,0,2,7,255,1045,250,0,0
stim,16408,46529,0,46529,3243829.455,0.888,-0.075,-0.068,0.449,3104,145,200,3177,1935,2540,171,2520,55,1.195,1,2078,1,7.207,0.966,-7.188,-0.500,0.188,-0.176,0.109,1.035,0.547,-0.797,0.047,0.016,0.014,1.076,1.291,2,NULL,NULL,,3,0,2,7,255,1045,250,0,0
stim,16408,46529,0,46529,3243834.454,0.887,-0.075,-0.068,0.450,3101,156,219,3173,1943,2543,169,2512,55,1.195,1,2078,1,12.646,0.560,-9.625,0.500,-8.188,-0.164,0.090,1.063,0.547,-0.121,0.516,0.024,0.018,1.076,1.291,2,NULL,NULL,,3,0,2,7,255,1045,250,0,0
stim,16409,46530,0,46530,3243839.455,0.887,-0.074,-0.068,0.450,3112,156,233,3171,1957,2535,171,2518,55,1.195,1,2078,1,13.227,0.560,-11.375,-0.063,-6.750,-0.109,0.059,1.027,0.547,-0.121,0.516,0.030,0.022,1.076,1.291,2,NULL,NULL,,3,0,2,7,255,1045,250,0,0
stim,16409,46530,0,46530,3243844.453,0.887,-0.074,-0.069,0.450,3099,153,243,3164,1954,2527,169,2517,55,1.195,1,2078,1,9.369,0.815,-8.000,0.063,-4.875,-0.121,0.020,1.004,0.504,-0.641,0.313,0.034,0.026,1.076,1.291,2,NULL,NULL,,3,0,2,7,255,1045,250,0,0
stim,16409,46530,0,46530,3243849.455,0.887,-0.074,-0.069,0.450,3095,149,251,3171,1957,2529,163,2520,55,1.195,1,2078,1,7.057,0.665,-6.125,-0.188,-3.500,-0.133,0.027,1.023,0.180,-0.641,0.309,0.038,0.028,1.076,1.291,2,NULL,NULL,,3,0,2,7,255,1045,250,0,0
stim,16409,46530,0,46530,3243854.454,0.887,-0.073,-0.069,0.450,3079,151,251,3161,1950,2517,157,2511,55,1.195,1,2078,1,6.803,0.639,-6.125,-0.375,-2.938,-0.141,0.035,1.004,0.180,-0.613,0.129,0.040,0.030,1.076,1.291,2,NULL,NULL,,3,0,2,7,255,1045,250,0,0
stim,16409,46530,0,46530,3243859.455,0.887,-0.073,-0.069,0.451,3087,153,267,3157,1949,2515,155,2520,55,1.195,1,2078,1,5.786,0.502,-4.063,-0.688,-4.063,-0.141,0.035,0.984,0.180,-0.469,0.129,0.044,0.032,1.076,1.291,2,NULL,NULL,,3,0,2,7,255,1045,250,0,0
stim,16445,46566,0,46566,3243864.454,0.887,-0.073,-0.069,0.451,3068,152,295,3145,1951,2509,157,2515,55,1.195,1,2078,1,2.884,0.498,-2.000,-1.438,-1.500,-0.148,0.020,0.980,0.168,-0.469,-0.074,0.048,0.034,1.076,1.291,2,NULL,NULL,,3,0,2,7,255,1045,250,0,0
stim,16445,46566,0,46566,3243869.457,0.887,-0.073,-0.069,0.451,3075,154,304,3155,1943,2508,156,2517,55,1.195,1,2078,1,3.226,0.481,-2.375,-2.125,-0.500,-0.145,0.012,0.988,0.008,-0.480,-0.074,0.050,0.036,1.076,1.291,2,NULL,NULL,,3,0,2,7,255,1045,250,0,0
stim,16445,46566,0,46566,3243874.454,0.887,-0.073,-0.068,0.450,3061,154,313,3133,1941,2493,152,2517,55,1.195,1,2078,1,5.171,0.525,-2.188,-3.375,3.250,-0.148,0.012,0.980,-0.035,-0.523,-0.086,0.052,0.036,1.076,1.291,2,NULL,NULL,,3,0,2,7,255,1045,250,0,0
stim,16445,46566,0,46566,3243879.455,0.887,-0.072,-0.068,0.450,3047,155,316,3139,1943,2489,157,2509,55,1.195,1,2078,1,5.106,0.527,-1.250,-3.438,3.563,-0.164,0.012,0.961,-0.059,-0.523,-0.086,0.054,0.034,1.076,1.291,2,NULL,NULL,,3,0,2,7,255,1045,250,0,0
stim,16447,46568,0,46568,3243884.454,0.887,-0.072,-0.068,0.450,3037,143,323,3119,1941,2485,163,2515,55,1.195,1,2078,1,6.276,0.364,3.063,-5.250,1.563,-0.176,0.027,0.965,-0.121,-0.344,-0.199,0.054,0.034,1.076,1.291,2,NULL,NULL,,3,0,2,7,255,1045,250,0,0
stim,16447,46568,0,46568,3243889.455,0.887,-0.072,-0.068,0.450,3042,141,331,3111,1939,2482,165,2519,55,1.195,1,2078,1,7.098,0.364,4.813,-5.188,-0.563,-0.148,0.016,0.980,-0.121,-0.344,-0.199,0.056,0.034,1.076,1.291,2,NULL,NULL,,3,0,2,7,255,1045,250,0,0
stim,16447,46568,0,46568,3243894.453,0.887,-0.072,-0.067,0.450,3019,138,333,3109,1948,2479,169,2519,55,1.195,1,2078,1,8.927,0.472,5.250,-6.938,2.000,-0.145,0.016,0.980,-0.055,-0.469,-0.094,0.058,0.034,1.076,1.291,2,NULL,NULL,,3,0,2,7,255,1045,250,0,0
stim,16447,46568,0,46568,3243899.455,0.887,-0.072,-0.067,0.450,3005,137,333,3103,1948,2471,187,2521,55,1.195,1,2078,1,9.515,0.472,4.875,-7.125,4.000,-0.172,0.031,0.973,-0.055,-0.469,-0.094,0.060,0.034,1.076,1.291,2,NULL,NULL,,3,0,2,7,255,1045,250,0,0
stim,16475,46596,0,46596,3243904.454,0.888,-0.071,-0.064,0.450,2999,137,353,3083,1958,2477,203,2533,55,1.195,1,2078,1,11.021,0.221,6.500,-8.813,1.250,-0.191,0.035,0.969,-0.086,-0.203,-0.125,0.062,0.036,1.076,1.291,2,NULL,NULL,,3,0,2,7,255,1045,250,0,0
stim,16475,46596,0,46596,3243909.455,0.888,-0.071,-0.063,0.450,2982,135,373,3064,1980,2473,265,2536,55,1.195,1,2078,1,12.508,0.098,7.750,-9.813,0.313,-0.184,0.063,0.969,-0.086,0.047,-0.125,0.064,0.036,1.076,1.291,2,NULL,NULL,,3,0,2,7,255,1045,250,0,0
stim,16505,46626,0,46626,3243914.453,0.888,-0.071,-0.062,0.450,2973,137,411,3060,2003,2472,277,2539,55,1.195,1,2078,1,14.405,0.117,8.250,-11.688,-1.688,-0.184,0.063,0.988,0.027,0.113,-0.121,0.066,0.038,1.076,1.291,2,NULL,NULL,,3,0,2,7,255,1045,250,0,0
stim,16505,46626,0,46626,3243919.455,0.888,-0.071,-0.062,0.450,2961,139,487,3039,2015,2469,282,2550,55,1.195,1,2078,1,15.398,0.163,8.313,-12.875,-1.500,-0.191,0.117,0.996,0.047,0.156,0.047,0.068,0.038,1.076,1.291,2,NULL,NULL,,3,0,2,7,255,1045,250,0,0
stim,16505,46626,0,46626,3243924.454,0.888,-0.071,-0.061,0.451,2935,137,591,3031,2055,2468,327,2572,55,1.195,1,2078,1,17.378,0.672,8.438,-14.063,-5.750,-0.172,0.168,1.020,0.445,0.504,0.152,0.068,0.036,1.076,1.291,2,NULL,NULL,,3,0,2,7,255,1045,250,0,0
stim,16505,46626,0,46626,3243929.455,0.888,-0.071,-0.060,0.451,2919,155,633,3007,2077,2469,363,2577,55,1.195,1,2078,1,17.274,1.068,6.188,-14.438,-7.188,-0.133,0.184,1.039,0.941,0.504,0.375,0.066,0.034,1.076,1.291,2,NULL,NULL,,3,0,2,7,255,1045,250,0,0
stim,16505,46626,0,46626,3243934.454,0.888,-0.071,-0.060,0.451,2907,166,679,2999,2124,2476,397,2591,55,1.195,1,2078,1,15.303,1.150,2.063,-14.500,-4.438,-0.133,0.160,1.031,1.086,0.379,0.445,0.066,0.032,1.076,1.291,2,NULL,NULL,,3,0,2,7,255,1045,250,0,0
stim,16505,46626,0,46626,3243939.455,0.888,-0.071,-0.059,0.451,2877,174,739,2981,2166,2472,443,2599,55,1.195,1,2078,1,15.519,1.148,-0.250,-14.438,-5.688,-0.141,0.164,1.012,1.086,0.371,0.445,0.062,0.026,1.076,1.291,2,NULL,NULL,,3,0,2,7,255,1045,250,0,0
stim,16505,46626,0,46626,3243944.453,0.887,-0.071,-0.058,0.452,2856,175,799,2967,2205,2476,473,2619,55,1.195,1,2078,1,16.659,1.078,0.000,-13.813,-9.313,-0.137,0.133,0.996,1.047,0.258,0.266,0.060,0.022,1.076,1.291,2,NULL,NULL,,3,0,2,7,255,1045,250,0,0
stim,16505,46626,0,46626,3243949.455,0.887,-0.070,-0.058,0.452,2847,186,909,2957,2252,2487,506,2632,55,1.195,1,2078,1,17.433,0.821,-0.063,-13.625,-10.875,-0.113,0.090,0.988,0.797,0.199,0.098,0.060,0.016,1.076,1.291,2,NULL,NULL,,3,0,2,7,255,1045,250,0,0
stim,16533,46654,0,46654,3243954.454,0.887,-0.070,-0.057,0.453,2823,229,970,2937,2287,2487,596,2635,55,1.195,1,2078,1,16.467,0.629,-0.375,-13.125,-9.938,-0.113,0.078,0.977,0.590,-0.219,-0.035,0.060,0.012,1.076,1.291,2,NULL,NULL,,3,0,2,7,255,1045,250,0,0
stim,16533,46654,0,46654,3243959.455,0.887,-0.070,-0.057,0.453,2807,244,1063,2925,2327,2484,667,2657,55,1.195,1,2078,1,16.765,0.517,0.063,-12.813,-10.813,-0.141,0.070,0.984,0.469,-0.219,-0.063,0.060,0.008,1.076,1.291,2,NULL,NULL,,3,0,2,7,255,1045,250,0,0
stim,16533,46654,0,46654,3243964.453,0.887,-0.070,-0.056,0.454,2775,250,1135,2923,2359,2488,789,2655,55,1.195,1,2078,1,18.867,0.284,-1.000,-12.813,-13.813,-0.152,0.078,0.992,0.266,-0.102,-0.063,0.060,0.004,1.076,1.291,2,NULL,NULL,,3,0,2,7,255,1045,250,0,0
stim,16533,46654,0,46654,3243969.455,0.886,-0.069,-0.056,0.454,2763,258,1214,2909,2397,2503,875,2671,55,1.195,1,2078,1,21.234,0.267,-2.750,-13.313,-16.313,-0.168,0.082,0.992,0.266,0.023,0.055,0.060,0.004,1.076,1.291,2,NULL,NULL,,3,0,2,7,255,1045,250,0,0
stim,16533,46654,0,46654,3243974.454,0.886,-0.069,-0.055,0.455,2728,279,1295,2897,2440,2502,1007,2687,55,1.195,1,2078,1,25.324,0.298,-4.750,-13.813,-20.688,-0.188,0.078,1.004,0.207,0.215,0.090,0.060,0.006,1.076,1.291,2,NULL,NULL,,3,0,2,7,255,1045,250,0,0
stim,16533,46654,0,46654,3243979.455,0.886,-0.068,-0.055,0.456,2685,277,1443,2876,2477,2505,1125,2706,55,1.195,1,2078,1,30.969,0.379,-6.375,-14.125,-26.813,-0.180,0.086,1.012,0.184,0.332,0.223,0.060,0.008,1.076,1.291,2,NULL,NULL,,3,0,2,7,255,1045,250,0,0
stim,16533,46654,0,46654,3243984.454,0.885,-0.068,-0.055,0.457,2655,297,1575,2847,2511,2509,1214,2719,55,1.195,1,2078,1,34.863,0.352,-9.000,-15.063,-30.125,-0.168,0.070,1.008,0.117,0.332,0.242,0.060,0.010,1.076,1.291,2,NULL,NULL,,3,0,2,7,255,1045,250,0,0
stim,16533,46654,0,46654,3243989.455,0.885,-0.067,-0.054,0.459,2631,331,1695,2843,2541,2512,1355,2731,55,1.195,1,2078,1,37.295,0.202,-13.188,-16.000,-31.000,-0.164,0.039,1.000,0.117,0.164,0.242,0.060,0.012,1.076,1.291,2,NULL,NULL,,3,0,2,7,255,1045,250,0,0
stim,16565,46686,0,46686,3243994.453,0.884,-0.066,-0.054,0.460,2572,339,1783,2813,2583,2531,1445,2745,55,1.195,1,2078,1,40.987,0.118,-15.188,-16.875,-34.125,-0.152,0.012,0.996,-0.117,-0.016,0.137,0.060,0.014,1.076,1.291,2,NULL,NULL,,3,0,2,7,255,1045,250,0,0
stim,16565,46686,0,46686,3243999.455,0.883,-0.064,-0.054,0.461,2511,361,1886,2795,2607,2524,1548,2765,55,1.195,1,2078,1,42.545,0.343,-15.750,-17.750,-35.313,-0.121,-0.047,0.980,-0.254,-0.230,0.070,0.060,0.016,1.076,1.291,2,NULL,NULL,,3,0,2,7,255,1045,250,0,0
stim,16565,46686,0,46686,3244004.454,0.883,-0.063,-0.053,0.462,2459,389,1983,2773,2648,2536,1656,2772,55,1.195,1,2078,1,38.922,0.953,-16.375,-19.500,-29.438,-0.117,-0.094,0.973,-0.551,-0.777,-0.141,0.062,0.014,1.076,1.291,2,NULL,NULL,,3,0,2,7,255,1045,250,0,0
stim,16565,46686,0,46686,3244009.455,0.882,-0.062,-0.053,0.463,2403,391,2071,2739,2683,2537,1740,2797,55,1.195,1,2078,1,36.890,1.116,-16.188,-20.563,-26.000,-0.148,-0.059,0.984,-0.801,-0.777,-0.141,0.064,0.014,1.076,1.291,2,NULL,NULL,,3,0,2,7,255,1045,250,0,0
stim,16565,46686,0,46686,3244014.453,0.882,-0.061,-0.053,0.464,2332,397,2187,2707,2712,2548,1829,2811,55,1.195,1,2078,1,39.795,0.985,-17.250,-22.250,-28.125,-0.176,-0.016,1.000,-0.801,-0.574,-0.086,0.064,0.014,1.076,1.291,2,NULL,NULL,,3,0,2,7,255,1045,250,0,0
stim,16565,46686,0,46686,3244019.455,0.881,-0.059,-0.052,0.466,2262,395,2261,2667,2729,2549,1918,2815,55,1.195,1,2078,1,46.157,0.604,-22.813,-24.125,-32.063,-0.172,0.000,1.035,-0.594,-0.109,0.117,0.066,0.012,1.076,1.291,2,NULL,NULL,,3,0,2,7,255,1045,250,0,0
stim,16611,46732,0,46732,3244024.454,0.881,-0.057,-0.052,0.467,2157,379,2323,2607,2771,2554,2011,2841,55,1.195,1,2078,1,54.232,0.451,-31.000,-25.000,-36.813,-0.145,-0.027,1.063,-0.438,-0.109,0.453,0.068,0.012,1.076,1.291,2,NULL,NULL,,3,0,2,7,255,1045,250,0,0
stim,16611,46732,0,46732,3244029.455,0.880,-0.055,-0.052,0.468,2088,389,2391,2568,2779,2553,2093,2855,55,1.195,1,2078,1,60.768,0.630,-40.813,-25.563,-37.063,-0.105,-0.055,1.023,-0.438,-0.453,0.453,0.070,0.014,1.076,1.291,2,NULL,NULL,,3,0,2,7,255,1045,250,0,0
stim,16611,46732,0,46732,3244034.454,0.880,-0.053,-0.051,0.470,1971,379,2468,2501,2811,2553,2155,2868,55,1.195,1,2078,1,55.662,0.906,-37.750,-26.688,-31.000,-0.070,-0.051,0.938,-0.438,-0.793,0.258,0.072,0.016,1.076,1.291,2,NULL,NULL,,3,0,2,7,255,1045,250,0,0
stim,16611,46732,0,46732,3244039.455,0.879,-0.051,-0.051,0.470,1869,375,2509,2414,2835,2551,2228,2889,55,1.195,1,2078,1,44.474,0.833,-24.563,-28.313,-23.938,-0.098,-0.023,0.934,-0.254,-0.793,-0.613,0.074,0.016,1.076,1.291,2,NULL,NULL,,3,0,2,7,255,1045,250,0,0
stim,16611,46732,0,46732,3244044.453,0.879,-0.050,-0.050,0.471,1696,356,2569,2322,2855,2565,2291,2890,55,1.195,1,2078,1,40.156,0.587,-17.063,-30.188,-20.250,-0.141,-0.012,1.016,-0.250,-0.531,-0.613,0.076,0.018,1.076,1.291,2,NULL,NULL,,3,0,2,7,255,1045,250,0,0
stim,16611,46732,0,46732,3244049.455,0.879,-0.048,-0.049,0.472,1499,317,2611,2202,2872,2555,2356,2915,55,1.195,1,2078,1,43.167,0.299,-19.188,-31.625,-22.250,-0.172,-0.008,1.066,-0.250,-0.164,0.242,0.078,0.020,1.076,1.291,2,NULL,NULL,,3,0,2,7,255,1045,250,0,0
stim,16611,46732,0,46732,3244054.454,0.878,-0.047,-0.049,0.473,1270,279,2645,2067,2887,2567,2418,2919,55,1.195,1,2078,1,50.019,0.263,-26.250,-33.125,-26.750,-0.168,0.004,1.098,-0.250,0.082,0.773,0.080,0.022,1.076,1.291,2,NULL,NULL,,3,0,2,7,255,1045,250,0,0
stim,16611,46732,0,46732,3244059.455,0.878,-0.045,-0.048,0.474,1105,249,2676,1893,2903,2553,2467,2922,55,1.195,1,2078,1,59.402,0.266,-34.250,-33.688,-34.938,-0.148,0.035,1.090,-0.230,0.133,0.969,0.082,0.024,1.076,1.291,2,NULL,NULL,,3,0,2,7,255,1045,250,0,0
stim,16631,46752,0,46752,3244064.453,0.877,-0.042,-0.047,0.476,903,218,2723,1641,2931,2555,2521,2941,55,1.195,1,2078,1,60.265,0.193,-34.313,-34.813,-35.250,-0.098,0.051,1.023,0.141,0.133,0.969,0.082,0.024,1.076,1.291,2,NULL,NULL,,3,0,2,7,255,1045,250,0,0
stim,16631,46752,0,46752,3244069.455,0.877,-0.040,-0.047,0.477,631,173,2757,1391,2938,2543,2581,2961,55,1.195,1,2078,1,55.243,0.470,-28.563,-36.500,-30.063,-0.086,0.039,1.023,0.469,-0.027,0.277,0.084,0.026,1.076,1.291,2,NULL,NULL,,3,0,2,7,255,1045,250,0,0
stim,16631,46752,0,46752,3244074.454,0.877,-0.039,-0.046,0.478,405,89,2787,1147,2956,2539,2621,2944,55,1.195,1,2078,1,51.432,0.470,-24.563,-39.188,-22.500,-0.125,0.027,1.066,0.469,-0.027,0.277,0.084,0.026,1.076,1.291,2,NULL,NULL,,3,0,2,7,255,1045,250,0,0
stim,16631,46752,0,46752,3244079.455,0.876,-0.037,-0.044,0.478,211,59,2819,903,2971,2529,2660,2967,55,1.195,1,2078,1,53.439,0.215,-23.000,-42.125,-23.500,-0.156,0.031,1.109,0.188,0.105,0.723,0.086,0.028,1.076,1.291,2,NULL,NULL,,3,0,2,7,255,1045,250,0,0
stim,16654,46775,0,46775,3244084.454,0.876,-0.035,-0.043,0.480,103,0,2837,630,2997,2496,2696,2969,55,1.195,1,2078,1,61.488,0.371,-27.813,-43.125,-33.875,-0.137,0.043,1.105,0.188,0.320,1.098,0.088,0.028,1.076,1.291,2,NULL,NULL,,3,0,2,7,255,1045,250,0,0
stim,16654,46775,0,46775,3244089.455,0.875,-0.033,-0.042,0.481,37,0,2853,427,2999,2487,2719,2984,55,1.195,1,2078,1,65.142,0.431,-26.438,-46.938,-36.625,-0.070,0.090,1.090,0.289,0.320,1.098,0.090,0.030,1.076,1.291,2,NULL,NULL,,3,0,2,7,255,1045,250,0,0
stim,16654,46775,0,46775,3244094.453,0.874,-0.031,-0.041,0.483,2,0,2871,284,3005,2461,2741,2983,55,1.195,1,2078,1,68.364,1.027,-24.313,-49.875,-39.938,-0.027,0.148,1.086,1.020,0.121,0.879,0.090,0.030,1.076,1.291,2,NULL,NULL,,3,0,2,7,255,1045,250,0,0
stim,16654,46775,0,46775,3244099.455,0.874,-0.029,-0.039,0.484,0,0,2895,187,3023,2427,2788,2995,55,1.195,1,2078,1,67.228,1.474,-16.750,-54.250,-36.000,-0.055,0.137,1.098,1.469,0.121,0.879,0.092,0.028,1.076,1.291,2,NULL,NULL,,3,0,2,7,255,1045,250,0,0
stim,16654,46775,0,46775,3244104.454,0.874,-0.029,-0.036,0.485,0,0,2907,157,3033,2404,2821,2997,55,1.195,1,2078,0,65.486,1.502,16.063,-61.688,-15.000,-0.301,-0.016,1.242,1.469,0.313,0.926,0.094,0.028,1.076,1.291,2,NULL,NULL,,3,0,2,7,255,1045,250,0,0
stim,16654,46775,0,46775,3244109.455,0.873,-0.029,-0.033,0.485,0,0,2921,110,3055,2359,2837,3001,55,1.195,1,2078,0,83.969,1.807,36.563,-74.188,-14.500,-0.488,-0.055,1.531,-0.996,1.508,2.578,0.092,0.030,1.076,1.291,2,NULL,NULL,,3,0,2,7,255,1045,250,0,0
stim,16714,46835,0,46835,3244114.453,0.873,-0.029,-0.029,0.486,0,0,2935,59,3063,2323,2853,2991,55,1.195,1,2078,0,100.779,2.892,45.375,-85.375,-28.438,-0.492,0.121,1.906,-0.996,2.715,5.559,0.088,0.034,1.076,1.291,3,NULL,NULL,,3,0,2,7,255,1045,250,0,0
stim,16714,46835,0,46835,3244119.455,0.873,-0.027,-0.025,0.487,0,0,2941,17,3062,2267,2877,2997,55,1.195,1,2078,0,96.288,2.983,4.063,-95.188,-13.938,-0.227,0.418,1.945,-0.707,2.898,9.168,0.082,0.042,1.076,1.291,3,NULL,NULL,,3,0,2,7,255,1045,250,0,0
stim,16714,46835,0,46835,3244124.454,0.873,-0.022,-0.023,0.487,0,0,2943,6,3079,2205,2904,2999,55,1.195,1,2078,0,128.026,4.217,-86.500,-93.813,-10.375,-0.008,0.316,1.520,3.063,2.898,9.168,0.074,0.050,1.076,1.291,3,NULL,NULL,,3,0,2,7,255,1045,250,0,0
stim,16714,46835,0,46835,3244129.455,0.873,-0.016,-0.021,0.486,0,0,2941,0,3083,2121,2909,3002,55,1.195,1,2078,0,141.183,3.206,-97.875,-99.625,20.688,-0.035,0.082,1.109,3.063,0.949,5.020,0.068,0.058,1.076,1.291,3,NULL,NULL,,3,0,2,7,255,1045,250,0,0
stim,16714,46835,0,46835,3244134.454,0.875,-0.012,-0.018,0.484,0,0,2952,0,3083,2019,2936,2988,55,1.195,1,2078,0,131.772,1.329,-56.375,-108.188,49.813,-0.207,-0.059,0.973,0.930,0.949,1.031,0.062,0.064,1.076,1.291,3,NULL,NULL,,3,0,2,7,255,1045,250,0,0
stim,16714,46835,0,46835,3244139.455,0.876,-0.009,-0.014,0.482,0,0,2953,0,3095,1881,2937,3003,55,1.195,1,2078,0,124.822,1.634,-18.813,-115.938,42.250,-0.363,-0.168,1.031,-1.199,1.109,0.449,0.058,0.068,1.076,1.291,3,NULL,NULL,,3,0,2,7,255,1045,250,0,0
stim,16714,46835,0,46835,3244144.453,0.876,-0.006,-0.010,0.482,0,0,2948,0,3096,1733,2959,2988,55,1.195,1,2078,0,123.966,3.407,-4.438,-122.313,19.688,-0.379,-0.250,1.195,-2.953,1.699,0.449,0.050,0.076,1.076,1.291,3,NULL,NULL,,3,0,2,7,255,1045,250,0,0
stim,16714,46835,0,46835,3244149.455,0.877,-0.003,-0.005,0.481,0,0,2939,0,3103,1571,2969,2980,55,1.195,1,2078,0,129.159,3.940,-6.188,-128.688,9.125,-0.301,-0.277,1.277,-3.555,1.699,2.070,0.044,0.086,1.076,1.291,3,NULL,NULL,,3,0,2,7,255,1045,250,0,0
stim,16714,46835,0,46835,3244154.454,0.877,0.000,-0.000,0.481,0,0,2917,0,3101,1365,2976,2987,55,1.195,1,2078,0,134.685,3.699,-9.375,-133.938,10.625,-0.219,-0.250,1.230,-3.555,1.023,2.344,0.034,0.096,1.076,1.291,3,NULL,NULL,,3,0,2,7,255,1045,250,0,0
stim,16714,46835,0,46835,3244159.455,0.877,0.004,0.004,0.480,0,0,2905,0,3107,1099,2995,2971,55,1.195,1,2078,0,141.853,3.067,-12.938,-140.250,16.875,-0.168,-0.172,1.172,-2.977,0.738,2.344,0.024,0.108,1.076,1.291,3,NULL,NULL,,3,0,2,7,255,1045,250,0,0
stim,16714,46835,0,46835,3244164.453,0.878,0.007,0.010,0.479,0,0,2892,0,3117,885,2986,2959,55,1.195,1,2078,0,148.233,2.268,-10.063,-146.063,23.188,-0.164,-0.105,1.109,-2.145,0.738,1.703,0.016,0.120,1.076,1.291,3,NULL,NULL,,3,0,2,7,255,1045,250,0,0
stim,16714,46835,0,46835,3244169.455,0.879,0.010,0.015,0.477,0,0,2855,0,3113,602,3007,2939,55,1.195,1,2078,0,155.729,2.208,4.000,-153.438,26.313,-0.223,-0.086,1.074,-1.879,1.160,1.070,0.010,0.130,1.076,1.291,3,NULL,NULL,,3,0,2,7,255,1045,250,0,0
stim,16747,46868,0,46868,3244174.454,0.879,0.012,0.021,0.476,0,0,2835,0,3118,457,3014,2923,55,1.195,1,2078,0,164.246,2.603,20.125,-161.500,22.125,-0.246,-0.063,1.180,-1.879,1.801,1.070,0.012,0.142,1.076,1.291,3,NULL,NULL,,3,0,2,7,255,1045,250,0,0
stim,16747,46868,0,46868,3244179.455,0.879,0.015,0.028,0.475,0,0,2780,0,3109,277,3001,2909,55,1.195,1,2078,0,171.991,2.964,23.750,-169.625,15.625,-0.254,-0.035,1.320,-1.879,2.293,1.648,0.020,0.154,1.076,1.291,3,NULL,NULL,,3,0,2,7,255,1045,250,0,0
stim,16747,46868,0,46868,3244184.454,0.879,0.018,0.035,0.475,0,0,2757,0,3108,116,3013,2879,55,1.195,1,2078,0,178.725,3.097,18.625,-177.438,10.563,-0.199,-0.031,1.355,-1.859,2.477,2.938,0.030,0.166,1.076,1.291,3,NULL,NULL,,3,0,2,7,255,1045,250,0,0
stim,16747,46868,0,46868,3244189.455,0.879,0.021,0.042,0.474,0,0,2707,0,3114,59,3015,2855,55,1.195,1,2078,0,188.045,3.163,14.875,-187.000,13.063,-0.188,0.023,1.406,-1.637,2.707,3.281,0.042,0.180,1.076,1.291,3,NULL,NULL,,3,0,2,7,255,1045,250,0,0
stim,16747,46868,0,46868,3244194.453,0.879,0.024,0.050,0.473,0,0,2630,0,3102,1,3013,2811,55,1.195,1,2078,0,196.879,3.160,14.500,-195.875,13.563,-0.223,0.141,1.500,-1.285,2.887,3.734,0.054,0.192,1.076,1.291,3,NULL,NULL,,3,0,2,7,255,1045,250,0,0
stim,16747,46868,0,46868,3244199.455,0.879,0.028,0.058,0.472,0,0,2565,0,3113,0,3007,2770,55,1.195,1,2078,0,207.899,4.129,19.813,-206.813,7.625,-0.320,0.227,1.637,-0.758,4.059,4.504,0.066,0.206,1.076,1.291,3,NULL,NULL,,3,0,2,7,255,1045,250,0,0
stim,16781,46902,0,46902,3244204.454,0.879,0.032,0.067,0.471,0,0,2477,0,3103,0,3007,2723,55,1.195,1,2078,0,219.622,5.765,7.313,-219.500,-0.125,-0.348,0.273,1.898,-0.758,5.715,5.637,0.078,0.222,1.076,1.291,3,NULL,NULL,,3,0,2,7,255,1045,250,0,0
stim,16781,46902,0,46902,3244209.455,0.878,0.037,0.076,0.471,0,0,2348,0,3091,0,3016,2653,55,1.195,1,2078,0,234.119,6.831,-7.250,-234.000,-1.813,-0.457,0.242,2.156,-0.852,6.777,8.004,0.090,0.236,1.076,1.291,3,NULL,NULL,,3,0,2,7,255,1045,250,0,0
stim,16805,46926,0,46926,3244214.453,0.878,0.044,0.085,0.470,0,0,2220,0,3077,0,2998,2585,55,1.195,1,2078,0,256.759,8.349,-27.938,-255.188,4.875,-0.504,0.352,2.328,-1.766,8.160,10.199,0.106,0.256,1.076,1.291,3,NULL,NULL,,3,0,2,7,255,1045,250,0,0
stim,16805,46926,0,46926,3244219.455,0.877,0.051,0.095,0.469,0,0,2067,0,3059,0,2995,2513,55,1.195,1,2078,0,281.980,9.962,-40.188,-278.875,11.250,-0.527,0.566,2.441,-1.766,9.805,11.563,0.126,0.280,1.076,1.291,3,NULL,NULL,,3,0,2,7,255,1045,250,0,0
stim,16805,46926,0,46926,3244224.454,0.876,0.060,0.105,0.467,0,0,1893,0,3030,10,2963,2383,55,1.195,1,2078,0,310.898,11.864,-59.063,-304.500,21.188,-0.512,0.781,2.547,-0.445,11.855,12.277,0.150,0.308,1.076,1.291,3,NULL,NULL,,3,0,2,7,255,1045,250,0,0
stim,16805,46926,0,46926,3244229.455,0.875,0.070,0.115,0.466,0,0,1765,0,3017,39,2941,2238,55,1.195,1,2078,0,336.826,13.704,-92.875,-323.250,18.313,-0.586,0.863,2.586,1.043,13.664,12.699,0.184,0.342,1.076,1.291,3,NULL,NULL,,3,0,2,7,255,1045,250,0,0
stim,16805,46926,0,46926,3244234.454,0.873,0.082,0.126,0.464,0,0,1647,0,2983,46,2917,2085,55,1.195,1,2078,0,365.957,15.460,-122.688,-344.375,16.688,-0.664,0.977,2.633,1.078,15.422,12.699,0.222,0.384,1.076,1.291,3,NULL,NULL,,3,0,2,7,255,1045,250,0,0
stim,16805,46926,0,46926,3244239.455,0.871,0.095,0.137,0.463,0,0,1558,0,2951,43,2867,1960,55,1.195,1,2078,0,393.524,17.516,-145.750,-365.500,5.250,-0.684,1.156,2.699,1.344,17.465,12.367,0.270,0.434,1.076,1.291,3,NULL,NULL,,3,0,2,7,255,1045,250,0,0
stim,16805,46926,0,46926,3244244.453,0.868,0.108,0.148,0.462,0,0,1435,0,2905,42,2811,1829,55,1.195,1,2078,0,414.437,19.651,-159.563,-382.188,-15.188,-0.652,1.215,2.766,2.496,19.492,12.188,0.326,0.490,1.076,1.291,3,NULL,NULL,,3,0,2,7,255,1045,250,0,0
stim,16805,46926,0,46926,3244249.455,0.864,0.123,0.160,0.461,0,0,1339,0,2833,6,2719,1691,55,1.195,1,2078,0,443.856,19.651,-182.250,-404.438,-14.938,-0.656,0.895,2.699,2.496,19.492,12.188,0.388,0.554,1.076,1.291,3,NULL,NULL,,3,0,2,7,255,1045,250,0,0
stim,16831,46952,0,46952,3244254.454,0.860,0.139,0.172,0.460,0,0,1211,0,2760,0,2599,1547,55,1.195,1,2078,0,458.502,20.526,-179.375,-421.938,-4.188,-0.816,0.727,2.797,0.348,20.523,11.125,0.462,0.628,1.076,1.291,3,NULL,NULL,,3,0,2,7,255,1045,250,0,0
stim,16831,46952,0,46952,3244259.455,0.856,0.155,0.185,0.458,0,0,1053,0,2663,0,2429,1383,55,1.195,1,2078,0,479.348,21.052,-184.000,-442.625,-1.125,-1.074,0.652,2.887,-2.113,20.945,10.711,0.540,0.708,1.076,1.291,3,NULL,NULL,,3,0,2,7,255,1045,250,0,0
stim,16831,46952,0,46952,3244264.453,0.850,0.172,0.198,0.457,0,0,895,0,2517,0,2212,1224,55,1.195,1,2078,0,507.900,22.859,-219.750,-457.063,-27.688,-0.938,0.523,2.801,-4.246,22.461,9.512,0.626,0.794,1.076,1.291,3,NULL,NULL,,3,0,2,7,255,1045,250,0,0
stim,16831,46952,0,46952,3244269.455,0.843,0.189,0.211,0.457,0,0,711,0,2339,0,1919,1033,55,1.195,1,2078,0,512.196,22.914,-212.750,-462.375,-57.375,-0.754,0.180,2.688,-4.535,22.461,8.555,0.718,0.886,1.076,1.291,3,NULL,NULL,,3,0,2,7,255,1045,250,0,0
stim,16831,46952,0,46952,3244274.454,0.837,0.205,0.225,0.455,0,0,537,0,2105,0,1593,876,55,1.195,1,2078,0,516.793,20.781,-184.813,-481.188,-37.125,-0.688,-0.230,2.613,-6.355,19.785,8.066,0.814,0.986,1.076,1.291,3,NULL,NULL,,3,0,2,7,255,1045,250,0,0
stim,16831,46952,0,46952,3244279.455,0.830,0.221,0.240,0.452,0,0,323,0,1827,0,1163,729,55,1.195,1,2078,0,534.252,20.121,-180.563,-502.813,1.250,-0.656,-0.531,2.371,-9.461,17.758,7.547,0.916,1.088,1.076,1.291,3,NULL,NULL,,3,0,2,7,255,1045,250,0,0
stim,16849,46970,0,46970,3244284.453,0.823,0.238,0.254,0.448,0,0,199,0,1503,0,619,605,55,1.195,1,2078,0,544.375,18.292,-176.563,-514.938,-3.063,-0.480,-0.480,1.867,-9.645,15.543,5.473,1.020,1.194,1.076,1.291,3,NULL,NULL,,3,0,2,7,255,1045,250,0,0
stim,16849,46970,0,46970,3244289.455,0.816,0.253,0.271,0.444,0,0,90,0,1145,0,215,469,55,1.195,1,2078,0,537.310,15.600,-118.313,-524.063,-7.938,-0.375,-0.258,1.617,-9.645,12.262,1.844,1.122,1.298,1.076,1.291,3,NULL,NULL,,3,0,2,7,255,1045,250,0,0
stim,16849,46970,0,46970,3244294.454,0.810,0.265,0.288,0.437,0,0,53,0,748,0,0,376,55,1.195,1,2078,0,523.055,14.119,-57.500,-519.500,20.000,-0.352,0.309,1.926,-7.000,12.262,0.176,1.218,1.396,1.076,1.291,3,NULL,NULL,,3,0,2,7,255,1045,250,0,0
stim,16849,46970,0,46970,3244299.455,0.804,0.278,0.304,0.428,0,0,13,0,233,0,0,311,55,1.195,1,2078,0,529.715,16.905,-48.250,-520.813,83.813,-0.816,0.535,2.336,-4.273,16.355,-0.344,1.304,1.486,1.076,1.291,3,NULL,NULL,,3,0,2,7,255,1045,250,0,0
stim,16871,46992,0,46992,3244304.453,0.800,0.294,0.318,0.416,0,0,11,0,0,0,0,233,55,1.195,1,2078,0,572.258,23.424,-100.625,-534.875,176.813,-1.391,0.500,2.336,-4.273,23.031,-1.684,1.384,1.568,1.076,1.291,3,NULL,NULL,,3,0,2,7,255,1045,250,0,0
stim,16871,46992,0,46992,3244309.455,0.793,0.312,0.331,0.406,0,0,0,0,0,0,0,171,55,1.195,1,2078,0,577.159,25.786,-174.188,-525.063,164.563,-1.477,0.883,2.000,-4.273,25.430,-6.992,1.460,1.646,1.076,1.291,4,NULL,NULL,,3,0,2,7,255,1045,250,0,0
stim,16871,46992,0,46992,3244314.453,0.784,0.330,0.341,0.400,0,0,0,0,0,0,0,99,55,1.195,1,2078,0,544.532,25.746,-257.000,-474.438,73.313,-0.992,1.512,1.535,-4.023,25.430,-11.813,1.540,1.728,1.076,1.291,4,NULL,NULL,,3,0,2,7,255,1045,250,0,0
stim,16871,46992,0,46992,3244319.455,0.774,0.351,0.347,0.397,0,0,0,0,0,0,0,72,55,1.195,1,2078,0,547.317,22.914,-374.063,-396.313,50.688,-0.895,1.684,0.961,4.609,22.445,-13.305,1.626,1.816,1.076,1.291,0,NULL,NULL,,3,0,2,7,255,1045,250,0,0
stim,16914,47035,0,47035,3244324.454,0.763,0.374,0.346,0.397,0,0,0,0,0,0,0,64,55,1.195,1,2078,0,589.875,19.613,-504.875,-287.688,101.438,-0.656,1.949,-0.145,8.141,17.844,-16.879,1.720,1.914,1.076,1.291,0,NULL,NULL,,3,0,2,7,255,1045,250,0,0
stim,16914,47035,0,47035,3244329.455,0.755,0.391,0.345,0.398,0,0,0,0,0,0,0,46,55,1.195,1,2078,0,440.540,12.892,-397.125,-186.500,39.813,-0.512,1.258,-0.816,9.949,8.199,-21.641,1.816,2.012,1.076,1.291,0,NULL,NULL,,3,0,2,7,255,1045,250,0,0
stim,16914,47035,0,47035,3244334.454,0.752,0.397,0.346,0.398,0,0,0,0,0,0,0,58,55,1.195,1,2078,0,148.708,9.950,-111.563,-98.313,1.625,-0.684,-0.398,-0.074,9.949,0.145,-21.641,1.906,2.102,1.076,1.291,0,NULL,NULL,,3,0,2,7,255,1045,250,0,0
stim,16914,47035,0,47035,3244339.455,0.751,0.397,0.347,0.398,0,0,0,0,0,0,0,62,55,1.195,1,2078,0,33.063,6.353,-12.250,-28.188,-12.188,-0.934,-1.059,1.242,-6.352,0.145,-14.406,1.982,2.182,1.076,1.291,0,NULL,NULL,,3,0,2,7,255,1045,250,0,0
stim,16914,47035,0,47035,3244344.454,0.749,0.400,0.343,0.402,0,0,0,0,0,0,0,59,55,1.195,1,2078,0,150.261,14.991,-134.250,58.375,-33.875,-1.016,-0.504,1.391,-11.066,10.113,-10.555,2.046,2.246,1.076,1.291,0,NULL,NULL,,3,0,2,7,255,1045,250,0,0
stim,16914,47035,0,47035,3244349.455,0.746,0.405,0.335,0.409,0,0,0,0,0,0,0,40,55,1.195,1,2078,0,266.690,14.991,-228.563,133.063,-34.313,-0.813,0.594,0.395,-11.066,10.113,-10.555,2.100,2.302,1.076,1.291,0,NULL,NULL,,3,0,2,7,255,1045,250,0,0
stim,16914,47035,0,47035,3244354.453,0.745,0.406,0.327,0.415,0,0,0,0,0,0,0,17,55,1.195,1,2078,0,246.482,7.936,-163.250,184.250,-12.438,-0.711,1.320,-0.320,1.012,7.871,-16.742,2.158,2.360,1.076,1.291,0,NULL,NULL,,3,0,2,7,255,1045,250,0,0
stim,16914,47035,0,47035,3244359.455,0.748,0.404,0.319,0.420,0,0,0,0,0,0,0,21,55,1.195,1,2078,0,213.414,9.276,-33.938,210.625,5.563,-0.836,1.230,-0.059,7.051,6.027,-21.004,2.224,2.428,1.076,1.291,0,NULL,NULL,,3,0,2,7,255,1045,250,0,0
stim,16932,47053,0,47053,3244364.454,0.751,0.399,0.312,0.424,0,0,0,0,0,0,0,17,55,1.195,1,2078,0,230.462,9.276,9.875,230.250,-0.125,-0.953,0.629,0.617,7.051,6.027,-21.004,2.290,2.496,1.076,1.291,0,NULL,NULL,,3,0,2,7,255,1045,250,0,0
stim,16932,47053,0,47053,3244369.455,0.753,0.395,0.304,0.429,0,0,0,0,0,0,0,21,55,1.195,1,2078,0,248.229,10.665,-38.188,245.125,-8.563,-0.898,0.234,0.770,0.586,10.648,-16.633,2.348,2.558,1.076,1.291,0,NULL,NULL,,3,0,2,7,255,1045,250,0,0
stim,16932,47053,0,47053,3244374.454,0.755,0.393,0.294,0.435,0,0,0,0,0,0,0,17,55,1.195,1,2078,0,266.013,10.743,-85.375,251.938,-1.188,-0.750,0.258,0.402,-1.426,10.648,-14.488,2.398,2.608,1.076,1.291,0,NULL,NULL,,3,0,2,7,255,1045,250,0,0
stim,16932,47053,0,47053,3244379.455,0.757,0.391,0.284,0.440,0,0,0,0,0,0,0,8,55,1.195,1,2078,0,263.695,7.335,-76.500,251.938,14.500,-0.656,0.461,-0.031,-1.426,7.195,-14.488,2.442,2.654,1.076,1.291,0,NULL,NULL,,3,0,2,7,255,1045,250,0,0
stim,16954,47075,0,47075,3244384.453,0.760,0.388,0.275,0.444,0,0,0,0,0,0,0,0,55,1.195,1,2078,0,252.716,3.944,-31.750,249.563,24.000,-0.617,0.523,-0.160,1.039,3.805,-16.559,2.486,2.700,1.076,1.291,0,NULL,NULL,,3,0,2,7,255,1045,250,0,0
stim,16954,47075,0,47075,3244389.455,0.763,0.383,0.266,0.447,0,0,0,0,0,0,0,0,55,1.195,1,2078,0,250.635,3.745,3.938,249.125,27.188,-0.574,0.457,-0.047,1.313,3.508,-16.559,2.530,2.746,1.076,1.291,0,NULL,NULL,,3,0,2,7,255,1045,250,0,0
stim,16954,47075,0,47075,3244394.454,0.767,0.378,0.258,0.451,0,0,0,0,0,0,0,0,55,1.195,1,2078,0,253.594,3.745,15.563,251.188,31.188,-0.500,0.391,0.055,1.313,3.508,-15.926,2.564,2.782,1.076,1.291,0,NULL,NULL,,3,0,2,7,255,1045,250,0,0
stim,16954,47075,0,47075,3244399.455,0.771,0.372,0.249,0.453,0,0,0,0,0,0,0,0,55,1.195,1,2078,0,258.014,3.764,23.250,253.813,40.125,-0.445,0.367,0.051,1.066,3.609,-14.523,2.586,2.806,1.076,1.291,0,NULL,NULL,,3,0,2,7,255,1045,250,0,0
stim,16954,47075,0,47075,3244404.453,0.775,0.366,0.241,0.456,0,0,0,0,0,0,0,2,55,1.195,1,2078,0,264.100,3.938,41.125,256.188,49.250,-0.430,0.348,0.082,1.031,3.801,-13.992,2.602,2.824,1.076,1.291,0,NULL,NULL,,3,0,2,7,255,1045,250,0,0
stim,16954,47075,0,47075,3244409.455,0.779,0.359,0.232,0.458,0,0,0,0,0,0,0,0,55,1.195,1,2078,0,272.348,3.915,60.438,259.813,54.938,-0.406,0.313,0.207,0.938,3.801,-13.574,2.614,2.836,1.076,1.291,0,NULL,NULL,,3,0,2,7,255,1045,250,0,0
stim,17014,47135,0,47135,3244414.454,0.784,0.352,0.224,0.459,0,0,0,0,0,0,0,0,55,1.195,1,2078,0,280.078,4.661,71.063,264.563,58.313,-0.441,0.297,0.348,0.719,4.605,-12.410,2.622,2.846,1.076,1.291,0,NULL,NULL,,3,0,2,7,255,1045,250,0,0
stim,17014,47135,0,47135,3244419.455,0.789,0.344,0.215,0.461,0,0,0,0,0,0,0,0,55,1.195,1,2078,0,287.560,5.908,74.438,273.313,49.500,-0.430,0.320,0.461,0.656,5.871,-11.594,2.632,2.858,1.076,1.291,0,NULL,NULL,,3,0,2,7,255,1045,250,0,0
stim,17014,47135,0,47135,3244424.454,0.793,0.336,0.207,0.464,0,0,0,0,0,0,0,0,55,1.195,1,2078,0,297.449,6.766,77.375,283.750,44.438,-0.371,0.316,0.543,0.656,6.734,-10.746,2.640,2.868,1.076,1.291,0,NULL,NULL,,3,0,2,7,255,1045,250,0,0
stim,17014,47135,0,47135,3244429.455,0.798,0.328,0.197,0.466,0,0,0,0,0,0,0,0,55,1.195,1,2078,0,309.672,7.058,81.063,295.125,47.188,-0.367,0.305,0.652,0.871,7.004,-9.648,2.654,2.884,1.076,1.291,0,NULL,NULL,,3,0,2,7,255,1045,250,0,0
stim,17014,47135,0,47135,3244434.454,0.802,0.319,0.188,0.468,0,0,0,0,0,0,0,0,55,1.195,1,2078,0,321.438,7.764,80.313,308.000,44.813,-0.426,0.297,0.781,0.871,7.715,-8.652,2.670,2.902,1.076,1.291,0,NULL,NULL,,3,0,2,7,255,1045,250,0,0
stim,17014,47135,0,47135,3244439.455,0.806,0.310,0.178,0.472,0,0,0,0,0,0,0,0,55,1.195,1,2078,0,332.001,8.917,74.438,321.938,32.250,-0.445,0.277,0.867,0.578,8.898,-7.902,2.690,2.924,1.076,1.291,0,NULL,NULL,,3,0,2,7,255,1045,250,0,0
stim,17014,47135,0,47135,3244444.454,0.810,0.301,0.167,0.475,0,0,0,0,0,0,0,0,55,1.195,1,2078,0,343.427,9.249,68.875,335.938,18.563,-0.383,0.273,0.910,0.578,9.230,-7.055,2.716,2.952,1.076,1.291,0,NULL,NULL,,3,0,2,7,255,1045,250,0,0
stim,17014,47135,0,47135,3244449.455,0.813,0.291,0.156,0.479,0,0,0,0,0,0,0,0,55,1.195,1,2078,0,355.293,9.262,65.750,349.000,10.438,-0.305,0.285,0.938,0.758,9.230,-6.125,2.748,2.984,1.076,1.291,0,NULL,NULL,,3,0,2,7,255,1045,250,0,0
stim,17014,47135,0,47135,3244454.453,0.816,0.281,0.145,0.484,0,0,0,0,0,0,0,0,55,1.195,1,2078,0,365.657,8.907,63.188,360.125,4.750,-0.230,0.281,0.949,1.348,8.805,-5.262,2.782,3.020,1.076,1.291,0,NULL,NULL,,3,0,2,7,255,1045,250,0,0
stim,17014,47135,0,47135,3244459.455,0.819,0.271,0.133,0.488,0,0,0,0,0,0,0,0,55,1.195,1,2078,0,373.333,8.324,61.375,368.250,1.500,-0.188,0.215,0.910,1.504,8.188,-4.570,2.820,3.060,1.076,1.291,0,NULL,NULL,,3,0,2,7,255,1045,250,0,0
stim,17014,47135,0,47135,3244464.454,0.822,0.261,0.121,0.492,0,0,0,0,0,0,0,0,55,1.195,1,2078,0,377.694,7.401,65.313,372.000,1.813,-0.191,0.188,0.871,1.504,7.246,-4.230,2.862,3.102,1.076,1.291,0,NULL,NULL,,3,0,2,7,255,1045,250,0,0
stim,17014,47135,0,47135,3244469.455,0.824,0.250,0.110,0.497,0,0,0,0,0,0,0,0,55,1.195,1,2078,0,380.258,6.932,73.625,373.063,-0.438,-0.188,0.195,0.855,1.492,6.770,-4.211,2.904,3.146,1.076,1.291,0,NULL,NULL,,3,0,2,7,255,1045,250,0,0
stim,17046,47167,0,47167,3244474.454,0.826,0.239,0.098,0.501,0,0,0,0,0,0,0,0,55,1.195,1,2078,0,381.219,6.688,83.563,371.938,-2.813,-0.164,0.207,0.859,1.492,6.520,-4.168,2.946,3.192,1.076,1.291,0,NULL,NULL,,3,0,2,7,255,1045,250,0,0
stim,17046,47167,0,47167,3244479.455,0.828,0.227,0.087,0.505,0,0,0,0,0,0,0,1,55,1.195,1,2078,0,381.384,6.426,96.125,369.063,-2.563,-0.141,0.219,0.883,1.777,6.176,-3.898,2.986,3.234,1.076,1.291,0,NULL,NULL,,3,0,2,7,255,1045,250,0,0
stim,17046,47167,0,47167,3244484.454,0.830,0.215,0.076,0.508,0,0,0,0,0,0,0,3,55,1.195,1,2078,0,381.507,6.318,111.000,365.000,-1.188,-0.121,0.211,0.949,2.117,5.953,-3.461,3.026,3.274,1.076,1.291,0,NULL,NULL,,3,0,2,7,255,1045,250,0,0
stim,17046,47167,0,47167,3244489.455,0.832,0.203,0.066,0.511,0,0,0,0,0,0,0,6,55,1.195,1,2078,0,380.724,6.240,122.250,360.563,0.313,-0.105,0.203,1.031,2.270,5.813,-2.613,3.062,3.312,1.076,1.291,0,NULL,NULL,,3,0,2,7,255,1045,250,0,0
stim,17046,47167,0,47167,3244494.453,0.834,0.190,0.056,0.514,0,0,0,0,0,0,0,9,55,1.195,1,2078,0,379.067,6.233,130.688,355.813,3.188,-0.094,0.195,1.094,2.414,5.746,-1.641,3.094,3.344,1.076,1.291,0,NULL,NULL,,3,0,2,7,255,1045,250,0,0
stim,17046,47167,0,47167,3244499.455,0.836,0.177,0.047,0.517,0,0,0,0,0,0,0,7,55,1.195,1,2078,0,379.093,6.277,144.125,350.563,6.750,-0.098,0.207,1.215,2.527,5.746,-0.844,3.120,3.374,1.076,1.291,0,NULL,NULL,,3,0,2,7,255,1045,250,0,0
stim,17077,47198,0,47198,3244504.453,0.838,0.164,0.037,0.520,0,0,0,0,0,0,0,7,55,1.195,1,2078,0,377.505,6.448,147.125,347.625,4.625,-0.125,0.223,1.309,2.824,5.797,0.387,3.142,3.398,1.076,1.291,0,NULL,NULL,,3,0,2,7,255,1045,250,0,0
stim,17077,47198,1,47198,3244509.455,0.839,0.150,0.028,0.522,0,0,0,0,0,0,0,7,55,1.195,1,2078,0,373.475,6.529,145.125,344.125,0.625,-0.102,0.234,1.336,3.004,5.797,1.355,3.164,3.422,1.076,1.291,0,NULL,NULL,,3,1,2,7,255,1045,250,0,0
stim,17105,47226,1,47226,3244514.454,0.840,0.137,0.019,0.524,0,0,0,0,0,0,0,6,55,1.195,1,2078,0,373.849,6.482,151.688,341.688,1.938,-0.059,0.242,1.348,3.289,5.586,1.805,3.186,3.444,1.076,1.291,0,NULL,NULL,,3,1,2,7,255,1045,250,0,0
stim,17105,47226,1,47226,3244519.455,0.841,0.123,0.011,0.526,0,0,0,0,0,0,0,9,55,1.195,1,2078,0,375.690,6.072,164.063,337.938,4.938,-0.082,0.242,1.418,3.594,4.895,2.141,3.204,3.464,1.076,1.291,0,NULL,NULL,,3,1,2,7,255,1045,250,0,0
stim,17105,47226,1,47226,3244524.454,0.842,0.109,0.002,0.528,0,0,0,0,0,0,0,7,55,1.195,1,2078,0,377.939,6.072,176.813,333.938,7.813,-0.129,0.234,1.574,3.594,4.895,2.930,3.224,3.486,1.076,1.291,0,NULL,NULL,,3,1,2,7,255,1045,250,0,0
stim,17105,47226,1,47226,3244529.455,0.843,0.095,-0.006,0.530,0,0,0,0,0,0,0,6,55,1.195,1,2078,0,376.576,6.212,180.313,330.563,5.063,-0.184,0.250,1.723,3.594,5.066,4.531,3.246,3.510,1.076,1.291,0,NULL,NULL,,3,1,2,7,255,1045,250,0,0
stim,17130,47251,1,47251,3244534.454,0.843,0.081,-0.013,0.532,0,0,0,0,0,0,0,5,55,1.195,1,2078,0,372.563,6.307,180.125,326.125,-0.875,-0.191,0.270,1.840,3.633,5.156,6.023,3.270,3.534,1.076,1.291,0,NULL,NULL,,3,1,2,7,255,1045,250,0,0
stim,17130,47251,1,47251,3244539.455,0.843,0.067,-0.021,0.533,0,0,0,0,0,0,0,8,55,1.195,1,2078,0,366.988,6.471,176.875,321.500,-5.750,-0.172,0.281,1.914,3.910,5.156,7.285,3.294,3.560,1.076,1.291,0,NULL,NULL,,3,1,2,7,255,1045,250,0,0
stim,17130,47251,1,47251,3244544.453,0.843,0.053,-0.028,0.535,0,0,0,0,0,0,0,10,55,1.195,1,2078,0,362.388,6.173,175.750,316.813,-8.188,-0.152,0.277,1.965,4.191,4.531,8.172,3.318,3.586,1.076,1.291,0,NULL,NULL,,3,1,2,7,255,1045,250,0,0
stim,17130,47251,1,47251,3244549.455,0.842,0.039,-0.036,0.537,0,0,0,0,0,0,0,8,55,1.195,1,2078,0,360.362,5.664,178.188,313.000,-11.875,-0.145,0.262,2.023,4.195,3.805,8.824,3.344,3.612,1.076,1.291,0,NULL,NULL,,3,1,2,7,255,1045,250,0,0
stim,17130,47251,1,47251,3244554.453,0.841,0.025,-0.043,0.538,0,0,0,0,0,0,0,9,55,1.195,1,2078,0,361.019,5.203,182.000,311.188,-19.313,-0.109,0.227,2.082,4.195,3.078,9.516,3.370,3.640,1.076,1.291,0,NULL,NULL,,3,1,2,7,255,1045,250,0,0
stim,17130,47251,1,47251,3244559.455,0.840,0.011,-0.049,0.540,0,0,0,0,0,0,0,12,55,1.195,1,2078,0,363.163,4.512,186.688,310.375,-26.500,-0.051,0.145,2.133,4.047,1.996,10.219,3.394,3.666,1.076,1.291,0,NULL,NULL,,3,1,2,7,255,1045,250,0,0
stim,17130,47251,1,47251,3244564.454,0.838,-0.004,-0.056,0.542,0,0,0,0,0,0,0,25,55,1.195,1,2078,0,366.117,3.581,192.750,309.875,-29.438,0.016,0.055,2.152,3.547,0.492,10.828,3.416,3.688,1.076,1.291,0,NULL,NULL,,3,1,2,7,255,1045,250,0,0
stim,17130,47251,1,47251,3244569.455,0.836,-0.018,-0.063,0.544,0,0,0,0,0,0,0,37,55,1.195,1,2078,0,368.953,3.297,196.438,310.813,-30.563,0.121,0.047,2.078,3.094,-1.141,10.828,3.436,3.710,1.076,1.291,0,NULL,NULL,,3,1,2,7,255,1045,250,0,0
stim,17130,47251,1,47251,3244574.454,0.834,-0.033,-0.068,0.546,0,0,0,0,0,0,0,41,55,1.195,1,2078,0,378.447,4.018,217.500,308.313,-29.313,0.246,-0.063,2.020,2.977,-2.699,10.180,3.454,3.730,1.076,1.291,0,NULL,NULL,,3,1,2,7,255,1045,250,0,0
stim,17130,47251,1,47251,3244579.455,0.832,-0.049,-0.073,0.548,0,0,0,0,0,0,0,45,55,1.195,1,2078,0,396.435,5.619,249.875,306.250,-30.563,0.445,-0.074,2.063,2.895,-4.816,9.410,3.468,3.746,1.076,1.291,0,NULL,NULL,,3,1,2,7,255,1045,250,0,0
stim,17149,47270,1,47270,3244584.454,0.829,-0.067,-0.078,0.549,0,0,0,0,0,0,0,53,55,1.195,1,2078,0,414.941,7.901,283.188,302.000,-27.875,0.648,-0.137,2.188,2.895,-7.352,9.410,3.478,3.756,1.076,1.291,0,NULL,NULL,,3,1,2,7,255,1045,250,0,0
stim,17149,47270,1,47270,3244589.455,0.826,-0.085,-0.081,0.551,0,0,0,0,0,0,0,55,55,1.195,1,2078,0,433.078,10.687,311.125,300.125,-26.125,0.867,-0.133,2.352,2.945,-10.273,9.902,3.482,3.762,1.076,1.291,0,NULL,NULL,,3,1,2,7,255,1045,250,0,0
stim,17149,47270,1,47270,3244594.453,0.823,-0.104,-0.084,0.551,0,0,0,0,0,0,0,53,55,1.195,1,2078,0,445.447,13.689,332.063,296.563,-14.438,1.063,-0.160,2.512,3.570,-13.215,10.652,3.480,3.762,1.076,1.291,0,NULL,NULL,,3,1,2,7,255,1045,250,0,0
stim,17149,47270,1,47270,3244599.455,0.820,-0.123,-0.086,0.552,0,0,0,0,0,0,0,51,55,1.195,1,2078,0,456.788,16.542,349.125,294.500,-6.063,1.156,-0.188,2.645,3.570,-16.152,11.258,3.470,3.754,1.076,1.291,0,NULL,NULL,,3,1,2,7,255,1045,250,0,0
stim,17171,47292,1,47292,3244604.454,0.817,-0.143,-0.088,0.552,0,0,0,0,0,0,0,49,55,1.195,1,2078,0,466.291,18.504,363.875,291.563,-3.688,1.250,-0.164,2.832,3.410,-18.188,11.699,3.450,3.736,1.076,1.291,0,NULL,NULL,,3,1,2,7,255,1045,250,0,0
stim,17171,47292,1,47292,3244609.455,0.813,-0.163,-0.089,0.552,0,0,0,0,0,0,0,47,55,1.195,1,2078,0,461.092,20.576,360.625,287.313,-2.563,1.266,-0.160,2.977,3.352,-20.301,12.582,3.418,3.706,1.076,1.291,0,NULL,NULL,,3,1,2,7,255,1045,250,0,0
stim,17171,47292,1,47292,3244614.454,0.809,-0.182,-0.091,0.552,0,0,0,0,0,0,0,53,55,1.195,1,2078,0,446.739,21.942,345.313,283.188,-11.813,1.254,-0.063,3.121,3.227,-21.703,13.211,3.374,3.664,1.076,1.291,0,NULL,NULL,,3,1,2,7,255,1045,250,0,0
stim,17171,47292,1,47292,3244619.455,0.804,-0.200,-0.093,0.552,0,0,0,0,0,0,0,55,55,1.195,1,2078,0,429.834,22.858,327.375,276.938,-29.813,1.422,0.152,3.324,3.227,-22.629,14.016,3.316,3.608,1.076,1.291,0,NULL,NULL,,3,1,2,7,255,1045,250,0,0
stim,17213,47334,1,47334,3244624.454,0.799,-0.217,-0.096,0.553,0,0,0,0,0,0,0,67,55,1.195,1,2078,0,401.306,25.507,292.250,270.688,-48.625,1.770,0.309,3.496,5.156,-24.980,14.637,3.246,3.540,1.076,1.291,0,NULL,NULL,,3,1,2,7,255,1045,250,0,0
stim,17213,47334,1,47334,3244629.455,0.794,-0.231,-0.100,0.554,0,0,0,0,0,0,0,73,55,1.195,1,2078,0,353.241,29.833,229.813,262.500,-55.313,2.180,0.234,3.480,7.207,-28.949,14.637,3.164,3.458,1.076,1.291,0,NULL,NULL,,3,1,2,7,255,1045,250,0,0
stim,17213,47334,1,47334,3244634.454,0.790,-0.242,-0.106,0.553,0,0,0,0,0,0,0,93,55,1.195,1,2078,0,297.230,33.934,154.000,250.875,-41.125,2.551,0.027,3.168,7.207,-33.160,11.883,3.072,3.368,1.076,1.291,0,NULL,NULL,,3,1,2,7,255,1045,250,0,0
stim,17213,47334,1,47334,3244639.455,0.787,-0.250,-0.112,0.552,0,0,0,0,0,0,0,118,55,1.195,1,2078,0,256.374,36.525,91.750,238.688,-18.375,2.895,-0.148,2.594,7.121,-35.824,6.309,2.968,3.266,1.076,1.291,0,NULL,NULL,,3,1,2,7,255,1045,250,0,0
stim,17213,47334,1,47334,3244644.453,0.785,-0.258,-0.119,0.550,0,0,0,0,0,0,0,158,55,1.195,1,2078,0,234.977,37.200,61.750,226.688,-3.750,3.262,-0.301,1.961,7.121,-36.512,-1.254,2.854,3.154,1.076,1.291,0,NULL,NULL,,3,1,2,7,255,1045,250,0,0
stim,17213,47334,1,47334,3244649.455,0.783,-0.265,-0.124,0.548,0,0,0,0,0,0,0,189,55,1.195,1,2078,0,224.129,37.413,62.938,215.063,4.563,3.688,-0.551,1.398,7.273,-36.699,-9.324,2.726,3.026,1.076,1.291,0,NULL,NULL,,3,1,2,7,255,1045,250,0,0
stim,17213,47334,1,47334,3244654.454,0.781,-0.273,-0.129,0.546,0,0,0,0,0,0,0,211,55,1.195,1,2078,0,218.806,38.356,87.000,199.625,21.375,4.105,-0.922,0.969,7.273,-37.660,-17.301,2.584,2.884,1.076,1.291,0,NULL,NULL,,3,1,2,7,255,1045,250,0,0
stim,17213,47334,1,47334,3244659.455,0.780,-0.282,-0.132,0.543,0,0,0,0,0,0,0,221,55,1.195,1,2078,0,233.992,39.614,131.750,184.938,56.500,4.305,-1.180,0.605,5.820,-39.184,-24.480,2.428,2.730,1.076,1.291,0,NULL,NULL,,3,1,2,7,255,1045,250,0,0
stim,17232,47353,1,47353,3244664.454,0.779,-0.294,-0.131,0.539,0,0,0,0,0,0,0,227,55,1.195,1,2078,0,280.445,39.638,211.375,159.125,93.000,4.449,-1.574,0.492,4.691,-39.359,-29.758,2.264,2.566,1.076,1.291,0,NULL,NULL,,3,1,2,7,255,1045,250,0,0
stim,17232,47353,1,47353,3244669.455,0.778,-0.306,-0.127,0.534,0,0,0,0,0,0,0,228,55,1.195,1,2078,0,312.256,40.305,253.125,114.875,142.250,4.313,-2.313,1.059,2.098,-40.250,-31.000,2.094,2.396,1.076,1.291,0,NULL,NULL,,3,1,2,7,255,1045,250,0,0
stim,17232,47353,1,47353,3244674.454,0.777,-0.319,-0.121,0.529,0,0,0,0,0,0,0,229,55,1.195,1,2078,0,355.618,40.397,298.688,79.625,175.813,3.758,-1.918,1.309,-3.441,-40.250,-31.000,1.918,2.218,1.076,1.291,0,NULL,NULL,,3,1,2,7,255,1045,250,0,0
stim,17232,47353,1,47353,3244679.455,0.776,-0.332,-0.112,0.524,0,0,0,0,0,0,0,227,55,1.195,1,2078,0,374.996,40.366,330.313,20.188,176.375,2.918,-0.938,2.465,-3.441,-40.219,-25.684,1.738,2.036,1.076,1.291,0,NULL,NULL,,3,1,2,7,255,1045,250,0,0
stim,17254,47375,1,47375,3244684.454,0.776,-0.341,-0.103,0.520,0,0,0,0,0,0,0,223,55,1.195,1,2078,0,303.470,40.231,258.000,-19.188,158.625,3.082,-1.000,3.344,-0.977,-40.219,-9.645,1.552,1.848,1.076,1.291,0,NULL,NULL,,3,1,2,7,255,1045,250,0,0
stim,17254,47375,1,47375,3244689.455,0.779,-0.346,-0.094,0.514,0,0,0,0,0,0,0,205,55,1.195,1,2078,0,279.491,43.788,169.063,-57.750,214.938,2.531,-1.348,3.590,-0.977,-43.777,-4.406,1.362,1.654,1.076,1.291,0,NULL,NULL,,3,1,2,7,255,1045,250,0,0
stim,17254,47375,1,47375,3244694.453,0.783,-0.346,-0.088,0.510,0,0,0,0,0,0,0,186,55,1.195,1,2078,0,195.016,43.941,27.938,-98.250,166.125,1.320,-0.359,3.629,-3.793,-43.777,-1.273,1.166,1.458,1.076,1.291,0,NULL,NULL,,3,1,2,7,255,1045,250,0,0
stim,17254,47375,1,47375,3244699.455,0.785,-0.342,-0.084,0.509,0,0,0,22,0,0,0,357,55,1.195,1,2078,0,145.229,32.934,-38.813,-117.188,76.500,0.941,0.039,3.219,-3.793,-32.715,9.309,0.972,1.260,1.076,1.291,0,NULL,NULL,,3,1,2,7,255,1045,250,0,0
stim,17254,47375,1,47375,3244704.453,0.789,-0.345,-0.068,0.504,230,0,0,685,0,35,0,434,55,1.195,1,2078,0,390.016,26.515,199.188,-225.063,248.563,-1.180,-0.383,5.625,-3.793,-26.242,10.074,0.780,1.064,1.076,1.291,0,NULL,NULL,,3,1,2,7,255,1045,250,0,0
stim,17254,47375,1,47375,3244709.455,0.804,-0.335,-0.059,0.487,862,0,0,1263,0,285,0,483,55,1.195,1,2078,0,607.107,25.891,-224.438,-183.625,533.375,-1.676,3.148,6.859,-1.422,-25.852,36.047,0.592,0.868,1.076,1.291,0,NULL,NULL,,3,1,2,7,255,1045,250,0,0
stim,17314,47435,1,47435,3244714.454,0.824,-0.298,-0.073,0.476,1399,0,0,1663,0,541,0,571,55,1.195,1,2078,0,1049.892,17.826,-1012.688,-96.938,259.500,-2.223,3.660,3.059,3.164,-17.543,37.938,0.396,0.658,1.076,1.291,0,NULL,NULL,,3,1,2,7,255,1045,250,0,0
stim,17314,47435,1,47435,3244719.455,0.837,-0.259,-0.092,0.473,1819,0,0,1864,0,702,0,603,56,1.195,1,2079,0,1030.833,18.456,-1027.500,-82.813,1.438,-2.539,3.039,-1.551,12.668,13.422,37.938,0.232,0.436,1.076,1.291,1,1109.000,64.000,,3,1,2,7,255,1045,250,0,0
stim,17314,47435,1,47435,3244724.454,0.841,-0.236,-0.102,0.475,2067,0,0,1964,0,907,0,675,56,1.195,1,2079,0,596.198,38.344,-582.438,-66.063,-108.875,-2.113,1.941,-2.563,12.668,36.191,-3.367,0.224,0.260,1.076,1.291,1,NULL,NULL,,3,1,2,7,255,1045,250,0,0
stim,17314,47435,1,47435,3244729.455,0.840,-0.226,-0.104,0.482,2218,0,0,2057,0,1095,0,791,56,1.195,1,2079,0,293.704,36.650,-190.875,-118.875,-188.938,-0.367,0.102,-0.676,5.777,36.191,-13.988,0.280,0.192,1.076,1.291,1,NULL,NULL,,3,1,2,7,255,1045,250,0,0
stim,17314,47435,1,47435,3244734.454,0.839,-0.221,-0.102,0.486,2355,0,0,2119,0,1267,0,869,56,1.195,1,2079,0,152.782,8.494,-63.813,-109.313,-85.563,0.746,0.320,0.727,5.777,6.227,-13.988,0.318,0.216,1.076,1.291,1,NULL,NULL,,3,1,2,7,255,1045,250,0,0
stim,17314,47435,1,47435,3244739.455,0.842,-0.214,-0.099,0.485,2463,0,0,2229,0,1443,0,995,56,1.195,1,2079,0,177.106,6.303,-114.188,-124.813,52.438,0.461,1.633,1.125,6.188,-1.199,-5.523,0.336,0.274,1.076,1.291,2,NULL,NULL,,3,1,2,7,255,1045,250,0,0
stim,17314,47435,1,47435,3244744.453,0.846,-0.205,-0.098,0.483,2659,0,0,2444,0,1555,0,1048,56,1.195,1,2079,0,234.938,8.109,-186.125,-127.750,65.063,-0.504,1.277,1.336,8.020,-1.199,2.164,0.352,0.330,1.076,1.291,2,NULL,NULL,,3,1,2,7,255,1045,250,0,0
stim,17314,47435,1,47435,3244749.455,0.849,-0.191,-0.099,0.482,2797,0,0,2633,0,1591,0,1097,56,1.195,1,2079,0,317.064,8.951,-286.500,-135.250,12.438,-1.543,-0.680,0.891,8.020,3.977,2.164,0.384,0.380,1.076,1.291,2,NULL,NULL,,3,1,2,7,255,1045,250,0,0
stim,17314,47435,1,47435,3244754.454,0.853,-0.175,-0.100,0.482,2891,0,0,2765,0,1608,0,1199,56,1.195,1,2079,0,397.890,14.100,-358.125,-173.375,1.938,-1.684,-2.043,0.180,-13.527,3.977,2.141,0.430,0.428,1.076,1.291,2,NULL,NULL,,3,1,2,7,255,1045,250,0,0
stim,17314,47435,0,47435,3244759.455,0.852,-0.162,-0.099,0.487,2962,0,0,2869,0,1610,0,1323,56,1.195,1,2079,0,310.105,20.044,-220.125,-158.125,-150.688,-0.895,-1.805,-0.316,-19.887,2.508,-6.059,0.476,0.476,1.076,1.291,2,NULL,NULL,,3,0,2,7,255,1040,250,0,0
stim,17314,47435,0,47435,3244764.453,0.851,-0.157,-0.095,0.493,3004,0,0,2935,0,1615,0,1381,56,1.195,1,2079,0,213.519,19.893,-41.688,-166.313,-127.250,0.293,-1.203,0.188,-19.887,-0.504,-10.691,0.490,0.504,1.076,1.291,2,NULL,NULL,,3,0,2,7,255,1040,250,0,0
stim,17314,47435,0,47435,3244769.455,0.850,-0.154,-0.088,0.496,3037,0,0,3017,0,1641,0,1401,56,1.195,1,2079,0,182.796,12.378,45.188,-169.375,-51.813,0.703,-1.156,1.398,-8.840,-8.664,-10.691,0.464,0.508,1.076,1.291,2,NULL,NULL,,3,0,2,7,255,1040,250,0,0
stim,17367,47488,0,47488,3244774.454,0.852,-0.150,-0.082,0.495,3064,0,0,3053,0,1681,0,1392,56,1.195,1,2079,0,162.849,17.357,-30.688,-155.563,37.125,0.770,-1.363,2.027,-7.559,-15.625,-0.645,0.420,0.496,1.076,1.291,2,NULL,NULL,,3,0,2,7,255,1040,250,0,0
stim,17367,47488,0,47488,3244779.455,0.856,-0.142,-0.079,0.491,3081,0,0,3093,0,1784,0,1394,56,1.195,1,2079,0,249.863,17.300,-155.000,-154.063,121.125,0.559,-1.238,1.574,-7.426,-15.625,1.738,0.378,0.476,1.076,1.291,2,NULL,NULL,,3,0,2,7,255,1040,250,0,0
stim,17367,47488,0,47488,3244784.454,0.862,-0.132,-0.077,0.484,3099,0,0,3117,0,1876,0,1421,56,1.195,1,2079,0,307.123,16.899,-193.188,-147.250,187.938,0.063,-0.883,0.699,-7.426,-15.180,1.738,0.342,0.442,1.076,1.291,2,NULL,NULL,,3,0,2,7,255,1040,250,0,0
stim,17367,47488,0,47488,3244789.455,0.867,-0.124,-0.073,0.477,3111,0,0,3156,0,1983,17,1464,56,1.195,1,2079,0,285.266,9.886,-140.375,-149.063,198.625,-0.496,-0.551,0.445,-7.078,-6.902,-4.473,0.310,0.394,1.076,1.291,2,NULL,NULL,,3,0,2,7,255,1040,250,0,0
stim,17367,47488,0,47488,3244794.453,0.871,-0.119,-0.068,0.471,3119,0,0,3159,0,2087,35,1533,56,1.195,1,2079,0,227.365,6.923,-73.250,-154.063,150.313,-0.766,0.043,0.664,-6.922,-0.133,-4.473,0.286,0.336,1.076,1.291,2,NULL,NULL,,3,0,2,7,255,1040,250,0,0
stim,17367,47488,0,47488,3244799.455,0.873,-0.115,-0.063,0.469,3127,0,0,3179,0,2199,39,1720,56,1.195,1,2079,0,169.371,5.808,-35.375,-152.000,65.813,-0.617,0.609,1.121,-3.633,4.531,-1.750,0.272,0.274,1.076,1.291,2,NULL,NULL,,3,0,2,7,255,1040,250,0,0
stim,17367,47488,0,47488,3244804.454,0.874,-0.110,-0.059,0.469,3123,0,0,3171,107,2285,133,1913,56,1.195,1,2079,0,155.411,4.902,-55.875,-144.938,4.875,-0.297,0.555,1.461,1.871,4.531,2.824,0.266,0.222,1.076,1.291,2,NULL,NULL,,3,0,2,7,255,1040,250,0,0
stim,17367,47488,0,47488,3244809.455,0.874,-0.104,-0.056,0.471,3131,0,0,3179,429,2343,245,2073,56,1.195,1,2079,0,151.370,2.685,-84.313,-122.250,-29.313,0.113,0.055,1.984,1.871,1.926,5.293,0.260,0.186,1.076,1.291,2,NULL,NULL,,3,0,2,7,255,1040,250,0,0
stim,17404,47525,0,47525,3244814.453,0.873,-0.099,-0.056,0.474,3125,0,0,3188,793,2392,219,2157,56,1.195,1,2079,0,146.126,5.120,-107.188,-56.938,-81.375,0.535,-0.234,1.820,1.477,-4.902,6.418,0.256,0.166,1.076,1.291,2,NULL,NULL,,3,0,2,7,255,1040,250,0,0
stim,17404,47525,0,47525,3244819.455,0.873,-0.094,-0.056,0.476,3123,0,0,3191,1045,2424,229,2227,56,1.195,1,2079,0,121.380,7.150,-94.625,-49.438,-57.750,0.938,0.438,0.855,1.477,-6.996,6.418,0.258,0.154,1.076,1.291,2,NULL,NULL,,3,0,2,7,255,1040,250,0,0
stim,17404,47525,0,47525,3244824.454,0.872,-0.093,-0.055,0.477,3127,1,0,3189,1197,2451,243,2281,56,1.195,1,2079,0,40.689,10.140,-4.938,-35.438,-19.375,0.602,0.473,1.098,7.340,-6.996,0.000,0.268,0.140,1.076,1.291,2,NULL,NULL,,3,0,2,7,255,1040,250,0,0
stim,17404,47525,0,47525,3244829.455,0.873,-0.091,-0.055,0.476,3119,27,0,3193,1329,2463,264,2335,56,1.195,1,2079,0,47.771,8.638,-43.938,-18.188,4.563,-0.164,-0.492,1.539,7.340,-4.555,0.000,0.286,0.122,1.076,1.291,2,NULL,NULL,,3,0,2,7,255,1040,250,0,0
stim,17404,47525,0,47525,3244834.454,0.873,-0.086,-0.057,0.477,3123,40,0,3193,1447,2489,266,2375,56,1.195,1,2079,0,119.643,6.170,-114.188,-19.188,-30.125,-0.551,-0.496,1.051,-4.469,-4.254,0.977,0.310,0.104,1.076,1.291,2,NULL,NULL,,3,0,2,7,255,1040,250,0,0
stim,17404,47525,0,47525,3244839.455,0.871,-0.083,-0.058,0.481,3127,56,0,3195,1555,2490,263,2404,56,1.195,1,2079,0,119.058,4.471,-67.813,-15.875,-96.563,-0.289,-0.016,0.559,-4.469,-0.141,0.977,0.328,0.088,1.076,1.291,2,NULL,NULL,,3,0,2,7,255,1040,250,0,0
stim,17404,47525,0,47525,3244844.453,0.869,-0.082,-0.058,0.485,3120,106,0,3192,1619,2515,270,2429,56,1.195,1,2079,0,109.659,1.472,-0.938,-14.063,-108.750,0.207,0.000,0.844,-1.465,-0.141,-2.051,0.340,0.076,1.076,1.291,2,NULL,NULL,,3,0,2,7,255,1040,250,0,0
stim,17404,47525,0,47525,3244849.455,0.868,-0.081,-0.058,0.487,3119,118,0,3197,1679,2520,271,2457,56,1.195,1,2079,0,57.723,3.253,-11.188,-11.250,-55.500,0.270,-0.238,1.227,-0.129,-3.250,-2.051,0.346,0.066,1.076,1.291,2,NULL,NULL,,3,0,2,7,255,1040,250,0,0
stim,17427,47548,0,47548,3244854.454,0.868,-0.079,-0.059,0.487,3115,135,0,3184,1754,2525,250,2471,56,1.195,1,2079,0,60.269,3.253,-59.063,-7.938,-9.000,-0.035,-0.289,1.133,-0.129,-3.250,1.008,0.354,0.058,1.076,1.291,2,NULL,NULL,,3,0,2,7,255,1040,250,0,0
stim,17427,47548,0,47548,3244859.455,0.867,-0.076,-0.060,0.488,3127,160,0,3192,1803,2535,247,2491,56,1.195,1,2079,0,66.167,3.499,-62.125,-7.500,-21.500,-0.313,-0.023,0.820,-1.391,-3.211,1.008,0.364,0.050,1.076,1.291,2,NULL,NULL,,3,0,2,7,255,1040,250,0,0
stim,17427,47548,0,47548,3244864.453,0.866,-0.075,-0.060,0.490,3118,167,14,3195,1856,2532,245,2505,56,1.195,1,2079,0,66.128,1.635,-26.750,-8.938,-59.813,-0.211,0.121,0.836,-1.391,0.859,-1.348,0.372,0.042,1.076,1.291,2,NULL,NULL,,3,0,2,7,255,1040,250,0,0
stim,17427,47548,0,47548,3244869.455,0.865,-0.074,-0.060,0.493,3116,202,109,3187,1907,2529,232,2511,56,1.195,1,2079,0,66.523,0.865,-8.000,-6.813,-65.688,0.078,-0.094,1.035,0.102,0.859,-1.348,0.380,0.034,1.076,1.291,2,NULL,NULL,,3,0,2,7,255,1040,250,0,0
stim,17427,47548,0,47548,3244874.454,0.864,-0.073,-0.061,0.494,3125,191,171,3195,1947,2531,218,2509,56,1.195,1,2079,0,36.633,2.920,-17.500,-4.438,-31.875,0.148,-0.219,1.078,0.102,-2.918,0.008,0.384,0.028,1.076,1.291,2,NULL,NULL,,3,0,2,7,255,1040,250,0,0
stim,17427,47548,0,47548,3244879.455,0.864,-0.072,-0.061,0.494,3123,208,231,3187,1963,2533,190,2523,56,1.195,1,2079,0,26.318,2.920,-25.938,-4.313,1.125,-0.012,-0.066,0.992,-0.102,-2.918,0.008,0.390,0.024,1.076,1.291,2,NULL,NULL,,3,0,2,7,255,1040,250,0,0
stim,17449,47570,0,47570,3244884.453,0.864,-0.072,-0.061,0.494,3119,213,307,3183,1988,2535,183,2531,56,1.195,1,2079,0,16.392,1.952,-15.938,-3.500,-1.563,-0.191,0.051,0.934,-0.102,-1.949,-0.242,0.398,0.018,1.076,1.291,2,NULL,NULL,,3,0,2,7,255,1040,250,0,0
stim,17449,47570,0,47570,3244889.455,0.864,-0.071,-0.061,0.495,3131,201,325,3189,2005,2537,167,2531,56,1.195,1,2079,0,22.205,0.221,-3.250,-2.000,-21.875,-0.164,0.027,0.988,-0.078,-0.207,-0.242,0.406,0.010,1.076,1.291,2,NULL,NULL,,3,0,2,7,255,1040,250,0,0
stim,17449,47570,0,47570,3244894.454,0.864,-0.071,-0.061,0.495,3115,203,343,3175,2021,2537,167,2539,56,1.195,1,2079,0,18.873,0.214,-1.313,-2.750,-18.625,-0.047,-0.027,1.039,-0.055,-0.207,0.008,0.414,0.004,1.076,1.291,2,NULL,NULL,,3,0,2,7,255,1040,250,0,0
stim,17449,47570,0,47570,3244899.455,0.864,-0.071,-0.061,0.496,3113,199,364,3181,2029,2535,167,2536,56,1.216,1,2079,1,5.761,1.337,-2.813,-2.875,-4.125,-0.070,-0.031,1.039,-0.043,-1.336,0.285,0.000,0.000,1.124,1.301,2,NULL,NULL,,3,0,2,7,255,1040,250,0,0
stim,17471,47592,0,47592,3244904.454,0.864,-0.070,-0.061,0.495,3109,185,375,3191,2041,2536,163,2531,56,1.216,1,2079,1,5.272,1.340,-1.813,-3.438,3.563,-0.164,0.063,1.023,0.098,-1.336,0.309,0.006,0.004,1.124,1.301,2,NULL,NULL,,3,0,2,7,255,1040,250,0,0
stim,17471,47592,0,47592,3244909.455,0.864,-0.071,-0.061,0.496,3113,165,391,3173,2040,2525,165,2541,56,1.216,1,2079,1,6.919,0.286,3.313,-3.938,-4.625,-0.207,0.121,1.039,0.277,-0.070,0.359,0.012,0.008,1.124,1.301,2,NULL,NULL,,3,0,2,7,255,1040,250,0,0
stim,17471,47592,0,47592,3244914.454,0.863,-0.071,-0.060,0.496,3102,167,399,3160,2043,2531,157,2536,56,1.216,1,2079,1,14.721,0.528,4.688,-4.563,-13.188,-0.133,0.156,1.094,0.527,0.020,0.602,0.018,0.012,1.124,1.301,2,NULL,NULL,,3,0,2,7,255,1040,250,0,0
stim,17471,47592,0,47592,3244919.455,0.863,-0.071,-0.060,0.496,3089,156,416,3159,2053,2523,164,2541,56,1.216,1,2079,1,9.671,1.235,-1.625,-4.438,-8.438,-0.086,0.129,1.094,1.234,0.020,0.922,0.022,0.014,1.124,1.301,2,NULL,NULL,,3,0,2,7,255,1040,250,0,0
stim,17513,47634,0,47634,3244924.454,0.863,-0.070,-0.060,0.496,3090,151,456,3148,2063,2519,165,2543,56,1.216,1,2079,1,7.805,1.235,-5.375,-5.625,0.625,-0.137,0.145,1.047,1.234,0.020,0.922,0.026,0.016,1.124,1.301,2,NULL,NULL,,3,0,2,7,255,1040,250,0,0
stim,17513,47634,0,47634,3244929.455,0.863,-0.070,-0.060,0.496,3060,149,509,3127,2069,2519,165,2548,56,1.216,1,2079,1,8.612,1.078,-5.625,-6.375,-1.375,-0.238,0.156,1.020,1.074,0.094,0.570,0.028,0.018,1.124,1.301,2,NULL,NULL,,3,0,2,7,255,1040,250,0,0
stim,17513,47634,0,47634,3244934.454,0.863,-0.070,-0.059,0.497,3057,142,541,3116,2073,2513,173,2547,56,1.216,1,2079,1,15.353,1.400,-3.063,-7.125,-13.250,-0.203,0.191,1.023,1.074,0.898,0.477,0.032,0.018,1.124,1.301,2,NULL,NULL,,3,0,2,7,255,1040,250,0,0
stim,17513,47634,0,47634,3244939.455,0.863,-0.070,-0.059,0.498,3047,149,569,3111,2089,2495,175,2549,56,1.216,1,2079,1,20.767,1.409,-4.000,-6.688,-19.250,-0.090,0.117,1.039,1.086,0.898,0.461,0.036,0.020,1.124,1.301,2,NULL,NULL,,3,0,2,7,255,1040,250,0,0
stim,17513,47634,0,47634,3244944.454,0.862,-0.069,-0.059,0.498,3033,148,597,3097,2091,2500,204,2548,56,1.216,1,2079,1,13.921,1.216,-6.250,-5.688,-11.063,-0.023,0.098,1.031,1.141,-0.422,0.398,0.038,0.020,1.124,1.301,2,NULL,NULL,,3,0,2,7,255,1040,250,0,0
stim,17513,47634,0,47634,3244949.455,0.862,-0.069,-0.059,0.498,3023,155,619,3093,2091,2486,220,2535,56,1.216,1,2079,1,11.026,1.318,-8.375,-3.625,-6.188,-0.066,0.078,1.020,1.086,-0.746,0.223,0.040,0.022,1.124,1.301,2,NULL,NULL,,3,0,2,7,255,1040,250,0,0
stim,17513,47634,0,47634,3244954.453,0.862,-0.069,-0.059,0.499,3015,151,645,3065,2091,2477,223,2539,56,1.216,1,2079,1,10.273,1.201,-6.188,-2.063,-7.938,-0.105,0.113,0.992,0.941,-0.746,0.152,0.044,0.022,1.124,1.301,2,NULL,NULL,,3,0,2,7,255,1040,250,0,0
stim,17513,47634,0,47634,3244959.455,0.862,-0.068,-0.059,0.499,2986,154,650,3055,2085,2464,219,2531,56,1.216,1,2079,1,13.147,0.905,-4.375,-0.750,-12.375,-0.117,0.063,0.984,0.832,-0.355,-0.020,0.046,0.024,1.124,1.301,2,NULL,NULL,,3,0,2,7,255,1040,250,0,0
stim,17531,47652,0,47652,3244964.454,0.862,-0.068,-0.059,0.499,2967,153,661,3055,2100,2467,252,2532,56,1.216,1,2079,1,11.814,0.585,-4.625,-1.125,-10.813,-0.113,-0.008,0.961,0.465,-0.355,-0.098,0.048,0.024,1.124,1.301,2,NULL,NULL,,3,0,2,7,255,1040,250,0,0
stim,17531,47652,0,47652,3244969.455,0.862,-0.068,-0.059,0.500,2953,155,687,3043,2111,2459,263,2537,56,1.216,1,2079,1,7.333,0.586,-4.438,-2.125,-5.438,-0.160,-0.078,0.922,-0.148,-0.566,-0.340,0.050,0.026,1.124,1.301,2,NULL,NULL,,3,0,2,7,255,1040,250,0,0
stim,17531,47652,0,47652,3244974.454,0.862,-0.068,-0.059,0.500,2949,156,711,3021,2133,2451,285,2539,56,1.216,1,2079,1,6.404,1.119,-0.188,-5.188,-3.750,-0.207,-0.090,0.887,-0.965,-0.566,-0.656,0.052,0.026,1.124,1.301,2,NULL,NULL,,3,0,2,7,255,1040,250,0,0
stim,17531,47652,0,47652,3244979.455,0.861,-0.068,-0.058,0.500,2925,157,743,3003,2156,2451,307,2541,56,1.216,1,2079,1,12.275,1.161,7.188,-8.250,-5.563,-0.242,-0.051,0.895,-1.148,-0.168,-0.785,0.054,0.026,1.124,1.301,2,NULL,NULL,,3,0,2,7,255,1040,250,0,0
stim,17553,47674,0,47674,3244984.454,0.861,-0.068,-0.058,0.500,2903,159,791,2975,2191,2455,348,2555,56,1.216,1,2079,1,20.174,1.194,12.625,-11.313,-10.938,-0.230,0.016,0.941,-1.148,0.328,-0.785,0.056,0.026,1.124,1.301,2,NULL,NULL,,3,0,2,7,255,1040,250,0,0
stim,17553,47674,0,47674,3244989.455,0.861,-0.068,-0.057,0.501,2871,169,861,2973,2225,2451,373,2575,56,1.216,1,2079,1,22.882,0.614,13.000,-13.563,-13.063,-0.191,0.055,0.988,-0.520,0.328,-0.344,0.056,0.028,1.124,1.301,2,NULL,NULL,,3,0,2,7,255,1040,250,0,0
stim,17553,47674,0,47674,3244994.453,0.861,-0.068,-0.056,0.501,2847,173,923,2955,2265,2452,436,2587,56,1.216,1,2079,1,20.733,0.242,8.625,-15.313,-11.000,-0.168,0.059,1.004,0.008,0.242,0.063,0.058,0.028,1.124,1.301,2,NULL,NULL,,3,0,2,7,255,1040,250,0,0
stim,17553,47674,0,47674,3244999.455,0.861,-0.068,-0.056,0.502,2835,169,981,2924,2299,2457,451,2599,56,1.216,1,2079,1,19.966,0.184,5.750,-17.000,-8.750,-0.156,0.082,0.984,0.145,0.113,0.063,0.058,0.026,1.124,1.301,2,NULL,NULL,,3,0,2,7,255,1040,250,0,0
stim,17553,47674,0,47674,3245004.453,0.860,-0.068,-0.055,0.502,2799,173,1050,2895,2325,2461,501,2611,56,1.216,1,2079,1,20.329,0.209,4.625,-17.938,-8.375,-0.164,0.063,0.973,0.176,0.113,-0.027,0.058,0.024,1.124,1.301,2,NULL,NULL,,3,0,2,7,255,1040,250,0,0
stim,17553,47674,0,47674,3245009.455,0.860,-0.067,-0.054,0.503,2773,171,1120,2885,2351,2461,581,2629,56,1.216,1,2079,1,22.595,0.264,5.438,-18.438,-11.875,-0.156,0.066,0.980,0.238,0.113,-0.074,0.058,0.022,1.124,1.301,2,NULL,NULL,,3,0,2,7,255,1040,250,0,0
stim,17609,47730,0,47730,3245014.454,0.860,-0.067,-0.053,0.503,2747,187,1187,2855,2387,2469,667,2638,56,1.216,1,2079,1,24.654,0.258,5.875,-18.813,-14.813,-0.125,0.098,0.996,0.238,0.098,-0.074,0.058,0.018,1.124,1.301,2,NULL,NULL,,3,0,2,7,255,1040,250,0,0
stim,17609,47730,0,47730,3245019.455,0.860,-0.067,-0.052,0.504,2717,210,1241,2839,2427,2475,775,2653,56,1.216,1,2079,1,23.968,0.649,4.063,-18.500,-14.688,-0.098,0.094,1.008,0.648,-0.035,0.063,0.058,0.016,1.124,1.301,2,NULL,NULL,,3,0,2,7,255,1040,250,0,0
stim,17609,47730,0,47730,3245024.454,0.859,-0.067,-0.051,0.504,2679,235,1309,2823,2459,2473,869,2675,56,1.216,1,2079,1,22.211,0.715,0.813,-18.125,-12.813,-0.102,0.078,1.008,0.648,-0.301,0.113,0.058,0.012,1.124,1.301,2,NULL,NULL,,3,0,2,7,255,1040,250,0,0
stim,17609,47730,0,47730,3245029.455,0.859,-0.066,-0.051,0.505,2632,251,1439,2803,2491,2475,989,2681,56,1.216,1,2079,1,22.441,0.655,-2.563,-17.500,-13.813,-0.148,0.102,1.016,0.582,-0.301,0.129,0.060,0.008,1.124,1.301,2,NULL,NULL,,3,0,2,7,255,1040,250,0,0
stim,17609,47730,0,47730,3245034.454,0.859,-0.066,-0.050,0.506,2596,255,1575,2781,2527,2490,1095,2705,56,1.216,1,2079,1,26.716,0.608,-6.125,-17.688,-19.063,-0.176,0.129,1.023,0.582,0.176,0.289,0.062,0.006,1.124,1.301,2,NULL,NULL,,3,0,2,7,255,1040,250,0,0
stim,17609,47730,0,47730,3245039.455,0.858,-0.065,-0.050,0.507,2551,267,1669,2771,2565,2487,1233,2719,56,1.216,1,2079,1,33.865,0.871,-8.563,-17.813,-27.500,-0.180,0.137,1.031,0.668,0.559,0.387,0.064,0.006,1.124,1.301,2,NULL,NULL,,3,0,2,7,255,1040,250,0,0
stim,17630,47751,0,47751,3245044.453,0.858,-0.064,-0.049,0.508,2515,271,1768,2749,2587,2494,1367,2733,56,1.216,1,2079,1,41.237,0.913,-12.313,-17.875,-35.063,-0.156,0.141,1.043,0.723,0.559,0.469,0.064,0.006,1.124,1.301,2,NULL,NULL,,3,0,2,7,255,1040,250,0,0
stim,17630,47751,0,47751,3245049.455,0.857,-0.063,-0.049,0.509,2453,279,1877,2723,2623,2494,1451,2742,56,1.216,1,2079,1,46.520,0.833,-18.688,-17.563,-38.813,-0.117,0.090,1.043,0.723,0.414,0.480,0.066,0.006,1.124,1.301,2,NULL,NULL,,3,0,2,7,255,1040,250,0,0
stim,17630,47751,0,47751,3245054.454,0.856,-0.061,-0.049,0.511,2397,302,1979,2696,2649,2504,1555,2760,56,1.216,1,2079,1,49.433,0.653,-23.875,-17.563,-39.563,-0.113,0.051,1.035,0.641,-0.125,0.480,0.068,0.006,1.124,1.301,2,NULL,NULL,,3,0,2,7,255,1040,250,0,0
stim,17630,47751,0,47751,3245059.455,0.855,-0.060,-0.049,0.512,2336,313,2065,2665,2683,2504,1685,2773,56,1.216,1,2079,1,54.397,0.420,-30.938,-17.625,-41.125,-0.109,0.012,1.043,0.313,-0.281,0.445,0.068,0.008,1.124,1.301,2,NULL,NULL,,3,0,2,7,255,1040,250,0,0
stim,17630,47751,0,47751,3245064.454,0.854,-0.058,-0.049,0.514,2270,319,2165,2637,2713,2515,1769,2783,56,1.216,1,2079,1,60.729,0.470,-38.563,-17.875,-43.375,-0.137,-0.039,1.051,0.027,-0.469,0.445,0.070,0.010,1.124,1.301,2,NULL,NULL,,3,0,2,7,255,1040,250,0,0
stim,17630,47751,0,47751,3245069.455,0.854,-0.055,-0.050,0.516,2189,339,2247,2607,2733,2517,1863,2796,56,1.216,1,2079,1,71.037,0.699,-51.563,-19.188,-44.938,-0.137,-0.066,1.051,-0.504,-0.484,0.566,0.070,0.010,1.124,1.301,2,NULL,NULL,,3,0,2,7,255,1040,250,0,0
stim,17630,47751,0,47751,3245074.454,0.853,-0.052,-0.050,0.517,2117,339,2325,2568,2765,2515,1947,2809,56,1.216,1,2079,1,75.854,0.790,-57.125,-19.500,-45.938,-0.105,-0.066,0.973,-0.574,-0.543,0.566,0.070,0.012,1.124,1.301,2,NULL,NULL,,3,0,2,7,255,1040,250,0,0
stim,17630,47751,0,47751,3245079.455,0.852,-0.050,-0.051,0.519,2039,343,2395,2523,2779,2526,2039,2838,56,1.216,1,2079,1,68.142,0.881,-49.563,-20.438,-42.063,-0.074,-0.055,0.902,-0.574,-0.668,-0.223,0.070,0.014,1.124,1.301,2,NULL,NULL,,3,0,2,7,255,1040,250,0,0
stim,17652,47773,0,47773,3245084.454,0.851,-0.048,-0.051,0.520,1947,354,2471,2482,2803,2533,2123,2839,56,1.216,1,2079,1,55.379,0.798,-37.250,-22.688,-34.125,-0.090,-0.063,0.930,-0.438,-0.668,-0.672,0.070,0.014,1.124,1.301,2,NULL,NULL,,3,0,2,7,255,1040,250,0,0
stim,17652,47773,0,47773,3245089.455,0.851,-0.046,-0.051,0.521,1837,349,2533,2412,2823,2535,2181,2855,56,1.216,1,2079,1,49.743,0.795,-31.875,-24.250,-29.500,-0.125,-0.063,1.008,-0.438,-0.664,-0.672,0.070,0.014,1.124,1.301,2,NULL,NULL,,3,0,2,7,255,1040,250,0,0
stim,17652,47773,0,47773,3245094.453,0.850,-0.044,-0.051,0.522,1699,343,2579,2321,2840,2537,2248,2873,56,1.216,1,2079,1,54.218,0.689,-36.125,-26.250,-30.750,-0.168,-0.059,1.055,-0.539,-0.430,0.133,0.070,0.014,1.124,1.301,2,NULL,NULL,,3,0,2,7,255,1040,250,0,0
stim,17652,47773,0,47773,3245099.455,0.850,-0.042,-0.051,0.523,1551,329,2612,2228,2867,2527,2314,2890,56,1.216,1,2079,1,58.397,0.542,-37.938,-27.313,-35.000,-0.168,-0.039,1.016,-0.539,-0.055,0.281,0.068,0.014,1.124,1.301,2,NULL,NULL,,3,0,2,7,255,1040,250,0,0
stim,17680,47801,0,47801,3245104.454,0.849,-0.040,-0.050,0.525,1331,303,2653,2115,2875,2525,2385,2903,56,1.216,1,2079,1,58.017,0.470,-32.250,-29.375,-38.250,-0.141,0.027,0.973,-0.449,0.137,0.281,0.068,0.018,1.124,1.301,2,NULL,NULL,,3,0,2,7,255,1040,250,0,0
stim,17680,47801,0,47801,3245109.455,0.848,-0.038,-0.050,0.526,1189,278,2706,1994,2903,2525,2424,2915,56,1.216,1,2079,1,53.928,0.141,-26.000,-30.375,-36.188,-0.078,-0.031,1.035,0.035,0.137,0.281,0.068,0.020,1.124,1.301,2,NULL,NULL,,3,0,2,7,255,1040,250,0,0
stim,17708,47829,0,47829,3245114.454,0.848,-0.036,-0.049,0.527,1019,260,2745,1826,2917,2523,2475,2919,56,1.216,1,2079,1,51.587,0.517,-27.938,-32.188,-29.063,-0.086,-0.039,1.078,0.035,-0.516,0.344,0.068,0.022,1.124,1.301,2,NULL,NULL,,3,0,2,7,255,1040,250,0,0
stim,17708,47829,0,47829,3245119.456,0.847,-0.034,-0.049,0.528,850,226,2783,1655,2925,2520,2524,2923,56,1.216,1,2079,1,51.230,0.517,-31.313,-33.938,-22.188,-0.105,-0.023,1.066,0.031,-0.516,0.695,0.068,0.026,1.124,1.301,2,NULL,NULL,,3,0,2,7,255,1040,250,0,0
stim,17708,47829,0,47829,3245124.454,0.847,-0.032,-0.048,0.528,585,197,2805,1419,2949,2511,2575,2927,56,1.216,1,2079,1,53.481,0.252,-32.875,-35.563,-22.688,-0.117,-0.012,1.031,0.031,-0.250,0.695,0.070,0.028,1.124,1.301,2,NULL,NULL,,3,0,2,7,255,1040,250,0,0
stim,17709,47830,0,47830,3245129.455,0.847,-0.030,-0.047,0.529,392,111,2823,1241,2957,2501,2621,2937,56,1.216,1,2079,1,52.185,0.196,-28.125,-37.688,-22.625,-0.094,-0.016,0.996,0.086,-0.176,0.371,0.072,0.032,1.124,1.301,2,NULL,NULL,,3,0,2,7,255,1040,250,0,0
stim,17709,47830,0,47830,3245134.454,0.846,-0.028,-0.046,0.530,211,83,2851,981,2979,2495,2651,2961,56,1.216,1,2079,1,50.732,0.196,-21.750,-40.000,-22.375,-0.059,-0.039,0.992,0.086,-0.176,0.008,0.072,0.034,1.124,1.301,2,NULL,NULL,,3,0,2,7,255,1040,250,0,0
stim,17709,47830,0,47830,3245139.455,0.846,-0.026,-0.045,0.531,87,31,2867,765,2986,2477,2685,2969,56,1.216,1,2079,1,48.623,0.537,-15.875,-42.125,-18.375,-0.031,-0.008,1.027,0.137,-0.520,0.008,0.072,0.036,1.124,1.301,2,NULL,NULL,,3,0,2,7,255,1040,250,0,0
stim,17709,47830,0,47830,3245144.453,0.846,-0.025,-0.043,0.531,26,19,2892,505,3004,2456,2706,2959,56,1.216,1,2079,1,47.330,0.692,-11.563,-44.125,-12.625,-0.063,0.082,1.090,0.457,-0.520,0.234,0.074,0.040,1.124,1.301,2,NULL,NULL,,3,0,2,7,255,1040,250,0,0
stim,17709,47830,0,47830,3245149.455,0.845,-0.023,-0.042,0.532,0,0,2898,372,3017,2428,2735,2973,56,1.216,1,2079,1,54.924,1.184,-20.500,-45.500,-22.938,-0.055,0.145,1.082,1.184,0.039,0.742,0.074,0.040,1.124,1.301,2,NULL,NULL,,3,0,2,7,255,1040,250,0,0
stim,17729,47850,0,47850,3245154.454,0.845,-0.022,-0.040,0.533,0,0,2907,253,3017,2407,2749,2973,56,1.216,1,2079,1,54.528,1.218,-7.000,-49.938,-20.750,-0.148,0.063,1.121,1.184,0.289,0.832,0.074,0.042,1.124,1.301,2,NULL,NULL,,3,0,2,7,255,1040,250,0,0
stim,17729,47850,0,47850,3245159.455,0.845,-0.021,-0.038,0.533,0,0,2923,187,3031,2383,2799,2985,56,1.216,1,2079,1,60.219,0.998,13.125,-58.438,-6.250,-0.270,-0.027,1.273,0.641,0.766,1.242,0.074,0.044,1.124,1.301,2,NULL,NULL,,3,0,2,7,255,1040,250,0,0
stim,17729,47850,0,47850,3245164.454,0.845,-0.021,-0.035,0.533,0,0,2931,142,3039,2375,2827,2986,56,1.216,1,2079,1,71.516,1.530,23.938,-66.813,-8.813,-0.434,-0.168,1.469,-0.602,1.406,2.859,0.074,0.044,1.124,1.301,2,NULL,NULL,,3,0,2,7,255,1040,250,0,0
stim,17729,47850,0,47850,3245169.455,0.845,-0.020,-0.031,0.534,0,0,2940,137,3055,2323,2847,2993,56,1.216,1,2079,1,91.556,2.721,44.688,-79.313,-9.750,-0.465,-0.066,1.773,-1.598,2.203,4.922,0.074,0.046,1.124,1.301,2,NULL,NULL,,3,0,2,7,255,1040,250,0,0
stim,17729,47850,0,47850,3245174.455,0.845,-0.018,-0.028,0.534,0,0,2953,79,3066,2281,2864,2992,56,1.216,1,2079,0,87.730,2.721,-7.188,-87.375,-3.250,-0.195,0.215,1.766,-1.598,2.203,7.520,0.074,0.046,1.124,1.301,3,NULL,NULL,,3,0,2,7,255,1040,250,0,0
stim,17729,47850,0,47850,3245179.455,0.845,-0.014,-0.027,0.534,0,0,2965,16,3078,2217,2891,2997,56,1.216,1,2079,0,112.015,2.635,-72.375,-85.375,-4.500,-0.063,0.176,1.387,1.980,1.738,7.520,0.076,0.044,1.124,1.301,3,NULL,NULL,,3,0,2,7,255,1040,250,0,0
stim,17748,47869,0,47869,3245184.454,0.846,-0.010,-0.025,0.533,0,0,2956,0,3087,2167,2907,2987,56,1.216,1,2079,0,115.532,2.344,-61.813,-94.250,25.375,-0.121,0.137,1.141,1.980,1.254,3.715,0.076,0.044,1.124,1.301,3,NULL,NULL,,3,0,2,7,255,1040,250,0,0
stim,17748,47869,0,47869,3245189.455,0.847,-0.006,-0.022,0.531,0,0,2967,0,3087,2075,2919,3001,56,1.216,1,2079,0,113.804,1.796,-28.938,-102.875,39.125,-0.246,0.113,1.133,1.285,1.254,1.363,0.076,0.044,1.124,1.301,3,NULL,NULL,,3,0,2,7,255,1040,250,0,0
stim,17748,47869,0,47869,3245194.453,0.848,-0.004,-0.018,0.530,0,0,2963,0,3089,1973,2935,2987,56,1.216,1,2079,0,112.959,2.395,-14.688,-109.000,25.750,-0.336,-0.020,1.207,0.492,2.344,1.363,0.072,0.050,1.124,1.301,3,NULL,NULL,,3,0,2,7,255,1040,250,0,0
stim,17748,47869,0,47869,3245199.455,0.848,-0.001,-0.014,0.529,0,0,2957,0,3093,1843,2949,2985,56,1.216,1,2079,0,116.912,2.575,-10.125,-115.688,13.500,-0.316,-0.168,1.297,-1.066,2.344,2.117,0.066,0.058,1.124,1.301,3,NULL,NULL,,3,0,2,7,255,1040,250,0,0
stim,17773,47894,0,47894,3245204.454,0.849,0.003,-0.011,0.529,0,0,2957,0,3097,1705,2964,2983,56,1.216,1,2079,0,123.717,3.003,-15.625,-122.063,12.750,-0.277,-0.254,1.316,-2.277,1.957,3.043,0.062,0.068,1.124,1.301,3,NULL,NULL,,3,0,2,7,255,1040,250,0,0
stim,17773,47894,0,47894,3245209.455,0.849,0.007,-0.007,0.528,0,0,2953,0,3103,1531,2984,2983,56,1.216,1,2079,0,130.584,3.152,-21.500,-128.125,13.188,-0.242,-0.258,1.238,-2.840,1.367,3.043,0.062,0.076,1.124,1.301,3,NULL,NULL,,3,0,2,7,255,1040,250,0,0
stim,17773,47894,0,47894,3245214.454,0.850,0.010,-0.003,0.527,0,0,2939,0,3107,1331,2989,2979,56,1.216,1,2079,0,136.541,3.062,-22.438,-133.875,14.750,-0.203,-0.207,1.164,-2.840,1.145,2.457,0.064,0.082,1.124,1.301,3,NULL,NULL,,3,0,2,7,255,1040,250,0,0
stim,17773,47894,0,47894,3245219.455,0.850,0.014,0.002,0.526,0,0,2927,0,3115,1107,2991,2963,56,1.216,1,2079,0,141.658,2.552,-16.813,-139.500,18.000,-0.188,-0.137,1.102,-2.281,1.145,1.680,0.066,0.090,1.124,1.301,3,NULL,NULL,,3,0,2,7,255,1040,250,0,0
stim,17812,47933,0,47933,3245224.454,0.851,0.018,0.007,0.526,0,0,2909,0,3123,887,3007,2957,56,1.216,1,2079,0,145.852,2.246,-4.125,-145.000,15.188,-0.230,-0.113,1.055,-1.738,1.422,0.996,0.064,0.100,1.124,1.301,3,NULL,NULL,,3,0,2,7,255,1040,250,0,0
stim,17812,47933,0,47933,3245229.455,0.851,0.021,0.013,0.525,0,0,2891,0,3113,613,3003,2936,56,1.216,1,2079,0,154.035,2.629,11.438,-153.250,10.500,-0.242,-0.168,1.086,-1.738,1.973,0.801,0.060,0.110,1.124,1.301,3,NULL,NULL,,3,0,2,7,255,1040,250,0,0
stim,17812,47933,0,47933,3245234.454,0.851,0.023,0.019,0.524,0,0,2867,0,3118,457,3012,2919,56,1.216,1,2079,0,161.722,3.039,23.625,-159.938,4.000,-0.230,-0.188,1.168,-2.309,1.977,0.801,0.050,0.122,1.124,1.301,3,NULL,NULL,,3,0,2,7,255,1040,250,0,0
stim,17812,47933,0,47933,3245239.455,0.851,0.026,0.026,0.524,0,0,2843,0,3128,254,3023,2909,56,1.216,1,2079,0,170.586,3.039,27.625,-168.313,-2.688,-0.195,-0.152,1.227,-2.309,1.977,1.566,0.042,0.134,1.124,1.301,3,NULL,NULL,,3,0,2,7,255,1040,250,0,0
stim,17812,47933,0,47933,3245244.453,0.851,0.029,0.033,0.524,0,0,2793,0,3125,111,3027,2887,56,1.216,1,2079,0,178.073,2.916,28.938,-175.688,-2.563,-0.133,-0.051,1.281,-2.145,1.977,2.125,0.034,0.148,1.124,1.301,3,NULL,NULL,,3,0,2,7,255,1040,250,0,0
stim,17812,47933,0,47933,3245249.455,0.851,0.032,0.040,0.523,0,0,2740,0,3120,40,3039,2856,56,1.216,1,2079,0,188.142,2.339,29.750,-185.563,8.875,-0.117,0.078,1.359,-1.082,2.074,2.605,0.032,0.160,1.124,1.301,3,NULL,NULL,,3,0,2,7,255,1040,250,0,0
stim,17812,47933,0,47933,3245254.454,0.851,0.035,0.048,0.522,0,0,2687,0,3132,0,3035,2808,56,1.216,1,2079,0,197.960,2.766,31.438,-194.750,16.500,-0.152,0.230,1.484,-0.012,2.766,3.266,0.034,0.172,1.124,1.301,3,NULL,NULL,,3,0,2,7,255,1040,250,0,0
stim,17812,47933,0,47933,3245259.455,0.851,0.039,0.056,0.520,0,0,2615,0,3119,0,3029,2767,56,1.216,1,2079,0,208.019,4.198,27.625,-205.438,17.438,-0.230,0.301,1.648,1.027,4.070,4.367,0.042,0.186,1.124,1.301,3,NULL,NULL,,3,0,2,7,255,1040,250,0,0
stim,17831,47952,0,47952,3245264.453,0.851,0.044,0.064,0.519,0,0,2537,0,3125,0,3027,2719,56,1.216,1,2079,0,217.721,5.595,11.875,-217.063,12.063,-0.281,0.285,1.863,1.027,5.500,5.750,0.054,0.202,1.124,1.301,3,NULL,NULL,,3,0,2,7,255,1040,250,0,0
stim,17831,47952,0,47952,3245269.455,0.851,0.049,0.073,0.518,0,0,2441,0,3106,0,3035,2669,56,1.216,1,2079,0,231.014,6.459,-2.875,-230.688,11.938,-0.402,0.176,2.090,0.473,6.441,7.688,0.066,0.218,1.124,1.301,3,NULL,NULL,,3,0,2,7,255,1040,250,0,0
stim,17831,47952,0,47952,3245274.454,0.850,0.055,0.082,0.517,0,0,2315,0,3097,0,3027,2591,56,1.216,1,2079,0,252.577,7.810,-14.688,-251.375,19.750,-0.492,0.254,2.309,-1.262,7.707,9.598,0.080,0.234,1.124,1.301,3,NULL,NULL,,3,0,2,7,255,1040,250,0,0
stim,17831,47952,0,47952,3245279.455,0.850,0.063,0.091,0.515,0,0,2160,0,3083,0,3015,2511,56,1.216,1,2079,0,278.156,9.692,-29.125,-275.313,26.938,-0.527,0.508,2.445,-1.262,9.609,11.324,0.098,0.252,1.124,1.301,3,NULL,NULL,,3,0,2,7,255,1040,250,0,0
stim,17854,47975,0,47975,3245284.454,0.850,0.071,0.101,0.512,0,0,2010,0,3059,0,2989,2409,56,1.216,1,2079,0,308.067,11.796,-51.125,-301.750,35.188,-0.523,0.805,2.535,0.500,11.785,12.203,0.116,0.272,1.124,1.301,3,NULL,NULL,,3,0,2,7,255,1040,250,0,0
stim,17854,47975,0,47975,3245289.455,0.849,0.082,0.111,0.510,0,0,1846,0,3037,31,2967,2285,56,1.216,1,2079,0,335.065,14.156,-79.000,-323.813,34.250,-0.598,0.910,2.605,2.824,13.871,12.625,0.138,0.296,1.124,1.301,3,NULL,NULL,,3,0,2,7,255,1040,250,0,0
stim,17854,47975,0,47975,3245294.453,0.848,0.094,0.121,0.508,0,0,1727,0,3015,39,2941,2149,56,1.216,1,2079,0,366.100,16.024,-114.875,-345.938,34.063,-0.703,0.875,2.684,2.824,15.773,12.625,0.166,0.324,1.124,1.301,3,NULL,NULL,,3,0,2,7,255,1040,250,0,0
stim,17854,47975,0,47975,3245299.455,0.846,0.107,0.131,0.505,0,0,1623,0,2975,48,2900,2009,56,1.216,1,2079,0,396.640,17.588,-143.813,-368.813,24.875,-0.746,0.926,2.715,2.355,17.430,12.578,0.200,0.360,1.124,1.301,3,NULL,NULL,,3,0,2,7,255,1040,250,0,0
stim,17854,47975,0,47975,3245304.454,0.843,0.122,0.142,0.504,0,0,1529,0,2942,45,2845,1868,56,1.216,1,2079,0,422.757,19.045,-165.125,-389.125,6.250,-0.766,1.027,2.727,2.355,18.898,12.105,0.240,0.400,1.124,1.301,3,NULL,NULL,,3,0,2,7,255,1040,250,0,0
stim,17854,47975,0,47975,3245309.455,0.840,0.138,0.153,0.502,0,0,1437,0,2873,43,2763,1734,56,1.216,1,2079,0,445.247,20.421,-181.125,-406.688,-6.625,-0.805,0.922,2.699,2.355,20.285,11.332,0.288,0.448,1.124,1.301,3,NULL,NULL,,3,0,2,7,255,1040,250,0,0
stim,17914,48035,0,48035,3245314.453,0.836,0.154,0.165,0.501,0,0,1311,0,2809,22,2661,1615,56,1.216,1,2079,0,468.395,20.935,-181.813,-431.438,-14.125,-0.867,0.680,2.695,2.035,20.836,10.273,0.344,0.502,1.124,1.301,3,NULL,NULL,,3,0,2,7,255,1040,250,0,0
stim,17914,48035,0,48035,3245319.455,0.831,0.170,0.177,0.499,0,0,1156,0,2727,0,2503,1453,56,1.216,1,2079,0,487.939,21.066,-176.313,-454.750,-14.188,-0.906,0.656,2.762,-0.375,21.063,9.406,0.408,0.564,1.124,1.301,3,NULL,NULL,,3,0,2,7,255,1040,250,0,0
stim,17914,48035,0,48035,3245324.454,0.825,0.187,0.191,0.498,0,0,985,0,2615,0,2293,1303,56,1.216,1,2079,0,498.266,22.360,-173.750,-465.625,-35.688,-0.867,0.547,2.895,-0.852,22.344,9.406,0.480,0.634,1.124,1.301,3,NULL,NULL,,3,0,2,7,255,1040,250,0,0
stim,17914,48035,0,48035,3245329.455,0.819,0.203,0.204,0.497,0,0,809,0,2460,0,2007,1116,56,1.216,1,2079,0,506.271,22.418,-170.563,-473.125,-58.063,-0.695,0.215,3.023,-1.820,22.344,9.406,0.562,0.714,1.124,1.301,3,NULL,NULL,,3,0,2,7,255,1040,250,0,0
stim,17914,48035,0,48035,3245334.454,0.812,0.219,0.218,0.495,0,0,637,0,2248,0,1683,939,56,1.216,1,2079,0,519.025,22.387,-174.000,-486.750,-46.750,-0.613,-0.176,2.969,-4.188,21.992,10.477,0.650,0.800,1.124,1.301,3,NULL,NULL,,3,0,2,7,255,1040,250,0,0
stim,17914,48035,0,48035,3245339.455,0.805,0.237,0.232,0.491,0,0,393,0,1975,0,1209,800,56,1.216,1,2079,0,544.026,21.777,-199.000,-506.313,-3.250,-0.578,-0.512,2.559,-7.305,20.516,10.477,0.744,0.894,1.124,1.301,3,NULL,NULL,,3,0,2,7,255,1040,250,0,0
stim,17914,48035,0,48035,3245344.453,0.798,0.255,0.245,0.487,0,0,191,0,1661,0,665,664,56,1.216,1,2079,0,555.712,19.589,-198.750,-518.938,4.313,-0.371,-0.590,1.863,-8.902,17.449,7.105,0.844,0.994,1.124,1.301,3,NULL,NULL,,3,0,2,7,255,1040,250,0,0
stim,17914,48035,0,48035,3245349.455,0.791,0.271,0.261,0.482,0,0,93,0,1251,0,235,519,56,1.216,1,2079,0,544.915,15.096,-128.375,-529.563,-3.938,-0.230,-0.480,1.414,-8.902,12.191,2.563,0.946,1.100,1.124,1.301,3,NULL,NULL,,3,0,2,7,255,1040,250,0,0
stim,17914,48035,0,48035,3245354.454,0.785,0.284,0.278,0.475,0,0,43,0,755,0,0,414,56,1.216,1,2079,0,527.943,14.043,-35.000,-526.375,20.688,-0.207,0.031,1.566,-6.969,12.191,-0.539,1.050,1.206,1.124,1.301,3,NULL,NULL,,3,0,2,7,255,1040,250,0,0
stim,17914,48035,0,48035,3245359.455,0.781,0.295,0.295,0.465,0,0,22,0,203,0,0,348,56,1.216,1,2079,0,529.205,12.663,17.688,-524.063,71.438,-0.566,0.293,2.063,-2.875,12.332,-0.867,1.152,1.310,1.124,1.301,3,NULL,NULL,,3,0,2,7,255,1040,250,0,0
stim,17915,48036,0,48036,3245364.453,0.778,0.308,0.310,0.452,0,0,0,0,0,0,0,302,56,1.216,1,2079,0,565.303,19.371,-3.000,-537.688,174.500,-1.117,0.215,2.227,-2.875,19.156,-1.391,1.250,1.410,1.124,1.301,3,NULL,NULL,,3,0,2,7,255,1040,250,0,0
stim,17915,48036,0,48036,3245369.455,0.773,0.324,0.324,0.438,0,0,0,0,0,0,0,225,56,1.216,1,2079,0,568.560,23.156,-81.500,-530.375,187.938,-1.238,0.559,1.938,-3.695,22.859,-5.250,1.340,1.504,1.124,1.301,4,NULL,NULL,,3,0,2,7,255,1040,250,0,0
stim,17945,48066,0,48066,3245374.454,0.766,0.341,0.334,0.430,0,0,0,5,0,0,0,111,56,1.216,1,2079,0,526.146,23.156,-198.250,-475.250,108.000,-0.758,1.215,1.375,-3.695,22.859,-9.699,1.422,1.590,1.124,1.301,0,NULL,NULL,,3,0,2,7,255,1040,250,0,0
stim,17945,48066,0,48066,3245379.455,0.757,0.362,0.338,0.426,0,0,0,0,0,0,0,94,56,1.216,1,2079,0,535.705,19.299,-366.063,-377.875,100.938,-0.629,1.711,0.508,4.984,18.645,-11.563,1.504,1.676,1.124,1.301,0,NULL,NULL,,3,0,2,7,255,1040,250,0,0
stim,17945,48066,0,48066,3245384.453,0.748,0.384,0.335,0.425,0,0,0,0,0,0,0,81,56,1.216,1,2079,0,555.768,16.997,-481.125,-249.813,122.438,-0.328,2.148,-0.969,11.547,12.473,-16.984,1.594,1.766,1.124,1.301,0,NULL,NULL,,3,0,2,7,255,1040,250,0,0
stim,17945,48066,0,48066,3245389.455,0.743,0.396,0.334,0.423,0,0,0,0,0,0,0,37,56,1.216,1,2079,0,284.801,11.556,-235.938,-140.750,75.063,-0.363,1.098,-1.285,11.547,-0.461,-21.930,1.692,1.868,1.124,1.301,0,NULL,NULL,,3,0,2,7,255,1040,250,0,0
stim,17945,48066,0,48066,3245394.454,0.746,0.393,0.337,0.419,0,0,0,0,0,0,0,37,56,1.216,1,2079,0,166.938,9.757,149.375,-56.000,49.188,-0.820,-0.910,0.215,9.746,-0.461,-21.930,1.802,1.978,1.124,1.301,0,NULL,NULL,,3,0,2,7,255,1040,250,0,0
stim,17945,48066,0,48066,3245399.455,0.750,0.387,0.340,0.416,0,0,0,0,0,0,0,39,56,1.216,1,2079,0,182.432,11.941,180.688,16.063,19.375,-1.355,-1.512,2.145,-11.789,1.898,-12.719,1.912,2.092,1.124,1.301,0,NULL,NULL,,3,0,2,7,255,1040,250,0,0
stim,17980,48101,0,48101,3245404.453,0.750,0.385,0.337,0.419,0,0,0,0,0,0,0,21,56,1.216,1,2079,0,104.356,23.181,-25.313,97.625,-26.813,-1.484,-0.527,2.289,-14.309,18.238,-9.754,2.018,2.198,1.124,1.301,0,NULL,NULL,,3,0,2,7,255,1040,250,0,0
stim,17980,48101,0,48101,3245409.455,0.749,0.387,0.329,0.426,0,0,0,0,0,0,0,13,56,1.216,1,2079,0,243.615,23.181,-173.188,163.250,-52.000,-1.172,0.898,1.199,-14.309,18.238,-9.754,2.104,2.284,1.124,1.301,0,NULL,NULL,,3,0,2,7,255,1040,250,0,0
stim,18013,48134,0,48134,3245414.453,0.748,0.388,0.321,0.433,0,0,0,0,0,0,0,10,56,1.216,1,2079,0,249.891,17.348,-143.875,200.250,-40.563,-0.953,1.641,0.508,1.379,17.293,-16.465,2.166,2.346,1.124,1.301,0,NULL,NULL,,3,0,2,7,255,1040,250,0,0
stim,18013,48134,0,48134,3245419.455,0.749,0.385,0.313,0.438,0,0,0,0,0,0,0,10,56,1.216,1,2079,0,224.431,16.276,-59.125,214.813,-27.000,-0.965,1.461,0.715,8.141,14.094,-18.504,2.210,2.392,1.124,1.301,0,NULL,NULL,,3,0,2,7,255,1040,250,0,0
stim,18013,48134,0,48134,3245424.454,0.751,0.382,0.305,0.444,0,0,0,0,0,0,0,13,56,1.216,1,2079,0,236.602,16.276,-63.438,225.313,-34.500,-0.996,0.758,1.227,8.141,14.094,-18.504,2.252,2.432,1.124,1.301,0,NULL,NULL,,3,0,2,7,255,1040,250,0,0
stim,18013,48134,0,48134,3245429.455,0.750,0.382,0.296,0.452,0,0,0,0,0,0,0,18,56,1.216,1,2079,0,281.934,14.186,-151.563,233.250,-45.938,-0.863,0.301,1.148,1.438,14.113,-13.820,2.294,2.478,1.124,1.301,0,NULL,NULL,,3,0,2,7,255,1040,250,0,0
stim,18013,48134,0,48134,3245434.454,0.748,0.384,0.284,0.460,0,0,0,0,0,0,0,25,56,1.216,1,2079,0,324.470,14.118,-219.625,235.438,-40.188,-0.617,0.277,0.516,-0.355,14.113,-12.707,2.338,2.524,1.124,1.301,0,NULL,NULL,,3,0,2,7,255,1040,250,0,0
stim,18013,48134,0,48134,3245439.455,0.747,0.386,0.273,0.467,0,0,0,0,0,0,0,43,56,1.216,1,2079,0,317.857,7.739,-215.750,232.563,-20.000,-0.422,0.375,-0.113,-0.355,7.730,-12.707,2.380,2.568,1.124,1.301,0,NULL,NULL,,3,0,2,7,255,1040,250,0,0
stim,18013,48134,0,48134,3245444.454,0.747,0.386,0.262,0.473,0,0,0,0,0,0,0,61,56,1.216,1,2079,0,280.226,2.453,-162.125,228.563,1.000,-0.336,0.336,-0.520,1.520,1.926,-14.852,2.416,2.606,1.124,1.301,0,NULL,NULL,,3,0,2,7,255,1040,250,0,0
stim,18013,48134,0,48134,3245449.455,0.748,0.385,0.253,0.478,0,0,0,0,0,0,0,69,56,1.216,1,2079,0,247.169,2.429,-95.563,227.438,15.250,-0.277,0.266,-0.641,1.520,-1.895,-16.273,2.454,2.644,1.124,1.301,0,NULL,NULL,,3,0,2,7,255,1040,250,0,0
stim,18013,48134,0,48134,3245454.453,0.750,0.382,0.244,0.482,0,0,0,0,0,0,0,62,56,1.216,1,2079,0,237.327,3.317,-45.438,231.125,29.000,-0.203,0.262,-0.582,1.227,-3.082,-16.273,2.496,2.686,1.124,1.301,0,NULL,NULL,,3,0,2,7,255,1040,250,0,0
stim,18013,48134,0,48134,3245459.455,0.753,0.377,0.235,0.484,0,0,0,0,0,0,0,56,56,1.216,1,2079,0,241.318,3.317,-8.500,235.875,50.250,-0.164,0.258,-0.496,1.227,-3.082,-15.500,2.538,2.730,1.124,1.301,0,NULL,NULL,,3,0,2,7,255,1040,250,0,0
stim,18013,48134,0,48134,3245464.454,0.758,0.372,0.227,0.486,0,0,0,0,0,0,0,37,56,1.216,1,2079,0,252.836,2.785,27.813,240.063,74.313,-0.203,0.242,-0.375,1.227,-2.500,-14.773,2.576,2.770,1.124,1.301,0,NULL,NULL,,3,0,2,7,255,1040,250,0,0
stim,18013,48134,0,48134,3245469.455,0.763,0.365,0.218,0.486,0,0,0,0,0,0,0,29,56,1.216,1,2079,0,267.874,1.689,62.688,244.938,88.500,-0.289,0.270,-0.191,1.059,-1.316,-14.328,2.606,2.802,1.124,1.301,0,NULL,NULL,,3,0,2,7,255,1040,250,0,0
stim,18045,48166,0,48166,3245474.454,0.769,0.358,0.210,0.487,0,0,0,0,0,0,0,25,56,1.216,1,2079,0,282.788,1.311,86.250,251.813,95.500,-0.336,0.293,0.063,1.059,0.773,-13.902,2.632,2.830,1.124,1.301,0,NULL,NULL,,3,0,2,7,255,1040,250,0,0
stim,18045,48166,0,48166,3245479.455,0.774,0.350,0.202,0.487,0,0,0,0,0,0,0,18,56,1.216,1,2079,0,294.571,3.269,95.313,260.000,100.438,-0.383,0.352,0.289,1.066,3.090,-12.668,2.654,2.854,1.124,1.301,0,NULL,NULL,,3,0,2,7,255,1040,250,0,0
stim,18045,48166,0,48166,3245484.453,0.780,0.342,0.194,0.487,0,0,0,0,0,0,0,9,56,1.216,1,2079,0,304.174,5.408,96.188,269.438,103.313,-0.430,0.355,0.484,1.402,5.223,-11.645,2.676,2.876,1.124,1.301,0,NULL,NULL,,3,0,2,7,255,1040,250,0,0
stim,18045,48166,0,48166,3245489.455,0.786,0.333,0.184,0.487,0,0,0,0,0,0,0,5,56,1.216,1,2079,0,311.288,7.116,91.313,279.500,102.188,-0.492,0.344,0.645,1.402,6.977,-10.543,2.696,2.898,1.124,1.301,0,NULL,NULL,,3,0,2,7,255,1040,250,0,0
stim,18064,48185,0,48185,3245494.454,0.791,0.325,0.175,0.488,0,0,0,0,0,0,0,7,56,1.216,1,2079,0,315.546,8.566,82.438,290.063,92.938,-0.543,0.332,0.754,1.090,8.496,-9.594,2.718,2.920,1.124,1.301,0,NULL,NULL,,3,0,2,7,255,1040,250,0,0
stim,18064,48185,0,48185,3245499.455,0.796,0.317,0.165,0.489,0,0,0,0,0,0,0,2,56,1.216,1,2079,0,320.009,9.561,72.813,301.500,78.750,-0.531,0.293,0.805,0.848,9.523,-8.863,2.740,2.942,1.124,1.301,0,NULL,NULL,,3,0,2,7,255,1040,250,0,0
stim,18064,48185,0,48185,3245504.453,0.800,0.308,0.155,0.491,0,0,0,0,0,0,0,1,56,1.216,1,2079,0,327.235,9.542,65.000,313.625,67.063,-0.488,0.227,0.820,0.590,9.523,-8.023,2.766,2.970,1.124,1.301,0,NULL,NULL,,3,0,2,7,255,1040,250,0,0
stim,18064,48185,0,48185,3245509.455,0.804,0.299,0.144,0.493,0,0,0,0,0,0,0,5,56,1.216,1,2079,0,335.901,9.191,60.688,325.063,59.000,-0.484,0.195,0.820,0.254,9.188,-7.211,2.794,3.000,1.124,1.301,0,NULL,NULL,,3,0,2,7,255,1040,250,0,0
stim,18064,48185,0,48185,3245514.454,0.808,0.290,0.133,0.496,0,0,0,0,0,0,0,2,56,1.216,1,2079,0,343.335,9.114,60.000,334.813,46.688,-0.516,0.203,0.816,0.090,9.113,-6.844,2.824,3.032,1.124,1.301,0,NULL,NULL,,3,0,2,7,255,1040,250,0,0
stim,18064,48185,0,48185,3245519.455,0.811,0.281,0.122,0.499,0,0,0,0,0,0,0,2,56,1.216,1,2079,0,349.710,8.992,59.875,343.063,31.938,-0.488,0.148,0.809,0.066,8.992,-6.762,2.858,3.068,1.124,1.301,0,NULL,NULL,,3,0,2,7,255,1040,250,0,0
stim,18117,48238,0,48238,3245524.454,0.814,0.271,0.111,0.503,0,0,0,0,0,0,0,8,56,1.216,1,2079,0,355.488,8.619,62.000,349.500,19.438,-0.473,0.125,0.762,-0.199,8.617,-6.266,2.896,3.106,1.124,1.301,0,NULL,NULL,,3,0,2,7,255,1040,250,0,0
stim,18117,48238,0,48238,3245529.455,0.816,0.260,0.100,0.507,0,0,0,0,0,0,0,5,56,1.216,1,2079,0,360.354,8.060,68.500,353.688,8.250,-0.445,0.102,0.715,-0.297,8.055,-6.242,2.938,3.148,1.124,1.301,0,NULL,NULL,,3,0,2,7,255,1040,250,0,0
stim,18117,48238,0,48238,3245534.454,0.818,0.250,0.089,0.511,0,0,0,0,0,0,0,10,56,1.216,1,2079,0,364.456,7.412,81.375,355.250,1.875,-0.430,0.121,0.703,-0.297,7.406,-6.168,2.980,3.192,1.124,1.301,0,NULL,NULL,,3,0,2,7,255,1040,250,0,0
stim,18117,48238,0,48238,3245539.455,0.820,0.238,0.078,0.515,0,0,0,0,0,0,0,11,56,1.216,1,2079,0,367.328,7.168,95.813,354.563,-5.938,-0.398,0.133,0.738,-0.055,7.168,-6.055,3.022,3.236,1.124,1.301,0,NULL,NULL,,3,0,2,7,255,1040,250,0,0
stim,18117,48238,0,48238,3245544.453,0.822,0.226,0.069,0.519,0,0,0,0,0,0,0,7,56,1.216,1,2079,0,369.302,7.020,110.188,352.313,-10.875,-0.359,0.094,0.785,0.254,7.016,-5.457,3.062,3.278,1.124,1.301,0,NULL,NULL,,3,0,2,7,255,1040,250,0,0
stim,18117,48238,1,48238,3245549.455,0.823,0.214,0.059,0.522,0,0,0,0,0,0,0,9,56,1.216,1,2079,0,369.770,6.648,121.813,348.813,-14.875,-0.246,0.074,0.859,0.316,6.641,-4.578,3.100,3.316,1.124,1.301,0,NULL,NULL,,3,1,2,7,255,1040,250,0,0
stim,18117,48238,1,48238,3245554.453,0.825,0.201,0.050,0.526,0,0,0,0,0,0,0,18,56,1.216,1,2079,0,369.797,5.844,131.125,345.500,-13.625,-0.152,0.090,0.848,0.770,5.793,-3.297,3.136,3.354,1.124,1.301,0,NULL,NULL,,3,1,2,7,255,1040,250,0,0
stim,18117,48238,1,48238,3245559.455,0.826,0.188,0.041,0.529,0,0,0,0,0,0,0,28,56,1.216,1,2079,0,369.886,4.964,148.250,338.875,1.250,-0.121,0.117,0.918,1.336,4.781,-2.996,3.170,3.390,1.124,1.301,0,NULL,NULL,,3,1,2,7,255,1040,250,0,0
stim,18117,48238,1,48238,3245564.454,0.828,0.175,0.033,0.532,0,0,0,0,0,0,0,35,56,1.216,1,2079,0,370.742,5.124,164.375,332.188,9.063,-0.164,0.203,1.051,1.844,4.781,-2.207,3.204,3.424,1.124,1.301,0,NULL,NULL,,3,1,2,7,255,1040,250,0,0
stim,18117,48238,1,48238,3245569.455,0.830,0.161,0.025,0.534,0,0,0,0,0,0,0,38,56,1.216,1,2079,0,370.391,6.005,172.750,327.625,2.938,-0.164,0.195,1.129,2.598,5.414,-1.207,3.236,3.456,1.124,1.301,0,NULL,NULL,,3,1,2,7,255,1040,250,0,0
stim,18146,48267,1,48267,3245574.454,0.831,0.146,0.018,0.536,0,0,0,0,0,0,0,43,56,1.216,1,2079,0,372.176,6.032,184.125,323.438,1.188,-0.090,0.188,1.211,2.660,5.414,-0.266,3.266,3.488,1.124,1.301,0,NULL,NULL,,3,1,2,7,255,1040,250,0,0
stim,18146,48267,1,48267,3245579.455,0.832,0.132,0.011,0.538,0,0,0,0,0,0,0,44,56,1.216,1,2079,0,375.225,5.542,193.625,321.250,10.063,-0.066,0.203,1.316,3.012,4.652,0.832,3.294,3.518,1.124,1.301,0,NULL,NULL,,3,1,2,7,255,1040,250,0,0
stim,18146,48267,1,48267,3245584.454,0.834,0.117,0.004,0.539,0,0,0,0,0,0,0,43,56,1.216,1,2079,0,379.825,5.759,207.125,317.688,21.000,-0.133,0.211,1.520,3.395,4.652,1.965,3.324,3.548,1.124,1.301,0,NULL,NULL,,3,1,2,7,255,1040,250,0,0
stim,18146,48267,1,48267,3245589.455,0.835,0.102,-0.003,0.540,0,0,0,0,0,0,0,46,56,1.216,1,2079,0,378.044,6.090,208.875,314.438,20.438,-0.211,0.234,1.754,3.438,5.027,3.945,3.352,3.578,1.124,1.301,0,NULL,NULL,,3,1,2,7,255,1040,250,0,0
stim,18146,48267,1,48267,3245594.453,0.836,0.087,-0.009,0.542,0,0,0,0,0,0,0,45,56,1.216,1,2079,0,369.672,6.466,197.313,312.250,15.000,-0.227,0.211,1.883,3.438,5.477,6.250,3.380,3.606,1.124,1.301,0,NULL,NULL,,3,1,2,7,255,1040,250,0,0
stim,18146,48267,1,48267,3245599.455,0.837,0.073,-0.016,0.543,0,0,0,0,0,0,0,45,56,1.216,1,2079,0,362.194,6.531,185.688,310.813,10.000,-0.184,0.211,1.938,3.559,5.477,7.711,3.408,3.636,1.124,1.301,0,NULL,NULL,,3,1,2,7,255,1040,250,0,0
stim,18169,48290,1,48290,3245604.454,0.837,0.059,-0.023,0.544,0,0,0,0,0,0,0,49,56,1.216,1,2079,0,356.676,5.745,177.813,308.938,12.563,-0.172,0.176,1.945,3.430,4.609,8.426,3.436,3.662,1.124,1.301,0,NULL,NULL,,3,1,2,7,255,1040,250,0,0
stim,18169,48290,1,48290,3245609.455,0.837,0.045,-0.030,0.544,0,0,0,0,0,0,0,47,56,1.216,1,2079,0,356.412,5.048,180.313,306.875,18.563,-0.219,0.168,2.016,3.309,3.813,8.695,3.460,3.688,1.124,1.301,0,NULL,NULL,,3,1,2,7,255,1040,250,0,0
stim,18208,48329,1,48329,3245614.453,0.837,0.031,-0.037,0.545,0,0,0,0,0,0,0,43,56,1.216,1,2079,0,356.324,4.832,179.750,307.625,4.875,-0.230,0.180,2.102,3.168,3.648,9.520,3.486,3.716,1.124,1.301,0,NULL,NULL,,3,1,2,7,255,1040,250,0,0
stim,18208,48329,1,48329,3245619.455,0.836,0.017,-0.044,0.546,0,0,0,0,0,0,0,43,56,1.216,1,2079,0,356.628,4.434,180.813,307.375,3.313,-0.195,0.047,2.145,3.066,3.203,10.457,3.512,3.742,1.124,1.301,0,NULL,NULL,,3,1,2,7,255,1040,250,0,0
stim,18208,48329,1,48329,3245624.454,0.835,0.003,-0.051,0.547,0,0,0,0,0,0,0,45,56,1.216,1,2079,0,360.308,2.701,183.875,309.813,-5.313,-0.141,-0.027,2.203,2.090,1.711,11.102,3.536,3.766,1.124,1.301,0,NULL,NULL,,3,1,2,7,255,1040,250,0,0
stim,18208,48329,1,48329,3245629.455,0.834,-0.011,-0.058,0.548,0,0,0,0,0,0,0,45,56,1.216,1,2079,0,362.785,1.681,187.313,310.688,-0.188,-0.102,-0.105,2.199,1.660,0.266,11.758,3.560,3.790,1.124,1.301,0,NULL,NULL,,3,1,2,7,255,1040,250,0,0
stim,18208,48329,1,48329,3245634.454,0.833,-0.026,-0.064,0.549,0,0,0,0,0,0,0,55,56,1.216,1,2079,0,368.903,1.468,196.188,312.250,-10.000,-0.047,-0.145,2.184,0.996,-1.078,11.758,3.582,3.812,1.124,1.301,0,NULL,NULL,,3,1,2,7,255,1040,250,0,0
stim,18208,48329,1,48329,3245639.455,0.831,-0.041,-0.070,0.550,0,0,0,0,0,0,0,59,56,1.216,1,2079,0,378.405,2.593,215.875,310.563,-11.813,0.152,-0.172,2.203,0.996,-2.395,11.496,3.600,3.830,1.124,1.301,0,NULL,NULL,,3,1,2,7,255,1040,250,0,0
stim,18208,48329,1,48329,3245644.453,0.829,-0.057,-0.076,0.551,0,0,0,0,0,0,0,56,56,1.216,1,2079,0,392.220,5.050,241.563,308.625,-15.313,0.352,-0.258,2.266,0.926,-4.965,11.379,3.614,3.846,1.124,1.301,0,NULL,NULL,,3,1,2,7,255,1040,250,0,0
stim,18208,48329,1,48329,3245649.455,0.827,-0.074,-0.080,0.552,0,0,0,0,0,0,0,56,56,1.216,1,2079,0,409.389,7.946,272.313,305.188,-17.500,0.594,-0.258,2.441,1.113,-7.867,11.379,3.622,3.854,1.124,1.301,0,NULL,NULL,,3,1,2,7,255,1040,250,0,0
stim,18228,48349,1,48349,3245654.454,0.824,-0.092,-0.084,0.553,0,0,0,0,0,0,0,57,56,1.216,1,2079,0,423.930,11.172,296.375,302.938,-10.375,0.809,-0.277,2.629,1.691,-11.043,12.297,3.624,3.858,1.124,1.301,0,NULL,NULL,,3,1,2,7,255,1040,250,0,0
stim,18228,48349,1,48349,3245659.455,0.821,-0.110,-0.087,0.553,0,0,0,0,0,0,0,53,56,1.216,1,2079,0,431.981,14.300,313.125,297.563,-4.125,0.961,-0.367,2.844,1.691,-14.199,13.215,3.620,3.852,1.124,1.301,0,NULL,NULL,,3,1,2,7,255,1040,250,0,0
stim,18228,48349,1,48349,3245664.453,0.818,-0.129,-0.090,0.553,0,0,0,0,0,0,0,55,56,1.216,1,2079,0,435.359,17.295,323.813,291.000,1.500,1.113,-0.441,3.113,1.488,-17.230,14.336,3.606,3.840,1.124,1.301,0,NULL,NULL,,3,1,2,7,255,1040,250,0,0
stim,18228,48349,1,48349,3245669.455,0.815,-0.147,-0.092,0.553,0,0,0,0,0,0,0,55,56,1.216,1,2079,0,426.045,20.449,315.813,285.938,4.063,1.223,-0.426,3.316,1.063,-20.422,15.762,3.582,3.816,1.124,1.301,0,NULL,NULL,,3,1,2,7,255,1040,250,0,0
stim,18228,48349,1,48349,3245674.454,0.812,-0.164,-0.095,0.552,0,0,0,0,0,0,0,55,56,1.216,1,2079,0,402.067,22.810,287.750,280.813,1.375,1.246,-0.359,3.383,1.063,-22.785,16.539,3.546,3.782,1.124,1.301,0,NULL,NULL,,3,1,2,7,255,1040,250,0,0
stim,18228,48349,1,48349,3245679.455,0.808,-0.180,-0.099,0.552,0,0,0,0,0,0,0,57,56,1.216,1,2079,0,379.266,23.889,261.063,274.938,-9.938,1.324,-0.191,3.438,1.270,-23.855,16.539,3.498,3.734,1.124,1.301,0,NULL,NULL,,3,1,2,7,255,1040,250,0,0
stim,18252,48373,1,48373,3245684.454,0.804,-0.194,-0.103,0.552,0,0,0,0,0,0,0,56,56,1.216,1,2079,0,361.218,25.094,238.250,269.500,-32.938,1.602,0.012,3.570,2.656,-24.953,16.273,3.438,3.674,1.124,1.301,0,NULL,NULL,,3,1,2,7,255,1040,250,0,0
stim,18252,48373,1,48373,3245689.455,0.800,-0.207,-0.108,0.553,0,0,0,0,0,0,0,61,56,1.216,1,2079,0,332.018,28.398,195.125,263.500,-52.250,2.047,0.020,3.641,5.117,-27.934,16.059,3.364,3.600,1.124,1.301,0,NULL,NULL,,3,1,2,7,255,1040,250,0,0
stim,18252,48373,1,48373,3245694.453,0.796,-0.217,-0.114,0.553,0,0,0,0,0,0,0,77,56,1.216,1,2079,0,288.637,33.251,125.875,254.625,-51.313,2.594,-0.105,3.441,6.441,-32.621,14.172,3.280,3.518,1.124,1.301,0,NULL,NULL,,3,1,2,7,255,1040,250,0,0
stim,18252,48373,1,48373,3245699.455,0.793,-0.225,-0.122,0.553,0,0,0,0,0,0,0,118,56,1.216,1,2079,0,253.838,37.838,49.813,246.500,-34.500,3.180,-0.227,2.859,7.148,-37.156,9.129,3.186,3.424,1.124,1.301,0,NULL,NULL,,3,1,2,7,255,1040,250,0,0
stim,18278,48399,1,48399,3245704.454,0.791,-0.231,-0.130,0.551,0,0,0,0,0,0,0,166,56,1.216,1,2079,0,242.412,40.757,3.750,241.938,-14.688,3.750,-0.352,2.070,8.305,-39.902,0.484,3.084,3.322,1.124,1.301,0,NULL,NULL,,3,1,2,7,255,1040,250,0,0
stim,18278,48399,1,48399,3245709.455,0.790,-0.236,-0.139,0.549,0,0,0,0,0,0,0,199,56,1.216,1,2079,0,237.347,42.182,-3.813,237.250,5.625,4.293,-0.566,1.316,9.484,-41.102,-9.859,2.972,3.208,1.124,1.301,0,NULL,NULL,,3,1,2,7,255,1040,250,0,0
stim,18312,48433,1,48433,3245714.453,0.789,-0.242,-0.146,0.546,0,0,0,0,0,0,0,241,56,1.216,1,2079,0,227.883,43.187,17.375,224.125,37.375,4.770,-0.961,0.645,9.484,-42.133,-20.000,2.846,3.082,1.124,1.301,0,NULL,NULL,,3,1,2,7,255,1040,250,0,0
stim,18312,48433,1,48433,3245719.455,0.789,-0.251,-0.150,0.541,0,0,0,0,0,0,0,253,56,1.216,1,2079,0,244.124,43.298,78.500,209.938,96.750,5.066,-1.344,-0.031,8.051,-42.543,-29.469,2.708,2.940,1.124,1.301,0,NULL,NULL,,3,1,2,7,255,1040,250,0,0
stim,18312,48433,1,48433,3245724.454,0.789,-0.261,-0.151,0.535,0,0,0,0,0,0,0,245,56,1.216,1,2079,0,271.160,43.655,153.000,170.250,145.375,4.883,-2.430,-0.090,6.047,-43.234,-38.078,2.558,2.788,1.124,1.301,0,NULL,NULL,,3,1,2,7,255,1040,250,0,0
stim,18312,48433,1,48433,3245729.455,0.790,-0.274,-0.148,0.528,0,0,0,0,0,0,0,223,56,1.216,1,2079,0,338.401,42.711,241.813,137.438,192.750,4.500,-2.875,-0.023,-3.781,-42.543,-40.203,2.398,2.626,1.124,1.301,0,NULL,NULL,,3,1,2,7,255,1040,250,0,0
stim,18312,48433,1,48433,3245734.454,0.789,-0.291,-0.140,0.522,0,0,0,0,0,0,0,175,56,1.216,1,2079,0,460.677,42.574,394.938,86.063,221.000,3.793,-2.535,0.531,-7.488,-41.910,-40.203,2.234,2.458,1.124,1.301,0,NULL,NULL,,3,1,2,7,255,1040,250,0,0
stim,18312,48433,1,48433,3245739.455,0.788,-0.310,-0.127,0.517,0,0,0,0,0,0,0,175,56,1.216,1,2079,0,547.532,40.633,499.625,28.750,222.125,3.129,-1.770,2.043,-7.488,-39.938,-32.340,2.066,2.282,1.124,1.301,0,NULL,NULL,,3,1,2,7,255,1040,250,0,0
stim,18312,48433,1,48433,3245744.453,0.786,-0.327,-0.113,0.513,0,0,0,0,0,0,0,264,56,1.216,1,2079,0,501.103,40.161,458.563,-23.438,200.688,2.379,-1.043,3.602,-4.227,-39.938,-15.840,1.894,2.104,1.124,1.301,0,NULL,NULL,,3,1,2,7,255,1040,250,0,0
stim,18312,48433,1,48433,3245749.455,0.786,-0.340,-0.095,0.508,18,0,0,367,0,0,0,383,56,1.216,1,2079,0,526.681,42.158,435.688,-143.250,258.938,0.281,-0.902,6.133,-4.227,-41.945,1.684,1.718,1.920,1.124,1.301,0,NULL,NULL,,3,1,2,7,255,1040,250,0,0
stim,18312,48433,1,48433,3245754.454,0.789,-0.359,-0.060,0.496,529,0,0,1036,0,35,0,383,56,1.216,1,2079,0,962.850,42.168,712.000,-346.563,547.750,0.781,2.270,11.453,-4.211,-41.957,31.102,1.540,1.732,1.124,1.301,0,NULL,NULL,,3,1,2,7,255,1040,250,0,0
stim,18312,48433,1,48433,3245759.455,0.803,-0.334,-0.069,0.489,1041,0,0,1489,0,261,0,443,56,1.216,1,2079,0,712.151,42.869,-683.938,-85.063,179.313,-1.012,1.320,7.801,-8.852,-41.945,60.074,1.358,1.542,1.124,1.301,0,NULL,NULL,,3,1,2,7,255,1040,250,0,0
stim,18334,48455,1,48455,3245764.453,0.827,-0.279,-0.092,0.480,1543,0,0,1767,0,539,0,524,56,1.216,1,2079,0,1492.329,34.353,-1475.125,-152.813,166.438,-0.473,4.766,1.266,-4.211,-34.094,60.074,1.178,1.348,1.124,1.301,0,NULL,NULL,,3,1,2,7,255,1040,250,0,0
stim,18334,48455,1,48455,3245769.455,0.843,-0.235,-0.111,0.471,1904,0,0,1918,0,738,0,544,56,1.216,1,2080,0,1171.589,32.085,-1158.750,-116.688,127.688,-1.246,4.152,-3.156,28.121,15.449,18.762,1.000,1.150,1.124,1.301,1,1020.000,-20.000,,3,1,2,7,255,1040,250,0,0
stim,18334,48455,1,48455,3245774.454,0.850,-0.214,-0.116,0.467,2127,0,0,2014,0,919,0,629,56,1.216,1,2080,0,523.554,47.242,-507.813,-112.375,60.063,-2.039,1.055,-4.031,28.121,37.961,-21.066,0.830,0.952,1.124,1.301,1,NULL,NULL,,3,1,2,7,255,1040,250,0,0
stim,18334,48455,1,48455,3245779.455,0.850,-0.211,-0.110,0.470,2284,0,0,2100,0,1083,0,740,56,1.216,1,2080,0,177.519,38.085,7.313,-170.375,-49.313,-1.137,-1.590,-0.965,-3.070,37.961,-21.066,0.680,0.762,1.124,1.301,1,NULL,NULL,,3,1,2,7,255,1040,250,0,0
stim,18334,48455,1,48455,3245784.454,0.848,-0.214,-0.102,0.473,2425,0,0,2167,0,1252,0,855,56,1.216,1,2080,0,213.086,5.917,158.625,-138.750,-31.500,0.254,0.332,1.527,-3.070,5.059,-17.508,0.568,0.590,1.124,1.301,1,NULL,NULL,,3,1,2,7,255,1040,250,0,0
stim,18334,48455,1,48455,3245789.455,0.849,-0.213,-0.097,0.473,2611,0,0,2397,0,1397,0,952,56,1.216,1,2080,0,124.094,5.056,46.438,-108.313,38.875,0.582,2.574,2.492,3.953,-3.152,3.445,0.502,0.442,1.124,1.301,2,NULL,NULL,,3,1,2,7,255,1040,250,0,0
stim,18374,48495,1,48495,3245794.453,0.853,-0.205,-0.096,0.470,2763,0,0,2607,0,1463,0,1070,56,1.216,1,2080,0,222.114,14.446,-185.563,-94.313,77.500,-0.359,1.953,2.449,14.098,-3.152,16.172,0.488,0.332,1.124,1.301,2,NULL,NULL,,3,1,2,7,255,1040,250,0,0
stim,18374,48495,0,48495,3245799.455,0.860,-0.187,-0.098,0.464,2864,0,0,2743,0,1500,0,1163,56,1.216,1,2080,0,460.513,14.204,-410.563,-150.375,144.563,-1.992,-0.949,0.758,14.098,1.734,16.172,0.510,0.282,1.124,1.301,2,NULL,NULL,,3,0,2,7,255,1036,250,0,0
stim,18374,48495,0,48495,3245804.454,0.863,-0.168,-0.101,0.465,2935,0,0,2852,0,1523,0,1293,56,1.216,1,2080,0,447.465,19.374,-419.375,-150.813,-40.063,-1.930,-2.090,-0.625,-18.426,5.988,1.828,0.540,0.292,1.124,1.301,2,NULL,NULL,,3,0,2,7,255,1036,250,0,0
stim,18374,48495,0,48495,3245809.455,0.862,-0.158,-0.099,0.472,2984,0,0,2939,0,1546,0,1392,56,1.216,1,2080,0,296.282,19.374,-169.375,-167.688,-176.000,-0.891,-1.594,-0.949,-18.426,5.988,-12.664,0.564,0.338,1.124,1.301,2,NULL,NULL,,3,0,2,7,255,1036,250,0,0
stim,18374,48495,0,48495,3245814.453,0.859,-0.155,-0.092,0.479,3026,0,0,2989,0,1583,0,1451,56,1.216,1,2080,0,254.200,18.502,54.188,-179.875,-171.250,0.305,-1.004,0.563,-18.398,1.957,-12.664,0.586,0.398,1.124,1.301,2,NULL,NULL,,3,0,2,7,255,1036,250,0,0
stim,18374,48495,0,48495,3245819.455,0.858,-0.153,-0.085,0.483,3039,0,0,3051,0,1642,0,1487,56,1.216,1,2080,0,194.499,11.436,47.688,-169.313,-83.000,0.820,-1.074,1.953,-6.719,-9.254,-7.020,0.614,0.454,1.124,1.301,2,NULL,NULL,,3,0,2,7,255,1036,250,0,0
stim,18420,48541,0,48541,3245824.454,0.859,-0.147,-0.081,0.483,3056,0,0,3094,0,1741,0,1495,56,1.216,1,2080,0,180.801,18.612,-81.688,-160.188,18.875,0.984,-1.141,2.125,-4.441,-18.074,4.297,0.648,0.498,1.124,1.301,2,NULL,NULL,,3,0,2,7,255,1036,250,0,0
stim,18420,48541,0,48541,3245829.455,0.863,-0.137,-0.079,0.479,3089,0,0,3119,0,1855,0,1512,56,1.216,1,2080,0,265.014,18.612,-191.688,-143.250,113.875,0.773,-1.258,1.559,-4.441,-18.074,4.297,0.684,0.540,1.124,1.301,2,NULL,NULL,,3,0,2,7,255,1036,250,0,0
stim,18420,48541,0,48541,3245834.454,0.869,-0.127,-0.078,0.472,3095,0,0,3135,0,1971,0,1549,56,1.216,1,2080,0,304.315,18.090,-206.625,-129.313,182.188,0.207,-1.145,0.672,-6.043,-17.051,1.129,0.702,0.564,1.124,1.301,2,NULL,NULL,,3,0,2,7,255,1036,250,0,0
stim,18420,48541,0,48541,3245839.455,0.874,-0.121,-0.074,0.465,3103,0,0,3161,0,2079,0,1608,56,1.216,1,2080,0,259.069,11.561,-119.438,-130.250,189.438,-0.457,-0.504,0.184,-6.605,-9.488,-5.344,0.684,0.562,1.124,1.301,2,NULL,NULL,,3,0,2,7,255,1036,250,0,0
stim,18420,48541,0,48541,3245844.453,0.877,-0.118,-0.069,0.461,3113,0,0,3169,0,2185,0,1711,56,1.216,1,2080,0,178.410,6.614,-16.438,-133.188,117.563,-0.789,0.168,0.629,-6.605,0.332,-5.344,0.644,0.540,1.124,1.301,2,NULL,NULL,,3,0,2,7,255,1036,250,0,0
stim,18420,48541,0,48541,3245849.455,0.878,-0.115,-0.064,0.461,3103,0,0,3171,41,2267,30,1834,56,1.216,1,2080,0,135.419,5.318,-10.938,-134.563,10.563,-0.762,0.406,1.512,-2.883,4.469,-1.895,0.592,0.506,1.124,1.301,2,NULL,NULL,,3,0,2,7,255,1036,250,0,0
stim,18420,48541,0,48541,3245854.453,0.877,-0.111,-0.061,0.463,3114,0,0,3175,283,2330,153,2001,56,1.216,1,2080,0,138.274,4.505,-53.750,-118.063,-47.875,0.121,0.309,1.801,-0.570,4.469,6.633,0.540,0.460,1.124,1.301,2,NULL,NULL,,3,0,2,7,255,1036,250,0,0
stim,18420,48541,0,48541,3245859.455,0.876,-0.107,-0.060,0.466,3107,0,0,3183,541,2373,125,2102,56,1.216,1,2080,0,107.124,4.959,-59.250,-57.875,-67.938,0.648,-0.063,1.859,3.559,-3.453,6.633,0.490,0.402,1.124,1.301,2,NULL,NULL,,3,0,2,7,255,1036,250,0,0
stim,18420,48541,0,48541,3245864.453,0.876,-0.103,-0.060,0.467,3110,0,0,3190,832,2405,141,2160,56,1.216,1,2080,0,98.699,8.265,-79.563,-53.688,-23.000,0.801,0.266,1.160,3.613,-7.434,6.574,0.446,0.338,1.124,1.301,2,NULL,NULL,,3,0,2,7,255,1036,250,0,0
stim,18420,48541,0,48541,3245869.455,0.877,-0.101,-0.059,0.466,3110,0,0,3205,966,2419,173,2225,56,1.216,1,2080,0,47.196,10.107,-29.313,-36.000,8.500,0.469,0.496,1.102,6.848,-7.434,0.242,0.410,0.274,1.124,1.301,2,NULL,NULL,,3,0,2,7,255,1036,250,0,0
stim,18444,48565,0,48565,3245874.455,0.877,-0.098,-0.059,0.466,3109,26,0,3195,1119,2444,189,2269,56,1.216,1,2080,0,56.376,7.648,-51.500,-21.250,8.625,-0.352,-0.250,1.402,6.848,-3.406,0.242,0.380,0.222,1.124,1.301,2,NULL,NULL,,3,0,2,7,255,1036,250,0,0
stim,18444,48565,0,48565,3245879.455,0.877,-0.094,-0.060,0.467,3104,27,0,3206,1185,2453,189,2316,56,1.216,1,2080,0,106.714,3.834,-95.563,-20.563,-42.813,-0.418,-0.391,0.844,-3.508,-1.547,0.242,0.354,0.188,1.124,1.301,2,NULL,NULL,,3,0,2,7,255,1036,250,0,0
stim,18444,48565,0,48565,3245884.453,0.876,-0.092,-0.061,0.470,3113,41,0,3196,1277,2468,205,2342,56,1.216,1,2080,0,87.260,3.566,-36.375,-15.375,-77.813,-0.094,0.004,0.680,-3.508,-0.641,-1.219,0.336,0.174,1.124,1.301,2,NULL,NULL,,3,0,2,7,255,1036,250,0,0
stim,18444,48565,0,48565,3245889.455,0.874,-0.092,-0.060,0.474,3102,51,0,3205,1371,2475,215,2377,56,1.216,1,2080,0,82.834,0.691,2.438,-14.250,-81.563,0.105,0.188,1.105,-0.258,-0.641,-1.219,0.324,0.174,1.124,1.301,2,NULL,NULL,,3,0,2,7,255,1036,250,0,0
stim,18445,48566,0,48566,3245894.454,0.873,-0.090,-0.061,0.475,3107,98,0,3197,1471,2489,221,2395,56,1.216,1,2080,0,54.815,2.181,-26.250,-8.438,-47.375,0.184,-0.098,1.242,0.637,-2.086,0.730,0.320,0.172,1.124,1.301,2,NULL,NULL,,3,0,2,7,255,1036,250,0,0
stim,18445,48566,0,48566,3245899.455,0.873,-0.088,-0.062,0.475,3112,112,0,3194,1519,2506,221,2410,56,1.216,1,2080,0,62.438,3.270,-61.500,-7.563,-7.688,-0.070,-0.355,0.961,0.637,-3.207,0.730,0.322,0.162,1.124,1.301,2,NULL,NULL,,3,0,2,7,255,1036,250,0,0
stim,18469,48590,0,48590,3245904.453,0.873,-0.086,-0.063,0.476,3103,125,0,3199,1563,2513,205,2429,56,1.216,1,2080,0,52.347,3.851,-50.000,-7.500,-13.563,-0.301,-0.109,0.797,-2.133,-3.207,-0.688,0.340,0.144,1.124,1.301,2,NULL,NULL,,3,0,2,7,255,1036,250,0,0
stim,18469,48590,0,48590,3245909.455,0.872,-0.085,-0.063,0.477,3118,143,0,3207,1611,2509,215,2454,56,1.216,1,2080,0,50.818,2.149,-23.500,-7.813,-44.375,-0.227,0.184,0.926,-2.133,0.266,-0.688,0.364,0.126,1.124,1.301,2,NULL,NULL,,3,0,2,7,255,1036,250,0,0
stim,18510,48631,0,48631,3245914.454,0.871,-0.083,-0.063,0.480,3109,153,0,3199,1661,2517,204,2463,56,1.216,1,2080,0,56.890,0.785,-18.750,-6.000,-53.375,0.004,0.047,1.063,0.738,0.266,-0.398,0.386,0.110,1.124,1.301,2,NULL,NULL,,3,0,2,7,255,1036,250,0,0
stim,18510,48631,0,48631,3245919.455,0.871,-0.082,-0.064,0.481,3113,168,9,3204,1703,2519,189,2475,56,1.216,1,2080,0,41.409,1.993,-27.313,-3.938,-30.875,0.094,-0.168,1.035,0.738,-1.852,-0.121,0.400,0.096,1.124,1.301,2,NULL,NULL,,3,0,2,7,255,1036,250,0,0
stim,18510,48631,0,48631,3245924.454,0.871,-0.081,-0.064,0.481,3101,189,19,3205,1741,2524,189,2485,56,1.216,1,2080,0,28.197,2.100,-27.875,-4.000,-1.438,-0.020,-0.086,0.938,-0.328,-2.074,-0.121,0.404,0.082,1.124,1.301,2,NULL,NULL,,3,0,2,7,255,1036,250,0,0
stim,18510,48631,0,48631,3245929.455,0.871,-0.080,-0.064,0.481,3115,206,63,3192,1769,2525,189,2483,56,1.216,1,2080,0,16.683,2.100,-16.375,-3.188,-0.188,-0.176,0.035,0.934,-0.328,-2.074,-0.484,0.408,0.072,1.124,1.301,2,NULL,NULL,,3,0,2,7,255,1036,250,0,0
stim,18510,48631,0,48631,3245934.453,0.871,-0.080,-0.064,0.481,3117,204,103,3195,1785,2532,183,2488,56,1.216,1,2080,0,17.912,0.386,-9.313,-2.313,-15.125,-0.164,0.035,1.008,-0.141,-0.359,-0.484,0.414,0.060,1.124,1.301,2,NULL,NULL,,3,0,2,7,255,1036,250,0,0
stim,18510,48631,0,48631,3245939.455,0.870,-0.079,-0.065,0.482,3110,207,148,3191,1802,2534,172,2480,56,1.216,1,2080,0,18.533,0.360,-8.750,-1.688,-16.250,-0.063,0.016,1.039,-0.023,-0.359,0.207,0.420,0.046,1.124,1.301,2,NULL,NULL,,3,0,2,7,255,1036,250,0,0
stim,18510,48631,0,48631,3245944.454,0.870,-0.079,-0.065,0.482,3107,197,180,3187,1824,2540,168,2489,56,1.216,1,2080,0,11.784,1.400,-10.313,-1.250,-5.563,-0.043,0.020,1.023,0.352,-1.355,0.207,0.424,0.036,1.124,1.301,2,NULL,NULL,,3,0,2,7,255,1036,250,0,0
stim,18510,48631,0,48631,3245949.455,0.870,-0.078,-0.065,0.482,3103,198,187,3203,1841,2534,172,2489,56,1.216,1,2080,1,11.154,1.400,-9.188,-1.313,6.188,-0.125,0.047,1.000,0.352,-1.355,0.109,0.000,0.000,1.149,1.271,2,NULL,NULL,,3,0,2,7,255,1036,250,0,0
stim,18530,48651,0,48651,3245954.454,0.871,-0.078,-0.065,0.482,3100,197,205,3195,1845,2541,165,2491,56,1.216,1,2080,1,6.409,0.652,-5.938,-1.250,2.063,-0.199,0.043,1.000,0.262,-0.598,0.109,0.006,0.004,1.149,1.271,2,NULL,NULL,,3,0,2,7,255,1036,250,0,0
stim,18530,48651,0,48651,3245959.455,0.870,-0.078,-0.065,0.482,3099,184,215,3187,1845,2535,164,2491,56,1.216,1,2080,1,5.975,0.389,-2.250,-2.375,-5.000,-0.156,0.055,1.016,0.195,-0.336,0.203,0.012,0.010,1.149,1.271,2,NULL,NULL,,3,0,2,7,255,1036,250,0,0
stim,18530,48651,0,48651,3245964.454,0.870,-0.078,-0.064,0.482,3092,182,225,3177,1847,2533,163,2495,56,1.216,1,2080,1,6.093,0.389,-1.000,-1.750,-5.750,-0.102,0.035,1.023,0.195,-0.336,0.238,0.016,0.014,1.149,1.271,2,NULL,NULL,,3,0,2,7,255,1036,250,0,0
stim,18530,48651,0,48651,3245969.455,0.870,-0.078,-0.064,0.482,3101,169,231,3177,1849,2533,163,2487,56,1.216,1,2080,1,2.948,0.908,0.000,-2.500,1.563,-0.082,0.078,1.039,0.324,-0.848,0.277,0.022,0.018,1.149,1.271,2,NULL,NULL,,3,0,2,7,255,1036,250,0,0
stim,18530,48651,0,48651,3245974.454,0.871,-0.077,-0.064,0.482,3081,165,243,3169,1864,2519,158,2500,56,1.216,1,2080,1,6.766,0.947,-1.938,-2.125,6.125,-0.141,0.074,1.027,0.422,-0.848,0.352,0.024,0.020,1.149,1.271,2,NULL,NULL,,3,0,2,7,255,1036,250,0,0
stim,18530,48651,0,48651,3245979.455,0.871,-0.077,-0.064,0.481,3075,159,245,3160,1863,2517,159,2488,56,1.216,1,2080,1,7.127,0.621,-1.813,-3.500,5.938,-0.184,0.109,1.004,0.512,-0.352,0.352,0.026,0.022,1.149,1.271,2,NULL,NULL,,3,0,2,7,255,1036,250,0,0
stim,18551,48672,0,48672,3245984.454,0.871,-0.077,-0.064,0.481,3059,149,249,3161,1865,2521,159,2491,56,1.216,1,2080,1,3.814,0.475,-0.688,-3.688,0.688,-0.199,0.086,0.988,0.422,0.219,0.238,0.028,0.020,1.149,1.271,2,NULL,NULL,,3,0,2,7,255,1036,250,0,0
stim,18551,48672,0,48672,3245989.455,0.871,-0.077,-0.064,0.482,3067,148,263,3148,1861,2508,158,2491,56,1.216,1,2080,1,6.365,0.489,2.938,-5.063,-2.500,-0.160,0.090,0.984,0.438,0.219,0.105,0.030,0.020,1.149,1.271,2,NULL,NULL,,3,0,2,7,255,1036,250,0,0
stim,18551,48672,0,48672,3245994.453,0.871,-0.077,-0.063,0.482,3049,148,283,3144,1867,2507,169,2493,56,1.216,1,2080,1,6.734,0.409,4.125,-5.125,-1.438,-0.133,0.070,1.004,0.406,-0.047,0.105,0.032,0.018,1.149,1.271,2,NULL,NULL,,3,0,2,7,255,1036,250,0,0
stim,18551,48672,0,48672,3245999.455,0.871,-0.077,-0.063,0.482,3035,139,289,3133,1881,2494,175,2503,56,1.216,1,2080,1,6.583,0.566,1.438,-6.125,1.938,-0.117,0.047,1.012,0.406,-0.395,0.137,0.032,0.016,1.149,1.271,2,NULL,NULL,,3,0,2,7,255,1036,250,0,0
stim,18575,48696,0,48696,3246004.454,0.871,-0.077,-0.063,0.481,3031,133,308,3123,1884,2491,181,2491,56,1.216,1,2080,1,9.660,0.576,0.000,-6.313,7.313,-0.145,0.020,0.977,0.324,-0.477,0.137,0.034,0.016,1.149,1.271,2,NULL,NULL,,3,0,2,7,255,1036,250,0,0
stim,18575,48696,0,48696,3246009.455,0.871,-0.077,-0.062,0.481,3016,135,315,3107,1895,2493,185,2504,56,1.216,1,2080,1,10.440,0.485,3.625,-7.688,6.063,-0.172,0.020,0.945,-0.090,-0.477,-0.152,0.038,0.016,1.149,1.271,2,NULL,NULL,,3,0,2,7,255,1036,250,0,0
stim,18575,48696,0,48696,3246014.453,0.871,-0.077,-0.062,0.481,2999,125,325,3094,1897,2487,203,2504,56,1.216,1,2080,1,13.839,0.243,9.438,-8.938,4.750,-0.176,0.035,0.953,-0.133,-0.203,-0.324,0.044,0.020,1.149,1.271,2,NULL,NULL,,3,0,2,7,255,1036,250,0,0
stim,18575,48696,0,48696,3246019.455,0.871,-0.077,-0.061,0.481,2989,123,337,3082,1917,2485,209,2521,56,1.216,1,2080,1,15.830,0.243,11.063,-10.250,4.813,-0.164,0.043,0.984,-0.133,-0.203,-0.324,0.048,0.022,1.149,1.271,2,NULL,NULL,,3,0,2,7,255,1036,250,0,0
stim,18612,48733,0,48733,3246024.454,0.871,-0.078,-0.060,0.481,2981,124,351,3078,1939,2483,213,2521,56,1.216,1,2080,1,15.871,0.187,9.063,-11.500,6.125,-0.172,0.043,0.980,-0.082,-0.168,-0.039,0.054,0.026,1.149,1.271,2,NULL,NULL,,3,0,2,7,255,1036,250,0,0
stim,18612,48733,0,48733,3246029.455,0.872,-0.078,-0.060,0.480,2961,125,377,3059,1966,2490,245,2528,56,1.216,1,2080,1,17.173,0.187,8.688,-13.250,6.625,-0.203,0.055,0.961,-0.082,-0.168,-0.039,0.056,0.028,1.149,1.271,2,NULL,NULL,,3,0,2,7,255,1036,250,0,0
stim,18612,48733,0,48733,3246034.454,0.872,-0.078,-0.059,0.480,2933,137,423,3043,2012,2492,278,2553,56,1.216,1,2080,1,19.928,0.226,12.313,-15.438,2.688,-0.219,0.102,0.961,-0.082,0.211,-0.141,0.058,0.028,1.149,1.271,2,NULL,NULL,,3,0,2,7,255,1036,250,0,0
stim,18612,48733,0,48733,3246039.455,0.872,-0.078,-0.058,0.481,2916,139,544,3026,2029,2491,312,2569,56,1.216,1,2080,1,22.903,0.601,15.250,-16.875,-2.688,-0.203,0.152,1.000,0.113,0.590,-0.141,0.058,0.026,1.149,1.271,2,NULL,NULL,,3,0,2,7,255,1036,250,0,0
stim,18612,48733,0,48733,3246044.453,0.871,-0.079,-0.057,0.481,2892,143,613,3001,2071,2487,370,2581,56,1.216,1,2080,1,22.899,0.857,13.313,-18.000,-4.813,-0.160,0.203,1.043,0.621,0.590,0.234,0.058,0.022,1.149,1.271,2,NULL,NULL,,3,0,2,7,255,1036,250,0,0
stim,18612,48733,0,48733,3246049.455,0.871,-0.079,-0.056,0.481,2867,156,677,2985,2121,2489,413,2603,56,1.216,1,2080,1,20.065,1.390,7.375,-18.125,-4.438,-0.160,0.215,1.055,1.281,0.539,0.602,0.056,0.018,1.149,1.271,2,NULL,NULL,,3,0,2,7,255,1036,250,0,0
stim,18612,48733,0,48733,3246054.454,0.871,-0.078,-0.055,0.481,2844,173,745,2971,2173,2503,443,2613,56,1.216,1,2080,1,19.525,1.390,1.938,-18.375,-6.313,-0.184,0.188,1.027,1.281,0.539,0.602,0.054,0.016,1.149,1.271,2,NULL,NULL,,3,0,2,7,255,1036,250,0,0
stim,18612,48733,0,48733,3246059.455,0.871,-0.078,-0.054,0.482,2811,179,809,2943,2222,2500,447,2621,56,1.216,1,2080,1,23.152,1.195,1.688,-18.688,-13.563,-0.191,0.184,1.012,0.996,0.660,0.500,0.052,0.014,1.149,1.271,2,NULL,NULL,,3,0,2,7,255,1036,250,0,0
stim,18635,48756,0,48756,3246064.453,0.871,-0.078,-0.053,0.483,2790,182,936,2927,2283,2515,534,2643,56,1.216,1,2080,1,27.779,1.195,0.938,-18.375,-20.813,-0.152,0.195,1.027,0.996,0.660,0.441,0.052,0.010,1.149,1.271,2,NULL,NULL,,3,0,2,7,255,1036,250,0,0
stim,18635,48756,0,48756,3246069.455,0.870,-0.077,-0.053,0.484,2757,217,1031,2905,2325,2514,627,2657,56,1.216,1,2080,1,30.409,0.998,-3.938,-17.313,-24.688,-0.121,0.141,1.027,0.895,0.441,0.387,0.050,0.008,1.149,1.271,2,NULL,NULL,,3,0,2,7,255,1036,250,0,0
stim,18635,48756,0,48756,3246074.454,0.870,-0.077,-0.052,0.485,2734,241,1137,2895,2367,2509,713,2669,56,1.216,1,2080,1,31.838,0.897,-9.500,-17.000,-25.188,-0.129,0.086,1.020,0.895,-0.070,0.387,0.050,0.008,1.149,1.271,2,NULL,NULL,,3,0,2,7,255,1036,250,0,0
stim,18635,48756,0,48756,3246079.455,0.869,-0.076,-0.052,0.486,2683,269,1224,2863,2409,2519,841,2685,56,1.216,1,2080,1,35.987,0.385,-14.250,-16.938,-28.375,-0.152,0.078,1.012,0.379,-0.070,0.297,0.050,0.006,1.149,1.271,2,NULL,NULL,,3,0,2,7,255,1036,250,0,0
stim,18635,48756,0,48756,3246084.453,0.869,-0.075,-0.052,0.487,2633,275,1309,2845,2457,2521,959,2702,56,1.216,1,2080,1,40.647,0.230,-16.688,-16.750,-33.063,-0.168,0.074,1.000,0.219,-0.070,0.227,0.052,0.004,1.149,1.271,2,NULL,NULL,,3,0,2,7,255,1036,250,0,0
stim,18635,48756,0,48756,3246089.455,0.868,-0.073,-0.052,0.488,2595,261,1463,2831,2495,2523,1055,2714,56,1.216,1,2080,1,44.661,0.228,-18.313,-16.625,-37.188,-0.160,0.082,1.012,0.219,0.063,0.227,0.054,0.004,1.149,1.271,2,NULL,NULL,,3,0,2,7,255,1036,250,0,0
stim,18665,48786,0,48786,3246094.454,0.867,-0.072,-0.052,0.490,2533,283,1583,2809,2538,2524,1189,2727,56,1.216,1,2080,1,49.777,0.209,-23.938,-17.313,-40.063,-0.164,0.078,1.043,0.199,0.063,0.238,0.056,0.004,1.149,1.271,2,NULL,NULL,,3,0,2,7,255,1036,250,0,0
stim,18665,48786,0,48786,3246099.455,0.867,-0.070,-0.052,0.491,2477,297,1708,2791,2569,2526,1295,2745,56,1.216,1,2080,1,58.597,0.256,-34.625,-17.125,-44.063,-0.133,0.066,1.063,0.250,0.055,0.551,0.058,0.004,1.149,1.271,2,NULL,NULL,,3,0,2,7,255,1036,250,0,0
stim,18665,48786,0,48786,3246104.454,0.866,-0.068,-0.052,0.493,2420,301,1823,2771,2603,2539,1414,2761,56,1.216,1,2080,1,63.798,0.341,-43.250,-17.375,-43.563,-0.133,0.020,1.020,0.199,-0.277,0.551,0.060,0.006,1.149,1.271,2,NULL,NULL,,3,0,2,7,255,1036,250,0,0
stim,18665,48786,0,48786,3246109.455,0.865,-0.066,-0.052,0.495,2359,313,1917,2731,2643,2538,1509,2779,56,1.216,1,2080,1,65.982,0.410,-46.500,-18.063,-43.188,-0.133,-0.020,0.977,-0.078,-0.402,0.246,0.062,0.008,1.149,1.271,2,NULL,NULL,,3,0,2,7,255,1036,250,0,0
stim,18665,48786,0,48786,3246114.453,0.864,-0.063,-0.053,0.496,2276,325,2013,2699,2668,2547,1612,2777,56,1.216,1,2080,1,65.947,0.595,-44.875,-19.563,-44.188,-0.152,-0.047,0.984,-0.391,-0.449,-0.063,0.064,0.010,1.149,1.271,2,NULL,NULL,,3,0,2,7,255,1036,250,0,0
stim,18665,48786,0,48786,3246119.455,0.863,-0.061,-0.053,0.498,2195,333,2119,2659,2707,2542,1709,2799,56,1.216,1,2080,1,71.921,0.852,-49.438,-20.313,-48.125,-0.156,-0.070,1.031,-0.688,-0.504,-0.063,0.066,0.012,1.149,1.271,2,NULL,NULL,,3,0,2,7,255,1036,250,0,0
stim,18710,48831,0,48831,3246124.454,0.863,-0.058,-0.054,0.500,2119,323,2227,2603,2728,2552,1803,2815,56,1.216,1,2080,0,79.182,0.857,-57.813,-21.563,-49.625,-0.145,-0.055,1.020,-0.688,-0.512,0.289,0.068,0.014,1.149,1.271,2,NULL,NULL,,3,0,2,7,255,1036,250,0,0
stim,18710,48831,0,48831,3246129.455,0.862,-0.055,-0.054,0.501,2020,318,2310,2567,2758,2555,1900,2835,56,1.216,1,2080,0,79.510,0.820,-58.750,-22.625,-48.563,-0.125,-0.020,0.945,-0.641,-0.512,0.289,0.070,0.012,1.149,1.271,2,NULL,NULL,,3,0,2,7,255,1036,250,0,0
stim,18710,48831,0,48831,3246134.453,0.861,-0.052,-0.054,0.503,1911,317,2383,2509,2773,2551,2005,2859,56,1.216,1,2080,0,72.158,0.442,-49.813,-24.688,-46.000,-0.125,-0.023,0.922,-0.277,-0.344,-0.480,0.070,0.012,1.149,1.271,2,NULL,NULL,,3,0,2,7,255,1036,250,0,0
stim,18710,48831,0,48831,3246139.455,0.860,-0.050,-0.054,0.505,1801,309,2457,2439,2806,2563,2093,2869,56,1.216,1,2080,0,66.588,0.442,-41.625,-26.750,-44.563,-0.125,-0.031,0.969,-0.277,-0.344,-0.480,0.070,0.010,1.149,1.271,2,NULL,NULL,,3,0,2,7,255,1036,250,0,0
stim,18710,48831,0,48831,3246144.454,0.859,-0.048,-0.054,0.506,1641,299,2517,2335,2827,2567,2157,2875,56,1.216,1,2080,0,65.549,0.453,-38.500,-28.688,-44.625,-0.133,-0.039,1.008,-0.285,-0.352,-0.234,0.070,0.006,1.149,1.271,2,NULL,NULL,,3,0,2,7,255,1036,250,0,0
stim,18710,48831,0,48831,3246149.455,0.859,-0.046,-0.054,0.508,1436,283,2571,2227,2847,2555,2231,2897,56,1.216,1,2080,0,64.074,0.474,-37.563,-29.625,-42.625,-0.117,-0.035,1.020,-0.285,-0.379,0.168,0.070,0.004,1.149,1.271,2,NULL,NULL,,3,0,2,7,255,1036,250,0,0
stim,18710,48831,0,48831,3246154.453,0.858,-0.043,-0.054,0.509,1243,263,2613,2118,2865,2555,2297,2899,56,1.216,1,2080,0,61.517,0.398,-35.625,-31.375,-39.125,-0.121,-0.031,1.020,-0.188,-0.352,0.250,0.070,0.004,1.149,1.271,2,NULL,NULL,,3,0,2,7,255,1036,250,0,0
stim,18710,48831,0,48831,3246159.455,0.857,-0.041,-0.053,0.511,1099,239,2648,1961,2844,2553,2357,2907,56,1.216,1,2080,0,60.000,0.381,-34.313,-32.813,-36.688,-0.109,-0.008,1.031,-0.164,-0.344,0.262,0.070,0.008,1.149,1.271,2,NULL,NULL,,3,0,2,7,255,1036,250,0,0
stim,18731,48852,0,48852,3246164.453,0.857,-0.039,-0.053,0.512,921,206,2693,1754,2905,2547,2409,2931,56,1.216,1,2080,0,60.041,0.364,-33.188,-33.125,-37.500,-0.094,-0.012,1.020,0.121,-0.344,0.262,0.070,0.012,1.149,1.271,2,NULL,NULL,,3,0,2,7,255,1036,250,0,0
stim,18731,48852,0,48852,3246169.455,0.856,-0.037,-0.052,0.513,607,169,2731,1492,2921,2548,2475,2931,56,1.216,1,2080,0,55.527,0.420,-29.313,-35.375,-31.188,-0.082,-0.055,1.016,0.121,-0.402,0.227,0.068,0.014,1.149,1.271,2,NULL,NULL,,3,0,2,7,255,1036,250,0,0
stim,18731,48852,0,48852,3246174.455,0.856,-0.035,-0.051,0.514,415,90,2757,1291,2938,2536,2535,2949,56,1.216,1,2080,0,51.901,0.545,-26.125,-37.563,-24.500,-0.086,-0.047,1.027,-0.102,-0.535,0.227,0.068,0.018,1.149,1.271,2,NULL,NULL,,3,0,2,7,255,1036,250,0,0
stim,18731,48852,0,48852,3246179.455,0.855,-0.033,-0.050,0.515,245,61,2791,1042,2963,2527,2573,2955,56,1.216,1,2080,0,50.584,0.545,-22.250,-39.500,-22.438,-0.125,-0.027,1.047,-0.102,-0.535,0.301,0.068,0.020,1.149,1.271,2,NULL,NULL,,3,0,2,7,255,1036,250,0,0
stim,18759,48880,0,48880,3246184.453,0.855,-0.032,-0.049,0.516,93,23,2823,767,2971,2510,2629,2959,56,1.216,1,2080,0,53.233,0.128,-19.875,-42.063,-25.875,-0.086,0.035,1.043,-0.066,-0.109,0.438,0.070,0.022,1.149,1.271,2,NULL,NULL,,3,0,2,7,255,1036,250,0,0
stim,18759,48880,0,48880,3246189.455,0.854,-0.030,-0.047,0.517,29,0,2838,511,2982,2489,2647,2965,56,1.216,1,2080,0,55.160,0.631,-17.438,-45.125,-26.500,-0.055,0.059,1.078,0.621,-0.109,0.520,0.070,0.022,1.149,1.271,2,NULL,NULL,,3,0,2,7,255,1036,250,0,0
stim,18759,48880,0,48880,3246194.454,0.854,-0.028,-0.046,0.517,0,0,2867,330,2991,2482,2684,2980,56,1.216,1,2080,0,55.745,1.021,-17.875,-47.000,-24.063,0.004,0.121,1.051,0.996,-0.223,0.438,0.072,0.024,1.149,1.271,2,NULL,NULL,,3,0,2,7,255,1036,250,0,0
stim,18759,48880,0,48880,3246199.455,0.854,-0.027,-0.044,0.518,0,0,2875,213,3007,2446,2707,2979,56,1.216,1,2080,0,57.273,1.262,-16.875,-48.688,-25.000,-0.051,0.090,1.059,1.242,-0.223,0.547,0.072,0.026,1.149,1.271,2,NULL,NULL,,3,0,2,7,255,1036,250,0,0
stim,18759,48880,0,48880,3246204.453,0.854,-0.026,-0.042,0.518,0,0,2892,149,3019,2420,2732,2983,56,1.216,1,2080,0,58.127,1.242,9.250,-57.375,-1.125,-0.227,0.000,1.195,1.242,-0.008,0.547,0.074,0.026,1.149,1.271,2,NULL,NULL,,3,0,2,7,255,1036,250,0,0
stim,18759,48880,0,48880,3246209.455,0.854,-0.025,-0.039,0.518,0,0,2915,121,3045,2407,2771,2989,56,1.216,1,2080,0,69.468,1.083,21.000,-66.125,3.500,-0.410,-0.141,1.402,-0.246,1.055,2.074,0.078,0.026,1.149,1.271,2,NULL,NULL,,3,0,2,7,255,1036,250,0,0
stim,18810,48931,0,48931,3246214.453,0.854,-0.025,-0.036,0.519,0,0,2920,59,3053,2387,2799,2997,56,1.216,1,2080,0,85.030,2.890,38.375,-75.688,-5.375,-0.504,-0.141,1.676,-2.195,1.879,4.289,0.080,0.024,1.149,1.271,2,NULL,NULL,,3,0,2,7,255,1036,250,0,0
stim,18810,48931,0,48931,3246219.455,0.854,-0.024,-0.032,0.519,0,0,2934,33,3051,2341,2835,3011,56,1.216,1,2080,0,88.090,3.266,16.750,-86.438,-2.813,-0.320,0.168,1.793,-2.195,2.418,7.035,0.082,0.022,1.149,1.271,3,NULL,NULL,,3,0,2,7,255,1036,250,0,0
stim,18810,48931,0,48931,3246224.454,0.854,-0.020,-0.030,0.519,0,0,2949,7,3060,2286,2860,3004,56,1.216,1,2080,0,105.884,2.599,-60.563,-85.625,-14.563,-0.070,0.246,1.516,0.953,2.418,7.035,0.082,0.022,1.149,1.271,3,NULL,NULL,,3,0,2,7,255,1036,250,0,0
stim,18810,48931,0,48931,3246229.455,0.854,-0.015,-0.028,0.519,0,0,2939,0,3064,2227,2867,2997,56,1.216,1,2080,0,115.409,2.235,-69.813,-91.063,12.375,-0.043,0.188,1.184,2.047,0.898,4.984,0.078,0.026,1.149,1.271,3,NULL,NULL,,3,0,2,7,255,1036,250,0,0
stim,18810,48931,0,48931,3246234.453,0.856,-0.012,-0.025,0.517,0,0,2952,0,3079,2153,2888,2997,56,1.216,1,2080,0,116.753,2.235,-34.313,-101.563,46.250,-0.207,0.176,1.141,2.047,0.898,1.711,0.072,0.032,1.149,1.271,3,NULL,NULL,,3,0,2,7,255,1036,250,0,0
stim,18810,48931,0,48931,3246239.455,0.857,-0.009,-0.022,0.515,0,0,2963,0,3087,2058,2915,3003,56,1.216,1,2080,0,116.893,2.439,-13.563,-109.313,39.125,-0.336,0.078,1.238,1.141,2.156,1.711,0.066,0.040,1.149,1.271,3,NULL,NULL,,3,0,2,7,255,1036,250,0,0
stim,18810,48931,0,48931,3246244.454,0.857,-0.006,-0.018,0.514,0,0,2961,0,3093,1945,2931,2992,56,1.216,1,2080,0,116.999,2.331,-13.438,-114.813,18.063,-0.340,-0.078,1.316,-0.297,2.313,2.426,0.064,0.046,1.149,1.271,3,NULL,NULL,,3,0,2,7,255,1036,250,0,0
stim,18810,48931,0,48931,3246249.455,0.858,-0.003,-0.014,0.514,0,0,2968,0,3105,1799,2937,2999,56,1.216,1,2080,0,122.649,2.849,-18.375,-120.625,12.438,-0.262,-0.191,1.328,-1.664,2.313,3.242,0.064,0.052,1.149,1.271,3,NULL,NULL,,3,0,2,7,255,1036,250,0,0
stim,18829,48950,0,48950,3246254.453,0.858,0.001,-0.010,0.513,0,0,2951,0,3111,1635,2953,2989,56,1.216,1,2080,0,130.111,2.604,-24.688,-126.438,18.250,-0.219,-0.219,1.277,-2.297,1.227,3.242,0.066,0.058,1.149,1.271,3,NULL,NULL,,3,0,2,7,255,1036,250,0,0
stim,18829,48950,0,48950,3246259.455,0.859,0.005,-0.006,0.512,0,0,2936,0,3103,1428,2957,2980,56,1.216,1,2080,0,137.040,2.564,-26.063,-132.438,23.688,-0.223,-0.191,1.219,-2.297,1.141,2.844,0.066,0.068,1.149,1.271,3,NULL,NULL,,3,0,2,7,255,1036,250,0,0
stim,18829,48950,0,48950,3246264.454,0.860,0.009,-0.002,0.511,0,0,2937,0,3111,1200,2977,2979,56,1.216,1,2080,0,142.155,2.533,-21.188,-138.438,24.375,-0.238,-0.129,1.168,-2.262,1.141,2.219,0.066,0.078,1.149,1.271,3,NULL,NULL,,3,0,2,7,255,1036,250,0,0
stim,18829,48950,0,48950,3246269.455,0.860,0.012,0.003,0.510,0,0,2911,0,3119,964,2989,2963,56,1.216,1,2080,0,146.980,2.499,-13.438,-145.000,19.938,-0.242,-0.082,1.117,-1.844,1.688,1.656,0.062,0.092,1.149,1.271,3,NULL,NULL,,3,0,2,7,255,1036,250,0,0
stim,18829,48950,0,48950,3246274.454,0.861,0.015,0.009,0.509,0,0,2892,0,3124,661,2988,2959,56,1.216,1,2080,0,152.901,2.628,-1.313,-152.063,15.938,-0.234,-0.090,1.109,-1.652,2.043,1.121,0.056,0.104,1.149,1.271,3,NULL,NULL,,3,0,2,7,255,1036,250,0,0
stim,18829,48950,0,48950,3246279.455,0.861,0.019,0.014,0.508,0,0,2868,0,3115,496,2985,2927,56,1.216,1,2080,0,160.653,2.628,9.188,-159.688,15.000,-0.223,-0.137,1.133,-1.652,2.043,1.121,0.050,0.116,1.149,1.271,3,NULL,NULL,,3,0,2,7,255,1036,250,0,0
stim,18851,48972,0,48972,3246284.454,0.861,0.022,0.021,0.507,0,0,2843,0,3129,327,2995,2917,56,1.216,1,2080,0,168.896,2.793,17.188,-167.563,12.375,-0.219,-0.176,1.168,-2.066,1.879,1.246,0.048,0.128,1.149,1.271,3,NULL,NULL,,3,0,2,7,255,1036,250,0,0
stim,18851,48972,0,48972,3246289.455,0.862,0.025,0.027,0.506,0,0,2803,0,3139,131,3005,2893,56,1.216,1,2080,0,176.574,2.984,18.500,-175.188,12.063,-0.180,-0.176,1.246,-2.383,1.797,1.563,0.048,0.142,1.149,1.271,3,NULL,NULL,,3,0,2,7,255,1036,250,0,0
stim,18851,48972,0,48972,3246294.453,0.862,0.028,0.034,0.505,0,0,2757,0,3123,69,3011,2855,56,1.216,1,2080,0,183.704,2.984,22.500,-182.000,10.813,-0.219,-0.105,1.250,-2.383,1.797,2.238,0.054,0.156,1.149,1.271,3,NULL,NULL,,3,0,2,7,255,1036,250,0,0
stim,18851,48972,0,48972,3246299.455,0.862,0.031,0.042,0.505,0,0,2711,0,3117,0,3019,2827,56,1.216,1,2080,0,193.770,3.248,27.688,-191.688,6.000,-0.223,0.047,1.371,-2.074,2.500,2.324,0.060,0.170,1.149,1.271,3,NULL,NULL,,3,0,2,7,255,1036,250,0,0
stim,18877,48998,0,48998,3246304.453,0.861,0.034,0.050,0.504,0,0,2648,0,3131,0,3007,2772,56,1.216,1,2080,0,205.158,3.655,35.500,-202.063,-0.563,-0.262,0.176,1.578,-0.957,3.527,3.297,0.070,0.186,1.149,1.271,3,NULL,NULL,,3,0,2,7,255,1036,250,0,0
stim,18877,48998,0,48998,3246309.455,0.861,0.038,0.059,0.504,0,0,2555,0,3112,0,3005,2718,56,1.216,1,2080,0,214.662,4.911,22.875,-213.375,-5.250,-0.305,0.242,1.824,-0.207,4.906,5.145,0.080,0.200,1.149,1.271,3,NULL,NULL,,3,0,2,7,255,1036,250,0,0
stim,18877,48998,0,48998,3246314.454,0.860,0.043,0.068,0.503,0,0,2458,0,3104,0,3001,2660,56,1.216,1,2080,0,226.492,6.168,6.375,-226.250,-8.313,-0.430,0.184,2.121,-0.207,6.164,7.398,0.094,0.216,1.149,1.271,3,NULL,NULL,,3,0,2,7,255,1036,250,0,0
stim,18877,48998,0,48998,3246319.455,0.860,0.048,0.077,0.503,0,0,2335,0,3109,0,3013,2595,56,1.216,1,2080,0,248.376,7.806,-5.563,-248.313,-0.750,-0.555,0.199,2.383,-1.504,7.660,9.980,0.106,0.230,1.149,1.271,3,NULL,NULL,,3,0,2,7,255,1036,250,0,0
stim,18914,49035,0,49035,3246324.454,0.859,0.055,0.087,0.501,0,0,2201,0,3093,0,2989,2507,56,1.216,1,2080,0,275.744,9.742,-15.313,-275.063,11.875,-0.598,0.461,2.605,-1.504,9.625,12.094,0.124,0.246,1.149,1.271,3,NULL,NULL,,3,0,2,7,255,1036,250,0,0
stim,18914,49035,0,49035,3246329.455,0.859,0.063,0.097,0.500,0,0,2045,0,3065,1,2974,2389,56,1.216,1,2080,0,306.541,12.150,-47.750,-302.125,20.188,-0.605,0.840,2.691,-0.652,12.133,13.828,0.144,0.266,1.149,1.271,3,NULL,NULL,,3,0,2,7,255,1036,250,0,0
stim,18914,49035,0,49035,3246334.454,0.858,0.074,0.107,0.498,0,0,1905,0,3044,26,2963,2257,56,1.216,1,2080,0,337.282,14.927,-78.000,-327.438,21.438,-0.648,1.027,2.734,2.238,14.758,13.945,0.170,0.290,1.149,1.271,3,NULL,NULL,,3,0,2,7,255,1036,250,0,0
stim,18914,49035,0,49035,3246339.455,0.856,0.085,0.118,0.496,0,0,1779,0,3015,39,2924,2120,56,1.216,1,2080,0,369.694,16.992,-111.125,-351.875,22.563,-0.754,1.027,2.852,2.645,16.785,14.148,0.202,0.322,1.149,1.271,3,NULL,NULL,,3,0,2,7,255,1036,250,0,0
stim,18914,49035,0,49035,3246344.453,0.854,0.099,0.129,0.494,0,0,1677,0,2971,41,2887,1947,56,1.216,1,2080,0,401.675,18.893,-140.563,-375.938,16.000,-0.863,1.055,2.945,2.645,18.707,14.090,0.242,0.360,1.149,1.271,3,NULL,NULL,,3,0,2,7,255,1036,250,0,0
stim,18914,49035,0,49035,3246349.455,0.851,0.114,0.140,0.493,0,0,1565,0,2927,47,2828,1767,56,1.216,1,2080,0,433.456,20.999,-165.625,-400.563,-1.563,-0.930,1.176,3.051,2.645,20.832,14.090,0.288,0.406,1.149,1.271,3,NULL,NULL,,3,0,2,7,255,1036,250,0,0
stim,18914,49035,0,49035,3246354.454,0.847,0.130,0.151,0.492,0,0,1461,0,2861,31,2741,1631,56,1.216,1,2080,0,464.575,23.251,-196.625,-420.250,-23.625,-1.000,1.008,2.977,2.145,23.152,13.938,0.346,0.458,1.149,1.271,3,NULL,NULL,,3,0,2,7,255,1036,250,0,0
stim,18914,49035,0,49035,3246359.455,0.843,0.147,0.164,0.492,0,0,1319,0,2781,6,2629,1482,56,1.216,1,2080,0,491.232,23.175,-197.125,-448.625,-34.438,-0.996,0.648,2.895,1.023,23.152,12.223,0.410,0.520,1.149,1.271,3,NULL,NULL,,3,0,2,7,255,1036,250,0,0
stim,18914,49035,0,49035,3246364.453,0.837,0.164,0.177,0.490,0,0,1157,0,2681,0,2449,1323,56,1.216,1,2080,0,510.840,23.055,-192.125,-472.188,-32.938,-0.953,0.660,2.867,-1.695,22.992,10.922,0.484,0.592,1.149,1.271,3,NULL,NULL,,3,0,2,7,255,1036,250,0,0
stim,18914,49035,0,49035,3246369.455,0.831,0.181,0.191,0.489,0,0,987,0,2550,0,2202,1174,56,1.216,1,2080,0,519.648,23.055,-186.313,-482.938,-45.750,-0.879,0.652,2.910,-1.695,22.992,9.836,0.568,0.674,1.149,1.271,3,NULL,NULL,,3,0,2,7,255,1036,250,0,0
stim,18943,49064,0,49064,3246374.454,0.825,0.197,0.205,0.488,0,0,788,0,2391,0,1896,997,56,1.216,1,2080,0,526.022,23.055,-177.875,-491.625,-58.000,-0.746,0.348,3.027,-1.695,22.992,9.836,0.658,0.762,1.149,1.271,3,NULL,NULL,,3,0,2,7,255,1036,250,0,0
stim,18943,49064,0,49064,3246379.455,0.818,0.215,0.220,0.486,0,0,604,0,2153,0,1523,880,56,1.216,1,2080,0,542.229,23.013,-181.000,-510.000,-33.938,-0.711,-0.172,2.949,-3.762,22.703,9.836,0.754,0.856,1.149,1.271,3,NULL,NULL,,3,0,2,7,255,1036,250,0,0
stim,18943,49064,0,49064,3246384.453,0.811,0.233,0.234,0.482,0,0,396,0,1891,0,1055,747,56,1.216,1,2080,0,568.260,22.390,-208.938,-528.313,12.250,-0.637,-0.543,2.461,-8.188,20.840,9.836,0.852,0.956,1.149,1.271,3,NULL,NULL,,3,0,2,7,255,1036,250,0,0
stim,18943,49064,0,49064,3246389.455,0.804,0.252,0.249,0.477,0,0,208,0,1559,0,523,627,56,1.216,1,2080,0,576.483,19.084,-203.188,-539.375,11.063,-0.484,-0.527,1.727,-8.941,16.859,6.113,0.956,1.062,1.149,1.271,3,NULL,NULL,,3,0,2,7,255,1036,250,0,0
stim,18965,49086,0,49086,3246394.454,0.797,0.268,0.265,0.472,0,0,89,0,1209,0,149,487,56,1.216,1,2080,0,562.631,14.974,-124.063,-548.625,13.125,-0.410,-0.293,1.406,-8.941,12.012,0.742,1.064,1.168,1.149,1.271,3,NULL,NULL,,3,0,2,7,255,1036,250,0,0
stim,18965,49086,0,49086,3246399.455,0.791,0.281,0.282,0.464,0,0,47,0,733,0,0,397,56,1.216,1,2080,0,546.512,13.551,-33.875,-544.188,37.250,-0.477,0.270,1.793,-6.273,12.012,-1.734,1.168,1.276,1.149,1.271,3,NULL,NULL,,3,0,2,7,255,1036,250,0,0
stim,18965,49086,0,49086,3246404.453,0.787,0.294,0.299,0.452,0,0,21,0,237,0,0,327,56,1.216,1,2080,0,560.721,17.040,-9.813,-549.563,110.875,-1.059,0.375,2.270,-5.016,16.285,-2.133,1.270,1.380,1.149,1.271,3,NULL,NULL,,3,0,2,7,255,1036,250,0,0
stim,18965,49086,0,49086,3246409.455,0.783,0.310,0.314,0.438,0,0,7,0,0,0,0,271,56,1.216,1,2080,0,604.449,24.087,-58.813,-566.875,201.375,-1.539,0.434,2.277,-5.016,23.559,-3.930,1.362,1.476,1.149,1.271,3,NULL,NULL,,3,0,2,7,255,1036,250,0,0
stim,18965,49086,0,49086,3246414.453,0.777,0.327,0.328,0.427,0,0,0,0,0,0,0,211,56,1.216,1,2080,0,589.730,25.468,-139.313,-548.563,165.688,-1.480,0.895,1.914,-5.016,24.969,-8.801,1.446,1.562,1.149,1.271,3,NULL,NULL,,3,0,2,7,255,1036,250,0,0
stim,18965,49086,0,49086,3246419.455,0.768,0.345,0.338,0.420,0,0,0,0,0,0,0,122,56,1.216,1,2080,0,542.433,25.071,-242.000,-481.188,64.250,-0.883,1.469,1.398,-2.266,24.969,-12.836,1.524,1.644,1.149,1.271,4,NULL,NULL,,3,0,2,7,255,1036,250,0,0
stim,19009,49130,0,49130,3246424.454,0.758,0.366,0.343,0.417,0,0,0,0,0,0,0,124,56,1.216,1,2080,0,537.188,21.315,-362.938,-388.813,75.313,-0.832,1.730,0.805,6.297,20.363,-13.406,1.604,1.726,1.149,1.271,0,NULL,NULL,,3,0,2,7,255,1036,250,0,0
stim,19009,49130,0,49130,3246429.455,0.748,0.388,0.341,0.416,0,0,0,0,0,0,0,124,56,1.216,1,2080,0,557.490,18.822,-478.625,-264.438,108.563,-0.477,2.043,-0.391,10.125,15.867,-17.516,1.692,1.816,1.149,1.271,0,NULL,NULL,,3,0,2,7,255,1036,250,0,0
stim,19009,49130,0,49130,3246434.453,0.742,0.401,0.339,0.416,0,0,0,0,0,0,0,111,56,1.216,1,2080,0,343.655,11.207,-309.063,-143.563,44.375,-0.504,0.891,-0.863,10.125,4.805,-20.508,1.786,1.914,1.149,1.271,0,NULL,NULL,,3,0,2,7,255,1036,250,0,0
stim,19009,49130,0,49130,3246439.455,0.742,0.403,0.341,0.414,0,0,0,0,0,0,0,99,56,1.216,1,2080,0,65.285,6.964,7.625,-57.250,30.438,-0.934,-0.785,0.078,6.824,1.391,-20.508,1.884,2.012,1.149,1.271,0,NULL,NULL,,3,0,2,7,255,1036,250,0,0
stim,19009,49130,0,49130,3246444.454,0.743,0.401,0.341,0.414,0,0,0,0,0,0,0,88,56,1.216,1,2080,0,48.511,11.041,42.938,22.313,3.438,-1.332,-1.086,1.563,-10.953,1.391,-14.645,1.972,2.100,1.149,1.271,0,NULL,NULL,,3,0,2,7,255,1036,250,0,0
stim,19009,49130,0,49130,3246449.455,0.742,0.402,0.336,0.419,0,0,0,0,0,0,0,75,56,1.216,1,2080,0,168.961,18.353,-120.313,112.250,-38.375,-1.309,-0.234,1.480,-10.953,14.727,-13.363,2.038,2.168,1.149,1.271,0,NULL,NULL,,3,0,2,7,255,1036,250,0,0
stim,19009,49130,0,49130,3246454.453,0.740,0.405,0.327,0.427,0,0,0,0,0,0,0,59,56,1.216,1,2080,0,272.516,17.527,-198.625,181.750,-42.188,-0.977,0.949,0.359,-9.504,14.727,-13.363,2.084,2.212,1.149,1.271,0,NULL,NULL,,3,0,2,7,255,1036,250,0,0
stim,19009,49130,0,49130,3246459.455,0.741,0.404,0.318,0.433,0,0,0,0,0,0,0,37,56,1.216,1,2080,0,245.915,9.972,-112.313,218.375,-13.125,-0.859,1.453,-0.145,3.867,9.191,-19.273,2.116,2.242,1.149,1.271,0,NULL,NULL,,3,0,2,7,255,1036,250,0,0
stim,19032,49153,0,49153,3246464.454,0.744,0.400,0.311,0.437,0,0,0,0,0,0,0,21,56,1.216,1,2080,0,233.330,10.537,-2.875,233.188,7.625,-1.016,1.102,0.273,5.152,9.191,-20.266,2.154,2.282,1.149,1.271,0,NULL,NULL,,3,0,2,7,255,1036,250,0,0
stim,19032,49153,0,49153,3246469.455,0.747,0.395,0.303,0.441,0,0,0,0,0,0,0,29,56,1.216,1,2080,0,245.630,10.564,1.438,245.625,-0.688,-1.113,0.500,0.805,5.152,9.223,-20.266,2.210,2.342,1.149,1.271,0,NULL,NULL,,3,0,2,7,255,1036,250,0,0
stim,19032,49153,0,49153,3246474.454,0.749,0.392,0.294,0.447,0,0,0,0,0,0,0,28,56,1.216,1,2080,0,262.502,10.610,-62.750,254.688,-10.188,-0.957,0.223,0.703,-0.922,10.570,-16.277,2.280,2.414,1.149,1.271,0,NULL,NULL,,3,0,2,7,255,1036,250,0,0
stim,19032,49153,0,49153,3246479.455,0.750,0.390,0.283,0.453,0,0,0,0,0,0,0,31,56,1.216,1,2080,0,277.818,10.610,-100.063,259.125,4.938,-0.691,0.355,0.164,-0.922,10.570,-15.445,2.352,2.488,1.149,1.271,0,NULL,NULL,,3,0,2,7,255,1036,250,0,0
stim,19059,49180,0,49180,3246484.454,0.753,0.387,0.273,0.457,0,0,0,0,0,0,0,35,56,1.216,1,2080,0,263.531,5.340,-65.938,253.438,29.500,-0.703,0.352,-0.309,0.070,5.340,-15.445,2.424,2.560,1.149,1.271,0,NULL,NULL,,3,0,2,7,255,1036,250,0,0
stim,19059,49180,0,49180,3246489.455,0.756,0.382,0.264,0.461,0,0,0,0,0,0,0,39,56,1.216,1,2080,0,252.715,1.547,-3.438,250.625,32.250,-0.688,0.398,-0.367,0.117,1.543,-17.918,2.492,2.630,1.149,1.271,0,NULL,NULL,,3,0,2,7,255,1036,250,0,0
stim,19059,49180,0,49180,3246494.453,0.760,0.376,0.256,0.464,0,0,0,0,0,0,0,34,56,1.216,1,2080,0,257.695,1.634,34.750,253.375,31.625,-0.531,0.398,-0.156,0.539,1.543,-17.918,2.562,2.698,1.149,1.271,0,NULL,NULL,,3,0,2,7,255,1036,250,0,0
stim,19059,49180,0,49180,3246499.455,0.764,0.370,0.248,0.466,0,0,0,0,0,0,0,31,56,1.216,1,2080,0,266.398,2.633,42.938,258.438,48.313,-0.422,0.359,-0.051,1.137,2.375,-15.926,2.624,2.762,1.149,1.271,0,NULL,NULL,,3,0,2,7,255,1036,250,0,0
stim,19059,49180,0,49180,3246504.453,0.769,0.364,0.239,0.468,0,0,0,0,0,0,0,33,56,1.216,1,2080,0,276.780,2.911,55.313,264.000,62.063,-0.469,0.324,-0.082,1.137,2.680,-14.676,2.674,2.812,1.149,1.271,0,NULL,NULL,,3,0,2,7,255,1036,250,0,0
stim,19059,49180,0,49180,3246509.455,0.774,0.356,0.231,0.470,0,0,0,0,0,0,0,31,56,1.216,1,2080,0,290.927,2.774,84.813,270.563,65.125,-0.484,0.254,-0.020,0.703,2.684,-14.352,2.706,2.846,1.149,1.271,0,NULL,NULL,,3,0,2,7,255,1036,250,0,0
stim,19109,49230,0,49230,3246514.454,0.780,0.347,0.223,0.471,0,0,0,0,0,0,0,39,56,1.216,1,2080,0,306.712,3.180,111.688,277.625,67.250,-0.461,0.215,0.195,-0.004,3.180,-14.090,2.724,2.864,1.149,1.271,0,NULL,NULL,,3,0,2,7,255,1036,250,0,0
stim,19109,49230,0,49230,3246519.455,0.786,0.337,0.215,0.472,0,0,0,0,0,0,0,40,56,1.216,1,2080,0,319.521,4.617,120.000,287.875,69.438,-0.453,0.254,0.469,-0.004,4.617,-12.355,2.732,2.872,1.149,1.271,0,NULL,NULL,,3,0,2,7,255,1036,250,0,0
stim,19109,49230,0,49230,3246524.454,0.792,0.328,0.206,0.473,0,0,0,0,0,0,0,36,56,1.216,1,2080,0,327.411,6.770,113.188,299.375,69.000,-0.480,0.328,0.645,0.105,6.770,-10.520,2.730,2.874,1.149,1.271,0,NULL,NULL,,3,0,2,7,255,1036,250,0,0
stim,19109,49230,0,49230,3246529.455,0.797,0.318,0.196,0.475,0,0,0,0,0,0,0,27,56,1.216,1,2080,0,334.319,8.452,105.625,311.250,61.125,-0.527,0.352,0.754,0.617,8.430,-9.551,2.728,2.870,1.149,1.271,0,NULL,NULL,,3,0,2,7,255,1036,250,0,0
stim,19109,49230,0,49230,3246534.454,0.802,0.308,0.186,0.477,0,0,0,0,0,0,0,20,56,1.216,1,2080,0,342.283,9.411,100.563,322.500,55.125,-0.473,0.258,0.836,0.617,9.391,-8.906,2.724,2.870,1.149,1.271,0,NULL,NULL,,3,0,2,7,255,1036,250,0,0
stim,19109,49230,0,49230,3246539.455,0.807,0.298,0.176,0.479,0,0,0,0,0,0,0,23,56,1.216,1,2080,0,349.025,9.540,93.250,332.563,50.250,-0.578,0.273,0.941,0.094,9.539,-7.434,2.726,2.872,1.149,1.271,0,NULL,NULL,,3,0,2,7,255,1036,250,0,0
stim,19109,49230,0,49230,3246544.453,0.811,0.288,0.165,0.482,0,0,0,0,0,0,0,14,56,1.216,1,2080,0,353.574,10.623,82.750,342.438,30.063,-0.566,0.234,0.973,-0.188,10.621,-7.000,2.734,2.880,1.149,1.271,0,NULL,NULL,,3,0,2,7,255,1036,250,0,0
stim,19109,49231,0,49231,3246549.455,0.814,0.278,0.154,0.486,0,0,0,0,0,0,0,19,56,1.216,1,2080,0,359.541,10.623,74.813,351.063,20.688,-0.457,0.184,0.977,-0.211,10.621,-6.266,2.750,2.896,1.149,1.271,0,NULL,NULL,,3,0,2,7,255,1036,250,0,0
stim,19129,49250,0,49250,3246554.454,0.817,0.268,0.143,0.489,0,0,0,0,0,0,0,13,56,1.216,1,2080,0,365.462,9.600,68.625,358.438,19.375,-0.414,0.191,0.957,-0.211,9.598,-5.203,2.774,2.920,1.149,1.271,0,NULL,NULL,,3,0,2,7,255,1036,250,0,0
stim,19129,49250,0,49250,3246559.455,0.821,0.258,0.131,0.493,0,0,0,0,0,0,0,10,56,1.216,1,2080,0,370.681,9.075,65.813,364.313,18.688,-0.410,0.180,0.902,0.098,9.074,-4.988,2.804,2.952,1.149,1.271,0,NULL,NULL,,3,0,2,7,255,1036,250,0,0
stim,19129,49250,0,49250,3246564.453,0.823,0.248,0.120,0.496,0,0,0,0,0,0,0,13,56,1.216,1,2080,0,376.122,8.536,69.125,369.563,10.625,-0.406,0.141,0.832,0.098,8.535,-4.988,2.840,2.990,1.149,1.271,0,NULL,NULL,,3,0,2,7,255,1036,250,0,0
stim,19129,49250,0,49250,3246569.455,0.826,0.237,0.108,0.500,0,0,0,0,0,0,0,10,56,1.216,1,2080,0,380.816,7.858,79.375,372.438,3.250,-0.363,0.105,0.781,-0.180,7.855,-5.051,2.880,3.030,1.149,1.271,0,NULL,NULL,,3,0,2,7,255,1036,250,0,0
stim,19129,49250,0,49250,3246574.454,0.828,0.225,0.097,0.504,0,0,0,0,0,0,0,14,56,1.216,1,2080,0,385.036,6.991,94.500,373.250,2.625,-0.305,0.094,0.789,-0.180,6.988,-5.051,2.922,3.074,1.149,1.271,0,NULL,NULL,,3,0,2,7,255,1036,250,0,0
stim,19129,49250,0,49250,3246579.455,0.831,0.213,0.086,0.507,0,0,0,0,0,0,0,16,56,1.216,1,2080,0,388.501,6.391,109.438,372.750,3.750,-0.262,0.125,0.832,0.031,6.391,-4.512,2.966,3.118,1.149,1.271,0,NULL,NULL,,3,0,2,7,255,1036,250,0,0
stim,19151,49272,1,49272,3246584.453,0.833,0.200,0.075,0.511,0,0,0,0,0,0,0,15,56,1.216,1,2080,0,390.792,6.182,122.938,370.938,3.188,-0.176,0.098,0.855,0.605,6.152,-3.848,3.010,3.162,1.149,1.271,0,NULL,NULL,,3,1,2,7,255,1036,250,0,0
stim,19151,49272,1,49272,3246589.455,0.835,0.187,0.065,0.513,0,0,0,0,0,0,0,17,56,1.216,1,2080,0,392.354,5.304,139.625,366.563,8.875,-0.102,0.023,0.871,0.605,5.270,-3.117,3.052,3.206,1.149,1.271,0,NULL,NULL,,3,1,2,7,255,1036,250,0,0
stim,19151,49272,1,49272,3246594.453,0.837,0.173,0.055,0.515,0,0,0,0,0,0,0,17,56,1.216,1,2080,0,393.877,4.395,157.813,360.250,21.313,-0.090,0.078,0.945,0.848,4.313,-2.383,3.094,3.248,1.149,1.271,0,NULL,NULL,,3,1,2,7,255,1036,250,0,0
stim,19151,49272,1,49272,3246599.455,0.840,0.159,0.046,0.517,0,0,0,0,0,0,0,20,56,1.216,1,2080,0,395.420,4.480,176.250,352.563,31.500,-0.113,0.184,1.102,1.215,4.313,-1.652,3.132,3.290,1.149,1.271,0,NULL,NULL,,3,1,2,7,255,1036,250,0,0
stim,19177,49298,1,49298,3246604.454,0.842,0.144,0.037,0.518,0,0,0,0,0,0,0,22,56,1.216,1,2080,0,393.834,5.604,183.188,346.938,34.375,-0.105,0.207,1.250,2.223,5.145,-0.379,3.172,3.330,1.149,1.271,0,NULL,NULL,,3,1,2,7,255,1036,250,0,0
stim,19177,49298,1,49298,3246609.455,0.845,0.129,0.029,0.519,0,0,0,0,0,0,0,25,56,1.216,1,2080,0,391.153,5.772,186.125,341.625,40.625,-0.078,0.184,1.348,2.617,5.145,1.125,3.208,3.366,1.149,1.271,0,NULL,NULL,,3,1,2,7,255,1036,250,0,0
stim,19177,49298,1,49298,3246614.453,0.847,0.115,0.020,0.519,0,0,0,0,0,0,0,27,56,1.216,1,2080,0,391.446,5.484,193.375,336.313,52.250,-0.094,0.188,1.457,2.645,4.805,2.324,3.242,3.402,1.149,1.271,0,NULL,NULL,,3,1,2,7,255,1036,250,0,0
stim,19177,49298,1,49298,3246619.455,0.849,0.100,0.012,0.518,0,0,0,0,0,0,0,30,56,1.216,1,2080,0,391.986,5.484,201.000,331.250,59.375,-0.164,0.188,1.605,2.645,4.805,3.496,3.274,3.434,1.149,1.271,0,NULL,NULL,,3,1,2,7,255,1036,250,0,0
stim,19212,49333,1,49333,3246624.454,0.851,0.085,0.005,0.518,0,0,0,0,0,0,0,26,56,1.216,1,2080,0,389.105,5.845,202.250,327.313,58.000,-0.215,0.207,1.785,2.594,5.238,4.992,3.304,3.464,1.149,1.271,0,NULL,NULL,,3,1,2,7,255,1036,250,0,0
stim,19212,49333,1,49333,3246629.455,0.853,0.070,-0.003,0.517,0,0,0,0,0,0,0,30,56,1.216,1,2080,0,380.846,5.845,194.375,322.750,55.625,-0.219,0.203,1.926,2.594,5.238,6.809,3.332,3.494,1.149,1.271,0,NULL,NULL,,3,1,2,7,255,1036,250,0,0
stim,19212,49333,1,49333,3246634.453,0.854,0.056,-0.011,0.516,0,0,0,0,0,0,0,25,56,1.216,1,2080,0,371.928,5.793,184.000,317.875,58.563,-0.234,0.160,1.996,2.594,5.180,8.344,3.358,3.522,1.149,1.271,0,NULL,NULL,,3,1,2,7,255,1036,250,0,0
stim,19212,49333,1,49333,3246639.455,0.856,0.042,-0.019,0.515,0,0,0,0,0,0,0,18,56,1.216,1,2080,0,365.933,5.126,178.375,314.875,54.250,-0.230,0.141,2.063,2.266,4.598,9.258,3.384,3.550,1.149,1.271,0,NULL,NULL,,3,1,2,7,255,1036,250,0,0
stim,19212,49333,1,49333,3246644.454,0.856,0.028,-0.027,0.515,0,0,0,0,0,0,0,19,56,1.216,1,2080,0,360.306,4.457,170.813,314.125,44.375,-0.211,0.031,2.043,2.168,3.895,10.047,3.410,3.576,1.149,1.271,0,NULL,NULL,,3,1,2,7,255,1036,250,0,0
stim,19212,49333,1,49333,3246649.455,0.857,0.015,-0.035,0.514,0,0,0,0,0,0,0,10,56,1.216,1,2080,0,362.140,2.893,174.438,313.813,47.313,-0.188,-0.074,2.031,1.289,2.590,10.102,3.436,3.600,1.149,1.271,0,NULL,NULL,,3,1,2,7,255,1036,250,0,0
stim,19212,49333,1,49333,3246654.453,0.857,0.001,-0.043,0.514,0,0,0,0,0,0,0,13,56,1.216,1,2080,0,365.411,1.370,179.813,316.438,32.563,-0.199,-0.133,2.020,0.465,1.289,10.133,3.462,3.626,1.149,1.271,0,NULL,NULL,,3,1,2,7,255,1036,250,0,0
stim,19212,49333,1,49333,3246659.455,0.857,-0.014,-0.051,0.513,0,0,0,0,0,0,0,11,56,1.216,1,2080,0,371.698,0.473,190.750,317.750,28.438,-0.164,-0.215,2.000,-0.105,0.461,10.133,3.488,3.652,1.149,1.271,0,NULL,NULL,,3,1,2,7,255,1036,250,0,0
stim,19212,49333,1,49333,3246664.454,0.856,-0.028,-0.058,0.513,0,0,0,0,0,0,0,23,56,1.216,1,2080,0,381.503,1.115,209.000,319.000,10.125,-0.133,-0.352,2.023,-0.711,-0.859,10.133,3.514,3.680,1.149,1.271,0,NULL,NULL,,3,1,2,7,255,1036,250,0,0
stim,19212,49333,1,49333,3246669.455,0.854,-0.044,-0.064,0.514,0,0,0,0,0,0,0,31,56,1.216,1,2080,0,393.549,3.006,231.938,317.938,1.313,0.012,-0.426,2.109,-1.797,-2.410,10.160,3.538,3.704,1.149,1.271,0,NULL,NULL,,3,1,2,7,255,1036,250,0,0
stim,19242,49363,1,49363,3246674.454,0.852,-0.060,-0.071,0.515,0,0,0,0,0,0,0,33,56,1.216,1,2080,0,405.757,5.093,254.438,315.813,-12.750,0.176,-0.496,2.242,-1.797,-4.766,10.688,3.560,3.726,1.149,1.271,0,NULL,NULL,,3,1,2,7,255,1036,250,0,0
stim,19242,49363,1,49363,3246679.455,0.850,-0.078,-0.076,0.516,0,0,0,0,0,0,0,41,56,1.216,1,2080,0,417.163,7.577,275.875,311.938,-24.750,0.461,-0.453,2.410,-1.703,-7.383,11.473,3.582,3.748,1.149,1.271,0,NULL,NULL,,3,1,2,7,255,1036,250,0,0
stim,19242,49363,1,49363,3246684.453,0.847,-0.095,-0.081,0.517,0,0,0,0,0,0,0,45,56,1.216,1,2080,0,426.689,10.665,292.063,309.563,-30.563,0.734,-0.438,2.563,-0.164,-10.664,12.223,3.600,3.766,1.149,1.271,0,NULL,NULL,,3,1,2,7,255,1036,250,0,0
stim,19242,49363,1,49363,3246689.455,0.843,-0.113,-0.085,0.519,0,0,0,0,0,0,0,48,56,1.216,1,2080,0,433.486,14.056,306.250,305.125,-31.938,0.953,-0.527,2.754,0.961,-14.023,12.676,3.612,3.778,1.149,1.271,0,NULL,NULL,,3,1,2,7,255,1036,250,0,0
stim,19264,49385,1,49385,3246694.454,0.840,-0.131,-0.090,0.519,0,0,0,0,0,0,0,50,56,1.216,1,2080,0,431.641,17.569,310.563,298.563,-26.938,1.133,-0.633,2.930,0.961,-17.543,13.344,3.620,3.788,1.149,1.271,0,NULL,NULL,,3,1,2,7,255,1036,250,0,0
stim,19264,49385,1,49385,3246699.455,0.836,-0.149,-0.093,0.520,0,0,0,0,0,0,0,55,56,1.216,1,2080,0,422.981,20.864,306.875,290.000,-25.313,1.277,-0.625,3.078,0.828,-20.848,13.773,3.622,3.790,1.149,1.271,0,NULL,NULL,,3,1,2,7,255,1036,250,0,0
stim,19264,49385,1,49385,3246704.453,0.832,-0.166,-0.097,0.521,0,0,0,0,0,0,0,54,56,1.216,1,2080,0,411.901,23.304,297.750,282.625,-33.625,1.449,-0.527,3.195,0.828,-23.289,13.828,3.616,3.786,1.149,1.271,0,NULL,NULL,,3,1,2,7,255,1036,250,0,0
stim,19264,49385,1,49385,3246709.455,0.827,-0.182,-0.101,0.522,0,0,0,0,0,0,0,54,56,1.216,1,2080,0,393.742,25.565,276.438,277.125,-42.625,1.590,-0.488,3.262,2.023,-25.484,13.828,3.602,3.772,1.149,1.271,0,NULL,NULL,,3,1,2,7,255,1036,250,0,0
stim,19264,49385,1,49385,3246714.454,0.823,-0.197,-0.106,0.523,0,0,0,0,0,0,0,53,56,1.216,1,2080,0,372.864,27.626,250.125,272.000,-49.813,1.723,-0.461,3.359,2.555,-27.508,13.188,3.576,3.746,1.149,1.271,0,NULL,NULL,,3,1,2,7,255,1036,250,0,0
stim,19264,49385,1,49385,3246719.455,0.818,-0.210,-0.111,0.524,0,0,0,0,0,0,0,59,56,1.216,1,2080,0,348.437,29.718,214.625,267.250,-62.625,1.938,-0.336,3.457,2.996,-29.566,12.785,3.536,3.708,1.149,1.271,0,NULL,NULL,,3,1,2,7,255,1036,250,0,0
stim,19314,49435,1,49435,3246724.454,0.813,-0.221,-0.117,0.526,0,0,0,0,0,0,0,63,56,1.216,1,2080,0,317.517,32.245,160.250,262.063,-80.375,2.277,-0.305,3.410,4.660,-31.906,12.156,3.484,3.656,1.149,1.271,0,NULL,NULL,,3,1,2,7,255,1036,250,0,0
stim,19314,49435,1,49435,3246729.455,0.808,-0.230,-0.125,0.527,0,0,0,0,0,0,0,74,56,1.216,1,2080,0,286.387,35.424,97.563,254.188,-88.813,2.680,-0.398,3.164,6.145,-34.887,9.559,3.416,3.590,1.149,1.271,0,NULL,NULL,,3,1,2,7,255,1036,250,0,0
stim,19314,49435,1,49435,3246734.454,0.804,-0.237,-0.133,0.528,0,0,0,0,0,0,0,99,56,1.216,1,2080,0,261.466,38.239,41.938,243.813,-84.625,3.059,-0.492,2.738,6.848,-37.621,4.621,3.336,3.510,1.149,1.271,0,NULL,NULL,,3,1,2,7,255,1036,250,0,0
stim,19314,49435,1,49435,3246739.455,0.801,-0.241,-0.142,0.529,0,0,0,0,0,0,0,155,56,1.216,1,2080,0,241.185,39.779,4.063,229.375,-74.438,3.434,-0.543,2.230,7.535,-39.059,-1.730,3.244,3.416,1.149,1.271,0,NULL,NULL,,3,1,2,7,255,1036,250,0,0
stim,19314,49435,1,49435,3246744.453,0.798,-0.245,-0.150,0.529,0,0,0,0,0,0,0,175,56,1.216,1,2080,0,220.681,40.542,-13.625,211.500,-61.500,3.855,-0.578,1.711,8.539,-39.633,-8.652,3.140,3.314,1.149,1.271,0,NULL,NULL,,3,1,2,7,255,1036,250,0,0
stim,19314,49435,1,49435,3246749.455,0.796,-0.249,-0.158,0.528,0,0,0,0,0,0,0,219,56,1.216,1,2080,0,194.195,41.360,-14.938,189.625,-39.125,4.297,-0.719,1.133,9.809,-40.180,-15.813,3.028,3.202,1.149,1.271,0,NULL,NULL,,3,1,2,7,255,1036,250,0,0
stim,19314,49435,1,49435,3246754.453,0.795,-0.254,-0.163,0.526,0,0,0,0,0,0,0,232,56,1.216,1,2080,0,168.948,41.492,26.625,166.000,16.688,4.590,-0.996,0.551,9.809,-40.316,-23.695,2.902,3.074,1.149,1.271,0,NULL,NULL,,3,1,2,7,255,1036,250,0,0
stim,19314,49435,1,49435,3246759.455,0.795,-0.258,-0.165,0.524,0,0,0,0,0,0,0,230,56,1.216,1,2080,0,127.905,41.643,47.688,110.250,43.938,4.383,-1.898,0.594,8.742,-40.715,-31.098,2.760,2.932,1.149,1.271,0,NULL,NULL,,3,1,2,7,255,1036,250,0,0
stim,19331,49452,1,49452,3246764.454,0.794,-0.265,-0.165,0.521,0,0,0,0,0,0,0,219,56,1.216,1,2080,0,162.655,40.316,115.375,94.188,65.375,4.301,-2.285,0.129,-0.004,-40.316,-31.918,2.604,2.776,1.149,1.271,0,NULL,NULL,,3,1,2,7,255,1036,250,0,0
stim,19331,49452,1,49452,3246769.455,0.793,-0.276,-0.160,0.518,0,0,0,0,0,0,0,184,56,1.216,1,2080,0,288.362,39.574,256.313,48.563,122.875,3.941,-2.023,0.336,-2.285,-39.508,-32.953,2.436,2.602,1.149,1.271,0,NULL,NULL,,3,1,2,7,255,1036,250,0,0
stim,19331,49452,1,49452,3246774.454,0.793,-0.289,-0.150,0.515,0,0,0,0,0,0,0,167,56,1.216,1,2080,0,380.898,39.574,345.500,-5.750,160.250,3.539,-1.473,1.801,-2.285,-39.508,-32.953,2.258,2.418,1.149,1.271,0,NULL,NULL,,3,1,2,7,255,1036,250,0,0
stim,19331,49452,1,49452,3246779.455,0.794,-0.299,-0.140,0.510,0,0,0,99,0,0,0,317,56,1.216,1,2080,0,346.508,40.732,276.938,-46.250,203.063,3.047,-1.883,3.129,-2.285,-40.668,-18.383,2.072,2.228,1.149,1.271,0,NULL,NULL,,3,1,2,7,255,1036,250,0,0
stim,19358,49479,1,49479,3246784.454,0.798,-0.318,-0.112,0.500,311,0,0,813,0,35,0,389,56,1.216,1,2080,0,817.149,46.630,614.125,-250.750,477.188,1.059,-1.816,7.078,-5.195,-46.340,-6.957,1.884,2.030,1.149,1.271,0,NULL,NULL,,3,1,2,7,255,1036,250,0,0
stim,19358,49479,1,49479,3246789.455,0.802,-0.328,-0.087,0.492,980,0,0,1449,0,207,0,483,56,1.216,1,2080,0,641.587,55.793,426.500,-280.625,388.563,0.531,1.719,10.859,-5.195,-55.551,32.902,1.690,1.830,1.149,1.271,0,NULL,NULL,,3,1,2,7,255,1036,250,0,0
stim,19358,49480,1,49480,3246794.453,0.818,-0.295,-0.100,0.484,1561,0,0,1821,0,505,0,559,56,1.216,1,2080,0,907.836,55.551,-886.563,-114.500,158.313,-0.883,2.645,4.875,0.211,-55.551,42.473,1.492,1.624,1.149,1.271,0,NULL,NULL,,3,1,2,7,255,1036,250,0,0
stim,19358,49480,1,49480,3246799.455,0.837,-0.247,-0.118,0.474,2009,0,0,2002,0,819,0,595,56,1.216,1,2081,0,1289.373,17.235,-1266.688,-177.188,163.063,0.211,4.305,-0.566,13.074,-11.230,42.473,1.296,1.420,1.149,1.271,1,1025.000,-11.000,,3,1,2,7,255,1036,250,0,0
stim,19358,49480,1,49480,3246804.453,0.850,-0.217,-0.127,0.463,2253,0,0,2151,0,999,0,647,56,1.216,1,2081,0,805.993,25.423,-767.500,-130.750,208.500,-0.891,2.637,-3.238,15.641,20.043,-3.895,1.100,1.216,1.149,1.271,1,NULL,NULL,,3,1,2,7,255,1036,250,0,0
stim,19358,49480,1,49480,3246809.455,0.856,-0.208,-0.124,0.456,2447,0,0,2249,0,1199,0,746,56,1.216,1,2081,0,322.477,27.495,-201.563,-166.688,188.625,-1.828,-0.418,-2.625,15.641,22.613,-26.410,0.908,1.012,1.149,1.271,1,NULL,NULL,,3,1,2,7,255,1036,250,0,0
stim,19406,49527,1,49527,3246814.454,0.858,-0.211,-0.112,0.454,2610,0,0,2422,0,1325,0,788,56,1.216,1,2081,0,277.365,23.496,170.063,-180.563,124.125,-0.887,-0.203,0.930,-6.379,22.613,-26.410,0.722,0.806,1.149,1.271,1,NULL,NULL,,3,1,2,7,255,1036,250,0,0
stim,19406,49527,1,49527,3246819.455,0.860,-0.216,-0.104,0.452,2759,0,0,2612,0,1399,0,905,56,1.216,1,2081,0,231.217,7.515,162.375,-119.813,112.875,-0.086,2.785,2.406,-6.379,3.973,1.207,0.550,0.602,1.149,1.271,2,NULL,NULL,,3,1,2,7,255,1036,250,0,0
stim,19406,49527,1,49527,3246824.454,0.866,-0.211,-0.097,0.443,2841,0,0,2740,0,1453,0,1053,56,1.216,1,2081,0,295.972,10.377,-65.688,-154.500,243.750,-1.090,1.992,2.559,9.586,3.973,18.367,0.424,0.414,1.149,1.271,2,NULL,NULL,,3,1,2,7,255,1036,250,0,0
stim,19406,49527,1,49527,3246829.455,0.872,-0.195,-0.097,0.437,2905,0,0,2834,0,1515,0,1181,56,1.216,1,2081,0,420.971,11.953,-359.375,-163.500,146.063,-2.086,-0.117,1.352,9.586,7.141,18.367,0.384,0.292,1.149,1.271,2,NULL,NULL,,3,1,2,7,255,1036,250,0,0
stim,19406,49527,0,49527,3246834.454,0.876,-0.178,-0.097,0.439,2943,0,0,2895,0,1576,0,1305,56,1.216,1,2081,0,412.088,15.371,-366.125,-184.375,-42.125,-1.758,-1.051,-0.402,-12.957,8.270,8.957,0.414,0.268,1.149,1.271,2,NULL,NULL,,3,0,2,7,255,1031,250,0,0
stim,19406,49527,0,49527,3246839.455,0.875,-0.167,-0.094,0.445,2991,0,0,2962,0,1623,0,1420,56,1.216,1,2081,0,291.681,15.371,-160.188,-190.313,-152.313,-0.602,-1.086,-0.262,-12.957,8.270,-9.871,0.464,0.312,1.149,1.271,2,NULL,NULL,,3,0,2,7,255,1031,250,0,0
stim,19434,49555,0,49555,3246844.453,0.873,-0.162,-0.088,0.452,3029,0,0,3017,0,1684,0,1500,56,1.216,1,2081,0,252.480,12.273,-28.438,-189.250,-164.688,0.406,-0.895,1.043,-12.254,-0.691,-9.871,0.504,0.370,1.149,1.271,2,NULL,NULL,,3,0,2,7,255,1031,250,0,0
stim,19434,49555,0,49555,3246849.455,0.872,-0.156,-0.083,0.457,3051,0,0,3067,0,1784,0,1575,56,1.216,1,2081,0,209.013,12.328,-48.063,-178.625,-97.313,0.918,-0.664,1.680,-4.629,-11.426,-2.941,0.536,0.418,1.149,1.271,2,NULL,NULL,,3,0,2,7,255,1031,250,0,0
stim,19434,49555,0,49555,3246854.454,0.873,-0.149,-0.079,0.459,3061,0,0,3096,0,1870,0,1619,56,1.216,1,2081,0,183.491,16.198,-105.625,-147.188,-29.125,0.879,-0.965,1.691,-2.551,-15.996,2.035,0.570,0.456,1.149,1.271,2,NULL,NULL,,3,0,2,7,255,1031,250,0,0
stim,19434,49555,0,49555,3246859.455,0.875,-0.141,-0.077,0.457,3080,0,0,3118,0,1964,0,1645,56,1.216,1,2081,0,200.807,17.333,-149.875,-128.313,37.375,0.906,-1.750,1.434,-2.551,-17.145,2.035,0.610,0.492,1.149,1.271,2,NULL,NULL,,3,0,2,7,255,1031,250,0,0
stim,19434,49555,0,49555,3246864.453,0.879,-0.133,-0.075,0.452,3093,0,0,3141,0,2057,0,1701,56,1.216,1,2081,0,238.240,19.211,-153.563,-120.813,136.313,0.414,-1.453,0.656,-8.668,-17.145,-1.254,0.634,0.516,1.149,1.271,2,NULL,NULL,,3,0,2,7,255,1031,250,0,0
stim,19434,49555,0,49555,3246869.455,0.883,-0.128,-0.071,0.446,3093,0,0,3160,0,2139,0,1722,56,1.216,1,2081,0,226.336,15.696,-75.875,-127.313,171.063,-0.398,-0.273,0.344,-8.668,-13.086,-5.996,0.628,0.522,1.149,1.271,2,NULL,NULL,,3,0,2,7,255,1031,250,0,0
stim,19434,49555,0,49555,3246874.454,0.885,-0.125,-0.066,0.443,3099,0,0,3155,1,2232,0,1835,56,1.216,1,2081,0,162.126,4.460,-33.250,-131.750,88.438,-1.078,0.262,1.207,-4.434,0.480,-5.996,0.596,0.514,1.149,1.271,2,NULL,NULL,,3,0,2,7,255,1031,250,0,0
stim,19434,49555,0,49555,3246879.455,0.886,-0.120,-0.062,0.444,3094,0,0,3164,183,2299,53,1949,56,1.216,1,2081,0,144.586,4.797,-66.438,-126.375,-22.813,-0.445,0.375,1.141,-3.992,2.660,2.422,0.554,0.492,1.149,1.271,2,NULL,NULL,,3,0,2,7,255,1031,250,0,0
stim,19435,49556,0,49556,3246884.453,0.886,-0.116,-0.059,0.446,3097,0,0,3175,420,2345,127,2075,56,1.216,1,2081,0,116.963,2.719,-43.188,-104.313,-30.563,0.309,-0.027,1.734,0.563,2.660,4.363,0.508,0.458,1.149,1.271,2,NULL,NULL,,3,0,2,7,255,1031,250,0,0
stim,19435,49556,0,49556,3246889.455,0.885,-0.113,-0.059,0.448,3103,0,0,3181,726,2397,75,2159,56,1.216,1,2081,0,88.347,6.959,-51.750,-51.438,-49.813,0.555,-0.047,1.563,1.953,-6.680,3.910,0.458,0.404,1.149,1.271,2,NULL,NULL,,3,0,2,7,255,1031,250,0,0
stim,19460,49581,0,49581,3246894.454,0.885,-0.110,-0.057,0.448,3097,0,0,3189,938,2418,95,2215,56,1.216,1,2081,0,64.530,7.405,-39.250,-51.000,-4.750,0.789,0.566,1.039,3.195,-6.680,3.910,0.410,0.338,1.149,1.271,2,NULL,NULL,,3,0,2,7,255,1031,250,0,0
stim,19460,49581,0,49581,3246899.455,0.886,-0.109,-0.056,0.447,3107,0,0,3181,1092,2437,125,2261,56,1.216,1,2081,0,44.913,6.561,-20.750,-35.438,18.188,0.129,0.371,1.516,3.992,-5.207,3.910,0.368,0.268,1.149,1.271,2,NULL,NULL,,3,0,2,7,255,1031,250,0,0
stim,19460,49581,0,49581,3246904.453,0.886,-0.104,-0.058,0.448,3099,0,0,3185,1179,2453,146,2312,56,1.216,1,2081,0,108.583,4.592,-104.188,-23.188,-19.938,-0.383,-0.254,1.402,3.992,-2.270,4.063,0.336,0.214,1.149,1.271,2,NULL,NULL,,3,0,2,7,255,1031,250,0,0
stim,19460,49581,0,49581,3246909.455,0.886,-0.100,-0.059,0.449,3104,0,0,3175,1270,2469,151,2357,56,1.216,1,2081,0,100.797,2.803,-94.063,-21.625,-29.063,0.031,-0.242,0.477,-1.645,-2.270,4.063,0.310,0.182,1.149,1.271,2,NULL,NULL,,3,0,2,7,255,1031,250,0,0
stim,19481,49602,0,49602,3246914.453,0.885,-0.099,-0.058,0.450,3103,11,0,3191,1359,2487,136,2375,56,1.216,1,2081,0,44.794,2.285,-17.125,-17.250,-37.625,-0.105,-0.051,0.828,-1.645,-1.586,-1.738,0.290,0.170,1.149,1.271,2,NULL,NULL,,3,0,2,7,255,1031,250,0,0
stim,19481,49602,0,49602,3246919.455,0.885,-0.098,-0.058,0.452,3109,29,0,3179,1469,2491,157,2399,56,1.216,1,2081,0,51.341,1.565,-3.250,-14.563,-49.125,-0.031,0.176,1.238,-0.770,-1.363,-1.738,0.280,0.162,1.149,1.271,2,NULL,NULL,,3,0,2,7,255,1031,250,0,0
stim,19512,49633,0,49633,3246924.454,0.884,-0.096,-0.058,0.454,3101,31,0,3177,1543,2505,151,2426,56,1.216,1,2081,0,57.639,2.065,-39.438,-10.063,-40.813,0.008,0.141,1.211,1.551,-1.363,1.895,0.282,0.150,1.149,1.271,2,NULL,NULL,,3,0,2,7,255,1031,250,0,0
stim,19512,49633,0,49633,3246929.455,0.884,-0.093,-0.059,0.455,3103,44,0,3191,1567,2517,141,2455,56,1.216,1,2081,0,70.592,2.065,-64.688,-7.938,-27.125,-0.105,-0.012,0.977,1.551,-1.363,1.895,0.294,0.132,1.149,1.271,2,NULL,NULL,,3,0,2,7,255,1031,250,0,0
stim,19512,49633,0,49633,3246934.453,0.883,-0.091,-0.060,0.456,3103,45,0,3181,1607,2515,148,2463,56,1.216,1,2081,0,64.175,1.305,-52.688,-6.813,-36.000,-0.211,0.008,0.852,-0.348,-1.258,-0.250,0.316,0.112,1.149,1.271,2,NULL,NULL,,3,0,2,7,255,1031,250,0,0
stim,19512,49633,0,49633,3246939.455,0.882,-0.090,-0.061,0.458,3100,67,0,3176,1655,2523,149,2487,56,1.216,1,2081,0,61.252,0.355,-29.438,-6.563,-53.313,-0.133,0.141,0.949,-0.348,-0.070,-0.352,0.334,0.096,1.149,1.271,2,NULL,NULL,,3,0,2,7,255,1031,250,0,0
stim,19512,49633,0,49633,3246944.454,0.881,-0.088,-0.061,0.460,3105,105,0,3183,1696,2535,143,2491,56,1.216,1,2081,0,60.246,0.757,-25.875,-4.125,-54.250,0.000,0.113,1.094,0.754,-0.070,-0.352,0.344,0.084,1.149,1.271,2,NULL,NULL,,3,0,2,7,255,1031,250,0,0
stim,19512,49633,0,49633,3246949.455,0.881,-0.087,-0.061,0.461,3108,113,0,3179,1737,2525,143,2503,56,1.216,1,2081,0,52.387,1.953,-37.313,-2.500,-36.688,0.035,0.066,1.098,1.227,-1.520,0.723,0.350,0.074,1.149,1.271,2,NULL,NULL,,3,0,2,7,255,1031,250,0,0
stim,19512,49633,0,49633,3246954.453,0.881,-0.085,-0.062,0.462,3100,103,0,3183,1765,2535,151,2504,56,1.216,1,2081,0,46.394,1.953,-41.063,-2.000,-21.500,-0.043,0.090,1.012,1.227,-1.520,0.723,0.354,0.064,1.149,1.271,2,NULL,NULL,,3,0,2,7,255,1031,250,0,0
stim,19512,49633,0,49633,3246959.455,0.880,-0.084,-0.063,0.463,3103,115,0,3177,1783,2535,149,2509,56,1.216,1,2081,0,40.679,1.455,-33.063,0.750,-23.688,-0.102,0.055,0.945,0.945,-1.105,0.047,0.360,0.054,1.149,1.271,2,NULL,NULL,,3,0,2,7,255,1031,250,0,0
stim,19512,49633,0,49633,3246964.454,0.880,-0.082,-0.063,0.464,3097,123,17,3181,1803,2537,143,2515,56,1.216,1,2081,0,36.262,1.157,-24.125,0.750,-27.063,-0.066,0.020,0.988,0.340,-1.105,-0.191,0.364,0.044,1.149,1.271,2,NULL,NULL,,3,0,2,7,255,1031,250,0,0
stim,19512,49633,0,49633,3246969.455,0.880,-0.081,-0.064,0.464,3101,131,16,3187,1817,2533,151,2507,56,1.216,1,2081,0,29.485,1.266,-20.375,1.625,-21.250,-0.043,-0.035,1.000,0.266,-1.238,-0.191,0.368,0.034,1.149,1.271,2,NULL,NULL,,3,0,2,7,255,1031,250,0,0
stim,19542,49663,0,49663,3246974.454,0.879,-0.081,-0.064,0.465,3095,136,29,3187,1834,2539,151,2515,56,1.216,1,2081,0,23.769,1.500,-19.875,3.250,-12.625,-0.070,-0.035,0.996,0.008,-1.500,-0.121,0.368,0.026,1.149,1.271,2,NULL,NULL,,3,0,2,7,255,1031,250,0,0
stim,19542,49663,0,49663,3246979.455,0.879,-0.080,-0.064,0.465,3099,143,106,3177,1853,2534,153,2507,56,1.216,1,2081,0,17.652,1.500,-17.000,2.125,-4.250,-0.125,0.035,0.996,0.008,-1.500,-0.113,0.370,0.020,1.149,1.271,2,NULL,NULL,,3,0,2,7,255,1031,250,0,0
stim,19542,49663,0,49663,3246984.454,0.879,-0.079,-0.065,0.465,3089,151,135,3173,1861,2533,155,2504,56,1.216,1,2081,0,16.244,0.690,-13.313,2.375,-9.000,-0.180,0.066,1.008,0.121,-0.680,0.027,0.374,0.014,1.149,1.271,2,NULL,NULL,,3,0,2,7,255,1031,250,0,0
stim,19542,49663,0,49663,3246989.455,0.879,-0.079,-0.065,0.466,3099,154,159,3179,1877,2536,151,2509,56,1.256,1,2081,1,16.603,0.192,-10.875,2.063,-12.375,-0.145,0.125,1.039,0.168,-0.094,0.230,0.000,0.000,1.094,1.325,2,NULL,NULL,,3,0,2,7,255,1031,250,0,0
stim,19564,49685,0,49685,3246994.454,0.879,-0.079,-0.065,0.466,3087,157,184,3171,1876,2531,149,2501,56,1.256,1,2081,1,18.539,0.620,-11.375,1.500,-14.563,-0.129,0.090,1.039,0.613,-0.094,0.449,0.006,0.004,1.094,1.325,2,NULL,NULL,,3,0,2,7,255,1031,250,0,0
stim,19564,49685,0,49685,3246999.455,0.879,-0.078,-0.065,0.467,3079,153,205,3173,1879,2521,149,2503,56,1.256,1,2081,1,16.087,0.742,-11.625,1.625,-11.000,-0.125,0.051,1.008,0.613,-0.418,0.449,0.010,0.006,1.094,1.325,2,NULL,NULL,,3,0,2,7,255,1031,250,0,0
stim,19564,49685,0,49685,3247004.454,0.878,-0.078,-0.066,0.467,3083,157,214,3162,1885,2519,142,2491,56,1.256,1,2081,1,13.901,0.649,-9.875,0.813,-9.750,-0.141,0.020,0.984,0.316,-0.566,0.121,0.016,0.010,1.094,1.325,2,NULL,NULL,,3,0,2,7,255,1031,250,0,0
stim,19564,49685,0,49685,3247009.455,0.878,-0.077,-0.066,0.467,3063,155,230,3157,1887,2509,137,2503,56,1.256,1,2081,1,9.431,0.602,-7.750,0.000,-5.375,-0.141,0.008,0.965,-0.027,-0.602,-0.098,0.022,0.014,1.094,1.325,2,NULL,NULL,,3,0,2,7,255,1031,250,0,0
stim,19564,49685,0,49685,3247014.453,0.878,-0.077,-0.066,0.467,3054,148,247,3144,1895,2508,135,2494,56,1.256,1,2081,1,7.404,0.613,-5.938,-1.750,-4.063,-0.156,0.004,0.969,-0.117,-0.602,-0.207,0.026,0.016,1.094,1.325,2,NULL,NULL,,3,0,2,7,255,1031,250,0,0
stim,19564,49685,0,49685,3247019.455,0.878,-0.077,-0.066,0.467,3057,151,255,3141,1901,2505,137,2501,56,1.256,1,2081,1,4.944,0.575,-3.125,-3.188,-2.125,-0.164,0.004,0.957,-0.254,-0.516,-0.273,0.030,0.018,1.094,1.325,2,NULL,NULL,,3,0,2,7,255,1031,250,0,0
stim,19611,49732,0,49732,3247024.454,0.878,-0.076,-0.066,0.468,3027,154,265,3127,1907,2507,139,2501,56,1.256,1,2081,1,4.963,0.488,-0.625,-4.313,-2.375,-0.168,0.008,0.961,-0.258,-0.414,-0.262,0.032,0.018,1.094,1.325,2,NULL,NULL,,3,0,2,7,255,1031,250,0,0
stim,19611,49732,0,49732,3247029.455,0.878,-0.076,-0.065,0.468,3027,139,275,3112,1920,2501,135,2505,56,1.256,1,2081,1,6.220,0.499,1.250,-6.000,-1.063,-0.172,-0.004,0.953,-0.301,-0.398,-0.301,0.036,0.020,1.094,1.325,2,NULL,NULL,,3,0,2,7,255,1031,250,0,0
stim,19611,49732,0,49732,3247034.453,0.878,-0.076,-0.065,0.468,3016,139,313,3108,1942,2491,137,2507,56,1.256,1,2081,1,8.888,0.458,4.563,-7.625,-0.188,-0.172,0.035,0.957,-0.258,-0.379,-0.277,0.040,0.020,1.094,1.325,2,NULL,NULL,,3,0,2,7,255,1031,250,0,0
stim,19611,49732,0,49732,3247039.455,0.878,-0.076,-0.065,0.468,3005,139,335,3097,1949,2488,141,2523,56,1.256,1,2081,1,10.991,0.198,6.313,-8.813,-1.813,-0.188,0.051,0.977,-0.105,-0.168,-0.277,0.042,0.022,1.094,1.325,2,NULL,NULL,,3,0,2,7,255,1031,250,0,0
stim,19611,49732,0,49732,3247044.453,0.878,-0.076,-0.064,0.468,2976,139,349,3083,1973,2485,140,2518,56,1.256,1,2081,1,12.781,0.052,7.000,-10.188,-3.250,-0.160,0.086,0.980,-0.047,-0.023,-0.055,0.044,0.020,1.094,1.325,2,NULL,NULL,,3,0,2,7,255,1031,250,0,0
stim,19611,49732,0,49732,3247049.455,0.878,-0.076,-0.063,0.468,2969,141,373,3080,1995,2489,161,2525,56,1.256,1,2081,1,12.617,0.139,6.188,-10.813,-2.000,-0.156,0.055,0.988,0.137,-0.023,-0.031,0.046,0.020,1.094,1.325,2,NULL,NULL,,3,0,2,7,255,1031,250,0,0
stim,19611,49732,0,49732,3247054.454,0.878,-0.076,-0.063,0.468,2956,142,415,3065,2010,2490,176,2539,56,1.256,1,2081,1,13.740,0.278,5.875,-12.375,-1.063,-0.152,0.051,0.969,0.137,-0.242,-0.031,0.046,0.018,1.094,1.325,2,NULL,NULL,,3,0,2,7,255,1031,250,0,0
stim,19611,49732,0,49732,3247059.455,0.878,-0.076,-0.062,0.468,2939,142,460,3037,1997,2474,207,2541,56,1.256,1,2081,1,15.424,0.278,7.625,-13.375,0.938,-0.164,0.070,0.965,0.137,-0.242,-0.188,0.048,0.018,1.094,1.325,2,NULL,NULL,,3,0,2,7,255,1031,250,0,0
stim,19631,49752,0,49752,3247064.453,0.878,-0.077,-0.061,0.468,2917,153,571,3035,2067,2480,267,2568,56,1.256,1,2081,1,17.837,0.178,9.438,-15.125,-0.563,-0.176,0.094,0.973,0.176,-0.027,-0.188,0.050,0.018,1.094,1.325,2,NULL,NULL,,3,0,2,7,255,1031,250,0,0
stim,19631,49752,0,49752,3247069.455,0.878,-0.077,-0.060,0.468,2903,157,633,3014,2117,2491,277,2583,56,1.256,1,2081,1,20.185,0.354,11.313,-16.500,-2.688,-0.172,0.164,1.000,0.305,0.180,-0.078,0.052,0.018,1.094,1.325,2,NULL,NULL,,3,0,2,7,255,1031,250,0,0
stim,19631,49752,0,49752,3247074.454,0.878,-0.077,-0.059,0.469,2876,171,701,3001,2158,2495,329,2596,56,1.256,1,2081,1,20.289,1.009,10.063,-16.875,-5.063,-0.168,0.215,1.031,0.883,0.488,0.191,0.054,0.016,1.094,1.325,2,NULL,NULL,,3,0,2,7,255,1031,250,0,0
stim,19631,49752,0,49752,3247079.455,0.878,-0.077,-0.058,0.469,2847,183,785,2975,2215,2501,365,2616,56,1.256,1,2081,1,20.215,1.494,6.688,-17.375,-7.875,-0.156,0.242,1.047,1.324,0.691,0.504,0.054,0.016,1.094,1.325,2,NULL,NULL,,3,0,2,7,255,1031,250,0,0
stim,19658,49779,0,49779,3247084.453,0.878,-0.077,-0.058,0.469,2830,198,857,2965,2270,2507,427,2627,56,1.256,1,2081,1,20.418,1.585,1.625,-17.125,-11.000,-0.145,0.215,1.043,1.426,0.691,0.578,0.056,0.016,1.094,1.325,2,NULL,NULL,,3,0,2,7,255,1031,250,0,0
stim,19658,49779,0,49779,3247089.455,0.878,-0.076,-0.057,0.470,2803,217,953,2954,2311,2507,461,2651,56,1.256,1,2081,1,21.390,1.508,-2.750,-17.000,-12.688,-0.141,0.141,1.008,1.426,0.492,0.578,0.056,0.014,1.094,1.325,2,NULL,NULL,,3,0,2,7,255,1031,250,0,0
stim,19658,49779,0,49779,3247094.454,0.877,-0.076,-0.056,0.470,2781,243,1039,2925,2349,2515,533,2663,56,1.256,1,2081,1,22.407,0.828,-3.063,-17.375,-13.813,-0.145,0.113,0.988,0.816,0.137,0.211,0.056,0.010,1.094,1.325,2,NULL,NULL,,3,0,2,7,255,1031,250,0,0
stim,19658,49779,0,49779,3247099.455,0.877,-0.075,-0.056,0.471,2761,248,1149,2905,2389,2517,623,2671,56,1.256,1,2081,1,25.011,0.598,-3.875,-17.125,-17.813,-0.160,0.113,0.992,0.582,0.137,0.074,0.056,0.008,1.094,1.325,2,NULL,NULL,,3,0,2,7,255,1031,250,0,0
stim,19658,49779,0,49779,3247104.453,0.877,-0.075,-0.055,0.472,2713,261,1239,2889,2440,2517,731,2693,56,1.256,1,2081,1,29.226,0.492,-6.000,-17.500,-22.625,-0.164,0.090,1.004,0.484,0.086,0.074,0.054,0.006,1.094,1.325,2,NULL,NULL,,3,0,2,7,255,1031,250,0,0
stim,19658,49779,0,49779,3247109.455,0.876,-0.074,-0.055,0.473,2684,264,1319,2873,2463,2524,869,2700,56,1.256,1,2081,1,33.544,0.313,-8.750,-17.688,-27.125,-0.164,0.063,1.016,0.301,0.086,0.180,0.054,0.008,1.094,1.325,2,NULL,NULL,,3,0,2,7,255,1031,250,0,0
stim,19709,49830,0,49830,3247114.454,0.876,-0.073,-0.054,0.474,2633,275,1472,2846,2511,2533,987,2723,56,1.256,1,2081,1,37.953,0.079,-12.125,-18.125,-31.063,-0.172,0.063,1.023,0.078,0.008,0.270,0.054,0.012,1.094,1.325,2,NULL,NULL,,3,0,2,7,255,1031,250,0,0
stim,19709,49830,0,49830,3247119.455,0.875,-0.072,-0.054,0.476,2589,277,1594,2839,2542,2535,1097,2743,56,1.256,1,2081,1,43.654,0.021,-18.000,-19.000,-34.938,-0.184,0.051,1.023,0.020,0.008,0.359,0.054,0.018,1.094,1.325,2,NULL,NULL,,3,0,2,7,255,1031,250,0,0
stim,19709,49830,0,49830,3247124.454,0.874,-0.071,-0.054,0.477,2529,288,1705,2799,2583,2541,1213,2747,56,1.256,1,2081,1,48.164,0.021,-21.813,-20.000,-38.000,-0.164,0.063,1.023,0.020,0.008,0.367,0.056,0.024,1.094,1.325,2,NULL,NULL,,3,0,2,7,255,1031,250,0,0
stim,19709,49830,0,49830,3247129.455,0.874,-0.069,-0.054,0.479,2464,324,1801,2792,2615,2540,1335,2775,56,1.256,1,2081,1,54.478,0.094,-28.313,-20.188,-41.938,-0.160,0.059,1.059,0.094,0.000,0.375,0.056,0.030,1.094,1.325,2,NULL,NULL,,3,0,2,7,255,1031,250,0,0
stim,19709,49830,0,49830,3247134.453,0.873,-0.067,-0.054,0.480,2413,331,1899,2761,2646,2549,1446,2781,56,1.256,1,2081,1,63.002,0.113,-39.563,-21.250,-44.188,-0.137,0.027,1.051,0.094,-0.063,0.582,0.060,0.034,1.094,1.325,2,NULL,NULL,,3,0,2,7,255,1031,250,0,0
stim,19709,49830,0,49830,3247139.455,0.872,-0.065,-0.054,0.482,2341,333,1994,2710,2675,2548,1555,2790,56,1.256,1,2081,1,65.355,0.363,-43.563,-21.563,-43.688,-0.109,-0.004,0.977,0.000,-0.363,0.582,0.062,0.038,1.094,1.325,2,NULL,NULL,,3,0,2,7,255,1031,250,0,0
stim,19729,49850,0,49850,3247144.454,0.872,-0.062,-0.054,0.483,2251,343,2066,2670,2707,2549,1660,2807,56,1.256,1,2081,1,61.930,0.640,-40.938,-22.563,-40.625,-0.098,-0.055,0.938,-0.121,-0.629,-0.207,0.064,0.040,1.094,1.325,2,NULL,NULL,,3,0,2,7,255,1031,250,0,0
stim,19729,49850,0,49850,3247149.455,0.871,-0.060,-0.054,0.485,2165,349,2163,2641,2739,2557,1757,2829,56,1.256,1,2081,1,57.796,0.997,-37.500,-24.063,-36.813,-0.121,-0.098,0.973,-0.492,-0.867,-0.242,0.064,0.044,1.094,1.325,2,NULL,NULL,,3,0,2,7,255,1031,250,0,0
stim,19729,49850,0,49850,3247154.453,0.870,-0.058,-0.054,0.486,2093,343,2251,2587,2751,2575,1851,2843,56,1.256,1,2081,1,60.001,1.268,-39.688,-25.063,-37.375,-0.152,-0.098,1.008,-0.926,-0.867,-0.242,0.066,0.046,1.094,1.325,2,NULL,NULL,,3,0,2,7,255,1031,250,0,0
stim,19729,49850,0,49850,3247159.455,0.870,-0.055,-0.054,0.488,1983,340,2315,2534,2775,2569,1951,2855,56,1.256,1,2081,1,64.459,1.155,-43.313,-26.438,-39.750,-0.141,-0.047,0.984,-0.926,-0.691,-0.078,0.068,0.048,1.094,1.325,2,NULL,NULL,,3,0,2,7,255,1031,250,0,0
stim,19729,49850,0,49850,3247164.454,0.869,-0.053,-0.054,0.489,1877,337,2375,2461,2803,2571,2035,2871,56,1.256,1,2081,1,60.998,0.702,-37.063,-27.875,-39.625,-0.109,0.000,0.941,-0.559,-0.426,-0.078,0.068,0.050,1.094,1.325,2,NULL,NULL,,3,0,2,7,255,1031,250,0,0
stim,19729,49850,0,49850,3247169.455,0.868,-0.051,-0.053,0.490,1751,315,2453,2377,2828,2571,2118,2894,56,1.256,1,2081,1,53.616,0.336,-28.938,-30.250,-33.500,-0.113,0.039,0.992,-0.012,-0.336,-0.078,0.068,0.050,1.094,1.325,2,NULL,NULL,,3,0,2,7,255,1031,250,0,0
stim,19729,49850,0,49850,3247174.454,0.868,-0.050,-0.053,0.491,1583,295,2508,2269,2844,2579,2189,2895,56,1.256,1,2081,1,54.381,0.386,-29.813,-31.688,-32.625,-0.141,0.063,1.070,0.348,-0.168,-0.031,0.070,0.050,1.094,1.325,2,NULL,NULL,,3,0,2,7,255,1031,250,0,0
stim,19729,49850,0,49850,3247179.455,0.867,-0.047,-0.052,0.493,1349,269,2535,2160,2857,2569,2246,2903,56,1.256,1,2081,1,60.684,0.348,-36.000,-32.188,-36.750,-0.137,0.039,1.074,0.348,0.023,0.773,0.070,0.048,1.094,1.325,2,NULL,NULL,,3,0,2,7,255,1031,250,0,0
stim,19758,49879,0,49879,3247184.454,0.867,-0.045,-0.052,0.494,1204,253,2581,2055,2873,2569,2319,2911,56,1.256,1,2081,1,65.094,0.286,-38.625,-32.625,-41.000,-0.102,-0.027,1.039,0.285,0.023,0.773,0.068,0.046,1.094,1.325,2,NULL,NULL,,3,0,2,7,255,1031,250,0,0
stim,19758,49879,0,49879,3247189.455,0.866,-0.043,-0.051,0.495,1003,227,2613,1882,2893,2567,2387,2921,56,1.256,1,2081,1,60.466,0.524,-36.313,-34.125,-34.250,-0.086,-0.039,1.016,-0.094,-0.516,0.434,0.068,0.044,1.094,1.325,2,NULL,NULL,,3,0,2,7,255,1031,250,0,0
stim,19758,49879,0,49879,3247194.454,0.866,-0.041,-0.051,0.497,799,180,2648,1657,2918,2568,2454,2933,56,1.256,1,2081,1,55.676,0.524,-31.063,-35.563,-29.500,-0.125,0.016,1.039,-0.094,-0.516,0.434,0.068,0.042,1.094,1.325,2,NULL,NULL,,3,0,2,7,255,1031,250,0,0
stim,19758,49879,0,49879,3247199.455,0.865,-0.039,-0.050,0.498,505,135,2693,1401,2936,2554,2493,2941,56,1.256,1,2081,1,58.070,0.138,-30.500,-37.813,-31.813,-0.137,0.016,1.074,0.137,-0.016,0.438,0.068,0.042,1.094,1.325,2,NULL,NULL,,3,0,2,7,255,1031,250,0,0
stim,19758,49879,0,49879,3247204.453,0.865,-0.037,-0.049,0.499,347,76,2724,1187,2952,2565,2549,2951,56,1.256,1,2081,1,59.937,0.180,-31.688,-40.813,-30.375,-0.113,0.012,1.059,0.180,-0.016,0.609,0.068,0.042,1.094,1.325,2,NULL,NULL,,3,0,2,7,255,1031,250,0,0
stim,19758,49879,0,49879,3247209.455,0.864,-0.034,-0.048,0.500,144,51,2740,907,2958,2536,2601,2961,56,1.256,1,2081,1,61.702,0.247,-32.188,-42.500,-31.063,-0.113,0.016,1.051,0.246,0.023,0.609,0.068,0.040,1.094,1.325,2,NULL,NULL,,3,0,2,7,255,1031,250,0,0
stim,19783,49904,0,49904,3247214.454,0.863,-0.032,-0.047,0.501,41,0,2766,662,2973,2523,2637,2968,56,1.256,1,2081,1,64.897,0.299,-29.875,-45.375,-35.500,-0.051,0.059,1.031,0.289,-0.078,0.555,0.070,0.040,1.094,1.325,2,NULL,NULL,,3,0,2,7,255,1031,250,0,0
stim,19783,49904,0,49904,3247219.455,0.863,-0.030,-0.045,0.503,9,0,2789,437,2986,2503,2669,2973,56,1.256,1,2081,1,64.335,0.927,-22.750,-47.313,-37.188,-0.035,0.109,1.055,0.922,-0.094,0.484,0.070,0.040,1.094,1.325,2,NULL,NULL,,3,0,2,7,255,1031,250,0,0
stim,19811,49932,0,49932,3247224.454,0.862,-0.028,-0.044,0.504,0,0,2809,299,2997,2477,2701,2981,56,1.256,1,2081,1,68.884,1.449,-25.000,-50.000,-40.250,-0.012,0.137,1.051,1.445,-0.105,0.418,0.072,0.040,1.094,1.325,2,NULL,NULL,,3,0,2,7,255,1031,250,0,0
stim,19811,49932,0,49932,3247229.455,0.862,-0.027,-0.042,0.505,0,0,2833,191,3013,2454,2729,2987,56,1.256,1,2081,1,60.444,1.448,1.063,-56.313,-21.938,-0.199,0.063,1.176,1.445,-0.094,0.484,0.072,0.040,1.094,1.325,2,NULL,NULL,,3,0,2,7,255,1031,250,0,0
stim,19811,49932,0,49932,3247234.454,0.862,-0.026,-0.039,0.505,0,0,2851,149,3029,2442,2765,2988,56,1.256,1,2081,1,69.003,1.123,13.313,-65.938,-15.375,-0.371,-0.070,1.352,0.313,1.078,1.828,0.074,0.040,1.094,1.325,2,NULL,NULL,,3,0,2,7,255,1031,250,0,0
stim,19811,49932,0,49932,3247239.455,0.861,-0.026,-0.036,0.507,0,0,2871,123,3048,2408,2798,3000,56,1.256,1,2081,1,84.910,2.381,28.438,-75.063,-27.688,-0.512,-0.207,1.555,-1.539,1.816,3.742,0.076,0.040,1.094,1.325,2,NULL,NULL,,3,0,2,7,255,1031,250,0,0
stim,19811,49932,0,49932,3247244.453,0.861,-0.026,-0.032,0.507,0,0,2887,77,3040,2385,2829,2996,56,1.256,1,2081,1,105.139,2.768,50.938,-90.438,-16.750,-0.457,0.035,1.898,-1.539,2.301,5.859,0.078,0.040,1.094,1.325,2,NULL,NULL,,3,0,2,7,255,1031,250,0,0
stim,19811,49932,0,49932,3247249.455,0.861,-0.023,-0.028,0.508,0,0,2897,19,3059,2322,2846,3000,56,1.256,1,2081,0,99.496,2.473,-23.375,-95.875,-12.688,-0.133,0.316,1.832,-0.906,2.301,8.121,0.080,0.040,1.094,1.325,3,NULL,NULL,,3,0,2,7,255,1031,250,0,0
stim,19811,49932,0,49932,3247254.454,0.861,-0.018,-0.027,0.508,0,0,2901,6,3062,2274,2868,2999,56,1.256,1,2081,0,131.084,2.670,-90.938,-93.563,-12.625,-0.047,0.199,1.336,2.137,1.602,8.121,0.082,0.042,1.094,1.325,3,NULL,NULL,,3,0,2,7,255,1031,250,0,0
stim,19811,49932,0,49932,3247259.455,0.862,-0.013,-0.024,0.507,0,0,2900,0,3065,2195,2889,2999,56,1.256,1,2081,0,128.790,2.369,-71.688,-104.063,24.875,-0.109,0.102,1.086,2.137,1.023,3.242,0.084,0.044,1.094,1.325,3,NULL,NULL,,3,0,2,7,255,1031,250,0,0
stim,19811,49932,0,49932,3247264.454,0.863,-0.009,-0.021,0.505,0,0,2903,0,3077,2104,2905,2998,56,1.256,1,2081,0,124.658,1.341,-32.000,-113.313,40.938,-0.277,0.031,1.063,0.867,1.023,0.828,0.086,0.046,1.094,1.325,3,NULL,NULL,,3,0,2,7,255,1031,250,0,0
stim,19811,49932,0,49932,3247269.455,0.863,-0.006,-0.017,0.504,0,0,2903,0,3091,2007,2921,3003,56,1.256,1,2081,0,121.916,2.309,-11.125,-119.500,21.438,-0.367,-0.117,1.137,-0.598,2.230,0.828,0.084,0.052,1.094,1.325,3,NULL,NULL,,3,0,2,7,255,1031,250,0,0
stim,19841,49962,0,49962,3247274.454,0.864,-0.003,-0.012,0.504,0,0,2905,0,3087,1861,2943,2991,56,1.256,1,2081,0,126.607,3.210,-4.875,-126.313,7.125,-0.332,-0.250,1.273,-2.309,2.230,1.477,0.078,0.058,1.094,1.325,3,NULL,NULL,,3,0,2,7,255,1031,250,0,0
stim,19841,49962,0,49962,3247279.455,0.864,0.000,-0.008,0.504,0,0,2889,0,3090,1704,2963,2990,56,1.256,1,2081,0,133.303,3.603,-8.313,-132.875,6.688,-0.254,-0.297,1.324,-3.258,1.539,2.844,0.070,0.068,1.094,1.325,3,NULL,NULL,,3,0,2,7,255,1031,250,0,0
stim,19841,49962,0,49962,3247284.454,0.864,0.004,-0.003,0.503,0,0,2897,0,3103,1519,2969,2985,56,1.256,1,2081,0,139.613,3.348,-14.250,-138.438,11.125,-0.207,-0.273,1.242,-3.258,0.773,2.844,0.066,0.076,1.094,1.325,3,NULL,NULL,,3,0,2,7,255,1031,250,0,0
stim,19841,49962,0,49962,3247289.455,0.865,0.008,0.002,0.502,0,0,2873,0,3103,1294,2983,2990,56,1.256,1,2081,0,147.407,3.072,-17.188,-145.188,18.813,-0.180,-0.188,1.184,-2.973,0.773,2.457,0.064,0.086,1.094,1.325,3,NULL,NULL,,3,0,2,7,255,1031,250,0,0
stim,19864,49985,0,49985,3247294.453,0.865,0.011,0.007,0.501,0,0,2861,0,3113,1033,2997,2971,56,1.256,1,2081,0,154.980,2.379,-9.625,-152.688,24.750,-0.219,-0.102,1.133,-2.199,0.906,1.828,0.064,0.096,1.094,1.325,3,NULL,NULL,,3,0,2,7,255,1031,250,0,0
stim,19864,49985,0,49985,3247299.455,0.866,0.014,0.013,0.500,0,0,2830,0,3109,774,2994,2955,56,1.256,1,2081,0,162.929,2.475,4.813,-160.938,24.938,-0.230,-0.063,1.094,-1.738,1.762,1.289,0.064,0.106,1.094,1.325,3,NULL,NULL,,3,0,2,7,255,1031,250,0,0
stim,19864,49985,0,49985,3247304.454,0.866,0.017,0.020,0.499,0,0,2803,0,3117,553,3005,2952,56,1.256,1,2081,0,171.925,2.662,21.875,-169.438,19.250,-0.219,-0.063,1.148,-1.566,2.152,1.289,0.062,0.118,1.094,1.325,3,NULL,NULL,,3,0,2,7,255,1031,250,0,0
stim,19864,49985,0,49985,3247309.455,0.867,0.020,0.027,0.497,0,0,2744,0,3113,381,3003,2923,56,1.256,1,2081,0,183.130,2.646,31.125,-179.188,21.438,-0.168,-0.051,1.234,-1.539,2.152,1.336,0.058,0.128,1.094,1.325,3,NULL,NULL,,3,0,2,7,255,1031,250,0,0
stim,19864,49985,0,49985,3247314.453,0.867,0.022,0.035,0.496,0,0,2701,0,3115,233,3008,2905,56,1.256,1,2081,0,194.768,2.593,44.563,-187.938,25.063,-0.168,-0.004,1.230,-1.336,2.223,2.090,0.052,0.138,1.094,1.325,3,NULL,NULL,,3,0,2,7,255,1031,250,0,0
stim,19864,49985,0,49985,3247319.455,0.868,0.024,0.043,0.494,0,0,2659,0,3115,115,3025,2884,56,1.256,1,2081,0,206.236,2.608,50.938,-197.563,30.125,-0.141,0.090,1.395,-1.078,2.375,2.172,0.046,0.148,1.094,1.325,3,NULL,NULL,,3,0,2,7,255,1031,250,0,0
stim,19909,50030,0,50030,3247324.454,0.868,0.027,0.052,0.492,0,0,2585,0,3117,51,3031,2841,56,1.256,1,2081,0,214.124,2.966,46.875,-206.063,34.500,-0.176,0.238,1.605,-0.348,2.945,3.621,0.042,0.158,1.094,1.325,3,NULL,NULL,,3,0,2,7,255,1031,250,0,0
stim,19909,50030,0,50030,3247329.455,0.869,0.030,0.061,0.490,0,0,2504,0,3113,2,3021,2809,56,1.256,1,2081,0,223.384,4.378,35.313,-217.375,37.438,-0.301,0.332,1.762,0.355,4.363,5.539,0.040,0.168,1.094,1.325,3,NULL,NULL,,3,0,2,7,255,1031,250,0,0
stim,19909,50030,0,50030,3247334.453,0.869,0.035,0.069,0.489,0,0,2395,0,3109,0,3017,2762,56,1.256,1,2081,0,231.903,6.315,12.063,-229.875,28.125,-0.367,0.348,1.938,0.355,6.305,6.824,0.042,0.180,1.094,1.325,3,NULL,NULL,,3,0,2,7,255,1031,250,0,0
stim,19909,50030,0,50030,3247339.455,0.869,0.040,0.078,0.487,0,0,2237,0,3093,1,3025,2705,56,1.256,1,2081,0,244.036,7.478,-5.438,-243.438,16.188,-0.520,0.234,2.168,-0.152,7.477,8.316,0.046,0.194,1.094,1.325,3,NULL,NULL,,3,0,2,7,255,1031,250,0,0
stim,19909,50030,0,50030,3247344.453,0.868,0.047,0.088,0.486,0,0,2084,0,3080,6,3019,2639,56,1.256,1,2081,0,266.666,9.138,-16.250,-265.938,11.125,-0.578,0.223,2.422,-2.223,8.863,10.164,0.054,0.206,1.094,1.325,3,NULL,NULL,,3,0,2,7,255,1031,250,0,0
stim,19909,50030,0,50030,3247349.455,0.867,0.054,0.099,0.485,0,0,1879,0,3057,29,2990,2553,56,1.256,1,2081,0,293.424,10.359,-26.250,-291.625,19.063,-0.637,0.398,2.578,-2.262,10.109,12.281,0.064,0.220,1.094,1.325,3,NULL,NULL,,3,0,2,7,255,1031,250,0,0
stim,19909,50030,0,50030,3247354.454,0.867,0.063,0.109,0.483,0,0,1733,0,3047,58,2979,2466,56,1.256,1,2081,0,325.383,12.503,-51.813,-320.063,27.375,-0.676,0.820,2.738,-2.262,12.297,13.332,0.076,0.234,1.094,1.325,3,NULL,NULL,,3,0,2,7,255,1031,250,0,0
stim,19909,50030,0,50030,3247359.455,0.865,0.073,0.121,0.481,0,0,1587,0,2963,61,2939,2325,56,1.256,1,2081,0,357.653,15.748,-86.375,-346.188,24.688,-0.785,1.066,2.813,0.645,15.734,14.078,0.090,0.252,1.094,1.325,3,NULL,NULL,,3,0,2,7,255,1031,250,0,0
stim,19931,50052,0,50052,3247364.453,0.864,0.086,0.132,0.479,0,0,1493,0,2989,67,2908,2195,56,1.256,1,2081,0,391.451,18.851,-120.688,-371.938,18.188,-0.852,1.121,2.883,1.711,18.773,14.078,0.108,0.270,1.094,1.325,3,NULL,NULL,,3,0,2,7,255,1031,250,0,0
stim,19931,50052,0,50052,3247369.455,0.861,0.100,0.143,0.478,0,0,1398,0,2934,72,2855,2072,56,1.256,1,2081,0,425.329,20.641,-162.625,-393.000,2.938,-0.867,1.074,2.930,1.711,20.570,13.891,0.128,0.292,1.094,1.325,3,NULL,NULL,,3,0,2,7,255,1031,250,0,0
stim,19931,50052,0,50052,3247374.454,0.857,0.116,0.155,0.477,0,0,1303,0,2883,67,2785,1959,56,1.256,1,2081,0,455.426,20.599,-193.750,-411.688,-19.688,-0.777,0.770,2.781,1.094,20.570,13.523,0.152,0.320,1.094,1.325,3,NULL,NULL,,3,0,2,7,255,1031,250,0,0
stim,19931,50052,0,50052,3247379.455,0.853,0.132,0.167,0.476,0,0,1193,0,2807,59,2680,1836,56,1.256,1,2081,0,477.557,19.609,-182.625,-440.875,-18.375,-0.805,0.512,2.680,-0.855,19.590,11.906,0.184,0.354,1.094,1.325,3,NULL,NULL,,3,0,2,7,255,1031,250,0,0
stim,19959,50080,0,50080,3247384.453,0.848,0.149,0.181,0.475,0,0,1070,0,2731,37,2519,1723,56,1.256,1,2081,0,503.916,19.717,-190.063,-466.688,-3.250,-0.910,0.660,2.535,-2.238,19.590,10.320,0.224,0.396,1.094,1.325,3,NULL,NULL,,3,0,2,7,255,1031,250,0,0
stim,19959,50080,0,50080,3247389.455,0.843,0.165,0.195,0.473,0,0,894,0,2613,0,2311,1591,56,1.256,1,2081,0,505.666,20.959,-167.438,-476.813,-17.688,-0.973,0.543,2.531,-3.113,20.727,7.551,0.272,0.446,1.094,1.325,3,NULL,NULL,,3,0,2,7,255,1031,250,0,0
stim,19959,50080,0,50080,3247394.454,0.838,0.179,0.210,0.471,0,0,761,0,2469,0,2025,1419,56,1.256,1,2081,0,505.808,21.113,-126.688,-488.125,-39.063,-0.848,0.180,2.797,-3.641,20.797,7.551,0.330,0.506,1.094,1.325,3,NULL,NULL,,3,0,2,7,255,1031,250,0,0
stim,19959,50080,0,50080,3247399.455,0.831,0.193,0.227,0.469,0,0,599,0,2267,0,1715,1202,56,1.256,1,2081,0,511.577,22.144,-103.938,-498.750,-46.438,-0.742,-0.109,3.094,-6.727,21.098,8.777,0.398,0.574,1.094,1.325,3,NULL,NULL,,3,0,2,7,255,1031,250,0,0
stim,19959,50080,0,50080,3247404.453,0.825,0.209,0.243,0.466,0,0,377,0,2006,0,1298,1019,56,1.256,1,2081,0,538.215,22.843,-133.938,-521.250,-5.875,-0.746,-0.375,2.961,-9.449,20.797,9.352,0.476,0.652,1.094,1.325,3,NULL,NULL,,3,0,2,7,255,1031,250,0,0
stim,19959,50080,0,50080,3247409.455,0.818,0.226,0.258,0.461,0,0,226,0,1707,0,787,840,56,1.256,1,2081,0,563.841,23.284,-167.500,-538.063,18.688,-0.648,-0.543,2.363,-11.758,20.098,9.352,0.566,0.742,1.094,1.325,3,NULL,NULL,,3,0,2,7,255,1031,250,0,0
stim,20009,50130,0,50130,3247414.454,0.811,0.242,0.274,0.456,0,0,114,0,1357,0,255,683,56,1.256,1,2081,0,563.495,19.849,-141.750,-545.125,16.500,-0.625,-0.410,1.770,-11.758,15.992,4.629,0.664,0.842,1.094,1.325,3,NULL,NULL,,3,0,2,7,255,1031,250,0,0
stim,20009,50130,0,50130,3247419.455,0.804,0.257,0.291,0.450,0,0,51,0,949,0,33,530,56,1.256,1,2081,0,554.702,16.419,-88.625,-547.000,25.125,-0.488,0.035,1.543,-9.691,13.254,-0.602,0.768,0.946,1.094,1.325,3,NULL,NULL,,3,0,2,7,255,1031,250,0,0
stim,20009,50130,0,50130,3247424.454,0.798,0.269,0.309,0.441,0,0,22,0,375,0,0,415,56,1.256,1,2081,0,548.526,14.167,-32.813,-544.563,57.063,-0.680,0.355,1.758,-5.004,13.254,-2.730,0.876,1.058,1.094,1.325,3,NULL,NULL,,3,0,2,7,255,1031,250,0,0
stim,20009,50130,0,50130,3247429.455,0.794,0.282,0.326,0.428,0,0,16,0,0,0,0,349,56,1.256,1,2081,0,585.006,18.130,2.500,-563.938,155.563,-1.281,0.242,2.020,-5.004,17.426,-3.926,0.986,1.170,1.094,1.325,3,NULL,NULL,,3,0,2,7,255,1031,250,0,0
stim,20009,50130,0,50130,3247434.454,0.789,0.297,0.343,0.415,0,0,0,0,0,0,0,243,56,1.256,1,2081,0,603.310,23.281,-26.938,-573.875,184.188,-1.488,0.473,2.121,-7.805,21.934,-7.465,1.098,1.284,1.094,1.325,3,NULL,NULL,,3,0,2,7,255,1031,250,0,0
stim,20009,50130,0,50130,3247439.455,0.781,0.312,0.357,0.406,0,0,0,0,0,0,0,192,56,1.256,1,2081,0,546.628,24.936,-136.063,-521.500,91.250,-0.934,1.191,1.895,-7.805,23.684,-9.641,1.210,1.396,1.094,1.325,4,NULL,NULL,,3,0,2,7,255,1031,250,0,0
stim,20009,50130,0,50130,3247444.453,0.771,0.331,0.365,0.403,0,0,0,0,0,0,0,138,56,1.256,1,2081,0,521.590,23.708,-301.063,-424.250,37.813,-0.586,1.676,1.289,1.086,23.684,-10.082,1.314,1.504,1.094,1.325,0,NULL,NULL,,3,0,2,7,255,1031,250,0,0
stim,20009,50130,0,50130,3247449.455,0.762,0.354,0.364,0.401,0,0,0,0,0,0,0,118,56,1.256,1,2081,0,572.192,21.330,-468.750,-298.375,136.563,-0.574,2.164,0.113,8.512,19.559,-11.949,1.408,1.602,1.094,1.325,0,NULL,NULL,,3,0,2,7,255,1031,250,0,0
stim,20029,50150,0,50150,3247454.453,0.755,0.372,0.361,0.401,0,0,0,0,0,0,0,77,56,1.256,1,2081,0,456.584,19.583,-407.000,-176.625,107.813,-0.410,1.852,-0.816,15.938,11.379,-19.555,1.494,1.690,1.094,1.325,0,NULL,NULL,,3,0,2,7,255,1031,250,0,0
stim,20029,50150,0,50150,3247459.455,0.753,0.377,0.361,0.400,0,0,0,0,0,0,0,53,56,1.256,1,2081,0,118.168,15.991,-87.875,-67.188,41.563,-0.660,-0.086,-0.055,15.938,1.309,-19.555,1.578,1.776,1.094,1.325,0,NULL,NULL,,3,0,2,7,255,1031,250,0,0
stim,20029,50150,0,50150,3247464.454,0.755,0.375,0.362,0.399,0,0,0,0,0,0,0,56,56,1.256,1,2081,0,61.941,3.667,58.313,8.813,18.938,-1.012,-1.207,1.555,-3.426,1.309,-15.270,1.668,1.868,1.094,1.325,0,NULL,NULL,,3,0,2,7,255,1031,250,0,0
stim,20029,50150,0,50150,3247469.455,0.755,0.376,0.357,0.402,0,0,0,0,0,0,0,64,56,1.256,1,2081,0,126.241,20.119,-84.125,94.125,-0.438,-1.219,-0.793,2.031,-16.137,12.016,-8.527,1.766,1.972,1.094,1.325,0,NULL,NULL,,3,0,2,7,255,1031,250,0,0
stim,20029,50150,0,50150,3247474.454,0.753,0.381,0.348,0.409,0,0,0,0,0,0,0,55,56,1.256,1,2081,0,293.686,21.264,-242.875,164.688,-11.875,-1.070,0.383,1.047,-16.137,13.848,-8.527,1.874,2.082,1.094,1.325,0,NULL,NULL,,3,0,2,7,255,1031,250,0,0
stim,20029,50150,0,50150,3247479.455,0.752,0.385,0.337,0.416,0,0,0,0,0,0,0,17,56,1.256,1,2081,0,310.555,14.194,-229.625,209.000,6.000,-0.910,1.250,0.059,-3.117,13.848,-15.004,1.982,2.192,1.094,1.325,0,NULL,NULL,,3,0,2,7,255,1031,250,0,0
stim,20062,50183,0,50183,3247484.454,0.754,0.384,0.327,0.420,0,0,0,0,0,0,0,9,56,1.256,1,2081,0,250.550,10.387,-106.875,224.938,27.500,-0.961,1.340,-0.016,6.906,7.758,-20.746,2.082,2.292,1.094,1.325,0,NULL,NULL,,3,0,2,7,255,1031,250,0,0
stim,20062,50183,0,50183,3247489.455,0.757,0.382,0.318,0.424,0,0,0,0,0,0,0,13,56,1.256,1,2081,0,238.492,10.387,-36.625,234.563,22.750,-1.016,0.883,0.582,6.906,7.758,-20.746,2.162,2.374,1.094,1.325,0,NULL,NULL,,3,0,2,7,255,1031,250,0,0
stim,20062,50183,0,50183,3247494.453,0.759,0.379,0.309,0.429,0,0,0,0,0,0,0,11,56,1.256,1,2081,0,255.492,11.890,-73.500,244.250,14.688,-0.973,0.219,0.875,2.531,11.617,-17.793,2.222,2.436,1.094,1.325,0,NULL,NULL,,3,0,2,7,255,1031,250,0,0
stim,20062,50183,0,50183,3247499.455,0.761,0.379,0.298,0.435,0,0,0,0,0,0,0,24,56,1.256,1,2081,0,283.412,12.095,-132.500,249.938,17.250,-0.828,0.039,0.473,-3.367,11.617,-13.848,2.266,2.482,1.094,1.325,0,NULL,NULL,,3,0,2,7,255,1031,250,0,0
stim,20062,50183,0,50183,3247504.454,0.762,0.379,0.287,0.440,0,0,0,0,0,0,0,28,56,1.256,1,2081,0,284.531,8.228,-129.625,251.688,28.438,-0.691,0.289,-0.070,-3.367,7.508,-13.848,2.308,2.526,1.094,1.325,0,NULL,NULL,,3,0,2,7,255,1031,250,0,0
stim,20062,50183,0,50183,3247509.455,0.764,0.377,0.276,0.444,0,0,0,0,0,0,0,26,56,1.256,1,2081,0,267.960,3.342,-80.375,252.875,37.375,-0.605,0.500,-0.270,-0.570,3.293,-16.371,2.362,2.582,1.094,1.325,0,NULL,NULL,,3,0,2,7,255,1031,250,0,0
stim,20081,50202,0,50202,3247514.453,0.768,0.374,0.266,0.448,0,0,0,0,0,0,0,30,56,1.256,1,2081,0,263.187,3.231,-36.125,257.063,43.375,-0.543,0.496,-0.152,1.727,2.730,-16.371,2.418,2.640,1.094,1.325,0,NULL,NULL,,3,0,2,7,255,1031,250,0,0
stim,20081,50202,0,50202,3247519.455,0.771,0.370,0.256,0.451,0,0,0,0,0,0,0,36,56,1.256,1,2081,0,270.137,3.231,-17.000,264.625,51.563,-0.477,0.371,-0.059,1.727,2.730,-16.336,2.472,2.696,1.094,1.325,0,NULL,NULL,,3,0,2,7,255,1031,250,0,0
stim,20112,50233,0,50233,3247524.454,0.775,0.365,0.246,0.453,0,0,0,0,0,0,0,33,56,1.256,1,2081,0,280.273,3.060,-5.688,273.313,61.813,-0.461,0.316,-0.039,0.992,2.895,-14.852,2.520,2.746,1.094,1.325,0,NULL,NULL,,3,0,2,7,255,1031,250,0,0
stim,20112,50233,0,50233,3247529.455,0.779,0.360,0.236,0.456,0,0,0,0,0,0,0,21,56,1.256,1,2081,0,288.113,2.960,13.375,280.250,65.500,-0.488,0.305,-0.023,0.539,2.910,-14.371,2.570,2.798,1.094,1.325,0,NULL,NULL,,3,0,2,7,255,1031,250,0,0
stim,20112,50233,0,50233,3247534.453,0.784,0.353,0.226,0.458,0,0,0,0,0,0,0,17,56,1.256,1,2081,0,295.549,3.273,36.188,286.188,64.313,-0.477,0.281,0.078,0.273,3.262,-14.363,2.618,2.850,1.094,1.325,0,NULL,NULL,,3,0,2,7,255,1031,250,0,0
stim,20112,50233,0,50233,3247539.455,0.789,0.346,0.216,0.460,0,0,0,0,0,0,0,21,56,1.256,1,2081,0,303.818,4.009,53.063,291.875,65.563,-0.449,0.297,0.246,0.273,4.000,-13.516,2.664,2.896,1.094,1.325,0,NULL,NULL,,3,0,2,7,255,1031,250,0,0
stim,20112,50233,0,50233,3247544.453,0.794,0.338,0.206,0.462,0,0,0,0,0,0,0,20,56,1.256,1,2081,0,310.517,5.221,58.688,297.313,67.688,-0.477,0.355,0.406,0.324,5.211,-12.211,2.700,2.934,1.094,1.325,0,NULL,NULL,,3,0,2,7,255,1031,250,0,0
stim,20112,50233,0,50233,3247549.455,0.798,0.331,0.196,0.464,0,0,0,0,0,0,0,14,56,1.256,1,2081,0,314.866,6.770,59.938,302.750,62.375,-0.500,0.328,0.484,0.410,6.758,-11.383,2.728,2.964,1.094,1.325,0,NULL,NULL,,3,0,2,7,255,1031,250,0,0
stim,20112,50233,0,50233,3247554.454,0.803,0.322,0.186,0.466,0,0,0,0,0,0,0,0,56,1.256,1,2081,0,319.601,7.410,63.813,308.563,53.500,-0.496,0.273,0.543,0.410,7.398,-10.730,2.748,2.986,1.094,1.325,0,NULL,NULL,,3,0,2,7,255,1031,250,0,0
stim,20112,50233,0,50233,3247559.455,0.807,0.314,0.175,0.469,0,0,0,0,0,0,0,1,56,1.256,1,2081,0,326.281,7.555,68.625,315.313,48.250,-0.441,0.227,0.609,0.000,7.555,-9.914,2.766,3.006,1.094,1.325,0,NULL,NULL,,3,0,2,7,255,1031,250,0,0
stim,20112,50233,0,50233,3247564.453,0.811,0.305,0.165,0.471,0,0,0,0,0,0,0,2,56,1.256,1,2081,0,334.901,7.609,71.313,323.625,48.375,-0.418,0.250,0.691,0.000,7.609,-8.766,2.782,3.024,1.094,1.325,0,NULL,NULL,,3,0,2,7,255,1031,250,0,0
stim,20112,50233,0,50233,3247569.455,0.815,0.296,0.154,0.474,0,0,0,0,0,0,0,5,56,1.256,1,2081,0,344.188,8.001,72.813,333.500,44.063,-0.445,0.297,0.758,0.289,7.996,-7.918,2.798,3.042,1.094,1.325,0,NULL,NULL,,3,0,2,7,255,1031,250,0,0
stim,20142,50263,0,50263,3247574.454,0.819,0.286,0.143,0.477,0,0,0,0,0,0,0,6,56,1.256,1,2081,0,353.644,8.724,74.875,344.125,32.188,-0.453,0.309,0.816,0.652,8.699,-7.492,2.816,3.062,1.094,1.325,0,NULL,NULL,,3,0,2,7,255,1031,250,0,0
stim,20142,50263,0,50263,3247579.455,0.822,0.276,0.132,0.481,0,0,0,0,0,0,0,5,56,1.256,1,2081,0,363.571,8.961,77.563,354.500,22.313,-0.418,0.277,0.871,0.797,8.926,-6.863,2.836,3.086,1.094,1.325,0,NULL,NULL,,3,0,2,7,255,1031,250,0,0
stim,20142,50263,0,50263,3247584.453,0.825,0.265,0.120,0.484,0,0,0,0,0,0,0,11,56,1.256,1,2081,0,372.734,8.964,78.750,363.938,16.688,-0.395,0.273,0.914,0.828,8.926,-5.887,2.864,3.114,1.094,1.325,0,NULL,NULL,,3,0,2,7,255,1031,250,0,0
stim,20142,50263,0,50263,3247589.455,0.828,0.255,0.109,0.488,0,0,0,0,0,0,0,11,56,1.256,1,2081,0,380.567,8.926,78.750,372.188,10.313,-0.383,0.273,0.926,1.055,8.863,-5.156,2.896,3.148,1.094,1.325,0,NULL,NULL,,3,0,2,7,255,1031,250,0,0
stim,20164,50285,0,50285,3247594.454,0.830,0.244,0.097,0.492,0,0,0,0,0,0,0,7,56,1.256,1,2081,0,387.780,8.737,82.313,378.938,2.063,-0.332,0.262,0.914,1.215,8.652,-4.738,2.934,3.188,1.094,1.325,0,NULL,NULL,,3,0,2,7,255,1031,250,0,0
stim,20164,50285,0,50285,3247599.455,0.832,0.232,0.085,0.497,0,0,0,0,0,0,0,9,56,1.256,1,2081,0,394.312,8.136,89.938,383.875,-5.750,-0.215,0.262,0.906,1.480,8.000,-4.320,2.976,3.232,1.094,1.325,0,NULL,NULL,,3,0,2,7,255,1031,250,0,0
stim,20164,50285,0,50285,3247604.453,0.834,0.220,0.073,0.501,0,0,0,0,0,0,0,8,56,1.256,1,2081,0,399.056,7.172,99.750,386.313,-7.625,-0.105,0.207,0.898,2.105,6.855,-3.723,3.022,3.280,1.094,1.325,0,NULL,NULL,,3,0,2,7,255,1031,250,0,0
stim,20164,50285,0,50285,3247609.455,0.836,0.207,0.062,0.504,0,0,0,0,0,0,0,13,56,1.256,1,2081,0,399.966,5.970,114.813,383.125,2.500,-0.113,0.195,0.945,2.266,5.523,-3.047,3.070,3.330,1.094,1.325,0,NULL,NULL,,3,0,2,7,255,1031,250,0,0
stim,20164,50285,1,50285,3247614.455,0.838,0.194,0.051,0.507,0,0,0,0,0,0,0,11,56,1.256,1,2081,0,397.523,5.975,128.750,376.000,8.500,-0.141,0.273,1.074,2.277,5.523,-2.422,3.116,3.378,1.094,1.325,0,NULL,NULL,,3,1,2,7,255,1031,250,0,0
stim,20164,50285,1,50285,3247619.455,0.840,0.181,0.041,0.510,0,0,0,0,0,0,0,9,56,1.256,1,2081,0,393.148,6.936,135.625,368.938,7.500,-0.121,0.293,1.191,3.031,6.238,-1.438,3.162,3.426,1.094,1.325,0,NULL,NULL,,3,1,2,7,255,1031,250,0,0
stim,20209,50330,1,50330,3247624.454,0.841,0.168,0.030,0.513,0,0,0,0,0,0,0,13,56,1.256,1,2081,0,387.222,7.163,136.438,362.313,7.438,-0.063,0.285,1.234,3.520,6.238,-0.180,3.206,3.472,1.094,1.325,0,NULL,NULL,,3,1,2,7,255,1031,250,0,0
stim,20209,50330,1,50330,3247629.455,0.843,0.155,0.020,0.515,0,0,0,0,0,0,0,10,56,1.256,1,2081,0,383.153,6.768,141.188,355.938,13.438,-0.016,0.281,1.242,3.855,5.563,0.559,3.248,3.516,1.094,1.325,0,NULL,NULL,,3,1,2,7,255,1031,250,0,0
stim,20209,50330,1,50330,3247634.453,0.844,0.141,0.011,0.517,0,0,0,0,0,0,0,18,56,1.256,1,2081,0,381.538,6.288,151.375,349.500,22.500,-0.004,0.305,1.281,4.094,4.773,0.906,3.286,3.556,1.094,1.325,0,NULL,NULL,,3,1,2,7,255,1031,250,0,0
stim,20209,50330,1,50330,3247639.455,0.846,0.128,0.002,0.518,0,0,0,0,0,0,0,21,56,1.256,1,2081,0,382.014,6.413,165.250,343.125,29.875,-0.039,0.301,1.387,4.418,4.648,1.379,3.322,3.596,1.094,1.325,0,NULL,NULL,,3,1,2,7,255,1031,250,0,0
stim,20209,50330,1,50330,3247644.454,0.847,0.113,-0.007,0.519,0,0,0,0,0,0,0,17,56,1.256,1,2081,0,382.558,6.421,176.563,337.750,33.188,-0.082,0.293,1.547,4.430,4.648,2.484,3.356,3.630,1.094,1.325,0,NULL,NULL,,3,1,2,7,255,1031,250,0,0
stim,20209,50330,1,50330,3247649.455,0.848,0.099,-0.015,0.520,0,0,0,0,0,0,0,10,56,1.256,1,2081,0,380.256,6.592,182.000,332.188,33.500,-0.105,0.293,1.715,4.445,4.867,4.117,3.386,3.662,1.094,1.325,0,NULL,NULL,,3,1,2,7,255,1031,250,0,0
stim,20209,50330,1,50330,3247654.453,0.849,0.085,-0.023,0.521,0,0,0,0,0,0,0,9,56,1.256,1,2081,0,374.680,6.687,180.688,326.500,33.688,-0.109,0.313,1.848,4.586,4.867,5.879,3.414,3.692,1.094,1.325,0,NULL,NULL,,3,1,2,7,255,1031,250,0,0
stim,20209,50330,1,50330,3247659.455,0.850,0.071,-0.031,0.521,0,0,0,0,0,0,0,7,56,1.256,1,2081,0,370.100,6.754,180.125,321.563,33.563,-0.125,0.316,1.941,4.914,4.633,7.250,3.440,3.720,1.094,1.325,0,NULL,NULL,,3,1,2,7,255,1031,250,0,0
stim,20231,50352,1,50352,3247664.454,0.850,0.057,-0.039,0.522,0,0,0,0,0,0,0,7,56,1.256,1,2081,0,368.058,6.630,181.625,318.875,28.250,-0.137,0.320,2.043,5.020,4.332,8.289,3.464,3.748,1.094,1.325,0,NULL,NULL,,3,1,2,7,255,1031,250,0,0
stim,20231,50352,1,50352,3247669.455,0.850,0.043,-0.047,0.522,0,0,0,0,0,0,0,5,56,1.256,1,2081,0,366.195,6.380,179.313,318.813,17.438,-0.125,0.270,2.098,5.020,3.938,9.395,3.490,3.774,1.094,1.325,0,NULL,NULL,,3,1,2,7,255,1031,250,0,0
stim,20231,50352,1,50352,3247674.454,0.850,0.028,-0.054,0.523,0,0,0,0,0,0,0,5,56,1.256,1,2081,0,368.935,5.669,185.063,318.875,13.563,-0.133,0.156,2.160,4.824,2.977,10.156,3.514,3.800,1.094,1.325,0,NULL,NULL,,3,1,2,7,255,1031,250,0,0
stim,20231,50352,1,50352,3247679.455,0.849,0.014,-0.062,0.524,0,0,0,0,0,0,0,0,56,1.256,1,2081,0,375.033,4.559,191.063,322.688,-4.188,-0.125,0.176,2.250,4.148,1.891,11.004,3.538,3.826,1.094,1.325,0,NULL,NULL,,3,1,2,7,255,1031,250,0,0
stim,20258,50379,1,50379,3247684.454,0.848,-0.001,-0.069,0.526,0,0,0,0,0,0,0,0,56,1.256,1,2081,0,381.768,4.036,198.625,325.563,-17.438,-0.113,0.082,2.320,3.859,1.180,11.906,3.564,3.854,1.094,1.325,0,NULL,NULL,,3,1,2,7,255,1031,250,0,0
stim,20258,50379,1,50379,3247689.455,0.845,-0.016,-0.076,0.529,0,0,0,0,0,0,0,6,56,1.256,1,2081,0,390.303,4.048,204.125,330.000,-42.063,0.027,0.078,2.434,4.047,-0.094,12.723,3.588,3.880,1.094,1.325,0,NULL,NULL,,3,1,2,7,255,1031,250,0,0
stim,20258,50379,1,50379,3247694.453,0.843,-0.031,-0.083,0.531,0,0,0,0,0,0,0,10,56,1.256,1,2081,0,387.533,4.090,197.750,330.188,-45.313,0.242,-0.098,2.281,3.426,-2.234,12.723,3.614,3.906,1.094,1.325,0,NULL,NULL,,3,1,2,7,255,1031,250,0,0
stim,20258,50379,1,50379,3247699.455,0.840,-0.046,-0.090,0.533,0,0,0,0,0,0,0,23,56,1.256,1,2081,0,390.783,6.280,212.188,325.500,-41.688,0.465,-0.305,1.996,3.102,-5.461,11.820,3.638,3.932,1.094,1.325,0,NULL,NULL,,3,1,2,7,255,1031,250,0,0
stim,20258,50379,1,50379,3247704.453,0.837,-0.062,-0.096,0.535,0,0,0,0,0,0,0,37,56,1.256,1,2081,0,412.406,8.716,260.375,317.500,-38.438,0.746,-0.387,1.961,1.824,-8.523,8.551,3.658,3.954,1.094,1.325,0,NULL,NULL,,3,1,2,7,255,1031,250,0,0
stim,20258,50379,1,50379,3247709.455,0.833,-0.081,-0.100,0.538,0,0,0,0,0,0,0,45,56,1.256,1,2081,0,444.453,12.037,315.438,310.688,-38.875,0.949,-0.449,2.117,1.824,-11.898,7.898,3.674,3.972,1.094,1.325,0,NULL,NULL,,3,1,2,7,255,1031,250,0,0
stim,20307,50428,1,50428,3247714.454,0.830,-0.101,-0.103,0.540,0,0,0,0,0,0,0,51,56,1.256,1,2081,0,471.212,14.999,360.813,301.063,-34.875,1.160,-0.414,2.438,1.895,-14.879,7.898,3.688,3.988,1.094,1.325,0,NULL,NULL,,3,1,2,7,255,1031,250,0,0
stim,20307,50428,1,50428,3247719.455,0.826,-0.121,-0.104,0.541,0,0,0,0,0,0,0,53,56,1.256,1,2081,0,481.433,18.240,381.688,292.375,-24.688,1.379,-0.309,2.750,2.875,-18.012,9.852,3.694,3.996,1.094,1.325,0,NULL,NULL,,3,1,2,7,255,1031,250,0,0
stim,20307,50428,1,50428,3247724.454,0.821,-0.142,-0.106,0.542,0,0,0,0,0,0,0,45,56,1.256,1,2081,0,478.448,21.562,384.813,283.500,-21.438,1.551,-0.207,2.988,4.340,-21.121,11.527,3.696,4.000,1.094,1.325,0,NULL,NULL,,3,1,2,7,255,1031,250,0,0
stim,20307,50428,1,50428,3247729.455,0.817,-0.161,-0.107,0.543,0,0,0,0,0,0,0,53,56,1.256,1,2081,0,463.464,24.243,371.313,276.750,-18.313,1.633,-0.258,3.168,4.668,-23.789,12.566,3.690,3.998,1.094,1.325,0,NULL,NULL,,3,1,2,7,255,1031,250,0,0
stim,20307,50428,1,50428,3247734.454,0.813,-0.180,-0.108,0.544,0,0,0,0,0,0,0,57,56,1.256,1,2081,0,437.216,26.523,344.063,269.500,-12.188,1.582,-0.348,3.344,4.668,-26.109,13.117,3.676,3.986,1.094,1.325,0,NULL,NULL,,3,1,2,7,255,1031,250,0,0
stim,20307,50428,1,50428,3247739.455,0.808,-0.197,-0.111,0.544,0,0,0,0,0,0,0,61,56,1.256,1,2081,0,403.585,27.670,307.250,260.938,-19.750,1.621,-0.285,3.484,3.234,-27.480,13.949,3.652,3.962,1.094,1.325,0,NULL,NULL,,3,1,2,7,255,1031,250,0,0
stim,20307,50428,1,50428,3247744.453,0.803,-0.212,-0.114,0.545,0,0,0,0,0,0,0,73,56,1.256,1,2081,0,364.600,29.110,258.938,253.063,-42.938,1.883,-0.223,3.488,3.234,-28.930,13.949,3.614,3.926,1.094,1.325,0,NULL,NULL,,3,1,2,7,255,1031,250,0,0
stim,20307,50428,1,50428,3247749.455,0.799,-0.224,-0.118,0.546,0,0,0,0,0,0,0,89,56,1.256,1,2081,0,324.120,31.906,203.125,245.375,-59.875,2.266,-0.324,3.348,4.281,-31.617,12.602,3.562,3.876,1.094,1.325,0,NULL,NULL,,3,1,2,7,255,1031,250,0,0
stim,20330,50451,1,50451,3247754.454,0.794,-0.234,-0.124,0.547,0,0,0,0,0,0,0,116,56,1.256,1,2081,0,282.625,35.209,142.500,236.438,-60.563,2.641,-0.465,3.039,4.398,-34.934,8.730,3.494,3.812,1.094,1.325,0,NULL,NULL,,3,1,2,7,255,1031,250,0,0
stim,20330,50451,1,50451,3247759.455,0.791,-0.242,-0.130,0.547,0,0,0,0,0,0,0,170,56,1.256,1,2081,0,249.891,37.565,89.438,226.688,-55.313,3.012,-0.543,2.594,4.449,-37.301,3.320,3.412,3.732,1.094,1.325,0,NULL,NULL,,3,1,2,7,255,1031,250,0,0
stim,20330,50451,1,50451,3247764.453,0.788,-0.249,-0.136,0.547,0,0,0,0,0,0,0,201,56,1.256,1,2081,0,228.035,38.785,56.688,215.500,-48.438,3.434,-0.563,2.090,5.066,-38.453,-3.117,3.318,3.638,1.094,1.325,0,NULL,NULL,,3,1,2,7,255,1031,250,0,0
stim,20330,50451,1,50451,3247769.455,0.785,-0.255,-0.143,0.546,0,0,0,0,0,0,0,254,56,1.256,1,2081,0,209.854,39.852,45.563,201.375,-37.563,3.914,-0.672,1.598,6.488,-39.320,-10.109,3.208,3.532,1.094,1.325,0,NULL,NULL,,3,1,2,7,255,1031,250,0,0
stim,20330,50451,1,50451,3247774.454,0.783,-0.262,-0.148,0.545,0,0,0,0,0,0,0,303,56,1.256,1,2081,0,192.875,41.198,60.688,182.875,-8.625,4.391,-0.957,1.078,6.488,-40.684,-17.496,3.088,3.414,1.094,1.325,0,NULL,NULL,,3,1,2,7,255,1031,250,0,0
stim,20330,50451,1,50451,3247779.455,0.781,-0.269,-0.150,0.543,0,0,0,0,0,0,0,315,56,1.256,1,2081,0,199.045,42.605,111.125,157.563,49.438,4.480,-1.395,0.828,6.480,-42.109,-25.422,2.956,3.284,1.094,1.325,0,NULL,NULL,,3,1,2,7,255,1031,250,0,0
stim,20357,50478,1,50478,3247784.454,0.781,-0.277,-0.150,0.540,0,0,0,0,0,0,0,317,56,1.256,1,2081,0,195.794,42.405,138.750,115.688,75.500,4.305,-1.863,0.918,3.074,-42.293,-29.535,2.810,3.140,1.094,1.325,0,NULL,NULL,,3,1,2,7,255,1031,250,0,0
stim,20357,50478,1,50478,3247789.455,0.780,-0.286,-0.147,0.536,0,0,0,0,0,0,0,296,56,1.256,1,2081,0,224.451,42.324,184.000,81.375,99.500,4.152,-1.984,1.000,-1.613,-42.293,-29.535,2.652,2.984,1.094,1.325,0,NULL,NULL,,3,1,2,7,255,1031,250,0,0
stim,20357,50478,1,50478,3247794.453,0.780,-0.296,-0.142,0.533,0,0,0,0,0,0,0,262,56,1.256,1,2081,0,273.085,42.083,239.750,42.750,123.563,3.789,-1.910,1.336,-2.996,-41.977,-28.969,2.484,2.816,1.094,1.325,0,NULL,NULL,,3,1,2,7,255,1031,250,0,0
stim,20357,50478,1,50478,3247799.455,0.779,-0.307,-0.133,0.530,0,0,0,0,0,0,0,231,56,1.256,1,2081,0,313.558,41.000,280.438,-1.875,140.250,3.199,-1.289,2.117,-2.996,-40.891,-24.734,2.304,2.638,1.094,1.325,0,NULL,NULL,,3,1,2,7,255,1031,250,0,0
stim,20375,50496,1,50496,3247804.454,0.779,-0.314,-0.125,0.528,0,0,0,71,0,0,0,378,56,1.256,1,2081,0,262.270,39.520,230.125,-49.000,115.875,2.309,-0.617,3.387,-0.801,-39.512,-14.184,2.120,2.452,1.094,1.325,0,NULL,NULL,,3,1,2,7,255,1031,250,0,0
stim,20375,50496,1,50496,3247809.455,0.781,-0.327,-0.103,0.523,253,0,0,741,0,36,0,443,56,1.256,1,2081,0,596.328,39.520,461.313,-220.250,307.063,0.680,-1.133,7.090,-0.801,-39.512,2.199,1.932,2.264,1.094,1.325,0,NULL,NULL,,3,1,2,7,255,1031,250,0,0
stim,20375,50496,1,50496,3247814.453,0.787,-0.333,-0.081,0.513,902,0,0,1381,0,223,0,541,56,1.256,1,2081,0,572.884,50.491,306.188,-262.000,407.188,1.598,0.977,10.410,-3.637,-50.359,36.691,1.740,2.070,1.094,1.325,0,NULL,NULL,,3,1,2,7,255,1031,250,0,0
stim,20375,50496,1,50496,3247819.455,0.809,-0.297,-0.095,0.498,1477,0,0,1775,0,508,0,593,56,1.256,1,2081,0,1080.631,50.491,-1016.000,-112.313,350.563,-0.449,1.840,4.691,-3.637,-50.359,36.691,1.548,1.876,1.094,1.325,0,NULL,NULL,,3,1,2,7,255,1031,250,0,0
stim,20413,50534,1,50534,3247824.454,0.833,-0.248,-0.113,0.482,1925,0,0,1975,0,811,0,619,56,1.256,1,2082,0,1360.071,18.444,-1304.500,-173.688,343.375,-0.637,4.508,-0.922,8.164,-16.539,36.234,1.356,1.682,1.094,1.325,1,1054.000,23.000,,3,1,2,7,255,1031,250,0,0
stim,20413,50534,1,50534,3247829.455,0.847,-0.220,-0.121,0.469,2188,0,0,2131,0,983,0,699,56,1.256,1,2082,0,802.175,32.492,-741.375,-127.750,278.438,-1.930,3.285,-3.621,16.223,28.152,-2.609,1.162,1.486,1.094,1.325,1,NULL,NULL,,3,1,2,7,255,1031,250,0,0
stim,20413,50534,1,50534,3247834.453,0.852,-0.210,-0.119,0.465,2397,0,0,2233,0,1199,0,791,56,1.256,1,2082,0,269.622,32.492,-194.063,-155.250,104.563,-2.461,-0.180,-2.328,16.223,28.152,-20.906,0.966,1.288,1.094,1.325,1,NULL,NULL,,3,1,2,7,255,1031,250,0,0
stim,20413,50534,1,50534,3247839.455,0.851,-0.212,-0.110,0.468,2567,0,0,2411,0,1331,0,851,56,1.256,1,2082,0,205.387,28.501,132.938,-156.250,-9.875,-0.773,-0.488,0.941,-8.051,27.340,-20.906,0.766,1.084,1.094,1.325,1,NULL,NULL,,3,1,2,7,255,1031,250,0,0
stim,20413,50534,1,50534,3247844.453,0.851,-0.214,-0.103,0.468,2729,0,0,2621,0,1423,0,952,56,1.256,1,2082,0,162.409,8.097,111.000,-114.500,30.750,0.496,2.305,1.945,-8.051,-0.859,0.242,0.554,0.862,1.094,1.325,1,NULL,NULL,,3,1,2,7,255,1031,250,0,0
stim,20413,50534,1,50534,3247849.455,0.857,-0.210,-0.097,0.460,2836,0,0,2745,0,1485,0,1111,56,1.256,1,2082,0,285.429,8.835,-60.125,-147.563,236.813,-0.703,1.566,2.098,8.793,-0.859,10.832,0.352,0.632,1.094,1.325,2,NULL,NULL,,3,1,2,7,255,1031,250,0,0
stim,20413,50534,1,50534,3247854.454,0.865,-0.195,-0.095,0.452,2907,0,0,2844,0,1567,0,1240,56,1.256,1,2082,0,423.054,9.595,-320.688,-182.938,206.563,-2.211,-0.172,1.227,8.793,3.840,10.832,0.230,0.430,1.094,1.325,2,NULL,NULL,,3,1,2,7,255,1031,250,0,0
stim,20413,50534,1,50534,3247859.455,0.868,-0.179,-0.094,0.453,2963,0,0,2925,0,1625,0,1363,56,1.256,1,2082,0,383.727,17.154,-330.000,-194.438,-23.250,-2.188,-0.992,-0.258,-13.723,10.293,8.211,0.248,0.308,1.094,1.325,2,NULL,NULL,,3,1,2,7,255,1031,250,0,0
stim,20413,50534,0,50534,3247864.453,0.867,-0.169,-0.091,0.460,2991,0,0,2971,0,1685,0,1463,56,1.256,1,2082,0,303.172,17.154,-151.313,-200.875,-169.313,-0.949,-0.832,-0.180,-13.723,10.293,-7.063,0.308,0.280,1.094,1.325,2,NULL,NULL,,3,0,2,7,255,1027,250,0,0
stim,20413,50534,0,50534,3247869.455,0.864,-0.162,-0.085,0.469,3022,0,0,3027,0,1771,0,1579,56,1.256,1,2082,0,293.755,12.570,-27.813,-203.063,-210.438,0.293,-0.891,0.988,-12.105,3.387,-7.063,0.340,0.308,1.094,1.325,2,NULL,NULL,,3,0,2,7,255,1027,250,0,0
stim,20449,50570,0,50570,3247874.454,0.862,-0.157,-0.079,0.475,3043,0,0,3089,0,1871,0,1637,56,1.256,1,2082,0,231.553,11.634,-37.000,-187.750,-130.375,1.152,-1.066,1.590,-5.633,-10.180,-3.066,0.344,0.340,1.094,1.325,2,NULL,NULL,,3,0,2,7,255,1027,250,0,0
stim,20449,50570,0,50570,3247879.455,0.863,-0.150,-0.075,0.477,3067,0,0,3124,0,1963,0,1676,56,1.256,1,2082,0,184.710,20.238,-83.313,-163.250,-22.938,1.348,-1.520,1.797,-5.387,-19.508,-0.070,0.352,0.370,1.094,1.325,2,NULL,NULL,,3,0,2,7,255,1027,250,0,0
stim,20449,50570,0,50570,3247884.453,0.866,-0.142,-0.072,0.474,3082,0,0,3131,0,2055,0,1695,56,1.256,1,2082,0,222.576,24.129,-145.250,-145.000,86.125,1.129,-1.938,1.605,-5.387,-23.520,-0.070,0.368,0.404,1.094,1.325,2,NULL,NULL,,3,0,2,7,255,1027,250,0,0
stim,20449,50570,0,50570,3247889.455,0.871,-0.134,-0.069,0.467,3092,0,0,3163,0,2137,0,1724,56,1.256,1,2082,0,280.344,24.978,-162.438,-135.125,184.250,0.402,-1.309,0.723,-8.410,-23.520,-0.484,0.376,0.436,1.094,1.325,2,NULL,NULL,,3,0,2,7,255,1027,250,0,0
stim,20449,50570,0,50570,3247894.454,0.877,-0.128,-0.065,0.459,3099,0,0,3177,0,2212,0,1763,56,1.256,1,2082,0,262.584,14.711,-86.688,-134.125,208.438,-0.453,-0.262,0.352,-8.410,-12.070,-5.770,0.364,0.458,1.094,1.325,2,NULL,NULL,,3,0,2,7,255,1027,250,0,0
stim,20449,50570,0,50570,3247899.455,0.879,-0.124,-0.060,0.456,3101,0,0,3179,188,2299,0,1931,56,1.256,1,2082,0,178.765,4.770,-44.750,-141.875,99.125,-1.313,0.332,1.227,-4.645,1.086,-5.770,0.338,0.468,1.094,1.325,2,NULL,NULL,,3,0,2,7,255,1027,250,0,0
stim,20473,50594,0,50594,3247904.453,0.880,-0.120,-0.056,0.457,3115,0,0,3192,431,2347,134,2059,56,1.256,1,2082,0,141.120,5.005,-49.063,-131.188,-17.250,-0.270,0.527,1.262,-4.633,1.895,3.395,0.306,0.462,1.094,1.325,2,NULL,NULL,,3,0,2,7,255,1027,250,0,0
stim,20473,50594,0,50594,3247909.455,0.879,-0.118,-0.053,0.459,3118,0,0,3184,747,2395,92,2163,56,1.256,1,2082,0,98.958,3.372,-11.500,-82.125,-54.000,0.426,0.164,2.027,2.789,1.895,5.055,0.276,0.438,1.094,1.325,2,NULL,NULL,,3,0,2,7,255,1027,250,0,0
stim,20473,50594,0,50594,3247914.454,0.879,-0.115,-0.052,0.460,3113,0,0,3183,983,2439,93,2228,56,1.256,1,2082,0,76.395,8.171,-46.313,-55.375,-25.000,0.922,0.441,1.363,3.820,-7.223,3.395,0.248,0.394,1.094,1.325,2,NULL,NULL,,3,0,2,7,255,1027,250,0,0
stim,20473,50594,0,50594,3247919.455,0.879,-0.113,-0.051,0.460,3112,0,0,3187,1150,2455,119,2285,56,1.256,1,2082,0,57.998,11.373,-26.063,-50.563,11.313,0.512,0.871,1.469,8.785,-7.223,4.270,0.230,0.336,1.094,1.325,2,NULL,NULL,,3,0,2,7,255,1027,250,0,0
stim,20510,50631,0,50631,3247924.454,0.879,-0.109,-0.052,0.461,3112,0,0,3184,1240,2463,135,2329,56,1.256,1,2082,0,96.734,9.150,-91.500,-25.313,-18.563,-0.301,0.070,1.785,8.785,-2.559,4.270,0.226,0.274,1.094,1.325,2,NULL,NULL,,3,0,2,7,255,1027,250,0,0
stim,20510,50631,0,50631,3247929.455,0.879,-0.103,-0.053,0.462,3101,0,0,3191,1328,2479,139,2375,56,1.256,1,2082,0,139.956,2.721,-134.063,-21.813,-33.750,0.082,-0.371,0.574,-0.926,-2.559,4.270,0.230,0.222,1.094,1.325,2,NULL,NULL,,3,0,2,7,255,1027,250,0,0
stim,20510,50631,0,50631,3247934.453,0.879,-0.100,-0.054,0.463,3112,16,0,3193,1429,2492,149,2407,56,1.256,1,2082,0,66.999,3.143,-57.875,-19.125,-27.813,-0.125,-0.289,0.605,-2.484,-1.926,-4.051,0.238,0.190,1.094,1.325,2,NULL,NULL,,3,0,2,7,255,1027,250,0,0
stim,20510,50631,0,50631,3247939.455,0.878,-0.099,-0.054,0.464,3111,31,0,3187,1519,2507,165,2429,56,1.256,1,2082,0,52.051,3.143,-8.563,-17.375,-48.313,-0.094,0.094,1.078,-2.484,-1.926,-4.051,0.244,0.176,1.094,1.325,2,NULL,NULL,,3,0,2,7,255,1027,250,0,0
stim,20510,50631,0,50631,3247944.454,0.877,-0.098,-0.054,0.466,3101,39,0,3190,1579,2516,168,2451,56,1.256,1,2082,0,58.711,1.873,-27.313,-10.313,-50.938,0.059,0.242,1.289,0.457,-1.816,0.793,0.252,0.164,1.094,1.325,2,NULL,NULL,,3,0,2,7,255,1027,250,0,0
stim,20510,50631,0,50631,3247949.455,0.877,-0.095,-0.055,0.467,3109,44,0,3195,1619,2512,173,2472,56,1.256,1,2082,0,76.226,1.888,-69.438,-5.625,-30.938,0.004,0.023,1.137,0.516,-1.816,1.102,0.270,0.148,1.094,1.325,2,NULL,NULL,,3,0,2,7,255,1027,250,0,0
stim,20510,50631,0,50631,3247954.453,0.877,-0.092,-0.056,0.468,3115,73,0,3195,1669,2521,165,2485,56,1.256,1,2082,0,82.055,1.888,-77.563,-4.625,-26.375,-0.207,-0.051,0.867,0.516,-1.816,1.102,0.292,0.128,1.094,1.325,2,NULL,NULL,,3,0,2,7,255,1027,250,0,0
stim,20510,50631,0,50631,3247959.455,0.876,-0.090,-0.057,0.470,3108,107,0,3183,1685,2525,167,2489,56,1.256,1,2082,0,71.739,0.563,-48.000,-4.500,-53.125,-0.250,0.082,0.828,-0.434,-0.359,-1.160,0.316,0.106,1.094,1.325,2,NULL,NULL,,3,0,2,7,255,1027,250,0,0
stim,20531,50652,0,50652,3247964.454,0.875,-0.088,-0.058,0.473,3109,110,0,3187,1763,2535,171,2507,56,1.256,1,2082,0,75.933,0.563,-27.375,-4.438,-70.688,-0.074,0.133,1.004,-0.434,-0.359,-1.160,0.336,0.088,1.094,1.325,2,NULL,NULL,,3,0,2,7,255,1027,250,0,0
stim,20531,50652,0,50652,3247969.455,0.874,-0.086,-0.058,0.475,3109,119,0,3187,1789,2541,169,2521,56,1.256,1,2082,0,67.800,1.082,-34.313,-2.125,-58.438,0.070,0.008,1.113,0.852,-0.668,0.063,0.350,0.074,1.094,1.325,2,NULL,NULL,,3,0,2,7,255,1027,250,0,0
stim,20531,50652,0,50652,3247974.454,0.873,-0.084,-0.059,0.476,3100,126,0,3183,1809,2542,172,2511,56,1.256,1,2082,0,56.011,2.667,-45.438,-0.375,-32.750,0.055,-0.020,1.043,0.852,-2.527,0.109,0.362,0.066,1.094,1.325,2,NULL,NULL,,3,0,2,7,255,1027,250,0,0
stim,20531,50652,0,50652,3247979.455,0.873,-0.083,-0.060,0.477,3104,153,11,3192,1835,2539,168,2521,56,1.256,1,2082,0,44.511,2.585,-40.625,0.125,-18.188,-0.059,0.039,0.938,0.543,-2.527,0.109,0.374,0.058,1.094,1.325,2,NULL,NULL,,3,0,2,7,255,1027,250,0,0
stim,20557,50678,0,50678,3247984.454,0.873,-0.082,-0.061,0.478,3103,151,19,3188,1867,2540,169,2515,56,1.256,1,2082,0,37.380,1.171,-26.875,1.500,-25.938,-0.133,0.039,0.941,0.418,-1.094,-0.492,0.382,0.050,1.094,1.325,2,NULL,NULL,,3,0,2,7,255,1027,250,0,0
stim,20557,50678,0,50678,3247989.455,0.872,-0.081,-0.061,0.479,3095,153,46,3189,1879,2550,143,2521,56,1.256,1,2082,0,36.669,1.101,-20.125,3.063,-30.500,-0.066,0.004,0.992,0.129,-1.094,-0.492,0.392,0.044,1.094,1.325,2,NULL,NULL,,3,0,2,7,255,1027,250,0,0
stim,20557,50678,0,50678,3247994.453,0.872,-0.080,-0.061,0.480,3096,159,121,3182,1900,2541,135,2519,56,1.256,1,2082,0,27.693,1.288,-18.875,2.375,-20.125,-0.043,-0.020,1.004,0.086,-1.285,-0.129,0.398,0.040,1.094,1.325,2,NULL,NULL,,3,0,2,7,255,1027,250,0,0
stim,20557,50678,0,50678,3247999.455,0.872,-0.079,-0.062,0.480,3108,164,159,3179,1912,2551,111,2521,56,1.256,1,2082,0,22.465,1.288,-18.875,3.438,-11.688,-0.098,-0.012,0.988,0.086,-1.285,-0.129,0.402,0.036,1.094,1.325,2,NULL,NULL,,3,0,2,7,255,1027,250,0,0
stim,20557,50678,0,50678,3248004.454,0.871,-0.078,-0.062,0.480,3103,159,199,3177,1931,2543,107,2522,56,1.256,1,2082,0,17.839,1.105,-16.125,2.563,-7.188,-0.152,0.047,0.988,0.086,-1.102,-0.082,0.408,0.034,1.094,1.325,2,NULL,NULL,,3,0,2,7,255,1027,250,0,0
stim,20557,50678,0,50678,3248009.455,0.871,-0.078,-0.063,0.481,3097,171,229,3177,1933,2536,91,2516,56,1.256,1,2082,0,17.909,0.365,-10.625,2.188,-14.250,-0.172,0.078,1.008,0.098,-0.352,-0.008,0.414,0.030,1.094,1.325,2,NULL,NULL,,3,0,2,7,255,1027,250,0,0
stim,20607,50728,0,50728,3248014.453,0.871,-0.078,-0.063,0.481,3081,163,247,3171,1948,2547,71,2511,56,1.309,1,2082,1,19.676,0.448,-8.188,2.250,-17.750,-0.129,0.090,1.031,0.277,-0.352,0.227,0.000,0.000,1.089,1.335,2,NULL,NULL,,3,0,2,7,255,1027,250,0,0
stim,20607,50728,0,50728,3248019.455,0.871,-0.077,-0.063,0.482,3087,164,253,3181,1961,2537,63,2509,56,1.309,1,2082,1,17.542,0.588,-8.563,1.938,-15.188,-0.125,0.066,1.031,0.465,-0.359,0.379,0.004,0.000,1.089,1.335,2,NULL,NULL,,3,0,2,7,255,1027,250,0,0
stim,20607,50728,0,50728,3248024.454,0.870,-0.077,-0.063,0.482,3065,160,269,3163,1965,2539,52,2518,56,1.309,1,2082,1,15.281,0.663,-9.500,0.875,-11.938,-0.137,0.051,1.016,0.465,-0.473,0.379,0.006,0.002,1.089,1.335,2,NULL,NULL,,3,0,2,7,255,1027,250,0,0
stim,20607,50728,0,50728,3248029.455,0.870,-0.076,-0.064,0.483,3058,161,302,3147,1973,2535,47,2521,56,1.309,1,2082,1,13.970,0.542,-9.750,0.313,-10.000,-0.160,0.008,0.980,0.266,-0.473,0.230,0.010,0.002,1.089,1.335,2,NULL,NULL,,3,0,2,7,255,1027,250,0,0
stim,20607,50728,0,50728,3248034.453,0.870,-0.076,-0.064,0.483,3059,152,309,3146,1979,2525,45,2509,56,1.309,1,2082,1,11.150,0.522,-6.813,-1.875,-8.625,-0.148,-0.012,0.953,-0.223,-0.473,-0.094,0.012,0.004,1.089,1.335,2,NULL,NULL,,3,0,2,7,255,1027,250,0,0
stim,20607,50728,0,50728,3248039.455,0.870,-0.076,-0.064,0.483,3039,151,325,3141,1993,2529,45,2520,56,1.309,1,2082,1,6.603,0.641,-2.750,-3.125,-5.125,-0.160,-0.031,0.938,-0.340,-0.543,-0.375,0.016,0.004,1.089,1.335,2,NULL,NULL,,3,0,2,7,255,1027,250,0,0
stim,20607,50728,0,50728,3248044.454,0.870,-0.076,-0.063,0.483,3035,151,345,3129,1998,2529,43,2521,56,1.309,1,2082,1,6.430,0.641,1.625,-5.750,-2.375,-0.172,0.012,0.949,-0.340,-0.543,-0.375,0.018,0.004,1.089,1.335,2,NULL,NULL,,3,0,2,7,255,1027,250,0,0
stim,20607,50728,0,50728,3248049.455,0.870,-0.076,-0.063,0.483,3021,151,355,3117,1999,2511,45,2530,56,1.309,1,2082,1,8.196,0.591,3.438,-6.938,-2.688,-0.191,-0.008,0.965,-0.535,-0.250,-0.352,0.020,0.004,1.089,1.335,2,NULL,NULL,,3,0,2,7,255,1027,250,0,0
stim,20629,50750,0,50750,3248054.453,0.870,-0.076,-0.063,0.484,3007,140,377,3101,2019,2513,59,2525,56,1.309,1,2082,1,11.364,0.364,5.813,-9.313,-2.938,-0.172,0.035,0.961,-0.297,-0.211,-0.230,0.022,0.004,1.089,1.335,2,NULL,NULL,,3,0,2,7,255,1027,250,0,0
stim,20629,50750,0,50750,3248059.455,0.870,-0.076,-0.062,0.484,2991,139,383,3092,2029,2519,69,2527,56,1.309,1,2082,1,13.244,0.234,8.125,-10.000,-3.063,-0.160,0.031,0.969,-0.102,-0.211,-0.191,0.024,0.004,1.089,1.335,2,NULL,NULL,,3,0,2,7,255,1027,250,0,0
stim,20629,50750,0,50750,3248064.453,0.870,-0.076,-0.061,0.484,2981,137,413,3078,2040,2515,74,2535,56,1.309,1,2082,1,15.275,0.279,9.500,-11.875,-1.438,-0.148,0.047,0.969,-0.070,-0.270,-0.191,0.026,0.006,1.089,1.335,2,NULL,NULL,,3,0,2,7,255,1027,250,0,0
stim,20629,50750,0,50750,3248069.455,0.870,-0.076,-0.061,0.484,2957,133,424,3054,2057,2509,86,2547,56,1.309,1,2082,1,15.778,0.288,9.625,-12.500,0.250,-0.172,0.066,0.973,0.102,-0.270,-0.180,0.028,0.006,1.089,1.335,2,NULL,NULL,,3,0,2,7,255,1027,250,0,0
stim,20629,50750,0,50750,3248074.454,0.870,-0.076,-0.060,0.484,2943,138,453,3039,2076,2517,103,2558,56,1.309,1,2082,1,17.368,0.150,9.625,-14.250,-2.438,-0.180,0.074,0.973,0.148,0.023,-0.109,0.028,0.008,1.089,1.335,2,NULL,NULL,,3,0,2,7,255,1027,250,0,0
stim,20629,50750,0,50750,3248079.455,0.870,-0.076,-0.059,0.484,2935,141,531,3029,2065,2509,115,2573,56,1.309,1,2082,1,18.832,0.151,10.625,-15.375,-2.313,-0.160,0.086,0.969,0.148,0.027,-0.109,0.030,0.008,1.089,1.335,2,NULL,NULL,,3,0,2,7,255,1027,250,0,0
stim,20656,50777,0,50777,3248084.453,0.870,-0.076,-0.058,0.484,2899,135,598,3013,2141,2509,136,2597,56,1.309,1,2082,1,20.654,0.333,11.625,-17.063,-0.563,-0.148,0.094,0.977,0.332,0.027,-0.105,0.030,0.010,1.089,1.335,2,NULL,NULL,,3,0,2,7,255,1027,250,0,0
stim,20656,50777,0,50777,3248089.455,0.870,-0.076,-0.057,0.484,2883,141,632,2988,2181,2517,151,2603,56,1.309,1,2082,1,22.087,0.454,12.438,-18.250,0.250,-0.156,0.145,1.000,0.453,0.027,-0.094,0.032,0.012,1.089,1.335,2,NULL,NULL,,3,0,2,7,255,1027,250,0,0
stim,20656,50777,0,50777,3248094.454,0.870,-0.077,-0.056,0.484,2856,137,701,2975,2223,2523,201,2618,56,1.309,1,2082,1,22.273,0.856,11.813,-18.813,-1.625,-0.160,0.180,1.023,0.816,0.258,0.164,0.032,0.012,1.089,1.335,2,NULL,NULL,,3,0,2,7,255,1027,250,0,0
stim,20656,50777,0,50777,3248099.455,0.870,-0.077,-0.055,0.485,2839,149,743,2963,2263,2531,244,2634,56,1.309,1,2082,1,21.618,1.171,9.375,-18.875,-4.813,-0.141,0.207,1.027,1.090,0.430,0.418,0.032,0.014,1.089,1.335,2,NULL,NULL,,3,0,2,7,255,1027,250,0,0
stim,20676,50797,0,50797,3248104.453,0.870,-0.077,-0.054,0.485,2807,165,808,2941,2297,2537,299,2651,56,1.309,1,2082,1,20.633,1.314,6.750,-18.688,-5.563,-0.129,0.184,1.027,1.242,0.430,0.418,0.032,0.016,1.089,1.335,2,NULL,NULL,,3,0,2,7,255,1027,250,0,0
stim,20676,50797,0,50797,3248109.455,0.869,-0.076,-0.053,0.485,2777,171,903,2904,2325,2516,350,2663,56,1.309,1,2082,1,20.130,1.259,4.375,-18.750,-5.875,-0.137,0.152,1.020,1.242,0.207,0.406,0.032,0.018,1.089,1.335,2,NULL,NULL,,3,0,2,7,255,1027,250,0,0
stim,20676,50797,0,50797,3248114.454,0.869,-0.076,-0.052,0.485,2760,183,973,2880,2381,2539,410,2671,56,1.309,1,2082,1,20.975,0.964,3.750,-19.250,-7.438,-0.152,0.156,1.004,0.941,0.207,0.316,0.032,0.022,1.089,1.335,2,NULL,NULL,,3,0,2,7,255,1027,250,0,0
stim,20676,50797,0,50797,3248119.455,0.869,-0.076,-0.051,0.486,2725,187,1075,2874,2425,2536,463,2695,56,1.309,1,2082,1,22.326,0.919,2.625,-19.250,-11.000,-0.180,0.152,1.012,0.863,0.316,0.313,0.034,0.026,1.089,1.335,2,NULL,NULL,,3,0,2,7,255,1027,250,0,0
stim,20714,50835,0,50835,3248124.454,0.869,-0.076,-0.051,0.487,2677,225,1166,2847,2459,2541,532,2713,56,1.309,1,2082,1,27.016,0.916,0.188,-19.688,-18.500,-0.184,0.164,1.031,0.754,0.520,0.313,0.036,0.030,1.089,1.335,2,NULL,NULL,,3,0,2,7,255,1027,250,0,0
stim,20714,50835,0,50835,3248129.455,0.868,-0.075,-0.050,0.488,2628,239,1261,2839,2505,2545,647,2729,56,1.309,1,2082,1,34.700,0.916,-6.000,-19.688,-27.938,-0.180,0.160,1.059,0.754,0.520,0.520,0.040,0.034,1.089,1.335,2,NULL,NULL,,3,0,2,7,255,1027,250,0,0
stim,20714,50835,0,50835,3248134.454,0.868,-0.074,-0.050,0.489,2579,237,1347,2805,2538,2565,809,2735,56,1.309,1,2082,1,43.587,0.913,-16.875,-19.750,-35.000,-0.156,0.098,1.043,0.754,0.516,0.566,0.042,0.038,1.089,1.335,2,NULL,NULL,,3,0,2,7,255,1027,250,0,0
stim,20714,50835,0,50835,3248139.455,0.867,-0.073,-0.049,0.490,2531,251,1498,2780,2558,2556,937,2761,56,1.309,1,2082,1,46.501,0.374,-22.063,-19.938,-35.750,-0.129,0.039,0.992,0.363,0.090,0.566,0.044,0.042,1.089,1.335,2,NULL,NULL,,3,0,2,7,255,1027,250,0,0
stim,20714,50835,0,50835,3248144.453,0.866,-0.071,-0.049,0.492,2463,253,1627,2750,2601,2553,1093,2764,56,1.309,1,2082,1,46.709,0.207,-21.625,-20.000,-36.250,-0.148,0.031,0.992,0.000,-0.207,0.043,0.046,0.044,1.089,1.335,2,NULL,NULL,,3,0,2,7,255,1027,250,0,0
stim,20714,50835,0,50835,3248149.455,0.866,-0.070,-0.049,0.493,2419,266,1751,2728,2647,2569,1212,2782,56,1.309,1,2082,1,50.907,0.207,-25.063,-20.563,-39.250,-0.160,0.055,1.035,-0.012,-0.207,0.043,0.046,0.046,1.089,1.335,2,NULL,NULL,,3,0,2,7,255,1027,250,0,0
stim,20714,50835,0,50835,3248154.454,0.865,-0.068,-0.049,0.495,2340,267,1849,2684,2679,2577,1348,2799,56,1.309,1,2082,1,59.042,0.126,-34.063,-20.688,-43.563,-0.152,0.051,1.063,-0.012,-0.125,0.469,0.046,0.048,1.089,1.335,2,NULL,NULL,,3,0,2,7,255,1027,250,0,0
stim,20714,50835,0,50835,3248159.455,0.864,-0.066,-0.049,0.497,2265,280,1943,2655,2701,2567,1453,2823,56,1.309,1,2082,1,66.535,0.142,-41.500,-20.750,-47.688,-0.125,0.039,1.027,0.066,-0.125,0.469,0.048,0.052,1.089,1.335,2,NULL,NULL,,3,0,2,7,255,1027,250,0,0
stim,20714,50835,0,50835,3248164.453,0.863,-0.063,-0.049,0.498,2171,297,2027,2614,2724,2569,1581,2827,56,1.309,1,2082,1,69.342,0.312,-44.813,-20.875,-48.625,-0.098,-0.004,0.984,0.066,-0.305,0.348,0.048,0.054,1.089,1.335,2,NULL,NULL,,3,0,2,7,255,1027,250,0,0
stim,20714,50835,0,50835,3248169.455,0.862,-0.061,-0.050,0.500,2117,309,2121,2571,2760,2577,1711,2845,56,1.309,1,2082,1,69.838,0.674,-46.563,-21.563,-47.375,-0.109,-0.078,0.984,-0.113,-0.664,-0.121,0.048,0.054,1.089,1.335,2,NULL,NULL,,3,0,2,7,255,1027,250,0,0
stim,20741,50862,0,50862,3248174.454,0.862,-0.058,-0.050,0.502,2009,302,2223,2521,2777,2572,1790,2859,56,1.309,1,2082,0,71.772,1.181,-50.938,-22.688,-45.188,-0.121,-0.109,1.012,-0.785,-0.883,-0.121,0.050,0.054,1.089,1.335,2,NULL,NULL,,3,0,2,7,255,1027,250,0,0
stim,20741,50862,0,50862,3248179.455,0.861,-0.055,-0.050,0.503,1929,299,2295,2471,2791,2579,1900,2863,56,1.309,1,2082,0,74.049,1.181,-52.813,-23.438,-46.313,-0.117,-0.063,0.973,-0.785,-0.883,-0.121,0.050,0.052,1.089,1.335,2,NULL,NULL,,3,0,2,7,255,1027,250,0,0
stim,20741,50862,0,50862,3248184.454,0.860,-0.053,-0.051,0.505,1802,285,2359,2387,2811,2573,1993,2876,56,1.309,1,2082,0,67.502,0.884,-46.250,-25.563,-42.000,-0.094,-0.020,0.918,-0.629,-0.621,-0.203,0.048,0.052,1.089,1.335,2,NULL,NULL,,3,0,2,7,255,1027,250,0,0
stim,20741,50862,0,50862,3248189.455,0.859,-0.051,-0.050,0.506,1661,268,2431,2299,2835,2577,2084,2887,56,1.309,1,2082,0,59.612,0.543,-36.750,-26.938,-38.438,-0.105,-0.012,0.969,-0.156,-0.520,-0.281,0.048,0.052,1.089,1.335,2,NULL,NULL,,3,0,2,7,255,1027,250,0,0
stim,20764,50885,0,50885,3248194.453,0.859,-0.049,-0.050,0.508,1479,255,2491,2201,2855,2577,2159,2897,56,1.309,1,2082,0,56.739,0.421,-32.938,-28.563,-36.313,-0.121,-0.027,1.000,-0.156,-0.391,-0.281,0.048,0.052,1.089,1.335,2,NULL,NULL,,3,0,2,7,255,1027,250,0,0
stim,20764,50885,0,50885,3248199.455,0.858,-0.047,-0.050,0.509,1285,237,2539,2101,2870,2575,2229,2907,56,1.309,1,2082,0,56.161,0.409,-30.875,-29.625,-36.375,-0.125,-0.027,1.027,-0.238,-0.332,0.078,0.048,0.052,1.089,1.335,2,NULL,NULL,,3,0,2,7,255,1027,250,0,0
stim,20764,50885,0,50885,3248204.454,0.857,-0.045,-0.049,0.510,1124,222,2584,1963,2888,2573,2299,2916,56,1.309,1,2082,0,56.211,0.393,-30.625,-30.938,-35.563,-0.129,0.004,1.066,-0.238,-0.313,0.336,0.050,0.052,1.089,1.335,2,NULL,NULL,,3,0,2,7,255,1027,250,0,0
stim,20764,50885,0,50885,3248209.455,0.857,-0.043,-0.049,0.512,947,189,2617,1769,2907,2571,2360,2923,56,1.309,1,2082,0,58.771,0.125,-32.625,-31.875,-37.063,-0.121,0.039,1.063,0.031,-0.121,0.652,0.050,0.054,1.089,1.335,2,NULL,NULL,,3,0,2,7,255,1027,250,0,0
stim,20764,50885,0,50885,3248214.453,0.856,-0.041,-0.048,0.513,699,150,2651,1516,2921,2565,2413,2934,56,1.309,1,2082,0,60.537,0.402,-33.375,-33.125,-38.125,-0.094,0.023,1.059,0.383,-0.121,0.652,0.052,0.054,1.089,1.335,2,NULL,NULL,,3,0,2,7,255,1027,250,0,0
stim,20764,50885,0,50885,3248219.455,0.855,-0.039,-0.048,0.514,491,83,2679,1316,2934,2553,2463,2940,56,1.309,1,2082,0,59.326,0.453,-33.813,-34.313,-34.625,-0.074,-0.027,1.035,0.383,-0.242,0.598,0.052,0.054,1.089,1.335,2,NULL,NULL,,3,0,2,7,255,1027,250,0,0
stim,20809,50930,0,50930,3248224.454,0.855,-0.036,-0.047,0.515,327,71,2715,1076,2962,2547,2511,2955,56,1.309,1,2082,0,55.768,0.581,-32.625,-36.563,-26.625,-0.066,-0.066,1.004,0.059,-0.578,0.355,0.054,0.056,1.089,1.335,2,NULL,NULL,,3,0,2,7,255,1027,250,0,0
stim,20809,50930,0,50930,3248229.455,0.855,-0.034,-0.046,0.516,139,3,2745,829,2968,2547,2565,2973,56,1.309,1,2082,0,52.100,0.635,-27.125,-38.188,-22.813,-0.098,-0.078,0.992,-0.262,-0.578,0.035,0.054,0.058,1.089,1.335,2,NULL,NULL,,3,0,2,7,255,1027,250,0,0
stim,20809,50930,0,50930,3248234.453,0.854,-0.033,-0.045,0.517,44,0,2767,617,2990,2533,2604,2973,56,1.309,1,2082,0,52.991,0.540,-21.313,-41.313,-25.438,-0.082,-0.031,1.000,-0.262,-0.473,0.012,0.056,0.060,1.089,1.335,2,NULL,NULL,,3,0,2,7,255,1027,250,0,0
stim,20809,50930,0,50930,3248239.455,0.854,-0.031,-0.044,0.518,12,0,2795,363,2989,2515,2636,2973,56,1.309,1,2082,0,53.954,0.368,-13.500,-44.375,-27.563,-0.059,0.051,1.027,-0.023,-0.367,0.012,0.056,0.060,1.089,1.335,2,NULL,NULL,,3,0,2,7,255,1027,250,0,0
stim,20809,50930,0,50930,3248244.453,0.853,-0.029,-0.042,0.519,0,0,2811,249,3019,2488,2675,2988,56,1.309,1,2082,0,57.266,0.831,-13.188,-47.625,-28.938,-0.043,0.148,1.063,0.809,-0.191,0.258,0.058,0.062,1.089,1.335,2,NULL,NULL,,3,0,2,7,255,1027,250,0,0
stim,20809,50930,0,50930,3248249.455,0.853,-0.029,-0.040,0.520,0,0,2831,153,3021,2459,2705,2988,56,1.309,1,2082,0,55.746,0.844,2.500,-52.188,-19.438,-0.195,0.117,1.180,0.832,0.141,0.551,0.060,0.064,1.089,1.335,2,NULL,NULL,,3,0,2,7,255,1027,250,0,0
stim,20809,50930,0,50930,3248254.454,0.853,-0.028,-0.038,0.520,0,0,2845,117,3030,2445,2728,2991,56,1.309,1,2082,0,62.936,1.541,9.563,-60.750,-13.375,-0.301,0.020,1.332,0.832,1.297,1.852,0.064,0.066,1.089,1.335,2,NULL,NULL,,3,0,2,7,255,1027,250,0,0
stim,20809,50930,0,50930,3248259.455,0.852,-0.026,-0.035,0.521,0,0,2859,70,2996,2412,2747,2996,56,1.309,1,2082,0,72.581,1.564,5.000,-66.375,-28.938,-0.375,-0.168,1.418,-0.441,1.500,3.469,0.066,0.070,1.089,1.335,2,NULL,NULL,,3,0,2,7,255,1027,250,0,0
stim,20831,50952,0,50952,3248264.453,0.852,-0.025,-0.032,0.522,0,0,2872,11,3048,2393,2779,2999,56,1.309,1,2082,0,83.257,2.254,24.625,-75.563,-24.813,-0.348,-0.105,1.563,-1.668,1.516,4.387,0.066,0.074,1.089,1.335,3,NULL,NULL,,3,0,2,7,255,1027,250,0,0
stim,20831,50952,0,50952,3248269.455,0.852,-0.024,-0.028,0.522,0,0,2886,4,3055,2349,2805,3001,56,1.309,1,2082,0,88.064,2.254,18.188,-86.125,-2.625,-0.203,0.223,1.699,-1.668,1.516,5.754,0.062,0.082,1.089,1.335,3,NULL,NULL,,3,0,2,7,255,1027,250,0,0
stim,20831,50952,0,50952,3248274.454,0.852,-0.021,-0.026,0.522,0,0,2899,0,3087,2293,2839,3005,56,1.309,1,2082,0,99.549,2.351,-49.250,-86.500,-1.500,-0.035,0.289,1.484,1.797,1.516,5.754,0.056,0.092,1.089,1.335,3,NULL,NULL,,3,0,2,7,255,1027,250,0,0
stim,20831,50952,0,50952,3248279.455,0.853,-0.016,-0.024,0.521,0,0,2904,0,3079,2232,2863,3017,56,1.309,1,2082,0,112.253,1.979,-62.875,-90.938,19.438,-0.070,0.148,1.180,1.797,0.828,4.676,0.052,0.102,1.089,1.335,3,NULL,NULL,,3,0,2,7,255,1027,250,0,0
stim,20860,50981,0,50981,3248284.453,0.854,-0.013,-0.021,0.520,0,0,2917,0,3087,2171,2871,3004,56,1.309,1,2082,0,115.026,1.696,-33.375,-100.063,45.875,-0.223,0.082,1.121,1.480,0.828,1.715,0.052,0.112,1.089,1.335,3,NULL,NULL,,3,0,2,7,255,1027,250,0,0
stim,20860,50981,0,50981,3248289.455,0.855,-0.011,-0.018,0.518,0,0,2903,0,3091,2067,2888,3003,56,1.309,1,2082,0,114.830,1.920,-12.250,-107.688,37.938,-0.352,0.023,1.203,0.191,1.910,1.715,0.054,0.122,1.089,1.335,3,NULL,NULL,,3,0,2,7,255,1027,250,0,0
stim,20860,50981,0,50981,3248294.454,0.856,-0.008,-0.014,0.518,0,0,2901,0,3095,1959,2903,2999,56,1.309,1,2082,0,114.578,2.611,-8.438,-113.375,14.250,-0.348,-0.074,1.270,-0.914,2.445,2.113,0.056,0.132,1.089,1.335,3,NULL,NULL,,3,0,2,7,255,1027,250,0,0
stim,20860,50981,0,50981,3248299.455,0.856,-0.005,-0.010,0.517,0,0,2901,0,3100,1810,2918,2997,56,1.309,1,2082,0,120.280,3.030,-10.563,-119.625,6.750,-0.258,-0.148,1.313,-1.789,2.445,2.750,0.056,0.142,1.089,1.335,3,NULL,NULL,,3,0,2,7,255,1027,250,0,0
stim,20860,50981,0,50981,3248304.453,0.856,-0.001,-0.006,0.516,0,0,2895,0,3106,1669,2928,2991,56,1.309,1,2082,0,128.251,2.361,-14.125,-126.563,15.188,-0.207,-0.148,1.305,-1.863,1.449,3.051,0.054,0.154,1.089,1.335,3,NULL,NULL,,3,0,2,7,255,1027,250,0,0
stim,20860,50981,0,50981,3248309.455,0.857,0.002,-0.001,0.515,0,0,2887,0,3109,1463,2941,2985,56,1.309,1,2082,0,135.634,2.361,-15.813,-132.688,23.250,-0.219,-0.098,1.273,-1.863,1.449,3.051,0.050,0.164,1.089,1.335,3,NULL,NULL,,3,0,2,7,255,1027,250,0,0
stim,20907,51028,0,51028,3248314.454,0.858,0.006,0.003,0.514,0,0,2890,0,3131,1245,2955,2984,56,1.309,1,2082,0,142.765,2.199,-18.375,-139.375,24.875,-0.238,-0.039,1.230,-1.539,1.570,2.707,0.046,0.174,1.089,1.335,3,NULL,NULL,,3,0,2,7,255,1027,250,0,0
stim,20907,51028,0,51028,3248319.455,0.858,0.009,0.008,0.513,0,0,2855,0,3119,985,2966,2971,56,1.309,1,2082,0,149.430,2.543,-11.250,-147.563,20.688,-0.238,-0.051,1.164,-1.367,2.145,2.234,0.044,0.186,1.089,1.335,3,NULL,NULL,,3,0,2,7,255,1027,250,0,0
stim,20907,51028,0,51028,3248324.454,0.859,0.013,0.014,0.512,0,0,2835,0,3123,725,2975,2959,56,1.309,1,2082,0,155.940,2.543,-0.938,-154.938,17.625,-0.223,-0.105,1.137,-1.367,2.145,1.566,0.046,0.196,1.089,1.335,3,NULL,NULL,,3,0,2,7,255,1027,250,0,0
stim,20907,51028,0,51028,3248329.455,0.859,0.016,0.020,0.511,0,0,2803,0,3127,535,2984,2949,56,1.309,1,2082,0,164.428,2.652,7.875,-163.250,18.000,-0.203,-0.129,1.156,-1.828,1.922,1.453,0.052,0.210,1.089,1.335,3,NULL,NULL,,3,0,2,7,255,1027,250,0,0
stim,20907,51028,0,51028,3248334.453,0.859,0.019,0.026,0.510,0,0,2765,0,3129,377,2989,2931,56,1.309,1,2082,0,174.014,2.669,17.750,-171.750,21.625,-0.223,-0.086,1.215,-1.852,1.922,1.453,0.062,0.224,1.089,1.335,3,NULL,NULL,,3,0,2,7,255,1027,250,0,0
stim,20907,51028,0,51028,3248339.455,0.860,0.022,0.033,0.509,0,0,2724,0,3129,181,2996,2910,56,1.309,1,2082,0,183.951,2.959,21.625,-181.500,20.688,-0.199,-0.020,1.270,-1.852,2.309,1.965,0.072,0.238,1.089,1.335,3,NULL,NULL,,3,0,2,7,255,1027,250,0,0
stim,20907,51028,0,51028,3248344.454,0.860,0.025,0.041,0.508,0,0,2677,0,3130,91,3000,2885,56,1.309,1,2082,0,192.183,2.926,23.125,-190.000,17.313,-0.172,0.059,1.340,-1.285,2.629,2.430,0.084,0.252,1.089,1.335,3,NULL,NULL,,3,0,2,7,255,1027,250,0,0
stim,20907,51028,0,51028,3248349.455,0.860,0.029,0.048,0.507,0,0,2605,0,3131,21,3003,2855,56,1.309,1,2082,0,202.311,3.051,21.500,-200.188,19.813,-0.156,0.156,1.457,-0.613,2.988,3.082,0.098,0.268,1.089,1.335,3,NULL,NULL,,3,0,2,7,255,1027,250,0,0
stim,20929,51050,0,51050,3248354.453,0.860,0.033,0.057,0.505,0,0,2543,0,3143,0,3003,2805,56,1.309,1,2082,0,211.266,3.622,21.125,-209.313,19.375,-0.266,0.230,1.598,0.066,3.621,4.145,0.112,0.284,1.089,1.335,3,NULL,NULL,,3,0,2,7,255,1027,250,0,0
stim,20929,51050,0,51050,3248359.455,0.860,0.037,0.065,0.504,0,0,2451,0,3126,2,3016,2767,56,1.309,1,2082,0,224.430,5.286,9.438,-223.563,17.313,-0.379,0.199,1.832,0.066,5.285,5.324,0.130,0.306,1.089,1.335,3,NULL,NULL,,3,0,2,7,255,1027,250,0,0
stim,20929,51050,0,51050,3248364.454,0.860,0.042,0.074,0.503,0,0,2338,0,3127,1,3006,2711,56,1.309,1,2082,0,240.929,6.738,8.938,-240.500,11.250,-0.484,0.199,2.168,-1.023,6.660,7.320,0.154,0.330,1.089,1.335,3,NULL,NULL,,3,0,2,7,255,1027,250,0,0
stim,20929,51050,0,51050,3248369.455,0.860,0.048,0.084,0.502,0,0,2201,0,3116,1,2999,2641,56,1.309,1,2082,0,263.474,8.538,-4.375,-263.000,15.188,-0.555,0.332,2.414,-1.492,8.406,10.273,0.184,0.362,1.089,1.335,3,NULL,NULL,,3,0,2,7,255,1027,250,0,0
stim,20929,51050,0,51050,3248374.454,0.859,0.055,0.094,0.500,0,0,2063,0,3112,37,2989,2555,56,1.309,1,2082,0,288.956,10.575,-21.188,-287.188,23.875,-0.598,0.625,2.652,-1.492,10.469,12.258,0.220,0.400,1.089,1.335,3,NULL,NULL,,3,0,2,7,255,1027,250,0,0
stim,20929,51050,0,51050,3248379.455,0.858,0.065,0.104,0.498,0,0,1887,0,3055,47,2975,2451,56,1.309,1,2082,0,320.847,13.220,-67.438,-312.313,29.250,-0.668,0.895,2.719,0.379,13.215,14.090,0.264,0.446,1.089,1.335,3,NULL,NULL,,3,0,2,7,255,1027,250,0,0
stim,20955,51076,0,51076,3248384.454,0.857,0.076,0.115,0.496,0,0,1757,0,3055,59,2943,2331,56,1.309,1,2082,0,353.009,15.992,-104.813,-336.375,21.938,-0.711,0.941,2.699,2.082,15.855,14.090,0.316,0.502,1.089,1.335,3,NULL,NULL,,3,0,2,7,255,1027,250,0,0
stim,20955,51076,0,51076,3248389.455,0.856,0.089,0.125,0.494,0,0,1620,0,3032,69,2925,2199,56,1.309,1,2082,0,384.648,17.232,-131.875,-360.938,16.938,-0.762,0.867,2.750,2.082,17.105,13.289,0.380,0.566,1.089,1.335,3,NULL,NULL,,3,0,2,7,255,1027,250,0,0
stim,20955,51076,0,51076,3248394.453,0.853,0.103,0.136,0.493,0,0,1509,0,2999,74,2877,2087,56,1.309,1,2082,0,415.666,18.091,-152.250,-386.563,12.938,-0.813,0.891,2.797,1.082,18.059,13.086,0.454,0.642,1.089,1.335,3,NULL,NULL,,3,0,2,7,255,1027,250,0,0
stim,20955,51076,0,51076,3248399.455,0.850,0.118,0.148,0.491,0,0,1397,0,2948,70,2820,1965,56,1.309,1,2082,0,445.464,19.581,-169.688,-411.875,1.813,-0.859,1.012,2.840,1.082,19.551,12.688,0.538,0.728,1.089,1.335,3,NULL,NULL,,3,0,2,7,255,1027,250,0,0
stim,20974,51095,0,51095,3248404.454,0.846,0.135,0.160,0.490,0,0,1295,0,2889,55,2731,1830,56,1.309,1,2082,0,471.196,20.866,-185.063,-433.125,-13.438,-0.809,0.832,2.770,0.883,20.848,12.027,0.628,0.818,1.089,1.335,3,NULL,NULL,,3,0,2,7,255,1027,250,0,0
stim,20974,51095,0,51095,3248409.455,0.842,0.151,0.173,0.488,0,0,1176,0,2813,61,2603,1695,56,1.309,1,2082,0,493.561,20.850,-176.063,-461.000,-9.125,-0.879,0.500,2.719,0.328,20.848,10.906,0.722,0.912,1.089,1.335,3,NULL,NULL,,3,0,2,7,255,1027,250,0,0
stim,20974,51095,0,51095,3248414.453,0.837,0.168,0.187,0.486,0,0,1011,0,2725,43,2424,1559,56,1.309,1,2082,0,511.702,21.045,-170.563,-482.438,-1.125,-1.000,0.559,2.750,-2.875,20.848,9.641,0.816,1.012,1.089,1.335,3,NULL,NULL,,3,0,2,7,255,1027,250,0,0
stim,20974,51095,0,51095,3248419.455,0.832,0.183,0.202,0.484,0,0,877,0,2607,0,2212,1405,56,1.309,1,2082,0,515.241,22.829,-152.188,-491.688,-23.563,-1.008,0.477,2.918,-3.070,22.621,8.734,0.916,1.112,1.089,1.335,3,NULL,NULL,,3,0,2,7,255,1027,250,0,0
stim,21012,51133,0,51133,3248424.454,0.825,0.199,0.217,0.482,0,0,731,0,2455,0,1899,1247,56,1.309,1,2082,0,524.335,23.021,-139.313,-503.188,-48.188,-0.805,0.105,3.082,-4.145,22.645,8.734,1.018,1.216,1.089,1.335,3,NULL,NULL,,3,0,2,7,255,1027,250,0,0
stim,21012,51133,0,51133,3248429.455,0.818,0.215,0.233,0.479,0,0,541,0,2239,0,1559,1055,56,1.309,1,2082,0,543.406,23.658,-152.500,-520.688,-30.313,-0.633,-0.336,2.938,-6.852,22.645,9.957,1.122,1.324,1.089,1.335,3,NULL,NULL,,3,0,2,7,255,1027,250,0,0
stim,21012,51133,0,51133,3248434.453,0.812,0.233,0.248,0.475,0,0,343,0,1975,0,1110,925,56,1.309,1,2082,0,567.753,22.100,-180.438,-538.188,11.813,-0.461,-0.570,2.336,-9.934,19.742,9.957,1.226,1.432,1.089,1.335,3,NULL,NULL,,3,0,2,7,255,1027,250,0,0
stim,21012,51133,0,51133,3248439.455,0.805,0.250,0.264,0.470,0,0,199,0,1681,0,574,779,56,1.309,1,2082,0,571.082,17.897,-153.625,-549.750,17.563,-0.371,-0.555,1.711,-9.934,14.887,5.801,1.330,1.538,1.089,1.335,3,NULL,NULL,,3,0,2,7,255,1027,250,0,0
stim,21012,51133,0,51133,3248444.453,0.798,0.265,0.281,0.462,0,0,99,0,1325,0,174,649,56,1.309,1,2082,0,562.157,14.575,-82.500,-554.813,37.375,-0.395,-0.246,1.480,-9.176,11.324,1.000,1.424,1.638,1.089,1.335,3,NULL,NULL,,3,0,2,7,255,1027,250,0,0
stim,21012,51133,0,51133,3248449.455,0.792,0.278,0.298,0.454,0,0,59,0,889,0,0,505,56,1.309,1,2082,0,552.393,13.001,-27.188,-549.000,54.750,-0.418,0.258,1.770,-6.387,11.324,-1.766,1.514,1.728,1.089,1.335,3,NULL,NULL,,3,0,2,7,255,1027,250,0,0
stim,21012,51133,0,51133,3248454.454,0.788,0.291,0.315,0.442,0,0,22,0,333,0,0,428,56,1.309,1,2082,0,563.105,16.496,-14.125,-550.125,119.375,-0.883,0.352,2.000,-4.750,15.797,-1.918,1.600,1.818,1.089,1.335,3,NULL,NULL,,3,0,2,7,255,1027,250,0,0
stim,21012,51133,0,51133,3248459.455,0.784,0.306,0.331,0.428,0,0,17,0,0,0,0,356,56,1.309,1,2082,0,609.151,21.074,-34.938,-570.625,210.313,-1.395,0.188,1.871,-4.750,20.531,-4.723,1.692,1.912,1.089,1.335,3,NULL,NULL,,3,0,2,7,255,1027,250,0,0
stim,21012,51133,0,51133,3248464.453,0.779,0.321,0.346,0.413,0,0,0,0,0,0,0,282,56,1.309,1,2082,0,615.246,21.981,-44.938,-576.000,211.500,-1.582,0.387,1.617,-7.195,20.770,-10.094,1.792,2.016,1.089,1.335,3,NULL,NULL,,3,0,2,7,255,1027,250,0,0
stim,21012,51133,0,51133,3248469.455,0.772,0.336,0.360,0.403,0,0,0,0,0,0,0,199,56,1.309,1,2082,0,544.924,21.981,-105.000,-522.500,113.625,-1.016,1.063,1.344,-7.195,20.770,-13.891,1.898,2.126,1.089,1.335,4,NULL,NULL,,3,0,2,7,255,1027,250,0,0
stim,21042,51163,0,51163,3248474.454,0.763,0.352,0.369,0.397,0,0,1,0,0,0,0,233,56,1.309,1,2082,0,480.829,19.024,-220.750,-423.188,58.125,-0.520,1.715,1.098,1.449,18.969,-13.891,2.002,2.230,1.089,1.335,0,NULL,NULL,,3,0,2,7,255,1027,250,0,0
stim,21042,51163,0,51163,3248479.455,0.754,0.371,0.371,0.396,0,0,0,0,0,0,0,264,56,1.309,1,2082,0,485.171,20.180,-379.250,-291.250,82.063,-0.125,1.820,0.262,9.750,17.668,-13.891,2.090,2.320,1.089,1.335,0,NULL,NULL,,3,0,2,7,255,1027,250,0,0
stim,21042,51163,0,51163,3248484.453,0.748,0.384,0.371,0.394,0,0,5,0,0,0,0,231,56,1.309,1,2082,0,321.843,13.545,-251.563,-176.813,95.063,-0.297,1.012,-0.152,9.750,9.402,-14.703,2.154,2.388,1.089,1.335,0,NULL,NULL,,3,0,2,7,255,1027,250,0,0
stim,21042,51163,0,51163,3248489.455,0.748,0.387,0.371,0.390,0,0,3,0,0,0,0,225,56,1.309,1,2082,0,131.593,11.715,-24.000,-85.625,97.000,-0.938,-0.184,0.781,7.789,8.750,-14.703,2.202,2.436,1.089,1.335,0,NULL,NULL,,3,0,2,7,255,1027,250,0,0
stim,21063,51184,0,51184,3248494.454,0.749,0.389,0.370,0.389,0,0,0,0,0,0,0,219,56,1.309,1,2082,0,42.974,11.381,-14.938,3.688,40.125,-1.438,-0.574,2.008,-7.277,8.750,-13.953,2.248,2.484,1.089,1.335,0,NULL,NULL,,3,0,2,7,255,1027,250,0,0
stim,21063,51184,0,51184,3248499.455,0.747,0.393,0.364,0.394,0,0,0,0,0,0,0,205,56,1.309,1,2082,0,216.545,21.201,-190.125,99.313,-29.688,-1.359,-0.285,1.695,-11.648,17.715,-13.367,2.302,2.540,1.089,1.335,0,NULL,NULL,,3,0,2,7,255,1027,250,0,0
stim,21063,51184,0,51184,3248504.453,0.744,0.398,0.355,0.403,0,0,0,0,0,0,0,157,56,1.309,1,2082,0,330.679,21.201,-278.938,173.625,-37.375,-0.945,0.496,0.488,-11.648,17.715,-13.367,2.362,2.602,1.089,1.335,0,NULL,NULL,,3,0,2,7,255,1027,250,0,0
stim,21063,51184,0,51184,3248509.455,0.743,0.400,0.344,0.411,0,0,0,0,0,0,0,109,56,1.309,1,2082,0,300.217,8.768,-204.500,219.688,-6.875,-0.816,1.082,-0.211,-0.559,8.750,-17.191,2.418,2.662,1.089,1.335,0,NULL,NULL,,3,0,2,7,255,1027,250,0,0
stim,21063,51184,0,51184,3248514.454,0.746,0.399,0.335,0.416,0,0,0,0,0,0,0,109,56,1.309,1,2082,0,252.728,7.551,-75.625,241.000,8.438,-0.938,0.973,-0.008,4.480,6.078,-20.621,2.470,2.716,1.089,1.335,0,NULL,NULL,,3,0,2,7,255,1027,250,0,0
stim,21063,51184,0,51184,3248519.455,0.749,0.395,0.326,0.421,0,0,0,0,0,0,0,105,56,1.309,1,2082,0,260.133,7.551,-36.188,257.563,-4.625,-0.984,0.434,0.605,4.480,6.078,-20.621,2.518,2.768,1.089,1.335,0,NULL,NULL,,3,0,2,7,255,1027,250,0,0
stim,21108,51229,0,51229,3248524.454,0.750,0.392,0.316,0.428,0,0,0,0,0,0,0,103,56,1.309,1,2082,0,287.079,9.063,-89.250,272.500,-13.875,-0.828,0.102,0.648,-1.219,8.980,-16.379,2.570,2.820,1.089,1.335,0,NULL,NULL,,3,0,2,7,255,1027,250,0,0
stim,21108,51229,0,51229,3248529.455,0.752,0.391,0.304,0.435,0,0,0,0,0,0,0,103,56,1.309,1,2082,0,310.898,9.111,-130.875,282.000,2.313,-0.625,0.152,0.117,-1.535,8.980,-14.633,2.618,2.870,1.089,1.335,0,NULL,NULL,,3,0,2,7,255,1027,250,0,0
stim,21108,51229,0,51229,3248534.454,0.754,0.390,0.293,0.440,0,0,0,0,0,0,0,103,56,1.309,1,2082,0,305.153,4.193,-103.813,285.625,27.563,-0.535,0.398,-0.359,-1.535,3.902,-14.633,2.660,2.916,1.089,1.335,0,NULL,NULL,,3,0,2,7,255,1027,250,0,0
stim,21108,51229,0,51229,3248539.455,0.758,0.386,0.282,0.445,0,0,0,0,0,0,0,99,56,1.309,1,2082,0,292.042,1.170,-38.875,286.250,42.875,-0.578,0.398,-0.457,1.125,0.320,-17.113,2.694,2.952,1.089,1.335,0,NULL,NULL,,3,0,2,7,255,1027,250,0,0
stim,21108,51229,0,51229,3248544.453,0.762,0.380,0.272,0.448,0,0,0,0,0,0,0,101,56,1.309,1,2082,0,292.153,1.170,11.188,289.688,36.188,-0.605,0.258,-0.254,1.125,0.320,-17.113,2.720,2.980,1.089,1.335,0,NULL,NULL,,3,0,2,7,255,1027,250,0,0
stim,21108,51229,0,51229,3248549.455,0.767,0.373,0.262,0.452,0,0,0,0,0,0,0,93,56,1.309,1,2082,0,300.853,1.481,32.563,295.813,44.125,-0.398,0.152,-0.105,-0.387,1.430,-16.547,2.742,3.004,1.089,1.335,0,NULL,NULL,,3,0,2,7,255,1027,250,0,0
stim,21131,51252,0,51252,3248554.454,0.772,0.367,0.252,0.454,0,0,0,0,0,0,0,95,56,1.309,1,2082,0,310.406,1.519,40.500,300.688,65.563,-0.410,0.316,-0.004,-0.387,1.469,-13.836,2.760,3.026,1.089,1.335,0,NULL,NULL,,3,0,2,7,255,1027,250,0,0
stim,21131,51252,0,51252,3248559.455,0.777,0.360,0.241,0.456,0,0,0,0,0,0,0,91,56,1.309,1,2082,0,317.833,3.015,55.250,303.938,74.750,-0.480,0.367,0.051,0.816,2.902,-13.836,2.778,3.046,1.089,1.335,0,NULL,NULL,,3,0,2,7,255,1027,250,0,0
stim,21131,51252,0,51252,3248564.454,0.783,0.351,0.232,0.458,0,0,0,0,0,0,0,89,56,1.309,1,2082,0,323.471,4.033,75.313,306.188,72.188,-0.508,0.277,0.184,0.816,3.949,-13.836,2.796,3.066,1.089,1.335,0,NULL,NULL,,3,0,2,7,255,1027,250,0,0
stim,21131,51252,0,51252,3248569.455,0.788,0.343,0.222,0.460,0,0,0,0,0,0,0,82,56,1.309,1,2082,0,327.779,4.919,87.063,308.875,66.750,-0.473,0.199,0.363,-0.094,4.918,-13.063,2.816,3.086,1.089,1.335,0,NULL,NULL,,3,0,2,7,255,1027,250,0,0
stim,21131,51252,0,51252,3248574.454,0.794,0.334,0.212,0.462,0,0,0,0,0,0,0,80,56,1.309,1,2082,0,330.841,5.901,86.875,312.750,64.000,-0.422,0.211,0.523,-0.266,5.895,-11.254,2.838,3.112,1.089,1.335,0,NULL,NULL,,3,0,2,7,255,1027,250,0,0
stim,21131,51252,0,51252,3248579.455,0.799,0.325,0.202,0.464,0,0,0,0,0,0,0,82,56,1.309,1,2082,0,334.124,6.849,82.750,317.375,63.750,-0.395,0.266,0.625,-0.266,6.844,-9.754,2.866,3.142,1.089,1.335,0,NULL,NULL,,3,0,2,7,255,1027,250,0,0
stim,21155,51276,0,51276,3248584.454,0.804,0.316,0.191,0.466,0,0,0,0,0,0,0,77,56,1.309,1,2082,0,337.937,7.581,79.875,322.563,61.438,-0.410,0.285,0.707,0.320,7.574,-8.883,2.896,3.174,1.089,1.335,0,NULL,NULL,,3,0,2,7,255,1027,250,0,0
stim,21155,51276,0,51276,3248589.455,0.809,0.307,0.181,0.468,0,0,0,0,0,0,0,78,56,1.309,1,2082,0,341.456,8.256,76.500,328.438,53.563,-0.434,0.246,0.793,0.320,8.250,-8.242,2.928,3.210,1.089,1.335,0,NULL,NULL,,3,0,2,7,255,1027,250,0,0
stim,21155,51276,0,51276,3248594.453,0.813,0.298,0.170,0.471,0,0,0,0,0,0,0,79,56,1.309,1,2082,0,345.659,8.750,70.313,335.625,43.500,-0.418,0.188,0.848,0.086,8.750,-7.422,2.964,3.246,1.089,1.335,0,NULL,NULL,,3,0,2,7,255,1027,250,0,0
stim,21155,51276,0,51276,3248599.455,0.817,0.289,0.158,0.474,0,0,0,0,0,0,0,80,56,1.309,1,2082,0,352.047,8.752,63.875,344.188,37.313,-0.375,0.160,0.863,-0.203,8.750,-6.465,3.000,3.286,1.089,1.335,0,NULL,NULL,,3,0,2,7,255,1027,250,0,0
stim,21155,51276,0,51276,3248604.454,0.820,0.279,0.147,0.477,0,0,0,0,0,0,0,77,56,1.309,1,2082,0,360.080,8.377,61.313,353.438,31.313,-0.375,0.203,0.855,-0.203,8.375,-5.785,3.040,3.328,1.089,1.335,0,NULL,NULL,,3,0,2,7,255,1027,250,0,0
stim,21155,51276,0,51276,3248609.455,0.823,0.270,0.135,0.481,0,0,0,0,0,0,0,79,56,1.309,1,2082,0,368.871,8.359,63.000,362.750,22.563,-0.371,0.223,0.852,0.242,8.355,-5.711,3.080,3.370,1.089,1.335,0,NULL,NULL,,3,0,2,7,255,1027,250,0,0
stim,21216,51337,0,51337,3248614.453,0.826,0.259,0.123,0.485,0,0,0,0,0,0,0,75,56,1.309,1,2082,0,377.551,8.261,66.938,371.313,13.813,-0.348,0.191,0.840,0.434,8.250,-5.566,3.122,3.414,1.089,1.335,0,NULL,NULL,,3,0,2,7,255,1027,250,0,0
stim,21216,51337,0,51337,3248619.455,0.829,0.249,0.111,0.489,0,0,0,0,0,0,0,74,56,1.309,1,2082,0,385.721,7.786,73.813,378.500,8.375,-0.316,0.160,0.832,0.434,7.773,-5.188,3.164,3.458,1.089,1.335,0,NULL,NULL,,3,0,2,7,255,1027,250,0,0
stim,21216,51337,0,51337,3248624.454,0.831,0.237,0.099,0.493,0,0,0,0,0,0,0,81,56,1.309,1,2082,0,392.401,7.232,83.625,383.375,2.938,-0.301,0.180,0.824,0.434,7.219,-4.797,3.206,3.502,1.089,1.335,0,NULL,NULL,,3,0,2,7,255,1027,250,0,0
stim,21216,51337,0,51337,3248629.455,0.834,0.226,0.087,0.497,0,0,0,0,0,0,0,90,56,1.309,1,2082,0,398.087,6.993,95.563,386.438,-2.625,-0.176,0.180,0.832,0.742,6.953,-4.633,3.246,3.544,1.089,1.335,0,NULL,NULL,,3,0,2,7,255,1027,250,0,0
stim,21216,51337,0,51337,3248634.453,0.836,0.213,0.075,0.501,0,0,0,0,0,0,0,96,56,1.309,1,2082,0,402.502,6.020,107.500,387.875,-2.125,0.063,0.094,0.801,1.461,5.840,-3.879,3.282,3.582,1.089,1.335,0,NULL,NULL,,3,0,2,7,255,1027,250,0,0
stim,21216,51337,0,51337,3248639.455,0.838,0.200,0.064,0.503,0,0,0,0,0,0,0,99,56,1.309,1,2082,0,404.329,3.683,126.250,383.563,20.563,0.180,-0.012,0.816,1.617,3.309,-2.906,3.314,3.618,1.089,1.335,0,NULL,NULL,,3,0,2,7,255,1027,250,0,0
stim,21216,51337,1,51337,3248644.454,0.841,0.187,0.053,0.505,0,0,0,0,0,0,0,95,56,1.309,1,2082,0,403.207,3.813,144.688,373.438,46.750,0.102,0.223,0.898,1.895,3.309,-2.090,3.346,3.652,1.089,1.335,0,NULL,NULL,,3,1,2,7,255,1027,250,0,0
stim,21216,51337,1,51337,3248649.455,0.844,0.173,0.043,0.506,0,0,0,0,0,0,0,98,56,1.309,1,2082,0,400.532,4.759,161.813,362.938,50.188,0.086,0.281,0.996,3.395,3.336,-2.020,3.376,3.684,1.089,1.335,0,NULL,NULL,,3,1,2,7,255,1027,250,0,0
stim,21216,51337,1,51337,3248654.453,0.847,0.158,0.034,0.507,0,0,0,0,0,0,0,94,56,1.309,1,2082,0,398.454,4.765,176.938,352.250,58.125,0.145,0.164,1.117,3.402,3.336,-1.305,3.406,3.714,1.089,1.335,0,NULL,NULL,,3,1,2,7,255,1027,250,0,0
stim,21216,51337,1,51337,3248659.455,0.850,0.144,0.025,0.506,0,0,0,0,0,0,0,92,56,1.309,1,2082,0,398.387,4.904,186.250,344.063,75.125,0.180,0.215,1.238,3.973,2.875,0.355,3.434,3.744,1.089,1.335,0,NULL,NULL,,3,1,2,7,255,1027,250,0,0
stim,21216,51337,1,51337,3248664.453,0.853,0.129,0.016,0.505,0,0,0,0,0,0,0,89,56,1.309,1,2082,0,398.226,5.070,193.188,336.313,90.313,0.160,0.277,1.352,4.176,2.875,1.539,3.460,3.772,1.089,1.335,0,NULL,NULL,,3,1,2,7,255,1027,250,0,0
stim,21216,51337,1,51337,3248669.455,0.856,0.115,0.007,0.503,0,0,0,0,0,0,0,81,56,1.309,1,2082,0,399.315,5.493,203.250,328.313,101.750,0.105,0.262,1.484,4.512,3.133,2.512,3.484,3.798,1.089,1.335,0,NULL,NULL,,3,1,2,7,255,1027,250,0,0
stim,21244,51365,1,51365,3248674.454,0.860,0.100,-0.001,0.501,0,0,0,0,0,0,0,75,56,1.309,1,2082,0,398.026,5.627,209.063,321.250,107.313,0.078,0.223,1.688,4.512,3.363,3.820,3.508,3.822,1.089,1.335,0,NULL,NULL,,3,1,2,7,255,1027,250,0,0
stim,21244,51365,1,51365,3248679.455,0.863,0.085,-0.009,0.499,0,0,0,0,0,0,0,69,56,1.309,1,2082,0,391.477,5.515,202.938,315.875,110.875,0.059,0.223,1.852,4.371,3.363,5.934,3.530,3.848,1.089,1.335,0,NULL,NULL,,3,1,2,7,255,1027,250,0,0
stim,21244,51365,1,51365,3248684.453,0.865,0.071,-0.017,0.496,0,0,0,0,0,0,0,51,56,1.309,1,2082,0,383.026,5.461,191.438,310.438,117.000,0.023,0.227,1.980,4.371,3.273,7.602,3.554,3.872,1.089,1.335,0,NULL,NULL,,3,1,2,7,255,1027,250,0,0
stim,21244,51365,1,51365,3248689.455,0.868,0.057,-0.025,0.493,0,0,0,0,0,0,0,59,56,1.309,1,2082,0,373.102,5.417,177.750,305.938,118.375,-0.020,0.211,2.055,4.371,3.199,8.918,3.576,3.898,1.089,1.335,0,NULL,NULL,,3,1,2,7,255,1027,250,0,0
stim,21244,51365,1,51365,3248694.454,0.870,0.044,-0.033,0.490,0,0,0,0,0,0,0,56,56,1.309,1,2082,0,361.716,5.088,164.563,302.750,110.000,-0.008,0.129,2.066,4.141,2.957,9.762,3.598,3.920,1.089,1.335,0,NULL,NULL,,3,1,2,7,255,1027,250,0,0
stim,21244,51365,1,51365,3248699.455,0.872,0.032,-0.041,0.487,0,0,0,0,0,0,0,59,56,1.309,1,2082,0,356.166,3.994,158.250,300.625,106.938,-0.023,-0.023,2.008,3.535,1.859,9.762,3.618,3.942,1.089,1.335,0,NULL,NULL,,3,1,2,7,255,1027,250,0,0
stim,21276,51397,1,51397,3248704.453,0.873,0.019,-0.050,0.484,0,0,0,0,0,0,0,57,56,1.309,1,2082,0,353.574,2.224,157.313,299.688,102.250,-0.051,-0.066,1.977,2.145,0.590,9.750,3.634,3.960,1.089,1.335,0,NULL,NULL,,3,1,2,7,255,1027,250,0,0
stim,21276,51397,1,51397,3248709.455,0.874,0.006,-0.058,0.482,0,0,0,0,0,0,0,55,56,1.309,1,2082,0,350.258,1.641,161.250,298.875,85.750,-0.117,-0.234,1.926,1.641,0.031,9.508,3.648,3.976,1.089,1.335,0,NULL,NULL,,3,1,2,7,255,1027,250,0,0
stim,21276,51397,1,51397,3248714.454,0.875,-0.007,-0.066,0.480,0,0,0,0,0,0,0,51,56,1.309,1,2082,0,352.105,0.878,170.563,299.063,73.813,-0.148,-0.316,1.871,-0.109,-0.871,9.223,3.658,3.986,1.089,1.335,0,NULL,NULL,,3,1,2,7,255,1027,250,0,0
stim,21276,51397,1,51397,3248719.455,0.875,-0.020,-0.073,0.479,0,0,0,0,0,0,0,53,56,1.309,1,2082,0,357.484,1.894,192.063,297.375,49.750,-0.207,-0.426,1.930,-0.992,-1.613,9.223,3.662,3.992,1.089,1.335,0,NULL,NULL,,3,1,2,7,255,1027,250,0,0
stim,21312,51433,1,51433,3248724.454,0.874,-0.034,-0.080,0.478,0,0,0,0,0,0,0,54,56,1.309,1,2082,0,362.456,2.762,207.313,296.125,26.563,-0.176,-0.379,2.020,-1.480,-2.332,9.422,3.656,3.988,1.089,1.335,0,NULL,NULL,,3,1,2,7,255,1027,250,0,0
stim,21312,51433,1,51433,3248729.455,0.872,-0.049,-0.086,0.479,0,0,0,0,0,0,0,50,56,1.309,1,2082,0,367.185,3.380,222.375,292.188,0.688,-0.055,-0.418,2.129,-1.480,-3.039,10.141,3.642,3.976,1.089,1.335,0,NULL,NULL,,3,1,2,7,255,1027,250,0,0
stim,21312,51433,1,51433,3248734.453,0.870,-0.063,-0.092,0.480,0,0,0,0,0,0,0,53,56,1.309,1,2082,0,367.823,5.116,231.438,285.438,-16.000,0.148,-0.496,2.164,-1.102,-4.996,10.590,3.614,3.950,1.089,1.335,0,NULL,NULL,,3,1,2,7,255,1027,250,0,0
stim,21312,51433,1,51433,3248739.455,0.867,-0.078,-0.098,0.482,0,0,0,0,0,0,0,59,56,1.309,1,2082,0,372.080,7.784,244.375,279.063,-29.125,0.383,-0.590,2.141,-0.727,-7.750,10.590,3.572,3.910,1.089,1.335,0,NULL,NULL,,3,1,2,7,255,1027,250,0,0
stim,21312,51433,1,51433,3248744.454,0.864,-0.094,-0.103,0.483,0,0,0,0,0,0,0,60,56,1.309,1,2082,0,381.186,10.714,266.125,270.625,-35.250,0.656,-0.613,2.141,-0.492,-10.703,9.539,3.518,3.858,1.089,1.335,0,NULL,NULL,,3,1,2,7,255,1027,250,0,0
stim,21312,51433,1,51433,3248749.455,0.861,-0.110,-0.107,0.485,0,0,0,0,0,0,0,67,56,1.309,1,2082,0,395.481,13.645,293.000,262.938,-37.688,0.914,-0.645,2.184,0.465,-13.637,8.469,3.446,3.788,1.089,1.335,0,NULL,NULL,,3,1,2,7,255,1027,250,0,0
stim,21312,51433,1,51433,3248754.453,0.857,-0.127,-0.110,0.487,0,0,0,0,0,0,0,63,56,1.309,1,2082,0,411.735,16.594,320.813,255.125,-38.938,1.168,-0.641,2.363,1.246,-16.547,8.027,3.362,3.706,1.089,1.335,0,NULL,NULL,,3,1,2,7,255,1027,250,0,0
stim,21312,51433,1,51433,3248759.455,0.853,-0.145,-0.112,0.489,0,0,0,0,0,0,0,71,56,1.309,1,2082,0,416.873,19.784,334.438,246.063,-37.250,1.430,-0.566,2.578,2.348,-19.645,8.027,3.266,3.610,1.089,1.335,0,NULL,NULL,,3,1,2,7,255,1027,250,0,0
stim,21312,51433,1,51433,3248764.454,0.849,-0.162,-0.114,0.491,0,0,0,0,0,0,0,63,56,1.309,1,2082,0,407.628,23.013,329.563,237.500,-33.813,1.652,-0.395,2.730,4.012,-22.660,8.594,3.154,3.500,1.089,1.335,0,NULL,NULL,,3,1,2,7,255,1027,250,0,0
stim,21312,51433,1,51433,3248769.455,0.844,-0.178,-0.116,0.492,0,0,0,0,0,0,0,62,56,1.309,1,2082,0,392.863,25.537,316.375,230.563,-33.000,1.801,-0.293,2.840,6.184,-24.777,8.637,3.034,3.382,1.089,1.335,0,NULL,NULL,,3,1,2,7,255,1027,250,0,0
stim,21341,51462,1,51462,3248774.454,0.840,-0.194,-0.118,0.493,0,0,0,0,0,0,0,69,56,1.309,1,2082,0,373.177,27.417,297.563,223.000,-31.438,1.898,-0.348,2.969,6.988,-26.512,8.637,2.902,3.250,1.089,1.335,0,NULL,NULL,,3,1,2,7,255,1027,250,0,0
stim,21341,51462,1,51462,3248779.455,0.836,-0.208,-0.120,0.494,0,0,0,0,0,0,0,72,56,1.309,1,2082,0,341.710,29.496,263.750,215.188,-29.938,1.988,-0.434,3.066,6.988,-28.656,8.609,2.760,3.110,1.089,1.335,0,NULL,NULL,,3,1,2,7,255,1027,250,0,0
stim,21341,51462,1,51462,3248784.454,0.832,-0.220,-0.124,0.495,0,0,0,0,0,0,0,73,56,1.309,1,2082,0,298.967,31.325,213.750,206.563,-32.000,2.098,-0.508,2.996,6.289,-30.688,8.203,2.606,2.956,1.089,1.335,0,NULL,NULL,,3,1,2,7,255,1027,250,0,0
stim,21341,51462,1,51462,3248789.455,0.828,-0.230,-0.127,0.495,0,0,0,0,0,0,0,75,56,1.309,1,2082,0,261.781,32.495,167.688,197.375,-38.125,2.238,-0.559,2.785,5.891,-31.957,6.246,2.440,2.790,1.089,1.335,0,NULL,NULL,,3,1,2,7,255,1027,250,0,0
stim,21364,51485,1,51485,3248794.453,0.824,-0.238,-0.132,0.496,0,0,0,0,0,0,0,85,56,1.309,1,2082,0,235.392,33.103,134.000,187.813,-46.688,2.406,-0.613,2.539,5.891,-32.574,3.039,2.266,2.616,1.089,1.335,0,NULL,NULL,,3,1,2,7,255,1027,250,0,0
stim,21364,51485,1,51485,3248799.455,0.821,-0.246,-0.136,0.497,0,0,0,0,0,0,0,105,56,1.309,1,2082,0,214.563,33.603,107.688,177.438,-54.375,2.594,-0.723,2.328,5.871,-33.086,-0.570,2.086,2.434,1.089,1.335,0,NULL,NULL,,3,1,2,7,255,1027,250,0,0
stim,21364,51485,1,51485,3248804.454,0.818,-0.252,-0.141,0.498,0,0,0,0,0,0,0,115,56,1.309,1,2082,0,194.530,34.472,86.125,165.000,-56.563,2.773,-0.848,2.117,5.754,-33.988,-4.074,1.898,2.246,1.089,1.335,0,NULL,NULL,,3,1,2,7,255,1027,250,0,0
stim,21364,51485,1,51485,3248809.455,0.815,-0.258,-0.145,0.499,0,0,0,0,0,0,0,146,56,1.309,1,2082,0,179.164,34.472,86.188,151.000,-43.250,2.863,-0.766,1.883,5.754,-33.988,-7.496,1.708,2.052,1.089,1.335,0,NULL,NULL,,3,1,2,7,255,1027,250,0,0
stim,21364,51485,1,51485,3248814.453,0.812,-0.262,-0.149,0.500,0,0,0,0,0,0,0,167,56,1.309,1,2082,0,148.879,35.185,50.625,122.000,-68.688,2.863,-1.035,2.121,5.313,-34.781,-9.355,1.512,1.852,1.089,1.335,0,NULL,NULL,,3,1,2,7,255,1027,250,0,0
stim,21364,51485,1,51485,3248819.455,0.810,-0.264,-0.153,0.501,0,0,0,0,0,0,0,185,56,1.309,1,2082,0,123.432,36.451,-1.750,104.250,-66.063,3.375,-1.281,1.605,3.820,-36.250,-10.191,1.314,1.652,1.089,1.335,0,NULL,NULL,,3,1,2,7,255,1027,250,0,0
stim,21409,51530,1,51530,3248824.454,0.808,-0.265,-0.157,0.502,0,0,0,0,0,0,0,215,56,1.309,1,2082,0,95.788,36.446,-0.625,84.188,-45.688,3.398,-1.281,1.094,3.777,-36.250,-16.984,1.118,1.448,1.089,1.335,0,NULL,NULL,,3,1,2,7,255,1027,250,0,0
stim,21409,51530,1,51530,3248829.455,0.806,-0.267,-0.158,0.503,0,0,0,0,0,0,0,215,56,1.309,1,2082,0,80.358,36.205,44.750,52.813,-40.813,3.531,-1.566,0.902,3.734,-36.012,-21.469,0.924,1.248,1.089,1.335,0,NULL,NULL,,3,1,2,7,255,1027,250,0,0
stim,21409,51530,1,51530,3248834.454,0.804,-0.271,-0.157,0.505,0,0,0,0,0,0,0,271,56,1.309,1,2082,0,103.599,36.049,99.063,19.313,-23.375,3.551,-1.684,1.063,1.633,-36.012,-23.879,0.740,1.050,1.089,1.335,0,NULL,NULL,,3,1,2,7,255,1027,250,0,0
stim,21409,51530,1,51530,3248839.455,0.804,-0.280,-0.148,0.503,0,0,0,234,0,0,0,403,56,1.309,1,2082,0,304.541,37.433,274.875,-61.688,115.688,2.371,-2.316,2.980,0.531,-37.430,-23.879,0.558,0.844,1.089,1.335,0,NULL,NULL,,3,1,2,7,255,1027,250,0,0
stim,21409,51530,1,51530,3248844.453,0.805,-0.302,-0.118,0.498,339,0,0,809,0,45,0,454,56,1.309,1,2082,0,849.448,42.234,715.000,-285.875,358.625,3.086,0.711,8.828,0.531,-42.230,-4.582,0.398,0.628,1.089,1.335,0,NULL,NULL,,3,1,2,7,255,1027,250,0,0
stim,21409,51530,1,51530,3248849.455,0.808,-0.290,-0.117,0.500,947,0,0,1339,0,233,0,551,56,1.309,1,2082,0,284.617,49.751,-226.438,-170.875,-23.125,0.887,-0.316,7.453,-4.047,-49.586,44.590,0.332,0.438,1.089,1.335,0,NULL,NULL,,3,1,2,7,255,1027,250,0,0
stim,21438,51559,1,51559,3248854.454,0.825,-0.251,-0.131,0.490,1417,0,0,1695,0,530,0,593,56,1.309,1,2082,0,1050.244,51.319,-1022.313,-178.063,161.813,1.027,1.246,2.352,13.223,-49.586,44.590,0.362,0.342,1.089,1.335,0,NULL,NULL,,3,1,2,7,255,1027,250,0,0
stim,21438,51559,1,51559,3248859.455,0.843,-0.211,-0.143,0.474,1807,0,0,1903,0,844,0,604,57,1.309,1,2083,0,1096.739,21.327,-1033.188,-176.500,322.813,0.586,2.676,-1.398,15.441,-14.711,8.258,0.406,0.338,1.089,1.335,1,1025.000,-2.000,,3,1,2,7,255,1027,250,0,0
stim,21438,51559,1,51559,3248864.453,0.855,-0.194,-0.144,0.459,2197,0,0,2189,0,1018,0,636,57,1.309,1,2083,0,591.185,21.378,-457.563,-142.750,346.063,-1.371,0.898,-3.684,15.441,14.785,-19.262,0.428,0.376,1.089,1.335,1,NULL,NULL,,3,1,2,7,255,1027,250,0,0
stim,21438,51559,1,51559,3248869.455,0.860,-0.194,-0.134,0.452,2472,0,0,2395,0,1136,0,663,57,1.309,1,2083,0,303.682,18.876,66.688,-189.563,227.688,-3.047,-1.414,-1.000,-3.363,18.574,-19.262,0.432,0.412,1.089,1.335,1,NULL,NULL,,3,1,2,7,255,1027,250,0,0
stim,21438,51559,1,51559,3248874.454,0.863,-0.198,-0.122,0.449,2611,0,0,2573,0,1185,0,761,57,1.309,1,2083,0,313.288,22.435,181.438,-210.250,145.000,-2.352,-0.059,1.840,-12.582,18.574,-8.992,0.436,0.442,1.089,1.335,1,NULL,NULL,,3,1,2,7,255,1027,250,0,0
stim,21438,51559,1,51559,3248879.455,0.864,-0.196,-0.115,0.450,2709,0,0,2669,0,1216,0,858,57,1.309,1,2083,0,164.183,17.012,18.000,-162.438,15.688,-1.219,2.441,2.391,-12.582,11.449,15.250,0.450,0.468,1.089,1.335,2,NULL,NULL,,3,1,2,7,255,1027,250,0,0
stim,21438,51560,1,51560,3248884.453,0.866,-0.186,-0.112,0.451,2777,0,0,2765,0,1223,0,984,57,1.309,1,2083,0,239.364,13.610,-161.313,-175.438,-22.250,-0.738,1.734,1.621,10.602,8.535,15.250,0.454,0.494,1.089,1.335,2,NULL,NULL,,3,1,2,7,255,1027,250,0,0
stim,21438,51560,1,51560,3248889.455,0.868,-0.173,-0.110,0.453,2807,0,0,2813,0,1209,0,1095,57,1.309,1,2083,0,296.557,13.263,-234.188,-177.375,-40.500,-0.664,-0.070,0.891,10.602,7.969,10.574,0.440,0.514,1.089,1.335,2,NULL,NULL,,3,1,2,7,255,1027,250,0,0
stim,21466,51587,0,51587,3248894.453,0.869,-0.161,-0.107,0.456,2835,0,0,2873,0,1229,0,1163,57,1.309,1,2083,0,291.758,3.970,-204.250,-194.563,-74.500,-0.523,-1.051,0.484,-3.820,1.078,0.379,0.412,0.528,1.089,1.335,2,NULL,NULL,,3,0,2,7,255,1023,250,0,0
stim,21466,51587,0,51587,3248899.455,0.869,-0.151,-0.103,0.460,2878,0,0,2909,0,1293,0,1241,57,1.309,1,2083,0,270.051,11.696,-155.188,-197.750,-98.688,-0.270,-1.266,0.652,-11.164,-3.488,-4.695,0.378,0.526,1.089,1.335,2,NULL,NULL,,3,0,2,7,255,1023,250,0,0
stim,21466,51587,0,51587,3248904.454,0.869,-0.141,-0.099,0.464,2904,0,0,2951,0,1382,0,1305,57,1.309,1,2083,0,264.617,13.144,-145.438,-198.188,-97.938,0.176,-1.145,0.891,-11.164,-6.938,-4.695,0.342,0.502,1.089,1.335,2,NULL,NULL,,3,0,2,7,255,1023,250,0,0
stim,21466,51587,0,51587,3248909.455,0.869,-0.132,-0.095,0.467,2940,0,0,2985,0,1477,0,1381,57,1.309,1,2083,0,239.032,12.941,-131.875,-189.063,-63.250,0.609,-1.148,0.895,-7.895,-10.254,-4.453,0.304,0.450,1.089,1.335,2,NULL,NULL,,3,0,2,7,255,1023,250,0,0
stim,21493,51614,0,51614,3248914.455,0.871,-0.125,-0.090,0.467,2972,0,0,3016,0,1610,0,1453,57,1.309,1,2083,0,189.563,14.993,-92.625,-165.375,-2.438,0.855,-1.438,1.078,-6.555,-13.484,-3.480,0.276,0.378,1.089,1.335,2,NULL,NULL,,3,0,2,7,255,1023,250,0,0
stim,21493,51614,0,51614,3248919.455,0.873,-0.120,-0.086,0.465,2999,0,0,3053,0,1743,0,1515,57,1.309,1,2083,0,175.843,17.156,-59.188,-147.813,74.625,0.785,-1.297,1.148,-5.660,-16.195,-3.461,0.266,0.302,1.089,1.335,2,NULL,NULL,,3,0,2,7,255,1023,250,0,0
stim,21493,51614,0,51614,3248924.454,0.877,-0.116,-0.081,0.460,3003,0,0,3075,0,1848,0,1575,57,1.309,1,2083,0,207.299,17.156,-47.438,-141.438,143.938,0.309,-0.492,1.059,-5.660,-16.195,-2.301,0.270,0.244,1.089,1.335,2,NULL,NULL,,3,0,2,7,255,1023,250,0,0
stim,21493,51614,0,51614,3248929.455,0.881,-0.113,-0.075,0.454,3007,0,0,3081,29,1963,0,1644,57,1.309,1,2083,0,218.352,8.040,-40.813,-139.875,162.625,-0.250,0.297,0.980,-1.746,-7.848,-1.039,0.278,0.208,1.089,1.335,2,NULL,NULL,,3,0,2,7,255,1023,250,0,0
stim,21493,51614,0,51614,3248934.453,0.884,-0.108,-0.070,0.449,3015,0,0,3087,325,2117,0,1836,57,1.309,1,2083,0,194.810,1.098,-53.438,-139.313,125.250,-0.578,0.352,1.152,-0.035,1.098,0.340,0.286,0.188,1.089,1.335,2,NULL,NULL,,3,0,2,7,255,1023,250,0,0
stim,21493,51614,0,51614,3248939.455,0.886,-0.103,-0.067,0.447,3022,0,0,3109,571,2201,155,1983,57,1.309,1,2083,0,166.268,1.098,-77.875,-132.500,63.438,-0.449,0.113,1.340,-0.035,1.098,2.723,0.298,0.172,1.089,1.335,2,NULL,NULL,,3,0,2,7,255,1023,250,0,0
stim,21514,51635,0,51635,3248944.454,0.886,-0.099,-0.064,0.448,3031,0,0,3113,813,2262,150,2105,57,1.309,1,2083,0,103.210,1.075,-52.063,-84.625,-27.938,0.047,0.262,1.945,-0.035,1.074,4.016,0.322,0.152,1.089,1.335,2,NULL,NULL,,3,0,2,7,255,1023,250,0,0
stim,21514,51635,0,51635,3248949.455,0.885,-0.095,-0.064,0.452,3029,0,0,3141,1063,2309,143,2179,57,1.309,1,2083,0,125.091,4.410,-70.813,-47.188,-91.688,0.676,0.730,1.320,3.211,-3.023,4.016,0.350,0.128,1.089,1.335,2,NULL,NULL,,3,0,2,7,255,1023,250,0,0
stim,21514,51635,0,51635,3248954.453,0.884,-0.094,-0.063,0.454,3037,0,0,3144,1184,2351,169,2227,57,1.309,1,2083,0,62.031,10.954,-17.188,-40.813,-43.438,1.066,1.066,1.074,10.270,-3.813,2.070,0.376,0.108,1.089,1.335,2,NULL,NULL,,3,0,2,7,255,1023,250,0,0
stim,21514,51635,0,51635,3248959.455,0.885,-0.093,-0.063,0.452,3039,4,0,3141,1303,2373,200,2279,57,1.309,1,2083,0,43.335,11.190,-16.875,-17.625,35.813,0.371,0.207,1.754,10.270,-4.445,2.070,0.396,0.092,1.089,1.335,2,NULL,NULL,,3,0,2,7,255,1023,250,0,0
stim,21514,51635,0,51635,3248964.454,0.886,-0.087,-0.065,0.450,3043,27,0,3145,1397,2397,217,2311,57,1.309,1,2083,0,147.621,6.378,-141.750,-12.188,39.375,-0.551,-0.355,1.621,4.574,-4.445,6.441,0.410,0.080,1.089,1.335,2,NULL,NULL,,3,0,2,7,255,1023,250,0,0
stim,21514,51635,0,51635,3248969.455,0.886,-0.080,-0.068,0.452,3049,53,0,3156,1497,2419,222,2359,57,1.309,1,2083,0,172.510,3.236,-164.875,-7.125,-50.250,-0.633,0.020,0.625,-3.094,-0.949,6.441,0.422,0.068,1.089,1.335,2,NULL,NULL,,3,0,2,7,255,1023,250,0,0
stim,21547,51668,0,51668,3248974.454,0.884,-0.078,-0.069,0.456,3033,63,0,3163,1563,2423,229,2377,57,1.309,1,2083,0,138.590,3.147,-54.875,-8.188,-127.000,-0.102,0.098,0.395,-3.094,0.574,-2.609,0.432,0.060,1.089,1.335,2,NULL,NULL,,3,0,2,7,255,1023,250,0,0
stim,21547,51668,0,51668,3248979.455,0.881,-0.078,-0.068,0.461,3050,95,0,3155,1613,2427,239,2393,57,1.309,1,2083,0,109.007,0.720,17.063,-8.688,-107.313,0.367,-0.113,1.023,0.434,0.574,-2.609,0.442,0.052,1.089,1.335,2,NULL,NULL,,3,0,2,7,255,1023,250,0,0
stim,21547,51668,0,51668,3248984.454,0.881,-0.077,-0.069,0.462,3045,111,0,3166,1640,2445,263,2421,57,1.309,1,2083,0,40.893,5.588,-20.938,-4.688,-34.813,0.277,-0.145,1.387,1.305,-5.434,-0.723,0.450,0.044,1.089,1.335,2,NULL,NULL,,3,0,2,7,255,1023,250,0,0
stim,21547,51668,0,51668,3248989.455,0.881,-0.074,-0.070,0.462,3047,151,0,3161,1701,2457,277,2441,57,1.309,1,2083,0,82.360,5.588,-82.250,0.000,4.250,-0.145,-0.004,1.168,1.305,-5.434,1.680,0.456,0.040,1.089,1.335,2,NULL,NULL,,3,0,2,7,255,1023,250,0,0
stim,21547,51668,0,51668,3248994.453,0.881,-0.071,-0.072,0.462,3039,171,0,3168,1761,2467,297,2443,57,1.309,1,2083,0,90.574,1.000,-87.438,0.438,-23.625,-0.379,0.051,0.813,0.027,-1.000,1.680,0.460,0.038,1.089,1.335,2,NULL,NULL,,3,0,2,7,255,1023,250,0,0
stim,21547,51668,0,51668,3248999.455,0.880,-0.068,-0.074,0.464,3047,213,0,3175,1810,2477,295,2458,57,1.309,1,2083,0,75.278,1.381,-45.625,0.375,-59.875,-0.164,-0.160,0.719,-1.063,-0.883,-1.281,0.466,0.034,1.089,1.335,2,NULL,NULL,,3,0,2,7,255,1023,250,0,0
stim,21573,51694,0,51694,3249004.454,0.879,-0.068,-0.074,0.466,3055,221,62,3173,1837,2477,304,2456,57,1.309,1,2083,0,57.448,1.801,-12.313,-2.375,-56.063,0.070,-0.328,0.879,-1.570,-0.883,-1.559,0.476,0.028,1.089,1.335,2,NULL,NULL,,3,0,2,7,255,1023,250,0,0
stim,21573,51694,0,51694,3249009.455,0.878,-0.067,-0.074,0.467,3055,240,134,3179,1871,2487,308,2473,57,1.309,1,2083,0,21.653,4.203,-7.500,-2.250,-20.188,0.141,-0.234,0.996,-1.570,-3.898,-1.559,0.484,0.022,1.089,1.335,2,NULL,NULL,,3,0,2,7,255,1023,250,0,0
stim,21573,51694,0,51694,3249014.453,0.879,-0.066,-0.074,0.467,3052,237,177,3179,1898,2491,303,2471,57,1.309,1,2083,0,19.177,3.911,-15.813,-1.875,10.688,-0.035,-0.098,1.027,-0.309,-3.898,-0.539,0.492,0.016,1.089,1.335,2,NULL,NULL,,3,0,2,7,255,1023,250,0,0
stim,21573,51694,0,51694,3249019.455,0.879,-0.066,-0.074,0.466,3048,245,238,3177,1925,2499,295,2475,57,1.309,1,2083,0,19.616,2.066,-18.250,-0.250,7.188,-0.211,-0.047,0.977,-0.309,-2.043,-0.012,0.498,0.012,1.089,1.335,2,NULL,NULL,,3,0,2,7,255,1023,250,0,0
stim,21612,51733,0,51733,3249024.454,0.879,-0.065,-0.075,0.467,3047,249,280,3176,1937,2499,287,2475,57,1.309,1,2083,0,12.080,0.649,-9.188,-0.688,-7.813,-0.176,-0.039,0.945,-0.469,-0.449,-0.012,0.506,0.008,1.089,1.335,2,NULL,NULL,,3,0,2,7,255,1023,250,0,0
stim,21612,51733,0,51733,3249029.455,0.879,-0.065,-0.075,0.467,3051,247,313,3187,1951,2507,285,2475,57,1.304,1,2083,1,6.570,0.649,0.313,-2.000,-6.250,-0.098,-0.074,0.961,-0.469,-0.449,-0.395,0.000,0.000,1.130,1.330,2,NULL,NULL,,3,0,2,7,255,1023,250,0,0
stim,21612,51733,0,51733,3249034.455,0.879,-0.065,-0.074,0.467,3049,242,333,3175,1963,2503,293,2487,57,1.304,1,2083,1,4.977,1.287,0.750,-2.125,4.438,-0.109,-0.070,1.016,-0.305,-1.250,-0.395,0.004,0.002,1.130,1.330,2,NULL,NULL,,3,0,2,7,255,1023,250,0,0
stim,21612,51733,0,51733,3249039.455,0.879,-0.065,-0.074,0.466,3055,233,343,3179,1965,2505,291,2491,57,1.304,1,2083,1,10.706,1.282,-1.875,-3.688,9.875,-0.172,-0.020,1.023,-0.285,-1.250,0.156,0.008,0.004,1.130,1.330,2,NULL,NULL,,3,0,2,7,255,1023,250,0,0
stim,21612,51733,0,51733,3249044.453,0.879,-0.064,-0.074,0.466,3055,236,359,3167,1975,2509,292,2487,57,1.304,1,2083,1,3.114,0.555,-1.313,-2.563,1.188,-0.211,-0.031,0.988,-0.285,-0.477,0.156,0.010,0.004,1.130,1.330,2,NULL,NULL,,3,0,2,7,255,1023,250,0,0
stim,21612,51733,0,51733,3249049.455,0.879,-0.064,-0.074,0.467,3048,227,379,3175,1975,2502,291,2501,57,1.304,1,2083,1,6.175,0.514,3.438,-3.750,-3.500,-0.137,-0.016,0.996,-0.191,-0.477,0.102,0.014,0.006,1.130,1.330,2,NULL,NULL,,3,0,2,7,255,1023,250,0,0
stim,21612,51733,0,51733,3249054.454,0.879,-0.065,-0.074,0.467,3047,229,410,3164,1978,2501,296,2492,57,1.304,1,2083,1,7.464,0.689,6.000,-3.625,-2.563,-0.121,-0.035,1.012,-0.090,-0.684,0.102,0.016,0.006,1.130,1.330,2,NULL,NULL,,3,0,2,7,255,1023,250,0,0
stim,21612,51733,0,51733,3249059.455,0.879,-0.065,-0.073,0.467,3032,213,437,3159,1993,2487,293,2487,57,1.304,1,2083,1,7.178,0.684,4.875,-3.938,3.500,-0.133,0.016,1.027,-0.004,-0.684,0.137,0.020,0.008,1.130,1.330,2,NULL,NULL,,3,0,2,7,255,1023,250,0,0
stim,21612,51733,0,51733,3249064.453,0.879,-0.065,-0.073,0.467,3027,187,461,3161,1989,2479,299,2495,57,1.304,1,2083,1,5.736,0.588,3.125,-4.375,2.000,-0.180,0.012,1.012,-0.047,-0.586,0.246,0.022,0.008,1.130,1.330,2,NULL,NULL,,3,0,2,7,255,1023,250,0,0
stim,21612,51733,0,51733,3249069.455,0.879,-0.065,-0.073,0.467,3007,189,477,3157,1995,2471,300,2499,57,1.304,1,2083,1,6.919,0.327,4.750,-5.000,-0.563,-0.188,0.055,0.988,0.250,-0.211,0.246,0.024,0.010,1.130,1.330,2,NULL,NULL,,3,0,2,7,255,1023,250,0,0
stim,21641,51762,0,51762,3249074.454,0.879,-0.065,-0.072,0.467,3004,185,501,3149,2001,2468,301,2490,57,1.304,1,2083,1,11.344,0.255,7.375,-6.188,-6.000,-0.172,0.066,1.012,0.254,0.020,0.246,0.026,0.012,1.130,1.330,2,NULL,NULL,,3,0,2,7,255,1023,250,0,0
stim,21641,51762,0,51762,3249079.455,0.879,-0.065,-0.072,0.467,3002,181,527,3128,1997,2459,311,2503,57,1.304,1,2083,1,10.517,0.430,6.500,-6.000,-5.688,-0.152,0.090,1.039,0.430,0.020,0.258,0.026,0.014,1.130,1.330,2,NULL,NULL,,3,0,2,7,255,1023,250,0,0
stim,21641,51762,0,51762,3249084.453,0.879,-0.065,-0.072,0.467,2981,181,555,3125,1997,2449,319,2491,57,1.304,1,2083,1,9.609,0.743,2.938,-6.375,-6.563,-0.141,0.086,1.035,0.742,-0.035,0.406,0.028,0.016,1.130,1.330,2,NULL,NULL,,3,0,2,7,255,1023,250,0,0
stim,21641,51762,0,51762,3249089.455,0.879,-0.065,-0.071,0.468,2975,165,585,3115,2005,2444,351,2496,57,1.304,1,2083,1,8.142,0.751,1.375,-6.375,-4.875,-0.148,0.070,1.004,0.742,-0.113,0.406,0.030,0.018,1.130,1.330,2,NULL,NULL,,3,0,2,7,255,1023,250,0,0
stim,21666,51787,0,51787,3249094.454,0.879,-0.065,-0.071,0.468,2963,161,615,3093,2013,2437,358,2506,57,1.304,1,2083,1,9.603,0.566,1.813,-7.063,-6.250,-0.160,0.059,0.992,0.555,-0.113,0.148,0.030,0.020,1.130,1.330,2,NULL,NULL,,3,0,2,7,255,1023,250,0,0
stim,21666,51787,0,51787,3249099.455,0.878,-0.065,-0.070,0.468,2948,160,625,3087,2019,2437,362,2508,57,1.304,1,2083,1,10.945,0.405,3.313,-7.500,-7.250,-0.160,0.047,0.984,0.391,-0.105,0.023,0.032,0.020,1.130,1.330,2,NULL,NULL,,3,0,2,7,255,1023,250,0,0
stim,21666,51787,0,51787,3249104.453,0.878,-0.065,-0.070,0.468,2933,147,648,3082,2029,2425,359,2510,57,1.304,1,2083,1,12.368,0.405,5.063,-8.750,-7.125,-0.141,0.070,0.988,0.391,-0.105,-0.031,0.032,0.020,1.130,1.330,2,NULL,NULL,,3,0,2,7,255,1023,250,0,0
stim,21666,51787,0,51787,3249109.455,0.878,-0.065,-0.069,0.469,2906,141,675,3063,2047,2422,365,2525,57,1.304,1,2083,1,12.346,0.580,5.625,-9.125,-6.125,-0.145,0.090,0.996,0.570,-0.105,-0.031,0.032,0.020,1.130,1.330,2,NULL,NULL,,3,0,2,7,255,1023,250,0,0
stim,21666,51787,0,51787,3249114.454,0.878,-0.065,-0.069,0.469,2889,155,711,3037,2072,2415,411,2525,57,1.304,1,2083,1,12.575,0.692,5.000,-10.625,-4.500,-0.156,0.098,0.996,0.691,-0.031,0.070,0.032,0.020,1.130,1.330,2,NULL,NULL,,3,0,2,7,255,1023,250,0,0
stim,21666,51787,0,51787,3249119.455,0.878,-0.065,-0.068,0.469,2863,157,765,3033,2101,2412,439,2545,57,1.304,1,2083,1,13.965,0.728,5.563,-12.438,-3.063,-0.184,0.148,1.004,0.715,0.137,0.078,0.032,0.018,1.130,1.330,2,NULL,NULL,,3,0,2,7,255,1023,250,0,0
stim,21711,51832,0,51832,3249124.454,0.878,-0.065,-0.067,0.469,2839,163,837,3015,2140,2407,521,2551,57,1.304,1,2083,1,16.691,1.129,6.000,-13.250,-8.188,-0.207,0.172,1.023,0.945,0.617,0.215,0.032,0.016,1.130,1.330,2,NULL,NULL,,3,0,2,7,255,1023,250,0,0
stim,21711,51832,0,51832,3249129.455,0.878,-0.065,-0.067,0.470,2810,181,948,2997,2173,2405,553,2565,57,1.304,1,2083,1,21.381,1.305,6.750,-14.563,-14.125,-0.160,0.223,1.039,1.027,0.805,0.469,0.034,0.014,1.130,1.330,2,NULL,NULL,,3,0,2,7,255,1023,250,0,0
stim,21711,51832,0,51832,3249134.454,0.878,-0.065,-0.066,0.470,2788,187,1017,2979,2229,2415,599,2573,57,1.304,1,2083,1,21.125,1.891,5.063,-14.750,-14.250,-0.133,0.215,1.047,1.711,0.805,0.523,0.034,0.014,1.130,1.330,2,NULL,NULL,,3,0,2,7,255,1023,250,0,0
stim,21711,51832,0,51832,3249139.455,0.877,-0.065,-0.065,0.471,2763,187,1113,2957,2265,2412,661,2583,57,1.304,1,2083,1,20.737,1.789,0.438,-14.313,-15.000,-0.133,0.160,1.047,1.711,0.523,0.559,0.036,0.014,1.130,1.330,2,NULL,NULL,,3,0,2,7,255,1023,250,0,0
stim,21711,51832,0,51832,3249144.453,0.877,-0.065,-0.065,0.472,2727,222,1173,2933,2300,2407,723,2595,57,1.304,1,2083,1,23.426,1.329,-2.625,-13.625,-18.875,-0.141,0.113,1.004,1.309,0.230,0.559,0.038,0.018,1.130,1.330,2,NULL,NULL,,3,0,2,7,255,1023,250,0,0
stim,21711,51832,0,51832,3249149.455,0.877,-0.064,-0.064,0.473,2693,246,1246,2923,2332,2411,853,2613,57,1.304,1,2083,1,26.059,0.858,-3.000,-13.438,-22.125,-0.141,0.055,0.969,0.852,0.102,0.141,0.042,0.020,1.130,1.330,2,NULL,NULL,,3,0,2,7,255,1023,250,0,0
stim,21739,51860,0,51860,3249154.453,0.876,-0.064,-0.064,0.474,2648,247,1359,2905,2363,2408,981,2619,57,1.304,1,2083,1,29.222,0.372,-1.250,-13.875,-25.688,-0.152,0.023,0.969,0.355,-0.109,-0.184,0.044,0.024,1.130,1.330,2,NULL,NULL,,3,0,2,7,255,1023,250,0,0
stim,21739,51860,0,51860,3249159.455,0.876,-0.063,-0.063,0.475,2587,273,1455,2871,2380,2408,1107,2628,57,1.304,1,2083,1,32.061,0.201,-1.375,-14.250,-28.688,-0.156,0.020,0.988,0.023,-0.199,-0.184,0.046,0.028,1.130,1.330,2,NULL,NULL,,3,0,2,7,255,1023,250,0,0
stim,21739,51860,0,51860,3249164.454,0.875,-0.063,-0.063,0.476,2541,271,1609,2855,2446,2413,1223,2648,57,1.304,1,2083,1,34.131,0.201,-5.313,-14.500,-30.438,-0.180,0.043,1.020,0.023,-0.199,-0.004,0.048,0.032,1.130,1.330,2,NULL,NULL,,3,0,2,7,255,1023,250,0,0
stim,21739,51860,0,51860,3249169.455,0.874,-0.062,-0.063,0.477,2493,277,1726,2837,2485,2410,1351,2663,57,1.304,1,2083,1,41.453,0.097,-14.375,-14.688,-36.000,-0.215,0.082,1.051,0.074,0.063,0.348,0.050,0.034,1.130,1.330,2,NULL,NULL,,3,0,2,7,255,1023,250,0,0
stim,21739,51860,0,51860,3249174.454,0.874,-0.061,-0.063,0.479,2441,313,1823,2822,2516,2411,1463,2679,57,1.304,1,2083,1,52.361,0.603,-25.000,-15.688,-43.250,-0.211,0.090,1.051,0.254,0.547,0.707,0.050,0.036,1.130,1.330,2,NULL,NULL,,3,0,2,7,255,1023,250,0,0
stim,21739,51860,0,51860,3249179.455,0.873,-0.059,-0.063,0.481,2387,323,1943,2799,2570,2423,1593,2693,57,1.304,1,2083,1,61.474,0.603,-32.375,-16.188,-49.688,-0.188,0.063,1.016,0.254,0.547,0.707,0.052,0.038,1.130,1.330,2,NULL,NULL,,3,0,2,7,255,1023,250,0,0
stim,21739,51860,0,51860,3249184.454,0.872,-0.057,-0.063,0.483,2319,357,2083,2765,2599,2424,1714,2701,57,1.304,1,2083,1,65.132,0.401,-36.188,-17.125,-51.375,-0.160,0.008,0.996,0.230,0.328,0.332,0.052,0.038,1.130,1.330,2,NULL,NULL,,3,0,2,7,255,1023,250,0,0
stim,21739,51860,0,51860,3249189.455,0.871,-0.055,-0.063,0.484,2228,375,2195,2731,2627,2421,1779,2719,57,1.304,1,2083,1,67.011,0.140,-39.438,-18.625,-50.875,-0.168,-0.035,1.008,-0.063,-0.125,0.184,0.054,0.038,1.130,1.330,2,NULL,NULL,,3,0,2,7,255,1023,250,0,0
stim,21761,51882,0,51882,3249194.453,0.870,-0.052,-0.063,0.486,2134,371,2296,2687,2665,2423,1887,2733,57,1.304,1,2083,1,74.052,0.430,-46.375,-20.750,-53.875,-0.188,-0.055,1.043,-0.391,-0.180,0.184,0.054,0.038,1.130,1.330,2,NULL,NULL,,3,0,2,7,255,1023,250,0,0
stim,21761,51882,0,51882,3249199.455,0.869,-0.049,-0.064,0.489,2063,378,2407,2647,2701,2437,1993,2749,57,1.304,1,2083,0,88.739,0.650,-59.250,-21.938,-62.313,-0.191,-0.070,1.074,-0.609,-0.227,0.570,0.052,0.036,1.130,1.330,2,NULL,NULL,,3,0,2,7,255,1023,250,0,0
stim,21761,51882,0,51882,3249204.454,0.868,-0.046,-0.065,0.491,1955,383,2477,2588,2726,2427,2065,2767,57,1.304,1,2083,0,99.627,0.650,-68.938,-23.250,-68.063,-0.141,-0.039,1.020,-0.609,-0.227,0.570,0.052,0.036,1.130,1.330,2,NULL,NULL,,3,0,2,7,255,1023,250,0,0
stim,21761,51882,0,51882,3249209.455,0.866,-0.043,-0.065,0.493,1845,401,2541,2539,2749,2429,2139,2785,57,1.304,1,2083,0,93.918,0.421,-62.563,-23.813,-65.875,-0.070,0.000,0.934,-0.184,-0.379,0.285,0.052,0.036,1.130,1.330,2,NULL,NULL,,3,0,2,7,255,1023,250,0,0
stim,21816,51937,0,51937,3249214.453,0.865,-0.040,-0.065,0.495,1720,405,2601,2475,2775,2429,2221,2794,57,1.304,1,2083,0,81.151,0.714,-51.313,-25.563,-57.438,-0.074,-0.012,0.961,0.402,-0.590,-0.398,0.054,0.036,1.130,1.330,2,NULL,NULL,,3,0,2,7,255,1023,250,0,0
stim,21816,51937,0,51937,3249219.455,0.864,-0.038,-0.065,0.497,1573,403,2660,2409,2811,2442,2299,2824,57,1.304,1,2083,0,76.240,0.714,-48.625,-27.750,-51.750,-0.117,-0.008,1.047,0.402,-0.590,-0.398,0.054,0.036,1.130,1.330,2,NULL,NULL,,3,0,2,7,255,1023,250,0,0
stim,21816,51937,0,51937,3249224.454,0.863,-0.035,-0.065,0.499,1379,396,2713,2323,2827,2439,2363,2827,57,1.304,1,2083,0,82.412,0.431,-53.750,-28.313,-55.688,-0.152,-0.008,1.074,0.320,-0.289,0.516,0.054,0.038,1.130,1.330,2,NULL,NULL,,3,0,2,7,255,1023,250,0,0
stim,21816,51937,0,51937,3249229.455,0.862,-0.032,-0.065,0.501,1205,377,2760,2207,2852,2421,2419,2845,57,1.304,1,2083,0,83.728,0.380,-53.938,-29.313,-56.938,-0.105,-0.027,1.008,0.246,-0.289,0.516,0.054,0.038,1.130,1.330,2,NULL,NULL,,3,0,2,7,255,1023,250,0,0
stim,21816,51937,0,51937,3249234.454,0.861,-0.029,-0.065,0.503,1035,342,2803,2100,2860,2415,2471,2853,57,1.304,1,2083,0,77.756,0.420,-47.938,-30.750,-52.938,-0.059,-0.035,0.992,0.246,-0.340,0.121,0.054,0.040,1.130,1.330,2,NULL,NULL,,3,0,2,7,255,1023,250,0,0
stim,21816,51937,0,51937,3249239.455,0.860,-0.027,-0.065,0.505,875,317,2835,1949,2879,2409,2521,2863,57,1.304,1,2083,0,68.382,0.775,-40.750,-31.563,-44.938,-0.051,-0.066,1.000,0.246,-0.734,-0.023,0.056,0.040,1.130,1.330,2,NULL,NULL,,3,0,2,7,255,1023,250,0,0
stim,21816,51937,0,51937,3249244.453,0.860,-0.024,-0.064,0.506,633,296,2863,1803,2901,2403,2571,2872,57,1.304,1,2083,0,60.492,0.764,-36.000,-34.438,-34.313,-0.078,-0.063,1.031,0.211,-0.734,-0.023,0.058,0.042,1.130,1.330,2,NULL,NULL,,3,0,2,7,255,1023,250,0,0
stim,21816,51937,0,51937,3249249.455,0.859,-0.022,-0.063,0.507,437,265,2897,1581,2918,2395,2611,2886,57,1.304,1,2083,0,58.720,0.637,-34.375,-35.750,-31.438,-0.102,-0.063,1.043,0.141,-0.621,0.320,0.060,0.042,1.130,1.330,2,NULL,NULL,,3,0,2,7,255,1023,250,0,0
stim,21816,51938,0,51938,3249254.454,0.859,-0.020,-0.063,0.508,295,204,2911,1375,2935,2380,2653,2893,57,1.304,1,2083,0,58.094,0.553,-31.813,-38.000,-30.313,-0.070,-0.047,1.035,0.141,-0.535,0.348,0.060,0.042,1.130,1.330,2,NULL,NULL,,3,0,2,7,255,1023,250,0,0
stim,21816,51938,0,51938,3249259.455,0.859,-0.018,-0.062,0.509,177,169,2931,1144,2949,2364,2675,2903,57,1.304,1,2083,0,53.671,0.520,-26.313,-40.375,-23.625,-0.063,-0.008,1.043,0.348,-0.387,0.398,0.062,0.044,1.130,1.330,2,NULL,NULL,,3,0,2,7,255,1023,250,0,0
stim,21816,51938,0,51938,3249264.453,0.858,-0.016,-0.060,0.509,55,115,2939,882,2963,2331,2701,2907,57,1.304,1,2083,0,51.809,0.832,-22.813,-42.375,-19.188,-0.027,0.051,1.031,0.742,-0.375,0.348,0.064,0.044,1.130,1.330,2,NULL,NULL,,3,0,2,7,255,1023,250,0,0
stim,21816,51938,0,51938,3249269.455,0.858,-0.015,-0.059,0.510,23,71,2964,656,2987,2300,2734,2924,57,1.304,1,2083,0,50.036,1.421,-14.063,-42.938,-21.500,-0.012,0.102,0.969,1.383,-0.328,0.211,0.066,0.044,1.130,1.330,2,NULL,NULL,,3,0,2,7,255,1023,250,0,0
stim,21844,51965,0,51965,3249274.454,0.858,-0.014,-0.057,0.511,0,40,2971,487,3001,2281,2758,2927,57,1.304,1,2083,0,50.868,1.440,-3.438,-47.500,-17.875,-0.008,0.047,1.039,1.402,-0.328,0.211,0.068,0.046,1.130,1.330,2,NULL,NULL,,3,0,2,7,255,1023,250,0,0
stim,21844,51965,0,51965,3249279.455,0.858,-0.013,-0.054,0.511,0,0,2975,397,2967,2259,2775,2928,57,1.304,1,2083,0,57.044,1.413,20.688,-53.000,4.125,-0.145,-0.031,1.238,1.402,-0.172,0.270,0.066,0.050,1.130,1.330,2,NULL,NULL,,3,0,2,7,255,1023,250,0,0
stim,21844,51965,0,51965,3249284.453,0.859,-0.014,-0.051,0.510,0,0,2995,375,3023,2236,2804,2934,57,1.304,1,2083,0,82.092,0.376,44.875,-63.375,26.625,-0.344,-0.074,1.602,0.270,0.262,2.391,0.064,0.056,1.130,1.330,2,NULL,NULL,,3,0,2,7,255,1023,250,0,0
stim,21844,51965,0,51965,3249289.455,0.860,-0.013,-0.048,0.508,0,0,2997,345,3013,2201,2813,2941,57,1.304,1,2083,0,83.671,1.605,13.688,-72.750,39.000,-0.355,-0.031,1.758,-0.352,1.566,6.176,0.056,0.064,1.130,1.330,2,NULL,NULL,,3,0,2,7,255,1023,250,0,0
stim,21844,51965,0,51965,3249294.454,0.860,-0.009,-0.047,0.507,0,0,3005,319,3044,2157,2838,2941,57,1.304,1,2083,0,96.178,1.722,-61.063,-72.063,18.125,-0.238,-0.176,1.449,-0.715,1.566,6.176,0.052,0.072,1.130,1.330,2,NULL,NULL,,3,0,2,7,255,1023,250,0,0
stim,21844,51965,0,51965,3249299.455,0.861,-0.004,-0.046,0.506,0,0,3021,280,3038,2103,2855,2957,57,1.304,1,2083,0,109.169,1.293,-75.875,-76.125,19.125,-0.117,-0.188,1.043,-1.215,0.441,4.645,0.050,0.078,1.130,1.330,2,NULL,NULL,,3,0,2,7,255,1023,250,0,0
stim,21874,51995,0,51995,3249304.453,0.862,-0.001,-0.044,0.505,0,0,3027,231,3045,2035,2885,2964,57,1.304,1,2083,0,99.392,1.293,-37.063,-83.688,38.750,-0.148,-0.004,0.969,-1.215,0.441,0.590,0.050,0.084,1.130,1.330,2,NULL,NULL,,3,0,2,7,255,1023,250,0,0
stim,21874,51995,0,51995,3249309.455,0.863,0.001,-0.040,0.503,0,0,3027,173,3053,1939,2895,2955,57,1.304,1,2083,0,100.781,0.884,-0.875,-90.875,43.563,-0.258,0.191,1.133,0.129,0.875,0.590,0.050,0.092,1.130,1.330,2,NULL,NULL,,3,0,2,7,255,1023,250,0,0
stim,21874,51995,0,51995,3249314.453,0.864,0.002,-0.037,0.502,0,0,3021,104,3077,1827,2909,2955,57,1.304,1,2083,0,102.617,3.007,9.375,-97.313,31.188,-0.309,0.184,1.332,1.172,2.770,1.277,0.050,0.100,1.130,1.330,2,NULL,NULL,,3,0,2,7,255,1023,250,0,0
stim,21874,51995,0,51995,3249319.455,0.865,0.004,-0.033,0.501,0,0,3027,54,3081,1716,2927,2957,57,1.304,1,2083,0,105.825,3.007,-0.875,-103.250,23.188,-0.277,0.027,1.441,1.172,2.770,3.242,0.048,0.110,1.130,1.330,3,NULL,NULL,,3,0,2,7,255,1023,250,0,0
stim,21913,52034,0,52034,3249324.454,0.866,0.007,-0.029,0.500,0,0,3025,7,3089,1583,2935,2943,57,1.304,1,2083,0,113.446,2.266,-18.938,-108.563,26.938,-0.234,-0.125,1.426,0.043,2.266,4.305,0.046,0.122,1.130,1.330,3,NULL,NULL,,3,0,2,7,255,1023,250,0,0
stim,21913,52034,0,52034,3249329.455,0.867,0.011,-0.026,0.498,0,0,3022,0,3091,1417,2956,2940,57,1.304,1,2083,0,124.295,1.700,-34.563,-114.375,34.250,-0.223,-0.180,1.332,-1.121,1.277,4.305,0.042,0.134,1.130,1.330,3,NULL,NULL,,3,0,2,7,255,1023,250,0,0
stim,21913,52034,0,52034,3249334.453,0.868,0.015,-0.022,0.496,0,0,3020,0,3083,1233,2952,2933,57,1.304,1,2083,0,133.401,1.941,-39.750,-120.813,40.250,-0.230,-0.141,1.227,-1.461,1.277,3.422,0.042,0.148,1.130,1.330,3,NULL,NULL,,3,0,2,7,255,1023,250,0,0
stim,21913,52034,0,52034,3249339.455,0.869,0.018,-0.019,0.494,0,0,3028,0,3101,1053,2963,2921,57,1.304,1,2083,0,136.350,2.135,-29.000,-127.375,39.063,-0.297,-0.133,1.156,-1.613,1.398,2.336,0.044,0.160,1.130,1.330,3,NULL,NULL,,3,0,2,7,255,1023,250,0,0
stim,21913,52034,0,52034,3249344.454,0.870,0.022,-0.014,0.493,0,0,3015,0,3092,799,2979,2909,57,1.304,1,2083,0,140.397,2.765,-13.813,-135.438,34.313,-0.316,-0.156,1.184,-1.797,2.102,1.871,0.048,0.174,1.130,1.330,3,NULL,NULL,,3,0,2,7,255,1023,250,0,0
stim,21913,52034,0,52034,3249349.455,0.870,0.025,-0.009,0.492,0,0,2999,0,3096,623,2983,2904,57,1.304,1,2083,0,145.183,2.994,-7.938,-142.750,25.250,-0.289,-0.176,1.223,-2.133,2.102,1.871,0.056,0.188,1.130,1.330,3,NULL,NULL,,3,0,2,7,255,1023,250,0,0
stim,21913,52034,0,52034,3249354.453,0.871,0.028,-0.004,0.490,0,0,2993,0,3099,493,2995,2874,57,1.304,1,2083,0,151.305,2.981,-7.500,-149.688,20.750,-0.242,-0.180,1.250,-2.133,2.082,2.266,0.064,0.202,1.130,1.330,3,NULL,NULL,,3,0,2,7,255,1023,250,0,0
stim,21913,52034,0,52034,3249359.455,0.872,0.032,0.002,0.489,0,0,2965,0,3099,303,3013,2854,57,1.304,1,2083,0,161.202,2.880,-4.375,-159.250,24.625,-0.242,-0.172,1.246,-2.102,1.969,2.430,0.074,0.218,1.130,1.330,3,NULL,NULL,,3,0,2,7,255,1023,250,0,0
stim,21914,52035,0,52035,3249364.454,0.872,0.035,0.008,0.488,0,0,2952,0,3100,138,3007,2812,57,1.304,1,2083,0,168.932,2.846,0.688,-166.563,28.188,-0.246,-0.113,1.281,-2.055,1.969,2.480,0.086,0.232,1.130,1.330,3,NULL,NULL,,3,0,2,7,255,1023,250,0,0
stim,21914,52035,0,52035,3249369.455,0.873,0.038,0.014,0.486,0,0,2924,0,3101,45,3016,2783,57,1.304,1,2083,0,179.144,2.985,6.125,-177.250,25.250,-0.262,-0.031,1.359,-1.695,2.457,2.680,0.098,0.248,1.130,1.330,3,NULL,NULL,,3,0,2,7,255,1023,250,0,0
stim,21941,52062,0,52062,3249374.455,0.873,0.042,0.022,0.485,0,0,2893,0,3107,6,3029,2745,57,1.304,1,2083,0,186.196,3.434,15.563,-184.938,15.000,-0.301,0.043,1.391,-1.164,3.230,3.297,0.114,0.266,1.130,1.330,3,NULL,NULL,,3,0,2,7,255,1023,250,0,0
stim,21941,52062,0,52062,3249379.455,0.873,0.045,0.030,0.484,0,0,2851,0,3102,0,3028,2697,57,1.304,1,2083,0,197.959,4.224,23.750,-196.500,3.375,-0.301,0.102,1.527,-0.891,4.129,3.488,0.130,0.284,1.130,1.330,3,NULL,NULL,,3,0,2,7,255,1023,250,0,0
stim,21941,52062,0,52062,3249384.454,0.873,0.049,0.038,0.483,0,0,2803,0,3098,0,3022,2639,57,1.304,1,2083,0,207.151,4.833,10.375,-206.750,7.625,-0.238,0.164,1.797,-0.523,4.805,4.680,0.152,0.308,1.130,1.330,3,NULL,NULL,,3,0,2,7,255,1023,250,0,0
stim,21941,52062,0,52062,3249389.455,0.873,0.054,0.046,0.482,0,0,2751,0,3092,0,3035,2575,57,1.304,1,2083,0,219.216,5.200,-1.000,-218.750,14.250,-0.359,0.180,1.926,-0.504,5.176,7.230,0.178,0.336,1.130,1.330,3,NULL,NULL,,3,0,2,7,255,1023,250,0,0
stim,21970,52091,0,52091,3249394.453,0.873,0.060,0.054,0.480,0,0,2706,0,3081,0,3031,2490,57,1.304,1,2083,0,238.717,6.710,-23.000,-236.563,22.250,-0.410,0.250,2.129,-0.379,6.699,8.242,0.214,0.372,1.130,1.330,3,NULL,NULL,,3,0,2,7,255,1023,250,0,0
stim,21970,52091,0,52091,3249399.455,0.873,0.066,0.063,0.479,0,0,2612,0,3061,0,3028,2360,57,1.304,1,2083,0,257.155,8.176,-39.813,-253.438,17.688,-0.551,0.320,2.324,-0.504,8.160,9.926,0.256,0.416,1.130,1.330,3,NULL,NULL,,3,0,2,7,255,1023,250,0,0
stim,21970,52091,0,52091,3249404.453,0.873,0.074,0.072,0.477,0,0,2525,0,3043,0,3017,2215,57,1.304,1,2083,0,282.086,10.464,-49.625,-277.250,15.563,-0.582,0.520,2.414,-0.379,10.457,11.352,0.310,0.468,1.130,1.330,3,NULL,NULL,,3,0,2,7,255,1023,250,0,0
stim,21970,52091,0,52091,3249409.455,0.872,0.083,0.083,0.475,0,0,2404,0,3035,0,3007,2065,57,1.304,1,2083,0,308.458,12.404,-59.688,-302.375,12.375,-0.559,0.785,2.563,0.484,12.395,11.723,0.372,0.528,1.130,1.330,3,NULL,NULL,,3,0,2,7,255,1023,250,0,0
stim,21970,52091,0,52091,3249414.454,0.871,0.093,0.093,0.474,0,0,2278,0,2991,0,2983,1878,57,1.304,1,2083,0,338.142,14.685,-83.813,-327.188,16.250,-0.488,1.035,2.688,2.512,14.469,12.613,0.444,0.600,1.130,1.330,3,NULL,NULL,,3,0,2,7,255,1023,250,0,0
stim,21970,52091,0,52091,3249419.455,0.870,0.105,0.104,0.471,0,0,2167,0,2963,17,2969,1719,57,1.304,1,2083,0,369.021,16.715,-118.875,-348.813,19.375,-0.590,1.098,2.773,4.387,16.129,13.277,0.522,0.678,1.130,1.330,3,NULL,NULL,,3,0,2,7,255,1023,250,0,0
stim,22010,52131,0,52131,3249424.454,0.868,0.118,0.115,0.469,0,0,2069,0,2925,19,2920,1557,57,1.304,1,2083,0,406.490,18.827,-158.313,-373.688,23.000,-0.719,1.242,2.824,4.656,18.242,13.277,0.608,0.764,1.130,1.330,3,NULL,NULL,,3,0,2,7,255,1023,250,0,0
stim,22010,52131,0,52131,3249429.455,0.865,0.134,0.125,0.467,0,0,1971,0,2872,16,2863,1403,57,1.304,1,2083,0,437.012,21.426,-190.875,-393.063,6.938,-0.879,1.324,2.797,4.512,20.945,12.555,0.700,0.856,1.130,1.330,3,NULL,NULL,,3,0,2,7,255,1023,250,0,0
stim,22010,52131,0,52131,3249434.454,0.861,0.150,0.137,0.466,0,0,1853,0,2807,5,2789,1255,57,1.304,1,2083,0,459.504,23.745,-194.875,-415.875,-14.688,-1.133,1.238,3.000,4.512,23.313,10.973,0.798,0.954,1.130,1.330,3,NULL,NULL,,3,0,2,7,255,1023,250,0,0
stim,22010,52131,0,52131,3249439.455,0.857,0.167,0.149,0.465,0,0,1719,0,2731,0,2675,1123,57,1.304,1,2083,0,493.496,26.462,-220.125,-440.188,-36.313,-1.273,1.168,3.223,2.238,26.367,10.973,0.898,1.056,1.130,1.330,3,NULL,NULL,,3,0,2,7,255,1023,250,0,0
stim,22010,52131,0,52131,3249444.453,0.850,0.185,0.162,0.466,0,0,1563,0,2624,0,2533,950,57,1.304,1,2083,0,531.508,28.132,-258.938,-457.375,-79.125,-1.141,1.004,3.234,0.777,28.121,11.027,1.004,1.166,1.130,1.330,3,NULL,NULL,,3,0,2,7,255,1023,250,0,0
stim,22010,52131,0,52131,3249449.455,0.843,0.204,0.174,0.467,0,0,1321,0,2469,0,2332,829,57,1.304,1,2083,0,550.305,28.122,-265.750,-470.375,-104.688,-0.773,0.477,3.227,0.152,28.121,11.332,1.114,1.276,1.130,1.330,3,NULL,NULL,,3,0,2,7,255,1023,250,0,0
stim,22038,52159,0,52159,3249454.454,0.835,0.223,0.188,0.466,0,0,1054,0,2269,0,2083,745,57,1.304,1,2083,0,558.935,24.124,-262.688,-487.625,-75.000,-0.590,0.074,3.191,-2.289,24.016,12.453,1.220,1.388,1.130,1.330,3,NULL,NULL,,3,0,2,7,255,1023,250,0,0
stim,22038,52159,0,52159,3249459.455,0.828,0.244,0.200,0.464,0,0,748,0,1957,0,1699,653,57,1.304,1,2083,0,586.662,22.372,-294.750,-506.563,-26.250,-0.551,-0.109,2.809,-4.746,21.863,12.453,1.322,1.492,1.130,1.330,3,NULL,NULL,,3,0,2,7,255,1023,250,0,0
stim,22038,52159,0,52159,3249464.453,0.820,0.265,0.213,0.460,0,0,485,0,1707,0,1214,532,57,1.304,1,2083,0,602.876,20.559,-295.625,-525.375,6.813,-0.559,-0.379,2.230,-5.805,19.723,9.313,1.414,1.588,1.130,1.330,3,NULL,NULL,,3,0,2,7,255,1023,250,0,0
stim,22038,52159,0,52159,3249469.455,0.812,0.285,0.227,0.455,0,0,255,0,1371,0,607,424,57,1.304,1,2083,0,584.293,17.292,-240.500,-532.500,1.250,-0.309,-0.422,1.703,-6.520,16.016,4.570,1.496,1.674,1.130,1.330,3,NULL,NULL,,3,0,2,7,255,1023,250,0,0
stim,22038,52159,0,52159,3249474.454,0.805,0.300,0.243,0.450,0,0,117,0,1012,0,165,346,57,1.304,1,2083,0,547.660,14.575,-116.000,-535.000,-15.813,-0.262,-0.305,1.824,-6.520,13.035,1.758,1.574,1.756,1.130,1.330,3,NULL,NULL,,3,0,2,7,255,1023,250,0,0
stim,22038,52159,0,52159,3249479.455,0.800,0.312,0.261,0.441,0,0,82,0,543,0,0,294,57,1.304,1,2083,0,539.294,14.192,-39.813,-536.500,37.688,-0.578,0.133,2.477,-5.613,13.035,1.758,1.658,1.842,1.130,1.330,3,NULL,NULL,,3,0,2,7,255,1023,250,0,0
stim,22038,52159,0,52159,3249484.453,0.795,0.326,0.276,0.430,0,0,37,0,121,0,0,229,57,1.304,1,2083,0,559.641,22.187,-77.563,-541.750,117.000,-1.246,0.516,2.906,-5.273,21.551,1.758,1.750,1.938,1.130,1.330,3,NULL,NULL,,3,0,2,7,255,1023,250,0,0
stim,22038,52159,0,52159,3249489.455,0.789,0.345,0.288,0.419,0,0,25,0,0,0,0,139,57,1.304,1,2083,0,584.133,30.311,-185.750,-532.313,152.813,-1.645,1.195,2.746,-4.414,29.988,-2.285,1.848,2.036,1.130,1.330,4,NULL,NULL,,3,0,2,7,255,1023,250,0,0
stim,22061,52182,0,52182,3249494.454,0.780,0.365,0.298,0.412,0,0,21,0,0,0,0,83,57,1.304,1,2083,0,579.649,30.027,-304.000,-487.688,75.750,-1.246,1.715,2.063,-1.527,29.988,-9.750,1.944,2.136,1.130,1.330,0,NULL,NULL,,3,0,2,7,255,1023,250,0,0
stim,22061,52182,0,52182,3249499.455,0.768,0.387,0.303,0.410,0,0,16,0,0,0,0,23,57,1.304,1,2083,0,595.967,28.633,-437.625,-404.125,18.563,-0.828,1.813,1.145,5.781,28.043,-13.832,2.036,2.230,1.130,1.330,0,NULL,NULL,,3,0,2,7,255,1023,250,0,0
stim,22061,52182,0,52182,3249504.453,0.756,0.413,0.301,0.408,0,0,22,0,0,0,0,30,57,1.304,1,2083,0,658.991,21.260,-576.438,-298.625,113.188,-1.094,1.895,-0.016,10.094,18.711,-16.949,2.118,2.312,1.130,1.330,0,NULL,NULL,,3,0,2,7,255,1023,250,0,0
stim,22061,52182,0,52182,3249509.455,0.746,0.435,0.296,0.408,0,0,20,0,0,0,0,35,57,1.304,1,2083,0,559.420,13.830,-514.813,-199.688,89.688,-1.063,1.723,-1.316,10.242,9.293,-25.691,2.186,2.380,1.130,1.330,0,NULL,NULL,,3,0,2,7,255,1023,250,0,0
stim,22093,52214,0,52214,3249514.454,0.740,0.443,0.297,0.410,0,0,10,0,0,0,0,39,57,1.304,1,2083,0,233.209,10.862,-204.313,-105.438,-39.063,-1.164,-0.504,-1.273,10.242,-3.617,-25.691,2.248,2.444,1.130,1.330,0,NULL,NULL,,3,0,2,7,255,1023,250,0,0
stim,22093,52214,0,52214,3249519.455,0.739,0.440,0.302,0.412,0,0,4,0,0,0,0,46,57,1.304,1,2083,0,141.149,10.034,65.875,-46.750,-115.750,-1.195,-1.828,0.426,-9.359,-3.617,-22.086,2.312,2.510,1.130,1.330,0,NULL,NULL,,3,0,2,7,255,1023,250,0,0
stim,22121,52242,0,52242,3249524.454,0.736,0.438,0.304,0.417,0,0,2,0,0,0,0,47,57,1.304,1,2083,0,146.656,15.033,3.125,28.250,-143.875,-1.000,-1.063,1.465,-14.652,3.363,-10.063,2.384,2.584,1.130,1.330,0,NULL,NULL,,3,0,2,7,255,1023,250,0,0
stim,22121,52242,0,52242,3249529.455,0.732,0.439,0.300,0.425,0,0,1,0,0,0,0,28,57,1.304,1,2083,0,229.370,18.280,-151.500,108.563,-133.688,-0.676,0.602,0.820,-14.652,10.930,-10.063,2.454,2.656,1.130,1.330,0,NULL,NULL,,3,0,2,7,255,1023,250,0,0
stim,22121,52242,0,52242,3249534.453,0.730,0.440,0.294,0.433,0,0,6,0,0,0,0,11,57,1.304,1,2083,0,240.209,11.079,-157.000,164.188,-78.063,-0.508,1.617,-0.199,1.813,10.930,-14.172,2.514,2.720,1.130,1.330,0,NULL,NULL,,3,0,2,7,255,1023,250,0,0
stim,22121,52242,0,52242,3249539.455,0.731,0.437,0.288,0.438,0,0,4,0,0,0,0,6,57,1.304,1,2083,0,190.378,10.443,-26.813,186.500,-27.250,-0.730,1.504,-0.316,9.887,3.363,-21.066,2.564,2.772,1.130,1.330,0,NULL,NULL,,3,0,2,7,255,1023,250,0,0
stim,22121,52242,0,52242,3249544.454,0.734,0.431,0.284,0.442,0,0,4,0,0,0,0,3,57,1.304,1,2083,0,210.610,10.443,67.438,197.375,-29.188,-1.035,0.762,0.371,9.887,3.363,-21.066,2.610,2.818,1.130,1.330,0,NULL,NULL,,3,0,2,7,255,1023,250,0,0
stim,22121,52242,0,52242,3249549.455,0.736,0.424,0.279,0.447,0,0,1,0,0,0,0,2,57,1.304,1,2083,0,220.149,9.071,44.875,207.750,-57.375,-1.004,0.238,0.816,2.000,8.848,-19.207,2.654,2.864,1.130,1.330,0,NULL,NULL,,3,0,2,7,255,1023,250,0,0
stim,22121,52242,0,52242,3249554.453,0.737,0.420,0.273,0.454,0,0,0,0,0,0,0,22,57,1.304,1,2083,0,223.977,9.429,-19.813,214.438,-61.563,-0.707,0.285,0.684,-0.598,9.410,-14.715,2.692,2.904,1.130,1.330,0,NULL,NULL,,3,0,2,7,255,1023,250,0,0
stim,22121,52242,0,52242,3249559.455,0.738,0.417,0.266,0.459,0,0,0,0,0,0,0,21,57,1.304,1,2083,0,227.293,9.429,-53.938,218.938,-28.625,-0.410,0.535,0.234,-0.598,9.410,-13.816,2.722,2.936,1.130,1.330,0,NULL,NULL,,3,0,2,7,255,1023,250,0,0
stim,22121,52242,0,52242,3249564.454,0.740,0.413,0.258,0.463,0,0,0,0,0,0,0,21,57,1.304,1,2083,0,213.592,5.409,-16.938,212.125,18.375,-0.461,0.520,-0.250,2.438,4.828,-13.816,2.744,2.960,1.130,1.330,0,NULL,NULL,,3,0,2,7,255,1023,250,0,0
stim,22121,52242,0,52242,3249569.455,0.744,0.408,0.252,0.466,0,0,0,0,0,0,0,21,57,1.304,1,2083,0,214.781,3.722,50.188,208.188,16.438,-0.711,0.578,-0.203,2.438,2.813,-16.508,2.758,2.976,1.130,1.330,0,NULL,NULL,,3,0,2,7,255,1023,250,0,0
stim,22144,52265,0,52265,3249574.454,0.747,0.401,0.247,0.469,0,0,0,0,0,0,0,23,57,1.304,1,2083,0,228.099,3.513,79.438,213.750,-5.438,-0.500,0.488,0.070,2.105,2.813,-16.508,2.770,2.990,1.130,1.330,0,NULL,NULL,,3,0,2,7,255,1023,250,0,0
stim,22144,52265,0,52265,3249579.455,0.751,0.394,0.241,0.472,0,0,0,0,0,0,0,21,57,1.304,1,2083,0,233.086,4.192,73.313,220.938,11.875,-0.230,0.395,0.207,2.105,3.625,-14.930,2.782,3.004,1.130,1.330,0,NULL,NULL,,3,0,2,7,255,1023,250,0,0
stim,22144,52265,0,52265,3249584.454,0.755,0.387,0.234,0.474,0,0,0,0,0,0,0,21,57,1.304,1,2083,0,243.985,4.252,69.125,228.250,51.500,-0.199,0.352,0.184,2.223,3.625,-11.801,2.796,3.020,1.130,1.330,0,NULL,NULL,,3,0,2,7,255,1023,250,0,0
stim,22144,52265,0,52265,3249589.455,0.761,0.380,0.227,0.475,0,0,0,0,0,0,0,23,57,1.304,1,2083,0,260.340,4.252,80.563,235.688,75.750,-0.320,0.352,0.176,2.223,3.625,-11.801,2.812,3.038,1.130,1.330,0,NULL,NULL,,3,0,2,7,255,1023,250,0,0
stim,22144,52265,0,52265,3249594.453,0.766,0.373,0.220,0.476,0,0,0,0,0,0,0,18,57,1.304,1,2083,0,273.816,4.195,96.063,244.813,76.250,-0.379,0.359,0.258,1.680,3.844,-12.176,2.832,3.060,1.130,1.330,0,NULL,NULL,,3,0,2,7,255,1023,250,0,0
stim,22144,52265,0,52265,3249599.455,0.771,0.364,0.212,0.477,0,0,0,0,0,0,0,3,57,1.304,1,2083,0,285.287,5.167,104.063,255.188,73.750,-0.313,0.348,0.379,1.680,4.887,-12.176,2.856,3.086,1.130,1.330,0,NULL,NULL,,3,0,2,7,255,1023,250,0,0
stim,22174,52295,0,52295,3249604.454,0.777,0.356,0.204,0.477,0,0,0,0,0,0,0,7,57,1.304,1,2083,0,297.698,5.736,104.563,266.125,82.875,-0.242,0.355,0.496,1.730,5.469,-10.816,2.884,3.116,1.130,1.330,0,NULL,NULL,,3,0,2,7,255,1023,250,0,0
stim,22174,52295,0,52295,3249609.455,0.783,0.347,0.195,0.478,0,0,0,0,0,0,0,3,57,1.304,1,2083,0,310.679,6.307,101.688,277.813,94.875,-0.246,0.340,0.578,2.027,5.973,-9.527,2.916,3.148,1.130,1.330,0,NULL,NULL,,3,0,2,7,255,1023,250,0,0
stim,22174,52295,0,52295,3249614.453,0.789,0.339,0.186,0.478,0,0,0,0,0,0,0,7,57,1.304,1,2083,0,322.533,6.835,98.438,290.688,99.188,-0.285,0.285,0.621,2.027,6.527,-8.824,2.952,3.186,1.130,1.330,0,NULL,NULL,,3,0,2,7,255,1023,250,0,0
stim,22174,52295,0,52295,3249619.455,0.794,0.330,0.176,0.479,0,0,0,0,0,0,0,1,57,1.304,1,2083,0,333.562,7.025,96.625,304.188,96.938,-0.316,0.227,0.641,1.387,6.887,-8.402,2.990,3.226,1.130,1.330,0,NULL,NULL,,3,0,2,7,255,1023,250,0,0
stim,22211,52332,0,52332,3249624.454,0.800,0.320,0.166,0.480,0,0,0,0,0,0,0,2,57,1.304,1,2083,0,344.548,7.067,97.375,317.000,93.500,-0.352,0.195,0.672,0.746,7.027,-8.039,3.030,3.268,1.130,1.330,0,NULL,NULL,,3,0,2,7,255,1023,250,0,0
stim,22211,52332,0,52332,3249629.455,0.805,0.310,0.155,0.481,0,0,0,0,0,0,0,4,57,1.304,1,2083,0,354.716,7.302,98.750,328.813,89.188,-0.391,0.176,0.727,0.367,7.293,-7.684,3.070,3.310,1.130,1.330,0,NULL,NULL,,3,0,2,7,255,1023,250,0,0
stim,22211,52332,0,52332,3249634.453,0.810,0.300,0.144,0.482,0,0,0,0,0,0,0,4,57,1.304,1,2083,0,363.174,7.774,99.250,339.438,82.625,-0.430,0.156,0.777,0.082,7.773,-7.227,3.110,3.352,1.130,1.330,0,NULL,NULL,,3,0,2,7,255,1023,250,0,0
stim,22211,52332,0,52332,3249639.455,0.815,0.290,0.133,0.484,0,0,0,0,0,0,0,1,57,1.304,1,2083,0,370.097,8.230,98.750,348.813,74.500,-0.469,0.125,0.809,-0.230,8.227,-6.742,3.150,3.394,1.130,1.330,0,NULL,NULL,,3,0,2,7,255,1023,250,0,0
stim,22211,52332,0,52332,3249644.453,0.819,0.279,0.122,0.486,0,0,0,0,0,0,0,1,57,1.304,1,2083,0,375.522,8.486,98.750,356.313,65.625,-0.500,0.094,0.816,-0.594,8.465,-6.301,3.190,3.436,1.130,1.330,0,NULL,NULL,,3,0,2,7,255,1023,250,0,0
stim,22211,52332,0,52332,3249649.455,0.823,0.268,0.110,0.488,0,0,0,0,0,0,0,0,57,1.304,1,2083,0,379.935,8.540,101.813,361.750,55.875,-0.523,0.074,0.813,-0.938,8.488,-6.004,3.228,3.474,1.130,1.330,0,NULL,NULL,,3,0,2,7,255,1023,250,0,0
stim,22211,52332,0,52332,3249654.454,0.827,0.256,0.099,0.491,0,0,0,0,0,0,0,2,57,1.304,1,2083,0,383.520,8.569,108.063,365.250,44.750,-0.535,0.063,0.816,-1.176,8.488,-5.801,3.262,3.510,1.130,1.330,0,NULL,NULL,,3,0,2,7,255,1023,250,0,0
stim,22211,52332,0,52332,3249659.455,0.830,0.244,0.088,0.493,0,0,0,0,0,0,0,0,57,1.304,1,2083,0,385.807,8.494,115.750,366.500,33.563,-0.531,0.055,0.828,-1.242,8.402,-5.504,3.294,3.544,1.130,1.330,0,NULL,NULL,,3,0,2,7,255,1023,250,0,0
stim,22211,52332,1,52332,3249664.453,0.833,0.232,0.077,0.496,0,0,0,0,0,0,0,7,57,1.304,1,2083,0,387.726,8.370,125.313,366.188,23.125,-0.512,0.055,0.848,-1.242,8.277,-5.090,3.320,3.570,1.130,1.330,0,NULL,NULL,,3,1,2,7,255,1023,250,0,0
stim,22211,52332,1,52332,3249669.455,0.836,0.219,0.067,0.499,0,0,0,0,0,0,0,3,57,1.304,1,2083,0,389.596,8.140,136.500,364.625,14.188,-0.473,0.043,0.875,-1.063,8.070,-4.539,3.340,3.594,1.130,1.330,0,NULL,NULL,,3,1,2,7,255,1023,250,0,0
stim,22241,52362,1,52362,3249674.454,0.838,0.205,0.057,0.503,0,0,0,0,0,0,0,0,57,1.304,1,2083,0,391.683,7.697,150.750,361.438,7.250,-0.441,0.016,0.934,-0.863,7.648,-3.867,3.360,3.614,1.130,1.330,0,NULL,NULL,,3,1,2,7,255,1023,250,0,0
stim,22241,52362,1,52362,3249679.455,0.840,0.191,0.048,0.506,0,0,0,0,0,0,0,2,57,1.304,1,2083,0,394.033,7.371,164.750,357.938,0.688,-0.406,0.027,1.023,-0.828,7.324,-2.938,3.378,3.634,1.130,1.330,0,NULL,NULL,,3,1,2,7,255,1023,250,0,0
stim,22241,52362,1,52362,3249684.453,0.842,0.177,0.039,0.509,0,0,0,0,0,0,0,0,57,1.304,1,2083,0,396.510,7.200,175.938,355.313,-4.375,-0.367,0.070,1.105,-0.359,7.191,-1.816,3.394,3.650,1.130,1.330,0,NULL,NULL,,3,1,2,7,255,1023,250,0,0
stim,22241,52362,1,52362,3249689.455,0.843,0.162,0.030,0.512,0,0,0,0,0,0,0,5,57,1.304,1,2083,0,399.578,7.040,186.500,353.313,-7.125,-0.324,0.090,1.168,0.344,7.031,-0.871,3.408,3.666,1.130,1.330,0,NULL,NULL,,3,1,2,7,255,1023,250,0,0
stim,22270,52391,1,52391,3249694.454,0.844,0.147,0.022,0.515,0,0,0,0,0,0,0,6,57,1.304,1,2083,0,404.031,6.678,200.250,350.813,-8.438,-0.281,0.066,1.266,0.805,6.629,-0.008,3.424,3.682,1.130,1.330,0,NULL,NULL,,3,1,2,7,255,1023,250,0,0
stim,22270,52391,1,52391,3249699.455,0.846,0.131,0.014,0.517,0,0,0,0,0,0,0,5,57,1.304,1,2083,0,407.783,6.174,211.188,348.750,-7.750,-0.246,0.098,1.398,0.945,6.102,1.266,3.438,3.698,1.130,1.330,0,NULL,NULL,,3,1,2,7,255,1023,250,0,0
stim,22270,52391,1,52391,3249704.453,0.847,0.115,0.006,0.520,0,0,0,0,0,0,0,12,57,1.304,1,2083,0,410.176,6.077,219.875,346.188,-7.313,-0.219,0.148,1.551,1.555,5.875,2.703,3.454,3.714,1.130,1.330,0,NULL,NULL,,3,1,2,7,255,1023,250,0,0
stim,22270,52391,1,52391,3249709.455,0.847,0.099,-0.001,0.522,0,0,0,0,0,0,0,20,57,1.304,1,2083,0,410.480,6.143,224.750,343.438,-5.625,-0.215,0.164,1.703,2.273,5.707,4.277,3.468,3.730,1.130,1.330,0,NULL,NULL,,3,1,2,7,255,1023,250,0,0
stim,22270,52391,1,52391,3249714.454,0.848,0.083,-0.009,0.524,0,0,0,0,0,0,0,25,57,1.304,1,2083,0,409.283,6.084,226.813,340.688,0.750,-0.234,0.164,1.844,2.602,5.500,5.914,3.482,3.746,1.130,1.330,0,NULL,NULL,,3,1,2,7,255,1023,250,0,0
stim,22270,52391,1,52391,3249719.455,0.848,0.067,-0.016,0.525,0,0,0,0,0,0,0,27,57,1.304,1,2083,0,408.484,5.910,228.813,338.375,-2.500,-0.227,0.195,1.996,2.637,5.289,7.480,3.496,3.760,1.130,1.330,0,NULL,NULL,,3,1,2,7,255,1023,250,0,0
stim,22310,52431,1,52431,3249724.454,0.848,0.051,-0.023,0.527,0,0,0,0,0,0,0,24,57,1.304,1,2083,0,404.995,5.690,227.250,335.188,-5.250,-0.223,0.164,2.137,2.895,4.898,9.066,3.506,3.772,1.130,1.330,0,NULL,NULL,,3,1,2,7,255,1023,250,0,0
stim,22310,52431,1,52431,3249729.455,0.848,0.035,-0.030,0.528,0,0,0,0,0,0,0,25,57,1.304,1,2083,0,399.605,5.175,220.688,333.125,-3.000,-0.168,0.195,2.258,3.063,4.172,10.660,3.514,3.780,1.130,1.330,0,NULL,NULL,,3,1,2,7,255,1023,250,0,0
stim,22310,52431,1,52431,3249734.453,0.847,0.019,-0.037,0.530,0,0,0,0,0,0,0,23,57,1.304,1,2083,0,395.278,4.283,214.688,331.750,-9.813,-0.145,0.055,2.340,2.895,3.156,11.941,3.518,3.786,1.130,1.330,0,NULL,NULL,,3,1,2,7,255,1023,250,0,0
stim,22310,52431,1,52431,3249739.455,0.846,0.004,-0.045,0.531,0,0,0,0,0,0,0,23,57,1.304,1,2083,0,390.627,2.796,205.750,332.000,-5.688,-0.055,-0.008,2.340,2.324,1.555,12.977,3.520,3.788,1.130,1.330,0,NULL,NULL,,3,1,2,7,255,1023,250,0,0
stim,22310,52431,1,52431,3249744.454,0.845,-0.012,-0.052,0.532,0,0,0,0,0,0,0,23,57,1.304,1,2083,0,391.724,2.099,205.313,333.500,-8.500,-0.008,-0.129,2.301,2.082,-0.270,12.977,3.516,3.786,1.130,1.330,0,NULL,NULL,,3,1,2,7,255,1023,250,0,0
stim,22310,52431,1,52431,3249749.455,0.844,-0.027,-0.059,0.533,0,0,0,0,0,0,0,22,57,1.304,1,2083,0,396.945,2.246,213.500,334.500,-9.625,0.094,-0.164,2.250,1.102,-1.957,12.668,3.510,3.782,1.130,1.330,0,NULL,NULL,,3,1,2,7,255,1023,250,0,0
stim,22336,52457,1,52457,3249754.453,0.842,-0.043,-0.066,0.534,0,0,0,0,0,0,0,29,57,1.304,1,2083,0,409.918,3.832,234.563,335.875,-14.188,0.227,-0.270,2.281,1.070,-3.680,12.008,3.498,3.772,1.130,1.330,0,NULL,NULL,,3,1,2,7,255,1023,250,0,0
stim,22336,52457,1,52457,3249759.455,0.839,-0.060,-0.072,0.535,0,0,0,0,0,0,0,39,57,1.304,1,2083,0,424.940,6.134,262.188,333.938,-17.813,0.445,-0.352,2.430,0.664,-6.098,12.008,3.478,3.756,1.130,1.330,0,NULL,NULL,,3,1,2,7,255,1023,250,0,0
stim,22336,52457,1,52457,3249764.454,0.837,-0.078,-0.078,0.536,0,0,0,0,0,0,0,40,57,1.304,1,2083,0,437.554,9.398,283.125,333.000,-20.125,0.707,-0.359,2.605,0.664,-9.375,12.781,3.450,3.728,1.130,1.330,0,NULL,NULL,,3,1,2,7,255,1023,250,0,0
stim,22336,52457,1,52457,3249769.455,0.834,-0.097,-0.083,0.537,0,0,0,0,0,0,0,39,57,1.304,1,2083,0,446.666,12.940,298.438,331.625,-21.688,0.969,-0.375,2.777,1.480,-12.855,13.570,3.410,3.692,1.130,1.330,0,NULL,NULL,,3,1,2,7,255,1023,250,0,0
stim,22336,52457,1,52457,3249774.454,0.830,-0.116,-0.088,0.538,0,0,0,0,0,0,0,42,57,1.304,1,2083,0,447.052,16.587,307.375,324.250,-15.438,1.172,-0.426,2.930,2.160,-16.445,14.094,3.358,3.642,1.130,1.330,0,NULL,NULL,,3,1,2,7,255,1023,250,0,0
stim,22336,52457,1,52457,3249779.455,0.827,-0.134,-0.092,0.538,0,0,0,0,0,0,0,35,57,1.304,1,2083,0,440.939,19.790,308.750,314.750,-5.750,1.305,-0.496,3.031,2.160,-19.672,14.184,3.292,3.578,1.130,1.330,0,NULL,NULL,,3,1,2,7,255,1023,250,0,0
stim,22354,52475,1,52475,3249784.454,0.824,-0.152,-0.096,0.538,0,0,0,0,0,0,0,29,57,1.304,1,2083,0,433.509,22.322,307.688,305.375,-2.063,1.387,-0.523,3.102,1.738,-22.254,14.184,3.212,3.500,1.130,1.330,0,NULL,NULL,,3,1,2,7,255,1023,250,0,0
stim,22354,52475,1,52475,3249789.455,0.820,-0.170,-0.100,0.537,0,0,0,0,0,0,0,31,57,1.304,1,2083,0,422.326,24.153,301.250,295.875,-8.125,1.445,-0.527,3.137,1.383,-24.113,13.773,3.120,3.408,1.130,1.330,0,NULL,NULL,,3,1,2,7,255,1023,250,0,0
stim,22354,52475,1,52475,3249794.453,0.816,-0.187,-0.103,0.538,0,0,0,0,0,0,0,33,57,1.304,1,2083,0,407.843,25.592,290.500,285.500,-20.875,1.492,-0.430,3.238,1.383,-25.555,13.113,3.014,3.304,1.130,1.330,0,NULL,NULL,,3,1,2,7,255,1023,250,0,0
stim,22354,52475,1,52475,3249799.455,0.811,-0.203,-0.107,0.538,0,0,0,0,0,0,0,43,57,1.304,1,2083,0,392.265,26.806,276.000,275.063,-45.125,1.727,-0.145,3.422,1.785,-26.746,13.113,2.896,3.186,1.130,1.330,0,NULL,NULL,,3,1,2,7,255,1023,250,0,0
stim,22354,52475,1,52475,3249804.453,0.805,-0.217,-0.111,0.540,0,0,0,0,0,0,0,51,57,1.304,1,2083,0,367.351,29.548,241.688,266.688,-73.563,2.176,0.008,3.520,4.793,-29.156,13.113,2.768,3.060,1.130,1.330,0,NULL,NULL,,3,1,2,7,255,1023,250,0,0
stim,22354,52475,1,52475,3249809.455,0.800,-0.229,-0.117,0.542,0,0,0,0,0,0,0,51,57,1.304,1,2083,0,325.387,34.272,181.375,257.000,-83.250,2.691,-0.113,3.418,7.414,-33.461,11.984,2.630,2.922,1.130,1.330,0,NULL,NULL,,3,1,2,7,255,1023,250,0,0
stim,22387,52508,1,52508,3249814.454,0.796,-0.238,-0.123,0.542,0,0,0,0,0,0,0,73,57,1.304,1,2083,0,276.239,38.873,108.875,244.375,-68.813,3.141,-0.320,2.992,7.762,-38.090,7.754,2.486,2.776,1.130,1.330,0,NULL,NULL,,3,1,2,7,255,1023,250,0,0
stim,22387,52508,1,52508,3249819.455,0.793,-0.245,-0.130,0.542,0,0,0,0,0,0,0,119,57,1.304,1,2083,0,241.088,41.403,56.563,229.750,-46.250,3.504,-0.430,2.359,7.969,-40.629,0.801,2.334,2.624,1.130,1.330,0,NULL,NULL,,3,1,2,7,255,1023,250,0,0
stim,22417,52538,1,52538,3249824.454,0.790,-0.252,-0.137,0.541,0,0,0,0,0,0,0,165,57,1.304,1,2083,0,234.370,41.471,51.125,226.750,-30.000,3.699,-0.203,1.727,8.316,-40.629,-7.281,2.178,2.468,1.130,1.330,0,NULL,NULL,,3,1,2,7,255,1023,250,0,0
stim,22417,52538,1,52538,3249829.455,0.788,-0.257,-0.143,0.541,0,0,0,0,0,0,0,180,57,1.304,1,2083,0,186.164,41.586,40.875,177.063,-40.438,4.402,-0.961,1.305,8.316,-40.746,-13.801,2.018,2.306,1.130,1.330,0,NULL,NULL,,3,1,2,7,255,1023,250,0,0
stim,22417,52538,1,52538,3249834.454,0.786,-0.263,-0.148,0.540,0,0,0,0,0,0,0,211,57,1.304,1,2083,0,174.362,43.378,48.063,167.500,6.000,4.648,-1.461,0.609,6.980,-42.813,-23.066,1.854,2.142,1.130,1.330,0,NULL,NULL,,3,1,2,7,255,1023,250,0,0
stim,22417,52538,1,52538,3249839.455,0.785,-0.270,-0.149,0.537,0,0,0,0,0,0,0,213,57,1.304,1,2083,0,178.363,42.960,111.750,125.250,60.313,4.766,-2.047,0.156,3.559,-42.813,-31.699,1.688,1.974,1.130,1.330,0,NULL,NULL,,3,1,2,7,255,1023,250,0,0
stim,22417,52538,1,52538,3249844.453,0.785,-0.281,-0.145,0.533,0,0,0,0,0,0,0,203,57,1.304,1,2083,0,271.454,42.523,224.875,94.250,119.313,4.555,-2.465,0.105,-0.961,-42.512,-37.859,1.520,1.802,1.130,1.330,0,NULL,NULL,,3,1,2,7,255,1023,250,0,0
stim,22417,52538,1,52538,3249849.455,0.783,-0.295,-0.138,0.530,0,0,0,0,0,0,0,175,57,1.304,1,2083,0,372.673,41.731,343.500,54.500,133.875,3.969,-2.477,0.723,-4.977,-41.434,-37.859,1.348,1.626,1.130,1.330,0,NULL,NULL,,3,1,2,7,255,1023,250,0,0
stim,22417,52538,1,52538,3249854.454,0.780,-0.310,-0.127,0.528,0,0,0,0,0,0,0,167,57,1.304,1,2083,0,438.572,41.850,418.000,13.438,132.063,3.602,-2.082,1.832,-5.887,-41.434,-31.809,1.178,1.450,1.130,1.330,0,NULL,NULL,,3,1,2,7,255,1023,250,0,0
stim,22417,52538,1,52538,3249859.455,0.778,-0.323,-0.116,0.527,0,0,0,0,0,0,0,159,57,1.304,1,2083,0,405.063,43.254,389.313,-32.188,107.125,2.809,-1.070,3.273,-5.887,-42.852,-20.945,1.006,1.272,1.130,1.330,0,NULL,NULL,,3,1,2,7,255,1023,250,0,0
stim,22417,52538,1,52538,3249864.453,0.776,-0.330,-0.107,0.527,0,0,0,0,0,0,0,171,57,1.304,1,2083,0,257.596,43.122,242.250,-74.375,46.250,2.672,-0.816,4.199,-2.551,-43.047,-3.047,0.830,1.088,1.130,1.330,0,NULL,NULL,,3,1,2,7,255,1023,250,0,0
stim,22417,52538,1,52538,3249869.455,0.776,-0.332,-0.099,0.527,23,0,0,384,0,9,0,346,57,1.304,1,2083,0,193.985,43.450,130.625,-121.188,76.688,1.914,-1.324,4.332,-2.551,-43.375,5.434,0.644,0.888,1.130,1.330,0,NULL,NULL,,3,1,2,7,255,1023,250,0,0
stim,22443,52564,1,52564,3249874.454,0.781,-0.344,-0.070,0.517,788,0,0,1179,0,159,0,471,57,1.304,1,2083,0,753.077,46.999,500.313,-317.063,465.063,-0.387,0.094,8.254,-10.828,-45.734,8.492,0.470,0.676,1.130,1.330,0,NULL,NULL,,3,1,2,7,255,1023,250,0,0
stim,22443,52564,1,52564,3249879.455,0.796,-0.332,-0.065,0.502,1379,0,0,1672,0,490,0,525,57,1.304,1,2083,0,566.179,44.706,-293.188,-147.813,461.250,-0.430,1.961,7.723,-10.828,-43.375,54.449,0.370,0.494,1.130,1.330,0,NULL,NULL,,3,1,2,7,255,1023,250,0,0
stim,22443,52564,1,52564,3249884.454,0.821,-0.289,-0.081,0.486,1854,0,0,1925,0,791,0,572,57,1.304,1,2083,0,1254.612,35.670,-1185.250,-145.438,384.813,-1.160,4.391,1.836,-1.230,-35.648,54.449,0.370,0.382,1.130,1.330,0,NULL,NULL,,3,1,2,7,255,1023,250,0,0
stim,22443,52564,1,52564,3249889.455,0.837,-0.253,-0.093,0.477,2168,0,0,2065,0,979,0,628,58,1.304,1,2084,0,981.240,28.244,-950.438,-141.063,199.000,-2.813,4.477,-2.441,23.953,14.965,25.797,0.402,0.346,1.130,1.330,1,1005.000,-18.000,,3,1,2,7,255,1023,250,0,0
stim,22443,52564,1,52564,3249894.453,0.842,-0.235,-0.098,0.476,2343,0,0,2154,0,1191,0,724,58,1.304,1,2084,0,433.976,48.959,-422.063,-100.938,3.125,-2.902,2.102,-2.566,23.953,42.699,-6.090,0.414,0.346,1.130,1.330,1,NULL,NULL,,3,1,2,7,255,1023,250,0,0
stim,22443,52564,1,52564,3249899.455,0.840,-0.228,-0.096,0.484,2464,0,0,2233,0,1367,0,792,58,1.304,1,2084,0,248.500,42.816,-77.875,-154.500,-178.375,-0.895,-0.117,0.418,3.164,42.699,-6.090,0.406,0.362,1.130,1.330,1,NULL,NULL,,3,1,2,7,255,1023,250,0,0
stim,22485,52606,1,52606,3249904.454,0.839,-0.224,-0.093,0.487,2555,0,0,2287,0,1512,0,886,58,1.304,1,2084,0,144.737,5.317,-42.813,-115.375,-76.188,0.875,1.160,1.555,3.164,4.273,-3.145,0.402,0.390,1.130,1.330,2,NULL,NULL,,3,1,2,7,255,1023,250,0,0
stim,22485,52606,1,52606,3249909.455,0.843,-0.216,-0.090,0.483,2684,0,0,2441,0,1629,0,979,58,1.304,1,2084,0,226.252,13.867,-144.875,-128.500,117.000,0.641,2.234,1.879,13.520,-3.086,3.484,0.414,0.424,1.130,1.330,2,NULL,NULL,,3,1,2,7,255,1023,250,0,0
stim,22485,52606,0,52606,3249914.453,0.850,-0.204,-0.090,0.478,2803,0,0,2619,0,1685,0,1048,58,1.304,1,2084,0,337.749,13.867,-276.813,-125.125,147.625,-0.758,1.191,1.750,13.520,-3.086,9.922,0.430,0.456,1.130,1.330,2,NULL,NULL,,3,0,2,7,255,1019,250,0,0
stim,22485,52606,0,52606,3249919.455,0.856,-0.187,-0.092,0.473,2899,0,0,2743,0,1717,0,1157,58,1.304,1,2084,0,445.344,6.943,-399.063,-158.188,118.563,-2.246,-0.922,0.449,5.664,4.016,9.922,0.430,0.474,1.130,1.330,2,NULL,NULL,,3,0,2,7,255,1019,250,0,0
stim,22511,52632,0,52632,3249924.454,0.858,-0.169,-0.094,0.476,2959,0,0,2852,0,1769,0,1319,58,1.304,1,2084,0,410.816,21.853,-366.563,-168.250,-78.063,-1.957,-1.445,-0.574,-19.469,9.926,-0.230,0.412,0.470,1.130,1.330,2,NULL,NULL,,3,0,2,7,255,1019,250,0,0
stim,22511,52632,0,52632,3249929.455,0.856,-0.158,-0.091,0.483,3015,0,0,2939,0,1835,0,1440,58,1.304,1,2084,0,310.917,21.853,-160.000,-182.250,-194.563,-0.617,-1.457,-0.602,-19.469,9.926,-11.305,0.380,0.452,1.130,1.330,2,NULL,NULL,,3,0,2,7,255,1019,250,0,0
stim,22511,52632,0,52632,3249934.453,0.853,-0.154,-0.085,0.491,3043,0,0,2996,0,1883,0,1532,58,1.304,1,2084,0,248.244,15.620,6.688,-184.625,-165.813,0.617,-1.164,0.594,-15.617,-0.270,-11.305,0.340,0.418,1.130,1.330,2,NULL,NULL,,3,0,2,7,255,1019,250,0,0
stim,22511,52632,0,52632,3249939.455,0.852,-0.151,-0.079,0.494,3077,0,0,3049,0,1947,0,1575,58,1.304,1,2084,0,175.238,14.132,30.125,-153.813,-78.375,1.043,-1.410,1.750,-6.781,-12.398,-7.836,0.302,0.370,1.130,1.330,2,NULL,NULL,,3,0,2,7,255,1019,250,0,0
stim,22511,52632,0,52632,3249944.454,0.854,-0.146,-0.075,0.494,3087,0,0,3097,0,1997,0,1589,58,1.304,1,2084,0,168.916,21.637,-74.813,-149.875,21.750,1.188,-1.594,2.074,-6.781,-20.547,1.406,0.270,0.316,1.130,1.330,2,NULL,NULL,,3,0,2,7,255,1019,250,0,0
stim,22511,52632,0,52632,3249949.455,0.858,-0.136,-0.073,0.490,3100,0,0,3127,0,2077,0,1598,58,1.304,1,2084,0,261.080,21.705,-180.125,-142.188,124.500,0.848,-1.355,1.492,-6.996,-20.547,1.406,0.254,0.264,1.130,1.330,2,NULL,NULL,,3,0,2,7,255,1019,250,0,0
stim,22511,52632,0,52632,3249954.453,0.864,-0.127,-0.071,0.482,3112,0,0,3148,0,2141,0,1615,58,1.304,1,2084,0,307.816,19.222,-192.875,-131.813,200.438,0.051,-0.977,0.633,-7.535,-17.684,0.254,0.252,0.226,1.130,1.330,2,NULL,NULL,,3,0,2,7,255,1019,250,0,0
stim,22511,52632,0,52632,3249959.455,0.869,-0.120,-0.068,0.475,3115,0,0,3163,0,2208,10,1691,58,1.304,1,2084,0,265.376,10.372,-122.500,-136.125,192.063,-0.652,-0.512,0.434,-7.617,-7.039,-4.793,0.254,0.202,1.130,1.330,2,NULL,NULL,,3,0,2,7,255,1019,250,0,0
stim,22511,52632,0,52632,3249964.454,0.872,-0.116,-0.063,0.471,3119,0,0,3171,0,2301,53,1851,58,1.304,1,2084,0,192.340,7.739,-57.500,-139.688,119.063,-0.801,0.004,0.824,-7.617,1.367,-4.793,0.258,0.190,1.130,1.330,2,NULL,NULL,,3,0,2,7,255,1019,250,0,0
stim,22511,52632,0,52632,3249969.455,0.874,-0.112,-0.059,0.470,3119,0,0,3181,218,2341,235,2019,58,1.304,1,2084,0,143.122,4.833,-42.313,-133.250,30.625,-0.555,0.359,1.625,-4.129,2.512,-0.238,0.266,0.180,1.130,1.330,2,NULL,NULL,,3,0,2,7,255,1019,250,0,0
stim,22541,52662,0,52662,3249974.454,0.873,-0.109,-0.057,0.473,3123,0,0,3181,523,2387,219,2139,58,1.304,1,2084,0,102.990,2.521,-35.125,-70.125,-66.750,0.285,0.359,1.988,0.219,2.512,7.176,0.284,0.166,1.130,1.330,2,NULL,NULL,,3,0,2,7,255,1019,250,0,0
stim,22541,52662,0,52662,3249979.455,0.872,-0.105,-0.057,0.475,3128,0,0,3194,821,2423,229,2203,58,1.304,1,2084,0,106.681,6.892,-71.813,-55.188,-56.375,0.852,0.563,1.371,4.859,-4.887,7.176,0.310,0.146,1.130,1.330,2,NULL,NULL,,3,0,2,7,255,1019,250,0,0
stim,22541,52662,0,52662,3249984.453,0.872,-0.102,-0.056,0.475,3117,0,0,3194,1018,2431,233,2263,58,1.304,1,2084,0,58.330,10.878,-44.563,-36.750,-8.125,0.734,0.637,1.328,9.422,-5.438,2.172,0.342,0.128,1.130,1.330,2,NULL,NULL,,3,0,2,7,255,1019,250,0,0
stim,22541,52662,0,52662,3249989.455,0.873,-0.098,-0.057,0.475,3130,0,0,3196,1160,2457,260,2322,58,1.304,1,2084,0,88.904,10.878,-86.313,-16.438,13.563,-0.141,-0.270,1.645,9.422,-5.438,2.172,0.366,0.114,1.130,1.330,2,NULL,NULL,,3,0,2,7,255,1019,250,0,0
stim,22569,52690,0,52690,3249994.454,0.873,-0.092,-0.060,0.475,3115,21,0,3189,1271,2467,285,2360,58,1.304,1,2084,0,161.042,4.516,-156.875,-16.750,-32.313,-0.445,-0.480,0.852,-2.504,-3.758,2.074,0.382,0.104,1.130,1.330,2,NULL,NULL,,3,0,2,7,255,1019,250,0,0
stim,22569,52690,0,52690,3249999.455,0.872,-0.088,-0.062,0.478,3119,37,0,3207,1370,2473,287,2393,58,1.304,1,2084,0,111.564,2.708,-81.688,-14.313,-74.625,-0.188,-0.203,0.297,-2.617,-0.695,-1.145,0.388,0.098,1.130,1.330,2,NULL,NULL,,3,0,2,7,255,1019,250,0,0
stim,22569,52690,0,52690,3250004.453,0.870,-0.088,-0.061,0.481,3111,43,0,3193,1489,2490,291,2424,58,1.304,1,2084,0,89.596,2.708,3.188,-17.813,-87.750,0.047,-0.168,0.816,-2.617,-0.695,-2.152,0.396,0.092,1.130,1.330,2,NULL,NULL,,3,0,2,7,255,1019,250,0,0
stim,22569,52690,0,52690,3250009.455,0.869,-0.087,-0.061,0.484,3125,70,0,3190,1565,2503,282,2453,58,1.304,1,2084,0,61.839,3.008,-1.125,-12.750,-60.500,0.191,-0.172,1.281,-0.859,-2.883,-2.152,0.410,0.082,1.130,1.330,2,NULL,NULL,,3,0,2,7,255,1019,250,0,0
stim,22569,52690,0,52690,3250014.454,0.868,-0.085,-0.061,0.485,3123,103,0,3193,1611,2503,290,2461,58,1.304,1,2084,0,54.216,3.200,-48.750,-8.875,-22.000,0.059,-0.082,1.195,0.059,-3.199,1.516,0.422,0.070,1.130,1.330,2,NULL,NULL,,3,0,2,7,255,1019,250,0,0
stim,22569,52690,0,52690,3250019.455,0.868,-0.083,-0.063,0.485,3121,111,0,3193,1657,2508,269,2484,58,1.304,1,2084,0,66.218,3.200,-62.500,-6.125,-21.000,-0.223,0.055,0.910,0.059,-3.199,1.516,0.432,0.060,1.130,1.330,2,NULL,NULL,,3,0,2,7,255,1019,250,0,0
stim,22610,52731,0,52731,3250024.454,0.867,-0.081,-0.064,0.487,3125,121,0,3193,1721,2521,253,2493,58,1.304,1,2084,0,65.075,0.432,-39.688,-4.500,-51.375,-0.246,0.070,0.875,-0.262,0.344,-0.637,0.438,0.052,1.130,1.330,2,NULL,NULL,,3,0,2,7,255,1019,250,0,0
stim,22610,52731,0,52731,3250029.455,0.866,-0.080,-0.064,0.489,3127,127,0,3187,1752,2519,248,2504,58,1.304,1,2084,0,68.914,0.432,-22.188,-4.875,-65.063,-0.051,0.000,0.996,-0.262,0.344,-0.637,0.442,0.042,1.130,1.330,2,NULL,NULL,,3,0,2,7,255,1019,250,0,0
stim,22610,52731,0,52731,3250034.454,0.865,-0.078,-0.064,0.491,3123,145,0,3193,1773,2521,245,2509,58,1.304,1,2084,0,56.207,1.497,-21.250,-5.438,-51.750,0.051,-0.047,1.027,0.246,-1.477,-0.129,0.450,0.030,1.130,1.330,2,NULL,NULL,,3,0,2,7,255,1019,250,0,0
stim,22610,52731,0,52731,3250039.455,0.865,-0.077,-0.064,0.493,3115,153,13,3189,1815,2538,247,2519,58,1.304,1,2084,0,40.163,2.543,-25.688,-4.375,-30.563,0.035,-0.086,0.988,0.246,-2.531,-0.129,0.458,0.018,1.130,1.330,2,NULL,NULL,,3,0,2,7,255,1019,250,0,0
stim,22610,52731,0,52731,3250044.453,0.864,-0.076,-0.065,0.493,3117,155,27,3181,1844,2533,245,2524,58,1.304,1,2084,0,28.895,2.531,-24.125,-4.063,-15.375,-0.047,-0.164,0.918,-0.035,-2.531,-0.383,0.466,0.008,1.130,1.330,2,NULL,NULL,,3,0,2,7,255,1019,250,0,0
stim,22610,52731,0,52731,3250049.455,0.864,-0.075,-0.065,0.494,3115,155,89,3179,1869,2535,236,2531,58,1.304,1,2084,0,18.832,2.389,-11.000,-2.938,-15.000,-0.082,-0.172,0.875,-1.113,-2.113,-0.938,0.470,0.000,1.130,1.330,2,NULL,NULL,,3,0,2,7,255,1019,250,0,0
stim,22638,52759,0,52759,3250054.454,0.864,-0.075,-0.065,0.494,3109,149,115,3189,1876,2537,215,2534,58,1.304,1,2084,0,11.561,2.077,5.000,-3.688,-9.750,-0.066,-0.051,0.941,-1.113,-1.754,-0.938,0.000,0.000,1.130,1.330,2,NULL,NULL,,3,0,2,7,255,1019,250,0,0
stim,22638,52759,0,52759,3250059.455,0.864,-0.075,-0.064,0.494,3111,149,151,3175,1851,2530,183,2531,58,1.304,1,2084,0,10.516,1.431,9.688,-3.375,-2.313,-0.113,0.043,1.055,-0.242,-1.410,-0.641,0.000,0.000,1.130,1.330,2,NULL,NULL,,3,0,2,7,255,1019,250,0,0
stim,22638,52759,0,52759,3250064.453,0.864,-0.075,-0.064,0.494,3119,141,176,3178,1899,2533,186,2537,58,1.313,1,2084,1,7.322,0.832,5.313,-3.563,-3.563,-0.152,0.141,1.102,0.383,-0.738,0.559,0.000,0.000,1.145,1.359,2,NULL,NULL,,3,0,2,7,255,1019,250,0,0
stim,22638,52759,0,52759,3250069.455,0.864,-0.075,-0.064,0.495,3110,135,189,3180,1903,2527,179,2535,58,1.313,1,2084,1,7.655,1.043,1.438,-3.313,-6.750,-0.137,0.168,1.063,1.043,-0.023,0.738,0.006,0.006,1.145,1.359,2,NULL,NULL,,3,0,2,7,255,1019,250,0,0
stim,22638,52759,0,52759,3250074.454,0.863,-0.075,-0.063,0.495,3110,137,200,3172,1909,2532,167,2536,58,1.313,1,2084,1,7.992,1.231,1.750,-3.438,-7.000,-0.102,0.141,1.051,1.230,-0.023,0.738,0.014,0.012,1.145,1.359,2,NULL,NULL,,3,0,2,7,255,1019,250,0,0
stim,22638,52759,0,52759,3250079.455,0.863,-0.075,-0.063,0.495,3097,135,207,3160,1915,2525,165,2533,58,1.313,1,2084,1,4.303,1.286,1.063,-4.063,-0.938,-0.098,0.094,1.047,1.230,-0.375,0.551,0.020,0.016,1.145,1.359,2,NULL,NULL,,3,0,2,7,255,1019,250,0,0
stim,22638,52759,0,52759,3250084.453,0.864,-0.075,-0.063,0.495,3087,127,213,3157,1918,2519,164,2536,58,1.313,1,2084,1,4.995,0.913,-0.250,-3.938,3.063,-0.141,0.098,1.031,0.832,-0.375,0.473,0.026,0.020,1.145,1.359,2,NULL,NULL,,3,0,2,7,255,1019,250,0,0
stim,22638,52759,0,52759,3250089.455,0.864,-0.075,-0.062,0.495,3096,133,225,3144,1929,2513,161,2547,58,1.313,1,2084,1,5.730,0.694,0.063,-5.563,1.375,-0.168,0.113,1.016,0.668,-0.188,0.402,0.030,0.024,1.145,1.359,2,NULL,NULL,,3,0,2,7,255,1019,250,0,0
stim,22661,52782,0,52782,3250094.454,0.864,-0.075,-0.062,0.495,3060,125,235,3127,1931,2511,165,2547,58,1.313,1,2084,1,5.430,0.668,0.813,-5.250,-1.125,-0.156,0.113,1.023,0.668,0.023,0.355,0.034,0.028,1.145,1.359,2,NULL,NULL,,3,0,2,7,255,1019,250,0,0
stim,22661,52782,0,52782,3250099.455,0.864,-0.075,-0.062,0.495,3076,109,249,3125,1945,2503,172,2542,58,1.313,1,2084,1,6.835,0.707,-0.875,-6.625,-1.438,-0.137,0.109,1.020,0.707,0.023,0.309,0.036,0.030,1.145,1.359,2,NULL,NULL,,3,0,2,7,255,1019,250,0,0
stim,22661,52782,0,52782,3250104.453,0.864,-0.075,-0.062,0.495,3047,93,249,3114,1947,2505,185,2543,58,1.313,1,2084,1,6.840,0.707,-2.438,-6.313,1.000,-0.152,0.105,1.023,0.707,-0.023,0.355,0.040,0.032,1.145,1.359,2,NULL,NULL,,3,0,2,7,255,1019,250,0,0
stim,22661,52782,0,52782,3250109.455,0.864,-0.074,-0.061,0.495,3045,97,267,3107,1961,2495,231,2548,58,1.313,1,2084,1,8.617,0.641,-4.188,-7.188,-2.250,-0.168,0.070,1.012,0.641,-0.031,0.285,0.042,0.032,1.145,1.359,2,NULL,NULL,,3,0,2,7,255,1019,250,0,0
stim,22687,52808,0,52808,3250114.454,0.864,-0.074,-0.061,0.495,3041,89,281,3091,1965,2484,243,2549,58,1.313,1,2084,1,8.295,0.384,-3.250,-6.875,-3.313,-0.145,0.070,0.980,0.383,-0.031,0.254,0.042,0.032,1.145,1.359,2,NULL,NULL,,3,0,2,7,255,1019,250,0,0
stim,22687,52808,0,52808,3250119.457,0.864,-0.074,-0.061,0.495,3017,89,297,3082,1971,2484,252,2553,58,1.313,1,2084,1,8.956,0.333,-0.875,-8.250,-3.375,-0.148,0.063,0.988,0.277,-0.184,-0.008,0.044,0.032,1.145,1.359,2,NULL,NULL,,3,0,2,7,255,1019,250,0,0
stim,22720,52841,0,52841,3250124.454,0.864,-0.074,-0.060,0.495,2989,89,345,3059,1992,2487,261,2555,58,1.313,1,2084,1,9.443,0.425,0.875,-9.188,-2.000,-0.180,0.117,1.008,0.383,-0.184,-0.008,0.044,0.030,1.145,1.359,2,NULL,NULL,,3,0,2,7,255,1019,250,0,0
stim,22720,52841,0,52841,3250129.455,0.863,-0.074,-0.060,0.495,2990,87,384,3043,2018,2471,292,2553,58,1.313,1,2084,1,12.042,0.674,-1.063,-10.000,-6.625,-0.207,0.164,1.031,0.605,0.297,0.262,0.044,0.028,1.145,1.359,2,NULL,NULL,,3,0,2,7,255,1019,250,0,0
stim,22720,52841,0,52841,3250134.453,0.863,-0.073,-0.060,0.496,2963,101,442,3022,2037,2475,324,2570,58,1.313,1,2084,1,17.681,0.964,-3.875,-10.500,-13.688,-0.176,0.152,1.020,0.859,0.438,0.367,0.044,0.028,1.145,1.359,2,NULL,NULL,,3,0,2,7,255,1019,250,0,0
stim,22720,52841,0,52841,3250139.455,0.863,-0.073,-0.059,0.497,2948,106,485,3013,2067,2463,345,2581,58,1.313,1,2084,1,18.383,0.964,-4.813,-11.438,-13.563,-0.133,0.105,0.988,0.859,0.438,0.367,0.046,0.026,1.145,1.359,2,NULL,NULL,,3,0,2,7,255,1019,250,0,0
stim,22720,52841,0,52841,3250144.454,0.863,-0.072,-0.059,0.497,2905,123,543,2983,2087,2469,391,2587,58,1.313,1,2084,1,16.450,0.706,-3.625,-12.188,-10.438,-0.125,0.086,0.973,0.699,-0.098,-0.012,0.046,0.024,1.145,1.359,2,NULL,NULL,,3,0,2,7,255,1019,250,0,0
stim,22720,52841,0,52841,3250149.455,0.863,-0.072,-0.058,0.497,2880,140,647,2967,2121,2463,409,2601,58,1.313,1,2084,1,15.525,0.609,-1.188,-12.938,-8.500,-0.145,0.059,0.973,0.582,-0.180,-0.184,0.046,0.022,1.145,1.359,2,NULL,NULL,,3,0,2,7,255,1019,250,0,0
stim,22720,52841,0,52841,3250154.453,0.863,-0.077,-0.052,0.497,2859,137,691,2938,2169,2468,477,2612,58,1.313,1,2084,1,16.970,0.305,0.063,-14.688,-8.500,-0.168,0.074,0.980,0.246,-0.180,-0.184,0.048,0.020,1.145,1.359,2,NULL,NULL,,3,0,2,7,255,1019,250,0,0
stim,22720,52841,0,52841,3250159.455,0.863,-0.076,-0.051,0.497,2839,157,755,2917,2215,2467,506,2635,58,1.313,1,2084,1,19.365,0.256,2.313,-15.813,-10.938,-0.168,0.117,0.984,0.246,0.070,-0.051,0.048,0.018,1.145,1.359,2,NULL,NULL,,3,0,2,7,255,1019,250,0,0
stim,22720,52841,0,52841,3250164.454,0.862,-0.076,-0.050,0.498,2797,157,853,2879,2257,2468,583,2636,58,1.313,1,2084,1,21.976,0.557,4.500,-16.438,-13.875,-0.180,0.172,0.996,0.461,0.313,0.008,0.048,0.014,1.145,1.359,2,NULL,NULL,,3,0,2,7,255,1019,250,0,0
stim,22720,52841,0,52841,3250169.455,0.862,-0.076,-0.049,0.499,2763,172,964,2866,2315,2472,667,2661,58,1.313,1,2084,1,25.461,1.063,4.500,-17.500,-17.938,-0.172,0.207,1.035,0.848,0.641,0.199,0.048,0.010,1.145,1.359,2,NULL,NULL,,3,0,2,7,255,1019,250,0,0
stim,22744,52865,0,52865,3250174.454,0.862,-0.076,-0.049,0.499,2713,174,1084,2841,2357,2481,808,2661,58,1.313,1,2084,1,27.691,1.201,-0.500,-18.188,-20.875,-0.172,0.188,1.039,1.016,0.641,0.547,0.048,0.010,1.145,1.359,2,NULL,NULL,,3,0,2,7,255,1019,250,0,0
stim,22744,52865,0,52865,3250179.455,0.861,-0.075,-0.048,0.500,2663,199,1177,2809,2355,2471,903,2677,58,1.313,1,2084,1,31.129,1.186,-4.750,-18.188,-24.813,-0.172,0.160,1.016,1.016,0.613,0.547,0.050,0.012,1.145,1.359,2,NULL,NULL,,3,0,2,7,255,1019,250,0,0
stim,22744,52865,0,52865,3250184.454,0.861,-0.075,-0.048,0.502,2613,227,1275,2792,2444,2471,1055,2687,58,1.313,1,2084,1,37.752,0.948,-7.000,-18.000,-32.438,-0.176,0.152,1.023,0.785,0.531,0.430,0.054,0.016,1.145,1.359,2,NULL,NULL,,3,0,2,7,255,1019,250,0,0
stim,22744,52865,0,52865,3250189.455,0.860,-0.074,-0.047,0.503,2551,240,1419,2757,2485,2473,1183,2709,58,1.313,1,2084,1,46.453,0.871,-10.563,-17.563,-41.688,-0.156,0.133,1.031,0.699,0.520,0.430,0.058,0.020,1.145,1.359,2,NULL,NULL,,3,0,2,7,255,1019,250,0,0
stim,22744,52865,0,52865,3250194.453,0.859,-0.073,-0.047,0.505,2479,245,1585,2733,2527,2475,1307,2720,58,1.313,1,2084,1,52.971,0.704,-16.750,-16.938,-47.313,-0.145,0.070,1.020,0.648,0.273,0.430,0.058,0.024,1.145,1.359,2,NULL,NULL,,3,0,2,7,255,1019,250,0,0
stim,22744,52865,0,52865,3250199.455,0.858,-0.071,-0.047,0.507,2427,252,1715,2707,2571,2478,1408,2743,58,1.313,1,2084,1,57.802,0.203,-23.313,-17.250,-50.000,-0.137,0.012,1.008,0.180,-0.094,0.285,0.060,0.026,1.145,1.359,2,NULL,NULL,,3,0,2,7,255,1019,250,0,0
stim,22774,52895,0,52895,3250204.454,0.857,-0.070,-0.047,0.509,2348,253,1834,2657,2600,2478,1525,2747,58,1.313,1,2084,1,62.534,0.473,-28.813,-17.063,-52.813,-0.137,-0.039,1.000,-0.277,-0.383,0.145,0.062,0.028,1.145,1.359,2,NULL,NULL,,3,0,2,7,255,1019,250,0,0
stim,22774,52895,0,52895,3250209.455,0.856,-0.068,-0.047,0.511,2273,275,1955,2621,2635,2479,1643,2764,58,1.313,1,2084,1,66.902,0.908,-35.438,-17.438,-54.000,-0.137,-0.074,1.004,-0.684,-0.598,0.094,0.064,0.030,1.145,1.359,2,NULL,NULL,,3,0,2,7,255,1019,250,0,0
stim,22774,52895,0,52895,3250214.453,0.855,-0.065,-0.048,0.513,2183,284,2065,2582,2667,2479,1733,2779,58,1.313,1,2084,1,73.984,1.201,-44.250,-18.750,-56.250,-0.156,-0.105,1.039,-0.977,-0.699,0.094,0.064,0.034,1.145,1.359,2,NULL,NULL,,3,0,2,7,255,1019,250,0,0
stim,22774,52895,0,52895,3250219.455,0.853,-0.062,-0.049,0.515,2105,286,2197,2535,2701,2485,1832,2794,58,1.313,1,2084,1,89.032,1.365,-60.625,-20.750,-61.813,-0.191,-0.082,1.098,-1.172,-0.699,0.457,0.064,0.036,1.145,1.359,2,NULL,NULL,,3,0,2,7,255,1019,250,0,0
stim,22814,52935,0,52935,3250224.454,0.852,-0.059,-0.050,0.518,2005,299,2283,2483,2727,2480,1931,2807,58,1.313,1,2084,0,102.338,1.222,-73.500,-20.938,-68.063,-0.160,0.008,1.020,-1.172,-0.348,0.457,0.066,0.040,1.145,1.359,2,NULL,NULL,,3,0,2,7,255,1019,250,0,0
stim,22814,52935,0,52935,3250229.455,0.851,-0.056,-0.050,0.520,1913,301,2375,2421,2749,2480,2025,2823,58,1.313,1,2084,0,100.153,0.261,-70.625,-22.438,-67.375,-0.094,0.070,0.930,-0.203,-0.164,0.309,0.066,0.042,1.145,1.359,2,NULL,NULL,,3,0,2,7,255,1019,250,0,0
stim,22814,52935,0,52935,3250234.454,0.850,-0.053,-0.051,0.522,1767,297,2467,2344,2777,2484,2103,2837,58,1.313,1,2084,0,90.147,0.530,-60.500,-24.313,-62.250,-0.078,0.043,0.945,0.504,-0.164,-0.512,0.064,0.044,1.145,1.359,2,NULL,NULL,,3,0,2,7,255,1019,250,0,0
stim,22814,52935,0,52935,3250239.455,0.849,-0.050,-0.051,0.524,1617,296,2533,2267,2803,2489,2201,2856,58,1.313,1,2084,0,86.524,0.635,-56.813,-25.813,-59.938,-0.105,-0.008,0.992,0.504,-0.387,-0.512,0.064,0.044,1.145,1.359,2,NULL,NULL,,3,0,2,7,255,1019,250,0,0
stim,22814,52935,0,52935,3250244.453,0.847,-0.047,-0.052,0.526,1403,295,2591,2165,2829,2491,2273,2867,58,1.313,1,2084,0,86.278,0.399,-55.438,-27.625,-60.063,-0.125,-0.086,1.008,0.020,-0.398,-0.043,0.062,0.046,1.145,1.359,2,NULL,NULL,,3,0,2,7,255,1019,250,0,0
stim,22814,52935,0,52935,3250249.455,0.846,-0.044,-0.052,0.528,1243,281,2647,2075,2858,2477,2337,2875,58,1.313,1,2084,0,78.526,0.631,-51.438,-28.688,-51.938,-0.012,-0.094,0.984,-0.309,-0.551,-0.043,0.062,0.046,1.145,1.359,2,NULL,NULL,,3,0,2,7,255,1019,250,0,0
stim,22814,52935,0,52935,3250254.454,0.846,-0.041,-0.052,0.530,1091,265,2696,1931,2873,2471,2400,2889,58,1.313,1,2084,0,71.874,0.754,-48.625,-27.250,-45.375,-0.121,-0.074,1.047,-0.516,-0.551,0.148,0.064,0.048,1.145,1.359,2,NULL,NULL,,3,0,2,7,255,1019,250,0,0
stim,22814,52935,0,52935,3250259.455,0.845,-0.038,-0.052,0.531,910,237,2742,1757,2887,2469,2459,2894,58,1.313,1,2084,0,74.243,0.682,-52.000,-31.313,-42.750,-0.105,-0.074,1.043,-0.418,-0.539,0.484,0.064,0.048,1.145,1.359,2,NULL,NULL,,3,0,2,7,255,1019,250,0,0
stim,22814,52935,0,52935,3250264.453,0.844,-0.036,-0.052,0.533,634,203,2780,1523,2905,2461,2513,2905,58,1.313,1,2084,0,69.799,0.634,-45.063,-32.500,-42.250,-0.094,-0.027,0.953,-0.418,-0.477,0.484,0.066,0.048,1.145,1.359,2,NULL,NULL,,3,0,2,7,255,1019,250,0,0
stim,22814,52935,0,52935,3250269.455,0.843,-0.034,-0.051,0.534,443,167,2823,1327,2921,2454,2571,2915,58,1.313,1,2084,0,61.399,0.313,-33.000,-35.438,-37.750,-0.102,-0.016,0.977,-0.004,-0.313,-0.207,0.068,0.048,1.145,1.359,2,NULL,NULL,,3,0,2,7,255,1019,250,0,0
stim,22841,52962,0,52962,3250274.454,0.843,-0.032,-0.050,0.535,285,110,2848,1085,2948,2455,2616,2933,58,1.313,1,2084,0,56.249,0.330,-24.188,-39.125,-32.375,-0.055,-0.016,1.047,0.105,-0.313,-0.207,0.070,0.048,1.145,1.359,2,NULL,NULL,,3,0,2,7,255,1019,250,0,0
stim,22841,52962,0,52962,3250279.455,0.842,-0.030,-0.049,0.536,135,74,2888,868,2971,2428,2655,2935,58,1.313,1,2084,0,56.606,0.564,-25.250,-40.500,-30.438,-0.063,0.008,1.047,0.375,-0.422,0.453,0.074,0.048,1.145,1.359,2,NULL,NULL,,3,0,2,7,255,1019,250,0,0
stim,22841,52962,0,52962,3250284.453,0.842,-0.028,-0.048,0.537,39,36,2897,633,2971,2411,2680,2940,58,1.313,1,2084,0,55.298,0.831,-23.625,-43.688,-24.313,-0.004,0.063,1.074,0.539,-0.633,0.457,0.076,0.046,1.145,1.359,2,NULL,NULL,,3,0,2,7,255,1019,250,0,0
stim,22841,52962,0,52962,3250289.455,0.841,-0.026,-0.047,0.538,19,19,2910,462,2984,2391,2715,2950,58,1.313,1,2084,0,58.581,1.357,-28.625,-44.188,-25.688,0.000,0.098,1.016,1.273,-0.469,0.457,0.078,0.046,1.145,1.359,2,NULL,NULL,,3,0,2,7,255,1019,250,0,0
stim,22873,52994,0,52994,3250294.454,0.841,-0.024,-0.045,0.538,0,0,2927,332,3003,2387,2747,2964,58,1.313,1,2084,0,51.905,1.357,-10.500,-49.125,-13.063,-0.086,0.004,1.043,1.273,-0.469,0.449,0.080,0.046,1.145,1.359,2,NULL,NULL,,3,0,2,7,255,1019,250,0,0
stim,22873,52994,0,52994,3250299.455,0.841,-0.023,-0.043,0.538,0,0,2949,277,3013,2359,2779,2973,58,1.313,1,2084,0,58.015,0.418,12.750,-56.375,5.000,-0.238,-0.129,1.207,0.410,-0.078,0.449,0.084,0.046,1.145,1.359,2,NULL,NULL,,3,0,2,7,255,1019,250,0,0
stim,22873,52994,0,52994,3250304.453,0.842,-0.023,-0.040,0.538,0,0,2956,234,3027,2325,2811,2970,58,1.313,1,2084,0,70.166,1.464,27.500,-64.313,5.563,-0.418,-0.234,1.441,-1.309,0.656,2.219,0.086,0.046,1.145,1.359,2,NULL,NULL,,3,0,2,7,255,1019,250,0,0
stim,22873,52994,0,52994,3250309.455,0.842,-0.023,-0.037,0.538,0,0,2968,183,3031,2301,2836,2975,58,1.313,1,2084,0,90.283,2.785,46.688,-76.813,8.438,-0.504,-0.133,1.750,-2.207,1.699,4.695,0.092,0.046,1.145,1.359,2,NULL,NULL,,3,0,2,7,255,1019,250,0,0
stim,22873,52994,0,52994,3250314.453,0.842,-0.020,-0.034,0.538,0,0,2968,155,3036,2253,2853,2975,58,1.313,1,2084,0,84.374,2.785,-21.313,-81.500,-4.750,-0.195,0.156,1.656,-2.207,1.699,6.480,0.096,0.046,1.145,1.359,2,NULL,NULL,,3,0,2,7,255,1019,250,0,0
stim,22873,52994,0,52994,3250319.455,0.842,-0.016,-0.033,0.538,0,0,2981,137,3047,2213,2884,2995,58,1.313,1,2084,0,106.959,1.985,-71.000,-78.750,-14.063,-0.090,0.125,1.246,1.461,1.344,6.480,0.102,0.046,1.145,1.359,3,NULL,NULL,,3,0,2,7,255,1019,250,0,0
stim,22911,53032,0,53032,3250324.454,0.843,-0.013,-0.030,0.538,0,0,2995,81,3067,2152,2901,2990,58,1.313,1,2084,0,99.773,1.750,-41.250,-88.688,19.688,-0.086,0.145,1.102,1.531,0.848,2.359,0.102,0.048,1.145,1.359,3,NULL,NULL,,3,0,2,7,255,1019,250,0,0
stim,22911,53032,0,53032,3250329.455,0.844,-0.010,-0.027,0.536,0,0,2991,21,3061,2071,2921,2991,58,1.313,1,2084,0,105.026,1.689,-9.125,-97.313,38.438,-0.203,0.168,1.191,1.461,0.848,1.895,0.102,0.054,1.145,1.359,3,NULL,NULL,,3,0,2,7,255,1019,250,0,0
stim,22911,53032,0,53032,3250334.453,0.845,-0.008,-0.023,0.535,0,0,2997,3,3087,1977,2926,2983,58,1.313,1,2084,0,106.377,2.412,-3.438,-102.500,28.250,-0.313,0.063,1.309,1.270,2.051,1.895,0.100,0.060,1.145,1.359,3,NULL,NULL,,3,0,2,7,255,1019,250,0,0
stim,22911,53032,0,53032,3250339.455,0.845,-0.005,-0.020,0.534,0,0,2997,0,3081,1861,2939,2986,58,1.313,1,2084,0,110.625,2.170,-11.313,-108.563,18.000,-0.316,-0.078,1.375,-0.082,2.168,3.125,0.094,0.066,1.145,1.359,3,NULL,NULL,,3,0,2,7,255,1019,250,0,0
stim,22911,53032,0,53032,3250344.454,0.846,-0.002,-0.017,0.533,0,0,3007,0,3096,1719,2956,2976,58,1.313,1,2084,0,117.658,2.540,-21.938,-114.438,16.313,-0.266,-0.184,1.355,-1.324,2.168,3.617,0.090,0.072,1.145,1.359,3,NULL,NULL,,3,0,2,7,255,1019,250,0,0
stim,22911,53032,0,53032,3250349.455,0.846,0.002,-0.013,0.533,0,0,2995,0,3099,1573,2965,2977,58,1.313,1,2084,0,124.448,2.550,-29.563,-119.500,18.250,-0.246,-0.227,1.254,-2.125,1.410,3.617,0.088,0.080,1.145,1.359,3,NULL,NULL,,3,0,2,7,255,1019,250,0,0
stim,22935,53056,0,53056,3250354.453,0.847,0.006,-0.009,0.532,0,0,2995,0,3102,1383,2973,2972,58,1.313,1,2084,0,130.320,2.652,-28.500,-125.813,18.500,-0.227,-0.215,1.188,-2.367,1.195,2.613,0.086,0.090,1.145,1.359,3,NULL,NULL,,3,0,2,7,255,1019,250,0,0
stim,22935,53056,0,53056,3250359.455,0.847,0.010,-0.005,0.531,0,0,2974,0,3077,1183,2981,2951,58,1.313,1,2084,0,134.763,2.652,-19.000,-131.938,19.813,-0.230,-0.191,1.137,-2.367,1.195,1.949,0.084,0.102,1.145,1.359,3,NULL,NULL,,3,0,2,7,255,1019,250,0,0
stim,22935,53056,0,53056,3250364.454,0.848,0.013,-0.001,0.530,0,0,2973,0,3099,983,2988,2941,58,1.313,1,2084,0,140.012,2.651,-6.063,-138.750,17.750,-0.250,-0.156,1.117,-2.234,1.426,1.410,0.082,0.112,1.145,1.359,3,NULL,NULL,,3,0,2,7,255,1019,250,0,0
stim,22935,53056,0,53056,3250369.455,0.848,0.016,0.005,0.529,0,0,2969,0,3115,699,2999,2931,58,1.313,1,2084,0,146.555,2.794,1.750,-146.000,12.625,-0.246,-0.133,1.176,-2.086,1.859,1.410,0.080,0.124,1.145,1.359,3,NULL,NULL,,3,0,2,7,255,1019,250,0,0
stim,22935,53056,0,53056,3250374.454,0.849,0.020,0.010,0.529,0,0,2936,0,3113,549,3000,2915,58,1.313,1,2084,0,152.424,2.840,3.938,-152.125,8.688,-0.238,-0.141,1.230,-1.965,2.051,1.688,0.076,0.134,1.145,1.359,3,NULL,NULL,,3,0,2,7,255,1019,250,0,0
stim,22935,53056,0,53056,3250379.455,0.849,0.023,0.016,0.528,0,0,2915,0,3113,349,3013,2891,58,1.313,1,2084,0,160.467,2.888,3.750,-160.375,3.938,-0.238,-0.152,1.219,-1.965,2.117,2.070,0.072,0.146,1.145,1.359,3,NULL,NULL,,3,0,2,7,255,1019,250,0,0
stim,22954,53075,0,53075,3250384.454,0.849,0.027,0.022,0.528,0,0,2893,0,3108,153,3017,2867,58,1.313,1,2084,0,168.309,2.888,6.375,-168.188,0.563,-0.188,-0.148,1.230,-1.965,2.117,2.148,0.066,0.158,1.145,1.359,3,NULL,NULL,,3,0,2,7,255,1019,250,0,0
stim,22954,53075,0,53075,3250389.455,0.849,0.030,0.028,0.527,0,0,2859,0,3112,60,3017,2833,58,1.313,1,2084,0,177.053,2.944,12.125,-176.563,5.125,-0.152,-0.063,1.285,-1.961,2.195,2.148,0.062,0.172,1.145,1.359,3,NULL,NULL,,3,0,2,7,255,1019,250,0,0
stim,22954,53075,0,53075,3250394.453,0.849,0.034,0.035,0.526,0,0,2802,0,3113,9,3029,2789,58,1.313,1,2084,0,186.344,2.492,14.625,-185.500,10.000,-0.180,0.098,1.375,-1.172,2.199,2.652,0.062,0.186,1.145,1.359,3,NULL,NULL,,3,0,2,7,255,1019,250,0,0
stim,22954,53075,0,53075,3250399.455,0.849,0.037,0.043,0.525,0,0,2757,0,3109,0,3035,2744,58,1.313,1,2084,0,196.829,3.375,26.563,-195.000,3.313,-0.293,0.199,1.449,0.051,3.375,3.355,0.062,0.200,1.145,1.359,3,NULL,NULL,,3,0,2,7,255,1019,250,0,0
stim,22954,53075,0,53075,3250404.454,0.849,0.041,0.052,0.525,0,0,2700,0,3106,0,3023,2676,58,1.313,1,2084,0,212.012,5.087,34.063,-209.250,-1.813,-0.266,0.277,1.719,0.293,5.078,3.875,0.066,0.216,1.145,1.359,3,NULL,NULL,,3,0,2,7,255,1019,250,0,0
stim,22954,53075,0,53075,3250409.455,0.848,0.045,0.060,0.524,0,0,2617,0,3095,0,3020,2617,58,1.313,1,2084,0,220.925,5.801,18.750,-220.125,-1.188,-0.313,0.309,2.051,0.734,5.754,6.434,0.074,0.232,1.145,1.359,3,NULL,NULL,,3,0,2,7,255,1019,250,0,0
stim,22986,53107,0,53107,3250414.453,0.848,0.051,0.069,0.523,0,0,2513,0,3087,0,3020,2539,58,1.313,1,2084,0,236.965,7.097,-4.750,-236.813,7.063,-0.453,0.258,2.367,0.734,7.059,9.473,0.086,0.250,1.145,1.359,3,NULL,NULL,,3,0,2,7,255,1019,250,0,0
stim,22986,53107,0,53107,3250419.455,0.848,0.057,0.078,0.522,0,0,2411,0,3077,0,3023,2443,58,1.313,1,2084,0,260.934,8.956,-17.375,-259.688,18.625,-0.578,0.375,2.609,-0.434,8.945,12.188,0.102,0.270,1.145,1.359,3,NULL,NULL,,3,0,2,7,255,1019,250,0,0
stim,23017,53138,0,53138,3250424.454,0.847,0.066,0.088,0.519,0,0,2275,0,3039,0,3016,2296,58,1.313,1,2084,0,295.215,11.446,-49.750,-289.000,34.000,-0.617,0.684,2.676,-0.434,11.438,14.000,0.122,0.294,1.145,1.359,3,NULL,NULL,,3,0,2,7,255,1019,250,0,0
stim,23017,53138,0,53138,3250429.455,0.847,0.076,0.097,0.517,0,0,2130,0,3018,0,2985,2123,58,1.313,1,2084,0,325.656,13.966,-74.125,-315.438,32.500,-0.676,0.949,2.699,1.871,13.840,14.000,0.146,0.320,1.145,1.359,3,NULL,NULL,,3,0,2,7,255,1019,250,0,0
stim,23017,53138,0,53138,3250434.454,0.846,0.087,0.107,0.515,0,0,1995,0,2995,0,2963,1939,58,1.313,1,2084,0,356.784,16.626,-102.938,-340.563,26.750,-0.715,1.086,2.809,3.711,16.207,14.016,0.174,0.350,1.145,1.359,3,NULL,NULL,,3,0,2,7,255,1019,250,0,0
stim,23017,53138,0,53138,3250439.455,0.844,0.101,0.118,0.513,0,0,1853,0,2955,11,2936,1780,58,1.313,1,2084,0,389.834,18.616,-139.813,-363.500,17.063,-0.777,1.086,2.895,4.129,18.152,13.996,0.208,0.386,1.145,1.359,3,NULL,NULL,,3,0,2,7,255,1019,250,0,0
stim,23017,53138,0,53138,3250444.453,0.842,0.116,0.128,0.512,0,0,1769,0,2907,16,2887,1628,58,1.313,1,2084,0,424.893,20.240,-171.688,-388.563,8.750,-0.816,1.172,2.949,4.531,19.727,13.996,0.252,0.430,1.145,1.359,3,NULL,NULL,,3,0,2,7,255,1019,250,0,0
stim,23017,53138,0,53138,3250449.455,0.838,0.132,0.138,0.510,0,0,1674,0,2837,6,2825,1457,58,1.313,1,2084,0,455.282,21.930,-198.063,-409.875,-7.438,-0.867,1.176,2.922,4.512,21.461,13.566,0.302,0.480,1.145,1.359,3,NULL,NULL,,3,0,2,7,255,1019,250,0,0
stim,23017,53138,0,53138,3250454.454,0.834,0.150,0.149,0.509,0,0,1529,0,2760,0,2728,1317,58,1.313,1,2084,0,484.667,23.028,-216.250,-433.500,-14.688,-0.996,0.859,2.750,4.512,22.582,12.281,0.362,0.538,1.145,1.359,3,NULL,NULL,,3,0,2,7,255,1019,250,0,0
stim,23017,53138,0,53138,3250459.455,0.830,0.168,0.161,0.507,0,0,1323,0,2660,0,2600,1165,58,1.313,1,2084,0,506.888,22.622,-215.438,-458.500,-17.313,-0.973,0.598,2.641,1.340,22.582,9.656,0.432,0.606,1.145,1.359,3,NULL,NULL,,3,0,2,7,255,1019,250,0,0
stim,23017,53138,0,53138,3250464.453,0.824,0.184,0.175,0.506,0,0,1141,0,2525,0,2399,1011,58,1.313,1,2084,0,494.418,22.594,-153.563,-466.875,-53.813,-0.957,0.543,3.047,-0.730,22.582,9.656,0.512,0.684,1.145,1.359,3,NULL,NULL,,3,0,2,7,255,1019,250,0,0
stim,23017,53138,0,53138,3250469.455,0.818,0.199,0.190,0.505,0,0,951,0,2347,0,2151,861,58,1.313,1,2084,0,508.337,24.091,-147.563,-483.250,-55.688,-0.883,0.465,3.445,-1.523,24.043,10.848,0.602,0.774,1.145,1.359,3,NULL,NULL,,3,0,2,7,255,1019,250,0,0
stim,23043,53164,0,53164,3250474.454,0.811,0.218,0.203,0.503,0,0,713,0,2103,0,1823,727,58,1.313,1,2084,0,541.942,25.051,-216.063,-495.625,-37.063,-0.758,0.211,3.371,-2.301,24.945,12.793,0.706,0.878,1.145,1.359,3,NULL,NULL,,3,0,2,7,255,1019,250,0,0
stim,23043,53164,0,53164,3250479.455,0.804,0.239,0.214,0.500,0,0,509,0,1831,0,1431,619,58,1.313,1,2084,0,586.479,25.258,-283.438,-513.438,1.500,-0.680,-0.227,2.629,-3.965,24.945,12.793,0.820,0.992,1.145,1.359,3,NULL,NULL,,3,0,2,7,255,1019,250,0,0
stim,23043,53164,0,53164,3250484.453,0.797,0.260,0.226,0.496,0,0,279,0,1501,0,854,471,58,1.313,1,2084,0,595.246,20.685,-276.875,-526.563,19.750,-0.500,-0.449,1.617,-6.813,19.531,7.035,0.944,1.116,1.145,1.359,3,NULL,NULL,,3,0,2,7,255,1019,250,0,0
stim,23043,53164,0,53164,3250489.455,0.790,0.278,0.241,0.490,0,0,165,0,1176,0,290,396,58,1.313,1,2084,0,567.762,13.802,-175.375,-539.813,14.125,-0.391,-0.469,1.129,-6.813,12.004,0.098,1.068,1.242,1.145,1.359,3,NULL,NULL,,3,0,2,7,255,1019,250,0,0
stim,23043,53164,0,53164,3250494.454,0.785,0.292,0.258,0.482,0,0,87,0,779,0,25,304,58,1.313,1,2084,0,548.669,13.754,-44.563,-545.938,31.688,-0.465,-0.059,1.551,-6.715,12.004,-2.340,1.188,1.366,1.145,1.359,3,NULL,NULL,,3,0,2,7,255,1019,250,0,0
stim,23043,53164,0,53164,3250499.455,0.780,0.305,0.275,0.472,0,0,28,0,329,0,0,249,58,1.313,1,2084,0,554.736,13.970,-0.313,-548.938,80.000,-0.809,0.398,2.246,-3.875,13.422,-2.340,1.302,1.482,1.145,1.359,3,NULL,NULL,,3,0,2,7,255,1019,250,0,0
stim,23074,53195,0,53195,3250504.453,0.776,0.320,0.290,0.459,0,0,19,0,0,0,0,164,58,1.313,1,2084,0,583.780,22.381,-68.500,-557.375,159.500,-1.336,0.664,2.406,-2.625,22.227,-2.340,1.406,1.592,1.145,1.359,3,NULL,NULL,,3,0,2,7,255,1019,250,0,0
stim,23074,53195,0,53195,3250509.455,0.771,0.339,0.303,0.447,0,0,12,0,0,0,0,126,58,1.313,1,2084,0,599.654,26.891,-159.813,-550.875,174.875,-1.520,1.035,2.047,-2.250,26.797,-6.566,1.502,1.690,1.145,1.359,4,NULL,NULL,,3,0,2,7,255,1019,250,0,0
stim,23074,53195,0,53195,3250514.454,0.763,0.358,0.313,0.438,0,0,0,0,0,0,0,73,58,1.313,1,2084,0,572.308,26.797,-233.438,-511.000,109.188,-1.086,1.434,1.516,0.055,26.797,-12.387,1.588,1.782,1.145,1.359,0,NULL,NULL,,3,0,2,7,255,1019,250,0,0
stim,23074,53195,0,53195,3250519.455,0.753,0.378,0.321,0.432,0,0,3,0,0,0,0,31,58,1.313,1,2084,0,544.937,22.544,-312.375,-441.125,69.188,-0.805,1.410,1.031,6.016,21.727,-14.289,1.676,1.874,1.145,1.359,0,NULL,NULL,,3,0,2,7,255,1019,250,0,0
stim,23119,53240,0,53240,3250524.454,0.744,0.401,0.321,0.429,0,0,3,0,0,0,0,37,58,1.313,1,2084,0,569.148,17.918,-443.125,-335.000,123.875,-0.672,1.500,0.176,7.707,16.176,-15.383,1.778,1.978,1.145,1.359,0,NULL,NULL,,3,0,2,7,255,1019,250,0,0
stim,23119,53240,0,53240,3250529.455,0.735,0.419,0.319,0.427,0,0,0,0,0,0,0,43,58,1.313,1,2084,0,470.249,11.979,-404.688,-227.188,75.813,-0.520,1.188,-0.754,8.777,8.152,-19.367,1.894,2.098,1.145,1.359,0,NULL,NULL,,3,0,2,7,255,1019,250,0,0
stim,23119,53241,0,53241,3250534.454,0.731,0.426,0.320,0.426,0,0,0,0,0,0,0,59,58,1.313,1,2084,0,176.169,8.975,-123.625,-123.750,20.938,-0.730,-0.414,-0.586,8.777,-1.871,-19.367,2.018,2.224,1.145,1.359,0,NULL,NULL,,3,0,2,7,255,1019,250,0,0
stim,23119,53241,0,53241,3250539.455,0.731,0.425,0.323,0.424,0,0,0,0,0,0,0,58,58,1.313,1,2084,0,74.688,6.651,54.250,-51.250,-2.938,-1.074,-1.172,0.984,-6.383,-1.871,-16.723,2.138,2.346,1.145,1.359,0,NULL,NULL,,3,0,2,7,255,1019,250,0,0
stim,23119,53241,0,53241,3250544.453,0.730,0.425,0.321,0.427,0,0,0,0,0,0,0,60,58,1.313,1,2084,0,79.801,14.522,-52.750,43.875,-40.750,-1.160,-0.551,1.566,-11.023,9.453,-10.871,2.240,2.448,1.145,1.359,0,NULL,NULL,,3,0,2,7,255,1019,250,0,0
stim,23119,53241,0,53241,3250549.455,0.728,0.428,0.315,0.434,0,0,0,0,0,0,0,23,58,1.313,1,2084,0,230.116,14.960,-181.875,130.688,-52.875,-0.887,0.641,0.629,-11.023,10.113,-10.871,2.314,2.522,1.145,1.359,0,NULL,NULL,,3,0,2,7,255,1019,250,0,0
stim,23119,53241,0,53241,3250554.454,0.727,0.428,0.307,0.440,0,0,0,0,0,0,0,8,58,1.313,1,2084,0,233.609,10.230,-138.250,186.875,-23.188,-0.719,1.320,-0.238,1.539,10.113,-16.680,2.358,2.568,1.145,1.359,0,NULL,NULL,,3,0,2,7,255,1019,250,0,0
stim,23119,53241,0,53241,3250559.455,0.730,0.424,0.300,0.445,0,0,0,0,0,0,0,10,58,1.313,1,2084,0,213.703,8.024,-10.000,213.438,3.688,-0.879,1.109,-0.055,6.105,5.207,-21.059,2.388,2.600,1.145,1.359,0,NULL,NULL,,3,0,2,7,255,1019,250,0,0
stim,23119,53241,0,53241,3250564.453,0.733,0.418,0.294,0.449,0,0,0,0,0,0,0,18,58,1.313,1,2084,0,234.085,8.024,39.250,230.750,-3.125,-1.047,0.504,0.613,6.105,5.207,-21.059,2.418,2.634,1.145,1.359,0,NULL,NULL,,3,0,2,7,255,1019,250,0,0
stim,23119,53241,0,53241,3250569.455,0.736,0.414,0.286,0.454,0,0,0,0,0,0,0,12,58,1.313,1,2084,0,244.813,10.567,-7.563,243.938,-19.250,-0.965,0.168,0.793,-0.145,10.566,-17.078,2.456,2.676,1.145,1.359,0,NULL,NULL,,3,0,2,7,255,1019,250,0,0
stim,23142,53263,0,53263,3250574.455,0.737,0.410,0.277,0.460,0,0,0,0,0,0,0,11,58,1.313,1,2084,0,256.942,10.627,-58.125,249.875,-14.250,-0.746,0.234,0.406,-1.133,10.566,-14.410,2.494,2.714,1.145,1.359,0,NULL,NULL,,3,0,2,7,255,1019,250,0,0
stim,23142,53263,0,53263,3250579.455,0.739,0.407,0.268,0.465,0,0,0,0,0,0,0,18,58,1.313,1,2084,0,254.465,7.257,-50.625,249.188,9.750,-0.609,0.441,-0.074,-1.133,7.168,-14.410,2.524,2.748,1.145,1.359,0,NULL,NULL,,3,0,2,7,255,1019,250,0,0
stim,23142,53263,0,53263,3250584.453,0.742,0.402,0.260,0.468,0,0,0,0,0,0,0,16,58,1.313,1,2084,0,247.594,3.286,-3.000,245.813,29.500,-0.609,0.504,-0.242,1.270,3.031,-16.410,2.554,2.778,1.145,1.359,0,NULL,NULL,,3,0,2,7,255,1019,250,0,0
stim,23142,53263,0,53263,3250589.455,0.746,0.396,0.252,0.471,0,0,0,0,0,0,0,8,58,1.313,1,2084,0,250.368,2.867,39.563,244.750,34.875,-0.613,0.406,-0.156,1.270,2.570,-16.633,2.590,2.816,1.145,1.359,0,NULL,NULL,,3,0,2,7,255,1019,250,0,0
stim,23169,53290,0,53290,3250594.453,0.751,0.389,0.245,0.474,0,0,0,0,0,0,0,0,58,1.313,1,2084,0,256.477,2.722,58.438,246.938,37.250,-0.535,0.297,-0.035,0.895,2.570,-16.633,2.630,2.856,1.145,1.359,0,NULL,NULL,,3,0,2,7,255,1019,250,0,0
stim,23169,53290,0,53290,3250599.455,0.755,0.382,0.237,0.476,0,0,0,0,0,0,0,0,58,1.313,1,2084,0,264.454,2.948,69.313,250.750,47.500,-0.445,0.254,0.012,0.254,2.938,-14.957,2.666,2.896,1.145,1.359,0,NULL,NULL,,3,0,2,7,255,1019,250,0,0
stim,23169,53290,0,53290,3250604.453,0.761,0.375,0.230,0.478,0,0,0,0,0,0,0,0,58,1.313,1,2084,0,275.932,3.050,87.063,254.375,62.063,-0.434,0.254,0.070,0.254,3.039,-13.820,2.698,2.930,1.145,1.359,0,NULL,NULL,,3,0,2,7,255,1019,250,0,0
stim,23169,53290,0,53290,3250609.455,0.766,0.366,0.222,0.479,0,0,0,0,0,0,0,0,58,1.313,1,2084,0,288.239,3.456,106.125,258.688,70.000,-0.469,0.266,0.219,0.273,3.445,-13.313,2.724,2.956,1.145,1.359,0,NULL,NULL,,3,0,2,7,255,1019,250,0,0
stim,23169,53290,0,53290,3250614.453,0.772,0.357,0.215,0.480,0,0,0,0,0,0,0,0,58,1.313,1,2084,0,296.944,4.903,116.188,264.625,68.188,-0.477,0.266,0.414,0.289,4.895,-12.609,2.746,2.980,1.145,1.359,0,NULL,NULL,,3,0,2,7,255,1019,250,0,0
stim,23169,53290,0,53290,3250619.455,0.777,0.348,0.207,0.481,0,0,0,0,0,0,0,0,58,1.313,1,2084,0,302.671,6.483,115.063,272.563,63.875,-0.434,0.262,0.578,0.289,6.477,-11.313,2.768,3.002,1.145,1.359,0,NULL,NULL,,3,0,2,7,255,1019,250,0,0
stim,23209,53330,0,53330,3250624.454,0.783,0.339,0.199,0.483,0,0,0,0,0,0,0,0,58,1.313,1,2084,0,308.061,7.453,107.688,281.750,62.625,-0.391,0.270,0.680,0.535,7.434,-9.793,2.788,3.024,1.145,1.359,0,NULL,NULL,,3,0,2,7,255,1019,250,0,0
stim,23209,53330,0,53330,3250629.455,0.788,0.330,0.190,0.484,0,0,0,0,0,0,0,0,58,1.313,1,2084,0,314.833,7.983,100.500,291.875,61.875,-0.395,0.258,0.750,0.730,7.949,-8.668,2.808,3.046,1.145,1.359,0,NULL,NULL,,3,0,2,7,255,1019,250,0,0
stim,23235,53356,0,53356,3250634.453,0.792,0.321,0.181,0.486,0,0,0,0,0,0,0,0,58,1.313,1,2084,0,321.467,8.407,93.938,302.188,56.563,-0.434,0.242,0.816,0.730,8.375,-7.973,2.828,3.068,1.145,1.359,0,NULL,NULL,,3,0,2,7,255,1019,250,0,0
stim,23235,53356,0,53356,3250639.455,0.797,0.311,0.172,0.489,0,0,0,0,0,0,0,0,58,1.313,1,2084,0,327.813,8.977,85.750,313.000,46.250,-0.438,0.180,0.852,0.469,8.965,-7.449,2.850,3.092,1.145,1.359,0,NULL,NULL,,3,0,2,7,255,1019,250,0,0
stim,23235,53356,0,53356,3250644.454,0.801,0.302,0.162,0.491,0,0,0,0,0,0,0,1,58,1.313,1,2084,0,334.711,8.965,79.813,322.500,40.688,-0.438,0.145,0.852,-0.035,8.965,-6.758,2.876,3.118,1.145,1.359,0,NULL,NULL,,3,0,2,7,255,1019,250,0,0
stim,23235,53356,0,53356,3250649.455,0.805,0.292,0.151,0.495,0,0,0,0,0,0,0,0,58,1.313,1,2084,0,341.863,8.857,76.625,331.625,32.000,-0.457,0.160,0.852,-0.176,8.855,-6.375,2.902,3.146,1.145,1.359,0,NULL,NULL,,3,0,2,7,255,1019,250,0,0
stim,23235,53356,0,53356,3250654.453,0.808,0.282,0.141,0.498,0,0,0,0,0,0,0,1,58,1.313,1,2084,0,349.116,8.782,76.438,339.813,23.813,-0.422,0.117,0.855,-0.277,8.777,-6.277,2.932,3.178,1.145,1.359,0,NULL,NULL,,3,0,2,7,255,1019,250,0,0
stim,23235,53356,0,53356,3250659.455,0.811,0.272,0.130,0.501,0,0,0,0,0,0,0,5,58,1.313,1,2084,0,355.503,8.394,75.125,346.938,19.313,-0.426,0.121,0.840,-0.250,8.391,-5.656,2.964,3.212,1.145,1.359,0,NULL,NULL,,3,0,2,7,255,1019,250,0,0
stim,23235,53356,0,53356,3250664.454,0.814,0.261,0.119,0.505,0,0,0,0,0,0,0,9,58,1.313,1,2084,0,361.865,8.205,77.125,353.375,11.125,-0.422,0.094,0.801,-0.316,8.199,-5.570,2.996,3.246,1.145,1.359,0,NULL,NULL,,3,0,2,7,255,1019,250,0,0
stim,23235,53356,0,53356,3250669.455,0.817,0.250,0.108,0.509,0,0,0,0,0,0,0,7,58,1.313,1,2084,0,367.899,7.776,86.063,357.625,6.875,-0.383,0.055,0.762,-0.410,7.766,-5.527,3.030,3.282,1.145,1.359,0,NULL,NULL,,3,0,2,7,255,1019,250,0,0
stim,23235,53356,0,53356,3250674.454,0.819,0.239,0.098,0.512,0,0,0,0,0,0,0,7,58,1.313,1,2084,0,373.659,7.172,99.563,360.125,4.313,-0.387,0.105,0.785,-0.410,7.160,-5.324,3.068,3.320,1.145,1.359,0,NULL,NULL,,3,0,2,7,255,1019,250,0,0
stim,23235,53356,0,53356,3250679.455,0.821,0.227,0.088,0.516,0,0,0,0,0,0,0,7,58,1.313,1,2084,0,378.132,7.160,112.313,361.000,-7.000,-0.434,0.188,0.840,-0.043,7.160,-5.086,3.106,3.360,1.145,1.359,0,NULL,NULL,,3,0,2,7,255,1019,250,0,0
stim,23254,53375,1,53375,3250684.454,0.823,0.214,0.078,0.520,0,0,0,0,0,0,0,9,58,1.313,1,2084,0,383.162,7.160,126.063,361.625,-12.188,-0.277,-0.031,0.867,-0.043,7.160,-4.801,3.144,3.402,1.145,1.359,0,NULL,NULL,,3,1,2,7,255,1019,250,0,0
stim,23254,53375,1,53375,3250689.455,0.825,0.201,0.068,0.523,0,0,0,0,0,0,0,10,58,1.313,1,2084,0,384.918,6.232,139.500,358.750,0.375,-0.289,0.035,0.941,0.121,6.230,-3.113,3.186,3.446,1.145,1.359,0,NULL,NULL,,3,1,2,7,255,1019,250,0,0
stim,23254,53375,1,53375,3250694.453,0.827,0.187,0.059,0.526,0,0,0,0,0,0,0,7,58,1.313,1,2084,0,386.533,6.232,149.813,356.313,-2.375,-0.320,0.168,1.008,0.121,6.230,-2.492,3.226,3.488,1.145,1.359,0,NULL,NULL,,3,1,2,7,255,1019,250,0,0
stim,23254,53375,1,53375,3250699.455,0.829,0.173,0.050,0.529,0,0,0,0,0,0,0,7,58,1.313,1,2084,0,389.503,6.355,164.000,353.125,-10.938,-0.219,0.109,1.066,1.254,6.230,-2.141,3.268,3.532,1.145,1.359,0,NULL,NULL,,3,1,2,7,255,1019,250,0,0
stim,23254,53375,1,53375,3250704.454,0.831,0.158,0.042,0.532,0,0,0,0,0,0,0,11,58,1.313,1,2084,0,391.606,5.971,176.188,349.625,-8.688,-0.125,0.070,1.125,1.262,5.836,-0.977,3.308,3.576,1.145,1.359,0,NULL,NULL,,3,1,2,7,255,1019,250,0,0
stim,23254,53375,1,53375,3250709.455,0.832,0.143,0.034,0.535,0,0,0,0,0,0,0,22,58,1.313,1,2084,0,393.155,5.052,188.875,344.813,1.313,-0.113,0.148,1.211,1.410,4.852,0.078,3.348,3.618,1.145,1.359,0,NULL,NULL,,3,1,2,7,255,1019,250,0,0
stim,23290,53411,1,53411,3250714.453,0.834,0.128,0.026,0.537,0,0,0,0,0,0,0,37,58,1.313,1,2084,0,395.428,5.341,201.063,340.375,9.063,-0.145,0.207,1.332,2.234,4.852,0.898,3.388,3.660,1.145,1.359,0,NULL,NULL,,3,1,2,7,255,1019,250,0,0
stim,23290,53411,1,53411,3250719.455,0.835,0.112,0.019,0.538,0,0,0,0,0,0,0,38,58,1.313,1,2084,0,399.527,5.862,215.000,336.563,11.063,-0.176,0.184,1.473,2.504,5.301,2.027,3.426,3.700,1.145,1.359,0,NULL,NULL,,3,1,2,7,255,1019,250,0,0
stim,23315,53436,1,53436,3250724.454,0.836,0.096,0.012,0.539,0,0,0,0,0,0,0,36,58,1.313,1,2084,0,403.492,5.901,226.250,333.875,12.000,-0.203,0.164,1.664,2.504,5.344,3.547,3.464,3.740,1.145,1.359,0,NULL,NULL,,3,1,2,7,255,1019,250,0,0
stim,23315,53436,1,53436,3250729.455,0.837,0.080,0.005,0.541,0,0,0,0,0,0,0,35,58,1.313,1,2084,0,402.913,5.951,227.625,332.313,9.688,-0.207,0.219,1.891,2.504,5.398,5.590,3.500,3.778,1.145,1.359,0,NULL,NULL,,3,1,2,7,255,1019,250,0,0
stim,23315,53436,1,53436,3250734.453,0.838,0.064,-0.002,0.542,0,0,0,0,0,0,0,37,58,1.313,1,2084,0,396.581,6.163,217.688,331.438,6.125,-0.195,0.258,2.051,2.973,5.398,7.867,3.534,3.816,1.145,1.359,0,NULL,NULL,,3,1,2,7,255,1019,250,0,0
stim,23315,53436,1,53436,3250739.455,0.838,0.049,-0.009,0.543,0,0,0,0,0,0,0,40,58,1.313,1,2084,0,389.237,6.028,207.188,329.313,11.500,-0.211,0.238,2.168,3.242,5.082,9.551,3.568,3.850,1.145,1.359,0,NULL,NULL,,3,1,2,7,255,1019,250,0,0
stim,23315,53436,1,53436,3250744.453,0.838,0.034,-0.016,0.544,0,0,0,0,0,0,0,38,58,1.313,1,2084,0,384.080,5.698,197.750,329.250,2.563,-0.180,0.242,2.281,3.430,4.551,10.887,3.600,3.884,1.145,1.359,0,NULL,NULL,,3,1,2,7,255,1019,250,0,0
stim,23315,53436,1,53436,3250749.455,0.838,0.019,-0.024,0.545,0,0,0,0,0,0,0,43,58,1.313,1,2084,0,377.368,4.893,183.813,329.563,-2.813,-0.152,0.082,2.289,3.242,3.664,12.164,3.630,3.916,1.145,1.359,0,NULL,NULL,,3,1,2,7,255,1019,250,0,0
stim,23315,53436,1,53436,3250754.454,0.837,0.005,-0.032,0.546,0,0,0,0,0,0,0,39,58,1.313,1,2084,0,375.819,2.909,176.750,331.625,-4.938,-0.070,0.055,2.301,2.098,2.016,12.516,3.660,3.948,1.145,1.359,0,NULL,NULL,,3,1,2,7,255,1019,250,0,0
stim,23315,53436,1,53436,3250759.455,0.836,-0.010,-0.040,0.546,0,0,0,0,0,0,0,39,58,1.313,1,2084,0,376.008,2.080,171.188,334.688,-7.813,-0.066,-0.051,2.191,2.035,0.430,12.516,3.688,3.976,1.145,1.359,0,NULL,NULL,,3,1,2,7,255,1019,250,0,0
stim,23315,53436,1,53436,3250764.453,0.835,-0.024,-0.048,0.548,0,0,0,0,0,0,0,43,58,1.313,1,2084,0,383.007,1.246,181.938,336.688,-15.313,0.027,-0.082,2.152,1.031,-0.699,11.648,3.714,4.004,1.145,1.359,0,NULL,NULL,,3,1,2,7,255,1019,250,0,0
stim,23315,53436,1,53436,3250769.455,0.833,-0.039,-0.055,0.549,0,0,0,0,0,0,0,47,58,1.313,1,2084,0,392.939,2.528,200.188,337.625,-18.313,0.121,-0.242,2.121,1.004,-2.320,11.160,3.736,4.030,1.145,1.359,0,NULL,NULL,,3,1,2,7,255,1019,250,0,0
stim,23344,53465,1,53465,3250774.454,0.831,-0.056,-0.062,0.550,0,0,0,0,0,0,0,51,58,1.313,1,2084,0,407.258,4.469,227.188,336.750,-29.063,0.273,-0.309,2.215,-0.199,-4.465,11.160,3.756,4.050,1.145,1.359,0,NULL,NULL,,3,1,2,7,255,1019,250,0,0
stim,23344,53465,1,53465,3250779.455,0.828,-0.073,-0.068,0.551,0,0,0,0,0,0,0,53,58,1.313,1,2084,0,420.984,6.925,254.063,334.125,-32.250,0.555,-0.281,2.379,-0.199,-6.922,11.188,3.770,4.066,1.145,1.359,0,NULL,NULL,,3,1,2,7,255,1019,250,0,0
stim,23344,53465,1,53465,3250784.453,0.825,-0.090,-0.073,0.553,0,0,0,0,0,0,0,56,58,1.313,1,2084,0,433.514,10.387,276.063,332.563,-33.563,0.820,-0.277,2.551,0.898,-10.348,11.973,3.778,4.074,1.145,1.359,0,NULL,NULL,,3,1,2,7,255,1019,250,0,0
stim,23344,53465,1,53465,3250789.455,0.822,-0.109,-0.078,0.554,0,0,0,0,0,0,0,54,58,1.313,1,2084,0,442.015,13.905,293.500,329.063,-30.875,1.043,-0.297,2.754,1.699,-13.801,12.684,3.778,4.076,1.145,1.359,0,NULL,NULL,,3,1,2,7,255,1019,250,0,0
stim,23344,53465,1,53465,3250794.454,0.819,-0.127,-0.083,0.554,0,0,0,0,0,0,0,55,58,1.313,1,2084,0,442.770,17.294,299.813,325.125,-21.250,1.215,-0.320,2.926,2.055,-17.172,13.547,3.768,4.068,1.145,1.359,0,NULL,NULL,,3,1,2,7,255,1019,250,0,0
stim,23344,53465,1,53465,3250799.455,0.815,-0.145,-0.087,0.554,0,0,0,0,0,0,0,53,58,1.313,1,2084,0,438.261,20.171,298.813,320.313,-13.563,1.336,-0.340,3.055,2.055,-20.066,14.051,3.750,4.050,1.145,1.359,0,NULL,NULL,,3,1,2,7,255,1019,250,0,0
stim,23374,53495,1,53495,3250804.453,0.811,-0.163,-0.091,0.554,0,0,0,0,0,0,0,51,58,1.313,1,2084,0,432.119,22.536,295.750,314.750,-13.813,1.438,-0.348,3.184,1.980,-22.449,14.184,3.718,4.020,1.145,1.359,0,NULL,NULL,,3,1,2,7,255,1019,250,0,0
stim,23374,53495,1,53495,3250809.455,0.807,-0.181,-0.096,0.554,0,0,0,0,0,0,0,58,58,1.313,1,2084,0,416.945,24.683,278.313,309.938,-18.000,1.480,-0.383,3.273,1.852,-24.613,14.184,3.672,3.976,1.145,1.359,0,NULL,NULL,,3,1,2,7,255,1019,250,0,0
stim,23374,53495,1,53495,3250814.454,0.803,-0.197,-0.101,0.554,0,0,0,0,0,0,0,61,58,1.313,1,2084,0,396.432,26.304,253.625,303.688,-24.625,1.551,-0.273,3.395,1.852,-26.238,14.172,3.610,3.916,1.145,1.359,0,NULL,NULL,,3,1,2,7,255,1019,250,0,0
stim,23374,53495,1,53495,3250819.455,0.798,-0.211,-0.106,0.554,0,0,0,0,0,0,0,68,58,1.313,1,2084,0,373.617,27.818,222.125,297.250,-43.500,1.813,-0.043,3.488,2.102,-27.738,14.031,3.534,3.844,1.145,1.359,0,NULL,NULL,,3,1,2,7,255,1019,250,0,0
stim,23420,53541,1,53541,3250824.454,0.794,-0.224,-0.112,0.554,0,0,0,0,0,0,0,75,58,1.313,1,2084,0,344.553,30.743,173.875,290.688,-63.125,2.234,-0.023,3.453,4.770,-30.371,13.523,3.446,3.756,1.145,1.359,0,NULL,NULL,,3,1,2,7,255,1019,250,0,0
stim,23420,53541,1,53541,3250829.455,0.789,-0.234,-0.120,0.555,0,0,0,0,0,0,0,100,58,1.313,1,2084,0,306.816,34.784,109.688,279.500,-63.125,2.684,-0.230,3.184,5.914,-34.277,10.586,3.344,3.656,1.145,1.359,0,NULL,NULL,,3,1,2,7,255,1019,250,0,0
stim,23420,53541,1,53541,3250834.454,0.786,-0.242,-0.129,0.554,0,0,0,0,0,0,0,139,58,1.313,1,2084,0,273.515,38.183,48.438,264.625,-49.375,3.098,-0.422,2.664,5.914,-37.723,4.957,3.234,3.546,1.145,1.359,0,NULL,NULL,,3,1,2,7,255,1019,250,0,0
stim,23420,53541,1,53541,3250839.455,0.783,-0.248,-0.137,0.553,0,0,0,0,0,0,0,172,58,1.313,1,2084,0,248.630,39.681,15.813,246.063,-31.938,3.484,-0.531,2.035,5.914,-39.238,-2.621,3.114,3.426,1.145,1.359,0,NULL,NULL,,3,1,2,7,255,1019,250,0,0
stim,23420,53541,1,53541,3250844.454,0.781,-0.254,-0.144,0.552,0,0,0,0,0,0,0,213,58,1.313,1,2084,0,223.670,39.930,16.750,222.063,-20.875,3.949,-0.641,1.484,6.422,-39.410,-10.758,2.982,3.294,1.145,1.359,0,NULL,NULL,,3,1,2,7,255,1019,250,0,0
stim,23420,53541,1,53541,3250849.455,0.779,-0.260,-0.150,0.550,0,0,0,0,0,0,0,259,58,1.313,1,2084,0,210.339,40.953,47.563,204.688,9.125,4.426,-0.746,0.852,7.191,-40.316,-18.582,2.836,3.146,1.145,1.359,0,NULL,NULL,,3,1,2,7,255,1019,250,0,0
stim,23420,53541,1,53541,3250854.453,0.778,-0.267,-0.153,0.547,0,0,0,0,0,0,0,277,58,1.313,1,2084,0,183.980,41.176,82.625,161.313,31.625,4.500,-1.570,0.672,7.191,-40.543,-27.109,2.674,2.984,1.145,1.359,0,NULL,NULL,,3,1,2,7,255,1019,250,0,0
stim,23420,53541,1,53541,3250859.455,0.777,-0.274,-0.155,0.545,0,0,0,0,0,0,0,277,58,1.313,1,2084,0,168.340,42.069,96.563,125.813,56.438,4.551,-2.219,0.508,0.953,-42.059,-31.359,2.500,2.808,1.145,1.359,0,NULL,NULL,,3,1,2,7,255,1019,250,0,0
stim,23420,53541,1,53541,3250864.454,0.776,-0.283,-0.153,0.542,0,0,0,0,0,0,0,265,58,1.313,1,2084,0,223.351,42.301,184.313,92.063,86.250,4.211,-2.277,0.332,-4.523,-42.059,-34.934,2.322,2.624,1.145,1.359,0,NULL,NULL,,3,1,2,7,255,1019,250,0,0
stim,23420,53541,1,53541,3250869.455,0.775,-0.295,-0.146,0.540,0,0,0,0,0,0,0,261,58,1.313,1,2084,0,324.513,41.955,301.188,44.188,112.438,4.074,-2.582,0.820,-5.863,-41.543,-34.934,2.136,2.434,1.145,1.359,0,NULL,NULL,,3,1,2,7,255,1019,250,0,0
stim,23440,53561,1,53561,3250874.454,0.774,-0.309,-0.135,0.536,0,0,0,0,0,0,0,247,58,1.313,1,2084,0,413.769,42.331,381.188,0.625,160.938,3.500,-2.172,1.992,-8.129,-41.543,-32.176,1.948,2.238,1.145,1.359,0,NULL,NULL,,3,1,2,7,255,1019,250,0,0
stim,23440,53561,1,53561,3250879.455,0.772,-0.321,-0.123,0.534,0,0,0,0,0,0,0,227,58,1.313,1,2084,0,383.863,42.331,356.188,-45.500,135.688,2.359,-0.906,3.316,-8.129,-41.543,-19.676,1.756,2.040,1.145,1.359,0,NULL,NULL,,3,1,2,7,255,1019,250,0,0
stim,23440,53561,1,53561,3250884.454,0.772,-0.326,-0.114,0.534,0,0,0,0,0,0,0,309,58,1.313,1,2084,0,247.531,43.201,211.500,-94.250,87.500,2.590,-0.723,4.520,-2.992,-43.098,-0.023,1.562,1.838,1.145,1.359,0,NULL,NULL,,3,1,2,7,255,1019,250,0,0
stim,23440,53561,1,53561,3250889.455,0.775,-0.330,-0.101,0.529,175,0,0,572,0,0,0,425,58,1.313,1,2084,0,335.488,43.478,177.563,-173.625,225.563,1.055,-1.742,5.234,-2.992,-43.375,8.551,1.368,1.634,1.145,1.359,0,NULL,NULL,,3,1,2,7,255,1019,250,0,0
stim,23468,53589,1,53589,3250894.453,0.782,-0.339,-0.074,0.517,911,0,0,1290,0,103,0,520,58,1.313,1,2084,0,727.671,47.408,412.000,-297.188,521.000,-0.012,1.219,8.480,-7.012,-46.887,18.203,1.172,1.428,1.145,1.359,0,NULL,NULL,,3,1,2,7,255,1019,250,0,0
stim,23468,53589,1,53589,3250899.455,0.800,-0.315,-0.080,0.504,1481,0,0,1727,0,437,0,566,58,1.313,1,2084,0,749.954,43.938,-656.063,-112.438,345.500,-1.570,3.047,5.445,-7.012,-43.375,51.738,0.980,1.220,1.145,1.359,0,NULL,NULL,,3,1,2,7,255,1019,250,0,0
stim,23468,53589,1,53589,3250904.454,0.819,-0.274,-0.097,0.495,1939,0,0,1956,0,601,0,605,58,1.313,1,2085,0,1133.428,13.823,-1110.188,-142.250,178.625,-1.223,5.055,0.199,9.625,-9.922,51.738,0.792,1.010,1.145,1.359,1,1025.000,6.000,,3,1,2,7,255,1019,250,0,0
stim,23468,53589,1,53589,3250909.455,0.830,-0.246,-0.108,0.489,2197,0,0,2088,0,877,0,683,58,1.313,1,2085,0,744.222,31.966,-730.438,-101.438,100.188,-2.238,3.293,-2.180,17.648,26.652,13.180,0.618,0.796,1.145,1.359,1,NULL,NULL,,3,1,2,7,255,1019,250,0,0
stim,23468,53589,1,53589,3250914.453,0.834,-0.231,-0.111,0.489,2373,0,0,2167,0,1051,0,763,58,1.313,1,2085,0,362.964,31.966,-341.688,-119.625,-26.125,-1.785,0.824,-1.465,17.648,26.652,-10.141,0.474,0.582,1.145,1.359,1,NULL,NULL,,3,1,2,7,255,1019,250,0,0
stim,23468,53589,1,53589,3250919.455,0.833,-0.225,-0.109,0.493,2485,0,0,2248,0,1229,0,827,58,1.313,1,2085,0,165.385,23.738,-77.625,-126.625,-72.750,-0.199,-0.035,0.637,-1.418,23.695,-10.141,0.402,0.386,1.145,1.359,1,NULL,NULL,,3,1,2,7,255,1019,250,0,0
stim,23515,53636,1,53636,3250924.454,0.836,-0.220,-0.106,0.492,2639,0,0,2445,0,1365,0,921,58,1.313,1,2085,0,144.691,2.163,-66.188,-120.563,44.938,0.559,1.723,1.270,-1.418,-1.633,-3.617,0.418,0.258,1.145,1.359,1,NULL,NULL,,3,1,2,7,255,1019,250,0,0
stim,23515,53636,1,53636,3250929.455,0.841,-0.214,-0.103,0.487,2781,0,0,2631,0,1435,0,1007,58,1.313,1,2085,0,229.963,14.588,-139.750,-111.438,144.688,-0.211,1.859,1.668,14.496,-1.633,3.082,0.468,0.234,1.145,1.359,2,NULL,NULL,,3,1,2,7,255,1019,250,0,0
stim,23515,53636,0,53636,3250934.453,0.849,-0.199,-0.102,0.478,2868,0,0,2757,0,1478,0,1107,58,1.313,1,2085,0,429.436,14.696,-317.813,-176.063,228.938,-1.996,-0.418,0.895,14.496,2.418,4.367,0.502,0.286,1.145,1.359,2,NULL,NULL,,3,0,2,7,255,1014,250,0,0
stim,23515,53636,0,53636,3250939.455,0.854,-0.181,-0.103,0.477,2937,0,0,2855,0,1525,0,1229,58,1.313,1,2085,0,424.277,16.614,-386.438,-172.875,28.125,-2.477,-1.602,-0.273,-13.711,9.383,4.367,0.526,0.356,1.145,1.359,2,NULL,NULL,,3,0,2,7,255,1014,250,0,0
stim,23515,53636,0,53636,3250944.454,0.853,-0.169,-0.102,0.483,2991,0,0,2928,0,1557,0,1325,58,1.313,1,2085,0,327.170,22.396,-213.125,-186.063,-164.313,-1.383,-1.547,-0.770,-20.336,9.383,-6.660,0.560,0.420,1.145,1.359,2,NULL,NULL,,3,0,2,7,255,1014,250,0,0
stim,23515,53636,0,53636,3250949.455,0.850,-0.163,-0.096,0.492,3029,0,0,2997,0,1597,0,1421,58,1.313,1,2085,0,289.726,21.213,-4.750,-195.250,-214.000,0.125,-0.863,0.238,-20.336,6.035,-9.355,0.604,0.472,1.145,1.359,2,NULL,NULL,,3,0,2,7,255,1014,250,0,0
stim,23515,53636,0,53636,3250954.453,0.847,-0.161,-0.088,0.499,3062,0,0,3045,0,1656,0,1487,58,1.313,1,2085,0,240.144,8.957,58.938,-184.188,-142.375,0.887,-0.770,1.547,-6.758,-5.879,-9.355,0.648,0.518,1.145,1.359,2,NULL,NULL,,3,0,2,7,255,1014,250,0,0
stim,23515,53636,0,53636,3250959.455,0.847,-0.156,-0.083,0.501,3065,0,0,3087,0,1733,0,1527,58,1.313,1,2085,0,171.317,16.692,-26.938,-163.938,-41.813,1.074,-1.207,2.203,-5.098,-15.895,0.547,0.668,0.548,1.145,1.359,2,NULL,NULL,,3,0,2,7,255,1014,250,0,0
stim,23515,53636,0,53636,3250964.453,0.850,-0.147,-0.081,0.499,3095,0,0,3118,0,1831,0,1549,58,1.313,1,2085,0,232.938,21.982,-162.125,-156.625,58.688,1.020,-1.617,1.863,-5.098,-21.383,2.430,0.650,0.558,1.145,1.359,2,NULL,NULL,,3,0,2,7,255,1014,250,0,0
stim,23515,53636,0,53636,3250969.455,0.855,-0.137,-0.079,0.494,3099,0,0,3151,0,1913,0,1576,58,1.313,1,2085,0,293.113,23.091,-206.813,-142.563,151.063,0.438,-1.383,0.848,-8.715,-21.383,2.430,0.610,0.554,1.145,1.359,2,NULL,NULL,,3,0,2,7,255,1014,250,0,0
stim,23553,53674,0,53674,3250974.454,0.860,-0.129,-0.076,0.487,3109,0,0,3160,0,2008,0,1607,58,1.313,1,2085,0,269.484,15.354,-140.563,-141.625,181.125,-0.355,-0.754,0.355,-8.715,-12.641,-4.777,0.562,0.534,1.145,1.359,2,NULL,NULL,,3,0,2,7,255,1014,250,0,0
stim,23553,53674,0,53674,3250979.455,0.864,-0.125,-0.071,0.483,3115,0,0,3180,27,2080,0,1671,58,1.313,1,2085,0,203.372,8.322,-53.125,-145.250,132.063,-0.676,-0.125,0.656,-8.102,-1.902,-4.777,0.516,0.492,1.145,1.359,2,NULL,NULL,,3,0,2,7,255,1014,250,0,0
stim,23553,53674,0,53674,3250984.453,0.866,-0.121,-0.066,0.481,3118,0,0,3181,124,2184,30,1754,58,1.313,1,2085,0,156.607,4.990,-27.563,-143.063,57.438,-0.527,0.254,1.242,-4.418,2.320,-2.152,0.474,0.428,1.145,1.359,2,NULL,NULL,,3,0,2,7,255,1014,250,0,0
stim,23553,53674,0,53674,3250989.455,0.867,-0.116,-0.062,0.481,3129,0,0,3185,447,2261,54,1895,58,1.313,1,2085,0,146.622,2.356,-57.688,-134.250,12.125,-0.188,0.246,1.406,-0.410,2.320,3.453,0.440,0.354,1.145,1.359,2,NULL,NULL,,3,0,2,7,255,1014,250,0,0
stim,23553,53674,0,53674,3250994.454,0.868,-0.111,-0.059,0.481,3117,0,0,3183,661,2302,191,2023,58,1.313,1,2085,0,139.400,1.459,-76.875,-116.250,-2.938,0.172,0.031,1.688,1.289,-0.684,4.211,0.418,0.282,1.145,1.359,2,NULL,NULL,,3,0,2,7,255,1014,250,0,0
stim,23553,53674,0,53674,3250999.455,0.867,-0.107,-0.058,0.483,3119,0,0,3193,917,2359,207,2124,58,1.313,1,2085,0,101.819,5.362,-72.000,-59.438,-40.625,0.430,-0.074,1.750,1.430,-5.168,5.938,0.400,0.228,1.145,1.359,2,NULL,NULL,,3,0,2,7,255,1014,250,0,0
stim,23553,53674,0,53674,3251004.453,0.867,-0.103,-0.058,0.484,3114,0,0,3187,1095,2393,217,2183,58,1.313,1,2085,0,95.517,6.699,-77.250,-48.000,-29.188,0.750,0.367,0.988,1.945,-6.410,5.938,0.384,0.192,1.145,1.359,2,NULL,NULL,,3,0,2,7,255,1014,250,0,0
stim,23553,53674,0,53674,3251009.455,0.867,-0.102,-0.057,0.484,3123,0,0,3195,1208,2411,229,2235,58,1.313,1,2085,0,38.231,9.054,-10.563,-36.375,5.188,0.555,0.402,1.059,6.395,-6.410,-0.398,0.372,0.176,1.145,1.359,2,NULL,NULL,,3,0,2,7,255,1014,250,0,0
stim,23584,53705,0,53705,3251014.454,0.868,-0.100,-0.057,0.483,3119,0,0,3182,1322,2437,240,2279,58,1.313,1,2085,0,52.044,7.980,-36.813,-20.938,30.250,-0.176,-0.309,1.484,6.395,-4.773,-0.398,0.370,0.164,1.145,1.359,2,NULL,NULL,,3,0,2,7,255,1014,250,0,0
stim,23584,53705,0,53705,3251019.455,0.869,-0.096,-0.058,0.483,3129,20,0,3192,1397,2449,269,2327,58,1.313,1,2085,0,101.994,4.570,-99.625,-20.000,-8.813,-0.551,-0.207,1.094,-3.156,-3.305,1.570,0.382,0.152,1.145,1.359,2,NULL,NULL,,3,0,2,7,255,1014,250,0,0
stim,23618,53739,0,53739,3251024.454,0.867,-0.093,-0.059,0.485,3123,31,0,3192,1497,2453,292,2348,58,1.313,1,2085,0,102.036,3.347,-66.813,-16.313,-75.375,-0.293,0.156,0.617,-3.156,1.113,1.570,0.406,0.136,1.145,1.359,2,NULL,NULL,,3,0,2,7,255,1014,250,0,0
stim,23618,53739,0,53739,3251029.455,0.866,-0.092,-0.059,0.489,3129,43,0,3189,1577,2459,298,2385,58,1.313,1,2085,0,90.438,1.114,-6.188,-17.563,-88.500,0.133,0.063,0.855,-0.051,1.113,-1.828,0.432,0.120,1.145,1.359,2,NULL,NULL,,3,0,2,7,255,1014,250,0,0
stim,23618,53739,0,53739,3251034.454,0.865,-0.091,-0.059,0.491,3117,59,0,3191,1622,2473,297,2407,58,1.313,1,2085,0,47.000,2.545,-8.750,-11.875,-44.625,0.238,-0.152,1.246,0.328,-2.523,-1.828,0.450,0.108,1.145,1.359,2,NULL,NULL,,3,0,2,7,255,1014,250,0,0
stim,23618,53739,0,53739,3251039.455,0.865,-0.089,-0.060,0.491,3119,96,0,3195,1675,2485,286,2426,58,1.313,1,2085,0,52.884,2.545,-52.000,-7.813,-5.625,-0.035,-0.055,1.188,0.328,-2.523,1.609,0.460,0.096,1.145,1.359,2,NULL,NULL,,3,0,2,7,255,1014,250,0,0
stim,23618,53739,0,53739,3251044.453,0.865,-0.086,-0.061,0.491,3117,103,0,3183,1715,2494,299,2449,58,1.313,1,2085,0,64.640,2.374,-62.125,-6.188,-16.750,-0.285,0.180,0.914,0.328,-2.352,1.609,0.466,0.086,1.145,1.359,2,NULL,NULL,,3,0,2,7,255,1014,250,0,0
stim,23618,53739,0,53739,3251049.455,0.864,-0.085,-0.062,0.493,3127,123,0,3191,1753,2515,317,2475,58,1.313,1,2085,0,66.394,1.235,-37.250,-6.063,-54.625,-0.270,0.141,0.867,0.199,1.219,-0.379,0.474,0.074,1.145,1.359,2,NULL,NULL,,3,0,2,7,255,1014,250,0,0
stim,23618,53739,0,53739,3251054.454,0.862,-0.083,-0.062,0.496,3123,138,0,3184,1785,2507,315,2475,58,1.313,1,2085,0,73.352,1.235,-21.000,-4.688,-70.125,-0.039,-0.020,1.027,0.199,1.219,-0.379,0.482,0.064,1.145,1.359,2,NULL,NULL,,3,0,2,7,255,1014,250,0,0
stim,23618,53739,0,53739,3251059.455,0.861,-0.082,-0.062,0.498,3129,147,0,3192,1827,2521,300,2488,58,1.313,1,2085,0,54.476,1.769,-23.375,-4.500,-49.000,0.102,0.031,1.074,0.199,-1.758,0.105,0.490,0.054,1.145,1.359,2,NULL,NULL,,3,0,2,7,255,1014,250,0,0
stim,23619,53740,0,53740,3251064.453,0.861,-0.081,-0.063,0.499,3123,171,21,3191,1849,2524,301,2485,58,1.313,1,2085,0,40.580,2.146,-27.188,-2.750,-30.000,0.016,0.090,1.043,1.230,-1.758,0.223,0.496,0.048,1.145,1.359,2,NULL,NULL,,3,0,2,7,255,1014,250,0,0
stim,23619,53740,0,53740,3251069.455,0.860,-0.080,-0.063,0.499,3129,173,57,3195,1876,2520,303,2503,58,1.313,1,2085,0,39.475,2.060,-29.313,0.313,-26.438,-0.066,0.020,1.016,1.230,-1.652,0.223,0.500,0.044,1.145,1.359,2,NULL,NULL,,3,0,2,7,255,1014,250,0,0
stim,23643,53764,0,53764,3251074.454,0.860,-0.078,-0.064,0.500,3121,197,120,3189,1895,2533,301,2505,58,1.313,1,2085,0,34.714,1.681,-25.875,0.875,-23.125,-0.070,-0.109,0.965,0.309,-1.652,0.074,0.504,0.038,1.145,1.359,2,NULL,NULL,,3,0,2,7,255,1014,250,0,0
stim,23643,53764,0,53764,3251079.455,0.860,-0.078,-0.064,0.501,3114,197,163,3189,1880,2532,301,2494,58,1.313,1,2085,0,23.614,1.922,-16.250,0.563,-17.125,-0.070,-0.129,0.934,-0.785,-1.754,-0.430,0.512,0.032,1.145,1.359,2,NULL,NULL,,3,0,2,7,255,1014,250,0,0
stim,23643,53764,0,53764,3251084.453,0.859,-0.077,-0.064,0.501,3117,202,207,3191,1920,2525,293,2507,58,1.313,1,2085,0,8.373,1.922,-6.000,-0.563,-5.813,-0.113,-0.023,0.980,-0.785,-1.754,-0.430,0.518,0.024,1.145,1.359,2,NULL,NULL,,3,0,2,7,255,1014,250,0,0
stim,23643,53764,0,53764,3251089.455,0.859,-0.077,-0.064,0.501,3114,204,237,3191,1934,2523,287,2495,58,1.313,1,2085,0,7.409,1.010,-1.438,-1.438,-7.125,-0.180,0.082,1.055,-0.258,-0.977,-0.191,0.524,0.016,1.145,1.359,2,NULL,NULL,,3,0,2,7,255,1014,250,0,0
stim,23643,53764,0,53764,3251094.454,0.859,-0.077,-0.064,0.502,3117,206,259,3191,1945,2521,288,2505,58,1.327,1,2085,1,12.839,0.389,-2.813,-1.500,-12.438,-0.160,0.152,1.082,0.383,-0.070,0.676,0.000,0.000,1.108,1.367,2,NULL,NULL,,3,0,2,7,255,1014,250,0,0
stim,23643,53764,0,53764,3251099.455,0.859,-0.077,-0.064,0.502,3109,211,271,3181,1955,2523,293,2508,58,1.327,1,2085,1,16.172,0.964,-6.125,-0.938,-14.938,-0.121,0.117,1.074,0.961,-0.070,0.777,0.006,0.002,1.108,1.367,2,NULL,NULL,,3,0,2,7,255,1014,250,0,0
stim,23673,53794,0,53794,3251104.453,0.859,-0.076,-0.064,0.503,3101,211,277,3163,1969,2523,297,2504,58,1.327,1,2085,1,13.258,1.043,-9.500,-2.125,-9.000,-0.121,0.055,1.035,0.961,-0.406,0.777,0.010,0.004,1.108,1.367,2,NULL,NULL,,3,0,2,7,255,1014,250,0,0
stim,23673,53794,0,53794,3251109.455,0.859,-0.076,-0.065,0.503,3096,214,335,3175,1983,2514,309,2509,58,1.327,1,2085,1,11.180,0.600,-10.000,-3.375,-3.688,-0.191,0.012,0.980,0.441,-0.406,0.371,0.014,0.006,1.108,1.367,2,NULL,NULL,,3,0,2,7,255,1014,250,0,0
stim,23673,53794,0,53794,3251114.454,0.859,-0.075,-0.064,0.503,3087,212,362,3162,2005,2511,317,2505,58,1.327,1,2085,1,9.629,0.322,-5.313,-7.000,-3.938,-0.262,0.051,0.965,-0.297,-0.125,-0.031,0.018,0.008,1.108,1.367,2,NULL,NULL,,3,0,2,7,255,1014,250,0,0
stim,23673,53794,0,53794,3251119.455,0.858,-0.075,-0.064,0.504,3067,217,381,3144,2015,2509,318,2520,58,1.327,1,2085,1,16.260,0.727,-1.313,-8.375,-13.875,-0.262,0.102,0.996,-0.297,0.664,-0.031,0.022,0.010,1.108,1.367,2,NULL,NULL,,3,0,2,7,255,1014,250,0,0
stim,23714,53835,0,53835,3251124.454,0.858,-0.075,-0.064,0.504,3057,217,425,3129,2024,2509,327,2521,58,1.327,1,2085,1,24.283,0.680,0.375,-10.000,-22.125,-0.152,0.133,1.020,0.145,0.664,0.293,0.026,0.014,1.108,1.367,2,NULL,NULL,,3,0,2,7,255,1014,250,0,0
stim,23714,53835,0,53835,3251129.455,0.857,-0.075,-0.063,0.505,3047,213,457,3129,2041,2505,331,2525,58,1.327,1,2085,1,20.952,0.740,-2.313,-9.188,-18.688,-0.063,0.059,1.031,0.738,0.043,0.293,0.028,0.016,1.108,1.367,2,NULL,NULL,,3,0,2,7,255,1014,250,0,0
stim,23714,53835,0,53835,3251134.454,0.857,-0.074,-0.063,0.505,3034,213,525,3102,2057,2505,333,2528,58,1.327,1,2085,1,15.267,1.271,-6.938,-8.938,-10.250,-0.066,-0.027,1.000,0.738,-1.035,0.242,0.032,0.020,1.108,1.367,2,NULL,NULL,,3,0,2,7,255,1014,250,0,0
stim,23714,53835,0,53835,3251139.455,0.857,-0.073,-0.063,0.506,3015,209,569,3101,2065,2491,341,2539,58,1.327,1,2085,1,11.834,1.036,-7.313,-8.000,-4.750,-0.133,-0.059,0.938,-0.039,-1.035,-0.078,0.036,0.022,1.108,1.367,2,NULL,NULL,,3,0,2,7,255,1014,250,0,0
stim,23714,53835,0,53835,3251144.453,0.857,-0.073,-0.063,0.506,3015,209,619,3080,2083,2491,339,2531,58,1.327,1,2085,1,12.615,1.070,-1.938,-8.625,-9.000,-0.172,-0.090,0.906,-0.652,-0.848,-0.559,0.038,0.024,1.108,1.367,2,NULL,NULL,,3,0,2,7,255,1014,250,0,0
stim,23714,53835,0,53835,3251149.455,0.857,-0.073,-0.062,0.507,2995,199,645,3067,2089,2487,355,2541,58,1.327,1,2085,1,17.394,0.935,6.313,-9.063,-13.438,-0.148,-0.055,0.914,-0.691,-0.629,-0.754,0.040,0.026,1.108,1.367,2,NULL,NULL,,3,0,2,7,255,1014,250,0,0
stim,23714,53835,0,53835,3251154.454,0.857,-0.073,-0.062,0.507,2967,187,682,3055,2103,2483,375,2540,58,1.327,1,2085,1,18.794,0.935,10.313,-9.438,-12.563,-0.117,-0.023,0.957,-0.691,-0.629,-0.754,0.042,0.028,1.108,1.367,2,NULL,NULL,,3,0,2,7,255,1014,250,0,0
stim,23714,53835,0,53835,3251159.455,0.856,-0.073,-0.061,0.507,2964,181,703,3043,2118,2479,407,2553,58,1.327,1,2085,1,15.733,0.788,8.625,-9.938,-8.625,-0.113,0.012,0.988,-0.254,-0.746,-0.383,0.044,0.030,1.108,1.367,2,NULL,NULL,,3,0,2,7,255,1014,250,0,0
stim,23714,53835,0,53835,3251164.453,0.856,-0.073,-0.061,0.508,2935,180,732,3021,2142,2479,413,2553,58,1.327,1,2085,1,12.254,0.746,5.125,-10.313,-4.188,-0.137,0.020,0.980,-0.008,-0.746,-0.109,0.048,0.034,1.108,1.367,2,NULL,NULL,,3,0,2,7,255,1014,250,0,0
stim,23714,53835,0,53835,3251169.455,0.856,-0.073,-0.060,0.508,2933,185,760,3014,2167,2485,452,2581,58,1.327,1,2085,1,12.844,0.496,4.563,-11.625,-3.000,-0.152,0.020,0.957,-0.008,-0.496,-0.109,0.050,0.038,1.108,1.367,2,NULL,NULL,,3,0,2,7,255,1014,250,0,0
stim,23741,53862,0,53862,3251174.454,0.856,-0.073,-0.059,0.508,2909,188,801,2993,2197,2481,467,2583,58,1.327,1,2085,1,15.500,0.294,7.250,-13.563,-1.938,-0.168,0.023,0.945,-0.098,-0.277,-0.301,0.052,0.042,1.108,1.367,2,NULL,NULL,,3,0,2,7,255,1014,250,0,0
stim,23741,53862,0,53862,3251179.455,0.856,-0.073,-0.059,0.508,2887,197,863,2983,2221,2477,505,2607,58,1.327,1,2085,1,19.026,0.165,11.250,-15.250,-1.688,-0.176,0.059,0.969,-0.098,-0.133,-0.301,0.056,0.046,1.108,1.367,2,NULL,NULL,,3,0,2,7,255,1014,250,0,0
stim,23741,53862,0,53862,3251184.453,0.856,-0.073,-0.058,0.508,2862,203,925,2959,2253,2476,568,2607,58,1.327,1,2085,1,21.516,0.122,13.188,-16.688,-3.250,-0.168,0.145,1.016,0.094,0.078,-0.141,0.058,0.048,1.108,1.367,2,NULL,NULL,,3,0,2,7,255,1014,250,0,0
stim,23741,53862,0,53862,3251189.455,0.856,-0.073,-0.057,0.508,2845,215,970,2958,2280,2477,623,2619,58,1.327,1,2085,1,20.468,0.929,10.813,-16.625,-5.063,-0.137,0.199,1.055,0.887,0.277,0.320,0.060,0.052,1.108,1.367,2,NULL,NULL,,3,0,2,7,255,1014,250,0,0
stim,23768,53889,0,53889,3251194.454,0.856,-0.073,-0.056,0.509,2823,216,1032,2925,2311,2484,727,2635,58,1.327,1,2085,1,17.584,1.506,4.563,-16.375,-4.500,-0.117,0.188,1.055,1.480,0.277,0.645,0.062,0.054,1.108,1.367,2,NULL,NULL,,3,0,2,7,255,1014,250,0,0
stim,23768,53889,0,53889,3251199.455,0.856,-0.073,-0.055,0.509,2797,238,1119,2902,2343,2483,825,2645,58,1.327,1,2085,1,16.768,1.489,0.125,-16.438,-3.313,-0.133,0.168,1.023,1.480,0.156,0.645,0.064,0.058,1.108,1.367,2,NULL,NULL,,3,0,2,7,255,1014,250,0,0
stim,23768,53889,0,53889,3251204.453,0.856,-0.073,-0.054,0.509,2767,246,1189,2889,2376,2485,917,2653,58,1.327,1,2085,1,17.303,1.217,-0.500,-16.313,-5.750,-0.164,0.160,1.008,1.207,0.156,0.363,0.068,0.062,1.108,1.367,2,NULL,NULL,,3,0,2,7,255,1014,250,0,0
stim,23768,53889,0,53889,3251209.455,0.856,-0.072,-0.054,0.510,2745,261,1256,2868,2409,2487,1015,2667,58,1.327,1,2085,1,20.297,1.069,0.375,-15.938,-12.563,-0.180,0.160,1.016,0.984,0.418,0.328,0.070,0.068,1.108,1.367,2,NULL,NULL,,3,0,2,7,255,1014,250,0,0
stim,23768,53889,0,53889,3251214.454,0.855,-0.072,-0.053,0.510,2717,256,1367,2859,2451,2494,1111,2679,58,1.327,1,2085,1,25.654,1.069,0.063,-15.750,-20.250,-0.152,0.176,1.031,0.984,0.418,0.328,0.074,0.074,1.108,1.367,2,NULL,NULL,,3,0,2,7,255,1014,250,0,0
stim,23768,53889,0,53889,3251219.455,0.855,-0.072,-0.053,0.511,2681,279,1505,2840,2484,2494,1202,2701,58,1.327,1,2085,1,28.767,1.228,-4.500,-15.500,-23.813,-0.141,0.168,1.047,1.168,0.379,0.473,0.078,0.078,1.108,1.367,2,NULL,NULL,,3,0,2,7,255,1014,250,0,0
stim,23808,53929,0,53929,3251224.454,0.854,-0.071,-0.052,0.512,2630,283,1615,2823,2515,2495,1311,2709,58,1.327,1,2085,1,33.317,1.196,-11.750,-14.688,-27.500,-0.152,0.117,1.047,1.168,0.258,0.582,0.082,0.084,1.108,1.367,2,NULL,NULL,,3,0,2,7,255,1014,250,0,0
stim,23808,53929,0,53929,3251229.455,0.854,-0.070,-0.052,0.513,2601,309,1726,2813,2565,2503,1391,2717,58,1.327,1,2085,1,40.553,0.706,-17.563,-14.625,-33.500,-0.160,0.043,1.020,0.691,0.141,0.582,0.084,0.090,1.108,1.367,2,NULL,NULL,,3,0,2,7,255,1014,250,0,0
stim,23808,53929,0,53929,3251234.453,0.853,-0.068,-0.052,0.515,2534,317,1835,2783,2584,2505,1493,2733,58,1.327,1,2085,1,45.417,0.090,-20.313,-15.313,-37.625,-0.152,-0.012,0.988,0.000,-0.090,0.297,0.086,0.092,1.108,1.367,2,NULL,NULL,,3,0,2,7,255,1014,250,0,0
stim,23808,53929,0,53929,3251239.455,0.852,-0.067,-0.052,0.516,2485,331,1927,2766,2612,2509,1606,2749,58,1.327,1,2085,1,48.344,0.535,-21.750,-16.250,-40.000,-0.137,-0.023,0.977,-0.410,-0.344,-0.004,0.086,0.094,1.108,1.367,2,NULL,NULL,,3,0,2,7,255,1014,250,0,0
stim,23808,53929,0,53929,3251244.453,0.851,-0.066,-0.052,0.518,2425,343,2023,2739,2639,2517,1705,2771,58,1.327,1,2085,1,49.975,0.675,-21.375,-17.250,-41.750,-0.137,-0.035,0.988,-0.457,-0.496,-0.035,0.086,0.094,1.108,1.367,2,NULL,NULL,,3,0,2,7,255,1014,250,0,0
stim,23808,53929,0,53929,3251249.455,0.851,-0.064,-0.052,0.519,2365,365,2135,2711,2671,2523,1788,2779,58,1.327,1,2085,1,51.772,0.760,-26.438,-18.875,-40.313,-0.121,-0.059,1.020,-0.547,-0.527,-0.035,0.084,0.092,1.108,1.367,2,NULL,NULL,,3,0,2,7,255,1014,250,0,0
stim,23832,53953,0,53953,3251254.453,0.850,-0.062,-0.052,0.521,2285,381,2212,2661,2701,2535,1879,2795,58,1.327,1,2085,1,58.375,0.879,-37.313,-20.625,-39.875,-0.160,-0.090,1.055,-0.645,-0.598,0.211,0.080,0.088,1.108,1.367,2,NULL,NULL,,3,0,2,7,255,1014,250,0,0
stim,23832,53953,0,53953,3251259.455,0.849,-0.059,-0.053,0.522,2195,373,2283,2623,2715,2531,1965,2803,58,1.327,1,2085,1,69.995,1.099,-51.688,-22.250,-41.625,-0.176,-0.074,1.051,-0.922,-0.598,0.629,0.076,0.086,1.108,1.367,2,NULL,NULL,,3,0,2,7,255,1014,250,0,0
stim,23832,53953,0,53953,3251264.454,0.848,-0.057,-0.053,0.524,2121,375,2359,2580,2747,2526,2063,2821,58,1.327,1,2085,1,72.178,0.988,-52.500,-22.625,-44.063,-0.129,-0.031,0.930,-0.922,-0.355,0.629,0.076,0.086,1.108,1.367,2,NULL,NULL,,3,0,2,7,255,1014,250,0,0
stim,23832,53953,0,53953,3251269.455,0.848,-0.054,-0.053,0.525,2013,376,2430,2521,2771,2531,2131,2837,58,1.327,1,2085,1,62.638,0.528,-40.688,-24.750,-40.688,-0.105,-0.035,0.910,-0.391,-0.355,-0.613,0.074,0.086,1.108,1.367,2,NULL,NULL,,3,0,2,7,255,1014,250,0,0
stim,23832,53953,0,53953,3251274.454,0.847,-0.052,-0.053,0.527,1918,370,2493,2469,2803,2546,2213,2861,58,1.327,1,2085,1,55.370,0.625,-31.188,-27.250,-36.750,-0.121,-0.047,0.973,-0.391,-0.488,-0.613,0.074,0.086,1.108,1.367,2,NULL,NULL,,3,0,2,7,255,1014,250,0,0
stim,23832,53953,0,53953,3251279.455,0.846,-0.050,-0.053,0.528,1779,355,2564,2377,2825,2547,2273,2871,58,1.327,1,2085,1,53.433,0.662,-30.625,-29.063,-32.750,-0.129,-0.066,1.035,-0.430,-0.504,-0.219,0.076,0.086,1.108,1.367,2,NULL,NULL,,3,0,2,7,255,1014,250,0,0
stim,23854,53975,0,53975,3251284.454,0.846,-0.048,-0.052,0.529,1598,328,2591,2269,2841,2531,2333,2877,58,1.327,1,2085,1,57.825,0.760,-36.375,-31.313,-32.250,-0.164,-0.055,1.066,-0.582,-0.488,0.414,0.076,0.084,1.108,1.367,2,NULL,NULL,,3,0,2,7,255,1014,250,0,0
stim,23854,53975,0,53975,3251289.455,0.845,-0.046,-0.052,0.530,1373,295,2634,2158,2859,2532,2395,2892,58,1.327,1,2085,1,61.816,0.604,-39.313,-32.750,-34.688,-0.152,-0.027,1.031,-0.582,-0.160,0.414,0.074,0.084,1.108,1.367,2,NULL,NULL,,3,0,2,7,255,1014,250,0,0
stim,23854,53975,0,53975,3251294.453,0.844,-0.044,-0.052,0.531,1221,267,2675,2028,2876,2531,2453,2903,58,1.327,1,2085,1,60.193,0.327,-35.125,-34.188,-34.938,-0.117,0.008,0.992,-0.293,-0.145,0.398,0.074,0.082,1.108,1.367,2,NULL,NULL,,3,0,2,7,255,1014,250,0,0
stim,23854,53975,0,53975,3251299.455,0.844,-0.042,-0.051,0.532,1015,239,2712,1853,2899,2525,2505,2911,58,1.327,1,2085,1,55.474,0.228,-27.125,-36.188,-32.125,-0.086,0.020,1.008,0.176,-0.145,0.082,0.074,0.082,1.108,1.367,2,NULL,NULL,,3,0,2,7,255,1014,250,0,0
stim,23854,53975,0,53975,3251304.454,0.843,-0.040,-0.050,0.533,803,210,2747,1627,2919,2521,2552,2923,58,1.327,1,2085,1,52.123,0.405,-24.000,-38.813,-25.188,-0.082,-0.008,1.039,0.215,-0.344,0.082,0.074,0.082,1.108,1.367,2,NULL,NULL,,3,0,2,7,255,1014,250,0,0
stim,23854,53975,0,53975,3251309.455,0.843,-0.038,-0.049,0.534,529,164,2787,1389,2931,2517,2607,2934,58,1.327,1,2085,1,51.228,0.427,-23.688,-40.813,-19.938,-0.105,0.004,1.074,0.254,-0.344,0.375,0.074,0.082,1.108,1.367,2,NULL,NULL,,3,0,2,7,255,1014,250,0,0
stim,23884,54005,0,54005,3251314.453,0.843,-0.036,-0.048,0.535,330,89,2813,1174,2951,2507,2651,2941,58,1.327,1,2085,1,54.189,0.328,-26.625,-42.750,-20.000,-0.117,0.023,1.082,0.254,-0.207,0.750,0.076,0.082,1.108,1.367,2,NULL,NULL,,3,0,2,7,255,1014,250,0,0
stim,23884,54005,0,54005,3251319.455,0.842,-0.034,-0.047,0.536,159,59,2837,895,2968,2491,2681,2953,58,1.327,1,2085,1,58.475,0.449,-28.375,-43.688,-26.563,-0.078,0.035,1.059,0.398,-0.207,0.750,0.078,0.082,1.108,1.367,2,NULL,NULL,,3,0,2,7,255,1014,250,0,0
stim,23918,54039,0,54039,3251324.454,0.842,-0.032,-0.046,0.537,39,27,2863,653,2981,2473,2715,2964,58,1.327,1,2085,1,58.545,0.674,-24.188,-45.750,-27.375,-0.027,0.090,1.051,0.641,-0.211,0.578,0.082,0.084,1.108,1.367,2,NULL,NULL,,3,0,2,7,255,1014,250,0,0
stim,23918,54039,0,54039,3251329.455,0.842,-0.030,-0.044,0.538,11,0,2885,429,2991,2449,2741,2969,58,1.327,1,2085,1,57.883,1.349,-20.438,-47.875,-25.313,-0.023,0.168,1.090,1.332,-0.211,0.578,0.086,0.086,1.108,1.367,2,NULL,NULL,,3,0,2,7,255,1014,250,0,0
stim,23918,54039,0,54039,3251334.453,0.841,-0.028,-0.043,0.539,0,0,2905,329,3007,2415,2773,2975,58,1.327,1,2085,1,58.891,1.635,-14.063,-51.250,-25.375,-0.102,0.152,1.152,1.633,-0.090,0.793,0.088,0.088,1.108,1.367,2,NULL,NULL,,3,0,2,7,255,1014,250,0,0
stim,23918,54039,0,54039,3251339.455,0.841,-0.028,-0.040,0.539,0,0,2931,237,3026,2403,2806,2983,58,1.327,1,2085,1,61.283,1.717,10.188,-59.500,-10.563,-0.289,0.066,1.293,1.633,0.531,1.480,0.086,0.090,1.108,1.367,2,NULL,NULL,,3,0,2,7,255,1014,250,0,0
stim,23918,54039,0,54039,3251344.453,0.841,-0.027,-0.037,0.539,0,0,2948,187,3030,2375,2845,2987,58,1.327,1,2085,1,74.649,1.799,23.563,-69.688,-12.688,-0.457,-0.047,1.520,0.152,1.793,3.055,0.080,0.094,1.108,1.367,2,NULL,NULL,,3,0,2,7,255,1014,250,0,0
stim,23918,54039,0,54039,3251349.455,0.840,-0.027,-0.033,0.540,0,0,2955,164,3047,2325,2861,2997,58,1.327,1,2085,0,97.229,3.002,45.500,-83.938,-18.375,-0.535,-0.008,1.922,-1.289,2.711,5.453,0.076,0.100,1.108,1.367,2,NULL,NULL,,3,0,2,7,255,1014,250,0,0
stim,23918,54039,0,54039,3251354.454,0.841,-0.025,-0.030,0.540,0,0,2966,145,3064,2275,2879,2985,58,1.327,1,2085,0,93.970,3.002,-4.688,-93.563,-7.375,-0.230,0.285,1.965,-1.289,2.711,9.410,0.074,0.106,1.108,1.367,3,NULL,NULL,,3,0,2,7,255,1014,250,0,0
stim,23918,54039,0,54039,3251359.455,0.841,-0.019,-0.029,0.541,0,0,2981,72,3066,2217,2909,2994,58,1.327,1,2085,0,135.434,3.094,-100.625,-89.875,-11.813,-0.039,0.203,1.480,2.391,1.965,9.410,0.074,0.114,1.108,1.367,3,NULL,NULL,,3,0,2,7,255,1014,250,0,0
stim,23918,54039,0,54039,3251364.453,0.841,-0.013,-0.028,0.540,0,0,2973,18,3079,2143,2917,2988,58,1.327,1,2085,0,141.884,2.432,-100.000,-98.063,22.688,-0.066,0.086,1.086,2.391,0.449,4.617,0.076,0.124,1.108,1.367,3,NULL,NULL,,3,0,2,7,255,1014,250,0,0
stim,23918,54039,0,54039,3251369.455,0.843,-0.009,-0.025,0.538,0,0,2987,0,3079,2045,2934,2992,58,1.327,1,2085,0,130.016,1.146,-53.375,-107.438,50.125,-0.246,-0.004,1.008,1.055,0.449,0.813,0.078,0.134,1.108,1.367,3,NULL,NULL,,3,0,2,7,255,1014,250,0,0
stim,23950,54071,0,54071,3251374.454,0.844,-0.005,-0.021,0.536,0,0,2986,0,3097,1924,2962,2983,58,1.327,1,2085,0,123.803,1.897,-18.938,-115.688,39.813,-0.402,-0.152,1.082,-0.520,1.824,0.813,0.078,0.144,1.108,1.367,3,NULL,NULL,,3,0,2,7,255,1014,250,0,0
stim,23950,54071,0,54071,3251379.455,0.844,-0.002,-0.017,0.535,0,0,2985,0,3091,1785,2979,2981,58,1.327,1,2085,0,125.036,3.225,-5.813,-123.438,19.063,-0.387,-0.281,1.270,-2.473,2.070,1.000,0.076,0.154,1.108,1.367,3,NULL,NULL,,3,0,2,7,255,1014,250,0,0
stim,23950,54071,0,54071,3251384.453,0.845,0.001,-0.012,0.535,0,0,2981,0,3107,1625,2975,2975,58,1.327,1,2085,0,131.131,4.093,-10.313,-130.000,13.750,-0.305,-0.332,1.320,-3.531,2.070,2.855,0.072,0.164,1.108,1.367,3,NULL,NULL,,3,0,2,7,255,1014,250,0,0
stim,23950,54071,0,54071,3251389.455,0.845,0.005,-0.008,0.534,0,0,2970,0,3100,1417,3003,2975,58,1.327,1,2085,0,138.101,3.750,-15.500,-136.500,14.125,-0.250,-0.289,1.238,-3.531,1.262,2.855,0.068,0.172,1.108,1.367,3,NULL,NULL,,3,0,2,7,255,1014,250,0,0
stim,23950,54071,0,54071,3251394.454,0.846,0.009,-0.003,0.533,0,0,2963,0,3107,1179,2997,2963,58,1.327,1,2085,0,145.513,3.307,-19.188,-142.875,19.813,-0.191,-0.211,1.188,-3.133,1.059,2.477,0.064,0.180,1.108,1.367,3,NULL,NULL,,3,0,2,7,255,1014,250,0,0
stim,23950,54071,0,54071,3251399.455,0.847,0.013,0.001,0.532,0,0,2939,0,3109,951,3017,2955,58,1.327,1,2085,0,152.827,2.483,-14.500,-149.563,27.875,-0.227,-0.129,1.148,-2.246,1.059,1.910,0.060,0.190,1.108,1.367,3,NULL,NULL,,3,0,2,7,255,1014,250,0,0
stim,23974,54095,0,54095,3251404.453,0.848,0.016,0.007,0.530,0,0,2923,0,3121,665,3019,2935,58,1.327,1,2085,0,160.162,2.495,-1.875,-157.375,29.688,-0.270,-0.098,1.152,-1.730,1.797,1.473,0.060,0.202,1.108,1.367,3,NULL,NULL,,3,0,2,7,255,1014,250,0,0
stim,23974,54095,0,54095,3251409.455,0.848,0.020,0.013,0.529,0,0,2905,0,3113,486,3027,2923,58,1.327,1,2085,0,169.086,2.983,8.938,-167.250,23.188,-0.297,-0.133,1.191,-1.730,2.430,1.473,0.062,0.214,1.108,1.367,3,NULL,NULL,,3,0,2,7,255,1014,250,0,0
stim,23974,54095,0,54095,3251414.454,0.849,0.023,0.020,0.528,0,0,2864,0,3117,296,3028,2895,58,1.327,1,2085,0,178.783,3.282,16.375,-177.188,17.313,-0.227,-0.168,1.246,-2.207,2.430,1.789,0.068,0.226,1.108,1.367,3,NULL,NULL,,3,0,2,7,255,1014,250,0,0
stim,23974,54095,0,54095,3251419.455,0.849,0.027,0.027,0.527,0,0,2825,0,3129,119,3035,2873,58,1.327,1,2085,0,189.051,3.274,22.500,-186.625,20.125,-0.211,-0.113,1.301,-2.207,2.418,2.328,0.076,0.240,1.108,1.367,3,NULL,NULL,,3,0,2,7,255,1014,250,0,0
stim,24017,54138,0,54138,3251424.454,0.850,0.030,0.035,0.525,0,0,2771,0,3117,53,3045,2839,58,1.327,1,2085,0,201.251,3.057,30.250,-197.250,26.063,-0.211,0.039,1.414,-1.871,2.418,2.793,0.086,0.256,1.108,1.367,3,NULL,NULL,,3,0,2,7,255,1014,250,0,0
stim,24017,54138,0,54138,3251429.455,0.850,0.033,0.043,0.524,0,0,2719,0,3119,0,3044,2791,58,1.327,1,2085,0,212.927,3.406,35.375,-208.375,25.813,-0.273,0.230,1.539,-0.648,3.344,3.789,0.098,0.272,1.108,1.367,3,NULL,NULL,,3,0,2,7,255,1014,250,0,0
stim,24017,54138,0,54138,3251434.454,0.850,0.037,0.052,0.523,0,0,2637,0,3115,0,3033,2743,58,1.327,1,2085,0,225.142,5.111,40.875,-220.688,17.750,-0.332,0.297,1.707,0.578,5.078,4.797,0.114,0.290,1.108,1.367,3,NULL,NULL,,3,0,2,7,255,1014,250,0,0
stim,24017,54138,0,54138,3251439.455,0.850,0.041,0.062,0.521,0,0,2565,0,3115,1,3045,2683,58,1.327,1,2085,0,237.080,6.339,28.750,-234.875,14.625,-0.371,0.336,2.035,0.578,6.313,6.238,0.134,0.312,1.108,1.367,3,NULL,NULL,,3,0,2,7,255,1014,250,0,0
stim,24017,54138,0,54138,3251444.453,0.850,0.047,0.071,0.520,0,0,2458,0,3096,0,3029,2602,58,1.327,1,2085,0,249.030,7.587,3.438,-248.813,9.813,-0.527,0.277,2.352,0.563,7.566,9.254,0.158,0.338,1.108,1.367,3,NULL,NULL,,3,0,2,7,255,1014,250,0,0
stim,24017,54138,0,54138,3251449.455,0.849,0.054,0.080,0.519,0,0,2322,0,3091,0,3019,2527,58,1.327,1,2085,0,272.952,9.586,-21.313,-271.938,9.938,-0.633,0.324,2.598,-0.988,9.535,11.930,0.188,0.370,1.108,1.367,3,NULL,NULL,,3,0,2,7,255,1014,250,0,0
stim,24017,54138,0,54138,3251454.454,0.849,0.062,0.090,0.518,0,0,2182,0,3055,11,3015,2393,58,1.327,1,2085,0,301.578,11.620,-45.438,-297.938,10.875,-0.617,0.641,2.676,-0.988,11.578,13.863,0.224,0.408,1.108,1.367,3,NULL,NULL,,3,0,2,7,255,1014,250,0,0
stim,24017,54138,0,54138,3251459.455,0.848,0.072,0.100,0.516,0,0,2020,0,3041,42,2983,2253,58,1.327,1,2085,0,331.474,13.632,-74.188,-322.688,15.625,-0.637,0.965,2.746,1.207,13.578,14.180,0.270,0.458,1.108,1.367,3,NULL,NULL,,3,0,2,7,255,1014,250,0,0
stim,24017,54138,0,54138,3251464.453,0.846,0.084,0.111,0.514,0,0,1899,0,3022,53,2965,2076,58,1.327,1,2085,0,360.945,16.434,-99.563,-346.625,14.813,-0.742,1.105,2.844,3.734,16.004,14.277,0.326,0.514,1.108,1.367,3,NULL,NULL,,3,0,2,7,255,1014,250,0,0
stim,24017,54138,0,54138,3251469.455,0.844,0.098,0.121,0.513,0,0,1799,0,2985,61,2935,1911,58,1.327,1,2085,0,397.171,19.005,-137.750,-372.438,7.750,-0.848,1.168,2.930,4.215,18.531,14.277,0.392,0.582,1.108,1.367,3,NULL,NULL,,3,0,2,7,255,1014,250,0,0
stim,24042,54163,0,54163,3251474.454,0.841,0.113,0.132,0.512,0,0,1699,0,2937,55,2887,1747,58,1.327,1,2085,0,434.700,21.155,-182.313,-394.563,-6.813,-0.891,1.246,2.902,4.273,20.719,14.148,0.470,0.660,1.108,1.367,3,NULL,NULL,,3,0,2,7,255,1014,250,0,0
stim,24042,54163,0,54163,3251479.455,0.838,0.130,0.142,0.511,0,0,1591,0,2885,45,2809,1603,58,1.327,1,2085,0,466.935,22.611,-211.375,-415.813,-21.188,-0.969,1.133,2.785,4.215,22.215,12.902,0.556,0.746,1.108,1.367,3,NULL,NULL,,3,0,2,7,255,1014,250,0,0
stim,24042,54163,0,54163,3251484.453,0.833,0.148,0.154,0.510,0,0,1438,0,2811,29,2724,1447,58,1.327,1,2085,0,494.734,22.503,-218.125,-443.125,-28.688,-1.035,0.719,2.680,3.590,22.215,10.754,0.650,0.842,1.108,1.367,3,NULL,NULL,,3,0,2,7,255,1014,250,0,0
stim,24042,54163,0,54163,3251489.455,0.828,0.165,0.166,0.509,0,0,1275,0,2723,0,2565,1324,58,1.327,1,2085,0,509.298,22.016,-200.750,-466.688,-35.875,-0.977,0.355,2.691,-0.184,22.016,9.020,0.752,0.946,1.108,1.367,3,NULL,NULL,,3,0,2,7,255,1014,250,0,0
stim,24067,54188,0,54188,3251494.454,0.822,0.182,0.180,0.508,0,0,1071,0,2605,0,2363,1199,58,1.327,1,2085,0,515.870,22.116,-171.000,-485.000,-40.688,-0.934,0.285,2.844,-3.121,21.895,9.020,0.858,1.054,1.108,1.367,3,NULL,NULL,,3,0,2,7,255,1014,250,0,0
stim,24067,54188,0,54188,3251499.455,0.816,0.199,0.195,0.506,0,0,887,0,2452,0,2079,1049,58,1.327,1,2085,0,525.536,22.116,-172.125,-494.000,-50.250,-0.770,0.301,2.930,-3.121,21.895,9.492,0.966,1.164,1.108,1.367,3,NULL,NULL,,3,0,2,7,255,1014,250,0,0
stim,24067,54188,0,54188,3251504.453,0.810,0.216,0.209,0.504,0,0,687,0,2235,0,1741,907,58,1.327,1,2085,0,538.653,22.209,-181.125,-506.000,-36.125,-0.633,0.051,2.848,-3.723,21.895,9.492,1.080,1.280,1.108,1.367,3,NULL,NULL,,3,0,2,7,255,1014,250,0,0
stim,24067,54188,0,54188,3251509.455,0.803,0.235,0.223,0.500,0,0,483,0,1975,0,1301,773,58,1.327,1,2085,0,559.657,21.146,-198.438,-523.188,10.625,-0.645,-0.359,2.414,-4.699,20.617,9.398,1.196,1.400,1.108,1.367,3,NULL,NULL,,3,0,2,7,255,1014,250,0,0
stim,24067,54188,0,54188,3251514.453,0.797,0.254,0.237,0.494,0,0,244,0,1689,0,755,658,58,1.327,1,2085,0,573.097,19.277,-192.938,-538.438,36.063,-0.551,-0.504,1.789,-8.066,17.508,5.680,1.308,1.516,1.108,1.367,3,NULL,NULL,,3,0,2,7,255,1014,250,0,0
stim,24067,54188,0,54188,3251519.455,0.791,0.271,0.253,0.488,0,0,151,0,1383,0,275,530,58,1.327,1,2085,0,567.901,15.442,-122.750,-553.938,24.438,-0.508,-0.473,1.406,-8.066,13.168,0.977,1.410,1.620,1.108,1.367,3,NULL,NULL,,3,0,2,7,255,1014,250,0,0
stim,24112,54233,0,54233,3251524.454,0.785,0.284,0.270,0.480,0,0,85,0,1021,0,19,426,58,1.327,1,2085,0,558.561,15.285,-35.125,-556.688,29.250,-0.434,-0.047,1.684,-7.762,13.168,-1.348,1.498,1.712,1.108,1.367,3,NULL,NULL,,3,0,2,7,255,1014,250,0,0
stim,24112,54233,0,54233,3251529.455,0.780,0.297,0.288,0.470,0,0,49,0,522,0,0,359,58,1.327,1,2085,0,558.668,14.745,-15.563,-553.750,72.313,-0.656,0.480,2.051,-4.203,14.133,-2.219,1.578,1.796,1.108,1.367,3,NULL,NULL,,3,0,2,7,255,1014,250,0,0
stim,24112,54233,0,54233,3251534.453,0.775,0.313,0.303,0.457,0,0,21,0,123,0,0,317,58,1.327,1,2085,0,590.337,20.457,-58.500,-563.563,165.750,-1.148,0.523,2.027,-3.039,20.230,-2.391,1.660,1.882,1.108,1.367,3,NULL,NULL,,3,0,2,7,255,1014,250,0,0
stim,24112,54233,0,54233,3251539.455,0.771,0.330,0.317,0.443,0,0,16,0,0,0,0,227,58,1.327,1,2085,0,606.832,23.006,-100.438,-565.000,197.313,-1.438,0.629,1.773,-3.039,22.805,-7.281,1.758,1.982,1.108,1.367,4,NULL,NULL,,3,0,2,7,255,1014,250,0,0
stim,24112,54233,0,54233,3251544.454,0.764,0.347,0.330,0.433,0,0,1,0,0,0,0,173,58,1.327,1,2085,0,563.694,23.006,-144.750,-529.375,128.688,-1.164,1.055,1.488,-3.039,22.805,-12.336,1.868,2.096,1.108,1.367,0,NULL,NULL,,3,0,2,7,255,1014,250,0,0
stim,24112,54233,0,54233,3251549.455,0.755,0.364,0.340,0.426,0,0,12,0,0,0,0,110,58,1.327,1,2085,0,511.206,20.751,-214.688,-459.813,61.750,-0.816,1.313,1.262,1.984,20.656,-13.770,1.982,2.210,1.108,1.367,0,NULL,NULL,,3,0,2,7,255,1014,250,0,0
stim,24131,54252,0,54252,3251554.453,0.747,0.383,0.343,0.422,0,0,11,0,0,0,0,125,58,1.327,1,2085,0,508.060,19.063,-338.563,-361.313,113.813,-0.773,1.453,0.785,6.035,18.082,-13.875,2.088,2.318,1.108,1.367,0,NULL,NULL,,3,0,2,7,255,1014,250,0,0
stim,24131,54252,0,54252,3251559.455,0.739,0.401,0.343,0.419,0,0,17,0,0,0,0,137,58,1.327,1,2085,0,449.642,16.349,-356.563,-259.375,88.125,-0.559,1.422,0.129,8.379,14.039,-16.836,2.176,2.408,1.108,1.367,0,NULL,NULL,,3,0,2,7,255,1014,250,0,0
stim,24131,54252,0,54252,3251564.454,0.734,0.410,0.344,0.418,0,0,9,0,0,0,0,153,58,1.327,1,2085,0,241.843,11.006,-184.813,-153.500,27.750,-0.527,0.305,0.273,8.379,7.137,-16.836,2.240,2.474,1.108,1.367,0,NULL,NULL,,3,0,2,7,255,1014,250,0,0
stim,24131,54252,0,54252,3251569.455,0.732,0.414,0.345,0.418,0,0,3,0,0,0,0,169,58,1.327,1,2085,0,101.458,7.138,-73.250,-69.813,7.375,-0.668,-0.480,1.184,0.113,7.137,-14.059,2.282,2.518,1.108,1.367,0,NULL,NULL,,3,0,2,7,255,1014,250,0,0
stim,24131,54252,0,54252,3251574.454,0.729,0.418,0.341,0.421,0,0,0,0,0,0,0,155,58,1.327,1,2085,0,151.978,13.831,-149.875,24.500,-5.875,-0.734,-0.391,1.359,-8.078,11.227,-9.211,2.316,2.554,1.108,1.367,0,NULL,NULL,,3,0,2,7,255,1014,250,0,0
stim,24131,54252,0,54252,3251579.455,0.726,0.424,0.333,0.427,0,0,3,0,0,0,0,104,58,1.327,1,2085,0,274.499,13.831,-250.375,112.500,2.438,-0.680,0.246,0.434,-8.078,11.227,-9.211,2.352,2.594,1.108,1.367,0,NULL,NULL,,3,0,2,7,255,1014,250,0,0
stim,24154,54275,0,54275,3251584.454,0.725,0.428,0.323,0.432,0,0,7,0,0,0,0,79,58,1.327,1,2085,0,274.466,6.742,-208.438,176.375,27.875,-0.715,0.898,-0.512,-1.074,6.656,-14.551,2.394,2.640,1.108,1.367,0,NULL,NULL,,3,0,2,7,255,1014,250,0,0
stim,24154,54275,0,54275,3251589.455,0.727,0.426,0.315,0.436,0,0,1,0,0,0,0,50,58,1.327,1,2085,0,224.085,5.252,-69.250,210.000,36.313,-0.906,0.973,-0.449,5.063,1.398,-20.879,2.434,2.682,1.108,1.367,0,NULL,NULL,,3,0,2,7,255,1014,250,0,0
stim,24154,54275,0,54275,3251594.453,0.731,0.422,0.307,0.440,0,0,0,0,0,0,0,31,58,1.327,1,2085,0,230.923,5.252,11.750,229.625,21.438,-0.992,0.547,0.270,5.063,1.398,-20.879,2.472,2.722,1.108,1.367,0,NULL,NULL,,3,0,2,7,255,1014,250,0,0
stim,24154,54275,0,54275,3251599.455,0.734,0.417,0.299,0.444,0,0,0,0,0,0,0,25,58,1.327,1,2085,0,243.832,7.290,-12.375,243.188,12.688,-0.879,0.191,0.621,0.488,7.273,-18.531,2.510,2.762,1.108,1.367,0,NULL,NULL,,3,0,2,7,255,1014,250,0,0
stim,24154,54275,0,54275,3251604.454,0.737,0.415,0.290,0.449,0,0,0,0,0,0,0,20,58,1.327,1,2085,0,258.056,7.469,-60.688,249.375,26.875,-0.727,0.176,0.379,-1.699,7.273,-14.668,2.550,2.806,1.108,1.367,0,NULL,NULL,,3,0,2,7,255,1014,250,0,0
stim,24154,54275,0,54275,3251609.455,0.739,0.412,0.280,0.453,0,0,0,0,0,0,0,22,58,1.327,1,2085,0,261.021,6.805,-60.500,249.250,48.438,-0.672,0.355,-0.086,-1.699,6.590,-14.668,2.592,2.850,1.108,1.367,0,NULL,NULL,,3,0,2,7,255,1014,250,0,0
stim,24184,54305,0,54305,3251614.453,0.743,0.408,0.270,0.456,0,0,0,0,0,0,0,22,58,1.327,1,2085,0,252.993,2.866,-13.375,246.125,57.000,-0.695,0.465,-0.281,0.199,2.859,-16.699,2.628,2.888,1.108,1.367,0,NULL,NULL,,3,0,2,7,255,1014,250,0,0
stim,24184,54305,0,54305,3251619.455,0.747,0.403,0.262,0.458,0,0,0,0,0,0,0,23,58,1.327,1,2085,0,252.010,2.722,31.875,244.438,52.375,-0.668,0.434,-0.168,0.813,2.598,-17.262,2.658,2.920,1.108,1.367,0,NULL,NULL,,3,0,2,7,255,1014,250,0,0
stim,24218,54339,0,54339,3251624.454,0.752,0.397,0.254,0.461,0,0,0,0,0,0,0,26,58,1.327,1,2085,0,256.358,2.722,50.313,246.375,49.875,-0.559,0.355,-0.020,0.813,2.598,-17.262,2.682,2.946,1.108,1.367,0,NULL,NULL,,3,0,2,7,255,1014,250,0,0
stim,24218,54339,0,54339,3251629.455,0.757,0.390,0.246,0.463,0,0,0,0,0,0,0,25,58,1.327,1,2085,0,263.731,3.233,56.188,250.875,58.813,-0.441,0.340,0.023,0.813,3.129,-15.336,2.702,2.970,1.108,1.367,0,NULL,NULL,,3,0,2,7,255,1014,250,0,0
stim,24218,54339,0,54339,3251634.453,0.762,0.384,0.238,0.464,0,0,0,0,0,0,0,25,58,1.327,1,2085,0,274.409,3.299,67.813,256.313,70.750,-0.453,0.313,0.027,0.629,3.238,-14.113,2.720,2.990,1.108,1.367,0,NULL,NULL,,3,0,2,7,255,1014,250,0,0
stim,24218,54339,0,54339,3251639.455,0.767,0.376,0.230,0.466,0,0,0,0,0,0,0,28,58,1.327,1,2085,0,286.314,3.272,92.063,261.563,71.313,-0.496,0.211,0.012,0.629,3.211,-14.031,2.738,3.010,1.108,1.367,0,NULL,NULL,,3,0,2,7,255,1014,250,0,0
stim,24218,54339,0,54339,3251644.454,0.773,0.367,0.223,0.467,0,0,0,0,0,0,0,25,58,1.327,1,2085,0,302.457,3.273,121.500,269.063,65.750,-0.516,0.180,0.160,-0.477,3.238,-13.949,2.758,3.032,1.108,1.367,0,NULL,NULL,,3,0,2,7,255,1014,250,0,0
stim,24218,54339,0,54339,3251649.455,0.779,0.357,0.215,0.469,0,0,0,0,0,0,0,26,58,1.327,1,2085,0,313.843,4.486,133.313,279.688,50.000,-0.512,0.254,0.402,-0.477,4.461,-12.996,2.780,3.056,1.108,1.367,0,NULL,NULL,,3,0,2,7,255,1014,250,0,0
stim,24218,54339,0,54339,3251654.453,0.784,0.347,0.207,0.471,0,0,0,0,0,0,0,24,58,1.327,1,2085,0,323.249,6.548,132.375,291.563,44.250,-0.422,0.266,0.559,-0.129,6.547,-11.566,2.806,3.086,1.108,1.367,0,NULL,NULL,,3,0,2,7,255,1014,250,0,0
stim,24218,54339,0,54339,3251659.455,0.790,0.336,0.199,0.473,0,0,0,0,0,0,0,28,58,1.327,1,2085,0,334.250,7.262,131.000,304.125,45.500,-0.430,0.289,0.684,0.422,7.250,-9.820,2.836,3.118,1.108,1.367,0,NULL,NULL,,3,0,2,7,255,1014,250,0,0
stim,24218,54339,0,54339,3251664.454,0.795,0.325,0.190,0.475,0,0,0,0,0,0,0,25,58,1.327,1,2085,0,344.475,8.280,129.063,317.063,38.438,-0.496,0.285,0.805,0.422,8.270,-8.922,2.870,3.156,1.108,1.367,0,NULL,NULL,,3,0,2,7,255,1014,250,0,0
stim,24218,54339,0,54339,3251669.455,0.800,0.314,0.181,0.479,0,0,0,0,0,0,0,29,58,1.327,1,2085,0,353.364,9.498,124.813,329.813,22.625,-0.523,0.266,0.926,0.320,9.492,-8.223,2.908,3.196,1.108,1.367,0,NULL,NULL,,3,0,2,7,255,1014,250,0,0
stim,24249,54370,0,54370,3251674.454,0.804,0.303,0.172,0.483,0,0,0,0,0,0,0,31,58,1.327,1,2085,0,361.352,10.360,116.313,342.063,6.313,-0.488,0.266,1.035,0.320,10.355,-7.145,2.948,3.238,1.108,1.367,0,NULL,NULL,,3,0,2,7,255,1014,250,0,0
stim,24249,54370,0,54370,3251679.455,0.807,0.292,0.162,0.487,0,0,0,0,0,0,0,27,58,1.327,1,2085,0,368.379,10.706,103.938,353.375,-5.125,-0.434,0.289,1.098,0.395,10.699,-5.848,2.990,3.282,1.108,1.367,0,NULL,NULL,,3,0,2,7,255,1014,250,0,0
stim,24249,54370,0,54370,3251684.454,0.810,0.281,0.151,0.492,0,0,0,0,0,0,0,35,58,1.327,1,2085,0,374.502,10.740,90.750,363.125,-12.500,-0.383,0.293,1.102,0.934,10.699,-4.809,3.032,3.326,1.108,1.367,0,NULL,NULL,,3,0,2,7,255,1014,250,0,0
stim,24249,54370,0,54370,3251689.455,0.813,0.270,0.140,0.497,0,0,0,0,0,0,0,41,58,1.327,1,2085,0,380.328,10.316,81.188,371.063,-19.250,-0.363,0.281,1.055,1.293,10.234,-4.211,3.076,3.370,1.108,1.367,0,NULL,NULL,,3,0,2,7,255,1014,250,0,0
stim,24249,54370,0,54370,3251694.453,0.815,0.258,0.129,0.502,0,0,0,0,0,0,0,41,58,1.327,1,2085,0,386.162,9.654,78.188,376.813,-31.938,-0.348,0.285,0.977,1.383,9.555,-4.211,3.116,3.416,1.108,1.367,0,NULL,NULL,,3,0,2,7,255,1014,250,0,0
stim,24249,54370,1,54370,3251699.455,0.817,0.247,0.118,0.508,0,0,0,0,0,0,0,43,58,1.327,1,2085,0,391.347,8.964,82.250,380.125,-43.500,-0.242,0.223,0.902,1.535,8.832,-4.145,3.158,3.460,1.108,1.367,0,NULL,NULL,,3,1,2,7,255,1014,250,0,0
stim,24274,54395,1,54395,3251704.454,0.818,0.235,0.107,0.514,0,0,0,0,0,0,0,47,58,1.327,1,2085,0,395.718,7.411,86.125,383.438,-46.375,-0.035,0.066,0.832,1.535,7.250,-4.090,3.198,3.502,1.108,1.367,0,NULL,NULL,,3,1,2,7,255,1014,250,0,0
stim,24274,54395,1,54395,3251709.455,0.820,0.223,0.096,0.518,0,0,0,0,0,0,0,47,58,1.327,1,2085,0,393.365,4.690,97.000,380.438,-24.375,0.047,-0.012,0.734,1.086,4.563,-3.305,3.236,3.544,1.108,1.367,0,NULL,NULL,,3,1,2,7,255,1014,250,0,0
stim,24274,54395,1,54395,3251714.453,0.822,0.210,0.085,0.522,0,0,0,0,0,0,0,48,58,1.327,1,2085,0,391.347,4.224,118.813,372.875,-0.688,-0.016,0.184,0.773,1.086,4.082,-3.305,3.274,3.584,1.108,1.367,0,NULL,NULL,,3,1,2,7,255,1014,250,0,0
stim,24274,54395,1,54395,3251719.455,0.825,0.197,0.075,0.525,0,0,0,0,0,0,0,45,58,1.327,1,2085,0,390.662,4.655,136.938,365.875,-0.438,-0.066,0.234,0.848,2.238,4.082,-3.305,3.310,3.622,1.108,1.367,0,NULL,NULL,,3,1,2,7,255,1014,250,0,0
stim,24316,54437,1,54437,3251724.454,0.827,0.183,0.066,0.528,0,0,0,0,0,0,0,47,58,1.327,1,2085,0,389.366,4.747,153.688,357.750,-1.000,-0.020,0.168,0.918,2.293,4.156,-3.164,3.344,3.660,1.108,1.367,0,NULL,NULL,,3,1,2,7,255,1014,250,0,0
stim,24316,54437,1,54437,3251729.455,0.829,0.169,0.057,0.530,0,0,0,0,0,0,0,51,58,1.327,1,2085,0,388.922,4.828,168.063,350.625,8.813,0.023,0.156,1.004,2.457,4.156,-2.047,3.378,3.694,1.108,1.367,0,NULL,NULL,,3,1,2,7,255,1014,250,0,0
stim,24316,54437,1,54437,3251734.453,0.831,0.154,0.049,0.532,0,0,0,0,0,0,0,45,58,1.327,1,2085,0,389.416,4.828,180.000,344.625,21.875,-0.023,0.211,1.121,2.457,4.156,-1.000,3.410,3.728,1.108,1.367,0,NULL,NULL,,3,1,2,7,255,1014,250,0,0
stim,24316,54437,1,54437,3251739.455,0.834,0.140,0.041,0.533,0,0,0,0,0,0,0,43,58,1.327,1,2085,0,389.133,5.280,187.188,340.063,27.250,-0.105,0.254,1.254,2.867,4.434,-0.020,3.440,3.762,1.108,1.367,0,NULL,NULL,,3,1,2,7,255,1014,250,0,0
stim,24316,54437,1,54437,3251744.453,0.836,0.125,0.033,0.534,0,0,0,0,0,0,0,47,58,1.327,1,2085,0,389.833,6.061,196.563,335.625,26.250,-0.152,0.219,1.391,2.867,5.340,1.109,3.468,3.792,1.108,1.367,0,NULL,NULL,,3,1,2,7,255,1014,250,0,0
stim,24316,54437,1,54437,3251749.455,0.837,0.109,0.026,0.535,0,0,0,0,0,0,0,47,58,1.327,1,2085,0,390.170,6.172,204.188,331.563,24.625,-0.188,0.184,1.590,2.641,5.578,2.582,3.496,3.822,1.108,1.367,0,NULL,NULL,,3,1,2,7,255,1014,250,0,0
stim,24335,54456,1,54456,3251754.454,0.839,0.095,0.018,0.536,0,0,0,0,0,0,0,45,58,1.327,1,2085,0,384.346,6.327,195.750,330.000,22.438,-0.199,0.227,1.754,2.641,5.750,4.668,3.524,3.852,1.108,1.367,0,NULL,NULL,,3,1,2,7,255,1014,250,0,0
stim,24335,54456,1,54456,3251759.455,0.840,0.080,0.010,0.536,0,0,0,0,0,0,0,47,58,1.327,1,2085,0,376.676,6.324,183.813,328.063,21.750,-0.219,0.215,1.840,2.633,5.750,6.352,3.550,3.880,1.108,1.367,0,NULL,NULL,,3,1,2,7,255,1014,250,0,0
stim,24335,54456,1,54456,3251764.453,0.841,0.066,0.003,0.537,0,0,0,0,0,0,0,43,58,1.327,1,2085,0,372.273,6.224,177.938,326.375,20.125,-0.234,0.234,1.938,2.785,5.566,7.367,3.578,3.910,1.108,1.367,0,NULL,NULL,,3,1,2,7,255,1014,250,0,0
stim,24335,54456,1,54456,3251769.455,0.841,0.052,-0.005,0.538,0,0,0,0,0,0,0,45,58,1.327,1,2085,0,364.763,5.964,166.313,324.313,14.625,-0.246,0.199,1.965,2.633,5.352,8.469,3.604,3.938,1.108,1.367,0,NULL,NULL,,3,1,2,7,255,1014,250,0,0
stim,24335,54456,1,54456,3251774.454,0.842,0.038,-0.013,0.539,0,0,0,0,0,0,0,43,58,1.327,1,2085,0,362.016,5.348,164.938,322.125,9.313,-0.195,0.176,2.020,2.480,4.738,8.934,3.630,3.966,1.108,1.367,0,NULL,NULL,,3,1,2,7,255,1014,250,0,0
stim,24335,54456,1,54456,3251779.455,0.841,0.025,-0.021,0.539,0,0,0,0,0,0,0,51,58,1.327,1,2085,0,358.872,4.398,161.625,320.375,5.125,-0.176,0.082,2.016,2.473,3.637,9.656,3.654,3.994,1.108,1.367,0,NULL,NULL,,3,1,2,7,255,1014,250,0,0
stim,24335,54456,1,54456,3251784.453,0.841,0.011,-0.029,0.540,0,0,0,0,0,0,0,45,58,1.327,1,2085,0,360.691,2.994,165.688,320.375,-2.313,-0.109,0.031,2.047,1.711,2.457,9.781,3.674,4.016,1.108,1.367,0,NULL,NULL,,3,1,2,7,255,1014,250,0,0
stim,24335,54456,1,54456,3251789.455,0.840,-0.003,-0.037,0.541,0,0,0,0,0,0,0,45,58,1.327,1,2085,0,362.762,1.833,170.750,320.063,-0.875,-0.031,-0.047,2.012,1.523,1.020,9.859,3.690,4.034,1.108,1.367,0,NULL,NULL,,3,1,2,7,255,1014,250,0,0
stim,24367,54488,1,54488,3251794.454,0.839,-0.017,-0.044,0.542,0,0,0,0,0,0,0,48,58,1.327,1,2085,0,369.449,1.249,180.938,322.063,-5.500,0.008,-0.148,1.934,1.086,-0.617,9.859,3.702,4.046,1.108,1.367,0,NULL,NULL,,3,1,2,7,255,1014,250,0,0
stim,24367,54488,1,54488,3251799.455,0.838,-0.032,-0.051,0.542,0,0,0,0,0,0,0,47,58,1.327,1,2085,0,382.362,1.959,206.000,322.000,-9.000,0.109,-0.215,1.930,0.234,-1.945,9.102,3.706,4.052,1.108,1.367,0,NULL,NULL,,3,1,2,7,255,1014,250,0,0
stim,24367,54488,1,54488,3251804.453,0.836,-0.048,-0.057,0.543,0,0,0,0,0,0,0,48,58,1.327,1,2085,0,398.336,3.738,234.688,321.688,-10.500,0.258,-0.262,1.984,-0.016,-3.738,9.074,3.702,4.052,1.108,1.367,0,NULL,NULL,,3,1,2,7,255,1014,250,0,0
stim,24367,54488,1,54488,3251809.455,0.834,-0.065,-0.063,0.544,0,0,0,0,0,0,0,53,58,1.327,1,2085,0,417.709,5.930,266.313,321.438,-15.375,0.445,-0.285,2.125,-0.016,-5.930,9.074,3.690,4.042,1.108,1.367,0,NULL,NULL,,3,1,2,7,255,1014,250,0,0
stim,24367,54488,1,54488,3251814.454,0.832,-0.084,-0.067,0.545,0,0,0,0,0,0,0,55,58,1.327,1,2085,0,437.074,8.560,297.125,319.938,-19.750,0.680,-0.270,2.348,0.402,-8.551,9.910,3.668,4.022,1.108,1.367,0,NULL,NULL,,3,1,2,7,255,1014,250,0,0
stim,24367,54488,1,54488,3251819.455,0.829,-0.103,-0.071,0.546,0,0,0,0,0,0,0,57,58,1.327,1,2085,0,450.360,11.780,318.250,318.125,-18.375,0.902,-0.297,2.582,1.277,-11.711,11.270,3.632,3.988,1.108,1.367,0,NULL,NULL,,3,1,2,7,255,1014,250,0,0
stim,24408,54529,1,54529,3251824.454,0.825,-0.122,-0.075,0.546,0,0,0,0,0,0,0,55,58,1.327,1,2085,0,455.382,15.124,327.750,315.875,-13.250,1.074,-0.340,2.801,1.523,-15.047,12.551,3.582,3.940,1.108,1.367,0,NULL,NULL,,3,1,2,7,255,1014,250,0,0
stim,24408,54529,1,54529,3251829.455,0.822,-0.141,-0.079,0.546,0,0,0,0,0,0,0,53,58,1.327,1,2085,0,453.159,18.177,326.438,314.125,-10.813,1.207,-0.332,2.965,1.613,-18.105,13.605,3.518,3.878,1.108,1.367,0,NULL,NULL,,3,1,2,7,255,1014,250,0,0
stim,24408,54529,1,54529,3251834.454,0.818,-0.160,-0.082,0.546,0,0,0,0,0,0,0,56,58,1.327,1,2085,0,449.596,20.650,324.000,311.438,-12.938,1.340,-0.297,3.109,1.668,-20.582,14.090,3.438,3.802,1.108,1.367,0,NULL,NULL,,3,1,2,7,255,1014,250,0,0
stim,24408,54529,1,54529,3251839.455,0.814,-0.178,-0.086,0.546,0,0,0,0,0,0,0,57,58,1.327,1,2085,0,439.918,22.990,311.750,309.688,-20.813,1.422,-0.324,3.250,1.668,-22.930,14.363,3.346,3.710,1.108,1.367,0,NULL,NULL,,3,1,2,7,255,1014,250,0,0
stim,24408,54529,1,54529,3251844.453,0.810,-0.196,-0.090,0.546,0,0,0,0,0,0,0,61,58,1.327,1,2085,0,420.990,25.144,287.438,306.000,-31.250,1.492,-0.227,3.430,2.023,-25.063,14.527,3.240,3.608,1.108,1.367,0,NULL,NULL,,3,1,2,7,255,1014,250,0,0
stim,24408,54529,1,54529,3251849.455,0.805,-0.211,-0.096,0.546,0,0,0,0,0,0,0,67,58,1.327,1,2085,0,394.982,26.968,250.375,301.063,-51.813,1.723,0.016,3.566,2.238,-26.875,15.152,3.126,3.494,1.108,1.367,0,NULL,NULL,,3,1,2,7,255,1014,250,0,0
stim,24431,54552,1,54552,3251854.454,0.800,-0.225,-0.102,0.547,0,0,0,0,0,0,0,72,58,1.327,1,2085,0,357.725,29.791,193.625,292.188,-71.438,2.074,0.105,3.574,4.844,-29.395,15.152,3.000,3.372,1.108,1.367,0,NULL,NULL,,3,1,2,7,255,1014,250,0,0
stim,24431,54552,1,54552,3251859.455,0.795,-0.235,-0.109,0.548,0,0,0,0,0,0,0,103,58,1.327,1,2085,0,313.261,33.361,120.500,279.313,-74.813,2.523,-0.148,3.309,6.090,-32.801,13.113,2.864,3.236,1.108,1.367,0,NULL,NULL,,3,1,2,7,255,1014,250,0,0
stim,24431,54553,1,54553,3251864.453,0.792,-0.243,-0.118,0.548,0,0,0,0,0,0,0,151,58,1.327,1,2085,0,275.052,37.028,56.125,262.750,-58.875,2.848,-0.438,2.793,6.090,-36.523,7.488,2.714,3.086,1.108,1.367,0,NULL,NULL,,3,1,2,7,255,1014,250,0,0
stim,24431,54553,1,54553,3251869.455,0.789,-0.249,-0.126,0.547,0,0,0,0,0,0,0,170,58,1.327,1,2085,0,245.891,38.056,18.313,241.563,-42.125,3.160,-0.555,2.191,5.363,-37.676,0.141,2.550,2.924,1.108,1.367,0,NULL,NULL,,3,1,2,7,255,1014,250,0,0
stim,24431,54553,1,54553,3251874.454,0.787,-0.254,-0.134,0.546,0,0,0,0,0,0,0,216,58,1.327,1,2085,0,220.703,38.191,8.188,218.125,-32.625,3.563,-0.582,1.605,5.363,-37.813,-7.402,2.380,2.752,1.108,1.367,0,NULL,NULL,,3,1,2,7,255,1014,250,0,0
stim,24431,54553,1,54553,3251879.455,0.785,-0.260,-0.140,0.545,0,0,0,0,0,0,0,268,58,1.327,1,2085,0,197.219,38.429,25.375,194.750,-18.000,4.078,-0.648,1.043,6.855,-37.813,-14.930,2.202,2.572,1.108,1.367,0,NULL,NULL,,3,1,2,7,255,1014,250,0,0
stim,24454,54575,1,54575,3251884.454,0.783,-0.266,-0.144,0.543,0,0,0,0,0,0,0,307,58,1.327,1,2085,0,173.368,39.425,59.563,162.625,7.875,4.457,-1.207,0.676,6.855,-38.824,-22.891,2.018,2.388,1.108,1.367,0,NULL,NULL,,3,1,2,7,255,1014,250,0,0
stim,24454,54575,1,54575,3251889.455,0.782,-0.271,-0.147,0.541,0,0,0,0,0,0,0,315,58,1.327,1,2085,0,143.121,41.287,64.875,121.625,38.500,4.734,-1.977,0.613,4.758,-41.012,-29.625,1.832,2.200,1.108,1.367,0,NULL,NULL,,3,1,2,7,255,1014,250,0,0
stim,24454,54575,1,54575,3251894.453,0.783,-0.278,-0.146,0.537,0,0,0,0,0,0,0,285,58,1.327,1,2085,0,194.596,41.950,127.563,98.563,109.000,4.641,-2.414,0.098,-1.035,-41.938,-33.813,1.640,2.006,1.108,1.367,0,NULL,NULL,,3,1,2,7,255,1014,250,0,0
stim,24454,54575,1,54575,3251899.455,0.783,-0.290,-0.140,0.533,0,0,0,0,0,0,0,265,58,1.327,1,2085,0,322.277,42.180,271.813,56.813,163.563,4.105,-2.230,0.383,-4.520,-41.938,-34.211,1.446,1.806,1.108,1.367,0,NULL,NULL,,3,1,2,7,255,1014,250,0,0
stim,24454,54575,1,54575,3251904.454,0.781,-0.305,-0.129,0.529,0,0,0,0,0,0,0,243,58,1.327,1,2085,0,420.535,39.289,389.500,16.563,157.688,3.355,-2.129,1.457,-4.695,-39.008,-34.211,1.248,1.606,1.108,1.367,0,NULL,NULL,,3,1,2,7,255,1014,250,0,0
stim,24454,54575,1,54575,3251909.455,0.778,-0.318,-0.118,0.528,0,0,0,0,0,0,0,263,58,1.327,1,2085,0,402.844,39.346,389.313,-24.625,100.563,2.629,-1.383,2.910,-5.148,-39.008,-22.375,1.048,1.400,1.108,1.367,0,NULL,NULL,,3,1,2,7,255,1014,250,0,0
stim,24484,54605,1,54605,3251914.453,0.776,-0.327,-0.107,0.529,0,0,0,261,0,0,0,435,58,1.327,1,2085,0,331.808,40.906,315.188,-80.188,65.750,1.773,-1.395,4.391,-7.008,-40.301,-5.660,0.848,1.194,1.108,1.367,0,NULL,NULL,,3,1,2,7,255,1014,250,0,0
stim,24484,54605,1,54605,3251919.455,0.778,-0.349,-0.071,0.518,539,0,0,1034,0,53,0,473,58,1.327,1,2085,0,995.203,44.454,780.563,-332.500,520.188,1.496,0.070,10.000,-11.570,-42.922,9.539,0.654,0.986,1.108,1.367,0,NULL,NULL,,3,1,2,7,255,1014,250,0,0
stim,24517,54638,1,54638,3251924.454,0.789,-0.340,-0.064,0.508,1135,0,0,1551,0,331,0,589,58,1.327,1,2085,0,427.286,52.945,-170.500,-163.063,356.250,-0.230,0.980,9.516,-13.305,-51.246,58.164,0.474,0.774,1.108,1.367,0,NULL,NULL,,3,1,2,7,255,1014,250,0,0
stim,24517,54638,1,54638,3251929.455,0.814,-0.294,-0.083,0.494,1703,0,0,1865,0,568,0,619,58,1.327,1,2085,0,1310.991,52.945,-1264.750,-140.438,315.250,-0.664,4.008,2.570,-13.305,-51.246,58.164,0.342,0.566,1.108,1.367,0,NULL,NULL,,3,1,2,7,255,1014,250,0,0
stim,24517,54638,1,54638,3251934.453,0.833,-0.249,-0.100,0.483,2071,0,0,2022,0,904,0,679,58,1.327,1,2086,0,1214.216,27.553,-1183.500,-164.125,216.125,-1.375,4.723,-2.266,27.109,4.926,28.363,0.308,0.400,1.108,1.367,1,1049.000,35.000,,3,1,2,7,255,1014,250,0,0
stim,24517,54638,1,54638,3251939.455,0.842,-0.227,-0.106,0.477,2283,0,0,2133,0,1110,0,755,58,1.327,1,2086,0,586.758,49.015,-559.313,-112.250,137.313,-2.156,2.621,-3.840,27.109,40.836,-9.984,0.350,0.314,1.108,1.367,1,NULL,NULL,,3,1,2,7,255,1014,250,0,0
stim,24517,54638,1,54638,3251944.454,0.843,-0.221,-0.101,0.479,2441,0,0,2216,0,1285,0,811,58,1.327,1,2086,0,192.394,42.343,-56.063,-182.313,-25.188,-1.746,-0.836,-0.930,11.195,40.836,-13.426,0.396,0.312,1.108,1.367,1,NULL,NULL,,3,1,2,7,255,1014,250,0,0
stim,24517,54638,0,54638,3251949.455,0.842,-0.223,-0.093,0.482,2574,0,0,2339,0,1439,0,932,58,1.327,1,2086,0,183.172,13.730,119.875,-133.938,-35.250,0.281,0.234,1.676,2.801,13.441,-13.426,0.420,0.354,1.108,1.367,2,NULL,NULL,,3,0,2,7,255,1011,250,0,0
stim,24517,54638,0,54638,3251954.453,0.844,-0.221,-0.088,0.480,2727,0,0,2571,0,1553,0,1041,58,1.327,1,2086,0,147.991,4.702,14.375,-116.500,90.125,0.824,2.797,2.289,2.801,-3.777,4.395,0.432,0.398,1.108,1.367,2,NULL,NULL,,3,0,2,7,255,1011,250,0,0
stim,24517,54638,0,54638,3251959.455,0.851,-0.213,-0.085,0.472,2860,0,0,2733,0,1599,0,1141,58,1.327,1,2086,0,317.007,6.266,-179.063,-132.375,225.625,-0.918,1.281,2.098,5.000,-3.777,14.531,0.452,0.436,1.108,1.367,2,NULL,NULL,,3,0,2,7,255,1011,250,0,0
stim,24517,54638,0,54638,3251964.454,0.860,-0.195,-0.085,0.464,2927,0,0,2837,0,1641,0,1271,58,1.327,1,2086,0,491.880,6.415,-409.375,-176.188,208.125,-2.281,-1.176,0.902,5.000,4.020,14.531,0.488,0.478,1.108,1.367,2,NULL,NULL,,3,0,2,7,255,1011,250,0,0
stim,24517,54638,0,54638,3251969.455,0.863,-0.177,-0.086,0.465,2973,0,0,2919,0,1672,0,1387,58,1.327,1,2086,0,417.099,23.484,-374.688,-177.188,-46.750,-2.156,-1.648,-0.664,-22.195,7.672,2.984,0.510,0.512,1.108,1.367,2,NULL,NULL,,3,0,2,7,255,1011,250,0,0
stim,24564,54685,0,54685,3251974.454,0.861,-0.167,-0.083,0.473,3008,0,0,2980,0,1708,0,1472,58,1.327,1,2086,0,295.888,23.484,-148.500,-186.625,-175.125,-0.520,-1.203,-0.258,-22.195,7.672,-12.402,0.498,0.526,1.108,1.367,2,NULL,NULL,,3,0,2,7,255,1011,250,0,0
stim,24564,54685,0,54685,3251979.455,0.858,-0.163,-0.078,0.480,3037,0,0,3037,0,1746,0,1547,58,1.327,1,2086,0,253.722,12.866,-4.688,-178.313,-180.438,0.469,-0.875,1.273,-12.813,-1.172,-12.402,0.452,0.526,1.108,1.367,2,NULL,NULL,,3,0,2,7,255,1011,250,0,0
stim,24564,54685,0,54685,3251984.454,0.857,-0.157,-0.073,0.485,3049,0,0,3095,0,1813,0,1561,58,1.327,1,2086,0,199.388,13.186,-44.500,-162.500,-106.625,1.137,-0.770,1.969,-4.918,-12.234,-0.918,0.400,0.516,1.108,1.367,2,NULL,NULL,,3,0,2,7,255,1011,250,0,0
stim,24564,54685,0,54685,3251989.455,0.859,-0.149,-0.071,0.485,3077,0,0,3119,0,1880,0,1565,58,1.327,1,2086,0,192.218,19.377,-133.563,-137.938,9.063,1.406,-1.262,1.977,-3.434,-19.070,2.949,0.356,0.490,1.108,1.367,2,NULL,NULL,,3,0,2,7,255,1011,250,0,0
stim,24564,54685,0,54685,3251994.453,0.863,-0.139,-0.070,0.480,3087,0,0,3141,0,1965,17,1583,58,1.327,1,2086,0,277.264,19.677,-209.500,-122.250,134.313,0.922,-1.625,1.352,-3.434,-19.375,2.949,0.322,0.442,1.108,1.367,2,NULL,NULL,,3,0,2,7,255,1011,250,0,0
stim,24564,54685,0,54685,3251999.455,0.869,-0.131,-0.068,0.472,3087,0,0,3174,0,2045,44,1637,58,1.327,1,2086,0,297.191,20.826,-181.875,-110.750,207.313,0.016,-0.938,0.340,-7.637,-19.375,-1.730,0.302,0.376,1.108,1.367,2,NULL,NULL,,3,0,2,7,255,1011,250,0,0
stim,24564,54685,0,54685,3252004.454,0.874,-0.126,-0.065,0.465,3103,0,0,3174,0,2133,53,1696,58,1.327,1,2086,0,240.598,9.693,-96.813,-119.250,185.188,-0.965,-0.027,0.457,-7.637,-5.969,-3.336,0.298,0.302,1.108,1.367,2,NULL,NULL,,3,0,2,7,255,1011,250,0,0
stim,24564,54685,0,54685,3252009.455,0.875,-0.120,-0.062,0.465,3111,0,0,3195,6,2255,61,1863,58,1.327,1,2086,0,151.945,8.246,-76.688,-126.938,33.063,-1.383,0.598,1.078,-5.477,6.164,-3.336,0.306,0.238,1.108,1.367,2,NULL,NULL,,3,0,2,7,255,1011,250,0,0
stim,24564,54685,0,54685,3252014.453,0.875,-0.115,-0.058,0.467,3093,0,0,3187,157,2303,221,2011,58,1.327,1,2086,0,154.137,6.695,-65.563,-126.813,-58.125,-0.289,0.668,1.102,-2.613,6.164,2.020,0.314,0.196,1.108,1.367,2,NULL,NULL,,3,0,2,7,255,1011,250,0,0
stim,24564,54685,0,54685,3252019.455,0.873,-0.112,-0.056,0.472,3097,0,0,3205,475,2375,201,2126,58,1.327,1,2086,0,143.256,4.569,-33.813,-78.813,-114.750,0.195,0.230,2.133,3.266,3.195,4.125,0.318,0.174,1.108,1.367,2,NULL,NULL,,3,0,2,7,255,1011,250,0,0
stim,24614,54735,0,54735,3252024.454,0.871,-0.108,-0.057,0.476,3095,0,0,3207,765,2409,199,2207,58,1.327,1,2086,0,135.307,6.597,-70.063,-45.500,-106.438,0.934,0.129,1.355,4.000,-5.246,2.020,0.324,0.164,1.108,1.367,2,NULL,NULL,,3,0,2,7,255,1011,250,0,0
stim,24614,54735,0,54735,3252029.455,0.871,-0.105,-0.056,0.478,3091,0,0,3195,999,2431,216,2261,58,1.327,1,2086,0,79.851,9.359,-48.625,-40.813,-48.438,0.754,0.395,1.348,6.238,-6.977,1.969,0.332,0.154,1.108,1.367,2,NULL,NULL,,3,0,2,7,255,1011,250,0,0
stim,24614,54735,0,54735,3252034.453,0.870,-0.100,-0.058,0.479,3087,21,0,3193,1145,2457,229,2317,58,1.327,1,2086,0,110.730,9.359,-102.688,-22.750,-34.625,-0.066,-0.324,1.578,6.238,-6.977,1.969,0.350,0.140,1.108,1.367,2,NULL,NULL,,3,0,2,7,255,1011,250,0,0
stim,24614,54735,0,54735,3252039.455,0.870,-0.094,-0.060,0.480,3089,37,0,3208,1267,2469,239,2361,58,1.327,1,2086,0,155.435,5.580,-150.188,-19.688,-34.875,-0.063,-0.828,0.535,-2.645,-4.914,1.969,0.372,0.120,1.108,1.367,2,NULL,NULL,,3,0,2,7,255,1011,250,0,0
stim,24614,54735,0,54735,3252044.453,0.870,-0.091,-0.061,0.481,3089,41,0,3205,1363,2489,237,2389,58,1.327,1,2086,0,75.616,7.440,-62.563,-18.063,-38.438,-0.129,-0.641,0.355,-5.910,-4.520,-5.184,0.398,0.096,1.108,1.367,2,NULL,NULL,,3,0,2,7,255,1011,250,0,0
stim,24614,54735,0,54735,3252049.455,0.868,-0.091,-0.060,0.484,3090,93,0,3199,1499,2491,245,2412,58,1.327,1,2086,0,70.833,6.637,18.750,-18.063,-65.875,-0.117,-0.043,0.941,-5.910,-3.020,-5.184,0.422,0.076,1.108,1.367,2,NULL,NULL,,3,0,2,7,255,1011,250,0,0
stim,24635,54756,0,54756,3252054.453,0.867,-0.091,-0.059,0.486,3087,105,0,3207,1559,2503,251,2442,58,1.327,1,2086,0,72.970,2.068,11.188,-12.938,-70.938,0.070,0.246,1.305,-0.668,-1.957,-0.598,0.440,0.062,1.108,1.367,2,NULL,NULL,,3,0,2,7,255,1011,250,0,0
stim,24635,54756,0,54756,3252059.455,0.866,-0.089,-0.060,0.488,3093,124,0,3197,1609,2515,252,2468,58,1.327,1,2086,0,62.079,2.152,-46.188,-8.063,-40.688,0.086,0.000,1.262,0.895,-1.957,2.148,0.450,0.054,1.108,1.367,2,NULL,NULL,,3,0,2,7,255,1011,250,0,0
stim,24635,54756,0,54756,3252064.454,0.866,-0.086,-0.062,0.488,3091,137,0,3195,1675,2511,261,2483,58,1.327,1,2086,0,76.021,2.152,-74.063,-6.625,-15.813,-0.121,-0.176,0.934,0.895,-1.957,2.148,0.458,0.048,1.108,1.367,2,NULL,NULL,,3,0,2,7,255,1011,250,0,0
stim,24635,54756,0,54756,3252069.455,0.866,-0.084,-0.063,0.489,3093,159,0,3209,1738,2520,251,2487,58,1.327,1,2086,0,55.817,2.190,-48.000,-6.438,-27.750,-0.242,-0.055,0.781,-1.332,-1.738,-0.738,0.466,0.042,1.108,1.367,2,NULL,NULL,,3,0,2,7,255,1011,250,0,0
stim,24635,54756,0,54756,3252074.454,0.865,-0.083,-0.063,0.491,3092,183,19,3189,1785,2523,261,2501,58,1.327,1,2086,0,57.310,1.554,-16.125,-5.188,-54.750,-0.113,0.004,0.898,-1.332,-0.801,-0.961,0.476,0.034,1.108,1.367,2,NULL,NULL,,3,0,2,7,255,1011,250,0,0
stim,24635,54756,0,54756,3252079.455,0.864,-0.082,-0.063,0.493,3092,199,106,3196,1831,2535,243,2496,58,1.327,1,2086,0,45.126,0.814,-13.750,-4.438,-42.750,0.094,-0.102,1.043,-0.145,-0.801,-0.961,0.482,0.030,1.108,1.367,2,NULL,NULL,,3,0,2,7,255,1011,250,0,0
stim,24635,54756,0,54756,3252084.454,0.864,-0.081,-0.063,0.493,3083,211,175,3190,1866,2531,223,2503,58,1.327,1,2086,0,25.438,2.996,-23.188,-3.625,-9.813,0.039,-0.141,1.039,-0.145,-2.992,-0.020,0.486,0.030,1.108,1.367,2,NULL,NULL,,3,0,2,7,255,1011,250,0,0
stim,24635,54756,0,54756,3252089.455,0.864,-0.080,-0.064,0.493,3091,213,229,3191,1885,2537,204,2511,58,1.327,1,2086,0,23.041,2.993,-22.938,-1.375,-1.688,-0.117,0.023,0.973,0.082,-2.992,-0.020,0.488,0.028,1.108,1.367,2,NULL,NULL,,3,0,2,7,255,1011,250,0,0
stim,24664,54785,0,54785,3252094.453,0.864,-0.080,-0.064,0.494,3090,215,280,3195,1909,2537,183,2518,58,1.327,1,2086,0,17.133,0.747,-10.375,-0.500,-13.625,-0.168,0.148,0.969,0.082,-0.742,-0.129,0.494,0.026,1.108,1.367,2,NULL,NULL,,3,0,2,7,255,1011,250,0,0
stim,24664,54785,0,54785,3252099.455,0.863,-0.079,-0.064,0.495,3087,215,316,3191,1933,2533,171,2511,58,1.327,1,2086,0,26.131,1.014,-4.438,0.313,-25.750,-0.090,0.074,1.039,0.691,-0.742,-0.129,0.500,0.022,1.108,1.367,2,NULL,NULL,,3,0,2,7,255,1011,250,0,0
stim,24664,54785,0,54785,3252104.454,0.863,-0.079,-0.064,0.495,3087,217,345,3183,1945,2539,165,2520,58,1.286,1,2086,1,17.511,1.091,-7.063,0.875,-16.000,-0.020,0.008,1.051,0.691,-0.844,0.328,0.000,0.000,1.120,1.286,2,NULL,NULL,,3,0,2,7,255,1011,250,0,0
stim,24664,54785,0,54785,3252109.455,0.863,-0.078,-0.064,0.495,3081,207,381,3195,1960,2531,165,2511,58,1.286,1,2086,1,10.490,1.113,-10.063,1.688,-2.438,-0.090,0.039,1.039,0.480,-1.004,0.367,0.004,0.002,1.120,1.286,2,NULL,NULL,,3,0,2,7,255,1011,250,0,0
stim,24664,54785,0,54785,3252114.453,0.863,-0.078,-0.064,0.495,3069,213,413,3179,1962,2531,165,2511,58,1.286,1,2086,1,9.874,1.113,-9.625,1.250,-1.813,-0.168,0.121,1.035,0.480,-1.004,0.367,0.008,0.004,1.120,1.286,2,NULL,NULL,,3,0,2,7,255,1011,250,0,0
stim,24664,54785,0,54785,3252119.455,0.863,-0.078,-0.065,0.496,3079,213,429,3177,1967,2533,165,2519,58,1.286,1,2086,1,13.898,0.451,-8.313,1.750,-11.000,-0.164,0.074,1.031,0.406,-0.195,0.438,0.010,0.006,1.120,1.286,2,NULL,NULL,,3,0,2,7,255,1011,250,0,0
stim,24716,54837,0,54837,3252124.454,0.862,-0.078,-0.065,0.496,3067,200,436,3173,1971,2520,157,2515,58,1.286,1,2086,1,13.527,0.752,-4.375,1.125,-12.750,-0.094,0.098,1.027,0.727,-0.195,0.438,0.014,0.008,1.120,1.286,2,NULL,NULL,,3,0,2,7,255,1011,250,0,0
stim,24716,54837,0,54837,3252129.455,0.862,-0.078,-0.065,0.497,3064,185,447,3164,1975,2512,153,2501,58,1.286,1,2086,1,9.375,0.923,-3.750,1.625,-8.438,-0.102,0.074,1.031,0.668,-0.637,0.305,0.014,0.008,1.120,1.286,2,NULL,NULL,,3,0,2,7,255,1011,250,0,0
stim,24716,54837,0,54837,3252134.453,0.862,-0.077,-0.065,0.497,3061,183,462,3165,1977,2513,141,2495,58,1.286,1,2086,1,6.026,0.951,-3.938,0.750,-4.500,-0.133,0.098,1.023,0.707,-0.637,0.305,0.016,0.008,1.120,1.286,2,NULL,NULL,,3,0,2,7,255,1011,250,0,0
stim,24716,54837,0,54837,3252139.455,0.862,-0.077,-0.065,0.497,3059,183,475,3161,1979,2507,139,2491,58,1.286,1,2086,1,8.182,0.748,-4.500,1.063,-6.750,-0.156,0.055,1.000,0.668,-0.336,0.305,0.016,0.008,1.120,1.286,2,NULL,NULL,,3,0,2,7,255,1011,250,0,0
stim,24716,54837,0,54837,3252144.454,0.862,-0.077,-0.065,0.497,3043,173,477,3149,1978,2507,134,2493,58,1.286,1,2086,1,7.400,0.492,-1.750,-0.188,-7.188,-0.133,0.059,0.969,0.359,-0.336,0.113,0.016,0.008,1.120,1.286,2,NULL,NULL,,3,0,2,7,255,1011,250,0,0
stim,24716,54837,0,54837,3252149.455,0.862,-0.077,-0.065,0.497,3027,175,493,3145,1980,2501,127,2500,58,1.286,1,2086,1,3.846,0.477,0.563,-0.938,-3.688,-0.141,0.023,0.969,0.230,-0.418,-0.211,0.018,0.010,1.120,1.286,2,NULL,NULL,,3,0,2,7,255,1011,250,0,0
stim,24716,54837,0,54837,3252154.453,0.862,-0.077,-0.065,0.497,3016,169,529,3133,1992,2487,136,2489,58,1.286,1,2086,1,3.337,0.419,1.563,-2.750,-1.063,-0.164,0.004,0.965,0.023,-0.418,-0.238,0.020,0.010,1.120,1.286,2,NULL,NULL,,3,0,2,7,255,1011,250,0,0
stim,24716,54837,0,54837,3252159.455,0.862,-0.077,-0.064,0.497,3013,167,537,3118,2002,2483,136,2503,58,1.286,1,2086,1,5.468,0.473,3.563,-4.125,-0.438,-0.195,-0.004,0.953,-0.262,-0.395,-0.242,0.022,0.010,1.120,1.286,2,NULL,NULL,,3,0,2,7,255,1011,250,0,0
stim,24716,54837,0,54837,3252164.453,0.862,-0.077,-0.064,0.498,2991,161,549,3117,2009,2477,136,2495,58,1.286,1,2086,1,9.779,0.427,6.813,-6.250,-3.188,-0.180,0.004,0.941,-0.367,-0.219,-0.289,0.024,0.008,1.120,1.286,2,NULL,NULL,,3,0,2,7,255,1011,250,0,0
stim,24716,54837,0,54837,3252169.455,0.862,-0.077,-0.064,0.498,2974,163,589,3097,2019,2477,137,2493,58,1.286,1,2086,1,13.244,0.427,10.625,-7.750,-1.563,-0.152,0.012,0.953,-0.367,-0.219,-0.359,0.028,0.006,1.120,1.286,2,NULL,NULL,,3,0,2,7,255,1011,250,0,0
stim,24738,54859,0,54859,3252174.454,0.862,-0.077,-0.063,0.498,2969,157,619,3087,2030,2475,139,2513,58,1.286,1,2086,1,14.845,0.470,11.438,-9.313,1.688,-0.152,0.020,0.969,-0.191,-0.430,-0.359,0.030,0.006,1.120,1.286,2,NULL,NULL,,3,0,2,7,255,1011,250,0,0
stim,24738,54859,0,54859,3252179.455,0.862,-0.078,-0.062,0.498,2951,157,647,3077,2059,2483,149,2521,58,1.286,1,2086,1,15.846,0.470,10.688,-10.875,4.313,-0.172,0.020,0.965,-0.191,-0.430,-0.203,0.032,0.008,1.120,1.286,2,NULL,NULL,,3,0,2,7,255,1011,250,0,0
stim,24738,54859,0,54859,3252184.454,0.862,-0.078,-0.062,0.497,2931,157,665,3049,2072,2475,185,2519,58,1.286,1,2086,1,17.116,0.350,10.938,-12.563,3.938,-0.199,0.016,0.953,-0.223,-0.270,-0.203,0.036,0.008,1.120,1.286,2,NULL,NULL,,3,0,2,7,255,1011,250,0,0
stim,24738,54859,0,54859,3252189.455,0.862,-0.078,-0.061,0.498,2915,159,683,3035,2101,2475,229,2531,58,1.286,1,2086,1,19.608,0.224,13.250,-14.438,0.688,-0.188,0.051,0.953,-0.223,-0.020,-0.254,0.038,0.010,1.120,1.286,2,NULL,NULL,,3,0,2,7,255,1011,250,0,0
stim,24765,54886,0,54886,3252194.453,0.862,-0.078,-0.060,0.498,2894,163,715,3026,2144,2491,260,2551,58,1.286,1,2086,1,21.940,0.095,15.188,-15.813,-0.813,-0.180,0.070,0.973,-0.074,0.059,-0.254,0.038,0.010,1.120,1.286,2,NULL,NULL,,3,0,2,7,255,1011,250,0,0
stim,24765,54886,0,54886,3252199.455,0.862,-0.078,-0.059,0.498,2879,165,760,3013,2192,2493,286,2569,58,1.286,1,2086,1,22.696,0.150,14.375,-17.563,0.125,-0.164,0.105,1.004,0.137,0.063,-0.113,0.040,0.008,1.120,1.286,2,NULL,NULL,,3,0,2,7,255,1011,250,0,0
stim,24765,54886,0,54886,3252204.453,0.862,-0.079,-0.058,0.498,2855,166,798,2983,2229,2491,317,2585,58,1.286,1,2086,1,22.091,0.485,11.875,-18.625,0.313,-0.172,0.156,1.012,0.480,0.063,0.180,0.040,0.006,1.120,1.286,2,NULL,NULL,,3,0,2,7,255,1011,250,0,0
stim,24765,54886,0,54886,3252209.455,0.862,-0.079,-0.057,0.498,2841,173,889,2985,2271,2495,346,2601,58,1.286,1,2086,1,21.895,0.932,9.688,-19.563,-1.688,-0.180,0.160,1.012,0.863,0.352,0.305,0.042,0.006,1.120,1.286,2,NULL,NULL,,3,0,2,7,255,1011,250,0,0
stim,24784,54905,0,54905,3252214.454,0.862,-0.079,-0.056,0.498,2807,179,939,2943,2302,2503,405,2617,58,1.286,1,2086,1,23.183,0.977,9.250,-20.375,-6.063,-0.172,0.168,1.012,0.875,0.434,0.316,0.042,0.010,1.120,1.286,2,NULL,NULL,,3,0,2,7,255,1011,250,0,0
stim,24784,54905,0,54905,3252219.455,0.862,-0.079,-0.055,0.499,2779,183,1019,2931,2343,2513,439,2645,58,1.286,1,2086,1,25.153,1.029,9.563,-20.500,-11.000,-0.137,0.176,1.016,0.934,0.434,0.316,0.044,0.014,1.120,1.286,2,NULL,NULL,,3,0,2,7,255,1011,250,0,0
stim,24816,54937,0,54937,3252224.454,0.861,-0.078,-0.054,0.499,2757,204,1106,2907,2381,2527,474,2651,58,1.286,1,2086,1,24.487,1.042,7.938,-20.250,-11.250,-0.113,0.148,1.020,1.023,0.195,0.301,0.046,0.020,1.120,1.286,2,NULL,NULL,,3,0,2,7,255,1011,250,0,0
stim,24816,54937,0,54937,3252229.455,0.861,-0.078,-0.053,0.500,2726,220,1175,2879,2419,2521,557,2664,58,1.286,1,2086,1,22.915,1.032,4.188,-20.063,-10.250,-0.129,0.117,1.020,1.023,-0.133,0.293,0.048,0.026,1.120,1.286,2,NULL,NULL,,3,0,2,7,255,1011,250,0,0
stim,24816,54937,0,54937,3252234.454,0.861,-0.078,-0.052,0.500,2688,236,1253,2869,2456,2532,663,2681,58,1.286,1,2086,1,23.377,0.708,0.938,-20.188,-11.750,-0.145,0.098,1.008,0.695,-0.133,0.270,0.050,0.030,1.120,1.286,2,NULL,NULL,,3,0,2,7,255,1011,250,0,0
stim,24816,54937,0,54937,3252239.455,0.861,-0.077,-0.051,0.501,2647,251,1335,2841,2507,2536,803,2712,58,1.286,1,2086,1,25.471,0.444,-0.813,-20.750,-14.750,-0.160,0.098,0.996,0.434,-0.094,0.215,0.054,0.036,1.120,1.286,2,NULL,NULL,,3,0,2,7,255,1011,250,0,0
stim,24816,54937,0,54937,3252244.453,0.860,-0.077,-0.050,0.501,2604,261,1467,2830,2535,2539,915,2728,58,1.286,1,2086,1,28.399,0.439,-1.875,-21.625,-18.313,-0.176,0.129,1.020,0.434,0.070,0.215,0.056,0.040,1.120,1.286,2,NULL,NULL,,3,0,2,7,255,1011,250,0,0
stim,24816,54937,0,54937,3252249.455,0.860,-0.076,-0.050,0.502,2543,263,1582,2803,2569,2551,1041,2735,58,1.286,1,2086,1,34.694,0.619,-6.813,-21.563,-26.313,-0.184,0.156,1.063,0.520,0.336,0.395,0.058,0.042,1.120,1.286,2,NULL,NULL,,3,0,2,7,255,1011,250,0,0
stim,24816,54937,0,54937,3252254.454,0.859,-0.075,-0.049,0.504,2487,271,1701,2764,2605,2565,1167,2761,58,1.286,1,2086,1,43.419,0.619,-17.313,-22.375,-32.938,-0.168,0.121,1.078,0.520,0.336,0.840,0.060,0.044,1.120,1.286,2,NULL,NULL,,3,0,2,7,255,1011,250,0,0
stim,24816,54937,0,54937,3252259.455,0.859,-0.073,-0.049,0.505,2421,274,1801,2735,2636,2551,1295,2771,58,1.286,1,2086,1,49.815,0.554,-27.938,-23.438,-33.938,-0.156,0.082,1.059,0.516,0.203,0.840,0.060,0.044,1.120,1.286,2,NULL,NULL,,3,0,2,7,255,1011,250,0,0
stim,24816,54937,0,54937,3252264.453,0.858,-0.071,-0.049,0.506,2351,280,1891,2703,2671,2554,1397,2789,58,1.286,1,2086,1,54.734,0.260,-32.813,-22.750,-37.438,-0.145,0.070,1.023,0.258,-0.031,0.707,0.060,0.042,1.120,1.286,2,NULL,NULL,,3,0,2,7,255,1011,250,0,0
stim,24816,54937,0,54937,3252269.455,0.857,-0.070,-0.049,0.508,2277,291,1977,2669,2707,2577,1511,2806,58,1.286,1,2086,1,57.662,0.233,-33.063,-22.688,-41.438,-0.133,0.027,1.004,0.215,-0.090,0.328,0.060,0.038,1.120,1.286,2,NULL,NULL,,3,0,2,7,255,1011,250,0,0
stim,24849,54970,0,54970,3252274.454,0.857,-0.067,-0.049,0.509,2194,293,2071,2624,2733,2573,1644,2825,58,1.286,1,2086,1,61.756,0.338,-36.500,-23.000,-44.188,-0.129,-0.016,1.039,-0.063,-0.332,0.328,0.058,0.036,1.120,1.286,2,NULL,NULL,,3,0,2,7,255,1011,250,0,0
stim,24849,54970,0,54970,3252279.455,0.856,-0.065,-0.049,0.511,2106,294,2160,2569,2736,2568,1751,2837,58,1.286,1,2086,1,71.983,0.712,-48.438,-23.438,-47.813,-0.133,-0.078,1.063,-0.387,-0.598,0.430,0.058,0.032,1.120,1.286,2,NULL,NULL,,3,0,2,7,255,1011,250,0,0
stim,24849,54970,0,54970,3252284.453,0.855,-0.062,-0.050,0.513,2009,292,2250,2516,2763,2579,1853,2853,58,1.286,1,2086,1,80.583,1.218,-59.938,-23.813,-48.313,-0.098,-0.109,1.008,-0.883,-0.840,0.430,0.058,0.030,1.120,1.286,2,NULL,NULL,,3,0,2,7,255,1011,250,0,0
stim,24849,54970,0,54970,3252289.455,0.854,-0.059,-0.050,0.514,1901,280,2318,2455,2795,2573,1947,2863,58,1.286,1,2086,1,73.922,1.360,-55.188,-24.750,-42.500,-0.070,-0.082,0.891,-0.883,-1.035,0.078,0.058,0.028,1.120,1.286,2,NULL,NULL,,3,0,2,7,255,1011,250,0,0
stim,24849,54970,0,54970,3252294.454,0.854,-0.057,-0.050,0.515,1771,275,2391,2362,2815,2573,2036,2875,58,1.286,1,2086,1,57.425,1.221,-39.063,-27.563,-31.813,-0.090,-0.035,0.891,-0.648,-1.035,-1.066,0.058,0.024,1.120,1.286,2,NULL,NULL,,3,0,2,7,255,1011,250,0,0
stim,24849,54970,0,54970,3252299.455,0.853,-0.055,-0.050,0.517,1620,274,2461,2269,2841,2575,2123,2889,58,1.286,1,2086,1,50.161,0.708,-28.500,-29.063,-29.313,-0.145,0.000,1.008,-0.340,-0.621,-1.066,0.058,0.022,1.120,1.286,2,NULL,NULL,,3,0,2,7,255,1011,250,0,0
stim,24874,54995,0,54995,3252304.453,0.852,-0.053,-0.049,0.518,1391,255,2508,2149,2859,2573,2195,2899,58,1.286,1,2086,1,56.237,0.353,-31.000,-31.250,-35.000,-0.172,-0.016,1.059,-0.340,-0.094,0.152,0.058,0.020,1.120,1.286,2,NULL,NULL,,3,0,2,7,255,1011,250,0,0
stim,24874,54995,0,54995,3252309.455,0.852,-0.051,-0.049,0.519,1239,231,2549,2045,2875,2573,2265,2907,58,1.286,1,2086,1,61.933,0.252,-35.375,-32.000,-39.500,-0.125,-0.023,1.051,-0.234,-0.094,0.543,0.058,0.020,1.120,1.286,2,NULL,NULL,,3,0,2,7,255,1011,250,0,0
stim,24874,54995,0,54995,3252314.454,0.851,-0.048,-0.048,0.521,1044,203,2589,1851,2899,2571,2341,2919,58,1.286,1,2086,1,60.494,0.419,-34.375,-33.438,-36.875,-0.102,0.000,1.027,-0.234,-0.348,0.543,0.060,0.020,1.120,1.286,2,NULL,NULL,,3,0,2,7,255,1011,250,0,0
stim,24874,54995,0,54995,3252319.455,0.850,-0.046,-0.048,0.522,843,151,2631,1617,2915,2568,2401,2927,58,1.286,1,2086,1,56.953,0.353,-30.688,-35.063,-32.750,-0.098,0.031,1.051,0.059,-0.348,0.504,0.060,0.020,1.120,1.286,2,NULL,NULL,,3,0,2,7,255,1011,250,0,0
stim,24922,55043,0,55043,3252324.454,0.850,-0.044,-0.047,0.523,551,83,2664,1383,2928,2571,2461,2943,58,1.286,1,2086,1,58.669,0.430,-31.813,-35.813,-33.875,-0.094,0.012,1.051,0.230,-0.363,0.504,0.062,0.020,1.120,1.286,2,NULL,NULL,,3,0,2,7,255,1011,250,0,0
stim,24922,55043,0,55043,3252329.455,0.849,-0.042,-0.046,0.524,379,71,2692,1163,2953,2555,2504,2953,58,1.286,1,2086,1,55.481,0.430,-29.188,-38.563,-27.188,-0.098,-0.035,1.035,0.230,-0.363,0.504,0.064,0.020,1.120,1.286,2,NULL,NULL,,3,0,2,7,255,1011,250,0,0
stim,24922,55043,0,55043,3252334.454,0.849,-0.040,-0.046,0.525,205,5,2717,906,2961,2542,2555,2959,58,1.286,1,2086,1,56.095,0.510,-29.063,-40.875,-25.125,-0.086,-0.043,1.020,-0.191,-0.473,0.387,0.066,0.020,1.120,1.286,2,NULL,NULL,,3,0,2,7,255,1011,250,0,0
stim,24922,55043,0,55043,3252339.455,0.849,-0.038,-0.044,0.526,77,0,2743,649,2973,2531,2602,2969,58,1.286,1,2086,1,55.382,0.532,-23.500,-43.438,-25.063,-0.074,-0.027,1.008,-0.191,-0.496,0.230,0.068,0.022,1.120,1.286,2,NULL,NULL,,3,0,2,7,255,1011,250,0,0
stim,24922,55043,0,55043,3252344.453,0.848,-0.036,-0.043,0.527,20,0,2771,439,2985,2513,2638,2974,58,1.286,1,2086,1,56.760,0.520,-18.938,-45.750,-27.750,-0.020,0.012,1.004,-0.020,-0.520,0.086,0.070,0.026,1.120,1.286,2,NULL,NULL,,3,0,2,7,255,1011,250,0,0
stim,24922,55043,0,55043,3252349.455,0.848,-0.035,-0.041,0.528,0,0,2793,291,3001,2502,2669,2985,58,1.286,1,2086,1,55.653,0.733,-12.625,-48.125,-24.938,-0.012,0.090,1.035,0.539,-0.496,0.086,0.074,0.030,1.120,1.286,2,NULL,NULL,,3,0,2,7,255,1011,250,0,0
stim,24922,55043,0,55043,3252354.454,0.847,-0.034,-0.039,0.528,0,0,2827,153,3014,2472,2705,2997,58,1.286,1,2086,1,54.857,1.074,-1.750,-52.188,-16.813,-0.125,0.105,1.121,0.957,-0.488,0.262,0.074,0.036,1.120,1.286,2,NULL,NULL,,3,0,2,7,255,1011,250,0,0
stim,24922,55043,0,55043,3252359.455,0.847,-0.033,-0.037,0.529,0,0,2839,111,3036,2445,2728,3002,58,1.286,1,2086,1,60.292,1.112,12.875,-58.438,-7.375,-0.297,0.031,1.301,0.957,0.566,1.230,0.072,0.042,1.120,1.286,2,NULL,NULL,,3,0,2,7,255,1011,250,0,0
stim,24922,55043,0,55043,3252364.453,0.847,-0.032,-0.035,0.529,0,0,2845,35,3049,2419,2747,3001,58,1.286,1,2086,1,70.197,1.683,12.063,-66.563,-18.750,-0.426,-0.121,1.418,-0.359,1.645,3.164,0.066,0.050,1.120,1.286,2,NULL,NULL,,3,0,2,7,255,1011,250,0,0
stim,24922,55043,0,55043,3252369.455,0.846,-0.031,-0.032,0.531,0,0,2863,13,3048,2392,2783,3011,58,1.286,1,2086,0,84.453,2.819,22.688,-74.438,-32.813,-0.418,-0.090,1.539,-1.922,2.063,4.434,0.062,0.058,1.120,1.286,3,NULL,NULL,,3,0,2,7,255,1011,250,0,0
stim,24940,55061,0,55061,3252374.454,0.846,-0.030,-0.027,0.531,0,0,2887,1,3051,2339,2811,3007,58,1.286,1,2086,0,97.373,2.865,38.000,-87.188,-20.875,-0.313,0.223,1.805,-1.922,2.125,5.566,0.060,0.070,1.120,1.286,3,NULL,NULL,,3,0,2,7,255,1011,250,0,0
stim,24940,55061,0,55061,3252379.455,0.846,-0.027,-0.024,0.532,0,0,2888,0,3063,2283,2830,3007,58,1.286,1,2086,0,95.466,2.500,-19.750,-93.313,-4.063,-0.070,0.508,1.750,1.316,2.125,7.309,0.062,0.078,1.120,1.286,3,NULL,NULL,,3,0,2,7,255,1011,250,0,0
stim,24940,55061,0,55061,3252384.453,0.847,-0.023,-0.023,0.531,0,0,2893,0,3067,2222,2859,3005,58,1.286,1,2086,0,119.230,3.803,-73.875,-93.500,4.000,-0.043,0.352,1.379,3.395,1.715,7.309,0.064,0.086,1.120,1.286,3,NULL,NULL,,3,0,2,7,255,1011,250,0,0
stim,24940,55061,0,55061,3252389.455,0.848,-0.018,-0.020,0.530,0,0,2898,0,3081,2137,2871,3005,58,1.286,1,2086,0,126.498,3.637,-64.250,-103.000,35.563,-0.129,0.156,1.168,3.395,1.305,3.629,0.062,0.094,1.120,1.286,3,NULL,NULL,,3,0,2,7,255,1011,250,0,0
stim,24965,55086,0,55086,3252394.454,0.849,-0.014,-0.017,0.528,0,0,2889,0,3093,2055,2891,3004,58,1.286,1,2086,0,125.507,1.796,-33.750,-111.188,47.438,-0.297,-0.008,1.152,1.234,1.305,1.668,0.058,0.102,1.120,1.286,3,NULL,NULL,,3,0,2,7,255,1011,250,0,0
stim,24965,55086,0,55086,3252399.455,0.850,-0.011,-0.013,0.527,0,0,2889,0,3099,1911,2909,2997,58,1.286,1,2086,0,123.068,2.389,-18.438,-117.875,30.188,-0.383,-0.172,1.195,-0.969,2.184,1.668,0.048,0.108,1.120,1.286,3,NULL,NULL,,3,0,2,7,255,1011,250,0,0
stim,24965,55086,0,55086,3252404.453,0.850,-0.008,-0.009,0.526,0,0,2883,0,3107,1761,2923,2991,58,1.286,1,2086,0,126.985,3.545,-14.375,-125.438,13.563,-0.348,-0.281,1.270,-2.793,2.184,2.063,0.038,0.116,1.120,1.286,3,NULL,NULL,,3,0,2,7,255,1011,250,0,0
stim,24965,55086,0,55086,3252409.455,0.851,-0.004,-0.005,0.526,0,0,2861,0,3101,1593,2935,3001,58,1.286,1,2086,0,134.011,3.592,-14.500,-132.500,13.875,-0.266,-0.270,1.297,-3.199,1.633,2.766,0.032,0.124,1.120,1.286,3,NULL,NULL,,3,0,2,7,255,1011,250,0,0
stim,24965,55086,0,55086,3252414.454,0.851,-0.000,-0.000,0.525,0,0,2859,0,3111,1379,2953,2985,58,1.286,1,2086,0,141.412,3.492,-12.688,-139.563,18.938,-0.238,-0.176,1.254,-3.199,1.398,2.766,0.032,0.132,1.120,1.286,3,NULL,NULL,,3,0,2,7,255,1011,250,0,0
stim,24965,55086,0,55086,3252419.455,0.852,0.003,0.005,0.524,0,0,2835,0,3119,1123,2962,2983,58,1.286,1,2086,0,149.947,2.709,-11.375,-147.813,22.500,-0.207,-0.047,1.242,-2.320,1.398,2.535,0.036,0.144,1.120,1.286,3,NULL,NULL,,3,0,2,7,255,1011,250,0,0
stim,25017,55138,0,55138,3252424.454,0.852,0.007,0.010,0.523,0,0,2808,0,3116,885,2975,2963,58,1.286,1,2086,0,158.208,2.167,-7.438,-155.688,27.125,-0.176,0.027,1.219,-1.133,1.848,2.340,0.046,0.156,1.120,1.286,3,NULL,NULL,,3,0,2,7,255,1011,250,0,0
stim,25017,55138,0,55138,3252429.455,0.853,0.010,0.016,0.521,0,0,2783,0,3113,627,2975,2963,58,1.286,1,2086,0,168.047,2.156,-0.375,-164.375,34.938,-0.199,0.020,1.176,-0.699,2.039,2.086,0.060,0.170,1.120,1.286,3,NULL,NULL,,3,0,2,7,255,1011,250,0,0
stim,25017,55138,0,55138,3252434.453,0.854,0.014,0.023,0.519,0,0,2733,0,3116,456,2987,2939,58,1.286,1,2086,0,178.507,2.427,12.250,-173.875,38.500,-0.254,-0.027,1.215,-0.699,2.324,1.957,0.074,0.186,1.120,1.286,3,NULL,NULL,,3,0,2,7,255,1011,250,0,0
stim,25017,55138,0,55138,3252439.455,0.855,0.017,0.030,0.518,0,0,2685,0,3125,253,2987,2925,58,1.286,1,2086,0,189.046,3.080,18.375,-184.313,37.813,-0.258,-0.070,1.289,-1.426,2.730,1.957,0.088,0.202,1.120,1.286,3,NULL,NULL,,3,0,2,7,255,1011,250,0,0
stim,25017,55138,0,55138,3252444.453,0.856,0.021,0.037,0.516,0,0,2643,0,3117,135,2989,2902,58,1.286,1,2086,0,198.110,3.294,23.125,-194.000,32.813,-0.230,-0.047,1.363,-1.734,2.801,2.656,0.106,0.220,1.120,1.286,3,NULL,NULL,,3,0,2,7,255,1011,250,0,0
stim,25017,55138,0,55138,3252449.455,0.856,0.024,0.045,0.514,0,0,2583,0,3123,43,2987,2873,58,1.286,1,2086,0,206.676,3.351,20.938,-203.375,30.250,-0.227,0.059,1.445,-1.734,2.867,3.313,0.124,0.242,1.120,1.286,3,NULL,NULL,,3,0,2,7,255,1011,250,0,0
stim,25017,55138,0,55138,3252454.453,0.856,0.028,0.053,0.513,0,0,2485,0,3113,6,2995,2825,58,1.286,1,2086,0,216.897,3.737,19.688,-214.188,27.938,-0.289,0.164,1.594,-0.953,3.613,4.031,0.148,0.268,1.120,1.286,3,NULL,NULL,,3,0,2,7,255,1011,250,0,0
stim,25017,55138,0,55138,3252459.455,0.857,0.033,0.062,0.511,0,0,2387,0,3117,7,2999,2779,58,1.286,1,2086,0,230.457,5.006,12.813,-228.375,28.125,-0.363,0.234,1.785,-0.539,4.977,5.324,0.180,0.300,1.120,1.286,3,NULL,NULL,,3,0,2,7,255,1011,250,0,0
stim,25018,55139,0,55139,3252464.453,0.857,0.038,0.071,0.510,0,0,2248,0,3100,22,2991,2731,58,1.286,1,2086,0,243.099,6.476,6.063,-242.250,19.375,-0.547,0.180,2.102,-0.539,6.453,6.957,0.218,0.340,1.120,1.286,3,NULL,NULL,,3,0,2,7,255,1011,250,0,0
stim,25018,55139,0,55139,3252469.455,0.856,0.044,0.081,0.508,0,0,2099,0,3095,57,2973,2664,58,1.286,1,2086,0,265.406,8.827,-4.250,-265.063,12.813,-0.664,0.199,2.430,-2.176,8.555,9.641,0.264,0.390,1.120,1.286,3,NULL,NULL,,3,0,2,7,255,1011,250,0,0
stim,25039,55160,0,55160,3252474.454,0.855,0.052,0.091,0.507,0,0,1907,0,3089,62,2968,2578,58,1.286,1,2086,0,291.574,10.823,-19.188,-290.813,8.688,-0.684,0.395,2.664,-2.176,10.602,12.379,0.320,0.446,1.120,1.286,3,NULL,NULL,,3,0,2,7,255,1011,250,0,0
stim,25039,55160,0,55160,3252479.455,0.855,0.060,0.102,0.506,0,0,1789,0,3048,66,2932,2479,58,1.286,1,2086,0,321.528,12.738,-44.500,-318.063,15.375,-0.715,0.750,2.852,-1.805,12.609,14.223,0.384,0.512,1.120,1.286,3,NULL,NULL,,3,0,2,7,255,1011,250,0,0
stim,25039,55160,0,55160,3252484.454,0.853,0.071,0.113,0.504,0,0,1653,0,3021,71,2908,2344,58,1.286,1,2086,0,353.089,15.587,-81.438,-343.188,16.188,-0.832,1.035,2.973,0.727,15.570,15.477,0.462,0.590,1.120,1.286,3,NULL,NULL,,3,0,2,7,255,1011,250,0,0
stim,25039,55160,0,55160,3252489.455,0.851,0.084,0.124,0.503,0,0,1523,0,2988,77,2861,2195,58,1.286,1,2086,0,388.315,19.050,-115.500,-370.625,9.250,-0.945,1.215,3.121,2.301,18.910,15.734,0.548,0.678,1.120,1.286,3,NULL,NULL,,3,0,2,7,255,1011,250,0,0
stim,25064,55185,0,55185,3252494.453,0.849,0.098,0.135,0.502,0,0,1457,0,2943,81,2813,2037,58,1.286,1,2086,0,426.483,22.146,-159.375,-395.438,-10.813,-0.984,1.320,3.211,3.059,21.934,15.945,0.644,0.774,1.120,1.286,3,NULL,NULL,,3,0,2,7,255,1011,250,0,0
stim,25064,55185,0,55185,3252499.455,0.845,0.115,0.146,0.502,0,0,1341,0,2893,61,2729,1889,58,1.286,1,2086,0,466.960,23.640,-205.688,-417.938,-32.750,-0.965,1.137,3.070,3.059,23.441,15.945,0.744,0.876,1.120,1.286,3,NULL,NULL,,3,0,2,7,255,1011,250,0,0
stim,25064,55185,0,55185,3252504.453,0.840,0.132,0.158,0.502,0,0,1233,0,2829,69,2591,1721,58,1.286,1,2086,0,494.202,23.559,-211.438,-444.625,-42.875,-1.012,0.629,2.934,2.355,23.441,13.875,0.848,0.982,1.120,1.286,3,NULL,NULL,,3,0,2,7,255,1011,250,0,0
stim,25064,55185,0,55185,3252509.455,0.835,0.150,0.171,0.501,0,0,1080,0,2735,45,2421,1598,58,1.286,1,2086,0,516.645,22.883,-198.750,-476.125,-26.938,-1.090,0.551,2.828,-2.031,22.793,11.938,0.954,1.090,1.120,1.286,3,NULL,NULL,,3,0,2,7,255,1011,250,0,0
stim,25084,55205,0,55205,3252514.454,0.829,0.167,0.185,0.500,0,0,921,0,2628,0,2202,1433,58,1.286,1,2086,0,526.847,22.883,-188.688,-490.375,-38.688,-1.074,0.656,2.816,-2.031,22.793,9.734,1.062,1.198,1.120,1.286,3,NULL,NULL,,3,0,2,7,255,1011,250,0,0
stim,25084,55205,0,55205,3252519.455,0.823,0.184,0.200,0.499,0,0,777,0,2470,0,1893,1269,58,1.286,1,2086,0,534.354,22.993,-178.250,-500.375,-58.188,-0.863,0.496,2.875,-2.582,22.848,9.156,1.168,1.306,1.120,1.286,3,NULL,NULL,,3,0,2,7,255,1011,250,0,0
stim,25116,55237,0,55237,3252524.454,0.816,0.201,0.215,0.498,0,0,603,0,2263,0,1555,1069,58,1.286,1,2086,0,541.739,22.993,-165.813,-512.938,-53.688,-0.684,0.059,2.875,-2.582,22.848,9.156,1.270,1.410,1.120,1.286,3,NULL,NULL,,3,0,2,7,255,1011,250,0,0
stim,25116,55237,0,55237,3252529.455,0.809,0.219,0.230,0.494,0,0,393,0,1990,0,1093,919,58,1.286,1,2086,0,562.241,21.456,-171.125,-535.500,-8.438,-0.641,-0.414,2.598,-5.789,20.660,9.156,1.364,1.506,1.120,1.286,3,NULL,NULL,,3,0,2,7,255,1011,250,0,0
stim,25116,55237,0,55237,3252534.453,0.803,0.237,0.245,0.489,0,0,217,0,1691,0,604,758,58,1.286,1,2086,0,579.404,20.245,-175.625,-551.813,19.188,-0.559,-0.602,2.043,-9.563,17.844,7.363,1.450,1.594,1.120,1.286,3,NULL,NULL,,3,0,2,7,255,1011,250,0,0
stim,25116,55237,0,55237,3252539.455,0.796,0.254,0.262,0.483,0,0,121,0,1333,0,179,599,58,1.286,1,2086,0,575.907,16.944,-132.063,-560.063,23.625,-0.586,-0.406,1.609,-9.563,13.988,3.023,1.532,1.678,1.120,1.286,3,NULL,NULL,,3,0,2,7,255,1011,250,0,0
stim,25116,55237,0,55237,3252544.453,0.790,0.269,0.278,0.476,0,0,83,0,933,0,0,476,58,1.286,1,2086,0,564.449,16.222,-81.813,-557.375,35.250,-0.512,0.180,1.590,-8.215,13.988,-1.402,1.616,1.764,1.120,1.286,3,NULL,NULL,,3,0,2,7,255,1011,250,0,0
stim,25116,55237,0,55237,3252549.455,0.784,0.283,0.295,0.467,0,0,19,0,392,0,0,376,58,1.286,1,2086,0,562.104,14.847,-46.313,-555.563,71.875,-0.785,0.566,1.848,-2.891,14.563,-2.805,1.708,1.858,1.120,1.286,3,NULL,NULL,,3,0,2,7,255,1011,250,0,0
stim,25116,55237,0,55237,3252554.453,0.780,0.299,0.312,0.454,0,0,18,0,8,0,0,337,58,1.286,1,2086,0,602.177,19.856,-43.313,-575.313,172.500,-1.383,0.402,1.914,-2.891,19.645,-4.508,1.806,1.958,1.120,1.286,3,NULL,NULL,,3,0,2,7,255,1011,250,0,0
stim,25116,55237,0,55237,3252559.455,0.775,0.315,0.327,0.439,0,0,5,0,0,0,0,232,58,1.286,1,2086,0,631.766,23.437,-64.188,-592.375,210.000,-1.688,0.422,1.805,-5.375,22.813,-9.184,1.908,2.062,1.120,1.286,4,NULL,NULL,,3,0,2,7,255,1011,250,0,0
stim,25116,55237,0,55237,3252564.453,0.768,0.332,0.341,0.428,0,0,0,0,0,0,0,173,58,1.286,1,2086,0,582.666,23.437,-125.438,-554.750,126.563,-1.320,0.969,1.492,-5.375,22.813,-13.430,2.006,2.162,1.120,1.286,0,NULL,NULL,,3,0,2,7,255,1011,250,0,0
stim,25116,55237,0,55237,3252569.455,0.759,0.349,0.352,0.422,0,0,0,0,0,0,0,127,58,1.286,1,2086,0,526.983,21.113,-211.563,-480.875,41.375,-0.766,1.426,1.227,0.082,21.113,-13.457,2.096,2.254,1.120,1.286,0,NULL,NULL,,3,0,2,7,255,1011,250,0,0
stim,25150,55271,0,55271,3252574.454,0.749,0.369,0.356,0.419,0,0,0,0,0,0,0,126,58,1.286,1,2086,0,531.394,19.472,-375.438,-364.000,94.500,-0.539,1.719,0.531,6.883,18.215,-14.590,2.174,2.334,1.120,1.286,0,NULL,NULL,,3,0,2,7,255,1011,250,0,0
stim,25150,55271,0,55271,3252579.455,0.741,0.388,0.355,0.418,0,0,0,0,0,0,0,117,58,1.286,1,2086,0,457.679,17.099,-377.813,-241.688,91.188,-0.359,1.594,-0.422,11.938,12.242,-16.379,2.238,2.400,1.120,1.286,0,NULL,NULL,,3,0,2,7,255,1011,250,0,0
stim,25150,55271,0,55271,3252584.453,0.738,0.395,0.356,0.416,0,0,0,0,0,0,0,107,58,1.286,1,2086,0,185.911,12.209,-125.000,-124.563,58.500,-0.660,0.246,-0.125,11.938,2.563,-16.594,2.298,2.460,1.120,1.286,0,NULL,NULL,,3,0,2,7,255,1011,250,0,0
stim,25150,55271,0,55271,3252589.455,0.739,0.395,0.357,0.414,0,0,0,0,0,0,0,94,58,1.286,1,2086,0,51.377,2.581,24.313,-34.000,29.875,-1.098,-0.750,1.246,-0.313,2.563,-16.594,2.354,2.518,1.120,1.286,0,NULL,NULL,,3,0,2,7,255,1011,250,0,0
stim,25150,55271,0,55271,3252594.454,0.738,0.396,0.353,0.417,0,0,0,0,0,0,0,91,58,1.286,1,2086,0,103.612,17.787,-76.688,67.813,-16.000,-1.305,-0.621,1.699,-13.133,11.996,-11.750,2.406,2.570,1.120,1.286,0,NULL,NULL,,3,0,2,7,255,1011,250,0,0
stim,25150,55271,0,55271,3252599.455,0.736,0.399,0.345,0.424,0,0,0,0,0,0,0,57,58,1.286,1,2086,0,263.608,17.858,-208.313,155.000,-45.500,-1.176,0.348,0.816,-13.133,12.102,-11.750,2.446,2.614,1.120,1.286,0,NULL,NULL,,3,0,2,7,255,1011,250,0,0
stim,25175,55296,0,55296,3252604.453,0.734,0.400,0.337,0.433,0,0,0,0,0,0,0,35,58,1.286,1,2086,0,285.271,12.415,-181.375,210.625,-64.188,-1.016,1.219,-0.023,-2.773,12.102,-17.160,2.478,2.646,1.120,1.286,0,NULL,NULL,,3,0,2,7,255,1011,250,0,0
stim,25175,55296,0,55296,3252609.455,0.736,0.397,0.328,0.439,0,0,0,0,0,0,0,11,58,1.286,1,2086,0,255.203,8.464,-57.875,247.063,-27.188,-0.715,0.914,0.086,5.168,6.703,-18.039,2.506,2.676,1.120,1.286,0,NULL,NULL,,3,0,2,7,255,1011,250,0,0
stim,25175,55296,0,55296,3252614.453,0.740,0.392,0.319,0.443,0,0,0,0,0,0,0,7,58,1.286,1,2086,0,262.806,8.464,-12.000,261.875,18.563,-0.820,0.516,0.695,5.168,6.703,-18.039,2.536,2.708,1.120,1.286,0,NULL,NULL,,3,0,2,7,255,1011,250,0,0
stim,25175,55296,0,55296,3252619.455,0.743,0.389,0.309,0.449,0,0,0,0,0,0,0,20,58,1.286,1,2086,0,278.602,10.529,-62.875,271.063,13.813,-1.059,0.523,0.941,0.605,10.512,-15.250,2.566,2.740,1.120,1.286,0,NULL,NULL,,3,0,2,7,255,1011,250,0,0
stim,25216,55337,0,55337,3252624.454,0.744,0.387,0.298,0.456,0,0,0,0,0,0,0,23,58,1.286,1,2086,0,305.636,10.512,-124.250,278.938,-13.000,-0.852,0.410,0.484,-0.105,10.512,-15.250,2.594,2.770,1.120,1.286,0,NULL,NULL,,3,0,2,7,255,1011,250,0,0
stim,25216,55337,0,55337,3252629.455,0.745,0.386,0.287,0.462,0,0,0,0,0,0,0,23,58,1.286,1,2086,0,304.525,8.786,-121.000,279.438,-3.063,-0.512,0.309,-0.145,-0.105,8.785,-15.297,2.618,2.794,1.120,1.286,0,NULL,NULL,,3,0,2,7,255,1011,250,0,0
stim,25216,55337,0,55337,3252634.453,0.748,0.382,0.276,0.467,0,0,0,0,0,0,0,26,58,1.286,1,2086,0,285.685,1.966,-66.438,276.125,30.938,-0.406,0.316,-0.398,0.660,1.852,-15.477,2.638,2.816,1.120,1.286,0,NULL,NULL,,3,0,2,7,255,1011,250,0,0
stim,25216,55337,0,55337,3252639.455,0.752,0.378,0.266,0.470,0,0,0,0,0,0,0,27,58,1.286,1,2086,0,280.525,1.352,-14.875,275.250,52.063,-0.457,0.371,-0.309,1.211,0.602,-16.035,2.656,2.836,1.120,1.286,0,NULL,NULL,,3,0,2,7,255,1011,250,0,0
stim,25216,55337,0,55337,3252644.453,0.756,0.372,0.256,0.473,0,0,0,0,0,0,0,25,58,1.286,1,2086,0,284.122,1.352,8.938,278.813,53.938,-0.430,0.344,-0.184,1.211,0.602,-16.035,2.672,2.856,1.120,1.286,0,NULL,NULL,,3,0,2,7,255,1011,250,0,0
stim,25216,55337,0,55337,3252649.455,0.761,0.366,0.247,0.476,0,0,0,0,0,0,0,30,58,1.286,1,2086,0,291.667,1.439,27.063,283.438,63.250,-0.309,0.238,-0.180,1.211,0.777,-15.137,2.690,2.874,1.120,1.286,0,NULL,NULL,,3,0,2,7,255,1011,250,0,0
stim,25234,55355,0,55355,3252654.453,0.766,0.359,0.237,0.477,0,0,0,0,0,0,0,31,58,1.286,1,2086,0,303.783,1.331,51.938,287.500,83.250,-0.289,0.234,-0.133,0.758,1.094,-13.844,2.706,2.892,1.120,1.286,0,NULL,NULL,,3,0,2,7,255,1011,250,0,0
stim,25234,55355,0,55355,3252659.455,0.772,0.351,0.227,0.478,0,0,0,0,0,0,0,27,58,1.286,1,2086,0,316.894,1.328,77.563,291.625,96.750,-0.371,0.273,0.020,0.754,1.094,-13.410,2.724,2.912,1.120,1.286,0,NULL,NULL,,3,0,2,7,255,1011,250,0,0
stim,25234,55355,0,55355,3252664.453,0.778,0.343,0.218,0.479,0,0,0,0,0,0,0,25,58,1.286,1,2086,0,325.994,2.994,95.063,296.375,96.938,-0.426,0.270,0.219,0.703,2.910,-13.121,2.746,2.934,1.120,1.286,0,NULL,NULL,,3,0,2,7,255,1011,250,0,0
stim,25234,55355,0,55355,3252669.455,0.785,0.333,0.208,0.480,0,0,0,0,0,0,0,21,58,1.286,1,2086,0,332.382,4.822,102.063,302.688,91.875,-0.414,0.254,0.406,0.453,4.801,-12.094,2.772,2.962,1.120,1.286,0,NULL,NULL,,3,0,2,7,255,1011,250,0,0
stim,25234,55355,0,55355,3252674.454,0.790,0.324,0.198,0.480,0,0,0,0,0,0,0,11,58,1.286,1,2086,0,338.694,6.099,102.063,309.938,90.750,-0.402,0.250,0.570,0.406,6.086,-10.566,2.802,2.994,1.120,1.286,0,NULL,NULL,,3,0,2,7,255,1011,250,0,0
stim,25234,55355,0,55355,3252679.455,0.796,0.315,0.188,0.481,0,0,0,0,0,0,0,11,58,1.286,1,2086,0,344.082,7.172,97.688,317.125,91.000,-0.453,0.277,0.707,0.406,7.160,-9.219,2.838,3.032,1.120,1.286,0,NULL,NULL,,3,0,2,7,255,1011,250,0,0
stim,25234,55355,0,55355,3252684.454,0.802,0.305,0.178,0.482,0,0,0,0,0,0,0,9,58,1.286,1,2086,0,347.094,8.463,90.813,324.188,84.438,-0.508,0.289,0.816,0.406,8.453,-8.414,2.878,3.072,1.120,1.286,0,NULL,NULL,,3,0,2,7,255,1011,250,0,0
stim,25234,55355,0,55355,3252689.455,0.807,0.296,0.167,0.484,0,0,0,0,0,0,0,8,58,1.286,1,2086,0,348.971,9.545,82.188,331.438,71.938,-0.523,0.266,0.898,0.348,9.539,-7.742,2.922,3.118,1.120,1.286,0,NULL,NULL,,3,0,2,7,255,1011,250,0,0
stim,25265,55386,0,55386,3252694.453,0.811,0.286,0.156,0.486,0,0,0,0,0,0,0,7,58,1.286,1,2086,0,351.076,9.896,71.813,338.375,60.000,-0.500,0.230,0.938,0.145,9.895,-6.867,2.968,3.168,1.120,1.286,0,NULL,NULL,,3,0,2,7,255,1011,250,0,0
stim,25265,55386,0,55386,3252699.455,0.815,0.277,0.144,0.488,0,0,0,0,0,0,0,12,58,1.286,1,2086,0,354.266,9.895,62.188,345.063,50.688,-0.469,0.203,0.938,0.031,9.895,-6.016,3.018,3.218,1.120,1.286,0,NULL,NULL,,3,0,2,7,255,1011,250,0,0
stim,25265,55386,0,55386,3252704.454,0.818,0.268,0.133,0.491,0,0,0,0,0,0,0,9,58,1.286,1,2086,0,358.314,9.477,55.875,351.438,41.938,-0.438,0.180,0.895,0.012,9.477,-5.516,3.066,3.268,1.120,1.286,0,NULL,NULL,,3,0,2,7,255,1011,250,0,0
stim,25265,55386,1,55386,3252709.455,0.821,0.258,0.121,0.494,0,0,0,0,0,0,0,16,58,1.286,1,2086,0,363.212,8.809,55.063,357.500,32.938,-0.406,0.156,0.828,0.008,8.809,-5.398,3.114,3.318,1.120,1.286,0,NULL,NULL,,3,1,2,7,255,1011,250,0,0
stim,25265,55386,1,55386,3252714.453,0.824,0.248,0.109,0.497,0,0,0,0,0,0,0,19,58,1.286,1,2086,0,368.391,7.988,61.125,362.375,25.688,-0.379,0.141,0.770,0.008,7.988,-5.398,3.158,3.364,1.120,1.286,0,NULL,NULL,,3,1,2,7,255,1011,250,0,0
stim,25265,55386,1,55386,3252719.455,0.827,0.238,0.097,0.501,0,0,0,0,0,0,0,19,58,1.286,1,2086,0,372.476,7.692,73.125,364.938,14.563,-0.430,0.246,0.727,0.047,7.691,-5.504,3.198,3.404,1.120,1.286,0,NULL,NULL,,3,1,2,7,255,1011,250,0,0
stim,25317,55438,1,55438,3252724.454,0.829,0.226,0.086,0.505,0,0,0,0,0,0,0,19,58,1.286,1,2086,0,378.017,7.287,90.188,367.063,-5.313,-0.383,0.160,0.707,0.285,7.281,-5.652,3.232,3.440,1.120,1.286,0,NULL,NULL,,3,1,2,7,255,1011,250,0,0
stim,25317,55438,1,55438,3252729.455,0.831,0.214,0.076,0.508,0,0,0,0,0,0,0,19,58,1.286,1,2086,0,382.235,6.799,110.938,365.750,-4.875,-0.281,-0.031,0.762,0.285,6.793,-5.652,3.260,3.470,1.120,1.286,0,NULL,NULL,,3,1,2,7,255,1011,250,0,0
stim,25317,55438,1,55438,3252734.453,0.833,0.202,0.065,0.511,0,0,0,0,0,0,0,19,58,1.286,1,2086,0,383.727,5.389,122.500,363.500,10.375,-0.191,-0.051,0.871,-0.332,5.379,-4.051,3.286,3.498,1.120,1.286,0,NULL,NULL,,3,1,2,7,255,1011,250,0,0
stim,25317,55438,1,55438,3252739.455,0.835,0.189,0.055,0.514,0,0,0,0,0,0,0,22,58,1.286,1,2086,0,384.105,5.389,129.688,360.813,23.063,-0.188,0.125,0.930,-0.332,5.379,-2.547,3.310,3.524,1.120,1.286,0,NULL,NULL,,3,1,2,7,255,1011,250,0,0
stim,25317,55438,1,55438,3252744.454,0.837,0.176,0.045,0.516,0,0,0,0,0,0,0,29,58,1.286,1,2086,0,385.648,5.591,145.625,356.500,20.625,-0.184,0.230,0.918,1.316,5.434,-2.547,3.334,3.548,1.120,1.286,0,NULL,NULL,,3,1,2,7,255,1011,250,0,0
stim,25317,55438,1,55438,3252749.455,0.839,0.161,0.036,0.518,0,0,0,0,0,0,0,41,58,1.286,1,2086,0,390.984,5.805,171.438,351.125,13.750,-0.121,0.160,1.000,2.043,5.434,-2.363,3.356,3.572,1.120,1.286,0,NULL,NULL,,3,1,2,7,255,1011,250,0,0
stim,25317,55438,1,55438,3252754.453,0.841,0.147,0.028,0.520,0,0,0,0,0,0,0,41,58,1.286,1,2086,0,393.956,5.229,187.563,345.938,18.688,-0.066,0.160,1.125,2.254,4.719,-1.297,3.380,3.598,1.120,1.286,0,NULL,NULL,,3,1,2,7,255,1011,250,0,0
stim,25317,55438,1,55438,3252759.455,0.843,0.132,0.019,0.521,0,0,0,0,0,0,0,41,58,1.286,1,2086,0,395.007,5.333,198.750,339.813,32.500,-0.109,0.199,1.250,2.484,4.719,0.133,3.404,3.624,1.120,1.286,0,NULL,NULL,,3,1,2,7,255,1011,250,0,0
stim,25317,55438,1,55438,3252764.454,0.845,0.116,0.012,0.522,0,0,0,0,0,0,0,40,58,1.286,1,2086,0,398.077,5.541,212.438,334.875,34.563,-0.156,0.262,1.441,2.773,4.797,1.309,3.430,3.650,1.120,1.286,0,NULL,NULL,,3,1,2,7,255,1011,250,0,0
stim,25317,55438,1,55438,3252769.455,0.847,0.101,0.004,0.522,0,0,0,0,0,0,0,45,58,1.286,1,2086,0,397.806,6.332,219.438,330.375,30.813,-0.195,0.242,1.633,3.137,5.500,3.094,3.456,3.678,1.120,1.286,0,NULL,NULL,,3,1,2,7,255,1011,250,0,0
stim,25339,55460,1,55460,3252774.454,0.848,0.085,-0.003,0.523,0,0,0,0,0,0,0,41,58,1.286,1,2086,0,395.870,6.534,222.438,325.313,37.500,-0.223,0.258,1.824,3.305,5.637,5.102,3.484,3.708,1.120,1.286,0,NULL,NULL,,3,1,2,7,255,1011,250,0,0
stim,25339,55460,1,55460,3252779.455,0.849,0.069,-0.010,0.523,0,0,0,0,0,0,0,43,58,1.286,1,2086,0,389.338,6.554,218.688,321.000,26.813,-0.289,0.262,1.992,3.180,5.730,7.086,3.512,3.736,1.120,1.286,0,NULL,NULL,,3,1,2,7,255,1011,250,0,0
stim,25339,55460,1,55460,3252784.454,0.850,0.054,-0.017,0.524,0,0,0,0,0,0,0,42,58,1.286,1,2086,0,379.557,6.631,209.563,315.375,26.188,-0.277,0.297,2.141,3.336,5.730,8.867,3.538,3.764,1.120,1.286,0,NULL,NULL,,3,1,2,7,255,1011,250,0,0
stim,25339,55460,1,55460,3252789.455,0.850,0.040,-0.024,0.524,0,0,0,0,0,0,0,39,58,1.286,1,2086,0,369.994,6.388,199.313,311.500,11.750,-0.285,0.246,2.238,3.215,5.520,10.461,3.562,3.790,1.120,1.286,0,NULL,NULL,,3,1,2,7,255,1011,250,0,0
stim,25364,55485,1,55485,3252794.453,0.850,0.026,-0.031,0.525,0,0,0,0,0,0,0,36,58,1.286,1,2086,0,362.413,5.801,190.000,308.563,5.688,-0.184,0.211,2.316,3.363,4.727,11.676,3.584,3.814,1.120,1.286,0,NULL,NULL,,3,1,2,7,255,1011,250,0,0
stim,25364,55485,1,55485,3252799.455,0.849,0.012,-0.038,0.526,0,0,0,0,0,0,0,29,58,1.286,1,2086,0,358.361,4.403,181.063,309.250,-1.813,-0.141,0.055,2.320,3.215,3.008,12.594,3.600,3.832,1.120,1.286,0,NULL,NULL,,3,1,2,7,255,1011,250,0,0
stim,25364,55485,1,55485,3252804.454,0.848,-0.002,-0.045,0.527,0,0,0,0,0,0,0,39,58,1.286,1,2086,0,357.741,2.481,176.750,310.875,-9.750,-0.055,-0.004,2.281,2.152,1.234,12.594,3.612,3.844,1.120,1.286,0,NULL,NULL,,3,1,2,7,255,1011,250,0,0
stim,25364,55485,1,55485,3252809.455,0.847,-0.016,-0.053,0.528,0,0,0,0,0,0,0,40,58,1.286,1,2086,0,362.774,2.001,179.438,314.938,-14.875,0.043,-0.074,2.172,1.945,-0.469,12.480,3.618,3.852,1.120,1.286,0,NULL,NULL,,3,1,2,7,255,1011,250,0,0
stim,25384,55505,1,55505,3252814.453,0.845,-0.030,-0.060,0.530,0,0,0,0,0,0,0,45,58,1.286,1,2086,0,374.816,2.754,197.500,317.813,-21.813,0.148,-0.172,2.113,1.582,-2.254,11.305,3.616,3.852,1.120,1.286,0,NULL,NULL,,3,1,2,7,255,1011,250,0,0
stim,25384,55505,1,55505,3252819.455,0.843,-0.046,-0.066,0.531,0,0,0,0,0,0,0,43,58,1.286,1,2086,0,390.261,4.339,225.063,317.500,-29.063,0.336,-0.246,2.141,1.063,-4.207,10.570,3.606,3.844,1.120,1.286,0,NULL,NULL,,3,1,2,7,255,1011,250,0,0
stim,25413,55534,1,55534,3252824.454,0.841,-0.062,-0.072,0.533,0,0,0,0,0,0,0,51,58,1.286,1,2086,0,407.882,6.933,256.000,315.688,-34.250,0.609,-0.277,2.234,1.063,-6.852,10.570,3.586,3.826,1.120,1.286,0,NULL,NULL,,3,1,2,7,255,1011,250,0,0
stim,25413,55534,1,55534,3252829.455,0.838,-0.080,-0.077,0.535,0,0,0,0,0,0,0,55,58,1.286,1,2086,0,426.870,10.376,286.500,314.250,-37.188,0.906,-0.273,2.391,1.801,-10.219,10.578,3.556,3.798,1.120,1.286,0,NULL,NULL,,3,1,2,7,255,1011,250,0,0
stim,25413,55534,1,55534,3252834.453,0.834,-0.098,-0.081,0.536,0,0,0,0,0,0,0,53,58,1.286,1,2086,0,440.791,14.127,310.875,310.688,-33.563,1.172,-0.324,2.574,2.852,-13.836,11.094,3.514,3.756,1.120,1.286,0,NULL,NULL,,3,1,2,7,255,1011,250,0,0
stim,25413,55534,1,55534,3252839.455,0.831,-0.117,-0.085,0.537,0,0,0,0,0,0,0,57,58,1.286,1,2086,0,445.405,17.765,324.250,304.625,-21.250,1.367,-0.391,2.730,3.082,-17.496,11.711,3.458,3.702,1.120,1.286,0,NULL,NULL,,3,1,2,7,255,1011,250,0,0
stim,25413,55534,1,55534,3252844.454,0.828,-0.136,-0.088,0.537,0,0,0,0,0,0,0,52,58,1.286,1,2086,0,441.759,20.869,325.938,298.063,-8.625,1.488,-0.398,2.797,3.082,-20.641,11.711,3.386,3.632,1.120,1.286,0,NULL,NULL,,3,1,2,7,255,1011,250,0,0
stim,25413,55534,1,55534,3252849.455,0.824,-0.155,-0.091,0.537,0,0,0,0,0,0,0,52,58,1.286,1,2086,0,438.565,22.904,329.438,289.500,0.313,1.563,-0.414,2.820,3.055,-22.699,11.609,3.302,3.550,1.120,1.286,0,NULL,NULL,,3,1,2,7,255,1011,250,0,0
stim,25413,55534,1,55534,3252854.453,0.821,-0.173,-0.093,0.537,0,0,0,0,0,0,0,55,58,1.286,1,2086,0,434.265,24.336,331.250,280.813,2.063,1.559,-0.535,2.832,2.750,-24.180,10.813,3.206,3.456,1.120,1.286,0,NULL,NULL,,3,1,2,7,255,1011,250,0,0
stim,25413,55534,1,55534,3252859.455,0.817,-0.191,-0.095,0.536,0,0,0,0,0,0,0,52,58,1.286,1,2086,0,424.792,25.384,327.000,271.125,-3.188,1.496,-0.563,2.941,1.211,-25.355,10.281,3.100,3.350,1.120,1.286,0,NULL,NULL,,3,1,2,7,255,1011,250,0,0
stim,25413,55534,1,55534,3252864.454,0.812,-0.208,-0.097,0.537,0,0,0,0,0,0,0,52,58,1.286,1,2086,0,414.272,26.055,319.625,262.188,-26.813,1.652,-0.273,3.188,1.211,-26.027,10.281,2.980,3.232,1.120,1.286,0,NULL,NULL,,3,1,2,7,255,1011,250,0,0
stim,25413,55534,1,55534,3252869.455,0.807,-0.224,-0.100,0.538,0,0,0,0,0,0,0,54,58,1.286,1,2086,0,392.446,28.126,291.250,256.688,-57.438,2.012,-0.051,3.418,2.859,-27.980,11.613,2.850,3.102,1.120,1.286,0,NULL,NULL,,3,1,2,7,255,1011,250,0,0
stim,25444,55565,1,55565,3252874.454,0.801,-0.238,-0.104,0.539,0,0,0,0,0,0,0,75,58,1.286,1,2086,0,346.891,32.375,230.250,249.625,-70.750,2.457,-0.066,3.484,5.691,-31.871,11.613,2.706,2.958,1.120,1.286,0,NULL,NULL,,3,1,2,7,255,1011,250,0,0
stim,25444,55565,1,55565,3252879.455,0.797,-0.248,-0.110,0.540,0,0,0,0,0,0,0,102,58,1.286,1,2086,0,286.878,37.062,144.188,239.875,-63.000,2.887,-0.230,3.242,6.816,-36.430,9.648,2.548,2.802,1.120,1.286,0,NULL,NULL,,3,1,2,7,255,1011,250,0,0
stim,25444,55565,1,55565,3252884.454,0.794,-0.256,-0.117,0.539,0,0,0,0,0,0,0,137,58,1.286,1,2086,0,245.112,40.235,69.563,230.375,-46.563,3.262,-0.367,2.711,6.957,-39.629,4.438,2.382,2.636,1.120,1.286,0,NULL,NULL,,3,1,2,7,255,1011,250,0,0
stim,25444,55565,1,55565,3252889.455,0.791,-0.262,-0.124,0.538,0,0,0,0,0,0,0,167,58,1.286,1,2086,0,223.708,41.166,29.125,219.250,-33.563,3.609,-0.445,2.133,7.480,-40.480,-2.879,2.210,2.464,1.120,1.286,0,NULL,NULL,,3,1,2,7,255,1011,250,0,0
stim,25444,55565,1,55565,3252894.453,0.789,-0.267,-0.131,0.537,0,0,0,0,0,0,0,176,58,1.286,1,2086,0,204.948,41.361,18.938,202.875,-22.063,3.910,-0.563,1.586,8.488,-40.480,-10.289,2.034,2.288,1.120,1.286,0,NULL,NULL,,3,1,2,7,255,1011,250,0,0
stim,25444,55565,1,55565,3252899.455,0.788,-0.272,-0.136,0.536,0,0,0,0,0,0,0,242,58,1.286,1,2086,0,180.845,41.135,35.063,176.875,-13.813,3.926,-0.551,1.277,8.938,-40.152,-17.215,1.854,2.106,1.120,1.286,0,NULL,NULL,,3,1,2,7,255,1011,250,0,0
stim,25476,55597,1,55597,3252904.453,0.786,-0.277,-0.141,0.535,0,0,0,0,0,0,0,270,58,1.286,1,2086,0,158.070,41.135,33.625,153.500,-17.125,4.473,-1.738,1.090,8.938,-40.152,-20.418,1.668,1.918,1.120,1.286,0,NULL,NULL,,3,1,2,7,255,1011,250,0,0
stim,25476,55597,1,55597,3252909.455,0.785,-0.283,-0.143,0.532,0,0,0,0,0,0,0,253,58,1.286,1,2086,0,163.065,41.710,76.813,130.000,61.563,4.461,-1.973,0.520,0.738,-41.703,-28.227,1.476,1.726,1.120,1.286,0,NULL,NULL,,3,1,2,7,255,1011,250,0,0
stim,25476,55597,1,55597,3252914.454,0.786,-0.291,-0.141,0.528,0,0,0,0,0,0,0,219,58,1.286,1,2086,0,210.175,41.712,151.313,79.000,122.625,4.059,-1.934,0.691,-0.875,-41.703,-30.801,1.282,1.530,1.120,1.286,0,NULL,NULL,,3,1,2,7,255,1011,250,0,0
stim,25476,55597,1,55597,3252919.455,0.786,-0.300,-0.135,0.524,0,0,0,0,0,0,0,171,58,1.286,1,2086,0,267.616,39.433,220.875,41.438,145.313,3.512,-1.996,1.086,-1.750,-39.395,-30.801,1.090,1.336,1.120,1.286,0,NULL,NULL,,3,1,2,7,255,1011,250,0,0
stim,25514,55635,1,55635,3252924.454,0.785,-0.311,-0.127,0.520,0,0,0,0,0,0,0,169,58,1.286,1,2086,0,319.030,37.748,284.250,-3.375,144.813,2.922,-1.234,1.820,-1.750,-37.707,-25.512,0.898,1.140,1.120,1.286,0,NULL,NULL,,3,1,2,7,255,1011,250,0,0
stim,25514,55635,1,55635,3252929.455,0.786,-0.318,-0.118,0.517,0,0,0,0,0,0,0,165,58,1.286,1,2086,0,280.865,37.710,235.000,-55.063,143.625,2.750,-0.371,3.527,-0.434,-37.707,-14.813,0.704,0.938,1.120,1.286,0,NULL,NULL,,3,1,2,7,255,1011,250,0,0
stim,25514,55635,1,55635,3252934.454,0.790,-0.319,-0.112,0.512,0,0,0,84,0,0,0,357,58,1.286,1,2086,0,198.479,42.201,35.313,-89.813,173.438,2.508,-2.082,3.832,-0.434,-42.199,-0.199,0.500,0.724,1.120,1.286,0,NULL,NULL,,3,1,2,7,255,1011,250,0,0
stim,25514,55635,1,55635,3252939.455,0.795,-0.328,-0.089,0.501,371,0,0,851,0,33,0,454,58,1.286,1,2086,0,637.339,43.784,375.313,-244.063,453.625,-0.164,-1.586,6.344,-11.672,-42.199,1.996,0.310,0.502,1.120,1.286,0,NULL,NULL,,3,1,2,7,255,1011,250,0,0
stim,25514,55635,1,55635,3252944.453,0.805,-0.328,-0.075,0.488,955,0,0,1443,0,281,0,535,58,1.286,1,2086,0,498.269,42.719,43.938,-200.563,454.000,-1.082,2.500,7.859,-11.672,-41.094,33.172,0.224,0.334,1.120,1.286,0,NULL,NULL,,3,1,2,7,255,1011,250,0,0
stim,25514,55635,1,55635,3252949.455,0.823,-0.294,-0.088,0.478,1565,0,0,1819,0,554,0,573,58,1.286,1,2086,0,945.597,29.896,-914.438,-98.188,219.813,-1.484,3.715,3.363,1.828,-29.840,37.191,0.262,0.282,1.120,1.286,0,NULL,NULL,,3,1,2,7,255,1011,250,0,0
stim,25534,55655,1,55655,3252954.454,0.837,-0.254,-0.104,0.473,1983,0,0,1977,0,843,0,633,58,1.286,1,2087,0,1041.118,20.333,-1031.875,-120.500,68.125,-1.316,3.539,-1.059,19.313,6.359,37.191,0.312,0.326,1.120,1.286,1,1017.000,6.000,,3,1,2,7,255,1011,250,0,0
stim,25534,55655,0,55655,3252959.455,0.845,-0.232,-0.113,0.469,2197,0,0,2100,0,1001,0,724,58,1.286,1,2087,0,586.561,35.698,-579.563,-79.313,43.250,-1.652,2.074,-2.574,19.313,30.023,-2.906,0.352,0.398,1.120,1.286,1,NULL,NULL,,3,0,2,7,255,1007,250,0,0
stim,25534,55655,0,55655,3252964.453,0.847,-0.223,-0.112,0.470,2364,0,0,2183,0,1207,0,792,58,1.286,1,2087,0,220.330,31.191,-174.000,-133.750,-19.500,-1.109,0.082,-1.117,8.453,30.023,-14.953,0.390,0.458,1.120,1.286,1,NULL,NULL,,3,0,2,7,255,1007,250,0,0
stim,25534,55655,0,55655,3252969.455,0.847,-0.222,-0.106,0.471,2478,0,0,2253,0,1351,0,859,58,1.286,1,2087,0,133.137,14.017,45.625,-125.063,-1.750,0.063,0.414,1.008,3.645,13.535,-14.953,0.424,0.498,1.120,1.286,1,NULL,NULL,,3,0,2,7,255,1007,250,0,0
stim,25534,55655,0,55655,3252974.454,0.850,-0.219,-0.101,0.469,2647,0,0,2473,0,1513,0,966,58,1.286,1,2087,0,151.782,3.654,-13.313,-117.625,95.000,0.332,2.184,1.797,3.645,-0.266,-0.305,0.452,0.530,1.120,1.286,2,NULL,NULL,,3,0,2,7,255,1007,250,0,0
stim,25534,55655,0,55655,3252979.455,0.855,-0.212,-0.099,0.464,2780,0,0,2650,0,1578,0,1064,58,1.286,1,2087,0,239.562,9.082,-152.188,-114.750,145.125,-0.820,1.664,1.809,9.078,-0.266,10.027,0.458,0.546,1.120,1.286,2,NULL,NULL,,3,0,2,7,255,1007,250,0,0
stim,25534,55655,0,55655,3252984.453,0.862,-0.197,-0.098,0.457,2867,0,0,2761,0,1635,0,1159,58,1.286,1,2087,0,413.514,11.004,-339.125,-168.000,166.625,-2.117,-0.730,0.934,9.078,6.219,10.027,0.432,0.544,1.120,1.286,2,NULL,NULL,,3,0,2,7,255,1007,250,0,0
stim,25534,55655,0,55655,3252989.455,0.864,-0.180,-0.099,0.459,2933,0,0,2861,0,1648,0,1293,58,1.286,1,2087,0,387.763,19.283,-348.250,-162.313,-52.313,-2.074,-1.500,-0.426,-17.547,7.996,4.176,0.390,0.530,1.120,1.286,2,NULL,NULL,,3,0,2,7,255,1007,250,0,0
stim,25578,55699,0,55699,3252994.454,0.863,-0.170,-0.097,0.466,2979,0,0,2940,0,1671,0,1403,58,1.286,1,2087,0,293.053,19.283,-151.563,-179.250,-175.438,-0.738,-1.352,-0.488,-17.547,7.996,-9.609,0.344,0.508,1.120,1.286,2,NULL,NULL,,3,0,2,7,255,1007,250,0,0
stim,25578,55699,0,55699,3252999.455,0.860,-0.166,-0.091,0.473,3015,0,0,2985,0,1718,0,1476,58,1.286,1,2087,0,243.410,15.309,10.438,-178.125,-165.563,0.461,-1.195,0.824,-15.305,0.379,-9.609,0.296,0.468,1.120,1.286,2,NULL,NULL,,3,0,2,7,255,1007,250,0,0
stim,25578,55699,0,55699,3253004.453,0.859,-0.163,-0.085,0.477,3039,0,0,3037,0,1755,0,1514,58,1.286,1,2087,0,183.317,14.468,12.313,-164.813,-79.313,0.980,-1.023,1.781,-7.379,-12.445,-5.676,0.250,0.410,1.120,1.286,2,NULL,NULL,,3,0,2,7,255,1007,250,0,0
stim,25578,55699,0,55699,3253009.455,0.861,-0.157,-0.081,0.477,3061,0,0,3087,0,1837,0,1541,58,1.286,1,2087,0,169.080,19.047,-77.063,-148.438,24.813,1.199,-1.156,2.000,-3.215,-18.773,1.977,0.208,0.340,1.120,1.286,2,NULL,NULL,,3,0,2,7,255,1007,250,0,0
stim,25578,55699,0,55699,3253014.454,0.865,-0.148,-0.078,0.472,3083,0,0,3111,0,1917,0,1543,58,1.286,1,2087,0,252.598,19.047,-167.063,-134.563,133.375,0.867,-1.168,1.410,-3.215,-18.773,1.977,0.184,0.270,1.120,1.286,2,NULL,NULL,,3,0,2,7,255,1007,250,0,0
stim,25578,55699,0,55699,3253019.455,0.871,-0.140,-0.076,0.465,3089,0,0,3147,0,2025,0,1587,58,1.286,1,2087,0,288.952,17.792,-171.063,-123.688,197.313,0.055,-0.945,0.609,-4.824,-17.125,-0.813,0.174,0.220,1.120,1.286,2,NULL,NULL,,3,0,2,7,255,1007,250,0,0
stim,25617,55738,0,55738,3253024.454,0.876,-0.134,-0.072,0.458,3097,0,0,3156,0,2108,0,1631,58,1.286,1,2087,0,245.568,10.100,-101.500,-128.500,183.000,-0.676,-0.406,0.406,-7.012,-7.270,-4.891,0.162,0.196,1.120,1.286,2,NULL,NULL,,3,0,2,7,255,1007,250,0,0
stim,25617,55738,0,55738,3253029.455,0.878,-0.131,-0.067,0.455,3111,0,0,3175,0,2185,0,1689,58,1.286,1,2087,0,170.239,7.238,-36.688,-130.188,103.375,-0.848,0.234,0.824,-7.012,1.797,-4.891,0.154,0.190,1.120,1.286,2,NULL,NULL,,3,0,2,7,255,1007,250,0,0
stim,25617,55738,0,55738,3253034.454,0.879,-0.127,-0.063,0.455,3113,0,0,3175,0,2285,23,1839,58,1.286,1,2087,0,140.240,5.733,-42.375,-133.438,8.125,-0.742,0.547,1.422,-2.813,4.996,0.270,0.154,0.188,1.120,1.286,2,NULL,NULL,,3,0,2,7,255,1007,250,0,0
stim,25617,55738,0,55738,3253039.455,0.880,-0.121,-0.060,0.456,3123,0,0,3193,33,2343,153,1971,58,1.286,1,2087,0,144.942,5.010,-72.500,-121.375,-31.938,0.020,0.281,1.309,0.379,4.996,2.902,0.166,0.178,1.120,1.286,2,NULL,NULL,,3,0,2,7,255,1007,250,0,0
stim,25617,55738,0,55738,3253044.453,0.879,-0.117,-0.058,0.458,3123,0,0,3188,287,2383,143,2089,58,1.286,1,2087,0,109.595,1.993,-58.375,-81.688,-43.938,0.367,-0.211,2.004,0.688,-1.871,6.020,0.192,0.162,1.120,1.286,2,NULL,NULL,,3,0,2,7,255,1007,250,0,0
stim,25617,55738,0,55738,3253049.455,0.879,-0.113,-0.058,0.459,3115,0,0,3195,555,2415,141,2166,58,1.286,1,2087,0,106.380,9.188,-86.750,-51.125,-34.313,0.742,-0.141,1.125,2.520,-8.836,2.902,0.218,0.144,1.120,1.286,2,NULL,NULL,,3,0,2,7,255,1007,250,0,0
stim,25617,55738,0,55738,3253054.454,0.880,-0.111,-0.056,0.459,3119,0,0,3191,763,2442,205,2229,58,1.286,1,2087,0,59.045,9.396,-30.125,-49.563,11.063,0.645,0.457,0.891,3.195,-8.836,-0.770,0.238,0.124,1.120,1.286,2,NULL,NULL,,3,0,2,7,255,1007,250,0,0
stim,25617,55738,0,55738,3253059.455,0.880,-0.109,-0.056,0.459,3125,0,0,3196,953,2468,229,2283,58,1.286,1,2087,0,37.813,5.586,-20.875,-28.188,14.125,-0.188,-0.117,1.641,3.195,-4.582,-0.770,0.254,0.102,1.120,1.286,2,NULL,NULL,,3,0,2,7,255,1007,250,0,0
stim,25617,55738,0,55738,3253064.453,0.880,-0.105,-0.057,0.459,3124,0,0,3207,1085,2481,245,2325,58,1.286,1,2087,0,105.665,3.358,-99.750,-23.563,-25.688,-0.188,-0.313,1.016,-1.715,-2.887,-0.066,0.266,0.082,1.120,1.286,2,NULL,NULL,,3,0,2,7,255,1007,250,0,0
stim,25617,55738,0,55738,3253069.455,0.880,-0.102,-0.057,0.460,3119,1,0,3198,1181,2485,245,2361,58,1.286,1,2087,0,62.323,3.051,-54.000,-20.250,-23.625,-0.063,-0.043,0.590,-1.715,-2.523,-0.066,0.278,0.066,1.120,1.286,2,NULL,NULL,,3,0,2,7,255,1007,250,0,0
stim,25639,55760,0,55760,3253074.454,0.879,-0.101,-0.057,0.462,3111,21,0,3206,1265,2503,247,2387,58,1.286,1,2087,0,43.481,1.231,-1.188,-18.000,-39.563,-0.172,0.098,1.035,-0.602,-1.074,-0.066,0.288,0.052,1.120,1.286,2,NULL,NULL,,3,0,2,7,255,1007,250,0,0
stim,25639,55760,0,55760,3253079.455,0.878,-0.100,-0.056,0.464,3125,29,0,3199,1339,2517,252,2414,58,1.286,1,2087,0,57.217,1.078,-12.375,-15.438,-53.688,-0.031,0.223,1.281,0.090,-1.074,0.516,0.300,0.042,1.120,1.286,2,NULL,NULL,,3,0,2,7,255,1007,250,0,0
stim,25639,55760,0,55760,3253084.453,0.878,-0.098,-0.057,0.465,3115,41,0,3195,1433,2519,253,2449,58,1.286,1,2087,0,65.675,1.670,-50.750,-10.125,-40.438,0.012,0.090,1.145,1.090,-1.266,1.219,0.308,0.032,1.120,1.286,2,NULL,NULL,,3,0,2,7,255,1007,250,0,0
stim,25639,55760,0,55760,3253089.455,0.878,-0.095,-0.058,0.466,3113,39,0,3191,1505,2522,254,2469,58,1.286,1,2087,0,70.878,1.886,-63.938,-7.375,-29.688,-0.090,-0.055,0.949,1.090,-1.539,1.219,0.316,0.026,1.120,1.286,2,NULL,NULL,,3,0,2,7,255,1007,250,0,0
stim,25665,55786,0,55786,3253094.454,0.877,-0.093,-0.059,0.468,3114,61,0,3196,1547,2533,247,2484,58,1.286,1,2087,0,59.393,1.626,-45.750,-6.500,-37.313,-0.156,0.008,0.879,-0.523,-1.539,-0.602,0.322,0.018,1.120,1.286,2,NULL,NULL,,3,0,2,7,255,1007,250,0,0
stim,25665,55786,0,55786,3253099.455,0.876,-0.092,-0.059,0.470,3125,86,0,3205,1577,2541,242,2488,58,1.286,1,2087,0,53.723,0.833,-22.063,-5.375,-48.688,-0.078,0.121,0.941,-0.523,-0.648,-0.602,0.332,0.008,1.120,1.286,2,NULL,NULL,,3,0,2,7,255,1007,250,0,0
stim,25665,55786,0,55786,3253104.453,0.875,-0.091,-0.059,0.471,3123,103,0,3197,1617,2541,246,2491,58,1.286,1,2087,0,52.170,1.099,-16.750,-3.063,-49.313,0.016,0.148,1.098,0.887,-0.648,-0.535,0.342,0.000,1.120,1.286,2,NULL,NULL,,3,0,2,7,255,1007,250,0,0
stim,25665,55786,0,55786,3253109.455,0.875,-0.090,-0.059,0.473,3113,104,0,3199,1645,2539,247,2503,58,1.286,1,2087,0,42.661,2.146,-26.375,-1.438,-33.500,0.063,0.094,1.133,1.512,-1.523,0.785,0.000,0.000,1.120,1.286,2,NULL,NULL,,3,0,2,7,255,1007,250,0,0
stim,25684,55805,0,55805,3253114.454,0.874,-0.088,-0.060,0.473,3115,107,0,3190,1681,2541,227,2503,58,1.286,1,2087,0,41.098,2.321,-35.750,2.438,-20.125,-0.012,0.043,1.047,1.512,-1.762,0.785,0.000,0.000,1.120,1.286,2,NULL,NULL,,3,0,2,7,255,1007,250,0,0
stim,25684,55805,0,55805,3253119.455,0.874,-0.087,-0.061,0.474,3117,119,0,3191,1711,2547,203,2505,58,1.286,1,2087,0,34.747,1.893,-31.625,2.438,-14.188,-0.098,0.074,0.957,0.691,-1.762,0.277,0.000,0.000,1.120,1.286,2,NULL,NULL,,3,0,2,7,255,1007,250,0,0
stim,25715,55836,0,55836,3253124.454,0.874,-0.086,-0.061,0.474,3126,123,0,3192,1733,2547,199,2513,58,1.286,1,2087,0,28.794,0.852,-21.250,3.063,-19.188,-0.141,0.039,0.965,0.469,-0.711,-0.262,0.000,0.000,1.120,1.286,2,NULL,NULL,,3,0,2,7,255,1007,250,0,0
stim,25715,55836,0,55836,3253129.455,0.874,-0.085,-0.062,0.475,3127,125,0,3193,1749,2543,189,2508,58,1.286,1,2087,0,24.755,0.732,-14.500,2.250,-19.938,-0.121,0.078,1.020,0.422,-0.598,-0.262,0.000,0.000,1.120,1.286,2,NULL,NULL,,3,0,2,7,255,1007,250,0,0
stim,25715,55836,0,55836,3253134.454,0.873,-0.085,-0.062,0.476,3113,133,31,3194,1754,2541,195,2503,58,1.286,1,2087,0,24.759,0.732,-14.125,2.438,-20.188,-0.094,0.082,1.051,0.422,-0.598,0.266,0.000,0.000,1.120,1.286,2,NULL,NULL,,3,0,2,7,255,1007,250,0,0
stim,25715,55836,0,55836,3253139.455,0.873,-0.084,-0.062,0.476,3115,139,45,3197,1765,2551,201,2515,58,1.262,1,2087,1,21.089,1.035,-15.313,2.688,-14.250,-0.094,0.078,1.043,0.621,-0.828,0.434,0.000,0.000,1.045,1.307,2,NULL,NULL,,3,0,2,7,255,1007,250,0,0
stim,25715,55836,0,55836,3253144.454,0.873,-0.084,-0.063,0.477,3108,135,55,3192,1769,2541,183,2513,58,1.262,1,2087,1,21.130,1.063,-16.625,2.438,-12.813,-0.117,0.020,1.012,0.621,-0.863,0.434,0.008,0.006,1.045,1.307,2,NULL,NULL,,3,0,2,7,255,1007,250,0,0
stim,25715,55836,0,55836,3253149.455,0.873,-0.083,-0.063,0.477,3099,145,67,3187,1777,2539,181,2506,58,1.262,1,2087,1,16.528,0.864,-13.375,1.688,-9.563,-0.137,-0.008,0.965,0.031,-0.863,0.129,0.014,0.010,1.045,1.307,2,NULL,NULL,,3,0,2,7,255,1007,250,0,0
stim,25715,55836,0,55836,3253154.454,0.872,-0.083,-0.063,0.477,3097,136,73,3175,1789,2538,177,2502,58,1.262,1,2087,1,11.463,0.872,-7.688,0.250,-8.500,-0.145,-0.023,0.953,-0.336,-0.805,-0.285,0.020,0.014,1.045,1.307,2,NULL,NULL,,3,0,2,7,255,1007,250,0,0
stim,25715,55836,0,55836,3253159.455,0.872,-0.082,-0.063,0.478,3087,135,98,3179,1791,2537,175,2513,58,1.262,1,2087,1,6.293,0.940,-2.938,-1.188,-5.438,-0.152,-0.027,0.957,-0.504,-0.793,-0.332,0.026,0.016,1.045,1.307,2,NULL,NULL,,3,0,2,7,255,1007,250,0,0
stim,25715,55836,0,55836,3253164.453,0.872,-0.082,-0.063,0.478,3079,135,107,3158,1781,2523,165,2503,58,1.262,1,2087,1,3.778,0.904,-0.813,-3.313,-1.625,-0.164,-0.012,0.961,-0.504,-0.750,-0.332,0.032,0.018,1.045,1.307,2,NULL,NULL,,3,0,2,7,255,1007,250,0,0
stim,25715,55836,0,55836,3253169.455,0.872,-0.082,-0.063,0.478,3067,133,118,3157,1821,2525,165,2509,58,1.262,1,2087,1,5.135,0.736,0.313,-5.125,0.063,-0.199,0.016,0.953,-0.488,-0.551,-0.281,0.036,0.020,1.045,1.307,2,NULL,NULL,,3,0,2,7,255,1007,250,0,0
stim,25748,55869,0,55869,3253174.454,0.872,-0.082,-0.063,0.478,3059,115,157,3132,1829,2532,159,2509,58,1.262,1,2087,1,7.884,0.461,2.250,-7.063,-2.688,-0.215,0.027,0.961,-0.445,-0.121,-0.258,0.038,0.020,1.045,1.307,2,NULL,NULL,,3,0,2,7,255,1007,250,0,0
stim,25748,55869,0,55869,3253179.455,0.872,-0.082,-0.062,0.478,3059,109,175,3129,1847,2519,154,2519,58,1.262,1,2087,1,12.128,0.458,4.313,-8.500,-7.500,-0.184,0.031,0.969,-0.441,-0.121,-0.164,0.042,0.022,1.045,1.307,2,NULL,NULL,,3,0,2,7,255,1007,250,0,0
stim,25748,55869,0,55869,3253184.453,0.872,-0.082,-0.062,0.479,3043,106,203,3129,1861,2531,155,2523,58,1.262,1,2087,1,13.554,0.321,5.500,-9.563,-7.875,-0.133,0.004,0.965,-0.258,-0.191,-0.164,0.046,0.022,1.045,1.307,2,NULL,NULL,,3,0,2,7,255,1007,250,0,0
stim,25748,55869,0,55869,3253189.455,0.872,-0.082,-0.061,0.479,3027,87,211,3111,1878,2517,153,2536,58,1.262,1,2087,1,13.558,0.759,7.813,-10.750,-2.688,-0.113,0.027,0.965,-0.219,-0.727,-0.273,0.050,0.022,1.045,1.307,2,NULL,NULL,,3,0,2,7,255,1007,250,0,0
stim,25748,55869,0,55869,3253194.454,0.872,-0.082,-0.061,0.479,3013,79,237,3092,1897,2520,162,2533,58,1.262,1,2087,1,14.551,0.727,8.688,-11.500,2.000,-0.152,0.043,0.980,0.000,-0.727,-0.273,0.052,0.024,1.045,1.307,2,NULL,NULL,,3,0,2,7,255,1007,250,0,0
stim,25748,55869,0,55869,3253199.455,0.872,-0.082,-0.060,0.479,2999,85,261,3087,1939,2515,173,2549,58,1.262,1,2087,1,15.035,0.379,8.063,-12.688,0.250,-0.191,0.070,0.977,0.000,-0.379,-0.086,0.056,0.024,1.045,1.307,2,NULL,NULL,,3,0,2,7,255,1007,250,0,0
stim,25781,55902,0,55902,3253204.453,0.872,-0.082,-0.059,0.479,2976,84,269,3063,1962,2515,183,2565,58,1.262,1,2087,1,17.346,0.090,9.438,-14.063,-3.750,-0.195,0.094,0.977,0.000,0.090,-0.047,0.058,0.022,1.045,1.307,2,NULL,NULL,,3,0,2,7,255,1007,250,0,0
stim,25781,55902,0,55902,3253209.455,0.872,-0.082,-0.059,0.479,2963,85,291,3045,1991,2515,215,2571,58,1.262,1,2087,1,19.093,0.273,9.813,-15.313,-5.813,-0.191,0.102,0.992,0.152,0.227,-0.027,0.060,0.022,1.045,1.307,2,NULL,NULL,,3,0,2,7,255,1007,250,0,0
stim,25781,55902,0,55902,3253214.453,0.872,-0.082,-0.058,0.480,2953,85,375,3035,2025,2529,229,2589,58,1.262,1,2087,1,21.624,0.320,10.125,-17.438,-7.813,-0.184,0.152,0.992,0.223,0.230,0.113,0.062,0.020,1.045,1.307,2,NULL,NULL,,3,0,2,7,255,1007,250,0,0
stim,25781,55902,0,55902,3253219.455,0.872,-0.082,-0.057,0.480,2917,101,425,3020,2075,2520,269,2604,58,1.262,1,2087,1,23.440,0.809,10.688,-18.938,-8.750,-0.176,0.230,1.027,0.676,0.445,0.160,0.062,0.018,1.045,1.307,2,NULL,NULL,,3,0,2,7,255,1007,250,0,0
stim,25814,55935,0,55935,3253224.454,0.871,-0.082,-0.056,0.480,2891,133,499,2985,2108,2521,301,2617,58,1.262,1,2087,1,23.841,1.496,7.375,-19.313,-11.875,-0.160,0.254,1.070,1.348,0.648,0.516,0.064,0.018,1.045,1.307,2,NULL,NULL,,3,0,2,7,255,1007,250,0,0
stim,25814,55935,0,55935,3253229.455,0.871,-0.082,-0.055,0.481,2868,143,631,2969,2172,2533,341,2643,58,1.262,1,2087,1,23.733,1.782,2.500,-19.000,-14.000,-0.117,0.250,1.059,1.660,0.648,0.742,0.064,0.016,1.045,1.307,2,NULL,NULL,,3,0,2,7,255,1007,250,0,0
stim,25814,55935,0,55935,3253234.453,0.871,-0.082,-0.054,0.481,2847,156,676,2938,2221,2533,395,2653,58,1.262,1,2087,1,22.074,1.691,-0.313,-19.063,-11.125,-0.086,0.215,1.020,1.660,0.320,0.742,0.066,0.016,1.045,1.307,2,NULL,NULL,,3,0,2,7,255,1007,250,0,0
stim,25814,55935,0,55935,3253239.455,0.871,-0.081,-0.053,0.482,2829,170,757,2923,2286,2538,432,2667,58,1.262,1,2087,1,20.129,1.656,-1.500,-18.813,-7.000,-0.125,0.152,1.008,1.656,-0.004,0.277,0.066,0.014,1.045,1.307,2,NULL,NULL,,3,0,2,7,255,1007,250,0,0
stim,25814,55935,0,55935,3253244.453,0.871,-0.081,-0.052,0.482,2787,180,873,2903,2329,2541,501,2677,58,1.262,1,2087,1,21.414,0.945,-1.313,-18.438,-10.813,-0.160,0.141,0.988,0.945,-0.004,0.195,0.068,0.012,1.045,1.307,2,NULL,NULL,,3,0,2,7,255,1007,250,0,0
stim,25814,55935,0,55935,3253249.455,0.870,-0.081,-0.052,0.483,2769,183,973,2876,2381,2539,557,2709,58,1.262,1,2087,1,25.709,0.724,1.188,-18.500,-17.813,-0.145,0.141,0.977,0.703,0.172,0.078,0.068,0.012,1.045,1.307,2,NULL,NULL,,3,0,2,7,255,1007,250,0,0
stim,25834,55955,0,55955,3253254.453,0.870,-0.080,-0.051,0.484,2724,217,1085,2857,2423,2551,623,2717,58,1.262,1,2087,1,27.758,0.667,2.438,-18.625,-20.438,-0.125,0.098,1.000,0.645,0.172,0.078,0.068,0.010,1.045,1.307,2,NULL,NULL,,3,0,2,7,255,1007,250,0,0
stim,25834,55955,0,55955,3253259.455,0.870,-0.080,-0.050,0.485,2675,237,1191,2841,2463,2542,735,2725,58,1.262,1,2087,1,30.760,0.469,-3.125,-18.500,-24.375,-0.176,0.090,1.066,0.465,0.059,0.082,0.068,0.006,1.045,1.307,2,NULL,NULL,,3,0,2,7,255,1007,250,0,0
stim,25834,55955,0,55955,3253264.453,0.869,-0.079,-0.050,0.486,2616,245,1273,2808,2505,2548,838,2741,58,1.262,1,2087,1,43.269,0.145,-14.813,-19.125,-35.875,-0.188,0.094,1.035,0.133,0.059,0.531,0.068,0.004,1.045,1.307,2,NULL,NULL,,3,0,2,7,255,1007,250,0,0
stim,25834,55955,0,55955,3253269.455,0.868,-0.078,-0.049,0.488,2568,259,1405,2782,2539,2553,1007,2759,58,1.262,1,2087,1,46.132,0.145,-15.063,-19.375,-39.063,-0.129,0.090,0.965,0.133,0.059,0.531,0.068,0.004,1.045,1.307,2,NULL,NULL,,3,0,2,7,255,1007,250,0,0
stim,25834,55955,0,55955,3253274.454,0.868,-0.077,-0.049,0.489,2504,261,1565,2757,2577,2556,1123,2773,58,1.262,1,2087,1,46.351,0.096,-14.563,-20.500,-38.938,-0.168,0.066,1.008,0.094,0.020,0.230,0.068,0.008,1.045,1.307,2,NULL,NULL,,3,0,2,7,255,1007,250,0,0
stim,25834,55955,0,55955,3253279.455,0.867,-0.075,-0.049,0.491,2441,260,1685,2727,2615,2565,1261,2787,58,1.262,1,2087,1,51.898,0.035,-19.188,-20.938,-43.438,-0.172,0.051,1.020,-0.004,-0.035,0.230,0.070,0.012,1.045,1.307,2,NULL,NULL,,3,0,2,7,255,1007,250,0,0
stim,25834,55955,0,55955,3253284.453,0.866,-0.074,-0.048,0.492,2365,265,1791,2684,2591,2581,1383,2803,58,1.262,1,2087,1,55.754,0.145,-23.125,-21.125,-46.125,-0.125,0.016,0.984,-0.141,-0.035,0.230,0.072,0.014,1.045,1.307,2,NULL,NULL,,3,0,2,7,255,1007,250,0,0
stim,25834,55955,0,55955,3253289.455,0.865,-0.072,-0.048,0.494,2295,264,1901,2665,2682,2572,1510,2815,58,1.262,1,2087,1,54.728,0.541,-25.250,-22.313,-43.125,-0.102,-0.039,0.980,-0.215,-0.496,-0.094,0.074,0.018,1.045,1.307,2,NULL,NULL,,3,0,2,7,255,1007,250,0,0
stim,25864,55985,0,55985,3253294.454,0.864,-0.070,-0.048,0.496,2205,276,1992,2612,2716,2587,1639,2847,58,1.262,1,2087,1,52.880,1.049,-28.000,-22.813,-38.625,-0.125,-0.086,0.992,-0.535,-0.902,-0.094,0.076,0.022,1.045,1.307,2,NULL,NULL,,3,0,2,7,255,1007,250,0,0
stim,25864,55985,0,55985,3253299.455,0.864,-0.068,-0.048,0.497,2123,278,2089,2552,2738,2579,1749,2851,58,1.262,1,2087,1,57.723,1.370,-34.813,-24.375,-39.063,-0.168,-0.090,1.035,-1.031,-0.902,-0.043,0.078,0.026,1.045,1.307,2,NULL,NULL,,3,0,2,7,255,1007,250,0,0
stim,25864,55985,0,55985,3253304.453,0.863,-0.066,-0.048,0.499,2021,279,2187,2495,2763,2581,1839,2861,58,1.262,1,2087,1,71.719,1.315,-47.688,-26.375,-46.625,-0.199,-0.066,1.070,-1.152,-0.633,0.438,0.078,0.028,1.045,1.307,2,NULL,NULL,,3,0,2,7,255,1007,250,0,0
stim,25864,55985,0,55985,3253309.455,0.862,-0.063,-0.049,0.501,1919,275,2269,2423,2791,2583,1956,2875,58,1.262,1,2087,1,81.510,1.189,-55.063,-27.625,-53.375,-0.137,0.000,0.980,-1.152,-0.293,0.438,0.080,0.032,1.045,1.307,2,NULL,NULL,,3,0,2,7,255,1007,250,0,0
stim,25864,55985,0,55985,3253314.454,0.861,-0.060,-0.049,0.503,1781,245,2335,2335,2811,2583,2043,2889,58,1.262,1,2087,1,75.352,0.414,-46.000,-28.500,-52.438,-0.043,0.008,0.898,-0.293,-0.293,-0.113,0.080,0.034,1.045,1.307,2,NULL,NULL,,3,0,2,7,255,1007,250,0,0
stim,25864,55985,0,55985,3253319.455,0.860,-0.058,-0.048,0.504,1622,236,2407,2233,2845,2589,2139,2902,58,1.262,1,2087,1,60.481,0.899,-32.938,-30.375,-40.625,-0.035,-0.055,0.930,-0.238,-0.867,-0.758,0.082,0.036,1.045,1.307,2,NULL,NULL,,3,0,2,7,255,1007,250,0,0
stim,25918,56039,0,56039,3253324.454,0.860,-0.056,-0.047,0.505,1397,231,2468,2123,2860,2589,2233,2909,58,1.262,1,2087,1,49.067,1.081,-25.625,-32.125,-26.813,-0.078,-0.078,1.004,-0.238,-1.055,-0.758,0.084,0.038,1.045,1.307,2,NULL,NULL,,3,0,2,7,255,1007,250,0,0
stim,25918,56039,0,56039,3253329.455,0.860,-0.054,-0.047,0.506,1227,204,2513,1992,2875,2585,2312,2927,58,1.262,1,2087,1,50.399,1.145,-28.563,-32.625,-25.688,-0.137,-0.031,1.082,-0.445,-1.055,0.016,0.084,0.038,1.045,1.307,2,NULL,NULL,,3,0,2,7,255,1007,250,0,0
stim,25918,56039,0,56039,3253334.454,0.859,-0.052,-0.047,0.507,1061,165,2553,1799,2900,2584,2356,2941,58,1.262,1,2087,1,58.046,0.587,-33.375,-32.438,-34.688,-0.137,0.004,1.063,-0.445,-0.383,0.688,0.084,0.036,1.045,1.307,2,NULL,NULL,,3,0,2,7,255,1007,250,0,0
stim,25918,56039,0,56039,3253339.455,0.858,-0.050,-0.046,0.509,856,103,2583,1559,2910,2579,2429,2952,58,1.262,1,2087,1,58.574,0.406,-33.000,-34.438,-34.000,-0.082,0.023,1.023,-0.137,-0.383,0.688,0.086,0.034,1.045,1.307,2,NULL,NULL,,3,0,2,7,255,1007,250,0,0
stim,25918,56039,0,56039,3253344.453,0.858,-0.048,-0.045,0.510,569,76,2619,1335,2939,2581,2487,2961,58,1.262,1,2087,1,54.271,0.513,-29.063,-34.813,-29.813,-0.066,0.031,1.012,0.273,-0.434,0.227,0.086,0.032,1.045,1.307,2,NULL,NULL,,3,0,2,7,255,1007,250,0,0
stim,25918,56039,0,56039,3253349.455,0.858,-0.046,-0.044,0.510,395,25,2663,1091,2956,2568,2531,2959,58,1.262,1,2087,1,48.484,0.513,-22.438,-37.500,-21.000,-0.090,0.020,1.027,0.273,-0.434,0.227,0.088,0.032,1.045,1.307,2,NULL,NULL,,3,0,2,7,255,1007,250,0,0
stim,25918,56039,0,56039,3253354.454,0.857,-0.044,-0.043,0.511,212,0,2681,853,2963,2570,2584,2973,58,1.262,1,2087,1,49.774,0.403,-22.000,-39.500,-20.813,-0.098,0.008,1.051,0.223,-0.336,0.297,0.088,0.032,1.045,1.307,2,NULL,NULL,,3,0,2,7,255,1007,250,0,0
stim,25918,56039,0,56039,3253359.455,0.857,-0.043,-0.042,0.512,92,0,2711,589,2985,2541,2619,2981,58,1.262,1,2087,1,52.189,0.291,-20.500,-41.563,-24.000,-0.102,-0.004,1.063,0.109,-0.270,0.512,0.090,0.032,1.045,1.307,2,NULL,NULL,,3,0,2,7,255,1007,250,0,0
stim,25918,56039,0,56039,3253364.453,0.856,-0.041,-0.041,0.513,26,0,2731,409,2996,2535,2661,2981,58,1.262,1,2087,1,55.666,0.291,-19.188,-44.625,-27.188,-0.043,0.035,1.039,0.109,-0.270,0.512,0.090,0.034,1.045,1.307,2,NULL,NULL,,3,0,2,7,255,1007,250,0,0
stim,25918,56039,0,56039,3253369.455,0.856,-0.039,-0.039,0.514,6,0,2763,283,3000,2504,2684,2990,58,1.262,1,2087,1,57.695,0.793,-17.250,-47.875,-27.188,0.004,0.090,1.027,0.578,-0.543,0.359,0.092,0.034,1.045,1.307,2,NULL,NULL,,3,0,2,7,255,1007,250,0,0
stim,25939,56060,0,56060,3253374.454,0.856,-0.038,-0.037,0.515,0,0,2777,159,3025,2485,2727,3001,58,1.262,1,2087,1,54.613,1.063,-4.438,-51.500,-17.625,-0.086,0.098,1.090,0.914,-0.543,0.359,0.092,0.036,1.045,1.307,2,NULL,NULL,,3,0,2,7,255,1007,250,0,0
stim,25939,56060,0,56060,3253379.455,0.856,-0.037,-0.035,0.515,0,0,2795,116,3035,2459,2740,3016,58,1.262,1,2087,1,58.806,0.932,12.000,-57.563,-0.813,-0.246,0.016,1.250,0.914,0.184,0.883,0.094,0.036,1.045,1.307,2,NULL,NULL,,3,0,2,7,255,1007,250,0,0
stim,25939,56060,0,56060,3253384.453,0.856,-0.036,-0.033,0.515,0,0,2811,35,3036,2442,2775,3006,58,1.262,1,2087,1,66.313,1.197,9.438,-64.938,-9.563,-0.359,-0.113,1.363,-0.469,1.102,2.609,0.096,0.038,1.045,1.307,2,NULL,NULL,,3,0,2,7,255,1007,250,0,0
stim,25939,56060,0,56060,3253389.455,0.855,-0.035,-0.030,0.516,0,0,2813,10,3043,2410,2798,3013,58,1.262,1,2087,0,73.881,2.405,8.938,-70.000,-21.875,-0.336,-0.117,1.402,-2.055,1.250,3.836,0.098,0.038,1.045,1.307,3,NULL,NULL,,3,0,2,7,255,1007,250,0,0
stim,25964,56085,0,56085,3253394.454,0.855,-0.034,-0.026,0.517,0,0,2843,0,3065,2377,2821,3006,58,1.262,1,2087,0,85.905,2.503,25.688,-80.938,-13.000,-0.277,0.086,1.574,-2.055,1.430,4.168,0.100,0.040,1.045,1.307,3,NULL,NULL,,3,0,2,7,255,1007,250,0,0
stim,25964,56085,0,56085,3253399.455,0.856,-0.033,-0.023,0.516,0,0,2835,0,3060,2331,2840,3017,58,1.262,1,2087,0,92.566,1.610,15.688,-90.375,12.438,-0.148,0.438,1.684,-0.023,1.609,5.781,0.102,0.040,1.045,1.307,3,NULL,NULL,,3,0,2,7,255,1007,250,0,0
stim,25964,56085,0,56085,3253404.453,0.856,-0.029,-0.020,0.516,0,0,2841,0,3075,2259,2859,3027,58,1.262,1,2087,0,101.111,3.810,-44.688,-90.000,11.250,-0.070,0.395,1.473,3.453,1.609,5.781,0.104,0.040,1.045,1.307,3,NULL,NULL,,3,0,2,7,255,1007,250,0,0
stim,25964,56085,0,56085,3253409.455,0.857,-0.025,-0.018,0.515,0,0,2851,0,3083,2194,2873,3025,58,1.262,1,2087,0,113.728,3.773,-54.375,-96.063,27.375,-0.121,0.191,1.238,3.453,1.520,4.617,0.106,0.042,1.045,1.307,3,NULL,NULL,,3,0,2,7,255,1007,250,0,0
stim,25984,56105,0,56105,3253414.454,0.858,-0.022,-0.015,0.513,0,0,2855,0,3087,2107,2898,3016,58,1.262,1,2087,0,118.555,2.068,-32.375,-104.250,46.250,-0.234,0.063,1.203,1.402,1.520,2.352,0.102,0.048,1.045,1.307,3,NULL,NULL,,3,0,2,7,255,1007,250,0,0
stim,25984,56105,0,56105,3253419.455,0.859,-0.019,-0.011,0.511,0,0,2845,0,3087,2011,2909,3018,58,1.262,1,2087,0,119.282,1.812,-16.875,-111.500,38.875,-0.340,-0.051,1.219,-0.289,1.789,2.258,0.094,0.058,1.045,1.307,3,NULL,NULL,,3,0,2,7,255,1007,250,0,0
stim,26015,56136,0,56136,3253424.454,0.860,-0.016,-0.007,0.511,0,0,2841,0,3107,1855,2925,3016,58,1.262,1,2087,0,121.142,2.655,-13.000,-118.250,22.875,-0.336,-0.129,1.285,-1.785,1.965,2.258,0.086,0.068,1.045,1.307,3,NULL,NULL,,3,0,2,7,255,1007,250,0,0
stim,26015,56136,0,56136,3253429.455,0.860,-0.013,-0.003,0.510,0,0,2829,0,3102,1711,2943,3003,58,1.262,1,2087,0,127.929,2.999,-12.688,-125.938,18.563,-0.285,-0.129,1.328,-2.266,1.965,2.895,0.082,0.078,1.045,1.307,3,NULL,NULL,,3,0,2,7,255,1007,250,0,0
stim,26015,56136,0,56136,3253434.454,0.861,-0.009,0.002,0.509,0,0,2815,0,3108,1531,2955,2999,58,1.262,1,2087,0,135.786,2.802,-13.375,-133.313,22.063,-0.230,-0.070,1.297,-2.266,1.648,2.914,0.080,0.088,1.045,1.307,3,NULL,NULL,,3,0,2,7,255,1007,250,0,0
stim,26015,56136,0,56136,3253439.455,0.861,-0.006,0.006,0.508,0,0,2807,0,3104,1291,2959,2998,58,1.262,1,2087,0,144.422,2.277,-13.563,-141.250,26.875,-0.211,0.008,1.277,-1.570,1.648,2.914,0.080,0.096,1.045,1.307,3,NULL,NULL,,3,0,2,7,255,1007,250,0,0
stim,26015,56136,0,56136,3253444.453,0.862,-0.002,0.011,0.506,0,0,2781,0,3119,1048,2967,2989,58,1.262,1,2087,0,152.119,2.101,-14.750,-148.438,29.813,-0.199,0.059,1.254,-0.891,1.902,2.684,0.080,0.106,1.045,1.307,3,NULL,NULL,,3,0,2,7,255,1007,250,0,0
stim,26015,56136,0,56136,3253449.455,0.863,0.001,0.017,0.505,0,0,2744,0,3117,809,2972,2976,58,1.262,1,2087,0,158.468,2.358,-12.000,-155.375,28.750,-0.215,0.020,1.188,-0.891,2.184,2.453,0.076,0.118,1.045,1.307,3,NULL,NULL,,3,0,2,7,255,1007,250,0,0
stim,26015,56136,0,56136,3253454.454,0.863,0.005,0.023,0.504,0,0,2715,0,3115,566,2990,2967,58,1.262,1,2087,0,167.645,2.378,-2.688,-165.063,29.188,-0.234,-0.063,1.172,-0.941,2.184,1.773,0.068,0.130,1.045,1.307,3,NULL,NULL,,3,0,2,7,255,1007,250,0,0
stim,26015,56136,0,56136,3253459.455,0.864,0.009,0.029,0.502,0,0,2686,0,3130,409,2996,2957,58,1.262,1,2087,0,177.863,2.873,9.250,-174.750,31.813,-0.242,-0.105,1.250,-1.820,2.223,1.773,0.058,0.142,1.045,1.307,3,NULL,NULL,,3,0,2,7,255,1007,250,0,0
stim,26015,56136,0,56136,3253464.453,0.865,0.012,0.036,0.501,0,0,2619,0,3096,265,2989,2923,58,1.262,1,2087,0,188.123,2.969,14.375,-184.813,32.063,-0.230,-0.055,1.309,-1.969,2.223,2.285,0.046,0.154,1.045,1.307,3,NULL,NULL,,3,0,2,7,255,1007,250,0,0
stim,26015,56136,0,56136,3253469.455,0.865,0.015,0.043,0.500,0,0,2577,0,3119,125,3011,2903,58,1.262,1,2087,0,196.699,3.216,15.000,-194.250,27.063,-0.219,0.035,1.375,-1.969,2.543,2.824,0.036,0.168,1.045,1.307,3,NULL,NULL,,3,0,2,7,255,1007,250,0,0
stim,26051,56172,0,56172,3253474.454,0.865,0.019,0.051,0.498,0,0,2502,0,3125,55,3003,2874,58,1.262,1,2087,0,206.755,3.375,16.750,-204.688,23.875,-0.230,0.133,1.492,-1.285,3.121,3.406,0.030,0.180,1.045,1.307,3,NULL,NULL,,3,0,2,7,255,1007,250,0,0
stim,26051,56172,0,56172,3253479.455,0.865,0.023,0.060,0.497,0,0,2421,0,3124,25,3006,2837,58,1.262,1,2087,0,216.872,4.038,15.563,-215.375,20.125,-0.285,0.223,1.672,-0.723,3.973,4.461,0.030,0.194,1.045,1.307,3,NULL,NULL,,3,0,2,7,255,1007,250,0,0
stim,26051,56172,0,56172,3253484.453,0.865,0.028,0.069,0.496,0,0,2287,0,3121,3,2995,2795,58,1.262,1,2087,0,230.134,5.358,0.875,-229.438,17.875,-0.383,0.230,1.871,-0.723,5.309,6.086,0.034,0.210,1.045,1.307,3,NULL,NULL,,3,0,2,7,255,1007,250,0,0
stim,26051,56172,0,56172,3253489.455,0.865,0.034,0.078,0.495,0,0,2163,0,3101,21,2995,2734,58,1.262,1,2087,0,245.009,6.800,-7.063,-244.688,10.375,-0.520,0.250,2.176,-1.168,6.699,7.762,0.042,0.226,1.045,1.307,3,NULL,NULL,,3,0,2,7,255,1007,250,0,0
stim,26051,56172,0,56172,3253494.454,0.864,0.041,0.087,0.494,0,0,2009,0,3092,59,2981,2677,58,1.262,1,2087,0,266.885,8.859,-27.188,-265.438,5.625,-0.617,0.410,2.387,-1.547,8.723,10.336,0.054,0.242,1.045,1.307,3,NULL,NULL,,3,0,2,7,255,1007,250,0,0
stim,26051,56172,0,56172,3253499.455,0.863,0.049,0.097,0.493,0,0,1819,0,3083,59,2972,2603,58,1.262,1,2087,0,294.231,11.209,-44.438,-290.813,5.000,-0.641,0.645,2.559,-1.547,11.102,11.938,0.068,0.260,1.045,1.307,3,NULL,NULL,,3,0,2,7,255,1007,250,0,0
stim,26081,56202,0,56202,3253504.453,0.862,0.058,0.107,0.492,0,0,1700,0,3063,62,2955,2501,58,1.262,1,2087,0,322.937,13.293,-72.938,-314.563,4.313,-0.613,0.871,2.723,-0.066,13.293,13.211,0.086,0.280,1.045,1.307,3,NULL,NULL,,3,0,2,7,255,1007,250,0,0
stim,26081,56202,0,56202,3253509.455,0.860,0.070,0.118,0.491,0,0,1577,0,3029,69,2931,2381,58,1.262,1,2087,0,354.932,15.199,-107.125,-338.313,6.750,-0.691,0.910,2.816,1.375,15.137,14.418,0.106,0.304,1.045,1.307,3,NULL,NULL,,3,0,2,7,255,1007,250,0,0
stim,26081,56202,0,56202,3253514.454,0.858,0.083,0.128,0.490,0,0,1480,0,2997,75,2887,2235,58,1.262,1,2087,0,389.183,17.033,-137.375,-364.063,7.063,-0.754,1.004,2.879,1.652,16.953,14.418,0.134,0.334,1.045,1.307,3,NULL,NULL,,3,0,2,7,255,1007,250,0,0
stim,26081,56202,0,56202,3253519.455,0.856,0.098,0.139,0.489,0,0,1401,0,2961,81,2837,2106,58,1.262,1,2087,0,426.783,18.977,-176.750,-388.375,-8.250,-0.742,1.063,2.801,1.680,18.902,14.414,0.168,0.370,1.045,1.307,3,NULL,NULL,,3,0,2,7,255,1007,250,0,0
stim,26113,56234,0,56234,3253524.454,0.852,0.114,0.150,0.489,0,0,1294,0,2906,77,2761,1993,58,1.262,1,2087,0,454.716,19.226,-195.188,-410.250,-19.063,-0.707,0.941,2.637,1.680,19.152,13.000,0.212,0.416,1.045,1.307,3,NULL,NULL,,3,0,2,7,255,1007,250,0,0
stim,26113,56234,0,56234,3253529.455,0.848,0.130,0.162,0.488,0,0,1177,0,2855,59,2637,1862,58,1.262,1,2087,0,471.032,19.219,-179.250,-435.375,-13.750,-0.844,0.563,2.617,1.602,19.152,10.922,0.264,0.472,1.045,1.307,3,NULL,NULL,,3,0,2,7,255,1007,250,0,0
stim,26113,56234,0,56234,3253534.454,0.844,0.145,0.176,0.485,0,0,1042,0,2779,55,2460,1739,58,1.262,1,2087,0,488.657,19.289,-144.875,-466.688,-0.125,-1.059,0.469,2.824,-2.293,19.152,9.930,0.328,0.536,1.045,1.307,3,NULL,NULL,,3,0,2,7,255,1007,250,0,0
stim,26113,56234,0,56234,3253539.455,0.839,0.160,0.191,0.484,0,0,903,0,2653,22,2278,1622,58,1.262,1,2087,0,499.359,22.328,-137.500,-479.000,-31.813,-1.078,0.629,3.109,-3.746,22.012,9.930,0.406,0.612,1.045,1.307,3,NULL,NULL,,3,0,2,7,255,1007,250,0,0
stim,26113,56234,0,56234,3253544.453,0.833,0.174,0.207,0.483,0,0,765,0,2515,0,1980,1432,58,1.262,1,2087,0,500.357,25.416,-120.688,-482.063,-58.375,-1.086,0.461,3.539,-4.496,25.016,11.082,0.494,0.702,1.045,1.307,3,NULL,NULL,,3,0,2,7,255,1007,250,0,0
stim,26113,56234,0,56234,3253549.455,0.826,0.192,0.221,0.481,0,0,563,0,2328,0,1687,1254,58,1.262,1,2087,0,540.143,25.732,-189.875,-504.500,-34.375,-0.859,0.059,3.371,-6.027,25.016,12.766,0.592,0.802,1.045,1.307,3,NULL,NULL,,3,0,2,7,255,1007,250,0,0
stim,26135,56256,0,56256,3253554.454,0.819,0.212,0.234,0.479,0,0,349,0,2083,0,1235,1049,58,1.262,1,2087,0,577.569,25.528,-253.938,-518.500,-16.125,-0.676,-0.355,2.574,-8.348,24.125,12.766,0.698,0.906,1.045,1.307,3,NULL,NULL,,3,0,2,7,255,1007,250,0,0
stim,26135,56256,0,56256,3253559.455,0.812,0.231,0.249,0.476,0,0,217,0,1765,0,747,895,58,1.262,1,2087,0,584.420,20.281,-227.313,-538.313,9.750,-0.539,-0.566,1.684,-9.840,17.734,6.930,0.806,1.016,1.045,1.307,3,NULL,NULL,,3,0,2,7,255,1007,250,0,0
stim,26135,56256,0,56256,3253564.453,0.805,0.247,0.265,0.470,0,0,117,0,1423,0,263,696,58,1.262,1,2087,0,566.963,15.043,-126.000,-552.563,15.688,-0.504,-0.508,1.336,-9.840,11.379,0.445,0.916,1.128,1.045,1.307,3,NULL,NULL,,3,0,2,7,255,1007,250,0,0
stim,26135,56256,0,56256,3253569.455,0.799,0.260,0.283,0.463,0,0,72,0,983,0,5,551,58,1.262,1,2087,0,558.884,14.373,-35.875,-557.000,28.563,-0.488,-0.090,1.461,-8.781,11.379,-2.605,1.026,1.242,1.045,1.307,3,NULL,NULL,,3,0,2,7,255,1007,250,0,0
stim,26135,56256,0,56256,3253574.454,0.793,0.272,0.302,0.454,0,0,29,0,407,0,0,443,58,1.262,1,2087,0,551.294,13.441,6.438,-549.563,43.188,-0.539,0.375,1.887,-5.445,12.289,-2.605,1.136,1.356,1.045,1.307,3,NULL,NULL,,3,0,2,7,255,1007,250,0,0
stim,26135,56256,0,56256,3253579.455,0.788,0.284,0.319,0.442,0,0,21,0,0,0,0,363,58,1.262,1,2087,0,574.165,18.522,13.125,-559.188,129.625,-1.051,0.309,2.090,-5.445,17.703,-2.965,1.242,1.464,1.045,1.307,3,NULL,NULL,,3,0,2,7,255,1007,250,0,0
stim,26135,56256,0,56256,3253584.453,0.785,0.299,0.336,0.427,0,0,0,0,0,0,0,274,58,1.262,1,2087,0,620.262,22.666,-4.813,-582.500,213.063,-1.461,0.254,2.031,-6.188,21.805,-5.250,1.340,1.566,1.045,1.307,3,NULL,NULL,,3,0,2,7,255,1007,250,0,0
stim,26135,56256,0,56256,3253589.455,0.779,0.314,0.351,0.415,0,0,0,0,0,0,0,191,58,1.262,1,2087,0,583.272,22.666,-83.063,-552.000,169.125,-1.285,0.727,1.711,-6.188,21.805,-9.750,1.430,1.660,1.045,1.307,4,NULL,NULL,,3,0,2,7,255,1007,250,0,0
stim,26164,56285,0,56285,3253594.454,0.770,0.331,0.361,0.408,0,0,0,0,0,0,0,138,58,1.262,1,2087,0,520.399,21.960,-216.688,-467.688,71.625,-0.719,1.422,1.273,-3.371,21.699,-12.285,1.516,1.750,1.045,1.307,0,NULL,NULL,,3,0,2,7,255,1007,250,0,0
stim,26164,56285,0,56285,3253599.455,0.760,0.353,0.363,0.407,0,0,0,0,0,0,0,109,58,1.262,1,2087,0,539.788,19.750,-420.938,-323.688,97.000,-0.453,2.168,0.184,6.063,18.797,-12.445,1.604,1.840,1.045,1.307,0,NULL,NULL,,3,0,2,7,255,1007,250,0,0
stim,26164,56285,0,56285,3253604.453,0.753,0.371,0.361,0.407,0,0,0,0,0,0,0,89,58,1.262,1,2087,0,446.342,20.021,-395.625,-187.438,87.000,-0.254,1.977,-1.043,16.430,11.441,-18.121,1.698,1.936,1.045,1.307,0,NULL,NULL,,3,0,2,7,255,1007,250,0,0
stim,26164,56285,0,56285,3253609.455,0.753,0.374,0.361,0.404,0,0,0,0,0,0,0,73,58,1.262,1,2087,0,118.679,16.431,-34.250,-81.188,79.500,-0.730,0.230,-0.348,16.430,0.242,-18.121,1.798,2.040,1.045,1.307,0,NULL,NULL,,3,0,2,7,255,1007,250,0,0
stim,26164,56285,0,56285,3253614.454,0.756,0.370,0.363,0.399,0,0,0,0,0,0,0,61,58,1.262,1,2087,0,167.606,0.417,158.188,-6.063,55.063,-1.379,-0.988,1.598,-0.340,0.242,-18.043,1.902,2.146,1.045,1.307,0,NULL,NULL,,3,0,2,7,255,1007,250,0,0
stim,26164,56285,0,56285,3253619.455,0.757,0.368,0.361,0.401,0,0,0,0,0,0,0,66,58,1.262,1,2087,0,89.878,22.832,-2.063,88.625,-14.813,-1.688,-0.793,2.414,-17.805,14.293,-11.348,2.002,2.248,1.045,1.307,0,NULL,NULL,,3,0,2,7,255,1007,250,0,0
stim,26217,56338,0,56338,3253624.454,0.755,0.371,0.353,0.409,0,0,0,0,0,0,0,59,58,1.262,1,2087,0,271.655,25.138,-202.938,168.750,-64.313,-1.348,0.301,1.422,-17.805,17.746,-11.348,2.090,2.338,1.045,1.307,0,NULL,NULL,,3,0,2,7,255,1007,250,0,0
stim,26217,56338,0,56338,3253629.455,0.754,0.374,0.342,0.418,0,0,0,0,0,0,0,46,58,1.262,1,2087,0,315.432,18.664,-220.188,219.438,-53.500,-0.965,1.289,0.328,-5.781,17.746,-15.195,2.160,2.410,1.045,1.307,0,NULL,NULL,,3,0,2,7,255,1007,250,0,0
stim,26217,56338,0,56338,3253634.454,0.755,0.372,0.333,0.425,0,0,0,0,0,0,0,31,58,1.262,1,2087,0,264.618,12.550,-111.750,239.188,-18.000,-0.898,1.504,0.129,6.680,10.625,-19.797,2.212,2.464,1.045,1.307,0,NULL,NULL,,3,0,2,7,255,1007,250,0,0
stim,26217,56338,0,56338,3253639.455,0.758,0.369,0.324,0.430,0,0,0,0,0,0,0,37,58,1.262,1,2087,0,252.768,12.550,-41.500,249.250,-6.625,-1.008,1.008,0.672,6.680,10.625,-19.797,2.258,2.512,1.045,1.307,0,NULL,NULL,,3,0,2,7,255,1007,250,0,0
stim,26217,56338,0,56338,3253644.453,0.759,0.367,0.314,0.436,0,0,0,0,0,0,0,43,58,1.262,1,2087,0,274.230,13.389,-84.313,260.313,-18.188,-0.992,0.438,0.980,3.633,12.887,-17.387,2.310,2.568,1.045,1.307,0,NULL,NULL,,3,0,2,7,255,1007,250,0,0
stim,26217,56338,0,56338,3253649.455,0.760,0.366,0.303,0.443,0,0,0,0,0,0,0,77,58,1.262,1,2087,0,315.025,12.985,-163.313,268.938,-15.563,-0.715,0.238,0.602,-1.598,12.887,-13.777,2.368,2.628,1.045,1.307,0,NULL,NULL,,3,0,2,7,255,1007,250,0,0
stim,26217,56338,0,56338,3253654.454,0.761,0.367,0.290,0.450,0,0,0,0,0,0,0,80,58,1.262,1,2087,0,323.211,8.891,-180.688,267.813,9.688,-0.613,0.336,-0.063,-1.598,8.746,-13.777,2.420,2.682,1.045,1.307,0,NULL,NULL,,3,0,2,7,255,1007,250,0,0
stim,26217,56338,0,56338,3253659.455,0.762,0.367,0.279,0.455,0,0,0,0,0,0,0,86,58,1.262,1,2087,0,297.692,3.278,-131.250,266.375,20.938,-0.543,0.410,-0.500,0.359,3.258,-15.836,2.466,2.732,1.045,1.307,0,NULL,NULL,,3,0,2,7,255,1007,250,0,0
stim,26217,56338,0,56338,3253664.453,0.765,0.363,0.268,0.459,0,0,0,0,0,0,0,77,58,1.262,1,2087,0,272.431,1.320,-55.813,265.250,27.313,-0.434,0.336,-0.559,1.285,-0.301,-17.234,2.510,2.778,1.045,1.307,0,NULL,NULL,,3,0,2,7,255,1007,250,0,0
stim,26217,56338,0,56338,3253669.455,0.768,0.358,0.259,0.463,0,0,0,0,0,0,0,74,58,1.262,1,2087,0,272.163,1.341,-6.125,268.625,43.313,-0.316,0.277,-0.348,1.285,-0.383,-17.234,2.556,2.826,1.045,1.307,0,NULL,NULL,,3,0,2,7,255,1007,250,0,0
stim,26238,56359,0,56359,3253674.454,0.773,0.353,0.249,0.465,0,0,0,0,0,0,0,76,58,1.262,1,2087,0,283.378,1.341,12.563,275.625,64.625,-0.289,0.328,-0.191,1.285,-0.383,-15.020,2.602,2.876,1.045,1.307,0,NULL,NULL,,3,0,2,7,255,1007,250,0,0
stim,26238,56359,0,56359,3253679.455,0.778,0.347,0.239,0.466,0,0,0,0,0,0,0,59,58,1.262,1,2087,0,295.966,1.852,29.625,282.375,83.563,-0.313,0.359,-0.145,1.598,0.938,-14.074,2.642,2.916,1.045,1.307,0,NULL,NULL,,3,0,2,7,255,1007,250,0,0
stim,26238,56359,0,56359,3253684.453,0.783,0.340,0.228,0.467,0,0,0,0,0,0,0,58,58,1.262,1,2087,0,308.874,2.279,56.625,288.313,95.250,-0.371,0.332,-0.055,1.598,1.625,-14.047,2.670,2.946,1.045,1.307,0,NULL,NULL,,3,0,2,7,255,1007,250,0,0
stim,26238,56359,0,56359,3253689.455,0.789,0.332,0.219,0.468,0,0,0,0,0,0,0,55,58,1.262,1,2087,0,321.245,2.883,80.813,294.500,99.688,-0.422,0.301,0.141,1.121,2.656,-13.723,2.690,2.968,1.045,1.307,0,NULL,NULL,,3,0,2,7,255,1007,250,0,0
stim,26263,56384,0,56384,3253694.453,0.795,0.324,0.209,0.468,0,0,0,0,0,0,0,51,58,1.262,1,2087,0,330.336,4.384,90.938,301.438,99.938,-0.453,0.313,0.355,0.563,4.348,-12.590,2.704,2.986,1.045,1.307,0,NULL,NULL,,3,0,2,7,255,1007,250,0,0
stim,26263,56384,0,56384,3253699.455,0.801,0.315,0.198,0.469,0,0,0,0,0,0,0,34,58,1.262,1,2087,0,336.683,6.178,90.000,308.938,99.063,-0.469,0.344,0.512,0.563,6.152,-11.246,2.714,2.998,1.045,1.307,0,NULL,NULL,,3,0,2,7,255,1007,250,0,0
stim,26263,56384,0,56384,3253704.454,0.807,0.306,0.188,0.469,0,0,0,0,0,0,0,31,58,1.262,1,2087,0,342.128,7.515,87.688,316.000,97.500,-0.508,0.355,0.625,0.582,7.492,-10.195,2.722,3.008,1.045,1.307,0,NULL,NULL,,3,0,2,7,255,1007,250,0,0
stim,26263,56384,0,56384,3253709.455,0.812,0.297,0.177,0.470,0,0,0,0,0,0,0,30,58,1.262,1,2087,0,346.213,8.559,86.250,322.500,91.750,-0.551,0.328,0.738,0.582,8.539,-9.445,2.732,3.022,1.045,1.307,0,NULL,NULL,,3,0,2,7,255,1007,250,0,0
stim,26284,56405,1,56405,3253714.453,0.817,0.288,0.166,0.471,0,0,0,0,0,0,0,24,58,1.262,1,2087,0,348.208,9.431,81.750,328.625,81.063,-0.570,0.289,0.844,0.160,9.430,-8.539,2.746,3.036,1.045,1.307,0,NULL,NULL,,3,1,2,7,255,1007,250,0,0
stim,26284,56405,1,56405,3253719.455,0.822,0.279,0.155,0.472,0,0,0,0,0,0,0,23,58,1.262,1,2087,0,349.013,9.991,72.813,334.313,68.875,-0.539,0.250,0.902,-0.223,9.988,-7.422,2.762,3.056,1.045,1.307,0,NULL,NULL,,3,1,2,7,255,1007,250,0,0
stim,26316,56437,1,56437,3253724.454,0.826,0.270,0.143,0.474,0,0,0,0,0,0,0,23,58,1.262,1,2087,0,350.818,9.992,63.750,339.938,58.750,-0.492,0.219,0.898,-0.281,9.988,-6.406,2.786,3.082,1.045,1.307,0,NULL,NULL,,3,1,2,7,255,1007,250,0,0
stim,26316,56437,1,56437,3253729.455,0.829,0.261,0.132,0.477,0,0,0,0,0,0,0,28,58,1.262,1,2087,0,354.248,9.387,59.813,345.500,50.438,-0.445,0.188,0.840,-0.281,9.383,-5.828,2.814,3.112,1.045,1.307,0,NULL,NULL,,3,1,2,7,255,1007,250,0,0
stim,26316,56437,1,56437,3253734.453,0.833,0.251,0.120,0.479,0,0,0,0,0,0,0,25,58,1.262,1,2087,0,359.398,8.481,63.563,351.125,42.875,-0.414,0.164,0.762,-0.273,8.477,-5.828,2.848,3.148,1.045,1.307,0,NULL,NULL,,3,1,2,7,255,1007,250,0,0
stim,26316,56437,1,56437,3253739.455,0.836,0.241,0.108,0.482,0,0,0,0,0,0,0,23,58,1.262,1,2087,0,365.217,7.657,74.938,356.000,32.125,-0.418,0.176,0.719,-0.273,7.652,-5.883,2.888,3.190,1.045,1.307,0,NULL,NULL,,3,1,2,7,255,1007,250,0,0
stim,26316,56437,1,56437,3253744.454,0.838,0.230,0.097,0.485,0,0,0,0,0,0,0,21,58,1.262,1,2087,0,371.476,7.376,91.250,359.500,20.688,-0.371,0.113,0.734,-0.273,7.371,-5.883,2.930,3.234,1.045,1.307,0,NULL,NULL,,3,1,2,7,255,1007,250,0,0
stim,26316,56437,1,56437,3253749.455,0.841,0.219,0.086,0.488,0,0,0,0,0,0,0,25,58,1.262,1,2087,0,377.382,6.729,105.625,361.938,16.188,-0.277,0.094,0.789,-0.168,6.727,-5.324,2.974,3.280,1.045,1.307,0,NULL,NULL,,3,1,2,7,255,1007,250,0,0
stim,26316,56437,1,56437,3253754.453,0.843,0.206,0.075,0.490,0,0,0,0,0,0,0,26,58,1.262,1,2087,0,381.448,6.035,117.500,362.625,14.125,-0.207,0.078,0.789,0.055,6.035,-4.258,3.018,3.328,1.045,1.307,0,NULL,NULL,,3,1,2,7,255,1007,250,0,0
stim,26316,56437,1,56437,3253759.455,0.846,0.194,0.064,0.493,0,0,0,0,0,0,0,33,58,1.262,1,2087,0,385.869,5.215,136.563,360.063,24.500,-0.152,-0.035,0.852,0.055,5.215,-3.781,3.062,3.374,1.045,1.307,0,NULL,NULL,,3,1,2,7,255,1007,250,0,0
stim,26316,56437,1,56437,3253764.454,0.849,0.180,0.054,0.495,0,0,0,0,0,0,0,37,58,1.262,1,2087,0,388.991,5.225,153.375,356.125,31.063,-0.203,0.129,0.973,0.332,5.215,-2.586,3.106,3.420,1.045,1.307,0,NULL,NULL,,3,1,2,7,255,1007,250,0,0
stim,26316,56437,1,56437,3253769.455,0.851,0.167,0.045,0.496,0,0,0,0,0,0,0,39,58,1.262,1,2087,0,388.205,5.772,164.125,350.688,28.000,-0.250,0.281,1.086,1.047,5.676,-1.938,3.146,3.462,1.045,1.307,0,NULL,NULL,,3,1,2,7,255,1007,250,0,0
stim,26348,56469,1,56469,3253774.454,0.853,0.153,0.036,0.498,0,0,0,0,0,0,0,38,58,1.262,1,2087,0,388.222,6.720,176.875,344.438,28.188,-0.215,0.230,1.203,2.195,6.352,-1.219,3.184,3.502,1.045,1.307,0,NULL,NULL,,3,1,2,7,255,1007,250,0,0
stim,26348,56469,1,56469,3253779.455,0.855,0.139,0.027,0.499,0,0,0,0,0,0,0,43,58,1.262,1,2087,0,387.787,6.736,182.250,341.313,25.875,-0.176,0.195,1.313,2.242,6.352,0.289,3.220,3.540,1.045,1.307,0,NULL,NULL,,3,1,2,7,255,1007,250,0,0
stim,26348,56469,1,56469,3253784.454,0.857,0.124,0.018,0.500,0,0,0,0,0,0,0,45,58,1.262,1,2087,0,386.540,6.235,187.250,336.563,32.813,-0.172,0.164,1.402,2.195,5.836,1.660,3.252,3.576,1.045,1.307,0,NULL,NULL,,3,1,2,7,255,1007,250,0,0
stim,26348,56469,1,56469,3253789.455,0.859,0.110,0.010,0.501,0,0,0,0,0,0,0,43,58,1.262,1,2087,0,387.227,6.252,193.875,333.563,33.063,-0.191,0.254,1.531,2.242,5.836,2.801,3.284,3.610,1.045,1.307,0,NULL,NULL,,3,1,2,7,255,1007,250,0,0
stim,26348,56469,1,56469,3253794.453,0.860,0.095,0.002,0.501,0,0,0,0,0,0,0,40,58,1.262,1,2087,0,386.144,6.356,200.000,328.500,34.563,-0.238,0.211,1.660,2.480,5.852,4.000,3.312,3.640,1.045,1.307,0,NULL,NULL,,3,1,2,7,255,1007,250,0,0
stim,26348,56469,1,56469,3253799.455,0.861,0.080,-0.006,0.502,0,0,0,0,0,0,0,41,58,1.262,1,2087,0,383.631,6.445,201.063,325.375,29.625,-0.277,0.223,1.820,2.563,5.914,5.438,3.340,3.670,1.045,1.307,0,NULL,NULL,,3,1,2,7,255,1007,250,0,0
stim,26379,56500,1,56500,3253804.454,0.862,0.066,-0.014,0.502,0,0,0,0,0,0,0,41,58,1.262,1,2087,0,376.981,6.388,196.938,320.250,27.750,-0.273,0.230,1.980,2.563,5.852,7.141,3.366,3.698,1.045,1.307,0,NULL,NULL,,3,1,2,7,255,1007,250,0,0
stim,26379,56500,1,56500,3253809.455,0.863,0.052,-0.022,0.503,0,0,0,0,0,0,0,39,58,1.262,1,2087,0,366.451,6.226,183.563,316.313,23.188,-0.289,0.230,2.027,2.797,5.563,8.867,3.392,3.726,1.045,1.307,0,NULL,NULL,,3,1,2,7,255,1007,250,0,0
stim,26379,56500,1,56500,3253814.453,0.863,0.038,-0.030,0.503,0,0,0,0,0,0,0,39,58,1.262,1,2087,0,359.488,5.870,177.375,312.188,17.563,-0.270,0.219,2.063,2.820,5.148,9.516,3.416,3.754,1.045,1.307,0,NULL,NULL,,3,1,2,7,255,1007,250,0,0
stim,26379,56500,1,56500,3253819.455,0.863,0.025,-0.038,0.504,0,0,0,0,0,0,0,45,58,1.262,1,2087,0,356.220,5.134,178.813,307.750,14.438,-0.223,0.168,2.082,2.797,4.305,9.992,3.442,3.782,1.045,1.307,0,NULL,NULL,,3,1,2,7,255,1007,250,0,0
stim,26413,56534,1,56534,3253824.454,0.862,0.011,-0.045,0.504,0,0,0,0,0,0,0,41,58,1.262,1,2087,0,356.733,4.026,183.563,305.750,8.938,-0.188,0.082,2.105,2.641,3.039,10.352,3.468,3.810,1.045,1.307,0,NULL,NULL,,3,1,2,7,255,1007,250,0,0
stim,26413,56534,1,56534,3253829.455,0.862,-0.003,-0.052,0.505,0,0,0,0,0,0,0,39,58,1.262,1,2087,0,360.645,2.706,190.750,306.063,2.250,-0.152,-0.016,2.137,2.109,1.695,10.738,3.496,3.838,1.045,1.307,0,NULL,NULL,,3,1,2,7,255,1007,250,0,0
stim,26413,56534,1,56534,3253834.453,0.860,-0.017,-0.059,0.506,0,0,0,0,0,0,0,42,58,1.262,1,2087,0,365.878,1.480,199.500,306.688,-3.063,-0.098,-0.074,2.148,1.461,0.234,11.129,3.522,3.868,1.045,1.307,0,NULL,NULL,,3,1,2,7,255,1007,250,0,0
stim,26413,56534,1,56534,3253839.455,0.859,-0.032,-0.066,0.507,0,0,0,0,0,0,0,45,58,1.262,1,2087,0,373.114,1.671,212.375,306.688,-7.313,-0.031,-0.137,2.137,1.172,-1.191,11.129,3.548,3.896,1.045,1.307,0,NULL,NULL,,3,1,2,7,255,1007,250,0,0
stim,26413,56534,1,56534,3253844.454,0.857,-0.047,-0.072,0.508,0,0,0,0,0,0,0,51,58,1.262,1,2087,0,382.915,2.828,231.688,304.625,-12.188,0.051,-0.188,2.141,0.855,-2.695,10.988,3.572,3.920,1.045,1.307,0,NULL,NULL,,3,1,2,7,255,1007,250,0,0
stim,26413,56534,1,56534,3253849.455,0.855,-0.063,-0.078,0.509,0,0,0,0,0,0,0,51,58,1.262,1,2087,0,395.870,4.412,257.188,300.313,-19.500,0.207,-0.238,2.195,0.855,-4.328,10.871,3.592,3.942,1.045,1.307,0,NULL,NULL,,3,1,2,7,255,1007,250,0,0
stim,26435,56556,1,56556,3253854.453,0.852,-0.080,-0.082,0.510,0,0,0,0,0,0,0,51,58,1.262,1,2087,0,412.259,6.716,287.063,294.688,-26.688,0.438,-0.270,2.328,0.867,-6.660,10.871,3.604,3.956,1.045,1.307,0,NULL,NULL,,3,1,2,7,255,1007,250,0,0
stim,26435,56556,1,56556,3253859.455,0.849,-0.098,-0.086,0.512,0,0,0,0,0,0,0,51,58,1.262,1,2087,0,427.947,9.848,313.375,289.688,-31.875,0.688,-0.281,2.531,1.543,-9.727,11.430,3.610,3.964,1.045,1.307,0,NULL,NULL,,3,1,2,7,255,1007,250,0,0
stim,26435,56556,1,56556,3253864.454,0.845,-0.117,-0.090,0.513,0,0,0,0,0,0,0,50,58,1.262,1,2087,0,437.100,13.307,329.313,285.688,-31.500,0.898,-0.309,2.754,2.418,-13.086,12.383,3.608,3.966,1.045,1.307,0,NULL,NULL,,3,1,2,7,255,1007,250,0,0
stim,26435,56556,1,56556,3253869.455,0.842,-0.135,-0.093,0.515,0,0,0,0,0,0,0,52,58,1.262,1,2087,0,438.631,16.612,337.750,278.500,-27.563,1.070,-0.336,2.980,2.863,-16.363,13.473,3.598,3.956,1.045,1.307,0,NULL,NULL,,3,1,2,7,255,1007,250,0,0
stim,26435,56556,1,56556,3253874.454,0.838,-0.153,-0.095,0.516,0,0,0,0,0,0,0,53,58,1.262,1,2087,0,428.923,19.626,330.938,271.438,-27.875,1.234,-0.305,3.160,3.027,-19.391,14.488,3.576,3.936,1.045,1.307,0,NULL,NULL,,3,1,2,7,255,1007,250,0,0
stim,26435,56556,1,56556,3253879.455,0.833,-0.171,-0.098,0.516,0,0,0,0,0,0,0,54,58,1.262,1,2087,0,414.469,22.353,314.125,268.313,-33.438,1.395,-0.285,3.258,3.613,-22.059,14.715,3.540,3.902,1.045,1.307,0,NULL,NULL,,3,1,2,7,255,1007,250,0,0
stim,26435,56556,1,56556,3253884.454,0.829,-0.187,-0.102,0.517,0,0,0,0,0,0,0,53,58,1.262,1,2087,0,397.806,24.750,293.500,265.625,-39.375,1.488,-0.313,3.363,3.746,-24.465,14.715,3.490,3.854,1.045,1.307,0,NULL,NULL,,3,1,2,7,255,1007,250,0,0
stim,26435,56556,1,56556,3253889.455,0.824,-0.202,-0.105,0.518,0,0,0,0,0,0,0,53,58,1.262,1,2087,0,376.384,26.855,266.875,261.250,-46.813,1.602,-0.184,3.539,4.031,-26.551,14.715,3.424,3.790,1.045,1.307,0,NULL,NULL,,3,1,2,7,255,1007,250,0,0
stim,26468,56589,1,56589,3253894.453,0.819,-0.216,-0.110,0.520,0,0,0,0,0,0,0,59,58,1.262,1,2087,0,344.745,28.915,219.813,257.500,-65.000,1.859,-0.047,3.598,4.949,-28.488,14.555,3.344,3.712,1.045,1.307,0,NULL,NULL,,3,1,2,7,255,1007,250,0,0
stim,26468,56589,1,56589,3253899.455,0.815,-0.226,-0.116,0.521,0,0,0,0,0,0,0,69,58,1.262,1,2087,0,307.212,31.744,154.813,253.438,-78.625,2.234,-0.113,3.422,6.887,-30.988,14.078,3.252,3.622,1.045,1.307,0,NULL,NULL,,3,1,2,7,255,1007,250,0,0
stim,26468,56589,1,56589,3253904.453,0.811,-0.235,-0.124,0.522,0,0,0,0,0,0,0,75,58,1.262,1,2087,0,273.921,34.744,90.375,247.750,-74.063,2.590,-0.344,3.016,7.152,-34.000,10.063,3.148,3.520,1.045,1.307,0,NULL,NULL,,3,1,2,7,255,1007,250,0,0
stim,26468,56589,1,56589,3253909.455,0.807,-0.241,-0.132,0.522,0,0,0,0,0,0,0,109,58,1.262,1,2087,0,250.856,36.750,46.250,238.875,-61.063,2.875,-0.566,2.496,7.152,-36.047,3.707,3.036,3.410,1.045,1.307,0,NULL,NULL,,3,1,2,7,255,1007,250,0,0
stim,26468,56589,1,56589,3253914.453,0.804,-0.247,-0.140,0.522,0,0,0,0,0,0,0,160,58,1.262,1,2087,0,234.589,37.257,27.125,227.125,-52.063,3.188,-0.688,2.012,6.684,-36.652,-3.234,2.916,3.292,1.045,1.307,0,NULL,NULL,,3,1,2,7,255,1007,250,0,0
stim,26468,56589,1,56589,3253919.455,0.801,-0.252,-0.147,0.522,0,0,0,0,0,0,0,182,58,1.262,1,2087,0,218.685,37.618,25.188,212.438,-45.375,3.617,-0.758,1.594,6.684,-37.020,-9.785,2.786,3.162,1.045,1.307,0,NULL,NULL,,3,1,2,7,255,1007,250,0,0
stim,26517,56638,1,56638,3253924.454,0.799,-0.258,-0.154,0.521,0,0,0,0,0,0,0,252,58,1.262,1,2087,0,200.932,38.976,30.063,195.750,-33.938,4.117,-0.895,1.184,7.762,-38.195,-16.160,2.642,3.020,1.045,1.307,0,NULL,NULL,,3,1,2,7,255,1007,250,0,0
stim,26517,56638,1,56638,3253929.455,0.797,-0.263,-0.159,0.520,0,0,0,0,0,0,0,287,58,1.262,1,2087,0,186.796,40.746,49.625,180.000,-5.500,4.430,-1.180,0.699,7.762,-40.000,-22.996,2.482,2.860,1.045,1.307,0,NULL,NULL,,3,1,2,7,255,1007,250,0,0
stim,26517,56638,1,56638,3253934.454,0.795,-0.271,-0.161,0.518,0,0,0,0,0,0,0,279,58,1.262,1,2087,0,202.337,40.892,123.813,157.125,30.375,4.617,-1.582,0.301,7.152,-40.262,-29.777,2.312,2.688,1.045,1.307,0,NULL,NULL,,3,1,2,7,255,1007,250,0,0
stim,26517,56638,1,56638,3253939.455,0.794,-0.280,-0.160,0.516,0,0,0,0,0,0,0,253,58,1.262,1,2087,0,211.674,40.527,170.250,102.563,72.813,4.465,-2.648,0.852,4.387,-40.289,-33.551,2.130,2.506,1.045,1.307,0,NULL,NULL,,3,1,2,7,255,1007,250,0,0
stim,26517,56638,1,56638,3253944.453,0.793,-0.291,-0.156,0.512,0,0,0,0,0,0,0,235,58,1.262,1,2087,0,268.955,41.463,228.000,72.063,123.125,4.023,-2.109,1.027,-2.176,-41.406,-33.551,1.946,2.320,1.045,1.307,0,NULL,NULL,,3,1,2,7,255,1007,250,0,0
stim,26517,56638,1,56638,3253949.455,0.795,-0.301,-0.148,0.505,0,0,0,0,0,0,0,187,58,1.262,1,2087,0,349.943,45.575,256.688,6.813,237.750,4.148,-1.730,2.645,-2.176,-45.523,-29.121,1.760,2.130,1.045,1.307,0,NULL,NULL,,3,1,2,7,255,1007,250,0,0
stim,26517,56638,1,56638,3253954.454,0.799,-0.308,-0.141,0.497,0,0,0,0,0,0,0,171,58,1.262,1,2087,0,301.823,41.463,147.250,-20.250,262.688,2.469,-2.242,2.602,-2.176,-41.406,-16.684,1.572,1.936,1.045,1.307,0,NULL,NULL,,3,1,2,7,255,1007,250,0,0
stim,26517,56638,1,56638,3253959.455,0.800,-0.313,-0.133,0.494,0,0,0,0,0,0,0,167,58,1.262,1,2087,0,225.156,40.422,160.000,-62.938,145.375,1.883,-0.902,2.613,-0.781,-40.414,-9.977,1.382,1.740,1.045,1.307,0,NULL,NULL,,3,1,2,7,255,1007,250,0,0
stim,26517,56638,0,56638,3253964.453,0.801,-0.316,-0.126,0.493,0,0,0,0,0,0,0,231,58,1.262,1,2087,0,184.572,34.528,131.750,-98.938,83.188,1.926,-0.160,3.371,-0.781,-34.520,-2.570,1.192,1.544,1.045,1.307,0,NULL,NULL,,3,0,2,7,255,1003,250,0,0
stim,26517,56638,0,56638,3253969.455,0.802,-0.321,-0.113,0.491,205,0,0,701,0,0,0,411,58,1.262,1,2087,0,327.478,34.528,213.250,-189.063,161.313,0.254,-0.758,5.066,-0.781,-34.520,5.676,1.008,1.350,1.045,1.307,0,NULL,NULL,,3,0,2,7,255,1003,250,0,0
stim,26544,56665,0,56665,3253974.454,0.809,-0.326,-0.092,0.479,894,0,0,1324,0,139,0,458,58,1.262,1,2087,0,575.103,34.899,249.625,-259.813,448.250,-0.496,1.621,7.914,0.148,-34.898,24.930,0.830,1.158,1.045,1.307,0,NULL,NULL,,3,0,2,7,255,1003,250,0,0
stim,26544,56665,0,56665,3253979.455,0.829,-0.296,-0.100,0.464,1463,0,0,1755,0,482,0,525,58,1.262,1,2087,0,897.704,34.899,-812.625,-123.625,360.875,-1.180,3.055,4.395,0.148,-34.898,41.625,0.658,0.964,1.045,1.307,0,NULL,NULL,,3,0,2,7,255,1003,250,0,0
stim,26544,56665,0,56665,3253984.453,0.847,-0.255,-0.114,0.453,1889,0,0,1951,0,615,0,580,58,1.262,1,2088,0,1104.293,15.486,-1072.188,-151.313,216.750,-1.605,3.688,-0.430,14.910,-4.184,41.625,0.500,0.766,1.045,1.307,1,1010.000,7.000,,3,0,2,7,255,1003,250,0,0
stim,26544,56665,0,56665,3253989.455,0.856,-0.230,-0.122,0.446,2155,0,0,2080,0,885,0,618,58,1.262,1,2088,0,664.110,33.911,-644.563,-94.125,129.313,-2.461,2.539,-2.250,14.910,30.457,4.223,0.374,0.568,1.045,1.307,1,NULL,NULL,,3,0,2,7,255,1003,250,0,0
stim,26570,56691,0,56691,3253994.454,0.859,-0.219,-0.121,0.447,2309,0,0,2159,0,1021,0,701,58,1.262,1,2088,0,263.607,31.009,-222.125,-134.438,-45.563,-1.500,1.012,-1.469,5.824,30.457,-12.605,0.328,0.386,1.045,1.307,1,NULL,NULL,,3,0,2,7,255,1003,250,0,0
stim,26570,56691,0,56691,3253999.455,0.857,-0.218,-0.117,0.452,2439,0,0,2219,0,1235,0,781,58,1.262,1,2088,0,149.554,22.869,34.313,-123.688,-76.750,0.316,0.355,1.004,4.820,22.355,-12.605,0.368,0.258,1.045,1.307,1,NULL,NULL,,3,0,2,7,255,1003,250,0,0
stim,26570,56691,0,56691,3254004.453,0.860,-0.214,-0.112,0.450,2611,0,0,2426,0,1377,0,857,58,1.262,1,2088,0,141.842,6.996,-37.938,-117.500,69.813,0.836,1.711,1.789,4.820,-5.070,-1.465,0.426,0.218,1.045,1.307,1,NULL,NULL,,3,0,2,7,255,1003,250,0,0
stim,26570,56691,0,56691,3254009.455,0.865,-0.206,-0.110,0.443,2759,0,0,2629,0,1433,0,972,58,1.262,1,2088,0,270.749,12.615,-175.063,-118.375,169.250,-0.383,1.672,1.629,11.551,-5.070,6.660,0.462,0.248,1.045,1.307,2,NULL,NULL,,3,0,2,7,255,1003,250,0,0
stim,26570,56691,0,56691,3254014.454,0.873,-0.192,-0.108,0.435,2849,0,0,2748,0,1499,0,1099,58,1.262,1,2088,0,435.048,12.364,-329.375,-175.813,223.313,-2.254,-0.613,0.730,11.551,4.410,6.660,0.480,0.304,1.045,1.307,2,NULL,NULL,,3,0,2,7,255,1003,250,0,0
stim,26570,56691,0,56691,3254019.455,0.877,-0.175,-0.108,0.435,2921,0,0,2847,0,1547,0,1229,58,1.262,1,2088,0,396.362,19.931,-356.625,-172.375,-14.438,-2.426,-1.684,-0.340,-17.793,8.980,3.285,0.496,0.356,1.045,1.307,2,NULL,NULL,,3,0,2,7,255,1003,250,0,0
stim,26614,56735,0,56735,3254024.454,0.876,-0.164,-0.105,0.442,2969,0,0,2935,0,1597,0,1373,58,1.262,1,2088,0,308.520,19.931,-169.938,-193.625,-169.750,-1.012,-1.246,-0.656,-17.793,8.980,-7.805,0.518,0.400,1.045,1.307,2,NULL,NULL,,3,0,2,7,255,1003,250,0,0
stim,26614,56735,0,56735,3254029.455,0.873,-0.160,-0.098,0.450,3019,0,0,2984,0,1661,0,1456,58,1.262,1,2088,0,273.027,16.404,17.688,-195.938,-189.313,0.117,-0.570,0.504,-16.191,2.633,-7.805,0.544,0.442,1.045,1.307,2,NULL,NULL,,3,0,2,7,255,1003,250,0,0
stim,26614,56735,0,56735,3254034.454,0.871,-0.157,-0.091,0.457,3036,0,0,3033,0,1741,0,1532,58,1.262,1,2088,0,229.016,6.876,42.563,-177.500,-138.313,0.777,-0.832,1.867,-3.723,-5.781,-6.457,0.556,0.474,1.045,1.307,2,NULL,NULL,,3,0,2,7,255,1003,250,0,0
stim,26614,56735,0,56735,3254039.455,0.871,-0.151,-0.086,0.459,3077,0,0,3081,0,1835,0,1575,58,1.262,1,2088,0,184.291,16.794,-56.688,-167.313,-52.500,1.160,-1.199,2.055,-2.637,-16.586,3.742,0.534,0.486,1.045,1.307,2,NULL,NULL,,3,0,2,7,255,1003,250,0,0
stim,26614,56735,0,56735,3254044.453,0.874,-0.142,-0.083,0.457,3076,0,0,3110,0,1929,0,1584,58,1.262,1,2088,0,231.072,21.983,-162.375,-151.750,63.250,1.129,-1.551,1.703,-2.637,-21.824,3.742,0.490,0.484,1.045,1.307,2,NULL,NULL,,3,0,2,7,255,1003,250,0,0
stim,26614,56735,0,56735,3254049.455,0.879,-0.133,-0.081,0.451,3093,0,0,3144,0,2023,0,1618,58,1.262,1,2088,0,291.651,22.534,-198.625,-137.688,163.250,0.453,-1.387,0.863,-5.609,-21.824,0.820,0.444,0.468,1.045,1.307,2,NULL,NULL,,3,0,2,7,255,1003,250,0,0
stim,26614,56735,0,56735,3254054.454,0.884,-0.126,-0.078,0.444,3099,0,0,3154,0,2124,0,1653,58,1.262,1,2088,0,272.535,15.366,-138.563,-139.375,188.813,-0.359,-0.645,0.340,-7.066,-13.645,-4.664,0.406,0.432,1.045,1.307,2,NULL,NULL,,3,0,2,7,255,1003,250,0,0
stim,26614,56735,0,56735,3254059.455,0.887,-0.121,-0.073,0.439,3099,0,0,3161,0,2227,0,1775,58,1.262,1,2088,0,200.931,7.333,-51.500,-141.063,133.500,-0.660,-0.047,0.641,-7.066,-1.961,-4.664,0.384,0.378,1.045,1.307,2,NULL,NULL,,3,0,2,7,255,1003,250,0,0
stim,26615,56736,0,56736,3254064.453,0.889,-0.118,-0.068,0.437,3101,0,0,3169,75,2299,52,1909,58,1.262,1,2088,0,155.143,5.015,-24.875,-140.813,60.188,-0.590,0.293,1.168,-4.059,2.945,-2.289,0.380,0.312,1.045,1.307,2,NULL,NULL,,3,0,2,7,255,1003,250,0,0
stim,26615,56736,0,56736,3254069.455,0.890,-0.115,-0.063,0.438,3115,0,0,3181,329,2355,185,2059,58,1.262,1,2088,0,123.065,3.071,-24.313,-120.313,-8.875,-0.191,0.332,1.922,-0.871,2.945,2.902,0.384,0.248,1.045,1.307,2,NULL,NULL,,3,0,2,7,255,1003,250,0,0
stim,26646,56767,0,56767,3254074.454,0.888,-0.112,-0.062,0.441,3114,0,0,3177,649,2409,123,2162,58,1.262,1,2088,0,106.588,2.409,-41.125,-60.125,-77.813,0.473,0.219,1.828,2.055,-1.258,6.848,0.388,0.200,1.045,1.307,2,NULL,NULL,,3,0,2,7,255,1003,250,0,0
stim,26646,56767,0,56767,3254079.455,0.888,-0.108,-0.061,0.443,3149,0,0,3183,904,2424,138,2215,58,1.262,1,2088,0,94.227,7.366,-56.375,-57.813,-48.563,0.883,0.703,1.188,5.078,-5.336,6.848,0.386,0.172,1.045,1.307,2,NULL,NULL,,3,0,2,7,255,1003,250,0,0
stim,26646,56767,0,56767,3254084.453,0.888,-0.107,-0.060,0.443,3113,0,0,3197,1051,2459,155,2275,58,1.262,1,2088,0,44.252,9.204,-25.750,-35.000,-8.375,0.570,0.480,1.320,7.500,-5.336,2.145,0.378,0.164,1.045,1.307,2,NULL,NULL,,3,0,2,7,255,1003,250,0,0
stim,26646,56767,0,56767,3254089.455,0.889,-0.103,-0.061,0.442,3113,4,0,3199,1159,2463,186,2331,58,1.262,1,2088,0,81.760,8.836,-77.688,-21.375,13.875,-0.199,-0.523,1.434,7.500,-4.672,2.145,0.374,0.162,1.045,1.307,2,NULL,NULL,,3,0,2,7,255,1003,250,0,0
stim,26646,56767,0,56767,3254094.454,0.889,-0.099,-0.062,0.443,3102,31,0,3197,1253,2484,201,2375,58,1.262,1,2088,0,117.189,6.568,-112.563,-20.625,-25.250,-0.480,-0.473,0.789,-4.777,-4.508,2.145,0.380,0.152,1.045,1.307,2,NULL,NULL,,3,0,2,7,255,1003,250,0,0
stim,26646,56767,0,56767,3254099.455,0.887,-0.096,-0.063,0.446,3103,39,0,3199,1341,2491,203,2399,58,1.262,1,2088,0,95.562,4.843,-42.000,-17.063,-84.125,-0.172,0.059,0.570,-4.777,-0.793,-1.754,0.398,0.136,1.045,1.307,2,NULL,NULL,,3,0,2,7,255,1003,250,0,0
stim,26679,56800,0,56800,3254104.453,0.886,-0.096,-0.062,0.450,3109,43,0,3193,1449,2515,213,2423,58,1.262,1,2088,0,83.905,0.872,8.813,-15.438,-82.000,0.195,0.117,1.008,-0.363,-0.793,-1.754,0.422,0.114,1.045,1.307,2,NULL,NULL,,3,0,2,7,255,1003,250,0,0
stim,26679,56800,0,56800,3254109.455,0.885,-0.095,-0.062,0.451,3109,90,0,3197,1541,2519,211,2453,58,1.262,1,2088,0,42.319,3.035,-14.563,-9.063,-38.688,0.199,-0.129,1.250,0.648,-2.965,-0.449,0.444,0.092,1.045,1.307,2,NULL,NULL,,3,0,2,7,255,1003,250,0,0
stim,26679,56800,0,56800,3254114.454,0.885,-0.093,-0.063,0.451,3109,105,0,3191,1575,2526,205,2469,58,1.262,1,2088,0,55.501,3.035,-54.938,-7.438,-2.625,-0.109,-0.164,1.066,0.648,-2.965,0.500,0.462,0.074,1.045,1.307,2,NULL,NULL,,3,0,2,7,255,1003,250,0,0
stim,26679,56800,0,56800,3254119.455,0.885,-0.091,-0.064,0.452,3119,111,0,3196,1613,2527,203,2487,58,1.262,1,2088,0,54.583,2.494,-49.750,-7.438,-21.188,-0.316,0.047,0.828,-1.051,-2.262,0.500,0.476,0.060,1.045,1.307,2,NULL,NULL,,3,0,2,7,255,1003,250,0,0
stim,26711,56833,0,56833,3254124.454,0.884,-0.090,-0.064,0.454,3111,134,0,3192,1645,2541,189,2505,58,1.262,1,2088,0,59.333,1.233,-19.000,-8.500,-55.563,-0.199,0.164,0.895,-1.051,0.645,-0.730,0.486,0.050,1.045,1.307,2,NULL,NULL,,3,0,2,7,255,1003,250,0,0
stim,26711,56833,0,56833,3254129.455,0.883,-0.089,-0.064,0.456,3123,142,0,3207,1708,2543,175,2509,58,1.262,1,2088,0,63.453,0.874,-11.375,-5.438,-62.188,0.035,-0.008,1.086,0.590,0.645,-0.730,0.494,0.044,1.045,1.307,2,NULL,NULL,,3,0,2,7,255,1003,250,0,0
stim,26712,56833,0,56833,3254134.454,0.882,-0.088,-0.065,0.458,3117,163,0,3197,1742,2553,157,2513,58,1.262,1,2088,0,41.234,2.546,-23.063,-4.563,-33.875,0.113,-0.105,1.082,0.590,-2.477,0.277,0.504,0.038,1.045,1.307,2,NULL,NULL,,3,0,2,7,255,1003,250,0,0
stim,26712,56833,0,56833,3254139.455,0.882,-0.086,-0.065,0.458,3119,173,10,3205,1769,2553,151,2520,58,1.262,1,2088,0,29.766,2.503,-26.750,-1.750,-12.938,-0.008,-0.113,0.957,0.332,-2.480,0.277,0.512,0.032,1.045,1.307,2,NULL,NULL,,3,0,2,7,255,1003,250,0,0
stim,26712,56833,0,56833,3254144.453,0.882,-0.086,-0.065,0.458,3109,173,18,3191,1788,2549,147,2520,58,1.262,1,2088,0,17.356,2.522,-15.438,-1.375,-7.813,-0.066,-0.070,0.902,-0.457,-2.480,-0.703,0.518,0.028,1.045,1.307,2,NULL,NULL,,3,0,2,7,255,1003,250,0,0
stim,26712,56833,0,56833,3254149.455,0.882,-0.085,-0.065,0.459,3112,183,17,3207,1801,2555,149,2519,58,1.262,1,2088,0,12.501,1.769,-6.375,0.250,-10.750,-0.094,-0.102,0.949,-0.477,-1.703,-0.703,0.524,0.024,1.045,1.307,2,NULL,NULL,,3,0,2,7,255,1003,250,0,0
stim,26734,56855,0,56855,3254154.454,0.882,-0.085,-0.065,0.459,3113,180,57,3195,1813,2555,147,2519,58,1.262,1,2088,0,7.829,1.731,-2.625,0.125,-7.375,-0.066,-0.035,1.008,-0.477,-1.664,-0.570,0.532,0.020,1.045,1.307,2,NULL,NULL,,3,0,2,7,255,1003,250,0,0
stim,26734,56855,0,56855,3254159.455,0.882,-0.085,-0.065,0.459,3113,181,87,3207,1816,2549,139,2518,58,1.306,1,2088,1,3.286,1.656,-3.000,1.188,-0.625,-0.098,0.020,1.035,-0.109,-1.652,-0.047,0.000,0.000,1.067,1.339,2,NULL,NULL,,3,0,2,7,255,1003,250,0,0
stim,26734,56855,0,56855,3254164.454,0.882,-0.085,-0.065,0.459,3111,171,114,3204,1819,2552,137,2523,58,1.306,1,2088,1,2.090,1.156,-1.813,0.875,0.563,-0.137,0.105,1.043,0.164,-1.145,0.332,0.006,0.002,1.067,1.339,2,NULL,NULL,,3,0,2,7,255,1003,250,0,0
stim,26734,56855,0,56855,3254169.455,0.882,-0.085,-0.065,0.459,3111,159,127,3206,1815,2551,134,2517,58,1.306,1,2088,1,2.737,0.718,-1.875,1.063,-1.688,-0.160,0.117,1.063,0.621,-0.359,0.531,0.010,0.004,1.067,1.339,2,NULL,NULL,,3,0,2,7,255,1003,250,0,0
stim,26734,56855,0,56855,3254174.454,0.882,-0.084,-0.065,0.459,3111,157,127,3180,1823,2547,132,2508,58,1.306,1,2088,1,6.298,0.718,-3.563,0.250,-5.188,-0.141,0.090,1.039,0.621,-0.359,0.531,0.016,0.008,1.067,1.339,2,NULL,NULL,,3,0,2,7,255,1003,250,0,0
stim,26734,56855,0,56855,3254179.455,0.882,-0.084,-0.065,0.459,3109,151,131,3179,1819,2549,136,2520,58,1.306,1,2088,1,3.278,0.627,-1.938,-0.313,-2.625,-0.129,0.066,1.004,0.480,-0.402,0.473,0.020,0.010,1.067,1.339,2,NULL,NULL,,3,0,2,7,255,1003,250,0,0
stim,26734,56855,0,56855,3254184.453,0.882,-0.084,-0.065,0.459,3096,135,121,3173,1779,2547,135,2507,58,1.306,1,2088,1,2.259,0.679,-0.063,-1.688,1.500,-0.133,0.043,1.000,0.344,-0.586,0.102,0.026,0.012,1.067,1.339,2,NULL,NULL,,3,0,2,7,255,1003,250,0,0
stim,26734,56855,0,56855,3254189.455,0.882,-0.084,-0.065,0.459,3093,131,121,3181,1811,2535,125,2507,58,1.306,1,2088,1,5.200,0.614,1.188,-2.750,4.250,-0.145,0.055,1.000,0.184,-0.586,0.094,0.030,0.012,1.067,1.339,2,NULL,NULL,,3,0,2,7,255,1003,250,0,0
stim,26764,56885,0,56885,3254194.454,0.882,-0.084,-0.065,0.459,3087,115,119,3163,1813,2533,119,2507,58,1.306,1,2088,1,7.792,0.529,2.063,-3.875,6.438,-0.148,0.074,0.992,0.184,-0.496,0.066,0.032,0.014,1.067,1.339,2,NULL,NULL,,3,0,2,7,255,1003,250,0,0
stim,26764,56885,0,56885,3254199.455,0.882,-0.084,-0.064,0.459,3077,91,121,3151,1810,2525,110,2506,58,1.306,1,2088,1,9.870,0.458,3.938,-4.875,7.625,-0.141,0.105,0.996,0.293,-0.352,0.090,0.036,0.014,1.067,1.339,2,NULL,NULL,,3,0,2,7,255,1003,250,0,0
stim,26764,56885,0,56885,3254204.453,0.882,-0.084,-0.064,0.458,3078,79,122,3150,1814,2525,107,2517,58,1.306,1,2088,1,10.815,0.507,3.875,-5.250,8.625,-0.148,0.094,1.004,0.430,-0.270,0.090,0.038,0.014,1.067,1.339,2,NULL,NULL,,3,0,2,7,255,1003,250,0,0
stim,26764,56885,0,56885,3254209.455,0.883,-0.084,-0.064,0.458,3063,80,123,3140,1813,2521,109,2510,58,1.306,1,2088,1,11.004,0.498,4.125,-6.000,8.250,-0.152,0.098,0.996,0.441,-0.230,0.098,0.040,0.014,1.067,1.339,2,NULL,NULL,,3,0,2,7,255,1003,250,0,0
stim,26764,56885,0,56885,3254214.454,0.883,-0.085,-0.063,0.458,3048,71,125,3125,1811,2513,111,2509,58,1.306,1,2088,1,11.906,0.481,6.000,-6.688,7.813,-0.133,0.125,1.004,0.441,-0.191,0.172,0.042,0.016,1.067,1.339,2,NULL,NULL,,3,0,2,7,255,1003,250,0,0
stim,26764,56885,0,56885,3254219.455,0.883,-0.085,-0.063,0.457,3039,72,141,3118,1817,2515,115,2521,58,1.306,1,2088,1,13.073,0.650,4.500,-6.938,10.125,-0.129,0.105,1.023,0.621,-0.191,0.172,0.044,0.016,1.067,1.339,2,NULL,NULL,,3,0,2,7,255,1003,250,0,0
stim,26817,56938,0,56938,3254224.454,0.883,-0.085,-0.062,0.457,3027,71,155,3104,1813,2503,110,2514,58,1.306,1,2088,1,14.121,0.650,2.375,-7.750,11.563,-0.156,0.109,0.996,0.621,-0.191,0.172,0.046,0.018,1.067,1.339,2,NULL,NULL,,3,0,2,7,255,1003,250,0,0
stim,26817,56938,0,56938,3254229.455,0.883,-0.085,-0.062,0.457,3017,72,185,3094,1831,2501,115,2519,58,1.306,1,2088,1,13.690,0.478,3.938,-8.625,9.875,-0.188,0.129,0.984,0.469,-0.094,0.117,0.048,0.020,1.067,1.339,2,NULL,NULL,,3,0,2,7,255,1003,250,0,0
stim,26817,56938,0,56938,3254234.454,0.884,-0.085,-0.061,0.456,3000,70,207,3082,1844,2495,119,2521,58,1.306,1,2088,1,12.008,0.527,4.438,-9.563,5.750,-0.207,0.129,1.004,0.445,0.281,0.117,0.050,0.020,1.067,1.339,2,NULL,NULL,,3,0,2,7,255,1003,250,0,0
stim,26817,56938,0,56938,3254239.455,0.884,-0.085,-0.061,0.456,2985,69,223,3064,1879,2493,127,2531,58,1.306,1,2088,1,10.975,0.521,2.938,-10.563,0.500,-0.195,0.129,1.000,0.398,0.336,0.238,0.050,0.020,1.067,1.339,2,NULL,NULL,,3,0,2,7,255,1003,250,0,0
stim,26817,56938,0,56938,3254244.453,0.884,-0.085,-0.060,0.456,2967,73,251,3050,1903,2492,135,2537,58,1.306,1,2088,1,12.405,0.521,2.813,-12.063,-0.688,-0.176,0.133,0.992,0.398,0.336,0.238,0.052,0.020,1.067,1.339,2,NULL,NULL,,3,0,2,7,255,1003,250,0,0
stim,26817,56938,0,56938,3254249.455,0.884,-0.085,-0.060,0.457,2951,79,275,3037,1951,2491,159,2551,58,1.306,1,2088,1,13.559,0.625,2.250,-13.313,-1.250,-0.184,0.141,1.000,0.527,0.336,0.234,0.050,0.020,1.067,1.339,2,NULL,NULL,,3,0,2,7,255,1003,250,0,0
stim,26817,56938,0,56938,3254254.454,0.884,-0.084,-0.059,0.457,2925,83,320,3021,2001,2509,197,2566,58,1.306,1,2088,1,15.295,0.627,1.813,-14.563,-4.313,-0.199,0.152,1.004,0.527,0.340,0.234,0.050,0.018,1.067,1.339,2,NULL,NULL,,3,0,2,7,255,1003,250,0,0
stim,26817,56938,0,56938,3254259.455,0.884,-0.084,-0.058,0.457,2901,103,404,3000,2030,2501,235,2583,58,1.306,1,2088,1,18.142,0.749,2.750,-15.688,-8.688,-0.184,0.184,1.000,0.543,0.516,0.266,0.048,0.014,1.067,1.339,2,NULL,NULL,,3,0,2,7,255,1003,250,0,0
stim,26817,56938,0,56938,3254264.453,0.883,-0.084,-0.057,0.458,2877,131,483,2983,2084,2503,277,2600,58,1.306,1,2088,1,20.104,0.989,2.313,-16.750,-10.875,-0.164,0.195,1.004,0.844,0.516,0.277,0.048,0.012,1.067,1.339,2,NULL,NULL,,3,0,2,7,255,1003,250,0,0
stim,26817,56938,0,56938,3254269.455,0.883,-0.084,-0.057,0.458,2859,141,621,2975,2137,2519,313,2617,58,1.306,1,2088,1,21.216,1.069,0.188,-17.188,-12.438,-0.156,0.180,1.008,0.949,0.492,0.266,0.048,0.012,1.067,1.339,2,NULL,NULL,,3,0,2,7,255,1003,250,0,0
stim,26846,56967,0,56967,3254274.454,0.883,-0.084,-0.056,0.459,2837,151,679,2952,2197,2510,370,2637,58,1.306,1,2088,1,23.279,1.012,-0.438,-17.250,-15.625,-0.137,0.125,0.992,0.949,0.352,0.262,0.050,0.016,1.067,1.339,2,NULL,NULL,,3,0,2,7,255,1003,250,0,0
stim,26846,56967,0,56967,3254279.455,0.883,-0.083,-0.055,0.459,2807,173,775,2935,2265,2519,423,2651,58,1.306,1,2088,1,23.647,0.612,0.688,-17.625,-15.750,-0.133,0.098,0.984,0.609,-0.059,0.070,0.052,0.020,1.067,1.339,2,NULL,NULL,,3,0,2,7,255,1003,250,0,0
stim,26846,56967,0,56967,3254284.453,0.882,-0.083,-0.055,0.460,2765,183,896,2906,2325,2529,472,2663,58,1.306,1,2088,1,24.807,0.410,0.063,-18.125,-16.938,-0.168,0.117,0.992,0.406,-0.059,0.070,0.056,0.024,1.067,1.339,2,NULL,NULL,,3,0,2,7,255,1003,250,0,0
stim,26846,56967,0,56967,3254289.455,0.882,-0.082,-0.054,0.461,2734,227,999,2879,2364,2521,530,2675,58,1.306,1,2088,1,32.484,0.384,-4.000,-18.625,-26.313,-0.242,0.145,1.051,0.348,0.164,0.109,0.058,0.028,1.067,1.339,2,NULL,NULL,,3,0,2,7,255,1003,250,0,0
stim,26846,56967,0,56967,3254294.454,0.881,-0.081,-0.054,0.463,2695,251,1135,2860,2419,2525,618,2695,58,1.306,1,2088,1,46.903,0.497,-12.875,-19.063,-40.875,-0.199,0.125,1.031,0.270,0.418,0.527,0.060,0.032,1.067,1.339,2,NULL,NULL,,3,0,2,7,255,1003,250,0,0
stim,26846,56967,0,56967,3254299.455,0.880,-0.080,-0.053,0.464,2642,251,1247,2838,2469,2531,763,2711,58,1.306,1,2088,1,49.219,0.497,-15.375,-19.625,-42.438,-0.129,0.090,0.992,0.270,0.418,0.527,0.062,0.034,1.067,1.339,2,NULL,NULL,,3,0,2,7,255,1003,250,0,0
stim,26869,56990,0,56990,3254304.453,0.880,-0.079,-0.053,0.466,2585,267,1356,2811,2514,2536,907,2728,58,1.306,1,2088,1,49.584,0.350,-18.688,-19.938,-41.375,-0.152,0.066,1.031,0.270,-0.223,0.434,0.062,0.038,1.067,1.339,2,NULL,NULL,,3,0,2,7,255,1003,250,0,0
stim,26869,56990,0,56990,3254309.455,0.879,-0.077,-0.053,0.468,2525,275,1525,2799,2551,2540,1050,2743,58,1.306,1,2088,1,56.023,0.228,-27.313,-19.750,-44.750,-0.176,0.043,1.047,0.051,-0.223,0.434,0.064,0.040,1.067,1.339,2,NULL,NULL,,3,0,2,7,255,1003,250,0,0
stim,26869,56990,0,56990,3254314.454,0.878,-0.075,-0.053,0.469,2460,279,1661,2765,2601,2549,1168,2769,58,1.306,1,2088,1,62.971,0.240,-36.875,-20.063,-46.938,-0.148,0.039,1.016,-0.090,-0.223,0.434,0.064,0.042,1.067,1.339,2,NULL,NULL,,3,0,2,7,255,1003,250,0,0
stim,26869,56990,0,56990,3254319.455,0.877,-0.073,-0.053,0.471,2397,287,1779,2731,2631,2547,1309,2776,58,1.306,1,2088,1,66.248,0.376,-39.938,-20.125,-48.875,-0.133,0.020,0.984,-0.168,-0.336,0.258,0.064,0.044,1.067,1.339,2,NULL,NULL,,3,0,2,7,255,1003,250,0,0
stim,26915,57036,0,57036,3254324.454,0.877,-0.071,-0.053,0.473,2326,315,1897,2694,2665,2549,1421,2792,58,1.306,1,2088,1,68.734,0.494,-41.375,-20.750,-50.813,-0.117,-0.035,0.977,-0.168,-0.465,-0.066,0.064,0.044,1.067,1.339,2,NULL,NULL,,3,0,2,7,255,1003,250,0,0
stim,26915,57036,0,57036,3254329.455,0.876,-0.069,-0.053,0.475,2237,325,1991,2651,2699,2554,1533,2805,58,1.306,1,2088,1,70.307,0.966,-44.000,-21.813,-50.313,-0.098,-0.113,0.984,-0.484,-0.836,-0.172,0.066,0.044,1.067,1.339,2,NULL,NULL,,3,0,2,7,255,1003,250,0,0
stim,26915,57036,0,57036,3254334.454,0.875,-0.066,-0.054,0.477,2165,329,2073,2610,2719,2555,1660,2822,58,1.306,1,2088,0,73.951,1.718,-50.500,-22.750,-49.000,-0.113,-0.152,1.012,-1.020,-1.383,-0.172,0.066,0.044,1.067,1.339,2,NULL,NULL,,3,0,2,7,255,1003,250,0,0
stim,26915,57036,0,57036,3254339.455,0.874,-0.063,-0.054,0.479,2089,328,2181,2557,2745,2565,1765,2840,58,1.306,1,2088,0,77.197,1.718,-55.813,-23.500,-47.875,-0.117,-0.105,0.973,-1.020,-1.383,-0.172,0.064,0.042,1.067,1.339,2,NULL,NULL,,3,0,2,7,255,1003,250,0,0
stim,26915,57036,0,57036,3254344.453,0.873,-0.060,-0.054,0.480,1993,326,2260,2515,2772,2575,1862,2854,58,1.306,1,2088,0,73.436,1.465,-51.625,-24.500,-46.125,-0.082,-0.023,0.910,-1.004,-1.066,-0.242,0.064,0.042,1.067,1.339,2,NULL,NULL,,3,0,2,7,255,1003,250,0,0
stim,26915,57036,0,57036,3254349.455,0.873,-0.058,-0.054,0.482,1897,313,2331,2451,2795,2571,1967,2875,58,1.306,1,2088,0,61.347,0.766,-37.688,-26.125,-40.750,-0.070,0.008,0.891,-0.133,-0.754,-0.867,0.064,0.042,1.067,1.339,2,NULL,NULL,,3,0,2,7,255,1003,250,0,0
stim,26915,57036,0,57036,3254354.454,0.872,-0.056,-0.054,0.483,1767,304,2405,2372,2829,2583,2065,2891,58,1.306,1,2088,0,52.919,0.680,-29.188,-28.000,-34.125,-0.094,0.012,0.980,0.164,-0.660,-0.867,0.066,0.044,1.067,1.339,2,NULL,NULL,,3,0,2,7,255,1003,250,0,0
stim,26915,57036,0,57036,3254359.455,0.872,-0.054,-0.053,0.484,1620,283,2467,2278,2851,2577,2139,2904,58,1.306,1,2088,0,52.442,0.541,-27.750,-30.125,-32.750,-0.141,-0.027,1.027,0.164,-0.516,-0.180,0.068,0.044,1.067,1.339,2,NULL,NULL,,3,0,2,7,255,1003,250,0,0
stim,26915,57036,0,57036,3254364.453,0.871,-0.052,-0.053,0.486,1400,281,2515,2171,2829,2577,2212,2900,58,1.306,1,2088,0,56.131,0.534,-30.375,-30.750,-35.813,-0.148,-0.047,1.051,-0.352,-0.402,0.352,0.070,0.044,1.067,1.339,2,NULL,NULL,,3,0,2,7,255,1003,250,0,0
stim,26915,57036,0,57036,3254369.455,0.870,-0.050,-0.052,0.487,1241,261,2567,2073,2879,2579,2281,2923,58,1.306,1,2088,0,58.978,0.534,-32.375,-32.000,-37.500,-0.105,-0.023,1.043,-0.352,-0.402,0.469,0.072,0.044,1.067,1.339,2,NULL,NULL,,3,0,2,7,255,1003,250,0,0
stim,26946,57067,0,57067,3254374.454,0.870,-0.048,-0.052,0.488,1071,236,2599,1904,2902,2580,2357,2931,58,1.306,1,2088,0,56.820,0.569,-31.625,-32.813,-33.938,-0.070,0.012,1.031,-0.125,-0.555,0.469,0.076,0.044,1.067,1.339,2,NULL,NULL,,3,0,2,7,255,1003,250,0,0
stim,26946,57067,0,57067,3254379.455,0.869,-0.046,-0.051,0.489,924,187,2636,1727,2920,2579,2426,2941,58,1.306,1,2088,0,52.827,0.648,-29.938,-34.188,-26.938,-0.074,0.012,1.023,0.336,-0.555,0.285,0.078,0.046,1.067,1.339,2,NULL,NULL,,3,0,2,7,255,1003,250,0,0
stim,26946,57067,0,57067,3254384.453,0.869,-0.044,-0.050,0.490,659,155,2665,1483,2933,2569,2471,2939,58,1.306,1,2088,0,50.889,0.625,-28.063,-35.188,-23.750,-0.094,-0.004,1.023,0.336,-0.527,0.266,0.080,0.046,1.067,1.339,2,NULL,NULL,,3,0,2,7,255,1003,250,0,0
stim,26946,57067,0,57067,3254389.455,0.869,-0.043,-0.049,0.491,467,91,2699,1294,2955,2568,2523,2951,58,1.306,1,2088,0,48.599,0.445,-23.250,-37.188,-20.938,-0.125,-0.023,1.027,0.117,-0.430,0.266,0.082,0.046,1.067,1.339,2,NULL,NULL,,3,0,2,7,255,1003,250,0,0
stim,26946,57067,0,57067,3254394.454,0.868,-0.041,-0.048,0.492,291,72,2731,1065,2964,2565,2579,2960,58,1.306,1,2088,0,52.209,0.334,-23.813,-38.250,-26.375,-0.121,-0.035,1.027,-0.191,-0.273,0.340,0.084,0.048,1.067,1.339,2,NULL,NULL,,3,0,2,7,255,1003,250,0,0
stim,26946,57067,0,57067,3254399.455,0.868,-0.039,-0.047,0.493,143,25,2761,822,2980,2552,2627,2969,58,1.306,1,2088,0,52.244,0.334,-18.063,-40.875,-27.063,-0.090,-0.016,1.035,-0.191,-0.273,0.348,0.086,0.048,1.067,1.339,2,NULL,NULL,,3,0,2,7,255,1003,250,0,0
stim,26979,57100,0,57100,3254404.453,0.868,-0.037,-0.046,0.494,45,0,2781,587,2991,2535,2651,2971,58,1.306,1,2088,0,54.536,0.409,-18.438,-42.000,-29.500,-0.047,0.023,1.039,0.051,-0.406,0.363,0.088,0.048,1.067,1.339,2,NULL,NULL,,3,0,2,7,255,1003,250,0,0
stim,26979,57100,0,57100,3254409.455,0.867,-0.036,-0.044,0.495,17,0,2800,392,2999,2520,2679,2995,58,1.306,1,2088,0,52.568,0.723,-13.125,-44.688,-24.375,-0.020,0.090,1.055,0.598,-0.406,0.367,0.090,0.048,1.067,1.339,2,NULL,NULL,,3,0,2,7,255,1003,250,0,0
stim,26979,57100,0,57100,3254414.454,0.867,-0.034,-0.043,0.496,0,0,2824,229,3019,2495,2707,2989,58,1.306,1,2088,0,55.834,1.352,-15.625,-47.250,-25.313,-0.004,0.137,1.051,1.293,-0.395,0.406,0.092,0.050,1.067,1.339,2,NULL,NULL,,3,0,2,7,255,1003,250,0,0
stim,26979,57100,0,57100,3254419.455,0.867,-0.033,-0.041,0.496,0,0,2835,145,3023,2472,2733,2995,58,1.306,1,2088,0,53.716,1.318,1.375,-51.375,-15.625,-0.168,0.008,1.137,1.293,-0.258,0.461,0.090,0.056,1.067,1.339,2,NULL,NULL,,3,0,2,7,255,1003,250,0,0
stim,27012,57133,0,57133,3254424.454,0.867,-0.033,-0.038,0.496,0,0,2853,87,3033,2446,2761,2995,58,1.306,1,2088,0,64.659,0.491,20.500,-61.313,-1.125,-0.344,-0.117,1.320,-0.133,0.473,1.434,0.084,0.064,1.067,1.339,2,NULL,NULL,,3,0,2,7,255,1003,250,0,0
stim,27012,57133,0,57133,3254429.455,0.866,-0.032,-0.035,0.497,0,0,2855,31,3048,2423,2803,3013,58,1.306,1,2088,0,74.612,2.334,22.500,-69.000,-17.313,-0.484,-0.223,1.477,-1.988,1.223,3.422,0.078,0.072,1.067,1.339,3,NULL,NULL,,3,0,2,7,255,1003,250,0,0
stim,27012,57133,0,57133,3254434.454,0.866,-0.032,-0.032,0.498,0,0,2867,6,3059,2394,2825,3017,58,1.306,1,2088,0,92.276,2.698,37.625,-80.125,-26.063,-0.441,-0.035,1.652,-1.988,1.824,5.078,0.074,0.080,1.067,1.339,3,NULL,NULL,,3,0,2,7,255,1003,250,0,0
stim,27012,57133,0,57133,3254439.455,0.866,-0.031,-0.027,0.499,0,0,2875,0,3061,2343,2846,3011,58,1.306,1,2088,0,96.829,2.917,28.938,-91.563,-12.438,-0.266,0.359,1.820,-1.758,2.328,6.711,0.068,0.086,1.067,1.339,3,NULL,NULL,,3,0,2,7,255,1003,250,0,0
stim,27012,57133,0,57133,3254444.453,0.866,-0.027,-0.025,0.499,0,0,2878,0,3064,2281,2867,3015,58,1.306,1,2088,0,104.807,3.371,-46.563,-93.375,-9.875,-0.047,0.461,1.598,2.438,2.328,6.711,0.066,0.092,1.067,1.339,3,NULL,NULL,,3,0,2,7,255,1003,250,0,0
stim,27012,57133,0,57133,3254449.455,0.866,-0.023,-0.023,0.498,0,0,2891,0,3087,2219,2891,3005,58,1.306,1,2088,0,119.854,2.971,-68.125,-97.750,13.000,-0.070,0.250,1.215,2.438,1.699,5.801,0.064,0.102,1.067,1.339,3,NULL,NULL,,3,0,2,7,255,1003,250,0,0
stim,27034,57155,0,57155,3254454.454,0.867,-0.019,-0.019,0.497,0,0,2889,0,3089,2148,2909,3013,58,1.306,1,2088,0,120.327,2.782,-37.500,-107.063,40.125,-0.227,0.070,1.125,2.203,1.699,2.074,0.060,0.112,1.067,1.339,3,NULL,NULL,,3,0,2,7,255,1003,250,0,0
stim,27034,57155,0,57155,3254459.455,0.868,-0.016,-0.015,0.496,0,0,2887,0,3096,2032,2915,3013,58,1.306,1,2088,0,121.237,1.770,-14.125,-115.250,34.875,-0.367,-0.117,1.160,-0.168,1.762,1.711,0.054,0.124,1.067,1.339,3,NULL,NULL,,3,0,2,7,255,1003,250,0,0
stim,27034,57155,0,57155,3254464.453,0.869,-0.014,-0.011,0.495,0,0,2878,0,3107,1908,2923,3002,58,1.306,1,2088,0,122.276,3.023,-4.563,-121.563,12.375,-0.375,-0.254,1.227,-2.457,1.762,1.711,0.046,0.136,1.067,1.339,3,NULL,NULL,,3,0,2,7,255,1003,250,0,0
stim,27034,57155,0,57155,3254469.455,0.869,-0.010,-0.006,0.495,0,0,2867,0,3097,1763,2939,3000,58,1.306,1,2088,0,129.587,3.713,-4.813,-129.438,3.938,-0.273,-0.266,1.277,-3.352,1.598,2.359,0.036,0.148,1.067,1.339,3,NULL,NULL,,3,0,2,7,255,1003,250,0,0
stim,27034,57155,0,57155,3254474.454,0.869,-0.007,-0.002,0.494,0,0,2847,0,3111,1595,2951,2999,58,1.306,1,2088,0,135.745,3.449,-6.375,-135.313,8.750,-0.195,-0.195,1.246,-3.352,0.813,2.445,0.028,0.162,1.067,1.339,3,NULL,NULL,,3,0,2,7,255,1003,250,0,0
stim,27034,57155,0,57155,3254479.455,0.870,-0.004,0.003,0.494,0,0,2840,0,3111,1371,2966,2989,58,1.306,1,2088,0,142.919,2.506,-5.750,-141.750,17.313,-0.148,-0.145,1.176,-2.426,0.629,2.445,0.022,0.174,1.067,1.339,3,NULL,NULL,,3,0,2,7,255,1003,250,0,0
stim,27034,57155,0,57155,3254484.453,0.870,-0.001,0.009,0.492,0,0,2811,0,3117,1139,2973,2976,58,1.306,1,2088,0,149.523,1.948,-4.688,-147.375,24.813,-0.152,-0.074,1.172,-1.844,0.629,1.750,0.022,0.188,1.067,1.339,3,NULL,NULL,,3,0,2,7,255,1003,250,0,0
stim,27034,57155,0,57155,3254489.455,0.871,0.003,0.014,0.491,0,0,2795,0,3111,893,2985,2971,58,1.306,1,2088,0,156.445,1.880,-0.625,-153.625,29.563,-0.199,-0.055,1.156,-1.512,1.117,1.664,0.026,0.202,1.067,1.339,3,NULL,NULL,,3,0,2,7,255,1003,250,0,0
stim,27064,57185,0,57185,3254494.454,0.871,0.006,0.020,0.490,0,0,2743,0,3117,627,2985,2959,58,1.306,1,2088,0,164.294,2.289,8.813,-162.375,23.438,-0.246,-0.051,1.152,-1.512,1.719,1.465,0.036,0.218,1.067,1.339,3,NULL,NULL,,3,0,2,7,255,1003,250,0,0
stim,27064,57185,0,57185,3254499.455,0.872,0.008,0.027,0.489,0,0,2709,0,3129,468,3003,2955,58,1.306,1,2088,0,172.435,2.823,19.625,-170.500,16.688,-0.223,-0.043,1.203,-1.715,2.242,1.465,0.048,0.234,1.067,1.339,3,NULL,NULL,,3,0,2,7,255,1003,250,0,0
stim,27064,57185,0,57185,3254504.453,0.872,0.011,0.034,0.488,0,0,2663,0,3125,295,2995,2932,58,1.306,1,2088,0,182.721,2.823,27.313,-180.125,14.000,-0.172,-0.008,1.281,-1.715,2.242,1.852,0.060,0.250,1.067,1.339,3,NULL,NULL,,3,0,2,7,255,1003,250,0,0
stim,27064,57185,0,57185,3254509.455,0.872,0.014,0.042,0.487,0,0,2603,0,3117,139,3016,2907,58,1.306,1,2088,0,191.295,2.612,30.125,-188.125,17.188,-0.117,0.105,1.355,-1.313,2.258,2.617,0.076,0.270,1.067,1.339,3,NULL,NULL,,3,0,2,7,255,1003,250,0,0
stim,27064,57185,0,57185,3254514.454,0.872,0.017,0.050,0.486,0,0,2542,0,3118,79,3012,2875,58,1.306,1,2088,0,199.280,2.546,26.313,-196.375,21.375,-0.129,0.246,1.445,-0.238,2.535,3.297,0.094,0.290,1.067,1.339,3,NULL,NULL,,3,0,2,7,255,1003,250,0,0
stim,27064,57185,0,57185,3254519.455,0.872,0.020,0.058,0.485,0,0,2463,0,3117,24,3015,2847,58,1.306,1,2088,0,207.428,3.640,24.688,-204.938,20.438,-0.188,0.363,1.594,0.691,3.574,4.113,0.118,0.316,1.067,1.339,3,NULL,NULL,,3,0,2,7,255,1003,250,0,0
stim,27117,57238,0,57238,3254524.454,0.872,0.024,0.066,0.484,0,0,2355,0,3112,0,3017,2801,58,1.306,1,2088,0,217.335,5.082,12.000,-216.250,18.063,-0.305,0.344,1.789,0.691,5.035,5.449,0.146,0.346,1.067,1.339,3,NULL,NULL,,3,0,2,7,255,1003,250,0,0
stim,27117,57238,0,57238,3254529.455,0.872,0.029,0.075,0.483,0,0,2199,0,3112,4,3006,2743,58,1.306,1,2088,0,230.016,6.371,-2.063,-229.750,10.875,-0.406,0.227,2.074,0.059,6.371,7.117,0.182,0.386,1.067,1.339,3,NULL,NULL,,3,0,2,7,255,1003,250,0,0
stim,27117,57238,0,57238,3254534.454,0.872,0.035,0.084,0.482,0,0,2065,0,3095,8,2988,2685,58,1.306,1,2088,0,249.233,7.505,-19.625,-248.250,10.188,-0.492,0.258,2.285,-1.820,7.281,9.609,0.226,0.432,1.067,1.339,3,NULL,NULL,,3,0,2,7,255,1003,250,0,0
stim,27117,57238,0,57238,3254539.455,0.871,0.042,0.094,0.480,0,0,1871,0,3083,45,2980,2621,58,1.306,1,2088,0,274.742,9.041,-31.813,-272.313,17.813,-0.520,0.430,2.449,-1.820,8.855,11.332,0.280,0.486,1.067,1.339,3,NULL,NULL,,3,0,2,7,255,1003,250,0,0
stim,27117,57238,0,57238,3254544.453,0.871,0.051,0.104,0.478,0,0,1701,0,3053,59,2973,2536,58,1.306,1,2088,0,305.443,10.823,-54.813,-298.875,31.063,-0.508,0.762,2.547,-1.469,10.723,12.590,0.342,0.550,1.067,1.339,3,NULL,NULL,,3,0,2,7,255,1003,250,0,0
stim,27117,57238,0,57238,3254549.455,0.870,0.061,0.114,0.476,0,0,1565,0,3034,60,2941,2437,58,1.306,1,2088,0,334.818,13.127,-88.750,-321.125,33.250,-0.582,0.895,2.574,0.988,13.090,12.887,0.412,0.622,1.067,1.339,3,NULL,NULL,,3,0,2,7,255,1003,250,0,0
stim,27117,57238,0,57238,3254554.454,0.868,0.073,0.124,0.474,0,0,1477,0,3001,62,2909,2303,58,1.306,1,2088,0,365.119,15.114,-118.375,-343.750,33.688,-0.699,0.855,2.637,0.988,15.082,12.887,0.492,0.702,1.067,1.339,3,NULL,NULL,,3,0,2,7,255,1003,250,0,0
stim,27117,57238,0,57238,3254559.455,0.867,0.086,0.135,0.473,0,0,1389,0,2975,73,2873,2183,58,1.306,1,2088,0,393.097,16.648,-142.813,-365.438,24.188,-0.770,0.918,2.719,0.340,16.645,12.684,0.576,0.788,1.067,1.339,3,NULL,NULL,,3,0,2,7,255,1003,250,0,0
stim,27117,57238,0,57238,3254564.453,0.864,0.100,0.146,0.472,0,0,1299,0,2937,73,2811,2059,58,1.306,1,2088,0,419.888,18.503,-164.375,-386.375,-0.938,-0.695,0.961,2.688,0.340,18.500,12.625,0.666,0.878,1.067,1.339,3,NULL,NULL,,3,0,2,7,255,1003,250,0,0
stim,27117,57238,0,57238,3254569.455,0.860,0.115,0.158,0.471,0,0,1187,0,2877,63,2733,1942,58,1.306,1,2088,0,435.766,18.502,-158.688,-405.688,-11.313,-0.691,0.707,2.699,0.262,18.500,11.879,0.760,0.974,1.067,1.339,3,NULL,NULL,,3,0,2,7,255,1003,250,0,0
stim,27144,57265,0,57265,3254574.454,0.857,0.129,0.171,0.468,0,0,1103,0,2809,56,2606,1819,58,1.306,1,2088,0,463.393,18.886,-155.750,-436.188,14.688,-0.910,0.633,2.742,-1.266,18.844,11.480,0.864,1.080,1.067,1.339,3,NULL,NULL,,3,0,2,7,255,1003,250,0,0
stim,27144,57265,0,57265,3254579.455,0.853,0.145,0.185,0.466,0,0,957,0,2727,39,2428,1693,58,1.306,1,2088,0,484.384,20.847,-165.250,-455.250,8.250,-1.074,0.730,2.773,-3.191,20.602,10.273,0.974,1.192,1.067,1.339,3,NULL,NULL,,3,0,2,7,255,1003,250,0,0
stim,27144,57265,0,57265,3254584.453,0.848,0.160,0.199,0.465,0,0,825,0,2607,0,2232,1543,58,1.306,1,2088,0,492.510,23.504,-157.625,-465.688,-29.250,-1.031,0.508,2.918,-3.367,23.262,9.496,1.088,1.310,1.067,1.339,3,NULL,NULL,,3,0,2,7,255,1003,250,0,0
stim,27144,57265,0,57265,3254589.455,0.841,0.175,0.214,0.464,0,0,711,0,2445,0,1947,1362,58,1.306,1,2088,0,504.763,23.874,-159.875,-475.438,-56.438,-0.742,0.109,2.977,-5.371,23.262,9.496,1.198,1.426,1.067,1.339,3,NULL,NULL,,3,0,2,7,255,1003,250,0,0
stim,27162,57283,0,57283,3254594.454,0.835,0.191,0.228,0.463,0,0,482,0,2247,0,1643,1158,58,1.306,1,2088,0,518.826,21.806,-168.125,-488.938,-43.063,-0.570,-0.273,2.836,-7.582,20.445,10.211,1.298,1.530,1.067,1.339,3,NULL,NULL,,3,0,2,7,255,1003,250,0,0
stim,27162,57283,0,57283,3254599.455,0.828,0.208,0.243,0.460,0,0,277,0,1971,0,1211,991,58,1.306,1,2088,0,541.713,20.283,-184.000,-509.500,2.500,-0.492,-0.469,2.348,-9.934,17.684,10.211,1.388,1.622,1.067,1.339,3,NULL,NULL,,3,0,2,7,255,1003,250,0,0
stim,27162,57283,0,57283,3254604.453,0.822,0.225,0.258,0.456,0,0,170,0,1657,0,677,830,58,1.306,1,2088,0,547.624,17.489,-162.625,-522.750,13.313,-0.418,-0.520,1.816,-9.934,14.395,6.223,1.470,1.708,1.067,1.339,3,NULL,NULL,,3,0,2,7,255,1003,250,0,0
stim,27162,57283,0,57283,3254609.455,0.815,0.239,0.275,0.450,0,0,99,0,1277,0,248,647,58,1.306,1,2088,0,537.047,14.863,-96.313,-528.125,15.063,-0.426,-0.316,1.539,-9.785,11.188,1.965,1.552,1.794,1.067,1.339,3,NULL,NULL,,3,0,2,7,255,1003,250,0,0
stim,27184,57305,0,57305,3254614.454,0.809,0.252,0.292,0.443,0,0,41,0,802,0,0,496,58,1.306,1,2088,0,529.002,13.605,-42.188,-526.438,30.438,-0.355,0.148,1.633,-7.742,11.188,-1.043,1.640,1.884,1.067,1.339,3,NULL,NULL,,3,0,2,7,255,1003,250,0,0
stim,27184,57305,0,57305,3254619.455,0.804,0.263,0.310,0.435,0,0,24,0,253,0,0,381,58,1.306,1,2088,0,528.754,14.447,-1.188,-524.625,65.938,-0.641,0.277,1.988,-5.164,13.492,-1.313,1.734,1.984,1.067,1.339,3,NULL,NULL,,3,0,2,7,255,1003,250,0,0
stim,27218,57339,0,57339,3254624.454,0.800,0.275,0.326,0.422,0,0,10,0,0,0,0,331,58,1.306,1,2088,0,573.382,19.030,5.063,-547.188,171.250,-1.219,0.145,2.148,-5.164,18.316,-1.863,1.836,2.086,1.067,1.339,3,NULL,NULL,,3,0,2,7,255,1003,250,0,0
stim,27218,57339,0,57339,3254629.455,0.795,0.290,0.342,0.408,0,0,0,0,0,0,0,211,58,1.306,1,2088,0,591.377,23.267,-42.188,-554.500,201.188,-1.441,0.473,2.023,-7.840,21.906,-5.789,1.934,2.188,1.067,1.339,4,NULL,NULL,,3,0,2,7,255,1003,250,0,0
stim,27218,57339,0,57339,3254634.454,0.788,0.306,0.355,0.399,0,0,0,0,0,0,0,133,58,1.306,1,2088,0,542.379,23.267,-153.313,-506.875,117.250,-1.008,1.152,1.563,-7.840,21.906,-10.000,2.020,2.274,1.067,1.339,0,NULL,NULL,,3,0,2,7,255,1003,250,0,0
stim,27218,57339,0,57339,3254639.455,0.779,0.325,0.363,0.395,0,0,0,0,0,0,0,105,58,1.306,1,2088,0,520.248,21.313,-298.313,-420.438,70.000,-0.703,1.711,0.934,0.914,21.293,-11.707,2.082,2.340,1.067,1.339,0,NULL,NULL,,3,0,2,7,255,1003,250,0,0
stim,27218,57339,0,57339,3254644.453,0.770,0.347,0.363,0.394,0,0,0,0,0,0,0,89,58,1.306,1,2088,0,546.571,19.627,-448.063,-291.813,113.250,-0.539,2.199,-0.230,8.824,17.531,-14.668,2.126,2.386,1.067,1.339,0,NULL,NULL,,3,0,2,7,255,1003,250,0,0
stim,27218,57339,0,57339,3254649.455,0.764,0.362,0.363,0.393,0,0,0,0,0,0,0,72,58,1.306,1,2088,0,373.324,16.292,-307.188,-192.750,88.625,-0.566,1.648,-0.813,13.539,9.063,-21.000,2.168,2.430,1.067,1.339,0,NULL,NULL,,3,0,2,7,255,1003,250,0,0
stim,27218,57339,0,57339,3254654.454,0.763,0.363,0.366,0.389,0,0,0,0,0,0,0,59,58,1.306,1,2088,0,114.849,14.579,24.313,-101.875,47.125,-0.895,-0.059,0.336,13.539,5.406,-21.000,2.226,2.490,1.067,1.339,0,NULL,NULL,,3,0,2,7,255,1003,250,0,0
stim,27218,57339,0,57339,3254659.455,0.764,0.361,0.368,0.387,0,0,0,0,0,0,0,61,58,1.306,1,2088,0,86.349,7.476,82.000,-26.188,6.813,-1.277,-1.008,2.043,-5.164,5.406,-15.508,2.298,2.564,1.067,1.339,0,NULL,NULL,,3,0,2,7,255,1003,250,0,0
stim,27218,57339,0,57339,3254664.453,0.763,0.363,0.364,0.391,0,0,0,0,0,0,0,85,58,1.306,1,2088,0,134.131,23.737,-112.313,64.938,-34.063,-1.352,-0.648,2.207,-16.582,16.984,-9.137,2.368,2.638,1.067,1.339,0,NULL,NULL,,3,0,2,7,255,1003,250,0,0
stim,27218,57339,0,57339,3254669.455,0.760,0.369,0.356,0.399,0,0,0,0,0,0,0,79,58,1.306,1,2088,0,306.834,23.737,-267.750,142.500,-46.375,-1.082,0.488,0.938,-16.582,16.984,-9.137,2.430,2.704,1.067,1.339,0,NULL,NULL,,3,0,2,7,255,1003,250,0,0
stim,27244,57365,0,57365,3254674.454,0.759,0.373,0.346,0.407,0,0,0,0,0,0,0,51,58,1.306,1,2088,0,301.489,13.537,-227.813,195.500,-27.875,-0.910,1.355,-0.039,-2.453,13.313,-15.781,2.492,2.766,1.067,1.339,0,NULL,NULL,,3,0,2,7,255,1003,250,0,0
stim,27244,57365,0,57365,3254679.455,0.760,0.371,0.337,0.413,0,0,0,0,0,0,0,39,58,1.306,1,2088,0,238.693,11.725,-87.688,221.625,-12.938,-0.988,1.461,-0.004,7.883,8.680,-21.363,2.552,2.830,1.067,1.339,0,NULL,NULL,,3,0,2,7,255,1003,250,0,0
stim,27244,57365,0,57365,3254684.453,0.763,0.367,0.330,0.418,0,0,0,0,0,0,0,30,58,1.306,1,2088,0,241.528,11.725,-19.625,239.375,-25.500,-1.070,0.879,0.703,7.883,8.680,-21.363,2.610,2.890,1.067,1.339,0,NULL,NULL,,3,0,2,7,255,1003,250,0,0
stim,27244,57365,0,57365,3254689.455,0.764,0.364,0.321,0.424,0,0,0,0,0,0,0,43,58,1.306,1,2088,0,267.264,13.128,-70.563,254.688,-39.813,-0.949,0.348,1.016,1.832,13.000,-17.402,2.658,2.940,1.067,1.339,0,NULL,NULL,,3,0,2,7,255,1003,250,0,0
stim,27244,57365,0,57365,3254694.453,0.765,0.364,0.310,0.432,0,0,0,0,0,0,0,48,58,1.306,1,2088,0,302.513,13.102,-145.000,263.875,-29.313,-0.723,0.273,0.652,-1.629,13.000,-13.078,2.692,2.978,1.067,1.339,0,NULL,NULL,,3,0,2,7,255,1003,250,0,0
stim,27244,57365,0,57365,3254699.455,0.766,0.364,0.298,0.439,0,0,0,0,0,0,0,62,58,1.306,1,2088,0,309.693,9.412,-158.563,266.000,-3.375,-0.586,0.438,0.047,-1.629,9.270,-13.078,2.714,3.002,1.067,1.339,0,NULL,NULL,,3,0,2,7,255,1003,250,0,0
stim,27278,57399,0,57399,3254704.453,0.768,0.362,0.287,0.444,0,0,0,0,0,0,0,63,58,1.306,1,2088,0,287.785,4.494,-112.563,264.375,16.000,-0.559,0.500,-0.273,1.180,4.336,-15.340,2.728,3.018,1.067,1.339,0,NULL,NULL,,3,0,2,7,255,1003,250,0,0
stim,27278,57399,0,57399,3254709.455,0.770,0.359,0.277,0.448,0,0,0,0,0,0,0,59,58,1.306,1,2088,0,269.249,2.407,-52.063,263.250,22.000,-0.543,0.426,-0.305,1.500,1.883,-16.895,2.736,3.028,1.067,1.339,0,NULL,NULL,,3,0,2,7,255,1003,250,0,0
stim,27278,57399,0,57399,3254714.453,0.774,0.355,0.267,0.452,0,0,0,0,0,0,0,61,58,1.306,1,2088,0,265.765,2.407,-14.688,264.125,25.563,-0.465,0.375,-0.156,1.500,1.883,-16.895,2.744,3.038,1.067,1.339,0,NULL,NULL,,3,0,2,7,255,1003,250,0,0
stim,27278,57399,1,57399,3254719.455,0.777,0.350,0.258,0.455,0,0,0,0,0,0,0,57,58,1.306,1,2088,0,269.734,2.656,1.688,267.188,36.938,-0.367,0.363,-0.074,1.500,2.191,-15.293,2.754,3.050,1.067,1.339,0,NULL,NULL,,3,1,2,7,255,1003,250,0,0
stim,27313,57434,1,57434,3254724.454,0.781,0.344,0.248,0.457,0,0,0,0,0,0,0,41,58,1.306,1,2088,0,276.507,2.816,20.250,270.313,54.563,-0.336,0.359,-0.051,1.500,2.383,-14.020,2.766,3.064,1.067,1.339,0,NULL,NULL,,3,1,2,7,255,1003,250,0,0
stim,27313,57434,1,57434,3254729.455,0.786,0.338,0.239,0.459,0,0,0,0,0,0,0,31,58,1.306,1,2088,0,285.213,2.892,46.375,273.063,68.063,-0.371,0.336,0.031,1.500,2.473,-13.598,2.782,3.084,1.067,1.339,0,NULL,NULL,,3,1,2,7,255,1003,250,0,0
stim,27313,57434,1,57434,3254734.453,0.791,0.330,0.230,0.460,0,0,0,0,0,0,0,30,58,1.306,1,2088,0,294.606,3.471,68.563,277.500,71.313,-0.410,0.309,0.195,1.121,3.285,-13.219,2.804,3.108,1.067,1.339,0,NULL,NULL,,3,1,2,7,255,1003,250,0,0
stim,27313,57434,1,57434,3254739.455,0.797,0.322,0.221,0.461,0,0,0,0,0,0,0,30,58,1.306,1,2088,0,303.500,4.718,79.563,284.688,68.813,-0.402,0.305,0.359,0.633,4.676,-12.227,2.832,3.138,1.067,1.339,0,NULL,NULL,,3,1,2,7,255,1003,250,0,0
stim,27313,57434,1,57434,3254744.453,0.802,0.314,0.211,0.463,0,0,0,0,0,0,0,31,58,1.306,1,2088,0,313.773,5.913,84.688,294.563,67.188,-0.379,0.324,0.496,0.633,5.879,-10.934,2.866,3.176,1.067,1.339,0,NULL,NULL,,3,1,2,7,255,1003,250,0,0
stim,27313,57434,1,57434,3254749.455,0.807,0.305,0.201,0.464,0,0,0,0,0,0,0,27,58,1.306,1,2088,0,325.958,6.802,88.000,306.688,66.688,-0.383,0.336,0.613,0.809,6.754,-9.770,2.904,3.216,1.067,1.339,0,NULL,NULL,,3,1,2,7,255,1003,250,0,0
stim,27335,57456,1,57456,3254754.453,0.812,0.296,0.191,0.466,0,0,0,0,0,0,0,31,58,1.306,1,2088,0,338.438,7.668,89.813,320.250,62.563,-0.422,0.328,0.723,0.809,7.625,-8.848,2.948,3.262,1.067,1.339,0,NULL,NULL,,3,1,2,7,255,1003,250,0,0
stim,27335,57456,1,57456,3254759.455,0.817,0.286,0.180,0.468,0,0,0,0,0,0,0,26,58,1.306,1,2088,0,350.316,8.574,88.750,334.688,53.188,-0.434,0.344,0.828,0.730,8.543,-8.012,2.992,3.308,1.067,1.339,0,NULL,NULL,,3,1,2,7,255,1003,250,0,0
stim,27335,57456,1,57456,3254764.454,0.821,0.276,0.169,0.470,0,0,0,0,0,0,0,27,58,1.306,1,2088,0,361.027,9.326,85.250,348.188,42.875,-0.418,0.352,0.918,0.730,9.297,-7.121,3.036,3.356,1.067,1.339,0,NULL,NULL,,3,1,2,7,255,1003,250,0,0
stim,27335,57456,1,57456,3254769.455,0.825,0.266,0.158,0.473,0,0,0,0,0,0,0,20,58,1.306,1,2088,0,370.415,9.718,82.250,359.438,35.313,-0.387,0.316,1.016,0.867,9.680,-6.078,3.078,3.400,1.067,1.339,0,NULL,NULL,,3,1,2,7,255,1003,250,0,0
stim,27335,57456,1,57456,3254774.454,0.828,0.256,0.146,0.476,0,0,0,0,0,0,0,20,58,1.306,1,2088,0,377.825,9.722,70.875,370.313,24.438,-0.305,0.320,1.055,0.906,9.680,-4.773,3.120,3.444,1.067,1.339,0,NULL,NULL,,3,1,2,7,255,1003,250,0,0
stim,27335,57456,1,57456,3254779.455,0.832,0.246,0.133,0.480,0,0,0,0,0,0,0,19,58,1.306,1,2088,0,382.076,9.338,57.563,377.063,22.188,-0.238,0.238,0.953,1.125,9.270,-3.809,3.158,3.486,1.067,1.339,0,NULL,NULL,,3,1,2,7,255,1003,250,0,0
stim,27335,57456,1,57456,3254784.454,0.835,0.236,0.121,0.483,0,0,0,0,0,0,0,19,58,1.306,1,2088,0,385.218,7.813,62.063,379.313,25.750,-0.219,0.230,0.883,1.258,7.711,-3.809,3.196,3.524,1.067,1.339,0,NULL,NULL,,3,1,2,7,255,1003,250,0,0
stim,27335,57456,1,57456,3254789.455,0.837,0.226,0.108,0.486,0,0,0,0,0,0,0,23,58,1.306,1,2088,0,385.301,7.080,68.000,378.625,21.813,-0.254,0.238,0.828,1.184,6.980,-4.039,3.228,3.560,1.067,1.339,0,NULL,NULL,,3,1,2,7,255,1003,250,0,0
stim,27364,57485,1,57485,3254794.453,0.840,0.214,0.096,0.489,0,0,0,0,0,0,0,21,58,1.306,1,2088,0,384.904,6.955,84.438,375.063,18.688,-0.191,0.246,0.875,1.258,6.840,-4.039,3.260,3.594,1.067,1.339,0,NULL,NULL,,3,1,2,7,255,1003,250,0,0
stim,27364,57485,1,57485,3254799.455,0.842,0.203,0.084,0.492,0,0,0,0,0,0,0,19,58,1.306,1,2088,0,382.121,6.521,92.813,370.250,17.813,-0.195,0.176,0.902,1.195,6.410,-3.648,3.290,3.626,1.067,1.339,0,NULL,NULL,,3,1,2,7,255,1003,250,0,0
stim,27364,57485,1,57485,3254804.454,0.845,0.192,0.073,0.494,0,0,0,0,0,0,0,16,58,1.306,1,2088,0,379.084,6.303,102.000,364.625,18.688,-0.121,0.215,0.965,1.695,6.070,-3.051,3.318,3.658,1.067,1.339,0,NULL,NULL,,3,1,2,7,255,1003,250,0,0
stim,27364,57485,1,57485,3254809.455,0.847,0.180,0.062,0.496,0,0,0,0,0,0,0,14,58,1.306,1,2088,0,375.819,5.919,109.000,358.688,26.500,-0.098,0.172,0.934,1.793,5.641,-2.195,3.348,3.690,1.067,1.339,0,NULL,NULL,,3,1,2,7,255,1003,250,0,0
stim,27364,57485,1,57485,3254814.453,0.849,0.168,0.052,0.498,0,0,0,0,0,0,0,20,58,1.306,1,2088,0,375.611,5.533,126.000,352.625,29.375,-0.145,0.172,0.992,1.793,5.234,-2.102,3.378,3.722,1.067,1.339,0,NULL,NULL,,3,1,2,7,255,1003,250,0,0
stim,27364,57485,1,57485,3254819.455,0.851,0.155,0.042,0.499,0,0,0,0,0,0,0,19,58,1.306,1,2088,0,375.572,5.533,141.813,346.500,29.688,-0.156,0.223,1.148,1.793,5.234,-1.551,3.408,3.754,1.067,1.339,0,NULL,NULL,,3,1,2,7,255,1003,250,0,0
stim,27417,57538,1,57538,3254824.454,0.853,0.142,0.032,0.501,0,0,0,0,0,0,0,13,58,1.306,1,2088,0,372.689,5.978,143.063,343.125,26.375,-0.145,0.219,1.211,2.297,5.520,-0.121,3.436,3.784,1.067,1.339,0,NULL,NULL,,3,1,2,7,255,1003,250,0,0
stim,27417,57538,1,57538,3254829.455,0.855,0.129,0.022,0.502,0,0,0,0,0,0,0,12,58,1.306,1,2088,0,370.265,6.012,147.688,338.500,26.500,-0.141,0.203,1.246,2.383,5.520,0.699,3.466,3.816,1.067,1.339,0,NULL,NULL,,3,1,2,7,255,1003,250,0,0
stim,27417,57538,1,57538,3254834.453,0.856,0.116,0.013,0.503,0,0,0,0,0,0,0,20,58,1.306,1,2088,0,370.391,5.696,159.750,332.688,31.438,-0.168,0.207,1.301,2.387,5.172,1.211,3.494,3.846,1.067,1.339,0,NULL,NULL,,3,1,2,7,255,1003,250,0,0
stim,27417,57538,1,57538,3254839.455,0.858,0.102,0.005,0.504,0,0,0,0,0,0,0,24,58,1.306,1,2088,0,372.170,5.696,174.563,327.000,33.313,-0.234,0.246,1.438,2.387,5.172,1.855,3.522,3.876,1.067,1.339,0,NULL,NULL,,3,1,2,7,255,1003,250,0,0
stim,27417,57538,1,57538,3254844.454,0.859,0.088,-0.003,0.504,0,0,0,0,0,0,0,28,58,1.306,1,2088,0,371.879,6.330,183.250,322.375,28.063,-0.277,0.277,1.590,2.570,5.785,3.152,3.550,3.906,1.067,1.339,0,NULL,NULL,,3,1,2,7,255,1003,250,0,0
stim,27417,57538,1,57538,3254849.455,0.860,0.074,-0.011,0.505,0,0,0,0,0,0,0,27,58,1.306,1,2088,0,367.820,6.438,184.813,317.313,21.188,-0.270,0.289,1.723,2.824,5.785,4.723,3.574,3.934,1.067,1.339,0,NULL,NULL,,3,1,2,7,255,1003,250,0,0
stim,27417,57538,1,57538,3254854.453,0.860,0.060,-0.019,0.506,0,0,0,0,0,0,0,29,58,1.306,1,2088,0,362.760,6.553,184.875,311.625,17.500,-0.258,0.266,1.813,3.078,5.785,6.172,3.598,3.960,1.067,1.339,0,NULL,NULL,,3,1,2,7,255,1003,250,0,0
stim,27417,57538,1,57538,3254859.455,0.861,0.047,-0.026,0.507,0,0,0,0,0,0,0,20,58,1.306,1,2088,0,358.985,5.982,187.313,305.875,15.000,-0.254,0.250,1.895,3.078,5.129,7.281,3.616,3.980,1.067,1.339,0,NULL,NULL,,3,1,2,7,255,1003,250,0,0
stim,27417,57538,1,57538,3254864.454,0.860,0.033,-0.033,0.507,0,0,0,0,0,0,0,11,58,1.306,1,2088,0,358.141,5.507,192.625,301.813,8.375,-0.242,0.242,1.984,3.078,4.566,8.250,3.630,3.996,1.067,1.339,0,NULL,NULL,,3,1,2,7,255,1003,250,0,0
stim,27417,57538,1,57538,3254869.455,0.860,0.018,-0.040,0.508,0,0,0,0,0,0,0,11,58,1.306,1,2088,0,359.921,4.927,198.563,300.188,-1.813,-0.191,0.184,2.078,3.059,3.863,9.254,3.638,4.006,1.067,1.339,0,NULL,NULL,,3,1,2,7,255,1003,250,0,0
stim,27440,57561,1,57561,3254874.454,0.859,0.004,-0.047,0.510,0,0,0,0,0,0,0,11,58,1.306,1,2088,0,362.824,3.864,202.750,300.750,-9.125,-0.129,0.113,2.164,2.902,2.551,10.332,3.640,4.010,1.067,1.339,0,NULL,NULL,,3,1,2,7,255,1003,250,0,0
stim,27440,57561,1,57561,3254879.455,0.858,-0.011,-0.054,0.511,0,0,0,0,0,0,0,29,58,1.306,1,2088,0,365.485,2.821,203.938,302.938,-14.750,-0.063,0.047,2.191,2.641,0.992,11.262,3.634,4.006,1.067,1.339,0,NULL,NULL,,3,1,2,7,255,1003,250,0,0
stim,27440,57561,1,57561,3254884.454,0.856,-0.025,-0.060,0.512,0,0,0,0,0,0,0,36,58,1.306,1,2088,0,370.023,2.426,209.000,304.750,-19.063,0.004,-0.043,2.156,2.359,-0.566,11.262,3.620,3.996,1.067,1.339,0,NULL,NULL,,3,1,2,7,255,1003,250,0,0
stim,27440,57561,1,57561,3254889.455,0.854,-0.040,-0.066,0.514,0,0,0,0,0,0,0,43,58,1.306,1,2088,0,379.501,2.839,225.813,304.063,-24.000,0.105,-0.160,2.145,1.781,-2.211,11.152,3.598,3.974,1.067,1.339,0,NULL,NULL,,3,1,2,7,255,1003,250,0,0
stim,27461,57582,1,57582,3254894.453,0.852,-0.056,-0.072,0.515,0,0,0,0,0,0,0,46,58,1.306,1,2088,0,393.983,4.426,250.500,302.438,-31.688,0.297,-0.246,2.199,1.121,-4.281,10.895,3.562,3.942,1.067,1.339,0,NULL,NULL,,3,1,2,7,255,1003,250,0,0
stim,27461,57582,1,57582,3254899.455,0.849,-0.073,-0.077,0.517,0,0,0,0,0,0,0,52,58,1.306,1,2088,0,410.875,7.151,277.563,300.625,-37.438,0.559,-0.281,2.324,1.121,-7.063,10.895,3.514,3.894,1.067,1.339,0,NULL,NULL,,3,1,2,7,255,1003,250,0,0
stim,27461,57582,1,57582,3254904.454,0.846,-0.091,-0.081,0.519,0,0,0,0,0,0,0,53,58,1.306,1,2088,0,428.223,10.567,302.563,300.500,-39.125,0.832,-0.270,2.500,1.855,-10.402,11.293,3.450,3.834,1.067,1.339,0,NULL,NULL,,3,1,2,7,255,1003,250,0,0
stim,27461,57582,1,57582,3254909.455,0.843,-0.109,-0.085,0.521,0,0,0,0,0,0,0,53,58,1.306,1,2088,0,441.116,14.108,320.813,300.750,-34.813,1.051,-0.363,2.703,2.836,-13.820,11.996,3.372,3.758,1.067,1.339,0,NULL,NULL,,3,1,2,7,255,1003,250,0,0
stim,27484,57605,1,57605,3254914.453,0.839,-0.128,-0.089,0.522,0,0,0,0,0,0,0,57,58,1.306,1,2088,0,445.230,17.574,329.313,298.563,-25.375,1.164,-0.449,2.922,2.836,-17.344,12.844,3.282,3.670,1.067,1.339,0,NULL,NULL,,3,1,2,7,255,1003,250,0,0
stim,27484,57605,1,57605,3254919.455,0.835,-0.146,-0.092,0.522,0,0,0,0,0,0,0,59,58,1.306,1,2088,0,438.624,20.258,324.375,294.438,-21.875,1.250,-0.457,3.086,2.250,-20.133,13.898,3.178,3.568,1.067,1.339,0,NULL,NULL,,3,1,2,7,255,1003,250,0,0
stim,27515,57636,1,57636,3254924.454,0.831,-0.164,-0.096,0.523,0,0,0,0,0,0,0,59,58,1.306,1,2088,0,424.896,22.344,308.625,290.813,-26.750,1.309,-0.426,3.172,2.250,-22.230,14.332,3.062,3.454,1.067,1.339,0,NULL,NULL,,3,1,2,7,255,1003,250,0,0
stim,27515,57636,1,57636,3254929.455,0.827,-0.181,-0.100,0.524,0,0,0,0,0,0,0,57,58,1.306,1,2088,0,411.394,23.849,291.563,287.875,-36.938,1.355,-0.379,3.277,2.258,-23.742,14.398,2.934,3.328,1.067,1.339,0,NULL,NULL,,3,1,2,7,255,1003,250,0,0
stim,27515,57636,1,57636,3254934.453,0.822,-0.197,-0.105,0.525,0,0,0,0,0,0,0,60,58,1.306,1,2088,0,397.073,25.260,272.375,283.813,-54.125,1.484,-0.270,3.488,2.453,-25.141,14.398,2.794,3.190,1.067,1.339,0,NULL,NULL,,3,1,2,7,255,1003,250,0,0
stim,27515,57636,1,57636,3254939.455,0.816,-0.211,-0.110,0.526,0,0,0,0,0,0,0,63,58,1.306,1,2088,0,371.373,27.673,232.313,278.938,-78.375,1.750,-0.191,3.672,3.516,-27.449,15.066,2.644,3.040,1.067,1.339,0,NULL,NULL,,3,1,2,7,255,1003,250,0,0
stim,27515,57636,1,57636,3254944.454,0.811,-0.223,-0.117,0.529,0,0,0,0,0,0,0,69,58,1.306,1,2088,0,332.183,31.304,164.938,271.313,-97.625,2.137,-0.234,3.637,4.926,-30.914,15.066,2.482,2.880,1.067,1.339,0,NULL,NULL,,3,1,2,7,255,1003,250,0,0
stim,27515,57636,1,57636,3254949.455,0.806,-0.231,-0.125,0.530,0,0,0,0,0,0,0,85,58,1.306,1,2088,0,293.991,35.158,88.250,261.250,-101.938,2.574,-0.363,3.309,5.895,-34.660,12.203,2.314,2.712,1.067,1.339,0,NULL,NULL,,3,1,2,7,255,1003,250,0,0
stim,27515,57636,1,57636,3254954.453,0.802,-0.237,-0.134,0.532,0,0,0,0,0,0,0,114,58,1.306,1,2088,0,268.477,38.016,30.375,249.000,-95.688,2.988,-0.453,2.797,6.426,-37.469,6.320,2.140,2.536,1.067,1.339,0,NULL,NULL,,3,1,2,7,255,1003,250,0,0
stim,27515,57636,1,57636,3254959.455,0.798,-0.242,-0.143,0.533,0,0,0,0,0,0,0,166,58,1.306,1,2088,0,251.284,39.426,-2.000,234.438,-90.438,3.430,-0.480,2.281,7.270,-38.750,-0.895,1.960,2.356,1.067,1.339,0,NULL,NULL,,3,1,2,7,255,1003,250,0,0
stim,27515,57636,1,57636,3254964.454,0.795,-0.246,-0.152,0.533,0,0,0,0,0,0,0,217,58,1.306,1,2088,0,233.417,40.696,-19.375,216.500,-85.063,3.969,-0.504,1.793,8.742,-39.746,-8.168,1.774,2.170,1.067,1.339,0,NULL,NULL,,3,1,2,7,255,1003,250,0,0
stim,27515,57636,0,57636,3254969.455,0.792,-0.249,-0.160,0.534,0,0,0,0,0,0,0,284,58,1.306,1,2088,0,208.218,42.632,-28.375,194.125,-69.750,4.539,-0.691,1.250,10.492,-41.320,-15.672,1.586,1.978,1.067,1.339,0,NULL,NULL,,3,0,2,7,255,999,250,0,0
stim,27554,57675,0,57675,3254974.454,0.791,-0.252,-0.166,0.533,0,0,0,0,0,0,0,313,58,1.306,1,2088,0,167.130,44.406,-9.000,164.938,-25.438,5.016,-1.086,0.563,10.492,-43.148,-24.090,1.396,1.784,1.067,1.339,0,NULL,NULL,,3,0,2,7,255,999,250,0,0
stim,27554,57675,0,57675,3254979.455,0.790,-0.257,-0.169,0.531,0,0,0,0,0,0,0,307,58,1.306,1,2088,0,136.190,44.790,50.813,120.875,36.813,5.070,-1.965,0.262,8.719,-43.934,-33.523,1.198,1.584,1.067,1.339,0,NULL,NULL,,3,0,2,7,255,999,250,0,0
stim,27554,57675,0,57675,3254984.453,0.790,-0.263,-0.168,0.528,0,0,0,0,0,0,0,266,58,1.306,1,2088,0,153.028,43.945,106.250,80.000,75.688,4.680,-2.566,0.270,1.020,-43.934,-37.969,0.998,1.380,1.067,1.339,0,NULL,NULL,,3,0,2,7,255,999,250,0,0
stim,27554,57675,0,57675,3254989.455,0.789,-0.273,-0.163,0.526,0,0,0,0,0,0,0,215,58,1.306,1,2088,0,263.761,44.195,239.125,37.813,104.688,4.109,-2.316,0.473,-5.109,-43.898,-37.969,0.800,1.176,1.067,1.339,0,NULL,NULL,,3,0,2,7,255,999,250,0,0
stim,27554,57675,0,57675,3254994.453,0.789,-0.285,-0.153,0.522,0,0,0,0,0,0,0,169,58,1.306,1,2088,0,375.137,44.195,333.750,-20.938,170.000,4.078,-1.867,2.207,-5.109,-43.898,-33.336,0.614,0.978,1.067,1.339,0,NULL,NULL,,3,0,2,7,255,999,250,0,0
stim,27554,57675,0,57675,3254999.455,0.791,-0.295,-0.142,0.516,0,0,0,47,0,0,0,308,58,1.306,1,2088,0,364.430,43.811,264.875,-57.688,243.563,2.852,-1.777,2.957,-5.109,-43.512,-18.965,0.450,0.790,1.067,1.339,0,NULL,NULL,,3,0,2,7,255,999,250,0,0
stim,27588,57710,0,57710,3255004.453,0.795,-0.309,-0.118,0.509,167,0,0,589,0,0,0,365,58,1.306,1,2088,0,675.243,44.543,506.625,-230.688,382.188,0.266,-1.773,6.234,-5.367,-44.219,-6.703,0.318,0.608,1.067,1.339,0,NULL,NULL,,3,0,2,7,255,999,250,0,0
stim,27588,57710,0,57710,3255009.455,0.798,-0.322,-0.091,0.501,859,0,0,1294,0,93,0,445,58,1.306,1,2088,0,706.524,44.543,499.125,-311.250,391.375,0.367,1.922,10.141,-5.367,-44.219,31.215,0.262,0.432,1.067,1.339,0,NULL,NULL,,3,0,2,7,255,999,250,0,0
stim,27588,57710,0,57710,3255014.454,0.812,-0.294,-0.101,0.495,1373,0,0,1716,0,393,0,541,58,1.306,1,2088,0,775.409,44.320,-754.250,-122.375,131.875,-0.906,2.504,5.539,2.996,-44.219,47.277,0.312,0.286,1.067,1.339,0,NULL,NULL,,3,0,2,7,255,999,250,0,0
stim,27588,57710,0,57710,3255019.455,0.831,-0.246,-0.120,0.485,1839,0,0,1941,0,589,0,572,58,1.306,1,2089,0,1275.095,19.304,-1250.500,-183.125,169.063,0.125,4.305,0.184,11.469,-15.527,47.277,0.382,0.232,1.067,1.339,1,1045.000,46.000,,3,0,2,7,255,999,250,0,0
stim,27618,57739,0,57739,3255024.454,0.845,-0.214,-0.130,0.473,2111,0,0,2077,0,877,0,605,58,1.306,1,2089,0,870.181,23.198,-829.563,-135.188,225.313,-1.188,2.875,-2.801,16.703,16.098,2.418,0.412,0.260,1.067,1.339,1,NULL,NULL,,3,0,2,7,255,999,250,0,0
stim,27618,57739,0,57739,3255029.455,0.852,-0.201,-0.129,0.467,2299,0,0,2174,0,999,0,693,58,1.306,1,2089,0,373.177,31.540,-303.875,-157.875,148.313,-2.098,-0.035,-2.668,16.703,26.754,-23.129,0.422,0.318,1.067,1.339,1,NULL,NULL,,3,0,2,7,255,999,250,0,0
stim,27618,57739,0,57739,3255034.454,0.852,-0.201,-0.121,0.467,2522,0,0,2373,0,1194,0,761,58,1.306,1,2089,0,195.394,28.591,89.125,-170.938,31.875,-1.105,-0.535,0.512,-10.082,26.754,-23.129,0.436,0.374,1.067,1.339,1,NULL,NULL,,3,0,2,7,255,999,250,0,0
stim,27618,57739,0,57739,3255039.455,0.853,-0.202,-0.114,0.468,2679,0,0,2585,0,1234,0,807,58,1.306,1,2089,0,170.242,10.593,108.438,-128.625,26.063,0.055,1.832,1.902,-10.082,3.250,-2.094,0.464,0.416,1.067,1.339,1,NULL,NULL,,3,0,2,7,255,999,250,0,0
stim,27618,57739,0,57739,3255044.453,0.858,-0.197,-0.107,0.462,2791,0,0,2717,0,1285,0,931,58,1.306,1,2089,0,262.476,8.411,-80.250,-169.313,183.813,-0.801,1.410,2.219,7.758,3.250,10.543,0.498,0.454,1.067,1.339,1,NULL,NULL,,3,0,2,7,255,999,250,0,0
stim,27618,57739,0,57739,3255049.455,0.864,-0.181,-0.107,0.457,2855,0,0,2809,0,1327,0,1061,58,1.306,1,2089,0,397.917,8.581,-337.125,-173.375,120.938,-1.797,-0.074,1.191,7.758,3.668,10.543,0.512,0.482,1.067,1.339,2,NULL,NULL,,3,0,2,7,255,999,250,0,0
stim,27618,57740,0,57740,3255054.454,0.867,-0.165,-0.106,0.458,2915,0,0,2887,0,1381,0,1183,58,1.306,1,2089,0,388.568,12.918,-335.063,-192.000,-43.063,-1.598,-0.754,-0.309,-10.012,8.164,6.938,0.496,0.498,1.067,1.339,2,NULL,NULL,,3,0,2,7,255,999,250,0,0
stim,27618,57740,0,57740,3255059.455,0.866,-0.154,-0.103,0.464,2957,0,0,2941,0,1425,0,1303,58,1.306,1,2089,0,288.012,14.145,-151.000,-203.000,-137.625,-0.602,-0.992,-0.203,-11.551,8.164,-8.520,0.456,0.502,1.067,1.339,2,NULL,NULL,,3,0,2,7,255,999,250,0,0
stim,27619,57740,0,57740,3255064.453,0.865,-0.148,-0.096,0.471,2987,0,0,2995,0,1501,0,1385,58,1.306,1,2089,0,253.135,11.551,-37.625,-202.750,-146.813,0.125,-1.102,1.000,-11.551,0.016,-8.520,0.416,0.496,1.067,1.339,2,NULL,NULL,,3,0,2,7,255,999,250,0,0
stim,27619,57740,0,57740,3255069.455,0.863,-0.141,-0.091,0.476,3015,0,0,3054,0,1596,0,1449,58,1.306,1,2089,0,235.410,12.725,-59.188,-192.750,-121.500,0.563,-0.930,1.609,-7.977,-9.914,-2.395,0.382,0.474,1.067,1.339,2,NULL,NULL,,3,0,2,7,255,999,250,0,0
stim,27641,57762,0,57762,3255074.454,0.864,-0.133,-0.087,0.479,3032,0,0,3089,0,1711,0,1495,58,1.306,1,2089,0,211.047,14.700,-112.688,-167.875,-60.500,1.160,-1.215,1.582,-4.086,-14.121,0.395,0.358,0.430,1.067,1.339,2,NULL,NULL,,3,0,2,7,255,999,250,0,0
stim,27641,57762,0,57762,3255079.455,0.866,-0.125,-0.084,0.477,3049,0,0,3123,0,1827,0,1529,58,1.306,1,2089,0,205.426,20.386,-137.063,-147.438,40.938,1.262,-1.707,1.344,-4.086,-19.973,0.395,0.348,0.366,1.067,1.339,2,NULL,NULL,,3,0,2,7,255,999,250,0,0
stim,27641,57762,0,57762,3255084.453,0.870,-0.118,-0.082,0.471,3059,0,0,3131,0,1943,0,1582,58,1.306,1,2089,0,248.427,21.164,-138.500,-132.625,157.938,0.664,-1.434,0.855,-7.000,-19.973,-2.270,0.354,0.296,1.067,1.339,2,NULL,NULL,,3,0,2,7,255,999,250,0,0
stim,27641,57762,0,57762,3255089.455,0.876,-0.112,-0.077,0.463,3067,0,0,3155,29,2043,0,1644,58,1.306,1,2089,0,267.668,16.595,-90.563,-133.750,213.438,-0.234,-0.230,0.488,-7.000,-15.047,-4.777,0.364,0.234,1.067,1.339,2,NULL,NULL,,3,0,2,7,255,999,250,0,0
stim,27663,57784,0,57784,3255094.453,0.879,-0.109,-0.072,0.458,3081,0,0,3155,231,2187,0,1792,58,1.306,1,2089,0,207.322,3.043,-30.313,-137.000,152.625,-0.895,0.445,0.809,-2.965,-0.684,-4.777,0.372,0.192,1.067,1.339,2,NULL,NULL,,3,0,2,7,255,999,250,0,0
stim,27663,57784,0,57784,3255099.455,0.881,-0.105,-0.068,0.457,3091,0,0,3181,567,2270,109,1959,58,1.306,1,2089,0,145.427,5.711,-33.063,-136.250,38.625,-0.852,0.391,1.383,-1.094,5.605,0.293,0.376,0.170,1.067,1.339,2,NULL,NULL,,3,0,2,7,255,999,250,0,0
stim,27663,57784,0,57784,3255104.453,0.880,-0.102,-0.064,0.459,3081,0,0,3181,821,2332,143,2096,58,1.306,1,2089,0,125.077,5.708,-39.688,-100.500,-63.000,-0.125,0.188,2.195,-1.078,5.605,5.527,0.380,0.158,1.067,1.339,2,NULL,NULL,,3,0,2,7,255,999,250,0,0
stim,27663,57784,0,57784,3255109.455,0.878,-0.097,-0.065,0.464,3099,0,0,3189,1108,2381,114,2183,58,1.306,1,2089,0,162.607,3.302,-86.438,-45.313,-130.063,0.633,0.145,1.660,1.730,-2.813,5.527,0.390,0.146,1.067,1.339,2,NULL,NULL,,3,0,2,7,255,999,250,0,0
stim,27663,57784,0,57784,3255114.453,0.877,-0.093,-0.064,0.467,3090,2,0,3192,1243,2408,111,2247,58,1.306,1,2089,0,104.242,8.479,-61.813,-50.313,-67.188,1.105,0.730,0.844,5.359,-6.570,4.922,0.410,0.132,1.067,1.339,2,NULL,NULL,,3,0,2,7,255,999,250,0,0
stim,27663,57784,0,57784,3255119.455,0.878,-0.092,-0.063,0.466,3091,27,0,3189,1379,2437,174,2309,58,1.306,1,2089,0,35.316,8.479,-9.625,-30.875,14.188,0.531,0.160,1.293,5.359,-6.570,1.648,0.434,0.116,1.067,1.339,2,NULL,NULL,,3,0,2,7,255,999,250,0,0
stim,27717,57838,0,57838,3255124.454,0.879,-0.089,-0.064,0.465,3083,37,0,3191,1509,2459,203,2351,58,1.306,1,2089,0,95.978,7.635,-86.438,-20.313,36.438,-0.336,-0.684,1.551,4.766,-5.965,1.648,0.458,0.098,1.067,1.339,2,NULL,NULL,,3,0,2,7,255,999,250,0,0
stim,27717,57838,0,57838,3255129.455,0.879,-0.083,-0.066,0.465,3095,56,0,3193,1579,2463,199,2393,58,1.306,1,2089,0,133.899,7.543,-130.500,-17.188,-24.563,-0.559,-0.449,0.813,-6.273,-4.188,1.648,0.476,0.084,1.067,1.339,2,NULL,NULL,,3,0,2,7,255,999,250,0,0
stim,27717,57838,0,57838,3255134.453,0.877,-0.081,-0.067,0.469,3083,105,0,3187,1634,2487,191,2425,58,1.306,1,2089,0,113.441,6.284,-44.563,-16.938,-102.938,-0.176,0.082,0.379,-6.273,0.355,-1.203,0.486,0.072,1.067,1.339,2,NULL,NULL,,3,0,2,7,255,999,250,0,0
stim,27717,57838,0,57838,3255139.455,0.875,-0.081,-0.066,0.473,3096,107,0,3183,1703,2496,195,2451,58,1.306,1,2089,0,100.486,0.379,33.500,-14.875,-93.563,0.340,-0.027,0.934,-0.133,0.355,-1.504,0.496,0.062,1.067,1.339,2,NULL,NULL,,3,0,2,7,255,999,250,0,0
stim,27717,57838,0,57838,3255144.454,0.875,-0.081,-0.065,0.474,3095,124,0,3193,1769,2515,189,2472,58,1.306,1,2089,0,19.990,4.679,-2.250,-11.938,-15.875,0.266,-0.246,1.406,0.184,-4.676,-1.504,0.506,0.052,1.067,1.339,2,NULL,NULL,,3,0,2,7,255,999,250,0,0
stim,27717,57838,0,57838,3255149.455,0.875,-0.078,-0.066,0.473,3089,136,0,3191,1809,2525,197,2485,58,1.306,1,2089,0,68.707,4.679,-64.438,-9.625,21.813,-0.207,-0.086,1.180,0.184,-4.676,1.891,0.518,0.042,1.067,1.339,2,NULL,NULL,,3,0,2,7,255,999,250,0,0
stim,27717,57838,0,57838,3255154.453,0.875,-0.076,-0.067,0.473,3092,149,18,3187,1863,2521,175,2496,58,1.306,1,2089,0,63.278,1.078,-60.625,-6.625,-16.875,-0.402,0.145,0.805,-0.473,-0.969,1.891,0.526,0.034,1.067,1.339,2,NULL,NULL,,3,0,2,7,255,999,250,0,0
stim,27717,57838,0,57838,3255159.455,0.874,-0.075,-0.068,0.475,3090,155,106,3181,1890,2525,169,2511,58,1.306,1,2089,0,68.354,0.500,-16.625,-6.938,-65.938,-0.141,0.039,0.816,-0.473,-0.164,-1.266,0.530,0.030,1.067,1.339,2,NULL,NULL,,3,0,2,7,255,999,250,0,0
stim,27717,57838,0,57838,3255164.454,0.873,-0.075,-0.067,0.478,3089,170,187,3195,1920,2535,173,2519,58,1.306,1,2089,0,55.834,0.180,3.813,-5.438,-55.438,0.168,-0.156,1.039,0.074,-0.164,-1.266,0.534,0.026,1.067,1.339,2,NULL,NULL,,3,0,2,7,255,999,250,0,0
stim,27717,57838,0,57838,3255169.455,0.873,-0.074,-0.067,0.478,3091,183,221,3187,1947,2537,170,2535,58,1.306,1,2089,0,15.939,3.560,-9.125,-4.875,-12.125,0.133,-0.090,1.121,0.254,-3.551,-0.199,0.542,0.022,1.067,1.339,2,NULL,NULL,,3,0,2,7,255,999,250,0,0
stim,27744,57865,0,57865,3255174.454,0.873,-0.073,-0.068,0.478,3090,179,247,3177,1973,2535,167,2535,58,1.306,1,2089,0,23.090,3.610,-21.250,-2.875,8.563,-0.094,0.082,1.039,0.652,-3.551,0.391,0.550,0.014,1.067,1.339,2,NULL,NULL,,3,0,2,7,255,999,250,0,0
stim,27744,57865,0,57865,3255179.455,0.873,-0.073,-0.068,0.478,3093,179,315,3181,1997,2537,139,2539,58,1.306,1,2089,0,17.167,0.925,-16.125,-1.750,-5.625,-0.176,0.098,0.957,0.652,-0.656,0.391,0.560,0.006,1.067,1.339,2,NULL,NULL,,3,0,2,7,255,999,250,0,0
stim,27744,57865,0,57865,3255184.454,0.873,-0.072,-0.068,0.478,3087,175,341,3181,2007,2537,125,2539,58,1.306,1,2089,0,16.750,0.842,-4.125,-1.875,-16.125,-0.074,0.027,0.969,0.527,-0.656,-0.238,0.568,0.000,1.067,1.339,2,NULL,NULL,,3,0,2,7,255,999,250,0,0
stim,27744,57865,0,57865,3255189.455,0.872,-0.072,-0.068,0.479,3089,175,375,3177,2013,2536,123,2535,58,1.259,1,2089,1,5.411,1.117,0.875,-1.875,-5.000,-0.027,0.008,1.027,0.527,-0.984,-0.238,0.000,0.000,1.049,1.303,2,NULL,NULL,,3,0,2,7,255,999,250,0,0
stim,27762,57883,0,57883,3255194.454,0.873,-0.072,-0.067,0.478,3092,183,411,3187,2025,2535,115,2540,58,1.259,1,2089,1,7.133,1.150,-1.500,-1.750,6.750,-0.117,0.082,1.063,0.594,-0.984,0.133,0.008,0.006,1.049,1.303,2,NULL,NULL,,3,0,2,7,255,999,250,0,0
stim,27762,57883,0,57883,3255199.455,0.873,-0.072,-0.067,0.478,3087,181,423,3187,2026,2536,115,2539,58,1.259,1,2089,1,5.693,0.774,-5.250,-1.250,1.813,-0.199,0.098,1.055,0.594,-0.496,0.672,0.018,0.012,1.049,1.303,2,NULL,NULL,,3,0,2,7,255,999,250,0,0
stim,27762,57883,0,57883,3255204.454,0.872,-0.072,-0.067,0.479,3082,185,439,3171,2041,2535,121,2535,58,1.259,1,2089,1,9.509,0.577,-3.688,-1.563,-8.625,-0.156,0.090,1.020,0.574,-0.055,0.672,0.024,0.016,1.049,1.303,2,NULL,NULL,,3,0,2,7,255,999,250,0,0
stim,27762,57883,0,57883,3255209.455,0.872,-0.072,-0.067,0.479,3065,183,462,3173,2035,2527,126,2537,58,1.259,1,2089,1,9.488,0.577,-0.250,-1.438,-9.375,-0.098,0.055,1.027,0.574,-0.055,0.309,0.028,0.020,1.049,1.303,2,NULL,NULL,,3,0,2,7,255,999,250,0,0
stim,27783,57904,0,57904,3255214.453,0.872,-0.072,-0.067,0.479,3066,180,482,3159,2055,2524,139,2536,58,1.259,1,2089,1,3.736,0.893,-1.063,-1.750,-3.125,-0.105,0.063,1.043,0.613,-0.648,0.309,0.032,0.020,1.049,1.303,2,NULL,NULL,,3,0,2,7,255,999,250,0,0
stim,27783,57904,0,57904,3255219.455,0.872,-0.072,-0.067,0.479,3056,179,525,3159,2043,2531,141,2548,58,1.259,1,2089,1,3.469,0.895,-2.375,-2.500,-0.375,-0.156,0.094,1.027,0.617,-0.648,0.371,0.036,0.022,1.049,1.303,2,NULL,NULL,,3,0,2,7,255,999,250,0,0
stim,27815,57936,0,57936,3255224.454,0.872,-0.071,-0.067,0.479,3053,173,555,3155,2063,2527,151,2535,58,1.259,1,2089,1,5.496,0.619,-3.313,-3.313,-2.875,-0.188,0.063,1.008,0.617,-0.051,0.371,0.040,0.022,1.049,1.303,2,NULL,NULL,,3,0,2,7,255,999,250,0,0
stim,27815,57936,0,57936,3255229.455,0.872,-0.071,-0.067,0.479,3034,174,587,3132,2066,2511,155,2537,58,1.259,1,2089,1,8.490,0.179,-2.000,-4.563,-6.875,-0.176,0.043,0.980,0.172,-0.051,0.254,0.042,0.024,1.049,1.303,2,NULL,NULL,,3,0,2,7,255,999,250,0,0
stim,27815,57936,0,57936,3255234.453,0.872,-0.071,-0.066,0.480,3021,173,615,3127,2077,2508,155,2541,58,1.259,1,2089,1,9.345,0.186,1.625,-6.188,-6.813,-0.156,0.063,0.977,0.172,-0.070,-0.023,0.046,0.024,1.049,1.303,2,NULL,NULL,,3,0,2,7,255,999,250,0,0
stim,27815,57936,0,57936,3255239.455,0.872,-0.071,-0.066,0.480,3007,173,656,3111,2091,2508,156,2548,58,1.259,1,2089,1,9.581,0.197,2.875,-7.438,-5.313,-0.180,0.059,1.004,0.184,-0.070,-0.023,0.048,0.024,1.049,1.303,2,NULL,NULL,,3,0,2,7,255,999,250,0,0
stim,27815,57936,0,57936,3255244.454,0.872,-0.071,-0.066,0.480,2991,171,680,3099,2110,2505,160,2553,58,1.259,1,2089,1,11.570,0.184,0.938,-8.813,-7.438,-0.195,0.059,1.012,0.184,0.004,0.199,0.050,0.024,1.049,1.303,2,NULL,NULL,,3,0,2,7,255,999,250,0,0
stim,27815,57936,0,57936,3255249.455,0.872,-0.071,-0.065,0.481,2979,172,699,3087,2136,2502,174,2557,58,1.259,1,2089,1,16.132,0.180,1.188,-9.563,-12.938,-0.168,0.055,0.980,0.180,0.004,0.199,0.052,0.024,1.049,1.303,2,NULL,NULL,,3,0,2,7,255,999,250,0,0
stim,27815,57936,0,57936,3255254.453,0.871,-0.071,-0.065,0.481,2963,163,719,3067,2157,2496,221,2568,58,1.259,1,2089,1,16.925,0.189,4.188,-10.313,-12.750,-0.125,0.027,0.973,0.180,-0.059,-0.051,0.054,0.024,1.049,1.303,2,NULL,NULL,,3,0,2,7,255,999,250,0,0
stim,27815,57936,0,57936,3255259.455,0.871,-0.071,-0.064,0.482,2942,163,743,3049,2185,2495,233,2577,58,1.259,1,2089,1,15.121,0.557,5.500,-10.938,-8.875,-0.117,0.023,0.980,0.180,-0.527,-0.141,0.056,0.022,1.049,1.303,2,NULL,NULL,,3,0,2,7,255,999,250,0,0
stim,27844,57965,0,57965,3255264.454,0.871,-0.070,-0.064,0.482,2917,162,773,3031,2149,2493,287,2583,58,1.259,1,2089,1,14.554,0.552,4.938,-11.875,-6.813,-0.137,0.016,0.965,0.164,-0.527,-0.219,0.058,0.022,1.049,1.303,2,NULL,NULL,,3,0,2,7,255,999,250,0,0
stim,27844,57965,0,57965,3255269.455,0.871,-0.070,-0.063,0.482,2905,165,801,3020,2234,2509,307,2607,58,1.259,1,2089,1,15.658,0.465,6.063,-13.188,-5.875,-0.152,-0.008,0.945,-0.004,-0.465,-0.258,0.060,0.022,1.049,1.303,2,NULL,NULL,,3,0,2,7,255,999,250,0,0
stim,27844,57965,0,57965,3255274.454,0.871,-0.070,-0.062,0.483,2888,163,871,2997,2265,2504,329,2606,58,1.259,1,2089,1,18.415,0.500,9.250,-14.750,-6.000,-0.160,-0.008,0.938,-0.285,-0.410,-0.418,0.060,0.020,1.049,1.303,2,NULL,NULL,,3,0,2,7,255,999,250,0,0
stim,27844,57965,0,57965,3255279.455,0.871,-0.070,-0.061,0.483,2859,173,935,2971,2297,2507,359,2632,58,1.259,1,2089,1,22.783,0.432,14.000,-16.875,-6.188,-0.160,0.051,0.953,-0.285,-0.324,-0.418,0.060,0.020,1.049,1.303,2,NULL,NULL,,3,0,2,7,255,999,250,0,0
stim,27844,57965,0,57965,3255284.454,0.871,-0.071,-0.060,0.483,2836,180,980,2950,2325,2509,413,2639,58,1.259,1,2089,1,25.927,0.130,16.938,-18.500,-6.563,-0.160,0.121,0.996,0.121,-0.047,-0.340,0.062,0.020,1.049,1.303,2,NULL,NULL,,3,0,2,7,255,999,250,0,0
stim,27844,57965,0,57965,3255289.455,0.870,-0.071,-0.059,0.484,2793,185,1044,2919,2357,2509,447,2651,58,1.259,1,2089,1,26.177,0.771,15.438,-19.438,-8.313,-0.160,0.172,1.035,0.727,0.258,0.113,0.062,0.020,1.049,1.303,2,NULL,NULL,,3,0,2,7,255,999,250,0,0
stim,27844,57965,0,57965,3255294.453,0.870,-0.071,-0.058,0.484,2760,185,1124,2894,2393,2514,493,2664,58,1.259,1,2089,1,25.406,1.162,11.125,-20.625,-9.813,-0.168,0.172,1.031,1.066,0.461,0.473,0.062,0.022,1.049,1.303,2,NULL,NULL,,3,0,2,7,255,999,250,0,0
stim,27844,57965,0,57965,3255299.455,0.870,-0.071,-0.057,0.484,2720,197,1202,2886,2431,2518,597,2679,58,1.259,1,2089,1,26.723,1.183,9.813,-21.938,-11.688,-0.168,0.160,1.012,1.066,0.512,0.473,0.062,0.024,1.049,1.303,2,NULL,NULL,,3,0,2,7,255,999,250,0,0
stim,27876,57997,0,57997,3255304.454,0.870,-0.071,-0.056,0.485,2671,221,1267,2851,2473,2535,726,2699,58,1.259,1,2089,1,29.666,1.193,11.188,-22.938,-15.125,-0.160,0.180,1.012,1.066,0.535,0.297,0.062,0.028,1.049,1.303,2,NULL,NULL,,3,0,2,7,255,999,250,0,0
stim,27876,57997,0,57997,3255309.455,0.869,-0.071,-0.055,0.486,2619,227,1374,2811,2505,2527,851,2711,58,1.259,1,2089,1,31.744,1.247,9.875,-23.125,-19.375,-0.141,0.184,1.043,1.137,0.512,0.297,0.062,0.032,1.049,1.303,2,NULL,NULL,,3,0,2,7,255,999,250,0,0
stim,27876,57997,0,57997,3255314.453,0.869,-0.071,-0.054,0.487,2579,232,1501,2791,2540,2543,973,2734,58,1.259,1,2089,1,32.472,1.203,2.188,-22.563,-23.250,-0.137,0.133,1.055,1.137,0.395,0.547,0.064,0.038,1.049,1.303,2,NULL,NULL,,3,0,2,7,255,999,250,0,0
stim,27876,57997,0,57997,3255319.455,0.869,-0.070,-0.053,0.488,2508,243,1613,2759,2569,2535,1093,2741,58,1.259,1,2089,1,35.320,0.879,-6.375,-21.938,-26.938,-0.129,0.070,1.027,0.875,0.082,0.547,0.066,0.040,1.049,1.303,2,NULL,NULL,,3,0,2,7,255,999,250,0,0
stim,27921,58042,0,58042,3255324.454,0.868,-0.069,-0.052,0.489,2451,245,1717,2717,2611,2543,1213,2763,58,1.259,1,2089,1,37.951,0.434,-10.125,-22.125,-29.125,-0.121,-0.016,0.980,0.352,-0.254,0.359,0.068,0.044,1.049,1.303,2,NULL,NULL,,3,0,2,7,255,999,250,0,0
stim,27921,58042,0,58042,3255329.455,0.867,-0.068,-0.052,0.490,2387,251,1819,2693,2636,2551,1351,2780,58,1.259,1,2089,1,37.490,0.559,-10.500,-22.688,-27.938,-0.148,-0.027,0.977,-0.348,-0.438,-0.145,0.068,0.048,1.049,1.303,2,NULL,NULL,,3,0,2,7,255,999,250,0,0
stim,27921,58042,0,58042,3255334.453,0.867,-0.067,-0.051,0.491,2308,243,1900,2647,2670,2547,1455,2793,58,1.259,1,2089,1,41.481,0.630,-11.063,-22.750,-32.875,-0.176,0.004,1.004,-0.453,-0.438,-0.145,0.070,0.052,1.049,1.303,2,NULL,NULL,,3,0,2,7,255,999,250,0,0
stim,27921,58042,0,58042,3255339.455,0.866,-0.066,-0.051,0.493,2219,245,1993,2601,2701,2550,1576,2807,58,1.259,1,2089,1,47.475,0.461,-15.250,-24.125,-37.938,-0.168,0.020,1.039,-0.453,-0.086,0.152,0.070,0.054,1.049,1.303,2,NULL,NULL,,3,0,2,7,255,999,250,0,0
stim,27921,58042,0,58042,3255344.454,0.865,-0.064,-0.050,0.494,2125,245,2091,2552,2731,2554,1715,2825,58,1.259,1,2089,1,56.564,0.272,-25.125,-24.813,-44.188,-0.160,0.035,1.074,-0.258,-0.086,0.492,0.072,0.056,1.049,1.303,2,NULL,NULL,,3,0,2,7,255,999,250,0,0
stim,27921,58042,0,58042,3255349.455,0.864,-0.062,-0.050,0.496,2041,247,2201,2503,2764,2569,1815,2851,58,1.259,1,2089,1,70.113,0.102,-40.125,-25.313,-51.625,-0.156,0.027,1.113,-0.039,-0.094,0.840,0.072,0.058,1.049,1.303,2,NULL,NULL,,3,0,2,7,255,999,250,0,0
stim,27922,58043,0,58043,3255354.453,0.863,-0.059,-0.051,0.498,1949,247,2283,2445,2782,2558,1931,2854,58,1.259,1,2089,1,83.382,0.168,-55.938,-25.125,-56.500,-0.117,0.027,1.082,-0.035,-0.164,0.844,0.074,0.058,1.049,1.303,2,NULL,NULL,,3,0,2,7,255,999,250,0,0
stim,27922,58043,0,58043,3255359.455,0.863,-0.056,-0.051,0.500,1811,245,2361,2365,2804,2577,2031,2877,58,1.259,1,2089,1,84.938,0.438,-60.438,-25.938,-53.750,-0.082,0.016,0.977,0.172,-0.402,0.844,0.074,0.060,1.049,1.303,2,NULL,NULL,,3,0,2,7,255,999,250,0,0
stim,27922,58043,0,58043,3255364.454,0.862,-0.053,-0.051,0.502,1674,233,2431,2277,2835,2559,2123,2879,58,1.259,1,2089,0,75.190,0.596,-52.188,-27.813,-46.438,-0.074,0.000,0.922,0.172,-0.570,-0.207,0.074,0.058,1.049,1.303,2,NULL,NULL,,3,0,2,7,255,999,250,0,0
stim,27922,58043,0,58043,3255369.455,0.861,-0.051,-0.051,0.504,1484,233,2494,2174,2839,2575,2189,2889,58,1.259,1,2089,0,69.708,0.609,-45.188,-29.500,-44.125,-0.105,-0.059,0.973,0.117,-0.598,-0.246,0.076,0.056,1.049,1.303,2,NULL,NULL,,3,0,2,7,255,999,250,0,0
stim,27941,58062,0,58062,3255374.454,0.860,-0.048,-0.051,0.505,1290,227,2547,2074,2870,2577,2267,2904,58,1.259,1,2089,0,70.153,0.774,-42.313,-30.750,-46.750,-0.133,-0.063,1.016,-0.492,-0.598,-0.246,0.076,0.052,1.049,1.303,2,NULL,NULL,,3,0,2,7,255,999,250,0,0
stim,27941,58062,0,58062,3255379.455,0.859,-0.046,-0.051,0.507,1143,203,2588,1947,2891,2567,2332,2923,58,1.259,1,2089,0,70.513,0.799,-39.938,-31.438,-48.875,-0.086,-0.063,1.000,-0.492,-0.629,0.004,0.076,0.048,1.049,1.303,2,NULL,NULL,,3,0,2,7,255,999,250,0,0
stim,27941,58062,0,58062,3255384.454,0.858,-0.043,-0.050,0.509,957,158,2638,1749,2901,2577,2399,2924,58,1.259,1,2089,0,64.559,0.842,-34.938,-32.813,-43.250,-0.039,-0.063,0.980,-0.367,-0.758,0.004,0.078,0.044,1.049,1.303,2,NULL,NULL,,3,0,2,7,255,999,250,0,0
stim,27941,58062,0,58062,3255389.455,0.858,-0.041,-0.049,0.510,721,121,2675,1496,2927,2571,2457,2932,58,1.259,1,2089,0,55.992,1.089,-28.313,-33.813,-34.500,-0.035,-0.059,1.004,-0.152,-1.078,0.004,0.080,0.040,1.049,1.303,2,NULL,NULL,,3,0,2,7,255,999,250,0,0
stim,27963,58084,0,58084,3255394.453,0.857,-0.040,-0.049,0.511,486,74,2701,1294,2938,2563,2503,2939,58,1.259,1,2089,0,49.256,1.089,-23.625,-35.563,-24.563,-0.098,-0.043,1.043,-0.152,-1.078,0.008,0.082,0.038,1.049,1.303,2,NULL,NULL,,3,0,2,7,255,999,250,0,0
stim,27963,58084,0,58084,3255399.455,0.857,-0.038,-0.048,0.512,325,55,2740,1041,2955,2548,2551,2955,58,1.259,1,2089,0,50.238,0.501,-23.125,-37.750,-23.750,-0.133,0.012,1.074,-0.066,-0.496,0.457,0.084,0.036,1.049,1.303,2,NULL,NULL,,3,0,2,7,255,999,250,0,0
stim,27963,58084,0,58084,3255404.454,0.857,-0.036,-0.047,0.513,183,3,2759,815,2973,2539,2599,2958,58,1.259,1,2089,0,55.322,0.129,-24.875,-39.313,-29.938,-0.121,0.004,1.059,0.129,0.012,0.648,0.086,0.034,1.049,1.303,2,NULL,NULL,,3,0,2,7,255,999,250,0,0
stim,27963,58084,0,58084,3255409.455,0.856,-0.034,-0.046,0.514,57,0,2787,553,2984,2516,2641,2973,58,1.259,1,2089,0,58.361,0.137,-22.250,-41.688,-34.250,-0.039,0.020,1.031,0.137,0.012,0.648,0.088,0.034,1.049,1.303,2,NULL,NULL,,3,0,2,7,255,999,250,0,0
stim,27963,58084,0,58084,3255414.453,0.855,-0.032,-0.044,0.515,19,0,2808,381,2997,2500,2667,2975,58,1.259,1,2089,0,57.153,0.824,-19.000,-43.875,-31.313,0.020,0.047,1.016,0.609,-0.555,0.254,0.090,0.032,1.049,1.303,2,NULL,NULL,,3,0,2,7,255,999,250,0,0
stim,27963,58084,0,58084,3255419.455,0.855,-0.031,-0.043,0.516,0,0,2827,259,3016,2479,2696,2984,58,1.259,1,2089,0,56.013,1.292,-16.938,-46.563,-26.125,0.027,0.094,1.004,1.102,-0.676,0.055,0.092,0.032,1.049,1.303,2,NULL,NULL,,3,0,2,7,255,999,250,0,0
stim,28017,58138,0,58138,3255424.454,0.855,-0.030,-0.041,0.516,0,0,2841,180,3017,2455,2727,2984,58,1.259,1,2089,0,53.122,1.292,3.563,-52.063,-9.938,-0.160,-0.020,1.078,1.102,-0.676,0.055,0.094,0.032,1.049,1.303,2,NULL,NULL,,3,0,2,7,255,999,250,0,0
stim,28017,58138,0,58138,3255429.455,0.855,-0.029,-0.038,0.516,0,0,2853,119,3029,2429,2757,3000,58,1.259,1,2089,0,67.353,0.491,23.438,-62.875,5.813,-0.340,-0.168,1.262,-0.293,0.395,0.852,0.098,0.032,1.049,1.303,2,NULL,NULL,,3,0,2,7,255,999,250,0,0
stim,28017,58138,0,58138,3255434.453,0.855,-0.028,-0.035,0.517,0,0,2857,101,3033,2417,2774,2994,58,1.259,1,2089,0,71.872,2.578,19.563,-67.688,-14.188,-0.418,-0.258,1.391,-2.301,1.164,2.852,0.098,0.032,1.049,1.303,2,NULL,NULL,,3,0,2,7,255,999,250,0,0
stim,28017,58138,0,58138,3255439.455,0.854,-0.027,-0.032,0.518,0,0,2870,54,3048,2395,2805,2999,58,1.259,1,2089,0,83.615,2.620,25.750,-75.438,-25.250,-0.344,-0.156,1.449,-2.301,1.254,4.195,0.100,0.032,1.049,1.303,3,NULL,NULL,,3,0,2,7,255,999,250,0,0
stim,28017,58138,0,58138,3255444.454,0.854,-0.027,-0.028,0.518,0,0,2871,8,3051,2347,2838,3003,58,1.259,1,2089,0,92.197,2.613,34.250,-85.375,-6.188,-0.180,0.184,1.586,-2.227,1.367,4.637,0.102,0.032,1.049,1.303,3,NULL,NULL,,3,0,2,7,255,999,250,0,0
stim,28017,58138,0,58138,3255449.455,0.855,-0.024,-0.025,0.518,0,0,2875,1,3055,2310,2857,3004,58,1.259,1,2089,0,89.414,1.916,-21.375,-86.813,1.250,-0.012,0.348,1.477,1.449,1.254,4.637,0.104,0.032,1.049,1.303,3,NULL,NULL,,3,0,2,7,255,999,250,0,0
stim,28017,58138,0,58138,3255454.453,0.855,-0.021,-0.023,0.517,0,0,2874,0,3063,2248,2877,3013,58,1.259,1,2089,0,98.788,2.409,-40.000,-89.125,14.688,-0.070,0.234,1.227,2.160,1.066,4.598,0.108,0.034,1.049,1.303,3,NULL,NULL,,3,0,2,7,255,999,250,0,0
stim,28017,58138,0,58138,3255459.455,0.856,-0.018,-0.019,0.516,0,0,2874,0,3081,2195,2889,3007,58,1.259,1,2089,0,107.251,2.409,-16.750,-98.813,38.188,-0.180,0.164,1.211,2.160,1.066,2.184,0.110,0.038,1.049,1.303,3,NULL,NULL,,3,0,2,7,255,999,250,0,0
stim,28017,58138,0,58138,3255464.454,0.857,-0.016,-0.016,0.515,0,0,2873,0,3081,2116,2917,3014,58,1.259,1,2089,0,111.870,2.071,-2.063,-105.750,36.438,-0.297,0.090,1.289,1.016,1.805,2.184,0.110,0.040,1.049,1.303,3,NULL,NULL,,3,0,2,7,255,999,250,0,0
stim,28017,58138,0,58138,3255469.455,0.858,-0.014,-0.012,0.514,0,0,2871,0,3091,2020,2935,3005,58,1.259,1,2089,0,113.504,2.255,-3.938,-111.875,18.750,-0.301,-0.004,1.332,-0.195,2.246,2.934,0.104,0.044,1.049,1.303,3,NULL,NULL,,3,0,2,7,255,999,250,0,0
stim,28044,58165,0,58165,3255474.454,0.858,-0.011,-0.008,0.513,0,0,2861,0,3097,1899,2941,3005,58,1.259,1,2089,0,119.719,2.497,-9.750,-118.625,12.875,-0.234,-0.059,1.352,-1.090,2.246,3.352,0.098,0.048,1.049,1.303,3,NULL,NULL,,3,0,2,7,255,999,250,0,0
stim,28044,58165,0,58165,3255479.455,0.859,-0.008,-0.003,0.512,0,0,2855,0,3095,1765,2952,3003,58,1.259,1,2089,0,128.130,1.873,-14.938,-125.438,21.438,-0.195,-0.051,1.344,-1.090,1.523,3.379,0.090,0.058,1.049,1.303,3,NULL,NULL,,3,0,2,7,255,999,250,0,0
stim,28044,58165,0,58165,3255484.454,0.859,-0.004,0.001,0.511,0,0,2852,0,3100,1607,2963,2995,58,1.259,1,2089,0,135.673,1.866,-14.688,-131.938,28.000,-0.195,-0.012,1.289,-1.078,1.523,3.379,0.084,0.068,1.049,1.303,3,NULL,NULL,,3,0,2,7,255,999,250,0,0
stim,28044,58165,0,58165,3255489.455,0.860,-0.001,0.006,0.510,0,0,2829,0,3111,1391,2980,2991,58,1.259,1,2089,0,143.283,1.874,-14.125,-138.875,32.313,-0.203,-0.004,1.270,-0.848,1.672,2.844,0.080,0.080,1.049,1.303,3,NULL,NULL,,3,0,2,7,255,999,250,0,0
stim,28044,58166,0,58166,3255494.453,0.861,0.003,0.011,0.508,0,0,2808,0,3111,1163,2986,2987,58,1.259,1,2089,0,150.216,2.079,-15.125,-145.750,33.063,-0.211,-0.031,1.250,-0.848,1.898,2.625,0.076,0.092,1.049,1.303,3,NULL,NULL,,3,0,2,7,255,999,250,0,0
stim,28044,58166,0,58166,3255499.455,0.862,0.007,0.016,0.507,0,0,2797,0,3104,933,3007,2987,58,1.259,1,2089,0,156.995,2.327,-14.313,-153.313,30.625,-0.250,-0.109,1.180,-1.195,1.996,2.418,0.072,0.102,1.049,1.303,3,NULL,NULL,,3,0,2,7,255,999,250,0,0
stim,28069,58190,0,58190,3255504.454,0.862,0.011,0.021,0.506,0,0,2770,0,3112,691,3005,2965,58,1.259,1,2089,0,164.373,2.946,-5.938,-162.000,27.188,-0.246,-0.133,1.164,-2.145,2.020,1.688,0.062,0.112,1.049,1.303,3,NULL,NULL,,3,0,2,7,255,999,250,0,0
stim,28069,58190,0,58190,3255509.455,0.863,0.014,0.027,0.505,0,0,2723,0,3113,525,3015,2953,58,1.259,1,2089,0,171.027,2.946,3.063,-169.563,22.125,-0.195,-0.094,1.172,-2.145,2.020,1.563,0.052,0.122,1.049,1.303,3,NULL,NULL,,3,0,2,7,255,999,250,0,0
stim,28069,58190,0,58190,3255514.453,0.863,0.018,0.034,0.503,0,0,2677,0,3125,371,3023,2927,58,1.259,1,2089,0,178.750,2.696,9.125,-177.188,21.750,-0.129,-0.063,1.164,-1.898,1.914,1.504,0.040,0.130,1.049,1.303,3,NULL,NULL,,3,0,2,7,255,999,250,0,0
stim,28069,58190,0,58190,3255519.455,0.864,0.021,0.041,0.502,0,0,2632,0,3114,243,3035,2916,58,1.259,1,2089,0,186.493,2.258,16.313,-184.063,25.188,-0.105,-0.031,1.207,-1.402,1.770,1.563,0.028,0.138,1.049,1.303,3,NULL,NULL,,3,0,2,7,255,999,250,0,0
stim,28115,58236,0,58236,3255524.454,0.864,0.024,0.048,0.501,0,0,2571,0,3113,125,3036,2884,58,1.259,1,2089,0,193.896,2.103,16.375,-190.938,29.500,-0.121,-0.008,1.285,-1.137,1.770,1.879,0.018,0.148,1.049,1.303,3,NULL,NULL,,3,0,2,7,255,999,250,0,0
stim,28115,58236,0,58236,3255529.455,0.864,0.028,0.056,0.499,0,0,2506,0,3111,51,3045,2857,58,1.259,1,2089,0,200.180,2.523,19.500,-197.313,27.563,-0.199,0.063,1.383,-1.133,2.254,2.566,0.008,0.158,1.049,1.303,3,NULL,NULL,,3,0,2,7,255,999,250,0,0
stim,28115,58236,0,58236,3255534.453,0.864,0.032,0.064,0.498,0,0,2423,0,3109,12,3036,2812,58,1.259,1,2089,0,207.918,3.678,13.750,-206.625,18.625,-0.227,0.168,1.512,-1.094,3.512,3.367,0.006,0.168,1.049,1.303,3,NULL,NULL,,3,0,2,7,255,999,250,0,0
stim,28115,58236,0,58236,3255539.455,0.864,0.036,0.072,0.497,0,0,2301,0,3101,4,3044,2776,58,1.259,1,2089,0,215.590,4.735,11.938,-215.250,2.000,-0.293,0.199,1.719,-0.859,4.656,4.488,0.016,0.182,1.049,1.303,3,NULL,NULL,,3,0,2,7,255,999,250,0,0
stim,28115,58236,0,58236,3255544.454,0.863,0.041,0.081,0.496,0,0,2151,0,3091,16,3034,2718,58,1.259,1,2089,0,230.370,5.968,5.000,-230.313,-1.125,-0.379,0.133,2.023,-0.859,5.906,6.324,0.030,0.196,1.049,1.303,3,NULL,NULL,,3,0,2,7,255,999,250,0,0
stim,28115,58236,0,58236,3255549.455,0.863,0.046,0.091,0.496,0,0,1970,0,3079,45,3023,2660,58,1.259,1,2089,0,250.204,7.379,-1.625,-250.188,2.375,-0.469,0.133,2.359,-2.215,7.039,9.020,0.040,0.210,1.049,1.303,3,NULL,NULL,,3,0,2,7,255,999,250,0,0
stim,28115,58236,0,58236,3255554.453,0.862,0.053,0.100,0.494,0,0,1785,0,3066,62,3013,2592,58,1.259,1,2089,0,276.583,9.041,-24.250,-274.875,18.813,-0.547,0.340,2.496,-2.215,8.766,11.871,0.054,0.226,1.049,1.303,3,NULL,NULL,,3,0,2,7,255,999,250,0,0
stim,28115,58236,0,58236,3255559.455,0.861,0.062,0.110,0.492,0,0,1591,0,3037,69,2987,2526,58,1.259,1,2089,0,309.435,11.345,-52.375,-303.750,27.250,-0.598,0.668,2.582,-2.102,11.148,12.750,0.066,0.244,1.049,1.303,3,NULL,NULL,,3,0,2,7,255,999,250,0,0
stim,28143,58264,0,58264,3255564.454,0.860,0.072,0.121,0.490,0,0,1477,0,2967,73,2957,2415,58,1.259,1,2089,0,339.818,13.930,-81.500,-328.938,25.188,-0.648,0.840,2.598,0.109,13.930,12.750,0.084,0.264,1.049,1.303,3,NULL,NULL,,3,0,2,7,255,999,250,0,0
stim,28143,58264,0,58264,3255569.455,0.859,0.084,0.132,0.488,0,0,1383,0,2983,84,2925,2317,58,1.259,1,2089,0,369.180,15.893,-105.688,-353.000,22.688,-0.742,0.820,2.672,0.250,15.891,12.582,0.108,0.292,1.049,1.303,3,NULL,NULL,,3,0,2,7,255,999,250,0,0
stim,28143,58264,0,58264,3255574.454,0.856,0.097,0.143,0.487,0,0,1295,0,2951,87,2876,2203,58,1.259,1,2089,0,400.085,17.435,-131.125,-377.813,11.500,-0.746,0.832,2.727,0.250,17.434,12.504,0.138,0.324,1.049,1.303,3,NULL,NULL,,3,0,2,7,255,999,250,0,0
stim,28143,58264,0,58264,3255579.455,0.853,0.111,0.155,0.486,0,0,1197,0,2909,87,2811,2107,58,1.259,1,2089,0,421.172,18.446,-133.375,-399.438,-6.813,-0.684,0.781,2.758,0.141,18.445,12.363,0.176,0.364,1.049,1.303,3,NULL,NULL,,3,0,2,7,255,999,250,0,0
stim,28143,58264,0,58264,3255584.454,0.850,0.124,0.168,0.484,0,0,1111,0,2834,88,2737,1990,58,1.259,1,2089,0,442.887,18.638,-116.625,-427.250,-2.188,-0.809,0.809,2.910,-0.184,18.637,12.363,0.220,0.410,1.049,1.303,3,NULL,NULL,,3,0,2,7,255,999,250,0,0
stim,28143,58264,0,58264,3255589.455,0.846,0.138,0.182,0.482,0,0,982,0,2763,69,2619,1874,58,1.259,1,2089,0,472.242,21.114,-124.125,-455.625,3.438,-1.023,0.926,3.133,-0.918,21.094,12.379,0.272,0.466,1.049,1.303,3,NULL,NULL,,3,0,2,7,255,999,250,0,0
stim,28143,58264,0,58264,3255594.453,0.841,0.153,0.197,0.480,0,0,861,0,2647,59,2454,1719,58,1.259,1,2089,0,492.854,25.108,-140.125,-472.125,-19.188,-1.105,0.816,3.332,-1.441,25.066,12.402,0.334,0.530,1.049,1.303,3,NULL,NULL,,3,0,2,7,255,999,250,0,0
stim,28143,58264,0,58264,3255599.455,0.835,0.169,0.212,0.479,0,0,731,0,2510,21,2259,1547,58,1.259,1,2089,0,510.030,26.031,-154.625,-483.250,-51.875,-1.000,0.434,3.426,-3.246,25.828,12.762,0.406,0.602,1.049,1.303,3,NULL,NULL,,3,0,2,7,255,999,250,0,0
stim,28175,58296,0,58296,3255604.454,0.828,0.185,0.226,0.479,0,0,555,0,2331,0,1981,1350,58,1.259,1,2089,0,527.980,26.585,-175.375,-493.313,-68.188,-0.781,0.164,3.328,-6.297,25.828,12.766,0.484,0.682,1.049,1.303,3,NULL,NULL,,3,0,2,7,255,999,250,0,0
stim,28175,58296,0,58296,3255609.455,0.820,0.202,0.241,0.477,0,0,362,0,2057,0,1699,1101,58,1.259,1,2089,0,548.883,24.812,-192.438,-512.688,-37.313,-0.695,-0.164,2.969,-7.582,23.625,12.766,0.568,0.768,1.049,1.303,3,NULL,NULL,,3,0,2,7,255,999,250,0,0
stim,28175,58296,0,58296,3255614.453,0.813,0.221,0.256,0.474,0,0,217,0,1735,0,1317,938,58,1.259,1,2089,0,568.133,22.763,-196.688,-533.000,-0.250,-0.586,-0.426,2.387,-9.504,20.684,9.629,0.656,0.860,1.049,1.303,3,NULL,NULL,,3,0,2,7,255,999,250,0,0
stim,28175,58296,0,58296,3255619.455,0.806,0.238,0.272,0.469,0,0,119,0,1354,0,759,727,58,1.259,1,2089,0,564.429,18.971,-151.063,-543.750,9.813,-0.578,-0.434,1.922,-9.719,16.293,5.141,0.754,0.960,1.049,1.303,3,NULL,NULL,,3,0,2,7,255,999,250,0,0
stim,28220,58341,0,58341,3255624.454,0.799,0.253,0.288,0.463,0,0,90,0,931,0,232,553,58,1.259,1,2089,0,556.130,17.550,-95.625,-547.250,25.563,-0.598,-0.059,1.703,-9.719,14.613,0.938,0.856,1.064,1.049,1.303,3,NULL,NULL,,3,0,2,7,255,999,250,0,0
stim,28220,58341,0,58341,3255629.455,0.793,0.266,0.306,0.456,0,0,29,0,363,0,0,457,58,1.259,1,2089,0,546.866,15.909,-48.938,-543.188,40.188,-0.625,0.355,1.887,-6.289,14.613,-2.082,0.962,1.172,1.049,1.303,3,NULL,NULL,,3,0,2,7,255,999,250,0,0
stim,28220,58341,0,58341,3255634.453,0.788,0.279,0.323,0.445,0,0,19,0,0,0,0,371,58,1.259,1,2089,0,564.224,19.097,-13.500,-552.500,113.625,-1.156,0.301,2.227,-6.289,18.031,-2.488,1.066,1.280,1.049,1.303,3,NULL,NULL,,3,0,2,7,255,999,250,0,0
stim,28220,58341,0,58341,3255639.455,0.783,0.294,0.339,0.431,0,0,7,0,0,0,0,259,58,1.259,1,2089,0,608.954,24.281,-45.063,-574.250,197.563,-1.582,0.504,2.223,-7.012,23.246,-5.086,1.162,1.380,1.049,1.303,4,NULL,NULL,,3,0,2,7,255,999,250,0,0
stim,28220,58342,0,58342,3255644.454,0.776,0.312,0.352,0.420,0,0,0,0,0,0,0,155,58,1.259,1,2089,0,585.328,25.705,-145.063,-545.188,156.000,-1.453,1.133,1.781,-7.012,24.730,-9.988,1.252,1.470,1.049,1.303,0,NULL,NULL,,3,0,2,7,255,999,250,0,0
stim,28220,58342,0,58342,3255649.455,0.766,0.331,0.362,0.415,0,0,0,0,0,0,0,117,58,1.259,1,2089,0,546.347,24.735,-264.500,-473.875,63.063,-0.813,1.840,1.242,-0.473,24.730,-13.949,1.332,1.554,1.049,1.303,0,NULL,NULL,,3,0,2,7,255,999,250,0,0
stim,28220,58342,0,58342,3255654.453,0.756,0.352,0.364,0.414,0,0,0,0,0,0,0,104,58,1.259,1,2089,0,559.908,22.664,-435.375,-346.250,63.688,-0.266,2.402,0.305,9.641,20.512,-14.160,1.410,1.634,1.049,1.303,0,NULL,NULL,,3,0,2,7,255,999,250,0,0
stim,28220,58342,0,58342,3255659.455,0.747,0.372,0.363,0.415,0,0,0,0,0,0,0,75,58,1.259,1,2089,0,483.856,21.039,-419.000,-231.938,69.000,-0.063,1.816,-0.668,16.980,12.422,-16.375,1.490,1.718,1.049,1.303,0,NULL,NULL,,3,0,2,7,255,999,250,0,0
stim,28220,58342,0,58342,3255664.454,0.744,0.380,0.363,0.412,0,0,0,0,0,0,0,53,58,1.259,1,2089,0,208.999,16.998,-132.625,-133.625,90.750,-0.422,0.363,-0.223,16.980,0.766,-16.375,1.578,1.808,1.049,1.303,0,NULL,NULL,,3,0,2,7,255,999,250,0,0
stim,28220,58342,0,58342,3255669.455,0.746,0.381,0.365,0.407,0,0,0,0,0,0,0,66,58,1.259,1,2089,0,114.641,2.040,50.625,-58.375,84.688,-1.027,-0.828,1.316,1.891,0.766,-15.293,1.674,1.906,1.049,1.303,0,NULL,NULL,,3,0,2,7,255,999,250,0,0
stim,28242,58363,0,58363,3255674.454,0.746,0.382,0.362,0.408,0,0,0,0,0,0,0,70,58,1.259,1,2089,0,74.533,18.305,-59.188,32.188,31.875,-1.387,-0.875,2.078,-14.059,11.723,-10.445,1.774,2.008,1.049,1.303,0,NULL,NULL,,3,0,2,7,255,999,250,0,0
stim,28242,58363,0,58363,3255679.455,0.744,0.387,0.354,0.414,0,0,0,0,0,0,0,59,58,1.259,1,2089,0,255.329,20.388,-226.063,118.063,-12.250,-1.188,0.109,1.219,-14.059,14.766,-10.445,1.870,2.106,1.049,1.303,0,NULL,NULL,,3,0,2,7,255,999,250,0,0
stim,28242,58363,0,58363,3255684.454,0.742,0.391,0.344,0.421,0,0,0,0,0,0,0,23,58,1.259,1,2089,0,295.048,15.945,-233.438,180.375,-5.000,-0.867,1.199,0.102,-6.020,14.766,-14.750,1.952,2.190,1.049,1.303,0,NULL,NULL,,3,0,2,7,255,999,250,0,0
stim,28242,58363,0,58363,3255689.455,0.744,0.391,0.335,0.425,0,0,0,0,0,0,0,26,58,1.259,1,2089,0,239.766,10.165,-108.500,212.375,24.750,-0.895,1.621,-0.105,6.836,7.523,-20.109,2.014,2.256,1.049,1.303,0,NULL,NULL,,3,0,2,7,255,999,250,0,0
stim,28264,58385,0,58385,3255694.453,0.748,0.388,0.327,0.429,0,0,0,0,0,0,0,21,58,1.259,1,2089,0,234.385,10.165,-11.000,233.000,22.938,-1.039,1.117,0.508,6.836,7.523,-20.109,2.064,2.308,1.049,1.303,0,NULL,NULL,,3,0,2,7,255,999,250,0,0
stim,28264,58385,0,58385,3255699.455,0.751,0.384,0.318,0.433,0,0,0,0,0,0,0,20,58,1.259,1,2089,0,255.634,12.545,-33.563,252.750,18.438,-0.973,0.348,1.031,4.875,11.559,-19.234,2.120,2.364,1.049,1.303,0,NULL,NULL,,3,0,2,7,255,999,250,0,0
stim,28264,58385,0,58385,3255704.454,0.753,0.383,0.307,0.439,0,0,0,0,0,0,0,17,58,1.259,1,2089,0,293.569,11.771,-118.313,267.313,27.000,-0.871,0.152,0.832,-2.227,11.559,-13.625,2.188,2.436,1.049,1.303,0,NULL,NULL,,3,0,2,7,255,999,250,0,0
stim,28264,58385,0,58385,3255709.455,0.754,0.383,0.294,0.444,0,0,0,0,0,0,0,13,58,1.259,1,2089,0,315.483,11.223,-152.063,273.313,41.313,-0.742,0.418,0.188,-2.227,11.000,-13.625,2.262,2.512,1.049,1.303,0,NULL,NULL,,3,0,2,7,255,999,250,0,0
stim,28264,58385,0,58385,3255714.453,0.757,0.382,0.282,0.449,0,0,0,0,0,0,0,16,58,1.259,1,2089,0,300.288,5.919,-111.938,273.938,51.000,-0.695,0.602,-0.254,0.316,5.910,-15.914,2.328,2.580,1.049,1.303,0,NULL,NULL,,3,0,2,7,255,999,250,0,0
stim,28264,58385,1,58385,3255719.455,0.760,0.379,0.271,0.453,0,0,0,0,0,0,0,24,58,1.259,1,2089,0,283.800,3.203,-48.313,274.875,51.500,-0.656,0.523,-0.285,1.789,2.656,-17.996,2.384,2.640,1.049,1.303,0,NULL,NULL,,3,1,2,7,255,999,250,0,0
stim,28318,58439,1,58439,3255724.454,0.764,0.374,0.261,0.456,0,0,0,0,0,0,0,31,58,1.259,1,2089,0,284.931,3.096,-11.688,278.875,57.250,-0.547,0.355,-0.133,1.789,2.527,-17.996,2.438,2.696,1.049,1.303,0,NULL,NULL,,3,1,2,7,255,999,250,0,0
stim,28318,58439,1,58439,3255729.455,0.769,0.369,0.251,0.459,0,0,0,0,0,0,0,21,58,1.259,1,2089,0,292.582,2.637,-1.875,284.875,66.688,-0.520,0.359,-0.055,0.754,2.527,-15.770,2.494,2.754,1.049,1.303,0,NULL,NULL,,3,1,2,7,255,999,250,0,0
stim,28318,58439,1,58439,3255734.453,0.773,0.364,0.240,0.461,0,0,0,0,0,0,0,18,58,1.259,1,2089,0,299.575,2.893,12.000,290.375,72.688,-0.477,0.352,-0.082,0.754,2.793,-15.086,2.550,2.812,1.049,1.303,0,NULL,NULL,,3,1,2,7,255,999,250,0,0
stim,28318,58439,1,58439,3255739.456,0.778,0.357,0.230,0.463,0,0,0,0,0,0,0,8,58,1.259,1,2089,0,307.007,3.196,37.938,294.250,78.938,-0.469,0.328,-0.043,0.754,3.105,-14.820,2.598,2.862,1.049,1.303,0,NULL,NULL,,3,1,2,7,255,999,250,0,0
stim,28318,58439,1,58439,3255744.454,0.784,0.349,0.219,0.464,0,0,0,0,0,0,0,4,58,1.259,1,2089,0,316.235,3.162,63.875,298.938,81.000,-0.469,0.281,0.109,0.598,3.105,-14.398,2.634,2.902,1.049,1.303,0,NULL,NULL,,3,1,2,7,255,999,250,0,0
stim,28318,58439,1,58439,3255749.455,0.789,0.341,0.209,0.466,0,0,0,0,0,0,0,0,58,1.259,1,2089,0,324.133,4.249,76.688,304.813,79.188,-0.484,0.305,0.277,0.305,4.238,-13.203,2.662,2.932,1.049,1.303,0,NULL,NULL,,3,1,2,7,255,999,250,0,0
stim,28318,58439,1,58439,3255754.453,0.794,0.333,0.199,0.468,0,0,0,0,0,0,0,0,58,1.259,1,2089,0,331.391,5.707,82.313,312.813,72.063,-0.469,0.336,0.406,0.305,5.699,-12.141,2.684,2.954,1.049,1.303,0,NULL,NULL,,3,1,2,7,255,999,250,0,0
stim,28318,58439,1,58439,3255759.455,0.799,0.323,0.189,0.470,0,0,0,0,0,0,0,0,58,1.259,1,2089,0,339.542,6.717,85.625,321.625,67.188,-0.434,0.332,0.500,0.664,6.684,-11.152,2.702,2.974,1.049,1.303,0,NULL,NULL,,3,1,2,7,255,999,250,0,0
stim,28318,58439,1,58439,3255764.454,0.805,0.314,0.178,0.472,0,0,0,0,0,0,0,0,58,1.259,1,2089,0,348.864,7.160,89.000,330.625,66.875,-0.422,0.297,0.590,0.664,7.129,-10.074,2.716,2.992,1.049,1.303,0,NULL,NULL,,3,1,2,7,255,999,250,0,0
stim,28318,58439,1,58439,3255769.455,0.809,0.304,0.168,0.474,0,0,0,0,0,0,0,1,58,1.259,1,2089,0,357.413,7.577,92.813,339.000,64.875,-0.465,0.293,0.715,0.625,7.551,-9.063,2.732,3.010,1.049,1.303,0,NULL,NULL,,3,1,2,7,255,999,250,0,0
stim,28339,58460,1,58460,3255774.454,0.814,0.294,0.157,0.476,0,0,0,0,0,0,0,2,58,1.259,1,2089,0,363.231,8.644,89.625,348.625,48.625,-0.477,0.371,0.828,0.625,8.621,-8.148,2.748,3.028,1.049,1.303,0,NULL,NULL,,3,1,2,7,255,999,250,0,0
stim,28339,58460,1,58460,3255779.455,0.818,0.284,0.145,0.479,0,0,0,0,0,0,0,5,58,1.259,1,2089,0,367.322,9.331,83.375,355.938,35.813,-0.441,0.324,0.855,0.996,9.277,-7.352,2.768,3.050,1.049,1.303,0,NULL,NULL,,3,1,2,7,255,999,250,0,0
stim,28339,58460,1,58460,3255784.454,0.821,0.273,0.134,0.482,0,0,0,0,0,0,0,5,58,1.259,1,2089,0,372.800,9.343,85.438,361.625,30.125,-0.387,0.289,0.918,1.102,9.277,-6.520,2.790,3.076,1.049,1.303,0,NULL,NULL,,3,1,2,7,255,999,250,0,0
stim,28339,58460,1,58460,3255789.455,0.825,0.263,0.122,0.486,0,0,0,0,0,0,0,7,58,1.259,1,2089,0,375.834,9.063,78.625,366.813,22.750,-0.406,0.246,0.914,0.996,9.008,-5.367,2.818,3.106,1.049,1.303,0,NULL,NULL,,3,1,2,7,255,999,250,0,0
stim,28361,58482,1,58482,3255794.453,0.828,0.252,0.111,0.489,0,0,0,0,0,0,0,8,58,1.259,1,2089,0,378.297,8.869,79.688,369.438,16.563,-0.371,0.262,0.922,1.102,8.801,-5.070,2.850,3.140,1.049,1.303,0,NULL,NULL,,3,1,2,7,255,999,250,0,0
stim,28361,58482,1,58482,3255799.455,0.830,0.241,0.099,0.493,0,0,0,0,0,0,0,13,58,1.259,1,2089,0,378.949,8.529,78.313,370.688,7.750,-0.359,0.219,0.848,0.836,8.488,-4.828,2.886,3.178,1.049,1.303,0,NULL,NULL,,3,1,2,7,255,999,250,0,0
stim,28361,58482,1,58482,3255804.454,0.832,0.230,0.087,0.497,0,0,0,0,0,0,0,9,58,1.259,1,2089,0,381.297,7.793,89.000,370.750,-3.313,-0.281,0.258,0.824,1.129,7.711,-4.660,2.924,3.220,1.049,1.303,0,NULL,NULL,,3,1,2,7,255,999,250,0,0
stim,28361,58482,1,58482,3255809.455,0.834,0.218,0.077,0.501,0,0,0,0,0,0,0,16,58,1.259,1,2089,0,382.402,7.161,104.500,367.813,-5.000,-0.227,0.223,0.816,1.633,6.973,-4.613,2.968,3.264,1.049,1.303,0,NULL,NULL,,3,1,2,7,255,999,250,0,0
stim,28384,58505,1,58505,3255814.453,0.836,0.206,0.066,0.505,0,0,0,0,0,0,0,16,58,1.259,1,2089,0,384.795,6.396,116.375,366.750,-4.313,-0.145,0.102,0.871,1.633,6.184,-4.203,3.010,3.310,1.049,1.303,0,NULL,NULL,,3,1,2,7,255,999,250,0,0
stim,28384,58505,1,58505,3255819.455,0.838,0.193,0.055,0.508,0,0,0,0,0,0,0,14,58,1.259,1,2089,0,382.559,5.370,124.563,361.625,7.938,-0.133,0.160,0.902,1.664,5.105,-2.902,3.054,3.354,1.049,1.303,0,NULL,NULL,,3,1,2,7,255,999,250,0,0
stim,28415,58536,1,58536,3255824.454,0.840,0.180,0.046,0.510,0,0,0,0,0,0,0,9,58,1.259,1,2089,0,383.076,5.419,142.063,355.375,16.563,-0.172,0.246,0.938,1.816,5.105,-2.574,3.094,3.398,1.049,1.303,0,NULL,NULL,,3,1,2,7,255,999,250,0,0
stim,28415,58536,1,58536,3255829.455,0.842,0.166,0.036,0.512,0,0,0,0,0,0,0,18,58,1.259,1,2089,0,386.735,6.147,161.438,351.188,13.000,-0.203,0.273,1.059,2.426,5.648,-2.461,3.132,3.440,1.049,1.303,0,NULL,NULL,,3,1,2,7,255,999,250,0,0
stim,28415,58536,1,58536,3255834.453,0.843,0.152,0.027,0.514,0,0,0,0,0,0,0,18,58,1.259,1,2089,0,387.148,6.338,169.938,347.750,8.625,-0.168,0.246,1.164,2.707,5.730,-1.293,3.168,3.478,1.049,1.303,0,NULL,NULL,,3,1,2,7,255,999,250,0,0
stim,28415,58536,1,58536,3255839.458,0.845,0.138,0.019,0.516,0,0,0,0,0,0,0,27,58,1.259,1,2089,0,387.446,6.387,179.063,343.250,15.188,-0.133,0.250,1.254,2.820,5.730,0.031,3.204,3.514,1.049,1.303,0,NULL,NULL,,3,1,2,7,255,999,250,0,0
stim,28415,58536,1,58536,3255844.453,0.847,0.123,0.010,0.518,0,0,0,0,0,0,0,43,58,1.259,1,2089,0,390.729,6.503,192.250,339.313,24.000,-0.176,0.273,1.379,3.125,5.703,1.094,3.234,3.548,1.049,1.303,0,NULL,NULL,,3,1,2,7,255,999,250,0,0
stim,28415,58536,1,58536,3255849.455,0.848,0.108,0.002,0.519,0,0,0,0,0,0,0,40,58,1.259,1,2089,0,393.847,6.578,203.688,336.063,26.250,-0.254,0.285,1.559,3.277,5.703,2.340,3.264,3.580,1.049,1.303,0,NULL,NULL,,3,1,2,7,255,999,250,0,0
stim,28415,58536,1,58536,3255854.453,0.849,0.093,-0.005,0.520,0,0,0,0,0,0,0,43,58,1.259,1,2089,0,393.619,7.144,209.625,332.375,22.813,-0.301,0.270,1.738,3.277,6.348,4.152,3.294,3.610,1.049,1.303,0,NULL,NULL,,3,1,2,7,255,999,250,0,0
stim,28415,58536,1,58536,3255859.455,0.850,0.077,-0.013,0.521,0,0,0,0,0,0,0,37,58,1.259,1,2089,0,389.732,7.144,209.063,328.375,18.813,-0.297,0.277,1.895,3.277,6.348,6.070,3.320,3.640,1.049,1.303,0,NULL,NULL,,3,1,2,7,255,999,250,0,0
stim,28440,58561,1,58561,3255864.453,0.851,0.062,-0.020,0.522,0,0,0,0,0,0,0,31,58,1.259,1,2089,0,384.406,7.038,205.313,324.563,16.563,-0.277,0.281,2.004,3.391,6.168,7.785,3.348,3.670,1.049,1.303,0,NULL,NULL,,3,1,2,7,255,999,250,0,0
stim,28440,58561,1,58561,3255869.455,0.851,0.047,-0.027,0.522,0,0,0,0,0,0,0,25,58,1.259,1,2089,0,381.434,6.582,204.188,321.875,14.000,-0.258,0.270,2.094,3.598,5.512,9.047,3.374,3.700,1.049,1.303,0,NULL,NULL,,3,1,2,7,255,999,250,0,0
stim,28440,58561,1,58561,3255874.454,0.851,0.032,-0.035,0.523,0,0,0,0,0,0,0,17,58,1.259,1,2089,0,380.916,5.946,204.688,321.125,8.875,-0.230,0.199,2.180,3.598,4.734,10.137,3.402,3.728,1.049,1.303,0,NULL,NULL,,3,1,2,7,255,999,250,0,0
stim,28440,58561,1,58561,3255879.455,0.850,0.017,-0.042,0.524,0,0,0,0,0,0,0,16,58,1.259,1,2089,0,381.805,4.761,204.938,322.125,3.375,-0.172,0.094,2.234,3.211,3.516,11.199,3.428,3.756,1.049,1.303,0,NULL,NULL,,3,1,2,7,255,999,250,0,0
stim,28440,58561,1,58561,3255884.453,0.850,0.002,-0.049,0.525,0,0,0,0,0,0,0,20,58,1.259,1,2089,0,385.249,3.135,206.563,325.188,-1.250,-0.098,0.004,2.230,2.547,1.828,11.938,3.454,3.784,1.049,1.303,0,NULL,NULL,,3,1,2,7,255,999,250,0,0
stim,28440,58561,1,58561,3255889.455,0.848,-0.014,-0.056,0.526,0,0,0,0,0,0,0,27,58,1.259,1,2089,0,392.893,2.008,215.938,328.188,-5.375,-0.023,-0.078,2.207,2.008,0.051,11.938,3.482,3.814,1.049,1.303,0,NULL,NULL,,3,1,2,7,255,999,250,0,0
stim,28459,58580,1,58580,3255894.454,0.847,-0.030,-0.063,0.527,0,0,0,0,0,0,0,39,58,1.259,1,2089,0,405.164,2.251,235.125,329.813,-9.875,0.070,-0.172,2.211,1.477,-1.699,11.711,3.508,3.844,1.049,1.303,0,NULL,NULL,,3,1,2,7,255,999,250,0,0
stim,28459,58580,1,58580,3255899.455,0.845,-0.047,-0.069,0.528,0,0,0,0,0,0,0,39,58,1.259,1,2089,0,420.015,3.772,260.125,329.375,-16.125,0.207,-0.262,2.281,0.926,-3.656,11.711,3.534,3.872,1.049,1.303,0,NULL,NULL,,3,1,2,7,255,999,250,0,0
stim,28459,58580,1,58580,3255904.453,0.842,-0.065,-0.074,0.530,0,0,0,0,0,0,0,43,58,1.259,1,2089,0,435.889,6.175,287.188,327.063,-23.500,0.414,-0.309,2.422,0.926,-6.105,11.953,3.558,3.896,1.049,1.303,0,NULL,NULL,,3,1,2,7,255,999,250,0,0
stim,28459,58580,1,58580,3255909.455,0.839,-0.083,-0.079,0.531,0,0,0,0,0,0,0,47,58,1.259,1,2089,0,451.215,9.172,312.688,323.875,-30.438,0.664,-0.313,2.633,0.930,-9.125,12.703,3.578,3.920,1.049,1.303,0,NULL,NULL,,3,1,2,7,255,999,250,0,0
stim,28481,58602,1,58602,3255914.454,0.836,-0.103,-0.083,0.533,0,0,0,0,0,0,0,53,58,1.259,1,2089,0,460.246,12.686,329.563,319.500,-33.688,0.883,-0.340,2.883,1.766,-12.563,13.813,3.594,3.938,1.049,1.303,0,NULL,NULL,,3,1,2,7,255,999,250,0,0
stim,28481,58602,1,58602,3255919.455,0.832,-0.122,-0.087,0.534,0,0,0,0,0,0,0,55,58,1.259,1,2089,0,458.724,16.158,333.375,313.375,-32.938,1.051,-0.383,3.129,2.082,-16.023,15.195,3.606,3.950,1.049,1.303,0,NULL,NULL,,3,1,2,7,255,999,250,0,0
stim,28526,58647,1,58647,3255924.454,0.828,-0.141,-0.091,0.535,0,0,0,0,0,0,0,51,58,1.259,1,2089,0,448.156,19.353,325.250,306.375,-34.500,1.211,-0.383,3.301,2.172,-19.230,16.434,3.610,3.958,1.049,1.303,0,NULL,NULL,,3,1,2,7,255,999,250,0,0
stim,28526,58647,1,58647,3255929.455,0.824,-0.159,-0.094,0.536,0,0,0,0,0,0,0,53,58,1.259,1,2089,0,433.605,22.207,311.375,298.875,-41.625,1.379,-0.355,3.434,2.281,-22.090,16.824,3.608,3.956,1.049,1.303,0,NULL,NULL,,3,1,2,7,255,999,250,0,0
stim,28526,58647,1,58647,3255934.454,0.819,-0.176,-0.099,0.538,0,0,0,0,0,0,0,52,58,1.259,1,2089,0,416.920,24.918,291.250,293.313,-54.438,1.539,-0.348,3.551,2.719,-24.770,16.824,3.594,3.946,1.049,1.303,0,NULL,NULL,,3,1,2,7,255,999,250,0,0
stim,28526,58647,1,58647,3255939.457,0.814,-0.191,-0.103,0.539,0,0,0,0,0,0,0,48,58,1.259,1,2089,0,395.978,27.582,263.313,287.688,-68.563,1.734,-0.270,3.695,2.898,-27.430,16.527,3.572,3.926,1.049,1.303,0,NULL,NULL,,3,1,2,7,255,999,250,0,0
stim,28526,58647,1,58647,3255944.453,0.808,-0.205,-0.109,0.541,0,0,0,0,0,0,0,49,58,1.259,1,2089,0,368.706,30.429,219.938,283.000,-86.500,2.063,-0.105,3.758,3.887,-30.180,16.379,3.536,3.892,1.049,1.303,0,NULL,NULL,,3,1,2,7,255,999,250,0,0
stim,28526,58647,1,58647,3255949.455,0.803,-0.217,-0.116,0.543,0,0,0,0,0,0,0,61,58,1.259,1,2089,0,335.685,33.951,158.125,278.375,-100.938,2.516,-0.090,3.598,6.188,-33.383,15.016,3.486,3.844,1.049,1.303,0,NULL,NULL,,3,1,2,7,255,999,250,0,0
stim,28526,58647,1,58647,3255954.454,0.798,-0.226,-0.124,0.545,0,0,0,0,0,0,0,83,58,1.259,1,2089,0,302.492,37.795,93.750,270.813,-96.813,2.969,-0.273,3.195,7.750,-36.992,10.840,3.420,3.782,1.049,1.303,0,NULL,NULL,,3,1,2,7,255,999,250,0,0
stim,28526,58647,1,58647,3255959.455,0.794,-0.233,-0.132,0.546,0,0,0,0,0,0,0,153,58,1.259,1,2089,0,274.835,40.579,45.250,259.375,-78.813,3.371,-0.465,2.648,7.750,-39.832,4.086,3.340,3.704,1.049,1.303,0,NULL,NULL,,3,1,2,7,255,999,250,0,0
stim,28526,58647,1,58647,3255964.453,0.791,-0.239,-0.141,0.546,0,0,0,0,0,0,0,207,58,1.259,1,2089,0,251.613,41.941,18.688,243.500,-60.563,3.813,-0.570,2.082,7.750,-41.219,-3.711,3.250,3.614,1.049,1.303,0,NULL,NULL,,3,1,2,7,255,999,250,0,0
stim,28526,58647,0,58647,3255969.455,0.788,-0.244,-0.149,0.545,0,0,0,0,0,0,0,317,58,1.259,1,2089,0,229.967,42.977,7.250,226.313,-40.188,4.414,-0.566,1.465,8.180,-42.191,-11.637,3.146,3.514,1.049,1.303,0,NULL,NULL,,3,0,2,7,255,996,250,0,0
stim,28526,58647,0,58647,3255974.454,0.786,-0.250,-0.156,0.543,0,0,0,0,0,0,0,363,58,1.259,1,2089,0,209.619,43.808,24.938,208.125,-1.500,4.863,-0.566,0.703,10.355,-42.566,-20.547,3.034,3.402,1.049,1.303,0,NULL,NULL,,3,0,2,7,255,996,250,0,0
stim,28526,58647,0,58647,3255979.455,0.784,-0.254,-0.161,0.542,0,0,0,0,0,0,0,363,58,1.259,1,2089,0,154.626,44.689,25.438,151.875,-14.000,5.152,-1.773,0.570,10.355,-43.473,-29.848,2.908,3.278,1.049,1.303,0,NULL,NULL,,3,0,2,7,255,996,250,0,0
stim,28551,58672,0,58672,3255984.453,0.784,-0.261,-0.163,0.540,0,0,0,0,0,0,0,350,58,1.259,1,2089,0,176.079,47.300,90.438,141.313,53.438,5.422,-2.520,0.152,1.910,-47.262,-35.383,2.770,3.142,1.049,1.303,0,NULL,NULL,,3,0,2,7,255,996,250,0,0
stim,28551,58672,0,58672,3255989.455,0.784,-0.272,-0.159,0.535,0,0,0,0,0,0,0,319,58,1.259,1,2089,0,290.298,48.884,220.625,90.250,165.688,5.305,-3.266,0.242,-3.715,-48.742,-42.352,2.616,2.992,1.049,1.303,0,NULL,NULL,,3,0,2,7,255,996,250,0,0
stim,28551,58672,0,58672,3255994.454,0.784,-0.288,-0.149,0.529,0,0,0,0,0,0,0,243,58,1.259,1,2089,0,443.738,49.713,374.688,50.438,232.313,4.164,-2.844,0.816,-9.777,-48.742,-42.352,2.452,2.828,1.049,1.303,0,NULL,NULL,,3,0,2,7,255,996,250,0,0
stim,28551,58672,0,58672,3255999.455,0.783,-0.306,-0.136,0.525,0,0,0,0,0,0,0,214,58,1.259,1,2089,0,515.230,44.479,476.375,3.813,196.250,3.199,-1.645,2.285,-9.777,-43.391,-32.965,2.276,2.654,1.049,1.303,0,NULL,NULL,,3,0,2,7,255,996,250,0,0
stim,28576,58697,0,58697,3256004.453,0.780,-0.319,-0.124,0.523,0,0,0,150,0,0,0,409,58,1.259,1,2089,0,428.756,42.654,407.875,-51.000,121.938,1.879,-0.262,4.633,-3.574,-42.504,-14.012,2.092,2.470,1.049,1.303,0,NULL,NULL,,3,0,2,7,255,996,250,0,0
stim,28576,58697,0,58697,3256009.455,0.781,-0.340,-0.092,0.516,446,0,0,905,0,37,0,442,58,1.259,1,2089,0,888.907,42.654,719.250,-289.625,434.688,1.379,-0.113,9.848,-3.574,-42.504,14.855,1.902,2.280,1.049,1.303,0,NULL,NULL,,3,0,2,7,255,996,250,0,0
stim,28576,58697,0,58697,3256014.454,0.790,-0.338,-0.079,0.505,985,0,0,1449,0,235,0,547,58,1.259,1,2089,0,423.299,71.008,15.500,-191.375,377.250,1.289,0.285,10.746,-11.523,-70.066,56.969,1.708,2.082,1.049,1.303,0,NULL,NULL,,3,0,2,7,255,996,250,0,0
stim,28576,58697,0,58697,3256019.455,0.817,-0.292,-0.096,0.487,1577,0,0,1806,0,553,0,572,58,1.259,1,2089,0,1330.911,71.008,-1256.375,-139.750,416.313,-0.168,3.426,3.391,-11.523,-70.066,56.969,1.508,1.880,1.049,1.303,0,NULL,NULL,,3,0,2,7,255,996,250,0,0
stim,28619,58740,0,58740,3256024.454,0.841,-0.244,-0.113,0.470,1973,0,0,1973,0,841,0,599,58,1.259,1,2090,0,1358.990,25.023,-1293.875,-180.250,374.500,-1.023,5.426,-1.891,24.512,-5.031,30.270,1.304,1.674,1.049,1.303,1,1030.000,34.000,,3,0,2,7,255,996,250,0,0
stim,28619,58740,0,58740,3256029.455,0.854,-0.219,-0.119,0.456,2205,0,0,2137,0,985,0,645,58,1.259,1,2090,0,730.223,47.661,-657.375,-112.813,297.250,-2.508,3.055,-3.598,24.512,40.875,-6.906,1.098,1.464,1.049,1.303,1,NULL,NULL,,3,0,2,7,255,996,250,0,0
stim,28619,58740,0,58740,3256034.453,0.858,-0.210,-0.115,0.455,2386,0,0,2221,0,1177,0,747,58,1.259,1,2090,0,247.504,42.100,-163.813,-174.938,61.813,-2.758,-0.652,-1.684,10.082,40.875,-15.453,0.890,1.252,1.049,1.303,1,NULL,NULL,,3,0,2,7,255,996,250,0,0
stim,28619,58740,0,58740,3256039.457,0.857,-0.210,-0.108,0.458,2525,0,0,2309,0,1323,0,821,58,1.259,1,2090,0,189.385,24.077,99.188,-154.125,-47.688,-0.480,-0.098,1.148,-3.289,23.852,-15.453,0.684,1.036,1.049,1.303,1,NULL,NULL,,3,0,2,7,255,996,250,0,0
stim,28619,58740,0,58740,3256044.453,0.857,-0.210,-0.103,0.458,2696,0,0,2541,0,1449,0,893,58,1.259,1,2090,0,125.547,3.667,57.938,-109.500,20.375,0.688,2.578,2.164,-3.289,-1.621,1.836,0.486,0.822,1.049,1.303,1,NULL,NULL,,3,0,2,7,255,996,250,0,0
stim,28619,58740,0,58740,3256049.455,0.862,-0.204,-0.099,0.453,2813,0,0,2705,0,1502,0,1039,58,1.259,1,2090,0,235.412,14.524,-123.500,-118.250,161.813,-0.336,2.004,2.297,14.434,-1.621,12.793,0.328,0.614,1.049,1.303,2,NULL,NULL,,3,0,2,7,255,996,250,0,0
stim,28619,58740,0,58740,3256054.454,0.871,-0.187,-0.099,0.444,2895,0,0,2827,0,1568,0,1150,58,1.259,1,2090,0,482.624,14.740,-390.188,-174.250,224.313,-2.094,-0.398,1.270,14.434,2.988,12.793,0.268,0.442,1.049,1.303,2,NULL,NULL,,3,0,2,7,255,996,250,0,0
stim,28619,58740,0,58740,3256059.455,0.874,-0.167,-0.100,0.444,2956,0,0,2899,0,1622,0,1316,58,1.259,1,2090,0,459.382,16.893,-424.438,-173.063,-30.563,-2.488,-1.152,-0.566,-14.906,7.949,7.734,0.308,0.344,1.049,1.303,2,NULL,NULL,,3,0,2,7,255,996,250,0,0
stim,28619,58740,0,58740,3256064.453,0.873,-0.154,-0.099,0.452,2989,0,0,2963,0,1696,0,1436,58,1.259,1,2090,0,359.839,16.893,-217.750,-193.500,-211.250,-1.176,-0.832,-0.953,-14.906,7.949,-9.016,0.366,0.330,1.049,1.303,2,NULL,NULL,,3,0,2,7,255,996,250,0,0
stim,28619,58740,0,58740,3256069.455,0.868,-0.149,-0.092,0.464,3035,0,0,3019,0,1801,0,1567,58,1.259,1,2090,0,332.948,15.748,8.438,-194.375,-270.188,0.066,-0.906,0.578,-13.914,7.375,-9.016,0.392,0.360,1.049,1.303,2,NULL,NULL,,3,0,2,7,255,996,250,0,0
stim,28652,58773,0,58773,3256074.454,0.865,-0.145,-0.087,0.473,3051,0,0,3067,0,1897,0,1623,58,1.259,1,2090,0,284.785,9.933,1.063,-181.063,-219.813,1.031,-1.336,1.859,-6.855,-7.188,-5.961,0.390,0.394,1.049,1.303,2,NULL,NULL,,3,0,2,7,255,996,250,0,0
stim,28652,58773,0,58773,3256079.455,0.864,-0.137,-0.083,0.477,3061,0,0,3113,0,1992,0,1647,58,1.259,1,2090,0,214.649,21.265,-93.875,-165.750,-98.938,1.625,-1.652,2.008,-4.988,-20.672,2.473,0.384,0.420,1.049,1.303,2,NULL,NULL,,3,0,2,7,255,996,250,0,0
stim,28652,58773,0,58773,3256084.453,0.867,-0.128,-0.081,0.475,3081,0,0,3120,0,2074,0,1654,58,1.259,1,2090,0,244.045,27.503,-188.500,-145.500,53.438,1.527,-2.047,1.594,-4.988,-27.047,2.473,0.392,0.450,1.049,1.303,2,NULL,NULL,,3,0,2,7,255,996,250,0,0
stim,28652,58773,0,58773,3256089.455,0.872,-0.118,-0.079,0.468,3093,0,0,3151,0,2155,0,1691,58,1.259,1,2090,0,313.596,28.290,-199.875,-137.625,198.625,0.684,-1.582,0.555,-8.293,-27.047,-1.063,0.394,0.478,1.049,1.303,2,NULL,NULL,,3,0,2,7,255,996,250,0,0
stim,28653,58774,0,58774,3256094.454,0.879,-0.112,-0.075,0.458,3099,0,0,3164,110,2271,0,1859,58,1.259,1,2090,0,306.496,17.359,-108.938,-140.125,249.875,-0.387,-0.563,0.141,-8.293,-15.250,-7.824,0.380,0.498,1.049,1.303,2,NULL,NULL,,3,0,2,7,255,996,250,0,0
stim,28653,58774,0,58774,3256099.455,0.883,-0.109,-0.069,0.452,3097,0,0,3175,451,2341,158,2031,58,1.259,1,2090,0,226.438,6.705,-11.188,-145.000,173.563,-1.035,0.082,0.813,-6.684,-0.531,-7.824,0.350,0.506,1.049,1.303,2,NULL,NULL,,3,0,2,7,255,996,250,0,0
stim,28653,58774,0,58774,3256104.453,0.883,-0.109,-0.064,0.453,3095,0,0,3183,807,2393,115,2166,58,1.259,1,2090,0,109.247,5.358,43.063,-100.063,-8.250,-0.645,0.426,2.328,-4.980,1.977,0.238,0.316,0.500,1.049,1.303,2,NULL,NULL,,3,0,2,7,255,996,250,0,0
stim,28653,58774,0,58774,3256109.455,0.881,-0.106,-0.063,0.457,3107,0,0,3184,1099,2443,110,2253,58,1.259,1,2090,0,133.494,2.053,-30.500,-61.250,-114.625,0.484,0.949,1.711,0.555,1.977,6.430,0.282,0.474,1.049,1.303,2,NULL,NULL,,3,0,2,7,255,996,250,0,0
stim,28684,58805,0,58805,3256114.454,0.879,-0.104,-0.062,0.461,3096,0,0,3189,1233,2459,109,2325,58,1.259,1,2090,0,106.276,11.150,-30.500,-56.125,-84.938,1.008,1.258,1.453,10.895,-2.375,6.430,0.254,0.428,1.049,1.303,2,NULL,NULL,,3,0,2,7,255,996,250,0,0
stim,28684,58805,0,58805,3256119.455,0.880,-0.101,-0.062,0.461,3101,33,0,3193,1356,2477,183,2375,58,1.259,1,2090,0,64.702,11.676,-59.250,-25.750,-3.563,0.582,0.086,1.711,10.895,-4.199,5.465,0.240,0.366,1.049,1.303,2,NULL,NULL,,3,0,2,7,255,996,250,0,0
stim,28715,58836,0,58836,3256124.454,0.881,-0.095,-0.064,0.459,3095,40,0,3183,1491,2493,189,2411,58,1.259,1,2090,0,152.715,6.960,-149.250,-18.000,26.875,-0.285,-0.883,1.242,4.547,-5.270,3.234,0.250,0.294,1.049,1.303,2,NULL,NULL,,3,0,2,7,255,996,250,0,0
stim,28715,58836,0,58836,3256129.455,0.881,-0.090,-0.066,0.460,3098,79,0,3192,1559,2515,192,2442,58,1.259,1,2090,0,133.120,8.080,-127.063,-16.188,-36.250,-0.520,-0.426,0.457,-6.125,-5.270,1.980,0.268,0.236,1.049,1.303,2,NULL,NULL,,3,0,2,7,255,996,250,0,0
stim,28715,58836,0,58836,3256134.454,0.879,-0.088,-0.066,0.465,3095,103,0,3197,1604,2515,190,2467,58,1.259,1,2090,0,112.306,6.129,-18.188,-14.938,-109.813,-0.105,0.082,0.504,-6.125,0.219,-4.691,0.284,0.200,1.049,1.303,2,NULL,NULL,,3,0,2,7,255,996,250,0,0
stim,28715,58836,0,58836,3256139.457,0.877,-0.089,-0.065,0.468,3103,111,0,3181,1661,2531,197,2483,58,1.259,1,2090,0,96.526,0.378,20.438,-13.000,-93.438,0.352,-0.031,1.094,0.309,0.219,-4.691,0.290,0.184,1.049,1.303,2,NULL,NULL,,3,0,2,7,255,996,250,0,0
stim,28715,58836,0,58836,3256144.453,0.877,-0.087,-0.066,0.469,3087,133,0,3193,1734,2533,203,2494,58,1.259,1,2090,0,34.437,5.181,-29.875,-9.313,-14.375,0.270,-0.379,1.320,0.309,-5.172,-0.043,0.296,0.176,1.049,1.303,2,NULL,NULL,,3,0,2,7,255,996,250,0,0
stim,28715,58836,0,58836,3256149.455,0.877,-0.084,-0.067,0.468,3090,153,0,3195,1774,2535,213,2514,58,1.259,1,2090,0,75.736,5.253,-71.625,-6.688,23.688,-0.199,-0.234,0.988,-0.922,-5.172,-0.043,0.306,0.166,1.049,1.303,2,NULL,NULL,,3,0,2,7,255,996,250,0,0
stim,28715,58836,0,58836,3256154.454,0.877,-0.082,-0.068,0.468,3094,155,17,3193,1819,2537,215,2521,58,1.259,1,2090,0,48.296,1.885,-45.313,-6.250,-15.500,-0.387,0.152,0.742,-0.922,-1.645,-0.070,0.326,0.152,1.049,1.303,2,NULL,NULL,,3,0,2,7,255,996,250,0,0
stim,28715,58836,0,58836,3256159.455,0.876,-0.082,-0.068,0.470,3093,171,45,3188,1851,2531,212,2524,58,1.259,1,2090,0,57.575,0.619,-7.063,-4.813,-56.938,-0.113,0.082,0.918,-0.445,-0.430,-0.734,0.352,0.132,1.049,1.303,2,NULL,NULL,,3,0,2,7,255,996,250,0,0
stim,28739,58860,0,58860,3256164.453,0.875,-0.081,-0.068,0.472,3087,188,133,3181,1838,2537,212,2530,58,1.259,1,2090,0,44.488,0.434,-8.063,-4.063,-43.563,0.141,-0.164,1.121,0.063,-0.430,-0.734,0.374,0.114,1.049,1.303,2,NULL,NULL,,3,0,2,7,255,996,250,0,0
stim,28739,58860,0,58860,3256169.455,0.875,-0.080,-0.068,0.472,3103,191,185,3196,1901,2547,177,2537,58,1.259,1,2090,0,24.826,3.072,-24.688,-2.000,-1.688,0.063,-0.105,1.047,0.113,-3.070,0.086,0.392,0.098,1.049,1.303,2,NULL,NULL,,3,0,2,7,255,996,250,0,0
stim,28739,58860,0,58860,3256174.454,0.875,-0.080,-0.068,0.472,3099,201,221,3190,1931,2542,169,2541,58,1.259,1,2090,0,22.442,3.072,-21.438,-1.625,6.438,-0.164,0.125,0.945,0.113,-3.070,0.086,0.402,0.084,1.049,1.303,2,NULL,NULL,,3,0,2,7,255,996,250,0,0
stim,28739,58860,0,58860,3256179.455,0.875,-0.079,-0.068,0.472,3103,189,250,3189,1941,2541,167,2541,58,1.259,1,2090,0,15.891,0.703,-8.125,-0.938,-13.625,-0.180,0.129,0.973,0.680,0.180,-0.090,0.412,0.074,1.049,1.303,2,NULL,NULL,,3,0,2,7,255,996,250,0,0
stim,28739,58860,0,58860,3256184.453,0.875,-0.079,-0.068,0.473,3093,199,295,3189,1957,2537,157,2543,58,1.379,1,2090,1,22.518,0.703,-4.188,0.000,-22.125,-0.035,-0.012,1.023,0.680,0.180,-0.090,0.000,0.000,1.068,1.365,2,NULL,NULL,,3,0,2,7,255,996,250,0,0
stim,28739,58860,0,58860,3256189.455,0.875,-0.078,-0.069,0.473,3097,211,311,3183,1963,2543,159,2549,58,1.379,1,2090,1,9.230,1.760,-6.813,1.125,-6.125,0.012,-0.086,0.996,0.344,-1.727,-0.090,0.008,0.004,1.068,1.365,2,NULL,NULL,,3,0,2,7,255,996,250,0,0
stim,28759,58880,0,58880,3256194.454,0.875,-0.078,-0.069,0.473,3090,207,317,3188,1965,2541,152,2536,58,1.379,1,2090,1,10.496,1.727,-5.188,1.063,9.063,-0.094,-0.020,0.973,-0.016,-1.727,-0.281,0.012,0.006,1.068,1.365,2,NULL,NULL,,3,0,2,7,255,996,250,0,0
stim,28759,58880,0,58880,3256199.455,0.875,-0.078,-0.069,0.473,3099,204,328,3189,1971,2541,151,2543,58,1.379,1,2090,1,5.079,1.180,0.688,1.250,4.875,-0.191,0.055,1.004,-0.016,-1.180,-0.281,0.018,0.008,1.068,1.365,2,NULL,NULL,,3,0,2,7,255,996,250,0,0
stim,28759,58880,0,58880,3256204.453,0.875,-0.078,-0.069,0.473,3091,196,340,3171,1967,2536,147,2537,58,1.379,1,2090,1,6.563,0.246,2.750,1.000,-5.875,-0.164,0.070,1.031,0.063,-0.238,0.227,0.022,0.010,1.068,1.365,2,NULL,NULL,,3,0,2,7,255,996,250,0,0
stim,28759,58880,0,58880,3256209.455,0.875,-0.078,-0.068,0.473,3080,184,349,3169,1960,2526,147,2529,58,1.379,1,2090,1,7.596,0.421,4.188,0.563,-6.313,-0.086,0.113,1.039,0.348,-0.238,0.379,0.024,0.010,1.068,1.365,2,NULL,NULL,,3,0,2,7,255,996,250,0,0
stim,28781,58902,0,58902,3256214.454,0.875,-0.079,-0.068,0.473,3079,177,357,3164,1959,2525,149,2527,58,1.379,1,2090,1,3.344,1.027,2.313,0.438,2.375,-0.109,0.094,1.047,0.844,-0.586,0.426,0.028,0.012,1.068,1.365,2,NULL,NULL,,3,0,2,7,255,996,250,0,0
stim,28781,58902,0,58902,3256219.455,0.875,-0.078,-0.068,0.473,3081,172,357,3171,1960,2525,148,2528,58,1.379,1,2090,1,5.470,1.027,-1.375,-0.688,5.250,-0.180,0.078,1.027,0.844,-0.586,0.441,0.032,0.014,1.068,1.365,2,NULL,NULL,,3,0,2,7,255,996,250,0,0
stim,28781,58902,0,58902,3256224.454,0.875,-0.078,-0.068,0.473,3059,165,355,3153,1955,2513,143,2525,58,1.379,1,2090,1,2.685,0.320,-0.563,-2.063,1.625,-0.184,0.074,0.992,0.305,-0.098,0.441,0.036,0.016,1.068,1.365,2,NULL,NULL,,3,0,2,7,255,996,250,0,0
stim,28781,58902,0,58902,3256229.455,0.875,-0.078,-0.068,0.473,3055,167,354,3149,1958,2519,145,2525,58,1.379,1,2090,1,4.771,0.268,3.063,-3.438,1.250,-0.152,0.055,0.984,0.250,-0.098,0.082,0.038,0.016,1.068,1.365,2,NULL,NULL,,3,0,2,7,255,996,250,0,0
stim,28830,58951,0,58951,3256234.454,0.875,-0.079,-0.067,0.473,3043,156,361,3132,1963,2503,147,2531,58,1.379,1,2090,1,8.091,0.409,4.875,-4.750,4.375,-0.148,0.063,0.996,0.250,-0.324,0.063,0.038,0.016,1.068,1.365,2,NULL,NULL,,3,0,2,7,255,996,250,0,0
stim,28830,58951,0,58951,3256239.457,0.875,-0.079,-0.067,0.472,3031,155,368,3126,1960,2493,153,2531,58,1.379,1,2090,1,10.094,0.456,5.250,-6.250,5.938,-0.164,0.102,1.000,0.320,-0.324,0.063,0.040,0.018,1.068,1.365,2,NULL,NULL,,3,0,2,7,255,996,250,0,0
stim,28830,58951,0,58951,3256244.453,0.875,-0.079,-0.067,0.472,3015,153,380,3117,1972,2505,175,2537,58,1.379,1,2090,1,9.838,0.458,4.313,-7.250,5.063,-0.180,0.102,1.008,0.457,-0.031,0.156,0.042,0.018,1.068,1.365,2,NULL,NULL,,3,0,2,7,255,996,250,0,0
stim,28830,58951,0,58951,3256249.455,0.875,-0.079,-0.066,0.472,3004,162,405,3109,1995,2489,183,2547,58,1.379,1,2090,1,10.270,0.458,3.125,-8.750,4.375,-0.184,0.066,0.988,0.457,-0.031,0.156,0.042,0.020,1.068,1.365,2,NULL,NULL,,3,0,2,7,255,996,250,0,0
stim,28830,58951,0,58951,3256254.454,0.876,-0.079,-0.066,0.472,2985,151,445,3091,2017,2485,263,2548,58,1.379,1,2090,1,13.267,0.145,4.688,-11.188,5.375,-0.199,0.066,0.969,0.117,0.086,0.055,0.044,0.022,1.068,1.365,2,NULL,NULL,,3,0,2,7,255,996,250,0,0
stim,28830,58951,0,58951,3256259.455,0.876,-0.079,-0.065,0.472,2969,155,498,3079,2024,2479,275,2553,58,1.379,1,2090,1,15.597,0.183,8.188,-13.000,2.688,-0.223,0.117,0.988,0.117,0.141,0.055,0.046,0.022,1.068,1.365,2,NULL,NULL,,3,0,2,7,255,996,250,0,0
stim,28830,58951,0,58951,3256264.453,0.876,-0.079,-0.064,0.472,2951,155,557,3055,2041,2479,287,2571,58,1.379,1,2090,1,17.612,0.664,9.625,-14.313,-3.563,-0.207,0.160,1.020,0.320,0.582,0.152,0.048,0.022,1.068,1.365,2,NULL,NULL,,3,0,2,7,255,996,250,0,0
stim,28830,58951,0,58951,3256269.455,0.876,-0.079,-0.063,0.472,2923,159,620,3039,2068,2488,341,2579,58,1.379,1,2090,1,18.303,0.937,7.250,-15.250,-7.063,-0.160,0.160,1.031,0.734,0.582,0.445,0.048,0.022,1.068,1.365,2,NULL,NULL,,3,0,2,7,255,996,250,0,0
stim,28830,58951,0,58951,3256274.454,0.875,-0.079,-0.063,0.473,2903,171,669,3025,2111,2479,371,2595,58,1.379,1,2090,1,17.257,0.853,2.875,-15.875,-6.125,-0.141,0.129,1.020,0.816,0.246,0.445,0.050,0.022,1.068,1.365,2,NULL,NULL,,3,0,2,7,255,996,250,0,0
stim,28830,58951,0,58951,3256279.457,0.875,-0.079,-0.062,0.473,2877,175,730,3003,2155,2488,429,2608,58,1.379,1,2090,1,17.398,0.818,1.063,-16.250,-6.125,-0.164,0.102,0.980,0.816,0.047,0.297,0.050,0.024,1.068,1.365,2,NULL,NULL,,3,0,2,7,255,996,250,0,0
stim,28848,58969,0,58969,3256284.454,0.875,-0.079,-0.061,0.473,2861,198,792,2989,2205,2494,467,2614,58,1.379,1,2090,1,20.259,0.471,4.250,-17.063,-10.063,-0.180,0.113,0.973,0.469,0.047,-0.023,0.052,0.024,1.068,1.365,2,NULL,NULL,,3,0,2,7,255,996,250,0,0
stim,28848,58969,0,58969,3256289.455,0.875,-0.078,-0.060,0.474,2833,198,883,2965,2257,2489,493,2637,58,1.379,1,2090,1,24.268,0.519,7.125,-17.750,-14.938,-0.164,0.133,0.988,0.469,0.223,-0.023,0.054,0.028,1.068,1.365,2,NULL,NULL,,3,0,2,7,255,996,250,0,0
stim,28848,58969,0,58969,3256294.454,0.875,-0.078,-0.059,0.475,2791,219,955,2939,2297,2491,585,2647,58,1.379,1,2090,1,25.841,0.723,6.875,-18.438,-16.750,-0.145,0.145,1.012,0.688,0.223,0.074,0.054,0.032,1.068,1.365,2,NULL,NULL,,3,0,2,7,255,996,250,0,0
stim,28848,58969,0,58969,3256299.455,0.874,-0.078,-0.058,0.475,2760,251,1023,2909,2335,2493,678,2659,58,1.379,1,2090,1,25.792,0.840,3.813,-18.500,-17.563,-0.156,0.145,1.027,0.820,0.180,0.246,0.056,0.036,1.068,1.365,2,NULL,NULL,,3,0,2,7,255,996,250,0,0
stim,28875,58996,0,58996,3256304.454,0.874,-0.078,-0.058,0.476,2719,252,1133,2886,2381,2496,812,2676,58,1.379,1,2090,1,28.269,0.840,0.000,-19.063,-20.875,-0.176,0.137,1.023,0.820,0.180,0.426,0.058,0.042,1.068,1.365,2,NULL,NULL,,3,0,2,7,255,996,250,0,0
stim,28875,58996,0,58996,3256309.455,0.874,-0.077,-0.057,0.477,2671,267,1227,2859,2427,2504,925,2687,58,1.379,1,2090,1,32.227,0.707,-3.125,-20.250,-24.875,-0.180,0.113,1.016,0.648,0.281,0.426,0.060,0.050,1.068,1.365,2,NULL,NULL,,3,0,2,7,255,996,250,0,0
stim,28875,58996,0,58996,3256314.454,0.873,-0.077,-0.056,0.478,2616,265,1322,2837,2473,2513,1047,2713,58,1.379,1,2090,1,37.280,0.569,-4.625,-20.375,-30.875,-0.191,0.125,1.023,0.473,0.316,0.426,0.064,0.056,1.068,1.365,2,NULL,NULL,,3,0,2,7,255,996,250,0,0
stim,28875,58996,0,58996,3256319.455,0.872,-0.076,-0.056,0.480,2553,282,1464,2815,2520,2519,1177,2723,58,1.379,1,2090,1,45.095,0.636,-10.375,-21.063,-38.500,-0.195,0.133,1.059,0.473,0.426,0.453,0.068,0.060,1.068,1.365,2,NULL,NULL,,3,0,2,7,255,996,250,0,0
stim,28919,59040,0,59040,3256324.454,0.871,-0.074,-0.056,0.482,2489,283,1603,2779,2551,2511,1288,2735,58,1.379,1,2090,1,55.758,0.675,-21.500,-21.063,-46.938,-0.180,0.129,1.090,0.523,0.426,0.781,0.070,0.064,1.068,1.365,2,NULL,NULL,,3,0,2,7,255,996,250,0,0
stim,28919,59040,0,59040,3256329.455,0.870,-0.073,-0.055,0.484,2420,285,1747,2745,2587,2516,1407,2749,58,1.379,1,2090,1,65.565,0.592,-32.688,-20.688,-52.938,-0.141,0.094,1.047,0.523,0.277,0.781,0.072,0.066,1.068,1.365,2,NULL,NULL,,3,0,2,7,255,996,250,0,0
stim,28919,59040,0,59040,3256334.454,0.870,-0.070,-0.056,0.486,2344,301,1861,2707,2627,2519,1513,2767,58,1.379,1,2090,1,68.334,0.536,-39.750,-21.063,-51.438,-0.125,0.023,1.008,0.523,-0.117,0.559,0.072,0.068,1.068,1.365,2,NULL,NULL,,3,0,2,7,255,996,250,0,0
stim,28919,59040,0,59040,3256339.455,0.869,-0.068,-0.056,0.487,2253,311,1965,2665,2660,2521,1617,2779,58,1.379,1,2090,1,70.616,0.469,-44.125,-21.688,-50.688,-0.152,-0.020,1.020,0.000,-0.469,0.289,0.072,0.070,1.068,1.365,2,NULL,NULL,,3,0,2,7,255,996,250,0,0
stim,28919,59040,0,59040,3256344.454,0.868,-0.065,-0.056,0.490,2155,317,2071,2613,2713,2532,1736,2797,58,1.379,1,2090,0,82.701,0.644,-54.938,-22.375,-57.625,-0.199,-0.047,1.082,-0.441,-0.469,0.289,0.072,0.070,1.068,1.365,2,NULL,NULL,,3,0,2,7,255,996,250,0,0
stim,28919,59040,0,59040,3256349.455,0.867,-0.062,-0.057,0.492,2055,318,2191,2567,2727,2530,1833,2826,58,1.379,1,2090,0,103.025,0.946,-72.688,-22.563,-69.438,-0.188,-0.074,1.082,-0.832,-0.449,0.926,0.072,0.072,1.068,1.365,2,NULL,NULL,,3,0,2,7,255,996,250,0,0
stim,28919,59040,0,59040,3256354.454,0.865,-0.058,-0.058,0.495,1953,310,2287,2508,2759,2535,1949,2835,58,1.379,1,2090,0,109.575,0.946,-79.188,-24.063,-71.813,-0.117,-0.063,0.945,-0.832,-0.449,0.926,0.072,0.074,1.068,1.365,2,NULL,NULL,,3,0,2,7,255,996,250,0,0
stim,28919,59040,0,59040,3256359.455,0.864,-0.054,-0.059,0.497,1815,304,2375,2440,2781,2535,2042,2853,58,1.379,1,2090,0,98.334,0.909,-67.438,-25.813,-66.750,-0.070,-0.039,0.879,-0.535,-0.734,-0.480,0.072,0.074,1.068,1.365,2,NULL,NULL,,3,0,2,7,255,996,250,0,0
stim,28919,59040,0,59040,3256364.454,0.863,-0.052,-0.059,0.499,1657,295,2457,2343,2808,2536,2139,2861,58,1.379,1,2090,0,85.974,0.744,-54.250,-29.000,-60.063,-0.117,0.008,0.941,-0.121,-0.734,-0.500,0.074,0.076,1.068,1.365,2,NULL,NULL,,3,0,2,7,255,996,250,0,0
stim,28919,59040,0,59040,3256369.455,0.862,-0.049,-0.059,0.502,1447,280,2536,2233,2841,2533,2213,2886,58,1.379,1,2090,0,87.031,0.303,-42.063,-30.375,-69.875,-0.195,0.090,0.918,0.113,-0.281,-0.645,0.074,0.076,1.068,1.365,2,NULL,NULL,,3,0,2,7,255,996,250,0,0
stim,28942,59063,0,59063,3256374.454,0.860,-0.047,-0.058,0.504,1259,265,2590,2147,2861,2535,2309,2877,58,1.379,1,2090,0,86.901,0.303,-34.375,-32.125,-73.063,-0.086,-0.078,1.020,0.113,-0.281,-0.500,0.076,0.074,1.068,1.365,2,NULL,NULL,,3,0,2,7,255,996,250,0,0
stim,28942,59063,0,59063,3256379.455,0.859,-0.044,-0.058,0.507,1093,237,2647,2015,2873,2532,2377,2908,58,1.379,1,2090,0,82.275,1.027,-37.500,-33.125,-65.313,-0.031,-0.121,1.078,-0.352,-0.965,0.207,0.076,0.074,1.068,1.365,2,NULL,NULL,,3,0,2,7,255,996,250,0,0
stim,28942,59063,0,59063,3256384.454,0.858,-0.042,-0.057,0.509,910,219,2685,1815,2895,2527,2425,2909,58,1.379,1,2090,0,74.506,1.690,-43.750,-33.813,-49.938,-0.008,-0.141,1.086,-0.422,-1.637,0.703,0.078,0.072,1.068,1.365,2,NULL,NULL,,3,0,2,7,255,996,250,0,0
stim,28942,59063,0,59063,3256389.455,0.858,-0.039,-0.057,0.510,655,173,2724,1556,2919,2520,2501,2917,58,1.379,1,2090,0,66.940,1.690,-45.875,-34.813,-34.125,-0.039,-0.055,1.066,-0.422,-1.637,0.703,0.078,0.072,1.068,1.365,2,NULL,NULL,,3,0,2,7,255,996,250,0,0
stim,28961,59082,0,59082,3256394.454,0.857,-0.036,-0.057,0.511,431,99,2771,1325,2931,2504,2549,2931,58,1.379,1,2090,0,65.754,1.141,-46.875,-36.250,-28.500,-0.090,0.051,1.031,0.164,-1.129,0.586,0.082,0.070,1.068,1.365,2,NULL,NULL,,3,0,2,7,255,996,250,0,0
stim,28961,59082,0,59082,3256399.455,0.857,-0.034,-0.056,0.512,277,74,2803,1067,2951,2494,2595,2939,58,1.379,1,2090,0,61.673,0.819,-37.500,-38.000,-30.875,-0.125,0.070,1.004,0.809,-0.129,0.324,0.084,0.070,1.068,1.365,2,NULL,NULL,,3,0,2,7,255,996,250,0,0
stim,28961,59082,0,59082,3256404.454,0.856,-0.032,-0.055,0.513,118,35,2837,827,2971,2479,2634,2939,58,1.379,1,2090,0,62.913,0.823,-31.938,-40.688,-35.813,-0.066,0.039,0.992,0.813,-0.129,0.070,0.084,0.070,1.068,1.365,2,NULL,NULL,,3,0,2,7,255,996,250,0,0
stim,28961,59082,0,59082,3256409.455,0.855,-0.030,-0.054,0.514,29,1,2847,573,2981,2466,2674,2964,58,1.379,1,2090,0,57.946,0.859,-20.813,-43.688,-31.875,-0.035,0.066,1.020,0.820,-0.254,0.070,0.086,0.072,1.068,1.365,2,NULL,NULL,,3,0,2,7,255,996,250,0,0
stim,28984,59105,0,59105,3256414.454,0.855,-0.028,-0.052,0.515,8,0,2871,365,2997,2440,2701,2969,58,1.379,1,2090,0,61.666,1.264,-22.125,-45.063,-35.813,0.012,0.063,1.023,1.199,-0.398,0.105,0.088,0.072,1.068,1.365,2,NULL,NULL,,3,0,2,7,255,996,250,0,0
stim,28984,59105,0,59105,3256419.455,0.854,-0.026,-0.051,0.517,0,0,2892,254,2999,2419,2731,2980,58,1.379,1,2090,0,59.250,1.421,-19.438,-48.500,-27.938,0.027,-0.074,1.004,1.199,-0.762,0.105,0.092,0.074,1.068,1.365,2,NULL,NULL,,3,0,2,7,255,996,250,0,0
stim,29014,59135,0,59135,3256424.454,0.855,-0.025,-0.049,0.516,0,0,2907,178,3029,2405,2765,2983,58,1.379,1,2090,0,57.623,0.808,10.875,-56.063,7.688,-0.215,-0.160,1.160,0.270,-0.762,0.105,0.096,0.074,1.068,1.365,2,NULL,NULL,,3,0,2,7,255,996,250,0,0
stim,29014,59135,0,59135,3256429.455,0.855,-0.025,-0.046,0.516,0,0,2916,151,3032,2385,2782,2983,58,1.379,1,2090,0,74.285,1.496,29.625,-66.063,16.625,-0.469,-0.262,1.406,-1.488,0.156,1.762,0.096,0.078,1.068,1.365,2,NULL,NULL,,3,0,2,7,255,996,250,0,0
stim,29014,59135,0,59135,3256434.454,0.855,-0.025,-0.042,0.516,0,0,2925,111,3043,2349,2813,2987,58,1.379,1,2090,0,89.243,3.807,46.938,-75.875,2.063,-0.563,-0.242,1.672,-3.391,1.730,4.480,0.092,0.082,1.068,1.365,2,NULL,NULL,,3,0,2,7,255,996,250,0,0
stim,29014,59135,0,59135,3256439.455,0.855,-0.023,-0.039,0.516,0,0,2939,30,3055,2319,2841,2990,58,1.379,1,2090,0,83.986,3.807,-10.313,-82.188,-13.875,-0.199,-0.020,1.543,-3.391,1.730,5.441,0.084,0.088,1.068,1.365,3,NULL,NULL,,3,0,2,7,255,996,250,0,0
stim,29014,59135,0,59135,3256444.454,0.855,-0.019,-0.038,0.517,0,0,2941,10,3063,2275,2860,2988,58,1.379,1,2090,0,98.893,0.566,-57.125,-78.563,-18.563,-0.008,-0.004,1.145,-0.066,0.563,5.441,0.078,0.094,1.068,1.365,3,NULL,NULL,,3,0,2,7,255,996,250,0,0
stim,29014,59135,0,59135,3256449.455,0.856,-0.016,-0.035,0.516,0,0,2950,0,3063,2227,2879,2997,58,1.379,1,2090,0,93.684,0.721,-26.438,-87.313,21.313,-0.051,0.090,1.020,0.660,0.289,1.359,0.074,0.102,1.068,1.365,3,NULL,NULL,,3,0,2,7,255,996,250,0,0
stim,29014,59135,0,59135,3256454.454,0.857,-0.015,-0.031,0.514,0,0,2952,0,3091,2159,2899,2995,58,1.379,1,2090,0,104.105,1.211,12.625,-95.438,39.625,-0.184,0.160,1.125,1.176,0.289,1.250,0.072,0.112,1.068,1.365,3,NULL,NULL,,3,0,2,7,255,996,250,0,0
stim,29014,59135,0,59135,3256459.455,0.858,-0.014,-0.027,0.513,0,0,2967,0,3091,2069,2914,2994,58,1.379,1,2090,0,107.079,2.141,22.500,-100.875,28.000,-0.297,0.125,1.320,1.176,1.789,1.250,0.072,0.120,1.068,1.365,3,NULL,NULL,,3,0,2,7,255,996,250,0,0
stim,29041,59162,0,59162,3256464.454,0.858,-0.012,-0.023,0.513,0,0,2943,0,3008,1967,2919,2991,58,1.379,1,2090,0,108.705,2.181,13.875,-106.750,15.125,-0.289,0.031,1.449,0.395,2.145,3.223,0.070,0.130,1.068,1.365,3,NULL,NULL,,3,0,2,7,255,996,250,0,0
stim,29041,59162,0,59162,3256469.455,0.859,-0.009,-0.019,0.512,0,0,2963,0,3099,1833,2941,3001,58,1.379,1,2090,0,113.896,2.181,-1.688,-112.875,15.125,-0.238,-0.027,1.441,-0.395,2.145,4.387,0.068,0.142,1.068,1.365,3,NULL,NULL,,3,0,2,7,255,996,250,0,0
stim,29041,59162,0,59162,3256474.454,0.859,-0.006,-0.015,0.511,0,0,2942,0,3109,1714,2957,2987,58,1.379,1,2090,0,121.750,1.651,-15.938,-118.938,20.563,-0.207,-0.016,1.371,-0.566,1.551,4.387,0.064,0.154,1.068,1.365,3,NULL,NULL,,3,0,2,7,255,996,250,0,0
stim,29041,59162,0,59162,3256479.455,0.860,-0.003,-0.011,0.510,0,0,2941,0,3103,1529,2956,2989,58,1.379,1,2090,0,128.936,1.651,-20.375,-124.813,25.125,-0.199,0.004,1.293,-0.566,1.551,3.676,0.058,0.166,1.068,1.365,3,NULL,NULL,,3,0,2,7,255,996,250,0,0
stim,29041,59162,0,59162,3256484.454,0.861,0.000,-0.006,0.509,0,0,2925,0,3109,1335,2972,2979,58,1.379,1,2090,0,134.973,1.743,-13.250,-131.125,29.125,-0.238,-0.016,1.230,-0.566,1.648,2.891,0.054,0.176,1.068,1.365,3,NULL,NULL,,3,0,2,7,255,996,250,0,0
stim,29041,59162,0,59162,3256489.455,0.862,0.004,-0.001,0.508,0,0,2919,0,3123,1107,2980,2979,58,1.379,1,2090,0,141.636,2.220,-6.188,-139.375,24.438,-0.262,-0.047,1.227,-0.879,2.039,2.289,0.052,0.188,1.068,1.365,3,NULL,NULL,,3,0,2,7,255,996,250,0,0
stim,29042,59163,0,59163,3256494.454,0.862,0.007,0.004,0.507,0,0,2907,0,3123,895,2995,2963,58,1.379,1,2090,0,148.348,2.431,-3.813,-146.875,20.500,-0.227,-0.078,1.234,-1.324,2.039,2.289,0.048,0.200,1.068,1.365,3,NULL,NULL,,3,0,2,7,255,996,250,0,0
stim,29042,59163,0,59163,3256499.455,0.863,0.010,0.009,0.506,0,0,2885,0,3117,638,2997,2953,58,1.379,1,2090,0,154.701,2.381,-3.750,-153.438,19.375,-0.207,-0.074,1.203,-1.457,1.883,2.207,0.048,0.214,1.068,1.365,3,NULL,NULL,,3,0,2,7,255,996,250,0,0
stim,29075,59196,0,59196,3256504.454,0.863,0.014,0.015,0.505,0,0,2861,0,3125,485,3015,2926,58,1.379,1,2090,0,161.776,2.393,-0.063,-160.750,18.188,-0.199,-0.082,1.176,-1.492,1.871,1.961,0.048,0.226,1.068,1.365,3,NULL,NULL,,3,0,2,7,255,996,250,0,0
stim,29075,59196,0,59196,3256509.455,0.863,0.017,0.021,0.504,0,0,2809,0,3121,281,3016,2919,58,1.379,1,2090,0,170.948,2.447,4.688,-169.688,20.188,-0.172,-0.125,1.180,-1.582,1.867,1.668,0.050,0.240,1.068,1.365,3,NULL,NULL,,3,0,2,7,255,996,250,0,0
stim,29075,59196,0,59196,3256514.454,0.864,0.021,0.028,0.503,0,0,2777,0,3132,139,3019,2875,58,1.379,1,2090,0,178.339,2.411,13.375,-176.563,21.250,-0.152,-0.113,1.223,-1.781,1.625,1.668,0.056,0.254,1.068,1.365,3,NULL,NULL,,3,0,2,7,255,996,250,0,0
stim,29075,59196,0,59196,3256519.455,0.864,0.024,0.035,0.501,0,0,2727,0,3132,78,3033,2857,58,1.379,1,2090,0,186.362,2.411,12.938,-184.438,23.375,-0.125,-0.004,1.297,-1.781,1.625,2.059,0.062,0.268,1.068,1.365,3,NULL,NULL,,3,0,2,7,255,996,250,0,0
stim,29075,59196,0,59196,3256524.454,0.865,0.028,0.042,0.500,0,0,2677,0,3119,9,3029,2809,58,1.379,1,2090,0,192.971,2.318,10.875,-191.375,22.250,-0.137,0.152,1.398,-0.852,2.156,2.762,0.072,0.282,1.068,1.365,3,NULL,NULL,,3,0,2,7,255,996,250,0,0
stim,29075,59196,0,59196,3256529.455,0.865,0.032,0.050,0.499,0,0,2608,0,3117,0,3029,2776,58,1.379,1,2090,0,203.159,3.286,7.875,-201.500,24.688,-0.188,0.250,1.520,0.285,3.273,3.625,0.082,0.298,1.068,1.365,3,NULL,NULL,,3,0,2,7,255,996,250,0,0
stim,29121,59242,0,59242,3256534.454,0.865,0.036,0.058,0.497,0,0,2541,0,3113,2,3029,2720,58,1.379,1,2090,0,212.554,4.524,3.813,-211.313,22.625,-0.262,0.281,1.727,0.387,4.508,4.680,0.098,0.316,1.068,1.365,3,NULL,NULL,,3,0,2,7,255,996,250,0,0
stim,29121,59242,0,59242,3256539.455,0.865,0.041,0.067,0.496,0,0,2436,0,3111,0,3030,2667,58,1.379,1,2090,0,226.109,5.818,1.063,-225.313,18.938,-0.453,0.137,1.984,0.387,5.805,6.516,0.116,0.338,1.068,1.365,3,NULL,NULL,,3,0,2,7,255,996,250,0,0
stim,29121,59242,0,59242,3256544.454,0.865,0.046,0.076,0.494,0,0,2316,0,3101,0,3019,2601,58,1.379,1,2090,0,247.023,7.627,1.438,-246.500,16.000,-0.539,0.133,2.340,-2.059,7.344,8.668,0.142,0.366,1.068,1.365,3,NULL,NULL,,3,0,2,7,255,996,250,0,0
stim,29121,59242,0,59242,3256549.455,0.864,0.053,0.086,0.493,0,0,2181,0,3095,18,3015,2525,58,1.379,1,2090,0,272.571,9.206,-14.250,-271.188,23.438,-0.590,0.359,2.547,-2.059,8.973,11.766,0.172,0.400,1.068,1.365,3,NULL,NULL,,3,0,2,7,255,996,250,0,0
stim,29121,59242,0,59242,3256554.454,0.864,0.061,0.096,0.491,0,0,2011,0,3077,43,3001,2438,58,1.379,1,2090,0,304.315,11.472,-45.500,-299.188,32.000,-0.617,0.758,2.664,-1.656,11.352,13.344,0.210,0.442,1.068,1.365,3,NULL,NULL,,3,0,2,7,255,996,250,0,0
stim,29121,59242,0,59242,3256559.455,0.863,0.071,0.106,0.488,0,0,1854,0,3036,62,2980,2311,58,1.379,1,2090,0,334.272,14.412,-79.188,-323.438,29.250,-0.660,0.984,2.711,1.234,14.359,13.758,0.256,0.490,1.068,1.365,3,NULL,NULL,,3,0,2,7,255,996,250,0,0
stim,29121,59242,0,59242,3256564.454,0.862,0.083,0.117,0.487,0,0,1737,0,3019,63,2955,2173,58,1.379,1,2090,0,365.562,16.704,-116.125,-345.813,23.750,-0.734,0.965,2.758,1.949,16.590,13.758,0.312,0.548,1.068,1.365,3,NULL,NULL,,3,0,2,7,255,996,250,0,0
stim,29121,59242,0,59242,3256569.455,0.860,0.096,0.127,0.485,0,0,1624,0,2973,62,2916,2025,58,1.379,1,2090,0,398.520,18.078,-139.188,-373.125,14.938,-0.777,0.965,2.855,1.949,17.973,13.668,0.376,0.616,1.068,1.365,3,NULL,NULL,,3,0,2,7,255,996,250,0,0
stim,29141,59262,0,59262,3256574.454,0.857,0.111,0.139,0.484,0,0,1481,0,2949,68,2889,1893,58,1.379,1,2090,0,429.552,19.488,-167.313,-395.625,1.500,-0.781,1.121,2.844,1.949,19.391,13.516,0.450,0.692,1.068,1.365,3,NULL,NULL,,3,0,2,7,255,996,250,0,0
stim,29141,59262,0,59262,3256579.455,0.854,0.127,0.150,0.482,0,0,1401,0,2887,71,2812,1749,58,1.379,1,2090,0,455.738,21.112,-181.875,-417.750,-10.188,-0.789,1.066,2.777,2.246,20.992,12.688,0.530,0.774,1.068,1.365,3,NULL,NULL,,3,0,2,7,255,996,250,0,0
stim,29141,59262,0,59262,3256584.454,0.850,0.143,0.163,0.481,0,0,1273,0,2813,47,2717,1624,58,1.379,1,2090,0,481.876,21.112,-183.500,-445.500,-7.875,-0.840,0.730,2.723,2.246,20.992,11.281,0.618,0.864,1.068,1.365,3,NULL,NULL,,3,0,2,7,255,996,250,0,0
stim,29141,59262,0,59262,3256589.455,0.845,0.159,0.177,0.479,0,0,1093,0,2728,29,2571,1471,58,1.379,1,2090,0,500.142,21.429,-176.063,-468.125,-1.813,-0.906,0.578,2.730,-0.887,21.410,10.070,0.714,0.964,1.068,1.365,3,NULL,NULL,,3,0,2,7,255,996,250,0,0
stim,29164,59285,0,59285,3256594.454,0.840,0.175,0.191,0.477,0,0,959,0,2604,0,2372,1311,58,1.379,1,2090,0,503.561,21.613,-152.063,-479.250,-27.750,-0.891,0.527,2.988,-2.594,21.457,10.070,0.822,1.074,1.068,1.365,3,NULL,NULL,,3,0,2,7,255,996,250,0,0
stim,29164,59285,0,59285,3256599.455,0.834,0.190,0.206,0.475,0,0,776,0,2457,0,2107,1128,58,1.379,1,2090,0,509.196,23.383,-137.438,-487.625,-51.125,-0.840,0.262,3.313,-3.414,23.133,10.477,0.936,1.192,1.068,1.365,3,NULL,NULL,,3,0,2,7,255,996,250,0,0
stim,29164,59285,0,59285,3256604.454,0.827,0.206,0.221,0.473,0,0,620,0,2235,0,1797,943,58,1.379,1,2090,0,534.532,23.918,-173.500,-504.438,-34.125,-0.742,-0.113,3.262,-6.078,23.133,12.281,1.054,1.314,1.068,1.365,3,NULL,NULL,,3,0,2,7,255,996,250,0,0
stim,29164,59285,0,59285,3256609.455,0.821,0.225,0.235,0.470,0,0,407,0,1957,0,1408,811,58,1.379,1,2090,0,566.298,24.240,-220.688,-521.500,5.313,-0.703,-0.469,2.641,-8.949,22.527,12.281,1.170,1.434,1.068,1.365,3,NULL,NULL,,3,0,2,7,255,996,250,0,0
stim,29164,59285,0,59285,3256614.454,0.813,0.244,0.250,0.465,0,0,227,0,1653,0,889,675,58,1.379,1,2090,0,573.415,20.538,-205.625,-535.125,12.813,-0.563,-0.496,1.883,-9.621,18.145,7.148,1.280,1.548,1.068,1.365,3,NULL,NULL,,3,0,2,7,255,996,250,0,0
stim,29164,59285,0,59285,3256619.455,0.807,0.259,0.267,0.460,0,0,121,0,1294,0,317,537,58,1.379,1,2090,0,561.522,16.359,-112.063,-550.125,10.563,-0.504,-0.391,1.586,-9.621,13.230,1.461,1.382,1.652,1.068,1.365,3,NULL,NULL,,3,0,2,7,255,996,250,0,0
stim,29217,59338,0,59338,3256624.454,0.800,0.271,0.285,0.452,0,0,77,0,858,0,51,443,58,1.379,1,2090,0,555.273,15.561,-20.688,-554.313,25.250,-0.492,0.059,1.973,-8.191,13.230,-0.047,1.476,1.752,1.068,1.365,3,NULL,NULL,,3,0,2,7,255,996,250,0,0
stim,29217,59338,0,59338,3256629.455,0.795,0.283,0.303,0.442,0,0,28,0,319,0,0,365,58,1.379,1,2090,0,557.649,17.447,4.063,-552.188,77.750,-0.891,0.395,2.523,-5.438,16.578,-0.887,1.570,1.848,1.068,1.365,3,NULL,NULL,,3,0,2,7,255,996,250,0,0
stim,29217,59338,0,59338,3256634.453,0.791,0.298,0.319,0.429,0,0,23,0,0,0,0,318,58,1.379,1,2090,0,600.373,24.944,-50.688,-568.375,186.625,-1.438,0.445,2.566,-5.438,24.344,-0.887,1.668,1.950,1.068,1.365,3,NULL,NULL,,3,0,2,7,255,996,250,0,0
stim,29217,59338,0,59338,3256639.455,0.785,0.316,0.333,0.415,0,0,0,0,0,0,0,237,58,1.379,1,2090,0,617.281,27.730,-119.875,-569.750,205.063,-1.652,0.734,2.191,-5.871,27.102,-6.074,1.774,2.058,1.068,1.365,4,NULL,NULL,,3,0,2,7,255,996,250,0,0
stim,29217,59338,0,59338,3256644.454,0.777,0.334,0.345,0.406,0,0,0,0,0,0,0,157,58,1.379,1,2090,0,569.798,27.730,-212.438,-515.250,118.563,-1.172,1.332,1.668,-5.871,27.102,-11.949,1.886,2.172,1.068,1.365,0,NULL,NULL,,3,0,2,7,255,996,250,0,0
stim,29217,59338,0,59338,3256649.455,0.767,0.354,0.352,0.402,0,0,1,0,0,0,0,155,58,1.379,1,2090,0,538.723,23.462,-325.875,-424.750,60.125,-0.855,1.848,1.203,2.430,23.336,-13.746,1.992,2.284,1.068,1.365,0,NULL,NULL,,3,0,2,7,255,996,250,0,0
stim,29217,59338,0,59338,3256654.453,0.757,0.377,0.351,0.402,0,0,3,0,0,0,0,157,58,1.379,1,2090,0,586.613,22.299,-504.188,-281.375,103.625,-0.504,2.293,-0.016,9.480,20.184,-15.879,2.086,2.378,1.068,1.365,0,NULL,NULL,,3,0,2,7,255,996,250,0,0
stim,29217,59338,0,59338,3256659.455,0.749,0.395,0.348,0.403,0,0,0,0,0,0,0,139,58,1.379,1,2090,0,448.242,16.674,-415.188,-156.500,63.625,-0.426,1.594,-0.945,13.543,9.727,-20.824,2.156,2.452,1.068,1.365,0,NULL,NULL,,3,0,2,7,255,996,250,0,0
stim,29217,59338,0,59338,3256664.454,0.747,0.399,0.347,0.402,0,0,0,0,0,0,0,143,58,1.379,1,2090,0,106.938,13.560,-76.563,-56.438,48.875,-0.891,-0.336,-0.270,13.543,-0.672,-20.824,2.206,2.504,1.068,1.365,0,NULL,NULL,,3,0,2,7,255,996,250,0,0
stim,29217,59338,0,59338,3256669.455,0.749,0.397,0.348,0.401,0,0,0,0,0,0,0,132,58,1.379,1,2090,0,68.256,6.383,63.688,14.500,19.813,-1.410,-1.211,1.410,-6.348,-0.672,-17.207,2.252,2.552,1.068,1.365,0,NULL,NULL,,3,0,2,7,255,996,250,0,0
stim,29242,59363,0,59363,3256674.454,0.748,0.397,0.343,0.405,0,0,0,0,0,0,0,90,58,1.379,1,2090,0,140.002,19.676,-84.000,104.375,-40.625,-1.488,-0.660,1.805,-15.078,12.641,-12.094,2.304,2.608,1.068,1.365,0,NULL,NULL,,3,0,2,7,255,996,250,0,0
stim,29242,59363,0,59363,3256679.455,0.746,0.400,0.335,0.414,0,0,0,0,0,0,0,61,58,1.379,1,2090,0,292.024,19.676,-221.000,179.500,-64.938,-1.074,0.637,0.766,-15.078,12.641,-12.094,2.364,2.672,1.068,1.365,0,NULL,NULL,,3,0,2,7,255,996,250,0,0
stim,29242,59363,0,59363,3256684.454,0.745,0.401,0.325,0.422,0,0,0,0,0,0,0,47,58,1.379,1,2090,0,294.487,12.189,-186.313,225.375,-34.875,-0.785,1.598,-0.020,-0.156,12.188,-17.281,2.422,2.732,1.068,1.365,0,NULL,NULL,,3,0,2,7,255,996,250,0,0
stim,29242,59363,0,59363,3256689.455,0.748,0.399,0.316,0.427,0,0,0,0,0,0,0,43,58,1.379,1,2090,0,241.228,10.217,-54.875,234.688,10.063,-0.883,1.262,-0.066,7.238,7.211,-21.375,2.474,2.788,1.068,1.365,0,NULL,NULL,,3,0,2,7,255,996,250,0,0
stim,29261,59382,0,59382,3256694.453,0.751,0.394,0.308,0.431,0,0,0,0,0,0,0,37,58,1.379,1,2090,0,244.772,10.217,4.188,244.500,10.750,-1.137,0.602,0.570,7.238,7.211,-21.375,2.524,2.840,1.068,1.365,0,NULL,NULL,,3,0,2,7,255,996,250,0,0
stim,29261,59382,0,59382,3256699.455,0.753,0.390,0.299,0.436,0,0,0,0,0,0,0,35,58,1.379,1,2090,0,259.427,10.569,-39.313,256.313,-7.813,-1.023,0.172,0.699,-0.242,10.566,-18.047,2.576,2.894,1.068,1.365,0,NULL,NULL,,3,0,2,7,255,996,250,0,0
stim,29261,59382,0,59382,3256704.454,0.755,0.388,0.289,0.442,0,0,0,0,0,0,0,37,58,1.379,1,2090,0,277.526,10.639,-88.750,262.875,-6.375,-0.785,0.277,0.289,-1.242,10.566,-15.270,2.626,2.948,1.068,1.365,0,NULL,NULL,,3,0,2,7,255,996,250,0,0
stim,29261,59382,0,59382,3256709.455,0.757,0.386,0.279,0.447,0,0,0,0,0,0,0,42,58,1.379,1,2090,0,275.931,6.644,-76.313,264.500,18.813,-0.574,0.426,-0.246,-1.242,6.527,-15.270,2.674,3.000,1.068,1.365,0,NULL,NULL,,3,0,2,7,255,996,250,0,0
stim,29283,59404,1,59404,3256714.453,0.761,0.381,0.269,0.451,0,0,0,0,0,0,0,41,58,1.379,1,2090,0,267.437,2.093,-14.813,263.250,44.750,-0.637,0.461,-0.402,1.254,1.676,-16.887,2.714,3.042,1.068,1.365,0,NULL,NULL,,3,1,2,7,255,996,250,0,0
stim,29283,59404,1,59404,3256719.455,0.765,0.375,0.261,0.453,0,0,0,0,0,0,0,38,58,1.379,1,2090,0,272.294,2.093,40.250,265.938,42.438,-0.684,0.402,-0.238,1.254,1.676,-17.531,2.744,3.076,1.068,1.365,0,NULL,NULL,,3,1,2,7,255,996,250,0,0
stim,29314,59435,1,59435,3256724.454,0.770,0.368,0.252,0.456,0,0,0,0,0,0,0,35,58,1.379,1,2090,0,282.574,2.524,60.063,273.313,39.250,-0.547,0.344,-0.020,0.469,2.480,-17.531,2.770,3.102,1.068,1.365,0,NULL,NULL,,3,1,2,7,255,996,250,0,0
stim,29314,59435,1,59435,3256729.455,0.775,0.361,0.243,0.458,0,0,0,0,0,0,0,29,58,1.379,1,2090,0,293.915,3.558,65.688,281.500,53.188,-0.453,0.340,0.043,0.469,3.527,-15.023,2.790,3.126,1.068,1.365,0,NULL,NULL,,3,1,2,7,255,996,250,0,0
stim,29340,59461,1,59461,3256734.453,0.780,0.353,0.234,0.460,0,0,0,0,0,0,0,26,58,1.379,1,2090,0,307.767,3.695,81.250,288.688,69.125,-0.480,0.336,0.090,0.609,3.645,-13.883,2.808,3.148,1.068,1.365,0,NULL,NULL,,3,1,2,7,255,996,250,0,0
stim,29340,59461,1,59461,3256739.455,0.786,0.344,0.225,0.461,0,0,0,0,0,0,0,31,58,1.379,1,2090,0,321.261,4.263,101.875,296.188,71.438,-0.535,0.309,0.234,0.609,4.219,-13.664,2.824,3.168,1.068,1.365,0,NULL,NULL,,3,1,2,7,255,996,250,0,0
stim,29340,59461,1,59461,3256744.454,0.792,0.334,0.216,0.463,0,0,0,0,0,0,0,29,58,1.379,1,2090,0,330.905,5.630,112.438,304.813,62.813,-0.523,0.297,0.430,0.086,5.629,-12.883,2.842,3.188,1.068,1.365,0,NULL,NULL,,3,1,2,7,255,996,250,0,0
stim,29340,59461,1,59461,3256749.455,0.797,0.325,0.207,0.465,0,0,0,0,0,0,0,30,58,1.379,1,2090,0,337.752,7.020,111.500,313.938,55.563,-0.469,0.305,0.594,0.086,7.020,-11.348,2.862,3.210,1.068,1.365,0,NULL,NULL,,3,1,2,7,255,996,250,0,0
stim,29340,59461,1,59461,3256754.453,0.803,0.315,0.197,0.467,0,0,0,0,0,0,0,25,58,1.379,1,2090,0,344.384,7.943,104.938,323.500,54.188,-0.438,0.324,0.719,0.305,7.938,-9.715,2.886,3.238,1.068,1.365,0,NULL,NULL,,3,1,2,7,255,996,250,0,0
stim,29340,59461,1,59461,3256759.455,0.808,0.305,0.186,0.469,0,0,0,0,0,0,0,21,58,1.379,1,2090,0,350.813,8.654,99.125,332.688,50.625,-0.422,0.348,0.820,0.656,8.629,-8.488,2.914,3.268,1.068,1.365,0,NULL,NULL,,3,1,2,7,255,996,250,0,0
stim,29340,59461,1,59461,3256764.454,0.812,0.295,0.176,0.472,0,0,0,0,0,0,0,17,58,1.379,1,2090,0,355.632,9.268,93.188,340.688,41.500,-0.410,0.309,0.906,0.746,9.238,-7.484,2.944,3.300,1.068,1.365,0,NULL,NULL,,3,1,2,7,255,996,250,0,0
stim,29340,59461,1,59461,3256769.455,0.816,0.285,0.165,0.475,0,0,0,0,0,0,0,10,58,1.379,1,2090,0,359.174,9.564,81.938,347.625,38.063,-0.410,0.262,0.961,0.746,9.535,-6.398,2.978,3.338,1.068,1.365,0,NULL,NULL,,3,1,2,7,255,996,250,0,0
stim,29340,59461,1,59461,3256774.454,0.820,0.275,0.153,0.478,0,0,0,0,0,0,0,18,58,1.379,1,2090,0,361.761,9.561,68.875,353.938,29.250,-0.375,0.266,0.965,0.703,9.535,-5.555,3.014,3.378,1.068,1.365,0,NULL,NULL,,3,1,2,7,255,996,250,0,0
stim,29340,59461,1,59461,3256779.455,0.823,0.265,0.142,0.481,0,0,0,0,0,0,0,21,58,1.379,1,2090,0,364.782,9.233,64.500,358.375,21.750,-0.352,0.184,0.914,0.430,9.223,-5.066,3.054,3.422,1.068,1.365,0,NULL,NULL,,3,1,2,7,255,996,250,0,0
stim,29340,59461,1,59461,3256784.454,0.826,0.255,0.130,0.485,0,0,0,0,0,0,0,22,58,1.379,1,2090,0,368.376,8.357,63.625,362.313,19.563,-0.305,0.207,0.848,0.699,8.328,-4.984,3.096,3.466,1.068,1.365,0,NULL,NULL,,3,1,2,7,255,996,250,0,0
stim,29340,59462,1,59462,3256789.455,0.829,0.245,0.118,0.488,0,0,0,0,0,0,0,27,58,1.379,1,2090,0,372.141,7.551,71.063,365.000,14.625,-0.289,0.141,0.816,0.258,7.547,-4.832,3.140,3.512,1.068,1.365,0,NULL,NULL,,3,1,2,7,255,996,250,0,0
stim,29359,59480,1,59480,3256794.453,0.832,0.234,0.107,0.492,0,0,0,0,0,0,0,24,58,1.379,1,2090,0,375.391,6.905,76.813,367.250,12.063,-0.258,0.152,0.766,0.555,6.883,-4.867,3.182,3.556,1.068,1.365,0,NULL,NULL,,3,1,2,7,255,996,250,0,0
stim,29359,59480,1,59480,3256799.455,0.834,0.223,0.095,0.495,0,0,0,0,0,0,0,25,58,1.379,1,2090,0,380.046,6.271,90.438,369.000,9.750,-0.227,0.133,0.754,0.555,6.246,-4.742,3.224,3.602,1.068,1.365,0,NULL,NULL,,3,1,2,7,255,996,250,0,0
stim,29359,59480,1,59480,3256804.454,0.837,0.211,0.084,0.498,0,0,0,0,0,0,0,29,58,1.379,1,2090,0,383.328,5.764,106.750,368.000,11.000,-0.188,0.125,0.770,0.617,5.730,-4.598,3.264,3.644,1.068,1.365,0,NULL,NULL,,3,1,2,7,255,996,250,0,0
stim,29359,59480,1,59480,3256809.455,0.839,0.199,0.073,0.501,0,0,0,0,0,0,0,22,58,1.379,1,2090,0,386.503,5.325,121.250,366.750,13.313,-0.168,0.102,0.785,0.766,5.270,-4.129,3.300,3.684,1.068,1.365,0,NULL,NULL,,3,1,2,7,255,996,250,0,0
stim,29381,59502,1,59502,3256814.453,0.841,0.186,0.063,0.504,0,0,0,0,0,0,0,25,58,1.379,1,2090,0,389.108,4.981,138.500,363.313,15.063,-0.117,0.105,0.840,0.813,4.914,-3.711,3.334,3.720,1.068,1.365,0,NULL,NULL,,3,1,2,7,255,996,250,0,0
stim,29381,59502,1,59502,3256819.455,0.844,0.172,0.053,0.506,0,0,0,0,0,0,0,21,58,1.379,1,2090,0,391.302,4.640,157.313,357.500,23.750,-0.090,0.133,0.906,1.148,4.496,-2.887,3.366,3.754,1.068,1.365,0,NULL,NULL,,3,1,2,7,255,996,250,0,0
stim,29381,59502,1,59502,3256824.454,0.846,0.158,0.044,0.507,0,0,0,0,0,0,0,20,58,1.379,1,2090,0,393.682,4.773,172.875,352.250,31.938,-0.125,0.172,1.012,1.602,4.496,-2.141,3.394,3.786,1.068,1.365,0,NULL,NULL,,3,1,2,7,255,996,250,0,0
stim,29381,59502,1,59502,3256829.455,0.849,0.144,0.035,0.508,0,0,0,0,0,0,0,17,58,1.379,1,2090,0,394.922,5.246,184.750,347.188,35.938,-0.160,0.176,1.137,1.898,4.891,-1.223,3.424,3.818,1.068,1.365,0,NULL,NULL,,3,1,2,7,255,996,250,0,0
stim,29425,59546,1,59546,3256834.453,0.851,0.129,0.026,0.509,0,0,0,0,0,0,0,18,58,1.379,1,2090,0,395.616,5.605,195.188,341.875,39.188,-0.191,0.184,1.266,1.910,5.270,0.043,3.452,3.850,1.068,1.365,0,NULL,NULL,,3,1,2,7,255,996,250,0,0
stim,29425,59546,1,59546,3256839.455,0.853,0.114,0.018,0.509,0,0,0,0,0,0,0,18,58,1.379,1,2090,0,397.247,5.896,205.563,337.250,42.563,-0.227,0.219,1.410,1.988,5.551,1.367,3.480,3.880,1.068,1.365,0,NULL,NULL,,3,1,2,7,255,996,250,0,0
stim,29425,59546,1,59546,3256844.454,0.855,0.098,0.010,0.509,0,0,0,0,0,0,0,19,58,1.379,1,2090,0,397.580,6.358,212.375,333.375,42.750,-0.266,0.230,1.578,2.285,5.934,2.809,3.508,3.910,1.068,1.365,0,NULL,NULL,,3,1,2,7,255,996,250,0,0
stim,29425,59546,1,59546,3256849.455,0.856,0.083,0.002,0.510,0,0,0,0,0,0,0,21,58,1.379,1,2090,0,394.444,6.608,213.563,329.313,39.125,-0.285,0.227,1.773,2.340,6.180,4.555,3.536,3.942,1.068,1.365,0,NULL,NULL,,3,1,2,7,255,996,250,0,0
stim,29425,59546,1,59546,3256854.453,0.858,0.068,-0.005,0.510,0,0,0,0,0,0,0,24,58,1.379,1,2090,0,386.803,6.622,207.000,324.688,36.688,-0.285,0.227,1.926,2.379,6.180,6.621,3.566,3.974,1.068,1.365,0,NULL,NULL,,3,1,2,7,255,996,250,0,0
stim,29425,59546,1,59546,3256859.455,0.859,0.053,-0.013,0.510,0,0,0,0,0,0,0,19,58,1.379,1,2090,0,377.502,6.289,196.250,320.500,35.688,-0.273,0.230,2.004,2.504,5.770,8.301,3.596,4.006,1.068,1.365,0,NULL,NULL,,3,1,2,7,255,996,250,0,0
stim,29425,59546,1,59546,3256864.454,0.859,0.039,-0.021,0.510,0,0,0,0,0,0,0,19,58,1.379,1,2090,0,370.667,5.739,189.625,316.750,33.250,-0.262,0.207,2.047,2.504,5.164,9.250,3.624,4.038,1.068,1.365,0,NULL,NULL,,3,1,2,7,255,996,250,0,0
stim,29425,59546,1,59546,3256869.455,0.860,0.025,-0.028,0.510,0,0,0,0,0,0,0,12,58,1.379,1,2090,0,367.920,5.039,189.375,314.250,27.375,-0.238,0.137,2.086,2.500,4.375,9.863,3.654,4.068,1.068,1.365,0,NULL,NULL,,3,1,2,7,255,996,250,0,0
stim,29425,59546,1,59546,3256874.454,0.860,0.011,-0.036,0.510,0,0,0,0,0,0,0,16,58,1.379,1,2090,0,368.246,3.803,191.500,313.875,20.375,-0.188,0.023,2.117,2.051,3.203,10.441,3.678,4.096,1.068,1.365,0,NULL,NULL,,3,1,2,7,255,996,250,0,0
stim,29425,59546,1,59546,3256879.455,0.859,-0.004,-0.043,0.510,0,0,0,0,0,0,0,16,58,1.379,1,2090,0,371.566,2.029,195.625,315.500,15.875,-0.129,-0.078,2.117,1.289,1.566,10.902,3.700,4.120,1.068,1.365,0,NULL,NULL,,3,1,2,7,255,996,250,0,0
stim,29449,59570,1,59570,3256884.454,0.858,-0.019,-0.051,0.510,0,0,0,0,0,0,0,21,58,1.379,1,2090,0,378.185,0.700,204.563,317.875,11.563,-0.078,-0.156,2.094,0.695,-0.082,10.902,3.714,4.138,1.068,1.365,0,NULL,NULL,,3,1,2,7,255,996,250,0,0
stim,29449,59570,1,59570,3256889.455,0.857,-0.034,-0.058,0.510,0,0,0,0,0,0,0,25,58,1.379,1,2090,0,388.990,1.579,221.625,319.625,5.938,-0.012,-0.223,2.082,0.168,-1.570,10.723,3.722,4.150,1.068,1.365,0,NULL,NULL,,3,1,2,7,255,996,250,0,0
stim,29449,59570,1,59570,3256894.453,0.856,-0.050,-0.064,0.511,0,0,0,0,0,0,0,29,58,1.379,1,2090,0,403.785,3.111,246.000,320.188,-2.438,0.105,-0.301,2.117,-0.188,-3.105,10.531,3.724,4.152,1.068,1.365,0,NULL,NULL,,3,1,2,7,255,996,250,0,0
stim,29449,59570,1,59570,3256899.455,0.854,-0.067,-0.070,0.512,0,0,0,0,0,0,0,31,58,1.379,1,2090,0,420.970,5.191,274.813,318.688,-11.500,0.301,-0.352,2.230,-0.188,-5.188,10.531,3.716,4.148,1.068,1.365,0,NULL,NULL,,3,1,2,7,255,996,250,0,0
stim,29474,59595,1,59595,3256904.454,0.851,-0.085,-0.075,0.513,0,0,0,0,0,0,0,43,58,1.379,1,2090,0,439.297,7.996,303.500,316.938,-20.500,0.559,-0.363,2.410,-0.023,-7.996,11.066,3.696,4.132,1.068,1.365,0,NULL,NULL,,3,1,2,7,255,996,250,0,0
stim,29474,59595,1,59595,3256909.455,0.848,-0.104,-0.079,0.514,0,0,0,0,0,0,0,43,58,1.379,1,2090,0,453.268,11.403,325.500,314.500,-24.313,0.805,-0.391,2.621,0.902,-11.367,11.926,3.666,4.102,1.068,1.365,0,NULL,NULL,,3,1,2,7,255,996,250,0,0
stim,29474,59595,1,59595,3256914.453,0.844,-0.124,-0.083,0.515,0,0,0,0,0,0,0,50,58,1.379,1,2090,0,458.558,14.929,336.750,310.500,-21.563,0.992,-0.453,2.816,1.559,-14.848,12.906,3.620,4.060,1.068,1.365,0,NULL,NULL,,3,1,2,7,255,996,250,0,0
stim,29474,59595,1,59595,3256919.455,0.841,-0.143,-0.087,0.515,0,0,0,0,0,0,0,49,58,1.379,1,2090,0,454.922,18.143,338.938,302.875,-18.500,1.141,-0.473,2.980,1.574,-18.074,13.641,3.560,4.002,1.068,1.365,0,NULL,NULL,,3,1,2,7,255,996,250,0,0
stim,29525,59646,1,59646,3256924.454,0.837,-0.162,-0.090,0.516,0,0,0,0,0,0,0,47,58,1.379,1,2090,0,447.774,20.816,335.000,296.375,-20.938,1.289,-0.438,3.098,1.660,-20.750,13.945,3.484,3.930,1.068,1.365,0,NULL,NULL,,3,1,2,7,255,996,250,0,0
stim,29525,59646,1,59646,3256929.455,0.832,-0.180,-0.094,0.516,0,0,0,0,0,0,0,51,58,1.379,1,2090,0,440.747,23.201,330.125,290.500,-29.750,1.418,-0.434,3.227,2.191,-23.098,13.945,3.394,3.844,1.068,1.365,0,NULL,NULL,,3,1,2,7,255,996,250,0,0
stim,29525,59646,1,59646,3256934.453,0.827,-0.198,-0.097,0.517,0,0,0,0,0,0,0,55,58,1.379,1,2090,0,426.949,25.551,315.438,284.688,-41.688,1.508,-0.387,3.418,2.324,-25.445,13.945,3.290,3.742,1.068,1.365,0,NULL,NULL,,3,1,2,7,255,996,250,0,0
stim,29525,59646,1,59646,3256939.455,0.822,-0.214,-0.102,0.518,0,0,0,0,0,0,0,52,58,1.379,1,2090,0,406.367,27.718,289.000,279.188,-60.563,1.711,-0.203,3.641,2.621,-27.594,14.480,3.174,3.626,1.068,1.365,0,NULL,NULL,,3,1,2,7,255,996,250,0,0
stim,29525,59646,1,59646,3256944.454,0.816,-0.228,-0.107,0.520,0,0,0,0,0,0,0,56,58,1.379,1,2090,0,373.902,30.643,240.938,273.875,-82.125,2.063,-0.051,3.766,4.590,-30.297,14.480,3.042,3.496,1.068,1.365,0,NULL,NULL,,3,1,2,7,255,996,250,0,0
stim,29525,59646,1,59646,3256949.455,0.811,-0.240,-0.113,0.522,0,0,0,0,0,0,0,61,58,1.379,1,2090,0,328.926,34.604,168.250,266.813,-93.250,2.504,-0.098,3.660,7.008,-33.887,14.230,2.894,3.352,1.068,1.365,0,NULL,NULL,,3,1,2,7,255,996,250,0,0
stim,29525,59646,1,59646,3256954.453,0.806,-0.248,-0.121,0.523,0,0,0,0,0,0,0,75,58,1.379,1,2090,0,285.572,38.548,89.438,257.188,-86.063,2.914,-0.277,3.285,8.242,-37.656,10.426,2.734,3.192,1.068,1.365,0,NULL,NULL,,3,1,2,7,255,996,250,0,0
stim,29525,59646,1,59646,3256959.455,0.803,-0.254,-0.130,0.523,0,0,0,0,0,0,0,121,58,1.379,1,2090,0,255.937,40.880,29.938,244.063,-71.000,3.273,-0.430,2.750,8.418,-40.004,4.043,2.560,3.018,1.068,1.365,0,NULL,NULL,,3,1,2,7,255,996,250,0,0
stim,29525,59646,0,59646,3256964.454,0.800,-0.259,-0.139,0.523,0,0,0,0,0,0,0,167,58,1.379,1,2090,0,236.457,41.665,-2.563,229.188,-58.125,3.703,-0.480,2.195,8.758,-40.734,-3.332,2.376,2.836,1.068,1.365,0,NULL,NULL,,3,0,2,7,255,992,250,0,0
stim,29525,59646,0,59646,3256969.455,0.798,-0.264,-0.146,0.521,0,0,0,0,0,0,0,220,58,1.379,1,2090,0,220.212,42.471,0.813,218.625,-26.375,4.242,-0.383,1.539,10.238,-41.219,-10.887,2.184,2.644,1.068,1.365,0,NULL,NULL,,3,0,2,7,255,992,250,0,0
stim,29525,59646,0,59646,3256974.454,0.796,-0.267,-0.153,0.521,0,0,0,0,0,0,0,295,58,1.379,1,2090,0,175.505,42.498,-16.000,171.000,-36.125,4.359,-0.957,1.352,10.238,-41.246,-19.465,1.988,2.446,1.068,1.365,0,NULL,NULL,,3,0,2,7,255,992,250,0,0
stim,29525,59646,0,59646,3256979.455,0.794,-0.270,-0.160,0.520,0,0,0,0,0,0,0,307,58,1.379,1,2090,0,167.922,43.677,-17.500,162.375,-39.063,4.836,-1.652,0.602,8.840,-42.773,-23.566,1.786,2.240,1.068,1.365,0,NULL,NULL,,3,0,2,7,255,992,250,0,0
stim,29558,59679,0,59679,3256984.454,0.793,-0.274,-0.163,0.519,0,0,0,0,0,0,0,291,58,1.379,1,2090,0,128.869,44.210,49.125,118.313,14.000,5.098,-2.355,0.371,4.457,-43.984,-34.227,1.574,2.026,1.068,1.365,0,NULL,NULL,,3,0,2,7,255,992,250,0,0
stim,29558,59679,0,59679,3256989.455,0.793,-0.282,-0.161,0.515,0,0,0,0,0,0,0,237,58,1.379,1,2090,0,205.694,46.510,154.500,84.563,106.250,4.930,-2.719,0.539,-0.730,-46.504,-38.898,1.356,1.802,1.068,1.365,0,NULL,NULL,,3,0,2,7,255,992,250,0,0
stim,29558,59679,0,59679,3256994.453,0.793,-0.294,-0.154,0.511,0,0,0,0,0,0,0,175,58,1.379,1,2090,0,325.368,46.694,269.563,43.000,177.063,4.117,-2.535,1.063,-4.207,-46.504,-38.898,1.132,1.576,1.068,1.365,0,NULL,NULL,,3,0,2,7,255,992,250,0,0
stim,29558,59679,0,59679,3256999.455,0.793,-0.306,-0.145,0.507,0,0,0,0,0,0,0,293,58,1.379,1,2090,0,373.127,43.765,329.188,-6.125,175.563,3.141,-1.625,2.375,-4.207,-43.563,-30.684,0.914,1.354,1.068,1.365,0,NULL,NULL,,3,0,2,7,255,992,250,0,0
stim,29558,59679,0,59679,3257004.454,0.793,-0.323,-0.125,0.501,91,0,0,444,0,0,0,393,58,1.379,1,2090,0,605.439,43.896,502.500,-145.000,305.000,1.137,-1.730,5.855,-5.402,-43.563,-13.305,0.700,1.132,1.068,1.365,0,NULL,NULL,,3,0,2,7,255,992,250,0,0
stim,29558,59679,0,59679,3257009.455,0.795,-0.342,-0.092,0.492,815,0,0,1229,0,85,0,429,58,1.379,1,2090,0,893.866,49.383,686.063,-334.625,465.125,2.043,1.676,11.805,-1.863,-49.348,22.535,0.478,0.890,1.068,1.365,0,NULL,NULL,,3,0,2,7,255,992,250,0,0
stim,29586,59707,0,59707,3257014.453,0.811,-0.314,-0.102,0.483,1338,0,0,1657,0,378,0,539,58,1.379,1,2090,0,797.839,49.461,-763.250,-107.875,205.813,-0.371,0.738,6.895,-3.344,-49.348,48.402,0.284,0.622,1.068,1.365,0,NULL,NULL,,3,0,2,7,255,992,250,0,0
stim,29586,59707,0,59707,3257019.455,0.837,-0.260,-0.120,0.466,1836,0,0,1911,0,635,0,558,58,1.379,1,2091,0,1482.442,35.566,-1430.813,-200.875,331.750,0.277,4.543,0.438,4.984,-35.215,48.402,0.280,0.390,1.068,1.365,1,967.000,-25.000,,3,0,2,7,255,992,250,0,0
stim,29619,59740,0,59740,3257024.454,0.855,-0.222,-0.131,0.450,2119,0,0,2065,0,927,0,595,58,1.379,1,2091,0,1067.548,28.408,-1000.438,-153.375,339.500,-1.152,3.922,-3.254,23.730,15.617,5.824,0.370,0.280,1.068,1.365,1,NULL,NULL,,3,0,2,7,255,992,250,0,0
stim,29619,59740,0,59740,3257029.455,0.864,-0.208,-0.130,0.440,2340,0,0,2183,0,1091,0,636,58,1.379,1,2091,0,443.977,45.522,-342.813,-154.688,235.938,-2.672,0.707,-3.715,23.730,38.848,-23.883,0.418,0.290,1.068,1.365,1,NULL,NULL,,3,0,2,7,255,992,250,0,0
stim,29619,59740,0,59740,3257034.454,0.865,-0.209,-0.120,0.441,2487,0,0,2278,0,1252,0,755,58,1.379,1,2091,0,233.521,40.691,122.250,-194.813,40.438,-1.898,-1.152,0.223,-12.109,38.848,-23.883,0.426,0.348,1.068,1.365,1,NULL,NULL,,3,0,2,7,255,992,250,0,0
stim,29619,59740,0,59740,3257039.455,0.864,-0.213,-0.112,0.443,2674,0,0,2517,0,1363,0,825,58,1.379,1,2091,0,220.164,13.560,177.500,-130.250,-0.938,0.145,1.879,2.270,-12.109,6.102,-3.160,0.422,0.402,1.068,1.365,2,NULL,NULL,,3,0,2,7,255,992,250,0,0
stim,29619,59740,0,59740,3257044.454,0.866,-0.211,-0.107,0.440,2788,0,0,2677,0,1405,0,933,58,1.379,1,2091,0,154.038,16.585,-1.938,-114.125,103.438,-0.031,2.742,2.762,16.379,2.609,13.934,0.432,0.444,1.068,1.365,2,NULL,NULL,,3,0,2,7,255,992,250,0,0
stim,29619,59740,0,59740,3257049.455,0.874,-0.197,-0.105,0.431,2873,0,0,2804,0,1477,0,1095,58,1.379,1,2091,0,421.455,16.585,-316.500,-166.000,223.375,-1.441,0.430,1.953,16.379,2.609,13.934,0.460,0.484,1.068,1.365,2,NULL,NULL,,3,0,2,7,255,992,250,0,0
stim,29619,59740,0,59740,3257054.453,0.880,-0.178,-0.106,0.428,2925,0,0,2885,0,1511,0,1221,58,1.379,1,2091,0,473.577,6.314,-440.875,-167.188,44.188,-2.156,-0.891,-0.109,-4.582,4.344,13.516,0.478,0.520,1.068,1.365,2,NULL,NULL,,3,0,2,7,255,992,250,0,0
stim,29619,59740,0,59740,3257059.455,0.880,-0.163,-0.105,0.433,2967,0,0,2951,0,1543,0,1323,58,1.379,1,2091,0,359.964,18.765,-280.188,-184.938,-129.875,-1.406,-1.082,-0.898,-17.430,6.953,-5.313,0.464,0.540,1.068,1.365,2,NULL,NULL,,3,0,2,7,255,992,250,0,0
stim,29647,59768,0,59768,3257064.454,0.877,-0.156,-0.100,0.443,2991,0,0,2987,0,1599,0,1417,58,1.379,1,2091,0,295.378,18.765,-42.000,-192.000,-220.500,-0.293,-1.027,0.371,-17.430,6.953,-7.086,0.430,0.554,1.068,1.365,2,NULL,NULL,,3,0,2,7,255,992,250,0,0
stim,29647,59768,0,59768,3257069.455,0.874,-0.151,-0.094,0.452,3027,0,0,3036,0,1671,0,1471,58,1.379,1,2091,0,284.209,10.850,-12.688,-182.875,-217.188,0.578,-1.059,1.605,-9.668,-4.926,-7.086,0.392,0.556,1.068,1.365,2,NULL,NULL,,3,0,2,7,255,992,250,0,0
stim,29647,59768,0,59768,3257074.454,0.873,-0.144,-0.091,0.458,3044,0,0,3087,0,1774,88,1492,58,1.379,1,2091,0,227.586,16.019,-88.000,-162.875,-132.375,1.352,-1.258,1.887,-4.469,-15.383,1.719,0.356,0.534,1.068,1.365,2,NULL,NULL,,3,0,2,7,255,992,250,0,0
stim,29647,59768,0,59768,3257079.455,0.874,-0.135,-0.088,0.457,3055,0,0,3115,0,1855,306,1509,58,1.379,1,2091,0,215.761,23.278,-162.625,-141.750,3.563,1.566,-1.645,1.734,-3.688,-22.984,1.719,0.334,0.480,1.068,1.365,2,NULL,NULL,,3,0,2,7,255,992,250,0,0
stim,29647,59768,0,59768,3257084.454,0.879,-0.126,-0.087,0.452,3063,0,0,3135,0,1944,439,1514,58,1.379,1,2091,0,270.486,23.278,-191.813,-122.250,146.375,0.961,-1.633,1.016,-3.688,-22.984,0.066,0.334,0.400,1.068,1.365,2,NULL,NULL,,3,0,2,7,255,992,250,0,0
stim,29647,59768,0,59768,3257089.455,0.884,-0.119,-0.084,0.443,3087,0,0,3157,0,2039,500,1549,58,1.379,1,2091,0,283.419,20.116,-137.188,-116.500,218.938,-0.160,-0.633,0.352,-5.773,-19.270,-4.637,0.356,0.308,1.068,1.365,2,NULL,NULL,,3,0,2,7,255,992,250,0,0
stim,29647,59768,0,59768,3257094.453,0.888,-0.116,-0.080,0.437,3077,0,0,3161,0,2157,613,1695,58,1.379,1,2091,0,214.037,6.717,-52.563,-125.875,164.938,-0.926,0.355,0.488,-5.773,-3.434,-4.637,0.388,0.234,1.068,1.365,2,NULL,NULL,,3,0,2,7,255,992,250,0,0
stim,29647,59768,0,59768,3257099.455,0.890,-0.113,-0.075,0.435,3089,0,0,3175,0,2257,775,1835,58,1.379,1,2091,0,136.985,8.084,-24.875,-123.438,53.938,-0.992,0.543,1.160,-2.523,7.680,-2.629,0.410,0.186,1.068,1.365,2,NULL,NULL,,3,0,2,7,255,992,250,0,0
stim,29673,59794,0,59794,3257104.454,0.890,-0.109,-0.072,0.438,3089,0,0,3176,0,2312,929,1995,58,1.379,1,2091,0,133.259,7.764,-43.250,-111.875,-58.063,-0.469,0.441,2.078,-1.141,7.680,3.996,0.424,0.162,1.068,1.365,2,NULL,NULL,,3,0,2,7,255,992,250,0,0
stim,29673,59794,0,59794,3257109.455,0.887,-0.104,-0.072,0.444,3089,0,0,3187,168,2373,985,2095,58,1.379,1,2091,0,181.343,2.098,-85.688,-52.000,-151.125,0.359,0.297,1.879,1.727,1.191,7.574,0.438,0.146,1.068,1.365,2,NULL,NULL,,3,0,2,7,255,992,250,0,0
stim,29673,59794,0,59794,3257114.453,0.885,-0.099,-0.072,0.449,3087,29,0,3181,422,2403,1042,2164,58,1.379,1,2091,0,175.692,7.545,-95.313,-56.438,-136.375,0.832,0.590,0.992,5.457,-5.211,7.574,0.458,0.132,1.068,1.365,2,NULL,NULL,,3,0,2,7,255,992,250,0,0
stim,29673,59794,0,59794,3257119.455,0.884,-0.096,-0.071,0.451,3067,45,0,3191,600,2427,1111,2231,58,1.379,1,2091,0,81.298,8.277,-33.875,-33.625,-65.813,0.770,0.168,1.090,6.344,-5.316,-0.906,0.484,0.118,1.068,1.365,2,NULL,NULL,,3,0,2,7,255,992,250,0,0
stim,29673,59794,0,59794,3257124.454,0.885,-0.093,-0.072,0.451,3065,69,0,3191,787,2455,1159,2284,58,1.379,1,2091,0,75.243,9.713,-72.000,-21.750,2.125,0.133,-0.863,1.316,6.344,-7.355,-0.906,0.510,0.104,1.068,1.365,2,NULL,NULL,,3,0,2,7,255,992,250,0,0
stim,29673,59794,0,59794,3257129.455,0.885,-0.088,-0.073,0.451,3079,119,0,3189,919,2463,1205,2333,58,1.379,1,2091,0,112.920,9.066,-111.063,-20.125,3.313,-0.340,-0.770,0.852,-5.301,-7.355,-0.906,0.526,0.088,1.068,1.365,2,NULL,NULL,,3,0,2,7,255,992,250,0,0
stim,29724,59845,0,59845,3257134.453,0.884,-0.086,-0.074,0.453,3064,140,0,3191,1041,2478,1225,2374,58,1.379,1,2091,0,81.936,6.398,-54.563,-15.750,-59.063,-0.281,-0.012,0.570,-5.301,-3.582,-1.414,0.534,0.078,1.068,1.365,2,NULL,NULL,,3,0,2,7,255,992,250,0,0
stim,29724,59845,0,59845,3257139.455,0.883,-0.085,-0.074,0.456,3078,167,0,3183,1129,2490,1237,2405,58,1.379,1,2091,0,81.930,1.881,3.688,-17.000,-80.063,0.090,0.211,0.879,-1.352,-1.309,-1.469,0.544,0.068,1.068,1.365,2,NULL,NULL,,3,0,2,7,255,992,250,0,0
stim,29724,59845,0,59845,3257144.454,0.882,-0.085,-0.073,0.457,3076,212,0,3190,1225,2495,1247,2419,58,1.379,1,2091,0,39.382,1.553,-7.313,-13.375,-36.313,0.238,-0.168,1.230,0.836,-1.309,-1.469,0.560,0.054,1.068,1.365,2,NULL,NULL,,3,0,2,7,255,992,250,0,0
stim,29724,59845,0,59845,3257149.455,0.883,-0.083,-0.074,0.457,3087,214,0,3193,1341,2508,1243,2441,58,1.379,1,2091,0,50.714,3.751,-48.688,-10.313,9.750,-0.047,-0.309,1.148,0.836,-3.656,1.152,0.574,0.040,1.068,1.365,2,NULL,NULL,,3,0,2,7,255,992,250,0,0
stim,29724,59845,0,59845,3257154.453,0.883,-0.081,-0.075,0.457,3079,236,0,3192,1414,2507,1239,2450,58,1.379,1,2091,0,49.029,3.917,-48.438,-7.375,-1.813,-0.254,-0.074,0.867,-1.406,-3.656,1.152,0.584,0.028,1.068,1.365,2,NULL,NULL,,3,0,2,7,255,992,250,0,0
stim,29724,59845,0,59845,3257159.455,0.882,-0.080,-0.075,0.458,3077,252,11,3187,1482,2517,1215,2461,58,1.379,1,2091,0,34.461,1.414,-19.375,-6.750,-27.688,-0.180,0.047,0.848,-1.406,-0.145,-1.020,0.592,0.022,1.068,1.365,2,NULL,NULL,,3,0,2,7,255,992,250,0,0
stim,29724,59845,0,59845,3257164.453,0.882,-0.079,-0.075,0.459,3069,251,41,3191,1561,2521,1183,2475,58,1.379,1,2091,0,32.400,0.145,-6.375,-6.938,-31.000,-0.016,-0.078,1.016,-0.004,-0.145,-1.020,0.600,0.016,1.068,1.365,2,NULL,NULL,,3,0,2,7,255,992,250,0,0
stim,29724,59845,0,59845,3257169.455,0.882,-0.078,-0.075,0.459,3077,263,53,3181,1604,2531,1149,2473,58,1.379,1,2091,0,18.421,2.293,-14.125,-5.438,-10.500,0.020,-0.090,1.078,0.043,-2.293,-0.090,0.612,0.008,1.068,1.365,2,NULL,NULL,,3,0,2,7,255,992,250,0,0
stim,29742,59863,0,59863,3257174.454,0.882,-0.077,-0.075,0.459,3079,266,89,3181,1636,2525,1115,2479,58,1.379,1,2091,0,15.931,2.301,-15.375,-3.938,1.375,-0.070,0.074,0.996,0.191,-2.293,-0.090,0.000,0.000,1.068,1.365,2,NULL,NULL,,3,0,2,7,255,992,250,0,0
stim,29742,59863,0,59863,3257179.455,0.882,-0.077,-0.075,0.459,3087,270,155,3181,1669,2531,1069,2491,58,1.379,1,2091,0,8.908,1.329,-8.250,-2.313,-2.438,-0.121,0.125,0.977,0.961,-0.918,-0.098,0.000,0.000,1.068,1.365,2,NULL,NULL,,3,0,2,7,255,992,250,0,0
stim,29742,59863,0,59863,3257184.454,0.882,-0.077,-0.075,0.460,3077,265,175,3177,1702,2532,995,2488,58,1.379,1,2091,0,8.191,1.329,-4.625,-2.063,-6.438,-0.090,0.035,1.016,0.961,-0.918,-0.098,0.000,0.000,1.068,1.365,2,NULL,NULL,,3,0,2,7,255,992,250,0,0
stim,29742,59863,0,59863,3257189.455,0.882,-0.076,-0.075,0.460,3079,263,229,3179,1723,2541,909,2501,58,1.274,1,2091,1,5.218,1.155,-4.813,-1.750,-1.000,-0.074,0.008,1.012,0.570,-1.004,0.035,0.000,0.000,1.084,1.287,2,NULL,NULL,,3,0,2,7,255,992,250,0,0
stim,29764,59885,0,59885,3257194.454,0.882,-0.076,-0.074,0.460,3082,250,251,3191,1753,2535,857,2489,58,1.274,1,2091,1,6.060,1.089,-4.188,-1.063,4.250,-0.113,0.004,0.992,0.422,-1.004,0.035,0.006,0.004,1.084,1.287,2,NULL,NULL,,3,0,2,7,255,992,250,0,0
stim,29764,59885,0,59885,3257199.455,0.882,-0.076,-0.074,0.459,3067,243,274,3187,1771,2535,786,2491,58,1.274,1,2091,1,4.637,0.988,-0.500,-1.250,4.438,-0.137,0.039,0.996,0.301,-0.941,0.035,0.012,0.008,1.084,1.287,2,NULL,NULL,,3,0,2,7,255,992,250,0,0
stim,29764,59885,0,59885,3257204.453,0.882,-0.076,-0.074,0.459,3064,240,285,3183,1784,2537,696,2491,58,1.274,1,2091,1,2.435,0.655,2.375,-0.438,0.313,-0.148,0.043,1.027,0.301,-0.582,0.047,0.018,0.012,1.084,1.287,2,NULL,NULL,,3,0,2,7,255,992,250,0,0
stim,29764,59885,0,59885,3257209.455,0.882,-0.076,-0.074,0.459,3087,238,302,3173,1791,2527,631,2494,58,1.274,1,2091,1,3.310,0.655,2.563,-0.625,-2.000,-0.109,0.063,1.035,0.301,-0.582,0.344,0.024,0.016,1.084,1.287,2,NULL,NULL,,3,0,2,7,255,992,250,0,0
stim,29764,59885,0,59885,3257214.454,0.882,-0.076,-0.074,0.459,3060,228,309,3163,1791,2521,552,2491,58,1.274,1,2091,1,3.681,1.022,2.813,0.000,2.375,-0.086,0.074,1.035,0.703,-0.742,0.344,0.030,0.020,1.084,1.287,2,NULL,NULL,,3,0,2,7,255,992,250,0,0
stim,29764,59885,0,59885,3257219.455,0.882,-0.076,-0.074,0.459,3063,215,316,3161,1801,2522,524,2494,58,1.274,1,2091,1,8.879,1.022,-0.250,0.000,8.875,-0.133,0.039,1.023,0.703,-0.742,0.301,0.034,0.022,1.084,1.287,2,NULL,NULL,,3,0,2,7,255,992,250,0,0
stim,29824,59945,0,59945,3257224.454,0.882,-0.076,-0.074,0.459,3052,201,317,3157,1809,2523,489,2487,58,1.274,1,2091,1,8.643,0.753,-1.438,-0.625,8.500,-0.180,0.020,0.980,0.355,-0.664,0.301,0.038,0.024,1.084,1.287,2,NULL,NULL,,3,0,2,7,255,992,250,0,0
stim,29824,59945,0,59945,3257229.455,0.882,-0.076,-0.073,0.458,3053,180,317,3148,1813,2516,484,2505,58,1.274,1,2091,1,7.403,0.366,2.813,-3.063,6.125,-0.180,0.008,0.953,-0.102,-0.352,-0.031,0.042,0.024,1.084,1.287,2,NULL,NULL,,3,0,2,7,255,992,250,0,0
stim,29824,59945,0,59945,3257234.454,0.883,-0.076,-0.073,0.458,3045,172,317,3143,1819,2517,469,2492,58,1.274,1,2091,1,11.610,0.366,8.750,-3.313,6.875,-0.141,0.008,0.949,-0.102,-0.352,-0.305,0.046,0.026,1.084,1.287,2,NULL,NULL,,3,0,2,7,255,992,250,0,0
stim,29824,59945,0,59945,3257239.455,0.883,-0.077,-0.073,0.458,3029,165,319,3132,1821,2507,431,2491,58,1.274,1,2091,1,15.731,0.458,10.375,-5.438,10.500,-0.152,0.039,1.000,-0.027,-0.457,-0.305,0.048,0.026,1.084,1.287,2,NULL,NULL,,3,0,2,7,255,992,250,0,0
stim,29824,59945,0,59945,3257244.454,0.883,-0.077,-0.072,0.457,3019,157,323,3123,1835,2515,415,2506,58,1.274,1,2091,1,16.539,0.503,9.188,-6.125,12.313,-0.160,0.059,0.992,0.211,-0.457,0.051,0.050,0.026,1.084,1.287,2,NULL,NULL,,3,0,2,7,255,992,250,0,0
stim,29824,59945,0,59945,3257249.455,0.883,-0.077,-0.072,0.457,3011,148,325,3123,1851,2496,405,2509,58,1.274,1,2091,1,15.904,0.361,8.063,-7.063,11.750,-0.188,0.055,0.980,0.211,-0.293,0.051,0.052,0.026,1.084,1.287,2,NULL,NULL,,3,0,2,7,255,992,250,0,0
stim,29824,59945,0,59945,3257254.454,0.883,-0.077,-0.071,0.457,3001,151,333,3103,1863,2509,394,2515,58,1.274,1,2091,1,16.206,0.094,9.438,-9.063,9.563,-0.191,0.055,0.965,0.066,-0.066,0.004,0.054,0.026,1.084,1.287,2,NULL,NULL,,3,0,2,7,255,992,250,0,0
stim,29824,59945,0,59945,3257259.455,0.884,-0.078,-0.070,0.456,2985,151,349,3094,1881,2491,388,2514,58,1.274,1,2091,1,17.936,0.094,12.500,-10.313,7.688,-0.168,0.070,0.973,0.066,-0.066,-0.117,0.056,0.026,1.084,1.287,2,NULL,NULL,,3,0,2,7,255,992,250,0,0
stim,29824,59945,0,59945,3257264.453,0.884,-0.078,-0.070,0.456,2983,133,375,3093,1904,2507,391,2525,58,1.274,1,2091,1,19.762,0.300,12.875,-11.750,9.313,-0.156,0.070,0.984,0.277,-0.113,-0.117,0.056,0.024,1.084,1.287,2,NULL,NULL,,3,0,2,7,255,992,250,0,0
stim,29824,59945,0,59945,3257269.455,0.884,-0.078,-0.069,0.456,2965,137,397,3087,1941,2500,394,2535,58,1.274,1,2091,1,20.904,0.300,11.438,-13.188,11.500,-0.176,0.078,0.984,0.277,-0.113,-0.016,0.058,0.022,1.084,1.287,2,NULL,NULL,,3,0,2,7,255,992,250,0,0
stim,29824,59945,0,59945,3257274.454,0.884,-0.078,-0.068,0.455,2943,133,447,3056,1963,2501,409,2556,58,1.274,1,2091,1,21.049,0.268,11.313,-14.750,9.875,-0.207,0.094,0.984,0.266,-0.039,0.027,0.058,0.020,1.084,1.287,2,NULL,NULL,,3,0,2,7,255,992,250,0,0
stim,29824,59945,0,59945,3257279.458,0.884,-0.079,-0.067,0.455,2936,142,532,3047,1993,2503,435,2570,58,1.274,1,2091,1,21.036,0.404,12.938,-16.000,4.375,-0.203,0.121,0.988,0.266,0.305,0.059,0.058,0.018,1.084,1.287,2,NULL,NULL,,3,0,2,7,255,992,250,0,0
stim,29856,59977,0,59977,3257284.454,0.884,-0.079,-0.066,0.455,2908,152,617,3033,2028,2515,463,2585,58,1.274,1,2091,1,22.530,0.575,14.313,-17.375,0.938,-0.176,0.156,1.008,0.426,0.387,0.129,0.058,0.016,1.084,1.287,2,NULL,NULL,,3,0,2,7,255,992,250,0,0
stim,29856,59977,0,59977,3257289.455,0.884,-0.079,-0.065,0.455,2889,155,663,3015,2075,2515,509,2605,58,1.274,1,2091,1,22.323,0.968,12.188,-18.688,0.750,-0.156,0.199,1.035,0.871,0.422,0.273,0.058,0.016,1.084,1.287,2,NULL,NULL,,3,0,2,7,255,992,250,0,0
stim,29856,59977,0,59977,3257294.454,0.884,-0.079,-0.064,0.455,2872,171,719,2999,2147,2521,535,2615,58,1.274,1,2091,1,21.446,1.329,9.938,-19.000,-0.438,-0.172,0.203,1.051,1.246,0.461,0.520,0.060,0.016,1.084,1.287,2,NULL,NULL,,3,0,2,7,255,992,250,0,0
stim,29856,59977,0,59977,3257299.455,0.884,-0.079,-0.063,0.456,2840,173,785,2974,2200,2521,567,2632,58,1.274,1,2091,1,21.190,1.382,6.688,-19.625,-4.375,-0.172,0.211,1.039,1.266,0.555,0.613,0.060,0.016,1.084,1.287,2,NULL,NULL,,3,0,2,7,255,992,250,0,0
stim,29856,59977,0,59977,3257304.453,0.884,-0.079,-0.062,0.456,2816,187,880,2957,2251,2531,617,2651,58,1.274,1,2091,1,22.393,1.393,5.688,-20.000,-8.313,-0.160,0.211,1.027,1.266,0.582,0.613,0.062,0.018,1.084,1.287,2,NULL,NULL,,3,0,2,7,255,992,250,0,0
stim,29856,59977,0,59977,3257309.455,0.884,-0.079,-0.061,0.457,2792,229,955,2933,2287,2531,693,2663,58,1.274,1,2091,1,23.801,1.393,4.625,-19.875,-12.250,-0.152,0.168,1.016,1.266,0.582,0.477,0.064,0.020,1.084,1.287,2,NULL,NULL,,3,0,2,7,255,992,250,0,0
stim,29890,60011,0,60011,3257314.454,0.884,-0.079,-0.060,0.457,2765,247,1076,2909,2347,2546,821,2679,58,1.274,1,2091,1,25.077,1.035,3.563,-20.625,-13.813,-0.160,0.117,0.984,0.988,0.309,0.309,0.066,0.024,1.084,1.287,2,NULL,NULL,,3,0,2,7,255,992,250,0,0
stim,29890,60011,0,60011,3257319.455,0.884,-0.079,-0.059,0.458,2717,255,1164,2885,2387,2539,920,2697,58,1.274,1,2091,1,27.572,0.541,5.188,-21.375,-16.625,-0.176,0.098,0.988,0.516,0.164,0.059,0.068,0.026,1.084,1.287,2,NULL,NULL,,3,0,2,7,255,992,250,0,0
stim,29915,60037,0,60037,3257324.454,0.883,-0.078,-0.058,0.459,2671,263,1229,2858,2425,2540,1056,2713,58,1.274,1,2091,1,32.498,0.425,6.125,-21.250,-23.813,-0.160,0.105,1.016,0.406,0.125,0.059,0.070,0.030,1.084,1.287,2,NULL,NULL,,3,0,2,7,255,992,250,0,0
stim,29915,60037,0,60037,3257329.455,0.883,-0.078,-0.057,0.460,2619,283,1341,2839,2473,2547,1163,2730,58,1.274,1,2091,1,35.545,0.344,2.750,-21.063,-28.500,-0.137,0.078,1.031,0.340,0.051,0.293,0.072,0.034,1.084,1.287,2,NULL,NULL,,3,0,2,7,255,992,250,0,0
stim,29942,60063,0,60063,3257334.454,0.882,-0.077,-0.057,0.461,2555,281,1487,2813,2519,2569,1261,2749,58,1.274,1,2091,1,35.488,0.444,-6.563,-21.688,-27.313,-0.152,0.059,1.051,0.340,-0.285,0.402,0.074,0.036,1.084,1.287,2,NULL,NULL,,3,0,2,7,255,992,250,0,0
stim,29942,60063,0,60063,3257339.455,0.882,-0.076,-0.056,0.462,2517,281,1605,2799,2548,2557,1395,2776,58,1.274,1,2091,1,41.709,0.297,-17.188,-21.625,-31.250,-0.195,0.070,1.063,0.082,-0.285,0.602,0.074,0.040,1.084,1.287,2,NULL,NULL,,3,0,2,7,255,992,250,0,0
stim,29942,60063,0,60063,3257344.454,0.881,-0.075,-0.056,0.464,2445,291,1727,2761,2597,2575,1497,2781,58,1.274,1,2091,1,51.773,0.156,-24.250,-21.500,-40.375,-0.180,0.090,1.035,0.082,0.133,0.602,0.076,0.044,1.084,1.287,2,NULL,NULL,,3,0,2,7,255,992,250,0,0
stim,29942,60063,0,60063,3257349.455,0.880,-0.073,-0.056,0.465,2379,327,1851,2723,2630,2571,1621,2797,58,1.274,1,2091,1,56.975,0.236,-28.063,-22.250,-44.313,-0.141,0.063,0.996,0.195,0.133,0.504,0.078,0.046,1.084,1.287,2,NULL,NULL,,3,0,2,7,255,992,250,0,0
stim,29942,60063,0,60063,3257354.454,0.880,-0.071,-0.056,0.467,2299,339,1943,2681,2665,2579,1696,2811,58,1.274,1,2091,1,57.636,0.279,-30.563,-22.625,-43.313,-0.109,-0.008,0.996,0.195,-0.199,0.078,0.080,0.046,1.084,1.287,2,NULL,NULL,,3,0,2,7,255,992,250,0,0
stim,29942,60063,0,60063,3257359.455,0.879,-0.069,-0.055,0.469,2207,332,2041,2632,2685,2585,1787,2835,58,1.274,1,2091,1,57.727,0.798,-34.063,-23.063,-40.500,-0.125,-0.070,1.008,-0.180,-0.777,0.078,0.080,0.046,1.084,1.287,2,NULL,NULL,,3,0,2,7,255,992,250,0,0
stim,29942,60063,0,60063,3257364.453,0.878,-0.067,-0.055,0.470,2125,328,2149,2582,2728,2587,1874,2847,58,1.274,1,2091,1,63.625,1.150,-41.500,-24.250,-41.688,-0.160,-0.098,1.035,-0.746,-0.875,0.082,0.078,0.044,1.084,1.287,2,NULL,NULL,,3,0,2,7,255,992,250,0,0
stim,29942,60063,0,60063,3257369.455,0.878,-0.064,-0.056,0.472,2009,323,2231,2533,2747,2581,1960,2857,58,1.274,1,2091,1,74.725,1.416,-52.188,-25.750,-46.875,-0.156,-0.102,1.035,-1.113,-0.875,0.418,0.078,0.042,1.084,1.287,2,NULL,NULL,,3,0,2,7,255,992,250,0,0
stim,29942,60063,0,60063,3257374.454,0.877,-0.061,-0.056,0.474,1915,307,2317,2458,2773,2587,2035,2877,58,1.274,1,2091,1,77.780,1.416,-54.313,-26.438,-49.000,-0.102,-0.063,0.957,-1.113,-0.875,0.418,0.078,0.040,1.084,1.287,2,NULL,NULL,,3,0,2,7,255,992,250,0,0
stim,29942,60063,0,60063,3257379.455,0.876,-0.058,-0.056,0.475,1769,281,2387,2361,2803,2594,2125,2899,58,1.274,1,2091,1,67.657,1.002,-44.438,-28.688,-42.188,-0.066,0.008,0.906,-0.508,-0.863,-0.422,0.078,0.038,1.084,1.287,2,NULL,NULL,,3,0,2,7,255,992,250,0,0
stim,29942,60063,0,60063,3257384.454,0.876,-0.056,-0.055,0.477,1609,275,2461,2271,2833,2590,2195,2905,58,1.274,1,2091,1,55.908,0.739,-31.063,-30.375,-35.188,-0.086,0.004,0.957,0.152,-0.723,-0.422,0.078,0.036,1.084,1.287,2,NULL,NULL,,3,0,2,7,255,992,250,0,0
stim,29942,60063,0,60063,3257389.455,0.875,-0.055,-0.055,0.478,1373,259,2521,2151,2857,2587,2255,2907,58,1.274,1,2091,1,54.067,0.624,-29.313,-32.250,-32.000,-0.133,-0.008,1.051,0.152,-0.605,-0.398,0.080,0.034,1.084,1.287,2,NULL,NULL,,3,0,2,7,255,992,250,0,0
stim,29943,60064,0,60064,3257394.454,0.874,-0.052,-0.054,0.479,1223,244,2552,2024,2871,2582,2317,2917,58,1.274,1,2091,1,61.457,0.392,-35.125,-32.938,-38.188,-0.164,0.008,1.090,-0.125,-0.371,0.574,0.080,0.032,1.084,1.287,2,NULL,NULL,,3,0,2,7,255,992,250,0,0
stim,29943,60064,0,60064,3257399.455,0.874,-0.050,-0.054,0.481,1011,203,2600,1813,2888,2587,2387,2933,58,1.274,1,2091,1,67.439,0.358,-39.250,-33.313,-43.563,-0.109,0.020,1.051,-0.125,-0.336,0.574,0.084,0.028,1.084,1.287,2,NULL,NULL,,3,0,2,7,255,992,250,0,0
stim,29974,60095,0,60095,3257404.453,0.873,-0.048,-0.053,0.482,818,164,2643,1553,2903,2584,2443,2939,58,1.274,1,2091,1,64.513,0.412,-36.563,-34.125,-40.750,-0.063,0.004,1.012,0.238,-0.336,0.551,0.088,0.024,1.084,1.287,2,NULL,NULL,,3,0,2,7,255,992,250,0,0
stim,29974,60095,0,60095,3257409.455,0.873,-0.046,-0.052,0.484,551,84,2667,1321,2923,2575,2488,2963,58,1.274,1,2091,1,58.735,0.750,-31.750,-35.438,-34.438,-0.055,-0.031,1.012,0.238,-0.711,0.098,0.090,0.020,1.084,1.287,2,NULL,NULL,,3,0,2,7,255,992,250,0,0
stim,29974,60095,0,60095,3257414.454,0.872,-0.044,-0.051,0.485,377,63,2705,1045,2935,2569,2529,2957,58,1.274,1,2091,1,51.709,0.742,-25.438,-37.688,-24.625,-0.086,-0.051,1.016,0.109,-0.734,0.098,0.094,0.020,1.084,1.287,2,NULL,NULL,,3,0,2,7,255,992,250,0,0
stim,29974,60095,0,60095,3257419.455,0.872,-0.042,-0.050,0.485,203,4,2734,825,2954,2551,2578,2968,58,1.274,1,2091,1,50.917,0.765,-22.750,-39.500,-22.688,-0.109,-0.047,1.031,-0.215,-0.734,0.180,0.098,0.020,1.084,1.287,2,NULL,NULL,,3,0,2,7,255,992,250,0,0
stim,29974,60095,0,60095,3257424.454,0.871,-0.040,-0.049,0.486,75,0,2751,568,2969,2551,2618,2982,58,1.274,1,2091,1,52.594,0.543,-19.688,-41.875,-25.000,-0.102,-0.047,1.023,-0.238,-0.488,0.250,0.102,0.020,1.084,1.287,2,NULL,NULL,,3,0,2,7,255,992,250,0,0
stim,29974,60095,0,60095,3257429.455,0.871,-0.039,-0.048,0.487,21,0,2779,383,2980,2524,2643,2985,58,1.274,1,2091,1,53.633,0.543,-13.313,-45.125,-25.750,-0.070,-0.023,1.016,-0.238,-0.488,0.250,0.106,0.022,1.084,1.287,2,NULL,NULL,,3,0,2,7,255,992,250,0,0
stim,30025,60146,0,60146,3257434.454,0.871,-0.037,-0.046,0.488,1,0,2798,237,2996,2503,2678,2989,58,1.274,1,2091,1,54.707,0.496,-7.250,-48.500,-24.250,-0.043,0.051,1.043,0.090,-0.488,0.250,0.110,0.024,1.084,1.287,2,NULL,NULL,,3,0,2,7,255,992,250,0,0
stim,30025,60146,0,60146,3257439.455,0.870,-0.036,-0.044,0.489,0,0,2823,137,3005,2483,2697,3005,58,1.274,1,2091,1,57.930,0.724,-4.750,-52.250,-24.563,-0.086,0.047,1.066,0.586,-0.426,0.375,0.112,0.024,1.084,1.287,2,NULL,NULL,,3,0,2,7,255,992,250,0,0
stim,30025,60146,0,60146,3257444.454,0.870,-0.035,-0.041,0.489,0,0,2829,62,3018,2451,2727,3003,58,1.274,1,2091,1,62.766,0.587,20.250,-59.125,-5.813,-0.289,-0.066,1.215,0.586,-0.039,0.648,0.110,0.022,1.084,1.287,2,NULL,NULL,,3,0,2,7,255,992,250,0,0
stim,30025,60146,0,60146,3257449.455,0.870,-0.035,-0.039,0.490,0,0,2837,10,3027,2430,2747,3017,58,1.274,1,2091,1,73.561,1.667,25.188,-68.313,-10.500,-0.391,-0.113,1.371,-1.348,0.980,2.324,0.104,0.022,1.084,1.287,2,NULL,NULL,,3,0,2,7,255,992,250,0,0
stim,30026,60147,0,60147,3257454.454,0.870,-0.034,-0.035,0.491,0,0,2847,2,3037,2406,2778,3013,58,1.274,1,2091,0,83.815,2.437,25.313,-72.938,-32.625,-0.379,-0.082,1.422,-1.918,1.504,3.969,0.096,0.026,1.084,1.287,3,NULL,NULL,,3,0,2,7,255,992,250,0,0
stim,30026,60147,0,60147,3257459.455,0.869,-0.034,-0.031,0.492,0,0,2861,0,3051,2363,2809,3013,58,1.274,1,2091,0,98.062,2.476,44.000,-84.250,-24.125,-0.262,0.168,1.656,-1.918,1.566,4.438,0.092,0.032,1.084,1.287,3,NULL,NULL,,3,0,2,7,255,992,250,0,0
stim,30026,60148,0,60148,3257464.453,0.870,-0.033,-0.028,0.492,0,0,2859,0,3059,2317,2823,3021,58,1.274,1,2091,0,93.346,1.913,11.125,-92.563,4.688,-0.059,0.484,1.695,0.789,1.742,6.598,0.088,0.036,1.084,1.287,3,NULL,NULL,,3,0,2,7,255,992,250,0,0
stim,30026,60148,0,60148,3257469.455,0.870,-0.029,-0.025,0.492,0,0,2861,0,3063,2257,2851,3021,58,1.274,1,2091,0,102.803,3.854,-44.250,-91.938,12.563,-0.043,0.375,1.418,3.438,1.742,6.598,0.086,0.042,1.084,1.287,3,NULL,NULL,,3,0,2,7,255,992,250,0,0
stim,30027,60148,0,60148,3257474.454,0.871,-0.025,-0.022,0.490,0,0,2863,0,3078,2187,2863,3007,58,1.274,1,2091,0,115.646,3.797,-46.063,-99.938,35.563,-0.145,0.211,1.238,3.438,1.613,4.047,0.082,0.050,1.084,1.287,3,NULL,NULL,,3,0,2,7,255,992,250,0,0
stim,30027,60148,0,60148,3257479.455,0.872,-0.023,-0.019,0.488,0,0,2863,0,3083,2095,2875,3025,58,1.274,1,2091,0,119.665,2.161,-24.125,-107.750,46.125,-0.293,0.086,1.223,1.438,1.613,2.379,0.078,0.058,1.084,1.287,3,NULL,NULL,,3,0,2,7,255,992,250,0,0
stim,30049,60170,0,60170,3257484.454,0.873,-0.020,-0.015,0.487,0,0,2844,0,3059,1977,2893,3005,58,1.274,1,2091,0,118.769,2.377,-9.500,-114.750,29.125,-0.363,-0.031,1.246,-0.418,2.340,2.379,0.072,0.070,1.084,1.287,3,NULL,NULL,,3,0,2,7,255,992,250,0,0
stim,30049,60170,0,60170,3257489.455,0.873,-0.017,-0.011,0.487,0,0,2843,0,3099,1835,2910,3007,58,1.274,1,2091,0,122.449,2.948,-9.438,-121.500,11.938,-0.297,-0.090,1.316,-1.793,2.340,2.563,0.066,0.080,1.084,1.287,3,NULL,NULL,,3,0,2,7,255,992,250,0,0
stim,30049,60170,0,60170,3257494.454,0.874,-0.014,-0.006,0.486,0,0,2841,0,3087,1699,2927,3003,58,1.274,1,2091,0,129.221,2.412,-15.313,-127.688,12.625,-0.211,-0.102,1.320,-1.793,1.613,3.180,0.060,0.090,1.084,1.287,3,NULL,NULL,,3,0,2,7,255,992,250,0,0
stim,30049,60170,0,60170,3257499.455,0.874,-0.010,-0.002,0.485,0,0,2815,0,3091,1512,2933,2997,58,1.274,1,2091,0,136.843,2.051,-17.063,-133.813,23.000,-0.191,-0.066,1.246,-1.707,1.137,3.180,0.054,0.100,1.084,1.287,3,NULL,NULL,,3,0,2,7,255,992,250,0,0
stim,30072,60193,0,60193,3257504.453,0.875,-0.007,0.003,0.484,0,0,2811,0,3099,1289,2955,2983,58,1.274,1,2091,0,145.278,1.808,-17.063,-141.250,29.375,-0.188,-0.020,1.219,-1.406,1.137,2.445,0.048,0.112,1.084,1.287,3,NULL,NULL,,3,0,2,7,255,992,250,0,0
stim,30072,60193,0,60193,3257509.455,0.876,-0.003,0.008,0.483,0,0,2785,0,3103,1055,2965,2985,58,1.274,1,2091,0,151.356,1.977,-19.938,-146.813,30.938,-0.188,-0.047,1.172,-1.340,1.453,2.156,0.042,0.124,1.084,1.287,3,NULL,NULL,,3,0,2,7,255,992,250,0,0
stim,30072,60193,0,60193,3257514.454,0.876,0.001,0.013,0.482,0,0,2749,0,3103,825,2983,2969,58,1.274,1,2091,0,154.464,1.997,-12.313,-152.188,23.375,-0.242,-0.141,1.070,-1.340,1.480,1.645,0.036,0.136,1.084,1.287,3,NULL,NULL,,3,0,2,7,255,992,250,0,0
stim,30072,60193,0,60193,3257519.455,0.877,0.004,0.019,0.481,0,0,2719,0,3109,595,2981,2959,58,1.274,1,2091,0,161.676,2.882,1.563,-160.563,18.875,-0.203,-0.188,1.086,-2.488,1.453,0.789,0.032,0.150,1.084,1.287,3,NULL,NULL,,3,0,2,7,255,992,250,0,0
stim,30124,60245,0,60245,3257524.454,0.877,0.007,0.026,0.480,0,0,2679,0,3117,425,2990,2949,58,1.274,1,2091,0,170.968,2.843,16.438,-168.813,21.500,-0.188,-0.141,1.191,-2.488,1.375,0.789,0.032,0.162,1.084,1.287,3,NULL,NULL,,3,0,2,7,255,992,250,0,0
stim,30124,60245,0,60245,3257529.455,0.878,0.010,0.033,0.478,0,0,2647,0,3108,283,2999,2925,58,1.274,1,2091,0,180.243,2.751,21.625,-177.375,23.625,-0.172,-0.012,1.262,-2.383,1.375,1.770,0.034,0.174,1.084,1.287,3,NULL,NULL,,3,0,2,7,255,992,250,0,0
stim,30124,60245,0,60245,3257534.454,0.878,0.012,0.040,0.477,0,0,2582,0,3111,125,2992,2915,58,1.274,1,2091,0,187.298,2.503,24.625,-184.875,17.188,-0.164,0.113,1.301,-1.371,2.094,2.430,0.042,0.188,1.084,1.287,3,NULL,NULL,,3,0,2,7,255,992,250,0,0
stim,30124,60245,0,60245,3257539.455,0.878,0.015,0.048,0.476,0,0,2509,0,3113,73,3000,2879,58,1.274,1,2091,0,194.265,2.883,20.313,-192.750,13.188,-0.137,0.199,1.438,-0.422,2.852,2.758,0.052,0.202,1.084,1.287,3,NULL,NULL,,3,0,2,7,255,992,250,0,0
stim,30124,60245,0,60245,3257544.454,0.878,0.019,0.056,0.476,0,0,2441,0,3103,25,3003,2845,58,1.274,1,2091,0,201.768,3.346,16.688,-200.688,12.500,-0.195,0.254,1.605,0.125,3.344,4.043,0.066,0.220,1.084,1.287,3,NULL,NULL,,3,0,2,7,255,992,250,0,0
stim,30124,60245,0,60245,3257549.455,0.878,0.023,0.064,0.475,0,0,2326,0,3099,1,3011,2800,58,1.274,1,2091,0,212.478,4.494,1.125,-212.125,12.188,-0.328,0.207,1.801,0.125,4.492,5.590,0.084,0.238,1.084,1.287,3,NULL,NULL,,3,0,2,7,255,992,250,0,0
stim,30124,60245,0,60245,3257554.454,0.877,0.028,0.072,0.474,0,0,2195,0,3103,2,3004,2749,58,1.274,1,2091,0,226.988,5.939,-5.563,-226.875,4.500,-0.469,0.168,2.082,-1.273,5.801,7.219,0.106,0.264,1.084,1.287,3,NULL,NULL,,3,0,2,7,255,992,250,0,0
stim,30124,60245,0,60245,3257559.455,0.876,0.034,0.081,0.473,0,0,2047,0,3087,19,2989,2700,58,1.274,1,2091,0,248.075,7.781,-25.438,-246.750,2.938,-0.547,0.285,2.277,-2.504,7.367,9.633,0.136,0.294,1.084,1.287,3,NULL,NULL,,3,0,2,7,255,992,250,0,0
stim,30124,60245,0,60245,3257564.453,0.876,0.041,0.091,0.472,0,0,1885,0,3079,58,2974,2635,58,1.274,1,2091,0,274.569,9.621,-32.125,-272.500,10.000,-0.563,0.543,2.461,-2.504,9.289,11.199,0.174,0.334,1.084,1.287,3,NULL,NULL,,3,0,2,7,255,992,250,0,0
stim,30124,60245,0,60245,3257569.455,0.875,0.050,0.101,0.471,0,0,1741,0,3047,61,2968,2563,58,1.274,1,2091,0,304.021,11.606,-53.063,-298.813,18.000,-0.547,0.840,2.605,-0.863,11.574,12.664,0.220,0.382,1.084,1.287,3,NULL,NULL,,3,0,2,7,255,992,250,0,0
stim,30124,60245,0,60245,3257574.454,0.874,0.060,0.112,0.469,0,0,1594,0,3033,67,2940,2442,58,1.274,1,2091,0,333.346,13.927,-83.688,-322.125,18.750,-0.574,0.945,2.691,1.285,13.867,13.707,0.278,0.440,1.084,1.287,3,NULL,NULL,,3,0,2,7,255,992,250,0,0
stim,30124,60245,0,60245,3257579.455,0.873,0.071,0.122,0.468,0,0,1501,0,2997,71,2907,2309,58,1.274,1,2091,0,367.132,15.530,-120.500,-345.750,26.875,-0.680,0.914,2.770,1.285,15.477,14.008,0.346,0.508,1.084,1.287,3,NULL,NULL,,3,0,2,7,255,992,250,0,0
stim,30157,60278,0,60278,3257584.454,0.871,0.085,0.133,0.466,0,0,1415,0,2961,75,2855,2181,58,1.274,1,2091,0,397.794,17.077,-148.938,-368.063,24.250,-0.793,0.988,2.816,0.594,17.066,14.008,0.422,0.584,1.084,1.287,3,NULL,NULL,,3,0,2,7,255,992,250,0,0
stim,30157,60278,0,60278,3257589.455,0.868,0.099,0.144,0.465,0,0,1341,0,2923,67,2795,2065,58,1.274,1,2091,0,427.614,19.279,-174.250,-390.500,-0.375,-0.785,1.023,2.750,0.594,19.270,13.484,0.506,0.670,1.084,1.287,3,NULL,NULL,,3,0,2,7,255,992,250,0,0
stim,30157,60278,0,60278,3257594.454,0.864,0.114,0.156,0.464,0,0,1227,0,2848,59,2725,1928,58,1.274,1,2091,0,445.556,19.462,-172.000,-410.813,-13.000,-0.789,0.766,2.723,0.418,19.457,12.156,0.598,0.762,1.084,1.287,3,NULL,NULL,,3,0,2,7,255,992,250,0,0
stim,30157,60278,0,60278,3257599.455,0.861,0.129,0.170,0.462,0,0,1111,0,2780,55,2599,1797,58,1.274,1,2091,0,472.021,20.101,-164.938,-442.250,3.813,-0.926,0.691,2.750,-1.473,20.047,11.328,0.696,0.860,1.084,1.287,3,NULL,NULL,,3,0,2,7,255,992,250,0,0
stim,30157,60278,0,60278,3257604.453,0.856,0.145,0.183,0.460,0,0,998,0,2695,20,2412,1647,58,1.274,1,2091,0,491.099,21.233,-167.250,-461.688,-7.125,-1.023,0.727,2.836,-2.977,21.023,10.270,0.796,0.962,1.084,1.287,3,NULL,NULL,,3,0,2,7,255,992,250,0,0
stim,30157,60278,0,60278,3257609.455,0.851,0.160,0.198,0.459,0,0,843,0,2554,0,2201,1469,58,1.274,1,2091,0,497.734,22.957,-153.875,-471.938,-36.563,-0.941,0.445,3.012,-3.430,22.699,10.270,0.900,1.068,1.084,1.287,3,NULL,NULL,,3,0,2,7,255,992,250,0,0
stim,30190,60311,0,60311,3257614.454,0.845,0.175,0.213,0.459,0,0,700,0,2399,0,1913,1272,58,1.274,1,2091,0,509.539,23.430,-153.375,-483.250,-50.750,-0.742,0.082,3.109,-5.805,22.699,10.820,1.008,1.178,1.084,1.287,3,NULL,NULL,,3,0,2,7,255,992,250,0,0
stim,30190,60311,0,60311,3257619.458,0.838,0.191,0.228,0.457,0,0,533,0,2187,0,1627,1067,58,1.274,1,2091,0,524.008,22.440,-160.813,-497.625,-33.063,-0.676,-0.227,2.996,-8.215,20.883,10.863,1.118,1.292,1.084,1.287,3,NULL,NULL,,3,0,2,7,255,992,250,0,0
stim,30215,60336,0,60336,3257624.454,0.832,0.207,0.244,0.453,0,0,301,0,1899,0,1142,899,58,1.274,1,2091,0,546.487,22.000,-170.375,-519.250,0.125,-0.633,-0.445,2.574,-10.523,19.320,10.863,1.224,1.402,1.084,1.287,3,NULL,NULL,,3,0,2,7,255,992,250,0,0
stim,30215,60336,0,60336,3257629.455,0.825,0.224,0.260,0.449,0,0,189,0,1561,0,585,709,58,1.274,1,2091,0,554.490,19.679,-148.625,-534.188,3.688,-0.563,-0.449,2.133,-10.641,16.555,7.113,1.324,1.504,1.084,1.287,3,NULL,NULL,,3,0,2,7,255,992,250,0,0
stim,30215,60336,0,60336,3257634.454,0.818,0.238,0.277,0.444,0,0,97,0,1177,0,205,572,58,1.274,1,2091,0,548.564,17.728,-105.063,-538.375,6.063,-0.480,-0.141,1.879,-10.641,14.180,3.332,1.414,1.598,1.084,1.287,3,NULL,NULL,,3,0,2,7,255,992,250,0,0
stim,30215,60336,0,60336,3257639.455,0.811,0.252,0.294,0.438,0,0,62,0,697,0,0,455,58,1.274,1,2091,0,536.584,15.979,-76.563,-530.625,22.313,-0.426,0.418,1.996,-7.367,14.180,0.730,1.502,1.690,1.084,1.287,3,NULL,NULL,,3,0,2,7,255,992,250,0,0
stim,30215,60336,0,60336,3257644.454,0.806,0.265,0.310,0.430,0,0,22,0,247,0,0,344,58,1.274,1,2091,0,537.264,17.931,-69.813,-526.563,80.688,-0.836,0.625,2.246,-3.766,17.531,0.176,1.596,1.786,1.084,1.287,3,NULL,NULL,,3,0,2,7,255,992,250,0,0
stim,30215,60336,0,60336,3257649.455,0.800,0.282,0.325,0.418,0,0,21,0,0,0,0,248,58,1.274,1,2091,0,581.369,23.048,-108.375,-543.000,177.188,-1.438,0.559,2.234,-3.766,22.738,-2.285,1.702,1.894,1.084,1.287,3,NULL,NULL,,3,0,2,7,255,992,250,0,0
stim,30215,60336,0,60336,3257654.453,0.795,0.300,0.338,0.405,0,0,0,0,0,0,0,135,58,1.274,1,2091,0,618.841,25.991,-141.188,-562.063,217.063,-1.867,0.520,1.941,-7.203,24.973,-7.852,1.818,2.014,1.084,1.287,3,NULL,NULL,,3,0,2,7,255,992,250,0,0
stim,30215,60336,0,60336,3257659.455,0.787,0.318,0.351,0.395,0,0,0,0,0,0,0,72,58,1.274,1,2091,0,591.799,25.991,-192.875,-537.875,154.000,-1.625,1.125,1.500,-7.203,24.973,-14.074,1.936,2.134,1.084,1.287,4,NULL,NULL,,3,0,2,7,255,992,250,0,0
stim,30240,60361,0,60361,3257664.454,0.777,0.336,0.362,0.390,0,0,0,0,0,0,0,93,58,1.274,1,2091,0,543.643,23.075,-257.938,-475.500,54.000,-0.988,1.887,1.094,-1.758,23.008,-17.121,2.048,2.248,1.084,1.287,0,NULL,NULL,,3,0,2,7,255,992,250,0,0
stim,30240,60361,0,60361,3257669.455,0.766,0.356,0.368,0.389,0,0,0,0,0,0,0,141,58,1.274,1,2091,0,531.197,22.218,-373.313,-377.875,4.250,-0.230,1.875,0.543,8.641,20.469,-17.121,2.142,2.342,1.084,1.287,0,NULL,NULL,,3,0,2,7,255,992,250,0,0
stim,30240,60361,0,60361,3257674.454,0.757,0.372,0.371,0.390,0,0,0,0,0,0,0,179,58,1.274,1,2091,0,432.469,15.502,-339.625,-267.125,18.125,-0.051,0.832,0.098,8.641,12.871,-14.246,2.212,2.414,1.084,1.287,0,NULL,NULL,,3,0,2,7,255,992,250,0,0
stim,30240,60361,0,60361,3257679.455,0.752,0.382,0.372,0.387,0,0,0,0,0,0,0,197,58,1.274,1,2091,0,260.442,7.899,-172.188,-179.563,77.063,-0.605,0.039,0.293,6.582,4.367,-13.813,2.262,2.464,1.084,1.287,0,NULL,NULL,,3,0,2,7,255,992,250,0,0
stim,30240,60361,0,60361,3257684.454,0.750,0.388,0.373,0.385,0,0,0,0,0,0,0,205,58,1.274,1,2091,0,153.853,5.265,-99.250,-101.500,59.313,-1.191,-0.223,1.258,-2.941,4.367,-13.813,2.306,2.510,1.084,1.287,0,NULL,NULL,,3,0,2,7,255,992,250,0,0
stim,30240,60361,0,60361,3257689.455,0.747,0.393,0.370,0.388,0,0,0,0,0,0,0,199,58,1.274,1,2091,0,183.135,16.197,-181.125,-3.125,-26.875,-1.277,-0.102,1.352,-9.164,13.355,-14.066,2.354,2.562,1.084,1.287,0,NULL,NULL,,3,0,2,7,255,992,250,0,0
stim,30259,60380,0,60380,3257694.453,0.742,0.399,0.364,0.396,0,0,0,0,0,0,0,159,58,1.274,1,2091,0,282.201,16.197,-259.250,89.188,-66.875,-0.836,0.340,0.473,-9.164,13.355,-14.852,2.408,2.618,1.084,1.287,0,NULL,NULL,,3,0,2,7,255,992,250,0,0
stim,30259,60380,0,60380,3257699.455,0.740,0.403,0.356,0.404,0,0,0,0,0,0,0,109,58,1.274,1,2091,0,272.526,7.785,-218.125,159.000,-37.563,-0.574,0.871,-0.273,-1.512,7.637,-15.996,2.460,2.674,1.084,1.287,0,NULL,NULL,,3,0,2,7,255,992,250,0,0
stim,30259,60380,1,60380,3257704.454,0.741,0.402,0.348,0.409,0,0,0,0,0,0,0,107,58,1.274,1,2091,0,227.011,6.422,-99.125,204.188,-3.938,-0.711,0.996,-0.254,5.641,3.070,-18.461,2.508,2.722,1.084,1.287,0,NULL,NULL,,3,1,2,7,255,992,250,0,0
stim,30259,60380,1,60380,3257709.455,0.744,0.398,0.340,0.414,0,0,0,0,0,0,0,101,58,1.274,1,2091,0,237.797,6.422,-21.125,236.750,-7.125,-0.906,0.691,0.313,5.641,3.070,-18.461,2.554,2.768,1.084,1.287,0,NULL,NULL,,3,1,2,7,255,992,250,0,0
stim,30282,60403,1,60403,3257714.453,0.747,0.394,0.332,0.420,0,0,0,0,0,0,0,99,58,1.274,1,2091,0,264.473,8.040,-34.063,261.188,-23.813,-0.848,0.352,0.625,1.715,7.855,-18.102,2.600,2.818,1.084,1.287,0,NULL,NULL,,3,1,2,7,255,992,250,0,0
stim,30282,60403,1,60403,3257719.455,0.749,0.391,0.322,0.427,0,0,0,0,0,0,0,99,58,1.274,1,2091,0,287.308,7.919,-74.188,277.063,-16.688,-0.648,0.266,0.438,-1.000,7.855,-14.969,2.644,2.864,1.084,1.287,0,NULL,NULL,,3,1,2,7,255,992,250,0,0
stim,30282,60403,1,60403,3257724.454,0.752,0.389,0.311,0.433,0,0,0,0,0,0,0,97,58,1.274,1,2091,0,296.566,6.998,-80.125,285.375,9.625,-0.551,0.434,0.035,-1.000,6.926,-14.969,2.680,2.902,1.084,1.287,0,NULL,NULL,,3,1,2,7,255,992,250,0,0
stim,30282,60403,1,60403,3257729.455,0.755,0.385,0.300,0.438,0,0,0,0,0,0,0,91,58,1.274,1,2091,0,294.431,3.937,-48.938,289.438,22.813,-0.598,0.578,-0.188,1.336,3.703,-15.398,2.708,2.932,1.084,1.287,0,NULL,NULL,,3,1,2,7,255,992,250,0,0
stim,30323,60444,1,60444,3257734.453,0.759,0.379,0.290,0.442,0,0,0,0,0,0,0,87,58,1.274,1,2091,0,292.643,2.879,1.375,291.000,30.938,-0.531,0.402,-0.234,1.336,2.551,-16.402,2.730,2.956,1.084,1.287,0,NULL,NULL,,3,1,2,7,255,992,250,0,0
stim,30323,60444,1,60444,3257739.455,0.764,0.373,0.280,0.445,0,0,0,0,0,0,0,83,58,1.274,1,2091,0,298.616,2.696,35.625,293.125,44.500,-0.453,0.320,-0.074,1.297,2.363,-16.402,2.748,2.976,1.084,1.287,0,NULL,NULL,,3,1,2,7,255,992,250,0,0
stim,30323,60444,1,60444,3257744.454,0.769,0.366,0.271,0.448,0,0,0,0,0,0,0,79,58,1.274,1,2091,0,304.412,2.696,46.000,295.813,55.188,-0.469,0.426,0.066,1.297,2.363,-14.672,2.768,2.996,1.084,1.287,0,NULL,NULL,,3,1,2,7,255,992,250,0,0
stim,30323,60444,1,60444,3257749.455,0.775,0.359,0.261,0.451,0,0,0,0,0,0,0,80,58,1.274,1,2091,0,308.846,4.279,49.188,299.313,58.125,-0.477,0.457,0.113,1.520,4.000,-14.266,2.786,3.018,1.084,1.287,0,NULL,NULL,,3,1,2,7,255,992,250,0,0
stim,30323,60444,1,60444,3257754.453,0.780,0.352,0.251,0.453,0,0,0,0,0,0,0,77,58,1.274,1,2091,0,314.000,4.279,63.375,300.938,63.375,-0.430,0.348,0.070,1.520,4.000,-14.063,2.808,3.040,1.084,1.287,0,NULL,NULL,,3,1,2,7,255,992,250,0,0
stim,30323,60444,1,60444,3257759.455,0.786,0.343,0.241,0.454,0,0,0,0,0,0,0,76,58,1.274,1,2091,0,321.395,4.540,91.375,301.063,65.625,-0.426,0.285,0.172,0.941,4.441,-13.547,2.832,3.068,1.084,1.287,0,NULL,NULL,,3,1,2,7,255,992,250,0,0
stim,30323,60444,1,60444,3257764.454,0.792,0.334,0.232,0.456,0,0,0,0,0,0,0,71,58,1.274,1,2091,0,329.767,4.455,108.875,302.938,71.563,-0.426,0.277,0.328,0.348,4.441,-12.594,2.862,3.098,1.084,1.287,0,NULL,NULL,,3,1,2,7,255,992,250,0,0
stim,30323,60444,1,60444,3257769.455,0.798,0.324,0.223,0.457,0,0,0,0,0,0,0,61,58,1.274,1,2091,0,334.042,5.628,115.688,306.000,67.563,-0.391,0.387,0.512,0.348,5.617,-11.410,2.894,3.132,1.084,1.287,0,NULL,NULL,,3,1,2,7,255,992,250,0,0
stim,30342,60463,1,60463,3257774.454,0.803,0.315,0.214,0.458,0,0,0,0,0,0,0,60,58,1.274,1,2091,0,337.959,7.225,114.313,311.938,62.000,-0.406,0.344,0.660,0.734,7.188,-10.180,2.932,3.172,1.084,1.287,0,NULL,NULL,,3,1,2,7,255,992,250,0,0
stim,30342,60463,1,60463,3257779.455,0.809,0.305,0.204,0.460,0,0,0,0,0,0,0,54,58,1.274,1,2091,0,340.617,8.255,105.500,319.000,55.938,-0.363,0.383,0.781,1.223,8.164,-8.922,2.972,3.214,1.084,1.287,0,NULL,NULL,,3,1,2,7,255,992,250,0,0
stim,30342,60463,1,60463,3257784.454,0.814,0.295,0.193,0.462,0,0,0,0,0,0,0,58,58,1.274,1,2091,0,346.111,8.812,95.188,328.313,54.250,-0.383,0.301,0.809,0.734,8.781,-7.711,3.014,3.258,1.084,1.287,0,NULL,NULL,,3,1,2,7,255,992,250,0,0
stim,30342,60463,1,60463,3257789.455,0.818,0.286,0.183,0.464,0,0,0,0,0,0,0,59,58,1.274,1,2091,0,352.200,8.882,90.938,337.125,46.063,-0.379,0.352,0.875,0.980,8.828,-7.098,3.058,3.304,1.084,1.287,0,NULL,NULL,,3,1,2,7,255,992,250,0,0
stim,30364,60485,1,60485,3257794.453,0.822,0.276,0.172,0.467,0,0,0,0,0,0,0,57,58,1.274,1,2091,0,359.272,9.325,83.938,347.188,38.625,-0.352,0.414,0.930,0.980,9.273,-6.496,3.102,3.350,1.084,1.287,0,NULL,NULL,,3,1,2,7,255,992,250,0,0
stim,30364,60485,1,60485,3257799.455,0.826,0.266,0.160,0.470,0,0,0,0,0,0,0,57,58,1.274,1,2091,0,365.711,9.422,77.000,356.625,25.188,-0.301,0.371,0.977,1.668,9.273,-5.875,3.144,3.394,1.084,1.287,0,NULL,NULL,,3,1,2,7,255,992,250,0,0
stim,30364,60485,1,60485,3257804.454,0.830,0.256,0.148,0.474,0,0,0,0,0,0,0,60,58,1.274,1,2091,0,370.088,9.342,68.188,363.188,20.250,-0.215,0.305,0.973,1.668,9.191,-4.840,3.184,3.436,1.084,1.287,0,NULL,NULL,,3,1,2,7,255,992,250,0,0
stim,30364,60485,1,60485,3257809.455,0.833,0.246,0.136,0.477,0,0,0,0,0,0,0,67,58,1.274,1,2091,0,374.856,8.294,60.875,369.188,22.625,-0.195,0.266,0.902,1.645,8.129,-4.109,3.220,3.474,1.084,1.287,0,NULL,NULL,,3,1,2,7,255,992,250,0,0
stim,30364,60485,1,60485,3257814.453,0.836,0.236,0.124,0.480,0,0,0,0,0,0,0,64,58,1.274,1,2091,0,378.277,7.454,61.063,372.813,19.375,-0.242,0.293,0.848,1.559,7.289,-4.109,3.256,3.512,1.084,1.287,0,NULL,NULL,,3,1,2,7,255,992,250,0,0
stim,30364,60485,1,60485,3257819.455,0.838,0.226,0.111,0.484,0,0,0,0,0,0,0,64,58,1.274,1,2091,0,379.974,7.435,66.438,374.063,6.625,-0.258,0.313,0.820,1.559,7.270,-4.656,3.288,3.546,1.084,1.287,0,NULL,NULL,,3,1,2,7,255,992,250,0,0
stim,30423,60544,1,60544,3257824.454,0.841,0.215,0.100,0.487,0,0,0,0,0,0,0,63,58,1.274,1,2091,0,381.470,7.328,79.625,373.063,1.938,-0.117,0.133,0.758,1.559,7.160,-4.656,3.318,3.576,1.084,1.287,0,NULL,NULL,,3,1,2,7,255,992,250,0,0
stim,30423,60544,1,60544,3257829.455,0.843,0.203,0.088,0.490,0,0,0,0,0,0,0,63,58,1.274,1,2091,0,383.244,4.999,102.875,368.438,23.375,-0.098,0.121,0.824,1.070,4.883,-4.082,3.346,3.606,1.084,1.287,0,NULL,NULL,,3,1,2,7,255,992,250,0,0
stim,30423,60544,1,60544,3257834.453,0.846,0.191,0.077,0.492,0,0,0,0,0,0,0,60,58,1.274,1,2091,0,381.967,4.999,111.375,364.500,25.188,-0.219,0.336,0.961,1.070,4.883,-3.242,3.372,3.634,1.084,1.287,0,NULL,NULL,,3,1,2,7,255,992,250,0,0
stim,30423,60544,1,60544,3257839.455,0.848,0.179,0.066,0.495,0,0,0,0,0,0,0,57,58,1.274,1,2091,0,377.149,6.910,115.500,358.813,12.438,-0.191,0.313,0.977,2.449,6.461,-2.871,3.396,3.660,1.084,1.287,0,NULL,NULL,,3,1,2,7,255,992,250,0,0
stim,30423,60544,1,60544,3257844.454,0.850,0.167,0.056,0.497,0,0,0,0,0,0,0,56,58,1.274,1,2091,0,375.657,6.910,130.688,351.938,13.375,-0.094,0.188,0.996,2.449,6.461,-2.363,3.420,3.686,1.084,1.287,0,NULL,NULL,,3,1,2,7,255,992,250,0,0
stim,30423,60544,1,60544,3257849.455,0.852,0.154,0.046,0.499,0,0,0,0,0,0,0,53,58,1.274,1,2091,0,376.664,5.362,145.688,346.750,20.375,-0.082,0.180,1.051,2.090,4.938,-1.430,3.446,3.714,1.084,1.287,0,NULL,NULL,,3,1,2,7,255,992,250,0,0
stim,30423,60544,1,60544,3257854.453,0.854,0.141,0.037,0.500,0,0,0,0,0,0,0,55,58,1.274,1,2091,0,377.597,5.362,156.063,343.125,22.125,-0.125,0.258,1.094,2.090,4.938,-0.750,3.472,3.742,1.084,1.287,0,NULL,NULL,,3,1,2,7,255,992,250,0,0
stim,30423,60544,1,60544,3257859.455,0.855,0.127,0.028,0.501,0,0,0,0,0,0,0,56,58,1.274,1,2091,0,381.624,5.856,173.188,339.375,21.625,-0.148,0.301,1.172,2.609,5.242,-0.457,3.500,3.770,1.084,1.287,0,NULL,NULL,,3,1,2,7,255,992,250,0,0
stim,30423,60544,1,60544,3257864.454,0.857,0.112,0.019,0.503,0,0,0,0,0,0,0,52,58,1.274,1,2091,0,387.789,6.238,193.438,335.438,21.063,-0.176,0.305,1.344,2.957,5.492,0.305,3.528,3.800,1.084,1.287,0,NULL,NULL,,3,1,2,7,255,992,250,0,0
stim,30423,60544,1,60544,3257869.455,0.858,0.097,0.011,0.504,0,0,0,0,0,0,0,51,58,1.274,1,2091,0,390.021,6.497,204.313,331.688,18.875,-0.223,0.293,1.547,2.957,5.785,2.098,3.558,3.832,1.084,1.287,0,NULL,NULL,,3,1,2,7,255,992,250,0,0
stim,30423,60544,1,60544,3257874.454,0.859,0.083,0.004,0.505,0,0,0,0,0,0,0,46,58,1.274,1,2091,0,386.579,6.803,204.938,327.438,15.125,-0.238,0.309,1.727,3.063,6.074,4.199,3.586,3.860,1.084,1.287,0,NULL,NULL,,3,1,2,7,255,992,250,0,0
stim,30423,60544,1,60544,3257879.455,0.860,0.068,-0.004,0.506,0,0,0,0,0,0,0,53,58,1.274,1,2091,0,380.888,6.849,200.875,323.438,10.625,-0.223,0.344,1.832,3.164,6.074,6.078,3.612,3.888,1.084,1.287,0,NULL,NULL,,3,1,2,7,255,992,250,0,0
stim,30453,60574,1,60574,3257884.454,0.860,0.053,-0.012,0.507,0,0,0,0,0,0,0,47,58,1.274,1,2091,0,377.141,6.758,200.688,319.250,6.250,-0.215,0.359,1.918,3.594,5.723,7.273,3.636,3.914,1.084,1.287,0,NULL,NULL,,3,1,2,7,255,992,250,0,0
stim,30453,60574,1,60574,3257889.455,0.860,0.039,-0.019,0.508,0,0,0,0,0,0,0,47,58,1.274,1,2091,0,376.465,6.400,204.813,315.875,-0.938,-0.211,0.324,2.039,3.672,5.242,8.277,3.654,3.936,1.084,1.287,0,NULL,NULL,,3,1,2,7,255,992,250,0,0
stim,30453,60574,1,60574,3257894.453,0.860,0.024,-0.026,0.509,0,0,0,0,0,0,0,44,58,1.274,1,2091,0,376.554,5.805,206.500,314.688,-11.063,-0.191,0.262,2.172,3.672,4.496,9.641,3.668,3.950,1.084,1.287,0,NULL,NULL,,3,1,2,7,255,992,250,0,0
stim,30453,60574,1,60574,3257899.455,0.859,0.009,-0.033,0.511,0,0,0,0,0,0,0,43,58,1.274,1,2091,0,376.835,4.749,204.125,316.000,-21.938,-0.164,0.234,2.289,3.293,3.422,11.176,3.676,3.960,1.084,1.287,0,NULL,NULL,,3,1,2,7,255,992,250,0,0
stim,30453,60574,1,60574,3257904.454,0.857,-0.006,-0.041,0.513,0,0,0,0,0,0,0,44,58,1.274,1,2091,0,378.762,4.028,200.688,319.313,-35.000,-0.105,0.223,2.363,3.293,2.320,12.414,3.678,3.962,1.084,1.287,0,NULL,NULL,,3,1,2,7,255,992,250,0,0
stim,30453,60574,1,60574,3257909.455,0.855,-0.021,-0.048,0.515,0,0,0,0,0,0,0,52,58,1.274,1,2091,0,381.286,3.515,196.563,323.188,-47.875,0.020,0.152,2.383,3.371,0.996,13.180,3.670,3.958,1.084,1.287,0,NULL,NULL,,3,1,2,7,255,992,250,0,0
stim,30490,60611,1,60611,3257914.453,0.853,-0.035,-0.056,0.518,0,0,0,0,0,0,0,51,58,1.274,1,2091,0,382.211,3.568,193.875,325.250,-52.063,0.172,0.016,2.258,3.371,-1.168,13.180,3.654,3.944,1.084,1.287,0,NULL,NULL,,3,1,2,7,255,992,250,0,0
stim,30490,60611,1,60611,3257919.455,0.850,-0.050,-0.063,0.520,0,0,0,0,0,0,0,53,58,1.274,1,2091,0,389.917,4.659,210.125,324.313,-52.000,0.367,-0.152,2.098,2.738,-3.770,11.883,3.626,3.918,1.084,1.287,0,NULL,NULL,,3,1,2,7,255,992,250,0,0
stim,30514,60635,1,60635,3257924.454,0.847,-0.066,-0.069,0.522,0,0,0,0,0,0,0,57,58,1.274,1,2091,0,411.150,7.097,248.625,322.625,-56.063,0.613,-0.223,2.098,2.227,-6.738,9.918,3.586,3.878,1.084,1.287,0,NULL,NULL,,3,1,2,7,255,992,250,0,0
stim,30514,60635,1,60635,3257929.455,0.844,-0.084,-0.075,0.525,0,0,0,0,0,0,0,58,58,1.274,1,2091,0,436.893,10.085,291.188,320.250,-59.375,0.895,-0.184,2.258,2.227,-9.836,9.840,3.530,3.826,1.084,1.287,0,NULL,NULL,,3,1,2,7,255,992,250,0,0
stim,30514,60635,1,60635,3257934.453,0.840,-0.103,-0.079,0.527,0,0,0,0,0,0,0,55,58,1.274,1,2091,0,457.354,13.580,323.500,318.063,-57.938,1.152,-0.172,2.465,3.617,-13.090,9.840,3.460,3.758,1.084,1.287,0,NULL,NULL,,3,1,2,7,255,992,250,0,0
stim,30514,60635,1,60635,3257939.455,0.836,-0.122,-0.083,0.529,0,0,0,0,0,0,0,55,58,1.274,1,2091,0,467.686,17.037,343.313,313.938,-48.063,1.320,-0.246,2.672,4.230,-16.504,10.738,3.376,3.674,1.084,1.287,0,NULL,NULL,,3,1,2,7,255,992,250,0,0
stim,30514,60635,1,60635,3257944.454,0.831,-0.142,-0.086,0.530,0,0,0,0,0,0,0,57,58,1.274,1,2091,0,473.065,20.040,358.125,306.875,-36.938,1.430,-0.246,2.910,4.242,-19.586,11.625,3.278,3.580,1.084,1.287,0,NULL,NULL,,3,1,2,7,255,992,250,0,0
stim,30514,60635,1,60635,3257949.455,0.827,-0.162,-0.089,0.531,0,0,0,0,0,0,0,55,58,1.274,1,2091,0,469.449,22.493,359.188,300.250,-34.875,1.508,-0.195,3.094,4.242,-22.090,12.840,3.170,3.472,1.084,1.287,0,NULL,NULL,,3,1,2,7,255,992,250,0,0
stim,30514,60635,0,60635,3257954.453,0.822,-0.181,-0.092,0.532,0,0,0,0,0,0,0,57,58,1.274,1,2091,0,453.162,24.399,344.250,292.313,-37.438,1.535,-0.238,3.215,4.242,-24.027,13.605,3.046,3.352,1.084,1.287,0,NULL,NULL,,3,0,2,7,255,989,250,0,0
stim,30514,60635,0,60635,3257959.455,0.817,-0.199,-0.095,0.533,0,0,0,0,0,0,0,57,58,1.274,1,2091,0,429.184,25.973,321.188,281.500,-42.375,1.563,-0.273,3.367,3.652,-25.715,13.715,2.910,3.216,1.084,1.287,0,NULL,NULL,,3,0,2,7,255,989,250,0,0
stim,30539,60660,0,60660,3257964.454,0.812,-0.215,-0.098,0.534,0,0,0,0,0,0,0,62,58,1.274,1,2091,0,402.880,27.745,292.313,270.938,-58.813,1.730,-0.059,3.555,3.652,-27.504,14.063,2.760,3.068,1.084,1.287,0,NULL,NULL,,3,0,2,7,255,989,250,0,0
stim,30539,60660,0,60660,3257969.455,0.806,-0.229,-0.102,0.536,0,0,0,0,0,0,0,73,58,1.274,1,2091,0,365.586,30.127,242.125,261.625,-81.125,2.082,0.113,3.637,4.898,-29.727,14.063,2.596,2.902,1.084,1.287,0,NULL,NULL,,3,0,2,7,255,989,250,0,0
stim,30539,60660,0,60660,3257974.454,0.801,-0.241,-0.108,0.538,0,0,0,0,0,0,0,85,58,1.274,1,2091,0,317.745,33.921,170.125,252.125,-91.938,2.539,0.004,3.520,7.324,-33.121,13.461,2.420,2.726,1.084,1.287,0,NULL,NULL,,3,0,2,7,255,989,250,0,0
stim,30539,60660,0,60660,3257979.455,0.797,-0.249,-0.115,0.539,0,0,0,0,0,0,0,123,58,1.274,1,2091,0,271.946,37.934,91.625,241.875,-84.000,2.984,-0.230,3.156,7.621,-37.160,9.391,2.234,2.540,1.084,1.287,0,NULL,NULL,,3,0,2,7,255,989,250,0,0
stim,30539,60660,0,60660,3257984.454,0.793,-0.255,-0.123,0.539,0,0,0,0,0,0,0,167,58,1.274,1,2091,0,243.740,40.802,28.563,231.813,-69.688,3.430,-0.344,2.613,7.914,-40.027,2.930,2.044,2.348,1.084,1.287,0,NULL,NULL,,3,0,2,7,255,989,250,0,0
stim,30539,60660,0,60660,3257989.455,0.791,-0.259,-0.132,0.539,0,0,0,0,0,0,0,231,58,1.274,1,2091,0,229.560,42.144,-7.750,221.563,-59.563,3.938,-0.398,1.992,8.598,-41.258,-4.781,1.850,2.150,1.084,1.287,0,NULL,NULL,,3,0,2,7,255,989,250,0,0
stim,30558,60679,0,60679,3257994.453,0.788,-0.263,-0.140,0.538,0,0,0,0,0,0,0,301,58,1.274,1,2091,0,214.052,43.347,-19.125,208.188,-45.938,4.465,-0.641,1.363,10.363,-42.090,-13.254,1.652,1.948,1.084,1.287,0,NULL,NULL,,3,0,2,7,255,989,250,0,0
stim,30558,60679,0,60679,3257999.455,0.787,-0.268,-0.147,0.537,0,0,0,0,0,0,0,337,58,1.274,1,2091,0,194.423,43.347,5.000,193.750,-15.375,4.656,-0.852,0.715,10.363,-42.090,-22.309,1.448,1.740,1.084,1.287,0,NULL,NULL,,3,0,2,7,255,989,250,0,0
stim,30558,60679,0,60679,3258004.454,0.785,-0.274,-0.151,0.535,0,0,0,0,0,0,0,341,58,1.274,1,2091,0,177.040,44.294,66.375,164.125,-0.625,4.965,-1.711,0.488,9.398,-43.285,-29.781,1.238,1.524,1.084,1.287,0,NULL,NULL,,3,0,2,7,255,989,250,0,0
stim,30558,60679,0,60679,3258009.455,0.784,-0.281,-0.152,0.532,0,0,0,0,0,0,0,301,58,1.274,1,2091,0,177.197,44.735,110.000,116.000,76.438,5.051,-2.617,0.707,2.844,-44.645,-35.859,1.026,1.306,1.084,1.287,0,NULL,NULL,,3,0,2,7,255,989,250,0,0
stim,30581,60702,0,60702,3258014.453,0.785,-0.292,-0.148,0.527,0,0,0,0,0,0,0,250,58,1.274,1,2091,0,284.155,44.713,219.250,81.063,161.563,4.406,-2.160,0.727,-2.477,-44.645,-35.859,0.816,1.086,1.084,1.287,0,NULL,NULL,,3,0,2,7,255,989,250,0,0
stim,30581,60702,0,60702,3258019.455,0.786,-0.304,-0.139,0.520,0,0,0,0,0,0,0,185,58,1.274,1,2091,0,386.174,46.024,293.875,22.063,249.563,3.902,-1.641,2.184,-2.477,-45.957,-33.324,0.610,0.864,1.084,1.287,0,NULL,NULL,,3,0,2,7,255,989,250,0,0
stim,30581,60702,0,60702,3258024.454,0.790,-0.312,-0.130,0.512,0,0,0,0,0,0,0,171,58,1.274,1,2091,0,334.607,45.790,200.938,-27.625,266.125,2.949,-1.324,3.430,-1.828,-45.754,-18.414,0.422,0.638,1.084,1.287,0,NULL,NULL,,3,0,2,7,255,989,250,0,0
stim,30581,60702,0,60702,3258029.455,0.794,-0.314,-0.123,0.506,0,0,0,0,0,0,0,365,58,1.274,1,2091,0,241.708,45.790,77.500,-69.750,218.063,1.945,-0.930,3.383,-1.828,-45.754,-3.051,0.314,0.434,1.084,1.287,0,NULL,NULL,,3,0,2,7,255,989,250,0,0
stim,30623,60744,0,60744,3258034.453,0.798,-0.324,-0.103,0.498,173,0,0,563,0,8,0,428,58,1.274,1,2091,0,534.294,40.149,341.250,-214.563,350.688,-0.012,-1.289,6.035,-2.566,-40.066,3.152,0.316,0.300,1.084,1.287,0,NULL,NULL,,3,0,2,7,255,989,250,0,0
stim,30623,60744,0,60744,3258039.455,0.806,-0.330,-0.082,0.485,860,0,0,1263,0,137,0,507,58,1.274,1,2091,0,611.354,40.149,275.813,-244.750,487.625,0.086,2.004,9.328,-2.566,-40.066,31.563,0.372,0.268,1.084,1.287,0,NULL,NULL,,3,0,2,7,255,989,250,0,0
stim,30623,60744,0,60744,3258044.454,0.824,-0.297,-0.095,0.473,1367,0,0,1682,0,502,0,563,58,1.274,1,2091,0,957.356,40.123,-917.938,-84.250,258.500,-1.523,3.023,5.043,2.133,-40.066,48.246,0.406,0.306,1.084,1.287,0,NULL,NULL,,3,0,2,7,255,989,250,0,0
stim,30623,60744,0,60744,3258049.455,0.843,-0.249,-0.115,0.463,1829,0,0,1917,0,743,0,605,58,1.274,1,2092,0,1299.649,13.269,-1284.125,-127.813,154.188,-1.008,3.988,-0.363,11.992,-5.680,48.246,0.414,0.354,1.084,1.287,1,1037.000,48.000,,3,0,2,7,255,989,250,0,0
stim,30623,60745,0,60745,3258054.453,0.854,-0.217,-0.127,0.455,2099,0,0,2044,0,967,0,681,58,1.274,1,2092,0,842.072,29.593,-829.438,-81.875,120.063,-1.754,2.586,-3.125,11.992,27.055,2.508,0.424,0.402,1.084,1.287,1,NULL,NULL,,3,0,2,7,255,989,250,0,0
stim,30623,60745,0,60745,3258059.455,0.858,-0.204,-0.128,0.454,2313,0,0,2173,0,1177,0,765,58,1.274,1,2092,0,299.707,28.850,-275.500,-118.000,0.250,-1.707,0.004,-3.051,10.020,27.055,-23.871,0.452,0.448,1.084,1.287,1,NULL,NULL,,3,0,2,7,255,989,250,0,0
stim,30623,60745,0,60745,3258064.454,0.856,-0.206,-0.121,0.458,2509,0,0,2327,0,1320,0,859,58,1.274,1,2092,0,189.377,26.588,123.500,-137.438,-41.500,-0.285,-0.684,0.348,-7.063,25.633,-23.871,0.482,0.488,1.084,1.287,1,NULL,NULL,,3,0,2,7,255,989,250,0,0
stim,30623,60745,0,60745,3258069.455,0.857,-0.208,-0.114,0.457,2685,0,0,2569,0,1431,0,950,58,1.274,1,2092,0,173.604,7.654,117.813,-116.313,52.250,0.543,1.703,1.707,-7.063,-2.949,-7.105,0.488,0.514,1.084,1.287,2,NULL,NULL,,3,0,2,7,255,989,250,0,0
stim,30651,60773,0,60773,3258074.454,0.862,-0.205,-0.108,0.450,2811,0,0,2729,0,1482,0,1093,58,1.274,1,2092,0,250.701,7.045,-56.125,-137.375,202.063,-1.105,1.508,1.965,6.398,-2.949,6.875,0.468,0.526,1.084,1.287,2,NULL,NULL,,3,0,2,7,255,989,250,0,0
stim,30651,60773,0,60773,3258079.455,0.869,-0.190,-0.107,0.443,2914,0,0,2839,0,1557,0,1237,58,1.274,1,2092,0,414.024,9.673,-330.250,-180.000,173.063,-2.402,-0.148,1.379,6.398,7.254,10.555,0.436,0.526,1.084,1.287,2,NULL,NULL,,3,0,2,7,255,989,250,0,0
stim,30651,60773,0,60773,3258084.454,0.871,-0.172,-0.108,0.447,2965,0,0,2919,0,1594,0,1369,58,1.274,1,2092,0,416.061,18.063,-363.313,-176.313,-100.125,-2.434,-1.047,-0.168,-14.461,10.824,10.555,0.396,0.506,1.084,1.287,2,NULL,NULL,,3,0,2,7,255,989,250,0,0
stim,30651,60773,0,60773,3258089.455,0.869,-0.159,-0.105,0.456,2998,0,0,2973,0,1647,0,1507,58,1.274,1,2092,0,361.607,18.063,-190.938,-203.688,-229.813,-0.848,-0.938,-0.609,-14.461,10.824,-4.980,0.356,0.464,1.084,1.287,2,NULL,NULL,,3,0,2,7,255,989,250,0,0
stim,30652,60773,0,60773,3258094.453,0.866,-0.153,-0.098,0.465,3030,0,0,3028,0,1719,0,1573,58,1.274,1,2092,0,313.101,13.155,-25.438,-218.813,-222.500,0.352,-1.211,0.527,-12.711,3.391,-7.766,0.318,0.398,1.084,1.287,2,NULL,NULL,,3,0,2,7,255,989,250,0,0
stim,30652,60773,0,60773,3258099.455,0.865,-0.148,-0.091,0.471,3060,0,0,3087,0,1820,0,1597,58,1.274,1,2092,0,246.158,13.323,-9.813,-210.563,-127.125,1.059,-1.680,1.594,-7.832,-10.777,-7.766,0.294,0.322,1.084,1.287,2,NULL,NULL,,3,0,2,7,255,989,250,0,0
stim,30672,60793,0,60793,3258104.454,0.866,-0.141,-0.086,0.473,3067,0,0,3114,0,1927,0,1613,58,1.274,1,2092,0,203.843,23.242,-76.125,-188.188,-18.500,1.484,-1.906,1.961,-7.645,-21.949,-0.465,0.286,0.252,1.084,1.287,2,NULL,NULL,,3,0,2,7,255,989,250,0,0
stim,30672,60793,0,60793,3258109.455,0.869,-0.132,-0.082,0.469,3091,0,0,3146,0,2036,0,1626,58,1.274,1,2092,0,248.119,27.048,-151.875,-166.688,103.500,1.398,-1.977,1.625,-7.645,-25.945,-0.465,0.284,0.206,1.084,1.287,2,NULL,NULL,,3,0,2,7,255,989,250,0,0
stim,30672,60793,0,60793,3258114.453,0.876,-0.124,-0.079,0.460,3095,0,0,3163,0,2134,49,1648,58,1.274,1,2092,0,321.114,26.916,-164.625,-150.313,231.125,0.691,-1.324,0.730,-7.164,-25.945,-0.645,0.278,0.188,1.084,1.287,2,NULL,NULL,,3,0,2,7,255,989,250,0,0
stim,30672,60793,0,60793,3258119.455,0.882,-0.118,-0.074,0.450,3099,0,0,3176,0,2260,70,1815,58,1.274,1,2092,0,333.082,15.971,-96.500,-152.188,280.125,-0.363,-0.113,0.406,-6.609,-14.539,-5.250,0.272,0.186,1.084,1.287,2,NULL,NULL,,3,0,2,7,255,989,250,0,0
stim,30724,60845,0,60845,3258124.454,0.886,-0.114,-0.068,0.444,3109,0,0,3185,0,2339,247,2006,58,1.274,1,2092,0,232.494,4.236,-55.438,-159.625,159.688,-1.555,0.574,1.297,-4.105,1.043,-5.250,0.274,0.182,1.084,1.287,2,NULL,NULL,,3,0,2,7,255,989,250,0,0
stim,30724,60845,0,60845,3258129.455,0.886,-0.110,-0.064,0.446,3099,0,0,3191,263,2403,267,2153,58,1.274,1,2092,0,133.821,5.283,-30.000,-124.813,-37.813,-0.473,0.898,1.867,-2.891,4.422,6.520,0.288,0.172,1.084,1.287,2,NULL,NULL,,3,0,2,7,255,989,250,0,0
stim,30724,60845,0,60845,3258134.454,0.884,-0.108,-0.062,0.450,3111,0,0,3187,599,2441,232,2261,58,1.274,1,2092,0,121.866,6.651,-13.813,-67.250,-100.688,0.820,0.645,1.625,4.969,4.422,6.520,0.314,0.158,1.084,1.287,2,NULL,NULL,,3,0,2,7,255,989,250,0,0
stim,30724,60845,0,60845,3258139.455,0.884,-0.106,-0.060,0.452,3101,0,0,3197,810,2452,237,2335,58,1.274,1,2092,0,85.905,11.549,-18.250,-64.375,-53.875,1.000,1.156,1.773,10.336,-5.152,6.297,0.338,0.136,1.084,1.287,2,NULL,NULL,,3,0,2,7,255,989,250,0,0
stim,30724,60845,0,60845,3258144.454,0.883,-0.102,-0.060,0.454,3096,27,0,3191,1047,2476,244,2381,58,1.274,1,2092,0,78.600,11.549,-63.500,-31.188,-34.250,0.348,0.719,2.031,10.336,-5.152,6.297,0.356,0.114,1.084,1.287,2,NULL,NULL,,3,0,2,7,255,989,250,0,0
stim,30724,60845,0,60845,3258149.455,0.883,-0.095,-0.063,0.455,3092,39,0,3187,1163,2488,251,2426,58,1.274,1,2092,0,189.159,9.182,-178.625,-14.625,-60.500,-0.203,-0.449,1.328,8.387,-3.738,6.297,0.368,0.094,1.084,1.287,2,NULL,NULL,,3,0,2,7,255,989,250,0,0
stim,30724,60845,0,60845,3258154.454,0.882,-0.089,-0.066,0.458,3087,77,0,3188,1252,2507,246,2447,58,1.274,1,2092,0,166.755,5.596,-146.750,-12.188,-78.250,-0.051,-0.820,0.203,-4.164,-3.738,2.930,0.378,0.078,1.084,1.287,2,NULL,NULL,,3,0,2,7,255,989,250,0,0
stim,30724,60845,0,60845,3258159.455,0.880,-0.088,-0.066,0.462,3087,101,0,3188,1365,2495,245,2461,58,1.274,1,2092,0,97.616,5.596,-19.188,-11.125,-95.063,-0.031,-0.309,0.453,-4.164,-3.738,-5.602,0.390,0.066,1.084,1.287,2,NULL,NULL,,3,0,2,7,255,989,250,0,0
stim,30724,60845,0,60845,3258164.453,0.878,-0.088,-0.066,0.465,3087,124,0,3189,1466,2505,243,2477,58,1.274,1,2092,0,90.887,3.943,14.875,-11.375,-88.938,0.125,0.051,1.176,-2.484,-3.063,-5.602,0.402,0.052,1.084,1.287,2,NULL,NULL,,3,0,2,7,255,989,250,0,0
stim,30724,60845,0,60845,3258169.455,0.878,-0.086,-0.066,0.467,3095,143,0,3190,1547,2510,238,2491,58,1.274,1,2092,0,61.421,3.214,-39.250,-7.625,-46.625,0.152,-0.309,1.273,-0.977,-3.063,1.262,0.410,0.040,1.084,1.287,2,NULL,NULL,,3,0,2,7,255,989,250,0,0
stim,30724,60845,0,60845,3258174.454,0.878,-0.083,-0.067,0.467,3095,167,0,3195,1592,2517,232,2507,58,1.274,1,2092,0,73.988,3.468,-72.813,-4.750,-12.250,-0.086,-0.414,0.906,-0.977,-3.328,1.262,0.416,0.030,1.084,1.287,2,NULL,NULL,,3,0,2,7,255,989,250,0,0
stim,30724,60845,0,60845,3258179.455,0.877,-0.081,-0.068,0.468,3099,191,0,3191,1671,2519,203,2516,58,1.274,1,2092,0,52.803,3.592,-44.938,-5.125,-27.250,-0.246,-0.059,0.754,-1.352,-3.328,-1.145,0.422,0.024,1.084,1.287,2,NULL,NULL,,3,0,2,7,255,989,250,0,0
stim,30761,60882,0,60882,3258184.454,0.876,-0.080,-0.069,0.470,3083,205,19,3192,1720,2529,202,2525,58,1.274,1,2092,0,53.023,1.472,-12.688,-4.188,-51.313,-0.109,0.047,0.887,-1.352,-0.582,-1.145,0.430,0.016,1.084,1.287,2,NULL,NULL,,3,0,2,7,255,989,250,0,0
stim,30761,60882,0,60882,3258189.455,0.876,-0.079,-0.069,0.472,3094,214,93,3192,1763,2522,190,2523,58,1.274,1,2092,0,42.461,1.074,-13.375,-3.750,-40.125,0.031,-0.211,1.031,-0.902,-0.582,-1.082,0.438,0.010,1.084,1.287,2,NULL,NULL,,3,0,2,7,255,989,250,0,0
stim,30761,60882,0,60882,3258194.454,0.875,-0.078,-0.069,0.472,3087,219,139,3187,1805,2521,155,2530,58,1.274,1,2092,0,25.719,3.223,-22.500,-4.313,-11.688,0.008,-0.223,0.980,-0.902,-3.094,-0.500,0.446,0.004,1.084,1.287,2,NULL,NULL,,3,0,2,7,255,989,250,0,0
stim,30761,60882,0,60882,3258199.455,0.875,-0.078,-0.069,0.472,3089,217,185,3191,1831,2533,147,2541,58,1.274,1,2092,0,16.156,3.223,-15.500,-3.375,-3.063,-0.125,0.023,0.930,-0.902,-3.094,-0.500,0.452,0.000,1.084,1.287,2,NULL,NULL,,3,0,2,7,255,989,250,0,0
stim,30761,60882,0,60882,3258204.453,0.875,-0.077,-0.069,0.473,3082,217,219,3185,1845,2535,147,2537,58,1.274,1,2092,0,14.535,0.645,-4.125,-2.625,-13.688,-0.125,0.102,0.980,0.105,-0.637,-0.500,0.000,0.000,1.084,1.287,2,NULL,NULL,,3,0,2,7,255,989,250,0,0
stim,30761,60882,0,60882,3258209.455,0.875,-0.077,-0.069,0.473,3095,215,281,3183,1865,2524,141,2537,58,1.274,1,2092,0,17.610,0.824,-1.563,-1.188,-17.500,-0.039,0.008,1.031,0.523,-0.637,-0.113,0.000,0.000,1.084,1.287,2,NULL,NULL,,3,0,2,7,255,989,250,0,0
stim,30789,60910,0,60910,3258214.454,0.875,-0.077,-0.069,0.473,3087,212,311,3175,1883,2529,147,2532,58,1.352,1,2092,1,8.271,1.670,-6.000,-0.875,-5.625,-0.016,-0.059,1.000,0.523,-1.586,-0.113,0.000,0.000,1.077,1.372,2,NULL,NULL,,3,0,2,7,255,989,250,0,0
stim,30789,60910,0,60910,3258219.455,0.875,-0.076,-0.069,0.473,3083,206,316,3172,1885,2525,135,2538,58,1.352,1,2092,1,7.836,1.588,-4.313,-0.750,6.500,-0.082,-0.027,0.953,0.074,-1.586,-0.188,0.006,0.002,1.077,1.372,2,NULL,NULL,,3,0,2,7,255,989,250,0,0
stim,30813,60934,0,60934,3258224.454,0.875,-0.076,-0.069,0.473,3091,211,318,3167,1896,2533,123,2547,58,1.352,1,2092,1,6.247,1.258,1.625,-1.063,5.938,-0.145,0.020,0.965,0.004,-1.258,-0.262,0.012,0.006,1.077,1.372,2,NULL,NULL,,3,0,2,7,255,989,250,0,0
stim,30813,60934,0,60934,3258229.455,0.875,-0.077,-0.069,0.473,3080,199,328,3167,1897,2524,117,2539,58,1.352,1,2092,1,5.099,0.766,5.000,-1.000,0.000,-0.125,0.016,1.000,0.004,-0.766,-0.262,0.018,0.008,1.077,1.372,2,NULL,NULL,,3,0,2,7,255,989,250,0,0
stim,30813,60934,0,60934,3258234.453,0.875,-0.077,-0.068,0.473,3079,183,327,3161,1901,2525,116,2537,58,1.352,1,2092,1,5.586,0.770,5.500,-0.875,0.438,-0.078,0.035,1.020,0.078,-0.766,0.039,0.022,0.010,1.077,1.372,2,NULL,NULL,,3,0,2,7,255,989,250,0,0
stim,30813,60934,0,60934,3258239.455,0.875,-0.077,-0.068,0.473,3069,171,328,3163,1903,2525,111,2537,58,1.352,1,2092,1,8.396,0.991,5.625,-0.750,6.188,-0.082,0.074,1.020,0.508,-0.852,0.129,0.026,0.010,1.077,1.372,2,NULL,NULL,,3,0,2,7,255,989,250,0,0
stim,30813,60934,0,60934,3258244.454,0.875,-0.077,-0.068,0.472,3064,171,326,3161,1907,2531,102,2532,58,1.352,1,2092,1,10.950,1.023,4.625,-1.000,9.875,-0.129,0.074,1.027,0.566,-0.852,0.184,0.032,0.012,1.077,1.372,2,NULL,NULL,,3,0,2,7,255,989,250,0,0
stim,30813,60934,0,60934,3258249.455,0.876,-0.077,-0.068,0.472,3079,157,323,3157,1901,2520,99,2543,58,1.352,1,2092,1,9.816,0.730,3.813,-1.750,8.875,-0.152,0.063,1.008,0.566,-0.461,0.199,0.036,0.014,1.077,1.372,2,NULL,NULL,,3,0,2,7,255,989,250,0,0
stim,30813,60934,0,60934,3258254.453,0.876,-0.077,-0.067,0.472,3065,155,319,3147,1893,2519,108,2533,58,1.352,1,2092,1,10.842,0.604,5.813,-3.063,8.625,-0.133,0.074,0.988,0.488,-0.355,0.199,0.040,0.014,1.077,1.372,2,NULL,NULL,,3,0,2,7,255,989,250,0,0
stim,30813,60934,0,60934,3258259.455,0.876,-0.078,-0.067,0.471,3053,153,315,3133,1883,2514,107,2533,58,1.352,1,2092,1,15.289,0.602,8.313,-4.375,12.063,-0.125,0.094,1.000,0.488,-0.352,0.059,0.042,0.016,1.077,1.372,2,NULL,NULL,,3,0,2,7,255,989,250,0,0
stim,30838,60960,0,60960,3258264.454,0.876,-0.078,-0.066,0.471,3045,139,313,3125,1880,2511,108,2535,58,1.352,1,2092,1,18.293,0.776,8.625,-5.438,15.188,-0.141,0.105,1.008,0.691,-0.352,0.059,0.046,0.014,1.077,1.372,2,NULL,NULL,,3,0,2,7,255,989,250,0,0
stim,30838,60960,0,60960,3258269.455,0.877,-0.078,-0.066,0.470,3041,138,309,3124,1892,2513,123,2540,58,1.352,1,2092,1,19.436,0.713,9.375,-6.313,15.813,-0.152,0.109,0.992,0.691,-0.176,0.059,0.048,0.014,1.077,1.372,2,NULL,NULL,,3,0,2,7,255,989,250,0,0
stim,30838,60960,0,60960,3258274.454,0.877,-0.079,-0.065,0.470,3041,133,315,3123,1899,2513,126,2546,58,1.352,1,2092,1,20.314,0.695,11.000,-7.688,15.250,-0.141,0.121,1.004,0.691,-0.074,0.152,0.050,0.012,1.077,1.372,2,NULL,NULL,,3,0,2,7,255,989,250,0,0
stim,30838,60960,0,60960,3258279.455,0.877,-0.079,-0.064,0.469,3021,135,315,3103,1914,2507,126,2548,58,1.352,1,2092,1,21.938,0.730,9.813,-8.750,17.563,-0.125,0.105,1.016,0.727,-0.074,0.152,0.052,0.012,1.077,1.372,2,NULL,NULL,,3,0,2,7,255,989,250,0,0
stim,30838,60960,0,60960,3258284.454,0.878,-0.079,-0.064,0.468,3017,118,328,3095,1929,2506,139,2567,58,1.352,1,2092,1,24.883,0.737,7.813,-10.063,21.375,-0.156,0.086,1.004,0.727,-0.125,0.160,0.054,0.010,1.077,1.372,2,NULL,NULL,,3,0,2,7,255,989,250,0,0
stim,30838,60960,0,60960,3258289.455,0.878,-0.079,-0.063,0.467,2995,116,339,3082,1947,2502,153,2571,58,1.352,1,2092,1,25.684,0.414,8.813,-11.875,21.000,-0.207,0.102,0.984,0.395,-0.125,0.160,0.054,0.008,1.077,1.372,2,NULL,NULL,,3,0,2,7,255,989,250,0,0
stim,30859,60980,0,60980,3258294.453,0.878,-0.080,-0.062,0.467,2976,121,359,3079,1968,2509,184,2587,58,1.352,1,2092,1,23.002,0.552,11.688,-13.500,14.500,-0.227,0.148,0.996,0.395,0.387,0.160,0.056,0.006,1.077,1.372,2,NULL,NULL,,3,0,2,7,255,989,250,0,0
stim,30859,60980,0,60980,3258299.455,0.879,-0.080,-0.061,0.467,2970,133,412,3059,2003,2515,239,2591,58,1.352,1,2092,1,21.066,0.872,12.563,-15.063,7.688,-0.203,0.184,1.023,0.477,0.730,0.262,0.056,0.004,1.077,1.372,2,NULL,NULL,,3,0,2,7,255,989,250,0,0
stim,30859,60980,0,60980,3258304.454,0.879,-0.080,-0.060,0.467,2934,137,455,3037,2041,2509,270,2611,58,1.352,1,2092,1,20.242,1.167,10.188,-16.625,5.438,-0.184,0.207,1.051,0.910,0.730,0.504,0.058,0.002,1.077,1.372,2,NULL,NULL,,3,0,2,7,255,989,250,0,0
stim,30859,60980,0,60980,3258309.455,0.879,-0.080,-0.059,0.466,2917,143,523,3020,2074,2505,309,2617,58,1.352,1,2092,1,18.585,1.384,5.750,-17.438,2.875,-0.199,0.238,1.059,1.176,0.730,0.727,0.058,0.004,1.077,1.372,2,NULL,NULL,,3,0,2,7,255,989,250,0,0
stim,30881,61002,0,61002,3258314.453,0.879,-0.080,-0.059,0.467,2907,149,645,3011,2132,2509,349,2637,58,1.352,1,2092,1,18.589,1.657,2.813,-17.750,-4.750,-0.199,0.262,1.051,1.348,0.965,0.789,0.058,0.008,1.077,1.372,2,NULL,NULL,,3,0,2,7,255,989,250,0,0
stim,30881,61002,0,61002,3258319.455,0.879,-0.080,-0.058,0.467,2871,167,683,2984,2181,2509,419,2651,58,1.352,1,2092,1,21.253,1.712,1.625,-18.188,-10.875,-0.152,0.223,1.039,1.414,0.965,0.789,0.058,0.012,1.077,1.372,2,NULL,NULL,,3,0,2,7,255,989,250,0,0
stim,30881,61002,0,61002,3258324.454,0.878,-0.080,-0.057,0.468,2837,179,778,2965,2227,2508,458,2659,58,1.352,1,2092,1,22.093,1.519,-0.750,-17.938,-12.875,-0.141,0.152,1.027,1.414,0.555,0.598,0.060,0.018,1.077,1.372,2,NULL,NULL,,3,0,2,7,255,989,250,0,0
stim,30881,61002,0,61002,3258329.455,0.878,-0.079,-0.056,0.468,2808,187,861,2955,2279,2508,484,2669,58,1.352,1,2092,1,23.601,0.949,-2.688,-18.125,-14.875,-0.160,0.152,1.023,0.910,0.270,0.402,0.062,0.024,1.077,1.372,2,NULL,NULL,,3,0,2,7,255,989,250,0,0
stim,30922,61043,0,61043,3258334.453,0.878,-0.079,-0.056,0.469,2764,209,959,2925,2325,2519,584,2677,58,1.352,1,2092,1,31.817,0.823,-4.625,-17.375,-26.250,-0.207,0.172,1.043,0.777,0.270,0.402,0.064,0.030,1.077,1.372,2,NULL,NULL,,3,0,2,7,255,989,250,0,0
stim,30922,61043,0,61043,3258339.455,0.877,-0.078,-0.055,0.471,2743,236,1048,2907,2366,2517,680,2703,58,1.352,1,2092,1,43.397,0.834,-8.563,-17.000,-39.000,-0.152,0.160,1.020,0.777,0.301,0.395,0.066,0.036,1.077,1.372,2,NULL,NULL,,3,0,2,7,255,989,250,0,0
stim,30922,61043,0,61043,3258344.454,0.876,-0.077,-0.055,0.472,2700,245,1145,2871,2406,2517,789,2710,58,1.352,1,2092,1,46.206,0.779,-10.250,-16.625,-41.875,-0.109,0.094,1.008,0.719,0.301,0.375,0.068,0.042,1.077,1.372,2,NULL,NULL,,3,0,2,7,255,989,250,0,0
stim,30922,61043,0,61043,3258349.455,0.876,-0.076,-0.055,0.474,2643,253,1243,2856,2451,2523,927,2724,58,1.352,1,2092,1,46.587,0.675,-14.625,-16.750,-40.938,-0.129,0.031,1.023,0.574,-0.355,0.297,0.070,0.048,1.077,1.372,2,NULL,NULL,,3,0,2,7,255,989,250,0,0
stim,30922,61043,0,61043,3258354.453,0.875,-0.075,-0.054,0.476,2570,269,1363,2836,2485,2517,1060,2730,58,1.352,1,2092,1,49.118,0.512,-19.563,-16.625,-41.875,-0.137,0.016,0.996,-0.008,-0.512,0.141,0.074,0.052,1.077,1.372,2,NULL,NULL,,3,0,2,7,255,989,250,0,0
stim,30922,61043,0,61043,3258359.455,0.874,-0.074,-0.054,0.477,2503,271,1497,2795,2521,2523,1183,2743,58,1.352,1,2092,1,50.155,0.540,-22.000,-17.438,-41.563,-0.152,0.027,0.988,-0.172,-0.512,0.023,0.076,0.056,1.077,1.372,2,NULL,NULL,,3,0,2,7,255,989,250,0,0
stim,30922,61043,0,61043,3258364.453,0.873,-0.072,-0.054,0.479,2431,274,1631,2773,2571,2519,1287,2771,58,1.352,1,2092,1,54.686,0.310,-25.813,-17.938,-44.750,-0.168,0.055,1.020,-0.172,-0.258,0.023,0.078,0.058,1.077,1.372,2,NULL,NULL,,3,0,2,7,255,989,250,0,0
stim,30922,61043,0,61043,3258369.455,0.872,-0.070,-0.054,0.481,2357,287,1757,2729,2596,2531,1401,2773,58,1.352,1,2092,1,62.303,0.238,-32.625,-17.813,-50.000,-0.148,0.051,1.055,0.004,-0.238,0.344,0.078,0.060,1.077,1.372,2,NULL,NULL,,3,0,2,7,255,989,250,0,0
stim,30941,61062,0,61062,3258374.454,0.871,-0.068,-0.055,0.483,2271,303,1877,2687,2639,2534,1505,2792,58,1.352,1,2092,1,71.226,0.251,-44.188,-18.563,-52.688,-0.152,0.043,1.070,0.078,-0.238,0.652,0.080,0.062,1.077,1.372,2,NULL,NULL,,3,0,2,7,255,989,250,0,0
stim,30941,61062,0,61062,3258379.455,0.871,-0.065,-0.055,0.485,2160,318,1991,2643,2669,2525,1619,2809,58,1.352,1,2092,1,81.030,0.251,-54.563,-19.188,-56.750,-0.156,0.023,1.051,0.078,-0.238,0.652,0.082,0.064,1.077,1.372,2,NULL,NULL,,3,0,2,7,255,989,250,0,0
stim,30941,61062,0,61062,3258384.454,0.869,-0.062,-0.056,0.487,2073,317,2089,2598,2700,2530,1726,2809,58,1.352,1,2092,1,93.182,0.250,-65.500,-20.000,-63.188,-0.164,-0.047,1.043,-0.074,-0.238,0.621,0.082,0.066,1.077,1.372,2,NULL,NULL,,3,0,2,7,255,989,250,0,0
stim,30941,61062,0,61062,3258389.455,0.868,-0.058,-0.057,0.489,1960,313,2196,2540,2738,2535,1816,2835,58,1.352,1,2092,0,105.635,0.819,-77.563,-21.625,-68.375,-0.152,-0.098,1.043,-0.680,-0.457,0.516,0.084,0.066,1.077,1.372,2,NULL,NULL,,3,0,2,7,255,989,250,0,0
stim,30964,61085,0,61085,3258394.454,0.867,-0.055,-0.058,0.492,1834,303,2291,2468,2757,2535,1911,2857,58,1.352,1,2092,0,108.679,1.006,-78.188,-22.063,-72.188,-0.102,-0.070,0.930,-0.680,-0.742,0.492,0.082,0.066,1.077,1.372,2,NULL,NULL,,3,0,2,7,255,989,250,0,0
stim,30964,61085,0,61085,3258399.455,0.866,-0.051,-0.058,0.494,1683,293,2367,2387,2787,2533,2009,2861,58,1.352,1,2092,0,99.048,0.949,-67.188,-24.750,-68.438,-0.082,-0.059,0.891,-0.504,-0.805,-0.652,0.082,0.064,1.077,1.372,2,NULL,NULL,,3,0,2,7,255,989,250,0,0
stim,30964,61085,0,61085,3258404.453,0.865,-0.048,-0.059,0.497,1518,283,2455,2301,2821,2535,2093,2871,58,1.352,1,2092,0,83.348,0.894,-51.813,-26.313,-59.750,-0.055,-0.027,0.914,-0.316,-0.836,-0.891,0.082,0.062,1.077,1.372,2,NULL,NULL,,3,0,2,7,255,989,250,0,0
stim,30964,61085,0,61085,3258409.455,0.864,-0.046,-0.058,0.498,1308,275,2520,2185,2829,2529,2164,2887,58,1.352,1,2092,0,72.605,0.836,-41.688,-28.000,-52.438,-0.082,-0.035,0.977,0.023,-0.836,-0.891,0.082,0.060,1.077,1.372,2,NULL,NULL,,3,0,2,7,255,989,250,0,0
stim,30965,61086,0,61086,3258414.454,0.863,-0.044,-0.058,0.500,1147,245,2579,2069,2861,2523,2231,2894,58,1.352,1,2092,0,68.015,0.741,-37.688,-29.625,-48.250,-0.102,-0.016,1.031,0.145,-0.727,-0.215,0.082,0.058,1.077,1.372,2,NULL,NULL,,3,0,2,7,255,989,250,0,0
stim,30965,61086,0,61086,3258419.455,0.862,-0.041,-0.058,0.502,988,235,2611,1898,2867,2511,2311,2909,58,1.352,1,2092,0,70.193,0.513,-39.688,-30.438,-49.250,-0.109,-0.008,1.059,0.145,-0.492,0.344,0.084,0.058,1.077,1.372,2,NULL,NULL,,3,0,2,7,255,989,250,0,0
stim,31023,61144,0,61144,3258424.454,0.861,-0.039,-0.057,0.504,743,181,2661,1702,2899,2507,2363,2919,58,1.352,1,2092,0,69.860,0.423,-40.688,-31.875,-47.000,-0.105,0.004,1.059,0.195,-0.375,0.594,0.086,0.058,1.077,1.372,2,NULL,NULL,,3,0,2,7,255,989,250,0,0
stim,31023,61144,0,61144,3258429.455,0.860,-0.037,-0.057,0.505,491,141,2700,1463,2907,2499,2421,2919,58,1.352,1,2092,0,68.408,0.496,-38.875,-33.563,-45.188,-0.086,0.000,1.047,0.324,-0.375,0.594,0.086,0.058,1.077,1.372,2,NULL,NULL,,3,0,2,7,255,989,250,0,0
stim,31023,61144,0,61144,3258434.454,0.860,-0.034,-0.056,0.507,344,77,2743,1260,2923,2479,2473,2923,58,1.352,1,2092,0,66.966,0.580,-38.688,-35.500,-41.563,-0.078,-0.004,1.043,0.414,-0.406,0.461,0.088,0.058,1.077,1.372,2,NULL,NULL,,3,0,2,7,255,989,250,0,0
stim,31023,61144,0,61144,3258439.455,0.859,-0.032,-0.056,0.508,169,55,2764,1001,2939,2473,2533,2937,58,1.352,1,2092,0,63.925,0.616,-35.688,-37.875,-37.125,-0.043,0.039,1.035,0.438,-0.434,0.430,0.092,0.058,1.077,1.372,2,NULL,NULL,,3,0,2,7,255,989,250,0,0
stim,31023,61144,0,61144,3258444.454,0.858,-0.030,-0.055,0.510,57,27,2805,760,2957,2455,2573,2939,58,1.352,1,2092,0,65.543,1.082,-35.188,-38.375,-39.813,-0.012,0.043,1.016,0.953,-0.512,0.305,0.094,0.058,1.077,1.372,2,NULL,NULL,,3,0,2,7,255,989,250,0,0
stim,31023,61144,0,61144,3258449.455,0.858,-0.027,-0.054,0.511,22,0,2823,547,2973,2437,2619,2955,58,1.352,1,2092,0,60.929,1.343,-32.438,-41.500,-30.625,0.051,0.070,0.980,1.156,-0.684,0.047,0.096,0.058,1.077,1.372,2,NULL,NULL,,3,0,2,7,255,989,250,0,0
stim,31023,61144,0,61144,3258454.454,0.857,-0.025,-0.053,0.511,0,0,2843,363,2983,2409,2647,2953,58,1.352,1,2092,0,56.824,1.367,-27.688,-43.188,-24.438,-0.004,0.047,0.965,1.184,-0.684,-0.359,0.098,0.058,1.077,1.372,2,NULL,NULL,,3,0,2,7,255,989,250,0,0
stim,31023,61144,0,61144,3258459.455,0.857,-0.024,-0.051,0.512,0,0,2875,277,2991,2401,2675,2969,58,1.352,1,2092,0,50.662,1.331,-6.000,-49.250,-10.250,-0.125,-0.020,1.051,1.184,-0.609,-0.359,0.100,0.058,1.077,1.372,2,NULL,NULL,,3,0,2,7,255,989,250,0,0
stim,31023,61144,0,61144,3258464.453,0.857,-0.023,-0.049,0.512,0,0,2879,219,3005,2385,2710,2969,58,1.352,1,2092,0,57.687,0.161,14.188,-55.875,-2.125,-0.289,-0.168,1.230,0.105,0.121,0.547,0.102,0.058,1.077,1.372,2,NULL,NULL,,3,0,2,7,255,989,250,0,0
stim,31023,61144,0,61144,3258469.455,0.857,-0.023,-0.046,0.512,0,0,2908,166,3025,2352,2720,2984,58,1.352,1,2092,0,67.930,1.951,23.500,-63.625,-3.750,-0.398,-0.301,1.445,-1.809,0.730,2.547,0.104,0.058,1.077,1.372,2,NULL,NULL,,3,0,2,7,255,989,250,0,0
stim,31023,61144,0,61144,3258474.454,0.858,-0.022,-0.043,0.512,0,0,2914,146,3033,2325,2771,2981,58,1.352,1,2092,0,79.470,2.477,32.125,-72.688,0.063,-0.387,-0.191,1.617,-2.289,0.945,4.805,0.104,0.062,1.077,1.372,2,NULL,NULL,,3,0,2,7,255,989,250,0,0
stim,31023,61144,0,61144,3258479.455,0.858,-0.019,-0.041,0.512,0,0,2925,104,3039,2286,2793,2991,58,1.352,1,2092,0,83.659,2.477,-36.563,-74.563,-10.125,-0.059,0.004,1.426,-2.289,0.945,4.805,0.102,0.066,1.077,1.372,3,NULL,NULL,,3,0,2,7,255,989,250,0,0
stim,31054,61175,0,61175,3258484.454,0.858,-0.015,-0.039,0.512,0,0,2931,28,3041,2247,2811,2988,58,1.352,1,2092,0,94.735,0.657,-60.500,-72.750,-4.688,0.004,-0.027,1.047,0.520,-0.402,4.145,0.096,0.076,1.077,1.372,3,NULL,NULL,,3,0,2,7,255,989,250,0,0
stim,31054,61175,0,61175,3258489.455,0.859,-0.013,-0.037,0.511,0,0,2933,12,3046,2205,2845,2989,58,1.352,1,2092,0,90.381,0.858,-20.375,-81.813,32.563,-0.066,0.055,0.996,0.758,-0.402,0.398,0.088,0.084,1.077,1.372,3,NULL,NULL,,3,0,2,7,255,989,250,0,0
stim,31054,61175,0,61175,3258494.454,0.860,-0.012,-0.033,0.509,0,0,2935,0,3056,2155,2861,2995,58,1.352,1,2092,0,100.661,0.865,13.250,-89.375,44.375,-0.242,0.148,1.156,0.801,0.328,0.398,0.084,0.094,1.077,1.372,3,NULL,NULL,,3,0,2,7,255,989,250,0,0
stim,31054,61175,0,61175,3258499.455,0.861,-0.011,-0.029,0.508,0,0,2940,0,3087,2079,2887,3000,58,1.352,1,2092,0,99.374,2.407,15.375,-94.875,25.250,-0.320,0.125,1.344,0.801,2.270,1.574,0.082,0.102,1.077,1.372,3,NULL,NULL,,3,0,2,7,255,989,250,0,0
stim,31054,61175,0,61175,3258504.453,0.861,-0.009,-0.025,0.508,0,0,2949,0,3079,1989,2889,2991,58,1.352,1,2092,0,100.720,2.296,2.625,-100.063,11.188,-0.258,0.027,1.414,0.348,2.270,3.465,0.082,0.112,1.077,1.372,3,NULL,NULL,,3,0,2,7,255,989,250,0,0
stim,31054,61175,0,61175,3258509.455,0.861,-0.006,-0.022,0.507,0,0,2951,0,3093,1869,2905,2996,58,1.352,1,2092,0,106.283,1.902,-12.563,-104.875,11.813,-0.172,-0.055,1.359,-0.207,1.891,3.586,0.084,0.122,1.077,1.372,3,NULL,NULL,,3,0,2,7,255,989,250,0,0
stim,31088,61209,0,61209,3258514.454,0.862,-0.003,-0.018,0.506,0,0,2938,0,3093,1751,2916,2997,58,1.352,1,2092,0,114.545,1.065,-21.750,-110.188,22.500,-0.152,-0.078,1.262,-0.559,0.906,3.586,0.080,0.134,1.077,1.372,3,NULL,NULL,,3,0,2,7,255,989,250,0,0
stim,31088,61209,0,61209,3258519.455,0.863,0.000,-0.015,0.505,0,0,2923,0,3095,1604,2936,2986,58,1.352,1,2092,0,121.702,1.197,-20.125,-115.938,31.063,-0.211,-0.074,1.203,-0.781,0.906,2.617,0.076,0.146,1.077,1.372,3,NULL,NULL,,3,0,2,7,255,989,250,0,0
stim,31116,61237,0,61237,3258524.454,0.864,0.003,-0.010,0.504,0,0,2931,0,3096,1419,2937,2985,58,1.352,1,2092,0,126.145,1.767,-9.313,-122.125,30.188,-0.277,-0.086,1.199,-1.109,1.375,2.043,0.068,0.158,1.077,1.372,3,NULL,NULL,,3,0,2,7,255,989,250,0,0
stim,31116,61237,0,61237,3258529.455,0.864,0.006,-0.006,0.503,0,0,2905,0,3099,1225,2965,2970,58,1.352,1,2092,0,130.986,2.394,-2.063,-129.375,20.375,-0.258,-0.117,1.203,-1.582,1.797,2.023,0.062,0.170,1.077,1.372,3,NULL,NULL,,3,0,2,7,255,989,250,0,0
stim,31116,61237,0,61237,3258534.454,0.865,0.009,-0.001,0.502,0,0,2892,0,3098,1020,2958,2973,58,1.352,1,2092,0,136.523,2.525,-1.438,-135.750,14.438,-0.188,-0.145,1.199,-1.773,1.797,2.008,0.056,0.180,1.077,1.372,3,NULL,NULL,,3,0,2,7,255,989,250,0,0
stim,31116,61237,0,61237,3258539.455,0.865,0.012,0.004,0.501,0,0,2871,0,3113,759,2970,2951,58,1.352,1,2092,0,142.665,2.130,-1.625,-141.500,18.125,-0.164,-0.141,1.176,-1.773,1.180,1.977,0.050,0.192,1.077,1.372,3,NULL,NULL,,3,0,2,7,255,989,250,0,0
stim,31116,61237,0,61237,3258544.454,0.866,0.016,0.009,0.500,0,0,2851,0,3102,593,2983,2933,58,1.352,1,2092,0,149.789,2.081,-1.375,-148.250,21.375,-0.176,-0.113,1.172,-1.715,1.180,1.742,0.044,0.204,1.077,1.372,3,NULL,NULL,,3,0,2,7,255,989,250,0,0
stim,31116,61237,0,61237,3258549.455,0.866,0.019,0.015,0.499,0,0,2823,0,3115,445,2989,2927,58,1.352,1,2092,0,156.014,2.268,3.188,-154.813,19.063,-0.195,-0.117,1.137,-1.715,1.484,1.672,0.038,0.216,1.077,1.372,3,NULL,NULL,,3,0,2,7,255,989,250,0,0
stim,31116,61237,0,61237,3258554.454,0.867,0.022,0.021,0.498,0,0,2797,0,3113,239,2989,2907,58,1.352,1,2092,0,164.915,2.354,12.500,-163.375,18.688,-0.164,-0.113,1.172,-1.715,1.613,1.609,0.036,0.228,1.077,1.372,3,NULL,NULL,,3,0,2,7,255,989,250,0,0
stim,31116,61237,0,61237,3258559.455,0.867,0.025,0.028,0.497,0,0,2742,0,3113,104,2995,2887,58,1.352,1,2092,0,173.615,2.411,21.688,-171.313,18.000,-0.145,-0.035,1.250,-1.715,1.695,1.609,0.038,0.242,1.077,1.372,3,NULL,NULL,,3,0,2,7,255,989,250,0,0
stim,31143,61264,0,61264,3258564.453,0.867,0.027,0.035,0.496,0,0,2699,0,3101,51,2990,2857,58,1.352,1,2092,0,180.704,2.275,23.375,-178.563,14.938,-0.137,0.078,1.273,-1.039,2.023,2.320,0.044,0.258,1.077,1.372,3,NULL,NULL,,3,0,2,7,255,989,250,0,0
stim,31143,61264,0,61264,3258569.455,0.867,0.030,0.043,0.495,0,0,2645,0,3113,0,2998,2828,58,1.352,1,2092,0,190.085,2.710,29.875,-187.250,13.313,-0.102,0.203,1.414,-0.191,2.703,2.477,0.056,0.274,1.077,1.372,3,NULL,NULL,,3,0,2,7,255,989,250,0,0
stim,31143,61264,0,61264,3258574.454,0.868,0.033,0.050,0.494,0,0,2583,0,3104,0,3013,2791,58,1.352,1,2092,0,198.600,3.428,21.188,-196.188,22.438,-0.109,0.289,1.590,0.883,3.313,3.797,0.070,0.292,1.077,1.372,3,NULL,NULL,,3,0,2,7,255,989,250,0,0
stim,31143,61264,0,61264,3258579.455,0.868,0.038,0.058,0.492,0,0,2499,0,3110,0,3015,2741,58,1.352,1,2092,0,206.898,4.310,9.938,-205.438,22.438,-0.223,0.281,1.742,0.883,4.219,5.426,0.090,0.314,1.077,1.372,3,NULL,NULL,,3,0,2,7,255,989,250,0,0
stim,31143,61264,0,61264,3258584.454,0.868,0.042,0.067,0.491,0,0,2395,0,3096,0,3013,2687,58,1.352,1,2092,0,218.982,5.587,0.625,-218.250,17.875,-0.371,0.227,1.977,0.523,5.563,6.703,0.114,0.340,1.077,1.372,3,NULL,NULL,,3,0,2,7,255,989,250,0,0
stim,31143,61264,0,61264,3258589.455,0.867,0.048,0.075,0.490,0,0,2282,0,3093,0,3001,2631,58,1.352,1,2092,0,236.186,7.181,-11.750,-235.375,15.625,-0.434,0.230,2.254,-0.953,7.117,8.648,0.144,0.374,1.077,1.372,3,NULL,NULL,,3,0,2,7,255,989,250,0,0
stim,31144,61265,0,61265,3258594.454,0.867,0.054,0.084,0.488,0,0,2167,0,3090,0,2985,2555,58,1.352,1,2092,0,258.305,8.538,-24.000,-256.438,19.625,-0.504,0.387,2.398,-0.953,8.484,11.098,0.184,0.416,1.077,1.372,3,NULL,NULL,,3,0,2,7,255,989,250,0,0
stim,31144,61265,0,61265,3258599.455,0.867,0.063,0.094,0.486,0,0,1997,0,3061,17,2967,2475,58,1.352,1,2092,0,289.544,10.560,-56.063,-282.313,31.500,-0.563,0.652,2.469,-0.918,10.520,12.074,0.230,0.466,1.077,1.372,3,NULL,NULL,,3,0,2,7,255,989,250,0,0
stim,31174,61295,0,61295,3258604.453,0.866,0.072,0.103,0.484,0,0,1875,0,3042,39,2952,2377,58,1.352,1,2092,0,320.782,13.039,-85.750,-307.563,30.875,-0.555,0.871,2.445,0.777,13.016,12.074,0.286,0.522,1.077,1.372,3,NULL,NULL,,3,0,2,7,255,989,250,0,0
stim,31174,61295,0,61295,3258609.455,0.865,0.084,0.113,0.482,0,0,1718,0,3018,54,2925,2253,58,1.352,1,2092,0,349.347,14.793,-112.438,-329.813,25.000,-0.520,0.867,2.410,2.488,14.582,11.563,0.350,0.588,1.077,1.372,3,NULL,NULL,,3,0,2,7,255,989,250,0,0
stim,31174,61295,0,61295,3258614.454,0.863,0.096,0.123,0.480,0,0,1607,0,2997,63,2885,2133,58,1.352,1,2092,0,375.632,15.020,-133.688,-350.438,20.500,-0.516,0.770,2.430,2.488,14.813,10.895,0.424,0.662,1.077,1.372,3,NULL,NULL,,3,0,2,7,255,989,250,0,0
stim,31174,61295,0,61295,3258619.455,0.861,0.109,0.134,0.478,0,0,1481,0,2952,61,2833,2004,58,1.352,1,2092,0,397.915,15.089,-138.250,-372.563,20.500,-0.563,0.805,2.531,1.559,15.008,10.895,0.506,0.744,1.077,1.372,3,NULL,NULL,,3,0,2,7,255,989,250,0,0
stim,31174,61295,0,61295,3258624.454,0.859,0.123,0.146,0.476,0,0,1384,0,2901,69,2761,1880,58,1.352,1,2092,0,415.922,16.653,-139.750,-391.500,13.750,-0.668,0.887,2.707,1.402,16.594,10.922,0.592,0.834,1.077,1.372,3,NULL,NULL,,3,0,2,7,255,989,250,0,0
stim,31174,61295,0,61295,3258629.455,0.855,0.137,0.158,0.474,0,0,1291,0,2839,47,2671,1752,58,1.352,1,2092,0,438.290,19.200,-145.313,-413.438,7.188,-0.820,0.719,2.879,1.234,19.160,11.445,0.686,0.930,1.077,1.372,3,NULL,NULL,,3,0,2,7,255,989,250,0,0
stim,31218,61339,0,61339,3258634.453,0.852,0.152,0.171,0.471,0,0,1158,0,2771,22,2523,1603,58,1.352,1,2092,0,461.557,20.956,-152.125,-435.750,3.875,-1.023,0.656,3.020,-1.270,20.918,11.445,0.784,1.032,1.077,1.372,3,NULL,NULL,,3,0,2,7,255,989,250,0,0
stim,31218,61339,0,61339,3258639.455,0.847,0.167,0.185,0.470,0,0,1013,0,2665,0,2313,1437,58,1.352,1,2092,0,484.539,23.776,-164.250,-455.375,-20.813,-1.082,0.656,3.152,-3.152,23.566,11.430,0.888,1.138,1.077,1.372,3,NULL,NULL,,3,0,2,7,255,989,250,0,0
stim,31218,61339,0,61339,3258644.454,0.841,0.183,0.199,0.469,0,0,861,0,2512,0,2077,1263,58,1.352,1,2092,0,503.504,24.120,-179.625,-466.938,-56.750,-0.836,0.484,3.156,-3.715,23.832,11.430,0.994,1.248,1.077,1.372,3,NULL,NULL,,3,0,2,7,255,989,250,0,0
stim,31218,61339,0,61339,3258649.455,0.834,0.199,0.213,0.469,0,0,700,0,2339,0,1763,1081,58,1.352,1,2092,0,516.569,24.183,-191.625,-474.688,-69.250,-0.574,0.070,2.992,-4.105,23.832,11.281,1.100,1.358,1.077,1.372,3,NULL,NULL,,3,0,2,7,255,989,250,0,0
stim,31218,61339,0,61339,3258654.453,0.827,0.216,0.227,0.467,0,0,549,0,2102,0,1371,905,58,1.352,1,2092,0,529.148,21.153,-194.375,-491.125,-31.813,-0.465,-0.328,2.656,-6.254,20.207,11.281,1.202,1.464,1.077,1.372,3,NULL,NULL,,3,0,2,7,255,989,250,0,0
stim,31218,61339,0,61339,3258659.455,0.820,0.234,0.241,0.463,0,0,317,0,1805,0,859,759,58,1.352,1,2092,0,543.560,18.927,-185.000,-510.938,13.250,-0.422,-0.508,2.160,-8.805,16.754,8.922,1.298,1.566,1.077,1.372,3,NULL,NULL,,3,0,2,7,255,989,250,0,0
stim,31218,61339,0,61339,3258664.454,0.814,0.250,0.256,0.458,0,0,209,0,1501,0,333,601,58,1.352,1,2092,0,542.420,16.157,-143.563,-523.000,8.938,-0.359,-0.406,1.738,-8.805,13.547,4.879,1.388,1.660,1.077,1.372,3,NULL,NULL,,3,0,2,7,255,989,250,0,0
stim,31218,61339,0,61339,3258669.455,0.807,0.263,0.273,0.452,0,0,107,0,1143,0,69,477,58,1.352,1,2092,0,532.310,15.253,-82.000,-525.813,12.313,-0.316,-0.059,1.715,-7.914,13.039,1.285,1.478,1.754,1.077,1.372,3,NULL,NULL,,3,0,2,7,255,989,250,0,0
stim,31242,61363,0,61363,3258674.454,0.801,0.276,0.290,0.445,0,0,71,0,721,0,0,373,58,1.352,1,2092,0,521.170,13.929,-49.188,-517.688,34.625,-0.340,0.422,2.090,-4.898,13.039,0.813,1.572,1.850,1.077,1.372,3,NULL,NULL,,3,0,2,7,255,989,250,0,0
stim,31242,61363,0,61363,3258679.455,0.796,0.290,0.305,0.435,0,0,20,0,270,0,0,296,58,1.352,1,2092,0,533.299,18.285,-77.813,-516.563,107.313,-0.730,0.645,2.238,-2.195,18.152,0.082,1.674,1.956,1.077,1.372,3,NULL,NULL,,3,0,2,7,255,989,250,0,0
stim,31242,61363,0,61363,3258684.454,0.791,0.307,0.317,0.423,0,0,23,0,0,0,0,188,58,1.352,1,2092,0,578.283,22.700,-140.000,-526.750,193.250,-1.289,0.621,2.000,-2.195,22.594,-2.391,1.786,2.072,1.077,1.372,3,NULL,NULL,,3,0,2,7,255,989,250,0,0
stim,31242,61363,0,61363,3258689.455,0.786,0.326,0.329,0.410,0,0,5,0,0,0,0,112,58,1.352,1,2092,0,594.748,23.049,-169.500,-531.125,207.125,-1.621,0.691,1.598,-4.559,22.594,-9.047,1.900,2.190,1.077,1.372,4,NULL,NULL,,3,0,2,7,255,989,250,0,0
stim,31271,61392,1,61392,3258694.453,0.778,0.343,0.341,0.401,0,0,2,0,0,0,0,47,58,1.352,1,2092,0,557.343,22.586,-187.125,-506.375,138.563,-1.391,1.117,1.242,-4.559,22.121,-15.207,2.012,2.304,1.077,1.372,4,NULL,NULL,,3,1,2,7,255,989,250,0,0
stim,31271,61392,1,61392,3258699.455,0.769,0.359,0.351,0.395,0,0,10,0,0,0,0,88,58,1.352,1,2092,0,502.998,19.858,-216.250,-451.563,48.313,-0.719,1.617,1.031,0.512,19.852,-15.301,2.110,2.404,1.077,1.372,0,NULL,NULL,,3,1,2,7,255,989,250,0,0
stim,31271,61392,1,61392,3258704.454,0.759,0.376,0.358,0.392,0,0,7,0,0,0,0,141,58,1.352,1,2092,0,475.732,18.713,-280.750,-383.500,20.688,-0.105,1.098,0.855,6.988,17.359,-15.301,2.186,2.482,1.077,1.372,0,NULL,NULL,,3,1,2,7,255,989,250,0,0
stim,31271,61392,1,61392,3258709.455,0.751,0.390,0.362,0.390,0,0,5,0,0,0,0,181,58,1.352,1,2092,0,388.784,13.570,-274.188,-273.063,37.563,0.059,0.211,0.734,6.988,11.633,-10.160,2.244,2.542,1.077,1.372,0,NULL,NULL,,3,1,2,7,255,989,250,0,0
stim,31271,61392,1,61392,3258714.453,0.747,0.401,0.363,0.388,0,0,1,0,0,0,0,203,58,1.352,1,2092,0,276.050,7.170,-198.813,-174.938,77.938,-0.473,-0.141,0.730,0.445,7.156,-10.160,2.298,2.600,1.077,1.372,0,NULL,NULL,,3,1,2,7,255,989,250,0,0
stim,31271,61392,1,61392,3258719.455,0.743,0.409,0.362,0.387,0,0,0,0,0,0,0,205,58,1.352,1,2092,0,194.454,8.613,-163.313,-85.875,61.375,-1.055,0.023,1.105,-4.793,7.156,-10.418,2.360,2.664,1.077,1.372,0,NULL,NULL,,3,1,2,7,255,989,250,0,0
stim,31322,61443,1,61443,3258724.454,0.740,0.415,0.358,0.391,0,0,0,0,0,0,0,185,58,1.352,1,2092,0,206.556,12.805,-205.813,13.625,-11.000,-1.090,0.188,0.941,-4.801,11.871,-14.457,2.418,2.726,1.077,1.372,0,NULL,NULL,,3,1,2,7,255,989,250,0,0
stim,31322,61443,1,61443,3258729.455,0.736,0.420,0.351,0.398,0,0,0,0,0,0,0,124,58,1.352,1,2092,0,262.707,12.805,-235.938,105.875,-46.250,-0.746,0.430,0.254,-4.801,11.871,-15.984,2.466,2.776,1.077,1.372,0,NULL,NULL,,3,1,2,7,255,989,250,0,0
stim,31322,61443,1,61443,3258734.453,0.735,0.422,0.343,0.405,0,0,0,0,0,0,0,105,58,1.352,1,2092,0,249.099,5.594,-175.625,174.625,-26.688,-0.586,0.742,-0.215,0.055,5.594,-16.551,2.500,2.814,1.077,1.372,0,NULL,NULL,,3,1,2,7,255,989,250,0,0
stim,31322,61443,1,61443,3258739.455,0.737,0.420,0.335,0.410,0,0,0,0,0,0,0,83,58,1.352,1,2092,0,229.570,6.065,-76.313,216.313,-9.375,-0.723,0.770,0.074,3.434,5.000,-18.098,2.530,2.846,1.077,1.372,0,NULL,NULL,,3,1,2,7,255,989,250,0,0
stim,31322,61443,1,61443,3258744.454,0.739,0.417,0.327,0.416,0,0,0,0,0,0,0,75,58,1.352,1,2092,0,249.547,6.065,-43.313,245.000,-19.313,-0.832,0.469,0.594,3.434,5.000,-18.098,2.564,2.882,1.077,1.372,0,NULL,NULL,,3,1,2,7,255,989,250,0,0
stim,31322,61443,1,61443,3258749.455,0.741,0.414,0.318,0.423,0,0,0,0,0,0,0,85,58,1.352,1,2092,0,275.944,9.132,-77.375,263.750,-24.375,-0.730,0.246,0.680,-0.219,9.129,-15.727,2.600,2.920,1.077,1.372,0,NULL,NULL,,3,1,2,7,255,989,250,0,0
stim,31322,61443,1,61443,3258754.453,0.742,0.412,0.307,0.430,0,0,0,0,0,0,0,86,58,1.352,1,2092,0,295.874,9.135,-111.750,273.688,-12.188,-0.547,0.270,0.344,-0.324,9.129,-13.613,2.630,2.954,1.077,1.372,0,NULL,NULL,,3,1,2,7,255,989,250,0,0
stim,31322,61443,1,61443,3258759.455,0.744,0.411,0.296,0.436,0,0,0,0,0,0,0,89,58,1.352,1,2092,0,295.388,5.697,-101.688,277.063,12.250,-0.465,0.383,-0.074,-0.324,5.688,-13.613,2.656,2.982,1.077,1.372,0,NULL,NULL,,3,1,2,7,255,989,250,0,0
stim,31323,61445,1,61445,3258764.454,0.747,0.408,0.286,0.441,0,0,0,0,0,0,0,87,58,1.352,1,2092,0,287.412,2.457,-63.188,278.750,30.188,-0.445,0.508,-0.313,1.293,2.090,-15.180,2.676,3.006,1.077,1.372,0,NULL,NULL,,3,1,2,7,255,989,250,0,0
stim,31323,61445,1,61445,3258769.455,0.750,0.403,0.276,0.446,0,0,0,0,0,0,0,85,58,1.352,1,2092,0,282.240,1.893,-14.063,279.500,36.625,-0.430,0.430,-0.285,1.836,0.461,-16.070,2.694,3.026,1.077,1.372,0,NULL,NULL,,3,1,2,7,255,989,250,0,0
stim,31324,61445,1,61445,3258774.454,0.755,0.397,0.266,0.449,0,0,0,0,0,0,0,81,58,1.352,1,2092,0,285.982,1.893,12.500,282.063,45.500,-0.367,0.355,-0.199,1.836,0.461,-16.070,2.712,3.046,1.077,1.372,0,NULL,NULL,,3,1,2,7,255,989,250,0,0
stim,31324,61445,1,61445,3258779.455,0.759,0.391,0.256,0.452,0,0,0,0,0,0,0,75,58,1.352,1,2092,0,292.270,1.647,34.125,284.250,58.813,-0.328,0.305,-0.094,1.414,0.844,-14.879,2.728,3.066,1.077,1.372,0,NULL,NULL,,3,1,2,7,255,989,250,0,0
stim,31354,61475,1,61475,3258784.454,0.765,0.385,0.247,0.454,0,0,0,0,0,0,0,73,58,1.352,1,2092,0,298.869,1.853,50.625,284.875,74.875,-0.352,0.301,-0.043,1.094,1.496,-13.832,2.748,3.086,1.077,1.372,0,NULL,NULL,,3,1,2,7,255,989,250,0,0
stim,31354,61475,1,61475,3258789.455,0.770,0.377,0.237,0.456,0,0,0,0,0,0,0,67,58,1.352,1,2092,0,305.427,2.310,70.188,286.250,80.125,-0.402,0.324,0.055,0.906,2.125,-13.664,2.766,3.108,1.077,1.372,0,NULL,NULL,,3,1,2,7,255,989,250,0,0
stim,31354,61475,1,61475,3258794.453,0.776,0.369,0.228,0.457,0,0,0,0,0,0,0,63,58,1.352,1,2092,0,310.556,3.442,88.563,286.250,81.625,-0.391,0.336,0.223,0.906,3.320,-13.508,2.788,3.134,1.077,1.372,0,NULL,NULL,,3,1,2,7,255,989,250,0,0
stim,31354,61475,1,61475,3258799.455,0.782,0.361,0.219,0.458,0,0,0,0,0,0,0,56,58,1.352,1,2092,0,314.315,4.782,95.125,288.063,82.250,-0.379,0.328,0.379,1.000,4.676,-12.379,2.814,3.162,1.077,1.372,0,NULL,NULL,,3,1,2,7,255,989,250,0,0
stim,31354,61475,1,61475,3258804.453,0.788,0.352,0.210,0.460,0,0,0,0,0,0,0,51,58,1.352,1,2092,0,317.375,5.922,97.063,291.438,79.813,-0.387,0.336,0.535,1.008,5.836,-11.207,2.842,3.192,1.077,1.372,0,NULL,NULL,,3,1,2,7,255,989,250,0,0
stim,31354,61475,1,61475,3258809.455,0.793,0.344,0.200,0.461,0,0,0,0,0,0,0,51,58,1.352,1,2092,0,319.649,7.162,94.750,295.688,75.938,-0.395,0.336,0.688,1.039,7.086,-10.129,2.876,3.230,1.077,1.372,0,NULL,NULL,,3,1,2,7,255,989,250,0,0
stim,31388,61509,1,61509,3258814.454,0.798,0.335,0.191,0.463,0,0,0,0,0,0,0,51,58,1.352,1,2092,0,322.407,8.307,85.688,302.813,70.063,-0.398,0.316,0.785,1.039,8.242,-8.984,2.912,3.270,1.077,1.372,0,NULL,NULL,,3,1,2,7,255,989,250,0,0
stim,31388,61509,1,61509,3258819.455,0.803,0.327,0.180,0.465,0,0,0,0,0,0,0,52,58,1.352,1,2092,0,327.192,8.948,74.625,312.625,61.250,-0.406,0.301,0.824,0.898,8.902,-8.074,2.952,3.312,1.077,1.372,0,NULL,NULL,,3,1,2,7,255,989,250,0,0
stim,31423,61544,1,61544,3258824.454,0.807,0.318,0.170,0.468,0,0,0,0,0,0,0,54,58,1.352,1,2092,0,334.222,9.140,66.813,323.500,50.875,-0.410,0.297,0.840,0.797,9.105,-7.547,2.994,3.354,1.077,1.372,0,NULL,NULL,,3,1,2,7,255,989,250,0,0
stim,31423,61544,1,61544,3258829.455,0.811,0.309,0.159,0.471,0,0,0,0,0,0,0,47,58,1.352,1,2092,0,342.337,9.175,62.063,334.250,40.250,-0.410,0.289,0.859,0.797,9.141,-7.188,3.036,3.400,1.077,1.372,0,NULL,NULL,,3,1,2,7,255,989,250,0,0
stim,31423,61544,1,61544,3258834.454,0.814,0.300,0.148,0.474,0,0,0,0,0,0,0,51,58,1.352,1,2092,0,350.627,9.178,58.250,344.563,28.688,-0.395,0.270,0.875,0.832,9.141,-6.766,3.078,3.446,1.077,1.372,0,NULL,NULL,,3,1,2,7,255,989,250,0,0
stim,31423,61544,1,61544,3258839.455,0.818,0.291,0.136,0.478,0,0,0,0,0,0,0,52,58,1.352,1,2092,0,358.979,9.046,54.875,354.313,17.813,-0.348,0.230,0.848,0.832,9.008,-6.262,3.120,3.488,1.077,1.372,0,NULL,NULL,,3,1,2,7,255,989,250,0,0
stim,31423,61544,1,61544,3258844.454,0.820,0.281,0.124,0.482,0,0,0,0,0,0,0,51,58,1.352,1,2092,0,367.059,8.303,54.813,362.813,9.750,-0.285,0.188,0.781,0.828,8.262,-5.852,3.158,3.530,1.077,1.372,0,NULL,NULL,,3,1,2,7,255,989,250,0,0
stim,31423,61544,1,61544,3258849.455,0.823,0.271,0.112,0.487,0,0,0,0,0,0,0,52,58,1.352,1,2092,0,374.458,7.195,61.625,369.313,5.438,-0.250,0.156,0.711,0.785,7.152,-5.770,3.196,3.570,1.077,1.372,0,NULL,NULL,,3,1,2,7,255,989,250,0,0
stim,31423,61544,1,61544,3258854.454,0.825,0.260,0.101,0.491,0,0,0,0,0,0,0,56,58,1.352,1,2092,0,379.778,6.303,74.875,372.313,2.875,-0.250,0.191,0.691,0.785,6.254,-5.770,3.230,3.608,1.077,1.372,0,NULL,NULL,,3,1,2,7,255,989,250,0,0
stim,31423,61544,1,61544,3258859.455,0.827,0.249,0.089,0.495,0,0,0,0,0,0,0,53,58,1.352,1,2092,0,383.794,6.350,91.313,372.750,-4.125,-0.254,0.293,0.719,1.098,6.254,-5.820,3.262,3.642,1.077,1.372,0,NULL,NULL,,3,1,2,7,255,989,250,0,0
stim,31423,61544,1,61544,3258864.453,0.829,0.237,0.079,0.500,0,0,0,0,0,0,0,52,58,1.352,1,2092,0,386.450,6.530,113.063,369.313,-13.000,-0.254,0.215,0.773,1.531,6.348,-5.820,3.292,3.674,1.077,1.372,0,NULL,NULL,,3,1,2,7,255,989,250,0,0
stim,31423,61544,1,61544,3258869.455,0.831,0.224,0.069,0.504,0,0,0,0,0,0,0,51,58,1.352,1,2092,0,388.087,6.530,127.375,366.125,-18.438,-0.160,0.125,0.926,1.531,6.348,-4.879,3.322,3.706,1.077,1.372,0,NULL,NULL,,3,1,2,7,255,989,250,0,0
stim,31423,61544,1,61544,3258874.454,0.833,0.211,0.059,0.508,0,0,0,0,0,0,0,47,58,1.352,1,2092,0,382.937,5.977,130.313,360.000,-7.688,-0.105,0.168,0.996,1.531,5.777,-2.770,3.352,3.738,1.077,1.372,0,NULL,NULL,,3,1,2,7,255,989,250,0,0
stim,31423,61544,1,61544,3258879.455,0.835,0.199,0.049,0.511,0,0,0,0,0,0,0,51,58,1.352,1,2092,0,379.367,5.975,137.125,353.688,4.625,-0.066,0.211,1.078,2.250,5.535,-1.902,3.380,3.768,1.077,1.372,0,NULL,NULL,,3,1,2,7,255,989,250,0,0
stim,31454,61575,1,61575,3258884.454,0.837,0.185,0.039,0.514,0,0,0,0,0,0,0,53,58,1.352,1,2092,0,377.483,6.285,145.063,348.188,14.688,-0.090,0.215,1.160,2.977,5.535,-1.043,3.406,3.798,1.077,1.372,0,NULL,NULL,,3,1,2,7,255,989,250,0,0
stim,31454,61575,1,61575,3258889.455,0.838,0.172,0.030,0.516,0,0,0,0,0,0,0,51,58,1.352,1,2092,0,373.490,6.182,144.625,344.250,8.375,-0.117,0.188,1.133,2.977,5.418,-0.270,3.432,3.826,1.077,1.372,0,NULL,NULL,,3,1,2,7,255,989,250,0,0
stim,31454,61575,1,61575,3258894.454,0.840,0.159,0.021,0.518,0,0,0,0,0,0,0,54,58,1.352,1,2092,0,376.378,6.158,162.188,339.500,9.750,-0.059,0.215,1.207,3.047,5.352,-0.227,3.458,3.856,1.077,1.372,0,NULL,NULL,,3,1,2,7,255,989,250,0,0
stim,31454,61575,1,61575,3258899.455,0.841,0.145,0.013,0.521,0,0,0,0,0,0,0,53,58,1.352,1,2092,0,378.749,5.877,171.875,337.375,9.375,-0.020,0.254,1.281,3.340,4.836,0.625,3.486,3.886,1.077,1.372,0,NULL,NULL,,3,1,2,7,255,989,250,0,0
stim,31474,61595,1,61595,3258904.453,0.843,0.130,0.005,0.522,0,0,0,0,0,0,0,47,58,1.352,1,2092,0,382.424,5.950,185.125,334.188,17.188,-0.051,0.227,1.414,3.805,4.574,1.430,3.516,3.916,1.077,1.372,0,NULL,NULL,,3,1,2,7,255,989,250,0,0
stim,31474,61595,1,61595,3258909.455,0.844,0.116,-0.003,0.524,0,0,0,0,0,0,0,51,58,1.352,1,2092,0,384.784,5.967,192.875,332.188,22.563,-0.133,0.242,1.602,3.832,4.574,2.848,3.544,3.946,1.077,1.372,0,NULL,NULL,,3,1,2,7,255,989,250,0,0
stim,31474,61595,1,61595,3258914.454,0.845,0.101,-0.011,0.525,0,0,0,0,0,0,0,51,58,1.352,1,2092,0,382.865,6.519,191.813,330.875,17.750,-0.203,0.289,1.758,3.832,5.273,4.664,3.570,3.976,1.077,1.372,0,NULL,NULL,,3,1,2,7,255,989,250,0,0
stim,31474,61595,1,61595,3258919.455,0.846,0.087,-0.019,0.526,0,0,0,0,0,0,0,51,58,1.352,1,2092,0,379.046,7.007,188.375,328.750,10.688,-0.219,0.293,1.879,4.152,5.645,6.195,3.596,4.004,1.077,1.372,0,NULL,NULL,,3,1,2,7,255,989,250,0,0
stim,31474,61595,1,61595,3258924.454,0.846,0.072,-0.027,0.528,0,0,0,0,0,0,0,53,58,1.352,1,2092,0,373.324,7.077,181.688,326.063,6.625,-0.211,0.273,1.977,4.270,5.645,7.508,3.620,4.030,1.077,1.372,0,NULL,NULL,,3,1,2,7,255,989,250,0,0
stim,31474,61595,1,61595,3258929.455,0.846,0.059,-0.035,0.529,0,0,0,0,0,0,0,47,58,1.352,1,2092,0,366.894,6.590,173.750,323.125,3.563,-0.203,0.246,2.023,4.270,5.020,8.695,3.642,4.052,1.077,1.372,0,NULL,NULL,,3,1,2,7,255,989,250,0,0
stim,31521,61642,1,61642,3258934.454,0.845,0.045,-0.042,0.531,0,0,0,0,0,0,0,46,58,1.352,1,2092,0,363.912,5.915,172.000,320.688,-2.750,-0.195,0.211,2.047,4.105,4.258,9.328,3.656,4.070,1.077,1.372,0,NULL,NULL,,3,1,2,7,255,989,250,0,0
stim,31521,61642,1,61642,3258939.455,0.844,0.031,-0.050,0.532,0,0,0,0,0,0,0,42,58,1.352,1,2092,0,364.321,5.177,175.375,319.063,-13.125,-0.184,0.164,2.098,3.875,3.434,9.754,3.668,4.082,1.077,1.372,0,NULL,NULL,,3,1,2,7,255,989,250,0,0
stim,31521,61642,0,61642,3258944.454,0.843,0.017,-0.057,0.534,0,0,0,0,0,0,0,43,58,1.352,1,2092,0,366.668,4.355,179.563,318.813,-23.688,-0.152,0.121,2.156,3.566,2.500,10.395,3.670,4.088,1.077,1.372,0,NULL,NULL,,3,0,2,7,255,986,250,0,0
stim,31521,61642,0,61642,3258949.455,0.841,0.002,-0.065,0.537,0,0,0,0,0,0,0,43,58,1.352,1,2092,0,370.190,3.618,183.000,320.000,-33.938,-0.090,0.086,2.191,3.352,1.363,11.094,3.662,4.082,1.077,1.372,0,NULL,NULL,,3,0,2,7,255,986,250,0,0
stim,31521,61642,0,61642,3258954.454,0.839,-0.012,-0.072,0.539,0,0,0,0,0,0,0,45,58,1.352,1,2092,0,374.915,3.298,187.938,321.563,-42.875,0.031,0.012,2.156,3.297,-0.066,11.094,3.642,4.064,1.077,1.372,0,NULL,NULL,,3,0,2,7,255,986,250,0,0
stim,31521,61642,0,61642,3258959.455,0.837,-0.026,-0.079,0.542,0,0,0,0,0,0,0,53,58,1.352,1,2092,0,380.356,3.678,199.563,320.813,-43.875,0.176,-0.125,2.043,3.023,-2.094,11.020,3.610,4.034,1.077,1.372,0,NULL,NULL,,3,0,2,7,255,986,250,0,0
stim,31521,61642,0,61642,3258964.453,0.834,-0.042,-0.085,0.544,0,0,0,0,0,0,0,55,58,1.352,1,2092,0,391.760,4.961,226.125,317.000,-43.063,0.371,-0.234,1.992,2.129,-4.480,9.730,3.564,3.990,1.077,1.372,0,NULL,NULL,,3,0,2,7,255,986,250,0,0
stim,31521,61642,0,61642,3258969.455,0.831,-0.059,-0.090,0.546,0,0,0,0,0,0,0,60,58,1.352,1,2092,0,413.365,7.507,266.625,312.625,-45.250,0.621,-0.246,2.063,2.129,-7.199,8.766,3.502,3.930,1.077,1.372,0,NULL,NULL,,3,0,2,7,255,986,250,0,0
stim,31546,61667,0,61667,3258974.454,0.827,-0.077,-0.094,0.548,0,0,0,0,0,0,0,61,58,1.352,1,2092,0,437.778,10.483,308.938,307.063,-43.813,0.875,-0.195,2.266,2.355,-10.215,8.766,3.424,3.856,1.077,1.372,0,NULL,NULL,,3,0,2,7,255,986,250,0,0
stim,31546,61667,0,61667,3258979.455,0.824,-0.096,-0.097,0.550,0,0,0,0,0,0,0,63,58,1.352,1,2092,0,452.957,13.831,336.500,301.000,-36.563,1.105,-0.184,2.527,3.625,-13.348,9.695,3.336,3.768,1.077,1.372,0,NULL,NULL,,3,0,2,7,255,986,250,0,0
stim,31546,61667,0,61667,3258984.454,0.820,-0.116,-0.099,0.552,0,0,0,0,0,0,0,62,58,1.352,1,2092,0,457.724,17.197,349.438,294.563,-25.250,1.297,-0.152,2.758,4.367,-16.633,11.141,3.234,3.668,1.077,1.372,0,NULL,NULL,,3,0,2,7,255,986,250,0,0
stim,31546,61667,0,61667,3258989.455,0.816,-0.135,-0.101,0.553,0,0,0,0,0,0,0,67,58,1.352,1,2092,0,458.879,20.224,355.750,289.375,-16.563,1.441,-0.086,2.953,4.965,-19.605,12.266,3.120,3.556,1.077,1.372,0,NULL,NULL,,3,0,2,7,255,986,250,0,0
stim,31563,61684,0,61684,3258994.454,0.812,-0.154,-0.102,0.553,0,0,0,0,0,0,0,62,58,1.352,1,2092,0,453.790,22.711,353.000,284.938,-11.250,1.520,-0.078,3.129,5.438,-22.051,13.074,2.998,3.436,1.077,1.372,0,NULL,NULL,,3,0,2,7,255,986,250,0,0
stim,31563,61684,0,61684,3258999.455,0.808,-0.173,-0.104,0.553,0,0,0,0,0,0,0,67,58,1.352,1,2092,0,436.216,24.711,334.125,280.313,-8.375,1.500,-0.113,3.270,5.438,-24.105,13.746,2.864,3.302,1.077,1.372,0,NULL,NULL,,3,0,2,7,255,986,250,0,0
stim,31563,61684,0,61684,3259004.453,0.804,-0.190,-0.107,0.553,0,0,0,0,0,0,0,69,58,1.352,1,2092,0,407.179,25.816,301.438,273.563,-9.688,1.488,-0.051,3.379,4.492,-25.422,14.316,2.716,3.154,1.077,1.372,0,NULL,NULL,,3,0,2,7,255,986,250,0,0
stim,31563,61684,0,61684,3259009.455,0.800,-0.205,-0.110,0.553,0,0,0,0,0,0,0,71,58,1.352,1,2092,0,374.260,26.728,262.375,266.063,-21.000,1.664,0.090,3.422,4.492,-26.348,14.316,2.554,2.992,1.077,1.372,0,NULL,NULL,,3,0,2,7,255,986,250,0,0
stim,31563,61684,0,61684,3259014.454,0.796,-0.219,-0.114,0.553,0,0,0,0,0,0,0,92,58,1.352,1,2092,0,335.882,28.919,212.813,257.813,-32.563,1.992,0.051,3.309,5.930,-28.305,13.848,2.380,2.818,1.077,1.372,0,NULL,NULL,,3,0,2,7,255,986,250,0,0
stim,31563,61684,0,61684,3259019.455,0.792,-0.230,-0.119,0.553,0,0,0,0,0,0,0,117,58,1.352,1,2092,0,295.410,31.819,157.125,248.500,-28.750,2.348,-0.219,2.992,5.930,-31.262,10.684,2.198,2.632,1.077,1.372,0,NULL,NULL,,3,0,2,7,255,986,250,0,0
stim,31620,61741,0,61741,3259024.454,0.789,-0.239,-0.125,0.552,0,0,0,0,0,0,0,158,58,1.352,1,2092,0,261.216,34.281,108.875,237.188,-11.063,2.652,-0.445,2.504,5.160,-33.891,5.117,2.010,2.442,1.077,1.372,0,NULL,NULL,,3,0,2,7,255,986,250,0,0
stim,31620,61741,0,61741,3259029.455,0.787,-0.248,-0.131,0.550,0,0,0,0,0,0,0,200,58,1.352,1,2092,0,240.949,35.162,81.813,226.625,2.063,3.008,-0.602,1.930,4.363,-34.891,-1.637,1.820,2.244,1.077,1.372,0,NULL,NULL,,3,0,2,7,255,986,250,0,0
stim,31620,61741,0,61741,3259034.454,0.785,-0.256,-0.136,0.548,0,0,0,0,0,0,0,240,58,1.352,1,2092,0,232.180,35.579,85.813,215.563,8.750,3.426,-0.805,1.406,4.285,-35.320,-9.172,1.626,2.042,1.077,1.372,0,NULL,NULL,,3,0,2,7,255,986,250,0,0
stim,31620,61741,0,61741,3259039.455,0.783,-0.265,-0.140,0.546,0,0,0,0,0,0,0,276,58,1.352,1,2092,0,235.046,36.585,117.688,202.438,20.375,3.848,-1.141,1.035,4.230,-36.340,-16.645,1.430,1.836,1.077,1.372,0,NULL,NULL,,3,0,2,7,255,986,250,0,0
stim,31620,61741,0,61741,3259044.454,0.781,-0.275,-0.142,0.543,0,0,0,0,0,0,0,312,58,1.352,1,2092,0,254.315,38.393,164.938,185.375,55.750,4.129,-1.434,0.875,2.875,-38.285,-23.246,1.230,1.624,1.077,1.372,0,NULL,NULL,,3,0,2,7,255,986,250,0,0
stim,31620,61741,0,61741,3259049.455,0.779,-0.288,-0.141,0.539,0,0,0,0,0,0,0,326,58,1.352,1,2092,0,303.075,40.062,229.125,169.625,102.875,4.242,-1.520,0.785,1.461,-40.035,-27.453,1.030,1.410,1.077,1.372,0,NULL,NULL,,3,0,2,7,255,986,250,0,0
stim,31620,61741,0,61741,3259054.454,0.778,-0.300,-0.138,0.534,0,0,0,0,0,0,0,313,58,1.352,1,2092,0,315.046,40.222,254.438,124.938,137.500,3.996,-1.918,1.438,1.461,-40.195,-27.453,0.838,1.194,1.077,1.372,0,NULL,NULL,,3,0,2,7,255,986,250,0,0
stim,31620,61741,0,61741,3259059.455,0.778,-0.311,-0.135,0.530,0,0,0,0,0,0,0,306,58,1.352,1,2092,0,272.499,42.041,220.125,93.563,130.563,3.531,-1.750,1.930,-3.109,-41.926,-25.211,0.668,0.980,1.077,1.372,0,NULL,NULL,,3,0,2,7,255,986,250,0,0
stim,31649,61770,0,61770,3259064.453,0.779,-0.319,-0.130,0.524,0,0,0,0,0,0,0,290,58,1.352,1,2092,0,258.153,43.093,176.938,41.625,183.313,3.855,-1.621,2.500,-3.109,-42.980,-19.113,0.534,0.776,1.077,1.372,0,NULL,NULL,,3,0,2,7,255,986,250,0,0
stim,31649,61770,0,61770,3259069.455,0.782,-0.327,-0.123,0.516,0,0,0,0,0,0,0,267,58,1.352,1,2092,0,311.923,42.074,182.438,5.938,252.938,2.980,-1.973,2.328,-3.523,-41.926,-16.480,0.468,0.586,1.077,1.372,0,NULL,NULL,,3,0,2,7,255,986,250,0,0
stim,31649,61770,0,61770,3259074.454,0.784,-0.333,-0.115,0.511,0,0,0,0,0,0,0,229,58,1.352,1,2092,0,251.703,41.194,170.625,-34.438,181.813,1.809,-0.965,2.922,-4.230,-40.977,-14.746,0.482,0.448,1.077,1.372,0,NULL,NULL,,3,0,2,7,255,986,250,0,0
stim,31649,61770,0,61770,3259079.455,0.784,-0.336,-0.109,0.510,0,0,0,0,0,0,0,373,58,1.352,1,2092,0,164.214,34.677,121.125,-78.438,78.375,1.828,-0.535,3.219,-4.230,-34.418,-0.781,0.530,0.388,1.077,1.372,0,NULL,NULL,,3,0,2,7,255,986,250,0,0
stim,31649,61770,0,61770,3259084.454,0.786,-0.344,-0.090,0.505,183,0,0,566,0,39,0,467,58,1.352,1,2092,0,483.604,34.677,337.938,-202.375,280.563,0.234,-1.023,6.164,-4.230,-34.418,3.031,0.568,0.394,1.077,1.372,0,NULL,NULL,,3,0,2,7,255,986,250,0,0
stim,31649,61770,0,61770,3259089.455,0.795,-0.347,-0.072,0.493,873,0,0,1285,0,217,0,539,58,1.352,1,2092,0,538.275,42.402,171.500,-225.625,457.625,-0.078,1.793,9.020,-3.496,-42.258,30.707,0.582,0.430,1.077,1.372,0,NULL,NULL,,3,0,2,7,255,986,250,0,0
stim,31650,61771,0,61771,3259094.454,0.817,-0.311,-0.085,0.479,1417,0,0,1715,0,531,0,587,58,1.352,1,2092,0,1073.767,42.402,-1018.063,-103.813,325.188,-1.402,3.254,4.191,-3.496,-42.258,42.086,0.578,0.464,1.077,1.372,0,NULL,NULL,,3,0,2,7,255,986,250,0,0
stim,31650,61771,0,61771,3259099.455,0.837,-0.264,-0.103,0.468,1897,0,0,1955,0,781,0,619,58,1.352,1,2093,0,1248.535,14.216,-1224.375,-149.750,193.188,-1.629,3.914,-1.156,14.059,-2.109,42.086,0.578,0.488,1.077,1.372,1,1027.000,41.000,,3,0,2,7,255,986,250,0,0
stim,31674,61795,0,61795,3259104.453,0.847,-0.236,-0.113,0.462,2168,0,0,2091,0,983,0,709,58,1.352,1,2093,0,737.103,37.121,-722.938,-94.250,108.625,-2.191,2.305,-2.996,14.059,34.355,-0.473,0.580,0.512,1.077,1.372,1,NULL,NULL,,3,0,2,7,255,986,250,0,0
stim,31674,61795,0,61795,3259109.455,0.850,-0.225,-0.113,0.464,2357,0,0,2187,0,1203,0,797,58,1.352,1,2093,0,278.517,35.072,-238.188,-135.875,-48.750,-1.469,0.113,-2.039,7.051,34.355,-20.523,0.572,0.534,1.077,1.372,1,NULL,NULL,,3,0,2,7,255,986,250,0,0
stim,31674,61795,0,61795,3259114.454,0.848,-0.223,-0.108,0.468,2495,0,0,2264,0,1369,0,889,58,1.352,1,2093,0,154.582,20.527,46.063,-131.313,-67.313,0.152,-0.086,0.605,0.004,20.527,-20.523,0.548,0.550,1.077,1.372,1,NULL,NULL,,3,0,2,7,255,986,250,0,0
stim,31674,61795,0,61795,3259119.455,0.850,-0.222,-0.102,0.467,2659,0,0,2451,0,1555,0,995,58,1.352,1,2093,0,140.485,4.352,32.688,-122.750,60.000,0.891,1.879,1.637,0.004,-4.352,-5.348,0.508,0.560,1.077,1.372,2,NULL,NULL,,3,0,2,7,255,986,250,0,0
stim,31722,61843,0,61843,3259124.454,0.855,-0.217,-0.098,0.461,2797,0,0,2654,0,1619,0,1091,58,1.352,1,2093,0,233.550,16.653,-102.563,-127.688,166.500,-0.090,2.055,2.047,16.074,-4.352,5.809,0.466,0.556,1.077,1.372,2,NULL,NULL,,3,0,2,7,255,986,250,0,0
stim,31722,61843,0,61843,3259129.455,0.863,-0.203,-0.096,0.452,2901,0,0,2795,0,1659,0,1213,58,1.352,1,2093,0,412.853,16.154,-300.250,-164.563,230.688,-2.234,-0.316,1.348,16.074,1.602,9.109,0.424,0.526,1.077,1.372,2,NULL,NULL,,3,0,2,7,255,986,250,0,0
stim,31722,61843,0,61843,3259134.453,0.868,-0.185,-0.097,0.451,2965,0,0,2893,0,1724,0,1367,58,1.352,1,2093,0,442.810,17.545,-405.125,-176.563,27.938,-2.641,-1.316,0.188,-15.074,8.977,9.109,0.392,0.466,1.077,1.372,2,NULL,NULL,,3,0,2,7,255,986,250,0,0
stim,31722,61843,0,61843,3259139.455,0.867,-0.171,-0.096,0.459,3015,0,0,2967,0,1783,0,1507,58,1.352,1,2093,0,363.481,18.846,-240.750,-186.563,-198.375,-1.457,-1.016,-0.664,-16.570,8.977,-2.063,0.376,0.386,1.077,1.372,2,NULL,NULL,,3,0,2,7,255,986,250,0,0
stim,31722,61843,0,61843,3259144.454,0.863,-0.164,-0.091,0.469,3048,0,0,3027,0,1853,0,1593,58,1.352,1,2093,0,309.307,18.360,-37.313,-196.875,-235.625,0.285,-0.734,0.211,-16.570,7.906,-9.973,0.384,0.302,1.077,1.372,2,NULL,NULL,,3,0,2,7,255,986,250,0,0
stim,31722,61843,0,61843,3259149.455,0.861,-0.161,-0.084,0.475,3068,0,0,3089,0,1917,0,1633,58,1.352,1,2093,0,234.544,8.074,26.875,-188.375,-137.125,1.117,-1.277,1.672,-4.535,-6.680,-9.973,0.402,0.234,1.077,1.372,2,NULL,NULL,,3,0,2,7,255,986,250,0,0
stim,31722,61843,0,61843,3259154.453,0.862,-0.155,-0.079,0.477,3087,0,0,3113,0,1993,0,1637,58,1.352,1,2093,0,174.843,21.179,-59.063,-162.750,-24.375,1.367,-1.695,2.238,-4.535,-20.688,0.219,0.418,0.192,1.077,1.372,2,NULL,NULL,,3,0,2,7,255,986,250,0,0
stim,31722,61843,0,61843,3259159.455,0.865,-0.146,-0.077,0.473,3095,0,0,3134,0,2067,0,1639,58,1.352,1,2093,0,255.024,24.077,-183.188,-150.125,94.563,1.145,-1.676,1.844,-6.676,-23.133,1.875,0.426,0.174,1.077,1.372,2,NULL,NULL,,3,0,2,7,255,986,250,0,0
stim,31722,61843,0,61843,3259164.454,0.871,-0.135,-0.075,0.466,3115,0,0,3169,0,2140,69,1655,58,1.352,1,2093,0,326.429,24.241,-224.125,-135.813,194.625,0.406,-1.176,0.754,-7.246,-23.133,1.875,0.440,0.164,1.077,1.372,2,NULL,NULL,,3,0,2,7,255,986,250,0,0
stim,31722,61843,0,61843,3259169.455,0.877,-0.128,-0.072,0.458,3124,0,0,3181,0,2232,81,1763,58,1.352,1,2093,0,291.827,13.639,-143.813,-137.375,213.563,-0.469,-0.488,0.172,-7.246,-11.555,-5.336,0.464,0.150,1.077,1.372,2,NULL,NULL,,3,0,2,7,255,986,250,0,0
stim,31744,61865,0,61865,3259174.454,0.881,-0.123,-0.067,0.453,3117,0,0,3180,0,2319,187,1941,58,1.352,1,2093,0,208.726,6.583,-52.875,-145.563,139.938,-1.070,0.109,0.766,-6.570,0.410,-5.336,0.494,0.134,1.077,1.372,2,NULL,NULL,,3,0,2,7,255,986,250,0,0
stim,31744,61865,0,61865,3259179.455,0.881,-0.119,-0.063,0.453,3123,0,0,3194,137,2374,281,2095,58,1.352,1,2093,0,142.581,6.513,-41.625,-136.313,-3.938,-0.711,0.559,1.813,-5.078,4.078,0.000,0.522,0.124,1.077,1.372,2,NULL,NULL,,3,0,2,7,255,986,250,0,0
stim,31744,61865,0,61865,3259184.454,0.880,-0.117,-0.061,0.457,3120,0,0,3196,491,2415,238,2215,58,1.352,1,2093,0,116.895,4.159,-24.375,-68.875,-91.250,0.613,0.613,1.855,0.816,4.078,7.277,0.542,0.112,1.077,1.372,2,NULL,NULL,,3,0,2,7,255,986,250,0,0
stim,31744,61865,0,61865,3259189.455,0.879,-0.113,-0.060,0.460,3114,0,0,3199,765,2451,247,2285,58,1.352,1,2093,0,104.115,10.216,-52.125,-61.375,-66.000,0.852,0.902,1.516,8.750,-5.273,7.277,0.556,0.098,1.077,1.372,2,NULL,NULL,,3,0,2,7,255,986,250,0,0
stim,31744,61865,0,61865,3259194.453,0.878,-0.111,-0.059,0.462,3109,0,0,3209,985,2472,259,2343,58,1.352,1,2093,0,76.153,11.171,-42.188,-36.625,-51.750,0.609,0.758,1.566,9.848,-5.273,4.691,0.568,0.082,1.077,1.372,2,NULL,NULL,,3,0,2,7,255,986,250,0,0
stim,31744,61865,0,61865,3259199.455,0.878,-0.106,-0.061,0.463,3119,27,0,3212,1116,2483,267,2389,58,1.352,1,2093,0,123.017,11.096,-114.063,-16.875,-42.875,-0.160,-0.555,1.488,9.848,-5.113,4.172,0.582,0.068,1.077,1.372,2,NULL,NULL,,3,0,2,7,255,986,250,0,0
stim,31774,61895,0,61895,3259204.454,0.877,-0.100,-0.063,0.465,3109,41,0,3199,1227,2492,271,2422,58,1.352,1,2093,0,153.898,6.535,-141.188,-18.125,-58.500,-0.230,-0.910,0.492,-4.938,-4.281,4.172,0.592,0.054,1.077,1.372,2,NULL,NULL,,3,0,2,7,255,986,250,0,0
stim,31774,61895,0,61895,3259209.455,0.876,-0.098,-0.064,0.468,3104,71,0,3199,1319,2503,270,2450,58,1.352,1,2093,0,96.836,6.510,-43.188,-16.625,-85.063,-0.129,-0.273,0.484,-4.938,-4.242,-5.156,0.602,0.040,1.077,1.372,2,NULL,NULL,,3,0,2,7,255,986,250,0,0
stim,31774,61895,0,61895,3259214.453,0.874,-0.097,-0.063,0.472,3103,101,0,3221,1445,2511,278,2471,58,1.352,1,2093,0,96.456,3.485,7.750,-16.313,-94.750,0.074,0.145,1.047,-2.789,-2.090,-5.156,0.610,0.030,1.077,1.372,2,NULL,NULL,,3,0,2,7,255,986,250,0,0
stim,31774,61895,0,61895,3259219.455,0.873,-0.096,-0.064,0.474,3113,121,0,3209,1529,2521,281,2494,58,1.352,1,2093,0,67.666,2.092,-24.563,-8.313,-62.500,0.211,-0.207,1.238,-0.102,-2.090,0.168,0.616,0.020,1.077,1.372,2,NULL,NULL,,3,0,2,7,255,986,250,0,0
stim,31774,61895,0,61895,3259224.454,0.873,-0.093,-0.065,0.475,3103,141,0,3205,1575,2525,293,2503,58,1.352,1,2093,0,68.065,4.716,-66.125,-8.125,-13.938,0.012,-0.477,1.000,-0.102,-4.715,0.168,0.624,0.010,1.077,1.372,2,NULL,NULL,,3,0,2,7,255,986,250,0,0
stim,31774,61895,0,61895,3259229.455,0.873,-0.091,-0.066,0.475,3117,167,0,3206,1647,2536,285,2523,58,1.352,1,2093,0,56.664,5.114,-54.875,-7.750,-11.813,-0.230,-0.133,0.797,-1.980,-4.715,-0.598,0.000,0.000,1.077,1.372,2,NULL,NULL,,3,0,2,7,255,986,250,0,0
stim,31821,61942,0,61942,3259234.453,0.872,-0.090,-0.066,0.476,3104,184,0,3199,1720,2543,283,2531,58,1.352,1,2093,0,47.736,2.049,-23.875,-6.563,-40.813,-0.180,0.102,0.871,-1.980,-0.527,-1.055,0.000,0.000,1.077,1.372,2,NULL,NULL,,3,0,2,7,255,986,250,0,0
stim,31821,61942,0,61942,3259239.455,0.871,-0.089,-0.067,0.478,3119,211,12,3200,1752,2540,276,2533,58,1.352,1,2093,0,46.673,0.585,-17.750,-6.813,-42.625,0.016,-0.102,1.008,-0.254,-0.527,-1.055,0.000,0.000,1.077,1.372,2,NULL,NULL,,3,0,2,7,255,986,250,0,0
stim,31821,61942,0,61942,3259244.454,0.871,-0.088,-0.067,0.479,3104,213,71,3197,1797,2541,269,2537,58,1.352,1,2093,0,30.178,2.731,-25.438,-6.063,-15.063,0.023,-0.223,1.012,-0.254,-2.719,-0.277,0.000,0.000,1.077,1.372,2,NULL,NULL,,3,0,2,7,255,986,250,0,0
stim,31821,61942,0,61942,3259249.455,0.871,-0.087,-0.067,0.479,3116,223,139,3219,1840,2543,261,2551,58,1.352,1,2093,0,23.594,2.731,-23.000,-5.250,-0.313,-0.121,0.016,0.957,-0.254,-2.719,-0.277,0.000,0.000,1.077,1.372,2,NULL,NULL,,3,0,2,7,255,986,250,0,0
stim,31821,61942,0,61942,3259254.453,0.871,-0.086,-0.067,0.479,3112,221,171,3205,1869,2548,238,2544,58,1.352,1,2093,0,17.920,0.879,-11.813,-3.313,-13.063,-0.176,0.168,0.984,0.000,-0.879,-0.277,0.000,0.000,1.077,1.372,2,NULL,NULL,,3,0,2,7,255,986,250,0,0
stim,31821,61942,0,61942,3259259.455,0.871,-0.086,-0.067,0.480,3108,218,205,3195,1887,2542,233,2547,58,1.352,1,2093,0,25.799,1.202,-8.563,-2.688,-24.188,-0.070,0.078,1.055,0.820,-0.879,0.066,0.000,0.000,1.077,1.372,2,NULL,NULL,,3,0,2,7,255,986,250,0,0
stim,31821,61942,0,61942,3259264.453,0.870,-0.085,-0.067,0.480,3103,219,269,3193,1904,2551,233,2551,58,1.295,1,2093,1,19.869,1.395,-13.000,-1.625,-14.938,0.004,-0.035,1.035,0.820,-1.129,0.082,0.000,0.000,1.087,1.359,2,NULL,NULL,,3,0,2,7,255,986,250,0,0
stim,31821,61942,0,61942,3259269.455,0.870,-0.084,-0.067,0.480,3109,215,316,3191,1925,2543,220,2551,58,1.295,1,2093,1,12.976,1.466,-12.813,-0.688,1.938,-0.063,-0.004,0.969,0.270,-1.441,0.082,0.008,0.006,1.087,1.359,2,NULL,NULL,,3,0,2,7,255,986,250,0,0
stim,31841,61962,0,61962,3259274.454,0.871,-0.084,-0.067,0.480,3101,213,331,3189,1939,2542,217,2551,58,1.295,1,2093,1,7.763,1.450,-6.500,-0.688,4.188,-0.180,0.059,0.977,0.160,-1.441,-0.074,0.016,0.012,1.087,1.359,2,NULL,NULL,,3,0,2,7,255,986,250,0,0
stim,31841,61962,0,61962,3259279.455,0.870,-0.084,-0.067,0.480,3101,213,351,3187,1951,2543,211,2553,58,1.295,1,2093,1,5.606,0.235,-3.125,-1.750,-4.313,-0.180,0.078,1.027,0.160,-0.172,-0.074,0.022,0.018,1.087,1.359,2,NULL,NULL,,3,0,2,7,255,986,250,0,0
stim,31841,61962,0,61962,3259284.454,0.870,-0.083,-0.067,0.481,3097,210,377,3182,1960,2541,204,2554,58,1.295,1,2093,1,8.553,0.313,-2.625,-2.063,-7.875,-0.137,0.090,1.043,0.262,-0.172,0.430,0.030,0.022,1.087,1.359,2,NULL,NULL,,3,0,2,7,255,986,250,0,0
stim,31841,61962,0,61962,3259289.455,0.870,-0.083,-0.067,0.481,3101,209,390,3192,1967,2539,205,2552,58,1.295,1,2093,1,7.107,0.671,-1.125,-2.313,-6.625,-0.129,0.133,1.051,0.590,-0.320,0.504,0.038,0.026,1.087,1.359,2,NULL,NULL,,3,0,2,7,255,986,250,0,0
stim,31870,61991,0,61991,3259294.454,0.870,-0.083,-0.067,0.481,3091,205,397,3174,1981,2539,211,2569,58,1.295,1,2093,1,7.294,1.043,-1.250,-1.625,-7.000,-0.141,0.168,1.070,0.992,-0.320,0.594,0.042,0.030,1.087,1.359,2,NULL,NULL,,3,0,2,7,255,986,250,0,0
stim,31870,61991,0,61991,3259299.455,0.870,-0.083,-0.067,0.481,3081,191,414,3163,1981,2533,213,2551,58,1.295,1,2093,1,10.117,1.035,-3.375,-1.750,-9.375,-0.152,0.152,1.055,1.031,-0.086,0.688,0.048,0.032,1.087,1.359,2,NULL,NULL,,3,0,2,7,255,986,250,0,0
stim,31870,61991,0,61991,3259304.453,0.870,-0.083,-0.067,0.482,3081,183,428,3169,1996,2529,215,2551,58,1.295,1,2093,1,11.972,1.140,-4.875,-2.000,-10.750,-0.133,0.152,1.039,1.137,-0.086,0.688,0.052,0.036,1.087,1.359,2,NULL,NULL,,3,0,2,7,255,986,250,0,0
stim,31870,61991,0,61991,3259309.455,0.870,-0.083,-0.067,0.482,3063,175,443,3161,2003,2532,215,2551,58,1.295,1,2093,1,11.643,1.048,-8.063,-2.563,-8.000,-0.121,0.129,1.035,1.031,-0.188,0.500,0.056,0.036,1.087,1.359,2,NULL,NULL,,3,0,2,7,255,986,250,0,0
stim,31870,61991,0,61991,3259314.454,0.870,-0.082,-0.067,0.482,3049,173,468,3135,2007,2515,216,2549,58,1.295,1,2093,1,11.669,1.086,-10.188,-3.563,-4.438,-0.137,0.074,1.004,1.020,-0.375,0.434,0.060,0.038,1.087,1.359,2,NULL,NULL,,3,0,2,7,255,986,250,0,0
stim,31870,61991,0,61991,3259319.455,0.870,-0.082,-0.067,0.482,3047,175,492,3132,2021,2509,225,2554,58,1.295,1,2093,1,9.340,0.588,-6.750,-4.438,-4.688,-0.164,0.082,0.969,0.453,-0.375,0.113,0.064,0.038,1.087,1.359,2,NULL,NULL,,3,0,2,7,255,986,250,0,0
stim,31921,62042,0,62042,3259324.454,0.869,-0.082,-0.066,0.483,3027,175,564,3116,2026,2509,245,2553,58,1.295,1,2093,1,9.797,0.390,-1.938,-5.313,-8.000,-0.164,0.078,0.977,0.359,-0.152,-0.098,0.066,0.038,1.087,1.359,2,NULL,NULL,,3,0,2,7,255,986,250,0,0
stim,31921,62042,0,62042,3259329.455,0.869,-0.081,-0.066,0.483,3005,165,620,3099,2039,2501,262,2556,58,1.295,1,2093,1,10.334,0.351,0.250,-6.688,-7.875,-0.156,0.039,0.988,0.316,-0.152,-0.098,0.068,0.036,1.087,1.359,2,NULL,NULL,,3,0,2,7,255,986,250,0,0
stim,31921,62042,0,62042,3259334.454,0.869,-0.081,-0.066,0.483,2988,161,636,3107,2059,2495,285,2566,58,1.295,1,2093,1,9.753,0.345,0.375,-8.250,-5.188,-0.172,0.031,0.984,0.059,-0.340,-0.020,0.070,0.036,1.087,1.359,2,NULL,NULL,,3,0,2,7,255,986,250,0,0
stim,31921,62042,0,62042,3259339.455,0.869,-0.081,-0.066,0.484,2968,163,663,3087,2083,2501,302,2577,58,1.295,1,2093,1,11.372,0.346,1.750,-9.500,-6.000,-0.184,0.047,0.961,-0.063,-0.340,-0.020,0.072,0.034,1.087,1.359,2,NULL,NULL,,3,0,2,7,255,986,250,0,0
stim,31921,62042,0,62042,3259344.454,0.869,-0.081,-0.065,0.484,2951,157,695,3049,2127,2494,328,2585,58,1.295,1,2093,1,14.304,0.134,4.813,-11.313,-7.313,-0.188,0.047,0.961,-0.082,-0.105,-0.203,0.074,0.032,1.087,1.359,2,NULL,NULL,,3,0,2,7,255,986,250,0,0
stim,31921,62042,0,62042,3259349.455,0.869,-0.081,-0.064,0.484,2921,165,727,3021,2169,2499,359,2591,58,1.295,1,2093,1,17.045,0.116,6.750,-13.563,-7.813,-0.188,0.043,0.961,-0.082,-0.082,-0.203,0.076,0.030,1.087,1.359,2,NULL,NULL,,3,0,2,7,255,986,250,0,0
stim,31921,62042,0,62042,3259354.454,0.869,-0.081,-0.064,0.485,2901,159,777,3001,2200,2492,377,2603,58,1.295,1,2093,1,19.329,0.116,8.125,-15.375,-8.438,-0.191,0.078,0.973,-0.082,-0.082,-0.191,0.078,0.028,1.087,1.359,2,NULL,NULL,,3,0,2,7,255,986,250,0,0
stim,31921,62042,0,62042,3259359.455,0.868,-0.081,-0.063,0.485,2871,159,839,2985,2235,2495,383,2619,58,1.295,1,2093,1,21.721,0.193,8.688,-16.875,-10.563,-0.184,0.102,0.988,0.156,0.113,-0.059,0.078,0.024,1.087,1.359,2,NULL,NULL,,3,0,2,7,255,986,250,0,0
stim,31939,62060,0,62060,3259364.453,0.868,-0.081,-0.062,0.486,2839,159,895,2955,2275,2493,425,2637,58,1.295,1,2093,1,23.349,0.395,7.875,-18.375,-12.063,-0.172,0.102,0.996,0.379,0.113,0.082,0.078,0.020,1.087,1.359,2,NULL,NULL,,3,0,2,7,255,986,250,0,0
stim,31939,62060,0,62060,3259369.455,0.868,-0.081,-0.061,0.486,2806,162,967,2923,2308,2491,491,2655,58,1.295,1,2093,1,23.901,0.425,5.875,-19.625,-12.313,-0.164,0.105,0.996,0.422,0.055,0.133,0.078,0.014,1.087,1.359,2,NULL,NULL,,3,0,2,7,255,986,250,0,0
stim,31939,62060,0,62060,3259374.454,0.868,-0.080,-0.060,0.487,2763,173,1041,2891,2345,2503,564,2665,58,1.295,1,2093,1,24.908,0.495,4.125,-20.563,-13.438,-0.180,0.117,0.992,0.492,0.055,0.133,0.076,0.008,1.087,1.359,2,NULL,NULL,,3,0,2,7,255,986,250,0,0
stim,31939,62060,0,62060,3259379.455,0.868,-0.080,-0.059,0.487,2731,176,1141,2855,2395,2493,678,2677,58,1.295,1,2093,1,27.422,0.539,3.563,-21.938,-16.063,-0.191,0.129,1.000,0.496,0.211,0.133,0.076,0.006,1.087,1.359,2,NULL,NULL,,3,0,2,7,255,986,250,0,0
stim,31939,62060,0,62060,3259384.454,0.867,-0.080,-0.058,0.488,2675,179,1197,2837,2438,2505,778,2693,58,1.295,1,2093,1,31.703,0.639,2.563,-22.438,-22.250,-0.176,0.168,1.027,0.523,0.367,0.227,0.078,0.010,1.087,1.359,2,NULL,NULL,,3,0,2,7,255,986,250,0,0
stim,31939,62060,0,62060,3259389.455,0.867,-0.079,-0.057,0.489,2622,185,1295,2805,2460,2509,875,2701,58,1.295,1,2093,1,35.957,1.000,-1.000,-22.063,-28.375,-0.141,0.199,1.051,0.930,0.367,0.480,0.080,0.016,1.087,1.359,2,NULL,NULL,,3,0,2,7,255,986,250,0,0
stim,31961,62082,0,62082,3259394.454,0.866,-0.079,-0.057,0.490,2567,207,1413,2775,2492,2509,988,2723,58,1.295,1,2093,1,38.492,1.396,-8.625,-21.125,-31.000,-0.121,0.188,1.059,1.371,0.262,0.637,0.082,0.022,1.087,1.359,2,NULL,NULL,,3,0,2,7,255,986,250,0,0
stim,31961,62082,0,62082,3259399.455,0.865,-0.077,-0.056,0.492,2495,206,1525,2743,2534,2507,1111,2732,58,1.295,1,2093,1,42.803,1.371,-17.625,-20.188,-33.375,-0.121,0.141,1.055,1.371,0.020,0.637,0.084,0.026,1.087,1.359,2,NULL,NULL,,3,0,2,7,255,986,250,0,0
stim,31961,62082,0,62082,3259404.453,0.865,-0.076,-0.056,0.493,2429,226,1629,2701,2559,2509,1207,2741,58,1.295,1,2093,1,49.859,1.001,-26.875,-19.750,-37.063,-0.141,0.086,1.039,0.988,-0.156,0.637,0.088,0.032,1.087,1.359,2,NULL,NULL,,3,0,2,7,255,986,250,0,0
stim,31961,62082,0,62082,3259409.455,0.864,-0.074,-0.056,0.495,2361,239,1751,2677,2599,2517,1319,2759,58,1.295,1,2093,1,58.195,0.457,-35.625,-19.750,-41.563,-0.164,0.059,1.047,0.430,-0.156,0.594,0.090,0.036,1.087,1.359,2,NULL,NULL,,3,0,2,7,255,986,250,0,0
stim,31985,62106,0,62106,3259414.453,0.863,-0.072,-0.056,0.496,2282,247,1847,2645,2629,2515,1433,2780,58,1.295,1,2093,1,69.061,0.384,-42.875,-18.688,-50.813,-0.152,0.078,1.023,0.363,-0.125,0.469,0.092,0.038,1.087,1.359,2,NULL,NULL,,3,0,2,7,255,986,250,0,0
stim,31985,62106,0,62106,3259419.455,0.862,-0.070,-0.057,0.499,2211,249,1951,2615,2664,2516,1547,2787,58,1.295,1,2093,1,73.763,0.384,-43.688,-18.250,-56.563,-0.102,0.074,0.984,0.363,-0.125,0.348,0.094,0.040,1.087,1.359,2,NULL,NULL,,3,0,2,7,255,986,250,0,0
stim,31985,62106,0,62106,3259424.454,0.861,-0.067,-0.057,0.501,2125,248,2031,2572,2694,2516,1636,2793,58,1.295,1,2093,1,74.964,0.560,-44.813,-17.875,-57.375,-0.086,0.023,1.004,0.363,-0.426,0.039,0.096,0.040,1.087,1.359,2,NULL,NULL,,3,0,2,7,255,986,250,0,0
stim,31985,62106,0,62106,3259429.455,0.860,-0.064,-0.058,0.503,2035,251,2133,2523,2709,2516,1751,2807,58,1.295,1,2093,0,83.052,0.756,-55.188,-18.875,-59.125,-0.133,-0.020,1.105,0.277,-0.703,0.039,0.098,0.042,1.087,1.359,2,NULL,NULL,,3,0,2,7,255,986,250,0,0
stim,32022,62143,0,62143,3259434.453,0.859,-0.061,-0.059,0.505,1952,245,2231,2487,2727,2525,1845,2814,58,1.295,1,2093,0,99.024,0.705,-72.313,-18.313,-65.125,-0.148,0.004,1.078,-0.055,-0.703,0.832,0.098,0.042,1.087,1.359,2,NULL,NULL,,3,0,2,7,255,986,250,0,0
stim,32022,62143,0,62143,3259439.455,0.858,-0.058,-0.060,0.507,1866,253,2293,2443,2745,2520,1940,2829,58,1.295,1,2093,0,102.124,0.608,-74.063,-18.125,-67.938,-0.074,0.031,0.938,-0.055,-0.605,0.832,0.100,0.042,1.087,1.359,2,NULL,NULL,,3,0,2,7,255,986,250,0,0
stim,32022,62143,0,62143,3259444.454,0.857,-0.055,-0.060,0.510,1763,251,2385,2380,2777,2515,2021,2847,58,1.295,1,2093,0,89.928,0.632,-64.000,-19.000,-60.250,-0.035,-0.027,0.898,0.180,-0.605,-0.629,0.100,0.042,1.087,1.359,2,NULL,NULL,,3,0,2,7,255,986,250,0,0
stim,32022,62143,0,62143,3259449.455,0.856,-0.052,-0.061,0.511,1643,253,2459,2331,2791,2521,2096,2853,58,1.295,1,2093,0,76.244,1.135,-52.625,-19.625,-51.563,-0.055,-0.074,0.922,0.180,-1.121,-0.809,0.100,0.042,1.087,1.359,2,NULL,NULL,,3,0,2,7,255,986,250,0,0
stim,32022,62143,0,62143,3259454.453,0.855,-0.049,-0.061,0.513,1527,255,2503,2253,2805,2515,2163,2863,58,1.295,1,2093,0,68.624,1.226,-45.500,-19.563,-47.500,-0.086,-0.129,0.965,-0.273,-1.195,-0.809,0.100,0.040,1.087,1.359,2,NULL,NULL,,3,0,2,7,255,986,250,0,0
stim,32022,62143,0,62143,3259459.455,0.854,-0.047,-0.061,0.515,1363,249,2548,2205,2827,2521,2219,2887,58,1.295,1,2093,0,64.312,1.381,-42.438,-20.250,-43.875,-0.082,-0.121,0.980,-0.691,-1.195,-0.332,0.100,0.040,1.087,1.359,2,NULL,NULL,,3,0,2,7,255,986,250,0,0
stim,32022,62143,0,62143,3259464.454,0.853,-0.045,-0.061,0.516,1239,258,2595,2137,2839,2515,2286,2889,58,1.295,1,2093,0,60.630,1.334,-39.875,-20.750,-40.688,-0.086,-0.070,0.973,-0.691,-1.141,-0.250,0.100,0.038,1.087,1.359,2,NULL,NULL,,3,0,2,7,255,986,250,0,0
stim,32022,62143,0,62143,3259469.455,0.853,-0.043,-0.061,0.517,1125,233,2637,2055,2865,2515,2339,2891,58,1.295,1,2093,0,55.946,0.899,-36.313,-21.250,-36.875,-0.074,-0.035,0.977,-0.250,-0.863,-0.227,0.100,0.038,1.087,1.359,2,NULL,NULL,,3,0,2,7,255,986,250,0,0
stim,32022,62143,0,62143,3259474.454,0.852,-0.041,-0.061,0.519,1014,223,2661,1947,2861,2507,2373,2889,58,1.295,1,2093,0,50.924,0.753,-31.813,-22.000,-33.125,-0.074,-0.035,0.980,0.125,-0.742,-0.227,0.102,0.036,1.087,1.359,2,NULL,NULL,,3,0,2,7,255,986,250,0,0
stim,32022,62143,0,62143,3259479.455,0.851,-0.039,-0.061,0.519,883,220,2686,1817,2891,2501,2419,2898,58,1.295,1,2093,0,45.954,0.753,-28.625,-23.375,-27.313,-0.082,-0.059,1.000,0.125,-0.742,-0.180,0.106,0.036,1.087,1.359,2,NULL,NULL,,3,0,2,7,255,986,250,0,0
stim,32053,62174,0,62174,3259484.454,0.851,-0.037,-0.061,0.520,696,191,2727,1659,2895,2501,2471,2915,58,1.295,1,2093,0,44.023,0.747,-27.875,-24.125,-24.063,-0.094,-0.066,1.008,-0.086,-0.742,0.023,0.108,0.036,1.087,1.359,2,NULL,NULL,,3,0,2,7,255,986,250,0,0
stim,32053,62174,0,62174,3259489.455,0.851,-0.036,-0.060,0.521,541,169,2759,1468,2909,2489,2503,2925,58,1.295,1,2093,0,43.691,0.694,-27.000,-24.875,-23.688,-0.113,-0.055,1.012,-0.121,-0.684,0.125,0.110,0.036,1.087,1.359,2,NULL,NULL,,3,0,2,7,255,986,250,0,0
stim,32053,62174,0,62174,3259494.453,0.850,-0.034,-0.060,0.522,396,119,2795,1323,2924,2475,2539,2920,58,1.295,1,2093,0,42.141,0.439,-23.563,-26.938,-22.250,-0.113,-0.023,1.023,-0.121,-0.422,0.180,0.112,0.036,1.087,1.359,2,NULL,NULL,,3,0,2,7,255,986,250,0,0
stim,32053,62174,0,62174,3259499.455,0.850,-0.033,-0.059,0.523,296,71,2811,1133,2927,2470,2583,2933,58,1.295,1,2093,0,44.948,0.440,-24.188,-28.188,-25.313,-0.078,0.004,1.023,0.148,-0.414,0.215,0.114,0.036,1.087,1.359,2,NULL,NULL,,3,0,2,7,255,986,250,0,0
stim,32074,62195,0,62195,3259504.454,0.849,-0.031,-0.059,0.524,141,55,2839,947,2940,2457,2600,2928,58,1.295,1,2093,0,42.614,0.698,-20.438,-29.188,-23.375,-0.066,0.000,1.023,0.563,-0.414,0.215,0.118,0.036,1.087,1.359,2,NULL,NULL,,3,0,2,7,255,986,250,0,0
stim,32074,62195,0,62195,3259509.455,0.849,-0.030,-0.058,0.524,79,36,2857,730,2955,2440,2637,2953,58,1.295,1,2093,0,40.289,0.770,-18.188,-31.875,-16.625,-0.031,0.027,1.027,0.582,-0.504,0.211,0.122,0.036,1.087,1.359,2,NULL,NULL,,3,0,2,7,255,986,250,0,0
stim,32074,62195,0,62195,3259514.453,0.849,-0.028,-0.057,0.525,35,23,2863,553,2971,2420,2659,2951,58,1.295,1,2093,0,41.675,1.135,-20.625,-31.875,-17.188,-0.027,0.039,1.012,0.965,-0.598,0.207,0.126,0.034,1.087,1.359,2,NULL,NULL,,3,0,2,7,255,986,250,0,0
stim,32074,62195,0,62195,3259519.455,0.849,-0.027,-0.056,0.525,3,10,2879,411,2975,2403,2681,2955,58,1.295,1,2093,1,39.278,1.233,-13.000,-34.938,-12.375,-0.039,0.059,1.016,1.078,-0.598,0.086,0.132,0.034,1.087,1.359,2,NULL,NULL,,3,0,2,7,255,986,250,0,0
stim,32074,62195,0,62195,3259524.454,0.849,-0.026,-0.054,0.525,0,0,2892,285,2985,2375,2705,2956,58,1.295,1,2093,1,39.108,1.138,-4.875,-37.875,-8.438,-0.094,0.031,1.059,1.078,-0.363,0.086,0.136,0.034,1.087,1.359,2,NULL,NULL,,3,0,2,7,255,986,250,0,0
stim,32074,62195,0,62195,3259529.455,0.849,-0.025,-0.053,0.526,0,0,2905,220,2995,2359,2730,2959,58,1.295,1,2093,1,43.100,0.746,7.813,-42.313,-2.500,-0.223,-0.043,1.172,0.746,0.004,0.563,0.138,0.036,1.087,1.359,2,NULL,NULL,,3,0,2,7,255,986,250,0,0
stim,32120,62241,0,62241,3259534.453,0.849,-0.025,-0.051,0.526,0,0,2923,199,3003,2331,2749,2970,58,1.295,1,2093,1,51.329,0.797,14.563,-49.125,-3.063,-0.305,-0.125,1.316,-0.359,0.711,1.871,0.136,0.040,1.087,1.359,2,NULL,NULL,,3,0,2,7,255,986,250,0,0
stim,32120,62241,0,62241,3259539.455,0.849,-0.024,-0.048,0.526,0,0,2939,165,3013,2309,2767,2979,58,1.295,1,2093,1,63.024,1.674,29.000,-55.875,-3.000,-0.379,-0.168,1.539,-1.348,0.992,3.387,0.130,0.046,1.087,1.359,2,NULL,NULL,,3,0,2,7,255,986,250,0,0
stim,32120,62241,0,62241,3259544.454,0.849,-0.023,-0.046,0.526,0,0,2939,142,3023,2279,2791,2983,58,1.295,1,2093,0,64.492,1.674,-7.500,-63.938,3.875,-0.184,0.027,1.531,-1.348,0.992,5.277,0.124,0.052,1.087,1.359,3,NULL,NULL,,3,0,2,7,255,986,250,0,0
stim,32120,62241,0,62241,3259549.455,0.849,-0.019,-0.045,0.526,0,0,2956,136,3037,2248,2812,2981,58,1.295,1,2093,0,86.654,0.813,-62.375,-59.250,-10.375,-0.035,0.039,1.191,0.602,0.547,5.277,0.122,0.056,1.087,1.359,3,NULL,NULL,,3,0,2,7,255,986,250,0,0
stim,32120,62241,0,62241,3259554.453,0.850,-0.016,-0.043,0.525,0,0,2969,76,3047,2219,2835,2983,58,1.295,1,2093,0,82.177,0.846,-45.938,-66.063,16.688,-0.020,0.020,0.953,0.773,-0.344,1.801,0.122,0.060,1.087,1.359,3,NULL,NULL,,3,0,2,7,255,986,250,0,0
stim,32120,62241,0,62241,3259559.455,0.851,-0.014,-0.041,0.524,0,0,2969,24,3049,2169,2847,2997,58,1.295,1,2093,0,84.511,0.846,-5.438,-73.313,41.688,-0.160,0.059,1.035,0.773,-0.344,0.402,0.122,0.064,1.087,1.359,3,NULL,NULL,,3,0,2,7,255,986,250,0,0
stim,32120,62241,0,62241,3259564.454,0.852,-0.013,-0.038,0.522,0,0,2971,9,3061,2101,2869,2987,58,1.295,1,2093,0,83.933,1.188,5.375,-77.688,31.313,-0.309,0.020,1.199,0.555,1.051,0.402,0.118,0.072,1.087,1.359,3,NULL,NULL,,3,0,2,7,255,986,250,0,0
stim,32120,62241,0,62241,3259569.455,0.852,-0.011,-0.035,0.522,0,0,2979,0,3055,2035,2877,2983,58,1.295,1,2093,0,83.641,1.599,0.063,-82.625,13.000,-0.281,-0.066,1.309,-0.359,1.559,2.125,0.114,0.082,1.087,1.359,3,NULL,NULL,,3,0,2,7,255,986,250,0,0
stim,32141,62262,0,62262,3259574.454,0.853,-0.009,-0.032,0.521,0,0,2983,0,3065,1964,2907,2983,58,1.295,1,2093,0,87.854,1.815,-11.125,-86.688,8.938,-0.215,-0.117,1.305,-0.930,1.559,3.125,0.110,0.090,1.087,1.359,3,NULL,NULL,,3,0,2,7,255,986,250,0,0
stim,32141,62262,0,62262,3259579.455,0.853,-0.006,-0.029,0.521,0,0,2985,0,3081,1853,2915,2983,58,1.295,1,2093,0,93.608,1.249,-20.375,-90.875,9.438,-0.172,-0.109,1.230,-0.945,0.816,3.125,0.106,0.100,1.087,1.359,3,NULL,NULL,,3,0,2,7,255,986,250,0,0
stim,32141,62262,0,62262,3259584.454,0.853,-0.003,-0.026,0.520,0,0,2988,0,3079,1767,2925,2981,58,1.295,1,2093,0,98.164,1.234,-23.125,-94.750,11.125,-0.160,-0.066,1.168,-0.945,0.793,2.359,0.100,0.110,1.087,1.359,3,NULL,NULL,,3,0,2,7,255,986,250,0,0
stim,32141,62262,0,62262,3259589.455,0.854,-0.000,-0.023,0.520,0,0,2985,0,3089,1643,2936,2975,58,1.295,1,2093,0,102.451,0.988,-16.750,-100.000,14.688,-0.176,-0.039,1.141,-0.590,0.793,1.703,0.094,0.120,1.087,1.359,3,NULL,NULL,,3,0,2,7,255,986,250,0,0
stim,32169,62290,0,62290,3259594.453,0.854,0.002,-0.020,0.519,0,0,2985,0,3097,1517,2955,2983,58,1.295,1,2093,0,106.674,1.305,-6.250,-105.375,15.375,-0.188,-0.039,1.141,-0.566,1.176,1.422,0.086,0.132,1.087,1.359,3,NULL,NULL,,3,0,2,7,255,986,250,0,0
stim,32169,62290,0,62290,3259599.455,0.855,0.005,-0.016,0.519,0,0,2985,0,3101,1344,2963,2972,58,1.295,1,2093,0,110.366,1.379,-1.375,-109.750,11.563,-0.199,-0.105,1.172,-0.566,1.258,1.422,0.076,0.144,1.087,1.359,3,NULL,NULL,,3,0,2,7,255,986,250,0,0
stim,32169,62290,0,62290,3259604.454,0.855,0.007,-0.012,0.518,0,0,2975,0,3092,1189,2969,2967,58,1.295,1,2093,0,114.344,1.741,-2.063,-114.000,8.625,-0.168,-0.176,1.180,-1.203,1.258,1.738,0.066,0.156,1.087,1.359,3,NULL,NULL,,3,0,2,7,255,986,250,0,0
stim,32169,62290,0,62290,3259609.455,0.856,0.010,-0.008,0.518,0,0,2959,0,3103,1004,2986,2958,58,1.295,1,2093,0,119.406,1.882,-5.000,-118.938,9.313,-0.164,-0.203,1.148,-1.719,0.766,1.738,0.056,0.170,1.087,1.359,3,NULL,NULL,,3,0,2,7,255,986,250,0,0
stim,32169,62290,0,62290,3259614.453,0.856,0.013,-0.003,0.517,0,0,2953,0,3107,779,2989,2952,58,1.295,1,2093,0,124.462,1.964,-1.313,-124.125,9.063,-0.168,-0.172,1.148,-1.809,0.766,1.543,0.046,0.182,1.087,1.359,3,NULL,NULL,,3,0,2,7,255,986,250,0,0
stim,32169,62290,0,62290,3259619.455,0.856,0.016,0.001,0.516,0,0,2939,0,3103,632,2991,2936,58,1.295,1,2093,0,131.105,2.059,2.938,-130.875,7.188,-0.211,-0.102,1.152,-1.809,0.984,1.512,0.036,0.196,1.087,1.359,3,NULL,NULL,,3,0,2,7,255,986,250,0,0
stim,32220,62341,0,62341,3259624.454,0.856,0.018,0.007,0.516,0,0,2919,0,3118,485,2999,2919,58,1.295,1,2093,0,136.898,2.172,8.625,-136.625,-0.625,-0.172,-0.086,1.156,-1.445,1.621,1.508,0.028,0.210,1.087,1.359,3,NULL,NULL,,3,0,2,7,255,986,250,0,0
stim,32220,62341,0,62341,3259629.455,0.856,0.021,0.012,0.516,0,0,2903,0,3115,329,3001,2914,58,1.295,1,2093,0,143.737,2.030,9.063,-143.438,-2.000,-0.105,-0.102,1.191,-1.223,1.621,1.508,0.026,0.224,1.087,1.359,3,NULL,NULL,,3,0,2,7,255,986,250,0,0
stim,32220,62341,0,62341,3259634.453,0.856,0.024,0.018,0.515,0,0,2884,0,3114,141,3015,2888,58,1.295,1,2093,0,150.876,1.625,9.688,-150.438,6.188,-0.082,-0.070,1.207,-1.102,1.195,1.832,0.030,0.238,1.087,1.359,3,NULL,NULL,,3,0,2,7,255,986,250,0,0
stim,32220,62341,0,62341,3259639.455,0.857,0.027,0.024,0.515,0,0,2855,0,3123,75,3028,2871,58,1.295,1,2093,0,157.224,1.437,10.063,-156.438,12.063,-0.098,0.004,1.188,-0.797,1.195,1.832,0.042,0.254,1.087,1.359,3,NULL,NULL,,3,0,2,7,255,986,250,0,0
stim,32220,62341,0,62341,3259644.454,0.857,0.030,0.030,0.514,0,0,2828,0,3128,12,3030,2841,58,1.295,1,2093,0,164.640,1.827,18.563,-163.438,7.063,-0.129,0.074,1.184,-0.352,1.793,1.730,0.058,0.274,1.087,1.359,3,NULL,NULL,,3,0,2,7,255,986,250,0,0
stim,32220,62341,0,62341,3259649.455,0.857,0.033,0.037,0.513,0,0,2777,0,3119,0,3027,2809,58,1.295,1,2093,0,174.056,2.485,26.688,-171.938,4.563,-0.098,0.148,1.305,0.043,2.484,1.730,0.080,0.296,1.087,1.359,3,NULL,NULL,,3,0,2,7,255,986,250,0,0
stim,32220,62341,0,62341,3259654.453,0.857,0.035,0.044,0.512,0,0,2743,0,3125,0,3035,2764,58,1.295,1,2093,0,182.382,2.916,24.750,-180.375,10.750,-0.043,0.195,1.488,0.711,2.828,2.738,0.108,0.326,1.087,1.359,3,NULL,NULL,,3,0,2,7,255,986,250,0,0
stim,32220,62341,0,62341,3259659.455,0.857,0.039,0.051,0.511,0,0,2684,0,3123,0,3035,2729,58,1.295,1,2093,0,189.035,3.098,15.000,-187.688,16.813,-0.117,0.215,1.621,0.910,2.961,4.543,0.142,0.364,1.087,1.359,3,NULL,NULL,,3,0,2,7,255,986,250,0,0
stim,32239,62360,0,62360,3259664.453,0.857,0.043,0.059,0.510,0,0,2603,0,3116,0,3037,2679,58,1.295,1,2093,0,197.547,4.152,-0.438,-196.625,19.063,-0.203,0.188,1.824,0.910,4.051,5.684,0.186,0.408,1.087,1.359,3,NULL,NULL,,3,0,2,7,255,986,250,0,0
stim,32239,62360,0,62360,3259669.455,0.857,0.048,0.066,0.508,0,0,2529,0,3117,0,3043,2629,58,1.295,1,2093,0,213.029,5.192,-9.500,-211.000,27.750,-0.277,0.168,2.035,0.059,5.191,7.480,0.238,0.460,1.087,1.359,3,NULL,NULL,,3,0,2,7,255,986,250,0,0
stim,32239,62360,0,62360,3259674.454,0.858,0.054,0.074,0.506,0,0,2447,0,3111,0,3035,2553,58,1.295,1,2093,0,234.116,6.333,-20.375,-229.750,40.125,-0.375,0.313,2.133,-0.105,6.332,9.332,0.298,0.520,1.087,1.359,3,NULL,NULL,,3,0,2,7,255,986,250,0,0
stim,32239,62360,1,62360,3259679.455,0.858,0.062,0.082,0.504,0,0,2343,0,3095,0,3033,2468,58,1.295,1,2093,0,259.070,8.376,-45.938,-251.063,44.438,-0.473,0.523,2.133,-0.105,8.375,9.414,0.364,0.584,1.087,1.359,3,NULL,NULL,,3,1,2,7,255,986,250,0,0
stim,32239,62360,1,62360,3259684.453,0.858,0.070,0.091,0.501,0,0,2215,0,3087,0,3019,2393,58,1.295,1,2093,0,282.335,10.667,-61.875,-272.625,39.500,-0.484,0.633,2.148,1.105,10.609,9.414,0.434,0.654,1.087,1.359,3,NULL,NULL,,3,1,2,7,255,986,250,0,0
stim,32239,62360,1,62360,3259689.455,0.857,0.080,0.100,0.499,0,0,2077,0,3055,0,2991,2284,58,1.295,1,2093,0,306.449,11.799,-84.438,-292.625,33.938,-0.465,0.609,2.105,1.617,11.688,9.223,0.512,0.732,1.087,1.359,3,NULL,NULL,,3,1,2,7,255,986,250,0,0
stim,32261,62382,1,62382,3259694.454,0.856,0.091,0.109,0.497,0,0,1949,0,3035,25,2965,2181,58,1.295,1,2093,0,332.785,11.927,-104.625,-313.938,35.250,-0.418,0.578,2.105,1.617,11.816,8.578,0.596,0.818,1.087,1.359,3,NULL,NULL,,3,1,2,7,255,986,250,0,0
stim,32261,62382,1,62382,3259699.455,0.855,0.103,0.119,0.494,0,0,1810,0,3018,42,2936,2077,58,1.295,1,2093,0,356.880,11.909,-120.063,-334.063,36.750,-0.430,0.520,2.086,1.449,11.820,8.402,0.690,0.914,1.087,1.359,3,NULL,NULL,,3,1,2,7,255,986,250,0,0
stim,32261,62382,1,62382,3259704.453,0.854,0.115,0.129,0.491,0,0,1681,0,2986,46,2901,1963,58,1.295,1,2093,0,373.696,12.182,-117.938,-353.000,33.625,-0.527,0.543,2.156,0.797,12.156,7.867,0.792,1.018,1.087,1.359,3,NULL,NULL,,3,1,2,7,255,986,250,0,0
stim,32261,62382,1,62382,3259709.455,0.852,0.127,0.141,0.489,0,0,1607,0,2953,51,2853,1849,58,1.295,1,2093,0,388.039,13.817,-108.938,-371.688,23.563,-0.641,0.652,2.398,0.367,13.813,7.867,0.898,1.130,1.087,1.359,3,NULL,NULL,,3,1,2,7,255,986,250,0,0
stim,32287,62408,1,62408,3259714.454,0.849,0.139,0.153,0.487,0,0,1483,0,2903,47,2783,1721,58,1.295,1,2093,0,400.797,16.680,-97.500,-388.750,2.313,-0.691,0.766,2.828,0.367,16.676,8.988,1.006,1.240,1.087,1.359,3,NULL,NULL,,3,1,2,7,255,986,250,0,0
stim,32287,62408,1,62408,3259719.455,0.845,0.153,0.165,0.485,0,0,1395,0,2841,28,2687,1575,58,1.295,1,2093,0,429.119,19.906,-130.438,-408.688,-10.188,-0.684,0.703,3.063,0.367,19.902,11.945,1.108,1.348,1.087,1.359,3,NULL,NULL,,3,1,2,7,255,986,250,0,0
stim,32323,62444,1,62444,3259724.454,0.841,0.167,0.177,0.483,0,0,1266,0,2770,6,2553,1435,58,1.295,1,2093,0,455.656,21.343,-162.063,-425.625,-14.188,-0.730,0.531,3.078,-0.363,21.340,12.652,1.202,1.448,1.087,1.359,3,NULL,NULL,,3,1,2,7,255,986,250,0,0
stim,32323,62444,1,62444,3259729.455,0.836,0.183,0.190,0.481,0,0,1087,0,2671,0,2376,1301,58,1.295,1,2093,0,476.448,21.951,-177.438,-441.688,-20.750,-0.867,0.488,3.016,-2.207,21.840,12.652,1.288,1.540,1.087,1.359,3,NULL,NULL,,3,1,2,7,255,986,250,0,0
stim,32323,62444,1,62444,3259734.454,0.830,0.199,0.203,0.480,0,0,949,0,2539,0,2137,1156,58,1.295,1,2093,0,491.040,23.377,-186.938,-451.500,-48.188,-0.828,0.375,2.988,-3.203,23.156,10.621,1.370,1.626,1.087,1.359,3,NULL,NULL,,3,1,2,7,255,986,250,0,0
stim,32323,62444,1,62444,3259739.455,0.823,0.215,0.216,0.480,0,0,763,0,2393,0,1831,974,58,1.295,1,2093,0,504.893,23.497,-193.250,-461.000,-71.063,-0.602,0.082,2.855,-3.984,23.156,9.758,1.450,1.710,1.087,1.359,3,NULL,NULL,,3,1,2,7,255,986,250,0,0
stim,32323,62444,1,62444,3259744.453,0.815,0.232,0.229,0.478,0,0,591,0,2173,0,1486,862,58,1.295,1,2093,0,521.064,21.176,-199.813,-479.438,-41.500,-0.453,-0.461,2.516,-5.383,20.480,9.418,1.538,1.802,1.087,1.359,3,NULL,NULL,,3,1,2,7,255,986,250,0,0
stim,32323,62444,1,62444,3259749.455,0.808,0.249,0.243,0.475,0,0,395,0,1925,0,1016,749,58,1.295,1,2093,0,530.697,18.201,-190.750,-495.125,-10.250,-0.238,-0.547,2.055,-8.441,16.125,7.652,1.634,1.902,1.087,1.359,3,NULL,NULL,,3,1,2,7,255,986,250,0,0
stim,32323,62444,1,62444,3259754.453,0.801,0.266,0.257,0.470,0,0,232,0,1619,0,454,616,58,1.295,1,2093,0,528.979,14.928,-159.250,-504.438,-0.750,-0.148,-0.477,1.477,-8.441,12.313,4.926,1.738,2.008,1.087,1.359,3,NULL,NULL,,3,1,2,7,255,986,250,0,0
stim,32323,62444,1,62444,3259759.455,0.795,0.279,0.273,0.465,0,0,143,0,1264,0,120,485,58,1.295,1,2093,0,514.451,12.923,-74.688,-509.000,-0.500,-0.164,-0.078,1.492,-6.840,10.965,0.613,1.840,2.114,1.087,1.359,3,NULL,NULL,,3,1,2,7,255,986,250,0,0
stim,32323,62444,1,62444,3259764.454,0.790,0.290,0.290,0.457,0,0,84,0,853,0,0,403,58,1.295,1,2093,0,504.936,11.539,-5.625,-503.813,33.188,-0.332,0.281,2.023,-3.594,10.965,0.320,1.938,2.214,1.087,1.359,3,NULL,NULL,,3,1,2,7,255,986,250,0,0
stim,32323,62444,1,62444,3259769.455,0.785,0.302,0.305,0.447,0,0,26,0,313,0,0,324,58,1.295,1,2093,0,522.772,17.770,-23.688,-512.375,101.000,-0.852,0.266,2.473,-3.594,17.402,-0.680,2.026,2.302,1.087,1.359,3,NULL,NULL,,3,1,2,7,255,986,250,0,0
stim,32323,62444,1,62444,3259774.454,0.781,0.318,0.318,0.434,0,0,19,0,0,0,0,249,58,1.295,1,2093,0,563.426,24.333,-94.875,-525.188,180.625,-1.285,0.449,2.297,-5.617,23.676,-1.480,2.098,2.376,1.087,1.359,3,NULL,NULL,,3,1,2,7,255,986,250,0,0
stim,32323,62444,1,62444,3259779.455,0.775,0.335,0.330,0.423,0,0,7,0,0,0,0,168,58,1.295,1,2093,0,567.699,24.333,-153.188,-519.000,171.625,-1.496,0.695,1.824,-5.617,23.676,-7.344,2.162,2.442,1.087,1.359,4,NULL,NULL,,3,1,2,7,255,986,250,0,0
stim,32357,62478,1,62478,3259784.454,0.766,0.352,0.341,0.415,0,0,3,0,0,0,0,99,58,1.295,1,2093,0,524.710,23.808,-211.563,-472.875,83.375,-0.855,1.398,1.313,-3.914,23.484,-13.387,2.220,2.502,1.087,1.359,0,NULL,NULL,,3,1,2,7,255,986,250,0,0
stim,32357,62478,1,62478,3259789.455,0.757,0.370,0.348,0.412,0,0,2,0,0,0,0,117,58,1.295,1,2093,0,487.985,20.127,-288.750,-391.125,42.125,-0.547,1.645,0.883,5.891,19.246,-13.789,2.276,2.562,1.087,1.359,0,NULL,NULL,,3,1,2,7,255,986,250,0,0
stim,32357,62478,1,62478,3259794.453,0.747,0.390,0.348,0.411,0,0,13,0,0,0,0,139,58,1.295,1,2093,0,509.352,18.315,-414.500,-287.688,69.750,-0.285,1.539,0.180,10.277,15.160,-14.805,2.328,2.618,1.087,1.359,0,NULL,NULL,,3,1,2,7,255,986,250,0,0
stim,32357,62478,1,62478,3259799.455,0.740,0.405,0.347,0.411,0,0,12,0,0,0,0,143,58,1.295,1,2093,0,379.357,12.686,-327.125,-185.625,49.438,-0.270,0.711,-0.363,10.277,7.438,-15.813,2.372,2.664,1.087,1.359,0,NULL,NULL,,3,1,2,7,255,986,250,0,0
stim,32357,62478,1,62478,3259804.454,0.737,0.410,0.348,0.409,0,0,10,0,0,0,0,139,58,1.295,1,2093,0,142.082,6.057,-101.313,-95.563,28.125,-0.617,-0.371,0.180,5.578,2.359,-15.813,2.412,2.704,1.087,1.359,0,NULL,NULL,,3,1,2,7,255,986,250,0,0
stim,32357,62478,1,62478,3259809.455,0.736,0.411,0.348,0.410,0,0,5,0,0,0,0,153,58,1.295,1,2093,0,33.730,6.593,-24.563,-22.375,-5.813,-1.008,-0.688,1.395,-6.156,2.359,-13.016,2.448,2.744,1.087,1.359,0,NULL,NULL,,3,1,2,7,255,986,250,0,0
stim,32386,62507,1,62507,3259814.453,0.733,0.414,0.345,0.415,0,0,0,0,0,0,0,111,58,1.295,1,2093,0,166.217,16.042,-142.375,63.250,-57.938,-0.949,-0.332,1.504,-8.898,13.348,-10.598,2.486,2.784,1.087,1.359,0,NULL,NULL,,3,1,2,7,255,986,250,0,0
stim,32386,62507,1,62507,3259819.455,0.730,0.418,0.337,0.423,0,0,0,0,0,0,0,81,58,1.295,1,2093,0,277.142,16.042,-231.813,139.375,-60.375,-0.617,0.398,0.496,-8.898,13.348,-10.598,2.524,2.824,1.087,1.359,0,NULL,NULL,,3,1,2,7,255,986,250,0,0
stim,32386,62507,1,62507,3259824.454,0.729,0.419,0.329,0.430,0,0,0,0,0,0,0,68,58,1.295,1,2093,0,259.574,7.420,-173.063,191.750,-25.688,-0.531,1.035,-0.219,0.383,7.410,-14.227,2.556,2.858,1.087,1.359,0,NULL,NULL,,3,1,2,7,255,986,250,0,0
stim,32386,62507,1,62507,3259829.455,0.731,0.416,0.321,0.435,0,0,0,0,0,0,0,56,58,1.295,1,2093,0,224.826,7.862,-49.813,219.125,-7.063,-0.742,1.000,0.035,5.738,5.375,-18.535,2.578,2.884,1.087,1.359,0,NULL,NULL,,3,1,2,7,255,986,250,0,0
stim,32420,62541,1,62541,3259834.453,0.734,0.412,0.314,0.440,0,0,0,0,0,0,0,53,58,1.295,1,2093,0,241.033,7.862,-12.188,239.500,-24.250,-0.863,0.582,0.695,5.738,5.375,-18.535,2.594,2.902,1.087,1.359,0,NULL,NULL,,3,1,2,7,255,986,250,0,0
stim,32420,62541,1,62541,3259839.455,0.735,0.408,0.305,0.447,0,0,0,0,0,0,0,52,58,1.295,1,2093,0,265.146,9.721,-61.875,255.000,-38.063,-0.668,0.105,0.785,1.117,9.656,-15.633,2.604,2.914,1.087,1.359,0,NULL,NULL,,3,1,2,7,255,986,250,0,0
stim,32420,62541,1,62541,3259844.453,0.736,0.406,0.295,0.454,0,0,0,0,0,0,0,55,58,1.295,1,2093,0,285.288,9.684,-107.188,263.875,-16.438,-0.492,0.168,0.367,-0.730,9.656,-12.527,2.614,2.926,1.087,1.359,0,NULL,NULL,,3,1,2,7,255,986,250,0,0
stim,32420,62541,1,62541,3259849.455,0.738,0.404,0.285,0.460,0,0,0,0,0,0,0,75,58,1.295,1,2093,0,282.699,5.572,-95.250,266.000,9.500,-0.461,0.398,-0.109,-0.730,5.523,-12.527,2.622,2.938,1.087,1.359,0,NULL,NULL,,3,1,2,7,255,986,250,0,0
stim,32420,62541,1,62541,3259854.454,0.740,0.400,0.275,0.465,0,0,0,0,0,0,0,79,58,1.295,1,2093,0,269.638,2.504,-42.813,265.313,21.938,-0.492,0.441,-0.230,1.605,1.922,-15.281,2.634,2.950,1.087,1.359,0,NULL,NULL,,3,1,2,7,255,986,250,0,0
stim,32420,62541,1,62541,3259859.455,0.744,0.395,0.266,0.469,0,0,0,0,0,0,0,77,58,1.295,1,2093,0,267.128,2.540,-4.313,266.063,23.438,-0.469,0.414,-0.102,1.660,1.922,-15.293,2.648,2.966,1.087,1.359,0,NULL,NULL,,3,1,2,7,255,986,250,0,0
stim,32420,62541,1,62541,3259864.453,0.747,0.389,0.257,0.473,0,0,0,0,0,0,0,75,58,1.295,1,2093,0,270.050,2.771,9.938,268.500,27.125,-0.348,0.324,-0.012,1.660,2.219,-15.293,2.666,2.988,1.087,1.359,0,NULL,NULL,,3,1,2,7,255,986,250,0,0
stim,32420,62541,1,62541,3259869.455,0.752,0.383,0.248,0.476,0,0,0,0,0,0,0,71,58,1.295,1,2093,0,275.418,2.699,20.563,270.875,45.375,-0.301,0.316,0.008,1.484,2.254,-13.574,2.690,3.012,1.087,1.359,0,NULL,NULL,,3,1,2,7,255,986,250,0,0
stim,32441,62562,1,62562,3259874.454,0.756,0.377,0.239,0.478,0,0,0,0,0,0,0,63,58,1.295,1,2093,0,281.475,2.735,37.125,272.125,61.625,-0.332,0.348,0.047,1.484,2.297,-13.105,2.716,3.042,1.087,1.359,0,NULL,NULL,,3,1,2,7,255,986,250,0,0
stim,32441,62562,1,62562,3259879.455,0.761,0.370,0.230,0.480,0,0,0,0,0,0,0,61,58,1.295,1,2093,0,286.318,3.239,57.875,272.500,66.125,-0.363,0.316,0.172,1.484,2.879,-13.043,2.750,3.078,1.087,1.359,0,NULL,NULL,,3,1,2,7,255,986,250,0,0
stim,32441,62562,1,62562,3259884.453,0.766,0.362,0.221,0.482,0,0,0,0,0,0,0,57,58,1.295,1,2093,0,290.890,4.190,69.750,274.688,65.563,-0.355,0.301,0.359,1.223,4.008,-12.422,2.786,3.116,1.087,1.359,0,NULL,NULL,,3,1,2,7,255,986,250,0,0
stim,32441,62562,1,62562,3259889.455,0.771,0.355,0.213,0.484,0,0,0,0,0,0,0,56,58,1.295,1,2093,0,295.176,5.566,66.750,280.188,64.563,-0.305,0.324,0.488,1.223,5.430,-11.070,2.826,3.158,1.087,1.359,0,NULL,NULL,,3,1,2,7,255,986,250,0,0
stim,32465,62586,1,62586,3259894.454,0.776,0.347,0.203,0.486,0,0,0,0,0,0,0,55,58,1.295,1,2093,0,301.914,6.400,62.813,287.938,65.563,-0.270,0.305,0.535,1.648,6.184,-9.863,2.868,3.202,1.087,1.359,0,NULL,NULL,,3,1,2,7,255,986,250,0,0
stim,32465,62586,1,62586,3259899.455,0.781,0.339,0.194,0.488,0,0,0,0,0,0,0,50,58,1.295,1,2093,0,311.894,6.452,65.250,297.500,67.188,-0.301,0.277,0.594,1.648,6.238,-9.141,2.912,3.248,1.087,1.359,0,NULL,NULL,,3,1,2,7,255,986,250,0,0
stim,32465,62586,1,62586,3259904.453,0.785,0.331,0.184,0.490,0,0,0,0,0,0,0,39,58,1.295,1,2093,0,321.763,6.889,65.500,308.688,62.875,-0.359,0.281,0.691,1.359,6.754,-8.672,2.954,3.292,1.087,1.359,0,NULL,NULL,,3,1,2,7,255,986,250,0,0
stim,32465,62586,1,62586,3259909.455,0.790,0.322,0.173,0.493,0,0,0,0,0,0,0,43,58,1.295,1,2093,0,330.360,7.883,61.625,320.500,51.188,-0.387,0.285,0.766,1.215,7.789,-8.207,2.994,3.336,1.087,1.359,0,NULL,NULL,,3,1,2,7,255,986,250,0,0
stim,32465,62586,1,62586,3259914.454,0.793,0.313,0.163,0.496,0,0,0,0,0,0,0,45,58,1.295,1,2093,0,337.963,8.532,57.313,330.688,39.750,-0.383,0.254,0.820,1.211,8.445,-7.629,3.034,3.376,1.087,1.359,0,NULL,NULL,,3,1,2,7,255,986,250,0,0
stim,32465,62586,1,62586,3259919.455,0.797,0.304,0.152,0.499,0,0,0,0,0,0,0,47,58,1.295,1,2093,0,345.009,8.666,52.375,339.500,32.063,-0.387,0.238,0.863,1.059,8.602,-6.871,3.070,3.416,1.087,1.359,0,NULL,NULL,,3,1,2,7,255,986,250,0,0
stim,32520,62641,1,62641,3259924.454,0.800,0.295,0.140,0.503,0,0,0,0,0,0,0,51,58,1.295,1,2093,0,351.079,8.661,46.438,347.188,23.688,-0.391,0.227,0.848,1.012,8.602,-6.313,3.104,3.452,1.087,1.359,0,NULL,NULL,,3,1,2,7,255,986,250,0,0
stim,32520,62641,0,62641,3259929.455,0.803,0.285,0.129,0.507,0,0,0,0,0,0,0,45,58,1.295,1,2093,0,357.061,8.598,45.313,353.938,12.938,-0.363,0.184,0.777,0.969,8.543,-6.152,3.138,3.488,1.087,1.359,0,NULL,NULL,,3,0,2,7,255,982,250,0,0
stim,32520,62641,0,62641,3259934.453,0.805,0.275,0.118,0.512,0,0,0,0,0,0,0,51,58,1.295,1,2093,0,363.370,7.712,51.500,359.688,3.250,-0.305,0.133,0.703,0.750,7.676,-6.152,3.170,3.522,1.087,1.359,0,NULL,NULL,,3,0,2,7,255,982,250,0,0
stim,32520,62641,0,62641,3259939.455,0.807,0.265,0.106,0.516,0,0,0,0,0,0,0,51,58,1.295,1,2093,0,369.572,6.586,63.500,364.063,-3.125,-0.242,0.102,0.648,0.551,6.563,-6.105,3.200,3.554,1.087,1.359,0,NULL,NULL,,3,0,2,7,255,982,250,0,0
stim,32520,62641,0,62641,3259944.454,0.810,0.254,0.096,0.521,0,0,0,0,0,0,0,53,58,1.295,1,2093,0,375.069,5.594,80.438,366.313,-4.625,-0.188,0.098,0.617,0.551,5.566,-5.953,3.230,3.586,1.087,1.359,0,NULL,NULL,,3,0,2,7,255,982,250,0,0
stim,32520,62641,0,62641,3259949.455,0.812,0.242,0.085,0.525,0,0,0,0,0,0,0,51,58,1.295,1,2093,0,379.316,4.910,103.188,365.000,-2.875,-0.164,0.129,0.652,0.781,4.848,-5.785,3.258,3.616,1.087,1.359,0,NULL,NULL,,3,0,2,7,255,982,250,0,0
stim,32520,62641,0,62641,3259954.453,0.814,0.229,0.075,0.528,0,0,0,0,0,0,0,56,58,1.295,1,2093,0,382.259,5.005,125.125,361.188,-3.000,-0.137,0.160,0.762,1.246,4.848,-5.355,3.286,3.646,1.087,1.359,0,NULL,NULL,,3,0,2,7,255,982,250,0,0
stim,32520,62641,0,62641,3259959.455,0.816,0.216,0.066,0.532,0,0,0,0,0,0,0,52,58,1.295,1,2093,0,383.772,5.117,140.813,357.000,-1.938,-0.078,0.148,0.859,1.824,4.781,-4.270,3.314,3.674,1.087,1.359,0,NULL,NULL,,3,0,2,7,255,982,250,0,0
stim,32545,62666,0,62666,3259964.454,0.818,0.202,0.057,0.535,0,0,0,0,0,0,0,49,58,1.295,1,2093,0,384.260,5.153,153.625,352.188,4.375,-0.039,0.145,0.938,2.133,4.691,-3.016,3.340,3.702,1.087,1.359,0,NULL,NULL,,3,0,2,7,255,982,250,0,0
stim,32545,62666,0,62666,3259969.455,0.821,0.188,0.049,0.538,0,0,0,0,0,0,0,47,58,1.295,1,2093,0,386.372,5.132,167.125,348.188,10.875,-0.035,0.180,1.020,2.410,4.531,-2.043,3.364,3.728,1.087,1.359,0,NULL,NULL,,3,0,2,7,255,982,250,0,0
stim,32545,62666,0,62666,3259974.454,0.823,0.173,0.040,0.540,0,0,0,0,0,0,0,47,58,1.295,1,2093,0,389.229,5.354,181.188,344.125,15.750,-0.055,0.195,1.152,2.852,4.531,-1.242,3.390,3.754,1.087,1.359,0,NULL,NULL,,3,0,2,7,255,982,250,0,0
stim,32545,62666,0,62666,3259979.455,0.825,0.158,0.033,0.542,0,0,0,0,0,0,0,50,58,1.295,1,2093,0,390.541,5.780,191.500,339.813,19.438,-0.074,0.199,1.328,3.074,4.895,0.023,3.414,3.782,1.087,1.359,0,NULL,NULL,,3,0,2,7,255,982,250,0,0
stim,32545,62666,0,62666,3259984.454,0.827,0.143,0.025,0.543,0,0,0,0,0,0,0,46,58,1.295,1,2093,0,388.830,6.109,192.313,337.375,19.563,-0.074,0.188,1.453,3.270,5.160,1.781,3.442,3.808,1.087,1.359,0,NULL,NULL,,3,0,2,7,255,982,250,0,0
stim,32545,62666,0,62666,3259989.455,0.828,0.129,0.017,0.545,0,0,0,0,0,0,0,51,58,1.295,1,2093,0,386.684,6.109,191.938,335.125,19.375,-0.070,0.164,1.520,3.270,5.160,3.137,3.468,3.836,1.087,1.359,0,NULL,NULL,,3,0,2,7,255,982,250,0,0
stim,32547,62668,0,62668,3259994.453,0.830,0.114,0.010,0.546,0,0,0,0,0,0,0,55,58,1.295,1,2093,0,384.813,5.721,192.375,332.625,20.813,-0.070,0.156,1.629,3.195,4.746,4.000,3.494,3.864,1.087,1.359,0,NULL,NULL,,3,0,2,7,255,982,250,0,0
stim,32547,62668,0,62668,3259999.455,0.831,0.099,0.002,0.547,0,0,0,0,0,0,0,51,58,1.295,1,2093,0,382.071,5.500,191.125,329.938,24.313,-0.086,0.184,1.746,3.195,4.477,5.223,3.516,3.888,1.087,1.359,0,NULL,NULL,,3,0,2,7,255,982,250,0,0
stim,32568,62689,0,62689,3260004.454,0.832,0.084,-0.005,0.548,0,0,0,0,0,0,0,51,58,1.295,1,2093,0,376.643,5.627,184.563,327.500,23.250,-0.098,0.207,1.863,3.480,4.422,6.441,3.538,3.910,1.087,1.359,0,NULL,NULL,,3,0,2,7,255,982,250,0,0
stim,32568,62689,0,62689,3260009.455,0.833,0.070,-0.013,0.549,0,0,0,0,0,0,0,52,58,1.295,1,2093,0,368.816,5.496,174.813,324.000,22.125,-0.102,0.172,1.934,3.480,4.254,7.668,3.554,3.928,1.087,1.359,0,NULL,NULL,,3,0,2,7,255,982,250,0,0
stim,32568,62689,0,62689,3260014.453,0.834,0.056,-0.021,0.549,0,0,0,0,0,0,0,55,58,1.295,1,2093,0,360.407,5.054,164.875,319.688,22.563,-0.098,0.141,1.973,3.469,3.676,8.547,3.568,3.942,1.087,1.359,0,NULL,NULL,,3,0,2,7,255,982,250,0,0
stim,32568,62689,0,62689,3260019.455,0.834,0.043,-0.028,0.550,0,0,0,0,0,0,0,53,58,1.295,1,2093,0,352.788,4.338,157.063,315.063,22.938,-0.082,0.125,1.965,3.195,2.934,9.090,3.574,3.950,1.087,1.359,0,NULL,NULL,,3,0,2,7,255,982,250,0,0
stim,32591,62712,0,62712,3260024.454,0.834,0.029,-0.036,0.550,0,0,0,0,0,0,0,51,58,1.295,1,2093,0,348.354,3.740,156.313,310.563,21.625,-0.059,0.094,1.949,3.059,2.152,9.090,3.574,3.950,1.087,1.359,0,NULL,NULL,,3,0,2,7,255,982,250,0,0
stim,32591,62712,0,62712,3260029.455,0.834,0.016,-0.043,0.550,0,0,0,0,0,0,0,51,58,1.295,1,2093,0,348.607,3.072,164.250,307.000,17.313,-0.031,0.008,1.973,2.820,1.219,9.125,3.564,3.942,1.087,1.359,0,NULL,NULL,,3,0,2,7,255,982,250,0,0
stim,32622,62743,0,62743,3260034.453,0.833,0.002,-0.050,0.550,0,0,0,0,0,0,0,51,58,1.295,1,2093,0,350.203,2.130,172.250,304.563,14.625,0.012,-0.121,1.996,2.129,0.055,9.391,3.540,3.920,1.087,1.359,0,NULL,NULL,,3,0,2,7,255,982,250,0,0
stim,32622,62743,0,62743,3260039.455,0.833,-0.012,-0.056,0.551,0,0,0,0,0,0,0,55,58,1.295,1,2093,0,353.578,1.771,178.500,304.875,14.375,0.055,-0.188,1.965,1.086,-1.398,9.391,3.506,3.886,1.087,1.359,0,NULL,NULL,,3,0,2,7,255,982,250,0,0
stim,32622,62743,0,62743,3260044.453,0.832,-0.026,-0.063,0.551,0,0,0,0,0,0,0,57,58,1.295,1,2093,0,362.928,2.673,194.125,306.500,9.500,0.090,-0.234,1.953,0.563,-2.613,9.383,3.456,3.838,1.087,1.359,0,NULL,NULL,,3,0,2,7,255,982,250,0,0
stim,32622,62743,0,62743,3260049.455,0.830,-0.041,-0.068,0.551,0,0,0,0,0,0,0,59,58,1.295,1,2093,0,376.553,3.675,218.813,306.438,3.063,0.172,-0.289,2.020,0.160,-3.672,9.383,3.394,3.778,1.087,1.359,0,NULL,NULL,,3,0,2,7,255,982,250,0,0
stim,32622,62743,0,62743,3260054.454,0.829,-0.057,-0.074,0.552,0,0,0,0,0,0,0,56,58,1.295,1,2093,0,389.235,5.326,239.438,306.875,-1.250,0.301,-0.332,2.117,-0.125,-5.324,9.574,3.318,3.702,1.087,1.359,0,NULL,NULL,,3,0,2,7,255,982,250,0,0
stim,32622,62743,0,62743,3260059.455,0.826,-0.074,-0.079,0.553,0,0,0,0,0,0,0,59,58,1.295,1,2093,0,405.410,7.423,264.063,307.375,-12.188,0.469,-0.328,2.313,-0.125,-7.422,10.086,3.230,3.614,1.087,1.359,0,NULL,NULL,,3,0,2,7,255,982,250,0,0
stim,32622,62743,0,62743,3260064.453,0.824,-0.091,-0.083,0.553,0,0,0,0,0,0,0,61,58,1.295,1,2093,0,414.567,9.912,278.750,306.438,-16.125,0.727,-0.266,2.523,0.430,-9.902,11.359,3.130,3.514,1.087,1.359,0,NULL,NULL,,3,0,2,7,255,982,250,0,0
stim,32622,62743,0,62743,3260069.455,0.821,-0.108,-0.087,0.554,0,0,0,0,0,0,0,59,58,1.295,1,2093,0,415.219,13.239,280.063,306.188,-14.875,0.875,-0.305,2.652,1.672,-13.133,12.426,3.022,3.404,1.087,1.359,0,NULL,NULL,,3,0,2,7,255,982,250,0,0
stim,32646,62767,0,62767,3260074.454,0.817,-0.126,-0.092,0.555,0,0,0,0,0,0,0,61,58,1.295,1,2093,0,413.181,15.759,278.438,304.688,-18.875,1.039,-0.293,2.789,1.766,-15.660,12.840,2.904,3.286,1.087,1.359,0,NULL,NULL,,3,0,2,7,255,982,250,0,0
stim,32646,62767,0,62767,3260079.455,0.814,-0.142,-0.096,0.555,0,0,0,0,0,0,0,61,58,1.295,1,2093,0,403.665,18.341,267.125,302.438,-11.000,1.191,-0.258,2.797,2.078,-18.223,12.840,2.778,3.160,1.087,1.359,0,NULL,NULL,,3,0,2,7,255,982,250,0,0
stim,32646,62767,0,62767,3260084.453,0.811,-0.159,-0.100,0.555,0,0,0,0,0,0,0,68,58,1.295,1,2093,0,401.482,20.290,268.563,298.000,-16.063,1.246,-0.301,2.895,2.078,-20.184,12.191,2.642,3.022,1.087,1.359,0,NULL,NULL,,3,0,2,7,255,982,250,0,0
stim,32646,62767,0,62767,3260089.455,0.807,-0.175,-0.105,0.555,0,0,0,0,0,0,0,61,58,1.295,1,2093,0,385.744,22.005,251.375,292.125,-16.500,1.301,-0.184,2.961,2.590,-21.852,12.172,2.498,2.874,1.087,1.359,0,NULL,NULL,,3,0,2,7,255,982,250,0,0
stim,32646,62767,0,62767,3260094.454,0.803,-0.190,-0.109,0.555,0,0,0,0,0,0,0,61,58,1.295,1,2093,0,368.308,23.066,232.625,284.063,-29.063,1.359,-0.074,3.109,2.965,-22.875,12.191,2.346,2.718,1.087,1.359,0,NULL,NULL,,3,0,2,7,255,982,250,0,0
stim,32646,62767,0,62767,3260099.455,0.798,-0.203,-0.114,0.555,0,0,0,0,0,0,0,58,58,1.295,1,2093,0,338.205,24.605,193.438,274.313,-41.438,1.586,0.098,3.117,3.859,-24.301,12.051,2.186,2.556,1.087,1.359,0,NULL,NULL,,3,0,2,7,255,982,250,0,0
stim,32673,62794,0,62794,3260104.453,0.794,-0.214,-0.120,0.556,0,0,0,0,0,0,0,75,58,1.295,1,2093,0,308.836,27.009,153.250,263.188,-51.250,1.879,0.066,3.086,5.977,-26.340,11.430,2.024,2.386,1.087,1.359,0,NULL,NULL,,3,0,2,7,255,982,250,0,0
stim,32673,62794,0,62794,3260109.455,0.791,-0.223,-0.127,0.556,0,0,0,0,0,0,0,93,58,1.295,1,2093,0,269.257,29.835,96.688,248.125,-39.813,2.121,-0.090,2.770,5.977,-29.230,9.176,1.854,2.210,1.087,1.359,0,NULL,NULL,,3,0,2,7,255,982,250,0,0
stim,32673,62794,0,62794,3260114.454,0.788,-0.231,-0.134,0.555,0,0,0,0,0,0,0,113,58,1.295,1,2093,0,242.291,31.162,59.938,232.688,-31.125,2.328,-0.250,2.367,5.906,-30.598,4.430,1.680,2.028,1.087,1.359,0,NULL,NULL,,3,0,2,7,255,982,250,0,0
stim,32673,62794,0,62794,3260119.455,0.786,-0.237,-0.140,0.554,0,0,0,0,0,0,0,139,58,1.295,1,2093,0,216.696,31.038,42.375,212.000,-14.750,2.438,-0.398,1.938,5.211,-30.598,-0.910,1.500,1.838,1.087,1.359,0,NULL,NULL,,3,0,2,7,255,982,250,0,0
stim,32673,62794,0,62794,3260124.454,0.784,-0.243,-0.146,0.553,0,0,0,0,0,0,0,167,58,1.295,1,2093,0,203.866,30.719,55.563,195.750,-12.500,2.543,-0.098,1.590,5.211,-30.273,-5.910,1.316,1.642,1.087,1.359,0,NULL,NULL,,3,0,2,7,255,982,250,0,0
stim,32673,62794,0,62794,3260129.455,0.781,-0.249,-0.151,0.553,0,0,0,0,0,0,0,171,58,1.295,1,2093,0,179.282,30.580,57.563,165.625,-37.375,2.730,-0.840,1.648,4.320,-30.273,-9.238,1.132,1.442,1.087,1.359,0,NULL,NULL,,3,0,2,7,255,982,250,0,0
stim,32720,62841,0,62841,3260134.454,0.779,-0.254,-0.155,0.552,0,0,0,0,0,0,0,184,58,1.295,1,2093,0,156.046,32.334,41.688,149.750,-13.688,3.207,-1.008,1.273,1.273,-32.309,-11.602,0.952,1.240,1.087,1.359,0,NULL,NULL,,3,0,2,7,255,982,250,0,0
stim,32720,62841,0,62841,3260139.455,0.778,-0.260,-0.157,0.550,0,0,0,0,0,0,0,199,58,1.295,1,2093,0,161.641,33.700,77.875,138.938,27.563,3.422,-1.098,0.836,1.273,-33.676,-17.836,0.788,1.044,1.087,1.359,0,NULL,NULL,,3,0,2,7,255,982,250,0,0
stim,32720,62841,0,62841,3260144.453,0.777,-0.268,-0.157,0.547,0,0,0,0,0,0,0,213,58,1.295,1,2093,0,186.307,33.700,135.125,102.813,76.688,3.336,-1.242,0.824,1.273,-33.676,-23.148,0.648,0.856,1.087,1.359,0,NULL,NULL,,3,0,2,7,255,982,250,0,0
stim,32720,62841,0,62841,3260149.455,0.777,-0.276,-0.154,0.545,0,0,0,0,0,0,0,211,58,1.295,1,2093,0,214.141,33.676,177.750,80.250,88.438,3.223,-1.605,1.027,-0.160,-33.676,-23.148,0.538,0.666,1.087,1.359,0,NULL,NULL,,3,0,2,7,255,982,250,0,0
stim,32720,62841,0,62841,3260154.454,0.776,-0.285,-0.151,0.542,0,0,0,0,0,0,0,189,58,1.295,1,2093,0,224.966,34.512,196.250,53.438,96.125,3.027,-1.684,1.363,-3.738,-34.309,-22.516,0.488,0.482,1.087,1.359,0,NULL,NULL,,3,0,2,7,255,982,250,0,0
stim,32720,62841,0,62841,3260159.455,0.776,-0.293,-0.145,0.540,0,0,0,0,0,0,0,189,58,1.295,1,2093,0,230.114,35.237,205.500,25.188,100.438,2.895,-1.570,1.625,-4.676,-34.926,-19.438,0.504,0.344,1.087,1.359,0,NULL,NULL,,3,0,2,7,255,982,250,0,0
stim,32720,62841,0,62841,3260164.453,0.776,-0.301,-0.139,0.537,0,0,0,0,0,0,0,181,58,1.295,1,2093,0,236.766,35.449,206.625,-3.125,115.563,2.699,-1.488,2.168,-5.008,-35.094,-16.773,0.546,0.288,1.087,1.359,0,NULL,NULL,,3,0,2,7,255,982,250,0,0
stim,32720,62841,0,62841,3260169.455,0.776,-0.307,-0.133,0.535,0,0,0,0,0,0,0,179,58,1.295,1,2093,0,198.803,35.404,163.813,-32.625,107.813,2.195,-1.121,2.613,-4.676,-35.094,-11.594,0.576,0.304,1.087,1.359,0,NULL,NULL,,3,0,2,7,255,982,250,0,0
stim,32741,62862,0,62862,3260174.454,0.777,-0.309,-0.128,0.534,0,0,0,0,0,0,0,183,58,1.295,1,2093,0,132.786,34.911,96.625,-61.563,67.125,1.859,-0.668,2.852,-4.082,-34.672,-4.578,0.586,0.352,1.087,1.359,0,NULL,NULL,,3,0,2,7,255,982,250,0,0
stim,32741,62862,0,62862,3260179.455,0.778,-0.308,-0.124,0.534,0,0,0,0,0,0,0,245,58,1.295,1,2093,0,93.851,32.473,14.813,-86.188,34.063,1.809,-0.316,2.961,-1.680,-32.430,0.453,0.596,0.402,1.087,1.359,0,NULL,NULL,,3,0,2,7,255,982,250,0,0
stim,32741,62862,0,62862,3260184.453,0.781,-0.307,-0.116,0.532,23,0,0,329,0,0,0,378,58,1.295,1,2093,0,185.140,31.783,50.125,-144.375,104.500,0.691,-0.820,4.004,-1.680,-31.738,2.871,0.618,0.442,1.087,1.359,0,NULL,NULL,,3,0,2,7,255,982,250,0,0
stim,32741,62862,0,62862,3260189.455,0.789,-0.309,-0.098,0.521,529,0,0,1005,0,61,0,431,58,1.295,1,2093,0,528.918,31.756,173.063,-250.063,432.750,-0.059,1.520,6.863,1.051,-31.738,15.320,0.652,0.478,1.087,1.359,0,NULL,NULL,,3,0,2,7,255,982,250,0,0
stim,32767,62888,0,62888,3260194.453,0.807,-0.284,-0.105,0.507,1041,0,0,1453,0,303,0,553,58,1.295,1,2093,0,782.701,30.895,-685.313,-119.625,358.688,-1.289,2.145,4.477,3.578,-30.688,39.141,0.674,0.510,1.087,1.359,0,NULL,NULL,,3,0,2,7,255,982,250,0,0
stim,32767,62888,0,62888,3260199.455,0.825,-0.247,-0.119,0.495,1499,0,0,1749,0,549,0,599,58,1.295,1,2093,0,1032.902,11.528,-994.500,-137.250,242.938,-1.289,2.789,0.043,8.598,-7.680,39.141,0.668,0.528,1.087,1.359,0,NULL,NULL,,3,0,2,7,255,982,250,0,0
stim,32767,62888,0,62888,3260204.454,0.836,-0.223,-0.127,0.486,1809,0,0,1913,0,717,0,633,58,1.295,1,2094,0,676.260,22.097,-641.375,-114.813,181.063,-1.793,1.984,-2.059,8.598,20.355,3.313,0.634,0.536,1.087,1.359,1,1117.000,135.000,,3,0,2,7,255,982,250,0,0
stim,32767,62888,0,62888,3260209.455,0.839,-0.213,-0.127,0.484,2019,0,0,1975,0,924,0,735,58,1.295,1,2094,0,247.269,23.594,-210.938,-119.125,49.563,-1.453,0.691,-1.855,7.602,22.336,-15.598,0.596,0.534,1.087,1.359,1,NULL,NULL,,3,0,2,7,255,982,250,0,0
stim,32767,62888,0,62888,3260214.453,0.840,-0.213,-0.120,0.485,2217,0,0,2151,0,1113,0,805,58,1.295,1,2094,0,154.713,22.342,82.250,-130.750,8.688,-0.289,0.098,0.699,-0.516,22.336,-15.598,0.560,0.514,1.087,1.359,1,NULL,NULL,,3,0,2,7,255,982,250,0,0
stim,32767,62888,0,62888,3260219.455,0.842,-0.211,-0.115,0.482,2475,0,0,2405,0,1241,0,857,58,1.295,1,2094,0,149.282,0.825,6.000,-117.313,92.125,0.266,1.090,1.797,-0.516,-0.645,-2.371,0.530,0.464,1.087,1.359,1,NULL,NULL,,3,0,2,7,255,982,250,0,0
stim,32817,62938,0,62938,3260224.454,0.849,-0.204,-0.111,0.474,2637,0,0,2585,0,1279,0,909,58,1.295,1,2094,0,314.905,0.928,-163.500,-149.375,223.875,-0.902,0.609,1.438,0.668,-0.645,7.168,0.510,0.388,1.087,1.359,2,NULL,NULL,,3,0,2,7,255,982,250,0,0
stim,32817,62938,0,62938,3260229.455,0.857,-0.189,-0.110,0.466,2733,0,0,2701,0,1324,0,1011,58,1.295,1,2094,0,433.653,3.433,-335.250,-181.500,206.688,-2.109,-0.848,0.496,0.668,3.367,7.168,0.500,0.310,1.087,1.359,2,NULL,NULL,,3,0,2,7,255,982,250,0,0
stim,32817,62938,0,62938,3260234.453,0.860,-0.175,-0.108,0.466,2809,0,0,2782,0,1365,0,1125,58,1.295,1,2094,0,334.184,20.370,-270.625,-196.063,-0.875,-2.137,-1.012,-0.676,-18.066,9.410,0.543,0.496,0.246,1.087,1.359,2,NULL,NULL,,3,0,2,7,255,982,250,0,0
stim,32817,62938,0,62938,3260239.455,0.859,-0.167,-0.102,0.473,2877,0,0,2873,0,1405,0,1257,58,1.295,1,2094,0,260.065,20.370,-63.750,-206.000,-145.375,-0.922,-0.574,-0.207,-18.066,9.410,-9.598,0.488,0.206,1.087,1.359,2,NULL,NULL,,3,0,2,7,255,982,250,0,0
stim,32817,62938,0,62938,3260244.454,0.856,-0.164,-0.095,0.481,2923,0,0,2924,0,1481,0,1358,58,1.295,1,2094,0,270.550,10.882,47.438,-205.313,-169.688,0.176,-0.457,1.355,-9.742,4.848,-9.598,0.480,0.188,1.087,1.359,2,NULL,NULL,,3,0,2,7,255,982,250,0,0
stim,32817,62938,0,62938,3260249.455,0.855,-0.159,-0.089,0.486,2963,0,0,2975,0,1571,0,1447,58,1.295,1,2094,0,213.388,8.762,-19.188,-187.125,-100.750,0.844,-0.418,2.133,-2.602,-8.367,1.313,0.484,0.178,1.087,1.359,2,NULL,NULL,,3,0,2,7,255,982,250,0,0
stim,32840,62961,0,62961,3260254.453,0.857,-0.150,-0.085,0.486,2988,0,0,3027,0,1675,0,1499,58,1.295,1,2094,0,219.039,15.877,-126.375,-178.875,-3.375,1.059,-0.629,1.895,0.426,-15.871,3.813,0.502,0.164,1.087,1.359,2,NULL,NULL,,3,0,2,7,255,982,250,0,0
stim,32840,62961,0,62961,3260259.455,0.860,-0.141,-0.082,0.483,3015,0,0,3052,0,1811,0,1545,58,1.295,1,2094,0,253.683,15.877,-179.313,-158.938,83.313,0.816,-1.113,1.227,0.426,-15.871,3.813,0.530,0.150,1.087,1.359,2,NULL,NULL,,3,0,2,7,255,982,250,0,0
stim,32840,62961,0,62961,3260264.454,0.865,-0.132,-0.079,0.478,3031,0,0,3087,0,1914,0,1576,58,1.295,1,2094,0,248.313,16.438,-151.688,-143.563,134.313,0.258,-1.313,0.758,-4.871,-15.699,-2.047,0.556,0.138,1.087,1.359,2,NULL,NULL,,3,0,2,7,255,982,250,0,0
stim,32840,62961,0,62961,3260269.455,0.869,-0.126,-0.075,0.473,3034,0,0,3095,0,2025,33,1643,58,1.295,1,2094,0,221.844,13.418,-95.750,-140.438,142.563,-0.285,-0.785,0.598,-7.844,-10.887,-4.387,0.576,0.122,1.087,1.359,2,NULL,NULL,,3,0,2,7,255,982,250,0,0
stim,32840,62961,0,62961,3260274.454,0.872,-0.122,-0.070,0.470,3039,0,0,3111,0,2139,47,1752,58,1.295,1,2094,0,185.869,8.596,-42.688,-144.563,108.750,-0.500,0.031,0.773,-7.844,-3.516,-4.387,0.586,0.106,1.087,1.359,2,NULL,NULL,,3,0,2,7,255,982,250,0,0
stim,32840,62961,0,62961,3260279.455,0.874,-0.119,-0.065,0.468,3045,0,0,3119,0,2261,114,1891,58,1.295,1,2094,0,160.657,3.057,-30.625,-144.500,63.188,-0.461,0.406,1.164,-2.285,2.031,-1.313,0.596,0.090,1.087,1.359,2,NULL,NULL,,3,0,2,7,255,982,250,0,0
stim,32840,62961,0,62961,3260284.453,0.875,-0.114,-0.060,0.467,3053,0,0,3127,62,2318,263,2030,58,1.295,1,2094,0,142.626,2.282,-46.000,-134.000,16.438,-0.223,0.348,1.836,1.039,2.031,2.691,0.606,0.074,1.087,1.359,2,NULL,NULL,,3,0,2,7,255,982,250,0,0
stim,32840,62961,0,62961,3260289.455,0.874,-0.110,-0.059,0.470,3064,0,0,3131,355,2373,179,2137,58,1.295,1,2094,0,115.521,2.128,-59.688,-70.000,-69.875,0.305,0.238,2.031,1.984,-0.770,8.504,0.616,0.058,1.087,1.359,2,NULL,NULL,,3,0,2,7,255,982,250,0,0
stim,32868,62989,0,62989,3260294.454,0.873,-0.106,-0.059,0.473,3063,0,0,3151,603,2409,159,2213,58,1.295,1,2094,0,125.091,7.004,-93.500,-52.625,-64.313,0.828,0.629,1.102,4.016,-5.738,8.504,0.624,0.042,1.087,1.359,2,NULL,NULL,,3,0,2,7,255,982,250,0,0
stim,32868,62989,0,62989,3260299.455,0.873,-0.103,-0.058,0.474,3057,0,0,3148,803,2439,184,2279,58,1.295,1,2094,0,63.343,11.387,-32.250,-46.438,-28.563,0.734,0.766,1.066,9.836,-5.738,-0.336,0.630,0.030,1.087,1.359,2,NULL,NULL,,3,0,2,7,255,982,250,0,0
stim,32868,62989,0,62989,3260304.453,0.873,-0.101,-0.059,0.473,3051,0,0,3157,999,2461,225,2331,58,1.295,1,2094,0,56.686,10.973,-52.875,-19.813,5.000,0.035,-0.211,1.613,9.836,-4.863,-0.336,0.636,0.020,1.087,1.359,2,NULL,NULL,,3,0,2,7,255,982,250,0,0
stim,32868,62989,0,62989,3260309.455,0.873,-0.095,-0.061,0.474,3063,28,0,3162,1118,2467,243,2363,58,1.295,1,2094,0,141.764,4.323,-139.375,-15.938,-20.438,-0.473,-0.461,1.270,-1.090,-4.184,2.926,0.644,0.010,1.087,1.359,2,NULL,NULL,,3,0,2,7,255,982,250,0,0
stim,32868,62989,0,62989,3260314.454,0.872,-0.090,-0.063,0.477,3055,40,0,3148,1235,2479,229,2411,58,1.295,1,2094,0,144.362,1.829,-112.813,-12.625,-89.188,-0.344,0.039,0.590,-1.289,-1.297,2.926,0.000,0.000,1.087,1.359,2,NULL,NULL,,3,0,2,7,255,982,250,0,0
stim,32868,62989,0,62989,3260319.455,0.869,-0.089,-0.064,0.482,3061,42,0,3161,1338,2501,229,2427,58,1.295,1,2094,0,130.459,1.829,-24.438,-10.875,-127.688,0.109,0.164,0.695,-1.289,-1.297,-3.254,0.000,0.000,1.087,1.359,2,NULL,NULL,,3,0,2,7,255,982,250,0,0
stim,32891,63012,0,63012,3260324.454,0.868,-0.088,-0.064,0.485,3060,96,0,3171,1484,2514,231,2455,58,1.295,1,2094,0,83.084,2.047,-3.938,-9.563,-82.438,0.340,-0.094,1.148,1.445,-1.449,-3.254,0.000,0.000,1.087,1.359,2,NULL,NULL,,3,0,2,7,255,982,250,0,0
stim,32891,63012,0,63012,3260329.455,0.868,-0.086,-0.064,0.486,3062,108,0,3159,1565,2515,227,2471,58,1.295,1,2094,0,59.348,4.622,-55.250,-6.250,-20.750,0.043,-0.313,1.250,1.445,-4.391,0.484,0.000,0.000,1.087,1.359,2,NULL,NULL,,3,0,2,7,255,982,250,0,0
stim,32922,63043,0,63043,3260334.454,0.868,-0.082,-0.066,0.486,3061,133,0,3161,1630,2530,246,2495,58,1.295,1,2094,0,86.385,4.746,-84.813,-4.375,-15.813,-0.301,-0.176,0.883,-1.801,-4.391,0.484,0.000,0.000,1.087,1.359,2,NULL,NULL,,3,0,2,7,255,982,250,0,0
stim,32922,63043,0,63043,3260339.455,0.867,-0.080,-0.067,0.488,3081,151,0,3169,1723,2523,239,2515,58,1.295,1,2094,0,77.394,1.807,-53.125,-5.625,-56.000,-0.285,0.008,0.688,-1.801,-0.145,-0.836,0.000,0.000,1.087,1.359,2,NULL,NULL,,3,0,2,7,255,982,250,0,0
stim,32922,63043,0,63043,3260344.453,0.865,-0.079,-0.068,0.491,3087,165,45,3176,1789,2540,218,2530,58,1.295,1,2094,0,77.222,1.014,-14.438,-5.125,-75.688,0.043,-0.109,0.875,-1.004,-0.145,-1.527,0.000,0.000,1.087,1.359,2,NULL,NULL,,3,0,2,7,255,982,250,0,0
stim,32922,63043,0,63043,3260349.455,0.864,-0.079,-0.068,0.492,3087,184,135,3176,1861,2537,199,2540,58,1.295,1,2094,0,44.443,2.646,-10.375,-3.625,-43.063,0.227,-0.273,1.031,-0.578,-2.582,-1.527,0.000,0.000,1.087,1.359,2,NULL,NULL,,3,0,2,7,255,982,250,0,0
stim,32922,63043,0,63043,3260354.453,0.864,-0.078,-0.068,0.492,3085,188,211,3175,1897,2540,203,2550,58,1.295,1,2094,0,22.914,3.613,-22.375,-3.875,3.063,0.074,-0.215,0.996,-0.578,-3.566,-0.465,0.000,0.000,1.087,1.359,2,NULL,NULL,,3,0,2,7,255,982,250,0,0
stim,32922,63043,0,63043,3260359.455,0.865,-0.077,-0.069,0.492,3093,211,287,3179,1939,2544,181,2575,58,1.295,1,2094,0,23.668,3.648,-19.625,-3.750,12.688,-0.191,-0.043,0.902,-0.770,-3.566,-0.465,0.000,0.000,1.087,1.359,2,NULL,NULL,,3,0,2,7,255,982,250,0,0
stim,32922,63043,0,63043,3260364.454,0.864,-0.077,-0.069,0.492,3089,216,339,3175,1966,2547,143,2581,58,1.295,1,2094,0,11.480,0.843,-3.313,-3.250,-10.500,-0.227,0.035,0.945,-0.770,-0.344,-0.465,0.000,0.000,1.087,1.359,2,NULL,NULL,,3,0,2,7,255,982,250,0,0
stim,32922,63043,0,63043,3260369.455,0.864,-0.076,-0.068,0.493,3094,220,376,3175,1995,2565,133,2584,58,1.295,1,2094,0,23.720,0.434,3.813,-2.750,-23.250,-0.063,-0.020,1.043,-0.266,-0.344,-0.289,0.000,0.000,1.087,1.359,2,NULL,NULL,,3,0,2,7,255,982,250,0,0
stim,32922,63043,0,63043,3260374.454,0.864,-0.076,-0.068,0.493,3093,232,431,3171,2013,2567,123,2587,58,1.218,1,2094,1,9.237,1.530,-1.125,-1.750,-9.000,0.012,-0.035,1.051,0.145,-1.523,0.254,0.000,0.000,1.016,1.352,2,NULL,NULL,,3,0,2,7,255,982,250,0,0
stim,32922,63043,0,63043,3260379.455,0.864,-0.076,-0.068,0.493,3099,229,457,3175,2026,2568,125,2595,58,1.218,1,2094,1,8.177,1.565,-4.500,-1.375,6.688,-0.086,0.020,1.016,0.359,-1.523,0.254,0.008,0.006,1.016,1.352,2,NULL,NULL,,3,0,2,7,255,982,250,0,0
stim,32952,63073,0,63073,3260384.454,0.864,-0.076,-0.068,0.493,3095,228,498,3179,2040,2568,123,2598,58,1.218,1,2094,1,4.627,1.148,-2.500,-1.250,3.688,-0.180,0.047,1.008,0.359,-1.090,0.215,0.016,0.010,1.016,1.352,2,NULL,NULL,,3,0,2,7,255,982,250,0,0
stim,32952,63073,0,63073,3260389.455,0.864,-0.076,-0.068,0.493,3102,223,537,3179,2054,2567,124,2597,58,1.218,1,2094,1,5.735,0.529,0.500,-1.000,-5.625,-0.148,0.031,1.012,0.133,-0.512,0.195,0.022,0.014,1.016,1.352,2,NULL,NULL,,3,0,2,7,255,982,250,0,0
stim,32952,63073,0,63073,3260394.453,0.864,-0.076,-0.068,0.493,3093,223,573,3167,2056,2569,121,2599,58,1.218,1,2094,1,5.764,0.529,2.250,-1.375,-5.125,-0.090,0.016,1.027,0.133,-0.512,0.215,0.030,0.018,1.016,1.352,2,NULL,NULL,,3,0,2,7,255,982,250,0,0
stim,32952,63073,0,63073,3260399.455,0.864,-0.076,-0.068,0.493,3103,215,599,3171,2066,2577,109,2611,58,1.218,1,2094,1,3.753,0.980,2.563,-1.875,2.000,-0.098,0.031,1.031,0.297,-0.934,0.230,0.036,0.022,1.016,1.352,2,NULL,NULL,,3,0,2,7,255,982,250,0,0
stim,32974,63095,0,63095,3260404.453,0.864,-0.076,-0.067,0.493,3095,206,595,3167,2071,2573,106,2605,58,1.218,1,2094,1,5.997,0.980,2.375,-2.438,4.938,-0.152,0.047,1.035,0.297,-0.934,0.289,0.040,0.024,1.016,1.352,2,NULL,NULL,,3,0,2,7,255,982,250,0,0
stim,32974,63095,0,63095,3260409.455,0.864,-0.076,-0.067,0.493,3093,183,598,3161,2075,2567,103,2597,58,1.218,1,2094,1,4.103,0.491,2.438,-3.000,1.375,-0.172,0.047,1.016,0.258,-0.418,0.301,0.044,0.024,1.016,1.352,2,NULL,NULL,,3,0,2,7,255,982,250,0,0
stim,32974,63095,0,63095,3260414.454,0.864,-0.076,-0.067,0.493,3081,180,605,3157,2073,2575,93,2596,58,1.218,1,2094,1,6.705,0.458,5.188,-3.813,-1.875,-0.148,0.043,0.996,0.219,-0.402,0.301,0.046,0.024,1.016,1.352,2,NULL,NULL,,3,0,2,7,255,982,250,0,0
stim,32974,63095,0,63095,3260419.455,0.864,-0.076,-0.066,0.493,3069,181,601,3160,2083,2557,89,2600,58,1.218,1,2094,1,8.454,0.458,6.813,-5.000,0.250,-0.117,0.051,1.016,0.219,-0.402,0.199,0.050,0.022,1.016,1.352,2,NULL,NULL,,3,0,2,7,255,982,250,0,0
stim,32974,63095,0,63095,3260424.454,0.864,-0.076,-0.066,0.493,3069,176,594,3148,2087,2549,91,2605,58,1.218,1,2094,1,8.498,0.583,5.063,-5.438,4.125,-0.141,0.070,1.031,0.422,-0.402,0.199,0.052,0.022,1.016,1.352,2,NULL,NULL,,3,0,2,7,255,982,250,0,0
stim,32974,63095,0,63095,3260429.455,0.864,-0.076,-0.066,0.493,3067,171,591,3140,2086,2544,95,2600,58,1.218,1,2094,1,8.561,0.583,2.875,-6.375,4.938,-0.164,0.066,1.012,0.422,-0.402,0.262,0.054,0.022,1.016,1.352,2,NULL,NULL,,3,0,2,7,255,982,250,0,0
stim,33020,63141,0,63141,3260434.454,0.864,-0.076,-0.065,0.493,3050,151,587,3127,2089,2550,89,2600,58,1.218,1,2094,1,9.276,0.505,5.688,-7.250,1.063,-0.164,0.090,0.992,0.469,-0.188,0.262,0.058,0.022,1.016,1.352,2,NULL,NULL,,3,0,2,7,255,982,250,0,0
stim,33020,63141,0,63141,3260439.455,0.864,-0.076,-0.064,0.493,3045,147,593,3110,2093,2541,103,2602,58,1.218,1,2094,1,13.081,0.534,10.375,-7.813,-1.563,-0.129,0.121,1.016,0.500,-0.188,0.254,0.060,0.022,1.016,1.352,2,NULL,NULL,,3,0,2,7,255,982,250,0,0
stim,33020,63141,0,63141,3260444.453,0.864,-0.077,-0.064,0.493,3031,131,589,3097,2105,2535,107,2607,58,1.218,1,2094,1,11.590,0.945,8.438,-7.938,0.375,-0.113,0.113,1.059,0.918,-0.223,0.254,0.064,0.022,1.016,1.352,2,NULL,NULL,,3,0,2,7,255,982,250,0,0
stim,33020,63141,0,63141,3260449.455,0.864,-0.077,-0.063,0.493,3016,116,595,3091,2107,2535,131,2611,58,1.218,1,2094,1,9.016,0.945,2.813,-8.000,3.063,-0.137,0.117,1.043,0.918,-0.223,0.504,0.066,0.024,1.016,1.352,2,NULL,NULL,,3,0,2,7,255,982,250,0,0
stim,33020,63141,0,63141,3260454.454,0.864,-0.077,-0.063,0.493,2997,115,607,3067,2119,2527,150,2615,58,1.218,1,2094,1,9.042,0.861,1.688,-8.625,2.125,-0.164,0.117,1.000,0.840,-0.188,0.504,0.068,0.024,1.016,1.352,2,NULL,NULL,,3,0,2,7,255,982,250,0,0
stim,33020,63141,0,63141,3260459.455,0.864,-0.077,-0.062,0.493,2983,116,623,3051,2135,2519,157,2617,58,1.218,1,2094,1,10.544,0.745,4.625,-9.375,-1.375,-0.164,0.125,1.004,0.734,0.125,0.188,0.070,0.022,1.016,1.352,2,NULL,NULL,,3,0,2,7,255,982,250,0,0
stim,33020,63141,0,63141,3260464.453,0.864,-0.077,-0.062,0.493,2969,119,645,3039,2149,2517,163,2615,58,1.218,1,2094,1,12.224,0.745,6.063,-10.125,-3.188,-0.137,0.145,1.020,0.734,0.125,0.188,0.072,0.022,1.016,1.352,2,NULL,NULL,,3,0,2,7,255,982,250,0,0
stim,33020,63141,0,63141,3260469.455,0.864,-0.077,-0.061,0.493,2939,117,660,3017,2158,2509,167,2631,58,1.218,1,2094,1,11.847,1.051,4.750,-10.813,-0.938,-0.125,0.168,1.039,1.051,0.000,0.313,0.074,0.020,1.016,1.352,2,NULL,NULL,,3,0,2,7,255,982,250,0,0
stim,33042,63163,0,63163,3260474.454,0.864,-0.077,-0.061,0.493,2919,117,693,3015,2191,2509,221,2632,58,1.218,1,2094,1,11.033,1.281,1.438,-10.938,-0.188,-0.148,0.184,1.047,1.281,0.000,0.496,0.074,0.018,1.016,1.352,2,NULL,NULL,,3,0,2,7,255,982,250,0,0
stim,33042,63163,0,63163,3260479.455,0.864,-0.077,-0.060,0.493,2905,124,719,2997,2219,2507,293,2641,58,1.218,1,2094,1,11.722,1.322,-0.313,-11.375,-2.813,-0.156,0.191,1.023,1.297,0.258,0.496,0.074,0.016,1.016,1.352,2,NULL,NULL,,3,0,2,7,255,982,250,0,0
stim,33042,63163,0,63163,3260484.454,0.864,-0.076,-0.059,0.494,2871,147,765,2971,2245,2502,317,2644,58,1.218,1,2094,1,12.895,1.344,0.375,-11.375,-6.063,-0.145,0.191,1.023,1.305,0.324,0.406,0.076,0.016,1.016,1.352,2,NULL,NULL,,3,0,2,7,255,982,250,0,0
stim,33042,63163,0,63163,3260489.455,0.864,-0.076,-0.059,0.494,2855,155,815,2955,2277,2495,343,2645,58,1.218,1,2094,1,14.034,1.379,-0.875,-10.938,-8.750,-0.133,0.184,1.039,1.340,0.324,0.406,0.076,0.016,1.016,1.352,2,NULL,NULL,,3,0,2,7,255,982,250,0,0
stim,33067,63188,0,63188,3260494.453,0.864,-0.076,-0.059,0.494,2827,163,884,2949,2296,2493,421,2645,58,1.218,1,2094,1,15.781,1.350,-4.188,-10.313,-11.188,-0.129,0.168,1.020,1.340,0.168,0.367,0.076,0.016,1.016,1.352,2,NULL,NULL,,3,0,2,7,255,982,250,0,0
stim,33067,63188,0,63188,3260499.455,0.864,-0.075,-0.058,0.495,2795,171,959,2923,2317,2493,455,2658,58,1.218,1,2094,1,17.903,1.242,-6.000,-9.500,-13.938,-0.129,0.133,0.996,1.238,0.102,0.309,0.078,0.018,1.016,1.352,2,NULL,NULL,,3,0,2,7,255,982,250,0,0
stim,33067,63188,0,63188,3260504.454,0.863,-0.075,-0.058,0.495,2767,183,1029,2915,2347,2485,491,2659,58,1.218,1,2094,1,20.476,0.912,-6.125,-8.938,-17.375,-0.145,0.074,0.973,0.910,-0.051,0.063,0.078,0.020,1.016,1.352,2,NULL,NULL,,3,0,2,7,255,982,250,0,0
stim,33067,63188,0,63188,3260509.455,0.863,-0.075,-0.058,0.496,2739,221,1109,2903,2381,2490,613,2671,58,1.218,1,2094,1,24.491,0.360,-4.688,-8.625,-22.438,-0.148,0.047,0.965,0.328,-0.148,-0.148,0.080,0.024,1.016,1.352,2,NULL,NULL,,3,0,2,7,255,982,250,0,0
stim,33067,63188,0,63188,3260514.453,0.862,-0.074,-0.058,0.497,2709,239,1177,2879,2403,2488,739,2667,58,1.218,1,2094,1,29.602,0.219,-4.063,-8.500,-28.063,-0.148,0.047,0.980,0.090,-0.199,-0.148,0.080,0.028,1.016,1.352,2,NULL,NULL,,3,0,2,7,255,982,250,0,0
stim,33067,63188,0,63188,3260519.455,0.862,-0.074,-0.057,0.499,2682,243,1241,2873,2429,2476,875,2683,58,1.218,1,2094,1,34.406,0.269,-7.375,-8.063,-32.625,-0.133,0.039,1.004,0.090,-0.254,-0.074,0.082,0.034,1.016,1.352,2,NULL,NULL,,3,0,2,7,255,982,250,0,0
stim,33117,63238,0,63238,3260524.454,0.861,-0.073,-0.058,0.500,2632,251,1331,2858,2455,2477,977,2685,58,1.218,1,2094,1,37.735,0.447,-13.438,-8.125,-34.313,-0.125,0.020,1.004,0.090,-0.438,0.094,0.086,0.038,1.016,1.352,2,NULL,NULL,,3,0,2,7,255,982,250,0,0
stim,33117,63238,0,63238,3260529.455,0.860,-0.072,-0.058,0.501,2592,267,1438,2840,2479,2479,1115,2687,58,1.218,1,2094,1,40.986,0.555,-19.000,-7.938,-35.438,-0.137,0.004,1.000,0.000,-0.555,0.094,0.090,0.042,1.016,1.352,2,NULL,NULL,,3,0,2,7,255,982,250,0,0
stim,33117,63238,0,63238,3260534.453,0.860,-0.070,-0.058,0.503,2544,280,1529,2827,2505,2474,1239,2706,58,1.218,1,2094,1,45.284,0.582,-24.563,-8.313,-37.125,-0.145,-0.012,1.000,-0.176,-0.555,0.078,0.094,0.046,1.016,1.352,2,NULL,NULL,,3,0,2,7,255,982,250,0,0
stim,33117,63238,0,63238,3260539.455,0.859,-0.069,-0.058,0.504,2505,313,1661,2805,2533,2473,1339,2725,58,1.218,1,2094,1,49.760,0.603,-30.375,-9.250,-38.313,-0.160,-0.016,1.008,-0.332,-0.504,0.078,0.096,0.050,1.016,1.352,2,NULL,NULL,,3,0,2,7,255,982,250,0,0
stim,33117,63238,0,63238,3260544.454,0.858,-0.067,-0.059,0.505,2461,331,1769,2787,2551,2484,1467,2729,58,1.218,1,2094,1,54.084,0.507,-35.000,-10.250,-39.938,-0.172,0.035,1.000,-0.332,-0.383,0.137,0.098,0.052,1.016,1.352,2,NULL,NULL,,3,0,2,7,255,982,250,0,0
stim,33117,63238,0,63238,3260549.455,0.857,-0.065,-0.059,0.507,2411,355,1854,2775,2583,2475,1559,2735,58,1.218,1,2094,1,58.961,0.105,-36.563,-10.438,-45.063,-0.141,0.063,0.984,0.000,-0.105,0.137,0.102,0.054,1.016,1.352,2,NULL,NULL,,3,0,2,7,255,982,250,0,0
stim,33117,63238,0,63238,3260554.453,0.857,-0.064,-0.060,0.509,2362,392,1963,2759,2620,2487,1675,2741,58,1.218,1,2094,1,58.845,0.304,-35.500,-11.250,-45.563,-0.105,0.027,0.980,0.285,-0.105,-0.051,0.104,0.056,1.016,1.352,2,NULL,NULL,,3,0,2,7,255,982,250,0,0
stim,33117,63238,0,63238,3260559.455,0.856,-0.062,-0.060,0.510,2311,383,2029,2741,2641,2485,1755,2759,58,1.218,1,2094,1,58.060,0.624,-37.500,-11.938,-42.688,-0.090,-0.035,0.996,0.285,-0.555,-0.051,0.106,0.056,1.016,1.352,2,NULL,NULL,,3,0,2,7,255,982,250,0,0
stim,33139,63260,0,63260,3260564.453,0.855,-0.060,-0.061,0.512,2246,390,2125,2723,2664,2479,1831,2767,58,1.218,1,2094,1,59.536,0.955,-42.438,-12.188,-39.938,-0.109,-0.090,1.016,-0.133,-0.945,-0.031,0.108,0.054,1.016,1.352,2,NULL,NULL,,3,0,2,7,255,982,250,0,0
stim,33139,63260,0,63260,3260569.455,0.854,-0.057,-0.061,0.513,2185,411,2201,2693,2684,2485,1928,2781,58,1.218,1,2094,1,67.553,1.153,-53.250,-13.688,-39.250,-0.152,-0.098,1.055,-0.660,-0.945,0.160,0.110,0.054,1.016,1.352,2,NULL,NULL,,3,0,2,7,255,982,250,0,0
stim,33139,63260,0,63260,3260574.454,0.854,-0.054,-0.062,0.514,2125,431,2283,2661,2711,2479,1992,2783,58,1.218,1,2094,1,78.946,0.990,-62.563,-14.625,-45.875,-0.156,-0.020,0.992,-0.660,-0.738,0.160,0.114,0.052,1.016,1.352,2,NULL,NULL,,3,0,2,7,255,982,250,0,0
stim,33139,63260,0,63260,3260579.455,0.853,-0.052,-0.063,0.516,2071,456,2356,2631,2733,2483,2072,2803,58,1.218,1,2094,1,73.278,0.361,-53.250,-15.938,-47.750,-0.098,0.020,0.852,-0.211,-0.293,0.020,0.116,0.050,1.016,1.352,2,NULL,NULL,,3,0,2,7,255,982,250,0,0
stim,33139,63260,0,63260,3260584.453,0.852,-0.050,-0.063,0.518,1977,493,2429,2581,2748,2492,2143,2807,58,1.218,1,2094,1,57.966,0.361,-36.313,-18.438,-41.250,-0.094,-0.051,0.887,-0.211,-0.293,-1.074,0.118,0.046,1.016,1.352,2,NULL,NULL,,3,0,2,7,255,982,250,0,0
stim,33139,63260,0,63260,3260589.455,0.851,-0.048,-0.063,0.519,1912,503,2493,2547,2783,2489,2195,2827,58,1.218,1,2094,1,48.721,0.692,-27.313,-18.938,-35.625,-0.098,-0.113,1.008,-0.219,-0.656,-1.074,0.122,0.042,1.016,1.352,2,NULL,NULL,,3,0,2,7,255,982,250,0,0
stim,33168,63289,0,63289,3260594.454,0.851,-0.046,-0.063,0.520,1823,507,2547,2514,2792,2488,2257,2839,58,1.218,1,2094,1,49.331,0.962,-31.813,-19.938,-32.000,-0.117,-0.094,1.039,-0.539,-0.797,0.094,0.124,0.040,1.016,1.352,2,NULL,NULL,,3,0,2,7,255,982,250,0,0
stim,33168,63289,0,63289,3260599.455,0.850,-0.044,-0.063,0.521,1745,505,2583,2463,2805,2501,2310,2847,58,1.218,1,2094,1,52.692,1.034,-37.625,-20.750,-30.500,-0.102,-0.090,1.023,-0.539,-0.883,0.281,0.128,0.036,1.016,1.352,2,NULL,NULL,,3,0,2,7,255,982,250,0,0
stim,33168,63289,0,63289,3260604.453,0.850,-0.042,-0.063,0.522,1618,505,2621,2395,2815,2493,2346,2859,58,1.218,1,2094,1,52.008,0.903,-38.563,-21.563,-27.438,-0.090,-0.074,0.973,-0.426,-0.797,0.281,0.130,0.034,1.016,1.352,2,NULL,NULL,,3,0,2,7,255,982,250,0,0
stim,33168,63289,0,63289,3260609.455,0.849,-0.040,-0.063,0.523,1493,474,2659,2323,2843,2504,2405,2878,58,1.218,1,2094,1,44.956,0.825,-30.625,-22.250,-24.250,-0.102,-0.055,0.918,-0.254,-0.785,-0.254,0.132,0.032,1.016,1.352,2,NULL,NULL,,3,0,2,7,255,982,250,0,0
stim,33168,63289,0,63289,3260614.454,0.849,-0.039,-0.063,0.524,1307,461,2681,2248,2856,2490,2449,2879,58,1.218,1,2094,1,38.733,0.564,-19.250,-24.625,-22.875,-0.109,-0.059,0.941,-0.219,-0.520,-0.508,0.136,0.030,1.016,1.352,2,NULL,NULL,,3,0,2,7,255,982,250,0,0
stim,33168,63289,0,63289,3260619.455,0.848,-0.038,-0.062,0.524,1183,439,2715,2163,2875,2504,2476,2892,58,1.218,1,2094,1,37.191,0.564,-13.313,-25.625,-23.438,-0.102,-0.082,1.000,-0.219,-0.520,-0.508,0.138,0.030,1.016,1.352,2,NULL,NULL,,3,0,2,7,255,982,250,0,0
stim,33191,63312,0,63312,3260624.454,0.848,-0.036,-0.061,0.525,1060,401,2759,2059,2877,2488,2515,2901,58,1.218,1,2094,1,35.588,0.699,-12.938,-27.125,-19.063,-0.094,-0.066,1.031,-0.219,-0.664,0.039,0.140,0.030,1.016,1.352,2,NULL,NULL,,3,0,2,7,255,982,250,0,0
stim,33191,63312,0,63312,3260629.455,0.848,-0.035,-0.060,0.526,930,355,2787,1940,2903,2495,2552,2917,58,1.218,1,2094,1,34.450,0.674,-13.750,-28.063,-14.500,-0.102,-0.004,1.051,-0.113,-0.664,0.340,0.144,0.030,1.016,1.352,2,NULL,NULL,,3,0,2,7,255,982,250,0,0
stim,33222,63343,0,63343,3260634.454,0.848,-0.034,-0.060,0.526,757,329,2803,1791,2906,2488,2592,2911,58,1.218,1,2094,1,35.704,0.541,-15.063,-29.188,-14.000,-0.105,0.051,1.047,0.418,-0.344,0.457,0.146,0.030,1.016,1.352,2,NULL,NULL,,3,0,2,7,255,982,250,0,0
stim,33222,63343,0,63343,3260639.455,0.847,-0.033,-0.059,0.527,555,291,2837,1583,2927,2477,2628,2924,58,1.218,1,2094,1,37.065,0.836,-12.500,-30.188,-17.500,-0.113,0.078,1.027,0.836,-0.016,0.457,0.150,0.032,1.016,1.352,2,NULL,NULL,,3,0,2,7,255,982,250,0,0
stim,33222,63343,0,63343,3260644.453,0.847,-0.031,-0.058,0.527,411,253,2852,1417,2935,2473,2660,2927,58,1.218,1,2094,1,38.097,0.836,-12.813,-32.563,-15.063,-0.043,-0.059,1.066,0.836,-0.016,0.457,0.156,0.034,1.016,1.352,2,NULL,NULL,,3,0,2,7,255,982,250,0,0
stim,33222,63343,0,63343,3260649.455,0.847,-0.030,-0.057,0.528,270,206,2875,1227,2951,2461,2685,2949,58,1.218,1,2094,1,36.149,0.623,-13.375,-32.750,-7.438,-0.082,-0.023,1.098,0.367,-0.504,0.602,0.158,0.036,1.016,1.352,2,NULL,NULL,,3,0,2,7,255,982,250,0,0
stim,33222,63343,0,63343,3260654.454,0.847,-0.029,-0.056,0.528,161,171,2887,981,2967,2451,2711,2955,58,1.218,1,2094,1,40.033,0.623,-18.313,-33.938,-10.750,-0.121,0.063,1.105,0.367,-0.504,0.953,0.162,0.038,1.016,1.352,2,NULL,NULL,,3,0,2,7,255,982,250,0,0
stim,33222,63343,0,63343,3260659.455,0.847,-0.027,-0.055,0.529,64,109,2900,766,2981,2437,2725,2965,58,1.218,1,2094,1,42.947,0.968,-16.375,-35.063,-18.625,-0.117,0.137,1.102,0.938,0.242,0.965,0.160,0.042,1.016,1.352,2,NULL,NULL,,3,0,2,7,255,982,250,0,0
stim,33222,63343,1,63343,3260664.453,0.846,-0.026,-0.053,0.530,37,61,2915,566,2991,2411,2744,2963,58,1.218,1,2094,1,48.101,1.623,-14.813,-36.438,-27.688,-0.074,0.152,1.063,1.590,0.328,0.965,0.158,0.042,1.016,1.352,2,NULL,NULL,,3,1,2,7,255,982,250,0,0
stim,33222,63343,1,63343,3260669.455,0.846,-0.025,-0.052,0.531,2,33,2931,390,2990,2391,2775,2973,58,1.218,1,2094,1,52.262,1.911,-11.500,-37.875,-34.125,-0.035,0.141,1.059,1.883,0.328,0.555,0.154,0.046,1.016,1.352,2,NULL,NULL,,3,1,2,7,255,982,250,0,0
stim,33222,63343,1,63343,3260674.454,0.845,-0.024,-0.051,0.532,0,0,2933,329,3004,2348,2791,2966,58,1.218,1,2094,1,48.641,1.906,-1.375,-42.250,-24.063,-0.098,0.094,1.125,1.883,0.297,0.555,0.152,0.050,1.016,1.352,2,NULL,NULL,,3,1,2,7,255,982,250,0,0
stim,33222,63343,1,63343,3260679.455,0.845,-0.023,-0.048,0.532,0,0,2943,269,3014,2319,2811,2967,58,1.218,1,2094,0,52.132,1.342,14.625,-48.563,-12.063,-0.273,0.051,1.285,1.309,0.297,1.203,0.152,0.054,1.016,1.352,2,NULL,NULL,,3,1,2,7,255,982,250,0,0
stim,33251,63372,1,63372,3260684.453,0.845,-0.023,-0.046,0.533,0,0,2957,243,3021,2287,2834,2971,58,1.218,1,2094,0,64.433,1.578,23.188,-57.625,-17.125,-0.410,-0.055,1.551,0.270,1.555,2.977,0.152,0.058,1.016,1.352,2,NULL,NULL,,3,1,2,7,255,982,250,0,0
stim,33251,63372,1,63372,3260689.455,0.845,-0.023,-0.043,0.533,0,0,2961,201,3031,2245,2855,2964,58,1.218,1,2094,0,78.230,2.402,34.625,-70.063,-3.500,-0.449,-0.070,1.813,-1.059,2.156,5.746,0.150,0.064,1.016,1.352,2,NULL,NULL,,3,1,2,7,255,982,250,0,0
stim,33251,63372,1,63372,3260694.453,0.845,-0.019,-0.041,0.533,0,0,2972,149,3036,2203,2862,2972,58,1.218,1,2094,0,90.349,2.402,-52.125,-72.563,-13.438,-0.148,-0.012,1.582,-1.059,2.156,5.773,0.148,0.070,1.016,1.352,2,NULL,NULL,,3,1,2,7,255,982,250,0,0
stim,33251,63372,1,63372,3260699.455,0.845,-0.014,-0.041,0.534,0,0,2981,83,3043,2148,2887,2967,58,1.218,1,2094,0,119.827,0.724,-95.438,-70.313,-17.500,-0.082,-0.129,1.059,-0.688,0.227,5.773,0.142,0.076,1.016,1.352,2,NULL,NULL,,3,1,2,7,255,982,250,0,0
stim,33274,63395,1,63395,3260704.454,0.845,-0.010,-0.039,0.533,0,0,2987,37,3048,2074,2899,2971,58,1.218,1,2094,0,97.319,0.700,-53.375,-79.813,15.875,-0.121,-0.090,0.895,-0.664,0.223,0.652,0.138,0.084,1.016,1.352,3,NULL,NULL,,3,1,2,7,255,982,250,0,0
stim,33274,63395,1,63395,3260709.455,0.846,-0.008,-0.036,0.532,0,0,2989,5,3054,1974,2909,2973,58,1.218,1,2094,0,91.432,0.723,-8.750,-87.313,25.688,-0.266,-0.082,0.973,-0.688,0.223,-0.082,0.132,0.090,1.016,1.352,3,NULL,NULL,,3,1,2,7,255,982,250,0,0
stim,33274,63395,1,63395,3260714.453,0.846,-0.006,-0.033,0.532,0,0,2989,0,3061,1875,2919,2971,58,1.218,1,2094,0,92.992,1.950,6.563,-92.500,6.938,-0.316,-0.188,1.137,-1.172,1.559,-0.082,0.126,0.098,1.016,1.352,3,NULL,NULL,,3,1,2,7,255,982,250,0,0
stim,33274,63395,1,63395,3260719.455,0.846,-0.004,-0.030,0.532,0,0,2989,0,3068,1767,2935,2972,58,1.218,1,2094,0,97.373,2.702,0.250,-97.188,-6.000,-0.246,-0.281,1.250,-2.207,1.559,1.586,0.120,0.104,1.016,1.352,3,NULL,NULL,,3,1,2,7,255,982,250,0,0
stim,33274,63395,1,63395,3260724.454,0.847,-0.001,-0.027,0.532,0,0,2983,0,3068,1627,2940,2963,58,1.218,1,2094,0,101.261,2.748,-8.063,-100.938,0.563,-0.211,-0.332,1.203,-2.684,0.590,2.238,0.114,0.114,1.016,1.352,3,NULL,NULL,,3,1,2,7,255,982,250,0,0
stim,33274,63395,1,63395,3260729.455,0.847,0.002,-0.023,0.531,0,0,2975,0,3069,1465,2951,2961,58,1.218,1,2094,0,107.081,2.720,-8.750,-106.688,2.750,-0.203,-0.281,1.113,-2.684,0.445,2.238,0.106,0.122,1.016,1.352,3,NULL,NULL,,3,1,2,7,255,982,250,0,0
stim,33319,63440,1,63440,3260734.453,0.847,0.005,-0.019,0.531,0,0,2965,0,3080,1293,2963,2955,58,1.218,1,2094,0,110.633,2.701,-3.875,-110.563,-0.750,-0.184,-0.199,1.070,-2.664,0.445,1.320,0.100,0.130,1.016,1.352,3,NULL,NULL,,3,1,2,7,255,982,250,0,0
stim,33319,63440,1,63440,3260739.455,0.847,0.007,-0.015,0.531,0,0,2951,0,3083,1097,2969,2948,58,1.218,1,2094,0,117.228,2.122,9.000,-116.750,-5.563,-0.168,-0.211,1.000,-2.035,0.602,0.836,0.090,0.140,1.016,1.352,3,NULL,NULL,,3,1,2,7,255,982,250,0,0
stim,33319,63440,1,63440,3260744.454,0.847,0.009,-0.010,0.531,0,0,2923,0,3083,913,2979,2933,58,1.218,1,2094,0,125.339,2.055,32.125,-121.125,-2.563,-0.164,-0.176,1.070,-1.934,0.695,0.777,0.082,0.148,1.016,1.352,3,NULL,NULL,,3,1,2,7,255,982,250,0,0
stim,33319,63440,1,63440,3260749.455,0.847,0.011,-0.005,0.531,0,0,2915,0,3087,697,2989,2927,58,1.218,1,2094,0,133.274,1.934,35.313,-128.313,-7.125,-0.180,-0.152,1.207,-1.762,0.797,0.777,0.072,0.160,1.016,1.352,3,NULL,NULL,,3,1,2,7,255,982,250,0,0
stim,33319,63440,1,63440,3260754.453,0.847,0.012,0.001,0.531,0,0,2879,0,3081,552,2991,2908,58,1.218,1,2094,0,138.485,1.921,35.313,-133.875,-2.938,-0.078,-0.008,1.277,-1.621,1.031,2.070,0.064,0.172,1.016,1.352,3,NULL,NULL,,3,1,2,7,255,982,250,0,0
stim,33319,63440,1,63440,3260759.455,0.847,0.014,0.007,0.531,0,0,2853,0,3089,393,2990,2901,58,1.218,1,2094,0,142.710,1.172,24.750,-140.438,5.563,-0.145,0.039,1.332,0.012,1.172,2.688,0.054,0.182,1.016,1.352,3,NULL,NULL,,3,1,2,7,255,982,250,0,0
stim,33319,63440,1,63440,3260764.454,0.847,0.017,0.013,0.530,0,0,2827,0,3093,184,2996,2877,58,1.218,1,2094,0,148.196,1.974,19.625,-146.875,2.125,-0.160,0.121,1.277,0.066,1.973,2.688,0.046,0.194,1.016,1.352,3,NULL,NULL,,3,1,2,7,255,982,250,0,0
stim,33319,63440,1,63440,3260769.455,0.847,0.019,0.019,0.530,0,0,2784,0,3089,105,2992,2857,58,1.218,1,2094,0,156.902,2.615,23.938,-155.063,-1.000,-0.133,0.160,1.313,0.594,2.547,2.891,0.038,0.206,1.016,1.352,3,NULL,NULL,,3,1,2,7,255,982,250,0,0
stim,33341,63462,1,63462,3260774.454,0.847,0.022,0.025,0.530,0,0,2734,0,3087,21,3003,2815,58,1.218,1,2094,0,165.411,2.819,25.063,-163.500,-0.750,-0.121,0.207,1.383,0.965,2.648,2.891,0.030,0.218,1.016,1.352,3,NULL,NULL,,3,1,2,7,255,982,250,0,0
stim,33341,63462,1,63462,3260779.455,0.847,0.025,0.032,0.529,0,0,2685,0,3081,0,3007,2793,58,1.218,1,2094,0,173.310,3.212,24.438,-171.563,2.375,-0.133,0.254,1.547,1.316,2.930,3.559,0.026,0.232,1.016,1.352,3,NULL,NULL,,3,1,2,7,255,982,250,0,0
stim,33341,63462,1,63462,3260784.453,0.848,0.028,0.039,0.529,0,0,2631,0,3079,0,3003,2749,58,1.218,1,2094,0,183.643,3.874,14.500,-182.750,10.813,-0.164,0.293,1.703,1.559,3.547,5.090,0.030,0.248,1.016,1.352,3,NULL,NULL,,3,1,2,7,255,982,250,0,0
stim,33341,63462,1,63462,3260789.455,0.848,0.033,0.046,0.527,0,0,2555,0,3077,0,3013,2713,58,1.218,1,2094,0,194.287,4.633,-9.125,-193.375,16.438,-0.156,0.371,1.777,1.633,4.336,6.551,0.040,0.268,1.016,1.352,3,NULL,NULL,,3,1,2,7,255,982,250,0,0
stim,33368,63489,1,63489,3260794.454,0.848,0.039,0.053,0.526,0,0,2482,0,3069,0,2999,2651,58,1.218,1,2094,0,204.658,5.323,-26.188,-202.188,17.875,-0.238,0.395,1.855,1.969,4.945,7.184,0.056,0.290,1.016,1.352,3,NULL,NULL,,3,1,2,7,255,982,250,0,0
stim,33368,63489,1,63489,3260799.455,0.848,0.045,0.060,0.525,0,0,2385,0,3053,0,2998,2591,58,1.218,1,2094,0,221.706,6.495,-27.813,-218.125,28.313,-0.270,0.441,2.012,2.070,6.156,7.750,0.080,0.318,1.016,1.352,3,NULL,NULL,,3,1,2,7,255,982,250,0,0
stim,33368,63489,1,63489,3260804.453,0.848,0.052,0.068,0.522,0,0,2293,0,3045,0,2988,2521,58,1.218,1,2094,0,242.957,7.495,-36.063,-236.375,43.063,-0.324,0.520,2.102,2.070,7.203,9.086,0.112,0.354,1.016,1.352,3,NULL,NULL,,3,1,2,7,255,982,250,0,0
stim,33368,63489,1,63489,3260809.455,0.849,0.060,0.076,0.520,0,0,2171,0,3030,0,2975,2427,58,1.218,1,2094,0,270.389,8.802,-58.563,-257.813,56.688,-0.387,0.547,2.137,2.184,8.527,9.699,0.152,0.396,1.016,1.352,3,NULL,NULL,,3,1,2,7,255,982,250,0,0
stim,33368,63489,1,63489,3260814.454,0.849,0.069,0.084,0.517,0,0,2037,0,3016,0,2963,2319,58,1.218,1,2094,0,295.005,10.004,-84.875,-277.250,54.375,-0.383,0.605,2.102,2.355,9.723,9.699,0.200,0.446,1.016,1.352,3,NULL,NULL,,3,1,2,7,255,982,250,0,0
stim,33368,63489,1,63489,3260819.455,0.849,0.080,0.093,0.514,0,0,1909,0,2992,0,2935,2199,58,1.218,1,2094,0,314.626,10.616,-99.125,-294.063,51.875,-0.395,0.590,2.043,2.355,10.352,9.102,0.252,0.500,1.016,1.352,3,NULL,NULL,,3,1,2,7,255,982,250,0,0
stim,33418,63539,1,63539,3260824.454,0.849,0.091,0.102,0.511,0,0,1800,0,2975,6,2914,2043,58,1.218,1,2094,0,332.463,11.043,-107.063,-310.438,51.938,-0.465,0.605,2.129,2.355,10.789,8.578,0.306,0.556,1.016,1.352,3,NULL,NULL,,3,1,2,7,255,982,250,0,0
stim,33418,63539,1,63539,3260829.455,0.848,0.103,0.111,0.508,0,0,1702,0,2939,6,2863,1915,58,1.218,1,2094,0,350.313,12.368,-110.063,-329.750,43.250,-0.559,0.699,2.348,2.195,12.172,8.578,0.366,0.618,1.016,1.352,3,NULL,NULL,,3,1,2,7,255,982,250,0,0
stim,33418,63539,1,63539,3260834.454,0.846,0.115,0.121,0.506,0,0,1609,0,2892,4,2813,1775,58,1.218,1,2094,0,363.962,14.723,-115.313,-344.625,20.125,-0.566,0.770,2.613,2.195,14.559,9.891,0.432,0.684,1.016,1.352,3,NULL,NULL,,3,1,2,7,255,982,250,0,0
stim,33418,63539,1,63539,3260839.455,0.844,0.127,0.132,0.504,0,0,1497,0,2840,0,2723,1613,58,1.218,1,2094,0,381.579,16.560,-121.438,-361.563,11.313,-0.742,0.609,2.891,2.195,16.414,11.770,0.504,0.762,1.016,1.352,3,NULL,NULL,,3,1,2,7,255,982,250,0,0
stim,33418,63539,1,63539,3260844.453,0.842,0.142,0.142,0.501,0,0,1390,0,2779,0,2623,1453,58,1.218,1,2094,0,414.883,18.785,-160.875,-381.938,19.250,-0.973,0.637,2.988,0.000,18.785,12.633,0.588,0.848,1.016,1.352,3,NULL,NULL,,3,1,2,7,255,982,250,0,0
stim,33418,63539,1,63539,3260849.455,0.838,0.158,0.152,0.500,0,0,1259,0,2701,0,2485,1300,58,1.218,1,2094,0,444.461,21.943,-196.313,-398.750,-2.313,-1.020,0.723,2.832,-0.277,21.941,12.633,0.680,0.942,1.016,1.352,3,NULL,NULL,,3,1,2,7,255,982,250,0,0
stim,33418,63539,1,63539,3260854.453,0.833,0.174,0.163,0.499,0,0,1094,0,2595,0,2283,1161,58,1.218,1,2094,0,466.400,21.943,-209.750,-414.250,-43.938,-0.789,0.648,2.668,-0.277,21.941,10.094,0.778,1.044,1.016,1.352,3,NULL,NULL,,3,1,2,7,255,982,250,0,0
stim,33418,63539,1,63539,3260859.455,0.827,0.191,0.174,0.499,0,0,911,0,2447,0,2027,995,58,1.218,1,2094,0,480.643,20.842,-221.125,-422.438,-60.563,-0.445,0.336,2.422,-0.277,20.840,8.855,0.882,1.152,1.016,1.352,3,NULL,NULL,,3,1,2,7,255,982,250,0,0
stim,33439,63560,1,63560,3260864.454,0.822,0.208,0.185,0.498,0,0,732,0,2263,0,1699,867,58,1.218,1,2094,0,480.028,16.550,-206.375,-432.250,-31.563,-0.305,-0.070,2.293,-0.699,16.535,8.031,0.986,1.262,1.016,1.352,3,NULL,NULL,,3,1,2,7,255,982,250,0,0
stim,33439,63560,1,63560,3260869.455,0.817,0.224,0.197,0.494,0,0,533,0,2014,0,1319,725,58,1.218,1,2094,0,485.991,14.420,-187.188,-448.438,7.188,-0.379,-0.332,2.125,-3.563,13.973,7.680,1.086,1.364,1.016,1.352,3,NULL,NULL,,3,1,2,7,255,982,250,0,0
stim,33439,63560,1,63560,3260874.454,0.811,0.241,0.209,0.490,0,0,357,0,1747,0,823,627,58,1.218,1,2094,0,495.103,14.620,-170.688,-464.500,15.250,-0.371,-0.414,1.766,-6.129,13.273,5.840,1.176,1.460,1.016,1.352,3,NULL,NULL,,3,1,2,7,255,982,250,0,0
stim,33439,63560,1,63560,3260879.455,0.805,0.256,0.223,0.486,0,0,219,0,1447,0,303,459,58,1.218,1,2094,0,491.332,12.952,-139.063,-471.125,-10.500,-0.090,-0.297,1.316,-6.129,11.410,2.652,1.256,1.546,1.016,1.352,3,NULL,NULL,,3,1,2,7,255,982,250,0,0
stim,33439,63560,1,63560,3260884.454,0.800,0.268,0.238,0.481,0,0,159,0,1096,0,43,361,58,1.218,1,2094,0,477.643,9.343,-55.125,-474.188,-15.813,0.078,-0.141,1.441,-4.148,8.371,1.391,1.330,1.624,1.016,1.352,3,NULL,NULL,,3,1,2,7,255,982,250,0,0
stim,33439,63560,1,63560,3260889.455,0.796,0.278,0.254,0.474,0,0,83,0,669,0,0,301,58,1.218,1,2094,0,474.753,8.694,-8.375,-472.938,40.625,-0.098,0.230,2.043,-2.348,8.371,1.391,1.406,1.704,1.016,1.352,3,NULL,NULL,,3,1,2,7,255,982,250,0,0
stim,33465,63586,1,63586,3260894.453,0.792,0.291,0.267,0.465,0,0,58,0,277,0,0,239,58,1.218,1,2094,0,485.070,15.314,-65.063,-470.500,98.438,-0.402,0.641,2.324,-0.715,15.297,1.492,1.488,1.792,1.016,1.352,3,NULL,NULL,,3,1,2,7,255,982,250,0,0
stim,33465,63586,1,63586,3260899.455,0.788,0.308,0.278,0.455,0,0,11,0,0,0,0,115,58,1.218,1,2094,0,514.047,21.056,-154.063,-468.375,145.375,-0.859,0.691,2.039,-0.266,21.055,1.492,1.584,1.890,1.016,1.352,3,NULL,NULL,,3,1,2,7,255,982,250,0,0
stim,33465,63586,1,63586,3260904.454,0.783,0.326,0.287,0.445,0,0,21,0,0,0,0,69,58,1.218,1,2094,0,533.924,21.056,-208.500,-463.188,164.500,-1.102,0.801,1.520,0.207,21.055,-4.617,1.688,1.998,1.016,1.352,3,NULL,NULL,,3,1,2,7,255,982,250,0,0
stim,33465,63586,1,63586,3260909.455,0.777,0.344,0.296,0.437,0,0,5,0,0,0,0,11,58,1.218,1,2094,0,514.373,19.907,-219.563,-446.750,129.563,-0.980,1.043,1.152,0.207,19.906,-10.809,1.792,2.104,1.016,1.352,4,NULL,NULL,,3,1,2,7,255,982,250,0,0
stim,33483,63604,0,63604,3260914.453,0.770,0.361,0.304,0.429,0,0,9,0,0,0,0,10,58,1.218,1,2094,0,479.371,17.536,-215.500,-418.188,92.063,-0.781,1.164,1.059,3.219,17.238,-13.586,1.888,2.202,1.016,1.352,0,NULL,NULL,,3,0,2,7,255,979,250,0,0
stim,33483,63604,0,63604,3260919.455,0.762,0.377,0.311,0.424,0,0,31,0,0,0,0,41,58,1.218,1,2094,0,462.796,16.534,-254.938,-379.250,73.188,-0.512,0.945,0.969,4.676,15.859,-13.586,1.966,2.282,1.016,1.352,0,NULL,NULL,,3,0,2,7,255,979,250,0,0
stim,33483,63604,0,63604,3260924.454,0.754,0.393,0.315,0.421,0,0,18,0,0,0,0,71,58,1.218,1,2094,0,427.917,13.937,-283.250,-317.875,42.875,-0.184,0.391,0.918,4.676,13.129,-11.957,2.028,2.344,1.016,1.352,0,NULL,NULL,,3,0,2,7,255,979,250,0,0
stim,33483,63604,0,63604,3260929.455,0.747,0.406,0.318,0.419,0,0,17,0,0,0,0,93,58,1.218,1,2094,0,336.714,9.731,-243.125,-232.250,18.063,-0.207,-0.129,0.813,1.457,9.621,-8.238,2.076,2.394,1.016,1.352,0,NULL,NULL,,3,0,2,7,255,979,250,0,0
stim,33526,63647,0,63647,3260934.453,0.742,0.416,0.319,0.418,0,0,13,0,0,0,0,120,58,1.218,1,2094,0,259.942,10.069,-195.188,-169.375,28.000,-0.488,-0.148,1.125,-2.969,9.621,-8.238,2.120,2.442,1.016,1.352,0,NULL,NULL,,3,0,2,7,255,979,250,0,0
stim,33526,63647,0,63647,3260939.455,0.737,0.425,0.318,0.419,0,0,13,0,0,0,0,135,58,1.218,1,2094,0,247.779,11.562,-227.625,-97.625,7.125,-0.645,0.070,1.234,-3.324,11.074,-8.352,2.170,2.496,1.016,1.352,0,NULL,NULL,,3,0,2,7,255,979,250,0,0
stim,33526,63647,0,63647,3260944.453,0.731,0.434,0.314,0.423,0,0,8,0,0,0,0,123,58,1.218,1,2094,0,294.599,11.562,-293.438,-17.875,-19.063,-0.488,0.277,0.660,-3.324,11.074,-10.109,2.222,2.550,1.016,1.352,0,NULL,NULL,,3,0,2,7,255,979,250,0,0
stim,33526,63647,0,63647,3260949.455,0.725,0.443,0.306,0.429,0,0,9,0,0,0,0,110,58,1.218,1,2094,0,307.276,8.112,-301.875,55.750,-13.500,-0.281,0.492,-0.195,-0.203,8.109,-12.133,2.268,2.600,1.016,1.352,0,NULL,NULL,,3,0,2,7,255,979,250,0,0
stim,33526,63647,0,63647,3260954.454,0.723,0.447,0.299,0.434,0,0,6,0,0,0,0,103,58,1.218,1,2094,0,248.044,3.065,-218.750,116.938,-0.250,-0.266,0.617,-0.723,3.059,0.191,-14.770,2.306,2.640,1.016,1.352,0,NULL,NULL,,3,0,2,7,255,979,250,0,0
stim,33526,63647,0,63647,3260959.455,0.723,0.448,0.292,0.439,0,0,2,0,0,0,0,101,58,1.218,1,2094,0,191.186,4.381,-105.313,159.563,1.000,-0.363,0.453,-0.586,3.059,-3.137,-16.898,2.344,2.680,1.016,1.352,0,NULL,NULL,,3,0,2,7,255,979,250,0,0
stim,33526,63647,0,63647,3260964.453,0.724,0.445,0.285,0.443,0,0,0,0,0,0,0,95,58,1.218,1,2094,0,194.979,3.885,-45.563,189.563,-2.625,-0.402,0.164,-0.152,2.293,-3.137,-16.898,2.384,2.724,1.016,1.352,0,NULL,NULL,,3,0,2,7,255,979,250,0,0
stim,33526,63647,0,63647,3260969.455,0.726,0.443,0.278,0.448,0,0,0,0,0,0,0,85,58,1.218,1,2094,0,214.717,0.588,-44.688,210.000,2.500,-0.371,0.059,-0.023,-0.418,0.414,-14.270,2.424,2.766,1.016,1.352,0,NULL,NULL,,3,0,2,7,255,979,250,0,0
stim,33526,63647,0,63647,3260974.454,0.728,0.440,0.269,0.452,0,0,0,0,0,0,0,79,58,1.218,1,2094,0,228.427,0.982,-45.500,222.938,20.188,-0.289,0.059,-0.191,-0.891,0.414,-13.129,2.456,2.800,1.016,1.352,0,NULL,NULL,,3,0,2,7,255,979,250,0,0
stim,33526,63647,0,63647,3260979.455,0.731,0.436,0.261,0.456,0,0,0,0,0,0,0,59,58,1.218,1,2094,0,234.373,0.987,-18.938,229.438,43.938,-0.309,0.180,-0.402,-0.891,-0.426,-13.129,2.480,2.828,1.016,1.352,0,NULL,NULL,,3,0,2,7,255,979,250,0,0
stim,33551,63672,0,63672,3260984.453,0.735,0.431,0.253,0.458,0,0,0,0,0,0,0,58,58,1.218,1,2094,0,240.767,1.384,27.125,232.375,56.875,-0.367,0.277,-0.402,-0.051,-1.383,-14.730,2.500,2.850,1.016,1.352,0,NULL,NULL,,3,0,2,7,255,979,250,0,0
stim,33551,63672,0,63672,3260989.455,0.740,0.425,0.246,0.460,0,0,0,0,0,0,0,54,58,1.218,1,2094,0,250.668,1.470,65.250,234.375,60.375,-0.395,0.340,-0.250,0.500,-1.383,-15.359,2.518,2.870,1.016,1.352,0,NULL,NULL,,3,0,2,7,255,979,250,0,0
stim,33551,63672,0,63672,3260994.454,0.745,0.418,0.239,0.462,0,0,0,0,0,0,0,41,58,1.218,1,2094,0,260.015,1.002,82.938,237.500,65.750,-0.375,0.363,-0.063,0.957,0.297,-15.359,2.532,2.886,1.016,1.352,0,NULL,NULL,,3,0,2,7,255,979,250,0,0
stim,33551,63672,0,63672,3260999.455,0.750,0.411,0.231,0.463,0,0,0,0,0,0,0,39,58,1.218,1,2094,0,266.387,2.161,89.563,239.250,75.500,-0.402,0.305,0.039,0.957,1.938,-14.355,2.546,2.902,1.016,1.352,0,NULL,NULL,,3,0,2,7,255,979,250,0,0
stim,33574,63695,0,63695,3261004.453,0.756,0.404,0.224,0.464,0,0,0,0,0,0,0,40,58,1.218,1,2094,0,268.353,2.977,98.000,237.938,76.125,-0.500,0.262,0.105,0.758,2.879,-13.797,2.562,2.920,1.016,1.352,0,NULL,NULL,,3,0,2,7,255,979,250,0,0
stim,33574,63695,0,63695,3261009.455,0.761,0.396,0.218,0.465,0,0,0,0,0,0,0,37,58,1.218,1,2094,0,268.372,3.920,107.813,236.188,67.938,-0.508,0.289,0.223,0.207,3.914,-13.727,2.578,2.942,1.016,1.352,0,NULL,NULL,,3,0,2,7,255,979,250,0,0
stim,33574,63695,0,63695,3261014.454,0.766,0.388,0.211,0.467,0,0,0,0,0,0,0,28,58,1.218,1,2094,0,267.716,5.024,112.563,235.375,60.000,-0.473,0.250,0.359,0.090,5.023,-13.223,2.600,2.966,1.016,1.352,0,NULL,NULL,,3,0,2,7,255,979,250,0,0
stim,33574,63695,0,63695,3261019.455,0.771,0.380,0.205,0.468,0,0,0,0,0,0,0,35,58,1.218,1,2094,0,264.889,5.891,109.438,235.813,50.813,-0.461,0.207,0.492,0.090,5.891,-11.914,2.626,2.994,1.016,1.352,0,NULL,NULL,,3,0,2,7,255,979,250,0,0
stim,33574,63695,0,63695,3261024.454,0.776,0.372,0.198,0.470,0,0,0,0,0,0,0,36,58,1.218,1,2094,0,262.792,6.790,103.688,237.313,44.625,-0.453,0.242,0.621,0.090,6.789,-10.715,2.654,3.024,1.016,1.352,0,NULL,NULL,,3,0,2,7,255,979,250,0,0
stim,33574,63695,0,63695,3261029.455,0.780,0.364,0.191,0.472,0,0,0,0,0,0,0,41,58,1.218,1,2094,0,259.352,7.821,95.938,238.563,33.875,-0.484,0.223,0.738,0.059,7.820,-9.840,2.684,3.056,1.016,1.352,0,NULL,NULL,,3,0,2,7,255,979,250,0,0
stim,33620,63741,0,63741,3261034.454,0.783,0.356,0.185,0.475,0,0,0,0,0,0,0,39,58,1.218,1,2094,0,256.520,8.833,78.938,243.375,18.438,-0.477,0.246,0.832,0.297,8.828,-9.016,2.718,3.092,1.016,1.352,0,NULL,NULL,,3,0,2,7,255,979,250,0,0
stim,33620,63741,0,63741,3261039.455,0.786,0.349,0.177,0.478,0,0,0,0,0,0,0,43,58,1.218,1,2094,0,257.040,9.310,58.750,250.188,4.938,-0.434,0.203,0.863,0.324,9.305,-8.281,2.754,3.132,1.016,1.352,0,NULL,NULL,,3,0,2,7,255,979,250,0,0
stim,33620,63741,0,63741,3261044.454,0.789,0.342,0.170,0.482,0,0,0,0,0,0,0,51,58,1.218,1,2094,0,261.274,9.310,42.250,257.750,-6.625,-0.398,0.164,0.840,0.324,9.305,-7.434,2.794,3.172,1.016,1.352,0,NULL,NULL,,3,0,2,7,255,979,250,0,0
stim,33620,63741,0,63741,3261049.455,0.790,0.335,0.161,0.487,0,0,0,0,0,0,0,45,58,1.218,1,2094,0,270.865,8.775,27.000,269.063,-15.625,-0.395,0.141,0.738,0.180,8.773,-7.434,2.834,3.216,1.016,1.352,0,NULL,NULL,,3,0,2,7,255,979,250,0,0
stim,33620,63741,0,63741,3261054.453,0.792,0.328,0.153,0.492,0,0,0,0,0,0,0,59,58,1.218,1,2094,0,284.268,7.924,25.750,281.438,-30.625,-0.371,0.164,0.695,0.180,7.922,-7.445,2.874,3.258,1.016,1.352,0,NULL,NULL,,3,0,2,7,255,979,250,0,0
stim,33620,63741,0,63741,3261059.455,0.793,0.320,0.144,0.498,0,0,0,0,0,0,0,60,58,1.218,1,2094,0,297.438,7.481,27.500,293.938,-36.250,-0.336,0.117,0.586,0.078,7.480,-7.543,2.912,3.300,1.016,1.352,0,NULL,NULL,,3,0,2,7,255,979,250,0,0
stim,33620,63741,0,63741,3261064.454,0.794,0.312,0.135,0.504,0,0,0,0,0,0,0,57,58,1.218,1,2094,0,314.186,6.364,38.375,307.563,-51.438,-0.332,0.098,0.555,0.078,6.363,-7.785,2.948,3.338,1.016,1.352,0,NULL,NULL,,3,0,2,7,255,979,250,0,0
stim,33620,63741,0,63741,3261069.455,0.795,0.303,0.126,0.510,0,0,0,0,0,0,0,61,58,1.218,1,2094,0,326.867,6.020,50.750,318.750,-51.625,-0.258,0.129,0.566,0.078,6.020,-7.785,2.980,3.372,1.016,1.352,0,NULL,NULL,,3,0,2,7,255,979,250,0,0
stim,33646,63767,0,63767,3261074.454,0.796,0.293,0.117,0.516,0,0,0,0,0,0,0,65,58,1.218,1,2094,0,341.369,5.579,61.000,330.563,-59.500,-0.281,0.086,0.563,0.242,5.574,-7.281,3.010,3.404,1.016,1.352,0,NULL,NULL,,3,0,2,7,255,979,250,0,0
stim,33646,63767,0,63767,3261079.455,0.797,0.282,0.108,0.523,0,0,0,0,0,0,0,67,58,1.218,1,2094,0,352.297,5.568,75.375,338.813,-60.313,-0.191,0.148,0.563,0.668,5.527,-7.125,3.038,3.434,1.016,1.352,0,NULL,NULL,,3,0,2,7,255,979,250,0,0
stim,33646,63767,0,63767,3261084.454,0.798,0.271,0.099,0.529,0,0,0,0,0,0,0,69,58,1.218,1,2094,0,364.678,5.081,96.875,346.188,-61.313,-0.156,0.141,0.586,1.230,4.930,-6.742,3.064,3.464,1.016,1.352,0,NULL,NULL,,3,0,2,7,255,979,250,0,0
stim,33646,63767,0,63767,3261089.455,0.799,0.258,0.090,0.535,0,0,0,0,0,0,0,87,58,1.218,1,2094,0,373.889,4.877,112.438,351.063,-62.500,0.016,0.145,0.621,1.398,4.672,-6.234,3.090,3.492,1.016,1.352,0,NULL,NULL,,3,0,2,7,255,979,250,0,0
stim,33665,63786,0,63786,3261094.453,0.801,0.245,0.082,0.540,0,0,0,0,0,0,0,94,58,1.218,1,2094,0,381.004,3.993,134.250,353.125,-49.438,0.059,0.102,0.684,2.141,3.371,-5.113,3.114,3.518,1.016,1.352,0,NULL,NULL,,3,0,2,7,255,979,250,0,0
stim,33665,63786,0,63786,3261099.455,0.802,0.232,0.073,0.545,0,0,0,0,0,0,0,99,58,1.218,1,2094,0,382.600,4.029,150.438,350.000,-35.375,0.035,0.211,0.746,2.207,3.371,-4.172,3.138,3.544,1.016,1.352,0,NULL,NULL,,3,0,2,7,255,979,250,0,0
stim,33665,63786,0,63786,3261104.454,0.804,0.217,0.066,0.550,0,0,0,0,0,0,0,96,58,1.218,1,2094,0,388.412,4.685,171.875,346.938,-30.938,0.063,0.180,0.855,3.078,3.531,-3.957,3.162,3.572,1.016,1.352,0,NULL,NULL,,3,0,2,7,255,979,250,0,0
stim,33665,63786,0,63786,3261109.455,0.806,0.202,0.059,0.553,0,0,0,0,0,0,0,93,58,1.218,1,2094,0,390.821,4.685,188.750,341.813,-16.688,0.066,0.121,0.953,3.078,3.531,-2.695,3.188,3.598,1.016,1.352,0,NULL,NULL,,3,0,2,7,255,979,250,0,0
stim,33665,63786,0,63786,3261114.453,0.808,0.187,0.052,0.556,0,0,0,0,0,0,0,91,58,1.218,1,2094,0,391.618,4.632,198.313,337.688,-1.938,0.125,0.195,1.113,3.078,3.461,-1.508,3.212,3.624,1.016,1.352,0,NULL,NULL,,3,0,2,7,255,979,250,0,0
stim,33665,63786,0,63786,3261119.455,0.810,0.172,0.045,0.558,0,0,0,0,0,0,0,90,58,1.218,1,2094,0,390.798,4.970,200.438,335.375,8.438,0.078,0.184,1.188,3.566,3.461,0.031,3.238,3.652,1.016,1.352,0,NULL,NULL,,3,0,2,7,255,979,250,0,0
stim,33717,63838,0,63838,3261124.454,0.813,0.156,0.038,0.560,0,0,0,0,0,0,0,87,58,1.218,1,2094,0,394.953,5.309,212.563,332.125,22.313,-0.020,0.238,1.344,3.781,3.727,0.738,3.260,3.678,1.016,1.352,0,NULL,NULL,,3,0,2,7,255,979,250,0,0
stim,33717,63838,0,63838,3261129.455,0.815,0.141,0.031,0.562,0,0,0,0,0,0,0,83,58,1.218,1,2094,0,393.162,6.061,212.125,330.813,11.938,-0.066,0.215,1.508,3.617,4.863,1.984,3.284,3.702,1.016,1.352,0,NULL,NULL,,3,0,2,7,255,979,250,0,0
stim,33717,63838,0,63838,3261134.453,0.816,0.125,0.025,0.563,0,0,0,0,0,0,0,79,58,1.218,1,2094,0,387.971,6.096,203.875,329.750,14.875,-0.063,0.141,1.676,3.617,4.906,3.668,3.306,3.728,1.016,1.352,0,NULL,NULL,,3,0,2,7,255,979,250,0,0
stim,33717,63838,0,63838,3261139.455,0.818,0.110,0.017,0.564,0,0,0,0,0,0,0,77,58,1.218,1,2094,0,380.328,6.190,189.063,329.625,15.875,-0.070,0.223,1.805,3.617,5.023,5.578,3.328,3.750,1.016,1.352,0,NULL,NULL,,3,0,2,7,255,979,250,0,0
stim,33717,63838,0,63838,3261144.453,0.819,0.096,0.010,0.565,0,0,0,0,0,0,0,72,58,1.218,1,2094,0,371.307,6.255,171.563,328.750,18.938,-0.113,0.219,1.895,3.758,5.000,6.836,3.346,3.770,1.016,1.352,0,NULL,NULL,,3,0,2,7,255,979,250,0,0
stim,33717,63838,0,63838,3261149.455,0.820,0.082,0.002,0.567,0,0,0,0,0,0,0,73,58,1.218,1,2094,0,363.969,6.323,156.563,328.250,14.625,-0.125,0.242,2.008,3.871,5.000,7.805,3.360,3.786,1.016,1.352,0,NULL,NULL,,3,0,2,7,255,979,250,0,0
stim,33717,63838,0,63838,3261154.453,0.820,0.069,-0.006,0.568,0,0,0,0,0,0,0,69,58,1.218,1,2094,0,354.271,6.090,137.813,326.313,6.000,-0.125,0.180,2.082,3.758,4.793,9.000,3.372,3.800,1.016,1.352,0,NULL,NULL,,3,0,2,7,255,979,250,0,0
stim,33717,63838,0,63838,3261159.455,0.820,0.057,-0.015,0.569,0,0,0,0,0,0,0,63,58,1.218,1,2094,0,343.943,5.369,114.125,324.375,7.313,-0.074,0.148,2.023,3.523,4.051,9.574,3.376,3.808,1.016,1.352,0,NULL,NULL,,3,0,2,7,255,979,250,0,0
stim,33740,63861,0,63861,3261164.453,0.820,0.045,-0.024,0.570,0,0,0,0,0,0,0,63,58,1.218,1,2094,0,338.892,4.396,103.688,322.625,3.125,-0.039,0.082,1.914,3.355,2.840,9.574,3.378,3.810,1.016,1.352,0,NULL,NULL,,3,0,2,7,255,979,250,0,0
stim,33740,63861,0,63861,3261169.455,0.820,0.033,-0.032,0.571,0,0,0,0,0,0,0,61,58,1.218,1,2094,0,339.062,3.235,113.500,319.500,-0.750,-0.035,-0.008,1.906,2.781,1.652,8.746,3.372,3.808,1.016,1.352,0,NULL,NULL,,3,0,2,7,255,979,250,0,0
stim,33740,63861,0,63861,3261174.454,0.819,0.021,-0.041,0.572,0,0,0,0,0,0,0,55,58,1.218,1,2094,0,341.257,2.511,119.250,319.625,-8.688,0.000,0.023,1.941,2.402,0.730,8.746,3.360,3.798,1.016,1.352,0,NULL,NULL,,3,0,2,7,255,979,250,0,0
stim,33740,63861,0,63861,3261179.455,0.818,0.008,-0.049,0.574,0,0,0,0,0,0,0,50,58,1.218,1,2094,0,344.069,2.020,123.625,320.625,-17.313,0.070,-0.039,1.926,2.020,-0.020,8.914,3.342,3.782,1.016,1.352,0,NULL,NULL,,3,0,2,7,255,979,250,0,0
stim,33740,63861,0,63861,3261184.453,0.816,-0.005,-0.057,0.575,0,0,0,0,0,0,0,48,58,1.218,1,2094,0,351.155,2.481,140.875,321.000,-20.563,0.113,-0.133,1.953,2.020,-1.441,9.047,3.316,3.758,1.016,1.352,0,NULL,NULL,,3,0,2,7,255,979,250,0,0
stim,33740,63861,0,63861,3261189.455,0.814,-0.018,-0.064,0.577,0,0,0,0,0,0,0,52,58,1.218,1,2094,0,362.089,3.128,160.688,322.875,-32.250,0.168,-0.133,2.055,1.469,-2.762,9.172,3.278,3.724,1.016,1.352,0,NULL,NULL,,3,0,2,7,255,979,250,0,0
stim,33764,63885,0,63885,3261194.454,0.812,-0.032,-0.071,0.579,0,0,0,0,0,0,0,46,58,1.218,1,2094,0,372.217,4.195,176.188,324.625,-46.063,0.293,-0.145,2.156,1.469,-3.930,10.016,3.230,3.678,1.016,1.352,0,NULL,NULL,,3,0,2,7,255,979,250,0,0
stim,33764,63885,0,63885,3261199.455,0.809,-0.047,-0.077,0.581,0,0,0,0,0,0,0,46,58,1.218,1,2094,0,382.199,6.111,194.875,325.000,-49.750,0.441,-0.164,2.277,1.762,-5.852,10.688,3.168,3.618,1.016,1.352,0,NULL,NULL,,3,0,2,7,255,979,250,0,0
stim,33764,63885,0,63885,3261204.453,0.805,-0.063,-0.083,0.584,0,0,0,0,0,0,0,53,58,1.218,1,2094,0,393.111,8.348,214.063,324.938,-55.938,0.609,-0.078,2.473,1.980,-8.109,11.426,3.094,3.546,1.016,1.352,0,NULL,NULL,,3,0,2,7,255,979,250,0,0
stim,33764,63885,0,63885,3261209.455,0.801,-0.079,-0.089,0.586,0,0,0,0,0,0,0,55,58,1.218,1,2094,0,399.786,10.937,222.938,324.563,-69.188,0.816,0.066,2.660,3.203,-10.457,12.680,3.010,3.464,1.016,1.352,0,NULL,NULL,,3,0,2,7,255,979,250,0,0
stim,33784,63905,0,63905,3261214.454,0.797,-0.094,-0.095,0.589,0,0,0,0,0,0,0,48,58,1.218,1,2094,0,398.194,13.989,222.250,322.375,-72.375,1.008,0.113,2.762,5.027,-13.055,13.633,2.918,3.372,1.016,1.352,0,NULL,NULL,,3,0,2,7,255,979,250,0,0
stim,33784,63905,0,63905,3261219.455,0.793,-0.110,-0.100,0.591,0,0,0,0,0,0,0,52,58,1.218,1,2094,0,392.768,16.695,224.813,316.188,-61.250,1.152,0.098,2.898,5.711,-15.688,13.707,2.816,3.274,1.016,1.352,0,NULL,NULL,,3,0,2,7,255,979,250,0,0
stim,33784,63905,0,63905,3261224.454,0.789,-0.125,-0.106,0.593,0,0,0,0,0,0,0,47,58,1.218,1,2094,0,384.007,19.100,218.563,310.250,-58.625,1.270,0.137,3.039,5.723,-18.223,14.141,2.708,3.166,1.016,1.352,0,NULL,NULL,,3,0,2,7,255,979,250,0,0
stim,33784,63905,0,63905,3261229.455,0.784,-0.139,-0.111,0.594,0,0,0,0,0,0,0,47,58,1.218,1,2094,0,366.789,21.253,196.750,303.063,-63.063,1.375,0.203,3.086,6.070,-20.367,14.141,2.590,3.048,1.016,1.352,0,NULL,NULL,,3,0,2,7,255,979,250,0,0
stim,33822,63943,0,63943,3261234.454,0.780,-0.152,-0.117,0.596,0,0,0,0,0,0,0,47,58,1.218,1,2094,0,342.766,23.043,167.188,292.813,-61.625,1.500,0.266,2.996,6.637,-22.066,14.105,2.466,2.922,1.016,1.352,0,NULL,NULL,,3,0,2,7,255,979,250,0,0
stim,33822,63943,0,63943,3261239.455,0.776,-0.164,-0.124,0.597,0,0,0,0,0,0,0,62,58,1.218,1,2094,0,318.891,24.491,141.500,280.125,-56.563,1.672,0.281,2.809,7.234,-23.398,12.285,2.334,2.790,1.016,1.352,0,NULL,NULL,,3,0,2,7,255,979,250,0,0
stim,33822,63943,0,63943,3261244.453,0.772,-0.174,-0.130,0.598,0,0,0,0,0,0,0,75,58,1.218,1,2094,0,298.479,25.789,125.500,265.688,-52.438,1.891,0.203,2.598,7.234,-24.754,9.352,2.198,2.650,1.016,1.352,0,NULL,NULL,,3,0,2,7,255,979,250,0,0
stim,33822,63943,0,63943,3261249.455,0.768,-0.185,-0.135,0.598,0,0,0,0,0,0,0,105,58,1.218,1,2094,0,278.089,27.405,115.188,249.000,-45.438,2.133,0.070,2.355,7.059,-26.480,5.887,2.058,2.510,1.016,1.352,0,NULL,NULL,,3,0,2,7,255,979,250,0,0
stim,33822,63943,0,63943,3261254.454,0.765,-0.194,-0.141,0.598,0,0,0,0,0,0,0,122,58,1.218,1,2094,0,257.354,28.882,110.250,230.313,-32.125,2.359,-0.078,2.059,6.156,-28.219,2.031,1.916,2.364,1.016,1.352,0,NULL,NULL,,3,0,2,7,255,979,250,0,0
stim,33822,63943,0,63943,3261259.455,0.762,-0.203,-0.145,0.598,0,0,0,0,0,0,0,145,58,1.218,1,2094,0,237.414,29.833,111.313,209.188,-14.688,2.535,-0.211,1.750,5.121,-29.391,-2.324,1.770,2.214,1.016,1.352,0,NULL,NULL,,3,0,2,7,255,979,250,0,0
stim,33822,63943,0,63943,3261264.453,0.760,-0.212,-0.148,0.597,0,0,0,0,0,0,0,165,58,1.218,1,2094,0,221.440,30.158,114.000,189.750,5.875,2.703,-0.387,1.406,4.094,-29.879,-6.484,1.620,2.060,1.016,1.352,0,NULL,NULL,,3,0,2,7,255,979,250,0,0
stim,33822,63943,0,63943,3261269.455,0.758,-0.221,-0.150,0.595,0,0,0,0,0,0,0,171,58,1.218,1,2094,0,215.946,30.004,133.438,167.125,29.938,2.789,-0.598,0.965,2.738,-29.879,-10.926,1.468,1.902,1.016,1.352,0,NULL,NULL,,3,0,2,7,255,979,250,0,0
stim,33822,63943,0,63943,3261274.454,0.756,-0.231,-0.150,0.594,0,0,0,0,0,0,0,173,58,1.218,1,2094,0,236.728,28.966,177.938,151.750,36.750,2.672,-0.535,0.539,1.285,-28.938,-15.836,1.314,1.742,1.016,1.352,0,NULL,NULL,,3,0,2,7,255,979,250,0,0
stim,33822,63943,0,63943,3261279.455,0.754,-0.241,-0.148,0.593,0,0,0,0,0,0,0,172,58,1.218,1,2094,0,249.144,28.952,214.938,124.125,21.625,2.941,-1.551,0.500,0.922,-28.938,-19.191,1.158,1.578,1.016,1.352,0,NULL,NULL,,3,0,2,7,255,979,250,0,0
stim,33852,63973,0,63973,3261284.453,0.751,-0.253,-0.145,0.592,0,0,0,0,0,0,0,181,58,1.218,1,2094,0,290.846,30.371,264.063,108.125,56.313,3.176,-2.039,0.191,-7.699,-29.379,-22.863,1.000,1.410,1.016,1.352,0,NULL,NULL,,3,0,2,7,255,979,250,0,0
stim,33852,63973,0,63973,3261289.455,0.749,-0.267,-0.138,0.591,0,0,0,0,0,0,0,175,58,1.218,1,2094,0,356.918,31.541,337.063,80.563,85.375,2.973,-2.109,0.293,-11.477,-29.379,-27.031,0.844,1.242,1.016,1.352,0,NULL,NULL,,3,0,2,7,255,979,250,0,0
stim,33852,63973,0,63973,3261294.453,0.746,-0.283,-0.128,0.590,0,0,0,0,0,0,0,183,58,1.218,1,2094,0,439.220,31.625,428.438,53.625,80.500,2.695,-2.020,0.801,-12.488,-29.055,-27.031,0.692,1.070,1.016,1.352,0,NULL,NULL,,3,0,2,7,255,979,250,0,0
stim,33852,63973,0,63973,3261299.455,0.741,-0.298,-0.115,0.590,0,0,0,0,0,0,0,185,58,1.218,1,2094,0,470.341,31.625,466.625,17.813,56.250,2.363,-1.297,2.012,-12.488,-29.055,-22.137,0.558,0.902,1.016,1.352,0,NULL,NULL,,3,0,2,7,255,979,250,0,0
stim,33874,63995,0,63995,3261304.454,0.737,-0.313,-0.103,0.591,0,0,0,0,0,0,0,204,58,1.218,1,2094,0,443.680,33.068,440.750,-3.938,50.750,2.785,-1.020,2.902,-8.730,-31.895,-9.691,0.456,0.738,1.016,1.352,0,NULL,NULL,,3,0,2,7,255,979,250,0,0
stim,33874,63995,0,63995,3261309.455,0.735,-0.322,-0.092,0.589,0,0,0,0,0,0,0,221,58,1.218,1,2094,0,336.576,40.751,311.813,-43.875,118.875,2.480,-0.902,3.766,-8.730,-39.805,-4.672,0.408,0.580,1.016,1.352,0,NULL,NULL,,3,0,2,7,255,979,250,0,0
stim,33874,63995,0,63995,3261314.453,0.736,-0.327,-0.084,0.587,0,0,0,0,0,0,0,222,58,1.218,1,2094,0,221.477,40.447,179.750,-75.000,105.438,1.543,-0.109,3.238,-7.180,-39.805,3.645,0.422,0.436,1.016,1.352,0,NULL,NULL,,3,0,2,7,255,979,250,0,0
stim,33874,63995,0,63995,3261319.455,0.735,-0.328,-0.077,0.588,0,0,0,0,0,0,0,319,58,1.218,1,2094,0,153.994,30.982,115.500,-99.250,22.875,1.238,0.281,3.148,-3.941,-30.730,7.020,0.478,0.328,1.016,1.352,0,NULL,NULL,,3,0,2,7,255,979,250,0,0
stim,33874,63995,0,63995,3261324.454,0.735,-0.332,-0.064,0.588,0,0,0,87,0,0,0,391,58,1.218,1,2094,0,327.760,28.380,251.625,-180.875,106.750,0.176,-0.258,4.797,-3.941,-28.105,9.344,0.536,0.278,1.016,1.352,0,NULL,NULL,,3,0,2,7,255,979,250,0,0
stim,33874,63995,0,63995,3261329.455,0.742,-0.331,-0.049,0.581,243,0,0,563,0,75,0,448,58,1.218,1,2094,0,395.763,28.183,128.813,-222.000,301.250,-0.453,2.043,6.711,-2.090,-28.105,25.246,0.570,0.282,1.016,1.352,0,NULL,NULL,,3,0,2,7,255,979,250,0,0
stim,33920,64041,0,64041,3261334.453,0.757,-0.304,-0.061,0.574,736,0,0,1056,0,265,0,551,58,1.218,1,2094,0,782.627,28.183,-747.438,-123.313,196.563,-1.406,2.840,3.637,-2.090,-28.105,35.660,0.576,0.316,1.016,1.352,0,NULL,NULL,,3,0,2,7,255,979,250,0,0
stim,33920,64041,0,64041,3261339.455,0.771,-0.270,-0.080,0.571,1051,0,0,1368,0,461,0,585,58,1.218,1,2094,0,954.381,12.896,-943.875,-125.563,64.625,-1.137,3.027,-0.324,12.633,-2.590,35.660,0.568,0.354,1.016,1.352,0,NULL,NULL,,3,0,2,7,255,979,250,0,0
stim,33920,64041,0,64041,3261344.454,0.779,-0.249,-0.090,0.568,1326,0,0,1593,0,566,0,616,57,1.218,1,2095,0,572.974,21.460,-563.625,-95.625,38.500,-1.418,1.367,-2.035,12.633,17.348,1.191,0.566,0.378,1.016,1.352,1,1153.000,174.000,,3,0,2,7,255,979,250,0,0
stim,33920,64041,0,64041,3261349.455,0.781,-0.238,-0.092,0.569,1576,0,0,1735,0,733,0,657,57,1.218,1,2095,0,259.922,20.020,-230.688,-116.750,-26.688,-1.191,-0.406,-0.711,9.992,17.348,-12.047,0.562,0.396,1.016,1.352,1,NULL,NULL,,3,0,2,7,255,979,250,0,0
stim,33920,64041,0,64041,3261354.453,0.782,-0.233,-0.090,0.571,1723,0,0,1800,0,885,0,713,57,1.218,1,2095,0,136.032,12.132,-65.438,-113.313,-37.188,-0.145,0.039,1.039,-1.184,12.074,-12.047,0.538,0.408,1.016,1.352,1,NULL,NULL,,3,0,2,7,255,979,250,0,0
stim,33920,64041,0,64041,3261359.455,0.784,-0.226,-0.090,0.571,1891,0,0,1855,0,999,0,761,57,1.218,1,2095,0,175.548,3.654,-140.125,-102.500,26.000,0.262,1.383,1.652,-1.184,-3.457,-0.168,0.494,0.416,1.016,1.352,1,NULL,NULL,,3,0,2,7,255,979,250,0,0
stim,33920,64041,0,64041,3261364.454,0.789,-0.214,-0.092,0.568,1997,0,0,1898,0,1141,0,791,57,1.218,1,2095,0,301.153,12.578,-268.188,-107.688,84.688,-0.137,1.633,1.539,12.094,-3.457,6.590,0.442,0.422,1.016,1.352,1,NULL,NULL,,3,0,2,7,255,979,250,0,0
stim,33920,64041,0,64041,3261369.455,0.794,-0.200,-0.097,0.565,2233,0,0,2157,0,1249,0,813,57,1.218,1,2095,0,363.680,12.139,-345.438,-102.188,49.938,-0.641,0.633,0.703,12.094,-1.051,6.590,0.400,0.424,1.016,1.352,1,NULL,NULL,,3,0,2,7,255,979,250,0,0
stim,33942,64063,0,64063,3261374.454,0.797,-0.187,-0.100,0.565,2429,0,0,2375,0,1257,0,843,57,1.218,1,2095,0,316.701,5.381,-296.938,-109.813,-8.313,-0.926,-0.715,-0.066,3.266,4.277,-0.047,0.374,0.410,1.016,1.352,2,NULL,NULL,,3,0,2,7,255,979,250,0,0
stim,33942,64063,0,64063,3261379.455,0.801,-0.175,-0.100,0.563,2565,0,0,2537,0,1273,0,895,57,1.218,1,2095,0,286.849,11.401,-231.563,-159.875,55.688,-1.336,-1.777,-0.164,-9.742,5.922,-8.121,0.370,0.378,1.016,1.352,2,NULL,NULL,,3,0,2,7,255,979,250,0,0
stim,33942,64063,0,64063,3261384.454,0.803,-0.165,-0.099,0.564,2677,0,0,2657,0,1305,0,1053,57,1.218,1,2095,0,247.800,19.063,-188.438,-160.125,-16.000,-1.285,-1.469,-0.078,-17.953,6.410,-8.121,0.384,0.330,1.016,1.352,2,NULL,NULL,,3,0,2,7,255,979,250,0,0
stim,33942,64063,0,64063,3261389.455,0.803,-0.157,-0.095,0.568,2758,0,0,2741,0,1328,0,1171,57,1.218,1,2095,0,207.139,19.063,-80.563,-173.625,-79.188,-0.664,-0.773,0.188,-17.953,6.410,-7.977,0.404,0.276,1.016,1.352,2,NULL,NULL,,3,0,2,7,255,979,250,0,0
stim,33965,64086,0,64086,3261394.453,0.801,-0.153,-0.090,0.572,2821,0,0,2814,0,1358,0,1267,57,1.218,1,2095,0,190.062,9.769,2.250,-169.063,-86.813,0.055,-0.535,0.848,-9.406,2.637,-6.801,0.422,0.230,1.016,1.352,2,NULL,NULL,,3,0,2,7,255,979,250,0,0
stim,33965,64086,0,64086,3261399.455,0.800,-0.149,-0.084,0.575,2859,0,0,2877,0,1413,0,1327,57,1.218,1,2095,0,165.181,8.619,14.063,-154.625,-56.375,0.387,-0.871,1.512,-7.031,-4.984,-2.754,0.434,0.202,1.016,1.352,2,NULL,NULL,,3,0,2,7,255,979,250,0,0
stim,33965,64086,0,64086,3261404.454,0.801,-0.143,-0.080,0.575,2885,0,0,2923,0,1483,0,1371,57,1.218,1,2095,0,165.594,12.326,-47.500,-158.625,-1.813,0.512,-0.777,1.535,-5.758,-10.898,2.090,0.442,0.190,1.016,1.352,2,NULL,NULL,,3,0,2,7,255,979,250,0,0
stim,33965,64086,0,64086,3261409.455,0.804,-0.136,-0.077,0.574,2921,0,0,2953,0,1573,0,1401,57,1.218,1,2095,0,192.005,12.326,-97.938,-154.250,59.000,0.402,-0.633,1.238,-5.758,-10.898,2.090,0.448,0.182,1.016,1.352,2,NULL,NULL,,3,0,2,7,255,979,250,0,0
stim,33965,64086,0,64086,3261414.453,0.808,-0.129,-0.074,0.570,2948,0,0,2975,0,1690,0,1443,57,1.218,1,2095,0,221.417,10.839,-120.000,-150.813,109.000,0.066,-0.816,1.020,-5.758,-9.184,0.051,0.462,0.172,1.016,1.352,2,NULL,NULL,,3,0,2,7,255,979,250,0,0
stim,33965,64086,0,64086,3261419.455,0.812,-0.121,-0.071,0.566,2964,0,0,3004,0,1811,0,1483,57,1.218,1,2095,0,224.872,9.546,-119.375,-147.125,121.125,-0.332,-0.801,0.930,-7.371,-6.066,-0.875,0.482,0.156,1.016,1.352,2,NULL,NULL,,3,0,2,7,255,979,250,0,0
stim,34017,64138,0,64138,3261424.454,0.815,-0.115,-0.068,0.563,2968,0,0,2999,0,1917,11,1551,57,1.218,1,2095,0,194.646,7.700,-89.000,-149.438,87.375,-0.457,-0.301,0.680,-7.371,-2.227,-1.156,0.510,0.134,1.016,1.352,2,NULL,NULL,,3,0,2,7,255,979,250,0,0
stim,34017,64138,0,64138,3261429.455,0.817,-0.110,-0.063,0.562,2984,0,0,3007,0,2032,39,1753,57,1.218,1,2095,0,157.798,4.447,-39.125,-146.250,44.500,-0.313,0.070,0.926,-4.379,0.777,-0.875,0.538,0.114,1.016,1.352,2,NULL,NULL,,3,0,2,7,255,979,250,0,0
stim,34017,64138,0,64138,3261434.454,0.818,-0.106,-0.058,0.562,2976,0,0,3017,27,2153,165,1880,57,1.218,1,2095,0,142.574,0.904,-24.000,-138.875,21.563,-0.004,0.133,1.195,-0.461,0.777,-0.254,0.562,0.098,1.016,1.352,2,NULL,NULL,,3,0,2,7,255,979,250,0,0
stim,34017,64138,0,64138,3261439.455,0.819,-0.103,-0.055,0.562,2987,0,0,3019,238,2200,289,2029,57,1.218,1,2095,0,111.708,2.551,-9.750,-110.938,8.750,0.309,0.086,1.898,1.188,-2.258,1.715,0.578,0.086,1.016,1.352,2,NULL,NULL,,3,0,2,7,255,979,250,0,0
stim,34017,64138,0,64138,3261444.453,0.819,-0.100,-0.055,0.563,2988,0,0,3017,541,2259,281,2120,57,1.218,1,2095,0,77.197,6.704,-60.438,-42.563,-22.250,0.477,-0.082,1.895,1.188,-6.598,7.316,0.592,0.078,1.016,1.352,2,NULL,NULL,,3,0,2,7,255,979,250,0,0
stim,34017,64138,0,64138,3261449.455,0.819,-0.095,-0.055,0.563,2995,0,0,3033,777,2301,303,2185,57,1.218,1,2095,0,102.550,6.847,-90.563,-47.938,-4.125,0.672,0.590,0.867,1.832,-6.598,7.316,0.606,0.068,1.016,1.352,2,NULL,NULL,,3,0,2,7,255,979,250,0,0
stim,34017,64138,0,64138,3261454.454,0.820,-0.094,-0.054,0.562,3001,0,0,3047,939,2329,339,2253,57,1.218,1,2095,0,48.947,9.699,-12.750,-41.625,22.375,0.371,0.707,0.883,7.785,-5.785,-1.602,0.620,0.058,1.016,1.352,2,NULL,NULL,,3,0,2,7,255,979,250,0,0
stim,34017,64138,0,64138,3261459.455,0.821,-0.092,-0.054,0.561,3007,0,0,3035,1063,2361,375,2317,57,1.218,1,2095,0,47.444,8.231,-28.438,-27.563,26.125,-0.273,-0.223,1.570,7.785,-2.672,-1.602,0.632,0.048,1.016,1.352,2,NULL,NULL,,3,0,2,7,255,979,250,0,0
stim,34040,64161,0,64161,3261464.453,0.821,-0.088,-0.056,0.562,3014,0,0,3047,1165,2378,377,2364,57,1.218,1,2095,0,104.485,2.567,-100.188,-22.563,-19.250,-0.445,-0.074,1.188,-2.098,-1.480,2.387,0.640,0.038,1.016,1.352,2,NULL,NULL,,3,0,2,7,255,979,250,0,0
stim,34040,64161,0,64161,3261469.455,0.819,-0.085,-0.057,0.564,3015,0,0,3047,1241,2389,388,2395,57,1.218,1,2095,0,102.530,2.502,-68.875,-17.375,-73.938,-0.156,0.395,0.719,-2.098,1.363,2.387,0.646,0.030,1.016,1.352,2,NULL,NULL,,3,0,2,7,255,979,250,0,0
stim,34040,64161,0,64161,3261474.454,0.817,-0.083,-0.057,0.567,3019,0,0,3043,1327,2402,406,2426,57,1.218,1,2095,0,85.899,2.837,-16.750,-15.500,-82.813,0.188,0.180,1.035,2.488,1.363,-0.129,0.656,0.022,1.016,1.352,2,NULL,NULL,,3,0,2,7,255,979,250,0,0
stim,34040,64161,0,64161,3261479.455,0.817,-0.082,-0.057,0.569,3029,17,0,3055,1420,2399,465,2456,57,1.218,1,2095,0,53.625,3.937,-32.000,-12.250,-41.250,0.219,-0.043,1.313,2.488,-3.051,-0.129,0.666,0.010,1.016,1.352,2,NULL,NULL,,3,0,2,7,255,979,250,0,0
stim,34040,64161,0,64161,3261484.453,0.817,-0.079,-0.059,0.569,3015,27,0,3057,1513,2408,530,2486,57,1.218,1,2095,0,75.618,3.121,-74.938,-7.063,-7.250,-0.047,-0.035,1.160,0.660,-3.051,1.414,0.674,0.000,1.016,1.352,2,NULL,NULL,,3,0,2,7,255,979,250,0,0
stim,34040,64161,0,64161,3261489.455,0.817,-0.076,-0.061,0.569,3019,39,0,3065,1573,2415,555,2508,57,1.218,1,2095,0,86.032,1.875,-84.625,-2.375,-15.313,-0.277,0.008,0.871,-0.172,-1.867,1.414,0.000,0.000,1.016,1.352,2,NULL,NULL,,3,0,2,7,255,979,250,0,0
stim,34063,64184,0,64184,3261494.453,0.816,-0.073,-0.063,0.570,3030,40,0,3063,1637,2420,595,2537,57,1.218,1,2095,0,77.306,0.810,-62.125,-0.813,-46.000,-0.254,-0.078,0.793,-0.586,0.559,-0.906,0.000,0.000,1.016,1.352,2,NULL,NULL,,3,0,2,7,255,979,250,0,0
stim,34063,64184,0,64184,3261499.455,0.814,-0.071,-0.064,0.572,3029,67,0,3080,1717,2424,638,2564,57,1.218,1,2095,0,71.472,1.376,-40.375,-3.438,-58.875,-0.078,-0.148,0.859,-1.258,0.559,-1.422,0.000,0.000,1.016,1.352,2,NULL,NULL,,3,0,2,7,255,979,250,0,0
stim,34063,64184,0,64184,3261504.454,0.813,-0.070,-0.065,0.574,3032,79,0,3083,1765,2439,655,2568,57,1.218,1,2095,0,56.622,1.864,-31.938,-4.875,-46.500,0.051,-0.145,0.934,-1.258,-1.375,-1.422,0.000,0.000,1.016,1.352,2,NULL,NULL,,3,0,2,7,255,979,250,0,0
stim,34063,64184,0,64184,3261509.455,0.813,-0.068,-0.065,0.575,3049,99,51,3079,1823,2453,658,2591,57,1.218,1,2095,0,41.443,2.654,-30.625,-6.875,-27.063,0.051,-0.117,0.945,-0.734,-2.551,-0.941,0.000,0.000,1.016,1.352,2,NULL,NULL,,3,0,2,7,255,979,250,0,0
stim,34084,64205,0,64205,3261514.453,0.812,-0.067,-0.066,0.575,3049,109,90,3097,1874,2457,679,2613,57,1.218,1,2095,0,31.340,2.654,-27.000,-7.563,-14.000,-0.027,-0.121,0.926,-0.734,-2.551,-0.848,0.000,0.000,1.016,1.352,2,NULL,NULL,,3,0,2,7,255,979,250,0,0
stim,34084,64205,0,64205,3261519.455,0.812,-0.066,-0.066,0.576,3055,127,157,3107,1913,2467,679,2627,57,1.218,1,2095,0,22.174,1.969,-19.375,-7.750,-7.500,-0.066,-0.113,0.918,-0.770,-1.813,-0.848,0.000,0.000,1.016,1.352,2,NULL,NULL,,3,0,2,7,255,979,250,0,0
stim,34084,64205,0,64205,3261524.454,0.812,-0.065,-0.066,0.576,3067,141,251,3100,1967,2479,688,2641,57,1.218,1,2095,0,12.242,1.606,-8.813,-7.563,-3.875,-0.074,-0.063,0.945,-0.770,-1.410,-0.848,0.000,0.000,1.016,1.352,2,NULL,NULL,,3,0,2,7,255,979,250,0,0
stim,34084,64205,0,64205,3261529.455,0.812,-0.065,-0.065,0.576,3060,164,301,3111,2011,2489,701,2653,57,1.218,1,2095,0,8.944,1.242,-1.375,-8.688,1.625,-0.086,0.012,1.008,-0.336,-1.195,-0.582,0.000,0.000,1.016,1.352,2,NULL,NULL,,3,0,2,7,255,979,250,0,0
stim,34123,64244,0,64244,3261534.453,0.813,-0.065,-0.065,0.575,3062,175,349,3107,2035,2493,735,2665,57,1.081,1,2095,1,11.923,0.996,-2.688,-9.125,7.188,-0.121,0.059,1.070,0.336,-0.938,0.063,0.000,0.000,0.929,1.260,2,NULL,NULL,,3,0,2,7,255,979,250,0,0
stim,34123,64244,0,64244,3261539.455,0.813,-0.064,-0.065,0.575,3065,175,425,3111,2069,2509,735,2669,57,1.081,1,2095,1,15.182,0.880,-8.188,-9.438,8.625,-0.172,0.082,1.074,0.680,-0.559,0.723,0.008,0.006,0.929,1.260,2,NULL,NULL,,3,0,2,7,255,979,250,0,0
stim,34123,64244,0,64244,3261544.454,0.813,-0.064,-0.065,0.575,3061,173,521,3109,2107,2517,756,2686,57,1.081,1,2095,1,14.023,0.734,-10.125,-9.438,2.250,-0.191,0.090,1.047,0.734,-0.004,0.723,0.016,0.012,0.929,1.260,2,NULL,NULL,,3,0,2,7,255,979,250,0,0
stim,34123,64244,0,64244,3261549.455,0.813,-0.063,-0.064,0.575,3063,195,601,3121,2151,2519,811,2693,57,1.081,1,2095,1,13.343,0.754,-8.000,-9.625,-4.625,-0.148,0.090,1.039,0.754,-0.004,0.609,0.024,0.018,0.929,1.260,2,NULL,NULL,,3,0,2,7,255,979,250,0,0
stim,34123,64244,0,64244,3261554.453,0.813,-0.063,-0.064,0.575,3061,205,661,3116,2193,2511,867,2695,57,1.081,1,2095,1,13.193,0.851,-7.313,-10.125,-4.250,-0.105,0.066,1.063,0.844,-0.109,0.609,0.030,0.022,0.929,1.260,2,NULL,NULL,,3,0,2,7,255,979,250,0,0
stim,34123,64244,0,64244,3261559.455,0.813,-0.062,-0.064,0.575,3063,220,729,3114,2227,2519,911,2703,57,1.081,1,2095,1,14.329,1.008,-10.500,-9.750,0.000,-0.117,0.066,1.086,0.844,-0.551,0.633,0.036,0.026,0.929,1.260,2,NULL,NULL,,3,0,2,7,255,979,250,0,0
stim,34123,64244,0,64244,3261564.453,0.813,-0.061,-0.064,0.575,3055,239,788,3101,2250,2525,951,2710,57,1.081,1,2095,1,17.350,1.008,-14.438,-9.438,-1.875,-0.148,0.086,1.070,0.844,-0.551,0.762,0.040,0.028,0.929,1.260,2,NULL,NULL,,3,0,2,7,255,979,250,0,0
stim,34123,64244,0,64244,3261569.455,0.813,-0.061,-0.064,0.576,3060,239,855,3100,2277,2525,1008,2718,57,1.081,1,2095,1,18.882,0.894,-14.875,-7.938,-8.500,-0.137,0.082,1.047,0.867,-0.219,0.762,0.044,0.030,0.929,1.260,2,NULL,NULL,,3,0,2,7,255,979,250,0,0
stim,34123,64244,0,64244,3261574.454,0.813,-0.060,-0.064,0.576,3045,249,931,3095,2308,2524,1046,2731,57,1.081,1,2095,1,20.797,0.894,-16.063,-7.125,-11.125,-0.113,0.020,1.043,0.867,-0.219,0.535,0.050,0.032,0.929,1.260,2,NULL,NULL,,3,0,2,7,255,979,250,0,0
stim,34123,64244,0,64244,3261579.455,0.813,-0.059,-0.064,0.576,3049,277,1012,3103,2330,2522,1098,2735,57,1.081,1,2095,1,21.356,0.719,-17.438,-6.563,-10.438,-0.121,-0.008,1.031,0.375,-0.613,0.449,0.054,0.032,0.929,1.260,2,NULL,NULL,,3,0,2,7,255,979,250,0,0
stim,34152,64273,0,64273,3261584.453,0.812,-0.058,-0.064,0.577,3037,295,1072,3089,2349,2531,1145,2735,57,1.081,1,2095,1,21.403,0.640,-16.563,-6.063,-12.125,-0.148,0.008,1.023,0.184,-0.613,0.340,0.058,0.034,0.929,1.260,2,NULL,NULL,,3,0,2,7,255,979,250,0,0
stim,34152,64273,0,64273,3261589.455,0.812,-0.058,-0.064,0.577,3029,304,1131,3083,2377,2527,1177,2741,57,1.081,1,2095,1,22.973,0.320,-14.563,-5.563,-16.875,-0.156,0.039,1.035,0.184,-0.262,0.340,0.060,0.034,0.929,1.260,2,NULL,NULL,,3,0,2,7,255,979,250,0,0
stim,34152,64273,0,64273,3261594.454,0.812,-0.057,-0.065,0.578,3005,313,1189,3065,2399,2535,1209,2759,57,1.081,1,2095,1,25.350,0.491,-14.375,-5.563,-20.125,-0.148,0.055,1.047,0.473,-0.133,0.457,0.062,0.034,0.929,1.260,2,NULL,NULL,,3,0,2,7,255,979,250,0,0
stim,34152,64273,0,64273,3261599.455,0.811,-0.056,-0.065,0.579,2991,312,1261,3059,2439,2529,1247,2765,57,1.081,1,2095,1,26.326,0.484,-17.500,-6.500,-18.563,-0.164,0.031,1.035,0.473,-0.105,0.461,0.066,0.034,0.929,1.260,2,NULL,NULL,,3,0,2,7,255,979,250,0,0
stim,34174,64295,0,64295,3261604.453,0.811,-0.055,-0.065,0.579,2972,313,1331,3037,2453,2533,1277,2769,57,1.081,1,2095,1,28.245,0.403,-20.938,-8.000,-17.188,-0.191,-0.016,1.008,0.398,-0.063,0.461,0.066,0.034,0.929,1.260,2,NULL,NULL,,3,0,2,7,255,979,250,0,0
stim,34174,64295,0,64295,3261609.455,0.810,-0.054,-0.065,0.580,2951,311,1387,3030,2481,2525,1307,2771,57,1.081,1,2095,1,30.529,0.154,-19.625,-9.625,-21.313,-0.180,-0.074,0.957,-0.141,-0.063,0.250,0.068,0.032,0.929,1.260,2,NULL,NULL,,3,0,2,7,255,979,250,0,0
stim,34174,64295,0,64295,3261614.454,0.810,-0.053,-0.065,0.581,2937,303,1432,3003,2501,2527,1337,2777,57,1.081,1,2095,1,28.328,0.652,-11.813,-11.938,-22.813,-0.117,-0.094,0.934,-0.641,-0.121,-0.242,0.070,0.030,0.929,1.260,2,NULL,NULL,,3,0,2,7,255,979,250,0,0
stim,34174,64295,0,64295,3261619.455,0.809,-0.052,-0.065,0.581,2911,281,1515,2984,2513,2535,1377,2783,57,1.081,1,2095,1,24.263,0.945,-1.750,-13.625,-20.000,-0.070,-0.047,0.961,-0.641,-0.695,-0.402,0.072,0.028,0.929,1.260,2,NULL,NULL,,3,0,2,7,255,979,250,0,0
stim,34174,64295,0,64295,3261624.454,0.809,-0.052,-0.064,0.582,2889,264,1577,2955,2535,2535,1399,2791,57,1.081,1,2095,1,21.838,0.872,5.188,-15.000,-15.000,-0.059,0.055,1.031,-0.027,-0.871,-0.402,0.074,0.026,0.929,1.260,2,NULL,NULL,,3,0,2,7,255,979,250,0,0
stim,34174,64295,0,64295,3261629.455,0.809,-0.052,-0.063,0.582,2867,260,1625,2933,2537,2531,1438,2793,57,1.081,1,2095,1,20.219,1.309,4.688,-14.063,-13.750,-0.066,0.133,1.090,0.977,-0.871,0.242,0.076,0.024,0.929,1.260,2,NULL,NULL,,3,0,2,7,255,979,250,0,0
stim,34220,64341,0,64341,3261634.453,0.808,-0.052,-0.062,0.583,2835,250,1679,2909,2555,2519,1461,2797,57,1.081,1,2095,1,19.444,1.767,-1.063,-12.625,-14.750,-0.070,0.129,1.094,1.652,-0.625,0.805,0.078,0.020,0.929,1.260,2,NULL,NULL,,3,0,2,7,255,979,250,0,0
stim,34220,64341,0,64341,3261639.455,0.808,-0.051,-0.062,0.583,2787,247,1717,2892,2577,2517,1491,2807,57,1.081,1,2095,1,19.967,1.751,-6.438,-11.250,-15.188,-0.090,0.102,1.055,1.652,-0.578,0.805,0.078,0.018,0.929,1.260,2,NULL,NULL,,3,0,2,7,255,979,250,0,0
stim,34220,64341,1,64341,3261644.453,0.808,-0.051,-0.062,0.584,2761,251,1752,2854,2599,2519,1547,2811,57,1.081,1,2095,1,21.447,1.377,-7.000,-10.125,-17.563,-0.113,0.086,1.016,1.305,-0.441,0.512,0.080,0.016,0.929,1.260,2,NULL,NULL,,3,1,2,7,255,979,250,0,0
stim,34220,64341,1,64341,3261649.455,0.807,-0.050,-0.061,0.585,2715,251,1821,2835,2609,2516,1583,2820,57,1.081,1,2095,1,24.730,1.082,-4.313,-9.313,-22.500,-0.117,0.066,1.000,1.063,-0.207,0.168,0.082,0.016,0.929,1.260,2,NULL,NULL,,3,1,2,7,255,979,250,0,0
stim,34220,64341,1,64341,3261654.453,0.807,-0.050,-0.061,0.586,2663,248,1865,2803,2615,2515,1625,2809,57,1.081,1,2095,1,28.982,0.903,-4.125,-8.375,-27.438,-0.105,0.035,1.004,0.879,-0.207,0.047,0.084,0.016,0.929,1.260,2,NULL,NULL,,3,1,2,7,255,979,250,0,0
stim,34220,64341,1,64341,3261659.455,0.806,-0.049,-0.061,0.587,2627,249,1901,2771,2629,2503,1671,2812,57,1.081,1,2095,1,31.214,0.720,-6.250,-8.063,-29.500,-0.105,-0.016,0.992,0.609,-0.383,0.039,0.088,0.018,0.929,1.260,2,NULL,NULL,,3,1,2,7,255,979,250,0,0
stim,34220,64341,1,64341,3261664.454,0.805,-0.049,-0.061,0.588,2571,241,1935,2743,2639,2500,1703,2815,57,1.081,1,2095,1,34.739,0.550,-9.625,-8.125,-32.375,-0.113,-0.066,0.977,0.156,-0.527,-0.039,0.090,0.022,0.929,1.260,2,NULL,NULL,,3,1,2,7,255,979,250,0,0
stim,34220,64341,1,64341,3261669.455,0.804,-0.048,-0.061,0.589,2515,245,1963,2716,2648,2490,1752,2813,57,1.081,1,2095,1,36.374,0.675,-8.938,-8.375,-34.250,-0.102,-0.090,0.938,-0.355,-0.574,-0.168,0.094,0.028,0.929,1.260,2,NULL,NULL,,3,1,2,7,255,979,250,0,0
stim,34240,64361,1,64361,3261674.454,0.803,-0.047,-0.061,0.590,2455,239,1997,2687,2664,2489,1799,2823,57,1.081,1,2095,1,34.369,0.814,-2.750,-8.500,-33.188,-0.086,-0.078,0.926,-0.430,-0.691,-0.574,0.096,0.032,0.929,1.260,2,NULL,NULL,,3,1,2,7,255,979,250,0,0
stim,34240,64361,1,64361,3261679.455,0.803,-0.047,-0.060,0.591,2403,239,2029,2650,2675,2485,1839,2827,57,1.081,1,2095,1,32.351,0.814,2.813,-8.813,-31.000,-0.090,-0.043,0.953,-0.430,-0.691,-0.574,0.100,0.036,0.929,1.260,2,NULL,NULL,,3,1,2,7,255,979,250,0,0
stim,34240,64361,1,64361,3261684.454,0.802,-0.047,-0.060,0.593,2340,233,2072,2611,2683,2479,1875,2829,57,1.081,1,2095,1,31.954,0.654,4.500,-8.625,-30.438,-0.109,-0.023,0.992,-0.086,-0.648,-0.426,0.102,0.038,0.929,1.260,2,NULL,NULL,,3,1,2,7,255,979,250,0,0
stim,34240,64361,1,64361,3261689.455,0.801,-0.046,-0.060,0.594,2291,227,2111,2595,2697,2477,1901,2834,57,1.081,1,2095,1,33.171,0.447,0.250,-8.500,-32.063,-0.117,-0.035,1.012,-0.035,-0.445,-0.047,0.104,0.040,0.929,1.260,2,NULL,NULL,,3,1,2,7,255,979,250,0,0
stim,34266,64387,1,64387,3261694.453,0.800,-0.046,-0.059,0.595,2207,223,2159,2547,2709,2475,1941,2837,57,1.081,1,2095,1,34.025,0.447,-4.188,-8.938,-32.563,-0.113,-0.055,0.992,-0.035,-0.445,-0.004,0.106,0.042,0.929,1.260,2,NULL,NULL,,3,1,2,7,255,979,250,0,0
stim,34266,64387,1,64387,3261699.455,0.800,-0.045,-0.059,0.596,2145,231,2200,2513,2717,2472,1967,2840,57,1.081,1,2095,1,34.909,0.479,-8.000,-9.500,-32.625,-0.129,-0.066,0.988,-0.227,-0.422,-0.004,0.110,0.042,0.929,1.260,2,NULL,NULL,,3,1,2,7,255,979,250,0,0
stim,34266,64387,1,64387,3261704.454,0.799,-0.044,-0.059,0.597,2084,231,2237,2483,2729,2469,2008,2843,57,1.081,1,2095,1,38.924,0.428,-9.250,-10.313,-36.375,-0.133,-0.047,0.988,-0.227,-0.363,-0.023,0.112,0.042,0.929,1.260,2,NULL,NULL,,3,1,2,7,255,979,250,0,0
stim,34266,64387,1,64387,3261709.455,0.798,-0.044,-0.059,0.599,2023,228,2277,2455,2735,2467,2043,2847,57,1.081,1,2095,1,40.278,0.418,-11.563,-10.938,-37.000,-0.102,-0.012,0.992,-0.207,-0.363,-0.035,0.112,0.042,0.929,1.260,2,NULL,NULL,,3,1,2,7,255,979,250,0,0
stim,34266,64387,1,64387,3261714.453,0.797,-0.043,-0.059,0.600,1965,232,2317,2413,2744,2461,2085,2847,57,1.081,1,2095,1,42.257,0.496,-13.750,-9.750,-38.750,-0.090,-0.020,0.984,0.184,-0.461,-0.035,0.114,0.040,0.929,1.260,2,NULL,NULL,,3,1,2,7,255,979,250,0,0
stim,34266,64387,1,64387,3261719.455,0.796,-0.042,-0.059,0.601,1909,232,2349,2377,2756,2459,2123,2853,57,1.081,1,2095,1,38.311,0.605,-14.750,-11.125,-33.563,-0.051,-0.027,0.996,0.223,-0.563,-0.090,0.114,0.038,0.929,1.260,2,NULL,NULL,,3,1,2,7,255,979,250,0,0
stim,34318,64439,1,64439,3261724.454,0.795,-0.041,-0.059,0.602,1851,237,2387,2345,2765,2457,2143,2856,57,1.081,1,2095,1,41.667,0.776,-19.063,-8.500,-36.063,-0.082,-0.082,0.980,0.184,-0.754,-0.141,0.114,0.038,0.929,1.260,2,NULL,NULL,,3,1,2,7,255,979,250,0,0
stim,34318,64439,1,64439,3261729.455,0.794,-0.039,-0.059,0.603,1799,235,2421,2314,2777,2455,2169,2861,57,1.081,1,2095,1,36.891,0.946,-19.625,-10.625,-29.375,-0.055,-0.066,0.969,-0.125,-0.938,-0.148,0.116,0.038,0.929,1.260,2,NULL,NULL,,3,1,2,7,255,979,250,0,0
stim,34318,64439,1,64439,3261734.453,0.794,-0.038,-0.060,0.604,1741,247,2451,2283,2787,2453,2200,2861,57,1.081,1,2095,1,37.574,0.835,-18.188,-7.813,-31.938,-0.090,-0.094,0.953,-0.359,-0.754,-0.313,0.118,0.036,0.929,1.260,2,NULL,NULL,,3,1,2,7,255,979,250,0,0
stim,34318,64439,1,64439,3261739.455,0.793,-0.037,-0.060,0.605,1691,254,2477,2258,2792,2451,2223,2863,57,1.081,1,2095,1,34.222,0.872,-18.688,-9.813,-26.938,-0.063,-0.059,1.000,-0.125,-0.863,-0.313,0.120,0.034,0.929,1.260,2,NULL,NULL,,3,1,2,7,255,979,250,0,0
stim,34318,64439,1,64439,3261744.454,0.792,-0.036,-0.060,0.606,1638,252,2505,2235,2800,2451,2257,2871,57,1.081,1,2095,1,39.546,0.656,-24.875,-8.438,-29.563,-0.102,-0.047,1.012,-0.016,-0.656,-0.012,0.122,0.032,0.929,1.260,2,NULL,NULL,,3,1,2,7,255,979,250,0,0
stim,34318,64439,1,64439,3261749.455,0.792,-0.035,-0.060,0.607,1587,253,2531,2207,2809,2447,2295,2872,57,1.081,1,2095,1,42.249,0.586,-28.500,-9.938,-29.563,-0.074,-0.012,0.984,0.020,-0.586,-0.012,0.122,0.030,0.929,1.260,2,NULL,NULL,,3,1,2,7,255,979,250,0,0
stim,34318,64439,1,64439,3261754.453,0.791,-0.034,-0.061,0.608,1519,251,2555,2185,2822,2446,2323,2871,57,1.081,1,2095,1,33.867,0.655,-21.063,-9.688,-24.688,-0.066,-0.023,0.922,0.293,-0.586,-0.160,0.124,0.028,0.929,1.260,2,NULL,NULL,,3,1,2,7,255,979,250,0,0
stim,34318,64439,1,64439,3261759.455,0.791,-0.033,-0.061,0.609,1446,255,2581,2157,2830,2445,2345,2876,57,1.081,1,2095,1,27.298,0.655,-13.750,-9.688,-21.500,-0.090,-0.063,0.965,0.293,-0.586,-0.289,0.126,0.026,0.929,1.260,2,NULL,NULL,,3,1,2,7,255,979,250,0,0
stim,34340,64461,1,64461,3261764.453,0.790,-0.032,-0.061,0.609,1384,269,2599,2135,2837,2445,2367,2885,57,1.081,1,2095,1,26.555,0.513,-13.313,-10.500,-20.438,-0.094,-0.063,1.023,-0.035,-0.512,-0.289,0.126,0.024,0.929,1.260,2,NULL,NULL,,3,1,2,7,255,979,250,0,0
stim,34340,64461,1,64461,3261769.455,0.790,-0.031,-0.061,0.610,1331,271,2623,2099,2852,2445,2393,2891,57,1.081,1,2095,1,27.924,0.513,-16.188,-10.375,-20.250,-0.082,-0.055,1.008,-0.035,-0.512,0.105,0.128,0.020,0.929,1.260,2,NULL,NULL,,3,1,2,7,255,979,250,0,0
stim,34340,64461,1,64461,3261774.454,0.789,-0.030,-0.061,0.611,1240,269,2635,2067,2853,2442,2419,2879,57,1.081,1,2095,1,28.449,0.587,-17.750,-9.313,-20.188,-0.074,-0.070,0.977,-0.035,-0.586,0.105,0.130,0.018,0.929,1.260,2,NULL,NULL,,3,1,2,7,255,979,250,0,0
stim,34340,64461,1,64461,3261779.455,0.789,-0.029,-0.061,0.611,1189,268,2655,2031,2863,2445,2432,2891,57,1.081,1,2095,1,24.903,0.640,-15.125,-9.688,-17.250,-0.070,-0.082,0.973,-0.063,-0.637,-0.203,0.132,0.016,0.929,1.260,2,NULL,NULL,,3,1,2,7,255,979,250,0,0
stim,34340,64461,1,64461,3261784.453,0.788,-0.028,-0.061,0.612,1124,267,2665,1984,2861,2441,2461,2889,57,1.081,1,2095,1,22.315,0.649,-13.438,-10.438,-14.438,-0.086,-0.074,0.992,-0.125,-0.637,-0.203,0.136,0.014,0.929,1.260,2,NULL,NULL,,3,1,2,7,255,979,250,0,0
stim,34340,64461,1,64461,3261789.455,0.788,-0.027,-0.061,0.612,1069,263,2683,1956,2875,2443,2487,2899,57,1.081,1,2095,1,21.941,0.534,-13.563,-10.813,-13.438,-0.102,-0.066,1.012,-0.125,-0.520,-0.043,0.138,0.014,0.929,1.260,2,NULL,NULL,,3,1,2,7,255,979,250,0,0
stim,34370,64491,1,64491,3261794.454,0.788,-0.027,-0.061,0.612,1033,255,2701,1897,2877,2441,2509,2902,57,1.081,1,2095,1,24.022,0.412,-15.750,-10.813,-14.563,-0.094,-0.063,1.012,-0.039,-0.410,0.164,0.140,0.014,0.929,1.260,2,NULL,NULL,,3,1,2,7,255,979,250,0,0
stim,34370,64491,1,64491,3261799.455,0.787,-0.026,-0.061,0.613,965,252,2717,1836,2875,2431,2525,2907,57,1.081,1,2095,1,24.980,0.412,-16.688,-11.063,-14.938,-0.074,-0.078,0.980,-0.039,-0.410,0.164,0.142,0.014,0.929,1.260,2,NULL,NULL,,3,1,2,7,255,979,250,0,0
stim,34370,64491,1,64491,3261804.453,0.787,-0.025,-0.061,0.613,907,245,2727,1772,2891,2437,2539,2908,57,1.081,1,2095,1,21.603,0.583,-13.125,-11.688,-12.563,-0.066,-0.086,0.957,-0.102,-0.574,-0.152,0.144,0.014,0.929,1.260,2,NULL,NULL,,3,1,2,7,255,979,250,0,0
stim,34370,64491,1,64491,3261809.455,0.787,-0.024,-0.060,0.614,842,241,2734,1707,2897,2429,2553,2911,57,1.081,1,2095,1,17.608,0.589,-7.563,-12.313,-10.063,-0.074,-0.082,0.965,-0.129,-0.574,-0.301,0.146,0.014,0.929,1.260,2,NULL,NULL,,3,1,2,7,255,979,250,0,0
stim,34371,64492,1,64492,3261814.454,0.787,-0.023,-0.060,0.614,725,239,2748,1625,2901,2427,2573,2904,57,1.081,1,2095,1,16.281,0.569,-3.875,-12.688,-9.438,-0.082,-0.078,0.996,-0.129,-0.555,-0.301,0.148,0.016,0.929,1.260,2,NULL,NULL,,3,1,2,7,255,979,250,0,0
stim,34371,64492,1,64492,3261819.455,0.786,-0.023,-0.060,0.614,665,235,2757,1531,2907,2423,2585,2916,57,1.081,1,2095,1,16.088,0.483,-3.563,-12.438,-9.563,-0.082,-0.074,1.016,-0.078,-0.477,0.004,0.152,0.016,0.929,1.260,2,NULL,NULL,,3,1,2,7,255,979,250,0,0
stim,34399,64520,1,64520,3261824.454,0.786,-0.022,-0.059,0.615,596,231,2769,1438,2917,2419,2597,2919,57,1.081,1,2095,1,16.308,0.477,-5.063,-12.250,-9.500,-0.074,-0.066,1.016,-0.023,-0.477,0.188,0.154,0.016,0.929,1.260,2,NULL,NULL,,3,1,2,7,255,979,250,0,0
stim,34399,64520,1,64520,3261829.455,0.786,-0.022,-0.059,0.615,504,228,2779,1363,2915,2411,2613,2919,57,1.081,1,2095,1,16.120,0.529,-6.000,-12.313,-8.500,-0.070,-0.059,1.008,0.078,-0.523,0.188,0.156,0.018,0.929,1.260,2,NULL,NULL,,3,1,2,7,255,979,250,0,0
stim,34422,64543,1,64543,3261834.454,0.786,-0.021,-0.059,0.615,443,213,2781,1272,2920,2405,2621,2923,57,1.081,1,2095,1,15.815,0.543,-6.375,-12.563,-7.188,-0.070,-0.055,0.996,0.145,-0.523,0.090,0.158,0.020,0.929,1.260,2,NULL,NULL,,3,1,2,7,255,979,250,0,0
stim,34422,64543,1,64543,3261839.455,0.786,-0.021,-0.058,0.615,383,198,2791,1211,2927,2402,2635,2925,57,1.081,1,2095,1,15.257,0.520,-5.438,-13.125,-5.563,-0.082,-0.066,0.992,0.145,-0.500,-0.020,0.160,0.022,0.929,1.260,2,NULL,NULL,,3,1,2,7,255,979,250,0,0
stim,34422,64543,1,64543,3261844.453,0.786,-0.020,-0.058,0.615,315,155,2799,1107,2927,2396,2649,2931,57,1.081,1,2095,1,15.123,0.402,-3.625,-13.688,-5.313,-0.090,-0.066,0.992,0.051,-0.398,-0.031,0.164,0.026,0.929,1.260,2,NULL,NULL,,3,1,2,7,255,979,250,0,0
stim,34422,64543,1,64543,3261849.455,0.786,-0.020,-0.057,0.616,254,157,2809,998,2939,2390,2664,2937,57,1.081,1,2095,1,15.388,0.309,-1.000,-14.188,-5.875,-0.098,-0.059,1.004,0.051,-0.305,-0.031,0.166,0.032,0.929,1.260,2,NULL,NULL,,3,1,2,7,255,979,250,0,0
stim,34422,64543,1,64543,3261854.454,0.786,-0.019,-0.057,0.616,183,139,2823,872,2943,2385,2671,2925,57,1.081,1,2095,1,16.474,0.220,1.063,-14.875,-7.000,-0.105,-0.039,1.020,0.063,-0.211,0.078,0.168,0.040,0.929,1.260,2,NULL,NULL,,3,1,2,7,255,979,250,0,0
stim,34422,64543,1,64543,3261859.455,0.785,-0.019,-0.056,0.616,138,83,2825,750,2951,2365,2684,2936,57,1.081,1,2095,1,19.264,0.275,-0.188,-15.500,-11.438,-0.109,-0.012,1.031,0.262,-0.086,0.242,0.166,0.046,0.929,1.260,2,NULL,NULL,,3,1,2,7,255,979,250,0,0
stim,34422,64543,1,64543,3261864.453,0.785,-0.018,-0.056,0.617,119,73,2838,669,2953,2355,2703,2939,57,1.081,1,2095,1,23.198,0.503,-2.438,-16.313,-16.313,-0.098,0.000,1.035,0.500,-0.059,0.328,0.162,0.054,0.929,1.260,2,NULL,NULL,,3,1,2,7,255,979,250,0,0
stim,34422,64543,1,64543,3261869.455,0.785,-0.018,-0.055,0.617,82,75,2841,547,2959,2345,2715,2949,57,1.081,1,2095,1,23.875,0.620,-1.250,-17.563,-16.125,-0.082,-0.008,1.023,0.617,-0.059,0.328,0.156,0.062,0.929,1.260,2,NULL,NULL,,3,1,2,7,255,979,250,0,0
stim,34422,64543,1,64543,3261874.454,0.784,-0.017,-0.054,0.618,46,57,2853,472,2967,2327,2733,2941,57,1.081,1,2095,1,24.772,0.642,-0.250,-18.750,-16.188,-0.090,-0.027,1.027,0.617,-0.176,0.270,0.150,0.068,0.929,1.260,2,NULL,NULL,,3,1,2,7,255,979,250,0,0
stim,34422,64543,1,64543,3261879.455,0.784,-0.017,-0.053,0.618,39,46,2869,411,2973,2329,2747,2950,57,1.081,1,2095,1,26.033,0.425,3.563,-20.750,-15.313,-0.125,-0.063,1.059,0.387,-0.176,0.270,0.146,0.074,0.929,1.260,2,NULL,NULL,,3,1,2,7,255,979,250,0,0
stim,34452,64573,1,64573,3261884.453,0.783,-0.016,-0.053,0.619,31,31,2867,351,2981,2297,2751,2943,57,1.081,1,2095,1,29.085,0.084,4.063,-23.063,-17.250,-0.172,-0.109,1.082,0.016,0.082,0.668,0.142,0.080,0.929,1.260,2,NULL,NULL,,3,1,2,7,255,979,250,0,0
stim,34452,64573,1,64573,3261889.455,0.783,-0.016,-0.052,0.620,24,25,2878,294,2975,2279,2771,2951,57,1.081,1,2095,1,35.073,0.681,1.313,-25.063,-24.500,-0.203,-0.184,1.066,-0.531,0.426,0.887,0.134,0.088,0.929,1.260,2,NULL,NULL,,3,1,2,7,255,979,250,0,0
stim,34452,64573,0,64573,3261894.454,0.782,-0.015,-0.051,0.621,20,17,2893,267,2984,2261,2783,2949,57,1.081,1,2095,1,41.288,1.401,6.875,-28.188,-29.375,-0.203,-0.223,1.086,-1.309,0.500,0.945,0.126,0.096,0.929,1.260,2,NULL,NULL,,3,0,2,7,255,976,250,0,0
stim,34452,64573,0,64573,3261899.455,0.781,-0.014,-0.050,0.622,17,2,2889,219,2989,2245,2797,2954,57,1.081,1,2095,1,44.310,1.401,10.375,-31.625,-29.250,-0.145,-0.156,1.113,-1.309,0.500,1.121,0.116,0.104,0.929,1.260,2,NULL,NULL,,3,0,2,7,255,976,250,0,0
stim,34475,64596,0,64596,3261904.453,0.781,-0.014,-0.048,0.623,13,0,2905,171,2996,2231,2807,2955,57,1.081,1,2095,1,46.018,0.913,13.000,-33.063,-29.250,-0.133,-0.082,1.172,-0.902,0.141,1.277,0.106,0.114,0.929,1.260,2,NULL,NULL,,3,0,2,7,255,976,250,0,0
stim,34475,64596,0,64596,3261909.455,0.780,-0.013,-0.046,0.624,11,0,2904,119,2995,2203,2825,2967,57,1.081,1,2095,1,43.482,0.156,11.500,-38.250,-17.188,-0.102,-0.012,1.242,-0.121,0.098,1.777,0.098,0.122,0.929,1.260,2,NULL,NULL,,3,0,2,7,255,976,250,0,0
stim,34475,64596,0,64596,3261914.454,0.780,-0.011,-0.046,0.624,5,0,2907,105,3013,2172,2843,2953,57,1.081,1,2095,0,42.644,0.060,-14.000,-38.125,-13.000,-0.078,-0.082,1.145,-0.059,-0.012,1.777,0.090,0.132,0.929,1.260,3,NULL,NULL,,3,0,2,7,255,976,250,0,0
stim,34475,64596,0,64596,3261919.455,0.780,-0.010,-0.045,0.624,0,0,2915,79,3016,2149,2840,2963,57,1.081,1,2095,0,44.751,0.111,-17.188,-41.000,-5.125,-0.105,-0.180,1.008,-0.059,-0.094,1.469,0.082,0.144,0.929,1.260,3,NULL,NULL,,3,0,2,7,255,976,250,0,0
stim,34475,64596,0,64596,3261924.454,0.780,-0.008,-0.043,0.624,0,0,2920,68,3013,2120,2861,2967,57,1.081,1,2095,0,45.129,1.144,-3.938,-44.938,-1.313,-0.152,-0.211,0.992,-1.141,-0.094,0.215,0.076,0.154,0.929,1.260,3,NULL,NULL,,3,0,2,7,255,976,250,0,0
stim,34475,64596,0,64596,3261929.455,0.780,-0.007,-0.042,0.624,0,0,2921,41,3017,2069,2868,2969,57,1.081,1,2095,0,48.644,1.563,5.750,-47.688,-7.688,-0.188,-0.199,1.016,-1.523,0.348,0.215,0.070,0.166,0.929,1.260,3,NULL,NULL,,3,0,2,7,255,976,250,0,0
stim,34519,64640,0,64640,3261934.454,0.780,-0.006,-0.040,0.625,0,0,2912,31,3023,2015,2875,2971,57,1.081,1,2095,0,54.731,1.691,13.125,-51.188,-14.250,-0.180,-0.137,1.078,-1.523,0.734,0.387,0.064,0.176,0.929,1.260,3,NULL,NULL,,3,0,2,7,255,976,250,0,0
stim,34519,64640,0,64640,3261939.455,0.779,-0.005,-0.038,0.625,0,0,2915,26,3027,1965,2887,2963,57,1.081,1,2095,0,58.519,1.133,14.438,-54.063,-17.125,-0.133,-0.109,1.133,-0.863,0.734,0.918,0.056,0.186,0.929,1.260,3,NULL,NULL,,3,0,2,7,255,976,250,0,0
stim,34519,64640,0,64640,3261944.453,0.779,-0.004,-0.035,0.626,0,0,2918,18,3033,1915,2895,2969,57,1.081,1,2095,0,60.472,0.718,14.250,-57.000,-14.313,-0.094,-0.121,1.113,-0.578,0.426,1.207,0.046,0.198,0.929,1.260,3,NULL,NULL,,3,0,2,7,255,976,250,0,0
stim,34519,64640,0,64640,3261949.455,0.779,-0.003,-0.033,0.626,0,0,2913,0,3035,1855,2907,2965,57,1.081,1,2095,0,64.107,0.586,16.875,-61.063,-9.813,-0.090,-0.129,1.129,-0.578,0.094,1.363,0.036,0.210,0.929,1.260,3,NULL,NULL,,3,0,2,7,255,976,250,0,0
stim,34519,64640,0,64640,3261954.454,0.779,-0.002,-0.030,0.626,0,0,2904,0,3033,1783,2915,2961,57,1.081,1,2095,0,67.830,0.586,19.563,-64.688,-5.813,-0.117,-0.086,1.184,-0.578,0.094,1.363,0.024,0.222,0.929,1.260,3,NULL,NULL,,3,0,2,7,255,976,250,0,0
stim,34519,64640,0,64640,3261959.455,0.779,-0.001,-0.027,0.626,0,0,2901,0,3035,1711,2915,2962,57,1.081,1,2095,0,72.250,0.543,19.500,-69.375,-5.188,-0.145,-0.035,1.211,-0.281,0.465,1.879,0.020,0.238,0.929,1.260,3,NULL,NULL,,3,0,2,7,255,976,250,0,0
stim,34548,64669,0,64669,3261964.453,0.779,0.001,-0.024,0.627,0,0,2885,0,3035,1627,2921,2952,57,1.081,1,2095,0,77.016,0.929,21.125,-73.688,-7.438,-0.148,-0.027,1.227,0.141,0.918,2.105,0.028,0.254,0.929,1.260,3,NULL,NULL,,3,0,2,7,255,976,250,0,0
stim,34548,64669,0,64669,3261969.455,0.779,0.002,-0.021,0.627,0,0,2860,0,3029,1525,2923,2941,57,1.081,1,2095,0,83.827,1.018,26.625,-79.313,-5.250,-0.137,0.008,1.262,0.168,1.004,2.258,0.046,0.276,0.929,1.260,3,NULL,NULL,,3,0,2,7,255,976,250,0,0
stim,34548,64669,0,64669,3261974.454,0.779,0.003,-0.017,0.627,0,0,2843,0,3033,1397,2935,2933,57,1.081,1,2095,0,89.764,1.164,27.625,-85.250,-5.188,-0.125,0.051,1.320,0.492,1.055,2.578,0.070,0.300,0.929,1.260,3,NULL,NULL,,3,0,2,7,255,976,250,0,0
stim,34548,64669,0,64669,3261979.455,0.779,0.004,-0.013,0.627,0,0,2823,0,3035,1273,2941,2935,57,1.081,1,2095,0,95.960,1.439,31.000,-90.625,-5.875,-0.137,0.125,1.289,0.922,1.105,2.766,0.102,0.330,0.929,1.260,3,NULL,NULL,,3,0,2,7,255,976,250,0,0
stim,34548,64669,0,64669,3261984.454,0.779,0.005,-0.009,0.627,0,0,2791,0,3027,1061,2951,2924,57,1.081,1,2095,0,104.984,2.114,39.750,-96.938,-6.688,-0.152,0.191,1.359,1.527,1.461,3.113,0.138,0.368,0.929,1.260,3,NULL,NULL,,3,0,2,7,255,976,250,0,0
stim,34548,64669,0,64669,3261989.455,0.779,0.006,-0.004,0.627,0,0,2765,0,3032,904,2949,2907,57,1.081,1,2095,0,114.968,2.720,46.813,-104.813,-6.375,-0.176,0.191,1.449,1.996,1.848,3.414,0.180,0.410,0.929,1.260,3,NULL,NULL,,3,0,2,7,255,976,250,0,0
stim,34548,64669,0,64669,3261994.453,0.779,0.008,0.001,0.627,0,0,2707,0,3033,711,2953,2891,57,1.081,1,2095,0,120.448,2.944,39.188,-113.750,-5.750,-0.207,0.184,1.531,1.996,2.164,4.309,0.226,0.456,0.929,1.260,3,NULL,NULL,,3,0,2,7,255,976,250,0,0
stim,34548,64669,0,64669,3261999.455,0.779,0.010,0.006,0.627,0,0,2639,0,3023,589,2963,2869,57,1.081,1,2095,0,125.046,2.944,22.625,-122.875,-5.125,-0.125,0.227,1.543,1.996,2.164,5.105,0.278,0.508,0.929,1.260,3,NULL,NULL,,3,0,2,7,255,976,250,0,0
stim,34571,64692,0,64692,3262004.454,0.779,0.013,0.011,0.627,0,0,2584,0,3021,414,2953,2841,57,1.081,1,2095,0,132.396,3.479,16.875,-131.188,5.813,-0.160,0.309,1.473,2.332,2.582,5.105,0.334,0.566,0.929,1.260,3,NULL,NULL,,3,0,2,7,255,976,250,0,0
stim,34571,64692,0,64692,3262009.455,0.779,0.016,0.016,0.626,0,0,2507,0,3002,284,2952,2823,57,1.081,1,2095,0,145.919,3.795,20.688,-144.188,8.625,-0.246,0.305,1.469,2.691,2.676,4.434,0.396,0.630,0.929,1.260,3,NULL,NULL,,3,0,2,7,255,976,250,0,0
stim,34571,64692,0,64692,3262014.453,0.779,0.020,0.022,0.626,0,0,2407,0,2998,181,2943,2777,57,1.081,1,2095,0,159.192,4.710,27.750,-156.750,-1.188,-0.230,0.348,1.547,2.949,3.672,4.434,0.466,0.704,0.929,1.260,3,NULL,NULL,,3,0,2,7,255,976,250,0,0
stim,34571,64692,0,64692,3262019.455,0.779,0.023,0.029,0.626,0,0,2303,0,2980,106,2951,2730,57,1.081,1,2095,0,169.017,4.909,26.813,-166.875,-0.813,-0.207,0.445,1.738,3.043,3.852,5.055,0.550,0.790,0.929,1.260,3,NULL,NULL,,3,0,2,7,255,976,250,0,0
stim,34626,64747,0,64747,3262024.454,0.780,0.028,0.035,0.625,0,0,2181,0,2967,37,2935,2668,57,1.081,1,2095,0,182.726,5.774,16.500,-181.563,12.313,-0.262,0.559,1.961,3.992,4.172,6.902,0.640,0.884,0.929,1.260,3,NULL,NULL,,3,0,2,7,255,976,250,0,0
stim,34626,64747,0,64747,3262029.455,0.780,0.033,0.042,0.624,0,0,2055,0,2952,0,2921,2579,57,1.081,1,2095,0,198.125,7.294,3.500,-197.063,20.188,-0.375,0.723,2.199,4.914,5.391,8.918,0.734,0.982,0.929,1.260,3,NULL,NULL,,3,0,2,7,255,976,250,0,0
stim,34626,64747,0,64747,3262034.453,0.780,0.040,0.049,0.622,0,0,1875,0,2919,0,2907,2483,57,1.081,1,2095,0,215.519,9.612,-19.813,-212.813,27.688,-0.359,0.777,2.441,6.137,7.398,11.004,0.826,1.080,0.929,1.260,3,NULL,NULL,,3,0,2,7,255,976,250,0,0
stim,34626,64747,0,64747,3262039.455,0.781,0.048,0.055,0.620,0,0,1717,0,2887,0,2889,2381,57,1.081,1,2095,0,241.721,10.148,-59.313,-230.188,43.875,-0.531,0.762,2.516,6.137,8.082,13.262,0.914,1.172,0.929,1.260,3,NULL,NULL,,3,0,2,7,255,976,250,0,0
stim,34626,64747,0,64747,3262044.454,0.781,0.057,0.061,0.618,0,0,1561,0,2839,0,2854,2219,57,1.081,1,2095,0,262.551,11.969,-84.875,-246.125,33.938,-0.586,0.695,2.535,6.121,10.285,13.402,0.994,1.256,0.929,1.260,3,NULL,NULL,,3,0,2,7,255,976,250,0,0
stim,34626,64747,0,64747,3262049.455,0.782,0.069,0.067,0.617,0,0,1445,0,2792,0,2823,2039,57,1.081,1,2095,0,290.854,12.473,-110.563,-267.125,31.875,-0.570,0.547,2.582,5.410,11.238,13.527,1.068,1.336,0.929,1.260,3,NULL,NULL,,3,0,2,7,255,976,250,0,0
stim,34626,64747,0,64747,3262054.453,0.782,0.081,0.072,0.614,0,0,1322,0,2733,0,2765,1843,57,1.081,1,2095,0,324.109,12.146,-149.250,-283.625,48.250,-0.680,0.383,2.547,4.109,11.430,13.402,1.130,1.404,0.929,1.260,3,NULL,NULL,,3,0,2,7,255,976,250,0,0
stim,34626,64747,0,64747,3262059.455,0.781,0.096,0.078,0.612,0,0,1216,0,2655,0,2681,1674,57,1.081,1,2095,0,351.019,12.884,-174.625,-301.625,41.750,-0.840,0.270,2.367,2.430,12.652,12.848,1.188,1.466,0.929,1.260,3,NULL,NULL,,3,0,2,7,255,976,250,0,0
stim,34626,64747,0,64747,3262064.454,0.780,0.111,0.083,0.610,0,0,1147,0,2573,0,2588,1447,57,1.081,1,2095,0,372.201,13.169,-186.563,-321.063,25.438,-0.789,0.133,2.059,1.117,13.121,10.465,1.248,1.530,0.929,1.260,3,NULL,NULL,,3,0,2,7,255,976,250,0,0
stim,34626,64747,0,64747,3262069.455,0.779,0.125,0.090,0.608,0,0,1051,0,2439,0,2461,1235,57,1.081,1,2095,0,381.849,13.124,-168.813,-342.063,17.438,-0.723,0.141,1.852,0.270,13.121,7.391,1.318,1.604,0.929,1.260,3,NULL,NULL,,3,0,2,7,255,976,250,0,0
stim,34626,64747,0,64747,3262074.454,0.777,0.140,0.098,0.606,0,0,883,0,2291,0,2302,1043,57,1.081,1,2095,0,380.031,12.464,-151.563,-348.500,-0.375,-0.547,0.348,1.832,0.270,12.461,5.180,1.398,1.686,0.929,1.260,3,NULL,NULL,,3,0,2,7,255,976,250,0,0
stim,34626,64747,0,64747,3262079.455,0.775,0.153,0.107,0.604,0,0,725,0,2077,0,2115,855,57,1.081,1,2095,0,368.140,12.690,-111.375,-350.688,-11.875,-0.605,0.305,2.191,2.398,12.461,5.180,1.486,1.776,0.929,1.260,3,NULL,NULL,,3,0,2,7,255,976,250,0,0
stim,34661,64782,0,64782,3262084.454,0.772,0.166,0.116,0.602,0,0,546,0,1815,0,1893,700,57,1.081,1,2095,0,370.877,14.162,-106.563,-354.875,-16.063,-0.750,0.328,2.730,2.578,13.926,7.617,1.576,1.870,0.929,1.260,3,NULL,NULL,,3,0,2,7,255,976,250,0,0
stim,34661,64782,0,64782,3262089.455,0.769,0.181,0.124,0.601,0,0,329,0,1545,0,1625,521,57,1.081,1,2095,0,407.472,18.078,-175.000,-367.813,-11.063,-0.887,0.156,2.758,2.398,17.918,10.719,1.662,1.958,0.929,1.260,3,NULL,NULL,,3,0,2,7,255,976,250,0,0
stim,34661,64782,0,64782,3262094.453,0.765,0.199,0.130,0.599,0,0,293,0,1300,0,1287,411,57,1.081,1,2095,0,449.768,17.941,-246.625,-375.625,-19.313,-0.645,0.109,2.258,0.914,17.918,10.719,1.744,2.042,0.929,1.260,3,NULL,NULL,,3,0,2,7,255,976,250,0,0
stim,34661,64782,0,64782,3262099.455,0.759,0.218,0.136,0.598,0,0,201,0,1007,0,826,341,57,1.081,1,2095,0,462.426,15.944,-265.375,-376.563,-40.188,-0.395,0.098,1.586,0.914,15.918,6.762,1.818,2.116,0.929,1.260,3,NULL,NULL,,3,0,2,7,255,976,250,0,0
stim,34661,64782,0,64782,3262104.453,0.754,0.234,0.143,0.597,0,0,117,0,679,0,359,267,57,1.081,1,2095,0,426.975,11.217,-202.438,-372.938,-47.375,-0.230,0.391,1.641,1.199,11.152,1.852,1.884,2.186,0.929,1.260,3,NULL,NULL,,3,0,2,7,255,976,250,0,0
stim,34661,64782,0,64782,3262109.455,0.749,0.249,0.152,0.595,0,0,72,0,395,0,166,227,57,1.081,1,2095,0,404.740,12.041,-166.875,-365.500,-48.750,-0.332,0.793,2.277,4.539,11.152,1.852,1.944,2.248,0.929,1.260,3,NULL,NULL,,3,0,2,7,255,976,250,0,0
stim,34683,64804,0,64804,3262114.454,0.743,0.267,0.156,0.593,0,0,47,0,219,0,0,168,57,1.081,1,2095,0,446.947,18.413,-265.250,-359.500,-12.813,-0.527,0.766,2.543,8.688,16.234,5.184,2.002,2.310,0.929,1.260,3,NULL,NULL,,3,0,2,7,255,976,250,0,0
stim,34683,64804,0,64804,3262119.455,0.737,0.289,0.156,0.591,0,0,27,0,11,0,0,126,57,1.081,1,2095,0,522.689,21.598,-402.188,-333.688,10.063,-0.750,0.938,2.195,8.848,19.703,5.184,2.058,2.368,0.929,1.260,4,NULL,NULL,,3,0,2,7,255,976,250,0,0
stim,34683,64804,0,64804,3262124.454,0.728,0.312,0.153,0.591,0,0,19,0,0,0,0,115,57,1.081,1,2095,0,574.392,22.041,-490.938,-297.750,-15.875,-0.891,1.289,1.605,9.879,19.703,0.262,2.098,2.410,0.929,1.260,0,NULL,NULL,,3,0,2,7,255,976,250,0,0
stim,34683,64804,0,64804,3262129.455,0.718,0.334,0.150,0.591,0,0,27,0,0,0,0,105,57,1.081,1,2095,0,570.761,21.691,-501.938,-267.000,-50.375,-1.078,1.496,1.383,12.457,17.758,-6.934,2.122,2.438,0.929,1.260,0,NULL,NULL,,3,0,2,7,255,976,250,0,0
stim,34722,64843,0,64843,3262134.454,0.707,0.355,0.145,0.594,0,0,16,0,0,0,0,93,57,1.081,1,2095,0,552.291,22.545,-493.063,-231.688,-90.750,-1.156,1.527,1.539,13.891,17.758,-11.270,2.136,2.452,0.929,1.260,0,NULL,NULL,,3,0,2,7,255,976,250,0,0
stim,34722,64843,0,64843,3262139.455,0.695,0.377,0.138,0.597,0,0,12,0,0,0,0,84,57,1.081,1,2095,0,603.042,22.548,-567.375,-178.938,-98.625,-1.199,1.230,1.410,13.891,17.762,-11.711,2.142,2.462,0.929,1.260,0,NULL,NULL,,3,0,2,7,255,976,250,0,0
stim,34722,64843,0,64843,3262144.453,0.680,0.400,0.125,0.602,0,0,9,0,0,0,0,87,57,1.081,1,2095,0,707.695,21.499,-691.688,-103.750,-107.875,-0.859,1.070,0.520,12.113,17.762,-12.711,2.146,2.468,0.929,1.260,0,NULL,NULL,,3,0,2,7,255,976,250,0,0
stim,34722,64843,0,64843,3262149.455,0.663,0.420,0.110,0.610,0,0,12,0,0,0,0,88,57,1.081,1,2095,0,700.752,12.691,-683.250,-36.438,-151.313,-0.387,0.695,-0.359,9.141,8.805,-16.387,2.148,2.474,0.929,1.260,0,NULL,NULL,,3,0,2,7,255,976,250,0,0
stim,34722,64843,0,64843,3262154.454,0.648,0.434,0.098,0.618,0,0,7,0,0,0,0,87,57,1.081,1,2095,0,580.221,3.734,-547.438,36.313,-188.813,0.016,0.176,-1.023,3.691,-0.563,-16.406,2.148,2.476,0.929,1.260,0,NULL,NULL,,3,0,2,7,255,976,250,0,0
stim,34722,64843,0,64843,3262159.455,0.636,0.441,0.090,0.626,0,0,4,0,0,0,0,86,57,1.081,1,2095,0,415.646,7.828,-359.875,96.813,-184.063,0.160,-0.281,-1.297,-2.934,-7.258,-16.406,2.146,2.476,0.929,1.260,0,NULL,NULL,,3,0,2,7,255,976,250,0,0
stim,34722,64843,0,64843,3262164.453,0.628,0.443,0.082,0.634,0,0,3,0,0,0,0,77,57,1.081,1,2095,0,306.181,9.257,-229.563,141.438,-145.063,0.152,-0.203,-0.887,-5.746,-7.258,-14.867,2.144,2.478,0.929,1.260,0,NULL,NULL,,3,0,2,7,255,976,250,0,0
stim,34722,64843,0,64843,3262169.455,0.623,0.443,0.074,0.641,0,0,1,0,0,0,0,44,57,1.081,1,2095,0,281.829,8.603,-185.438,187.125,-100.125,0.074,0.363,-0.648,-5.746,-6.402,-14.734,2.146,2.480,0.929,1.260,0,NULL,NULL,,3,0,2,7,255,976,250,0,0
stim,34722,64843,0,64843,3262174.454,0.619,0.440,0.066,0.647,0,0,3,0,0,0,0,18,57,1.081,1,2095,0,261.465,5.505,-135.938,215.688,-58.000,-0.086,0.746,-0.629,-0.129,-5.504,-14.734,2.150,2.488,0.929,1.260,0,NULL,NULL,,3,0,2,7,255,976,250,0,0
stim,34722,64843,0,64843,3262179.455,0.617,0.435,0.059,0.653,0,0,4,0,0,0,0,11,57,1.081,1,2095,0,238.560,5.762,-58.125,229.250,-31.250,-0.305,0.602,-0.332,2.738,-5.070,-16.500,2.158,2.498,0.929,1.260,0,NULL,NULL,,3,0,2,7,255,976,250,0,0
stim,34752,64873,0,64873,3262184.453,0.617,0.428,0.053,0.658,0,0,4,0,0,0,0,6,57,1.081,1,2095,0,238.739,3.064,-9.313,236.750,-29.313,-0.449,0.367,0.160,2.789,-1.270,-16.500,2.172,2.514,0.929,1.260,0,NULL,NULL,,3,0,2,7,255,976,250,0,0
stim,34752,64873,0,64873,3262189.455,0.616,0.422,0.047,0.664,0,0,4,0,0,0,0,0,57,1.081,1,2095,0,242.046,4.636,-9.500,239.750,-31.875,-0.477,0.371,0.516,3.207,3.348,-13.348,2.190,2.536,0.929,1.260,0,NULL,NULL,,3,0,2,7,255,976,250,0,0
stim,34752,64873,0,64873,3262194.454,0.615,0.415,0.040,0.669,0,0,6,0,0,0,0,0,57,1.081,1,2095,0,243.074,7.517,-28.875,240.188,-23.688,-0.469,0.543,0.625,5.094,5.527,-11.258,2.214,2.562,0.929,1.260,0,NULL,NULL,,3,0,2,7,255,976,250,0,0
stim,34752,64873,0,64873,3262199.455,0.614,0.409,0.033,0.674,0,0,2,0,0,0,0,0,57,1.081,1,2095,0,244.731,9.070,-40.250,240.750,-17.688,-0.488,0.699,0.621,7.191,5.527,-11.258,2.242,2.592,0.929,1.260,0,NULL,NULL,,3,0,2,7,255,976,250,0,0
stim,34776,64898,0,64898,3262204.453,0.612,0.403,0.026,0.680,0,0,2,0,0,0,0,0,57,1.081,1,2095,0,247.921,10.034,-39.000,243.375,-26.688,-0.492,0.695,0.641,8.508,5.320,-11.738,2.274,2.628,0.929,1.260,0,NULL,NULL,,3,0,2,7,255,976,250,0,0
stim,34777,64898,0,64898,3262209.455,0.610,0.397,0.019,0.685,0,0,2,0,0,0,0,0,57,1.081,1,2095,0,252.555,10.177,-34.000,246.875,-41.000,-0.480,0.598,0.773,8.676,5.320,-11.738,2.310,2.666,0.929,1.260,0,NULL,NULL,,3,0,2,7,255,976,250,0,0
stim,34777,64898,0,64898,3262214.453,0.608,0.391,0.012,0.691,0,0,0,0,0,0,0,0,57,1.081,1,2095,0,260.587,10.580,-45.438,251.438,-51.188,-0.473,0.570,0.992,8.688,6.039,-10.207,2.350,2.710,0.929,1.260,0,NULL,NULL,,3,0,2,7,255,976,250,0,0
stim,34777,64898,0,64898,3262219.455,0.605,0.385,0.004,0.697,0,0,0,0,0,0,0,0,57,1.081,1,2095,0,276.237,11.947,-74.313,258.563,-62.688,-0.457,0.648,1.102,9.746,6.910,-8.438,2.392,2.754,0.929,1.260,0,NULL,NULL,,3,0,2,7,255,976,250,0,0
stim,34777,64898,0,64898,3262224.454,0.600,0.379,-0.004,0.704,0,0,0,0,0,0,0,0,57,1.081,1,2095,0,297.328,13.060,-104.875,267.188,-77.563,-0.418,0.734,1.109,11.082,6.910,-7.859,2.434,2.798,0.929,1.260,0,NULL,NULL,,3,0,2,7,255,976,250,0,0
stim,34777,64898,0,64898,3262229.455,0.595,0.374,-0.014,0.711,0,0,0,0,0,0,0,3,57,1.081,1,2095,0,317.793,13.335,-126.563,276.813,-91.375,-0.367,0.738,1.063,11.859,6.098,-7.844,2.474,2.840,0.929,1.260,0,NULL,NULL,,3,0,2,7,255,976,250,0,0
stim,34820,64941,0,64941,3262234.453,0.589,0.369,-0.024,0.718,0,0,0,0,0,0,0,9,57,1.081,1,2095,0,336.475,12.926,-141.625,287.313,-103.000,-0.328,0.711,1.023,11.859,5.141,-7.840,2.514,2.882,0.929,1.260,0,NULL,NULL,,3,0,2,7,255,976,250,0,0
stim,34820,64941,0,64941,3262239.455,0.582,0.364,-0.034,0.726,0,0,0,0,0,0,0,15,57,1.081,1,2095,0,355.656,12.376,-154.250,299.000,-115.313,-0.293,0.738,0.973,11.559,4.422,-7.840,2.550,2.920,0.929,1.260,0,NULL,NULL,,3,0,2,7,255,976,250,0,0
stim,34820,64941,0,64941,3262244.454,0.575,0.359,-0.045,0.734,0,0,0,0,0,0,0,25,57,1.081,1,2095,0,373.255,12.078,-162.563,310.813,-127.625,-0.227,0.797,0.906,11.559,3.504,-7.945,2.582,2.958,0.929,1.260,0,NULL,NULL,,3,0,2,7,255,976,250,0,0
stim,34820,64941,0,64941,3262249.455,0.567,0.353,-0.056,0.742,0,0,0,0,0,0,0,23,57,1.081,1,2095,0,385.469,11.762,-163.125,322.000,-135.250,-0.152,0.797,0.809,11.559,2.180,-8.352,2.614,2.992,0.929,1.260,0,NULL,NULL,,3,0,2,7,255,976,250,0,0
stim,34820,64941,0,64941,3262254.453,0.559,0.346,-0.066,0.751,0,0,0,0,0,0,0,21,57,1.081,1,2095,0,390.458,11.080,-151.688,332.375,-137.750,-0.105,0.750,0.703,11.047,0.859,-8.664,2.644,3.024,0.929,1.260,0,NULL,NULL,,3,0,2,7,255,976,250,0,0
stim,34820,64941,0,64941,3262259.455,0.551,0.339,-0.077,0.759,0,0,0,0,0,0,0,11,57,1.081,1,2095,0,393.591,10.000,-134.250,342.375,-140.250,-0.094,0.754,0.688,10.000,0.004,-8.949,2.672,3.054,0.929,1.260,0,NULL,NULL,,3,0,2,7,255,976,250,0,0
stim,34850,64971,0,64971,3262264.454,0.543,0.331,-0.087,0.767,0,0,0,0,0,0,0,0,57,1.081,1,2095,0,398.424,10.011,-117.063,352.438,-144.313,-0.074,0.789,0.715,10.000,-0.477,-8.949,2.698,3.080,0.929,1.260,0,NULL,NULL,,3,0,2,7,255,976,250,0,0
stim,34850,64971,0,64971,3262269.455,0.535,0.321,-0.096,0.776,0,0,0,0,0,0,0,0,57,1.081,1,2095,0,403.175,10.341,-100.250,361.688,-147.250,-0.047,0.836,0.770,10.289,-1.039,-8.852,2.720,3.106,0.929,1.260,0,NULL,NULL,,3,0,2,7,255,976,250,0,0
stim,34850,64971,0,64971,3262274.454,0.527,0.312,-0.105,0.784,0,0,0,0,0,0,0,0,57,1.081,1,2095,0,406.946,10.981,-82.750,369.813,-148.313,-0.027,0.871,0.848,10.848,-1.703,-8.500,2.740,3.128,0.929,1.260,0,NULL,NULL,,3,0,2,7,255,976,250,0,0
stim,34850,64971,0,64971,3262279.455,0.518,0.301,-0.114,0.792,0,0,0,0,0,0,0,0,57,1.081,1,2095,0,410.272,11.692,-66.250,376.375,-149.250,-0.016,0.887,0.953,11.473,-2.254,-7.938,2.760,3.150,0.929,1.260,0,NULL,NULL,,3,0,2,7,255,976,250,0,0
stim,34850,64971,0,64971,3262284.454,0.510,0.290,-0.122,0.801,0,0,0,0,0,0,0,0,57,1.081,1,2095,0,413.593,12.404,-51.750,381.500,-151.125,-0.012,0.926,1.086,12.113,-2.672,-7.094,2.780,3.172,0.929,1.260,0,NULL,NULL,,3,0,2,7,255,976,250,0,0
stim,34850,64971,0,64971,3262289.455,0.502,0.279,-0.130,0.809,0,0,0,0,0,0,0,0,57,1.081,1,2095,0,417.472,13.442,-40.563,385.125,-155.938,0.008,0.984,1.227,13.066,-3.156,-6.188,2.800,3.194,0.929,1.260,0,NULL,NULL,,3,0,2,7,255,976,250,0,0
stim,34850,64971,0,64971,3262294.453,0.493,0.267,-0.137,0.817,0,0,0,0,0,0,0,0,57,1.081,1,2095,0,420.843,14.629,-32.125,387.188,-161.750,0.039,1.035,1.371,14.086,-3.949,-5.195,2.818,3.214,0.929,1.260,0,NULL,NULL,,3,0,2,7,255,976,250,0,0
stim,34850,64971,0,64971,3262299.455,0.484,0.255,-0.144,0.825,0,0,0,0,0,0,0,0,57,1.081,1,2095,0,422.533,15.771,-27.188,387.500,-166.250,0.070,1.066,1.508,14.984,-4.918,-4.082,2.840,3.236,0.929,1.260,0,NULL,NULL,,3,0,2,7,255,976,250,0,0
stim,34870,64991,0,64991,3262304.454,0.474,0.243,-0.151,0.833,0,0,0,0,0,0,0,0,57,1.081,1,2095,0,423.550,16.693,-25.188,387.063,-170.125,0.102,1.094,1.625,15.617,-5.895,-2.934,2.862,3.260,0.929,1.260,0,NULL,NULL,,3,0,2,7,255,976,250,0,0
stim,34870,64991,0,64991,3262309.455,0.465,0.231,-0.158,0.840,0,0,0,0,0,0,0,0,57,1.081,1,2095,0,424.869,17.459,-24.813,386.500,-174.688,0.145,1.172,1.723,16.035,-6.906,-1.918,2.884,3.284,0.929,1.260,0,NULL,NULL,,3,0,2,7,255,976,250,0,0
stim,34870,64991,0,64991,3262314.453,0.455,0.218,-0.165,0.848,0,0,0,0,0,0,0,0,57,1.081,1,2095,0,426.453,18.563,-24.188,385.875,-179.938,0.215,1.238,1.789,16.582,-8.344,-1.309,2.910,3.312,0.929,1.260,0,NULL,NULL,,3,0,2,7,255,976,250,0,0
stim,34870,64991,0,64991,3262319.455,0.445,0.206,-0.171,0.855,0,0,0,0,0,0,0,0,57,1.081,1,2095,0,427.274,19.362,-21.063,385.438,-183.188,0.297,1.285,1.855,16.582,-9.996,-0.832,2.934,3.338,0.929,1.260,0,NULL,NULL,,3,0,2,7,255,976,250,0,0
stim,34932,65053,0,65053,3262324.454,0.434,0.194,-0.177,0.862,0,0,0,0,0,0,0,0,57,1.081,1,2095,0,426.720,20.240,-17.125,384.750,-183.750,0.363,1.371,1.945,16.574,-11.617,-0.230,2.960,3.364,0.929,1.260,0,NULL,NULL,,3,0,2,7,255,976,250,0,0
stim,34932,65053,0,65053,3262329.455,0.424,0.181,-0.183,0.868,0,0,0,0,0,0,0,0,57,1.081,1,2095,0,426.643,21.310,-14.125,384.188,-185.000,0.434,1.504,2.047,16.574,-13.395,0.242,2.986,3.390,0.929,1.260,0,NULL,NULL,,3,0,2,7,255,976,250,0,0
stim,34932,65053,0,65053,3262334.453,0.413,0.169,-0.189,0.875,0,0,0,0,0,0,0,0,57,1.081,1,2095,0,427.369,22.938,-13.125,384.000,-187.125,0.539,1.629,2.141,16.895,-15.516,0.594,3.008,3.414,0.929,1.260,0,NULL,NULL,,3,0,2,7,255,976,250,0,0
stim,34932,65053,0,65053,3262339.455,0.402,0.156,-0.195,0.881,0,0,0,0,0,0,0,0,57,1.081,1,2095,0,427.612,24.613,-15.000,384.688,-186.125,0.668,1.723,2.199,16.895,-17.898,0.949,3.028,3.436,0.929,1.260,0,NULL,NULL,,3,0,2,7,255,976,250,0,0
stim,34932,65053,0,65053,3262344.454,0.391,0.144,-0.201,0.886,0,0,0,0,0,0,0,0,57,1.081,1,2095,0,426.024,25.932,-18.813,385.875,-179.563,0.785,1.793,2.195,16.223,-20.230,0.949,3.042,3.452,0.929,1.260,0,NULL,NULL,,3,0,2,7,255,976,250,0,0
stim,34932,65053,0,65053,3262349.455,0.381,0.131,-0.207,0.892,0,0,0,0,0,0,0,0,57,1.081,1,2095,0,421.768,26.822,-17.938,386.313,-168.313,0.859,1.832,2.148,15.117,-22.156,0.762,3.054,3.466,0.929,1.260,0,NULL,NULL,,3,0,2,7,255,976,250,0,0
stim,34932,65053,0,65053,3262354.453,0.371,0.118,-0.213,0.896,0,0,0,0,0,0,0,0,57,1.081,1,2095,0,416.466,27.188,-10.938,385.813,-156.438,0.887,1.836,2.098,13.852,-23.395,0.113,3.060,3.474,0.929,1.260,0,NULL,NULL,,3,0,2,7,255,976,250,0,0
stim,34932,65053,0,65053,3262359.455,0.361,0.104,-0.218,0.901,0,0,0,4,0,0,0,0,57,1.081,1,2095,0,410.705,27.115,2.938,383.438,-147.125,0.875,1.832,2.078,12.641,-23.988,-0.469,3.060,3.476,0.929,1.260,0,NULL,NULL,,3,0,2,7,255,976,250,0,0
stim,34932,65053,0,65053,3262364.453,0.351,0.091,-0.223,0.905,0,0,0,8,0,0,0,0,57,1.081,1,2095,0,406.313,27.032,17.500,380.313,-141.938,0.867,1.859,2.086,11.801,-24.320,-0.758,3.056,3.472,0.929,1.260,0,NULL,NULL,,3,0,2,7,255,976,250,0,0
stim,34932,65053,0,65053,3262369.455,0.342,0.077,-0.226,0.909,0,0,0,10,0,0,0,0,57,1.081,1,2095,0,403.398,27.310,37.750,376.438,-140.000,0.910,1.855,2.133,11.246,-24.887,-0.758,3.044,3.462,0.929,1.260,0,NULL,NULL,,3,0,2,7,255,976,250,0,0
stim,34932,65053,0,65053,3262374.454,0.332,0.063,-0.229,0.913,0,0,0,9,0,0,0,0,57,1.081,1,2095,0,401.068,27.659,54.250,372.813,-137.563,0.945,1.855,2.184,10.188,-25.715,-0.672,3.024,3.444,0.929,1.260,0,NULL,NULL,,3,0,2,7,255,976,250,0,0
stim,34932,65053,0,65053,3262379.455,0.323,0.049,-0.231,0.916,0,0,0,8,0,0,0,0,57,1.081,1,2095,0,397.212,27.827,69.813,367.625,-133.250,0.938,1.777,2.188,9.191,-26.266,-0.359,2.996,3.418,0.929,1.260,0,NULL,NULL,,3,0,2,7,255,976,250,0,0
stim,34953,65074,0,65074,3262384.453,0.314,0.035,-0.232,0.920,0,0,0,9,0,0,0,0,57,1.081,1,2095,0,396.100,27.446,90.000,362.063,-133.063,0.879,1.715,2.199,7.961,-26.266,-0.031,2.960,3.382,0.929,1.260,0,NULL,NULL,,3,0,2,7,255,976,250,0,0
stim,34953,65074,0,65074,3262389.455,0.304,0.021,-0.232,0.924,0,0,0,10,0,0,0,0,57,1.081,1,2095,0,398.333,26.945,112.375,355.438,-140.375,0.828,1.707,2.246,7.203,-25.965,0.340,2.914,3.336,0.929,1.260,0,NULL,NULL,,3,0,2,7,255,976,250,0,0
stim,34953,65074,0,65074,3262394.454,0.294,0.007,-0.231,0.927,0,0,0,5,0,0,0,0,57,1.081,1,2095,0,402.611,26.833,132.250,348.188,-152.875,0.813,1.715,2.305,6.770,-25.965,0.816,2.854,3.278,0.929,1.260,0,NULL,NULL,,3,0,2,7,255,976,250,0,0
stim,34953,65074,0,65074,3262399.455,0.284,-0.007,-0.229,0.931,0,0,0,4,0,0,0,0,57,1.081,1,2095,0,406.439,27.097,149.938,339.438,-165.813,0.809,1.703,2.348,6.098,-26.402,1.313,2.784,3.208,0.929,1.260,0,NULL,NULL,,3,0,2,7,255,976,250,0,0
stim,34953,65074,0,65074,3262404.453,0.273,-0.020,-0.227,0.935,0,0,0,0,0,0,0,0,57,1.081,1,2095,0,409.422,27.206,165.750,329.313,-178.063,0.801,1.707,2.371,5.148,-26.715,1.801,2.706,3.128,0.929,1.260,0,NULL,NULL,,3,0,2,7,255,976,250,0,0
stim,34953,65074,0,65074,3262409.455,0.261,-0.033,-0.223,0.939,0,0,0,0,0,0,0,0,57,1.081,1,2095,0,412.991,27.261,181.250,317.563,-192.000,0.801,1.719,2.367,4.234,-26.930,2.055,2.618,3.038,0.929,1.260,0,NULL,NULL,,3,0,2,7,255,976,250,0,0
stim,34984,65105,0,65105,3262414.454,0.249,-0.046,-0.219,0.942,0,0,0,0,0,0,0,0,57,1.081,1,2095,0,416.753,27.303,196.500,304.063,-206.438,0.840,1.754,2.355,3.246,-27.109,2.055,2.526,2.942,0.929,1.260,0,NULL,NULL,,3,0,2,7,255,976,250,0,0
stim,34984,65105,0,65105,3262419.455,0.237,-0.057,-0.214,0.946,0,0,0,0,0,0,0,0,57,1.081,1,2095,0,419.750,27.612,211.750,289.813,-217.625,0.941,1.773,2.297,2.012,-27.539,1.895,2.424,2.838,0.929,1.260,0,NULL,NULL,,3,0,2,7,255,976,250,0,0
stim,34984,65105,0,65105,3262424.454,0.224,-0.069,-0.207,0.950,0,0,0,0,0,0,0,0,57,1.081,1,2095,0,421.816,27.871,231.500,274.563,-221.250,1.051,1.773,2.227,0.148,-27.871,1.242,2.318,2.726,0.929,1.260,0,NULL,NULL,,3,0,2,7,255,976,250,0,0
stim,34984,65105,0,65105,3262429.455,0.212,-0.079,-0.200,0.953,0,0,0,0,0,0,0,5,57,1.081,1,2095,0,423.211,27.952,253.313,258.750,-219.063,1.148,1.785,2.168,-1.855,-27.891,0.563,2.204,2.606,0.929,1.260,0,NULL,NULL,,3,0,2,7,255,976,250,0,0
stim,35022,65143,0,65143,3262434.454,0.199,-0.090,-0.191,0.957,0,0,0,0,0,0,0,9,57,1.081,1,2095,0,424.359,28.132,274.625,243.063,-213.500,1.230,1.781,2.098,-3.680,-27.891,-0.004,2.086,2.480,0.929,1.260,0,NULL,NULL,,3,0,2,7,255,976,250,0,0
stim,35022,65143,0,65143,3262439.455,0.188,-0.100,-0.182,0.960,0,0,0,0,0,0,0,25,57,1.081,1,2095,0,427.121,28.167,298.563,227.438,-203.875,1.309,1.754,2.035,-5.402,-27.645,-0.602,1.964,2.352,0.929,1.260,0,NULL,NULL,,3,0,2,7,255,976,250,0,0
stim,35022,65143,0,65143,3262444.453,0.176,-0.110,-0.171,0.963,0,0,0,0,0,0,0,27,57,1.081,1,2095,0,434.474,28.026,327.563,211.938,-191.188,1.387,1.699,1.957,-7.109,-27.109,-0.980,1.842,2.220,0.929,1.260,0,NULL,NULL,,3,0,2,7,255,976,250,0,0
stim,35022,65143,0,65143,3262449.455,0.165,-0.119,-0.158,0.966,0,0,0,0,0,0,0,39,57,1.081,1,2095,0,447.542,27.662,362.000,195.750,-175.875,1.453,1.672,1.949,-8.852,-26.207,-1.219,1.718,2.086,0.929,1.260,0,NULL,NULL,,3,0,2,7,255,976,250,0,0
stim,35022,65143,0,65143,3262454.454,0.155,-0.128,-0.143,0.969,0,0,0,0,0,0,0,48,57,1.081,1,2095,0,456.229,27.707,388.875,178.875,-157.875,1.496,1.637,1.980,-10.414,-25.676,-1.219,1.592,1.950,0.929,1.260,0,NULL,NULL,,3,0,2,7,255,976,250,0,0
stim,35022,65143,0,65143,3262459.455,0.146,-0.137,-0.128,0.971,0,0,0,0,0,0,0,54,57,1.081,1,2095,0,460.905,27.736,409.125,162.063,-137.063,1.500,1.574,1.984,-11.789,-25.105,-0.578,1.462,1.810,0.929,1.260,0,NULL,NULL,,3,0,2,7,255,976,250,0,0
stim,35022,65143,0,65143,3262464.453,0.137,-0.145,-0.111,0.974,0,0,0,0,0,0,0,59,57,1.081,1,2095,0,466.838,27.222,428.000,145.438,-116.625,1.461,1.488,2.000,-12.848,-24.000,0.004,1.322,1.664,0.929,1.260,0,NULL,NULL,,3,0,2,7,255,976,250,0,0
stim,35022,65143,0,65143,3262469.455,0.130,-0.152,-0.094,0.975,0,0,0,0,0,0,0,69,57,1.081,1,2095,0,474.767,26.342,445.938,129.250,-99.188,1.395,1.406,2.051,-13.543,-22.594,0.875,1.180,1.514,0.929,1.260,0,NULL,NULL,,3,0,2,7,255,976,250,0,0
stim,35022,65143,0,65143,3262474.454,0.122,-0.159,-0.076,0.977,0,0,0,0,0,0,0,89,57,1.081,1,2095,0,478.303,25.371,456.563,114.125,-85.438,1.328,1.340,2.137,-13.992,-21.164,2.133,1.034,1.360,0.929,1.260,0,NULL,NULL,,3,0,2,7,255,976,250,0,0
stim,35022,65143,0,65143,3262479.455,0.115,-0.165,-0.057,0.978,0,0,0,0,0,0,0,95,57,1.081,1,2095,0,473.841,24.592,457.000,100.813,-74.250,1.273,1.270,2.195,-14.445,-19.902,3.668,0.884,1.196,0.929,1.260,0,NULL,NULL,,3,0,2,7,255,976,250,0,0
stim,35052,65173,0,65173,3262484.453,0.109,-0.171,-0.039,0.978,0,0,0,0,0,0,0,105,57,1.081,1,2095,0,464.542,23.742,451.375,89.375,-63.813,1.223,1.184,2.230,-14.910,-18.477,4.859,0.740,1.024,0.929,1.260,0,NULL,NULL,,3,0,2,7,255,976,250,0,0
stim,35052,65173,0,65173,3262489.455,0.103,-0.176,-0.021,0.979,0,0,0,0,0,0,0,103,57,1.081,1,2095,0,453.703,22.772,443.188,80.125,-54.875,1.172,1.105,2.254,-15.320,-16.848,5.770,0.610,0.852,0.929,1.260,0,NULL,NULL,,3,0,2,7,255,976,250,0,0
stim,35052,65173,0,65173,3262494.454,0.098,-0.181,-0.003,0.979,0,0,0,0,0,0,0,121,57,1.081,1,2095,0,441.552,21.837,432.875,72.563,-48.188,1.129,1.039,2.285,-15.641,-15.238,6.484,0.516,0.686,0.929,1.260,0,NULL,NULL,,3,0,2,7,255,976,250,0,0
stim,35052,65173,0,65173,3262499.455,0.092,-0.186,0.014,0.978,0,0,0,0,0,0,0,125,57,1.081,1,2095,0,425.140,21.068,417.625,66.563,-43.625,1.105,0.961,2.305,-15.969,-13.742,7.176,0.478,0.536,0.929,1.260,0,NULL,NULL,,3,0,2,7,255,976,250,0,0
stim,35080,65201,0,65201,3262504.453,0.087,-0.190,0.031,0.977,0,0,0,0,0,0,0,148,57,1.081,1,2095,0,405.214,20.404,398.500,61.938,-39.500,1.082,0.902,2.313,-16.391,-12.152,7.656,0.492,0.402,0.929,1.260,0,NULL,NULL,,3,0,2,7,255,976,250,0,0
stim,35080,65201,0,65201,3262509.455,0.083,-0.194,0.046,0.976,0,0,0,0,0,0,0,157,57,1.081,1,2095,0,383.174,19.867,376.938,58.688,-36.000,1.043,0.867,2.309,-16.695,-10.770,7.898,0.538,0.312,0.929,1.260,0,NULL,NULL,,3,0,2,7,255,976,250,0,0
stim,35080,65201,0,65201,3262514.454,0.078,-0.198,0.061,0.975,0,0,0,0,0,0,0,159,57,1.081,1,2095,0,361.608,19.318,355.375,56.688,-35.438,1.047,0.750,2.258,-16.754,-9.617,7.898,0.590,0.276,0.929,1.260,0,NULL,NULL,,3,0,2,7,255,976,250,0,0
stim,35080,65201,0,65201,3262519.455,0.074,-0.201,0.075,0.974,0,0,0,0,0,0,0,185,57,1.081,1,2095,0,341.415,18.764,335.625,55.938,-28.125,1.066,0.648,2.195,-17.055,-7.824,7.535,0.626,0.288,0.929,1.260,0,NULL,NULL,,3,0,2,7,255,976,250,0,0
stim,35080,65201,0,65201,3262524.454,0.071,-0.205,0.088,0.972,0,0,0,0,0,0,0,185,57,1.081,1,2095,0,323.356,18.345,318.000,56.125,-16.875,1.047,0.602,2.129,-17.234,-6.285,6.770,0.642,0.318,0.929,1.260,0,NULL,NULL,,3,0,2,7,255,976,250,0,0
stim,35080,65201,0,65201,3262529.455,0.067,-0.208,0.100,0.971,0,0,0,0,0,0,0,197,57,1.081,1,2095,0,307.932,18.028,302.313,56.875,-13.938,0.965,0.559,2.098,-17.234,-5.289,6.129,0.648,0.342,0.929,1.260,0,NULL,NULL,,3,0,2,7,255,976,250,0,0
stim,35120,65241,0,65241,3262534.453,0.064,-0.211,0.112,0.969,0,0,0,0,0,0,0,203,57,1.081,1,2095,0,292.693,17.136,286.250,57.750,-19.875,0.949,0.461,2.063,-16.605,-4.230,6.047,0.664,0.364,0.929,1.260,0,NULL,NULL,,3,0,2,7,255,976,250,0,0
stim,35120,65241,0,65241,3262539.455,0.061,-0.215,0.123,0.967,0,0,0,0,0,0,0,201,57,1.081,1,2095,0,277.625,16.844,270.625,57.938,-21.938,0.980,0.344,2.008,-16.605,-2.824,5.531,0.692,0.394,0.929,1.260,0,NULL,NULL,,3,0,2,7,255,976,250,0,0
stim,35120,65241,0,65241,3262544.453,0.058,-0.218,0.134,0.965,0,0,0,0,0,0,0,204,57,1.081,1,2095,0,263.026,16.913,256.063,57.063,-18.938,0.980,0.246,1.945,-16.855,-1.391,4.566,0.716,0.422,0.929,1.260,0,NULL,NULL,,3,0,2,7,255,976,250,0,0
stim,35120,65241,0,65241,3262549.455,0.055,-0.221,0.144,0.963,0,0,0,0,0,0,0,214,57,1.081,1,2095,0,249.624,16.856,243.125,53.938,-17.125,0.918,0.125,1.863,-16.855,-0.145,3.645,0.724,0.440,0.929,1.260,0,NULL,NULL,,3,0,2,7,255,976,250,0,0
stim,35120,65241,0,65241,3262554.453,0.052,-0.223,0.153,0.961,0,0,0,0,0,0,0,223,57,1.081,1,2095,0,240.354,16.173,234.625,47.750,-21.000,0.824,-0.055,1.754,-16.121,1.297,2.727,0.708,0.440,0.929,1.260,0,NULL,NULL,,3,0,2,7,255,976,250,0,0
stim,35120,65241,0,65241,3262559.455,0.049,-0.226,0.162,0.959,0,0,0,0,0,0,0,225,57,1.081,1,2095,0,237.267,15.327,232.125,39.000,-29.875,0.723,-0.313,1.668,-14.984,3.223,1.543,0.666,0.424,0.929,1.260,0,NULL,NULL,,3,0,2,7,255,976,250,0,0
stim,35149,65270,0,65270,3262564.454,0.045,-0.228,0.172,0.957,0,0,0,0,0,0,0,223,57,1.081,1,2095,0,240.114,15.081,234.688,27.750,-42.500,0.617,-0.555,1.676,-13.875,5.910,0.254,0.612,0.402,0.929,1.260,0,NULL,NULL,,3,0,2,7,255,976,250,0,0
stim,35149,65270,0,65270,3262569.455,0.040,-0.229,0.181,0.956,0,0,0,0,0,0,0,217,57,1.081,1,2095,0,244.875,15.650,235.813,15.875,-64.063,0.523,-0.590,1.762,-13.027,8.672,0.254,0.566,0.378,0.929,1.260,0,NULL,NULL,,3,0,2,7,255,976,250,0,0
stim,35149,65270,0,65270,3262574.453,0.034,-0.230,0.190,0.954,0,0,0,0,0,0,0,219,57,1.081,1,2095,0,248.824,16.073,230.313,3.188,-94.125,0.496,-0.512,1.895,-12.805,9.715,0.578,0.534,0.350,0.929,1.260,0,NULL,NULL,,3,0,2,7,255,976,250,0,0
stim,35149,65270,0,65270,3262579.455,0.026,-0.231,0.197,0.952,0,0,0,0,0,0,0,211,57,1.081,1,2095,0,247.760,16.113,213.250,-9.813,-125.750,0.543,-0.504,2.039,-12.805,9.781,1.824,0.514,0.312,0.929,1.260,0,NULL,NULL,,3,0,2,7,255,976,250,0,0
stim,35149,65270,0,65270,3262584.454,0.018,-0.231,0.203,0.951,0,0,0,0,0,0,0,221,57,1.081,1,2095,0,241.852,17.274,183.500,-22.875,-155.875,0.609,-0.582,2.105,-13.746,10.461,2.457,0.504,0.270,0.929,1.260,0,NULL,NULL,,3,0,2,7,255,976,250,0,0
stim,35149,65270,0,65270,3262589.455,0.008,-0.231,0.208,0.950,0,0,0,0,0,0,0,221,57,1.081,1,2095,0,240.597,18.570,150.813,-37.125,-183.750,0.707,-0.684,2.039,-14.434,11.684,2.457,0.500,0.228,0.929,1.260,0,NULL,NULL,,3,0,2,7,255,976,250,0,0
stim,35149,65270,0,65270,3262594.453,-0.002,-0.231,0.211,0.950,0,0,0,0,0,0,0,217,57,1.081,1,2095,0,253.443,19.188,128.063,-52.250,-212.375,0.766,-0.738,1.926,-14.480,12.590,1.031,0.496,0.190,0.929,1.260,0,NULL,NULL,,3,0,2,7,255,976,250,0,0
stim,35149,65270,0,65270,3262599.455,-0.014,-0.230,0.213,0.949,0,0,0,0,0,0,0,223,57,1.081,1,2095,0,281.187,19.531,114.313,-68.188,-247.688,0.875,-0.762,1.805,-14.617,12.953,-0.430,0.492,0.166,0.929,1.260,0,NULL,NULL,,3,0,2,7,255,976,250,0,0
stim,35167,65288,0,65288,3262604.454,-0.027,-0.229,0.215,0.949,0,0,0,0,0,0,0,223,57,1.081,1,2095,0,307.220,19.531,106.938,-85.375,-275.063,1.020,-0.773,1.688,-14.617,12.953,-1.988,0.488,0.156,0.929,1.260,0,NULL,NULL,,3,0,2,7,255,976,250,0,0
stim,35167,65288,0,65288,3262609.455,-0.042,-0.226,0.216,0.949,0,0,0,0,0,0,0,223,57,1.081,1,2095,0,326.324,19.854,102.375,-104.000,-291.875,1.109,-0.785,1.586,-15.047,12.953,-3.574,0.490,0.148,0.929,1.260,0,NULL,NULL,,3,0,2,7,255,976,250,0,0
stim,35167,65288,0,65288,3262614.454,-0.056,-0.224,0.217,0.949,0,0,0,0,0,0,0,228,57,1.081,1,2095,0,346.305,19.829,100.438,-122.688,-307.875,1.070,-0.770,1.480,-15.047,12.914,-4.813,0.498,0.138,0.929,1.260,0,NULL,NULL,,3,0,2,7,255,976,250,0,0
stim,35167,65288,1,65288,3262619.455,-0.072,-0.220,0.218,0.948,0,0,0,0,0,0,0,233,57,1.081,1,2095,0,370.570,18.952,104.750,-141.250,-326.188,1.086,-0.742,1.359,-13.918,12.863,-5.398,0.514,0.124,0.929,1.260,0,NULL,NULL,,3,1,2,7,255,976,250,0,0
stim,35232,65353,1,65353,3262624.454,-0.088,-0.216,0.219,0.948,0,0,0,0,0,0,0,232,57,1.081,1,2095,0,385.666,18.251,114.813,-159.813,-331.688,1.086,-0.723,1.301,-13.254,12.547,-6.258,0.538,0.102,0.929,1.260,0,NULL,NULL,,3,1,2,7,255,976,250,0,0
stim,35232,65353,1,65353,3262629.455,-0.105,-0.211,0.220,0.947,0,0,0,0,0,0,0,241,57,1.081,1,2095,0,398.162,17.766,122.750,-176.750,-335.000,0.984,-0.676,1.289,-12.625,12.500,-6.258,0.566,0.080,0.929,1.260,0,NULL,NULL,,3,1,2,7,255,976,250,0,0
stim,35232,65353,1,65353,3262634.453,-0.122,-0.205,0.221,0.946,0,0,0,0,0,0,0,238,57,1.081,1,2095,0,415.023,16.817,127.563,-190.750,-345.813,0.895,-0.602,1.293,-11.387,12.375,-5.969,0.588,0.062,0.929,1.260,0,NULL,NULL,,3,1,2,7,255,976,250,0,0
stim,35232,65353,1,65353,3262639.455,-0.140,-0.199,0.222,0.944,0,0,0,0,0,0,0,246,57,1.081,1,2095,0,429.681,15.915,131.875,-202.125,-355.500,0.875,-0.570,1.305,-10.391,12.055,-5.203,0.602,0.054,0.929,1.260,0,NULL,NULL,,3,1,2,7,255,976,250,0,0
stim,35232,65353,1,65353,3262644.454,-0.158,-0.192,0.223,0.943,0,0,0,0,0,0,0,244,57,1.081,1,2095,0,438.917,15.595,133.875,-210.188,-361.313,0.840,-0.559,1.348,-9.895,12.055,-4.797,0.610,0.050,0.929,1.260,0,NULL,NULL,,3,1,2,7,255,976,250,0,0
stim,35232,65353,1,65353,3262649.455,-0.176,-0.186,0.224,0.941,0,0,0,0,0,0,0,262,57,1.081,1,2095,0,444.608,15.500,133.000,-215.188,-365.625,0.828,-0.543,1.375,-9.281,12.414,-4.148,0.620,0.048,0.929,1.260,0,NULL,NULL,,3,1,2,7,255,976,250,0,0
stim,35232,65353,1,65353,3262654.453,-0.193,-0.179,0.225,0.938,0,0,0,0,0,0,0,263,57,1.081,1,2095,0,443.902,15.468,129.125,-217.875,-364.563,0.816,-0.516,1.406,-8.820,12.707,-3.707,0.630,0.046,0.929,1.260,0,NULL,NULL,,3,1,2,7,255,976,250,0,0
stim,35232,65353,1,65353,3262659.455,-0.211,-0.172,0.225,0.936,0,0,0,0,0,0,0,287,57,1.081,1,2095,0,444.523,15.348,123.688,-218.938,-366.563,0.781,-0.492,1.414,-8.402,12.844,-3.168,0.640,0.042,0.929,1.260,0,NULL,NULL,,3,1,2,7,255,976,250,0,0
stim,35232,65353,1,65353,3262664.454,-0.229,-0.165,0.225,0.933,0,0,0,0,0,0,0,316,57,1.081,1,2095,0,444.140,14.982,119.375,-218.563,-367.750,0.828,-0.465,1.402,-7.707,12.848,-2.844,0.650,0.038,0.929,1.260,0,NULL,NULL,,3,1,2,7,255,976,250,0,0
stim,35232,65353,1,65353,3262669.455,-0.247,-0.158,0.225,0.929,0,0,0,0,0,0,0,349,57,1.081,1,2095,0,437.458,15.073,114.063,-217.625,-361.938,0.977,-0.410,1.430,-7.707,12.953,-2.844,0.652,0.038,0.929,1.260,0,NULL,NULL,,3,1,2,7,255,976,250,0,0
stim,35232,65353,1,65353,3262674.454,-0.263,-0.151,0.224,0.926,0,0,0,0,0,0,0,367,57,1.081,1,2095,0,423.107,16.018,105.500,-216.500,-347.875,1.082,-0.441,1.477,-8.707,13.445,-2.875,0.656,0.034,0.929,1.260,0,NULL,NULL,,3,1,2,7,255,976,250,0,0
stim,35232,65353,1,65353,3262679.455,-0.279,-0.144,0.223,0.923,0,0,0,0,0,6,0,447,57,1.081,1,2095,0,398.874,16.996,88.938,-214.125,-324.563,1.129,-0.445,1.473,-8.758,14.566,-2.914,0.658,0.028,0.929,1.260,0,NULL,NULL,,3,1,2,7,255,976,250,0,0
stim,35253,65374,1,65374,3262684.454,-0.293,-0.135,0.224,0.920,6,0,0,153,0,92,0,595,57,1.081,1,2095,0,377.078,17.373,137.813,-229.938,-265.188,0.336,-1.156,2.199,-8.758,15.004,-2.875,0.664,0.022,0.929,1.260,0,NULL,NULL,,3,1,2,7,255,976,250,0,0
stim,35253,65374,1,65374,3262689.455,-0.289,-0.110,0.243,0.920,411,0,0,611,0,327,0,649,57,1.081,1,2095,0,726.290,20.499,557.688,-389.625,254.313,-0.516,0.543,6.715,-4.391,20.023,4.277,0.670,0.016,0.929,1.260,0,NULL,NULL,,3,1,2,7,255,976,250,0,0
stim,35253,65374,1,65374,3262694.453,-0.291,-0.104,0.230,0.923,880,0,0,1077,0,477,0,722,57,1.081,1,2095,0,326.899,20.499,-235.000,-226.250,-21.188,-1.277,1.809,6.500,-4.391,20.023,51.031,0.676,0.006,0.929,1.260,0,NULL,NULL,,3,1,2,7,255,976,250,0,0
stim,35253,65374,1,65374,3262699.455,-0.296,-0.108,0.193,0.929,1267,0,0,1379,0,787,0,793,57,1.081,1,2095,0,872.785,11.427,-829.563,-185.875,-197.563,-0.680,1.855,2.547,-5.129,10.211,51.031,0.000,0.000,0.929,1.260,0,NULL,NULL,,3,1,2,7,255,976,250,0,0
stim,35253,65374,1,65374,3262704.454,-0.305,-0.115,0.157,0.932,1635,0,0,1655,0,1051,0,857,54,1.081,1,2096,0,888.294,9.856,-829.125,-136.125,-288.250,-0.012,1.410,-1.234,-6.617,-7.305,19.898,0.000,0.000,0.929,1.260,1,1333.000,357.000,,3,1,2,7,255,976,250,0,0
stim,35253,65374,1,65374,3262709.455,-0.313,-0.117,0.136,0.933,2093,0,0,2085,0,1266,0,893,54,1.081,1,2096,0,516.196,9.856,-439.938,-135.938,-233.313,0.367,-0.199,-2.031,-6.617,-7.305,-18.363,0.000,0.000,0.929,1.260,1,NULL,NULL,,3,1,2,7,255,976,250,0,0
stim,35288,65409,1,65409,3262714.453,-0.317,-0.112,0.129,0.933,2413,0,0,2350,0,1322,0,891,54,1.081,1,2096,0,212.972,2.916,-97.375,-163.313,-95.938,-0.113,-2.578,-0.523,1.348,-2.586,-18.363,0.000,0.000,0.929,1.260,1,NULL,NULL,,3,1,2,7,255,976,250,0,0
stim,35288,65409,1,65409,3262719.455,-0.313,-0.104,0.125,0.936,2583,0,0,2553,0,1371,0,925,54,1.081,1,2096,0,223.540,22.816,-39.063,-192.063,107.500,-1.027,-2.422,0.836,17.086,15.121,-17.871,0.000,0.000,0.929,1.260,2,NULL,NULL,,3,1,2,7,255,976,250,0,0
stim,35288,65409,1,65409,3262724.454,-0.315,-0.099,0.119,0.936,2709,0,0,2697,0,1383,0,947,54,1.081,1,2096,0,184.551,22.816,-84.000,-157.938,-45.375,-1.156,-1.109,1.625,17.086,15.121,-2.559,0.000,0.000,0.929,1.260,2,NULL,NULL,,3,1,2,7,255,976,250,0,0
stim,35288,65409,1,65409,3262729.455,-0.320,-0.096,0.110,0.936,2779,0,0,2773,0,1342,0,967,54,1.081,1,2096,0,264.817,15.294,-177.313,-147.938,-129.625,-0.781,-1.137,1.383,13.336,7.488,3.875,0.000,0.000,0.929,1.260,2,NULL,NULL,,3,1,2,7,255,976,250,0,0
stim,35324,65445,1,65445,3262734.453,-0.325,-0.093,0.097,0.936,2815,0,0,2836,0,1307,0,957,54,1.081,1,2096,0,311.546,13.294,-236.813,-161.875,-121.563,0.125,-1.984,0.777,10.984,7.488,3.875,0.000,0.000,0.929,1.260,2,NULL,NULL,,3,1,2,7,255,976,250,0,0
stim,35324,65445,1,65445,3262739.455,-0.327,-0.088,0.087,0.937,2862,0,0,2885,0,1295,0,939,54,1.081,1,2096,0,260.071,20.504,-182.313,-179.563,-46.438,0.492,-2.434,0.242,10.773,17.445,-4.523,0.000,0.000,0.929,1.260,2,NULL,NULL,,3,1,2,7,255,976,250,0,0
stim,35324,65445,1,65445,3262744.454,-0.325,-0.082,0.081,0.939,2893,0,0,2921,0,1327,0,933,54,1.081,1,2096,0,208.263,20.489,-76.750,-188.813,42.813,0.566,-1.793,0.461,10.098,17.828,-7.773,0.000,0.000,0.929,1.260,2,NULL,NULL,,3,1,2,7,255,976,250,0,0
stim,35324,65445,1,65445,3262749.455,-0.321,-0.074,0.078,0.941,2931,0,0,2955,0,1387,0,980,54,1.081,1,2096,0,212.651,18.795,-15.813,-184.563,104.438,0.391,-0.984,1.027,5.949,17.828,-7.773,0.000,0.000,0.929,1.260,2,NULL,NULL,,3,1,2,7,255,976,250,0,0
stim,35324,65445,1,65445,3262754.453,-0.316,-0.067,0.075,0.943,2938,0,0,2969,0,1497,0,1055,54,1.081,1,2096,0,219.706,11.664,-27.688,-171.063,135.063,0.211,-0.434,1.332,1.730,11.535,-1.340,0.000,0.000,0.929,1.260,2,NULL,NULL,,3,1,2,7,255,976,250,0,0
stim,35324,65445,1,65445,3262759.455,-0.310,-0.061,0.071,0.946,2969,0,0,2990,0,1605,0,1144,54,1.081,1,2096,0,212.444,6.644,-58.563,-155.125,132.813,-0.172,0.156,1.207,-0.449,6.629,2.215,0.000,0.000,0.929,1.260,2,NULL,NULL,,3,1,2,7,255,976,250,0,0
stim,35324,65445,1,65445,3262764.453,-0.306,-0.056,0.066,0.948,2985,0,0,3004,0,1735,0,1213,54,1.081,1,2096,0,196.622,0.695,-87.250,-145.250,99.750,-0.320,0.328,1.219,-0.457,-0.523,2.344,0.000,0.000,0.929,1.260,2,NULL,NULL,,3,1,2,7,255,976,250,0,0
stim,35324,65445,1,65445,3262769.455,-0.303,-0.052,0.060,0.950,3005,0,0,3003,99,1826,0,1285,54,1.081,1,2096,0,192.781,2.940,-116.688,-137.813,67.500,-0.371,0.465,1.211,-0.730,-2.848,2.648,0.000,0.000,0.929,1.260,2,NULL,NULL,,3,1,2,7,255,976,250,0,0
stim,35324,65445,1,65445,3262774.454,-0.302,-0.048,0.053,0.951,3013,0,0,3020,361,1957,0,1541,54,1.081,1,2096,0,191.224,3.349,-133.625,-132.000,35.875,-0.273,0.344,1.035,-0.668,-3.281,2.648,0.000,0.000,0.929,1.260,2,NULL,NULL,,3,1,2,7,255,976,250,0,0
stim,35324,65445,1,65445,3262779.455,-0.300,-0.045,0.045,0.952,3029,0,0,3029,743,2057,28,1775,54,1.081,1,2096,0,186.709,3.349,-139.250,-118.688,37.188,-0.078,-0.137,1.094,-0.668,-3.281,0.879,0.000,0.000,0.929,1.260,2,NULL,NULL,,3,1,2,7,255,976,250,0,0
stim,35351,65472,1,65472,3262784.454,-0.299,-0.042,0.039,0.952,3043,0,0,3041,923,2119,89,1979,54,1.081,1,2096,0,148.644,1.632,-111.188,-98.125,10.188,-0.012,-0.258,1.281,0.484,1.559,0.879,0.000,0.000,0.929,1.260,2,NULL,NULL,,3,1,2,7,255,976,250,0,0
stim,35351,65472,1,65472,3262789.455,-0.301,-0.042,0.035,0.952,3053,0,0,3051,1152,2170,188,2099,54,1.081,1,2096,0,100.261,2.908,-78.625,-45.375,-42.563,0.363,-0.195,1.070,0.484,2.867,0.879,0.000,0.000,0.929,1.260,2,NULL,NULL,,3,1,2,7,255,976,250,0,0
stim,35351,65472,1,65472,3262794.454,-0.302,-0.040,0.034,0.952,3065,0,0,3061,1308,2207,271,2184,54,1.081,1,2096,0,56.665,3.927,-7.563,-46.063,-32.125,0.941,0.367,0.727,-2.684,2.867,0.250,0.000,0.000,0.929,1.260,2,NULL,NULL,,3,1,2,7,255,976,250,0,0
stim,35351,65472,1,65472,3262799.455,-0.301,-0.037,0.036,0.952,3090,0,0,3087,1401,2249,306,2263,54,1.081,1,2096,0,78.045,7.279,47.563,-44.375,43.125,0.711,-0.145,1.410,-5.926,4.227,0.250,0.000,0.000,0.929,1.260,2,NULL,NULL,,3,1,2,7,255,976,250,0,0
stim,35381,65502,1,65502,3262804.453,-0.297,-0.036,0.034,0.954,3093,0,0,3069,1501,2281,343,2317,54,1.081,1,2096,0,106.077,6.531,-29.625,-35.250,95.563,-0.047,-0.074,1.508,-5.926,2.746,3.285,0.000,0.000,0.929,1.260,2,NULL,NULL,,3,1,2,7,255,976,250,0,0
stim,35381,65502,1,65502,3262809.455,-0.294,-0.036,0.032,0.955,3101,0,0,3093,1568,2309,375,2363,54,1.081,1,2096,0,80.491,1.204,-50.125,-24.688,57.938,-0.477,0.535,1.016,-0.293,1.168,3.285,0.000,0.000,0.929,1.260,2,NULL,NULL,,3,1,2,7,255,976,250,0,0
stim,35381,65502,1,65502,3262814.454,-0.294,-0.035,0.031,0.955,3111,0,0,3107,1617,2329,435,2406,54,1.081,1,2096,0,29.097,5.227,-24.125,-16.250,-0.750,-0.336,0.484,1.195,-0.293,-5.219,2.164,0.000,0.000,0.929,1.260,2,NULL,NULL,,3,1,2,7,255,976,250,0,0
stim,35381,65502,1,65502,3262819.455,-0.296,-0.035,0.030,0.954,3115,0,0,3103,1645,2344,487,2431,54,1.081,1,2096,0,42.091,5.285,-18.438,-7.313,-37.125,-0.070,0.406,1.371,-0.832,-5.219,2.164,0.000,0.000,0.929,1.260,2,NULL,NULL,,3,1,2,7,255,976,250,0,0
stim,35381,65502,1,65502,3262824.454,-0.297,-0.036,0.028,0.954,3118,0,0,3110,1671,2360,558,2457,54,1.081,1,2096,0,45.646,4.040,-36.000,-3.250,-27.875,0.125,0.336,1.410,-2.676,-3.027,3.672,0.000,0.000,0.929,1.260,2,NULL,NULL,,3,1,2,7,255,976,250,0,0
stim,35381,65502,1,65502,3262829.455,-0.297,-0.036,0.026,0.954,3124,11,0,3119,1684,2367,593,2478,54,1.081,1,2096,0,58.928,3.016,-58.875,0.500,-2.438,0.027,0.168,1.324,-2.676,-1.391,3.672,0.000,0.000,0.929,1.260,2,NULL,NULL,,3,1,2,7,255,976,250,0,0
stim,35420,65541,1,65541,3262834.454,-0.297,-0.037,0.023,0.954,3128,21,17,3123,1701,2381,635,2491,54,1.081,1,2096,0,61.861,2.441,-61.375,4.813,-6.063,-0.078,0.137,1.156,-2.156,-1.145,3.078,0.000,0.000,0.929,1.260,2,NULL,NULL,,3,1,2,7,255,976,250,0,0
stim,35420,65541,1,65541,3262839.455,-0.298,-0.038,0.021,0.954,3128,25,69,3127,1725,2388,677,2501,54,1.081,1,2096,0,51.959,1.355,-47.813,6.188,-19.375,-0.059,0.105,1.086,-1.082,-0.816,1.547,0.000,0.000,0.929,1.260,2,NULL,NULL,,3,1,2,7,255,976,250,0,0
stim,35420,65541,1,65541,3262844.453,-0.298,-0.039,0.020,0.953,3132,47,91,3131,1741,2393,716,2508,54,1.081,1,2096,0,43.534,1.355,-38.438,6.125,-19.500,0.027,0.090,1.137,-1.082,-0.816,1.238,0.000,0.000,0.929,1.260,2,NULL,NULL,,3,1,2,7,255,976,250,0,0
stim,35420,65541,1,65541,3262849.455,-0.299,-0.039,0.019,0.953,3133,57,159,3131,1751,2393,729,2515,54,1.081,1,2096,0,40.199,1.899,-38.625,5.500,-9.688,-0.016,0.148,1.180,-1.715,-0.816,1.238,0.000,0.000,0.929,1.260,2,NULL,NULL,,3,1,2,7,255,976,250,0,0
stim,35420,65541,1,65541,3262854.454,-0.299,-0.040,0.017,0.953,3125,75,191,3132,1759,2398,765,2517,54,1.081,1,2096,0,44.015,1.954,-43.063,6.313,-6.563,-0.094,0.133,1.188,-1.715,-0.938,1.695,0.000,0.000,0.929,1.260,2,NULL,NULL,,3,1,2,7,255,976,250,0,0
stim,35420,65541,1,65541,3262859.455,-0.299,-0.041,0.015,0.953,3132,101,239,3143,1780,2405,795,2520,54,1.081,1,2096,0,50.542,1.631,-49.313,6.875,-8.688,-0.141,0.086,1.133,-1.070,-1.230,1.695,0.000,0.000,0.929,1.260,2,NULL,NULL,,3,1,2,7,255,976,250,0,0
stim,35447,65568,1,65568,3262864.453,-0.300,-0.042,0.013,0.953,3131,107,273,3143,1799,2403,831,2524,54,1.081,1,2096,0,52.859,1.293,-51.313,5.875,-11.250,-0.176,0.023,1.020,-0.398,-1.230,1.348,0.000,0.000,0.929,1.260,2,NULL,NULL,,3,1,2,7,255,976,250,0,0
stim,35447,65568,0,65568,3262869.455,-0.300,-0.043,0.012,0.953,3132,112,337,3144,1806,2397,867,2527,54,1.081,1,2096,0,43.792,1.039,-39.563,5.125,-18.063,-0.207,-0.039,0.961,0.297,-0.996,0.266,0.000,0.000,0.929,1.260,2,NULL,NULL,,3,0,2,7,255,974,250,0,0
stim,35447,65568,0,65568,3262874.454,-0.301,-0.043,0.010,0.953,3133,119,397,3141,1811,2404,903,2526,54,1.081,1,2096,0,40.770,0.975,-35.750,4.813,-19.000,-0.121,-0.137,1.000,0.707,-0.672,0.094,0.000,0.000,0.929,1.260,2,NULL,NULL,,3,0,2,7,255,974,250,0,0
stim,35447,65568,0,65568,3262879.455,-0.301,-0.044,0.009,0.952,3129,133,442,3149,1829,2400,917,2539,54,1.081,1,2096,0,33.528,0.712,-32.125,3.500,-8.938,-0.102,-0.047,1.066,0.707,-0.082,0.094,0.000,0.000,0.929,1.260,2,NULL,NULL,,3,0,2,7,255,974,250,0,0
stim,35447,65568,0,65568,3262884.453,-0.301,-0.045,0.007,0.952,3131,143,480,3136,1839,2402,934,2533,54,1.081,1,2096,0,39.966,0.089,-39.688,4.063,-2.375,-0.180,0.055,1.145,-0.035,-0.082,0.680,0.000,0.000,0.929,1.260,2,NULL,NULL,,3,0,2,7,255,974,250,0,0
stim,35447,65568,0,65568,3262889.455,-0.302,-0.046,0.005,0.952,3125,153,531,3147,1847,2403,947,2543,54,1.081,1,2096,0,52.872,1.340,-51.313,6.750,-10.813,-0.270,0.090,1.074,-0.035,-1.340,0.852,0.000,0.000,0.929,1.260,2,NULL,NULL,,3,0,2,7,255,974,250,0,0
stim,35465,65587,0,65587,3262894.454,-0.303,-0.047,0.003,0.952,3119,164,581,3141,1853,2401,955,2533,54,1.081,1,2096,0,58.864,1.421,-49.188,7.563,-31.438,-0.211,-0.094,0.906,0.473,-1.340,0.852,0.000,0.000,0.929,1.260,2,NULL,NULL,,3,0,2,7,255,974,250,0,0
stim,35465,65587,0,65587,3262899.455,-0.304,-0.048,0.002,0.951,3119,168,623,3129,1875,2391,974,2538,54,1.081,1,2096,0,48.335,1.233,-33.813,7.625,-33.688,-0.109,-0.250,0.832,1.160,-0.418,-0.758,0.000,0.000,0.929,1.260,2,NULL,NULL,,3,0,2,7,255,974,250,0,0
stim,35465,65587,0,65587,3262904.453,-0.305,-0.048,0.001,0.951,3102,176,663,3119,1877,2392,989,2525,54,1.081,1,2096,0,31.734,1.611,-15.813,6.438,-26.750,-0.113,-0.223,0.898,1.160,1.117,-0.836,0.000,0.000,0.929,1.260,2,NULL,NULL,,3,0,2,7,255,974,250,0,0
stim,35465,65587,0,65587,3262909.455,-0.306,-0.049,0.000,0.951,3102,167,701,3113,1884,2373,989,2523,54,1.081,1,2096,0,28.346,1.558,-17.375,6.688,-21.375,-0.137,-0.184,1.070,1.086,1.117,-0.836,0.000,0.000,0.929,1.260,2,NULL,NULL,,3,0,2,7,255,974,250,0,0
stim,35465,65587,0,65587,3262914.454,-0.307,-0.050,-0.001,0.950,3090,171,731,3099,1885,2367,1017,2520,54,1.081,1,2096,0,34.779,1.088,-25.563,7.063,-22.500,-0.234,-0.016,0.965,0.855,0.672,-0.172,0.000,0.000,0.929,1.260,2,NULL,NULL,,3,0,2,7,255,974,250,0,0
stim,35465,65587,0,65587,3262919.455,-0.308,-0.050,-0.002,0.950,3091,180,749,3096,1895,2359,1033,2520,54,1.081,1,2096,0,40.028,1.174,-19.938,7.563,-33.875,-0.254,-0.086,0.965,0.855,-0.805,-0.133,0.000,0.000,0.929,1.260,2,NULL,NULL,,3,0,2,7,255,974,250,0,0
stim,35502,65623,0,65623,3262924.454,-0.310,-0.051,-0.002,0.949,3063,169,771,3069,1909,2359,1049,2516,54,1.081,1,2096,0,44.172,1.284,-17.313,6.438,-40.125,-0.195,-0.113,0.953,1.000,-0.805,-0.172,0.000,0.000,0.929,1.260,2,NULL,NULL,,3,0,2,7,255,974,250,0,0
stim,35502,65623,0,65623,3262929.455,-0.312,-0.051,-0.003,0.949,3053,173,809,3056,1918,2355,1073,2521,54,1.081,1,2096,0,41.017,1.087,-14.625,3.875,-38.125,-0.152,-0.063,0.969,1.000,-0.426,-0.211,0.000,0.000,0.929,1.260,2,NULL,NULL,,3,0,2,7,255,974,250,0,0
stim,35529,65650,0,65650,3262934.453,-0.313,-0.052,-0.004,0.948,3043,173,851,3049,1934,2347,1092,2518,54,1.081,1,2096,0,36.611,0.538,-14.563,1.375,-33.563,-0.156,-0.047,1.020,0.328,-0.426,-0.211,0.000,0.000,0.929,1.260,2,NULL,NULL,,3,0,2,7,255,974,250,0,0
stim,35529,65650,0,65650,3262939.455,-0.314,-0.052,-0.005,0.948,3029,179,935,3029,1945,2333,1145,2517,54,1.081,1,2096,0,42.163,0.671,-22.000,1.500,-35.938,-0.176,-0.031,0.988,0.297,-0.602,-0.008,0.000,0.000,0.929,1.260,2,NULL,NULL,,3,0,2,7,255,974,250,0,0
stim,35529,65650,0,65650,3262944.453,-0.316,-0.052,-0.005,0.947,3007,188,979,3004,1963,2333,1192,2525,54,1.081,1,2096,0,41.824,0.632,-14.063,-1.063,-39.375,-0.121,-0.035,0.902,0.195,-0.602,-0.008,0.000,0.000,0.929,1.260,2,NULL,NULL,,3,0,2,7,255,974,250,0,0
stim,35529,65650,0,65650,3262949.455,-0.317,-0.052,-0.006,0.947,3005,203,1035,3005,1991,2328,1244,2531,54,1.081,1,2096,0,31.151,0.508,-10.313,-2.188,-29.313,-0.063,-0.113,1.012,-0.012,-0.508,-0.008,0.000,0.000,0.929,1.260,2,NULL,NULL,,3,0,2,7,255,974,250,0,0
stim,35529,65650,0,65650,3262954.454,-0.318,-0.052,-0.006,0.947,2997,216,1116,2982,2019,2328,1297,2531,54,0.660,1,2096,1,24.369,0.508,-11.250,-5.125,-21.000,-0.156,-0.023,0.918,-0.012,-0.508,-0.727,0.000,0.000,1.184,0.937,2,NULL,NULL,,3,0,2,7,255,974,250,0,0
stim,35529,65650,0,65650,3262959.455,-0.319,-0.052,-0.007,0.946,2972,213,1177,2971,2074,2327,1352,2546,54,0.660,1,2096,1,21.806,0.602,-8.875,-7.688,-18.375,-0.148,-0.051,1.027,0.137,-0.586,0.180,0.008,0.004,1.184,0.937,2,NULL,NULL,,3,0,2,7,255,974,250,0,0
stim,35529,65650,0,65650,3262964.454,-0.319,-0.052,-0.007,0.946,2954,224,1261,2952,2109,2333,1437,2549,54,0.660,1,2096,1,23.395,0.839,-14.875,-7.875,-16.250,-0.199,0.039,1.039,0.137,-0.828,0.371,0.012,0.008,1.184,0.937,2,NULL,NULL,,3,0,2,7,255,974,250,0,0
stim,35529,65650,0,65650,3262969.455,-0.320,-0.052,-0.008,0.946,2939,235,1332,2941,2141,2331,1517,2566,54,0.660,1,2096,1,31.289,1.602,-18.813,-6.563,-24.125,-0.184,0.070,1.035,0.000,-1.602,0.387,0.018,0.012,1.184,0.937,2,NULL,NULL,,3,0,2,7,255,974,250,0,0
stim,35529,65650,0,65650,3262974.454,-0.321,-0.052,-0.009,0.945,2909,239,1439,2921,2174,2323,1587,2565,54,0.660,1,2096,1,35.832,1.628,-20.438,-5.375,-28.938,-0.121,-0.008,0.996,-0.293,-1.602,0.387,0.020,0.012,1.184,0.937,2,NULL,NULL,,3,0,2,7,255,974,250,0,0
stim,35529,65650,0,65650,3262979.455,-0.322,-0.052,-0.010,0.945,2895,251,1525,2909,2219,2330,1658,2588,54,0.660,1,2096,1,33.834,0.853,-24.375,-5.750,-22.750,-0.109,-0.121,1.023,-0.293,-0.801,0.328,0.022,0.010,1.184,0.937,2,NULL,NULL,,3,0,2,7,255,974,250,0,0
stim,35554,65675,0,65675,3262984.454,-0.323,-0.052,-0.012,0.945,2885,261,1607,2901,2240,2338,1746,2591,54,0.660,1,2096,1,34.919,0.211,-27.938,-5.813,-20.125,-0.137,-0.129,0.930,0.211,0.008,-0.012,0.024,0.010,1.184,0.937,2,NULL,NULL,,3,0,2,7,255,974,250,0,0
stim,35554,65675,0,65675,3262989.455,-0.324,-0.052,-0.013,0.945,2859,268,1709,2887,2283,2339,1819,2604,54,0.660,1,2096,1,33.608,0.574,-28.063,-5.188,-17.750,-0.191,-0.105,0.926,0.574,0.008,-0.531,0.028,0.010,1.184,0.937,2,NULL,NULL,,3,0,2,7,255,974,250,0,0
stim,35554,65675,0,65675,3262994.453,-0.325,-0.053,-0.014,0.944,2845,279,1780,2869,2315,2335,1884,2613,54,0.660,1,2096,1,36.398,0.998,-24.000,-7.938,-26.188,-0.270,-0.145,0.895,0.852,-0.520,-0.543,0.032,0.010,1.184,0.937,2,NULL,NULL,,3,0,2,7,255,974,250,0,0
stim,35554,65675,0,65675,3262999.455,-0.326,-0.053,-0.015,0.944,2816,285,1875,2848,2363,2335,1939,2629,54,0.660,1,2096,1,43.067,1.346,-12.500,-6.938,-40.625,-0.184,-0.172,0.863,1.242,-0.520,-0.742,0.034,0.012,1.184,0.937,2,NULL,NULL,,3,0,2,7,255,974,250,0,0
stim,35554,65675,0,65675,3263004.454,-0.328,-0.052,-0.016,0.943,2796,307,1951,2833,2403,2334,1990,2632,54,0.660,1,2096,1,38.402,1.242,-10.938,-8.250,-35.875,-0.074,-0.176,0.961,1.242,0.008,-0.742,0.038,0.014,1.184,0.937,2,NULL,NULL,,3,0,2,7,255,974,250,0,0
stim,35554,65675,0,65675,3263009.455,-0.329,-0.052,-0.017,0.943,2796,325,2043,2803,2451,2349,2042,2659,54,0.660,1,2096,1,29.028,0.862,-16.750,-10.125,-21.438,-0.094,-0.191,0.949,0.586,0.633,-0.313,0.042,0.016,1.184,0.937,2,NULL,NULL,,3,0,2,7,255,974,250,0,0
stim,35584,65705,0,65705,3263014.453,-0.329,-0.052,-0.018,0.943,2765,347,2129,2785,2479,2349,2087,2667,54,0.660,1,2096,1,27.351,0.862,-19.000,-11.000,-16.313,-0.184,-0.180,0.887,0.586,0.633,-0.313,0.044,0.016,1.184,0.937,2,NULL,NULL,,3,0,2,7,255,974,250,0,0
stim,35584,65705,0,65705,3263019.455,-0.330,-0.052,-0.018,0.942,2748,372,2205,2751,2509,2352,2149,2681,54,0.660,1,2096,1,31.861,1.281,-10.563,-12.688,-27.250,-0.289,-0.172,0.887,1.281,0.000,-0.777,0.048,0.018,1.184,0.937,2,NULL,NULL,,3,0,2,7,255,974,250,0,0
stim,35584,65705,0,65705,3263024.454,-0.332,-0.052,-0.019,0.942,2707,392,2270,2742,2532,2367,2191,2699,54,0.660,1,2096,1,46.231,1.281,-6.938,-13.438,-43.688,-0.137,-0.199,0.938,1.281,0.000,-0.777,0.050,0.018,1.184,0.937,2,NULL,NULL,,3,0,2,7,255,974,250,0,0
stim,35584,65705,0,65705,3263029.455,-0.333,-0.051,-0.020,0.941,2680,401,2329,2711,2571,2367,2233,2713,54,0.660,1,2096,1,35.539,1.041,-3.563,-15.438,-31.813,-0.012,-0.102,0.953,0.973,0.371,-0.457,0.052,0.018,1.184,0.937,2,NULL,NULL,,3,0,2,7,255,974,250,0,0
stim,35627,65748,0,65748,3263034.453,-0.334,-0.050,-0.020,0.941,2649,423,2383,2681,2603,2381,2287,2717,54,0.660,1,2096,1,25.780,0.431,-3.750,-16.063,-19.813,-0.090,-0.086,1.047,-0.219,0.371,-0.379,0.054,0.018,1.184,0.937,2,NULL,NULL,,3,0,2,7,255,974,250,0,0
stim,35627,65748,0,65748,3263039.455,-0.335,-0.050,-0.021,0.941,2629,432,2430,2663,2621,2381,2332,2729,54,0.660,1,2096,1,31.389,0.326,-14.500,-15.500,-23.125,-0.168,-0.074,1.094,-0.219,-0.242,0.523,0.054,0.018,1.184,0.937,2,NULL,NULL,,3,0,2,7,255,974,250,0,0
stim,35627,65748,0,65748,3263044.454,-0.336,-0.049,-0.022,0.940,2590,452,2499,2637,2652,2397,2364,2739,54,0.660,1,2096,1,38.206,0.887,-19.188,-15.000,-29.438,-0.133,0.027,0.961,-0.219,-0.859,0.523,0.054,0.016,1.184,0.937,2,NULL,NULL,,3,0,2,7,255,974,250,0,0
stim,35627,65748,0,65748,3263049.455,-0.337,-0.049,-0.022,0.940,2539,463,2556,2611,2671,2404,2411,2769,54,0.660,1,2096,1,37.959,0.859,-6.813,-16.625,-33.438,-0.113,-0.070,0.969,0.004,-0.859,-0.254,0.056,0.014,1.184,0.937,2,NULL,NULL,,3,0,2,7,255,974,250,0,0
stim,35627,65748,0,65748,3263054.453,-0.338,-0.048,-0.023,0.940,2474,487,2597,2587,2685,2399,2445,2766,54,0.660,1,2096,1,30.089,0.646,-7.875,-14.563,-25.125,-0.016,-0.160,1.078,-0.332,-0.555,-0.254,0.058,0.014,1.184,0.937,2,NULL,NULL,,3,0,2,7,255,974,250,0,0
stim,35627,65748,0,65748,3263059.455,-0.339,-0.048,-0.024,0.939,2445,494,2640,2555,2712,2407,2494,2776,54,0.660,1,2096,1,24.095,0.378,-13.438,-16.000,-12.000,-0.086,-0.078,0.984,-0.180,-0.332,-0.117,0.062,0.016,1.184,0.937,2,NULL,NULL,,3,0,2,7,255,974,250,0,0
stim,35627,65748,0,65748,3263064.454,-0.339,-0.047,-0.024,0.939,2389,509,2683,2513,2745,2405,2522,2793,54,0.660,1,2096,1,21.308,0.378,-6.500,-16.500,-11.813,-0.195,-0.098,0.957,-0.180,-0.332,-0.117,0.068,0.018,1.184,0.937,2,NULL,NULL,,3,0,2,7,255,974,250,0,0
stim,35627,65748,0,65748,3263069.455,-0.340,-0.047,-0.025,0.939,2335,522,2729,2476,2751,2409,2548,2805,54,0.660,1,2096,1,25.784,0.874,-5.875,-16.625,-18.813,-0.160,-0.156,1.020,0.809,-0.332,-0.117,0.072,0.022,1.184,0.937,2,NULL,NULL,,3,0,2,7,255,974,250,0,0
stim,35627,65748,0,65748,3263074.454,-0.341,-0.046,-0.025,0.939,2277,524,2769,2416,2774,2409,2574,2827,54,0.660,1,2096,1,27.439,1.077,-2.000,-18.813,-19.875,-0.168,-0.102,0.949,0.809,-0.711,-0.250,0.078,0.026,1.184,0.937,2,NULL,NULL,,3,0,2,7,255,974,250,0,0
stim,35627,65748,0,65748,3263079.455,-0.341,-0.045,-0.026,0.938,2212,509,2787,2355,2793,2407,2613,2839,54,0.660,1,2096,1,27.845,0.876,-0.063,-19.938,-19.438,-0.141,-0.180,0.992,0.832,-0.273,0.102,0.082,0.032,1.184,0.937,2,NULL,NULL,,3,0,2,7,255,974,250,0,0
stim,35651,65772,0,65772,3263084.454,-0.342,-0.045,-0.026,0.938,2135,483,2815,2267,2807,2410,2643,2839,54,0.660,1,2096,1,26.612,0.871,1.500,-20.875,-16.438,-0.148,-0.219,0.969,0.871,0.012,-0.074,0.088,0.034,1.184,0.937,2,NULL,NULL,,3,0,2,7,255,974,250,0,0
stim,35651,65772,0,65772,3263089.455,-0.342,-0.044,-0.026,0.938,2031,471,2845,2165,2823,2409,2665,2854,54,0.660,1,2096,1,26.762,1.233,5.500,-23.500,-11.563,-0.156,-0.219,0.996,1.223,0.160,0.102,0.092,0.038,1.184,0.937,2,NULL,NULL,,3,0,2,7,255,974,250,0,0
stim,35651,65772,0,65772,3263094.453,-0.343,-0.043,-0.026,0.938,1915,423,2855,2066,2841,2408,2701,2857,54,0.660,1,2096,1,28.584,1.233,6.250,-26.625,-8.313,-0.211,-0.070,0.980,1.223,0.160,-0.066,0.094,0.038,1.184,0.937,2,NULL,NULL,,3,0,2,7,255,974,250,0,0
stim,35651,65772,0,65772,3263099.455,-0.344,-0.041,-0.026,0.938,1749,364,2885,1973,2861,2407,2717,2871,54,0.660,1,2096,1,37.301,1.776,15.063,-26.500,-21.500,-0.258,-0.086,1.016,1.230,-1.281,0.219,0.096,0.038,1.184,0.937,2,NULL,NULL,,3,0,2,7,255,974,250,0,0
stim,35680,65801,0,65801,3263104.454,-0.345,-0.040,-0.026,0.937,1549,320,2887,1830,2869,2401,2749,2873,54,0.660,1,2096,1,48.538,1.547,18.875,-28.375,-34.563,-0.180,-0.117,1.023,0.867,-1.281,0.313,0.100,0.038,1.184,0.937,2,NULL,NULL,,3,0,2,7,255,974,250,0,0
stim,35680,65801,0,65801,3263109.455,-0.346,-0.039,-0.025,0.937,1389,267,2907,1705,2885,2391,2773,2892,54,0.660,1,2096,1,47.980,1.159,19.813,-28.500,-33.125,-0.090,-0.129,1.023,0.867,-0.770,0.313,0.102,0.036,1.184,0.937,2,NULL,NULL,,3,0,2,7,255,974,250,0,0
stim,35680,65801,0,65801,3263114.453,-0.347,-0.037,-0.025,0.937,1236,205,2911,1565,2893,2385,2780,2891,54,0.660,1,2096,1,45.437,0.812,23.313,-31.125,-23.500,-0.109,-0.180,0.988,0.805,-0.105,0.313,0.102,0.036,1.184,0.937,2,NULL,NULL,,3,0,2,7,255,974,250,0,0
stim,35680,65801,0,65801,3263119.455,-0.348,-0.035,-0.024,0.937,1039,149,2917,1350,2908,2359,2799,2901,54,0.660,1,2096,1,48.016,0.812,27.500,-33.938,-19.938,-0.145,-0.172,1.012,0.805,-0.105,0.266,0.104,0.034,1.184,0.937,2,NULL,NULL,,3,0,2,7,255,974,250,0,0
stim,35680,65801,0,65801,3263124.454,-0.349,-0.033,-0.023,0.936,839,92,2935,1112,2919,2343,2819,2905,54,0.660,1,2096,1,54.730,1.064,36.375,-36.688,-18.063,-0.199,-0.172,0.938,1.051,-0.164,0.039,0.106,0.032,1.184,0.937,2,NULL,NULL,,3,0,2,7,255,974,250,0,0
stim,35680,65801,0,65801,3263129.455,-0.350,-0.031,-0.022,0.936,613,41,2936,888,2927,2313,2840,2915,54,0.660,1,2096,1,70.191,1.571,51.500,-38.563,-28.063,-0.180,-0.219,0.965,1.563,-0.164,-0.117,0.108,0.030,1.184,0.937,2,NULL,NULL,,3,0,2,7,255,974,250,0,0
stim,35720,65841,0,65841,3263134.453,-0.351,-0.029,-0.020,0.936,439,35,2935,695,2956,2289,2854,2927,54,0.660,1,2096,1,77.806,1.564,59.875,-43.438,-24.125,-0.113,-0.156,1.074,1.563,-0.074,-0.117,0.110,0.028,1.184,0.937,2,NULL,NULL,,3,0,2,7,255,974,250,0,0
stim,35720,65841,0,65841,3263139.455,-0.351,-0.026,-0.019,0.936,279,10,2939,543,2967,2245,2859,2925,54,0.660,1,2096,1,71.513,0.851,52.250,-45.313,-18.188,-0.172,-0.094,1.117,0.848,-0.074,0.855,0.110,0.028,1.184,0.937,2,NULL,NULL,,3,0,2,7,255,974,250,0,0
stim,35720,65841,0,65841,3263144.454,-0.352,-0.023,-0.018,0.935,171,0,2955,413,2963,2205,2876,2933,54,0.660,1,2096,0,75.344,1.255,51.500,-51.375,-19.625,-0.273,-0.176,1.148,0.848,-0.926,1.223,0.112,0.026,1.184,0.937,2,NULL,NULL,,3,0,2,7,255,974,250,0,0
stim,35720,65841,0,65841,3263149.455,-0.353,-0.021,-0.017,0.935,105,0,2963,301,2983,2157,2879,2939,54,0.660,1,2096,0,73.023,1.987,35.313,-56.000,-30.813,-0.199,-0.203,1.316,1.758,-0.926,1.621,0.114,0.026,1.184,0.937,2,NULL,NULL,,3,0,2,7,255,974,250,0,0
stim,35720,65841,0,65841,3263154.453,-0.354,-0.018,-0.017,0.935,57,0,2955,223,2985,2095,2900,2941,54,0.660,1,2096,0,72.518,2.009,21.250,-62.688,-29.625,-0.117,0.020,1.270,1.758,-0.973,2.621,0.118,0.024,1.184,0.937,2,NULL,NULL,,3,0,2,7,255,974,250,0,0
stim,35720,65841,0,65841,3263159.455,-0.355,-0.014,-0.017,0.935,35,0,2954,134,2989,2027,2904,2939,54,0.660,1,2096,0,79.188,1.508,30.938,-69.375,-22.375,-0.063,0.168,1.098,-0.191,-1.496,2.621,0.120,0.024,1.184,0.937,2,NULL,NULL,,3,0,2,7,255,974,250,0,0
stim,35746,65867,0,65867,3263164.454,-0.356,-0.010,-0.015,0.934,25,0,2957,105,3005,1975,2912,2953,54,0.660,1,2096,0,94.087,2.094,56.563,-73.750,-14.625,-0.125,0.094,1.180,-0.363,-2.063,1.680,0.124,0.022,1.184,0.937,2,NULL,NULL,,3,0,2,7,255,974,250,0,0
stim,35746,65867,0,65867,3263169.455,-0.355,-0.006,-0.013,0.935,12,0,2951,101,3003,1911,2920,2942,54,0.660,1,2096,0,125.936,2.183,89.188,-87.563,15.438,-0.238,0.063,1.824,-0.363,-2.152,1.680,0.126,0.022,1.184,0.937,2,NULL,NULL,,3,0,2,7,255,974,250,0,0
stim,35746,65867,0,65867,3263174.454,-0.353,-0.001,-0.012,0.935,0,0,2956,73,3013,1827,2937,2953,54,0.660,1,2096,0,114.115,2.827,43.125,-98.750,37.563,-0.297,0.246,1.969,-0.121,-2.824,8.004,0.130,0.022,1.184,0.937,3,NULL,NULL,,3,0,2,7,255,974,250,0,0
stim,35746,65867,0,65867,3263179.455,-0.353,0.002,-0.016,0.936,0,0,2956,28,3019,1738,2944,2954,54,0.660,1,2096,0,106.400,4.267,-42.188,-96.750,13.438,-0.215,0.277,1.461,-0.121,-4.266,8.004,0.132,0.022,1.184,0.937,3,NULL,NULL,,3,0,2,7,255,974,250,0,0
stim,35746,65868,0,65868,3263184.453,-0.352,0.006,-0.018,0.936,0,0,2933,14,3021,1645,2967,2955,54,0.660,1,2096,0,103.279,4.305,-32.563,-97.313,11.688,-0.066,0.117,1.082,-0.582,-4.266,4.277,0.134,0.022,1.184,0.937,3,NULL,NULL,,3,0,2,7,255,974,250,0,0
stim,35746,65868,0,65868,3263189.455,-0.350,0.010,-0.020,0.936,0,0,2938,0,3032,1515,2972,2939,54,0.660,1,2096,0,113.854,2.083,-2.688,-108.000,35.938,-0.063,0.000,1.234,-0.582,-2.000,2.230,0.138,0.022,1.184,0.937,3,NULL,NULL,,3,0,2,7,255,974,250,0,0
stim,35764,65885,0,65885,3263194.454,-0.348,0.014,-0.021,0.937,0,0,2933,0,3033,1367,2975,2939,54,0.660,1,2096,0,119.365,2.009,6.688,-111.625,41.750,-0.328,0.094,1.238,0.188,-2.000,2.105,0.140,0.020,1.184,0.937,3,NULL,NULL,,3,0,2,7,255,974,250,0,0
stim,35764,65885,0,65885,3263199.455,-0.348,0.019,-0.023,0.937,0,0,2923,0,3035,1228,2985,2936,54,0.660,1,2096,0,117.901,3.887,4.500,-117.625,6.688,-0.273,0.133,1.359,1.078,-3.734,2.230,0.144,0.020,1.184,0.937,3,NULL,NULL,,3,0,2,7,255,974,250,0,0
stim,35764,65885,0,65885,3263204.453,-0.348,0.024,-0.024,0.937,0,0,2913,0,3043,1041,2992,2924,54,0.660,1,2096,0,117.516,3.887,0.313,-117.375,-5.750,-0.152,0.055,1.145,1.078,-3.734,2.105,0.146,0.020,1.184,0.937,3,NULL,NULL,,3,0,2,7,255,974,250,0,0
stim,35764,65885,0,65885,3263209.455,-0.348,0.029,-0.025,0.937,0,0,2901,0,3033,883,2999,2909,54,0.660,1,2096,0,130.520,2.612,22.125,-128.500,-5.813,-0.105,-0.043,1.156,1.078,-2.379,1.422,0.148,0.020,1.184,0.937,3,NULL,NULL,,3,0,2,7,255,974,250,0,0
stim,35764,65885,0,65885,3263214.454,-0.347,0.035,-0.026,0.937,0,0,2889,0,3036,732,3005,2899,54,0.660,1,2096,0,129.333,1.766,24.188,-126.875,6.688,-0.059,-0.027,1.395,0.879,-1.531,1.422,0.152,0.020,1.184,0.937,3,NULL,NULL,,3,0,2,7,255,974,250,0,0
stim,35764,65885,0,65885,3263219.455,-0.346,0.040,-0.028,0.937,0,0,2876,0,3037,560,3027,2888,54,0.660,1,2096,0,135.373,1.775,-4.563,-132.625,26.750,-0.090,0.027,1.500,0.898,-1.531,3.742,0.154,0.018,1.184,0.937,3,NULL,NULL,,3,0,2,7,255,974,250,0,0
stim,35796,65917,0,65917,3263224.454,-0.344,0.045,-0.032,0.937,0,0,2863,0,3044,463,3035,2859,54,0.660,1,2096,0,145.708,2.518,-38.750,-135.500,37.000,-0.141,0.113,1.570,0.879,-2.359,4.695,0.156,0.018,1.184,0.937,3,NULL,NULL,,3,0,2,7,255,974,250,0,0
stim,35796,65917,0,65917,3263229.455,-0.342,0.049,-0.037,0.938,0,0,2843,0,3035,299,3027,2826,54,0.660,1,2096,0,158.006,3.647,-70.938,-137.125,33.625,-0.184,0.199,1.266,0.863,-3.543,4.695,0.158,0.018,1.184,0.937,3,NULL,NULL,,3,0,2,7,255,974,250,0,0
stim,35829,65950,0,65950,3263234.454,-0.341,0.054,-0.041,0.938,0,0,2823,0,3033,182,3032,2797,54,0.660,1,2096,0,155.144,3.647,-46.125,-147.000,18.250,-0.262,0.074,0.934,0.863,-3.543,2.141,0.160,0.018,1.184,0.937,3,NULL,NULL,,3,0,2,7,255,974,250,0,0
stim,35829,65950,0,65950,3263239.455,-0.341,0.061,-0.043,0.937,0,0,2808,0,3031,103,3039,2777,54,0.660,1,2096,0,152.072,3.987,1.875,-151.938,-6.125,-0.215,-0.063,1.047,1.902,-3.504,0.070,0.162,0.018,1.184,0.937,3,NULL,NULL,,3,0,2,7,255,974,250,0,0
stim,35829,65950,0,65950,3263244.453,-0.340,0.067,-0.045,0.937,0,0,2776,0,3027,55,3051,2720,54,0.660,1,2096,0,160.598,3.523,3.500,-160.500,4.375,-0.109,-0.152,1.418,2.551,-2.430,0.070,0.164,0.016,1.184,0.937,3,NULL,NULL,,3,0,2,7,255,974,250,0,0
stim,35829,65950,0,65950,3263249.455,-0.339,0.074,-0.048,0.937,0,0,2747,0,3023,0,3047,2671,54,0.660,1,2096,0,167.089,3.637,-11.250,-166.563,7.000,-0.293,-0.051,1.508,2.707,-2.430,3.836,0.168,0.016,1.184,0.937,3,NULL,NULL,,3,0,2,7,255,974,250,0,0
stim,35829,65950,0,65950,3263254.454,-0.339,0.080,-0.052,0.936,0,0,2728,0,3019,0,3049,2616,54,0.660,1,2096,0,174.879,5.057,-31.188,-172.063,-2.125,-0.301,0.066,1.621,3.227,-3.895,4.270,0.170,0.016,1.184,0.937,3,NULL,NULL,,3,0,2,7,255,974,250,0,0
stim,35829,65950,0,65950,3263259.455,-0.339,0.087,-0.057,0.935,0,0,2676,0,2998,0,3037,2532,54,0.660,1,2096,0,184.069,6.116,-45.750,-177.938,-11.250,-0.277,0.078,1.676,3.227,-5.195,5.156,0.172,0.016,1.184,0.937,3,NULL,NULL,,3,0,2,7,255,974,250,0,0
stim,35829,65950,0,65950,3263264.453,-0.339,0.093,-0.062,0.934,0,0,2638,0,2998,0,3043,2451,54,0.660,1,2096,0,196.226,6.292,-58.188,-187.250,-7.500,-0.230,0.094,1.781,3.172,-5.434,5.637,0.174,0.018,1.184,0.937,3,NULL,NULL,,3,0,2,7,255,974,250,0,0
stim,35829,65950,0,65950,3263269.455,-0.338,0.101,-0.068,0.933,0,0,2587,0,2971,0,3036,2324,54,0.660,1,2096,0,212.195,6.519,-70.875,-200.000,1.813,-0.293,0.121,1.859,3.172,-5.695,6.605,0.176,0.018,1.184,0.937,3,NULL,NULL,,3,0,2,7,255,974,250,0,0
stim,35829,65950,0,65950,3263274.454,-0.337,0.108,-0.074,0.932,0,0,2517,0,2940,0,3029,2184,54,0.660,1,2096,0,229.877,7.532,-85.125,-213.438,6.438,-0.355,0.238,1.914,3.457,-6.691,7.082,0.178,0.018,1.184,0.937,3,NULL,NULL,,3,0,2,7,255,974,250,0,0
stim,35829,65950,0,65950,3263279.455,-0.337,0.116,-0.081,0.931,0,0,2429,0,2925,0,3031,2029,54,0.660,1,2096,0,242.419,9.041,-88.500,-225.688,-0.188,-0.422,0.324,1.980,3.492,-8.340,7.180,0.180,0.016,1.184,0.937,3,NULL,NULL,,3,0,2,7,255,974,250,0,0
stim,35854,65975,0,65975,3263284.453,-0.336,0.124,-0.089,0.929,0,0,2358,0,2893,0,3017,1881,54,0.660,1,2096,0,263.162,10.459,-104.938,-241.188,-8.438,-0.395,0.445,1.996,3.457,-9.871,7.188,0.182,0.016,1.184,0.937,3,NULL,NULL,,3,0,2,7,255,974,250,0,0
stim,35854,65975,0,65975,3263289.455,-0.336,0.133,-0.097,0.927,0,0,2261,0,2856,0,3003,1661,54,0.660,1,2096,0,281.289,11.361,-113.563,-256.563,-20.063,-0.301,0.543,2.008,2.871,-10.992,7.199,0.184,0.014,1.184,0.937,3,NULL,NULL,,3,0,2,7,255,974,250,0,0
stim,35854,65975,0,65975,3263294.454,-0.336,0.142,-0.106,0.925,0,0,2151,0,2814,0,2973,1463,54,0.660,1,2096,0,298.310,11.681,-124.188,-270.625,-18.125,-0.254,0.609,2.027,1.738,-11.551,7.188,0.186,0.012,1.184,0.937,3,NULL,NULL,,3,0,2,7,255,974,250,0,0
stim,35854,65975,0,65975,3263299.455,-0.336,0.152,-0.115,0.922,0,0,2063,0,2765,0,2937,1269,54,0.660,1,2096,0,312.427,12.338,-125.063,-286.125,-10.125,-0.379,0.617,2.121,1.738,-12.215,7.199,0.186,0.010,1.184,0.937,3,NULL,NULL,,3,0,2,7,255,974,250,0,0
stim,35854,65975,0,65975,3263304.453,-0.335,0.162,-0.125,0.920,0,0,1989,0,2725,0,2900,1087,54,0.660,1,2096,0,324.032,13.918,-120.250,-300.688,-11.125,-0.598,0.695,2.387,2.391,-13.711,7.246,0.188,0.008,1.184,0.937,3,NULL,NULL,,3,0,2,7,255,974,250,0,0
stim,35854,65975,0,65975,3263309.455,-0.335,0.173,-0.135,0.916,0,0,1907,0,2639,0,2852,920,54,0.660,1,2096,0,349.198,17.397,-135.313,-321.250,-20.688,-0.730,0.813,2.656,4.152,-16.895,8.277,0.188,0.008,1.184,0.937,3,NULL,NULL,,3,0,2,7,255,974,250,0,0
stim,35884,66005,0,66005,3263314.453,-0.335,0.184,-0.146,0.912,0,0,1789,0,2557,0,2795,811,54,0.660,1,2096,0,379.559,20.407,-169.250,-337.438,-39.438,-0.684,1.008,2.879,4.152,-19.980,9.438,0.188,0.006,1.184,0.937,3,NULL,NULL,,3,0,2,7,255,974,250,0,0
stim,35884,66005,0,66005,3263319.455,-0.336,0.196,-0.159,0.907,0,0,1647,0,2440,0,2709,676,54,0.660,1,2096,0,408.104,22.843,-201.875,-349.500,-60.375,-0.555,0.930,2.988,4.117,-22.469,10.574,0.188,0.004,1.184,0.937,3,NULL,NULL,,3,0,2,7,255,974,250,0,0
stim,35884,66005,0,66005,3263324.454,-0.338,0.207,-0.173,0.902,0,0,1483,0,2276,0,2600,559,54,0.660,1,2096,0,434.218,22.843,-233.250,-361.188,-60.688,-0.488,0.539,2.918,4.117,-22.469,11.094,0.186,0.006,1.184,0.937,3,NULL,NULL,,3,0,2,7,255,974,250,0,0
stim,35884,66005,0,66005,3263329.455,-0.338,0.218,-0.189,0.896,0,0,1337,0,2075,0,2464,468,54,0.660,1,2096,0,463.851,20.824,-262.125,-381.688,-27.625,-0.566,0.305,2.676,6.238,-19.867,11.094,0.184,0.010,1.184,0.937,3,NULL,NULL,,3,0,2,7,255,974,250,0,0
stim,35934,66055,0,66055,3263334.453,-0.337,0.230,-0.206,0.890,0,0,1130,0,1820,0,2301,406,54,0.660,1,2096,0,488.517,19.947,-277.750,-401.875,-0.625,-0.680,0.297,2.348,7.926,-18.305,8.402,0.182,0.016,1.184,0.937,3,NULL,NULL,,3,0,2,7,255,974,250,0,0
stim,35934,66055,0,66055,3263339.455,-0.335,0.242,-0.221,0.883,0,0,935,0,1541,0,2088,332,54,0.660,1,2096,0,485.241,19.675,-238.688,-422.125,-17.250,-0.730,0.242,2.285,8.023,-17.965,4.328,0.180,0.022,1.184,0.937,3,NULL,NULL,,3,0,2,7,255,974,250,0,0
stim,35934,66055,0,66055,3263344.454,-0.334,0.257,-0.234,0.876,0,0,653,0,1227,0,1783,251,54,0.660,1,2096,0,475.405,19.976,-184.250,-436.625,-37.688,-0.602,0.219,2.535,8.734,-17.965,4.328,0.178,0.026,1.184,0.937,3,NULL,NULL,,3,0,2,7,255,974,250,0,0
stim,35934,66055,0,66055,3263349.455,-0.333,0.271,-0.246,0.869,0,0,437,0,933,0,1364,155,54,0.660,1,2096,0,466.630,21.064,-161.563,-434.000,-57.313,-0.477,0.508,2.980,8.734,-19.168,4.719,0.178,0.030,1.184,0.937,3,NULL,NULL,,3,0,2,7,255,974,250,0,0
stim,35934,66055,0,66055,3263354.453,-0.331,0.286,-0.260,0.861,0,0,250,0,633,0,755,121,54,0.660,1,2096,0,481.901,25.093,-189.750,-441.938,-30.250,-0.805,0.867,3.340,8.324,-23.672,5.328,0.176,0.034,1.184,0.937,3,NULL,NULL,,3,0,2,7,255,974,250,0,0
stim,35934,66055,0,66055,3263359.455,-0.329,0.298,-0.277,0.852,0,0,115,0,367,0,205,77,54,0.660,1,2096,0,531.622,31.273,-288.250,-446.625,-7.750,-0.969,1.035,3.355,8.168,-30.188,5.328,0.172,0.042,1.184,0.937,3,NULL,NULL,,3,0,2,7,255,974,250,0,0
stim,35934,66055,0,66055,3263364.454,-0.329,0.308,-0.298,0.841,0,0,79,0,115,0,0,55,54,0.660,1,2096,0,592.851,31.273,-410.438,-427.625,-12.250,-0.945,0.938,2.605,8.168,-30.188,2.367,0.170,0.050,1.184,0.937,3,NULL,NULL,,3,0,2,7,255,974,250,0,0
stim,35934,66055,0,66055,3263369.455,-0.329,0.316,-0.321,0.830,0,0,38,0,0,0,0,31,54,0.660,1,2096,0,621.893,28.035,-459.125,-419.313,11.500,-1.090,1.008,1.879,6.172,-27.348,-3.434,0.168,0.056,1.184,0.937,4,NULL,NULL,,3,0,2,7,255,974,250,0,0
stim,35934,66055,0,66055,3263374.454,-0.328,0.323,-0.344,0.818,0,0,37,0,0,0,0,23,54,0.660,1,2096,0,604.585,24.706,-457.250,-395.000,20.500,-1.090,1.648,1.609,4.008,-24.379,-10.324,0.164,0.064,1.184,0.937,0,NULL,NULL,,3,0,2,7,255,974,250,0,0
stim,35934,66055,0,66055,3263379.455,-0.331,0.329,-0.366,0.805,0,0,24,0,0,0,0,20,54,0.660,1,2096,0,603.028,24.455,-497.000,-339.750,-34.688,-0.934,1.996,1.516,-1.934,-24.379,-15.246,0.162,0.070,1.184,0.937,0,NULL,NULL,,3,0,2,7,255,974,250,0,0
stim,35952,66073,0,66073,3263384.453,-0.336,0.331,-0.389,0.792,0,0,23,0,0,0,0,3,54,0.660,1,2096,0,619.704,25.186,-553.625,-274.000,-49.563,-0.973,1.922,1.336,-6.324,-24.379,-16.961,0.160,0.074,1.184,0.937,0,NULL,NULL,,3,0,2,7,255,974,250,0,0
stim,35952,66073,0,66073,3263389.455,-0.341,0.330,-0.413,0.778,0,0,26,0,0,0,0,17,54,0.660,1,2096,0,647.226,23.139,-609.813,-216.063,-18.625,-1.094,1.613,0.949,-6.324,-22.258,-18.852,0.158,0.080,1.184,0.937,0,NULL,NULL,,3,0,2,7,255,974,250,0,0
stim,35952,66073,0,66073,3263394.454,-0.347,0.324,-0.438,0.764,0,0,24,0,0,0,0,29,54,0.660,1,2096,0,687.162,18.070,-670.500,-147.000,31.813,-1.301,0.602,-0.898,-5.070,-17.344,-21.141,0.154,0.086,1.184,0.937,0,NULL,NULL,,3,0,2,7,255,974,250,0,0
stim,35952,66073,0,66073,3263399.455,-0.359,0.318,-0.456,0.750,0,0,25,0,0,0,0,29,54,0.660,1,2096,0,599.058,2.785,-581.000,-23.188,-144.125,-0.227,-0.934,-2.656,0.672,2.703,-21.141,0.150,0.090,1.184,0.937,0,NULL,NULL,,3,0,2,7,255,974,250,0,0
stim,35980,66101,0,66101,3263404.453,-0.368,0.318,-0.457,0.744,0,0,20,0,0,0,0,51,54,0.660,1,2096,0,250.941,26.685,-154.250,51.938,-191.000,-0.570,-2.020,-2.539,5.496,26.113,-16.945,0.146,0.094,1.184,0.937,0,NULL,NULL,,3,0,2,7,255,974,250,0,0
stim,35980,66101,0,66101,3263409.455,-0.372,0.321,-0.451,0.746,0,0,24,0,0,0,0,24,54,0.660,1,2096,0,183.115,27.102,117.313,69.563,-122.188,-0.602,-0.617,-0.730,7.254,26.113,-14.621,0.142,0.098,1.184,0.937,0,NULL,NULL,,3,0,2,7,255,974,250,0,0
stim,35980,66101,0,66101,3263414.454,-0.377,0.320,-0.444,0.747,0,0,19,0,0,0,0,5,54,0.660,1,2096,0,190.950,9.879,84.188,135.750,-104.625,-0.723,1.152,-0.035,7.254,6.707,-14.621,0.136,0.104,1.184,0.937,0,NULL,NULL,,3,0,2,7,255,974,250,0,0
stim,35980,66101,0,66101,3263419.455,-0.382,0.317,-0.438,0.750,0,0,17,0,0,0,0,0,54,0.660,1,2096,0,202.950,7.935,86.688,169.500,-70.313,-0.777,1.859,0.035,-6.133,-5.035,-20.641,0.132,0.108,1.184,0.937,0,NULL,NULL,,3,0,2,7,255,974,250,0,0
stim,35980,66101,0,66101,3263424.454,-0.384,0.315,-0.429,0.754,0,0,17,0,0,0,0,0,54,0.660,1,2096,0,227.334,10.121,145.875,170.938,-34.375,-0.859,1.254,0.461,-6.133,-8.051,-20.641,0.126,0.116,1.184,0.937,0,NULL,NULL,,3,0,2,7,255,974,250,0,0
stim,35980,66101,0,66101,3263429.455,-0.386,0.312,-0.421,0.759,0,0,13,0,0,0,0,0,54,0.660,1,2096,0,234.815,12.022,159.750,170.813,-21.000,-1.035,0.422,0.883,-5.785,-10.539,-19.848,0.120,0.124,1.184,0.937,0,NULL,NULL,,3,0,2,7,255,974,250,0,0
stim,36020,66141,0,66141,3263434.454,-0.388,0.309,-0.414,0.763,0,0,18,0,0,0,0,0,54,0.660,1,2096,0,212.486,12.637,121.750,172.688,-22.500,-1.098,0.270,0.957,2.578,-12.371,-15.828,0.116,0.134,1.184,0.937,0,NULL,NULL,,3,0,2,7,255,974,250,0,0
stim,36020,66141,0,66141,3263439.455,-0.391,0.305,-0.407,0.767,0,0,11,0,0,0,0,0,54,0.660,1,2096,0,199.448,12.637,88.688,176.438,-28.000,-1.004,0.590,0.746,2.578,-12.371,-15.828,0.112,0.146,1.184,0.937,0,NULL,NULL,,3,0,2,7,255,974,250,0,0
stim,36020,66141,0,66141,3263444.453,-0.394,0.302,-0.400,0.770,0,0,11,0,0,0,0,0,54,0.660,1,2096,0,206.086,11.895,95.688,181.125,-22.563,-0.891,0.859,0.582,0.863,-11.863,-16.430,0.112,0.164,1.184,0.937,0,NULL,NULL,,3,0,2,7,255,974,250,0,0
stim,36020,66141,0,66141,3263449.455,-0.397,0.298,-0.393,0.774,0,0,12,0,0,0,0,0,54,0.660,1,2096,0,220.476,11.861,114.813,187.688,-14.188,-0.828,0.820,0.684,-2.000,-11.691,-16.430,0.116,0.184,1.184,0.937,0,NULL,NULL,,3,0,2,7,255,974,250,0,0
stim,36020,66141,0,66141,3263454.454,-0.399,0.293,-0.385,0.779,0,0,16,0,0,0,0,0,54,0.660,1,2096,0,232.763,11.861,120.063,198.938,-13.688,-0.863,0.668,0.719,-2.000,-11.691,-15.844,0.124,0.204,1.184,0.937,0,NULL,NULL,,3,0,2,7,255,974,250,0,0
stim,36020,66141,0,66141,3263459.455,-0.402,0.289,-0.377,0.783,0,0,11,0,0,0,0,0,54,0.660,1,2096,0,247.768,11.718,122.125,214.125,-25.000,-0.832,0.512,0.805,-0.496,-11.707,-15.117,0.142,0.234,1.184,0.937,0,NULL,NULL,,3,0,2,7,255,974,250,0,0
stim,36041,66162,0,66162,3263464.453,-0.406,0.283,-0.369,0.787,0,0,13,0,0,0,0,0,54,0.660,1,2096,0,255.778,11.858,106.688,230.750,-28.188,-0.742,0.445,0.930,0.777,-11.832,-13.613,0.168,0.270,1.184,0.937,0,NULL,NULL,,3,0,2,7,255,974,250,0,0
stim,36041,66162,0,66162,3263469.455,-0.410,0.277,-0.361,0.791,0,0,11,0,0,0,0,0,54,0.660,1,2096,0,262.667,12.072,84.813,247.313,-25.250,-0.648,0.414,0.957,0.777,-12.047,-11.766,0.200,0.314,1.184,0.937,0,NULL,NULL,,3,0,2,7,255,974,250,0,0
stim,36041,66162,0,66162,3263474.454,-0.414,0.269,-0.354,0.794,0,0,16,0,0,0,0,0,54,0.660,1,2096,0,274.059,12.071,70.625,263.813,-22.875,-0.668,0.457,0.895,0.762,-12.047,-10.922,0.238,0.362,1.184,0.937,0,NULL,NULL,,3,0,2,7,255,974,250,0,0
stim,36041,66162,0,66162,3263479.455,-0.419,0.262,-0.346,0.798,0,0,12,0,0,0,0,0,54,0.660,1,2096,0,287.942,11.838,67.875,277.875,-33.000,-0.637,0.469,0.875,0.383,-11.832,-10.574,0.284,0.416,1.184,0.937,0,NULL,NULL,,3,0,2,7,255,974,250,0,0
stim,36041,66162,0,66162,3263484.453,-0.424,0.253,-0.338,0.801,0,0,9,0,0,0,0,0,54,0.660,1,2096,0,299.676,11.602,63.438,290.625,-36.313,-0.523,0.418,0.945,0.055,-11.602,-10.574,0.330,0.474,1.184,0.937,0,NULL,NULL,,3,0,2,7,255,974,250,0,0
stim,36041,66162,0,66162,3263489.455,-0.429,0.244,-0.330,0.804,0,0,8,0,0,0,0,0,54,0.660,1,2096,0,307.650,11.391,49.063,302.313,-29.125,-0.473,0.410,0.984,-0.117,-11.391,-8.914,0.378,0.534,1.184,0.937,0,NULL,NULL,,3,0,2,7,255,974,250,0,0
stim,36063,66184,0,66184,3263494.453,-0.435,0.235,-0.322,0.807,0,0,0,0,0,0,0,0,54,0.660,1,2096,0,317.538,11.373,36.750,314.063,-29.063,-0.465,0.422,0.953,-0.371,-11.367,-8.004,0.428,0.596,1.184,0.937,0,NULL,NULL,,3,0,2,7,255,974,250,0,0
stim,36063,66184,0,66184,3263499.455,-0.441,0.224,-0.315,0.810,0,0,0,0,0,0,0,2,54,0.660,1,2096,0,328.965,11.101,30.750,326.000,-31.563,-0.395,0.371,0.879,-0.645,-11.082,-7.922,0.480,0.658,1.184,0.937,0,NULL,NULL,,3,0,2,7,255,974,250,0,0
stim,36063,66184,0,66184,3263504.454,-0.446,0.214,-0.306,0.813,0,0,0,0,0,0,0,2,54,0.660,1,2096,0,341.107,9.939,35.813,337.750,-31.563,-0.363,0.352,0.813,-0.707,-9.914,-7.535,0.534,0.722,1.184,0.937,0,NULL,NULL,,3,0,2,7,255,974,250,0,0
stim,36063,66184,0,66184,3263509.455,-0.452,0.203,-0.298,0.816,0,0,0,0,0,0,0,0,54,0.660,1,2096,0,352.853,9.148,44.938,348.813,-28.563,-0.332,0.344,0.844,-0.844,-9.109,-7.488,0.592,0.788,1.184,0.937,0,NULL,NULL,,3,0,2,7,255,974,250,0,0
stim,36063,66184,0,66184,3263514.453,-0.457,0.191,-0.289,0.819,0,0,0,0,0,0,0,0,54,0.660,1,2096,0,363.460,9.169,49.750,359.063,-26.500,-0.332,0.398,0.895,-1.043,-9.109,-6.809,0.658,0.862,1.184,0.937,0,NULL,NULL,,3,0,2,7,255,974,250,0,0
stim,36063,66184,0,66184,3263519.455,-0.463,0.180,-0.279,0.822,0,0,0,0,0,0,0,0,54,0.660,1,2096,0,373.524,9.189,52.563,368.688,-28.750,-0.266,0.398,0.906,-1.590,-9.051,-6.355,0.726,0.938,1.184,0.937,0,NULL,NULL,,3,0,2,7,255,974,250,0,0
stim,36096,66217,0,66217,3263524.454,-0.468,0.168,-0.269,0.825,0,0,0,0,0,0,0,0,54,0.660,1,2096,0,382.415,9.226,59.063,376.688,-29.313,-0.191,0.352,0.855,-2.047,-8.996,-5.648,0.800,1.016,1.184,0.937,0,NULL,NULL,,3,0,2,7,255,974,250,0,0
stim,36096,66217,0,66217,3263529.455,-0.474,0.156,-0.258,0.827,0,0,0,0,0,0,0,0,54,0.660,1,2096,0,389.235,8.134,74.875,381.063,-26.250,-0.176,0.332,0.824,-2.125,-7.852,-5.227,0.870,1.092,1.184,0.937,0,NULL,NULL,,3,0,2,7,255,974,250,0,0
stim,36129,66250,0,66250,3263534.453,-0.479,0.145,-0.246,0.830,0,0,0,0,0,0,0,0,54,0.660,1,2096,0,394.926,7.724,96.438,382.125,-25.438,-0.160,0.324,0.902,-2.125,-7.426,-5.121,0.938,1.166,1.184,0.937,0,NULL,NULL,,3,0,2,7,255,974,250,0,0
stim,36129,66250,0,66250,3263539.455,-0.483,0.134,-0.234,0.833,0,0,0,0,0,0,0,0,54,0.660,1,2096,0,397.087,7.764,110.813,380.625,-22.875,-0.137,0.328,1.027,-2.266,-7.426,-4.184,1.008,1.238,1.184,0.937,0,NULL,NULL,,3,0,2,7,255,974,250,0,0
stim,36129,66250,0,66250,3263544.454,-0.487,0.123,-0.222,0.836,0,0,0,0,0,0,0,0,54,0.660,1,2096,0,395.358,8.010,115.875,377.625,-16.750,-0.109,0.285,1.141,-2.430,-7.633,-2.820,1.092,1.322,1.184,0.937,0,NULL,NULL,,3,0,2,7,255,974,250,0,0
stim,36129,66250,0,66250,3263549.455,-0.491,0.112,-0.210,0.838,0,0,0,0,0,0,0,0,54,0.660,1,2096,0,391.475,8.129,116.188,373.750,-8.000,-0.125,0.305,1.176,-2.539,-7.723,-1.395,1.180,1.412,1.184,0.937,0,NULL,NULL,,3,0,2,7,255,974,250,0,0
stim,36129,66250,0,66250,3263554.453,-0.494,0.101,-0.197,0.841,0,0,0,0,0,0,0,0,54,0.660,1,2096,0,388.955,8.155,121.500,369.438,-6.313,-0.172,0.367,1.184,-2.609,-7.727,-0.984,1.276,1.508,1.184,0.937,0,NULL,NULL,,3,0,2,7,255,974,250,0,0
stim,36129,66250,0,66250,3263559.455,-0.498,0.091,-0.184,0.843,0,0,0,0,0,0,0,0,54,0.660,1,2096,0,388.469,8.582,134.375,364.313,-11.313,-0.203,0.379,1.242,-2.992,-8.043,-0.965,1.376,1.608,1.184,0.937,0,NULL,NULL,,3,0,2,7,255,974,250,0,0
stim,36129,66250,0,66250,3263564.454,-0.501,0.081,-0.171,0.845,0,0,0,0,0,0,0,0,54,0.660,1,2096,0,387.208,8.618,143.813,359.063,-17.938,-0.168,0.348,1.379,-3.043,-8.063,-0.332,1.480,1.710,1.184,0.937,0,NULL,NULL,,3,0,2,7,255,974,250,0,0
stim,36129,66250,0,66250,3263569.455,-0.504,0.071,-0.158,0.846,0,0,0,0,0,0,0,0,54,0.660,1,2096,0,383.680,8.640,145.625,354.438,-19.438,-0.109,0.324,1.527,-3.105,-8.063,1.340,1.582,1.812,1.184,0.937,0,NULL,NULL,,3,0,2,7,255,974,250,0,0
stim,36129,66250,0,66250,3263574.454,-0.507,0.062,-0.145,0.847,0,0,0,0,0,0,0,0,54,0.660,1,2096,0,377.622,8.308,139.063,350.563,-19.125,-0.082,0.344,1.613,-3.344,-7.605,3.133,1.678,1.906,1.184,0.937,0,NULL,NULL,,3,0,2,7,255,974,250,0,0
stim,36129,66250,0,66250,3263579.455,-0.510,0.052,-0.132,0.848,0,0,0,0,0,0,0,0,54,0.660,1,2096,0,371.890,8.181,131.375,347.188,-22.438,-0.043,0.355,1.629,-3.746,-7.273,4.211,1.744,1.974,1.184,0.937,0,NULL,NULL,,3,0,2,7,255,974,250,0,0
stim,36154,66275,0,66275,3263584.454,-0.513,0.043,-0.120,0.849,0,0,0,0,0,0,0,0,54,0.660,1,2096,0,368.674,7.766,134.250,342.750,-20.500,-0.004,0.371,1.660,-4.152,-6.563,4.613,1.790,2.018,1.184,0.937,0,NULL,NULL,,3,0,2,7,255,974,250,0,0
stim,36154,66275,0,66275,3263589.455,-0.515,0.033,-0.107,0.850,0,0,0,0,0,0,0,0,54,0.660,1,2096,0,365.607,7.443,135.813,339.063,-16.125,0.004,0.379,1.699,-4.535,-5.902,5.148,1.812,2.040,1.184,0.937,0,NULL,NULL,,3,0,2,7,255,974,250,0,0
stim,36154,66275,1,66275,3263594.453,-0.517,0.024,-0.094,0.850,0,0,0,0,0,0,0,0,54,0.660,1,2096,0,363.313,7.117,137.500,336.000,-13.938,-0.020,0.352,1.750,-4.535,-5.484,5.676,1.802,2.032,1.184,0.937,0,NULL,NULL,,3,1,2,7,255,974,250,0,0
stim,36154,66275,1,66275,3263599.455,-0.520,0.015,-0.081,0.850,0,0,0,0,0,0,0,3,54,0.660,1,2096,0,360.502,6.987,139.500,332.188,-12.375,-0.031,0.371,1.816,-4.719,-5.152,6.344,1.788,2.020,1.184,0.937,0,NULL,NULL,,3,1,2,7,255,974,250,0,0
stim,36154,66275,1,66275,3263604.453,-0.521,0.006,-0.069,0.851,0,0,0,0,0,0,0,0,54,0.660,1,2096,0,357.694,6.824,140.313,328.750,-13.438,-0.031,0.395,1.867,-4.719,-4.930,7.078,1.772,2.006,1.184,0.937,0,NULL,NULL,,3,1,2,7,255,974,250,0,0
stim,36154,66275,1,66275,3263609.455,-0.523,-0.003,-0.056,0.850,0,0,0,0,0,0,0,1,54,0.660,1,2096,0,354.681,6.733,142.313,324.625,-12.813,-0.020,0.375,1.906,-4.973,-4.539,7.680,1.760,1.994,1.184,0.937,0,NULL,NULL,,3,1,2,7,255,974,250,0,0
stim,36184,66305,1,66305,3263614.454,-0.525,-0.011,-0.043,0.850,0,0,0,0,0,0,0,0,54,0.660,1,2096,0,352.460,6.292,146.438,320.375,-12.000,-0.012,0.336,1.949,-4.973,-3.855,8.215,1.756,1.990,1.184,0.937,0,NULL,NULL,,3,1,2,7,255,974,250,0,0
stim,36184,66305,1,66305,3263619.455,-0.526,-0.019,-0.030,0.850,0,0,0,0,0,0,0,1,54,0.660,1,2096,0,350.921,5.636,151.250,316.375,-13.250,0.004,0.273,1.984,-4.734,-3.059,8.781,1.762,1.996,1.184,0.937,0,NULL,NULL,,3,1,2,7,255,974,250,0,0
stim,36184,66305,1,66305,3263624.454,-0.528,-0.027,-0.017,0.849,0,0,0,0,0,0,0,0,54,0.660,1,2096,0,349.626,4.763,156.188,312.500,-13.688,0.043,0.211,1.984,-4.289,-2.070,9.281,1.778,2.014,1.184,0.937,0,NULL,NULL,,3,1,2,7,255,974,250,0,0
stim,36184,66305,1,66305,3263629.455,-0.529,-0.034,-0.004,0.848,0,0,0,0,0,0,0,1,54,0.660,1,2096,0,350.025,4.023,165.563,308.125,-12.875,0.109,0.168,1.949,-3.930,-0.863,9.281,1.806,2.040,1.184,0.937,0,NULL,NULL,,3,1,2,7,255,974,250,0,0
stim,36221,66342,1,66342,3263634.454,-0.530,-0.041,0.010,0.847,0,0,0,0,0,0,0,2,54,0.660,1,2096,0,354.202,3.796,183.625,302.688,-11.000,0.195,0.102,1.922,-3.762,0.512,9.023,1.838,2.072,1.184,0.937,0,NULL,NULL,,3,1,2,7,255,974,250,0,0
stim,36221,66342,1,66342,3263639.455,-0.531,-0.047,0.024,0.846,0,0,0,0,0,0,0,2,54,0.660,1,2096,0,361.788,4.039,207.438,296.313,-7.688,0.301,0.004,1.949,-3.449,2.102,8.855,1.874,2.108,1.184,0.937,0,NULL,NULL,,3,1,2,7,255,974,250,0,0
stim,36221,66342,1,66342,3263644.453,-0.531,-0.052,0.040,0.845,0,0,0,0,0,0,0,18,54,0.660,1,2096,0,371.529,5.134,231.563,290.500,-4.750,0.469,-0.047,2.020,-3.145,4.059,8.855,1.918,2.150,1.184,0.937,0,NULL,NULL,,3,1,2,7,255,974,250,0,0
stim,36221,66342,1,66342,3263649.455,-0.532,-0.057,0.056,0.843,0,0,0,0,0,0,0,23,54,0.660,1,2096,0,384.594,7.122,258.438,284.813,-2.125,0.680,-0.078,2.133,-3.145,6.391,9.234,1.966,2.196,1.184,0.937,0,NULL,NULL,,3,1,2,7,255,974,250,0,0
stim,36221,66342,1,66342,3263654.454,-0.532,-0.061,0.073,0.842,0,0,0,0,0,0,0,21,54,0.660,1,2096,0,399.875,9.851,283.875,281.563,6.125,0.879,-0.066,2.285,-3.625,9.160,9.809,2.016,2.244,1.184,0.937,0,NULL,NULL,,3,1,2,7,255,974,250,0,0
stim,36221,66342,1,66342,3263659.455,-0.531,-0.064,0.090,0.840,0,0,0,0,0,0,0,27,54,0.660,1,2096,0,410.212,12.537,299.063,280.375,15.000,1.035,-0.051,2.441,-4.383,11.746,10.648,2.068,2.294,1.184,0.937,0,NULL,NULL,,3,1,2,7,255,974,250,0,0
stim,36221,66342,1,66342,3263664.453,-0.530,-0.067,0.108,0.838,0,0,0,0,0,0,0,30,54,0.660,1,2096,0,419.347,14.723,313.250,277.688,24.813,1.125,-0.121,2.664,-4.422,14.043,11.496,2.122,2.344,1.184,0.937,0,NULL,NULL,,3,1,2,7,255,974,250,0,0
stim,36221,66342,1,66342,3263669.455,-0.529,-0.070,0.126,0.836,0,0,0,0,0,0,0,29,54,0.660,1,2096,0,414.818,16.931,308.188,276.000,30.313,1.172,-0.109,2.848,-4.422,16.344,12.953,2.174,2.394,1.184,0.937,0,NULL,NULL,,3,1,2,7,255,974,250,0,0
stim,36221,66342,1,66342,3263674.454,-0.528,-0.073,0.143,0.834,0,0,0,0,0,0,0,41,54,0.660,1,2096,0,403.610,18.482,295.063,273.625,31.125,1.270,-0.102,3.016,-4.422,17.945,14.059,2.222,2.440,1.184,0.937,0,NULL,NULL,,3,1,2,7,255,974,250,0,0
stim,36221,66342,1,66342,3263679.455,-0.526,-0.076,0.159,0.832,0,0,0,0,0,0,0,41,54,0.660,1,2096,0,379.946,20.493,263.563,271.625,33.375,1.305,-0.195,2.996,-4.398,20.016,14.059,2.268,2.482,1.184,0.937,0,NULL,NULL,,3,1,2,7,255,974,250,0,0
stim,36250,66371,1,66371,3263684.453,-0.524,-0.081,0.173,0.830,0,0,0,0,0,0,0,47,54,0.660,1,2096,0,354.800,21.690,229.688,268.063,35.625,1.277,-0.328,2.891,-3.617,21.387,13.805,2.310,2.520,1.184,0.937,0,NULL,NULL,,3,1,2,7,255,974,250,0,0
stim,36250,66371,1,66371,3263689.455,-0.521,-0.085,0.187,0.828,0,0,0,0,0,0,0,45,54,0.660,1,2096,0,330.461,21.939,201.063,259.313,39.188,1.234,-0.406,2.703,-2.160,21.832,12.090,2.350,2.556,1.184,0.937,0,NULL,NULL,,3,1,2,7,255,974,250,0,0
stim,36250,66371,1,66371,3263694.454,-0.519,-0.090,0.199,0.826,0,0,0,0,0,0,0,49,54,0.660,1,2096,0,314.091,22.041,190.500,248.688,22.750,1.324,-0.422,2.590,-1.406,21.996,9.781,2.384,2.586,1.184,0.937,0,NULL,NULL,,3,1,2,7,255,974,250,0,0
stim,36250,66371,1,66371,3263699.455,-0.518,-0.094,0.211,0.823,0,0,0,0,0,0,0,55,54,0.660,1,2096,0,299.784,22.727,185.063,235.813,3.875,1.582,-0.527,2.613,-1.406,22.684,7.816,2.418,2.616,1.184,0.937,0,NULL,NULL,,3,1,2,7,255,974,250,0,0
stim,36275,66396,1,66396,3263704.453,-0.517,-0.099,0.222,0.821,0,0,0,0,0,0,0,59,54,0.660,1,2096,0,274.160,25.730,161.125,221.813,1.188,1.832,-0.695,2.586,-1.406,25.691,6.262,2.450,2.644,1.184,0.937,0,NULL,NULL,,3,1,2,7,255,974,250,0,0
stim,36275,66396,1,66396,3263709.455,-0.515,-0.103,0.231,0.819,0,0,0,0,0,0,0,79,54,0.660,1,2096,0,244.445,28.568,128.438,207.938,4.375,2.008,-0.816,2.379,-0.996,28.551,4.102,2.482,2.672,1.184,0.937,0,NULL,NULL,,3,1,2,7,255,974,250,0,0
stim,36275,66396,1,66396,3263714.454,-0.514,-0.108,0.240,0.817,0,0,0,0,0,0,0,84,54,0.660,1,2096,0,222.786,29.692,112.875,192.000,5.375,2.172,-0.852,2.129,-0.996,29.676,0.699,2.514,2.698,1.184,0.937,0,NULL,NULL,,3,1,2,7,255,974,250,0,0
stim,36275,66396,1,66396,3263719.455,-0.513,-0.111,0.248,0.815,0,0,0,0,0,0,0,89,54,0.660,1,2096,0,208.687,30.102,114.000,174.750,4.063,2.359,-0.840,1.980,-1.301,30.074,-2.762,2.548,2.726,1.184,0.937,0,NULL,NULL,,3,1,2,7,255,974,250,0,0
stim,36275,66396,1,66396,3263724.454,-0.512,-0.114,0.255,0.812,0,0,0,0,0,0,0,99,54,0.660,1,2096,0,194.392,30.929,113.875,157.500,3.813,2.578,-0.828,1.922,-2.293,30.844,-5.344,2.584,2.756,1.184,0.937,0,NULL,NULL,,3,1,2,7,255,974,250,0,0
stim,36275,66396,1,66396,3263729.455,-0.510,-0.117,0.262,0.811,0,0,0,0,0,0,0,108,54,0.660,1,2096,0,175.742,32.403,106.125,139.750,9.625,2.820,-0.844,1.859,-3.344,32.230,-7.285,2.620,2.784,1.184,0.937,0,NULL,NULL,,3,1,2,7,255,974,250,0,0
stim,36320,66441,1,66441,3263734.454,-0.509,-0.119,0.268,0.809,0,0,0,0,0,0,0,117,54,0.660,1,2096,0,152.121,34.090,91.938,119.250,21.625,2.984,-0.934,1.836,-4.277,33.820,-9.387,2.658,2.814,1.184,0.937,0,NULL,NULL,,3,1,2,7,255,974,250,0,0
stim,36320,66441,1,66441,3263739.455,-0.507,-0.121,0.273,0.809,0,0,0,0,0,0,0,119,54,0.660,1,2096,0,122.762,35.478,67.500,98.938,26.938,3.145,-1.285,1.645,-4.277,35.219,-11.000,2.696,2.844,1.184,0.937,0,NULL,NULL,,3,1,2,7,255,974,250,0,0
stim,36320,66441,1,66441,3263744.453,-0.505,-0.122,0.276,0.808,0,0,0,0,0,0,0,119,54,0.660,1,2096,0,98.999,36.628,50.000,74.375,42.063,3.160,-1.352,1.602,-2.125,36.566,-14.680,2.734,2.872,1.184,0.937,0,NULL,NULL,,3,1,2,7,255,974,250,0,0
stim,36320,66441,1,66441,3263749.455,-0.503,-0.122,0.279,0.809,0,0,0,0,0,0,0,125,54,0.660,1,2096,0,80.214,36.608,40.500,51.188,46.625,3.012,-1.652,1.371,-1.750,36.566,-15.574,2.772,2.900,1.184,0.937,0,NULL,NULL,,3,1,2,7,255,974,250,0,0
stim,36320,66441,1,66441,3263754.453,-0.502,-0.121,0.283,0.808,0,0,0,0,0,0,0,125,54,0.660,1,2096,0,94.801,35.316,84.938,21.938,35.938,2.809,-1.879,1.223,1.273,35.293,-17.813,2.810,2.926,1.184,0.937,0,NULL,NULL,,3,1,2,7,255,974,250,0,0
stim,36320,66441,1,66441,3263759.455,-0.502,-0.117,0.288,0.807,0,0,0,0,0,0,0,119,54,0.660,1,2096,0,132.732,34.177,130.563,-9.188,22.063,2.586,-1.863,1.570,4.043,33.938,-17.813,2.846,2.950,1.184,0.937,0,NULL,NULL,,3,1,2,7,255,974,250,0,0
stim,36345,66466,1,66466,3263764.454,-0.503,-0.112,0.292,0.806,0,0,0,0,0,0,0,120,54,0.660,1,2096,0,149.432,34.213,142.063,-41.750,20.125,2.398,-1.594,2.086,4.332,33.938,-15.211,2.880,2.970,1.184,0.937,0,NULL,NULL,,3,1,2,7,255,974,250,0,0
stim,36345,66466,1,66466,3263769.455,-0.503,-0.107,0.294,0.805,0,0,0,0,0,0,0,115,54,0.660,1,2096,0,129.839,34.213,106.125,-72.875,16.875,2.063,-1.152,2.586,4.332,33.938,-9.504,2.914,2.990,1.184,0.937,0,NULL,NULL,,3,1,2,7,255,974,250,0,0
stim,36345,66466,1,66466,3263774.454,-0.505,-0.103,0.293,0.805,0,0,0,0,0,0,0,116,54,0.660,1,2096,0,108.662,33.477,45.063,-98.250,-11.125,1.762,-0.957,2.688,2.762,33.363,-2.488,2.946,3.006,1.184,0.937,0,NULL,NULL,,3,1,2,7,255,974,250,0,0
stim,36345,66466,1,66466,3263779.455,-0.507,-0.099,0.290,0.805,169,0,0,381,0,0,0,217,54,0.660,1,2096,0,124.813,31.127,-14.313,-121.000,-27.063,1.371,-0.934,2.840,2.762,31.004,0.527,2.974,3.018,1.184,0.937,0,NULL,NULL,,3,1,2,7,255,974,250,0,0
stim,36345,66466,1,66466,3263784.454,-0.505,-0.080,0.297,0.807,985,0,0,1210,0,37,0,293,54,0.660,1,2096,0,476.826,31.353,336.063,-269.500,204.438,0.531,-0.742,5.730,4.664,31.004,3.871,3.002,3.028,1.184,0.937,0,NULL,NULL,,3,1,2,7,255,974,250,0,0
stim,36345,66466,1,66466,3263789.455,-0.496,-0.069,0.291,0.815,1571,0,0,1639,0,239,0,371,54,0.660,1,2096,0,390.940,29.141,-58.938,-241.938,301.375,-0.656,1.633,7.246,4.664,28.766,31.457,3.030,3.038,1.184,0.937,0,NULL,NULL,,3,1,2,7,255,974,250,0,0
stim,36364,66485,1,66485,3263794.453,-0.488,-0.082,0.253,0.831,1983,0,0,1879,0,471,0,471,54,0.660,1,2096,0,1003.603,27.129,-971.750,-154.563,197.563,-0.934,3.469,2.234,0.051,27.129,31.457,3.056,3.046,1.184,0.937,0,NULL,NULL,,3,1,2,7,255,974,250,0,0
stim,36364,66485,1,66485,3263799.455,-0.482,-0.093,0.220,0.843,2221,0,0,2063,0,613,0,535,54,0.660,1,2097,0,862.521,24.931,-840.375,-161.688,107.563,-1.336,3.598,-1.211,-22.664,-10.387,23.426,3.082,3.054,1.184,0.937,1,1111.000,137.000,,3,1,2,7,255,974,250,0,0
stim,36364,66485,1,66485,3263804.454,-0.480,-0.096,0.202,0.848,2417,0,0,2167,0,811,0,611,54,0.660,1,2097,0,428.460,34.627,-408.688,-126.750,22.063,-1.531,1.504,-1.828,-22.664,-26.180,-6.645,3.108,3.062,1.184,0.937,1,NULL,NULL,,3,1,2,7,255,974,250,0,0
stim,36364,66485,1,66485,3263809.455,-0.483,-0.093,0.196,0.848,2575,0,0,2351,0,946,0,711,54,0.660,1,2097,0,168.088,26.647,-66.875,-145.688,-50.563,-0.676,-0.227,0.246,-4.969,-26.180,-6.645,3.136,3.070,1.184,0.937,1,NULL,NULL,,3,1,2,7,255,974,250,0,0
stim,36364,66485,1,66485,3263814.453,-0.484,-0.088,0.193,0.849,2714,0,0,2543,0,1004,0,767,54,0.660,1,2097,0,138.807,5.914,-23.313,-136.813,2.500,0.059,0.730,1.730,-4.969,-3.207,-5.805,3.164,3.078,1.184,0.937,1,NULL,NULL,,3,1,2,7,255,974,250,0,0
stim,36364,66485,1,66485,3263819.455,-0.477,-0.083,0.183,0.856,2827,0,0,2675,0,1051,0,851,54,0.660,1,2097,0,333.488,3.303,-169.750,-191.250,214.063,-1.063,0.762,1.520,-0.789,-3.207,7.066,3.192,3.088,1.184,0.937,1,NULL,NULL,,3,1,2,7,255,974,250,0,0
stim,36410,66531,1,66531,3263824.454,-0.471,-0.082,0.167,0.862,2892,0,0,2786,0,1069,0,949,54,0.660,1,2097,0,423.519,6.307,-344.375,-200.500,143.438,-2.176,-0.242,0.887,-0.789,-6.258,7.066,3.224,3.100,1.184,0.937,2,NULL,NULL,,3,1,2,7,255,974,250,0,0
stim,36410,66531,1,66531,3263829.455,-0.475,-0.081,0.150,0.863,2939,0,0,2861,0,1085,0,1051,54,0.660,1,2097,0,386.996,18.130,-316.000,-201.188,-97.125,-2.020,-0.848,-0.211,13.391,-12.223,4.266,3.256,3.114,1.184,0.937,2,NULL,NULL,,3,1,2,7,255,974,250,0,0
stim,36410,66531,1,66531,3263834.453,-0.484,-0.078,0.140,0.860,2985,0,0,2924,0,1135,0,1149,54,0.660,1,2097,0,339.825,18.130,-146.750,-201.313,-231.125,-0.430,-0.891,-0.145,13.391,-12.223,-7.430,3.288,3.130,1.184,0.937,2,NULL,NULL,,3,1,2,7,255,974,250,0,0
stim,36410,66531,1,66531,3263839.455,-0.493,-0.072,0.134,0.856,3015,0,0,2984,0,1199,0,1210,54,0.660,1,2097,0,289.826,9.609,-12.188,-192.438,-216.375,0.789,-1.176,0.941,9.598,0.477,-7.430,3.324,3.146,1.184,0.937,2,NULL,NULL,,3,1,2,7,255,974,250,0,0
stim,36411,66532,0,66532,3263844.454,-0.498,-0.066,0.130,0.855,3044,0,0,3029,0,1271,0,1267,54,0.660,1,2097,0,203.700,15.695,-8.000,-173.188,-106.938,1.422,-1.254,1.613,5.805,14.582,-4.453,3.358,3.162,1.184,0.937,2,NULL,NULL,,3,0,2,7,255,971,250,0,0
stim,36411,66532,0,66532,3263849.455,-0.498,-0.061,0.124,0.856,3063,0,0,3064,0,1367,0,1311,54,0.660,1,2097,0,178.916,20.562,-59.813,-166.313,27.813,1.324,-1.188,1.508,3.504,20.262,0.074,3.392,3.178,1.184,0.937,2,NULL,NULL,,3,0,2,7,255,971,250,0,0
stim,36412,66533,0,66533,3263854.453,-0.493,-0.057,0.118,0.860,3089,0,0,3091,0,1477,0,1337,54,0.660,1,2097,0,225.019,20.562,-93.313,-152.063,137.125,0.633,-1.250,1.223,3.504,20.262,0.074,3.424,3.194,1.184,0.937,2,NULL,NULL,,3,0,2,7,255,971,250,0,0
stim,36412,66533,0,66533,3263859.455,-0.486,-0.053,0.111,0.865,3101,0,0,3127,0,1607,0,1383,54,0.660,1,2097,0,267.128,15.840,-121.625,-140.188,192.125,-0.070,-1.191,1.094,7.215,14.102,-0.508,3.454,3.206,1.184,0.937,2,NULL,NULL,,3,0,2,7,255,971,250,0,0
stim,36412,66533,0,66533,3263864.453,-0.479,-0.050,0.104,0.870,3103,0,0,3123,1,1719,0,1433,54,0.660,1,2097,0,268.037,10.611,-121.875,-143.875,190.500,-0.668,-0.355,0.676,7.215,7.781,-0.957,3.482,3.216,1.184,0.937,2,NULL,NULL,,3,0,2,7,255,971,250,0,0
stim,36412,66533,0,66533,3263869.455,-0.475,-0.045,0.098,0.873,3107,0,0,3144,83,1827,0,1485,54,0.660,1,2097,0,201.609,6.626,-69.813,-147.563,118.313,-0.836,0.352,0.703,6.250,-2.199,-1.297,3.506,3.224,1.184,0.937,2,NULL,NULL,,3,0,2,7,255,971,250,0,0
stim,36447,66568,0,66568,3263874.454,-0.474,-0.040,0.094,0.875,3111,0,0,3135,185,1941,6,1560,54,0.660,1,2097,0,156.800,4.405,-39.000,-148.188,33.250,-0.582,0.305,1.184,1.402,-4.176,-1.297,3.528,3.230,1.184,0.937,2,NULL,NULL,,3,0,2,7,255,971,250,0,0
stim,36447,66568,0,66568,3263879.455,-0.474,-0.036,0.089,0.875,3111,0,0,3143,443,2063,24,1739,54,0.660,1,2097,0,152.030,4.238,-61.438,-139.063,0.500,-0.105,-0.039,1.363,0.723,-4.176,2.770,3.546,3.230,1.184,0.937,2,NULL,NULL,,3,0,2,7,255,971,250,0,0
stim,36447,66568,0,66568,3263884.453,-0.474,-0.033,0.082,0.876,3119,0,0,3145,701,2161,159,1875,54,0.660,1,2097,0,164.903,1.705,-97.250,-132.750,10.625,0.113,-0.164,1.246,0.563,1.609,2.770,3.560,3.230,1.184,0.937,2,NULL,NULL,,3,0,2,7,255,971,250,0,0
stim,36447,66568,0,66568,3263889.455,-0.473,-0.031,0.077,0.877,3119,0,0,3145,925,2201,207,2009,54,0.660,1,2097,0,125.727,3.750,-74.313,-100.688,12.125,0.332,-0.332,1.645,0.723,3.680,3.461,3.574,3.228,1.184,0.937,2,NULL,NULL,,3,0,2,7,255,971,250,0,0
stim,36447,66568,0,66568,3263894.454,-0.474,-0.030,0.073,0.877,3123,0,0,3157,1131,2247,171,2089,54,0.660,1,2097,0,92.515,5.171,-71.188,-53.625,-24.813,0.371,-0.066,1.316,0.563,5.141,2.473,3.582,3.222,1.184,0.937,2,NULL,NULL,,3,0,2,7,255,971,250,0,0
stim,36447,66568,0,66568,3263899.455,-0.476,-0.029,0.072,0.876,3113,0,0,3156,1251,2277,191,2139,54,0.660,1,2097,0,63.941,5.402,-17.938,-53.750,-29.625,0.609,0.754,0.848,-1.660,5.141,2.473,3.590,3.216,1.184,0.937,2,NULL,NULL,,3,0,2,7,255,971,250,0,0
stim,36468,66589,0,66589,3263904.453,-0.476,-0.027,0.072,0.876,3117,5,0,3149,1369,2311,218,2185,54,0.660,1,2097,0,44.193,5.580,30.938,-31.438,-2.750,0.313,0.387,1.527,-5.016,2.445,2.473,3.596,3.208,1.184,0.937,2,NULL,NULL,,3,0,2,7,255,971,250,0,0
stim,36468,66589,0,66589,3263909.455,-0.475,-0.028,0.069,0.877,3117,12,0,3157,1465,2331,228,2245,54,0.660,1,2097,0,67.815,5.403,-64.563,-17.750,10.750,-0.277,-0.238,1.758,-5.016,2.008,4.941,3.602,3.200,1.184,0.937,2,NULL,NULL,,3,0,2,7,255,971,250,0,0
stim,36468,66589,0,66589,3263914.454,-0.476,-0.030,0.064,0.876,3113,29,0,3147,1555,2345,227,2269,54,0.660,1,2097,0,128.311,1.919,-124.875,-9.813,-27.813,-0.445,0.078,0.965,1.488,1.211,4.941,3.604,3.190,1.184,0.937,2,NULL,NULL,,3,0,2,7,255,971,250,0,0
stim,36468,66589,0,66589,3263919.455,-0.479,-0.031,0.061,0.875,3112,55,0,3160,1611,2363,228,2300,54,0.660,1,2097,0,107.627,2.721,-68.188,-7.438,-82.938,-0.230,0.199,0.598,1.488,-2.277,0.094,3.604,3.180,1.184,0.937,2,NULL,NULL,,3,0,2,7,255,971,250,0,0
stim,36509,66631,0,66631,3263924.454,-0.483,-0.031,0.060,0.873,3117,52,0,3148,1669,2373,232,2329,54,0.660,1,2097,0,92.409,2.304,-13.875,-10.000,-90.813,0.125,-0.074,0.926,-0.348,-2.277,-0.992,3.602,3.168,1.184,0.937,2,NULL,NULL,,3,0,2,7,255,971,250,0,0
stim,36509,66631,0,66631,3263929.455,-0.485,-0.031,0.059,0.872,3112,87,0,3153,1715,2381,233,2357,54,0.660,1,2097,0,54.230,2.462,-27.250,-8.750,-46.063,0.164,-0.211,1.156,-0.348,2.438,-0.992,3.596,3.152,1.184,0.937,2,NULL,NULL,,3,0,2,7,255,971,250,0,0
stim,36509,66631,0,66631,3263934.453,-0.485,-0.033,0.056,0.872,3113,95,0,3147,1759,2390,236,2382,54,0.660,1,2097,0,62.737,2.493,-59.813,-5.250,-18.188,-0.102,-0.105,1.055,0.523,2.438,0.531,3.586,3.134,1.184,0.937,2,NULL,NULL,,3,0,2,7,255,971,250,0,0
stim,36509,66631,0,66631,3263939.455,-0.486,-0.034,0.054,0.871,3117,107,0,3155,1800,2408,235,2405,54,0.660,1,2097,0,68.056,1.316,-59.375,-3.625,-33.063,-0.277,0.000,0.859,1.020,0.832,0.531,3.576,3.114,1.184,0.937,2,NULL,NULL,,3,0,2,7,255,971,250,0,0
stim,36509,66631,0,66631,3263944.454,-0.489,-0.035,0.053,0.870,3113,120,21,3148,1860,2413,223,2421,54,0.660,1,2097,0,67.720,1.155,-30.438,-4.688,-60.313,-0.160,0.016,0.852,1.020,-0.543,-1.145,3.560,3.090,1.184,0.937,2,NULL,NULL,,3,0,2,7,255,971,250,0,0
stim,36509,66631,0,66631,3263949.455,-0.491,-0.035,0.052,0.869,3119,125,103,3148,1889,2429,237,2427,54,0.660,1,2097,0,63.445,0.626,-8.438,-4.938,-62.688,0.039,-0.031,1.000,0.313,-0.543,-1.145,3.540,3.064,1.184,0.937,2,NULL,NULL,,3,0,2,7,255,971,250,0,0
stim,36510,66631,0,66631,3263954.453,-0.493,-0.035,0.051,0.868,3113,139,169,3147,1915,2428,228,2428,54,0.660,1,2097,0,40.703,1.549,-12.375,-2.625,-38.688,0.117,-0.070,1.105,-0.387,1.500,-0.125,3.518,3.034,1.184,0.937,2,NULL,NULL,,3,0,2,7,255,971,250,0,0
stim,36510,66631,0,66631,3263959.455,-0.493,-0.035,0.050,0.868,3115,151,213,3155,1929,2442,203,2444,54,0.660,1,2097,0,27.415,1.606,-24.563,-1.125,-12.125,0.039,-0.035,1.063,-0.387,1.559,0.504,3.494,3.002,1.184,0.937,2,NULL,NULL,,3,0,2,7,255,971,250,0,0
stim,36545,66666,0,66666,3263964.454,-0.493,-0.035,0.049,0.868,3113,169,249,3153,1947,2442,181,2451,54,0.660,1,2097,0,23.288,1.605,-23.250,-1.250,0.438,-0.109,-0.066,0.953,-0.383,1.559,0.504,3.466,2.968,1.184,0.937,2,NULL,NULL,,3,0,2,7,255,971,250,0,0
stim,36545,66666,0,66666,3263969.455,-0.493,-0.036,0.048,0.868,3125,160,315,3149,1965,2445,177,2454,54,0.660,1,2097,0,12.371,0.713,-11.438,-1.188,-4.563,-0.211,-0.090,0.922,0.629,0.336,-0.414,3.434,2.932,1.184,0.937,2,NULL,NULL,,3,0,2,7,255,971,250,0,0
stim,36545,66666,0,66666,3263974.454,-0.493,-0.036,0.048,0.868,3111,159,351,3151,1976,2453,180,2445,54,0.660,1,2097,0,11.358,0.757,0.313,-2.813,-11.000,-0.195,0.004,0.980,0.629,-0.422,-0.414,3.400,2.892,1.184,0.937,2,NULL,NULL,,3,0,2,7,255,971,250,0,0
stim,36545,66666,0,66666,3263979.455,-0.494,-0.036,0.049,0.867,3108,165,379,3148,2004,2447,175,2455,54,1.369,1,2097,1,17.120,0.719,6.563,-3.125,-15.500,-0.145,0.078,1.066,0.438,-0.570,-0.035,0.000,0.000,1.601,1.403,2,NULL,NULL,,3,0,2,7,255,971,250,0,0
stim,36545,66666,0,66666,3263984.454,-0.494,-0.035,0.049,0.867,3109,173,412,3128,2013,2453,171,2452,54,1.369,1,2097,1,12.074,0.721,0.000,-2.500,-11.813,-0.105,0.078,1.125,-0.441,-0.570,0.758,0.002,0.000,1.601,1.403,2,NULL,NULL,,3,0,2,7,255,971,250,0,0
stim,36545,66666,0,66666,3263989.455,-0.495,-0.036,0.048,0.867,3110,173,443,3141,2021,2456,173,2456,54,1.369,1,2097,1,11.922,0.577,-11.250,-2.563,-3.000,-0.145,0.039,1.070,-0.441,-0.371,0.793,0.006,0.002,1.601,1.403,2,NULL,NULL,,3,0,2,7,255,971,250,0,0
stim,36545,66666,0,66666,3263994.453,-0.495,-0.036,0.048,0.867,3093,179,491,3127,2040,2453,172,2453,54,1.369,1,2097,1,14.359,0.393,-13.188,-3.625,-4.375,-0.203,-0.035,0.969,-0.129,-0.371,0.793,0.008,0.002,1.601,1.403,2,NULL,NULL,,3,0,2,7,255,971,250,0,0
stim,36545,66666,0,66666,3263999.455,-0.495,-0.036,0.047,0.867,3096,183,567,3113,2045,2454,183,2470,54,1.369,1,2097,1,10.523,0.912,-4.875,-5.188,-7.750,-0.191,-0.066,0.926,0.809,-0.422,-0.148,0.012,0.004,1.601,1.403,2,NULL,NULL,,3,0,2,7,255,971,250,0,0
stim,36579,66700,0,66700,3264004.453,-0.495,-0.036,0.047,0.867,3079,183,619,3117,2075,2455,212,2475,54,1.369,1,2097,1,11.354,0.929,3.313,-7.063,-8.250,-0.172,-0.055,0.957,0.828,-0.422,-0.301,0.018,0.008,1.601,1.403,2,NULL,NULL,,3,0,2,7,255,971,250,0,0
stim,36579,66700,0,66700,3264009.455,-0.496,-0.035,0.047,0.867,3067,179,653,3113,2097,2456,221,2483,54,1.369,1,2097,1,10.771,0.929,3.688,-9.375,-3.813,-0.199,-0.020,1.008,0.828,-0.422,-0.301,0.024,0.012,1.601,1.403,2,NULL,NULL,,3,0,2,7,255,971,250,0,0
stim,36579,66700,0,66700,3264014.454,-0.496,-0.035,0.047,0.866,3055,187,673,3097,2130,2452,232,2484,54,1.369,1,2097,1,12.028,0.893,-0.250,-9.688,-7.125,-0.234,0.023,1.008,0.652,-0.609,0.207,0.028,0.016,1.601,1.403,2,NULL,NULL,,3,0,2,7,255,971,250,0,0
stim,36579,66700,0,66700,3264019.455,-0.496,-0.035,0.047,0.866,3053,185,694,3083,2152,2462,255,2491,54,1.369,1,2097,1,17.769,1.043,0.313,-11.250,-13.750,-0.203,0.027,0.988,0.480,-0.926,0.207,0.030,0.016,1.601,1.403,2,NULL,NULL,,3,0,2,7,255,971,250,0,0
stim,36579,66700,0,66700,3264024.454,-0.497,-0.035,0.046,0.866,3035,184,733,3055,2189,2453,311,2506,54,1.369,1,2097,1,18.608,1.021,1.250,-11.438,-14.625,-0.160,-0.016,0.980,0.430,-0.926,0.027,0.034,0.018,1.601,1.403,2,NULL,NULL,,3,0,2,7,255,971,250,0,0
stim,36579,66700,0,66700,3264029.455,-0.497,-0.034,0.046,0.866,3029,175,781,3045,2217,2459,339,2521,54,1.369,1,2097,1,17.265,0.565,0.938,-13.625,-10.563,-0.172,-0.051,0.977,0.430,-0.367,-0.082,0.036,0.018,1.601,1.403,2,NULL,NULL,,3,0,2,7,255,971,250,0,0
stim,36620,66741,0,66741,3264034.454,-0.498,-0.034,0.046,0.866,2996,186,831,3027,2240,2456,359,2541,54,1.369,1,2097,1,17.192,0.877,1.000,-14.875,-8.563,-0.238,-0.020,0.957,0.797,-0.367,-0.125,0.040,0.018,1.601,1.403,2,NULL,NULL,,3,0,2,7,255,971,250,0,0
stim,36620,66741,0,66741,3264039.455,-0.498,-0.033,0.046,0.865,2975,185,903,3017,2279,2462,376,2543,54,1.369,1,2097,1,24.496,1.309,4.188,-16.688,-17.438,-0.262,0.016,0.977,0.797,-1.039,-0.125,0.040,0.018,1.601,1.403,2,NULL,NULL,,3,0,2,7,255,971,250,0,0
stim,36620,66741,0,66741,3264044.453,-0.499,-0.032,0.046,0.865,2958,183,942,2980,2299,2459,409,2577,54,1.369,1,2097,1,30.830,1.239,7.063,-17.063,-24.688,-0.188,0.063,1.008,0.676,-1.039,-0.027,0.042,0.016,1.601,1.403,2,NULL,NULL,,3,0,2,7,255,971,250,0,0
stim,36620,66741,0,66741,3264049.455,-0.500,-0.032,0.046,0.864,2929,187,1009,2968,2329,2463,460,2582,54,1.369,1,2097,1,31.302,1.006,5.813,-17.563,-25.250,-0.098,0.055,1.035,-0.066,-1.004,0.203,0.044,0.016,1.601,1.403,2,NULL,NULL,,3,0,2,7,255,971,250,0,0
stim,36620,66741,0,66741,3264054.454,-0.501,-0.031,0.045,0.864,2904,183,1083,2927,2355,2463,525,2592,54,1.369,1,2097,1,24.545,0.476,2.250,-17.500,-17.063,-0.074,0.047,1.027,-0.434,-0.195,0.301,0.046,0.018,1.601,1.403,2,NULL,NULL,,3,0,2,7,255,971,250,0,0
stim,36620,66741,0,66741,3264059.455,-0.501,-0.030,0.045,0.864,2887,185,1140,2914,2387,2468,595,2615,54,1.369,1,2097,1,21.077,0.476,0.313,-17.938,-11.063,-0.117,0.027,0.996,-0.434,-0.195,0.301,0.048,0.020,1.601,1.403,2,NULL,NULL,,3,0,2,7,255,971,250,0,0
stim,36643,66764,0,66764,3264064.453,-0.502,-0.029,0.045,0.863,2845,201,1204,2886,2413,2464,711,2638,54,1.369,1,2097,1,22.295,0.287,3.563,-19.063,-11.000,-0.164,0.051,0.977,-0.086,-0.273,0.035,0.050,0.024,1.601,1.403,2,NULL,NULL,,3,0,2,7,255,971,250,0,0
stim,36643,66764,0,66764,3264069.455,-0.502,-0.029,0.045,0.863,2825,209,1273,2846,2440,2477,793,2635,54,1.369,1,2097,1,26.126,0.809,9.500,-19.500,-14.563,-0.160,0.113,0.992,-0.086,-0.805,0.035,0.052,0.024,1.601,1.403,2,NULL,NULL,,3,0,2,7,255,971,250,0,0
stim,36643,66764,0,66764,3264074.454,-0.503,-0.027,0.045,0.863,2783,211,1352,2835,2475,2474,884,2649,54,1.369,1,2097,1,29.086,1.209,13.563,-20.000,-16.188,-0.121,0.184,1.043,-0.598,-1.051,0.035,0.052,0.026,1.601,1.403,2,NULL,NULL,,3,0,2,7,255,971,250,0,0
stim,36643,66764,0,66764,3264079.455,-0.503,-0.026,0.045,0.862,2751,227,1465,2793,2501,2475,984,2662,54,1.369,1,2097,1,25.548,1.740,10.563,-19.375,-12.875,-0.105,0.215,1.082,-1.387,-1.051,0.508,0.054,0.024,1.601,1.403,2,NULL,NULL,,3,0,2,7,255,971,250,0,0
stim,36643,66764,0,66764,3264084.454,-0.504,-0.026,0.045,0.862,2703,233,1565,2773,2539,2483,1075,2683,54,1.369,1,2097,1,22.050,1.740,4.000,-18.938,-10.563,-0.125,0.176,1.059,-1.387,-1.051,0.672,0.056,0.024,1.601,1.403,2,NULL,NULL,,3,0,2,7,255,971,250,0,0
stim,36643,66764,0,66764,3264089.455,-0.504,-0.025,0.045,0.862,2659,229,1651,2739,2577,2483,1163,2696,54,1.369,1,2097,1,21.861,1.637,0.438,-18.625,-11.438,-0.148,0.086,0.992,-1.262,-1.043,0.672,0.058,0.022,1.601,1.403,2,NULL,NULL,,3,0,2,7,255,971,250,0,0
stim,36664,66785,0,66785,3264094.453,-0.505,-0.024,0.044,0.862,2599,231,1726,2702,2592,2495,1287,2711,54,1.369,1,2097,1,23.773,0.936,2.813,-19.188,-13.750,-0.164,0.000,0.938,-0.352,-0.867,0.020,0.058,0.020,1.601,1.403,2,NULL,NULL,,3,0,2,7,255,971,250,0,0
stim,36664,66785,0,66785,3264099.455,-0.506,-0.023,0.044,0.861,2539,245,1819,2667,2621,2487,1381,2720,54,1.369,1,2097,1,28.092,0.809,9.000,-19.938,-17.625,-0.172,-0.027,0.941,0.473,-0.656,-0.492,0.060,0.020,1.601,1.403,2,NULL,NULL,,3,0,2,7,255,971,250,0,0
stim,36664,66785,0,66785,3264104.454,-0.506,-0.022,0.044,0.861,2479,253,1889,2637,2643,2502,1469,2743,54,1.369,1,2097,1,32.260,0.877,11.500,-20.125,-22.438,-0.164,-0.020,0.980,0.652,-0.586,-0.492,0.062,0.022,1.601,1.403,2,NULL,NULL,,3,0,2,7,255,971,250,0,0
stim,36664,66785,0,66785,3264109.455,-0.507,-0.022,0.044,0.860,2407,253,1973,2591,2667,2494,1576,2760,54,1.369,1,2097,1,33.797,0.925,5.375,-20.438,-26.375,-0.164,-0.043,1.020,0.754,-0.535,-0.094,0.066,0.022,1.601,1.403,2,NULL,NULL,,3,0,2,7,255,971,250,0,0
stim,36664,66785,0,66785,3264114.453,-0.509,-0.021,0.043,0.860,2335,253,2055,2543,2701,2491,1683,2772,54,1.369,1,2097,1,36.460,0.950,-2.813,-20.438,-30.063,-0.156,-0.055,1.012,0.844,-0.438,0.180,0.070,0.024,1.601,1.403,2,NULL,NULL,,3,0,2,7,255,971,250,0,0
stim,36664,66785,0,66785,3264119.455,-0.510,-0.021,0.042,0.859,2248,249,2142,2511,2726,2501,1784,2790,54,1.369,1,2097,1,37.535,0.935,-7.000,-21.000,-30.313,-0.141,-0.059,0.977,0.879,-0.320,0.180,0.072,0.028,1.601,1.403,2,NULL,NULL,,3,0,2,7,255,971,250,0,0
stim,36700,66821,0,66821,3264124.454,-0.511,-0.020,0.041,0.858,2156,253,2217,2441,2749,2506,1884,2796,54,1.369,1,2097,1,37.224,0.958,-8.438,-22.250,-28.625,-0.164,-0.051,0.977,0.902,-0.320,-0.141,0.076,0.032,1.601,1.403,2,NULL,NULL,,3,0,2,7,255,971,250,0,0
stim,36700,66821,0,66821,3264129.455,-0.512,-0.020,0.041,0.858,2068,250,2288,2388,2771,2509,1989,2815,54,1.369,1,2097,1,41.105,0.996,-8.938,-23.000,-32.875,-0.180,-0.023,1.004,0.879,-0.469,-0.141,0.080,0.036,1.601,1.403,2,NULL,NULL,,3,0,2,7,255,971,250,0,0
stim,36728,66849,0,66849,3264134.453,-0.514,-0.019,0.040,0.857,1971,253,2373,2299,2787,2519,2069,2833,54,1.369,1,2097,1,47.900,1.047,-11.250,-24.750,-39.438,-0.180,-0.004,1.023,0.734,-0.746,0.145,0.086,0.040,1.601,1.403,2,NULL,NULL,,3,0,2,7,255,971,250,0,0
stim,36728,66849,0,66849,3264139.455,-0.515,-0.019,0.038,0.856,1863,247,2445,2205,2821,2519,2143,2844,54,1.369,1,2097,1,54.882,0.937,-16.938,-25.813,-45.375,-0.145,-0.023,1.035,0.566,-0.746,0.305,0.092,0.044,1.601,1.403,2,NULL,NULL,,3,0,2,7,255,971,250,0,0
stim,36728,66849,0,66849,3264144.454,-0.517,-0.018,0.037,0.855,1717,233,2486,2108,2827,2510,2207,2854,54,1.369,1,2097,1,60.585,0.743,-25.063,-26.500,-48.375,-0.121,-0.070,1.059,0.566,-0.480,0.418,0.098,0.048,1.601,1.403,2,NULL,NULL,,3,0,2,7,255,971,250,0,0
stim,36728,66849,0,66849,3264149.455,-0.519,-0.018,0.034,0.854,1573,227,2533,1991,2847,2515,2281,2863,54,1.369,1,2097,1,66.711,0.824,-38.188,-27.125,-47.500,-0.098,-0.082,1.063,0.820,-0.078,0.609,0.104,0.052,1.601,1.403,2,NULL,NULL,,3,0,2,7,255,971,250,0,0
stim,36728,66849,0,66849,3264154.453,-0.520,-0.018,0.032,0.853,1383,225,2572,1875,2861,2516,2331,2875,54,1.369,1,2097,1,65.654,0.821,-42.375,-27.875,-41.688,-0.082,-0.047,0.965,0.820,0.023,0.609,0.108,0.054,1.601,1.403,2,NULL,NULL,,3,0,2,7,255,971,250,0,0
stim,36728,66849,0,66849,3264159.455,-0.522,-0.018,0.030,0.852,1257,182,2607,1747,2875,2514,2393,2889,54,1.369,1,2097,1,56.733,0.450,-32.750,-29.000,-36.125,-0.074,-0.047,0.914,0.449,0.023,-0.344,0.112,0.060,1.601,1.403,2,NULL,NULL,,3,0,2,7,255,971,250,0,0
stim,36728,66849,0,66849,3264164.454,-0.523,-0.018,0.028,0.852,1123,166,2658,1623,2903,2524,2459,2899,54,1.369,1,2097,1,50.012,0.450,-22.000,-30.125,-33.313,-0.063,-0.094,0.941,0.449,0.023,-0.574,0.118,0.064,1.601,1.403,2,NULL,NULL,,3,0,2,7,255,971,250,0,0
stim,36728,66849,0,66849,3264169.455,-0.524,-0.017,0.027,0.851,969,131,2683,1465,2919,2523,2495,2921,54,1.369,1,2097,1,42.409,0.811,-14.125,-31.938,-24.063,-0.078,-0.129,0.980,0.758,0.289,-0.574,0.124,0.070,1.601,1.403,2,NULL,NULL,,3,0,2,7,255,971,250,0,0
stim,36728,66849,0,66849,3264174.454,-0.524,-0.016,0.026,0.851,775,77,2709,1255,2923,2519,2537,2913,54,1.369,1,2097,1,39.863,1.162,-13.875,-33.375,-16.813,-0.121,-0.113,1.066,1.125,0.289,-0.164,0.130,0.074,1.601,1.403,2,NULL,NULL,,3,0,2,7,255,971,250,0,0
stim,36728,66849,0,66849,3264179.455,-0.525,-0.015,0.024,0.850,598,71,2736,1055,2939,2505,2595,2933,54,1.369,1,2097,1,44.731,1.132,-19.938,-33.938,-21.250,-0.168,-0.031,1.070,1.125,-0.125,0.680,0.136,0.080,1.601,1.403,2,NULL,NULL,,3,0,2,7,255,971,250,0,0
stim,36759,66880,0,66880,3264184.453,-0.526,-0.014,0.023,0.850,375,11,2763,869,2961,2507,2616,2935,54,1.369,1,2097,1,48.212,0.857,-20.250,-36.250,-24.500,-0.125,-0.043,1.023,0.625,-0.586,0.680,0.144,0.084,1.601,1.403,2,NULL,NULL,,3,0,2,7,255,971,250,0,0
stim,36759,66880,0,66880,3264189.455,-0.527,-0.014,0.021,0.849,211,0,2776,659,2967,2483,2643,2942,54,1.369,1,2097,1,49.649,0.881,-17.188,-38.000,-26.938,-0.137,-0.063,1.008,0.625,-0.621,0.266,0.150,0.090,1.601,1.403,2,NULL,NULL,,3,0,2,7,255,971,250,0,0
stim,36759,66880,0,66880,3264194.454,-0.528,-0.012,0.020,0.849,93,0,2793,482,2975,2469,2671,2955,54,1.369,1,2097,1,50.747,0.857,-10.500,-41.000,-28.000,-0.078,-0.074,0.984,0.625,-0.586,0.117,0.156,0.094,1.601,1.403,2,NULL,NULL,,3,0,2,7,255,971,250,0,0
stim,36759,66880,0,66880,3264199.455,-0.529,-0.011,0.018,0.848,30,0,2813,313,2995,2447,2703,2966,54,1.369,1,2097,1,50.064,0.668,-1.125,-44.125,-23.625,-0.051,0.004,1.027,0.625,-0.234,0.117,0.162,0.094,1.601,1.403,2,NULL,NULL,,3,0,2,7,255,971,250,0,0
stim,36759,66880,0,66880,3264204.453,-0.530,-0.009,0.017,0.848,11,0,2825,244,3003,2431,2731,2977,54,1.369,1,2097,1,53.049,0.282,0.188,-46.688,-25.188,-0.055,0.016,1.016,-0.156,-0.234,0.160,0.168,0.096,1.601,1.403,2,NULL,NULL,,3,0,2,7,255,971,250,0,0
stim,36759,66880,0,66880,3264209.455,-0.530,-0.007,0.017,0.848,0,0,2837,152,3006,2407,2758,2975,54,1.369,1,2097,1,58.900,0.370,22.188,-53.750,-9.375,-0.258,-0.113,1.125,-0.156,-0.336,0.281,0.176,0.098,1.601,1.403,2,NULL,NULL,,3,0,2,7,255,971,250,0,0
stim,36783,66904,0,66904,3264214.454,-0.531,-0.004,0.017,0.847,0,0,2847,96,3019,2389,2789,2991,54,1.369,1,2097,1,70.523,2.390,31.563,-62.375,-9.313,-0.398,-0.215,1.297,1.777,-1.598,1.297,0.186,0.104,1.601,1.403,2,NULL,NULL,,3,0,2,7,255,971,250,0,0
stim,36783,66904,0,66904,3264219.455,-0.532,-0.001,0.016,0.847,0,0,2855,69,3029,2357,2806,2985,54,1.369,1,2097,1,77.208,3.654,18.000,-65.750,-36.250,-0.367,-0.172,1.379,2.793,-2.355,3.004,0.196,0.108,1.601,1.403,2,NULL,NULL,,3,0,2,7,255,971,250,0,0
stim,36783,66904,0,66904,3264224.454,-0.533,0.002,0.015,0.846,0,0,2859,56,3036,2328,2825,2985,54,1.369,1,2097,0,86.328,3.654,15.563,-72.625,-44.000,-0.250,-0.098,1.313,2.793,-2.355,3.109,0.206,0.114,1.601,1.403,3,NULL,NULL,,3,0,2,7,255,971,250,0,0
stim,36783,66904,0,66904,3264229.455,-0.534,0.006,0.015,0.845,0,0,2867,0,3047,2297,2853,3001,54,1.369,1,2097,0,99.064,2.894,50.813,-82.563,-20.375,-0.207,0.125,1.488,1.703,-2.340,3.781,0.218,0.122,1.601,1.403,3,NULL,NULL,,3,0,2,7,255,971,250,0,0
stim,36829,66950,0,66950,3264234.454,-0.534,0.010,0.014,0.845,0,0,2860,0,3049,2253,2860,2995,54,1.369,1,2097,0,95.191,2.368,25.063,-91.500,7.813,-0.074,0.395,1.598,-0.363,-2.340,4.801,0.232,0.134,1.601,1.403,3,NULL,NULL,,3,0,2,7,255,971,250,0,0
stim,36829,66950,0,66950,3264239.455,-0.533,0.013,0.011,0.846,0,0,2863,0,3068,2197,2891,3013,54,1.369,1,2097,0,92.662,3.129,-24.250,-89.063,8.125,-0.094,0.277,1.418,-2.078,-2.340,4.801,0.246,0.144,1.601,1.403,3,NULL,NULL,,3,0,2,7,255,971,250,0,0
stim,36829,66950,0,66950,3264244.453,-0.532,0.016,0.008,0.846,0,0,2867,0,3067,2147,2903,2997,54,1.369,1,2097,0,103.504,3.000,-26.813,-96.938,24.438,-0.160,0.105,1.254,-2.078,-2.164,4.078,0.258,0.156,1.601,1.403,3,NULL,NULL,,3,0,2,7,255,971,250,0,0
stim,36829,66950,0,66950,3264249.455,-0.531,0.019,0.006,0.847,0,0,2853,0,3079,2077,2914,3007,54,1.369,1,2097,0,110.117,2.178,-10.938,-103.938,34.688,-0.230,0.023,1.215,-0.250,-2.164,2.457,0.272,0.166,1.601,1.403,3,NULL,NULL,,3,0,2,7,255,971,250,0,0
stim,36829,66950,0,66950,3264254.454,-0.530,0.023,0.003,0.848,0,0,2852,0,3082,1977,2927,3000,54,1.369,1,2097,0,113.240,2.592,0.313,-110.125,26.375,-0.305,-0.031,1.223,0.813,-2.461,2.074,0.282,0.176,1.601,1.403,3,NULL,NULL,,3,0,2,7,255,971,250,0,0
stim,36829,66950,0,66950,3264259.455,-0.529,0.027,0.001,0.848,0,0,2840,0,3089,1865,2941,3003,54,1.369,1,2097,0,117.614,3.283,4.188,-116.688,14.125,-0.285,-0.059,1.297,1.660,-2.832,2.074,0.296,0.186,1.601,1.403,3,NULL,NULL,,3,0,2,7,255,971,250,0,0
stim,36829,66950,0,66950,3264264.453,-0.529,0.031,-0.002,0.848,0,0,2839,0,3087,1748,2955,2991,54,1.369,1,2097,0,122.147,3.283,0.063,-121.563,11.938,-0.207,-0.039,1.363,1.660,-2.832,2.781,0.310,0.198,1.601,1.403,3,NULL,NULL,,3,0,2,7,255,971,250,0,0
stim,36829,66950,0,66950,3264269.455,-0.528,0.035,-0.005,0.848,0,0,2813,0,3093,1604,2967,3000,54,1.369,1,2097,0,127.934,2.793,-13.188,-126.438,14.375,-0.188,-0.047,1.309,1.457,-2.383,2.871,0.326,0.212,1.601,1.403,3,NULL,NULL,,3,0,2,7,255,971,250,0,0
stim,36829,66950,0,66950,3264274.454,-0.527,0.040,-0.009,0.849,0,0,2793,0,3097,1407,2977,2975,54,1.369,1,2097,0,134.178,2.776,-18.563,-131.813,16.875,-0.195,-0.055,1.215,1.457,-2.363,2.871,0.342,0.226,1.601,1.403,3,NULL,NULL,,3,0,2,7,255,971,250,0,0
stim,36829,66950,0,66950,3264279.455,-0.526,0.044,-0.013,0.849,0,0,2774,0,3098,1203,2980,2985,54,1.369,1,2097,0,140.088,2.765,-14.500,-137.875,20.125,-0.176,-0.059,1.168,1.563,-2.281,1.922,0.360,0.242,1.601,1.403,3,NULL,NULL,,3,0,2,7,255,971,250,0,0
stim,36852,66973,0,66973,3264284.453,-0.525,0.049,-0.016,0.849,0,0,2761,0,3101,979,2995,2967,54,1.369,1,2097,0,145.555,2.769,-12.625,-143.250,22.500,-0.160,-0.066,1.207,1.570,-2.281,1.813,0.378,0.258,1.601,1.403,3,NULL,NULL,,3,0,2,7,255,971,250,0,0
stim,36852,66973,0,66973,3264289.455,-0.524,0.054,-0.020,0.850,0,0,2719,0,3110,743,3000,2955,54,1.369,1,2097,0,153.828,2.795,-15.938,-150.688,26.500,-0.160,-0.086,1.164,1.621,-2.277,1.441,0.400,0.278,1.601,1.403,3,NULL,NULL,,3,0,2,7,255,971,250,0,0
stim,36852,66973,0,66973,3264294.453,-0.523,0.059,-0.024,0.850,0,0,2696,0,3103,563,3004,2941,54,1.369,1,2097,0,156.864,2.928,-11.625,-155.125,20.188,-0.199,-0.090,1.133,1.840,-2.277,1.352,0.424,0.302,1.601,1.403,3,NULL,NULL,,3,0,2,7,255,971,250,0,0
stim,36852,66973,0,66973,3264299.455,-0.522,0.065,-0.029,0.850,0,0,2659,0,3103,423,3003,2921,54,1.369,1,2097,0,162.524,3.077,-9.563,-161.500,15.500,-0.145,-0.125,1.051,2.082,-2.266,0.969,0.452,0.326,1.601,1.403,3,NULL,NULL,,3,0,2,7,255,971,250,0,0
stim,36878,66999,0,66999,3264304.454,-0.521,0.071,-0.032,0.850,0,0,2613,0,3109,215,3018,2907,54,1.369,1,2097,0,166.653,3.287,4.688,-166.313,9.563,-0.164,-0.113,1.070,2.148,-2.488,0.305,0.482,0.354,1.601,1.403,3,NULL,NULL,,3,0,2,7,255,971,250,0,0
stim,36878,66999,0,66999,3264309.455,-0.521,0.078,-0.035,0.849,0,0,2569,0,3118,101,3018,2893,54,1.369,1,2097,0,173.776,3.287,18.750,-172.750,-2.000,-0.219,-0.035,1.098,2.148,-2.488,0.305,0.516,0.386,1.601,1.403,3,NULL,NULL,,3,0,2,7,255,971,250,0,0
stim,36878,66999,0,66999,3264314.453,-0.521,0.085,-0.038,0.848,0,0,2489,0,3109,49,3029,2859,54,1.369,1,2097,0,183.049,3.925,34.938,-178.438,-21.125,-0.121,0.082,1.234,1.895,-3.438,0.430,0.554,0.424,1.601,1.403,3,NULL,NULL,,3,0,2,7,255,971,250,0,0
stim,36878,66999,0,66999,3264319.455,-0.521,0.093,-0.041,0.847,0,0,2424,0,3099,6,3021,2826,54,1.369,1,2097,0,189.579,3.541,35.438,-185.000,-21.438,-0.086,0.141,1.387,0.652,-3.480,1.848,0.598,0.466,1.601,1.403,3,NULL,NULL,,3,0,2,7,255,971,250,0,0
stim,36878,66999,0,66999,3264324.454,-0.521,0.101,-0.044,0.846,0,0,2317,0,3099,0,3021,2783,54,1.369,1,2097,0,198.617,3.910,36.125,-194.438,-18.375,-0.172,0.133,1.637,0.652,-3.855,3.324,0.646,0.512,1.601,1.403,3,NULL,NULL,,3,0,2,7,255,971,250,0,0
stim,36878,66999,0,66999,3264329.455,-0.521,0.110,-0.048,0.845,0,0,2188,0,3091,6,3029,2741,54,1.369,1,2097,0,211.526,5.314,35.438,-208.438,-6.438,-0.258,0.078,2.016,1.039,-5.211,5.484,0.698,0.560,1.601,1.403,3,NULL,NULL,,3,0,2,7,255,971,250,0,0
stim,36922,67043,0,67043,3264334.453,-0.519,0.118,-0.052,0.845,0,0,2067,0,3087,20,3019,2693,54,1.369,1,2097,0,228.043,7.133,15.250,-227.000,15.563,-0.387,0.152,2.301,2.461,-6.695,8.816,0.752,0.614,1.601,1.403,3,NULL,NULL,,3,0,2,7,255,971,250,0,0
stim,36922,67043,0,67043,3264339.455,-0.517,0.127,-0.059,0.844,0,0,1913,0,3067,68,3013,2643,54,1.369,1,2097,0,253.802,9.391,-16.000,-251.188,32.625,-0.563,0.371,2.430,2.461,-9.063,11.059,0.816,0.674,1.601,1.403,3,NULL,NULL,,3,0,2,7,255,971,250,0,0
stim,36922,67043,0,67043,3264344.454,-0.515,0.136,-0.067,0.844,0,0,1717,0,3054,77,3005,2571,54,1.369,1,2097,0,285.271,12.428,-57.500,-277.063,36.188,-0.633,0.633,2.398,2.047,-12.258,11.059,0.890,0.746,1.601,1.403,3,NULL,NULL,,3,0,2,7,255,971,250,0,0
stim,36922,67043,0,67043,3264349.455,-0.513,0.145,-0.077,0.842,0,0,1605,0,3043,79,2983,2489,54,1.369,1,2097,0,311.784,14.415,-78.875,-300.563,25.500,-0.641,0.727,2.305,0.172,-14.414,10.762,0.974,0.830,1.601,1.403,3,NULL,NULL,,3,0,2,7,255,971,250,0,0
stim,36922,67043,0,67043,3264354.453,-0.512,0.155,-0.088,0.841,0,0,1491,0,3015,87,2939,2389,54,1.369,1,2097,0,338.059,15.153,-86.813,-325.938,22.625,-0.621,0.652,2.352,0.086,-15.152,9.555,1.068,0.922,1.601,1.403,3,NULL,NULL,,3,0,2,7,255,971,250,0,0
stim,36922,67043,0,67043,3264359.455,-0.510,0.165,-0.099,0.839,0,0,1421,0,2991,94,2917,2280,54,1.369,1,2097,0,363.179,15.379,-103.625,-347.313,23.125,-0.645,0.586,2.398,0.086,-15.379,9.465,1.166,1.018,1.601,1.403,3,NULL,NULL,,3,0,2,7,255,971,250,0,0
stim,36943,67065,0,67065,3264364.454,-0.508,0.176,-0.112,0.836,0,0,1340,0,2961,102,2877,2163,54,1.369,1,2097,0,386.614,16.039,-114.000,-369.125,14.875,-0.645,0.648,2.418,0.484,-16.031,9.406,1.266,1.116,1.601,1.403,3,NULL,NULL,,3,0,2,7,255,971,250,0,0
stim,36943,67065,0,67065,3264369.455,-0.506,0.188,-0.124,0.833,0,0,1267,0,2908,108,2798,2057,54,1.369,1,2097,0,402.519,17.023,-94.000,-391.250,10.438,-0.680,0.727,2.602,0.484,-17.016,9.406,1.366,1.214,1.601,1.403,3,NULL,NULL,,3,0,2,7,255,971,250,0,0
stim,36943,67065,0,67065,3264374.454,-0.503,0.201,-0.137,0.829,0,0,1179,0,2855,109,2733,1967,54,1.369,1,2097,0,424.448,19.026,-79.188,-416.813,12.375,-0.758,0.813,2.930,0.484,-19.020,9.855,1.466,1.312,1.601,1.403,3,NULL,NULL,,3,0,2,7,255,971,250,0,0
stim,36943,67065,0,67065,3264379.455,-0.501,0.214,-0.150,0.825,0,0,1093,0,2798,85,2617,1845,54,1.369,1,2097,0,454.180,22.120,-110.500,-440.438,9.188,-0.844,0.863,3.145,0.684,-22.109,11.602,1.568,1.412,1.601,1.403,3,NULL,NULL,,3,0,2,7,255,971,250,0,0
stim,36943,67065,0,67065,3264384.454,-0.498,0.227,-0.166,0.820,0,0,963,0,2707,70,2469,1711,54,1.369,1,2097,0,480.827,24.781,-153.250,-455.750,1.000,-0.902,0.727,3.043,1.070,-24.758,11.602,1.676,1.516,1.601,1.403,3,NULL,NULL,,3,0,2,7,255,971,250,0,0
stim,36943,67065,0,67065,3264389.455,-0.496,0.240,-0.182,0.814,0,1,811,0,2583,61,2296,1541,54,1.369,1,2097,0,495.637,24.874,-163.688,-467.563,-15.750,-0.922,0.402,2.906,2.402,-24.758,9.980,1.794,1.634,1.601,1.403,3,NULL,NULL,,3,0,2,7,255,971,250,0,0
stim,36964,67085,0,67085,3264394.454,-0.495,0.254,-0.197,0.807,0,0,699,0,2445,0,2057,1362,54,1.369,1,2097,0,503.589,24.414,-147.938,-480.438,-29.938,-0.809,0.078,2.852,5.082,-23.879,7.977,1.922,1.760,1.601,1.403,3,NULL,NULL,,3,0,2,7,255,971,250,0,0
stim,36964,67085,0,67085,3264399.455,-0.492,0.269,-0.213,0.800,0,0,497,0,2253,0,1779,1123,54,1.369,1,2097,0,517.538,23.453,-126.813,-501.125,-25.250,-0.719,-0.223,2.836,7.461,-22.234,7.414,2.058,1.894,1.601,1.403,3,NULL,NULL,,3,0,2,7,255,971,250,0,0
stim,36964,67085,0,67085,3264404.453,-0.488,0.284,-0.228,0.793,0,0,355,0,1983,0,1437,949,54,1.369,1,2097,0,537.799,23.308,-132.625,-521.188,-1.500,-0.578,-0.387,2.578,9.906,-21.098,7.090,2.192,2.026,1.601,1.403,3,NULL,NULL,,3,0,2,7,255,971,250,0,0
stim,36964,67085,0,67085,3264409.455,-0.483,0.300,-0.244,0.785,0,0,205,0,1677,0,959,791,54,1.369,1,2097,0,543.785,21.144,-120.688,-530.188,6.125,-0.484,-0.375,2.199,9.906,-18.680,5.266,2.320,2.152,1.601,1.403,3,NULL,NULL,,3,0,2,7,255,971,250,0,0
stim,36964,67085,0,67085,3264414.454,-0.477,0.316,-0.259,0.778,0,0,117,0,1277,0,380,611,54,1.369,1,2097,0,542.294,18.810,-85.688,-535.063,21.188,-0.551,-0.207,1.961,9.379,-16.305,2.305,2.440,2.272,1.601,1.403,3,NULL,NULL,,3,0,2,7,255,971,250,0,0
stim,36964,67085,0,67085,3264419.455,-0.470,0.332,-0.273,0.771,0,0,85,0,851,0,47,479,54,1.369,1,2097,0,540.402,18.070,-61.563,-535.000,44.938,-0.566,0.156,1.996,7.789,-16.305,-0.766,2.554,2.384,1.601,1.403,3,NULL,NULL,,3,0,2,7,255,971,250,0,0
stim,36994,67115,0,67115,3264424.454,-0.461,0.348,-0.286,0.765,0,0,27,0,307,0,0,357,54,1.369,1,2097,0,543.983,19.438,-35.125,-537.188,78.188,-0.918,0.172,2.266,6.723,-18.238,-1.980,2.656,2.484,1.601,1.403,3,NULL,NULL,,3,0,2,7,255,971,250,0,0
stim,36994,67115,0,67115,3264429.455,-0.448,0.363,-0.302,0.759,0,0,22,0,0,0,0,251,54,1.369,1,2097,0,591.929,23.359,-42.688,-563.250,176.938,-1.445,0.094,2.254,6.723,-22.371,-4.063,2.730,2.556,1.601,1.403,3,NULL,NULL,,3,0,2,7,255,971,250,0,0
stim,37028,67149,0,67149,3264434.454,-0.434,0.377,-0.319,0.754,0,0,1,0,0,0,0,155,54,1.369,1,2097,0,618.761,25.222,-76.500,-577.688,208.063,-1.641,0.398,1.988,6.961,-24.242,-9.426,2.760,2.584,1.601,1.403,3,NULL,NULL,,3,0,2,7,255,971,250,0,0
stim,37028,67149,0,67149,3264439.455,-0.424,0.390,-0.336,0.745,0,0,0,0,0,0,0,79,54,1.369,1,2097,0,567.333,25.222,-164.375,-528.563,124.375,-1.180,1.238,1.457,6.961,-24.242,-14.180,2.746,2.568,1.601,1.403,4,NULL,NULL,,3,0,2,7,255,971,250,0,0
stim,37028,67149,0,67149,3264444.453,-0.420,0.398,-0.354,0.735,0,0,9,0,0,0,0,77,54,1.369,1,2097,0,514.766,21.390,-255.625,-444.938,40.875,-0.621,1.875,1.047,-3.359,-21.125,-14.449,2.714,2.534,1.601,1.403,0,NULL,NULL,,3,0,2,7,255,971,250,0,0
stim,37028,67149,0,67149,3264449.455,-0.420,0.400,-0.373,0.724,0,0,5,0,0,0,0,83,54,1.369,1,2097,0,507.552,21.515,-392.188,-316.313,61.188,-0.281,2.133,0.379,-12.102,-17.789,-15.332,2.690,2.508,1.601,1.403,0,NULL,NULL,,3,0,2,7,255,971,250,0,0
stim,37028,67149,0,67149,3264454.454,-0.420,0.399,-0.388,0.717,0,0,2,0,0,0,0,56,54,1.369,1,2097,0,385.074,16.587,-323.000,-200.000,62.875,-0.207,1.309,-0.230,-12.102,-11.344,-15.332,2.680,2.496,1.601,1.403,0,NULL,NULL,,3,0,2,7,255,971,250,0,0
stim,37028,67149,0,67149,3264459.455,-0.418,0.399,-0.394,0.715,0,0,0,0,0,0,0,57,54,1.369,1,2097,0,142.516,12.927,-85.813,-95.000,62.625,-0.672,-0.059,0.426,-11.691,-5.516,-15.332,2.686,2.502,1.601,1.403,0,NULL,NULL,,3,0,2,7,255,971,250,0,0
stim,37028,67149,0,67149,3264464.453,-0.417,0.399,-0.395,0.715,0,0,0,0,0,0,0,73,54,1.369,1,2097,0,40.064,6.539,-5.750,-15.188,36.625,-1.227,-0.691,1.754,3.512,-5.516,-14.082,2.708,2.522,1.601,1.403,0,NULL,NULL,,3,0,2,7,255,971,250,0,0
stim,37028,67149,0,67149,3264469.455,-0.421,0.394,-0.397,0.713,0,0,0,0,0,0,0,85,54,1.369,1,2097,0,168.324,20.919,-146.688,77.688,-27.938,-1.324,-0.465,1.969,12.277,-16.938,-13.266,2.746,2.556,1.601,1.403,0,NULL,NULL,,3,0,2,7,255,971,250,0,0
stim,37028,67149,0,67149,3264474.454,-0.431,0.386,-0.402,0.710,0,0,0,0,0,0,0,50,54,1.369,1,2097,0,320.249,20.919,-273.375,158.125,-53.125,-0.965,0.363,0.887,12.277,-16.938,-13.266,2.790,2.598,1.601,1.403,0,NULL,NULL,,3,0,2,7,255,971,250,0,0
stim,37028,67149,0,67149,3264479.455,-0.439,0.375,-0.405,0.709,0,0,0,0,0,0,0,31,54,1.369,1,2097,0,314.472,11.919,-235.250,207.563,-21.625,-0.758,1.152,0.043,1.266,-11.852,-15.922,2.838,2.646,1.601,1.403,0,NULL,NULL,,3,0,2,7,255,971,250,0,0
stim,37060,67181,0,67181,3264484.453,-0.445,0.366,-0.404,0.711,0,0,0,0,0,0,0,27,54,1.369,1,2097,0,256.745,10.357,-113.563,230.063,9.625,-0.859,1.266,0.055,-8.066,-6.496,-19.137,2.890,2.696,1.601,1.403,0,NULL,NULL,,3,0,2,7,255,971,250,0,0
stim,37060,67181,0,67181,3264489.455,-0.450,0.357,-0.401,0.714,0,0,0,0,0,0,0,22,54,1.369,1,2097,0,250.595,10.357,-52.563,244.938,6.375,-0.980,0.758,0.625,-8.066,-6.496,-19.137,2.942,2.746,1.601,1.403,0,NULL,NULL,,3,0,2,7,255,971,250,0,0
stim,37060,67181,0,67181,3264494.453,-0.456,0.348,-0.398,0.716,0,0,0,0,0,0,0,20,54,1.369,1,2097,0,275.037,11.265,-94.375,258.250,-6.750,-0.863,0.336,0.867,-3.039,-10.848,-17.574,2.996,2.798,1.601,1.403,0,NULL,NULL,,3,0,2,7,255,971,250,0,0
stim,37060,67181,0,67181,3264499.455,-0.464,0.336,-0.398,0.717,0,0,0,0,0,0,0,23,54,1.369,1,2097,0,310.854,10.849,-158.125,267.625,1.875,-0.645,0.254,0.453,0.141,-10.848,-14.285,3.052,2.852,1.601,1.403,0,NULL,NULL,,3,0,2,7,255,971,250,0,0
stim,37060,67181,0,67181,3264504.454,-0.470,0.324,-0.398,0.718,0,0,0,0,0,0,0,26,54,1.369,1,2097,0,312.576,7.099,-154.875,269.875,29.750,-0.563,0.301,-0.113,0.141,-7.098,-14.285,3.108,2.908,1.601,1.403,0,NULL,NULL,,3,0,2,7,255,971,250,0,0
stim,37060,67181,0,67181,3264509.455,-0.475,0.313,-0.396,0.721,0,0,0,0,0,0,0,25,54,1.369,1,2097,0,291.010,2.264,-95.875,270.188,49.938,-0.504,0.336,-0.434,-0.977,-2.043,-15.789,3.166,2.964,1.601,1.403,0,NULL,NULL,,3,0,2,7,255,971,250,0,0
stim,37084,67205,0,67205,3264514.453,-0.478,0.303,-0.391,0.726,0,0,0,0,0,0,0,29,54,1.369,1,2097,0,280.068,1.719,-29.188,272.438,58.000,-0.527,0.457,-0.328,-1.613,-0.594,-16.906,3.224,3.020,1.601,1.403,0,NULL,NULL,,3,0,2,7,255,971,250,0,0
stim,37084,67205,0,67205,3264519.455,-0.481,0.293,-0.386,0.730,0,0,0,0,0,0,0,26,54,1.369,1,2097,0,284.366,2.600,0.938,279.250,53.688,-0.500,0.469,-0.055,-2.531,-0.594,-16.906,3.280,3.074,1.601,1.403,0,NULL,NULL,,3,0,2,7,255,971,250,0,0
stim,37084,67205,0,67205,3264524.454,-0.484,0.283,-0.380,0.735,0,0,0,0,0,0,0,26,54,1.369,1,2097,0,293.602,3.582,8.938,286.500,63.563,-0.367,0.289,0.008,-2.531,-2.535,-15.375,3.336,3.130,1.601,1.403,0,NULL,NULL,,3,0,2,7,255,971,250,0,0
stim,37084,67205,0,67205,3264529.455,-0.487,0.273,-0.374,0.741,0,0,0,0,0,0,0,23,54,1.369,1,2097,0,304.654,3.192,23.125,292.375,82.438,-0.383,0.277,0.035,-1.379,-2.879,-13.445,3.392,3.182,1.601,1.403,0,NULL,NULL,,3,0,2,7,255,971,250,0,0
stim,37128,67249,0,67249,3264534.453,-0.488,0.263,-0.367,0.747,0,0,0,0,0,0,0,18,54,1.369,1,2097,0,314.025,3.114,45.375,297.125,90.938,-0.477,0.305,0.137,-1.188,-2.879,-13.445,3.446,3.234,1.601,1.403,0,NULL,NULL,,3,0,2,7,255,971,250,0,0
stim,37128,67249,0,67249,3264539.455,-0.490,0.253,-0.360,0.753,0,0,0,0,0,0,0,8,54,1.369,1,2097,0,320.094,4.461,61.188,303.688,80.563,-0.527,0.309,0.316,-1.051,-4.336,-13.363,3.498,3.284,1.601,1.403,0,NULL,NULL,,3,0,2,7,255,971,250,0,0
stim,37128,67249,0,67249,3264544.454,-0.492,0.243,-0.351,0.758,0,0,0,0,0,0,0,5,54,1.369,1,2097,0,325.907,6.190,66.563,311.500,68.938,-0.496,0.270,0.480,-0.840,-6.133,-12.684,3.546,3.332,1.601,1.403,0,NULL,NULL,,3,0,2,7,255,971,250,0,0
stim,37128,67249,0,67249,3264549.455,-0.495,0.233,-0.343,0.764,0,0,0,0,0,0,0,0,54,1.369,1,2097,0,333.170,7.211,66.938,319.813,65.125,-0.480,0.270,0.613,-0.711,-7.176,-11.180,3.592,3.376,1.601,1.403,0,NULL,NULL,,3,0,2,7,255,971,250,0,0
stim,37128,67249,0,67249,3264554.453,-0.497,0.223,-0.334,0.769,0,0,0,0,0,0,0,0,54,1.369,1,2097,0,340.437,8.133,65.250,328.625,60.375,-0.508,0.305,0.727,-0.711,-8.102,-10.023,3.638,3.418,1.601,1.403,0,NULL,NULL,,3,0,2,7,255,971,250,0,0
stim,37128,67249,0,67249,3264559.455,-0.500,0.212,-0.325,0.774,0,0,0,0,0,0,0,2,54,1.369,1,2097,0,346.456,9.234,60.688,337.688,48.125,-0.520,0.324,0.832,-0.926,-9.188,-9.348,3.680,3.460,1.601,1.403,0,NULL,NULL,,3,0,2,7,255,971,250,0,0
stim,37128,67249,1,67249,3264564.454,-0.504,0.201,-0.316,0.778,0,0,0,0,0,0,0,2,54,1.369,1,2097,0,352.199,10.101,52.500,346.625,33.750,-0.480,0.305,0.891,-1.113,-10.039,-8.516,3.720,3.500,1.601,1.403,0,NULL,NULL,,3,1,2,7,255,971,250,0,0
stim,37128,67249,1,67249,3264569.455,-0.508,0.190,-0.307,0.782,0,0,0,0,0,0,0,1,54,1.369,1,2097,0,358.093,10.108,44.813,354.500,23.500,-0.426,0.273,0.906,-1.176,-10.039,-7.520,3.760,3.536,1.601,1.403,0,NULL,NULL,,3,1,2,7,255,971,250,0,0
stim,37128,67249,1,67249,3264574.454,-0.512,0.178,-0.297,0.786,0,0,0,0,0,0,0,4,54,1.369,1,2097,0,363.326,9.769,40.500,360.688,16.438,-0.387,0.262,0.895,-1.199,-9.695,-6.703,3.796,3.572,1.601,1.403,0,NULL,NULL,,3,1,2,7,255,971,250,0,0
stim,37128,67249,1,67249,3264579.455,-0.517,0.167,-0.288,0.789,0,0,0,0,0,0,0,2,54,1.369,1,2097,0,367.325,9.300,39.375,365.125,7.813,-0.328,0.242,0.848,-1.313,-9.207,-6.242,3.834,3.608,1.601,1.403,0,NULL,NULL,,3,1,2,7,255,971,250,0,0
stim,37152,67273,1,67273,3264584.453,-0.521,0.155,-0.278,0.792,0,0,0,0,0,0,0,9,54,1.369,1,2097,0,370.865,8.448,41.813,368.500,-0.625,-0.230,0.195,0.758,-1.441,-8.324,-5.949,3.870,3.642,1.601,1.403,0,NULL,NULL,,3,1,2,7,255,971,250,0,0
stim,37152,67273,1,67273,3264589.455,-0.526,0.144,-0.267,0.795,0,0,0,0,0,0,0,10,54,1.369,1,2097,0,373.241,6.933,52.250,369.563,-1.625,-0.156,0.156,0.660,-1.441,-6.781,-5.832,3.906,3.678,1.601,1.403,0,NULL,NULL,,3,1,2,7,255,971,250,0,0
stim,37152,67273,1,67273,3264594.454,-0.530,0.133,-0.256,0.797,0,0,0,0,0,0,0,6,54,1.369,1,2097,0,374.820,5.629,72.438,367.750,1.750,-0.141,0.176,0.645,-1.441,-5.441,-5.785,3.944,3.712,1.601,1.403,0,NULL,NULL,,3,1,2,7,255,971,250,0,0
stim,37152,67273,1,67273,3264599.455,-0.534,0.122,-0.245,0.800,0,0,0,0,0,0,0,9,54,1.369,1,2097,0,376.210,5.643,93.313,364.438,3.438,-0.141,0.180,0.715,-1.668,-5.391,-5.785,3.980,3.748,1.601,1.403,0,NULL,NULL,,3,1,2,7,255,971,250,0,0
stim,37177,67298,1,67298,3264604.453,-0.537,0.112,-0.232,0.803,0,0,0,0,0,0,0,7,54,1.369,1,2097,0,376.104,5.660,107.938,360.250,4.875,-0.129,0.156,0.785,-1.727,-5.391,-5.063,4.016,3.784,1.601,1.403,0,NULL,NULL,,3,1,2,7,255,971,250,0,0
stim,37177,67298,1,67298,3264609.455,-0.540,0.103,-0.220,0.806,0,0,0,0,0,0,0,7,54,1.369,1,2097,0,376.031,5.703,123.188,355.250,4.625,-0.148,0.180,0.824,-1.805,-5.410,-4.156,4.052,3.818,1.601,1.403,0,NULL,NULL,,3,1,2,7,255,971,250,0,0
stim,37177,67298,1,67298,3264614.454,-0.543,0.094,-0.206,0.808,0,0,0,0,0,0,0,11,54,1.369,1,2097,0,378.643,5.786,142.938,350.625,1.125,-0.094,0.160,0.949,-1.945,-5.449,-3.805,4.086,3.850,1.601,1.403,0,NULL,NULL,,3,1,2,7,255,971,250,0,0
stim,37177,67298,1,67298,3264619.455,-0.546,0.085,-0.193,0.811,0,0,0,0,0,0,0,8,54,1.369,1,2097,0,377.535,5.839,147.375,347.313,13.688,-0.016,0.195,1.102,-2.098,-5.449,-2.281,4.118,3.880,1.601,1.403,0,NULL,NULL,,3,1,2,7,255,971,250,0,0
stim,37177,67298,1,67298,3264624.454,-0.547,0.076,-0.179,0.814,0,0,0,0,0,0,0,23,54,1.369,1,2097,0,374.855,6.159,149.500,342.313,31.438,-0.043,0.242,1.141,-2.871,-5.449,-0.578,4.148,3.910,1.601,1.403,0,NULL,NULL,,3,1,2,7,255,971,250,0,0
stim,37177,67298,1,67298,3264629.455,-0.548,0.068,-0.166,0.817,0,0,0,0,0,0,0,35,54,1.369,1,2097,0,377.376,6.364,163.188,338.438,35.250,-0.129,0.285,1.219,-3.215,-5.492,-0.238,4.176,3.936,1.601,1.403,0,NULL,NULL,,3,1,2,7,255,971,250,0,0
stim,37221,67342,1,67342,3264634.454,-0.550,0.060,-0.151,0.819,0,0,0,0,0,0,0,35,54,1.369,1,2097,0,377.018,7.039,170.375,335.063,29.125,-0.145,0.227,1.316,-3.215,-6.262,0.293,4.202,3.960,1.601,1.403,0,NULL,NULL,,3,1,2,7,255,971,250,0,0
stim,37221,67342,1,67342,3264639.455,-0.550,0.052,-0.137,0.822,0,0,0,0,0,0,0,39,54,1.369,1,2097,0,377.691,6.979,176.500,332.500,30.688,-0.074,0.215,1.449,-3.082,-6.262,1.477,4.226,3.984,1.601,1.403,0,NULL,NULL,,3,1,2,7,255,971,250,0,0
stim,37221,67342,1,67342,3264644.453,-0.551,0.044,-0.123,0.824,0,0,0,0,0,0,0,33,54,1.369,1,2097,0,375.632,6.289,174.813,329.938,41.000,-0.105,0.191,1.527,-2.828,-5.617,3.129,4.250,4.004,1.601,1.403,0,NULL,NULL,,3,1,2,7,255,971,250,0,0
stim,37221,67342,1,67342,3264649.455,-0.551,0.037,-0.109,0.827,0,0,0,0,0,0,0,35,54,1.369,1,2097,0,375.365,6.407,177.250,328.000,43.563,-0.141,0.234,1.672,-3.082,-5.617,4.023,4.268,4.022,1.601,1.403,0,NULL,NULL,,3,1,2,7,255,971,250,0,0
stim,37221,67342,1,67342,3264654.454,-0.551,0.029,-0.095,0.829,0,0,0,0,0,0,0,37,54,1.369,1,2097,0,371.411,6.501,174.313,324.688,46.250,-0.172,0.215,1.777,-2.832,-5.852,5.426,4.284,4.038,1.601,1.403,0,NULL,NULL,,3,1,2,7,255,971,250,0,0
stim,37221,67342,1,67342,3264659.455,-0.551,0.021,-0.081,0.830,0,0,0,0,0,0,0,33,54,1.369,1,2097,0,364.944,6.501,166.125,322.313,41.250,-0.203,0.184,1.840,-2.832,-5.852,6.633,4.298,4.050,1.601,1.403,0,NULL,NULL,,3,1,2,7,255,971,250,0,0
stim,37243,67364,1,67364,3264664.453,-0.551,0.013,-0.067,0.832,0,0,0,0,0,0,0,39,54,1.369,1,2097,0,359.874,6.108,162.563,318.500,40.500,-0.176,0.176,1.887,-2.496,-5.574,7.406,4.306,4.056,1.601,1.403,0,NULL,NULL,,3,1,2,7,255,971,250,0,0
stim,37243,67364,1,67364,3264669.455,-0.550,0.005,-0.054,0.833,0,0,0,0,0,0,0,35,54,1.369,1,2097,0,357.026,5.424,161.750,315.500,42.000,-0.184,0.129,1.895,-2.449,-4.840,8.059,4.308,4.056,1.601,1.403,0,NULL,NULL,,3,1,2,7,255,971,250,0,0
stim,37243,67364,1,67364,3264674.454,-0.550,-0.002,-0.040,0.834,0,0,0,0,0,0,0,39,54,1.369,1,2097,0,357.662,4.649,167.250,314.063,36.250,-0.223,0.051,1.941,-1.996,-4.199,8.336,4.304,4.052,1.601,1.403,0,NULL,NULL,,3,1,2,7,255,971,250,0,0
stim,37243,67364,1,67364,3264679.455,-0.550,-0.009,-0.026,0.835,0,0,0,0,0,0,0,37,54,1.369,1,2097,0,359.621,3.862,174.875,313.000,27.875,-0.223,-0.027,2.012,-1.137,-3.691,8.984,4.292,4.038,1.601,1.403,0,NULL,NULL,,3,1,2,7,255,971,250,0,0
stim,37243,67364,1,67364,3264684.453,-0.550,-0.017,-0.012,0.835,0,0,0,0,0,0,0,35,54,1.369,1,2097,0,362.533,2.869,180.625,313.688,20.125,-0.195,-0.082,2.055,-0.410,-2.840,9.844,4.270,4.014,1.601,1.403,0,NULL,NULL,,3,1,2,7,255,971,250,0,0
stim,37243,67364,1,67364,3264689.455,-0.550,-0.024,0.003,0.835,0,0,0,0,0,0,0,40,54,1.369,1,2097,0,368.097,1.785,188.438,316.000,11.438,-0.168,-0.141,2.070,-0.012,-1.785,10.383,4.236,3.980,1.601,1.403,0,NULL,NULL,,3,1,2,7,255,971,250,0,0
stim,37264,67385,1,67385,3264694.453,-0.550,-0.030,0.018,0.834,0,0,0,0,0,0,0,43,54,1.369,1,2097,0,377.725,0.824,203.250,318.375,1.688,-0.133,-0.215,2.102,0.504,-0.652,10.570,4.190,3.934,1.601,1.403,0,NULL,NULL,,3,1,2,7,255,971,250,0,0
stim,37264,67385,1,67385,3264699.455,-0.551,-0.037,0.033,0.833,0,0,0,0,0,0,0,43,54,1.369,1,2097,0,390.043,1.295,222.625,320.125,-9.563,-0.051,-0.309,2.168,1.121,0.648,10.879,4.136,3.876,1.601,1.403,0,NULL,NULL,,3,1,2,7,255,971,250,0,0
stim,37264,67385,1,67385,3264704.453,-0.552,-0.043,0.050,0.831,0,0,0,0,0,0,0,43,54,1.369,1,2097,0,403.829,3.034,243.250,321.625,-21.563,0.102,-0.363,2.270,1.758,2.473,11.438,4.068,3.808,1.601,1.403,0,NULL,NULL,,3,1,2,7,255,971,250,0,0
stim,37264,67385,1,67385,3264709.455,-0.553,-0.048,0.067,0.829,0,0,0,0,0,0,0,51,54,1.369,1,2097,0,419.153,5.179,264.500,323.563,-32.188,0.328,-0.359,2.391,1.758,4.871,12.105,3.992,3.730,1.601,1.403,0,NULL,NULL,,3,1,2,7,255,971,250,0,0
stim,37264,67385,1,67385,3264714.453,-0.555,-0.053,0.085,0.826,0,0,0,0,0,0,0,54,54,1.369,1,2097,0,435.631,7.867,285.813,326.375,-39.563,0.578,-0.336,2.539,1.105,7.789,12.746,3.906,3.644,1.601,1.403,0,NULL,NULL,,3,1,2,7,255,971,250,0,0
stim,37264,67385,1,67385,3264719.455,-0.556,-0.058,0.104,0.823,0,0,0,0,0,0,0,57,54,1.369,1,2097,0,448.469,11.019,301.750,329.125,-41.813,0.793,-0.363,2.707,0.262,11.016,13.434,3.812,3.548,1.601,1.403,0,NULL,NULL,,3,1,2,7,255,971,250,0,0
stim,37294,67415,1,67415,3264724.454,-0.557,-0.062,0.123,0.819,0,0,0,0,0,0,0,59,54,1.369,1,2097,0,455.433,14.199,311.375,330.000,-39.563,0.977,-0.383,2.887,0.047,14.199,14.141,3.712,3.448,1.601,1.403,0,NULL,NULL,,3,1,2,7,255,971,250,0,0
stim,37294,67415,1,67415,3264729.455,-0.558,-0.067,0.142,0.815,0,0,0,0,0,0,0,64,54,1.369,1,2097,0,456.661,17.203,312.188,330.875,-40.000,1.129,-0.359,3.027,-0.023,17.203,14.836,3.608,3.342,1.601,1.403,0,NULL,NULL,,3,1,2,7,255,971,250,0,0
stim,37326,67447,1,67447,3264734.453,-0.558,-0.071,0.160,0.811,0,0,0,0,0,0,0,67,54,1.369,1,2097,0,454.749,19.772,307.875,331.563,-45.563,1.227,-0.328,3.164,-0.293,19.770,15.121,3.498,3.230,1.601,1.403,0,NULL,NULL,,3,1,2,7,255,971,250,0,0
stim,37326,67447,1,67447,3264739.455,-0.559,-0.076,0.179,0.806,0,0,0,0,0,0,0,75,54,1.369,1,2097,0,445.905,21.883,296.500,328.750,-53.313,1.277,-0.258,3.371,-0.434,21.879,15.426,3.378,3.110,1.601,1.403,0,NULL,NULL,,3,1,2,7,255,971,250,0,0
stim,37326,67447,1,67447,3264744.454,-0.560,-0.081,0.196,0.801,0,0,0,0,0,0,0,75,54,1.369,1,2097,0,425.638,23.721,271.188,321.188,-66.813,1.414,-0.094,3.633,-0.676,23.711,16.441,3.252,2.980,1.601,1.403,0,NULL,NULL,,3,1,2,7,255,971,250,0,0
stim,37326,67447,1,67447,3264749.455,-0.562,-0.087,0.210,0.795,0,0,0,0,0,0,0,91,54,1.369,1,2097,0,389.269,26.399,218.375,310.438,-86.438,1.707,0.090,3.766,-2.090,26.316,17.398,3.116,2.844,1.601,1.403,0,NULL,NULL,,3,1,2,7,255,971,250,0,0
stim,37326,67447,1,67447,3264754.453,-0.563,-0.095,0.222,0.790,0,0,0,0,0,0,0,103,54,1.369,1,2097,0,341.485,29.991,143.125,294.500,-96.938,2.109,0.090,3.625,-4.313,29.680,17.398,2.974,2.700,1.601,1.403,0,NULL,NULL,,3,1,2,7,255,971,250,0,0
stim,37326,67447,1,67447,3264759.455,-0.564,-0.104,0.231,0.786,0,0,0,0,0,0,0,145,54,1.369,1,2097,0,295.845,33.645,66.625,275.000,-86.375,2.500,-0.102,3.191,-5.414,33.207,13.711,2.826,2.552,1.601,1.403,0,NULL,NULL,,3,1,2,7,255,971,250,0,0
stim,37326,67447,1,67447,3264764.454,-0.564,-0.113,0.237,0.783,0,0,0,0,0,0,0,171,54,1.369,1,2097,0,261.732,35.945,15.188,252.688,-66.500,2.801,-0.309,2.621,-5.414,35.535,7.102,2.674,2.398,1.601,1.403,0,NULL,NULL,,3,1,2,7,255,971,250,0,0
stim,37326,67447,1,67447,3264769.455,-0.564,-0.121,0.242,0.780,0,0,0,0,0,0,0,229,54,1.369,1,2097,0,233.137,36.536,-4.813,227.313,-51.563,3.117,-0.430,2.094,-5.254,36.156,-0.340,2.512,2.236,1.601,1.403,0,NULL,NULL,,3,1,2,7,255,971,250,0,0
stim,37326,67447,1,67447,3264774.454,-0.563,-0.128,0.247,0.778,0,0,0,0,0,0,0,267,54,1.369,1,2097,0,204.707,36.911,-4.938,200.625,-40.375,3.539,-0.504,1.641,-5.254,36.535,-7.195,2.346,2.068,1.601,1.403,0,NULL,NULL,,3,1,2,7,255,971,250,0,0
stim,37326,67447,1,67447,3264779.455,-0.562,-0.134,0.251,0.776,0,0,0,0,0,0,0,293,54,1.369,1,2097,0,177.987,38.326,7.313,176.563,-21.250,4.098,-0.656,1.133,-6.203,37.820,-13.773,2.174,1.896,1.601,1.403,0,NULL,NULL,,3,1,2,7,255,971,250,0,0
stim,37360,67481,1,67481,3264784.454,-0.560,-0.138,0.256,0.775,0,0,0,0,1,0,0,311,54,1.369,1,2097,0,160.842,40.339,43.813,153.438,20.188,4.469,-1.152,0.688,-6.203,39.859,-21.559,2.000,1.720,1.601,1.403,0,NULL,NULL,,3,1,2,7,255,971,250,0,0
stim,37360,67481,1,67481,3264789.455,-0.557,-0.140,0.263,0.775,0,0,0,0,24,0,0,294,54,1.369,1,2097,0,167.367,41.657,94.313,120.563,67.688,4.504,-1.984,0.590,-3.785,41.484,-28.629,1.826,1.546,1.601,1.403,0,NULL,NULL,,3,1,2,7,255,971,250,0,0
stim,37360,67481,1,67481,3264794.453,-0.553,-0.138,0.271,0.776,0,0,0,0,42,0,0,276,54,1.369,1,2097,0,213.192,43.211,151.813,90.625,119.125,4.387,-2.480,0.633,3.438,43.074,-31.949,1.652,1.372,1.601,1.403,0,NULL,NULL,,3,1,2,7,255,971,250,0,0
stim,37360,67481,1,67481,3264799.455,-0.548,-0.132,0.282,0.776,0,0,0,0,41,0,0,253,54,1.369,1,2097,0,296.409,43.798,241.625,60.125,160.813,3.832,-2.430,0.898,7.930,43.074,-31.949,1.480,1.198,1.601,1.403,0,NULL,NULL,,3,1,2,7,255,971,250,0,0
stim,37360,67481,1,67481,3264804.454,-0.545,-0.124,0.294,0.776,0,0,0,0,43,0,0,252,54,1.369,1,2097,0,347.309,41.081,313.375,20.563,148.313,3.074,-1.766,1.953,7.930,40.309,-28.355,1.312,1.026,1.601,1.403,0,NULL,NULL,,3,1,2,7,255,971,250,0,0
stim,37360,67481,1,67481,3264809.455,-0.541,-0.115,0.304,0.776,0,0,0,0,39,0,0,232,54,1.369,1,2097,0,320.396,40.819,280.750,-18.125,153.313,3.016,-1.309,3.328,6.434,40.309,-14.965,1.146,0.856,1.601,1.403,0,NULL,NULL,,3,1,2,7,255,971,250,0,0
stim,37384,67505,0,67505,3264814.453,-0.538,-0.107,0.309,0.777,0,0,0,0,17,0,0,229,54,1.369,1,2097,0,220.204,39.447,165.813,-53.750,134.563,1.910,-0.715,4.012,4.203,39.223,-2.871,0.982,0.692,1.601,1.403,0,NULL,NULL,,3,0,2,7,255,968,250,0,0
stim,37384,67505,0,67505,3264819.455,-0.538,-0.103,0.308,0.778,0,0,0,0,0,0,0,231,54,1.369,1,2097,0,101.710,39.447,19.688,-90.313,42.438,1.926,-0.977,3.805,4.203,39.223,7.449,0.828,0.530,1.601,1.403,0,NULL,NULL,,3,0,2,7,255,968,250,0,0
stim,37384,67505,0,67505,3264824.454,-0.538,-0.101,0.303,0.780,0,0,0,61,0,0,0,282,54,1.369,1,2097,0,124.377,38.900,-63.375,-105.750,16.438,1.613,-0.398,3.297,4.203,38.672,7.449,0.680,0.378,1.601,1.403,0,NULL,NULL,,3,0,2,7,255,968,250,0,0
stim,37384,67505,0,67505,3264829.455,-0.537,-0.094,0.300,0.782,499,0,0,959,0,0,0,395,54,1.369,1,2097,0,180.532,33.232,9.063,-160.000,83.125,1.074,-0.461,4.230,5.816,32.719,7.449,0.566,0.266,1.601,1.403,0,NULL,NULL,,3,0,2,7,255,968,250,0,0
stim,37426,67547,0,67547,3264834.453,-0.524,-0.080,0.295,0.795,1149,0,0,1535,0,165,0,457,54,1.369,1,2097,0,540.156,31.844,-19.438,-265.500,470.000,-0.367,1.613,5.949,1.656,31.801,17.402,0.518,0.240,1.601,1.403,0,NULL,NULL,,3,0,2,7,255,968,250,0,0
stim,37426,67547,0,67547,3264839.455,-0.505,-0.088,0.265,0.816,1757,0,0,1897,0,421,0,517,54,1.369,1,2097,0,974.873,24.489,-832.500,-143.875,486.438,-1.117,3.676,2.637,-3.469,24.242,28.227,0.536,0.282,1.601,1.403,0,NULL,NULL,,3,0,2,7,255,968,250,0,0
stim,37426,67547,0,67547,3264844.453,-0.493,-0.096,0.235,0.832,2132,0,0,2075,0,562,0,567,54,1.369,1,2097,0,853.648,20.235,-779.125,-172.500,303.188,-2.352,3.434,-1.105,-18.355,-8.516,28.227,0.574,0.336,1.601,1.403,0,NULL,NULL,,3,0,2,7,255,968,250,0,0
stim,37426,67547,0,67547,3264849.455,-0.486,-0.098,0.219,0.840,2339,0,0,2187,0,723,0,614,54,1.369,1,2098,0,446.254,38.326,-397.875,-116.500,165.125,-2.598,1.883,-1.281,-18.355,-33.645,-1.266,0.608,0.380,1.601,1.403,1,1062.000,94.000,,3,0,2,7,255,968,250,0,0
stim,37426,67547,0,67547,3264854.454,-0.487,-0.096,0.212,0.842,2474,0,0,2276,0,901,0,733,54,1.369,1,2098,0,175.367,33.827,-115.063,-131.438,-15.438,-0.871,0.922,0.207,-3.512,-33.645,-2.715,0.640,0.414,1.601,1.403,1,NULL,NULL,,3,0,2,7,255,968,250,0,0
stim,37426,67547,0,67547,3264859.455,-0.487,-0.093,0.208,0.843,2655,0,0,2485,0,1067,0,792,54,1.369,1,2098,0,115.839,10.499,-47.188,-104.688,15.250,0.523,1.379,1.320,-3.512,-9.895,-2.715,0.676,0.444,1.601,1.403,1,NULL,NULL,,3,0,2,7,255,968,250,0,0
stim,37426,67547,0,67547,3264864.453,-0.481,-0.089,0.201,0.849,2783,0,0,2652,0,1161,0,843,54,1.369,1,2098,0,271.552,14.561,-126.563,-138.063,196.625,0.012,1.906,1.281,-14.113,-3.582,3.180,0.714,0.466,1.601,1.403,1,NULL,NULL,,3,0,2,7,255,968,250,0,0
stim,37426,67547,0,67547,3264869.455,-0.469,-0.085,0.188,0.859,2891,0,0,2764,0,1229,0,931,54,1.369,1,2098,0,484.722,14.561,-285.625,-207.625,332.063,-1.980,-0.035,0.820,-14.113,-3.582,3.805,0.746,0.480,1.601,1.403,2,NULL,NULL,,3,0,2,7,255,968,250,0,0
stim,37426,67547,0,67547,3264874.454,-0.464,-0.084,0.170,0.865,2963,0,0,2859,0,1303,0,1041,54,1.369,1,2098,0,430.282,16.021,-360.000,-204.938,116.375,-2.809,-1.258,-0.266,10.832,-11.805,3.805,0.754,0.474,1.601,1.403,2,NULL,NULL,,3,0,2,7,255,968,250,0,0
stim,37426,67547,0,67547,3264879.455,-0.469,-0.080,0.158,0.865,3003,0,0,2933,0,1371,0,1187,54,1.369,1,2098,0,310.643,20.164,-188.500,-216.313,-119.063,-1.699,-0.875,-0.883,16.348,-11.805,-6.207,0.732,0.440,1.601,1.403,2,NULL,NULL,,3,0,2,7,255,968,250,0,0
stim,37452,67573,0,67573,3264884.453,-0.479,-0.072,0.155,0.861,3043,0,0,2985,0,1451,0,1288,54,1.369,1,2098,0,306.492,20.046,39.875,-206.375,-223.063,-0.043,-0.426,0.543,16.348,-11.602,-6.207,0.684,0.386,1.601,1.403,2,NULL,NULL,,3,0,2,7,255,968,250,0,0
stim,37452,67573,0,67573,3264889.455,-0.487,-0.065,0.154,0.857,3068,0,0,3044,0,1523,0,1363,54,1.369,1,2098,0,273.231,5.005,97.438,-180.938,-180.063,1.160,-0.453,1.875,3.656,3.418,-5.367,0.626,0.320,1.601,1.403,2,NULL,NULL,,3,0,2,7,255,968,250,0,0
stim,37452,67573,0,67573,3264894.454,-0.490,-0.058,0.150,0.857,3099,0,0,3083,0,1613,0,1415,54,1.369,1,2098,0,174.920,17.129,7.125,-167.875,-48.625,1.570,-0.953,2.387,0.504,17.121,3.930,0.574,0.254,1.601,1.403,2,NULL,NULL,,3,0,2,7,255,968,250,0,0
stim,37452,67573,0,67573,3264899.455,-0.486,-0.055,0.142,0.860,3108,0,0,3112,0,1690,0,1429,54,1.369,1,2098,0,231.881,23.396,-139.563,-151.313,106.750,1.234,-1.652,1.977,0.504,23.391,3.930,0.538,0.204,1.601,1.403,2,NULL,NULL,,3,0,2,7,255,968,250,0,0
stim,37478,67599,0,67599,3264904.453,-0.479,-0.053,0.133,0.866,3117,0,0,3144,0,1799,0,1431,54,1.369,1,2098,0,320.615,24.642,-201.813,-138.250,207.250,0.270,-1.551,0.859,7.754,23.391,3.309,0.522,0.176,1.601,1.403,2,NULL,NULL,,3,0,2,7,255,968,250,0,0
stim,37478,67599,0,67599,3264909.455,-0.471,-0.050,0.125,0.872,3131,0,0,3171,0,1871,51,1463,54,1.369,1,2098,0,285.758,15.715,-130.063,-139.375,212.875,-0.633,-0.809,0.227,9.969,12.148,-4.527,0.518,0.164,1.601,1.403,2,NULL,NULL,,3,0,2,7,255,968,250,0,0
stim,37478,67599,0,67599,3264914.454,-0.466,-0.044,0.121,0.875,3145,0,0,3167,0,1959,79,1507,54,1.369,1,2098,0,210.113,9.973,-30.625,-149.188,144.750,-0.906,-0.035,0.527,9.969,-0.297,-4.527,0.518,0.158,1.601,1.403,2,NULL,NULL,,3,0,2,7,255,968,250,0,0
stim,37478,67599,0,67599,3264919.455,-0.464,-0.038,0.119,0.877,3153,0,0,3182,0,2039,105,1593,54,1.369,1,2098,0,162.194,7.179,12.250,-149.375,62.000,-0.625,0.473,1.176,5.227,-4.922,-3.160,0.514,0.150,1.601,1.403,2,NULL,NULL,,3,0,2,7,255,968,250,0,0
stim,37478,67599,0,67599,3264924.454,-0.464,-0.033,0.116,0.878,3141,0,0,3187,0,2125,138,1657,54,1.369,1,2098,0,140.122,4.927,-18.438,-138.125,14.688,-0.191,0.477,1.625,-0.234,-4.922,3.152,0.506,0.138,1.601,1.403,2,NULL,NULL,,3,0,2,7,255,968,250,0,0
stim,37478,67599,0,67599,3264929.455,-0.464,-0.029,0.110,0.879,3147,0,0,3187,30,2200,156,1755,54,1.369,1,2098,0,156.709,1.832,-89.625,-127.438,16.875,0.043,0.219,1.543,-1.699,-0.684,5.223,0.494,0.122,1.601,1.403,2,NULL,NULL,,3,0,2,7,255,968,250,0,0
stim,37527,67648,0,67648,3264934.454,-0.463,-0.027,0.102,0.880,3149,0,0,3181,292,2267,233,1873,54,1.369,1,2098,0,175.908,2.755,-129.375,-116.563,24.875,-0.039,-0.141,1.098,-1.699,2.168,5.223,0.476,0.102,1.601,1.403,2,NULL,NULL,,3,0,2,7,255,968,250,0,0
stim,37527,67648,0,67648,3264939.455,-0.463,-0.025,0.097,0.881,3157,0,0,3183,458,2303,300,1989,54,1.369,1,2098,0,140.288,2.851,-98.000,-100.313,3.750,-0.012,-0.473,1.109,1.484,2.434,0.652,0.460,0.084,1.601,1.403,2,NULL,NULL,,3,0,2,7,255,968,250,0,0
stim,37527,67648,0,67648,3264944.453,-0.465,-0.024,0.094,0.880,3155,0,0,3189,726,2341,286,2074,54,1.369,1,2098,0,80.816,4.744,-40.750,-54.375,-43.750,0.281,-0.406,1.398,1.898,4.348,0.652,0.444,0.068,1.601,1.403,2,NULL,NULL,,3,0,2,7,255,968,250,0,0
stim,37527,67648,0,67648,3264949.455,-0.467,-0.023,0.092,0.879,3149,0,0,3189,887,2373,301,2127,54,1.369,1,2098,0,58.179,4.758,-15.125,-40.375,-39.063,0.703,0.500,0.930,1.898,4.363,0.371,0.436,0.058,1.601,1.403,2,NULL,NULL,,3,0,2,7,255,968,250,0,0
stim,37549,67670,0,67670,3264954.453,-0.467,-0.021,0.093,0.879,3149,0,0,3187,1004,2401,324,2186,54,1.369,1,2098,0,51.712,8.677,31.875,-40.000,7.625,0.535,0.590,1.344,-7.500,4.363,2.875,0.434,0.054,1.601,1.403,2,NULL,NULL,,3,0,2,7,255,968,250,0,0
stim,37549,67670,0,67670,3264959.455,-0.465,-0.021,0.091,0.880,3157,0,0,3183,1129,2411,342,2224,54,1.369,1,2098,0,61.988,8.154,-39.438,-23.438,41.688,-0.273,-0.074,1.719,-7.500,3.199,3.184,0.432,0.050,1.601,1.403,2,NULL,NULL,,3,0,2,7,255,968,250,0,0
stim,37549,67670,0,67670,3264964.454,-0.465,-0.022,0.086,0.881,3147,0,0,3186,1197,2430,347,2273,54,1.369,1,2098,0,112.734,2.571,-110.125,-20.063,-13.375,-0.648,0.113,1.059,2.410,0.895,3.184,0.428,0.046,1.601,1.403,2,NULL,NULL,,3,0,2,7,255,968,250,0,0
stim,37549,67670,0,67670,3264969.455,-0.469,-0.023,0.083,0.879,3149,0,0,3186,1303,2445,347,2299,54,1.369,1,2098,0,109.765,4.195,-62.063,-15.563,-89.188,-0.316,0.313,0.586,2.410,-3.434,1.324,0.422,0.038,1.601,1.403,2,NULL,NULL,,3,0,2,7,255,968,250,0,0
stim,37549,67670,0,67670,3264974.454,-0.473,-0.023,0.083,0.877,3153,9,0,3181,1379,2453,358,2319,54,1.369,1,2098,0,113.755,3.529,3.750,-19.188,-112.063,0.160,0.129,0.922,-0.816,-3.434,-0.934,0.420,0.032,1.601,1.403,2,NULL,NULL,,3,0,2,7,255,968,250,0,0
stim,37549,67670,0,67670,3264979.455,-0.476,-0.022,0.082,0.875,3149,22,0,3187,1449,2461,362,2347,54,1.369,1,2098,0,65.407,2.534,-5.250,-12.750,-63.938,0.297,0.020,1.332,-1.691,1.887,-0.934,0.418,0.028,1.601,1.403,2,NULL,NULL,,3,0,2,7,255,968,250,0,0
stim,37549,67670,0,67670,3264984.454,-0.476,-0.023,0.080,0.875,3153,38,0,3176,1546,2464,359,2378,54,1.369,1,2098,0,60.279,2.534,-55.813,-6.938,-21.688,-0.008,0.113,1.270,-1.691,1.887,2.605,0.418,0.024,1.601,1.403,2,NULL,NULL,,3,0,2,7,255,968,250,0,0
stim,37549,67670,0,67670,3264989.455,-0.478,-0.025,0.077,0.875,3154,49,0,3179,1583,2477,355,2397,54,1.369,1,2098,0,79.448,1.386,-72.063,-2.250,-33.375,-0.246,0.203,0.977,-0.852,1.094,2.605,0.414,0.020,1.601,1.403,2,NULL,NULL,,3,0,2,7,255,968,250,0,0
stim,37550,67671,0,67671,3264994.453,-0.480,-0.026,0.075,0.874,3147,51,0,3175,1629,2480,355,2407,54,1.369,1,2098,0,82.019,0.611,-50.813,-1.000,-64.375,-0.160,0.047,0.852,-0.414,-0.449,0.102,0.410,0.012,1.601,1.403,2,NULL,NULL,,3,0,2,7,255,968,250,0,0
stim,37550,67671,0,67671,3264999.455,-0.483,-0.027,0.074,0.872,3145,75,0,3181,1657,2491,357,2422,54,1.369,1,2098,0,72.012,0.585,-26.625,-2.125,-66.875,0.055,-0.094,0.898,0.375,-0.449,-1.238,0.404,0.004,1.601,1.403,2,NULL,NULL,,3,0,2,7,255,968,250,0,0
stim,37571,67692,0,67692,3265004.454,-0.484,-0.027,0.073,0.872,3145,101,0,3179,1691,2493,339,2430,54,1.369,1,2098,0,45.687,2.119,-18.438,-2.063,-41.750,0.090,-0.098,0.988,0.375,2.086,-1.238,0.404,0.000,1.601,1.403,2,NULL,NULL,,3,0,2,7,255,968,250,0,0
stim,37571,67692,0,67692,3265009.455,-0.485,-0.027,0.072,0.871,3141,100,0,3182,1718,2509,333,2431,54,1.369,1,2098,0,29.898,2.099,-19.313,-3.000,-22.625,-0.055,0.016,1.008,0.230,2.086,-0.383,0.000,0.000,1.601,1.403,2,NULL,NULL,,3,0,2,7,255,968,250,0,0
stim,37571,67692,0,67692,3265014.453,-0.486,-0.028,0.071,0.871,3145,99,0,3172,1737,2509,329,2439,54,1.369,1,2098,0,28.875,0.774,-15.938,-1.938,-24.000,-0.164,0.078,1.020,0.027,0.773,0.027,0.000,0.000,1.601,1.403,2,NULL,NULL,,3,0,2,7,255,968,250,0,0
stim,37571,67692,0,67692,3265019.455,-0.487,-0.028,0.071,0.870,3147,95,0,3166,1756,2515,316,2453,54,1.369,1,2098,0,34.111,0.146,-11.500,-1.813,-32.063,-0.125,0.082,1.031,0.023,-0.145,0.324,0.000,0.000,1.601,1.403,2,NULL,NULL,,3,0,2,7,255,968,250,0,0
stim,37593,67714,0,67714,3265024.454,-0.488,-0.028,0.070,0.869,3144,99,38,3164,1780,2515,301,2447,54,1.369,1,2098,0,27.841,0.237,-7.500,-1.813,-26.750,-0.074,0.125,1.066,-0.188,-0.145,0.398,0.000,0.000,1.601,1.403,2,NULL,NULL,,3,0,2,7,255,968,250,0,0
stim,37593,67714,0,67714,3265029.455,-0.489,-0.028,0.070,0.869,3146,109,67,3173,1803,2516,245,2453,54,1.310,1,2098,1,21.947,0.506,-12.813,-1.563,-17.750,-0.098,0.102,1.090,-0.504,0.051,0.703,0.000,0.000,1.552,1.369,2,NULL,NULL,,3,0,2,7,255,968,250,0,0
stim,37624,67745,0,67745,3265034.455,-0.489,-0.028,0.069,0.869,3130,106,77,3164,1815,2520,243,2455,54,1.310,1,2098,1,22.733,0.506,-19.125,-2.000,-12.125,-0.152,0.070,1.043,-0.504,0.051,0.703,0.002,0.002,1.552,1.369,2,NULL,NULL,,3,0,2,7,255,968,250,0,0
stim,37624,67745,0,67745,3265039.455,-0.490,-0.029,0.068,0.869,3127,111,87,3161,1827,2511,234,2469,54,1.310,1,2098,1,23.309,0.328,-19.813,-3.125,-11.875,-0.191,0.004,0.980,0.008,-0.328,0.555,0.002,0.004,1.552,1.369,2,NULL,NULL,,3,0,2,7,255,968,250,0,0
stim,37624,67745,0,67745,3265044.453,-0.490,-0.029,0.068,0.869,3111,117,90,3157,1839,2520,212,2467,54,1.310,1,2098,1,19.806,0.801,-13.625,-4.938,-13.500,-0.168,-0.020,0.941,0.730,-0.328,-0.082,0.004,0.004,1.552,1.369,2,NULL,NULL,,3,0,2,7,255,968,250,0,0
stim,37624,67745,0,67745,3265049.455,-0.491,-0.029,0.067,0.868,3111,117,97,3154,1867,2517,205,2472,54,1.310,1,2098,1,14.196,0.747,-6.750,-6.563,-10.625,-0.148,-0.020,0.969,0.730,-0.156,-0.258,0.004,0.006,1.552,1.369,2,NULL,NULL,,3,0,2,7,255,968,250,0,0
stim,37624,67745,0,67745,3265054.454,-0.491,-0.029,0.067,0.868,3100,115,123,3133,1877,2505,191,2485,54,1.310,1,2098,1,11.963,0.723,-6.375,-7.813,-6.438,-0.152,-0.016,0.988,0.723,-0.012,-0.258,0.004,0.006,1.552,1.369,2,NULL,NULL,,3,0,2,7,255,968,250,0,0
stim,37624,67745,0,67745,3265059.455,-0.491,-0.029,0.066,0.868,3099,115,167,3125,1902,2509,189,2486,54,1.310,1,2098,1,12.152,0.692,-6.688,-9.125,-4.438,-0.168,0.000,0.973,0.691,-0.012,-0.184,0.006,0.006,1.552,1.369,2,NULL,NULL,,3,0,2,7,255,968,250,0,0
stim,37624,67745,0,67745,3265064.453,-0.491,-0.029,0.066,0.868,3091,100,191,3109,1919,2509,190,2493,54,1.310,1,2098,1,12.099,0.733,-4.688,-10.063,-4.813,-0.176,-0.004,0.957,0.691,-0.242,-0.184,0.008,0.006,1.552,1.369,2,NULL,NULL,,3,0,2,7,255,968,250,0,0
stim,37624,67745,0,67745,3265069.455,-0.491,-0.029,0.065,0.868,3081,87,211,3100,1941,2507,189,2509,54,1.310,1,2098,1,12.705,0.703,-1.000,-11.188,-5.938,-0.160,0.008,0.961,0.660,-0.242,-0.301,0.012,0.004,1.552,1.369,2,NULL,NULL,,3,0,2,7,255,968,250,0,0
stim,37624,67745,0,67745,3265074.454,-0.492,-0.028,0.065,0.868,3055,83,237,3081,1947,2507,197,2508,54,1.310,1,2098,1,13.241,0.574,1.938,-12.000,-5.250,-0.133,0.031,0.980,0.523,-0.234,-0.301,0.016,0.004,1.552,1.369,2,NULL,NULL,,3,0,2,7,255,968,250,0,0
stim,37624,67745,0,67745,3265079.455,-0.492,-0.028,0.065,0.868,3053,85,252,3087,1981,2509,197,2521,54,1.310,1,2098,1,12.648,0.323,1.563,-12.188,-3.000,-0.141,0.051,0.996,0.223,-0.234,-0.105,0.020,0.006,1.552,1.369,2,NULL,NULL,,3,0,2,7,255,968,250,0,0
stim,37653,67774,0,67774,3265084.453,-0.492,-0.027,0.065,0.868,3043,89,271,3056,2003,2517,201,2523,54,1.310,1,2098,1,12.664,0.264,0.375,-12.313,-2.938,-0.168,0.074,0.996,0.086,-0.250,0.059,0.024,0.006,1.552,1.369,2,NULL,NULL,,3,0,2,7,255,968,250,0,0
stim,37653,67774,0,67774,3265089.455,-0.492,-0.027,0.065,0.868,3021,93,316,3051,2026,2509,211,2539,54,1.310,1,2098,1,14.520,0.645,0.375,-12.750,-6.938,-0.188,0.098,0.992,0.031,-0.645,0.090,0.028,0.008,1.552,1.369,2,NULL,NULL,,3,0,2,7,255,968,250,0,0
stim,37653,67774,0,67774,3265094.454,-0.493,-0.026,0.064,0.867,3019,107,355,3028,2055,2507,218,2551,54,1.310,1,2098,1,17.199,0.798,-0.063,-13.063,-11.188,-0.172,0.094,0.988,-0.047,-0.797,0.090,0.032,0.012,1.552,1.369,2,NULL,NULL,,3,0,2,7,255,968,250,0,0
stim,37653,67774,0,67774,3265099.455,-0.493,-0.026,0.064,0.867,2998,115,389,3015,2079,2509,225,2571,54,1.310,1,2098,1,18.359,0.805,-0.500,-13.438,-12.500,-0.137,0.098,0.980,-0.113,-0.797,0.031,0.038,0.014,1.552,1.369,2,NULL,NULL,,3,0,2,7,255,968,250,0,0
stim,37675,67796,0,67796,3265104.453,-0.494,-0.025,0.064,0.867,2983,119,447,2991,2124,2521,235,2585,54,1.310,1,2098,1,17.238,0.566,-0.438,-14.500,-9.313,-0.121,0.082,0.977,-0.250,-0.508,-0.059,0.044,0.016,1.552,1.369,2,NULL,NULL,,3,0,2,7,255,968,250,0,0
stim,37675,67796,0,67796,3265109.455,-0.494,-0.025,0.063,0.867,2971,123,559,2983,2153,2518,270,2610,54,1.310,1,2098,1,16.987,0.484,1.000,-16.063,-5.438,-0.141,0.066,0.980,-0.250,-0.414,-0.074,0.046,0.018,1.552,1.369,2,NULL,NULL,,3,0,2,7,255,968,250,0,0
stim,37675,67796,0,67796,3265114.453,-0.494,-0.024,0.063,0.867,2941,135,604,2968,2205,2525,294,2616,54,1.310,1,2098,1,18.384,0.445,3.438,-17.625,-3.938,-0.160,0.098,0.984,-0.164,-0.414,-0.074,0.050,0.018,1.552,1.369,2,NULL,NULL,,3,0,2,7,255,968,250,0,0
stim,37675,67796,0,67796,3265119.456,-0.494,-0.023,0.063,0.867,2915,140,683,2943,2251,2529,325,2636,54,1.310,1,2098,1,19.556,0.768,6.000,-17.875,-5.188,-0.148,0.152,1.000,-0.164,-0.750,-0.020,0.050,0.018,1.552,1.369,2,NULL,NULL,,3,0,2,7,255,968,250,0,0
stim,37675,67796,0,67796,3265124.454,-0.494,-0.022,0.063,0.867,2897,142,732,2925,2296,2527,372,2647,54,1.310,1,2098,1,20.391,1.115,5.500,-18.938,-5.188,-0.145,0.156,1.016,-0.676,-0.887,0.164,0.052,0.018,1.552,1.369,2,NULL,NULL,,3,0,2,7,255,968,250,0,0
stim,37675,67796,0,67796,3265129.455,-0.495,-0.022,0.063,0.867,2871,155,791,2895,2323,2535,409,2664,54,1.310,1,2098,1,19.938,1.115,3.125,-19.125,-4.688,-0.129,0.137,1.020,-0.676,-0.887,0.316,0.054,0.018,1.552,1.369,2,NULL,NULL,,3,0,2,7,255,968,250,0,0
stim,37720,67841,0,67841,3265134.453,-0.495,-0.021,0.063,0.867,2843,159,888,2873,2363,2543,455,2681,54,1.310,1,2098,1,19.853,0.913,2.125,-19.500,-3.063,-0.129,0.109,0.996,-0.613,-0.676,0.316,0.056,0.018,1.552,1.369,2,NULL,NULL,,3,0,2,7,255,968,250,0,0
stim,37720,67841,0,67841,3265139.455,-0.495,-0.020,0.062,0.866,2825,177,981,2847,2403,2543,503,2695,54,1.310,1,2098,1,20.115,0.736,3.875,-19.563,-2.625,-0.145,0.086,0.977,-0.383,-0.629,0.063,0.058,0.020,1.552,1.369,2,NULL,NULL,,3,0,2,7,255,968,250,0,0
stim,37720,67841,0,67841,3265144.454,-0.495,-0.019,0.062,0.866,2797,186,1075,2830,2439,2552,553,2711,54,1.310,1,2098,1,21.845,0.636,7.000,-20.000,-5.313,-0.160,0.078,0.980,-0.098,-0.629,-0.066,0.062,0.024,1.552,1.369,2,NULL,NULL,,3,0,2,7,255,968,250,0,0
stim,37720,67841,0,67841,3265149.455,-0.496,-0.018,0.062,0.866,2759,196,1177,2809,2483,2565,635,2734,54,1.310,1,2098,1,23.958,0.718,9.125,-19.438,-10.625,-0.152,0.094,0.996,-0.098,-0.711,-0.066,0.066,0.028,1.552,1.369,2,NULL,NULL,,3,0,2,7,255,968,250,0,0
stim,37720,67841,0,67841,3265154.453,-0.496,-0.017,0.062,0.866,2727,222,1247,2790,2507,2568,775,2740,54,1.310,1,2098,1,25.428,0.714,8.438,-19.250,-14.313,-0.141,0.086,1.004,-0.063,-0.711,0.078,0.070,0.032,1.552,1.369,2,NULL,NULL,,3,0,2,7,255,968,250,0,0
stim,37720,67841,0,67841,3265159.455,-0.497,-0.017,0.062,0.865,2675,234,1319,2759,2537,2557,871,2751,54,1.310,1,2098,1,25.758,0.585,5.938,-18.813,-16.563,-0.137,0.059,1.004,-0.063,-0.582,0.145,0.074,0.034,1.552,1.369,2,NULL,NULL,,3,0,2,7,255,968,250,0,0
stim,37745,67866,0,67866,3265164.454,-0.498,-0.016,0.062,0.865,2637,234,1453,2746,2579,2577,1023,2776,54,1.310,1,2098,1,26.211,0.544,2.063,-19.000,-17.938,-0.164,0.027,0.992,0.172,-0.516,0.145,0.076,0.036,1.552,1.369,2,NULL,NULL,,3,0,2,7,255,968,250,0,0
stim,37745,67866,0,67866,3265169.455,-0.498,-0.015,0.061,0.865,2586,229,1577,2719,2605,2573,1127,2797,54,1.310,1,2098,1,29.638,0.749,-2.313,-20.000,-21.750,-0.191,0.012,0.977,0.543,-0.516,0.000,0.080,0.038,1.552,1.369,2,NULL,NULL,,3,0,2,7,255,968,250,0,0
stim,37745,67866,0,67866,3265174.454,-0.499,-0.015,0.060,0.864,2523,238,1673,2669,2637,2577,1254,2799,54,1.310,1,2098,1,35.768,1.001,-4.750,-21.500,-28.188,-0.184,-0.012,0.973,0.828,-0.563,-0.125,0.082,0.038,1.552,1.369,2,NULL,NULL,,3,0,2,7,255,968,250,0,0
stim,37745,67866,0,67866,3265179.455,-0.501,-0.014,0.060,0.863,2460,249,1765,2642,2665,2581,1363,2813,54,1.310,1,2098,1,39.978,1.134,-6.500,-22.625,-32.313,-0.145,-0.043,0.969,0.984,-0.563,-0.184,0.086,0.038,1.552,1.369,2,NULL,NULL,,3,0,2,7,255,968,250,0,0
stim,37745,67866,0,67866,3265184.454,-0.502,-0.014,0.059,0.863,2395,253,1834,2607,2699,2584,1480,2831,54,1.310,1,2098,1,39.604,1.066,-7.125,-24.000,-30.688,-0.113,-0.082,0.965,1.063,-0.090,-0.277,0.090,0.038,1.552,1.369,2,NULL,NULL,,3,0,2,7,255,968,250,0,0
stim,37745,67866,0,67866,3265189.455,-0.503,-0.013,0.058,0.862,2325,253,1917,2551,2719,2587,1597,2845,54,1.310,1,2098,1,37.878,1.276,-7.500,-24.875,-27.563,-0.105,-0.090,0.977,1.230,0.336,-0.277,0.092,0.038,1.552,1.369,2,NULL,NULL,,3,0,2,7,255,968,250,0,0
stim,37745,67866,0,67866,3265194.453,-0.504,-0.013,0.057,0.862,2249,251,1979,2504,2747,2599,1695,2860,54,1.310,1,2098,1,37.142,1.276,-8.688,-25.938,-25.125,-0.113,-0.055,0.984,1.230,0.336,-0.242,0.096,0.040,1.552,1.369,2,NULL,NULL,,3,0,2,7,255,968,250,0,0
stim,37745,67866,0,67866,3265199.455,-0.505,-0.012,0.056,0.861,2159,249,2068,2442,2763,2595,1784,2873,54,1.310,1,2098,1,38.475,0.994,-9.250,-27.688,-25.063,-0.117,-0.004,0.980,0.980,0.164,-0.176,0.100,0.040,1.552,1.369,2,NULL,NULL,,3,0,2,7,255,968,250,0,0
stim,37774,67895,0,67895,3265204.453,-0.506,-0.011,0.055,0.861,2069,239,2149,2359,2787,2599,1863,2889,54,1.310,1,2098,1,38.699,0.597,-8.625,-29.563,-23.438,-0.105,0.016,0.977,0.582,-0.133,-0.176,0.102,0.042,1.552,1.369,2,NULL,NULL,,3,0,2,7,255,968,250,0,0
stim,37774,67895,0,67895,3265209.455,-0.507,-0.010,0.054,0.860,1974,230,2202,2261,2808,2603,1961,2900,54,1.310,1,2098,1,37.489,0.597,-6.188,-30.688,-20.625,-0.109,-0.020,0.980,0.582,-0.133,-0.176,0.106,0.042,1.552,1.369,2,NULL,NULL,,3,0,2,7,255,968,250,0,0
stim,37774,67895,0,67895,3265214.454,-0.507,-0.009,0.053,0.860,1849,215,2261,2147,2828,2606,2038,2909,54,1.310,1,2098,1,36.349,0.670,-2.688,-33.000,-15.000,-0.125,-0.055,0.980,0.668,-0.055,-0.176,0.108,0.042,1.552,1.369,2,NULL,NULL,,3,0,2,7,255,968,250,0,0
stim,37774,67895,0,67895,3265219.455,-0.508,-0.008,0.052,0.860,1669,180,2311,2009,2846,2607,2115,2921,54,1.310,1,2098,1,37.783,1.083,-1.125,-35.000,-14.188,-0.148,-0.043,1.035,1.082,-0.055,-0.168,0.110,0.042,1.552,1.369,2,NULL,NULL,,3,0,2,7,255,968,250,0,0
stim,37774,67895,0,67895,3265224.454,-0.509,-0.007,0.051,0.859,1455,168,2357,1897,2867,2612,2197,2941,54,1.310,1,2098,1,41.099,1.114,-6.625,-36.563,-17.563,-0.160,-0.027,1.059,1.082,-0.266,0.391,0.112,0.040,1.552,1.369,2,NULL,NULL,,3,0,2,7,255,968,250,0,0
stim,37774,67895,0,67895,3265229.455,-0.509,-0.006,0.049,0.859,1262,98,2396,1724,2892,2615,2278,2955,54,1.310,1,2098,1,44.402,1.108,-11.313,-38.125,-19.750,-0.133,0.000,1.043,1.027,-0.414,0.469,0.114,0.040,1.552,1.369,2,NULL,NULL,,3,0,2,7,255,968,250,0,0
stim,37820,67941,0,67941,3265234.454,-0.510,-0.005,0.048,0.859,1077,60,2431,1521,2911,2629,2335,2959,54,1.310,1,2098,1,45.629,0.773,-11.688,-39.500,-19.625,-0.117,0.000,1.023,0.652,-0.414,0.469,0.116,0.040,1.552,1.369,2,NULL,NULL,,3,0,2,7,255,968,250,0,0
stim,37820,67941,0,67941,3265239.455,-0.511,-0.003,0.047,0.858,864,3,2463,1307,2917,2612,2392,2964,54,1.310,1,2098,1,45.920,0.732,-10.875,-41.375,-16.688,-0.129,-0.023,1.051,0.652,-0.332,0.469,0.116,0.040,1.552,1.369,2,NULL,NULL,,3,0,2,7,255,968,250,0,0
stim,37820,67941,0,67941,3265244.453,-0.512,-0.002,0.045,0.858,607,0,2495,1055,2931,2607,2449,2973,54,1.310,1,2098,1,48.466,0.932,-13.125,-42.938,-18.250,-0.160,-0.043,1.074,0.871,-0.332,0.535,0.120,0.040,1.552,1.369,2,NULL,NULL,,3,0,2,7,255,968,250,0,0
stim,37820,67941,0,67941,3265249.455,-0.512,-0.001,0.044,0.858,373,0,2521,821,2953,2602,2500,2995,54,1.310,1,2098,1,52.678,1.249,-16.313,-44.688,-22.625,-0.176,-0.027,1.074,1.113,-0.566,0.758,0.124,0.042,1.552,1.369,2,NULL,NULL,,3,0,2,7,255,968,250,0,0
stim,37820,67941,0,67941,3265254.454,-0.513,0.000,0.042,0.857,205,0,2549,565,2967,2606,2553,3000,54,1.310,1,2098,1,55.763,1.369,-14.438,-46.750,-26.750,-0.164,0.023,1.070,1.113,-0.797,0.758,0.128,0.044,1.552,1.369,2,NULL,NULL,,3,0,2,7,255,968,250,0,0
stim,37820,67941,0,67941,3265259.455,-0.515,0.002,0.040,0.856,90,0,2566,373,2973,2583,2586,2997,54,1.310,1,2098,1,60.655,1.111,-12.125,-48.875,-33.813,-0.137,0.043,1.059,0.648,-0.902,0.723,0.130,0.046,1.552,1.369,2,NULL,NULL,,3,0,2,7,255,968,250,0,0
stim,37841,67962,0,67962,3265264.453,-0.516,0.003,0.039,0.856,37,0,2586,227,2985,2569,2630,3004,54,1.310,1,2098,1,65.209,1.087,-11.375,-53.125,-36.063,-0.113,0.000,1.063,0.605,-0.902,0.617,0.132,0.046,1.552,1.369,2,NULL,NULL,,3,0,2,7,255,968,250,0,0
stim,37841,67962,0,67962,3265269.455,-0.518,0.005,0.037,0.855,11,0,2599,127,2995,2552,2664,3007,54,1.310,1,2098,1,75.116,0.803,-10.438,-56.563,-48.313,-0.063,-0.059,1.000,0.605,-0.527,0.613,0.136,0.050,1.552,1.369,2,NULL,NULL,,3,0,2,7,255,968,250,0,0
stim,37841,67962,0,67962,3265274.454,-0.519,0.007,0.036,0.854,0,0,2617,41,3019,2529,2705,3021,54,1.310,1,2098,1,74.444,0.985,10.750,-63.625,-37.125,-0.145,-0.105,1.086,0.887,-0.430,0.617,0.144,0.056,1.552,1.369,2,NULL,NULL,,3,0,2,7,255,968,250,0,0
stim,37841,67962,0,67962,3265279.455,-0.520,0.010,0.035,0.853,0,0,2629,0,3033,2507,2727,3030,54,1.310,1,2098,0,79.650,1.121,28.313,-70.125,-25.000,-0.277,0.055,1.320,1.035,-0.430,0.828,0.156,0.064,1.552,1.369,2,NULL,NULL,,3,0,2,7,255,968,250,0,0
stim,37841,67962,0,67962,3265284.453,-0.522,0.013,0.035,0.852,0,0,2638,0,3043,2473,2750,3032,54,1.310,1,2098,0,87.577,2.463,19.563,-74.563,-41.563,-0.371,0.191,1.441,1.035,-2.234,3.211,0.168,0.074,1.552,1.369,3,NULL,NULL,,3,0,2,7,255,968,250,0,0
stim,37841,67962,0,67962,3265289.455,-0.524,0.017,0.034,0.851,0,0,2647,0,3039,2443,2777,3034,54,1.310,1,2098,0,103.166,3.058,17.688,-81.625,-60.563,-0.281,0.195,1.363,0.340,-3.039,3.652,0.180,0.084,1.552,1.369,3,NULL,NULL,,3,0,2,7,255,968,250,0,0
stim,37865,67986,0,67986,3265294.454,-0.526,0.021,0.033,0.849,0,0,2643,0,3055,2405,2799,3043,54,1.310,1,2098,0,107.711,3.040,25.500,-90.125,-53.188,-0.148,0.246,1.426,-0.070,-3.039,4.273,0.190,0.092,1.552,1.369,3,NULL,NULL,,3,0,2,7,255,968,250,0,0
stim,37865,67986,0,67986,3265299.455,-0.526,0.026,0.033,0.849,0,0,2650,0,3063,2343,2823,3051,54,1.310,1,2098,0,122.233,3.211,63.813,-103.875,-8.875,-0.203,0.410,1.824,-1.035,-3.039,4.273,0.198,0.098,1.552,1.369,3,NULL,NULL,,3,0,2,7,255,968,250,0,0
stim,37865,67986,0,67986,3265304.453,-0.526,0.030,0.031,0.849,0,0,2653,0,3080,2271,2851,3048,54,1.310,1,2098,0,112.587,3.673,5.500,-111.063,17.625,-0.129,0.477,1.824,-1.910,-3.137,8.246,0.206,0.104,1.552,1.369,3,NULL,NULL,,3,0,2,7,255,968,250,0,0
stim,37865,67986,0,67986,3265309.455,-0.526,0.033,0.026,0.850,0,0,2639,0,3065,2197,2857,3037,54,1.310,1,2098,0,126.898,3.673,-65.250,-108.438,9.313,-0.152,0.160,1.441,-1.910,-3.137,8.246,0.214,0.110,1.552,1.369,3,NULL,NULL,,3,0,2,7,255,968,250,0,0
stim,37865,67986,0,67986,3265314.454,-0.525,0.035,0.021,0.850,0,0,2637,0,3076,2119,2872,3036,54,1.310,1,2098,0,133.953,2.133,-63.875,-115.500,22.875,-0.180,-0.016,1.180,-0.043,-2.133,4.320,0.224,0.120,1.552,1.369,3,NULL,NULL,,3,0,2,7,255,968,250,0,0
stim,37865,67986,0,67986,3265319.455,-0.524,0.039,0.017,0.851,0,0,2632,0,3080,1993,2893,3032,54,1.310,1,2098,0,131.992,2.579,-29.375,-124.688,31.813,-0.258,-0.078,1.059,1.449,-2.133,1.656,0.238,0.130,1.552,1.369,3,NULL,NULL,,3,0,2,7,255,968,250,0,0
stim,37898,68019,0,68019,3265324.454,-0.523,0.044,0.014,0.851,0,0,2621,0,3087,1855,2917,3035,54,1.310,1,2098,0,133.942,3.210,0.875,-132.313,20.813,-0.293,-0.055,1.121,2.309,-2.230,0.957,0.252,0.144,1.552,1.369,3,NULL,NULL,,3,0,2,7,255,968,250,0,0
stim,37898,68019,0,68019,3265329.455,-0.522,0.049,0.011,0.851,0,0,2605,0,3093,1699,2925,3031,54,1.310,1,2098,0,139.134,3.594,7.750,-138.688,8.000,-0.254,0.016,1.281,2.309,-2.754,0.957,0.264,0.154,1.552,1.369,3,NULL,NULL,,3,0,2,7,255,968,250,0,0
stim,37924,68045,0,68045,3265334.454,-0.522,0.054,0.008,0.851,0,0,2589,0,3103,1489,2927,3027,54,1.310,1,2098,0,144.608,3.263,2.813,-144.438,6.438,-0.184,0.020,1.309,1.750,-2.754,2.520,0.278,0.166,1.552,1.369,3,NULL,NULL,,3,0,2,7,255,968,250,0,0
stim,37924,68045,0,68045,3265339.455,-0.521,0.060,0.005,0.851,0,0,2568,0,3099,1229,2935,3025,54,1.310,1,2098,0,151.171,2.894,-2.875,-150.500,13.938,-0.152,0.000,1.242,1.523,-2.461,2.520,0.292,0.178,1.552,1.369,3,NULL,NULL,,3,0,2,7,255,968,250,0,0
stim,37924,68045,0,68045,3265344.453,-0.521,0.065,0.001,0.851,0,0,2518,0,3099,969,2940,3017,54,1.310,1,2098,0,157.924,2.654,-10.375,-156.500,18.438,-0.117,0.023,1.230,1.492,-2.195,2.160,0.306,0.190,1.552,1.369,3,NULL,NULL,,3,0,2,7,255,968,250,0,0
stim,37924,68045,0,68045,3265349.455,-0.520,0.070,-0.003,0.851,0,0,2473,0,3107,745,2953,3011,54,1.310,1,2098,0,164.256,2.650,-9.313,-162.625,21.125,-0.156,0.016,1.160,1.484,-2.195,2.039,0.320,0.202,1.552,1.369,3,NULL,NULL,,3,0,2,7,255,968,250,0,0
stim,37924,68045,0,68045,3265354.454,-0.519,0.077,-0.007,0.851,0,0,2400,0,3109,530,2955,2987,54,1.310,1,2098,0,172.163,2.909,2.938,-170.875,20.813,-0.180,0.039,1.176,1.461,-2.516,1.387,0.334,0.214,1.552,1.369,3,NULL,NULL,,3,0,2,7,255,968,250,0,0
stim,37924,68045,0,68045,3265359.455,-0.518,0.084,-0.010,0.851,0,0,2323,0,3101,343,2968,2979,54,1.310,1,2098,0,178.533,3.333,14.938,-177.563,11.063,-0.230,0.133,1.242,1.461,-2.996,1.387,0.348,0.228,1.552,1.369,3,NULL,NULL,,3,0,2,7,255,968,250,0,0
stim,37924,68045,0,68045,3265364.453,-0.518,0.091,-0.014,0.851,0,0,2215,0,3113,206,2965,2963,54,1.310,1,2098,0,185.079,4.212,13.188,-184.563,-4.125,-0.156,0.207,1.367,1.039,-4.082,1.922,0.364,0.242,1.552,1.369,3,NULL,NULL,,3,0,2,7,255,968,250,0,0
stim,37924,68045,0,68045,3265369.455,-0.518,0.098,-0.018,0.850,0,0,2109,0,3097,107,2973,2937,54,1.310,1,2098,0,192.253,4.118,6.875,-192.000,-7.063,-0.141,0.250,1.496,0.320,-4.105,3.191,0.380,0.256,1.552,1.369,3,NULL,NULL,,3,0,2,7,255,968,250,0,0
stim,37924,68045,0,68045,3265374.454,-0.517,0.106,-0.023,0.849,0,0,1975,0,3089,53,2963,2903,54,1.310,1,2098,0,202.302,4.562,-2.625,-202.250,-3.750,-0.219,0.242,1.703,0.320,-4.551,4.438,0.396,0.270,1.552,1.369,3,NULL,NULL,,3,0,2,7,255,968,250,0,0
stim,37924,68045,0,68045,3265379.455,-0.517,0.113,-0.028,0.848,0,0,1833,0,3083,39,2965,2888,54,1.310,1,2098,0,217.515,5.789,-15.813,-216.938,0.875,-0.383,0.184,1.871,0.875,-5.723,6.184,0.414,0.286,1.552,1.369,3,NULL,NULL,,3,0,2,7,255,968,250,0,0
stim,37953,68074,0,68074,3265384.454,-0.516,0.121,-0.035,0.847,0,0,1627,0,3081,26,2969,2839,54,1.310,1,2098,0,237.005,7.817,-31.688,-234.875,1.000,-0.469,0.262,2.047,2.441,-7.426,7.320,0.434,0.304,1.552,1.369,3,NULL,NULL,,3,0,2,7,255,968,250,0,0
stim,37953,68074,0,68074,3265389.455,-0.516,0.130,-0.042,0.846,0,0,1478,0,3063,49,2949,2793,54,1.310,1,2098,0,259.821,9.499,-31.938,-257.750,7.188,-0.527,0.426,2.234,2.441,-9.180,8.641,0.456,0.324,1.552,1.369,3,NULL,NULL,,3,0,2,7,255,968,250,0,0
stim,37953,68075,0,68075,3265394.453,-0.514,0.139,-0.050,0.845,0,0,1380,0,3046,69,2925,2724,54,1.310,1,2098,0,287.496,11.331,-48.938,-282.563,20.438,-0.547,0.605,2.453,1.695,-11.203,10.098,0.486,0.352,1.552,1.369,3,NULL,NULL,,3,0,2,7,255,968,250,0,0
stim,37953,68075,0,68075,3265399.455,-0.513,0.149,-0.060,0.843,0,0,1258,0,3023,83,2901,2665,54,1.310,1,2098,0,317.965,13.195,-81.750,-306.313,24.313,-0.570,0.727,2.480,0.711,-13.176,11.688,0.524,0.388,1.552,1.369,3,NULL,NULL,,3,0,2,7,255,968,250,0,0
stim,37953,68075,0,68075,3265404.454,-0.511,0.158,-0.072,0.842,0,0,1205,0,2997,91,2859,2584,54,1.310,1,2098,0,347.428,14.588,-113.875,-327.438,22.875,-0.613,0.641,2.449,0.711,-14.570,11.688,0.570,0.434,1.552,1.369,3,NULL,NULL,,3,0,2,7,255,968,250,0,0
stim,37953,68075,0,68075,3265409.455,-0.510,0.168,-0.085,0.840,0,0,1145,0,2967,98,2807,2459,54,1.310,1,2098,0,373.032,15.113,-123.375,-350.688,30.813,-0.770,0.555,2.441,0.832,-15.090,10.824,0.624,0.486,1.552,1.369,3,NULL,NULL,,3,0,2,7,255,968,250,0,0
stim,37983,68104,0,68104,3265414.453,-0.508,0.179,-0.097,0.837,0,0,1083,0,2923,103,2747,2328,54,1.310,1,2098,0,393.098,16.668,-115.625,-375.125,20.938,-0.918,0.820,2.648,1.020,-16.637,10.359,0.684,0.544,1.552,1.369,3,NULL,NULL,,3,0,2,7,255,968,250,0,0
stim,37983,68104,0,68104,3265419.455,-0.507,0.191,-0.110,0.833,0,0,1003,0,2877,93,2653,2215,54,1.310,1,2098,0,410.468,20.397,-102.688,-397.063,-16.750,-0.914,0.902,2.949,1.020,-20.371,10.359,0.748,0.610,1.552,1.369,3,NULL,NULL,,3,0,2,7,255,968,250,0,0
stim,37983,68104,0,68104,3265424.454,-0.506,0.204,-0.123,0.829,0,0,933,0,2807,87,2535,2104,54,1.310,1,2098,0,437.592,22.535,-110.250,-422.813,-23.688,-0.836,0.746,3.203,1.020,-22.512,12.297,0.820,0.678,1.552,1.369,3,NULL,NULL,,3,0,2,7,255,968,250,0,0
stim,37983,68104,0,68104,3265429.455,-0.505,0.217,-0.138,0.824,0,0,823,0,2719,74,2393,1957,54,1.310,1,2098,0,473.245,23.223,-148.938,-449.188,-3.063,-0.910,0.582,3.117,2.480,-23.090,12.297,0.896,0.754,1.552,1.369,3,NULL,NULL,,3,0,2,7,255,968,250,0,0
stim,38023,68144,0,68144,3265434.453,-0.503,0.230,-0.155,0.819,0,0,741,0,2620,70,2227,1798,54,1.310,1,2098,0,497.984,23.885,-172.063,-467.313,1.125,-1.063,0.484,2.883,4.141,-23.523,12.055,0.982,0.838,1.552,1.369,3,NULL,NULL,,3,0,2,7,255,968,250,0,0
stim,38023,68144,0,68144,3265439.455,-0.501,0.243,-0.171,0.813,0,0,631,0,2481,22,1989,1637,54,1.310,1,2098,0,505.612,24.072,-157.625,-480.000,-19.938,-1.063,0.297,2.734,5.109,-23.523,8.316,1.076,0.932,1.552,1.369,3,NULL,NULL,,3,0,2,7,255,968,250,0,0
stim,38023,68144,0,68144,3265444.454,-0.499,0.259,-0.186,0.806,0,0,407,0,2298,0,1708,1433,54,1.310,1,2098,0,517.114,24.123,-122.438,-500.625,-42.313,-0.813,-0.113,2.719,6.488,-23.234,6.684,1.180,1.036,1.552,1.369,3,NULL,NULL,,3,0,2,7,255,968,250,0,0
stim,38023,68144,0,68144,3265449.455,-0.496,0.275,-0.200,0.799,0,0,287,0,2035,0,1317,1209,54,1.310,1,2098,0,530.361,22.476,-86.313,-522.625,-26.375,-0.590,-0.414,2.770,9.242,-20.488,6.684,1.292,1.146,1.552,1.369,3,NULL,NULL,,3,0,2,7,255,968,250,0,0
stim,38023,68144,0,68144,3265454.453,-0.492,0.291,-0.216,0.792,0,0,169,0,1747,0,893,1011,54,1.310,1,2098,0,542.010,21.361,-98.625,-532.750,15.000,-0.559,-0.262,2.609,9.785,-18.988,6.684,1.406,1.260,1.552,1.369,3,NULL,NULL,,3,0,2,7,255,968,250,0,0
stim,38023,68144,0,68144,3265459.455,-0.487,0.306,-0.232,0.785,0,0,109,0,1387,0,371,862,54,1.310,1,2098,0,546.090,21.202,-124.125,-531.188,25.438,-0.648,0.027,2.199,9.785,-18.809,5.527,1.520,1.372,1.552,1.369,3,NULL,NULL,,3,0,2,7,255,968,250,0,0
stim,38047,68168,0,68168,3265464.453,-0.480,0.322,-0.248,0.777,0,0,75,0,987,0,72,661,54,1.310,1,2098,0,551.850,19.828,-112.563,-538.313,45.688,-0.746,0.102,1.820,6.703,-18.660,0.855,1.632,1.482,1.552,1.369,3,NULL,NULL,,3,0,2,7,255,968,250,0,0
stim,38047,68168,0,68168,3265469.455,-0.473,0.337,-0.263,0.770,0,0,31,0,456,0,0,496,54,1.310,1,2098,0,551.908,19.366,-81.313,-541.750,67.063,-0.852,0.262,1.781,5.598,-18.539,-3.375,1.738,1.586,1.552,1.369,3,NULL,NULL,,3,0,2,7,255,968,250,0,0
stim,38047,68168,0,68168,3265474.454,-0.462,0.353,-0.278,0.765,0,0,21,0,12,0,0,373,54,1.310,1,2098,0,576.320,19.366,-43.688,-559.750,130.063,-1.336,0.094,1.895,5.598,-18.539,-5.438,1.840,1.684,1.552,1.369,3,NULL,NULL,,3,0,2,7,255,968,250,0,0
stim,38047,68168,0,68168,3265479.455,-0.448,0.369,-0.294,0.759,0,0,3,0,0,0,0,245,54,1.310,1,2098,0,625.417,22.775,-25.875,-590.688,203.875,-1.664,0.039,1.914,8.039,-21.309,-9.348,1.940,1.782,1.552,1.369,3,NULL,NULL,,3,0,2,7,255,968,250,0,0
stim,38047,68168,0,68168,3265484.453,-0.435,0.384,-0.310,0.753,0,0,0,0,0,0,0,171,54,1.310,1,2098,0,605.906,23.100,-75.938,-577.375,167.313,-1.477,0.637,1.633,8.039,-21.656,-12.961,2.042,1.882,1.552,1.369,3,NULL,NULL,,3,0,2,7,255,968,250,0,0
stim,38047,68168,0,68168,3265489.455,-0.429,0.396,-0.327,0.743,0,0,0,0,0,0,0,106,54,1.310,1,2098,0,530.073,21.932,-183.000,-494.750,52.063,-0.820,1.461,1.230,3.465,-21.656,-13.453,2.150,1.988,1.552,1.369,4,NULL,NULL,,3,0,2,7,255,968,250,0,0
stim,38047,68168,0,68168,3265494.454,-0.428,0.401,-0.345,0.733,0,0,0,0,0,0,0,119,54,1.310,1,2098,0,497.364,20.148,-326.813,-373.625,31.125,-0.355,2.246,0.762,-7.141,-18.840,-13.508,2.262,2.098,1.552,1.369,0,NULL,NULL,,3,0,2,7,255,968,250,0,0
stim,38047,68168,0,68168,3265499.455,-0.430,0.400,-0.363,0.723,0,0,0,0,0,0,0,122,54,1.310,1,2098,0,468.708,23.318,-402.938,-233.250,54.063,-0.113,2.012,-0.223,-17.141,-15.809,-13.508,2.374,2.208,1.552,1.369,0,NULL,NULL,,3,0,2,7,255,968,250,0,0
stim,38074,68195,0,68195,3265504.453,-0.428,0.399,-0.372,0.720,0,0,0,0,0,0,0,111,54,1.310,1,2098,0,225.316,17.916,-171.750,-124.625,75.750,-0.422,0.723,-0.145,-17.141,-5.215,-15.523,2.474,2.308,1.552,1.369,0,NULL,NULL,,3,0,2,7,255,968,250,0,0
stim,38074,68195,0,68195,3265509.455,-0.425,0.400,-0.374,0.721,0,0,0,0,0,0,0,117,54,1.310,1,2098,0,87.832,7.699,25.000,-41.188,73.438,-1.051,-0.473,1.141,-5.664,-5.215,-15.523,2.560,2.392,1.552,1.369,0,NULL,NULL,,3,0,2,7,255,968,250,0,0
stim,38074,68195,0,68195,3265514.454,-0.426,0.398,-0.374,0.722,0,0,0,0,0,0,0,105,54,1.310,1,2098,0,60.635,15.411,-37.438,45.000,15.813,-1.469,-0.688,2.090,10.027,-11.703,-13.645,2.628,2.460,1.552,1.369,0,NULL,NULL,,3,0,2,7,255,968,250,0,0
stim,38074,68195,0,68195,3265519.455,-0.433,0.390,-0.378,0.719,0,0,0,0,0,0,0,93,54,1.310,1,2098,0,250.615,20.078,-211.188,128.813,-40.188,-1.266,-0.063,1.539,10.027,-17.395,-13.645,2.686,2.516,1.552,1.369,0,NULL,NULL,,3,0,2,7,255,968,250,0,0
stim,38074,68195,0,68195,3265524.454,-0.442,0.381,-0.381,0.717,0,0,0,0,0,0,0,83,54,1.310,1,2098,0,324.427,18.969,-262.375,181.813,-57.938,-1.008,1.125,0.383,7.566,-17.395,-14.621,2.744,2.572,1.552,1.369,0,NULL,NULL,,3,0,2,7,255,968,250,0,0
stim,38074,68195,1,68195,3265529.455,-0.450,0.371,-0.382,0.717,0,0,0,0,0,0,0,76,54,1.310,1,2098,0,276.866,11.957,-164.750,220.063,-32.938,-0.711,1.258,0.016,-6.531,-10.016,-18.645,2.812,2.638,1.552,1.369,0,NULL,NULL,,3,1,2,7,255,968,250,0,0
stim,38128,68249,1,68249,3265534.454,-0.455,0.362,-0.379,0.720,0,0,0,0,0,0,0,72,54,1.310,1,2098,0,243.774,10.376,-71.438,232.500,16.313,-0.707,0.789,0.375,-6.531,-8.063,-18.645,2.882,2.706,1.552,1.369,0,NULL,NULL,,3,1,2,7,255,968,250,0,0
stim,38128,68249,1,68249,3265539.455,-0.458,0.353,-0.377,0.723,0,0,0,0,0,0,0,69,54,1.310,1,2098,0,256.000,9.241,-62.188,243.563,48.438,-0.848,0.340,0.742,-4.516,-8.063,-15.977,2.942,2.768,1.552,1.369,0,NULL,NULL,,3,1,2,7,255,968,250,0,0
stim,38128,68249,1,68249,3265544.453,-0.463,0.342,-0.376,0.726,0,0,0,0,0,0,0,69,54,1.310,1,2098,0,287.004,10.654,-120.688,256.500,44.875,-0.934,0.359,0.828,0.527,-10.641,-14.527,2.992,2.816,1.552,1.369,0,NULL,NULL,,3,1,2,7,255,968,250,0,0
stim,38128,68249,1,68249,3265549.455,-0.469,0.329,-0.377,0.728,0,0,0,0,0,0,0,73,54,1.310,1,2098,0,317.675,10.654,-173.250,264.500,30.688,-0.746,0.500,0.375,0.527,-10.641,-14.527,3.038,2.860,1.552,1.369,0,NULL,NULL,,3,1,2,7,255,968,250,0,0
stim,38128,68249,1,68249,3265554.454,-0.475,0.317,-0.377,0.729,0,0,0,0,0,0,0,60,54,1.310,1,2098,0,315.211,7.872,-160.000,268.500,40.813,-0.504,0.469,-0.102,-1.797,-7.664,-15.344,3.084,2.904,1.552,1.369,0,NULL,NULL,,3,1,2,7,255,968,250,0,0
stim,38128,68249,1,68249,3265559.455,-0.479,0.305,-0.375,0.733,0,0,0,0,0,0,0,45,54,1.310,1,2098,0,298.192,3.521,-105.750,270.688,66.813,-0.492,0.426,-0.266,-2.410,-2.566,-15.578,3.130,2.948,1.552,1.369,0,NULL,NULL,,3,1,2,7,255,968,250,0,0
stim,38128,68249,1,68249,3265564.453,-0.482,0.294,-0.372,0.737,0,0,0,0,0,0,0,37,54,1.310,1,2098,0,293.374,3.087,-55.875,278.000,75.250,-0.480,0.332,-0.148,-2.410,-1.930,-15.578,3.168,2.984,1.552,1.369,0,NULL,NULL,,3,1,2,7,255,968,250,0,0
stim,38128,68249,1,68249,3265569.455,-0.485,0.283,-0.368,0.741,0,0,0,0,0,0,0,33,54,1.310,1,2098,0,296.539,2.579,-32.313,283.938,79.188,-0.492,0.375,0.035,-1.711,-1.930,-15.254,3.194,3.010,1.552,1.369,0,NULL,NULL,,3,1,2,7,255,968,250,0,0
stim,38128,68249,1,68249,3265574.454,-0.488,0.272,-0.363,0.746,0,0,0,0,0,0,0,37,54,1.310,1,2098,0,304.357,3.987,-21.750,292.625,80.813,-0.445,0.348,0.105,-1.582,-3.660,-14.426,3.212,3.026,1.552,1.369,0,NULL,NULL,,3,1,2,7,255,968,250,0,0
stim,38128,68249,1,68249,3265579.455,-0.490,0.260,-0.358,0.751,0,0,0,0,0,0,0,29,54,1.310,1,2098,0,313.488,4.331,-7.063,299.563,92.125,-0.430,0.305,0.168,-1.582,-4.031,-13.520,3.226,3.040,1.552,1.369,0,NULL,NULL,,3,1,2,7,255,968,250,0,0
stim,38148,68269,1,68269,3265584.453,-0.492,0.249,-0.352,0.756,0,0,0,0,0,0,0,26,54,1.310,1,2098,0,319.853,4.589,8.875,306.875,89.750,-0.453,0.332,0.297,-1.320,-4.395,-12.844,3.240,3.052,1.552,1.369,0,NULL,NULL,,3,1,2,7,255,968,250,0,0
stim,38148,68269,1,68269,3265589.455,-0.494,0.238,-0.345,0.762,0,0,0,0,0,0,0,21,54,1.310,1,2098,0,325.589,5.793,16.750,313.750,85.375,-0.477,0.262,0.406,-1.199,-5.668,-12.223,3.252,3.064,1.552,1.369,0,NULL,NULL,,3,1,2,7,255,968,250,0,0
stim,38148,68269,1,68269,3265594.453,-0.496,0.226,-0.338,0.767,0,0,0,0,0,0,0,3,54,1.310,1,2098,0,332.823,6.609,20.625,322.188,80.875,-0.469,0.309,0.527,-1.086,-6.520,-11.363,3.268,3.076,1.552,1.369,0,NULL,NULL,,3,1,2,7,255,968,250,0,0
stim,38148,68269,1,68269,3265599.455,-0.499,0.215,-0.331,0.772,0,0,0,0,0,0,0,5,54,1.310,1,2098,0,338.690,7.520,22.938,331.000,68.000,-0.496,0.242,0.609,-0.594,-7.496,-10.500,3.286,3.094,1.552,1.369,0,NULL,NULL,,3,1,2,7,255,968,250,0,0
stim,38170,68291,1,68291,3265604.454,-0.502,0.203,-0.323,0.776,0,0,0,0,0,0,0,0,54,1.310,1,2098,0,346.778,8.170,24.625,339.813,64.625,-0.445,0.313,0.715,-1.086,-8.098,-9.727,3.310,3.116,1.552,1.369,0,NULL,NULL,,3,1,2,7,255,968,250,0,0
stim,38170,68291,1,68291,3265609.455,-0.505,0.191,-0.315,0.781,0,0,0,0,0,0,0,0,54,1.310,1,2098,0,354.618,8.751,22.188,349.875,53.375,-0.492,0.277,0.773,-0.918,-8.703,-8.707,3.338,3.142,1.552,1.369,0,NULL,NULL,,3,1,2,7,255,968,250,0,0
stim,38170,68291,1,68291,3265614.453,-0.509,0.179,-0.307,0.784,0,0,0,0,0,0,0,0,54,1.310,1,2098,0,361.111,9.377,20.500,358.000,42.625,-0.449,0.320,0.824,-1.336,-9.281,-8.195,3.372,3.174,1.552,1.369,0,NULL,NULL,,3,1,2,7,255,968,250,0,0
stim,38170,68291,1,68291,3265619.455,-0.513,0.166,-0.298,0.788,0,0,0,0,0,0,0,0,54,1.310,1,2098,0,368.888,9.379,20.625,366.813,33.188,-0.434,0.277,0.820,-1.348,-9.281,-7.461,3.408,3.210,1.552,1.369,0,NULL,NULL,,3,1,2,7,255,968,250,0,0
stim,38195,68317,1,68317,3265624.454,-0.517,0.154,-0.289,0.791,0,0,0,0,0,0,0,4,54,1.310,1,2098,0,374.499,9.148,24.938,373.188,18.938,-0.383,0.242,0.844,-1.359,-9.047,-7.008,3.450,3.250,1.552,1.369,0,NULL,NULL,,3,1,2,7,255,968,250,0,0
stim,38195,68317,1,68317,3265629.455,-0.521,0.142,-0.279,0.794,0,0,0,0,0,0,0,7,54,1.310,1,2098,0,380.072,8.724,26.188,379.000,11.313,-0.258,0.230,0.781,-1.359,-8.617,-6.180,3.494,3.292,1.552,1.369,0,NULL,NULL,,3,1,2,7,255,968,250,0,0
stim,38223,68344,1,68344,3265634.453,-0.526,0.129,-0.269,0.796,0,0,0,0,0,0,0,10,54,1.310,1,2098,0,386.755,7.374,32.063,385.313,9.250,-0.172,0.172,0.652,-1.598,-7.199,-5.977,3.538,3.336,1.552,1.369,0,NULL,NULL,,3,1,2,7,255,968,250,0,0
stim,38223,68344,1,68344,3265639.455,-0.530,0.117,-0.259,0.799,0,0,0,0,0,0,0,9,54,1.310,1,2098,0,390.259,5.724,52.313,386.563,11.625,-0.176,0.156,0.582,-1.598,-5.496,-5.977,3.582,3.378,1.552,1.369,0,NULL,NULL,,3,1,2,7,255,968,250,0,0
stim,38223,68344,1,68344,3265644.454,-0.534,0.105,-0.247,0.802,0,0,0,0,0,0,0,8,54,1.310,1,2098,0,392.380,5.724,79.625,384.063,10.875,-0.211,0.203,0.641,-1.598,-5.496,-6.000,3.624,3.418,1.552,1.369,0,NULL,NULL,,3,1,2,7,255,968,250,0,0
stim,38223,68344,1,68344,3265649.455,-0.538,0.094,-0.234,0.804,0,0,0,0,0,0,0,7,54,1.310,1,2098,0,394.367,5.818,101.625,381.000,6.063,-0.199,0.199,0.754,-1.816,-5.527,-6.000,3.662,3.454,1.552,1.369,0,NULL,NULL,,3,1,2,7,255,968,250,0,0
stim,38223,68344,1,68344,3265654.453,-0.541,0.084,-0.221,0.807,0,0,0,0,0,0,0,7,54,1.310,1,2098,0,393.926,6.178,116.125,376.375,5.875,-0.172,0.184,0.855,-2.039,-5.832,-4.816,3.694,3.486,1.552,1.369,0,NULL,NULL,,3,1,2,7,255,968,250,0,0
stim,38223,68344,1,68344,3265659.455,-0.544,0.074,-0.208,0.809,0,0,0,0,0,0,0,6,54,1.310,1,2098,0,391.991,6.253,127.313,370.625,9.250,-0.164,0.215,0.938,-2.172,-5.863,-3.586,3.726,3.516,1.552,1.369,0,NULL,NULL,,3,1,2,7,255,968,250,0,0
stim,38223,68344,1,68344,3265664.454,-0.547,0.064,-0.194,0.812,0,0,0,0,0,0,0,6,54,1.310,1,2098,0,391.454,6.563,140.500,365.188,11.563,-0.172,0.277,1.023,-2.625,-6.016,-2.758,3.754,3.544,1.552,1.369,0,NULL,NULL,,3,1,2,7,255,968,250,0,0
stim,38223,68344,1,68344,3265669.455,-0.550,0.055,-0.180,0.814,0,0,0,0,0,0,0,7,54,1.310,1,2098,0,391.534,7.128,154.188,359.688,12.250,-0.188,0.305,1.172,-3.273,-6.332,-1.973,3.782,3.570,1.552,1.369,0,NULL,NULL,,3,1,2,7,255,968,250,0,0
stim,38223,68344,1,68344,3265674.454,-0.552,0.046,-0.166,0.816,0,0,0,0,0,0,0,9,54,1.310,1,2098,0,389.867,7.746,158.938,355.875,9.375,-0.195,0.301,1.320,-3.680,-6.816,-0.543,3.810,3.596,1.552,1.369,0,NULL,NULL,,3,1,2,7,255,968,250,0,0
stim,38223,68344,1,68344,3265679.455,-0.555,0.038,-0.152,0.817,0,0,0,0,0,0,0,13,54,1.310,1,2098,0,386.288,7.816,159.438,351.813,5.125,-0.172,0.285,1.414,-3.824,-6.816,1.039,3.836,3.622,1.552,1.369,0,NULL,NULL,,3,1,2,7,255,968,250,0,0
stim,38253,68374,1,68374,3265684.454,-0.557,0.029,-0.138,0.819,0,0,0,0,0,0,0,12,54,1.310,1,2098,0,383.171,7.682,160.438,347.938,4.375,-0.137,0.301,1.492,-3.875,-6.633,2.219,3.864,3.648,1.552,1.369,0,NULL,NULL,,3,1,2,7,255,968,250,0,0
stim,38253,68374,1,68374,3265689.455,-0.559,0.021,-0.124,0.820,0,0,0,0,0,0,0,23,54,1.310,1,2098,0,380.233,7.496,163.125,343.375,7.813,-0.137,0.324,1.605,-4.242,-6.180,3.234,3.890,3.674,1.552,1.369,0,NULL,NULL,,3,1,2,7,255,968,250,0,0
stim,38253,68374,1,68374,3265694.453,-0.560,0.013,-0.110,0.821,0,0,0,0,0,0,0,31,54,1.310,1,2098,0,376.878,7.590,162.375,340.000,8.438,-0.145,0.340,1.715,-4.582,-6.051,4.438,3.918,3.700,1.552,1.369,0,NULL,NULL,,3,1,2,7,255,968,250,0,0
stim,38253,68374,1,68374,3265699.455,-0.562,0.004,-0.096,0.822,0,0,0,0,0,0,0,37,54,1.310,1,2098,0,371.840,7.664,157.500,336.750,7.625,-0.152,0.344,1.809,-4.832,-5.949,5.637,3.946,3.728,1.552,1.369,0,NULL,NULL,,3,1,2,7,255,968,250,0,0
stim,38253,68374,1,68374,3265704.454,-0.563,-0.004,-0.082,0.822,0,0,0,0,0,0,0,39,54,1.310,1,2098,0,366.098,7.483,151.813,333.063,7.063,-0.141,0.336,1.863,-4.922,-5.637,6.711,3.974,3.754,1.552,1.369,0,NULL,NULL,,3,1,2,7,255,968,250,0,0
stim,38253,68374,1,68374,3265709.455,-0.565,-0.012,-0.069,0.822,0,0,0,0,0,0,0,36,54,1.310,1,2098,0,360.746,7.066,147.500,329.125,7.625,-0.129,0.316,1.883,-4.922,-5.070,7.453,4.002,3.780,1.552,1.369,0,NULL,NULL,,3,1,2,7,255,968,250,0,0
stim,38283,68404,1,68404,3265714.453,-0.566,-0.020,-0.055,0.823,0,0,0,0,0,0,0,36,54,1.310,1,2098,0,357.567,6.486,149.125,324.875,8.500,-0.125,0.277,1.891,-4.813,-4.348,7.824,4.030,3.808,1.552,1.369,0,NULL,NULL,,3,1,2,7,255,968,250,0,0
stim,38283,68404,1,68404,3265719.455,-0.567,-0.028,-0.042,0.823,0,0,0,0,0,0,0,31,54,1.310,1,2098,0,357.937,5.735,157.688,321.250,7.188,-0.125,0.250,1.934,-4.453,-3.613,8.094,4.058,3.834,1.552,1.369,0,NULL,NULL,,3,1,2,7,255,968,250,0,0
stim,38283,68404,1,68404,3265724.454,-0.568,-0.035,-0.027,0.822,0,0,0,0,0,0,0,37,54,1.310,1,2098,0,361.187,5.173,169.500,318.938,2.188,-0.109,0.219,2.016,-4.230,-2.977,8.660,4.084,3.860,1.552,1.369,0,NULL,NULL,,3,1,2,7,255,968,250,0,0
stim,38283,68404,1,68404,3265729.455,-0.569,-0.042,-0.013,0.822,0,0,0,0,0,0,0,35,54,1.310,1,2098,0,365.446,4.570,179.063,318.563,-2.375,-0.074,0.156,2.105,-4.027,-2.160,9.602,4.110,3.884,1.552,1.369,0,NULL,NULL,,3,1,2,7,255,968,250,0,0
stim,38320,68441,1,68441,3265734.454,-0.570,-0.048,0.002,0.821,0,0,0,0,0,0,0,43,54,1.310,1,2098,0,368.855,3.716,184.688,319.250,-4.875,-0.008,0.098,2.133,-3.590,-0.961,10.570,4.132,3.906,1.552,1.369,0,NULL,NULL,,3,1,2,7,255,968,250,0,0
stim,38320,68441,1,68441,3265739.455,-0.570,-0.055,0.017,0.819,0,0,0,0,0,0,0,42,54,1.310,1,2098,0,373.395,3.251,193.500,319.313,-4.625,0.086,0.008,2.074,-3.207,0.535,10.570,4.154,3.924,1.552,1.369,0,NULL,NULL,,3,1,2,7,255,968,250,0,0
stim,38320,68441,1,68441,3265744.453,-0.571,-0.060,0.032,0.818,0,0,0,0,0,0,0,51,54,1.310,1,2098,0,383.336,3.384,214.875,317.438,-2.938,0.215,-0.094,2.008,-2.488,2.293,10.266,4.172,3.942,1.552,1.369,0,NULL,NULL,,3,1,2,7,255,968,250,0,0
stim,38320,68441,1,68441,3265749.455,-0.572,-0.065,0.049,0.816,0,0,0,0,0,0,0,56,54,1.310,1,2098,0,400.998,4.750,248.688,314.563,-2.125,0.406,-0.164,2.016,-1.754,4.414,9.406,4.184,3.952,1.552,1.369,0,NULL,NULL,,3,1,2,7,255,968,250,0,0
stim,38347,68468,1,68468,3265754.454,-0.572,-0.069,0.067,0.815,0,0,0,0,0,0,0,55,54,1.310,1,2098,0,424.204,7.254,287.750,311.688,-0.313,0.629,-0.191,2.109,-1.754,7.039,9.332,4.194,3.960,1.552,1.369,0,NULL,NULL,,3,1,2,7,255,968,250,0,0
stim,38347,68468,1,68468,3265759.455,-0.572,-0.072,0.086,0.812,0,0,0,0,0,0,0,61,54,1.310,1,2098,0,446.816,10.109,322.938,308.750,5.438,0.828,-0.191,2.266,-1.793,9.949,9.332,4.196,3.962,1.552,1.369,0,NULL,NULL,,3,1,2,7,255,968,250,0,0
stim,38347,68468,1,68468,3265764.453,-0.572,-0.074,0.106,0.810,0,0,0,0,0,0,0,61,54,1.310,1,2098,0,466.606,12.902,352.563,305.313,14.313,0.980,-0.172,2.453,-2.121,12.727,10.063,4.192,3.956,1.552,1.369,0,NULL,NULL,,3,1,2,7,255,968,250,0,0
stim,38347,68468,1,68468,3265769.455,-0.571,-0.075,0.127,0.807,0,0,0,0,0,0,0,61,54,1.310,1,2098,0,484.198,15.361,378.313,301.500,20.625,1.090,-0.141,2.676,-2.426,15.168,11.066,4.178,3.940,1.552,1.369,0,NULL,NULL,,3,1,2,7,255,968,250,0,0
stim,38347,68468,1,68468,3265774.454,-0.570,-0.076,0.148,0.804,0,0,0,0,0,0,0,69,54,1.310,1,2098,0,494.912,17.590,393.438,299.563,20.188,1.152,-0.121,2.934,-2.426,17.422,12.398,4.152,3.912,1.552,1.369,0,NULL,NULL,,3,1,2,7,255,968,250,0,0
stim,38347,68468,0,68468,3265779.455,-0.569,-0.077,0.169,0.801,0,0,0,0,0,0,0,60,54,1.310,1,2098,0,492.476,19.654,391.750,298.063,14.938,1.172,-0.070,3.215,-2.324,19.516,14.043,4.114,3.872,1.552,1.369,0,NULL,NULL,,3,0,2,7,255,966,250,0,0
stim,38347,68468,0,68468,3265784.453,-0.568,-0.078,0.189,0.797,0,0,0,0,0,0,0,71,54,1.310,1,2098,0,469.712,21.493,365.438,295.063,4.813,1.203,0.035,3.449,-2.324,21.367,15.957,4.060,3.816,1.552,1.369,0,NULL,NULL,,3,0,2,7,255,966,250,0,0
stim,38347,68468,0,68468,3265789.455,-0.568,-0.080,0.208,0.793,0,0,0,0,0,0,0,73,54,1.310,1,2098,0,435.177,23.224,325.125,289.063,-10.750,1.371,0.195,3.617,-2.379,23.102,17.430,3.994,3.748,1.552,1.369,0,NULL,NULL,,3,0,2,7,255,966,250,0,0
stim,38347,68468,0,68468,3265794.454,-0.567,-0.083,0.224,0.788,0,0,0,0,0,0,0,98,54,1.310,1,2098,0,393.074,25.936,272.250,282.000,-29.375,1.734,0.262,3.625,-3.691,25.672,17.430,3.914,3.668,1.552,1.369,0,NULL,NULL,,3,0,2,7,255,966,250,0,0
stim,38347,68468,0,68468,3265799.455,-0.567,-0.088,0.238,0.784,0,0,0,0,0,0,0,135,54,1.310,1,2098,0,347.624,29.782,211.250,273.813,-35.250,2.141,0.066,3.422,-4.441,29.449,15.957,3.822,3.574,1.552,1.369,0,NULL,NULL,,3,0,2,7,255,966,250,0,0
stim,38374,68495,0,68495,3265804.453,-0.566,-0.094,0.249,0.780,0,0,0,0,0,0,0,157,54,1.310,1,2098,0,304.042,33.441,152.563,262.063,-22.125,2.480,-0.242,3.012,-4.441,33.145,11.262,3.718,3.468,1.552,1.369,0,NULL,NULL,,3,0,2,7,255,966,250,0,0
stim,38374,68495,0,68495,3265809.455,-0.564,-0.099,0.259,0.778,0,0,0,0,0,0,0,209,54,1.310,1,2098,0,271.614,35.396,111.875,247.438,-5.750,2.762,-0.441,2.484,-3.035,35.266,4.734,3.602,3.350,1.552,1.369,0,NULL,NULL,,3,0,2,7,255,966,250,0,0
stim,38374,68495,0,68495,3265814.454,-0.562,-0.105,0.268,0.775,0,0,0,0,0,0,0,253,54,1.310,1,2098,0,250.317,35.851,98.750,230.000,2.625,3.094,-0.516,1.984,-3.035,35.723,-2.270,3.470,3.218,1.552,1.369,0,NULL,NULL,,3,0,2,7,255,966,250,0,0
stim,38374,68495,0,68495,3265819.455,-0.560,-0.109,0.277,0.773,0,0,0,0,0,0,0,311,54,1.310,1,2098,0,237.579,36.326,107.875,211.563,6.938,3.516,-0.625,1.578,-3.781,36.129,-8.879,3.326,3.072,1.552,1.369,0,NULL,NULL,,3,0,2,7,255,966,250,0,0
stim,38374,68495,0,68495,3265824.454,-0.558,-0.112,0.286,0.771,0,0,0,0,0,0,0,349,54,1.310,1,2098,0,232.031,37.736,129.375,191.813,17.563,3.938,-0.914,1.289,-3.887,37.535,-15.203,3.168,2.914,1.552,1.369,0,NULL,NULL,,3,0,2,7,255,966,250,0,0
stim,38374,68495,0,68495,3265829.455,-0.555,-0.114,0.296,0.769,0,0,0,0,0,0,0,356,54,1.310,1,2098,0,236.483,39.975,160.188,167.688,46.313,4.219,-1.395,1.121,-3.887,39.785,-21.094,3.004,2.748,1.552,1.369,0,NULL,NULL,,3,0,2,7,255,966,250,0,0
stim,38431,68552,0,68552,3265834.454,-0.551,-0.112,0.306,0.768,0,0,0,0,0,0,0,359,54,1.310,1,2098,0,258.574,41.884,200.813,138.188,86.250,4.227,-1.754,1.090,-0.891,41.875,-25.914,2.830,2.574,1.552,1.369,0,NULL,NULL,,3,0,2,7,255,966,250,0,0
stim,38431,68552,0,68552,3265839.455,-0.548,-0.109,0.318,0.766,0,0,0,0,0,0,0,357,54,1.310,1,2098,0,294.498,41.923,254.500,105.250,104.313,3.926,-1.773,1.316,2.004,41.875,-25.914,2.648,2.392,1.552,1.369,0,NULL,NULL,,3,0,2,7,255,966,250,0,0
stim,38431,68552,0,68552,3265844.453,-0.544,-0.102,0.330,0.765,0,0,0,0,0,0,0,361,54,1.310,1,2098,0,317.492,42.410,286.625,62.938,121.188,3.832,-2.156,1.914,3.297,42.281,-25.477,2.458,2.202,1.552,1.369,0,NULL,NULL,,3,0,2,7,255,966,250,0,0
stim,38431,68552,0,68552,3265849.455,-0.541,-0.094,0.339,0.764,0,0,0,0,0,0,0,357,54,1.310,1,2098,0,289.747,44.135,251.688,-5.688,143.438,2.965,-0.844,3.355,3.297,44.012,-22.469,2.262,2.006,1.552,1.369,0,NULL,NULL,,3,0,2,7,255,966,250,0,0
stim,38431,68552,0,68552,3265854.454,-0.538,-0.089,0.343,0.765,0,0,0,0,0,0,0,333,54,1.310,1,2098,0,172.883,44.681,128.188,-21.125,114.063,3.000,-0.949,3.625,3.508,44.543,-2.742,2.060,1.804,1.552,1.369,0,NULL,NULL,,3,0,2,7,255,966,250,0,0
stim,38431,68552,0,68552,3265859.455,-0.534,-0.083,0.344,0.768,0,0,0,0,0,0,0,309,54,1.310,1,2098,0,173.178,44.151,66.813,-66.688,145.188,2.438,-1.227,3.254,3.508,44.012,-2.336,1.856,1.596,1.552,1.369,0,NULL,NULL,,3,0,2,7,255,966,250,0,0
stim,38431,68552,0,68552,3265864.453,-0.532,-0.078,0.343,0.770,0,0,0,0,0,0,0,390,54,1.310,1,2098,0,139.282,40.838,19.688,-100.875,94.000,1.254,-0.602,3.344,7.020,40.230,-1.391,1.654,1.392,1.552,1.369,0,NULL,NULL,,3,0,2,7,255,966,250,0,0
stim,38431,68552,0,68552,3265869.455,-0.528,-0.060,0.349,0.772,250,0,0,669,0,26,0,441,54,1.310,1,2098,0,454.981,35.316,310.563,-222.875,246.750,0.059,-0.336,5.723,7.348,34.543,6.840,1.454,1.186,1.552,1.369,0,NULL,NULL,,3,0,2,7,255,966,250,0,0
stim,38431,68552,0,68552,3265874.454,-0.517,-0.046,0.345,0.782,905,0,0,1295,0,201,0,491,54,1.310,1,2098,0,471.150,35.249,-1.938,-233.438,409.250,-0.402,2.086,7.723,7.020,34.543,31.262,1.256,0.984,1.552,1.369,0,NULL,NULL,,3,0,2,7,255,966,250,0,0
stim,38431,68552,0,68552,3265879.455,-0.505,-0.059,0.308,0.804,1477,0,0,1724,0,434,0,566,54,1.310,1,2098,0,1061.329,34.764,-998.563,-138.688,331.750,-1.246,3.512,3.262,3.918,34.543,35.410,1.062,0.784,1.552,1.369,0,NULL,NULL,,3,0,2,7,255,966,250,0,0
stim,38449,68570,0,68570,3265884.453,-0.497,-0.074,0.268,0.822,1911,0,0,1931,0,559,0,599,54,1.310,1,2099,0,1085.850,17.773,-1057.813,-160.938,184.938,-1.977,3.699,-1.184,-17.520,-2.988,35.410,0.878,0.592,1.552,1.369,1,1023.000,57.000,,3,0,2,7,255,966,250,0,0
stim,38449,68570,0,68570,3265889.455,-0.494,-0.083,0.244,0.830,2162,0,0,2058,0,803,0,653,54,1.310,1,2099,0,627.199,38.833,-615.563,-108.938,50.938,-2.582,1.984,-2.348,-17.520,-34.656,0.141,0.708,0.412,1.552,1.369,1,NULL,NULL,,3,0,2,7,255,966,250,0,0
stim,38449,68570,0,68570,3265894.454,-0.498,-0.084,0.231,0.831,2330,0,0,2143,0,941,0,749,54,1.310,1,2099,0,306.206,35.175,-246.938,-144.438,-109.188,-1.164,0.184,-0.883,-6.020,-34.656,-12.770,0.560,0.252,1.552,1.369,1,NULL,NULL,,3,0,2,7,255,966,250,0,0
stim,38449,68570,0,68570,3265899.455,-0.503,-0.082,0.225,0.831,2460,0,0,2221,0,1113,0,808,54,1.310,1,2099,0,180.707,14.292,-92.375,-124.250,-93.188,0.363,0.313,1.055,-3.855,-13.762,-12.770,0.450,0.136,1.552,1.369,1,NULL,NULL,,3,0,2,7,255,966,250,0,0
stim,38471,68592,0,68592,3265904.453,-0.502,-0.080,0.217,0.833,2615,0,0,2403,0,1259,0,871,54,1.310,1,2099,0,192.158,5.480,-133.438,-132.750,38.688,0.711,1.742,1.297,-3.855,3.895,-1.070,0.396,0.094,1.552,1.369,1,NULL,NULL,,3,0,2,7,255,966,250,0,0
stim,38471,68592,0,68592,3265909.455,-0.498,-0.079,0.207,0.838,2764,0,0,2599,0,1311,0,943,54,1.310,1,2099,0,270.885,11.129,-202.125,-137.188,117.063,-0.395,1.512,1.379,-10.426,3.895,3.539,0.402,0.124,1.552,1.369,2,NULL,NULL,,3,0,2,7,255,966,250,0,0
stim,38471,68592,0,68592,3265914.453,-0.492,-0.078,0.192,0.845,2855,0,0,2725,0,1352,0,1048,54,1.310,1,2099,0,405.337,11.150,-327.375,-178.500,158.938,-2.074,-0.840,0.715,-10.426,-3.953,3.539,0.442,0.184,1.552,1.369,2,NULL,NULL,,3,0,2,7,255,966,250,0,0
stim,38471,68592,0,68592,3265919.455,-0.493,-0.079,0.175,0.849,2949,0,0,2831,0,1389,0,1167,54,1.310,1,2099,0,407.441,20.087,-366.125,-177.500,-21.313,-2.203,-1.645,-0.160,17.477,-9.902,1.375,0.486,0.246,1.552,1.369,2,NULL,NULL,,3,0,2,7,255,966,250,0,0
stim,38496,68617,0,68617,3265924.454,-0.501,-0.077,0.163,0.847,2984,0,0,2919,0,1420,0,1263,54,1.310,1,2099,0,326.758,20.087,-190.938,-188.313,-186.688,-1.051,-1.254,-0.664,17.477,-9.902,-7.691,0.528,0.304,1.552,1.369,2,NULL,NULL,,3,0,2,7,255,966,250,0,0
stim,38496,68617,0,68617,3265929.455,-0.509,-0.072,0.158,0.843,3041,0,0,2985,0,1445,0,1324,54,1.310,1,2099,0,274.759,16.435,3.563,-189.875,-198.563,0.320,-0.953,0.379,15.617,-5.121,-8.734,0.568,0.354,1.552,1.369,2,NULL,NULL,,3,0,2,7,255,966,250,0,0
stim,38524,68645,0,68645,3265934.453,-0.514,-0.064,0.156,0.841,3061,0,0,3036,0,1469,0,1355,54,1.310,1,2099,0,211.767,10.574,58.750,-172.813,-107.375,1.055,-1.328,1.695,7.043,7.887,-8.734,0.614,0.390,1.552,1.369,2,NULL,NULL,,3,0,2,7,255,966,250,0,0
stim,38524,68645,0,68645,3265939.455,-0.515,-0.059,0.151,0.842,3077,0,0,3080,0,1505,0,1353,54,1.310,1,2099,0,170.989,20.777,-29.500,-168.188,8.938,1.254,-1.645,2.160,7.043,19.547,1.000,0.660,0.418,1.552,1.369,2,NULL,NULL,,3,0,2,7,255,966,250,0,0
stim,38524,68645,0,68645,3265944.454,-0.510,-0.056,0.142,0.846,3097,0,0,3116,0,1589,0,1331,54,1.310,1,2099,0,258.388,21.301,-157.500,-154.438,134.563,0.938,-1.453,1.668,8.465,19.547,1.445,0.696,0.436,1.552,1.369,2,NULL,NULL,,3,0,2,7,255,966,250,0,0
stim,38524,68645,0,68645,3265949.455,-0.502,-0.054,0.132,0.853,3109,0,0,3133,0,1689,5,1352,54,1.310,1,2099,0,322.674,20.579,-196.063,-145.000,211.313,0.133,-0.969,0.785,8.465,18.758,1.445,0.704,0.432,1.552,1.369,2,NULL,NULL,,3,0,2,7,255,966,250,0,0
stim,38524,68645,0,68645,3265954.453,-0.495,-0.051,0.125,0.859,3119,0,0,3164,0,1804,37,1399,54,1.310,1,2099,0,296.210,10.737,-141.375,-145.250,216.000,-0.570,-0.547,0.406,7.664,7.520,-4.051,0.678,0.398,1.552,1.369,2,NULL,NULL,,3,0,2,7,255,966,250,0,0
stim,38524,68645,0,68645,3265959.455,-0.489,-0.046,0.119,0.863,3124,0,0,3178,0,1901,70,1464,54,1.310,1,2099,0,227.233,7.466,-71.938,-148.938,155.813,-0.809,-0.063,0.715,7.379,-1.137,-4.051,0.622,0.338,1.552,1.369,2,NULL,NULL,,3,0,2,7,255,966,250,0,0
stim,38524,68645,0,68645,3265964.454,-0.487,-0.041,0.115,0.865,3126,0,0,3177,0,2005,90,1555,54,1.310,1,2099,0,172.217,6.577,-39.750,-148.438,77.750,-0.652,0.559,1.098,4.598,-4.703,-1.539,0.560,0.262,1.552,1.369,2,NULL,NULL,,3,0,2,7,255,966,250,0,0
stim,38524,68645,0,68645,3265969.455,-0.487,-0.036,0.110,0.866,3127,0,0,3183,5,2091,117,1627,54,1.310,1,2099,0,146.601,4.867,-40.000,-140.688,9.938,-0.379,0.645,1.348,-1.254,-4.703,2.551,0.512,0.198,1.552,1.369,2,NULL,NULL,,3,0,2,7,255,966,250,0,0
stim,38524,68645,0,68645,3265974.454,-0.488,-0.033,0.104,0.866,3135,0,0,3179,228,2202,165,1811,54,1.310,1,2099,0,157.303,3.787,-85.250,-131.250,-15.813,-0.078,0.219,1.500,-1.262,-3.570,4.531,0.494,0.162,1.552,1.369,2,NULL,NULL,,3,0,2,7,255,966,250,0,0
stim,38524,68645,0,68645,3265979.455,-0.489,-0.031,0.097,0.867,3143,0,0,3187,477,2259,317,1971,54,1.310,1,2099,0,176.214,1.677,-127.500,-120.813,-14.125,0.090,-0.262,1.344,-1.262,1.105,4.531,0.494,0.152,1.552,1.369,2,NULL,NULL,,3,0,2,7,255,966,250,0,0
stim,38554,68675,0,68675,3265984.454,-0.490,-0.030,0.092,0.866,3128,0,0,3187,785,2312,297,2073,54,1.310,1,2099,0,126.819,4.760,-92.313,-75.688,-42.813,0.223,-0.461,1.617,1.828,4.395,4.961,0.498,0.150,1.552,1.369,2,NULL,NULL,,3,0,2,7,255,966,250,0,0
stim,38554,68675,0,68675,3265989.455,-0.493,-0.031,0.087,0.865,3142,0,0,3182,983,2340,299,2135,54,1.310,1,2099,0,115.871,7.061,-83.250,-41.125,-69.313,0.652,0.039,1.086,1.828,6.820,2.715,0.500,0.148,1.552,1.369,2,NULL,NULL,,3,0,2,7,255,966,250,0,0
stim,38554,68675,0,68675,3265994.453,-0.494,-0.030,0.086,0.865,3145,0,0,3191,1149,2375,320,2195,54,1.310,1,2099,0,51.255,7.729,-5.500,-39.250,-32.500,0.844,0.695,0.887,-3.637,6.820,-0.191,0.496,0.142,1.552,1.369,2,NULL,NULL,,3,0,2,7,255,966,250,0,0
stim,38554,68675,0,68675,3265999.455,-0.493,-0.028,0.086,0.865,3141,9,0,3184,1255,2395,332,2249,54,1.310,1,2099,0,35.707,6.148,1.438,-26.625,23.750,0.125,0.063,1.621,-3.637,4.957,-0.191,0.490,0.134,1.552,1.369,2,NULL,NULL,,3,0,2,7,255,966,250,0,0
stim,38554,68675,0,68675,3266004.454,-0.493,-0.030,0.082,0.866,3131,21,0,3195,1353,2415,332,2293,54,1.310,1,2099,0,98.924,3.417,-96.563,-18.813,10.375,-0.570,-0.160,1.453,-1.090,3.238,4.879,0.482,0.122,1.552,1.369,2,NULL,NULL,,3,0,2,7,255,966,250,0,0
stim,38554,68675,0,68675,3266009.455,-0.495,-0.032,0.077,0.865,3129,30,0,3187,1440,2430,328,2329,54,1.310,1,2099,0,126.328,2.056,-105.063,-11.563,-69.188,-0.516,0.168,0.711,1.000,-1.797,4.879,0.466,0.106,1.552,1.369,2,NULL,NULL,,3,0,2,7,255,966,250,0,0
stim,38585,68706,0,68706,3266014.453,-0.500,-0.032,0.075,0.862,3130,53,0,3179,1553,2439,339,2345,54,1.310,1,2099,0,116.846,2.056,-36.000,-14.688,-110.188,0.020,0.082,0.664,1.000,-1.797,-2.121,0.448,0.086,1.552,1.369,2,NULL,NULL,,3,0,2,7,255,966,250,0,0
stim,38585,68706,0,68706,3266019.455,-0.503,-0.032,0.075,0.861,3125,55,0,3187,1596,2450,343,2387,54,1.310,1,2099,0,80.635,1.181,-7.313,-10.875,-79.563,0.238,-0.270,1.047,0.977,0.664,-2.121,0.430,0.066,1.552,1.369,2,NULL,NULL,,3,0,2,7,255,966,250,0,0
stim,38585,68706,0,68706,3266024.454,-0.504,-0.032,0.073,0.860,3127,88,0,3180,1671,2461,331,2406,54,1.310,1,2099,0,47.927,3.943,-34.438,-9.750,-31.875,0.125,-0.250,1.172,0.977,3.820,-0.156,0.420,0.054,1.552,1.369,2,NULL,NULL,,3,0,2,7,255,966,250,0,0
stim,38585,68706,0,68706,3266029.455,-0.504,-0.033,0.071,0.860,3131,108,0,3187,1711,2469,331,2426,54,1.310,1,2099,0,58.102,3.943,-55.813,-5.313,-15.250,-0.129,0.016,0.992,0.977,3.820,-0.004,0.418,0.050,1.552,1.369,2,NULL,NULL,,3,0,2,7,255,966,250,0,0
stim,38624,68745,0,68745,3266034.454,-0.506,-0.034,0.069,0.859,3132,109,0,3187,1756,2474,331,2431,54,1.310,1,2099,0,59.132,0.288,-41.125,-3.875,-42.313,-0.277,0.121,0.863,0.258,0.129,-0.004,0.418,0.048,1.552,1.369,2,NULL,NULL,,3,0,2,7,255,966,250,0,0
stim,38624,68745,0,68745,3266039.455,-0.508,-0.035,0.068,0.858,3129,123,0,3183,1785,2486,315,2455,54,1.310,1,2099,0,68.696,0.139,-19.000,-5.188,-65.813,-0.090,0.047,0.973,0.051,0.129,-0.250,0.414,0.042,1.552,1.369,2,NULL,NULL,,3,0,2,7,255,966,250,0,0
stim,38624,68745,0,68745,3266044.453,-0.510,-0.035,0.067,0.857,3127,148,18,3181,1813,2495,301,2467,54,1.310,1,2099,0,57.951,0.320,-14.250,-3.500,-56.063,0.039,-0.035,1.051,-0.152,0.281,-0.250,0.408,0.034,1.552,1.369,2,NULL,NULL,,3,0,2,7,255,966,250,0,0
stim,38624,68745,0,68745,3266049.455,-0.512,-0.035,0.066,0.856,3129,143,47,3188,1845,2505,291,2477,54,1.310,1,2099,0,38.962,1.862,-18.375,-1.750,-34.313,0.055,-0.020,1.059,-0.230,1.848,0.313,0.404,0.028,1.552,1.369,2,NULL,NULL,,3,0,2,7,255,966,250,0,0
stim,38624,68745,0,68745,3266054.454,-0.512,-0.035,0.065,0.856,3129,155,81,3189,1869,2509,277,2471,54,1.310,1,2099,0,26.519,1.885,-22.313,-0.750,-14.313,-0.031,0.035,1.031,-0.371,1.848,0.313,0.400,0.024,1.552,1.369,2,NULL,NULL,,3,0,2,7,255,966,250,0,0
stim,38624,68745,0,68745,3266059.455,-0.513,-0.036,0.065,0.855,3127,165,132,3191,1897,2507,243,2476,54,1.310,1,2099,0,24.304,0.940,-20.125,-0.125,-13.625,-0.156,0.043,1.004,-0.371,0.863,0.266,0.398,0.020,1.552,1.369,2,NULL,NULL,,3,0,2,7,255,966,250,0,0
stim,38646,68767,0,68767,3266064.453,-0.513,-0.036,0.064,0.855,3119,169,174,3179,1899,2505,232,2473,54,1.310,1,2099,0,26.149,0.101,-14.125,0.500,-22.000,-0.152,0.012,1.004,0.027,-0.098,0.148,0.394,0.014,1.552,1.369,2,NULL,NULL,,3,0,2,7,255,966,250,0,0
stim,38646,68767,0,68767,3266069.455,-0.514,-0.036,0.064,0.855,3139,157,219,3178,1915,2511,184,2487,54,1.309,1,2099,1,24.458,0.101,-8.438,0.938,-22.938,-0.082,0.004,1.020,0.027,-0.098,0.148,0.000,0.000,1.464,1.374,2,NULL,NULL,,3,0,2,7,255,966,250,0,0
stim,38646,68767,0,68767,3266074.455,-0.515,-0.037,0.063,0.854,3115,163,232,3176,1931,2511,179,2477,54,1.309,1,2099,1,17.333,0.543,-5.188,1.125,-16.500,-0.070,0.004,1.035,0.023,0.543,0.188,0.002,0.004,1.464,1.374,2,NULL,NULL,,3,0,2,7,255,966,250,0,0
stim,38646,68767,0,68767,3266079.455,-0.515,-0.037,0.063,0.854,3125,159,250,3166,1937,2505,179,2477,54,1.309,1,2099,1,11.125,0.543,-6.313,0.813,-9.125,-0.113,-0.012,1.031,0.023,0.543,0.316,0.004,0.006,1.464,1.374,2,NULL,NULL,,3,0,2,7,255,966,250,0,0
stim,38646,68767,0,68767,3266084.453,-0.515,-0.037,0.063,0.854,3103,155,260,3163,1937,2505,163,2472,54,1.309,1,2099,1,10.575,0.448,-6.688,0.250,-8.188,-0.160,0.000,0.992,0.262,0.363,0.316,0.006,0.008,1.464,1.374,2,NULL,NULL,,3,0,2,7,255,966,250,0,0
stim,38646,68767,0,68767,3266089.455,-0.516,-0.037,0.063,0.854,3115,154,263,3160,1943,2503,166,2479,54,1.309,1,2099,1,10.595,0.353,-2.313,-0.750,-10.313,-0.160,0.008,0.977,0.316,-0.156,0.039,0.006,0.010,1.464,1.374,2,NULL,NULL,,3,0,2,7,255,966,250,0,0
stim,38646,68767,0,68767,3266094.453,-0.516,-0.037,0.063,0.853,3099,150,271,3147,1945,2495,159,2469,54,1.309,1,2099,1,8.402,0.374,0.563,-2.063,-8.125,-0.137,-0.008,0.996,0.340,-0.156,0.039,0.006,0.010,1.464,1.374,2,NULL,NULL,,3,0,2,7,255,966,250,0,0
stim,38646,68767,0,68767,3266099.455,-0.516,-0.037,0.062,0.853,3097,139,277,3149,1948,2485,156,2475,54,1.309,1,2099,1,4.436,0.358,-0.313,-3.563,-2.625,-0.156,-0.004,0.996,0.340,-0.113,0.043,0.006,0.010,1.464,1.374,2,NULL,NULL,,3,0,2,7,255,966,250,0,0
stim,38674,68795,0,68795,3266104.454,-0.516,-0.037,0.062,0.853,3097,145,295,3133,1961,2484,157,2471,54,1.309,1,2099,1,5.210,0.388,-0.938,-5.000,-1.125,-0.195,0.020,0.980,0.371,-0.113,0.043,0.004,0.010,1.464,1.374,2,NULL,NULL,,3,0,2,7,255,966,250,0,0
stim,38674,68795,0,68795,3266109.455,-0.516,-0.037,0.062,0.853,3077,139,328,3125,1967,2489,155,2475,54,1.309,1,2099,1,7.723,0.687,0.813,-6.313,-4.375,-0.199,0.023,0.973,0.371,-0.578,-0.031,0.004,0.010,1.464,1.374,2,NULL,NULL,,3,0,2,7,255,966,250,0,0
stim,38674,68795,0,68795,3266114.453,-0.517,-0.037,0.062,0.853,3069,127,347,3119,1975,2477,161,2487,54,1.309,1,2099,1,10.305,0.677,2.750,-7.563,-6.438,-0.172,0.016,0.977,0.352,-0.578,-0.098,0.006,0.012,1.464,1.374,2,NULL,NULL,,3,0,2,7,255,966,250,0,0
stim,38674,68795,0,68795,3266119.455,-0.517,-0.036,0.062,0.853,3048,125,367,3098,1991,2487,169,2501,54,1.309,1,2099,1,10.645,0.487,3.500,-9.250,-3.938,-0.168,0.023,0.980,0.301,-0.383,-0.098,0.008,0.012,1.464,1.374,2,NULL,NULL,,3,0,2,7,255,966,250,0,0
stim,38674,68795,0,68795,3266124.454,-0.517,-0.036,0.062,0.853,3043,125,383,3087,2008,2487,200,2505,54,1.309,1,2099,1,11.744,0.443,3.500,-11.063,-1.813,-0.203,0.047,0.980,0.223,-0.383,-0.086,0.012,0.014,1.464,1.374,2,NULL,NULL,,3,0,2,7,255,966,250,0,0
stim,38674,68795,0,68795,3266129.455,-0.517,-0.035,0.062,0.853,3033,123,416,3067,2021,2479,205,2503,54,1.309,1,2099,1,13.996,0.803,3.438,-12.563,-5.125,-0.223,0.074,0.988,0.184,-0.781,0.000,0.014,0.014,1.464,1.374,2,NULL,NULL,,3,0,2,7,255,966,250,0,0
stim,38732,68853,0,68853,3266134.453,-0.518,-0.035,0.062,0.853,3019,133,452,3060,2037,2477,219,2516,54,1.309,1,2099,1,17.593,0.881,4.125,-13.500,-10.500,-0.191,0.090,0.996,0.055,-0.879,0.090,0.016,0.016,1.464,1.374,2,NULL,NULL,,3,0,2,7,255,966,250,0,0
stim,38732,68853,0,68853,3266139.455,-0.518,-0.034,0.062,0.852,3002,132,485,3036,2044,2473,243,2521,54,1.309,1,2099,1,18.617,0.905,3.500,-14.063,-11.688,-0.145,0.094,1.012,-0.215,-0.879,0.121,0.018,0.016,1.464,1.374,2,NULL,NULL,,3,0,2,7,255,966,250,0,0
stim,38732,68853,0,68853,3266144.454,-0.518,-0.034,0.061,0.852,2997,143,552,3028,2079,2475,271,2540,54,1.309,1,2099,1,16.916,0.531,0.250,-14.438,-8.813,-0.129,0.063,1.012,-0.277,-0.453,0.211,0.018,0.016,1.464,1.374,2,NULL,NULL,,3,0,2,7,255,966,250,0,0
stim,38732,68853,0,68853,3266149.455,-0.519,-0.033,0.061,0.852,2975,142,607,3005,2102,2476,297,2557,54,1.309,1,2099,1,16.422,0.351,-2.313,-14.875,-6.563,-0.137,0.039,0.980,-0.277,-0.215,0.211,0.020,0.014,1.464,1.374,2,NULL,NULL,,3,0,2,7,255,966,250,0,0
stim,38732,68853,0,68853,3266154.453,-0.519,-0.033,0.061,0.852,2943,148,669,2995,2131,2491,317,2567,54,1.309,1,2099,1,16.657,0.215,0.063,-15.563,-5.938,-0.141,0.035,0.961,0.000,-0.215,-0.113,0.022,0.014,1.464,1.374,2,NULL,NULL,,3,0,2,7,255,966,250,0,0
stim,38732,68853,0,68853,3266159.455,-0.519,-0.032,0.060,0.852,2935,151,704,2976,2171,2492,368,2581,54,1.309,1,2099,1,17.924,0.258,4.313,-16.375,-5.875,-0.137,0.063,0.977,0.000,-0.258,-0.129,0.022,0.012,1.464,1.374,2,NULL,NULL,,3,0,2,7,255,966,250,0,0
stim,38732,68853,0,68853,3266164.453,-0.519,-0.031,0.060,0.852,2905,165,740,2955,2207,2487,395,2596,54,1.309,1,2099,1,19.059,0.417,6.688,-16.938,-5.625,-0.129,0.133,1.016,-0.219,-0.355,-0.129,0.024,0.012,1.464,1.374,2,NULL,NULL,,3,0,2,7,255,966,250,0,0
stim,38732,68853,0,68853,3266169.455,-0.520,-0.030,0.060,0.852,2878,172,823,2935,2253,2491,443,2611,54,1.309,1,2099,1,18.500,1.030,5.000,-17.250,-4.438,-0.129,0.188,1.051,-0.855,-0.574,0.262,0.024,0.012,1.464,1.374,2,NULL,NULL,,3,0,2,7,255,966,250,0,0
stim,38732,68853,0,68853,3266174.454,-0.520,-0.030,0.060,0.852,2859,181,917,2916,2295,2493,503,2629,54,1.309,1,2099,1,17.659,1.358,-0.438,-17.375,-3.125,-0.152,0.176,1.047,-1.121,-0.766,0.605,0.026,0.010,1.464,1.374,2,NULL,NULL,,3,0,2,7,255,966,250,0,0
stim,38732,68853,0,68853,3266179.455,-0.520,-0.029,0.060,0.852,2839,227,1035,2893,2335,2503,559,2647,54,1.309,1,2099,1,19.301,1.456,-4.125,-18.625,-2.938,-0.184,0.141,1.004,-1.121,-0.930,0.605,0.028,0.010,1.464,1.374,2,NULL,NULL,,3,0,2,7,255,966,250,0,0
stim,38751,68872,0,68872,3266184.453,-0.520,-0.028,0.059,0.852,2811,239,1133,2868,2375,2507,655,2663,54,1.309,1,2099,1,20.921,1.298,-1.563,-20.125,-5.500,-0.203,0.121,0.977,-0.641,-1.129,0.223,0.030,0.010,1.464,1.374,2,NULL,NULL,,3,0,2,7,255,966,250,0,0
stim,38751,68872,0,68872,3266189.455,-0.521,-0.027,0.059,0.851,2787,244,1221,2853,2422,2510,788,2677,54,1.309,1,2099,1,24.167,1.398,3.625,-20.875,-11.625,-0.191,0.156,0.992,-0.641,-1.242,0.117,0.034,0.012,1.464,1.374,2,NULL,NULL,,3,0,2,7,255,966,250,0,0
stim,38751,68872,0,68872,3266194.454,-0.521,-0.027,0.059,0.851,2739,265,1305,2827,2461,2515,901,2694,54,1.309,1,2099,1,27.770,1.445,5.750,-20.938,-17.313,-0.156,0.156,1.020,-0.738,-1.242,0.117,0.036,0.016,1.464,1.374,2,NULL,NULL,,3,0,2,7,255,966,250,0,0
stim,38751,68872,0,68872,3266199.455,-0.522,-0.026,0.059,0.851,2697,271,1449,2803,2503,2521,1045,2712,54,1.309,1,2099,1,28.720,1.209,3.125,-20.188,-20.188,-0.137,0.105,1.035,-0.738,-0.957,0.348,0.038,0.018,1.464,1.374,2,NULL,NULL,,3,0,2,7,255,966,250,0,0
stim,38772,68893,0,68893,3266204.453,-0.523,-0.025,0.058,0.850,2649,269,1589,2775,2535,2525,1165,2726,54,1.309,1,2099,1,29.525,0.777,-1.125,-19.375,-22.250,-0.152,0.035,1.016,-0.520,-0.578,0.348,0.042,0.020,1.464,1.374,2,NULL,NULL,,3,0,2,7,255,966,250,0,0
stim,38772,68893,0,68893,3266209.455,-0.524,-0.025,0.057,0.849,2596,271,1695,2750,2573,2527,1287,2740,54,1.309,1,2099,1,32.923,0.483,-3.750,-19.000,-26.625,-0.172,-0.008,0.984,0.156,-0.457,0.238,0.046,0.024,1.464,1.374,2,NULL,NULL,,3,0,2,7,255,966,250,0,0
stim,38772,68893,0,68893,3266214.454,-0.525,-0.024,0.057,0.849,2536,282,1799,2727,2605,2539,1426,2751,54,1.309,1,2099,1,38.268,0.768,-5.125,-19.750,-32.375,-0.176,-0.055,0.977,0.645,-0.418,-0.059,0.048,0.026,1.464,1.374,2,NULL,NULL,,3,0,2,7,255,966,250,0,0
stim,38772,68893,0,68893,3266219.455,-0.526,-0.024,0.056,0.848,2463,297,1899,2693,2651,2539,1545,2775,54,1.309,1,2099,1,42.593,1.095,-8.063,-20.750,-36.313,-0.160,-0.090,0.984,1.047,-0.320,-0.078,0.052,0.028,1.464,1.374,2,NULL,NULL,,3,0,2,7,255,966,250,0,0
stim,38795,68916,0,68916,3266224.454,-0.528,-0.024,0.055,0.847,2392,325,1990,2649,2671,2540,1641,2791,54,1.309,1,2099,1,45.594,1.305,-12.375,-22.375,-37.750,-0.156,-0.117,0.992,1.305,-0.031,-0.078,0.054,0.030,1.464,1.374,2,NULL,NULL,,3,0,2,7,255,966,250,0,0
stim,38795,68916,0,68916,3266229.455,-0.529,-0.023,0.053,0.846,2315,318,2101,2611,2702,2541,1754,2799,54,1.309,1,2099,1,49.149,1.305,-17.063,-24.063,-39.313,-0.164,-0.074,1.004,1.305,-0.031,-0.043,0.058,0.032,1.464,1.374,2,NULL,NULL,,3,0,2,7,255,966,250,0,0
stim,38827,68948,0,68948,3266234.454,-0.531,-0.023,0.052,0.845,2223,319,2199,2550,2727,2543,1847,2820,54,1.309,1,2099,1,54.559,1.161,-19.750,-24.625,-44.500,-0.156,0.012,1.016,1.145,-0.195,0.102,0.060,0.034,1.464,1.374,2,NULL,NULL,,3,0,2,7,255,966,250,0,0
stim,38827,68948,0,68948,3266239.455,-0.533,-0.023,0.050,0.844,2125,317,2279,2503,2749,2543,1949,2837,54,1.309,1,2099,1,58.803,0.487,-22.688,-25.750,-47.750,-0.117,0.043,1.020,0.359,-0.328,0.234,0.062,0.034,1.464,1.374,2,NULL,NULL,,3,0,2,7,255,966,250,0,0
stim,38827,68948,0,68948,3266244.453,-0.535,-0.022,0.049,0.843,2031,318,2358,2447,2771,2548,2026,2859,54,1.309,1,2099,1,59.917,0.336,-24.875,-26.063,-47.875,-0.059,0.012,1.016,-0.074,-0.328,0.234,0.064,0.034,1.464,1.374,2,NULL,NULL,,3,0,2,7,255,966,250,0,0
stim,38827,68948,0,68948,3266249.455,-0.536,-0.022,0.047,0.843,1931,325,2431,2365,2796,2551,2109,2861,54,1.309,1,2099,1,55.373,0.306,-28.625,-27.563,-38.563,-0.090,-0.074,1.016,-0.074,0.297,0.168,0.066,0.036,1.464,1.374,2,NULL,NULL,,3,0,2,7,255,966,250,0,0
stim,38827,68948,0,68948,3266254.453,-0.537,-0.022,0.045,0.842,1807,319,2490,2279,2821,2549,2189,2873,54,1.309,1,2099,1,55.528,0.836,-31.313,-28.875,-35.625,-0.160,-0.086,1.012,0.781,0.297,0.168,0.068,0.036,1.464,1.374,2,NULL,NULL,,3,0,2,7,255,966,250,0,0
stim,38827,68948,0,68948,3266259.455,-0.539,-0.022,0.043,0.841,1627,294,2541,2170,2841,2549,2267,2887,54,1.309,1,2099,1,58.458,0.882,-27.813,-29.750,-41.938,-0.148,-0.055,0.965,0.840,-0.270,0.168,0.070,0.038,1.464,1.374,2,NULL,NULL,,3,0,2,7,255,966,250,0,0
stim,38827,68948,0,68948,3266264.454,-0.541,-0.021,0.041,0.840,1431,275,2584,2057,2859,2549,2323,2897,54,1.309,1,2099,1,61.083,0.905,-24.313,-32.000,-46.000,-0.141,-0.043,1.000,0.840,-0.336,0.070,0.072,0.040,1.464,1.374,2,NULL,NULL,,3,0,2,7,255,966,250,0,0
stim,38827,68948,0,68948,3266269.455,-0.542,-0.021,0.040,0.839,1241,262,2628,1901,2875,2543,2389,2907,54,1.309,1,2099,1,65.460,0.751,-24.875,-33.313,-50.563,-0.137,-0.035,1.043,0.668,-0.344,0.070,0.074,0.042,1.464,1.374,2,NULL,NULL,,3,0,2,7,255,966,250,0,0
stim,38827,68948,0,68948,3266274.454,-0.544,-0.020,0.038,0.838,1055,245,2663,1750,2897,2548,2452,2915,54,1.309,1,2099,1,64.174,0.638,-23.625,-33.500,-49.375,-0.070,-0.023,1.047,0.543,-0.336,0.457,0.076,0.044,1.464,1.374,2,NULL,NULL,,3,0,2,7,255,966,250,0,0
stim,38827,68948,0,68948,3266279.455,-0.546,-0.019,0.036,0.837,872,205,2709,1534,2916,2543,2496,2927,54,1.309,1,2099,1,56.937,0.367,-26.563,-34.500,-36.688,-0.035,-0.059,1.082,0.324,0.172,0.488,0.080,0.048,1.464,1.374,2,NULL,NULL,,3,0,2,7,255,966,250,0,0
stim,38854,68975,0,68975,3266284.454,-0.546,-0.019,0.034,0.837,613,153,2735,1339,2936,2527,2553,2934,54,1.309,1,2099,1,52.232,0.367,-31.125,-36.938,-19.875,-0.094,-0.051,1.102,0.324,0.172,0.797,0.084,0.052,1.464,1.374,2,NULL,NULL,,3,0,2,7,255,966,250,0,0
stim,38854,68975,0,68975,3266289.455,-0.547,-0.018,0.032,0.836,411,89,2765,1107,2940,2517,2595,2941,54,1.309,1,2099,1,55.664,0.324,-35.625,-38.563,-18.500,-0.141,0.047,1.078,0.324,0.008,0.828,0.088,0.056,1.464,1.374,2,NULL,NULL,,3,0,2,7,255,966,250,0,0
stim,38854,68975,0,68975,3266294.453,-0.548,-0.018,0.030,0.836,249,59,2795,873,2956,2503,2633,2953,54,1.309,1,2099,1,57.354,0.889,-31.500,-39.813,-26.688,-0.148,0.090,0.977,-0.195,-0.867,0.828,0.092,0.060,1.464,1.374,2,NULL,NULL,,3,0,2,7,255,966,250,0,0
stim,38854,68975,0,68975,3266299.455,-0.549,-0.016,0.028,0.835,121,2,2815,635,2969,2485,2665,2959,54,1.309,1,2099,1,58.096,0.889,-18.000,-42.938,-34.750,-0.086,-0.004,1.004,-0.195,-0.867,0.063,0.096,0.064,1.464,1.374,2,NULL,NULL,,3,0,2,7,255,966,250,0,0
stim,38854,68975,0,68975,3266304.454,-0.550,-0.015,0.026,0.834,43,0,2839,458,2987,2469,2701,2980,54,1.309,1,2099,1,58.824,0.314,-16.188,-46.500,-32.188,-0.012,-0.066,1.047,0.031,-0.313,0.063,0.102,0.068,1.464,1.374,2,NULL,NULL,,3,0,2,7,255,966,250,0,0
stim,38854,68975,0,68975,3266309.455,-0.551,-0.013,0.024,0.834,19,0,2845,288,2991,2441,2719,2975,54,1.309,1,2099,1,52.918,0.361,-8.875,-49.813,-15.500,-0.004,0.000,1.051,0.031,0.359,0.449,0.106,0.072,1.464,1.374,2,NULL,NULL,,3,0,2,7,255,966,250,0,0
stim,38884,69005,0,69005,3266314.453,-0.551,-0.012,0.023,0.834,0,0,2871,205,3005,2419,2761,2987,54,1.309,1,2099,1,56.340,0.366,-12.750,-52.625,-15.563,-0.109,0.004,1.059,0.070,0.359,0.469,0.112,0.078,1.464,1.374,2,NULL,NULL,,3,0,2,7,255,966,250,0,0
stim,38884,69005,0,69005,3266319.455,-0.551,-0.009,0.022,0.834,0,0,2866,137,3017,2381,2779,2985,54,1.309,1,2099,1,65.572,0.664,19.875,-62.438,2.500,-0.359,-0.117,1.211,0.070,-0.660,0.590,0.116,0.082,1.464,1.374,2,NULL,NULL,,3,0,2,7,255,966,250,0,0
stim,38884,69005,0,69005,3266324.454,-0.552,-0.006,0.021,0.834,0,0,2877,95,3023,2357,2811,2991,54,1.309,1,2099,1,78.414,3.205,29.688,-72.063,-8.625,-0.426,-0.152,1.414,2.090,-2.430,2.191,0.122,0.086,1.464,1.374,2,NULL,NULL,,3,0,2,7,255,966,250,0,0
stim,38884,69005,0,69005,3266329.455,-0.553,-0.003,0.021,0.833,0,0,2891,88,3036,2323,2827,3001,54,1.309,1,2099,0,88.989,3.557,28.375,-76.625,-35.250,-0.391,-0.070,1.523,2.090,-2.879,4.172,0.128,0.090,1.464,1.374,3,NULL,NULL,,3,0,2,7,255,966,250,0,0
stim,38922,69043,0,69043,3266334.453,-0.554,0.001,0.020,0.832,0,0,2893,53,3053,2275,2851,3001,54,1.309,1,2099,0,99.299,3.434,39.500,-87.938,-23.813,-0.250,0.207,1.695,1.871,-2.879,5.219,0.134,0.096,1.464,1.374,3,NULL,NULL,,3,0,2,7,255,966,250,0,0
stim,38922,69043,0,69043,3266339.455,-0.554,0.004,0.018,0.832,0,0,2901,9,3049,2217,2877,2999,54,1.309,1,2099,0,93.746,2.960,-12.125,-92.938,-2.000,-0.008,0.391,1.594,-1.086,-2.754,5.809,0.142,0.102,1.464,1.374,3,NULL,NULL,,3,0,2,7,255,966,250,0,0
stim,38922,69043,0,69043,3266344.454,-0.553,0.007,0.014,0.833,0,0,2892,0,3067,2157,2904,2991,54,1.309,1,2099,0,105.059,3.060,-46.000,-93.688,12.000,-0.094,0.289,1.340,-2.371,-1.934,5.809,0.150,0.110,1.464,1.374,3,NULL,NULL,,3,0,2,7,255,966,250,0,0
stim,38922,69043,0,69043,3266349.455,-0.552,0.010,0.010,0.834,0,0,2897,0,3065,2087,2913,3000,54,1.309,1,2099,0,113.770,3.060,-35.188,-102.875,33.500,-0.168,0.184,1.254,-2.371,-1.934,3.332,0.160,0.118,1.464,1.374,3,NULL,NULL,,3,0,2,7,255,966,250,0,0
stim,38922,69043,0,69043,3266354.453,-0.551,0.013,0.007,0.835,0,0,2897,0,3080,1991,2923,3001,54,1.309,1,2099,0,117.888,2.577,-20.250,-110.000,37.250,-0.289,0.082,1.258,-1.105,-2.328,2.480,0.170,0.124,1.464,1.374,3,NULL,NULL,,3,0,2,7,255,966,250,0,0
stim,38922,69043,0,69043,3266359.455,-0.550,0.017,0.004,0.835,0,0,2893,0,3081,1869,2937,2995,54,1.309,1,2099,0,118.769,2.895,-14.813,-115.500,23.375,-0.305,-0.059,1.254,0.305,-2.879,2.465,0.178,0.130,1.464,1.374,3,NULL,NULL,,3,0,2,7,255,966,250,0,0
stim,38945,69066,0,69066,3266364.454,-0.549,0.020,0.001,0.836,0,0,2873,0,3081,1728,2955,2985,54,1.309,1,2099,0,124.931,3.321,-17.438,-122.500,17.250,-0.266,-0.137,1.273,1.656,-2.879,2.480,0.188,0.138,1.464,1.374,3,NULL,NULL,,3,0,2,7,255,966,250,0,0
stim,38945,69066,0,69066,3266369.455,-0.548,0.024,-0.003,0.836,0,0,2864,0,3087,1587,2959,2996,54,1.309,1,2099,0,130.948,3.246,-18.438,-128.188,19.375,-0.238,-0.172,1.266,2.250,-2.340,2.484,0.198,0.146,1.464,1.374,3,NULL,NULL,,3,0,2,7,255,966,250,0,0
stim,38945,69066,0,69066,3266374.454,-0.547,0.028,-0.007,0.837,0,0,2855,0,3093,1388,2965,2988,54,1.309,1,2099,0,137.544,3.250,-17.625,-134.563,22.375,-0.219,-0.184,1.211,2.496,-2.082,2.484,0.208,0.158,1.464,1.374,3,NULL,NULL,,3,0,2,7,255,966,250,0,0
stim,38945,69066,0,69066,3266379.455,-0.546,0.033,-0.011,0.837,0,0,2851,0,3103,1181,2973,2983,54,1.309,1,2099,0,143.604,3.221,-18.500,-140.688,22.063,-0.199,-0.141,1.172,2.496,-2.035,1.938,0.222,0.170,1.464,1.374,3,NULL,NULL,,3,0,2,7,255,966,250,0,0
stim,38945,69066,0,69066,3266384.454,-0.545,0.037,-0.015,0.837,0,0,2833,0,3097,967,2983,2961,54,1.309,1,2099,0,148.334,2.928,-17.188,-145.813,21.125,-0.188,-0.105,1.129,2.105,-2.035,1.555,0.236,0.184,1.464,1.374,3,NULL,NULL,,3,0,2,7,255,966,250,0,0
stim,38945,69066,0,69066,3266389.455,-0.544,0.043,-0.019,0.838,0,0,2798,0,3109,700,2995,2961,54,1.309,1,2099,0,154.827,2.911,-8.125,-152.875,23.125,-0.207,-0.109,1.090,1.930,-2.180,1.086,0.250,0.198,1.464,1.374,3,NULL,NULL,,3,0,2,7,255,966,250,0,0
stim,38946,69067,0,69067,3266394.453,-0.543,0.048,-0.023,0.838,0,0,2765,0,3103,551,2996,2934,54,1.309,1,2099,0,160.453,3.100,4.125,-159.188,19.688,-0.219,-0.109,1.129,1.930,-2.426,0.973,0.266,0.212,1.464,1.374,3,NULL,NULL,,3,0,2,7,255,966,250,0,0
stim,38946,69067,0,69067,3266399.455,-0.542,0.055,-0.026,0.838,0,0,2733,0,3103,401,3017,2919,54,1.309,1,2099,0,168.238,3.281,10.063,-167.438,12.938,-0.199,-0.141,1.152,2.055,-2.559,0.973,0.280,0.224,1.464,1.374,3,NULL,NULL,,3,0,2,7,255,966,250,0,0
stim,38974,69095,0,69095,3266404.453,-0.541,0.061,-0.030,0.838,0,0,2707,0,3103,181,3025,2899,54,1.309,1,2099,0,175.366,3.281,15.875,-174.250,11.750,-0.133,-0.117,1.211,2.055,-2.559,1.176,0.294,0.238,1.464,1.374,3,NULL,NULL,,3,0,2,7,255,966,250,0,0
stim,38974,69095,0,69095,3266409.455,-0.540,0.068,-0.033,0.838,0,0,2639,0,3111,92,3015,2869,54,1.309,1,2099,0,183.443,3.248,15.188,-181.875,18.500,-0.129,0.008,1.285,2.000,-2.559,1.809,0.308,0.252,1.464,1.374,3,NULL,NULL,,3,0,2,7,255,966,250,0,0
stim,38974,69095,0,69095,3266414.454,-0.539,0.075,-0.037,0.838,0,0,2587,0,3105,36,3025,2843,54,1.309,1,2099,0,190.996,3.166,23.000,-189.125,13.500,-0.195,0.129,1.367,0.965,-3.016,2.438,0.324,0.266,1.464,1.374,3,NULL,NULL,,3,0,2,7,255,966,250,0,0
stim,38974,69095,0,69095,3266419.455,-0.538,0.083,-0.041,0.838,0,0,2511,0,3107,0,3032,2803,54,1.309,1,2099,0,201.390,4.389,26.625,-199.375,9.938,-0.223,0.227,1.531,0.305,-4.379,3.086,0.342,0.284,1.464,1.374,3,NULL,NULL,,3,0,2,7,255,966,250,0,0
stim,38974,69095,0,69095,3266424.454,-0.537,0.091,-0.045,0.837,0,0,2431,0,3097,1,3017,2751,54,1.309,1,2099,0,209.679,5.493,18.125,-208.875,2.813,-0.230,0.305,1.762,-0.227,-5.488,4.516,0.360,0.300,1.464,1.374,3,NULL,NULL,,3,0,2,7,255,966,250,0,0
stim,38974,69095,0,69095,3266429.455,-0.536,0.099,-0.050,0.837,0,0,2312,0,3095,1,3018,2707,54,1.309,1,2099,0,220.792,6.531,3.063,-220.750,3.000,-0.363,0.250,2.063,-0.227,-6.527,6.633,0.380,0.320,1.464,1.374,3,NULL,NULL,,3,0,2,7,255,966,250,0,0
stim,39032,69153,0,69153,3266434.454,-0.535,0.108,-0.056,0.836,0,0,2187,0,3089,5,3005,2640,54,1.309,1,2099,0,240.745,8.375,-17.125,-239.938,9.750,-0.488,0.234,2.344,0.805,-8.336,9.102,0.406,0.344,1.464,1.374,3,NULL,NULL,,3,0,2,7,255,966,250,0,0
stim,39032,69153,0,69153,3266439.455,-0.534,0.116,-0.064,0.835,0,0,2023,0,3079,45,2995,2579,54,1.309,1,2099,0,266.041,10.418,-28.625,-263.938,17.188,-0.598,0.395,2.496,1.141,-10.355,11.336,0.436,0.374,1.464,1.374,3,NULL,NULL,,3,0,2,7,255,966,250,0,0
stim,39032,69153,0,69153,3266444.453,-0.532,0.126,-0.073,0.834,0,0,1847,0,3051,72,2983,2477,54,1.309,1,2099,0,298.656,12.805,-55.438,-292.250,26.688,-0.598,0.727,2.559,1.141,-12.754,12.207,0.476,0.412,1.464,1.374,3,NULL,NULL,,3,0,2,7,255,966,250,0,0
stim,39032,69153,0,69153,3266449.455,-0.530,0.135,-0.083,0.833,0,0,1694,0,3019,79,2963,2351,54,1.309,1,2099,0,327.389,14.895,-79.188,-316.875,22.438,-0.598,0.902,2.594,-1.605,-14.809,12.289,0.520,0.456,1.464,1.374,3,NULL,NULL,,3,0,2,7,255,966,250,0,0
stim,39032,69153,0,69153,3266454.454,-0.528,0.145,-0.095,0.831,0,0,1583,0,3001,77,2924,2213,54,1.309,1,2099,0,357.300,16.433,-109.125,-339.500,22.250,-0.660,0.867,2.680,-2.281,-16.273,12.383,0.574,0.508,1.464,1.374,3,NULL,NULL,,3,0,2,7,255,966,250,0,0
stim,39032,69153,0,69153,3266459.455,-0.526,0.155,-0.108,0.829,0,0,1481,0,2965,77,2888,2057,54,1.309,1,2099,0,386.218,17.745,-132.875,-362.188,18.125,-0.770,0.918,2.781,-2.281,-17.598,12.305,0.632,0.566,1.464,1.374,3,NULL,NULL,,3,0,2,7,255,966,250,0,0
stim,39032,69153,0,69153,3266464.453,-0.525,0.165,-0.123,0.826,0,0,1383,0,2909,83,2833,1911,54,1.309,1,2099,0,413.399,19.908,-153.375,-383.875,3.813,-0.840,1.063,2.832,-2.281,-19.777,12.305,0.700,0.632,1.464,1.374,3,NULL,NULL,,3,0,2,7,255,966,250,0,0
stim,39032,69153,0,69153,3266469.455,-0.524,0.176,-0.138,0.822,0,0,1297,0,2857,69,2759,1784,54,1.309,1,2099,0,435.250,22.002,-160.375,-404.125,-20.125,-0.809,0.914,2.871,-2.168,-21.895,11.668,0.774,0.706,1.464,1.374,3,NULL,NULL,,3,0,2,7,255,966,250,0,0
stim,39032,69153,0,69153,3266474.454,-0.523,0.188,-0.153,0.817,0,0,1179,0,2776,62,2650,1617,54,1.309,1,2099,0,461.356,22.090,-158.063,-433.188,-14.625,-0.910,0.672,2.938,-1.953,-22.004,11.445,0.860,0.790,1.464,1.374,3,NULL,NULL,,3,0,2,7,255,966,250,0,0
stim,39032,69153,0,69153,3266479.455,-0.521,0.200,-0.170,0.812,0,0,1049,0,2683,22,2479,1460,54,1.309,1,2099,0,488.792,22.979,-177.438,-455.375,-8.188,-1.047,0.719,2.934,0.699,-22.969,10.859,0.954,0.884,1.464,1.374,3,NULL,NULL,,3,0,2,7,255,966,250,0,0
stim,39033,69154,0,69154,3266484.453,-0.520,0.213,-0.187,0.806,0,0,873,0,2548,0,2291,1283,54,1.309,1,2099,0,500.696,25.045,-173.375,-468.125,-38.688,-1.055,0.633,3.031,0.719,-25.035,9.105,1.058,0.986,1.464,1.374,3,NULL,NULL,,3,0,2,7,255,966,250,0,0
stim,39033,69154,0,69154,3266489.455,-0.519,0.226,-0.203,0.799,0,0,729,0,2387,0,2003,1068,54,1.309,1,2099,0,514.180,25.085,-167.000,-481.313,-69.500,-0.844,0.301,3.094,1.578,-25.035,9.105,1.166,1.094,1.464,1.374,3,NULL,NULL,,3,0,2,7,255,966,250,0,0
stim,39063,69184,0,69184,3266494.453,-0.518,0.240,-0.220,0.791,0,0,555,0,2137,0,1701,921,54,1.309,1,2099,0,531.311,24.826,-177.938,-497.438,-56.438,-0.621,-0.125,2.941,3.840,-24.527,9.289,1.278,1.206,1.464,1.374,3,NULL,NULL,,3,0,2,7,255,966,250,0,0
stim,39063,69184,1,69184,3266499.455,-0.514,0.253,-0.239,0.784,0,0,349,0,1875,0,1247,765,54,1.309,1,2099,0,553.561,22.533,-198.813,-516.625,-1.438,-0.480,-0.426,2.418,6.719,-21.508,9.289,1.390,1.318,1.464,1.374,3,NULL,NULL,,3,1,2,7,255,966,250,0,0
stim,39063,69184,1,69184,3266504.454,-0.509,0.267,-0.257,0.777,0,0,231,0,1551,0,681,621,54,1.309,1,2099,0,558.093,18.637,-175.500,-529.438,19.063,-0.438,-0.398,1.844,7.262,-17.164,5.613,1.502,1.428,1.464,1.374,3,NULL,NULL,,3,1,2,7,255,966,250,0,0
stim,39063,69184,1,69184,3266509.455,-0.503,0.282,-0.273,0.770,0,0,117,0,1212,0,233,470,54,1.309,1,2099,0,548.873,16.606,-103.625,-538.188,29.625,-0.563,-0.141,1.699,7.262,-14.934,0.941,1.610,1.536,1.464,1.374,3,NULL,NULL,,3,1,2,7,255,966,250,0,0
stim,39063,69184,1,69184,3266514.453,-0.495,0.298,-0.287,0.764,0,0,87,0,842,0,0,397,54,1.309,1,2099,0,538.117,15.831,-55.875,-533.875,37.750,-0.598,0.340,2.074,5.254,-14.934,-1.398,1.716,1.642,1.464,1.374,3,NULL,NULL,,3,1,2,7,255,966,250,0,0
stim,39063,69184,1,69184,3266519.455,-0.485,0.313,-0.302,0.758,0,0,28,0,341,0,0,337,54,1.309,1,2099,0,547.425,19.797,-65.750,-536.188,88.625,-0.977,0.523,2.383,1.887,-19.707,-2.027,1.820,1.744,1.464,1.374,3,NULL,NULL,,3,1,2,7,255,966,250,0,0
stim,39094,69215,1,69215,3266524.454,-0.473,0.326,-0.320,0.753,0,0,25,0,5,0,0,252,54,1.309,1,2099,0,596.804,25.063,-123.438,-553.188,186.875,-1.496,0.504,2.227,1.887,-24.992,-3.613,1.922,1.844,1.464,1.374,3,NULL,NULL,,3,1,2,7,255,966,250,0,0
stim,39094,69215,1,69215,3266529.455,-0.461,0.337,-0.340,0.747,0,0,18,0,0,0,0,170,54,1.309,1,2099,0,613.282,25.063,-178.438,-553.750,194.000,-1.648,0.781,1.828,1.887,-24.992,-9.809,2.024,1.946,1.464,1.374,4,NULL,NULL,,3,1,2,7,255,966,250,0,0
stim,39127,69248,1,69248,3266534.453,-0.453,0.347,-0.360,0.738,0,0,5,0,0,0,0,89,54,1.309,1,2099,0,569.577,24.826,-233.625,-509.938,99.000,-1.219,1.426,1.348,1.348,-24.789,-15.086,2.130,2.052,1.464,1.374,0,NULL,NULL,,3,1,2,7,255,966,250,0,0
stim,39127,69248,1,69248,3266539.455,-0.448,0.355,-0.378,0.728,0,0,11,0,0,0,0,95,54,1.309,1,2099,0,527.391,21.725,-283.250,-443.438,35.688,-0.844,1.738,1.051,-6.742,-20.652,-16.391,2.238,2.158,1.464,1.374,0,NULL,NULL,,3,1,2,7,255,966,250,0,0
stim,39127,69248,1,69248,3266544.454,-0.446,0.356,-0.399,0.718,0,0,11,0,0,0,0,119,54,1.309,1,2099,0,528.995,20.628,-397.500,-340.750,75.625,-0.488,1.715,0.551,-11.477,-17.141,-16.391,2.342,2.262,1.464,1.374,0,NULL,NULL,,3,1,2,7,255,966,250,0,0
stim,39127,69248,1,69248,3266549.455,-0.446,0.355,-0.416,0.709,0,0,10,0,0,0,0,139,54,1.309,1,2099,0,451.611,15.840,-383.625,-231.875,54.938,-0.234,1.016,0.000,-11.477,-10.918,-16.184,2.434,2.352,1.464,1.374,0,NULL,NULL,,3,1,2,7,255,966,250,0,0
stim,39127,69248,1,69248,3266554.453,-0.446,0.354,-0.425,0.704,0,0,10,0,0,0,0,147,54,1.309,1,2099,0,247.199,9.093,-209.563,-125.563,37.750,-0.438,-0.121,0.098,-8.551,-3.094,-14.645,2.504,2.422,1.464,1.374,0,NULL,NULL,,3,1,2,7,255,966,250,0,0
stim,39127,69248,1,69248,3266559.455,-0.445,0.352,-0.430,0.702,0,0,6,0,0,0,0,153,54,1.309,1,2099,0,119.955,4.040,-103.063,-46.875,39.625,-0.793,-0.664,0.852,2.598,-3.094,-12.887,2.556,2.474,1.464,1.374,0,NULL,NULL,,3,1,2,7,255,966,250,0,0
stim,39127,69248,1,69248,3266564.454,-0.448,0.348,-0.434,0.700,0,0,2,0,0,0,0,101,54,1.309,1,2099,0,162.685,11.202,-154.813,49.750,4.938,-0.871,-0.348,0.930,6.758,-8.934,-12.836,2.606,2.524,1.464,1.374,0,NULL,NULL,,3,1,2,7,255,966,250,0,0
stim,39127,69248,1,69248,3266569.455,-0.454,0.340,-0.438,0.698,0,0,1,0,0,0,0,93,54,1.309,1,2099,0,256.237,11.202,-217.125,136.063,-1.125,-0.719,0.313,0.066,6.758,-8.934,-12.836,2.668,2.584,1.464,1.374,0,NULL,NULL,,3,1,2,7,255,966,250,0,0
stim,39127,69248,1,69248,3266574.454,-0.459,0.330,-0.439,0.698,0,0,1,0,0,0,0,76,54,1.309,1,2099,0,241.183,3.604,-140.375,193.688,30.813,-0.633,1.016,-0.520,-0.395,-3.582,-16.648,2.738,2.654,1.464,1.374,0,NULL,NULL,,3,1,2,7,255,966,250,0,0
stim,39127,69248,1,69248,3266579.455,-0.462,0.322,-0.435,0.702,0,0,3,0,0,0,0,41,54,1.309,1,2099,0,230.817,6.735,-14.938,223.375,56.188,-0.871,0.977,-0.176,-5.910,-3.230,-20.332,2.806,2.720,1.464,1.374,0,NULL,NULL,,3,1,2,7,255,966,250,0,0
stim,39153,69274,1,69274,3266584.453,-0.465,0.315,-0.430,0.707,0,0,0,0,0,0,0,29,54,1.309,1,2099,0,249.493,6.735,32.250,243.063,46.125,-1.000,0.566,0.531,-5.910,-3.230,-20.332,2.866,2.780,1.464,1.374,0,NULL,NULL,,3,1,2,7,255,966,250,0,0
stim,39153,69274,1,69274,3266589.455,-0.469,0.306,-0.425,0.711,0,0,0,0,0,0,0,24,54,1.309,1,2099,0,259.415,9.658,-9.313,255.813,42.063,-0.922,0.199,0.703,-1.535,-9.535,-17.711,2.918,2.832,1.464,1.374,0,NULL,NULL,,3,1,2,7,255,966,250,0,0
stim,39153,69274,1,69274,3266594.453,-0.474,0.296,-0.422,0.714,0,0,0,0,0,0,0,20,54,1.309,1,2099,0,271.354,9.610,-52.438,261.750,48.688,-0.813,0.188,0.363,1.199,-9.535,-15.359,2.968,2.880,1.464,1.374,0,NULL,NULL,,3,1,2,7,255,966,250,0,0
stim,39153,69274,1,69274,3266599.455,-0.477,0.286,-0.419,0.718,0,0,0,0,0,0,0,23,54,1.309,1,2099,0,272.700,7.029,-43.625,261.500,63.875,-0.727,0.469,-0.035,1.199,-6.926,-15.359,3.018,2.928,1.464,1.374,0,NULL,NULL,,3,1,2,7,255,966,250,0,0
stim,39153,69274,1,69274,3266604.453,-0.480,0.276,-0.414,0.722,0,0,0,0,0,0,0,21,54,1.309,1,2099,0,271.480,4.053,-0.938,261.688,72.250,-0.711,0.516,-0.180,-1.621,-3.715,-17.316,3.064,2.974,1.464,1.374,0,NULL,NULL,,3,1,2,7,255,966,250,0,0
stim,39153,69274,1,69274,3266609.455,-0.482,0.268,-0.408,0.728,0,0,0,0,0,0,0,25,54,1.309,1,2099,0,273.821,3.882,39.250,262.500,67.313,-0.734,0.402,-0.086,-1.621,-3.527,-17.316,3.104,3.014,1.464,1.374,0,NULL,NULL,,3,1,2,7,255,966,250,0,0
stim,39184,69305,1,69305,3266614.454,-0.485,0.259,-0.401,0.733,0,0,0,0,0,0,0,20,54,1.309,1,2099,0,280.190,3.634,57.813,267.000,62.250,-0.645,0.277,0.063,-0.875,-3.527,-17.273,3.134,3.042,1.464,1.374,0,NULL,NULL,,3,1,2,7,255,966,250,0,0
stim,39184,69305,1,69305,3266619.455,-0.487,0.251,-0.394,0.738,0,0,0,0,0,0,0,19,54,1.309,1,2099,0,288.791,4.249,63.625,272.875,69.938,-0.531,0.234,0.129,-0.156,-4.246,-15.285,3.156,3.064,1.464,1.374,0,NULL,NULL,,3,1,2,7,255,966,250,0,0
stim,39184,69305,1,69305,3266624.454,-0.488,0.242,-0.386,0.744,0,0,0,0,0,0,0,24,54,1.309,1,2099,0,298.862,4.257,70.875,278.313,82.688,-0.531,0.266,0.195,-0.156,-4.254,-13.848,3.176,3.084,1.464,1.374,0,NULL,NULL,,3,1,2,7,255,966,250,0,0
stim,39184,69305,1,69305,3266629.455,-0.490,0.233,-0.378,0.750,0,0,0,0,0,0,0,23,54,1.309,1,2099,0,306.256,4.975,83.188,283.375,81.063,-0.625,0.293,0.273,-0.320,-4.965,-13.648,3.194,3.100,1.464,1.374,0,NULL,NULL,,3,1,2,7,255,966,250,0,0
stim,39223,69344,1,69344,3266634.454,-0.492,0.225,-0.369,0.755,0,0,0,0,0,0,0,25,54,1.309,1,2099,0,310.591,6.246,94.438,289.250,62.313,-0.641,0.230,0.406,-0.320,-6.238,-13.504,3.212,3.118,1.464,1.374,0,NULL,NULL,,3,1,2,7,255,966,250,0,0
stim,39223,69344,1,69344,3266639.455,-0.495,0.216,-0.360,0.761,0,0,0,0,0,0,0,16,54,1.309,1,2099,0,315.743,7.324,98.563,296.250,47.063,-0.547,0.164,0.531,0.230,-7.320,-12.570,3.234,3.138,1.464,1.374,0,NULL,NULL,,3,1,2,7,255,966,250,0,0
stim,39223,69344,1,69344,3266644.453,-0.497,0.208,-0.351,0.766,0,0,0,0,0,0,0,19,54,1.309,1,2099,0,323.032,7.628,98.688,304.750,41.688,-0.488,0.188,0.633,0.230,-7.625,-10.738,3.258,3.162,1.464,1.374,0,NULL,NULL,,3,1,2,7,255,966,250,0,0
stim,39223,69344,1,69344,3266649.455,-0.500,0.199,-0.341,0.771,0,0,0,0,0,0,0,23,54,1.309,1,2099,0,330.752,8.110,97.688,313.875,36.563,-0.504,0.238,0.750,-0.102,-8.109,-9.563,3.284,3.188,1.464,1.374,0,NULL,NULL,,3,1,2,7,255,966,250,0,0
stim,39243,69364,1,69364,3266654.454,-0.504,0.190,-0.331,0.775,0,0,0,0,0,0,0,27,54,1.309,1,2099,0,338.363,9.168,93.813,324.188,24.313,-0.516,0.254,0.859,-0.594,-9.148,-8.832,3.316,3.220,1.464,1.374,0,NULL,NULL,,3,1,2,7,255,966,250,0,0
stim,39243,69364,1,69364,3266659.455,-0.508,0.181,-0.320,0.779,0,0,0,0,0,0,0,27,54,1.309,1,2099,0,347.029,10.014,87.000,335.813,9.500,-0.484,0.238,0.926,-0.773,-9.984,-7.945,3.352,3.254,1.464,1.374,0,NULL,NULL,,3,1,2,7,255,966,250,0,0
stim,39243,69365,1,69365,3266664.453,-0.513,0.171,-0.310,0.783,0,0,0,0,0,0,0,26,54,1.309,1,2099,0,357.082,10.139,80.000,348.000,-1.875,-0.457,0.254,0.957,-0.867,-10.102,-6.930,3.390,3.290,1.464,1.374,0,NULL,NULL,,3,1,2,7,255,966,250,0,0
stim,39243,69365,1,69365,3266669.455,-0.518,0.160,-0.299,0.786,0,0,0,0,0,0,0,37,54,1.309,1,2099,0,367.769,10.177,75.188,359.750,-13.438,-0.445,0.289,0.973,-1.238,-10.102,-6.305,3.430,3.330,1.464,1.374,0,NULL,NULL,,3,1,2,7,255,966,250,0,0
stim,39243,69365,1,69365,3266674.454,-0.523,0.150,-0.288,0.788,0,0,0,0,0,0,0,34,54,1.309,1,2099,0,378.395,10.240,73.125,369.500,-36.125,-0.539,0.410,0.961,-1.676,-10.102,-6.305,3.472,3.372,1.464,1.374,0,NULL,NULL,,3,1,2,7,255,966,250,0,0
stim,39243,69365,1,69365,3266679.455,-0.530,0.139,-0.276,0.790,0,0,0,0,0,0,0,41,54,1.309,1,2099,0,390.219,10.220,73.813,380.188,-47.750,-0.207,0.094,0.945,-1.676,-10.082,-5.941,3.514,3.412,1.464,1.374,0,NULL,NULL,,3,1,2,7,255,966,250,0,0
stim,39243,69365,1,69365,3266684.453,-0.535,0.128,-0.264,0.792,0,0,0,0,0,0,0,43,54,1.309,1,2099,0,392.643,7.427,69.500,385.875,-20.938,-0.105,0.063,0.883,-1.184,-7.332,-3.715,3.554,3.452,1.464,1.374,0,NULL,NULL,,3,1,2,7,255,966,250,0,0
stim,39243,69365,1,69365,3266689.455,-0.540,0.117,-0.253,0.795,0,0,0,0,0,0,0,45,54,1.309,1,2099,0,396.464,6.200,72.688,389.688,-6.625,-0.172,0.219,0.781,-1.184,-6.086,-3.715,3.592,3.490,1.464,1.374,0,NULL,NULL,,3,1,2,7,255,966,250,0,0
stim,39244,69365,1,69365,3266694.454,-0.544,0.106,-0.240,0.797,0,0,0,0,0,0,0,45,54,1.309,1,2099,0,398.208,6.493,90.875,387.375,-15.875,-0.246,0.297,0.703,-2.262,-6.086,-4.836,3.626,3.522,1.464,1.374,0,NULL,NULL,,3,1,2,7,255,966,250,0,0
stim,39244,69365,1,69365,3266699.455,-0.549,0.096,-0.227,0.799,0,0,0,0,0,0,0,45,54,1.309,1,2099,0,400.125,6.552,118.938,381.188,-25.500,-0.117,0.207,0.762,-2.426,-6.086,-4.836,3.656,3.554,1.464,1.374,0,NULL,NULL,,3,1,2,7,255,966,250,0,0
stim,39276,69397,1,69397,3266704.453,-0.553,0.086,-0.213,0.801,0,0,0,0,0,0,0,43,54,1.309,1,2099,0,398.826,5.684,136.500,374.438,-15.063,0.004,0.137,0.871,-2.426,-5.141,-4.363,3.688,3.582,1.464,1.374,0,NULL,NULL,,3,1,2,7,255,966,250,0,0
stim,39276,69397,1,69397,3266709.455,-0.556,0.077,-0.199,0.803,0,0,0,0,0,0,0,47,54,1.309,1,2099,0,394.656,5.109,144.750,367.125,4.500,-0.012,0.172,0.945,-2.426,-4.496,-2.590,3.716,3.612,1.464,1.374,0,NULL,NULL,,3,1,2,7,255,966,250,0,0
stim,39276,69397,1,69397,3266714.453,-0.558,0.068,-0.185,0.806,0,0,0,0,0,0,0,47,54,1.309,1,2099,0,392.381,5.285,155.313,360.063,14.000,-0.082,0.246,0.996,-2.777,-4.496,-1.945,3.746,3.640,1.464,1.374,0,NULL,NULL,,3,1,2,7,255,966,250,0,0
stim,39276,69397,1,69397,3266719.455,-0.561,0.060,-0.170,0.808,0,0,0,0,0,0,0,51,54,1.309,1,2099,0,392.933,6.148,170.750,353.563,15.313,-0.109,0.262,1.090,-3.270,-5.207,-1.734,3.776,3.668,1.464,1.374,0,NULL,NULL,,3,1,2,7,255,966,250,0,0
stim,39276,69397,1,69397,3266724.454,-0.562,0.052,-0.155,0.811,0,0,0,0,0,0,0,44,54,1.309,1,2099,0,394.608,6.432,184.500,348.313,18.813,-0.113,0.227,1.227,-3.270,-5.539,-0.816,3.806,3.698,1.464,1.374,0,NULL,NULL,,3,1,2,7,255,966,250,0,0
stim,39276,69397,1,69397,3266729.455,-0.564,0.044,-0.140,0.813,0,0,0,0,0,0,0,55,54,1.309,1,2099,0,395.650,6.418,192.000,345.188,22.813,-0.145,0.219,1.391,-3.188,-5.570,0.703,3.836,3.728,1.464,1.374,0,NULL,NULL,,3,1,2,7,255,966,250,0,0
stim,39331,69452,1,69452,3266734.453,-0.565,0.037,-0.125,0.815,0,0,0,0,0,0,0,45,54,1.309,1,2099,0,394.057,6.739,193.688,342.250,25.125,-0.199,0.262,1.570,-3.188,-5.938,2.367,3.868,3.760,1.464,1.374,0,NULL,NULL,,3,1,2,7,255,966,250,0,0
stim,39331,69452,1,69452,3266739.455,-0.566,0.029,-0.109,0.817,0,0,0,0,0,0,0,46,54,1.309,1,2099,0,390.234,7.443,188.063,341.188,22.500,-0.238,0.273,1.719,-3.461,-6.590,4.090,3.898,3.790,1.464,1.374,0,NULL,NULL,,3,1,2,7,255,966,250,0,0
stim,39331,69452,1,69452,3266744.454,-0.567,0.021,-0.095,0.818,0,0,0,0,0,0,0,53,54,1.309,1,2099,0,386.290,7.443,180.375,341.063,19.000,-0.242,0.246,1.844,-3.461,-6.590,5.648,3.930,3.820,1.464,1.374,0,NULL,NULL,,3,1,2,7,255,966,250,0,0
stim,39331,69452,0,69452,3266749.455,-0.568,0.013,-0.080,0.819,0,0,0,0,0,0,0,55,54,1.309,1,2099,0,381.954,7.262,169.563,341.813,17.375,-0.246,0.238,1.926,-3.309,-6.465,7.137,3.960,3.850,1.464,1.374,0,NULL,NULL,,3,0,2,7,255,963,250,0,0
stim,39331,69452,0,69452,3266754.453,-0.569,0.005,-0.066,0.820,0,0,0,0,0,0,0,63,54,1.309,1,2099,0,377.100,6.850,157.813,342.125,15.813,-0.258,0.238,1.953,-3.270,-6.020,8.137,3.988,3.878,1.464,1.374,0,NULL,NULL,,3,0,2,7,255,963,250,0,0
stim,39331,69452,0,69452,3266759.455,-0.570,-0.004,-0.052,0.820,0,0,0,0,0,0,0,69,54,1.309,1,2099,0,373.987,6.434,150.688,342.063,12.375,-0.273,0.203,1.949,-3.199,-5.582,8.578,4.016,3.904,1.464,1.374,0,NULL,NULL,,3,0,2,7,255,963,250,0,0
stim,39331,69452,0,69452,3266764.454,-0.570,-0.012,-0.038,0.820,0,0,0,0,0,0,0,73,54,1.309,1,2099,0,373.721,5.707,151.313,341.625,8.000,-0.266,0.137,1.957,-2.801,-4.973,8.754,4.042,3.930,1.464,1.374,0,NULL,NULL,,3,0,2,7,255,963,250,0,0
stim,39331,69452,0,69452,3266769.455,-0.571,-0.020,-0.024,0.820,0,0,0,0,0,0,0,77,54,1.309,1,2099,0,375.113,4.665,156.938,340.688,3.500,-0.250,0.078,1.992,-2.223,-4.102,9.070,4.066,3.954,1.464,1.374,0,NULL,NULL,,3,0,2,7,255,963,250,0,0
stim,39331,69452,0,69452,3266774.454,-0.572,-0.029,-0.009,0.820,0,0,0,0,0,0,0,77,54,1.309,1,2099,0,375.950,3.556,160.563,339.938,-0.500,-0.223,-0.012,2.004,-1.703,-3.121,9.582,4.088,3.974,1.464,1.374,0,NULL,NULL,,3,0,2,7,255,963,250,0,0
stim,39331,69452,0,69452,3266779.455,-0.573,-0.037,0.005,0.819,0,0,0,0,0,0,0,78,54,1.309,1,2099,0,377.388,2.163,166.438,338.688,-3.313,-0.195,-0.098,1.949,-0.953,-1.941,9.582,4.106,3.992,1.464,1.374,0,NULL,NULL,,3,0,2,7,255,963,250,0,0
stim,39349,69470,0,69470,3266784.454,-0.574,-0.044,0.020,0.818,0,0,0,0,0,0,0,83,54,1.309,1,2099,0,383.751,0.749,183.563,336.938,-6.563,-0.141,-0.160,1.891,-0.129,-0.738,9.418,4.120,4.006,1.464,1.374,0,NULL,NULL,,3,0,2,7,255,963,250,0,0
stim,39349,69470,0,69470,3266789.455,-0.574,-0.051,0.036,0.816,0,0,0,0,0,0,0,85,54,1.309,1,2099,0,396.578,0.677,212.688,334.563,-10.313,-0.070,-0.230,1.914,0.410,0.539,8.949,4.130,4.014,1.464,1.374,0,NULL,NULL,,3,0,2,7,255,963,250,0,0
stim,39349,69470,0,69470,3266794.453,-0.575,-0.056,0.052,0.814,0,0,0,0,0,0,0,81,54,1.309,1,2099,0,412.200,2.274,244.063,331.875,-14.188,0.055,-0.266,2.043,0.914,2.082,8.949,4.134,4.018,1.464,1.374,0,NULL,NULL,,3,0,2,7,255,963,250,0,0
stim,39349,69470,0,69470,3266799.455,-0.576,-0.061,0.070,0.812,0,0,0,0,0,0,0,91,54,1.309,1,2099,0,428.559,4.214,273.188,329.688,-18.375,0.242,-0.273,2.227,0.914,4.113,9.930,4.130,4.014,1.464,1.374,0,NULL,NULL,,3,0,2,7,255,963,250,0,0
stim,39372,69493,0,69493,3266804.454,-0.577,-0.065,0.089,0.809,0,0,0,0,0,0,0,103,54,1.309,1,2099,0,445.723,6.859,299.875,329.063,-21.500,0.465,-0.250,2.457,0.605,6.832,11.207,4.118,4.000,1.464,1.374,0,NULL,NULL,,3,0,2,7,255,963,250,0,0
stim,39372,69493,0,69493,3266809.455,-0.577,-0.069,0.109,0.806,0,0,0,0,0,0,0,94,54,1.309,1,2099,0,460.621,10.004,320.438,330.125,-22.563,0.676,-0.246,2.711,-0.039,10.004,12.668,4.094,3.976,1.464,1.374,0,NULL,NULL,,3,0,2,7,255,963,250,0,0
stim,39372,69493,0,69493,3266814.453,-0.578,-0.072,0.129,0.803,0,0,0,0,0,0,0,93,54,1.309,1,2099,0,469.671,13.294,331.438,332.125,-20.813,0.840,-0.211,2.988,-0.352,13.289,14.219,4.060,3.942,1.464,1.374,0,NULL,NULL,,3,0,2,7,255,963,250,0,0
stim,39372,69493,0,69493,3266819.455,-0.578,-0.076,0.148,0.799,0,0,0,0,0,0,0,101,54,1.309,1,2099,0,469.528,16.324,327.375,335.875,-21.688,0.992,-0.168,3.223,-0.711,16.309,15.941,4.014,3.896,1.464,1.374,0,NULL,NULL,,3,0,2,7,255,963,250,0,0
stim,39396,69517,0,69517,3266824.454,-0.578,-0.080,0.168,0.795,0,0,0,0,0,0,0,95,54,1.309,1,2099,0,461.756,19.201,312.813,338.813,-23.938,1.098,-0.109,3.418,-0.988,19.176,17.094,3.956,3.836,1.464,1.374,0,NULL,NULL,,3,0,2,7,255,963,250,0,0
stim,39396,69517,0,69517,3266829.455,-0.578,-0.085,0.186,0.790,0,0,0,0,0,0,0,115,54,1.309,1,2099,0,443.794,21.639,284.688,339.125,-30.000,1.164,-0.031,3.555,-1.270,21.602,17.930,3.886,3.766,1.464,1.374,0,NULL,NULL,,3,0,2,7,255,963,250,0,0
stim,39429,69550,0,69550,3266834.453,-0.578,-0.091,0.202,0.786,0,0,0,0,0,0,0,125,54,1.309,1,2099,0,417.082,23.520,247.875,333.188,-38.750,1.305,0.090,3.648,-1.672,23.461,17.980,3.806,3.684,1.464,1.374,0,NULL,NULL,,3,0,2,7,255,963,250,0,0
stim,39429,69550,0,69550,3266839.455,-0.578,-0.097,0.217,0.781,0,0,0,0,0,0,0,149,54,1.309,1,2099,0,384.150,25.858,202.313,322.000,-54.375,1.621,0.223,3.652,-2.758,25.711,17.980,3.712,3.590,1.464,1.374,0,NULL,NULL,,3,0,2,7,255,963,250,0,0
stim,39429,69550,0,69550,3266844.453,-0.578,-0.104,0.230,0.776,0,0,0,0,0,0,0,192,54,1.309,1,2099,0,344.908,29.351,146.750,305.500,-64.000,2.063,0.191,3.465,-4.648,28.980,16.195,3.610,3.488,1.464,1.374,0,NULL,NULL,,3,0,2,7,255,963,250,0,0
stim,39429,69550,0,69550,3266849.455,-0.578,-0.112,0.239,0.772,0,0,0,0,0,0,0,239,54,1.309,1,2099,0,302.592,33.049,92.938,283.313,-51.563,2.496,-0.020,3.047,-5.230,32.633,11.820,3.496,3.372,1.464,1.374,0,NULL,NULL,,3,0,2,7,255,963,250,0,0
stim,39429,69550,0,69550,3266854.453,-0.576,-0.120,0.248,0.770,0,0,0,0,0,0,0,287,54,1.309,1,2099,0,265.480,35.605,56.313,258.063,-26.688,2.824,-0.273,2.480,-5.230,35.219,5.035,3.366,3.242,1.464,1.374,0,NULL,NULL,,3,0,2,7,255,963,250,0,0
stim,39429,69550,0,69550,3266859.455,-0.574,-0.126,0.255,0.768,0,0,0,0,7,0,0,339,54,1.309,1,2099,0,234.500,36.191,46.750,229.750,-4.438,3.129,-0.441,1.918,-4.309,35.934,-2.602,3.222,3.098,1.464,1.374,0,NULL,NULL,,3,0,2,7,255,963,250,0,0
stim,39429,69550,0,69550,3266864.453,-0.572,-0.132,0.262,0.766,0,0,0,0,43,0,0,363,54,1.309,1,2099,0,209.922,36.199,58.750,200.750,17.750,3.531,-0.547,1.398,-4.309,35.941,-9.836,3.068,2.944,1.464,1.374,0,NULL,NULL,,3,0,2,7,255,963,250,0,0
stim,39429,69550,0,69550,3266869.455,-0.569,-0.135,0.269,0.765,0,0,0,0,53,0,0,384,54,1.309,1,2099,0,199.219,36.815,84.813,175.813,39.813,3.914,-0.871,0.895,-4.133,36.582,-16.941,2.906,2.782,1.464,1.374,0,NULL,NULL,,3,0,2,7,255,963,250,0,0
stim,39429,69550,0,69550,3266874.454,-0.566,-0.136,0.278,0.764,0,0,0,0,61,0,0,397,54,1.309,1,2099,0,215.772,37.544,139.688,151.063,65.000,4.172,-1.523,0.547,-3.480,37.383,-24.289,2.736,2.612,1.464,1.374,0,NULL,NULL,,3,0,2,7,255,963,250,0,0
stim,39429,69550,0,69550,3266879.455,-0.563,-0.133,0.289,0.763,0,0,0,0,92,0,0,399,54,1.309,1,2099,0,276.374,38.630,221.000,123.875,110.438,4.258,-2.184,0.563,1.254,38.609,-30.508,2.560,2.436,1.464,1.374,0,NULL,NULL,,3,0,2,7,255,963,250,0,0
stim,39454,69575,0,69575,3266884.453,-0.558,-0.127,0.304,0.762,0,0,0,0,101,0,0,395,54,1.309,1,2099,0,369.260,39.182,318.625,105.063,154.250,3.785,-2.141,0.738,6.676,38.609,-30.508,2.374,2.250,1.464,1.374,0,NULL,NULL,,3,0,2,7,255,963,250,0,0
stim,39454,69575,0,69575,3266889.455,-0.552,-0.117,0.317,0.762,0,0,0,0,135,0,0,403,54,1.309,1,2099,0,411.567,41.132,350.563,38.688,212.125,4.426,-2.309,2.605,7.504,40.441,-30.082,2.182,2.058,1.464,1.374,0,NULL,NULL,,3,0,2,7,255,963,250,0,0
stim,39454,69575,0,69575,3266894.454,-0.543,-0.109,0.327,0.766,0,0,0,0,149,0,0,405,54,1.309,1,2099,0,371.140,42.598,228.500,24.438,291.438,2.773,-2.297,2.703,8.668,41.707,-20.316,1.984,1.860,1.464,1.374,0,NULL,NULL,,3,0,2,7,255,963,250,0,0
stim,39454,69575,0,69575,3266899.455,-0.541,-0.101,0.336,0.764,0,0,0,0,147,0,0,409,54,1.309,1,2099,0,289.980,42.900,267.063,-11.750,112.375,1.781,-1.359,2.820,10.047,41.707,-11.609,1.778,1.656,1.464,1.374,0,NULL,NULL,,3,0,2,7,255,963,250,0,0
stim,39454,69575,0,69575,3266904.453,-0.542,-0.093,0.343,0.762,0,0,0,0,107,0,0,379,54,1.309,1,2099,0,242.163,42.900,234.063,-57.313,23.938,2.492,-0.836,3.973,10.047,41.707,-2.816,1.570,1.446,1.464,1.374,0,NULL,NULL,,3,0,2,7,255,963,250,0,0
stim,39454,69575,0,69575,3266909.455,-0.543,-0.087,0.345,0.761,0,0,0,0,55,0,0,381,54,1.309,1,2099,0,139.166,41.536,110.250,-83.688,14.438,2.031,-0.391,4.195,5.461,41.176,3.977,1.358,1.234,1.464,1.374,0,NULL,NULL,,3,0,2,7,255,963,250,0,0
stim,39483,69604,0,69604,3266914.454,-0.545,-0.085,0.341,0.761,0,0,0,0,47,0,0,443,54,1.309,1,2099,0,113.295,41.393,-35.750,-106.000,-17.938,1.934,-0.277,4.043,4.234,41.176,9.754,1.146,1.024,1.464,1.374,0,NULL,NULL,,3,0,2,7,255,963,250,0,0
stim,39483,69604,0,69604,3266919.455,-0.544,-0.078,0.337,0.764,365,0,0,787,0,28,0,551,54,1.309,1,2099,0,197.213,39.353,1.313,-173.500,93.750,0.668,-0.539,4.703,4.234,39.125,9.945,0.940,0.820,1.464,1.374,0,NULL,NULL,,3,0,2,7,255,963,250,0,0
stim,39483,69604,0,69604,3266924.454,-0.531,-0.064,0.330,0.778,1048,0,0,1407,0,245,0,555,54,1.309,1,2099,0,558.561,33.714,-91.313,-269.875,480.438,-0.824,1.848,6.082,3.391,33.543,20.508,0.744,0.626,1.464,1.374,0,NULL,NULL,,3,0,2,7,255,963,250,0,0
stim,39483,69604,0,69604,3266929.455,-0.515,-0.074,0.298,0.800,1645,0,0,1832,0,477,0,613,54,1.309,1,2099,0,979.701,23.616,-872.063,-141.500,423.438,-1.559,3.785,2.434,0.813,23.602,30.270,0.558,0.444,1.464,1.374,0,NULL,NULL,,3,0,2,7,255,963,250,0,0
stim,39522,69643,0,69643,3266934.454,-0.507,-0.085,0.267,0.815,2073,0,0,2027,0,597,0,669,55,1.309,1,2100,0,858.223,21.497,-823.938,-147.125,189.813,-2.512,3.395,-1.102,-18.797,-10.430,30.270,0.420,0.318,1.464,1.374,1,1073.000,110.000,,3,0,2,7,255,963,250,0,0
stim,39522,69643,0,69643,3266939.455,-0.505,-0.090,0.248,0.822,2280,0,0,2139,0,823,0,700,55,1.309,1,2100,0,477.065,40.307,-460.938,-108.625,57.688,-2.773,1.813,-1.555,-18.797,-35.656,1.773,0.374,0.288,1.464,1.374,1,NULL,NULL,,3,0,2,7,255,963,250,0,0
stim,39522,69643,0,69643,3266944.453,-0.509,-0.090,0.237,0.823,2442,0,0,2227,0,955,0,787,55,1.309,1,2100,0,261.812,35.868,-197.125,-144.563,-93.750,-0.906,0.809,0.074,-3.895,-35.656,-3.563,0.404,0.326,1.464,1.374,1,NULL,NULL,,3,0,2,7,255,963,250,0,0
stim,39522,69643,0,69643,3266949.455,-0.512,-0.090,0.230,0.823,2591,0,0,2387,0,1139,0,843,55,1.309,1,2100,0,184.478,10.561,-128.313,-116.000,-64.125,0.457,1.105,1.125,-3.895,-9.816,-3.563,0.462,0.382,1.464,1.374,1,NULL,NULL,,3,0,2,7,255,963,250,0,0
stim,39522,69643,0,69643,3266954.454,-0.509,-0.088,0.221,0.827,2745,0,0,2569,0,1207,0,918,55,1.309,1,2100,0,235.462,11.222,-174.438,-134.125,83.813,0.520,1.945,1.227,-11.082,1.770,1.039,0.512,0.432,1.464,1.374,1,NULL,NULL,,3,0,2,7,255,963,250,0,0
stim,39522,69643,0,69643,3266959.455,-0.502,-0.086,0.209,0.835,2847,0,0,2719,0,1239,0,963,55,1.309,1,2100,0,385.196,11.222,-267.563,-175.125,214.750,-1.461,0.285,0.973,-11.082,1.770,3.785,0.552,0.472,1.464,1.374,2,NULL,NULL,,3,0,2,7,255,963,250,0,0
stim,39545,69666,0,69666,3266964.453,-0.497,-0.086,0.190,0.842,2931,0,0,2825,0,1268,0,1053,55,1.309,1,2100,0,461.173,9.913,-394.563,-200.375,129.813,-2.504,-1.066,0.301,4.730,-8.711,3.785,0.584,0.506,1.464,1.374,2,NULL,NULL,,3,0,2,7,255,963,250,0,0
stim,39545,69666,0,69666,3266969.455,-0.501,-0.086,0.175,0.843,2988,0,0,2915,0,1299,0,1177,55,1.309,1,2100,0,373.695,23.159,-297.375,-195.500,-114.000,-1.926,-1.211,-0.695,19.410,-12.633,-1.063,0.610,0.532,1.464,1.374,2,NULL,NULL,,3,0,2,7,255,963,250,0,0
stim,39545,69666,0,69666,3266974.454,-0.510,-0.082,0.166,0.840,3043,0,0,2975,0,1333,0,1255,55,1.309,1,2100,0,308.482,23.159,-92.313,-201.500,-214.563,-0.305,-0.719,-0.082,19.410,-12.633,-10.824,0.626,0.542,1.464,1.374,2,NULL,NULL,,3,0,2,7,255,963,250,0,0
stim,39545,69666,0,69666,3266979.455,-0.519,-0.076,0.162,0.836,3077,0,0,3051,0,1381,0,1293,55,1.309,1,2100,0,283.535,7.528,39.313,-182.750,-213.188,0.785,-0.973,1.320,7.523,0.258,-10.824,0.634,0.540,1.464,1.374,2,NULL,NULL,,3,0,2,7,255,963,250,0,0
stim,39545,69666,0,69666,3266984.453,-0.524,-0.070,0.159,0.834,3095,0,0,3089,0,1405,0,1315,55,1.309,1,2100,0,191.395,16.299,15.500,-153.375,-113.438,1.445,-1.445,2.004,6.809,14.809,-1.477,0.630,0.524,1.464,1.374,2,NULL,NULL,,3,0,2,7,255,963,250,0,0
stim,39545,69666,0,69666,3266989.455,-0.524,-0.066,0.152,0.836,3109,0,0,3124,0,1461,0,1311,55,1.309,1,2100,0,184.251,25.173,-91.875,-156.063,33.938,1.453,-1.785,1.910,6.809,24.234,1.395,0.604,0.490,1.464,1.374,2,NULL,NULL,,3,0,2,7,255,963,250,0,0
stim,39545,69666,0,69666,3266994.453,-0.517,-0.064,0.143,0.842,3123,0,0,3148,0,1554,0,1313,55,1.309,1,2100,0,310.237,26.093,-189.875,-144.625,198.188,0.730,-1.656,1.156,9.672,24.234,1.395,0.554,0.436,1.464,1.374,2,NULL,NULL,,3,0,2,7,255,963,250,0,0
stim,39545,69666,0,69666,3266999.455,-0.507,-0.062,0.134,0.849,3131,0,0,3185,0,1685,0,1339,55,1.309,1,2100,0,356.176,19.065,-180.125,-149.188,268.625,-0.578,-0.766,0.305,9.672,16.430,-3.164,0.488,0.366,1.464,1.374,2,NULL,NULL,,3,0,2,7,255,963,250,0,0
stim,39576,69697,0,69697,3267004.454,-0.500,-0.057,0.128,0.855,3134,0,0,3192,0,1805,53,1391,55,1.309,1,2100,0,267.915,9.256,-84.625,-160.188,197.375,-1.289,-0.098,0.332,9.238,-0.578,-3.957,0.422,0.294,1.464,1.374,2,NULL,NULL,,3,0,2,7,255,963,250,0,0
stim,39576,69697,0,69697,3267009.455,-0.498,-0.050,0.124,0.857,3145,0,0,3209,0,1903,61,1491,55,1.309,1,2100,0,174.649,10.992,-14.188,-163.313,60.250,-1.105,0.340,0.938,6.984,-8.488,-3.957,0.370,0.236,1.464,1.374,2,NULL,NULL,,3,0,2,7,255,963,250,0,0
stim,39576,69697,0,69697,3267014.453,-0.500,-0.045,0.120,0.856,3147,0,0,3211,19,2021,85,1581,55,1.309,1,2100,0,159.375,8.854,-8.938,-155.625,-33.188,-0.309,0.563,1.414,2.520,-8.488,1.801,0.342,0.198,1.464,1.374,2,NULL,NULL,,3,0,2,7,255,963,250,0,0
stim,39576,69697,0,69697,3267019.455,-0.502,-0.041,0.115,0.856,3157,0,0,3215,105,2095,121,1643,55,1.309,1,2100,0,157.343,3.647,-53.250,-143.313,-37.188,0.246,0.242,1.594,-3.063,-1.980,4.973,0.334,0.182,1.464,1.374,2,NULL,NULL,,3,0,2,7,255,963,250,0,0
stim,39576,69697,0,69697,3267024.454,-0.502,-0.038,0.108,0.857,3148,0,0,3198,316,2190,167,1765,55,1.309,1,2100,0,179.333,5.321,-120.188,-132.438,13.250,0.328,-0.344,1.422,-3.063,4.352,4.973,0.336,0.182,1.464,1.374,2,NULL,NULL,,3,0,2,7,255,963,250,0,0
stim,39576,69697,0,69697,3267029.455,-0.500,-0.037,0.100,0.859,3161,0,0,3209,631,2259,301,1895,55,1.309,1,2100,0,196.195,5.561,-147.000,-122.875,42.250,0.047,-0.680,0.957,1.457,5.367,2.879,0.342,0.184,1.464,1.374,2,NULL,NULL,,3,0,2,7,255,963,250,0,0
stim,39628,69749,0,69749,3267034.453,-0.500,-0.035,0.094,0.860,3155,0,0,3209,843,2311,339,2027,55,1.309,1,2100,0,131.125,7.327,-84.000,-99.563,15.000,0.023,-0.602,1.133,4.988,5.367,0.500,0.340,0.180,1.464,1.374,2,NULL,NULL,,3,0,2,7,255,963,250,0,0
stim,39628,69749,0,69749,3267039.455,-0.502,-0.034,0.092,0.859,3163,0,0,3197,1059,2343,317,2107,55,1.309,1,2100,0,71.691,7.327,-24.875,-52.000,-42.625,0.328,-0.184,1.270,4.988,5.367,0.500,0.328,0.168,1.464,1.374,2,NULL,NULL,,3,0,2,7,255,963,250,0,0
stim,39628,69749,0,69749,3267044.454,-0.503,-0.032,0.092,0.859,3157,0,0,3211,1184,2366,347,2155,55,1.309,1,2100,0,57.290,5.047,19.813,-41.688,-33.938,0.773,0.793,0.996,-0.035,5.047,0.500,0.310,0.148,1.464,1.374,2,NULL,NULL,,3,0,2,7,255,963,250,0,0
stim,39628,69749,0,69749,3267049.455,-0.503,-0.029,0.093,0.859,3160,0,0,3195,1277,2389,345,2207,55,1.309,1,2100,0,59.258,7.967,44.125,-36.625,14.938,0.430,0.555,1.688,-6.633,4.414,1.762,0.288,0.126,1.464,1.374,2,NULL,NULL,,3,0,2,7,255,963,250,0,0
stim,39628,69749,0,69749,3267054.453,-0.501,-0.030,0.090,0.860,3148,7,0,3191,1383,2411,347,2264,55,1.309,1,2100,0,76.702,7.647,-65.188,-20.750,34.688,-0.340,0.016,1.734,-6.633,3.805,6.426,0.268,0.104,1.464,1.374,2,NULL,NULL,,3,0,2,7,255,963,250,0,0
stim,39628,69749,0,69749,3267059.455,-0.502,-0.032,0.085,0.860,3157,21,0,3193,1447,2431,352,2293,55,1.309,1,2100,0,122.235,0.941,-118.813,-16.063,-23.813,-0.586,0.215,0.918,0.938,-0.086,6.426,0.252,0.088,1.464,1.374,2,NULL,NULL,,3,0,2,7,255,963,250,0,0
stim,39628,69749,0,69749,3267064.454,-0.506,-0.033,0.082,0.858,3147,33,0,3187,1528,2453,357,2329,55,1.309,1,2100,0,111.748,2.258,-56.813,-13.688,-95.250,-0.238,0.180,0.555,0.938,-2.055,0.059,0.242,0.078,1.464,1.374,2,NULL,NULL,,3,0,2,7,255,963,250,0,0
stim,39628,69749,0,69749,3267069.455,-0.510,-0.032,0.082,0.856,3145,55,0,3192,1593,2453,365,2351,55,1.309,1,2100,0,101.201,2.112,1.500,-18.750,-99.438,0.211,-0.031,0.918,-0.488,-2.055,-1.258,0.238,0.072,1.464,1.374,2,NULL,NULL,,3,0,2,7,255,963,250,0,0
stim,39628,69749,0,69749,3267074.454,-0.511,-0.032,0.081,0.855,3148,45,0,3180,1647,2469,367,2378,55,1.309,1,2100,0,50.716,3.329,-9.875,-13.063,-48.000,0.266,-0.109,1.258,-0.488,3.293,-1.258,0.232,0.066,1.464,1.374,2,NULL,NULL,,3,0,2,7,255,963,250,0,0
stim,39628,69749,0,69749,3267079.455,-0.512,-0.033,0.079,0.855,3148,73,0,3189,1695,2475,371,2409,55,1.309,1,2100,0,52.660,3.351,-50.875,-7.813,-11.125,-0.023,0.070,1.168,-0.621,3.293,1.570,0.222,0.054,1.464,1.374,2,NULL,NULL,,3,0,2,7,255,963,250,0,0
stim,39650,69771,0,69771,3267084.453,-0.513,-0.034,0.077,0.855,3147,101,0,3193,1733,2475,373,2421,55,1.309,1,2100,0,60.139,1.344,-54.750,-5.000,-24.375,-0.234,0.199,0.934,-0.621,1.191,1.570,0.214,0.044,1.464,1.374,2,NULL,NULL,,3,0,2,7,255,963,250,0,0
stim,39650,69771,0,69771,3267089.455,-0.514,-0.035,0.076,0.853,3157,99,0,3193,1751,2477,379,2449,55,1.309,1,2100,0,61.634,0.680,-31.625,-4.000,-52.750,-0.137,0.090,0.926,-0.621,-0.277,-0.336,0.208,0.036,1.464,1.374,2,NULL,NULL,,3,0,2,7,255,963,250,0,0
stim,39650,69771,0,69771,3267094.454,-0.516,-0.035,0.074,0.852,3153,117,0,3191,1779,2489,375,2442,55,1.309,1,2100,0,55.576,0.439,-18.188,-2.875,-52.438,0.070,-0.027,1.027,-0.340,-0.277,-0.336,0.202,0.030,1.464,1.374,2,NULL,NULL,,3,0,2,7,255,963,250,0,0
stim,39650,69771,0,69771,3267099.455,-0.517,-0.035,0.073,0.852,3145,133,0,3192,1800,2505,371,2451,55,1.309,1,2100,0,33.328,1.967,-20.375,-1.813,-26.313,0.074,0.039,1.066,-0.340,1.938,0.035,0.198,0.024,1.464,1.374,2,NULL,NULL,,3,0,2,7,255,963,250,0,0
stim,39671,69792,0,69792,3267104.453,-0.518,-0.036,0.072,0.852,3160,151,39,3191,1829,2509,354,2452,55,1.309,1,2100,0,27.347,2.083,-25.688,-0.313,-9.375,-0.082,0.105,1.066,-0.766,1.938,0.445,0.192,0.016,1.464,1.374,2,NULL,NULL,,3,0,2,7,255,963,250,0,0
stim,39671,69792,0,69792,3267109.455,-0.518,-0.037,0.071,0.852,3141,147,56,3195,1848,2509,355,2453,55,1.309,1,2100,0,31.817,0.821,-28.125,0.250,-14.875,-0.199,0.098,1.035,-0.766,0.297,0.527,0.186,0.010,1.464,1.374,2,NULL,NULL,,3,0,2,7,255,963,250,0,0
stim,39671,69792,0,69792,3267114.454,-0.519,-0.037,0.071,0.851,3147,142,74,3183,1853,2501,348,2467,55,1.309,1,2100,0,35.685,0.238,-23.250,0.688,-27.063,-0.160,0.031,1.000,-0.191,-0.141,0.527,0.180,0.004,1.464,1.374,2,NULL,NULL,,3,0,2,7,255,963,250,0,0
stim,39671,69792,0,69792,3267119.455,-0.520,-0.038,0.070,0.850,3143,142,97,3189,1869,2507,343,2461,55,1.309,1,2100,0,30.530,0.151,-14.938,0.188,-26.625,-0.070,-0.004,1.008,0.055,-0.141,0.121,0.178,0.000,1.464,1.374,2,NULL,NULL,,3,0,2,7,255,963,250,0,0
stim,39695,69816,0,69816,3267124.454,-0.521,-0.038,0.069,0.850,3131,153,122,3181,1865,2503,337,2461,55,1.309,1,2100,0,19.473,0.733,-11.188,-0.188,-15.938,-0.066,0.027,1.051,0.055,0.730,0.121,0.000,0.000,1.464,1.374,2,NULL,NULL,,3,0,2,7,255,963,250,0,0
stim,39695,69816,0,69816,3267129.455,-0.521,-0.038,0.069,0.850,3133,163,150,3183,1877,2494,336,2461,55,1.287,1,2100,1,17.024,0.732,-14.875,-0.688,-8.250,-0.137,0.039,1.059,-0.043,0.730,0.465,0.000,0.000,1.424,1.351,2,NULL,NULL,,3,0,2,7,255,963,250,0,0
stim,39728,69849,0,69849,3267134.454,-0.521,-0.039,0.068,0.850,3120,151,176,3177,1879,2489,335,2463,55,1.287,1,2100,1,20.807,0.082,-18.688,-1.250,-9.063,-0.184,0.004,1.000,-0.043,0.070,0.465,0.002,0.002,1.424,1.351,2,NULL,NULL,,3,0,2,7,255,963,250,0,0
stim,39728,69849,0,69849,3267139.455,-0.522,-0.039,0.067,0.850,3124,165,211,3165,1883,2488,342,2469,55,1.287,1,2100,1,18.996,0.482,-14.938,-2.625,-11.438,-0.168,-0.051,0.941,0.480,0.035,0.152,0.004,0.006,1.424,1.351,2,NULL,NULL,,3,0,2,7,255,963,250,0,0
stim,39728,69849,0,69849,3267144.454,-0.522,-0.039,0.067,0.849,3103,164,222,3157,1876,2479,338,2459,55,1.287,1,2100,1,12.028,0.884,-7.438,-4.500,-8.313,-0.141,-0.078,0.934,0.883,0.035,-0.492,0.008,0.010,1.424,1.351,2,NULL,NULL,,3,0,2,7,255,963,250,0,0
stim,39728,69849,0,69849,3267149.455,-0.522,-0.039,0.066,0.849,3098,163,240,3149,1884,2475,341,2463,55,1.287,1,2100,1,7.548,0.895,-3.250,-6.313,-2.563,-0.152,-0.047,0.965,0.883,0.148,-0.492,0.008,0.012,1.424,1.351,2,NULL,NULL,,3,0,2,7,255,963,250,0,0
stim,39728,69849,0,69849,3267154.453,-0.522,-0.039,0.066,0.849,3093,151,265,3147,1896,2472,349,2463,55,1.287,1,2100,1,7.881,0.791,-3.063,-7.063,-1.688,-0.184,0.000,0.980,0.777,0.148,-0.281,0.010,0.012,1.424,1.351,2,NULL,NULL,,3,0,2,7,255,963,250,0,0
stim,39728,69849,0,69849,3267159.455,-0.522,-0.039,0.066,0.849,3081,147,269,3127,1900,2461,349,2470,55,1.287,1,2100,1,10.030,0.567,-2.938,-7.813,-5.563,-0.180,0.023,0.980,0.473,-0.313,-0.051,0.010,0.014,1.424,1.351,2,NULL,NULL,,3,0,2,7,255,963,250,0,0
stim,39728,69849,0,69849,3267164.454,-0.523,-0.038,0.065,0.849,3065,143,281,3116,1909,2459,349,2473,55,1.287,1,2100,1,11.244,0.415,-1.375,-8.375,-7.375,-0.148,0.023,0.984,0.273,-0.313,-0.051,0.012,0.014,1.424,1.351,2,NULL,NULL,,3,0,2,7,255,963,250,0,0
stim,39728,69849,0,69849,3267169.455,-0.523,-0.038,0.065,0.849,3055,147,326,3104,1925,2454,355,2476,55,1.287,1,2100,1,10.388,0.159,-0.500,-8.875,-5.375,-0.137,0.039,0.996,0.125,-0.098,-0.051,0.012,0.016,1.424,1.351,2,NULL,NULL,,3,0,2,7,255,963,250,0,0
stim,39728,69849,0,69849,3267174.454,-0.523,-0.038,0.065,0.849,3047,145,367,3092,1939,2447,382,2483,55,1.287,1,2100,1,10.018,0.110,-1.188,-9.188,-3.813,-0.160,0.063,1.012,-0.051,-0.098,0.055,0.012,0.016,1.424,1.351,2,NULL,NULL,,3,0,2,7,255,963,250,0,0
stim,39728,69849,0,69849,3267179.455,-0.523,-0.038,0.065,0.849,3043,147,409,3095,1965,2444,403,2493,55,1.287,1,2100,1,11.720,0.408,-2.688,-9.375,-6.500,-0.184,0.074,1.012,-0.160,-0.375,0.230,0.012,0.014,1.424,1.351,2,NULL,NULL,,3,0,2,7,255,963,250,0,0
stim,39754,69875,0,69875,3267184.454,-0.524,-0.037,0.064,0.849,3027,149,441,3065,1971,2449,411,2502,55,1.287,1,2100,1,14.835,0.656,-3.313,-9.313,-11.063,-0.180,0.078,1.000,-0.188,-0.629,0.230,0.012,0.014,1.424,1.351,2,NULL,NULL,,3,0,2,7,255,963,250,0,0
stim,39754,69875,0,69875,3267189.455,-0.524,-0.037,0.064,0.848,3005,147,493,3048,1995,2437,421,2501,55,1.287,1,2100,1,16.623,0.666,-3.438,-9.938,-12.875,-0.160,0.074,0.996,-0.219,-0.629,0.176,0.012,0.014,1.424,1.351,2,NULL,NULL,,3,0,2,7,255,963,250,0,0
stim,39754,69875,0,69875,3267194.453,-0.525,-0.037,0.064,0.848,2991,143,587,3032,2018,2429,447,2508,55,1.287,1,2100,1,16.644,0.524,-3.750,-10.625,-12.250,-0.164,0.063,0.992,-0.219,-0.477,0.094,0.014,0.012,1.424,1.351,2,NULL,NULL,,3,0,2,7,255,963,250,0,0
stim,39754,69875,0,69875,3267199.455,-0.525,-0.037,0.063,0.848,2975,157,661,3029,2041,2441,479,2533,55,1.287,1,2100,1,17.809,0.523,-3.500,-12.063,-12.625,-0.180,0.078,0.988,-0.215,-0.477,0.047,0.014,0.010,1.424,1.351,2,NULL,NULL,,3,0,2,7,255,963,250,0,0
stim,39754,69875,0,69875,3267204.454,-0.526,-0.036,0.063,0.848,2943,163,725,2999,2075,2427,523,2533,55,1.287,1,2100,1,20.056,0.698,-1.688,-13.063,-15.125,-0.168,0.113,0.996,-0.215,-0.664,0.047,0.016,0.010,1.424,1.351,2,NULL,NULL,,3,0,2,7,255,963,250,0,0
stim,39754,69875,0,69875,3267209.455,-0.526,-0.036,0.063,0.847,2927,171,765,2985,2109,2427,559,2542,55,1.287,1,2100,1,21.260,0.873,0.063,-14.000,-16.000,-0.141,0.145,1.016,-0.566,-0.664,0.102,0.016,0.008,1.424,1.351,2,NULL,NULL,,3,0,2,7,255,963,250,0,0
stim,39783,69904,0,69904,3267214.453,-0.527,-0.035,0.063,0.847,2891,181,864,2963,2155,2425,585,2557,55,1.287,1,2100,1,20.072,1.147,-1.750,-14.750,-13.500,-0.133,0.160,1.031,-0.969,-0.613,0.297,0.018,0.008,1.424,1.351,2,NULL,NULL,,3,0,2,7,255,963,250,0,0
stim,39783,69904,0,69904,3267219.455,-0.527,-0.034,0.062,0.847,2869,203,973,2941,2212,2426,655,2581,55,1.287,1,2100,1,19.612,1.254,-4.438,-15.063,-11.750,-0.148,0.164,1.027,-1.094,-0.613,0.430,0.018,0.008,1.424,1.351,2,NULL,NULL,,3,0,2,7,255,963,250,0,0
stim,39783,69904,0,69904,3267224.454,-0.528,-0.034,0.062,0.846,2856,213,1083,2925,2267,2440,764,2597,55,1.287,1,2100,1,21.362,1.326,-6.000,-15.375,-13.563,-0.164,0.156,1.008,-1.094,-0.750,0.430,0.020,0.006,1.424,1.351,2,NULL,NULL,,3,0,2,7,255,963,250,0,0
stim,39783,69904,0,69904,3267229.455,-0.528,-0.034,0.061,0.846,2823,249,1181,2895,2309,2431,870,2607,55,1.287,1,2100,1,23.483,1.220,-5.563,-15.625,-16.625,-0.160,0.121,0.988,-0.953,-0.762,0.223,0.020,0.006,1.424,1.351,2,NULL,NULL,,3,0,2,7,255,963,250,0,0
stim,39821,69942,0,69942,3267234.454,-0.529,-0.033,0.061,0.846,2788,261,1267,2873,2343,2437,974,2620,55,1.287,1,2100,1,25.488,1.008,-3.875,-16.250,-19.250,-0.164,0.098,0.977,-0.660,-0.762,0.031,0.022,0.006,1.424,1.351,2,NULL,NULL,,3,0,2,7,255,963,250,0,0
stim,39821,69942,0,69942,3267239.455,-0.530,-0.033,0.060,0.845,2759,262,1401,2857,2383,2440,1117,2641,55,1.287,1,2100,1,29.416,0.870,-2.250,-16.125,-24.500,-0.152,0.098,0.984,-0.473,-0.730,-0.008,0.024,0.008,1.424,1.351,2,NULL,NULL,,3,0,2,7,255,963,250,0,0
stim,39821,69942,0,69942,3267244.453,-0.531,-0.032,0.060,0.845,2715,279,1557,2835,2427,2445,1241,2657,55,1.287,1,2100,1,32.618,0.763,-1.813,-16.313,-28.188,-0.141,0.074,0.996,-0.449,-0.617,-0.008,0.028,0.012,1.424,1.351,2,NULL,NULL,,3,0,2,7,255,963,250,0,0
stim,39821,69942,0,69942,3267249.455,-0.532,-0.032,0.059,0.844,2669,283,1699,2825,2475,2447,1341,2667,55,1.287,1,2100,1,35.175,0.527,-5.063,-16.313,-30.750,-0.152,0.051,1.016,-0.316,-0.422,0.078,0.032,0.018,1.424,1.351,2,NULL,NULL,,3,0,2,7,255,963,250,0,0
stim,39821,69942,0,69942,3267254.454,-0.534,-0.031,0.058,0.843,2619,302,1801,2795,2517,2455,1487,2687,55,1.287,1,2100,1,40.534,0.428,-10.688,-16.250,-35.563,-0.172,0.043,1.016,-0.070,-0.422,0.262,0.038,0.024,1.424,1.351,2,NULL,NULL,,3,0,2,7,255,963,250,0,0
stim,39821,69942,0,69942,3267259.455,-0.535,-0.031,0.057,0.842,2557,325,1933,2772,2555,2467,1574,2707,55,1.287,1,2100,1,47.788,0.563,-16.125,-16.438,-41.875,-0.191,0.008,0.996,0.070,-0.559,0.262,0.042,0.030,1.424,1.351,2,NULL,NULL,,3,0,2,7,255,963,250,0,0
stim,39845,69966,0,69966,3267264.453,-0.537,-0.031,0.056,0.841,2489,344,2035,2741,2605,2460,1688,2721,55,1.287,1,2100,1,53.375,0.714,-20.375,-17.500,-46.125,-0.188,-0.035,0.988,0.445,-0.559,0.086,0.048,0.036,1.424,1.351,2,NULL,NULL,,3,0,2,7,255,963,250,0,0
stim,39845,69966,0,69966,3267269.455,-0.539,-0.031,0.055,0.840,2431,345,2159,2723,2631,2473,1797,2736,55,1.287,1,2100,1,60.172,0.905,-24.063,-18.375,-52.000,-0.172,-0.066,0.988,0.781,-0.457,0.008,0.054,0.040,1.424,1.351,2,NULL,NULL,,3,0,2,7,255,963,250,0,0
stim,39845,69966,0,69966,3267274.454,-0.541,-0.032,0.053,0.839,2361,389,2264,2671,2658,2473,1893,2743,55,1.287,1,2100,1,65.131,1.002,-28.063,-19.875,-55.313,-0.148,-0.090,1.000,0.980,-0.207,0.008,0.056,0.042,1.424,1.351,2,NULL,NULL,,3,0,2,7,255,963,250,0,0
stim,39845,69966,0,69966,3267279.455,-0.543,-0.032,0.051,0.838,2279,390,2355,2637,2696,2475,1993,2761,55,1.287,1,2100,1,66.896,0.983,-32.625,-21.625,-54.250,-0.113,-0.078,1.016,0.980,0.070,0.055,0.058,0.044,1.424,1.351,2,NULL,NULL,,3,0,2,7,255,963,250,0,0
stim,39845,69966,0,69966,3267284.453,-0.545,-0.032,0.049,0.837,2195,382,2453,2601,2733,2483,2077,2778,55,1.287,1,2100,1,67.518,1.073,-39.313,-23.063,-49.813,-0.152,-0.098,0.973,1.070,0.070,0.055,0.060,0.044,1.424,1.351,2,NULL,NULL,,3,0,2,7,255,963,250,0,0
stim,39845,69966,0,69966,3267289.455,-0.546,-0.032,0.047,0.836,2102,383,2525,2534,2747,2485,2165,2808,55,1.287,1,2100,0,69.259,1.094,-38.313,-25.000,-52.000,-0.160,-0.105,0.973,1.094,-0.035,-0.172,0.062,0.044,1.424,1.351,2,NULL,NULL,,3,0,2,7,255,963,250,0,0
stim,39845,69966,0,69966,3267294.454,-0.548,-0.032,0.045,0.834,1982,393,2580,2471,2775,2485,2249,2808,55,1.287,1,2100,0,70.132,1.098,-35.000,-26.250,-54.813,-0.164,-0.059,0.961,1.094,-0.098,-0.195,0.062,0.042,1.424,1.351,2,NULL,NULL,,3,0,2,7,255,963,250,0,0
stim,39845,69966,0,69966,3267299.455,-0.550,-0.032,0.043,0.833,1880,384,2631,2395,2796,2479,2313,2829,55,1.287,1,2100,0,71.856,0.779,-30.000,-28.875,-58.563,-0.137,-0.043,0.984,0.750,-0.211,-0.172,0.064,0.042,1.424,1.351,2,NULL,NULL,,3,0,2,7,255,963,250,0,0
stim,39879,70000,0,70000,3267304.453,-0.553,-0.032,0.041,0.832,1709,379,2693,2315,2825,2474,2381,2842,55,1.287,1,2100,0,71.218,0.560,-27.500,-30.375,-58.250,-0.145,-0.023,1.055,0.465,-0.313,-0.086,0.064,0.042,1.424,1.351,2,NULL,NULL,,3,0,2,7,255,963,250,0,0
stim,39879,70000,0,70000,3267309.455,-0.555,-0.031,0.038,0.831,1507,361,2735,2193,2844,2475,2439,2856,55,1.287,1,2100,0,76.991,0.367,-39.063,-31.063,-58.625,-0.090,-0.051,1.145,0.301,-0.211,0.617,0.066,0.042,1.424,1.351,2,NULL,NULL,,3,0,2,7,255,963,250,0,0
stim,39879,70000,0,70000,3267314.453,-0.557,-0.031,0.036,0.829,1285,331,2787,2075,2861,2472,2502,2869,55,1.287,1,2100,0,80.449,0.268,-49.625,-31.375,-55.000,-0.090,0.027,1.047,0.250,-0.098,0.617,0.066,0.040,1.424,1.351,2,NULL,NULL,,3,0,2,7,255,963,250,0,0
stim,39879,70000,0,70000,3267319.455,-0.558,-0.031,0.033,0.828,1139,310,2821,1929,2878,2469,2539,2879,55,1.287,1,2100,0,74.066,0.405,-47.438,-32.313,-46.813,-0.027,-0.020,0.992,-0.258,0.313,0.484,0.066,0.040,1.424,1.351,2,NULL,NULL,,3,0,2,7,255,963,250,0,0
stim,39879,70000,0,70000,3267324.454,-0.559,-0.031,0.031,0.828,937,285,2847,1739,2907,2470,2597,2887,55,1.287,1,2100,0,59.910,0.346,-37.250,-34.375,-31.938,-0.063,-0.043,0.973,-0.258,0.230,-0.090,0.066,0.040,1.424,1.351,2,NULL,NULL,,3,0,2,7,255,963,250,0,0
stim,39879,70000,0,70000,3267329.455,-0.560,-0.031,0.029,0.827,697,247,2885,1492,2925,2459,2643,2906,55,1.287,1,2100,0,56.104,0.249,-30.938,-36.438,-29.375,-0.121,-0.059,1.035,0.094,0.230,-0.090,0.068,0.040,1.424,1.351,2,NULL,NULL,,3,0,2,7,255,963,250,0,0
stim,39928,70049,0,70049,3267334.453,-0.561,-0.030,0.027,0.827,454,187,2907,1309,2933,2451,2679,2911,55,1.287,1,2100,0,54.759,0.405,-26.625,-38.938,-27.813,-0.117,-0.086,1.027,0.387,-0.121,0.332,0.070,0.042,1.424,1.351,2,NULL,NULL,,3,0,2,7,255,963,250,0,0
stim,39928,70049,0,70049,3267339.455,-0.562,-0.029,0.025,0.826,298,141,2919,1033,2955,2439,2717,2927,55,1.287,1,2100,0,53.977,0.629,-23.750,-41.750,-24.625,-0.113,-0.094,1.031,0.617,-0.121,0.355,0.072,0.042,1.424,1.351,2,NULL,NULL,,3,0,2,7,255,963,250,0,0
stim,39928,70049,0,70049,3267344.454,-0.563,-0.028,0.023,0.826,149,76,2933,815,2970,2415,2739,2927,55,1.287,1,2100,0,53.584,0.629,-20.000,-45.000,-21.125,-0.086,-0.020,1.055,0.617,-0.121,0.355,0.072,0.042,1.424,1.351,2,NULL,NULL,,3,0,2,7,255,963,250,0,0
stim,39928,70049,0,70049,3267349.455,-0.564,-0.026,0.021,0.825,46,41,2956,557,2980,2389,2771,2953,55,1.287,1,2100,0,53.776,0.196,-12.125,-48.188,-20.563,-0.109,0.086,1.086,-0.102,-0.168,0.547,0.074,0.042,1.424,1.351,2,NULL,NULL,,3,0,2,7,255,963,250,0,0
stim,39928,70049,0,70049,3267354.453,-0.565,-0.025,0.020,0.825,26,19,2955,419,2991,2357,2801,2937,55,1.287,1,2100,0,58.388,1.048,-13.688,-51.438,-24.000,-0.039,0.129,1.086,-0.992,-0.336,0.789,0.076,0.042,1.424,1.351,2,NULL,NULL,,3,0,2,7,255,963,250,0,0
stim,39928,70049,0,70049,3267359.455,-0.565,-0.023,0.018,0.824,6,0,2968,291,3003,2323,2835,2964,55,1.287,1,2100,0,59.420,1.232,-9.000,-53.000,-25.313,-0.082,0.082,1.070,-1.055,-0.637,0.789,0.078,0.044,1.424,1.351,2,NULL,NULL,,3,0,2,7,255,963,250,0,0
stim,39928,70049,0,70049,3267364.454,-0.566,-0.020,0.018,0.824,0,0,2975,245,3017,2293,2851,2957,55,1.287,1,2100,0,68.868,1.232,27.438,-63.063,-3.625,-0.313,-0.082,1.238,-1.055,-0.637,0.789,0.080,0.046,1.424,1.351,2,NULL,NULL,,3,0,2,7,255,963,250,0,0
stim,39928,70049,0,70049,3267369.455,-0.565,-0.016,0.018,0.825,0,0,2988,213,3029,2263,2871,2972,55,1.287,1,2100,0,103.394,2.473,67.625,-77.875,7.250,-0.535,-0.180,1.688,1.238,-2.141,2.477,0.080,0.046,1.424,1.351,2,NULL,NULL,,3,0,2,7,255,963,250,0,0
stim,39928,70049,0,70049,3267374.454,-0.565,-0.012,0.018,0.825,0,0,2997,171,3032,2221,2889,2973,55,1.287,1,2100,0,96.554,3.123,38.750,-88.438,0.000,-0.379,-0.020,1.898,1.238,-2.867,6.988,0.082,0.046,1.424,1.351,2,NULL,NULL,,3,0,2,7,255,963,250,0,0
stim,39928,70049,0,70049,3267379.455,-0.566,-0.010,0.013,0.824,0,0,2992,140,3043,2168,2915,2975,55,1.287,1,2100,0,104.039,2.997,-59.563,-83.313,-18.313,-0.078,0.008,1.504,0.871,-2.867,6.988,0.082,0.046,1.424,1.351,2,NULL,NULL,,3,0,2,7,255,963,250,0,0
stim,39948,70069,0,70069,3267384.454,-0.565,-0.009,0.009,0.825,0,0,3005,105,3051,2096,2925,2967,55,1.287,1,2100,0,111.454,0.677,-66.000,-89.188,10.563,-0.059,0.043,1.145,-0.359,-0.574,4.934,0.086,0.050,1.424,1.351,3,NULL,NULL,,3,0,2,7,255,963,250,0,0
stim,39948,70069,0,70069,3267389.455,-0.564,-0.006,0.006,0.826,0,0,2996,47,3061,2014,2935,2985,55,1.287,1,2100,0,109.112,0.869,-24.813,-98.563,39.688,-0.188,0.164,1.105,-0.652,-0.574,1.402,0.094,0.056,1.424,1.351,3,NULL,NULL,,3,0,2,7,255,963,250,0,0
stim,39948,70069,0,70069,3267394.453,-0.563,-0.002,0.004,0.827,0,0,3000,4,3064,1905,2955,2969,55,1.287,1,2100,0,111.037,2.391,-0.250,-106.250,32.250,-0.289,0.125,1.203,-0.652,-2.301,1.402,0.104,0.066,1.424,1.351,3,NULL,NULL,,3,0,2,7,255,963,250,0,0
stim,39948,70069,0,70069,3267399.455,-0.562,0.002,0.001,0.827,0,0,2999,0,3069,1779,2971,2969,55,1.287,1,2100,0,115.026,2.872,3.438,-112.375,24.313,-0.277,0.020,1.375,-0.520,-2.824,1.949,0.116,0.078,1.424,1.351,3,NULL,NULL,,3,0,2,7,255,963,250,0,0
stim,39971,70092,0,70092,3267404.454,-0.561,0.006,-0.002,0.828,0,0,2995,0,3069,1662,2979,2965,55,1.287,1,2100,0,121.057,2.926,-8.938,-118.875,21.063,-0.293,-0.031,1.438,0.398,-2.898,3.637,0.128,0.088,1.424,1.351,3,NULL,NULL,,3,0,2,7,255,963,250,0,0
stim,39971,70092,0,70092,3267409.455,-0.560,0.009,-0.006,0.829,0,0,2987,0,3079,1480,2999,2959,55,1.287,1,2100,0,128.269,2.982,-21.750,-124.438,22.250,-0.250,-0.117,1.309,0.957,-2.824,3.637,0.136,0.096,1.424,1.351,3,NULL,NULL,,3,0,2,7,255,963,250,0,0
stim,39971,70092,0,70092,3267414.453,-0.559,0.013,-0.010,0.829,0,0,2981,0,3081,1301,3000,2955,55,1.287,1,2100,0,136.121,2.803,-24.875,-131.625,24.188,-0.238,-0.148,1.254,1.629,-2.281,2.973,0.144,0.104,1.424,1.351,3,NULL,NULL,,3,0,2,7,255,963,250,0,0
stim,39971,70092,0,70092,3267419.455,-0.558,0.017,-0.014,0.830,0,0,2966,0,3087,1093,3007,2949,55,1.287,1,2100,0,142.394,2.906,-22.313,-138.188,26.125,-0.227,-0.160,1.195,1.918,-2.184,2.438,0.154,0.114,1.424,1.351,3,NULL,NULL,,3,0,2,7,255,963,250,0,0
stim,39995,70116,0,70116,3267424.454,-0.556,0.022,-0.018,0.830,0,0,2956,0,3089,857,3013,2931,55,1.287,1,2100,0,147.814,2.966,-13.063,-145.000,25.563,-0.262,-0.141,1.137,2.008,-2.184,1.852,0.166,0.124,1.424,1.351,3,NULL,NULL,,3,0,2,7,255,963,250,0,0
stim,39995,70116,0,70116,3267429.455,-0.555,0.027,-0.022,0.831,0,0,2935,0,3095,657,3017,2916,55,1.287,1,2100,0,153.825,3.317,-3.125,-152.438,20.375,-0.254,-0.109,1.145,2.008,-2.641,1.230,0.180,0.138,1.424,1.351,3,NULL,NULL,,3,0,2,7,255,963,250,0,0
stim,40029,70150,0,70150,3267434.453,-0.554,0.033,-0.025,0.831,0,0,2915,0,3094,517,3031,2905,55,1.287,1,2100,0,159.965,3.212,2.250,-159.250,14.938,-0.211,-0.129,1.172,1.828,-2.641,1.230,0.192,0.150,1.424,1.351,3,NULL,NULL,,3,0,2,7,255,963,250,0,0
stim,40029,70150,0,70150,3267439.455,-0.554,0.039,-0.029,0.831,0,0,2889,0,3097,314,3045,2887,55,1.287,1,2100,0,167.822,3.116,5.000,-167.125,14.438,-0.176,-0.152,1.160,1.828,-2.523,1.375,0.206,0.162,1.424,1.351,3,NULL,NULL,,3,0,2,7,255,963,250,0,0
stim,40029,70150,0,70150,3267444.453,-0.552,0.045,-0.033,0.832,0,0,2847,0,3101,137,3037,2848,55,1.287,1,2100,0,176.272,3.077,12.188,-174.688,20.188,-0.172,-0.160,1.199,1.984,-2.352,1.508,0.218,0.174,1.424,1.351,3,NULL,NULL,,3,0,2,7,255,963,250,0,0
stim,40029,70150,0,70150,3267449.455,-0.551,0.052,-0.037,0.832,0,0,2808,0,3103,61,3045,2829,55,1.287,1,2100,0,185.776,3.077,15.375,-183.313,25.938,-0.199,-0.086,1.270,1.984,-2.352,1.723,0.232,0.186,1.424,1.351,3,NULL,NULL,,3,0,2,7,255,963,250,0,0
stim,40029,70150,0,70150,3267454.454,-0.549,0.059,-0.041,0.832,0,0,2765,0,3107,8,3057,2781,55,1.287,1,2100,0,194.312,3.564,18.188,-191.813,25.188,-0.195,0.031,1.371,1.648,-3.160,2.305,0.246,0.200,1.424,1.351,3,NULL,NULL,,3,0,2,7,255,963,250,0,0
stim,40029,70150,1,70150,3267459.455,-0.548,0.067,-0.045,0.833,0,0,2725,0,3093,0,3049,2743,55,1.287,1,2100,0,203.937,3.921,23.000,-201.188,24.188,-0.215,0.172,1.512,0.691,-3.859,3.188,0.260,0.212,1.424,1.351,3,NULL,NULL,,3,1,2,7,255,963,250,0,0
stim,40029,70150,1,70150,3267464.453,-0.546,0.075,-0.049,0.833,0,0,2661,0,3094,0,3051,2685,55,1.287,1,2100,0,213.996,5.011,16.563,-212.063,23.438,-0.254,0.266,1.715,-0.324,-5.000,4.414,0.274,0.226,1.424,1.351,3,NULL,NULL,,3,1,2,7,255,963,250,0,0
stim,40029,70150,1,70150,3267469.455,-0.545,0.083,-0.054,0.833,0,0,2554,0,3079,0,3049,2631,55,1.287,1,2100,0,225.490,6.299,10.375,-224.500,18.375,-0.352,0.301,1.914,-0.477,-6.281,6.199,0.290,0.240,1.424,1.351,3,NULL,NULL,,3,1,2,7,255,963,250,0,0
stim,40029,70150,1,70150,3267474.454,-0.543,0.092,-0.060,0.832,0,0,2451,0,3069,0,3044,2553,55,1.287,1,2100,0,242.397,7.956,-2.813,-241.688,18.313,-0.430,0.234,2.207,-0.477,-7.941,7.813,0.304,0.256,1.424,1.351,3,NULL,NULL,,3,1,2,7,255,963,250,0,0
stim,40029,70150,1,70150,3267479.455,-0.542,0.101,-0.068,0.832,0,0,2331,0,3055,0,3037,2457,55,1.287,1,2100,0,262.595,9.376,-23.625,-260.500,23.188,-0.539,0.277,2.449,0.723,-9.348,10.313,0.322,0.272,1.424,1.351,3,NULL,NULL,,3,1,2,7,255,963,250,0,0
stim,40053,70174,1,70174,3267484.453,-0.539,0.110,-0.076,0.831,0,0,2191,0,3037,5,3028,2339,55,1.287,1,2100,0,291.925,11.476,-49.063,-286.250,29.563,-0.590,0.527,2.535,0.723,-11.453,12.133,0.340,0.290,1.424,1.351,3,NULL,NULL,,3,1,2,7,255,963,250,0,0
stim,40053,70174,1,70174,3267489.455,-0.537,0.119,-0.086,0.830,0,0,2029,0,3015,47,3007,2201,55,1.287,1,2100,0,320.324,13.628,-72.063,-310.625,30.438,-0.629,0.813,2.547,-0.785,-13.605,12.133,0.362,0.310,1.424,1.351,3,NULL,NULL,,3,1,2,7,255,963,250,0,0
stim,40053,70174,1,70174,3267494.454,-0.535,0.129,-0.098,0.829,0,0,1897,0,2988,58,2987,2039,55,1.287,1,2100,0,346.828,15.998,-94.188,-333.125,21.125,-0.684,0.906,2.598,-3.035,-15.707,11.926,0.388,0.336,1.424,1.351,3,NULL,NULL,,3,1,2,7,255,963,250,0,0
stim,40053,70174,1,70174,3267499.455,-0.533,0.139,-0.110,0.827,0,0,1757,0,2958,67,2961,1891,55,1.287,1,2100,0,376.904,17.701,-119.375,-357.250,13.375,-0.699,0.961,2.695,-3.539,-17.344,11.926,0.422,0.370,1.424,1.351,3,NULL,NULL,,3,1,2,7,255,963,250,0,0
stim,40053,70174,1,70174,3267504.453,-0.532,0.149,-0.125,0.824,0,0,1653,0,2915,68,2923,1765,55,1.287,1,2100,0,404.718,19.100,-147.813,-376.750,2.813,-0.715,1.141,2.738,-3.836,-18.711,11.711,0.464,0.410,1.424,1.351,3,NULL,NULL,,3,1,2,7,255,963,250,0,0
stim,40053,70174,1,70174,3267509.455,-0.531,0.159,-0.140,0.821,0,0,1551,0,2857,63,2863,1607,55,1.287,1,2100,0,429.410,21.013,-164.875,-396.438,-6.813,-0.828,1.148,2.816,-4.949,-20.422,11.461,0.514,0.460,1.424,1.351,3,NULL,NULL,,3,1,2,7,255,963,250,0,0
stim,40083,70204,1,70204,3267514.453,-0.529,0.170,-0.156,0.817,0,0,1397,0,2791,45,2791,1461,55,1.287,1,2100,0,457.566,22.988,-179.750,-420.563,-13.563,-0.953,0.922,2.922,-4.949,-22.449,10.938,0.570,0.516,1.424,1.351,3,NULL,NULL,,3,1,2,7,255,963,250,0,0
stim,40083,70204,1,70204,3267519.455,-0.528,0.182,-0.173,0.811,0,0,1263,0,2709,24,2683,1311,55,1.287,1,2100,0,483.375,23.560,-194.938,-441.188,-31.688,-0.945,0.621,2.906,-2.434,-23.434,10.648,0.638,0.582,1.424,1.351,3,NULL,NULL,,3,1,2,7,255,963,250,0,0
stim,40083,70204,1,70204,3267524.454,-0.527,0.194,-0.190,0.805,0,0,1095,0,2601,0,2533,1162,55,1.287,1,2100,0,499.908,23.852,-191.313,-460.250,-38.438,-0.961,0.457,2.957,0.133,-23.852,9.906,0.712,0.658,1.424,1.351,3,NULL,NULL,,3,1,2,7,255,963,250,0,0
stim,40083,70204,1,70204,3267529.455,-0.526,0.206,-0.207,0.799,0,0,923,0,2439,0,2331,996,55,1.287,1,2100,0,510.585,24.091,-187.000,-471.563,-57.938,-0.832,0.477,3.055,0.992,-24.070,9.820,0.798,0.742,1.424,1.351,3,NULL,NULL,,3,1,2,7,255,963,250,0,0
stim,40128,70249,1,70249,3267534.453,-0.525,0.219,-0.225,0.791,0,0,729,0,2230,0,2045,856,55,1.287,1,2100,0,529.187,24.126,-206.875,-483.750,-56.813,-0.723,0.223,2.945,1.641,-24.070,9.445,0.890,0.834,1.424,1.351,3,NULL,NULL,,3,1,2,7,255,963,250,0,0
stim,40128,70249,1,70249,3267539.455,-0.522,0.231,-0.244,0.784,0,0,549,0,1979,0,1756,702,55,1.287,1,2100,0,549.127,23.338,-219.063,-503.000,-23.313,-0.688,-0.184,2.688,2.711,-23.180,8.809,0.990,0.934,1.424,1.351,3,NULL,NULL,,3,1,2,7,255,963,250,0,0
stim,40128,70249,1,70249,3267544.454,-0.518,0.243,-0.264,0.777,0,0,327,0,1695,0,1323,591,55,1.287,1,2100,0,569.851,21.780,-237.125,-517.938,15.563,-0.547,-0.418,1.984,6.000,-20.938,6.613,1.098,1.040,1.424,1.351,3,NULL,NULL,,3,1,2,7,255,963,250,0,0
stim,40128,70249,1,70249,3267549.455,-0.512,0.257,-0.282,0.769,0,0,191,0,1392,0,747,447,55,1.287,1,2100,0,560.417,17.036,-167.563,-534.688,9.938,-0.594,-0.508,1.586,7.043,-15.512,1.801,1.210,1.152,1.424,1.351,3,NULL,NULL,,3,1,2,7,255,963,250,0,0
stim,40128,70249,1,70249,3267554.453,-0.505,0.273,-0.297,0.763,0,0,100,0,1060,0,245,372,55,1.287,1,2100,0,550.075,16.074,-81.125,-543.875,14.188,-0.469,-0.066,1.629,7.043,-14.449,-1.871,1.326,1.268,1.424,1.351,3,NULL,NULL,,3,1,2,7,255,963,250,0,0
stim,40128,70249,1,70249,3267559.455,-0.497,0.290,-0.310,0.757,0,0,74,0,588,0,0,339,55,1.287,1,2100,0,543.781,14.856,-14.625,-542.500,34.313,-0.672,0.277,2.277,3.453,-14.449,-1.871,1.442,1.384,1.424,1.351,3,NULL,NULL,,3,1,2,7,255,963,250,0,0
stim,40146,70267,1,70267,3267564.454,-0.485,0.305,-0.325,0.752,0,0,31,0,213,0,0,280,55,1.287,1,2100,0,568.548,21.827,-53.688,-553.875,116.563,-1.098,0.547,2.523,1.879,-21.746,-2.297,1.552,1.492,1.424,1.351,3,NULL,NULL,,3,1,2,7,255,963,250,0,0
stim,40146,70267,1,70267,3267569.455,-0.473,0.317,-0.344,0.747,0,0,17,0,0,0,0,215,55,1.287,1,2100,0,599.087,27.057,-141.875,-553.125,181.188,-1.438,0.801,2.238,1.418,-27.020,-4.504,1.654,1.594,1.424,1.351,3,NULL,NULL,,3,1,2,7,255,963,250,0,0
stim,40146,70267,1,70267,3267574.454,-0.463,0.327,-0.364,0.739,0,0,3,0,0,0,0,171,55,1.287,1,2100,0,579.690,27.020,-215.688,-524.375,120.625,-1.313,1.156,1.750,0.203,-27.020,-10.695,1.748,1.688,1.424,1.351,3,NULL,NULL,,3,1,2,7,255,963,250,0,0
stim,40146,70267,1,70267,3267579.455,-0.458,0.336,-0.383,0.729,0,0,10,0,0,0,0,92,55,1.287,1,2100,0,541.578,23.898,-277.250,-463.250,42.875,-0.684,1.609,1.359,-3.988,-23.563,-13.305,1.842,1.780,1.424,1.351,4,NULL,NULL,,3,1,2,7,255,963,250,0,0
stim,40146,70267,1,70267,3267584.453,-0.454,0.338,-0.404,0.719,0,0,16,0,0,0,0,93,55,1.287,1,2100,0,539.861,21.155,-387.563,-366.000,85.375,-0.832,1.508,0.863,-10.125,-18.574,-14.398,1.940,1.878,1.424,1.351,0,NULL,NULL,,3,1,2,7,255,963,250,0,0
stim,40146,70267,1,70267,3267589.455,-0.453,0.333,-0.426,0.709,0,0,10,0,0,0,0,70,55,1.287,1,2100,0,573.284,17.888,-502.938,-245.438,124.375,-0.543,1.883,-0.313,-10.910,-14.176,-17.289,2.048,1.984,1.424,1.351,0,NULL,NULL,,3,1,2,7,255,963,250,0,0
stim,40146,70267,1,70267,3267594.454,-0.454,0.329,-0.439,0.701,0,0,3,0,0,0,0,54,55,1.287,1,2100,0,362.566,10.514,-336.375,-130.125,37.063,-0.488,0.637,-0.898,-10.125,-2.832,-19.414,2.160,2.096,1.424,1.351,0,NULL,NULL,,3,1,2,7,255,963,250,0,0
stim,40146,70267,1,70267,3267599.455,-0.454,0.330,-0.441,0.700,0,0,1,0,0,0,0,59,55,1.287,1,2100,0,50.816,4.474,-26.563,-43.313,0.875,-0.777,-1.012,-0.031,-4.418,-0.707,-19.414,2.272,2.208,1.424,1.351,0,NULL,NULL,,3,1,2,7,255,963,250,0,0
stim,40166,70287,1,70287,3267604.453,-0.455,0.330,-0.440,0.701,0,0,1,0,0,0,0,59,55,1.287,1,2100,0,39.082,11.947,16.750,33.000,-12.563,-0.996,-1.074,1.301,11.926,-0.707,-13.230,2.378,2.312,1.424,1.351,0,NULL,NULL,,3,1,2,7,255,963,250,0,0
stim,40166,70287,1,70287,3267609.455,-0.460,0.324,-0.441,0.699,0,0,1,0,0,0,0,45,55,1.287,1,2100,0,178.769,17.940,-128.875,120.688,-28.000,-0.941,-0.031,1.145,11.926,-13.402,-13.230,2.468,2.402,1.424,1.351,0,NULL,NULL,,3,1,2,7,255,963,250,0,0
stim,40166,70287,1,70287,3267614.455,-0.466,0.315,-0.443,0.698,0,0,0,0,0,0,0,17,55,1.287,1,2100,0,264.224,13.923,-186.938,186.563,-7.938,-0.750,1.063,0.066,3.773,-13.402,-13.234,2.538,2.472,1.424,1.351,0,NULL,NULL,,3,1,2,7,255,963,250,0,0
stim,40166,70287,1,70287,3267619.455,-0.471,0.306,-0.441,0.700,0,0,0,0,0,0,0,9,55,1.287,1,2100,0,235.269,8.618,-86.438,217.000,28.125,-0.797,1.375,-0.355,-7.074,-4.922,-19.336,2.588,2.522,1.424,1.351,0,NULL,NULL,,3,1,2,7,255,963,250,0,0
stim,40196,70317,1,70317,3267624.453,-0.474,0.299,-0.436,0.704,0,0,0,0,0,0,0,3,55,1.287,1,2100,0,233.761,8.618,26.813,228.813,39.625,-1.008,0.906,0.141,-7.074,-4.922,-20.531,2.634,2.568,1.424,1.351,0,NULL,NULL,,3,1,2,7,255,963,250,0,0
stim,40196,70317,1,70317,3267629.455,-0.478,0.292,-0.430,0.708,0,0,0,0,0,0,0,6,55,1.287,1,2100,0,243.869,8.091,33.000,240.438,23.938,-1.020,0.293,0.699,-4.684,-6.598,-20.531,2.678,2.612,1.424,1.351,0,NULL,NULL,,3,1,2,7,255,963,250,0,0
stim,40227,70348,1,70348,3267634.454,-0.482,0.283,-0.426,0.711,0,0,0,0,0,0,0,2,55,1.287,1,2100,0,249.563,9.825,-28.188,246.938,22.563,-0.887,0.164,0.648,0.797,-9.793,-15.969,2.718,2.650,1.424,1.351,0,NULL,NULL,,3,1,2,7,255,963,250,0,0
stim,40227,70348,1,70348,3267639.455,-0.487,0.274,-0.423,0.714,0,0,0,0,0,0,0,11,55,1.287,1,2100,0,254.535,9.825,-53.688,246.750,31.938,-0.801,0.332,0.094,0.797,-9.793,-15.969,2.750,2.682,1.424,1.351,0,NULL,NULL,,3,1,2,7,255,963,250,0,0
stim,40227,70348,1,70348,3267644.453,-0.490,0.266,-0.418,0.717,0,0,0,0,0,0,0,0,55,1.287,1,2100,0,247.794,4.961,-11.125,244.125,41.000,-0.727,0.441,-0.238,-0.195,-4.957,-16.813,2.778,2.708,1.424,1.351,0,NULL,NULL,,3,1,2,7,255,963,250,0,0
stim,40227,70348,1,70348,3267649.455,-0.493,0.258,-0.412,0.721,0,0,0,0,0,0,0,0,55,1.287,1,2100,0,250.109,3.159,41.313,243.125,41.688,-0.695,0.465,-0.148,-1.266,-2.895,-17.496,2.806,2.736,1.424,1.351,0,NULL,NULL,,3,1,2,7,255,963,250,0,0
stim,40227,70348,1,70348,3267654.453,-0.496,0.251,-0.405,0.726,0,0,0,0,0,0,0,0,55,1.287,1,2100,0,259.969,3.169,64.750,246.938,49.125,-0.574,0.367,0.055,-1.289,-2.895,-17.496,2.840,2.770,1.424,1.351,0,NULL,NULL,,3,1,2,7,255,963,250,0,0
stim,40227,70348,1,70348,3267659.455,-0.498,0.244,-0.398,0.731,0,0,0,0,0,0,0,0,55,1.287,1,2100,0,267.272,4.234,65.188,253.500,54.063,-0.590,0.387,0.141,-1.434,-3.984,-15.141,2.876,2.804,1.424,1.351,0,NULL,NULL,,3,1,2,7,255,963,250,0,0
stim,40227,70348,1,70348,3267664.454,-0.500,0.236,-0.390,0.736,0,0,0,0,0,0,0,0,55,1.287,1,2100,0,276.816,4.692,73.750,261.250,54.188,-0.543,0.309,0.125,-1.289,-4.512,-14.762,2.908,2.838,1.424,1.351,0,NULL,NULL,,3,1,2,7,255,963,250,0,0
stim,40227,70348,1,70348,3267669.455,-0.502,0.229,-0.382,0.741,0,0,0,0,0,0,0,0,55,1.287,1,2100,0,289.989,4.980,93.063,268.750,56.625,-0.527,0.238,0.191,-0.898,-4.898,-14.109,2.938,2.864,1.424,1.351,0,NULL,NULL,,3,1,2,7,255,963,250,0,0
stim,40227,70348,1,70348,3267674.454,-0.504,0.221,-0.373,0.747,0,0,0,0,0,0,0,0,55,1.287,1,2100,0,302.514,4.946,108.125,277.188,54.688,-0.547,0.219,0.359,-0.348,-4.934,-13.281,2.962,2.888,1.424,1.351,0,NULL,NULL,,3,1,2,7,255,963,250,0,0
stim,40227,70348,1,70348,3267679.455,-0.507,0.214,-0.363,0.752,0,0,0,0,0,0,0,0,55,1.287,1,2100,0,310.951,6.400,110.375,287.000,46.250,-0.539,0.246,0.523,-0.348,-6.391,-12.211,2.984,2.912,1.424,1.351,0,NULL,NULL,,3,1,2,7,255,963,250,0,0
stim,40249,70370,1,70370,3267684.454,-0.509,0.206,-0.353,0.757,0,0,0,0,0,0,0,0,55,1.287,1,2100,0,318.450,7.734,106.750,297.750,36.875,-0.477,0.250,0.633,-0.598,-7.711,-11.027,3.006,2.932,1.424,1.351,0,NULL,NULL,,3,1,2,7,255,963,250,0,0
stim,40249,70370,1,70370,3267689.455,-0.512,0.197,-0.343,0.762,0,0,0,0,0,0,0,0,55,1.287,1,2100,0,327.294,8.217,105.000,308.313,32.250,-0.426,0.242,0.719,-0.961,-8.160,-9.711,3.030,2.954,1.424,1.351,0,NULL,NULL,,3,1,2,7,255,963,250,0,0
stim,40249,70370,1,70370,3267694.453,-0.516,0.189,-0.333,0.767,0,0,0,0,0,0,0,0,55,1.287,1,2100,0,335.880,8.494,103.625,318.188,28.875,-0.426,0.238,0.809,-1.160,-8.414,-8.586,3.054,2.978,1.424,1.351,0,NULL,NULL,,3,1,2,7,255,963,250,0,0
stim,40249,70370,1,70370,3267699.455,-0.519,0.180,-0.322,0.771,0,0,0,0,0,0,0,0,55,1.287,1,2100,0,342.130,9.088,98.750,326.875,21.313,-0.449,0.238,0.891,-1.230,-9.004,-7.730,3.080,3.004,1.424,1.351,0,NULL,NULL,,3,1,2,7,255,963,250,0,0
stim,40277,70398,1,70398,3267704.454,-0.523,0.171,-0.311,0.775,0,0,0,0,0,0,0,0,55,1.287,1,2100,0,346.515,9.723,91.188,334.125,10.875,-0.441,0.219,0.945,-1.230,-9.645,-7.004,3.112,3.036,1.424,1.351,0,NULL,NULL,,3,1,2,7,255,963,250,0,0
stim,40277,70398,0,70398,3267709.455,-0.527,0.161,-0.301,0.778,0,0,0,0,0,0,0,9,55,1.287,1,2100,0,349.979,9.721,83.438,339.875,2.875,-0.402,0.195,0.965,-1.215,-9.645,-6.207,3.146,3.070,1.424,1.351,0,NULL,NULL,,3,0,2,7,255,961,250,0,0
stim,40277,70398,0,70398,3267714.453,-0.532,0.151,-0.290,0.781,0,0,0,0,0,0,0,11,55,1.287,1,2100,0,353.848,9.558,78.063,345.125,-1.750,-0.355,0.188,0.938,-1.215,-9.480,-5.500,3.184,3.106,1.424,1.351,0,NULL,NULL,,3,0,2,7,255,961,250,0,0
stim,40277,70398,0,70398,3267719.455,-0.536,0.141,-0.279,0.784,0,0,0,0,0,0,0,9,55,1.287,1,2100,0,358.391,8.933,76.625,350.063,-5.375,-0.324,0.168,0.883,-1.285,-8.840,-5.156,3.226,3.146,1.424,1.351,0,NULL,NULL,,3,0,2,7,255,961,250,0,0
stim,40295,70416,0,70416,3267724.454,-0.540,0.131,-0.268,0.787,0,0,0,0,0,0,0,10,55,1.287,1,2100,0,364.148,8.141,80.375,355.063,-8.625,-0.285,0.125,0.816,-1.285,-8.039,-5.094,3.270,3.190,1.424,1.351,0,NULL,NULL,,3,0,2,7,255,961,250,0,0
stim,40295,70416,0,70416,3267729.455,-0.545,0.121,-0.256,0.789,0,0,0,0,0,0,0,23,55,1.287,1,2100,0,371.325,7.236,90.188,360.063,-10.188,-0.246,0.121,0.777,-1.145,-7.145,-5.070,3.316,3.236,1.424,1.351,0,NULL,NULL,,3,0,2,7,255,961,250,0,0
stim,40326,70447,0,70447,3267734.453,-0.549,0.112,-0.244,0.792,0,0,0,0,0,0,0,25,55,1.287,1,2100,0,378.824,6.535,105.500,363.688,-10.438,-0.195,0.141,0.793,-1.145,-6.434,-4.961,3.362,3.282,1.424,1.351,0,NULL,NULL,,3,0,2,7,255,961,250,0,0
stim,40326,70447,0,70447,3267739.455,-0.553,0.102,-0.231,0.794,0,0,0,0,0,0,0,41,55,1.287,1,2100,0,385.576,6.186,120.938,366.000,-9.313,-0.105,0.121,0.832,-1.582,-5.980,-4.480,3.410,3.330,1.424,1.351,0,NULL,NULL,,3,0,2,7,255,961,250,0,0
stim,40326,70447,0,70447,3267744.453,-0.556,0.093,-0.217,0.797,0,0,0,0,0,0,0,43,55,1.287,1,2100,0,390.680,5.491,134.625,366.750,-1.250,-0.035,0.078,0.863,-1.707,-5.219,-3.508,3.456,3.374,1.424,1.351,0,NULL,NULL,,3,0,2,7,255,961,250,0,0
stim,40326,70447,0,70447,3267749.455,-0.559,0.084,-0.203,0.799,0,0,0,0,0,0,0,39,55,1.287,1,2100,0,394.564,4.801,148.875,365.188,12.438,-0.023,0.086,0.895,-1.805,-4.449,-2.699,3.498,3.416,1.424,1.351,0,NULL,NULL,,3,0,2,7,255,961,250,0,0
stim,40326,70447,0,70447,3267754.454,-0.561,0.075,-0.189,0.802,0,0,0,0,0,0,0,45,55,1.287,1,2100,0,398.844,4.761,163.813,362.813,24.688,-0.039,0.133,0.934,-1.852,-4.387,-2.254,3.536,3.454,1.424,1.351,0,NULL,NULL,,3,0,2,7,255,961,250,0,0
stim,40326,70447,0,70447,3267759.455,-0.563,0.066,-0.173,0.806,0,0,0,0,0,0,0,47,55,1.287,1,2100,0,404.052,4.928,180.313,359.938,34.500,-0.055,0.156,1.004,-2.246,-4.387,-1.922,3.572,3.490,1.424,1.351,0,NULL,NULL,,3,0,2,7,255,961,250,0,0
stim,40326,70447,0,70447,3267764.453,-0.563,0.058,-0.158,0.809,0,0,0,0,0,0,0,51,55,1.287,1,2100,0,410.385,5.165,197.563,357.000,44.000,-0.074,0.152,1.102,-2.422,-4.563,-1.250,3.606,3.522,1.424,1.351,0,NULL,NULL,,3,0,2,7,255,961,250,0,0
stim,40326,70447,0,70447,3267769.455,-0.564,0.051,-0.142,0.812,0,0,0,0,0,0,0,50,55,1.287,1,2100,0,416.203,5.307,212.875,353.563,53.875,-0.121,0.113,1.230,-2.422,-4.723,-0.195,3.634,3.550,1.424,1.351,0,NULL,NULL,,3,0,2,7,255,961,250,0,0
stim,40326,70447,0,70447,3267774.454,-0.564,0.044,-0.125,0.815,0,0,0,0,0,0,0,47,55,1.287,1,2100,0,419.422,5.435,223.813,349.625,59.875,-0.191,0.117,1.434,-1.996,-5.055,1.133,3.662,3.576,1.424,1.351,0,NULL,NULL,,3,0,2,7,255,961,250,0,0
stim,40326,70447,0,70447,3267779.455,-0.563,0.036,-0.109,0.818,0,0,0,0,0,0,0,51,55,1.287,1,2100,0,417.586,6.164,224.188,347.125,60.188,-0.238,0.141,1.625,-1.996,-5.832,3.082,3.688,3.604,1.424,1.351,0,NULL,NULL,,3,0,2,7,255,961,250,0,0
stim,40353,70474,0,70474,3267784.453,-0.563,0.029,-0.092,0.821,0,0,0,0,0,0,0,47,55,1.287,1,2100,0,412.858,6.611,218.250,345.313,59.813,-0.266,0.180,1.797,-2.000,-6.301,4.961,3.714,3.628,1.424,1.351,0,NULL,NULL,,3,0,2,7,255,961,250,0,0
stim,40353,70474,0,70474,3267789.455,-0.562,0.022,-0.076,0.823,0,0,0,0,0,0,0,51,55,1.287,1,2100,0,406.437,6.658,208.750,343.500,60.188,-0.281,0.172,1.953,-2.152,-6.301,6.734,3.742,3.656,1.424,1.351,0,NULL,NULL,,3,0,2,7,255,961,250,0,0
stim,40353,70474,0,70474,3267794.454,-0.561,0.014,-0.061,0.825,0,0,0,0,0,0,0,53,55,1.287,1,2100,0,397.135,6.621,193.188,341.938,58.938,-0.297,0.137,2.063,-2.152,-6.262,8.465,3.770,3.682,1.424,1.351,0,NULL,NULL,,3,0,2,7,255,961,250,0,0
stim,40353,70474,0,70474,3267799.455,-0.560,0.006,-0.046,0.827,0,0,0,0,0,0,0,59,55,1.287,1,2100,0,387.520,6.053,175.938,340.688,56.125,-0.316,0.105,2.117,-1.770,-5.789,9.781,3.798,3.712,1.424,1.351,0,NULL,NULL,,3,0,2,7,255,961,250,0,0
stim,40353,70474,0,70474,3267804.453,-0.559,-0.003,-0.032,0.828,0,0,0,0,0,0,0,62,55,1.287,1,2100,0,379.394,5.445,161.875,339.250,51.438,-0.336,0.039,2.109,-1.355,-5.273,10.520,3.830,3.740,1.424,1.351,0,NULL,NULL,,3,0,2,7,255,961,250,0,0
stim,40353,70474,0,70474,3267809.455,-0.559,-0.011,-0.018,0.829,0,0,0,0,0,0,0,59,55,1.287,1,2100,0,374.276,4.545,155.563,337.625,43.500,-0.313,-0.039,2.074,-0.637,-4.500,10.520,3.860,3.772,1.424,1.351,0,NULL,NULL,,3,0,2,7,255,961,250,0,0
stim,40386,70507,0,70507,3267814.454,-0.558,-0.020,-0.004,0.830,0,0,0,0,0,0,0,55,55,1.287,1,2100,0,374.823,3.332,158.438,337.438,39.063,-0.293,-0.129,2.063,0.012,-3.332,10.508,3.892,3.804,1.424,1.351,0,NULL,NULL,,3,0,2,7,255,961,250,0,0
stim,40386,70507,0,70507,3267819.455,-0.557,-0.028,0.010,0.830,0,0,0,0,0,0,0,61,55,1.287,1,2100,0,377.778,2.310,164.563,338.688,30.438,-0.324,-0.254,2.066,0.828,-2.156,10.508,3.922,3.832,1.424,1.351,0,NULL,NULL,,3,0,2,7,255,961,250,0,0
stim,40386,70507,0,70507,3267824.454,-0.557,-0.037,0.025,0.829,0,0,0,0,0,0,0,54,55,1.287,1,2100,0,380.600,2.451,171.000,339.625,16.438,-0.285,-0.305,2.051,2.090,-1.281,10.535,3.952,3.862,1.424,1.351,0,NULL,NULL,,3,0,2,7,255,961,250,0,0
stim,40386,70507,0,70507,3267829.455,-0.557,-0.045,0.040,0.828,0,0,0,0,0,0,0,61,55,1.287,1,2100,0,390.612,2.463,189.813,341.313,7.375,-0.254,-0.367,2.055,2.461,-0.094,10.535,3.980,3.888,1.424,1.351,0,NULL,NULL,,3,0,2,7,255,961,250,0,0
stim,40423,70544,0,70544,3267834.453,-0.557,-0.052,0.056,0.827,0,0,0,0,0,0,0,63,55,1.287,1,2100,0,403.426,3.213,212.063,343.063,-9.500,-0.164,-0.430,2.117,3.004,1.141,10.535,4.002,3.912,1.424,1.351,0,NULL,NULL,,3,0,2,7,255,961,250,0,0
stim,40423,70544,0,70544,3267839.455,-0.558,-0.059,0.072,0.824,0,0,0,0,0,0,0,66,55,1.287,1,2100,0,417.554,4.207,237.438,342.813,-21.313,0.000,-0.426,2.258,3.004,2.945,10.941,4.024,3.932,1.424,1.351,0,NULL,NULL,,3,0,2,7,255,961,250,0,0
stim,40423,70544,0,70544,3267844.454,-0.559,-0.065,0.090,0.822,0,0,0,0,0,0,0,71,55,1.287,1,2100,0,429.849,6.017,258.125,341.938,-34.938,0.215,-0.484,2.375,2.789,5.332,11.852,4.038,3.946,1.424,1.351,0,NULL,NULL,,3,0,2,7,255,961,250,0,0
stim,40423,70544,0,70544,3267849.455,-0.561,-0.070,0.108,0.818,0,0,0,0,0,0,0,71,55,1.287,1,2100,0,443.667,8.877,278.375,342.813,-42.750,0.508,-0.379,2.512,2.746,8.441,12.316,4.048,3.956,1.424,1.351,0,NULL,NULL,,3,0,2,7,255,961,250,0,0
stim,40423,70544,0,70544,3267854.453,-0.562,-0.075,0.127,0.814,0,0,0,0,0,0,0,76,55,1.287,1,2100,0,457.477,11.800,302.375,340.500,-43.750,0.715,-0.410,2.711,1.000,11.758,12.633,4.054,3.960,1.424,1.351,0,NULL,NULL,,3,0,2,7,255,961,250,0,0
stim,40423,70544,0,70544,3267859.455,-0.563,-0.080,0.146,0.810,0,0,0,0,0,0,0,76,55,1.287,1,2100,0,461.871,15.090,308.813,340.500,-44.938,0.891,-0.313,2.867,0.914,15.063,13.457,4.050,3.956,1.424,1.351,0,NULL,NULL,,3,0,2,7,255,961,250,0,0
stim,40444,70565,0,70565,3267864.454,-0.564,-0.084,0.165,0.805,0,0,0,0,0,0,0,80,55,1.287,1,2100,0,464.797,17.599,317.563,336.188,-46.563,1.070,-0.285,3.094,-0.176,17.598,13.941,4.038,3.944,1.424,1.351,0,NULL,NULL,,3,0,2,7,255,961,250,0,0
stim,40444,70565,0,70565,3267869.455,-0.564,-0.089,0.183,0.800,0,0,0,0,0,0,0,79,55,1.287,1,2100,0,452.733,20.714,305.313,331.250,-45.000,1.133,-0.238,3.219,-0.527,20.707,14.828,4.016,3.920,1.424,1.351,0,NULL,NULL,,3,0,2,7,255,961,250,0,0
stim,40444,70565,0,70565,3267874.454,-0.565,-0.093,0.201,0.795,0,0,0,0,0,0,0,89,55,1.287,1,2100,0,437.936,22.485,290.938,322.125,-58.125,1.250,-0.117,3.445,-0.621,22.477,15.016,3.982,3.886,1.424,1.351,0,NULL,NULL,,3,0,2,7,255,961,250,0,0
stim,40444,70565,0,70565,3267879.455,-0.566,-0.098,0.217,0.789,0,0,0,0,0,0,0,99,55,1.287,1,2100,0,405.569,24.945,254.250,309.875,-61.813,1.434,0.094,3.551,-1.527,24.898,15.797,3.934,3.836,1.424,1.351,0,NULL,NULL,,3,0,2,7,255,961,250,0,0
stim,40444,70565,0,70565,3267884.454,-0.567,-0.104,0.231,0.784,0,0,0,0,0,0,0,125,55,1.287,1,2100,0,368.189,27.422,205.750,293.750,-83.313,1.793,0.180,3.551,-3.609,27.184,15.797,3.872,3.774,1.424,1.351,0,NULL,NULL,,3,0,2,7,255,961,250,0,0
stim,40444,70565,0,70565,3267889.455,-0.568,-0.111,0.243,0.779,0,0,0,0,0,0,0,157,55,1.287,1,2100,0,321.235,31.157,148.750,274.250,-76.500,2.172,0.047,3.305,-5.160,30.727,13.652,3.796,3.698,1.424,1.351,0,NULL,NULL,,3,0,2,7,255,961,250,0,0
stim,40444,70565,0,70565,3267894.453,-0.568,-0.117,0.252,0.775,0,0,0,0,0,0,0,188,55,1.287,1,2100,0,276.214,33.988,95.375,251.500,-62.813,2.496,-0.188,2.859,-5.160,33.594,8.773,3.708,3.610,1.424,1.351,0,NULL,NULL,,3,0,2,7,255,961,250,0,0
stim,40444,70565,0,70565,3267899.455,-0.568,-0.124,0.259,0.771,0,0,0,0,0,0,0,244,55,1.287,1,2100,0,241.484,35.154,68.375,227.188,-45.000,2.738,-0.402,2.336,-4.266,34.895,2.203,3.608,3.508,1.424,1.351,0,NULL,NULL,,3,0,2,7,255,961,250,0,0
stim,40474,70595,0,70595,3267904.454,-0.567,-0.129,0.266,0.769,0,0,0,0,0,0,0,295,55,1.287,1,2100,0,210.053,35.080,59.500,200.000,-24.125,3.000,-0.512,1.801,-3.602,34.895,-4.500,3.494,3.394,1.424,1.351,0,NULL,NULL,,3,0,2,7,255,961,250,0,0
stim,40474,70595,0,70595,3267909.455,-0.566,-0.134,0.273,0.767,0,0,0,0,26,0,0,341,55,1.287,1,2100,0,189.586,35.080,72.000,174.813,-14.125,3.406,-0.598,1.352,-3.602,34.895,-11.051,3.366,3.268,1.424,1.351,0,NULL,NULL,,3,0,2,7,255,961,250,0,0
stim,40474,70595,0,70595,3267914.453,-0.565,-0.136,0.279,0.765,0,0,0,0,45,0,0,361,55,1.287,1,2100,0,178.936,35.434,95.313,151.313,6.188,3.770,-0.973,0.875,-3.602,35.250,-17.496,3.226,3.126,1.424,1.351,0,NULL,NULL,,3,0,2,7,255,961,250,0,0
stim,40474,70595,0,70595,3267919.455,-0.563,-0.137,0.288,0.763,0,0,0,0,53,0,0,363,55,1.287,1,2100,0,201.555,36.183,149.000,130.750,36.438,4.063,-1.590,0.609,-2.477,36.098,-24.605,3.074,2.974,1.424,1.351,0,NULL,NULL,,3,0,2,7,255,961,250,0,0
stim,40474,70595,0,70595,3267924.454,-0.560,-0.134,0.299,0.761,0,0,0,0,75,0,0,363,55,1.287,1,2100,0,261.794,37.952,226.938,105.750,76.500,4.031,-2.309,0.637,1.941,37.902,-30.305,2.914,2.814,1.424,1.351,0,NULL,NULL,,3,0,2,7,255,961,250,0,0
stim,40474,70595,0,70595,3267929.455,-0.557,-0.127,0.312,0.759,0,0,0,0,91,0,0,364,55,1.287,1,2100,0,352.106,38.983,316.500,77.250,133.563,3.668,-2.340,0.984,8.422,38.063,-30.305,2.746,2.648,1.424,1.351,0,NULL,NULL,,3,0,2,7,255,961,250,0,0
stim,40528,70649,0,70649,3267934.453,-0.554,-0.118,0.326,0.757,0,0,0,0,140,0,0,359,55,1.287,1,2100,0,389.392,40.176,367.438,40.688,122.313,3.434,-2.090,1.906,9.570,39.020,-28.789,2.576,2.476,1.424,1.351,0,NULL,NULL,,3,0,2,7,255,961,250,0,0
stim,40528,70649,0,70649,3267939.455,-0.551,-0.108,0.339,0.755,0,0,0,0,149,0,0,375,55,1.287,1,2100,0,382.896,42.275,354.250,17.563,144.250,3.082,-1.875,2.656,9.906,41.098,-20.516,2.398,2.300,1.424,1.351,0,NULL,NULL,,3,0,2,7,255,961,250,0,0
stim,40528,70649,0,70649,3267944.454,-0.549,-0.098,0.349,0.753,0,0,0,0,135,0,0,371,55,1.287,1,2100,0,334.061,42.197,314.313,-20.000,111.375,2.066,-0.195,3.676,9.570,41.098,-13.070,2.216,2.118,1.424,1.351,0,NULL,NULL,,3,0,2,7,255,961,250,0,0
stim,40528,70649,0,70649,3267949.455,-0.550,-0.091,0.354,0.751,0,0,0,0,102,0,0,363,55,1.287,1,2100,0,212.618,41.783,204.063,-59.688,1.563,2.184,-0.652,3.906,6.148,41.328,4.801,2.028,1.930,1.424,1.351,0,NULL,NULL,,3,0,2,7,255,961,250,0,0
stim,40528,70649,0,70649,3267954.454,-0.552,-0.087,0.355,0.750,0,0,0,0,43,0,0,365,55,1.287,1,2100,0,114.724,41.783,73.125,-88.250,-5.125,2.230,-0.734,4.246,6.148,41.328,5.688,1.832,1.734,1.424,1.351,0,NULL,NULL,,3,0,2,7,255,961,250,0,0
stim,40528,70649,0,70649,3267959.455,-0.552,-0.083,0.350,0.752,96,0,0,443,45,0,0,470,55,1.287,1,2100,0,147.320,41.987,-49.313,-132.375,41.813,1.488,-0.320,4.445,7.410,41.328,6.879,1.632,1.532,1.424,1.351,0,NULL,NULL,,3,0,2,7,255,961,250,0,0
stim,40528,70649,0,70649,3267964.453,-0.546,-0.067,0.348,0.759,857,0,0,1213,0,86,0,509,55,1.287,1,2100,0,432.977,43.064,107.188,-271.625,319.688,0.527,0.840,6.820,7.410,42.422,14.305,1.426,1.326,1.424,1.351,0,NULL,NULL,,3,0,2,7,255,961,250,0,0
stim,40528,70649,0,70649,3267969.455,-0.529,-0.071,0.322,0.782,1464,0,0,1689,0,361,0,565,55,1.287,1,2100,0,887.959,39.168,-714.938,-169.250,498.688,-0.625,2.777,4.133,7.367,38.469,36.160,1.218,1.120,1.424,1.351,0,NULL,NULL,,3,0,2,7,255,961,250,0,0
stim,40528,70649,0,70649,3267974.454,-0.516,-0.083,0.284,0.804,1951,0,0,1937,0,547,0,607,57,1.287,1,2101,0,1083.155,17.537,-1010.000,-187.438,343.500,-1.633,3.961,-0.367,-13.227,11.516,36.160,1.012,0.912,1.424,1.351,1,1006.000,45.000,,3,0,2,7,255,961,250,0,0
stim,40528,70649,0,70649,3267979.455,-0.507,-0.090,0.261,0.817,2203,0,0,2092,0,677,0,629,57,1.287,1,2101,0,664.823,30.090,-609.063,-135.188,229.688,-2.711,2.234,-1.660,-13.227,-27.027,7.430,0.806,0.708,1.424,1.351,1,NULL,NULL,,3,0,2,7,255,961,250,0,0
stim,40549,70670,0,70670,3267984.453,-0.506,-0.091,0.248,0.821,2383,0,0,2187,0,854,0,695,57,1.287,1,2101,0,324.495,28.272,-289.438,-143.875,28.688,-2.078,0.973,-0.699,-8.297,-27.027,-4.887,0.610,0.514,1.424,1.351,1,NULL,NULL,,3,0,2,7,255,961,250,0,0
stim,40549,70670,0,70670,3267989.455,-0.509,-0.089,0.240,0.822,2501,0,0,2264,0,967,0,780,57,1.287,1,2101,0,185.562,24.094,-119.875,-130.688,-54.625,-0.223,1.004,1.105,-6.988,-23.059,-4.887,0.432,0.342,1.424,1.351,1,NULL,NULL,,3,0,2,7,255,961,250,0,0
stim,40549,70670,0,70670,3267994.454,-0.508,-0.088,0.231,0.825,2601,0,0,2360,0,1117,0,814,57,1.287,1,2101,0,215.598,7.001,-171.813,-124.875,37.000,0.504,2.020,1.512,-6.988,-0.414,3.273,0.316,0.242,1.424,1.351,1,NULL,NULL,,3,0,2,7,255,961,250,0,0
stim,40549,70670,0,70670,3267999.455,-0.503,-0.087,0.220,0.831,2735,0,0,2547,0,1195,0,859,57,1.287,1,2101,0,317.601,16.048,-251.125,-142.188,132.625,-0.047,1.969,1.574,-16.043,-0.414,6.684,0.294,0.238,1.424,1.351,1,NULL,NULL,,3,0,2,7,255,961,250,0,0
stim,40575,70696,0,70696,3268004.453,-0.497,-0.087,0.205,0.839,2838,0,0,2670,0,1215,0,925,57,1.287,1,2101,0,408.778,16.119,-339.688,-158.438,163.125,-1.641,0.270,0.883,-16.043,-1.563,6.684,0.342,0.288,1.424,1.351,2,NULL,NULL,,3,0,2,7,255,961,250,0,0
stim,40575,70696,0,70696,3268009.455,-0.494,-0.089,0.186,0.845,2911,0,0,2795,0,1247,0,1030,57,1.287,1,2101,0,466.612,11.909,-418.438,-190.438,79.813,-2.324,-1.172,0.027,5.742,-10.434,4.309,0.408,0.352,1.424,1.351,2,NULL,NULL,,3,0,2,7,255,961,250,0,0
stim,40575,70696,0,70696,3268014.454,-0.500,-0.089,0.170,0.845,2969,0,0,2887,0,1287,0,1163,57,1.287,1,2101,0,373.908,20.366,-290.938,-183.875,-146.125,-1.637,-1.066,-0.836,16.906,-11.355,-4.215,0.466,0.410,1.424,1.351,2,NULL,NULL,,3,0,2,7,255,961,250,0,0
stim,40575,70696,0,70696,3268019.455,-0.509,-0.085,0.163,0.841,3017,0,0,2954,0,1317,0,1248,57,1.287,1,2101,0,299.607,20.366,-63.813,-184.063,-227.625,-0.016,-0.582,-0.078,16.906,-11.355,-11.391,0.514,0.458,1.424,1.351,2,NULL,NULL,,3,0,2,7,255,961,250,0,0
stim,40594,70715,0,70715,3268024.454,-0.517,-0.079,0.161,0.837,3049,0,0,3019,0,1341,0,1299,57,1.287,1,2101,0,257.507,5.426,70.813,-157.375,-191.125,0.988,-0.914,1.449,5.023,2.051,-11.391,0.554,0.498,1.424,1.351,2,NULL,NULL,,3,0,2,7,255,961,250,0,0
stim,40594,70715,0,70715,3268029.455,-0.521,-0.074,0.159,0.835,3068,0,0,3075,0,1385,0,1307,57,1.287,1,2101,0,165.822,17.438,27.750,-137.938,-87.750,1.434,-1.363,2.219,5.023,16.699,-0.777,0.582,0.520,1.424,1.351,2,NULL,NULL,,3,0,2,7,255,961,250,0,0
stim,40629,70750,0,70750,3268034.453,-0.520,-0.071,0.152,0.838,3099,0,0,3103,0,1431,0,1303,57,1.287,1,2101,0,182.378,22.817,-110.563,-135.063,52.875,1.215,-1.398,2.000,5.906,22.039,3.410,0.602,0.532,1.424,1.351,2,NULL,NULL,,3,0,2,7,255,961,250,0,0
stim,40629,70750,0,70750,3268039.455,-0.513,-0.070,0.142,0.843,3099,0,0,3130,0,1500,0,1303,57,1.287,1,2101,0,297.673,23.125,-208.438,-124.125,172.500,0.387,-1.148,1.098,7.004,22.039,3.410,0.614,0.534,1.424,1.351,2,NULL,NULL,,3,0,2,7,255,961,250,0,0
stim,40629,70750,0,70750,3268044.454,-0.506,-0.069,0.133,0.850,3103,0,0,3154,0,1611,4,1325,57,1.287,1,2101,0,317.457,13.940,-200.625,-126.625,210.938,-0.555,-0.938,0.367,8.129,11.324,-2.102,0.606,0.518,1.424,1.351,2,NULL,NULL,,3,0,2,7,255,961,250,0,0
stim,40629,70750,0,70750,3268049.455,-0.500,-0.066,0.126,0.854,3117,0,0,3174,0,1747,33,1380,57,1.287,1,2101,0,244.888,10.136,-120.625,-137.000,163.250,-1.090,-0.586,0.254,10.117,0.617,-5.563,0.570,0.476,1.424,1.351,2,NULL,NULL,,3,0,2,7,255,961,250,0,0
stim,40629,70750,0,70750,3268054.453,-0.498,-0.061,0.122,0.857,3119,0,0,3183,0,1853,77,1448,57,1.287,1,2101,0,159.601,11.568,-32.563,-142.563,63.938,-0.922,0.051,0.621,10.117,-5.609,-5.563,0.506,0.410,1.424,1.351,2,NULL,NULL,,3,0,2,7,255,961,250,0,0
stim,40629,70750,0,70750,3268059.455,-0.499,-0.056,0.119,0.857,3133,0,0,3205,12,1965,107,1529,57,1.287,1,2101,0,140.258,6.831,2.750,-139.938,-9.063,-0.359,0.492,1.223,3.898,-5.609,-1.828,0.430,0.328,1.424,1.351,2,NULL,NULL,,3,0,2,7,255,961,250,0,0
stim,40629,70750,0,70750,3268064.454,-0.500,-0.052,0.115,0.857,3126,0,0,3205,77,2063,115,1612,57,1.287,1,2101,0,138.101,3.518,-37.938,-130.438,-24.875,0.055,0.344,1.594,-2.566,-2.406,3.117,0.364,0.256,1.424,1.351,2,NULL,NULL,,3,0,2,7,255,961,250,0,0
stim,40629,70750,0,70750,3268069.455,-0.500,-0.050,0.108,0.858,3134,0,0,3193,252,2159,128,1749,57,1.287,1,2101,0,166.773,3.518,-116.375,-119.375,4.438,0.156,-0.223,1.461,-2.566,2.406,3.637,0.328,0.212,1.424,1.351,2,NULL,NULL,,3,0,2,7,255,961,250,0,0
stim,40629,70750,0,70750,3268074.454,-0.499,-0.049,0.099,0.859,3135,0,0,3191,524,2237,262,1863,57,1.287,1,2101,0,194.714,5.098,-157.375,-111.188,28.000,0.000,-0.648,0.977,0.957,5.008,3.637,0.322,0.196,1.424,1.351,2,NULL,NULL,,3,0,2,7,255,961,250,0,0
stim,40629,70750,0,70750,3268079.455,-0.499,-0.047,0.094,0.860,3131,0,0,3207,765,2279,351,2005,57,1.287,1,2101,0,133.593,7.616,-97.125,-91.563,5.500,0.031,-0.730,1.094,5.324,5.445,0.070,0.328,0.198,1.424,1.351,2,NULL,NULL,,3,0,2,7,255,961,250,0,0
stim,40659,70780,0,70780,3268084.454,-0.501,-0.046,0.091,0.859,3135,0,0,3207,965,2333,339,2087,57,1.287,1,2101,0,77.275,7.868,-33.063,-52.938,-45.563,0.285,-0.375,1.082,5.324,5.793,-0.168,0.332,0.198,1.424,1.351,2,NULL,NULL,,3,0,2,7,255,961,250,0,0
stim,40659,70780,0,70780,3268089.455,-0.502,-0.044,0.091,0.859,3129,0,0,3205,1117,2351,349,2127,57,1.287,1,2101,0,66.948,5.998,23.563,-50.938,-36.500,0.715,0.617,0.918,1.555,5.793,-0.168,0.326,0.192,1.424,1.351,2,NULL,NULL,,3,0,2,7,255,961,250,0,0
stim,40659,70780,0,70780,3268094.453,-0.502,-0.041,0.092,0.859,3127,0,0,3188,1204,2379,349,2176,57,1.287,1,2101,0,67.807,8.282,57.813,-32.938,13.063,0.414,0.547,1.563,-6.844,4.664,-0.168,0.314,0.178,1.424,1.351,2,NULL,NULL,,3,0,2,7,255,961,250,0,0
stim,40659,70780,0,70780,3268099.455,-0.501,-0.042,0.090,0.860,3131,21,0,3193,1292,2405,357,2230,57,1.287,1,2101,0,62.098,7.763,-46.625,-22.375,34.375,-0.324,0.055,1.797,-6.844,3.664,5.039,0.300,0.162,1.424,1.351,2,NULL,NULL,,3,0,2,7,255,961,250,0,0
stim,40659,70780,0,70780,3268104.453,-0.501,-0.044,0.085,0.860,3131,39,0,3193,1372,2419,359,2276,57,1.287,1,2101,0,122.095,0.901,-119.688,-14.375,-19.375,-0.578,0.102,1.047,0.883,0.180,5.039,0.284,0.144,1.424,1.351,2,NULL,NULL,,3,0,2,7,255,961,250,0,0
stim,40659,70780,0,70780,3268109.455,-0.504,-0.045,0.082,0.858,3141,38,0,3208,1461,2431,379,2295,57,1.287,1,2101,0,111.438,2.183,-69.625,-10.500,-86.375,-0.266,0.133,0.547,0.883,-1.996,1.289,0.266,0.126,1.424,1.351,2,NULL,NULL,,3,0,2,7,255,961,250,0,0
stim,40684,70805,0,70805,3268114.454,-0.508,-0.045,0.082,0.856,3139,57,0,3194,1547,2449,393,2330,57,1.287,1,2101,0,92.992,1.998,-1.125,-13.500,-92.000,0.188,-0.047,0.828,-0.098,-1.996,-2.133,0.244,0.102,1.424,1.351,2,NULL,NULL,,3,0,2,7,255,961,250,0,0
stim,40684,70805,0,70805,3268119.455,-0.510,-0.045,0.081,0.855,3141,82,0,3191,1584,2459,391,2361,57,1.287,1,2101,0,44.075,3.134,-3.875,-10.000,-42.750,0.246,-0.152,1.211,-0.172,3.129,-2.133,0.224,0.084,1.424,1.351,2,NULL,NULL,,3,0,2,7,255,961,250,0,0
stim,40684,70805,0,70805,3268124.454,-0.510,-0.045,0.079,0.856,3135,91,0,3198,1639,2463,395,2381,57,1.287,1,2101,0,46.026,3.134,-45.000,-7.813,-5.688,-0.070,-0.004,1.148,-0.172,3.129,1.375,0.214,0.072,1.424,1.351,2,NULL,NULL,,3,0,2,7,255,961,250,0,0
stim,40684,70805,0,70805,3268129.455,-0.510,-0.046,0.077,0.855,3143,113,0,3205,1681,2472,391,2399,57,1.287,1,2101,0,56.522,1.266,-51.813,-5.625,-21.875,-0.309,0.164,0.902,-0.172,1.254,1.375,0.208,0.066,1.424,1.351,2,NULL,NULL,,3,0,2,7,255,961,250,0,0
stim,40727,70848,0,70848,3268134.454,-0.513,-0.047,0.076,0.854,3147,135,0,3199,1706,2486,377,2415,57,1.287,1,2101,0,64.090,1.198,-25.813,-6.938,-58.250,-0.215,0.148,0.879,-0.297,-1.160,-0.520,0.204,0.060,1.424,1.351,2,NULL,NULL,,3,0,2,7,255,961,250,0,0
stim,40727,70848,0,70848,3268139.455,-0.515,-0.047,0.075,0.853,3143,131,0,3207,1741,2493,364,2430,57,1.287,1,2101,0,63.976,1.289,-8.625,-5.813,-63.125,0.039,0.000,1.035,-0.563,-1.160,-0.520,0.196,0.052,1.424,1.351,2,NULL,NULL,,3,0,2,7,255,961,250,0,0
stim,40727,70848,0,70848,3268144.453,-0.516,-0.047,0.075,0.852,3129,143,0,3191,1753,2495,363,2428,57,1.287,1,2101,0,38.698,2.009,-14.625,-3.813,-35.625,0.113,-0.008,1.113,-0.621,1.910,0.129,0.188,0.042,1.424,1.351,2,NULL,NULL,,3,0,2,7,255,961,250,0,0
stim,40727,70848,0,70848,3268149.455,-0.517,-0.047,0.074,0.852,3129,163,47,3191,1775,2503,363,2438,57,1.287,1,2101,0,26.681,2.109,-24.125,-1.375,-11.313,-0.023,0.066,1.074,-0.895,1.910,0.652,0.180,0.034,1.424,1.351,2,NULL,NULL,,3,0,2,7,255,961,250,0,0
stim,40727,70848,0,70848,3268154.453,-0.517,-0.048,0.073,0.852,3129,168,61,3196,1805,2515,360,2439,57,1.287,1,2101,0,27.023,1.440,-25.250,0.250,-9.625,-0.168,0.051,1.020,-0.895,1.129,0.652,0.174,0.028,1.424,1.351,2,NULL,NULL,,3,0,2,7,255,961,250,0,0
stim,40727,70848,0,70848,3268159.455,-0.518,-0.049,0.072,0.851,3129,165,79,3191,1809,2505,358,2441,57,1.287,1,2101,0,26.753,0.159,-19.188,0.813,-18.625,-0.172,-0.020,0.984,-0.129,0.094,0.316,0.170,0.024,1.424,1.351,2,NULL,NULL,,3,0,2,7,255,961,250,0,0
stim,40745,70866,0,70866,3268164.454,-0.518,-0.049,0.071,0.851,3125,173,112,3187,1819,2505,357,2439,57,1.287,1,2101,0,22.564,0.406,-9.688,0.375,-20.375,-0.105,-0.043,0.980,0.395,0.094,-0.023,0.164,0.016,1.424,1.351,2,NULL,NULL,,3,0,2,7,255,961,250,0,0
stim,40745,70866,0,70866,3268169.455,-0.519,-0.049,0.071,0.851,3119,155,147,3203,1822,2503,339,2441,57,1.317,1,2101,1,12.009,0.868,-3.625,-0.500,-11.438,-0.082,-0.035,1.020,0.395,0.773,-0.023,0.000,0.000,1.382,1.370,2,NULL,NULL,,3,0,2,7,255,961,250,0,0
stim,40745,70866,0,70866,3268174.454,-0.519,-0.049,0.071,0.851,3116,167,169,3181,1833,2503,335,2437,57,1.317,1,2101,1,5.807,0.820,-4.813,-1.250,-3.000,-0.141,-0.016,1.039,0.273,0.773,0.168,0.002,0.002,1.382,1.370,2,NULL,NULL,,3,0,2,7,255,961,250,0,0
stim,40745,70866,0,70866,3268179.455,-0.519,-0.049,0.071,0.851,3114,159,203,3179,1837,2495,327,2440,57,1.317,1,2101,1,7.109,0.496,-6.375,-2.063,-2.375,-0.184,0.000,1.000,0.273,0.414,0.168,0.004,0.006,1.382,1.370,2,NULL,NULL,,3,0,2,7,255,961,250,0,0
stim,40745,70866,0,70866,3268184.454,-0.519,-0.049,0.070,0.850,3107,159,213,3174,1839,2493,325,2439,57,1.317,1,2101,1,6.258,0.348,-3.063,-3.500,-4.188,-0.172,-0.012,0.969,0.348,0.000,0.164,0.008,0.008,1.382,1.370,2,NULL,NULL,,3,0,2,7,255,961,250,0,0
stim,40745,70866,0,70866,3268189.455,-0.519,-0.049,0.070,0.850,3101,158,221,3165,1838,2487,325,2439,57,1.317,1,2101,1,5.496,0.348,1.563,-4.875,-2.000,-0.145,-0.020,0.984,0.348,0.000,-0.074,0.008,0.010,1.382,1.370,2,NULL,NULL,,3,0,2,7,255,961,250,0,0
stim,40745,70866,0,70866,3268194.453,-0.519,-0.049,0.070,0.850,3096,153,231,3160,1843,2484,327,2439,57,1.317,1,2101,1,6.620,0.431,2.125,-5.750,2.500,-0.141,0.000,1.000,0.340,0.266,-0.074,0.010,0.010,1.382,1.370,2,NULL,NULL,,3,0,2,7,255,961,250,0,0
stim,40745,70866,0,70866,3268199.455,-0.519,-0.048,0.070,0.851,3094,141,237,3151,1843,2473,329,2449,57,1.317,1,2101,1,7.515,0.316,1.063,-6.063,4.313,-0.156,0.023,1.000,0.172,0.266,0.090,0.010,0.012,1.382,1.370,2,NULL,NULL,,3,0,2,7,255,961,250,0,0
stim,40778,70899,0,70899,3268204.454,-0.519,-0.048,0.070,0.851,3081,143,240,3144,1837,2464,325,2440,57,1.317,1,2101,1,6.760,0.056,1.313,-6.063,2.688,-0.164,0.035,0.984,0.055,0.012,0.090,0.012,0.012,1.382,1.370,2,NULL,NULL,,3,0,2,7,255,961,250,0,0
stim,40778,70899,0,70899,3268209.455,-0.519,-0.048,0.070,0.851,3067,135,248,3131,1835,2460,325,2441,57,1.317,1,2101,1,7.061,0.017,3.188,-6.188,1.188,-0.148,0.035,0.984,-0.012,-0.012,-0.039,0.014,0.014,1.382,1.370,2,NULL,NULL,,3,0,2,7,255,961,250,0,0
stim,40778,70899,0,70899,3268214.454,-0.519,-0.047,0.070,0.851,3061,119,256,3132,1836,2459,327,2441,57,1.317,1,2101,1,7.953,0.083,4.250,-6.438,1.938,-0.137,0.047,1.000,-0.082,-0.012,-0.039,0.016,0.014,1.382,1.370,2,NULL,NULL,,3,0,2,7,255,961,250,0,0
stim,40778,70899,0,70899,3268219.455,-0.519,-0.047,0.070,0.851,3051,127,263,3113,1836,2447,317,2441,57,1.317,1,2101,1,8.280,0.219,3.500,-6.500,3.750,-0.148,0.066,1.012,-0.219,-0.012,0.094,0.016,0.014,1.382,1.370,2,NULL,NULL,,3,0,2,7,255,961,250,0,0
stim,40778,70899,0,70899,3268224.454,-0.519,-0.047,0.070,0.851,3044,125,267,3101,1847,2455,313,2439,57,1.317,1,2101,1,7.778,0.362,2.375,-6.625,3.313,-0.168,0.086,1.008,-0.352,-0.086,0.215,0.016,0.014,1.382,1.370,2,NULL,NULL,,3,0,2,7,255,961,250,0,0
stim,40778,70899,0,70899,3268229.455,-0.519,-0.047,0.070,0.851,3035,120,291,3093,1851,2443,317,2457,57,1.317,1,2101,1,7.173,0.514,1.688,-6.938,0.688,-0.191,0.086,1.000,-0.352,-0.375,0.215,0.018,0.014,1.382,1.370,2,NULL,NULL,,3,0,2,7,255,961,250,0,0
stim,40828,70949,0,70949,3268234.454,-0.519,-0.046,0.070,0.851,3017,123,339,3087,1864,2442,349,2459,57,1.317,1,2101,1,8.114,0.635,1.063,-7.625,-2.563,-0.195,0.070,0.992,-0.309,-0.555,0.191,0.016,0.012,1.382,1.370,2,NULL,NULL,,3,0,2,7,255,961,250,0,0
stim,40828,70949,0,70949,3268239.455,-0.519,-0.046,0.070,0.851,3001,125,371,3061,1890,2429,364,2457,57,1.317,1,2101,1,9.999,0.587,0.750,-9.188,-3.875,-0.211,0.055,0.973,-0.152,-0.566,0.121,0.016,0.012,1.382,1.370,2,NULL,NULL,,3,0,2,7,255,961,250,0,0
stim,40828,70949,0,70949,3268244.453,-0.519,-0.046,0.069,0.851,2983,120,417,3053,1925,2443,393,2464,57,1.317,1,2101,1,12.619,0.654,1.563,-11.188,-5.625,-0.234,0.066,0.969,0.051,-0.652,-0.059,0.014,0.008,1.382,1.370,2,NULL,NULL,,3,0,2,7,255,961,250,0,0
stim,40828,70949,0,70949,3268249.455,-0.519,-0.045,0.069,0.850,2968,139,454,3031,1955,2431,407,2479,57,1.317,1,2101,1,17.106,0.923,2.688,-12.875,-10.938,-0.246,0.113,0.984,0.051,-0.922,-0.059,0.012,0.006,1.382,1.370,2,NULL,NULL,,3,0,2,7,255,961,250,0,0
stim,40828,70949,0,70949,3268254.454,-0.520,-0.044,0.069,0.850,2951,143,581,3014,2003,2432,429,2491,57,1.317,1,2101,1,22.031,1.049,3.000,-14.500,-16.313,-0.203,0.152,1.008,-0.277,-1.012,0.125,0.012,0.004,1.382,1.370,2,NULL,NULL,,3,0,2,7,255,961,250,0,0
stim,40828,70949,0,70949,3268259.455,-0.521,-0.044,0.069,0.850,2919,164,661,2995,2023,2431,484,2507,57,1.317,1,2101,1,22.800,1.302,1.938,-15.875,-16.250,-0.164,0.145,1.023,-0.820,-1.012,0.289,0.012,0.002,1.382,1.370,2,NULL,NULL,,3,0,2,7,255,961,250,0,0
stim,40828,70949,0,70949,3268264.453,-0.521,-0.043,0.069,0.850,2899,167,727,2974,2075,2437,527,2527,57,1.317,1,2101,1,21.013,1.022,-1.750,-17.375,-11.688,-0.148,0.113,1.020,-0.820,-0.609,0.320,0.012,0.004,1.382,1.370,2,NULL,NULL,,3,0,2,7,255,961,250,0,0
stim,40828,70949,0,70949,3268269.455,-0.521,-0.043,0.068,0.849,2871,187,837,2967,2133,2451,583,2551,57,1.317,1,2101,1,20.655,0.945,-3.875,-18.563,-8.188,-0.180,0.102,0.988,-0.723,-0.609,0.320,0.012,0.008,1.382,1.370,2,NULL,NULL,,3,0,2,7,255,961,250,0,0
stim,40828,70949,0,70949,3268274.454,-0.522,-0.042,0.068,0.849,2857,206,947,2937,2194,2451,678,2583,57,1.317,1,2101,1,22.855,0.818,-1.875,-19.438,-11.875,-0.207,0.121,0.973,-0.504,-0.645,0.043,0.012,0.012,1.382,1.370,2,NULL,NULL,,3,0,2,7,255,961,250,0,0
stim,40828,70949,0,70949,3268279.455,-0.523,-0.041,0.068,0.849,2835,243,1045,2927,2263,2451,811,2597,57,1.317,1,2101,1,28.263,1.017,2.438,-19.500,-20.313,-0.176,0.164,0.996,-0.504,-0.883,0.043,0.016,0.018,1.382,1.370,2,NULL,NULL,,3,0,2,7,255,961,250,0,0
stim,40848,70969,0,70969,3268284.454,-0.524,-0.040,0.067,0.848,2799,251,1193,2909,2313,2459,919,2605,57,1.317,1,2101,1,31.863,1.346,3.750,-18.563,-25.625,-0.117,0.176,1.023,-1.016,-0.883,0.141,0.022,0.024,1.382,1.370,2,NULL,NULL,,3,0,2,7,255,961,250,0,0
stim,40848,70969,0,70969,3268289.455,-0.525,-0.040,0.067,0.848,2765,269,1271,2873,2361,2457,1041,2633,57,1.317,1,2101,1,28.913,1.090,-1.313,-18.188,-22.438,-0.113,0.125,1.020,-1.016,-0.395,0.289,0.026,0.030,1.382,1.370,2,NULL,NULL,,3,0,2,7,255,961,250,0,0
stim,40848,70969,0,70969,3268294.453,-0.525,-0.039,0.066,0.847,2729,280,1429,2855,2394,2463,1177,2647,57,1.317,1,2101,1,28.289,1.024,-6.125,-18.438,-20.563,-0.172,0.090,0.996,-0.945,-0.395,0.289,0.030,0.034,1.382,1.370,2,NULL,NULL,,3,0,2,7,255,961,250,0,0
stim,40848,70969,0,70969,3268299.455,-0.526,-0.039,0.066,0.847,2685,291,1603,2840,2445,2471,1284,2661,57,1.317,1,2101,1,35.138,0.698,-6.125,-17.875,-29.625,-0.215,0.070,0.996,-0.379,-0.586,0.160,0.034,0.040,1.382,1.370,2,NULL,NULL,,3,0,2,7,255,961,250,0,0
stim,40877,70998,0,70998,3268304.454,-0.528,-0.038,0.065,0.846,2637,311,1723,2813,2492,2476,1426,2677,57,1.317,1,2101,1,44.956,0.598,-7.688,-18.625,-40.188,-0.199,0.031,1.000,-0.012,-0.598,0.160,0.038,0.044,1.382,1.370,2,NULL,NULL,,3,0,2,7,255,961,250,0,0
stim,40877,70998,0,70998,3268309.455,-0.530,-0.038,0.064,0.845,2587,329,1843,2793,2533,2485,1509,2697,57,1.317,1,2101,1,50.690,0.643,-10.938,-19.188,-45.625,-0.160,0.004,1.023,0.238,-0.598,0.168,0.040,0.046,1.382,1.370,2,NULL,NULL,,3,0,2,7,255,961,250,0,0
stim,40877,70998,0,70998,3268314.453,-0.531,-0.038,0.062,0.844,2527,357,1959,2766,2585,2490,1645,2725,57,1.317,1,2101,1,54.173,0.325,-19.063,-19.188,-46.938,-0.141,-0.027,1.035,0.297,-0.133,0.324,0.044,0.048,1.382,1.370,2,NULL,NULL,,3,0,2,7,255,961,250,0,0
stim,40877,70998,0,70998,3268319.455,-0.533,-0.038,0.061,0.843,2467,377,2067,2745,2627,2493,1757,2735,57,1.317,1,2101,1,58.358,0.511,-29.938,-19.688,-46.063,-0.156,-0.059,1.043,0.488,0.152,0.426,0.046,0.050,1.382,1.370,2,NULL,NULL,,3,0,2,7,255,961,250,0,0
stim,40895,71016,0,71016,3268324.454,-0.535,-0.038,0.059,0.842,2388,389,2201,2713,2649,2495,1849,2747,57,1.317,1,2101,1,66.444,0.807,-41.188,-20.938,-47.750,-0.180,-0.070,1.023,0.793,0.152,0.426,0.046,0.050,1.382,1.370,2,NULL,NULL,,3,0,2,7,255,961,250,0,0
stim,40895,71016,0,71016,3268329.455,-0.537,-0.039,0.056,0.841,2311,397,2299,2669,2681,2503,1959,2767,57,1.317,1,2101,1,72.726,0.806,-45.563,-22.563,-52.000,-0.164,-0.063,0.977,0.805,-0.051,0.355,0.048,0.050,1.382,1.370,2,NULL,NULL,,3,0,2,7,255,961,250,0,0
stim,40928,71049,0,71049,3268334.453,-0.539,-0.039,0.054,0.840,2221,374,2387,2631,2719,2515,2057,2781,57,1.317,1,2101,1,70.173,0.808,-41.625,-24.563,-50.875,-0.148,-0.043,0.938,0.805,-0.074,-0.113,0.048,0.048,1.382,1.370,2,NULL,NULL,,3,0,2,7,255,961,250,0,0
stim,40928,71049,0,71049,3268339.455,-0.540,-0.039,0.052,0.839,2133,405,2477,2579,2751,2511,2133,2799,57,1.317,1,2101,0,67.464,0.584,-36.750,-25.875,-50.313,-0.141,-0.027,0.980,0.578,-0.082,-0.125,0.046,0.048,1.382,1.370,2,NULL,NULL,,3,0,2,7,255,961,250,0,0
stim,40928,71049,0,71049,3268344.454,-0.542,-0.039,0.050,0.838,2025,405,2539,2516,2775,2509,2227,2825,57,1.317,1,2101,0,71.797,0.504,-38.375,-27.188,-54.250,-0.160,-0.039,1.047,0.496,-0.090,-0.125,0.046,0.046,1.382,1.370,2,NULL,NULL,,3,0,2,7,255,961,250,0,0
stim,40928,71049,0,71049,3268349.455,-0.544,-0.039,0.047,0.837,1919,403,2596,2439,2795,2511,2300,2836,57,1.317,1,2101,0,76.779,0.370,-45.438,-28.500,-54.938,-0.121,-0.039,1.035,0.359,-0.090,0.414,0.048,0.044,1.382,1.370,2,NULL,NULL,,3,0,2,7,255,961,250,0,0
stim,40928,71049,0,71049,3268354.453,-0.546,-0.039,0.044,0.836,1762,403,2639,2355,2827,2517,2361,2848,57,1.317,1,2101,0,75.683,0.421,-48.000,-29.875,-50.313,-0.102,-0.063,1.020,0.398,0.137,0.414,0.048,0.044,1.382,1.370,2,NULL,NULL,,3,0,2,7,255,961,250,0,0
stim,40928,71049,0,71049,3268359.455,-0.548,-0.039,0.042,0.835,1584,383,2697,2227,2851,2511,2427,2871,57,1.317,1,2101,0,76.264,0.466,-49.813,-31.250,-48.563,-0.113,-0.074,1.031,0.398,0.242,0.359,0.050,0.044,1.382,1.370,2,NULL,NULL,,3,0,2,7,255,961,250,0,0
stim,40928,71049,0,71049,3268364.453,-0.549,-0.039,0.039,0.834,1353,347,2735,2127,2861,2517,2489,2872,57,1.317,1,2101,0,72.720,0.466,-45.875,-31.125,-47.063,-0.109,-0.020,0.965,0.398,0.242,0.238,0.052,0.046,1.382,1.370,2,NULL,NULL,,3,0,2,7,255,961,250,0,0
stim,40928,71049,0,71049,3268369.455,-0.551,-0.039,0.037,0.833,1197,319,2791,1996,2893,2508,2537,2887,57,1.317,1,2101,0,67.945,0.047,-34.375,-32.250,-48.938,-0.105,-0.020,0.969,0.035,-0.031,-0.250,0.052,0.046,1.382,1.370,2,NULL,NULL,,3,0,2,7,255,961,250,0,0
stim,40928,71049,0,71049,3268374.454,-0.553,-0.039,0.035,0.832,989,283,2808,1787,2899,2502,2584,2899,57,1.317,1,2101,0,59.626,0.047,-29.000,-34.188,-39.313,-0.070,-0.078,1.035,0.035,-0.031,-0.250,0.052,0.044,1.382,1.370,2,NULL,NULL,,3,0,2,7,255,961,250,0,0
stim,40928,71049,0,71049,3268379.455,-0.554,-0.038,0.033,0.831,785,247,2841,1567,2917,2489,2643,2919,57,1.317,1,2101,0,56.111,0.233,-29.375,-36.500,-30.875,-0.113,-0.055,1.070,0.230,0.031,0.371,0.052,0.044,1.382,1.370,2,NULL,NULL,,3,0,2,7,255,961,250,0,0
stim,40961,71082,0,71082,3268384.453,-0.555,-0.037,0.031,0.831,524,187,2877,1322,2935,2483,2679,2925,57,1.317,1,2101,0,56.984,0.233,-31.188,-38.563,-28.063,-0.121,-0.043,1.086,0.230,0.031,0.762,0.052,0.044,1.382,1.370,2,NULL,NULL,,3,0,2,7,255,961,250,0,0
stim,40961,71082,0,71082,3268389.455,-0.555,-0.037,0.029,0.830,334,133,2895,1061,2951,2473,2703,2939,57,1.317,1,2101,0,56.431,0.183,-30.000,-40.813,-24.875,-0.117,-0.016,1.047,0.137,-0.121,0.762,0.052,0.044,1.382,1.370,2,NULL,NULL,,3,0,2,7,255,961,250,0,0
stim,40961,71082,0,71082,3268394.454,-0.556,-0.036,0.027,0.830,183,72,2917,855,2965,2461,2719,2939,57,1.317,1,2101,0,56.293,0.317,-24.750,-43.250,-26.188,-0.125,0.008,1.055,-0.121,-0.293,0.578,0.052,0.044,1.382,1.370,2,NULL,NULL,,3,0,2,7,255,961,250,0,0
stim,40961,71082,0,71082,3268399.455,-0.557,-0.034,0.025,0.829,75,29,2927,557,2981,2429,2760,2955,57,1.317,1,2101,0,58.223,0.426,-20.188,-46.813,-28.125,-0.086,0.047,1.066,-0.293,-0.309,0.578,0.054,0.044,1.382,1.370,2,NULL,NULL,,3,0,2,7,255,961,250,0,0
stim,40961,71082,0,71082,3268404.453,-0.558,-0.033,0.023,0.829,19,0,2939,411,2989,2407,2791,2963,57,1.317,1,2101,0,58.984,0.851,-14.313,-49.938,-27.938,-0.066,0.055,1.074,-0.793,-0.309,0.676,0.054,0.044,1.382,1.370,2,NULL,NULL,,3,0,2,7,255,961,250,0,0
stim,40961,71082,0,71082,3268409.455,-0.559,-0.031,0.021,0.828,0,0,2958,264,3015,2365,2827,2969,57,1.317,1,2101,0,60.209,0.927,-12.375,-52.438,-26.875,-0.055,0.047,1.051,-0.906,-0.195,0.676,0.054,0.044,1.382,1.370,2,NULL,NULL,,3,0,2,7,255,961,250,0,0
stim,40984,71105,0,71105,3268414.454,-0.560,-0.029,0.020,0.828,0,0,2968,220,3021,2344,2851,2978,57,1.317,1,2101,0,62.155,0.927,10.688,-58.563,-17.875,-0.242,-0.082,1.125,-0.906,-0.195,0.703,0.056,0.048,1.382,1.370,2,NULL,NULL,,3,0,2,7,255,961,250,0,0
stim,40984,71105,1,71105,3268419.455,-0.560,-0.025,0.021,0.828,0,0,2967,204,3034,2301,2858,2975,57,1.317,1,2101,0,93.506,1.649,57.688,-73.563,2.000,-0.492,-0.191,1.492,0.934,-1.359,1.387,0.060,0.052,1.382,1.370,2,NULL,NULL,,3,1,2,7,255,961,250,0,0
stim,40984,71105,1,71105,3268424.454,-0.560,-0.020,0.021,0.828,0,0,2983,152,3033,2260,2885,2975,57,1.317,1,2101,0,116.325,3.425,76.000,-88.063,0.750,-0.535,-0.039,1.949,1.469,-3.094,5.129,0.066,0.058,1.382,1.370,2,NULL,NULL,,3,1,2,7,255,961,250,0,0
stim,40984,71105,1,71105,3268429.455,-0.561,-0.017,0.018,0.828,0,0,2975,116,3037,2213,2899,2975,57,1.317,1,2101,0,93.327,3.425,-22.625,-88.500,-19.125,-0.184,0.172,1.785,1.469,-3.094,7.719,0.076,0.066,1.382,1.370,3,NULL,NULL,,3,1,2,7,255,961,250,0,0
stim,41029,71150,1,71150,3268434.454,-0.561,-0.016,0.013,0.828,0,0,2975,69,3049,2137,2909,2971,57,1.317,1,2101,0,119.387,1.996,-79.313,-88.188,-13.625,-0.047,0.074,1.285,-1.102,-1.664,7.719,0.084,0.074,1.382,1.370,3,NULL,NULL,,3,1,2,7,255,961,250,0,0
stim,41029,71150,1,71150,3268439.455,-0.560,-0.014,0.009,0.829,0,0,2975,13,3045,2065,2927,2974,57,1.317,1,2101,0,116.856,1.524,-49.438,-99.688,35.688,-0.066,0.109,1.098,-1.270,-0.844,2.781,0.092,0.082,1.382,1.370,3,NULL,NULL,,3,1,2,7,255,961,250,0,0
stim,41029,71150,1,71150,3268444.453,-0.558,-0.010,0.007,0.830,0,0,2981,0,3059,1961,2941,2975,57,1.317,1,2101,0,121.192,1.388,-11.563,-108.313,53.125,-0.266,0.113,1.109,-1.102,-0.844,1.090,0.098,0.090,1.382,1.370,3,NULL,NULL,,3,1,2,7,255,961,250,0,0
stim,41029,71150,1,71150,3268449.455,-0.556,-0.006,0.004,0.831,0,0,2981,0,3058,1839,2955,2971,57,1.317,1,2101,0,120.101,2.829,4.688,-115.000,34.313,-0.383,0.039,1.254,-0.559,-2.773,1.090,0.108,0.098,1.382,1.370,3,NULL,NULL,,3,1,2,7,255,961,250,0,0
stim,41029,71150,1,71150,3268454.453,-0.555,-0.002,0.001,0.832,0,0,2969,0,3079,1711,2965,2969,57,1.317,1,2101,0,122.523,3.095,1.375,-121.250,17.563,-0.348,-0.070,1.395,0.543,-3.047,2.520,0.118,0.110,1.382,1.370,3,NULL,NULL,,3,1,2,7,255,961,250,0,0
stim,41029,71150,1,71150,3268459.455,-0.555,0.002,-0.002,0.832,0,0,2965,0,3079,1563,2981,2968,57,1.317,1,2101,0,128.410,3.376,-11.375,-127.000,15.188,-0.281,-0.176,1.359,1.453,-3.047,3.555,0.130,0.120,1.382,1.370,3,NULL,NULL,,3,1,2,7,255,961,250,0,0
stim,41029,71150,1,71150,3268464.454,-0.554,0.006,-0.006,0.833,0,0,2955,0,3081,1371,2988,2963,57,1.317,1,2101,0,136.465,3.077,-20.563,-133.563,19.000,-0.219,-0.199,1.258,2.195,-2.156,3.555,0.142,0.132,1.382,1.370,3,NULL,NULL,,3,1,2,7,255,961,250,0,0
stim,41029,71150,1,71150,3268469.455,-0.553,0.011,-0.010,0.833,0,0,2939,0,3087,1141,2997,2954,57,1.317,1,2101,0,142.948,2.807,-23.500,-139.125,22.938,-0.199,-0.152,1.176,2.195,-1.750,2.547,0.154,0.144,1.382,1.370,3,NULL,NULL,,3,1,2,7,255,961,250,0,0
stim,41029,71150,1,71150,3268474.454,-0.552,0.015,-0.014,0.834,0,0,2923,0,3090,943,3003,2939,57,1.317,1,2101,0,148.384,2.489,-14.188,-145.250,26.813,-0.238,-0.125,1.105,1.770,-1.750,1.719,0.168,0.156,1.382,1.370,3,NULL,NULL,,3,1,2,7,255,961,250,0,0
stim,41029,71150,1,71150,3268479.455,-0.551,0.021,-0.018,0.834,0,0,2907,0,3090,695,3013,2925,57,1.317,1,2101,0,154.758,2.875,1.375,-152.938,23.625,-0.266,-0.105,1.090,1.750,-2.281,0.965,0.180,0.168,1.382,1.370,3,NULL,NULL,,3,1,2,7,255,961,250,0,0
stim,41051,71172,1,71172,3268484.454,-0.550,0.027,-0.021,0.835,0,0,2889,0,3094,541,3019,2915,57,1.317,1,2101,0,161.567,3.210,10.063,-160.375,16.813,-0.254,-0.133,1.141,1.750,-2.691,0.965,0.194,0.180,1.382,1.370,3,NULL,NULL,,3,1,2,7,255,961,250,0,0
stim,41051,71172,1,71172,3268489.455,-0.549,0.033,-0.025,0.835,0,0,2859,0,3096,378,3027,2897,57,1.317,1,2101,0,168.420,3.363,14.313,-167.563,9.125,-0.203,-0.156,1.160,2.016,-2.691,1.203,0.208,0.194,1.382,1.370,3,NULL,NULL,,3,1,2,7,255,961,250,0,0
stim,41051,71172,1,71172,3268494.453,-0.548,0.039,-0.028,0.835,0,0,2827,0,3100,167,3034,2873,57,1.317,1,2101,0,177.177,3.155,24.125,-175.125,11.875,-0.191,-0.160,1.215,2.090,-2.363,1.395,0.222,0.206,1.382,1.370,3,NULL,NULL,,3,1,2,7,255,961,250,0,0
stim,41051,71172,1,71172,3268499.455,-0.547,0.046,-0.031,0.835,0,0,2789,0,3096,85,3039,2847,57,1.317,1,2101,0,184.843,3.155,21.563,-183.125,12.938,-0.137,-0.059,1.266,2.090,-2.363,1.922,0.238,0.220,1.382,1.370,3,NULL,NULL,,3,1,2,7,255,961,250,0,0
stim,41074,71195,1,71195,3268504.454,-0.546,0.054,-0.035,0.836,0,0,2743,0,3098,28,3044,2815,57,1.317,1,2101,0,194.225,2.737,23.875,-191.500,21.938,-0.113,0.105,1.363,1.148,-2.484,2.367,0.252,0.234,1.382,1.370,3,NULL,NULL,,3,1,2,7,255,961,250,0,0
stim,41074,71195,1,71195,3268509.455,-0.544,0.061,-0.039,0.836,0,0,2693,0,3096,0,3047,2779,57,1.317,1,2101,0,201.543,3.205,20.625,-199.375,21.063,-0.211,0.191,1.438,-0.293,-3.191,3.285,0.268,0.250,1.382,1.370,3,NULL,NULL,,3,1,2,7,255,961,250,0,0
stim,41074,71195,1,71195,3268514.453,-0.543,0.070,-0.043,0.836,0,0,2623,0,3093,0,3049,2735,57,1.317,1,2101,0,212.180,4.755,23.188,-210.063,18.875,-0.180,0.324,1.633,-0.551,-4.723,3.785,0.286,0.268,1.382,1.370,3,NULL,NULL,,3,1,2,7,255,961,250,0,0
stim,41074,71195,1,71195,3268519.455,-0.541,0.078,-0.048,0.836,0,0,2534,0,3093,1,3049,2681,57,1.317,1,2101,0,222.241,5.516,11.625,-220.813,22.313,-0.320,0.234,1.938,-0.551,-5.488,5.617,0.308,0.290,1.382,1.370,3,NULL,NULL,,3,1,2,7,255,961,250,0,0
stim,41074,71195,1,71195,3268524.454,-0.540,0.086,-0.054,0.836,0,0,2427,0,3083,3,3049,2622,57,1.317,1,2101,0,238.750,7.145,-5.688,-237.625,22.438,-0.473,0.148,2.195,0.000,-7.145,8.227,0.334,0.316,1.382,1.370,3,NULL,NULL,,3,1,2,7,255,961,250,0,0
stim,41074,71195,1,71195,3268529.455,-0.538,0.095,-0.061,0.835,0,0,2312,0,3067,21,3043,2553,57,1.317,1,2101,0,261.098,9.004,-24.938,-258.688,25.125,-0.488,0.309,2.402,0.602,-8.984,10.285,0.364,0.346,1.382,1.370,3,NULL,NULL,,3,1,2,7,255,961,250,0,0
stim,41128,71249,1,71249,3268534.454,-0.536,0.104,-0.070,0.835,0,0,2169,0,3051,69,3037,2458,57,1.317,1,2101,0,290.370,10.662,-45.375,-284.750,34.250,-0.539,0.613,2.441,0.602,-10.645,11.863,0.402,0.386,1.382,1.370,3,NULL,NULL,,3,1,2,7,255,961,250,0,0
stim,41128,71249,1,71249,3268539.455,-0.533,0.114,-0.079,0.834,0,0,2005,0,3039,77,3017,2348,57,1.317,1,2101,0,315.974,13.016,-60.750,-307.688,38.438,-0.605,0.859,2.500,-1.742,-12.898,11.863,0.448,0.432,1.382,1.370,3,NULL,NULL,,3,1,2,7,255,961,250,0,0
stim,41128,71249,1,71249,3268544.453,-0.531,0.124,-0.090,0.834,0,0,1873,0,3013,79,2995,2197,57,1.317,1,2101,0,343.178,15.559,-78.688,-332.000,36.813,-0.723,0.926,2.691,-3.293,-15.207,11.863,0.504,0.488,1.382,1.370,3,NULL,NULL,,3,1,2,7,255,961,250,0,0
stim,41128,71249,1,71249,3268549.455,-0.529,0.134,-0.103,0.832,0,0,1747,0,2987,67,2972,2053,57,1.317,1,2101,0,374.080,17.961,-120.000,-353.688,21.000,-0.809,0.918,2.809,-3.293,-17.656,12.766,0.566,0.552,1.382,1.370,3,NULL,NULL,,3,1,2,7,255,961,250,0,0
stim,41128,71249,1,71249,3268554.454,-0.528,0.144,-0.117,0.829,0,0,1660,0,2953,85,2937,1909,57,1.317,1,2101,0,407.772,19.707,-154.750,-377.250,3.563,-0.805,1.055,2.773,-3.293,-19.430,12.766,0.638,0.624,1.382,1.370,3,NULL,NULL,,3,1,2,7,255,961,250,0,0
stim,41128,71249,1,71249,3268559.455,-0.526,0.154,-0.132,0.826,0,0,1563,0,2903,77,2893,1788,57,1.317,1,2101,0,432.752,21.022,-169.313,-398.188,-7.375,-0.781,1.246,2.801,-4.008,-20.637,11.875,0.720,0.706,1.382,1.370,3,NULL,NULL,,3,1,2,7,255,961,250,0,0
stim,41128,71249,1,71249,3268564.453,-0.525,0.165,-0.149,0.822,0,0,1436,0,2851,69,2827,1644,57,1.317,1,2101,0,460.079,22.435,-189.313,-419.000,-16.500,-0.848,1.039,2.766,-4.008,-22.074,11.273,0.808,0.796,1.382,1.370,3,NULL,NULL,,3,1,2,7,255,961,250,0,0
stim,41128,71249,1,71249,3268569.455,-0.524,0.176,-0.166,0.817,0,0,1322,0,2779,69,2736,1517,57,1.317,1,2101,0,487.507,22.701,-194.125,-446.938,-15.000,-0.918,0.652,2.770,-3.809,-22.379,10.023,0.906,0.894,1.382,1.370,3,NULL,NULL,,3,1,2,7,255,961,250,0,0
stim,41128,71249,1,71249,3268574.454,-0.522,0.189,-0.183,0.812,0,0,1141,0,2680,54,2599,1374,57,1.317,1,2101,0,503.169,22.438,-187.188,-466.750,-16.875,-1.008,0.570,2.855,-0.102,-22.438,9.207,1.012,1.000,1.382,1.370,3,NULL,NULL,,3,1,2,7,255,961,250,0,0
stim,41128,71249,1,71249,3268579.455,-0.520,0.202,-0.200,0.805,0,0,989,0,2547,13,2411,1215,57,1.317,1,2101,0,514.236,24.016,-180.938,-479.625,-40.750,-0.973,0.438,2.980,0.980,-23.996,8.914,1.122,1.110,1.382,1.370,3,NULL,NULL,,3,1,2,7,255,961,250,0,0
stim,41149,71270,1,71270,3268584.454,-0.519,0.216,-0.217,0.798,0,0,808,0,2405,0,2183,1039,57,1.317,1,2101,0,526.870,24.373,-176.063,-492.875,-60.563,-0.801,0.164,3.141,2.113,-24.281,8.914,1.236,1.224,1.382,1.370,3,NULL,NULL,,3,1,2,7,255,961,250,0,0
stim,41149,71270,1,71270,3268589.455,-0.516,0.229,-0.235,0.791,0,0,655,0,2169,0,1855,876,57,1.317,1,2101,0,546.607,24.623,-195.188,-508.813,-42.313,-0.695,-0.246,2.977,4.086,-24.281,9.207,1.350,1.338,1.382,1.370,3,NULL,NULL,,3,1,2,7,255,961,250,0,0
stim,41149,71270,1,71270,3268594.453,-0.512,0.242,-0.255,0.784,0,0,435,0,1897,0,1493,719,57,1.317,1,2101,0,570.850,23.320,-223.875,-525.063,7.688,-0.609,-0.527,2.406,7.238,-22.168,9.207,1.462,1.452,1.382,1.370,3,NULL,NULL,,3,1,2,7,255,961,250,0,0
stim,41149,71270,1,71270,3268599.455,-0.507,0.255,-0.274,0.776,0,0,227,0,1595,0,951,594,57,1.317,1,2101,0,573.181,20.056,-194.063,-539.188,12.375,-0.570,-0.613,1.742,8.957,-17.945,4.945,1.568,1.556,1.382,1.370,3,NULL,NULL,,3,1,2,7,255,961,250,0,0
stim,41176,71297,1,71297,3268604.454,-0.501,0.272,-0.290,0.769,0,0,142,0,1243,0,343,454,57,1.317,1,2101,0,561.787,16.315,-100.625,-552.625,9.188,-0.516,-0.332,1.531,8.957,-13.637,-0.242,1.664,1.652,1.382,1.370,3,NULL,NULL,,3,1,2,7,255,961,250,0,0
stim,41176,71297,1,71297,3268609.455,-0.493,0.289,-0.302,0.763,0,0,89,0,841,0,25,397,57,1.317,1,2101,0,551.508,14.981,-11.750,-551.188,14.688,-0.531,0.191,2.039,6.203,-13.637,-1.125,1.754,1.740,1.382,1.370,3,NULL,NULL,,3,1,2,7,255,961,250,0,0
stim,41176,71297,1,71297,3268614.453,-0.482,0.306,-0.315,0.758,0,0,41,0,346,0,0,333,57,1.317,1,2101,0,556.410,18.898,-5.813,-551.250,75.375,-0.922,0.465,2.609,2.270,-18.762,-2.102,1.844,1.830,1.382,1.370,3,NULL,NULL,,3,1,2,7,255,961,250,0,0
stim,41176,71297,1,71297,3268619.455,-0.469,0.320,-0.332,0.753,0,0,25,0,0,0,0,264,57,1.317,1,2101,0,602.206,26.472,-78.438,-567.875,184.438,-1.508,0.516,2.629,2.270,-26.375,-2.102,1.946,1.930,1.382,1.370,3,NULL,NULL,,3,1,2,7,255,961,250,0,0
stim,41193,71314,1,71314,3268624.454,-0.456,0.332,-0.352,0.747,0,0,6,0,0,0,0,168,57,1.317,1,2101,0,620.610,28.762,-157.750,-566.563,198.188,-1.750,0.828,2.238,2.176,-28.680,-8.020,2.056,2.042,1.382,1.370,3,NULL,NULL,,3,1,2,7,255,961,250,0,0
stim,41193,71314,1,71314,3268629.455,-0.448,0.342,-0.372,0.738,0,0,0,0,0,0,0,100,57,1.317,1,2101,0,578.501,28.744,-255.500,-509.625,98.313,-1.168,1.512,1.625,1.918,-28.680,-14.242,2.174,2.160,1.382,1.370,4,NULL,NULL,,3,1,2,7,255,961,250,0,0
stim,41229,71350,1,71350,3268634.454,-0.445,0.347,-0.392,0.726,0,0,10,0,0,0,0,93,57,1.317,1,2101,0,555.827,23.990,-368.438,-415.438,24.688,-0.762,1.898,0.992,-7.266,-22.863,-15.531,2.286,2.272,1.382,1.370,0,NULL,NULL,,3,1,2,7,255,961,250,0,0
stim,41229,71350,1,71350,3268639.455,-0.445,0.344,-0.415,0.715,0,0,6,0,0,0,0,88,57,1.317,1,2101,0,593.081,21.226,-513.750,-284.313,83.500,-0.516,2.129,-0.141,-13.348,-16.504,-17.004,2.386,2.372,1.382,1.370,0,NULL,NULL,,3,1,2,7,255,961,250,0,0
stim,41229,71350,1,71350,3268644.453,-0.446,0.340,-0.432,0.706,0,0,5,0,0,0,0,69,57,1.317,1,2101,0,449.883,14.395,-414.063,-168.438,50.750,-0.402,1.359,-0.906,-13.348,-5.391,-20.898,2.466,2.452,1.382,1.370,0,NULL,NULL,,3,1,2,7,255,961,250,0,0
stim,41229,71350,1,71350,3268649.455,-0.446,0.340,-0.437,0.703,0,0,4,0,0,0,0,57,57,1.317,1,2101,0,131.194,11.606,-112.063,-65.125,20.313,-0.797,-0.535,-0.289,-11.566,0.957,-20.898,2.520,2.506,1.382,1.370,0,NULL,NULL,,3,1,2,7,255,961,250,0,0
stim,41229,71350,1,71350,3268654.454,-0.446,0.340,-0.436,0.703,0,0,1,0,0,0,0,59,57,1.317,1,2101,0,22.663,7.553,20.313,3.625,-9.375,-1.219,-1.227,1.184,7.492,0.957,-15.953,2.560,2.546,1.382,1.370,0,NULL,NULL,,3,1,2,7,255,961,250,0,0
stim,41229,71350,1,71350,3268659.455,-0.452,0.337,-0.437,0.701,0,0,1,0,0,0,0,58,57,1.317,1,2101,0,169.285,14.645,-118.125,93.000,-77.813,-1.418,-0.223,1.570,7.750,-12.426,-15.293,2.600,2.586,1.382,1.370,0,NULL,NULL,,3,1,2,7,255,961,250,0,0
stim,41229,71350,1,71350,3268664.453,-0.462,0.329,-0.439,0.697,0,0,0,0,0,0,0,24,57,1.317,1,2101,0,307.076,14.645,-227.000,171.625,-115.375,-0.793,0.574,0.309,7.750,-12.426,-15.293,2.644,2.630,1.382,1.370,0,NULL,NULL,,3,1,2,7,255,961,250,0,0
stim,41229,71350,0,71350,3268669.455,-0.470,0.321,-0.438,0.696,0,0,0,0,0,0,0,18,57,1.317,1,2101,0,263.043,6.976,-147.125,211.000,-55.000,-0.492,1.098,-0.398,-2.492,-6.516,-17.141,2.690,2.676,1.382,1.370,0,NULL,NULL,,3,0,2,7,255,959,250,0,0
stim,41229,71350,0,71350,3268674.454,-0.474,0.314,-0.434,0.699,0,0,0,0,0,0,0,9,57,1.317,1,2101,0,234.298,7.619,-10.063,233.188,20.438,-0.582,0.984,-0.102,-7.090,-2.789,-18.180,2.730,2.716,1.382,1.370,0,NULL,NULL,,3,0,2,7,255,959,250,0,0
stim,41229,71350,0,71350,3268679.455,-0.478,0.306,-0.428,0.703,0,0,0,0,0,0,0,7,57,1.317,1,2101,0,250.009,7.619,27.438,245.125,40.813,-0.973,0.691,0.605,-7.090,-2.789,-18.180,2.766,2.752,1.382,1.370,0,NULL,NULL,,3,0,2,7,255,959,250,0,0
stim,41246,71367,0,71367,3268684.453,-0.483,0.298,-0.424,0.706,0,0,0,0,0,0,0,3,57,1.317,1,2101,0,257.551,10.765,-27.063,256.000,8.000,-1.012,0.387,0.656,-3.074,-10.316,-17.418,2.804,2.790,1.382,1.370,0,NULL,NULL,,3,0,2,7,255,959,250,0,0
stim,41246,71367,0,71367,3268689.455,-0.489,0.288,-0.420,0.708,0,0,0,0,0,0,0,3,57,1.317,1,2101,0,272.697,10.319,-64.563,264.625,-13.000,-0.773,0.262,0.168,-0.215,-10.316,-16.352,2.844,2.830,1.382,1.370,0,NULL,NULL,,3,0,2,7,255,959,250,0,0
stim,41246,71367,0,71367,3268694.453,-0.494,0.279,-0.416,0.710,0,0,0,0,0,0,0,5,57,1.317,1,2101,0,267.504,5.305,-40.188,264.375,7.000,-0.512,0.297,-0.266,-0.215,-5.301,-16.094,2.882,2.868,1.382,1.370,0,NULL,NULL,,3,0,2,7,255,959,250,0,0
stim,41246,71367,0,71367,3268699.455,-0.498,0.271,-0.410,0.715,0,0,0,0,0,0,0,5,57,1.317,1,2101,0,266.062,1.072,16.688,262.125,42.438,-0.516,0.395,-0.301,-0.922,-0.547,-16.094,2.916,2.902,1.382,1.370,0,NULL,NULL,,3,0,2,7,255,959,250,0,0
stim,41269,71390,0,71390,3268704.454,-0.500,0.263,-0.403,0.720,0,0,0,0,0,0,0,4,57,1.317,1,2101,0,274.162,1.826,56.750,262.125,56.875,-0.594,0.438,-0.105,-1.742,-0.547,-16.320,2.942,2.928,1.382,1.370,0,NULL,NULL,,3,0,2,7,255,959,250,0,0
stim,41269,71390,0,71390,3268709.455,-0.503,0.255,-0.395,0.725,0,0,0,0,0,0,0,18,57,1.317,1,2101,0,280.250,3.312,69.375,265.938,54.813,-0.586,0.414,0.043,-1.793,-2.785,-16.320,2.966,2.952,1.382,1.370,0,NULL,NULL,,3,0,2,7,255,959,250,0,0
stim,41269,71390,0,71390,3268714.453,-0.505,0.248,-0.387,0.730,0,0,0,0,0,0,0,17,57,1.317,1,2101,0,287.666,4.309,79.000,270.813,56.313,-0.492,0.352,0.078,-1.793,-3.918,-15.344,2.988,2.974,1.382,1.370,0,NULL,NULL,,3,0,2,7,255,959,250,0,0
stim,41269,71390,0,71390,3268719.455,-0.507,0.240,-0.379,0.736,0,0,0,0,0,0,0,1,57,1.317,1,2101,0,299.015,4.365,96.063,275.063,67.250,-0.457,0.320,0.176,-1.566,-4.074,-14.168,3.012,2.998,1.382,1.370,0,NULL,NULL,,3,0,2,7,255,959,250,0,0
stim,41294,71415,0,71415,3268724.454,-0.508,0.232,-0.370,0.742,0,0,0,0,0,0,0,0,57,1.317,1,2101,0,308.906,4.744,109.375,279.438,73.313,-0.500,0.320,0.359,-1.430,-4.523,-13.152,3.036,3.022,1.382,1.370,0,NULL,NULL,,3,0,2,7,255,959,250,0,0
stim,41294,71415,0,71415,3268729.455,-0.510,0.224,-0.360,0.748,0,0,0,0,0,0,0,0,57,1.317,1,2101,0,313.254,6.417,111.813,284.875,66.875,-0.496,0.305,0.531,-1.348,-6.273,-12.242,3.060,3.046,1.382,1.370,0,NULL,NULL,,3,0,2,7,255,959,250,0,0
stim,41328,71449,0,71449,3268734.453,-0.512,0.216,-0.351,0.754,0,0,0,0,0,0,0,0,57,1.317,1,2101,0,317.063,7.716,108.250,292.063,59.250,-0.418,0.289,0.621,-1.348,-7.598,-10.945,3.090,3.074,1.382,1.370,0,NULL,NULL,,3,0,2,7,255,959,250,0,0
stim,41328,71449,0,71449,3268739.455,-0.514,0.208,-0.341,0.759,0,0,0,0,0,0,0,0,57,1.317,1,2101,0,322.927,7.943,105.750,299.750,57.000,-0.391,0.324,0.719,-1.516,-7.797,-9.578,3.122,3.108,1.382,1.370,0,NULL,NULL,,3,0,2,7,255,959,250,0,0
stim,41328,71449,0,71449,3268744.454,-0.516,0.200,-0.331,0.765,0,0,0,0,0,0,0,0,57,1.317,1,2101,0,328.242,8.585,101.313,307.813,52.250,-0.410,0.305,0.844,-1.816,-8.391,-8.676,3.156,3.142,1.382,1.370,0,NULL,NULL,,3,0,2,7,255,959,250,0,0
stim,41328,71449,0,71449,3268749.455,-0.518,0.191,-0.321,0.769,0,0,0,0,0,0,0,0,57,1.317,1,2101,0,330.505,9.492,90.438,314.875,43.688,-0.410,0.242,0.941,-1.816,-9.316,-7.633,3.196,3.182,1.382,1.370,0,NULL,NULL,,3,0,2,7,255,959,250,0,0
stim,41328,71449,0,71449,3268754.454,-0.521,0.181,-0.311,0.774,0,0,0,0,0,0,0,0,57,1.317,1,2101,0,333.883,9.767,74.813,323.438,35.625,-0.379,0.250,0.965,-1.590,-9.637,-6.523,3.238,3.222,1.382,1.370,0,NULL,NULL,,3,0,2,7,255,959,250,0,0
stim,41328,71449,0,71449,3268759.455,-0.525,0.171,-0.302,0.777,0,0,0,0,0,0,0,0,57,1.317,1,2101,0,339.927,9.756,63.750,332.500,30.500,-0.355,0.227,0.949,-1.523,-9.637,-5.895,3.282,3.266,1.382,1.370,0,NULL,NULL,,3,0,2,7,255,959,250,0,0
stim,41328,71449,0,71449,3268764.453,-0.528,0.160,-0.292,0.781,0,0,0,0,0,0,0,0,57,1.317,1,2101,0,346.516,9.325,59.375,340.813,19.875,-0.363,0.172,0.922,-1.523,-9.199,-5.551,3.326,3.310,1.382,1.370,0,NULL,NULL,,3,0,2,7,255,959,250,0,0
stim,41328,71449,0,71449,3268769.455,-0.532,0.150,-0.282,0.784,0,0,0,0,0,0,0,5,57,1.317,1,2101,0,354.576,8.936,58.938,349.563,7.500,-0.336,0.230,0.887,-1.523,-8.805,-5.410,3.370,3.356,1.382,1.370,0,NULL,NULL,,3,0,2,7,255,959,250,0,0
stim,41328,71449,0,71449,3268774.454,-0.537,0.139,-0.271,0.787,0,0,0,0,0,0,0,3,57,1.317,1,2101,0,365.224,8.525,63.625,359.625,-3.250,-0.285,0.176,0.832,-1.418,-8.406,-5.379,3.416,3.400,1.382,1.370,0,NULL,NULL,,3,0,2,7,255,959,250,0,0
stim,41328,71449,0,71449,3268779.455,-0.541,0.129,-0.260,0.789,0,0,0,0,0,0,0,7,57,1.317,1,2101,0,376.878,7.552,72.438,369.688,-11.000,-0.199,0.055,0.758,-1.418,-7.418,-5.168,3.458,3.442,1.382,1.370,0,NULL,NULL,,3,0,2,7,255,959,250,0,0
stim,41351,71472,0,71472,3268784.453,-0.546,0.118,-0.248,0.792,0,0,0,0,0,0,0,10,57,1.317,1,2101,0,386.579,6.006,85.063,377.063,-5.625,-0.109,0.082,0.758,-1.266,-5.871,-4.789,3.498,3.482,1.382,1.370,0,NULL,NULL,,3,0,2,7,255,959,250,0,0
stim,41351,71472,0,71472,3268789.455,-0.550,0.107,-0.235,0.794,0,0,0,0,0,0,0,11,57,1.317,1,2101,0,392.133,5.503,101.313,378.813,-2.313,-0.129,0.098,0.816,-1.266,-5.355,-4.266,3.534,3.518,1.382,1.370,0,NULL,NULL,,3,0,2,7,255,959,250,0,0
stim,41351,71472,0,71472,3268794.454,-0.553,0.097,-0.222,0.797,0,0,0,0,0,0,0,11,57,1.317,1,2101,0,399.637,5.222,121.750,380.375,14.188,0.027,-0.027,0.789,-1.266,-5.066,-3.770,3.566,3.552,1.382,1.370,0,NULL,NULL,,3,0,2,7,255,959,250,0,0
stim,41351,71472,0,71472,3268799.455,-0.555,0.087,-0.208,0.801,0,0,0,0,0,0,0,12,57,1.317,1,2101,0,402.475,5.545,144.000,374.063,36.438,-0.125,0.160,0.918,-1.438,-5.355,-2.867,3.596,3.582,1.382,1.370,0,NULL,NULL,,3,0,2,7,255,959,250,0,0
stim,41375,71496,0,71496,3268804.453,-0.557,0.078,-0.194,0.804,0,0,0,0,0,0,0,16,57,1.317,1,2101,0,401.106,5.894,150.688,371.063,22.188,-0.199,0.324,1.000,-2.168,-5.480,-2.648,3.626,3.610,1.382,1.370,0,NULL,NULL,,3,0,2,7,255,959,250,0,0
stim,41375,71496,0,71496,3268809.455,-0.560,0.069,-0.179,0.806,0,0,0,0,0,0,0,21,57,1.317,1,2101,0,400.107,5.894,162.563,365.438,10.688,-0.090,0.109,0.969,-2.168,-5.480,-2.406,3.652,3.636,1.382,1.370,0,NULL,NULL,,3,0,2,7,255,959,250,0,0
stim,41375,71496,0,71496,3268814.454,-0.562,0.061,-0.164,0.809,0,0,0,0,0,0,0,18,57,1.317,1,2101,0,405.532,5.183,189.500,357.750,23.688,0.000,0.094,1.082,-2.160,-4.711,-1.598,3.676,3.660,1.382,1.370,0,NULL,NULL,,3,0,2,7,255,959,250,0,0
stim,41375,71496,0,71496,3268819.455,-0.562,0.053,-0.148,0.812,0,0,0,0,0,0,0,31,57,1.317,1,2101,0,408.123,5.183,199.563,353.563,41.625,-0.098,0.156,1.184,-2.160,-4.711,-0.141,3.700,3.686,1.382,1.370,0,NULL,NULL,,3,0,2,7,255,959,250,0,0
stim,41375,71496,0,71496,3268824.454,-0.563,0.046,-0.132,0.814,0,0,0,0,0,0,0,33,57,1.317,1,2101,0,409.030,5.545,210.125,349.125,35.563,-0.203,0.203,1.363,-2.422,-4.988,0.602,3.724,3.710,1.382,1.370,0,NULL,NULL,,3,0,2,7,255,959,250,0,0
stim,41375,71496,0,71496,3268829.455,-0.564,0.038,-0.116,0.817,0,0,0,0,0,0,0,31,57,1.317,1,2101,0,405.915,6.371,212.500,344.625,29.063,-0.180,0.203,1.473,-2.609,-5.813,2.141,3.752,3.736,1.382,1.370,0,NULL,NULL,,3,0,2,7,255,959,250,0,0
stim,41428,71549,0,71549,3268834.453,-0.565,0.032,-0.100,0.819,0,0,0,0,0,0,0,39,57,1.317,1,2101,0,406.842,6.371,221.188,340.125,30.188,-0.172,0.172,1.691,-2.609,-5.813,3.438,3.778,3.764,1.382,1.370,0,NULL,NULL,,3,0,2,7,255,959,250,0,0
stim,41428,71549,0,71549,3268839.455,-0.565,0.025,-0.084,0.820,0,0,0,0,0,0,0,39,57,1.317,1,2101,0,398.376,6.338,211.375,336.125,32.313,-0.238,0.164,1.813,-2.527,-5.813,5.785,3.808,3.792,1.382,1.370,0,NULL,NULL,,3,0,2,7,255,959,250,0,0
stim,41428,71549,0,71549,3268844.454,-0.565,0.018,-0.068,0.822,0,0,0,0,0,0,0,35,57,1.317,1,2101,0,391.771,6.356,204.063,333.313,27.313,-0.254,0.211,1.980,-2.527,-5.832,7.059,3.836,3.822,1.382,1.370,0,NULL,NULL,,3,0,2,7,255,959,250,0,0
stim,41428,71549,0,71549,3268849.455,-0.566,0.010,-0.053,0.823,0,0,0,0,0,0,0,33,57,1.317,1,2101,0,380.079,6.244,187.875,329.750,20.688,-0.313,0.176,2.027,-2.230,-5.832,8.828,3.866,3.852,1.382,1.370,0,NULL,NULL,,3,0,2,7,255,959,250,0,0
stim,41428,71549,0,71549,3268854.453,-0.566,0.003,-0.039,0.823,0,0,0,0,0,0,0,37,57,1.317,1,2101,0,371.144,6.202,177.688,325.563,13.563,-0.246,0.207,2.090,-2.500,-5.676,9.457,3.896,3.882,1.382,1.370,0,NULL,NULL,,3,0,2,7,255,959,250,0,0
stim,41428,71549,0,71549,3268859.455,-0.567,-0.004,-0.025,0.824,0,0,0,0,0,0,0,38,57,1.317,1,2101,0,363.797,5.057,168.563,322.313,7.063,-0.270,0.094,2.070,-2.027,-4.633,10.273,3.924,3.910,1.382,1.370,0,NULL,NULL,,3,0,2,7,255,959,250,0,0
stim,41428,71549,0,71549,3268864.454,-0.567,-0.012,-0.011,0.823,0,0,0,0,0,0,0,41,57,1.317,1,2101,0,360.294,4.009,166.750,319.375,2.438,-0.203,0.066,2.074,-1.309,-3.789,10.313,3.950,3.934,1.382,1.370,0,NULL,NULL,,3,0,2,7,255,959,250,0,0
stim,41428,71549,0,71549,3268869.455,-0.568,-0.019,0.003,0.823,0,0,0,0,0,0,0,42,57,1.317,1,2101,0,360.927,2.746,170.313,318.125,-7.625,-0.180,-0.117,2.051,-1.242,-2.449,10.395,3.970,3.956,1.382,1.370,0,NULL,NULL,,3,0,2,7,255,959,250,0,0
stim,41428,71549,0,71549,3268874.454,-0.569,-0.026,0.018,0.822,0,0,0,0,0,0,0,51,57,1.317,1,2101,0,364.776,0.990,177.438,318.563,-9.750,-0.113,-0.109,2.059,0.254,-0.957,10.414,3.986,3.972,1.382,1.370,0,NULL,NULL,,3,0,2,7,255,959,250,0,0
stim,41428,71549,0,71549,3268879.455,-0.570,-0.033,0.032,0.820,0,0,0,0,0,0,0,45,57,1.317,1,2101,0,371.803,0.525,189.813,319.063,-20.188,-0.055,-0.199,2.031,0.457,0.258,10.395,3.998,3.982,1.382,1.370,0,NULL,NULL,,3,0,2,7,255,959,250,0,0
stim,41448,71569,0,71569,3268884.454,-0.571,-0.039,0.047,0.819,0,0,0,0,0,0,0,46,57,1.317,1,2101,0,383.343,1.988,209.625,320.000,-24.688,0.070,-0.238,2.047,0.992,1.723,10.094,4.004,3.988,1.382,1.370,0,NULL,NULL,,3,0,2,7,255,959,250,0,0
stim,41448,71569,0,71569,3268889.455,-0.572,-0.045,0.063,0.817,0,0,0,0,0,0,0,55,57,1.317,1,2101,0,399.194,3.774,236.000,320.375,-31.938,0.195,-0.293,2.148,1.063,3.621,10.094,4.004,3.988,1.382,1.370,0,NULL,NULL,,3,0,2,7,255,959,250,0,0
stim,41448,71569,0,71569,3268894.453,-0.573,-0.050,0.081,0.814,0,0,0,0,0,0,0,58,57,1.317,1,2101,0,415.456,5.855,261.125,321.125,-36.000,0.410,-0.289,2.297,1.063,5.758,10.684,3.996,3.980,1.382,1.370,0,NULL,NULL,,3,0,2,7,255,959,250,0,0
stim,41448,71569,0,71569,3268899.455,-0.574,-0.054,0.099,0.811,0,0,0,0,0,0,0,56,57,1.317,1,2101,0,430.184,8.680,280.500,323.375,-42.500,0.668,-0.285,2.449,0.828,8.641,11.512,3.978,3.962,1.382,1.370,0,NULL,NULL,,3,0,2,7,255,959,250,0,0
stim,41475,71596,0,71596,3268904.453,-0.575,-0.058,0.117,0.807,0,0,0,0,0,0,0,59,57,1.317,1,2101,0,445.261,12.000,300.250,326.438,-39.313,0.859,-0.328,2.656,0.430,11.992,12.152,3.948,3.932,1.382,1.370,0,NULL,NULL,,3,0,2,7,255,959,250,0,0
stim,41475,71596,0,71596,3268909.455,-0.576,-0.062,0.136,0.804,0,0,0,0,0,0,0,66,57,1.317,1,2101,0,455.213,15.104,311.375,330.063,-36.375,1.023,-0.285,2.871,0.254,15.102,13.191,3.906,3.890,1.382,1.370,0,NULL,NULL,,3,0,2,7,255,959,250,0,0
stim,41475,71596,0,71596,3268914.454,-0.576,-0.066,0.155,0.800,0,0,0,0,0,0,0,61,57,1.317,1,2101,0,453.775,17.853,310.563,329.125,-33.750,1.156,-0.328,3.043,0.430,17.848,14.266,3.850,3.834,1.382,1.370,0,NULL,NULL,,3,0,2,7,255,959,250,0,0
stim,41475,71596,0,71596,3268919.455,-0.576,-0.070,0.174,0.795,0,0,0,0,0,0,0,69,57,1.317,1,2101,0,448.654,20.550,303.250,329.063,-32.375,1.270,-0.285,3.227,0.363,20.547,14.777,3.780,3.764,1.382,1.370,0,NULL,NULL,,3,0,2,7,255,959,250,0,0
stim,41494,71615,0,71615,3268924.454,-0.577,-0.075,0.192,0.791,0,0,0,0,0,0,0,64,57,1.317,1,2101,0,434.215,22.921,279.938,329.125,-43.063,1.324,-0.156,3.352,0.363,22.918,15.391,3.698,3.682,1.382,1.370,0,NULL,NULL,,3,0,2,7,255,959,250,0,0
stim,41494,71615,0,71615,3268929.455,-0.577,-0.080,0.208,0.786,0,0,0,0,0,0,0,69,57,1.317,1,2101,0,409.039,24.375,247.438,322.500,-45.625,1.414,-0.031,3.449,-0.445,24.371,15.711,3.602,3.586,1.382,1.370,0,NULL,NULL,,3,0,2,7,255,959,250,0,0
stim,41527,71648,0,71648,3268934.454,-0.577,-0.086,0.223,0.781,0,0,0,0,0,0,0,83,57,1.317,1,2101,0,379.144,26.119,208.188,312.063,-55.000,1.664,0.164,3.527,-1.453,26.078,15.711,3.496,3.478,1.382,1.370,0,NULL,NULL,,3,0,2,7,255,959,250,0,0
stim,41527,71648,0,71648,3268939.455,-0.577,-0.093,0.235,0.777,0,0,0,0,0,0,0,103,57,1.317,1,2101,0,343.047,29.084,153.563,298.188,-72.000,2.035,0.203,3.465,-3.641,28.855,15.031,3.376,3.358,1.382,1.370,0,NULL,NULL,,3,0,2,7,255,959,250,0,0
stim,41527,71648,0,71648,3268944.453,-0.577,-0.101,0.245,0.773,0,0,0,0,0,0,0,123,57,1.317,1,2101,0,299.279,32.630,89.500,278.000,-65.375,2.438,-0.012,3.152,-4.516,32.316,12.207,3.242,3.226,1.382,1.370,0,NULL,NULL,,3,0,2,7,255,959,250,0,0
stim,41527,71648,0,71648,3268949.455,-0.576,-0.109,0.252,0.770,0,0,0,0,0,0,0,149,57,1.317,1,2101,0,259.631,35.461,33.813,254.313,-39.875,2.750,-0.227,2.613,-4.516,35.172,6.473,3.098,3.082,1.382,1.370,0,NULL,NULL,,3,0,2,7,255,959,250,0,0
stim,41527,71648,0,71648,3268954.454,-0.574,-0.117,0.258,0.768,0,0,0,0,0,0,0,185,57,1.317,1,2101,0,228.949,35.845,7.625,228.063,-18.625,3.039,-0.395,2.004,-4.066,35.613,-0.770,2.942,2.928,1.382,1.370,0,NULL,NULL,,3,0,2,7,255,959,250,0,0
stim,41527,71648,0,71648,3268959.455,-0.572,-0.123,0.263,0.767,0,0,0,0,0,0,0,227,57,1.317,1,2101,0,200.605,35.918,17.063,199.875,-1.125,3.367,-0.531,1.465,-4.066,35.688,-8.281,2.782,2.768,1.382,1.370,0,NULL,NULL,,3,0,2,7,255,959,250,0,0
stim,41527,71648,0,71648,3268964.453,-0.570,-0.128,0.269,0.765,0,0,0,0,0,0,0,247,57,1.317,1,2101,0,180.752,35.950,45.688,173.813,19.313,3.785,-0.699,1.012,-4.340,35.688,-15.230,2.616,2.604,1.382,1.370,0,NULL,NULL,,3,0,2,7,255,959,250,0,0
stim,41527,71648,0,71648,3268969.455,-0.567,-0.130,0.277,0.765,0,0,0,0,0,0,0,262,57,1.317,1,2101,0,187.642,37.021,93.875,150.938,60.125,4.109,-1.035,0.656,-4.340,36.766,-21.938,2.448,2.436,1.382,1.370,0,NULL,NULL,,3,0,2,7,255,959,250,0,0
stim,41547,71668,0,71668,3268974.454,-0.563,-0.129,0.285,0.765,0,0,0,0,0,0,0,263,57,1.317,1,2101,0,215.880,37.981,146.313,122.250,101.250,4.066,-1.727,0.629,-2.992,37.863,-27.742,2.274,2.264,1.382,1.370,0,NULL,NULL,,3,0,2,7,255,959,250,0,0
stim,41547,71668,0,71668,3268979.455,-0.558,-0.126,0.295,0.765,0,0,0,0,0,0,0,265,57,1.317,1,2101,0,265.956,38.734,205.000,97.063,138.875,3.984,-2.223,0.656,3.109,38.609,-30.027,2.096,2.086,1.382,1.370,0,NULL,NULL,,3,0,2,7,255,959,250,0,0
stim,41547,71668,0,71668,3268984.453,-0.553,-0.120,0.307,0.765,0,0,0,0,0,0,0,253,57,1.317,1,2101,0,337.381,39.325,283.938,74.188,166.438,3.617,-2.191,0.820,7.469,38.609,-30.027,1.910,1.900,1.382,1.370,0,NULL,NULL,,3,0,2,7,255,959,250,0,0
stim,41547,71668,0,71668,3268989.455,-0.549,-0.110,0.322,0.764,0,0,0,0,0,0,0,253,57,1.317,1,2101,0,408.292,37.555,367.688,43.625,172.063,3.043,-1.594,1.594,7.469,36.805,-28.773,1.718,1.708,1.382,1.370,0,NULL,NULL,,3,0,2,7,255,959,250,0,0
stim,41547,71668,0,71668,3268994.453,-0.546,-0.100,0.335,0.761,0,0,0,0,0,0,0,255,57,1.317,1,2101,0,384.370,37.681,361.125,4.500,131.563,2.699,-1.520,2.875,8.078,36.805,-18.625,1.518,1.510,1.382,1.370,0,NULL,NULL,,3,0,2,7,255,959,250,0,0
stim,41547,71668,0,71668,3268999.455,-0.544,-0.091,0.344,0.760,0,0,0,0,0,0,0,253,57,1.317,1,2101,0,296.294,41.289,271.750,-23.938,115.625,2.465,-1.215,3.605,8.438,40.418,-7.496,1.316,1.306,1.382,1.370,0,NULL,NULL,,3,0,2,7,255,959,250,0,0
stim,41574,71695,0,71695,3269004.454,-0.543,-0.085,0.347,0.760,0,0,0,0,0,0,0,299,57,1.317,1,2101,0,175.074,41.289,144.000,-62.750,77.313,1.836,-0.223,3.977,8.438,40.418,-0.094,1.112,1.102,1.382,1.370,0,NULL,NULL,,3,0,2,7,255,959,250,0,0
stim,41574,71695,0,71695,3269009.455,-0.541,-0.073,0.350,0.761,117,0,0,445,0,0,0,395,57,1.317,1,2101,0,267.576,42.136,172.313,-151.938,137.188,1.109,-1.141,5.176,8.445,41.281,9.691,0.906,0.896,1.382,1.370,0,NULL,NULL,,3,0,2,7,255,959,250,0,0
stim,41574,71695,0,71695,3269014.453,-0.533,-0.049,0.357,0.766,838,0,0,1202,0,89,0,456,57,1.317,1,2101,0,613.387,42.737,375.063,-285.938,392.188,0.930,1.141,9.059,11.059,41.281,18.484,0.698,0.688,1.382,1.370,0,NULL,NULL,,3,0,2,7,255,959,250,0,0
stim,41574,71695,0,71695,3269019.455,-0.521,-0.059,0.329,0.785,1407,0,0,1644,0,371,0,535,57,1.317,1,2101,0,844.154,42.737,-771.063,-115.438,323.625,-0.684,2.293,5.090,11.059,41.281,42.230,0.498,0.486,1.382,1.370,0,NULL,NULL,,3,0,2,7,255,959,250,0,0
stim,41593,71714,0,71714,3269024.454,-0.510,-0.076,0.285,0.808,1891,0,0,1897,0,573,0,605,57,1.317,1,2102,0,1252.681,18.224,-1204.750,-177.375,293.813,-0.758,4.430,-0.168,-5.309,17.434,42.230,0.334,0.324,1.382,1.370,1,1065.000,106.000,,3,0,2,7,255,959,250,0,0
stim,41593,71714,0,71714,3269029.455,-0.500,-0.085,0.256,0.823,2171,0,0,2059,0,808,0,633,57,1.317,1,2102,0,809.702,27.341,-762.250,-130.813,239.750,-2.031,2.883,-2.539,-17.160,-21.285,7.383,0.236,0.236,1.382,1.370,1,NULL,NULL,,3,0,2,7,255,959,250,0,0
stim,41631,71752,0,71752,3269034.454,-0.497,-0.086,0.242,0.829,2349,0,0,2167,0,964,0,729,57,1.317,1,2102,0,348.325,32.021,-310.125,-133.375,85.813,-2.148,0.633,-1.719,-17.160,-27.035,-14.719,0.214,0.224,1.382,1.370,1,NULL,NULL,,3,0,2,7,255,959,250,0,0
stim,41631,71752,0,71752,3269039.455,-0.498,-0.082,0.238,0.830,2486,0,0,2235,0,1131,0,808,57,1.317,1,2102,0,145.202,27.284,-36.688,-139.688,-15.000,-0.570,-0.051,0.816,3.676,-27.035,-14.719,0.240,0.258,1.382,1.370,1,NULL,NULL,,3,0,2,7,255,959,250,0,0
stim,41631,71752,0,71752,3269044.454,-0.498,-0.079,0.233,0.832,2587,0,0,2325,0,1278,0,879,57,1.317,1,2102,0,129.257,3.719,-56.875,-107.938,42.688,0.379,1.855,1.688,3.676,-0.563,-0.809,0.286,0.306,1.382,1.370,1,NULL,NULL,,3,0,2,7,255,959,250,0,0
stim,41631,71752,0,71752,3269049.455,-0.493,-0.077,0.226,0.837,2735,0,0,2543,0,1383,0,951,57,1.317,1,2102,0,232.952,16.498,-161.688,-109.375,127.125,0.156,2.461,1.934,-16.488,-0.563,8.645,0.330,0.356,1.382,1.370,2,NULL,NULL,,3,0,2,7,255,959,250,0,0
stim,41631,71752,0,71752,3269054.453,-0.488,-0.078,0.213,0.843,2841,0,0,2683,0,1411,0,1013,57,1.317,1,2102,0,360.015,16.505,-304.438,-118.063,151.625,-1.301,0.613,1.328,-16.488,-0.738,8.645,0.374,0.406,1.382,1.370,2,NULL,NULL,,3,0,2,7,255,959,250,0,0
stim,41631,71752,0,71752,3269059.455,-0.483,-0.080,0.194,0.850,2919,0,0,2806,0,1449,0,1125,57,1.317,1,2102,0,473.481,7.578,-427.125,-163.625,122.375,-2.207,-1.445,0.094,1.930,-7.328,7.848,0.416,0.452,1.382,1.370,2,NULL,NULL,,3,0,2,7,255,959,250,0,0
stim,41631,71752,0,71752,3269064.453,-0.486,-0.081,0.179,0.852,2966,0,0,2894,0,1463,0,1254,57,1.317,1,2102,0,360.456,23.411,-310.063,-161.250,-88.250,-1.781,-1.465,-0.984,21.121,-10.098,-5.109,0.448,0.482,1.382,1.370,2,NULL,NULL,,3,0,2,7,255,959,250,0,0
stim,41631,71752,0,71752,3269069.455,-0.493,-0.077,0.172,0.849,3015,0,0,2966,0,1495,0,1336,57,1.317,1,2102,0,245.597,23.411,-52.000,-173.313,-166.063,-0.387,-0.801,-0.191,21.121,-10.098,-11.883,0.472,0.500,1.382,1.370,2,NULL,NULL,,3,0,2,7,255,959,250,0,0
stim,41658,71779,0,71779,3269074.454,-0.500,-0.071,0.170,0.846,3044,0,0,3019,0,1515,0,1400,57,1.317,1,2102,0,232.405,8.587,57.063,-162.000,-156.563,0.367,-0.621,1.449,8.586,-0.156,-11.883,0.486,0.506,1.382,1.370,2,NULL,NULL,,3,0,2,7,255,959,250,0,0
stim,41658,71779,0,71779,3269079.455,-0.505,-0.066,0.167,0.844,3099,0,0,3063,0,1547,0,1421,57,1.317,1,2102,0,171.950,11.223,-3.750,-141.500,-97.625,0.926,-0.785,2.082,3.793,10.563,1.332,0.482,0.496,1.382,1.370,2,NULL,NULL,,3,0,2,7,255,959,250,0,0
stim,41658,71779,0,71779,3269084.453,-0.505,-0.064,0.159,0.846,3091,0,0,3099,0,1595,0,1429,57,1.317,1,2102,0,195.819,18.158,-139.125,-137.750,3.750,1.086,-1.336,2.000,3.793,17.758,3.625,0.446,0.456,1.382,1.370,2,NULL,NULL,,3,0,2,7,255,959,250,0,0
stim,41658,71779,0,71779,3269089.455,-0.501,-0.064,0.148,0.850,3106,0,0,3131,0,1691,0,1431,57,1.317,1,2102,0,283.986,18.985,-225.313,-124.125,120.313,0.738,-1.563,1.047,6.715,17.758,3.625,0.384,0.394,1.382,1.370,2,NULL,NULL,,3,0,2,7,255,959,250,0,0
stim,41658,71779,0,71779,3269094.454,-0.494,-0.062,0.139,0.856,3109,0,0,3150,0,1783,0,1443,57,1.317,1,2102,0,291.882,18.940,-180.250,-121.563,194.750,-0.102,-1.168,0.227,9.852,16.176,-4.313,0.310,0.320,1.382,1.370,2,NULL,NULL,,3,0,2,7,255,959,250,0,0
stim,41658,71779,0,71779,3269099.455,-0.487,-0.058,0.134,0.861,3127,0,0,3187,0,1879,1,1486,57,1.317,1,2102,0,229.591,11.183,-74.188,-126.188,176.875,-0.781,-0.539,0.316,9.852,5.293,-5.832,0.252,0.256,1.382,1.370,2,NULL,NULL,,3,0,2,7,255,959,250,0,0
stim,41676,71797,0,71797,3269104.453,-0.484,-0.053,0.132,0.863,3127,0,0,3182,0,1991,31,1541,57,1.317,1,2102,0,167.485,8.870,-9.375,-132.125,102.500,-0.863,0.176,0.855,8.387,-2.887,-5.832,0.220,0.210,1.382,1.370,2,NULL,NULL,,3,0,2,7,255,959,250,0,0
stim,41676,71797,0,71797,3269109.455,-0.484,-0.048,0.128,0.865,3129,0,0,3204,0,2071,37,1624,57,1.317,1,2102,0,135.350,5.399,-16.500,-131.813,25.938,-0.621,0.582,1.402,2.988,-4.496,0.406,0.214,0.188,1.382,1.370,2,NULL,NULL,,3,0,2,7,255,959,250,0,0
stim,41676,71797,0,71797,3269114.453,-0.485,-0.045,0.123,0.865,3143,0,0,3199,0,2147,40,1687,57,1.317,1,2102,0,148.767,4.752,-77.250,-125.875,-17.875,-0.242,0.410,1.516,-1.539,-4.496,5.602,0.220,0.184,1.382,1.370,2,NULL,NULL,,3,0,2,7,255,959,250,0,0
stim,41676,71797,0,71797,3269119.455,-0.485,-0.043,0.115,0.866,3147,0,0,3197,92,2247,56,1819,57,1.317,1,2102,0,174.037,1.610,-126.750,-118.688,-11.688,0.059,-0.121,1.168,-1.539,-0.473,5.602,0.226,0.182,1.382,1.370,2,NULL,NULL,,3,0,2,7,255,959,250,0,0
stim,41676,71797,0,71797,3269124.454,-0.485,-0.042,0.108,0.867,3143,0,0,3208,353,2297,267,1949,57,1.317,1,2102,0,172.700,3.673,-128.500,-115.188,6.688,0.008,-0.578,0.949,0.719,3.602,1.070,0.224,0.176,1.382,1.370,2,NULL,NULL,,3,0,2,7,255,959,250,0,0
stim,41676,71797,0,71797,3269129.455,-0.486,-0.040,0.104,0.867,3128,0,0,3208,552,2335,275,2077,57,1.317,1,2102,0,104.662,6.368,-60.438,-82.813,-21.063,0.160,-0.590,1.371,4.078,4.891,1.070,0.216,0.162,1.382,1.370,2,NULL,NULL,,3,0,2,7,255,959,250,0,0
stim,41726,71847,0,71847,3269134.453,-0.488,-0.039,0.101,0.866,3141,0,0,3205,842,2377,280,2125,57,1.317,1,2102,0,80.716,7.800,-35.375,-55.375,-46.875,0.492,-0.105,1.102,4.078,6.648,-0.137,0.208,0.146,1.382,1.370,2,NULL,NULL,,3,0,2,7,255,959,250,0,0
stim,41726,71847,0,71847,3269139.455,-0.489,-0.037,0.101,0.866,3131,0,0,3199,986,2390,295,2174,57,1.317,1,2102,0,49.964,6.851,13.188,-44.500,-18.500,0.742,0.652,1.098,-1.652,6.648,0.238,0.200,0.130,1.382,1.370,2,NULL,NULL,,3,0,2,7,255,959,250,0,0
stim,41726,71847,0,71847,3269144.454,-0.488,-0.035,0.101,0.866,3131,0,0,3209,1133,2415,309,2237,57,1.317,1,2102,0,38.799,6.141,9.000,-28.438,24.813,0.188,0.336,1.582,-3.699,4.902,0.238,0.188,0.110,1.382,1.370,2,NULL,NULL,,3,0,2,7,255,959,250,0,0
stim,41726,71847,0,71847,3269149.455,-0.487,-0.037,0.097,0.867,3128,9,0,3197,1205,2428,312,2281,57,1.317,1,2102,0,87.061,4.654,-82.938,-21.000,16.125,-0.461,0.020,1.492,-3.699,2.824,5.309,0.170,0.088,1.382,1.370,2,NULL,NULL,,3,0,2,7,255,959,250,0,0
stim,41745,71866,0,71866,3269154.453,-0.489,-0.038,0.093,0.866,3127,25,0,3205,1309,2445,311,2325,57,1.317,1,2102,0,116.448,1.454,-104.125,-15.188,-49.875,-0.492,0.188,0.840,0.840,-1.188,5.309,0.152,0.068,1.382,1.370,2,NULL,NULL,,3,0,2,7,255,959,250,0,0
stim,41745,71866,0,71866,3269159.455,-0.493,-0.039,0.091,0.864,3129,37,0,3195,1379,2453,327,2348,57,1.317,1,2102,0,110.837,1.454,-42.813,-15.438,-101.063,-0.098,0.211,0.676,0.840,-1.188,-0.777,0.142,0.056,1.382,1.370,2,NULL,NULL,,3,0,2,7,255,959,250,0,0
stim,41745,71866,0,71866,3269164.453,-0.496,-0.039,0.090,0.863,3129,55,0,3193,1483,2461,333,2381,57,1.317,1,2102,0,89.698,1.564,-4.625,-14.250,-88.438,0.238,0.074,1.098,-1.398,-0.699,-0.777,0.138,0.050,1.382,1.370,2,NULL,NULL,,3,0,2,7,255,959,250,0,0
stim,41745,71866,0,71866,3269169.455,-0.498,-0.039,0.088,0.862,3127,75,0,3193,1549,2472,343,2403,57,1.317,1,2102,0,54.356,3.762,-36.938,-6.313,-39.375,0.191,-0.027,1.320,-1.398,3.492,0.488,0.134,0.044,1.382,1.370,2,NULL,NULL,,3,0,2,7,255,959,250,0,0
stim,41745,71866,0,71866,3269174.454,-0.498,-0.041,0.086,0.862,3129,105,0,3193,1581,2480,355,2421,57,1.317,1,2102,0,76.179,3.602,-74.188,-2.000,-17.188,-0.109,0.105,1.102,-0.883,3.492,1.059,0.128,0.038,1.382,1.370,2,NULL,NULL,,3,0,2,7,255,959,250,0,0
stim,41745,71866,0,71866,3269179.455,-0.500,-0.042,0.083,0.861,3145,116,0,3199,1627,2499,356,2437,57,1.317,1,2102,0,78.037,0.872,-65.438,-1.188,-42.500,-0.250,0.207,0.852,-0.777,0.395,1.059,0.124,0.030,1.382,1.370,2,NULL,NULL,,3,0,2,7,255,959,250,0,0
stim,41745,71866,0,71866,3269184.453,-0.502,-0.043,0.082,0.860,3135,135,0,3203,1675,2503,359,2456,57,1.317,1,2102,0,78.018,0.580,-35.250,-2.313,-69.563,-0.121,0.098,0.891,-0.578,-0.051,-0.953,0.120,0.024,1.382,1.370,2,NULL,NULL,,3,0,2,7,255,959,250,0,0
stim,41745,71866,0,71866,3269189.455,-0.505,-0.044,0.080,0.858,3133,138,0,3197,1725,2509,347,2471,57,1.317,1,2102,0,68.275,0.526,-23.750,-1.188,-64.000,0.070,-0.039,1.051,-0.523,-0.051,-0.953,0.118,0.022,1.382,1.370,2,NULL,NULL,,3,0,2,7,255,959,250,0,0
stim,41763,71884,0,71884,3269194.454,-0.506,-0.044,0.079,0.858,3127,167,0,3199,1751,2511,331,2470,57,1.317,1,2102,0,48.143,2.401,-31.313,0.688,-36.563,0.074,-0.004,1.086,-0.523,2.344,0.215,0.116,0.018,1.382,1.370,2,NULL,NULL,,3,0,2,7,255,959,250,0,0
stim,41763,71884,0,71884,3269199.455,-0.507,-0.045,0.077,0.857,3127,185,50,3197,1772,2516,332,2476,57,1.317,1,2102,0,42.454,2.434,-37.063,0.875,-20.688,-0.086,0.086,1.043,-0.656,2.344,0.441,0.112,0.012,1.382,1.370,2,NULL,NULL,,3,0,2,7,255,959,250,0,0
stim,41763,71884,0,71884,3269204.453,-0.508,-0.046,0.076,0.857,3131,199,85,3194,1807,2513,333,2464,57,1.317,1,2102,0,42.882,0.809,-34.000,2.625,-26.000,-0.164,0.063,1.023,-0.656,0.473,0.441,0.106,0.006,1.382,1.370,2,NULL,NULL,,3,0,2,7,255,959,250,0,0
stim,41763,71884,0,71884,3269209.455,-0.509,-0.047,0.075,0.856,3124,211,137,3193,1819,2515,327,2470,57,1.317,1,2102,0,43.825,0.490,-27.188,3.563,-34.188,-0.109,-0.012,1.012,-0.129,0.473,0.363,0.102,0.000,1.382,1.370,2,NULL,NULL,,3,0,2,7,255,959,250,0,0
stim,41763,71884,0,71884,3269214.453,-0.510,-0.047,0.074,0.856,3115,211,191,3194,1839,2517,326,2459,57,1.317,1,2102,0,34.579,0.685,-20.875,3.250,-27.375,-0.051,-0.043,1.004,0.184,0.660,0.145,0.000,0.000,1.382,1.370,2,NULL,NULL,,3,0,2,7,255,959,250,0,0
stim,41763,71884,0,71884,3269219.455,-0.510,-0.048,0.073,0.856,3119,211,220,3192,1849,2523,325,2469,57,1.317,1,2102,0,22.794,1.016,-18.500,2.250,-13.125,-0.098,-0.070,1.000,0.199,0.996,-0.004,0.000,0.000,1.382,1.370,2,NULL,NULL,,3,0,2,7,255,959,250,0,0
stim,41795,71916,0,71916,3269224.454,-0.511,-0.048,0.073,0.855,3117,219,259,3189,1869,2504,308,2460,57,1.317,1,2102,0,18.878,1.184,-17.500,0.500,-7.063,-0.195,-0.059,0.980,0.641,0.996,-0.066,0.000,0.000,1.382,1.370,2,NULL,NULL,,3,0,2,7,255,959,250,0,0
stim,41795,71916,0,71916,3269229.455,-0.511,-0.049,0.072,0.855,3100,217,279,3175,1883,2495,303,2458,57,1.317,1,2102,0,16.188,0.917,-11.625,-2.125,-11.063,-0.234,-0.031,0.941,0.914,0.074,-0.070,0.000,0.000,1.382,1.370,2,NULL,NULL,,3,0,2,7,255,959,250,0,0
stim,41829,71950,0,71950,3269234.453,-0.511,-0.049,0.072,0.855,3091,214,346,3164,1900,2491,307,2467,57,1.276,1,2102,1,14.360,1.010,-3.688,-5.625,-12.688,-0.223,-0.004,0.957,0.914,-0.430,-0.211,0.000,0.000,1.346,1.371,2,NULL,NULL,,3,0,2,7,255,959,250,0,0
stim,41829,71950,0,71950,3269239.455,-0.512,-0.048,0.071,0.855,3083,213,373,3157,1929,2491,308,2473,57,1.276,1,2102,1,14.537,0.766,-0.875,-8.250,-11.938,-0.230,0.063,1.012,0.609,-0.465,-0.211,0.004,0.004,1.346,1.371,2,NULL,NULL,,3,0,2,7,255,959,250,0,0
stim,41829,71950,0,71950,3269244.454,-0.512,-0.048,0.071,0.854,3065,211,419,3147,1961,2501,315,2480,57,1.276,1,2102,1,19.204,0.733,-2.688,-9.875,-16.250,-0.215,0.129,1.035,0.066,-0.730,0.367,0.006,0.006,1.346,1.371,2,NULL,NULL,,3,0,2,7,255,959,250,0,0
stim,41829,71950,0,71950,3269249.455,-0.513,-0.048,0.071,0.854,3059,212,443,3134,1968,2491,333,2493,57,1.276,1,2102,1,23.997,0.924,-4.688,-10.375,-21.125,-0.148,0.102,1.027,-0.566,-0.730,0.387,0.010,0.010,1.346,1.371,2,NULL,NULL,,3,0,2,7,255,959,250,0,0
stim,41829,71950,0,71950,3269254.453,-0.514,-0.048,0.070,0.854,3041,203,536,3127,1992,2477,333,2491,57,1.276,1,2102,1,22.262,0.609,-7.000,-10.438,-18.375,-0.094,0.004,1.000,-0.566,-0.223,0.387,0.012,0.012,1.346,1.371,2,NULL,NULL,,3,0,2,7,255,959,250,0,0
stim,41829,71950,0,71950,3269259.455,-0.514,-0.047,0.070,0.853,3019,201,596,3104,2008,2469,346,2494,57,1.276,1,2102,1,17.364,0.647,-7.313,-10.125,-12.063,-0.105,-0.047,0.965,-0.055,0.645,0.016,0.014,0.014,1.346,1.371,2,NULL,NULL,,3,0,2,7,255,959,250,0,0
stim,41829,71950,0,71950,3269264.453,-0.515,-0.047,0.069,0.853,3003,199,658,3092,2021,2463,362,2501,57,1.276,1,2102,1,15.441,0.783,-3.500,-10.188,-11.063,-0.152,-0.027,0.941,0.445,0.645,-0.344,0.016,0.016,1.346,1.371,2,NULL,NULL,,3,0,2,7,255,959,250,0,0
stim,41829,71950,0,71950,3269269.455,-0.515,-0.047,0.069,0.853,2986,187,675,3078,2039,2459,383,2503,57,1.276,1,2102,1,19.065,0.486,2.438,-9.875,-16.125,-0.160,0.023,0.957,0.445,0.195,-0.344,0.018,0.016,1.346,1.371,2,NULL,NULL,,3,0,2,7,255,959,250,0,0
stim,41847,71968,0,71968,3269274.454,-0.516,-0.046,0.069,0.852,2968,187,702,3055,2057,2455,403,2507,57,1.276,1,2102,1,21.754,0.098,4.688,-9.500,-19.000,-0.137,0.055,0.988,0.094,-0.027,-0.313,0.020,0.018,1.346,1.371,2,NULL,NULL,,3,0,2,7,255,959,250,0,0
stim,41847,71968,0,71968,3269279.455,-0.517,-0.046,0.069,0.852,2953,197,743,3047,2088,2456,423,2521,57,1.276,1,2102,1,19.910,0.272,1.750,-9.563,-17.375,-0.145,0.055,1.004,-0.266,-0.059,-0.020,0.020,0.018,1.346,1.371,2,NULL,NULL,,3,0,2,7,255,959,250,0,0
stim,41847,71968,0,71968,3269284.453,-0.518,-0.046,0.068,0.852,2921,189,783,3021,2120,2447,443,2525,57,1.276,1,2102,1,19.656,0.272,-1.813,-10.125,-16.750,-0.172,0.059,0.984,-0.266,-0.059,0.008,0.022,0.020,1.346,1.371,2,NULL,NULL,,3,0,2,7,255,959,250,0,0
stim,41847,71968,0,71968,3269289.455,-0.518,-0.045,0.068,0.851,2915,197,867,3013,2170,2447,471,2535,57,1.276,1,2102,1,21.583,0.374,-2.250,-11.500,-18.125,-0.191,0.051,0.961,-0.148,-0.344,0.008,0.022,0.020,1.346,1.371,2,NULL,NULL,,3,0,2,7,255,959,250,0,0
stim,41847,71968,0,71968,3269294.454,-0.519,-0.045,0.068,0.851,2880,189,917,2976,2203,2446,521,2547,57,1.276,1,2102,1,24.975,0.528,1.250,-13.063,-21.250,-0.211,0.047,0.969,0.020,-0.527,-0.125,0.022,0.020,1.346,1.371,2,NULL,NULL,,3,0,2,7,255,959,250,0,0
stim,41847,71968,0,71968,3269299.455,-0.520,-0.044,0.068,0.850,2857,200,989,2957,2238,2449,591,2567,57,1.276,1,2102,1,28.847,0.563,3.438,-14.938,-24.438,-0.184,0.086,0.996,0.020,-0.563,-0.125,0.022,0.018,1.346,1.371,2,NULL,NULL,,3,0,2,7,255,959,250,0,0
stim,41868,71989,0,71989,3269304.453,-0.521,-0.044,0.067,0.850,2825,217,1083,2935,2276,2449,679,2583,57,1.276,1,2102,1,29.970,0.661,2.063,-15.813,-25.375,-0.160,0.125,1.008,-0.348,-0.563,0.141,0.022,0.018,1.346,1.371,2,NULL,NULL,,3,0,2,7,255,959,250,0,0
stim,41868,71989,0,71989,3269309.455,-0.522,-0.043,0.067,0.849,2793,222,1165,2906,2313,2445,759,2587,57,1.276,1,2102,1,30.114,0.974,-1.063,-16.375,-25.250,-0.145,0.125,1.016,-0.809,-0.543,0.230,0.020,0.018,1.346,1.371,2,NULL,NULL,,3,0,2,7,255,959,250,0,0
stim,41868,71989,0,71989,3269314.453,-0.523,-0.043,0.066,0.849,2773,231,1227,2891,2345,2447,868,2605,57,1.276,1,2102,1,30.594,0.914,-5.313,-16.438,-25.250,-0.137,0.090,1.008,-0.809,-0.426,0.230,0.018,0.014,1.346,1.371,2,NULL,NULL,,3,0,2,7,255,959,250,0,0
stim,41868,71989,0,71989,3269319.455,-0.524,-0.042,0.066,0.848,2734,231,1307,2863,2379,2445,951,2631,57,1.276,1,2102,1,30.906,0.608,-7.813,-16.688,-24.813,-0.125,0.047,0.984,-0.574,-0.199,0.168,0.016,0.012,1.346,1.371,2,NULL,NULL,,3,0,2,7,255,959,250,0,0
stim,41891,72012,0,72012,3269324.454,-0.525,-0.042,0.065,0.848,2705,245,1415,2846,2413,2451,1021,2637,57,1.276,1,2102,1,30.824,0.249,-7.688,-16.688,-24.750,-0.109,0.035,0.965,-0.246,0.039,-0.090,0.014,0.010,1.346,1.371,2,NULL,NULL,,3,0,2,7,255,959,250,0,0
stim,41891,72012,0,72012,3269329.455,-0.526,-0.041,0.064,0.847,2652,249,1515,2839,2445,2459,1109,2648,57,1.276,1,2102,1,31.039,0.302,-5.875,-16.500,-25.625,-0.098,0.035,0.965,-0.246,0.176,-0.297,0.010,0.006,1.346,1.371,2,NULL,NULL,,3,0,2,7,255,959,250,0,0
stim,41930,72051,0,72051,3269334.453,-0.527,-0.041,0.063,0.847,2611,251,1605,2799,2477,2462,1216,2665,57,1.276,1,2102,1,30.277,0.346,-4.625,-16.250,-25.125,-0.090,0.020,0.977,-0.227,0.262,-0.297,0.006,0.006,1.346,1.371,2,NULL,NULL,,3,0,2,7,255,959,250,0,0
stim,41930,72051,0,72051,3269339.455,-0.527,-0.040,0.063,0.846,2580,255,1705,2799,2508,2469,1319,2679,57,1.276,1,2102,1,28.811,0.346,-6.250,-16.188,-23.000,-0.109,0.035,1.000,-0.227,0.262,-0.211,0.004,0.006,1.346,1.371,2,NULL,NULL,,3,0,2,7,255,959,250,0,0
stim,41930,72051,0,72051,3269344.454,-0.528,-0.040,0.062,0.846,2535,269,1789,2773,2535,2468,1399,2679,57,1.276,1,2102,1,30.525,0.275,-9.938,-16.125,-23.938,-0.148,0.070,1.012,-0.227,0.156,0.039,0.006,0.010,1.346,1.371,2,NULL,NULL,,3,0,2,7,255,959,250,0,0
stim,41930,72051,0,72051,3269349.455,-0.529,-0.040,0.061,0.845,2487,278,1884,2759,2583,2471,1477,2703,57,1.276,1,2102,1,36.935,0.499,-15.625,-16.813,-28.938,-0.180,0.094,1.035,-0.383,-0.320,0.242,0.010,0.016,1.346,1.371,2,NULL,NULL,,3,0,2,7,255,959,250,0,0
stim,41930,72051,0,72051,3269354.453,-0.531,-0.040,0.060,0.844,2439,297,1975,2739,2601,2477,1592,2719,57,1.276,1,2102,1,47.740,0.770,-25.125,-17.375,-36.688,-0.188,0.082,1.063,-0.383,-0.668,0.492,0.016,0.020,1.346,1.371,2,NULL,NULL,,3,0,2,7,255,959,250,0,0
stim,41930,72051,0,72051,3269359.455,-0.532,-0.040,0.058,0.844,2391,293,2059,2717,2627,2477,1685,2735,57,1.276,1,2102,1,60.266,0.759,-37.250,-17.563,-44.000,-0.164,0.047,1.063,-0.359,-0.668,0.742,0.020,0.026,1.346,1.371,2,NULL,NULL,,3,0,2,7,255,959,250,0,0
stim,41930,72051,0,72051,3269364.453,-0.534,-0.041,0.056,0.843,2333,298,2153,2675,2655,2488,1767,2749,57,1.276,1,2102,1,65.603,0.398,-43.625,-17.375,-45.813,-0.117,0.016,0.988,-0.180,-0.355,0.742,0.026,0.032,1.346,1.371,2,NULL,NULL,,3,0,2,7,255,959,250,0,0
stim,41930,72051,0,72051,3269369.455,-0.535,-0.041,0.054,0.842,2268,300,2235,2665,2686,2492,1855,2764,57,1.276,1,2102,1,60.601,0.125,-41.000,-18.875,-40.438,-0.090,-0.023,0.938,-0.105,0.066,-0.051,0.030,0.036,1.346,1.371,2,NULL,NULL,,3,0,2,7,255,959,250,0,0
stim,41930,72051,0,72051,3269374.454,-0.537,-0.041,0.052,0.841,2191,310,2323,2623,2719,2505,1952,2781,57,1.276,1,2102,1,53.000,0.390,-34.813,-19.625,-34.813,-0.094,-0.094,0.930,0.121,0.371,-0.594,0.034,0.042,1.346,1.371,2,NULL,NULL,,3,0,2,7,255,959,250,0,0
stim,41930,72051,1,72051,3269379.455,-0.538,-0.041,0.050,0.841,2141,325,2380,2584,2733,2503,2026,2787,57,1.276,1,2102,1,46.111,0.916,-28.938,-21.500,-28.750,-0.117,-0.141,0.949,0.734,0.547,-0.594,0.040,0.046,1.346,1.371,2,NULL,NULL,,3,1,2,7,255,959,250,0,0
stim,41951,72072,1,72072,3269384.453,-0.539,-0.041,0.048,0.840,2053,317,2458,2537,2760,2513,2108,2810,57,1.276,1,2102,1,45.063,1.198,-27.375,-22.688,-27.688,-0.152,-0.113,0.996,1.066,0.547,-0.449,0.042,0.050,1.346,1.371,2,NULL,NULL,,3,1,2,7,255,959,250,0,0
stim,41951,72072,1,72072,3269389.457,-0.540,-0.041,0.046,0.840,1964,335,2513,2503,2775,2508,2171,2821,57,1.276,1,2102,1,48.945,1.080,-30.250,-24.250,-29.875,-0.164,-0.043,1.020,1.066,0.168,0.063,0.044,0.052,1.346,1.371,2,NULL,NULL,,3,1,2,7,255,959,250,0,0
stim,41951,72072,1,72072,3269394.454,-0.541,-0.041,0.044,0.839,1861,338,2552,2441,2799,2507,2239,2839,57,1.276,1,2102,1,54.997,0.552,-34.000,-26.375,-34.250,-0.156,0.004,1.031,0.488,-0.258,0.301,0.046,0.052,1.346,1.371,2,NULL,NULL,,3,1,2,7,255,959,250,0,0
stim,41951,72072,1,72072,3269399.455,-0.542,-0.041,0.042,0.838,1747,327,2597,2363,2825,2515,2303,2856,57,1.276,1,2102,1,54.597,0.259,-33.000,-27.438,-33.750,-0.090,0.004,0.988,0.020,-0.258,0.301,0.044,0.052,1.346,1.371,2,NULL,NULL,,3,1,2,7,255,959,250,0,0
stim,41975,72096,1,72096,3269404.453,-0.543,-0.040,0.041,0.838,1595,318,2637,2267,2844,2517,2376,2863,57,1.276,1,2102,1,48.037,0.127,-28.500,-29.125,-25.438,-0.086,-0.043,0.980,0.020,0.125,-0.086,0.044,0.052,1.346,1.371,2,NULL,NULL,,3,1,2,7,255,959,250,0,0
stim,41975,72096,1,72096,3269409.455,-0.544,-0.040,0.039,0.837,1373,301,2669,2168,2859,2519,2421,2877,57,1.276,1,2102,1,43.040,0.188,-24.313,-31.250,-16.875,-0.117,-0.063,1.004,0.141,0.125,-0.086,0.042,0.050,1.346,1.371,2,NULL,NULL,,3,1,2,7,255,959,250,0,0
stim,41975,72096,1,72096,3269414.454,-0.544,-0.039,0.037,0.837,1231,266,2699,2072,2876,2520,2473,2891,57,1.276,1,2102,1,43.436,0.405,-23.063,-31.563,-18.938,-0.152,-0.059,1.035,0.395,0.090,0.094,0.040,0.050,1.346,1.371,2,NULL,NULL,,3,1,2,7,255,959,250,0,0
stim,41975,72096,1,72096,3269419.455,-0.545,-0.039,0.035,0.837,1067,247,2731,1909,2897,2521,2520,2903,57,1.276,1,2102,1,46.586,0.470,-24.250,-33.625,-21.250,-0.145,-0.055,1.031,0.414,-0.223,0.410,0.040,0.048,1.346,1.371,2,NULL,NULL,,3,1,2,7,255,959,250,0,0
stim,41975,72096,1,72096,3269424.454,-0.546,-0.038,0.034,0.836,908,231,2761,1745,2911,2519,2571,2915,57,1.276,1,2102,1,48.391,0.470,-23.938,-35.688,-22.250,-0.105,-0.047,1.020,0.414,-0.223,0.410,0.038,0.048,1.346,1.371,2,NULL,NULL,,3,1,2,7,255,959,250,0,0
stim,41975,72096,1,72096,3269429.455,-0.547,-0.037,0.032,0.836,639,173,2787,1493,2924,2515,2613,2925,57,1.276,1,2102,1,45.394,0.220,-18.750,-36.813,-18.813,-0.082,-0.059,1.004,0.219,0.027,0.246,0.038,0.048,1.346,1.371,2,NULL,NULL,,3,1,2,7,255,959,250,0,0
stim,42028,72149,1,72149,3269434.454,-0.547,-0.036,0.030,0.836,466,125,2805,1304,2938,2509,2650,2936,57,1.276,1,2102,1,43.695,0.326,-16.063,-38.625,-12.625,-0.070,-0.090,1.000,0.219,0.242,0.086,0.036,0.046,1.346,1.371,2,NULL,NULL,,3,1,2,7,255,959,250,0,0
stim,42028,72149,1,72149,3269439.455,-0.547,-0.035,0.029,0.836,271,72,2827,1034,2957,2501,2675,2943,57,1.276,1,2102,1,42.491,0.416,-9.938,-40.875,-6.000,-0.078,-0.074,1.016,0.320,0.266,0.086,0.036,0.046,1.346,1.371,2,NULL,NULL,,3,1,2,7,255,959,250,0,0
stim,42028,72149,1,72149,3269444.454,-0.547,-0.034,0.028,0.836,109,29,2845,793,2969,2487,2707,2957,57,1.276,1,2102,1,43.609,0.416,-8.375,-42.750,-2.000,-0.133,-0.027,1.047,0.320,0.266,0.176,0.036,0.046,1.346,1.371,2,NULL,NULL,,3,1,2,7,255,959,250,0,0
stim,42028,72149,1,72149,3269449.457,-0.548,-0.032,0.026,0.836,30,19,2860,534,2983,2472,2729,2965,57,1.276,1,2102,1,47.868,0.409,-7.313,-45.188,-14.000,-0.141,0.035,1.082,0.121,-0.391,0.539,0.034,0.046,1.346,1.371,2,NULL,NULL,,3,1,2,7,255,959,250,0,0
stim,42028,72149,1,72149,3269454.453,-0.548,-0.030,0.025,0.835,5,0,2872,364,2991,2451,2761,2971,57,1.276,1,2102,1,51.051,0.812,-1.250,-48.625,-15.500,-0.098,0.109,1.094,-0.438,-0.684,0.855,0.034,0.044,1.346,1.371,2,NULL,NULL,,3,1,2,7,255,959,250,0,0
stim,42028,72149,1,72149,3269459.455,-0.550,-0.029,0.024,0.835,0,0,2889,246,3005,2422,2791,2975,57,1.276,1,2102,1,60.916,1.286,-7.938,-49.875,-34.063,-0.086,0.090,1.066,-1.090,-0.684,0.855,0.034,0.044,1.346,1.371,2,NULL,NULL,,3,1,2,7,255,959,250,0,0
stim,42028,72149,1,72149,3269464.454,-0.550,-0.026,0.023,0.834,0,0,2899,171,3017,2395,2816,2983,57,1.276,1,2102,1,65.567,1.286,27.438,-58.000,-13.500,-0.242,0.012,1.168,-1.090,-0.684,0.941,0.034,0.044,1.346,1.371,2,NULL,NULL,,3,1,2,7,255,959,250,0,0
stim,42028,72149,1,72149,3269469.455,-0.550,-0.022,0.024,0.834,0,0,2908,126,3026,2371,2841,2987,57,1.276,1,2102,1,84.082,1.648,47.438,-68.938,-8.188,-0.473,-0.094,1.441,0.227,-1.633,1.789,0.034,0.044,1.346,1.371,2,NULL,NULL,,3,1,2,7,255,959,250,0,0
stim,42028,72149,1,72149,3269474.454,-0.551,-0.018,0.024,0.834,0,0,2917,100,3035,2331,2861,2988,57,1.276,1,2102,1,104.162,3.719,60.063,-81.250,-25.313,-0.520,-0.063,1.793,1.891,-3.203,4.598,0.034,0.046,1.346,1.371,2,NULL,NULL,,3,1,2,7,255,959,250,0,0
stim,42028,72149,1,72149,3269479.455,-0.552,-0.014,0.023,0.833,0,0,2918,44,3048,2282,2885,2987,57,1.276,1,2102,0,95.976,3.719,28.375,-89.813,-18.438,-0.301,0.184,1.898,1.891,-3.203,8.055,0.036,0.048,1.346,1.371,3,NULL,NULL,,3,1,2,7,255,959,250,0,0
stim,42054,72175,1,72175,3269484.454,-0.552,-0.012,0.019,0.833,0,0,2935,7,3052,2219,2894,2999,57,1.276,1,2102,0,105.338,2.901,-51.938,-90.813,-12.313,-0.070,0.227,1.578,-1.121,-2.676,8.055,0.038,0.048,1.346,1.371,3,NULL,NULL,,3,1,2,7,255,959,250,0,0
stim,42054,72175,1,72175,3269489.455,-0.552,-0.010,0.014,0.834,0,0,2922,0,3059,2169,2915,2998,57,1.276,1,2102,0,120.191,1.521,-72.688,-95.375,8.125,-0.070,0.102,1.195,-1.121,-1.027,5.660,0.038,0.050,1.346,1.371,3,NULL,NULL,,3,1,2,7,255,959,250,0,0
stim,42071,72192,1,72192,3269494.453,-0.551,-0.008,0.011,0.835,0,0,2927,0,3063,2087,2933,2987,57,1.276,1,2102,0,118.233,1.503,-34.438,-105.750,40.125,-0.188,0.078,1.074,-1.098,-1.027,1.883,0.042,0.054,1.346,1.371,3,NULL,NULL,,3,1,2,7,255,959,250,0,0
stim,42071,72192,1,72192,3269499.455,-0.549,-0.003,0.008,0.836,0,0,2923,0,3076,1980,2941,2989,57,1.276,1,2102,0,121.324,1.928,-0.813,-114.625,39.750,-0.371,0.020,1.164,-0.398,-1.887,1.629,0.046,0.058,1.346,1.371,3,NULL,NULL,,3,1,2,7,255,959,250,0,0
stim,42071,72192,1,72192,3269504.454,-0.548,0.001,0.005,0.836,0,0,2919,0,3079,1842,2956,2987,57,1.276,1,2102,0,122.715,3.540,7.250,-121.625,14.625,-0.406,-0.082,1.324,0.875,-3.430,1.629,0.054,0.066,1.346,1.371,3,NULL,NULL,,3,1,2,7,255,959,250,0,0
stim,42071,72192,1,72192,3269509.455,-0.548,0.006,0.002,0.836,0,0,2907,0,3087,1700,2969,2985,57,1.276,1,2102,0,129.235,3.953,2.188,-129.188,2.750,-0.297,-0.176,1.379,1.965,-3.430,3.195,0.064,0.076,1.346,1.371,3,NULL,NULL,,3,1,2,7,255,959,250,0,0
stim,42071,72192,1,72192,3269514.453,-0.548,0.010,-0.001,0.837,0,0,2894,0,3089,1518,2979,2981,57,1.276,1,2102,0,135.502,3.171,-5.375,-135.188,7.500,-0.195,-0.195,1.332,2.246,-2.238,3.262,0.072,0.086,1.346,1.371,3,NULL,NULL,,3,1,2,7,255,959,250,0,0
stim,42071,72192,1,72192,3269519.455,-0.547,0.015,-0.005,0.837,0,0,2876,0,3093,1323,2989,2975,57,1.276,1,2102,0,142.691,2.677,-14.125,-140.813,18.250,-0.172,-0.148,1.250,2.246,-1.457,3.262,0.080,0.094,1.346,1.371,3,NULL,NULL,,3,1,2,7,255,959,250,0,0
stim,42097,72218,1,72218,3269524.454,-0.546,0.020,-0.009,0.838,0,0,2855,0,3095,1076,2997,2967,57,1.276,1,2102,0,150.608,2.326,-15.125,-147.563,26.063,-0.203,-0.094,1.168,1.813,-1.457,2.414,0.088,0.102,1.346,1.371,3,NULL,NULL,,3,1,2,7,255,959,250,0,0
stim,42097,72218,1,72218,3269529.455,-0.545,0.025,-0.013,0.838,0,0,2833,0,3098,837,3003,2956,57,1.276,1,2102,0,157.338,2.553,-3.438,-155.063,26.438,-0.246,-0.070,1.094,1.500,-2.066,1.547,0.098,0.112,1.346,1.371,3,NULL,NULL,,3,1,2,7,255,959,250,0,0
stim,42167,72288,1,72288,3269534.454,-0.543,0.031,-0.016,0.839,0,0,2795,0,3099,597,3012,2939,57,1.276,1,2102,0,165.191,3.037,13.438,-163.250,21.375,-0.230,-0.070,1.109,1.500,-2.641,0.875,0.110,0.124,1.346,1.371,3,NULL,NULL,,3,1,2,7,255,959,250,0,0
stim,42167,72288,1,72288,3269539.455,-0.543,0.038,-0.019,0.839,0,0,2757,0,3099,453,3017,2923,57,1.276,1,2102,0,174.140,3.043,28.125,-171.125,15.813,-0.223,-0.105,1.199,1.512,-2.641,0.875,0.122,0.136,1.346,1.371,3,NULL,NULL,,3,1,2,7,255,959,250,0,0
stim,42167,72288,1,72288,3269544.453,-0.541,0.045,-0.022,0.839,0,0,2707,0,3109,251,3017,2895,57,1.276,1,2102,0,183.481,3.111,29.625,-180.250,17.250,-0.164,-0.094,1.266,1.676,-2.621,1.734,0.132,0.146,1.346,1.371,3,NULL,NULL,,3,1,2,7,255,959,250,0,0
stim,42167,72288,1,72288,3269549.458,-0.540,0.052,-0.026,0.840,0,0,2659,0,3097,105,3029,2875,57,1.276,1,2102,0,189.824,3.065,24.813,-186.875,22.250,-0.117,0.008,1.313,1.676,-2.566,2.406,0.144,0.156,1.346,1.371,3,NULL,NULL,,3,1,2,7,255,959,250,0,0
stim,42167,72288,1,72288,3269554.454,-0.539,0.059,-0.029,0.840,0,0,2591,0,3097,41,3033,2853,57,1.276,1,2102,0,196.920,2.669,23.188,-193.938,25.063,-0.156,0.137,1.410,0.734,-2.566,2.852,0.154,0.168,1.346,1.371,3,NULL,NULL,,3,1,2,7,255,959,250,0,0
stim,42167,72288,1,72288,3269559.455,-0.537,0.068,-0.033,0.840,0,0,2517,0,3095,0,3031,2809,57,1.276,1,2102,0,206.154,3.740,27.750,-203.063,22.250,-0.250,0.258,1.551,-0.125,-3.738,3.656,0.166,0.180,1.346,1.371,3,NULL,NULL,,3,1,2,7,255,959,250,0,0
stim,42167,72288,1,72288,3269564.453,-0.536,0.076,-0.037,0.840,0,0,2427,0,3093,0,3038,2749,57,1.276,1,2102,0,215.681,5.491,16.063,-214.563,14.938,-0.301,0.309,1.746,-0.613,-5.457,4.840,0.180,0.192,1.346,1.371,3,NULL,NULL,,3,1,2,7,255,959,250,0,0
stim,42167,72288,1,72288,3269569.455,-0.535,0.084,-0.042,0.839,0,0,2303,0,3081,5,3033,2709,57,1.276,1,2102,0,225.223,6.665,9.375,-225.000,3.563,-0.430,0.242,2.074,-0.613,-6.637,6.551,0.194,0.206,1.346,1.371,3,NULL,NULL,,3,1,2,7,255,959,250,0,0
stim,42185,72306,1,72306,3269574.454,-0.534,0.093,-0.049,0.839,0,0,2163,0,3061,19,3021,2639,57,1.276,1,2102,0,245.781,8.381,-12.625,-245.375,6.313,-0.512,0.199,2.387,0.867,-8.336,9.375,0.208,0.220,1.346,1.371,3,NULL,NULL,,3,1,2,7,255,959,250,0,0
stim,42185,72306,1,72306,3269579.455,-0.533,0.102,-0.056,0.838,0,0,1991,0,3039,54,3016,2573,57,1.276,1,2102,0,269.670,9.900,-27.250,-267.938,13.750,-0.574,0.352,2.527,1.125,-9.836,12.023,0.220,0.232,1.346,1.371,3,NULL,NULL,,3,1,2,7,255,959,250,0,0
stim,42185,72306,1,72306,3269584.454,-0.531,0.111,-0.065,0.837,0,0,1829,0,3035,71,2995,2474,57,1.276,1,2102,0,302.665,11.847,-58.563,-295.563,28.625,-0.598,0.711,2.570,1.125,-11.793,12.910,0.234,0.248,1.346,1.371,3,NULL,NULL,,3,1,2,7,255,959,250,0,0
stim,42185,72306,1,72306,3269589.455,-0.529,0.121,-0.076,0.836,0,0,1693,0,2997,75,2973,2356,57,1.276,1,2102,0,331.366,14.243,-86.750,-318.750,26.000,-0.660,0.891,2.547,-1.770,-14.133,12.910,0.250,0.264,1.346,1.371,3,NULL,NULL,,3,1,2,7,255,959,250,0,0
stim,42185,72306,1,72306,3269594.453,-0.528,0.130,-0.088,0.835,0,0,1577,0,2980,84,2943,2203,57,1.276,1,2102,0,359.774,16.210,-110.938,-341.625,20.563,-0.754,0.883,2.586,-2.477,-16.020,12.051,0.270,0.284,1.346,1.371,3,NULL,NULL,,3,1,2,7,255,959,250,0,0
stim,42185,72306,1,72306,3269599.455,-0.526,0.141,-0.101,0.833,0,0,1489,0,2939,85,2919,2072,57,1.276,1,2102,0,388.111,17.736,-129.688,-365.563,13.250,-0.820,0.934,2.730,-2.477,-17.563,12.051,0.294,0.306,1.346,1.371,3,NULL,NULL,,3,1,2,7,255,959,250,0,0
stim,42185,72306,1,72306,3269604.454,-0.525,0.151,-0.115,0.830,0,0,1407,0,2890,79,2859,1891,57,1.276,1,2102,0,413.051,19.649,-151.000,-384.375,-8.125,-0.848,1.035,2.797,-2.477,-19.492,11.895,0.322,0.336,1.346,1.371,3,NULL,NULL,,3,1,2,7,255,959,250,0,0
stim,42185,72306,1,72306,3269609.455,-0.525,0.162,-0.130,0.826,0,0,1327,0,2831,70,2789,1765,57,1.276,1,2102,0,435.344,21.163,-155.500,-405.438,-31.063,-0.832,0.781,2.855,-2.457,-21.020,11.895,0.358,0.372,1.346,1.371,3,NULL,NULL,,3,1,2,7,255,959,250,0,0
stim,42185,72306,1,72306,3269614.453,-0.523,0.175,-0.146,0.821,0,0,1211,0,2769,69,2685,1595,57,1.276,1,2102,0,462.304,21.147,-153.063,-435.563,-24.125,-0.945,0.629,2.965,-0.961,-21.125,11.863,0.402,0.416,1.346,1.371,3,NULL,NULL,,3,1,2,7,255,959,250,0,0
stim,42185,72306,1,72306,3269619.455,-0.522,0.187,-0.162,0.816,0,0,1069,0,2664,39,2539,1435,57,1.276,1,2102,0,490.189,22.622,-175.375,-457.250,-21.250,-1.051,0.750,2.957,0.230,-22.621,11.633,0.454,0.468,1.346,1.371,3,NULL,NULL,,3,1,2,7,255,959,250,0,0
stim,42185,72306,1,72306,3269624.454,-0.521,0.200,-0.179,0.810,0,0,901,0,2539,0,2351,1275,57,1.276,1,2102,0,504.962,24.765,-182.813,-467.938,-51.000,-1.027,0.719,3.000,0.398,-24.762,9.973,0.514,0.530,1.346,1.371,3,NULL,NULL,,3,1,2,7,255,959,250,0,0
stim,42185,72306,0,72306,3269629.455,-0.521,0.213,-0.196,0.803,0,0,744,0,2393,0,2105,1075,57,1.276,1,2102,0,516.031,24.765,-177.875,-479.063,-71.750,-0.832,0.398,3.027,0.398,-24.762,9.887,0.586,0.602,1.346,1.371,3,NULL,NULL,,3,0,2,7,255,957,250,0,0
stim,42202,72324,0,72324,3269634.454,-0.519,0.227,-0.213,0.796,0,0,571,0,2166,0,1811,908,57,1.276,1,2102,0,532.722,24.018,-183.438,-498.000,-46.250,-0.688,-0.063,2.926,2.547,-23.883,9.418,0.668,0.684,1.346,1.371,3,NULL,NULL,,3,0,2,7,255,957,250,0,0
stim,42202,72324,0,72324,3269639.455,-0.516,0.239,-0.233,0.789,0,0,377,0,1895,0,1435,761,57,1.276,1,2102,0,562.320,22.398,-214.688,-519.563,12.938,-0.629,-0.383,2.422,6.031,-21.570,9.387,0.758,0.776,1.346,1.371,3,NULL,NULL,,3,0,2,7,255,957,250,0,0
stim,42228,72349,0,72349,3269644.453,-0.511,0.253,-0.252,0.782,0,0,221,0,1591,0,871,621,57,1.276,1,2102,0,567.823,19.379,-203.688,-529.750,17.313,-0.566,-0.402,1.691,7.324,-17.941,5.289,0.856,0.874,1.346,1.371,3,NULL,NULL,,3,0,2,7,255,957,250,0,0
stim,42228,72349,0,72349,3269649.455,-0.505,0.268,-0.268,0.775,0,0,119,0,1239,0,293,489,57,1.276,1,2102,0,555.013,15.342,-114.875,-542.813,14.063,-0.602,-0.289,1.461,7.324,-13.480,-0.492,0.960,0.978,1.346,1.371,3,NULL,NULL,,3,0,2,7,255,957,250,0,0
stim,42228,72349,0,72349,3269654.454,-0.497,0.285,-0.282,0.769,0,0,87,0,827,0,31,422,57,1.276,1,2102,0,547.768,14.852,-35.563,-545.813,29.563,-0.590,0.176,1.824,6.234,-13.480,-2.188,1.068,1.086,1.346,1.371,3,NULL,NULL,,3,0,2,7,255,957,250,0,0
stim,42228,72349,0,72349,3269659.455,-0.487,0.302,-0.295,0.764,0,0,25,0,317,0,0,355,57,1.276,1,2102,0,556.941,17.498,-14.563,-551.313,77.625,-1.008,0.332,2.336,3.574,-17.129,-3.148,1.180,1.198,1.346,1.371,3,NULL,NULL,,3,0,2,7,255,957,250,0,0
stim,42228,72349,0,72349,3269664.453,-0.474,0.317,-0.312,0.760,0,0,27,0,0,0,0,276,57,1.276,1,2102,0,600.203,24.323,-63.250,-570.688,174.813,-1.473,0.387,2.324,3.574,-24.059,-3.148,1.294,1.314,1.346,1.371,3,NULL,NULL,,3,0,2,7,255,957,250,0,0
stim,42228,72349,0,72349,3269669.455,-0.463,0.330,-0.331,0.753,0,0,9,0,0,0,0,215,57,1.276,1,2102,0,603.186,24.620,-149.563,-562.000,160.063,-1.449,0.801,1.867,3.574,-24.359,-8.086,1.408,1.428,1.346,1.371,4,NULL,NULL,,3,0,2,7,255,957,250,0,0
stim,42228,72349,0,72349,3269674.454,-0.456,0.341,-0.349,0.744,0,0,0,0,0,0,0,141,57,1.276,1,2102,0,562.815,24.368,-224.938,-511.688,65.875,-0.863,1.344,1.324,0.656,-24.359,-12.641,1.518,1.536,1.346,1.371,0,NULL,NULL,,3,0,2,7,255,957,250,0,0
stim,42228,72349,0,72349,3269679.455,-0.452,0.348,-0.369,0.734,0,0,5,0,0,0,0,98,57,1.276,1,2102,0,533.502,20.161,-301.000,-439.063,35.313,-0.594,1.523,0.953,-7.188,-18.836,-13.055,1.618,1.636,1.346,1.371,0,NULL,NULL,,3,0,2,7,255,957,250,0,0
stim,42256,72377,0,72377,3269684.454,-0.447,0.348,-0.391,0.725,0,0,4,0,0,0,0,88,57,1.276,1,2102,0,560.577,18.227,-415.625,-342.438,155.688,-0.891,1.637,0.152,-10.500,-14.898,-13.867,1.708,1.728,1.346,1.371,0,NULL,NULL,,3,0,2,7,255,957,250,0,0
stim,42256,72377,0,72377,3269689.455,-0.446,0.346,-0.409,0.717,0,0,5,0,0,0,0,46,57,1.276,1,2102,0,459.170,14.662,-382.625,-230.563,106.188,-0.539,1.586,-0.582,-11.617,-8.945,-20.941,1.798,1.818,1.346,1.371,0,NULL,NULL,,3,0,2,7,255,957,250,0,0
stim,42256,72377,0,72377,3269694.454,-0.445,0.347,-0.415,0.714,0,0,2,0,0,0,0,57,57,1.276,1,2102,0,167.535,11.668,-122.125,-114.688,0.375,-0.652,-0.164,-0.094,-11.617,-1.090,-20.941,1.896,1.914,1.346,1.371,0,NULL,NULL,,3,0,2,7,255,957,250,0,0
stim,42256,72377,0,72377,3269699.455,-0.445,0.349,-0.415,0.713,0,0,0,0,0,0,0,79,57,1.276,1,2102,0,51.618,3.797,21.063,-42.250,-20.875,-0.965,-0.844,1.363,3.637,-1.090,-15.219,2.006,2.024,1.346,1.371,0,NULL,NULL,,3,0,2,7,255,957,250,0,0
stim,42256,72377,0,72377,3269704.454,-0.449,0.347,-0.416,0.710,0,0,0,0,0,0,0,85,57,1.276,1,2102,0,132.851,17.126,-101.563,52.063,-68.000,-0.988,-0.621,1.594,10.422,-13.590,-10.176,2.126,2.146,1.346,1.371,0,NULL,NULL,,3,0,2,7,255,957,250,0,0
stim,42256,72377,0,72377,3269709.455,-0.456,0.339,-0.419,0.708,0,0,0,0,0,0,0,67,57,1.276,1,2102,0,242.586,17.126,-198.313,132.375,-44.688,-0.734,0.078,0.469,10.422,-13.590,-10.176,2.250,2.270,1.346,1.371,0,NULL,NULL,,3,0,2,7,255,957,250,0,0
stim,42280,72401,0,72401,3269714.454,-0.462,0.330,-0.420,0.708,0,0,0,0,0,0,0,37,57,1.276,1,2102,0,245.522,7.292,-150.000,194.063,11.000,-0.648,0.980,-0.160,2.070,-6.992,-14.363,2.362,2.382,1.346,1.371,0,NULL,NULL,,3,0,2,7,255,957,250,0,0
stim,42280,72401,0,72401,3269719.455,-0.465,0.322,-0.417,0.712,0,0,0,0,0,0,0,9,57,1.276,1,2102,0,236.120,9.057,-38.500,225.250,59.438,-0.840,1.223,0.035,-6.863,-5.910,-18.824,2.452,2.472,1.346,1.371,0,NULL,NULL,,3,0,2,7,255,957,250,0,0
stim,42280,72401,0,72401,3269724.454,-0.468,0.313,-0.413,0.716,0,0,0,0,0,0,0,9,57,1.276,1,2102,0,247.889,9.057,14.500,240.313,59.063,-1.094,0.820,0.574,-6.863,-5.910,-18.824,2.516,2.536,1.346,1.371,0,NULL,NULL,,3,0,2,7,255,957,250,0,0
stim,42280,72401,0,72401,3269729.455,-0.472,0.305,-0.408,0.720,0,0,0,0,0,0,0,3,57,1.276,1,2102,0,254.518,11.594,-21.438,252.563,23.063,-1.109,0.379,0.793,-3.457,-11.066,-18.711,2.558,2.580,1.346,1.371,0,NULL,NULL,,3,0,2,7,255,957,250,0,0
stim,42327,72448,0,72448,3269734.453,-0.477,0.295,-0.405,0.722,0,0,0,0,0,0,0,3,57,1.276,1,2102,0,270.002,11.086,-69.063,260.938,6.563,-0.801,0.164,0.426,0.652,-11.066,-16.285,2.598,2.620,1.346,1.371,0,NULL,NULL,,3,0,2,7,255,957,250,0,0
stim,42327,72448,0,72448,3269739.455,-0.482,0.285,-0.402,0.725,0,0,0,0,0,0,0,12,57,1.276,1,2102,0,269.446,7.571,-58.938,259.813,40.313,-0.563,0.215,-0.051,0.652,-7.543,-15.145,2.642,2.664,1.346,1.371,0,NULL,NULL,,3,0,2,7,255,957,250,0,0
stim,42327,72448,0,72448,3269744.453,-0.485,0.275,-0.398,0.729,0,0,0,0,0,0,0,20,57,1.276,1,2102,0,267.018,2.621,-17.813,257.063,70.000,-0.648,0.422,-0.211,0.031,-2.621,-15.145,2.686,2.708,1.346,1.371,0,NULL,NULL,,3,0,2,7,255,957,250,0,0
stim,42327,72448,0,72448,3269749.456,-0.487,0.267,-0.392,0.734,0,0,0,0,0,0,0,21,57,1.276,1,2102,0,266.840,2.859,26.688,257.375,65.188,-0.758,0.434,-0.105,-1.141,-2.621,-17.254,2.724,2.746,1.346,1.371,0,NULL,NULL,,3,0,2,7,255,957,250,0,0
stim,42327,72448,0,72448,3269754.454,-0.489,0.259,-0.385,0.738,0,0,0,0,0,0,0,19,57,1.276,1,2102,0,268.102,3.938,44.313,259.438,51.063,-0.605,0.340,0.023,-1.141,-3.770,-17.254,2.756,2.778,1.346,1.371,0,NULL,NULL,,3,0,2,7,255,957,250,0,0
stim,42327,72448,0,72448,3269759.455,-0.492,0.250,-0.379,0.743,0,0,0,0,0,0,0,6,57,1.276,1,2102,0,277.289,3.901,50.063,265.938,60.500,-0.445,0.289,0.043,-1.004,-3.770,-15.293,2.788,2.810,1.346,1.371,0,NULL,NULL,,3,0,2,7,255,957,250,0,0
stim,42327,72448,0,72448,3269764.454,-0.493,0.242,-0.371,0.749,0,0,0,0,0,0,0,1,57,1.276,1,2102,0,289.701,4.094,68.875,270.938,76.000,-0.445,0.254,0.121,-0.871,-4.000,-13.766,2.824,2.846,1.346,1.371,0,NULL,NULL,,3,0,2,7,255,957,250,0,0
stim,42327,72448,0,72448,3269769.455,-0.494,0.233,-0.363,0.754,0,0,0,0,0,0,0,0,57,1.276,1,2102,0,299.843,4.054,80.938,276.563,82.875,-0.539,0.238,0.203,-0.660,-4.000,-13.129,2.862,2.886,1.346,1.371,0,NULL,NULL,,3,0,2,7,255,957,250,0,0
stim,42327,72448,0,72448,3269774.454,-0.496,0.225,-0.355,0.760,0,0,0,0,0,0,0,0,57,1.276,1,2102,0,309.115,5.179,98.688,284.000,71.813,-0.543,0.191,0.359,-0.172,-5.176,-13.113,2.892,2.916,1.346,1.371,0,NULL,NULL,,3,0,2,7,255,957,250,0,0
stim,42327,72448,0,72448,3269779.455,-0.497,0.216,-0.345,0.766,0,0,0,0,0,0,0,0,57,1.276,1,2102,0,315.632,6.375,103.500,289.938,69.625,-0.516,0.172,0.523,0.219,-6.371,-11.906,2.912,2.936,1.346,1.371,0,NULL,NULL,,3,0,2,7,255,957,250,0,0
stim,42348,72469,0,72469,3269784.453,-0.499,0.208,-0.336,0.771,0,0,0,0,0,0,0,0,57,1.276,1,2102,0,320.895,7.417,103.063,298.063,59.250,-0.523,0.250,0.680,0.219,-7.414,-10.422,2.930,2.952,1.346,1.371,0,NULL,NULL,,3,0,2,7,255,957,250,0,0
stim,42348,72469,0,72469,3269789.457,-0.501,0.199,-0.326,0.777,0,0,0,0,0,0,0,0,57,1.276,1,2102,0,325.280,8.809,99.938,304.313,56.688,-0.520,0.297,0.785,-0.469,-8.797,-9.449,2.946,2.970,1.346,1.371,0,NULL,NULL,,3,0,2,7,255,957,250,0,0
stim,42348,72469,0,72469,3269794.454,-0.504,0.190,-0.317,0.781,0,0,0,0,0,0,0,0,57,1.276,1,2102,0,328.440,9.633,92.250,312.500,41.313,-0.535,0.242,0.879,-0.469,-9.621,-8.621,2.964,2.988,1.346,1.371,0,NULL,NULL,,3,0,2,7,255,957,250,0,0
stim,42348,72469,0,72469,3269799.455,-0.506,0.180,-0.307,0.785,0,0,0,0,0,0,0,0,57,1.276,1,2102,0,331.724,10.234,81.875,319.375,36.563,-0.496,0.270,0.934,-0.938,-10.191,-7.613,2.984,3.008,1.346,1.371,0,NULL,NULL,,3,0,2,7,255,957,250,0,0
stim,42371,72492,0,72492,3269804.454,-0.510,0.171,-0.297,0.789,0,0,0,0,0,0,0,2,57,1.276,1,2102,0,334.720,10.202,71.813,325.875,26.188,-0.504,0.211,0.938,-0.461,-10.191,-6.816,3.006,3.030,1.346,1.371,0,NULL,NULL,,3,0,2,7,255,957,250,0,0
stim,42371,72492,0,72492,3269809.455,-0.513,0.160,-0.288,0.793,0,0,0,0,0,0,0,2,57,1.276,1,2102,0,339.369,10.137,64.063,332.750,18.563,-0.461,0.270,0.922,-0.938,-10.094,-6.344,3.032,3.058,1.346,1.371,0,NULL,NULL,,3,0,2,7,255,957,250,0,0
stim,42371,72492,0,72492,3269814.454,-0.517,0.150,-0.278,0.796,0,0,0,0,0,0,0,0,57,1.276,1,2102,0,344.852,9.788,64.063,338.750,8.188,-0.418,0.160,0.895,-0.465,-9.777,-6.117,3.062,3.088,1.346,1.371,0,NULL,NULL,,3,0,2,7,255,957,250,0,0
stim,42371,72492,0,72492,3269819.455,-0.521,0.140,-0.268,0.798,0,0,0,0,0,0,0,7,57,1.276,1,2102,0,353.113,8.901,62.938,347.438,3.875,-0.348,0.184,0.824,-0.969,-8.848,-5.543,3.096,3.122,1.346,1.371,0,NULL,NULL,,3,0,2,7,255,957,250,0,0
stim,42394,72515,0,72515,3269824.454,-0.525,0.129,-0.257,0.801,0,0,0,0,0,0,0,9,57,1.276,1,2102,0,362.679,7.869,76.875,354.438,0.375,-0.320,0.109,0.785,-0.465,-7.855,-5.512,3.134,3.160,1.346,1.371,0,NULL,NULL,,3,0,2,7,255,957,250,0,0
stim,42394,72515,0,72515,3269829.455,-0.529,0.119,-0.245,0.804,0,0,0,0,0,0,0,13,57,1.276,1,2102,0,373.160,7.148,89.000,362.375,-3.375,-0.262,0.184,0.773,-0.969,-7.082,-5.281,3.176,3.200,1.346,1.371,0,NULL,NULL,,3,0,2,7,255,957,250,0,0
stim,42425,72546,0,72546,3269834.453,-0.533,0.108,-0.233,0.806,0,0,0,0,0,0,0,8,57,1.276,1,2102,0,382.936,6.815,106.250,367.875,-4.313,-0.168,0.133,0.805,-1.410,-6.668,-5.125,3.218,3.246,1.346,1.371,0,NULL,NULL,,3,0,2,7,255,957,250,0,0
stim,42425,72546,0,72546,3269839.455,-0.536,0.098,-0.220,0.809,0,0,0,0,0,0,0,11,57,1.276,1,2102,0,391.148,5.905,120.563,372.063,-5.563,-0.059,0.066,0.820,-1.410,-5.734,-4.105,3.264,3.290,1.346,1.371,0,NULL,NULL,,3,0,2,7,255,957,250,0,0
stim,42425,72546,0,72546,3269844.454,-0.539,0.088,-0.207,0.812,0,0,0,0,0,0,0,19,57,1.276,1,2102,0,394.943,4.845,138.063,369.813,12.563,-0.102,0.043,0.844,-1.297,-4.668,-3.168,3.310,3.336,1.346,1.371,0,NULL,NULL,,3,0,2,7,255,957,250,0,0
stim,42425,72546,0,72546,3269849.455,-0.542,0.079,-0.192,0.814,0,0,0,0,0,0,0,23,57,1.276,1,2102,0,399.295,4.845,155.250,367.313,20.375,-0.113,0.211,0.969,-1.297,-4.668,-2.934,3.352,3.380,1.346,1.371,0,NULL,NULL,,3,0,2,7,255,957,250,0,0
stim,42425,72546,0,72546,3269854.454,-0.544,0.070,-0.178,0.817,0,0,0,0,0,0,0,25,57,1.276,1,2102,0,400.001,5.769,167.375,362.875,17.563,-0.094,0.180,1.035,-2.418,-5.238,-2.109,3.396,3.422,1.346,1.371,0,NULL,NULL,,3,0,2,7,255,957,250,0,0
stim,42425,72546,0,72546,3269859.455,-0.545,0.061,-0.163,0.820,0,0,0,0,0,0,0,39,57,1.276,1,2102,0,402.911,5.769,183.938,356.625,36.375,-0.082,0.156,1.094,-2.418,-5.238,-1.195,3.434,3.462,1.346,1.371,0,NULL,NULL,,3,0,2,7,255,957,250,0,0
stim,42425,72546,0,72546,3269864.454,-0.546,0.053,-0.147,0.823,0,0,0,0,0,0,0,40,57,1.276,1,2102,0,405.870,5.769,197.813,352.000,41.188,-0.105,0.234,1.250,-2.418,-5.238,-0.383,3.470,3.498,1.346,1.371,0,NULL,NULL,,3,0,2,7,255,957,250,0,0
stim,42425,72546,0,72546,3269869.455,-0.546,0.045,-0.132,0.826,0,0,0,0,0,0,0,37,57,1.276,1,2102,0,405.329,6.199,203.938,347.813,41.563,-0.125,0.195,1.387,-2.656,-5.602,1.035,3.504,3.532,1.346,1.371,0,NULL,NULL,,3,0,2,7,255,957,250,0,0
stim,42448,72569,0,72569,3269874.454,-0.547,0.037,-0.116,0.828,0,0,0,0,0,0,0,39,57,1.276,1,2102,0,404.558,6.289,207.063,344.063,49.125,-0.148,0.211,1.527,-2.820,-5.621,2.516,3.534,3.562,1.346,1.371,0,NULL,NULL,,3,0,2,7,255,957,250,0,0
stim,42448,72569,0,72569,3269879.455,-0.546,0.030,-0.101,0.831,0,0,0,0,0,0,0,44,57,1.276,1,2102,0,401.615,6.359,206.625,340.625,50.750,-0.211,0.195,1.680,-2.656,-5.777,3.992,3.564,3.592,1.346,1.371,0,NULL,NULL,,3,0,2,7,255,957,250,0,0
stim,42448,72569,0,72569,3269884.453,-0.546,0.022,-0.085,0.833,0,0,0,0,0,0,0,43,57,1.276,1,2102,0,397.286,6.618,204.125,337.250,49.313,-0.266,0.176,1.852,-2.477,-6.137,5.578,3.592,3.620,1.346,1.371,0,NULL,NULL,,3,0,2,7,255,957,250,0,0
stim,42448,72569,0,72569,3269889.455,-0.546,0.014,-0.070,0.835,0,0,0,0,0,0,0,41,57,1.276,1,2102,0,388.355,6.621,191.625,335.125,42.313,-0.277,0.215,1.977,-2.477,-6.141,7.387,3.620,3.648,1.346,1.371,0,NULL,NULL,,3,0,2,7,255,957,250,0,0
stim,42448,72569,0,72569,3269894.454,-0.546,0.006,-0.056,0.836,0,0,0,0,0,0,0,43,57,1.276,1,2102,0,377.856,6.499,176.438,331.813,39.313,-0.285,0.180,2.027,-2.129,-6.141,8.746,3.646,3.676,1.346,1.371,0,NULL,NULL,,3,0,2,7,255,957,250,0,0
stim,42448,72569,0,72569,3269899.455,-0.545,-0.002,-0.042,0.837,0,0,0,0,0,0,0,45,57,1.276,1,2102,0,370.264,5.940,165.563,328.875,39.063,-0.320,0.141,2.031,-2.125,-5.547,9.461,3.672,3.702,1.346,1.371,0,NULL,NULL,,3,0,2,7,255,957,250,0,0
stim,42469,72590,0,72590,3269904.454,-0.545,-0.010,-0.028,0.838,0,0,0,0,0,0,0,47,57,1.276,1,2102,0,364.772,5.327,159.000,327.000,29.125,-0.332,0.125,2.020,-1.633,-5.070,9.719,3.698,3.728,1.346,1.371,0,NULL,NULL,,3,0,2,7,255,957,250,0,0
stim,42469,72590,0,72590,3269909.455,-0.545,-0.018,-0.015,0.838,0,0,0,0,0,0,0,49,57,1.276,1,2102,0,362.277,4.709,161.438,323.750,19.188,-0.309,0.027,2.004,-1.387,-4.500,9.742,3.726,3.756,1.346,1.371,0,NULL,NULL,,3,0,2,7,255,957,250,0,0
stim,42469,72590,0,72590,3269914.454,-0.545,-0.026,-0.000,0.838,0,0,0,0,0,0,0,46,57,1.276,1,2102,0,363.801,3.332,171.688,320.375,15.313,-0.293,-0.078,2.031,-0.582,-3.281,9.789,3.756,3.786,1.346,1.371,0,NULL,NULL,,3,0,2,7,255,957,250,0,0
stim,42469,72590,0,72590,3269919.455,-0.546,-0.033,0.014,0.837,0,0,0,0,0,0,0,46,57,1.276,1,2102,0,366.775,2.079,180.438,319.250,6.750,-0.258,-0.117,2.074,0.316,-2.055,10.215,3.784,3.814,1.346,1.371,0,NULL,NULL,,3,0,2,7,255,957,250,0,0
stim,42491,72612,0,72612,3269924.454,-0.546,-0.040,0.028,0.836,0,0,0,0,0,0,0,46,57,1.276,1,2102,0,371.025,1.104,189.000,319.250,-4.250,-0.172,-0.148,2.059,0.551,-0.957,10.477,3.814,3.844,1.346,1.371,0,NULL,NULL,,3,0,2,7,255,957,250,0,0
stim,42491,72612,0,72612,3269929.455,-0.547,-0.047,0.043,0.835,0,0,0,0,0,0,0,54,57,1.276,1,2102,0,380.150,0.856,207.875,318.188,-7.688,-0.074,-0.219,2.039,0.598,0.613,10.477,3.842,3.874,1.346,1.371,0,NULL,NULL,,3,0,2,7,255,957,250,0,0
stim,42491,72612,0,72612,3269934.454,-0.547,-0.053,0.059,0.833,0,0,0,0,0,0,0,55,57,1.276,1,2102,0,394.464,2.585,236.000,315.938,-9.438,0.035,-0.270,2.109,0.965,2.398,10.477,3.870,3.902,1.346,1.371,0,NULL,NULL,,3,0,2,7,255,957,250,0,0
stim,42491,72612,0,72612,3269939.455,-0.548,-0.058,0.076,0.831,0,0,0,0,0,0,0,57,57,1.276,1,2102,0,411.019,4.404,264.875,313.813,-17.313,0.203,-0.254,2.258,0.965,4.297,10.527,3.896,3.928,1.346,1.371,0,NULL,NULL,,3,0,2,7,255,957,250,0,0
stim,42529,72650,0,72650,3269944.454,-0.549,-0.062,0.094,0.828,0,0,0,0,0,0,0,55,57,1.276,1,2102,0,426.459,6.689,290.063,311.563,-25.688,0.441,-0.238,2.441,0.473,6.672,11.512,3.918,3.950,1.346,1.371,0,NULL,NULL,,3,0,2,7,255,957,250,0,0
stim,42529,72650,0,72650,3269949.455,-0.550,-0.066,0.112,0.825,0,0,0,0,0,0,0,60,57,1.276,1,2102,0,438.939,9.810,309.125,310.500,-26.438,0.680,-0.266,2.617,-0.336,9.805,12.531,3.936,3.968,1.346,1.371,0,NULL,NULL,,3,0,2,7,255,957,250,0,0
stim,42529,72650,0,72650,3269954.454,-0.550,-0.070,0.131,0.822,0,0,0,0,0,0,0,68,57,1.276,1,2102,0,447.380,13.245,323.438,308.563,-18.063,0.863,-0.320,2.813,-0.418,13.238,13.289,3.948,3.980,1.346,1.371,0,NULL,NULL,,3,0,2,7,255,957,250,0,0
stim,42529,72650,0,72650,3269959.455,-0.550,-0.073,0.150,0.818,0,0,0,0,0,0,0,69,57,1.276,1,2102,0,450.258,16.379,328.875,307.313,-11.500,0.992,-0.313,2.996,-0.516,16.371,14.102,3.954,3.988,1.346,1.371,0,NULL,NULL,,3,0,2,7,255,957,250,0,0
stim,42529,72650,0,72650,3269964.454,-0.550,-0.076,0.169,0.814,0,0,0,0,0,0,0,61,57,1.276,1,2102,0,447.089,18.878,324.313,307.438,-13.875,1.098,-0.273,3.117,-0.516,18.871,14.840,3.954,3.986,1.346,1.371,0,NULL,NULL,,3,0,2,7,255,957,250,0,0
stim,42529,72650,0,72650,3269969.455,-0.549,-0.080,0.188,0.810,0,0,0,0,0,0,0,62,57,1.276,1,2102,0,438.861,20.922,312.875,307.125,-19.563,1.145,-0.258,3.219,-0.578,20.914,15.023,3.946,3.978,1.346,1.371,0,NULL,NULL,,3,0,2,7,255,957,250,0,0
stim,42529,72650,0,72650,3269974.454,-0.549,-0.084,0.205,0.806,0,0,0,0,0,0,0,75,57,1.276,1,2102,0,427.635,22.505,299.250,304.188,-28.125,1.215,-0.141,3.395,-0.746,22.492,15.063,3.928,3.960,1.346,1.371,0,NULL,NULL,,3,0,2,7,255,957,250,0,0
stim,42529,72650,0,72650,3269979.455,-0.549,-0.088,0.222,0.801,0,0,0,0,0,0,0,86,57,1.276,1,2102,0,407.927,24.303,271.938,300.250,-48.000,1.457,0.055,3.570,-1.340,24.266,15.820,3.896,3.930,1.346,1.371,0,NULL,NULL,,3,0,2,7,255,957,250,0,0
stim,42551,72672,0,72672,3269984.454,-0.550,-0.094,0.236,0.795,0,0,0,0,0,0,0,103,57,1.276,1,2102,0,375.480,27.512,222.188,295.063,-67.500,1.820,0.105,3.617,-3.465,27.293,15.820,3.852,3.886,1.346,1.371,0,NULL,NULL,,3,0,2,7,255,957,250,0,0
stim,42551,72672,0,72672,3269989.455,-0.550,-0.101,0.248,0.791,0,0,0,0,0,0,0,125,57,1.276,1,2102,0,330.785,31.512,153.125,285.125,-68.375,2.223,-0.012,3.410,-4.871,31.133,14.289,3.794,3.828,1.346,1.371,0,NULL,NULL,,3,0,2,7,255,957,250,0,0
stim,42551,72672,0,72672,3269994.454,-0.550,-0.109,0.257,0.787,0,0,0,0,0,0,0,156,57,1.276,1,2102,0,289.776,34.789,87.250,271.125,-53.375,2.574,-0.215,2.930,-5.145,34.406,9.609,3.724,3.758,1.346,1.371,0,NULL,NULL,,3,0,2,7,255,957,250,0,0
stim,42551,72672,0,72672,3269999.455,-0.549,-0.117,0.265,0.784,0,0,0,0,0,0,0,211,57,1.276,1,2102,0,261.109,36.152,47.688,254.000,-37.250,2.891,-0.352,2.332,-5.297,35.762,2.641,3.640,3.674,1.346,1.371,0,NULL,NULL,,3,0,2,7,255,957,250,0,0
stim,42573,72694,0,72694,3270004.454,-0.548,-0.124,0.271,0.782,0,0,0,0,0,0,0,265,57,1.276,1,2102,0,239.792,36.239,34.938,235.500,-28.625,3.285,-0.426,1.758,-5.621,35.801,-4.934,3.544,3.578,1.346,1.371,0,NULL,NULL,,3,0,2,7,255,957,250,0,0
stim,42573,72694,0,72694,3270009.455,-0.546,-0.131,0.278,0.779,0,0,0,0,0,0,0,301,57,1.276,1,2102,0,231.076,36.651,50.188,224.563,-21.188,3.754,-0.484,1.137,-6.859,36.004,-12.441,3.438,3.474,1.346,1.371,0,NULL,NULL,,3,0,2,7,255,957,250,0,0
stim,42573,72694,0,72694,3270014.454,-0.545,-0.136,0.285,0.777,0,0,0,0,0,0,0,338,57,1.276,1,2102,0,207.821,36.847,82.625,190.688,-0.938,4.375,-1.008,0.758,-6.859,36.203,-20.668,3.322,3.356,1.346,1.371,0,NULL,NULL,,3,0,2,7,255,957,250,0,0
stim,42573,72694,0,72694,3270019.455,-0.541,-0.138,0.292,0.776,0,0,0,0,0,0,0,349,57,1.276,1,2102,0,185.375,40.327,89.813,151.125,58.813,4.406,-1.754,0.902,-6.301,39.832,-28.891,3.194,3.230,1.346,1.371,0,NULL,NULL,,3,0,2,7,255,957,250,0,0
stim,42573,72694,0,72694,3270024.454,-0.538,-0.139,0.300,0.775,0,0,0,0,0,0,0,345,57,1.276,1,2102,0,199.092,39.832,125.938,134.063,76.188,4.176,-2.453,0.273,0.191,39.832,-30.496,3.052,3.088,1.346,1.371,0,NULL,NULL,,3,0,2,7,255,957,250,0,0
stim,42573,72694,0,72694,3270029.455,-0.535,-0.134,0.312,0.774,0,0,0,0,0,0,0,345,57,1.276,1,2102,0,295.278,39.109,261.500,88.438,104.813,4.063,-2.555,0.375,6.582,38.551,-36.434,2.902,2.938,1.346,1.371,0,NULL,NULL,,3,0,2,7,255,957,250,0,0
stim,42629,72750,0,72750,3270034.454,-0.532,-0.125,0.327,0.771,0,0,0,0,9,0,0,311,57,1.276,1,2102,0,410.546,38.824,389.625,47.438,120.375,3.387,-1.949,1.492,6.582,38.262,-36.434,2.744,2.780,1.346,1.371,0,NULL,NULL,,3,0,2,7,255,957,250,0,0
stim,42629,72750,0,72750,3270039.455,-0.531,-0.115,0.341,0.767,0,0,0,0,19,0,0,313,57,1.276,1,2102,0,400.690,38.690,391.250,3.938,86.375,2.734,-1.367,2.969,5.742,38.262,-23.238,2.580,2.616,1.346,1.371,0,NULL,NULL,,3,0,2,7,255,957,250,0,0
stim,42629,72750,0,72750,3270044.453,-0.532,-0.106,0.350,0.764,0,0,0,0,20,0,0,301,57,1.276,1,2102,0,315.302,41.653,309.000,-33.938,52.750,2.844,-1.129,3.719,5.555,41.281,-7.391,2.412,2.450,1.346,1.371,0,NULL,NULL,,3,0,2,7,255,957,250,0,0
stim,42629,72750,0,72750,3270049.455,-0.530,-0.097,0.356,0.764,0,0,0,0,9,0,0,283,57,1.276,1,2102,0,236.853,43.079,195.875,-80.188,106.313,2.332,-0.539,3.957,4.922,42.797,-2.047,2.240,2.278,1.346,1.371,0,NULL,NULL,,3,0,2,7,255,957,250,0,0
stim,42629,72750,0,72750,3270054.454,-0.529,-0.091,0.355,0.765,0,0,0,0,0,0,0,273,57,1.276,1,2102,0,149.116,42.887,56.625,-115.938,74.750,1.625,0.047,4.109,2.785,42.797,4.703,2.064,2.102,1.346,1.371,0,NULL,NULL,,3,0,2,7,255,957,250,0,0
stim,42629,72750,0,72750,3270059.455,-0.530,-0.088,0.350,0.767,0,0,0,3,0,0,0,365,57,1.276,1,2102,0,143.618,37.315,-63.500,-127.000,21.563,1.324,0.004,3.645,1.840,37.270,10.492,1.882,1.920,1.346,1.371,0,NULL,NULL,,3,0,2,7,255,957,250,0,0
stim,42629,72750,0,72750,3270064.454,-0.529,-0.080,0.346,0.771,411,0,0,812,0,30,0,453,57,1.276,1,2102,0,229.434,32.349,-5.688,-200.750,110.938,0.352,-0.117,4.914,1.840,32.297,12.148,1.698,1.738,1.346,1.371,0,NULL,NULL,,3,0,2,7,255,957,250,0,0
stim,42629,72750,0,72750,3270069.455,-0.514,-0.069,0.335,0.787,1080,0,0,1403,0,246,0,473,57,1.276,1,2102,0,621.832,32.068,-219.188,-256.813,522.188,-0.910,2.016,5.613,1.840,32.016,24.703,1.512,1.552,1.346,1.371,0,NULL,NULL,,3,0,2,7,255,957,250,0,0
stim,42629,72750,0,72750,3270074.454,-0.497,-0.079,0.300,0.811,1715,0,0,1833,0,491,0,553,57,1.276,1,2102,0,1082.349,20.398,-966.313,-154.500,462.438,-1.543,3.855,2.184,-1.488,20.344,28.656,1.322,1.362,1.346,1.371,0,NULL,NULL,,3,0,2,7,255,957,250,0,0
stim,42629,72750,0,72750,3270079.455,-0.489,-0.089,0.268,0.825,2089,0,0,2017,0,596,0,605,57,1.276,1,2103,0,848.381,18.911,-818.313,-148.313,167.688,-2.973,3.250,-1.527,-14.020,-12.691,28.656,1.126,1.168,1.346,1.371,1,1036.000,79.000,,3,0,2,7,255,957,250,0,0
stim,42648,72769,0,72769,3270084.453,-0.489,-0.094,0.251,0.830,2277,0,0,2136,0,844,0,681,57,1.276,1,2103,0,427.277,38.513,-412.063,-112.625,-9.250,-2.605,1.977,-1.703,-14.020,-35.871,-0.117,0.928,0.970,1.346,1.371,1,NULL,NULL,,3,0,2,7,255,957,250,0,0
stim,42648,72769,0,72769,3270089.455,-0.496,-0.093,0.242,0.829,2432,0,0,2212,0,969,0,791,57,1.276,1,2103,0,256.340,36.210,-142.438,-139.500,-161.125,-0.500,0.508,0.758,-4.945,-35.871,-0.117,0.726,0.768,1.346,1.371,1,NULL,NULL,,3,0,2,7,255,957,250,0,0
stim,42648,72769,0,72769,3270094.454,-0.498,-0.094,0.233,0.830,2531,0,0,2291,0,1157,0,867,57,1.276,1,2103,0,207.859,5.453,-167.938,-101.875,-68.000,0.984,1.387,1.617,-4.945,-2.297,0.020,0.526,0.570,1.346,1.371,1,NULL,NULL,,3,0,2,7,255,957,250,0,0
stim,42648,72769,0,72769,3270099.455,-0.494,-0.093,0.222,0.835,2631,0,0,2391,0,1315,0,958,57,1.276,1,2103,0,304.635,15.911,-244.500,-137.875,118.375,0.648,2.320,1.324,-15.875,1.066,4.035,0.354,0.396,1.346,1.371,1,NULL,NULL,,3,0,2,7,255,957,250,0,0
stim,42670,72791,0,72791,3270104.454,-0.488,-0.092,0.209,0.842,2785,0,0,2583,0,1420,0,997,57,1.276,1,2103,0,365.654,15.911,-290.063,-145.875,168.188,-0.793,1.492,1.262,-15.875,1.066,5.082,0.254,0.296,1.346,1.371,2,NULL,NULL,,3,0,2,7,255,957,250,0,0
stim,42670,72791,0,72791,3270109.455,-0.484,-0.094,0.193,0.848,2887,0,0,2729,0,1454,0,1078,57,1.276,1,2103,0,399.458,11.273,-360.438,-147.563,88.750,-1.973,-0.480,0.496,-8.488,-7.418,5.082,0.252,0.292,1.346,1.371,2,NULL,NULL,,3,0,2,7,255,957,250,0,0
stim,42670,72791,0,72791,3270114.453,-0.484,-0.095,0.176,0.852,2955,0,0,2844,0,1485,0,1199,57,1.276,1,2103,0,401.990,16.222,-359.875,-179.125,0.375,-1.918,-1.703,-0.398,13.879,-8.398,0.363,0.288,0.328,1.346,1.371,2,NULL,NULL,,3,0,2,7,255,957,250,0,0
stim,42670,72791,0,72791,3270119.455,-0.491,-0.093,0.165,0.850,3015,0,0,2935,0,1527,0,1301,57,1.276,1,2103,0,295.570,21.919,-170.813,-165.813,-175.188,-0.988,-1.813,-0.492,20.246,-8.398,-10.176,0.324,0.366,1.346,1.371,2,NULL,NULL,,3,0,2,7,255,957,250,0,0
stim,42694,72815,0,72815,3270124.454,-0.499,-0.088,0.161,0.847,3055,0,0,3011,0,1555,0,1373,57,1.276,1,2103,0,249.856,20.279,4.063,-169.188,-183.813,0.434,-1.000,0.320,20.246,-1.152,-10.176,0.360,0.402,1.346,1.371,2,NULL,NULL,,3,0,2,7,255,957,250,0,0
stim,42694,72815,0,72815,3270129.455,-0.504,-0.081,0.161,0.845,3079,0,0,3055,0,1587,0,1403,57,1.276,1,2103,0,195.062,11.045,93.688,-142.375,-94.875,1.023,-0.691,1.535,6.375,9.020,-9.699,0.402,0.444,1.346,1.371,2,NULL,NULL,,3,0,2,7,255,957,250,0,0
stim,42724,72845,0,72845,3270134.453,-0.504,-0.076,0.159,0.845,3093,0,0,3095,0,1639,0,1405,57,1.276,1,2103,0,134.645,16.931,15.125,-133.750,3.375,0.957,-1.012,2.234,4.184,16.406,0.227,0.440,0.482,1.346,1.371,2,NULL,NULL,,3,0,2,7,255,957,250,0,0
stim,42724,72845,0,72845,3270139.455,-0.501,-0.074,0.150,0.849,3104,0,0,3131,0,1717,0,1398,57,1.276,1,2103,0,225.589,17.113,-158.875,-131.875,90.875,0.543,-1.348,1.984,4.184,16.594,5.156,0.462,0.504,1.346,1.371,2,NULL,NULL,,3,0,2,7,255,957,250,0,0
stim,42724,72845,0,72845,3270144.453,-0.495,-0.074,0.139,0.854,3128,0,0,3163,0,1811,0,1403,57,1.276,1,2103,0,315.625,18.792,-249.188,-125.500,147.563,-0.047,-1.262,0.852,8.820,16.594,5.156,0.466,0.510,1.346,1.371,2,NULL,NULL,,3,0,2,7,255,957,250,0,0
stim,42724,72845,0,72845,3270149.455,-0.490,-0.073,0.130,0.859,3134,0,0,3173,0,1883,0,1435,57,1.276,1,2103,0,270.299,13.367,-184.938,-128.125,149.813,-0.574,-0.988,0.117,10.727,7.977,-3.387,0.460,0.506,1.346,1.371,2,NULL,NULL,,3,0,2,7,255,957,250,0,0
stim,42724,72845,0,72845,3270154.454,-0.486,-0.068,0.125,0.862,3134,0,0,3181,0,1967,7,1483,57,1.276,1,2103,0,184.879,10.736,-67.313,-136.375,105.125,-0.586,-0.516,0.383,10.727,0.445,-5.398,0.446,0.490,1.346,1.371,2,NULL,NULL,,3,0,2,7,255,957,250,0,0
stim,42724,72845,0,72845,3270159.455,-0.484,-0.063,0.122,0.864,3144,0,0,3191,0,2056,40,1546,57,1.276,1,2103,0,156.400,7.121,-7.438,-136.000,76.875,-0.277,0.059,1.023,7.121,-0.016,-5.398,0.414,0.460,1.346,1.371,2,NULL,NULL,,3,0,2,7,255,957,250,0,0
stim,42724,72845,0,72845,3270164.453,-0.482,-0.058,0.119,0.866,3147,0,0,3195,19,2136,72,1598,57,1.276,1,2103,0,141.541,1.172,-22.313,-129.563,52.438,-0.332,0.305,1.371,0.688,-0.949,0.563,0.364,0.410,1.346,1.371,2,NULL,NULL,,3,0,2,7,255,957,250,0,0
stim,42724,72845,0,72845,3270169.455,-0.482,-0.055,0.113,0.867,3147,0,0,3209,107,2205,85,1709,57,1.276,1,2103,0,145.142,0.688,-75.063,-122.250,22.063,-0.254,0.020,1.367,0.688,-0.016,3.762,0.300,0.346,1.346,1.371,2,NULL,NULL,,3,0,2,7,255,957,250,0,0
stim,42746,72867,0,72867,3270174.454,-0.482,-0.053,0.106,0.868,3142,0,0,3193,407,2271,187,1839,57,1.276,1,2103,0,162.140,1.283,-111.688,-117.063,10.563,-0.082,-0.410,1.070,0.867,0.945,3.762,0.234,0.280,1.346,1.371,2,NULL,NULL,,3,0,2,7,255,957,250,0,0
stim,42746,72867,0,72867,3270179.455,-0.482,-0.051,0.102,0.869,3148,0,0,3191,645,2316,248,1981,57,1.276,1,2103,0,123.938,5.135,-76.188,-97.750,1.063,0.109,-0.539,1.250,3.586,3.676,1.461,0.184,0.230,1.346,1.371,2,NULL,NULL,,3,0,2,7,255,957,250,0,0
stim,42746,72867,0,72867,3270184.453,-0.483,-0.050,0.099,0.869,3143,0,0,3189,895,2351,249,2077,57,1.276,1,2103,0,73.269,7.141,-36.250,-54.188,-33.438,0.352,-0.320,1.305,3.586,6.176,1.461,0.160,0.204,1.346,1.371,2,NULL,NULL,,3,0,2,7,255,957,250,0,0
stim,42746,72867,0,72867,3270189.455,-0.484,-0.048,0.098,0.868,3146,0,0,3207,1039,2367,282,2131,57,1.276,1,2103,0,50.460,6.198,-3.313,-48.438,-13.750,0.703,0.594,0.934,0.527,6.176,1.461,0.154,0.196,1.346,1.371,2,NULL,NULL,,3,0,2,7,255,957,250,0,0
stim,42746,72867,0,72867,3270194.454,-0.483,-0.046,0.099,0.869,3149,0,0,3197,1159,2393,300,2176,57,1.276,1,2103,0,59.451,7.715,40.688,-38.125,20.625,0.371,0.496,1.438,-6.281,4.480,1.777,0.156,0.196,1.346,1.371,2,NULL,NULL,,3,0,2,7,255,957,250,0,0
stim,42746,72867,0,72867,3270199.455,-0.482,-0.046,0.096,0.870,3155,0,0,3197,1234,2414,307,2231,57,1.276,1,2103,0,61.470,7.070,-43.688,-23.188,36.500,-0.301,-0.129,1.652,-6.281,3.246,3.836,0.156,0.194,1.346,1.371,2,NULL,NULL,,3,0,2,7,255,957,250,0,0
stim,42771,72892,0,72892,3270204.454,-0.482,-0.047,0.092,0.870,3141,8,0,3183,1336,2423,309,2267,57,1.276,1,2103,0,100.911,1.940,-98.438,-18.438,-12.375,-0.539,0.133,0.953,1.414,1.328,3.836,0.150,0.186,1.346,1.371,2,NULL,NULL,,3,0,2,7,255,957,250,0,0
stim,42771,72892,0,72892,3270209.455,-0.485,-0.048,0.090,0.869,3148,19,0,3199,1397,2437,313,2297,57,1.276,1,2103,0,90.181,2.798,-43.250,-16.875,-77.313,-0.242,0.289,0.594,1.414,-2.414,0.383,0.140,0.172,1.346,1.371,2,NULL,NULL,,3,0,2,7,255,957,250,0,0
stim,42771,72892,0,72892,3270214.453,-0.488,-0.047,0.090,0.867,3135,31,0,3196,1493,2452,331,2331,57,1.276,1,2103,0,84.852,2.780,9.375,-18.063,-82.375,0.160,0.113,0.980,-1.379,-2.414,-0.543,0.126,0.154,1.346,1.371,2,NULL,NULL,,3,0,2,7,255,957,250,0,0
stim,42771,72892,0,72892,3270219.455,-0.490,-0.047,0.089,0.866,3139,37,0,3181,1549,2455,343,2355,57,1.276,1,2103,0,42.811,2.838,-10.000,-13.688,-39.313,0.199,-0.023,1.320,-1.379,2.480,-0.543,0.108,0.134,1.346,1.371,2,NULL,NULL,,3,0,2,7,255,957,250,0,0
stim,42791,72912,0,72912,3270224.454,-0.490,-0.048,0.087,0.866,3143,53,0,3178,1587,2471,347,2387,57,1.276,1,2103,0,56.552,2.742,-55.313,-7.125,-9.375,-0.063,0.066,1.172,-1.168,2.480,1.641,0.090,0.112,1.346,1.371,2,NULL,NULL,,3,0,2,7,255,957,250,0,0
stim,42791,72912,0,72912,3270229.455,-0.491,-0.049,0.084,0.866,3149,60,0,3195,1629,2472,348,2399,57,1.276,1,2103,0,63.360,1.340,-58.250,-3.875,-24.625,-0.246,0.176,0.906,-0.613,1.191,1.641,0.076,0.096,1.346,1.371,2,NULL,NULL,,3,0,2,7,255,957,250,0,0
stim,42791,72912,0,72912,3270234.453,-0.493,-0.049,0.083,0.865,3134,77,0,3182,1670,2469,349,2411,57,1.276,1,2103,0,62.415,0.733,-30.000,-4.313,-54.563,-0.148,0.133,0.891,-0.613,-0.402,-0.559,0.068,0.086,1.346,1.371,2,NULL,NULL,,3,0,2,7,255,957,250,0,0
stim,42791,72912,0,72912,3270239.455,-0.495,-0.050,0.082,0.864,3140,93,0,3194,1695,2473,359,2427,57,1.276,1,2103,0,59.627,0.820,-14.563,-3.938,-57.688,0.051,0.039,1.039,-0.715,-0.402,-0.559,0.064,0.082,1.346,1.371,2,NULL,NULL,,3,0,2,7,255,957,250,0,0
stim,42829,72950,0,72950,3270244.453,-0.496,-0.050,0.081,0.863,3141,105,0,3182,1715,2479,358,2428,57,1.276,1,2103,0,40.585,2.194,-19.688,-1.938,-35.438,0.102,0.043,1.098,-0.992,1.957,0.148,0.060,0.076,1.346,1.371,2,NULL,NULL,,3,0,2,7,255,957,250,0,0
stim,42829,72950,0,72950,3270249.455,-0.497,-0.050,0.080,0.863,3141,110,0,3182,1737,2484,349,2431,57,1.276,1,2103,0,31.004,2.238,-26.625,-0.563,-15.875,-0.031,0.094,1.055,-1.086,1.957,0.449,0.052,0.066,1.346,1.371,2,NULL,NULL,,3,0,2,7,255,957,250,0,0
stim,42829,72950,0,72950,3270254.454,-0.497,-0.051,0.079,0.863,3135,115,0,3179,1762,2487,347,2441,57,1.276,1,2103,0,28.996,1.487,-25.938,0.813,-12.938,-0.148,0.070,1.020,-1.086,1.016,0.449,0.046,0.056,1.346,1.371,2,NULL,NULL,,3,0,2,7,255,957,250,0,0
stim,42829,72950,0,72950,3270259.455,-0.498,-0.051,0.078,0.862,3142,109,8,3189,1773,2485,339,2440,57,1.276,1,2103,0,28.262,0.322,-20.313,1.000,-19.625,-0.164,0.051,1.008,-0.313,0.078,0.301,0.040,0.048,1.346,1.371,2,NULL,NULL,,3,0,2,7,255,957,250,0,0
stim,42829,72950,0,72950,3270264.453,-0.499,-0.052,0.078,0.862,3135,121,61,3176,1788,2487,335,2440,57,1.276,1,2103,0,25.713,0.322,-13.188,0.688,-22.063,-0.098,0.063,1.023,-0.313,0.078,0.250,0.036,0.044,1.346,1.371,2,NULL,NULL,,3,0,2,7,255,957,250,0,0
stim,42829,72950,0,72950,3270269.455,-0.499,-0.052,0.077,0.861,3131,123,77,3186,1787,2491,331,2439,57,1.320,1,2103,1,19.113,0.754,-10.625,0.625,-15.875,-0.066,0.055,1.063,-0.535,0.531,0.250,0.000,0.000,1.321,1.359,2,NULL,NULL,,3,0,2,7,255,957,250,0,0
stim,42829,72950,0,72950,3270274.455,-0.499,-0.052,0.077,0.861,3140,123,85,3180,1792,2484,331,2453,57,1.320,1,2103,1,16.933,0.841,-15.500,0.250,-6.813,-0.109,0.023,1.047,-0.535,0.648,0.496,0.002,0.002,1.321,1.359,2,NULL,NULL,,3,0,2,7,255,957,250,0,0
stim,42829,72950,0,72950,3270279.455,-0.500,-0.053,0.076,0.861,3135,133,86,3164,1800,2487,325,2439,57,1.320,1,2103,1,17.817,0.669,-17.625,-0.938,-2.438,-0.180,-0.020,0.973,-0.164,0.648,0.496,0.006,0.006,1.321,1.359,2,NULL,NULL,,3,0,2,7,255,957,250,0,0
stim,42855,72977,0,72977,3270284.453,-0.500,-0.053,0.075,0.861,3111,126,109,3167,1813,2489,327,2445,57,1.320,1,2103,1,12.411,0.548,-11.625,-3.313,-2.813,-0.211,-0.035,0.926,0.527,0.148,-0.145,0.006,0.008,1.321,1.359,2,NULL,NULL,,3,0,2,7,255,957,250,0,0
stim,42855,72977,0,72977,3270289.455,-0.500,-0.053,0.075,0.861,3113,125,118,3167,1813,2485,327,2453,57,1.320,1,2103,1,7.639,0.557,-3.688,-5.813,-3.313,-0.191,-0.016,0.949,0.555,-0.047,-0.348,0.008,0.008,1.321,1.359,2,NULL,NULL,,3,0,2,7,255,957,250,0,0
stim,42856,72977,0,72977,3270294.454,-0.500,-0.053,0.075,0.861,3096,133,141,3147,1821,2473,327,2455,57,1.320,1,2103,1,7.869,0.557,-1.375,-7.625,-1.375,-0.172,0.023,0.988,0.555,-0.047,-0.348,0.008,0.010,1.321,1.359,2,NULL,NULL,,3,0,2,7,255,957,250,0,0
stim,42856,72977,0,72977,3270299.455,-0.500,-0.052,0.074,0.861,3095,123,157,3142,1837,2473,318,2469,57,1.320,1,2103,1,9.724,0.119,-4.063,-8.813,0.625,-0.168,0.047,1.004,0.109,-0.047,0.020,0.008,0.010,1.321,1.359,2,NULL,NULL,,3,0,2,7,255,957,250,0,0
stim,42874,72995,0,72995,3270304.454,-0.500,-0.052,0.074,0.861,3079,126,167,3127,1844,2471,317,2471,57,1.320,1,2103,1,11.409,0.106,-6.313,-9.500,0.250,-0.168,0.023,0.980,0.105,-0.004,0.020,0.008,0.010,1.321,1.359,2,NULL,NULL,,3,0,2,7,255,957,250,0,0
stim,42874,72995,0,72995,3270309.455,-0.500,-0.052,0.073,0.861,3065,132,205,3116,1865,2467,329,2479,57,1.320,1,2103,1,11.611,0.106,-5.313,-10.313,-0.500,-0.168,0.000,0.953,0.105,-0.004,-0.043,0.008,0.012,1.321,1.359,2,NULL,NULL,,3,0,2,7,255,957,250,0,0
stim,42874,72995,0,72995,3270314.453,-0.500,-0.052,0.073,0.861,3059,125,231,3115,1881,2475,338,2491,57,1.320,1,2103,1,11.355,0.200,-0.813,-11.250,-1.313,-0.164,0.012,0.957,0.195,0.043,-0.313,0.008,0.012,1.321,1.359,2,NULL,NULL,,3,0,2,7,255,957,250,0,0
stim,42874,72995,0,72995,3270319.455,-0.500,-0.051,0.073,0.861,3047,134,251,3101,1907,2463,371,2511,57,1.320,1,2103,1,12.299,0.200,2.750,-11.750,-2.375,-0.164,0.051,0.988,0.195,0.043,-0.313,0.008,0.012,1.321,1.359,2,NULL,NULL,,3,0,2,7,255,957,250,0,0
stim,42874,72995,0,72995,3270324.454,-0.500,-0.051,0.073,0.861,3033,128,264,3087,1939,2471,381,2515,57,1.320,1,2103,1,13.267,0.169,2.375,-12.625,-3.313,-0.188,0.094,1.012,-0.121,-0.117,0.035,0.008,0.012,1.321,1.359,2,NULL,NULL,,3,0,2,7,255,957,250,0,0
stim,42874,72995,0,72995,3270329.455,-0.500,-0.050,0.073,0.861,3025,127,315,3067,1969,2471,392,2524,57,1.320,1,2103,1,14.958,0.626,-0.625,-13.688,-6.000,-0.234,0.121,1.023,-0.387,-0.492,0.316,0.008,0.012,1.321,1.359,2,NULL,NULL,,3,0,2,7,255,957,250,0,0
stim,42927,73048,0,73048,3270334.453,-0.501,-0.050,0.072,0.861,2999,133,389,3037,2009,2464,406,2539,57,1.320,1,2103,1,20.535,1.058,-4.125,-14.625,-13.813,-0.254,0.117,1.012,-0.387,-0.984,0.430,0.008,0.014,1.321,1.359,2,NULL,NULL,,3,0,2,7,255,957,250,0,0
stim,42927,73048,1,73048,3270339.455,-0.502,-0.049,0.072,0.861,2987,141,459,3035,2037,2475,447,2555,57,1.320,1,2103,1,27.697,1.023,-5.250,-15.813,-22.125,-0.219,0.102,0.980,-0.277,-0.984,0.430,0.008,0.016,1.321,1.359,2,NULL,NULL,,3,1,2,7,255,957,250,0,0
stim,42927,73048,1,73048,3270344.454,-0.503,-0.049,0.071,0.860,2969,135,573,2991,2075,2478,485,2577,57,1.320,1,2103,1,28.875,0.888,-3.688,-17.875,-22.375,-0.172,0.070,0.973,-0.266,-0.848,0.063,0.010,0.016,1.321,1.359,2,NULL,NULL,,3,1,2,7,255,957,250,0,0
stim,42927,73048,1,73048,3270349.455,-0.503,-0.048,0.071,0.860,2935,156,667,2975,2115,2477,525,2591,57,1.320,1,2103,1,27.355,0.431,-2.500,-19.938,-18.563,-0.172,0.066,1.000,-0.266,-0.340,0.063,0.010,0.018,1.321,1.359,2,NULL,NULL,,3,1,2,7,255,957,250,0,0
stim,42927,73048,1,73048,3270354.454,-0.504,-0.047,0.070,0.859,2902,171,728,2955,2169,2478,572,2607,57,1.320,1,2103,1,28.526,0.431,-2.375,-20.625,-19.563,-0.156,0.121,1.004,-0.266,-0.340,0.160,0.012,0.020,1.321,1.359,2,NULL,NULL,,3,1,2,7,255,957,250,0,0
stim,42927,73048,1,73048,3270359.455,-0.505,-0.046,0.070,0.859,2873,175,803,2933,2223,2484,647,2631,57,1.320,1,2103,1,28.426,0.816,-1.125,-21.000,-19.125,-0.121,0.141,1.008,-0.762,-0.293,0.172,0.014,0.020,1.321,1.359,2,NULL,NULL,,3,1,2,7,255,957,250,0,0
stim,42927,73048,1,73048,3270364.453,-0.506,-0.046,0.069,0.859,2852,187,937,2907,2283,2491,756,2649,57,1.320,1,2103,1,26.111,0.849,-3.313,-21.750,-14.063,-0.125,0.109,1.020,-0.816,-0.234,0.188,0.016,0.022,1.321,1.359,2,NULL,NULL,,3,1,2,7,255,957,250,0,0
stim,42927,73048,1,73048,3270369.455,-0.506,-0.045,0.068,0.859,2823,215,1062,2875,2329,2495,861,2667,57,1.320,1,2103,1,25.908,0.849,-5.063,-22.625,-11.563,-0.160,0.133,1.000,-0.816,-0.234,0.172,0.016,0.022,1.321,1.359,2,NULL,NULL,,3,1,2,7,255,957,250,0,0
stim,42927,73048,1,73048,3270374.454,-0.507,-0.044,0.068,0.858,2793,239,1183,2851,2377,2503,979,2681,57,1.320,1,2103,1,27.526,1.007,-2.750,-23.313,-14.375,-0.191,0.168,1.004,-0.816,-0.590,0.250,0.016,0.022,1.321,1.359,2,NULL,NULL,,3,1,2,7,255,957,250,0,0
stim,42927,73048,1,73048,3270379.455,-0.507,-0.043,0.067,0.858,2743,245,1270,2825,2422,2507,1128,2699,57,1.320,1,2103,1,32.096,1.398,-0.750,-22.938,-22.438,-0.180,0.203,1.035,-0.961,-1.016,0.250,0.018,0.022,1.321,1.359,2,NULL,NULL,,3,1,2,7,255,957,250,0,0
stim,42949,73070,1,73070,3270384.453,-0.509,-0.042,0.067,0.857,2695,261,1399,2795,2475,2513,1229,2718,57,1.320,1,2103,1,37.310,1.681,-1.500,-21.875,-30.188,-0.125,0.215,1.059,-1.340,-1.016,0.555,0.018,0.022,1.321,1.359,2,NULL,NULL,,3,1,2,7,255,957,250,0,0
stim,42949,73070,1,73070,3270389.455,-0.510,-0.042,0.066,0.857,2647,271,1589,2763,2518,2515,1348,2762,57,1.320,1,2103,1,38.578,1.477,-6.688,-20.188,-32.188,-0.105,0.145,1.059,-1.340,-0.621,0.637,0.020,0.024,1.321,1.359,2,NULL,NULL,,3,1,2,7,255,957,250,0,0
stim,42949,73070,1,73070,3270394.454,-0.511,-0.041,0.065,0.856,2579,275,1711,2733,2553,2518,1465,2743,57,1.320,1,2103,1,39.992,1.176,-13.813,-19.813,-31.875,-0.137,0.070,1.039,-1.168,-0.141,0.637,0.022,0.026,1.321,1.359,2,NULL,NULL,,3,1,2,7,255,957,250,0,0
stim,42949,73070,1,73070,3270399.455,-0.512,-0.041,0.064,0.855,2505,274,1823,2695,2595,2519,1583,2763,57,1.320,1,2103,1,46.621,0.404,-18.938,-19.625,-37.813,-0.176,0.035,1.012,-0.379,-0.141,0.496,0.024,0.028,1.321,1.359,2,NULL,NULL,,3,1,2,7,255,957,250,0,0
stim,42971,73092,1,73092,3270404.453,-0.514,-0.041,0.063,0.854,2426,278,1943,2659,2631,2517,1707,2776,57,1.320,1,2103,1,55.619,0.295,-22.750,-19.000,-47.063,-0.188,-0.020,0.988,0.090,-0.281,0.262,0.026,0.030,1.321,1.359,2,NULL,NULL,,3,1,2,7,255,957,250,0,0
stim,42971,73092,1,73092,3270409.455,-0.516,-0.041,0.061,0.853,2339,275,2039,2615,2663,2520,1811,2791,57,1.320,1,2103,1,61.422,0.664,-21.813,-20.688,-53.563,-0.148,-0.059,0.980,0.602,-0.281,0.008,0.026,0.032,1.321,1.359,2,NULL,NULL,,3,1,2,7,255,957,250,0,0
stim,42971,73092,1,73092,3270414.453,-0.518,-0.041,0.059,0.852,2249,287,2167,2555,2696,2520,1909,2805,57,1.320,1,2103,1,66.712,0.787,-27.750,-20.250,-57.188,-0.105,-0.109,0.988,0.758,0.211,-0.098,0.026,0.030,1.321,1.359,2,NULL,NULL,,3,1,2,7,255,957,250,0,0
stim,42971,73092,1,73092,3270419.455,-0.520,-0.041,0.057,0.851,2139,280,2273,2491,2726,2519,2008,2821,57,1.320,1,2103,1,66.362,1.096,-28.250,-23.375,-55.313,-0.125,-0.098,1.012,0.945,0.555,-0.098,0.024,0.030,1.321,1.359,2,NULL,NULL,,3,1,2,7,255,957,250,0,0
stim,42993,73114,1,73114,3270424.454,-0.522,-0.041,0.055,0.850,2027,285,2349,2425,2749,2520,2089,2835,57,1.320,1,2103,1,71.247,1.096,-38.188,-23.188,-55.500,-0.117,-0.051,1.020,0.945,0.555,0.160,0.022,0.028,1.321,1.359,2,NULL,NULL,,3,1,2,7,255,957,250,0,0
stim,42993,73114,1,73114,3270429.455,-0.524,-0.041,0.053,0.849,1911,285,2428,2347,2775,2517,2181,2847,57,1.320,1,2103,0,71.480,0.596,-38.438,-25.188,-54.750,-0.168,-0.027,1.039,0.457,0.383,0.230,0.018,0.028,1.321,1.359,2,NULL,NULL,,3,1,2,7,255,957,250,0,0
stim,43025,73146,1,73146,3270434.453,-0.527,-0.041,0.051,0.848,1754,279,2513,2237,2796,2515,2254,2859,57,1.320,1,2103,0,80.865,0.479,-44.875,-25.500,-62.250,-0.176,0.000,1.047,0.445,-0.176,0.492,0.018,0.028,1.321,1.359,2,NULL,NULL,,3,1,2,7,255,957,250,0,0
stim,43025,73146,1,73146,3270439.455,-0.529,-0.041,0.048,0.846,1572,275,2571,2124,2823,2511,2321,2871,57,1.320,1,2103,0,83.849,0.290,-52.500,-28.813,-58.688,-0.070,-0.039,1.020,0.230,-0.176,0.492,0.018,0.028,1.321,1.359,2,NULL,NULL,,3,1,2,7,255,957,250,0,0
stim,43025,73146,1,73146,3270444.454,-0.531,-0.042,0.045,0.845,1349,251,2615,2001,2845,2507,2385,2878,57,1.320,1,2103,0,85.170,0.434,-55.250,-26.563,-59.125,-0.121,-0.082,1.066,0.230,0.367,0.590,0.016,0.030,1.321,1.359,2,NULL,NULL,,3,1,2,7,255,957,250,0,0
stim,43025,73146,1,73146,3270449.455,-0.533,-0.042,0.042,0.844,1173,233,2665,1833,2862,2509,2451,2893,57,1.320,1,2103,0,91.067,0.409,-61.063,-29.563,-60.750,-0.152,-0.020,1.016,0.180,0.367,0.262,0.016,0.030,1.321,1.359,2,NULL,NULL,,3,1,2,7,255,957,250,0,0
stim,43025,73146,1,73146,3270454.454,-0.535,-0.042,0.039,0.843,975,187,2712,1673,2877,2493,2495,2901,57,1.320,1,2103,0,86.464,0.180,-53.063,-31.625,-60.500,-0.090,0.012,0.934,0.180,0.004,0.262,0.016,0.032,1.321,1.359,2,NULL,NULL,,3,1,2,7,255,957,250,0,0
stim,43025,73146,1,73146,3270459.455,-0.537,-0.042,0.037,0.842,775,159,2751,1447,2902,2487,2549,2909,57,1.320,1,2103,0,76.741,0.035,-39.563,-31.563,-57.688,-0.066,-0.047,0.977,0.035,0.004,-0.238,0.016,0.032,1.321,1.359,2,NULL,NULL,,3,1,2,7,255,957,250,0,0
stim,43025,73146,1,73146,3270464.454,-0.539,-0.042,0.034,0.841,532,95,2788,1273,2919,2474,2603,2915,57,1.320,1,2103,0,66.547,0.458,-34.625,-35.813,-44.125,-0.055,-0.059,1.031,0.035,0.457,-0.238,0.016,0.034,1.321,1.359,2,NULL,NULL,,3,1,2,7,255,957,250,0,0
stim,43025,73146,1,73146,3270469.455,-0.540,-0.041,0.032,0.840,347,63,2814,1013,2925,2467,2630,2937,57,1.320,1,2103,0,60.605,0.458,-32.750,-37.438,-34.625,-0.070,-0.051,1.020,0.035,0.457,0.215,0.016,0.036,1.321,1.359,2,NULL,NULL,,3,1,2,7,255,957,250,0,0
stim,43047,73168,1,73168,3270474.454,-0.541,-0.040,0.030,0.839,183,35,2847,785,2949,2447,2668,2935,57,1.320,1,2103,0,58.771,0.370,-29.875,-39.313,-31.875,-0.098,-0.078,1.023,0.043,0.367,0.285,0.018,0.036,1.321,1.359,2,NULL,NULL,,3,1,2,7,255,957,250,0,0
stim,43047,73168,1,73168,3270479.455,-0.542,-0.039,0.028,0.839,82,0,2868,533,2959,2421,2687,2940,57,1.320,1,2103,0,59.591,0.288,-25.875,-43.375,-31.625,-0.086,-0.063,1.008,0.188,0.219,0.215,0.018,0.038,1.321,1.359,2,NULL,NULL,,3,1,2,7,255,957,250,0,0
stim,43047,73168,1,73168,3270484.453,-0.543,-0.038,0.026,0.838,28,0,2887,381,2975,2403,2724,2943,57,1.320,1,2103,0,56.351,0.260,-14.750,-47.563,-26.375,-0.063,-0.004,1.027,0.188,0.180,0.266,0.018,0.038,1.321,1.359,2,NULL,NULL,,3,1,2,7,255,957,250,0,0
stim,43047,73168,1,73168,3270489.455,-0.544,-0.036,0.024,0.838,6,0,2896,245,2989,2377,2745,2963,57,1.320,1,2103,0,59.267,0.481,-15.813,-49.500,-28.500,-0.035,0.043,1.016,-0.461,0.137,0.133,0.018,0.040,1.321,1.359,2,NULL,NULL,,3,1,2,7,255,957,250,0,0
stim,43047,73168,1,73168,3270494.454,-0.545,-0.034,0.023,0.838,0,0,2912,217,2999,2349,2777,2969,57,1.320,1,2103,0,59.298,0.479,9.688,-56.563,-14.938,-0.223,-0.113,1.113,-0.461,0.129,0.266,0.018,0.040,1.321,1.359,2,NULL,NULL,,3,1,2,7,255,957,250,0,0
stim,43047,73168,1,73168,3270499.455,-0.545,-0.031,0.023,0.838,0,0,2923,189,3005,2329,2805,2975,57,1.320,1,2103,0,80.306,1.445,39.375,-69.688,6.500,-0.410,-0.223,1.402,1.141,-0.887,1.289,0.020,0.042,1.321,1.359,2,NULL,NULL,,3,1,2,7,255,957,250,0,0
stim,43070,73191,1,73191,3270504.453,-0.545,-0.027,0.023,0.838,0,0,2932,151,3015,2288,2823,2968,57,1.320,1,2103,0,89.163,3.186,43.938,-77.313,-6.500,-0.453,-0.180,1.652,2.492,-1.984,4.266,0.024,0.046,1.321,1.359,2,NULL,NULL,,3,1,2,7,255,957,250,0,0
stim,43070,73191,1,73191,3270509.455,-0.545,-0.024,0.021,0.838,0,0,2931,107,3028,2263,2844,2989,57,1.320,1,2103,0,84.149,3.186,2.813,-83.250,-11.938,-0.184,0.043,1.563,2.492,-1.984,5.570,0.030,0.052,1.321,1.359,3,NULL,NULL,,3,1,2,7,255,957,250,0,0
stim,43070,73191,1,73191,3270514.454,-0.546,-0.022,0.017,0.838,0,0,2937,91,3037,2219,2863,2987,57,1.320,1,2103,0,95.435,1.221,-49.063,-81.313,-9.438,0.043,0.055,1.223,-0.465,-1.129,5.570,0.040,0.062,1.321,1.359,3,NULL,NULL,,3,1,2,7,255,957,250,0,0
stim,43070,73191,1,73191,3270519.455,-0.544,-0.020,0.014,0.838,0,0,2936,35,3043,2165,2887,2987,57,1.320,1,2103,0,97.900,1.138,-36.688,-86.500,27.500,0.031,0.047,1.004,-1.086,0.340,2.094,0.052,0.074,1.321,1.359,3,NULL,NULL,,3,1,2,7,255,957,250,0,0
stim,43091,73212,1,73212,3270524.454,-0.542,-0.016,0.012,0.840,0,0,2937,5,3048,2104,2901,2989,57,1.320,1,2103,0,108.364,1.138,1.438,-93.688,54.438,-0.152,0.074,1.023,-1.086,0.340,0.254,0.062,0.084,1.321,1.359,3,NULL,NULL,,3,1,2,7,255,957,250,0,0
stim,43091,73212,1,73212,3270529.455,-0.541,-0.013,0.011,0.841,0,0,2937,0,3055,2029,2911,2989,57,1.320,1,2103,0,111.170,1.572,20.188,-99.375,45.563,-0.289,0.074,1.211,-0.570,-1.465,0.254,0.070,0.092,1.321,1.359,3,NULL,NULL,,3,1,2,7,255,957,250,0,0
stim,43091,73212,1,73212,3270534.454,-0.540,-0.008,0.009,0.842,0,0,2935,0,3063,1931,2927,2991,57,1.320,1,2103,0,108.596,2.492,16.375,-104.000,26.625,-0.285,0.012,1.352,-0.027,-2.492,2.129,0.078,0.100,1.321,1.359,3,NULL,NULL,,3,1,2,7,255,957,250,0,0
stim,43091,73212,1,73212,3270539.455,-0.539,-0.004,0.007,0.842,0,0,2927,0,3067,1827,2937,2995,57,1.320,1,2103,0,111.287,2.544,6.438,-108.875,22.125,-0.195,-0.020,1.371,0.512,-2.492,3.480,0.088,0.112,1.321,1.359,3,NULL,NULL,,3,1,2,7,255,957,250,0,0
stim,43130,73251,1,73251,3270544.453,-0.537,-0.000,0.004,0.843,0,0,2921,0,3077,1715,2951,2988,57,1.320,1,2103,0,117.759,1.726,-4.938,-113.750,30.063,-0.156,0.020,1.344,0.512,-1.648,3.480,0.100,0.124,1.321,1.359,3,NULL,NULL,,3,1,2,7,255,957,250,0,0
stim,43130,73251,1,73251,3270549.455,-0.536,0.003,0.001,0.844,0,0,2919,0,3059,1571,2959,2969,57,1.320,1,2103,0,125.272,1.650,-12.813,-119.188,36.375,-0.172,0.082,1.324,0.063,-1.648,3.359,0.114,0.138,1.321,1.359,3,NULL,NULL,,3,1,2,7,255,957,250,0,0
stim,43130,73251,1,73251,3270554.454,-0.535,0.008,-0.002,0.845,0,0,2911,0,3087,1391,2971,2980,57,1.320,1,2103,0,130.206,2.161,-13.500,-124.125,36.938,-0.211,0.129,1.301,-0.371,-2.129,3.137,0.126,0.150,1.321,1.359,3,NULL,NULL,,3,1,2,7,255,957,250,0,0
stim,43130,73251,1,73251,3270559.455,-0.533,0.012,-0.005,0.846,0,0,2899,0,3089,1211,2982,2972,57,1.320,1,2103,0,133.932,2.802,-15.000,-129.563,30.438,-0.227,0.094,1.281,-0.371,-2.777,2.879,0.138,0.164,1.321,1.359,3,NULL,NULL,,3,1,2,7,255,957,250,0,0
stim,43130,73251,1,73251,3270564.454,-0.532,0.016,-0.009,0.846,0,0,2887,0,3093,1001,2986,2965,57,1.320,1,2103,0,138.435,2.781,-15.563,-135.313,24.750,-0.203,0.004,1.262,-0.148,-2.777,2.641,0.150,0.176,1.321,1.359,3,NULL,NULL,,3,1,2,7,255,957,250,0,0
stim,43130,73251,1,73251,3270569.455,-0.531,0.021,-0.013,0.847,0,0,2869,0,3095,775,2996,2955,57,1.320,1,2103,0,145.737,2.498,-17.563,-142.250,26.375,-0.184,-0.090,1.207,0.613,-2.422,2.457,0.162,0.188,1.321,1.359,3,NULL,NULL,,3,1,2,7,255,957,250,0,0
stim,43130,73251,1,73251,3270574.454,-0.530,0.026,-0.017,0.848,0,0,2847,0,3097,597,3002,2937,57,1.320,1,2103,0,152.102,2.507,-13.875,-148.750,28.563,-0.191,-0.113,1.176,1.426,-2.063,1.930,0.174,0.202,1.321,1.359,3,NULL,NULL,,3,1,2,7,255,957,250,0,0
stim,43130,73251,1,73251,3270579.455,-0.528,0.031,-0.021,0.848,0,0,2824,0,3099,459,3004,2921,57,1.320,1,2103,0,157.896,2.633,-13.188,-155.000,27.063,-0.188,-0.102,1.148,1.637,-2.063,1.625,0.188,0.218,1.321,1.359,3,NULL,NULL,,3,1,2,7,255,957,250,0,0
stim,43153,73274,1,73274,3270584.454,-0.527,0.036,-0.025,0.849,0,0,2799,0,3107,274,3007,2909,57,1.320,1,2103,0,162.487,2.665,-8.313,-160.750,22.188,-0.172,-0.125,1.121,1.688,-2.063,1.301,0.202,0.232,1.321,1.359,3,NULL,NULL,,3,1,2,7,255,957,250,0,0
stim,43153,73274,0,73274,3270589.455,-0.526,0.042,-0.028,0.849,0,0,2764,0,3099,127,3023,2873,57,1.320,1,2103,0,168.808,2.741,-1.125,-167.438,21.438,-0.164,-0.152,1.121,1.840,-2.031,1.023,0.216,0.246,1.321,1.359,3,NULL,NULL,,3,0,2,7,255,955,250,0,0
stim,43153,73274,0,73274,3270594.454,-0.525,0.048,-0.032,0.849,0,0,2725,0,3103,69,3019,2860,57,1.320,1,2103,0,175.720,2.741,6.813,-174.313,21.125,-0.141,-0.102,1.195,1.840,-2.031,1.023,0.232,0.262,1.321,1.359,3,NULL,NULL,,3,0,2,7,255,955,250,0,0
stim,43153,73274,0,73274,3270599.455,-0.524,0.055,-0.036,0.849,0,0,2697,0,3103,27,3031,2831,57,1.320,1,2103,0,181.134,2.785,12.063,-180.000,16.250,-0.164,-0.008,1.281,1.668,-2.230,1.695,0.250,0.280,1.321,1.359,3,NULL,NULL,,3,0,2,7,255,955,250,0,0
stim,43177,73298,0,73298,3270604.454,-0.523,0.062,-0.040,0.849,0,0,2643,0,3111,0,3037,2788,57,1.320,1,2103,0,189.788,3.269,11.375,-189.000,13.000,-0.156,0.094,1.379,1.031,-3.102,2.430,0.270,0.300,1.321,1.359,3,NULL,NULL,,3,0,2,7,255,955,250,0,0
stim,43177,73298,0,73298,3270609.455,-0.522,0.070,-0.044,0.849,0,0,2569,0,3100,0,3037,2742,57,1.320,1,2103,0,197.513,3.775,12.313,-196.938,8.688,-0.160,0.188,1.555,0.270,-3.766,3.301,0.296,0.328,1.321,1.359,3,NULL,NULL,,3,0,2,7,255,955,250,0,0
stim,43177,73298,0,73298,3270614.453,-0.521,0.077,-0.048,0.849,0,0,2494,0,3094,0,3037,2699,57,1.320,1,2103,0,206.549,4.721,5.438,-206.313,8.250,-0.238,0.230,1.793,-0.133,-4.719,4.906,0.330,0.362,1.321,1.359,3,NULL,NULL,,3,0,2,7,255,955,250,0,0
stim,43177,73298,0,73298,3270619.455,-0.520,0.085,-0.054,0.848,0,0,2395,0,3091,0,3034,2640,57,1.320,1,2103,0,220.329,6.236,-13.625,-219.750,8.313,-0.336,0.207,2.039,-0.133,-6.234,6.984,0.370,0.402,1.321,1.359,3,NULL,NULL,,3,0,2,7,255,955,250,0,0
stim,43177,73298,0,73298,3270624.454,-0.519,0.093,-0.061,0.848,0,0,2287,0,3087,0,3043,2569,57,1.320,1,2103,0,241.115,7.739,-38.313,-237.938,7.375,-0.438,0.195,2.211,0.781,-7.699,9.055,0.418,0.450,1.321,1.359,3,NULL,NULL,,3,0,2,7,255,955,250,0,0
stim,43177,73298,0,73298,3270629.455,-0.518,0.101,-0.069,0.847,0,0,2159,0,3063,0,3027,2491,57,1.320,1,2103,0,265.718,9.299,-56.875,-259.250,12.688,-0.512,0.344,2.262,0.781,-9.266,10.289,0.476,0.506,1.321,1.359,3,NULL,NULL,,3,0,2,7,255,955,250,0,0
stim,43228,73349,0,73349,3270634.454,-0.516,0.110,-0.078,0.846,0,0,2012,0,3049,39,3015,2392,57,1.320,1,2103,0,289.938,11.138,-66.875,-281.688,15.625,-0.574,0.563,2.297,0.746,-11.113,10.289,0.542,0.572,1.321,1.359,3,NULL,NULL,,3,0,2,7,255,955,250,0,0
stim,43228,73349,0,73349,3270639.455,-0.514,0.120,-0.087,0.845,0,0,1865,0,3029,55,2995,2274,57,1.320,1,2103,0,315.490,13.170,-76.125,-305.750,16.000,-0.633,0.719,2.398,-0.758,-13.148,10.336,0.616,0.646,1.321,1.359,3,NULL,NULL,,3,0,2,7,255,955,250,0,0
stim,43228,73349,0,73349,3270644.453,-0.513,0.129,-0.098,0.843,0,0,1741,0,3012,61,2966,2151,57,1.320,1,2103,0,343.680,15.252,-97.750,-329.375,8.563,-0.617,0.871,2.531,-1.668,-15.160,10.465,0.698,0.728,1.321,1.359,3,NULL,NULL,,3,0,2,7,255,955,250,0,0
stim,43228,73349,0,73349,3270649.455,-0.512,0.140,-0.111,0.840,0,0,1636,0,2980,73,2926,2009,57,1.320,1,2103,0,372.729,16.930,-124.313,-351.375,-2.938,-0.578,0.941,2.566,-2.855,-16.688,11.070,0.788,0.818,1.321,1.359,3,NULL,NULL,,3,0,2,7,255,955,250,0,0
stim,43228,73349,0,73349,3270654.454,-0.511,0.150,-0.124,0.838,0,0,1555,0,2951,69,2885,1875,57,1.320,1,2103,0,397.283,17.802,-141.813,-371.063,-6.000,-0.594,1.031,2.660,-3.527,-17.449,11.176,0.886,0.916,1.321,1.359,3,NULL,NULL,,3,0,2,7,255,955,250,0,0
stim,43228,73349,0,73349,3270659.455,-0.509,0.161,-0.139,0.834,0,0,1405,0,2893,69,2814,1752,57,1.320,1,2103,0,420.817,19.340,-149.250,-393.438,-4.313,-0.680,1.016,2.816,-3.527,-19.016,11.176,0.992,1.022,1.321,1.359,3,NULL,NULL,,3,0,2,7,255,955,250,0,0
stim,43228,73349,0,73349,3270664.454,-0.508,0.172,-0.154,0.830,0,0,1319,0,2827,59,2735,1609,57,1.320,1,2103,0,448.356,21.263,-166.688,-415.938,-15.313,-0.797,0.766,2.906,-3.430,-20.984,11.320,1.102,1.134,1.321,1.359,3,NULL,NULL,,3,0,2,7,255,955,250,0,0
stim,43228,73349,0,73349,3270669.455,-0.506,0.184,-0.170,0.825,0,0,1184,0,2747,39,2603,1469,57,1.320,1,2103,0,474.712,22.052,-181.000,-438.375,-20.438,-0.867,0.715,2.918,-0.621,-22.043,11.320,1.216,1.248,1.321,1.359,3,NULL,NULL,,3,0,2,7,255,955,250,0,0
stim,43228,73349,0,73349,3270674.454,-0.505,0.197,-0.186,0.820,0,0,1035,0,2633,0,2437,1302,57,1.320,1,2103,0,489.733,23.278,-183.063,-453.125,-31.688,-0.910,0.641,2.949,0.121,-23.277,10.238,1.330,1.362,1.321,1.359,3,NULL,NULL,,3,0,2,7,255,955,250,0,0
stim,43228,73349,0,73349,3270679.455,-0.504,0.210,-0.203,0.813,0,0,885,0,2501,0,2217,1135,57,1.320,1,2103,0,504.984,23.895,-186.250,-466.000,-56.250,-0.824,0.395,3.016,0.973,-23.875,9.641,1.440,1.472,1.321,1.359,3,NULL,NULL,,3,0,2,7,255,955,250,0,0
stim,43249,73370,0,73370,3270684.454,-0.503,0.223,-0.220,0.806,0,0,715,0,2313,0,1924,952,57,1.320,1,2103,0,518.484,24.043,-185.063,-480.563,-60.313,-0.648,0.078,2.977,2.840,-23.875,9.641,1.540,1.572,1.321,1.359,3,NULL,NULL,,3,0,2,7,255,955,250,0,0
stim,43249,73370,0,73370,3270689.457,-0.501,0.236,-0.237,0.798,0,0,538,0,2059,0,1593,824,57,1.320,1,2103,0,533.965,22.648,-192.688,-496.563,-37.625,-0.602,-0.336,2.785,4.930,-22.105,9.641,1.630,1.664,1.321,1.359,3,NULL,NULL,,3,0,2,7,255,955,250,0,0
stim,43249,73370,0,73370,3270694.454,-0.496,0.250,-0.255,0.791,0,0,319,0,1767,0,1121,680,57,1.320,1,2103,0,551.207,21.626,-195.813,-515.250,1.938,-0.469,-0.520,2.270,8.246,-19.992,8.180,1.716,1.750,1.321,1.359,3,NULL,NULL,,3,0,2,7,255,955,250,0,0
stim,43249,73370,0,73370,3270699.455,-0.491,0.264,-0.273,0.784,0,0,206,0,1455,0,537,568,57,1.320,1,2103,0,551.785,18.028,-157.750,-528.438,18.313,-0.465,-0.484,1.809,8.246,-16.031,4.598,1.810,1.844,1.321,1.359,3,NULL,NULL,,3,0,2,7,255,955,250,0,0
stim,43279,73400,0,73400,3270704.454,-0.484,0.280,-0.287,0.778,0,0,101,0,1107,0,157,443,57,1.320,1,2103,0,543.015,17.962,-81.375,-536.563,18.563,-0.516,-0.082,1.871,8.102,-16.031,0.527,1.910,1.946,1.321,1.359,3,NULL,NULL,,3,0,2,7,255,955,250,0,0
stim,43279,73400,0,73400,3270709.455,-0.476,0.296,-0.300,0.771,0,0,61,0,613,0,0,345,57,1.320,1,2103,0,533.116,16.851,-41.063,-530.375,35.063,-0.660,0.359,2.344,4.895,-16.125,-0.648,2.020,2.056,1.321,1.359,3,NULL,NULL,,3,0,2,7,255,955,250,0,0
stim,43279,73400,0,73400,3270714.454,-0.466,0.311,-0.315,0.766,0,0,28,0,189,0,0,295,57,1.320,1,2103,0,553.127,22.552,-63.125,-538.250,110.688,-1.168,0.504,2.602,3.609,-22.262,-0.914,2.128,2.164,1.321,1.359,3,NULL,NULL,,3,0,2,7,255,955,250,0,0
stim,43279,73400,0,73400,3270719.455,-0.453,0.324,-0.333,0.761,0,0,17,0,0,0,0,181,57,1.320,1,2103,0,599.724,27.899,-130.813,-552.438,193.313,-1.547,0.520,2.414,3.609,-27.664,-4.324,2.226,2.262,1.321,1.359,3,NULL,NULL,,3,0,2,7,255,955,250,0,0
stim,43279,73400,0,73400,3270724.454,-0.442,0.335,-0.352,0.754,0,0,0,0,0,0,0,101,57,1.320,1,2103,0,586.451,27.899,-184.375,-535.438,152.438,-1.609,0.891,2.027,3.609,-27.664,-9.754,2.308,2.344,1.321,1.359,3,NULL,NULL,,3,0,2,7,255,955,250,0,0
stim,43279,73400,0,73400,3270729.455,-0.436,0.345,-0.371,0.744,0,0,7,0,0,0,0,57,57,1.320,1,2103,0,545.307,26.484,-264.688,-473.250,57.750,-0.938,1.590,1.563,1.359,-26.449,-14.313,2.370,2.406,1.321,1.359,4,NULL,NULL,,3,0,2,7,255,955,250,0,0
stim,43331,73452,0,73452,3270734.454,-0.434,0.349,-0.391,0.733,0,0,7,0,0,0,0,93,57,1.320,1,2103,0,534.455,23.396,-379.250,-374.688,37.688,-0.809,1.914,1.047,-8.297,-21.875,-14.559,2.414,2.450,1.321,1.359,0,NULL,NULL,,3,0,2,7,255,955,250,0,0
stim,43331,73452,0,73452,3270739.455,-0.435,0.346,-0.412,0.722,0,0,8,0,0,0,0,91,57,1.320,1,2103,0,562.435,21.657,-496.000,-260.063,51.813,-0.332,1.777,0.020,-12.758,-17.500,-17.340,2.456,2.494,1.321,1.359,0,NULL,NULL,,3,0,2,7,255,955,250,0,0
stim,43331,73452,0,73452,3270744.453,-0.437,0.344,-0.426,0.713,0,0,5,0,0,0,0,92,57,1.320,1,2103,0,377.303,13.999,-350.188,-139.688,14.625,-0.395,0.555,-0.445,-12.758,-5.762,-17.340,2.506,2.542,1.321,1.359,0,NULL,NULL,,3,0,2,7,255,955,250,0,0
stim,43331,73452,0,73452,3270749.455,-0.437,0.344,-0.431,0.711,0,0,0,0,0,0,0,93,57,1.320,1,2103,0,121.408,6.191,-101.125,-65.938,12.875,-0.832,-0.656,0.379,-4.012,-4.715,-16.605,2.556,2.594,1.321,1.359,0,NULL,NULL,,3,0,2,7,255,955,250,0,0
stim,43331,73452,0,73452,3270754.454,-0.439,0.342,-0.433,0.709,0,0,0,0,0,0,0,68,57,1.320,1,2103,0,76.988,10.389,-72.563,14.500,-21.250,-1.121,-0.762,1.355,9.258,-4.715,-13.348,2.602,2.638,1.321,1.359,0,NULL,NULL,,3,0,2,7,255,955,250,0,0
stim,43331,73452,0,73452,3270759.455,-0.446,0.337,-0.436,0.706,0,0,0,0,0,0,0,61,57,1.320,1,2103,0,231.255,15.731,-196.625,100.625,-68.500,-1.008,-0.074,1.047,9.258,-12.719,-13.348,2.642,2.680,1.321,1.359,0,NULL,NULL,,3,0,2,7,255,955,250,0,0
stim,43331,73452,0,73452,3270764.454,-0.455,0.329,-0.438,0.702,0,0,0,0,0,0,0,53,57,1.320,1,2103,0,291.852,13.621,-226.750,166.688,-77.313,-0.738,0.949,0.043,4.875,-12.719,-14.184,2.682,2.720,1.321,1.359,0,NULL,NULL,,3,0,2,7,255,955,250,0,0
stim,43331,73452,0,73452,3270769.455,-0.462,0.321,-0.437,0.702,0,0,0,0,0,0,0,16,57,1.320,1,2103,0,244.966,7.583,-125.750,207.250,-35.250,-0.535,1.055,-0.371,-6.039,-4.586,-18.926,2.726,2.766,1.321,1.359,0,NULL,NULL,,3,0,2,7,255,955,250,0,0
stim,43331,73452,0,73452,3270774.454,-0.466,0.314,-0.433,0.705,0,0,0,0,0,0,0,10,57,1.320,1,2103,0,225.326,7.583,-10.063,225.000,6.750,-0.664,0.750,0.109,-6.039,-4.586,-18.926,2.770,2.808,1.321,1.359,0,NULL,NULL,,3,0,2,7,255,955,250,0,0
stim,43331,73452,0,73452,3270779.455,-0.470,0.306,-0.428,0.708,0,0,0,0,0,0,0,9,57,1.320,1,2103,0,242.448,6.562,0.813,241.563,20.688,-0.840,0.254,0.676,-4.531,-4.746,-17.297,2.808,2.848,1.321,1.359,0,NULL,NULL,,3,0,2,7,255,955,250,0,0
stim,43331,73452,0,73452,3270784.454,-0.475,0.296,-0.425,0.711,0,0,0,0,0,0,0,5,57,1.320,1,2103,0,261.579,9.207,-59.625,253.500,24.625,-0.836,0.230,0.605,0.656,-9.184,-14.656,2.838,2.878,1.321,1.359,0,NULL,NULL,,3,0,2,7,255,955,250,0,0
stim,43331,73452,0,73452,3270789.455,-0.481,0.287,-0.422,0.713,0,0,0,0,0,0,0,6,57,1.320,1,2103,0,272.357,9.207,-81.938,259.250,15.938,-0.707,0.348,0.063,0.656,-9.184,-14.656,2.864,2.904,1.321,1.359,0,NULL,NULL,,3,0,2,7,255,955,250,0,0
stim,43368,73489,0,73489,3270794.454,-0.485,0.277,-0.418,0.716,0,0,0,0,0,0,0,11,57,1.320,1,2103,0,263.476,4.247,-35.688,259.125,31.625,-0.598,0.438,-0.246,-0.688,-4.191,-16.332,2.888,2.928,1.321,1.359,0,NULL,NULL,,3,0,2,7,255,955,250,0,0
stim,43368,73489,0,73489,3270799.455,-0.489,0.269,-0.413,0.720,0,0,0,0,0,0,0,21,57,1.320,1,2103,0,263.499,3.049,17.375,259.438,42.688,-0.590,0.492,-0.133,-1.762,-2.488,-16.707,2.908,2.950,1.321,1.359,0,NULL,NULL,,3,0,2,7,255,955,250,0,0
stim,43368,73489,0,73489,3270804.453,-0.492,0.261,-0.406,0.725,0,0,0,0,0,0,0,19,57,1.320,1,2103,0,270.239,3.049,40.563,262.750,48.438,-0.582,0.398,0.051,-1.762,-2.488,-16.707,2.930,2.972,1.321,1.359,0,NULL,NULL,,3,0,2,7,255,955,250,0,0
stim,43368,73489,0,73489,3270809.455,-0.495,0.252,-0.400,0.729,0,0,0,0,0,0,0,25,57,1.320,1,2103,0,277.608,4.284,43.625,268.938,53.250,-0.520,0.379,0.117,-1.633,-3.961,-15.359,2.952,2.994,1.321,1.359,0,NULL,NULL,,3,0,2,7,255,955,250,0,0
stim,43368,73489,0,73489,3270814.454,-0.497,0.244,-0.392,0.734,0,0,0,0,0,0,0,19,57,1.320,1,2103,0,284.916,4.551,54.875,273.313,58.875,-0.520,0.324,0.137,-1.543,-4.281,-14.379,2.976,3.018,1.321,1.359,0,NULL,NULL,,3,0,2,7,255,955,250,0,0
stim,43368,73489,0,73489,3270819.455,-0.499,0.235,-0.385,0.740,0,0,0,0,0,0,0,20,57,1.320,1,2103,0,293.992,4.660,71.563,278.188,62.625,-0.527,0.344,0.242,-1.336,-4.465,-13.965,3.004,3.046,1.321,1.359,0,NULL,NULL,,3,0,2,7,255,955,250,0,0
stim,43395,73516,0,73516,3270824.454,-0.502,0.227,-0.376,0.745,0,0,0,0,0,0,0,19,57,1.320,1,2103,0,300.292,5.626,78.500,284.000,57.938,-0.496,0.340,0.363,-1.336,-5.465,-13.414,3.036,3.078,1.321,1.359,0,NULL,NULL,,3,0,2,7,255,955,250,0,0
stim,43395,73516,0,73516,3270829.455,-0.504,0.219,-0.368,0.750,0,0,0,0,0,0,0,18,57,1.320,1,2103,0,306.851,6.487,83.938,289.750,56.188,-0.469,0.266,0.496,-1.336,-6.348,-12.316,3.074,3.116,1.321,1.359,0,NULL,NULL,,3,0,2,7,255,955,250,0,0
stim,43395,73516,0,73516,3270834.454,-0.507,0.210,-0.359,0.755,0,0,0,0,0,0,0,6,57,1.320,1,2103,0,313.688,7.246,83.500,298.250,49.750,-0.434,0.285,0.637,-1.418,-7.105,-10.883,3.116,3.158,1.321,1.359,0,NULL,NULL,,3,0,2,7,255,955,250,0,0
stim,43395,73516,0,73516,3270839.455,-0.510,0.201,-0.349,0.760,0,0,0,0,0,0,0,9,57,1.320,1,2103,0,320.312,8.129,76.813,308.125,41.938,-0.395,0.293,0.703,-1.418,-8.004,-9.641,3.160,3.202,1.321,1.359,0,NULL,NULL,,3,0,2,7,255,955,250,0,0
stim,43429,73550,0,73550,3270844.453,-0.513,0.192,-0.340,0.764,0,0,0,0,0,0,0,9,57,1.320,1,2103,0,329.368,8.405,73.438,318.125,43.438,-0.391,0.277,0.750,-1.645,-8.242,-8.785,3.206,3.250,1.321,1.359,0,NULL,NULL,,3,0,2,7,255,955,250,0,0
stim,43429,73550,0,73550,3270849.455,-0.516,0.182,-0.331,0.769,0,0,0,0,0,0,0,10,57,1.320,1,2103,0,338.817,8.672,71.188,329.313,35.813,-0.422,0.301,0.836,-1.738,-8.496,-8.168,3.254,3.296,1.321,1.359,0,NULL,NULL,,3,0,2,7,255,955,250,0,0
stim,43429,73550,0,73550,3270854.454,-0.520,0.172,-0.321,0.773,0,0,0,0,0,0,0,11,57,1.320,1,2103,0,346.759,9.462,66.625,339.750,19.313,-0.410,0.301,0.930,-1.879,-9.273,-7.625,3.302,3.346,1.321,1.359,0,NULL,NULL,,3,0,2,7,255,955,250,0,0
stim,43429,73550,0,73550,3270859.455,-0.525,0.161,-0.311,0.776,0,0,0,0,0,0,0,11,57,1.320,1,2103,0,353.766,9.819,57.813,348.813,11.750,-0.363,0.273,0.984,-2.055,-9.602,-6.602,3.346,3.390,1.321,1.359,0,NULL,NULL,,3,0,2,7,255,955,250,0,0
stim,43429,73550,0,73550,3270864.454,-0.529,0.150,-0.301,0.779,0,0,0,0,0,0,0,20,57,1.320,1,2103,0,361.569,9.836,46.313,358.500,8.063,-0.336,0.270,0.977,-2.133,-9.602,-5.570,3.390,3.434,1.321,1.359,0,NULL,NULL,,3,0,2,7,255,955,250,0,0
stim,43429,73550,0,73550,3270869.455,-0.534,0.139,-0.291,0.781,0,0,0,0,0,0,0,25,57,1.320,1,2103,0,370.319,9.443,40.813,368.063,0.500,-0.313,0.234,0.891,-2.133,-9.199,-5.363,3.428,3.472,1.321,1.359,0,NULL,NULL,,3,0,2,7,255,955,250,0,0
stim,43429,73550,0,73550,3270874.454,-0.539,0.127,-0.280,0.784,0,0,0,0,0,0,0,25,57,1.320,1,2103,0,378.533,8.517,48.563,375.375,-4.750,-0.293,0.184,0.797,-2.070,-8.262,-5.363,3.464,3.510,1.321,1.359,0,NULL,NULL,,3,0,2,7,255,955,250,0,0
stim,43429,73550,0,73550,3270879.455,-0.544,0.116,-0.269,0.786,0,0,0,0,0,0,0,24,57,1.320,1,2103,0,385.789,7.572,60.313,380.938,-9.063,-0.293,0.215,0.770,-1.980,-7.309,-5.582,3.498,3.544,1.321,1.359,0,NULL,NULL,,3,0,2,7,255,955,250,0,0
stim,43451,73572,0,73572,3270884.454,-0.550,0.105,-0.257,0.788,0,0,0,0,0,0,0,25,57,1.320,1,2103,0,393.209,7.572,72.438,384.563,-38.438,-0.418,0.445,0.766,-1.980,-7.309,-5.684,3.528,3.574,1.321,1.359,0,NULL,NULL,,3,0,2,7,255,955,250,0,0
stim,43451,73572,0,73572,3270889.455,-0.556,0.095,-0.245,0.789,0,0,0,0,0,0,0,29,57,1.320,1,2103,0,398.861,7.316,89.813,385.938,-45.563,0.031,0.055,0.746,-1.980,-7.043,-5.684,3.556,3.602,1.321,1.359,0,NULL,NULL,,3,0,2,7,255,955,250,0,0
stim,43451,73572,0,73572,3270894.454,-0.560,0.084,-0.232,0.791,0,0,0,0,0,0,0,29,57,1.320,1,2103,0,398.333,4.020,106.625,383.750,-6.000,0.098,-0.070,0.813,-1.793,-3.598,-3.625,3.584,3.630,1.321,1.359,0,NULL,NULL,,3,0,2,7,255,955,250,0,0
stim,43451,73572,0,73572,3270899.455,-0.563,0.074,-0.218,0.794,0,0,0,0,0,0,0,29,57,1.320,1,2103,0,397.614,4.020,116.563,379.375,24.188,-0.066,0.094,0.879,-1.793,-3.598,-2.684,3.610,3.656,1.321,1.359,0,NULL,NULL,,3,0,2,7,255,955,250,0,0
stim,43473,73594,0,73594,3270904.454,-0.566,0.064,-0.205,0.796,0,0,0,0,0,0,0,37,57,1.320,1,2103,0,396.904,5.060,128.625,374.875,21.375,-0.184,0.301,0.879,-2.078,-4.613,-2.684,3.638,3.684,1.321,1.359,0,NULL,NULL,,3,0,2,7,255,955,250,0,0
stim,43473,73594,0,73594,3270909.455,-0.569,0.055,-0.190,0.798,0,0,0,0,0,0,0,39,57,1.320,1,2103,0,398.211,6.782,149.000,369.250,5.063,-0.152,0.387,0.914,-3.539,-5.785,-3.098,3.664,3.710,1.321,1.359,0,NULL,NULL,,3,0,2,7,255,955,250,0,0
stim,43473,73594,0,73594,3270914.453,-0.571,0.046,-0.175,0.800,0,0,0,0,0,0,0,43,57,1.320,1,2103,0,401.562,6.829,170.188,363.625,8.063,-0.004,0.223,1.012,-3.629,-5.785,-3.098,3.692,3.740,1.321,1.359,0,NULL,NULL,,3,0,2,7,255,955,250,0,0
stim,43473,73594,0,73594,3270919.455,-0.573,0.038,-0.160,0.803,0,0,0,0,0,0,0,43,57,1.320,1,2103,0,405.421,5.615,188.563,357.625,30.250,-0.039,0.129,1.168,-3.629,-4.285,-1.195,3.720,3.768,1.321,1.359,0,NULL,NULL,,3,0,2,7,255,955,250,0,0
stim,43473,73594,0,73594,3270924.454,-0.574,0.031,-0.144,0.805,0,0,0,0,0,0,0,45,57,1.320,1,2103,0,406.605,5.501,197.063,353.750,36.813,-0.172,0.223,1.348,-3.449,-4.285,0.523,3.750,3.798,1.321,1.359,0,NULL,NULL,,3,0,2,7,255,955,250,0,0
stim,43473,73594,0,73594,3270929.455,-0.575,0.023,-0.128,0.807,0,0,0,0,0,0,0,48,57,1.320,1,2103,0,402.822,6.830,197.063,350.375,25.875,-0.211,0.270,1.473,-3.449,-5.895,1.871,3.780,3.828,1.321,1.359,0,NULL,NULL,,3,0,2,7,255,955,250,0,0
stim,43528,73649,0,73649,3270934.454,-0.577,0.016,-0.113,0.809,0,0,0,0,0,0,0,51,57,1.320,1,2103,0,402.513,7.061,201.063,348.000,22.063,-0.156,0.270,1.613,-3.887,-5.895,3.121,3.810,3.858,1.321,1.359,0,NULL,NULL,,3,0,2,7,255,955,250,0,0
stim,43528,73649,0,73649,3270939.455,-0.577,0.009,-0.097,0.811,0,0,0,0,0,0,0,52,57,1.320,1,2103,0,401.663,6.904,202.000,346.063,27.750,-0.176,0.250,1.785,-4.047,-5.594,4.766,3.838,3.886,1.321,1.359,0,NULL,NULL,,3,0,2,7,255,955,250,0,0
stim,43528,73649,0,73649,3270944.453,-0.578,0.001,-0.081,0.812,0,0,0,0,0,0,0,51,57,1.320,1,2103,0,397.661,6.913,194.313,345.813,28.125,-0.238,0.262,1.965,-4.063,-5.594,6.625,3.866,3.914,1.321,1.359,0,NULL,NULL,,3,0,2,7,255,955,250,0,0
stim,43528,73649,0,73649,3270949.455,-0.579,-0.007,-0.066,0.813,0,0,0,0,0,0,0,51,57,1.320,1,2103,0,390.115,7.082,176.625,347.188,21.313,-0.289,0.277,2.078,-4.063,-5.801,8.488,3.890,3.938,1.321,1.359,0,NULL,NULL,,3,0,2,7,255,955,250,0,0
stim,43528,73649,0,73649,3270954.454,-0.580,-0.015,-0.052,0.813,0,0,0,0,0,0,0,58,57,1.320,1,2103,0,383.091,7.082,158.875,348.313,14.000,-0.277,0.254,2.094,-4.063,-5.801,9.703,3.910,3.958,1.321,1.359,0,NULL,NULL,,3,0,2,7,255,955,250,0,0
stim,43528,73649,0,73649,3270959.455,-0.581,-0.024,-0.038,0.813,0,0,0,0,0,0,0,59,57,1.320,1,2103,0,379.913,6.316,149.063,349.313,9.750,-0.254,0.199,2.078,-3.895,-4.973,10.113,3.926,3.976,1.321,1.359,0,NULL,NULL,,3,0,2,7,255,955,250,0,0
stim,43528,73649,0,73649,3270964.453,-0.581,-0.032,-0.023,0.813,0,0,0,0,0,0,0,59,57,1.320,1,2103,0,379.799,5.192,148.063,349.688,6.563,-0.250,0.125,2.070,-3.398,-3.926,10.184,3.936,3.986,1.321,1.359,0,NULL,NULL,,3,0,2,7,255,955,250,0,0
stim,43528,73649,0,73649,3270969.455,-0.582,-0.041,-0.009,0.812,0,0,0,0,0,0,0,67,57,1.320,1,2103,0,381.424,3.982,151.313,350.125,1.063,-0.246,0.047,2.082,-2.676,-2.949,10.281,3.940,3.990,1.321,1.359,0,NULL,NULL,,3,0,2,7,255,955,250,0,0
stim,43528,73649,0,73649,3270974.454,-0.583,-0.049,0.006,0.811,0,0,0,0,0,0,0,69,57,1.320,1,2103,0,382.930,2.782,155.000,350.125,-4.813,-0.223,-0.031,2.066,-1.930,-2.004,10.531,3.936,3.988,1.321,1.359,0,NULL,NULL,,3,0,2,7,255,955,250,0,0
stim,43528,73649,0,73649,3270979.455,-0.584,-0.058,0.020,0.809,0,0,0,0,0,0,0,78,57,1.320,1,2103,0,386.247,1.470,163.813,349.688,-8.438,-0.164,-0.094,2.004,-1.207,-0.840,10.531,3.926,3.976,1.321,1.359,0,NULL,NULL,,3,0,2,7,255,955,250,0,0
stim,43549,73670,0,73670,3270984.454,-0.585,-0.065,0.036,0.808,0,0,0,0,0,0,0,78,57,1.320,1,2103,0,394.220,0.824,185.125,347.875,-11.000,-0.090,-0.156,1.953,-0.652,0.504,9.906,3.904,3.954,1.321,1.359,0,NULL,NULL,,3,0,2,7,255,955,250,0,0
stim,43549,73670,0,73670,3270989.455,-0.586,-0.072,0.052,0.806,0,0,0,0,0,0,0,83,57,1.320,1,2103,0,406.624,1.982,215.813,344.375,-13.188,0.031,-0.230,1.984,-0.152,1.977,9.340,3.868,3.920,1.321,1.359,0,NULL,NULL,,3,0,2,7,255,955,250,0,0
stim,43549,73670,0,73670,3270994.454,-0.587,-0.077,0.069,0.803,0,0,0,0,0,0,0,84,57,1.320,1,2103,0,421.036,3.994,247.750,340.125,-14.375,0.215,-0.250,2.086,0.129,3.992,9.340,3.822,3.874,1.321,1.359,0,NULL,NULL,,3,0,2,7,255,955,250,0,0
stim,43549,73670,0,73670,3270999.455,-0.587,-0.082,0.087,0.801,0,0,0,0,0,0,0,79,57,1.320,1,2103,0,437.974,6.603,279.938,336.563,-13.500,0.434,-0.219,2.230,0.129,6.602,9.781,3.760,3.812,1.321,1.359,0,NULL,NULL,,3,0,2,7,255,955,250,0,0
stim,43571,73692,0,73692,3271004.454,-0.588,-0.086,0.107,0.797,0,0,0,0,0,0,0,79,57,1.320,1,2103,0,456.588,9.518,311.313,333.875,-9.188,0.629,-0.176,2.434,-0.590,9.500,10.434,3.684,3.738,1.321,1.359,0,NULL,NULL,,3,0,2,7,255,955,250,0,0
stim,43571,73692,0,73692,3271009.455,-0.588,-0.089,0.127,0.794,0,0,0,0,0,0,0,78,57,1.320,1,2103,0,472.676,12.430,336.125,332.313,-3.313,0.770,-0.152,2.699,-1.250,12.367,11.523,3.598,3.650,1.321,1.359,0,NULL,NULL,,3,0,2,7,255,955,250,0,0
stim,43571,73692,0,73692,3271014.453,-0.587,-0.091,0.147,0.790,0,0,0,0,0,0,0,83,57,1.320,1,2103,0,482.408,15.181,349.813,332.188,0.188,0.875,-0.137,2.988,-1.344,15.121,13.145,3.500,3.554,1.321,1.359,0,NULL,NULL,,3,0,2,7,255,955,250,0,0
stim,43571,73692,0,73692,3271019.455,-0.587,-0.094,0.168,0.786,0,0,0,0,0,0,0,82,57,1.320,1,2103,0,483.405,17.836,349.875,333.563,-1.938,0.941,-0.070,3.297,-1.445,17.777,14.984,3.392,3.444,1.321,1.359,0,NULL,NULL,,3,0,2,7,255,955,250,0,0
stim,43595,73716,0,73716,3271024.454,-0.587,-0.097,0.188,0.782,0,0,0,0,0,0,0,91,57,1.320,1,2103,0,469.850,20.285,329.500,334.750,-11.438,0.992,0.059,3.570,-1.488,20.230,16.988,3.270,3.324,1.321,1.359,0,NULL,NULL,,3,0,2,7,255,955,250,0,0
stim,43595,73716,0,73716,3271029.455,-0.586,-0.101,0.206,0.777,0,0,0,0,0,0,0,103,57,1.320,1,2103,0,440.029,22.471,288.313,331.625,-22.938,1.078,0.223,3.785,-2.121,22.371,18.723,3.134,3.188,1.321,1.359,0,NULL,NULL,,3,0,2,7,255,955,250,0,0
stim,43631,73752,0,73752,3271034.453,-0.586,-0.106,0.222,0.772,0,0,0,0,0,0,0,133,57,1.320,1,2103,0,400.491,24.841,234.625,322.438,-37.125,1.359,0.441,3.891,-3.266,24.625,19.121,2.986,3.040,1.321,1.359,0,NULL,NULL,,3,0,2,7,255,955,250,0,0
stim,43631,73752,0,73752,3271039.455,-0.586,-0.113,0.235,0.768,0,0,0,0,0,0,0,159,57,1.320,1,2103,0,357.212,28.518,169.063,310.563,-50.688,1.809,0.477,3.766,-5.590,27.965,19.121,2.828,2.882,1.321,1.359,0,NULL,NULL,,3,0,2,7,255,955,250,0,0
stim,43631,73752,0,73752,3271044.454,-0.585,-0.121,0.246,0.764,0,0,0,0,0,0,0,197,57,1.320,1,2103,0,313.913,32.491,103.000,293.500,-42.313,2.262,0.242,3.379,-6.297,31.875,15.285,2.664,2.716,1.321,1.359,0,NULL,NULL,,3,0,2,7,255,955,250,0,0
stim,43631,73752,0,73752,3271049.455,-0.583,-0.129,0.254,0.761,0,0,0,0,0,0,0,243,57,1.320,1,2103,0,277.498,35.389,50.438,272.500,-14.313,2.609,-0.063,2.773,-6.297,34.824,8.582,2.494,2.548,1.321,1.359,0,NULL,NULL,,3,0,2,7,255,955,250,0,0
stim,43631,73752,0,73752,3271054.454,-0.580,-0.136,0.261,0.759,0,0,0,0,0,0,0,291,57,1.320,1,2103,0,250.845,35.173,27.563,249.000,12.750,2.867,-0.324,2.086,-4.941,34.824,0.422,2.320,2.372,1.321,1.359,0,NULL,NULL,,3,0,2,7,255,955,250,0,0
stim,43631,73752,0,73752,3271059.455,-0.577,-0.142,0.269,0.758,0,0,0,0,0,0,0,347,57,1.320,1,2103,0,229.269,34.813,37.813,223.625,33.563,3.141,-0.492,1.473,-3.867,34.598,-7.820,2.140,2.192,1.321,1.359,0,NULL,NULL,,3,0,2,7,255,955,250,0,0
stim,43631,73752,0,73752,3271064.453,-0.573,-0.147,0.276,0.757,0,0,0,0,25,0,0,358,57,1.320,1,2103,0,219.796,34.241,75.938,200.188,49.688,3.508,-0.805,0.949,-3.641,34.047,-15.191,1.956,2.006,1.321,1.359,0,NULL,NULL,,3,0,2,7,255,955,250,0,0
stim,43631,73752,0,73752,3271069.455,-0.570,-0.148,0.286,0.756,0,0,0,0,43,0,0,365,57,1.320,1,2103,0,238.131,34.123,141.625,175.188,77.188,3.785,-1.277,0.664,-2.281,34.047,-22.578,1.768,1.818,1.321,1.359,0,NULL,NULL,,3,0,2,7,255,955,250,0,0
stim,43631,73752,0,73752,3271074.454,-0.565,-0.146,0.298,0.755,0,0,0,0,56,0,0,365,57,1.320,1,2103,0,291.664,35.214,220.750,150.250,117.313,3.898,-1.770,0.695,0.863,35.203,-28.004,1.578,1.626,1.321,1.359,0,NULL,NULL,,3,0,2,7,255,955,250,0,0
stim,43631,73752,0,73752,3271079.455,-0.561,-0.141,0.312,0.754,0,0,0,0,73,0,0,364,57,1.320,1,2103,0,359.333,37.199,296.500,125.250,159.750,3.727,-1.848,0.992,4.750,36.895,-28.051,1.384,1.432,1.321,1.359,0,NULL,NULL,,3,0,2,7,255,955,250,0,0
stim,43631,73752,0,73752,3271084.453,-0.557,-0.135,0.325,0.753,0,0,0,0,101,0,0,359,57,1.320,1,2103,0,353.889,37.682,313.938,85.688,139.063,3.277,-2.035,1.992,5.793,37.234,-28.051,1.184,1.232,1.321,1.359,0,NULL,NULL,,3,0,2,7,255,955,250,0,0
stim,43631,73752,0,73752,3271089.455,-0.551,-0.128,0.335,0.754,0,0,0,0,133,0,0,360,57,1.320,1,2103,0,307.803,41.202,233.125,48.938,194.938,3.973,-2.113,2.801,9.000,40.207,-19.391,0.982,1.030,1.321,1.359,0,NULL,NULL,,3,0,2,7,255,955,250,0,0
stim,43662,73783,0,73783,3271094.454,-0.545,-0.120,0.345,0.755,0,0,0,0,126,0,0,371,57,1.320,1,2103,0,321.846,41.419,236.250,16.563,217.938,2.527,-2.109,2.336,9.945,40.207,-18.109,0.784,0.830,1.321,1.359,0,NULL,NULL,,3,0,2,7,255,955,250,0,0
stim,43662,73783,0,73783,3271099.455,-0.543,-0.111,0.353,0.754,0,0,0,0,107,0,0,359,57,1.320,1,2103,0,287.478,38.345,264.438,-21.563,110.688,1.875,-1.051,3.438,9.000,37.273,-14.133,0.596,0.638,1.321,1.359,0,NULL,NULL,,3,0,2,7,255,955,250,0,0
stim,43662,73783,0,73783,3271104.453,-0.545,-0.106,0.356,0.752,0,0,0,0,79,0,0,361,57,1.320,1,2103,0,143.788,38.214,129.750,-60.438,-13.688,2.148,-0.316,4.391,8.426,37.273,0.879,0.428,0.462,1.321,1.359,0,NULL,NULL,,3,0,2,7,255,955,250,0,0
stim,43662,73783,0,73783,3271109.455,-0.546,-0.103,0.354,0.752,0,0,0,0,39,0,0,359,57,1.320,1,2103,0,86.586,40.749,9.250,-86.000,-3.938,2.230,-0.762,3.625,5.508,40.375,1.625,0.294,0.314,1.321,1.359,0,NULL,NULL,,3,0,2,7,255,955,250,0,0
stim,43683,73804,0,73804,3271114.454,-0.548,-0.102,0.349,0.753,0,0,0,0,3,0,0,383,57,1.320,1,2103,0,138.220,40.503,-84.500,-105.188,-30.000,1.766,-0.340,3.313,3.219,40.375,3.844,0.230,0.226,1.321,1.359,0,NULL,NULL,,3,0,2,7,255,955,250,0,0
stim,43683,73804,0,73804,3271119.455,-0.549,-0.097,0.343,0.756,246,0,0,671,0,2,0,486,57,1.320,1,2103,0,189.055,34.590,-53.688,-178.938,29.000,0.824,-0.426,4.258,5.508,34.148,3.844,0.238,0.218,1.321,1.359,0,NULL,NULL,,3,0,2,7,255,955,250,0,0
stim,43683,73804,0,73804,3271124.454,-0.541,-0.083,0.337,0.766,963,0,0,1357,0,157,0,519,57,1.320,1,2103,0,467.626,32.910,-28.250,-284.563,370.000,-0.305,1.254,6.141,2.863,32.785,15.957,0.282,0.266,1.321,1.359,0,NULL,NULL,,3,0,2,7,255,955,250,0,0
stim,43683,73804,0,73804,3271129.455,-0.525,-0.091,0.307,0.789,1609,0,0,1819,0,437,0,583,57,1.320,1,2103,0,959.578,31.432,-836.438,-162.500,441.313,-0.992,3.293,2.977,2.742,31.313,29.980,0.336,0.328,1.321,1.359,0,NULL,NULL,,3,0,2,7,255,955,250,0,0
stim,43683,73804,0,73804,3271134.453,-0.514,-0.102,0.273,0.807,2065,0,0,2019,0,589,0,631,57,1.320,1,2103,0,948.451,20.184,-894.563,-183.188,256.438,-2.156,3.352,-0.824,-20.184,0.129,29.980,0.392,0.386,1.321,1.359,0,NULL,NULL,,3,0,2,7,255,955,250,0,0
stim,43683,73804,0,73804,3271139.455,-0.509,-0.108,0.253,0.816,2297,0,0,2149,0,815,0,687,57,1.320,1,2104,0,542.547,37.741,-515.750,-127.188,110.375,-2.809,2.055,-1.559,-20.184,-31.891,3.004,0.450,0.442,1.321,1.359,1,1054.000,99.000,,3,0,2,7,255,955,250,0,0
stim,43729,73850,0,73850,3271144.454,-0.513,-0.109,0.241,0.817,2463,0,0,2263,0,969,0,783,57,1.320,1,2104,0,289.241,32.472,-226.313,-146.750,-104.438,-1.141,0.984,-0.340,-6.117,-31.891,-5.426,0.508,0.496,1.321,1.359,1,NULL,NULL,,3,0,2,7,255,955,250,0,0
stim,43729,73850,0,73850,3271149.455,-0.517,-0.107,0.234,0.817,2647,0,0,2463,0,1161,0,839,57,1.320,1,2104,0,182.909,15.375,-96.063,-128.688,-87.563,0.625,0.875,0.801,-6.117,-14.105,-5.426,0.550,0.538,1.321,1.359,1,NULL,NULL,,3,0,2,7,255,955,250,0,0
stim,43729,73850,0,73850,3271154.454,-0.514,-0.104,0.227,0.820,2791,0,0,2655,0,1199,0,889,57,1.320,1,2104,0,203.872,10.705,-114.000,-142.750,90.500,0.441,1.609,1.281,-10.203,3.238,-3.410,0.560,0.554,1.321,1.359,1,NULL,NULL,,3,0,2,7,255,955,250,0,0
stim,43729,73850,0,73850,3271159.455,-0.505,-0.099,0.215,0.830,2891,0,0,2786,0,1226,0,964,57,1.320,1,2104,0,429.532,10.705,-252.250,-206.500,279.688,-1.609,0.145,1.102,-10.203,3.238,3.297,0.544,0.546,1.321,1.359,2,NULL,NULL,,3,0,2,7,255,955,250,0,0
stim,43729,73850,0,73850,3271164.454,-0.500,-0.099,0.197,0.838,2965,0,0,2891,0,1273,0,1087,57,1.320,1,2104,0,461.883,10.502,-386.313,-213.188,136.563,-2.762,-0.883,0.359,6.336,-8.375,3.297,0.514,0.524,1.321,1.359,2,NULL,NULL,,3,0,2,7,255,955,250,0,0
stim,43729,73850,0,73850,3271169.455,-0.505,-0.098,0.181,0.838,3015,0,0,2967,0,1323,0,1205,57,1.320,1,2104,0,386.335,23.721,-293.875,-216.688,-126.250,-2.133,-0.930,-0.680,17.879,-15.590,1.492,0.474,0.488,1.321,1.359,2,NULL,NULL,,3,0,2,7,255,955,250,0,0
stim,43729,73850,0,73850,3271174.454,-0.516,-0.094,0.172,0.834,3055,0,0,3033,0,1374,0,1294,57,1.320,1,2104,0,350.203,23.721,-71.750,-213.313,-268.313,-0.289,-0.668,-0.016,17.879,-15.590,-10.051,0.424,0.438,1.321,1.359,2,NULL,NULL,,3,0,2,7,255,955,250,0,0
stim,43729,73850,0,73850,3271179.455,-0.526,-0.087,0.169,0.829,3093,0,0,3089,0,1415,0,1357,57,1.320,1,2104,0,320.401,7.244,51.313,-188.688,-253.813,1.047,-1.320,1.383,7.238,0.289,-10.051,0.362,0.376,1.321,1.359,2,NULL,NULL,,3,0,2,7,255,955,250,0,0
stim,43751,73872,0,73872,3271184.453,-0.532,-0.082,0.165,0.827,3101,0,0,3128,0,1459,0,1374,57,1.320,1,2104,0,208.910,20.022,25.188,-167.750,-121.938,1.875,-1.781,2.004,7.238,18.668,-2.531,0.296,0.310,1.321,1.359,2,NULL,NULL,,3,0,2,7,255,955,250,0,0
stim,43751,73872,0,73872,3271189.455,-0.530,-0.077,0.159,0.829,3117,0,0,3165,0,1520,0,1381,57,1.320,1,2104,0,196.042,29.801,-85.125,-163.875,65.813,1.688,-2.004,2.059,8.250,28.637,0.141,0.236,0.252,1.321,1.359,2,NULL,NULL,,3,0,2,7,255,955,250,0,0
stim,43751,73872,0,73872,3271194.454,-0.522,-0.075,0.149,0.836,3127,0,0,3183,0,1641,5,1363,57,1.320,1,2104,0,328.587,30.627,-183.125,-148.688,228.750,0.641,-1.590,1.336,10.859,28.637,0.141,0.184,0.208,1.321,1.359,2,NULL,NULL,,3,0,2,7,255,955,250,0,0
stim,43751,73872,0,73872,3271199.455,-0.512,-0.072,0.141,0.844,3147,0,0,3215,0,1767,99,1401,57,1.320,1,2104,0,355.155,19.321,-175.375,-148.000,271.063,-0.672,-0.711,0.539,10.859,15.980,-1.367,0.146,0.180,1.321,1.359,2,NULL,NULL,,3,0,2,7,255,955,250,0,0
stim,43777,73898,0,73898,3271204.453,-0.505,-0.067,0.134,0.850,3135,0,0,3210,0,1884,116,1464,57,1.320,1,2104,0,274.908,9.172,-108.875,-155.625,198.750,-1.121,-0.117,0.469,9.125,-0.926,-2.781,0.120,0.166,1.321,1.359,2,NULL,NULL,,3,0,2,7,255,955,250,0,0
stim,43777,73898,0,73898,3271209.455,-0.503,-0.062,0.129,0.852,3147,0,0,3213,21,1993,141,1555,57,1.320,1,2104,0,184.431,9.693,-36.750,-161.250,81.625,-0.914,0.469,0.855,6.160,-7.484,-2.781,0.104,0.158,1.321,1.359,2,NULL,NULL,,3,0,2,7,255,955,250,0,0
stim,43777,73898,0,73898,3271214.454,-0.504,-0.057,0.125,0.853,3147,0,0,3212,99,2077,184,1608,57,1.320,1,2104,0,156.829,7.488,-24.313,-154.875,-4.250,-0.340,0.613,1.426,0.246,-7.484,0.984,0.086,0.150,1.321,1.359,2,NULL,NULL,,3,0,2,7,255,955,250,0,0
stim,43777,73898,0,73898,3271219.455,-0.505,-0.053,0.119,0.853,3147,0,0,3213,350,2189,202,1752,57,1.320,1,2104,0,162.750,3.589,-75.813,-142.000,-24.000,0.102,0.277,1.598,-2.906,-2.105,5.207,0.068,0.140,1.321,1.359,2,NULL,NULL,,3,0,2,7,255,955,250,0,0
stim,43777,73898,0,73898,3271224.454,-0.505,-0.051,0.111,0.854,3139,0,0,3217,585,2261,333,1901,57,1.320,1,2104,0,185.462,4.401,-133.625,-128.563,-3.500,0.234,-0.195,1.359,-2.906,3.305,5.207,0.044,0.126,1.321,1.359,2,NULL,NULL,,3,0,2,7,255,955,250,0,0
stim,43777,73898,0,73898,3271229.455,-0.506,-0.050,0.105,0.855,3155,0,0,3219,851,2301,339,2023,57,1.320,1,2104,0,147.674,5.848,-112.813,-94.813,-9.563,0.258,-0.516,1.535,0.438,5.832,3.910,0.024,0.110,1.321,1.359,2,NULL,NULL,,3,0,2,7,255,955,250,0,0
stim,43826,73947,0,73947,3271234.454,-0.508,-0.050,0.101,0.854,3145,0,0,3212,1032,2343,312,2094,57,1.320,1,2104,0,109.715,7.401,-79.813,-49.250,-56.938,0.418,-0.328,1.176,0.660,7.371,2.488,0.016,0.090,1.321,1.359,2,NULL,NULL,,3,0,2,7,255,955,250,0,0
stim,43826,73947,0,73947,3271239.455,-0.510,-0.049,0.099,0.853,3143,0,0,3211,1166,2367,340,2142,57,1.320,1,2104,0,68.095,7.401,-14.313,-46.000,-48.125,0.762,0.559,0.816,0.660,7.371,0.387,0.026,0.072,1.321,1.359,2,NULL,NULL,,3,0,2,7,255,955,250,0,0
stim,43826,73947,0,73947,3271244.453,-0.510,-0.047,0.099,0.853,3144,5,0,3213,1261,2393,359,2200,57,1.320,1,2104,0,44.252,6.986,30.000,-32.125,-5.125,0.367,0.289,1.434,-4.371,5.449,0.387,0.036,0.062,1.321,1.359,2,NULL,NULL,,3,0,2,7,255,955,250,0,0
stim,43826,73947,0,73947,3271249.455,-0.509,-0.048,0.097,0.854,3144,25,0,3211,1354,2411,372,2248,57,1.320,1,2104,0,64.851,6.335,-58.813,-22.375,15.688,-0.316,-0.199,1.570,-4.371,4.586,3.559,0.042,0.056,1.321,1.359,2,NULL,NULL,,3,0,2,7,255,955,250,0,0
stim,43826,73947,0,73947,3271254.454,-0.510,-0.050,0.092,0.854,3143,38,0,3211,1430,2427,367,2284,57,1.320,1,2104,0,108.686,2.288,-103.750,-17.000,-27.563,-0.512,0.027,0.918,1.906,1.266,3.559,0.046,0.052,1.321,1.359,2,NULL,NULL,,3,0,2,7,255,955,250,0,0
stim,43826,73947,0,73947,3271259.455,-0.513,-0.050,0.090,0.852,3141,57,0,3210,1519,2437,379,2310,57,1.320,1,2104,0,98.622,2.256,-53.563,-14.313,-81.563,-0.191,0.176,0.688,1.906,-1.207,-0.055,0.054,0.046,1.321,1.359,2,NULL,NULL,,3,0,2,7,255,955,250,0,0
stim,43826,73947,0,73947,3271264.454,-0.516,-0.050,0.089,0.850,3141,61,0,3209,1575,2446,383,2335,57,1.320,1,2104,0,85.119,1.486,-7.563,-13.188,-83.750,0.188,0.051,0.984,-0.867,-1.207,-0.629,0.062,0.038,1.321,1.359,2,NULL,NULL,,3,0,2,7,255,955,250,0,0
stim,43826,73947,0,73947,3271269.455,-0.518,-0.051,0.088,0.849,3141,105,0,3207,1619,2456,381,2360,57,1.320,1,2104,0,45.914,3.269,-20.063,-8.688,-40.375,0.191,-0.051,1.227,-0.867,3.152,-0.629,0.068,0.032,1.321,1.359,2,NULL,NULL,,3,0,2,7,255,955,250,0,0
stim,43826,73947,0,73947,3271274.454,-0.518,-0.052,0.086,0.849,3143,107,0,3206,1670,2463,379,2389,57,1.320,1,2104,0,56.066,3.245,-54.000,-4.938,-14.250,-0.094,0.063,1.113,-0.770,3.152,1.121,0.072,0.028,1.321,1.359,2,NULL,NULL,,3,0,2,7,255,955,250,0,0
stim,43826,73947,0,73947,3271279.455,-0.519,-0.053,0.084,0.849,3144,124,0,3211,1715,2472,365,2403,57,1.320,1,2104,0,65.484,1.019,-57.188,-3.688,-31.688,-0.309,0.125,0.914,-0.516,0.879,1.121,0.078,0.024,1.321,1.359,2,NULL,NULL,,3,0,2,7,255,955,250,0,0
stim,43848,73969,0,73969,3271284.454,-0.521,-0.054,0.082,0.848,3135,140,0,3208,1743,2495,364,2413,57,1.320,1,2104,0,71.417,0.434,-36.125,-4.563,-61.438,-0.199,0.055,0.895,-0.102,-0.422,-0.422,0.084,0.018,1.321,1.359,2,NULL,NULL,,3,0,2,7,255,955,250,0,0
stim,43848,73969,0,73969,3271289.455,-0.524,-0.054,0.081,0.846,3149,141,0,3219,1765,2491,353,2426,57,1.320,1,2104,0,67.266,0.434,-21.000,-5.250,-63.688,0.023,-0.031,0.977,-0.102,-0.422,-0.449,0.092,0.010,1.321,1.359,2,NULL,NULL,,3,0,2,7,255,955,250,0,0
stim,43848,73969,1,73969,3271294.454,-0.525,-0.054,0.080,0.845,3140,155,0,3212,1789,2489,349,2445,57,1.320,1,2104,0,47.393,2.010,-18.750,-4.313,-43.313,0.086,-0.023,1.039,-0.270,1.992,-0.449,0.100,0.004,1.321,1.359,2,NULL,NULL,,3,1,2,7,255,955,250,0,0
stim,43848,73969,1,73969,3271299.455,-0.526,-0.055,0.079,0.845,3134,166,43,3197,1809,2491,347,2431,57,1.320,1,2104,0,31.207,2.089,-21.250,-1.375,-22.813,0.027,0.016,1.047,-0.629,1.992,0.027,0.104,0.000,1.321,1.359,2,NULL,NULL,,3,1,2,7,255,955,250,0,0
stim,43871,73992,1,73992,3271304.453,-0.527,-0.055,0.078,0.845,3134,174,62,3197,1827,2493,346,2431,57,1.320,1,2104,0,26.404,2.011,-22.188,0.250,-14.313,-0.086,0.031,1.031,-0.629,1.910,0.230,0.000,0.000,1.321,1.359,2,NULL,NULL,,3,1,2,7,255,955,250,0,0
stim,43871,73992,1,73992,3271309.455,-0.527,-0.056,0.077,0.844,3133,185,75,3193,1837,2491,345,2431,57,1.320,1,2104,0,24.477,0.940,-18.188,1.500,-16.313,-0.137,0.008,0.992,-0.391,0.855,0.230,0.000,0.000,1.321,1.359,2,NULL,NULL,,3,1,2,7,255,955,250,0,0
stim,43871,73992,1,73992,3271314.454,-0.528,-0.056,0.077,0.844,3129,199,121,3191,1846,2491,340,2427,57,1.320,1,2104,0,20.349,0.672,-8.938,1.063,-18.250,-0.113,-0.004,0.992,0.020,0.672,-0.027,0.000,0.000,1.321,1.359,2,NULL,NULL,,3,1,2,7,255,955,250,0,0
stim,43871,73992,1,73992,3271319.455,-0.528,-0.056,0.076,0.844,3125,189,153,3191,1849,2490,317,2428,57,1.340,1,2104,1,13.321,0.672,-4.750,0.438,-12.438,-0.102,0.012,1.039,0.020,0.672,-0.027,0.000,0.000,1.370,1.407,2,NULL,NULL,,3,1,2,7,255,955,250,0,0
stim,43894,74015,1,74015,3271324.454,-0.529,-0.056,0.076,0.844,3123,175,175,3189,1853,2485,315,2423,57,1.340,1,2104,1,9.494,0.704,-5.000,0.375,-8.063,-0.125,0.043,1.043,-0.211,0.672,0.371,0.004,0.002,1.370,1.407,2,NULL,NULL,,3,1,2,7,255,955,250,0,0
stim,43894,74015,1,74015,3271329.455,-0.529,-0.056,0.076,0.843,3117,170,197,3183,1855,2482,313,2421,57,1.340,1,2104,1,9.462,0.530,-6.875,0.125,-6.500,-0.145,0.039,1.035,-0.254,0.465,0.445,0.008,0.006,1.370,1.407,2,NULL,NULL,,3,1,2,7,255,955,250,0,0
stim,43929,74050,1,74050,3271334.454,-0.529,-0.056,0.076,0.843,3112,165,221,3177,1855,2475,311,2415,57,1.340,1,2104,1,8.641,0.388,-6.563,-0.813,-5.563,-0.160,0.012,0.992,-0.254,0.293,0.445,0.012,0.010,1.370,1.407,2,NULL,NULL,,3,1,2,7,255,955,250,0,0
stim,43929,74050,1,74050,3271339.455,-0.529,-0.056,0.075,0.843,3103,164,228,3171,1851,2471,309,2415,57,1.340,1,2104,1,5.858,0.203,-3.500,-2.000,-4.250,-0.172,-0.008,0.969,0.066,0.191,0.023,0.014,0.010,1.370,1.407,2,NULL,NULL,,3,1,2,7,255,955,250,0,0
stim,43929,74050,1,74050,3271344.454,-0.529,-0.056,0.075,0.843,3096,159,234,3160,1851,2463,311,2415,57,1.340,1,2104,1,4.671,0.306,0.125,-4.125,-2.188,-0.180,-0.004,0.973,0.273,0.137,-0.129,0.016,0.012,1.370,1.407,2,NULL,NULL,,3,1,2,7,255,955,250,0,0
stim,43929,74050,1,74050,3271349.455,-0.529,-0.056,0.075,0.843,3089,157,245,3155,1851,2458,303,2419,57,1.340,1,2104,1,5.623,0.281,0.688,-5.375,-1.500,-0.188,0.012,0.984,0.273,0.066,-0.129,0.016,0.012,1.370,1.407,2,NULL,NULL,,3,1,2,7,255,955,250,0,0
stim,43929,74050,1,74050,3271354.454,-0.529,-0.056,0.075,0.843,3077,146,251,3145,1853,2455,306,2421,57,1.340,1,2104,1,7.047,0.195,0.875,-6.938,-0.875,-0.180,0.039,0.977,0.188,-0.055,-0.055,0.016,0.012,1.370,1.407,2,NULL,NULL,,3,1,2,7,255,955,250,0,0
stim,43929,74050,1,74050,3271359.455,-0.530,-0.056,0.075,0.843,3063,141,262,3131,1862,2444,308,2421,57,1.340,1,2104,1,8.208,0.065,1.688,-7.500,-2.875,-0.160,0.023,0.980,-0.035,-0.055,-0.055,0.016,0.012,1.370,1.407,2,NULL,NULL,,3,1,2,7,255,955,250,0,0
stim,43929,74050,1,74050,3271364.454,-0.530,-0.055,0.075,0.843,3051,135,267,3119,1869,2440,311,2425,57,1.340,1,2104,1,8.722,0.126,2.188,-8.438,-0.313,-0.145,0.008,0.977,-0.035,0.121,-0.070,0.016,0.012,1.370,1.407,2,NULL,NULL,,3,1,2,7,255,955,250,0,0
stim,43929,74050,1,74050,3271369.455,-0.530,-0.055,0.075,0.843,3042,136,277,3104,1883,2437,313,2429,57,1.340,1,2104,1,9.576,0.126,3.438,-8.938,0.063,-0.156,0.031,0.973,-0.035,0.121,-0.141,0.016,0.012,1.370,1.407,2,NULL,NULL,,3,1,2,7,255,955,250,0,0
stim,43929,74050,1,74050,3271374.454,-0.530,-0.054,0.075,0.843,3029,134,297,3093,1899,2436,333,2437,57,1.340,1,2104,1,11.511,0.138,5.125,-10.188,1.563,-0.199,0.059,0.984,-0.113,0.078,-0.141,0.016,0.014,1.370,1.407,2,NULL,NULL,,3,1,2,7,255,955,250,0,0
stim,43929,74050,1,74050,3271379.455,-0.530,-0.054,0.075,0.843,3019,133,345,3067,1912,2423,341,2439,57,1.340,1,2104,1,12.395,0.416,3.750,-10.250,-5.875,-0.219,0.082,0.996,-0.152,-0.387,0.051,0.016,0.014,1.370,1.407,2,NULL,NULL,,3,1,2,7,255,955,250,0,0
stim,43949,74070,1,74070,3271384.454,-0.530,-0.053,0.074,0.843,2995,123,395,3059,1937,2427,355,2451,57,1.340,1,2104,1,14.702,0.590,3.000,-11.750,-8.313,-0.195,0.105,1.000,-0.266,-0.527,0.211,0.016,0.012,1.370,1.407,2,NULL,NULL,,3,1,2,7,255,955,250,0,0
stim,43949,74070,1,74070,3271389.455,-0.531,-0.053,0.074,0.843,2975,133,419,3047,1959,2428,362,2459,57,1.340,1,2104,1,17.167,0.590,2.438,-12.625,-11.375,-0.199,0.063,0.988,-0.266,-0.527,0.211,0.014,0.012,1.370,1.407,2,NULL,NULL,,3,1,2,7,255,955,250,0,0
stim,43949,74070,1,74070,3271394.454,-0.531,-0.052,0.074,0.842,2965,126,477,3025,2001,2424,389,2475,57,1.340,1,2104,1,18.204,0.493,-0.500,-14.000,-11.625,-0.195,0.066,0.988,-0.234,-0.434,0.086,0.012,0.010,1.370,1.407,2,NULL,NULL,,3,1,2,7,255,955,250,0,0
stim,43949,74070,1,74070,3271399.455,-0.532,-0.052,0.074,0.842,2938,137,595,3005,2019,2425,426,2487,57,1.340,1,2104,1,19.578,0.493,0.375,-16.063,-11.188,-0.199,0.113,0.984,-0.234,-0.434,0.078,0.010,0.008,1.370,1.407,2,NULL,NULL,,3,1,2,7,255,955,250,0,0
stim,43968,74089,1,74089,3271404.453,-0.532,-0.051,0.073,0.842,2914,141,657,2987,2041,2422,443,2501,57,1.340,1,2104,1,24.943,0.916,3.938,-16.813,-18.000,-0.191,0.137,0.988,-0.609,-0.684,0.078,0.008,0.008,1.370,1.407,2,NULL,NULL,,3,1,2,7,255,955,250,0,0
stim,43968,74089,1,74089,3271409.455,-0.533,-0.050,0.073,0.841,2891,154,715,2969,2093,2427,489,2521,57,1.340,1,2104,1,26.453,1.089,3.250,-17.438,-19.625,-0.129,0.141,1.031,-0.848,-0.684,0.117,0.008,0.010,1.370,1.407,2,NULL,NULL,,3,1,2,7,255,955,250,0,0
stim,43968,74089,1,74089,3271414.454,-0.533,-0.050,0.073,0.841,2863,159,798,2951,2135,2439,557,2540,57,1.340,1,2104,1,22.391,1.110,-3.125,-18.563,-12.125,-0.102,0.121,1.031,-1.105,-0.098,0.344,0.010,0.010,1.370,1.407,2,NULL,NULL,,3,1,2,7,255,955,250,0,0
stim,43968,74089,1,74089,3271419.455,-0.534,-0.049,0.072,0.841,2845,175,917,2925,2199,2441,627,2565,57,1.340,1,2104,1,20.853,1.110,-5.625,-19.063,-6.313,-0.141,0.117,0.977,-1.105,-0.098,0.344,0.012,0.012,1.370,1.407,2,NULL,NULL,,3,1,2,7,255,955,250,0,0
stim,43993,74114,1,74114,3271424.454,-0.534,-0.048,0.072,0.841,2823,189,999,2899,2260,2443,729,2584,57,1.340,1,2104,1,21.123,0.979,-1.688,-18.563,-9.938,-0.184,0.148,0.965,-0.949,-0.238,-0.109,0.016,0.012,1.370,1.407,2,NULL,NULL,,3,1,2,7,255,955,250,0,0
stim,43993,74114,1,74114,3271429.455,-0.535,-0.047,0.071,0.841,2793,222,1132,2877,2302,2451,839,2601,57,1.340,1,2104,1,25.634,1.181,2.813,-19.625,-16.250,-0.176,0.156,1.000,-0.949,-0.703,-0.109,0.020,0.014,1.370,1.407,2,NULL,NULL,,3,1,2,7,255,955,250,0,0
stim,43993,74114,1,74114,3271434.454,-0.536,-0.047,0.071,0.840,2757,244,1225,2859,2344,2455,927,2620,57,1.340,1,2104,1,29.046,1.261,2.125,-19.688,-21.250,-0.145,0.176,1.023,-1.047,-0.703,0.176,0.024,0.018,1.370,1.407,2,NULL,NULL,,3,1,2,7,255,955,250,0,0
stim,43993,74114,1,74114,3271439.455,-0.536,-0.046,0.071,0.840,2719,249,1318,2835,2391,2461,1023,2639,57,1.340,1,2104,1,29.447,1.391,-1.688,-19.500,-22.000,-0.125,0.160,1.027,-1.309,-0.473,0.383,0.030,0.022,1.370,1.407,2,NULL,NULL,,3,1,2,7,255,955,250,0,0
stim,44029,74150,1,74150,3271444.453,-0.537,-0.045,0.070,0.839,2679,253,1459,2823,2437,2471,1149,2657,57,1.340,1,2104,1,30.556,1.329,-5.563,-18.563,-23.625,-0.133,0.098,1.016,-1.309,-0.234,0.383,0.036,0.028,1.370,1.407,2,NULL,NULL,,3,1,2,7,255,955,250,0,0
stim,44029,74150,1,74150,3271449.455,-0.538,-0.045,0.069,0.839,2632,267,1621,2797,2478,2476,1263,2671,57,1.340,1,2104,1,32.822,0.699,-8.750,-18.375,-25.750,-0.156,0.027,1.000,-0.695,-0.074,0.258,0.042,0.032,1.370,1.407,2,NULL,NULL,,3,1,2,7,255,955,250,0,0
stim,44029,74150,1,74150,3271454.454,-0.539,-0.045,0.068,0.838,2583,277,1740,2779,2519,2484,1398,2687,57,1.340,1,2104,1,37.710,0.077,-10.313,-17.875,-31.563,-0.172,0.027,0.992,0.020,-0.074,0.117,0.048,0.038,1.370,1.407,2,NULL,NULL,,3,1,2,7,255,955,250,0,0
stim,44029,74150,1,74150,3271459.455,-0.541,-0.044,0.067,0.837,2523,301,1851,2751,2557,2486,1480,2709,57,1.340,1,2104,1,45.009,0.224,-10.688,-18.875,-39.438,-0.180,0.023,0.992,0.086,-0.207,0.066,0.052,0.040,1.370,1.407,2,NULL,NULL,,3,1,2,7,255,955,250,0,0
stim,44029,74150,1,74150,3271464.454,-0.542,-0.044,0.066,0.836,2447,298,1951,2719,2599,2489,1605,2725,57,1.340,1,2104,1,49.494,0.255,-14.375,-19.438,-43.188,-0.160,-0.008,1.020,0.148,-0.207,0.066,0.054,0.042,1.370,1.407,2,NULL,NULL,,3,1,2,7,255,955,250,0,0
stim,44029,74150,1,74150,3271469.455,-0.544,-0.044,0.065,0.835,2381,318,2063,2680,2633,2495,1717,2739,57,1.340,1,2104,1,55.459,0.290,-22.438,-19.813,-46.688,-0.156,-0.035,1.047,0.289,0.023,0.281,0.054,0.044,1.370,1.407,2,NULL,NULL,,3,1,2,7,255,955,250,0,0
stim,44029,74150,1,74150,3271474.454,-0.546,-0.044,0.063,0.834,2309,344,2195,2652,2665,2491,1816,2744,57,1.340,1,2104,1,66.781,0.520,-37.125,-21.625,-51.125,-0.176,-0.055,1.090,0.512,0.094,0.547,0.054,0.042,1.370,1.407,2,NULL,NULL,,3,1,2,7,255,955,250,0,0
stim,44029,74150,1,74150,3271479.455,-0.548,-0.045,0.060,0.833,2221,346,2285,2607,2697,2507,1917,2769,57,1.340,1,2104,1,78.912,0.551,-52.188,-22.188,-54.875,-0.172,-0.039,1.051,0.543,0.094,0.609,0.050,0.040,1.370,1.407,2,NULL,NULL,,3,1,2,7,255,955,250,0,0
stim,44052,74173,1,74173,3271484.454,-0.550,-0.045,0.057,0.832,2127,355,2375,2567,2727,2505,2017,2787,57,1.340,1,2104,1,83.162,0.549,-55.938,-22.250,-57.375,-0.129,-0.008,0.949,0.543,0.078,0.609,0.048,0.038,1.370,1.407,2,NULL,NULL,,3,1,2,7,255,955,250,0,0
stim,44052,74173,1,74173,3271489.455,-0.552,-0.046,0.055,0.831,2037,359,2457,2507,2751,2504,2101,2800,57,1.340,1,2104,0,76.330,0.441,-48.688,-24.500,-53.438,-0.094,-0.063,0.910,0.434,0.078,-0.445,0.044,0.036,1.370,1.407,2,NULL,NULL,,3,1,2,7,255,955,250,0,0
stim,44052,74173,1,74173,3271494.454,-0.553,-0.046,0.052,0.830,1935,354,2525,2443,2773,2504,2185,2822,57,1.340,1,2104,0,66.613,0.671,-40.563,-26.438,-45.750,-0.102,-0.117,0.949,0.434,0.512,-0.473,0.042,0.036,1.370,1.407,2,NULL,NULL,,3,1,2,7,255,955,250,0,0
stim,44052,74173,1,74173,3271499.455,-0.555,-0.046,0.050,0.829,1809,337,2584,2359,2797,2509,2255,2841,57,1.340,1,2104,0,61.405,1.000,-35.313,-27.750,-41.875,-0.133,-0.105,0.992,0.859,0.512,-0.473,0.040,0.036,1.370,1.407,2,NULL,NULL,,3,1,2,7,255,955,250,0,0
stim,44074,74195,1,74195,3271504.454,-0.556,-0.046,0.048,0.828,1635,339,2623,2258,2827,2509,2323,2855,57,1.340,1,2104,0,64.524,0.924,-39.250,-30.688,-41.000,-0.172,-0.086,1.055,0.859,0.340,0.008,0.038,0.036,1.370,1.407,2,NULL,NULL,,3,1,2,7,255,955,250,0,0
stim,44074,74195,1,74195,3271509.455,-0.558,-0.046,0.045,0.827,1429,315,2671,2139,2847,2509,2393,2867,57,1.340,1,2104,0,73.620,0.780,-45.125,-31.250,-49.063,-0.152,-0.035,1.043,0.777,-0.059,0.504,0.036,0.036,1.370,1.407,2,NULL,NULL,,3,1,2,7,255,955,250,0,0
stim,44074,74195,1,74195,3271514.453,-0.560,-0.046,0.043,0.826,1237,307,2713,2003,2863,2507,2451,2875,57,1.340,1,2104,0,71.043,0.234,-41.313,-32.563,-47.750,-0.082,-0.004,0.977,0.227,-0.059,0.504,0.036,0.036,1.370,1.407,2,NULL,NULL,,3,1,2,7,255,955,250,0,0
stim,44074,74195,1,74195,3271519.455,-0.561,-0.045,0.041,0.826,1059,275,2749,1851,2877,2509,2495,2888,57,1.340,1,2104,0,61.235,0.404,-31.500,-33.500,-40.438,-0.078,0.008,1.012,-0.305,0.266,0.117,0.034,0.034,1.370,1.407,2,NULL,NULL,,3,1,2,7,255,955,250,0,0
stim,44074,74195,1,74195,3271524.454,-0.562,-0.045,0.039,0.825,846,248,2792,1636,2903,2491,2551,2899,57,1.340,1,2104,0,57.344,0.404,-29.250,-35.188,-34.563,-0.102,-0.008,1.059,-0.305,0.266,0.117,0.034,0.034,1.370,1.407,2,NULL,NULL,,3,1,2,7,255,955,250,0,0
stim,44074,74195,1,74195,3271529.455,-0.563,-0.044,0.037,0.824,583,184,2833,1383,2918,2486,2605,2915,57,1.340,1,2104,0,57.387,0.282,-29.313,-36.563,-33.125,-0.133,-0.035,1.078,-0.262,0.105,0.609,0.032,0.034,1.370,1.407,2,NULL,NULL,,3,1,2,7,255,955,250,0,0
stim,44126,74247,1,74247,3271534.454,-0.565,-0.043,0.034,0.824,381,149,2852,1167,2931,2476,2638,2919,57,1.340,1,2104,0,57.180,0.114,-28.625,-38.938,-30.563,-0.086,-0.043,1.043,-0.043,0.105,0.609,0.032,0.032,1.370,1.407,2,NULL,NULL,,3,1,2,7,255,955,250,0,0
stim,44126,74247,1,74247,3271539.455,-0.566,-0.043,0.032,0.823,231,91,2870,919,2953,2467,2671,2927,57,1.340,1,2104,0,54.893,0.269,-24.250,-40.250,-28.375,-0.078,-0.074,1.000,0.063,0.262,0.461,0.030,0.032,1.370,1.407,2,NULL,NULL,,3,1,2,7,255,955,250,0,0
stim,44126,74247,0,74247,3271544.453,-0.566,-0.041,0.031,0.823,94,31,2891,645,2966,2453,2696,2941,57,1.340,1,2104,0,51.756,0.435,-16.750,-43.938,-21.625,-0.070,-0.074,1.016,0.227,0.371,0.172,0.030,0.032,1.370,1.407,2,NULL,NULL,,3,0,2,7,255,953,250,0,0
stim,44126,74247,0,74247,3271549.455,-0.567,-0.040,0.029,0.822,35,21,2905,461,2975,2421,2723,2943,57,1.340,1,2104,0,51.962,0.435,-11.250,-47.500,-17.813,-0.090,-0.016,1.051,0.227,0.371,0.172,0.030,0.032,1.370,1.407,2,NULL,NULL,,3,0,2,7,255,953,250,0,0
stim,44126,74247,0,74247,3271554.454,-0.568,-0.038,0.028,0.822,9,0,2925,309,2991,2398,2761,2952,57,1.340,1,2104,0,54.609,0.291,-6.750,-50.750,-19.000,-0.063,0.086,1.078,-0.289,0.031,0.523,0.028,0.032,1.370,1.407,2,NULL,NULL,,3,0,2,7,255,953,250,0,0
stim,44126,74247,0,74247,3271559.455,-0.568,-0.036,0.026,0.822,0,0,2939,235,3001,2365,2783,2959,57,1.340,1,2104,0,58.279,1.306,-5.125,-53.875,-21.625,-0.090,0.098,1.074,-1.301,-0.121,0.719,0.028,0.038,1.370,1.407,2,NULL,NULL,,3,0,2,7,255,953,250,0,0
stim,44126,74247,0,74247,3271564.453,-0.569,-0.034,0.025,0.822,0,0,2939,210,3019,2344,2812,2972,57,1.340,1,2104,0,68.316,1.372,24.750,-63.438,-5.500,-0.336,-0.102,1.223,-1.301,-0.438,0.746,0.026,0.044,1.370,1.407,2,NULL,NULL,,3,0,2,7,255,953,250,0,0
stim,44126,74247,0,74247,3271569.455,-0.569,-0.030,0.026,0.822,0,0,2955,163,3031,2316,2839,2979,57,1.340,1,2104,0,94.587,2.358,56.625,-75.750,-1.500,-0.484,-0.145,1.559,1.344,-1.938,2.434,0.028,0.054,1.370,1.407,2,NULL,NULL,,3,0,2,7,255,953,250,0,0
stim,44126,74247,0,74247,3271574.454,-0.569,-0.026,0.026,0.821,0,0,2951,112,3035,2271,2857,2983,57,1.340,1,2104,0,100.326,3.135,51.250,-85.063,-14.250,-0.402,0.051,1.828,1.344,-2.832,5.836,0.030,0.060,1.370,1.407,3,NULL,NULL,,3,0,2,7,255,953,250,0,0
stim,44126,74247,0,74247,3271579.455,-0.570,-0.023,0.023,0.821,0,0,2952,97,3043,2229,2884,2981,57,1.340,1,2104,0,92.409,2.833,-26.750,-86.563,-18.188,-0.070,0.211,1.637,0.063,-2.832,6.215,0.032,0.062,1.370,1.407,3,NULL,NULL,,3,0,2,7,255,953,250,0,0
stim,44158,74279,0,74279,3271584.453,-0.570,-0.021,0.018,0.821,0,0,2955,57,3044,2173,2891,2975,57,1.340,1,2104,0,107.157,2.020,-62.000,-87.375,2.063,0.016,0.137,1.246,-1.938,-0.570,6.215,0.036,0.064,1.370,1.407,3,NULL,NULL,,3,0,2,7,255,953,250,0,0
stim,44158,74279,0,74279,3271589.455,-0.568,-0.019,0.015,0.823,0,0,2957,9,3054,2109,2920,2989,57,1.340,1,2104,0,112.474,2.020,-37.188,-96.938,43.250,-0.070,0.148,1.113,-1.938,-0.570,2.336,0.042,0.070,1.370,1.407,3,NULL,NULL,,3,0,2,7,255,953,250,0,0
stim,44158,74279,0,74279,3271594.454,-0.566,-0.015,0.012,0.824,0,0,2952,0,3067,2015,2927,2979,57,1.340,1,2104,0,117.856,1.885,-8.813,-104.125,54.500,-0.246,0.152,1.176,-1.688,-0.840,1.770,0.048,0.076,1.370,1.407,3,NULL,NULL,,3,0,2,7,255,953,250,0,0
stim,44158,74279,0,74279,3271599.455,-0.565,-0.011,0.010,0.825,0,0,2951,0,3068,1899,2937,2984,57,1.340,1,2104,0,116.670,2.756,-1.625,-110.188,38.313,-0.336,0.066,1.289,-1.082,-2.535,1.770,0.056,0.084,1.370,1.407,3,NULL,NULL,,3,0,2,7,255,953,250,0,0
stim,44158,74279,0,74279,3271604.454,-0.564,-0.008,0.007,0.826,0,0,2940,0,3068,1797,2955,2979,57,1.340,1,2104,0,118.074,2.535,-7.000,-115.500,23.500,-0.297,-0.039,1.355,0.027,-2.535,2.895,0.066,0.094,1.370,1.407,3,NULL,NULL,,3,0,2,7,255,953,250,0,0
stim,44158,74279,0,74279,3271609.455,-0.563,-0.004,0.003,0.827,0,0,2937,0,3093,1657,2969,2981,57,1.340,1,2104,0,124.406,2.666,-19.688,-120.875,21.875,-0.223,-0.105,1.328,0.883,-2.516,3.238,0.074,0.102,1.370,1.407,3,NULL,NULL,,3,0,2,7,255,953,250,0,0
stim,44178,74299,0,74299,3271614.453,-0.562,-0.000,-0.001,0.827,0,0,2939,0,3089,1491,2972,2971,57,1.340,1,2104,0,132.048,2.134,-25.813,-126.438,28.000,-0.191,-0.129,1.250,1.266,-1.719,3.238,0.084,0.112,1.370,1.407,3,NULL,NULL,,3,0,2,7,255,953,250,0,0
stim,44178,74299,0,74299,3271619.455,-0.560,0.004,-0.005,0.828,0,0,2921,0,3087,1299,2976,2967,57,1.340,1,2104,0,138.465,2.137,-24.000,-132.063,34.000,-0.207,-0.102,1.203,1.270,-1.719,2.480,0.096,0.124,1.370,1.407,3,NULL,NULL,,3,0,2,7,255,953,250,0,0
stim,44178,74299,0,74299,3271624.454,-0.559,0.008,-0.009,0.829,0,0,2907,0,3091,1080,2984,2953,57,1.340,1,2104,0,143.294,2.242,-18.688,-138.125,33.250,-0.234,-0.066,1.172,1.270,-1.848,2.000,0.106,0.136,1.370,1.407,3,NULL,NULL,,3,0,2,7,255,953,250,0,0
stim,44178,74299,0,74299,3271629.455,-0.558,0.013,-0.013,0.830,0,0,2902,0,3096,844,2998,2941,57,1.340,1,2104,0,147.925,2.647,-10.813,-144.750,28.500,-0.250,-0.070,1.156,1.230,-2.344,1.641,0.118,0.148,1.370,1.407,3,NULL,NULL,,3,0,2,7,255,953,250,0,0
stim,44223,74344,0,74344,3271634.453,-0.557,0.018,-0.016,0.830,0,0,2874,0,3109,635,3001,2938,57,1.340,1,2104,0,154.166,2.748,-5.375,-152.250,23.625,-0.238,-0.109,1.164,1.230,-2.457,1.523,0.130,0.160,1.370,1.407,3,NULL,NULL,,3,0,2,7,255,953,250,0,0
stim,44223,74344,0,74344,3271639.455,-0.555,0.023,-0.020,0.831,0,0,2843,0,3100,495,3022,2915,57,1.340,1,2104,0,160.881,2.922,0.188,-159.688,19.563,-0.207,-0.141,1.160,1.582,-2.457,1.480,0.140,0.174,1.370,1.407,3,NULL,NULL,,3,0,2,7,255,953,250,0,0
stim,44223,74344,0,74344,3271644.454,-0.554,0.029,-0.024,0.831,0,0,2811,0,3097,331,3018,2904,57,1.340,1,2104,0,167.181,2.703,5.000,-165.875,20.250,-0.145,-0.129,1.156,1.582,-2.191,1.480,0.150,0.186,1.370,1.407,3,NULL,NULL,,3,0,2,7,255,953,250,0,0
stim,44223,74344,0,74344,3271649.455,-0.553,0.035,-0.028,0.832,0,0,2777,0,3099,133,3031,2872,57,1.340,1,2104,0,175.839,2.652,12.000,-173.250,27.563,-0.152,-0.125,1.207,1.617,-2.102,1.480,0.162,0.198,1.370,1.407,3,NULL,NULL,,3,0,2,7,255,953,250,0,0
stim,44223,74344,0,74344,3271654.454,-0.551,0.042,-0.031,0.833,0,0,2742,0,3107,75,3030,2842,57,1.340,1,2104,0,185.850,2.614,14.438,-182.688,30.938,-0.176,-0.051,1.285,1.555,-2.102,1.871,0.172,0.212,1.370,1.407,3,NULL,NULL,,3,0,2,7,255,953,250,0,0
stim,44223,74344,0,74344,3271659.455,-0.550,0.049,-0.035,0.833,0,0,2681,0,3103,24,3043,2815,57,1.340,1,2104,0,190.958,3.046,17.313,-188.563,24.688,-0.180,0.109,1.359,1.102,-2.840,2.551,0.186,0.228,1.370,1.407,3,NULL,NULL,,3,0,2,7,255,953,250,0,0
stim,44223,74344,0,74344,3271664.453,-0.549,0.057,-0.039,0.833,0,0,2620,0,3099,0,3029,2761,57,1.340,1,2104,0,199.637,3.739,18.625,-197.313,24.000,-0.184,0.199,1.492,-0.195,-3.734,3.164,0.200,0.242,1.370,1.407,3,NULL,NULL,,3,0,2,7,255,953,250,0,0
stim,44223,74344,0,74344,3271669.455,-0.547,0.065,-0.044,0.833,0,0,2543,0,3101,0,3035,2717,57,1.340,1,2104,0,208.922,4.541,15.625,-207.375,20.000,-0.266,0.230,1.691,-0.637,-4.496,4.352,0.216,0.260,1.370,1.407,3,NULL,NULL,,3,0,2,7,255,953,250,0,0
stim,44247,74368,0,74368,3271674.454,-0.546,0.073,-0.049,0.833,0,0,2447,0,3081,0,3028,2659,57,1.340,1,2104,0,218.881,5.921,6.125,-218.438,12.500,-0.332,0.250,1.930,-0.637,-5.887,6.086,0.238,0.280,1.370,1.407,3,NULL,NULL,,3,0,2,7,255,953,250,0,0
stim,44247,74368,0,74368,3271679.455,-0.545,0.081,-0.055,0.833,0,0,2345,0,3079,0,3037,2605,57,1.340,1,2104,0,235.427,7.231,-17.750,-234.313,14.438,-0.418,0.211,2.211,-0.348,-7.223,8.152,0.262,0.306,1.370,1.407,3,NULL,NULL,,3,0,2,7,255,953,250,0,0
stim,44247,74368,0,74368,3271684.453,-0.543,0.089,-0.063,0.832,0,0,2215,0,3056,7,3020,2531,57,1.340,1,2104,0,256.334,8.732,-39.688,-252.938,12.438,-0.566,0.234,2.371,0.613,-8.711,10.582,0.294,0.336,1.370,1.407,3,NULL,NULL,,3,0,2,7,255,953,250,0,0
stim,44247,74368,0,74368,3271689.455,-0.542,0.098,-0.071,0.832,0,0,2068,0,3049,47,3019,2423,57,1.340,1,2104,0,284.214,10.892,-50.938,-279.125,16.500,-0.613,0.457,2.457,0.613,-10.875,11.602,0.332,0.374,1.370,1.407,3,NULL,NULL,,3,0,2,7,255,953,250,0,0
stim,44247,74368,0,74368,3271694.454,-0.540,0.107,-0.081,0.831,0,0,1901,0,3030,61,2999,2315,57,1.340,1,2104,0,313.093,12.884,-73.750,-303.750,18.000,-0.645,0.742,2.520,-0.484,-12.875,11.938,0.378,0.418,1.370,1.407,3,NULL,NULL,,3,0,2,7,255,953,250,0,0
stim,44247,74368,0,74368,3271699.455,-0.539,0.116,-0.092,0.829,0,0,1768,0,2999,69,2966,2168,57,1.340,1,2104,0,341.529,15.225,-92.250,-328.563,13.375,-0.656,0.891,2.598,-2.762,-14.973,11.938,0.432,0.472,1.370,1.407,3,NULL,NULL,,3,0,2,7,255,953,250,0,0
stim,44268,74389,0,74389,3271704.453,-0.537,0.126,-0.105,0.827,0,0,1646,0,2971,73,2927,2019,57,1.340,1,2104,0,372.319,16.965,-122.563,-351.563,1.938,-0.660,0.918,2.672,-3.945,-16.500,12.121,0.494,0.534,1.370,1.407,3,NULL,NULL,,3,0,2,7,255,953,250,0,0
stim,44268,74389,0,74389,3271709.455,-0.536,0.136,-0.119,0.825,0,0,1559,0,2920,70,2897,1863,57,1.340,1,2104,0,399.487,18.060,-143.188,-372.938,-2.125,-0.672,1.039,2.738,-4.078,-17.594,12.121,0.564,0.602,1.370,1.407,3,NULL,NULL,,3,0,2,7,255,953,250,0,0
stim,44268,74389,0,74389,3271714.453,-0.535,0.147,-0.134,0.821,0,0,1439,0,2871,67,2828,1736,57,1.340,1,2104,0,423.239,19.553,-155.563,-393.500,-9.438,-0.836,1.016,2.840,-4.176,-19.102,12.121,0.642,0.678,1.370,1.407,3,NULL,NULL,,3,0,2,7,255,953,250,0,0
stim,44268,74389,0,74389,3271719.455,-0.534,0.158,-0.149,0.817,0,0,1355,0,2807,57,2747,1577,57,1.340,1,2104,0,449.329,21.948,-161.313,-418.625,-25.063,-0.902,0.820,2.988,-4.176,-21.547,12.121,0.728,0.762,1.370,1.407,3,NULL,NULL,,3,0,2,7,255,953,250,0,0
stim,44291,74412,0,74412,3271724.454,-0.532,0.170,-0.166,0.813,0,0,1215,0,2719,29,2621,1417,57,1.340,1,2104,0,477.526,22.883,-171.250,-445.000,-26.063,-1.020,0.613,3.047,-2.070,-22.789,11.734,0.822,0.856,1.370,1.407,3,NULL,NULL,,3,0,2,7,255,953,250,0,0
stim,44291,74412,0,74412,3271729.455,-0.531,0.182,-0.183,0.807,0,0,1042,0,2603,0,2463,1237,57,1.340,1,2104,0,495.484,24.146,-182.625,-458.500,-43.938,-0.996,0.762,3.098,-1.250,-24.113,11.402,0.922,0.956,1.370,1.407,3,NULL,NULL,,3,0,2,7,255,953,250,0,0
stim,44291,74412,0,74412,3271734.453,-0.530,0.195,-0.200,0.800,0,0,887,0,2451,0,2248,1059,57,1.340,1,2104,0,512.137,25.599,-189.063,-471.563,-64.563,-0.945,0.551,3.152,0.234,-25.598,10.703,1.028,1.062,1.370,1.407,3,NULL,NULL,,3,0,2,7,255,953,250,0,0
stim,44291,74412,0,74412,3271739.455,-0.530,0.208,-0.217,0.793,0,0,681,0,2249,0,1945,901,57,1.340,1,2104,0,527.013,25.601,-197.688,-483.625,-69.063,-0.746,0.305,3.145,0.426,-25.598,10.703,1.138,1.172,1.370,1.407,3,NULL,NULL,,3,0,2,7,255,953,250,0,0
stim,44328,74449,0,74449,3271744.454,-0.527,0.220,-0.237,0.786,0,0,491,0,2005,0,1625,767,57,1.340,1,2104,0,556.173,24.325,-232.500,-504.375,-29.625,-0.695,-0.250,2.730,1.863,-24.254,10.586,1.250,1.284,1.370,1.407,3,NULL,NULL,,3,0,2,7,255,953,250,0,0
stim,44328,74449,0,74449,3271749.455,-0.523,0.232,-0.258,0.779,0,0,283,0,1705,0,1131,622,57,1.340,1,2104,0,577.269,21.606,-244.938,-522.563,13.188,-0.496,-0.477,2.020,6.336,-20.656,7.609,1.358,1.394,1.370,1.407,3,NULL,NULL,,3,0,2,7,255,953,250,0,0
stim,44328,74449,0,74449,3271754.454,-0.518,0.245,-0.276,0.772,0,0,179,0,1405,0,535,475,57,1.340,1,2104,0,565.981,16.442,-184.250,-535.000,12.688,-0.492,-0.473,1.395,6.785,-14.977,2.914,1.462,1.498,1.370,1.407,3,NULL,NULL,,3,0,2,7,255,953,250,0,0
stim,44328,74449,0,74449,3271759.455,-0.511,0.261,-0.291,0.766,0,0,100,0,1047,0,152,415,57,1.340,1,2104,0,550.472,14.695,-79.625,-544.375,18.313,-0.453,-0.137,1.492,6.785,-13.035,-2.238,1.558,1.598,1.370,1.407,3,NULL,NULL,,3,0,2,7,255,953,250,0,0
stim,44328,74449,0,74449,3271764.453,-0.502,0.278,-0.304,0.760,0,0,60,0,509,0,0,345,57,1.340,1,2104,0,542.536,13.558,-2.188,-541.438,34.438,-0.613,0.277,2.172,3.730,-13.035,-2.238,1.652,1.692,1.370,1.407,3,NULL,NULL,,3,0,2,7,255,953,250,0,0
stim,44328,74449,0,74449,3271769.455,-0.490,0.294,-0.319,0.756,0,0,22,0,100,0,0,261,57,1.340,1,2104,0,566.747,20.531,-34.500,-550.938,128.375,-1.125,0.418,2.480,2.395,-20.391,-2.574,1.746,1.788,1.370,1.407,3,NULL,NULL,,3,0,2,7,255,953,250,0,0
stim,44328,74449,0,74449,3271774.454,-0.477,0.307,-0.337,0.752,0,0,20,0,0,0,0,159,57,1.340,1,2104,0,600.131,26.360,-118.563,-557.938,186.563,-1.438,0.672,2.246,1.297,-26.328,-3.992,1.852,1.894,1.370,1.407,3,NULL,NULL,,3,0,2,7,255,953,250,0,0
stim,44328,74449,0,74449,3271779.455,-0.467,0.318,-0.356,0.745,0,0,8,0,0,0,0,77,57,1.340,1,2104,0,580.712,26.358,-186.313,-531.500,141.500,-1.379,1.074,1.754,1.250,-26.328,-9.617,1.968,2.012,1.370,1.407,4,NULL,NULL,,3,0,2,7,255,953,250,0,0
stim,44351,74472,0,74472,3271784.453,-0.460,0.326,-0.375,0.736,0,0,7,0,0,0,0,34,57,1.340,1,2104,0,542.882,23.967,-254.813,-473.688,73.563,-0.902,1.602,1.320,-3.012,-23.777,-14.102,2.090,2.134,1.370,1.407,0,NULL,NULL,,3,0,2,7,255,953,250,0,0
stim,44351,74472,0,74472,3271789.455,-0.455,0.330,-0.396,0.726,0,0,9,0,0,0,0,45,57,1.340,1,2104,0,536.413,21.719,-363.250,-385.563,84.438,-0.820,1.727,0.816,-10.027,-19.266,-14.879,2.212,2.256,1.370,1.407,0,NULL,NULL,,3,0,2,7,255,953,250,0,0
stim,44351,74472,0,74472,3271794.454,-0.454,0.329,-0.416,0.716,0,0,9,0,0,0,0,51,57,1.340,1,2104,0,513.276,18.483,-420.500,-285.625,71.063,-0.438,1.434,0.027,-11.477,-14.488,-17.715,2.324,2.368,1.370,1.407,0,NULL,NULL,,3,0,2,7,255,953,250,0,0
stim,44351,74472,0,74472,3271799.455,-0.453,0.329,-0.427,0.710,0,0,4,0,0,0,0,47,57,1.340,1,2104,0,298.558,12.486,-242.875,-172.563,19.250,-0.453,0.293,-0.094,-11.477,-4.918,-17.715,2.416,2.460,1.370,1.407,0,NULL,NULL,,3,0,2,7,255,953,250,0,0
stim,44374,74495,0,74495,3271804.453,-0.452,0.330,-0.431,0.708,0,0,0,0,0,0,0,59,57,1.340,1,2104,0,121.501,5.045,-68.500,-98.438,19.500,-0.793,-0.668,0.852,-1.125,-4.918,-14.902,2.484,2.526,1.370,1.407,0,NULL,NULL,,3,0,2,7,255,953,250,0,0
stim,44374,74495,0,74495,3271809.455,-0.453,0.328,-0.435,0.706,0,0,0,0,0,0,0,67,57,1.340,1,2104,0,98.288,13.087,-97.563,-11.875,-1.000,-1.035,-0.660,1.527,9.289,-9.219,-10.988,2.538,2.580,1.370,1.407,0,NULL,NULL,,3,0,2,7,255,953,250,0,0
stim,44374,74495,0,74495,3271814.453,-0.459,0.322,-0.439,0.702,0,0,0,0,0,0,0,60,57,1.340,1,2104,0,238.704,14.798,-222.375,80.875,-31.438,-0.941,0.004,0.902,9.289,-11.520,-10.988,2.588,2.632,1.370,1.407,0,NULL,NULL,,3,0,2,7,255,953,250,0,0
stim,44374,74495,0,74495,3271819.455,-0.466,0.313,-0.443,0.699,0,0,0,0,0,0,0,39,57,1.340,1,2104,0,273.873,12.035,-226.813,152.500,-17.500,-0.734,0.871,-0.223,3.484,-11.520,-14.191,2.644,2.686,1.370,1.407,0,NULL,NULL,,3,0,2,7,255,953,250,0,0
stim,44374,74495,0,74495,3271824.454,-0.471,0.305,-0.442,0.700,0,0,0,0,0,0,0,12,57,1.340,1,2104,0,217.604,5.725,-96.875,194.625,9.375,-0.789,1.250,-0.445,-5.367,-1.992,-19.715,2.694,2.738,1.370,1.407,0,NULL,NULL,,3,0,2,7,255,953,250,0,0
stim,44374,74495,0,74495,3271829.455,-0.475,0.299,-0.437,0.703,0,0,0,0,0,0,0,11,57,1.340,1,2104,0,219.745,5.997,8.000,219.438,-8.438,-1.063,1.027,0.250,-5.656,-1.992,-20.941,2.734,2.778,1.370,1.407,0,NULL,NULL,,3,0,2,7,255,953,250,0,0
stim,44427,74548,0,74548,3271834.453,-0.481,0.293,-0.432,0.705,0,0,0,0,0,0,0,8,57,1.340,1,2104,0,241.728,9.718,1.813,239.938,-29.313,-0.801,0.164,0.684,-5.656,-7.902,-20.941,2.770,2.814,1.370,1.407,0,NULL,NULL,,3,0,2,7,255,953,250,0,0
stim,44427,74548,0,74548,3271839.455,-0.486,0.284,-0.428,0.707,0,0,0,0,0,0,0,4,57,1.340,1,2104,0,255.471,7.978,-48.875,250.563,9.750,-0.637,-0.086,0.520,1.094,-7.902,-13.852,2.806,2.850,1.370,1.407,0,NULL,NULL,,3,0,2,7,255,953,250,0,0
stim,44427,74548,0,74548,3271844.454,-0.490,0.274,-0.425,0.710,0,0,0,0,0,0,0,5,57,1.340,1,2104,0,266.972,7.309,-67.563,254.688,42.938,-0.742,0.320,0.094,1.094,-7.227,-13.852,2.842,2.888,1.370,1.407,0,NULL,NULL,,3,0,2,7,255,953,250,0,0
stim,44427,74548,0,74548,3271849.455,-0.495,0.264,-0.421,0.713,0,0,0,0,0,0,0,7,57,1.340,1,2104,0,261.226,4.682,-33.813,255.813,40.688,-0.746,0.563,-0.203,-0.359,-4.668,-16.320,2.878,2.922,1.370,1.407,0,NULL,NULL,,3,0,2,7,255,953,250,0,0
stim,44427,74548,0,74548,3271854.454,-0.498,0.256,-0.415,0.717,0,0,0,0,0,0,0,4,57,1.340,1,2104,0,258.558,3.252,15.875,255.000,39.688,-0.598,0.465,-0.199,-1.977,-2.582,-17.020,2.908,2.954,1.370,1.407,0,NULL,NULL,,3,0,2,7,255,953,250,0,0
stim,44427,74548,0,74548,3271859.455,-0.501,0.248,-0.409,0.722,0,0,0,0,0,0,0,5,57,1.340,1,2104,0,267.077,3.084,42.250,257.563,56.625,-0.488,0.344,-0.078,-1.977,-2.367,-17.020,2.932,2.978,1.370,1.407,0,NULL,NULL,,3,0,2,7,255,953,250,0,0
stim,44452,74573,0,74573,3271864.453,-0.503,0.240,-0.402,0.727,0,0,0,0,0,0,0,2,57,1.340,1,2104,0,277.309,2.852,52.813,262.625,71.688,-0.539,0.391,-0.012,-1.590,-2.367,-15.223,2.954,3.000,1.370,1.407,0,NULL,NULL,,3,0,2,7,255,953,250,0,0
stim,44452,74573,0,74573,3271869.455,-0.505,0.232,-0.394,0.732,0,0,0,0,0,0,0,0,57,1.340,1,2104,0,284.412,3.697,67.688,267.500,68.938,-0.570,0.391,0.027,-1.500,-3.379,-15.172,2.976,3.020,1.370,1.407,0,NULL,NULL,,3,0,2,7,255,953,250,0,0
stim,44452,74573,0,74573,3271874.454,-0.507,0.224,-0.386,0.737,0,0,0,0,0,0,0,0,57,1.340,1,2104,0,292.768,4.265,88.438,271.625,64.125,-0.523,0.297,0.133,-1.500,-3.992,-15.172,2.996,3.042,1.370,1.407,0,NULL,NULL,,3,0,2,7,255,953,250,0,0
stim,44452,74573,0,74573,3271879.455,-0.509,0.216,-0.377,0.743,0,0,0,0,0,0,0,0,57,1.340,1,2104,0,301.837,4.637,102.313,275.875,67.313,-0.473,0.230,0.285,-0.891,-4.551,-13.801,3.018,3.064,1.370,1.407,0,NULL,NULL,,3,0,2,7,255,953,250,0,0
stim,44452,74573,0,74573,3271884.453,-0.510,0.208,-0.368,0.749,0,0,0,0,0,0,0,0,57,1.340,1,2104,0,308.719,5.468,105.563,281.938,68.375,-0.473,0.258,0.438,-0.891,-5.395,-12.180,3.044,3.090,1.370,1.407,0,NULL,NULL,,3,0,2,7,255,953,250,0,0
stim,44452,74573,0,74573,3271889.455,-0.512,0.200,-0.359,0.754,0,0,0,0,0,0,0,0,57,1.340,1,2104,0,313.662,6.746,105.125,288.313,64.875,-0.453,0.293,0.531,-1.000,-6.672,-11.191,3.070,3.118,1.370,1.407,0,NULL,NULL,,3,0,2,7,255,953,250,0,0
stim,44452,74573,0,74573,3271894.454,-0.514,0.192,-0.349,0.760,0,0,0,0,0,0,0,0,57,1.340,1,2104,0,320.031,7.462,107.563,295.125,61.250,-0.438,0.293,0.629,-1.430,-7.324,-10.414,3.102,3.150,1.370,1.407,0,NULL,NULL,,3,0,2,7,255,953,250,0,0
stim,44452,74573,0,74573,3271899.455,-0.516,0.184,-0.339,0.765,0,0,0,0,0,0,0,0,57,1.340,1,2104,0,325.705,8.088,106.813,302.438,56.625,-0.441,0.273,0.738,-1.512,-7.945,-9.480,3.138,3.184,1.370,1.407,0,NULL,NULL,,3,0,2,7,255,953,250,0,0
stim,44471,74592,0,74592,3271904.453,-0.519,0.175,-0.329,0.770,0,0,0,0,0,0,0,0,57,1.340,1,2104,0,330.585,8.822,101.688,310.688,49.188,-0.453,0.246,0.832,-1.512,-8.691,-8.445,3.174,3.222,1.370,1.407,0,NULL,NULL,,3,0,2,7,255,953,250,0,0
stim,44471,74592,0,74592,3271909.455,-0.522,0.166,-0.318,0.774,0,0,0,0,0,0,0,0,57,1.340,1,2104,0,334.817,9.421,93.938,319.063,38.438,-0.461,0.258,0.902,-1.500,-9.301,-7.547,3.214,3.262,1.370,1.407,0,NULL,NULL,,3,0,2,7,255,953,250,0,0
stim,44471,74592,0,74592,3271914.453,-0.525,0.157,-0.308,0.778,0,0,0,0,0,0,0,3,57,1.340,1,2104,0,339.435,9.903,85.313,327.563,25.313,-0.445,0.266,0.941,-1.500,-9.789,-6.871,3.256,3.304,1.370,1.407,0,NULL,NULL,,3,0,2,7,255,953,250,0,0
stim,44471,74592,0,74592,3271919.455,-0.529,0.147,-0.298,0.781,0,0,0,0,0,0,0,1,57,1.340,1,2104,0,345.752,9.909,78.813,336.313,15.063,-0.402,0.219,0.941,-1.535,-9.789,-6.238,3.300,3.348,1.370,1.407,0,NULL,NULL,,3,0,2,7,255,953,250,0,0
stim,44493,74614,0,74614,3271924.454,-0.533,0.137,-0.287,0.784,0,0,0,0,0,0,0,1,57,1.340,1,2104,0,353.451,9.415,75.625,345.125,9.875,-0.375,0.168,0.906,-1.535,-9.289,-5.563,3.346,3.394,1.370,1.407,0,NULL,NULL,,3,0,2,7,255,953,250,0,0
stim,44493,74614,0,74614,3271929.455,-0.537,0.127,-0.276,0.787,0,0,0,0,0,0,0,4,57,1.340,1,2104,0,362.577,8.705,78.063,354.063,2.875,-0.406,0.184,0.871,-1.258,-8.613,-5.484,3.390,3.438,1.370,1.407,0,NULL,NULL,,3,0,2,7,255,953,250,0,0
stim,44532,74653,0,74653,3271934.453,-0.541,0.116,-0.265,0.789,0,0,0,0,0,0,0,5,57,1.340,1,2104,0,371.737,8.657,85.438,361.688,-8.438,-0.391,0.168,0.852,-1.223,-8.570,-5.285,3.434,3.480,1.370,1.407,0,NULL,NULL,,3,0,2,7,255,953,250,0,0
stim,44532,74653,0,74653,3271939.455,-0.546,0.106,-0.253,0.791,0,0,0,0,0,0,0,6,57,1.340,1,2104,0,379.658,8.662,91.188,367.688,-25.125,-0.477,0.273,0.918,-1.258,-8.570,-5.258,3.474,3.522,1.370,1.407,0,NULL,NULL,,3,0,2,7,255,953,250,0,0
stim,44532,74653,0,74653,3271944.454,-0.552,0.097,-0.240,0.793,0,0,0,0,0,0,0,6,57,1.340,1,2104,0,388.224,8.244,101.063,372.563,-41.250,-0.258,0.078,0.875,-1.223,-8.152,-5.160,3.512,3.560,1.370,1.407,0,NULL,NULL,,3,0,2,7,255,953,250,0,0
stim,44532,74653,0,74653,3271949.455,-0.556,0.087,-0.227,0.795,0,0,0,0,0,0,0,17,57,1.340,1,2104,0,393.084,6.682,117.813,374.625,-17.063,-0.031,-0.105,0.898,-1.059,-6.598,-3.762,3.546,3.594,1.370,1.407,0,NULL,NULL,,3,0,2,7,255,953,250,0,0
stim,44532,74653,0,74653,3271954.454,-0.559,0.077,-0.213,0.797,0,0,0,0,0,0,0,22,57,1.340,1,2104,0,394.468,5.597,126.500,373.563,7.313,-0.129,0.094,0.965,-1.059,-5.496,-2.105,3.576,3.624,1.370,1.407,0,NULL,NULL,,3,0,2,7,255,953,250,0,0
stim,44532,74653,0,74653,3271959.455,-0.563,0.067,-0.199,0.799,0,0,0,0,0,0,0,31,57,1.340,1,2104,0,395.389,5.796,132.750,372.438,-0.688,-0.176,0.184,0.941,-1.840,-5.496,-2.105,3.604,3.652,1.370,1.407,0,NULL,NULL,,3,0,2,7,255,953,250,0,0
stim,44532,74653,0,74653,3271964.454,-0.565,0.058,-0.185,0.802,0,0,0,0,0,0,0,37,57,1.340,1,2104,0,399.473,6.025,156.875,367.313,7.125,-0.012,0.133,0.906,-2.469,-5.496,-2.105,3.630,3.678,1.370,1.407,0,NULL,NULL,,3,0,2,7,255,953,250,0,0
stim,44532,74653,0,74653,3271969.455,-0.568,0.050,-0.170,0.804,0,0,0,0,0,0,0,43,57,1.340,1,2104,0,405.826,5.477,180.938,362.875,16.688,-0.074,0.227,1.055,-2.535,-4.855,-2.031,3.656,3.704,1.370,1.407,0,NULL,NULL,,3,0,2,7,255,953,250,0,0
stim,44532,74653,0,74653,3271974.454,-0.570,0.042,-0.154,0.806,0,0,0,0,0,0,0,41,57,1.340,1,2104,0,409.211,5.907,197.750,357.875,16.563,-0.121,0.242,1.215,-3.363,-4.855,-0.949,3.684,3.732,1.370,1.407,0,NULL,NULL,,3,0,2,7,255,953,250,0,0
stim,44532,74653,0,74653,3271979.455,-0.571,0.035,-0.138,0.808,0,0,0,0,0,0,0,42,57,1.340,1,2104,0,410.773,6.062,206.063,355.000,15.750,-0.098,0.207,1.316,-3.363,-5.043,0.578,3.710,3.758,1.370,1.407,0,NULL,NULL,,3,0,2,7,255,953,250,0,0
stim,44532,74653,0,74653,3271984.453,-0.573,0.028,-0.121,0.810,0,0,0,0,0,0,0,45,57,1.340,1,2104,0,412.627,6.101,214.813,351.500,23.750,-0.082,0.203,1.465,-3.434,-5.043,1.863,3.734,3.782,1.370,1.407,0,NULL,NULL,,3,0,2,7,255,953,250,0,0
stim,44532,74653,0,74653,3271989.455,-0.573,0.021,-0.105,0.812,0,0,0,0,0,0,0,43,57,1.340,1,2104,0,413.308,6.101,220.063,348.563,30.000,-0.156,0.238,1.625,-3.434,-5.043,3.469,3.762,3.810,1.370,1.407,0,NULL,NULL,,3,0,2,7,255,953,250,0,0
stim,44561,74682,0,74682,3271994.454,-0.574,0.014,-0.088,0.814,0,0,0,0,0,0,0,45,57,1.340,1,2104,0,410.268,6.464,219.813,345.250,28.375,-0.223,0.246,1.793,-3.488,-5.441,5.012,3.790,3.838,1.370,1.407,0,NULL,NULL,,3,0,2,7,255,953,250,0,0
stim,44561,74682,0,74682,3271999.455,-0.575,0.007,-0.072,0.815,0,0,0,0,0,0,0,46,57,1.340,1,2104,0,404.093,6.586,213.063,342.625,22.438,-0.242,0.230,1.934,-3.488,-5.586,6.738,3.818,3.866,1.370,1.407,0,NULL,NULL,,3,0,2,7,255,953,250,0,0
stim,44561,74682,0,74682,3272004.453,-0.575,0.000,-0.057,0.816,0,0,0,0,0,0,0,45,57,1.340,1,2104,0,395.520,6.500,202.063,339.500,18.625,-0.238,0.219,2.035,-3.324,-5.586,8.328,3.848,3.894,1.370,1.407,0,NULL,NULL,,3,0,2,7,255,953,250,0,0
stim,44561,74682,0,74682,3272009.455,-0.576,-0.007,-0.041,0.816,0,0,0,0,0,0,0,46,57,1.340,1,2104,0,387.591,5.914,191.625,336.500,16.563,-0.242,0.207,2.098,-3.195,-4.977,9.520,3.876,3.924,1.370,1.407,0,NULL,NULL,,3,0,2,7,255,953,250,0,0
stim,44586,74707,0,74707,3272014.454,-0.577,-0.014,-0.026,0.817,0,0,0,0,0,0,0,45,57,1.340,1,2104,0,380.849,5.311,183.313,333.625,11.688,-0.254,0.180,2.148,-3.012,-4.375,10.332,3.906,3.952,1.370,1.407,0,NULL,NULL,,3,0,2,7,255,953,250,0,0
stim,44586,74707,0,74707,3272019.455,-0.577,-0.022,-0.011,0.816,0,0,0,0,0,0,0,55,57,1.340,1,2104,0,376.017,4.597,177.563,331.438,3.063,-0.238,0.105,2.176,-2.676,-3.738,10.988,3.932,3.978,1.370,1.407,0,NULL,NULL,,3,0,2,7,255,953,250,0,0
stim,44586,74707,0,74707,3272024.454,-0.578,-0.029,0.003,0.816,0,0,0,0,0,0,0,57,57,1.340,1,2104,0,372.608,3.296,173.688,329.625,-4.125,-0.199,0.020,2.184,-1.930,-2.672,11.453,3.956,4.002,1.370,1.407,0,NULL,NULL,,3,0,2,7,255,953,250,0,0
stim,44586,74707,0,74707,3272029.455,-0.579,-0.036,0.018,0.814,0,0,0,0,0,0,0,53,57,1.340,1,2104,0,371.984,1.777,173.750,328.750,-10.313,-0.141,-0.047,2.152,-1.168,-1.340,11.453,3.976,4.022,1.370,1.407,0,NULL,NULL,,3,0,2,7,255,953,250,0,0
stim,44586,74707,0,74707,3272034.453,-0.580,-0.043,0.033,0.813,0,0,0,0,0,0,0,51,57,1.340,1,2104,0,374.976,0.659,181.625,327.688,-15.500,-0.063,-0.121,2.109,-0.652,0.090,11.340,3.992,4.038,1.370,1.407,0,NULL,NULL,,3,0,2,7,255,953,250,0,0
stim,44586,74707,0,74707,3272039.455,-0.581,-0.050,0.048,0.811,0,0,0,0,0,0,0,51,57,1.340,1,2104,0,382.267,1.705,198.125,326.313,-19.875,0.055,-0.180,2.094,-0.078,1.703,10.832,4.004,4.050,1.370,1.407,0,NULL,NULL,,3,0,2,7,255,953,250,0,0
stim,44630,74751,0,74751,3272044.454,-0.582,-0.056,0.064,0.809,0,0,0,0,0,0,0,51,57,1.340,1,2104,0,393.552,3.624,221.063,324.750,-23.500,0.230,-0.250,2.113,0.277,3.613,10.453,4.008,4.054,1.370,1.407,0,NULL,NULL,,3,0,2,7,255,953,250,0,0
stim,44630,74751,0,74751,3272049.455,-0.582,-0.061,0.080,0.807,0,0,0,0,0,0,0,71,57,1.340,1,2104,0,409.215,6.116,249.750,323.250,-24.313,0.457,-0.285,2.203,0.418,6.102,10.426,4.006,4.052,1.370,1.407,0,NULL,NULL,,3,0,2,7,255,953,250,0,0
stim,44630,74751,0,74751,3272054.454,-0.583,-0.065,0.098,0.804,0,0,0,0,0,0,0,72,57,1.340,1,2104,0,426.883,9.131,278.688,322.625,-21.813,0.695,-0.270,2.348,0.418,9.121,10.426,3.996,4.042,1.370,1.407,0,NULL,NULL,,3,0,2,7,255,953,250,0,0
stim,44630,74751,0,74751,3272059.455,-0.583,-0.069,0.117,0.801,0,0,0,0,0,0,0,71,57,1.340,1,2104,0,442.666,12.255,302.125,323.125,-16.250,0.902,-0.246,2.504,-0.160,12.254,10.957,3.974,4.022,1.370,1.407,0,NULL,NULL,,3,0,2,7,255,953,250,0,0
stim,44630,74751,0,74751,3272064.454,-0.583,-0.072,0.136,0.798,0,0,0,0,0,0,0,74,57,1.340,1,2104,0,455.211,15.162,319.438,324.188,-8.875,1.051,-0.234,2.668,-0.648,15.148,11.531,3.942,3.990,1.370,1.407,0,NULL,NULL,,3,0,2,7,255,953,250,0,0
stim,44630,74751,0,74751,3272069.455,-0.583,-0.075,0.156,0.794,0,0,0,0,0,0,0,75,57,1.340,1,2104,0,464.637,17.694,331.250,325.813,-2.750,1.145,-0.211,2.852,-0.707,17.680,12.133,3.898,3.944,1.370,1.407,0,NULL,NULL,,3,0,2,7,255,953,250,0,0
stim,44630,74751,0,74751,3272074.454,-0.582,-0.078,0.176,0.790,0,0,0,0,0,0,0,70,57,1.340,1,2104,0,468.281,19.811,335.563,326.625,-0.875,1.207,-0.141,3.059,-0.738,19.797,12.914,3.840,3.888,1.370,1.407,0,NULL,NULL,,3,0,2,7,255,953,250,0,0
stim,44630,74751,0,74751,3272079.455,-0.581,-0.081,0.195,0.786,0,0,0,0,0,0,0,74,57,1.340,1,2104,0,460.403,21.718,325.000,326.063,-5.438,1.223,-0.043,3.266,-0.902,21.699,13.980,3.770,3.818,1.370,1.407,0,NULL,NULL,,3,0,2,7,255,953,250,0,0
stim,44652,74773,0,74773,3272084.454,-0.580,-0.085,0.213,0.782,0,0,0,0,0,0,0,87,57,1.340,1,2104,0,435.287,23.245,294.938,319.938,-11.250,1.258,0.063,3.445,-1.188,23.215,15.184,3.690,3.736,1.370,1.407,0,NULL,NULL,,3,0,2,7,255,953,250,0,0
stim,44652,74773,0,74773,3272089.455,-0.579,-0.089,0.230,0.777,0,0,0,0,0,0,0,95,57,1.340,1,2104,0,400.397,24.911,253.313,309.250,-22.688,1.465,0.258,3.578,-1.668,24.855,16.016,3.594,3.640,1.370,1.407,0,NULL,NULL,,3,0,2,7,255,953,250,0,0
stim,44652,74773,0,74773,3272094.454,-0.578,-0.095,0.244,0.773,0,0,0,0,0,0,0,131,57,1.340,1,2104,0,358.775,27.838,197.313,297.250,-37.813,1.855,0.320,3.531,-3.563,27.609,16.016,3.488,3.534,1.370,1.407,0,NULL,NULL,,3,0,2,7,255,953,250,0,0
stim,44652,74773,0,74773,3272099.455,-0.577,-0.101,0.255,0.769,0,0,0,0,0,0,0,151,57,1.340,1,2104,0,314.713,31.654,135.188,282.188,-33.750,2.266,0.152,3.266,-4.965,31.262,13.277,3.368,3.414,1.370,1.407,0,NULL,NULL,,3,0,2,7,255,953,250,0,0
stim,44676,74797,0,74797,3272104.454,-0.575,-0.108,0.264,0.766,0,0,0,0,0,0,0,199,57,1.340,1,2104,0,277.689,34.654,80.938,265.375,-11.688,2.586,-0.109,2.785,-4.965,34.297,7.984,3.236,3.278,1.370,1.407,0,NULL,NULL,,3,0,2,7,255,953,250,0,0
stim,44676,74797,0,74797,3272109.455,-0.572,-0.115,0.272,0.765,0,0,0,0,0,0,0,233,57,1.340,1,2104,0,252.045,35.063,49.750,246.813,11.625,2.813,-0.313,2.227,-4.082,34.824,1.047,3.090,3.132,1.370,1.407,0,NULL,NULL,,3,0,2,7,255,953,250,0,0
stim,44676,74797,0,74797,3272114.453,-0.569,-0.121,0.280,0.764,0,0,0,0,0,0,0,263,57,1.340,1,2104,0,233.239,35.025,47.063,226.625,28.750,3.035,-0.457,1.691,-3.746,34.824,-5.883,2.938,2.978,1.370,1.407,0,NULL,NULL,,3,0,2,7,255,953,250,0,0
stim,44676,74797,0,74797,3272119.455,-0.566,-0.126,0.287,0.763,0,0,0,0,0,0,0,292,57,1.340,1,2104,0,219.546,34.206,65.000,205.063,43.875,3.297,-0.652,1.266,-3.680,34.008,-12.348,2.782,2.820,1.370,1.407,0,NULL,NULL,,3,0,2,7,255,953,250,0,0
stim,44676,74797,0,74797,3272124.454,-0.562,-0.129,0.295,0.762,0,0,0,0,0,0,0,323,57,1.340,1,2104,0,217.720,34.167,97.938,183.063,65.563,3.496,-0.973,0.922,-3.410,33.996,-18.223,2.624,2.660,1.370,1.407,0,NULL,NULL,,3,0,2,7,255,953,250,0,0
stim,44676,74797,0,74797,3272129.455,-0.558,-0.130,0.305,0.761,0,0,0,0,0,0,0,331,57,1.340,1,2104,0,243.311,34.004,155.813,165.125,87.500,3.500,-1.285,0.711,-1.703,33.961,-23.379,2.462,2.496,1.370,1.407,0,NULL,NULL,,3,0,2,7,255,953,250,0,0
stim,44727,74848,0,74848,3272134.454,-0.554,-0.128,0.315,0.760,0,0,0,0,0,0,0,332,57,1.340,1,2104,0,258.541,34.002,203.000,123.875,101.438,3.652,-2.063,0.941,0.637,33.996,-26.504,2.296,2.326,1.370,1.407,0,NULL,NULL,,3,0,2,7,255,953,250,0,0
stim,44727,74848,0,74848,3272139.455,-0.549,-0.123,0.327,0.759,0,0,0,0,0,0,0,317,57,1.340,1,2104,0,304.760,37.696,246.125,96.000,151.938,3.613,-2.047,1.188,7.027,37.035,-27.016,2.122,2.152,1.370,1.407,0,NULL,NULL,,3,0,2,7,255,953,250,0,0
stim,44727,74848,0,74848,3272144.453,-0.542,-0.115,0.338,0.761,0,0,0,0,4,0,0,304,57,1.340,1,2104,0,356.667,38.633,263.750,50.688,234.688,3.488,-1.910,2.000,7.027,37.988,-27.016,1.942,1.968,1.370,1.407,0,NULL,NULL,,3,0,2,7,255,953,250,0,0
stim,44727,74848,0,74848,3272149.455,-0.537,-0.108,0.348,0.761,0,0,0,0,27,0,0,309,57,1.340,1,2104,0,307.946,38.633,245.250,19.125,185.250,2.141,-1.707,2.246,7.027,37.988,-20.391,1.754,1.780,1.370,1.407,0,NULL,NULL,,3,0,2,7,255,953,250,0,0
stim,44727,74848,0,74848,3272154.454,-0.535,-0.100,0.356,0.760,0,0,0,0,18,0,0,307,57,1.340,1,2104,0,258.952,36.552,241.688,-15.750,91.625,2.297,-1.293,2.652,7.238,35.828,-11.203,1.564,1.586,1.370,1.407,0,NULL,NULL,,3,0,2,7,255,953,250,0,0
stim,44727,74848,0,74848,3272159.455,-0.535,-0.092,0.363,0.757,0,0,0,0,1,0,0,309,57,1.340,1,2104,0,259.136,36.552,250.188,-49.063,46.375,2.121,-0.629,3.141,7.238,35.828,-7.816,1.372,1.394,1.370,1.407,0,NULL,NULL,,3,0,2,7,255,953,250,0,0
stim,44748,74869,0,74869,3272164.453,-0.537,-0.087,0.366,0.755,0,0,0,0,0,0,0,325,57,1.340,1,2104,0,152.186,36.532,132.313,-75.188,-0.938,1.758,0.273,4.324,3.668,36.348,-0.891,1.180,1.200,1.370,1.407,0,NULL,NULL,,3,0,2,7,255,953,250,0,0
stim,44748,74869,0,74869,3272169.455,-0.539,-0.085,0.360,0.757,0,0,0,0,0,0,0,389,57,1.340,1,2104,0,138.059,39.674,-86.438,-106.250,-17.313,2.066,-0.379,3.879,3.668,39.504,6.203,0.988,1.004,1.370,1.407,0,NULL,NULL,,3,0,2,7,255,953,250,0,0
stim,44748,74869,0,74869,3272174.454,-0.536,-0.078,0.357,0.761,216,0,0,539,0,31,0,511,57,1.340,1,2104,0,213.026,39.683,-11.625,-166.000,133.000,0.695,-1.441,4.355,3.770,39.504,12.508,0.802,0.810,1.370,1.407,0,NULL,NULL,,3,0,2,7,255,953,250,0,0
stim,44748,74869,0,74869,3272179.455,-0.525,-0.062,0.353,0.772,904,0,0,1280,0,212,0,547,57,1.340,1,2104,0,527.802,34.804,14.000,-266.375,455.438,-0.547,1.566,6.809,5.547,34.359,12.508,0.628,0.628,1.370,1.407,0,NULL,NULL,,3,0,2,7,255,953,250,0,0
stim,44748,74869,0,74869,3272184.453,-0.511,-0.071,0.322,0.794,1515,0,0,1753,0,495,0,613,57,1.340,1,2104,0,945.689,33.255,-851.625,-136.438,387.875,-1.441,3.348,3.414,5.547,32.789,36.672,0.476,0.458,1.370,1.407,0,NULL,NULL,,3,0,2,7,255,953,250,0,0
stim,44748,74869,0,74869,3272189.455,-0.503,-0.086,0.285,0.811,1997,0,0,1961,0,687,0,671,57,1.340,1,2105,0,1013.173,15.548,-987.375,-147.688,172.625,-1.988,3.363,-0.816,-15.512,-1.055,36.672,0.388,0.336,1.370,1.407,1,1065.000,112.000,,3,0,2,7,255,953,250,0,0
stim,44748,74869,0,74869,3272194.454,-0.501,-0.094,0.262,0.820,2245,0,0,2115,0,911,0,755,57,1.340,1,2105,0,592.393,34.511,-582.000,-103.438,38.813,-2.316,1.875,-2.082,-15.512,-30.828,3.363,0.386,0.304,1.370,1.407,1,NULL,NULL,,3,0,2,7,255,953,250,0,0
stim,44748,74869,0,74869,3272199.455,-0.504,-0.096,0.250,0.821,2423,0,0,2220,0,1123,0,816,57,1.340,1,2105,0,288.714,31.579,-237.438,-132.000,-97.750,-0.910,0.453,-0.898,-6.848,-30.828,-12.102,0.428,0.340,1.370,1.407,1,NULL,NULL,,3,0,2,7,255,953,250,0,0
stim,44784,74905,0,74905,3272204.454,-0.508,-0.093,0.245,0.821,2547,0,0,2301,0,1286,0,923,57,1.340,1,2105,0,150.913,14.215,-63.375,-122.813,-60.625,0.469,0.441,0.750,-5.543,-13.090,-12.102,0.484,0.398,1.370,1.407,1,NULL,NULL,,3,0,2,7,255,953,250,0,0
stim,44784,74905,0,74905,3272209.455,-0.505,-0.089,0.240,0.824,2693,0,0,2459,0,1433,0,996,57,1.340,1,2105,0,179.897,6.642,-79.250,-135.500,87.875,0.582,1.773,1.289,-5.543,3.660,-4.031,0.538,0.454,1.370,1.407,2,NULL,NULL,,3,0,2,7,255,953,250,0,0
stim,44784,74905,0,74905,3272214.453,-0.500,-0.086,0.232,0.830,2813,0,0,2649,0,1501,0,1064,57,1.340,1,2105,0,252.529,11.024,-147.125,-133.375,156.000,-0.543,1.629,1.746,-10.398,3.660,3.871,0.586,0.502,1.370,1.407,2,NULL,NULL,,3,0,2,7,255,953,250,0,0
stim,44784,74905,0,74905,3272219.455,-0.495,-0.085,0.218,0.837,2919,0,0,2773,0,1541,0,1157,57,1.340,1,2105,0,375.983,10.791,-299.688,-162.813,158.250,-2.148,-0.441,1.160,-10.398,-2.883,6.898,0.620,0.536,1.370,1.407,2,NULL,NULL,,3,0,2,7,255,953,250,0,0
stim,44784,74905,0,74905,3272224.454,-0.495,-0.087,0.201,0.841,2983,0,0,2875,0,1577,0,1271,57,1.340,1,2105,0,412.040,17.650,-373.875,-173.188,-0.813,-2.219,-1.172,0.070,14.621,-9.887,6.898,0.638,0.560,1.370,1.407,2,NULL,NULL,,3,0,2,7,255,953,250,0,0
stim,44784,74905,0,74905,3272229.455,-0.502,-0.086,0.189,0.840,3021,0,0,2950,0,1587,0,1379,57,1.340,1,2105,0,316.958,17.650,-194.188,-175.250,-179.000,-1.043,-1.098,-0.602,14.621,-9.887,-4.211,0.642,0.576,1.370,1.407,2,NULL,NULL,,3,0,2,7,255,953,250,0,0
stim,44832,74953,0,74953,3272234.453,-0.510,-0.081,0.184,0.836,3064,0,0,3025,0,1597,0,1447,57,1.340,1,2105,0,253.712,15.354,-7.125,-176.750,-181.875,0.438,-0.961,0.504,14.156,-5.945,-8.488,0.634,0.582,1.370,1.407,2,NULL,NULL,,3,0,2,7,255,953,250,0,0
stim,44832,74953,0,74953,3272239.455,-0.514,-0.075,0.182,0.835,3083,0,0,3077,0,1622,0,1470,57,1.340,1,2105,0,183.587,11.304,44.375,-156.250,-85.563,1.035,-1.090,1.664,6.367,9.340,-8.488,0.610,0.570,1.370,1.407,2,NULL,NULL,,3,0,2,7,255,953,250,0,0
stim,44832,74953,1,74953,3272244.454,-0.515,-0.070,0.177,0.836,3097,0,0,3115,0,1668,0,1471,57,1.340,1,2105,0,157.887,19.879,-42.250,-151.813,9.813,1.008,-1.379,2.129,6.367,18.832,0.039,0.560,0.524,1.370,1.407,2,NULL,NULL,,3,1,2,7,255,953,250,0,0
stim,44832,74953,1,74953,3272249.455,-0.511,-0.068,0.169,0.840,3119,0,0,3132,0,1741,0,1463,57,1.340,1,2105,0,235.825,20.518,-163.063,-136.688,101.688,0.680,-1.406,1.613,8.145,18.832,0.590,0.484,0.446,1.370,1.407,2,NULL,NULL,,3,1,2,7,255,953,250,0,0
stim,44832,74953,1,74953,3272254.454,-0.505,-0.067,0.159,0.846,3123,0,0,3160,0,1821,0,1455,57,1.340,1,2105,0,292.305,19.165,-198.250,-129.250,171.563,0.035,-1.078,0.727,9.156,16.836,0.590,0.396,0.354,1.370,1.407,2,NULL,NULL,,3,1,2,7,255,953,250,0,0
stim,44832,74953,1,74953,3272259.455,-0.499,-0.064,0.152,0.851,3131,0,0,3175,0,1907,0,1493,57,1.340,1,2105,0,265.002,11.689,-139.938,-134.063,180.750,-0.637,-0.625,0.383,9.156,7.266,-4.973,0.318,0.274,1.370,1.407,2,NULL,NULL,,3,1,2,7,255,953,250,0,0
stim,44832,74953,1,74953,3272264.453,-0.495,-0.059,0.147,0.854,3139,0,0,3187,0,2008,18,1566,57,1.340,1,2105,0,194.934,8.477,-63.688,-140.438,119.250,-0.871,-0.121,0.629,8.387,-1.234,-4.973,0.260,0.224,1.370,1.407,2,NULL,NULL,,3,1,2,7,255,953,250,0,0
stim,44832,74953,1,74953,3272269.455,-0.494,-0.055,0.143,0.856,3144,0,0,3192,0,2077,35,1620,57,1.340,1,2105,0,153.476,6.001,-32.438,-141.563,49.625,-0.531,0.336,1.152,5.340,-2.738,-2.004,0.224,0.206,1.370,1.407,2,NULL,NULL,,3,1,2,7,255,953,250,0,0
stim,44832,74953,1,74953,3272274.454,-0.494,-0.051,0.138,0.857,3142,0,0,3196,0,2157,59,1663,57,1.340,1,2105,0,151.573,2.739,-63.438,-137.500,6.625,-0.266,0.395,1.465,-0.063,-2.738,2.766,0.208,0.206,1.370,1.407,2,NULL,NULL,,3,1,2,7,255,953,250,0,0
stim,44832,74953,1,74953,3272279.455,-0.494,-0.048,0.131,0.858,3147,0,0,3197,12,2239,89,1785,57,1.340,1,2105,0,172.059,0.379,-114.063,-128.813,1.125,0.059,0.023,1.281,-0.332,-0.184,2.766,0.202,0.206,1.370,1.407,2,NULL,NULL,,3,1,2,7,255,953,250,0,0
stim,44832,74953,1,74953,3272284.453,-0.494,-0.046,0.123,0.859,3143,0,0,3190,245,2293,244,1915,57,1.340,1,2105,0,177.035,3.543,-126.813,-122.563,15.438,0.078,-0.414,0.996,-0.332,3.527,2.246,0.192,0.196,1.370,1.407,2,NULL,NULL,,3,1,2,7,255,953,250,0,0
stim,44832,74953,1,74953,3272289.455,-0.494,-0.044,0.118,0.860,3151,0,0,3197,493,2331,265,2038,57,1.340,1,2105,0,118.661,5.857,-71.000,-95.063,1.625,0.164,-0.469,1.391,3.156,4.934,2.246,0.180,0.180,1.370,1.407,2,NULL,NULL,,3,1,2,7,255,953,250,0,0
stim,44861,74982,1,74982,3272294.454,-0.495,-0.043,0.116,0.860,3143,0,0,3192,747,2363,255,2107,57,1.340,1,2105,0,72.748,7.437,-41.063,-51.875,-30.250,0.508,-0.047,1.289,3.156,6.734,1.473,0.166,0.160,1.370,1.407,2,NULL,NULL,,3,1,2,7,255,953,250,0,0
stim,44861,74982,1,74982,3272299.455,-0.496,-0.042,0.115,0.860,3146,0,0,3205,941,2393,281,2157,57,1.340,1,2105,0,48.240,7.039,-5.063,-46.125,-13.188,0.652,0.824,1.055,-2.047,6.734,1.473,0.158,0.134,1.370,1.407,2,NULL,NULL,,3,1,2,7,255,953,250,0,0
stim,44861,74982,1,74982,3272304.454,-0.496,-0.040,0.114,0.860,3146,0,0,3206,1055,2415,287,2207,57,1.340,1,2105,0,32.458,6.561,9.375,-29.063,11.000,0.246,0.516,1.637,-5.422,3.695,1.473,0.156,0.108,1.370,1.407,2,NULL,NULL,,3,1,2,7,255,953,250,0,0
stim,44861,74982,1,74982,3272309.455,-0.496,-0.042,0.110,0.860,3146,0,0,3204,1162,2431,297,2264,57,1.340,1,2105,0,97.945,6.223,-96.250,-18.125,0.750,-0.477,-0.012,1.645,-5.422,3.055,6.012,0.160,0.086,1.370,1.407,2,NULL,NULL,,3,1,2,7,255,953,250,0,0
stim,44884,75005,1,75005,3272314.453,-0.497,-0.044,0.105,0.860,3146,1,0,3198,1257,2449,297,2299,57,1.340,1,2105,0,134.361,0.493,-124.750,-11.750,-48.500,-0.340,0.207,0.699,-0.164,-0.465,6.012,0.162,0.072,1.370,1.407,2,NULL,NULL,,3,1,2,7,255,953,250,0,0
stim,44884,75005,1,75005,3272319.455,-0.501,-0.045,0.103,0.858,3144,21,0,3205,1333,2458,297,2327,57,1.340,1,2105,0,104.420,0.933,-54.000,-15.250,-88.063,-0.168,0.160,0.633,-0.164,-0.918,-2.285,0.164,0.064,1.370,1.407,2,NULL,NULL,,3,1,2,7,255,953,250,0,0
stim,44884,75005,1,75005,3272324.454,-0.504,-0.045,0.102,0.857,3145,31,0,3197,1419,2468,301,2359,57,1.340,1,2105,0,91.343,1.124,-15.500,-14.688,-88.813,0.133,0.016,1.070,-0.648,-0.918,-2.285,0.166,0.056,1.370,1.407,2,NULL,NULL,,3,1,2,7,255,953,250,0,0
stim,44884,75005,1,75005,3272329.455,-0.506,-0.046,0.100,0.856,3145,40,0,3199,1513,2475,303,2387,57,1.340,1,2105,0,65.673,3.192,-42.375,-9.250,-49.313,0.148,-0.063,1.242,-0.648,3.125,0.230,0.170,0.048,1.370,1.407,2,NULL,NULL,,3,1,2,7,255,953,250,0,0
stim,44884,75005,1,75005,3272334.454,-0.507,-0.048,0.097,0.855,3145,56,0,3199,1565,2485,303,2405,57,1.340,1,2105,0,76.489,3.167,-71.000,-5.063,-28.000,-0.043,0.059,1.035,-0.516,3.125,0.262,0.174,0.040,1.370,1.407,2,NULL,NULL,,3,1,2,7,255,953,250,0,0
stim,44884,75005,1,75005,3272339.455,-0.508,-0.049,0.094,0.855,3147,93,0,3193,1599,2494,317,2423,57,1.340,1,2105,0,72.229,1.379,-61.438,-3.563,-37.813,-0.211,0.094,0.844,-0.324,1.340,0.262,0.178,0.032,1.370,1.407,2,NULL,NULL,,3,1,2,7,255,953,250,0,0
stim,44929,75050,1,75050,3272344.453,-0.510,-0.050,0.093,0.854,3145,106,0,3205,1661,2507,325,2437,57,1.340,1,2105,0,69.715,0.603,-35.688,-4.063,-59.750,-0.121,0.016,0.918,-0.039,0.602,-0.762,0.180,0.028,1.370,1.407,2,NULL,NULL,,3,1,2,7,255,953,250,0,0
stim,44929,75050,1,75050,3272349.455,-0.512,-0.050,0.091,0.853,3147,115,0,3199,1704,2511,313,2447,57,1.340,1,2105,0,61.388,0.603,-25.875,-3.438,-55.563,0.051,-0.020,1.023,-0.039,0.602,-0.762,0.182,0.024,1.370,1.407,2,NULL,NULL,,3,1,2,7,255,953,250,0,0
stim,44929,75050,1,75050,3272354.454,-0.513,-0.051,0.090,0.852,3145,133,0,3205,1735,2517,295,2455,57,1.340,1,2105,0,43.893,2.325,-28.250,-1.438,-33.563,0.051,-0.008,1.016,-0.359,2.297,-0.117,0.186,0.020,1.370,1.407,2,NULL,NULL,,3,1,2,7,255,953,250,0,0
stim,44929,75050,1,75050,3272359.455,-0.514,-0.051,0.089,0.852,3145,142,0,3205,1756,2521,286,2461,57,1.340,1,2105,0,34.003,2.325,-27.313,-0.375,-20.250,-0.078,0.023,1.008,-0.359,2.297,-0.070,0.192,0.012,1.370,1.407,2,NULL,NULL,,3,1,2,7,255,953,250,0,0
stim,44929,75050,1,75050,3272364.453,-0.515,-0.052,0.088,0.851,3145,143,0,3197,1769,2521,275,2463,57,1.340,1,2105,0,30.801,1.067,-23.625,-0.688,-19.750,-0.145,0.047,1.020,-0.184,1.051,0.031,0.196,0.006,1.370,1.407,2,NULL,NULL,,3,1,2,7,255,953,250,0,0
stim,44929,75050,1,75050,3272369.455,-0.516,-0.052,0.087,0.851,3143,149,37,3197,1787,2523,251,2468,57,1.340,1,2105,0,32.033,0.419,-16.938,-0.313,-27.188,-0.164,0.066,1.008,-0.180,0.379,0.219,0.200,0.000,1.370,1.407,2,NULL,NULL,,3,1,2,7,255,953,250,0,0
stim,44929,75050,1,75050,3272374.454,-0.517,-0.052,0.086,0.850,3135,143,63,3193,1811,2523,233,2461,57,1.340,1,2105,0,31.493,0.419,-12.688,0.813,-28.813,-0.066,0.051,1.051,-0.180,0.379,0.285,0.000,0.000,1.370,1.407,2,NULL,NULL,,3,1,2,7,255,953,250,0,0
stim,44929,75050,1,75050,3272379.455,-0.517,-0.053,0.085,0.850,3133,141,77,3193,1821,2520,203,2463,57,1.327,1,2105,1,24.470,1.135,-15.625,1.750,-18.750,-0.070,0.031,1.055,-0.355,1.078,0.445,0.000,0.000,1.288,1.400,2,NULL,NULL,,3,1,2,7,255,953,250,0,0
stim,44952,75073,1,75073,3272384.454,-0.518,-0.053,0.085,0.850,3128,143,83,3191,1830,2520,189,2463,57,1.327,1,2105,1,21.438,1.135,-18.313,0.688,-11.125,-0.125,0.020,1.027,-0.355,1.078,0.445,0.004,0.004,1.288,1.400,2,NULL,NULL,,3,1,2,7,255,953,250,0,0
stim,44952,75073,1,75073,3272389.455,-0.518,-0.054,0.084,0.849,3124,141,89,3188,1833,2519,179,2460,57,1.327,1,2105,1,19.623,0.637,-16.375,-0.063,-10.813,-0.164,-0.004,0.980,-0.004,0.637,0.301,0.010,0.008,1.288,1.400,2,NULL,NULL,,3,1,2,7,255,953,250,0,0
stim,44952,75073,1,75073,3272394.454,-0.519,-0.054,0.083,0.849,3117,138,111,3175,1834,2517,175,2451,57,1.327,1,2105,1,16.200,0.620,-11.688,-1.438,-11.125,-0.148,-0.020,0.961,0.371,0.496,-0.082,0.014,0.010,1.288,1.400,2,NULL,NULL,,3,1,2,7,255,953,250,0,0
stim,44952,75073,1,75073,3272399.455,-0.519,-0.054,0.083,0.849,3116,127,123,3175,1835,2507,165,2467,57,1.327,1,2105,1,10.722,0.620,-6.125,-2.500,-8.438,-0.125,-0.020,0.953,0.371,0.496,-0.293,0.018,0.012,1.288,1.400,2,NULL,NULL,,3,1,2,7,255,953,250,0,0
stim,44977,75098,1,75098,3272404.454,-0.519,-0.054,0.083,0.849,3097,125,125,3161,1836,2504,159,2459,57,1.327,1,2105,1,5.146,0.741,-2.688,-3.563,-2.563,-0.121,-0.016,0.973,0.328,0.664,-0.293,0.020,0.014,1.288,1.400,2,NULL,NULL,,3,1,2,7,255,953,250,0,0
stim,44977,75098,1,75098,3272409.455,-0.519,-0.054,0.082,0.849,3097,125,137,3159,1843,2495,159,2457,57,1.327,1,2105,1,4.588,0.741,-1.313,-4.250,1.125,-0.148,-0.016,0.965,0.328,0.664,-0.266,0.022,0.014,1.288,1.400,2,NULL,NULL,,3,1,2,7,255,953,250,0,0
stim,44977,75098,1,75098,3272414.453,-0.519,-0.054,0.082,0.849,3093,117,151,3147,1838,2491,157,2457,57,1.327,1,2105,1,5.486,0.596,1.188,-5.063,1.750,-0.160,-0.008,0.953,0.363,0.473,-0.266,0.022,0.016,1.288,1.400,2,NULL,NULL,,3,1,2,7,255,953,250,0,0
stim,44977,75098,1,75098,3272419.455,-0.519,-0.053,0.082,0.849,3079,107,155,3143,1837,2483,155,2459,57,1.327,1,2105,1,8.227,0.472,5.125,-6.313,1.250,-0.160,0.000,0.957,0.363,0.301,-0.328,0.024,0.016,1.288,1.400,2,NULL,NULL,,3,1,2,7,255,953,250,0,0
stim,44977,75098,1,75098,3272424.454,-0.519,-0.053,0.082,0.849,3063,75,160,3127,1836,2483,155,2462,57,1.327,1,2105,1,10.916,0.408,8.313,-7.063,0.438,-0.156,0.035,0.977,0.316,0.258,-0.328,0.024,0.016,1.288,1.400,2,NULL,NULL,,3,1,2,7,255,953,250,0,0
stim,44977,75098,1,75098,3272429.455,-0.519,-0.052,0.083,0.849,3061,77,165,3113,1837,2475,147,2471,57,1.327,1,2105,1,11.555,0.188,8.563,-7.750,0.375,-0.148,0.063,0.992,-0.004,0.188,-0.109,0.024,0.016,1.288,1.400,2,NULL,NULL,,3,1,2,7,255,953,250,0,0
stim,45030,75151,1,75151,3272434.454,-0.519,-0.052,0.083,0.849,3047,77,171,3103,1845,2470,141,2463,57,1.327,1,2105,1,10.852,0.315,6.813,-8.313,1.500,-0.160,0.070,0.996,-0.277,0.148,0.051,0.026,0.016,1.288,1.400,2,NULL,NULL,,3,1,2,7,255,953,250,0,0
stim,45030,75151,1,75151,3272439.455,-0.519,-0.051,0.083,0.849,3033,75,183,3089,1851,2468,136,2469,57,1.327,1,2105,1,10.765,0.278,4.938,-9.438,1.563,-0.191,0.078,0.980,-0.277,0.023,0.051,0.026,0.016,1.288,1.400,2,NULL,NULL,,3,1,2,7,255,953,250,0,0
stim,45030,75151,1,75151,3272444.453,-0.519,-0.051,0.083,0.849,3021,76,217,3069,1869,2469,146,2479,57,1.327,1,2105,1,12.051,0.351,5.188,-10.813,-1.188,-0.215,0.074,0.969,-0.188,-0.297,0.016,0.026,0.016,1.288,1.400,2,NULL,NULL,,3,1,2,7,255,953,250,0,0
stim,45030,75151,1,75151,3272449.455,-0.519,-0.050,0.083,0.849,3007,74,245,3047,1891,2471,172,2493,57,1.327,1,2105,1,15.349,0.550,6.688,-13.063,-4.500,-0.227,0.094,0.965,-0.156,-0.527,-0.066,0.024,0.016,1.288,1.400,2,NULL,NULL,,3,1,2,7,255,953,250,0,0
stim,45030,75151,1,75151,3272454.454,-0.520,-0.050,0.083,0.849,2989,77,267,3031,1933,2472,185,2504,57,1.327,1,2105,1,18.860,0.747,8.000,-15.375,-7.438,-0.230,0.137,0.980,-0.156,-0.730,-0.066,0.024,0.014,1.288,1.400,2,NULL,NULL,,3,1,2,7,255,953,250,0,0
stim,45030,75151,1,75151,3272459.455,-0.520,-0.049,0.083,0.849,2970,72,298,3021,1965,2471,192,2517,57,1.327,1,2105,1,21.678,1.044,7.188,-17.438,-10.688,-0.215,0.188,1.012,-0.504,-0.914,0.090,0.022,0.014,1.288,1.400,2,NULL,NULL,,3,1,2,7,255,953,250,0,0
stim,45030,75151,1,75151,3272464.454,-0.520,-0.048,0.083,0.849,2935,80,365,2999,2009,2473,246,2531,57,1.327,1,2105,1,23.453,1.363,5.063,-19.188,-12.500,-0.180,0.234,1.035,-1.012,-0.914,0.395,0.020,0.014,1.288,1.400,2,NULL,NULL,,3,1,2,7,255,953,250,0,0
stim,45030,75151,1,75151,3272469.455,-0.521,-0.047,0.082,0.848,2917,93,443,2985,2040,2479,272,2557,57,1.327,1,2105,1,23.188,1.776,0.188,-20.063,-11.625,-0.141,0.230,1.047,-1.563,-0.844,0.621,0.020,0.014,1.288,1.400,2,NULL,NULL,,3,1,2,7,255,953,250,0,0
stim,45049,75170,1,75170,3272474.454,-0.521,-0.046,0.082,0.848,2899,122,499,2955,2078,2479,315,2585,57,1.327,1,2105,1,22.700,1.637,-3.938,-20.625,-8.625,-0.133,0.195,1.031,-1.563,-0.488,0.621,0.018,0.016,1.288,1.400,2,NULL,NULL,,3,1,2,7,255,953,250,0,0
stim,45049,75170,1,75170,3272479.455,-0.522,-0.046,0.081,0.848,2870,137,633,2941,2133,2489,371,2597,57,1.327,1,2105,1,22.787,1.467,-5.063,-20.313,-9.000,-0.141,0.180,1.012,-1.418,-0.375,0.469,0.018,0.016,1.288,1.400,2,NULL,NULL,,3,1,2,7,255,953,250,0,0
stim,45049,75170,1,75170,3272484.454,-0.522,-0.045,0.081,0.848,2839,150,711,2925,2194,2503,415,2615,57,1.327,1,2105,1,23.624,1.348,-2.688,-19.500,-13.063,-0.121,0.180,0.996,-1.316,-0.289,0.285,0.020,0.016,1.288,1.400,2,NULL,NULL,,3,1,2,7,255,953,250,0,0
stim,45049,75170,1,75170,3272489.455,-0.523,-0.044,0.080,0.848,2825,165,791,2899,2255,2507,486,2631,57,1.327,1,2105,1,23.049,1.313,-1.125,-19.000,-13.000,-0.098,0.168,1.004,-1.293,-0.230,0.145,0.024,0.018,1.288,1.400,2,NULL,NULL,,3,1,2,7,255,953,250,0,0
stim,45049,75170,0,75170,3272494.454,-0.523,-0.043,0.080,0.847,2788,175,917,2875,2301,2513,551,2657,57,1.327,1,2105,1,22.285,1.301,-4.313,-17.625,-12.938,-0.121,0.160,1.020,-1.293,-0.145,0.145,0.028,0.020,1.288,1.400,2,NULL,NULL,,3,0,2,7,255,951,250,0,0
stim,45049,75170,0,75170,3272499.455,-0.524,-0.043,0.079,0.847,2761,215,1045,2859,2348,2507,651,2667,57,1.327,1,2105,1,24.310,1.165,-7.625,-17.438,-15.125,-0.164,0.148,1.012,-1.156,-0.145,0.309,0.032,0.022,1.288,1.400,2,NULL,NULL,,3,0,2,7,255,951,250,0,0
stim,45081,75202,0,75202,3272504.453,-0.525,-0.042,0.078,0.847,2739,233,1181,2845,2407,2523,799,2680,57,1.327,1,2105,1,29.370,0.976,-8.500,-16.938,-22.438,-0.188,0.117,0.992,-0.852,-0.477,0.309,0.036,0.026,1.288,1.400,2,NULL,NULL,,3,0,2,7,255,951,250,0,0
stim,45081,75202,0,75202,3272509.455,-0.526,-0.042,0.078,0.846,2688,253,1271,2839,2444,2524,924,2700,57,1.327,1,2105,1,34.180,0.674,-7.313,-17.188,-28.625,-0.168,0.105,1.004,-0.477,-0.477,0.191,0.042,0.032,1.288,1.400,2,NULL,NULL,,3,0,2,7,255,951,250,0,0
stim,45081,75202,0,75202,3272514.454,-0.527,-0.042,0.077,0.845,2637,271,1419,2811,2487,2526,1081,2723,57,1.327,1,2105,1,40.017,0.585,-9.750,-16.375,-35.188,-0.145,0.086,1.012,-0.445,-0.379,0.191,0.048,0.034,1.288,1.400,2,NULL,NULL,,3,0,2,7,255,951,250,0,0
stim,45081,75202,0,75202,3272519.455,-0.528,-0.042,0.076,0.845,2597,271,1581,2795,2535,2537,1199,2731,57,1.327,1,2105,1,44.770,0.418,-15.250,-16.438,-38.750,-0.137,0.035,1.012,-0.410,-0.082,0.191,0.052,0.038,1.288,1.400,2,NULL,NULL,,3,0,2,7,255,951,250,0,0
stim,45081,75202,0,75202,3272524.454,-0.530,-0.042,0.074,0.844,2523,271,1711,2772,2569,2533,1325,2735,57,1.327,1,2105,1,49.831,0.160,-22.000,-17.250,-41.250,-0.145,-0.027,0.992,0.008,0.160,0.188,0.054,0.042,1.288,1.400,2,NULL,NULL,,3,0,2,7,255,951,250,0,0
stim,45081,75202,0,75202,3272529.455,-0.532,-0.042,0.073,0.843,2469,294,1814,2743,2603,2543,1445,2751,57,1.327,1,2105,1,51.561,0.646,-23.500,-18.500,-42.000,-0.141,-0.078,0.961,0.559,0.324,-0.004,0.056,0.044,1.288,1.400,2,NULL,NULL,,3,0,2,7,255,951,250,0,0
stim,45104,75225,0,75225,3272534.454,-0.533,-0.042,0.071,0.842,2405,314,1911,2687,2637,2551,1567,2781,57,1.327,1,2105,1,51.082,1.130,-23.750,-20.000,-40.563,-0.145,-0.105,0.961,1.004,0.520,-0.332,0.058,0.044,1.288,1.400,2,NULL,NULL,,3,0,2,7,255,951,250,0,0
stim,45104,75225,0,75225,3272539.455,-0.535,-0.042,0.070,0.841,2327,333,2011,2663,2669,2544,1675,2795,57,1.327,1,2105,1,51.460,1.314,-24.125,-21.000,-40.313,-0.145,-0.105,0.980,1.203,0.527,-0.332,0.056,0.046,1.288,1.400,2,NULL,NULL,,3,0,2,7,255,951,250,0,0
stim,45131,75252,0,75252,3272544.453,-0.536,-0.042,0.068,0.840,2251,331,2121,2619,2702,2555,1787,2809,57,1.327,1,2105,1,54.967,1.314,-29.813,-22.750,-40.188,-0.164,-0.086,1.027,1.203,0.527,-0.164,0.056,0.046,1.288,1.400,2,NULL,NULL,,3,0,2,7,255,951,250,0,0
stim,45131,75252,0,75252,3272549.455,-0.538,-0.042,0.065,0.840,2157,330,2223,2575,2727,2565,1880,2831,57,1.327,1,2105,1,66.936,1.128,-42.813,-25.063,-44.938,-0.199,-0.055,1.078,1.086,0.305,0.359,0.054,0.046,1.288,1.400,2,NULL,NULL,,3,0,2,7,255,951,250,0,0
stim,45131,75252,0,75252,3272554.454,-0.539,-0.042,0.063,0.839,2060,341,2309,2515,2743,2555,1982,2837,57,1.327,1,2105,1,78.060,0.926,-53.250,-25.875,-50.875,-0.152,0.016,1.008,0.922,-0.086,0.359,0.052,0.048,1.288,1.400,2,NULL,NULL,,3,0,2,7,255,951,250,0,0
stim,45131,75252,0,75252,3272559.455,-0.541,-0.042,0.060,0.838,1967,341,2377,2451,2775,2557,2069,2856,57,1.327,1,2105,1,74.144,0.109,-46.938,-26.688,-50.813,-0.078,0.031,0.926,0.066,-0.086,0.191,0.050,0.048,1.288,1.400,2,NULL,NULL,,3,0,2,7,255,951,250,0,0
stim,45131,75252,0,75252,3272564.453,-0.543,-0.042,0.058,0.837,1843,331,2451,2359,2805,2568,2147,2860,57,1.327,1,2105,1,62.258,0.360,-36.125,-28.500,-41.938,-0.059,-0.008,0.957,-0.105,0.344,-0.457,0.048,0.048,1.288,1.400,2,NULL,NULL,,3,0,2,7,255,951,250,0,0
stim,45131,75252,0,75252,3272569.455,-0.544,-0.042,0.056,0.836,1673,316,2516,2268,2825,2553,2245,2877,57,1.327,1,2105,1,53.077,0.669,-30.500,-29.375,-32.000,-0.086,-0.051,1.008,-0.105,0.660,-0.457,0.044,0.048,1.288,1.400,2,NULL,NULL,,3,0,2,7,255,951,250,0,0
stim,45131,75252,0,75252,3272574.454,-0.545,-0.042,0.054,0.836,1475,295,2575,2146,2848,2555,2321,2895,57,1.327,1,2105,1,53.489,0.741,-33.188,-30.250,-29.063,-0.152,-0.063,1.055,0.336,0.660,0.082,0.040,0.048,1.288,1.400,2,NULL,NULL,,3,0,2,7,255,951,250,0,0
stim,45131,75252,0,75252,3272579.455,-0.546,-0.042,0.052,0.835,1260,277,2617,2014,2875,2549,2367,2903,57,1.327,1,2105,1,63.973,0.353,-40.688,-31.438,-38.063,-0.207,-0.008,1.086,0.336,0.109,0.637,0.038,0.048,1.288,1.400,2,NULL,NULL,,3,0,2,7,255,951,250,0,0
stim,45131,75252,0,75252,3272584.454,-0.548,-0.041,0.049,0.834,1093,261,2663,1831,2887,2551,2451,2914,57,1.327,1,2105,1,71.648,0.567,-43.688,-33.125,-46.125,-0.152,0.055,1.039,0.336,-0.457,0.637,0.036,0.050,1.288,1.400,2,NULL,NULL,,3,0,2,7,255,951,250,0,0
stim,45131,75252,0,75252,3272589.455,-0.550,-0.041,0.047,0.833,894,225,2695,1610,2909,2551,2511,2925,57,1.327,1,2105,1,68.294,0.630,-38.750,-34.625,-44.313,-0.070,0.066,1.004,-0.434,-0.457,0.477,0.036,0.050,1.288,1.400,2,NULL,NULL,,3,0,2,7,255,951,250,0,0
stim,45163,75284,0,75284,3272594.454,-0.551,-0.041,0.045,0.832,603,180,2743,1380,2921,2537,2553,2941,57,1.327,1,2105,1,61.277,0.452,-31.813,-35.438,-38.563,-0.082,0.000,1.023,-0.434,0.129,0.246,0.036,0.052,1.288,1.400,2,NULL,NULL,,3,0,2,7,255,951,250,0,0
stim,45163,75284,0,75284,3272599.455,-0.552,-0.040,0.043,0.832,419,108,2785,1143,2940,2526,2600,2942,57,1.327,1,2105,1,56.972,0.308,-27.625,-39.688,-30.125,-0.105,-0.016,1.078,-0.266,0.156,0.246,0.036,0.052,1.288,1.400,2,NULL,NULL,,3,0,2,7,255,951,250,0,0
stim,45163,75284,0,75284,3272604.454,-0.553,-0.039,0.040,0.831,243,70,2808,889,2954,2511,2661,2957,57,1.327,1,2105,1,59.267,0.193,-32.688,-41.250,-27.250,-0.102,-0.012,1.070,-0.113,0.156,0.723,0.036,0.054,1.288,1.400,2,NULL,NULL,,3,0,2,7,255,951,250,0,0
stim,45163,75284,0,75284,3272609.455,-0.554,-0.038,0.038,0.831,116,19,2839,647,2972,2495,2692,2962,57,1.327,1,2105,1,58.603,0.131,-27.063,-42.625,-29.750,-0.141,-0.043,1.043,-0.051,0.121,0.723,0.036,0.054,1.288,1.400,2,NULL,NULL,,3,0,2,7,255,951,250,0,0
stim,45183,75304,0,75304,3272614.454,-0.555,-0.037,0.036,0.830,31,0,2851,459,2987,2483,2713,2971,57,1.327,1,2105,1,66.928,0.166,-26.313,-47.500,-39.125,-0.066,0.004,1.055,-0.113,0.121,0.520,0.036,0.054,1.288,1.400,2,NULL,NULL,,3,0,2,7,255,951,250,0,0
stim,45183,75304,0,75304,3272619.457,-0.556,-0.035,0.034,0.829,11,0,2875,283,2991,2457,2748,2983,57,1.327,1,2105,1,58.981,0.434,-11.688,-51.250,-26.750,-0.023,0.141,1.086,-0.414,0.129,0.520,0.036,0.056,1.288,1.400,2,NULL,NULL,,3,0,2,7,255,951,250,0,0
stim,45183,75304,0,75304,3272624.453,-0.558,-0.034,0.033,0.829,0,0,2879,200,3006,2425,2792,2991,57,1.327,1,2105,1,67.203,1.354,-20.375,-52.750,-36.313,-0.098,0.121,1.102,-1.348,0.129,0.777,0.036,0.056,1.288,1.400,2,NULL,NULL,,3,0,2,7,255,951,250,0,0
stim,45183,75304,0,75304,3272629.455,-0.558,-0.031,0.032,0.828,0,0,2901,118,3017,2408,2809,2985,57,1.327,1,2105,1,66.642,1.449,13.688,-62.813,-17.563,-0.301,-0.008,1.250,-1.348,-0.531,1.012,0.038,0.056,1.288,1.400,2,NULL,NULL,,3,0,2,7,255,951,250,0,0
stim,45183,75304,0,75304,3272634.454,-0.559,-0.028,0.031,0.828,0,0,2919,99,3031,2361,2839,2983,57,1.327,1,2105,1,82.142,1.881,35.000,-73.750,-9.125,-0.465,-0.113,1.492,0.531,-1.805,2.652,0.040,0.058,1.288,1.400,2,NULL,NULL,,3,0,2,7,255,951,250,0,0
stim,45183,75304,0,75304,3272639.455,-0.560,-0.024,0.031,0.828,0,0,2919,77,3045,2327,2871,2997,57,1.327,1,2105,1,101.252,3.010,47.188,-84.500,-29.750,-0.480,-0.008,1.801,1.113,-2.797,5.137,0.038,0.066,1.288,1.400,2,NULL,NULL,,3,0,2,7,255,951,250,0,0
stim,45230,75351,0,75351,3272644.453,-0.561,-0.021,0.029,0.827,0,0,2925,29,3053,2274,2879,2999,57,1.327,1,2105,0,96.400,3.010,8.000,-93.688,-21.250,-0.199,0.293,1.859,1.113,-2.797,8.137,0.038,0.076,1.288,1.400,3,NULL,NULL,,3,0,2,7,255,951,250,0,0
stim,45230,75351,0,75351,3272649.455,-0.561,-0.019,0.024,0.827,0,0,2931,0,3053,2213,2905,3003,57,1.327,1,2105,0,115.746,3.171,-68.250,-92.750,-11.688,0.012,0.316,1.508,-2.586,-1.836,8.137,0.042,0.084,1.288,1.400,3,NULL,NULL,,3,0,2,7,255,951,250,0,0
stim,45230,75351,0,75351,3272654.454,-0.560,-0.017,0.020,0.828,0,0,2933,0,3063,2141,2927,2998,57,1.327,1,2105,0,124.906,2.727,-71.563,-99.625,23.563,-0.066,0.184,1.184,-2.586,-0.867,4.898,0.048,0.092,1.288,1.400,3,NULL,NULL,,3,0,2,7,255,951,250,0,0
stim,45230,75351,0,75351,3272659.455,-0.558,-0.014,0.016,0.829,0,0,2939,0,3069,2057,2942,3001,57,1.327,1,2105,0,127.045,2.123,-39.625,-109.375,51.063,-0.180,0.176,1.148,-1.938,-0.867,1.785,0.056,0.096,1.288,1.400,3,NULL,NULL,,3,0,2,7,255,951,250,0,0
stim,45230,75351,0,75351,3272664.453,-0.556,-0.010,0.012,0.831,0,0,2932,0,3081,1911,2943,2989,57,1.327,1,2105,0,126.343,2.452,-20.688,-115.938,45.750,-0.406,-0.012,1.195,-1.402,-2.012,1.785,0.064,0.104,1.288,1.400,3,NULL,NULL,,3,0,2,7,255,951,250,0,0
stim,45230,75351,0,75351,3272669.455,-0.556,-0.006,0.009,0.831,0,0,2928,0,3093,1786,2957,2985,57,1.327,1,2105,0,125.928,3.232,-10.250,-123.688,21.313,-0.379,-0.094,1.313,1.152,-3.020,2.016,0.072,0.112,1.288,1.400,3,NULL,NULL,,3,0,2,7,255,951,250,0,0
stim,45230,75351,0,75351,3272674.454,-0.555,-0.002,0.005,0.832,0,0,2921,0,3083,1625,2973,2987,57,1.327,1,2105,0,132.908,3.522,-18.500,-130.813,14.500,-0.344,-0.250,1.355,1.813,-3.020,3.129,0.080,0.122,1.288,1.400,3,NULL,NULL,,3,0,2,7,255,951,250,0,0
stim,45230,75351,0,75351,3272679.455,-0.554,0.003,0.001,0.832,0,0,2906,0,3087,1415,2975,2973,57,1.327,1,2105,0,138.946,2.912,-18.750,-137.250,10.813,-0.207,-0.164,1.316,1.863,-2.238,3.129,0.088,0.134,1.288,1.400,3,NULL,NULL,,3,0,2,7,255,951,250,0,0
stim,45251,75372,0,75372,3272684.454,-0.553,0.007,-0.003,0.833,0,0,2903,0,3095,1211,2989,2969,57,1.327,1,2105,0,147.950,2.575,-30.875,-143.188,20.813,-0.207,-0.176,1.211,2.047,-1.563,3.109,0.094,0.146,1.288,1.400,3,NULL,NULL,,3,0,2,7,255,951,250,0,0
stim,45251,75372,0,75372,3272689.455,-0.552,0.012,-0.008,0.834,0,0,2875,0,3099,953,2996,2951,57,1.327,1,2105,0,155.518,2.432,-19.000,-151.688,28.563,-0.203,-0.047,1.180,1.863,-1.563,2.059,0.100,0.156,1.288,1.400,3,NULL,NULL,,3,0,2,7,255,951,250,0,0
stim,45251,75372,0,75372,3272694.453,-0.551,0.017,-0.012,0.834,0,0,2867,0,3099,677,3007,2935,57,1.327,1,2105,0,161.393,2.626,-18.250,-157.563,29.813,-0.281,-0.078,1.113,1.531,-2.133,1.719,0.106,0.168,1.288,1.400,3,NULL,NULL,,3,0,2,7,255,951,250,0,0
stim,45251,75372,0,75372,3272699.455,-0.550,0.023,-0.016,0.835,0,0,2833,0,3097,523,3016,2933,57,1.327,1,2105,0,168.832,3.230,4.125,-167.250,22.688,-0.285,-0.098,1.141,1.531,-2.844,1.227,0.112,0.182,1.288,1.400,3,NULL,NULL,,3,0,2,7,255,951,250,0,0
stim,45275,75396,0,75396,3272704.454,-0.549,0.029,-0.020,0.835,0,0,2783,0,3103,339,3023,2905,57,1.327,1,2105,0,176.482,3.368,10.750,-175.688,12.813,-0.242,-0.121,1.203,1.805,-2.844,1.227,0.122,0.196,1.288,1.400,3,NULL,NULL,,3,0,2,7,255,951,250,0,0
stim,45275,75396,0,75396,3272709.455,-0.548,0.036,-0.023,0.835,0,0,2742,0,3111,138,3027,2877,57,1.327,1,2105,0,184.486,3.284,17.625,-183.250,12.000,-0.195,-0.137,1.258,1.910,-2.672,1.816,0.130,0.208,1.288,1.400,3,NULL,NULL,,3,0,2,7,255,951,250,0,0
stim,45275,75396,0,75396,3272714.453,-0.547,0.043,-0.027,0.836,0,0,2703,0,3098,60,3033,2844,57,1.327,1,2105,0,195.036,3.284,19.250,-192.938,21.063,-0.211,-0.055,1.340,1.910,-2.672,2.332,0.140,0.222,1.288,1.400,3,NULL,NULL,,3,0,2,7,255,951,250,0,0
stim,45275,75396,0,75396,3272719.455,-0.546,0.051,-0.031,0.836,0,0,2631,0,3099,8,3045,2807,57,1.327,1,2105,0,203.337,3.401,22.625,-201.125,19.563,-0.211,0.141,1.488,1.395,-3.102,3.043,0.150,0.236,1.288,1.400,3,NULL,NULL,,3,0,2,7,255,951,250,0,0
stim,45275,75396,0,75396,3272724.454,-0.545,0.059,-0.036,0.836,0,0,2571,0,3096,0,3045,2750,57,1.327,1,2105,0,212.194,4.238,14.188,-211.375,12.063,-0.285,0.266,1.594,-0.184,-4.234,4.391,0.160,0.252,1.288,1.400,3,NULL,NULL,,3,0,2,7,255,951,250,0,0
stim,45275,75396,0,75396,3272729.455,-0.544,0.067,-0.041,0.836,0,0,2468,0,3093,0,3037,2705,57,1.327,1,2105,0,221.462,5.761,10.188,-221.125,6.750,-0.359,0.277,1.840,-0.469,-5.742,5.215,0.174,0.268,1.288,1.400,3,NULL,NULL,,3,0,2,7,255,951,250,0,0
stim,45327,75448,0,75448,3272734.453,-0.543,0.076,-0.046,0.835,0,0,2349,0,3077,0,3039,2629,57,1.327,1,2105,0,234.879,7.109,-3.875,-234.750,-6.750,-0.473,0.227,2.160,-0.469,-7.094,7.391,0.190,0.284,1.288,1.400,3,NULL,NULL,,3,0,2,7,255,951,250,0,0
stim,45327,75448,0,75448,3272739.455,-0.543,0.084,-0.053,0.834,0,0,2199,0,3051,0,3039,2551,57,1.327,1,2105,0,256.146,8.779,-24.375,-254.875,-7.438,-0.598,0.086,2.453,0.707,-8.750,10.160,0.210,0.304,1.288,1.400,3,NULL,NULL,,3,0,2,7,255,951,250,0,0
stim,45327,75448,0,75448,3272744.453,-0.542,0.094,-0.061,0.833,0,0,2013,0,3043,0,3025,2457,57,1.327,1,2105,0,283.545,10.374,-27.563,-282.063,8.875,-0.680,0.305,2.617,1.387,-10.281,12.563,0.234,0.330,1.288,1.400,3,NULL,NULL,,3,0,2,7,255,951,250,0,0
stim,45327,75448,0,75448,3272749.455,-0.540,0.104,-0.071,0.832,0,0,1865,0,3016,39,3002,2330,57,1.327,1,2105,0,316.553,12.794,-61.375,-310.375,10.313,-0.688,0.809,2.688,1.387,-12.719,13.629,0.264,0.360,1.288,1.400,3,NULL,NULL,,3,0,2,7,255,951,250,0,0
stim,45327,75448,0,75448,3272754.454,-0.539,0.114,-0.082,0.831,0,0,1722,0,2999,55,2989,2175,57,1.327,1,2105,0,348.517,15.825,-90.313,-336.500,8.688,-0.727,1.051,2.688,-2.914,-15.555,13.629,0.300,0.398,1.288,1.400,3,NULL,NULL,,3,0,2,7,255,951,250,0,0
stim,45327,75448,0,75448,3272759.455,-0.537,0.124,-0.094,0.829,0,0,1607,0,2954,61,2963,2007,57,1.327,1,2105,0,377.346,18.178,-108.875,-361.250,5.875,-0.797,1.098,2.855,-4.762,-17.543,13.746,0.344,0.442,1.288,1.400,3,NULL,NULL,,3,0,2,7,255,951,250,0,0
stim,45349,75470,0,75470,3272764.453,-0.537,0.135,-0.109,0.826,0,0,1493,0,2907,67,2927,1823,57,1.327,1,2105,0,409.950,20.111,-143.875,-383.688,-11.938,-0.891,1.055,2.996,-4.762,-19.539,13.828,0.398,0.496,1.288,1.400,3,NULL,NULL,,3,0,2,7,255,951,250,0,0
stim,45349,75470,0,75470,3272769.455,-0.536,0.145,-0.124,0.822,0,0,1391,0,2844,57,2879,1693,57,1.327,1,2105,0,440.693,21.794,-171.938,-404.625,-30.438,-0.926,0.906,2.965,-3.926,-21.438,13.828,0.460,0.556,1.288,1.400,3,NULL,NULL,,3,0,2,7,255,951,250,0,0
stim,45349,75470,0,75470,3272774.454,-0.536,0.157,-0.140,0.818,0,0,1267,0,2765,11,2808,1515,57,1.327,1,2105,0,466.077,21.846,-169.813,-431.563,-46.313,-0.914,0.633,2.957,-2.559,-21.695,13.043,0.532,0.626,1.288,1.400,3,NULL,NULL,,3,0,2,7,255,951,250,0,0
stim,45349,75470,0,75470,3272779.455,-0.535,0.169,-0.157,0.813,0,0,1115,0,2671,0,2695,1353,57,1.327,1,2105,0,490.883,21.974,-173.063,-458.063,-34.563,-0.922,0.766,2.898,-1.449,-21.926,12.371,0.610,0.704,1.288,1.400,3,NULL,NULL,,3,0,2,7,255,951,250,0,0
stim,45349,75470,0,75470,3272784.454,-0.534,0.182,-0.174,0.807,0,0,943,0,2536,0,2539,1177,57,1.327,1,2105,0,507.265,22.940,-182.313,-471.000,-47.313,-0.938,0.895,2.859,-1.449,-22.895,10.754,0.696,0.788,1.288,1.400,3,NULL,NULL,,3,0,2,7,255,951,250,0,0
stim,45349,75470,0,75470,3272789.455,-0.533,0.195,-0.191,0.801,0,0,752,0,2377,0,2329,992,57,1.327,1,2105,0,514.661,24.067,-174.250,-479.875,-65.063,-0.855,0.668,2.953,-1.449,-24.023,9.602,0.792,0.882,1.288,1.400,3,NULL,NULL,,3,0,2,7,255,951,250,0,0
stim,45349,75470,0,75470,3272794.453,-0.532,0.209,-0.208,0.794,0,0,573,0,2147,0,2075,864,57,1.327,1,2105,0,525.080,24.040,-169.438,-494.625,-48.438,-0.785,0.156,3.012,-0.887,-24.023,9.602,0.896,0.986,1.288,1.400,3,NULL,NULL,,3,0,2,7,255,951,250,0,0
stim,45349,75470,0,75470,3272799.455,-0.528,0.222,-0.227,0.788,0,0,365,0,1869,0,1761,699,57,1.327,1,2105,0,557.885,23.277,-205.250,-518.625,11.688,-0.805,-0.328,2.711,3.531,-23.008,9.602,1.006,1.098,1.288,1.400,3,NULL,NULL,,3,0,2,7,255,951,250,0,0
stim,45374,75495,0,75495,3272804.454,-0.523,0.234,-0.248,0.781,0,0,225,0,1561,0,1349,579,57,1.327,1,2105,0,579.478,22.191,-229.063,-531.563,27.688,-0.730,-0.441,1.938,7.762,-20.789,7.137,1.120,1.214,1.288,1.400,3,NULL,NULL,,3,0,2,7,255,951,250,0,0
stim,45374,75495,0,75495,3272809.455,-0.518,0.249,-0.266,0.774,0,0,159,0,1237,0,777,445,57,1.327,1,2105,0,569.616,17.717,-163.875,-545.375,13.188,-0.664,-0.395,1.375,7.762,-15.926,0.926,1.240,1.334,1.288,1.400,3,NULL,NULL,,3,0,2,7,255,951,250,0,0
stim,45374,75495,0,75495,3272814.453,-0.510,0.265,-0.281,0.768,0,0,91,0,878,0,278,362,57,1.327,1,2105,0,557.082,15.902,-62.438,-553.188,20.625,-0.559,-0.020,1.559,6.840,-14.355,-2.938,1.354,1.450,1.288,1.400,3,NULL,NULL,,3,0,2,7,255,951,250,0,0
stim,45374,75495,0,75495,3272819.455,-0.501,0.283,-0.294,0.763,0,0,63,0,411,0,0,311,57,1.327,1,2105,0,557.375,14.736,-10.313,-553.750,62.625,-0.824,0.398,2.160,3.328,-14.355,-2.938,1.462,1.560,1.288,1.400,3,NULL,NULL,,3,0,2,7,255,951,250,0,0
stim,45394,75515,0,75515,3272824.454,-0.488,0.298,-0.311,0.759,0,0,18,0,34,0,0,253,57,1.327,1,2105,0,596.883,22.022,-51.750,-570.813,166.625,-1.402,0.465,2.375,3.219,-21.785,-2.938,1.554,1.656,1.288,1.400,3,NULL,NULL,,3,0,2,7,255,951,250,0,0
stim,45394,75515,0,75515,3272829.455,-0.475,0.310,-0.330,0.754,0,0,17,0,0,0,0,184,57,1.327,1,2105,0,620.180,26.447,-146.563,-571.250,191.875,-1.594,0.809,2.023,1.246,-26.418,-6.555,1.638,1.742,1.288,1.400,4,NULL,NULL,,3,0,2,7,255,951,250,0,0
stim,45394,75515,0,75515,3272834.454,-0.466,0.321,-0.350,0.746,0,0,5,0,0,0,0,142,57,1.327,1,2105,0,590.276,26.425,-228.063,-534.438,103.875,-1.262,1.246,1.414,0.629,-26.418,-12.223,1.724,1.830,1.288,1.400,0,NULL,NULL,,3,0,2,7,255,951,250,0,0
stim,45394,75515,0,75515,3272839.455,-0.461,0.331,-0.369,0.736,0,0,7,0,0,0,0,101,57,1.327,1,2105,0,551.280,21.679,-263.625,-482.563,39.313,-0.703,1.430,1.035,-5.242,-21.035,-13.996,1.818,1.928,1.288,1.400,0,NULL,NULL,,3,0,2,7,255,951,250,0,0
stim,45432,75553,0,75553,3272844.453,-0.455,0.335,-0.389,0.727,0,0,10,0,0,0,0,119,57,1.327,1,2105,0,526.212,17.704,-326.188,-400.813,99.250,-0.789,1.297,0.781,-8.309,-15.633,-15.207,1.926,2.036,1.288,1.400,0,NULL,NULL,,3,0,2,7,255,951,250,0,0
stim,45432,75553,0,75553,3272849.455,-0.453,0.334,-0.410,0.718,0,0,4,0,0,0,0,116,57,1.327,1,2105,0,514.861,16.187,-412.375,-287.250,111.875,-0.371,1.566,-0.031,-9.441,-13.148,-16.258,2.038,2.150,1.288,1.400,0,NULL,NULL,,3,0,2,7,255,951,250,0,0
stim,45432,75553,0,75553,3272854.454,-0.453,0.333,-0.421,0.712,0,0,6,0,0,0,0,121,57,1.327,1,2105,0,300.606,9.522,-257.750,-152.500,25.938,-0.398,0.496,-0.316,-8.309,-4.652,-16.258,2.148,2.262,1.288,1.400,0,NULL,NULL,,3,0,2,7,255,951,250,0,0
stim,45432,75553,0,75553,3272859.455,-0.452,0.333,-0.424,0.711,0,0,1,0,0,0,0,109,57,1.327,1,2105,0,79.759,5.732,-50.188,-59.375,17.813,-0.766,-0.695,0.434,-3.348,-4.652,-15.949,2.248,2.360,1.288,1.400,0,NULL,NULL,,3,0,2,7,255,951,250,0,0
stim,45432,75553,0,75553,3272864.453,-0.453,0.331,-0.425,0.710,0,0,0,0,0,0,0,99,57,1.327,1,2105,0,56.949,10.642,-44.750,35.188,1.563,-1.086,-0.563,1.285,9.266,-5.234,-12.367,2.332,2.444,1.288,1.400,0,NULL,NULL,,3,0,2,7,255,951,250,0,0
stim,45432,75553,0,75553,3272869.455,-0.459,0.325,-0.427,0.708,0,0,0,0,0,0,0,78,57,1.327,1,2105,0,213.673,15.031,-162.750,131.125,-44.438,-1.090,0.242,0.824,9.266,-11.836,-12.367,2.398,2.510,1.288,1.400,0,NULL,NULL,,3,0,2,7,255,951,250,0,0
stim,45432,75553,0,75553,3272874.454,-0.466,0.317,-0.427,0.707,0,0,0,0,0,0,0,23,57,1.327,1,2105,0,251.731,11.993,-152.875,196.750,-35.875,-0.906,0.871,-0.074,1.938,-11.836,-16.324,2.454,2.566,1.288,1.400,0,NULL,NULL,,3,0,2,7,255,951,250,0,0
stim,45432,75553,0,75553,3272879.455,-0.472,0.309,-0.423,0.710,0,0,0,0,0,0,0,11,57,1.327,1,2105,0,236.092,6.494,-34.813,233.500,-2.250,-0.813,1.000,-0.078,-4.820,-4.352,-19.980,2.506,2.620,1.288,1.400,0,NULL,NULL,,3,0,2,7,255,951,250,0,0
stim,45433,75554,0,75554,3272884.454,-0.475,0.301,-0.417,0.714,0,0,0,0,0,0,0,8,57,1.327,1,2105,0,251.107,6.494,22.625,248.938,23.938,-0.961,0.785,0.688,-4.820,-4.352,-19.980,2.560,2.674,1.288,1.400,0,NULL,NULL,,3,0,2,7,255,951,250,0,0
stim,45433,75554,0,75554,3272889.455,-0.480,0.292,-0.413,0.717,0,0,0,0,0,0,0,11,57,1.327,1,2105,0,262.688,12.022,-21.125,261.063,20.125,-1.016,0.484,0.945,-3.785,-11.410,-16.969,2.606,2.722,1.288,1.400,0,NULL,NULL,,3,0,2,7,255,951,250,0,0
stim,45461,75582,0,75582,3272894.453,-0.486,0.282,-0.410,0.719,0,0,0,0,0,0,0,5,57,1.327,1,2105,0,277.632,11.444,-79.250,265.813,11.938,-0.871,0.352,0.559,-0.879,-11.410,-15.113,2.642,2.758,1.288,1.400,0,NULL,NULL,,3,0,2,7,255,951,250,0,0
stim,45461,75582,0,75582,3272899.455,-0.491,0.272,-0.407,0.721,0,0,0,0,0,0,0,4,57,1.327,1,2105,0,277.360,9.420,-79.188,264.625,25.125,-0.652,0.363,-0.023,-0.879,-9.379,-15.113,2.674,2.792,1.288,1.400,0,NULL,NULL,,3,0,2,7,255,951,250,0,0
stim,45461,75582,0,75582,3272904.454,-0.494,0.262,-0.403,0.724,0,0,0,0,0,0,0,6,57,1.327,1,2105,0,268.505,3.690,-32.375,261.313,52.563,-0.559,0.398,-0.305,-1.020,-3.547,-16.191,2.708,2.826,1.288,1.400,0,NULL,NULL,,3,0,2,7,255,951,250,0,0
stim,45461,75582,0,75582,3272909.455,-0.497,0.253,-0.397,0.729,0,0,0,0,0,0,0,4,57,1.327,1,2105,0,267.095,2.888,16.563,259.625,60.500,-0.691,0.480,-0.234,-1.512,-2.461,-16.973,2.742,2.862,1.288,1.400,0,NULL,NULL,,3,0,2,7,255,951,250,0,0
stim,45483,75604,0,75604,3272914.453,-0.500,0.245,-0.390,0.733,0,0,0,0,0,0,0,5,57,1.327,1,2105,0,271.825,2.888,42.125,262.875,54.875,-0.527,0.336,-0.121,-1.512,-2.461,-16.973,2.776,2.896,1.288,1.400,0,NULL,NULL,,3,0,2,7,255,951,250,0,0
stim,45483,75604,0,75604,3272919.455,-0.502,0.237,-0.383,0.739,0,0,0,0,0,0,0,0,57,1.327,1,2105,0,281.568,2.699,57.750,267.188,67.500,-0.438,0.301,-0.090,-1.109,-2.461,-15.492,2.804,2.926,1.288,1.400,0,NULL,NULL,,3,0,2,7,255,951,250,0,0
stim,45483,75604,0,75604,3272924.454,-0.503,0.228,-0.375,0.744,0,0,0,0,0,0,0,0,57,1.327,1,2105,0,294.913,2.695,81.000,271.438,82.063,-0.445,0.285,-0.043,-1.098,-2.461,-14.492,2.826,2.950,1.288,1.400,0,NULL,NULL,,3,0,2,7,255,951,250,0,0
stim,45483,75604,0,75604,3272929.455,-0.504,0.220,-0.367,0.750,0,0,0,0,0,0,0,0,57,1.327,1,2105,0,308.348,2.938,105.688,275.375,89.875,-0.523,0.270,0.117,-0.945,-2.781,-14.152,2.846,2.970,1.288,1.400,0,NULL,NULL,,3,0,2,7,255,951,250,0,0
stim,45483,75604,0,75604,3272934.454,-0.505,0.213,-0.357,0.757,0,0,0,0,0,0,0,0,57,1.327,1,2105,0,316.175,4.547,118.938,280.688,83.875,-0.574,0.262,0.324,-0.566,-4.512,-13.605,2.864,2.988,1.288,1.400,0,NULL,NULL,,3,0,2,7,255,951,250,0,0
stim,45483,75604,0,75604,3272939.455,-0.506,0.205,-0.347,0.763,0,0,0,0,0,0,0,0,57,1.327,1,2105,0,319.894,6.497,121.750,287.188,70.938,-0.570,0.266,0.492,-0.520,-6.477,-12.500,2.882,3.008,1.288,1.400,0,NULL,NULL,,3,0,2,7,255,951,250,0,0
stim,45530,75651,0,75651,3272944.453,-0.508,0.197,-0.337,0.768,0,0,0,0,0,0,0,0,57,1.327,1,2105,0,325.374,7.760,125.063,293.938,61.875,-0.531,0.258,0.629,-0.520,-7.742,-11.203,2.902,3.028,1.288,1.400,0,NULL,NULL,,3,0,2,7,255,951,250,0,0
stim,45530,75651,0,75651,3272949.455,-0.509,0.189,-0.326,0.774,0,0,0,0,0,0,0,0,57,1.327,1,2105,0,332.260,8.520,125.938,301.875,58.375,-0.508,0.262,0.813,-0.691,-8.492,-9.777,2.922,3.050,1.288,1.400,0,NULL,NULL,,3,0,2,7,255,951,250,0,0
stim,45530,75651,0,75651,3272954.454,-0.511,0.180,-0.316,0.779,0,0,0,0,0,0,0,0,57,1.327,1,2105,0,336.677,9.681,116.375,311.750,51.188,-0.555,0.285,0.961,-0.922,-9.637,-8.160,2.948,3.076,1.288,1.400,0,NULL,NULL,,3,0,2,7,255,951,250,0,0
stim,45530,75651,0,75651,3272959.455,-0.514,0.171,-0.305,0.783,0,0,0,0,0,0,0,0,57,1.327,1,2105,0,340.445,10.994,100.813,323.000,37.563,-0.555,0.270,1.055,-1.031,-10.945,-7.160,2.976,3.104,1.288,1.400,0,NULL,NULL,,3,0,2,7,255,951,250,0,0
stim,45530,75651,0,75651,3272964.453,-0.517,0.161,-0.295,0.787,0,0,0,0,0,0,0,0,57,1.327,1,2105,0,345.765,11.466,83.313,334.750,23.563,-0.531,0.277,1.102,-1.047,-11.418,-6.117,3.008,3.136,1.288,1.400,0,NULL,NULL,,3,0,2,7,255,951,250,0,0
stim,45530,75651,0,75651,3272969.455,-0.521,0.151,-0.285,0.790,0,0,0,0,0,0,0,0,57,1.327,1,2105,0,353.388,11.489,68.625,346.500,10.563,-0.488,0.266,1.094,-1.273,-11.418,-5.344,3.042,3.172,1.288,1.400,0,NULL,NULL,,3,0,2,7,255,951,250,0,0
stim,45530,75651,0,75651,3272974.454,-0.526,0.140,-0.275,0.793,0,0,0,0,0,0,0,0,57,1.327,1,2105,0,361.918,11.010,57.938,357.250,-0.313,-0.449,0.246,1.070,-1.422,-10.918,-4.789,3.082,3.212,1.288,1.400,0,NULL,NULL,,3,0,2,7,255,951,250,0,0
stim,45530,75651,0,75651,3272979.455,-0.530,0.129,-0.264,0.795,0,0,0,0,0,0,0,1,57,1.327,1,2105,0,369.818,10.352,51.938,366.000,-10.563,-0.422,0.215,0.996,-1.422,-10.254,-4.484,3.124,3.256,1.288,1.400,0,NULL,NULL,,3,0,2,7,255,951,250,0,0
stim,45551,75672,0,75672,3272984.454,-0.535,0.117,-0.254,0.797,0,0,0,0,0,0,0,2,57,1.327,1,2105,0,377.244,9.472,53.250,372.938,-19.875,-0.352,0.145,0.906,-1.328,-9.379,-4.430,3.168,3.300,1.288,1.400,0,NULL,NULL,,3,0,2,7,255,951,250,0,0
stim,45551,75672,0,75672,3272989.455,-0.541,0.106,-0.243,0.799,0,0,0,0,0,0,0,6,57,1.327,1,2105,0,383.135,8.098,61.000,377.375,-25.688,-0.289,0.156,0.832,-1.328,-7.988,-4.484,3.214,3.348,1.288,1.400,0,NULL,NULL,,3,0,2,7,255,951,250,0,0
stim,45551,75672,0,75672,3272994.453,-0.546,0.095,-0.231,0.800,0,0,0,0,0,0,0,8,57,1.327,1,2105,0,388.241,7.039,75.125,379.813,-28.813,-0.180,0.063,0.777,-1.016,-6.965,-4.430,3.260,3.394,1.288,1.400,0,NULL,NULL,,3,0,2,7,255,951,250,0,0
stim,45551,75672,0,75672,3272999.455,-0.550,0.085,-0.218,0.802,0,0,0,0,0,0,0,13,57,1.327,1,2105,0,390.917,5.496,94.625,378.438,-25.438,-0.117,0.055,0.777,-1.184,-5.367,-4.105,3.304,3.440,1.288,1.400,0,NULL,NULL,,3,0,2,7,255,951,250,0,0
stim,45576,75697,0,75697,3273004.454,-0.554,0.074,-0.205,0.803,0,0,0,0,0,0,0,11,57,1.327,1,2105,0,392.025,4.770,111.313,375.438,-18.438,-0.098,0.086,0.773,-1.184,-4.621,-3.660,3.348,3.484,1.288,1.400,0,NULL,NULL,,3,0,2,7,255,951,250,0,0
stim,45576,75697,0,75697,3273009.455,-0.558,0.065,-0.192,0.805,0,0,0,0,0,0,0,11,57,1.327,1,2105,0,393.173,4.607,132.938,369.875,-10.250,-0.098,0.129,0.805,-1.547,-4.340,-3.570,3.392,3.528,1.288,1.400,0,NULL,NULL,,3,0,2,7,255,951,250,0,0
stim,45576,75697,0,75697,3273014.453,-0.561,0.056,-0.177,0.807,0,0,0,0,0,0,0,23,57,1.327,1,2105,0,396.372,4.777,155.500,364.563,-4.938,-0.098,0.133,0.887,-1.996,-4.340,-3.277,3.432,3.570,1.288,1.400,0,NULL,NULL,,3,0,2,7,255,951,250,0,0
stim,45576,75697,0,75697,3273019.455,-0.563,0.048,-0.162,0.809,0,0,0,0,0,0,0,23,57,1.327,1,2105,0,400.015,4.892,178.438,358.000,2.875,-0.137,0.145,1.063,-2.133,-4.402,-2.387,3.470,3.608,1.288,1.400,0,NULL,NULL,,3,0,2,7,255,951,250,0,0
stim,45576,75697,0,75697,3273024.454,-0.566,0.040,-0.147,0.810,0,0,0,0,0,0,0,26,57,1.327,1,2105,0,400.665,5.585,188.063,353.750,5.063,-0.164,0.219,1.250,-2.324,-5.078,-0.754,3.504,3.644,1.288,1.400,0,NULL,NULL,,3,0,2,7,255,951,250,0,0
stim,45576,75697,0,75697,3273029.455,-0.568,0.032,-0.131,0.812,0,0,0,0,0,0,0,38,57,1.327,1,2105,0,397.779,6.401,187.000,351.063,3.813,-0.184,0.199,1.332,-2.930,-5.691,0.969,3.536,3.676,1.288,1.400,0,NULL,NULL,,3,0,2,7,255,951,250,0,0
stim,45627,75748,0,75748,3273034.454,-0.570,0.025,-0.116,0.813,0,0,0,0,0,0,0,37,57,1.327,1,2105,0,399.393,6.401,197.313,347.188,6.563,-0.191,0.180,1.430,-2.930,-5.691,1.926,3.566,3.708,1.288,1.400,0,NULL,NULL,,3,0,2,7,255,951,250,0,0
stim,45627,75748,0,75748,3273039.455,-0.571,0.018,-0.100,0.815,0,0,0,0,0,0,0,42,57,1.327,1,2105,0,402.293,6.401,208.563,343.875,9.563,-0.250,0.219,1.586,-2.930,-5.691,3.094,3.594,3.738,1.288,1.400,0,NULL,NULL,,3,0,2,7,255,951,250,0,0
stim,45627,75748,0,75748,3273044.453,-0.572,0.011,-0.084,0.816,0,0,0,0,0,0,0,45,57,1.327,1,2105,0,401.452,6.729,212.000,340.875,4.875,-0.301,0.234,1.789,-3.000,-6.023,4.637,3.622,3.766,1.288,1.400,0,NULL,NULL,,3,0,2,7,255,951,250,0,0
stim,45627,75748,0,75748,3273049.455,-0.574,0.004,-0.068,0.816,0,0,0,0,0,0,0,43,57,1.327,1,2105,0,395.945,6.729,204.563,339.000,-2.313,-0.301,0.211,1.945,-3.000,-6.023,6.703,3.650,3.792,1.288,1.400,0,NULL,NULL,,3,0,2,7,255,951,250,0,0
stim,45627,75748,0,75748,3273054.454,-0.575,-0.003,-0.053,0.816,0,0,0,0,0,0,0,51,57,1.327,1,2105,0,387.552,6.607,191.625,336.813,-5.813,-0.281,0.207,2.047,-2.961,-5.906,8.488,3.678,3.820,1.288,1.400,0,NULL,NULL,,3,0,2,7,255,951,250,0,0
stim,45627,75748,0,75748,3273059.455,-0.577,-0.010,-0.038,0.816,0,0,0,0,0,0,0,43,57,1.327,1,2105,0,379.707,5.966,179.875,334.313,-7.563,-0.273,0.211,2.086,-2.961,-5.180,9.680,3.704,3.848,1.288,1.400,0,NULL,NULL,,3,0,2,7,255,951,250,0,0
stim,45627,75748,0,75748,3273064.453,-0.578,-0.018,-0.023,0.815,0,0,0,0,0,0,0,45,57,1.327,1,2105,0,374.625,5.364,174.125,331.500,-11.500,-0.262,0.191,2.105,-2.961,-4.473,10.234,3.732,3.878,1.288,1.400,0,NULL,NULL,,3,0,2,7,255,951,250,0,0
stim,45627,75748,0,75748,3273069.455,-0.580,-0.025,-0.008,0.814,0,0,0,0,0,0,0,45,57,1.327,1,2105,0,372.700,4.590,173.875,329.125,-18.688,-0.219,0.109,2.141,-2.785,-3.648,10.605,3.760,3.906,1.288,1.400,0,NULL,NULL,,3,0,2,7,255,951,250,0,0
stim,45650,75771,0,75771,3273074.454,-0.581,-0.032,0.006,0.813,0,0,0,0,0,0,0,51,57,1.327,1,2105,0,372.198,3.103,174.500,327.875,-24.063,-0.141,0.008,2.164,-2.082,-2.301,11.094,3.788,3.934,1.288,1.400,0,NULL,NULL,,3,0,2,7,255,951,250,0,0
stim,45650,75771,0,75771,3273079.455,-0.582,-0.039,0.021,0.812,0,0,0,0,0,0,0,51,57,1.327,1,2105,0,372.904,1.439,175.875,327.750,-26.563,-0.047,-0.039,2.141,-1.309,-0.598,11.137,3.816,3.962,1.288,1.400,0,NULL,NULL,,3,0,2,7,255,951,250,0,0
stim,45650,75771,0,75771,3273084.453,-0.584,-0.046,0.035,0.810,0,0,0,0,0,0,0,51,57,1.327,1,2105,0,378.063,1.531,186.000,327.875,-28.875,0.086,-0.063,2.094,-1.059,1.105,11.137,3.842,3.988,1.288,1.400,0,NULL,NULL,,3,0,2,7,255,951,250,0,0
stim,45650,75771,0,75771,3273089.455,-0.585,-0.052,0.051,0.808,0,0,0,0,0,0,0,57,57,1.327,1,2105,0,389.039,3.196,208.563,326.938,-31.063,0.266,-0.090,2.109,-1.059,3.016,10.496,3.864,4.010,1.288,1.400,0,NULL,NULL,,3,0,2,7,255,951,250,0,0
stim,45650,75771,0,75771,3273094.453,-0.586,-0.058,0.067,0.805,0,0,0,0,0,0,0,58,57,1.327,1,2105,0,404.428,5.556,237.125,325.875,-33.750,0.508,-0.102,2.223,-1.176,5.430,10.496,3.882,4.028,1.288,1.400,0,NULL,NULL,,3,0,2,7,255,951,250,0,0
stim,45650,75771,0,75771,3273099.455,-0.587,-0.062,0.085,0.802,0,0,0,0,0,0,0,59,57,1.327,1,2105,0,417.777,8.679,260.688,324.875,-32.188,0.754,-0.102,2.367,-1.617,8.527,10.797,3.894,4.042,1.288,1.400,0,NULL,NULL,,3,0,2,7,255,951,250,0,0
stim,45676,75797,0,75797,3273104.454,-0.588,-0.067,0.102,0.800,0,0,0,0,0,0,0,69,57,1.327,1,2105,0,426.263,11.933,277.063,323.188,-22.063,0.965,-0.145,2.477,-1.969,11.770,11.395,3.902,4.050,1.288,1.400,0,NULL,NULL,,3,0,2,7,255,951,250,0,0
stim,45676,75797,0,75797,3273109.455,-0.588,-0.070,0.121,0.797,0,0,0,0,0,0,0,67,57,1.327,1,2105,0,433.404,14.939,290.375,321.688,-6.188,1.094,-0.250,2.547,-1.969,14.809,11.395,3.900,4.050,1.288,1.400,0,NULL,NULL,,3,0,2,7,255,951,250,0,0
stim,45676,75797,0,75797,3273114.453,-0.587,-0.074,0.140,0.794,0,0,0,0,0,0,0,69,57,1.327,1,2105,0,443.435,17.202,308.313,318.563,9.813,1.137,-0.340,2.625,-0.957,17.176,11.309,3.892,4.042,1.288,1.400,0,NULL,NULL,,3,0,2,7,255,951,250,0,0
stim,45676,75797,0,75797,3273119.455,-0.586,-0.076,0.159,0.791,0,0,0,0,0,0,0,71,57,1.327,1,2105,0,451.538,18.751,322.125,316.063,15.063,1.121,-0.383,2.723,0.203,18.750,11.309,3.872,4.024,1.288,1.400,0,NULL,NULL,,3,0,2,7,255,951,250,0,0
stim,45693,75814,0,75814,3273124.454,-0.585,-0.079,0.178,0.788,0,0,0,0,0,0,0,68,57,1.327,1,2105,0,452.471,19.806,326.750,312.750,12.313,1.082,-0.395,2.801,1.133,19.773,11.453,3.842,3.994,1.288,1.400,0,NULL,NULL,,3,0,2,7,255,951,250,0,0
stim,45693,75814,0,75814,3273129.455,-0.583,-0.081,0.197,0.784,0,0,0,0,0,0,0,71,57,1.327,1,2105,0,447.892,20.536,326.563,306.500,4.688,1.047,-0.320,2.922,1.844,20.453,11.566,3.798,3.950,1.288,1.400,0,NULL,NULL,,3,0,2,7,255,951,250,0,0
stim,45693,75814,0,75814,3273134.453,-0.583,-0.083,0.215,0.779,0,0,0,0,0,0,0,86,57,1.327,1,2105,0,435.186,21.240,317.000,297.938,-11.438,1.105,-0.195,3.125,1.844,21.160,12.164,3.740,3.894,1.288,1.400,0,NULL,NULL,,3,0,2,7,255,951,250,0,0
stim,45693,75814,0,75814,3273139.455,-0.582,-0.086,0.233,0.774,0,0,0,0,0,0,0,100,57,1.327,1,2105,0,413.069,22.950,295.063,287.313,-31.875,1.332,0.094,3.426,1.211,22.918,13.234,3.672,3.826,1.288,1.400,0,NULL,NULL,,3,0,2,7,255,951,250,0,0
stim,45732,75853,0,75853,3273144.454,-0.583,-0.090,0.247,0.769,0,0,0,0,0,0,0,117,57,1.327,1,2105,0,373.201,26.256,242.250,278.250,-56.313,1.797,0.441,3.574,-1.320,26.223,14.223,3.592,3.746,1.288,1.400,0,NULL,NULL,,3,0,2,7,255,951,250,0,0
stim,45732,75853,0,75853,3273149.455,-0.583,-0.095,0.259,0.764,0,0,0,0,0,0,0,148,57,1.327,1,2105,0,320.317,31.258,160.688,268.875,-67.000,2.379,0.383,3.402,-5.305,30.805,14.223,3.500,3.656,1.288,1.400,0,NULL,NULL,,3,0,2,7,255,951,250,0,0
stim,45732,75853,0,75853,3273154.453,-0.582,-0.102,0.268,0.761,0,0,0,0,0,0,0,183,57,1.327,1,2105,0,275.528,35.941,84.938,258.250,-44.813,2.848,-0.020,2.965,-5.305,35.547,9.234,3.400,3.556,1.288,1.400,0,NULL,NULL,,3,0,2,7,255,951,250,0,0
stim,45732,75853,0,75853,3273159.455,-0.580,-0.110,0.276,0.759,0,0,0,0,0,0,0,212,57,1.327,1,2105,0,246.453,38.626,37.438,243.438,-8.688,3.117,-0.301,2.418,-4.633,38.348,1.563,3.290,3.446,1.288,1.400,0,NULL,NULL,,3,0,2,7,255,951,250,0,0
stim,45732,75853,0,75853,3273164.453,-0.577,-0.116,0.282,0.758,0,0,0,0,0,0,0,259,57,1.327,1,2105,0,227.227,38.626,21.813,225.688,14.875,3.348,-0.352,1.891,-4.633,38.348,-5.746,3.170,3.324,1.288,1.400,0,NULL,NULL,,3,0,2,7,255,951,250,0,0
stim,45732,75853,0,75853,3273169.455,-0.574,-0.122,0.289,0.757,0,0,0,0,0,0,0,287,57,1.327,1,2105,0,212.215,37.742,32.563,207.563,29.875,3.633,-0.355,1.422,-4.723,37.445,-12.004,3.036,3.190,1.288,1.400,0,NULL,NULL,,3,0,2,7,255,951,250,0,0
stim,45732,75853,0,75853,3273174.454,-0.570,-0.126,0.296,0.756,0,0,0,0,0,0,0,324,57,1.327,1,2105,0,209.202,37.507,70.063,189.563,54.063,3.785,-0.453,1.086,-6.285,36.977,-17.852,2.892,3.042,1.288,1.400,0,NULL,NULL,,3,0,2,7,255,951,250,0,0
stim,45732,75853,0,75853,3273179.455,-0.566,-0.128,0.303,0.756,0,0,0,0,0,0,0,335,57,1.327,1,2105,0,190.851,37.507,87.563,151.438,76.313,4.020,-1.281,1.066,-6.285,36.977,-22.137,2.740,2.888,1.288,1.400,0,NULL,NULL,,3,0,2,7,255,951,250,0,0
stim,45732,75853,0,75853,3273184.453,-0.561,-0.128,0.311,0.757,0,0,0,0,0,0,0,339,57,1.327,1,2105,0,209.745,37.043,112.188,125.750,124.875,3.809,-1.551,0.906,0.082,37.043,-26.332,2.584,2.730,1.288,1.400,0,NULL,NULL,,3,0,2,7,255,951,250,0,0
stim,45732,75853,0,75853,3273189.455,-0.555,-0.125,0.319,0.758,0,0,0,0,0,0,0,328,57,1.327,1,2105,0,243.789,37.133,160.250,89.625,160.375,3.637,-1.656,0.926,2.578,37.043,-27.426,2.428,2.570,1.288,1.400,0,NULL,NULL,,3,0,2,7,255,951,250,0,0
stim,45762,75883,1,75883,3273194.454,-0.550,-0.119,0.328,0.759,0,0,0,0,0,0,0,286,57,1.327,1,2105,0,275.154,36.093,204.125,47.875,178.188,3.008,-1.797,1.367,3.633,35.910,-27.426,2.270,2.408,1.288,1.400,0,NULL,NULL,,3,1,2,7,255,951,250,0,0
stim,45762,75883,1,75883,3273199.455,-0.546,-0.112,0.337,0.759,0,0,0,0,0,0,0,274,57,1.327,1,2105,0,283.219,35.630,238.125,17.063,152.375,2.711,-2.039,1.785,7.277,34.879,-21.566,2.112,2.244,1.288,1.400,0,NULL,NULL,,3,1,2,7,255,951,250,0,0
stim,45762,75883,1,75883,3273204.453,-0.542,-0.103,0.346,0.759,0,0,0,0,0,0,0,274,57,1.327,1,2105,0,302.237,35.876,259.313,-23.688,153.438,2.363,-1.453,2.520,8.398,34.879,-18.184,1.948,2.076,1.288,1.400,0,NULL,NULL,,3,1,2,7,255,951,250,0,0
stim,45762,75883,1,75883,3273209.455,-0.540,-0.095,0.352,0.759,0,0,0,0,0,0,0,247,57,1.327,1,2105,0,231.912,35.959,192.250,-59.625,115.188,1.617,-0.496,3.586,8.398,34.965,-9.156,1.778,1.902,1.288,1.400,0,NULL,NULL,,3,1,2,7,255,951,250,0,0
stim,45784,75905,1,75905,3273214.454,-0.541,-0.090,0.351,0.759,0,0,0,99,0,0,0,393,57,1.327,1,2105,0,110.867,36.294,52.438,-94.875,23.250,1.301,-0.336,4.184,6.586,35.691,6.164,1.602,1.722,1.288,1.400,0,NULL,NULL,,3,1,2,7,255,951,250,0,0
stim,45784,75905,1,75905,3273219.455,-0.536,-0.068,0.359,0.762,503,0,0,891,0,37,0,423,57,1.327,1,2105,0,558.088,36.494,374.813,-271.500,311.875,1.035,-0.484,7.367,6.586,35.895,12.992,1.422,1.540,1.288,1.400,0,NULL,NULL,,3,1,2,7,255,951,250,0,0
stim,45784,75905,1,75905,3273224.454,-0.528,-0.061,0.349,0.772,1145,0,0,1445,0,239,0,495,57,1.327,1,2105,0,391.690,42.831,-179.563,-199.438,285.313,-0.375,1.145,7.973,11.145,41.355,37.109,1.246,1.358,1.288,1.400,0,NULL,NULL,,3,1,2,7,255,951,250,0,0
stim,45784,75905,1,75905,3273229.455,-0.518,-0.079,0.307,0.794,1751,0,0,1823,0,507,0,571,57,1.327,1,2105,0,1190.618,42.831,-1157.250,-142.875,240.688,-0.613,3.574,2.137,11.145,41.355,37.109,1.072,1.174,1.288,1.400,0,NULL,NULL,,3,1,2,7,255,951,250,0,0
stim,45784,75905,1,75905,3273234.453,-0.510,-0.095,0.267,0.812,2119,0,0,1963,0,723,0,622,57,1.327,1,2105,0,1084.002,24.894,-1056.250,-169.750,174.875,-1.090,3.941,-1.855,-24.691,-3.168,23.188,0.900,0.990,1.288,1.400,0,NULL,NULL,,3,1,2,7,255,951,250,0,0
stim,45784,75905,1,75905,3273239.455,-0.504,-0.101,0.246,0.821,2355,0,0,2094,0,937,0,728,57,1.327,1,2106,0,555.057,40.027,-526.125,-125.188,124.938,-1.789,1.953,-2.789,-24.691,-31.504,-8.684,0.734,0.806,1.288,1.400,1,1036.000,85.000,,3,1,2,7,255,951,250,0,0
stim,45829,75950,1,75950,3273244.454,-0.505,-0.098,0.238,0.824,2509,0,0,2200,0,1144,0,807,57,1.327,1,2106,0,210.976,33.115,-133.688,-163.188,2.875,-1.340,-0.406,-0.777,-10.203,-31.504,-12.258,0.582,0.622,1.288,1.400,1,NULL,NULL,,3,1,2,7,255,951,250,0,0
stim,45829,75950,1,75950,3273249.455,-0.508,-0.092,0.236,0.824,2616,0,0,2311,0,1297,0,923,57,1.327,1,2106,0,145.069,13.287,31.438,-139.813,-22.563,-0.004,0.602,1.176,-4.590,-12.469,-12.258,0.462,0.450,1.288,1.400,1,NULL,NULL,,3,1,2,7,255,951,250,0,0
stim,45829,75950,1,75950,3273254.453,-0.506,-0.087,0.233,0.826,2780,0,0,2543,0,1415,0,985,57,1.327,1,2106,0,152.459,5.516,-12.063,-130.063,78.625,0.516,2.496,1.992,-4.590,3.059,1.938,0.408,0.320,1.288,1.400,2,NULL,NULL,,3,1,2,7,255,951,250,0,0
stim,45829,75950,1,75950,3273259.455,-0.499,-0.084,0.225,0.833,2875,0,0,2701,0,1440,0,1077,57,1.327,1,2106,0,296.602,8.031,-172.250,-139.000,197.438,-0.906,1.488,1.883,-7.426,3.059,12.137,0.424,0.280,1.288,1.400,2,NULL,NULL,,3,1,2,7,255,951,250,0,0
stim,45829,75950,1,75950,3273264.454,-0.492,-0.084,0.207,0.842,2953,0,0,2821,0,1471,0,1195,57,1.327,1,2106,0,482.959,8.920,-389.938,-198.438,204.500,-2.488,-0.875,0.879,-7.426,-4.941,12.137,0.458,0.312,1.288,1.400,2,NULL,NULL,,3,1,2,7,255,951,250,0,0
stim,45829,75950,1,75950,3273269.455,-0.495,-0.085,0.190,0.844,3003,0,0,2907,0,1510,0,1327,57,1.327,1,2106,0,407.025,23.234,-357.250,-177.938,-79.875,-2.379,-1.680,-0.500,19.891,-12.008,4.379,0.494,0.364,1.288,1.400,2,NULL,NULL,,3,1,2,7,255,951,250,0,0
stim,45829,75950,1,75950,3273274.454,-0.503,-0.083,0.179,0.841,3039,0,0,2972,0,1523,0,1415,57,1.327,1,2106,0,321.104,23.234,-143.563,-197.813,-208.250,-0.543,-0.934,-0.547,19.891,-12.008,-9.992,0.530,0.412,1.288,1.400,2,NULL,NULL,,3,1,2,7,255,951,250,0,0
stim,45829,75950,1,75950,3273279.455,-0.512,-0.076,0.176,0.838,3067,0,0,3035,0,1551,0,1466,57,1.327,1,2106,0,270.532,10.685,43.000,-191.563,-186.125,0.801,-0.914,0.914,10.422,-2.355,-9.992,0.568,0.452,1.288,1.400,2,NULL,NULL,,3,1,2,7,255,951,250,0,0
stim,45851,75972,1,75972,3273284.453,-0.516,-0.070,0.173,0.836,3091,0,0,3083,0,1575,0,1477,57,1.327,1,2106,0,189.696,14.664,34.813,-164.000,-88.750,1.242,-1.223,2.215,5.734,13.496,-5.566,0.606,0.488,1.288,1.400,2,NULL,NULL,,3,1,2,7,255,951,250,0,0
stim,45851,75972,1,75972,3273289.455,-0.516,-0.066,0.166,0.838,3103,0,0,3117,0,1645,0,1465,57,1.327,1,2106,0,177.609,23.454,-103.250,-143.563,16.563,1.344,-1.629,2.305,5.734,22.742,4.645,0.628,0.514,1.288,1.400,2,NULL,NULL,,3,1,2,7,255,951,250,0,0
stim,45851,75972,1,75972,3273294.454,-0.511,-0.066,0.156,0.843,3115,0,0,3147,0,1752,5,1467,57,1.327,1,2106,0,293.730,24.134,-218.500,-130.313,146.813,0.902,-1.391,1.465,8.078,22.742,4.645,0.626,0.526,1.288,1.400,2,NULL,NULL,,3,1,2,7,255,951,250,0,0
stim,45851,75972,1,75972,3273299.455,-0.502,-0.065,0.146,0.850,3125,0,0,3171,0,1851,39,1497,57,1.327,1,2106,0,339.393,19.662,-221.313,-119.625,227.813,-0.117,-0.855,0.500,8.078,17.926,-0.863,0.608,0.528,1.288,1.400,2,NULL,NULL,,3,1,2,7,255,951,250,0,0
stim,45875,75996,1,75996,3273304.453,-0.495,-0.062,0.139,0.856,3131,0,0,3181,0,1959,85,1566,57,1.327,1,2106,0,278.099,8.968,-138.063,-126.375,205.688,-0.887,-0.309,0.227,7.844,4.348,-6.008,0.578,0.516,1.288,1.400,2,NULL,NULL,,3,1,2,7,255,951,250,0,0
stim,45875,75996,1,75996,3273309.455,-0.492,-0.058,0.134,0.859,3133,0,0,3191,0,2063,93,1631,57,1.327,1,2106,0,182.482,8.635,-65.188,-138.875,98.813,-1.270,0.313,0.801,6.895,-5.199,-6.008,0.538,0.486,1.288,1.400,2,NULL,NULL,,3,1,2,7,255,951,250,0,0
stim,45875,75996,1,75996,3273314.454,-0.493,-0.054,0.129,0.859,3131,0,0,3193,0,2144,116,1693,57,1.327,1,2106,0,150.910,6.363,-54.000,-137.438,-31.125,-0.598,0.539,1.199,3.668,-5.199,1.047,0.490,0.434,1.288,1.400,2,NULL,NULL,,3,1,2,7,255,951,250,0,0
stim,45875,75996,1,75996,3273319.455,-0.496,-0.051,0.123,0.858,3131,0,0,3196,159,2251,173,1875,57,1.327,1,2106,0,157.899,4.754,-71.750,-131.938,-48.750,0.078,0.176,1.254,-1.590,-4.480,2.160,0.440,0.368,1.288,1.400,2,NULL,NULL,,3,1,2,7,255,951,250,0,0
stim,45875,75996,1,75996,3273324.454,-0.497,-0.048,0.116,0.859,3128,0,0,3197,413,2301,291,2009,57,1.327,1,2106,0,167.053,3.197,-107.500,-125.313,-25.438,0.184,-0.340,1.605,-1.590,2.773,3.570,0.388,0.300,1.288,1.400,2,NULL,NULL,,3,1,2,7,255,951,250,0,0
stim,45875,75996,1,75996,3273329.455,-0.498,-0.048,0.111,0.859,3130,0,0,3205,701,2356,250,2119,57,1.327,1,2106,0,124.853,6.963,-95.938,-70.688,-37.250,0.508,-0.500,1.648,1.695,6.754,4.422,0.344,0.244,1.288,1.400,2,NULL,NULL,,3,1,2,7,255,951,250,0,0
stim,45926,76047,1,76047,3273334.453,-0.500,-0.048,0.107,0.858,3129,0,0,3205,943,2385,259,2175,57,1.327,1,2106,0,98.486,7.465,-72.625,-58.250,-32.125,0.676,-0.004,0.809,1.695,7.270,4.422,0.306,0.206,1.288,1.400,2,NULL,NULL,,3,1,2,7,255,951,250,0,0
stim,45926,76047,1,76047,3273339.455,-0.500,-0.046,0.106,0.858,3127,0,0,3205,1091,2407,287,2227,57,1.327,1,2106,0,45.847,8.015,8.813,-43.563,-11.250,0.578,0.434,1.020,-3.375,7.270,-0.641,0.276,0.188,1.288,1.400,2,NULL,NULL,,3,1,2,7,255,951,250,0,0
stim,45926,76047,1,76047,3273344.454,-0.500,-0.045,0.105,0.859,3127,3,0,3197,1183,2427,295,2282,57,1.327,1,2106,0,31.248,5.884,-13.875,-25.500,11.563,-0.055,-0.141,1.699,-3.375,4.820,-0.641,0.258,0.180,1.288,1.400,2,NULL,NULL,,3,1,2,7,255,951,250,0,0
stim,45926,76047,1,76047,3273349.455,-0.500,-0.047,0.100,0.859,3126,27,0,3199,1273,2443,299,2325,57,1.327,1,2106,0,108.347,3.920,-105.688,-18.750,-14.750,-0.344,-0.219,1.207,1.383,3.668,2.191,0.248,0.176,1.288,1.400,2,NULL,NULL,,3,1,2,7,255,951,250,0,0
stim,45926,76047,1,76047,3273354.453,-0.502,-0.048,0.097,0.858,3127,39,0,3197,1358,2453,319,2355,57,1.327,1,2106,0,85.581,1.484,-73.000,-14.125,-42.375,-0.184,0.082,0.570,1.383,0.539,2.191,0.238,0.166,1.288,1.400,2,NULL,NULL,,3,1,2,7,255,951,250,0,0
stim,45926,76047,1,76047,3273359.455,-0.504,-0.048,0.096,0.857,3125,45,0,3196,1451,2461,338,2387,57,1.327,1,2106,0,65.343,0.539,-8.813,-16.438,-62.625,-0.063,0.125,0.906,0.012,0.539,-0.887,0.232,0.152,1.288,1.400,2,NULL,NULL,,3,1,2,7,255,951,250,0,0
stim,45926,76047,1,76047,3273364.454,-0.506,-0.047,0.095,0.856,3123,71,0,3193,1543,2473,338,2410,57,1.327,1,2106,0,56.813,0.936,-13.688,-14.313,-53.250,0.063,0.023,1.215,-0.727,0.590,-0.887,0.234,0.132,1.288,1.400,2,NULL,NULL,,3,1,2,7,255,951,250,0,0
stim,45926,76047,1,76047,3273369.455,-0.507,-0.048,0.093,0.856,3123,111,0,3195,1575,2483,339,2427,57,1.327,1,2106,0,57.567,2.799,-50.750,-10.500,-25.063,0.063,-0.066,1.133,-0.727,2.703,0.906,0.246,0.110,1.288,1.400,2,NULL,NULL,,3,1,2,7,255,951,250,0,0
stim,45949,76070,1,76070,3273374.454,-0.507,-0.049,0.091,0.855,3120,109,0,3195,1617,2488,338,2447,57,1.327,1,2106,0,61.391,2.703,-58.313,-7.313,-17.750,-0.168,0.008,0.883,0.023,2.703,0.906,0.264,0.090,1.288,1.400,2,NULL,NULL,,3,1,2,7,255,951,250,0,0
stim,45949,76070,1,76070,3273379.455,-0.509,-0.050,0.089,0.855,3123,119,0,3192,1673,2501,344,2461,57,1.327,1,2106,0,51.624,0.173,-30.938,-6.500,-40.813,-0.250,0.094,0.848,0.082,0.152,-1.023,0.282,0.074,1.288,1.400,2,NULL,NULL,,3,1,2,7,255,951,250,0,0
stim,45949,76070,1,76070,3273384.453,-0.511,-0.050,0.088,0.853,3122,139,0,3191,1715,2505,346,2471,57,1.327,1,2106,0,60.978,0.173,-11.438,-6.313,-59.563,-0.098,0.102,1.043,0.082,0.152,-1.023,0.294,0.064,1.288,1.400,2,NULL,NULL,,3,1,2,7,255,951,250,0,0
stim,45949,76070,1,76070,3273389.455,-0.513,-0.050,0.087,0.853,3121,149,0,3192,1747,2513,349,2479,57,1.327,1,2106,0,53.979,0.944,-22.625,-4.375,-48.813,0.039,0.102,1.156,-0.746,0.578,0.445,0.302,0.058,1.288,1.400,2,NULL,NULL,,3,1,2,7,255,951,250,0,0
stim,45949,76070,1,76070,3273394.454,-0.514,-0.051,0.086,0.852,3123,157,0,3193,1763,2519,349,2485,57,1.327,1,2106,0,46.058,2.239,-36.438,-1.625,-28.125,0.051,0.063,1.063,-1.129,1.934,0.445,0.310,0.052,1.288,1.400,2,NULL,NULL,,3,1,2,7,255,951,250,0,0
stim,45949,76070,1,76070,3273399.455,-0.514,-0.052,0.084,0.852,3119,171,0,3189,1788,2517,357,2487,57,1.327,1,2106,0,38.193,2.239,-35.188,-1.063,-14.813,-0.039,0.012,0.965,-1.129,1.934,0.367,0.318,0.046,1.288,1.400,2,NULL,NULL,,3,1,2,7,255,951,250,0,0
stim,45975,76096,1,76096,3273404.453,-0.515,-0.052,0.083,0.852,3117,173,52,3189,1815,2521,335,2491,57,1.327,1,2106,0,27.594,1.304,-23.438,0.188,-14.563,-0.086,-0.012,0.957,-0.281,1.273,-0.449,0.326,0.038,1.288,1.400,2,NULL,NULL,,3,1,2,7,255,951,250,0,0
stim,45975,76096,1,76096,3273409.455,-0.515,-0.052,0.082,0.851,3116,171,93,3187,1830,2519,331,2487,57,1.327,1,2106,0,19.364,0.995,-13.750,0.500,-13.625,-0.094,-0.031,0.977,0.113,0.988,-0.449,0.332,0.030,1.288,1.400,2,NULL,NULL,,3,1,2,7,255,951,250,0,0
stim,45975,76096,1,76096,3273414.454,-0.516,-0.053,0.082,0.851,3113,174,108,3187,1843,2519,331,2487,57,1.327,1,2106,0,13.357,0.987,-9.188,0.375,-9.688,-0.113,-0.004,1.023,0.141,0.977,-0.273,0.338,0.024,1.288,1.400,2,NULL,NULL,,3,1,2,7,255,951,250,0,0
stim,45975,76096,1,76096,3273419.455,-0.516,-0.053,0.082,0.851,3113,175,132,3176,1851,2517,295,2487,57,1.327,1,2106,0,10.960,0.805,-7.750,0.000,-7.750,-0.156,0.059,1.039,0.141,0.793,0.227,0.344,0.020,1.288,1.400,2,NULL,NULL,,3,1,2,7,255,951,250,0,0
stim,45994,76115,1,76115,3273424.454,-0.516,-0.053,0.081,0.851,3107,172,181,3177,1854,2515,331,2483,57,1.327,1,2106,0,11.804,0.299,-5.500,-0.375,-10.438,-0.164,0.105,1.039,-0.227,0.195,0.488,0.350,0.014,1.288,1.400,2,NULL,NULL,,3,1,2,7,255,951,250,0,0
stim,45994,76115,1,76115,3273429.455,-0.517,-0.053,0.081,0.851,3099,171,201,3174,1865,2506,310,2478,57,1.285,1,2106,1,14.167,0.590,-4.000,-0.875,-13.563,-0.141,0.113,1.051,-0.586,0.070,0.535,0.000,0.000,1.241,1.356,2,NULL,NULL,,3,1,2,7,255,951,250,0,0
stim,45994,76115,1,76115,3273434.454,-0.517,-0.053,0.081,0.850,3093,167,219,3167,1868,2501,311,2483,57,1.285,1,2106,1,13.238,0.644,-5.250,-0.813,-12.125,-0.125,0.086,1.035,-0.641,0.070,0.535,0.004,0.004,1.241,1.356,2,NULL,NULL,,3,1,2,7,255,951,250,0,0
stim,45994,76115,1,76115,3273439.455,-0.518,-0.053,0.081,0.850,3087,169,237,3158,1877,2491,311,2477,57,1.285,1,2106,1,11.433,0.647,-7.313,-1.688,-8.625,-0.148,0.078,1.020,-0.641,0.094,0.426,0.010,0.008,1.241,1.356,2,NULL,NULL,,3,1,2,7,255,951,250,0,0
stim,46032,76153,0,76153,3273444.454,-0.518,-0.053,0.080,0.850,3068,169,249,3147,1885,2487,313,2479,57,1.285,1,2106,1,11.949,0.459,-7.000,-3.063,-9.188,-0.203,0.094,1.004,-0.449,0.094,0.309,0.014,0.012,1.241,1.356,2,NULL,NULL,,3,0,2,7,255,950,250,0,0
stim,46032,76153,0,76153,3273449.455,-0.518,-0.053,0.080,0.850,3061,165,282,3135,1900,2479,315,2479,57,1.285,1,2106,1,15.860,0.641,-5.375,-4.000,-14.375,-0.199,0.121,1.004,-0.449,-0.457,0.258,0.020,0.014,1.241,1.356,2,NULL,NULL,,3,0,2,7,255,950,250,0,0
stim,46032,76153,0,76153,3273454.453,-0.519,-0.053,0.080,0.849,3048,160,327,3123,1927,2479,317,2477,57,1.285,1,2106,1,19.410,0.746,-4.250,-5.063,-18.250,-0.176,0.121,1.004,-0.590,-0.457,0.246,0.024,0.018,1.241,1.356,2,NULL,NULL,,3,0,2,7,255,950,250,0,0
stim,46032,76153,0,76153,3273459.455,-0.520,-0.053,0.080,0.849,3029,157,358,3119,1935,2482,312,2493,57,1.285,1,2106,1,22.270,0.685,-4.625,-5.563,-21.063,-0.152,0.086,0.996,-0.590,-0.348,0.215,0.026,0.020,1.241,1.356,2,NULL,NULL,,3,0,2,7,255,950,250,0,0
stim,46032,76153,0,76153,3273464.454,-0.521,-0.053,0.079,0.848,3019,156,378,3101,1949,2467,317,2487,57,1.285,1,2106,1,21.641,0.512,-5.000,-5.063,-20.438,-0.105,0.027,0.980,-0.512,-0.023,0.098,0.030,0.022,1.241,1.356,2,NULL,NULL,,3,0,2,7,255,950,250,0,0
stim,46032,76153,0,76153,3273469.455,-0.521,-0.053,0.079,0.848,3003,151,403,3099,1961,2462,307,2493,57,1.285,1,2106,1,15.276,0.635,-5.375,-5.375,-13.250,-0.098,-0.020,0.977,-0.215,0.598,-0.164,0.034,0.024,1.241,1.356,2,NULL,NULL,,3,0,2,7,255,950,250,0,0
stim,46032,76153,0,76153,3273474.454,-0.522,-0.053,0.078,0.848,2995,150,436,3067,1965,2460,297,2487,57,1.285,1,2106,1,11.701,0.623,-3.938,-5.688,-9.438,-0.145,-0.047,0.941,0.176,0.598,-0.254,0.036,0.026,1.241,1.356,2,NULL,NULL,,3,0,2,7,255,950,250,0,0
stim,46032,76153,0,76153,3273479.455,-0.522,-0.052,0.078,0.848,2981,146,445,3059,1981,2452,293,2495,57,1.285,1,2106,1,13.370,0.793,0.750,-6.563,-11.625,-0.168,-0.059,0.918,0.609,0.508,-0.523,0.038,0.030,1.241,1.356,2,NULL,NULL,,3,0,2,7,255,950,250,0,0
stim,46032,76153,0,76153,3273484.453,-0.523,-0.052,0.078,0.847,2965,139,493,3051,1995,2451,297,2493,57,1.285,1,2106,1,17.264,0.844,6.438,-7.438,-14.188,-0.156,-0.055,0.918,0.746,0.395,-0.715,0.040,0.032,1.241,1.356,2,NULL,NULL,,3,0,2,7,255,950,250,0,0
stim,46032,76153,0,76153,3273489.455,-0.523,-0.052,0.078,0.847,2957,137,586,3033,2008,2445,307,2499,57,1.285,1,2106,1,17.736,0.844,9.188,-8.688,-12.438,-0.145,-0.039,0.941,0.746,0.395,-0.715,0.042,0.034,1.241,1.356,2,NULL,NULL,,3,0,2,7,255,950,250,0,0
stim,46063,76184,0,76184,3273494.454,-0.523,-0.051,0.078,0.847,2933,136,624,3019,2023,2445,330,2509,57,1.285,1,2106,1,16.374,0.687,8.875,-10.188,-9.250,-0.156,-0.023,0.957,0.563,0.395,-0.508,0.044,0.034,1.241,1.356,2,NULL,NULL,,3,0,2,7,255,950,250,0,0
stim,46063,76184,0,76184,3273499.455,-0.524,-0.051,0.078,0.847,2905,138,679,2990,2053,2452,341,2520,57,1.285,1,2106,1,16.286,0.558,8.188,-11.875,-7.563,-0.172,0.020,0.957,0.465,0.309,-0.332,0.046,0.036,1.241,1.356,2,NULL,NULL,,3,0,2,7,255,950,250,0,0
stim,46063,76184,0,76184,3273504.453,-0.524,-0.050,0.078,0.847,2880,139,703,2981,2093,2458,361,2522,57,1.285,1,2106,1,17.683,0.195,8.688,-13.688,-7.063,-0.176,0.063,0.957,0.195,0.004,-0.301,0.046,0.034,1.241,1.356,2,NULL,NULL,,3,0,2,7,255,950,250,0,0
stim,46063,76184,0,76184,3273509.455,-0.524,-0.049,0.078,0.846,2869,141,759,2954,2131,2447,403,2549,57,1.285,1,2106,1,19.202,0.294,9.250,-15.125,-7.375,-0.176,0.098,0.973,-0.172,-0.238,-0.266,0.046,0.034,1.241,1.356,2,NULL,NULL,,3,0,2,7,255,950,250,0,0
stim,46085,76206,0,76206,3273514.454,-0.525,-0.048,0.078,0.846,2854,139,796,2936,2184,2459,425,2557,57,1.285,1,2106,1,20.681,0.589,9.125,-16.563,-8.375,-0.168,0.121,0.988,-0.461,-0.367,-0.102,0.044,0.032,1.241,1.356,2,NULL,NULL,,3,0,2,7,255,950,250,0,0
stim,46085,76206,0,76206,3273519.455,-0.525,-0.047,0.078,0.846,2827,151,893,2924,2223,2468,460,2585,57,1.285,1,2106,1,21.464,0.790,7.875,-17.563,-9.500,-0.152,0.125,1.004,-0.699,-0.367,0.051,0.042,0.030,1.241,1.356,2,NULL,NULL,,3,0,2,7,255,950,250,0,0
stim,46085,76206,0,76206,3273524.454,-0.526,-0.046,0.078,0.846,2799,155,941,2899,2271,2473,495,2611,57,1.285,1,2106,1,21.584,0.835,5.250,-18.813,-9.188,-0.133,0.129,0.996,-0.793,-0.262,0.070,0.040,0.026,1.241,1.356,2,NULL,NULL,,3,0,2,7,255,950,250,0,0
stim,46085,76206,0,76206,3273529.455,-0.526,-0.046,0.077,0.846,2775,159,1019,2875,2311,2479,569,2629,57,1.285,1,2106,1,20.806,0.916,3.688,-19.500,-6.250,-0.125,0.141,0.980,-0.902,-0.156,0.070,0.036,0.020,1.241,1.356,2,NULL,NULL,,3,0,2,7,255,950,250,0,0
stim,46085,76206,0,76206,3273534.453,-0.526,-0.045,0.077,0.846,2747,171,1110,2856,2359,2490,645,2636,57,1.285,1,2106,1,21.261,0.916,5.063,-18.875,-8.375,-0.152,0.141,0.996,-0.902,-0.156,0.070,0.034,0.016,1.241,1.356,2,NULL,NULL,,3,0,2,7,255,950,250,0,0
stim,46085,76206,0,76206,3273539.455,-0.527,-0.044,0.077,0.845,2733,181,1203,2841,2395,2502,745,2665,57,1.285,1,2106,1,24.392,0.904,5.500,-18.875,-14.438,-0.133,0.133,1.016,-0.891,-0.156,0.113,0.034,0.008,1.241,1.356,2,NULL,NULL,,3,0,2,7,255,950,250,0,0
stim,46134,76255,0,76255,3273544.454,-0.527,-0.043,0.077,0.845,2694,208,1259,2823,2427,2507,829,2679,57,1.285,1,2106,1,24.231,0.902,2.063,-19.625,-14.063,-0.094,0.117,1.020,-0.891,-0.145,0.262,0.034,0.004,1.241,1.356,2,NULL,NULL,,3,0,2,7,255,950,250,0,0
stim,46134,76255,0,76255,3273549.455,-0.528,-0.042,0.076,0.845,2661,235,1379,2796,2474,2519,934,2696,57,1.285,1,2106,1,21.812,0.893,-1.563,-19.750,-9.125,-0.117,0.102,1.000,-0.891,0.063,0.262,0.038,0.004,1.241,1.356,2,NULL,NULL,,3,0,2,7,255,950,250,0,0
stim,46134,76255,0,76255,3273554.453,-0.528,-0.042,0.076,0.845,2613,236,1497,2775,2519,2517,1061,2711,57,1.285,1,2106,1,22.894,0.675,-1.625,-19.313,-12.188,-0.199,0.117,1.004,-0.672,0.063,0.262,0.042,0.010,1.241,1.356,2,NULL,NULL,,3,0,2,7,255,950,250,0,0
stim,46134,76255,0,76255,3273559.455,-0.529,-0.041,0.075,0.844,2577,250,1613,2751,2543,2521,1171,2741,57,1.285,1,2106,1,31.003,0.995,-3.250,-20.250,-23.250,-0.219,0.164,1.047,-0.672,-0.734,0.262,0.046,0.016,1.241,1.356,2,NULL,NULL,,3,0,2,7,255,950,250,0,0
stim,46134,76255,0,76255,3273564.454,-0.530,-0.040,0.074,0.844,2507,249,1721,2727,2595,2532,1276,2743,57,1.285,1,2106,1,40.296,1.067,-9.063,-21.563,-32.813,-0.176,0.152,1.055,-0.773,-0.734,0.707,0.050,0.020,1.241,1.356,2,NULL,NULL,,3,0,2,7,255,950,250,0,0
stim,46134,76255,0,76255,3273569.455,-0.532,-0.040,0.073,0.843,2457,265,1845,2697,2629,2543,1391,2761,57,1.285,1,2106,1,46.442,0.990,-16.063,-20.875,-38.250,-0.145,0.082,1.031,-0.773,-0.617,0.707,0.054,0.026,1.241,1.356,2,NULL,NULL,,3,0,2,7,255,950,250,0,0
stim,46134,76255,0,76255,3273574.454,-0.533,-0.040,0.072,0.842,2389,268,1920,2667,2653,2553,1507,2778,57,1.285,1,2106,1,49.118,0.413,-24.625,-21.875,-36.438,-0.109,0.047,1.035,-0.398,-0.109,0.438,0.058,0.030,1.241,1.356,2,NULL,NULL,,3,0,2,7,255,950,250,0,0
stim,46134,76255,0,76255,3273579.455,-0.534,-0.040,0.070,0.841,2322,295,2021,2623,2679,2551,1617,2795,57,1.285,1,2106,1,52.179,0.273,-28.063,-22.375,-37.875,-0.160,-0.020,1.020,-0.254,0.102,0.398,0.060,0.032,1.241,1.356,2,NULL,NULL,,3,0,2,7,255,950,250,0,0
stim,46136,76257,0,76257,3273584.454,-0.536,-0.040,0.068,0.841,2235,296,2122,2595,2715,2555,1727,2811,57,1.285,1,2106,1,62.309,0.614,-39.438,-22.938,-42.438,-0.145,-0.074,1.031,0.535,0.301,0.359,0.064,0.036,1.241,1.356,2,NULL,NULL,,3,0,2,7,255,950,250,0,0
stim,46136,76257,0,76257,3273589.455,-0.537,-0.040,0.065,0.840,2149,297,2218,2537,2747,2571,1819,2835,57,1.285,1,2106,1,64.970,0.996,-45.063,-26.063,-38.875,-0.148,-0.078,1.016,0.926,0.367,0.297,0.064,0.036,1.241,1.356,2,NULL,NULL,,3,0,2,7,255,950,250,0,0
stim,46159,76280,0,76280,3273594.453,-0.539,-0.041,0.063,0.839,2068,297,2286,2478,2765,2575,1913,2855,57,1.285,1,2106,1,67.542,0.996,-43.625,-25.063,-45.063,-0.137,-0.070,0.953,0.926,0.367,0.199,0.064,0.034,1.241,1.356,2,NULL,NULL,,3,0,2,7,255,950,250,0,0
stim,46159,76280,0,76280,3273599.455,-0.540,-0.040,0.060,0.838,1959,295,2363,2411,2792,2579,2013,2863,57,1.285,1,2106,1,59.889,0.902,-38.625,-28.813,-35.563,-0.074,-0.027,0.926,0.824,0.367,-0.418,0.062,0.032,1.241,1.356,2,NULL,NULL,,3,0,2,7,255,950,250,0,0
stim,46159,76280,0,76280,3273604.453,-0.542,-0.040,0.059,0.838,1829,277,2441,2299,2823,2579,2101,2889,57,1.285,1,2106,1,50.618,0.674,-24.563,-29.563,-32.938,-0.121,-0.055,0.953,0.602,0.305,-0.426,0.058,0.028,1.241,1.356,2,NULL,NULL,,3,0,2,7,255,950,250,0,0
stim,46159,76280,0,76280,3273609.455,-0.542,-0.039,0.057,0.837,1677,264,2503,2211,2845,2585,2181,2903,57,1.285,1,2106,1,48.214,0.622,-24.750,-32.188,-26.000,-0.094,-0.039,1.031,0.289,0.551,-0.426,0.056,0.026,1.241,1.356,2,NULL,NULL,,3,0,2,7,255,950,250,0,0
stim,46182,76303,0,76303,3273614.454,-0.543,-0.039,0.055,0.837,1456,252,2539,2101,2857,2584,2247,2907,57,1.285,1,2106,1,49.389,0.669,-24.625,-34.250,-25.688,-0.191,-0.051,1.066,0.602,0.293,0.332,0.052,0.024,1.241,1.356,2,NULL,NULL,,3,0,2,7,255,950,250,0,0
stim,46182,76303,0,76303,3273619.455,-0.544,-0.038,0.053,0.836,1269,248,2588,1925,2871,2587,2325,2921,57,1.285,1,2106,1,57.151,0.365,-33.375,-36.313,-28.875,-0.148,-0.027,1.059,0.363,-0.039,0.645,0.048,0.022,1.241,1.356,2,NULL,NULL,,3,0,2,7,255,950,250,0,0
stim,46182,76303,0,76303,3273624.454,-0.546,-0.038,0.051,0.836,1080,214,2623,1743,2892,2573,2383,2919,57,1.285,1,2106,1,55.160,0.365,-27.250,-37.813,-29.500,-0.121,-0.031,1.000,0.363,-0.039,0.645,0.048,0.022,1.241,1.356,2,NULL,NULL,,3,0,2,7,255,950,250,0,0
stim,46182,76303,0,76303,3273629.455,-0.547,-0.037,0.049,0.835,871,169,2659,1494,2919,2571,2447,2939,57,1.285,1,2106,1,52.268,0.314,-22.188,-39.625,-25.875,-0.098,0.016,1.031,0.297,0.102,0.340,0.046,0.024,1.241,1.356,2,NULL,NULL,,3,0,2,7,255,950,250,0,0
stim,46227,76348,0,76348,3273634.454,-0.547,-0.036,0.047,0.835,588,99,2686,1291,2927,2578,2500,2952,57,1.285,1,2106,1,51.478,0.224,-19.375,-41.250,-23.938,-0.117,0.020,1.066,-0.199,0.102,0.340,0.046,0.022,1.241,1.356,2,NULL,NULL,,3,0,2,7,255,950,250,0,0
stim,46227,76348,0,76348,3273639.455,-0.548,-0.035,0.045,0.834,403,75,2714,1012,2941,2577,2555,2963,57,1.285,1,2106,1,53.313,0.211,-21.438,-42.750,-23.563,-0.148,0.004,1.086,-0.199,-0.070,0.711,0.046,0.022,1.241,1.356,2,NULL,NULL,,3,0,2,7,255,950,250,0,0
stim,46227,76348,0,76348,3273644.453,-0.549,-0.034,0.043,0.834,225,5,2743,776,2971,2551,2601,2977,57,1.285,1,2106,1,57.272,0.171,-23.813,-45.313,-25.688,-0.125,0.008,1.078,-0.059,-0.160,0.824,0.046,0.024,1.241,1.356,2,NULL,NULL,,3,0,2,7,255,950,250,0,0
stim,46227,76348,0,76348,3273649.455,-0.550,-0.033,0.041,0.833,93,0,2780,537,2984,2543,2635,2981,57,1.285,1,2106,1,61.376,0.168,-23.625,-44.688,-34.813,-0.105,-0.039,1.035,0.051,-0.160,0.824,0.046,0.026,1.241,1.356,2,NULL,NULL,,3,0,2,7,255,950,250,0,0
stim,46227,76348,0,76348,3273654.454,-0.552,-0.031,0.040,0.833,27,0,2795,313,2989,2523,2676,2985,57,1.285,1,2106,1,60.136,0.128,-15.250,-49.875,-29.938,-0.066,-0.004,1.035,-0.059,0.113,0.402,0.046,0.028,1.241,1.356,2,NULL,NULL,,3,0,2,7,255,950,250,0,0
stim,46227,76348,0,76348,3273659.455,-0.553,-0.030,0.038,0.832,0,0,2813,205,3007,2505,2701,2991,57,1.285,1,2106,1,62.971,0.212,-11.125,-52.188,-33.438,-0.055,0.070,1.074,-0.180,0.113,0.402,0.046,0.028,1.241,1.356,2,NULL,NULL,,3,0,2,7,255,950,250,0,0
stim,46227,76348,0,76348,3273664.453,-0.554,-0.028,0.036,0.831,0,0,2831,122,3013,2477,2740,2999,57,1.285,1,2106,1,71.339,0.905,-8.438,-56.813,-42.313,-0.098,0.109,1.113,-0.902,0.070,0.723,0.046,0.030,1.241,1.356,2,NULL,NULL,,3,0,2,7,255,950,250,0,0
stim,46227,76348,0,76348,3273669.455,-0.555,-0.025,0.036,0.831,0,0,2844,66,3030,2440,2771,3003,57,1.285,1,2106,1,72.301,1.017,24.563,-66.000,-16.375,-0.355,-0.008,1.305,-0.902,-0.469,1.156,0.048,0.030,1.241,1.356,2,NULL,NULL,,3,0,2,7,255,950,250,0,0
stim,46249,76370,0,76370,3273674.454,-0.556,-0.022,0.035,0.830,0,0,2857,26,3039,2419,2791,3001,57,1.285,1,2106,0,87.764,2.388,33.625,-75.750,-28.875,-0.438,0.043,1.516,0.777,-2.258,3.227,0.048,0.032,1.241,1.356,3,NULL,NULL,,3,0,2,7,255,950,250,0,0
stim,46249,76370,0,76370,3273679.455,-0.558,-0.018,0.034,0.829,0,0,2863,5,3049,2374,2828,3015,57,1.285,1,2106,0,106.923,3.179,27.500,-82.375,-62.375,-0.406,0.102,1.621,0.777,-3.082,5.316,0.050,0.032,1.241,1.356,3,NULL,NULL,,3,0,2,7,255,950,250,0,0
stim,46249,76370,0,76370,3273684.454,-0.560,-0.013,0.034,0.828,0,0,2885,0,3051,2324,2850,3003,57,1.285,1,2106,0,113.127,3.086,48.125,-97.313,-31.813,-0.238,0.395,1.910,0.156,-3.082,6.313,0.052,0.032,1.241,1.356,3,NULL,NULL,,3,0,2,7,255,950,250,0,0
stim,46249,76370,0,76370,3273689.455,-0.560,-0.010,0.030,0.828,0,0,2888,0,3059,2261,2871,3006,57,1.285,1,2106,0,105.835,3.968,-28.250,-101.875,-4.938,0.043,0.582,1.801,-3.059,-2.527,7.848,0.054,0.032,1.241,1.356,3,NULL,NULL,,3,0,2,7,255,950,250,0,0
stim,46249,76370,0,76370,3273694.453,-0.559,-0.009,0.025,0.828,0,0,2888,0,3077,2187,2885,3001,57,1.285,1,2106,0,132.837,3.192,-86.000,-100.688,10.563,-0.012,0.277,1.340,-3.059,-0.914,7.848,0.054,0.034,1.241,1.356,3,NULL,NULL,,3,0,2,7,255,950,250,0,0
stim,46249,76370,0,76370,3273699.455,-0.558,-0.006,0.020,0.830,0,0,2877,0,3079,2107,2901,2999,57,1.285,1,2106,0,138.643,2.913,-65.813,-111.313,50.000,-0.168,0.086,1.176,-2.766,-0.914,3.305,0.054,0.040,1.241,1.356,3,NULL,NULL,,3,0,2,7,255,950,250,0,0
stim,46274,76395,0,76395,3273704.454,-0.555,-0.003,0.016,0.831,0,0,2870,0,3082,1989,2920,3011,57,1.285,1,2106,0,136.532,1.632,-33.813,-120.188,55.250,-0.375,0.004,1.180,-0.445,-1.570,1.844,0.050,0.050,1.241,1.356,3,NULL,NULL,,3,0,2,7,255,950,250,0,0
stim,46274,76395,0,76395,3273709.455,-0.554,0.001,0.012,0.832,0,0,2859,0,3092,1837,2939,3003,57,1.285,1,2106,0,132.364,3.429,-19.188,-127.938,28.000,-0.438,-0.125,1.219,1.082,-3.254,1.844,0.048,0.060,1.241,1.356,3,NULL,NULL,,3,0,2,7,255,950,250,0,0
stim,46274,76395,0,76395,3273714.453,-0.554,0.006,0.008,0.832,0,0,2857,0,3091,1683,2943,2993,57,1.285,1,2106,0,136.366,4.059,-15.875,-135.188,8.250,-0.305,-0.164,1.332,2.426,-3.254,2.184,0.052,0.070,1.241,1.356,3,NULL,NULL,,3,0,2,7,255,950,250,0,0
stim,46274,76395,0,76395,3273719.455,-0.554,0.010,0.004,0.833,0,0,2853,0,3097,1455,2954,2987,57,1.285,1,2106,0,142.724,3.306,-23.063,-140.438,10.750,-0.191,-0.168,1.324,2.426,-2.246,3.164,0.060,0.078,1.241,1.356,3,NULL,NULL,,3,0,2,7,255,950,250,0,0
stim,46294,76415,0,76415,3273724.454,-0.552,0.014,-0.000,0.833,0,0,2835,0,3095,1245,2975,2985,57,1.285,1,2106,0,151.995,2.570,-26.563,-147.500,25.313,-0.191,-0.148,1.230,2.043,-1.559,3.164,0.068,0.086,1.241,1.356,3,NULL,NULL,,3,0,2,7,255,950,250,0,0
stim,46294,76415,0,76415,3273729.455,-0.551,0.019,-0.005,0.834,0,0,2807,0,3102,973,2983,2969,57,1.285,1,2106,0,161.084,2.471,-27.063,-155.125,33.938,-0.215,-0.082,1.199,1.918,-1.559,2.211,0.076,0.096,1.241,1.356,3,NULL,NULL,,3,0,2,7,255,950,250,0,0
stim,46294,76415,0,76415,3273734.453,-0.550,0.024,-0.010,0.835,0,0,2776,0,3101,697,2991,2967,57,1.285,1,2106,0,167.346,2.618,-26.000,-162.188,32.000,-0.242,-0.063,1.121,1.438,-2.188,1.859,0.082,0.108,1.241,1.356,3,NULL,NULL,,3,0,2,7,255,950,250,0,0
stim,46294,76415,0,76415,3273739.455,-0.548,0.030,-0.014,0.836,0,0,2745,0,3109,525,2989,2953,57,1.285,1,2106,0,172.515,2.976,-6.313,-170.438,25.938,-0.262,-0.090,1.074,1.438,-2.605,1.047,0.086,0.120,1.241,1.356,3,NULL,NULL,,3,0,2,7,255,950,250,0,0
stim,46332,76453,0,76453,3273744.453,-0.547,0.037,-0.018,0.836,0,0,2707,0,3111,364,3002,2919,57,1.285,1,2106,0,182.253,3.216,13.125,-180.000,25.375,-0.230,-0.086,1.156,1.719,-2.719,1.047,0.088,0.132,1.241,1.356,3,NULL,NULL,,3,0,2,7,255,950,250,0,0
stim,46332,76453,0,76453,3273749.455,-0.546,0.044,-0.022,0.836,0,0,2661,0,3116,157,3015,2901,57,1.285,1,2106,0,191.154,3.216,19.063,-188.625,24.438,-0.160,-0.059,1.270,1.719,-2.719,1.336,0.092,0.144,1.241,1.356,3,NULL,NULL,,3,0,2,7,255,950,250,0,0
stim,46332,76453,0,76453,3273754.454,-0.545,0.051,-0.026,0.837,0,0,2599,0,3100,93,3013,2872,57,1.285,1,2106,0,196.132,3.019,13.625,-194.375,22.375,-0.141,0.004,1.320,1.313,-2.719,2.434,0.096,0.156,1.241,1.356,3,NULL,NULL,,3,0,2,7,255,950,250,0,0
stim,46332,76453,0,76453,3273759.455,-0.543,0.059,-0.030,0.837,0,0,2526,0,3099,10,3015,2828,57,1.285,1,2106,0,202.954,2.872,13.375,-201.375,21.438,-0.219,0.098,1.422,0.816,-2.754,2.879,0.100,0.170,1.241,1.356,3,NULL,NULL,,3,0,2,7,255,950,250,0,0
stim,46332,76453,0,76453,3273764.453,-0.542,0.067,-0.035,0.837,0,0,2437,0,3101,5,3017,2782,57,1.285,1,2106,0,212.545,4.157,8.063,-211.563,18.750,-0.273,0.215,1.578,0.410,-4.137,3.695,0.110,0.184,1.241,1.356,3,NULL,NULL,,3,0,2,7,255,950,250,0,0
stim,46332,76453,0,76453,3273769.455,-0.541,0.075,-0.040,0.837,0,0,2323,0,3091,3,3017,2745,57,1.285,1,2106,0,220.550,5.560,6.500,-220.438,2.750,-0.391,0.227,1.836,0.383,-5.547,5.043,0.120,0.200,1.241,1.356,3,NULL,NULL,,3,0,2,7,255,950,250,0,0
stim,46332,76453,0,76453,3273774.454,-0.541,0.083,-0.046,0.836,0,0,2185,0,3079,31,3013,2669,57,1.285,1,2106,0,237.994,7.303,-0.875,-237.938,-5.125,-0.508,0.121,2.215,0.383,-7.293,7.246,0.130,0.216,1.241,1.356,3,NULL,NULL,,3,0,2,7,255,950,250,0,0
stim,46332,76453,0,76453,3273779.455,-0.540,0.093,-0.052,0.835,0,0,2025,0,3056,66,3005,2603,57,1.285,1,2106,0,260.123,9.156,-5.438,-260.063,-1.438,-0.570,0.141,2.559,2.156,-8.898,10.563,0.142,0.232,1.241,1.356,3,NULL,NULL,,3,0,2,7,255,950,250,0,0
stim,46332,76453,0,76453,3273784.453,-0.539,0.102,-0.060,0.834,0,0,1861,0,3049,71,2975,2529,57,1.285,1,2106,0,290.467,10.822,-37.500,-287.438,18.563,-0.676,0.422,2.637,2.156,-10.605,13.523,0.158,0.250,1.241,1.356,3,NULL,NULL,,3,0,2,7,255,950,250,0,0
stim,46332,76453,0,76453,3273789.455,-0.537,0.112,-0.070,0.833,0,0,1722,0,3019,75,2973,2411,57,1.285,1,2106,0,324.572,13.362,-74.125,-315.313,20.750,-0.719,0.793,2.688,0.777,-13.340,13.551,0.176,0.270,1.241,1.356,3,NULL,NULL,,3,0,2,7,255,950,250,0,0
stim,46361,76482,0,76482,3273794.453,-0.535,0.122,-0.082,0.832,0,0,1566,0,2995,83,2942,2277,57,1.285,1,2106,0,356.553,16.131,-107.938,-339.500,14.813,-0.797,0.930,2.680,-2.199,-15.980,13.551,0.200,0.294,1.241,1.356,3,NULL,NULL,,3,0,2,7,255,950,250,0,0
stim,46361,76482,0,76482,3273799.455,-0.534,0.132,-0.095,0.830,0,0,1477,0,2953,91,2907,2125,57,1.285,1,2106,0,386.695,18.056,-122.375,-366.688,9.875,-0.875,0.922,2.762,-2.551,-17.875,12.707,0.230,0.326,1.241,1.356,3,NULL,NULL,,3,0,2,7,255,950,250,0,0
stim,46361,76482,0,76482,3273804.454,-0.533,0.143,-0.110,0.827,0,0,1397,0,2911,87,2854,1999,57,1.285,1,2106,0,416.385,19.746,-144.500,-390.438,-7.375,-0.914,1.035,2.879,-3.059,-19.508,12.707,0.266,0.362,1.241,1.356,3,NULL,NULL,,3,0,2,7,255,950,250,0,0
stim,46361,76482,0,76482,3273809.455,-0.532,0.154,-0.125,0.823,0,0,1277,0,2855,83,2793,1849,57,1.285,1,2106,0,442.423,21.170,-159.313,-411.438,-32.813,-0.840,0.891,2.852,-2.551,-21.016,12.621,0.310,0.406,1.241,1.356,3,NULL,NULL,,3,0,2,7,255,950,250,0,0
stim,46361,76482,0,76482,3273814.453,-0.532,0.167,-0.140,0.819,0,0,1175,0,2789,74,2699,1740,57,1.285,1,2106,0,465.760,21.505,-142.375,-442.250,-32.813,-0.891,0.547,2.941,-2.359,-21.375,12.133,0.362,0.460,1.241,1.356,3,NULL,NULL,,3,0,2,7,255,950,250,0,0
stim,46361,76482,0,76482,3273819.455,-0.530,0.180,-0.157,0.814,0,0,1047,0,2703,69,2541,1576,57,1.285,1,2106,0,493.597,21.378,-154.688,-468.500,-14.750,-1.023,0.684,3.023,0.379,-21.375,12.113,0.426,0.522,1.241,1.356,3,NULL,NULL,,3,0,2,7,255,950,250,0,0
stim,46391,76512,0,76512,3273824.454,-0.528,0.193,-0.173,0.808,0,0,882,0,2581,17,2346,1389,57,1.285,1,2106,0,510.809,24.206,-164.375,-482.188,-37.438,-1.098,0.785,3.074,0.379,-24.203,11.199,0.500,0.594,1.241,1.356,3,NULL,NULL,,3,0,2,7,255,950,250,0,0
stim,46391,76512,0,76512,3273829.455,-0.528,0.207,-0.190,0.802,0,0,731,0,2425,0,2117,1207,57,1.285,1,2106,0,523.024,25.456,-164.750,-491.563,-69.125,-0.938,0.539,3.141,0.379,-25.453,10.555,0.584,0.676,1.241,1.356,3,NULL,NULL,,3,0,2,7,255,950,250,0,0
stim,46391,76512,0,76512,3273834.453,-0.526,0.221,-0.207,0.794,0,0,559,0,2205,0,1821,1001,57,1.285,1,2106,0,537.948,25.494,-167.813,-507.563,-60.063,-0.754,0.039,3.098,1.449,-25.453,10.555,0.676,0.768,1.241,1.356,3,NULL,NULL,,3,0,2,7,255,950,250,0,0
stim,46391,76512,0,76512,3273839.455,-0.523,0.235,-0.226,0.788,0,0,355,0,1929,0,1431,877,57,1.285,1,2106,0,564.916,23.688,-196.875,-529.500,0.500,-0.668,-0.387,2.727,5.305,-23.086,10.555,0.774,0.866,1.241,1.356,3,NULL,NULL,,3,0,2,7,255,950,250,0,0
stim,46430,76551,0,76551,3273844.453,-0.518,0.248,-0.246,0.781,0,0,217,0,1613,0,957,713,57,1.285,1,2106,0,579.811,21.552,-203.750,-542.500,19.000,-0.605,-0.477,2.012,8.336,-19.875,7.680,0.876,0.968,1.241,1.356,3,NULL,NULL,,3,0,2,7,255,950,250,0,0
stim,46430,76551,0,76551,3273849.455,-0.512,0.264,-0.263,0.774,0,0,125,0,1237,0,343,569,57,1.285,1,2106,0,569.151,17.592,-137.125,-552.063,18.875,-0.652,-0.363,1.609,8.336,-15.492,1.910,0.984,1.078,1.241,1.356,3,NULL,NULL,,3,0,2,7,255,950,250,0,0
stim,46430,76551,0,76551,3273854.454,-0.505,0.280,-0.278,0.768,0,0,91,0,819,0,37,477,57,1.285,1,2106,0,558.283,17.044,-60.500,-554.250,28.750,-0.602,0.105,1.754,7.105,-15.492,-2.230,1.096,1.190,1.241,1.356,3,NULL,NULL,,3,0,2,7,255,950,250,0,0
stim,46430,76551,0,76551,3273859.455,-0.495,0.298,-0.292,0.762,0,0,27,0,281,0,0,393,57,1.285,1,2106,0,560.200,16.832,-12.000,-555.750,69.438,-0.965,0.254,2.254,3.727,-16.414,-2.406,1.210,1.306,1.241,1.356,3,NULL,NULL,,3,0,2,7,255,950,250,0,0
stim,46430,76551,0,76551,3273864.453,-0.482,0.313,-0.308,0.758,0,0,23,0,0,0,0,346,57,1.285,1,2106,0,602.527,23.215,-31.625,-575.875,174.375,-1.445,0.285,2.383,3.727,-22.914,-2.906,1.322,1.418,1.241,1.356,3,NULL,NULL,,3,0,2,7,255,950,250,0,0
stim,46430,76551,0,76551,3273869.455,-0.470,0.327,-0.326,0.753,0,0,5,0,0,0,0,227,57,1.285,1,2106,0,601.686,26.502,-116.000,-564.750,172.125,-1.496,0.805,2.070,3.727,-26.238,-7.016,1.426,1.526,1.241,1.356,4,NULL,NULL,,3,0,2,7,255,950,250,0,0
stim,46430,76551,0,76551,3273874.454,-0.463,0.337,-0.344,0.744,0,0,9,0,0,0,0,160,57,1.285,1,2106,0,554.972,26.252,-227.000,-501.125,73.063,-0.953,1.484,1.500,0.859,-26.238,-11.547,1.520,1.622,1.241,1.356,0,NULL,NULL,,3,0,2,7,255,950,250,0,0
stim,46430,76551,0,76551,3273879.455,-0.459,0.343,-0.364,0.734,0,0,9,0,0,0,0,150,57,1.285,1,2106,0,534.591,22.600,-330.000,-417.438,51.313,-0.746,1.797,1.012,-8.063,-21.113,-12.848,1.608,1.712,1.241,1.356,0,NULL,NULL,,3,0,2,7,255,950,250,0,0
stim,46458,76579,0,76579,3273884.453,-0.458,0.341,-0.387,0.725,0,0,7,0,0,0,0,126,57,1.285,1,2106,0,563.518,20.927,-469.188,-292.625,108.563,-0.426,2.063,0.004,-12.539,-16.754,-15.203,1.698,1.804,1.241,1.356,0,NULL,NULL,,3,0,2,7,255,950,250,0,0
stim,46458,76579,0,76579,3273889.455,-0.458,0.338,-0.403,0.717,0,0,7,0,0,0,0,102,57,1.285,1,2106,0,408.112,14.315,-365.188,-173.250,56.375,-0.293,1.262,-0.594,-12.539,-6.906,-18.309,1.796,1.906,1.241,1.356,0,NULL,NULL,,3,0,2,7,255,950,250,0,0
stim,46458,76579,0,76579,3273894.453,-0.457,0.338,-0.407,0.715,0,0,5,0,0,0,0,87,57,1.285,1,2106,0,110.899,11.459,-73.813,-72.563,39.813,-0.660,-0.359,0.125,-11.102,-2.840,-18.309,1.906,2.018,1.241,1.356,0,NULL,NULL,,3,0,2,7,255,950,250,0,0
stim,46458,76579,0,76579,3273899.455,-0.455,0.337,-0.407,0.716,0,0,2,0,0,0,0,95,57,1.285,1,2106,0,34.458,6.263,14.000,1.750,31.438,-1.090,-1.059,1.551,5.582,-2.840,-13.809,2.018,2.130,1.241,1.356,0,NULL,NULL,,3,0,2,7,255,950,250,0,0
stim,46458,76579,0,76579,3273904.454,-0.460,0.332,-0.409,0.715,0,0,0,0,0,0,0,93,57,1.285,1,2106,0,166.645,17.458,-140.250,86.813,-23.750,-1.551,-0.195,1.664,8.234,-15.395,-13.809,2.122,2.234,1.241,1.356,0,NULL,NULL,,3,0,2,7,255,950,250,0,0
stim,46458,76579,0,76579,3273909.455,-0.468,0.324,-0.412,0.711,0,0,0,0,0,0,0,55,57,1.285,1,2106,0,296.316,17.458,-234.625,167.000,-69.750,-0.922,0.414,0.434,8.234,-15.395,-15.086,2.214,2.328,1.241,1.356,0,NULL,NULL,,3,0,2,7,255,950,250,0,0
stim,46482,76603,0,76603,3273914.453,-0.475,0.315,-0.413,0.711,0,0,0,0,0,0,0,37,57,1.285,1,2106,0,249.930,8.297,-153.000,197.438,-8.625,-0.715,1.000,-0.156,-0.508,-8.281,-16.797,2.290,2.404,1.241,1.356,0,NULL,NULL,,3,0,2,7,255,950,250,0,0
stim,46482,76603,0,76603,3273919.455,-0.477,0.306,-0.409,0.715,0,0,0,0,0,0,0,13,57,1.285,1,2106,0,230.710,9.195,-22.875,220.563,63.688,-0.820,1.039,0.105,-6.715,-6.281,-19.117,2.352,2.464,1.241,1.356,0,NULL,NULL,,3,0,2,7,255,950,250,0,0
stim,46482,76603,0,76603,3273924.454,-0.479,0.298,-0.405,0.719,0,0,0,0,0,0,0,12,57,1.285,1,2106,0,244.969,9.195,-0.063,233.125,75.250,-1.156,0.781,0.836,-6.715,-6.281,-19.117,2.400,2.512,1.241,1.356,0,NULL,NULL,,3,0,2,7,255,950,250,0,0
stim,46482,76603,0,76603,3273929.455,-0.483,0.288,-0.403,0.722,0,0,0,0,0,0,0,30,57,1.285,1,2106,0,255.406,14.073,-70.938,242.188,39.313,-1.211,0.453,0.906,-3.016,-13.746,-17.496,2.446,2.560,1.241,1.356,0,NULL,NULL,,3,0,2,7,255,950,250,0,0
stim,46527,76648,0,76648,3273934.453,-0.489,0.278,-0.402,0.723,0,0,0,0,0,0,0,24,57,1.285,1,2106,0,276.154,13.747,-119.750,248.313,16.188,-0.934,0.234,0.266,0.121,-13.746,-16.477,2.494,2.610,1.241,1.356,0,NULL,NULL,,3,0,2,7,255,950,250,0,0
stim,46527,76648,0,76648,3273939.455,-0.493,0.267,-0.399,0.725,0,0,0,0,0,0,0,25,57,1.285,1,2106,0,267.093,7.126,-86.688,249.625,38.875,-0.559,0.195,-0.305,0.266,-7.121,-16.352,2.540,2.658,1.241,1.356,0,NULL,NULL,,3,0,2,7,255,950,250,0,0
stim,46527,76648,0,76648,3273944.453,-0.496,0.258,-0.395,0.729,0,0,0,0,0,0,0,19,57,1.285,1,2106,0,258.028,2.235,-25.938,247.188,69.313,-0.738,0.484,-0.293,0.266,-2.219,-16.477,2.580,2.698,1.241,1.356,0,NULL,NULL,,3,0,2,7,255,950,250,0,0
stim,46527,76648,0,76648,3273949.455,-0.499,0.249,-0.390,0.733,0,0,0,0,0,0,0,20,57,1.285,1,2106,0,261.360,2.683,10.563,253.938,60.938,-0.715,0.457,-0.098,-1.508,-2.219,-17.168,2.620,2.738,1.241,1.356,0,NULL,NULL,,3,0,2,7,255,950,250,0,0
stim,46527,76648,0,76648,3273954.454,-0.501,0.240,-0.384,0.737,0,0,0,0,0,0,0,19,57,1.285,1,2106,0,267.836,4.096,19.438,260.688,58.313,-0.617,0.367,0.016,-1.508,-3.809,-17.168,2.664,2.784,1.241,1.356,0,NULL,NULL,,3,0,2,7,255,950,250,0,0
stim,46527,76648,0,76648,3273959.455,-0.503,0.231,-0.378,0.742,0,0,0,0,0,0,0,5,57,1.285,1,2106,0,278.330,3.963,30.188,268.375,67.313,-0.504,0.297,0.008,-1.094,-3.809,-15.430,2.710,2.832,1.241,1.356,0,NULL,NULL,,3,0,2,7,255,950,250,0,0
stim,46549,76670,0,76670,3273964.453,-0.505,0.222,-0.371,0.747,0,0,0,0,0,0,0,5,57,1.285,1,2106,0,291.225,4.246,49.625,275.625,79.875,-0.539,0.309,0.074,-0.867,-4.156,-14.332,2.752,2.874,1.241,1.356,0,NULL,NULL,,3,0,2,7,255,950,250,0,0
stim,46549,76670,0,76670,3273969.455,-0.507,0.213,-0.363,0.752,0,0,0,0,0,0,0,0,57,1.285,1,2106,0,300.770,4.403,67.125,282.875,77.063,-0.625,0.301,0.234,-0.848,-4.320,-14.133,2.786,2.908,1.241,1.356,0,NULL,NULL,,3,0,2,7,255,950,250,0,0
stim,46549,76670,0,76670,3273974.454,-0.509,0.204,-0.355,0.757,0,0,0,0,0,0,0,0,57,1.285,1,2106,0,306.989,6.173,75.063,290.750,63.813,-0.609,0.250,0.395,-0.547,-6.148,-13.617,2.810,2.934,1.241,1.356,0,NULL,NULL,,3,0,2,7,255,950,250,0,0
stim,46549,76670,0,76670,3273979.455,-0.511,0.195,-0.346,0.762,0,0,0,0,0,0,0,0,57,1.285,1,2106,0,313.970,7.239,75.750,299.563,55.688,-0.527,0.242,0.512,-0.547,-7.219,-12.121,2.832,2.956,1.241,1.356,0,NULL,NULL,,3,0,2,7,255,950,250,0,0
stim,46549,76670,0,76670,3273984.453,-0.514,0.186,-0.337,0.767,0,0,0,0,0,0,0,0,57,1.285,1,2106,0,322.984,7.606,76.063,309.188,54.188,-0.492,0.270,0.582,-0.602,-7.582,-10.637,2.850,2.976,1.241,1.356,0,NULL,NULL,,3,0,2,7,255,950,250,0,0
stim,46549,76670,0,76670,3273989.455,-0.517,0.176,-0.327,0.771,0,0,0,0,0,0,0,0,57,1.285,1,2106,0,332.010,8.003,78.250,318.500,51.625,-0.523,0.277,0.672,-1.078,-7.930,-9.793,2.868,2.992,1.241,1.356,0,NULL,NULL,,3,0,2,7,255,950,250,0,0
stim,46549,76670,0,76670,3273994.453,-0.519,0.167,-0.318,0.776,0,0,0,0,0,0,0,0,57,1.285,1,2106,0,338.785,8.828,78.250,326.750,43.438,-0.563,0.262,0.773,-1.078,-8.762,-9.184,2.886,3.012,1.241,1.356,0,NULL,NULL,,3,0,2,7,255,950,250,0,0
stim,46549,76670,0,76670,3273999.455,-0.523,0.157,-0.308,0.779,0,0,0,0,0,0,0,0,57,1.285,1,2106,0,343.981,9.687,74.688,334.438,29.938,-0.555,0.262,0.848,-1.094,-9.625,-8.375,2.906,3.034,1.241,1.356,0,NULL,NULL,,3,0,2,7,255,950,250,0,0
stim,46574,76695,0,76695,3274004.454,-0.527,0.146,-0.297,0.783,0,0,0,0,0,0,0,3,57,1.285,1,2106,0,348.701,9.800,70.125,341.125,17.563,-0.496,0.250,0.891,-1.098,-9.738,-7.508,2.932,3.062,1.241,1.356,0,NULL,NULL,,3,0,2,7,255,950,250,0,0
stim,46574,76695,0,76695,3274009.455,-0.531,0.136,-0.287,0.786,0,0,0,0,0,0,0,0,57,1.285,1,2106,0,353.930,9.833,66.188,347.500,11.375,-0.426,0.219,0.902,-1.359,-9.738,-6.543,2.964,3.092,1.241,1.356,0,NULL,NULL,,3,0,2,7,255,950,250,0,0
stim,46574,76695,0,76695,3274014.453,-0.535,0.125,-0.277,0.789,0,0,0,0,0,0,0,2,57,1.285,1,2106,0,359.489,9.217,64.938,353.500,7.313,-0.402,0.211,0.887,-1.430,-9.105,-5.715,3.000,3.130,1.241,1.356,0,NULL,NULL,,3,0,2,7,255,950,250,0,0
stim,46574,76695,0,76695,3274019.455,-0.539,0.115,-0.266,0.791,0,0,0,0,0,0,0,0,57,1.285,1,2106,0,365.311,8.802,67.938,358.938,0.500,-0.387,0.207,0.848,-1.508,-8.672,-5.445,3.040,3.172,1.241,1.356,0,NULL,NULL,,3,0,2,7,255,950,250,0,0
stim,46594,76715,0,76715,3274024.454,-0.543,0.104,-0.254,0.793,0,0,0,0,0,0,0,4,57,1.285,1,2106,0,370.977,8.339,75.938,363.063,-6.563,-0.355,0.191,0.824,-1.539,-8.195,-5.387,3.088,3.220,1.241,1.356,0,NULL,NULL,,3,0,2,7,255,950,250,0,0
stim,46594,76715,0,76715,3274029.455,-0.548,0.094,-0.243,0.795,0,0,0,0,0,0,0,5,57,1.285,1,2106,0,376.469,7.787,87.500,366.000,-10.813,-0.313,0.188,0.836,-1.563,-7.629,-5.145,3.138,3.270,1.241,1.356,0,NULL,NULL,,3,0,2,7,255,950,250,0,0
stim,46594,76715,0,76715,3274034.453,-0.552,0.084,-0.230,0.797,0,0,0,0,0,0,0,6,57,1.285,1,2106,0,380.991,7.384,98.438,367.688,-16.438,-0.262,0.234,0.844,-1.789,-7.164,-4.648,3.190,3.324,1.241,1.356,0,NULL,NULL,,3,0,2,7,255,950,250,0,0
stim,46594,76715,0,76715,3274039.455,-0.556,0.074,-0.217,0.799,0,0,0,0,0,0,0,10,57,1.285,1,2106,0,386.451,6.949,111.563,369.563,-17.938,-0.051,0.078,0.816,-1.816,-6.707,-4.285,3.242,3.378,1.241,1.356,0,NULL,NULL,,3,0,2,7,255,950,250,0,0
stim,46632,76753,0,76753,3274044.453,-0.560,0.065,-0.204,0.801,0,0,0,0,0,0,0,10,57,1.285,1,2106,0,390.621,4.675,131.688,367.750,-1.813,-0.012,0.082,0.840,-2.047,-4.203,-3.133,3.294,3.430,1.241,1.356,0,NULL,NULL,,3,0,2,7,255,950,250,0,0
stim,46632,76753,0,76753,3274049.455,-0.563,0.056,-0.190,0.803,0,0,0,0,0,0,0,12,57,1.285,1,2106,0,394.341,4.675,151.938,363.688,12.313,-0.051,0.211,0.953,-2.047,-4.203,-2.656,3.342,3.480,1.241,1.356,0,NULL,NULL,,3,0,2,7,255,950,250,0,0
stim,46632,76754,0,76754,3274054.454,-0.565,0.047,-0.175,0.805,0,0,0,0,0,0,0,21,57,1.285,1,2106,0,396.519,5.635,165.813,359.813,16.375,-0.070,0.281,1.082,-3.258,-4.598,-1.977,3.386,3.524,1.241,1.356,0,NULL,NULL,,3,0,2,7,255,950,250,0,0
stim,46632,76754,0,76754,3274059.455,-0.567,0.039,-0.160,0.807,0,0,0,0,0,0,0,30,57,1.285,1,2106,0,397.095,6.143,175.500,355.563,21.438,-0.047,0.238,1.195,-3.828,-4.805,-0.875,3.426,3.566,1.241,1.356,0,NULL,NULL,,3,0,2,7,255,950,250,0,0
stim,46632,76754,0,76754,3274064.453,-0.568,0.031,-0.145,0.810,0,0,0,0,0,0,0,37,57,1.285,1,2106,0,398.632,6.205,184.563,351.938,31.375,-0.043,0.238,1.297,-3.926,-4.805,0.512,3.460,3.600,1.241,1.356,0,NULL,NULL,,3,0,2,7,255,950,250,0,0
stim,46632,76754,0,76754,3274069.455,-0.569,0.023,-0.129,0.812,0,0,0,0,0,0,0,37,57,1.285,1,2106,0,401.271,6.205,195.063,348.438,39.500,-0.090,0.258,1.410,-3.926,-4.805,1.645,3.492,3.632,1.241,1.356,0,NULL,NULL,,3,0,2,7,255,950,250,0,0
stim,46632,76754,0,76754,3274074.454,-0.570,0.016,-0.114,0.814,0,0,0,0,0,0,0,42,57,1.285,1,2106,0,402.149,6.471,201.750,345.313,42.188,-0.141,0.273,1.590,-4.055,-5.043,2.758,3.520,3.662,1.241,1.356,0,NULL,NULL,,3,0,2,7,255,950,250,0,0
stim,46632,76754,0,76754,3274079.455,-0.570,0.008,-0.098,0.816,0,0,0,0,0,0,0,43,57,1.285,1,2106,0,399.016,6.783,200.313,342.625,41.188,-0.168,0.250,1.750,-4.055,-5.438,4.527,3.546,3.688,1.241,1.356,0,NULL,NULL,,3,0,2,7,255,950,250,0,0
stim,46632,76754,0,76754,3274084.453,-0.570,0.001,-0.082,0.817,0,0,0,0,0,0,0,39,57,1.285,1,2106,0,393.289,6.739,193.313,340.000,41.313,-0.188,0.242,1.887,-3.980,-5.438,6.266,3.572,3.714,1.241,1.356,0,NULL,NULL,,3,0,2,7,255,950,250,0,0
stim,46632,76754,0,76754,3274089.455,-0.570,-0.007,-0.068,0.819,0,0,0,0,0,0,0,39,57,1.285,1,2106,0,385.299,6.547,182.313,336.813,42.125,-0.215,0.234,1.980,-3.922,-5.242,7.797,3.598,3.742,1.241,1.356,0,NULL,NULL,,3,0,2,7,255,950,250,0,0
stim,46661,76782,0,76782,3274094.454,-0.570,-0.015,-0.053,0.820,0,0,0,0,0,0,0,38,57,1.285,1,2106,0,376.889,6.258,171.313,333.313,40.000,-0.250,0.227,2.031,-3.773,-4.992,8.848,3.626,3.770,1.241,1.356,0,NULL,NULL,,3,0,2,7,255,950,250,0,0
stim,46661,76782,0,76782,3274099.455,-0.570,-0.023,-0.039,0.820,0,0,0,0,0,0,0,41,57,1.285,1,2106,0,369.809,5.891,163.875,329.750,34.188,-0.258,0.180,2.043,-3.563,-4.691,9.516,3.654,3.798,1.241,1.356,0,NULL,NULL,,3,0,2,7,255,950,250,0,0
stim,46661,76782,0,76782,3274104.453,-0.570,-0.030,-0.025,0.821,0,0,0,0,0,0,0,40,57,1.285,1,2106,0,366.626,5.039,162.688,327.438,27.063,-0.246,0.094,2.047,-3.070,-3.996,9.840,3.682,3.828,1.241,1.356,0,NULL,NULL,,3,0,2,7,255,950,250,0,0
stim,46661,76782,0,76782,3274109.455,-0.570,-0.038,-0.010,0.821,0,0,0,0,0,0,0,41,57,1.285,1,2106,0,366.923,3.731,166.500,326.313,20.750,-0.238,-0.016,2.066,-2.266,-2.965,10.094,3.712,3.858,1.241,1.356,0,NULL,NULL,,3,0,2,7,255,950,250,0,0
stim,46690,76811,0,76811,3274114.453,-0.570,-0.045,0.004,0.820,0,0,0,0,0,0,0,43,57,1.285,1,2106,0,368.752,2.244,171.375,326.188,14.500,-0.230,-0.082,2.082,-1.238,-1.871,10.453,3.742,3.888,1.241,1.356,0,NULL,NULL,,3,0,2,7,255,950,250,0,0
stim,46690,76811,0,76811,3274119.455,-0.571,-0.053,0.018,0.819,0,0,0,0,0,0,0,43,57,1.285,1,2106,0,372.888,1.103,179.125,327.000,5.563,-0.195,-0.129,2.055,-0.594,-0.930,10.473,3.770,3.918,1.241,1.356,0,NULL,NULL,,3,0,2,7,255,950,250,0,0
stim,46690,76811,0,76811,3274124.454,-0.571,-0.059,0.034,0.818,0,0,0,0,0,0,0,45,57,1.285,1,2106,0,382.116,0.258,196.625,327.625,-3.625,-0.121,-0.211,2.039,-0.148,0.211,10.473,3.798,3.946,1.241,1.356,0,NULL,NULL,,3,0,2,7,255,950,250,0,0
stim,46690,76811,0,76811,3274129.455,-0.572,-0.065,0.049,0.816,0,0,0,0,0,0,0,52,57,1.285,1,2106,0,395.520,1.850,221.813,327.250,-11.938,-0.004,-0.305,2.086,0.473,1.789,10.445,3.824,3.972,1.241,1.356,0,NULL,NULL,,3,0,2,7,255,950,250,0,0
stim,46690,76811,0,76811,3274134.453,-0.573,-0.071,0.066,0.814,0,0,0,0,0,0,0,53,57,1.285,1,2106,0,410.881,4.005,248.813,326.375,-19.875,0.176,-0.324,2.203,0.828,3.918,10.445,3.848,3.996,1.241,1.356,0,NULL,NULL,,3,0,2,7,255,950,250,0,0
stim,46690,76811,0,76811,3274139.455,-0.574,-0.076,0.084,0.811,0,0,0,0,0,0,0,55,57,1.285,1,2106,0,426.629,6.545,274.438,325.563,-26.563,0.406,-0.285,2.363,0.828,6.492,11.066,3.864,4.014,1.241,1.356,0,NULL,NULL,,3,0,2,7,255,950,250,0,0
stim,46729,76850,1,76850,3274144.454,-0.575,-0.080,0.102,0.807,0,0,0,0,0,0,0,61,57,1.285,1,2106,0,440.745,9.481,296.563,324.688,-29.750,0.637,-0.262,2.543,-0.055,9.480,11.855,3.874,4.026,1.241,1.356,0,NULL,NULL,,3,1,2,7,255,950,250,0,0
stim,46729,76850,1,76850,3274149.455,-0.576,-0.083,0.121,0.804,0,0,0,0,0,0,0,62,57,1.285,1,2106,0,449.874,12.666,311.500,323.438,-27.250,0.832,-0.289,2.715,-0.676,12.648,12.660,3.878,4.030,1.241,1.356,0,NULL,NULL,,3,1,2,7,255,950,250,0,0
stim,46729,76850,1,76850,3274154.453,-0.577,-0.087,0.140,0.800,0,0,0,0,0,0,0,67,57,1.285,1,2106,0,454.316,15.772,319.750,322.000,-21.875,0.988,-0.332,2.863,-0.676,15.758,13.289,3.872,4.024,1.241,1.356,0,NULL,NULL,,3,1,2,7,255,950,250,0,0
stim,46729,76850,1,76850,3274159.455,-0.577,-0.090,0.160,0.796,0,0,0,0,0,0,0,68,57,1.285,1,2106,0,457.811,18.499,326.750,320.063,-19.625,1.121,-0.316,2.996,-0.301,18.496,13.594,3.858,4.010,1.241,1.356,0,NULL,NULL,,3,1,2,7,255,950,250,0,0
stim,46729,76850,1,76850,3274164.453,-0.577,-0.093,0.179,0.791,0,0,0,0,0,0,0,69,57,1.285,1,2106,0,456.466,20.897,326.688,317.938,-23.500,1.227,-0.285,3.121,-0.301,20.895,13.723,3.830,3.982,1.241,1.356,0,NULL,NULL,,3,1,2,7,255,950,250,0,0
stim,46729,76850,1,76850,3274169.455,-0.577,-0.096,0.198,0.787,0,0,0,0,0,0,0,71,57,1.285,1,2106,0,446.184,23.021,314.875,314.813,-28.750,1.270,-0.246,3.258,-0.301,23.020,13.777,3.790,3.944,1.241,1.356,0,NULL,NULL,,3,1,2,7,255,950,250,0,0
stim,46729,76850,1,76850,3274174.454,-0.577,-0.100,0.215,0.781,0,0,0,0,0,0,0,73,57,1.285,1,2106,0,429.694,24.662,295.875,309.063,-39.688,1.391,-0.047,3.461,-0.336,24.660,14.074,3.736,3.890,1.241,1.356,0,NULL,NULL,,3,1,2,7,255,950,250,0,0
stim,46729,76850,1,76850,3274179.455,-0.578,-0.104,0.231,0.776,0,0,0,0,0,0,0,97,57,1.285,1,2106,0,404.830,26.887,260.875,303.063,-63.125,1.699,0.227,3.625,-1.777,26.828,14.703,3.670,3.824,1.241,1.356,0,NULL,NULL,,3,1,2,7,255,950,250,0,0
stim,46754,76875,1,76875,3274184.453,-0.579,-0.110,0.245,0.770,0,0,0,0,0,0,0,117,57,1.285,1,2106,0,366.779,30.704,202.750,294.563,-81.563,2.156,0.293,3.617,-4.637,30.352,14.703,3.594,3.750,1.241,1.356,0,NULL,NULL,,3,1,2,7,255,950,250,0,0
stim,46754,76875,1,76875,3274189.455,-0.579,-0.117,0.256,0.765,0,0,0,0,0,0,0,157,57,1.285,1,2106,0,316.926,35.166,129.813,279.688,-73.250,2.617,0.121,3.344,-6.035,34.645,11.844,3.510,3.666,1.241,1.356,0,NULL,NULL,,3,1,2,7,255,950,250,0,0
stim,46754,76875,1,76875,3274194.454,-0.579,-0.124,0.264,0.762,0,0,0,0,0,0,0,214,57,1.285,1,2106,0,273.359,38.488,61.688,262.500,-44.875,3.016,-0.043,2.785,-6.184,37.988,6.086,3.418,3.574,1.241,1.356,0,NULL,NULL,,3,1,2,7,255,950,250,0,0
stim,46754,76875,1,76875,3274199.455,-0.577,-0.132,0.271,0.759,0,0,0,0,0,0,0,263,57,1.285,1,2106,0,245.443,39.101,21.313,243.438,-22.938,3.410,-0.141,2.102,-6.184,38.609,-1.719,3.320,3.478,1.241,1.356,0,NULL,NULL,,3,1,2,7,255,950,250,0,0
stim,46774,76895,1,76895,3274204.453,-0.575,-0.139,0.277,0.757,0,0,0,0,0,0,0,333,57,1.285,1,2106,0,223.403,39.209,17.188,222.625,-7.188,3.832,-0.371,1.445,-6.832,38.609,-10.336,3.212,3.372,1.241,1.356,0,NULL,NULL,,3,1,2,7,255,950,250,0,0
stim,46774,76895,1,76895,3274209.455,-0.572,-0.145,0.284,0.756,0,0,0,0,0,0,0,359,57,1.285,1,2106,0,204.467,39.209,40.938,199.500,18.188,4.215,-0.781,0.848,-6.832,38.609,-19.039,3.096,3.254,1.241,1.356,0,NULL,NULL,,3,1,2,7,255,950,250,0,0
stim,46774,76895,1,76895,3274214.454,-0.569,-0.147,0.291,0.755,0,0,0,0,0,0,0,370,57,1.285,1,2106,0,204.480,39.004,99.750,168.313,59.438,4.461,-1.430,0.477,-4.738,38.715,-27.398,2.962,3.120,1.241,1.356,0,NULL,NULL,,3,1,2,7,255,950,250,0,0
stim,46774,76895,1,76895,3274219.455,-0.565,-0.146,0.302,0.754,0,0,0,0,0,0,0,365,57,1.285,1,2106,0,262.033,38.715,189.063,138.875,116.750,4.266,-1.855,0.402,0.004,38.715,-33.832,2.814,2.972,1.241,1.356,0,NULL,NULL,,3,1,2,7,255,950,250,0,0
stim,46774,76895,1,76895,3274224.454,-0.560,-0.140,0.314,0.754,0,0,0,0,20,0,0,351,57,1.285,1,2106,0,316.337,39.592,259.250,90.063,157.313,4.488,-2.395,0.953,4.031,39.387,-34.242,2.654,2.808,1.241,1.356,0,NULL,NULL,,3,1,2,7,255,950,250,0,0
stim,46774,76895,1,76895,3274229.455,-0.553,-0.133,0.326,0.755,0,0,0,0,31,0,0,345,57,1.285,1,2106,0,371.398,42.701,292.125,67.500,219.188,3.910,-2.457,1.383,8.219,41.902,-34.242,2.486,2.638,1.241,1.356,0,NULL,NULL,,3,1,2,7,255,950,250,0,0
stim,46827,76948,1,76948,3274234.454,-0.548,-0.122,0.340,0.755,0,0,0,0,43,0,0,331,57,1.285,1,2106,0,412.014,42.701,350.563,23.000,215.250,2.973,-1.777,1.973,8.219,41.902,-28.820,2.316,2.464,1.241,1.356,0,NULL,NULL,,3,1,2,7,255,950,250,0,0
stim,46827,76948,1,76948,3274239.455,-0.545,-0.110,0.353,0.753,0,0,0,0,39,0,0,327,57,1.285,1,2106,0,415.533,41.342,383.313,-22.313,158.875,2.559,-1.023,3.184,8.148,40.531,-17.754,2.146,2.290,1.241,1.356,0,NULL,NULL,,3,1,2,7,255,950,250,0,0
stim,46827,76948,1,76948,3274244.454,-0.544,-0.100,0.360,0.751,0,0,0,0,38,0,0,318,57,1.285,1,2106,0,285.898,40.880,265.375,-67.063,82.563,1.816,0.219,4.648,5.332,40.531,-4.461,1.974,2.114,1.241,1.356,0,NULL,NULL,,3,1,2,7,255,950,250,0,0
stim,46827,76948,1,76948,3274249.455,-0.546,-0.096,0.360,0.750,0,0,0,0,0,0,0,372,57,1.285,1,2106,0,96.209,42.624,55.313,-78.688,2.250,2.336,-0.672,4.563,5.332,42.289,8.008,1.804,1.938,1.241,1.356,0,NULL,NULL,,3,1,2,7,255,950,250,0,0
stim,46827,76948,1,76948,3274254.453,-0.544,-0.091,0.357,0.754,205,0,0,589,0,0,0,507,57,1.285,1,2106,0,176.123,42.839,-16.000,-134.875,112.125,1.238,-0.945,4.734,6.844,42.289,14.348,1.632,1.760,1.241,1.356,0,NULL,NULL,,3,1,2,7,255,950,250,0,0
stim,46827,76948,1,76948,3274259.455,-0.534,-0.071,0.358,0.763,965,0,0,1357,0,121,0,553,57,1.285,1,2106,0,544.348,44.649,166.875,-278.875,436.688,-0.082,1.250,7.754,8.297,43.871,14.348,1.460,1.582,1.241,1.356,0,NULL,NULL,,3,1,2,7,255,950,250,0,0
stim,46827,76948,1,76948,3274264.454,-0.517,-0.078,0.330,0.786,1643,0,0,1817,0,461,0,597,57,1.285,1,2106,0,938.193,40.909,-795.000,-139.063,478.375,-0.805,2.852,4.754,8.297,40.059,41.934,1.288,1.406,1.241,1.356,0,NULL,NULL,,3,1,2,7,255,950,250,0,0
stim,46827,76948,1,76948,3274269.455,-0.503,-0.094,0.287,0.810,2109,0,0,2039,0,613,0,657,57,1.285,1,2107,0,1225.903,18.416,-1170.125,-174.250,321.375,-1.480,4.195,-0.332,-11.914,14.043,41.934,1.116,1.228,1.241,1.356,1,1043.000,93.000,,3,1,2,7,255,950,250,0,0
stim,46849,76970,1,76970,3274274.454,-0.493,-0.103,0.259,0.824,2367,0,0,2185,0,886,0,722,57,1.285,1,2107,0,784.492,30.149,-737.000,-125.313,237.813,-2.746,2.926,-2.512,-13.137,-27.137,8.074,0.946,1.050,1.241,1.356,1,NULL,NULL,,3,1,2,7,255,950,250,0,0
stim,46849,76970,1,76970,3274279.455,-0.492,-0.104,0.245,0.829,2535,0,0,2299,0,1099,0,809,57,1.285,1,2107,0,346.013,31.307,-314.750,-142.813,16.188,-2.086,1.109,-1.691,-13.137,-28.418,-10.824,0.780,0.870,1.241,1.356,1,NULL,NULL,,3,1,2,7,255,950,250,0,0
stim,46849,76970,1,76970,3274284.454,-0.496,-0.101,0.239,0.829,2648,0,0,2394,0,1277,0,917,57,1.285,1,2107,0,160.996,28.429,-58.000,-131.938,-71.750,-0.051,0.152,0.832,-0.789,-28.418,-10.824,0.614,0.686,1.241,1.356,1,NULL,NULL,,3,1,2,7,255,950,250,0,0
stim,46849,76970,1,76970,3274289.455,-0.494,-0.097,0.235,0.832,2803,0,0,2607,0,1407,0,1002,57,1.285,1,2107,0,163.834,2.989,-64.063,-132.625,71.750,0.766,2.000,1.316,-0.789,2.883,-2.098,0.464,0.500,1.241,1.356,1,NULL,NULL,,3,1,2,7,255,950,250,0,0
stim,46849,76970,1,76970,3274294.453,-0.486,-0.092,0.228,0.839,2915,0,0,2749,0,1467,0,1097,57,1.285,1,2107,0,310.891,11.251,-132.625,-156.750,233.438,-0.543,1.680,1.633,-10.875,2.883,3.801,0.378,0.358,1.241,1.356,1,NULL,NULL,,3,1,2,7,255,950,250,0,0
stim,46849,76970,1,76970,3274299.455,-0.477,-0.089,0.212,0.849,2982,0,0,2867,0,1524,0,1215,57,1.285,1,2107,0,482.480,11.605,-340.000,-205.125,274.063,-2.480,-0.813,1.254,-10.875,-4.051,7.934,0.386,0.308,1.241,1.356,2,NULL,NULL,,3,1,2,7,255,950,250,0,0
stim,46857,76978,1,76978,3274304.453,-0.477,-0.090,0.194,0.853,3033,0,0,2955,0,1589,0,1343,57,1.285,1,2107,0,430.566,22.136,-386.500,-189.563,-8.438,-2.645,-1.375,-0.125,19.867,-9.762,7.934,0.436,0.342,1.241,1.356,2,NULL,NULL,,3,1,2,7,255,950,250,0,0
stim,46857,76978,1,76978,3274309.455,-0.485,-0.088,0.182,0.851,3067,0,0,3021,0,1634,0,1446,57,1.285,1,2107,0,334.800,22.136,-187.500,-199.938,-192.250,-0.844,-0.508,-0.594,19.867,-9.762,-5.039,0.488,0.406,1.241,1.356,2,NULL,NULL,,3,1,2,7,255,950,250,0,0
stim,46880,77001,1,77001,3274314.454,-0.495,-0.082,0.178,0.847,3103,0,0,3079,0,1683,0,1519,57,1.285,1,2107,0,302.303,10.617,34.688,-183.625,-237.625,0.688,-0.594,0.840,8.422,-6.465,-5.414,0.534,0.458,1.241,1.356,2,NULL,NULL,,3,1,2,7,255,950,250,0,0
stim,46880,77001,1,77001,3274319.455,-0.501,-0.076,0.176,0.844,3117,0,0,3116,0,1717,0,1527,57,1.285,1,2107,0,210.098,11.984,54.688,-148.625,-138.063,1.527,-1.344,2.086,4.543,11.090,-5.414,0.572,0.496,1.241,1.356,2,NULL,NULL,,3,1,2,7,255,950,250,0,0
stim,46880,77001,1,77001,3274324.454,-0.502,-0.072,0.170,0.845,3126,0,0,3153,0,1765,0,1495,57,1.285,1,2107,0,160.412,25.863,-74.063,-142.063,8.063,1.680,-2.117,2.367,4.543,25.461,2.148,0.608,0.530,1.241,1.356,2,NULL,NULL,,3,1,2,7,255,950,250,0,0
stim,46880,77001,1,77001,3274329.455,-0.495,-0.071,0.161,0.851,3145,0,0,3183,0,1827,36,1483,57,1.285,1,2107,0,307.539,27.551,-209.375,-128.250,185.188,1.109,-2.055,1.563,10.527,25.461,2.148,0.624,0.554,1.241,1.356,2,NULL,NULL,,3,1,2,7,255,950,250,0,0
stim,46906,77027,1,77027,3274334.454,-0.484,-0.069,0.151,0.859,3157,0,0,3197,0,1887,134,1505,57,1.285,1,2107,0,377.912,25.622,-207.438,-122.313,291.250,-0.164,-0.938,0.383,10.527,23.359,-1.895,0.612,0.564,1.241,1.356,2,NULL,NULL,,3,1,2,7,255,950,250,0,0
stim,46906,77027,1,77027,3274339.455,-0.475,-0.065,0.146,0.866,3151,0,0,3212,0,1979,179,1559,57,1.285,1,2107,0,303.587,9.650,-104.500,-133.313,251.938,-1.211,-0.043,0.297,8.609,4.359,-4.129,0.588,0.564,1.241,1.356,2,NULL,NULL,,3,1,2,7,255,950,250,0,0
stim,46932,77053,1,77053,3274344.453,-0.472,-0.061,0.141,0.868,3160,0,0,3219,0,2070,203,1641,57,1.285,1,2107,0,175.474,10.827,-58.563,-140.375,87.500,-1.590,0.594,1.094,6.691,-8.512,-4.129,0.554,0.548,1.241,1.356,2,NULL,NULL,,3,1,2,7,255,950,250,0,0
stim,46932,77053,1,77053,3274349.455,-0.474,-0.057,0.136,0.868,3163,0,0,3225,0,2148,223,1707,57,1.285,1,2107,0,147.794,9.227,-48.188,-136.063,-31.750,-0.418,0.891,1.035,3.563,-8.512,2.223,0.510,0.510,1.241,1.356,2,NULL,NULL,,3,1,2,7,255,950,250,0,0
stim,46932,77053,1,77053,3274354.453,-0.476,-0.053,0.131,0.868,3155,0,0,3221,0,2223,231,1802,57,1.285,1,2107,0,153.229,5.530,-68.000,-128.250,-49.063,-0.078,0.297,1.551,-2.047,-5.137,5.105,0.456,0.448,1.241,1.356,2,NULL,NULL,,3,1,2,7,255,950,250,0,0
stim,46932,77053,1,77053,3274359.455,-0.478,-0.052,0.123,0.868,3161,0,0,3223,88,2283,284,1918,57,1.285,1,2107,0,179.552,2.706,-132.063,-115.313,-38.750,0.160,-0.285,1.375,-2.047,1.770,2.547,0.396,0.372,1.241,1.356,2,NULL,NULL,,3,1,2,7,255,950,250,0,0
stim,46932,77053,1,77053,3274364.454,-0.479,-0.051,0.117,0.869,3155,0,0,3218,315,2324,349,2021,57,1.285,1,2107,0,155.218,6.184,-120.563,-95.063,-22.813,0.293,-0.633,1.223,1.418,6.020,2.547,0.344,0.302,1.241,1.356,2,NULL,NULL,,3,1,2,7,255,950,250,0,0
stim,46932,77053,1,77053,3274369.455,-0.481,-0.050,0.113,0.868,3158,0,0,3221,557,2357,348,2101,57,1.285,1,2107,0,98.374,8.964,-65.750,-54.625,-48.688,0.387,-0.652,1.203,3.227,8.363,0.492,0.302,0.248,1.241,1.356,2,NULL,NULL,,3,1,2,7,255,950,250,0,0
stim,46932,77053,1,77053,3274374.454,-0.482,-0.049,0.111,0.868,3147,0,0,3210,755,2387,388,2149,57,1.285,1,2107,0,64.416,8.964,-25.250,-48.625,-33.875,0.629,0.082,0.828,3.227,8.363,0.172,0.268,0.218,1.241,1.356,2,NULL,NULL,,3,1,2,7,255,950,250,0,0
stim,46932,77053,1,77053,3274379.455,-0.482,-0.047,0.111,0.868,3153,0,0,3211,951,2404,393,2207,57,1.285,1,2107,0,46.458,7.626,27.188,-37.625,1.875,0.379,0.348,1.203,-4.082,6.441,0.172,0.244,0.208,1.241,1.356,2,NULL,NULL,,3,1,2,7,255,950,250,0,0
stim,46932,77053,1,77053,3274384.454,-0.481,-0.046,0.109,0.868,3155,0,0,3207,1070,2427,375,2259,57,1.285,1,2107,0,44.995,5.612,-30.563,-27.438,18.375,-0.336,0.004,1.563,-4.082,3.852,1.395,0.230,0.206,1.241,1.356,2,NULL,NULL,,3,1,2,7,255,950,250,0,0
stim,46932,77053,1,77053,3274389.455,-0.483,-0.047,0.105,0.868,3159,0,0,3212,1165,2439,363,2299,57,1.285,1,2107,0,94.280,0.528,-83.188,-23.813,-37.438,-0.484,0.285,1.066,-0.020,0.527,1.563,0.222,0.198,1.241,1.356,2,NULL,NULL,,3,1,2,7,255,950,250,0,0
stim,46961,77082,0,77082,3274394.453,-0.487,-0.048,0.103,0.866,3157,3,0,3199,1251,2463,351,2328,57,1.285,1,2107,0,111.369,2.031,-45.250,-21.625,-99.438,-0.180,0.434,0.820,-0.020,-2.031,1.563,0.218,0.182,1.241,1.356,2,NULL,NULL,,3,0,2,7,255,948,250,0,0
stim,46961,77082,0,77082,3274399.455,-0.491,-0.048,0.102,0.864,3148,11,0,3204,1331,2469,338,2351,57,1.285,1,2107,0,108.484,3.514,-8.938,-17.125,-106.750,0.227,0.184,1.070,-2.867,-2.031,0.230,0.218,0.158,1.241,1.356,2,NULL,NULL,,3,0,2,7,255,948,250,0,0
stim,46961,77082,0,77082,3274404.453,-0.493,-0.048,0.100,0.863,3151,29,0,3211,1413,2475,335,2377,57,1.285,1,2107,0,66.415,4.212,-30.938,-8.250,-58.188,0.273,-0.160,1.258,-2.867,3.086,0.230,0.230,0.134,1.241,1.356,2,NULL,NULL,,3,0,2,7,255,948,250,0,0
stim,46961,77082,0,77082,3274409.455,-0.493,-0.050,0.098,0.863,3160,33,0,3203,1467,2493,339,2405,57,1.285,1,2107,0,70.898,3.097,-68.250,-3.500,-18.875,-0.016,-0.199,1.055,-0.258,3.086,0.230,0.244,0.110,1.241,1.356,2,NULL,NULL,,3,0,2,7,255,948,250,0,0
stim,47004,77125,0,77125,3274414.454,-0.494,-0.051,0.095,0.862,3155,38,0,3192,1529,2492,340,2405,57,1.285,1,2107,0,65.526,3.002,-58.313,-2.125,-29.813,-0.234,0.008,0.773,0.852,2.879,0.168,0.254,0.092,1.241,1.356,2,NULL,NULL,,3,0,2,7,255,948,250,0,0
stim,47004,77125,0,77125,3274419.455,-0.497,-0.052,0.094,0.861,3144,41,0,3189,1568,2505,341,2419,57,1.285,1,2107,0,62.360,0.860,-19.688,-5.250,-58.938,-0.168,0.039,0.785,0.852,-0.117,-1.957,0.260,0.080,1.241,1.356,2,NULL,NULL,,3,0,2,7,255,948,250,0,0
stim,47004,77125,0,77125,3274424.454,-0.499,-0.051,0.094,0.860,3153,42,0,3188,1594,2503,340,2427,57,1.285,1,2107,0,62.698,0.273,2.563,-5.813,-62.375,0.023,-0.043,0.984,0.246,-0.117,-1.957,0.266,0.070,1.241,1.356,2,NULL,NULL,,3,0,2,7,255,948,250,0,0
stim,47004,77125,0,77125,3274429.455,-0.500,-0.051,0.094,0.859,3148,57,0,3187,1624,2519,338,2432,57,1.285,1,2107,0,38.679,2.239,-2.813,-3.938,-38.375,0.078,0.027,1.098,-0.066,2.238,-0.449,0.274,0.062,1.241,1.356,2,NULL,NULL,,3,0,2,7,255,948,250,0,0
stim,47004,77125,0,77125,3274434.454,-0.501,-0.052,0.093,0.859,3148,69,0,3191,1649,2521,325,2441,57,1.285,1,2107,0,22.468,2.430,-14.563,-1.938,-17.000,-0.043,0.152,1.082,-0.945,2.238,0.605,0.280,0.052,1.241,1.356,2,NULL,NULL,,3,0,2,7,255,948,250,0,0
stim,47004,77125,0,77125,3274439.455,-0.502,-0.052,0.092,0.859,3147,91,0,3182,1675,2524,311,2443,57,1.285,1,2107,0,26.089,1.474,-18.375,-0.875,-18.500,-0.168,0.184,1.059,-1.117,0.961,0.777,0.288,0.044,1.241,1.356,2,NULL,NULL,,3,0,2,7,255,948,250,0,0
stim,47029,77150,0,77150,3274444.454,-0.503,-0.052,0.092,0.858,3143,94,0,3187,1695,2521,295,2441,57,1.285,1,2107,0,34.690,1.129,-15.938,0.000,-30.813,-0.156,0.168,1.047,-1.117,-0.160,0.777,0.292,0.038,1.241,1.356,2,NULL,NULL,,3,0,2,7,255,948,250,0,0
stim,47029,77150,0,77150,3274449.455,-0.504,-0.052,0.091,0.857,3149,95,0,3187,1711,2516,279,2441,57,1.285,1,2107,0,36.433,1.129,-12.063,0.438,-34.375,-0.078,0.188,1.059,-1.117,-0.160,0.652,0.296,0.034,1.241,1.356,2,NULL,NULL,,3,0,2,7,255,948,250,0,0
stim,47029,77150,0,77150,3274454.453,-0.505,-0.053,0.091,0.857,3132,100,2,3179,1732,2521,263,2449,57,1.285,1,2107,0,28.751,1.650,-12.875,1.000,-25.688,-0.055,0.195,1.094,-1.590,0.441,0.652,0.302,0.030,1.241,1.356,2,NULL,NULL,,3,0,2,7,255,948,250,0,0
stim,47029,77150,0,77150,3274459.455,-0.506,-0.053,0.090,0.856,3131,100,25,3181,1740,2513,233,2439,57,1.285,1,2107,0,26.484,1.650,-19.563,1.188,-17.813,-0.133,0.168,1.086,-1.590,0.441,0.918,0.308,0.024,1.241,1.356,2,NULL,NULL,,3,0,2,7,255,948,250,0,0
stim,47029,77150,0,77150,3274464.454,-0.506,-0.054,0.089,0.856,3117,103,77,3173,1739,2509,217,2439,57,1.285,1,2107,0,31.155,1.199,-24.563,1.250,-19.125,-0.191,0.109,1.031,-1.195,0.094,0.918,0.316,0.018,1.241,1.356,2,NULL,NULL,,3,0,2,7,255,948,250,0,0
stim,47029,77150,0,77150,3274469.455,-0.507,-0.054,0.088,0.856,3115,104,81,3156,1757,2515,201,2431,57,1.285,1,2107,0,33.108,0.434,-23.688,0.500,-23.125,-0.184,0.051,0.988,-0.434,0.020,0.508,0.322,0.012,1.241,1.356,2,NULL,NULL,,3,0,2,7,255,948,250,0,0
stim,47029,77150,0,77150,3274474.454,-0.508,-0.055,0.087,0.855,3117,100,86,3147,1771,2513,198,2441,57,1.343,1,2107,1,30.288,0.031,-21.688,-0.875,-21.125,-0.137,0.020,0.988,0.023,0.020,0.043,0.000,0.000,1.244,1.410,2,NULL,NULL,,3,0,2,7,255,948,250,0,0
stim,47029,77150,0,77150,3274479.455,-0.508,-0.055,0.086,0.855,3113,100,86,3143,1787,2499,191,2439,57,1.343,1,2107,1,25.758,0.437,-21.000,-3.500,-14.500,-0.156,-0.004,0.961,0.051,0.434,-0.055,0.002,0.002,1.244,1.410,2,NULL,NULL,,3,0,2,7,255,948,250,0,0
stim,47057,77178,0,77178,3274484.453,-0.509,-0.055,0.085,0.855,3095,101,87,3131,1813,2505,203,2446,57,1.343,1,2107,1,23.563,0.561,-17.375,-3.875,-15.438,-0.191,-0.023,0.934,0.355,0.434,-0.293,0.006,0.002,1.244,1.410,2,NULL,NULL,,3,0,2,7,255,948,250,0,0
stim,47057,77178,0,77178,3274489.455,-0.510,-0.056,0.084,0.854,3089,105,103,3128,1817,2493,191,2453,57,1.343,1,2107,1,23.066,0.704,-12.813,-5.063,-18.500,-0.176,-0.027,0.945,0.621,0.332,-0.438,0.008,0.004,1.244,1.410,2,NULL,NULL,,3,0,2,7,255,948,250,0,0
stim,47057,77178,0,77178,3274494.454,-0.510,-0.056,0.084,0.854,3081,100,146,3119,1829,2487,203,2453,57,1.343,1,2107,1,19.840,0.704,-11.125,-8.063,-14.313,-0.129,-0.027,0.953,0.621,0.332,-0.438,0.010,0.004,1.244,1.410,2,NULL,NULL,,3,0,2,7,255,948,250,0,0
stim,47057,77178,0,77178,3274499.455,-0.510,-0.056,0.083,0.854,3061,101,177,3099,1859,2491,201,2469,57,1.343,1,2107,1,14.470,0.758,-7.500,-8.813,-8.688,-0.133,-0.027,0.941,0.387,0.652,-0.438,0.012,0.006,1.244,1.410,2,NULL,NULL,,3,0,2,7,255,948,250,0,0
stim,47057,77178,0,77178,3274504.453,-0.511,-0.055,0.083,0.854,3059,101,201,3096,1867,2479,199,2462,57,1.343,1,2107,1,11.573,0.758,-3.438,-8.938,-6.500,-0.133,0.027,0.965,0.387,0.652,-0.406,0.014,0.008,1.244,1.410,2,NULL,NULL,,3,0,2,7,255,948,250,0,0
stim,47057,77178,0,77178,3274509.455,-0.511,-0.055,0.082,0.854,3039,101,233,3077,1891,2483,217,2480,57,1.343,1,2107,1,12.135,0.445,0.875,-11.938,-2.000,-0.148,0.121,1.008,-0.082,0.438,-0.293,0.016,0.010,1.244,1.410,2,NULL,NULL,,3,0,2,7,255,948,250,0,0
stim,47081,77202,0,77202,3274514.454,-0.511,-0.054,0.082,0.854,3036,101,263,3054,1911,2479,227,2488,57,1.343,1,2107,1,12.436,0.491,-2.750,-11.813,-2.750,-0.203,0.113,1.035,-0.488,-0.047,0.207,0.018,0.012,1.244,1.410,2,NULL,NULL,,3,0,2,7,255,948,250,0,0
stim,47081,77202,0,77202,3274519.455,-0.511,-0.054,0.082,0.854,3016,101,293,3053,1951,2479,240,2509,57,1.343,1,2107,1,17.218,0.595,-9.625,-11.563,-8.375,-0.203,0.074,1.004,-0.488,-0.340,0.262,0.020,0.016,1.244,1.410,2,NULL,NULL,,3,0,2,7,255,948,250,0,0
stim,47081,77202,0,77202,3274524.454,-0.512,-0.054,0.081,0.854,2996,105,316,3031,1981,2469,264,2517,57,1.343,1,2107,1,19.491,0.527,-7.688,-13.938,-11.250,-0.172,0.086,0.945,-0.402,-0.340,0.262,0.022,0.016,1.244,1.410,2,NULL,NULL,,3,0,2,7,255,948,250,0,0
stim,47081,77202,0,77202,3274529.455,-0.512,-0.053,0.081,0.853,2985,118,379,3017,2007,2472,277,2523,57,1.343,1,2107,1,18.074,0.472,-0.063,-13.625,-11.875,-0.125,0.113,0.969,-0.402,-0.246,-0.203,0.024,0.016,1.244,1.410,2,NULL,NULL,,3,0,2,7,255,948,250,0,0
stim,47127,77248,0,77248,3274534.453,-0.512,-0.053,0.080,0.853,2943,133,439,2992,2026,2475,301,2543,57,1.343,1,2107,1,16.739,0.822,-1.250,-15.375,-6.500,-0.125,0.156,1.027,-0.820,-0.059,-0.203,0.024,0.014,1.244,1.410,2,NULL,NULL,,3,0,2,7,255,948,250,0,0
stim,47127,77248,0,77248,3274539.455,-0.513,-0.052,0.080,0.853,2937,132,505,2981,2065,2463,345,2555,57,1.343,1,2107,1,17.463,1.185,-3.563,-15.625,-6.938,-0.164,0.172,1.051,-1.184,-0.059,0.395,0.022,0.012,1.244,1.410,2,NULL,NULL,,3,0,2,7,255,948,250,0,0
stim,47127,77248,0,77248,3274544.454,-0.513,-0.052,0.079,0.853,2905,137,627,2961,2109,2472,380,2581,57,1.343,1,2107,1,19.969,1.287,-8.500,-14.750,-10.438,-0.152,0.199,1.035,-1.207,-0.445,0.539,0.022,0.010,1.244,1.410,2,NULL,NULL,,3,0,2,7,255,948,250,0,0
stim,47127,77248,0,77248,3274549.455,-0.513,-0.051,0.079,0.853,2890,155,689,2939,2159,2485,438,2591,57,1.343,1,2107,1,20.724,1.542,-7.313,-14.500,-12.875,-0.133,0.191,1.023,-1.477,-0.445,0.539,0.022,0.008,1.244,1.410,2,NULL,NULL,,3,0,2,7,255,948,250,0,0
stim,47127,77248,0,77248,3274554.453,-0.514,-0.051,0.078,0.853,2853,167,760,2923,2207,2477,483,2607,57,1.343,1,2107,1,21.355,1.513,-9.625,-14.000,-12.938,-0.117,0.164,1.008,-1.477,-0.328,0.367,0.022,0.008,1.244,1.410,2,NULL,NULL,,3,0,2,7,255,948,250,0,0
stim,47127,77248,0,77248,3274559.455,-0.514,-0.050,0.078,0.853,2836,175,863,2905,2267,2475,551,2616,57,1.343,1,2107,1,20.686,1.335,-11.188,-13.875,-10.500,-0.148,0.141,1.008,-1.309,-0.266,0.211,0.022,0.010,1.244,1.410,2,NULL,NULL,,3,0,2,7,255,948,250,0,0
stim,47127,77248,0,77248,3274564.454,-0.515,-0.050,0.077,0.852,2811,217,975,2885,2303,2479,679,2643,57,1.343,1,2107,1,24.896,0.993,-13.313,-13.438,-16.188,-0.168,0.105,0.977,-0.957,-0.266,0.191,0.020,0.012,1.244,1.410,2,NULL,NULL,,3,0,2,7,255,948,250,0,0
stim,47127,77248,0,77248,3274569.455,-0.516,-0.050,0.076,0.852,2786,234,1139,2876,2345,2477,822,2658,57,1.343,1,2107,1,26.475,0.667,-11.875,-13.313,-19.563,-0.184,0.094,0.969,-0.566,-0.352,-0.043,0.020,0.014,1.244,1.410,2,NULL,NULL,,3,0,2,7,255,948,250,0,0
stim,47156,77277,0,77277,3274574.454,-0.517,-0.050,0.075,0.851,2747,248,1222,2852,2393,2491,955,2665,57,1.343,1,2107,1,31.333,0.616,-11.938,-14.313,-25.188,-0.203,0.082,0.992,-0.418,-0.453,-0.043,0.020,0.014,1.244,1.410,2,NULL,NULL,,3,0,2,7,255,948,250,0,0
stim,47156,77277,0,77277,3274579.455,-0.518,-0.050,0.074,0.851,2723,268,1335,2830,2431,2493,1065,2683,57,1.343,1,2107,1,39.318,0.701,-14.375,-14.000,-33.813,-0.195,0.109,1.016,-0.418,-0.563,0.125,0.022,0.018,1.244,1.410,2,NULL,NULL,,3,0,2,7,255,948,250,0,0
stim,47156,77277,0,77277,3274584.453,-0.519,-0.050,0.073,0.850,2667,275,1519,2809,2473,2489,1193,2696,57,1.343,1,2107,1,48.176,0.609,-18.813,-14.063,-42.063,-0.172,0.063,1.016,-0.234,-0.563,0.289,0.024,0.020,1.244,1.410,2,NULL,NULL,,3,0,2,7,255,948,250,0,0
stim,47156,77277,0,77277,3274589.455,-0.521,-0.050,0.072,0.849,2629,301,1658,2803,2517,2495,1325,2703,57,1.343,1,2107,1,53.026,0.308,-23.938,-15.000,-44.875,-0.141,0.012,1.008,-0.234,-0.199,0.289,0.026,0.022,1.244,1.410,2,NULL,NULL,,3,0,2,7,255,948,250,0,0
stim,47156,77277,0,77277,3274594.454,-0.523,-0.050,0.070,0.848,2569,303,1787,2776,2550,2492,1423,2717,57,1.343,1,2107,1,54.803,0.287,-25.938,-14.250,-46.125,-0.148,-0.027,0.980,0.055,0.281,0.152,0.030,0.026,1.244,1.410,2,NULL,NULL,,3,0,2,7,255,948,250,0,0
stim,47156,77277,0,77277,3274599.455,-0.524,-0.050,0.069,0.847,2501,317,1911,2741,2587,2469,1527,2731,57,1.343,1,2107,1,55.889,0.521,-27.813,-17.063,-45.375,-0.148,-0.043,0.969,0.426,0.301,-0.121,0.032,0.030,1.244,1.410,2,NULL,NULL,,3,0,2,7,255,948,250,0,0
stim,47156,77277,0,77277,3274604.453,-0.526,-0.050,0.067,0.846,2447,341,2029,2714,2621,2505,1641,2750,57,1.343,1,2107,1,59.338,0.614,-30.500,-18.125,-47.563,-0.172,-0.070,0.996,0.535,0.301,-0.121,0.036,0.032,1.244,1.410,2,NULL,NULL,,3,0,2,7,255,948,250,0,0
stim,47156,77277,0,77277,3274609.455,-0.528,-0.050,0.065,0.845,2377,345,2147,2681,2663,2503,1750,2774,57,1.343,1,2107,1,69.139,0.876,-39.000,-21.063,-53.063,-0.184,-0.074,1.051,0.844,0.234,0.059,0.040,0.036,1.244,1.410,2,NULL,NULL,,3,0,2,7,255,948,250,0,0
stim,47179,77300,0,77300,3274614.454,-0.530,-0.051,0.062,0.844,2293,349,2269,2636,2692,2510,1843,2785,57,1.343,1,2107,1,83.734,0.913,-53.125,-21.813,-60.938,-0.176,-0.090,1.031,0.883,0.234,0.430,0.044,0.040,1.244,1.410,2,NULL,NULL,,3,0,2,7,255,948,250,0,0
stim,47179,77300,0,77300,3274619.455,-0.532,-0.051,0.059,0.843,2191,361,2361,2591,2724,2506,1945,2795,57,1.343,1,2107,1,81.316,0.922,-51.188,-23.563,-58.625,-0.090,-0.047,0.910,0.883,0.266,0.430,0.046,0.044,1.244,1.410,2,NULL,NULL,,3,0,2,7,255,948,250,0,0
stim,47179,77300,0,77300,3274624.454,-0.534,-0.051,0.057,0.842,2101,368,2457,2531,2741,2511,2041,2813,57,1.343,1,2107,0,66.077,0.679,-38.750,-25.375,-47.125,-0.063,-0.035,0.898,0.246,0.633,-0.867,0.050,0.050,1.244,1.410,2,NULL,NULL,,3,0,2,7,255,948,250,0,0
stim,47179,77300,0,77300,3274629.455,-0.535,-0.051,0.055,0.841,1972,371,2531,2455,2771,2510,2127,2839,57,1.343,1,2107,0,54.004,0.679,-28.313,-27.563,-36.813,-0.117,-0.074,0.969,0.246,0.633,-0.867,0.052,0.052,1.244,1.410,2,NULL,NULL,,3,0,2,7,255,948,250,0,0
stim,47205,77327,0,77327,3274634.454,-0.537,-0.051,0.053,0.841,1849,361,2588,2375,2799,2507,2207,2860,57,1.343,1,2107,0,52.740,0.710,-26.250,-30.250,-34.313,-0.160,-0.063,1.047,0.508,0.496,-0.258,0.054,0.054,1.244,1.410,2,NULL,NULL,,3,0,2,7,255,948,250,0,0
stim,47205,77327,0,77327,3274639.455,-0.538,-0.050,0.051,0.840,1678,350,2644,2239,2837,2508,2275,2863,57,1.343,1,2107,0,58.463,0.528,-34.375,-33.188,-33.688,-0.188,-0.039,1.086,0.508,0.145,0.559,0.054,0.056,1.244,1.410,2,NULL,NULL,,3,0,2,7,255,948,250,0,0
stim,47239,77360,0,77360,3274644.453,-0.539,-0.050,0.049,0.839,1428,314,2685,2139,2857,2509,2359,2891,57,1.343,1,2107,0,71.745,0.447,-45.438,-35.125,-43.000,-0.199,0.000,1.086,0.395,-0.211,0.984,0.052,0.054,1.244,1.410,2,NULL,NULL,,3,0,2,7,255,948,250,0,0
stim,47239,77360,0,77360,3274649.455,-0.541,-0.050,0.046,0.838,1225,295,2732,1983,2870,2513,2424,2901,57,1.343,1,2107,0,75.187,0.219,-45.250,-36.813,-47.438,-0.109,0.031,1.004,0.059,-0.211,0.984,0.050,0.054,1.244,1.410,2,NULL,NULL,,3,0,2,7,255,948,250,0,0
stim,47239,77361,0,77361,3274654.453,-0.542,-0.049,0.043,0.838,1000,269,2774,1767,2901,2503,2479,2902,57,1.343,1,2107,0,67.168,0.302,-37.938,-38.500,-39.875,-0.051,-0.023,0.988,-0.301,0.023,0.078,0.046,0.052,1.244,1.410,2,NULL,NULL,,3,0,2,7,255,948,250,0,0
stim,47239,77361,0,77361,3274659.455,-0.543,-0.049,0.041,0.837,777,247,2805,1510,2911,2503,2533,2919,57,1.343,1,2107,0,56.377,0.761,-30.125,-40.375,-25.313,-0.070,-0.078,1.012,-0.301,0.699,0.078,0.044,0.052,1.244,1.410,2,NULL,NULL,,3,0,2,7,255,948,250,0,0
stim,47239,77361,0,77361,3274664.454,-0.544,-0.048,0.039,0.837,508,187,2841,1290,2926,2489,2599,2936,57,1.343,1,2107,0,54.571,0.737,-26.813,-43.000,-20.250,-0.137,-0.078,1.055,0.234,0.699,0.141,0.042,0.050,1.244,1.410,2,NULL,NULL,,3,0,2,7,255,948,250,0,0
stim,47239,77361,0,77361,3274669.455,-0.545,-0.047,0.037,0.837,313,121,2861,1015,2951,2487,2635,2939,57,1.343,1,2107,0,55.380,0.260,-24.000,-46.125,-19.063,-0.117,-0.047,1.039,0.234,0.113,0.430,0.040,0.050,1.244,1.410,2,NULL,NULL,,3,0,2,7,255,948,250,0,0
stim,47239,77361,0,77361,3274674.454,-0.545,-0.045,0.035,0.836,143,76,2875,774,2973,2473,2670,2953,57,1.343,1,2107,0,55.748,0.166,-20.188,-47.750,-20.500,-0.098,-0.055,1.020,0.121,0.113,0.430,0.038,0.050,1.244,1.410,2,NULL,NULL,,3,0,2,7,255,948,250,0,0
stim,47239,77361,0,77361,3274679.455,-0.546,-0.044,0.033,0.836,42,33,2899,535,2981,2444,2703,2963,57,1.343,1,2107,0,56.867,0.269,-12.063,-52.063,-19.438,-0.063,0.008,1.063,0.117,0.242,0.430,0.036,0.052,1.244,1.410,2,NULL,NULL,,3,0,2,7,255,948,250,0,0
stim,47239,77361,0,77361,3274684.454,-0.547,-0.042,0.032,0.836,10,4,2917,363,3000,2420,2741,2973,57,1.343,1,2107,0,58.102,0.627,-1.750,-56.875,-11.750,-0.086,0.129,1.141,-0.578,0.242,0.609,0.036,0.052,1.244,1.410,2,NULL,NULL,,3,0,2,7,255,948,250,0,0
stim,47239,77361,0,77361,3274689.455,-0.547,-0.040,0.030,0.835,0,0,2933,217,3006,2393,2771,2987,57,1.343,1,2107,0,62.987,1.663,-9.250,-58.500,-21.438,-0.086,0.188,1.145,-1.625,-0.352,1.367,0.036,0.054,1.244,1.410,2,NULL,NULL,,3,0,2,7,255,948,250,0,0
stim,47261,77382,0,77382,3274694.453,-0.548,-0.037,0.029,0.835,0,0,2941,201,3023,2360,2802,2988,57,1.343,1,2107,0,67.301,1.741,6.813,-64.313,-18.625,-0.266,0.047,1.199,-1.625,-0.625,1.391,0.034,0.056,1.244,1.410,2,NULL,NULL,,3,0,2,7,255,948,250,0,0
stim,47261,77382,0,77382,3274699.455,-0.548,-0.033,0.029,0.835,0,0,2955,157,3033,2341,2830,2995,57,1.343,1,2107,0,94.739,1.719,51.125,-79.750,1.250,-0.480,-0.055,1.512,-0.164,-1.711,2.141,0.034,0.058,1.244,1.410,2,NULL,NULL,,3,0,2,7,255,948,250,0,0
stim,47261,77382,0,77382,3274704.454,-0.548,-0.028,0.030,0.835,0,0,2967,149,3048,2288,2857,2986,57,1.343,1,2107,0,117.480,3.071,69.625,-94.500,-4.875,-0.512,0.141,1.984,-0.164,-3.066,5.355,0.034,0.060,1.244,1.410,3,NULL,NULL,,3,0,2,7,255,948,250,0,0
stim,47261,77382,0,77382,3274709.455,-0.549,-0.025,0.027,0.835,0,0,2972,109,3061,2251,2877,2991,57,1.343,1,2107,0,99.150,3.073,-13.750,-97.000,-15.250,-0.172,0.379,1.930,-0.207,-3.066,9.117,0.034,0.060,1.244,1.410,3,NULL,NULL,,3,0,2,7,255,948,250,0,0
stim,47290,77411,0,77411,3274714.454,-0.549,-0.023,0.022,0.835,0,0,2975,41,3077,2188,2909,2999,57,1.343,1,2107,0,131.241,3.447,-89.813,-95.313,-8.563,0.012,0.234,1.457,-2.859,-1.926,9.117,0.036,0.062,1.244,1.410,3,NULL,NULL,,3,0,2,7,255,948,250,0,0
stim,47290,77411,0,77411,3274719.455,-0.547,-0.021,0.016,0.836,0,0,2985,10,3081,2119,2924,2997,57,1.343,1,2107,0,139.304,2.887,-82.000,-104.688,41.500,-0.023,0.148,1.160,-2.859,-0.398,4.402,0.038,0.064,1.244,1.410,3,NULL,NULL,,3,0,2,7,255,948,250,0,0
stim,47290,77411,0,77411,3274724.454,-0.545,-0.019,0.012,0.838,0,0,2980,0,3083,2025,2936,3001,57,1.343,1,2107,0,140.102,1.913,-47.875,-113.125,67.375,-0.234,0.082,1.086,-1.871,-0.398,1.500,0.038,0.068,1.244,1.410,3,NULL,NULL,,3,0,2,7,255,948,250,0,0
stim,47290,77411,0,77411,3274729.455,-0.543,-0.015,0.009,0.840,0,0,2986,0,3091,1909,2950,2987,57,1.343,1,2107,0,133.629,2.198,-23.750,-119.875,54.063,-0.410,-0.043,1.160,-0.383,-2.164,1.500,0.036,0.076,1.244,1.410,3,NULL,NULL,,3,0,2,7,255,948,250,0,0
stim,47290,77411,0,77411,3274734.454,-0.542,-0.010,0.005,0.841,0,0,2968,0,3093,1774,2965,2987,57,1.343,1,2107,0,130.974,3.298,-12.125,-126.750,30.688,-0.418,-0.176,1.309,1.453,-2.961,1.711,0.036,0.086,1.244,1.410,3,NULL,NULL,,3,0,2,7,255,948,250,0,0
stim,47290,77411,0,77411,3274739.455,-0.541,-0.006,0.001,0.841,0,0,2969,0,3101,1619,2969,2987,57,1.343,1,2107,0,135.767,3.978,-19.438,-133.063,18.688,-0.301,-0.273,1.328,2.656,-2.961,3.172,0.042,0.098,1.244,1.410,3,NULL,NULL,,3,0,2,7,255,948,250,0,0
stim,47330,77451,0,77451,3274744.453,-0.540,-0.002,-0.003,0.842,0,0,2953,0,3100,1425,2985,2981,57,1.343,1,2107,0,142.890,3.256,-28.250,-138.688,19.625,-0.195,-0.281,1.238,2.797,-1.668,3.172,0.052,0.110,1.244,1.410,3,NULL,NULL,,3,0,2,7,255,948,250,0,0
stim,47330,77451,0,77451,3274749.455,-0.539,0.002,-0.008,0.843,0,0,2939,0,3113,1183,2997,2967,57,1.343,1,2107,0,150.263,2.917,-30.438,-144.313,28.750,-0.137,-0.203,1.156,2.797,-0.828,2.410,0.064,0.122,1.244,1.410,3,NULL,NULL,,3,0,2,7,255,948,250,0,0
stim,47330,77451,0,77451,3274754.454,-0.537,0.007,-0.012,0.844,0,0,2920,0,3108,949,3005,2958,57,1.343,1,2107,0,156.923,2.086,-24.000,-150.125,38.875,-0.180,-0.145,1.070,1.914,-0.828,1.582,0.074,0.130,1.244,1.410,3,NULL,NULL,,3,0,2,7,255,948,250,0,0
stim,47330,77451,0,77451,3274759.455,-0.535,0.012,-0.016,0.845,0,0,2909,0,3119,668,3005,2941,57,1.343,1,2107,0,162.614,2.370,-3.875,-156.813,42.875,-0.270,-0.121,1.055,1.863,-1.465,0.684,0.086,0.142,1.244,1.410,3,NULL,NULL,,3,0,2,7,255,948,250,0,0
stim,47330,77451,0,77451,3274764.453,-0.533,0.019,-0.019,0.845,0,0,2891,0,3117,507,3026,2925,57,1.343,1,2107,0,170.200,3.102,16.125,-165.688,35.438,-0.324,-0.117,1.148,1.863,-2.480,0.684,0.092,0.156,1.244,1.410,3,NULL,NULL,,3,0,2,7,255,948,250,0,0
stim,47330,77451,0,77451,3274769.455,-0.532,0.026,-0.022,0.846,0,0,2848,0,3121,330,3023,2897,57,1.343,1,2107,0,178.111,3.815,25.000,-174.750,23.688,-0.320,-0.121,1.246,2.137,-3.160,1.320,0.098,0.168,1.244,1.410,3,NULL,NULL,,3,0,2,7,255,948,250,0,0
stim,47330,77451,0,77451,3274774.454,-0.531,0.033,-0.025,0.846,0,0,2825,0,3112,139,3022,2870,57,1.343,1,2107,0,186.178,3.860,28.938,-183.250,15.625,-0.266,-0.094,1.355,2.137,-3.215,2.203,0.104,0.180,1.244,1.410,3,NULL,NULL,,3,0,2,7,255,948,250,0,0
stim,47330,77451,0,77451,3274779.455,-0.530,0.041,-0.029,0.846,0,0,2771,0,3108,67,3029,2829,57,1.343,1,2107,0,193.971,3.828,26.438,-191.750,12.563,-0.219,0.023,1.473,1.891,-3.328,3.234,0.110,0.192,1.244,1.410,3,NULL,NULL,,3,0,2,7,255,948,250,0,0
stim,47355,77476,0,77476,3274784.454,-0.529,0.048,-0.033,0.846,0,0,2725,0,3114,8,3032,2791,57,1.343,1,2107,0,200.653,3.659,16.500,-199.688,10.688,-0.211,0.168,1.566,0.781,-3.574,4.332,0.114,0.204,1.244,1.410,3,NULL,NULL,,3,0,2,7,255,948,250,0,0
stim,47355,77476,0,77476,3274789.455,-0.528,0.056,-0.037,0.846,0,0,2653,0,3104,0,3047,2736,57,1.343,1,2107,0,210.010,4.489,12.438,-209.500,7.688,-0.254,0.258,1.668,-0.379,-4.473,5.125,0.122,0.216,1.244,1.410,3,NULL,NULL,,3,0,2,7,255,948,250,0,0
stim,47355,77476,0,77476,3274794.453,-0.528,0.065,-0.042,0.846,0,0,2551,0,3097,0,3037,2670,57,1.343,1,2107,0,220.733,5.652,5.250,-220.625,4.500,-0.332,0.332,1.871,-0.813,-5.594,5.945,0.132,0.230,1.244,1.410,3,NULL,NULL,,3,0,2,7,255,948,250,0,0
stim,47355,77476,0,77476,3274799.455,-0.527,0.073,-0.048,0.845,0,0,2467,0,3097,0,3037,2599,57,1.343,1,2107,0,235.508,7.194,-7.875,-235.375,0.688,-0.484,0.258,2.211,-0.813,-7.148,7.684,0.142,0.244,1.244,1.410,3,NULL,NULL,,3,0,2,7,255,948,250,0,0
stim,47374,77495,0,77495,3274804.454,-0.526,0.082,-0.055,0.845,0,0,2345,0,3069,2,3033,2509,57,1.343,1,2107,0,257.896,9.072,-29.000,-256.250,-2.313,-0.625,0.188,2.535,0.672,-9.047,10.633,0.154,0.260,1.244,1.410,3,NULL,NULL,,3,0,2,7,255,948,250,0,0
stim,47374,77495,0,77495,3274809.455,-0.525,0.091,-0.063,0.844,0,0,2197,0,3049,39,3019,2392,57,1.343,1,2107,0,287.599,11.024,-46.625,-283.750,5.000,-0.656,0.438,2.617,0.672,-11.004,13.273,0.168,0.276,1.244,1.410,3,NULL,NULL,,3,0,2,7,255,948,250,0,0
stim,47374,77495,0,77495,3274814.453,-0.524,0.101,-0.073,0.843,0,0,2037,0,3029,67,2999,2249,57,1.343,1,2107,0,320.427,13.079,-71.000,-312.125,14.500,-0.637,0.883,2.688,0.355,-13.074,13.609,0.182,0.294,1.244,1.410,3,NULL,NULL,,3,0,2,7,255,948,250,0,0
stim,47374,77495,0,77495,3274819.455,-0.522,0.111,-0.084,0.842,0,0,1912,0,2995,69,2972,2075,57,1.343,1,2107,0,351.724,15.972,-95.250,-338.125,17.563,-0.652,1.113,2.723,-3.438,-15.598,13.609,0.200,0.314,1.244,1.410,3,NULL,NULL,,3,0,2,7,255,948,250,0,0
stim,47374,77495,0,77495,3274824.454,-0.520,0.121,-0.097,0.840,0,0,1789,0,2959,76,2954,1904,57,1.343,1,2107,0,385.020,18.185,-131.188,-361.750,12.938,-0.711,1.113,2.777,-4.918,-17.508,13.457,0.224,0.340,1.244,1.410,3,NULL,NULL,,3,0,2,7,255,948,250,0,0
stim,47374,77495,0,77495,3274829.455,-0.519,0.132,-0.112,0.837,0,0,1687,0,2907,71,2899,1764,57,1.343,1,2107,0,416.356,19.539,-159.313,-384.625,5.938,-0.789,1.125,2.871,-4.918,-18.910,13.211,0.254,0.370,1.244,1.410,3,NULL,NULL,,3,0,2,7,255,948,250,0,0
stim,47427,77548,0,77548,3274834.454,-0.517,0.143,-0.127,0.834,0,0,1565,0,2856,69,2841,1589,57,1.343,1,2107,0,440.039,21.260,-170.000,-405.813,-7.125,-0.941,1.141,3.000,-4.594,-20.758,13.133,0.290,0.408,1.244,1.410,3,NULL,NULL,,3,0,2,7,255,948,250,0,0
stim,47427,77548,0,77548,3274839.455,-0.516,0.154,-0.144,0.830,0,0,1433,0,2780,57,2760,1425,57,1.343,1,2107,0,471.959,23.695,-188.750,-432.063,-21.000,-1.109,0.938,3.070,-3.977,-23.359,12.957,0.334,0.456,1.244,1.410,3,NULL,NULL,,3,0,2,7,255,948,250,0,0
stim,47427,77548,0,77548,3274844.453,-0.515,0.166,-0.161,0.825,0,0,1285,0,2697,27,2637,1259,57,1.343,1,2107,0,500.004,25.117,-202.313,-456.125,-32.000,-1.117,0.688,3.094,-1.473,-25.074,12.152,0.388,0.510,1.244,1.410,3,NULL,NULL,,3,0,2,7,255,948,250,0,0
stim,47427,77548,0,77548,3274849.455,-0.515,0.179,-0.179,0.819,0,0,1083,0,2564,0,2487,1076,57,1.343,1,2107,0,517.190,25.172,-200.313,-473.875,-52.938,-1.082,0.703,3.148,0.434,-25.168,11.523,0.452,0.576,1.244,1.410,3,NULL,NULL,,3,0,2,7,255,948,250,0,0
stim,47427,77548,0,77548,3274854.454,-0.514,0.192,-0.197,0.812,0,0,907,0,2397,0,2273,904,57,1.343,1,2107,0,535.082,25.822,-209.500,-486.875,-73.313,-0.938,0.617,3.180,0.527,-25.816,10.996,0.526,0.650,1.244,1.410,3,NULL,NULL,,3,0,2,7,255,948,250,0,0
stim,47427,77548,0,77548,3274859.455,-0.514,0.205,-0.216,0.805,0,0,695,0,2193,0,1963,823,57,1.343,1,2107,0,556.967,25.822,-229.000,-503.313,-66.688,-0.754,0.262,3.023,0.527,-25.816,10.898,0.612,0.734,1.244,1.410,3,NULL,NULL,,3,0,2,7,255,948,250,0,0
stim,47427,77548,0,77548,3274864.454,-0.511,0.218,-0.236,0.797,0,0,501,0,1909,0,1637,637,57,1.343,1,2107,0,581.164,23.487,-243.688,-527.375,-15.625,-0.629,-0.445,2.531,2.797,-23.320,9.977,0.702,0.826,1.244,1.410,3,NULL,NULL,,3,0,2,7,255,948,250,0,0
stim,47427,77548,0,77548,3274869.455,-0.506,0.231,-0.256,0.790,0,0,288,0,1613,0,1123,558,57,1.343,1,2107,0,583.726,19.444,-228.938,-536.938,4.688,-0.328,-0.508,1.914,7.180,-18.070,6.918,0.800,0.924,1.244,1.410,3,NULL,NULL,,3,0,2,7,255,948,250,0,0
stim,47456,77577,0,77577,3274874.454,-0.501,0.247,-0.273,0.784,0,0,187,0,1277,0,487,428,57,1.343,1,2107,0,552.415,15.598,-125.125,-538.000,7.875,-0.508,-0.441,1.777,7.254,-13.809,3.328,0.904,1.030,1.244,1.410,3,NULL,NULL,,3,0,2,7,255,948,250,0,0
stim,47456,77577,0,77577,3274879.455,-0.492,0.263,-0.287,0.778,0,0,103,0,926,0,103,373,57,1.343,1,2107,0,559.522,15.564,-59.813,-553.125,59.500,-0.676,0.008,2.117,7.180,-13.809,0.398,1.014,1.142,1.244,1.410,3,NULL,NULL,,3,0,2,7,255,948,250,0,0
stim,47456,77577,0,77577,3274884.454,-0.481,0.280,-0.302,0.774,0,0,75,0,427,0,0,315,57,1.343,1,2107,0,568.296,19.651,-44.625,-556.938,103.875,-1.215,0.277,2.633,4.895,-19.031,-0.086,1.130,1.258,1.244,1.410,3,NULL,NULL,,3,0,2,7,255,948,250,0,0
stim,47456,77577,0,77577,3274889.455,-0.468,0.294,-0.320,0.770,0,0,26,0,18,0,0,230,57,1.343,1,2107,0,607.186,27.480,-103.750,-570.000,181.688,-1.785,0.609,2.598,4.430,-27.121,-2.117,1.246,1.376,1.244,1.410,3,NULL,NULL,,3,0,2,7,255,948,250,0,0
stim,47456,77577,0,77577,3274894.453,-0.457,0.306,-0.340,0.763,0,0,21,0,0,0,0,159,57,1.343,1,2107,0,610.345,29.730,-202.500,-553.813,157.500,-1.711,1.309,2.137,4.430,-29.398,-8.691,1.360,1.492,1.244,1.410,3,NULL,NULL,,3,0,2,7,255,948,250,0,0
stim,47456,77577,0,77577,3274899.455,-0.452,0.315,-0.360,0.753,0,0,16,0,0,0,0,99,57,1.343,1,2107,0,575.320,29.500,-295.688,-491.313,46.625,-1.156,1.887,1.582,-2.449,-29.398,-14.102,1.464,1.600,1.244,1.410,4,NULL,NULL,,3,0,2,7,255,948,250,0,0
stim,47456,77577,0,77577,3274904.453,-0.449,0.321,-0.381,0.742,0,0,17,0,0,0,0,77,57,1.343,1,2107,0,559.150,26.103,-375.688,-414.063,7.750,-0.867,1.863,1.137,-10.605,-23.852,-15.676,1.562,1.700,1.244,1.410,0,NULL,NULL,,3,0,2,7,255,948,250,0,0
stim,47456,77577,0,77577,3274909.455,-0.447,0.318,-0.405,0.731,0,0,10,0,0,0,0,47,57,1.343,1,2107,0,605.567,22.120,-511.938,-299.375,122.500,-0.879,1.918,0.129,-12.320,-18.371,-16.598,1.656,1.796,1.244,1.410,0,NULL,NULL,,3,0,2,7,255,948,250,0,0
stim,47479,77600,0,77600,3274914.454,-0.449,0.313,-0.425,0.721,0,0,11,0,0,0,0,45,57,1.343,1,2107,0,532.064,15.373,-495.625,-182.625,64.000,-0.465,1.309,-1.031,-12.320,-9.195,-22.418,1.752,1.894,1.244,1.410,0,NULL,NULL,,3,0,2,7,255,948,250,0,0
stim,47479,77600,0,77600,3274919.455,-0.450,0.312,-0.432,0.717,0,0,11,0,0,0,0,59,57,1.343,1,2107,0,195.921,11.409,-181.813,-72.750,-6.063,-0.684,-0.656,-1.035,-10.426,4.633,-22.418,1.856,2.000,1.244,1.410,0,NULL,NULL,,3,0,2,7,255,948,250,0,0
stim,47479,77600,0,77600,3274924.454,-0.449,0.313,-0.431,0.718,0,0,8,0,0,0,0,59,57,1.343,1,2107,0,61.756,9.428,59.750,-14.813,-4.938,-0.992,-1.434,0.613,8.211,4.633,-17.426,1.968,2.114,1.244,1.410,0,NULL,NULL,,3,0,2,7,255,948,250,0,0
stim,47479,77600,0,77600,3274929.455,-0.451,0.311,-0.430,0.718,0,0,7,0,0,0,0,57,57,1.343,1,2107,0,81.171,13.339,-33.438,72.813,-13.000,-1.137,-0.773,1.379,11.715,-6.379,-10.672,2.082,2.230,1.244,1.410,0,NULL,NULL,,3,0,2,7,255,948,250,0,0
stim,47503,77624,0,77624,3274934.454,-0.457,0.303,-0.432,0.716,0,0,9,0,0,0,0,21,57,1.343,1,2107,0,225.715,15.910,-168.188,150.188,-10.188,-1.082,0.707,0.598,11.715,-10.766,-10.672,2.186,2.336,1.244,1.410,0,NULL,NULL,,3,0,2,7,255,948,250,0,0
stim,47503,77624,0,77624,3274939.455,-0.463,0.294,-0.432,0.716,0,0,5,0,0,0,0,13,57,1.343,1,2107,0,243.213,10.980,-141.063,198.063,-5.000,-1.027,1.648,-0.215,-2.160,-10.766,-18.523,2.276,2.426,1.244,1.410,0,NULL,NULL,,3,0,2,7,255,948,250,0,0
stim,47539,77660,0,77660,3274944.453,-0.466,0.287,-0.428,0.719,0,0,5,0,0,0,0,8,57,1.343,1,2107,0,217.343,8.287,5.375,215.125,30.500,-0.941,1.141,-0.254,-6.582,-5.035,-22.500,2.342,2.494,1.244,1.410,0,NULL,NULL,,3,0,2,7,255,948,250,0,0
stim,47539,77660,0,77660,3274949.455,-0.467,0.280,-0.422,0.725,0,0,3,0,0,0,0,8,57,1.343,1,2107,0,247.384,8.287,81.188,226.063,59.188,-1.113,0.414,0.555,-6.582,-5.035,-22.500,2.392,2.544,1.244,1.410,0,NULL,NULL,,3,0,2,7,255,948,250,0,0
stim,47539,77660,0,77660,3274954.453,-0.470,0.273,-0.416,0.729,0,0,4,0,0,0,0,5,57,1.343,1,2107,0,244.819,10.425,29.250,236.438,56.375,-1.242,0.168,0.934,0.551,-10.410,-17.441,2.440,2.592,1.244,1.410,0,NULL,NULL,,3,0,2,7,255,948,250,0,0
stim,47539,77660,0,77660,3274959.455,-0.474,0.263,-0.413,0.732,0,0,0,0,0,0,0,0,57,1.343,1,2107,0,250.237,10.764,-38.563,243.313,43.938,-1.160,0.332,0.543,1.461,-10.664,-17.129,2.498,2.652,1.244,1.410,0,NULL,NULL,,3,0,2,7,255,948,250,0,0
stim,47539,77660,0,77660,3274964.454,-0.478,0.254,-0.409,0.735,0,0,0,0,0,0,0,0,57,1.343,1,2107,0,250.857,10.764,-37.438,245.750,33.688,-0.984,0.508,-0.008,1.461,-10.664,-17.129,2.556,2.710,1.244,1.410,0,NULL,NULL,,3,0,2,7,255,948,250,0,0
stim,47539,77660,0,77660,3274969.455,-0.481,0.246,-0.404,0.738,0,0,0,0,0,0,0,0,57,1.343,1,2107,0,248.964,5.691,15.813,245.625,37.438,-0.828,0.527,-0.207,-0.625,-5.656,-18.957,2.606,2.762,1.244,1.410,0,NULL,NULL,,3,0,2,7,255,948,250,0,0
stim,47539,77660,0,77660,3274974.454,-0.483,0.239,-0.397,0.743,0,0,0,0,0,0,0,0,57,1.343,1,2107,0,260.648,4.593,61.813,248.500,48.625,-0.766,0.457,-0.051,-0.977,-4.488,-18.957,2.652,2.810,1.244,1.410,0,NULL,NULL,,3,0,2,7,255,948,250,0,0
stim,47539,77660,0,77660,3274979.455,-0.485,0.231,-0.390,0.748,0,0,0,0,0,0,0,0,57,1.343,1,2107,0,271.168,4.593,73.125,255.438,54.188,-0.766,0.367,0.152,-0.977,-4.488,-17.309,2.698,2.858,1.244,1.410,0,NULL,NULL,,3,0,2,7,255,948,250,0,0
stim,47539,77660,0,77660,3274984.454,-0.488,0.223,-0.382,0.752,0,0,0,0,0,0,0,0,57,1.343,1,2107,0,277.924,6.088,71.813,263.500,51.500,-0.738,0.301,0.203,-0.266,-6.082,-15.730,2.750,2.912,1.244,1.410,0,NULL,NULL,,3,0,2,7,255,948,250,0,0
stim,47539,77660,0,77660,3274989.455,-0.490,0.215,-0.374,0.757,0,0,0,0,0,0,0,0,57,1.343,1,2107,0,286.660,6.084,81.438,270.625,48.000,-0.668,0.273,0.211,0.164,-6.082,-14.859,2.802,2.964,1.244,1.410,0,NULL,NULL,,3,0,2,7,255,948,250,0,0
stim,47562,77683,0,77683,3274994.453,-0.492,0.207,-0.365,0.762,0,0,0,0,0,0,0,0,57,1.343,1,2107,0,298.018,6.338,98.063,277.438,47.188,-0.613,0.270,0.316,0.164,-6.336,-14.070,2.844,3.008,1.244,1.410,0,NULL,NULL,,3,0,2,7,255,948,250,0,0
stim,47562,77683,0,77683,3274999.455,-0.495,0.200,-0.356,0.767,0,0,0,0,0,0,0,0,57,1.343,1,2107,0,308.631,6.641,107.375,285.938,44.313,-0.566,0.258,0.477,-0.098,-6.641,-12.906,2.878,3.042,1.244,1.410,0,NULL,NULL,,3,0,2,7,255,948,250,0,0
stim,47562,77683,0,77683,3275004.453,-0.497,0.192,-0.346,0.772,0,0,0,0,0,0,0,0,57,1.343,1,2107,0,317.953,7.589,106.375,296.813,41.000,-0.504,0.242,0.594,-0.324,-7.582,-11.328,2.904,3.070,1.244,1.410,0,NULL,NULL,,3,0,2,7,255,948,250,0,0
stim,47562,77683,0,77683,3275009.455,-0.500,0.183,-0.336,0.777,0,0,0,0,0,0,0,0,57,1.343,1,2107,0,327.524,8.037,103.250,308.438,38.438,-0.465,0.246,0.648,-0.527,-8.020,-9.902,2.928,3.096,1.244,1.410,0,NULL,NULL,,3,0,2,7,255,948,250,0,0
stim,47594,77715,0,77715,3275014.454,-0.503,0.174,-0.326,0.781,0,0,0,0,0,0,0,0,57,1.343,1,2107,0,338.262,8.235,104.500,319.688,36.063,-0.453,0.238,0.691,-0.809,-8.195,-9.090,2.950,3.120,1.244,1.410,0,NULL,NULL,,3,0,2,7,255,948,250,0,0
stim,47594,77715,0,77715,3275019.455,-0.506,0.165,-0.315,0.786,0,0,0,0,0,0,0,0,57,1.343,1,2107,0,348.975,8.391,108.563,330.063,32.500,-0.461,0.223,0.777,-0.809,-8.352,-8.426,2.972,3.144,1.244,1.410,0,NULL,NULL,,3,0,2,7,255,948,250,0,0
stim,47594,77715,0,77715,3275024.454,-0.510,0.155,-0.304,0.790,0,0,0,0,0,0,0,0,57,1.343,1,2107,0,357.752,8.914,109.250,339.625,26.563,-0.461,0.219,0.875,-0.832,-8.875,-7.574,2.996,3.168,1.244,1.410,0,NULL,NULL,,3,0,2,7,255,948,250,0,0
stim,47594,77715,0,77715,3275029.455,-0.513,0.145,-0.292,0.794,0,0,0,0,0,0,0,0,57,1.343,1,2107,0,364.255,9.448,105.688,348.000,20.188,-0.438,0.223,0.945,-0.840,-9.410,-6.543,3.022,3.196,1.244,1.410,0,NULL,NULL,,3,0,2,7,255,948,250,0,0
stim,47594,77715,0,77715,3275034.454,-0.517,0.135,-0.281,0.797,0,0,0,0,0,0,0,0,57,1.343,1,2107,0,369.875,9.474,101.938,355.188,16.063,-0.406,0.223,0.965,-1.098,-9.410,-5.641,3.052,3.228,1.244,1.410,0,NULL,NULL,,3,0,2,7,255,948,250,0,0
stim,47594,77715,0,77715,3275039.455,-0.520,0.125,-0.269,0.801,0,0,0,0,0,0,0,0,57,1.343,1,2107,0,374.990,9.418,100.750,360.938,13.813,-0.387,0.215,0.961,-1.324,-9.324,-5.016,3.086,3.264,1.244,1.410,0,NULL,NULL,,3,0,2,7,255,948,250,0,0
stim,47629,77750,0,77750,3275044.453,-0.524,0.114,-0.257,0.804,0,0,0,0,0,0,0,0,57,1.343,1,2107,0,379.655,9.054,103.188,365.188,11.313,-0.375,0.195,0.953,-1.324,-8.957,-4.641,3.122,3.300,1.244,1.410,0,NULL,NULL,,3,0,2,7,255,948,250,0,0
stim,47629,77750,0,77750,3275049.455,-0.528,0.104,-0.245,0.807,0,0,0,0,0,0,0,0,57,1.343,1,2107,0,383.975,8.677,108.500,368.250,7.500,-0.363,0.180,0.953,-1.305,-8.578,-4.313,3.162,3.342,1.244,1.410,0,NULL,NULL,,3,0,2,7,255,948,250,0,0
stim,47629,77750,0,77750,3275054.453,-0.531,0.094,-0.232,0.809,0,0,0,0,0,0,0,0,57,1.343,1,2107,0,388.113,8.358,115.125,370.625,3.875,-0.336,0.160,0.953,-1.289,-8.258,-3.922,3.204,3.386,1.244,1.410,0,NULL,NULL,,3,0,2,7,255,948,250,0,0
stim,47629,77750,0,77750,3275059.455,-0.535,0.084,-0.219,0.812,0,0,0,0,0,0,0,0,57,1.343,1,2107,0,392.309,7.867,124.563,372.000,2.625,-0.305,0.133,0.953,-1.285,-7.762,-3.508,3.250,3.432,1.244,1.410,0,NULL,NULL,,3,0,2,7,255,948,250,0,0
stim,47629,77750,0,77750,3275064.454,-0.538,0.074,-0.206,0.814,0,0,0,0,0,0,0,0,57,1.343,1,2107,0,396.890,7.316,138.313,372.000,2.688,-0.297,0.125,1.000,-1.281,-7.203,-3.039,3.296,3.480,1.244,1.410,0,NULL,NULL,,3,0,2,7,255,948,250,0,0
stim,47629,77750,0,77750,3275069.455,-0.541,0.064,-0.192,0.816,0,0,0,0,0,0,0,0,57,1.343,1,2107,0,400.993,7.201,150.625,371.625,1.500,-0.277,0.145,1.078,-1.281,-7.086,-2.367,3.340,3.526,1.244,1.410,0,NULL,NULL,,3,0,2,7,255,948,250,0,0
stim,47629,77750,0,77750,3275074.454,-0.544,0.055,-0.177,0.818,0,0,0,0,0,0,0,2,57,1.343,1,2107,0,404.332,7.199,161.188,370.813,1.063,-0.223,0.156,1.152,-1.648,-7.008,-1.426,3.384,3.572,1.244,1.410,0,NULL,NULL,,3,0,2,7,255,948,250,0,0
stim,47629,77750,0,77750,3275079.455,-0.547,0.046,-0.162,0.820,0,0,0,0,0,0,0,5,57,1.343,1,2107,0,406.829,6.869,170.063,369.563,3.500,-0.137,0.148,1.207,-2.078,-6.547,-0.387,3.428,3.616,1.244,1.410,0,NULL,NULL,,3,0,2,7,255,948,250,0,0
stim,47655,77776,0,77776,3275084.454,-0.549,0.037,-0.147,0.822,0,0,0,0,0,0,0,7,57,1.343,1,2107,0,409.538,6.093,180.250,367.563,11.375,-0.070,0.148,1.242,-2.441,-5.582,0.582,3.468,3.658,1.244,1.410,0,NULL,NULL,,3,0,2,7,255,948,250,0,0
stim,47655,77776,0,77776,3275089.455,-0.551,0.028,-0.131,0.824,0,0,0,0,0,0,0,7,57,1.343,1,2107,0,413.172,5.472,192.688,364.875,21.188,-0.066,0.184,1.281,-2.723,-4.746,1.254,3.506,3.696,1.244,1.410,0,NULL,NULL,,3,0,2,7,255,948,250,0,0
stim,47655,77776,1,77776,3275094.453,-0.552,0.020,-0.115,0.826,0,0,0,0,0,0,0,8,57,1.343,1,2107,0,419.710,5.609,211.500,361.313,29.625,-0.098,0.219,1.383,-3.051,-4.707,1.727,3.540,3.732,1.244,1.410,0,NULL,NULL,,3,1,2,7,255,948,250,0,0
stim,47655,77776,1,77776,3275099.455,-0.552,0.013,-0.098,0.828,0,0,0,0,0,0,0,25,57,1.343,1,2107,0,425.069,5.740,227.438,357.438,34.563,-0.137,0.219,1.563,-3.285,-4.707,2.734,3.572,3.764,1.244,1.410,0,NULL,NULL,,3,1,2,7,255,948,250,0,0
stim,47674,77795,1,77795,3275104.453,-0.553,0.005,-0.081,0.829,0,0,0,0,0,0,0,26,57,1.343,1,2107,0,426.412,5.924,235.438,353.625,36.688,-0.164,0.211,1.770,-3.285,-4.930,4.574,3.600,3.794,1.244,1.410,0,NULL,NULL,,3,1,2,7,255,948,250,0,0
stim,47674,77795,1,77795,3275109.455,-0.553,-0.002,-0.064,0.831,0,0,0,0,0,0,0,33,57,1.343,1,2107,0,422.781,5.924,233.938,350.125,37.813,-0.191,0.230,1.949,-3.285,-4.930,6.754,3.626,3.822,1.244,1.410,0,NULL,NULL,,3,1,2,7,255,948,250,0,0
stim,47674,77795,1,77795,3275114.454,-0.553,-0.009,-0.047,0.832,0,0,0,0,0,0,0,35,57,1.343,1,2107,0,415.498,5.891,226.688,346.063,38.625,-0.227,0.238,2.094,-3.348,-4.848,8.621,3.650,3.848,1.244,1.410,0,NULL,NULL,,3,1,2,7,255,948,250,0,0
stim,47674,77795,1,77795,3275119.455,-0.552,-0.016,-0.031,0.833,0,0,0,0,0,0,0,37,57,1.343,1,2107,0,407.029,5.722,218.688,341.188,37.938,-0.266,0.230,2.219,-3.348,-4.641,10.195,3.676,3.874,1.244,1.410,0,NULL,NULL,,3,1,2,7,255,948,250,0,0
stim,47674,77795,1,77795,3275124.454,-0.552,-0.023,-0.015,0.833,0,0,0,0,0,0,0,39,57,1.343,1,2107,0,398.271,5.331,210.188,336.750,32.250,-0.285,0.203,2.324,-3.117,-4.324,11.582,3.702,3.902,1.244,1.410,0,NULL,NULL,,3,1,2,7,255,948,250,0,0
stim,47674,77795,1,77795,3275129.455,-0.552,-0.031,0.000,0.833,0,0,0,0,0,0,0,39,57,1.343,1,2107,0,389.827,4.557,199.813,333.938,22.938,-0.258,0.102,2.391,-2.746,-3.637,12.813,3.728,3.930,1.244,1.410,0,NULL,NULL,,3,1,2,7,255,948,250,0,0
stim,47727,77848,1,77848,3275134.454,-0.552,-0.038,0.015,0.833,0,0,0,0,0,0,0,43,57,1.343,1,2107,0,382.717,2.916,188.813,332.500,16.313,-0.211,-0.020,2.391,-1.879,-2.230,13.629,3.756,3.956,1.244,1.410,0,NULL,NULL,,3,1,2,7,255,948,250,0,0
stim,47727,77848,1,77848,3275139.455,-0.552,-0.046,0.030,0.832,0,0,0,0,0,0,0,43,57,1.343,1,2107,0,380.149,1.064,185.000,331.875,12.125,-0.172,-0.117,2.332,-0.898,-0.570,13.629,3.782,3.986,1.244,1.410,0,NULL,NULL,,3,1,2,7,255,948,250,0,0
stim,47727,77848,1,77848,3275144.453,-0.552,-0.053,0.045,0.831,0,0,0,0,0,0,0,43,57,1.343,1,2107,0,383.546,0.895,192.313,331.813,4.875,-0.113,-0.172,2.281,-0.020,0.895,13.117,3.810,4.014,1.244,1.410,0,NULL,NULL,,3,1,2,7,255,948,250,0,0
stim,47727,77848,1,77848,3275149.455,-0.552,-0.060,0.060,0.829,0,0,0,0,0,0,0,45,57,1.343,1,2107,0,389.700,2.339,204.125,331.875,-7.625,0.043,-0.227,2.234,0.379,2.309,12.512,3.838,4.040,1.244,1.410,0,NULL,NULL,,3,1,2,7,255,948,250,0,0
stim,47727,77848,1,77848,3275154.454,-0.553,-0.067,0.076,0.827,0,0,0,0,0,0,0,47,57,1.343,1,2107,0,403.293,4.581,232.188,329.563,-11.063,0.230,-0.391,2.277,0.414,4.563,11.727,3.862,4.068,1.244,1.410,0,NULL,NULL,,3,1,2,7,255,948,250,0,0
stim,47727,77848,1,77848,3275159.455,-0.553,-0.072,0.094,0.824,0,0,0,0,0,0,0,53,57,1.343,1,2107,0,419.907,7.671,260.625,328.813,-16.688,0.488,-0.367,2.402,0.414,7.660,11.727,3.884,4.090,1.244,1.410,0,NULL,NULL,,3,1,2,7,255,948,250,0,0
stim,47727,77848,1,77848,3275164.453,-0.554,-0.077,0.111,0.821,0,0,0,0,0,0,0,54,57,1.343,1,2107,0,431.748,10.858,282.375,326.188,-16.500,0.688,-0.398,2.516,0.383,10.852,11.891,3.904,4.112,1.244,1.410,0,NULL,NULL,,3,1,2,7,255,948,250,0,0
stim,47727,77848,1,77848,3275169.455,-0.554,-0.082,0.130,0.818,0,0,0,0,0,0,0,54,57,1.343,1,2107,0,447.046,13.783,306.938,324.750,-13.313,0.902,-0.348,2.680,0.211,13.781,12.051,3.918,4.128,1.244,1.410,0,NULL,NULL,,3,1,2,7,255,948,250,0,0
stim,47756,77877,1,77877,3275174.454,-0.554,-0.085,0.149,0.815,0,0,0,0,0,0,0,54,57,1.343,1,2107,0,455.856,16.697,322.625,321.938,-8.625,1.027,-0.406,2.828,-0.219,16.695,12.531,3.930,4.140,1.244,1.410,0,NULL,NULL,,3,1,2,7,255,948,250,0,0
stim,47756,77877,1,77877,3275179.455,-0.554,-0.089,0.169,0.810,0,0,0,0,0,0,0,51,57,1.343,1,2107,0,463.452,19.252,334.500,320.500,-13.313,1.160,-0.313,3.016,-0.715,19.238,12.840,3.934,4.146,1.244,1.410,0,NULL,NULL,,3,1,2,7,255,948,250,0,0
stim,47756,77877,1,77877,3275184.454,-0.554,-0.092,0.188,0.806,0,0,0,0,0,0,0,52,57,1.343,1,2107,0,458.907,21.587,332.188,316.188,-16.500,1.238,-0.250,3.215,-1.027,21.563,13.531,3.932,4.144,1.244,1.410,0,NULL,NULL,,3,1,2,7,255,948,250,0,0
stim,47756,77877,1,77877,3275189.455,-0.554,-0.096,0.207,0.801,0,0,0,0,0,0,0,59,57,1.343,1,2107,0,445.633,23.670,318.063,310.750,-29.313,1.324,-0.129,3.434,-1.332,23.633,14.359,3.920,4.134,1.244,1.410,0,NULL,NULL,,3,1,2,7,255,948,250,0,0
stim,47756,77877,1,77877,3275194.453,-0.554,-0.100,0.224,0.795,0,0,0,0,0,0,0,60,57,1.343,1,2107,0,427.575,25.819,295.375,304.563,-53.063,1.598,0.152,3.711,-2.133,25.730,15.348,3.900,4.116,1.244,1.410,0,NULL,NULL,,3,1,2,7,255,948,250,0,0
stim,47756,77877,1,77877,3275199.455,-0.555,-0.105,0.239,0.790,0,0,0,0,0,0,0,73,57,1.343,1,2107,0,390.628,29.704,238.875,299.188,-77.563,2.074,0.379,3.820,-4.996,29.281,15.348,3.866,4.084,1.244,1.410,0,NULL,NULL,,3,1,2,7,255,948,250,0,0
stim,47756,77877,1,77877,3275204.454,-0.556,-0.112,0.251,0.784,0,0,0,0,0,0,0,95,57,1.343,1,2107,0,341.891,34.889,161.438,288.938,-85.688,2.594,0.285,3.645,-8.238,33.902,14.883,3.820,4.040,1.244,1.410,0,NULL,NULL,,3,1,2,7,255,948,250,0,0
stim,47756,77877,1,77877,3275209.455,-0.556,-0.120,0.260,0.780,0,0,0,0,0,0,0,146,57,1.343,1,2107,0,293.587,39.130,84.313,274.000,-63.313,3.023,0.023,3.152,-8.500,38.195,9.898,3.762,3.982,1.244,1.410,0,NULL,NULL,,3,1,2,7,255,948,250,0,0
stim,47779,77900,1,77900,3275214.453,-0.555,-0.128,0.267,0.777,0,0,0,0,0,0,0,191,57,1.343,1,2107,0,259.697,40.503,29.313,255.813,-33.813,3.340,-0.152,2.457,-8.590,39.582,2.172,3.690,3.910,1.244,1.410,0,NULL,NULL,,3,1,2,7,255,948,250,0,0
stim,47779,77900,1,77900,3275219.455,-0.553,-0.136,0.273,0.775,0,0,0,0,0,0,0,251,57,1.343,1,2107,0,233.835,40.484,12.688,232.938,-16.063,3.645,-0.344,1.789,-8.500,39.582,-6.387,3.604,3.826,1.244,1.410,0,NULL,NULL,,3,1,2,7,255,948,250,0,0
stim,47779,77900,1,77900,3275224.454,-0.551,-0.143,0.279,0.774,0,0,0,0,0,0,0,268,57,1.343,1,2107,0,212.618,39.627,26.625,210.938,-1.750,3.973,-0.516,1.164,-8.434,38.719,-14.598,3.508,3.732,1.244,1.410,0,NULL,NULL,,3,1,2,7,255,948,250,0,0
stim,47779,77900,1,77900,3275229.455,-0.549,-0.147,0.286,0.772,0,0,0,0,0,0,0,296,57,1.343,1,2107,0,200.312,38.946,72.563,186.063,15.500,4.336,-0.938,0.574,-8.426,38.023,-22.398,3.400,3.624,1.244,1.410,0,NULL,NULL,,3,1,2,7,255,948,250,0,0
stim,47804,77925,1,77925,3275234.453,-0.546,-0.149,0.293,0.771,0,0,0,0,0,0,0,299,57,1.343,1,2107,0,180.453,38.535,105.938,133.750,58.750,4.492,-1.969,0.598,-6.258,38.023,-30.672,3.282,3.506,1.244,1.410,0,NULL,NULL,,3,1,2,7,255,948,250,0,0
stim,47804,77925,1,77925,3275239.455,-0.543,-0.147,0.302,0.770,0,0,0,0,0,0,0,292,57,1.343,1,2107,0,216.954,39.970,166.375,107.500,88.500,4.301,-2.707,0.313,2.387,39.898,-34.477,3.148,3.374,1.244,1.410,0,NULL,NULL,,3,1,2,7,255,948,250,0,0
stim,47832,77953,1,77953,3275244.453,-0.539,-0.141,0.314,0.769,0,0,0,0,8,0,0,291,57,1.343,1,2107,0,330.730,40.949,294.375,65.688,135.688,3.996,-2.691,0.492,9.215,39.898,-35.965,3.000,3.226,1.244,1.410,0,NULL,NULL,,3,1,2,7,255,948,250,0,0
stim,47832,77953,1,77953,3275249.455,-0.536,-0.130,0.329,0.766,0,0,0,0,27,0,0,293,57,1.343,1,2107,0,430.353,40.663,404.750,17.375,145.188,3.324,-2.051,1.773,9.215,39.605,-35.965,2.840,3.066,1.244,1.410,0,NULL,NULL,,3,1,2,7,255,948,250,0,0
stim,47832,77953,1,77953,3275254.454,-0.536,-0.118,0.343,0.762,0,0,0,0,37,0,0,293,57,1.343,1,2107,0,427.045,40.342,419.750,-19.313,76.188,2.664,-1.504,2.980,7.672,39.605,-21.496,2.672,2.896,1.244,1.410,0,NULL,NULL,,3,1,2,7,255,948,250,0,0
stim,47832,77953,1,77953,3275259.455,-0.538,-0.109,0.352,0.758,0,0,0,0,20,0,0,295,57,1.343,1,2107,0,317.654,41.741,310.375,-61.313,28.500,2.676,-0.977,4.188,7.520,41.059,-7.781,2.498,2.720,1.244,1.410,0,NULL,NULL,,3,1,2,7,255,948,250,0,0
stim,47832,77953,1,77953,3275264.453,-0.539,-0.102,0.355,0.757,0,0,0,0,0,0,0,299,57,1.343,1,2107,0,177.034,46.262,144.063,-97.625,32.500,2.445,-0.406,4.352,5.695,45.910,2.539,2.324,2.542,1.244,1.410,0,NULL,NULL,,3,1,2,7,255,948,250,0,0
stim,47832,77953,1,77953,3275269.455,-0.540,-0.096,0.353,0.758,24,0,0,299,0,0,0,442,57,1.343,1,2107,0,136.135,46.103,22.313,-131.125,29.000,1.676,-0.297,4.082,4.207,45.910,7.273,2.146,2.362,1.244,1.410,0,NULL,NULL,,3,1,2,7,255,948,250,0,0
stim,47832,77953,1,77953,3275274.454,-0.535,-0.074,0.359,0.761,779,0,0,1145,0,104,0,550,57,1.343,1,2107,0,548.076,44.473,357.688,-284.500,302.500,0.324,-0.121,6.848,4.207,44.273,10.188,1.962,2.178,1.244,1.410,0,NULL,NULL,,3,1,2,7,255,948,250,0,0
stim,47832,77953,1,77953,3275279.455,-0.521,-0.066,0.347,0.777,1480,0,0,1660,0,407,0,588,57,1.343,1,2107,0,579.071,38.447,-259.313,-211.438,472.625,-0.336,1.578,7.230,4.523,38.180,38.086,1.776,1.986,1.244,1.410,0,NULL,NULL,,3,1,2,7,255,948,250,0,0
stim,47832,77953,1,77953,3275284.453,-0.506,-0.080,0.306,0.802,2001,0,0,1941,0,695,0,653,57,1.343,1,2107,0,1207.764,36.760,-1132.125,-172.125,383.875,-1.039,4.148,1.484,4.523,36.480,38.086,1.582,1.790,1.244,1.410,0,NULL,NULL,,3,1,2,7,255,948,250,0,0
stim,47832,77953,1,77953,3275289.455,-0.497,-0.091,0.272,0.819,2294,0,0,2122,0,950,0,717,57,1.343,1,2108,0,939.815,26.702,-895.688,-177.063,222.813,-2.539,3.969,-2.094,-23.563,-12.563,22.125,1.384,1.588,1.244,1.410,1,1005.000,57.000,,3,1,2,7,255,948,250,0,0
stim,47864,77985,1,77985,3275294.454,-0.496,-0.095,0.254,0.825,2505,0,0,2261,0,1179,0,811,57,1.343,1,2108,0,440.397,43.902,-422.375,-121.625,27.500,-2.543,1.770,-2.219,-23.563,-37.043,-3.965,1.186,1.386,1.244,1.410,1,NULL,NULL,,3,1,2,7,255,948,250,0,0
stim,47864,77985,1,77985,3275299.455,-0.501,-0.094,0.246,0.824,2629,0,0,2364,0,1386,0,937,57,1.343,1,2108,0,231.226,37.303,-117.438,-151.125,-129.750,-0.586,-0.148,0.480,-4.398,-37.043,-3.965,0.990,1.184,1.244,1.410,1,NULL,NULL,,3,1,2,7,255,948,250,0,0
stim,47864,77985,1,77985,3275304.453,-0.503,-0.091,0.240,0.825,2771,0,0,2540,0,1528,0,1007,57,1.343,1,2108,0,143.117,4.704,-75.063,-119.313,-24.750,0.801,1.449,1.219,-4.398,-1.668,-3.832,0.796,0.978,1.244,1.410,2,NULL,NULL,,3,1,2,7,255,948,250,0,0
stim,47864,77985,1,77985,3275309.455,-0.498,-0.087,0.234,0.831,2893,0,0,2713,0,1603,0,1095,57,1.343,1,2108,0,252.223,15.539,-104.063,-147.688,176.000,0.281,2.227,1.512,-15.539,0.023,1.539,0.606,0.770,1.244,1.410,2,NULL,NULL,,3,1,2,7,255,948,250,0,0
stim,47884,78005,1,78005,3275314.453,-0.487,-0.082,0.222,0.841,2971,0,0,2841,0,1660,0,1207,57,1.343,1,2108,0,453.049,15.539,-261.500,-202.875,309.375,-2.109,-0.266,1.336,-15.539,0.023,8.270,0.444,0.570,1.244,1.410,2,NULL,NULL,,3,1,2,7,255,948,250,0,0
stim,47884,78005,1,78005,3275319.455,-0.484,-0.082,0.203,0.847,3026,0,0,2931,0,1705,0,1327,57,1.343,1,2108,0,449.728,16.356,-392.563,-201.500,86.875,-2.918,-1.383,0.414,13.430,-9.336,8.270,0.346,0.402,1.244,1.410,2,NULL,NULL,,3,1,2,7,255,948,250,0,0
stim,47884,78005,1,78005,3275324.454,-0.491,-0.081,0.188,0.847,3065,0,0,3004,0,1758,0,1448,57,1.343,1,2108,0,375.535,19.771,-268.313,-207.250,-161.500,-1.645,-1.016,-0.648,16.539,-10.832,0.305,0.340,0.316,1.244,1.410,2,NULL,NULL,,3,1,2,7,255,948,250,0,0
stim,47884,78005,1,78005,3275329.455,-0.501,-0.077,0.181,0.843,3098,0,0,3065,0,1830,0,1541,57,1.343,1,2108,0,320.693,19.771,-54.063,-199.125,-245.500,0.359,-0.895,0.258,16.539,-10.832,-10.316,0.370,0.316,1.244,1.410,2,NULL,NULL,,3,1,2,7,255,948,250,0,0
stim,47884,78005,1,78005,3275334.453,-0.508,-0.070,0.178,0.840,3111,0,0,3104,0,1883,0,1579,57,1.343,1,2108,0,234.724,9.669,40.375,-173.313,-153.063,1.504,-1.445,1.504,5.910,7.652,-10.316,0.398,0.362,1.244,1.410,2,NULL,NULL,,3,1,2,7,255,948,250,0,0
stim,47884,78005,1,78005,3275339.455,-0.509,-0.065,0.174,0.841,3141,0,0,3147,0,1945,0,1603,57,1.343,1,2108,0,160.215,24.262,-21.813,-158.688,-3.375,1.789,-1.973,2.230,5.910,23.531,-3.313,0.420,0.408,1.244,1.410,2,NULL,NULL,,3,1,2,7,255,948,250,0,0
stim,47930,78051,0,78051,3275344.454,-0.504,-0.062,0.166,0.845,3148,0,0,3175,0,2015,0,1605,57,1.343,1,2108,0,251.857,25.757,-137.063,-143.125,155.438,1.223,-1.832,1.852,9.500,23.941,0.641,0.446,0.444,1.244,1.410,2,NULL,NULL,,3,0,2,7,255,947,250,0,0
stim,47930,78051,0,78051,3275349.455,-0.495,-0.060,0.157,0.853,3155,0,0,3192,0,2079,0,1621,57,1.343,1,2108,0,340.191,25.757,-189.813,-133.625,248.688,-0.035,-1.023,1.059,9.500,23.941,0.641,0.480,0.480,1.244,1.410,2,NULL,NULL,,3,0,2,7,255,947,250,0,0
stim,47930,78051,0,78051,3275354.453,-0.488,-0.057,0.149,0.858,3172,0,0,3211,0,2147,35,1646,57,1.343,1,2108,0,292.047,11.991,-160.500,-138.313,201.000,-1.219,-0.355,0.746,9.254,7.625,-0.504,0.494,0.506,1.244,1.410,2,NULL,NULL,,3,0,2,7,255,947,250,0,0
stim,47930,78051,0,78051,3275359.455,-0.485,-0.053,0.142,0.861,3167,0,0,3219,0,2203,41,1681,57,1.343,1,2108,0,194.646,10.828,-115.125,-141.813,67.250,-0.887,0.219,0.664,9.023,-5.984,-1.215,0.480,0.516,1.244,1.410,2,NULL,NULL,,3,0,2,7,255,947,250,0,0
stim,47930,78051,0,78051,3275364.453,-0.485,-0.049,0.137,0.862,3172,0,0,3219,6,2275,89,1775,57,1.343,1,2108,0,157.379,6.588,-60.688,-143.875,19.625,-0.301,0.266,1.016,2.754,-5.984,-0.504,0.454,0.520,1.244,1.410,2,NULL,NULL,,3,0,2,7,255,947,250,0,0
stim,47930,78051,0,78051,3275369.455,-0.486,-0.046,0.131,0.863,3162,0,0,3219,227,2329,219,1957,57,1.343,1,2108,0,155.633,1.123,-74.188,-136.813,-0.250,-0.160,0.129,1.375,-0.059,-1.121,0.813,0.424,0.512,1.244,1.410,2,NULL,NULL,,3,0,2,7,255,947,250,0,0
stim,47955,78076,0,78076,3275374.454,-0.487,-0.043,0.125,0.863,3161,0,0,3208,468,2361,285,2080,57,1.343,1,2108,0,137.660,1.541,-77.375,-113.000,-13.938,0.180,0.031,1.672,-0.566,1.434,3.754,0.384,0.480,1.244,1.410,2,NULL,NULL,,3,0,2,7,255,947,250,0,0
stim,47955,78076,0,78076,3275379.455,-0.488,-0.042,0.122,0.863,3169,0,0,3209,741,2381,245,2147,57,1.343,1,2108,0,98.366,5.328,-67.500,-58.063,-41.813,0.629,-0.078,1.453,-0.930,5.246,3.754,0.334,0.416,1.244,1.410,2,NULL,NULL,,3,0,2,7,255,947,250,0,0
stim,47955,78076,0,78076,3275384.453,-0.489,-0.041,0.119,0.863,3162,0,0,3209,951,2409,297,2196,57,1.343,1,2108,0,65.929,7.108,-41.188,-50.688,-9.000,0.758,0.375,1.055,-2.375,6.699,2.754,0.284,0.334,1.244,1.410,2,NULL,NULL,,3,0,2,7,255,947,250,0,0
stim,47955,78076,0,78076,3275389.455,-0.489,-0.040,0.117,0.863,3156,0,0,3213,1063,2431,299,2263,57,1.343,1,2108,0,43.025,7.108,-25.875,-34.063,-4.625,0.027,0.215,1.648,-2.375,6.699,2.754,0.244,0.254,1.244,1.410,2,NULL,NULL,,3,0,2,7,255,947,250,0,0
stim,47955,78076,0,78076,3275394.454,-0.490,-0.042,0.113,0.863,3163,0,0,3211,1179,2449,301,2307,57,1.343,1,2108,0,109.063,3.252,-102.688,-21.563,-29.750,-0.117,-0.172,1.184,-1.730,2.754,1.496,0.220,0.200,1.244,1.410,2,NULL,NULL,,3,0,2,7,255,947,250,0,0
stim,47955,78076,0,78076,3275399.455,-0.491,-0.043,0.109,0.863,3155,0,0,3213,1261,2447,301,2341,57,1.343,1,2108,0,88.329,2.744,-84.063,-18.250,-20.063,-0.070,-0.129,0.613,1.375,2.375,1.496,0.198,0.176,1.244,1.410,2,NULL,NULL,,3,0,2,7,255,947,250,0,0
stim,47973,78094,0,78094,3275404.453,-0.492,-0.043,0.107,0.863,3160,6,0,3195,1342,2455,303,2359,57,1.343,1,2108,0,54.897,2.232,-31.750,-18.438,-40.813,-0.254,-0.074,0.883,1.828,1.281,-0.988,0.180,0.176,1.244,1.410,2,NULL,NULL,,3,0,2,7,255,947,250,0,0
stim,47973,78094,0,78094,3275409.455,-0.495,-0.043,0.106,0.861,3156,11,0,3195,1416,2463,316,2379,57,1.343,1,2108,0,73.386,1.437,-12.188,-17.625,-70.188,-0.102,0.176,1.043,1.375,0.418,-0.988,0.166,0.182,1.244,1.410,2,NULL,NULL,,3,0,2,7,255,947,250,0,0
stim,47973,78094,0,78094,3275414.453,-0.498,-0.043,0.105,0.860,3149,28,0,3198,1483,2472,302,2409,57,1.343,1,2108,0,74.568,1.134,-24.375,-13.063,-69.250,0.055,0.191,1.156,-1.055,0.418,0.551,0.164,0.180,1.244,1.410,2,NULL,NULL,,3,0,2,7,255,947,250,0,0
stim,47973,78094,0,78094,3275419.455,-0.499,-0.044,0.102,0.859,3159,37,0,3193,1557,2478,303,2419,57,1.343,1,2108,0,70.176,2.121,-51.063,-7.813,-47.500,0.043,0.043,1.141,-1.055,1.840,1.117,0.168,0.170,1.244,1.410,2,NULL,NULL,,3,0,2,7,255,947,250,0,0
stim,47973,78094,0,78094,3275424.454,-0.501,-0.045,0.100,0.859,3145,40,0,3192,1588,2492,303,2437,57,1.343,1,2108,0,71.071,1.963,-58.938,-3.500,-39.563,-0.105,0.063,0.984,-0.684,1.840,1.117,0.182,0.152,1.244,1.410,2,NULL,NULL,,3,0,2,7,255,947,250,0,0
stim,47973,78094,0,78094,3275429.455,-0.503,-0.046,0.098,0.858,3141,55,0,3197,1634,2495,295,2453,57,1.343,1,2108,0,66.140,0.992,-42.313,-2.938,-50.750,-0.105,0.160,0.906,-0.684,0.719,-0.109,0.202,0.130,1.244,1.410,2,NULL,NULL,,3,0,2,7,255,947,250,0,0
stim,48034,78155,0,78155,3275434.453,-0.505,-0.047,0.097,0.857,3135,57,0,3183,1671,2490,277,2454,57,1.343,1,2108,0,61.992,1.241,-25.500,-2.750,-56.438,-0.016,0.125,0.969,-1.012,0.719,-0.367,0.230,0.108,1.244,1.410,2,NULL,NULL,,3,0,2,7,255,947,250,0,0
stim,48034,78155,0,78155,3275439.455,-0.506,-0.047,0.095,0.856,3143,83,0,3195,1701,2494,279,2469,57,1.343,1,2108,0,53.703,1.490,-26.125,-2.063,-46.875,0.035,-0.027,1.035,-1.012,1.094,-0.367,0.252,0.090,1.244,1.410,2,NULL,NULL,,3,0,2,7,255,947,250,0,0
stim,48034,78155,0,78155,3275444.454,-0.507,-0.048,0.094,0.855,3147,103,0,3183,1725,2505,286,2464,57,1.343,1,2108,0,43.227,2.231,-30.125,-0.313,-31.000,0.016,-0.055,0.992,-0.137,2.227,-0.336,0.264,0.078,1.244,1.410,2,NULL,NULL,,3,0,2,7,255,947,250,0,0
stim,48034,78155,0,78155,3275449.455,-0.508,-0.048,0.093,0.855,3135,101,0,3181,1748,2505,259,2476,57,1.343,1,2108,0,30.131,2.231,-23.875,0.438,-18.375,-0.066,0.055,0.949,-0.137,2.227,-0.336,0.272,0.072,1.244,1.410,2,NULL,NULL,,3,0,2,7,255,947,250,0,0
stim,48034,78155,0,78155,3275454.453,-0.509,-0.048,0.092,0.855,3141,96,0,3181,1756,2502,231,2467,57,1.343,1,2108,0,24.399,1.021,-12.500,0.813,-20.938,-0.133,0.094,0.984,-0.387,0.945,-0.336,0.280,0.066,1.244,1.410,2,NULL,NULL,,3,0,2,7,255,947,250,0,0
stim,48034,78155,0,78155,3275459.455,-0.510,-0.049,0.092,0.854,3129,107,5,3183,1766,2505,203,2462,57,1.343,1,2108,0,27.418,0.639,-7.125,1.438,-26.438,-0.094,0.160,1.078,-0.430,0.473,-0.035,0.290,0.056,1.244,1.410,2,NULL,NULL,,3,0,2,7,255,947,250,0,0
stim,48034,78155,0,78155,3275464.453,-0.511,-0.049,0.092,0.854,3128,103,25,3175,1769,2501,188,2457,57,1.343,1,2108,0,24.201,1.293,-11.375,1.438,-21.313,-0.066,0.191,1.098,-1.203,0.473,0.848,0.300,0.048,1.244,1.410,2,NULL,NULL,,3,0,2,7,255,947,250,0,0
stim,48034,78155,0,78155,3275469.455,-0.511,-0.049,0.091,0.853,3120,102,39,3172,1779,2507,167,2461,57,1.384,1,2108,1,26.676,1.293,-18.813,3.625,-18.563,-0.113,0.141,1.074,-1.203,0.473,0.848,0.000,0.000,1.239,1.356,2,NULL,NULL,,3,0,2,7,255,947,250,0,0
stim,48034,78155,0,78155,3275474.455,-0.512,-0.050,0.090,0.853,3125,101,75,3163,1787,2493,165,2455,57,1.384,1,2108,1,27.178,1.031,-22.688,2.125,-14.813,-0.156,0.117,1.020,-0.965,0.363,0.816,0.004,0.002,1.239,1.356,2,NULL,NULL,,3,0,2,7,255,947,250,0,0
stim,48034,78155,0,78155,3275479.455,-0.512,-0.050,0.089,0.853,3113,105,85,3157,1804,2505,155,2467,57,1.384,1,2108,1,28.152,0.586,-20.500,1.313,-19.250,-0.195,0.016,0.961,-0.586,0.004,0.367,0.004,0.002,1.239,1.356,2,NULL,NULL,,3,0,2,7,255,947,250,0,0
stim,48034,78155,0,78155,3275484.453,-0.513,-0.051,0.089,0.852,3101,104,85,3151,1810,2489,155,2455,57,1.384,1,2108,1,23.557,0.332,-16.500,0.125,-16.813,-0.121,-0.012,0.961,0.332,0.004,-0.199,0.006,0.002,1.239,1.356,2,NULL,NULL,,3,0,2,7,255,947,250,0,0
stim,48034,78155,0,78155,3275489.455,-0.513,-0.051,0.088,0.852,3096,102,88,3155,1815,2489,153,2467,57,1.384,1,2108,1,15.864,0.767,-13.000,-2.875,-8.625,-0.148,-0.039,0.945,0.449,0.621,-0.359,0.006,0.004,1.239,1.356,2,NULL,NULL,,3,0,2,7,255,947,250,0,0
stim,48071,78192,0,78192,3275494.454,-0.514,-0.051,0.087,0.852,3096,100,90,3135,1829,2483,151,2467,57,1.384,1,2108,1,11.852,0.938,-8.750,-3.625,-7.125,-0.160,-0.047,0.922,0.703,0.621,-0.477,0.008,0.008,1.239,1.356,2,NULL,NULL,,3,0,2,7,255,947,250,0,0
stim,48071,78192,0,78192,3275499.455,-0.514,-0.051,0.087,0.852,3087,93,112,3133,1831,2474,138,2473,57,1.384,1,2108,1,8.370,0.927,-4.500,-6.500,-2.750,-0.152,-0.043,0.934,0.742,0.555,-0.590,0.010,0.012,1.239,1.356,2,NULL,NULL,,3,0,2,7,255,947,250,0,0
stim,48071,78192,0,78192,3275504.454,-0.514,-0.051,0.087,0.852,3080,85,136,3119,1839,2479,133,2475,57,1.384,1,2108,1,7.859,0.933,-1.250,-7.750,0.375,-0.145,-0.047,0.934,0.750,0.555,-0.598,0.012,0.014,1.239,1.356,2,NULL,NULL,,3,0,2,7,255,947,250,0,0
stim,48071,78192,0,78192,3275509.455,-0.514,-0.051,0.086,0.852,3065,82,146,3117,1852,2477,125,2485,57,1.384,1,2108,1,10.490,0.927,1.500,-9.500,4.188,-0.176,-0.004,0.941,0.742,0.555,-0.590,0.014,0.016,1.239,1.356,2,NULL,NULL,,3,0,2,7,255,947,250,0,0
stim,48071,78192,0,78192,3275514.453,-0.514,-0.050,0.086,0.852,3053,78,171,3090,1883,2483,121,2491,57,1.384,1,2108,1,13.184,0.545,5.250,-11.938,1.938,-0.188,0.012,0.934,0.516,0.176,-0.477,0.016,0.018,1.239,1.356,2,NULL,NULL,,3,0,2,7,255,947,250,0,0
stim,48071,78192,0,78192,3275519.455,-0.513,-0.049,0.086,0.852,3045,79,200,3087,1903,2477,138,2513,57,1.384,1,2108,1,17.222,0.450,9.063,-14.250,3.375,-0.219,0.063,0.953,0.449,-0.020,-0.465,0.016,0.018,1.239,1.356,2,NULL,NULL,,3,0,2,7,255,947,250,0,0
stim,48094,78215,0,78215,3275524.454,-0.514,-0.049,0.086,0.852,3031,81,221,3056,1943,2489,151,2517,57,1.384,1,2108,1,19.626,0.508,10.313,-16.500,-2.563,-0.238,0.137,1.000,0.141,-0.488,-0.227,0.016,0.018,1.239,1.356,2,NULL,NULL,,3,0,2,7,255,947,250,0,0
stim,48094,78215,0,78215,3275529.455,-0.514,-0.048,0.086,0.852,3003,83,259,3049,1981,2480,159,2533,57,1.384,1,2108,1,20.779,0.921,7.938,-17.250,-8.438,-0.207,0.191,1.035,-0.402,-0.828,0.320,0.016,0.016,1.239,1.356,2,NULL,NULL,,3,0,2,7,255,947,250,0,0
stim,48094,78215,0,78215,3275534.453,-0.514,-0.047,0.086,0.852,2995,78,293,3031,2009,2493,171,2549,57,1.384,1,2108,1,21.937,1.313,2.938,-17.563,-12.813,-0.148,0.188,1.043,-1.020,-0.828,0.598,0.016,0.016,1.239,1.356,2,NULL,NULL,,3,0,2,7,255,947,250,0,0
stim,48094,78215,0,78215,3275539.455,-0.515,-0.046,0.086,0.852,2975,81,311,3001,2040,2489,184,2577,57,1.384,1,2108,1,20.617,1.066,-2.188,-18.000,-9.813,-0.125,0.125,1.008,-1.020,-0.313,0.598,0.016,0.014,1.239,1.356,2,NULL,NULL,,3,0,2,7,255,947,250,0,0
stim,48138,78259,0,78259,3275544.454,-0.515,-0.046,0.085,0.852,2951,83,416,2987,2077,2495,223,2600,57,1.384,1,2108,1,20.621,0.788,-3.375,-19.438,-6.000,-0.156,0.082,0.969,-0.785,-0.070,0.191,0.018,0.012,1.239,1.356,2,NULL,NULL,,3,0,2,7,255,947,250,0,0
stim,48138,78259,0,78259,3275549.455,-0.516,-0.045,0.085,0.851,2923,95,471,2971,2109,2510,227,2619,57,1.384,1,2108,1,22.187,0.474,0.938,-20.313,-8.875,-0.184,0.121,0.961,-0.469,-0.070,-0.145,0.024,0.012,1.239,1.356,2,NULL,NULL,,3,0,2,7,255,947,250,0,0
stim,48138,78259,0,78259,3275554.453,-0.516,-0.044,0.085,0.851,2904,127,525,2938,2181,2505,277,2637,57,1.384,1,2108,1,26.215,0.623,6.000,-21.000,-14.500,-0.152,0.168,0.992,-0.469,-0.410,-0.145,0.028,0.014,1.239,1.356,2,NULL,NULL,,3,0,2,7,255,947,250,0,0
stim,48138,78259,0,78259,3275559.455,-0.517,-0.043,0.084,0.851,2885,135,656,2925,2223,2523,325,2651,57,1.384,1,2108,1,26.068,1.099,6.563,-21.313,-13.500,-0.105,0.219,1.043,-1.020,-0.410,0.125,0.034,0.016,1.239,1.356,2,NULL,NULL,,3,0,2,7,255,947,250,0,0
stim,48138,78259,0,78259,3275564.453,-0.517,-0.042,0.084,0.851,2855,143,724,2893,2284,2520,373,2666,57,1.384,1,2108,1,23.108,1.660,1.438,-20.438,-10.688,-0.105,0.227,1.063,-1.652,-0.160,0.551,0.038,0.020,1.239,1.356,2,NULL,NULL,,3,0,2,7,255,947,250,0,0
stim,48138,78259,0,78259,3275569.455,-0.518,-0.041,0.084,0.851,2835,154,791,2875,2328,2524,429,2685,57,1.384,1,2108,1,22.807,1.660,-2.750,-20.188,-10.250,-0.125,0.203,1.027,-1.652,-0.160,0.551,0.042,0.024,1.239,1.356,2,NULL,NULL,,3,0,2,7,255,947,250,0,0
stim,48138,78259,0,78259,3275574.454,-0.518,-0.040,0.083,0.850,2804,169,909,2848,2385,2533,500,2697,57,1.384,1,2108,1,23.069,1.436,-5.438,-20.188,-9.750,-0.176,0.145,0.996,-1.398,-0.328,0.430,0.046,0.028,1.239,1.356,2,NULL,NULL,,3,0,2,7,255,947,250,0,0
stim,48138,78259,0,78259,3275579.455,-0.519,-0.040,0.082,0.850,2763,183,1053,2829,2419,2534,559,2719,57,1.384,1,2108,1,27.065,0.861,-5.063,-20.125,-17.375,-0.215,0.141,0.984,-0.652,-0.563,0.180,0.048,0.032,1.239,1.356,2,NULL,NULL,,3,0,2,7,255,947,250,0,0
stim,48138,78259,0,78259,3275584.453,-0.520,-0.039,0.082,0.850,2720,205,1188,2805,2475,2548,691,2743,57,1.384,1,2108,1,35.275,0.979,-2.250,-20.750,-28.438,-0.184,0.156,0.988,-0.652,-0.730,0.125,0.050,0.036,1.239,1.356,2,NULL,NULL,,3,0,2,7,255,947,250,0,0
stim,48138,78259,0,78259,3275589.455,-0.521,-0.039,0.081,0.849,2669,233,1290,2790,2515,2549,825,2748,57,1.384,1,2108,1,39.875,0.977,-2.938,-20.625,-34.000,-0.152,0.133,1.031,-0.648,-0.730,0.125,0.052,0.038,1.239,1.356,2,NULL,NULL,,3,0,2,7,255,947,250,0,0
stim,48161,78282,0,78282,3275594.454,-0.523,-0.038,0.080,0.848,2622,235,1399,2764,2550,2553,969,2779,57,1.384,1,2108,1,47.086,0.704,-11.563,-20.563,-40.750,-0.156,0.086,1.063,-0.648,-0.273,0.465,0.054,0.038,1.239,1.356,2,NULL,NULL,,3,0,2,7,255,947,250,0,0
stim,48161,78282,0,78282,3275599.455,-0.524,-0.038,0.079,0.847,2556,245,1567,2729,2591,2567,1109,2787,57,1.384,1,2108,1,55.844,0.255,-21.563,-21.500,-46.813,-0.133,0.043,1.027,-0.238,-0.090,0.465,0.052,0.040,1.239,1.356,2,NULL,NULL,,3,0,2,7,255,947,250,0,0
stim,48161,78282,0,78282,3275604.453,-0.526,-0.038,0.077,0.846,2489,264,1706,2681,2632,2568,1237,2808,57,1.384,1,2108,1,56.714,0.217,-25.125,-22.313,-45.688,-0.129,-0.016,0.961,0.027,0.215,0.328,0.052,0.040,1.239,1.356,2,NULL,NULL,,3,0,2,7,255,947,250,0,0
stim,48161,78282,0,78282,3275609.455,-0.528,-0.038,0.076,0.845,2415,265,1821,2652,2665,2572,1357,2823,57,1.384,1,2108,1,56.358,0.620,-21.875,-22.500,-46.813,-0.137,-0.039,0.957,0.496,0.371,-0.336,0.048,0.040,1.239,1.356,2,NULL,NULL,,3,0,2,7,255,947,250,0,0
stim,48189,78310,0,78310,3275614.453,-0.529,-0.037,0.074,0.844,2335,261,1928,2607,2701,2579,1490,2841,57,1.384,1,2108,1,55.598,0.832,-19.625,-23.688,-46.313,-0.109,-0.074,0.957,0.738,0.383,-0.391,0.046,0.040,1.239,1.356,2,NULL,NULL,,3,0,2,7,255,947,250,0,0
stim,48189,78310,0,78310,3275619.455,-0.531,-0.037,0.073,0.843,2251,260,2013,2551,2729,2575,1608,2848,57,1.384,1,2108,1,53.502,1.158,-19.063,-24.188,-43.750,-0.098,-0.094,0.980,0.902,0.727,-0.391,0.044,0.040,1.239,1.356,2,NULL,NULL,,3,0,2,7,255,947,250,0,0
stim,48189,78310,0,78310,3275624.454,-0.533,-0.037,0.071,0.843,2147,253,2125,2477,2761,2586,1721,2870,57,1.384,1,2108,1,56.091,1.255,-26.375,-26.500,-41.813,-0.141,-0.086,1.035,1.023,0.727,-0.234,0.040,0.040,1.239,1.356,2,NULL,NULL,,3,0,2,7,255,947,250,0,0
stim,48189,78310,0,78310,3275629.455,-0.534,-0.037,0.069,0.842,2065,251,2213,2405,2778,2580,1833,2875,57,1.384,1,2108,1,67.690,1.174,-39.875,-28.500,-46.688,-0.188,-0.039,1.070,1.023,0.574,0.387,0.038,0.042,1.239,1.356,2,NULL,NULL,,3,0,2,7,255,947,250,0,0
stim,48189,78310,0,78310,3275634.453,-0.536,-0.037,0.066,0.841,1941,251,2291,2311,2811,2584,1937,2895,57,1.384,1,2108,1,74.617,0.858,-44.438,-28.813,-52.563,-0.137,0.004,0.977,0.855,0.066,0.387,0.036,0.042,1.239,1.356,2,NULL,NULL,,3,0,2,7,255,947,250,0,0
stim,48189,78310,0,78310,3275639.455,-0.538,-0.037,0.064,0.840,1799,247,2357,2204,2840,2587,2040,2907,57,1.384,1,2108,1,64.929,0.270,-36.625,-32.438,-42.688,-0.074,-0.027,0.910,0.262,0.066,-0.156,0.034,0.044,1.239,1.356,2,NULL,NULL,,3,0,2,7,255,947,250,0,0
stim,48231,78352,0,78352,3275644.454,-0.539,-0.036,0.062,0.839,1611,235,2425,2066,2859,2583,2132,2917,57,1.384,1,2108,1,54.083,0.592,-24.500,-34.063,-34.125,-0.094,-0.043,0.969,0.262,0.531,-0.305,0.032,0.046,1.239,1.356,2,NULL,NULL,,3,0,2,7,255,947,250,0,0
stim,48231,78353,0,78353,3275649.455,-0.540,-0.035,0.060,0.839,1358,199,2483,1889,2875,2595,2219,2931,57,1.384,1,2108,1,51.762,0.603,-21.000,-35.188,-31.625,-0.125,-0.012,1.043,0.285,0.531,-0.305,0.032,0.050,1.239,1.356,2,NULL,NULL,,3,0,2,7,255,947,250,0,0
stim,48231,78353,0,78353,3275654.453,-0.542,-0.035,0.058,0.838,1183,174,2527,1705,2908,2587,2297,2939,57,1.384,1,2108,1,57.070,0.343,-26.750,-36.875,-34.375,-0.156,0.000,1.109,0.285,0.191,0.465,0.032,0.050,1.239,1.356,2,NULL,NULL,,3,0,2,7,255,947,250,0,0
stim,48231,78353,0,78353,3275659.455,-0.543,-0.034,0.056,0.837,951,105,2573,1489,2909,2587,2363,2943,57,1.384,1,2108,1,69.365,0.287,-38.188,-37.500,-44.125,-0.152,-0.023,1.109,0.285,-0.031,1.152,0.032,0.052,1.239,1.356,2,NULL,NULL,,3,0,2,7,255,947,250,0,0
stim,48231,78353,0,78353,3275664.454,-0.545,-0.034,0.053,0.836,692,77,2616,1252,2931,2575,2451,2957,57,1.384,1,2108,1,69.268,0.423,-39.375,-38.313,-42.188,-0.102,-0.043,1.012,0.422,-0.031,1.152,0.034,0.052,1.239,1.356,2,NULL,NULL,,3,0,2,7,255,947,250,0,0
stim,48231,78353,0,78353,3275669.455,-0.546,-0.033,0.051,0.836,443,37,2651,953,2941,2573,2492,2973,57,1.384,1,2108,1,61.901,0.537,-30.000,-40.500,-35.938,-0.086,-0.031,0.992,0.422,0.332,0.141,0.034,0.054,1.239,1.356,2,NULL,NULL,,3,0,2,7,255,947,250,0,0
stim,48254,78375,0,78375,3275674.454,-0.547,-0.032,0.049,0.835,267,0,2681,727,2957,2557,2549,2979,57,1.384,1,2108,1,56.632,0.406,-20.500,-43.000,-30.625,-0.129,-0.004,1.039,0.234,0.332,0.141,0.034,0.056,1.239,1.356,2,NULL,NULL,,3,0,2,7,255,947,250,0,0
stim,48254,78375,0,78375,3275679.455,-0.548,-0.031,0.047,0.834,117,0,2699,505,2971,2519,2597,2979,57,1.384,1,2108,1,58.850,0.195,-18.750,-46.250,-31.188,-0.168,0.027,1.109,0.164,-0.105,0.441,0.034,0.056,1.239,1.356,2,NULL,NULL,,3,0,2,7,255,947,250,0,0
stim,48254,78375,0,78375,3275684.453,-0.550,-0.030,0.045,0.833,37,0,2739,273,2985,2525,2637,2983,57,1.384,1,2108,1,67.322,0.574,-21.000,-48.188,-42.063,-0.168,0.027,1.109,0.000,-0.574,1.172,0.036,0.058,1.239,1.356,2,NULL,NULL,,3,0,2,7,255,947,250,0,0
stim,48254,78375,0,78375,3275689.455,-0.552,-0.029,0.043,0.832,13,0,2759,160,3013,2515,2677,2997,57,1.384,1,2108,1,76.548,0.574,-22.000,-53.625,-50.000,-0.086,0.016,1.055,-0.012,-0.574,1.172,0.040,0.058,1.239,1.356,2,NULL,NULL,,3,0,2,7,255,947,250,0,0
stim,48254,78375,0,78375,3275694.454,-0.554,-0.027,0.041,0.831,0,0,2777,85,3007,2491,2707,3007,57,1.384,1,2108,1,80.316,0.071,-14.125,-59.063,-52.563,-0.078,-0.039,1.051,-0.012,0.070,0.574,0.042,0.058,1.239,1.356,2,NULL,NULL,,3,0,2,7,255,947,250,0,0
stim,48254,78375,0,78375,3275699.455,-0.555,-0.024,0.040,0.831,0,0,2795,40,3031,2469,2743,3006,57,1.384,1,2108,0,76.596,0.275,13.563,-67.688,-33.188,-0.234,-0.055,1.203,0.266,0.070,0.574,0.042,0.064,1.239,1.356,2,NULL,NULL,,3,0,2,7,255,947,250,0,0
stim,48274,78395,0,78395,3275704.453,-0.556,-0.021,0.039,0.830,0,0,2797,0,3037,2440,2779,3018,57,1.384,1,2108,0,86.022,1.038,25.813,-75.375,-32.438,-0.348,0.082,1.438,0.266,-1.004,2.121,0.046,0.072,1.239,1.356,3,NULL,NULL,,3,0,2,7,255,947,250,0,0
stim,48274,78395,0,78395,3275709.455,-0.558,-0.018,0.038,0.829,0,0,2821,0,3055,2403,2795,3019,57,1.384,1,2108,0,98.160,2.444,20.188,-82.625,-49.000,-0.363,0.188,1.551,0.172,-2.438,4.523,0.050,0.080,1.239,1.356,3,NULL,NULL,,3,0,2,7,255,947,250,0,0
stim,48274,78395,0,78395,3275714.454,-0.560,-0.013,0.038,0.828,0,0,2824,0,3063,2357,2824,3019,57,1.384,1,2108,0,112.903,3.003,45.563,-94.125,-42.563,-0.309,0.324,1.742,-0.695,-2.922,5.617,0.060,0.088,1.239,1.356,3,NULL,NULL,,3,0,2,7,255,947,250,0,0
stim,48274,78395,0,78395,3275719.455,-0.560,-0.009,0.036,0.828,0,0,2823,0,3063,2315,2861,3027,57,1.384,1,2108,0,107.486,3.576,16.563,-106.063,-5.438,-0.070,0.563,1.844,-2.063,-2.922,7.484,0.070,0.094,1.239,1.356,3,NULL,NULL,,3,0,2,7,255,947,250,0,0
stim,48274,78395,0,78395,3275724.454,-0.560,-0.006,0.031,0.828,0,0,2828,0,3079,2239,2873,3020,57,1.384,1,2108,0,121.099,3.808,-62.313,-103.813,2.250,-0.016,0.359,1.578,-3.395,-1.727,7.484,0.080,0.100,1.239,1.356,3,NULL,NULL,,3,0,2,7,255,947,250,0,0
stim,48274,78395,0,78395,3275729.455,-0.559,-0.004,0.026,0.829,0,0,2825,0,3087,2167,2903,3029,57,1.384,1,2108,0,135.515,3.547,-70.813,-111.375,30.750,-0.117,0.094,1.238,-3.395,-1.027,5.688,0.088,0.110,1.239,1.356,3,NULL,NULL,,3,0,2,7,255,947,250,0,0
stim,48343,78464,0,78464,3275734.454,-0.557,-0.001,0.022,0.830,0,0,2815,0,3093,2072,2909,3017,57,1.384,1,2108,0,137.526,1.187,-39.875,-121.125,51.500,-0.262,0.020,1.191,-0.594,-1.027,2.379,0.092,0.122,1.239,1.356,3,NULL,NULL,,3,0,2,7,255,947,250,0,0
stim,48343,78464,0,78464,3275739.455,-0.555,0.003,0.018,0.831,0,0,2798,0,3092,1951,2922,3021,57,1.384,1,2108,0,137.432,2.307,-23.188,-129.188,40.750,-0.355,-0.012,1.234,0.633,-2.219,2.359,0.094,0.136,1.239,1.356,3,NULL,NULL,,3,0,2,7,255,947,250,0,0
stim,48343,78464,0,78464,3275744.454,-0.554,0.007,0.014,0.832,0,0,2798,0,3093,1805,2937,3008,57,1.384,1,2108,0,139.144,3.074,-15.750,-136.313,23.063,-0.332,-0.063,1.281,1.301,-2.785,2.359,0.096,0.148,1.239,1.356,3,NULL,NULL,,3,0,2,7,255,947,250,0,0
stim,48343,78464,0,78464,3275749.455,-0.554,0.012,0.010,0.833,0,0,2775,0,3099,1640,2955,3003,57,1.384,1,2108,0,145.734,3.269,-14.188,-143.750,19.313,-0.250,-0.090,1.344,1.711,-2.785,2.758,0.096,0.158,1.239,1.356,3,NULL,NULL,,3,0,2,7,255,947,250,0,0
stim,48343,78464,0,78464,3275754.453,-0.553,0.017,0.006,0.833,0,0,2745,0,3099,1419,2967,2991,57,1.384,1,2108,0,154.592,2.698,-20.750,-150.750,27.250,-0.219,-0.082,1.336,1.711,-2.086,3.238,0.096,0.170,1.239,1.356,3,NULL,NULL,,3,0,2,7,255,947,250,0,0
stim,48343,78464,0,78464,3275759.455,-0.551,0.021,0.001,0.834,0,0,2713,0,3103,1182,2967,2984,57,1.384,1,2108,0,164.018,2.602,-28.563,-158.000,33.500,-0.211,-0.063,1.250,1.555,-2.086,3.238,0.100,0.182,1.239,1.356,3,NULL,NULL,,3,0,2,7,255,947,250,0,0
stim,48343,78464,0,78464,3275764.454,-0.550,0.026,-0.004,0.835,0,0,2683,0,3113,915,2979,2984,57,1.384,1,2108,0,171.902,2.521,-30.313,-165.375,35.813,-0.211,-0.051,1.160,1.363,-2.121,2.367,0.108,0.198,1.239,1.356,3,NULL,NULL,,3,0,2,7,255,947,250,0,0
stim,48343,78464,0,78464,3275769.455,-0.548,0.032,-0.009,0.836,0,0,2656,0,3112,675,2991,2967,57,1.384,1,2108,0,178.521,2.674,-21.625,-173.125,37.813,-0.215,-0.078,1.090,1.363,-2.301,1.465,0.118,0.214,1.239,1.356,3,NULL,NULL,,3,0,2,7,255,947,250,0,0
stim,48343,78464,0,78464,3275774.454,-0.546,0.038,-0.013,0.837,0,0,2623,0,3117,493,2989,2956,57,1.384,1,2108,0,185.310,2.834,0.188,-181.438,37.688,-0.227,-0.125,1.078,1.594,-2.344,0.727,0.130,0.232,1.239,1.356,3,NULL,NULL,,3,0,2,7,255,947,250,0,0
stim,48343,78464,0,78464,3275779.455,-0.545,0.046,-0.017,0.837,0,0,2551,0,3111,309,3000,2941,57,1.384,1,2108,0,195.064,3.174,15.000,-190.625,38.563,-0.188,-0.133,1.145,2.141,-2.344,0.727,0.146,0.252,1.239,1.356,3,NULL,NULL,,3,0,2,7,255,947,250,0,0
stim,48343,78464,0,78464,3275784.454,-0.543,0.053,-0.021,0.838,0,0,2477,0,3103,169,2999,2903,57,1.384,1,2108,0,201.972,3.212,22.125,-197.188,37.688,-0.188,-0.090,1.258,2.141,-2.395,1.180,0.162,0.272,1.239,1.356,3,NULL,NULL,,3,0,2,7,255,947,250,0,0
stim,48343,78464,0,78464,3275789.455,-0.541,0.061,-0.025,0.838,0,0,2383,0,3102,85,3015,2873,57,1.384,1,2108,0,207.631,3.292,22.313,-204.125,30.750,-0.219,0.070,1.398,1.906,-2.684,2.246,0.182,0.292,1.239,1.356,3,NULL,NULL,,3,0,2,7,255,947,250,0,0
stim,48371,78492,0,78492,3275794.453,-0.540,0.069,-0.030,0.838,0,0,2263,0,3108,39,3004,2844,57,1.384,1,2108,0,213.425,3.993,18.313,-211.938,17.250,-0.281,0.250,1.547,0.789,-3.914,3.516,0.206,0.316,1.239,1.356,3,NULL,NULL,,3,0,2,7,255,947,250,0,0
stim,48371,78492,0,78492,3275799.455,-0.539,0.077,-0.034,0.838,0,0,2095,0,3091,10,2997,2793,57,1.384,1,2108,0,223.160,5.616,9.250,-222.938,3.688,-0.352,0.289,1.777,-0.172,-5.613,4.773,0.236,0.346,1.239,1.356,3,NULL,NULL,,3,0,2,7,255,947,250,0,0
stim,48371,78492,0,78492,3275804.453,-0.539,0.086,-0.040,0.837,0,0,1918,0,3091,35,2990,2760,57,1.384,1,2108,0,237.785,6.994,4.625,-237.688,-5.000,-0.492,0.156,2.129,-0.172,-6.992,6.797,0.272,0.384,1.239,1.356,3,NULL,NULL,,3,0,2,7,255,947,250,0,0
stim,48371,78492,0,78492,3275809.455,-0.538,0.095,-0.046,0.836,0,0,1715,0,3060,61,2983,2692,57,1.384,1,2108,0,260.880,8.832,-7.000,-260.750,-4.313,-0.566,0.082,2.465,1.969,-8.609,9.805,0.318,0.428,1.239,1.356,3,NULL,NULL,,3,0,2,7,255,947,250,0,0
stim,48371,78492,0,78492,3275814.454,-0.537,0.105,-0.054,0.835,0,0,1547,0,3049,70,2971,2621,57,1.384,1,2108,0,287.274,10.325,-27.625,-285.750,10.500,-0.680,0.246,2.633,2.688,-9.969,12.652,0.372,0.482,1.239,1.356,3,NULL,NULL,,3,0,2,7,255,947,250,0,0
stim,48371,78492,0,78492,3275819.455,-0.536,0.115,-0.064,0.834,0,0,1437,0,3021,75,2953,2539,57,1.384,1,2108,0,319.969,12.786,-58.938,-314.188,13.875,-0.785,0.609,2.750,2.688,-12.500,13.719,0.436,0.544,1.239,1.356,3,NULL,NULL,,3,0,2,7,255,947,250,0,0
stim,48393,78514,0,78514,3275824.454,-0.534,0.126,-0.075,0.833,0,0,1365,0,2995,86,2905,2415,57,1.384,1,2108,0,352.306,15.797,-83.688,-342.000,12.313,-0.934,0.828,2.824,0.086,-15.797,13.914,0.510,0.614,1.239,1.356,3,NULL,NULL,,3,0,2,7,255,947,250,0,0
stim,48393,78514,0,78514,3275829.455,-0.533,0.136,-0.088,0.830,0,0,1239,0,2967,92,2864,2284,57,1.384,1,2108,0,387.400,18.890,-114.063,-370.188,5.438,-1.004,0.973,2.922,-1.078,-18.859,13.914,0.594,0.696,1.239,1.356,3,NULL,NULL,,3,0,2,7,255,947,250,0,0
stim,48393,78514,0,78514,3275834.454,-0.533,0.147,-0.102,0.827,0,0,1167,0,2915,98,2821,2163,57,1.384,1,2108,0,421.610,21.170,-146.250,-394.688,-24.250,-0.941,0.918,2.922,-1.703,-21.102,13.910,0.686,0.786,1.239,1.356,3,NULL,NULL,,3,0,2,7,255,947,250,0,0
stim,48393,78514,0,78514,3275839.455,-0.533,0.159,-0.117,0.823,0,0,1069,0,2855,87,2728,2027,57,1.384,1,2108,0,449.319,21.170,-151.875,-420.875,-41.063,-0.891,0.738,2.863,-1.703,-21.102,13.379,0.790,0.888,1.239,1.356,3,NULL,NULL,,3,0,2,7,255,947,250,0,0
stim,48438,78559,0,78559,3275844.453,-0.532,0.172,-0.133,0.818,0,0,978,0,2779,77,2619,1907,57,1.384,1,2108,0,476.197,21.105,-143.188,-453.000,-32.438,-0.906,0.598,2.836,-0.363,-21.102,12.305,0.900,0.998,1.239,1.356,3,NULL,NULL,,3,0,2,7,255,947,250,0,0
stim,48438,78559,0,78559,3275849.455,-0.530,0.186,-0.148,0.814,0,0,889,0,2685,71,2453,1786,57,1.384,1,2108,0,495.562,21.124,-132.000,-477.250,-19.750,-1.023,0.566,2.922,0.965,-21.102,11.203,1.018,1.116,1.239,1.356,3,NULL,NULL,,3,0,2,7,255,947,250,0,0
stim,48438,78559,0,78559,3275854.453,-0.529,0.201,-0.164,0.808,0,0,775,0,2555,39,2265,1637,57,1.384,1,2108,0,508.536,23.261,-130.125,-490.438,-33.875,-1.109,0.461,3.063,1.848,-23.188,10.531,1.138,1.238,1.239,1.356,3,NULL,NULL,,3,0,2,7,255,947,250,0,0
stim,48438,78559,0,78559,3275859.455,-0.527,0.216,-0.180,0.802,0,0,603,0,2405,0,1995,1455,57,1.384,1,2108,0,522.838,24.790,-130.750,-503.063,-56.500,-0.992,0.219,3.145,3.320,-24.566,10.531,1.258,1.360,1.239,1.356,3,NULL,NULL,,3,0,2,7,255,947,250,0,0
stim,48438,78559,0,78559,3275864.454,-0.526,0.231,-0.196,0.795,0,0,381,0,2179,0,1693,1253,57,1.384,1,2108,0,542.463,25.116,-131.813,-523.375,-54.500,-0.820,-0.137,3.070,5.227,-24.566,10.348,1.370,1.476,1.239,1.356,3,NULL,NULL,,3,0,2,7,255,947,250,0,0
stim,48438,78559,0,78559,3275869.455,-0.522,0.247,-0.214,0.788,0,0,253,0,1884,0,1271,1063,57,1.384,1,2108,0,564.656,23.943,-137.625,-547.625,-1.438,-0.773,-0.563,2.801,7.855,-22.617,10.230,1.472,1.580,1.239,1.356,3,NULL,NULL,,3,0,2,7,255,947,250,0,0
stim,48438,78559,0,78559,3275874.454,-0.517,0.262,-0.231,0.782,0,0,149,0,1571,0,743,931,57,1.384,1,2108,0,569.743,22.026,-140.750,-551.750,19.188,-0.766,-0.336,2.367,8.746,-20.215,7.645,1.564,1.676,1.239,1.356,3,NULL,NULL,,3,0,2,7,255,947,250,0,0
stim,48438,78559,0,78559,3275879.455,-0.511,0.278,-0.248,0.774,0,0,108,0,1161,0,260,747,57,1.384,1,2108,0,567.073,21.229,-108.875,-556.500,5.063,-0.883,-0.098,2.094,8.746,-19.344,3.160,1.654,1.768,1.239,1.356,3,NULL,NULL,,3,0,2,7,255,947,250,0,0
stim,48438,78559,0,78559,3275884.454,-0.504,0.295,-0.263,0.768,0,0,59,0,636,0,0,612,57,1.384,1,2108,0,570.331,20.448,-73.313,-564.875,28.625,-0.840,0.184,2.043,6.629,-19.344,-0.863,1.752,1.870,1.239,1.356,3,NULL,NULL,,3,0,2,7,255,947,250,0,0
stim,48438,78559,0,78559,3275889.455,-0.495,0.312,-0.279,0.762,0,0,29,0,166,0,0,500,57,1.384,1,2108,0,583.066,20.913,-40.000,-574.688,90.000,-1.188,0.129,2.145,5.996,-20.035,-2.258,1.866,1.986,1.239,1.356,3,NULL,NULL,,3,0,2,7,255,947,250,0,0
stim,48461,78582,0,78582,3275894.453,-0.481,0.329,-0.294,0.757,0,0,18,0,0,0,0,399,57,1.384,1,2108,0,620.795,23.644,-17.438,-595.875,173.250,-1.602,0.172,2.176,5.996,-22.871,-5.113,1.988,2.110,1.239,1.356,3,NULL,NULL,,3,0,2,7,255,947,250,0,0
stim,48461,78582,0,78582,3275899.455,-0.470,0.343,-0.312,0.751,0,0,0,0,0,0,0,341,57,1.384,1,2108,0,586.407,25.519,-100.563,-563.938,125.438,-1.426,0.852,1.914,5.996,-24.805,-9.395,2.114,2.238,1.239,1.356,4,NULL,NULL,,3,0,2,7,255,947,250,0,0
stim,48461,78582,0,78582,3275904.453,-0.466,0.354,-0.329,0.741,0,0,5,0,0,0,0,239,57,1.384,1,2108,0,532.870,24.806,-214.500,-487.438,18.563,-0.820,1.563,1.641,0.281,-24.805,-10.680,2.232,2.354,1.239,1.356,4,NULL,NULL,,3,0,2,7,255,947,250,0,0
stim,48461,78582,0,78582,3275909.455,-0.464,0.356,-0.350,0.731,0,0,3,0,0,0,0,218,57,1.384,1,2108,0,545.897,23.715,-407.438,-358.063,61.563,-0.801,2.363,0.871,-8.746,-22.043,-11.844,2.330,2.452,1.239,1.356,0,NULL,NULL,,3,0,2,7,255,947,250,0,0
stim,48487,78608,0,78608,3275914.454,-0.466,0.350,-0.374,0.722,0,0,3,0,0,0,0,165,57,1.384,1,2108,0,592.527,25.075,-545.188,-207.500,103.938,-0.391,2.648,-0.695,-17.863,-17.598,-16.797,2.400,2.522,1.239,1.356,0,NULL,NULL,,3,0,2,7,255,947,250,0,0
stim,48487,78608,0,78608,3275919.455,-0.467,0.346,-0.385,0.717,0,0,0,0,0,0,0,149,57,1.384,1,2108,0,292.989,18.026,-274.938,-87.688,50.625,-0.508,1.078,-0.754,-17.863,-2.418,-20.035,2.444,2.564,1.239,1.356,0,NULL,NULL,,3,0,2,7,255,947,250,0,0
stim,48487,78608,0,78608,3275924.454,-0.465,0.347,-0.384,0.718,0,0,0,0,0,0,0,151,57,1.384,1,2108,0,68.034,9.515,55.063,-7.500,39.250,-0.965,-0.746,0.754,-9.203,-2.418,-20.035,2.474,2.596,1.239,1.356,0,NULL,NULL,,3,0,2,7,255,947,250,0,0
stim,48487,78608,0,78608,3275929.455,-0.465,0.345,-0.382,0.720,0,0,0,0,0,0,0,125,57,1.384,1,2108,0,69.151,13.713,28.063,57.938,25.250,-1.500,-1.348,1.996,10.695,-8.582,-12.734,2.506,2.630,1.239,1.356,0,NULL,NULL,,3,0,2,7,255,947,250,0,0
stim,48487,78608,0,78608,3275934.454,-0.470,0.338,-0.384,0.719,0,0,0,0,0,0,0,103,57,1.384,1,2108,0,212.561,22.576,-157.063,142.250,-16.688,-1.492,-0.578,1.688,11.633,-19.348,-12.734,2.542,2.670,1.239,1.356,0,NULL,NULL,,3,0,2,7,255,947,250,0,0
stim,48487,78608,0,78608,3275939.455,-0.478,0.327,-0.387,0.718,0,0,0,0,0,0,0,103,57,1.384,1,2108,0,318.132,22.576,-245.813,201.250,-16.813,-1.098,0.879,0.539,11.633,-19.348,-13.023,2.580,2.710,1.239,1.356,0,NULL,NULL,,3,0,2,7,255,947,250,0,0
stim,48529,78650,0,78650,3275944.453,-0.483,0.316,-0.388,0.718,0,0,0,0,0,0,0,95,57,1.384,1,2108,0,283.985,12.012,-169.188,226.250,28.875,-0.949,1.762,-0.066,-4.293,-11.219,-18.551,2.616,2.746,1.239,1.356,0,NULL,NULL,,3,0,2,7,255,947,250,0,0
stim,48529,78650,0,78650,3275949.455,-0.486,0.307,-0.385,0.722,0,0,0,0,0,0,0,82,57,1.384,1,2108,0,242.098,14.603,-45.250,230.188,59.813,-1.086,1.551,0.215,-10.707,-9.930,-21.605,2.654,2.784,1.239,1.356,0,NULL,NULL,,3,0,2,7,255,947,250,0,0
stim,48529,78650,0,78650,3275954.454,-0.489,0.298,-0.381,0.726,0,0,0,0,0,0,0,62,57,1.384,1,2108,0,246.256,14.603,-19.375,238.000,60.188,-1.176,0.598,0.797,-10.707,-9.930,-21.605,2.696,2.828,1.239,1.356,0,NULL,NULL,,3,0,2,7,255,947,250,0,0
stim,48529,78650,0,78650,3275959.455,-0.492,0.287,-0.379,0.729,0,0,0,0,0,0,0,59,57,1.384,1,2108,0,267.210,12.425,-85.125,245.313,63.063,-1.117,0.066,0.809,-1.387,-12.348,-16.637,2.740,2.874,1.239,1.356,0,NULL,NULL,,3,0,2,7,255,947,250,0,0
stim,48529,78650,0,78650,3275964.454,-0.496,0.275,-0.379,0.731,0,0,0,0,0,0,0,45,57,1.384,1,2108,0,292.438,12.412,-136.688,250.813,62.688,-1.043,0.246,0.305,1.262,-12.348,-16.637,2.784,2.918,1.239,1.356,0,NULL,NULL,,3,0,2,7,255,947,250,0,0
stim,48529,78650,0,78650,3275969.455,-0.500,0.264,-0.378,0.733,0,0,0,0,0,0,0,41,57,1.384,1,2108,0,283.841,8.408,-112.750,252.375,64.500,-0.848,0.500,-0.188,1.262,-8.313,-16.828,2.822,2.956,1.239,1.356,0,NULL,NULL,,3,0,2,7,255,947,250,0,0
stim,48558,78679,0,78679,3275974.454,-0.503,0.254,-0.374,0.737,0,0,0,0,0,0,0,30,57,1.384,1,2108,0,269.189,4.239,-50.000,255.125,69.813,-0.723,0.523,-0.246,-1.617,-3.918,-18.133,2.854,2.990,1.239,1.356,0,NULL,NULL,,3,0,2,7,255,947,250,0,0
stim,48558,78679,0,78679,3275979.455,-0.505,0.244,-0.369,0.741,0,0,0,0,0,0,0,27,57,1.384,1,2108,0,273.783,4.239,-5.750,262.188,78.625,-0.688,0.434,-0.008,-1.617,-3.918,-18.133,2.884,3.022,1.239,1.356,0,NULL,NULL,,3,0,2,7,255,947,250,0,0
stim,48558,78679,0,78679,3275984.454,-0.507,0.234,-0.364,0.745,0,0,0,0,0,0,0,27,57,1.384,1,2108,0,285.413,4.890,-1.313,274.563,77.938,-0.684,0.410,0.168,-1.531,-4.645,-16.164,2.916,3.054,1.239,1.356,0,NULL,NULL,,3,0,2,7,255,947,250,0,0
stim,48558,78679,0,78679,3275989.455,-0.510,0.223,-0.358,0.750,0,0,0,0,0,0,0,23,57,1.384,1,2108,0,297.709,5.909,1.250,287.188,78.438,-0.621,0.375,0.168,-1.359,-5.750,-14.918,2.946,3.086,1.239,1.356,0,NULL,NULL,,3,0,2,7,255,947,250,0,0
stim,48558,78679,0,78679,3275994.453,-0.512,0.212,-0.352,0.754,0,0,0,0,0,0,0,20,57,1.384,1,2108,0,308.926,6.186,15.125,297.938,80.250,-0.605,0.355,0.215,-1.266,-6.055,-14.238,2.978,3.120,1.239,1.356,0,NULL,NULL,,3,0,2,7,255,947,250,0,0
stim,48558,78679,0,78679,3275999.455,-0.514,0.202,-0.344,0.759,0,0,0,0,0,0,0,7,57,1.384,1,2108,0,319.530,6.162,31.063,308.000,79.188,-0.609,0.293,0.316,-1.145,-6.055,-13.652,3.010,3.154,1.239,1.356,0,NULL,NULL,,3,0,2,7,255,947,250,0,0
stim,48558,78679,0,78679,3276004.453,-0.516,0.191,-0.337,0.764,0,0,0,0,0,0,0,6,57,1.384,1,2108,0,329.094,6.798,39.563,318.188,74.125,-0.578,0.246,0.430,-0.625,-6.770,-12.637,3.046,3.190,1.239,1.356,0,NULL,NULL,,3,0,2,7,255,947,250,0,0
stim,48558,78679,0,78679,3276009.455,-0.519,0.180,-0.328,0.769,0,0,0,0,0,0,0,3,57,1.384,1,2108,0,338.621,7.409,43.063,328.813,68.500,-0.535,0.266,0.488,-0.625,-7.383,-11.344,3.082,3.228,1.239,1.356,0,NULL,NULL,,3,0,2,7,255,947,250,0,0
stim,48586,78707,0,78707,3276014.454,-0.521,0.169,-0.319,0.773,0,0,0,0,0,0,0,4,57,1.384,1,2108,0,348.625,7.605,49.438,338.938,64.938,-0.500,0.293,0.527,-0.840,-7.559,-10.531,3.120,3.268,1.239,1.356,0,NULL,NULL,,3,0,2,7,255,947,250,0,0
stim,48586,78707,0,78707,3276019.455,-0.524,0.158,-0.309,0.778,0,0,0,0,0,0,0,2,57,1.384,1,2108,0,358.327,7.758,59.563,347.938,61.563,-0.500,0.305,0.598,-1.277,-7.652,-9.949,3.160,3.310,1.239,1.356,0,NULL,NULL,,3,0,2,7,255,947,250,0,0
stim,48586,78707,0,78707,3276024.454,-0.527,0.147,-0.299,0.782,0,0,0,0,0,0,0,3,57,1.384,1,2108,0,367.036,8.245,68.438,356.438,54.625,-0.492,0.301,0.695,-1.488,-8.109,-9.234,3.202,3.352,1.239,1.356,0,NULL,NULL,,3,0,2,7,255,947,250,0,0
stim,48586,78707,0,78707,3276029.455,-0.530,0.136,-0.288,0.786,0,0,0,0,0,0,0,3,57,1.384,1,2108,0,374.339,8.774,73.938,364.063,46.063,-0.465,0.297,0.789,-1.609,-8.625,-8.191,3.246,3.398,1.239,1.356,0,NULL,NULL,,3,0,2,7,255,947,250,0,0
stim,48637,78758,0,78758,3276034.454,-0.533,0.124,-0.277,0.790,0,0,0,0,0,0,0,0,57,1.384,1,2108,0,380.348,9.110,76.250,370.500,39.750,-0.426,0.305,0.859,-1.859,-8.918,-7.047,3.292,3.442,1.239,1.356,0,NULL,NULL,,3,0,2,7,255,947,250,0,0
stim,48637,78758,1,78758,3276039.455,-0.536,0.113,-0.266,0.793,0,0,0,0,0,0,0,0,57,1.384,1,2108,0,385.242,9.184,77.625,375.625,35.938,-0.391,0.301,0.887,-2.195,-8.918,-6.055,3.336,3.490,1.239,1.356,0,NULL,NULL,,3,1,2,7,255,947,250,0,0
stim,48637,78758,1,78758,3276044.453,-0.539,0.101,-0.254,0.796,0,0,0,0,0,0,0,5,57,1.384,1,2108,0,389.670,8.988,81.000,379.813,32.000,-0.359,0.297,0.867,-2.418,-8.656,-5.402,3.382,3.536,1.239,1.356,0,NULL,NULL,,3,1,2,7,255,947,250,0,0
stim,48637,78758,1,78758,3276049.455,-0.543,0.090,-0.242,0.799,0,0,0,0,0,0,0,7,57,1.384,1,2108,0,394.129,8.512,88.563,383.000,28.375,-0.313,0.273,0.824,-2.500,-8.137,-5.145,3.424,3.580,1.239,1.356,0,NULL,NULL,,3,1,2,7,255,947,250,0,0
stim,48637,78758,1,78758,3276054.453,-0.546,0.079,-0.230,0.802,0,0,0,0,0,0,0,9,57,1.384,1,2108,0,398.994,7.721,102.250,384.875,24.750,-0.219,0.234,0.797,-2.512,-7.301,-4.965,3.468,3.624,1.239,1.356,0,NULL,NULL,,3,1,2,7,255,947,250,0,0
stim,48637,78758,1,78758,3276059.455,-0.549,0.068,-0.216,0.805,0,0,0,0,0,0,0,9,57,1.384,1,2108,0,404.529,6.631,121.000,385.250,24.188,-0.137,0.207,0.816,-2.512,-6.137,-4.508,3.508,3.666,1.239,1.356,0,NULL,NULL,,3,1,2,7,255,947,250,0,0
stim,48637,78758,1,78758,3276064.454,-0.551,0.057,-0.202,0.807,0,0,0,0,0,0,0,8,57,1.384,1,2108,0,406.914,5.892,137.750,381.688,30.313,-0.105,0.184,0.863,-2.652,-5.262,-3.770,3.548,3.706,1.239,1.356,0,NULL,NULL,,3,1,2,7,255,947,250,0,0
stim,48637,78758,1,78758,3276069.455,-0.553,0.048,-0.188,0.810,0,0,0,0,0,0,0,11,57,1.384,1,2108,0,408.393,5.823,156.250,375.188,40.063,-0.121,0.219,0.957,-2.652,-5.184,-3.020,3.584,3.744,1.239,1.356,0,NULL,NULL,,3,1,2,7,255,947,250,0,0
stim,48637,78758,1,78758,3276074.454,-0.554,0.039,-0.173,0.813,0,0,0,0,0,0,0,9,57,1.384,1,2108,0,408.467,6.023,170.625,368.438,44.563,-0.148,0.293,1.094,-3.066,-5.184,-2.133,3.622,3.782,1.239,1.356,0,NULL,NULL,,3,1,2,7,255,947,250,0,0
stim,48637,78758,1,78758,3276079.455,-0.556,0.030,-0.158,0.816,0,0,0,0,0,0,0,13,57,1.384,1,2108,0,407.397,6.972,180.563,362.313,45.813,-0.141,0.301,1.215,-3.855,-5.809,-0.992,3.656,3.818,1.239,1.356,0,NULL,NULL,,3,1,2,7,255,947,250,0,0
stim,48637,78758,1,78758,3276084.454,-0.556,0.021,-0.142,0.818,0,0,0,0,0,0,0,13,57,1.384,1,2108,0,408.057,7.111,192.813,356.250,49.188,-0.141,0.297,1.340,-4.102,-5.809,0.359,3.688,3.850,1.239,1.356,0,NULL,NULL,,3,1,2,7,255,947,250,0,0
stim,48637,78758,1,78758,3276089.455,-0.557,0.013,-0.126,0.821,0,0,0,0,0,0,0,12,57,1.384,1,2108,0,408.692,7.172,200.875,351.875,53.500,-0.176,0.344,1.484,-4.207,-5.809,1.738,3.718,3.880,1.239,1.356,0,NULL,NULL,,3,1,2,7,255,947,250,0,0
stim,48671,78792,1,78792,3276094.453,-0.557,0.006,-0.111,0.823,0,0,0,0,0,0,0,27,57,1.384,1,2108,0,405.219,7.730,200.750,348.125,52.063,-0.195,0.395,1.652,-4.664,-6.164,3.164,3.744,3.908,1.239,1.356,0,NULL,NULL,,3,1,2,7,255,947,250,0,0
stim,48671,78792,1,78792,3276099.455,-0.557,-0.002,-0.095,0.825,0,0,0,0,0,0,0,25,57,1.384,1,2108,0,401.786,7.921,204.250,342.625,48.188,-0.250,0.316,1.855,-4.664,-6.402,4.836,3.772,3.936,1.239,1.356,0,NULL,NULL,,3,1,2,7,255,947,250,0,0
stim,48671,78792,1,78792,3276104.454,-0.557,-0.010,-0.080,0.826,0,0,0,0,0,0,0,36,57,1.384,1,2108,0,392.268,8.128,191.188,339.063,48.563,-0.246,0.359,1.984,-5.008,-6.402,7.098,3.798,3.962,1.239,1.356,0,NULL,NULL,,3,1,2,7,255,947,250,0,0
stim,48671,78792,1,78792,3276109.455,-0.557,-0.018,-0.065,0.828,0,0,0,0,0,0,0,33,57,1.384,1,2108,0,381.766,7.616,180.125,333.875,42.750,-0.262,0.301,2.082,-4.500,-6.145,8.496,3.822,3.988,1.239,1.356,0,NULL,NULL,,3,1,2,7,255,947,250,0,0
stim,48671,78792,1,78792,3276114.453,-0.557,-0.026,-0.051,0.829,0,0,0,0,0,0,0,30,57,1.384,1,2108,0,372.537,7.459,166.250,330.688,42.313,-0.238,0.367,2.082,-5.008,-5.527,9.754,3.848,4.014,1.239,1.356,0,NULL,NULL,,3,1,2,7,255,947,250,0,0
stim,48671,78792,1,78792,3276119.455,-0.557,-0.033,-0.037,0.829,0,0,0,0,0,0,0,28,57,1.384,1,2108,0,369.239,6.669,169.125,326.438,34.250,-0.250,0.273,2.133,-4.500,-4.922,9.836,3.874,4.038,1.239,1.356,0,NULL,NULL,,3,1,2,7,255,947,250,0,0
stim,48693,78814,1,78814,3276124.454,-0.557,-0.041,-0.023,0.829,0,0,0,0,0,0,0,19,57,1.384,1,2108,0,367.339,5.896,168.375,325.375,26.813,-0.215,0.223,2.168,-4.254,-4.082,10.602,3.898,4.064,1.239,1.356,0,NULL,NULL,,3,1,2,7,255,947,250,0,0
stim,48693,78814,1,78814,3276129.455,-0.557,-0.049,-0.008,0.829,0,0,0,0,0,0,0,16,57,1.384,1,2108,0,369.297,4.870,174.563,324.938,18.000,-0.188,0.098,2.250,-3.922,-2.887,11.125,3.918,4.084,1.239,1.356,0,NULL,NULL,,3,1,2,7,255,947,250,0,0
stim,48693,78814,1,78814,3276134.454,-0.558,-0.056,0.006,0.828,0,0,0,0,0,0,0,34,57,1.384,1,2108,0,367.835,3.269,171.125,325.375,12.250,-0.137,0.004,2.188,-2.918,-1.473,11.590,3.934,4.100,1.239,1.356,0,NULL,NULL,,3,1,2,7,255,947,250,0,0
stim,48693,78814,1,78814,3276139.455,-0.558,-0.063,0.020,0.827,0,0,0,0,0,0,0,37,57,1.384,1,2108,0,371.683,2.106,177.938,326.250,6.875,-0.082,-0.078,2.055,-2.105,0.020,11.590,3.944,4.112,1.239,1.356,0,NULL,NULL,,3,1,2,7,255,947,250,0,0
stim,48738,78859,1,78859,3276144.453,-0.559,-0.070,0.035,0.826,0,0,0,0,0,0,0,39,57,1.384,1,2108,0,383.790,1.917,206.000,323.813,2.125,0.004,-0.195,1.953,-1.336,1.375,10.270,3.948,4.116,1.239,1.356,0,NULL,NULL,,3,1,2,7,255,947,250,0,0
stim,48738,78859,1,78859,3276149.455,-0.559,-0.075,0.052,0.824,0,0,0,0,0,0,0,43,57,1.384,1,2108,0,401.531,3.116,243.438,319.313,-2.125,0.141,-0.320,1.953,-0.340,3.098,9.152,3.944,4.114,1.239,1.356,0,NULL,NULL,,3,1,2,7,255,947,250,0,0
stim,48738,78859,1,78859,3276154.454,-0.560,-0.080,0.070,0.822,0,0,0,0,0,0,0,53,57,1.384,1,2108,0,423.507,5.423,282.500,315.438,-7.125,0.344,-0.367,2.055,0.367,5.410,9.152,3.930,4.102,1.239,1.356,0,NULL,NULL,,3,1,2,7,255,947,250,0,0
stim,48738,78859,1,78859,3276159.455,-0.561,-0.083,0.089,0.819,0,0,0,0,0,0,0,54,57,1.384,1,2108,0,447.546,8.207,320.438,312.250,-10.813,0.605,-0.336,2.211,0.367,8.199,9.188,3.906,4.078,1.239,1.356,0,NULL,NULL,,3,1,2,7,255,947,250,0,0
stim,48738,78859,1,78859,3276164.453,-0.561,-0.086,0.109,0.816,0,0,0,0,0,0,0,53,57,1.384,1,2108,0,470.590,11.444,353.688,310.313,-8.125,0.828,-0.355,2.391,-0.570,11.430,9.785,3.868,4.042,1.239,1.356,0,NULL,NULL,,3,1,2,7,255,947,250,0,0
stim,48738,78859,1,78859,3276169.455,-0.562,-0.087,0.130,0.813,0,0,0,0,0,0,0,61,57,1.384,1,2108,0,490.422,14.621,381.688,307.938,1.625,0.969,-0.383,2.621,-0.590,14.609,10.457,3.816,3.992,1.239,1.356,0,NULL,NULL,,3,1,2,7,255,947,250,0,0
stim,48738,78859,1,78859,3276174.454,-0.561,-0.088,0.151,0.809,0,0,0,0,0,0,0,61,57,1.384,1,2108,0,501.459,17.369,397.188,306.063,5.375,1.066,-0.422,2.840,-0.590,17.359,11.672,3.752,3.928,1.239,1.356,0,NULL,NULL,,3,1,2,7,255,947,250,0,0
stim,48738,78859,1,78859,3276179.455,-0.561,-0.089,0.173,0.805,0,0,0,0,0,0,0,69,57,1.384,1,2108,0,504.624,19.832,402.063,304.938,1.938,1.133,-0.438,3.051,0.012,19.832,12.660,3.674,3.852,1.239,1.356,0,NULL,NULL,,3,1,2,7,255,947,250,0,0
stim,48738,78859,1,78859,3276184.453,-0.561,-0.091,0.194,0.800,0,0,0,0,0,0,0,69,57,1.384,1,2108,0,500.868,22.059,395.375,307.375,-8.250,1.160,-0.422,3.262,0.605,22.051,13.582,3.584,3.762,1.239,1.356,0,NULL,NULL,,3,1,2,7,255,947,250,0,0
stim,48738,78859,1,78859,3276189.455,-0.561,-0.092,0.215,0.794,0,0,0,0,0,0,0,76,57,1.384,1,2108,0,490.422,23.932,380.375,308.625,-24.063,1.195,-0.309,3.543,0.828,23.918,14.531,3.484,3.662,1.239,1.356,0,NULL,NULL,,3,1,2,7,255,947,250,0,0
stim,48761,78882,1,78882,3276194.453,-0.561,-0.095,0.234,0.788,0,0,0,0,0,0,0,93,57,1.384,1,2108,0,468.329,25.970,349.938,307.063,-50.875,1.391,-0.051,3.852,0.828,25.957,16.199,3.370,3.550,1.239,1.356,0,NULL,NULL,,3,1,2,7,255,947,250,0,0
stim,48761,78882,1,78882,3276199.455,-0.563,-0.099,0.251,0.782,0,0,0,0,0,0,0,117,57,1.384,1,2108,0,427.110,29.210,288.188,303.938,-83.625,1.797,0.074,3.996,-1.250,29.184,16.453,3.242,3.420,1.239,1.356,0,NULL,NULL,,3,1,2,7,255,947,250,0,0
stim,48761,78882,1,78882,3276204.454,-0.564,-0.105,0.264,0.775,0,0,0,0,0,0,0,151,57,1.384,1,2108,0,370.024,33.958,200.813,294.938,-98.000,2.301,-0.063,3.867,-3.051,33.820,16.453,3.100,3.276,1.239,1.356,0,NULL,NULL,,3,1,2,7,255,947,250,0,0
stim,48761,78882,1,78882,3276209.455,-0.564,-0.113,0.275,0.770,0,0,0,0,0,0,0,204,57,1.384,1,2108,0,313.686,38.475,111.625,280.063,-86.625,2.770,-0.254,3.434,-3.219,38.340,11.695,2.942,3.116,1.239,1.356,0,NULL,NULL,,3,1,2,7,255,947,250,0,0
stim,48787,78908,1,78908,3276214.453,-0.564,-0.121,0.282,0.766,0,0,0,0,0,0,0,253,57,1.384,1,2108,0,273.871,40.873,47.875,259.813,-72.188,3.203,-0.305,2.828,-3.363,40.734,4.379,2.774,2.944,1.239,1.356,0,NULL,NULL,,3,1,2,7,255,947,250,0,0
stim,48787,78908,1,78908,3276219.455,-0.564,-0.130,0.288,0.763,0,0,0,0,0,0,0,317,57,1.384,1,2108,0,243.539,41.526,17.688,234.313,-64.000,3.691,-0.348,2.242,-4.941,41.230,-3.758,2.602,2.766,1.239,1.356,0,NULL,NULL,,3,1,2,7,255,947,250,0,0
stim,48787,78908,1,78908,3276224.454,-0.563,-0.137,0.293,0.760,0,0,0,0,0,0,0,363,57,1.384,1,2108,0,215.070,42.401,5.625,208.250,-53.438,4.266,-0.438,1.703,-6.734,41.863,-11.871,2.426,2.586,1.239,1.356,0,NULL,NULL,,3,1,2,7,255,947,250,0,0
stim,48787,78908,1,78908,3276229.455,-0.562,-0.143,0.298,0.758,0,0,0,0,0,0,0,383,57,1.384,1,2108,0,186.394,43.807,11.375,183.063,-33.188,4.727,-0.770,1.094,-7.223,43.207,-20.137,2.252,2.406,1.239,1.356,0,NULL,NULL,,3,1,2,7,255,947,250,0,0
stim,48787,78908,1,78908,3276234.453,-0.560,-0.147,0.303,0.757,0,0,0,0,0,0,0,392,57,1.384,1,2108,0,164.537,44.157,59.250,152.813,14.500,5.059,-1.457,0.582,-7.223,43.563,-28.969,2.076,2.222,1.239,1.356,0,NULL,NULL,,3,1,2,7,255,947,250,0,0
stim,48787,78908,1,78908,3276239.455,-0.558,-0.147,0.309,0.756,0,0,0,0,3,0,0,373,57,1.384,1,2108,0,145.805,44.114,93.125,93.750,61.625,4.887,-2.586,0.824,-2.500,44.043,-37.105,1.894,2.032,1.239,1.356,0,NULL,NULL,,3,1,2,7,255,947,250,0,0
stim,48837,78958,1,78958,3276244.454,-0.553,-0.143,0.317,0.757,0,0,0,0,23,0,0,363,57,1.384,1,2108,0,226.264,44.832,173.250,61.688,131.813,4.523,-2.691,0.750,8.375,44.043,-37.258,1.706,1.840,1.239,1.356,0,NULL,NULL,,3,1,2,7,255,947,250,0,0
stim,48837,78958,1,78958,3276249.455,-0.550,-0.135,0.328,0.756,0,0,0,0,37,0,0,319,57,1.384,1,2108,0,324.087,44.256,285.500,18.500,152.250,3.746,-2.398,1.461,9.891,43.137,-37.258,1.516,1.644,1.239,1.356,0,NULL,NULL,,3,1,2,7,255,947,250,0,0
stim,48837,78958,1,78958,3276254.453,-0.548,-0.124,0.340,0.754,0,0,0,0,35,0,0,311,57,1.384,1,2108,0,372.114,43.316,346.875,-17.063,133.625,3.152,-1.613,2.586,9.891,42.172,-27.352,1.320,1.444,1.239,1.356,0,NULL,NULL,,3,1,2,7,255,947,250,0,0
stim,48837,78958,1,78958,3276259.455,-0.546,-0.114,0.347,0.754,0,0,0,0,5,0,0,301,57,1.384,1,2108,0,282.946,42.736,246.000,-72.438,119.563,2.668,-0.715,4.316,6.922,42.172,-13.758,1.122,1.238,1.239,1.356,0,NULL,NULL,,3,1,2,7,255,947,250,0,0
stim,48837,78958,1,78958,3276264.454,-0.544,-0.108,0.347,0.756,0,0,0,0,0,0,0,377,57,1.384,1,2108,0,158.133,43.628,57.625,-104.938,103.313,2.168,-0.527,4.262,4.199,43.426,4.625,0.924,1.026,1.239,1.356,0,NULL,NULL,,3,1,2,7,255,947,250,0,0
stim,48837,78958,1,78958,3276269.455,-0.541,-0.096,0.348,0.759,407,0,0,803,0,29,0,519,57,1.384,1,2108,0,294.781,43.628,127.750,-194.750,180.688,0.754,-1.055,5.031,4.199,43.426,7.945,0.732,0.810,1.239,1.356,0,NULL,NULL,,3,1,2,7,255,947,250,0,0
stim,48837,78958,1,78958,3276274.454,-0.528,-0.071,0.352,0.769,1157,0,0,1493,0,253,0,541,57,1.384,1,2108,0,688.698,44.038,283.438,-304.813,548.688,0.063,1.281,8.059,7.316,43.426,19.285,0.562,0.598,1.239,1.356,0,NULL,NULL,,3,1,2,7,255,947,250,0,0
stim,48837,78958,1,78958,3276279.455,-0.511,-0.078,0.323,0.793,1801,0,0,1901,0,525,0,595,57,1.384,1,2108,0,964.266,39.120,-826.438,-150.750,473.375,-1.215,3.012,4.266,7.316,38.430,40.750,0.446,0.410,1.239,1.356,0,NULL,NULL,,3,1,2,7,255,947,250,0,0
stim,48837,78958,1,78958,3276284.453,-0.500,-0.091,0.282,0.814,2171,0,0,2080,0,761,0,651,57,1.384,1,2108,0,1121.961,14.398,-1070.250,-199.375,271.313,-1.926,4.703,-0.621,-12.680,6.820,40.750,0.412,0.282,1.239,1.356,0,NULL,NULL,,3,1,2,7,255,947,250,0,0
stim,48837,78958,0,78958,3276289.455,-0.494,-0.099,0.257,0.824,2408,0,0,2228,0,951,0,711,57,1.384,1,2109,0,654.475,38.114,-629.938,-125.875,125.188,-2.742,3.336,-2.355,-16.762,-34.230,9.000,0.444,0.252,1.239,1.356,1,1005.000,60.000,,3,0,2,7,255,945,250,0,0
stim,48858,78979,0,78979,3276294.454,-0.497,-0.100,0.244,0.827,2555,0,0,2335,0,1163,0,811,57,1.384,1,2109,0,312.920,38.114,-261.000,-158.313,-68.813,-1.531,0.813,-0.703,-16.762,-34.230,-7.473,0.490,0.294,1.239,1.356,1,NULL,NULL,,3,0,2,7,255,945,250,0,0
stim,48858,78979,0,78979,3276299.455,-0.501,-0.098,0.238,0.826,2681,0,0,2453,0,1353,0,953,57,1.384,1,2109,0,179.783,19.345,-93.313,-129.688,-82.438,0.402,0.582,1.293,-6.371,-18.266,-7.473,0.536,0.356,1.239,1.356,1,NULL,NULL,,3,0,2,7,255,945,250,0,0
stim,48858,78979,0,78979,3276304.453,-0.498,-0.094,0.231,0.830,2827,0,0,2649,0,1467,0,1020,57,1.384,1,2109,0,207.236,6.921,-103.500,-144.125,107.063,0.863,2.488,1.355,-6.371,2.703,1.258,0.584,0.414,1.239,1.356,2,NULL,NULL,,3,0,2,7,255,945,250,0,0
stim,48858,78979,0,78979,3276309.455,-0.489,-0.089,0.223,0.839,2925,0,0,2788,0,1547,0,1125,57,1.384,1,2109,0,363.157,6.921,-173.188,-171.250,269.375,-1.102,1.309,1.473,-6.371,2.703,5.066,0.636,0.466,1.239,1.356,2,NULL,NULL,,3,0,2,7,255,945,250,0,0
stim,48882,79003,0,79003,3276314.454,-0.481,-0.087,0.205,0.848,2988,0,0,2892,0,1619,0,1270,57,1.384,1,2109,0,490.195,9.157,-382.563,-211.313,222.000,-2.754,-0.871,0.953,-5.070,-7.625,6.016,0.672,0.508,1.239,1.356,2,NULL,NULL,,3,0,2,7,255,945,250,0,0
stim,48882,79003,0,79003,3276319.455,-0.484,-0.088,0.187,0.850,3043,0,0,2979,0,1688,0,1405,57,1.384,1,2109,0,427.617,25.247,-367.125,-198.000,-94.188,-2.660,-1.305,-0.656,21.512,-13.215,6.016,0.680,0.532,1.239,1.356,2,NULL,NULL,,3,0,2,7,255,945,250,0,0
stim,48882,79003,0,79003,3276324.454,-0.495,-0.085,0.176,0.846,3077,0,0,3036,0,1747,0,1512,57,1.384,1,2109,0,365.310,25.247,-136.063,-212.625,-264.063,-0.520,-0.805,-0.754,21.512,-13.215,-9.668,0.664,0.540,1.239,1.356,2,NULL,NULL,,3,0,2,7,255,945,250,0,0
stim,48882,79003,0,79003,3276329.455,-0.507,-0.078,0.174,0.841,3101,0,0,3093,0,1833,0,1594,57,1.384,1,2109,0,343.496,9.836,85.375,-194.250,-270.125,0.863,-1.207,0.832,9.270,-3.289,-9.668,0.636,0.534,1.239,1.356,2,NULL,NULL,,3,0,2,7,255,945,250,0,0
stim,48904,79025,0,79025,3276334.453,-0.514,-0.071,0.173,0.837,3113,0,0,3133,0,1904,0,1643,57,1.384,1,2109,0,233.738,16.874,79.813,-159.688,-150.875,1.785,-1.750,2.180,7.668,15.031,-7.016,0.598,0.508,1.239,1.356,2,NULL,NULL,,3,0,2,7,255,945,250,0,0
stim,48904,79025,0,79025,3276339.455,-0.513,-0.067,0.167,0.839,3141,0,0,3163,0,1995,0,1663,57,1.384,1,2109,0,171.519,30.299,-67.188,-155.375,27.625,1.840,-2.004,2.453,7.668,29.313,1.781,0.550,0.450,1.239,1.356,2,NULL,NULL,,3,0,2,7,255,945,250,0,0
stim,48937,79058,0,79058,3276344.454,-0.506,-0.065,0.157,0.845,3154,0,0,3183,0,2079,0,1670,57,1.384,1,2109,0,322.439,30.868,-210.250,-146.438,195.750,0.758,-1.730,1.574,9.676,29.313,1.781,0.496,0.372,1.239,1.356,2,NULL,NULL,,3,0,2,7,255,945,250,0,0
stim,48937,79058,0,79058,3276349.455,-0.498,-0.063,0.147,0.853,3161,0,0,3208,0,2151,0,1683,57,1.384,1,2109,0,352.500,21.944,-212.563,-143.000,242.125,-0.496,-1.090,0.363,11.566,18.648,-0.070,0.448,0.290,1.239,1.356,2,NULL,NULL,,3,0,2,7,255,945,250,0,0
stim,48937,79058,0,79058,3276354.453,-0.491,-0.059,0.140,0.858,3155,0,0,3209,0,2217,0,1701,57,1.384,1,2109,0,268.119,11.741,-105.063,-153.625,193.000,-0.879,-0.539,0.234,11.566,2.016,-6.355,0.406,0.228,1.239,1.356,2,NULL,NULL,,3,0,2,7,255,945,250,0,0
stim,48937,79058,0,79058,3276359.455,-0.488,-0.052,0.136,0.860,3151,0,0,3207,75,2286,20,1799,57,1.384,1,2109,0,186.898,9.722,-25.125,-162.313,89.188,-1.004,0.168,0.977,8.875,-3.969,-6.355,0.372,0.190,1.239,1.356,2,NULL,NULL,,3,0,2,7,255,945,250,0,0
stim,48937,79058,0,79058,3276364.454,-0.489,-0.047,0.132,0.861,3157,0,0,3206,348,2358,143,1935,57,1.384,1,2109,0,158.890,5.457,-30.125,-155.813,-7.813,-0.320,0.430,1.316,3.746,-3.969,1.852,0.346,0.172,1.239,1.356,2,NULL,NULL,,3,0,2,7,255,945,250,0,0
stim,48937,79058,0,79058,3276369.455,-0.490,-0.043,0.128,0.861,3161,0,0,3209,595,2390,222,2089,57,1.384,1,2109,0,133.642,2.288,-26.875,-129.625,-18.313,0.348,0.070,1.898,-1.805,-1.406,3.961,0.330,0.162,1.239,1.356,2,NULL,NULL,,3,0,2,7,255,945,250,0,0
stim,48937,79058,0,79058,3276374.454,-0.492,-0.042,0.124,0.861,3159,0,0,3211,903,2435,198,2173,57,1.384,1,2109,0,95.480,7.282,-59.438,-67.875,-31.250,0.641,-0.164,1.902,-1.805,7.055,6.852,0.322,0.154,1.239,1.356,2,NULL,NULL,,3,0,2,7,255,945,250,0,0
stim,48937,79058,0,79058,3276379.455,-0.492,-0.041,0.120,0.861,3161,0,0,3212,1035,2442,238,2232,57,1.384,1,2109,0,90.111,7.330,-63.000,-63.938,-7.938,0.789,0.773,1.016,-1.988,7.055,6.852,0.324,0.138,1.239,1.356,2,NULL,NULL,,3,0,2,7,255,945,250,0,0
stim,48937,79058,0,79058,3276384.453,-0.492,-0.039,0.119,0.861,3171,0,0,3197,1167,2457,243,2274,57,1.384,1,2109,0,43.404,8.422,-3.000,-43.188,3.125,0.453,0.559,1.371,-6.777,5.000,3.180,0.332,0.118,1.239,1.356,2,NULL,NULL,,3,0,2,7,255,945,250,0,0
stim,48937,79058,0,79058,3276389.455,-0.492,-0.040,0.116,0.862,3147,0,0,3209,1257,2469,267,2313,57,1.384,1,2109,0,76.186,7.890,-70.813,-26.313,9.875,-0.168,-0.375,1.605,-6.777,4.039,3.180,0.346,0.096,1.239,1.356,2,NULL,NULL,,3,0,2,7,255,945,250,0,0
stim,48970,79091,0,79091,3276394.454,-0.492,-0.042,0.111,0.862,3155,0,0,3194,1336,2475,278,2345,57,1.384,1,2109,0,118.002,4.388,-114.438,-23.500,-16.625,-0.320,-0.039,0.859,1.930,3.941,3.180,0.358,0.078,1.239,1.356,2,NULL,NULL,,3,0,2,7,255,945,250,0,0
stim,48970,79091,0,79091,3276399.455,-0.495,-0.042,0.109,0.861,3151,0,0,3197,1397,2481,277,2372,57,1.384,1,2109,0,80.849,2.051,-53.250,-16.250,-58.625,-0.133,0.223,0.664,1.930,-0.695,-1.074,0.364,0.064,1.239,1.356,2,NULL,NULL,,3,0,2,7,255,945,250,0,0
stim,48970,79091,0,79091,3276404.453,-0.497,-0.042,0.108,0.860,3147,17,0,3195,1463,2473,288,2387,57,1.384,1,2109,0,63.512,1.451,-13.813,-16.063,-59.875,0.121,0.105,1.078,-1.273,-0.695,-1.074,0.368,0.054,1.239,1.356,2,NULL,NULL,,3,0,2,7,255,945,250,0,0
stim,48970,79091,0,79091,3276409.455,-0.498,-0.043,0.106,0.860,3145,26,0,3195,1512,2483,299,2409,57,1.384,1,2109,0,47.875,2.963,-36.938,-9.688,-28.875,0.141,0.023,1.270,-1.273,2.676,0.430,0.370,0.046,1.239,1.356,2,NULL,NULL,,3,0,2,7,255,945,250,0,0
stim,48970,79091,0,79091,3276414.454,-0.498,-0.044,0.104,0.860,3140,30,0,3187,1563,2485,304,2411,57,1.384,1,2109,0,63.886,2.834,-62.125,-5.875,-13.688,-0.129,0.176,1.055,-0.934,2.676,0.707,0.374,0.040,1.239,1.356,2,NULL,NULL,,3,0,2,7,255,945,250,0,0
stim,48970,79091,0,79091,3276419.455,-0.500,-0.045,0.101,0.859,3136,41,0,3195,1596,2489,315,2427,57,1.384,1,2109,0,71.141,0.937,-59.688,-1.313,-38.688,-0.238,0.211,0.980,-0.922,0.168,0.707,0.380,0.034,1.239,1.356,2,NULL,NULL,,3,0,2,7,255,945,250,0,0
stim,48995,79116,0,79116,3276424.454,-0.502,-0.046,0.100,0.858,3135,44,0,3183,1625,2488,317,2443,57,1.384,1,2109,0,75.449,0.776,-46.313,0.250,-59.563,-0.117,0.117,0.965,-0.758,0.168,0.215,0.388,0.028,1.239,1.356,2,NULL,NULL,,3,0,2,7,255,945,250,0,0
stim,48995,79116,0,79116,3276429.455,-0.504,-0.047,0.098,0.857,3143,58,0,3182,1647,2494,329,2441,57,1.384,1,2109,0,68.407,0.674,-40.250,-0.188,-55.313,-0.027,0.055,0.992,-0.582,0.340,-0.188,0.392,0.024,1.239,1.356,2,NULL,NULL,,3,0,2,7,255,945,250,0,0
stim,48995,79116,0,79116,3276434.453,-0.505,-0.048,0.096,0.856,3145,87,0,3181,1689,2507,339,2457,57,1.384,1,2109,0,60.257,1.515,-38.938,2.125,-45.938,0.016,0.047,0.984,-0.582,1.398,-0.242,0.400,0.020,1.239,1.356,2,NULL,NULL,,3,0,2,7,255,945,250,0,0
stim,48995,79116,0,79116,3276439.455,-0.506,-0.049,0.094,0.856,3143,106,0,3183,1701,2495,342,2453,57,1.384,1,2109,0,49.792,1.865,-39.250,0.875,-30.625,0.016,-0.012,0.973,-0.527,1.789,-0.332,0.406,0.014,1.239,1.356,2,NULL,NULL,,3,0,2,7,255,945,250,0,0
stim,49039,79160,0,79160,3276444.454,-0.507,-0.050,0.093,0.855,3131,95,0,3181,1721,2495,336,2449,57,1.384,1,2109,0,43.426,1.803,-34.375,3.438,-26.313,-0.047,-0.059,0.914,-0.227,1.789,-0.520,0.412,0.008,1.239,1.356,2,NULL,NULL,,3,0,2,7,255,945,250,0,0
stim,49039,79160,0,79160,3276449.455,-0.508,-0.050,0.092,0.855,3131,105,0,3183,1737,2507,317,2453,57,1.384,1,2109,0,29.619,1.581,-20.688,1.750,-21.125,-0.074,-0.023,0.918,0.266,1.559,-0.895,0.000,0.000,1.239,1.356,2,NULL,NULL,,3,0,2,7,255,945,250,0,0
stim,49039,79160,0,79160,3276454.453,-0.509,-0.051,0.091,0.854,3131,105,0,3195,1741,2494,317,2445,57,1.384,1,2109,0,22.989,1.205,-10.125,2.875,-20.438,-0.086,0.043,1.008,0.266,1.176,-0.895,0.000,0.000,1.239,1.356,2,NULL,NULL,,3,0,2,7,255,945,250,0,0
stim,49039,79160,0,79160,3276459.455,-0.509,-0.051,0.091,0.854,3134,109,0,3183,1754,2495,320,2447,57,1.384,1,2109,0,18.831,0.981,-7.750,3.125,-16.875,-0.086,0.148,1.055,-0.277,0.941,0.047,0.000,0.000,1.239,1.356,2,NULL,NULL,,3,0,2,7,255,945,250,0,0
stim,49039,79160,0,79160,3276464.454,-0.510,-0.051,0.091,0.854,3127,103,23,3167,1751,2495,319,2443,57,1.384,1,2109,0,17.888,1.251,-11.125,3.250,-13.625,-0.105,0.148,1.094,-1.129,0.539,0.566,0.000,0.000,1.239,1.356,2,NULL,NULL,,3,0,2,7,255,945,250,0,0
stim,49039,79160,0,79160,3276469.455,-0.510,-0.052,0.090,0.854,3121,103,31,3175,1757,2495,315,2444,57,1.360,1,2109,1,20.140,1.216,-17.688,2.688,-9.250,-0.137,0.129,1.055,-1.129,0.453,0.641,0.000,0.000,1.226,1.360,2,NULL,NULL,,3,0,2,7,255,945,250,0,0
stim,49039,79160,0,79160,3276474.454,-0.510,-0.052,0.089,0.854,3111,104,35,3167,1765,2492,323,2453,57,1.360,1,2109,1,20.047,0.837,-18.688,1.000,-7.188,-0.164,0.070,0.980,-0.813,0.199,0.641,0.006,0.004,1.226,1.360,2,NULL,NULL,,3,0,2,7,255,945,250,0,0
stim,49039,79160,0,79160,3276479.455,-0.511,-0.052,0.089,0.854,3104,106,42,3171,1771,2493,318,2454,57,1.360,1,2109,1,14.477,0.187,-13.875,-1.250,-3.938,-0.188,0.016,0.957,-0.172,0.074,-0.047,0.012,0.008,1.226,1.360,2,NULL,NULL,,3,0,2,7,255,945,250,0,0
stim,49039,79160,0,79160,3276484.453,-0.511,-0.052,0.088,0.854,3107,105,75,3155,1783,2485,313,2457,57,1.360,1,2109,1,10.452,0.317,-9.000,-4.000,-3.500,-0.184,0.023,0.969,0.309,0.074,-0.152,0.018,0.012,1.226,1.360,2,NULL,NULL,,3,0,2,7,255,945,250,0,0
stim,49039,79160,0,79160,3276489.455,-0.511,-0.052,0.088,0.854,3100,109,79,3151,1799,2443,309,2457,57,1.360,1,2109,1,9.622,0.317,-7.563,-5.875,-0.938,-0.176,0.023,0.980,0.309,0.074,-0.152,0.022,0.016,1.226,1.360,2,NULL,NULL,,3,0,2,7,255,945,250,0,0
stim,49060,79181,0,79181,3276494.454,-0.511,-0.052,0.087,0.854,3081,103,94,3145,1811,2483,311,2459,57,1.360,1,2109,1,10.860,0.314,-7.188,-7.938,1.813,-0.168,0.031,0.977,0.258,0.180,-0.102,0.028,0.020,1.226,1.360,2,NULL,NULL,,3,0,2,7,255,945,250,0,0
stim,49060,79181,0,79181,3276499.455,-0.511,-0.052,0.087,0.854,3080,101,107,3141,1821,2463,314,2473,57,1.360,1,2109,1,10.718,0.262,-5.688,-8.875,1.938,-0.164,0.027,0.973,0.184,0.188,-0.102,0.030,0.022,1.226,1.360,2,NULL,NULL,,3,0,2,7,255,945,250,0,0
stim,49060,79181,0,79181,3276504.453,-0.511,-0.052,0.086,0.854,3065,84,119,3115,1833,2467,318,2483,57,1.360,1,2109,1,10.912,0.283,-4.313,-9.938,1.313,-0.152,0.012,0.969,0.184,0.215,-0.141,0.032,0.022,1.226,1.360,2,NULL,NULL,,3,0,2,7,255,945,250,0,0
stim,49060,79181,0,79181,3276509.455,-0.511,-0.051,0.086,0.854,3047,82,135,3108,1845,2468,328,2487,57,1.360,1,2109,1,11.283,0.366,-0.875,-10.875,2.875,-0.141,0.043,0.969,0.184,0.316,-0.207,0.034,0.022,1.226,1.360,2,NULL,NULL,,3,0,2,7,255,945,250,0,0
stim,49086,79207,0,79207,3276514.454,-0.510,-0.051,0.086,0.854,3029,79,139,3095,1855,2461,331,2488,57,1.360,1,2109,1,11.990,0.317,0.563,-11.375,3.750,-0.152,0.043,0.988,-0.016,0.316,-0.207,0.036,0.022,1.226,1.360,2,NULL,NULL,,3,0,2,7,255,945,250,0,0
stim,49086,79207,0,79207,3276519.455,-0.510,-0.050,0.086,0.854,3032,83,160,3080,1875,2461,335,2503,57,1.360,1,2109,1,12.783,0.248,1.125,-12.375,3.000,-0.164,0.086,0.988,-0.055,0.242,0.000,0.036,0.022,1.226,1.360,2,NULL,NULL,,3,0,2,7,255,945,250,0,0
stim,49086,79207,0,79207,3276524.454,-0.510,-0.050,0.085,0.854,3015,77,177,3065,1897,2455,335,2509,57,1.360,1,2109,1,12.972,0.340,1.125,-12.813,1.688,-0.188,0.105,0.992,-0.336,-0.055,0.047,0.038,0.022,1.226,1.360,2,NULL,NULL,,3,0,2,7,255,945,250,0,0
stim,49086,79207,0,79207,3276529.455,-0.510,-0.049,0.085,0.854,2991,84,203,3049,1929,2457,345,2521,57,1.360,1,2109,1,13.997,0.492,-0.813,-13.688,-2.813,-0.215,0.113,1.000,-0.336,-0.359,0.148,0.038,0.022,1.226,1.360,2,NULL,NULL,,3,0,2,7,255,945,250,0,0
stim,49086,79207,0,79207,3276534.453,-0.511,-0.049,0.085,0.854,2985,82,239,3032,1951,2453,354,2543,57,1.360,1,2109,1,17.768,0.737,-1.750,-14.625,-9.938,-0.215,0.156,0.996,-0.391,-0.625,0.250,0.040,0.022,1.226,1.360,2,NULL,NULL,,3,0,2,7,255,945,250,0,0
stim,49086,79207,0,79207,3276539.455,-0.511,-0.048,0.085,0.854,2956,85,284,3005,1991,2457,365,2551,57,1.360,1,2109,1,21.638,0.918,-1.750,-15.188,-15.313,-0.180,0.160,1.012,-0.672,-0.625,0.258,0.040,0.020,1.226,1.360,2,NULL,NULL,,3,0,2,7,255,945,250,0,0
stim,49136,79257,0,79257,3276544.454,-0.512,-0.048,0.084,0.853,2923,104,357,2985,2017,2461,401,2571,57,1.360,1,2109,1,23.464,1.016,-3.375,-15.750,-17.063,-0.137,0.148,1.020,-0.875,-0.516,0.324,0.040,0.018,1.226,1.360,2,NULL,NULL,,3,0,2,7,255,945,250,0,0
stim,49136,79257,0,79257,3276549.455,-0.513,-0.047,0.084,0.853,2903,137,443,2973,2057,2457,429,2595,57,1.360,1,2109,1,22.851,0.976,-4.000,-16.188,-15.625,-0.121,0.160,1.008,-0.969,-0.121,0.324,0.038,0.016,1.226,1.360,2,NULL,NULL,,3,0,2,7,255,945,250,0,0
stim,49136,79257,0,79257,3276554.453,-0.513,-0.047,0.083,0.853,2876,140,492,2950,2090,2461,485,2597,57,1.360,1,2109,1,21.966,1.093,-3.750,-16.125,-14.438,-0.137,0.164,1.012,-1.086,-0.121,0.285,0.036,0.012,1.226,1.360,2,NULL,NULL,,3,0,2,7,255,945,250,0,0
stim,49136,79257,0,79257,3276559.455,-0.514,-0.046,0.083,0.853,2865,157,655,2939,2155,2476,523,2619,57,1.360,1,2109,1,23.088,1.128,-5.000,-15.813,-16.063,-0.148,0.172,1.008,-1.105,-0.227,0.262,0.034,0.008,1.226,1.360,2,NULL,NULL,,3,0,2,7,255,945,250,0,0
stim,49136,79257,0,79257,3276564.454,-0.515,-0.046,0.082,0.852,2824,171,711,2905,2211,2477,573,2621,57,1.360,1,2109,1,25.497,1.162,-6.313,-15.938,-18.875,-0.133,0.184,0.980,-1.105,-0.359,0.262,0.034,0.006,1.226,1.360,2,NULL,NULL,,3,0,2,7,255,945,250,0,0
stim,49136,79257,0,79257,3276569.455,-0.515,-0.045,0.082,0.852,2805,179,823,2891,2265,2488,637,2639,57,1.360,1,2109,1,25.012,1.162,-4.938,-16.375,-18.250,-0.129,0.145,0.973,-1.105,-0.359,-0.020,0.034,0.004,1.226,1.360,2,NULL,NULL,,3,0,2,7,255,945,250,0,0
stim,49136,79257,0,79257,3276574.454,-0.516,-0.045,0.081,0.852,2773,205,951,2862,2315,2488,757,2659,57,1.360,1,2109,1,25.272,0.997,-4.500,-16.688,-18.438,-0.160,0.109,1.000,-0.961,-0.266,-0.020,0.034,0.004,1.226,1.360,2,NULL,NULL,,3,0,2,7,255,945,250,0,0
stim,49136,79257,0,79257,3276579.455,-0.517,-0.044,0.080,0.851,2744,229,1104,2842,2361,2432,875,2670,57,1.360,1,2109,1,30.067,0.672,-5.125,-16.750,-24.438,-0.172,0.129,1.000,-0.617,-0.266,0.172,0.036,0.010,1.226,1.360,2,NULL,NULL,,3,0,2,7,255,945,250,0,0
stim,49136,79257,0,79257,3276584.454,-0.518,-0.044,0.080,0.850,2695,251,1215,2829,2415,2504,996,2694,57,1.360,1,2109,1,35.803,0.735,-5.000,-16.625,-31.313,-0.164,0.133,1.008,-0.617,-0.398,0.180,0.040,0.014,1.226,1.360,2,NULL,NULL,,3,0,2,7,255,945,250,0,0
stim,49136,79257,0,79257,3276589.455,-0.519,-0.043,0.079,0.850,2639,267,1330,2821,2463,2505,1125,2712,57,1.360,1,2109,1,41.525,0.735,-8.375,-16.750,-37.063,-0.176,0.105,1.027,-0.617,-0.398,0.238,0.044,0.022,1.226,1.360,2,NULL,NULL,,3,0,2,7,255,945,250,0,0
stim,49159,79280,0,79280,3276594.454,-0.521,-0.043,0.078,0.849,2584,263,1500,2781,2511,2509,1241,2727,57,1.360,1,2109,1,49.424,0.550,-14.875,-17.375,-43.813,-0.191,0.074,1.023,-0.406,-0.371,0.395,0.048,0.028,1.226,1.360,2,NULL,NULL,,3,0,2,7,255,945,250,0,0
stim,49159,79280,0,79280,3276599.455,-0.523,-0.043,0.077,0.848,2535,275,1663,2749,2553,2511,1379,2743,57,1.360,1,2109,1,57.036,0.381,-20.875,-18.500,-49.750,-0.191,0.063,1.020,-0.086,-0.371,0.395,0.052,0.032,1.226,1.360,2,NULL,NULL,,3,0,2,7,255,945,250,0,0
stim,49159,79280,0,79280,3276604.453,-0.525,-0.043,0.075,0.847,2459,297,1788,2728,2603,2521,1486,2763,57,1.360,1,2109,1,65.657,0.371,-26.938,-20.000,-56.438,-0.180,0.023,1.000,-0.016,-0.371,0.387,0.054,0.038,1.226,1.360,2,NULL,NULL,,3,0,2,7,255,945,250,0,0
stim,49159,79280,0,79280,3276609.455,-0.527,-0.043,0.073,0.845,2395,317,1913,2681,2638,2523,1591,2776,57,1.360,1,2109,1,69.242,0.309,-30.813,-20.563,-58.500,-0.141,-0.059,0.996,0.273,-0.145,0.145,0.058,0.042,1.226,1.360,2,NULL,NULL,,3,0,2,7,255,945,250,0,0
stim,49185,79306,0,79306,3276614.454,-0.529,-0.043,0.071,0.844,2311,319,2055,2639,2671,2533,1709,2788,57,1.360,1,2109,1,73.077,0.935,-38.500,-22.063,-58.063,-0.148,-0.133,1.023,0.797,0.488,0.145,0.060,0.046,1.226,1.360,2,NULL,NULL,,3,0,2,7,255,945,250,0,0
stim,49185,79306,0,79306,3276619.455,-0.532,-0.044,0.068,0.843,2207,332,2175,2595,2717,2537,1815,2812,57,1.360,1,2109,0,85.362,1.548,-53.875,-24.375,-61.563,-0.188,-0.160,1.082,1.438,0.574,0.242,0.062,0.050,1.226,1.360,2,NULL,NULL,,3,0,2,7,255,945,250,0,0
stim,49185,79306,0,79306,3276624.454,-0.534,-0.045,0.065,0.842,2116,332,2284,2524,2739,2537,1914,2841,57,1.360,1,2109,0,101.344,1.548,-69.188,-25.563,-69.500,-0.184,-0.102,1.000,1.438,0.574,0.242,0.064,0.050,1.226,1.360,2,NULL,NULL,,3,0,2,7,255,945,250,0,0
stim,49185,79306,0,79306,3276629.455,-0.536,-0.046,0.061,0.840,2000,329,2376,2471,2761,2545,2013,2857,57,1.360,1,2109,0,96.758,1.365,-63.438,-27.500,-67.688,-0.074,-0.035,0.852,1.238,0.574,0.098,0.064,0.050,1.226,1.360,2,NULL,NULL,,3,0,2,7,255,945,250,0,0
stim,49204,79325,0,79325,3276634.454,-0.538,-0.046,0.059,0.839,1882,325,2461,2365,2793,2552,2117,2861,57,1.360,1,2109,0,77.241,0.748,-44.500,-30.438,-55.313,-0.063,-0.070,0.871,0.434,0.609,-1.305,0.062,0.048,1.226,1.360,2,NULL,NULL,,3,0,2,7,255,945,250,0,0
stim,49204,79325,0,79325,3276639.455,-0.540,-0.045,0.057,0.839,1707,315,2537,2253,2829,2549,2216,2884,57,1.360,1,2109,0,60.744,0.748,-28.500,-32.813,-42.438,-0.102,-0.059,0.980,0.434,0.609,-1.305,0.060,0.046,1.226,1.360,2,NULL,NULL,,3,0,2,7,255,945,250,0,0
stim,49236,79357,0,79357,3276644.453,-0.542,-0.045,0.055,0.838,1511,281,2579,2156,2855,2549,2287,2893,57,1.360,1,2109,0,64.965,0.704,-32.563,-34.750,-44.188,-0.160,-0.059,1.086,0.434,0.555,-0.156,0.058,0.042,1.226,1.360,2,NULL,NULL,,3,0,2,7,255,945,250,0,0
stim,49236,79357,0,79357,3276649.455,-0.543,-0.044,0.052,0.837,1273,275,2623,2017,2868,2549,2373,2901,57,1.360,1,2109,0,74.525,0.447,-41.563,-36.250,-50.125,-0.180,-0.027,1.098,0.434,0.109,0.941,0.054,0.038,1.226,1.360,2,NULL,NULL,,3,0,2,7,255,945,250,0,0
stim,49236,79357,0,79357,3276654.454,-0.545,-0.044,0.049,0.836,1065,247,2669,1798,2895,2545,2441,2913,57,1.360,1,2109,0,76.802,0.387,-42.813,-37.250,-51.750,-0.102,0.027,1.043,0.371,0.109,0.941,0.052,0.036,1.226,1.360,2,NULL,NULL,,3,0,2,7,255,945,250,0,0
stim,49236,79357,0,79357,3276659.455,-0.547,-0.044,0.047,0.835,843,202,2715,1557,2915,2543,2493,2934,57,1.360,1,2109,0,73.591,0.456,-38.438,-38.250,-49.750,-0.070,0.023,1.027,-0.434,0.141,0.473,0.050,0.034,1.226,1.360,2,NULL,NULL,,3,0,2,7,255,945,250,0,0
stim,49236,79357,0,79357,3276664.454,-0.549,-0.043,0.045,0.834,572,149,2763,1306,2929,2538,2553,2935,57,1.360,1,2109,0,66.103,0.511,-33.000,-40.313,-40.688,-0.090,-0.004,1.039,-0.434,0.270,0.422,0.050,0.032,1.226,1.360,2,NULL,NULL,,3,0,2,7,255,945,250,0,0
stim,49236,79357,0,79357,3276669.455,-0.550,-0.042,0.042,0.833,371,87,2791,1039,2956,2524,2607,2940,57,1.360,1,2109,0,62.983,0.360,-29.875,-43.750,-34.063,-0.125,-0.023,1.070,-0.238,0.270,0.422,0.048,0.030,1.226,1.360,2,NULL,NULL,,3,0,2,7,255,945,250,0,0
stim,49236,79357,0,79357,3276674.454,-0.551,-0.041,0.040,0.833,186,55,2824,789,2961,2514,2651,2952,57,1.360,1,2109,0,64.543,0.075,-28.813,-45.063,-36.125,-0.125,-0.055,1.051,0.055,0.051,0.559,0.048,0.030,1.226,1.360,2,NULL,NULL,,3,0,2,7,255,945,250,0,0
stim,49236,79357,0,79357,3276679.455,-0.552,-0.040,0.038,0.832,78,0,2843,541,2980,2505,2697,2964,57,1.360,1,2109,0,64.611,0.236,-23.875,-48.000,-36.063,-0.105,-0.051,1.039,0.230,0.051,0.559,0.046,0.030,1.226,1.360,2,NULL,NULL,,3,0,2,7,255,945,250,0,0
stim,49236,79357,0,79357,3276684.454,-0.554,-0.039,0.036,0.831,21,0,2869,301,2984,2471,2713,2965,57,1.360,1,2109,0,68.164,0.242,-20.688,-50.875,-40.375,-0.090,0.004,1.066,0.230,0.074,0.559,0.046,0.030,1.226,1.360,2,NULL,NULL,,3,0,2,7,255,945,250,0,0
stim,49236,79357,0,79357,3276689.455,-0.555,-0.037,0.034,0.830,0,0,2893,181,3013,2443,2750,2981,57,1.360,1,2109,0,72.571,0.352,-13.438,-56.125,-44.000,-0.070,0.094,1.070,-0.344,0.074,0.672,0.046,0.030,1.226,1.360,2,NULL,NULL,,3,0,2,7,255,945,250,0,0
stim,49269,79390,0,79390,3276694.453,-0.557,-0.035,0.033,0.829,0,0,2895,117,3023,2426,2789,2985,57,1.360,1,2109,0,74.612,0.369,-0.625,-61.750,-41.875,-0.184,0.035,1.148,-0.344,-0.133,0.695,0.046,0.030,1.226,1.360,2,NULL,NULL,,3,0,2,7,255,945,250,0,0
stim,49269,79390,0,79390,3276699.455,-0.558,-0.031,0.032,0.829,0,0,2919,67,3037,2335,2813,2985,57,1.360,1,2109,0,85.874,0.973,39.938,-73.875,-17.938,-0.406,-0.086,1.387,-0.301,-0.926,1.555,0.044,0.032,1.226,1.360,2,NULL,NULL,,3,0,2,7,255,945,250,0,0
stim,49269,79390,0,79390,3276704.454,-0.559,-0.027,0.032,0.828,0,0,2921,51,3045,2355,2845,2983,57,1.360,1,2109,0,106.093,2.843,55.625,-84.000,-33.250,-0.477,-0.086,1.699,1.574,-2.367,4.090,0.044,0.034,1.226,1.360,3,NULL,NULL,,3,0,2,7,255,945,250,0,0
stim,49269,79390,0,79390,3276709.455,-0.560,-0.023,0.032,0.827,0,0,2922,18,3043,2321,2872,2989,57,1.360,1,2109,0,110.034,2.866,45.000,-94.813,-33.063,-0.340,0.133,1.898,1.574,-2.395,7.199,0.042,0.036,1.226,1.360,3,NULL,NULL,,3,0,2,7,255,945,250,0,0
stim,49269,79390,0,79390,3276714.453,-0.561,-0.020,0.028,0.827,0,0,2927,0,3061,2253,2878,2997,57,1.360,1,2109,0,106.317,2.474,-34.438,-98.500,-20.375,-0.039,0.324,1.723,-0.621,-2.395,7.199,0.042,0.038,1.226,1.360,3,NULL,NULL,,3,0,2,7,255,945,250,0,0
stim,49269,79390,0,79390,3276719.455,-0.561,-0.018,0.023,0.827,0,0,2927,0,3065,2188,2903,3000,57,1.360,1,2109,0,122.134,2.631,-69.250,-100.563,2.875,-0.027,0.238,1.320,-2.559,-0.613,7.047,0.040,0.042,1.226,1.360,3,NULL,NULL,,3,0,2,7,255,945,250,0,0
stim,49294,79415,0,79415,3276724.454,-0.559,-0.015,0.019,0.829,0,0,2927,0,3065,2090,2929,2999,57,1.360,1,2109,0,126.327,2.631,-44.125,-111.563,39.563,-0.148,0.191,1.180,-2.559,-0.613,3.086,0.036,0.048,1.226,1.360,3,NULL,NULL,,3,0,2,7,255,945,250,0,0
stim,49294,79415,0,79415,3276729.455,-0.557,-0.011,0.016,0.830,0,0,2921,0,3087,1983,2934,2990,57,1.360,1,2109,0,130.592,2.351,-16.063,-120.875,46.750,-0.313,0.141,1.238,-1.656,-1.668,2.414,0.032,0.056,1.226,1.360,3,NULL,NULL,,3,0,2,7,255,945,250,0,0
stim,49294,79415,0,79415,3276734.453,-0.556,-0.007,0.013,0.831,0,0,2919,0,3087,1836,2942,2995,57,1.360,1,2109,0,132.008,3.137,-7.625,-128.313,30.063,-0.383,0.008,1.324,-0.539,-3.090,2.414,0.032,0.066,1.226,1.360,3,NULL,NULL,,3,0,2,7,255,945,250,0,0
stim,49294,79415,0,79415,3276739.455,-0.556,-0.002,0.009,0.831,0,0,2921,0,3083,1689,2953,2987,57,1.360,1,2109,0,137.795,3.229,-8.688,-136.313,18.188,-0.332,-0.121,1.395,0.938,-3.090,3.277,0.036,0.078,1.226,1.360,3,NULL,NULL,,3,0,2,7,255,945,250,0,0
stim,49335,79456,0,79456,3276744.453,-0.555,0.002,0.005,0.832,0,0,2897,0,3095,1495,2971,2973,57,1.360,1,2109,0,145.305,3.196,-17.625,-143.000,18.813,-0.254,-0.172,1.402,1.945,-2.535,3.934,0.046,0.088,1.226,1.360,3,NULL,NULL,,3,0,2,7,255,945,250,0,0
stim,49335,79456,0,79456,3276749.455,-0.554,0.007,0.001,0.833,0,0,2885,0,3107,1256,2975,2969,57,1.360,1,2109,0,154.663,2.649,-27.188,-150.125,25.375,-0.223,-0.156,1.297,1.953,-1.789,3.934,0.058,0.098,1.226,1.360,3,NULL,NULL,,3,0,2,7,255,945,250,0,0
stim,49335,79456,0,79456,3276754.454,-0.552,0.012,-0.004,0.834,0,0,2855,0,3094,1002,2984,2959,57,1.360,1,2109,0,163.867,2.649,-28.875,-157.813,33.375,-0.227,-0.098,1.219,1.953,-1.789,2.926,0.066,0.108,1.226,1.360,3,NULL,NULL,,3,0,2,7,255,945,250,0,0
stim,49335,79456,0,79456,3276759.455,-0.551,0.017,-0.009,0.834,0,0,2828,0,3097,729,3003,2939,57,1.360,1,2109,0,171.025,2.592,-23.938,-165.375,36.438,-0.258,-0.047,1.152,1.496,-2.117,2.082,0.074,0.118,1.226,1.360,3,NULL,NULL,,3,0,2,7,255,945,250,0,0
stim,49335,79456,0,79456,3276764.453,-0.549,0.023,-0.013,0.835,0,0,2799,0,3099,539,2999,2923,57,1.360,1,2109,0,176.453,3.065,-10.563,-173.563,30.000,-0.262,-0.063,1.113,1.422,-2.715,1.383,0.080,0.130,1.226,1.360,3,NULL,NULL,,3,0,2,7,255,945,250,0,0
stim,49335,79456,0,79456,3276769.455,-0.548,0.029,-0.017,0.836,0,0,2763,0,3107,391,3003,2903,57,1.360,1,2109,0,184.828,3.065,5.063,-182.938,25.875,-0.230,-0.102,1.129,1.422,-2.715,1.086,0.084,0.142,1.226,1.360,3,NULL,NULL,,3,0,2,7,255,945,250,0,0
stim,49335,79456,0,79456,3276774.454,-0.547,0.036,-0.021,0.836,0,0,2709,0,3112,157,3008,2872,57,1.360,1,2109,0,193.888,3.082,17.625,-191.063,27.875,-0.195,-0.117,1.203,1.746,-2.539,1.086,0.090,0.154,1.226,1.360,3,NULL,NULL,,3,0,2,7,255,945,250,0,0
stim,49335,79456,0,79456,3276779.455,-0.545,0.044,-0.025,0.837,0,0,2660,0,3097,91,3013,2841,57,1.360,1,2109,0,204.215,3.082,20.750,-200.250,34.250,-0.164,-0.059,1.301,1.746,-2.539,1.828,0.096,0.166,1.226,1.360,3,NULL,NULL,,3,0,2,7,255,945,250,0,0
stim,49335,79456,0,79456,3276784.453,-0.543,0.052,-0.029,0.837,0,0,2589,0,3097,16,3019,2799,57,1.360,1,2109,0,210.698,2.891,23.750,-206.688,33.313,-0.203,0.102,1.445,1.301,-2.582,2.742,0.102,0.180,1.226,1.360,3,NULL,NULL,,3,0,2,7,255,945,250,0,0
stim,49335,79456,0,79456,3276789.455,-0.542,0.060,-0.034,0.838,0,0,2504,0,3099,4,3017,2757,57,1.360,1,2109,0,218.015,3.918,12.625,-215.750,28.688,-0.250,0.285,1.578,0.172,-3.914,3.996,0.110,0.192,1.226,1.360,3,NULL,NULL,,3,0,2,7,255,945,250,0,0
stim,49369,79490,0,79490,3276794.454,-0.540,0.068,-0.039,0.838,0,0,2405,0,3099,1,3017,2699,57,1.360,1,2109,0,225.103,5.556,7.688,-224.438,15.500,-0.340,0.332,1.793,-0.957,-5.473,5.129,0.118,0.206,1.226,1.360,3,NULL,NULL,,3,0,2,7,255,945,250,0,0
stim,49369,79490,0,79490,3276799.455,-0.539,0.077,-0.044,0.837,0,0,2259,0,3087,6,3021,2647,57,1.360,1,2109,0,241.497,7.088,4.625,-241.188,11.313,-0.457,0.227,2.191,-0.957,-7.023,6.961,0.128,0.220,1.226,1.360,3,NULL,NULL,,3,0,2,7,255,945,250,0,0
stim,49369,79490,0,79490,3276804.453,-0.538,0.086,-0.051,0.837,0,0,2088,0,3059,57,3003,2569,57,1.360,1,2109,0,261.144,8.663,-1.625,-260.813,13.063,-0.566,0.160,2.594,0.809,-8.625,10.496,0.138,0.234,1.226,1.360,3,NULL,NULL,,3,0,2,7,255,945,250,0,0
stim,49369,79490,0,79490,3276809.455,-0.536,0.096,-0.059,0.837,0,0,1899,0,3037,79,2984,2475,57,1.360,1,2109,0,292.656,10.575,-28.375,-289.500,32.125,-0.688,0.359,2.754,1.324,-10.492,13.965,0.152,0.250,1.226,1.360,3,NULL,NULL,,3,0,2,7,255,945,250,0,0
stim,49369,79490,0,79490,3276814.453,-0.534,0.106,-0.069,0.836,0,0,1765,0,3020,77,2959,2355,57,1.360,1,2109,0,327.480,13.308,-65.688,-318.813,35.875,-0.844,0.734,2.828,1.324,-13.242,14.734,0.170,0.270,1.226,1.360,3,NULL,NULL,,3,0,2,7,255,945,250,0,0
stim,49369,79490,0,79490,3276819.455,-0.532,0.116,-0.081,0.835,0,0,1620,0,2989,85,2936,2227,57,1.360,1,2109,0,361.517,16.998,-106.188,-344.813,22.875,-0.945,0.988,2.879,-1.184,-16.957,14.734,0.192,0.294,1.226,1.360,3,NULL,NULL,,3,0,2,7,255,945,250,0,0
stim,49391,79512,0,79512,3276824.454,-0.531,0.126,-0.094,0.833,0,0,1517,0,2963,83,2899,2093,57,1.360,1,2109,0,394.484,19.954,-132.125,-371.688,3.063,-0.957,1.070,2.887,-2.902,-19.742,14.293,0.220,0.324,1.226,1.360,3,NULL,NULL,,3,0,2,7,255,945,250,0,0
stim,49391,79512,0,79512,3276829.455,-0.530,0.137,-0.109,0.830,0,0,1406,0,2903,88,2841,1940,57,1.360,1,2109,0,428.158,21.319,-153.563,-399.438,-13.688,-0.930,1.129,2.984,-3.512,-21.027,13.770,0.256,0.362,1.226,1.360,3,NULL,NULL,,3,0,2,7,255,945,250,0,0
stim,49391,79512,0,79512,3276834.453,-0.529,0.148,-0.125,0.826,0,0,1317,0,2847,77,2771,1817,57,1.360,1,2109,0,461.005,21.870,-184.500,-421.750,-24.750,-0.883,0.961,2.859,-3.512,-21.586,13.602,0.300,0.406,1.226,1.360,3,NULL,NULL,,3,0,2,7,255,945,250,0,0
stim,49391,79512,0,79512,3276839.455,-0.528,0.161,-0.142,0.822,0,0,1181,0,2779,74,2659,1704,57,1.360,1,2109,0,485.206,21.783,-174.625,-452.313,-18.563,-0.980,0.520,2.754,-2.926,-21.586,12.074,0.352,0.462,1.226,1.360,3,NULL,NULL,,3,0,2,7,255,945,250,0,0
stim,49440,79561,0,79561,3276844.454,-0.526,0.174,-0.159,0.817,0,0,1044,0,2683,61,2499,1563,57,1.360,1,2109,0,507.758,21.627,-165.438,-480.000,-6.938,-1.133,0.578,2.848,1.324,-21.586,10.195,0.418,0.526,1.226,1.360,3,NULL,NULL,,3,0,2,7,255,945,250,0,0
stim,49440,79561,0,79561,3276849.455,-0.524,0.188,-0.175,0.812,0,0,871,0,2553,13,2294,1381,57,1.360,1,2109,0,517.044,23.885,-153.188,-492.063,-41.750,-1.164,0.555,3.008,1.461,-23.840,9.480,0.494,0.604,1.226,1.360,3,NULL,NULL,,3,0,2,7,255,945,250,0,0
stim,49440,79561,0,79561,3276854.453,-0.523,0.203,-0.191,0.805,0,0,711,0,2387,0,1992,1183,57,1.360,1,2109,0,527.863,25.554,-139.688,-503.188,-77.000,-0.973,0.289,3.277,1.984,-25.477,9.480,0.578,0.690,1.226,1.360,3,NULL,NULL,,3,0,2,7,255,945,250,0,0
stim,49440,79561,0,79561,3276859.455,-0.522,0.218,-0.208,0.798,0,0,485,0,2148,0,1699,1000,57,1.360,1,2109,0,545.495,25.783,-153.500,-519.813,-61.625,-0.785,-0.191,3.305,3.961,-25.477,11.832,0.670,0.782,1.226,1.360,3,NULL,NULL,,3,0,2,7,255,945,250,0,0
stim,49440,79561,0,79561,3276864.453,-0.518,0.232,-0.227,0.791,0,0,273,0,1864,0,1273,871,57,1.360,1,2109,0,574.321,24.840,-196.938,-539.500,-0.125,-0.691,-0.535,2.844,7.734,-23.605,11.832,0.768,0.882,1.226,1.360,3,NULL,NULL,,3,0,2,7,255,945,250,0,0
stim,49440,79561,0,79561,3276869.455,-0.513,0.247,-0.247,0.784,0,0,189,0,1545,0,723,741,57,1.360,1,2109,0,586.105,21.974,-200.375,-550.625,13.438,-0.652,-0.484,2.125,8.742,-20.160,8.730,0.870,0.984,1.226,1.360,3,NULL,NULL,,3,0,2,7,255,945,250,0,0
stim,49440,79561,0,79561,3276874.454,-0.507,0.263,-0.264,0.777,0,0,101,0,1149,0,218,611,57,1.360,1,2109,0,578.182,18.611,-124.938,-564.188,19.438,-0.766,-0.250,1.801,8.742,-16.430,2.504,0.980,1.094,1.226,1.360,3,NULL,NULL,,3,0,2,7,255,945,250,0,0
stim,49440,79561,0,79561,3276879.455,-0.499,0.280,-0.279,0.771,0,0,53,0,645,0,0,556,57,1.360,1,2109,0,570.584,17.759,-44.500,-567.625,37.250,-0.805,0.281,2.031,6.742,-16.430,-1.785,1.092,1.208,1.226,1.360,3,NULL,NULL,,3,0,2,7,255,945,250,0,0
stim,49440,79561,0,79561,3276884.453,-0.488,0.298,-0.293,0.766,0,0,23,0,181,0,0,521,57,1.360,1,2109,0,587.878,20.623,8.000,-579.125,100.750,-1.352,0.383,2.449,4.434,-20.141,-2.270,1.206,1.324,1.226,1.360,3,NULL,NULL,,3,0,2,7,255,945,250,0,0
stim,49440,79561,0,79561,3276889.455,-0.476,0.314,-0.309,0.762,0,0,19,0,0,0,0,437,57,1.360,1,2109,0,597.207,27.021,-53.938,-574.750,153.000,-1.547,0.836,2.430,2.527,-26.902,-4.766,1.320,1.440,1.226,1.360,3,NULL,NULL,,3,0,2,7,255,945,250,0,0
stim,49459,79580,0,79580,3276894.454,-0.468,0.326,-0.327,0.754,0,0,2,0,0,0,0,421,57,1.360,1,2109,0,561.940,27.043,-182.313,-527.063,68.875,-1.133,1.449,2.129,1.375,-27.008,-8.594,1.430,1.552,1.226,1.360,3,NULL,NULL,,3,0,2,7,255,945,250,0,0
stim,49459,79580,0,79580,3276899.455,-0.466,0.333,-0.347,0.743,0,0,8,0,0,0,0,327,57,1.360,1,2109,0,556.607,27.682,-344.625,-436.688,18.688,-0.781,1.887,1.504,-6.070,-27.008,-9.711,1.536,1.662,1.226,1.360,4,NULL,NULL,,3,0,2,7,255,945,250,0,0
stim,49459,79580,0,79580,3276904.453,-0.463,0.329,-0.374,0.733,0,0,12,0,0,0,0,235,57,1.360,1,2109,0,666.747,24.840,-563.875,-316.625,162.313,-1.215,2.215,0.133,-12.527,-21.449,-12.371,1.642,1.770,1.226,1.360,0,NULL,NULL,,3,0,2,7,255,945,250,0,0
stim,49459,79580,0,79580,3276909.455,-0.463,0.319,-0.399,0.724,0,0,5,0,0,0,0,203,57,1.360,1,2109,0,653.661,19.964,-604.625,-178.125,173.125,-0.840,2.516,-1.367,-15.875,-12.105,-24.672,1.750,1.880,1.226,1.360,0,NULL,NULL,,3,0,2,7,255,945,250,0,0
stim,49485,79606,0,79606,3276914.454,-0.464,0.316,-0.408,0.720,0,0,4,0,0,0,0,187,57,1.360,1,2109,0,222.092,16.113,-211.438,-58.813,34.063,-0.965,0.559,-1.277,-15.875,2.758,-25.156,1.862,1.994,1.226,1.360,0,NULL,NULL,,3,0,2,7,255,945,250,0,0
stim,49485,79606,0,79606,3276919.455,-0.462,0.319,-0.403,0.723,0,0,0,0,0,0,0,182,57,1.360,1,2109,0,156.300,3.567,155.813,3.750,-11.750,-1.180,-1.305,0.730,-2.262,2.758,-25.156,1.978,2.110,1.226,1.360,0,NULL,NULL,,3,0,2,7,255,945,250,0,0
stim,49485,79606,0,79606,3276924.454,-0.463,0.319,-0.399,0.725,0,0,0,0,0,0,0,167,57,1.360,1,2109,0,103.953,18.465,77.313,68.813,-9.688,-1.484,-1.391,2.109,16.480,-8.328,-12.277,2.092,2.226,1.226,1.360,0,NULL,NULL,,3,0,2,7,255,945,250,0,0
stim,49485,79606,0,79606,3276929.455,-0.468,0.311,-0.400,0.724,0,0,0,0,0,0,0,113,57,1.360,1,2109,0,208.378,26.273,-147.500,146.500,-14.250,-1.543,0.008,1.613,16.480,-20.461,-12.277,2.194,2.330,1.226,1.360,0,NULL,NULL,,3,0,2,7,255,945,250,0,0
stim,49504,79625,0,79625,3276934.453,-0.475,0.301,-0.403,0.723,0,0,0,0,0,0,0,103,57,1.360,1,2109,0,300.582,21.370,-220.500,204.188,-6.063,-1.215,1.457,0.262,6.168,-20.461,-14.773,2.278,2.412,1.226,1.360,0,NULL,NULL,,3,0,2,7,255,945,250,0,0
stim,49504,79625,0,79625,3276939.455,-0.479,0.291,-0.402,0.724,0,0,0,0,0,0,0,97,57,1.360,1,2109,0,251.141,13.708,-109.125,223.000,37.875,-1.090,1.973,-0.219,-8.914,-10.414,-22.738,2.338,2.474,1.226,1.360,0,NULL,NULL,,3,0,2,7,255,945,250,0,0
stim,49536,79657,0,79657,3276944.454,-0.481,0.283,-0.397,0.728,0,0,0,0,0,0,0,91,57,1.360,1,2109,0,235.416,13.708,17.750,227.500,57.875,-1.266,1.383,0.277,-8.914,-10.414,-22.738,2.390,2.526,1.226,1.360,0,NULL,NULL,,3,0,2,7,255,945,250,0,0
stim,49536,79657,0,79657,3276949.455,-0.484,0.275,-0.392,0.733,0,0,0,0,0,0,0,85,57,1.360,1,2109,0,242.132,13.557,25.125,234.750,53.750,-1.359,0.426,0.824,-7.988,-10.953,-22.645,2.450,2.586,1.226,1.360,0,NULL,NULL,,3,0,2,7,255,945,250,0,0
stim,49536,79657,0,79657,3276954.453,-0.487,0.266,-0.389,0.736,0,0,0,0,0,0,0,85,57,1.360,1,2109,0,253.314,12.668,-44.813,244.813,47.188,-1.258,0.086,0.742,1.094,-12.621,-17.273,2.518,2.656,1.226,1.360,0,NULL,NULL,,3,0,2,7,255,945,250,0,0
stim,49536,79657,0,79657,3276959.455,-0.491,0.255,-0.386,0.738,0,0,0,0,0,0,0,85,57,1.360,1,2109,0,268.173,12.697,-80.125,250.375,53.000,-1.004,0.254,0.145,1.387,-12.621,-17.273,2.588,2.728,1.226,1.360,0,NULL,NULL,,3,0,2,7,255,945,250,0,0
stim,49536,79657,0,79657,3276964.454,-0.494,0.245,-0.383,0.741,0,0,0,0,0,0,0,79,57,1.360,1,2109,0,262.671,7.059,-43.188,250.875,64.750,-1.027,0.668,-0.164,1.387,-6.922,-17.277,2.654,2.796,1.226,1.360,0,NULL,NULL,,3,0,2,7,255,945,250,0,0
stim,49536,79657,0,79657,3276969.455,-0.497,0.236,-0.377,0.745,0,0,0,0,0,0,0,73,57,1.360,1,2109,0,263.061,5.893,13.250,258.500,46.938,-0.879,0.648,-0.180,-2.074,-5.516,-19.313,2.716,2.858,1.226,1.360,0,NULL,NULL,,3,0,2,7,255,945,250,0,0
stim,49536,79657,0,79657,3276974.454,-0.499,0.228,-0.370,0.750,0,0,0,0,0,0,0,64,57,1.360,1,2109,0,277.938,5.893,47.000,269.063,51.438,-0.730,0.477,0.094,-2.074,-5.516,-19.313,2.772,2.916,1.226,1.360,0,NULL,NULL,,3,0,2,7,255,945,250,0,0
stim,49536,79657,0,79657,3276979.455,-0.502,0.219,-0.363,0.754,0,0,0,0,0,0,0,49,57,1.360,1,2109,0,293.588,6.095,44.813,284.125,58.813,-0.723,0.414,0.234,-1.578,-5.887,-15.969,2.830,2.974,1.226,1.360,0,NULL,NULL,,3,0,2,7,255,945,250,0,0
stim,49536,79657,1,79657,3276984.453,-0.504,0.209,-0.355,0.759,0,0,0,0,0,0,0,31,57,1.360,1,2109,0,310.105,5.988,52.625,298.313,66.375,-0.664,0.309,0.148,-1.098,-5.887,-14.703,2.886,3.030,1.226,1.360,0,NULL,NULL,,3,1,2,7,255,945,250,0,0
stim,49536,79657,1,79657,3276989.455,-0.506,0.199,-0.346,0.765,0,0,0,0,0,0,0,29,57,1.360,1,2109,0,328.995,6.649,80.438,310.750,72.125,-0.684,0.301,0.230,-0.324,-6.641,-14.324,2.932,3.080,1.226,1.360,0,NULL,NULL,,3,1,2,7,255,945,250,0,0
stim,49568,79689,1,79689,3276994.454,-0.508,0.190,-0.336,0.770,0,0,0,0,0,0,0,30,57,1.360,1,2109,0,343.781,6.649,96.438,323.563,64.750,-0.703,0.336,0.461,-0.324,-6.641,-13.723,2.972,3.120,1.226,1.360,0,NULL,NULL,,3,1,2,7,255,945,250,0,0
stim,49568,79689,1,79689,3276999.455,-0.511,0.180,-0.326,0.775,0,0,0,0,0,0,0,23,57,1.360,1,2109,0,353.507,8.621,96.375,335.813,53.938,-0.629,0.324,0.586,-0.582,-8.602,-12.180,3.004,3.154,1.226,1.360,0,NULL,NULL,,3,1,2,7,255,945,250,0,0
stim,49568,79689,1,79689,3277004.453,-0.514,0.170,-0.315,0.780,0,0,0,0,0,0,0,23,57,1.360,1,2109,0,362.824,8.850,94.563,346.625,50.500,-0.547,0.316,0.641,-0.895,-8.805,-10.566,3.034,3.184,1.226,1.360,0,NULL,NULL,,3,1,2,7,255,945,250,0,0
stim,49568,79689,1,79689,3277009.455,-0.516,0.159,-0.304,0.785,0,0,0,0,0,0,0,17,57,1.360,1,2109,0,371.637,8.991,98.313,354.688,51.438,-0.520,0.309,0.691,-1.234,-8.906,-9.395,3.064,3.216,1.226,1.360,0,NULL,NULL,,3,1,2,7,255,945,250,0,0
stim,49568,79689,1,79689,3277014.454,-0.519,0.149,-0.293,0.789,0,0,0,0,0,0,0,13,57,1.360,1,2109,0,378.717,9.002,105.625,360.500,48.063,-0.527,0.297,0.789,-1.313,-8.906,-8.574,3.094,3.246,1.226,1.360,0,NULL,NULL,,3,1,2,7,255,945,250,0,0
stim,49568,79689,1,79689,3277019.455,-0.522,0.138,-0.281,0.794,0,0,0,0,0,0,0,9,57,1.360,1,2109,0,382.961,9.541,108.750,365.125,38.938,-0.500,0.281,0.891,-1.320,-9.449,-7.570,3.124,3.278,1.226,1.360,0,NULL,NULL,,3,1,2,7,255,945,250,0,0
stim,49595,79717,1,79717,3277024.454,-0.525,0.128,-0.269,0.797,0,0,0,0,0,0,0,3,57,1.360,1,2109,0,385.688,9.554,107.875,369.063,30.188,-0.430,0.266,0.957,-1.414,-9.449,-6.273,3.156,3.312,1.226,1.360,0,NULL,NULL,,3,1,2,7,255,945,250,0,0
stim,49595,79717,1,79717,3277029.455,-0.528,0.117,-0.256,0.801,0,0,0,0,0,0,0,3,57,1.360,1,2109,0,388.418,9.545,109.063,371.875,26.125,-0.367,0.238,1.000,-1.707,-9.391,-5.051,3.190,3.348,1.226,1.360,0,NULL,NULL,,3,1,2,7,255,945,250,0,0
stim,49596,79717,1,79717,3277034.454,-0.531,0.106,-0.244,0.804,0,0,0,0,0,0,0,1,57,1.360,1,2109,0,391.316,9.093,111.125,374.313,25.875,-0.348,0.223,1.027,-1.793,-8.914,-4.023,3.226,3.384,1.226,1.360,0,NULL,NULL,,3,1,2,7,255,945,250,0,0
stim,49596,79717,1,79717,3277039.455,-0.534,0.095,-0.231,0.807,0,0,0,0,0,0,0,5,57,1.360,1,2109,0,393.657,8.837,108.938,377.625,22.313,-0.305,0.254,0.980,-1.832,-8.645,-3.430,3.264,3.422,1.226,1.360,0,NULL,NULL,,3,1,2,7,255,945,250,0,0
stim,49635,79756,1,79756,3277044.453,-0.537,0.085,-0.218,0.810,0,0,0,0,0,0,0,0,57,1.360,1,2109,0,398.772,8.131,122.938,378.750,21.313,-0.289,0.164,0.969,-1.832,-7.922,-3.402,3.302,3.462,1.226,1.360,0,NULL,NULL,,3,1,2,7,255,945,250,0,0
stim,49635,79756,1,79756,3277049.455,-0.540,0.074,-0.204,0.813,0,0,0,0,0,0,0,6,57,1.360,1,2109,0,405.525,7.891,139.688,380.188,19.875,-0.293,0.207,1.074,-2.117,-7.602,-2.965,3.342,3.504,1.226,1.360,0,NULL,NULL,,3,1,2,7,255,945,250,0,0
stim,49635,79756,1,79756,3277054.453,-0.543,0.064,-0.190,0.816,0,0,0,0,0,0,0,7,57,1.360,1,2109,0,406.965,7.553,143.188,380.625,15.563,-0.230,0.184,1.121,-2.117,-7.250,-1.895,3.384,3.546,1.226,1.360,0,NULL,NULL,,3,1,2,7,255,945,250,0,0
stim,49635,79756,1,79756,3277059.455,-0.545,0.054,-0.176,0.818,0,0,0,0,0,0,0,22,57,1.360,1,2109,0,411.037,7.230,153.188,381.063,16.625,-0.098,0.184,1.156,-2.250,-6.871,-0.973,3.426,3.590,1.226,1.360,0,NULL,NULL,,3,1,2,7,255,945,250,0,0
stim,49635,79756,1,79756,3277064.454,-0.547,0.045,-0.161,0.820,0,0,0,0,0,0,0,27,57,1.360,1,2109,0,412.839,6.073,162.938,378.438,25.938,-0.066,0.129,1.160,-2.480,-5.543,-0.063,3.468,3.632,1.226,1.360,0,NULL,NULL,,3,1,2,7,255,945,250,0,0
stim,49635,79756,1,79756,3277069.455,-0.548,0.035,-0.145,0.823,0,0,0,0,0,0,0,34,57,1.360,1,2109,0,416.478,5.556,180.813,373.438,36.125,-0.043,0.215,1.273,-2.824,-4.785,0.395,3.508,3.674,1.226,1.360,0,NULL,NULL,,3,1,2,7,255,945,250,0,0
stim,49635,79756,1,79756,3277074.454,-0.549,0.026,-0.130,0.825,0,0,0,0,0,0,0,37,57,1.360,1,2109,0,418.019,5.908,192.125,368.313,46.625,-0.059,0.234,1.402,-3.465,-4.785,1.461,3.546,3.714,1.226,1.360,0,NULL,NULL,,3,1,2,7,255,945,250,0,0
stim,49635,79756,1,79756,3277079.455,-0.550,0.018,-0.114,0.827,0,0,0,0,0,0,0,39,57,1.360,1,2109,0,416.280,6.106,196.750,363.563,49.000,-0.082,0.238,1.492,-3.707,-4.852,2.789,3.582,3.750,1.226,1.360,0,NULL,NULL,,3,1,2,7,255,945,250,0,0
stim,49635,79756,1,79756,3277084.454,-0.549,0.009,-0.098,0.830,0,0,0,0,0,0,0,42,57,1.360,1,2109,0,415.831,6.108,205.438,356.938,57.500,-0.098,0.250,1.629,-3.711,-4.852,3.758,3.614,3.784,1.226,1.360,0,NULL,NULL,,3,1,2,7,255,945,250,0,0
stim,49635,79756,1,79756,3277089.455,-0.549,0.001,-0.082,0.832,0,0,0,0,0,0,0,41,57,1.360,1,2109,0,414.613,6.108,210.313,351.500,64.188,-0.156,0.246,1.777,-3.711,-4.852,5.211,3.644,3.814,1.226,1.360,0,NULL,NULL,,3,1,2,7,255,945,250,0,0
stim,49662,79783,1,79783,3277094.453,-0.548,-0.006,-0.066,0.834,0,0,0,0,0,0,0,43,57,1.360,1,2109,0,410.100,6.177,211.438,345.375,64.750,-0.215,0.250,1.965,-3.691,-4.953,6.762,3.674,3.844,1.226,1.360,0,NULL,NULL,,3,1,2,7,255,945,250,0,0
stim,49662,79783,1,79783,3277099.455,-0.547,-0.014,-0.050,0.836,0,0,0,0,0,0,0,40,57,1.360,1,2109,0,401.217,6.169,205.688,338.438,64.250,-0.254,0.254,2.113,-3.625,-4.992,8.711,3.702,3.876,1.226,1.360,0,NULL,NULL,,3,1,2,7,255,945,250,0,0
stim,49662,79783,1,79783,3277104.454,-0.546,-0.021,-0.035,0.837,0,0,0,0,0,0,0,42,57,1.360,1,2109,0,390.130,6.124,194.813,332.250,62.125,-0.285,0.246,2.191,-3.547,-4.992,10.313,3.732,3.906,1.226,1.360,0,NULL,NULL,,3,1,2,7,255,945,250,0,0
stim,49662,79783,1,79783,3277109.455,-0.545,-0.029,-0.020,0.838,0,0,0,0,0,0,0,40,57,1.360,1,2109,0,381.656,5.706,189.125,326.875,55.188,-0.281,0.203,2.238,-3.379,-4.598,11.266,3.762,3.936,1.226,1.360,0,NULL,NULL,,3,1,2,7,255,945,250,0,0
stim,49684,79805,1,79805,3277114.453,-0.544,-0.036,-0.005,0.838,0,0,0,0,0,0,0,39,57,1.360,1,2109,0,377.473,4.733,189.313,323.313,46.000,-0.230,0.086,2.285,-2.973,-3.684,11.898,3.792,3.968,1.226,1.360,0,NULL,NULL,,3,1,2,7,255,945,250,0,0
stim,49684,79805,1,79805,3277119.455,-0.543,-0.044,0.010,0.838,0,0,0,0,0,0,0,38,57,1.360,1,2109,0,375.246,2.898,189.188,321.625,39.688,-0.156,-0.039,2.293,-2.070,-2.027,12.547,3.824,4.000,1.226,1.360,0,NULL,NULL,,3,1,2,7,255,945,250,0,0
stim,49684,79805,1,79805,3277124.454,-0.543,-0.051,0.024,0.838,0,0,0,0,0,0,0,40,57,1.360,1,2109,0,375.981,1.168,191.250,322.000,33.188,-0.074,-0.145,2.219,-1.160,-0.137,12.547,3.856,4.032,1.226,1.360,0,NULL,NULL,,3,1,2,7,255,945,250,0,0
stim,49684,79805,1,79805,3277129.455,-0.542,-0.058,0.039,0.837,0,0,0,0,0,0,0,42,57,1.360,1,2109,0,382.847,1.737,205.188,322.063,27.313,0.016,-0.262,2.117,-0.426,1.684,11.914,3.888,4.064,1.226,1.360,0,NULL,NULL,,3,1,2,7,255,945,250,0,0
stim,49684,79805,1,79805,3277134.454,-0.542,-0.064,0.055,0.836,0,0,0,0,0,0,0,47,57,1.360,1,2109,0,396.198,3.567,231.875,320.563,21.125,0.117,-0.363,2.078,0.449,3.539,10.777,3.916,4.096,1.226,1.360,0,NULL,NULL,,3,1,2,7,255,945,250,0,0
stim,49684,79805,1,79805,3277139.455,-0.541,-0.069,0.072,0.835,0,0,0,0,0,0,0,47,57,1.360,1,2109,0,413.629,5.597,264.563,317.688,13.063,0.266,-0.438,2.121,1.137,5.480,10.102,3.944,4.124,1.226,1.360,0,NULL,NULL,,3,1,2,7,255,945,250,0,0
stim,49730,79851,1,79851,3277144.453,-0.541,-0.074,0.091,0.833,0,0,0,0,0,0,0,45,57,1.360,1,2109,0,432.613,7.933,297.938,313.625,5.125,0.457,-0.461,2.250,1.137,7.852,10.102,3.970,4.150,1.226,1.360,0,NULL,NULL,,3,1,2,7,255,945,250,0,0
stim,49730,79851,1,79851,3277149.455,-0.541,-0.077,0.110,0.830,0,0,0,0,0,0,0,50,57,1.360,1,2109,0,448.722,10.606,324.125,310.313,-1.000,0.648,-0.453,2.406,1.047,10.555,10.512,3.990,4.170,1.226,1.360,0,NULL,NULL,,3,1,2,7,255,945,250,0,0
stim,49730,79851,1,79851,3277154.454,-0.541,-0.080,0.129,0.827,0,0,0,0,0,0,0,47,57,1.360,1,2109,0,460.452,13.319,344.938,305.000,-3.063,0.805,-0.473,2.559,0.523,13.309,11.102,4.004,4.186,1.226,1.360,0,NULL,NULL,,3,1,2,7,255,945,250,0,0
stim,49730,79851,1,79851,3277159.455,-0.542,-0.082,0.149,0.823,0,0,0,0,0,0,0,48,57,1.360,1,2109,0,467.525,15.895,360.500,297.625,-6.188,0.934,-0.492,2.715,0.523,15.887,11.582,4.014,4.196,1.226,1.360,0,NULL,NULL,,3,1,2,7,255,945,250,0,0
stim,49730,79851,1,79851,3277164.453,-0.542,-0.084,0.169,0.819,0,0,0,0,0,0,0,47,57,1.360,1,2109,0,470.688,18.323,369.750,290.938,-13.688,1.063,-0.477,2.891,0.484,18.316,12.023,4.014,4.198,1.226,1.360,0,NULL,NULL,,3,1,2,7,255,945,250,0,0
stim,49730,79851,1,79851,3277169.455,-0.542,-0.086,0.189,0.814,0,0,0,0,0,0,0,48,57,1.360,1,2109,0,469.391,20.744,370.875,286.313,-28.375,1.215,-0.418,3.078,0.484,20.738,12.578,4.008,4.192,1.226,1.360,0,NULL,NULL,,3,1,2,7,255,945,250,0,0
stim,49752,79873,1,79873,3277174.454,-0.543,-0.088,0.208,0.809,0,0,0,0,0,0,0,53,57,1.360,1,2109,0,464.118,23.301,365.500,282.125,-47.125,1.348,-0.273,3.363,0.016,23.301,13.063,3.992,4.178,1.226,1.360,0,NULL,NULL,,3,1,2,7,255,945,250,0,0
stim,49752,79873,1,79873,3277179.455,-0.545,-0.090,0.227,0.802,0,0,0,0,0,0,0,57,57,1.360,1,2109,0,446.858,25.907,341.688,278.688,-72.563,1.602,-0.047,3.668,-1.031,25.887,14.566,3.964,4.150,1.226,1.360,0,NULL,NULL,,3,1,2,7,255,945,250,0,0
stim,49752,79873,1,79873,3277184.453,-0.547,-0.094,0.243,0.796,0,0,0,0,0,0,0,57,57,1.360,1,2109,0,408.535,29.621,286.250,274.625,-97.688,1.988,0.074,3.813,-3.145,29.453,14.922,3.924,4.112,1.226,1.360,0,NULL,NULL,,3,1,2,7,255,945,250,0,0
stim,49752,79873,1,79873,3277189.455,-0.549,-0.099,0.256,0.790,0,0,0,0,0,0,0,72,57,1.360,1,2109,0,353.803,34.125,206.313,267.188,-105.938,2.438,-0.012,3.680,-5.016,33.754,14.922,3.870,4.058,1.226,1.360,0,NULL,NULL,,3,1,2,7,255,945,250,0,0
stim,49752,79873,1,79873,3277194.454,-0.550,-0.106,0.266,0.785,0,0,0,0,0,0,0,101,57,1.360,1,2109,0,303.447,38.077,128.125,257.188,-97.563,2.832,-0.156,3.242,-5.594,37.664,10.652,3.802,3.992,1.226,1.360,0,NULL,NULL,,3,1,2,7,255,945,250,0,0
stim,49752,79873,1,79873,3277199.455,-0.551,-0.114,0.274,0.780,0,0,0,0,0,0,0,135,57,1.360,1,2109,0,269.361,39.902,76.375,243.125,-87.250,3.148,-0.254,2.684,-5.945,39.457,3.891,3.722,3.914,1.226,1.360,0,NULL,NULL,,3,1,2,7,255,945,250,0,0
stim,49774,79895,1,79895,3277204.453,-0.551,-0.121,0.280,0.776,0,0,0,0,0,0,0,167,57,1.360,1,2109,0,243.789,40.078,53.563,223.500,-81.313,3.457,-0.391,2.172,-6.621,39.527,-3.359,3.630,3.822,1.226,1.360,0,NULL,NULL,,3,1,2,7,255,945,250,0,0
stim,49774,79895,1,79895,3277209.455,-0.552,-0.127,0.286,0.773,0,0,0,0,0,0,0,205,57,1.360,1,2109,0,216.593,40.128,50.063,198.250,-71.438,3.789,-0.590,1.746,-6.621,39.578,-10.223,3.526,3.720,1.226,1.360,0,NULL,NULL,,3,1,2,7,255,945,250,0,0
stim,49774,79895,1,79895,3277214.453,-0.552,-0.132,0.292,0.770,0,0,0,0,0,0,0,250,57,1.360,1,2109,0,186.129,40.703,55.563,169.688,-52.563,4.109,-0.863,1.352,-6.508,40.180,-16.570,3.410,3.606,1.226,1.360,0,NULL,NULL,,3,1,2,7,255,945,250,0,0
stim,49774,79895,1,79895,3277219.455,-0.552,-0.135,0.298,0.767,0,0,0,0,0,0,0,265,57,1.360,1,2109,0,162.059,40.731,78.313,140.438,-20.188,4.320,-1.172,0.902,-5.371,40.375,-22.734,3.280,3.476,1.226,1.360,0,NULL,NULL,,3,1,2,7,255,945,250,0,0
stim,49774,79895,1,79895,3277224.454,-0.550,-0.136,0.305,0.765,0,0,0,0,0,0,0,267,57,1.360,1,2109,0,169.788,40.537,133.500,103.438,17.500,4.344,-1.633,0.719,-3.621,40.375,-28.766,3.134,3.330,1.226,1.360,0,NULL,NULL,,3,1,2,7,255,945,250,0,0
stim,49774,79895,1,79895,3277229.455,-0.550,-0.133,0.313,0.763,0,0,0,0,0,0,0,266,57,1.360,1,2109,0,201.984,40.376,188.500,63.938,34.313,4.199,-2.344,0.793,0.242,40.375,-32.109,2.972,3.168,1.226,1.360,0,NULL,NULL,,3,1,2,7,255,945,250,0,0
stim,49805,79926,0,79926,3277234.453,-0.549,-0.126,0.323,0.761,0,0,0,0,0,0,0,267,57,1.360,1,2109,0,285.513,40.716,276.063,22.625,69.250,3.879,-2.082,1.176,6.316,40.223,-32.109,2.798,2.994,1.226,1.360,0,NULL,NULL,,3,0,2,7,255,944,250,0,0
stim,49805,79926,0,79926,3277239.455,-0.547,-0.117,0.333,0.759,0,0,0,0,0,0,0,264,57,1.360,1,2109,0,323.674,41.519,304.500,-23.563,107.188,3.895,-2.086,2.313,7.195,40.891,-28.449,2.614,2.808,1.226,1.360,0,NULL,NULL,,3,0,2,7,255,944,250,0,0
stim,49840,79961,0,79961,3277244.454,-0.544,-0.106,0.342,0.759,0,0,0,0,0,0,0,263,57,1.360,1,2109,0,312.546,43.417,274.875,-53.313,138.875,3.070,-1.516,2.820,6.813,42.879,-20.484,2.424,2.616,1.226,1.360,0,NULL,NULL,,3,0,2,7,255,944,250,0,0
stim,49840,79961,0,79961,3277249.455,-0.544,-0.097,0.347,0.758,0,0,0,0,0,0,0,265,57,1.360,1,2109,0,253.882,43.417,225.750,-86.750,77.250,2.063,-0.281,3.387,6.813,42.879,-10.602,2.228,2.420,1.226,1.360,0,NULL,NULL,,3,0,2,7,255,944,250,0,0
stim,49840,79961,0,79961,3277254.453,-0.548,-0.091,0.348,0.755,0,0,0,0,0,0,0,361,57,1.360,1,2109,0,179.472,39.032,114.000,-122.063,-65.688,2.156,0.270,3.840,1.258,39.012,3.426,2.030,2.218,1.226,1.360,0,NULL,NULL,,3,0,2,7,255,944,250,0,0
stim,49840,79961,0,79961,3277259.455,-0.548,-0.079,0.349,0.756,349,0,0,680,0,72,0,551,57,1.360,1,2109,0,278.025,39.032,153.813,-203.813,110.000,1.254,-1.578,5.410,1.258,39.012,8.648,1.828,2.012,1.226,1.360,0,NULL,NULL,,3,0,2,7,255,944,250,0,0
stim,49840,79961,0,79961,3277264.454,-0.536,-0.055,0.353,0.765,1071,0,0,1405,0,348,0,595,57,1.360,1,2109,0,655.210,46.459,277.375,-289.000,518.500,-0.156,1.035,8.316,13.465,44.465,17.719,1.620,1.802,1.226,1.360,0,NULL,NULL,,3,0,2,7,255,944,250,0,0
stim,49840,79961,0,79961,3277269.455,-0.521,-0.064,0.323,0.788,1739,0,0,1843,0,603,0,652,57,1.360,1,2109,0,940.171,46.459,-827.375,-134.375,425.813,-1.160,3.004,4.082,13.465,44.465,39.344,1.410,1.588,1.226,1.360,0,NULL,NULL,,3,0,2,7,255,944,250,0,0
stim,49840,79961,0,79961,3277274.454,-0.512,-0.079,0.283,0.807,2125,0,0,2037,0,920,0,717,58,1.360,1,2110,0,1094.771,13.583,-1057.688,-178.188,219.250,-1.727,4.305,-0.625,-12.191,5.988,39.344,1.200,1.376,1.226,1.360,1,1003.000,59.000,,3,0,2,7,255,944,250,0,0
stim,49840,79961,0,79961,3277279.455,-0.507,-0.087,0.260,0.817,2363,0,0,2187,0,1145,0,791,58,1.360,1,2110,0,613.910,35.414,-598.000,-100.563,95.750,-2.359,3.063,-2.547,-17.910,-30.551,6.953,0.992,1.162,1.226,1.360,1,NULL,NULL,,3,0,2,7,255,944,250,0,0
stim,49840,79961,0,79961,3277284.454,-0.510,-0.087,0.250,0.818,2506,0,0,2281,0,1341,0,887,58,1.360,1,2110,0,256.284,35.414,-202.938,-145.250,-58.313,-1.449,0.531,-0.688,-17.910,-30.551,-8.492,0.788,0.950,1.226,1.360,1,NULL,NULL,,3,0,2,7,255,944,250,0,0
stim,49840,79961,0,79961,3277289.455,-0.513,-0.085,0.245,0.818,2647,0,0,2444,0,1498,0,980,58,1.360,1,2110,0,138.292,17.571,-42.375,-112.375,-68.563,0.227,0.699,1.414,-6.008,-16.512,-8.492,0.594,0.738,1.226,1.360,2,NULL,NULL,,3,0,2,7,255,944,250,0,0
stim,49875,79996,0,79996,3277294.453,-0.511,-0.082,0.239,0.822,2789,0,0,2632,0,1591,0,1067,58,1.360,1,2110,0,183.670,6.516,-110.188,-115.625,90.688,0.523,2.301,1.535,-6.008,2.523,3.418,0.426,0.536,1.226,1.360,2,NULL,NULL,,3,0,2,7,255,944,250,0,0
stim,49875,79996,0,79996,3277299.455,-0.503,-0.079,0.229,0.830,2885,0,0,2771,0,1641,0,1149,58,1.360,1,2110,0,357.320,6.516,-207.250,-163.875,240.563,-1.336,0.656,1.121,-6.008,2.523,6.500,0.332,0.378,1.226,1.360,2,NULL,NULL,,3,0,2,7,255,944,250,0,0
stim,49875,79996,0,79996,3277304.453,-0.497,-0.078,0.213,0.838,2961,0,0,2871,0,1673,0,1261,58,1.360,1,2110,0,438.249,8.315,-354.813,-193.000,170.063,-2.484,-1.520,0.648,1.406,-8.195,6.500,0.330,0.314,1.226,1.360,2,NULL,NULL,,3,0,2,7,255,944,250,0,0
stim,49875,79996,0,79996,3277309.455,-0.500,-0.078,0.197,0.840,3007,0,0,2943,0,1695,0,1368,58,1.360,1,2110,0,366.428,25.431,-304.000,-192.438,-69.438,-2.129,-1.551,-0.410,23.184,-10.453,0.563,0.368,0.336,1.226,1.360,2,NULL,NULL,,3,0,2,7,255,944,250,0,0
stim,49875,79996,0,79996,3277314.454,-0.508,-0.075,0.188,0.837,3037,0,0,3013,0,1735,0,1467,58,1.360,1,2110,0,304.487,25.431,-121.750,-197.563,-197.125,-0.438,-0.941,0.020,23.184,-10.453,-10.047,0.414,0.396,1.226,1.360,2,NULL,NULL,,3,0,2,7,255,944,250,0,0
stim,49875,79996,0,79996,3277319.455,-0.516,-0.070,0.182,0.834,3063,0,0,3055,0,1765,0,1528,58,1.360,1,2110,0,264.048,10.075,-11.563,-186.438,-186.625,0.836,-1.109,1.223,10.066,0.422,-10.047,0.460,0.456,1.226,1.360,2,NULL,NULL,,3,0,2,7,255,944,250,0,0
stim,49893,80014,0,80014,3277324.454,-0.520,-0.065,0.178,0.833,3081,0,0,3110,0,1823,0,1563,58,1.360,1,2110,0,172.662,17.043,-33.375,-148.375,-81.750,1.410,-1.402,1.863,6.824,15.617,-3.359,0.502,0.500,1.226,1.360,2,NULL,NULL,,3,0,2,7,255,944,250,0,0
stim,49893,80014,0,80014,3277329.455,-0.519,-0.062,0.170,0.835,3109,0,0,3130,0,1892,0,1587,58,1.360,1,2110,0,191.189,24.568,-109.750,-147.125,53.500,1.438,-1.781,1.793,6.824,23.602,-0.598,0.538,0.540,1.226,1.360,2,NULL,NULL,,3,0,2,7,255,944,250,0,0
stim,49893,80014,0,80014,3277334.454,-0.512,-0.060,0.162,0.841,3113,0,0,3160,0,1965,0,1595,58,1.360,1,2110,0,286.918,25.577,-165.750,-134.375,191.813,0.672,-1.586,1.137,9.855,23.602,-0.598,0.552,0.566,1.226,1.360,2,NULL,NULL,,3,0,2,7,255,944,250,0,0
stim,49893,80014,0,80014,3277339.455,-0.504,-0.057,0.154,0.848,3118,0,0,3173,0,2043,0,1635,58,1.360,1,2110,0,309.131,18.639,-145.938,-133.188,237.750,-0.559,-0.723,0.656,9.855,15.820,-3.547,0.538,0.576,1.226,1.360,2,NULL,NULL,,3,0,2,7,255,944,250,0,0
stim,49935,80056,0,80056,3277344.453,-0.499,-0.053,0.148,0.852,3127,0,0,3180,0,2117,24,1684,58,1.360,1,2110,0,227.337,8.988,-113.500,-142.313,136.188,-1.473,0.102,0.828,8.973,0.531,-3.547,0.514,0.582,1.226,1.360,2,NULL,NULL,,3,0,2,7,255,944,250,0,0
stim,49935,80056,0,80056,3277349.455,-0.499,-0.049,0.142,0.853,3144,0,0,3197,0,2185,53,1723,58,1.360,1,2110,0,159.849,7.651,-61.188,-146.813,15.938,-0.496,0.391,0.664,6.434,-4.141,-1.820,0.482,0.572,1.226,1.360,2,NULL,NULL,,3,0,2,7,255,944,250,0,0
stim,49935,80056,0,80056,3277354.454,-0.500,-0.045,0.137,0.854,3140,0,0,3187,0,2265,79,1839,58,1.360,1,2110,0,151.287,4.142,-49.563,-142.938,-0.313,-0.113,0.094,1.391,0.109,-4.141,1.555,0.430,0.528,1.226,1.360,2,NULL,NULL,,3,0,2,7,255,944,250,0,0
stim,49935,80056,0,80056,3277359.455,-0.500,-0.042,0.131,0.855,3132,0,0,3196,190,2318,253,1997,58,1.360,1,2110,0,166.597,2.219,-94.813,-136.313,13.563,0.090,0.031,1.422,-0.324,2.195,3.551,0.360,0.450,1.226,1.360,2,NULL,NULL,,3,0,2,7,255,944,250,0,0
stim,49935,80056,0,80056,3277364.454,-0.500,-0.040,0.125,0.856,3140,0,0,3189,425,2357,269,2109,58,1.360,1,2110,0,130.499,4.052,-84.438,-99.500,0.250,0.270,-0.059,1.660,-0.324,4.039,3.715,0.286,0.354,1.226,1.360,2,NULL,NULL,,3,0,2,7,255,944,250,0,0
stim,49935,80056,0,80056,3277369.455,-0.501,-0.039,0.122,0.856,3139,0,0,3197,692,2381,275,2183,58,1.360,1,2110,0,85.305,6.374,-64.438,-48.125,-28.438,0.656,-0.098,1.211,-0.438,6.359,3.551,0.224,0.268,1.226,1.360,2,NULL,NULL,,3,0,2,7,255,944,250,0,0
stim,49935,80056,0,80056,3277374.454,-0.502,-0.038,0.120,0.856,3139,0,0,3199,921,2419,301,2235,58,1.360,1,2110,0,52.520,6.705,-13.250,-50.563,-5.125,0.773,0.465,0.953,-2.113,6.363,0.352,0.178,0.212,1.226,1.360,2,NULL,NULL,,3,0,2,7,255,944,250,0,0
stim,49935,80056,0,80056,3277379.455,-0.501,-0.036,0.119,0.856,3135,0,0,3204,1045,2425,315,2291,58,1.360,1,2110,0,36.383,6.705,-4.750,-33.500,13.375,-0.012,0.168,1.773,-2.113,6.363,0.352,0.146,0.184,1.226,1.360,2,NULL,NULL,,3,0,2,7,255,944,250,0,0
stim,49935,80056,0,80056,3277384.454,-0.502,-0.038,0.115,0.857,3135,0,0,3195,1161,2436,333,2339,58,1.360,1,2110,0,103.842,3.133,-101.000,-20.563,-12.625,-0.172,-0.051,1.227,-0.953,2.984,2.148,0.126,0.176,1.226,1.360,2,NULL,NULL,,3,0,2,7,255,944,250,0,0
stim,49935,80056,0,80056,3277389.455,-0.502,-0.039,0.111,0.857,3131,0,0,3189,1255,2451,353,2373,58,1.360,1,2110,0,76.597,1.486,-74.250,-17.563,-6.750,-0.086,0.105,0.613,-0.480,1.406,2.148,0.122,0.170,1.226,1.360,2,NULL,NULL,,3,0,2,7,255,944,250,0,0
stim,49967,80088,0,80088,3277394.453,-0.503,-0.039,0.110,0.856,3125,0,0,3191,1335,2466,359,2391,58,1.360,1,2110,0,42.053,0.418,-23.438,-16.188,-30.938,-0.262,0.109,1.016,0.418,0.016,0.488,0.132,0.156,1.226,1.360,2,NULL,NULL,,3,0,2,7,255,944,250,0,0
stim,49967,80088,0,80088,3277399.455,-0.505,-0.039,0.109,0.855,3141,10,0,3192,1399,2459,365,2417,58,1.360,1,2110,0,63.752,0.481,-15.500,-12.500,-60.563,-0.039,0.281,1.164,-0.480,0.016,0.488,0.154,0.136,1.226,1.360,2,NULL,NULL,,3,0,2,7,255,944,250,0,0
stim,49967,80088,0,80088,3277404.454,-0.507,-0.039,0.107,0.854,3126,19,0,3187,1451,2469,375,2430,58,1.360,1,2110,0,66.546,2.253,-37.063,-8.813,-54.563,0.090,0.262,1.219,-2.129,0.738,1.715,0.180,0.110,1.226,1.360,2,NULL,NULL,,3,0,2,7,255,944,250,0,0
stim,49967,80088,0,80088,3277409.455,-0.509,-0.041,0.105,0.853,3128,29,0,3197,1510,2475,373,2457,58,1.360,1,2110,0,74.115,2.671,-61.875,-3.000,-40.688,-0.016,0.109,1.129,-2.129,1.613,1.715,0.206,0.086,1.226,1.360,2,NULL,NULL,,3,0,2,7,255,944,250,0,0
stim,49967,80088,0,80088,3277414.454,-0.510,-0.042,0.102,0.853,3131,37,0,3188,1565,2483,383,2452,58,1.360,1,2110,0,77.680,1.828,-65.063,-0.313,-42.438,-0.133,0.105,0.961,-0.859,1.613,1.168,0.224,0.070,1.226,1.360,2,NULL,NULL,,3,0,2,7,255,944,250,0,0
stim,49967,80088,0,80088,3277419.455,-0.512,-0.043,0.100,0.852,3127,41,0,3191,1615,2473,390,2463,58,1.360,1,2110,0,73.399,0.895,-46.625,0.063,-56.688,-0.121,0.172,0.891,-0.859,0.250,-0.266,0.234,0.062,1.226,1.360,2,NULL,NULL,,3,0,2,7,255,944,250,0,0
stim,49991,80112,0,80112,3277424.454,-0.515,-0.044,0.099,0.851,3130,45,0,3188,1641,2487,389,2471,58,1.360,1,2110,0,68.776,0.791,-32.313,-1.750,-60.688,-0.008,0.078,0.988,-0.750,0.250,-0.266,0.244,0.054,1.226,1.360,2,NULL,NULL,,3,0,2,7,255,944,250,0,0
stim,49991,80112,0,80112,3277429.455,-0.516,-0.045,0.098,0.850,3123,71,0,3187,1669,2485,381,2480,58,1.360,1,2110,0,57.324,1.656,-34.688,1.063,-45.625,0.074,-0.063,1.043,-0.750,1.477,-0.223,0.254,0.044,1.226,1.360,2,NULL,NULL,,3,0,2,7,255,944,250,0,0
stim,49991,80112,0,80112,3277434.454,-0.517,-0.046,0.096,0.849,3119,105,0,3187,1691,2492,391,2475,58,1.360,1,2110,0,45.949,2.126,-38.000,2.063,-25.750,0.008,-0.055,0.977,0.074,2.125,-0.223,0.264,0.036,1.226,1.360,2,NULL,NULL,,3,0,2,7,255,944,250,0,0
stim,49991,80112,0,80112,3277439.455,-0.518,-0.047,0.095,0.849,3117,107,0,3182,1715,2499,379,2487,58,1.360,1,2110,0,33.546,2.126,-27.125,2.625,-19.563,-0.102,0.043,0.949,0.074,2.125,-0.484,0.272,0.030,1.226,1.360,2,NULL,NULL,,3,0,2,7,255,944,250,0,0
stim,50036,80157,0,80157,3277444.453,-0.519,-0.047,0.094,0.849,3124,109,0,3174,1735,2485,378,2487,58,1.360,1,2110,0,29.721,0.703,-16.813,2.563,-24.375,-0.145,0.090,1.008,-0.105,0.695,-0.484,0.278,0.026,1.226,1.360,2,NULL,NULL,,3,0,2,7,255,944,250,0,0
stim,50036,80157,0,80157,3277449.455,-0.520,-0.047,0.094,0.848,3116,109,0,3173,1740,2487,377,2484,58,1.360,1,2110,0,29.851,0.403,-12.563,2.063,-27.000,-0.109,0.191,1.066,-0.316,0.250,0.203,0.284,0.022,1.226,1.360,2,NULL,NULL,,3,0,2,7,255,944,250,0,0
stim,50036,80157,0,80157,3277454.453,-0.520,-0.048,0.093,0.848,3102,107,0,3174,1749,2495,378,2484,58,1.360,1,2110,0,28.699,1.432,-17.250,2.375,-22.813,-0.098,0.207,1.109,-1.410,0.250,0.766,0.290,0.018,1.226,1.360,2,NULL,NULL,,3,0,2,7,255,944,250,0,0
stim,50036,80157,0,80157,3277459.455,-0.521,-0.048,0.092,0.847,3096,105,16,3174,1766,2491,379,2493,58,1.375,1,2110,1,31.856,1.425,-26.500,1.375,-17.625,-0.129,0.172,1.074,-1.410,0.203,0.855,0.000,0.000,1.180,1.361,2,NULL,NULL,,3,0,2,7,255,944,250,0,0
stim,50036,80157,0,80157,3277464.454,-0.521,-0.049,0.091,0.847,3095,111,40,3155,1789,2489,375,2492,58,1.375,1,2110,1,32.624,1.183,-29.438,0.188,-14.063,-0.176,0.109,1.008,-1.176,0.129,0.855,0.006,0.006,1.180,1.361,2,NULL,NULL,,3,0,2,7,255,944,250,0,0
stim,50036,80157,0,80157,3277469.455,-0.522,-0.050,0.090,0.847,3083,122,76,3151,1813,2489,374,2496,58,1.375,1,2110,1,31.052,0.467,-27.125,-2.688,-14.875,-0.211,0.055,0.961,-0.445,-0.141,0.273,0.012,0.008,1.180,1.361,2,NULL,NULL,,3,0,2,7,255,944,250,0,0
stim,50036,80157,0,80157,3277474.453,-0.522,-0.050,0.089,0.847,3068,133,88,3143,1837,2495,373,2509,58,1.375,1,2110,1,26.779,0.353,-20.000,-5.688,-16.875,-0.207,0.051,0.945,0.203,-0.289,-0.180,0.018,0.012,1.180,1.361,2,NULL,NULL,,3,0,2,7,255,944,250,0,0
stim,50036,80157,0,80157,3277479.455,-0.523,-0.050,0.088,0.846,3055,127,123,3128,1865,2421,367,2516,58,1.375,1,2110,1,25.019,0.353,-15.375,-7.813,-18.125,-0.195,0.043,0.977,0.203,-0.289,-0.180,0.022,0.014,1.180,1.361,2,NULL,NULL,,3,0,2,7,255,944,250,0,0
stim,50036,80157,0,80157,3277484.454,-0.524,-0.050,0.087,0.846,3047,139,139,3127,1899,2487,369,2532,58,1.375,1,2110,1,25.320,0.224,-15.438,-8.875,-18.000,-0.160,0.051,0.992,0.184,-0.129,-0.063,0.026,0.016,1.180,1.361,2,NULL,NULL,,3,0,2,7,255,944,250,0,0
stim,50036,80157,0,80157,3277489.455,-0.524,-0.050,0.086,0.846,3043,139,176,3107,1937,2493,375,2537,58,1.375,1,2110,1,24.432,0.176,-14.688,-10.438,-16.500,-0.148,0.043,0.980,-0.016,0.176,-0.063,0.028,0.016,1.180,1.361,2,NULL,NULL,,3,0,2,7,255,944,250,0,0
stim,50058,80179,0,80179,3277494.453,-0.525,-0.050,0.086,0.845,3015,137,215,3091,1976,2489,394,2553,58,1.375,1,2110,1,23.139,0.258,-12.563,-10.750,-16.188,-0.137,0.008,0.961,-0.016,0.258,-0.078,0.030,0.016,1.180,1.361,2,NULL,NULL,,3,0,2,7,255,944,250,0,0
stim,50058,80179,0,80179,3277499.455,-0.526,-0.050,0.085,0.845,3005,139,265,3091,1997,2484,408,2579,58,1.375,1,2110,1,21.044,0.462,-9.438,-11.750,-14.688,-0.148,-0.008,0.945,0.234,0.398,-0.301,0.030,0.014,1.180,1.361,2,NULL,NULL,,3,0,2,7,255,944,250,0,0
stim,50058,80179,0,80179,3277504.453,-0.526,-0.050,0.084,0.845,2979,143,309,3063,2021,2484,422,2571,58,1.375,1,2110,1,20.932,0.462,-5.000,-12.375,-16.125,-0.156,0.027,0.949,0.234,0.398,-0.398,0.032,0.014,1.180,1.361,2,NULL,NULL,,3,0,2,7,255,944,250,0,0
stim,50058,80179,0,80179,3277509.455,-0.527,-0.049,0.084,0.844,2968,148,403,3044,2056,2491,463,2587,58,1.375,1,2110,1,23.095,0.291,-0.500,-12.750,-19.250,-0.141,0.043,0.965,0.148,0.250,-0.398,0.032,0.012,1.180,1.361,2,NULL,NULL,,3,0,2,7,255,944,250,0,0
stim,50082,80203,0,80203,3277514.454,-0.528,-0.049,0.084,0.844,2936,153,448,3029,2079,2489,491,2605,58,1.375,1,2110,1,22.176,0.258,1.250,-13.563,-17.500,-0.121,0.031,0.977,-0.063,0.250,-0.258,0.032,0.010,1.180,1.361,2,NULL,NULL,,3,0,2,7,255,944,250,0,0
stim,50082,80203,0,80203,3277519.455,-0.528,-0.048,0.083,0.844,2904,160,519,3015,2117,2491,523,2613,58,1.375,1,2110,1,20.071,0.376,0.438,-14.375,-14.000,-0.133,0.031,0.977,-0.063,0.371,-0.160,0.034,0.010,1.180,1.361,2,NULL,NULL,,3,0,2,7,255,944,250,0,0
stim,50082,80203,0,80203,3277524.454,-0.529,-0.048,0.083,0.843,2877,159,659,2986,2165,2487,552,2619,58,1.375,1,2110,1,20.569,0.371,1.125,-15.313,-13.688,-0.152,0.039,0.949,-0.008,0.371,-0.160,0.034,0.008,1.180,1.361,2,NULL,NULL,,3,0,2,7,255,944,250,0,0
stim,50082,80203,0,80203,3277529.455,-0.529,-0.047,0.083,0.843,2860,159,695,2963,2213,2501,595,2637,58,1.375,1,2110,1,23.018,0.082,5.063,-17.250,-14.375,-0.172,0.051,0.941,0.000,0.082,-0.391,0.036,0.008,1.180,1.361,2,NULL,NULL,,3,0,2,7,255,944,250,0,0
stim,50104,80225,0,80225,3277534.454,-0.530,-0.046,0.082,0.843,2827,175,775,2925,2269,2501,654,2661,58,1.375,1,2110,1,26.728,0.148,9.625,-19.125,-16.000,-0.188,0.094,0.969,0.000,-0.148,-0.391,0.036,0.006,1.180,1.361,2,NULL,NULL,,3,0,2,7,255,944,250,0,0
stim,50104,80225,0,80225,3277539.455,-0.531,-0.045,0.082,0.842,2792,176,880,2899,2325,2513,731,2669,58,1.375,1,2110,1,30.491,0.523,11.688,-20.438,-19.375,-0.191,0.160,1.000,-0.293,-0.434,-0.098,0.036,0.006,1.180,1.361,2,NULL,NULL,,3,0,2,7,255,944,250,0,0
stim,50135,80256,0,80256,3277544.453,-0.532,-0.044,0.082,0.842,2760,185,1004,2869,2365,2507,823,2697,58,1.375,1,2110,1,33.031,1.092,10.313,-21.938,-22.438,-0.188,0.207,1.031,-0.852,-0.684,0.254,0.034,0.006,1.180,1.361,2,NULL,NULL,,3,0,2,7,255,944,250,0,0
stim,50135,80256,0,80256,3277549.455,-0.533,-0.043,0.082,0.841,2711,211,1134,2845,2413,2520,967,2709,58,1.375,1,2110,1,35.085,1.517,4.875,-23.188,-25.875,-0.184,0.227,1.039,-1.273,-0.824,0.574,0.034,0.008,1.180,1.361,2,NULL,NULL,,3,0,2,7,255,944,250,0,0
stim,50135,80256,0,80256,3277554.454,-0.534,-0.042,0.082,0.841,2649,223,1251,2825,2469,2517,1081,2729,58,1.375,1,2110,1,39.925,1.517,-0.250,-22.563,-32.938,-0.172,0.191,1.059,-1.273,-0.824,0.656,0.036,0.012,1.180,1.361,2,NULL,NULL,,3,0,2,7,255,944,250,0,0
stim,50135,80256,0,80256,3277559.455,-0.535,-0.042,0.081,0.840,2599,227,1358,2783,2504,2521,1193,2743,58,1.375,1,2110,1,48.389,1.337,-8.250,-22.688,-41.938,-0.176,0.129,1.063,-1.203,-0.582,0.777,0.036,0.018,1.180,1.361,2,NULL,NULL,,3,0,2,7,255,944,250,0,0
stim,50135,80256,0,80256,3277564.454,-0.537,-0.041,0.080,0.839,2531,231,1517,2751,2553,2522,1317,2762,58,1.375,1,2110,1,55.571,0.730,-17.500,-23.563,-47.188,-0.156,0.086,1.027,-0.629,-0.371,0.777,0.038,0.022,1.180,1.361,2,NULL,NULL,,3,0,2,7,255,944,250,0,0
stim,50135,80256,0,80256,3277569.455,-0.539,-0.041,0.078,0.838,2456,237,1681,2728,2601,2527,1429,2777,58,1.375,1,2110,1,60.827,0.361,-19.875,-23.563,-52.438,-0.148,0.074,0.992,-0.336,-0.133,0.395,0.042,0.028,1.180,1.361,2,NULL,NULL,,3,0,2,7,255,944,250,0,0
stim,50135,80256,0,80256,3277574.454,-0.541,-0.041,0.077,0.836,2383,237,1813,2669,2633,2527,1576,2792,58,1.375,1,2110,1,66.558,0.294,-22.813,-24.563,-57.500,-0.156,0.055,1.016,-0.277,-0.098,0.258,0.046,0.034,1.180,1.361,2,NULL,NULL,,3,0,2,7,255,944,250,0,0
stim,50135,80256,0,80256,3277579.455,-0.544,-0.041,0.075,0.835,2292,245,1937,2637,2675,2539,1669,2808,58,1.375,1,2110,1,74.938,0.141,-31.938,-24.875,-63.063,-0.180,0.023,1.059,-0.102,-0.098,0.258,0.048,0.038,1.180,1.361,2,NULL,NULL,,3,0,2,7,255,944,250,0,0
stim,50135,80256,0,80256,3277584.454,-0.546,-0.041,0.072,0.834,2193,249,2045,2579,2702,2523,1750,2823,58,1.375,1,2110,1,85.974,0.273,-44.313,-24.625,-69.438,-0.172,-0.020,1.082,0.266,-0.063,0.707,0.052,0.044,1.180,1.361,2,NULL,NULL,,3,0,2,7,255,944,250,0,0
stim,50135,80256,0,80256,3277589.455,-0.549,-0.042,0.069,0.832,2096,255,2189,2523,2740,2545,1870,2851,58,1.375,1,2110,0,99.915,0.580,-60.688,-25.250,-75.250,-0.141,-0.059,1.055,0.563,0.141,0.707,0.056,0.048,1.180,1.361,2,NULL,NULL,,3,0,2,7,255,944,250,0,0
stim,50172,80293,0,80293,3277594.453,-0.551,-0.043,0.066,0.831,1993,247,2295,2456,2764,2536,1959,2863,58,1.375,1,2110,0,105.905,0.790,-67.938,-27.000,-76.625,-0.125,-0.059,0.984,0.660,0.434,0.586,0.060,0.054,1.180,1.361,2,NULL,NULL,,3,0,2,7,255,944,250,0,0
stim,50172,80293,0,80293,3277599.455,-0.554,-0.043,0.062,0.829,1867,244,2379,2361,2790,2471,2043,2868,58,1.375,1,2110,0,98.894,0.801,-61.125,-28.063,-72.500,-0.070,-0.066,0.914,0.660,0.453,-0.098,0.062,0.058,1.180,1.361,2,NULL,NULL,,3,0,2,7,255,944,250,0,0
stim,50172,80293,0,80293,3277604.454,-0.556,-0.044,0.060,0.828,1711,227,2475,2265,2822,2549,2136,2889,58,1.375,1,2110,0,85.267,1.023,-50.688,-30.188,-61.563,-0.074,-0.086,0.926,0.621,0.813,-0.734,0.064,0.062,1.180,1.361,2,NULL,NULL,,3,0,2,7,255,944,250,0,0
stim,50172,80293,0,80293,3277609.455,-0.558,-0.044,0.057,0.827,1533,224,2536,2151,2848,2547,2229,2903,58,1.375,1,2110,0,78.735,0.975,-44.875,-31.063,-56.750,-0.074,-0.078,0.992,0.527,0.820,-0.734,0.066,0.066,1.180,1.361,2,NULL,NULL,,3,0,2,7,255,944,250,0,0
stim,50172,80293,0,80293,3277614.454,-0.560,-0.044,0.054,0.825,1311,213,2599,2017,2872,2482,2301,2907,58,1.375,1,2110,0,80.299,0.975,-46.000,-32.250,-57.375,-0.125,-0.051,1.039,0.527,0.820,-0.090,0.066,0.068,1.180,1.361,2,NULL,NULL,,3,0,2,7,255,944,250,0,0
stim,50172,80293,0,80293,3277619.455,-0.562,-0.044,0.052,0.824,1133,172,2647,1844,2888,2537,2376,2921,58,1.375,1,2110,0,77.877,0.572,-44.688,-33.438,-54.313,-0.086,-0.008,1.000,0.402,0.406,0.027,0.066,0.070,1.180,1.361,2,NULL,NULL,,3,0,2,7,255,944,250,0,0
stim,50172,80293,0,80293,3277624.454,-0.564,-0.043,0.049,0.823,939,132,2702,1624,2915,2531,2441,2923,58,1.375,1,2110,0,70.691,0.425,-37.313,-34.875,-48.875,-0.078,0.008,1.012,-0.137,0.402,0.113,0.064,0.068,1.180,1.361,2,NULL,NULL,,3,0,2,7,255,944,250,0,0
stim,50200,80321,0,80321,3277629.455,-0.566,-0.043,0.047,0.822,655,71,2743,1390,2925,2524,2495,2934,58,1.375,1,2110,0,65.045,0.512,-30.125,-36.188,-44.875,-0.121,0.020,1.066,-0.316,0.402,0.113,0.060,0.066,1.180,1.361,2,NULL,NULL,,3,0,2,7,255,944,250,0,0
stim,50200,80321,0,80321,3277634.454,-0.567,-0.042,0.045,0.821,407,61,2777,1130,2951,2515,2544,2953,58,1.375,1,2110,0,66.248,0.328,-30.750,-40.063,-42.875,-0.148,0.035,1.121,-0.328,-0.016,0.699,0.056,0.064,1.180,1.361,2,NULL,NULL,,3,0,2,7,255,944,250,0,0
stim,50200,80321,0,80321,3277639.455,-0.569,-0.041,0.043,0.820,267,4,2826,873,2969,2494,2605,2963,58,1.375,1,2110,0,73.476,0.331,-35.063,-41.313,-49.625,-0.121,0.004,1.086,-0.328,-0.047,0.898,0.052,0.060,1.180,1.361,2,NULL,NULL,,3,0,2,7,255,944,250,0,0
stim,50200,80321,0,80321,3277644.453,-0.570,-0.041,0.040,0.819,105,0,2843,603,2981,2479,2643,2967,58,1.375,1,2110,0,72.507,0.247,-30.813,-44.563,-48.188,-0.051,-0.051,1.043,-0.242,-0.047,0.898,0.048,0.058,1.180,1.361,2,NULL,NULL,,3,0,2,7,255,944,250,0,0
stim,50234,80355,0,80355,3277649.455,-0.572,-0.039,0.038,0.818,25,0,2869,437,3004,2457,2674,2970,58,1.375,1,2110,0,68.771,0.700,-27.438,-48.125,-40.750,0.020,-0.055,1.039,-0.168,0.680,0.391,0.046,0.056,1.180,1.361,2,NULL,NULL,,3,0,2,7,255,944,250,0,0
stim,50234,80355,0,80355,3277654.454,-0.573,-0.038,0.036,0.818,4,0,2885,269,3017,2427,2699,2984,58,1.375,1,2110,0,63.116,0.799,-19.438,-52.125,-29.813,0.012,0.059,1.031,-0.168,0.781,0.293,0.046,0.054,1.180,1.361,2,NULL,NULL,,3,0,2,7,255,944,250,0,0
stim,50234,80355,0,80355,3277659.455,-0.574,-0.036,0.034,0.817,0,0,2903,160,3028,2403,2735,2988,58,1.375,1,2110,0,63.880,0.954,-11.813,-56.250,-27.875,-0.145,0.047,1.070,-0.547,0.781,0.293,0.044,0.054,1.180,1.361,2,NULL,NULL,,3,0,2,7,255,944,250,0,0
stim,50234,80355,0,80355,3277664.453,-0.574,-0.033,0.033,0.818,0,0,2915,141,3030,2375,2759,2995,58,1.375,1,2110,0,76.528,0.833,30.750,-70.063,1.500,-0.430,-0.082,1.324,-0.547,-0.629,0.777,0.044,0.054,1.180,1.361,2,NULL,NULL,,3,0,2,7,255,944,250,0,0
stim,50234,80355,0,80355,3277669.455,-0.575,-0.030,0.033,0.817,0,0,2935,111,3049,2340,2780,2995,58,1.375,1,2110,0,91.672,3.051,40.563,-81.063,-13.688,-0.539,-0.109,1.684,1.508,-2.652,3.531,0.044,0.056,1.180,1.361,2,NULL,NULL,,3,0,2,7,255,944,250,0,0
stim,50234,80355,0,80355,3277674.454,-0.576,-0.026,0.032,0.817,0,0,2935,84,3047,2297,2811,2996,58,1.375,1,2110,0,98.640,3.051,29.438,-88.563,-31.938,-0.406,0.016,1.828,1.508,-2.652,7.098,0.046,0.056,1.180,1.361,3,NULL,NULL,,3,0,2,7,255,944,250,0,0
stim,50234,80355,0,80355,3277679.455,-0.577,-0.023,0.028,0.816,0,0,2939,49,3055,2250,2834,3004,58,1.375,1,2110,0,103.376,2.604,-38.438,-91.750,-28.125,-0.039,0.156,1.531,0.465,-2.563,7.098,0.046,0.056,1.180,1.361,3,NULL,NULL,,3,0,2,7,255,944,250,0,0
stim,50234,80355,0,80355,3277684.453,-0.577,-0.022,0.023,0.816,0,0,2953,2,3065,2195,2857,3002,58,1.375,1,2110,0,116.465,1.864,-71.000,-91.875,-9.063,0.039,0.129,1.195,-1.863,0.031,5.184,0.046,0.058,1.180,1.361,3,NULL,NULL,,3,0,2,7,255,944,250,0,0
stim,50254,80375,0,80375,3277689.455,-0.576,-0.019,0.019,0.817,0,0,2953,0,3069,2125,2879,3002,58,1.375,1,2110,0,112.072,1.864,-39.063,-100.500,30.563,-0.066,0.148,1.074,-1.863,0.031,1.816,0.046,0.058,1.180,1.361,3,NULL,NULL,,3,0,2,7,255,944,250,0,0
stim,50254,80375,0,80375,3277694.453,-0.574,-0.015,0.017,0.818,0,0,2963,0,3095,2035,2886,3003,58,1.375,1,2110,0,117.893,1.788,-1.500,-109.688,43.188,-0.262,0.152,1.160,-1.641,-0.711,1.645,0.048,0.060,1.180,1.361,3,NULL,NULL,,3,0,2,7,255,944,250,0,0
stim,50254,80375,0,80375,3277699.455,-0.573,-0.011,0.015,0.819,0,0,2951,0,3095,1912,2901,2999,58,1.375,1,2110,0,119.609,2.777,10.000,-116.375,25.750,-0.352,0.098,1.383,-1.023,-2.582,1.645,0.048,0.062,1.180,1.361,3,NULL,NULL,,3,0,2,7,255,944,250,0,0
stim,50254,80375,0,80375,3277704.454,-0.573,-0.007,0.012,0.820,0,0,2951,0,3097,1787,2913,2997,58,1.375,1,2110,0,124.399,2.742,-2.438,-123.688,13.063,-0.313,0.016,1.508,-0.207,-2.734,3.828,0.046,0.064,1.180,1.361,3,NULL,NULL,,3,0,2,7,255,944,250,0,0
stim,50254,80375,0,80375,3277709.455,-0.572,-0.003,0.008,0.820,0,0,2940,0,3099,1639,2927,2996,58,1.375,1,2110,0,132.125,2.764,-16.750,-130.375,13.375,-0.238,-0.027,1.477,0.402,-2.734,4.691,0.044,0.070,1.180,1.361,3,NULL,NULL,,3,0,2,7,255,944,250,0,0
stim,50254,80375,0,80375,3277714.453,-0.571,0.001,0.004,0.821,0,0,2933,0,3119,1454,2925,2987,58,1.375,1,2110,0,142.365,2.105,-30.625,-137.250,22.188,-0.184,0.008,1.418,0.402,-2.066,4.691,0.038,0.078,1.180,1.361,3,NULL,NULL,,3,0,2,7,255,944,250,0,0
stim,50284,80405,0,80405,3277719.455,-0.570,0.005,-0.001,0.822,0,0,2916,0,3111,1247,2939,2983,58,1.375,1,2110,0,152.916,2.072,-41.688,-143.875,30.750,-0.184,0.047,1.332,0.156,-2.066,4.102,0.034,0.086,1.180,1.361,3,NULL,NULL,,3,0,2,7,255,944,250,0,0
stim,50284,80405,0,80405,3277724.454,-0.569,0.010,-0.006,0.823,0,0,2903,0,3114,1017,2961,2971,58,1.375,1,2110,0,160.239,2.174,-38.563,-151.125,36.750,-0.234,0.020,1.230,0.156,-2.168,3.195,0.032,0.096,1.180,1.361,3,NULL,NULL,,3,0,2,7,255,944,250,0,0
stim,50284,80405,0,80405,3277729.455,-0.567,0.015,-0.011,0.824,0,0,2891,0,3128,745,2963,2963,58,1.375,1,2110,0,167.765,2.686,-27.563,-160.500,40.313,-0.297,-0.039,1.195,0.313,-2.668,2.203,0.036,0.106,1.180,1.361,3,NULL,NULL,,3,0,2,7,255,944,250,0,0
stim,50284,80405,0,80405,3277734.453,-0.565,0.020,-0.016,0.824,0,0,2869,0,3119,571,2972,2942,58,1.375,1,2110,0,174.914,3.304,-18.938,-170.250,35.375,-0.293,-0.098,1.211,1.105,-3.113,1.914,0.044,0.114,1.180,1.361,3,NULL,NULL,,3,0,2,7,255,944,250,0,0
stim,50284,80405,0,80405,3277739.455,-0.564,0.026,-0.021,0.825,0,0,2825,0,3119,401,2969,2919,58,1.375,1,2110,0,181.810,3.537,-16.063,-178.813,28.688,-0.254,-0.168,1.168,1.680,-3.113,1.797,0.052,0.124,1.180,1.361,3,NULL,NULL,,3,0,2,7,255,944,250,0,0
stim,50284,80405,0,80405,3277744.454,-0.562,0.033,-0.026,0.826,0,0,2795,0,3131,189,2973,2897,58,1.375,1,2110,0,189.998,3.466,-8.000,-187.313,30.813,-0.211,-0.199,1.156,2.227,-2.656,1.500,0.060,0.138,1.180,1.361,3,NULL,NULL,,3,0,2,7,255,944,250,0,0
stim,50333,80454,0,80454,3277749.455,-0.561,0.039,-0.031,0.827,0,0,2747,0,3127,108,2975,2861,58,1.375,1,2110,0,200.873,3.230,0.500,-196.938,39.563,-0.156,-0.105,1.188,2.227,-2.340,1.500,0.066,0.150,1.180,1.361,3,NULL,NULL,,3,0,2,7,255,944,250,0,0
stim,50333,80454,0,80454,3277754.453,-0.558,0.047,-0.035,0.827,0,0,2697,0,3129,37,2988,2828,58,1.375,1,2110,0,207.882,2.756,10.688,-203.250,42.313,-0.188,0.023,1.238,1.457,-2.340,1.633,0.072,0.164,1.180,1.361,3,NULL,NULL,,3,0,2,7,255,944,250,0,0
stim,50333,80454,0,80454,3277759.455,-0.556,0.055,-0.040,0.828,0,0,2622,0,3112,11,2975,2781,58,1.375,1,2110,0,216.753,3.334,13.250,-212.688,39.625,-0.211,0.105,1.355,0.469,-3.301,2.004,0.076,0.176,1.180,1.361,3,NULL,NULL,,3,0,2,7,255,944,250,0,0
stim,50333,80454,0,80454,3277764.453,-0.555,0.063,-0.045,0.828,0,0,2543,0,3116,7,2986,2735,58,1.375,1,2110,0,220.388,4.161,4.063,-218.500,28.500,-0.203,0.199,1.496,-0.059,-4.160,3.023,0.082,0.188,1.180,1.361,3,NULL,NULL,,3,0,2,7,255,944,250,0,0
stim,50333,80454,0,80454,3277769.455,-0.553,0.071,-0.051,0.828,0,0,2453,0,3113,44,2974,2677,58,1.375,1,2110,0,227.447,4.894,0.500,-226.688,18.563,-0.270,0.195,1.715,-0.332,-4.883,4.289,0.088,0.200,1.180,1.361,3,NULL,NULL,,3,0,2,7,255,944,250,0,0
stim,50333,80454,0,80454,3277774.454,-0.552,0.080,-0.056,0.828,0,0,2329,0,3099,69,2969,2607,58,1.375,1,2110,0,239.829,6.095,16.625,-238.813,14.500,-0.418,0.043,2.168,-0.332,-6.086,6.223,0.098,0.214,1.180,1.361,3,NULL,NULL,,3,0,2,7,255,944,250,0,0
stim,50352,80473,0,80473,3277779.455,-0.550,0.089,-0.062,0.828,0,0,2175,0,3081,71,2943,2533,58,1.375,1,2110,0,265.039,8.241,9.188,-263.125,30.438,-0.637,-0.016,2.578,1.961,-8.004,10.242,0.108,0.230,1.180,1.361,3,NULL,NULL,,3,0,2,7,255,944,250,0,0
stim,50352,80473,0,80473,3277784.453,-0.548,0.099,-0.070,0.828,0,0,1983,0,3065,85,2932,2439,58,1.375,1,2110,0,295.345,11.180,-32.000,-291.375,36.125,-0.855,0.277,2.777,2.184,-10.965,13.531,0.120,0.244,1.180,1.361,3,NULL,NULL,,3,0,2,7,255,944,250,0,0
stim,50352,80473,0,80473,3277789.455,-0.546,0.109,-0.080,0.827,0,0,1835,0,3031,90,2909,2319,58,1.375,1,2110,0,328.261,15.181,-67.688,-320.750,17.125,-0.980,0.738,2.832,2.184,-15.023,14.043,0.132,0.260,1.180,1.361,3,NULL,NULL,,3,0,2,7,255,944,250,0,0
stim,50352,80473,0,80473,3277794.454,-0.545,0.119,-0.092,0.825,0,0,1703,0,3015,99,2871,2182,58,1.375,1,2110,0,363.939,18.690,-97.250,-350.688,-3.500,-0.973,1.016,2.891,-1.359,-18.641,14.043,0.146,0.278,1.180,1.361,3,NULL,NULL,,3,0,2,7,255,944,250,0,0
stim,50352,80473,0,80473,3277799.455,-0.544,0.130,-0.106,0.822,0,0,1576,0,2969,103,2815,2060,58,1.375,1,2110,0,399.265,20.875,-121.375,-379.875,-19.375,-0.895,1.063,2.949,-3.773,-20.531,13.910,0.164,0.296,1.180,1.361,3,NULL,NULL,,3,0,2,7,255,944,250,0,0
stim,50352,80473,0,80473,3277804.453,-0.543,0.141,-0.121,0.819,0,0,1451,0,2919,108,2767,1937,58,1.375,1,2110,0,435.308,21.359,-154.625,-406.125,-25.438,-0.902,0.988,3.012,-3.773,-21.023,13.883,0.188,0.322,1.180,1.361,3,NULL,NULL,,3,0,2,7,255,944,250,0,0
stim,50374,80495,0,80495,3277809.455,-0.543,0.152,-0.137,0.815,0,0,1341,0,2865,93,2667,1833,58,1.375,1,2110,0,469.007,22.212,-182.438,-431.125,-28.563,-0.918,0.797,2.914,-3.742,-21.895,13.734,0.216,0.352,1.180,1.361,3,NULL,NULL,,3,0,2,7,255,944,250,0,0
stim,50374,80495,0,80495,3277814.454,-0.541,0.164,-0.154,0.810,0,0,1195,0,2791,75,2539,1737,58,1.375,1,2110,0,493.683,21.991,-174.625,-460.688,-31.563,-0.941,0.422,2.801,-2.063,-21.895,12.070,0.250,0.388,1.180,1.361,3,NULL,NULL,,3,0,2,7,255,944,250,0,0
stim,50374,80495,0,80495,3277819.455,-0.540,0.177,-0.172,0.805,0,0,1059,0,2713,71,2375,1619,58,1.375,1,2110,0,517.309,21.785,-177.813,-485.250,-22.875,-0.926,0.535,2.684,0.098,-21.785,10.391,0.294,0.434,1.180,1.361,3,NULL,NULL,,3,0,2,7,255,944,250,0,0
stim,50374,80495,0,80495,3277824.454,-0.538,0.191,-0.189,0.799,0,0,907,0,2579,45,2167,1471,58,1.375,1,2110,0,524.099,21.788,-165.688,-495.438,-42.063,-0.891,0.488,2.625,0.340,-21.785,8.371,0.350,0.492,1.180,1.361,3,NULL,NULL,,3,0,2,7,255,944,250,0,0
stim,50374,80495,0,80495,3277829.455,-0.536,0.206,-0.205,0.793,0,0,775,0,2437,1,1883,1324,58,1.375,1,2110,0,527.612,21.788,-127.688,-509.375,-51.063,-0.770,0.145,2.824,0.340,-21.785,8.371,0.418,0.560,1.180,1.361,3,NULL,NULL,,3,0,2,7,255,944,250,0,0
stim,50374,80495,0,80495,3277834.453,-0.532,0.222,-0.222,0.786,0,0,569,0,2215,0,1545,1113,58,1.375,1,2110,0,542.002,22.127,-111.813,-529.688,-26.375,-0.816,-0.336,2.988,3.281,-21.883,8.781,0.496,0.640,1.180,1.361,3,NULL,NULL,,3,0,2,7,255,944,250,0,0
stim,50404,80525,0,80525,3277839.455,-0.527,0.237,-0.240,0.780,0,0,347,0,1967,0,1114,969,58,1.375,1,2110,0,567.168,23.173,-148.938,-547.063,14.813,-0.758,-0.578,2.691,8.133,-21.699,8.781,0.584,0.730,1.180,1.361,3,NULL,NULL,,3,0,2,7,255,944,250,0,0
stim,50404,80525,0,80525,3277844.454,-0.522,0.252,-0.258,0.773,0,0,209,0,1660,0,640,855,58,1.375,1,2110,0,577.799,22.276,-148.000,-558.500,5.063,-0.688,-0.563,2.117,9.215,-20.281,6.742,0.680,0.826,1.180,1.361,3,NULL,NULL,,3,0,2,7,255,944,250,0,0
stim,50435,80556,0,80556,3277849.455,-0.515,0.269,-0.274,0.766,0,0,109,0,1331,0,211,667,58,1.375,1,2110,0,578.814,19.237,-85.688,-572.188,16.875,-0.648,-0.301,1.820,9.215,-16.887,1.895,0.780,0.928,1.180,1.361,3,NULL,NULL,,3,0,2,7,255,944,250,0,0
stim,50435,80556,0,80556,3277854.453,-0.507,0.286,-0.288,0.760,0,0,100,0,895,0,0,536,58,1.375,1,2110,0,577.967,18.110,-33.875,-575.688,38.500,-0.613,0.223,1.930,6.543,-16.887,-1.199,0.886,1.034,1.180,1.361,3,NULL,NULL,,3,0,2,7,255,944,250,0,0
stim,50435,80556,0,80556,3277859.455,-0.495,0.304,-0.303,0.756,0,0,45,0,345,0,0,478,58,1.375,1,2110,0,592.511,18.727,0.500,-583.313,104.000,-1.098,0.242,2.129,3.902,-18.316,-1.965,0.996,1.148,1.180,1.361,3,NULL,NULL,,3,0,2,7,255,944,250,0,0
stim,50435,80556,0,80556,3277864.454,-0.481,0.320,-0.318,0.751,0,0,27,0,0,0,0,424,58,1.375,1,2110,0,611.216,23.202,-15.938,-589.500,160.688,-1.379,0.363,2.066,3.902,-22.871,-5.309,1.112,1.266,1.180,1.361,3,NULL,NULL,,3,0,2,7,255,944,250,0,0
stim,50435,80556,0,80556,3277869.455,-0.471,0.336,-0.333,0.745,0,0,20,0,0,0,0,355,58,1.375,1,2110,0,572.444,24.026,-67.500,-560.813,92.875,-1.129,0.809,1.973,3.902,-23.707,-9.211,1.230,1.386,1.180,1.361,4,NULL,NULL,,3,0,2,7,255,944,250,0,0
stim,50435,80556,0,80556,3277874.454,-0.465,0.348,-0.349,0.736,0,0,11,0,0,0,0,252,58,1.375,1,2110,0,515.037,23.720,-152.375,-491.313,25.625,-0.539,1.383,1.863,-0.777,-23.707,-9.211,1.344,1.502,1.180,1.361,0,NULL,NULL,,3,0,2,7,255,944,250,0,0
stim,50435,80556,0,80556,3277879.455,-0.460,0.353,-0.368,0.727,0,0,17,0,0,0,0,203,58,1.375,1,2110,0,508.036,23.332,-296.813,-403.313,85.688,-0.820,1.590,1.602,-8.105,-21.879,-9.820,1.452,1.612,1.180,1.361,0,NULL,NULL,,3,0,2,7,255,944,250,0,0
stim,50435,80556,0,80556,3277884.453,-0.456,0.348,-0.392,0.719,0,0,13,0,0,0,0,156,58,1.375,1,2110,0,604.717,23.442,-502.875,-267.375,203.250,-0.797,2.141,0.215,-9.703,-21.340,-12.754,1.554,1.716,1.180,1.361,0,NULL,NULL,,3,0,2,7,255,944,250,0,0
stim,50435,80556,0,80556,3277889.455,-0.457,0.342,-0.410,0.712,0,0,11,0,0,0,0,112,58,1.375,1,2110,0,449.180,16.494,-417.563,-133.875,97.375,-0.352,1.469,-0.801,-12.996,-10.156,-20.172,1.652,1.820,1.180,1.361,0,NULL,NULL,,3,0,2,7,255,944,250,0,0
stim,50435,80556,0,80556,3277894.454,-0.457,0.341,-0.412,0.711,0,0,3,0,0,0,0,91,58,1.375,1,2110,0,70.072,13.126,-58.875,-28.938,24.625,-0.891,-0.402,-0.066,-12.996,-1.844,-20.172,1.758,1.928,1.180,1.361,0,NULL,NULL,,3,0,2,7,255,944,250,0,0
stim,50467,80588,0,80588,3277899.455,-0.457,0.342,-0.409,0.712,0,0,2,0,0,0,0,92,58,1.375,1,2110,0,90.518,6.865,81.875,35.875,-14.250,-1.332,-1.129,1.574,6.613,-1.844,-16.484,1.874,2.044,1.180,1.361,0,NULL,NULL,,3,0,2,7,255,944,250,0,0
stim,50467,80588,0,80588,3277904.453,-0.461,0.337,-0.407,0.712,0,0,0,0,0,0,0,90,58,1.375,1,2110,0,144.964,20.327,-56.688,128.188,-37.000,-1.207,-0.719,1.898,11.996,-16.410,-11.359,1.994,2.166,1.180,1.361,0,NULL,NULL,,3,0,2,7,255,944,250,0,0
stim,50467,80588,0,80588,3277909.455,-0.468,0.328,-0.409,0.711,0,0,0,0,0,0,0,53,58,1.375,1,2110,0,279.081,20.327,-197.813,196.313,-14.750,-1.098,0.680,1.109,11.996,-16.410,-11.359,2.110,2.286,1.180,1.361,0,NULL,NULL,,3,0,2,7,255,944,250,0,0
stim,50467,80588,0,80588,3277914.454,-0.474,0.316,-0.410,0.712,0,0,0,0,0,0,0,38,58,1.375,1,2110,0,297.863,15.555,-179.500,235.688,30.875,-0.969,1.484,0.293,-2.000,-15.426,-16.070,2.212,2.388,1.180,1.361,0,NULL,NULL,,3,0,2,7,255,944,250,0,0
stim,50467,80588,0,80588,3277919.455,-0.478,0.306,-0.408,0.715,0,0,0,0,0,0,0,11,58,1.375,1,2110,0,268.637,13.600,-78.563,248.500,65.125,-1.125,1.422,0.309,-9.141,-10.070,-20.828,2.288,2.466,1.180,1.361,0,NULL,NULL,,3,0,2,7,255,944,250,0,0
stim,50467,80588,0,80588,3277924.454,-0.482,0.296,-0.405,0.719,0,0,0,0,0,0,0,23,58,1.375,1,2110,0,263.535,13.600,-34.563,256.563,49.313,-1.309,0.754,0.766,-9.141,-10.070,-20.828,2.340,2.518,1.180,1.361,0,NULL,NULL,,3,0,2,7,255,944,250,0,0
stim,50497,80619,1,80619,3277929.455,-0.487,0.286,-0.402,0.721,0,0,0,0,0,0,0,24,58,1.375,1,2110,0,278.160,12.397,-75.813,266.500,24.563,-1.133,0.133,0.785,-2.293,-12.184,-18.891,2.380,2.560,1.180,1.361,0,NULL,NULL,,3,1,2,7,255,944,250,0,0
stim,50498,80619,1,80619,3277934.453,-0.492,0.274,-0.400,0.723,0,0,0,0,0,0,0,25,58,1.375,1,2110,0,296.327,12.331,-114.688,271.063,34.375,-0.957,0.148,0.375,1.902,-12.184,-15.773,2.430,2.610,1.180,1.361,0,NULL,NULL,,3,1,2,7,255,944,250,0,0
stim,50498,80619,1,80619,3277939.455,-0.497,0.263,-0.397,0.725,0,0,0,0,0,0,0,23,58,1.375,1,2110,0,294.961,8.284,-103.000,273.125,42.375,-0.844,0.395,-0.117,1.902,-8.063,-15.773,2.492,2.676,1.180,1.361,0,NULL,NULL,,3,1,2,7,255,944,250,0,0
stim,50498,80619,1,80619,3277944.454,-0.501,0.252,-0.394,0.728,0,0,0,0,0,0,0,25,58,1.375,1,2110,0,284.987,4.003,-53.000,275.750,48.688,-0.766,0.512,-0.215,-0.605,-3.957,-18.148,2.562,2.748,1.180,1.361,0,NULL,NULL,,3,1,2,7,255,944,250,0,0
stim,50538,80659,1,80659,3277949.455,-0.505,0.242,-0.388,0.732,0,0,0,0,0,0,0,25,58,1.375,1,2110,0,287.453,3.553,-13.313,282.813,49.688,-0.660,0.438,-0.141,-1.570,-3.188,-18.148,2.626,2.814,1.180,1.361,0,NULL,NULL,,3,1,2,7,255,944,250,0,0
stim,50538,80659,1,80659,3277954.453,-0.508,0.232,-0.382,0.736,0,0,0,0,0,0,0,23,58,1.375,1,2110,0,299.133,3.553,4.813,293.625,56.938,-0.566,0.332,-0.043,-1.570,-3.188,-16.895,2.686,2.876,1.180,1.361,0,NULL,NULL,,3,1,2,7,255,944,250,0,0
stim,50538,80659,1,80659,3277959.455,-0.511,0.222,-0.375,0.741,0,0,0,0,0,0,0,26,58,1.375,1,2110,0,313.038,3.561,21.000,304.938,67.563,-0.555,0.309,-0.047,-0.973,-3.426,-15.223,2.746,2.938,1.180,1.361,0,NULL,NULL,,3,1,2,7,255,944,250,0,0
stim,50538,80659,1,80659,3277964.454,-0.514,0.211,-0.367,0.746,0,0,0,0,0,0,0,28,58,1.375,1,2110,0,324.663,3.585,40.375,315.125,66.875,-0.625,0.348,0.055,-0.949,-3.457,-15.016,2.806,3.000,1.180,1.361,0,NULL,NULL,,3,1,2,7,255,944,250,0,0
stim,50538,80659,1,80659,3277969.455,-0.517,0.201,-0.358,0.751,0,0,0,0,0,0,0,28,58,1.375,1,2110,0,335.336,4.872,60.313,323.375,65.125,-0.555,0.262,0.141,-0.762,-4.813,-14.914,2.862,3.056,1.180,1.361,0,NULL,NULL,,3,1,2,7,255,944,250,0,0
stim,50538,80659,1,80659,3277974.454,-0.519,0.191,-0.349,0.756,0,0,0,0,0,0,0,27,58,1.375,1,2110,0,346.032,5.069,75.563,329.875,72.188,-0.512,0.270,0.281,-0.832,-5.000,-13.484,2.910,3.106,1.180,1.361,0,NULL,NULL,,3,1,2,7,255,944,250,0,0
stim,50539,80660,1,80660,3277979.455,-0.522,0.181,-0.339,0.762,0,0,0,0,0,0,0,27,58,1.375,1,2110,0,353.884,5.941,80.938,337.188,70.625,-0.488,0.352,0.410,-0.832,-5.883,-12.145,2.952,3.150,1.180,1.361,0,NULL,NULL,,3,1,2,7,255,944,250,0,0
stim,50539,80660,1,80660,3277984.454,-0.524,0.170,-0.329,0.767,0,0,0,0,0,0,0,28,58,1.375,1,2110,0,360.740,6.952,83.875,343.813,69.938,-0.453,0.301,0.445,-1.547,-6.777,-11.230,2.988,3.188,1.180,1.361,0,NULL,NULL,,3,1,2,7,255,944,250,0,0
stim,50539,80660,1,80660,3277989.455,-0.526,0.160,-0.318,0.772,0,0,0,0,0,0,0,27,58,1.375,1,2110,0,369.860,6.952,93.938,349.688,75.438,-0.422,0.227,0.484,-1.547,-6.777,-10.402,3.022,3.224,1.180,1.361,0,NULL,NULL,,3,1,2,7,255,944,250,0,0
stim,50539,80660,1,80660,3277994.454,-0.529,0.149,-0.307,0.777,0,0,0,0,0,0,0,27,58,1.375,1,2110,0,378.230,6.888,103.688,357.375,67.750,-0.426,0.234,0.586,-1.230,-6.777,-9.469,3.056,3.260,1.180,1.361,0,NULL,NULL,,3,1,2,7,255,944,250,0,0
stim,50562,80683,1,80683,3277999.455,-0.531,0.139,-0.295,0.783,0,0,0,0,0,0,0,24,58,1.375,1,2110,0,384.825,7.450,110.875,361.688,70.563,-0.426,0.250,0.695,-1.230,-7.348,-8.570,3.090,3.294,1.180,1.361,0,NULL,NULL,,3,1,2,7,255,944,250,0,0
stim,50562,80683,1,80683,3278004.453,-0.533,0.128,-0.283,0.787,0,0,0,0,0,0,0,19,58,1.375,1,2110,0,390.425,8.145,115.250,368.500,57.938,-0.395,0.313,0.848,-1.508,-8.004,-7.551,3.124,3.332,1.180,1.361,0,NULL,NULL,,3,1,2,7,255,944,250,0,0
stim,50562,80683,1,80683,3278009.455,-0.535,0.117,-0.270,0.792,0,0,0,0,0,0,0,17,58,1.375,1,2110,0,393.672,9.032,113.375,372.188,60.000,-0.359,0.277,0.957,-2.371,-8.715,-6.145,3.162,3.372,1.180,1.361,0,NULL,NULL,,3,1,2,7,255,944,250,0,0
stim,50562,80683,1,80683,3278014.454,-0.538,0.106,-0.258,0.796,0,0,0,0,0,0,0,15,58,1.375,1,2110,0,396.304,9.107,106.750,378.063,52.250,-0.371,0.238,1.004,-2.371,-8.793,-4.715,3.202,3.414,1.180,1.361,0,NULL,NULL,,3,1,2,7,255,944,250,0,0
stim,50584,80705,1,80705,3278019.455,-0.540,0.095,-0.245,0.800,0,0,0,0,0,0,0,13,58,1.375,1,2110,0,398.605,9.103,104.250,381.063,53.000,-0.309,0.234,1.012,-2.355,-8.793,-3.977,3.244,3.456,1.180,1.361,0,NULL,NULL,,3,1,2,7,255,944,250,0,0
stim,50584,80705,1,80705,3278024.454,-0.542,0.083,-0.233,0.803,0,0,0,0,0,0,0,11,58,1.375,1,2110,0,402.343,8.446,105.875,384.938,49.938,-0.371,0.164,0.996,-2.105,-8.180,-3.340,3.288,3.502,1.180,1.361,0,NULL,NULL,,3,1,2,7,255,944,250,0,0
stim,50584,80705,1,80705,3278029.455,-0.545,0.072,-0.220,0.806,0,0,0,0,0,0,0,18,58,1.375,1,2110,0,404.356,8.385,109.813,387.000,40.938,-0.359,0.191,1.027,-1.930,-8.160,-3.227,3.332,3.548,1.180,1.361,0,NULL,NULL,,3,1,2,7,255,944,250,0,0
stim,50584,80705,1,80705,3278034.454,-0.547,0.061,-0.207,0.809,0,0,0,0,0,0,0,21,58,1.375,1,2110,0,404.652,8.279,114.688,386.063,39.313,-0.281,0.211,1.031,-1.930,-8.051,-2.715,3.378,3.594,1.180,1.361,0,NULL,NULL,,3,1,2,7,255,944,250,0,0
stim,50584,80705,1,80705,3278039.455,-0.549,0.050,-0.193,0.812,0,0,0,0,0,0,0,22,58,1.375,1,2110,0,406.029,7.549,125.250,384.125,40.250,-0.258,0.180,1.031,-2.297,-7.191,-2.223,3.422,3.642,1.180,1.361,0,NULL,NULL,,3,1,2,7,255,944,250,0,0
stim,50584,80705,1,80705,3278044.453,-0.551,0.040,-0.179,0.814,0,0,0,0,0,0,0,23,58,1.375,1,2110,0,406.550,7.077,140.125,379.563,39.750,-0.230,0.180,1.121,-2.457,-6.637,-1.840,3.468,3.690,1.180,1.361,0,NULL,NULL,,3,1,2,7,255,944,250,0,0
stim,50632,80753,1,80753,3278049.455,-0.553,0.030,-0.165,0.817,0,0,0,0,0,0,0,41,58,1.375,1,2110,0,404.621,6.900,149.500,374.000,38.625,-0.117,0.203,1.207,-2.574,-6.402,-0.723,3.512,3.734,1.180,1.361,0,NULL,NULL,,3,1,2,7,255,944,250,0,0
stim,50632,80753,1,80753,3278054.453,-0.554,0.020,-0.150,0.819,0,0,0,0,0,0,0,40,58,1.375,1,2110,0,402.251,6.276,153.688,369.500,40.688,0.027,0.121,1.172,-3.148,-5.430,0.469,3.554,3.778,1.180,1.361,0,NULL,NULL,,3,1,2,7,255,944,250,0,0
stim,50632,80753,1,80753,3278059.455,-0.554,0.011,-0.135,0.821,0,0,0,0,0,0,0,40,58,1.375,1,2110,0,402.837,4.727,167.188,362.250,55.688,0.070,0.125,1.133,-3.262,-3.422,0.633,3.594,3.820,1.180,1.361,0,NULL,NULL,,3,1,2,7,255,944,250,0,0
stim,50632,80753,1,80753,3278064.454,-0.554,0.002,-0.120,0.824,0,0,0,0,0,0,0,41,58,1.375,1,2110,0,408.502,4.525,192.313,352.750,73.875,0.027,0.230,1.230,-3.262,-3.137,0.824,3.632,3.860,1.180,1.361,0,NULL,NULL,,3,1,2,7,255,944,250,0,0
stim,50632,80753,1,80753,3278069.455,-0.553,-0.005,-0.104,0.826,0,0,0,0,0,0,0,40,58,1.375,1,2110,0,413.582,5.201,213.063,344.938,81.688,-0.066,0.246,1.438,-4.148,-3.137,1.348,3.668,3.898,1.180,1.361,0,NULL,NULL,,3,1,2,7,255,944,250,0,0
stim,50632,80754,1,80754,3278074.454,-0.552,-0.012,-0.088,0.829,0,0,0,0,0,0,0,36,58,1.375,1,2110,0,414.392,5.765,224.938,338.063,82.688,-0.145,0.234,1.680,-4.148,-4.004,3.316,3.702,3.932,1.180,1.361,0,NULL,NULL,,3,1,2,7,255,944,250,0,0
stim,50652,80773,1,80773,3278079.455,-0.551,-0.019,-0.071,0.831,0,0,0,0,0,0,0,35,58,1.375,1,2110,0,411.058,6.187,227.188,332.750,81.438,-0.195,0.266,1.891,-4.188,-4.555,5.781,3.732,3.964,1.180,1.361,0,NULL,NULL,,3,1,2,7,255,944,250,0,0
stim,50652,80773,1,80773,3278084.454,-0.550,-0.026,-0.055,0.833,0,0,0,0,0,0,0,39,58,1.375,1,2110,0,405.888,6.382,225.500,328.625,76.813,-0.230,0.281,2.070,-4.293,-4.723,7.922,3.760,3.994,1.180,1.361,0,NULL,NULL,,3,1,2,7,255,944,250,0,0
stim,50652,80773,1,80773,3278089.455,-0.549,-0.033,-0.039,0.835,0,0,0,0,0,0,0,16,58,1.375,1,2110,0,399.891,6.382,221.688,325.875,67.625,-0.254,0.223,2.227,-4.293,-4.723,9.801,3.786,4.022,1.180,1.361,0,NULL,NULL,,3,1,2,7,255,944,250,0,0
stim,50652,80773,1,80773,3278094.453,-0.548,-0.040,-0.023,0.835,0,0,0,0,0,0,0,8,58,1.375,1,2110,0,393.135,5.601,214.125,325.000,55.500,-0.246,0.148,2.344,-3.844,-4.074,11.586,3.814,4.050,1.180,1.361,0,NULL,NULL,,3,1,2,7,255,944,250,0,0
stim,50652,80773,1,80773,3278099.455,-0.547,-0.047,-0.008,0.836,0,0,0,0,0,0,0,17,58,1.375,1,2110,0,387.017,4.408,204.125,326.250,40.938,-0.223,0.086,2.383,-3.215,-3.016,12.930,3.840,4.078,1.180,1.361,0,NULL,NULL,,3,1,2,7,255,944,250,0,0
stim,50652,80773,1,80773,3278104.454,-0.547,-0.054,0.008,0.835,0,0,0,0,0,0,0,35,58,1.375,1,2110,0,384.635,3.212,198.813,328.250,25.875,-0.152,-0.012,2.332,-2.676,-1.777,13.027,3.864,4.106,1.180,1.361,0,NULL,NULL,,3,1,2,7,255,944,250,0,0
stim,50674,80795,1,80795,3278109.455,-0.547,-0.061,0.023,0.834,0,0,0,0,0,0,0,41,58,1.375,1,2110,0,387.177,1.922,202.188,329.813,15.813,-0.094,-0.164,2.246,-1.922,0.000,13.027,3.892,4.134,1.180,1.361,0,NULL,NULL,,3,1,2,7,255,944,250,0,0
stim,50674,80795,1,80795,3278114.453,-0.548,-0.068,0.038,0.833,0,0,0,0,0,0,0,47,58,1.375,1,2110,0,393.172,1.889,213.625,330.063,2.688,-0.031,-0.352,2.141,-0.594,1.793,12.215,3.916,4.160,1.180,1.361,0,NULL,NULL,,3,1,2,7,255,944,250,0,0
stim,50674,80795,1,80795,3278119.455,-0.549,-0.074,0.055,0.831,0,9,0,0,0,0,0,49,58,1.375,1,2110,0,406.196,3.856,239.563,327.813,-12.000,0.109,-0.492,2.098,1.102,3.695,11.094,3.940,4.186,1.180,1.361,0,NULL,NULL,,3,1,2,7,255,944,250,0,0
stim,50674,80795,1,80795,3278124.454,-0.550,-0.079,0.072,0.828,0,0,0,0,0,0,0,52,58,1.375,1,2110,0,422.183,6.277,269.438,324.125,-24.188,0.305,-0.477,2.176,1.340,6.133,10.398,3.962,4.208,1.180,1.361,0,NULL,NULL,,3,1,2,7,255,944,250,0,0
stim,50674,80795,1,80795,3278129.455,-0.551,-0.084,0.090,0.825,0,0,0,0,0,0,0,55,58,1.375,1,2110,0,438.101,8.725,298.188,319.563,-29.938,0.527,-0.461,2.262,1.340,8.621,10.344,3.976,4.226,1.180,1.361,0,NULL,NULL,,3,1,2,7,255,944,250,0,0
stim,50674,80795,1,80795,3278134.454,-0.552,-0.087,0.110,0.822,0,0,0,0,0,0,0,59,58,1.375,1,2110,0,455.598,11.420,329.313,313.375,-30.313,0.723,-0.520,2.383,0.770,11.395,10.398,3.986,4.236,1.180,1.361,0,NULL,NULL,,3,1,2,7,255,944,250,0,0
stim,50704,80825,1,80825,3278139.455,-0.554,-0.090,0.130,0.818,0,0,0,0,0,0,0,63,58,1.375,1,2110,0,468.423,14.360,353.375,306.125,-28.875,0.887,-0.563,2.559,0.770,14.340,10.516,3.988,4.240,1.180,1.361,0,NULL,NULL,,3,1,2,7,255,944,250,0,0
stim,50704,80825,1,80825,3278144.453,-0.555,-0.092,0.150,0.813,0,0,0,0,0,0,0,69,58,1.375,1,2110,0,477.387,17.162,371.875,297.813,-30.250,1.059,-0.531,2.746,0.770,17.145,11.117,3.980,4.234,1.180,1.361,0,NULL,NULL,,3,1,2,7,255,944,250,0,0
stim,50735,80856,1,80856,3278149.455,-0.556,-0.093,0.170,0.808,0,0,0,0,0,0,0,67,58,1.375,1,2110,0,482.652,19.869,383.125,291.188,-37.125,1.234,-0.457,2.930,0.605,19.859,11.672,3.964,4.218,1.180,1.361,0,NULL,NULL,,3,1,2,7,255,944,250,0,0
stim,50735,80856,1,80856,3278154.454,-0.557,-0.094,0.190,0.803,0,0,0,0,0,0,0,68,58,1.375,1,2110,0,483.727,22.531,387.313,285.813,-47.875,1.367,-0.391,3.172,-0.043,22.531,12.129,3.936,4.194,1.180,1.361,0,NULL,NULL,,3,1,2,7,255,944,250,0,0
stim,50735,80856,1,80856,3278159.455,-0.559,-0.095,0.210,0.797,0,0,0,0,0,0,0,70,58,1.375,1,2110,0,474.889,25.144,378.563,279.688,-63.125,1.527,-0.266,3.492,-0.383,25.141,13.121,3.898,4.156,1.180,1.361,0,NULL,NULL,,3,1,2,7,255,944,250,0,0
stim,50735,80856,1,80856,3278164.453,-0.561,-0.097,0.228,0.790,0,0,0,0,0,0,0,69,58,1.375,1,2110,0,448.439,28.287,345.125,273.250,-85.563,1.840,-0.070,3.766,-1.188,28.262,14.676,3.848,4.108,1.180,1.361,0,NULL,NULL,,3,1,2,7,255,944,250,0,0
stim,50735,80856,1,80856,3278169.455,-0.563,-0.100,0.244,0.783,0,0,0,0,0,0,0,79,58,1.375,1,2110,0,400.037,32.505,279.438,266.625,-104.188,2.285,0.027,3.805,-3.078,32.359,14.676,3.784,4.048,1.180,1.361,0,NULL,NULL,,3,1,2,7,255,944,250,0,0
stim,50735,80856,1,80856,3278174.454,-0.565,-0.105,0.256,0.777,0,0,0,0,0,0,0,110,58,1.375,1,2110,0,343.536,37.041,201.375,257.938,-104.563,2.766,-0.035,3.566,-4.789,36.730,12.953,3.710,3.974,1.180,1.361,0,NULL,NULL,,3,1,2,7,255,944,250,0,0
stim,50735,80856,0,80856,3278179.455,-0.567,-0.111,0.266,0.772,0,0,0,0,0,0,0,161,58,1.375,1,2110,0,295.473,40.595,133.188,247.000,-92.500,3.191,-0.168,3.117,-5.570,40.211,7.648,3.622,3.888,1.180,1.361,0,NULL,NULL,,3,0,2,7,255,943,250,0,0
stim,50735,80856,0,80856,3278184.453,-0.567,-0.118,0.275,0.768,0,0,0,0,0,0,0,229,58,1.375,1,2110,0,259.782,42.457,83.063,233.313,-78.438,3.566,-0.309,2.590,-5.891,42.047,0.645,3.524,3.792,1.180,1.361,0,NULL,NULL,,3,0,2,7,255,943,250,0,0
stim,50735,80856,0,80856,3278189.455,-0.567,-0.125,0.281,0.764,0,0,0,0,0,0,0,280,58,1.375,1,2110,0,230.313,43.176,55.625,215.063,-60.813,3.930,-0.473,2.031,-6.188,42.730,-6.805,3.410,3.680,1.180,1.361,0,NULL,NULL,,3,0,2,7,255,943,250,0,0
stim,50735,80856,0,80856,3278194.454,-0.566,-0.130,0.287,0.761,0,0,0,0,0,0,0,349,58,1.375,1,2110,0,199.533,43.343,47.250,191.125,-32.438,4.301,-0.652,1.488,-6.301,42.883,-14.371,3.282,3.554,1.180,1.361,0,NULL,NULL,,3,0,2,7,255,943,250,0,0
stim,50766,80887,0,80887,3278199.455,-0.565,-0.134,0.293,0.759,0,0,0,0,0,0,0,367,58,1.375,1,2110,0,176.875,43.343,63.813,164.875,-5.375,4.496,-0.996,0.957,-6.301,42.883,-21.824,3.138,3.410,1.180,1.361,0,NULL,NULL,,3,0,2,7,255,943,250,0,0
stim,50766,80887,0,80887,3278204.453,-0.563,-0.136,0.301,0.758,0,0,0,0,0,0,0,375,58,1.375,1,2110,0,173.405,42.752,116.063,127.438,18.938,4.688,-1.773,0.605,-4.344,42.531,-28.559,2.980,3.252,1.180,1.361,0,NULL,NULL,,3,0,2,7,255,943,250,0,0
stim,50766,80887,0,80887,3278209.455,-0.561,-0.133,0.309,0.756,0,0,0,0,0,0,0,358,58,1.375,1,2110,0,209.499,42.567,177.750,83.188,73.313,4.719,-2.746,0.742,1.738,42.531,-34.988,2.810,3.082,1.180,1.361,0,NULL,NULL,,3,0,2,7,255,943,250,0,0
stim,50766,80887,0,80887,3278214.453,-0.558,-0.126,0.320,0.755,0,0,0,0,0,0,0,337,58,1.375,1,2110,0,319.077,43.678,285.688,46.938,134.125,4.184,-2.527,0.918,9.941,42.531,-34.988,2.634,2.906,1.180,1.361,0,NULL,NULL,,3,0,2,7,255,943,250,0,0
stim,50766,80887,0,80887,3278219.455,-0.555,-0.115,0.334,0.753,0,0,0,0,0,0,0,371,58,1.375,1,2110,0,402.870,42.678,380.188,-4.813,133.188,3.254,-1.594,2.230,9.941,41.504,-33.254,2.452,2.724,1.180,1.361,0,NULL,NULL,,3,0,2,7,255,943,250,0,0
stim,50766,80887,0,80887,3278224.454,-0.552,-0.099,0.346,0.752,61,0,0,365,0,3,0,491,58,1.375,1,2110,0,461.477,42.678,414.750,-93.875,179.250,1.871,-1.980,4.918,9.941,41.504,-16.004,2.268,2.538,1.180,1.361,0,NULL,NULL,,3,0,2,7,255,943,250,0,0
stim,50798,80919,0,80919,3278229.455,-0.545,-0.059,0.368,0.751,745,0,0,1111,0,87,0,533,58,1.375,1,2110,0,1051.196,49.435,863.438,-365.875,475.000,2.313,0.977,11.359,14.160,47.363,9.234,2.082,2.350,1.180,1.361,0,NULL,NULL,,3,0,2,7,255,943,250,0,0
stim,50798,80919,0,80919,3278234.453,-0.546,-0.060,0.353,0.758,1395,0,0,1616,0,340,0,594,58,1.375,1,2110,0,364.566,65.532,-310.063,-189.313,30.500,0.977,0.207,9.512,19.227,62.648,57.184,1.896,2.160,1.180,1.361,0,NULL,NULL,,3,0,2,7,255,943,250,0,0
stim,50798,80919,0,80919,3278239.455,-0.535,-0.082,0.304,0.784,1875,0,0,1915,0,567,0,615,58,1.375,1,2110,0,1399.582,64.229,-1357.750,-196.688,276.875,1.402,3.445,1.852,14.160,62.648,57.184,1.706,1.968,1.180,1.361,0,NULL,NULL,,3,0,2,7,255,943,250,0,0
stim,50798,80919,0,80919,3278244.454,-0.519,-0.097,0.259,0.809,2164,0,0,2031,0,901,0,657,59,1.375,1,2111,0,1264.490,35.075,-1186.375,-213.813,381.750,0.066,4.621,-2.332,-32.930,12.078,11.020,1.514,1.772,1.180,1.361,1,958.000,15.000,,3,0,2,7,255,943,250,0,0
stim,50847,80968,0,80968,3278249.455,-0.505,-0.100,0.238,0.824,2407,0,0,2201,0,1094,0,719,59,1.375,1,2111,0,689.525,42.418,-555.625,-163.000,374.375,-2.102,2.035,-3.410,-32.930,-26.738,-16.438,1.316,1.572,1.180,1.361,1,NULL,NULL,,3,0,2,7,255,943,250,0,0
stim,50847,80968,0,80968,3278254.453,-0.499,-0.093,0.231,0.830,2547,0,0,2315,0,1245,0,803,59,1.375,1,2111,0,288.536,28.405,-90.250,-197.625,189.875,-2.996,-0.914,-0.840,-9.586,-26.738,-16.438,1.118,1.370,1.180,1.361,1,NULL,NULL,,3,0,2,7,255,943,250,0,0
stim,50847,80968,0,80968,3278259.455,-0.501,-0.085,0.232,0.829,2707,0,0,2535,0,1307,0,867,59,1.375,1,2111,0,187.022,23.655,113.688,-148.438,-4.313,-1.137,1.230,1.777,-4.125,-23.293,-8.113,0.924,1.168,1.180,1.361,2,NULL,NULL,,3,0,2,7,255,943,250,0,0
stim,50847,80968,0,80968,3278264.454,-0.502,-0.080,0.231,0.830,2811,0,0,2686,0,1323,0,974,59,1.375,1,2111,0,125.728,7.073,33.375,-119.250,21.750,-0.211,3.027,2.391,-4.125,-5.746,13.098,0.742,0.970,1.180,1.361,2,NULL,NULL,,3,0,2,7,255,943,250,0,0
stim,50847,80968,0,80968,3278269.455,-0.496,-0.077,0.219,0.837,2888,0,0,2804,0,1363,0,1113,59,1.375,1,2111,0,348.710,5.182,-242.500,-176.250,178.125,-1.137,0.836,2.285,-4.125,-3.137,16.367,0.568,0.772,1.180,1.361,2,NULL,NULL,,3,0,2,7,255,943,250,0,0
stim,50847,80968,0,80968,3278274.454,-0.494,-0.080,0.199,0.842,2931,0,0,2884,0,1385,0,1244,59,1.375,1,2111,0,472.680,3.150,-436.125,-176.688,44.750,-2.086,-0.574,0.461,-0.285,-3.137,16.367,0.416,0.572,1.180,1.361,2,NULL,NULL,,3,0,2,7,255,943,250,0,0
stim,50847,80968,0,80968,3278279.455,-0.498,-0.081,0.182,0.844,2979,0,0,2940,0,1427,0,1363,59,1.375,1,2111,0,412.512,18.390,-342.875,-200.875,-110.688,-1.543,-0.906,-0.637,14.969,-10.684,-0.180,0.346,0.412,1.180,1.361,2,NULL,NULL,,3,0,2,7,255,943,250,0,0
stim,50847,80968,0,80968,3278284.453,-0.508,-0.078,0.171,0.841,2998,0,0,2999,0,1486,0,1462,59,1.375,1,2111,0,342.550,18.390,-147.938,-201.813,-233.938,-0.469,-0.984,0.082,14.969,-10.684,-9.391,0.356,0.346,1.180,1.361,2,NULL,NULL,,3,0,2,7,255,943,250,0,0
stim,50847,80968,0,80968,3278289.455,-0.519,-0.074,0.163,0.836,3021,0,0,3053,0,1574,0,1527,59,1.375,1,2111,0,332.311,10.625,-62.875,-192.813,-263.250,0.668,-1.293,1.031,10.605,0.645,-9.391,0.392,0.362,1.180,1.361,2,NULL,NULL,,3,0,2,7,255,943,250,0,0
stim,50847,80968,0,80968,3278294.454,-0.526,-0.070,0.157,0.833,3043,0,0,3093,0,1691,0,1598,59,1.375,1,2111,0,249.887,16.659,-66.875,-169.438,-171.063,1.578,-1.738,1.535,8.738,14.184,-4.340,0.430,0.416,1.180,1.361,2,NULL,NULL,,3,0,2,7,255,943,250,0,0
stim,50847,80968,0,80968,3278299.455,-0.526,-0.067,0.149,0.834,3063,0,0,3125,0,1785,0,1625,59,1.375,1,2111,0,184.531,26.454,-111.625,-146.688,-8.625,1.746,-2.172,1.641,8.738,24.969,-2.617,0.466,0.468,1.180,1.361,2,NULL,NULL,,3,0,2,7,255,943,250,0,0
stim,50847,80968,0,80968,3278304.453,-0.521,-0.065,0.141,0.839,3081,0,0,3143,41,1903,0,1657,59,1.375,1,2111,0,257.909,27.649,-151.438,-138.313,156.375,0.996,-1.996,1.156,11.875,24.969,-2.617,0.502,0.510,1.180,1.361,2,NULL,NULL,,3,0,2,7,255,943,250,0,0
stim,50868,80989,0,80989,3278309.455,-0.512,-0.062,0.134,0.846,3087,0,0,3157,179,2013,0,1691,59,1.375,1,2111,0,318.496,23.219,-134.875,-136.750,254.063,-0.094,-0.684,0.527,11.875,19.953,-4.215,0.526,0.540,1.180,1.361,2,NULL,NULL,,3,0,2,7,255,943,250,0,0
stim,50868,80989,0,80989,3278314.454,-0.504,-0.057,0.129,0.852,3080,0,0,3163,419,2149,2,1805,59,1.375,1,2111,0,266.656,7.238,-73.813,-144.563,211.563,-1.051,0.305,0.621,6.285,3.590,-4.215,0.524,0.556,1.180,1.361,2,NULL,NULL,,3,0,2,7,255,943,250,0,0
stim,50868,80989,0,80989,3278319.455,-0.503,-0.053,0.123,0.854,3087,0,0,3181,747,2236,97,1979,59,1.375,1,2111,0,175.775,9.155,-81.250,-148.375,47.750,-1.340,0.367,1.414,3.262,-8.555,-1.195,0.488,0.552,1.180,1.361,2,NULL,NULL,,3,0,2,7,255,943,250,0,0
stim,50868,80989,0,80989,3278324.454,-0.505,-0.050,0.117,0.853,3087,0,0,3176,949,2312,205,2139,59,1.375,1,2111,0,148.131,8.860,-63.313,-123.750,-51.188,0.145,0.297,1.496,2.305,-8.555,4.500,0.440,0.540,1.180,1.361,2,NULL,NULL,,3,0,2,7,255,943,250,0,0
stim,50894,81015,0,81015,3278329.455,-0.509,-0.049,0.114,0.852,3080,0,0,3180,1194,2356,125,2223,59,1.375,1,2111,0,115.421,4.582,-33.125,-68.313,-86.938,0.633,0.223,1.762,-3.246,3.234,6.004,0.392,0.518,1.180,1.361,2,NULL,NULL,,3,0,2,7,255,943,250,0,0
stim,50894,81015,0,81015,3278334.453,-0.512,-0.047,0.111,0.851,3082,0,0,3182,1341,2397,142,2293,59,1.375,1,2111,0,105.174,8.416,-44.750,-62.250,-72.000,0.883,0.809,1.430,-4.859,6.871,4.500,0.340,0.470,1.180,1.361,2,NULL,NULL,,3,0,2,7,255,943,250,0,0
stim,50894,81015,0,81015,3278339.455,-0.513,-0.047,0.109,0.850,3079,22,0,3183,1455,2431,184,2345,59,1.375,1,2111,0,53.785,10.611,-34.625,-34.625,-22.250,0.699,0.559,1.473,-8.086,6.871,3.539,0.286,0.400,1.180,1.361,2,NULL,NULL,,3,0,2,7,255,943,250,0,0
stim,50894,81015,0,81015,3278344.454,-0.512,-0.049,0.105,0.851,3068,39,0,3183,1543,2442,219,2387,59,1.375,1,2111,0,110.884,10.382,-107.813,-17.625,19.000,-0.047,-0.523,1.426,-8.086,6.512,3.414,0.246,0.316,1.180,1.361,2,NULL,NULL,,3,0,2,7,255,943,250,0,0
stim,50936,81057,0,81057,3278349.455,-0.512,-0.051,0.099,0.852,3089,61,0,3190,1597,2456,219,2413,59,1.375,1,2111,0,145.420,6.707,-144.438,-16.688,-2.500,-0.426,-0.695,0.754,4.594,4.887,3.414,0.224,0.244,1.180,1.361,2,NULL,NULL,,3,0,2,7,255,943,250,0,0
stim,50936,81057,0,81057,3278354.453,-0.514,-0.052,0.096,0.851,3069,93,0,3194,1640,2469,227,2439,59,1.375,1,2111,0,89.645,4.708,-55.500,-13.000,-69.188,-0.262,-0.203,0.379,4.594,1.031,-2.383,0.212,0.196,1.180,1.361,2,NULL,NULL,,3,0,2,7,255,943,250,0,0
stim,50936,81057,0,81057,3278359.455,-0.517,-0.051,0.097,0.849,3081,112,0,3189,1693,2477,240,2453,59,1.375,1,2111,0,89.710,2.981,25.500,-17.000,-84.313,0.180,0.070,0.906,2.797,1.031,-2.383,0.202,0.176,1.180,1.361,2,NULL,NULL,,3,0,2,7,255,943,250,0,0
stim,50936,81057,0,81057,3278364.454,-0.518,-0.051,0.096,0.848,3083,109,0,3191,1725,2502,243,2473,59,1.375,1,2111,0,34.239,2.991,2.688,-11.000,-32.313,0.305,-0.129,1.340,-0.520,2.945,-1.375,0.200,0.168,1.180,1.361,2,NULL,NULL,,3,0,2,7,255,943,250,0,0
stim,50936,81057,0,81057,3278369.455,-0.517,-0.052,0.094,0.849,3087,122,0,3197,1763,2495,249,2485,59,1.375,1,2111,0,63.007,2.991,-57.563,-7.500,24.500,-0.023,-0.152,1.211,-0.520,2.945,1.727,0.204,0.160,1.180,1.361,2,NULL,NULL,,3,0,2,7,255,943,250,0,0
stim,50936,81057,0,81057,3278374.454,-0.517,-0.054,0.092,0.849,3077,135,0,3188,1783,2503,251,2495,59,1.375,1,2111,0,65.754,3.023,-64.750,-3.938,10.750,-0.395,0.008,0.836,1.117,2.809,1.727,0.216,0.148,1.180,1.361,2,NULL,NULL,,3,0,2,7,255,943,250,0,0
stim,50937,81058,0,81058,3278379.455,-0.518,-0.054,0.091,0.849,3078,149,0,3180,1809,2455,255,2499,59,1.375,1,2111,0,46.300,1.956,-25.813,-4.375,-38.188,-0.316,0.082,0.785,1.117,-1.605,-1.043,0.236,0.130,1.180,1.361,2,NULL,NULL,,3,0,2,7,255,943,250,0,0
stim,50937,81058,0,81058,3278384.454,-0.520,-0.054,0.090,0.847,3080,153,0,3181,1834,2515,264,2505,59,1.375,1,2111,0,54.191,1.653,-4.000,-5.625,-53.750,-0.031,-0.020,1.016,0.395,-1.605,-1.043,0.260,0.108,1.180,1.361,2,NULL,NULL,,3,0,2,7,255,943,250,0,0
stim,50937,81058,0,81058,3278389.455,-0.521,-0.054,0.089,0.847,3082,157,19,3177,1851,2509,247,2521,59,1.375,1,2111,0,31.727,1.719,-12.938,-3.563,-28.750,0.117,-0.066,1.102,-0.047,1.719,-0.016,0.286,0.086,1.180,1.361,2,NULL,NULL,,3,0,2,7,255,943,250,0,0
stim,50937,81058,0,81058,3278394.453,-0.521,-0.055,0.088,0.847,3067,170,79,3192,1877,2522,236,2519,59,1.375,1,2111,0,23.470,1.909,-23.313,-2.375,1.313,0.012,0.027,1.031,-0.336,1.879,0.102,0.306,0.068,1.180,1.361,2,NULL,NULL,,3,0,2,7,255,943,250,0,0
stim,50965,81086,0,81086,3278399.455,-0.521,-0.055,0.088,0.847,3069,173,98,3177,1881,2518,232,2519,59,1.375,1,2111,0,19.923,1.975,-19.438,-1.250,4.188,-0.117,0.086,0.953,-0.609,1.879,0.102,0.320,0.058,1.180,1.361,2,NULL,NULL,,3,0,2,7,255,943,250,0,0
stim,50965,81086,0,81086,3278404.453,-0.521,-0.055,0.087,0.847,3080,169,109,3174,1895,2519,229,2519,59,1.374,1,2111,1,11.103,0.786,-9.250,-1.313,-6.000,-0.125,0.043,0.953,-0.609,0.496,-0.383,0.000,0.000,1.192,1.320,2,NULL,NULL,,3,0,2,7,255,943,250,0,0
stim,50965,81086,0,81086,3278409.455,-0.521,-0.055,0.087,0.847,3066,168,135,3179,1896,2519,231,2533,59,1.374,1,2111,1,5.927,0.535,-1.563,-1.563,-5.500,-0.063,0.000,0.980,-0.199,0.496,-0.383,0.006,0.004,1.192,1.320,2,NULL,NULL,,3,0,2,7,255,943,250,0,0
stim,50965,81086,0,81086,3278414.454,-0.521,-0.055,0.087,0.847,3063,159,151,3182,1903,2522,221,2527,59,1.374,1,2111,1,5.064,1.004,1.188,-1.688,4.625,-0.086,0.031,1.020,-0.199,0.984,-0.273,0.010,0.008,1.192,1.320,2,NULL,NULL,,3,0,2,7,255,943,250,0,0
stim,50965,81086,0,81086,3278419.455,-0.521,-0.055,0.087,0.847,3064,149,165,3166,1903,2515,219,2523,59,1.374,1,2111,1,7.968,1.024,0.125,-1.563,7.813,-0.160,0.066,1.035,-0.281,0.984,0.168,0.014,0.010,1.192,1.320,2,NULL,NULL,,3,0,2,7,255,943,250,0,0
stim,50965,81086,0,81086,3278424.454,-0.521,-0.055,0.087,0.847,3053,147,172,3173,1895,2515,215,2523,59,1.374,1,2111,1,2.589,0.363,1.000,-1.750,1.625,-0.176,0.113,1.027,-0.293,0.215,0.449,0.020,0.012,1.192,1.320,2,NULL,NULL,,3,0,2,7,255,943,250,0,0
stim,50988,81109,0,81109,3278429.455,-0.521,-0.054,0.087,0.847,3059,145,185,3160,1899,2515,207,2524,59,1.374,1,2111,1,5.048,0.638,2.813,-1.438,-3.938,-0.141,0.117,1.031,-0.617,0.160,0.449,0.024,0.016,1.192,1.320,2,NULL,NULL,,3,0,2,7,255,943,250,0,0
stim,50988,81109,0,81109,3278434.454,-0.521,-0.054,0.087,0.847,3039,141,185,3160,1901,2505,191,2519,59,1.374,1,2111,1,4.186,0.759,2.125,-1.688,-3.188,-0.117,0.102,1.039,-0.742,0.160,0.445,0.026,0.016,1.192,1.320,2,NULL,NULL,,3,0,2,7,255,943,250,0,0
stim,50988,81109,0,81109,3278439.455,-0.521,-0.054,0.087,0.847,3048,139,188,3141,1893,2492,189,2515,59,1.374,1,2111,1,2.326,0.775,0.750,-2.188,-0.250,-0.137,0.105,1.031,-0.742,0.223,0.430,0.028,0.016,1.192,1.320,2,NULL,NULL,,3,0,2,7,255,943,250,0,0
stim,50988,81109,0,81109,3278444.453,-0.521,-0.054,0.087,0.847,3027,139,205,3134,1900,2491,192,2518,59,1.374,1,2111,1,2.432,0.741,-0.750,-2.313,0.063,-0.160,0.090,1.008,-0.707,0.223,0.418,0.028,0.016,1.192,1.320,2,NULL,NULL,,3,0,2,7,255,943,250,0,0
stim,51035,81156,0,81156,3278449.455,-0.521,-0.054,0.087,0.847,3016,144,229,3133,1901,2492,191,2521,59,1.374,1,2111,1,3.637,0.473,-0.313,-3.500,-0.938,-0.164,0.055,0.977,-0.457,0.121,0.230,0.028,0.014,1.192,1.320,2,NULL,NULL,,3,0,2,7,255,943,250,0,0
stim,51035,81156,0,81156,3278454.453,-0.521,-0.053,0.087,0.847,2998,138,238,3123,1909,2479,199,2520,59,1.374,1,2111,1,5.618,0.180,3.000,-4.750,-0.063,-0.148,0.039,0.957,-0.133,0.121,-0.078,0.030,0.014,1.192,1.320,2,NULL,NULL,,3,0,2,7,255,943,250,0,0
stim,51035,81156,0,81156,3278459.455,-0.521,-0.053,0.087,0.847,2987,145,265,3113,1912,2486,205,2518,59,1.374,1,2111,1,8.536,0.212,5.688,-6.063,1.938,-0.156,0.043,0.973,-0.047,0.207,-0.137,0.030,0.012,1.192,1.320,2,NULL,NULL,,3,0,2,7,255,943,250,0,0
stim,51035,81156,0,81156,3278464.454,-0.521,-0.053,0.087,0.847,2987,142,283,3094,1925,2479,211,2523,59,1.374,1,2111,1,9.595,0.211,6.375,-6.938,1.813,-0.164,0.043,0.969,-0.043,0.207,-0.156,0.030,0.012,1.192,1.320,2,NULL,NULL,,3,0,2,7,255,943,250,0,0
stim,51035,81156,0,81156,3278469.455,-0.521,-0.052,0.087,0.847,2979,138,303,3087,1939,2477,214,2537,59,1.374,1,2111,1,11.577,0.189,7.563,-8.563,1.875,-0.164,0.031,0.961,0.027,0.188,-0.156,0.030,0.010,1.192,1.320,2,NULL,NULL,,3,0,2,7,255,943,250,0,0
stim,51035,81156,0,81156,3278474.454,-0.521,-0.052,0.087,0.847,2963,132,317,3080,1961,2487,237,2538,59,1.374,1,2111,1,14.452,0.214,9.500,-10.313,3.500,-0.168,0.020,0.953,0.133,0.168,-0.242,0.030,0.008,1.192,1.320,2,NULL,NULL,,3,0,2,7,255,943,250,0,0
stim,51035,81156,0,81156,3278479.455,-0.521,-0.051,0.087,0.848,2939,121,339,3057,1991,2479,263,2541,59,1.374,1,2111,1,18.236,0.301,11.625,-12.875,5.625,-0.203,0.027,0.945,0.250,0.168,-0.336,0.032,0.008,1.192,1.320,2,NULL,NULL,,3,0,2,7,255,943,250,0,0
stim,51035,81156,0,81156,3278484.454,-0.521,-0.050,0.087,0.848,2923,117,357,3039,2009,2452,281,2565,59,1.374,1,2111,1,21.499,0.303,13.625,-15.938,4.750,-0.230,0.063,0.953,0.250,-0.172,-0.336,0.032,0.006,1.192,1.320,2,NULL,NULL,,3,0,2,7,255,943,250,0,0
stim,51035,81156,0,81156,3278489.455,-0.521,-0.049,0.088,0.848,2893,119,445,3008,2039,2489,309,2577,59,1.374,1,2111,1,23.914,0.593,15.000,-18.625,0.063,-0.234,0.102,0.969,0.199,-0.559,-0.184,0.034,0.006,1.192,1.320,2,NULL,NULL,,3,0,2,7,255,943,250,0,0
stim,51035,81156,0,81156,3278494.453,-0.521,-0.048,0.088,0.848,2867,123,492,3000,2077,2491,328,2603,59,1.374,1,2111,1,26.554,0.625,15.938,-20.688,-4.813,-0.203,0.137,0.984,-0.141,-0.609,-0.031,0.034,0.004,1.192,1.320,2,NULL,NULL,,3,0,2,7,255,943,250,0,0
stim,51064,81185,0,81185,3278499.455,-0.522,-0.047,0.088,0.847,2847,138,565,2976,2140,2486,359,2619,59,1.374,1,2111,1,28.334,0.829,16.188,-22.500,-5.875,-0.176,0.152,1.016,-0.563,-0.609,0.086,0.034,0.004,1.192,1.320,2,NULL,NULL,,3,0,2,7,255,943,250,0,0
stim,51064,81185,0,81185,3278504.454,-0.522,-0.045,0.088,0.847,2824,143,667,2957,2195,2508,401,2645,59,1.374,1,2111,1,28.096,0.918,13.375,-23.750,-6.813,-0.172,0.176,1.031,-0.805,-0.441,0.383,0.034,0.006,1.192,1.320,2,NULL,NULL,,3,0,2,7,255,943,250,0,0
stim,51064,81185,0,81185,3278509.455,-0.522,-0.044,0.088,0.847,2781,157,701,2925,2249,2517,467,2669,59,1.374,1,2111,1,28.567,1.082,10.875,-24.625,-9.563,-0.168,0.188,1.020,-0.988,-0.441,0.414,0.034,0.010,1.192,1.320,2,NULL,NULL,,3,0,2,7,255,943,250,0,0
stim,51064,81185,0,81185,3278514.453,-0.523,-0.043,0.088,0.847,2749,159,797,2899,2299,2517,531,2677,59,1.374,1,2111,1,30.015,1.185,10.188,-25.813,-11.438,-0.176,0.191,1.012,-1.078,-0.492,0.414,0.036,0.014,1.192,1.320,2,NULL,NULL,,3,0,2,7,255,943,250,0,0
stim,51064,81185,0,81185,3278519.455,-0.524,-0.042,0.087,0.846,2707,174,901,2859,2349,2529,603,2700,59,1.374,1,2111,1,33.495,1.248,7.688,-26.625,-18.813,-0.227,0.199,1.066,-1.078,-0.629,0.414,0.038,0.020,1.192,1.320,2,NULL,NULL,,3,0,2,7,255,943,250,0,0
stim,51064,81185,0,81185,3278524.454,-0.525,-0.041,0.087,0.846,2654,185,1023,2835,2405,2536,711,2719,59,1.374,1,2111,1,40.348,1.307,0.500,-26.625,-30.313,-0.180,0.215,1.047,-1.078,-0.738,0.730,0.042,0.026,1.192,1.320,2,NULL,NULL,,3,0,2,7,255,943,250,0,0
stim,51098,81219,0,81219,3278529.455,-0.526,-0.040,0.086,0.845,2601,203,1135,2807,2450,2541,845,2743,59,1.374,1,2111,1,42.790,1.452,-1.375,-26.188,-33.813,-0.113,0.211,1.035,-1.250,-0.738,0.730,0.044,0.030,1.192,1.320,2,NULL,NULL,,3,0,2,7,255,943,250,0,0
stim,51098,81219,0,81219,3278534.454,-0.527,-0.039,0.085,0.844,2539,221,1261,2787,2503,2543,1005,2761,59,1.374,1,2111,1,45.182,1.301,-9.250,-25.688,-36.000,-0.145,0.199,1.105,-1.270,-0.285,0.730,0.046,0.034,1.192,1.320,2,NULL,NULL,,3,0,2,7,255,943,250,0,0
stim,51098,81219,0,81219,3278539.455,-0.529,-0.039,0.084,0.844,2485,234,1390,2744,2539,2543,1147,2780,59,1.374,1,2111,1,52.068,1.282,-23.063,-24.375,-39.813,-0.129,0.160,1.074,-1.270,-0.180,0.855,0.048,0.036,1.192,1.320,2,NULL,NULL,,3,0,2,7,255,943,250,0,0
stim,51098,81219,0,81219,3278544.453,-0.530,-0.039,0.082,0.843,2417,241,1535,2710,2585,2555,1283,2791,59,1.374,1,2111,1,54.843,1.019,-29.063,-24.250,-39.688,-0.148,0.125,1.008,-0.992,-0.230,0.855,0.050,0.040,1.192,1.320,2,NULL,NULL,,3,0,2,7,255,943,250,0,0
stim,51132,81253,0,81253,3278549.455,-0.532,-0.039,0.081,0.842,2331,239,1687,2660,2635,2567,1396,2810,59,1.374,1,2111,1,59.519,0.659,-31.625,-24.625,-44.000,-0.184,0.117,1.012,-0.617,-0.230,0.313,0.050,0.040,1.192,1.320,2,NULL,NULL,,3,0,2,7,255,943,250,0,0
stim,51132,81253,0,81253,3278554.454,-0.534,-0.039,0.079,0.841,2224,260,1805,2614,2677,2557,1523,2824,59,1.374,1,2111,1,66.857,0.488,-33.938,-24.250,-52.250,-0.172,0.063,1.020,-0.430,-0.230,0.313,0.050,0.040,1.192,1.320,2,NULL,NULL,,3,0,2,7,255,943,250,0,0
stim,51132,81253,0,81253,3278559.455,-0.536,-0.039,0.076,0.840,2149,264,1912,2569,2703,2567,1647,2855,59,1.374,1,2111,1,74.969,0.200,-41.250,-24.750,-57.500,-0.141,-0.027,1.051,-0.012,-0.199,0.355,0.048,0.038,1.192,1.320,2,NULL,NULL,,3,0,2,7,255,943,250,0,0
stim,51132,81253,0,81253,3278564.453,-0.538,-0.039,0.073,0.839,2035,264,2029,2509,2731,2571,1752,2856,59,1.374,1,2111,1,88.469,0.733,-56.563,-25.813,-62.938,-0.152,-0.113,1.090,0.602,0.418,0.547,0.046,0.038,1.192,1.320,2,NULL,NULL,,3,0,2,7,255,943,250,0,0
stim,51132,81253,0,81253,3278569.455,-0.541,-0.040,0.070,0.837,1927,261,2165,2455,2771,2585,1867,2875,59,1.374,1,2111,0,102.633,1.502,-73.125,-26.875,-66.813,-0.129,-0.125,1.047,1.340,0.680,0.547,0.044,0.036,1.192,1.320,2,NULL,NULL,,3,0,2,7,255,943,250,0,0
stim,51132,81253,0,81253,3278574.454,-0.543,-0.041,0.066,0.836,1795,255,2259,2357,2791,2583,1957,2879,59,1.374,1,2111,0,98.871,1.569,-69.813,-27.813,-64.250,-0.070,-0.066,0.914,1.340,0.816,0.484,0.042,0.034,1.192,1.320,2,NULL,NULL,,3,0,2,7,255,943,250,0,0
stim,51132,81253,0,81253,3278579.455,-0.545,-0.041,0.063,0.835,1639,231,2335,2252,2822,2579,2053,2902,59,1.374,1,2111,0,83.606,0.980,-55.563,-30.313,-54.625,-0.063,-0.031,0.891,0.543,0.816,-0.879,0.042,0.032,1.192,1.320,2,NULL,NULL,,3,0,2,7,255,943,250,0,0
stim,51132,81253,0,81253,3278584.453,-0.547,-0.041,0.060,0.834,1417,233,2425,2154,2847,2587,2141,2905,59,1.374,1,2111,0,75.856,0.738,-47.188,-31.563,-50.313,-0.105,0.020,1.004,0.184,0.715,-0.879,0.042,0.030,1.192,1.320,2,NULL,NULL,,3,0,2,7,255,943,250,0,0
stim,51132,81253,0,81253,3278589.455,-0.549,-0.041,0.058,0.833,1259,227,2486,2047,2859,2583,2220,2925,59,1.374,1,2111,0,79.176,0.320,-46.000,-32.750,-55.500,-0.148,-0.004,1.008,0.184,0.262,0.059,0.042,0.028,1.192,1.320,2,NULL,NULL,,3,0,2,7,255,943,250,0,0
stim,51132,81253,0,81253,3278594.453,-0.551,-0.041,0.055,0.832,1067,181,2548,1885,2894,2581,2291,2933,59,1.374,1,2111,0,80.300,0.301,-44.875,-32.938,-57.875,-0.105,-0.023,1.020,0.148,0.262,0.152,0.044,0.028,1.192,1.320,2,NULL,NULL,,3,0,2,7,255,943,250,0,0
stim,51161,81282,0,81282,3278599.455,-0.553,-0.041,0.053,0.831,879,160,2601,1640,2901,2579,2359,2949,59,1.374,1,2111,0,77.586,0.406,-39.750,-34.813,-56.813,-0.047,-0.098,0.973,0.195,0.355,0.152,0.046,0.030,1.192,1.320,2,NULL,NULL,,3,0,2,7,255,943,250,0,0
stim,51161,81282,0,81282,3278604.454,-0.554,-0.041,0.050,0.830,627,85,2633,1387,2933,2568,2415,2943,59,1.374,1,2111,0,64.515,1.188,-31.375,-35.625,-43.688,-0.012,-0.117,1.012,0.590,1.031,0.035,0.046,0.030,1.192,1.320,2,NULL,NULL,,3,0,2,7,255,943,250,0,0
stim,51161,81282,0,81282,3278609.455,-0.556,-0.040,0.048,0.829,413,69,2675,1158,2953,2559,2481,2964,59,1.374,1,2111,0,56.326,1.188,-28.625,-37.313,-31.000,-0.070,-0.063,1.070,0.590,1.031,0.035,0.048,0.030,1.192,1.320,2,NULL,NULL,,3,0,2,7,255,943,250,0,0
stim,51161,81282,0,81282,3278614.453,-0.557,-0.039,0.046,0.829,267,27,2696,884,2955,2547,2529,2971,59,1.374,1,2111,0,56.995,0.785,-31.063,-39.125,-27.438,-0.129,-0.004,1.078,0.297,0.727,0.688,0.050,0.030,1.192,1.320,2,NULL,NULL,,3,0,2,7,255,943,250,0,0
stim,51183,81304,0,81304,3278619.455,-0.558,-0.039,0.044,0.828,105,0,2729,627,2973,2539,2557,2987,59,1.374,1,2111,0,60.413,0.075,-30.000,-41.250,-32.375,-0.137,0.008,1.055,-0.051,-0.055,0.688,0.052,0.028,1.192,1.320,2,NULL,NULL,,3,0,2,7,255,943,250,0,0
stim,51183,81304,0,81304,3278624.454,-0.559,-0.038,0.042,0.827,27,0,2771,424,2989,2525,2603,2991,59,1.374,1,2111,0,63.037,0.144,-25.438,-43.875,-37.438,-0.059,0.039,1.012,-0.133,-0.055,0.613,0.054,0.028,1.192,1.320,2,NULL,NULL,,3,0,2,7,255,943,250,0,0
stim,51183,81304,0,81304,3278629.455,-0.560,-0.036,0.040,0.826,7,0,2795,263,3003,2501,2643,2996,59,1.374,1,2111,0,63.540,0.731,-16.875,-46.875,-39.438,-0.035,0.070,1.008,-0.680,0.270,0.098,0.052,0.032,1.192,1.320,2,NULL,NULL,,3,0,2,7,255,943,250,0,0
stim,51183,81304,0,81304,3278634.453,-0.562,-0.035,0.038,0.826,0,0,2813,152,3017,2475,2669,3001,59,1.374,1,2111,0,65.719,1.089,-12.500,-51.063,-39.438,-0.012,0.070,1.016,-1.047,0.301,0.082,0.048,0.040,1.192,1.320,2,NULL,NULL,,3,0,2,7,255,943,250,0,0
stim,51183,81304,0,81304,3278639.455,-0.562,-0.032,0.037,0.825,0,0,2826,73,3027,2451,2699,3006,59,1.374,1,2111,0,62.642,1.089,15.813,-59.063,-13.625,-0.230,-0.156,1.172,-1.047,0.301,0.082,0.042,0.048,1.192,1.320,2,NULL,NULL,,3,0,2,7,255,943,250,0,0
stim,51183,81304,0,81304,3278644.454,-0.562,-0.029,0.036,0.825,0,0,2850,37,3046,2429,2731,3007,59,1.374,1,2111,0,76.867,1.805,29.750,-70.875,0.500,-0.395,-0.262,1.406,1.699,-0.609,1.844,0.038,0.058,1.192,1.320,2,NULL,NULL,,3,0,2,7,255,943,250,0,0
stim,51232,81353,0,81353,3278649.455,-0.563,-0.026,0.035,0.825,0,0,2851,4,3053,2411,2759,3013,59,1.374,1,2111,0,81.425,3.525,21.125,-75.063,-23.438,-0.441,-0.238,1.473,3.168,-1.547,4.258,0.038,0.064,1.192,1.320,3,NULL,NULL,,3,0,2,7,255,943,250,0,0
stim,51232,81353,0,81353,3278654.453,-0.564,-0.023,0.035,0.824,0,0,2853,0,3064,2362,2787,3021,59,1.374,1,2111,0,95.098,3.802,33.875,-84.875,-26.313,-0.352,0.027,1.578,3.168,-2.102,4.930,0.042,0.070,1.192,1.320,3,NULL,NULL,,3,0,2,7,255,943,250,0,0
stim,51232,81353,0,81353,3278659.455,-0.565,-0.019,0.033,0.824,0,0,2861,0,3067,2323,2808,3008,59,1.374,1,2111,0,93.309,2.158,3.000,-92.625,-10.875,-0.074,0.355,1.543,0.488,-2.102,5.348,0.048,0.076,1.192,1.320,3,NULL,NULL,,3,0,2,7,255,943,250,0,0
stim,51232,81353,0,81353,3278664.454,-0.565,-0.016,0.029,0.824,0,0,2862,0,3077,2263,2833,3028,59,1.374,1,2111,0,98.279,3.267,-36.938,-90.688,-8.375,-0.027,0.309,1.289,-3.102,-1.027,5.348,0.052,0.084,1.192,1.320,3,NULL,NULL,,3,0,2,7,255,943,250,0,0
stim,51232,81353,0,81353,3278669.455,-0.564,-0.013,0.026,0.825,0,0,2863,0,3087,2199,2860,3027,59,1.374,1,2111,0,103.611,3.267,-20.063,-99.625,20.188,-0.090,0.215,1.176,-3.102,-1.027,2.797,0.058,0.096,1.192,1.320,3,NULL,NULL,,3,0,2,7,255,943,250,0,0
stim,51232,81353,0,81353,3278674.454,-0.563,-0.009,0.024,0.826,0,0,2863,0,3092,2109,2870,3019,59,1.374,1,2111,0,117.294,2.261,7.000,-109.625,41.125,-0.250,0.176,1.332,-1.980,-1.090,2.797,0.064,0.108,1.192,1.320,3,NULL,NULL,,3,0,2,7,255,943,250,0,0
stim,51252,81373,0,81373,3278679.455,-0.562,-0.005,0.022,0.827,0,0,2848,0,3093,1979,2879,3013,59,1.374,1,2111,0,122.228,2.661,10.438,-117.688,31.313,-0.371,0.129,1.457,-1.031,-2.453,3.328,0.070,0.120,1.192,1.320,3,NULL,NULL,,3,0,2,7,255,943,250,0,0
stim,51252,81373,0,81373,3278684.453,-0.561,-0.000,0.019,0.827,0,0,2847,0,3099,1856,2909,3007,59,1.374,1,2111,0,126.328,2.915,-3.938,-125.563,13.313,-0.309,0.094,1.508,-0.090,-2.914,4.586,0.076,0.132,1.192,1.320,3,NULL,NULL,,3,0,2,7,255,943,250,0,0
stim,51252,81373,0,81373,3278689.455,-0.561,0.004,0.015,0.828,0,0,2843,0,3112,1711,2916,3005,59,1.374,1,2111,0,134.883,2.915,-20.563,-132.563,14.063,-0.191,0.094,1.488,-0.090,-2.914,4.809,0.084,0.146,1.192,1.320,3,NULL,NULL,,3,0,2,7,255,943,250,0,0
stim,51252,81373,0,81373,3278694.454,-0.560,0.008,0.011,0.829,0,0,2827,0,3107,1524,2933,3007,59,1.374,1,2111,0,145.482,2.022,-29.250,-139.438,29.438,-0.164,0.102,1.391,-0.348,-1.992,4.809,0.092,0.158,1.192,1.320,3,NULL,NULL,,3,0,2,7,255,943,250,0,0
stim,51252,81373,0,81373,3278699.455,-0.558,0.012,0.006,0.830,0,0,2810,0,3113,1280,2947,3001,59,1.374,1,2111,0,156.460,2.022,-30.375,-147.500,42.438,-0.203,0.086,1.328,-0.348,-1.992,3.813,0.102,0.174,1.192,1.320,3,NULL,NULL,,3,0,2,7,255,943,250,0,0
stim,51252,81373,0,81373,3278704.453,-0.556,0.017,0.001,0.831,0,0,2795,0,3113,1020,2952,2987,59,1.374,1,2111,0,164.709,2.414,-30.625,-155.125,46.125,-0.242,0.063,1.293,-0.137,-2.410,3.188,0.112,0.188,1.192,1.320,3,NULL,NULL,,3,0,2,7,255,943,250,0,0
stim,51283,81404,0,81404,3278709.455,-0.554,0.022,-0.003,0.832,0,0,2769,0,3113,795,2963,2975,59,1.374,1,2111,0,171.375,2.776,-28.125,-163.375,43.438,-0.258,-0.027,1.211,0.277,-2.762,2.789,0.122,0.204,1.192,1.320,3,NULL,NULL,,3,0,2,7,255,943,250,0,0
stim,51283,81404,0,81404,3278714.454,-0.553,0.027,-0.008,0.833,0,0,2733,0,3127,559,2965,2963,59,1.374,1,2111,0,179.753,3.002,-19.313,-172.938,45.063,-0.242,-0.102,1.180,1.176,-2.762,1.965,0.132,0.220,1.192,1.320,3,NULL,NULL,,3,0,2,7,255,943,250,0,0
stim,51283,81404,0,81404,3278719.455,-0.550,0.033,-0.013,0.834,0,0,2693,0,3123,413,2975,2943,59,1.374,1,2111,0,188.564,3.119,-10.500,-182.000,48.188,-0.227,-0.086,1.207,1.715,-2.605,1.848,0.144,0.236,1.192,1.320,3,NULL,NULL,,3,0,2,7,255,943,250,0,0
stim,51283,81404,0,81404,3278724.454,-0.549,0.040,-0.017,0.835,0,0,2643,0,3119,219,2987,2920,59,1.374,1,2111,0,195.276,3.119,-4.375,-190.000,44.875,-0.215,-0.031,1.219,1.715,-2.605,1.848,0.158,0.254,1.192,1.320,3,NULL,NULL,,3,0,2,7,255,943,250,0,0
stim,51283,81404,0,81404,3278729.455,-0.547,0.047,-0.022,0.836,0,0,2600,0,3117,109,2985,2893,59,1.374,1,2111,0,200.929,3.128,1.688,-197.125,38.875,-0.211,0.000,1.254,1.242,-2.871,1.922,0.176,0.274,1.192,1.320,3,NULL,NULL,,3,0,2,7,255,943,250,0,0
stim,51283,81404,0,81404,3278734.454,-0.545,0.054,-0.026,0.836,0,0,2519,0,3123,47,2987,2869,59,1.374,1,2111,0,208.228,3.335,5.688,-205.250,34.625,-0.211,0.051,1.383,1.043,-3.168,2.199,0.198,0.296,1.192,1.320,3,NULL,NULL,,3,0,2,7,255,943,250,0,0
stim,51304,81425,0,81425,3278739.455,-0.543,0.062,-0.031,0.837,0,0,2439,0,3124,25,2989,2809,59,1.374,1,2111,0,216.356,3.784,4.750,-214.125,30.625,-0.242,0.176,1.527,0.723,-3.715,3.379,0.224,0.324,1.192,1.320,3,NULL,NULL,,3,0,2,7,255,943,250,0,0
stim,51304,81425,0,81425,3278744.453,-0.542,0.070,-0.037,0.837,0,0,2333,0,3111,41,2975,2772,59,1.374,1,2111,0,225.813,4.904,-2.250,-224.563,23.625,-0.340,0.246,1.750,-0.109,-4.902,4.680,0.258,0.362,1.192,1.320,3,NULL,NULL,,3,0,2,7,255,943,250,0,0
stim,51335,81456,0,81456,3278749.455,-0.541,0.079,-0.043,0.836,0,0,2189,0,3103,67,2983,2713,59,1.374,1,2111,0,240.157,6.610,-2.750,-239.688,14.750,-0.504,0.219,2.168,-0.109,-6.609,6.574,0.302,0.408,1.192,1.320,3,NULL,NULL,,3,0,2,7,255,943,250,0,0
stim,51335,81456,0,81456,3278754.453,-0.540,0.088,-0.049,0.836,0,0,2028,0,3084,69,2967,2643,59,1.374,1,2111,0,260.135,9.029,-10.750,-259.750,9.188,-0.621,0.203,2.563,1.141,-8.957,10.191,0.362,0.468,1.192,1.320,3,NULL,NULL,,3,0,2,7,255,943,250,0,0
stim,51335,81456,0,81456,3278759.455,-0.538,0.097,-0.057,0.835,0,0,1863,0,3061,87,2962,2556,59,1.374,1,2111,0,289.206,11.216,-32.375,-286.813,18.188,-0.781,0.348,2.762,1.824,-11.066,13.574,0.432,0.540,1.192,1.320,3,NULL,NULL,,3,0,2,7,255,943,250,0,0
stim,51335,81456,0,81456,3278764.454,-0.537,0.107,-0.067,0.834,0,0,1720,0,3037,93,2925,2445,59,1.374,1,2111,0,325.778,14.126,-70.688,-317.500,18.125,-0.871,0.668,2.902,1.824,-14.008,14.781,0.516,0.622,1.192,1.320,3,NULL,NULL,,3,0,2,7,255,943,250,0,0
stim,51335,81456,0,81456,3278769.455,-0.535,0.117,-0.080,0.833,0,0,1595,0,3006,92,2901,2310,59,1.374,1,2111,0,362.764,17.087,-112.313,-344.875,6.688,-0.930,0.895,2.930,-0.418,-17.082,14.867,0.606,0.714,1.192,1.320,3,NULL,NULL,,3,0,2,7,255,943,250,0,0
stim,51335,81456,0,81456,3278774.454,-0.534,0.127,-0.094,0.830,0,0,1468,0,2983,103,2847,2164,59,1.374,1,2111,0,398.653,19.460,-139.313,-373.500,-3.688,-0.938,1.023,2.910,-2.125,-19.344,14.867,0.704,0.812,1.192,1.320,3,NULL,NULL,,3,0,2,7,255,943,250,0,0
stim,51335,81456,0,81456,3278779.455,-0.534,0.138,-0.109,0.827,0,0,1363,0,2933,99,2792,2053,59,1.374,1,2111,0,433.557,20.955,-165.250,-400.500,-16.250,-0.992,1.070,2.953,-3.266,-20.699,13.914,0.806,0.914,1.192,1.320,3,NULL,NULL,,3,0,2,7,255,943,250,0,0
stim,51335,81456,0,81456,3278784.454,-0.533,0.149,-0.125,0.823,0,0,1261,0,2871,83,2695,1895,59,1.374,1,2111,0,465.141,22.566,-182.625,-426.750,-29.813,-0.992,0.875,2.953,-3.266,-22.328,13.320,0.910,1.020,1.192,1.320,3,NULL,NULL,,3,0,2,7,255,943,250,0,0
stim,51335,81456,0,81456,3278789.455,-0.533,0.162,-0.142,0.819,0,0,1159,0,2808,75,2573,1785,59,1.374,1,2111,0,487.006,22.399,-168.250,-455.188,-40.875,-1.023,0.379,2.957,-1.777,-22.328,12.547,1.016,1.128,1.192,1.320,3,NULL,NULL,,3,0,2,7,255,943,250,0,0
stim,51335,81456,0,81456,3278794.453,-0.531,0.175,-0.159,0.814,0,0,1003,0,2719,67,2405,1643,59,1.374,1,2111,0,513.365,22.635,-167.188,-484.563,-28.125,-1.078,0.426,2.996,2.574,-22.488,11.941,1.122,1.236,1.192,1.320,3,NULL,NULL,,3,0,2,7,255,943,250,0,0
stim,51366,81487,0,81487,3278799.455,-0.530,0.189,-0.176,0.808,0,0,839,0,2583,43,2172,1467,59,1.374,1,2111,0,523.923,23.699,-164.000,-495.125,-49.500,-1.117,0.609,3.039,2.574,-23.559,10.980,1.230,1.346,1.192,1.320,3,NULL,NULL,,3,0,2,7,255,943,250,0,0
stim,51366,81487,0,81487,3278804.454,-0.529,0.204,-0.192,0.801,0,0,717,0,2414,0,1875,1288,59,1.374,1,2111,0,534.526,25.785,-147.875,-508.188,-74.813,-0.984,0.410,3.207,2.574,-25.656,10.980,1.336,1.454,1.192,1.320,3,NULL,NULL,,3,0,2,7,255,943,250,0,0
stim,51366,81487,0,81487,3278809.455,-0.527,0.220,-0.209,0.794,0,0,485,0,2196,0,1511,1096,59,1.374,1,2111,0,553.192,25.785,-149.438,-529.438,-58.188,-0.848,-0.145,3.227,2.574,-25.656,11.016,1.438,1.558,1.192,1.320,3,NULL,NULL,,3,0,2,7,255,943,250,0,0
stim,51366,81487,0,81487,3278814.453,-0.523,0.234,-0.229,0.787,0,0,274,0,1917,0,1044,941,59,1.374,1,2111,0,580.678,25.017,-185.875,-550.125,-0.688,-0.738,-0.484,2.816,7.219,-23.953,11.016,1.536,1.658,1.192,1.320,3,NULL,NULL,,3,0,2,7,255,943,250,0,0
stim,51366,81487,0,81487,3278819.455,-0.519,0.249,-0.248,0.779,0,0,189,0,1591,0,539,812,59,1.374,1,2111,0,592.127,22.310,-187.813,-561.500,7.625,-0.734,-0.422,2.203,8.410,-20.664,8.051,1.630,1.756,1.192,1.320,3,NULL,NULL,,3,0,2,7,255,943,250,0,0
stim,51366,81487,0,81487,3278824.454,-0.512,0.265,-0.265,0.772,0,0,109,0,1188,0,151,658,59,1.374,1,2111,0,587.609,19.769,-121.688,-574.563,18.813,-0.801,-0.125,1.930,8.410,-17.891,2.359,1.728,1.856,1.192,1.320,3,NULL,NULL,,3,0,2,7,255,943,250,0,0
stim,51394,81515,0,81515,3278829.455,-0.504,0.283,-0.281,0.766,0,0,75,0,702,0,0,567,59,1.374,1,2111,0,583.999,18.785,-59.250,-579.750,37.875,-0.910,0.336,2.102,5.727,-17.891,-1.438,1.832,1.964,1.192,1.320,3,NULL,NULL,,3,0,2,7,255,943,250,0,0
stim,51394,81515,0,81515,3278834.454,-0.493,0.300,-0.296,0.761,0,0,34,0,218,0,0,541,59,1.374,1,2111,0,603.469,22.028,-12.063,-593.875,106.500,-1.473,0.352,2.426,4.777,-21.504,-2.781,1.942,2.074,1.192,1.320,3,NULL,NULL,,3,0,2,7,255,943,250,0,0
stim,51394,81515,0,81515,3278839.455,-0.481,0.317,-0.312,0.756,0,0,18,0,0,0,0,467,59,1.374,1,2111,0,612.527,27.535,-54.250,-593.125,143.000,-1.621,0.691,2.418,2.535,-27.418,-5.977,2.054,2.186,1.192,1.320,3,NULL,NULL,,3,0,2,7,255,943,250,0,0
stim,51394,81515,0,81515,3278844.453,-0.473,0.330,-0.330,0.747,0,0,8,0,0,0,0,441,59,1.374,1,2111,0,573.345,27.543,-166.188,-546.438,50.125,-1.211,1.254,2.219,2.535,-27.426,-9.230,2.160,2.294,1.192,1.320,3,NULL,NULL,,3,0,2,7,255,943,250,0,0
stim,51432,81553,0,81553,3278849.455,-0.471,0.338,-0.350,0.736,0,0,10,0,0,0,0,367,59,1.374,1,2111,0,559.425,27.750,-319.875,-458.938,-3.563,-0.695,1.816,1.711,-4.230,-27.426,-9.645,2.254,2.388,1.192,1.320,4,NULL,NULL,,3,0,2,7,255,943,250,0,0
stim,51432,81553,0,81553,3278854.454,-0.468,0.336,-0.376,0.726,0,0,19,0,0,0,0,293,59,1.374,1,2111,0,639.894,25.505,-524.438,-341.625,133.125,-1.266,2.148,0.625,-12.164,-22.418,-10.516,2.328,2.462,1.192,1.320,0,NULL,NULL,,3,0,2,7,255,943,250,0,0
stim,51432,81553,0,81553,3278859.455,-0.468,0.326,-0.403,0.716,0,0,13,0,0,0,0,227,59,1.374,1,2111,0,695.861,21.924,-637.938,-198.688,194.375,-0.957,2.766,-1.109,-14.980,-16.008,-22.406,2.382,2.516,1.192,1.320,0,NULL,NULL,,3,0,2,7,255,943,250,0,0
stim,51432,81553,0,81553,3278864.453,-0.470,0.320,-0.414,0.711,0,0,11,0,0,0,0,189,59,1.374,1,2111,0,310.429,14.981,-301.875,-61.125,38.750,-0.938,0.895,-1.422,-14.980,0.059,-26.375,2.434,2.572,1.192,1.320,0,NULL,NULL,,3,0,2,7,255,943,250,0,0
stim,51432,81553,0,81553,3278869.455,-0.470,0.323,-0.410,0.712,0,0,4,0,0,0,0,197,59,1.374,1,2111,0,97.536,5.551,87.500,15.063,-40.375,-1.332,-1.188,0.262,-5.551,0.059,-26.375,2.494,2.634,1.192,1.320,0,NULL,NULL,,3,0,2,7,255,943,250,0,0
stim,51432,81553,1,81553,3278874.454,-0.472,0.323,-0.405,0.713,0,0,1,0,0,0,0,179,59,1.374,1,2111,0,133.983,16.383,84.563,80.688,-65.500,-1.586,-1.500,1.746,15.477,-5.375,-16.266,2.560,2.702,1.192,1.320,0,NULL,NULL,,3,1,2,7,255,943,250,0,0
stim,51456,81577,1,81577,3278879.455,-0.479,0.317,-0.404,0.712,0,0,0,0,0,0,0,110,59,1.374,1,2111,0,199.718,23.869,-99.500,163.188,-57.938,-1.309,-0.313,1.523,15.477,-18.172,-12.730,2.626,2.768,1.192,1.320,0,NULL,NULL,,3,1,2,7,255,943,250,0,0
stim,51456,81577,1,81577,3278884.454,-0.486,0.307,-0.405,0.711,0,0,0,0,0,0,0,107,59,1.374,1,2111,0,289.986,19.737,-189.563,218.313,-22.313,-1.238,1.395,0.543,7.703,-18.172,-12.730,2.688,2.830,1.192,1.320,0,NULL,NULL,,3,1,2,7,255,943,250,0,0
stim,51456,81577,1,81577,3278889.455,-0.491,0.297,-0.403,0.713,0,0,0,0,0,0,0,104,59,1.374,1,2111,0,265.357,15.245,-112.563,239.375,21.063,-1.172,2.027,0.047,-8.766,-12.473,-21.344,2.746,2.890,1.192,1.320,0,NULL,NULL,,3,1,2,7,255,943,250,0,0
stim,51456,81577,1,81577,3278894.453,-0.495,0.289,-0.399,0.716,0,0,0,0,0,0,0,100,59,1.374,1,2111,0,245.872,15.149,-5.750,242.938,37.438,-1.270,1.496,0.383,-9.629,-11.695,-22.379,2.806,2.950,1.192,1.320,0,NULL,NULL,,3,1,2,7,255,943,250,0,0
stim,51456,81577,1,81577,3278899.455,-0.498,0.280,-0.393,0.720,0,0,0,0,0,0,0,99,59,1.374,1,2111,0,248.728,15.149,3.125,247.063,28.563,-1.359,0.602,0.855,-9.629,-11.695,-22.379,2.860,3.006,1.192,1.320,0,NULL,NULL,,3,1,2,7,255,943,250,0,0
stim,51456,81577,1,81577,3278904.454,-0.503,0.271,-0.390,0.722,0,0,0,0,0,0,0,94,59,1.374,1,2111,0,263.321,12.184,-59.188,255.813,19.875,-1.184,0.121,0.715,-1.156,-12.129,-17.820,2.908,3.054,1.192,1.320,0,NULL,NULL,,3,1,2,7,255,943,250,0,0
stim,51456,81577,1,81577,3278909.455,-0.508,0.260,-0.387,0.724,0,0,0,0,0,0,0,101,59,1.374,1,2111,0,276.735,12.151,-91.500,259.125,32.625,-0.984,0.270,0.180,0.730,-12.129,-17.090,2.944,3.094,1.192,1.320,0,NULL,NULL,,3,1,2,7,255,943,250,0,0
stim,51456,81577,1,81577,3278914.453,-0.511,0.250,-0.384,0.727,0,0,0,0,0,0,0,92,59,1.374,1,2111,0,271.958,7.127,-58.375,260.750,50.625,-0.836,0.531,-0.234,0.730,-7.090,-17.090,2.974,3.124,1.192,1.320,0,NULL,NULL,,3,1,2,7,255,943,250,0,0
stim,51484,81605,1,81605,3278919.455,-0.514,0.241,-0.378,0.731,0,0,0,0,0,0,0,87,59,1.374,1,2111,0,272.965,5.026,-2.000,267.125,56.125,-0.840,0.668,-0.148,-1.949,-4.633,-18.871,3.000,3.152,1.192,1.320,0,NULL,NULL,,3,1,2,7,255,943,250,0,0
stim,51484,81605,1,81605,3278924.454,-0.517,0.232,-0.371,0.735,0,0,0,0,0,0,0,85,59,1.374,1,2111,0,284.625,5.240,33.563,278.125,50.313,-0.715,0.535,-0.031,-2.449,-4.633,-18.871,3.022,3.176,1.192,1.320,0,NULL,NULL,,3,1,2,7,255,943,250,0,0
stim,51484,81605,1,81605,3278929.455,-0.520,0.223,-0.363,0.740,0,0,0,0,0,0,0,85,59,1.374,1,2111,0,305.343,5.393,52.438,295.125,58.188,-0.563,0.383,0.102,-2.449,-4.805,-16.797,3.044,3.198,1.192,1.320,0,NULL,NULL,,3,1,2,7,255,943,250,0,0
stim,51484,81605,1,81605,3278934.453,-0.522,0.213,-0.355,0.746,0,0,0,0,0,0,0,75,59,1.374,1,2111,0,326.396,5.118,59.063,310.125,82.875,-0.621,0.367,0.188,-1.652,-4.844,-14.305,3.068,3.222,1.192,1.320,0,NULL,NULL,,3,1,2,7,255,943,250,0,0
stim,51484,81605,1,81605,3278939.455,-0.524,0.202,-0.346,0.752,0,0,0,0,0,0,0,71,59,1.374,1,2111,0,343.747,6.159,73.938,325.438,82.375,-0.633,0.406,0.250,-1.652,-5.934,-13.992,3.092,3.248,1.192,1.320,0,NULL,NULL,,3,1,2,7,255,943,250,0,0
stim,51484,81605,1,81605,3278944.453,-0.526,0.192,-0.336,0.757,0,0,0,0,0,0,0,63,59,1.374,1,2111,0,359.761,6.778,92.625,338.813,77.813,-0.660,0.328,0.422,-1.359,-6.641,-13.625,3.118,3.276,1.192,1.320,0,NULL,NULL,,3,1,2,7,255,943,250,0,0
stim,51537,81658,1,81658,3278949.455,-0.528,0.182,-0.325,0.763,0,0,0,0,0,0,0,56,59,1.374,1,2111,0,371.406,8.161,97.750,350.875,72.625,-0.586,0.359,0.621,-1.688,-7.984,-12.191,3.148,3.308,1.192,1.320,0,NULL,NULL,,3,1,2,7,255,943,250,0,0
stim,51537,81658,1,81658,3278954.454,-0.531,0.171,-0.314,0.769,0,0,0,0,0,0,0,57,59,1.374,1,2111,0,381.074,9.073,90.125,363.563,70.125,-0.551,0.281,0.691,-1.266,-8.984,-10.195,3.178,3.340,1.192,1.320,0,NULL,NULL,,3,1,2,7,255,943,250,0,0
stim,51537,81658,1,81658,3278959.455,-0.533,0.160,-0.302,0.774,0,0,0,0,0,0,0,52,59,1.374,1,2111,0,390.649,9.189,91.625,373.625,67.938,-0.535,0.309,0.762,-1.672,-9.035,-8.953,3.212,3.372,1.192,1.320,0,NULL,NULL,,3,1,2,7,255,943,250,0,0
stim,51537,81658,1,81658,3278964.453,-0.536,0.148,-0.291,0.779,0,0,0,0,0,0,0,51,59,1.374,1,2111,0,399.242,9.531,91.688,383.000,65.563,-0.508,0.344,0.824,-1.672,-9.383,-8.121,3.246,3.410,1.192,1.320,0,NULL,NULL,,3,1,2,7,255,943,250,0,0
stim,51537,81658,1,81658,3278969.455,-0.538,0.137,-0.278,0.784,0,0,0,0,0,0,0,53,59,1.374,1,2111,0,405.967,9.801,97.625,390.188,55.063,-0.512,0.313,0.945,-2.043,-9.586,-7.277,3.284,3.448,1.192,1.320,0,NULL,NULL,,3,1,2,7,255,943,250,0,0
stim,51537,81658,1,81658,3278974.454,-0.541,0.125,-0.266,0.788,0,0,0,0,0,0,0,53,59,1.374,1,2111,0,408.691,10.291,94.625,394.813,46.875,-0.441,0.313,1.059,-2.156,-10.063,-5.957,3.324,3.488,1.192,1.320,0,NULL,NULL,,3,1,2,7,255,943,250,0,0
stim,51537,81658,1,81658,3278979.455,-0.544,0.113,-0.254,0.792,0,0,0,0,0,0,0,52,59,1.374,1,2111,0,411.512,10.370,87.500,399.688,44.000,-0.402,0.293,1.094,-2.508,-10.063,-4.375,3.364,3.530,1.192,1.320,0,NULL,NULL,,3,1,2,7,255,943,250,0,0
stim,51537,81658,1,81658,3278984.453,-0.548,0.100,-0.241,0.795,0,0,0,0,0,0,0,49,59,1.374,1,2111,0,412.960,9.999,83.563,402.563,38.688,-0.375,0.250,1.094,-2.508,-9.680,-3.504,3.406,3.572,1.192,1.320,0,NULL,NULL,,3,1,2,7,255,943,250,0,0
stim,51537,81658,1,81658,3278989.455,-0.550,0.088,-0.229,0.798,0,0,0,0,0,0,0,47,59,1.374,1,2111,0,413.340,9.443,81.688,403.438,37.625,-0.328,0.250,1.023,-2.504,-9.105,-3.070,3.446,3.616,1.192,1.320,0,NULL,NULL,,3,1,2,7,255,943,250,0,0
stim,51537,81658,1,81658,3278994.454,-0.553,0.076,-0.216,0.801,0,0,0,0,0,0,0,53,59,1.374,1,2111,0,415.691,8.522,91.063,403.938,36.625,-0.324,0.242,0.977,-2.457,-8.160,-3.070,3.488,3.658,1.192,1.320,0,NULL,NULL,,3,1,2,7,255,943,250,0,0
stim,51560,81681,1,81681,3278999.455,-0.556,0.064,-0.203,0.804,0,0,0,0,0,0,0,49,59,1.374,1,2111,0,417.521,8.019,105.625,402.625,32.563,-0.320,0.195,0.996,-2.457,-7.633,-3.070,3.528,3.698,1.192,1.320,0,NULL,NULL,,3,1,2,7,255,943,250,0,0
stim,51560,81681,1,81681,3279004.453,-0.558,0.053,-0.189,0.806,0,0,0,0,0,0,0,51,59,1.374,1,2111,0,416.292,7.665,118.688,398.000,28.438,-0.223,0.160,1.035,-2.297,-7.313,-2.578,3.566,3.738,1.192,1.320,0,NULL,NULL,,3,1,2,7,255,943,250,0,0
stim,51560,81681,1,81681,3279009.455,-0.561,0.042,-0.175,0.808,0,0,0,0,0,0,0,49,59,1.374,1,2111,0,415.562,6.644,131.375,393.063,30.563,-0.121,0.137,1.047,-2.297,-6.234,-1.602,3.604,3.776,1.192,1.320,0,NULL,NULL,,3,1,2,7,255,943,250,0,0
stim,51560,81681,1,81681,3279014.454,-0.562,0.032,-0.160,0.811,0,0,0,0,0,0,0,48,59,1.374,1,2111,0,415.484,5.578,148.250,386.063,40.063,-0.109,0.191,1.094,-2.473,-5.000,-0.973,3.636,3.810,1.192,1.320,0,NULL,NULL,,3,1,2,7,255,943,250,0,0
stim,51581,81702,1,81702,3279019.455,-0.563,0.022,-0.145,0.813,0,0,0,0,0,0,0,55,59,1.374,1,2111,0,416.032,5.796,168.688,377.438,46.563,-0.109,0.207,1.215,-3.098,-4.898,-0.461,3.668,3.842,1.192,1.320,0,NULL,NULL,,3,1,2,7,255,943,250,0,0
stim,51581,81702,1,81702,3279024.454,-0.564,0.013,-0.129,0.816,0,0,0,0,0,0,0,53,59,1.374,1,2111,0,415.801,5.943,182.375,369.813,53.563,-0.109,0.230,1.344,-3.410,-4.867,0.797,3.692,3.868,1.192,1.320,0,NULL,NULL,,3,1,2,7,255,943,250,0,0
stim,51581,81702,1,81702,3279029.455,-0.564,0.005,-0.113,0.818,0,0,0,0,0,0,0,51,59,1.374,1,2111,0,414.373,6.183,189.125,364.125,57.875,-0.121,0.250,1.508,-3.773,-4.898,2.160,3.716,3.892,1.192,1.320,0,NULL,NULL,,3,1,2,7,255,943,250,0,0
stim,51581,81702,1,81702,3279034.453,-0.564,-0.003,-0.098,0.820,0,0,0,0,0,0,0,48,59,1.374,1,2111,0,411.964,6.422,196.250,356.438,64.438,-0.152,0.293,1.637,-4.098,-4.945,3.824,3.738,3.916,1.192,1.320,0,NULL,NULL,,3,1,2,7,255,943,250,0,0
stim,51604,81725,1,81725,3279039.455,-0.563,-0.011,-0.081,0.822,0,0,0,0,0,0,0,55,59,1.374,1,2111,0,411.785,6.763,206.188,350.188,66.500,-0.195,0.289,1.797,-4.457,-5.086,5.133,3.760,3.938,1.192,1.320,0,NULL,NULL,,3,1,2,7,255,943,250,0,0
stim,51604,81725,1,81725,3279044.454,-0.563,-0.018,-0.065,0.824,0,0,0,0,0,0,0,55,59,1.374,1,2111,0,408.874,6.860,211.875,343.375,66.188,-0.242,0.305,1.961,-4.516,-5.164,6.828,3.782,3.962,1.192,1.320,0,NULL,NULL,,3,1,2,7,255,943,250,0,0
stim,51636,81757,1,81757,3279049.455,-0.562,-0.026,-0.049,0.825,0,0,0,0,0,0,0,57,59,1.374,1,2111,0,401.441,6.878,208.625,337.750,59.625,-0.285,0.344,2.156,-4.516,-5.188,8.586,3.806,3.986,1.192,1.320,0,NULL,NULL,,3,1,2,7,255,943,250,0,0
stim,51636,81757,1,81757,3279054.453,-0.561,-0.033,-0.034,0.826,0,0,0,0,0,0,0,57,59,1.374,1,2111,0,393.628,6.885,202.750,332.438,57.625,-0.199,0.277,2.215,-4.527,-5.188,10.594,3.830,4.010,1.192,1.320,0,NULL,NULL,,3,1,2,7,255,943,250,0,0
stim,51636,81757,1,81757,3279059.457,-0.560,-0.040,-0.018,0.827,0,0,0,0,0,0,0,54,59,1.374,1,2111,0,388.891,5.732,201.250,328.500,53.125,-0.184,0.266,2.289,-4.527,-3.516,11.414,3.850,4.032,1.192,1.320,0,NULL,NULL,,3,1,2,7,255,943,250,0,0
stim,51636,81757,1,81757,3279064.454,-0.559,-0.047,-0.003,0.828,0,0,0,0,0,0,0,55,59,1.374,1,2111,0,387.206,5.117,202.313,326.750,47.250,-0.164,0.145,2.383,-4.395,-2.621,12.293,3.870,4.052,1.192,1.320,0,NULL,NULL,,3,1,2,7,255,943,250,0,0
stim,51636,81757,1,81757,3279069.455,-0.559,-0.054,0.013,0.827,0,0,0,0,0,0,0,51,59,1.374,1,2111,0,382.350,3.573,193.750,327.688,35.688,-0.070,0.008,2.336,-3.352,-1.238,12.980,3.884,4.066,1.192,1.320,0,NULL,NULL,,3,1,2,7,255,943,250,0,0
stim,51636,81757,1,81757,3279074.454,-0.558,-0.060,0.028,0.827,0,0,0,0,0,0,0,55,59,1.374,1,2111,0,383.736,2.433,200.938,325.688,28.375,-0.012,-0.117,2.074,-2.277,0.855,12.980,3.892,4.076,1.192,1.320,0,NULL,NULL,,3,1,2,7,255,943,250,0,0
stim,51636,81757,1,81757,3279079.455,-0.558,-0.066,0.044,0.826,0,0,0,0,0,0,0,60,59,1.374,1,2111,0,405.962,2.558,245.875,322.313,21.563,0.012,-0.242,1.980,-0.988,2.359,10.395,3.892,4.078,1.192,1.320,0,NULL,NULL,,3,1,2,7,255,943,250,0,0
stim,51636,81757,1,81757,3279084.454,-0.558,-0.071,0.062,0.824,0,0,0,0,0,0,0,58,59,1.374,1,2111,0,427.919,3.606,283.750,320.063,12.688,0.184,-0.422,2.117,0.344,3.590,10.277,3.884,4.070,1.192,1.320,0,NULL,NULL,,3,1,2,7,255,943,250,0,0
stim,51636,81757,1,81757,3279089.455,-0.558,-0.074,0.081,0.822,0,0,0,0,0,0,0,59,59,1.374,1,2111,0,440.789,6.726,308.625,314.688,4.188,0.293,-0.352,2.289,0.680,6.691,10.277,3.866,4.054,1.192,1.320,0,NULL,NULL,,3,1,2,7,255,943,250,0,0
stim,51636,81757,1,81757,3279094.453,-0.559,-0.078,0.100,0.819,0,0,0,0,0,0,0,58,59,1.374,1,2111,0,452.603,8.457,329.125,310.500,-10.750,0.566,-0.375,2.434,0.680,8.430,11.438,3.836,4.024,1.192,1.320,0,NULL,NULL,,3,1,2,7,255,943,250,0,0
stim,51663,81784,1,81784,3279099.455,-0.559,-0.080,0.120,0.816,0,0,0,0,0,0,0,62,59,1.374,1,2111,0,466.101,12.003,351.688,305.688,-11.000,0.852,-0.438,2.605,0.258,12.000,11.836,3.794,3.984,1.192,1.320,0,NULL,NULL,,3,1,2,7,255,943,250,0,0
stim,51663,81784,1,81784,3279104.454,-0.560,-0.082,0.140,0.813,0,0,0,0,0,0,0,69,59,1.374,1,2111,0,470.770,15.947,364.938,297.313,-7.063,1.051,-0.473,2.855,0.258,15.945,12.180,3.738,3.930,1.192,1.320,0,NULL,NULL,,3,1,2,7,255,943,250,0,0
stim,51663,81784,1,81784,3279109.455,-0.559,-0.083,0.160,0.809,0,0,0,0,0,0,0,67,59,1.374,1,2111,0,463.618,19.339,360.563,291.438,0.500,1.293,-0.570,3.117,0.367,19.336,13.336,3.670,3.864,1.192,1.320,0,NULL,NULL,,3,1,2,7,255,943,250,0,0
stim,51663,81784,1,81784,3279114.454,-0.559,-0.085,0.179,0.805,0,0,0,0,0,0,0,68,59,1.374,1,2111,0,436.913,23.438,336.750,278.375,0.438,1.391,-0.500,3.168,0.613,23.430,13.578,3.588,3.784,1.192,1.320,0,NULL,NULL,,3,1,2,7,255,943,250,0,0
stim,51663,81784,1,81784,3279119.455,-0.559,-0.086,0.197,0.801,0,0,0,0,0,0,0,70,59,1.374,1,2111,0,424.780,25.001,329.063,268.375,-11.438,1.527,-0.563,3.086,1.020,24.980,13.578,3.494,3.690,1.192,1.320,0,NULL,NULL,,3,1,2,7,255,943,250,0,0
stim,51663,81784,0,81784,3279124.454,-0.559,-0.088,0.215,0.796,0,0,0,0,0,0,0,69,59,1.374,1,2111,0,425.435,26.781,336.063,259.938,-22.125,1.664,-0.586,3.238,1.211,26.754,11.418,3.386,3.582,1.192,1.320,0,NULL,NULL,,3,0,2,7,255,942,250,0,0
stim,51695,81816,0,81816,3279129.455,-0.559,-0.089,0.232,0.791,0,0,0,0,0,0,0,69,59,1.374,1,2111,0,411.129,29.287,321.125,253.625,-39.750,1.906,-0.477,3.477,1.211,29.262,11.418,3.262,3.460,1.192,1.320,0,NULL,NULL,,3,0,2,7,255,942,250,0,0
stim,51695,81816,0,81816,3279134.454,-0.560,-0.091,0.247,0.786,0,0,0,0,0,0,0,83,59,1.374,1,2111,0,376.208,32.630,274.063,249.875,-63.125,2.281,-0.438,3.516,0.574,32.625,11.313,3.124,3.322,1.192,1.320,0,NULL,NULL,,3,0,2,7,255,942,250,0,0
stim,51695,81816,0,81816,3279139.455,-0.561,-0.095,0.260,0.780,0,0,0,0,0,0,0,99,59,1.374,1,2111,0,333.797,36.402,215.250,244.250,-73.688,2.703,-0.551,3.328,-0.508,36.398,9.629,2.968,3.166,1.192,1.320,0,NULL,NULL,,3,0,2,7,255,942,250,0,0
stim,51695,81816,0,81816,3279144.453,-0.561,-0.100,0.271,0.775,0,0,0,0,0,0,0,138,59,1.374,1,2111,0,295.535,39.667,162.438,237.125,-68.750,3.066,-0.699,2.988,-0.711,39.660,4.926,2.798,2.994,1.192,1.320,0,NULL,NULL,,3,0,2,7,255,942,250,0,0
stim,51695,81816,0,81816,3279149.455,-0.562,-0.106,0.280,0.771,0,0,0,0,0,0,0,202,59,1.374,1,2111,0,264.968,41.549,121.813,227.563,-59.875,3.387,-0.773,2.598,-0.711,41.543,-0.914,2.616,2.812,1.192,1.320,0,NULL,NULL,,3,0,2,7,255,942,250,0,0
stim,51695,81816,0,81816,3279154.455,-0.561,-0.111,0.288,0.768,0,0,0,0,0,0,0,243,59,1.374,1,2111,0,241.684,42.380,97.563,214.375,-54.188,3.727,-0.785,2.211,-1.441,42.355,-6.750,2.426,2.620,1.192,1.320,0,NULL,NULL,,3,0,2,7,255,942,250,0,0
stim,51731,81852,0,81852,3279159.454,-0.561,-0.116,0.296,0.764,0,0,0,0,0,0,0,277,59,1.374,1,2111,0,220.976,43.048,86.125,196.563,-52.688,4.137,-0.852,1.852,-2.863,42.953,-12.438,2.232,2.424,1.192,1.320,0,NULL,NULL,,3,0,2,7,255,942,250,0,0
stim,51731,81852,0,81852,3279164.455,-0.561,-0.121,0.303,0.761,0,0,0,0,0,0,0,328,59,1.374,1,2111,0,198.011,44.284,83.188,174.250,-43.875,4.492,-1.137,1.516,-2.863,44.191,-18.336,2.038,2.224,1.192,1.320,0,NULL,NULL,,3,0,2,7,255,942,250,0,0
stim,51731,81852,0,81852,3279169.454,-0.560,-0.123,0.310,0.758,0,0,0,0,0,0,0,347,59,1.374,1,2111,0,186.985,44.451,108.250,151.563,-16.563,4.570,-1.438,1.184,-2.855,44.359,-24.371,1.840,2.022,1.192,1.320,0,NULL,NULL,,3,0,2,7,255,942,250,0,0
stim,51731,81852,0,81852,3279174.455,-0.559,-0.123,0.317,0.756,0,0,0,0,0,0,0,349,59,1.374,1,2111,0,187.809,45.389,158.375,99.438,17.375,4.582,-1.926,1.363,-0.766,45.383,-28.980,1.640,1.818,1.192,1.320,0,NULL,NULL,,3,0,2,7,255,942,250,0,0
stim,51731,81852,0,81852,3279179.454,-0.556,-0.119,0.324,0.756,0,0,0,0,0,0,0,349,59,1.374,1,2111,0,181.953,46.380,142.438,46.313,103.313,4.762,-2.258,2.023,3.859,46.219,-28.980,1.438,1.612,1.192,1.320,0,NULL,NULL,,3,0,2,7,255,942,250,0,0
stim,51731,81852,0,81852,3279184.455,-0.551,-0.114,0.330,0.757,0,0,0,0,0,0,0,285,59,1.374,1,2111,0,220.908,46.725,154.063,16.688,157.438,3.824,-2.004,1.758,6.859,46.219,-27.168,1.232,1.400,1.192,1.320,0,NULL,NULL,,3,0,2,7,255,942,250,0,0
stim,51754,81875,0,81875,3279189.454,-0.550,-0.106,0.337,0.757,0,0,0,123,0,0,0,439,59,1.374,1,2111,0,240.616,43.485,214.563,-36.250,102.688,2.535,-1.566,2.484,7.000,42.918,-23.660,1.016,1.182,1.192,1.320,0,NULL,NULL,,3,0,2,7,255,942,250,0,0
stim,51754,81875,0,81875,3279194.455,-0.545,-0.078,0.353,0.756,524,0,0,864,0,37,0,539,59,1.374,1,2111,0,736.828,43.853,614.375,-266.563,307.250,1.324,-0.781,7.824,9.008,42.918,-10.188,0.782,0.942,1.192,1.320,0,NULL,NULL,,3,0,2,7,255,942,250,0,0
stim,51754,81875,0,81875,3279199.455,-0.547,-0.061,0.356,0.755,1199,0,0,1481,0,277,0,595,59,1.374,1,2111,0,420.818,61.177,298.813,-279.125,99.438,1.914,0.297,10.645,18.227,58.398,38.105,0.538,0.682,1.192,1.320,0,NULL,NULL,,3,0,2,7,255,942,250,0,0
stim,51754,81875,0,81875,3279204.453,-0.540,-0.077,0.318,0.775,1820,0,0,1875,0,538,0,646,59,1.374,1,2111,0,1060.866,61.177,-1031.000,-168.563,184.563,0.746,1.535,4.000,18.227,58.398,38.105,0.364,0.458,1.192,1.320,0,NULL,NULL,,3,0,2,7,255,942,250,0,0
stim,51754,81875,0,81875,3279209.455,-0.527,-0.094,0.271,0.800,2173,0,0,2029,0,883,0,703,60,1.374,1,2112,0,1319.685,26.116,-1258.063,-225.688,328.500,0.477,3.805,-1.254,-8.785,24.594,23.898,0.340,0.344,1.192,1.320,1,956.000,14.000,,3,0,2,7,255,942,250,0,0
stim,51754,81875,0,81875,3279214.453,-0.513,-0.100,0.244,0.817,2423,0,0,2229,0,1099,0,763,60,1.374,1,2112,0,798.589,22.760,-699.063,-178.063,342.563,-1.500,2.535,-3.395,-17.508,-14.543,-10.727,0.392,0.340,1.192,1.320,1,NULL,NULL,,3,0,2,7,255,942,250,0,0
stim,51795,81916,0,81916,3279219.455,-0.507,-0.095,0.236,0.823,2577,0,0,2343,0,1277,0,856,60,1.374,1,2112,0,312.517,35.229,-141.375,-191.438,202.563,-2.734,0.098,-1.930,-17.508,-30.570,-15.566,0.446,0.386,1.192,1.320,1,NULL,NULL,,3,0,2,7,255,942,250,0,0
stim,51795,81916,0,81916,3279224.454,-0.509,-0.085,0.239,0.822,2734,0,0,2534,0,1439,0,949,60,1.374,1,2112,0,248.250,30.570,183.375,-167.313,-2.875,-1.371,0.852,1.648,0.055,-30.570,-15.566,0.490,0.440,1.192,1.320,1,NULL,NULL,,3,0,2,7,255,942,250,0,0
stim,51795,81916,0,81916,3279229.455,-0.511,-0.078,0.241,0.822,2856,0,0,2699,0,1513,0,1063,60,1.374,1,2112,0,154.662,6.383,112.625,-106.000,-0.063,0.336,3.336,2.773,0.055,-6.383,11.906,0.530,0.486,1.192,1.320,2,NULL,NULL,,3,0,2,7,255,942,250,0,0
stim,51795,81916,0,81916,3279234.453,-0.503,-0.073,0.233,0.829,2927,0,0,2821,0,1559,0,1189,60,1.374,1,2112,0,314.723,8.977,-133.000,-164.625,232.938,-0.762,1.691,2.508,-8.832,-1.609,19.473,0.558,0.522,1.192,1.320,2,NULL,NULL,,3,0,2,7,255,942,250,0,0
stim,51795,81916,0,81916,3279239.455,-0.498,-0.074,0.215,0.837,2991,0,0,2919,0,1599,0,1303,60,1.374,1,2112,0,470.926,8.977,-409.188,-167.125,162.500,-2.125,-0.563,1.332,-8.832,-1.609,19.473,0.568,0.546,1.192,1.320,2,NULL,NULL,,3,0,2,7,255,942,250,0,0
stim,51795,81916,0,81916,3279244.454,-0.499,-0.076,0.197,0.840,3021,0,0,2977,0,1625,0,1391,60,1.374,1,2112,0,440.299,18.117,-395.625,-190.063,-34.938,-1.961,-1.102,-0.508,15.797,-8.871,7.629,0.558,0.556,1.192,1.320,2,NULL,NULL,,3,0,2,7,255,942,250,0,0
stim,51839,81960,0,81960,3279249.455,-0.507,-0.075,0.185,0.839,3048,0,0,3026,0,1656,0,1471,60,1.374,1,2112,0,327.642,18.117,-196.063,-188.625,-182.563,-0.664,-1.168,-0.094,15.797,-8.871,-10.582,0.532,0.558,1.192,1.320,2,NULL,NULL,,3,0,2,7,255,942,250,0,0
stim,51839,81960,0,81960,3279254.453,-0.515,-0.071,0.177,0.835,3063,0,0,3081,0,1692,0,1519,60,1.374,1,2112,0,287.297,13.058,-67.063,-185.438,-208.938,0.656,-1.148,1.027,13.031,-0.840,-10.582,0.498,0.542,1.192,1.320,2,NULL,NULL,,3,0,2,7,255,942,250,0,0
stim,51839,81960,0,81960,3279259.455,-0.520,-0.068,0.171,0.834,3077,0,0,3111,0,1753,0,1561,60,1.374,1,2112,0,205.881,15.456,-74.750,-156.500,-110.938,1.438,-1.180,1.664,7.305,13.621,-4.531,0.448,0.496,1.192,1.320,2,NULL,NULL,,3,0,2,7,255,942,250,0,0
stim,51839,81960,0,81960,3279264.454,-0.519,-0.065,0.163,0.836,3103,0,0,3145,0,1817,0,1581,60,1.374,1,2112,0,192.812,23.359,-128.875,-139.063,35.063,1.555,-1.668,1.672,7.305,22.188,-1.453,0.384,0.422,1.192,1.320,2,NULL,NULL,,3,0,2,7,255,942,250,0,0
stim,51839,81960,0,81960,3279269.455,-0.513,-0.064,0.154,0.842,3108,0,0,3171,0,1913,0,1625,60,1.374,1,2112,0,277.176,23.623,-175.438,-121.688,176.750,0.824,-1.699,1.223,8.109,22.188,-1.453,0.318,0.334,1.192,1.320,2,NULL,NULL,,3,0,2,7,255,942,250,0,0
stim,51839,81960,0,81960,3279274.454,-0.504,-0.061,0.146,0.849,3112,0,0,3183,0,2022,0,1681,60,1.374,1,2112,0,329.259,19.511,-165.313,-122.875,256.875,-0.398,-0.543,0.469,8.109,17.746,-3.340,0.268,0.254,1.192,1.320,2,NULL,NULL,,3,0,2,7,255,942,250,0,0
stim,51839,81960,0,81960,3279279.455,-0.499,-0.059,0.140,0.853,3119,0,0,3197,23,2115,24,1725,60,1.374,1,2112,0,227.795,6.534,-121.313,-132.500,140.063,-1.793,0.430,0.816,6.516,0.484,-3.340,0.234,0.202,1.192,1.320,2,NULL,NULL,,3,0,2,7,255,942,250,0,0
stim,51839,81960,0,81960,3279284.453,-0.501,-0.055,0.133,0.853,3115,0,0,3198,175,2223,45,1847,60,1.374,1,2112,0,173.615,10.809,-90.250,-140.375,-47.875,-0.945,0.734,0.648,5.055,-9.555,-0.543,0.210,0.180,1.192,1.320,2,NULL,NULL,,3,0,2,7,255,942,250,0,0
stim,51839,81960,0,81960,3279289.455,-0.505,-0.052,0.128,0.852,3115,0,0,3209,461,2291,132,1999,60,1.374,1,2112,0,171.521,9.574,-53.500,-135.063,-91.188,-0.031,0.094,1.113,-0.602,-9.555,0.926,0.196,0.172,1.192,1.320,2,NULL,NULL,,3,0,2,7,255,942,250,0,0
stim,51839,81960,0,81960,3279294.454,-0.508,-0.049,0.123,0.851,3117,0,0,3209,745,2347,205,2125,60,1.374,1,2112,0,153.252,2.118,-63.313,-111.875,-83.438,0.387,-0.336,2.156,-0.602,2.031,0.926,0.196,0.162,1.192,1.320,2,NULL,NULL,,3,0,2,7,255,942,250,0,0
stim,51875,81996,0,81996,3279299.455,-0.511,-0.050,0.118,0.850,3115,0,0,3207,1019,2391,153,2207,60,1.374,1,2112,0,122.775,9.874,-80.313,-46.188,-80.563,0.930,-0.246,1.383,-0.602,9.855,1.195,0.212,0.144,1.192,1.320,2,NULL,NULL,,3,0,2,7,255,942,250,0,0
stim,51875,81996,0,81996,3279304.453,-0.512,-0.049,0.115,0.850,3104,0,0,3211,1194,2423,187,2267,60,1.374,1,2112,0,76.362,10.088,-50.625,-54.563,-17.063,0.844,0.238,0.953,-2.152,9.855,1.195,0.238,0.124,1.192,1.320,2,NULL,NULL,,3,0,2,7,255,942,250,0,0
stim,51875,81996,0,81996,3279309.455,-0.512,-0.048,0.113,0.850,3119,17,0,3206,1325,2452,213,2329,60,1.374,1,2112,0,49.237,8.454,-35.000,-34.063,-6.250,0.004,-0.117,1.449,-2.152,8.176,1.195,0.264,0.104,1.192,1.320,2,NULL,NULL,,3,0,2,7,255,942,250,0,0
stim,51875,81996,0,81996,3279314.454,-0.513,-0.050,0.109,0.850,3113,30,0,3217,1427,2473,217,2377,60,1.374,1,2112,0,106.626,3.878,-98.250,-25.688,-32.500,-0.234,-0.559,0.977,0.988,3.750,-0.613,0.280,0.086,1.192,1.320,2,NULL,NULL,,3,0,2,7,255,942,250,0,0
stim,51875,81996,0,81996,3279319.455,-0.515,-0.050,0.106,0.849,3115,43,0,3213,1543,2488,217,2411,60,1.374,1,2112,0,71.098,4.239,-57.438,-26.063,-32.813,-0.023,-0.387,0.504,3.344,2.605,-0.613,0.288,0.070,1.192,1.320,2,NULL,NULL,,3,0,2,7,255,942,250,0,0
stim,51875,81996,0,81996,3279324.454,-0.516,-0.049,0.106,0.848,3115,55,0,3221,1595,2507,215,2431,60,1.374,1,2112,0,50.249,4.210,12.438,-19.750,-44.500,-0.082,-0.004,0.973,3.344,2.559,-0.613,0.296,0.056,1.192,1.320,2,NULL,NULL,,3,0,2,7,255,942,250,0,0
stim,51875,81997,0,81997,3279329.455,-0.518,-0.048,0.106,0.847,3110,85,0,3208,1647,2510,217,2450,60,1.374,1,2112,0,57.061,1.877,12.375,-16.750,-53.125,0.031,0.262,1.309,0.309,1.852,-0.367,0.304,0.044,1.192,1.320,2,NULL,NULL,,3,0,2,7,255,942,250,0,0
stim,51875,81997,0,81997,3279334.453,-0.520,-0.049,0.104,0.847,3114,112,0,3215,1694,2525,188,2471,60,1.374,1,2112,0,47.742,1.927,-32.188,-11.375,-33.375,0.059,0.020,1.227,-0.535,1.852,1.863,0.314,0.030,1.192,1.320,2,NULL,NULL,,3,0,2,7,255,942,250,0,0
stim,51903,82024,0,82024,3279339.455,-0.520,-0.050,0.101,0.847,3119,108,0,3207,1747,2527,175,2487,60,1.374,1,2112,0,59.533,2.021,-57.563,-9.313,-12.000,-0.109,-0.230,0.938,-0.535,1.949,1.863,0.320,0.022,1.192,1.320,2,NULL,NULL,,3,0,2,7,255,942,250,0,0
stim,51903,82024,0,82024,3279344.454,-0.521,-0.050,0.100,0.846,3112,117,0,3211,1781,2535,171,2491,60,1.374,1,2112,0,39.979,2.555,-32.000,-8.250,-22.500,-0.250,-0.082,0.813,1.652,1.949,-0.840,0.320,0.016,1.192,1.320,2,NULL,NULL,,3,0,2,7,255,942,250,0,0
stim,51936,82057,0,82057,3279349.455,-0.523,-0.050,0.099,0.845,3111,123,0,3209,1799,2540,151,2503,60,1.374,1,2112,0,47.800,1.661,-6.750,-8.438,-46.563,-0.176,0.145,0.992,1.652,-0.172,-0.840,0.322,0.014,1.192,1.320,2,NULL,NULL,,3,0,2,7,255,942,250,0,0
stim,51936,82057,0,82057,3279354.453,-0.524,-0.050,0.099,0.844,3108,119,5,3205,1821,2551,149,2507,60,1.374,1,2112,0,50.585,0.682,-10.000,-6.750,-49.125,-0.039,0.105,1.117,-0.660,-0.172,0.133,0.324,0.010,1.192,1.320,2,NULL,NULL,,3,0,2,7,255,942,250,0,0
stim,51936,82057,0,82057,3279359.455,-0.526,-0.051,0.097,0.844,3112,121,29,3195,1861,2551,121,2508,60,1.374,1,2112,0,42.595,1.568,-25.250,-5.000,-33.938,0.004,0.000,1.059,-0.660,1.422,0.348,0.330,0.006,1.192,1.320,2,NULL,NULL,,3,0,2,7,255,942,250,0,0
stim,51936,82057,0,82057,3279364.454,-0.526,-0.051,0.096,0.843,3115,112,46,3182,1873,2543,115,2517,60,1.374,1,2112,0,31.529,1.564,-22.125,-3.875,-22.125,-0.020,0.016,0.934,-0.258,1.543,0.348,0.000,0.000,1.192,1.320,2,NULL,NULL,,3,0,2,7,255,942,250,0,0
stim,51936,82057,0,82057,3279369.455,-0.527,-0.051,0.095,0.843,3109,107,86,3179,1881,2541,99,2513,60,1.374,1,2112,0,23.645,1.564,-8.875,-2.125,-21.813,-0.035,0.043,0.988,-0.258,1.543,-0.223,0.000,0.000,1.192,1.320,2,NULL,NULL,,3,0,2,7,255,942,250,0,0
stim,51936,82057,0,82057,3279374.454,-0.528,-0.051,0.095,0.842,3103,109,91,3179,1892,2551,61,2517,60,1.374,1,2112,0,20.688,1.609,-3.875,0.625,-20.313,-0.020,0.051,1.043,-0.457,1.543,-0.223,0.000,0.000,1.192,1.320,2,NULL,NULL,,3,0,2,7,255,942,250,0,0
stim,51936,82057,0,82057,3279379.455,-0.528,-0.051,0.095,0.842,3101,103,97,3176,1891,2541,40,2505,60,1.374,1,2112,0,12.367,1.532,-3.938,1.938,-11.563,-0.035,0.129,1.059,-0.598,1.410,0.273,0.000,0.000,1.192,1.320,2,NULL,NULL,,3,0,2,7,255,942,250,0,0
stim,51936,82057,0,82057,3279384.453,-0.529,-0.051,0.095,0.842,3094,104,93,3175,1891,2517,23,2495,60,1.362,1,2112,1,7.610,1.693,-4.938,2.813,-5.063,-0.121,0.191,1.055,-1.207,1.188,0.527,0.000,0.000,1.195,1.334,2,NULL,NULL,,3,0,2,7,255,942,250,0,0
stim,51936,82057,0,82057,3279389.455,-0.529,-0.051,0.095,0.842,3101,103,99,3164,1895,2550,2,2495,60,1.362,1,2112,1,11.183,1.297,-6.250,2.688,-8.875,-0.176,0.203,1.051,-1.285,0.176,0.684,0.006,0.004,1.195,1.334,2,NULL,NULL,,3,0,2,7,255,942,250,0,0
stim,51936,82057,0,82057,3279394.454,-0.529,-0.051,0.095,0.842,3091,100,94,3169,1896,2537,0,2493,60,1.362,1,2112,1,16.613,1.285,-6.125,2.000,-15.313,-0.145,0.172,1.039,-1.285,0.012,0.684,0.010,0.008,1.195,1.334,2,NULL,NULL,,3,0,2,7,255,942,250,0,0
stim,51964,82085,0,82085,3279399.455,-0.530,-0.051,0.094,0.841,3091,95,99,3155,1901,2527,0,2492,60,1.362,1,2112,1,14.120,1.121,-6.125,0.938,-12.688,-0.109,0.129,1.020,-1.121,0.012,0.563,0.014,0.010,1.195,1.334,2,NULL,NULL,,3,0,2,7,255,942,250,0,0
stim,51964,82085,0,82085,3279404.453,-0.530,-0.052,0.094,0.841,3067,87,102,3149,1903,2539,0,2501,60,1.362,1,2112,1,7.476,1.020,-6.688,-0.438,-3.313,-0.117,0.094,1.004,-0.902,0.477,0.250,0.020,0.014,1.195,1.334,2,NULL,NULL,,3,0,2,7,255,942,250,0,0
stim,51964,82085,0,82085,3279409.455,-0.530,-0.052,0.094,0.841,3052,76,121,3127,1900,2525,0,2489,60,1.362,1,2112,1,6.952,0.761,-6.063,-2.438,2.375,-0.176,0.090,0.973,-0.594,0.477,0.090,0.022,0.016,1.195,1.334,2,NULL,NULL,,3,0,2,7,255,942,250,0,0
stim,51964,82085,0,82085,3279414.454,-0.530,-0.051,0.094,0.841,3045,77,160,3131,1911,2532,0,2495,60,1.362,1,2112,1,5.162,0.294,-2.438,-4.375,1.250,-0.211,0.086,0.945,-0.289,-0.055,-0.074,0.026,0.016,1.195,1.334,2,NULL,NULL,,3,0,2,7,255,942,250,0,0
stim,51964,82085,0,82085,3279419.455,-0.530,-0.051,0.094,0.841,3043,77,185,3115,1927,2531,0,2503,60,1.362,1,2112,1,7.535,0.171,1.313,-7.375,0.813,-0.184,0.078,0.957,-0.125,-0.117,-0.238,0.028,0.018,1.195,1.334,2,NULL,NULL,,3,0,2,7,255,942,250,0,0
stim,51964,82085,0,82085,3279424.454,-0.530,-0.051,0.093,0.842,3016,80,203,3109,1947,2531,0,2515,60,1.362,1,2112,1,12.401,0.143,1.188,-10.375,6.688,-0.168,0.043,0.961,-0.082,-0.117,-0.262,0.030,0.020,1.195,1.334,2,NULL,NULL,,3,0,2,7,255,942,250,0,0
stim,51995,82116,0,82116,3279429.455,-0.529,-0.050,0.093,0.842,3007,77,221,3083,1973,2527,3,2519,60,1.362,1,2112,1,17.217,0.150,2.250,-13.000,11.063,-0.203,0.043,0.949,0.094,-0.117,-0.262,0.034,0.022,1.195,1.334,2,NULL,NULL,,3,0,2,7,255,942,250,0,0
stim,51995,82116,0,82116,3279434.454,-0.529,-0.050,0.093,0.842,2984,77,235,3069,1991,2529,11,2532,60,1.362,1,2112,1,18.541,0.227,6.188,-15.375,8.313,-0.223,0.066,0.945,0.156,-0.164,-0.273,0.036,0.024,1.195,1.334,2,NULL,NULL,,3,0,2,7,255,942,250,0,0
stim,51995,82116,0,82116,3279439.455,-0.529,-0.049,0.093,0.842,2969,75,281,3048,2021,2535,20,2543,60,1.362,1,2112,1,20.200,0.227,10.625,-16.938,2.875,-0.184,0.078,0.953,0.156,-0.164,-0.277,0.038,0.024,1.195,1.334,2,NULL,NULL,,3,0,2,7,255,942,250,0,0
stim,51995,82116,0,82116,3279444.453,-0.529,-0.048,0.093,0.842,2967,77,299,3039,2037,2537,24,2555,60,1.362,1,2112,1,22.706,0.177,12.938,-18.375,3.250,-0.141,0.074,0.977,-0.102,-0.145,-0.273,0.040,0.026,1.195,1.334,2,NULL,NULL,,3,0,2,7,255,942,250,0,0
stim,52032,82153,0,82153,3279449.455,-0.529,-0.047,0.093,0.842,2936,77,311,3025,2059,2535,27,2581,60,1.362,1,2112,1,23.579,0.301,11.500,-19.313,7.125,-0.148,0.078,0.992,-0.215,0.211,-0.121,0.040,0.026,1.195,1.334,2,NULL,NULL,,3,0,2,7,255,942,250,0,0
stim,52032,82153,0,82153,3279454.453,-0.529,-0.046,0.093,0.843,2914,84,341,3015,2079,2543,56,2591,60,1.362,1,2112,1,22.935,0.301,9.375,-19.938,6.375,-0.184,0.094,0.984,-0.215,0.211,0.039,0.042,0.024,1.195,1.334,2,NULL,NULL,,3,0,2,7,255,942,250,0,0
stim,52032,82153,0,82153,3279459.455,-0.529,-0.045,0.093,0.843,2891,83,407,2984,2121,2547,76,2608,60,1.362,1,2112,1,22.924,0.293,10.250,-20.500,0.438,-0.188,0.105,0.965,-0.215,-0.199,0.039,0.042,0.024,1.195,1.334,2,NULL,NULL,,3,0,2,7,255,942,250,0,0
stim,52032,82153,0,82153,3279464.454,-0.529,-0.043,0.093,0.843,2873,87,471,2965,2167,2548,83,2628,60,1.362,1,2112,1,25.220,0.332,12.813,-21.375,-3.875,-0.160,0.125,0.969,-0.266,-0.199,-0.117,0.042,0.022,1.195,1.334,2,NULL,NULL,,3,0,2,7,255,942,250,0,0
stim,52032,82153,0,82153,3279469.455,-0.529,-0.042,0.093,0.842,2845,100,536,2949,2221,2551,123,2648,60,1.362,1,2112,1,26.807,0.565,13.688,-22.500,-5.000,-0.160,0.148,1.012,-0.531,-0.191,-0.117,0.042,0.022,1.195,1.334,2,NULL,NULL,,3,0,2,7,255,942,250,0,0
stim,52032,82153,0,82153,3279474.454,-0.530,-0.041,0.093,0.842,2815,121,629,2907,2272,2565,187,2663,60,1.362,1,2112,1,26.714,0.755,7.188,-23.375,-10.750,-0.211,0.176,1.059,-0.730,-0.191,0.293,0.040,0.020,1.195,1.334,2,NULL,NULL,,3,0,2,7,255,942,250,0,0
stim,52053,82174,0,82174,3279479.455,-0.530,-0.040,0.092,0.842,2781,142,691,2891,2323,2565,229,2693,60,1.362,1,2112,1,30.320,0.982,0.688,-24.250,-18.188,-0.191,0.180,1.020,-0.754,-0.629,0.465,0.038,0.020,1.195,1.334,2,NULL,NULL,,3,0,2,7,255,942,250,0,0
stim,52053,82174,0,82174,3279484.454,-0.531,-0.039,0.092,0.841,2748,148,763,2856,2365,2567,275,2702,60,1.362,1,2112,1,33.070,1.062,0.375,-25.125,-21.500,-0.160,0.191,1.004,-0.855,-0.629,0.465,0.038,0.020,1.195,1.334,2,NULL,NULL,,3,0,2,7,255,942,250,0,0
stim,52053,82174,0,82174,3279489.455,-0.532,-0.038,0.091,0.841,2709,160,853,2840,2413,2573,333,2720,60,1.362,1,2112,1,35.501,1.141,-0.188,-25.750,-24.438,-0.172,0.191,1.039,-1.027,-0.496,0.465,0.038,0.022,1.195,1.334,2,NULL,NULL,,3,0,2,7,255,942,250,0,0
stim,52053,82174,0,82174,3279494.453,-0.533,-0.038,0.090,0.840,2661,180,987,2813,2467,2579,406,2742,60,1.362,1,2112,1,38.907,1.154,-5.688,-25.938,-28.438,-0.148,0.199,1.047,-1.066,-0.441,0.617,0.040,0.026,1.195,1.334,2,NULL,NULL,,3,0,2,7,255,942,250,0,0
stim,52053,82174,0,82174,3279499.455,-0.534,-0.037,0.089,0.840,2603,185,1125,2787,2507,2584,499,2762,60,1.362,1,2112,1,42.224,1.221,-13.313,-25.313,-31.063,-0.133,0.199,1.059,-1.176,-0.328,0.688,0.042,0.032,1.195,1.334,2,NULL,NULL,,3,0,2,7,255,942,250,0,0
stim,52053,82174,0,82174,3279504.453,-0.536,-0.037,0.088,0.839,2536,201,1224,2750,2536,2541,557,2775,60,1.362,1,2112,1,45.947,1.196,-22.000,-24.313,-32.188,-0.098,0.160,1.066,-1.176,-0.219,0.738,0.044,0.038,1.195,1.334,2,NULL,NULL,,3,0,2,7,255,942,250,0,0
stim,52053,82174,0,82174,3279509.455,-0.537,-0.037,0.086,0.838,2487,226,1324,2732,2585,2591,701,2807,60,1.362,1,2112,1,52.485,1.097,-32.063,-22.688,-34.813,-0.160,0.109,1.031,-1.082,-0.180,0.738,0.048,0.044,1.195,1.334,2,NULL,NULL,,3,0,2,7,255,942,250,0,0
stim,52053,82174,0,82174,3279514.454,-0.538,-0.037,0.084,0.838,2422,234,1489,2697,2631,2595,875,2820,60,1.362,1,2112,1,57.019,0.413,-35.688,-24.000,-37.438,-0.129,0.051,0.969,-0.355,0.211,0.488,0.050,0.050,1.195,1.334,2,NULL,NULL,,3,0,2,7,255,942,250,0,0
stim,52084,82205,0,82205,3279519.455,-0.540,-0.037,0.082,0.837,2355,247,1637,2659,2669,2603,1045,2833,60,1.362,1,2112,1,55.537,0.047,-32.375,-24.625,-37.813,-0.160,0.039,0.973,0.000,-0.047,-0.164,0.056,0.056,1.195,1.334,2,NULL,NULL,,3,0,2,7,255,942,250,0,0
stim,52084,82205,0,82205,3279524.454,-0.541,-0.037,0.081,0.836,2263,243,1769,2620,2699,2611,1179,2846,60,1.362,1,2112,1,58.245,0.108,-30.000,-24.938,-43.250,-0.156,0.047,0.988,0.098,-0.047,-0.164,0.062,0.064,1.195,1.334,2,NULL,NULL,,3,0,2,7,255,942,250,0,0
stim,52084,82205,0,82205,3279529.455,-0.543,-0.036,0.079,0.835,2184,244,1877,2571,2729,2615,1311,2854,60,1.362,1,2112,1,61.418,0.108,-30.438,-25.000,-47.125,-0.094,0.020,1.012,0.098,-0.047,0.023,0.066,0.070,1.195,1.334,2,NULL,NULL,,3,0,2,7,255,942,250,0,0
stim,52084,82205,0,82205,3279534.454,-0.545,-0.036,0.077,0.834,2089,239,1950,2511,2763,2611,1430,2879,60,1.362,1,2112,1,64.696,0.621,-36.250,-24.563,-47.625,-0.098,-0.039,1.008,0.098,0.613,0.066,0.070,0.074,1.195,1.334,2,NULL,NULL,,3,0,2,7,255,942,250,0,0
stim,52084,82205,0,82205,3279539.455,-0.546,-0.037,0.074,0.833,1989,237,2060,2455,2775,2612,1587,2887,60,1.362,1,2112,1,69.102,0.977,-43.438,-26.063,-47.000,-0.113,-0.086,1.039,0.586,0.781,0.137,0.072,0.078,1.195,1.334,2,NULL,NULL,,3,0,2,7,255,942,250,0,0
stim,52084,82205,0,82205,3279544.453,-0.548,-0.037,0.071,0.833,1875,236,2163,2363,2803,2616,1705,2895,60,1.362,1,2112,1,73.207,1.319,-51.125,-27.563,-44.563,-0.098,-0.102,0.996,1.039,0.813,0.066,0.074,0.080,1.195,1.334,2,NULL,NULL,,3,0,2,7,255,942,250,0,0
stim,52137,82258,0,82258,3279549.455,-0.549,-0.037,0.068,0.832,1739,231,2254,2283,2839,2617,1805,2910,60,1.362,1,2112,1,66.573,1.404,-47.688,-28.813,-36.438,-0.078,-0.109,0.910,1.063,0.918,-0.066,0.074,0.080,1.195,1.334,2,NULL,NULL,,3,0,2,7,255,942,250,0,0
stim,52137,82258,0,82258,3279554.454,-0.550,-0.037,0.066,0.831,1572,222,2327,2181,2857,2630,1898,2921,60,1.362,1,2112,1,55.048,1.404,-35.813,-31.813,-27.125,-0.125,-0.039,0.914,1.063,0.918,-0.789,0.072,0.078,1.195,1.334,2,NULL,NULL,,3,0,2,7,255,942,250,0,0
stim,52137,82258,0,82258,3279559.455,-0.552,-0.037,0.064,0.831,1367,215,2396,2067,2878,2620,2004,2941,60,1.362,1,2112,1,54.049,0.639,-24.938,-34.125,-33.688,-0.133,-0.020,0.965,0.598,0.227,-0.789,0.068,0.074,1.195,1.334,2,NULL,NULL,,3,0,2,7,255,942,250,0,0
stim,52137,82258,0,82258,3279564.453,-0.553,-0.036,0.063,0.830,1189,159,2457,1881,2897,2619,2095,2942,60,1.362,1,2112,1,51.321,0.469,-22.250,-36.125,-28.875,-0.121,-0.016,1.086,0.410,0.227,-0.277,0.066,0.070,1.195,1.334,2,NULL,NULL,,3,0,2,7,255,942,250,0,0
stim,52137,82258,0,82258,3279569.455,-0.554,-0.035,0.061,0.830,982,135,2506,1651,2913,2619,2189,2955,60,1.362,1,2112,1,55.605,0.321,-29.125,-37.500,-28.938,-0.125,0.039,1.117,0.297,0.121,0.898,0.064,0.068,1.195,1.334,2,NULL,NULL,,3,0,2,7,255,942,250,0,0
stim,52137,82258,0,82258,3279574.454,-0.555,-0.035,0.058,0.829,745,75,2551,1399,2931,2619,2276,2968,60,1.362,1,2112,1,60.691,0.213,-36.125,-37.750,-30.875,-0.133,0.074,1.113,-0.195,0.086,1.176,0.064,0.066,1.195,1.334,2,NULL,NULL,,3,0,2,7,255,942,250,0,0
stim,52137,82258,0,82258,3279579.455,-0.556,-0.034,0.056,0.829,454,43,2591,1161,2957,2612,2339,2983,60,1.362,1,2112,1,62.011,0.314,-37.438,-40.125,-28.875,-0.117,0.047,1.063,-0.313,-0.035,1.176,0.062,0.064,1.195,1.334,2,NULL,NULL,,3,0,2,7,255,942,250,0,0
stim,52137,82258,0,82258,3279584.453,-0.557,-0.034,0.054,0.828,264,0,2637,877,2969,2615,2405,2982,60,1.362,1,2112,1,63.253,0.357,-35.188,-42.125,-31.438,-0.160,0.020,1.078,-0.313,-0.172,0.867,0.062,0.062,1.195,1.334,2,NULL,NULL,,3,0,2,7,255,942,250,0,0
stim,52137,82258,0,82258,3279589.455,-0.558,-0.033,0.051,0.827,87,0,2649,623,2989,2590,2475,2995,60,1.362,1,2112,1,68.175,0.053,-35.188,-44.813,-37.438,-0.070,-0.027,1.027,0.039,-0.035,0.676,0.062,0.060,1.195,1.334,2,NULL,NULL,,3,0,2,7,255,942,250,0,0
stim,52137,82258,0,82258,3279594.453,-0.560,-0.032,0.049,0.827,22,0,2671,433,2997,2581,2515,3011,60,1.362,1,2112,1,64.300,0.463,-26.938,-47.375,-34.125,-0.063,-0.016,1.016,0.039,0.461,0.262,0.062,0.056,1.195,1.334,2,NULL,NULL,,3,0,2,7,255,942,250,0,0
stim,52164,82285,0,82285,3279599.455,-0.561,-0.031,0.047,0.826,0,0,2707,211,3017,2556,2567,3013,60,1.362,1,2112,1,67.433,0.527,-23.875,-50.750,-37.438,0.000,0.047,1.016,-0.004,0.527,0.137,0.062,0.054,1.195,1.334,2,NULL,NULL,,3,0,2,7,255,942,250,0,0
stim,52164,82285,0,82285,3279604.454,-0.562,-0.029,0.045,0.825,0,0,2725,83,3017,2537,2619,3008,60,1.362,1,2112,1,65.840,0.897,-16.313,-53.813,-34.250,-0.027,0.094,1.008,-0.770,0.461,0.086,0.062,0.052,1.195,1.334,2,NULL,NULL,,3,0,2,7,255,942,250,0,0
stim,52164,82285,0,82285,3279609.455,-0.563,-0.027,0.043,0.825,0,0,2743,29,3031,2523,2649,3017,60,1.362,1,2112,1,62.765,0.832,5.938,-60.625,-15.125,-0.289,-0.016,1.180,-0.770,0.316,0.086,0.062,0.052,1.195,1.334,2,NULL,NULL,,3,0,2,7,255,942,250,0,0
stim,52164,82285,0,82285,3279614.453,-0.563,-0.024,0.042,0.825,0,0,2773,0,3043,2488,2680,3027,60,1.362,1,2112,0,77.817,1.754,22.688,-73.563,-11.375,-0.457,-0.070,1.457,0.789,-1.566,1.969,0.064,0.054,1.195,1.334,3,NULL,NULL,,3,0,2,7,255,942,250,0,0
stim,52182,82303,0,82303,3279619.455,-0.565,-0.021,0.041,0.824,0,0,2779,0,3051,2469,2719,3027,60,1.362,1,2112,0,89.577,3.085,5.625,-79.250,-41.375,-0.434,-0.066,1.590,1.785,-2.516,4.797,0.068,0.056,1.195,1.334,3,NULL,NULL,,3,0,2,7,255,942,250,0,0
stim,52182,82303,0,82303,3279624.454,-0.566,-0.018,0.039,0.823,0,0,2788,0,3065,2430,2751,3035,60,1.362,1,2112,0,99.725,3.101,17.938,-89.063,-41.125,-0.383,0.059,1.676,1.785,-2.535,6.066,0.068,0.056,1.195,1.334,3,NULL,NULL,,3,0,2,7,255,942,250,0,0
stim,52182,82303,0,82303,3279629.455,-0.567,-0.013,0.038,0.823,0,0,2796,0,3069,2383,2787,3031,60,1.362,1,2112,0,108.413,2.584,30.875,-103.688,-7.000,-0.273,0.449,1.809,0.500,-2.535,6.863,0.064,0.056,1.195,1.334,3,NULL,NULL,,3,0,2,7,255,942,250,0,0
stim,52182,82303,0,82303,3279634.453,-0.567,-0.010,0.034,0.823,0,0,2803,0,3079,2319,2795,3035,60,1.362,1,2112,0,115.957,4.234,-43.438,-107.188,-8.375,-0.094,0.535,1.652,-3.391,-2.535,6.863,0.056,0.054,1.195,1.334,3,NULL,NULL,,3,0,2,7,255,942,250,0,0
stim,52203,82324,0,82324,3279639.455,-0.567,-0.008,0.029,0.823,0,0,2787,0,3089,2245,2829,3027,60,1.362,1,2112,0,132.143,3.880,-69.625,-112.188,5.313,-0.129,0.293,1.309,-3.391,-1.887,6.496,0.046,0.056,1.195,1.334,3,NULL,NULL,,3,0,2,7,255,942,250,0,0
stim,52203,82324,0,82324,3279644.454,-0.566,-0.004,0.024,0.824,0,0,2787,0,3097,2164,2853,3043,60,1.362,1,2112,0,134.980,3.098,-40.563,-124.188,33.938,-0.242,0.109,1.203,-2.457,-1.887,3.090,0.042,0.062,1.195,1.334,3,NULL,NULL,,3,0,2,7,255,942,250,0,0
stim,52236,82357,0,82357,3279649.455,-0.564,-0.000,0.021,0.825,0,0,2764,0,3096,2057,2873,3036,60,1.362,1,2112,0,139.073,2.258,-19.063,-133.688,33.250,-0.336,-0.051,1.246,-0.324,-2.234,2.480,0.040,0.070,1.195,1.334,3,NULL,NULL,,3,0,2,7,255,942,250,0,0
stim,52236,82357,0,82357,3279654.453,-0.564,0.004,0.017,0.826,0,0,2749,0,3113,1911,2887,3019,60,1.362,1,2112,0,144.549,2.738,-14.188,-142.000,23.000,-0.328,-0.176,1.301,1.508,-2.285,2.480,0.046,0.080,1.195,1.334,3,NULL,NULL,,3,0,2,7,255,942,250,0,0
stim,52236,82357,0,82357,3279659.455,-0.563,0.009,0.012,0.826,0,0,2724,0,3108,1755,2907,3019,60,1.362,1,2112,0,151.985,3.489,-14.563,-149.750,21.500,-0.324,-0.215,1.336,2.637,-2.285,2.988,0.052,0.090,1.195,1.334,3,NULL,NULL,,3,0,2,7,255,942,250,0,0
stim,52236,82357,0,82357,3279664.453,-0.562,0.014,0.008,0.827,0,0,2695,0,3111,1557,2923,3011,60,1.362,1,2112,0,160.997,3.464,-14.625,-158.563,23.750,-0.277,-0.180,1.324,2.637,-2.246,3.137,0.058,0.102,1.195,1.334,3,NULL,NULL,,3,0,2,7,255,942,250,0,0
stim,52236,82357,0,82357,3279669.455,-0.561,0.020,0.003,0.828,0,0,2663,0,3109,1272,2931,3003,60,1.362,1,2112,0,170.831,3.337,-18.250,-167.250,29.625,-0.219,-0.082,1.270,2.582,-2.113,3.137,0.064,0.114,1.195,1.334,3,NULL,NULL,,3,0,2,7,255,942,250,0,0
stim,52236,82357,0,82357,3279674.454,-0.559,0.025,-0.001,0.829,0,0,2637,0,3111,1033,2937,2996,60,1.362,1,2112,0,179.397,2.612,-20.250,-175.063,33.563,-0.211,-0.012,1.195,1.535,-2.113,2.578,0.072,0.128,1.195,1.334,3,NULL,NULL,,3,0,2,7,255,942,250,0,0
stim,52236,82357,0,82357,3279679.455,-0.558,0.031,-0.006,0.830,0,0,2580,0,3117,757,2939,2985,60,1.362,1,2112,0,189.443,2.774,-12.500,-184.750,40.000,-0.238,-0.047,1.105,1.395,-2.398,1.820,0.078,0.140,1.195,1.334,3,NULL,NULL,,3,0,2,7,255,942,250,0,0
stim,52236,82357,0,82357,3279684.453,-0.556,0.038,-0.011,0.830,0,0,2516,0,3113,533,2939,2965,60,1.362,1,2112,0,200.190,2.969,11.438,-194.875,44.375,-0.219,-0.059,1.133,1.395,-2.621,1.121,0.086,0.152,1.195,1.334,3,NULL,NULL,,3,0,2,7,255,942,250,0,0
stim,52236,82357,0,82357,3279689.455,-0.554,0.046,-0.014,0.831,0,0,2442,0,3117,381,2953,2951,60,1.362,1,2112,0,211.275,2.969,28.125,-204.625,44.438,-0.164,-0.004,1.223,1.395,-2.621,1.121,0.096,0.164,1.195,1.334,3,NULL,NULL,,3,0,2,7,255,942,250,0,0
stim,52236,82357,0,82357,3279694.454,-0.552,0.054,-0.018,0.832,0,0,2341,0,3117,209,2961,2937,60,1.362,1,2112,0,217.735,2.782,30.375,-210.750,45.500,-0.117,0.117,1.332,0.934,-2.621,1.969,0.104,0.178,1.195,1.334,3,NULL,NULL,,3,0,2,7,255,942,250,0,0
stim,52265,82386,0,82386,3279699.455,-0.550,0.063,-0.022,0.833,0,0,2189,0,3113,111,2957,2916,60,1.362,1,2112,0,222.258,2.881,29.063,-216.938,38.625,-0.234,0.242,1.410,-0.184,-2.875,3.035,0.112,0.190,1.195,1.334,3,NULL,NULL,,3,0,2,7,255,942,250,0,0
stim,52265,82386,0,82386,3279704.453,-0.548,0.071,-0.027,0.833,0,0,2021,0,3113,79,2953,2873,60,1.362,1,2112,0,227.832,4.725,23.625,-225.375,23.563,-0.355,0.293,1.633,-0.406,-4.707,3.602,0.120,0.202,1.195,1.334,3,NULL,NULL,,3,0,2,7,255,942,250,0,0
stim,52265,82386,0,82386,3279709.455,-0.547,0.080,-0.032,0.832,0,0,1839,0,3100,51,2944,2841,60,1.362,1,2112,0,241.532,6.524,18.563,-240.625,9.625,-0.484,0.191,1.973,-0.406,-6.512,5.500,0.128,0.216,1.195,1.334,3,NULL,NULL,,3,0,2,7,255,942,250,0,0
stim,52265,82386,0,82386,3279714.454,-0.546,0.091,-0.038,0.832,0,0,1597,0,3089,67,2941,2796,60,1.362,1,2112,0,263.298,8.185,25.438,-262.063,1.375,-0.570,0.086,2.414,1.363,-8.070,8.449,0.140,0.230,1.195,1.334,3,NULL,NULL,,3,0,2,7,255,942,250,0,0
stim,52265,82386,0,82386,3279719.455,-0.545,0.101,-0.044,0.831,0,0,1435,0,3064,83,2920,2731,60,1.362,1,2112,0,288.830,10.077,8.750,-288.438,12.250,-0.699,0.121,2.785,3.227,-9.547,12.348,0.152,0.246,1.195,1.334,3,NULL,NULL,,3,0,2,7,255,942,250,0,0
stim,52265,82386,0,82386,3279724.454,-0.543,0.112,-0.053,0.830,0,0,1271,0,3030,89,2897,2661,60,1.362,1,2112,0,321.662,12.449,-34.688,-318.875,24.125,-0.840,0.461,2.953,3.227,-12.023,15.375,0.166,0.264,1.195,1.334,3,NULL,NULL,,3,0,2,7,255,942,250,0,0
stim,52296,82417,0,82417,3279729.455,-0.542,0.122,-0.065,0.829,0,0,1199,0,2991,93,2852,2569,60,1.362,1,2112,0,358.353,15.698,-83.000,-348.250,15.813,-1.004,0.793,3.004,1.805,-15.594,15.816,0.188,0.286,1.195,1.334,3,NULL,NULL,,3,0,2,7,255,942,250,0,0
stim,52296,82417,0,82417,3279734.453,-0.541,0.133,-0.078,0.827,0,0,1103,0,2962,103,2793,2455,60,1.362,1,2112,0,396.184,19.242,-111.813,-380.000,7.750,-1.078,0.973,2.977,-0.391,-19.238,15.816,0.214,0.316,1.195,1.334,3,NULL,NULL,,3,0,2,7,255,942,250,0,0
stim,52296,82417,0,82417,3279739.455,-0.540,0.145,-0.092,0.824,0,0,1015,0,2909,102,2723,2327,60,1.362,1,2112,0,428.044,21.404,-126.500,-408.750,-11.938,-1.063,0.930,3.047,-1.250,-21.367,14.637,0.248,0.352,1.195,1.334,3,NULL,NULL,,3,0,2,7,255,942,250,0,0
stim,52296,82417,0,82417,3279744.454,-0.539,0.158,-0.107,0.820,0,0,941,0,2856,93,2621,2221,60,1.362,1,2112,0,460.819,22.199,-140.438,-438.000,-28.063,-1.070,0.754,3.086,-1.250,-22.164,14.578,0.294,0.398,1.195,1.334,3,NULL,NULL,,3,0,2,7,255,942,250,0,0
stim,52332,82453,0,82453,3279749.455,-0.538,0.171,-0.123,0.816,0,0,843,0,2788,84,2459,2121,60,1.362,1,2112,0,491.946,22.617,-145.750,-469.125,-26.250,-1.094,0.523,2.996,0.410,-22.613,14.066,0.350,0.456,1.195,1.334,3,NULL,NULL,,3,0,2,7,255,942,250,0,0
stim,52332,82453,0,82453,3279754.453,-0.537,0.186,-0.140,0.811,0,0,760,0,2683,72,2295,1987,60,1.362,1,2112,0,519.199,22.785,-136.875,-500.500,-18.250,-1.191,0.344,2.953,2.488,-22.648,12.301,0.418,0.526,1.195,1.334,3,NULL,NULL,,3,0,2,7,255,942,250,0,0
stim,52332,82453,0,82453,3279759.456,-0.535,0.201,-0.156,0.806,0,0,629,0,2565,73,2055,1853,60,1.362,1,2112,0,531.947,23.959,-131.250,-514.750,-27.813,-1.160,0.242,2.918,4.465,-23.539,10.527,0.498,0.608,1.195,1.334,3,NULL,NULL,,3,0,2,7,255,942,250,0,0
stim,52332,82453,0,82453,3279764.454,-0.533,0.217,-0.172,0.799,0,0,473,0,2408,57,1769,1705,60,1.362,1,2112,0,541.289,24.124,-105.188,-528.875,-47.125,-0.980,-0.035,2.953,5.281,-23.539,9.586,0.586,0.698,1.195,1.334,3,NULL,NULL,,3,0,2,7,255,942,250,0,0
stim,52332,82453,0,82453,3279769.455,-0.530,0.235,-0.188,0.793,0,0,317,0,2201,0,1384,1509,60,1.362,1,2112,0,561.151,23.577,-75.188,-555.063,-33.813,-0.785,-0.480,3.031,7.348,-22.402,9.586,0.684,0.798,1.195,1.334,3,NULL,NULL,,3,0,2,7,255,942,250,0,0
stim,52332,82453,0,82453,3279774.454,-0.525,0.253,-0.203,0.787,0,0,207,0,1907,0,953,1309,60,1.362,1,2112,0,576.567,24.350,-68.563,-572.313,13.688,-0.848,-0.563,2.992,11.117,-21.664,9.586,0.786,0.900,1.195,1.334,3,NULL,NULL,,3,0,2,7,255,942,250,0,0
stim,52355,82476,0,82476,3279779.455,-0.519,0.270,-0.220,0.781,0,0,135,0,1561,0,485,1121,60,1.362,1,2112,0,579.870,24.350,-97.688,-571.063,24.375,-0.941,-0.141,2.645,11.117,-21.664,8.680,0.894,1.010,1.195,1.334,3,NULL,NULL,,3,0,2,7,255,942,250,0,0
stim,52355,82476,0,82476,3279784.454,-0.513,0.287,-0.237,0.773,0,0,103,0,1108,0,99,965,60,1.362,1,2112,0,584.139,23.212,-88.188,-577.125,19.188,-1.055,-0.055,2.223,8.336,-21.664,3.926,1.006,1.124,1.195,1.334,3,NULL,NULL,,3,0,2,7,255,942,250,0,0
stim,52355,82476,0,82476,3279789.455,-0.505,0.305,-0.252,0.767,0,0,57,0,573,0,0,755,60,1.362,1,2112,0,596.956,22.537,-50.438,-591.938,58.500,-1.047,-0.047,2.000,7.328,-21.313,-1.145,1.124,1.242,1.195,1.334,3,NULL,NULL,,3,0,2,7,255,942,250,0,0
stim,52355,82476,0,82476,3279794.454,-0.493,0.323,-0.267,0.762,0,0,26,0,131,0,0,614,60,1.362,1,2112,0,625.102,22.537,6.125,-612.750,123.500,-1.398,-0.211,1.945,7.328,-21.313,-3.738,1.242,1.362,1.195,1.334,3,NULL,NULL,,3,0,2,7,255,942,250,0,0
stim,52355,82476,0,82476,3279799.455,-0.478,0.343,-0.282,0.758,0,0,18,0,0,0,0,519,60,1.362,1,2112,0,657.439,23.109,58.000,-629.813,179.438,-1.664,0.020,1.887,8.840,-21.352,-7.668,1.358,1.480,1.195,1.334,3,NULL,NULL,,3,0,2,7,255,942,250,0,0
stim,52355,82476,0,82476,3279804.453,-0.468,0.360,-0.296,0.751,0,0,6,22,0,0,0,439,60,1.362,1,2112,0,578.971,24.637,-32.250,-571.063,89.750,-1.117,0.918,1.879,8.840,-22.996,-9.523,1.468,1.592,1.195,1.334,3,NULL,NULL,,3,0,2,7,255,942,250,0,0
stim,52355,82476,0,82476,3279809.455,-0.466,0.371,-0.312,0.741,0,0,8,0,0,0,0,375,60,1.362,1,2112,0,496.208,23.107,-195.938,-455.375,-21.563,-0.645,1.883,1.711,-0.773,-23.094,-9.523,1.572,1.700,1.195,1.334,4,NULL,NULL,,3,0,2,7,255,942,250,0,0
stim,52355,82476,1,82476,3279814.454,-0.465,0.367,-0.335,0.732,0,0,12,0,0,0,0,295,60,1.362,1,2112,0,568.869,25.807,-485.063,-271.563,120.750,-0.891,3.035,0.449,-11.520,-23.094,-9.523,1.678,1.804,1.195,1.334,0,NULL,NULL,,3,1,2,7,255,942,250,0,0
stim,52384,82505,1,82505,3279819.455,-0.467,0.358,-0.356,0.726,0,0,15,0,0,0,0,228,60,1.362,1,2112,0,548.905,29.775,-517.750,-111.625,144.125,-0.598,3.035,-1.047,-24.445,-17.000,-19.914,1.788,1.916,1.195,1.334,0,NULL,NULL,,3,1,2,7,255,942,250,0,0
stim,52384,82505,1,82505,3279824.454,-0.468,0.355,-0.360,0.725,0,0,5,0,0,0,0,203,60,1.362,1,2112,0,126.754,24.780,-116.250,5.250,50.250,-0.953,0.836,-0.266,-24.445,-4.059,-20.715,1.906,2.038,1.195,1.334,0,NULL,NULL,,3,1,2,7,255,942,250,0,0
stim,52384,82505,1,82505,3279829.455,-0.465,0.356,-0.353,0.730,0,0,5,0,0,0,0,189,60,1.362,1,2112,0,192.441,6.645,177.625,68.750,27.500,-1.512,-1.043,1.516,-5.262,-4.059,-20.715,2.030,2.162,1.195,1.334,0,NULL,NULL,,3,1,2,7,255,942,250,0,0
stim,52384,82505,1,82505,3279834.454,-0.466,0.352,-0.350,0.732,0,0,0,0,0,0,0,160,60,1.362,1,2112,0,131.314,23.096,20.188,128.063,20.875,-1.824,-1.207,2.871,16.520,-16.141,-13.020,2.152,2.286,1.195,1.334,0,NULL,NULL,,3,1,2,7,255,942,250,0,0
stim,52384,82505,1,82505,3279839.455,-0.473,0.340,-0.354,0.732,0,0,0,0,0,0,0,116,60,1.362,1,2112,0,311.447,27.844,-241.750,195.813,14.625,-1.496,-0.121,1.930,16.520,-22.414,-12.113,2.262,2.398,1.195,1.334,0,NULL,NULL,,3,1,2,7,255,942,250,0,0
stim,52384,82505,1,82505,3279844.453,-0.480,0.326,-0.360,0.731,0,0,0,0,0,0,0,111,60,1.362,1,2112,0,401.747,23.888,-327.063,227.938,49.750,-1.313,1.578,0.574,8.262,-22.414,-12.113,2.348,2.484,1.195,1.334,0,NULL,NULL,,3,1,2,7,255,942,250,0,0
stim,52437,82558,1,82558,3279849.455,-0.485,0.312,-0.364,0.732,0,0,0,0,0,0,0,108,60,1.362,1,2112,0,336.138,17.750,-229.750,234.563,72.000,-1.227,2.277,-0.176,-9.852,-14.766,-21.035,2.408,2.544,1.195,1.334,0,NULL,NULL,,3,1,2,7,255,942,250,0,0
stim,52437,82558,1,82558,3279854.453,-0.488,0.302,-0.363,0.734,0,0,0,0,0,0,0,107,60,1.362,1,2112,0,261.484,15.356,-100.750,232.875,63.188,-1.195,1.676,0.059,-11.445,-10.238,-23.059,2.454,2.594,1.195,1.334,0,NULL,NULL,,3,1,2,7,255,942,250,0,0
stim,52437,82558,1,82558,3279859.455,-0.491,0.291,-0.361,0.738,0,0,0,0,0,0,0,107,60,1.362,1,2112,0,261.127,15.356,-77.625,241.313,62.688,-1.145,0.504,0.598,-11.445,-10.238,-23.059,2.504,2.644,1.195,1.334,0,NULL,NULL,,3,1,2,7,255,942,250,0,0
stim,52437,82558,1,82558,3279864.454,-0.495,0.279,-0.361,0.740,0,0,0,0,0,0,0,99,60,1.362,1,2112,0,306.712,10.752,-156.563,256.063,63.188,-1.066,0.086,0.617,-0.539,-10.738,-16.621,2.566,2.708,1.195,1.334,0,NULL,NULL,,3,1,2,7,255,942,250,0,0
stim,52437,82558,1,82558,3279869.455,-0.499,0.265,-0.362,0.741,0,0,0,0,0,0,0,89,60,1.362,1,2112,0,344.030,10.747,-200.250,268.938,77.000,-0.785,0.246,-0.137,0.422,-10.738,-16.621,2.632,2.776,1.195,1.334,0,NULL,NULL,,3,1,2,7,255,942,250,0,0
stim,52437,82558,1,82558,3279874.454,-0.502,0.251,-0.362,0.744,0,0,0,0,0,0,0,85,60,1.362,1,2112,0,328.695,3.739,-140.375,277.500,106.438,-0.762,0.480,-0.688,0.422,-3.715,-17.102,2.696,2.842,1.195,1.334,0,NULL,NULL,,3,1,2,7,255,942,250,0,0
stim,52437,82558,1,82558,3279879.455,-0.504,0.239,-0.358,0.749,0,0,0,0,0,0,0,69,60,1.362,1,2112,0,308.821,2.185,-37.625,287.563,106.125,-0.793,0.609,-0.566,-1.570,-1.520,-20.715,2.760,2.906,1.195,1.334,0,NULL,NULL,,3,1,2,7,255,942,250,0,0
stim,52437,82558,1,82558,3279884.454,-0.505,0.228,-0.351,0.755,0,0,0,0,0,0,0,48,60,1.362,1,2112,0,323.996,2.185,24.250,303.375,111.125,-0.793,0.430,-0.133,-1.570,-1.520,-20.715,2.822,2.968,1.195,1.334,0,NULL,NULL,,3,1,2,7,255,942,250,0,0
stim,52437,82558,1,82558,3279889.455,-0.507,0.216,-0.344,0.760,0,0,0,0,0,0,0,35,60,1.362,1,2112,0,344.531,5.094,27.063,324.563,112.375,-0.750,0.523,0.238,-2.031,-4.672,-17.418,2.882,3.030,1.195,1.334,0,NULL,NULL,,3,1,2,7,255,942,250,0,0
stim,52437,82558,1,82558,3279894.453,-0.508,0.203,-0.337,0.766,0,0,0,0,0,0,0,6,60,1.362,1,2112,0,364.203,7.637,17.813,343.688,119.188,-0.820,0.457,0.230,-1.094,-7.559,-15.008,2.938,3.088,1.195,1.334,0,NULL,NULL,,3,1,2,7,255,942,250,0,0
stim,52461,82582,1,82582,3279899.455,-0.510,0.191,-0.329,0.772,0,0,0,0,0,0,0,2,60,1.362,1,2112,0,372.685,8.016,31.750,353.938,112.313,-0.910,0.461,0.254,-1.094,-7.941,-15.008,2.984,3.136,1.195,1.334,0,NULL,NULL,,3,1,2,7,255,942,250,0,0
stim,52461,82582,1,82582,3279904.454,-0.511,0.178,-0.319,0.778,0,0,0,0,0,0,0,0,60,1.362,1,2112,0,379.330,8.873,56.125,362.813,95.438,-0.910,0.363,0.344,-0.723,-8.844,-15.008,3.024,3.178,1.195,1.334,0,NULL,NULL,,3,1,2,7,255,942,250,0,0
stim,52461,82583,1,82583,3279909.455,-0.514,0.166,-0.309,0.783,0,0,0,0,0,0,0,0,60,1.362,1,2112,0,383.649,9.391,68.938,369.375,77.438,-0.844,0.414,0.531,-0.723,-9.363,-13.965,3.058,3.214,1.195,1.334,0,NULL,NULL,,3,1,2,7,255,942,250,0,0
stim,52461,82583,1,82583,3279914.453,-0.517,0.154,-0.299,0.787,0,0,0,0,0,0,0,0,60,1.362,1,2112,0,385.781,10.269,68.563,375.125,58.375,-0.703,0.367,0.676,-0.742,-10.242,-12.090,3.088,3.244,1.195,1.334,0,NULL,NULL,,3,1,2,7,255,942,250,0,0
stim,52481,82602,1,82602,3279919.455,-0.519,0.142,-0.288,0.792,0,0,0,0,0,0,0,0,60,1.362,1,2112,0,390.409,10.300,64.000,380.125,61.875,-0.555,0.352,0.707,-1.094,-10.242,-9.746,3.118,3.276,1.195,1.334,0,NULL,NULL,,3,1,2,7,255,942,250,0,0
stim,52481,82602,1,82602,3279924.454,-0.522,0.130,-0.278,0.796,0,0,0,0,0,0,0,0,60,1.362,1,2112,0,392.858,9.411,60.250,384.313,54.875,-0.555,0.418,0.672,-1.625,-9.270,-8.559,3.148,3.308,1.195,1.334,0,NULL,NULL,,3,1,2,7,255,942,250,0,0
stim,52481,82602,1,82602,3279929.455,-0.525,0.117,-0.266,0.800,0,0,0,0,0,0,0,0,60,1.362,1,2112,0,397.484,9.349,78.063,387.188,44.563,-0.477,0.293,0.621,-1.625,-9.207,-8.379,3.182,3.342,1.195,1.334,0,NULL,NULL,,3,1,2,7,255,942,250,0,0
stim,52481,82602,1,82602,3279934.454,-0.528,0.106,-0.254,0.803,0,0,0,0,0,0,0,0,60,1.362,1,2112,0,401.827,8.051,96.750,388.125,38.250,-0.379,0.238,0.660,-1.438,-7.922,-7.949,3.218,3.378,1.195,1.334,0,NULL,NULL,,3,1,2,7,255,942,250,0,0
stim,52504,82625,1,82625,3279939.455,-0.531,0.094,-0.241,0.807,0,0,0,0,0,0,0,0,60,1.362,1,2112,0,407.658,7.265,111.500,390.188,38.813,-0.352,0.230,0.727,-1.438,-7.121,-6.766,3.256,3.420,1.195,1.334,0,NULL,NULL,,3,1,2,7,255,942,250,0,0
stim,52504,82625,1,82625,3279944.453,-0.534,0.083,-0.228,0.810,0,0,0,0,0,0,0,0,60,1.362,1,2112,0,412.842,7.265,122.813,392.688,33.938,-0.305,0.238,0.766,-1.637,-7.078,-5.828,3.298,3.462,1.195,1.334,0,NULL,NULL,,3,1,2,7,255,942,250,0,0
stim,52535,82656,1,82656,3279949.455,-0.537,0.072,-0.214,0.813,0,0,0,0,0,0,0,0,60,1.362,1,2112,0,418.532,7.052,138.500,393.375,35.250,-0.258,0.262,0.813,-1.961,-6.773,-5.098,3.342,3.508,1.195,1.334,0,NULL,NULL,,3,1,2,7,255,942,250,0,0
stim,52535,82656,1,82656,3279954.454,-0.539,0.062,-0.199,0.816,0,0,0,0,0,0,0,0,60,1.362,1,2112,0,421.816,6.931,155.750,390.375,35.750,-0.234,0.246,0.922,-2.469,-6.477,-4.348,3.388,3.556,1.195,1.334,0,NULL,NULL,,3,1,2,7,255,942,250,0,0
stim,52535,82656,1,82656,3279959.455,-0.541,0.052,-0.184,0.819,0,0,0,0,0,0,0,0,60,1.362,1,2112,0,422.869,6.974,169.188,385.563,39.188,-0.238,0.293,1.070,-2.586,-6.477,-3.051,3.434,3.604,1.195,1.334,0,NULL,NULL,,3,1,2,7,255,942,250,0,0
stim,52535,82656,1,82656,3279964.453,-0.542,0.042,-0.169,0.822,0,0,0,0,0,0,0,2,60,1.362,1,2112,0,420.778,7.602,178.313,379.063,39.625,-0.262,0.305,1.230,-3.211,-6.891,-1.602,3.482,3.654,1.195,1.334,0,NULL,NULL,,3,1,2,7,255,942,250,0,0
stim,52535,82656,1,82656,3279969.455,-0.544,0.033,-0.153,0.825,0,0,0,0,0,0,0,1,60,1.362,1,2112,0,414.946,7.969,180.188,372.063,35.813,-0.238,0.301,1.371,-3.434,-7.191,0.012,3.530,3.702,1.195,1.334,0,NULL,NULL,,3,1,2,7,255,942,250,0,0
stim,52535,82656,1,82656,3279974.454,-0.545,0.024,-0.138,0.827,0,0,0,0,0,0,0,12,60,1.362,1,2112,0,410.185,8.094,181.563,365.813,38.313,-0.207,0.328,1.477,-3.715,-7.191,1.621,3.578,3.750,1.195,1.334,0,NULL,NULL,,3,1,2,7,255,942,250,0,0
stim,52535,82656,1,82656,3279979.455,-0.546,0.015,-0.123,0.829,0,0,0,0,0,0,0,9,60,1.362,1,2112,0,404.359,8.053,178.438,360.750,39.063,-0.207,0.355,1.566,-4.199,-6.871,2.852,3.622,3.796,1.195,1.334,0,NULL,NULL,,3,1,2,7,255,942,250,0,0
stim,52535,82656,1,82656,3279984.453,-0.546,0.006,-0.108,0.830,0,0,0,0,0,0,0,9,60,1.362,1,2112,0,397.091,8.126,173.063,355.500,36.750,-0.184,0.383,1.641,-4.559,-6.727,3.902,3.664,3.838,1.195,1.334,0,NULL,NULL,,3,1,2,7,255,942,250,0,0
stim,52535,82656,1,82656,3279989.455,-0.547,-0.003,-0.094,0.832,0,0,0,0,0,0,0,19,60,1.362,1,2112,0,392.235,7.991,172.750,349.750,41.000,-0.137,0.371,1.715,-4.969,-6.258,4.797,3.702,3.880,1.195,1.334,0,NULL,NULL,,3,1,2,7,255,942,250,0,0
stim,52535,82656,1,82656,3279994.454,-0.547,-0.012,-0.079,0.833,0,0,0,0,0,0,0,23,60,1.362,1,2112,0,388.198,7.354,174.063,343.125,51.625,-0.160,0.340,1.813,-4.969,-5.422,5.785,3.738,3.916,1.195,1.334,0,NULL,NULL,,3,1,2,7,255,942,250,0,0
stim,52563,82684,1,82684,3279999.455,-0.546,-0.020,-0.065,0.835,0,0,0,0,0,0,0,36,60,1.362,1,2112,0,382.162,7.059,172.250,336.250,57.563,-0.219,0.320,1.906,-4.879,-5.102,6.961,3.770,3.950,1.195,1.334,0,NULL,NULL,,3,1,2,7,255,942,250,0,0
stim,52563,82684,1,82684,3280004.454,-0.546,-0.028,-0.051,0.836,0,0,0,0,0,0,0,35,60,1.362,1,2112,0,375.633,6.831,171.063,329.625,56.438,-0.242,0.309,1.949,-4.547,-5.098,8.031,3.800,3.980,1.195,1.334,0,NULL,NULL,,3,1,2,7,255,942,250,0,0
stim,52563,82684,1,82684,3280009.455,-0.545,-0.036,-0.036,0.837,0,0,0,0,0,0,0,23,60,1.362,1,2112,0,372.950,6.542,177.188,323.688,54.063,-0.227,0.324,2.016,-4.547,-4.703,8.625,3.828,4.012,1.195,1.334,0,NULL,NULL,,3,1,2,7,255,942,250,0,0
stim,52563,82684,1,82684,3280014.453,-0.544,-0.043,-0.022,0.838,0,0,0,0,0,0,0,10,60,1.362,1,2112,0,374.889,6.011,188.063,320.438,49.938,-0.191,0.281,2.133,-4.434,-4.059,9.410,3.856,4.040,1.195,1.334,0,NULL,NULL,,3,1,2,7,255,942,250,0,0
stim,52563,82684,1,82684,3280019.455,-0.543,-0.050,-0.007,0.838,0,0,0,0,0,0,0,9,60,1.362,1,2112,0,377.038,5.325,194.250,319.813,46.313,-0.141,0.133,2.219,-4.434,-2.949,10.703,3.884,4.068,1.195,1.334,0,NULL,NULL,,3,1,2,7,255,942,250,0,0
stim,52563,82684,1,82684,3280024.454,-0.543,-0.057,0.008,0.838,0,0,0,0,0,0,0,10,60,1.362,1,2112,0,378.693,3.507,196.188,320.875,44.250,-0.133,0.027,2.242,-3.301,-1.184,11.773,3.910,4.096,1.195,1.334,0,NULL,NULL,,3,1,2,7,255,942,250,0,0
stim,52596,82717,1,82717,3280029.455,-0.542,-0.064,0.023,0.838,0,0,0,0,0,0,0,5,60,1.362,1,2112,0,383.622,2.352,204.563,322.313,37.875,-0.105,-0.094,2.176,-2.352,0.047,11.773,3.938,4.126,1.195,1.334,0,NULL,NULL,,3,1,2,7,255,942,250,0,0
stim,52596,82717,1,82717,3280034.453,-0.541,-0.070,0.039,0.837,0,0,0,0,0,0,0,9,60,1.362,1,2112,0,396.107,1.867,228.438,321.875,33.375,-0.059,-0.238,2.133,-1.191,1.438,11.480,3.966,4.154,1.195,1.334,0,NULL,NULL,,3,1,2,7,255,942,250,0,0
stim,52596,82717,1,82717,3280039.455,-0.541,-0.076,0.056,0.836,0,0,0,0,0,0,0,11,60,1.362,1,2112,0,411.117,3.127,259.438,317.688,28.000,-0.031,-0.309,2.223,0.098,3.125,11.480,3.992,4.182,1.195,1.334,0,NULL,NULL,,3,1,2,7,255,942,250,0,0
stim,52596,82717,1,82717,3280044.454,-0.541,-0.080,0.074,0.834,0,0,0,0,0,0,0,17,60,1.362,1,2112,0,421.727,4.531,283.875,311.688,10.938,0.078,-0.352,2.336,0.723,4.473,11.703,4.014,4.206,1.195,1.334,0,NULL,NULL,,3,1,2,7,255,942,250,0,0
stim,52633,82754,1,82754,3280049.455,-0.541,-0.084,0.092,0.831,0,0,0,0,0,0,0,30,60,1.362,1,2112,0,431.941,6.591,308.438,302.375,-2.938,0.320,-0.391,2.371,0.723,6.551,11.879,4.034,4.226,1.195,1.334,0,NULL,NULL,,3,1,2,7,255,942,250,0,0
stim,52633,82754,1,82754,3280054.453,-0.542,-0.087,0.111,0.828,0,0,0,0,0,0,0,33,60,1.362,1,2112,0,450.084,9.665,339.063,295.813,-10.375,0.555,-0.402,2.574,0.559,9.648,12.371,4.048,4.240,1.195,1.334,0,NULL,NULL,,3,1,2,7,255,942,250,0,0
stim,52633,82754,1,82754,3280059.455,-0.543,-0.089,0.130,0.825,0,0,0,0,0,0,0,31,60,1.362,1,2112,0,453.336,13.016,351.250,286.250,-14.063,0.695,-0.477,2.766,0.559,13.004,12.793,4.054,4.248,1.195,1.334,0,NULL,NULL,,3,1,2,7,255,942,250,0,0
stim,52633,82754,0,82754,3280064.454,-0.544,-0.090,0.150,0.821,0,0,0,0,0,0,0,37,60,1.362,1,2112,0,456.107,15.851,364.875,273.000,-19.250,0.883,-0.625,2.941,0.586,15.840,13.637,4.052,4.248,1.195,1.334,0,NULL,NULL,,3,0,2,7,255,941,250,0,0
stim,52633,82754,0,82754,3280069.455,-0.544,-0.091,0.169,0.817,0,0,0,0,0,0,0,43,60,1.362,1,2112,0,449.109,19.418,366.875,257.688,-26.438,1.047,-0.645,3.090,1.742,19.340,13.961,4.042,4.240,1.195,1.334,0,NULL,NULL,,3,0,2,7,255,941,250,0,0
stim,52633,82754,0,82754,3280074.454,-0.546,-0.091,0.188,0.811,0,0,0,0,0,0,0,44,60,1.362,1,2112,0,442.944,22.147,366.250,244.813,-46.125,1.195,-0.520,3.195,1.742,22.078,13.961,4.022,4.222,1.195,1.334,0,NULL,NULL,,3,0,2,7,255,941,250,0,0
stim,52653,82774,0,82774,3280079.455,-0.548,-0.092,0.206,0.806,0,0,0,0,0,0,0,45,60,1.362,1,2112,0,437.022,24.055,354.938,247.438,-61.500,1.539,-0.574,3.488,0.969,24.035,14.023,3.992,4.192,1.195,1.334,0,NULL,NULL,,3,0,2,7,255,941,250,0,0
stim,52653,82774,0,82774,3280084.454,-0.550,-0.093,0.222,0.800,0,0,0,0,0,0,0,47,60,1.362,1,2112,0,410.233,29.023,324.938,238.938,-74.938,1.766,-0.383,3.645,0.941,29.008,14.355,3.946,4.148,1.195,1.334,0,NULL,NULL,,3,0,2,7,255,941,250,0,0
stim,52653,82774,0,82774,3280089.455,-0.552,-0.096,0.237,0.794,0,0,0,0,0,0,0,55,60,1.362,1,2112,0,382.226,31.687,282.125,238.688,-97.625,2.098,-0.340,3.746,-0.828,31.676,14.355,3.886,4.090,1.195,1.334,0,NULL,NULL,,3,0,2,7,255,941,250,0,0
stim,52653,82774,0,82774,3280094.454,-0.555,-0.100,0.250,0.787,0,0,0,0,0,0,0,62,60,1.362,1,2112,0,346.844,35.466,221.188,240.000,-117.375,2.512,-0.441,3.664,-1.680,35.426,13.043,3.810,4.016,1.195,1.334,0,NULL,NULL,,3,0,2,7,255,941,250,0,0
stim,52653,82774,0,82774,3280099.455,-0.557,-0.106,0.261,0.781,0,0,0,0,0,0,0,85,60,1.362,1,2112,0,312.996,39.299,156.250,240.875,-124.625,2.949,-0.535,3.355,-1.789,39.258,9.344,3.720,3.926,1.195,1.334,0,NULL,NULL,,3,0,2,7,255,941,250,0,0
stim,52653,82774,0,82774,3280104.453,-0.560,-0.113,0.269,0.776,0,0,0,0,0,0,0,155,60,1.362,1,2112,0,288.303,41.972,101.125,240.500,-122.688,3.387,-0.547,2.902,-2.344,41.906,3.563,3.614,3.822,1.195,1.334,0,NULL,NULL,,3,0,2,7,255,941,250,0,0
stim,52653,82774,0,82774,3280109.455,-0.561,-0.120,0.276,0.771,0,0,0,0,0,0,0,200,60,1.362,1,2112,0,270.662,43.513,62.563,236.375,-116.063,3.844,-0.539,2.434,-3.879,43.340,-3.211,3.498,3.706,1.195,1.334,0,NULL,NULL,,3,0,2,7,255,941,250,0,0
stim,52653,82774,0,82774,3280114.454,-0.563,-0.128,0.283,0.766,0,0,0,0,0,0,0,297,60,1.362,1,2112,0,250.905,44.852,36.813,224.563,-105.688,4.359,-0.535,1.953,-5.730,44.484,-10.203,3.368,3.578,1.195,1.334,0,NULL,NULL,,3,0,2,7,255,941,250,0,0
stim,52683,82804,0,82804,3280119.457,-0.563,-0.136,0.288,0.762,0,0,0,0,0,0,0,355,60,1.362,1,2112,0,225.245,46.445,21.625,205.375,-89.938,4.918,-0.738,1.398,-7.711,45.801,-17.590,3.224,3.434,1.195,1.334,0,NULL,NULL,,3,0,2,7,255,941,250,0,0
stim,52683,82804,0,82804,3280124.454,-0.563,-0.142,0.293,0.759,0,0,0,0,0,0,0,380,60,1.362,1,2112,0,194.877,47.328,39.250,182.938,-54.500,5.227,-1.234,0.785,-7.711,46.695,-26.301,3.064,3.276,1.195,1.334,0,NULL,NULL,,3,0,2,7,255,941,250,0,0
stim,52683,82804,0,82804,3280129.455,-0.562,-0.143,0.300,0.757,0,0,0,0,0,0,0,379,60,1.362,1,2112,0,182.499,47.354,114.625,142.000,1.688,5.367,-1.988,0.488,-4.695,47.121,-34.805,2.890,3.104,1.195,1.334,0,NULL,NULL,,3,0,2,7,255,941,250,0,0
stim,52683,82804,0,82804,3280134.454,-0.560,-0.141,0.310,0.755,0,0,0,0,0,0,0,345,60,1.362,1,2112,0,231.483,47.145,201.375,89.938,70.313,5.109,-2.750,0.777,1.504,47.121,-39.641,2.706,2.920,1.195,1.334,0,NULL,NULL,,3,0,2,7,255,941,250,0,0
stim,52683,82804,0,82804,3280139.455,-0.556,-0.132,0.322,0.755,0,0,0,0,0,0,0,293,60,1.362,1,2112,0,356.082,47.410,314.938,32.250,163.000,4.520,-2.047,1.582,5.227,47.121,-39.641,2.514,2.728,1.195,1.334,0,NULL,NULL,,3,0,2,7,255,941,250,0,0
stim,52683,82804,0,82804,3280144.453,-0.551,-0.121,0.333,0.755,0,0,0,0,0,0,0,267,60,1.362,1,2112,0,371.230,48.534,306.750,-12.875,208.688,4.059,-1.887,2.848,6.777,48.059,-28.945,2.316,2.530,1.195,1.334,0,NULL,NULL,,3,0,2,7,255,941,250,0,0
stim,52737,82858,0,82858,3280149.455,-0.548,-0.111,0.342,0.756,0,0,0,0,0,0,0,275,60,1.362,1,2112,0,325.483,47.278,273.188,-54.188,168.438,2.691,-0.855,3.121,5.227,46.988,-16.938,2.112,2.326,1.195,1.334,0,NULL,NULL,,3,0,2,7,255,941,250,0,0
stim,52737,82858,0,82858,3280154.454,-0.547,-0.100,0.347,0.755,27,0,0,357,0,6,0,443,60,1.362,1,2112,0,280.775,40.808,237.250,-121.938,87.625,1.484,0.105,4.453,3.082,40.691,-4.188,1.906,2.118,1.195,1.334,0,NULL,NULL,,3,0,2,7,255,941,250,0,0
stim,52737,82858,0,82858,3280159.455,-0.540,-0.071,0.359,0.758,759,0,0,1197,0,125,0,541,60,1.362,1,2112,0,745.744,40.808,535.188,-319.563,409.375,0.941,0.590,9.551,3.082,40.691,15.676,1.694,1.906,1.195,1.334,0,NULL,NULL,,3,0,2,7,255,941,250,0,0
stim,52737,82858,0,82858,3280164.453,-0.526,-0.070,0.343,0.775,1403,0,0,1673,0,451,0,579,60,1.362,1,2112,0,628.408,42.009,-434.000,-132.000,434.875,0.070,1.094,7.402,6.617,41.484,50.293,1.480,1.690,1.195,1.334,0,NULL,NULL,,3,0,2,7,255,941,250,0,0
stim,52737,82858,0,82858,3280169.455,-0.508,-0.086,0.296,0.804,1877,0,0,1947,0,696,0,615,60,1.362,1,2112,0,1374.238,42.009,-1281.313,-194.438,457.125,-0.438,4.152,1.270,6.617,41.484,50.293,1.264,1.472,1.195,1.334,0,NULL,NULL,,3,0,2,7,255,941,250,0,0
stim,52737,82858,0,82858,3280174.454,-0.494,-0.097,0.262,0.824,2181,0,0,2103,0,911,0,672,61,1.362,1,2113,0,1009.284,27.491,-933.500,-159.063,349.188,-2.422,4.164,-2.797,-25.730,-9.680,17.086,1.046,1.252,1.195,1.334,1,983.000,42.000,,3,0,2,7,255,941,250,0,0
stim,52737,82858,0,82858,3280179.455,-0.488,-0.099,0.246,0.832,2381,0,0,2231,0,1081,0,733,61,1.362,1,2113,0,424.827,49.288,-377.625,-112.500,158.813,-3.000,1.813,-2.500,-25.730,-42.039,-10.703,0.818,1.018,1.195,1.334,1,NULL,NULL,,3,0,2,7,255,941,250,0,0
stim,52737,82858,0,82858,3280184.453,-0.490,-0.094,0.241,0.832,2515,0,0,2313,0,1247,0,823,61,1.362,1,2113,0,178.920,42.074,-38.750,-170.750,-36.813,-1.430,0.145,0.547,-1.715,-42.039,-10.703,0.586,0.774,1.195,1.334,1,NULL,NULL,,3,0,2,7,255,941,250,0,0
stim,52737,82858,0,82858,3280189.455,-0.492,-0.090,0.238,0.832,2599,0,0,2376,0,1395,0,935,61,1.362,1,2113,0,122.875,9.024,-11.188,-120.688,-20.188,0.477,1.910,1.766,-1.715,-8.859,0.813,0.396,0.558,1.195,1.334,2,NULL,NULL,,3,0,2,7,255,941,250,0,0
stim,52737,82858,0,82858,3280194.453,-0.488,-0.087,0.232,0.837,2743,0,0,2573,0,1519,0,998,61,1.362,1,2113,0,212.440,17.749,-119.313,-125.625,122.938,0.582,2.828,2.086,-17.652,1.848,8.867,0.308,0.422,1.195,1.334,2,NULL,NULL,,3,0,2,7,255,941,250,0,0
stim,52763,82884,0,82884,3280199.455,-0.481,-0.086,0.220,0.844,2847,0,0,2719,0,1564,0,1095,61,1.362,1,2113,0,350.450,17.749,-265.563,-130.813,187.563,-1.039,1.184,1.617,-17.652,1.848,11.078,0.308,0.380,1.195,1.334,2,NULL,NULL,,3,0,2,7,255,941,250,0,0
stim,52763,82885,0,82885,3280204.454,-0.476,-0.087,0.202,0.852,2931,0,0,2827,0,1637,0,1209,61,1.362,1,2113,0,475.458,7.419,-414.625,-175.375,152.938,-2.254,-1.254,0.391,-4.027,-6.230,11.078,0.336,0.400,1.195,1.334,2,NULL,NULL,,3,0,2,7,255,941,250,0,0
stim,52763,82885,0,82885,3280209.455,-0.478,-0.088,0.185,0.854,2975,0,0,2923,0,1691,0,1340,61,1.362,1,2113,0,392.150,23.386,-344.313,-173.000,-72.813,-1.922,-1.371,-1.023,21.281,-9.695,-1.641,0.362,0.440,1.195,1.334,2,NULL,NULL,,3,0,2,7,255,941,250,0,0
stim,52763,82885,0,82885,3280214.453,-0.486,-0.084,0.177,0.852,3027,0,0,2987,0,1747,0,1471,61,1.362,1,2113,0,268.558,23.386,-76.313,-190.938,-172.750,-0.582,-0.863,-0.598,21.281,-9.695,-15.055,0.392,0.480,1.195,1.334,2,NULL,NULL,,3,0,2,7,255,941,250,0,0
stim,52782,82903,0,82903,3280219.455,-0.494,-0.076,0.176,0.848,3053,0,0,3036,0,1821,0,1577,61,1.362,1,2113,0,276.769,10.449,90.375,-183.188,-186.750,0.480,-0.871,1.129,10.082,-2.746,-15.055,0.420,0.516,1.195,1.334,2,NULL,NULL,,3,0,2,7,255,941,250,0,0
stim,52782,82903,0,82903,3280224.454,-0.499,-0.071,0.174,0.846,3087,0,0,3087,0,1896,0,1641,61,1.362,1,2113,0,189.267,12.772,41.438,-147.875,-110.625,1.063,-1.090,2.191,5.160,11.684,-2.574,0.438,0.542,1.195,1.334,2,NULL,NULL,,3,0,2,7,255,941,250,0,0
stim,52782,82903,0,82903,3280229.455,-0.500,-0.068,0.167,0.847,3089,0,0,3113,0,1979,0,1663,61,1.362,1,2113,0,182.537,21.420,-104.563,-149.563,-4.188,1.191,-1.195,2.121,4.918,20.848,4.305,0.432,0.554,1.195,1.334,2,NULL,NULL,,3,0,2,7,255,941,250,0,0
stim,52782,82903,0,82903,3280234.453,-0.496,-0.067,0.156,0.851,3103,0,0,3148,0,2075,0,1684,61,1.362,1,2113,0,278.432,21.420,-216.375,-136.000,110.500,0.715,-1.363,1.383,4.918,20.848,4.305,0.412,0.552,1.195,1.334,2,NULL,NULL,,3,0,2,7,255,941,250,0,0
stim,52804,82925,0,82925,3280239.455,-0.490,-0.065,0.146,0.857,3110,0,0,3156,0,2143,0,1705,61,1.362,1,2113,0,302.874,18.252,-214.750,-131.875,168.000,-0.145,-1.293,0.383,8.195,16.309,-1.125,0.380,0.534,1.195,1.334,2,NULL,NULL,,3,0,2,7,255,941,250,0,0
stim,52804,82925,0,82925,3280244.454,-0.485,-0.062,0.139,0.861,3119,0,0,3176,0,2227,0,1747,61,1.362,1,2113,0,231.067,11.932,-109.063,-140.438,147.563,-0.719,-0.801,0.090,10.277,6.063,-7.863,0.332,0.492,1.195,1.334,2,NULL,NULL,,3,0,2,7,255,941,250,0,0
stim,52836,82957,0,82957,3280249.455,-0.483,-0.056,0.136,0.863,3118,0,0,3177,7,2281,0,1811,61,1.362,1,2113,0,165.217,10.409,-15.188,-149.000,69.750,-0.809,-0.207,0.758,10.277,-1.652,-7.863,0.272,0.428,1.195,1.334,2,NULL,NULL,,3,0,2,7,255,941,250,0,0
stim,52836,82957,0,82957,3280254.453,-0.484,-0.051,0.132,0.864,3133,0,0,3191,277,2373,0,1957,61,1.362,1,2113,0,150.159,6.107,-19.688,-148.813,-3.875,-0.375,0.164,1.363,5.879,-1.652,-1.148,0.212,0.352,1.195,1.334,2,NULL,NULL,,3,0,2,7,255,941,250,0,0
stim,52836,82957,0,82957,3280259.455,-0.484,-0.047,0.128,0.864,3125,0,0,3183,507,2405,61,2093,61,1.362,1,2113,0,140.981,0.755,-44.000,-133.813,-5.813,0.238,0.066,1.723,0.660,-0.367,4.109,0.166,0.284,1.195,1.334,2,NULL,NULL,,3,0,2,7,255,941,250,0,0
stim,52836,82957,0,82957,3280264.453,-0.485,-0.045,0.124,0.864,3125,0,0,3183,856,2443,71,2196,61,1.362,1,2113,0,94.995,5.784,-59.188,-72.375,-16.813,0.488,-0.207,1.965,-0.594,5.754,6.137,0.136,0.242,1.195,1.334,2,NULL,NULL,,3,0,2,7,255,941,250,0,0
stim,52836,82957,0,82957,3280269.455,-0.485,-0.044,0.120,0.865,3124,0,0,3188,1041,2471,81,2267,61,1.362,1,2113,0,92.668,6.558,-70.750,-59.688,4.375,0.770,0.395,0.930,-1.586,6.363,6.137,0.114,0.226,1.195,1.334,2,NULL,NULL,,3,0,2,7,255,941,250,0,0
stim,52836,82957,0,82957,3280274.454,-0.485,-0.042,0.119,0.865,3127,0,0,3191,1189,2483,105,2319,61,1.362,1,2113,0,56.449,9.623,5.188,-53.375,17.625,0.457,0.652,1.109,-7.219,6.363,0.793,0.098,0.222,1.195,1.334,2,NULL,NULL,,3,0,2,7,255,941,250,0,0
stim,52836,82957,0,82957,3280279.455,-0.485,-0.042,0.117,0.866,3131,0,0,3193,1303,2517,121,2379,61,1.362,1,2113,0,47.837,7.783,-35.250,-32.188,3.125,-0.289,-0.133,1.816,-7.219,2.910,0.793,0.094,0.214,1.195,1.334,2,NULL,NULL,,3,0,2,7,255,941,250,0,0
stim,52836,82957,0,82957,3280284.453,-0.486,-0.043,0.112,0.866,3131,0,0,3189,1375,2461,133,2404,61,1.362,1,2113,0,107.481,2.397,-99.438,-27.375,-30.250,-0.051,0.113,0.914,-0.723,2.285,0.793,0.104,0.194,1.195,1.334,2,NULL,NULL,,3,0,2,7,255,941,250,0,0
stim,52836,82957,0,82957,3280289.455,-0.487,-0.043,0.110,0.865,3125,0,0,3182,1454,2523,131,2425,61,1.362,1,2113,0,64.958,1.181,-42.188,-21.438,-44.500,-0.035,0.277,0.793,-0.723,0.934,-0.855,0.128,0.166,1.195,1.334,2,NULL,NULL,,3,0,2,7,255,941,250,0,0
stim,52836,82957,0,82957,3280294.454,-0.489,-0.042,0.109,0.864,3127,19,0,3192,1533,2540,135,2454,61,1.362,1,2113,0,50.836,1.891,-7.938,-18.000,-46.875,0.059,0.160,1.207,-1.645,0.934,-0.855,0.152,0.140,1.195,1.334,2,NULL,NULL,,3,0,2,7,255,941,250,0,0
stim,52863,82984,0,82984,3280299.455,-0.490,-0.043,0.107,0.864,3127,33,0,3193,1583,2533,137,2474,61,1.362,1,2113,0,52.168,2.734,-40.250,-12.938,-30.563,0.004,-0.027,1.258,-1.645,2.184,1.828,0.174,0.116,1.195,1.334,2,NULL,NULL,,3,0,2,7,255,941,250,0,0
stim,52863,82984,0,82984,3280304.453,-0.491,-0.044,0.104,0.864,3131,30,0,3179,1625,2541,149,2488,61,1.362,1,2113,0,77.541,2.191,-73.438,-9.813,-22.875,-0.207,-0.234,0.945,0.184,2.184,1.828,0.192,0.094,1.195,1.334,2,NULL,NULL,,3,0,2,7,255,941,250,0,0
stim,52863,82984,0,82984,3280309.455,-0.493,-0.045,0.102,0.863,3119,29,0,3174,1675,2544,157,2501,61,1.362,1,2113,0,67.700,3.199,-54.063,-8.688,-39.813,-0.246,-0.223,0.719,2.906,1.336,-0.625,0.206,0.078,1.195,1.334,2,NULL,NULL,,3,0,2,7,255,941,250,0,0
stim,52863,82984,0,82984,3280314.453,-0.495,-0.045,0.101,0.862,3119,41,0,3179,1701,2551,158,2515,61,1.362,1,2113,0,61.076,3.033,-14.188,-8.375,-58.813,-0.102,-0.027,0.820,2.906,0.867,-1.781,0.218,0.064,1.195,1.334,2,NULL,NULL,,3,0,2,7,255,941,250,0,0
stim,52863,82984,0,82984,3280319.455,-0.497,-0.045,0.100,0.861,3127,37,0,3176,1737,2565,165,2523,61,1.362,1,2113,0,57.065,1.044,2.500,-8.063,-56.438,0.063,0.133,1.051,0.582,0.867,-1.781,0.230,0.052,1.195,1.334,2,NULL,NULL,,3,0,2,7,255,941,250,0,0
stim,52863,82984,0,82984,3280324.454,-0.498,-0.045,0.100,0.860,3128,37,0,3163,1749,2565,158,2523,61,1.362,1,2113,0,38.752,2.470,-10.063,-4.188,-37.188,0.105,0.137,1.191,-1.566,1.910,0.293,0.240,0.042,1.195,1.334,2,NULL,NULL,,3,0,2,7,255,941,250,0,0
stim,52895,83016,0,83016,3280329.455,-0.499,-0.045,0.098,0.860,3125,45,0,3169,1769,2549,151,2523,61,1.362,1,2113,0,37.023,2.470,-30.000,-1.750,-21.625,0.000,0.109,1.109,-1.566,1.910,0.961,0.250,0.034,1.195,1.334,2,NULL,NULL,,3,0,2,7,255,941,250,0,0
stim,52895,83016,0,83016,3280334.453,-0.500,-0.046,0.097,0.859,3123,53,0,3167,1776,2553,141,2525,61,1.362,1,2113,0,36.653,1.924,-29.250,1.063,-22.063,-0.090,0.133,0.984,-1.090,1.586,0.961,0.254,0.030,1.195,1.334,2,NULL,NULL,,3,0,2,7,255,941,250,0,0
stim,52895,83016,0,83016,3280339.455,-0.501,-0.046,0.097,0.859,3117,55,0,3163,1791,2547,127,2524,61,1.362,1,2113,0,32.044,1.186,-15.000,1.938,-28.250,-0.098,0.172,0.988,-1.090,0.469,0.016,0.258,0.026,1.195,1.334,2,NULL,NULL,,3,0,2,7,255,941,250,0,0
stim,52895,83016,0,83016,3280344.454,-0.502,-0.046,0.096,0.858,3117,61,7,3150,1789,2552,117,2519,61,1.362,1,2113,0,30.693,1.277,-7.875,3.125,-29.500,-0.055,0.230,1.078,-1.188,0.469,0.016,0.264,0.022,1.195,1.334,2,NULL,NULL,,3,0,2,7,255,941,250,0,0
stim,52932,83053,0,83053,3280349.455,-0.503,-0.047,0.096,0.858,3119,61,24,3157,1798,2541,105,2517,61,1.362,1,2113,0,27.613,1.955,-13.813,4.063,-23.563,-0.031,0.273,1.125,-1.895,0.484,0.840,0.270,0.018,1.195,1.334,2,NULL,NULL,,3,0,2,7,255,941,250,0,0
stim,52932,83053,0,83053,3280354.453,-0.503,-0.047,0.095,0.858,3111,69,41,3155,1798,2544,93,2516,61,1.362,1,2113,0,29.023,2.012,-23.500,4.688,-16.375,-0.055,0.230,1.090,-1.949,0.500,0.965,0.278,0.012,1.195,1.334,2,NULL,NULL,,3,0,2,7,255,941,250,0,0
stim,52932,83053,0,83053,3280359.455,-0.504,-0.048,0.094,0.857,3111,75,47,3149,1803,2539,93,2503,61,1.362,1,2113,0,30.626,2.012,-28.250,4.188,-11.063,-0.098,0.137,1.016,-1.949,0.500,0.965,0.284,0.006,1.195,1.334,2,NULL,NULL,,3,0,2,7,255,941,250,0,0
stim,52932,83053,0,83053,3280364.453,-0.504,-0.049,0.093,0.857,3095,77,49,3149,1819,2536,91,2502,61,1.362,1,2113,0,25.776,1.042,-24.500,2.813,-7.500,-0.125,0.086,0.961,-0.953,0.422,0.230,0.292,0.000,1.195,1.334,2,NULL,NULL,,3,0,2,7,255,941,250,0,0
stim,52932,83053,0,83053,3280369.455,-0.504,-0.049,0.093,0.857,3087,79,51,3132,1829,2539,104,2511,61,1.332,1,2113,1,17.638,0.506,-17.313,0.625,-3.313,-0.141,0.082,0.973,-0.398,0.313,-0.152,0.000,0.000,1.174,1.312,2,NULL,NULL,,3,0,2,7,255,941,250,0,0
stim,52932,83053,0,83053,3280374.455,-0.504,-0.049,0.092,0.857,3080,81,79,3139,1839,2536,109,2515,61,1.332,1,2113,1,15.429,0.365,-15.250,-1.750,1.563,-0.160,0.090,1.004,-0.301,0.207,-0.152,0.008,0.006,1.174,1.312,2,NULL,NULL,,3,0,2,7,255,941,250,0,0
stim,52954,83075,0,83075,3280379.454,-0.504,-0.049,0.091,0.858,3079,77,85,3129,1845,2525,115,2525,61,1.332,1,2113,1,18.659,0.290,-17.500,-4.188,4.938,-0.188,0.082,1.000,-0.285,0.055,0.195,0.014,0.008,1.174,1.312,2,NULL,NULL,,3,0,2,7,255,941,250,0,0
stim,52954,83075,0,83075,3280384.455,-0.504,-0.050,0.091,0.858,3062,77,85,3117,1861,2530,121,2523,61,1.332,1,2113,1,19.387,0.167,-17.875,-6.188,4.250,-0.199,0.066,0.969,-0.102,-0.133,0.195,0.018,0.012,1.174,1.312,2,NULL,NULL,,3,0,2,7,255,941,250,0,0
stim,52954,83075,0,83075,3280389.454,-0.503,-0.050,0.090,0.858,3045,81,86,3109,1875,2523,117,2527,61,1.332,1,2113,1,15.959,0.134,-13.813,-7.875,1.375,-0.172,0.059,0.949,0.016,-0.133,-0.109,0.024,0.016,1.174,1.312,2,NULL,NULL,,3,0,2,7,255,941,250,0,0
stim,52954,83075,0,83075,3280394.455,-0.503,-0.049,0.089,0.858,3045,79,107,3091,1887,2523,121,2543,61,1.332,1,2113,1,13.240,0.020,-9.000,-9.563,1.688,-0.137,0.074,0.953,0.016,-0.012,-0.336,0.028,0.018,1.174,1.312,2,NULL,NULL,,3,0,2,7,255,941,250,0,0
stim,52954,83075,0,83075,3280399.455,-0.503,-0.049,0.089,0.858,3025,83,125,3080,1917,2522,137,2565,61,1.332,1,2113,1,14.262,0.268,-7.313,-11.063,5.250,-0.152,0.078,0.977,-0.246,0.105,-0.336,0.034,0.020,1.174,1.312,2,NULL,NULL,,3,0,2,7,255,941,250,0,0
stim,52954,83075,0,83075,3280404.453,-0.503,-0.049,0.088,0.858,3005,85,142,3067,1945,2461,164,2567,61,1.332,1,2113,1,15.330,0.275,-8.125,-12.125,4.688,-0.184,0.102,0.988,-0.254,0.105,-0.098,0.036,0.022,1.174,1.312,2,NULL,NULL,,3,0,2,7,255,941,250,0,0
stim,52954,83075,0,83075,3280409.455,-0.503,-0.048,0.088,0.858,2996,99,173,3053,1983,2521,180,2583,61,1.332,1,2113,1,14.820,0.420,-7.063,-13.000,-0.875,-0.184,0.145,0.977,-0.297,-0.297,0.012,0.038,0.020,1.174,1.312,2,NULL,NULL,,3,0,2,7,255,941,250,0,0
stim,52954,83075,0,83075,3280414.453,-0.503,-0.048,0.087,0.858,2973,121,211,3043,2013,2523,203,2591,61,1.332,1,2113,1,15.493,0.710,-5.313,-13.500,-5.438,-0.148,0.137,0.992,-0.645,-0.297,0.074,0.040,0.020,1.174,1.312,2,NULL,NULL,,3,0,2,7,255,941,250,0,0
stim,52984,83105,0,83105,3280419.455,-0.504,-0.048,0.087,0.858,2959,136,279,3032,2039,2521,215,2603,61,1.332,1,2113,1,16.191,0.664,-6.625,-13.500,-6.000,-0.129,0.078,1.004,-0.645,-0.160,0.090,0.040,0.018,1.174,1.312,2,NULL,NULL,,3,0,2,7,255,941,250,0,0
stim,52984,83105,0,83105,3280424.454,-0.504,-0.047,0.086,0.858,2940,139,315,3017,2083,2527,240,2623,61,1.332,1,2113,1,16.945,0.446,-8.625,-13.813,-4.688,-0.145,0.031,0.973,-0.340,0.289,0.090,0.040,0.016,1.174,1.312,2,NULL,NULL,,3,0,2,7,255,941,250,0,0
stim,52984,83105,0,83105,3280429.455,-0.504,-0.047,0.086,0.858,2908,153,380,2995,2111,2527,247,2641,61,1.332,1,2113,1,17.048,0.320,-5.563,-15.125,-5.563,-0.172,0.043,0.938,0.137,0.289,-0.191,0.040,0.016,1.174,1.312,2,NULL,NULL,,3,0,2,7,255,941,250,0,0
stim,52984,83105,0,83105,3280434.453,-0.504,-0.046,0.085,0.858,2891,167,459,2974,2163,2539,300,2650,61,1.332,1,2113,1,19.182,0.146,1.000,-16.563,-9.625,-0.180,0.090,0.941,0.137,-0.051,-0.387,0.040,0.014,1.174,1.312,2,NULL,NULL,,3,0,2,7,255,941,250,0,0
stim,52984,83105,0,83105,3280439.455,-0.505,-0.045,0.085,0.858,2871,171,539,2956,2215,2536,343,2667,61,1.332,1,2113,1,22.870,0.351,6.063,-17.813,-13.000,-0.168,0.117,0.988,-0.188,-0.297,-0.387,0.040,0.014,1.174,1.312,2,NULL,NULL,,3,0,2,7,255,941,250,0,0
stim,52984,83105,0,83105,3280444.454,-0.506,-0.045,0.085,0.857,2840,187,669,2933,2273,2545,383,2681,61,1.332,1,2113,1,23.662,0.578,4.625,-18.875,-13.500,-0.156,0.121,1.031,-0.496,-0.297,0.055,0.040,0.014,1.174,1.312,2,NULL,NULL,,3,0,2,7,255,941,250,0,0
stim,53037,83158,0,83158,3280449.455,-0.506,-0.044,0.084,0.857,2811,208,729,2905,2317,2549,456,2695,61,1.332,1,2113,1,25.886,0.639,-0.813,-19.000,-17.563,-0.199,0.145,1.055,-0.566,-0.297,0.453,0.042,0.014,1.174,1.312,2,NULL,NULL,,3,0,2,7,255,941,250,0,0
stim,53037,83158,0,83158,3280454.453,-0.507,-0.044,0.084,0.857,2787,217,823,2891,2367,2555,537,2718,61,1.332,1,2113,1,35.556,0.829,-9.750,-19.625,-28.000,-0.230,0.148,1.051,-0.566,-0.605,0.766,0.042,0.014,1.174,1.312,2,NULL,NULL,,3,0,2,7,255,941,250,0,0
stim,53037,83158,0,83158,3280459.455,-0.509,-0.043,0.083,0.856,2748,235,960,2869,2406,2553,599,2721,61,1.332,1,2113,1,43.024,0.845,-13.813,-20.000,-35.500,-0.168,0.152,0.980,-0.590,-0.605,0.766,0.044,0.016,1.174,1.312,2,NULL,NULL,,3,0,2,7,255,941,250,0,0
stim,53037,83158,0,83158,3280464.454,-0.510,-0.043,0.082,0.855,2701,241,1108,2851,2459,2554,691,2735,61,1.332,1,2113,1,45.752,0.957,-13.125,-20.000,-39.000,-0.117,0.125,1.023,-0.777,-0.559,0.332,0.046,0.018,1.174,1.312,2,NULL,NULL,,3,0,2,7,255,941,250,0,0
stim,53037,83158,0,83158,3280469.455,-0.511,-0.042,0.080,0.855,2649,249,1207,2825,2500,2553,805,2758,61,1.332,1,2113,1,43.245,0.780,-23.563,-21.000,-29.563,-0.031,0.055,1.121,-0.777,0.066,0.332,0.048,0.020,1.174,1.312,2,NULL,NULL,,3,0,2,7,255,941,250,0,0
stim,53037,83158,0,83158,3280474.454,-0.512,-0.043,0.078,0.854,2603,269,1321,2792,2539,2567,951,2772,61,1.332,1,2113,1,52.046,0.636,-39.313,-17.750,-29.125,-0.219,0.117,1.035,-0.633,0.066,0.609,0.050,0.024,1.174,1.312,2,NULL,NULL,,3,0,2,7,255,941,250,0,0
stim,53037,83158,0,83158,3280479.455,-0.514,-0.043,0.077,0.853,2535,279,1452,2765,2578,2571,1107,2789,61,1.332,1,2113,1,58.520,0.411,-35.063,-19.313,-42.688,-0.156,0.051,0.871,-0.316,-0.262,0.609,0.054,0.030,1.174,1.312,2,NULL,NULL,,3,0,2,7,255,941,250,0,0
stim,53037,83158,0,83158,3280484.453,-0.516,-0.043,0.075,0.852,2474,280,1605,2739,2607,2575,1236,2803,61,1.332,1,2113,1,56.734,0.262,-20.688,-20.500,-48.688,-0.207,-0.023,0.941,-0.004,-0.262,-0.426,0.060,0.034,1.174,1.312,2,NULL,NULL,,3,0,2,7,255,941,250,0,0
stim,53037,83158,0,83158,3280489.455,-0.518,-0.043,0.074,0.851,2405,298,1740,2679,2655,2577,1357,2807,61,1.332,1,2113,1,61.863,0.730,-16.625,-21.688,-55.500,-0.121,-0.055,0.973,0.688,-0.246,-0.426,0.064,0.038,1.174,1.312,2,NULL,NULL,,3,0,2,7,255,941,250,0,0
stim,53037,83158,0,83158,3280494.454,-0.520,-0.042,0.073,0.850,2316,308,1849,2655,2681,2577,1492,2821,61,1.332,1,2113,1,59.766,0.730,-16.188,-21.000,-53.563,-0.191,0.031,1.008,0.688,-0.246,-0.250,0.070,0.044,1.174,1.312,2,NULL,NULL,,3,0,2,7,255,941,250,0,0
stim,53061,83182,0,83182,3280499.455,-0.522,-0.042,0.071,0.849,2215,309,1957,2600,2723,2577,1625,2842,61,1.332,1,2113,1,68.855,0.524,-22.813,-23.188,-60.688,-0.129,-0.012,1.043,0.305,0.426,0.223,0.074,0.048,1.174,1.312,2,NULL,NULL,,3,0,2,7,255,941,250,0,0
stim,53061,83182,0,83182,3280504.453,-0.524,-0.042,0.069,0.848,2121,307,2071,2533,2740,2589,1737,2862,61,1.332,1,2113,1,75.206,0.524,-36.563,-26.250,-60.250,-0.105,-0.070,1.086,0.305,0.426,0.457,0.076,0.050,1.174,1.312,2,NULL,NULL,,3,0,2,7,255,941,250,0,0
stim,53061,83182,0,83182,3280509.455,-0.526,-0.042,0.066,0.847,2011,310,2193,2463,2777,2581,1849,2863,61,1.332,1,2113,1,85.196,1.100,-55.125,-27.313,-58.938,-0.117,-0.086,1.105,0.711,0.840,0.816,0.078,0.052,1.174,1.312,2,NULL,NULL,,3,0,2,7,255,941,250,0,0
stim,53061,83182,0,83182,3280514.454,-0.528,-0.043,0.063,0.846,1889,297,2289,2390,2803,2579,1945,2879,61,1.332,1,2113,0,86.356,1.100,-61.688,-27.500,-53.813,-0.094,-0.031,1.000,0.711,0.840,0.816,0.080,0.054,1.174,1.312,2,NULL,NULL,,3,0,2,7,255,941,250,0,0
stim,53081,83202,0,83202,3280519.455,-0.530,-0.043,0.060,0.845,1725,271,2359,2277,2823,2581,2041,2894,61,1.332,1,2113,0,79.070,0.643,-55.688,-29.813,-47.563,-0.125,0.012,0.941,0.246,0.594,0.008,0.082,0.054,1.174,1.312,2,NULL,NULL,,3,0,2,7,255,941,250,0,0
stim,53081,83202,0,83202,3280524.454,-0.532,-0.043,0.057,0.844,1545,263,2441,2184,2844,2581,2155,2907,61,1.332,1,2113,0,72.974,0.172,-46.000,-32.625,-46.313,-0.105,0.020,0.984,-0.004,0.172,-0.113,0.080,0.052,1.174,1.312,2,NULL,NULL,,3,0,2,7,255,941,250,0,0
stim,53081,83202,0,83202,3280529.455,-0.533,-0.043,0.054,0.843,1302,231,2495,2065,2871,2579,2235,2915,61,1.332,1,2113,0,75.615,0.172,-46.438,-34.063,-49.000,-0.102,-0.016,1.074,-0.004,0.172,-0.113,0.080,0.050,1.174,1.312,2,NULL,NULL,,3,0,2,7,255,941,250,0,0
stim,53081,83202,0,83202,3280534.454,-0.535,-0.043,0.052,0.842,1097,223,2549,1893,2880,2577,2329,2930,61,1.332,1,2113,0,75.554,0.474,-49.438,-35.125,-45.063,-0.086,-0.004,1.063,-0.184,0.438,0.617,0.076,0.046,1.174,1.312,2,NULL,NULL,,3,0,2,7,255,941,250,0,0
stim,53106,83227,0,83227,3280539.455,-0.537,-0.042,0.049,0.841,899,169,2598,1677,2908,2569,2395,2932,61,1.332,1,2113,0,71.347,0.474,-44.250,-37.063,-41.938,-0.098,0.020,1.023,-0.184,0.438,0.617,0.074,0.042,1.174,1.312,2,NULL,NULL,,3,0,2,7,255,941,250,0,0
stim,53106,83227,0,83227,3280544.453,-0.538,-0.042,0.046,0.841,635,116,2639,1415,2925,2568,2463,2939,61,1.332,1,2113,0,66.317,0.494,-41.688,-39.375,-33.313,-0.055,-0.020,1.113,-0.230,0.438,0.617,0.070,0.038,1.174,1.312,2,NULL,NULL,,3,0,2,7,255,941,250,0,0
stim,53135,83256,0,83256,3280549.455,-0.539,-0.042,0.044,0.840,375,73,2671,1175,2941,2556,2523,2951,61,1.332,1,2113,0,66.110,0.382,-44.000,-41.500,-26.688,-0.152,0.055,1.055,-0.352,0.148,0.637,0.068,0.036,1.174,1.312,2,NULL,NULL,,3,0,2,7,255,941,250,0,0
stim,53135,83256,0,83256,3280554.453,-0.540,-0.041,0.041,0.840,188,19,2713,908,2963,2537,2573,2967,61,1.332,1,2113,0,68.329,0.283,-39.250,-45.250,-32.875,-0.125,0.000,1.031,-0.230,-0.164,0.637,0.066,0.034,1.174,1.312,2,NULL,NULL,,3,0,2,7,255,941,250,0,0
stim,53135,83256,0,83256,3280559.455,-0.541,-0.040,0.039,0.839,61,0,2739,647,2971,2519,2633,2979,61,1.332,1,2113,0,68.759,0.426,-33.625,-48.250,-35.625,-0.121,0.023,1.027,-0.336,-0.262,0.371,0.064,0.034,1.174,1.312,2,NULL,NULL,,3,0,2,7,255,941,250,0,0
stim,53135,83256,0,83256,3280564.454,-0.543,-0.039,0.036,0.838,19,0,2760,456,2985,2496,2666,2979,61,1.332,1,2113,0,75.316,0.374,-26.875,-52.188,-47.188,-0.090,0.012,1.063,-0.336,-0.164,0.371,0.064,0.034,1.174,1.312,2,NULL,NULL,,3,0,2,7,255,941,250,0,0
stim,53135,83256,0,83256,3280569.455,-0.544,-0.037,0.034,0.837,0,0,2793,266,3007,2477,2701,2982,61,1.332,1,2113,0,75.342,0.377,-27.188,-57.375,-40.563,0.047,0.039,1.086,-0.375,0.039,0.652,0.064,0.036,1.174,1.312,2,NULL,NULL,,3,0,2,7,255,941,250,0,0
stim,53135,83256,0,83256,3280574.454,-0.546,-0.035,0.032,0.837,0,0,2811,137,3020,2447,2745,2987,61,1.332,1,2113,0,73.143,1.063,-17.125,-60.688,-37.063,-0.141,0.109,1.078,-1.063,0.039,0.711,0.064,0.036,1.174,1.312,2,NULL,NULL,,3,0,2,7,255,941,250,0,0
stim,53135,83256,0,83256,3280579.455,-0.546,-0.032,0.031,0.837,0,0,2825,99,3028,2420,2774,2991,61,1.332,1,2113,0,76.166,1.404,21.250,-72.000,-12.875,-0.387,-0.008,1.332,-1.063,-0.918,0.813,0.064,0.038,1.174,1.312,2,NULL,NULL,,3,0,2,7,255,941,250,0,0
stim,53135,83256,0,83256,3280584.454,-0.547,-0.028,0.031,0.836,0,0,2837,68,3031,2343,2795,2991,61,1.332,1,2113,0,98.387,2.633,44.500,-86.500,-14.750,-0.555,-0.078,1.680,0.871,-2.484,3.512,0.066,0.038,1.174,1.312,2,NULL,NULL,,3,0,2,7,255,941,250,0,0
stim,53135,83256,0,83256,3280589.455,-0.548,-0.023,0.031,0.836,0,0,2855,29,3051,2343,2825,3005,61,1.332,1,2113,0,116.193,3.633,56.125,-98.125,-26.875,-0.504,0.059,1.984,0.871,-3.527,7.043,0.066,0.038,1.174,1.312,3,NULL,NULL,,3,0,2,7,255,941,250,0,0
stim,53135,83256,0,83256,3280594.453,-0.548,-0.020,0.027,0.836,0,0,2873,5,3055,2287,2857,3005,61,1.332,1,2113,0,110.102,3.595,-19.188,-107.125,-16.688,-0.125,0.324,1.895,0.695,-3.527,8.793,0.068,0.038,1.174,1.312,3,NULL,NULL,,3,0,2,7,255,941,250,0,0
stim,53164,83285,0,83285,3280599.455,-0.549,-0.018,0.022,0.836,0,0,2859,0,3063,2207,2879,3015,61,1.332,1,2113,0,139.876,3.106,-92.313,-104.750,-8.438,0.004,0.242,1.445,-2.766,-1.414,8.793,0.068,0.040,1.174,1.312,3,NULL,NULL,,3,0,2,7,255,941,250,0,0
stim,53164,83285,0,83285,3280604.454,-0.547,-0.016,0.016,0.837,0,0,2871,0,3065,2149,2903,3003,61,1.332,1,2113,0,142.762,2.952,-79.188,-114.688,30.938,-0.098,0.113,1.121,-2.766,-1.031,4.285,0.066,0.046,1.174,1.312,3,NULL,NULL,,3,0,2,7,255,941,250,0,0
stim,53164,83285,0,83285,3280609.455,-0.545,-0.012,0.012,0.838,0,0,2856,0,3089,2053,2921,3005,61,1.332,1,2113,0,141.590,1.532,-35.313,-126.563,52.750,-0.293,0.082,1.148,-1.133,-1.031,1.500,0.060,0.056,1.174,1.312,3,NULL,NULL,,3,0,2,7,255,941,250,0,0
stim,53164,83285,0,83285,3280614.453,-0.544,-0.007,0.009,0.839,0,0,2847,0,3085,1933,2933,3005,61,1.332,1,2113,0,141.577,2.782,-12.625,-135.313,39.688,-0.398,-0.004,1.270,-0.059,-2.781,1.500,0.056,0.066,1.174,1.312,3,NULL,NULL,,3,0,2,7,255,941,250,0,0
stim,53164,83285,0,83285,3280619.455,-0.543,-0.003,0.005,0.840,0,0,2845,0,3090,1780,2953,2992,61,1.332,1,2113,0,146.455,3.006,-6.250,-143.750,27.313,-0.340,-0.141,1.371,1.141,-2.781,2.703,0.054,0.078,1.174,1.312,3,NULL,NULL,,3,0,2,7,255,941,250,0,0
stim,53164,83285,0,83285,3280624.454,-0.542,0.002,0.001,0.841,0,0,2828,0,3102,1641,2952,2988,61,1.332,1,2113,0,154.419,3.355,-14.563,-151.375,26.813,-0.258,-0.230,1.387,2.180,-2.551,3.680,0.060,0.088,1.174,1.312,3,NULL,NULL,,3,0,2,7,255,941,250,0,0
stim,53194,83315,0,83315,3280629.455,-0.540,0.007,-0.004,0.842,0,0,2799,0,3095,1425,2965,2984,61,1.332,1,2113,0,166.100,3.151,-27.313,-159.750,36.375,-0.215,-0.246,1.285,2.707,-1.613,3.680,0.070,0.098,1.174,1.312,3,NULL,NULL,,3,0,2,7,255,941,250,0,0
stim,53194,83315,0,83315,3280634.453,-0.538,0.012,-0.009,0.843,0,0,2777,0,3097,1173,2971,2975,61,1.332,1,2113,0,176.391,3.151,-29.313,-167.625,46.438,-0.227,-0.211,1.195,2.707,-1.613,2.813,0.082,0.110,1.174,1.312,3,NULL,NULL,,3,0,2,7,255,941,250,0,0
stim,53194,83315,0,83315,3280639.455,-0.536,0.018,-0.014,0.844,0,0,2739,0,3099,937,2987,2963,61,1.332,1,2113,0,184.894,3.021,-22.000,-175.688,53.250,-0.301,-0.152,1.156,2.516,-1.672,1.914,0.090,0.122,1.174,1.312,3,NULL,NULL,,3,0,2,7,255,941,250,0,0
stim,53194,83315,0,83315,3280644.453,-0.534,0.025,-0.018,0.845,0,0,2697,0,3109,671,2988,2942,61,1.332,1,2113,0,192.880,3.649,-4.250,-186.438,49.250,-0.328,-0.137,1.184,2.438,-2.715,1.609,0.094,0.134,1.174,1.312,3,NULL,NULL,,3,0,2,7,255,941,250,0,0
stim,53232,83353,0,83353,3280649.455,-0.532,0.032,-0.022,0.846,0,0,2651,0,3117,487,2995,2933,61,1.332,1,2113,0,203.761,3.942,11.625,-198.375,45.063,-0.305,-0.152,1.188,2.438,-3.098,1.590,0.098,0.146,1.174,1.312,3,NULL,NULL,,3,0,2,7,255,941,250,0,0
stim,53232,83353,0,83353,3280654.454,-0.529,0.040,-0.026,0.847,0,0,2599,0,3115,309,3005,2901,61,1.332,1,2113,0,217.882,3.942,29.813,-210.313,48.500,-0.188,-0.066,1.293,2.438,-3.098,1.609,0.100,0.160,1.174,1.312,3,NULL,NULL,,3,0,2,7,255,941,250,0,0
stim,53232,83353,0,83353,3280659.455,-0.527,0.049,-0.030,0.848,0,0,2519,0,3111,172,3005,2876,61,1.332,1,2113,0,229.267,3.415,35.250,-219.188,57.250,-0.137,0.145,1.410,1.438,-3.098,2.660,0.104,0.174,1.174,1.312,3,NULL,NULL,,3,0,2,7,255,941,250,0,0
stim,53232,83353,0,83353,3280664.453,-0.524,0.058,-0.034,0.849,0,0,2437,0,3110,108,3015,2835,61,1.332,1,2113,0,241.644,3.514,39.625,-229.000,66.188,-0.191,0.336,1.543,-0.457,-3.484,3.723,0.108,0.188,1.174,1.312,3,NULL,NULL,,3,0,2,7,255,941,250,0,0
stim,53232,83353,0,83353,3280669.455,-0.520,0.068,-0.038,0.850,0,0,2299,0,3112,81,3003,2798,61,1.332,1,2113,0,250.907,5.433,35.188,-239.875,64.625,-0.266,0.465,1.781,-1.652,-5.176,4.852,0.116,0.204,1.174,1.312,3,NULL,NULL,,3,0,2,7,255,941,250,0,0
stim,53232,83353,0,83353,3280674.454,-0.518,0.077,-0.043,0.851,0,0,2135,0,3091,55,3005,2743,61,1.332,1,2113,0,254.708,7.204,19.750,-249.375,47.938,-0.418,0.453,2.063,-1.652,-7.012,6.934,0.126,0.218,1.174,1.312,3,NULL,NULL,,3,0,2,7,255,941,250,0,0
stim,53260,83381,0,83381,3280679.455,-0.516,0.087,-0.049,0.851,0,0,1929,0,3087,71,2991,2680,61,1.332,1,2113,0,269.389,9.104,-3.375,-267.125,34.688,-0.574,0.297,2.414,-1.016,-9.047,9.273,0.136,0.234,1.174,1.312,3,NULL,NULL,,3,0,2,7,255,941,250,0,0
stim,53260,83381,0,83381,3280684.453,-0.514,0.097,-0.057,0.850,0,0,1717,0,3053,85,2975,2605,61,1.332,1,2113,0,290.882,10.818,-17.063,-289.688,20.063,-0.742,0.215,2.820,1.516,-10.711,12.203,0.148,0.250,1.174,1.312,3,NULL,NULL,,3,0,2,7,255,941,250,0,0
stim,53260,83381,0,83381,3280689.455,-0.512,0.108,-0.066,0.850,0,0,1525,0,3029,89,2968,2507,61,1.332,1,2113,0,322.873,13.350,-46.750,-318.813,20.500,-0.848,0.426,2.984,2.563,-13.102,15.461,0.164,0.268,1.174,1.312,3,NULL,NULL,,3,0,2,7,255,941,250,0,0
stim,53260,83381,0,83381,3280694.454,-0.510,0.119,-0.076,0.848,0,0,1418,0,2996,91,2931,2392,61,1.332,1,2113,0,359.996,16.192,-76.063,-351.375,18.625,-1.000,0.859,3.113,2.563,-15.988,16.305,0.182,0.290,1.174,1.312,3,NULL,NULL,,3,0,2,7,255,941,250,0,0
stim,53260,83381,0,83381,3280699.455,-0.509,0.131,-0.089,0.846,0,0,1331,0,2969,101,2876,2266,61,1.332,1,2113,0,400.517,20.341,-119.375,-382.313,0.500,-1.027,1.277,3.164,-0.215,-20.340,16.305,0.208,0.316,1.174,1.312,3,NULL,NULL,,3,0,2,7,255,941,250,0,0
stim,53260,83381,0,83381,3280704.453,-0.509,0.142,-0.104,0.843,0,0,1214,0,2923,91,2821,2153,61,1.332,1,2113,0,441.744,23.741,-161.938,-410.375,-22.500,-1.016,1.289,3.090,-3.563,-23.473,15.906,0.240,0.350,1.174,1.312,3,NULL,NULL,,3,0,2,7,255,941,250,0,0
stim,53260,83381,0,83381,3280709.455,-0.509,0.154,-0.121,0.838,0,0,1107,0,2857,93,2740,2041,61,1.332,1,2113,0,476.355,23.741,-190.750,-435.125,-34.563,-0.965,0.816,3.023,-3.563,-23.473,14.375,0.280,0.394,1.174,1.312,3,NULL,NULL,,3,0,2,7,255,941,250,0,0
stim,53260,83381,0,83381,3280714.453,-0.508,0.167,-0.138,0.834,0,0,977,0,2790,91,2627,1927,61,1.332,1,2113,0,507.159,22.367,-191.188,-469.125,-24.063,-1.082,0.332,2.953,0.043,-22.367,13.309,0.330,0.446,1.174,1.312,3,NULL,NULL,,3,0,2,7,255,941,250,0,0
stim,53285,83406,0,83406,3280719.455,-0.506,0.181,-0.156,0.829,0,0,873,0,2683,69,2443,1797,61,1.332,1,2113,0,535.877,22.640,-199.938,-497.000,-13.438,-1.180,0.496,2.762,3.504,-22.367,11.656,0.394,0.510,1.174,1.312,3,NULL,NULL,,3,0,2,7,255,941,250,0,0
stim,53285,83406,0,83406,3280724.454,-0.505,0.195,-0.174,0.823,0,0,733,0,2549,60,2247,1663,61,1.332,1,2113,0,539.158,23.771,-177.688,-506.938,-46.188,-1.141,0.508,2.734,3.504,-23.512,8.328,0.470,0.588,1.174,1.312,3,NULL,NULL,,3,0,2,7,255,941,250,0,0
stim,53285,83406,0,83406,3280729.455,-0.504,0.211,-0.189,0.816,0,0,539,0,2391,2,1981,1491,61,1.332,1,2113,0,538.761,23.771,-130.563,-518.438,-66.625,-0.871,0.105,2.895,3.504,-23.512,8.328,0.558,0.676,1.174,1.312,3,NULL,NULL,,3,0,2,7,255,941,250,0,0
stim,53285,83406,0,83406,3280734.453,-0.501,0.228,-0.205,0.809,0,0,355,0,2140,0,1688,1287,61,1.332,1,2113,0,552.309,22.783,-111.375,-539.688,-37.125,-0.797,-0.359,3.078,5.965,-21.988,9.234,0.652,0.770,1.174,1.312,3,NULL,NULL,,3,0,2,7,255,941,250,0,0
stim,53285,83406,0,83406,3280739.455,-0.496,0.244,-0.223,0.803,0,0,220,0,1829,0,1259,1075,61,1.332,1,2113,0,578.294,23.879,-140.125,-560.813,16.688,-0.781,-0.605,2.813,10.285,-21.551,9.234,0.754,0.874,1.174,1.312,3,NULL,NULL,,3,0,2,7,255,941,250,0,0
stim,53285,83406,0,83406,3280744.454,-0.490,0.261,-0.240,0.796,0,0,147,0,1507,0,727,931,61,1.332,1,2113,0,588.181,23.274,-131.938,-572.625,25.500,-0.832,-0.625,2.344,12.117,-19.871,7.770,0.862,0.982,1.174,1.312,3,NULL,NULL,,3,0,2,7,255,941,250,0,0
stim,53338,83459,0,83459,3280749.455,-0.483,0.279,-0.256,0.790,0,0,105,0,1128,0,233,701,61,1.332,1,2113,0,587.944,21.695,-85.125,-580.875,31.875,-0.887,-0.305,1.992,12.117,-17.996,2.898,0.972,1.094,1.174,1.312,3,NULL,NULL,,3,0,2,7,255,941,250,0,0
stim,53338,83459,1,83459,3280754.453,-0.475,0.297,-0.270,0.783,0,0,57,0,596,0,0,547,61,1.332,1,2113,0,584.729,20.184,-43.813,-581.375,44.625,-0.824,0.211,2.004,9.141,-17.996,-1.445,1.084,1.208,1.174,1.312,3,NULL,NULL,,3,1,2,7,255,941,250,0,0
stim,53338,83459,1,83459,3280759.455,-0.463,0.316,-0.284,0.778,0,0,21,0,108,0,0,419,61,1.332,1,2113,0,600.176,20.627,1.813,-590.250,108.688,-1.332,0.305,2.172,6.289,-19.645,-2.742,1.198,1.326,1.174,1.312,3,NULL,NULL,,3,1,2,7,255,941,250,0,0
stim,53338,83459,1,83459,3280764.454,-0.449,0.333,-0.299,0.773,0,0,14,0,0,0,0,325,61,1.332,1,2113,0,629.579,24.811,-2.063,-605.125,173.750,-1.648,0.586,2.250,5.613,-24.168,-6.629,1.310,1.442,1.174,1.312,3,NULL,NULL,,3,1,2,7,255,941,250,0,0
stim,53338,83459,1,83459,3280769.455,-0.439,0.349,-0.314,0.766,0,0,5,0,0,0,0,232,61,1.332,1,2113,0,581.526,27.979,-94.563,-564.500,102.813,-1.457,1.199,2.199,5.613,-27.410,-10.402,1.424,1.560,1.174,1.312,4,NULL,NULL,,3,1,2,7,255,941,250,0,0
stim,53338,83459,1,83459,3280774.454,-0.435,0.360,-0.332,0.756,0,0,5,0,0,0,0,164,61,1.332,1,2113,0,537.242,27.413,-241.438,-479.563,18.875,-0.848,1.895,1.887,-0.387,-27.410,-11.020,1.538,1.676,1.174,1.312,0,NULL,NULL,,3,1,2,7,255,941,250,0,0
stim,53338,83459,1,83459,3280779.455,-0.433,0.361,-0.355,0.746,0,0,5,0,0,0,0,137,61,1.332,1,2113,0,584.553,27.583,-454.250,-353.938,100.438,-0.961,2.281,0.895,-9.672,-25.832,-11.715,1.650,1.792,1.174,1.312,0,NULL,NULL,,3,1,2,7,255,941,250,0,0
stim,53338,83459,1,83459,3280784.453,-0.434,0.354,-0.380,0.736,0,0,0,0,0,0,0,54,61,1.332,1,2113,0,620.288,24.317,-571.125,-206.250,126.625,-0.488,2.434,-0.648,-15.215,-18.969,-18.770,1.764,1.906,1.174,1.312,0,NULL,NULL,,3,1,2,7,255,941,250,0,0
stim,53338,83459,1,83459,3280789.455,-0.436,0.350,-0.391,0.731,0,0,0,0,0,0,0,55,61,1.332,1,2113,0,311.743,15.637,-297.188,-77.938,52.813,-0.633,0.781,-0.789,-15.215,-3.609,-20.656,1.878,2.024,1.174,1.312,0,NULL,NULL,,3,1,2,7,255,941,250,0,0
stim,53338,83459,1,83459,3280794.454,-0.434,0.350,-0.391,0.732,0,0,0,0,0,0,0,67,61,1.332,1,2113,0,48.448,6.898,25.375,1.313,41.250,-1.105,-0.949,0.586,-5.879,-3.609,-20.656,1.992,2.142,1.174,1.312,0,NULL,NULL,,3,1,2,7,255,941,250,0,0
stim,53361,83482,1,83482,3280799.455,-0.435,0.347,-0.390,0.734,0,0,0,0,0,0,0,81,61,1.332,1,2113,0,86.636,14.787,-2.500,83.438,23.188,-1.523,-1.242,1.918,13.340,-6.379,-13.895,2.104,2.254,1.174,1.312,0,NULL,NULL,,3,1,2,7,255,941,250,0,0
stim,53361,83482,1,83482,3280804.453,-0.441,0.338,-0.392,0.733,0,0,0,0,0,0,0,42,61,1.332,1,2113,0,247.897,22.580,-180.688,168.750,-18.125,-1.496,-0.164,1.504,13.340,-18.219,-13.895,2.206,2.354,1.174,1.312,0,NULL,NULL,,3,1,2,7,255,941,250,0,0
stim,53361,83482,1,83482,3280809.455,-0.450,0.327,-0.395,0.731,0,0,0,0,0,0,0,13,61,1.332,1,2113,0,329.242,20.211,-236.938,226.563,-30.500,-1.168,1.277,0.418,8.750,-18.219,-14.977,2.284,2.432,1.174,1.312,0,NULL,NULL,,3,1,2,7,255,941,250,0,0
stim,53361,83482,1,83482,3280814.454,-0.456,0.317,-0.395,0.732,0,0,0,0,0,0,0,20,61,1.332,1,2113,0,287.303,13.355,-143.813,248.625,6.813,-0.945,1.891,0.043,-6.875,-11.449,-21.203,2.344,2.490,1.174,1.312,0,NULL,NULL,,3,1,2,7,255,941,250,0,0
stim,53381,83502,1,83502,3280819.455,-0.460,0.307,-0.391,0.735,0,0,0,0,0,0,0,10,61,1.332,1,2113,0,261.070,14.353,-42.625,254.313,40.813,-1.012,1.414,0.535,-8.656,-11.449,-21.203,2.402,2.548,1.174,1.312,0,NULL,NULL,,3,1,2,7,255,941,250,0,0
stim,53381,83502,1,83502,3280824.454,-0.464,0.297,-0.388,0.739,0,0,0,0,0,0,0,8,61,1.332,1,2113,0,271.525,15.041,-55.938,260.438,52.625,-1.207,0.508,1.004,-8.656,-12.301,-19.520,2.476,2.622,1.174,1.312,0,NULL,NULL,,3,1,2,7,255,941,250,0,0
stim,53381,83502,1,83502,3280829.455,-0.469,0.285,-0.387,0.741,0,0,0,0,0,0,0,4,61,1.332,1,2113,0,298.060,12.544,-126.813,267.188,37.000,-1.133,0.152,0.824,0.480,-12.535,-15.785,2.564,2.712,1.174,1.312,0,NULL,NULL,,3,1,2,7,255,941,250,0,0
stim,53381,83502,1,83502,3280834.454,-0.475,0.272,-0.387,0.742,0,0,0,0,0,0,0,0,61,1.332,1,2113,0,317.280,12.564,-159.750,271.250,39.625,-0.840,0.262,0.105,0.855,-12.535,-15.785,2.652,2.802,1.174,1.312,0,NULL,NULL,,3,1,2,7,255,941,250,0,0
stim,53404,83526,1,83526,3280839.455,-0.479,0.260,-0.386,0.744,0,0,0,0,0,0,0,0,61,1.332,1,2113,0,298.165,5.643,-112.063,271.125,53.250,-0.691,0.508,-0.281,0.855,-5.578,-16.441,2.730,2.882,1.174,1.312,0,NULL,NULL,,3,1,2,7,255,941,250,0,0
stim,53404,83526,1,83526,3280844.453,-0.482,0.249,-0.382,0.748,0,0,0,0,0,0,0,0,61,1.332,1,2113,0,287.473,3.562,-53.500,274.313,67.313,-0.703,0.645,-0.258,-1.883,-3.023,-18.168,2.798,2.950,1.174,1.312,0,NULL,NULL,,3,1,2,7,255,941,250,0,0
stim,53434,83555,1,83555,3280849.455,-0.486,0.239,-0.377,0.751,0,0,0,0,0,0,0,0,61,1.332,1,2113,0,291.329,3.753,-21.750,285.500,53.750,-0.777,0.594,-0.004,-2.223,-3.023,-18.168,2.860,3.012,1.174,1.312,0,NULL,NULL,,3,1,2,7,255,941,250,0,0
stim,53434,83555,1,83555,3280854.453,-0.490,0.228,-0.372,0.755,0,0,0,0,0,0,0,0,61,1.332,1,2113,0,300.925,5.195,-13.688,298.313,37.125,-0.605,0.406,0.051,-2.223,-4.695,-17.402,2.918,3.072,1.174,1.312,0,NULL,NULL,,3,1,2,7,255,941,250,0,0
stim,53434,83555,1,83555,3280859.455,-0.494,0.217,-0.365,0.759,0,0,0,0,0,0,0,0,61,1.332,1,2113,0,316.427,4.859,3.438,311.938,53.000,-0.414,0.258,-0.016,-1.250,-4.695,-15.141,2.970,3.124,1.174,1.312,0,NULL,NULL,,3,1,2,7,255,941,250,0,0
stim,53434,83555,1,83555,3280864.454,-0.496,0.206,-0.358,0.764,0,0,0,0,0,0,0,0,61,1.332,1,2113,0,336.753,4.177,36.063,323.500,86.313,-0.461,0.258,0.098,-0.656,-4.125,-13.629,3.008,3.162,1.174,1.312,0,NULL,NULL,,3,1,2,7,255,941,250,0,0
stim,53434,83555,1,83555,3280869.455,-0.498,0.195,-0.349,0.769,0,0,0,0,0,0,0,0,61,1.332,1,2113,0,350.332,4.177,55.625,334.125,89.438,-0.688,0.398,0.367,-0.656,-4.125,-13.188,3.034,3.190,1.174,1.312,0,NULL,NULL,,3,1,2,7,255,941,250,0,0
stim,53434,83555,1,83555,3280874.454,-0.501,0.183,-0.340,0.774,0,0,0,0,0,0,0,0,61,1.332,1,2113,0,355.142,7.966,56.688,344.813,63.375,-0.719,0.418,0.551,-0.977,-7.906,-13.141,3.058,3.214,1.174,1.312,0,NULL,NULL,,3,1,2,7,255,941,250,0,0
stim,53434,83555,1,83555,3280879.455,-0.505,0.172,-0.331,0.779,0,0,0,0,0,0,0,0,61,1.332,1,2113,0,362.973,8.922,54.000,356.063,45.313,-0.570,0.359,0.605,-1.207,-8.840,-11.992,3.084,3.242,1.174,1.312,0,NULL,NULL,,3,1,2,7,255,941,250,0,0
stim,53434,83555,1,83555,3280884.454,-0.508,0.160,-0.321,0.783,0,0,0,0,0,0,0,0,61,1.332,1,2113,0,373.036,8.952,58.000,365.688,45.438,-0.477,0.340,0.637,-1.410,-8.840,-10.258,3.112,3.272,1.174,1.312,0,NULL,NULL,,3,1,2,7,255,941,250,0,0
stim,53434,83555,1,83555,3280889.455,-0.512,0.148,-0.311,0.787,0,0,0,0,0,0,0,0,61,1.332,1,2113,0,382.026,9.005,66.563,373.188,47.375,-0.508,0.340,0.742,-1.719,-8.840,-9.152,3.148,3.308,1.174,1.312,0,NULL,NULL,,3,1,2,7,255,941,250,0,0
stim,53434,83555,1,83555,3280894.453,-0.516,0.136,-0.300,0.791,0,0,0,0,0,0,0,0,61,1.332,1,2113,0,388.774,9.378,67.875,380.875,38.375,-0.531,0.375,0.852,-1.723,-9.219,-8.289,3.186,3.346,1.174,1.312,0,NULL,NULL,,3,1,2,7,255,941,250,0,0
stim,53464,83585,1,83585,3280899.455,-0.520,0.124,-0.289,0.794,0,0,0,0,0,0,0,0,61,1.332,1,2113,0,393.310,9.677,65.938,387.188,20.750,-0.449,0.340,0.879,-2.141,-9.438,-7.418,3.228,3.390,1.174,1.312,0,NULL,NULL,,3,1,2,7,255,941,250,0,0
stim,53464,83585,1,83585,3280904.454,-0.524,0.112,-0.278,0.797,0,0,0,0,0,0,0,0,61,1.332,1,2113,0,398.675,9.718,70.000,392.188,15.188,-0.355,0.324,0.910,-2.316,-9.438,-6.363,3.272,3.436,1.174,1.312,0,NULL,NULL,,3,1,2,7,255,941,250,0,0
stim,53464,83585,1,83585,3280909.455,-0.529,0.100,-0.266,0.800,0,0,0,0,0,0,0,0,61,1.332,1,2113,0,402.847,9.130,72.688,396.063,11.688,-0.285,0.352,0.941,-2.711,-8.719,-5.316,3.318,3.484,1.174,1.312,0,NULL,NULL,,3,1,2,7,255,941,250,0,0
stim,53464,83585,1,83585,3280914.453,-0.533,0.088,-0.254,0.802,0,0,0,0,0,0,0,0,61,1.332,1,2113,0,407.133,8.895,77.000,399.625,11.313,-0.258,0.332,0.945,-3.355,-8.238,-4.605,3.364,3.530,1.174,1.312,0,NULL,NULL,,3,1,2,7,255,941,250,0,0
stim,53464,83585,1,83585,3280919.455,-0.537,0.076,-0.242,0.804,0,0,0,0,0,0,0,0,61,1.332,1,2113,0,409.801,8.508,81.188,401.625,6.563,-0.191,0.305,0.910,-3.422,-7.789,-4.117,3.408,3.578,1.174,1.312,0,NULL,NULL,,3,1,2,7,255,941,250,0,0
stim,53464,83585,1,83585,3280924.454,-0.541,0.064,-0.229,0.807,0,0,0,0,0,0,0,0,61,1.332,1,2113,0,413.238,7.607,92.563,402.688,6.375,-0.109,0.273,0.879,-3.492,-6.758,-3.844,3.452,3.620,1.174,1.312,0,NULL,NULL,,3,1,2,7,255,941,250,0,0
stim,53494,83615,1,83615,3280929.455,-0.545,0.053,-0.216,0.808,0,0,0,0,0,0,0,0,61,1.332,1,2113,0,414.127,6.601,108.750,399.500,8.625,-0.078,0.227,0.883,-3.492,-5.602,-3.492,3.492,3.662,1.174,1.312,0,NULL,NULL,,3,1,2,7,255,941,250,0,0
stim,53494,83615,1,83615,3280934.454,-0.548,0.042,-0.202,0.811,0,0,0,0,0,0,0,0,61,1.332,1,2113,0,414.758,6.598,130.500,393.375,15.813,-0.082,0.328,1.023,-3.555,-5.559,-3.039,3.530,3.700,1.174,1.312,0,NULL,NULL,,3,1,2,7,255,941,250,0,0
stim,53494,83615,1,83615,3280939.455,-0.551,0.031,-0.188,0.813,0,0,0,0,0,0,0,0,61,1.332,1,2113,0,411.627,7.144,142.250,385.875,17.375,-0.098,0.324,1.184,-4.488,-5.559,-1.961,3.566,3.738,1.174,1.312,0,NULL,NULL,,3,1,2,7,255,941,250,0,0
stim,53494,83615,1,83615,3280944.453,-0.554,0.021,-0.173,0.814,0,0,0,0,0,0,0,0,61,1.332,1,2113,0,405.070,7.306,143.813,378.250,18.063,-0.063,0.324,1.285,-4.719,-5.578,-0.328,3.600,3.774,1.174,1.312,0,NULL,NULL,,3,1,2,7,255,941,250,0,0
stim,53534,83655,1,83655,3280949.455,-0.556,0.012,-0.159,0.816,0,0,0,0,0,0,0,0,61,1.332,1,2113,0,400.213,7.533,145.875,371.875,24.500,-0.027,0.359,1.336,-5.063,-5.578,0.871,3.636,3.810,1.174,1.312,0,NULL,NULL,,3,1,2,7,255,941,250,0,0
stim,53534,83655,1,83655,3280954.454,-0.558,0.002,-0.145,0.817,0,0,0,0,0,0,0,0,61,1.332,1,2113,0,397.414,7.607,153.250,365.375,30.875,-0.039,0.379,1.402,-5.625,-5.121,1.484,3.670,3.844,1.174,1.312,0,NULL,NULL,,3,1,2,7,255,941,250,0,0
stim,53534,83655,1,83655,3280959.455,-0.559,-0.007,-0.130,0.819,0,0,0,0,0,0,0,0,61,1.332,1,2113,0,395.413,7.797,163.063,358.688,33.250,-0.059,0.395,1.527,-5.887,-5.113,2.195,3.704,3.880,1.174,1.312,0,NULL,NULL,,3,1,2,7,255,941,250,0,0
stim,53534,83655,1,83655,3280964.453,-0.560,-0.016,-0.115,0.820,0,0,0,0,0,0,0,0,61,1.332,1,2113,0,393.067,7.970,170.000,352.750,34.188,-0.063,0.410,1.688,-6.172,-5.043,3.492,3.740,3.916,1.174,1.312,0,NULL,NULL,,3,1,2,7,255,941,250,0,0
stim,53534,83655,1,83655,3280969.455,-0.561,-0.024,-0.101,0.821,0,0,0,0,0,0,0,0,61,1.332,1,2113,0,388.114,8.240,171.063,346.563,35.563,-0.059,0.406,1.836,-6.547,-5.004,5.148,3.774,3.952,1.174,1.312,0,NULL,NULL,,3,1,2,7,255,941,250,0,0
stim,53534,83655,1,83655,3280974.454,-0.562,-0.032,-0.086,0.822,0,0,0,0,0,0,0,0,61,1.332,1,2113,0,381.490,8.215,169.000,339.875,38.188,-0.051,0.414,1.957,-6.773,-4.648,6.770,3.808,3.986,1.174,1.312,0,NULL,NULL,,3,1,2,7,255,941,250,0,0
stim,53553,83674,1,83674,3280979.455,-0.562,-0.040,-0.072,0.823,0,0,0,0,0,0,0,0,61,1.332,1,2113,0,375.551,8.193,167.313,333.938,39.125,-0.039,0.430,2.039,-7.047,-4.180,8.066,3.842,4.020,1.174,1.312,0,NULL,NULL,,3,1,2,7,255,941,250,0,0
stim,53553,83674,1,83674,3280984.453,-0.562,-0.048,-0.058,0.824,0,0,0,0,0,0,0,0,61,1.332,1,2113,0,372.978,8.022,169.938,330.125,35.375,-0.012,0.395,2.109,-7.164,-3.609,8.973,3.872,4.050,1.174,1.312,0,NULL,NULL,,3,1,2,7,255,941,250,0,0
stim,53553,83674,1,83674,3280989.455,-0.563,-0.056,-0.043,0.824,0,0,0,0,7,0,0,0,61,1.332,1,2113,0,373.415,7.638,173.875,329.000,31.063,0.027,0.320,2.176,-7.164,-2.648,9.816,3.902,4.080,1.174,1.312,0,NULL,NULL,,3,1,2,7,255,941,250,0,0
stim,53553,83674,1,83674,3280994.454,-0.563,-0.063,-0.029,0.823,0,0,0,0,0,0,0,0,61,1.332,1,2113,0,375.375,6.802,177.250,329.813,26.688,0.051,0.266,2.207,-6.660,-1.383,10.664,3.928,4.108,1.174,1.312,0,NULL,NULL,,3,1,2,7,255,941,250,0,0
stim,53553,83674,1,83674,3280999.455,-0.564,-0.070,-0.014,0.823,0,0,0,0,0,0,0,0,61,1.332,1,2113,0,380.854,6.232,185.688,331.938,19.688,0.051,0.211,2.242,-6.227,-0.258,11.121,3.954,4.134,1.174,1.312,0,NULL,NULL,,3,1,2,7,255,941,250,0,0
stim,53553,83674,0,83674,3281004.453,-0.565,-0.077,0.002,0.822,0,0,0,0,0,0,0,0,61,1.332,1,2113,0,390.147,5.713,201.813,333.813,7.438,0.039,0.172,2.332,-5.676,0.648,11.531,3.978,4.158,1.174,1.312,0,NULL,NULL,,3,0,2,7,255,940,250,0,0
stim,53553,83674,0,83674,3281009.455,-0.566,-0.083,0.018,0.820,0,0,0,0,0,0,0,0,61,1.332,1,2113,0,399.200,5.499,215.063,336.063,-13.063,0.117,0.133,2.484,-5.289,1.504,12.473,3.998,4.178,1.174,1.312,0,NULL,NULL,,3,0,2,7,255,940,250,0,0
stim,53553,83674,0,83674,3281014.453,-0.568,-0.090,0.033,0.818,0,0,0,0,0,0,0,0,61,1.332,1,2113,0,399.141,6.189,212.313,336.813,-28.188,0.348,0.023,2.473,-5.242,3.289,13.270,4.012,4.192,1.174,1.312,0,NULL,NULL,,3,0,2,7,255,940,250,0,0
stim,53584,83705,0,83705,3281019.455,-0.569,-0.097,0.049,0.815,0,0,0,0,0,0,0,0,61,1.332,1,2113,0,394.728,8.129,212.813,331.875,-19.500,0.590,-0.176,2.164,-4.813,6.551,13.270,4.018,4.200,1.174,1.312,0,NULL,NULL,,3,0,2,7,255,940,250,0,0
stim,53584,83705,0,83705,3281024.454,-0.570,-0.102,0.066,0.812,0,0,0,0,0,0,0,0,61,1.332,1,2113,0,409.361,10.200,250.813,323.250,-13.375,0.828,-0.313,1.977,-3.191,9.688,9.750,4.020,4.202,1.174,1.312,0,NULL,NULL,,3,0,2,7,255,940,250,0,0
stim,53584,83705,0,83705,3281029.455,-0.571,-0.106,0.085,0.809,0,0,0,0,0,0,0,0,61,1.332,1,2113,0,440.036,12.761,306.625,315.250,-15.188,1.012,-0.375,2.074,-2.223,12.566,7.168,4.014,4.198,1.174,1.312,0,NULL,NULL,,3,0,2,7,255,940,250,0,0
stim,53584,83705,0,83705,3281034.454,-0.573,-0.108,0.104,0.806,0,0,0,0,0,0,0,2,61,1.332,1,2113,0,466.303,15.333,353.000,304.563,-8.438,1.176,-0.453,2.262,-1.961,15.207,7.168,4.000,4.184,1.174,1.312,0,NULL,NULL,,3,0,2,7,255,940,250,0,0
stim,53584,83705,0,83705,3281039.455,-0.573,-0.108,0.125,0.802,0,0,0,0,0,0,0,9,61,1.332,1,2113,0,489.664,18.116,392.000,293.438,-1.000,1.344,-0.438,2.453,-1.664,18.039,7.910,3.976,4.162,1.174,1.312,0,NULL,NULL,,3,0,2,7,255,940,250,0,0
stim,53584,83705,0,83705,3281044.454,-0.574,-0.108,0.147,0.798,0,0,0,0,0,0,0,30,61,1.332,1,2113,0,502.619,20.750,413.875,285.188,1.188,1.480,-0.328,2.637,-1.664,20.684,8.551,3.942,4.128,1.174,1.312,0,NULL,NULL,,3,0,2,7,255,940,250,0,0
stim,53644,83765,0,83765,3281049.455,-0.574,-0.107,0.169,0.794,0,0,0,0,0,0,0,41,61,1.332,1,2113,0,508.618,22.902,424.938,279.500,0.688,1.512,-0.316,2.809,-2.020,22.813,9.168,3.894,4.082,1.174,1.312,0,NULL,NULL,,3,0,2,7,255,940,250,0,0
stim,53644,83765,0,83765,3281054.453,-0.574,-0.106,0.190,0.789,0,0,0,0,0,0,0,47,61,1.332,1,2113,0,504.686,24.459,424.625,272.750,-3.000,1.453,-0.363,3.090,-2.020,24.375,9.887,3.832,4.022,1.174,1.312,0,NULL,NULL,,3,0,2,7,255,940,250,0,0
stim,53644,83765,0,83765,3281059.455,-0.575,-0.105,0.211,0.784,0,0,0,0,0,0,0,53,61,1.332,1,2113,0,486.936,25.804,408.500,264.313,-19.313,1.539,-0.285,3.387,-0.625,25.797,11.715,3.756,3.946,1.174,1.312,0,NULL,NULL,,3,0,2,7,255,940,250,0,0
stim,53644,83765,0,83765,3281064.454,-0.576,-0.105,0.229,0.777,0,0,0,0,0,0,0,61,61,1.332,1,2113,0,452.310,28.339,368.813,257.000,-50.125,1.883,-0.184,3.543,-0.625,28.332,12.469,3.664,3.858,1.174,1.312,0,NULL,NULL,,3,0,2,7,255,940,250,0,0
stim,53644,83765,0,83765,3281069.455,-0.578,-0.106,0.246,0.771,0,0,0,0,0,0,0,77,61,1.332,1,2113,0,406.936,32.417,313.438,248.938,-73.375,2.355,-0.281,3.512,-1.496,32.383,12.469,3.560,3.754,1.174,1.312,0,NULL,NULL,,3,0,2,7,255,940,250,0,0
stim,53644,83765,0,83765,3281074.454,-0.579,-0.109,0.260,0.765,0,0,0,0,0,0,0,109,61,1.332,1,2113,0,353.883,37.019,250.125,239.250,-73.688,2.805,-0.438,3.309,-1.496,36.988,8.949,3.438,3.634,1.174,1.312,0,NULL,NULL,,3,0,2,7,255,940,250,0,0
stim,53644,83765,0,83765,3281079.455,-0.580,-0.112,0.271,0.760,0,0,0,0,0,0,0,161,61,1.332,1,2113,0,301.312,40.453,183.938,230.000,-63.688,3.227,-0.449,2.906,-1.496,40.426,3.816,3.300,3.498,1.174,1.312,0,NULL,NULL,,3,0,2,7,255,940,250,0,0
stim,53644,83765,0,83765,3281084.454,-0.580,-0.117,0.281,0.756,0,0,0,0,0,0,0,225,61,1.332,1,2113,0,262.191,42.142,133.438,218.750,-55.563,3.699,-0.430,2.402,-2.246,42.082,-2.504,3.146,3.344,1.174,1.312,0,NULL,NULL,,3,0,2,7,255,940,250,0,0
stim,53644,83765,0,83765,3281089.455,-0.580,-0.121,0.289,0.752,0,0,0,0,0,0,0,287,61,1.332,1,2113,0,235.010,43.384,108.750,202.625,-48.438,4.195,-0.574,1.887,-4.207,43.180,-9.789,2.976,3.174,1.174,1.312,0,NULL,NULL,,3,0,2,7,255,940,250,0,0
stim,53644,83765,0,83765,3281094.453,-0.579,-0.125,0.297,0.749,0,0,0,0,0,0,0,333,61,1.332,1,2113,0,216.617,44.675,113.875,182.625,-24.563,4.664,-0.898,1.402,-4.207,44.477,-17.652,2.792,2.990,1.174,1.312,0,NULL,NULL,,3,0,2,7,255,940,250,0,0
stim,53644,83765,0,83765,3281099.455,-0.577,-0.126,0.306,0.746,0,0,0,0,0,0,0,349,61,1.332,1,2113,0,206.104,45.872,140.375,150.125,15.375,4.766,-1.469,1.203,-3.652,45.727,-25.594,2.598,2.796,1.174,1.312,0,NULL,NULL,,3,0,2,7,255,940,250,0,0
stim,53644,83765,0,83765,3281104.454,-0.575,-0.125,0.315,0.745,0,0,0,0,0,0,0,348,61,1.332,1,2113,0,222.291,45.738,183.750,112.813,54.063,4.676,-2.059,1.020,1.012,45.727,-29.965,2.394,2.590,1.174,1.312,0,NULL,NULL,,3,0,2,7,255,940,250,0,0
stim,53688,83809,0,83809,3281109.455,-0.572,-0.118,0.326,0.744,0,0,0,0,0,0,0,301,61,1.332,1,2113,0,294.677,46.424,258.688,53.563,130.563,4.828,-2.055,1.523,6.113,46.020,-30.848,2.184,2.376,1.174,1.312,0,NULL,NULL,,3,0,2,7,255,940,250,0,0
stim,53688,83809,0,83809,3281114.453,-0.566,-0.110,0.335,0.745,0,0,0,0,0,0,0,288,61,1.332,1,2113,0,314.283,46.476,245.500,21.875,195.000,3.996,-2.086,2.109,6.270,46.051,-30.848,1.970,2.158,1.174,1.312,0,NULL,NULL,,3,0,2,7,255,940,250,0,0
stim,53688,83809,0,83809,3281119.455,-0.562,-0.100,0.344,0.746,0,0,0,0,0,0,0,329,61,1.332,1,2113,0,312.658,46.455,252.125,-29.313,182.563,2.996,-0.824,2.719,6.113,46.051,-22.582,1.752,1.934,1.174,1.312,0,NULL,NULL,,3,0,2,7,255,940,250,0,0
stim,53688,83809,0,83809,3281124.454,-0.558,-0.086,0.352,0.746,12,0,0,281,0,43,0,451,61,1.332,1,2113,0,383.058,41.432,313.375,-117.250,186.500,0.863,-0.777,5.004,9.516,40.324,-8.488,1.528,1.706,1.174,1.312,0,NULL,NULL,,3,0,2,7,255,940,250,0,0
stim,53688,83809,0,83809,3281129.455,-0.550,-0.048,0.370,0.748,631,0,0,1047,0,202,0,475,61,1.332,1,2113,0,991.825,43.121,764.875,-377.688,506.000,1.672,0.887,11.180,15.277,40.324,19.465,1.304,1.476,1.174,1.312,0,NULL,NULL,,3,0,2,7,255,940,250,0,0
stim,53688,83809,0,83809,3281134.454,-0.544,-0.053,0.351,0.761,1228,0,0,1583,0,410,0,569,61,1.332,1,2113,0,547.427,54.075,-496.625,-121.938,195.375,0.133,0.027,8.598,19.680,50.367,53.949,1.078,1.244,1.174,1.312,0,NULL,NULL,,3,0,2,7,255,940,250,0,0
stim,53688,83809,0,83809,3281139.455,-0.531,-0.076,0.300,0.789,1783,0,0,1892,0,765,0,604,61,1.332,1,2113,0,1476.937,54.075,-1428.813,-180.500,327.500,0.281,4.023,1.781,19.680,50.367,53.949,0.862,1.016,1.174,1.312,0,NULL,NULL,,3,0,2,7,255,940,250,0,0
stim,53688,83809,0,83809,3281144.453,-0.518,-0.095,0.255,0.811,2121,0,0,2046,0,1000,0,621,61,1.332,1,2113,0,1252.793,33.366,-1209.188,-164.375,283.438,-1.133,4.391,-2.645,-33.355,0.836,17.766,0.656,0.796,1.174,1.312,0,NULL,NULL,,3,0,2,7,255,940,250,0,0
stim,53735,83856,0,83856,3281149.455,-0.509,-0.101,0.232,0.823,2363,0,0,2197,0,1236,0,703,62,1.332,1,2114,0,646.927,49.737,-598.875,-123.438,211.250,-2.469,2.188,-3.984,-33.355,-36.895,-15.082,0.472,0.582,1.174,1.312,1,998.000,58.000,,3,0,2,7,255,940,250,0,0
stim,53735,83856,0,83856,3281154.454,-0.511,-0.096,0.225,0.824,2569,0,0,2417,0,1369,0,795,62,1.332,1,2114,0,203.166,38.114,-74.000,-188.813,-12.250,-2.262,-1.180,-1.281,-9.563,-36.895,-15.160,0.338,0.380,1.174,1.312,1,NULL,NULL,,3,0,2,7,255,940,250,0,0
stim,53735,83856,0,83856,3281159.455,-0.516,-0.089,0.227,0.821,2743,0,0,2631,0,1433,0,891,62,1.332,1,2114,0,222.790,19.045,154.063,-136.188,-85.750,-0.195,0.355,1.355,-1.520,-18.984,-15.160,0.304,0.232,1.174,1.312,1,NULL,NULL,,3,0,2,7,255,940,250,0,0
stim,53735,83856,0,83856,3281164.453,-0.514,-0.081,0.226,0.824,2847,0,0,2776,0,1490,0,1079,62,1.332,1,2114,0,193.112,1.606,51.688,-159.875,95.188,-0.492,1.492,2.078,-1.520,-0.520,3.609,0.340,0.184,1.174,1.312,2,NULL,NULL,,3,0,2,7,255,940,250,0,0
stim,53735,83856,0,83856,3281169.455,-0.510,-0.078,0.214,0.830,2925,0,0,2878,0,1549,0,1211,62,1.332,1,2114,0,327.859,1.606,-233.063,-188.063,133.438,-1.379,0.488,1.953,-1.520,-0.520,13.395,0.386,0.224,1.174,1.312,2,NULL,NULL,,3,0,2,7,255,940,250,0,0
stim,53735,83856,0,83856,3281174.454,-0.510,-0.079,0.197,0.833,2972,0,0,2959,0,1581,0,1333,62,1.332,1,2114,0,397.559,5.791,-343.625,-199.938,0.438,-1.836,-0.668,0.352,3.168,-4.848,13.395,0.426,0.294,1.174,1.312,2,NULL,NULL,,3,0,2,7,255,940,250,0,0
stim,53735,83856,0,83856,3281179.455,-0.515,-0.077,0.183,0.834,3004,0,0,3003,0,1621,0,1445,62,1.332,1,2114,0,348.559,15.048,-249.625,-212.875,-117.750,-1.090,-1.488,0.102,14.246,-4.848,-2.090,0.472,0.360,1.174,1.312,2,NULL,NULL,,3,0,2,7,255,940,250,0,0
stim,53735,83856,0,83856,3281184.453,-0.523,-0.074,0.172,0.832,3036,0,0,3051,0,1639,0,1482,62,1.332,1,2114,0,315.828,14.699,-145.750,-217.250,-176.938,-0.047,-1.613,0.723,14.480,-2.523,-5.875,0.530,0.418,1.174,1.312,2,NULL,NULL,,3,0,2,7,255,940,250,0,0
stim,53761,83882,0,83882,3281189.455,-0.529,-0.070,0.163,0.830,3050,0,0,3097,0,1775,0,1528,62,1.332,1,2114,0,274.057,16.759,-103.313,-205.688,-148.750,0.887,-1.430,1.125,14.480,8.438,-5.875,0.582,0.468,1.174,1.312,2,NULL,NULL,,3,0,2,7,255,940,250,0,0
stim,53761,83882,0,83882,3281194.454,-0.532,-0.066,0.155,0.830,3063,0,0,3124,0,1862,0,1546,62,1.332,1,2114,0,205.177,19.267,-95.625,-174.688,-49.375,1.535,-1.793,1.477,9.785,16.598,-4.258,0.608,0.504,1.174,1.312,2,NULL,NULL,,3,0,2,7,255,940,250,0,0
stim,53761,83882,0,83882,3281199.455,-0.529,-0.062,0.147,0.833,3089,0,0,3157,0,1931,0,1573,62,1.332,1,2114,0,214.342,26.364,-116.688,-159.000,83.938,1.484,-2.258,1.605,9.785,24.480,-2.996,0.600,0.518,1.174,1.312,2,NULL,NULL,,3,0,2,7,255,940,250,0,0
stim,53761,83882,0,83882,3281204.454,-0.521,-0.059,0.140,0.840,3095,0,0,3177,0,2026,53,1610,62,1.332,1,2114,0,305.240,26.426,-140.563,-143.125,230.063,0.758,-1.508,1.043,9.953,24.480,-2.996,0.574,0.522,1.174,1.312,2,NULL,NULL,,3,0,2,7,255,940,250,0,0
stim,53761,83882,0,83882,3281209.455,-0.511,-0.055,0.134,0.847,3095,0,0,3180,0,2105,69,1663,62,1.332,1,2114,0,328.037,18.460,-106.688,-145.313,274.063,-0.645,0.129,0.672,9.953,15.547,-1.910,0.542,0.514,1.174,1.312,2,NULL,NULL,,3,0,2,7,255,940,250,0,0
stim,53761,83882,0,83882,3281214.453,-0.507,-0.051,0.127,0.851,3111,0,0,3199,35,2231,123,1884,62,1.332,1,2114,0,213.012,4.652,-95.625,-149.500,117.813,-1.477,0.934,1.078,1.883,-4.254,-1.848,0.500,0.482,1.174,1.312,2,NULL,NULL,,3,0,2,7,255,940,250,0,0
stim,53778,83899,0,83899,3281219.455,-0.508,-0.047,0.121,0.852,3109,0,0,3208,319,2287,287,2063,62,1.332,1,2114,0,170.197,4.581,-78.875,-150.813,1.188,-0.453,0.684,1.051,-0.988,-4.473,1.957,0.454,0.428,1.174,1.312,2,NULL,NULL,,3,0,2,7,255,940,250,0,0
stim,53778,83899,0,83899,3281224.454,-0.510,-0.044,0.117,0.851,3101,0,0,3195,607,2347,252,2184,62,1.332,1,2114,0,122.497,5.188,-34.000,-98.188,-64.875,0.098,0.281,2.102,-2.629,-4.473,4.777,0.406,0.360,1.174,1.312,2,NULL,NULL,,3,0,2,7,255,940,250,0,0
stim,53778,83899,0,83899,3281229.455,-0.514,-0.044,0.114,0.849,3097,0,0,3193,895,2386,239,2249,62,1.332,1,2114,0,108.170,5.605,-43.500,-49.875,-85.563,0.953,0.617,1.414,-3.672,4.234,2.621,0.360,0.294,1.174,1.312,2,NULL,NULL,,3,0,2,7,255,940,250,0,0
stim,53778,83899,0,83899,3281234.453,-0.516,-0.042,0.113,0.848,3097,0,0,3197,1115,2411,265,2297,62,1.332,1,2114,0,74.828,10.833,-5.125,-47.000,-58.000,0.820,1.184,1.543,-9.594,5.031,4.773,0.318,0.242,1.174,1.312,2,NULL,NULL,,3,0,2,7,255,940,250,0,0
stim,53802,83923,0,83923,3281239.455,-0.518,-0.043,0.109,0.847,3093,22,0,3193,1245,2431,292,2349,62,1.332,1,2114,0,109.557,10.833,-87.563,-22.688,-61.813,0.051,0.109,2.172,-9.594,5.031,4.773,0.280,0.212,1.174,1.312,2,NULL,NULL,,3,0,2,7,255,940,250,0,0
stim,53802,83923,0,83923,3281244.454,-0.520,-0.048,0.101,0.847,3091,41,0,3194,1331,2455,297,2388,62,1.332,1,2114,0,207.058,5.138,-201.563,-9.438,-46.438,0.195,-0.711,0.859,-1.043,5.031,4.773,0.252,0.200,1.174,1.312,2,NULL,NULL,,3,0,2,7,255,940,250,0,0
stim,53831,83952,0,83952,3281249.455,-0.520,-0.050,0.096,0.847,3091,57,0,3208,1448,2467,301,2425,62,1.332,1,2114,0,136.397,6.885,-135.188,-9.500,-15.438,-0.039,-0.789,0.133,5.230,4.477,-2.570,0.234,0.190,1.174,1.312,2,NULL,NULL,,3,0,2,7,255,940,250,0,0
stim,53831,83952,0,83952,3281254.453,-0.522,-0.050,0.095,0.846,3101,108,0,3197,1531,2475,309,2447,62,1.332,1,2114,0,45.935,6.206,-13.438,-14.750,-41.375,-0.336,-0.387,0.523,5.230,3.340,-4.457,0.232,0.178,1.174,1.312,2,NULL,NULL,,3,0,2,7,255,940,250,0,0
stim,53831,83952,0,83952,3281259.455,-0.524,-0.049,0.095,0.845,3087,110,0,3194,1596,2489,303,2453,62,1.332,1,2114,0,83.182,4.822,24.313,-15.625,-78.000,-0.090,0.066,1.137,4.695,1.098,-4.457,0.242,0.158,1.174,1.312,2,NULL,NULL,,3,0,2,7,255,940,250,0,0
stim,53831,83952,0,83952,3281264.453,-0.527,-0.049,0.094,0.843,3087,133,0,3193,1635,2494,303,2462,62,1.332,1,2114,0,67.280,1.176,-15.750,-10.500,-64.563,0.117,0.160,1.289,-0.422,1.098,1.309,0.262,0.134,1.174,1.312,2,NULL,NULL,,3,0,2,7,255,940,250,0,0
stim,53831,83952,0,83952,3281269.455,-0.528,-0.051,0.091,0.843,3083,142,0,3193,1683,2504,300,2473,62,1.332,1,2114,0,67.237,2.618,-57.375,-4.625,-34.750,0.047,-0.008,1.160,-0.434,2.582,1.309,0.286,0.112,1.174,1.312,2,NULL,NULL,,3,0,2,7,255,940,250,0,0
stim,53831,83952,0,83952,3281274.454,-0.529,-0.052,0.089,0.842,3087,166,0,3191,1733,2507,297,2483,62,1.332,1,2114,0,67.962,2.618,-62.875,-1.563,-25.750,-0.145,-0.074,0.941,-0.434,2.582,1.234,0.304,0.096,1.174,1.312,2,NULL,NULL,,3,0,2,7,255,940,250,0,0
stim,53860,83981,0,83981,3281279.455,-0.530,-0.053,0.087,0.842,3087,173,0,3191,1763,2511,299,2501,62,1.332,1,2114,0,57.183,1.181,-41.125,-1.875,-39.688,-0.199,-0.039,0.852,0.879,0.789,-0.559,0.318,0.082,1.174,1.312,2,NULL,NULL,,3,0,2,7,255,940,250,0,0
stim,53860,83981,0,83981,3281284.453,-0.532,-0.054,0.086,0.841,3083,181,0,3187,1791,2514,293,2492,62,1.332,1,2114,0,54.261,1.181,-21.063,-2.625,-49.938,-0.082,-0.078,0.934,0.879,0.789,-0.738,0.332,0.072,1.174,1.312,2,NULL,NULL,,3,0,2,7,255,940,250,0,0
stim,53860,83981,0,83981,3281289.455,-0.533,-0.054,0.085,0.840,3080,175,75,3183,1819,2515,288,2493,62,1.332,1,2114,0,41.913,1.449,-14.750,-1.875,-39.188,0.055,-0.113,0.992,0.676,1.281,-0.738,0.344,0.062,1.174,1.312,2,NULL,NULL,,3,0,2,7,255,940,250,0,0
stim,53860,83981,0,83981,3281294.454,-0.534,-0.054,0.084,0.839,3080,188,93,3183,1840,2515,275,2493,62,1.332,1,2114,0,22.264,2.561,-15.375,-1.813,-16.000,0.059,-0.059,0.992,0.391,2.531,-0.422,0.352,0.052,1.174,1.312,2,NULL,NULL,,3,0,2,7,255,940,250,0,0
stim,53860,83981,0,83981,3281299.455,-0.534,-0.055,0.084,0.840,3092,197,122,3189,1861,2517,251,2503,62,1.332,1,2114,0,13.313,2.533,-13.250,-0.500,-1.188,-0.043,-0.004,0.973,-0.102,2.531,-0.391,0.354,0.048,1.174,1.312,2,NULL,NULL,,3,0,2,7,255,940,250,0,0
stim,53860,83981,0,83981,3281304.453,-0.534,-0.055,0.083,0.840,3084,183,151,3181,1869,2489,247,2493,62,1.332,1,2114,0,7.224,1.355,-7.188,0.375,-0.625,-0.121,0.008,0.973,-0.102,1.352,-0.387,0.354,0.048,1.174,1.312,2,NULL,NULL,,3,0,2,7,255,940,250,0,0
stim,53860,83981,0,83981,3281309.455,-0.534,-0.055,0.083,0.839,3081,173,188,3186,1875,2521,247,2503,62,1.332,1,2114,0,4.989,0.640,-1.313,0.063,-4.813,-0.129,0.027,0.988,-0.094,0.633,-0.219,0.358,0.046,1.174,1.312,2,NULL,NULL,,3,0,2,7,255,940,250,0,0
stim,53884,84005,0,84005,3281314.454,-0.534,-0.055,0.083,0.839,3079,169,206,3179,1880,2507,239,2511,62,1.436,1,2114,1,5.587,0.640,2.813,-0.375,-4.813,-0.105,0.043,1.012,-0.094,0.633,-0.074,0.000,0.000,1.237,1.350,2,NULL,NULL,,3,0,2,7,255,940,250,0,0
stim,53884,84005,0,84005,3281319.455,-0.535,-0.054,0.083,0.839,3064,168,207,3173,1890,2518,233,2495,62,1.436,1,2114,1,3.906,0.707,3.625,-0.625,-1.313,-0.109,0.066,1.035,-0.352,0.613,0.148,0.006,0.004,1.237,1.350,2,NULL,NULL,,3,0,2,7,255,940,250,0,0
stim,53884,84005,0,84005,3281324.454,-0.534,-0.054,0.083,0.839,3065,165,219,3171,1889,2505,219,2496,62,1.436,1,2114,1,2.602,0.822,2.375,-0.938,0.500,-0.133,0.094,1.031,-0.547,0.613,0.379,0.010,0.006,1.237,1.350,2,NULL,NULL,,3,0,2,7,255,940,250,0,0
stim,53884,84005,0,84005,3281329.455,-0.534,-0.054,0.083,0.839,3051,149,231,3160,1883,2496,213,2501,62,1.436,1,2114,1,2.356,0.645,1.813,-1.500,-0.125,-0.141,0.086,1.020,-0.582,0.277,0.379,0.012,0.006,1.237,1.350,2,NULL,NULL,,3,0,2,7,255,940,250,0,0
stim,53884,84005,0,84005,3281334.453,-0.534,-0.054,0.083,0.839,3044,143,243,3159,1885,2495,213,2493,62,1.436,1,2114,1,3.345,0.645,2.188,-2.375,0.875,-0.133,0.055,1.004,-0.582,0.277,0.293,0.014,0.008,1.237,1.350,2,NULL,NULL,,3,0,2,7,255,940,250,0,0
stim,53884,84005,0,84005,3281339.455,-0.534,-0.054,0.083,0.839,3046,137,262,3141,1883,2485,212,2503,62,1.436,1,2114,1,6.688,0.478,3.688,-3.688,4.188,-0.137,0.047,0.988,-0.324,0.352,0.133,0.014,0.008,1.237,1.350,2,NULL,NULL,,3,0,2,7,255,940,250,0,0
stim,53884,84005,0,84005,3281344.454,-0.534,-0.053,0.084,0.840,3033,139,275,3141,1885,2487,218,2501,62,1.436,1,2114,1,10.322,0.476,5.938,-4.813,6.938,-0.148,0.066,0.984,-0.320,0.352,-0.023,0.016,0.008,1.237,1.350,2,NULL,NULL,,3,0,2,7,255,940,250,0,0
stim,53939,84060,0,84060,3281349.455,-0.534,-0.053,0.084,0.840,3019,132,288,3139,1897,2482,223,2495,62,1.436,1,2114,1,12.772,0.358,7.750,-6.250,8.000,-0.160,0.094,0.996,-0.320,0.160,-0.023,0.016,0.008,1.237,1.350,2,NULL,NULL,,3,0,2,7,255,940,250,0,0
stim,53939,84060,0,84060,3281354.453,-0.534,-0.052,0.084,0.840,3014,125,303,3125,1897,2473,221,2501,62,1.436,1,2114,1,13.173,0.510,7.625,-7.438,7.750,-0.164,0.105,1.008,-0.508,-0.051,0.102,0.018,0.008,1.237,1.350,2,NULL,NULL,,3,0,2,7,255,940,250,0,0
stim,53939,84060,0,84060,3281359.455,-0.533,-0.052,0.084,0.840,2995,131,325,3099,1912,2473,229,2507,62,1.436,1,2114,1,13.646,0.517,6.750,-8.813,7.938,-0.168,0.098,1.000,-0.508,-0.098,0.160,0.020,0.010,1.237,1.350,2,NULL,NULL,,3,0,2,7,255,940,250,0,0
stim,53939,84060,0,84060,3281364.454,-0.533,-0.051,0.084,0.840,2985,119,373,3091,1939,2463,247,2521,62,1.436,1,2114,1,15.773,0.509,6.875,-10.875,9.125,-0.191,0.094,0.984,-0.496,-0.113,0.160,0.022,0.012,1.237,1.350,2,NULL,NULL,,3,0,2,7,255,940,250,0,0
stim,53939,84060,0,84060,3281369.455,-0.533,-0.050,0.084,0.841,2957,125,409,3077,1977,2461,278,2523,62,1.436,1,2114,1,17.427,0.608,9.063,-13.000,7.250,-0.230,0.129,0.988,-0.496,-0.352,0.160,0.024,0.012,1.237,1.350,2,NULL,NULL,,3,0,2,7,255,940,250,0,0
stim,53939,84060,0,84060,3281374.454,-0.533,-0.050,0.084,0.841,2949,125,471,3063,2009,2459,300,2540,62,1.436,1,2114,1,17.908,0.957,10.063,-14.813,0.188,-0.234,0.184,1.012,-0.500,-0.816,0.184,0.024,0.014,1.237,1.350,2,NULL,NULL,,3,0,2,7,255,940,250,0,0
stim,53939,84060,0,84060,3281379.455,-0.533,-0.049,0.085,0.840,2917,135,531,3043,2026,2468,331,2567,62,1.436,1,2114,1,19.640,1.267,9.063,-16.313,-6.125,-0.195,0.195,1.023,-0.969,-0.816,0.426,0.026,0.014,1.237,1.350,2,NULL,NULL,,3,0,2,7,255,940,250,0,0
stim,53939,84060,0,84060,3281384.453,-0.533,-0.048,0.084,0.840,2897,138,605,3016,2067,2463,361,2573,62,1.436,1,2114,1,19.700,1.265,5.813,-17.688,-6.438,-0.180,0.168,1.023,-1.004,-0.770,0.465,0.026,0.016,1.237,1.350,2,NULL,NULL,,3,0,2,7,255,940,250,0,0
stim,53939,84060,0,84060,3281389.455,-0.534,-0.047,0.084,0.840,2863,146,696,3001,2115,2463,397,2588,62,1.436,1,2114,1,20.587,1.193,2.625,-18.813,-7.938,-0.199,0.148,1.012,-1.004,-0.645,0.465,0.026,0.016,1.237,1.350,2,NULL,NULL,,3,0,2,7,255,940,250,0,0
stim,53939,84060,0,84060,3281394.454,-0.534,-0.046,0.084,0.840,2840,160,755,2985,2165,2475,457,2617,62,1.436,1,2114,1,25.010,0.983,2.188,-19.750,-15.188,-0.207,0.133,0.988,-0.742,-0.645,0.367,0.028,0.018,1.237,1.350,2,NULL,NULL,,3,0,2,7,255,940,250,0,0
stim,53960,84081,0,84081,3281399.455,-0.535,-0.046,0.083,0.839,2791,169,851,2956,2217,2479,533,2629,62,1.436,1,2114,1,30.048,0.931,4.563,-20.813,-21.188,-0.180,0.133,0.988,-0.672,-0.645,0.145,0.030,0.022,1.237,1.350,2,NULL,NULL,,3,0,2,7,255,940,250,0,0
stim,53960,84081,0,84081,3281404.453,-0.536,-0.045,0.083,0.839,2763,185,975,2931,2286,2482,596,2651,62,1.436,1,2114,1,32.125,0.810,5.125,-21.500,-23.313,-0.121,0.160,1.027,-0.672,-0.453,0.145,0.034,0.026,1.237,1.350,2,NULL,NULL,,3,0,2,7,255,940,250,0,0
stim,53960,84081,0,84081,3281409.455,-0.537,-0.044,0.083,0.839,2717,200,1093,2897,2326,2473,657,2653,62,1.436,1,2114,1,27.800,1.031,-2.438,-20.938,-18.125,-0.125,0.148,1.078,-1.031,0.000,0.395,0.036,0.030,1.237,1.350,2,NULL,NULL,,3,0,2,7,255,940,250,0,0
stim,53960,84081,0,84081,3281414.454,-0.538,-0.043,0.082,0.838,2675,227,1205,2871,2391,2485,797,2678,62,1.436,1,2114,1,33.522,1.035,-6.563,-21.125,-25.188,-0.273,0.219,1.000,-1.035,0.000,0.414,0.038,0.032,1.237,1.350,2,NULL,NULL,,3,0,2,7,255,940,250,0,0
stim,53981,84102,0,84102,3281419.455,-0.539,-0.043,0.081,0.837,2605,244,1353,2854,2443,2485,927,2701,62,1.436,1,2114,1,52.213,1.691,-6.250,-22.000,-46.938,-0.254,0.191,1.027,-1.031,-1.340,0.609,0.042,0.036,1.237,1.350,2,NULL,NULL,,3,0,2,7,255,940,250,0,0
stim,53981,84102,0,84102,3281424.454,-0.542,-0.042,0.080,0.836,2541,252,1472,2824,2489,2499,1079,2717,62,1.436,1,2114,1,64.422,1.691,-10.500,-22.188,-59.563,-0.156,0.160,1.074,-1.031,-1.340,0.609,0.044,0.038,1.237,1.350,2,NULL,NULL,,3,0,2,7,255,940,250,0,0
stim,53981,84102,0,84102,3281429.455,-0.544,-0.042,0.079,0.834,2470,264,1653,2794,2527,2495,1205,2729,62,1.436,1,2114,1,68.942,1.078,-24.063,-21.813,-60.813,-0.125,0.188,1.121,-1.031,-0.313,0.883,0.048,0.040,1.237,1.350,2,NULL,NULL,,3,0,2,7,255,940,250,0,0
stim,53981,84102,0,84102,3281434.454,-0.546,-0.042,0.077,0.833,2395,267,1789,2751,2573,2491,1342,2747,62,1.436,1,2114,0,77.557,1.442,-41.125,-21.000,-62.313,-0.125,0.203,1.082,-1.422,-0.242,0.953,0.048,0.042,1.237,1.350,2,NULL,NULL,,3,0,2,7,255,940,250,0,0
stim,54010,84131,0,84131,3281439.455,-0.548,-0.043,0.074,0.832,2311,275,1897,2723,2611,2493,1469,2761,62,1.436,1,2114,0,86.125,1.425,-54.000,-19.938,-64.063,-0.098,0.086,1.074,-1.422,-0.102,0.953,0.048,0.044,1.237,1.350,2,NULL,NULL,,3,0,2,7,255,940,250,0,0
stim,54010,84131,0,84131,3281444.453,-0.551,-0.044,0.071,0.831,2217,293,2023,2677,2648,2501,1627,2775,62,1.436,1,2114,0,94.580,0.801,-66.375,-19.688,-64.438,-0.152,-0.059,1.035,-0.703,0.383,0.777,0.046,0.046,1.237,1.350,2,NULL,NULL,,3,0,2,7,255,940,250,0,0
stim,54034,84155,0,84155,3281449.455,-0.553,-0.045,0.067,0.829,2109,309,2169,2619,2684,2507,1716,2793,62,1.436,1,2114,0,107.883,0.897,-78.875,-21.563,-70.375,-0.133,-0.160,1.055,0.789,0.426,0.539,0.046,0.046,1.237,1.350,2,NULL,NULL,,3,0,2,7,255,940,250,0,0
stim,54034,84155,0,84155,3281454.454,-0.556,-0.047,0.063,0.828,1999,311,2283,2579,2722,2507,1823,2805,62,1.436,1,2114,0,114.637,1.128,-87.188,-21.938,-71.125,-0.145,-0.105,0.988,1.043,0.430,0.422,0.044,0.046,1.237,1.350,2,NULL,NULL,,3,0,2,7,255,940,250,0,0
stim,54034,84155,0,84155,3281459.455,-0.558,-0.048,0.059,0.826,1891,310,2395,2523,2759,2495,1941,2824,62,1.436,1,2114,0,111.207,1.128,-82.375,-23.625,-70.875,-0.109,-0.016,0.867,1.043,0.430,-0.027,0.040,0.046,1.237,1.350,2,NULL,NULL,,3,0,2,7,255,940,250,0,0
stim,54034,84155,0,84155,3281464.454,-0.561,-0.049,0.056,0.825,1778,312,2480,2457,2781,2503,2023,2836,62,1.436,1,2114,0,102.911,0.219,-64.750,-24.750,-76.063,-0.199,0.023,0.902,0.090,0.199,-0.773,0.038,0.044,1.237,1.350,2,NULL,NULL,,3,0,2,7,255,940,250,0,0
stim,54034,84155,0,84155,3281469.455,-0.564,-0.049,0.053,0.823,1619,311,2567,2379,2814,2504,2121,2853,62,1.436,1,2114,0,105.053,0.090,-57.250,-29.313,-83.063,-0.156,-0.055,0.996,0.090,0.000,-0.773,0.036,0.044,1.237,1.350,2,NULL,NULL,,3,0,2,7,255,940,250,0,0
stim,54034,84155,0,84155,3281474.454,-0.566,-0.050,0.050,0.821,1417,300,2621,2281,2835,2503,2219,2860,62,1.436,1,2114,0,104.422,0.262,-54.625,-29.750,-83.875,-0.133,-0.047,1.008,0.262,0.000,0.063,0.036,0.044,1.237,1.350,2,NULL,NULL,,3,0,2,7,255,940,250,0,0
stim,54034,84155,0,84155,3281479.455,-0.569,-0.050,0.047,0.819,1223,271,2667,2183,2848,2491,2297,2873,62,1.436,1,2114,0,103.310,0.307,-52.000,-34.250,-82.438,-0.063,-0.070,0.996,0.262,0.160,0.063,0.036,0.044,1.237,1.350,2,NULL,NULL,,3,0,2,7,255,940,250,0,0
stim,54034,84155,0,84155,3281484.454,-0.572,-0.050,0.044,0.818,1067,267,2707,2059,2863,2439,2359,2875,62,1.436,1,2114,0,90.404,0.860,-52.313,-34.688,-65.063,0.031,-0.066,1.105,0.203,0.836,0.156,0.036,0.044,1.237,1.350,2,NULL,NULL,,3,0,2,7,255,940,250,0,0
stim,54034,84155,0,84155,3281489.455,-0.573,-0.050,0.041,0.817,841,243,2746,1892,2893,2485,2439,2887,62,1.436,1,2114,0,77.536,1.174,-53.625,-32.563,-45.563,-0.008,-0.047,1.016,-0.242,1.148,0.090,0.036,0.042,1.237,1.350,2,NULL,NULL,,3,0,2,7,255,940,250,0,0
stim,54034,84155,0,84155,3281494.453,-0.574,-0.050,0.038,0.816,601,203,2803,1675,2909,2475,2495,2905,62,1.436,1,2114,0,69.017,1.181,-46.750,-37.250,-34.500,-0.098,0.008,1.035,-0.273,1.148,0.367,0.036,0.042,1.237,1.350,2,NULL,NULL,,3,0,2,7,255,940,250,0,0
stim,54064,84185,0,84185,3281499.455,-0.575,-0.050,0.036,0.816,381,163,2829,1413,2923,2456,2552,2909,62,1.436,1,2114,0,63.982,0.541,-42.125,-37.063,-30.750,-0.090,-0.012,1.098,-0.449,0.301,0.367,0.038,0.044,1.237,1.350,2,NULL,NULL,,3,0,2,7,255,940,250,0,0
stim,54064,84185,0,84185,3281504.454,-0.576,-0.049,0.033,0.815,225,71,2861,1161,2951,2445,2591,2925,62,1.436,1,2114,0,68.673,0.531,-46.313,-41.063,-29.750,-0.098,0.000,1.094,-0.512,0.141,0.945,0.040,0.044,1.237,1.350,2,NULL,NULL,,3,0,2,7,255,940,250,0,0
stim,54064,84185,0,84185,3281509.455,-0.577,-0.048,0.030,0.815,80,59,2870,880,2957,2425,2637,2931,62,1.436,1,2114,0,69.345,0.628,-43.563,-45.813,-28.500,-0.047,0.027,1.004,-0.551,0.301,0.945,0.040,0.046,1.237,1.350,2,NULL,NULL,,3,0,2,7,255,940,250,0,0
stim,54064,84185,0,84185,3281514.453,-0.578,-0.048,0.028,0.814,21,31,2903,619,2981,2401,2675,2933,62,1.436,1,2114,0,63.980,0.946,-32.063,-46.125,-30.625,-0.035,0.090,1.027,-0.918,0.227,0.176,0.042,0.046,1.237,1.350,2,NULL,NULL,,3,0,2,7,255,940,250,0,0
stim,54064,84185,0,84185,3281519.455,-0.579,-0.046,0.025,0.814,0,1,2911,425,2986,2363,2703,2951,62,1.436,1,2114,0,66.157,1.582,-38.250,-48.625,-23.438,0.074,0.082,1.121,-1.543,0.348,0.176,0.044,0.048,1.237,1.350,2,NULL,NULL,,3,0,2,7,255,940,250,0,0
stim,54064,84185,0,84185,3281524.454,-0.580,-0.045,0.023,0.813,0,0,2926,356,3007,2349,2735,2961,62,1.436,1,2114,0,62.011,1.560,-23.063,-54.938,-17.188,-0.199,0.086,0.984,-1.543,0.227,0.176,0.046,0.050,1.237,1.350,2,NULL,NULL,,3,0,2,7,255,940,250,0,0
stim,54094,84215,0,84215,3281529.455,-0.580,-0.042,0.023,0.813,0,0,2935,335,3016,2331,2780,2963,62,1.436,1,2114,0,75.247,1.706,33.125,-67.500,-2.938,-0.430,-0.117,1.383,-0.988,-1.391,0.992,0.048,0.054,1.237,1.350,2,NULL,NULL,,3,0,2,7,255,940,250,0,0
stim,54094,84215,0,84215,3281534.453,-0.579,-0.037,0.024,0.814,0,0,2954,297,3034,2299,2797,2973,62,1.436,1,2114,0,116.518,2.971,74.875,-85.500,25.688,-0.598,-0.160,1.910,1.391,-2.625,4.113,0.048,0.064,1.237,1.350,2,NULL,NULL,,3,0,2,7,255,940,250,0,0
stim,54094,84215,0,84215,3281539.455,-0.579,-0.035,0.020,0.814,0,0,2954,249,3037,2269,2825,2967,62,1.436,1,2114,0,93.012,2.974,-29.188,-87.688,-10.500,-0.277,-0.184,1.758,1.398,-2.625,7.648,0.050,0.076,1.237,1.350,2,NULL,NULL,,3,0,2,7,255,940,250,0,0
stim,54094,84215,0,84215,3281544.454,-0.580,-0.035,0.014,0.814,0,0,2971,181,3050,2218,2855,2975,62,1.436,1,2114,0,134.804,2.191,-103.375,-81.625,-28.688,-0.031,-0.297,1.113,1.996,-0.902,7.648,0.054,0.088,1.237,1.350,2,NULL,NULL,,3,0,2,7,255,940,250,0,0
stim,54132,84253,0,84253,3281549.455,-0.579,-0.033,0.010,0.814,0,0,2971,139,3052,2167,2875,2982,62,1.436,1,2114,0,110.550,1.399,-57.563,-92.563,18.438,-0.082,-0.117,0.910,1.398,-0.031,1.215,0.064,0.098,1.237,1.350,2,NULL,NULL,,3,0,2,7,255,940,250,0,0
stim,54132,84253,0,84253,3281554.453,-0.578,-0.030,0.007,0.815,0,0,2973,108,3065,2095,2891,2979,62,1.436,1,2114,0,103.261,0.610,-2.813,-99.813,26.313,-0.270,0.148,1.020,0.609,-0.031,0.211,0.074,0.108,1.237,1.350,2,NULL,NULL,,3,0,2,7,255,940,250,0,0
stim,54132,84253,0,84253,3281559.455,-0.578,-0.026,0.006,0.816,0,0,2970,21,3061,2001,2897,2972,62,1.436,1,2114,0,108.442,2.975,19.688,-106.625,1.813,-0.277,0.148,1.199,-1.301,-2.676,0.211,0.082,0.116,1.237,1.350,3,NULL,NULL,,3,0,2,7,255,940,250,0,0
stim,54132,84253,0,84253,3281564.453,-0.578,-0.021,0.004,0.816,0,0,2975,5,3080,1907,2917,2981,62,1.436,1,2114,0,116.903,2.975,25.000,-114.188,1.625,-0.223,0.063,1.465,-1.301,-2.676,1.973,0.092,0.128,1.237,1.350,3,NULL,NULL,,3,0,2,7,255,940,250,0,0
stim,54132,84253,0,84253,3281569.455,-0.577,-0.017,0.001,0.816,0,0,2969,0,3087,1779,2929,2979,62,1.436,1,2114,0,121.719,2.173,5.313,-120.563,15.875,-0.191,-0.004,1.582,-0.781,-2.027,4.590,0.098,0.142,1.237,1.350,3,NULL,NULL,,3,0,2,7,255,940,250,0,0
stim,54132,84253,0,84253,3281574.454,-0.576,-0.013,-0.003,0.817,0,0,2964,0,3083,1647,2928,2965,62,1.436,1,2114,0,130.726,1.866,-23.188,-126.063,25.688,-0.203,-0.023,1.484,-0.285,-1.844,4.785,0.104,0.154,1.237,1.350,3,NULL,NULL,,3,0,2,7,255,940,250,0,0
stim,54164,84285,0,84285,3281579.455,-0.575,-0.009,-0.008,0.818,0,0,2943,0,3087,1477,2952,2965,62,1.436,1,2114,0,143.306,1.844,-44.125,-132.625,31.625,-0.199,-0.020,1.395,0.000,-1.844,4.785,0.108,0.166,1.237,1.350,3,NULL,NULL,,3,0,2,7,255,940,250,0,0
stim,54164,84285,0,84285,3281584.453,-0.574,-0.006,-0.012,0.819,0,0,2935,0,3091,1291,2944,2954,62,1.436,1,2114,0,149.757,1.977,-47.250,-138.313,32.625,-0.262,-0.039,1.223,0.008,-1.977,3.852,0.112,0.178,1.237,1.350,3,NULL,NULL,,3,0,2,7,255,940,250,0,0
stim,54164,84285,0,84285,3281589.455,-0.572,-0.001,-0.017,0.820,0,0,2923,0,3097,1075,2959,2928,62,1.436,1,2114,0,151.979,2.660,-31.875,-146.125,27.000,-0.297,-0.141,1.090,0.496,-2.613,2.148,0.118,0.192,1.237,1.350,3,NULL,NULL,,3,0,2,7,255,940,250,0,0
stim,54164,84285,0,84285,3281594.454,-0.571,0.004,-0.021,0.820,0,0,2917,0,3097,847,2981,2911,62,1.436,1,2114,0,156.571,3.098,-11.438,-154.875,19.938,-0.289,-0.219,1.145,1.664,-2.613,1.426,0.128,0.208,1.237,1.350,3,NULL,NULL,,3,0,2,7,255,940,250,0,0
stim,54164,84285,0,84285,3281599.455,-0.570,0.010,-0.026,0.821,0,0,2889,0,3109,627,2982,2906,62,1.436,1,2114,0,163.639,3.457,-1.938,-162.813,16.313,-0.250,-0.246,1.207,2.371,-2.516,1.426,0.140,0.224,1.237,1.350,3,NULL,NULL,,3,0,2,7,255,940,250,0,0
stim,54164,84285,0,84285,3281604.453,-0.569,0.015,-0.030,0.821,0,0,2864,0,3099,467,2991,2877,62,1.436,1,2114,0,171.689,3.290,-4.438,-170.750,17.375,-0.191,-0.215,1.207,2.371,-2.281,1.992,0.152,0.244,1.237,1.350,3,NULL,NULL,,3,0,2,7,255,940,250,0,0
stim,54165,84286,0,84286,3281609.455,-0.568,0.021,-0.034,0.822,0,0,2841,0,3100,295,2999,2867,62,1.436,1,2114,0,178.632,3.096,-5.438,-177.250,21.500,-0.191,-0.164,1.207,2.094,-2.281,1.992,0.168,0.262,1.237,1.350,3,NULL,NULL,,3,0,2,7,255,940,250,0,0
stim,54165,84286,0,84286,3281614.454,-0.567,0.027,-0.039,0.823,0,0,2808,0,3103,157,3013,2835,62,1.436,1,2114,0,186.346,2.722,-3.188,-184.625,25.063,-0.145,-0.137,1.199,1.676,-2.145,1.914,0.186,0.282,1.237,1.350,3,NULL,NULL,,3,0,2,7,255,940,250,0,0
stim,54184,84305,0,84305,3281619.455,-0.565,0.034,-0.043,0.823,0,0,2765,0,3103,100,3027,2791,62,1.436,1,2114,0,194.239,2.671,5.250,-191.875,29.750,-0.180,-0.086,1.176,1.336,-2.313,1.832,0.208,0.304,1.237,1.350,3,NULL,NULL,,3,0,2,7,255,940,250,0,0
stim,54184,84305,0,84305,3281624.454,-0.563,0.042,-0.048,0.824,0,0,2710,0,3097,36,3013,2759,62,1.436,1,2114,0,203.932,2.976,20.000,-200.875,28.938,-0.195,0.023,1.234,1.059,-2.781,1.832,0.236,0.332,1.237,1.350,3,NULL,NULL,,3,0,2,7,255,940,250,0,0
stim,54184,84305,0,84305,3281629.455,-0.561,0.050,-0.052,0.824,0,0,2645,0,3096,0,3022,2699,62,1.436,1,2114,0,216.837,3.552,32.500,-212.125,31.063,-0.160,0.160,1.395,0.199,-3.547,1.922,0.272,0.368,1.237,1.350,3,NULL,NULL,,3,0,2,7,255,940,250,0,0
stim,54184,84305,0,84305,3281634.454,-0.559,0.059,-0.056,0.825,0,0,2551,0,3091,5,3019,2646,62,1.436,1,2114,0,230.535,4.280,43.625,-223.125,38.188,-0.121,0.316,1.676,-1.055,-4.148,3.371,0.316,0.412,1.237,1.350,3,NULL,NULL,,3,0,2,7,255,940,250,0,0
stim,54184,84305,0,84305,3281639.455,-0.557,0.068,-0.060,0.826,0,0,2451,0,3077,6,3015,2586,62,1.436,1,2114,0,238.931,5.617,52.063,-230.063,38.063,-0.141,0.406,2.164,-2.465,-5.047,6.023,0.370,0.468,1.237,1.350,3,NULL,NULL,,3,0,2,7,255,940,250,0,0
stim,54184,84305,0,84305,3281644.454,-0.554,0.077,-0.065,0.826,0,0,2342,0,3061,60,3018,2513,62,1.436,1,2114,0,249.728,7.138,27.000,-242.500,53.188,-0.367,0.375,2.488,-2.465,-6.699,10.574,0.436,0.536,1.237,1.350,3,NULL,NULL,,3,0,2,7,255,940,250,0,0
stim,54243,84364,0,84364,3281649.455,-0.550,0.086,-0.072,0.827,0,0,2183,0,3051,61,2991,2391,62,1.436,1,2114,0,275.725,9.752,-15.375,-266.000,70.938,-0.609,0.387,2.742,-1.473,-9.641,13.180,0.518,0.618,1.237,1.350,3,NULL,NULL,,3,0,2,7,255,940,250,0,0
stim,54243,84364,0,84364,3281654.453,-0.547,0.095,-0.081,0.828,0,0,1997,0,3027,69,2981,2265,62,1.436,1,2114,0,305.023,12.925,-53.250,-293.563,63.438,-0.898,0.535,2.887,-0.422,-12.918,14.840,0.612,0.710,1.237,1.350,3,NULL,NULL,,3,0,2,7,255,940,250,0,0
stim,54243,84364,0,84364,3281659.455,-0.545,0.105,-0.093,0.827,0,0,1863,0,3001,73,2957,2103,62,1.436,1,2114,0,340.383,16.978,-99.375,-323.813,33.625,-0.973,0.785,2.875,-0.422,-16.973,14.840,0.712,0.812,1.237,1.350,3,NULL,NULL,,3,0,2,7,255,940,250,0,0
stim,54243,84364,0,84364,3281664.454,-0.543,0.114,-0.105,0.825,0,0,1724,0,2953,87,2924,1960,62,1.436,1,2114,0,373.906,19.376,-118.438,-354.625,4.438,-0.883,1.035,2.813,-2.309,-19.238,14.109,0.816,0.916,1.237,1.350,3,NULL,NULL,,3,0,2,7,255,940,250,0,0
stim,54243,84364,0,84364,3281669.455,-0.542,0.125,-0.119,0.823,0,0,1561,0,2913,86,2879,1832,62,1.436,1,2114,0,408.254,20.572,-142.625,-382.438,-8.438,-0.727,1.195,2.828,-4.883,-19.984,12.977,0.926,1.028,1.237,1.350,3,NULL,NULL,,3,0,2,7,255,940,250,0,0
stim,54243,84364,0,84364,3281674.454,-0.540,0.136,-0.135,0.819,0,0,1404,0,2853,83,2823,1708,62,1.436,1,2114,0,435.487,20.967,-152.000,-408.000,-9.000,-0.750,1.113,2.988,-5.988,-20.094,12.977,1.038,1.140,1.237,1.350,3,NULL,NULL,,3,0,2,7,255,940,250,0,0
stim,54243,84364,0,84364,3281679.455,-0.538,0.147,-0.151,0.816,0,0,1279,0,2793,77,2732,1561,62,1.436,1,2114,0,466.727,22.254,-171.688,-434.000,1.313,-0.965,0.910,3.074,-5.988,-21.434,12.762,1.150,1.254,1.237,1.350,3,NULL,NULL,,3,0,2,7,255,940,250,0,0
stim,54243,84364,0,84364,3281684.454,-0.536,0.158,-0.169,0.812,0,0,1145,0,2711,69,2630,1422,62,1.436,1,2114,0,503.899,23.932,-207.500,-459.188,-2.188,-1.027,0.703,3.000,-3.305,-23.703,12.738,1.262,1.370,1.237,1.350,3,NULL,NULL,,3,0,2,7,255,940,250,0,0
stim,54243,84364,0,84364,3281689.455,-0.534,0.171,-0.187,0.806,0,0,946,0,2597,41,2455,1287,62,1.436,1,2114,0,517.251,24.093,-205.750,-473.188,-36.188,-1.012,0.543,2.934,-1.289,-24.059,11.020,1.372,1.482,1.237,1.350,3,NULL,NULL,,3,0,2,7,255,940,250,0,0
stim,54243,84364,1,84364,3281694.453,-0.533,0.184,-0.205,0.800,0,0,795,0,2431,0,2273,1119,62,1.436,1,2114,0,526.085,24.059,-191.063,-486.750,-57.750,-0.926,0.375,2.941,-0.047,-24.059,9.645,1.478,1.592,1.237,1.350,3,NULL,NULL,,3,1,2,7,255,940,250,0,0
stim,54243,84364,1,84364,3281699.455,-0.531,0.197,-0.223,0.793,0,0,611,0,2227,0,1995,957,62,1.436,1,2114,0,535.771,23.756,-181.313,-501.438,-52.313,-0.801,0.078,3.043,1.105,-23.730,9.645,1.582,1.700,1.237,1.350,3,NULL,NULL,,3,1,2,7,255,940,250,0,0
stim,54243,84364,1,84364,3281704.453,-0.528,0.210,-0.242,0.787,0,0,375,0,1966,0,1669,847,62,1.436,1,2114,0,559.980,23.582,-202.688,-521.938,-8.750,-0.809,-0.359,2.855,3.395,-23.336,9.320,1.686,1.806,1.237,1.350,3,NULL,NULL,,3,1,2,7,255,940,250,0,0
stim,54274,84395,1,84395,3281709.455,-0.523,0.223,-0.262,0.780,0,0,253,0,1660,0,1228,691,62,1.436,1,2114,0,580.110,23.083,-217.000,-537.813,14.000,-0.664,-0.574,2.266,7.301,-21.898,8.281,1.792,1.916,1.237,1.350,3,NULL,NULL,,3,1,2,7,255,940,250,0,0
stim,54274,84395,1,84395,3281714.454,-0.516,0.238,-0.280,0.773,0,0,157,0,1335,0,646,556,62,1.436,1,2114,0,576.319,19.362,-158.438,-553.750,20.063,-0.656,-0.621,1.738,8.480,-17.406,4.086,1.908,2.032,1.237,1.350,3,NULL,NULL,,3,1,2,7,255,940,250,0,0
stim,54274,84395,1,84395,3281719.455,-0.508,0.255,-0.295,0.768,0,0,100,0,989,0,204,489,62,1.436,1,2114,0,571.737,17.569,-61.813,-567.438,32.813,-0.566,-0.180,1.742,8.480,-15.387,-0.406,2.030,2.156,1.237,1.350,3,NULL,NULL,,3,1,2,7,255,940,250,0,0
stim,54274,84395,1,84395,3281724.454,-0.497,0.274,-0.308,0.763,0,0,86,0,459,0,0,403,62,1.436,1,2114,0,581.844,16.056,39.625,-576.438,68.500,-0.949,0.270,2.301,4.586,-15.387,-1.477,2.152,2.280,1.237,1.350,3,NULL,NULL,,3,1,2,7,255,940,250,0,0
stim,54274,84395,1,84395,3281729.455,-0.484,0.291,-0.322,0.760,0,0,21,0,23,0,0,373,62,1.436,1,2114,0,592.544,23.451,9.250,-576.563,136.375,-1.277,0.844,2.566,2.648,-23.301,-2.352,2.266,2.396,1.237,1.350,3,NULL,NULL,,3,1,2,7,255,940,250,0,0
stim,54274,84395,1,84395,3281734.454,-0.475,0.305,-0.338,0.753,0,0,24,0,0,0,0,310,62,1.436,1,2114,0,555.982,29.050,-120.750,-536.063,84.688,-1.051,1.461,2.461,-0.660,-29.043,-5.598,2.360,2.488,1.237,1.350,3,NULL,NULL,,3,1,2,7,255,940,250,0,0
stim,54305,84426,1,84426,3281739.455,-0.469,0.314,-0.356,0.744,0,0,16,0,0,0,0,281,62,1.436,1,2114,0,531.470,29.865,-243.250,-471.438,32.188,-0.680,1.824,2.125,-6.957,-29.043,-7.254,2.426,2.554,1.237,1.350,4,NULL,NULL,,3,1,2,7,255,940,250,0,0
stim,54305,84426,1,84426,3281744.453,-0.465,0.317,-0.378,0.735,0,0,19,0,0,0,0,165,62,1.436,1,2114,0,562.344,27.470,-389.438,-395.000,92.438,-0.898,1.602,1.750,-9.957,-25.602,-8.383,2.478,2.606,1.237,1.350,4,NULL,NULL,,3,1,2,7,255,940,250,0,0
stim,54337,84458,1,84458,3281749.455,-0.460,0.310,-0.406,0.726,0,0,18,0,0,0,0,73,62,1.436,1,2114,0,698.330,25.088,-585.375,-283.250,254.500,-1.469,1.797,0.273,-10.668,-22.707,-12.688,2.536,2.668,1.237,1.350,0,NULL,NULL,,3,1,2,7,255,940,250,0,0
stim,54337,84458,1,84458,3281754.454,-0.460,0.300,-0.429,0.717,0,0,16,0,0,0,0,41,62,1.436,1,2114,0,603.811,16.282,-566.875,-137.563,155.938,-0.898,1.605,-1.512,-10.668,-12.301,-26.043,2.608,2.740,1.237,1.350,0,NULL,NULL,,3,1,2,7,255,940,250,0,0
stim,54337,84458,1,84458,3281759.455,-0.463,0.298,-0.433,0.714,0,0,9,0,0,0,0,35,62,1.436,1,2114,0,151.152,12.668,-145.938,-22.563,-32.250,-0.961,-0.199,-1.371,-10.668,6.832,-26.043,2.678,2.812,1.237,1.350,0,NULL,NULL,,3,1,2,7,255,940,250,0,0
stim,54337,84458,1,84458,3281764.453,-0.463,0.302,-0.427,0.716,0,0,7,0,0,0,0,45,62,1.436,1,2114,0,187.112,8.741,175.813,38.563,-51.125,-1.113,-1.402,0.844,5.453,6.832,-22.750,2.744,2.878,1.237,1.350,0,NULL,NULL,,3,1,2,7,255,940,250,0,0
stim,54337,84458,1,84458,3281769.455,-0.464,0.300,-0.422,0.719,0,0,5,0,0,0,0,21,62,1.436,1,2114,0,130.424,16.670,65.438,111.625,-16.375,-1.363,-0.934,2.230,13.766,-9.402,-10.391,2.806,2.942,1.237,1.350,0,NULL,NULL,,3,1,2,7,255,940,250,0,0
stim,54337,84458,1,84458,3281774.454,-0.470,0.291,-0.423,0.718,0,0,7,0,0,0,0,11,62,1.436,1,2114,0,243.592,24.810,-154.438,188.313,-4.938,-1.348,0.668,1.582,13.766,-20.641,-10.391,2.868,3.004,1.237,1.350,0,NULL,NULL,,3,1,2,7,255,940,250,0,0
stim,54360,84481,1,84481,3281779.455,-0.477,0.279,-0.424,0.718,0,0,7,0,0,0,0,0,62,1.436,1,2114,0,309.406,20.670,-201.688,233.438,23.688,-1.316,1.855,0.371,-1.105,-20.641,-15.680,2.928,3.066,1.237,1.350,0,NULL,NULL,,3,1,2,7,255,940,250,0,0
stim,54360,84481,1,84481,3281784.454,-0.481,0.269,-0.423,0.719,0,0,7,0,0,0,0,0,62,1.436,1,2114,0,263.522,16.844,-94.875,242.688,39.313,-1.430,1.926,0.004,-11.914,-11.906,-24.984,2.984,3.122,1.237,1.350,0,NULL,NULL,,3,1,2,7,255,940,250,0,0
stim,54360,84481,1,84481,3281789.455,-0.485,0.261,-0.417,0.723,0,0,4,0,0,0,0,0,62,1.436,1,2114,0,245.226,16.844,9.188,244.125,21.313,-1.563,1.059,0.488,-11.914,-11.906,-24.984,3.028,3.166,1.237,1.350,0,NULL,NULL,,3,1,2,7,255,940,250,0,0
stim,54360,84481,1,84481,3281794.453,-0.490,0.253,-0.412,0.725,0,0,2,0,0,0,0,0,62,1.436,1,2114,0,249.340,13.741,-7.250,249.125,-7.375,-1.449,0.180,0.879,-3.859,-13.188,-23.191,3.062,3.202,1.237,1.350,0,NULL,NULL,,3,1,2,7,255,940,250,0,0
stim,54360,84481,1,84481,3281799.455,-0.496,0.244,-0.409,0.726,0,0,1,0,0,0,0,0,62,1.436,1,2114,0,263.862,13.592,-66.938,255.063,-9.250,-1.219,0.055,0.664,3.293,-13.188,-16.914,3.092,3.232,1.237,1.350,0,NULL,NULL,,3,1,2,7,255,940,250,0,0
stim,54360,84481,1,84481,3281804.454,-0.502,0.234,-0.406,0.727,0,0,0,0,0,0,0,0,62,1.436,1,2114,0,272.162,12.304,-85.688,258.250,6.063,-0.898,0.492,0.156,3.293,-11.855,-16.914,3.118,3.260,1.237,1.350,0,NULL,NULL,,3,1,2,7,255,940,250,0,0
stim,54360,84481,1,84481,3281809.455,-0.506,0.224,-0.402,0.730,0,0,0,0,0,0,0,0,62,1.436,1,2114,0,267.172,6.876,-50.875,260.438,31.063,-0.871,0.734,-0.195,-1.250,-6.762,-17.352,3.144,3.286,1.237,1.350,0,NULL,NULL,,3,1,2,7,255,940,250,0,0
stim,54360,84481,1,84481,3281814.453,-0.510,0.216,-0.396,0.733,0,0,0,0,0,0,0,0,62,1.436,1,2114,0,269.645,4.719,11.000,268.188,25.750,-0.918,0.637,-0.246,-2.035,-4.258,-19.871,3.166,3.312,1.237,1.350,0,NULL,NULL,,3,1,2,7,255,940,250,0,0
stim,54379,84500,1,84500,3281819.455,-0.514,0.208,-0.388,0.736,0,0,0,0,0,0,0,0,62,1.436,1,2114,0,285.264,4.719,50.250,280.625,10.000,-0.848,0.465,-0.008,-2.035,-4.258,-19.871,3.192,3.338,1.237,1.350,0,NULL,NULL,,3,1,2,7,255,940,250,0,0
stim,54379,84500,1,84500,3281824.454,-0.519,0.200,-0.379,0.740,0,0,0,0,0,0,0,0,62,1.436,1,2114,0,302.031,5.357,58.250,296.125,11.813,-0.633,0.309,0.121,-1.047,-5.254,-17.426,3.224,3.370,1.237,1.350,0,NULL,NULL,,3,1,2,7,255,940,250,0,0
stim,54379,84500,1,84500,3281829.455,-0.522,0.191,-0.370,0.744,0,0,0,0,0,0,0,0,62,1.436,1,2114,0,321.533,5.434,68.313,312.500,32.563,-0.563,0.348,0.164,-1.047,-5.332,-14.480,3.258,3.406,1.237,1.350,0,NULL,NULL,,3,1,2,7,255,940,250,0,0
stim,54379,84500,1,84500,3281834.453,-0.526,0.181,-0.360,0.749,0,0,0,0,0,0,0,0,62,1.436,1,2114,0,341.583,5.496,87.375,326.813,47.313,-0.598,0.379,0.258,-1.332,-5.332,-13.742,3.298,3.446,1.237,1.350,0,NULL,NULL,,3,1,2,7,255,940,250,0,0
stim,54401,84522,1,84522,3281839.455,-0.529,0.172,-0.349,0.754,0,0,0,0,0,0,0,0,62,1.436,1,2114,0,358.428,6.593,104.250,339.063,51.375,-0.570,0.352,0.359,-1.574,-6.402,-13.313,3.338,3.488,1.237,1.350,0,NULL,NULL,,3,1,2,7,255,940,250,0,0
stim,54401,84522,1,84522,3281844.453,-0.532,0.163,-0.338,0.759,0,0,0,0,0,0,0,0,62,1.436,1,2114,0,370.396,7.123,115.625,349.188,43.500,-0.746,0.508,0.551,-1.582,-6.945,-12.191,3.380,3.532,1.237,1.350,0,NULL,NULL,,3,1,2,7,255,940,250,0,0
stim,54443,84564,1,84564,3281849.455,-0.536,0.153,-0.325,0.764,0,0,0,0,0,0,0,0,62,1.436,1,2114,0,381.052,8.971,117.375,362.188,15.625,-0.559,0.332,0.633,-1.871,-8.773,-12.168,3.424,3.576,1.237,1.350,0,NULL,NULL,,3,1,2,7,255,940,250,0,0
stim,54443,84564,1,84564,3281854.454,-0.540,0.143,-0.312,0.768,0,0,0,0,0,0,0,0,62,1.436,1,2114,0,390.834,8.971,122.063,370.438,25.063,-0.363,0.219,0.711,-1.871,-8.773,-9.621,3.468,3.622,1.237,1.350,0,NULL,NULL,,3,1,2,7,255,940,250,0,0
stim,54443,84564,1,84564,3281859.455,-0.544,0.133,-0.299,0.773,0,0,0,0,0,0,0,0,62,1.436,1,2114,0,400.651,8.784,126.000,377.813,43.625,-0.391,0.293,0.832,-1.871,-8.582,-7.297,3.512,3.666,1.237,1.350,0,NULL,NULL,,3,1,2,7,255,940,250,0,0
stim,54443,84564,1,84564,3281864.453,-0.547,0.123,-0.286,0.777,0,0,0,0,0,0,0,0,62,1.436,1,2114,0,406.041,8.943,127.125,383.313,42.188,-0.445,0.309,0.918,-2.516,-8.582,-6.488,3.554,3.708,1.237,1.350,0,NULL,NULL,,3,1,2,7,255,940,250,0,0
stim,54443,84564,1,84564,3281869.455,-0.550,0.113,-0.273,0.781,0,0,0,0,0,0,0,0,62,1.436,1,2114,0,408.981,9.741,130.063,386.250,34.063,-0.434,0.285,1.004,-2.574,-9.395,-5.852,3.594,3.750,1.237,1.350,0,NULL,NULL,,3,1,2,7,255,940,250,0,0
stim,54443,84564,1,84564,3281874.454,-0.554,0.102,-0.259,0.785,0,0,0,0,0,0,0,0,62,1.436,1,2114,0,408.713,9.928,124.750,388.625,21.313,-0.438,0.293,1.113,-2.598,-9.582,-4.695,3.630,3.786,1.237,1.350,0,NULL,NULL,,3,1,2,7,255,940,250,0,0
stim,54443,84564,1,84564,3281879.455,-0.557,0.092,-0.245,0.788,0,0,0,0,0,0,0,0,62,1.436,1,2114,0,408.280,9.922,118.875,390.313,14.750,-0.297,0.168,1.070,-2.574,-9.582,-3.531,3.664,3.820,1.237,1.350,0,NULL,NULL,,3,1,2,7,255,940,250,0,0
stim,54443,84564,1,84564,3281884.453,-0.561,0.081,-0.232,0.791,0,0,0,0,0,0,0,0,62,1.436,1,2114,0,410.052,8.465,120.938,391.125,23.188,-0.305,0.184,1.109,-2.414,-8.113,-2.578,3.696,3.854,1.237,1.350,0,NULL,NULL,,3,1,2,7,255,940,250,0,0
stim,54443,84564,1,84564,3281889.455,-0.564,0.070,-0.218,0.793,0,0,0,0,0,0,0,0,62,1.436,1,2114,0,410.573,8.465,121.063,391.750,21.125,-0.336,0.203,1.133,-2.414,-8.113,-2.051,3.726,3.884,1.237,1.350,0,NULL,NULL,,3,1,2,7,255,940,250,0,0
stim,54443,84564,1,84564,3281894.454,-0.567,0.060,-0.204,0.796,0,0,0,0,0,0,0,0,62,1.436,1,2114,0,411.941,8.454,126.313,391.750,16.500,-0.293,0.156,1.156,-2.414,-8.102,-1.738,3.756,3.914,1.237,1.350,0,NULL,NULL,,3,1,2,7,255,940,250,0,0
stim,54461,84582,1,84582,3281899.455,-0.570,0.050,-0.190,0.798,0,0,0,0,0,0,0,0,62,1.436,1,2114,0,413.345,7.908,134.375,390.438,18.875,-0.242,0.129,1.207,-2.410,-7.531,-0.992,3.784,3.942,1.237,1.350,0,NULL,NULL,,3,1,2,7,255,940,250,0,0
stim,54461,84582,1,84582,3281904.453,-0.572,0.039,-0.175,0.800,0,0,0,0,0,0,0,0,62,1.436,1,2114,0,412.891,7.267,136.750,388.938,22.500,-0.230,0.145,1.277,-2.410,-6.855,-0.027,3.812,3.972,1.237,1.350,0,NULL,NULL,,3,1,2,7,255,940,250,0,0
stim,54461,84582,1,84582,3281909.455,-0.574,0.029,-0.161,0.802,0,0,0,0,0,0,0,0,62,1.436,1,2114,0,411.377,7.191,139.000,386.438,24.000,-0.203,0.152,1.285,-2.711,-6.660,0.836,3.840,4.000,1.237,1.350,0,NULL,NULL,,3,1,2,7,255,940,250,0,0
stim,54461,84582,1,84582,3281914.454,-0.576,0.019,-0.146,0.804,0,0,0,0,0,0,0,0,62,1.436,1,2114,0,411.053,6.732,145.938,383.188,28.875,-0.133,0.133,1.297,-2.918,-6.066,1.180,3.866,4.026,1.237,1.350,0,NULL,NULL,,3,1,2,7,255,940,250,0,0
stim,54484,84605,1,84605,3281919.455,-0.577,0.010,-0.131,0.806,0,0,0,0,0,0,0,3,62,1.436,1,2114,0,412.265,5.812,158.438,378.563,39.375,-0.109,0.129,1.328,-2.969,-4.996,1.684,3.892,4.052,1.237,1.350,0,NULL,NULL,,3,1,2,7,255,940,250,0,0
stim,54484,84605,1,84605,3281924.454,-0.578,0.001,-0.115,0.808,0,0,0,0,0,0,0,6,62,1.436,1,2114,0,413.528,5.533,173.000,372.375,49.125,-0.148,0.160,1.430,-3.043,-4.621,2.199,3.918,4.078,1.237,1.350,0,NULL,NULL,,3,1,2,7,255,940,250,0,0
stim,54484,84605,1,84605,3281929.455,-0.578,-0.008,-0.100,0.810,0,0,0,0,0,0,0,10,62,1.436,1,2114,0,413.070,5.699,183.938,365.875,54.125,-0.168,0.184,1.563,-3.336,-4.621,3.211,3.942,4.102,1.237,1.350,0,NULL,NULL,,3,1,2,7,255,940,250,0,0
stim,54484,84605,1,84605,3281934.453,-0.578,-0.016,-0.084,0.811,0,0,0,0,0,0,0,10,62,1.436,1,2114,0,411.906,5.871,192.250,359.500,58.875,-0.176,0.188,1.703,-3.621,-4.621,4.578,3.964,4.122,1.237,1.350,0,NULL,NULL,,3,1,2,7,255,940,250,0,0
stim,54484,84605,1,84605,3281939.455,-0.578,-0.024,-0.068,0.813,0,0,0,0,0,0,0,0,62,1.436,1,2114,0,410.822,5.768,199.875,352.813,65.938,-0.191,0.203,1.867,-3.781,-4.355,6.109,3.982,4.142,1.237,1.350,0,NULL,NULL,,3,1,2,7,255,940,250,0,0
stim,54484,84605,0,84605,3281944.454,-0.577,-0.031,-0.051,0.815,0,0,0,0,0,0,0,0,62,1.436,1,2114,0,409.468,5.757,206.813,346.438,69.813,-0.223,0.238,2.051,-3.992,-4.148,7.813,3.996,4.156,1.237,1.350,0,NULL,NULL,,3,0,2,7,255,939,250,0,0
stim,54546,84667,0,84667,3281949.455,-0.576,-0.038,-0.035,0.816,0,0,0,0,0,0,0,0,62,1.436,1,2114,0,406.638,5.860,210.563,341.750,65.000,-0.211,0.215,2.242,-4.246,-4.039,9.711,4.008,4.166,1.237,1.350,0,NULL,NULL,,3,0,2,7,255,939,250,0,0
stim,54546,84667,0,84667,3281954.453,-0.575,-0.045,-0.019,0.817,0,0,0,0,0,0,0,0,62,1.436,1,2114,0,401.299,5.331,206.188,339.250,58.625,-0.145,0.066,2.355,-4.246,-3.223,11.758,4.012,4.172,1.237,1.350,0,NULL,NULL,,3,0,2,7,255,939,250,0,0
stim,54546,84667,0,84667,3281959.455,-0.574,-0.052,-0.003,0.817,0,0,0,0,0,0,0,0,62,1.436,1,2114,0,396.622,3.369,199.063,338.500,55.688,-0.070,-0.082,2.352,-3.090,-1.344,13.094,4.012,4.172,1.237,1.350,0,NULL,NULL,,3,0,2,7,255,939,250,0,0
stim,54546,84667,0,84667,3281964.454,-0.573,-0.059,0.013,0.817,0,0,0,0,0,0,0,0,62,1.436,1,2114,0,397.742,1.948,201.500,339.063,51.313,-0.012,-0.184,2.277,-1.852,0.605,13.094,4.004,4.164,1.237,1.350,0,NULL,NULL,,3,0,2,7,255,939,250,0,0
stim,54546,84667,0,84667,3281969.455,-0.572,-0.066,0.029,0.817,0,0,0,0,0,0,0,0,62,1.436,1,2114,0,404.458,2.346,216.250,338.875,44.563,0.035,-0.285,2.250,-0.848,2.188,12.469,3.986,4.146,1.237,1.350,0,NULL,NULL,,3,0,2,7,255,939,250,0,0
stim,54546,84667,0,84667,3281974.454,-0.571,-0.072,0.045,0.816,0,0,0,0,0,0,0,0,62,1.436,1,2114,0,413.280,3.685,236.313,337.375,33.688,0.102,-0.391,2.301,0.105,3.684,12.391,3.956,4.114,1.237,1.350,0,NULL,NULL,,3,0,2,7,255,939,250,0,0
stim,54546,84667,0,84667,3281979.455,-0.571,-0.077,0.063,0.815,0,0,0,0,0,0,0,0,62,1.436,1,2114,0,420.429,5.600,254.625,333.938,20.313,0.234,-0.496,2.395,1.035,5.504,12.391,3.914,4.072,1.237,1.350,0,NULL,NULL,,3,0,2,7,255,939,250,0,0
stim,54546,84667,0,84667,3281984.454,-0.571,-0.082,0.081,0.813,0,0,0,0,0,0,0,0,62,1.436,1,2114,0,427.103,8.181,272.688,328.625,8.000,0.426,-0.574,2.488,1.746,7.992,12.809,3.856,4.016,1.237,1.350,0,NULL,NULL,,3,0,2,7,255,939,250,0,0
stim,54546,84667,0,84667,3281989.455,-0.571,-0.086,0.099,0.810,0,0,0,0,0,0,0,0,62,1.436,1,2114,0,435.046,11.133,292.813,321.750,-1.563,0.633,-0.617,2.605,2.055,10.941,12.980,3.788,3.946,1.237,1.350,0,NULL,NULL,,3,0,2,7,255,939,250,0,0
stim,54546,84667,0,84667,3281994.453,-0.571,-0.090,0.118,0.807,0,0,0,0,0,0,0,0,62,1.436,1,2114,0,439.738,14.110,308.125,313.625,-8.250,0.801,-0.664,2.777,2.098,13.953,13.121,3.706,3.866,1.237,1.350,0,NULL,NULL,,3,0,2,7,255,939,250,0,0
stim,54546,84667,0,84667,3281999.455,-0.572,-0.093,0.136,0.804,0,0,0,0,0,0,0,0,62,1.436,1,2114,0,436.766,17.020,312.688,304.563,-15.250,0.949,-0.703,2.938,2.363,16.855,13.707,3.612,3.772,1.237,1.350,0,NULL,NULL,,3,0,2,7,255,939,250,0,0
stim,54546,84667,0,84667,3282004.454,-0.573,-0.095,0.154,0.800,0,0,0,0,0,0,0,0,62,1.436,1,2114,0,428.630,19.711,311.938,293.000,-23.875,1.121,-0.695,3.098,2.598,19.539,14.102,3.508,3.668,1.237,1.350,0,NULL,NULL,,3,0,2,7,255,939,250,0,0
stim,54573,84694,0,84694,3282009.455,-0.574,-0.098,0.172,0.795,0,0,0,0,0,0,0,0,62,1.436,1,2114,0,418.819,22.463,306.813,282.250,-40.125,1.359,-0.605,3.266,2.598,22.313,14.305,3.394,3.552,1.237,1.350,0,NULL,NULL,,3,0,2,7,255,939,250,0,0
stim,54573,84694,0,84694,3282014.453,-0.575,-0.101,0.188,0.790,0,0,0,0,0,0,0,0,62,1.436,1,2114,0,401.837,25.503,286.813,275.313,-58.438,1.609,-0.516,3.406,1.594,25.453,14.305,3.266,3.424,1.237,1.350,0,NULL,NULL,,3,0,2,7,255,939,250,0,0
stim,54573,84694,0,84694,3282019.455,-0.577,-0.104,0.203,0.784,0,0,0,0,0,0,0,22,62,1.436,1,2114,0,380.454,28.628,259.375,268.438,-73.563,1.895,-0.430,3.543,0.613,28.621,14.004,3.124,3.282,1.237,1.350,0,NULL,NULL,,3,0,2,7,255,939,250,0,0
stim,54573,84694,0,84694,3282024.454,-0.579,-0.108,0.217,0.779,0,0,0,0,0,0,0,39,62,1.436,1,2114,0,351.160,32.062,218.500,260.563,-87.625,2.246,-0.395,3.598,-0.449,32.059,13.375,2.966,3.124,1.237,1.350,0,NULL,NULL,,3,0,2,7,255,939,250,0,0
stim,54573,84694,0,84694,3282029.455,-0.580,-0.113,0.228,0.773,0,0,0,0,0,0,0,43,62,1.436,1,2114,0,312.525,35.837,158.875,252.063,-94.313,2.672,-0.465,3.441,-1.336,35.813,11.578,2.794,2.950,1.237,1.350,0,NULL,NULL,,3,0,2,7,255,939,250,0,0
stim,54573,84694,0,84694,3282034.454,-0.582,-0.120,0.237,0.769,0,0,0,0,0,0,0,59,62,1.436,1,2114,0,273.825,39.319,98.188,240.625,-86.250,3.063,-0.566,3.027,-1.637,39.285,7.328,2.612,2.766,1.237,1.350,0,NULL,NULL,,3,0,2,7,255,939,250,0,0
stim,54610,84731,0,84731,3282039.455,-0.582,-0.127,0.244,0.765,0,0,0,0,0,0,0,98,62,1.436,1,2114,0,246.986,41.138,59.500,228.125,-73.625,3.355,-0.695,2.512,-1.637,41.105,0.949,2.422,2.570,1.237,1.350,0,NULL,NULL,,3,0,2,7,255,939,250,0,0
stim,54610,84731,0,84731,3282044.453,-0.583,-0.133,0.251,0.762,0,0,0,0,0,0,0,133,62,1.436,1,2114,0,223.071,41.423,45.188,210.063,-59.938,3.617,-0.840,2.070,-1.637,41.391,-5.871,2.224,2.368,1.237,1.350,0,NULL,NULL,,3,0,2,7,255,939,250,0,0
stim,54634,84756,0,84756,3282049.455,-0.582,-0.139,0.257,0.759,0,0,0,0,0,0,0,171,62,1.436,1,2114,0,196.036,41.571,45.188,186.188,-41.500,3.887,-0.980,1.695,-1.160,41.555,-11.895,2.022,2.160,1.237,1.350,0,NULL,NULL,,3,0,2,7,255,939,250,0,0
stim,54634,84756,0,84756,3282054.454,-0.581,-0.143,0.262,0.757,0,0,0,0,0,0,0,182,62,1.436,1,2114,0,168.832,41.953,50.625,160.375,-14.875,4.180,-1.078,1.324,-0.797,41.945,-17.313,1.816,1.946,1.237,1.350,0,NULL,NULL,,3,0,2,7,255,939,250,0,0
stim,54635,84756,0,84756,3282059.455,-0.580,-0.145,0.268,0.756,0,0,0,0,0,0,0,183,62,1.436,1,2114,0,149.156,41.952,70.375,129.313,23.938,4.262,-1.293,1.051,-0.734,41.945,-22.625,1.604,1.728,1.237,1.350,0,NULL,NULL,,3,0,2,7,255,939,250,0,0
stim,54635,84756,0,84756,3282064.453,-0.578,-0.146,0.273,0.755,0,0,0,0,0,0,0,181,62,1.436,1,2114,0,130.691,42.334,83.000,97.563,25.938,4.258,-2.176,0.945,0.734,42.328,-26.211,1.392,1.506,1.237,1.350,0,NULL,NULL,,3,0,2,7,255,939,250,0,0
stim,54635,84756,0,84756,3282069.455,-0.576,-0.144,0.280,0.754,0,0,0,0,0,0,0,163,62,1.436,1,2114,0,178.776,43.056,144.813,65.000,82.250,4.313,-2.375,0.746,8.848,42.137,-29.367,1.184,1.288,1.237,1.350,0,NULL,NULL,,3,0,2,7,255,939,250,0,0
stim,54635,84756,0,84756,3282074.454,-0.573,-0.138,0.289,0.754,0,0,0,0,0,0,0,149,62,1.436,1,2114,0,254.535,43.157,229.063,21.875,108.813,3.648,-2.055,1.336,9.328,42.137,-29.367,0.978,1.070,1.237,1.350,0,NULL,NULL,,3,0,2,7,255,939,250,0,0
stim,54657,84778,0,84778,3282079.455,-0.571,-0.131,0.296,0.755,0,0,0,0,0,0,0,119,62,1.436,1,2114,0,231.646,43.337,196.813,-8.438,121.875,3.625,-2.152,2.715,10.129,42.137,-23.695,0.770,0.846,1.237,1.350,0,NULL,NULL,,3,0,2,7,255,939,250,0,0
stim,54657,84778,0,84778,3282084.453,-0.568,-0.124,0.301,0.756,0,0,0,47,0,0,0,167,62,1.436,1,2114,0,198.007,40.723,145.875,-38.875,128.125,2.461,-1.453,2.516,9.328,39.641,-13.375,0.556,0.606,1.237,1.350,0,NULL,NULL,,3,0,2,7,255,939,250,0,0
stim,54657,84778,0,84778,3282089.455,-0.565,-0.111,0.307,0.757,291,0,0,669,0,26,0,265,62,1.436,1,2114,0,341.750,40.252,271.000,-136.688,157.063,1.250,-1.621,4.512,11.551,38.559,-7.055,0.428,0.422,1.237,1.350,0,NULL,NULL,,3,0,2,7,255,939,250,0,0
stim,54657,84778,0,84778,3282094.454,-0.563,-0.079,0.322,0.757,1042,0,0,1395,0,166,0,349,62,1.436,1,2114,0,807.944,39.481,657.375,-359.813,301.938,2.242,0.656,9.512,8.484,38.559,14.063,0.434,0.360,1.237,1.350,0,NULL,NULL,,3,0,2,7,255,939,250,0,0
stim,54657,84778,0,84778,3282099.455,-0.558,-0.085,0.302,0.769,1639,0,0,1833,0,445,0,454,62,1.436,1,2114,0,554.387,39.051,-514.625,-145.000,146.563,-0.172,0.910,6.133,6.180,38.559,43.004,0.490,0.394,1.237,1.350,0,NULL,NULL,,3,0,2,7,255,939,250,0,0
stim,54657,84778,0,84778,3282104.453,-0.544,-0.102,0.258,0.792,2099,0,0,2020,0,774,0,532,62,1.436,1,2115,0,1239.552,30.081,-1173.438,-228.375,327.688,0.875,4.199,1.012,3.016,29.930,43.004,0.546,0.460,1.237,1.350,1,922.000,-17.000,,3,0,2,7,255,939,250,0,0
stim,54657,84778,0,84778,3282109.455,-0.528,-0.111,0.226,0.811,2336,0,0,2165,0,955,0,566,62,1.436,1,2115,0,949.875,28.746,-849.000,-187.625,382.438,-1.008,3.602,-2.414,-28.746,-0.047,6.066,0.592,0.518,1.237,1.350,1,NULL,NULL,,3,0,2,7,255,939,250,0,0
stim,54657,84778,0,84778,3282114.454,-0.518,-0.110,0.213,0.821,2579,0,0,2415,0,1159,0,597,62,1.436,1,2115,0,454.817,42.830,-303.625,-167.813,294.125,-2.484,0.500,-2.375,-28.746,-31.750,-18.672,0.628,0.562,1.237,1.350,1,NULL,NULL,,3,0,2,7,255,939,250,0,0
stim,54690,84811,0,84811,3282119.455,-0.516,-0.101,0.212,0.824,2735,0,0,2615,0,1224,0,683,62,1.436,1,2115,0,213.450,32.303,64.063,-180.188,94.813,-2.246,-0.355,0.664,5.949,-31.750,-18.672,0.650,0.590,1.237,1.350,1,NULL,NULL,,3,0,2,7,255,939,250,0,0
stim,54690,84811,0,84811,3282124.454,-0.514,-0.092,0.211,0.826,2829,0,0,2731,0,1251,0,811,62,1.436,1,2115,0,230.879,14.856,71.813,-191.500,107.125,-1.191,1.449,1.797,5.949,-13.613,3.766,0.654,0.606,1.237,1.350,2,NULL,NULL,,3,0,2,7,255,939,250,0,0
stim,54690,84811,0,84811,3282129.455,-0.512,-0.087,0.202,0.830,2891,0,0,2831,0,1289,0,949,62,1.436,1,2115,0,241.647,10.472,-121.875,-194.500,75.563,-1.094,1.680,1.852,-6.762,-7.996,13.578,0.638,0.608,1.237,1.350,2,NULL,NULL,,3,0,2,7,255,939,250,0,0
stim,54690,84811,0,84811,3282134.453,-0.512,-0.084,0.190,0.833,2937,0,0,2903,0,1312,0,1087,62,1.436,1,2115,0,305.865,10.168,-225.313,-206.188,16.563,-1.012,0.699,0.957,-6.762,-7.594,13.578,0.604,0.592,1.237,1.350,2,NULL,NULL,,3,0,2,7,255,939,250,0,0
stim,54690,84811,0,84811,3282139.455,-0.515,-0.082,0.177,0.835,2956,0,0,2949,0,1361,0,1221,62,1.436,1,2115,0,308.654,7.529,-220.125,-210.250,-51.063,-0.871,-0.578,0.793,-1.355,-7.406,3.527,0.554,0.554,1.237,1.350,2,NULL,NULL,,3,0,2,7,255,939,250,0,0
stim,54690,84811,0,84811,3282144.454,-0.521,-0.079,0.165,0.834,2983,0,0,3002,0,1429,0,1337,62,1.436,1,2115,0,307.885,9.194,-185.000,-200.875,-142.188,-0.508,-0.977,0.898,8.992,-1.914,-0.891,0.488,0.494,1.237,1.350,2,NULL,NULL,,3,0,2,7,255,939,250,0,0
stim,54742,84864,0,84864,3282149.455,-0.529,-0.077,0.154,0.831,3002,0,0,3043,0,1515,0,1426,62,1.436,1,2115,0,319.129,9.406,-146.625,-189.688,-210.625,0.320,-0.953,0.902,8.992,2.758,-1.582,0.414,0.412,1.237,1.350,2,NULL,NULL,,3,0,2,7,255,939,250,0,0
stim,54742,84864,0,84864,3282154.453,-0.536,-0.075,0.146,0.828,3019,0,0,3087,0,1609,0,1486,62,1.436,1,2115,0,261.034,12.085,-107.375,-157.313,-178.500,1.137,-1.391,1.098,7.758,9.266,-3.711,0.344,0.322,1.237,1.350,2,NULL,NULL,,3,0,2,7,255,939,250,0,0
stim,54742,84864,0,84864,3282159.455,-0.539,-0.072,0.139,0.828,3031,0,0,3103,0,1742,0,1541,62,1.436,1,2115,0,178.350,19.877,-83.938,-140.563,-70.750,1.539,-2.023,1.297,7.758,18.301,-4.191,0.292,0.252,1.237,1.350,2,NULL,NULL,,3,0,2,7,255,939,250,0,0
stim,54742,84864,0,84864,3282164.454,-0.537,-0.069,0.133,0.830,3037,0,0,3128,0,1848,0,1572,62,1.436,1,2115,0,174.735,23.757,-89.750,-129.563,75.438,1.117,-1.938,1.270,11.871,20.578,-4.191,0.262,0.212,1.237,1.350,2,NULL,NULL,,3,0,2,7,255,939,250,0,0
stim,54742,84864,0,84864,3282169.455,-0.530,-0.066,0.128,0.836,3051,0,0,3151,83,1963,0,1632,62,1.436,1,2115,0,248.028,23.757,-96.000,-124.250,192.000,0.121,-0.637,0.770,11.871,20.578,-3.551,0.248,0.198,1.237,1.350,2,NULL,NULL,,3,0,2,7,255,939,250,0,0
stim,54742,84864,0,84864,3282174.454,-0.524,-0.062,0.123,0.841,3049,0,0,3159,181,2071,0,1695,62,1.436,1,2115,0,232.285,7.508,-69.625,-129.000,180.188,-0.809,0.445,0.754,5.004,5.598,-2.957,0.246,0.190,1.237,1.350,2,NULL,NULL,,3,0,2,7,255,939,250,0,0
stim,54742,84864,0,84864,3282179.455,-0.522,-0.059,0.117,0.843,3050,0,0,3177,489,2203,11,1883,62,1.436,1,2115,0,166.983,6.988,-90.125,-134.250,41.688,-1.320,0.496,1.332,1.273,-6.871,-0.328,0.256,0.178,1.237,1.350,2,NULL,NULL,,3,0,2,7,255,939,250,0,0
stim,54742,84864,0,84864,3282184.454,-0.525,-0.056,0.110,0.842,3047,0,0,3173,709,2264,155,2013,62,1.436,1,2115,0,168.358,6.872,-92.313,-130.438,-53.000,-0.145,0.066,1.027,-0.121,-6.871,0.344,0.282,0.164,1.237,1.350,2,NULL,NULL,,3,0,2,7,255,939,250,0,0
stim,54742,84864,0,84864,3282189.455,-0.528,-0.054,0.107,0.841,3043,0,0,3165,965,2299,109,2127,62,1.436,1,2115,0,117.487,0.748,-25.313,-81.125,-81.125,0.543,-0.133,1.867,-0.121,0.738,6.234,0.308,0.150,1.237,1.350,2,NULL,NULL,,3,0,2,7,255,939,250,0,0
stim,54742,84864,0,84864,3282194.454,-0.531,-0.054,0.103,0.840,3043,0,0,3173,1189,2362,101,2206,62,1.436,1,2115,0,109.255,9.266,-58.813,-56.438,-72.750,0.734,0.051,1.453,-1.371,9.164,2.703,0.326,0.136,1.237,1.350,2,NULL,NULL,,3,0,2,7,255,939,250,0,0
stim,54762,84883,0,84883,3282199.455,-0.532,-0.053,0.101,0.839,3048,19,0,3181,1311,2393,137,2271,62,1.436,1,2115,0,69.666,9.915,-41.313,-46.750,-31.000,0.688,0.523,1.137,-3.785,9.164,2.703,0.334,0.118,1.237,1.350,2,NULL,NULL,,3,0,2,7,255,939,250,0,0
stim,54762,84883,0,84883,3282204.453,-0.532,-0.053,0.098,0.840,3042,39,0,3175,1415,2421,168,2323,62,1.436,1,2115,0,54.880,7.180,-48.125,-25.875,5.125,0.176,0.016,1.223,-3.785,6.102,1.590,0.334,0.100,1.237,1.350,2,NULL,NULL,,3,0,2,7,255,939,250,0,0
stim,54762,84883,0,84883,3282209.455,-0.531,-0.055,0.094,0.840,3050,59,0,3183,1525,2444,198,2373,62,1.436,1,2115,0,101.801,4.060,-99.063,-20.875,10.688,-0.305,-0.648,1.047,-1.133,3.898,0.344,0.332,0.084,1.237,1.350,2,NULL,NULL,,3,0,2,7,255,939,250,0,0
stim,54762,84883,0,84883,3282214.454,-0.532,-0.056,0.091,0.840,3043,89,0,3177,1590,2457,207,2397,62,1.436,1,2115,0,87.291,6.350,-77.938,-18.500,-34.688,-0.332,-0.551,0.703,5.988,2.113,0.344,0.334,0.070,1.237,1.350,2,NULL,NULL,,3,0,2,7,255,939,250,0,0
stim,54784,84905,0,84905,3282219.455,-0.535,-0.055,0.090,0.838,3043,107,0,3179,1625,2473,211,2419,62,1.436,1,2115,0,71.261,6.116,-5.500,-17.438,-68.875,-0.004,0.012,0.711,5.988,1.242,-2.766,0.336,0.060,1.237,1.350,2,NULL,NULL,,3,0,2,7,255,939,250,0,0
stim,54784,84905,0,84905,3282224.454,-0.537,-0.055,0.090,0.837,3052,141,0,3178,1675,2483,215,2445,62,1.436,1,2115,0,52.024,1.295,17.750,-16.938,-45.875,0.238,0.172,1.109,-0.367,1.242,-2.766,0.340,0.050,1.237,1.350,2,NULL,NULL,,3,0,2,7,255,939,250,0,0
stim,54784,84905,0,84905,3282229.455,-0.536,-0.054,0.089,0.838,3049,133,0,3179,1737,2493,215,2469,62,1.436,1,2115,0,22.602,3.368,-18.500,-12.313,4.125,0.086,-0.066,1.254,-0.367,3.348,0.523,0.344,0.040,1.237,1.350,2,NULL,NULL,,3,0,2,7,255,939,250,0,0
stim,54784,84905,0,84905,3282234.454,-0.536,-0.055,0.087,0.838,3049,153,0,3177,1775,2503,215,2475,62,1.436,1,2115,0,48.825,3.352,-45.875,-7.375,15.000,-0.223,-0.117,1.039,-0.164,3.348,0.527,0.346,0.032,1.237,1.350,2,NULL,NULL,,3,0,2,7,255,939,250,0,0
stim,54784,84905,0,84905,3282239.455,-0.536,-0.056,0.086,0.838,3054,166,16,3191,1800,2509,213,2493,62,1.436,1,2115,0,35.479,0.482,-28.688,-5.313,-20.188,-0.305,0.082,0.863,0.164,0.453,0.527,0.348,0.024,1.237,1.350,2,NULL,NULL,,3,0,2,7,255,939,250,0,0
stim,54784,84905,0,84905,3282244.453,-0.538,-0.056,0.086,0.837,3065,172,53,3181,1839,2515,211,2491,62,1.436,1,2115,0,49.780,0.270,-3.625,-4.563,-49.438,-0.113,0.133,0.953,0.164,0.215,-0.375,0.354,0.016,1.237,1.350,2,NULL,NULL,,3,0,2,7,255,939,250,0,0
stim,54838,84959,0,84959,3282249.455,-0.539,-0.056,0.085,0.836,3053,179,73,3177,1853,2519,203,2493,62,1.436,1,2115,0,35.025,0.261,-8.000,-3.313,-33.938,0.070,-0.063,1.105,-0.148,0.215,-0.375,0.358,0.008,1.237,1.350,2,NULL,NULL,,3,0,2,7,255,939,250,0,0
stim,54838,84959,0,84959,3282254.453,-0.539,-0.057,0.084,0.836,3061,171,102,3175,1869,2523,181,2523,62,1.436,1,2115,0,24.511,2.578,-24.375,-2.250,-1.250,0.016,-0.137,1.055,-0.148,2.574,0.238,0.364,0.000,1.237,1.350,2,NULL,NULL,,3,0,2,7,255,939,250,0,0
stim,54838,84959,0,84959,3282259.455,-0.539,-0.057,0.083,0.836,3055,171,119,3175,1883,2525,165,2504,62,1.436,1,2115,0,21.577,2.578,-20.688,-1.750,5.875,-0.137,0.055,0.934,-0.148,2.574,0.238,0.000,0.000,1.237,1.350,2,NULL,NULL,,3,0,2,7,255,939,250,0,0
stim,54838,84959,0,84959,3282264.454,-0.540,-0.057,0.083,0.836,3054,173,165,3173,1893,2526,151,2504,62,1.436,1,2115,0,12.184,0.436,-6.500,-1.063,-10.250,-0.117,0.113,0.953,-0.352,0.258,-0.363,0.000,0.000,1.237,1.350,2,NULL,NULL,,3,0,2,7,255,939,250,0,0
stim,54838,84959,0,84959,3282269.455,-0.540,-0.057,0.083,0.836,3055,169,197,3173,1895,2527,141,2503,62,1.347,1,2115,1,13.247,0.436,-1.250,0.000,-13.188,0.012,-0.035,1.027,-0.352,0.258,-0.363,0.000,0.000,1.227,1.286,2,NULL,NULL,,3,0,2,7,255,939,250,0,0
stim,54838,84959,0,84959,3282274.455,-0.540,-0.057,0.082,0.836,3059,164,212,3171,1898,2527,135,2502,62,1.347,1,2115,1,5.047,2.086,-2.813,1.250,4.000,0.027,-0.055,1.031,-0.184,2.078,0.035,0.006,0.006,1.227,1.286,2,NULL,NULL,,3,0,2,7,255,939,250,0,0
stim,54838,84959,0,84959,3282279.454,-0.539,-0.057,0.082,0.836,3055,159,219,3167,1893,2526,121,2495,62,1.347,1,2115,1,15.733,2.086,-0.750,2.188,15.563,-0.094,0.070,1.004,-0.184,2.078,0.047,0.012,0.010,1.227,1.286,2,NULL,NULL,,3,0,2,7,255,939,250,0,0
stim,54838,84959,0,84959,3282284.455,-0.539,-0.057,0.083,0.836,3067,158,227,3173,1891,2524,119,2494,62,1.347,1,2115,1,10.599,0.950,2.875,2.563,9.875,-0.184,0.125,1.023,-0.680,0.664,0.066,0.016,0.014,1.227,1.286,2,NULL,NULL,,3,0,2,7,255,939,250,0,0
stim,54838,84959,0,84959,3282289.454,-0.539,-0.057,0.083,0.836,3054,157,221,3174,1884,2530,115,2503,62,1.347,1,2115,1,3.976,0.683,2.875,2.063,1.813,-0.160,0.094,1.031,-0.680,0.063,0.422,0.020,0.016,1.227,1.286,2,NULL,NULL,,3,0,2,7,255,939,250,0,0
stim,54838,84959,0,84959,3282294.455,-0.539,-0.057,0.083,0.836,3053,149,219,3163,1877,2531,111,2503,62,1.347,1,2115,1,4.402,0.624,2.125,1.125,3.688,-0.117,0.051,1.008,-0.621,0.063,0.422,0.022,0.018,1.227,1.286,2,NULL,NULL,,3,0,2,7,255,939,250,0,0
stim,54858,84979,0,84979,3282299.455,-0.538,-0.056,0.083,0.837,3055,139,215,3162,1869,2523,117,2492,62,1.347,1,2115,1,11.775,0.653,2.500,-0.375,11.500,-0.129,0.035,0.992,-0.410,0.508,0.129,0.026,0.020,1.227,1.286,2,NULL,NULL,,3,0,2,7,255,939,250,0,0
stim,54858,84979,0,84979,3282304.454,-0.538,-0.056,0.083,0.837,3052,139,191,3149,1867,2521,123,2493,62,1.347,1,2115,1,17.413,0.553,3.938,-2.250,16.813,-0.164,0.027,0.984,-0.219,0.508,-0.027,0.028,0.022,1.227,1.286,2,NULL,NULL,,3,0,2,7,255,939,250,0,0
stim,54858,84979,0,84979,3282309.455,-0.537,-0.056,0.083,0.838,3046,133,190,3141,1853,2517,119,2491,62,1.347,1,2115,1,19.270,0.215,6.000,-4.250,17.813,-0.180,0.031,0.977,0.004,0.215,-0.035,0.030,0.022,1.227,1.286,2,NULL,NULL,,3,0,2,7,255,939,250,0,0
stim,54858,84979,0,84979,3282314.453,-0.537,-0.055,0.084,0.838,3034,136,200,3140,1864,2511,131,2502,62,1.347,1,2115,1,20.727,0.039,9.188,-6.063,17.563,-0.172,0.055,0.977,0.004,0.039,-0.070,0.032,0.024,1.227,1.286,2,NULL,NULL,,3,0,2,7,255,939,250,0,0
stim,54882,85003,0,85003,3282319.455,-0.536,-0.055,0.084,0.838,3029,123,204,3126,1853,2513,131,2505,62,1.347,1,2115,1,22.998,0.184,11.625,-7.938,18.188,-0.164,0.078,0.984,-0.184,0.012,-0.070,0.034,0.024,1.227,1.286,2,NULL,NULL,,3,0,2,7,255,939,250,0,0
stim,54882,85003,0,85003,3282324.454,-0.535,-0.054,0.084,0.839,3007,107,205,3127,1859,2506,145,2513,62,1.347,1,2115,1,25.634,0.403,13.063,-9.563,19.875,-0.164,0.090,0.996,-0.402,-0.020,-0.012,0.036,0.024,1.227,1.286,2,NULL,NULL,,3,0,2,7,255,939,250,0,0
stim,54882,85003,0,85003,3282329.455,-0.535,-0.053,0.085,0.839,3012,107,211,3125,1852,2505,146,2515,62,1.347,1,2115,1,26.785,0.489,13.125,-11.063,20.563,-0.180,0.109,1.000,-0.488,-0.031,0.102,0.036,0.022,1.227,1.286,2,NULL,NULL,,3,0,2,7,255,939,250,0,0
stim,54882,85003,0,85003,3282334.454,-0.534,-0.052,0.085,0.840,2992,94,215,3103,1864,2505,150,2515,62,1.347,1,2115,1,25.642,0.646,13.000,-12.375,18.313,-0.188,0.137,1.004,-0.598,-0.246,0.188,0.038,0.020,1.227,1.286,2,NULL,NULL,,3,0,2,7,255,939,250,0,0
stim,54914,85035,0,85035,3282339.455,-0.533,-0.051,0.085,0.840,2981,99,229,3096,1885,2515,152,2535,62,1.347,1,2115,1,23.476,0.889,12.938,-13.375,14.313,-0.188,0.148,1.004,-0.770,-0.445,0.242,0.038,0.018,1.227,1.286,2,NULL,NULL,,3,0,2,7,255,939,250,0,0
stim,54914,85035,0,85035,3282344.453,-0.533,-0.051,0.085,0.840,2971,103,263,3083,1904,2515,155,2535,62,1.347,1,2115,1,22.253,0.927,12.313,-14.438,11.625,-0.184,0.145,1.012,-0.813,-0.445,0.273,0.038,0.018,1.227,1.286,2,NULL,NULL,,3,0,2,7,255,939,250,0,0
stim,54935,85057,0,85057,3282349.455,-0.533,-0.050,0.086,0.840,2951,110,297,3063,1945,2511,197,2549,62,1.347,1,2115,1,20.163,0.963,10.875,-14.875,8.188,-0.195,0.160,1.023,-0.848,-0.457,0.344,0.038,0.018,1.227,1.286,2,NULL,NULL,,3,0,2,7,255,939,250,0,0
stim,54935,85057,0,85057,3282354.454,-0.533,-0.049,0.086,0.840,2936,119,330,3044,1977,2507,235,2571,62,1.347,1,2115,1,17.818,1.069,8.875,-15.313,2.063,-0.199,0.172,1.023,-0.895,-0.586,0.480,0.040,0.018,1.227,1.286,2,NULL,NULL,,3,0,2,7,255,939,250,0,0
stim,54935,85057,0,85057,3282359.455,-0.533,-0.048,0.086,0.840,2915,125,377,3044,2019,2506,262,2587,62,1.347,1,2115,1,17.644,1.136,7.188,-15.625,-3.938,-0.184,0.172,1.020,-0.973,-0.586,0.480,0.044,0.020,1.227,1.286,2,NULL,NULL,,3,0,2,7,255,939,250,0,0
stim,54935,85057,0,85057,3282364.453,-0.533,-0.047,0.086,0.840,2879,136,461,3027,2053,2509,325,2596,62,1.347,1,2115,1,18.830,1.108,5.875,-16.438,-7.063,-0.176,0.164,1.016,-0.973,-0.531,0.441,0.046,0.022,1.227,1.286,2,NULL,NULL,,3,0,2,7,255,939,250,0,0
stim,54935,85057,0,85057,3282369.455,-0.534,-0.046,0.085,0.840,2861,156,519,3001,2095,2515,335,2613,62,1.347,1,2115,1,19.967,1.117,4.563,-17.688,-8.063,-0.180,0.168,1.012,-0.984,-0.527,0.379,0.048,0.026,1.227,1.286,2,NULL,NULL,,3,0,2,7,255,939,250,0,0
stim,54935,85057,0,85057,3282374.454,-0.534,-0.046,0.085,0.840,2843,157,603,2987,2153,2517,362,2633,62,1.347,1,2115,1,22.412,1.117,4.563,-18.688,-11.500,-0.195,0.184,1.008,-0.984,-0.527,0.336,0.052,0.030,1.227,1.286,2,NULL,NULL,,3,0,2,7,255,939,250,0,0
stim,54959,85080,0,85080,3282379.455,-0.535,-0.045,0.085,0.839,2807,172,691,2963,2205,2522,425,2653,62,1.347,1,2115,1,28.017,1.242,3.750,-19.063,-20.188,-0.207,0.180,1.039,-0.984,-0.758,0.336,0.056,0.034,1.227,1.286,2,NULL,NULL,,3,0,2,7,255,939,250,0,0
stim,54959,85080,0,85080,3282384.453,-0.536,-0.044,0.085,0.839,2777,187,757,2933,2264,2468,471,2659,62,1.347,1,2115,1,36.262,1.212,-1.500,-19.750,-30.375,-0.184,0.152,1.055,-0.945,-0.758,0.648,0.062,0.038,1.227,1.286,2,NULL,NULL,,3,0,2,7,255,939,250,0,0
stim,54959,85080,0,85080,3282389.455,-0.537,-0.044,0.084,0.838,2743,204,851,2923,2328,2523,525,2671,62,1.347,1,2115,1,38.054,0.982,-4.750,-19.938,-32.063,-0.121,0.129,1.000,-0.875,-0.445,0.648,0.066,0.046,1.227,1.286,2,NULL,NULL,,3,0,2,7,255,939,250,0,0
stim,54959,85080,0,85080,3282394.453,-0.538,-0.043,0.083,0.837,2709,227,981,2899,2363,2523,604,2695,62,1.347,1,2115,1,37.221,0.884,-5.688,-20.375,-30.625,-0.164,0.145,1.031,-0.824,-0.320,0.496,0.072,0.050,1.227,1.286,2,NULL,NULL,,3,0,2,7,255,939,250,0,0
stim,54959,85080,0,85080,3282399.455,-0.540,-0.043,0.082,0.837,2652,237,1101,2869,2410,2539,715,2709,62,1.347,1,2115,1,44.968,0.884,-11.688,-20.438,-38.313,-0.195,0.137,1.047,-0.824,-0.320,0.496,0.078,0.056,1.227,1.286,2,NULL,NULL,,3,0,2,7,255,939,250,0,0
stim,54959,85080,0,85080,3282404.454,-0.541,-0.042,0.081,0.836,2595,245,1184,2851,2461,2538,844,2727,62,1.347,1,2115,1,51.231,0.720,-16.188,-20.250,-44.188,-0.145,0.113,1.020,-0.645,-0.320,0.496,0.084,0.060,1.227,1.286,2,NULL,NULL,,3,0,2,7,255,939,250,0,0
stim,54959,85080,0,85080,3282409.457,-0.543,-0.042,0.080,0.835,2535,251,1292,2826,2485,2535,984,2739,62,1.347,1,2115,1,53.528,0.643,-19.188,-19.813,-45.875,-0.109,0.086,1.027,-0.637,-0.090,0.316,0.088,0.064,1.227,1.286,2,NULL,NULL,,3,0,2,7,255,939,250,0,0
stim,54959,85080,0,85080,3282414.453,-0.545,-0.042,0.078,0.834,2488,269,1419,2793,2533,2536,1113,2748,62,1.347,1,2115,1,56.034,0.623,-27.500,-19.375,-44.813,-0.109,0.039,1.051,-0.543,0.305,0.316,0.088,0.062,1.227,1.286,2,NULL,NULL,,3,0,2,7,255,939,250,0,0
stim,54979,85100,0,85100,3282419.455,-0.546,-0.042,0.076,0.833,2419,264,1549,2773,2577,2540,1238,2776,62,1.347,1,2115,1,61.313,0.529,-40.438,-19.250,-41.875,-0.109,-0.012,1.051,-0.133,0.512,0.523,0.086,0.062,1.227,1.286,2,NULL,NULL,,3,0,2,7,255,939,250,0,0
stim,54979,85100,0,85100,3282424.454,-0.548,-0.043,0.074,0.832,2347,275,1687,2735,2602,2543,1365,2779,62,1.347,1,2115,1,67.329,0.586,-51.063,-19.375,-39.375,-0.133,-0.016,1.027,0.285,0.512,0.523,0.084,0.058,1.227,1.286,2,NULL,NULL,,3,0,2,7,255,939,250,0,0
stim,54979,85100,0,85100,3282429.455,-0.549,-0.044,0.071,0.832,2278,299,1821,2701,2649,2555,1507,2798,62,1.347,1,2115,1,71.075,0.519,-53.813,-20.188,-41.813,-0.168,0.016,0.965,0.285,0.434,0.320,0.084,0.056,1.227,1.286,2,NULL,NULL,,3,0,2,7,255,939,250,0,0
stim,54979,85100,0,85100,3282434.453,-0.551,-0.044,0.068,0.831,2188,315,1901,2659,2681,2553,1615,2821,62,1.347,1,2115,1,74.278,0.256,-50.875,-22.438,-49.250,-0.191,0.063,0.965,0.211,-0.145,-0.156,0.082,0.054,1.227,1.286,2,NULL,NULL,,3,0,2,7,255,939,250,0,0
stim,55008,85129,0,85129,3282439.455,-0.553,-0.045,0.066,0.829,2093,318,2033,2613,2703,2553,1725,2835,62,1.347,1,2115,0,85.727,0.256,-56.188,-22.563,-60.688,-0.180,-0.016,1.043,0.211,-0.145,-0.156,0.082,0.052,1.227,1.286,2,NULL,NULL,,3,0,2,7,255,939,250,0,0
stim,55008,85129,0,85129,3282444.454,-0.555,-0.046,0.063,0.828,1992,327,2141,2559,2732,2557,1832,2840,62,1.347,1,2115,0,95.225,0.436,-64.250,-24.500,-65.875,-0.152,-0.059,0.996,0.422,-0.109,0.055,0.080,0.050,1.227,1.286,2,NULL,NULL,,3,0,2,7,255,939,250,0,0
stim,55041,85162,0,85162,3282449.455,-0.558,-0.046,0.059,0.827,1897,320,2253,2519,2769,2565,1925,2859,62,1.347,1,2115,0,93.120,0.462,-62.625,-25.875,-63.875,-0.121,-0.047,0.914,0.422,0.188,0.055,0.080,0.048,1.227,1.286,2,NULL,NULL,,3,0,2,7,255,939,250,0,0
stim,55041,85162,0,85162,3282454.453,-0.560,-0.047,0.057,0.825,1768,325,2330,2457,2783,2569,2023,2873,62,1.347,1,2115,0,90.280,0.447,-47.750,-26.875,-71.750,-0.184,-0.020,0.883,0.406,0.188,-0.797,0.080,0.044,1.227,1.286,2,NULL,NULL,,3,0,2,7,255,939,250,0,0
stim,55041,85162,0,85162,3282459.455,-0.563,-0.047,0.054,0.824,1611,299,2408,2351,2806,2564,2105,2878,62,1.347,1,2115,0,84.776,0.485,-36.438,-30.688,-70.125,-0.039,-0.137,0.980,0.406,0.266,-0.797,0.080,0.044,1.227,1.286,2,NULL,NULL,,3,0,2,7,255,939,250,0,0
stim,55041,85162,0,85162,3282464.454,-0.564,-0.047,0.052,0.823,1417,277,2487,2252,2843,2556,2189,2898,62,1.347,1,2115,0,71.383,1.566,-38.313,-30.500,-51.938,0.000,-0.152,1.063,0.805,1.344,-0.238,0.082,0.042,1.227,1.286,2,NULL,NULL,,3,0,2,7,255,939,250,0,0
stim,55041,85162,0,85162,3282469.455,-0.566,-0.047,0.049,0.822,1227,266,2537,2140,2869,2565,2267,2901,62,1.347,1,2115,0,65.708,1.566,-44.750,-32.063,-35.875,-0.086,-0.059,1.055,0.805,1.344,0.523,0.084,0.042,1.227,1.286,2,NULL,NULL,,3,0,2,7,255,939,250,0,0
stim,55041,85162,0,85162,3282474.454,-0.567,-0.046,0.047,0.821,1067,245,2591,2017,2876,2555,2336,2911,62,1.347,1,2115,0,66.599,0.655,-44.563,-33.563,-36.375,-0.141,0.035,1.020,0.219,0.617,0.523,0.088,0.042,1.227,1.286,2,NULL,NULL,,3,0,2,7,255,939,250,0,0
stim,55041,85162,0,85162,3282479.455,-0.568,-0.046,0.044,0.820,861,221,2629,1837,2899,2551,2413,2929,62,1.347,1,2115,0,66.761,0.512,-39.688,-34.875,-40.813,-0.129,0.035,1.012,-0.461,-0.223,0.277,0.092,0.046,1.227,1.286,2,NULL,NULL,,3,0,2,7,255,939,250,0,0
stim,55041,85162,0,85162,3282484.453,-0.570,-0.046,0.042,0.819,589,175,2666,1563,2921,2541,2461,2939,62,1.347,1,2115,0,63.608,0.551,-30.313,-37.688,-41.313,-0.102,0.035,1.004,-0.504,-0.223,0.176,0.096,0.048,1.227,1.286,2,NULL,NULL,,3,0,2,7,255,939,250,0,0
stim,55041,85162,0,85162,3282489.455,-0.571,-0.045,0.040,0.819,393,123,2696,1349,2925,2523,2516,2937,62,1.347,1,2115,0,61.621,0.504,-23.813,-40.375,-40.000,-0.102,0.000,1.082,-0.504,-0.012,0.176,0.102,0.052,1.227,1.286,2,NULL,NULL,,3,0,2,7,255,939,250,0,0
stim,55041,85162,0,85162,3282494.454,-0.572,-0.044,0.038,0.818,211,71,2727,1061,2961,2523,2574,2955,62,1.347,1,2115,0,60.929,0.373,-26.875,-42.875,-33.938,-0.059,-0.023,1.133,-0.352,0.125,0.824,0.104,0.056,1.227,1.286,2,NULL,NULL,,3,0,2,7,255,939,250,0,0
stim,55062,85183,0,85183,3282499.455,-0.573,-0.043,0.036,0.817,82,39,2773,807,2962,2511,2615,2972,62,1.347,1,2115,0,64.392,0.700,-36.000,-43.688,-30.688,-0.043,0.004,1.109,-0.352,0.605,1.031,0.102,0.058,1.227,1.286,2,NULL,NULL,,3,0,2,7,255,939,250,0,0
stim,55062,85183,0,85183,3282504.453,-0.574,-0.042,0.033,0.817,19,0,2793,533,2976,2495,2661,2973,62,1.347,1,2115,0,65.081,0.884,-37.063,-45.813,-27.625,-0.059,0.078,1.055,-0.645,0.605,1.031,0.100,0.058,1.227,1.286,2,NULL,NULL,,3,0,2,7,255,939,250,0,0
stim,55062,85183,0,85183,3282509.455,-0.575,-0.041,0.031,0.816,0,0,2812,331,2987,2473,2695,2982,62,1.347,1,2115,0,67.189,1.263,-36.563,-48.188,-29.250,-0.031,0.148,1.008,-1.258,0.113,0.512,0.094,0.060,1.227,1.286,2,NULL,NULL,,3,0,2,7,255,939,250,0,0
stim,55062,85183,0,85183,3282514.454,-0.577,-0.040,0.028,0.816,0,0,2843,235,3013,2438,2723,2984,62,1.347,1,2115,0,67.995,1.531,-27.375,-50.188,-36.813,-0.051,0.109,0.969,-1.531,0.016,0.004,0.090,0.060,1.227,1.286,2,NULL,NULL,,3,0,2,7,255,939,250,0,0
stim,55090,85212,0,85212,3282519.455,-0.577,-0.038,0.027,0.815,0,0,2857,153,3017,2419,2763,2999,62,1.347,1,2115,0,63.551,1.535,10.500,-58.500,-22.500,-0.238,-0.074,1.113,-1.531,-0.113,0.004,0.088,0.062,1.227,1.286,2,NULL,NULL,,3,0,2,7,255,939,250,0,0
stim,55090,85212,0,85212,3282524.454,-0.578,-0.034,0.027,0.815,0,0,2871,108,3028,2395,2793,2991,62,1.347,1,2115,0,88.201,1.361,51.375,-71.375,-6.750,-0.457,-0.207,1.457,0.699,-1.168,1.285,0.090,0.070,1.227,1.286,2,NULL,NULL,,3,0,2,7,255,939,250,0,0
stim,55090,85212,0,85212,3282529.455,-0.578,-0.030,0.028,0.815,0,0,2889,69,3039,2351,2810,2989,62,1.347,1,2115,0,109.861,3.364,69.125,-83.563,-17.563,-0.563,-0.145,1.910,2.211,-2.535,4.879,0.094,0.078,1.227,1.286,3,NULL,NULL,,3,0,2,7,255,939,250,0,0
stim,55090,85212,0,85212,3282534.454,-0.579,-0.026,0.026,0.814,0,0,2900,39,3038,2315,2843,3003,62,1.347,1,2115,0,93.796,3.364,4.313,-91.063,-22.063,-0.246,0.156,1.914,2.211,-2.535,9.059,0.100,0.088,1.227,1.286,3,NULL,NULL,,3,0,2,7,255,939,250,0,0
stim,55090,85212,0,85212,3282539.455,-0.580,-0.025,0.021,0.814,0,0,2906,5,3053,2265,2860,3001,62,1.347,1,2115,0,123.046,2.247,-80.375,-89.750,-25.000,-0.039,0.152,1.453,-1.539,-1.637,9.059,0.106,0.098,1.227,1.286,3,NULL,NULL,,3,0,2,7,255,939,250,0,0
stim,55090,85212,0,85212,3282544.453,-0.579,-0.023,0.016,0.815,0,0,2913,0,3077,2187,2877,3005,62,1.347,1,2115,0,122.507,2.073,-71.563,-98.563,13.125,-0.082,0.164,1.137,-1.887,-0.859,4.387,0.110,0.108,1.227,1.286,3,NULL,NULL,,3,0,2,7,255,939,250,0,0
stim,55136,85257,0,85257,3282549.455,-0.578,-0.020,0.012,0.816,0,0,2903,0,3077,2102,2901,2999,62,1.347,1,2115,0,118.145,2.073,-29.375,-108.563,36.188,-0.234,0.176,1.094,-1.887,-0.859,1.293,0.116,0.118,1.227,1.286,3,NULL,NULL,,3,0,2,7,255,939,250,0,0
stim,55136,85257,0,85257,3282554.454,-0.577,-0.016,0.010,0.816,0,0,2901,0,3080,1980,2917,2999,62,1.347,1,2115,0,118.966,2.839,-6.063,-116.375,23.938,-0.344,0.055,1.184,-1.469,-2.430,1.293,0.122,0.128,1.227,1.286,3,NULL,NULL,,3,0,2,7,255,939,250,0,0
stim,55136,85257,0,85257,3282559.455,-0.577,-0.012,0.007,0.817,0,0,2891,0,3087,1848,2924,2999,62,1.347,1,2115,0,123.719,2.602,0.563,-123.313,10.000,-0.344,-0.133,1.313,-0.004,-2.602,1.895,0.126,0.140,1.227,1.286,3,NULL,NULL,,3,0,2,7,255,939,250,0,0
stim,55136,85257,0,85257,3282564.453,-0.576,-0.008,0.003,0.817,0,0,2890,0,3097,1691,2933,3001,62,1.347,1,2115,0,131.695,3.116,-5.313,-131.063,11.750,-0.277,-0.285,1.371,1.715,-2.602,3.199,0.130,0.152,1.227,1.286,3,NULL,NULL,,3,0,2,7,255,939,250,0,0
stim,55136,85257,0,85257,3282569.455,-0.575,-0.003,-0.001,0.818,0,0,2879,0,3097,1493,2941,2991,62,1.347,1,2115,0,139.591,3.333,-13.063,-137.750,18.438,-0.250,-0.359,1.309,2.914,-1.617,3.199,0.136,0.164,1.227,1.286,3,NULL,NULL,,3,0,2,7,255,939,250,0,0
stim,55136,85257,0,85257,3282574.454,-0.574,0.001,-0.005,0.819,0,0,2867,0,3097,1239,2961,2987,62,1.347,1,2115,0,147.925,3.477,-16.938,-145.000,23.875,-0.242,-0.305,1.242,3.133,-1.508,3.164,0.142,0.176,1.227,1.286,3,NULL,NULL,,3,0,2,7,255,939,250,0,0
stim,55136,85257,0,85257,3282579.455,-0.573,0.006,-0.009,0.819,0,0,2851,0,3099,989,2971,2973,62,1.347,1,2115,0,156.103,3.477,-15.125,-152.938,27.375,-0.234,-0.195,1.195,3.133,-1.508,2.438,0.148,0.188,1.227,1.286,3,NULL,NULL,,3,0,2,7,255,939,250,0,0
stim,55136,85257,0,85257,3282584.453,-0.572,0.011,-0.013,0.820,0,0,2813,0,3101,742,2973,2971,62,1.347,1,2115,0,165.194,2.884,-3.500,-162.125,31.500,-0.262,-0.102,1.164,2.133,-1.941,1.930,0.158,0.202,1.227,1.286,3,NULL,NULL,,3,0,2,7,255,939,250,0,0
stim,55136,85257,0,85257,3282589.455,-0.570,0.018,-0.017,0.821,0,0,2779,0,3102,530,2987,2951,62,1.347,1,2115,0,175.935,2.994,10.688,-172.875,30.875,-0.273,-0.055,1.176,1.434,-2.629,1.598,0.168,0.216,1.227,1.286,3,NULL,NULL,,3,0,2,7,255,939,250,0,0
stim,55136,85257,0,85257,3282594.453,-0.569,0.025,-0.021,0.822,0,0,2724,0,3108,362,2999,2939,62,1.347,1,2115,0,187.684,2.898,25.563,-183.375,30.750,-0.203,-0.035,1.246,1.113,-2.676,1.598,0.182,0.234,1.227,1.286,3,NULL,NULL,,3,0,2,7,255,939,250,0,0
stim,55159,85280,0,85280,3282599.455,-0.567,0.032,-0.024,0.823,0,0,2685,0,3109,165,3003,2911,62,1.347,1,2115,0,197.994,2.913,32.500,-192.500,33.000,-0.164,0.027,1.344,0.785,-2.805,2.270,0.200,0.252,1.227,1.286,3,NULL,NULL,,3,0,2,7,255,939,250,0,0
stim,55159,85280,0,85280,3282604.453,-0.565,0.040,-0.028,0.823,0,0,2618,0,3112,89,3001,2885,62,1.347,1,2115,0,206.374,2.811,31.063,-200.500,37.750,-0.172,0.145,1.414,0.188,-2.805,3.176,0.224,0.274,1.227,1.286,3,NULL,NULL,,3,0,2,7,255,939,250,0,0
stim,55159,85280,0,85280,3282609.455,-0.563,0.048,-0.032,0.824,0,0,2537,0,3097,28,3000,2845,62,1.347,1,2115,0,214.498,3.601,34.188,-208.875,34.813,-0.242,0.230,1.445,-0.742,-3.523,3.762,0.252,0.304,1.227,1.286,3,NULL,NULL,,3,0,2,7,255,939,250,0,0
stim,55159,85280,0,85280,3282614.454,-0.562,0.057,-0.036,0.825,0,0,2453,0,3110,7,3005,2807,62,1.347,1,2115,0,225.789,4.874,35.188,-220.813,31.375,-0.262,0.324,1.648,-1.156,-4.734,3.902,0.292,0.342,1.227,1.286,3,NULL,NULL,,3,0,2,7,255,939,250,0,0
stim,55182,85303,0,85303,3282619.455,-0.560,0.066,-0.041,0.825,0,0,2328,0,3095,45,2997,2761,62,1.347,1,2115,0,234.367,6.003,27.625,-231.125,27.313,-0.336,0.398,1.988,-1.711,-5.754,5.758,0.342,0.394,1.227,1.286,3,NULL,NULL,,3,0,2,7,255,939,250,0,0
stim,55182,85303,0,85303,3282624.454,-0.558,0.075,-0.046,0.825,0,0,2185,0,3081,71,2987,2697,62,1.347,1,2115,0,250.164,7.674,28.938,-246.938,27.688,-0.512,0.320,2.531,-1.711,-7.480,8.844,0.406,0.458,1.227,1.286,3,NULL,NULL,,3,0,2,7,255,939,250,0,0
stim,55182,85303,0,85303,3282629.455,-0.556,0.085,-0.052,0.825,0,0,1997,0,3065,74,2979,2621,62,1.347,1,2115,0,276.531,10.039,8.500,-273.500,39.938,-0.652,0.355,2.988,-0.074,-10.039,13.656,0.484,0.536,1.227,1.286,3,NULL,NULL,,3,0,2,7,255,939,250,0,0
stim,55182,85303,1,85303,3282634.453,-0.553,0.095,-0.062,0.825,0,0,1833,0,3033,91,2953,2534,62,1.347,1,2115,0,313.921,12.789,-47.563,-305.563,54.000,-0.848,0.629,3.094,-0.074,-12.789,17.539,0.570,0.622,1.227,1.286,3,NULL,NULL,,3,1,2,7,255,939,250,0,0
stim,55208,85329,1,85329,3282639.455,-0.550,0.104,-0.074,0.825,0,0,1663,0,3006,94,2933,2403,62,1.347,1,2115,0,353.956,16.496,-100.625,-336.125,46.688,-0.961,0.984,3.023,-0.941,-16.469,17.539,0.664,0.714,1.227,1.286,3,NULL,NULL,,3,1,2,7,255,939,250,0,0
stim,55208,85329,1,85329,3282644.454,-0.548,0.114,-0.087,0.824,0,0,1545,0,2975,101,2895,2253,62,1.347,1,2115,0,391.205,19.775,-133.813,-366.250,31.563,-0.973,1.277,3.043,-3.699,-19.426,16.125,0.766,0.816,1.227,1.286,3,NULL,NULL,,3,1,2,7,255,939,250,0,0
stim,55241,85362,1,85362,3282649.455,-0.546,0.124,-0.102,0.822,0,0,1416,0,2931,109,2839,2119,62,1.347,1,2115,0,425.466,22.436,-157.000,-395.188,14.125,-0.984,1.289,3.020,-6.254,-21.547,15.473,0.872,0.922,1.227,1.286,3,NULL,NULL,,3,1,2,7,255,939,250,0,0
stim,55241,85362,1,85362,3282654.453,-0.545,0.135,-0.119,0.819,0,0,1311,0,2875,105,2776,1971,62,1.347,1,2115,0,457.944,23.398,-179.750,-421.188,1.875,-1.074,1.074,3.059,-6.254,-22.547,14.402,0.984,1.036,1.227,1.286,3,NULL,NULL,,3,1,2,7,255,939,250,0,0
stim,55241,85362,1,85362,3282659.457,-0.544,0.146,-0.137,0.815,0,0,1182,0,2803,105,2675,1829,62,1.347,1,2115,0,488.902,23.437,-198.750,-446.500,-12.688,-1.094,0.645,3.023,-4.086,-23.078,13.688,1.098,1.150,1.227,1.286,3,NULL,NULL,,3,1,2,7,255,939,250,0,0
stim,55241,85362,1,85362,3282664.454,-0.542,0.159,-0.155,0.811,0,0,1042,0,2719,85,2521,1690,62,1.347,1,2115,0,514.430,23.439,-187.438,-478.875,-13.563,-1.180,0.426,2.898,-0.223,-23.438,12.672,1.212,1.266,1.227,1.286,3,NULL,NULL,,3,1,2,7,255,939,250,0,0
stim,55241,85362,1,85362,3282669.455,-0.540,0.172,-0.173,0.806,0,0,915,0,2605,69,2335,1543,62,1.347,1,2115,0,535.534,23.439,-193.125,-498.813,-26.188,-1.113,0.688,2.832,-0.223,-23.438,10.383,1.322,1.380,1.227,1.286,3,NULL,NULL,,3,1,2,7,255,939,250,0,0
stim,55241,85362,1,85362,3282674.454,-0.539,0.186,-0.191,0.799,0,0,763,0,2443,39,2053,1349,62,1.347,1,2115,0,540.859,23.439,-178.563,-507.500,-55.563,-0.922,0.555,2.828,-0.285,-23.438,8.695,1.428,1.486,1.227,1.286,3,NULL,NULL,,3,1,2,7,255,939,250,0,0
stim,55241,85362,1,85362,3282679.455,-0.536,0.201,-0.208,0.793,0,0,574,0,2237,0,1747,1143,62,1.347,1,2115,0,543.620,23.310,-151.000,-520.063,-47.500,-0.746,0.070,2.926,-0.285,-23.309,8.695,1.524,1.586,1.227,1.286,3,NULL,NULL,,3,1,2,7,255,939,250,0,0
stim,55241,85362,1,85362,3282684.453,-0.532,0.215,-0.227,0.787,0,0,360,0,1966,0,1309,937,62,1.347,1,2115,0,562.417,22.150,-159.188,-539.375,6.813,-0.766,-0.445,2.832,3.645,-21.848,8.723,1.616,1.680,1.227,1.286,3,NULL,NULL,,3,1,2,7,255,939,250,0,0
stim,55242,85363,1,85363,3282689.455,-0.526,0.229,-0.246,0.781,0,0,238,0,1640,0,795,778,62,1.347,1,2115,0,585.568,22.440,-189.500,-553.125,32.125,-0.688,-0.516,2.184,8.430,-20.797,8.723,1.712,1.778,1.227,1.286,3,NULL,NULL,,3,1,2,7,255,939,250,0,0
stim,55242,85363,1,85363,3282694.454,-0.520,0.245,-0.265,0.774,0,0,169,0,1307,0,279,615,62,1.347,1,2115,0,584.529,18.902,-146.250,-565.688,16.813,-0.688,-0.461,1.590,8.430,-16.918,3.348,1.816,1.886,1.227,1.286,3,NULL,NULL,,3,1,2,7,255,939,250,0,0
stim,55264,85385,1,85385,3282699.455,-0.513,0.262,-0.280,0.768,0,0,95,0,928,0,23,460,62,1.347,1,2115,0,575.849,15.865,-69.813,-570.688,32.313,-0.559,-0.004,1.492,7.586,-13.934,-1.957,1.936,2.004,1.227,1.286,3,NULL,NULL,,3,1,2,7,255,939,250,0,0
stim,55264,85385,1,85385,3282704.453,-0.503,0.279,-0.295,0.763,0,0,64,0,439,0,0,365,62,1.347,1,2115,0,572.693,14.257,-22.125,-568.938,61.625,-0.691,0.426,1.820,3.020,-13.934,-3.309,2.060,2.130,1.227,1.286,3,NULL,NULL,,3,1,2,7,255,939,250,0,0
stim,55264,85385,1,85385,3282709.455,-0.490,0.296,-0.310,0.759,0,0,19,0,50,0,0,268,62,1.347,1,2115,0,607.088,18.704,-22.000,-584.313,163.250,-1.262,0.480,1.973,2.023,-18.594,-3.613,2.182,2.252,1.227,1.286,3,NULL,NULL,,3,1,2,7,255,939,250,0,0
stim,55264,85385,1,85385,3282714.454,-0.475,0.310,-0.328,0.756,0,0,17,0,0,0,0,187,62,1.347,1,2115,0,638.347,23.376,-64.000,-597.250,216.063,-1.672,0.715,1.840,1.609,-23.320,-7.930,2.290,2.360,1.227,1.286,3,NULL,NULL,,3,1,2,7,255,939,250,0,0
stim,55264,85385,1,85385,3282719.455,-0.463,0.324,-0.346,0.749,0,0,17,0,0,0,0,94,62,1.347,1,2115,0,605.076,23.376,-132.563,-571.750,147.125,-1.438,1.254,1.504,1.609,-23.320,-13.543,2.370,2.438,1.227,1.286,4,NULL,NULL,,3,1,2,7,255,939,250,0,0
stim,55264,85385,1,85385,3282724.454,-0.455,0.336,-0.363,0.741,0,0,10,0,0,0,0,39,62,1.347,1,2115,0,554.940,23.075,-181.125,-520.000,68.938,-1.004,1.688,1.328,-4.336,-22.664,-15.508,2.416,2.484,1.227,1.286,0,NULL,NULL,,3,1,2,7,255,939,250,0,0
stim,55293,85414,1,85414,3282729.455,-0.448,0.343,-0.382,0.732,0,0,17,0,0,0,0,41,62,1.347,1,2115,0,525.078,22.639,-268.250,-442.625,88.500,-0.789,1.813,1.102,-10.012,-20.305,-16.023,2.446,2.514,1.227,1.286,0,NULL,NULL,,3,1,2,7,255,939,250,0,0
stim,55293,85414,1,85414,3282734.454,-0.443,0.346,-0.402,0.723,0,0,11,0,0,0,0,58,62,1.347,1,2115,0,509.328,20.239,-337.000,-363.313,117.688,-0.543,1.418,0.762,-10.105,-17.535,-15.508,2.488,2.558,1.227,1.286,0,NULL,NULL,,3,1,2,7,255,939,250,0,0
stim,55293,85414,1,85414,3282739.455,-0.440,0.347,-0.416,0.716,0,0,10,0,0,0,0,77,62,1.347,1,2115,0,363.285,15.889,-262.375,-243.688,61.250,-0.531,0.602,0.668,-10.105,-12.262,-15.172,2.550,2.622,1.227,1.286,0,NULL,NULL,,3,1,2,7,255,939,250,0,0
stim,55293,85414,1,85414,3282744.453,-0.439,0.347,-0.424,0.712,0,0,5,0,0,0,0,149,62,1.347,1,2115,0,226.244,12.169,-168.438,-145.875,39.188,-0.797,-0.316,1.098,-2.926,-11.813,-13.445,2.620,2.692,1.227,1.286,0,NULL,NULL,,3,1,2,7,255,939,250,0,0
stim,55293,85414,1,85414,3282749.455,-0.440,0.345,-0.432,0.708,0,0,5,0,0,0,0,147,62,1.347,1,2115,0,201.063,13.570,-193.688,-46.500,27.375,-0.984,-0.344,1.363,6.680,-11.813,-12.000,2.686,2.760,1.227,1.286,0,NULL,NULL,,3,1,2,7,255,939,250,0,0
stim,55293,85414,1,85414,3282754.454,-0.446,0.337,-0.439,0.703,0,0,6,0,0,0,0,117,62,1.347,1,2115,0,292.806,13.570,-285.750,63.750,4.250,-0.934,0.184,0.570,6.680,-11.813,-12.000,2.754,2.828,1.227,1.286,0,NULL,NULL,,3,1,2,7,255,939,250,0,0
stim,55342,85463,1,85463,3282759.456,-0.453,0.327,-0.444,0.700,0,0,2,0,0,0,0,72,62,1.347,1,2115,0,312.707,8.814,-270.438,157.000,-0.125,-0.840,0.785,-0.508,1.992,-8.586,-16.215,2.820,2.894,1.227,1.286,0,NULL,NULL,,3,1,2,7,255,939,250,0,0
stim,55342,85463,1,85463,3282764.454,-0.459,0.318,-0.444,0.701,0,0,0,0,0,0,0,44,62,1.347,1,2115,0,255.329,4.260,-132.188,218.375,5.625,-0.867,1.082,-0.750,-4.238,0.434,-21.391,2.884,2.958,1.227,1.286,0,NULL,NULL,,3,1,2,7,255,939,250,0,0
stim,55342,85463,1,85463,3282769.455,-0.464,0.310,-0.439,0.704,0,0,0,0,0,0,0,23,62,1.347,1,2115,0,256.327,4.260,-5.750,256.250,2.500,-0.949,0.797,-0.023,-4.238,0.434,-21.391,2.942,3.016,1.227,1.286,0,NULL,NULL,,3,1,2,7,255,939,250,0,0
stim,55342,85463,1,85463,3282774.454,-0.470,0.302,-0.433,0.708,0,0,0,0,0,0,0,17,62,1.347,1,2115,0,283.397,5.983,4.625,283.313,-5.125,-0.910,0.379,0.609,-3.801,-4.621,-20.434,2.988,3.064,1.227,1.286,0,NULL,NULL,,3,1,2,7,255,939,250,0,0
stim,55342,85463,1,85463,3282779.455,-0.476,0.291,-0.428,0.711,0,0,0,0,0,0,0,0,62,1.347,1,2115,0,304.789,9.081,-48.250,300.875,6.500,-0.762,0.250,0.625,-0.234,-9.078,-15.934,3.028,3.104,1.227,1.286,0,NULL,NULL,,3,1,2,7,255,939,250,0,0
stim,55342,85463,1,85463,3282784.454,-0.482,0.280,-0.425,0.714,0,0,0,0,0,0,0,1,62,1.347,1,2115,0,319.729,9.081,-79.375,307.750,34.875,-0.656,0.359,0.168,-0.234,-9.078,-15.469,3.062,3.140,1.227,1.286,0,NULL,NULL,,3,1,2,7,255,939,250,0,0
stim,55342,85463,1,85463,3282789.455,-0.487,0.268,-0.420,0.717,0,0,0,0,0,0,0,0,62,1.347,1,2115,0,317.742,5.019,-51.438,307.938,59.063,-0.664,0.504,-0.262,-0.984,-4.922,-15.469,3.094,3.172,1.227,1.286,0,NULL,NULL,,3,1,2,7,255,939,250,0,0
stim,55342,85463,1,85463,3282794.453,-0.491,0.257,-0.414,0.722,0,0,0,0,0,0,0,0,62,1.347,1,2115,0,311.838,2.603,7.250,304.688,66.000,-0.695,0.543,-0.336,-2.027,-1.633,-18.004,3.124,3.202,1.227,1.286,0,NULL,NULL,,3,1,2,7,255,939,250,0,0
stim,55361,85482,1,85482,3282799.455,-0.494,0.248,-0.407,0.728,0,0,0,0,0,0,0,0,62,1.347,1,2115,0,314.972,2.603,50.500,304.000,65.125,-0.633,0.477,-0.164,-2.027,-1.633,-18.004,3.154,3.232,1.227,1.286,0,NULL,NULL,,3,1,2,7,255,939,250,0,0
stim,55361,85482,1,85482,3282804.454,-0.496,0.238,-0.398,0.734,0,0,0,0,0,0,0,0,62,1.347,1,2115,0,328.831,2.378,69.125,309.750,86.063,-0.301,0.250,-0.066,-1.832,-1.516,-17.117,3.186,3.264,1.227,1.286,0,NULL,NULL,,3,1,2,7,255,939,250,0,0
stim,55361,85482,1,85482,3282809.455,-0.497,0.228,-0.390,0.741,0,0,0,0,0,0,0,0,62,1.347,1,2115,0,343.583,2.947,79.438,308.563,128.563,-0.500,0.355,0.008,-1.309,-2.641,-14.625,3.220,3.300,1.227,1.286,0,NULL,NULL,,3,1,2,7,255,939,250,0,0
stim,55361,85482,1,85482,3282814.453,-0.498,0.218,-0.381,0.748,0,0,0,0,0,0,0,0,62,1.347,1,2115,0,345.620,3.707,97.063,310.250,117.375,-0.793,0.504,0.059,-1.309,-3.469,-14.625,3.258,3.338,1.227,1.286,0,NULL,NULL,,3,1,2,7,255,939,250,0,0
stim,55391,85512,1,85512,3282819.455,-0.500,0.209,-0.371,0.754,0,0,0,0,0,0,0,0,62,1.347,1,2115,0,340.665,6.095,118.750,312.625,64.938,-0.805,0.391,0.215,-1.309,-5.953,-15.320,3.298,3.378,1.227,1.286,0,NULL,NULL,,3,1,2,7,255,939,250,0,0
stim,55391,85512,1,85512,3282824.454,-0.503,0.201,-0.360,0.760,0,0,0,0,0,0,0,0,62,1.347,1,2115,0,345.925,5.993,135.688,315.250,43.250,-0.484,0.172,0.352,-0.496,-5.973,-15.320,3.338,3.420,1.227,1.286,0,NULL,NULL,,3,1,2,7,255,939,250,0,0
stim,55391,85512,1,85512,3282829.455,-0.505,0.193,-0.349,0.766,0,0,0,0,0,0,0,0,62,1.347,1,2115,0,356.414,7.201,143.688,321.313,56.063,-0.410,0.199,0.594,-0.496,-7.184,-11.375,3.382,3.464,1.227,1.286,0,NULL,NULL,,3,1,2,7,255,939,250,0,0
stim,55391,85512,1,85512,3282834.453,-0.507,0.184,-0.337,0.772,0,0,0,0,0,0,0,0,62,1.347,1,2115,0,362.459,7.388,139.563,327.438,68.438,-0.457,0.277,0.805,-0.688,-7.355,-9.188,3.426,3.508,1.227,1.286,0,NULL,NULL,,3,1,2,7,255,939,250,0,0
stim,55391,85512,1,85512,3282839.455,-0.509,0.175,-0.326,0.777,0,0,0,0,0,0,0,0,62,1.347,1,2115,0,363.454,9.387,128.063,335.000,58.938,-0.570,0.379,0.977,-1.352,-9.289,-8.102,3.472,3.554,1.227,1.286,0,NULL,NULL,,3,1,2,7,255,939,250,0,0
stim,55391,85512,1,85512,3282844.453,-0.512,0.165,-0.314,0.782,0,0,0,0,0,0,0,0,62,1.347,1,2115,0,363.919,11.570,113.000,344.250,34.063,-0.520,0.348,1.055,-1.941,-11.406,-7.625,3.518,3.600,1.227,1.286,0,NULL,NULL,,3,1,2,7,255,939,250,0,0
stim,55441,85562,1,85562,3282849.455,-0.516,0.155,-0.303,0.786,0,0,0,0,0,0,0,0,62,1.347,1,2115,0,366.962,11.574,100.375,352.250,22.500,-0.418,0.297,1.082,-1.965,-11.406,-6.313,3.562,3.646,1.227,1.286,0,NULL,NULL,,3,1,2,7,255,939,250,0,0
stim,55441,85562,1,85562,3282854.454,-0.520,0.145,-0.292,0.790,0,0,0,0,0,0,0,0,62,1.347,1,2115,0,370.492,11.033,87.813,359.625,14.938,-0.422,0.336,1.125,-2.035,-10.844,-5.043,3.606,3.690,1.227,1.286,0,NULL,NULL,,3,1,2,7,255,939,250,0,0
stim,55441,85562,1,85562,3282859.457,-0.524,0.134,-0.281,0.793,0,0,0,0,0,0,0,0,62,1.347,1,2115,0,374.609,10.884,74.813,367.063,0.000,-0.371,0.297,1.105,-2.410,-10.613,-4.551,3.648,3.732,1.227,1.286,0,NULL,NULL,,3,1,2,7,255,939,250,0,0
stim,55441,85562,1,85562,3282864.453,-0.529,0.123,-0.270,0.795,0,0,0,0,0,0,0,0,62,1.347,1,2115,0,379.714,10.340,67.313,373.563,-10.125,-0.285,0.250,1.027,-2.410,-10.055,-4.000,3.688,3.774,1.227,1.286,0,NULL,NULL,,3,1,2,7,255,939,250,0,0
stim,55441,85562,1,85562,3282869.455,-0.534,0.112,-0.259,0.797,0,0,0,0,0,0,0,0,62,1.347,1,2115,0,388.397,8.923,64.875,382.188,-24.000,-0.195,0.195,0.938,-2.344,-8.609,-3.750,3.726,3.812,1.227,1.286,0,NULL,NULL,,3,1,2,7,255,939,250,0,0
stim,55441,85562,1,85562,3282874.454,-0.540,0.100,-0.247,0.799,0,0,0,0,0,0,0,0,62,1.347,1,2115,0,395.591,7.396,75.063,387.563,-25.563,-0.086,0.109,0.781,-2.207,-7.059,-3.750,3.764,3.850,1.227,1.286,0,NULL,NULL,,3,1,2,7,255,939,250,0,0
stim,55441,85562,1,85562,3282879.455,-0.544,0.089,-0.234,0.801,0,0,0,0,0,0,0,0,62,1.347,1,2115,0,402.497,5.435,96.375,390.438,-16.563,-0.086,0.152,0.781,-2.184,-4.977,-3.973,3.798,3.884,1.227,1.286,0,NULL,NULL,,3,1,2,7,255,939,250,0,0
stim,55441,85562,0,85562,3282884.453,-0.549,0.079,-0.221,0.803,0,0,0,0,0,0,0,0,62,1.347,1,2115,0,405.796,5.435,117.063,388.438,-9.125,-0.113,0.184,0.836,-2.184,-4.977,-3.973,3.828,3.914,1.227,1.286,0,NULL,NULL,,3,0,2,7,255,939,250,0,0
stim,55441,85562,0,85562,3282889.455,-0.552,0.069,-0.207,0.805,0,0,0,0,0,0,0,0,62,1.347,1,2115,0,409.116,5.757,135.188,386.063,-7.500,-0.074,0.227,0.961,-2.473,-5.199,-3.520,3.858,3.944,1.227,1.286,0,NULL,NULL,,3,0,2,7,255,939,250,0,0
stim,55441,85562,0,85562,3282894.454,-0.556,0.059,-0.192,0.807,0,0,0,0,0,0,0,0,62,1.347,1,2115,0,408.088,6.127,146.563,380.813,-6.063,-0.035,0.238,1.043,-3.242,-5.199,-2.250,3.886,3.972,1.227,1.286,0,NULL,NULL,,3,0,2,7,255,939,250,0,0
stim,55467,85588,0,85588,3282899.455,-0.559,0.050,-0.177,0.808,0,0,0,0,0,0,0,0,62,1.347,1,2115,0,409.800,6.034,162.250,376.313,0.188,0.055,0.168,1.098,-3.383,-4.996,-1.246,3.912,3.998,1.227,1.286,0,NULL,NULL,,3,0,2,7,255,939,250,0,0
stim,55467,85588,0,85588,3282904.454,-0.561,0.041,-0.162,0.811,0,0,0,0,0,0,0,0,62,1.347,1,2115,0,410.867,5.285,176.625,370.625,15.875,0.043,0.195,1.160,-3.598,-3.871,-0.152,3.936,4.024,1.227,1.286,0,NULL,NULL,,3,0,2,7,255,939,250,0,0
stim,55467,85588,0,85588,3282909.455,-0.563,0.032,-0.146,0.813,0,0,0,0,0,0,0,0,62,1.347,1,2115,0,412.489,5.319,187.563,366.750,21.500,-0.016,0.262,1.234,-3.648,-3.871,0.477,3.962,4.048,1.227,1.286,0,NULL,NULL,,3,0,2,7,255,939,250,0,0
stim,55467,85588,0,85588,3282914.454,-0.564,0.024,-0.130,0.815,0,0,0,0,0,0,0,0,62,1.347,1,2115,0,416.273,6.059,204.188,361.875,25.250,-0.035,0.281,1.316,-4.117,-4.445,1.039,3.984,4.072,1.227,1.286,0,NULL,NULL,,3,0,2,7,255,939,250,0,0
stim,55469,85590,0,85590,3282919.455,-0.566,0.017,-0.113,0.817,0,0,0,0,0,0,0,6,62,1.347,1,2115,0,421.908,6.173,223.000,357.063,28.000,-0.066,0.277,1.477,-4.242,-4.484,1.898,4.004,4.092,1.227,1.286,0,NULL,NULL,,3,0,2,7,255,939,250,0,0
stim,55469,85590,0,85590,3282924.454,-0.566,0.010,-0.096,0.818,0,0,0,0,0,0,0,11,62,1.347,1,2115,0,423.791,6.290,233.250,352.688,28.375,-0.113,0.270,1.695,-4.242,-4.645,3.555,4.018,4.104,1.227,1.286,0,NULL,NULL,,3,0,2,7,255,939,250,0,0
stim,55491,85612,0,85612,3282929.455,-0.567,0.003,-0.079,0.820,0,0,0,0,0,0,0,8,62,1.347,1,2115,0,420.348,6.522,233.375,348.625,26.250,-0.152,0.285,1.906,-4.262,-4.938,5.809,4.026,4.112,1.227,1.286,0,NULL,NULL,,3,0,2,7,255,939,250,0,0
stim,55491,85612,0,85612,3282934.453,-0.568,-0.003,-0.063,0.821,0,0,0,0,0,0,0,9,62,1.347,1,2115,0,412.889,6.525,226.250,344.688,21.875,-0.160,0.316,2.078,-4.266,-4.938,7.977,4.024,4.112,1.227,1.286,0,NULL,NULL,,3,0,2,7,255,939,250,0,0
stim,55491,85612,0,85612,3282939.455,-0.568,-0.010,-0.047,0.821,0,0,0,0,0,0,0,6,62,1.347,1,2115,0,404.126,6.662,216.188,341.000,17.313,-0.152,0.340,2.207,-4.578,-4.840,9.785,4.016,4.104,1.227,1.286,0,NULL,NULL,,3,0,2,7,255,939,250,0,0
stim,55491,85612,0,85612,3282944.454,-0.569,-0.017,-0.031,0.821,0,0,0,0,0,0,0,9,62,1.347,1,2115,0,395.224,6.404,205.500,337.375,12.250,-0.141,0.340,2.313,-4.805,-4.234,11.223,3.998,4.086,1.227,1.286,0,NULL,NULL,,3,0,2,7,255,939,250,0,0
stim,55541,85662,0,85662,3282949.455,-0.570,-0.024,-0.015,0.821,0,0,0,0,0,0,0,7,62,1.347,1,2115,0,386.796,5.905,193.750,334.750,3.813,-0.117,0.293,2.383,-4.805,-3.434,12.398,3.970,4.060,1.227,1.286,0,NULL,NULL,,3,0,2,7,255,939,250,0,0
stim,55541,85662,0,85662,3282954.453,-0.571,-0.032,-0.000,0.820,0,0,0,0,0,0,0,11,62,1.347,1,2115,0,379.127,4.959,180.813,333.188,-5.500,-0.063,0.195,2.398,-4.387,-2.313,13.254,3.930,4.020,1.227,1.286,0,NULL,NULL,,3,0,2,7,255,939,250,0,0
stim,55541,85662,0,85662,3282959.455,-0.572,-0.039,0.014,0.819,0,0,0,0,0,0,0,9,62,1.347,1,2115,0,373.673,3.650,170.875,332.125,-11.250,0.023,0.117,2.332,-3.578,-0.719,13.254,3.876,3.968,1.227,1.286,0,NULL,NULL,,3,0,2,7,255,939,250,0,0
stim,55541,85662,0,85662,3282964.454,-0.573,-0.047,0.028,0.818,0,0,0,0,0,0,0,8,62,1.347,1,2115,0,373.062,3.192,170.563,331.375,-16.563,0.094,0.023,2.207,-3.012,1.059,12.852,3.810,3.902,1.227,1.286,0,NULL,NULL,,3,0,2,7,255,939,250,0,0
stim,55541,85662,0,85662,3282969.455,-0.574,-0.053,0.043,0.816,0,0,0,0,0,0,0,13,62,1.347,1,2115,0,377.878,3.442,183.563,329.500,-22.938,0.180,-0.082,2.105,-2.203,2.645,11.582,3.730,3.822,1.227,1.286,0,NULL,NULL,,3,0,2,7,255,939,250,0,0
stim,55541,85662,0,85662,3282974.454,-0.575,-0.060,0.058,0.814,0,0,0,0,0,0,0,29,62,1.347,1,2115,0,387.034,4.546,206.250,326.375,-27.125,0.332,-0.176,2.051,-1.316,4.352,10.406,3.636,3.728,1.227,1.286,0,NULL,NULL,,3,0,2,7,255,939,250,0,0
stim,55541,85662,0,85662,3282979.455,-0.576,-0.065,0.075,0.811,0,0,0,0,0,0,0,35,62,1.347,1,2115,0,400.859,6.688,237.625,321.438,-30.000,0.520,-0.258,2.066,-0.758,6.645,9.496,3.528,3.622,1.227,1.286,0,NULL,NULL,,3,0,2,7,255,939,250,0,0
stim,55541,85662,0,85662,3282984.454,-0.577,-0.070,0.092,0.808,0,0,0,0,0,0,0,39,62,1.347,1,2115,0,417.981,9.316,270.563,317.188,-29.938,0.766,-0.223,2.152,-0.758,9.285,9.055,3.406,3.500,1.227,1.286,0,NULL,NULL,,3,0,2,7,255,939,250,0,0
stim,55541,85662,0,85662,3282989.455,-0.578,-0.074,0.110,0.805,0,0,0,0,0,0,0,45,62,1.347,1,2115,0,434.750,12.266,299.313,314.375,-24.250,0.961,-0.211,2.258,-1.242,12.203,9.055,3.268,3.362,1.227,1.286,0,NULL,NULL,,3,0,2,7,255,939,250,0,0
stim,55541,85662,0,85662,3282994.453,-0.579,-0.076,0.129,0.802,0,0,0,0,0,0,0,43,62,1.347,1,2115,0,451.175,14.861,328.188,308.813,-22.063,1.090,-0.250,2.426,-1.242,14.809,9.148,3.114,3.206,1.227,1.286,0,NULL,NULL,,3,0,2,7,255,939,250,0,0
stim,55542,85663,0,85663,3282999.455,-0.579,-0.078,0.149,0.798,0,0,0,0,0,0,0,53,62,1.347,1,2115,0,463.097,17.271,349.500,303.500,-14.000,1.246,-0.219,2.605,-1.484,17.207,9.840,2.944,3.036,1.227,1.286,0,NULL,NULL,,3,0,2,7,255,939,250,0,0
stim,55542,85663,0,85663,3283004.454,-0.579,-0.080,0.169,0.794,0,0,0,0,0,0,0,55,62,1.347,1,2115,0,470.469,19.789,361.125,301.063,-17.063,1.293,-0.242,2.793,-1.238,19.750,10.488,2.764,2.854,1.227,1.286,0,NULL,NULL,,3,0,2,7,255,939,250,0,0
stim,55571,85692,0,85692,3283009.455,-0.579,-0.081,0.189,0.789,0,0,0,0,0,0,0,62,62,1.347,1,2115,0,465.980,21.637,358.563,296.875,-20.875,1.355,-0.102,3.023,-1.484,21.586,11.355,2.578,2.666,1.227,1.286,0,NULL,NULL,,3,0,2,7,255,939,250,0,0
stim,55571,85692,0,85692,3283014.454,-0.579,-0.083,0.208,0.784,0,0,0,0,0,0,0,77,62,1.347,1,2115,0,445.182,23.377,337.000,289.625,-27.125,1.348,-0.051,3.207,-1.250,23.344,12.688,2.386,2.472,1.227,1.286,0,NULL,NULL,,3,0,2,7,255,939,250,0,0
stim,55571,85692,0,85692,3283019.455,-0.579,-0.085,0.225,0.779,0,0,0,0,0,0,0,87,62,1.347,1,2115,0,416.080,24.679,301.750,282.750,-46.063,1.543,0.164,3.328,-1.574,24.629,13.672,2.192,2.274,1.227,1.286,0,NULL,NULL,,3,0,2,7,255,939,250,0,0
stim,55571,85692,0,85692,3283024.454,-0.580,-0.089,0.240,0.774,0,0,0,0,0,0,0,118,62,1.347,1,2115,0,381.147,27.249,260.375,271.313,-62.188,1.902,0.164,3.352,-3.184,27.063,13.672,1.996,2.074,1.227,1.286,0,NULL,NULL,,3,0,2,7,255,939,250,0,0
stim,55594,85715,0,85715,3283029.455,-0.580,-0.093,0.253,0.769,0,0,0,0,0,0,0,147,62,1.347,1,2115,0,334.236,31.105,201.563,259.563,-60.938,2.250,0.055,3.156,-3.676,30.887,11.609,1.794,1.870,1.227,1.286,0,NULL,NULL,,3,0,2,7,255,939,250,0,0
stim,55594,85715,0,85715,3283034.453,-0.580,-0.098,0.264,0.764,0,0,0,0,0,0,0,171,62,1.347,1,2115,0,291.553,33.860,148.750,244.688,-54.813,2.547,-0.188,2.805,-3.676,33.660,7.348,1.592,1.662,1.227,1.286,0,NULL,NULL,,3,0,2,7,255,939,250,0,0
stim,55594,85715,0,85715,3283039.455,-0.579,-0.103,0.273,0.761,0,0,0,0,0,0,0,176,62,1.347,1,2115,0,250.175,35.007,102.938,226.375,-27.313,2.777,-0.348,2.277,-2.551,34.914,1.656,1.386,1.454,1.227,1.286,0,NULL,NULL,,3,0,2,7,255,939,250,0,0
stim,55594,85715,0,85715,3283044.453,-0.578,-0.108,0.281,0.758,0,0,0,0,0,0,0,237,62,1.347,1,2115,0,226.907,34.996,92.250,205.688,-25.875,2.969,-0.594,1.781,-2.391,34.914,-4.945,1.180,1.244,1.227,1.286,0,NULL,NULL,,3,0,2,7,255,939,250,0,0
stim,55594,85715,0,85715,3283049.455,-0.577,-0.112,0.289,0.756,0,0,0,0,0,0,0,297,62,1.347,1,2115,0,210.270,34.732,103.563,182.813,-8.250,3.258,-0.730,1.391,-1.410,34.703,-11.215,0.978,1.036,1.227,1.286,0,NULL,NULL,,3,0,2,7,255,939,250,0,0
stim,55594,85715,0,85715,3283054.453,-0.575,-0.114,0.297,0.753,0,0,0,0,0,0,0,327,62,1.347,1,2115,0,203.701,34.727,127.250,159.063,-0.875,3.523,-1.020,1.105,-1.297,34.703,-16.773,0.780,0.832,1.227,1.286,0,NULL,NULL,,3,0,2,7,255,939,250,0,0
stim,55646,85767,0,85767,3283059.455,-0.574,-0.114,0.306,0.751,0,0,0,0,0,0,0,343,62,1.347,1,2115,0,215.484,35.566,165.813,135.250,25.438,3.707,-1.320,0.875,0.055,35.566,-21.754,0.594,0.634,1.227,1.286,0,NULL,NULL,,3,0,2,7,255,939,250,0,0
stim,55646,85767,0,85767,3283064.454,-0.572,-0.111,0.317,0.749,0,0,0,0,0,0,0,345,62,1.347,1,2115,0,258.723,35.615,227.313,111.375,53.500,3.563,-1.480,0.871,1.852,35.566,-25.941,0.438,0.452,1.227,1.286,0,NULL,NULL,,3,0,2,7,255,939,250,0,0
stim,55646,85767,0,85767,3283069.455,-0.570,-0.106,0.327,0.746,0,0,0,0,0,0,0,350,62,1.347,1,2115,0,278.611,36.148,265.188,66.563,53.563,3.547,-2.039,1.406,3.633,35.965,-25.941,0.358,0.322,1.227,1.286,0,NULL,NULL,,3,0,2,7,255,939,250,0,0
stim,55646,85767,0,85767,3283074.454,-0.567,-0.099,0.337,0.745,0,0,0,0,0,0,0,350,62,1.347,1,2115,0,286.289,39.641,258.750,35.938,117.125,3.742,-1.965,2.004,9.297,38.535,-24.516,0.368,0.284,1.227,1.286,0,NULL,NULL,,3,0,2,7,255,939,250,0,0
stim,55646,85767,0,85767,3283079.455,-0.563,-0.092,0.346,0.745,0,0,0,0,0,0,0,355,62,1.347,1,2115,0,286.086,39.641,239.625,11.313,155.875,2.949,-1.477,2.191,9.297,38.535,-21.336,0.412,0.314,1.227,1.286,0,NULL,NULL,,3,0,2,7,255,939,250,0,0
stim,55646,85767,0,85767,3283084.453,-0.561,-0.083,0.353,0.744,0,0,0,0,0,0,0,357,62,1.347,1,2115,0,253.774,38.457,224.250,-35.688,113.313,2.238,-0.930,2.930,7.789,37.660,-14.430,0.450,0.364,1.227,1.286,0,NULL,NULL,,3,0,2,7,255,939,250,0,0
stim,55646,85767,0,85767,3283089.455,-0.562,-0.077,0.356,0.743,0,0,0,0,0,0,0,338,62,1.347,1,2115,0,159.808,36.650,144.188,-67.563,13.563,1.969,-0.277,3.219,7.270,35.922,-3.406,0.484,0.412,1.227,1.286,0,NULL,NULL,,3,0,2,7,255,939,250,0,0
stim,55646,85767,0,85767,3283094.454,-0.563,-0.073,0.356,0.742,0,0,0,0,0,0,0,431,62,1.347,1,2115,0,113.352,36.650,68.000,-90.688,-0.750,2.547,-1.063,3.313,7.270,35.922,-2.617,0.522,0.460,1.227,1.286,0,NULL,NULL,,3,0,2,7,255,939,250,0,0
stim,55646,85767,0,85767,3283099.455,-0.561,-0.061,0.358,0.744,137,0,0,441,0,37,0,539,62,1.347,1,2115,0,271.675,37.703,154.688,-169.438,145.500,0.887,-1.484,4.758,9.000,36.613,2.688,0.560,0.508,1.227,1.286,0,NULL,NULL,,3,0,2,7,255,939,250,0,0
stim,55646,85767,0,85767,3283104.454,-0.552,-0.036,0.363,0.750,875,0,0,1193,0,235,0,593,62,1.347,1,2115,0,643.501,43.599,362.063,-306.500,434.813,0.055,1.289,8.641,15.906,40.594,14.520,0.586,0.542,1.227,1.286,0,NULL,NULL,,3,0,2,7,255,939,250,0,0
stim,55670,85791,0,85791,3283109.455,-0.543,-0.046,0.335,0.769,1485,0,0,1652,0,522,0,637,62,1.347,1,2115,0,843.540,39.919,-778.688,-128.938,297.625,-1.238,2.691,4.848,15.906,36.613,44.418,0.588,0.554,1.227,1.286,0,NULL,NULL,,3,0,2,7,255,939,250,0,0
stim,55670,85791,0,85791,3283114.454,-0.537,-0.065,0.292,0.789,1940,0,0,1911,0,819,0,712,62,1.347,1,2116,0,1185.107,12.648,-1161.063,-178.500,156.688,-1.121,4.023,-0.273,-5.563,11.359,44.418,0.572,0.544,1.227,1.286,1,1013.000,74.000,,3,0,2,7,255,939,250,0,0
stim,55670,85791,0,85791,3283119.455,-0.533,-0.077,0.263,0.801,2207,0,0,2075,0,1004,0,789,62,1.347,1,2116,0,762.847,28.030,-747.875,-124.750,84.000,-1.703,2.535,-2.496,-18.543,-21.020,6.934,0.536,0.512,1.227,1.286,1,NULL,NULL,,3,0,2,7,255,939,250,0,0
stim,55670,85791,0,85791,3283124.454,-0.534,-0.080,0.249,0.804,2415,0,0,2195,0,1237,0,857,62,1.347,1,2116,0,342.319,28.030,-313.563,-136.500,-15.125,-1.418,0.301,-1.570,-18.543,-21.020,-16.344,0.480,0.454,1.227,1.286,1,NULL,NULL,,3,0,2,7,255,939,250,0,0
stim,55698,85819,0,85819,3283129.455,-0.537,-0.077,0.243,0.804,2535,0,0,2296,0,1407,0,981,62,1.347,1,2116,0,172.854,19.713,-83.188,-139.188,-59.875,-0.164,0.102,0.766,0.469,-19.707,-16.344,0.410,0.376,1.227,1.286,1,NULL,NULL,,3,0,2,7,255,939,250,0,0
stim,55698,85819,0,85819,3283134.454,-0.537,-0.074,0.238,0.806,2679,0,0,2461,0,1557,0,1069,62,1.347,1,2116,0,135.115,1.842,-58.813,-119.125,24.625,0.551,1.988,1.355,0.469,1.781,-2.324,0.346,0.304,1.227,1.286,2,NULL,NULL,,3,0,2,7,255,939,250,0,0
stim,55698,85819,0,85819,3283139.455,-0.533,-0.072,0.231,0.811,2831,0,0,2675,0,1619,0,1146,62,1.347,1,2116,0,213.373,15.416,-126.313,-122.813,120.375,-0.047,1.953,1.859,-15.313,1.781,5.301,0.300,0.252,1.227,1.286,2,NULL,NULL,,3,0,2,7,255,939,250,0,0
stim,55698,85819,0,85819,3283144.453,-0.527,-0.071,0.218,0.819,2919,0,0,2805,0,1657,0,1263,62,1.347,1,2116,0,386.874,15.353,-296.688,-157.125,192.250,-1.992,-0.602,1.305,-15.313,1.109,7.020,0.272,0.228,1.227,1.286,2,NULL,NULL,,3,0,2,7,255,939,250,0,0
stim,55738,85859,0,85859,3283149.455,-0.525,-0.074,0.199,0.824,2981,0,0,2907,0,1674,0,1390,62,1.347,1,2116,0,440.955,17.173,-401.563,-173.438,55.750,-2.223,-1.469,0.234,14.770,-8.762,7.020,0.256,0.216,1.227,1.286,2,NULL,NULL,,3,0,2,7,255,939,250,0,0
stim,55738,85859,0,85859,3283154.453,-0.530,-0.074,0.186,0.824,3029,0,0,2985,0,1691,0,1499,62,1.347,1,2116,0,337.455,19.403,-249.250,-182.125,-136.313,-1.363,-1.348,-0.563,17.313,-8.762,-3.695,0.244,0.202,1.227,1.286,2,NULL,NULL,,3,0,2,7,255,939,250,0,0
stim,55738,85859,0,85859,3283159.455,-0.538,-0.070,0.179,0.821,3050,0,0,3037,0,1705,0,1557,62,1.347,1,2116,0,264.708,19.245,-59.500,-186.313,-178.375,0.117,-0.961,0.309,17.313,-8.406,-9.137,0.240,0.182,1.227,1.286,2,NULL,NULL,,3,0,2,7,255,939,250,0,0
stim,55738,85859,0,85859,3283164.454,-0.544,-0.064,0.174,0.819,3068,0,0,3091,0,1733,0,1571,62,1.347,1,2116,0,211.585,9.838,7.063,-168.375,-127.938,0.957,-1.199,1.652,8.168,5.484,-9.137,0.242,0.158,1.227,1.286,2,NULL,NULL,,3,0,2,7,255,939,250,0,0
stim,55738,85859,0,85859,3283169.455,-0.545,-0.061,0.169,0.819,3091,0,0,3124,0,1785,0,1557,62,1.347,1,2116,0,159.701,19.671,-63.375,-145.563,-17.313,1.453,-1.430,2.000,8.145,17.906,0.402,0.250,0.134,1.227,1.286,2,NULL,NULL,,3,0,2,7,255,939,250,0,0
stim,55738,85859,0,85859,3283174.454,-0.541,-0.059,0.160,0.824,3102,0,0,3156,0,1851,0,1529,62,1.347,1,2116,0,248.739,23.291,-163.563,-137.688,127.125,1.223,-1.602,1.789,8.145,21.820,0.883,0.252,0.112,1.227,1.286,2,NULL,NULL,,3,0,2,7,255,939,250,0,0
stim,55760,85881,0,85881,3283179.455,-0.532,-0.058,0.150,0.831,3113,0,0,3176,0,1934,60,1531,62,1.347,1,2116,0,335.914,23.852,-212.938,-119.375,230.750,0.258,-1.180,0.973,9.633,21.820,0.883,0.250,0.094,1.227,1.286,2,NULL,NULL,,3,0,2,7,255,939,250,0,0
stim,55760,85881,0,85881,3283184.454,-0.524,-0.056,0.142,0.838,3128,0,0,3195,0,2025,120,1607,62,1.347,1,2116,0,308.681,13.598,-168.688,-122.188,227.813,-0.781,-0.395,0.355,9.633,9.598,-3.215,0.244,0.076,1.227,1.286,2,NULL,NULL,,3,0,2,7,255,939,250,0,0
stim,55760,85881,0,85881,3283189.455,-0.521,-0.054,0.136,0.841,3133,0,0,3217,0,2119,151,1652,62,1.347,1,2116,0,193.655,7.951,-105.125,-130.125,97.563,-1.332,0.301,0.789,6.844,-4.047,-3.215,0.242,0.062,1.227,1.286,2,NULL,NULL,,3,0,2,7,255,939,250,0,0
stim,55760,85881,0,85881,3283194.453,-0.522,-0.050,0.130,0.841,3142,0,0,3213,0,2218,181,1774,62,1.347,1,2116,0,148.027,5.245,-65.250,-132.625,-8.063,-0.457,0.539,0.848,3.332,-4.051,-0.063,0.244,0.048,1.227,1.286,2,NULL,NULL,,3,0,2,7,255,939,250,0,0
stim,55760,85881,0,85881,3283199.455,-0.523,-0.047,0.124,0.842,3135,0,0,3209,8,2279,267,1933,62,1.347,1,2116,0,152.550,4.109,-71.938,-131.938,-26.250,-0.238,0.227,1.426,-0.691,-4.051,1.086,0.246,0.036,1.227,1.286,2,NULL,NULL,,3,0,2,7,255,939,250,0,0
stim,55760,85881,0,85881,3283204.454,-0.525,-0.046,0.118,0.842,3127,0,0,3219,223,2339,299,2069,62,1.347,1,2116,0,153.173,0.792,-102.563,-107.625,-36.875,0.160,-0.023,1.871,-0.691,0.387,4.516,0.248,0.028,1.227,1.286,2,NULL,NULL,,3,0,2,7,255,939,250,0,0
stim,55760,85881,0,85881,3283209.455,-0.527,-0.046,0.113,0.841,3128,0,0,3229,510,2365,282,2141,62,1.347,1,2116,0,123.820,5.733,-96.500,-49.938,-59.375,0.664,-0.176,1.387,-0.691,5.691,4.516,0.250,0.020,1.227,1.286,2,NULL,NULL,,3,0,2,7,255,939,250,0,0
stim,55760,85881,0,85881,3283214.454,-0.528,-0.046,0.110,0.841,3124,0,0,3215,711,2395,312,2212,62,1.347,1,2116,0,79.006,7.717,-54.938,-49.813,-27.250,0.781,0.234,0.891,-1.234,7.617,1.941,0.254,0.016,1.227,1.286,2,NULL,NULL,,3,0,2,7,255,939,250,0,0
stim,55780,85901,0,85901,3283219.455,-0.529,-0.045,0.108,0.840,3122,0,0,3212,914,2415,331,2253,62,1.347,1,2116,0,44.617,7.717,-20.125,-34.250,-20.313,0.094,0.039,1.516,-1.234,7.617,1.941,0.258,0.008,1.227,1.286,2,NULL,NULL,,3,0,2,7,255,939,250,0,0
stim,55780,85901,0,85901,3283224.454,-0.530,-0.047,0.104,0.840,3119,1,0,3212,1068,2431,345,2301,62,1.347,1,2116,0,109.030,3.876,-100.250,-22.375,-36.563,-0.094,-0.500,1.258,-0.656,3.820,1.949,0.264,0.000,1.227,1.286,2,NULL,NULL,,3,0,2,7,255,939,250,0,0
stim,55780,85901,0,85901,3283229.455,-0.531,-0.048,0.100,0.840,3133,19,0,3226,1181,2446,355,2347,62,1.347,1,2116,0,90.332,5.106,-87.000,-20.000,-13.813,0.008,-0.398,0.508,3.410,3.801,1.949,0.000,0.000,1.227,1.286,2,NULL,NULL,,3,0,2,7,255,939,250,0,0
stim,55780,85901,0,85901,3283234.454,-0.532,-0.048,0.099,0.840,3129,30,0,3213,1261,2459,367,2377,62,1.347,1,2116,0,37.075,4.339,-18.375,-20.063,-25.188,-0.250,-0.129,0.816,3.410,2.684,-1.641,0.000,0.000,1.227,1.286,2,NULL,NULL,,3,0,2,7,255,939,250,0,0
stim,55803,85924,0,85924,3283239.455,-0.533,-0.047,0.099,0.839,3117,43,0,3209,1351,2461,382,2397,62,1.347,1,2116,0,50.977,2.200,3.813,-16.188,-48.188,-0.098,0.141,1.109,2.074,0.734,-1.641,0.000,0.000,1.227,1.286,2,NULL,NULL,,3,0,2,7,255,939,250,0,0
stim,55803,85924,0,85924,3283244.453,-0.535,-0.047,0.097,0.838,3119,61,0,3211,1436,2473,393,2419,62,1.347,1,2116,0,52.364,1.200,-20.750,-13.563,-46.125,0.027,0.156,1.223,-0.949,0.734,1.109,0.000,0.000,1.227,1.286,2,NULL,NULL,,3,0,2,7,255,939,250,0,0
stim,55841,85963,0,85963,3283249.455,-0.536,-0.048,0.095,0.837,3115,99,0,3204,1509,2487,397,2440,62,1.347,1,2116,0,60.826,2.119,-51.563,-9.375,-30.875,-0.012,0.023,1.102,-0.949,1.895,1.109,0.000,0.000,1.227,1.286,2,NULL,NULL,,3,0,2,7,255,939,250,0,0
stim,55841,85963,0,85963,3283254.454,-0.537,-0.049,0.093,0.837,3113,111,0,3205,1560,2492,396,2459,62,1.347,1,2116,0,62.948,1.925,-55.813,-5.625,-28.563,-0.133,-0.004,0.938,-0.340,1.895,0.805,0.000,0.000,1.227,1.286,2,NULL,NULL,,3,0,2,7,255,939,250,0,0
stim,55841,85963,0,85963,3283259.455,-0.539,-0.050,0.091,0.836,3115,116,0,3197,1605,2503,393,2473,62,1.347,1,2116,0,54.990,0.615,-37.188,-6.000,-40.063,-0.164,0.074,0.879,-0.199,0.582,-0.582,0.000,0.000,1.227,1.286,2,NULL,NULL,,3,0,2,7,255,939,250,0,0
stim,55841,85963,0,85963,3283264.454,-0.540,-0.050,0.090,0.835,3113,137,0,3195,1651,2509,383,2485,62,1.347,1,2116,0,52.077,0.615,-20.375,-6.375,-47.500,-0.090,0.078,0.992,-0.199,0.582,-0.582,0.000,0.000,1.227,1.286,2,NULL,NULL,,3,0,2,7,255,939,250,0,0
stim,55841,85963,0,85963,3283269.455,-0.542,-0.050,0.089,0.834,3113,141,0,3195,1695,2511,379,2491,62,1.347,1,2116,0,47.952,0.921,-20.188,-6.125,-43.063,-0.012,0.082,1.074,-0.590,0.707,-0.074,0.000,0.000,1.227,1.286,2,NULL,NULL,,3,0,2,7,255,939,250,0,0
stim,55841,85963,0,85963,3283274.454,-0.543,-0.051,0.088,0.834,3111,148,0,3193,1723,2515,393,2495,62,1.347,1,2116,0,42.819,1.813,-25.313,-4.438,-34.250,0.016,0.109,1.063,-0.965,1.535,0.457,0.000,0.000,1.227,1.286,2,NULL,NULL,,3,0,2,7,255,939,250,0,0
stim,55842,85963,0,85963,3283279.455,-0.544,-0.051,0.086,0.833,3111,167,0,3193,1747,2519,391,2503,62,1.347,1,2116,0,36.159,1.869,-25.938,-2.563,-25.063,-0.004,0.090,1.035,-1.066,1.535,0.457,0.000,0.000,1.227,1.286,2,NULL,NULL,,3,0,2,7,255,939,250,0,0
stim,55842,85963,0,85963,3283284.454,-0.545,-0.052,0.085,0.833,3111,172,16,3187,1763,2507,378,2503,62,1.347,1,2116,0,30.654,1.815,-24.125,-1.188,-18.875,-0.078,0.051,1.020,-1.066,1.469,0.219,0.000,0.000,1.227,1.286,2,NULL,NULL,,3,0,2,7,255,939,250,0,0
stim,55842,85963,0,85963,3283289.455,-0.545,-0.052,0.085,0.832,3101,175,81,3187,1791,2515,371,2508,62,1.347,1,2116,0,25.442,1.011,-18.438,-1.063,-17.500,-0.113,0.059,1.004,-0.449,0.906,0.160,0.000,0.000,1.227,1.286,2,NULL,NULL,,3,0,2,7,255,939,250,0,0
stim,55842,85963,0,85963,3283294.453,-0.546,-0.052,0.084,0.832,3097,188,102,3182,1835,2523,367,2523,62,1.347,1,2116,0,20.154,0.699,-13.500,-2.125,-14.813,-0.145,0.082,1.027,-0.449,0.535,0.160,0.000,0.000,1.227,1.286,2,NULL,NULL,,3,0,2,7,255,939,250,0,0
stim,55842,85963,0,85963,3283299.455,-0.546,-0.052,0.084,0.832,3097,201,139,3187,1855,2521,359,2521,62,1.347,1,2116,0,19.348,0.552,-12.125,-2.813,-14.813,-0.160,0.098,1.059,-0.504,0.227,0.387,0.000,0.000,1.227,1.286,2,NULL,NULL,,3,0,2,7,255,939,250,0,0
stim,55875,85996,0,85996,3283304.454,-0.547,-0.052,0.083,0.832,3087,212,203,3180,1887,2523,360,2523,62,1.328,1,2116,1,20.865,0.593,-12.500,-3.875,-16.250,-0.168,0.129,1.051,-0.590,0.063,0.656,0.000,0.000,1.187,1.368,2,NULL,NULL,,3,0,2,7,255,939,250,0,0
stim,55875,85996,0,85996,3283309.455,-0.547,-0.053,0.082,0.831,3081,217,245,3169,1929,2513,361,2525,62,1.328,1,2116,1,21.968,0.881,-12.250,-5.125,-17.500,-0.172,0.156,1.047,-0.867,-0.156,0.656,0.006,0.004,1.187,1.368,2,NULL,NULL,,3,0,2,7,255,939,250,0,0
stim,55875,85996,0,85996,3283314.453,-0.548,-0.053,0.082,0.831,3059,224,313,3151,1975,2521,367,2533,62,1.328,1,2116,1,23.601,0.993,-14.063,-6.125,-17.938,-0.180,0.141,1.055,-0.953,-0.277,0.656,0.012,0.008,1.187,1.368,2,NULL,NULL,,3,0,2,7,255,939,250,0,0
stim,55875,85996,0,85996,3283319.455,-0.549,-0.053,0.081,0.830,3049,221,377,3159,2002,2511,396,2543,62,1.328,1,2116,1,26.635,0.998,-16.125,-7.375,-19.875,-0.195,0.125,1.031,-0.953,-0.297,0.652,0.020,0.014,1.187,1.368,2,NULL,NULL,,3,0,2,7,255,939,250,0,0
stim,55875,85996,0,85996,3283324.454,-0.549,-0.053,0.080,0.830,3027,217,453,3127,2027,2505,398,2555,62,1.328,1,2116,1,29.561,0.856,-15.813,-9.125,-23.250,-0.191,0.117,1.012,-0.738,-0.434,0.535,0.026,0.018,1.187,1.368,2,NULL,NULL,,3,0,2,7,255,939,250,0,0
stim,55894,86015,0,86015,3283329.455,-0.550,-0.053,0.080,0.829,3013,228,543,3123,2056,2504,423,2557,62,1.328,1,2116,1,31.630,0.836,-14.063,-10.188,-26.438,-0.188,0.117,1.016,-0.715,-0.434,0.355,0.032,0.022,1.187,1.368,2,NULL,NULL,,3,0,2,7,255,939,250,0,0
stim,55894,86015,0,86015,3283334.454,-0.551,-0.053,0.079,0.829,2985,233,647,3111,2094,2505,453,2585,62,1.328,1,2116,1,35.509,0.790,-13.438,-10.563,-31.125,-0.164,0.102,1.012,-0.695,-0.375,0.316,0.036,0.024,1.187,1.368,2,NULL,NULL,,3,0,2,7,255,939,250,0,0
stim,55894,86015,0,86015,3283339.455,-0.553,-0.053,0.078,0.828,2959,247,719,3084,2147,2502,482,2585,62,1.328,1,2116,1,36.553,0.704,-13.125,-11.125,-32.250,-0.145,0.070,0.996,-0.691,-0.133,0.266,0.040,0.024,1.187,1.368,2,NULL,NULL,,3,0,2,7,255,939,250,0,0
stim,55894,86015,0,86015,3283344.453,-0.554,-0.053,0.077,0.827,2949,251,789,3063,2187,2504,523,2599,62,1.328,1,2116,1,35.541,0.479,-14.125,-11.875,-30.375,-0.160,0.035,0.988,-0.473,0.078,0.051,0.042,0.026,1.187,1.368,2,NULL,NULL,,3,0,2,7,255,939,250,0,0
stim,55894,86015,0,86015,3283349.455,-0.555,-0.053,0.076,0.827,2919,248,856,3045,2229,2491,553,2607,62,1.328,1,2116,1,38.601,0.151,-14.438,-11.938,-33.750,-0.184,0.016,0.973,-0.129,0.078,-0.004,0.046,0.026,1.187,1.368,2,NULL,NULL,,3,0,2,7,255,939,250,0,0
stim,55894,86015,0,86015,3283354.454,-0.556,-0.053,0.075,0.826,2891,248,941,3019,2255,2501,637,2611,62,1.328,1,2116,1,43.345,0.148,-11.938,-12.500,-39.750,-0.172,-0.004,0.957,0.145,0.031,-0.125,0.048,0.026,1.187,1.368,2,NULL,NULL,,3,0,2,7,255,939,250,0,0
stim,55939,86060,0,86060,3283359.455,-0.558,-0.052,0.074,0.825,2855,247,1017,3000,2296,2493,739,2629,62,1.328,1,2116,1,45.726,0.233,-9.188,-13.375,-42.750,-0.148,-0.012,0.965,0.230,0.031,-0.250,0.048,0.026,1.187,1.368,2,NULL,NULL,,3,0,2,7,255,939,250,0,0
stim,55939,86060,0,86060,3283364.454,-0.559,-0.052,0.073,0.824,2812,245,1099,2968,2325,2487,807,2636,62,1.328,1,2116,1,45.408,0.343,-8.688,-14.375,-42.188,-0.145,0.000,0.980,0.230,0.254,-0.250,0.050,0.024,1.187,1.368,2,NULL,NULL,,3,0,2,7,255,939,250,0,0
stim,55939,86060,0,86060,3283369.455,-0.561,-0.052,0.073,0.823,2779,247,1183,2941,2364,2479,904,2647,62,1.328,1,2116,1,46.130,0.273,-9.563,-15.000,-42.563,-0.152,0.012,0.984,0.102,0.254,-0.098,0.050,0.022,1.187,1.368,2,NULL,NULL,,3,0,2,7,255,939,250,0,0
stim,55939,86060,0,86060,3283374.454,-0.563,-0.052,0.072,0.822,2741,247,1251,2907,2383,2487,975,2651,62,1.328,1,2116,1,47.151,0.145,-9.625,-16.125,-43.250,-0.152,0.012,0.980,0.016,0.145,-0.086,0.052,0.020,1.187,1.368,2,NULL,NULL,,3,0,2,7,255,939,250,0,0
stim,55939,86060,0,86060,3283379.455,-0.564,-0.051,0.071,0.821,2695,235,1361,2863,2424,2485,1075,2659,62,1.328,1,2116,1,50.052,0.145,-10.063,-16.625,-46.125,-0.145,0.020,0.984,0.008,0.145,-0.074,0.052,0.020,1.187,1.368,2,NULL,NULL,,3,0,2,7,255,939,250,0,0
stim,55939,86060,0,86060,3283384.453,-0.566,-0.051,0.070,0.820,2634,235,1455,2841,2467,2476,1167,2675,62,1.328,1,2116,1,51.730,0.192,-10.000,-17.375,-47.688,-0.121,0.035,0.980,-0.105,0.160,-0.086,0.054,0.018,1.187,1.368,2,NULL,NULL,,3,0,2,7,255,939,250,0,0
stim,55939,86060,0,86060,3283389.455,-0.568,-0.051,0.069,0.819,2555,239,1547,2804,2484,2471,1243,2678,62,1.328,1,2116,1,51.094,0.431,-9.063,-17.875,-47.000,-0.109,0.059,0.992,-0.320,0.289,-0.074,0.054,0.016,1.187,1.368,2,NULL,NULL,,3,0,2,7,255,939,250,0,0
stim,55939,86060,0,86060,3283394.453,-0.569,-0.050,0.068,0.818,2488,245,1657,2775,2521,2472,1315,2693,62,1.328,1,2116,1,49.411,0.653,-11.688,-19.063,-44.063,-0.121,0.078,1.008,-0.586,0.289,-0.039,0.054,0.016,1.187,1.368,2,NULL,NULL,,3,0,2,7,255,939,250,0,0
stim,55962,86083,0,86083,3283399.455,-0.571,-0.050,0.067,0.817,2421,245,1757,2733,2550,2481,1425,2709,62,1.328,1,2116,1,51.783,0.749,-16.375,-19.563,-45.063,-0.145,0.086,1.023,-0.734,0.148,0.148,0.056,0.018,1.187,1.368,2,NULL,NULL,,3,0,2,7,255,939,250,0,0
stim,55962,86083,0,86083,3283404.454,-0.573,-0.050,0.065,0.816,2359,245,1840,2696,2590,2477,1514,2729,62,1.328,1,2116,1,58.913,0.741,-23.000,-19.625,-50.563,-0.148,0.078,1.043,-0.734,-0.102,0.344,0.056,0.020,1.187,1.368,2,NULL,NULL,,3,0,2,7,255,939,250,0,0
stim,55962,86083,0,86083,3283409.455,-0.575,-0.050,0.064,0.814,2259,239,1945,2652,2615,2469,1599,2732,62,1.328,1,2116,1,68.482,0.699,-33.938,-19.875,-56.063,-0.148,0.055,1.078,-0.691,-0.102,0.539,0.058,0.024,1.187,1.368,2,NULL,NULL,,3,0,2,7,255,939,250,0,0
stim,55962,86083,0,86083,3283414.453,-0.577,-0.051,0.061,0.813,2165,245,2026,2617,2637,2477,1695,2745,62,1.328,1,2116,1,81.098,0.504,-48.000,-19.750,-62.313,-0.109,0.027,1.059,-0.504,0.012,0.594,0.060,0.030,1.187,1.368,2,NULL,NULL,,3,0,2,7,255,939,250,0,0
stim,55987,86108,0,86108,3283419.455,-0.579,-0.051,0.058,0.812,2087,249,2101,2569,2667,2473,1779,2759,62,1.328,1,2116,1,85.178,0.558,-55.813,-19.125,-61.438,-0.074,0.008,0.973,-0.406,0.383,0.594,0.064,0.034,1.187,1.368,2,NULL,NULL,,3,0,2,7,255,939,250,0,0
stim,55987,86108,0,86108,3283424.454,-0.581,-0.052,0.056,0.811,1998,245,2193,2523,2694,2469,1849,2775,62,1.328,1,2116,0,77.282,0.722,-50.688,-19.625,-54.938,-0.039,-0.027,0.914,-0.348,0.633,-0.273,0.066,0.040,1.187,1.368,2,NULL,NULL,,3,0,2,7,255,939,250,0,0
stim,55987,86108,0,86108,3283429.455,-0.582,-0.052,0.053,0.810,1903,251,2277,2473,2719,2463,1948,2779,62,1.328,1,2116,0,67.899,0.942,-46.000,-21.000,-45.313,-0.039,-0.094,0.988,-0.172,0.926,-0.273,0.070,0.044,1.187,1.368,2,NULL,NULL,,3,0,2,7,255,939,250,0,0
stim,55987,86108,0,86108,3283434.453,-0.583,-0.053,0.051,0.809,1797,244,2345,2412,2742,2471,2033,2795,62,1.328,1,2116,0,63.215,1.002,-46.938,-20.250,-37.188,-0.137,-0.066,0.984,0.383,0.926,-0.188,0.074,0.050,1.187,1.368,2,NULL,NULL,,3,0,2,7,255,939,250,0,0
stim,55987,86108,0,86108,3283439.455,-0.585,-0.054,0.049,0.808,1660,243,2439,2336,2769,2469,2107,2809,62,1.328,1,2116,0,67.397,0.437,-45.938,-21.125,-44.563,-0.191,-0.023,0.984,0.383,0.211,-0.059,0.078,0.056,1.187,1.368,2,NULL,NULL,,3,0,2,7,255,939,250,0,0
stim,55987,86108,0,86108,3283444.454,-0.587,-0.054,0.046,0.807,1525,237,2495,2269,2775,2472,2181,2831,62,1.328,1,2116,0,75.996,0.455,-44.875,-22.000,-57.250,-0.184,-0.031,0.980,0.137,-0.434,-0.039,0.080,0.062,1.187,1.368,2,NULL,NULL,,3,0,2,7,255,939,250,0,0
stim,56041,86162,0,86162,3283449.455,-0.589,-0.054,0.044,0.805,1337,232,2555,2182,2807,2469,2237,2845,62,1.328,1,2116,0,77.426,0.453,-40.688,-23.438,-61.563,-0.105,0.004,0.992,0.133,-0.434,-0.039,0.084,0.066,1.187,1.368,2,NULL,NULL,,3,0,2,7,255,939,250,0,0
stim,56041,86162,0,86162,3283454.453,-0.591,-0.054,0.042,0.804,1221,221,2591,2105,2815,2457,2299,2851,62,1.328,1,2116,0,75.140,0.486,-38.875,-23.125,-60.000,-0.133,0.055,1.008,-0.434,-0.219,-0.039,0.086,0.068,1.187,1.368,2,NULL,NULL,,3,0,2,7,255,939,250,0,0
stim,56041,86162,0,86162,3283459.455,-0.593,-0.054,0.040,0.802,1095,219,2639,2008,2851,2457,2365,2852,62,1.328,1,2116,0,76.862,0.904,-36.375,-25.438,-62.750,-0.086,0.063,0.996,-0.895,0.133,-0.031,0.090,0.070,1.187,1.368,2,NULL,NULL,,3,0,2,7,255,939,250,0,0
stim,56041,86162,0,86162,3283464.454,-0.595,-0.054,0.038,0.801,936,199,2681,1877,2861,2449,2419,2871,62,1.328,1,2116,0,70.917,0.904,-31.375,-25.813,-58.125,-0.031,-0.012,1.004,-0.895,0.133,-0.027,0.092,0.072,1.187,1.368,2,NULL,NULL,,3,0,2,7,255,939,250,0,0
stim,56041,86162,0,86162,3283469.455,-0.597,-0.054,0.036,0.800,761,191,2729,1721,2869,2440,2473,2876,62,1.328,1,2116,0,62.545,1.032,-33.250,-26.813,-45.688,-0.012,-0.137,1.059,-0.594,0.844,-0.027,0.092,0.072,1.187,1.368,2,NULL,NULL,,3,0,2,7,255,939,250,0,0
stim,56041,86162,0,86162,3283474.454,-0.598,-0.054,0.034,0.799,623,157,2761,1541,2894,2430,2515,2895,62,1.328,1,2116,0,57.541,0.952,-37.375,-27.063,-34.375,-0.074,-0.121,1.055,0.441,0.844,0.551,0.094,0.072,1.187,1.368,2,NULL,NULL,,3,0,2,7,255,939,250,0,0
stim,56041,86162,0,86162,3283479.455,-0.599,-0.054,0.031,0.798,435,133,2797,1391,2909,2427,2553,2901,62,1.328,1,2116,0,61.150,0.843,-40.375,-28.438,-36.063,-0.094,-0.055,1.035,0.441,0.719,0.551,0.094,0.072,1.187,1.368,2,NULL,NULL,,3,0,2,7,255,939,250,0,0
stim,56041,86162,0,86162,3283484.453,-0.600,-0.054,0.029,0.798,341,105,2821,1205,2919,2423,2595,2907,62,1.328,1,2116,0,56.141,0.732,-36.438,-29.313,-31.063,-0.031,-0.055,0.992,-0.137,0.719,0.383,0.092,0.072,1.187,1.368,2,NULL,NULL,,3,0,2,7,255,939,250,0,0
stim,56041,86162,0,86162,3283489.455,-0.601,-0.054,0.027,0.797,214,75,2856,1012,2928,2400,2637,2906,62,1.328,1,2116,0,46.570,0.779,-28.438,-32.563,-17.313,-0.020,0.004,0.988,-0.281,0.727,-0.094,0.090,0.072,1.187,1.368,2,NULL,NULL,,3,0,2,7,255,939,250,0,0
stim,56041,86162,0,86162,3283494.454,-0.601,-0.053,0.025,0.797,105,43,2872,851,2954,2393,2660,2919,62,1.328,1,2116,0,41.849,1.090,-21.563,-34.875,-8.375,-0.066,0.004,1.039,-0.813,0.727,-0.094,0.090,0.070,1.187,1.368,2,NULL,NULL,,3,0,2,7,255,939,250,0,0
stim,56059,86180,0,86180,3283499.455,-0.601,-0.052,0.024,0.797,36,37,2904,653,2969,2381,2694,2931,62,1.328,1,2116,0,42.715,0.910,-21.688,-36.500,-4.688,-0.094,0.047,1.129,-0.867,0.277,0.367,0.088,0.070,1.187,1.368,2,NULL,NULL,,3,0,2,7,255,939,250,0,0
stim,56059,86180,0,86180,3283504.454,-0.601,-0.051,0.022,0.797,18,24,2919,492,2972,2355,2713,2935,62,1.328,1,2116,0,52.185,1.203,-30.813,-38.750,-16.500,-0.145,0.074,1.055,-1.203,-0.027,0.570,0.086,0.068,1.187,1.368,2,NULL,NULL,,3,0,2,7,255,939,250,0,0
stim,56059,86180,0,86180,3283509.455,-0.602,-0.050,0.020,0.797,0,17,2922,406,2976,2329,2738,2936,62,1.328,1,2116,0,51.419,1.265,-17.813,-42.500,-22.813,-0.121,0.016,0.996,-1.203,-0.391,0.570,0.084,0.064,1.187,1.368,2,NULL,NULL,,3,0,2,7,255,939,250,0,0
stim,56059,86180,0,86180,3283514.454,-0.603,-0.049,0.019,0.796,0,0,2939,315,2997,2302,2760,2942,62,1.328,1,2116,0,51.104,0.853,-2.250,-48.625,-15.563,-0.074,-0.125,1.090,-0.758,-0.391,0.570,0.084,0.062,1.187,1.368,2,NULL,NULL,,3,0,2,7,255,939,250,0,0
stim,56081,86202,0,86202,3283519.455,-0.602,-0.046,0.018,0.797,0,0,2949,281,3007,2296,2783,2952,62,1.328,1,2116,0,69.289,0.541,35.875,-57.750,13.375,-0.328,-0.156,1.434,0.375,-0.391,0.957,0.084,0.058,1.187,1.368,2,NULL,NULL,,3,0,2,7,255,939,250,0,0
stim,56081,86202,0,86202,3283524.454,-0.601,-0.043,0.017,0.798,0,0,2955,268,3007,2275,2809,2957,62,1.328,1,2116,0,76.755,1.544,21.563,-68.563,26.938,-0.289,-0.215,1.613,1.117,-1.066,4.543,0.084,0.058,1.187,1.368,2,NULL,NULL,,3,0,2,7,255,939,250,0,0
stim,56081,86202,0,86202,3283529.455,-0.601,-0.042,0.014,0.798,0,0,2955,247,3015,2260,2829,2967,62,1.328,1,2116,0,82.523,1.834,-45.813,-66.688,16.250,-0.133,-0.371,1.301,1.492,-1.066,4.543,0.084,0.058,1.187,1.368,2,NULL,NULL,,3,0,2,7,255,939,250,0,0
stim,56081,86202,0,86202,3283534.454,-0.600,-0.041,0.010,0.799,0,0,2964,215,3023,2227,2847,2969,62,1.328,1,2116,0,93.108,2.755,-60.438,-68.125,19.375,-0.109,-0.375,0.867,2.719,0.445,3.180,0.086,0.060,1.187,1.368,2,NULL,NULL,,3,0,2,7,255,939,250,0,0
stim,56105,86226,0,86226,3283539.455,-0.599,-0.039,0.008,0.800,0,0,2962,170,3045,2185,2863,2966,62,1.328,1,2116,0,83.441,2.755,-15.125,-74.938,33.438,-0.168,-0.266,0.785,2.719,0.445,-1.039,0.088,0.062,1.187,1.368,2,NULL,NULL,,3,0,2,7,255,939,250,0,0
stim,56105,86226,0,86226,3283544.453,-0.598,-0.036,0.007,0.801,0,0,2955,111,3039,2137,2874,2983,62,1.328,1,2116,0,87.412,2.274,26.563,-79.875,23.563,-0.223,-0.125,0.891,2.219,-0.500,-1.039,0.090,0.062,1.187,1.368,2,NULL,NULL,,3,0,2,7,255,939,250,0,0
stim,56141,86262,0,86262,3283549.455,-0.597,-0.032,0.006,0.801,0,0,2963,56,3060,2091,2891,2973,62,1.328,1,2116,0,96.187,1.483,45.625,-84.063,10.188,-0.180,-0.074,1.098,0.988,-1.105,-0.895,0.094,0.062,1.187,1.368,3,NULL,NULL,,3,0,2,7,255,939,250,0,0
stim,56141,86262,0,86262,3283554.453,-0.597,-0.028,0.006,0.802,0,0,2961,13,3047,2017,2905,2982,62,1.328,1,2116,0,100.238,1.144,45.250,-88.438,13.375,-0.137,-0.039,1.305,0.293,-1.105,1.074,0.098,0.064,1.187,1.368,3,NULL,NULL,,3,0,2,7,255,939,250,0,0
stim,56141,86262,0,86262,3283559.455,-0.596,-0.024,0.004,0.803,0,0,2957,0,3064,1933,2917,2975,62,1.328,1,2116,0,98.549,1.116,28.813,-92.000,20.438,-0.152,-0.008,1.355,-0.223,-1.094,3.020,0.102,0.068,1.187,1.368,3,NULL,NULL,,3,0,2,7,255,939,250,0,0
stim,56141,86262,0,86262,3283564.454,-0.595,-0.020,0.002,0.803,0,0,2950,0,3069,1839,2939,2980,62,1.328,1,2116,0,100.397,1.171,12.313,-96.500,24.813,-0.184,0.043,1.348,-0.418,-1.094,3.434,0.106,0.072,1.187,1.368,3,NULL,NULL,,3,0,2,7,255,939,250,0,0
stim,56141,86262,0,86262,3283569.455,-0.594,-0.016,0.000,0.804,0,0,2955,0,3069,1749,2939,2974,62,1.328,1,2116,0,104.218,1.814,4.000,-101.188,24.625,-0.191,0.113,1.301,-0.773,-1.641,3.434,0.104,0.076,1.187,1.368,3,NULL,NULL,,3,0,2,7,255,939,250,0,0
stim,56141,86262,1,86262,3283574.454,-0.593,-0.013,-0.002,0.805,0,0,2935,0,3087,1630,2941,2975,62,1.328,1,2116,0,108.642,2.364,6.125,-106.563,20.250,-0.207,0.117,1.262,-1.234,-2.016,2.930,0.100,0.082,1.187,1.368,3,NULL,NULL,,3,1,2,7,255,939,250,0,0
stim,56141,86262,1,86262,3283579.455,-0.593,-0.008,-0.004,0.805,0,0,2933,0,3087,1495,2967,2979,62,1.328,1,2116,0,114.233,2.380,10.688,-112.688,15.375,-0.180,0.078,1.289,-1.234,-2.035,2.789,0.094,0.090,1.187,1.368,3,NULL,NULL,,3,1,2,7,255,939,250,0,0
stim,56141,86262,1,86262,3283584.454,-0.592,-0.004,-0.007,0.806,0,0,2911,0,3081,1340,2965,2965,62,1.328,1,2116,0,119.150,2.234,5.750,-118.063,15.000,-0.145,0.043,1.336,-0.922,-2.035,2.789,0.094,0.098,1.187,1.368,3,NULL,NULL,,3,1,2,7,255,939,250,0,0
stim,56141,86262,1,86262,3283589.455,-0.591,-0.000,-0.010,0.806,0,0,2903,0,3087,1175,2979,2958,62,1.328,1,2116,0,124.426,1.958,-3.438,-122.938,18.875,-0.152,0.016,1.316,-0.660,-1.844,3.059,0.098,0.106,1.187,1.368,3,NULL,NULL,,3,1,2,7,255,939,250,0,0
stim,56141,86262,1,86262,3283594.453,-0.590,0.004,-0.014,0.807,0,0,2893,0,3090,991,2985,2951,62,1.328,1,2116,0,130.986,1.870,-7.375,-129.250,19.938,-0.180,0.000,1.293,-0.313,-1.844,3.059,0.102,0.116,1.187,1.368,3,NULL,NULL,,3,1,2,7,255,939,250,0,0
stim,56142,86263,1,86263,3283599.455,-0.589,0.008,-0.017,0.808,0,0,2877,0,3092,728,2995,2936,62,1.328,1,2116,0,137.064,2.114,-10.750,-135.375,18.563,-0.160,-0.012,1.273,-0.066,-2.113,2.809,0.108,0.128,1.187,1.368,3,NULL,NULL,,3,1,2,7,255,939,250,0,0
stim,56142,86263,1,86263,3283604.454,-0.588,0.013,-0.021,0.808,0,0,2861,0,3095,588,3003,2923,62,1.328,1,2116,0,142.814,2.114,-9.688,-141.438,17.250,-0.141,-0.031,1.230,0.059,-2.113,2.586,0.110,0.140,1.187,1.368,3,NULL,NULL,,3,1,2,7,255,939,250,0,0
stim,56173,86294,1,86294,3283609.456,-0.587,0.018,-0.025,0.809,0,0,2843,0,3097,473,3007,2909,62,1.328,1,2116,0,150.540,1.981,-6.250,-148.938,21.000,-0.102,-0.004,1.203,0.059,-1.980,2.160,0.110,0.150,1.187,1.368,3,NULL,NULL,,3,1,2,7,255,939,250,0,0
stim,56173,86294,1,86294,3283614.453,-0.586,0.023,-0.029,0.809,0,0,2812,0,3095,315,3013,2879,62,1.328,1,2116,0,156.857,1.827,-3.688,-154.938,24.188,-0.070,0.027,1.215,-0.098,-1.824,1.980,0.106,0.160,1.187,1.368,3,NULL,NULL,,3,1,2,7,255,939,250,0,0
stim,56173,86294,1,86294,3283619.455,-0.585,0.029,-0.033,0.810,0,0,2790,0,3095,163,3020,2861,62,1.328,1,2116,0,163.524,1.853,-3.625,-160.625,30.438,-0.090,0.027,1.203,-0.328,-1.824,1.902,0.100,0.168,1.187,1.368,3,NULL,NULL,,3,1,2,7,255,939,250,0,0
stim,56173,86294,1,86294,3283624.454,-0.583,0.034,-0.037,0.811,0,0,2759,0,3098,102,3031,2838,62,1.328,1,2116,0,170.241,2.154,-2.063,-166.875,33.625,-0.086,0.051,1.207,-0.453,-2.105,1.855,0.096,0.178,1.187,1.368,3,NULL,NULL,,3,1,2,7,255,939,250,0,0
stim,56193,86314,1,86314,3283629.455,-0.582,0.040,-0.041,0.811,0,0,2729,0,3098,45,3036,2808,62,1.328,1,2116,0,174.421,2.349,-0.750,-171.563,31.438,-0.098,0.078,1.230,-0.512,-2.293,1.855,0.094,0.190,1.187,1.368,3,NULL,NULL,,3,1,2,7,255,939,250,0,0
stim,56193,86314,1,86314,3283634.454,-0.580,0.046,-0.046,0.812,0,0,2681,0,3097,4,3043,2774,62,1.328,1,2116,0,182.729,2.747,3.063,-179.500,34.063,-0.125,0.043,1.301,-0.512,-2.699,2.004,0.096,0.204,1.187,1.368,3,NULL,NULL,,3,1,2,7,255,939,250,0,0
stim,56193,86314,1,86314,3283639.455,-0.578,0.053,-0.050,0.813,0,0,2636,0,3095,4,3045,2733,62,1.328,1,2116,0,190.277,3.163,4.063,-186.625,36.875,-0.082,0.086,1.449,-0.641,-3.098,2.648,0.102,0.218,1.187,1.368,3,NULL,NULL,,3,1,2,7,255,939,250,0,0
stim,56193,86314,1,86314,3283644.453,-0.576,0.059,-0.055,0.813,0,0,2573,0,3091,6,3048,2683,62,1.328,1,2116,0,197.352,3.290,-12.000,-193.750,35.563,-0.066,0.164,1.555,-0.641,-3.227,4.059,0.110,0.234,1.187,1.368,3,NULL,NULL,,3,1,2,7,255,939,250,0,0
stim,56193,86314,1,86314,3283649.455,-0.574,0.066,-0.060,0.814,0,0,2503,0,3083,4,3050,2635,62,1.328,1,2116,0,206.328,3.995,-7.375,-201.000,46.000,-0.102,0.227,1.801,-1.355,-3.758,5.027,0.122,0.250,1.187,1.368,3,NULL,NULL,,3,1,2,7,255,939,250,0,0
stim,56193,86314,1,86314,3283654.454,-0.571,0.073,-0.066,0.815,0,0,2406,0,3067,46,3051,2577,62,1.328,1,2116,0,216.949,5.135,-8.938,-211.313,48.313,-0.266,0.254,1.984,-1.355,-4.953,7.246,0.138,0.268,1.187,1.368,3,NULL,NULL,,3,1,2,7,255,939,250,0,0
stim,56240,86361,1,86361,3283659.455,-0.568,0.080,-0.073,0.816,0,0,2303,0,3059,59,3047,2487,62,1.328,1,2116,0,240.183,7.308,-29.688,-229.813,63.188,-0.414,0.172,2.188,-1.277,-7.195,8.586,0.158,0.290,1.187,1.368,3,NULL,NULL,,3,1,2,7,255,939,250,0,0
stim,56240,86361,1,86361,3283664.454,-0.566,0.087,-0.082,0.816,0,0,2187,0,3044,64,3045,2389,62,1.328,1,2116,0,258.170,9.075,-61.688,-246.563,45.313,-0.578,0.227,2.207,0.102,-9.074,9.719,0.184,0.316,1.187,1.368,3,NULL,NULL,,3,1,2,7,255,939,250,0,0
stim,56240,86361,1,86361,3283669.455,-0.563,0.094,-0.091,0.816,0,0,2028,0,3029,70,3035,2280,62,1.328,1,2116,0,284.831,11.204,-86.000,-269.313,34.688,-0.586,0.301,2.184,0.102,-11.203,9.719,0.214,0.350,1.187,1.368,3,NULL,NULL,,3,1,2,7,255,939,250,0,0
stim,56240,86361,1,86361,3283674.454,-0.562,0.102,-0.102,0.815,0,0,1909,0,3005,82,3019,2159,62,1.328,1,2116,0,305.986,11.929,-92.375,-291.188,17.438,-0.652,0.453,2.199,-0.414,-11.922,9.121,0.256,0.392,1.187,1.368,3,NULL,NULL,,3,1,2,7,255,939,250,0,0
stim,56240,86361,1,86361,3283679.455,-0.560,0.111,-0.113,0.813,0,0,1799,0,2985,100,2991,2037,62,1.328,1,2116,0,332.206,13.652,-94.500,-318.375,8.250,-0.582,0.645,2.332,-1.523,-13.566,9.121,0.308,0.446,1.187,1.368,3,NULL,NULL,,3,1,2,7,255,939,250,0,0
stim,56240,86361,1,86361,3283684.454,-0.558,0.120,-0.126,0.811,0,0,1648,0,2953,108,2964,1941,62,1.328,1,2116,0,360.091,14.942,-118.375,-340.063,3.188,-0.504,0.816,2.379,-3.480,-14.531,9.559,0.372,0.512,1.187,1.368,3,NULL,NULL,,3,1,2,7,255,939,250,0,0
stim,56262,86383,1,86383,3283689.455,-0.556,0.130,-0.139,0.809,0,0,1487,0,2913,105,2919,1847,62,1.328,1,2116,0,383.744,16.088,-124.625,-362.938,2.063,-0.469,0.879,2.469,-5.297,-15.191,9.598,0.450,0.592,1.187,1.368,3,NULL,NULL,,3,1,2,7,255,939,250,0,0
stim,56262,86383,1,86383,3283694.453,-0.554,0.140,-0.153,0.806,0,0,1395,0,2867,105,2863,1755,62,1.328,1,2116,0,406.941,17.043,-128.938,-385.875,8.750,-0.523,0.883,2.676,-5.707,-16.059,9.961,0.542,0.682,1.187,1.368,3,NULL,NULL,,3,1,2,7,255,939,250,0,0
stim,56262,86383,1,86383,3283699.455,-0.551,0.151,-0.169,0.803,0,0,1311,0,2806,87,2792,1639,62,1.328,1,2116,0,438.554,18.961,-159.938,-408.188,11.500,-0.652,0.773,2.695,-5.707,-18.082,10.090,0.640,0.782,1.187,1.368,3,NULL,NULL,,3,1,2,7,255,939,250,0,0
stim,56262,86383,1,86383,3283704.454,-0.549,0.161,-0.185,0.799,0,0,1163,0,2739,75,2719,1517,62,1.328,1,2116,0,457.407,20.109,-166.063,-426.188,-2.938,-0.707,0.500,2.723,-4.277,-19.648,10.090,0.746,0.888,1.187,1.368,3,NULL,NULL,,3,1,2,7,255,939,250,0,0
stim,56262,86383,1,86383,3283709.455,-0.547,0.173,-0.200,0.794,0,0,1003,0,2628,59,2591,1372,62,1.328,1,2116,0,464.064,20.216,-145.875,-439.813,-25.313,-0.738,0.402,2.945,-1.602,-20.152,10.090,0.856,0.998,1.187,1.368,3,NULL,NULL,,3,1,2,7,255,939,250,0,0
stim,56262,86383,1,86383,3283714.453,-0.545,0.186,-0.216,0.789,0,0,879,0,2491,40,2427,1193,62,1.328,1,2116,0,476.999,21.987,-145.313,-451.750,-48.313,-0.738,0.371,3.180,-0.535,-21.980,10.730,0.966,1.112,1.187,1.368,3,NULL,NULL,,3,1,2,7,255,939,250,0,0
stim,56290,86411,1,86411,3283719.455,-0.543,0.198,-0.232,0.782,0,0,725,0,2331,0,2264,1003,62,1.328,1,2116,0,494.450,23.969,-168.875,-460.563,-62.000,-0.652,0.277,3.285,-0.168,-23.969,11.754,1.080,1.228,1.187,1.368,3,NULL,NULL,,3,1,2,7,255,939,250,0,0
stim,56290,86411,1,86411,3283724.454,-0.541,0.209,-0.251,0.775,0,0,559,0,2095,0,1981,870,62,1.328,1,2116,0,524.770,23.972,-219.563,-475.375,-34.563,-0.594,-0.074,2.934,0.391,-23.969,11.754,1.192,1.342,1.187,1.368,3,NULL,NULL,,3,1,2,7,255,939,250,0,0
stim,56290,86411,1,86411,3283729.455,-0.537,0.220,-0.271,0.768,0,0,361,0,1829,0,1723,735,62,1.328,1,2116,0,551.434,22.316,-254.000,-489.438,-3.750,-0.402,-0.398,2.137,3.172,-22.090,9.340,1.300,1.454,1.187,1.368,3,NULL,NULL,,3,1,2,7,255,939,250,0,0
stim,56290,86411,1,86411,3283734.454,-0.532,0.232,-0.290,0.761,0,0,247,0,1503,0,1304,595,62,1.328,1,2116,0,543.105,16.544,-197.625,-505.688,13.688,-0.375,-0.578,1.473,5.242,-15.691,4.254,1.402,1.560,1.187,1.368,3,NULL,NULL,,3,1,2,7,255,939,250,0,0
stim,56290,86411,1,86411,3283739.455,-0.525,0.246,-0.305,0.756,0,0,149,0,1159,0,753,459,62,1.328,1,2116,0,529.595,12.362,-97.375,-519.813,28.000,-0.375,-0.285,1.289,5.242,-11.195,-0.652,1.494,1.658,1.187,1.368,3,NULL,NULL,,3,1,2,7,255,939,250,0,0
stim,56290,86411,1,86411,3283744.453,-0.516,0.263,-0.317,0.751,0,0,93,0,755,0,213,380,62,1.328,1,2116,0,527.019,11.906,7.063,-525.813,34.938,-0.488,0.086,1.816,4.051,-11.195,-1.820,1.580,1.746,1.187,1.368,3,NULL,NULL,,3,1,2,7,255,939,250,0,0
stim,56340,86461,1,86461,3283749.455,-0.504,0.280,-0.329,0.748,0,0,73,0,313,0,0,327,62,1.328,1,2116,0,547.996,16.936,47.250,-538.063,92.500,-0.895,0.117,2.523,3.172,-16.637,-1.820,1.664,1.834,1.187,1.368,3,NULL,NULL,,3,1,2,7,255,939,250,0,0
stim,56340,86461,1,86461,3283754.454,-0.491,0.294,-0.344,0.745,0,0,23,0,0,0,0,227,62,1.328,1,2116,0,577.149,24.835,-29.500,-551.063,169.000,-1.254,0.375,2.613,2.520,-24.707,-1.820,1.756,1.928,1.187,1.368,3,NULL,NULL,,3,1,2,7,255,939,250,0,0
stim,56340,86461,1,86461,3283759.455,-0.479,0.306,-0.362,0.739,0,0,21,0,0,0,0,159,62,1.328,1,2116,0,573.207,26.095,-142.125,-535.188,148.125,-1.301,0.906,2.129,2.520,-25.973,-5.277,1.856,2.032,1.187,1.368,4,NULL,NULL,,3,1,2,7,255,939,250,0,0
stim,56340,86461,1,86461,3283764.454,-0.471,0.315,-0.381,0.731,0,0,17,0,0,0,0,61,62,1.328,1,2116,0,546.936,26.071,-229.000,-489.500,84.188,-0.836,1.500,1.559,-2.258,-25.973,-10.969,1.960,2.138,1.187,1.368,0,NULL,NULL,,3,1,2,7,255,939,250,0,0
stim,56340,86461,1,86461,3283769.455,-0.465,0.321,-0.400,0.721,0,0,17,0,0,0,0,28,62,1.328,1,2116,0,520.717,22.632,-292.625,-425.813,64.813,-0.703,1.609,1.191,-9.738,-20.430,-12.879,2.066,2.246,1.187,1.368,0,NULL,NULL,,3,1,2,7,255,939,250,0,0
stim,56340,86461,1,86461,3283774.454,-0.459,0.322,-0.420,0.713,0,0,16,0,0,0,0,33,62,1.328,1,2116,0,522.612,20.030,-354.563,-357.625,139.688,-0.875,1.594,0.770,-11.078,-16.688,-14.750,2.168,2.348,1.187,1.368,0,NULL,NULL,,3,1,2,7,255,939,250,0,0
stim,56340,86461,1,86461,3283779.455,-0.456,0.322,-0.438,0.705,0,0,17,0,0,0,0,31,62,1.328,1,2116,0,454.772,17.268,-349.250,-277.625,88.125,-0.582,1.309,0.348,-11.078,-13.246,-17.625,2.260,2.442,1.187,1.368,0,NULL,NULL,,3,1,2,7,255,939,250,0,0
stim,56340,86461,1,86461,3283784.454,-0.456,0.323,-0.447,0.698,0,0,9,0,0,0,0,38,62,1.328,1,2116,0,260.830,12.259,-195.625,-172.000,-13.375,-0.480,-0.199,0.453,-9.742,-7.441,-17.625,2.344,2.524,1.187,1.368,0,NULL,NULL,,3,1,2,7,255,939,250,0,0
stim,56340,86461,1,86461,3283789.455,-0.455,0.325,-0.452,0.695,0,0,13,0,0,0,0,57,62,1.328,1,2116,0,134.661,8.249,-84.500,-103.125,-18.938,-0.582,-1.086,1.246,3.559,-7.441,-11.500,2.418,2.600,1.187,1.368,0,NULL,NULL,,3,1,2,7,255,939,250,0,0
stim,56340,86461,1,86461,3283794.453,-0.458,0.323,-0.457,0.691,0,0,11,0,0,0,0,59,62,1.328,1,2116,0,155.025,14.928,-153.875,-15.813,-10.250,-0.703,-0.738,1.617,9.168,-11.781,-7.465,2.486,2.670,1.187,1.368,0,NULL,NULL,,3,1,2,7,255,939,250,0,0
stim,56359,86480,1,86480,3283799.457,-0.463,0.315,-0.463,0.687,0,0,4,0,0,0,0,53,62,1.328,1,2116,0,286.456,14.928,-275.000,79.500,-10.563,-0.730,0.258,0.688,9.168,-11.781,-7.465,2.546,2.732,1.187,1.368,0,NULL,NULL,,3,1,2,7,255,939,250,0,0
stim,56359,86480,1,86480,3283804.454,-0.470,0.306,-0.467,0.684,0,0,2,0,0,0,0,22,62,1.328,1,2116,0,292.095,9.110,-246.625,156.500,-1.813,-0.711,1.125,-0.457,0.070,-9.109,-14.434,2.592,2.782,1.187,1.368,0,NULL,NULL,,3,1,2,7,255,939,250,0,0
stim,56359,86480,1,86480,3283809.455,-0.476,0.298,-0.466,0.684,0,0,3,0,0,0,0,17,62,1.328,1,2116,0,224.069,7.517,-91.438,204.563,-0.438,-0.805,1.211,-0.527,-7.492,0.605,-21.418,2.626,2.816,1.187,1.368,0,NULL,NULL,,3,1,2,7,255,939,250,0,0
stim,56359,86480,1,86480,3283814.453,-0.481,0.292,-0.460,0.687,0,0,4,0,0,0,0,10,62,1.328,1,2116,0,237.623,7.517,15.875,236.625,-14.875,-0.891,0.586,0.277,-7.492,0.605,-21.418,2.652,2.844,1.187,1.368,0,NULL,NULL,,3,1,2,7,255,939,250,0,0
stim,56381,86502,1,86502,3283819.455,-0.487,0.284,-0.454,0.690,0,0,0,0,0,0,0,0,62,1.328,1,2116,0,262.677,6.919,-1.688,261.313,-26.688,-0.891,0.129,0.793,-2.383,-6.496,-18.176,2.680,2.874,1.187,1.368,0,NULL,NULL,,3,1,2,7,255,939,250,0,0
stim,56381,86502,0,86502,3283824.454,-0.495,0.276,-0.449,0.691,0,0,0,0,0,0,0,0,62,1.328,1,2116,0,286.189,8.947,-58.688,277.500,-38.125,-0.813,0.148,0.598,0.852,-8.906,-14.363,2.712,2.908,1.187,1.368,0,NULL,NULL,,3,0,2,7,255,938,250,0,0
stim,56381,86502,0,86502,3283829.455,-0.502,0.266,-0.445,0.692,0,0,0,0,0,0,0,0,62,1.328,1,2116,0,294.094,8.947,-66.250,285.938,-18.500,-0.555,0.195,0.098,0.852,-8.906,-14.363,2.744,2.942,1.187,1.368,0,NULL,NULL,,3,0,2,7,255,938,250,0,0
stim,56381,86502,0,86502,3283834.454,-0.507,0.257,-0.439,0.695,0,0,0,0,0,0,0,0,62,1.328,1,2116,0,290.067,3.551,-27.500,288.063,20.063,-0.477,0.289,-0.148,-0.063,-3.551,-14.496,2.772,2.972,1.187,1.368,0,NULL,NULL,,3,0,2,7,255,938,250,0,0
stim,56409,86530,0,86530,3283839.455,-0.511,0.247,-0.433,0.700,0,0,0,0,0,0,0,0,62,1.328,1,2116,0,294.941,2.469,17.750,289.563,53.188,-0.555,0.371,-0.090,-0.887,-2.305,-15.273,2.794,2.996,1.187,1.368,0,NULL,NULL,,3,0,2,7,255,938,250,0,0
stim,56409,86530,0,86530,3283844.453,-0.515,0.238,-0.425,0.705,0,0,0,0,0,0,0,0,62,1.328,1,2116,0,299.027,2.702,40.500,291.750,51.563,-0.719,0.539,0.059,-1.410,-2.305,-15.891,2.812,3.014,1.187,1.368,0,NULL,NULL,,3,0,2,7,255,938,250,0,0
stim,56435,86556,0,86556,3283849.455,-0.519,0.230,-0.417,0.709,0,0,0,0,0,0,0,0,62,1.328,1,2116,0,301.187,5.218,52.188,295.313,27.938,-0.660,0.484,0.109,-2.340,-4.664,-15.930,2.828,3.032,1.187,1.368,0,NULL,NULL,,3,0,2,7,255,938,250,0,0
stim,56435,86556,0,86556,3283854.454,-0.524,0.222,-0.409,0.714,0,0,0,0,0,0,0,0,62,1.328,1,2116,0,306.805,5.218,67.438,298.250,25.063,-0.465,0.289,0.137,-2.340,-4.664,-15.930,2.844,3.048,1.187,1.368,0,NULL,NULL,,3,0,2,7,255,938,250,0,0
stim,56435,86556,0,86556,3283859.455,-0.527,0.214,-0.399,0.719,0,0,0,0,0,0,0,0,62,1.328,1,2116,0,316.054,4.903,87.063,300.813,42.688,-0.414,0.234,0.262,-1.305,-4.727,-13.508,2.862,3.068,1.187,1.368,0,NULL,NULL,,3,0,2,7,255,938,250,0,0
stim,56435,86556,0,86556,3283864.454,-0.530,0.206,-0.390,0.724,0,0,0,0,0,0,0,0,62,1.328,1,2116,0,323.546,4.903,92.875,305.375,52.938,-0.469,0.313,0.477,-1.305,-4.727,-12.113,2.884,3.092,1.187,1.368,0,NULL,NULL,,3,0,2,7,255,938,250,0,0
stim,56435,86556,0,86556,3283869.455,-0.534,0.197,-0.380,0.729,0,0,0,0,0,0,0,0,62,1.328,1,2116,0,326.660,7.121,89.938,310.813,44.875,-0.496,0.301,0.555,-1.898,-6.863,-11.395,2.910,3.120,1.187,1.368,0,NULL,NULL,,3,0,2,7,255,938,250,0,0
stim,56435,86556,0,86556,3283874.454,-0.537,0.189,-0.370,0.734,0,0,0,0,0,0,0,0,62,1.328,1,2116,0,334.018,7.896,92.875,319.375,30.688,-0.430,0.258,0.629,-1.898,-7.664,-10.871,2.940,3.152,1.187,1.368,0,NULL,NULL,,3,0,2,7,255,938,250,0,0
stim,56457,86578,0,86578,3283879.455,-0.541,0.180,-0.359,0.739,0,0,0,0,0,0,0,0,62,1.328,1,2116,0,344.016,7.975,93.938,330.125,23.250,-0.332,0.242,0.742,-1.898,-7.746,-9.598,2.974,3.186,1.187,1.368,0,NULL,NULL,,3,0,2,7,255,938,250,0,0
stim,56457,86578,0,86578,3283884.454,-0.546,0.171,-0.348,0.743,0,0,0,0,0,0,0,0,62,1.328,1,2116,0,354.351,8.197,89.875,342.000,22.875,-0.309,0.262,0.875,-2.262,-7.879,-7.938,3.014,3.228,1.187,1.368,0,NULL,NULL,,3,0,2,7,255,938,250,0,0
stim,56457,86578,0,86578,3283889.455,-0.550,0.162,-0.337,0.747,0,0,0,0,0,0,0,0,62,1.328,1,2116,0,362.952,8.997,81.750,353.125,18.813,-0.340,0.313,0.996,-2.738,-8.570,-6.715,3.060,3.278,1.187,1.368,0,NULL,NULL,,3,0,2,7,255,938,250,0,0
stim,56457,86578,0,86578,3283894.453,-0.555,0.152,-0.326,0.750,0,0,0,0,0,0,0,0,62,1.328,1,2116,0,369.284,10.137,70.313,362.438,8.125,-0.352,0.336,1.074,-3.309,-9.582,-5.988,3.110,3.328,1.187,1.368,0,NULL,NULL,,3,0,2,7,255,938,250,0,0
stim,56457,86578,0,86578,3283899.455,-0.560,0.141,-0.315,0.753,0,0,0,0,0,0,0,0,62,1.328,1,2116,0,373.766,10.272,57.500,369.313,-1.688,-0.320,0.285,1.090,-3.461,-9.672,-5.277,3.162,3.382,1.187,1.368,0,NULL,NULL,,3,0,2,7,255,938,250,0,0
stim,56457,86578,0,86578,3283904.454,-0.566,0.130,-0.304,0.755,0,0,0,0,0,0,0,0,62,1.328,1,2116,0,376.841,10.272,46.188,373.938,-6.813,-0.293,0.219,1.047,-3.461,-9.672,-4.480,3.212,3.434,1.187,1.368,0,NULL,NULL,,3,0,2,7,255,938,250,0,0
stim,56457,86578,0,86578,3283909.456,-0.571,0.119,-0.293,0.757,0,0,0,0,0,0,0,0,62,1.328,1,2116,0,379.792,9.384,40.063,377.500,-11.438,-0.262,0.199,0.953,-2.957,-8.906,-4.387,3.264,3.486,1.187,1.368,0,NULL,NULL,,3,0,2,7,255,938,250,0,0
stim,56457,86578,0,86578,3283914.453,-0.576,0.108,-0.282,0.759,0,0,0,0,0,0,0,4,62,1.328,1,2116,0,383.315,8.408,41.625,380.750,-15.063,-0.168,0.219,0.832,-2.957,-7.871,-4.387,3.310,3.534,1.187,1.368,0,NULL,NULL,,3,0,2,7,255,938,250,0,0
stim,56479,86600,0,86600,3283919.455,-0.582,0.097,-0.271,0.761,0,0,0,0,0,0,0,3,62,1.328,1,2116,0,387.425,6.921,51.688,383.750,-12.750,-0.082,0.184,0.719,-2.898,-6.285,-4.742,3.350,3.576,1.187,1.368,0,NULL,NULL,,3,0,2,7,255,938,250,0,0
stim,56479,86600,0,86600,3283924.454,-0.586,0.086,-0.259,0.763,0,0,0,0,0,0,0,11,62,1.328,1,2116,0,390.258,5.554,70.500,383.750,-8.188,-0.070,0.113,0.672,-2.898,-4.738,-4.930,3.388,3.614,1.187,1.368,0,NULL,NULL,,3,0,2,7,255,938,250,0,0
stim,56479,86600,0,86600,3283929.455,-0.591,0.076,-0.246,0.765,0,0,0,0,0,0,0,11,62,1.328,1,2116,0,391.271,4.958,93.625,379.875,-4.750,-0.035,0.145,0.719,-2.738,-4.133,-4.930,3.420,3.648,1.187,1.368,0,NULL,NULL,,3,0,2,7,255,938,250,0,0
stim,56479,86600,0,86600,3283934.454,-0.595,0.066,-0.232,0.767,0,0,0,0,0,0,0,12,62,1.328,1,2116,0,394.018,4.767,115.125,376.813,3.000,0.023,0.195,0.828,-2.738,-3.902,-4.320,3.450,3.680,1.187,1.368,0,NULL,NULL,,3,0,2,7,255,938,250,0,0
stim,56518,86639,0,86639,3283939.455,-0.598,0.057,-0.218,0.769,0,0,0,0,0,0,0,9,62,1.328,1,2116,0,397.616,5.097,129.750,375.688,11.063,0.043,0.148,0.930,-3.426,-3.773,-3.195,3.480,3.712,1.187,1.368,0,NULL,NULL,,3,0,2,7,255,938,250,0,0
stim,56518,86639,0,86639,3283944.453,-0.601,0.048,-0.203,0.771,0,0,0,0,0,0,0,9,62,1.328,1,2116,0,398.658,5.155,139.625,372.875,19.938,0.070,0.160,0.992,-3.602,-3.688,-1.992,3.508,3.740,1.187,1.368,0,NULL,NULL,,3,0,2,7,255,938,250,0,0
stim,56518,86639,0,86639,3283949.455,-0.603,0.039,-0.189,0.774,0,0,0,0,0,0,0,10,62,1.328,1,2116,0,403.121,5.223,153.375,371.313,33.313,0.031,0.215,1.043,-3.699,-3.688,-1.242,3.532,3.766,1.187,1.368,0,NULL,NULL,,3,0,2,7,255,938,250,0,0
stim,56518,86639,0,86639,3283954.454,-0.605,0.031,-0.173,0.777,0,0,0,0,0,0,0,9,62,1.328,1,2116,0,408.587,5.591,168.063,370.375,39.000,-0.039,0.234,1.152,-4.172,-3.723,-0.930,3.558,3.792,1.187,1.368,0,NULL,NULL,,3,0,2,7,255,938,250,0,0
stim,56538,86659,0,86659,3283959.455,-0.606,0.023,-0.157,0.779,0,0,0,0,0,0,0,27,62,1.328,1,2116,0,410.860,6.171,179.375,367.313,41.375,-0.035,0.238,1.313,-4.320,-4.406,-0.012,3.582,3.818,1.187,1.368,0,NULL,NULL,,3,0,2,7,255,938,250,0,0
stim,56538,86659,0,86659,3283964.454,-0.607,0.015,-0.141,0.782,0,0,0,0,0,0,0,29,62,1.328,1,2116,0,411.470,6.210,184.563,364.875,45.938,-0.070,0.176,1.414,-4.320,-4.461,1.641,3.606,3.844,1.187,1.368,0,NULL,NULL,,3,0,2,7,255,938,250,0,0
stim,56538,86659,0,86659,3283969.455,-0.608,0.008,-0.125,0.784,0,0,0,0,0,0,0,41,62,1.328,1,2116,0,410.471,6.185,188.188,361.750,47.000,-0.109,0.199,1.539,-4.238,-4.504,2.859,3.632,3.870,1.187,1.368,0,NULL,NULL,,3,0,2,7,255,938,250,0,0
stim,56538,86659,0,86659,3283974.454,-0.609,0.000,-0.109,0.786,0,0,0,0,0,0,0,43,62,1.328,1,2116,0,409.135,6.334,191.313,357.938,51.688,-0.137,0.258,1.727,-4.238,-4.707,4.117,3.658,3.898,1.187,1.368,0,NULL,NULL,,3,0,2,7,255,938,250,0,0
stim,56538,86659,0,86659,3283979.455,-0.609,-0.007,-0.094,0.788,0,0,0,0,0,0,0,45,62,1.328,1,2116,0,400.593,6.670,180.438,354.813,45.000,-0.191,0.223,1.836,-4.484,-4.938,5.938,3.684,3.924,1.187,1.368,0,NULL,NULL,,3,0,2,7,255,938,250,0,0
stim,56538,86659,0,86659,3283984.454,-0.609,-0.015,-0.078,0.789,0,0,0,0,0,0,0,43,62,1.328,1,2116,0,391.843,6.955,169.438,350.750,42.500,-0.152,0.250,1.941,-4.898,-4.938,7.195,3.710,3.952,1.187,1.368,0,NULL,NULL,,3,0,2,7,255,938,250,0,0
stim,56538,86659,0,86659,3283989.455,-0.609,-0.023,-0.064,0.790,0,0,0,0,0,0,0,47,62,1.328,1,2116,0,381.893,6.170,153.563,346.750,45.000,-0.207,0.148,1.910,-4.484,-4.238,8.336,3.736,3.976,1.187,1.368,0,NULL,NULL,,3,0,2,7,255,938,250,0,0
stim,56538,86659,0,86659,3283994.453,-0.609,-0.031,-0.050,0.791,0,0,0,0,0,0,0,51,62,1.328,1,2116,0,374.952,5.527,146.438,343.063,38.125,-0.195,0.188,1.887,-3.957,-3.859,8.336,3.758,4.000,1.187,1.368,0,NULL,NULL,,3,0,2,7,255,938,250,0,0
stim,56561,86682,0,86682,3283999.455,-0.609,-0.039,-0.035,0.791,0,0,0,0,0,0,0,48,62,1.328,1,2116,0,371.395,4.899,148.375,338.250,38.813,-0.230,0.063,1.836,-3.648,-3.270,8.203,3.776,4.020,1.187,1.368,0,NULL,NULL,,3,0,2,7,255,938,250,0,0
stim,56561,86682,0,86682,3284004.454,-0.609,-0.046,-0.021,0.791,0,0,0,0,0,0,0,47,62,1.328,1,2116,0,368.910,3.695,154.750,333.375,31.750,-0.227,0.051,1.848,-2.531,-2.691,8.203,3.788,4.032,1.187,1.368,0,NULL,NULL,,3,0,2,7,255,938,250,0,0
stim,56561,86682,0,86682,3284009.455,-0.609,-0.053,-0.006,0.791,0,0,0,0,0,0,0,53,62,1.328,1,2116,0,367.935,3.099,165.750,327.375,27.000,-0.242,-0.031,1.898,-2.344,-2.027,8.211,3.794,4.040,1.187,1.368,0,NULL,NULL,,3,0,2,7,255,938,250,0,0
stim,56561,86682,0,86682,3284014.453,-0.609,-0.060,0.009,0.791,0,0,0,0,0,0,0,61,62,1.328,1,2116,0,364.432,1.998,169.125,322.000,22.875,-0.203,-0.066,1.887,-1.457,-1.367,8.762,3.792,4.038,1.187,1.368,0,NULL,NULL,,3,0,2,7,255,938,250,0,0
stim,56586,86708,0,86708,3284019.455,-0.609,-0.066,0.023,0.790,0,0,0,0,0,0,0,67,62,1.328,1,2116,0,366.838,1.124,185.063,316.375,15.125,-0.156,-0.180,1.891,-1.066,-0.355,8.820,3.782,4.030,1.187,1.368,0,NULL,NULL,,3,0,2,7,255,938,250,0,0
stim,56586,86708,0,86708,3284024.454,-0.609,-0.071,0.038,0.789,0,0,0,0,0,0,0,62,62,1.328,1,2116,0,370.823,0.973,202.438,310.375,14.000,-0.145,-0.184,1.809,0.012,0.973,8.762,3.762,4.010,1.187,1.368,0,NULL,NULL,,3,0,2,7,255,938,250,0,0
stim,56586,86708,0,86708,3284029.455,-0.610,-0.075,0.054,0.787,0,0,0,0,0,0,0,69,62,1.328,1,2116,0,385.032,1.548,234.250,305.563,2.875,0.027,-0.242,1.895,0.297,1.520,8.480,3.730,3.980,1.187,1.368,0,NULL,NULL,,3,0,2,7,255,938,250,0,0
stim,56587,86708,0,86708,3284034.453,-0.610,-0.079,0.071,0.785,0,0,0,0,0,0,0,68,62,1.328,1,2116,0,399.029,4.002,261.813,301.125,-1.500,0.164,-0.363,2.047,0.625,3.953,8.480,3.688,3.938,1.187,1.368,0,NULL,NULL,,3,0,2,7,255,938,250,0,0
stim,56587,86708,0,86708,3284039.455,-0.610,-0.081,0.089,0.783,0,0,0,0,0,0,0,69,62,1.328,1,2116,0,407.257,6.478,277.500,297.563,17.563,0.406,-0.352,2.258,1.172,6.371,9.504,3.632,3.884,1.187,1.368,0,NULL,NULL,,3,0,2,7,255,938,250,0,0
stim,56587,86708,0,86708,3284044.454,-0.610,-0.084,0.107,0.781,0,0,0,0,0,0,0,72,62,1.328,1,2116,0,414.348,9.727,291.438,294.250,12.875,0.508,-0.203,2.414,1.172,9.656,10.734,3.566,3.818,1.187,1.368,0,NULL,NULL,,3,0,2,7,255,938,250,0,0
stim,56639,86760,0,86760,3284049.455,-0.609,-0.085,0.125,0.779,0,0,0,0,0,0,0,69,62,1.328,1,2116,0,423.950,11.262,309.000,289.875,15.000,0.621,-0.191,2.586,-0.035,11.262,11.633,3.488,3.740,1.187,1.368,0,NULL,NULL,,3,0,2,7,255,938,250,0,0
stim,56639,86760,0,86760,3284054.453,-0.608,-0.087,0.143,0.776,0,0,0,0,0,0,0,77,62,1.328,1,2116,0,427.348,13.446,316.188,287.250,11.813,0.816,-0.160,2.797,-0.113,13.445,12.586,3.398,3.652,1.187,1.368,0,NULL,NULL,,3,0,2,7,255,938,250,0,0
stim,56639,86760,0,86760,3284059.455,-0.608,-0.088,0.161,0.773,0,0,0,0,0,0,0,77,62,1.328,1,2116,0,423.699,16.449,314.938,283.250,10.250,0.953,-0.254,2.992,-0.035,16.449,13.527,3.300,3.554,1.187,1.368,0,NULL,NULL,,3,0,2,7,255,938,250,0,0
stim,56639,86760,0,86760,3284064.454,-0.607,-0.089,0.179,0.769,0,0,0,0,0,0,0,77,62,1.328,1,2116,0,410.579,19.292,299.625,280.313,15.000,1.051,-0.207,3.137,0.836,19.273,14.258,3.192,3.446,1.187,1.368,0,NULL,NULL,,3,0,2,7,255,938,250,0,0
stim,56639,86760,0,86760,3284069.455,-0.605,-0.091,0.195,0.766,0,0,0,0,0,0,0,75,62,1.328,1,2116,0,387.817,21.286,271.938,276.250,11.750,1.074,-0.125,3.230,0.836,21.270,14.703,3.074,3.326,1.187,1.368,0,NULL,NULL,,3,0,2,7,255,938,250,0,0
stim,56639,86760,0,86760,3284074.454,-0.604,-0.094,0.211,0.763,0,0,0,0,0,0,0,81,62,1.328,1,2116,0,362.612,22.405,243.063,269.063,3.688,1.199,-0.008,3.309,0.555,22.398,14.703,2.944,3.196,1.187,1.368,0,NULL,NULL,,3,0,2,7,255,938,250,0,0
stim,56639,86760,0,86760,3284079.455,-0.603,-0.097,0.224,0.759,0,0,0,0,0,0,0,94,62,1.328,1,2116,0,334.148,24.253,205.875,262.875,-12.938,1.484,0.090,3.305,-0.359,24.250,14.656,2.806,3.054,1.187,1.368,0,NULL,NULL,,3,0,2,7,255,938,250,0,0
stim,56639,86760,0,86760,3284084.453,-0.602,-0.102,0.236,0.756,0,0,0,0,0,0,0,107,62,1.328,1,2116,0,302.252,27.167,162.688,254.250,-15.688,1.789,-0.035,3.180,-1.098,27.145,12.973,2.658,2.906,1.187,1.368,0,NULL,NULL,,3,0,2,7,255,938,250,0,0
stim,56639,86760,0,86760,3284089.455,-0.600,-0.107,0.246,0.753,0,0,0,0,0,0,0,135,62,1.328,1,2116,0,270.932,29.958,117.125,244.250,-5.250,2.066,-0.211,2.895,-1.098,29.938,9.676,2.506,2.750,1.187,1.368,0,NULL,NULL,,3,0,2,7,255,938,250,0,0
stim,56639,86760,0,86760,3284094.454,-0.598,-0.113,0.255,0.751,0,0,0,0,0,0,0,168,62,1.328,1,2116,0,245.466,31.592,78.813,232.438,3.875,2.297,-0.371,2.438,-0.336,31.590,4.938,2.352,2.592,1.187,1.368,0,NULL,NULL,,3,0,2,7,255,938,250,0,0
stim,56659,86780,0,86780,3284099.455,-0.596,-0.118,0.263,0.750,0,0,0,0,0,0,0,179,62,1.328,1,2116,0,228.176,31.590,68.250,217.000,17.813,2.488,-0.535,1.973,0.109,31.590,-0.938,2.194,2.430,1.187,1.368,0,NULL,NULL,,3,0,2,7,255,938,250,0,0
stim,56659,86780,0,86780,3284104.454,-0.593,-0.122,0.271,0.748,0,0,0,0,0,0,0,207,62,1.328,1,2116,0,218.478,31.522,81.625,200.125,31.938,2.703,-0.645,1.641,0.629,31.516,-6.703,2.036,2.266,1.187,1.368,0,NULL,NULL,,3,0,2,7,255,938,250,0,0
stim,56659,86780,0,86780,3284109.455,-0.590,-0.125,0.279,0.747,0,0,0,0,0,0,0,228,62,1.328,1,2116,0,213.098,31.522,100.250,183.563,40.813,2.965,-0.742,1.418,0.629,31.516,-11.316,1.874,2.098,1.187,1.368,0,NULL,NULL,,3,0,2,7,255,938,250,0,0
stim,56659,86780,0,86780,3284114.454,-0.587,-0.127,0.288,0.746,0,0,0,0,0,0,0,253,62,1.328,1,2116,0,209.962,32.530,116.500,165.625,55.500,3.230,-0.949,1.207,0.656,32.523,-15.195,1.708,1.924,1.187,1.368,0,NULL,NULL,,3,0,2,7,255,938,250,0,0
stim,56684,86805,0,86805,3284119.455,-0.584,-0.127,0.297,0.745,0,0,0,0,0,0,0,265,62,1.328,1,2116,0,224.958,33.521,145.625,149.688,83.625,3.375,-1.133,0.957,1.383,33.492,-19.320,1.536,1.746,1.187,1.368,0,NULL,NULL,,3,0,2,7,255,938,250,0,0
stim,56684,86805,0,86805,3284124.454,-0.580,-0.125,0.307,0.744,0,0,0,0,0,0,0,283,62,1.328,1,2116,0,252.271,33.737,192.438,125.875,103.750,3.355,-1.391,1.105,2.152,33.668,-23.020,1.362,1.562,1.187,1.368,0,NULL,NULL,,3,0,2,7,255,938,250,0,0
stim,56684,86805,0,86805,3284129.455,-0.575,-0.122,0.315,0.745,0,0,0,0,0,0,0,287,62,1.328,1,2116,0,226.671,34.733,166.625,92.125,123.000,3.469,-1.844,1.621,4.520,34.438,-23.020,1.190,1.380,1.187,1.368,0,NULL,NULL,,3,0,2,7,255,938,250,0,0
stim,56684,86805,0,86805,3284134.453,-0.571,-0.118,0.324,0.745,0,0,0,0,0,0,0,288,62,1.328,1,2116,0,241.395,35.547,187.000,72.313,134.438,3.012,-1.984,1.195,8.813,34.438,-23.035,1.024,1.198,1.187,1.368,0,NULL,NULL,,3,0,2,7,255,938,250,0,0
stim,56703,86824,0,86824,3284139.455,-0.568,-0.112,0.334,0.744,0,0,0,0,0,0,0,279,62,1.328,1,2116,0,288.371,34.646,262.625,43.188,111.000,2.789,-1.863,1.449,10.418,33.043,-21.445,0.864,1.016,1.187,1.368,0,NULL,NULL,,3,0,2,7,255,938,250,0,0
stim,56703,86824,0,86824,3284144.454,-0.567,-0.104,0.344,0.741,0,0,0,0,0,0,0,284,62,1.328,1,2116,0,303.354,34.646,293.938,8.063,74.563,2.492,-1.359,2.410,10.418,33.043,-20.262,0.710,0.830,1.187,1.368,0,NULL,NULL,,3,0,2,7,255,938,250,0,0
stim,56743,86864,0,86864,3284149.455,-0.567,-0.097,0.351,0.739,0,0,0,0,0,0,0,281,62,1.328,1,2116,0,218.753,36.445,212.375,-29.375,43.438,2.262,-0.797,3.430,8.875,35.348,-10.270,0.574,0.646,1.187,1.368,0,NULL,NULL,,3,0,2,7,255,938,250,0,0
stim,56743,86864,0,86864,3284154.453,-0.568,-0.092,0.352,0.738,0,0,0,0,0,0,0,355,62,1.328,1,2116,0,107.899,39.579,89.500,-57.688,17.438,2.176,-0.789,3.508,7.789,38.805,0.309,0.486,0.492,1.187,1.368,0,NULL,NULL,,3,0,2,7,255,938,250,0,0
stim,56743,86864,0,86864,3284159.455,-0.566,-0.084,0.354,0.740,41,0,0,331,0,0,0,473,62,1.328,1,2116,0,209.256,39.579,123.250,-126.813,111.875,1.238,-1.523,4.363,7.789,38.805,1.379,0.470,0.410,1.187,1.368,0,NULL,NULL,,3,0,2,7,255,938,250,0,0
stim,56743,86864,0,86864,3284164.454,-0.559,-0.055,0.363,0.743,709,0,0,1053,0,67,0,502,62,1.328,1,2116,0,705.749,40.411,485.688,-327.188,393.875,1.453,1.027,8.773,11.281,38.805,9.785,0.494,0.404,1.187,1.368,0,NULL,NULL,,3,0,2,7,255,938,250,0,0
stim,56743,86864,0,86864,3284169.455,-0.552,-0.062,0.340,0.759,1290,0,0,1544,0,344,0,580,62,1.328,1,2116,0,670.036,39.269,-615.438,-135.438,227.688,-0.754,1.145,6.188,11.281,37.613,45.379,0.524,0.436,1.187,1.368,0,NULL,NULL,,3,0,2,7,255,938,250,0,0
stim,56743,86864,0,86864,3284174.454,-0.542,-0.082,0.295,0.782,1804,0,0,1879,0,567,0,627,62,1.328,1,2116,0,1278.804,28.458,-1239.125,-192.688,250.563,-0.340,3.973,0.707,8.137,27.270,45.379,0.546,0.470,1.187,1.368,0,NULL,NULL,,3,0,2,7,255,938,250,0,0
stim,56743,86864,0,86864,3284179.455,-0.533,-0.095,0.261,0.799,2127,0,0,1999,0,851,0,691,62,1.328,1,2117,0,930.911,27.789,-891.813,-161.750,212.375,-1.277,3.250,-2.660,-26.332,-8.879,10.902,0.572,0.500,1.187,1.368,1,1073.000,135.000,,3,0,2,7,255,938,250,0,0
stim,56743,86864,0,86864,3284184.454,-0.529,-0.097,0.246,0.806,2345,0,0,2148,0,997,0,795,62,1.328,1,2117,0,399.386,39.154,-356.625,-146.625,104.063,-1.840,0.512,-2.648,-26.332,-28.977,-17.461,0.614,0.538,1.187,1.368,1,NULL,NULL,,3,0,2,7,255,938,250,0,0
stim,56743,86864,0,86864,3284189.455,-0.532,-0.091,0.243,0.806,2487,0,0,2247,0,1207,0,861,62,1.328,1,2117,0,166.904,28.994,19.813,-165.375,-10.750,-1.023,-1.070,0.000,1.000,-28.977,-17.461,0.644,0.568,1.187,1.368,1,NULL,NULL,,3,0,2,7,255,938,250,0,0
stim,56743,86864,0,86864,3284194.454,-0.533,-0.085,0.243,0.806,2661,0,0,2469,0,1327,0,941,62,1.328,1,2117,0,149.227,4.824,78.500,-126.813,5.000,0.309,1.184,1.758,1.000,-4.719,-8.555,0.634,0.576,1.187,1.368,1,NULL,NULL,,3,0,2,7,255,938,250,0,0
stim,56743,86864,0,86864,3284199.455,-0.530,-0.080,0.239,0.810,2798,0,0,2661,0,1367,0,1039,62,1.328,1,2117,0,156.361,10.556,-31.000,-110.688,106.000,0.145,2.559,2.207,-10.223,2.633,7.270,0.600,0.570,1.187,1.368,2,NULL,NULL,,3,0,2,7,255,938,250,0,0
stim,56743,86864,0,86864,3284204.454,-0.522,-0.078,0.227,0.818,2895,0,0,2794,0,1407,0,1148,62,1.328,1,2117,0,396.804,10.556,-261.563,-170.063,245.188,-1.680,0.332,1.727,-10.223,2.633,12.172,0.560,0.554,1.187,1.368,2,NULL,NULL,,3,0,2,7,255,938,250,0,0
stim,56777,86898,0,86898,3284209.455,-0.519,-0.080,0.209,0.825,2949,0,0,2883,0,1421,0,1256,62,1.328,1,2117,0,444.487,9.196,-404.063,-170.000,73.500,-2.301,-1.098,0.398,5.672,-7.238,12.172,0.514,0.522,1.187,1.368,2,NULL,NULL,,3,0,2,7,255,938,250,0,0
stim,56777,86898,0,86898,3284214.454,-0.524,-0.081,0.195,0.825,2987,0,0,2954,0,1435,0,1370,62,1.328,1,2117,0,340.565,18.309,-266.313,-179.938,-112.625,-1.496,-1.000,-0.551,14.902,-10.637,-0.863,0.468,0.468,1.187,1.368,2,NULL,NULL,,3,0,2,7,255,938,250,0,0
stim,56777,86898,0,86898,3284219.455,-0.532,-0.077,0.188,0.822,3021,0,0,3027,0,1452,0,1458,62,1.328,1,2117,0,271.488,18.309,-65.563,-184.563,-188.000,-0.219,-0.637,0.395,14.902,-10.637,-6.789,0.422,0.394,1.187,1.368,2,NULL,NULL,,3,0,2,7,255,938,250,0,0
stim,56777,86898,0,86898,3284224.454,-0.539,-0.072,0.182,0.819,3044,0,0,3059,0,1485,0,1493,62,1.328,1,2117,0,238.808,6.926,-15.500,-177.000,-159.563,0.758,-0.809,1.570,6.648,1.941,-6.789,0.388,0.316,1.187,1.368,2,NULL,NULL,,3,0,2,7,255,938,250,0,0
stim,56777,86898,0,86898,3284229.455,-0.542,-0.069,0.176,0.819,3063,0,0,3099,0,1529,0,1511,62,1.328,1,2117,0,183.222,15.947,-79.438,-152.250,-63.875,1.219,-1.109,1.855,5.898,14.816,0.625,0.362,0.254,1.187,1.368,2,NULL,NULL,,3,0,2,7,255,938,250,0,0
stim,56777,86898,0,86898,3284234.454,-0.540,-0.067,0.167,0.822,3090,0,0,3141,0,1637,0,1531,62,1.328,1,2117,0,223.983,21.429,-165.438,-141.125,53.688,1.156,-1.609,1.641,5.898,20.602,0.625,0.340,0.214,1.187,1.368,2,NULL,NULL,,3,0,2,7,255,938,250,0,0
stim,56800,86921,0,86921,3284239.455,-0.535,-0.067,0.157,0.828,3091,0,0,3157,0,1753,36,1541,62,1.328,1,2117,0,281.454,23.052,-196.500,-124.188,158.688,0.516,-1.563,0.902,10.344,20.602,-0.711,0.322,0.196,1.187,1.368,2,NULL,NULL,,3,0,2,7,255,938,250,0,0
stim,56800,86921,0,86921,3284244.453,-0.528,-0.064,0.150,0.834,3099,0,0,3176,0,1864,115,1573,62,1.328,1,2117,0,268.859,16.708,-141.063,-120.750,194.438,-0.324,-0.824,0.395,10.344,13.121,-5.289,0.312,0.186,1.187,1.368,2,NULL,NULL,,3,0,2,7,255,938,250,0,0
stim,56800,86921,0,86921,3284249.455,-0.523,-0.060,0.145,0.838,3115,0,0,3192,0,1977,146,1641,62,1.328,1,2117,0,205.776,8.810,-64.375,-128.375,147.375,-0.914,0.020,0.617,8.645,1.699,-5.289,0.308,0.178,1.187,1.368,2,NULL,NULL,,3,0,2,7,255,938,250,0,0
stim,56800,86921,0,86921,3284254.453,-0.522,-0.057,0.140,0.839,3110,0,0,3192,0,2069,197,1689,62,1.328,1,2117,0,148.547,7.196,-57.125,-134.313,27.625,-1.008,0.457,1.289,3.895,-6.051,-1.715,0.314,0.164,1.187,1.368,2,NULL,NULL,,3,0,2,7,255,938,250,0,0
stim,56838,86959,0,86959,3284259.455,-0.524,-0.053,0.135,0.839,3111,0,0,3192,0,2165,215,1787,62,1.328,1,2117,0,154.824,6.083,-78.063,-131.000,-26.750,-0.160,0.355,1.086,0.629,-6.051,1.289,0.330,0.142,1.187,1.368,2,NULL,NULL,,3,0,2,7,255,938,250,0,0
stim,56838,86959,0,86959,3284264.454,-0.525,-0.051,0.128,0.840,3111,0,0,3196,87,2251,281,1910,62,1.328,1,2117,0,161.898,0.630,-95.625,-129.688,-15.750,-0.027,-0.109,1.273,0.629,-0.027,2.172,0.346,0.120,1.187,1.368,2,NULL,NULL,,3,0,2,7,255,938,250,0,0
stim,56838,86959,0,86959,3284269.455,-0.525,-0.049,0.122,0.841,3111,0,0,3195,331,2294,376,2035,62,1.328,1,2117,0,151.266,3.576,-99.688,-113.250,-10.875,0.168,-0.363,1.492,1.227,3.359,2.172,0.362,0.098,1.187,1.368,2,NULL,NULL,,3,0,2,7,255,938,250,0,0
stim,56838,86959,0,86959,3284274.454,-0.527,-0.048,0.118,0.840,3110,0,0,3199,558,2341,365,2117,62,1.328,1,2117,0,92.445,6.580,-57.375,-56.875,-44.938,0.516,-0.273,1.375,1.227,6.465,2.172,0.374,0.080,1.187,1.368,2,NULL,NULL,,3,0,2,7,255,938,250,0,0
stim,56838,86959,0,86959,3284279.455,-0.528,-0.047,0.116,0.840,3108,0,0,3199,764,2363,409,2167,62,1.328,1,2117,0,72.147,6.853,-37.125,-55.750,-26.813,0.684,0.316,1.035,0.281,6.848,1.934,0.382,0.064,1.187,1.368,2,NULL,NULL,,3,0,2,7,255,938,250,0,0
stim,56838,86959,0,86959,3284284.454,-0.529,-0.046,0.115,0.840,3107,0,0,3197,931,2392,437,2211,62,1.328,1,2117,0,37.133,8.874,1.125,-36.438,-7.063,0.406,0.477,1.344,-5.645,6.848,1.934,0.388,0.052,1.187,1.368,2,NULL,NULL,,3,0,2,7,255,938,250,0,0
stim,56838,86959,0,86959,3284289.455,-0.529,-0.047,0.112,0.840,3117,1,0,3194,1035,2404,441,2253,62,1.328,1,2117,0,66.215,7.211,-62.250,-21.688,-6.250,-0.285,-0.105,1.641,-5.645,4.488,2.750,0.396,0.044,1.187,1.368,2,NULL,NULL,,3,0,2,7,255,938,250,0,0
stim,56838,86959,0,86959,3284294.454,-0.530,-0.049,0.107,0.840,3109,19,0,3207,1126,2429,468,2294,62,1.328,1,2117,0,112.622,2.327,-106.375,-17.188,-32.750,-0.211,-0.105,0.828,1.742,1.543,2.750,0.404,0.038,1.187,1.368,2,NULL,NULL,,3,0,2,7,255,938,250,0,0
stim,56861,86982,0,86982,3284299.455,-0.532,-0.050,0.105,0.839,3103,30,0,3191,1222,2429,487,2335,62,1.328,1,2117,0,78.042,1.776,-52.688,-13.875,-55.875,-0.195,0.090,0.707,1.742,0.344,-1.586,0.410,0.030,1.187,1.368,2,NULL,NULL,,3,0,2,7,255,938,250,0,0
stim,56861,86982,0,86982,3284304.454,-0.534,-0.050,0.104,0.837,3103,41,0,3199,1303,2451,499,2367,62,1.328,1,2117,0,70.769,0.349,-15.688,-15.750,-67.188,-0.020,0.145,1.016,-0.059,0.344,-1.586,0.416,0.026,1.187,1.368,2,NULL,NULL,,3,0,2,7,255,938,250,0,0
stim,56861,86982,0,86982,3284309.455,-0.536,-0.050,0.102,0.836,3115,71,0,3209,1369,2459,510,2395,62,1.328,1,2117,0,60.192,1.567,-32.125,-12.125,-49.438,0.102,0.035,1.156,-0.832,1.328,0.063,0.422,0.024,1.187,1.368,2,NULL,NULL,,3,0,2,7,255,938,250,0,0
stim,56861,86982,0,86982,3284314.454,-0.537,-0.051,0.099,0.836,3115,107,0,3204,1459,2472,519,2414,62,1.328,1,2117,0,63.162,2.476,-58.188,-9.125,-22.813,0.000,-0.070,1.035,-0.832,2.332,0.063,0.426,0.020,1.187,1.368,2,NULL,NULL,,3,0,2,7,255,938,250,0,0
stim,56889,87010,0,87010,3284319.455,-0.538,-0.052,0.097,0.836,3115,117,0,3199,1523,2483,508,2431,62,1.328,1,2117,0,58.265,2.376,-53.313,-6.375,-22.625,-0.164,0.004,0.883,0.457,2.332,0.059,0.434,0.014,1.187,1.368,2,NULL,NULL,,3,0,2,7,255,938,250,0,0
stim,56889,87010,0,87010,3284324.454,-0.539,-0.053,0.096,0.835,3115,133,0,3195,1565,2495,509,2451,62,1.328,1,2117,0,51.386,0.531,-29.938,-5.688,-41.375,-0.184,0.109,0.906,0.457,0.270,-0.703,0.442,0.010,1.187,1.368,2,NULL,NULL,,3,0,2,7,255,938,250,0,0
stim,56889,87010,0,87010,3284329.455,-0.541,-0.053,0.095,0.834,3108,136,0,3196,1595,2509,505,2470,62,1.328,1,2117,0,56.597,0.531,-17.125,-5.250,-53.688,-0.094,0.141,1.039,-0.457,0.270,-0.703,0.450,0.004,1.187,1.368,2,NULL,NULL,,3,0,2,7,255,938,250,0,0
stim,56889,87010,0,87010,3284334.453,-0.543,-0.054,0.094,0.833,3107,157,0,3207,1639,2505,493,2475,62,1.328,1,2117,0,53.138,1.195,-23.813,-2.500,-47.438,0.012,0.078,1.109,-1.004,0.648,0.422,0.456,0.000,1.187,1.368,2,NULL,NULL,,3,0,2,7,255,938,250,0,0
stim,56889,87010,0,87010,3284339.455,-0.544,-0.054,0.092,0.832,3115,172,0,3205,1677,2511,485,2483,62,1.328,1,2117,0,46.016,2.199,-34.938,-0.750,-29.938,0.035,0.016,1.055,-1.004,1.957,0.422,0.000,0.000,1.187,1.368,2,NULL,NULL,,3,0,2,7,255,938,250,0,0
stim,56889,87010,0,87010,3284344.454,-0.544,-0.055,0.091,0.832,3103,201,16,3207,1712,2525,471,2485,62,1.328,1,2117,0,37.607,2.037,-34.063,0.250,-15.938,-0.008,-0.023,0.965,-0.566,1.957,0.254,0.000,0.000,1.187,1.368,2,NULL,NULL,,3,0,2,7,255,938,250,0,0
stim,56938,87059,0,87059,3284349.455,-0.545,-0.056,0.089,0.832,3109,216,27,3208,1733,2521,461,2489,62,1.328,1,2117,0,25.476,1.829,-23.750,0.750,-9.188,-0.082,-0.059,0.934,-0.070,1.828,-0.551,0.000,0.000,1.187,1.368,2,NULL,NULL,,3,0,2,7,255,938,250,0,0
stim,56938,87059,0,87059,3284354.453,-0.545,-0.056,0.089,0.832,3107,223,57,3211,1738,2515,441,2489,62,1.328,1,2117,0,16.044,1.342,-14.063,0.750,-7.688,-0.125,-0.066,0.973,0.527,1.234,-0.551,0.000,0.000,1.187,1.368,2,NULL,NULL,,3,0,2,7,255,938,250,0,0
stim,56938,87059,0,87059,3284359.455,-0.545,-0.056,0.088,0.832,3101,221,72,3207,1757,2515,419,2483,62,1.328,1,2117,0,11.789,1.120,-9.750,0.188,-6.625,-0.141,-0.012,1.004,0.527,0.988,-0.273,0.000,0.000,1.187,1.368,2,NULL,NULL,,3,0,2,7,255,938,250,0,0
stim,56938,87059,0,87059,3284364.454,-0.545,-0.056,0.088,0.832,3106,221,87,3205,1775,2515,411,2479,62,1.328,1,2117,0,9.668,0.760,-7.375,-0.125,-6.250,-0.145,0.047,1.016,0.297,0.699,0.102,0.000,0.000,1.187,1.368,2,NULL,NULL,,3,0,2,7,255,938,250,0,0
stim,56938,87059,0,87059,3284369.455,-0.546,-0.056,0.088,0.832,3103,218,112,3190,1796,2517,397,2482,62,1.291,1,2117,1,8.670,0.493,-5.500,-0.438,-6.688,-0.148,0.066,1.035,-0.211,0.445,0.230,0.000,0.000,1.257,1.388,2,NULL,NULL,,3,0,2,7,255,938,250,0,0
stim,56938,87059,0,87059,3284374.455,-0.546,-0.057,0.087,0.831,3089,210,120,3195,1805,2515,391,2485,62,1.291,1,2117,1,9.359,0.519,-6.250,-0.625,-6.938,-0.141,0.051,1.031,-0.266,0.445,0.371,0.004,0.002,1.257,1.388,2,NULL,NULL,,3,0,2,7,255,938,250,0,0
stim,56938,87059,0,87059,3284379.454,-0.546,-0.057,0.087,0.831,3081,205,149,3181,1816,2505,381,2482,62,1.291,1,2117,1,8.210,0.535,-6.375,-1.063,-5.063,-0.145,0.016,0.996,-0.266,0.465,0.371,0.010,0.004,1.257,1.388,2,NULL,NULL,,3,0,2,7,255,938,250,0,0
stim,56938,87059,0,87059,3284384.455,-0.546,-0.057,0.087,0.831,3087,200,203,3179,1827,2501,373,2485,62,1.291,1,2117,1,5.345,0.468,-3.875,-2.375,-2.813,-0.164,0.012,0.977,0.051,0.465,0.047,0.014,0.006,1.257,1.388,2,NULL,NULL,,3,0,2,7,255,938,250,0,0
stim,56938,87059,0,87059,3284389.454,-0.546,-0.057,0.087,0.831,3067,185,219,3178,1827,2492,363,2485,62,1.291,1,2117,1,4.563,0.335,0.063,-3.688,-2.688,-0.180,0.023,0.973,0.148,0.301,-0.121,0.016,0.008,1.257,1.388,2,NULL,NULL,,3,0,2,7,255,938,250,0,0
stim,56938,87059,0,87059,3284394.455,-0.546,-0.056,0.087,0.831,3063,189,245,3161,1843,2485,363,2487,62,1.291,1,2117,1,6.717,0.192,2.188,-5.125,-3.750,-0.188,0.039,0.988,0.148,0.121,-0.121,0.020,0.010,1.257,1.388,2,NULL,NULL,,3,0,2,7,255,938,250,0,0
stim,56958,87079,0,87079,3284399.454,-0.546,-0.056,0.086,0.831,3051,172,256,3161,1855,2477,365,2488,62,1.291,1,2117,1,8.273,0.074,1.938,-6.250,-5.063,-0.180,0.047,0.992,0.039,0.063,0.059,0.022,0.012,1.257,1.388,2,NULL,NULL,,3,0,2,7,255,938,250,0,0
stim,56958,87079,0,87079,3284404.455,-0.547,-0.056,0.086,0.831,3032,163,267,3149,1855,2477,360,2493,62,1.291,1,2117,1,9.438,0.113,1.563,-7.063,-6.063,-0.164,0.051,0.984,-0.094,0.063,0.059,0.026,0.014,1.257,1.388,2,NULL,NULL,,3,0,2,7,255,938,250,0,0
stim,56958,87079,0,87079,3284409.454,-0.547,-0.055,0.086,0.831,3027,164,295,3140,1880,2475,363,2501,62,1.291,1,2117,1,10.242,0.197,2.375,-8.000,-5.938,-0.152,0.039,0.980,-0.109,0.164,-0.023,0.030,0.018,1.257,1.388,2,NULL,NULL,,3,0,2,7,255,938,250,0,0
stim,56958,87079,0,87079,3284414.455,-0.547,-0.055,0.086,0.831,3003,165,312,3124,1895,2475,374,2507,62,1.291,1,2117,1,10.470,0.220,2.750,-9.250,-4.063,-0.168,0.023,0.973,-0.109,0.191,-0.102,0.032,0.020,1.257,1.388,2,NULL,NULL,,3,0,2,7,255,938,250,0,0
stim,56988,87109,0,87109,3284419.454,-0.547,-0.055,0.086,0.831,2999,165,350,3102,1923,2472,394,2515,62,1.291,1,2117,1,11.780,0.213,3.688,-10.375,-4.188,-0.195,0.035,0.969,0.094,0.191,-0.125,0.036,0.024,1.257,1.388,2,NULL,NULL,,3,0,2,7,255,938,250,0,0
stim,56988,87109,0,87109,3284424.455,-0.548,-0.054,0.086,0.831,2975,157,392,3091,1949,2460,409,2521,62,1.291,1,2117,1,15.018,0.141,5.125,-11.500,-8.188,-0.203,0.059,0.973,0.094,-0.105,-0.125,0.038,0.026,1.257,1.388,2,NULL,NULL,,3,0,2,7,255,938,250,0,0
stim,56988,87109,0,87109,3284429.454,-0.548,-0.053,0.086,0.830,2963,159,416,3079,1975,2471,413,2531,62,1.291,1,2117,1,18.312,0.134,6.250,-12.750,-11.563,-0.172,0.066,0.984,-0.082,-0.105,-0.070,0.040,0.028,1.257,1.388,2,NULL,NULL,,3,0,2,7,255,938,250,0,0
stim,56988,87109,0,87109,3284434.455,-0.549,-0.053,0.085,0.830,2936,157,472,3051,2005,2467,429,2531,62,1.291,1,2117,1,18.355,0.250,6.063,-13.875,-10.375,-0.148,0.070,0.992,-0.250,-0.004,-0.016,0.042,0.028,1.257,1.388,2,NULL,NULL,,3,0,2,7,255,938,250,0,0
stim,56988,87109,0,87109,3284439.454,-0.549,-0.052,0.085,0.830,2915,163,595,3047,2029,2471,469,2543,62,1.291,1,2117,1,17.519,0.367,4.875,-15.125,-7.375,-0.168,0.082,0.996,-0.367,-0.004,0.031,0.042,0.028,1.257,1.388,2,NULL,NULL,,3,0,2,7,255,938,250,0,0
stim,56988,87109,0,87109,3284444.455,-0.549,-0.051,0.085,0.830,2897,179,659,3020,2069,2471,481,2568,62,1.291,1,2117,1,19.265,0.395,4.500,-16.563,-8.750,-0.199,0.113,0.988,-0.395,-0.020,0.113,0.042,0.026,1.257,1.388,2,NULL,NULL,,3,0,2,7,255,938,250,0,0
stim,57038,87159,0,87159,3284449.454,-0.550,-0.051,0.085,0.829,2869,175,731,2991,2115,2469,555,2587,62,1.291,1,2117,1,23.695,0.715,6.750,-18.313,-13.438,-0.195,0.160,0.996,-0.543,-0.465,0.125,0.042,0.026,1.257,1.388,2,NULL,NULL,,3,0,2,7,255,938,250,0,0
stim,57038,87159,0,87159,3284454.455,-0.551,-0.050,0.085,0.829,2835,201,794,2969,2175,2469,630,2600,62,1.291,1,2117,1,27.407,1.101,8.000,-18.938,-18.125,-0.172,0.215,1.035,-0.973,-0.516,0.227,0.042,0.026,1.257,1.388,2,NULL,NULL,,3,0,2,7,255,938,250,0,0
stim,57038,87159,0,87159,3284459.454,-0.551,-0.049,0.085,0.829,2797,211,903,2955,2229,2474,729,2617,62,1.291,1,2117,1,27.991,1.657,4.250,-19.750,-19.375,-0.145,0.246,1.055,-1.574,-0.516,0.574,0.042,0.024,1.257,1.388,2,NULL,NULL,,3,0,2,7,255,938,250,0,0
stim,57038,87159,0,87159,3284464.455,-0.552,-0.048,0.084,0.828,2779,225,989,2927,2285,2479,858,2637,62,1.291,1,2117,1,27.177,1.743,-2.063,-20.313,-17.938,-0.160,0.227,1.055,-1.680,-0.465,0.715,0.042,0.024,1.257,1.388,2,NULL,NULL,,3,0,2,7,255,938,250,0,0
stim,57058,87179,0,87179,3284469.454,-0.553,-0.047,0.083,0.828,2740,237,1107,2907,2329,2479,951,2669,62,1.291,1,2117,1,31.181,1.743,-7.938,-20.688,-21.938,-0.195,0.180,1.047,-1.680,-0.465,0.715,0.044,0.024,1.257,1.388,2,NULL,NULL,,3,0,2,7,255,938,250,0,0
stim,57058,87179,0,87179,3284474.455,-0.554,-0.047,0.083,0.827,2701,245,1213,2870,2377,2489,1067,2680,62,1.291,1,2117,1,39.044,1.236,-11.750,-20.625,-31.000,-0.184,0.152,1.027,-1.141,-0.477,0.691,0.044,0.026,1.257,1.388,2,NULL,NULL,,3,0,2,7,255,938,250,0,0
stim,57058,87179,0,87179,3284479.454,-0.555,-0.047,0.082,0.826,2645,246,1315,2847,2427,2487,1183,2699,62,1.291,1,2117,1,46.595,1.041,-14.688,-20.125,-39.375,-0.145,0.125,1.020,-0.926,-0.477,0.465,0.048,0.026,1.257,1.388,2,NULL,NULL,,3,0,2,7,255,938,250,0,0
stim,57058,87179,0,87179,3284484.455,-0.557,-0.046,0.080,0.825,2591,251,1471,2828,2471,2505,1299,2707,62,1.291,1,2117,1,51.371,0.819,-19.500,-20.375,-42.938,-0.133,0.105,1.039,-0.816,-0.066,0.465,0.050,0.028,1.257,1.388,2,NULL,NULL,,3,0,2,7,255,938,250,0,0
stim,57058,87179,0,87179,3284489.454,-0.559,-0.046,0.079,0.824,2519,265,1591,2804,2513,2507,1397,2727,62,1.291,1,2117,1,57.841,0.742,-28.500,-20.000,-46.188,-0.145,0.098,1.055,-0.738,0.074,0.477,0.052,0.030,1.257,1.388,2,NULL,NULL,,3,0,2,7,255,938,250,0,0
stim,57058,87179,0,87179,3284494.455,-0.560,-0.047,0.077,0.823,2453,285,1712,2773,2543,2509,1520,2743,62,1.291,1,2117,1,64.411,0.647,-34.438,-19.188,-50.938,-0.129,0.066,1.000,-0.633,0.137,0.477,0.056,0.032,1.257,1.388,2,NULL,NULL,,3,0,2,7,255,938,250,0,0
stim,57058,87179,0,87179,3284499.454,-0.562,-0.047,0.075,0.822,2388,288,1849,2747,2589,2513,1635,2759,62,1.291,1,2117,1,63.398,0.467,-35.063,-19.875,-48.938,-0.102,0.023,0.969,-0.430,0.184,0.102,0.058,0.032,1.257,1.388,2,NULL,NULL,,3,0,2,7,255,938,250,0,0
stim,57058,87179,0,87179,3284504.455,-0.563,-0.047,0.073,0.822,2317,293,1959,2703,2620,2515,1752,2771,62,1.291,1,2117,1,58.712,0.548,-39.375,-20.000,-38.688,-0.070,-0.023,1.070,-0.148,0.527,0.102,0.060,0.032,1.257,1.388,2,NULL,NULL,,3,0,2,7,255,938,250,0,0
stim,57058,87179,0,87179,3284509.454,-0.565,-0.048,0.070,0.821,2221,301,2065,2667,2663,2515,1851,2780,62,1.291,1,2117,1,66.435,0.540,-53.438,-22.125,-32.688,-0.184,-0.031,1.047,0.117,0.527,0.590,0.062,0.030,1.257,1.388,2,NULL,NULL,,3,0,2,7,255,938,250,0,0
stim,57058,87179,1,87179,3284514.455,-0.566,-0.049,0.067,0.820,2125,301,2183,2616,2685,2508,1951,2795,62,1.291,1,2117,1,80.476,0.488,-57.500,-21.438,-52.063,-0.379,0.047,0.988,0.488,0.004,0.590,0.062,0.028,1.257,1.388,2,NULL,NULL,,3,1,2,7,255,938,250,0,0
stim,57079,87200,1,87200,3284519.454,-0.570,-0.049,0.065,0.818,2025,302,2281,2571,2719,2511,2059,2809,62,1.291,1,2117,1,108.844,1.489,-54.063,-23.250,-91.563,-0.285,0.047,0.938,0.488,-1.406,0.340,0.064,0.028,1.257,1.388,2,NULL,NULL,,3,1,2,7,255,938,250,0,0
stim,57079,87200,1,87200,3284524.455,-0.573,-0.050,0.062,0.816,1913,302,2355,2509,2735,2510,2135,2823,62,1.291,1,2117,0,116.455,1.449,-43.813,-25.625,-104.813,-0.086,-0.059,0.945,0.348,-1.406,-0.301,0.064,0.028,1.257,1.388,2,NULL,NULL,,3,1,2,7,255,938,250,0,0
stim,57079,87200,1,87200,3284529.454,-0.576,-0.050,0.059,0.814,1798,307,2451,2431,2759,2513,2212,2838,62,1.291,1,2117,0,98.560,0.813,-43.375,-26.313,-84.500,0.051,-0.160,1.055,0.348,0.734,-0.301,0.064,0.028,1.257,1.388,2,NULL,NULL,,3,1,2,7,255,938,250,0,0
stim,57079,87200,1,87200,3284534.455,-0.578,-0.050,0.056,0.812,1640,287,2513,2344,2780,2509,2291,2853,62,1.291,1,2117,0,85.143,1.669,-53.813,-26.188,-60.563,-0.020,-0.105,1.082,0.457,1.605,0.324,0.064,0.030,1.257,1.388,2,NULL,NULL,,3,1,2,7,255,938,250,0,0
stim,57110,87231,1,87231,3284539.454,-0.580,-0.051,0.053,0.811,1415,279,2565,2239,2807,2507,2355,2863,62,1.291,1,2117,0,80.505,1.669,-62.375,-27.813,-42.625,-0.059,-0.039,1.039,0.457,1.605,0.332,0.066,0.030,1.257,1.388,2,NULL,NULL,,3,1,2,7,255,938,250,0,0
stim,57110,87231,1,87231,3284544.455,-0.581,-0.051,0.050,0.811,1251,249,2611,2139,2831,2503,2415,2873,62,1.291,1,2117,0,78.016,0.921,-59.875,-28.375,-41.188,-0.172,0.039,1.004,-0.070,0.918,0.332,0.070,0.032,1.257,1.388,2,NULL,NULL,,3,1,2,7,255,938,250,0,0
stim,57110,87231,1,87231,3284549.454,-0.583,-0.052,0.047,0.810,1071,237,2653,2008,2851,2493,2473,2889,62,1.291,1,2117,0,82.247,0.481,-58.563,-30.563,-49.000,-0.129,0.051,1.020,-0.465,-0.125,0.234,0.072,0.030,1.257,1.388,2,NULL,NULL,,3,1,2,7,255,938,250,0,0
stim,57110,87231,1,87231,3284554.455,-0.584,-0.052,0.045,0.809,888,212,2693,1847,2867,2487,2527,2897,62,1.291,1,2117,0,78.174,0.481,-50.875,-31.188,-50.500,-0.125,-0.016,0.988,-0.465,-0.125,0.180,0.074,0.030,1.257,1.388,2,NULL,NULL,,3,1,2,7,255,938,250,0,0
stim,57139,87260,1,87260,3284559.454,-0.586,-0.052,0.042,0.808,669,167,2728,1591,2885,2477,2577,2904,62,1.291,1,2117,0,72.988,0.167,-45.250,-33.688,-46.313,-0.113,-0.035,1.051,-0.164,0.031,0.234,0.074,0.028,1.257,1.388,2,NULL,NULL,,3,1,2,7,255,938,250,0,0
stim,57139,87260,1,87260,3284564.455,-0.587,-0.052,0.039,0.807,454,137,2765,1365,2901,2473,2619,2911,62,1.291,1,2117,0,71.245,0.256,-46.500,-33.750,-42.125,-0.051,-0.063,1.000,-0.094,0.238,0.000,0.076,0.026,1.257,1.388,2,NULL,NULL,,3,1,2,7,255,938,250,0,0
stim,57139,87260,1,87260,3284569.454,-0.588,-0.052,0.037,0.806,303,75,2795,1125,2915,2463,2654,2923,62,1.291,1,2117,0,61.548,0.271,-34.750,-37.688,-34.063,-0.105,-0.078,0.977,-0.031,0.270,0.000,0.080,0.024,1.257,1.388,2,NULL,NULL,,3,1,2,7,255,938,250,0,0
stim,57139,87260,1,87260,3284574.455,-0.590,-0.051,0.035,0.805,151,38,2822,879,2930,2447,2683,2931,62,1.291,1,2117,0,61.077,0.390,-32.938,-38.813,-33.750,-0.133,-0.125,1.012,0.281,0.270,0.000,0.082,0.024,1.257,1.388,2,NULL,NULL,,3,1,2,7,255,938,250,0,0
stim,57139,87260,1,87260,3284579.454,-0.591,-0.050,0.033,0.804,67,24,2845,637,2942,2423,2715,2937,62,1.291,1,2117,0,61.722,0.390,-23.625,-42.063,-38.500,-0.070,-0.074,0.973,0.281,0.270,-0.160,0.086,0.024,1.257,1.388,2,NULL,NULL,,3,1,2,7,255,938,250,0,0
stim,57139,87260,1,87260,3284584.455,-0.592,-0.049,0.031,0.804,12,0,2861,415,2958,2407,2743,2943,62,1.291,1,2117,0,56.149,0.515,-15.875,-44.938,-29.688,-0.043,-0.055,1.023,0.105,0.504,0.207,0.090,0.026,1.257,1.388,2,NULL,NULL,,3,1,2,7,255,938,250,0,0
stim,57139,87260,1,87260,3284589.454,-0.593,-0.048,0.029,0.803,0,0,2875,280,2969,2377,2773,2955,62,1.291,1,2117,0,59.387,0.553,-9.188,-48.125,-33.563,-0.023,0.043,1.008,-0.180,0.523,-0.012,0.094,0.028,1.257,1.388,2,NULL,NULL,,3,1,2,7,255,938,250,0,0
stim,57139,87260,1,87260,3284594.455,-0.594,-0.046,0.027,0.803,0,0,2891,233,2979,2357,2803,2963,62,1.291,1,2117,0,56.631,0.651,-5.625,-48.938,-27.938,-0.047,-0.031,1.031,-0.387,0.523,0.207,0.096,0.032,1.257,1.388,2,NULL,NULL,,3,1,2,7,255,938,250,0,0
stim,57162,87283,1,87283,3284599.454,-0.594,-0.043,0.027,0.803,0,0,2900,185,2987,2333,2829,2967,62,1.291,1,2117,0,68.834,0.620,35.125,-59.125,-2.938,-0.305,-0.199,1.250,-0.387,0.484,0.301,0.096,0.034,1.257,1.388,2,NULL,NULL,,3,1,2,7,255,938,250,0,0
stim,57162,87283,1,87283,3284604.455,-0.594,-0.039,0.028,0.803,0,0,2909,151,2997,2310,2852,2971,62,1.291,1,2117,0,107.730,2.204,76.125,-73.625,19.750,-0.492,-0.242,1.688,1.805,-1.266,2.750,0.094,0.034,1.257,1.388,2,NULL,NULL,,3,1,2,7,255,938,250,0,0
stim,57162,87283,1,87283,3284609.454,-0.594,-0.036,0.026,0.803,0,0,2911,86,3007,2277,2873,2964,62,1.291,1,2117,0,79.038,2.307,11.313,-78.125,3.938,-0.305,-0.070,1.699,1.805,-1.438,7.055,0.088,0.036,1.257,1.388,3,NULL,NULL,,3,1,2,7,255,938,250,0,0
stim,57162,87283,1,87283,3284614.455,-0.594,-0.035,0.022,0.803,0,0,2919,59,3017,2245,2891,2980,62,1.291,1,2117,0,101.848,1.526,-64.250,-73.875,-28.063,-0.059,-0.078,1.207,0.512,-1.438,7.055,0.080,0.036,1.257,1.388,3,NULL,NULL,,3,1,2,7,255,938,250,0,0
stim,57188,87309,1,87309,3284619.454,-0.594,-0.033,0.018,0.803,0,0,2919,8,3023,2195,2905,2983,62,1.291,1,2117,0,91.845,0.437,-42.813,-80.938,7.188,0.008,-0.066,0.922,0.098,0.426,2.043,0.072,0.040,1.257,1.388,3,NULL,NULL,,3,1,2,7,255,938,250,0,0
stim,57188,87309,1,87309,3284624.455,-0.593,-0.030,0.016,0.804,0,0,2919,0,3033,2137,2920,2985,62,1.291,1,2117,0,94.799,0.430,3.938,-88.500,33.750,-0.098,0.016,0.918,-0.063,0.426,-0.773,0.064,0.046,1.257,1.388,3,NULL,NULL,,3,1,2,7,255,938,250,0,0
stim,57188,87309,1,87309,3284629.454,-0.592,-0.026,0.015,0.805,0,0,2916,0,3037,2077,2931,2987,62,1.291,1,2117,0,102.234,0.728,32.813,-92.875,27.375,-0.254,0.066,1.105,-0.480,-0.547,-0.773,0.056,0.054,1.257,1.388,3,NULL,NULL,,3,1,2,7,255,938,250,0,0
stim,57188,87309,1,87309,3284634.455,-0.592,-0.022,0.014,0.806,0,0,2908,0,3044,1979,2943,2988,62,1.291,1,2117,0,104.958,2.163,37.063,-97.438,12.188,-0.266,0.043,1.281,-0.480,-2.109,1.141,0.050,0.060,1.257,1.388,3,NULL,NULL,,3,1,2,7,255,938,250,0,0
stim,57188,87309,1,87309,3284639.454,-0.592,-0.018,0.013,0.806,0,0,2907,0,3049,1890,2963,2987,62,1.291,1,2117,0,103.917,2.132,22.250,-101.500,1.188,-0.184,0.004,1.371,-0.309,-2.109,2.855,0.046,0.068,1.257,1.388,3,NULL,NULL,,3,1,2,7,255,938,250,0,0
stim,57188,87309,1,87309,3284644.455,-0.591,-0.014,0.010,0.806,0,0,2902,0,3055,1780,2971,2987,62,1.291,1,2117,0,106.201,1.345,4.563,-105.625,10.063,-0.102,-0.020,1.352,-0.152,-1.336,3.461,0.044,0.074,1.257,1.388,3,NULL,NULL,,3,1,2,7,255,938,250,0,0
stim,57236,87357,1,87357,3284649.454,-0.590,-0.010,0.007,0.807,0,0,2897,0,3059,1669,2984,2983,62,1.291,1,2117,0,111.339,0.754,-5.875,-109.313,20.313,-0.086,0.016,1.238,-0.152,-0.738,3.461,0.044,0.082,1.257,1.388,3,NULL,NULL,,3,1,2,7,255,938,250,0,0
stim,57236,87357,1,87357,3284654.455,-0.589,-0.006,0.004,0.808,0,0,2887,0,3062,1517,2995,2973,62,1.291,1,2117,0,115.723,0.750,-5.500,-112.688,25.750,-0.172,0.000,1.195,-0.133,-0.738,2.320,0.046,0.090,1.257,1.388,3,NULL,NULL,,3,1,2,7,255,938,250,0,0
stim,57236,87357,1,87357,3284659.454,-0.588,-0.002,0.002,0.809,0,0,2871,0,3064,1337,3001,2975,62,1.291,1,2117,0,122.803,1.598,6.313,-119.313,28.375,-0.254,0.016,1.242,0.012,-1.598,2.320,0.050,0.098,1.257,1.388,3,NULL,NULL,,3,1,2,7,255,938,250,0,0
stim,57236,87357,1,87357,3284664.455,-0.587,0.002,-0.001,0.809,0,0,2857,0,3068,1149,3012,2971,62,1.291,1,2117,0,127.310,2.312,3.938,-126.125,16.875,-0.219,0.012,1.250,0.125,-2.309,2.383,0.056,0.108,1.257,1.388,3,NULL,NULL,,3,1,2,7,255,938,250,0,0
stim,57236,87357,1,87357,3284669.454,-0.587,0.007,-0.004,0.810,0,0,2844,0,3077,955,3021,2963,62,1.291,1,2117,0,131.149,2.314,1.875,-130.563,12.250,-0.172,-0.043,1.234,0.156,-2.309,2.383,0.062,0.116,1.257,1.388,3,NULL,NULL,,3,1,2,7,255,938,250,0,0
stim,57236,87357,1,87357,3284674.455,-0.586,0.011,-0.008,0.810,0,0,2829,0,3079,725,3031,2953,62,1.291,1,2117,0,135.628,1.839,-6.375,-135.000,11.375,-0.082,-0.047,1.188,0.332,-1.809,2.250,0.068,0.128,1.257,1.388,3,NULL,NULL,,3,1,2,7,255,938,250,0,0
stim,57236,87357,1,87357,3284679.454,-0.585,0.016,-0.012,0.811,0,0,2810,0,3081,573,3038,2939,62,1.291,1,2117,0,141.858,1.209,-11.313,-139.625,22.375,-0.086,-0.129,1.105,0.523,-1.090,1.805,0.076,0.138,1.257,1.388,3,NULL,NULL,,3,1,2,7,255,938,250,0,0
stim,57236,87357,1,87357,3284684.455,-0.584,0.020,-0.016,0.811,0,0,2787,0,3087,463,3047,2935,62,1.291,1,2117,0,146.195,1.555,-9.813,-143.750,24.750,-0.098,-0.113,1.039,1.109,-1.090,1.035,0.082,0.148,1.257,1.388,3,NULL,NULL,,3,1,2,7,255,938,250,0,0
stim,57236,87357,1,87357,3284689.454,-0.583,0.025,-0.020,0.812,0,0,2759,0,3081,283,3052,2909,62,1.291,1,2117,0,147.872,1.688,-3.313,-146.625,18.875,-0.145,-0.219,0.996,1.184,-1.203,0.328,0.090,0.160,1.257,1.388,3,NULL,NULL,,3,1,2,7,255,938,250,0,0
stim,57236,87357,1,87357,3284694.455,-0.583,0.031,-0.023,0.812,0,0,2725,0,3087,147,3055,2889,62,1.291,1,2117,0,151.773,2.331,15.188,-150.750,8.875,-0.145,-0.168,1.023,1.848,-1.422,0.129,0.098,0.170,1.257,1.388,3,NULL,NULL,,3,1,2,7,255,938,250,0,0
stim,57259,87380,1,87380,3284699.454,-0.582,0.037,-0.026,0.812,0,0,2679,0,3083,85,3063,2863,62,1.291,1,2117,0,160.524,2.508,28.688,-157.938,-0.875,-0.117,-0.090,1.199,1.848,-1.695,0.129,0.106,0.182,1.257,1.388,3,NULL,NULL,,3,1,2,7,255,938,250,0,0
stim,57259,87380,1,87380,3284704.455,-0.582,0.043,-0.029,0.812,0,0,2636,0,3083,21,3068,2839,62,1.291,1,2117,0,166.911,2.259,35.063,-163.063,-6.375,-0.090,0.109,1.297,1.102,-1.973,1.805,0.114,0.194,1.257,1.388,3,NULL,NULL,,3,1,2,7,255,938,250,0,0
stim,57259,87380,1,87380,3284709.454,-0.582,0.050,-0.032,0.811,0,0,2587,0,3078,0,3078,2805,62,1.291,1,2117,0,175.736,2.680,36.688,-171.813,-4.188,0.004,0.344,1.445,-0.730,-2.578,2.727,0.124,0.206,1.257,1.388,3,NULL,NULL,,3,1,2,7,255,938,250,0,0
stim,57259,87380,1,87380,3284714.455,-0.581,0.057,-0.036,0.811,0,0,2519,0,3078,0,3079,2769,62,1.291,1,2117,0,177.873,4.153,17.063,-176.875,7.938,0.078,0.473,1.660,-3.063,-2.805,4.164,0.136,0.218,1.257,1.388,3,NULL,NULL,,3,1,2,7,255,938,250,0,0
stim,57287,87408,1,87408,3284719.454,-0.579,0.063,-0.040,0.812,0,0,2449,0,3067,0,3080,2725,62,1.291,1,2117,0,184.539,4.329,-2.813,-182.438,27.625,-0.078,0.402,1.859,-3.113,-3.008,6.316,0.150,0.234,1.257,1.388,3,NULL,NULL,,3,1,2,7,255,938,250,0,0
stim,57287,87408,1,87408,3284724.455,-0.577,0.070,-0.046,0.812,0,0,2351,0,3056,1,3080,2669,62,1.291,1,2117,0,199.614,5.689,-11.125,-195.500,38.750,-0.250,0.281,2.090,-3.113,-4.762,8.004,0.164,0.250,1.257,1.388,3,NULL,NULL,,3,1,2,7,255,938,250,0,0
stim,57287,87408,1,87408,3284729.454,-0.575,0.076,-0.053,0.813,0,0,2246,0,3049,35,3079,2629,62,1.291,1,2117,0,220.332,6.725,-34.438,-212.625,46.375,-0.434,0.238,2.195,-1.285,-6.602,9.922,0.182,0.270,1.257,1.388,3,NULL,NULL,,3,1,2,7,255,938,250,0,0
stim,57287,87408,1,87408,3284734.455,-0.573,0.083,-0.061,0.813,0,0,2122,0,3039,67,3065,2547,62,1.291,1,2117,0,246.446,8.745,-54.500,-235.938,45.813,-0.535,0.363,2.180,-0.930,-8.695,9.922,0.204,0.292,1.257,1.388,3,NULL,NULL,,3,1,2,7,255,938,250,0,0
stim,57287,87408,1,87408,3284739.454,-0.571,0.090,-0.070,0.813,0,0,1978,0,3027,72,3056,2456,62,1.291,1,2117,0,269.887,10.471,-71.313,-257.625,37.188,-0.531,0.609,2.230,-0.930,-10.430,10.055,0.232,0.322,1.257,1.388,3,NULL,NULL,,3,1,2,7,255,938,250,0,0
stim,57287,87408,1,87408,3284744.455,-0.569,0.098,-0.080,0.813,0,0,1823,0,3007,90,3043,2359,62,1.291,1,2117,0,296.508,12.154,-86.938,-281.125,36.438,-0.539,0.664,2.266,-3.152,-11.738,10.043,0.268,0.360,1.257,1.388,3,NULL,NULL,,3,1,2,7,255,938,250,0,0
stim,57337,87458,1,87458,3284749.454,-0.566,0.106,-0.091,0.812,0,0,1711,0,2991,99,3020,2254,62,1.291,1,2117,0,325.259,13.047,-102.750,-306.000,40.000,-0.523,0.641,2.285,-3.379,-12.602,10.043,0.310,0.404,1.257,1.388,3,NULL,NULL,,3,1,2,7,255,938,250,0,0
stim,57337,87458,1,87458,3284754.455,-0.564,0.114,-0.104,0.811,0,0,1573,0,2968,108,2985,2131,62,1.291,1,2117,0,353.646,13.510,-129.375,-326.938,37.938,-0.492,0.668,2.305,-3.605,-13.020,9.922,0.360,0.456,1.257,1.388,3,NULL,NULL,,3,1,2,7,255,938,250,0,0
stim,57357,87478,1,87478,3284759.454,-0.561,0.123,-0.118,0.810,0,0,1459,0,2933,117,2952,2023,62,1.291,1,2117,0,377.259,13.916,-137.938,-349.313,35.750,-0.551,0.629,2.316,-3.379,-13.500,9.754,0.416,0.516,1.257,1.388,3,NULL,NULL,,3,1,2,7,255,938,250,0,0
stim,57357,87478,0,87478,3284764.455,-0.559,0.133,-0.131,0.808,0,0,1401,0,2888,123,2908,1915,62,1.291,1,2117,0,390.786,14.946,-126.563,-368.750,26.813,-0.625,0.680,2.488,-3.328,-14.570,9.754,0.480,0.580,1.257,1.388,3,NULL,NULL,,3,0,2,7,255,938,250,0,0
stim,57357,87478,0,87478,3284769.454,-0.556,0.143,-0.145,0.806,0,0,1318,0,2842,119,2853,1782,62,1.291,1,2117,0,407.402,16.922,-121.063,-388.938,6.938,-0.648,0.664,2.773,-3.195,-16.617,9.996,0.550,0.650,1.257,1.388,3,NULL,NULL,,3,0,2,7,255,938,250,0,0
stim,57357,87478,0,87478,3284774.455,-0.554,0.155,-0.159,0.803,0,0,1199,0,2775,87,2776,1624,62,1.291,1,2117,0,428.372,18.830,-116.750,-412.125,5.000,-0.734,0.633,3.082,-2.977,-18.594,11.871,0.628,0.726,1.257,1.388,3,NULL,NULL,,3,0,2,7,255,938,250,0,0
stim,57357,87478,0,87478,3284779.454,-0.551,0.166,-0.175,0.799,0,0,1109,0,2697,77,2693,1452,62,1.291,1,2117,0,456.386,21.523,-150.000,-431.000,5.250,-0.902,0.836,3.223,-2.977,-21.316,12.949,0.712,0.810,1.257,1.388,3,NULL,NULL,,3,0,2,7,255,938,250,0,0
stim,57357,87478,0,87478,3284784.455,-0.549,0.177,-0.192,0.794,0,0,952,0,2575,59,2569,1279,62,1.291,1,2117,0,481.642,25.070,-187.313,-443.000,-25.375,-0.973,0.816,3.180,-3.180,-24.867,12.949,0.802,0.902,1.257,1.388,3,NULL,NULL,,3,0,2,7,255,938,250,0,0
stim,57357,87478,0,87478,3284789.454,-0.548,0.188,-0.210,0.787,0,0,805,0,2419,17,2401,1071,62,1.291,1,2117,0,502.970,25.070,-201.813,-456.750,-60.250,-0.805,0.438,3.031,-3.180,-24.867,11.199,0.898,0.998,1.257,1.388,3,NULL,NULL,,3,0,2,7,255,938,250,0,0
stim,57357,87478,0,87478,3284794.455,-0.547,0.200,-0.228,0.780,0,0,653,0,2213,0,2198,927,62,1.291,1,2117,0,512.622,23.743,-199.938,-467.750,-63.375,-0.531,0.020,2.910,-0.449,-23.738,10.418,0.998,1.102,1.257,1.388,3,NULL,NULL,,3,0,2,7,255,938,250,0,0
stim,57357,87478,0,87478,3284799.454,-0.544,0.212,-0.246,0.774,0,0,446,0,1933,0,1928,765,62,1.291,1,2117,0,521.817,20.864,-194.500,-484.000,-14.375,-0.500,-0.371,2.703,2.359,-20.730,10.266,1.104,1.210,1.257,1.388,3,NULL,NULL,,3,0,2,7,255,938,250,0,0
stim,57357,87478,0,87478,3284804.455,-0.539,0.224,-0.265,0.768,0,0,261,0,1623,0,1609,632,62,1.291,1,2117,0,539.646,19.950,-199.125,-501.125,21.000,-0.488,-0.480,2.184,5.758,-19.102,8.691,1.210,1.318,1.257,1.388,3,NULL,NULL,,3,0,2,7,255,938,250,0,0
stim,57357,87478,0,87478,3284809.454,-0.533,0.236,-0.282,0.762,0,0,181,0,1240,0,1128,475,62,1.291,1,2117,0,536.999,17.258,-161.250,-511.750,21.875,-0.500,-0.320,1.684,5.758,-16.270,4.230,1.310,1.422,1.257,1.388,3,NULL,NULL,,3,0,2,7,255,938,250,0,0
stim,57357,87478,0,87478,3284814.455,-0.527,0.251,-0.297,0.756,0,0,103,0,877,0,487,377,62,1.291,1,2117,0,525.075,15.824,-85.500,-517.750,18.125,-0.488,0.027,1.668,4.934,-15.035,-0.492,1.398,1.514,1.257,1.388,3,NULL,NULL,,3,0,2,7,255,938,250,0,0
stim,57379,87500,0,87500,3284819.454,-0.517,0.267,-0.311,0.751,0,0,55,0,407,0,120,315,62,1.291,1,2117,0,527.323,15.143,-14.563,-524.125,56.125,-0.742,0.254,2.223,1.801,-15.035,-1.227,1.478,1.596,1.257,1.388,3,NULL,NULL,,3,0,2,7,255,938,250,0,0
stim,57379,87500,0,87500,3284824.455,-0.505,0.282,-0.325,0.748,0,0,30,0,16,0,0,221,62,1.291,1,2117,0,555.554,21.552,-27.125,-536.875,140.250,-1.262,0.238,2.645,1.801,-21.477,-1.863,1.554,1.676,1.257,1.388,3,NULL,NULL,,3,0,2,7,255,938,250,0,0
stim,57379,87500,0,87500,3284829.454,-0.492,0.294,-0.343,0.744,0,0,19,0,0,0,0,135,62,1.291,1,2117,0,594.030,28.028,-108.500,-552.375,189.688,-1.699,0.570,2.543,2.156,-27.945,-3.410,1.636,1.762,1.257,1.388,3,NULL,NULL,,3,0,2,7,255,938,250,0,0
stim,57379,87500,0,87500,3284834.455,-0.482,0.304,-0.364,0.737,0,0,6,0,0,0,0,73,62,1.291,1,2117,0,588.933,28.028,-228.188,-525.000,138.375,-1.516,1.363,1.879,2.156,-27.945,-9.504,1.734,1.862,1.257,1.388,4,NULL,NULL,,3,0,2,7,255,938,250,0,0
stim,57401,87522,0,87522,3284839.454,-0.476,0.311,-0.384,0.727,0,0,0,0,0,0,0,27,62,1.291,1,2117,0,567.607,26.741,-316.750,-468.438,49.125,-0.836,1.961,1.199,-6.121,-26.031,-15.125,1.842,1.974,1.257,1.388,0,NULL,NULL,,3,0,2,7,255,938,250,0,0
stim,57401,87522,0,87522,3284844.455,-0.473,0.314,-0.406,0.716,0,0,7,0,0,0,0,31,62,1.291,1,2117,0,566.055,23.280,-408.688,-388.000,53.375,-0.652,1.840,0.535,-14.492,-18.219,-15.945,1.954,2.086,1.257,1.388,0,NULL,NULL,,3,0,2,7,255,938,250,0,0
stim,57401,87522,0,87522,3284849.454,-0.471,0.312,-0.428,0.706,0,0,7,0,0,0,0,35,62,1.291,1,2117,0,553.505,18.140,-454.313,-304.625,84.688,-0.410,1.590,-0.391,-14.492,-10.910,-18.117,2.060,2.192,1.257,1.388,0,NULL,NULL,,3,0,2,7,255,938,250,0,0
stim,57401,87522,0,87522,3284854.455,-0.469,0.312,-0.441,0.699,0,0,4,0,0,0,0,41,62,1.291,1,2117,0,348.382,13.212,-274.500,-210.000,43.813,-0.504,0.461,-0.531,-13.191,-0.734,-18.117,2.156,2.288,1.257,1.388,0,NULL,NULL,,3,0,2,7,255,938,250,0,0
stim,57439,87560,0,87560,3284859.454,-0.467,0.315,-0.445,0.696,0,0,4,0,0,0,0,63,62,1.291,1,2117,0,145.983,2.561,-29.750,-142.875,3.563,-0.867,-0.965,0.438,-2.453,-0.734,-17.664,2.238,2.370,1.257,1.388,0,NULL,NULL,,3,0,2,7,255,938,250,0,0
stim,57439,87560,0,87560,3284864.455,-0.467,0.317,-0.447,0.694,0,0,3,0,0,0,0,77,62,1.291,1,2117,0,83.549,13.155,-27.625,-70.625,-35.063,-0.941,-1.121,1.613,11.793,-5.828,-12.184,2.308,2.438,1.257,1.388,0,NULL,NULL,,3,0,2,7,255,938,250,0,0
stim,57439,87560,0,87560,3284869.454,-0.471,0.314,-0.451,0.690,0,0,0,0,0,0,0,89,62,1.291,1,2117,0,190.776,18.636,-180.063,23.313,-58.563,-0.805,-0.402,1.320,11.793,-14.430,-10.273,2.368,2.502,1.257,1.388,0,NULL,NULL,,3,0,2,7,255,938,250,0,0
stim,57439,87560,0,87560,3284874.455,-0.478,0.307,-0.456,0.685,0,0,0,0,0,0,0,56,62,1.291,1,2117,0,274.313,15.679,-246.875,108.688,-49.875,-0.574,0.746,-0.012,6.133,-14.430,-10.273,2.426,2.560,1.257,1.388,0,NULL,NULL,,3,0,2,7,255,938,250,0,0
stim,57439,87560,0,87560,3284879.454,-0.484,0.300,-0.456,0.684,0,0,0,0,0,0,0,38,62,1.291,1,2117,0,212.167,5.677,-129.625,167.750,-8.500,-0.570,1.406,-0.668,-4.934,-2.809,-17.180,2.478,2.616,1.257,1.388,0,NULL,NULL,,3,0,2,7,255,938,250,0,0
stim,57439,87560,0,87560,3284884.455,-0.488,0.294,-0.451,0.687,0,0,0,0,0,0,0,9,62,1.291,1,2117,0,204.874,7.430,25.313,203.250,-4.688,-0.859,1.070,-0.109,-6.879,-2.809,-21.000,2.522,2.660,1.257,1.388,0,NULL,NULL,,3,0,2,7,255,938,250,0,0
stim,57439,87560,0,87560,3284889.454,-0.492,0.289,-0.443,0.691,0,0,0,0,0,0,0,7,62,1.291,1,2117,0,240.185,7.700,61.375,231.000,-23.688,-0.941,0.398,0.777,-6.879,-3.461,-21.000,2.552,2.692,1.257,1.388,0,NULL,NULL,,3,0,2,7,255,938,250,0,0
stim,57439,87560,0,87560,3284894.455,-0.499,0.283,-0.438,0.692,0,0,0,0,0,0,0,9,62,1.291,1,2117,0,257.835,11.259,-12.813,251.938,-53.313,-0.988,0.320,1.016,-1.039,-11.211,-15.605,2.578,2.718,1.257,1.388,0,NULL,NULL,,3,0,2,7,255,938,250,0,0
stim,57461,87582,0,87582,3284899.454,-0.507,0.274,-0.433,0.693,0,0,0,0,0,0,0,6,62,1.291,1,2117,0,279.544,11.221,-65.875,267.375,-48.125,-0.469,0.031,0.441,-0.469,-11.211,-14.430,2.608,2.750,1.257,1.388,0,NULL,NULL,,3,0,2,7,255,938,250,0,0
stim,57461,87582,0,87582,3284904.455,-0.512,0.265,-0.429,0.695,0,0,0,0,0,0,0,5,62,1.291,1,2117,0,271.248,6.051,-47.250,266.750,13.688,-0.395,0.160,-0.016,-0.234,-6.047,-13.551,2.642,2.784,1.257,1.388,0,NULL,NULL,,3,0,2,7,255,938,250,0,0
stim,57461,87582,0,87582,3284909.454,-0.516,0.256,-0.423,0.700,0,0,0,0,0,0,0,0,62,1.291,1,2117,0,272.294,3.356,3.563,267.000,53.313,-0.613,0.574,-0.027,-0.234,-3.348,-13.551,2.676,2.818,1.257,1.388,0,NULL,NULL,,3,0,2,7,255,938,250,0,0
stim,57461,87582,0,87582,3284914.455,-0.520,0.248,-0.416,0.704,0,0,0,0,0,0,0,0,62,1.291,1,2117,0,272.353,4.701,25.125,268.875,35.375,-0.680,0.664,0.066,-3.301,-3.348,-16.637,2.702,2.846,1.257,1.388,0,NULL,NULL,,3,0,2,7,255,938,250,0,0
stim,57488,87609,0,87609,3284919.454,-0.524,0.240,-0.409,0.708,0,0,0,0,0,0,0,0,62,1.291,1,2117,0,275.807,5.174,43.000,271.250,25.375,-0.480,0.391,0.125,-3.301,-3.984,-16.637,2.724,2.870,1.257,1.388,0,NULL,NULL,,3,0,2,7,255,938,250,0,0
stim,57488,87609,0,87609,3284924.455,-0.527,0.232,-0.402,0.712,0,0,0,0,0,0,0,0,62,1.291,1,2117,0,277.210,5.036,45.688,271.313,33.875,-0.523,0.309,0.156,-2.246,-4.508,-14.094,2.746,2.892,1.257,1.388,0,NULL,NULL,,3,0,2,7,255,938,250,0,0
stim,57488,87609,0,87609,3284929.454,-0.531,0.225,-0.394,0.716,0,0,0,0,0,0,0,0,62,1.291,1,2117,0,282.850,4.214,61.875,274.563,28.125,-0.367,0.191,0.129,-1.371,-3.984,-13.867,2.766,2.914,1.257,1.388,0,NULL,NULL,,3,0,2,7,255,938,250,0,0
stim,57488,87609,0,87609,3284934.455,-0.533,0.217,-0.385,0.721,0,0,0,0,0,0,0,3,62,1.291,1,2117,0,293.251,4.232,80.688,276.688,54.125,-0.316,0.254,0.230,-1.371,-4.004,-12.363,2.790,2.938,1.257,1.388,0,NULL,NULL,,3,0,2,7,255,938,250,0,0
stim,57489,87610,0,87610,3284939.454,-0.535,0.209,-0.376,0.727,0,0,0,0,0,0,0,0,62,1.291,1,2117,0,301.006,4.336,91.000,280.375,60.938,-0.355,0.281,0.406,-1.664,-4.004,-11.551,2.812,2.964,1.257,1.388,0,NULL,NULL,,3,0,2,7,255,938,250,0,0
stim,57489,87610,0,87610,3284944.455,-0.538,0.202,-0.367,0.732,0,0,0,0,0,0,0,0,62,1.291,1,2117,0,309.324,5.944,95.313,288.750,56.750,-0.355,0.254,0.539,-1.910,-5.629,-10.766,2.840,2.990,1.257,1.388,0,NULL,NULL,,3,0,2,7,255,938,250,0,0
stim,57537,87658,0,87658,3284949.454,-0.540,0.193,-0.357,0.737,0,0,0,0,0,0,0,0,62,1.291,1,2117,0,317.563,6.481,88.750,299.688,56.188,-0.289,0.234,0.543,-1.953,-6.180,-9.656,2.868,3.020,1.257,1.388,0,NULL,NULL,,3,0,2,7,255,938,250,0,0
stim,57537,87658,0,87658,3284954.455,-0.543,0.185,-0.347,0.742,0,0,0,0,0,0,0,0,62,1.291,1,2117,0,331.533,6.899,98.375,311.688,55.563,-0.281,0.238,0.625,-1.953,-6.617,-8.957,2.902,3.054,1.257,1.388,0,NULL,NULL,,3,0,2,7,255,938,250,0,0
stim,57537,87658,0,87658,3284959.454,-0.545,0.176,-0.336,0.747,0,0,0,0,0,0,0,0,62,1.291,1,2117,0,343.278,6.974,103.375,323.375,50.813,-0.395,0.234,0.777,-1.953,-6.695,-8.234,2.936,3.090,1.257,1.388,0,NULL,NULL,,3,0,2,7,255,938,250,0,0
stim,57537,87658,0,87658,3284964.455,-0.548,0.167,-0.325,0.752,0,0,0,0,0,0,0,0,62,1.291,1,2117,0,351.721,8.691,96.438,335.125,45.813,-0.441,0.281,0.941,-2.117,-8.430,-7.664,2.974,3.130,1.257,1.388,0,NULL,NULL,,3,0,2,7,255,938,250,0,0
stim,57537,87658,0,87658,3284969.454,-0.552,0.157,-0.314,0.756,0,0,0,0,0,0,0,1,62,1.291,1,2117,0,357.008,10.146,83.313,346.500,21.250,-0.418,0.254,1.039,-2.410,-9.855,-6.672,3.016,3.172,1.257,1.388,0,NULL,NULL,,3,0,2,7,255,938,250,0,0
stim,57537,87658,0,87658,3284974.455,-0.556,0.147,-0.303,0.759,0,0,0,0,0,0,0,0,62,1.291,1,2117,0,362.493,10.305,70.188,355.125,19.000,-0.395,0.203,1.078,-2.410,-10.020,-5.441,3.060,3.216,1.257,1.388,0,NULL,NULL,,3,0,2,7,255,938,250,0,0
stim,57537,87658,0,87658,3284979.454,-0.561,0.136,-0.293,0.762,0,0,0,0,0,0,0,2,62,1.291,1,2117,0,368.136,10.310,53.813,363.875,14.938,-0.402,0.246,1.051,-2.430,-10.020,-4.648,3.106,3.264,1.257,1.388,0,NULL,NULL,,3,0,2,7,255,938,250,0,0
stim,57537,87658,0,87658,3284984.455,-0.565,0.125,-0.282,0.765,0,0,0,0,0,0,0,5,62,1.291,1,2117,0,373.348,10.015,47.375,370.313,3.625,-0.414,0.152,0.965,-2.152,-9.781,-4.648,3.152,3.312,1.257,1.388,0,NULL,NULL,,3,0,2,7,255,938,250,0,0
stim,57559,87680,0,87680,3284989.454,-0.570,0.114,-0.271,0.767,0,0,0,0,0,0,0,7,62,1.291,1,2117,0,378.931,9.178,49.125,375.688,-5.875,-0.371,0.141,0.895,-1.637,-9.031,-4.762,3.198,3.356,1.257,1.388,0,NULL,NULL,,3,0,2,7,255,938,250,0,0
stim,57559,87680,0,87680,3284994.455,-0.575,0.103,-0.260,0.769,0,0,0,0,0,0,0,10,62,1.291,1,2117,0,383.972,8.276,58.000,379.313,-13.875,-0.316,0.098,0.816,-1.633,-8.113,-4.836,3.240,3.400,1.257,1.388,0,NULL,NULL,,3,0,2,7,255,938,250,0,0
stim,57559,87680,0,87680,3284999.454,-0.580,0.093,-0.247,0.771,0,0,0,0,0,0,0,10,62,1.291,1,2117,0,388.658,7.203,73.750,381.250,-16.250,-0.230,0.102,0.801,-1.633,-7.016,-4.836,3.278,3.438,1.257,1.388,0,NULL,NULL,,3,0,2,7,255,938,250,0,0
stim,57559,87680,0,87680,3285004.455,-0.585,0.082,-0.235,0.772,0,0,0,0,0,0,0,9,62,1.291,1,2117,0,392.895,6.275,88.063,382.313,-21.188,-0.113,0.137,0.805,-1.691,-6.043,-4.379,3.312,3.472,1.257,1.388,0,NULL,NULL,,3,0,2,7,255,938,250,0,0
stim,57559,87680,0,87680,3285009.454,-0.589,0.073,-0.221,0.774,0,0,0,0,0,0,0,12,62,1.291,1,2117,0,394.575,5.440,109.063,378.938,-14.188,-0.043,0.098,0.828,-2.316,-4.922,-3.816,3.342,3.502,1.257,1.388,0,NULL,NULL,,3,0,2,7,255,938,250,0,0
stim,57559,87680,0,87680,3285014.455,-0.593,0.064,-0.207,0.776,0,0,0,0,0,0,0,11,62,1.291,1,2117,0,396.231,4.758,129.938,374.313,-2.375,-0.035,0.086,0.914,-2.371,-4.125,-3.059,3.368,3.530,1.257,1.388,0,NULL,NULL,,3,0,2,7,255,938,250,0,0
stim,57582,87703,0,87703,3285019.454,-0.596,0.055,-0.193,0.778,0,0,0,0,0,0,0,10,62,1.291,1,2117,0,396.294,4.758,143.563,369.375,1.000,-0.023,0.113,0.996,-2.371,-4.125,-2.109,3.392,3.556,1.257,1.388,0,NULL,NULL,,3,0,2,7,255,938,250,0,0
stim,57582,87703,0,87703,3285024.455,-0.599,0.047,-0.178,0.780,0,0,0,0,0,0,0,11,62,1.291,1,2117,0,395.382,4.948,155.063,363.563,10.250,0.031,0.113,0.996,-2.750,-4.113,-1.266,3.416,3.580,1.257,1.388,0,NULL,NULL,,3,0,2,7,255,938,250,0,0
stim,57582,87703,0,87703,3285029.454,-0.600,0.039,-0.162,0.782,0,0,0,0,0,0,0,23,62,1.291,1,2117,0,400.981,4.403,179.063,357.938,24.563,0.039,0.156,1.039,-2.879,-3.332,-0.961,3.440,3.604,1.257,1.388,0,NULL,NULL,,3,0,2,7,255,938,250,0,0
stim,57582,87703,0,87703,3285034.455,-0.602,0.032,-0.146,0.785,0,0,0,0,0,0,0,28,62,1.291,1,2117,0,408.096,4.698,203.125,352.625,30.625,0.020,0.203,1.238,-3.313,-3.332,-0.531,3.462,3.626,1.257,1.388,0,NULL,NULL,,3,0,2,7,255,938,250,0,0
stim,57603,87724,0,87724,3285039.454,-0.603,0.026,-0.130,0.787,0,0,0,0,0,0,0,41,62,1.291,1,2117,0,409.247,5.375,213.250,347.563,34.750,0.008,0.207,1.449,-3.922,-3.676,1.293,3.486,3.650,1.257,1.388,0,NULL,NULL,,3,0,2,7,255,938,250,0,0
stim,57603,87724,0,87724,3285044.455,-0.603,0.019,-0.113,0.789,0,0,0,0,0,0,0,45,62,1.291,1,2117,0,405.113,5.605,210.188,343.688,42.625,0.004,0.219,1.609,-4.102,-3.820,3.414,3.510,3.676,1.257,1.388,0,NULL,NULL,,3,0,2,7,255,938,250,0,0
stim,57642,87763,0,87763,3285049.454,-0.603,0.012,-0.097,0.791,0,0,0,0,0,0,0,47,62,1.291,1,2117,0,399.641,5.741,202.500,341.000,49.250,-0.012,0.266,1.715,-4.285,-3.820,5.070,3.536,3.702,1.257,1.388,0,NULL,NULL,,3,0,2,7,255,938,250,0,0
stim,57642,87763,0,87763,3285054.455,-0.603,0.006,-0.082,0.793,0,0,0,0,0,0,0,45,62,1.291,1,2117,0,394.931,5.909,197.500,337.750,53.750,-0.047,0.262,1.820,-4.527,-3.797,6.152,3.562,3.728,1.257,1.388,0,NULL,NULL,,3,0,2,7,255,938,250,0,0
stim,57642,87763,0,87763,3285059.454,-0.603,-0.001,-0.066,0.795,0,0,0,0,0,0,0,48,62,1.291,1,2117,0,389.926,5.864,194.500,333.313,55.813,-0.078,0.215,1.961,-4.527,-3.727,7.273,3.590,3.754,1.257,1.388,0,NULL,NULL,,3,0,2,7,255,938,250,0,0
stim,57642,87763,0,87763,3285064.455,-0.602,-0.008,-0.051,0.797,0,0,0,0,0,0,0,48,62,1.291,1,2117,0,379.835,5.314,179.125,330.125,56.625,-0.098,0.195,2.031,-4.016,-3.480,8.824,3.618,3.782,1.257,1.388,0,NULL,NULL,,3,0,2,7,255,938,250,0,0
stim,57642,87763,0,87763,3285069.454,-0.601,-0.015,-0.037,0.798,0,0,0,0,0,0,0,50,62,1.291,1,2117,0,368.456,4.841,160.563,326.375,58.813,-0.094,0.168,1.992,-3.742,-3.070,9.402,3.642,3.808,1.257,1.388,0,NULL,NULL,,3,0,2,7,255,938,250,0,0
stim,57642,87763,0,87763,3285074.455,-0.600,-0.022,-0.023,0.800,0,0,0,0,0,0,0,57,62,1.291,1,2117,0,361.580,4.071,153.188,321.125,64.438,-0.102,0.102,1.867,-3.340,-2.328,9.402,3.666,3.832,1.257,1.388,0,NULL,NULL,,3,0,2,7,255,938,250,0,0
stim,57642,87763,0,87763,3285079.454,-0.598,-0.029,-0.008,0.801,0,0,0,0,0,0,0,59,62,1.291,1,2117,0,362.027,2.938,163.938,315.375,68.750,-0.141,0.000,1.797,-2.461,-1.605,8.332,3.688,3.854,1.257,1.388,0,NULL,NULL,,3,0,2,7,255,938,250,0,0
stim,57642,87763,0,87763,3285084.455,-0.596,-0.035,0.006,0.802,0,0,0,0,0,0,0,59,62,1.291,1,2117,0,364.856,1.677,180.438,309.875,67.375,-0.184,-0.109,1.820,-1.219,-1.152,8.160,3.708,3.874,1.257,1.388,0,NULL,NULL,,3,0,2,7,255,938,250,0,0
stim,57642,87763,0,87763,3285089.454,-0.594,-0.041,0.021,0.803,0,0,0,0,0,0,0,59,62,1.291,1,2117,0,366.590,0.676,193.063,304.938,64.250,-0.168,-0.211,1.855,0.023,-0.676,8.160,3.724,3.892,1.257,1.388,0,NULL,NULL,,3,0,2,7,255,938,250,0,0
stim,57642,87763,0,87763,3285094.455,-0.593,-0.046,0.036,0.803,0,0,0,0,0,0,0,67,62,1.291,1,2117,0,370.437,1.096,207.125,300.563,63.125,-0.125,-0.281,1.844,1.047,0.324,8.363,3.738,3.904,1.257,1.388,0,NULL,NULL,,3,0,2,7,255,938,250,0,0
stim,57666,87787,0,87787,3285099.454,-0.591,-0.051,0.052,0.804,0,0,0,0,0,0,0,62,62,1.291,1,2117,0,380.349,2.310,229.875,296.188,64.000,-0.086,-0.328,1.867,1.770,1.484,8.453,3.746,3.914,1.257,1.388,0,NULL,NULL,,3,0,2,7,255,938,250,0,0
stim,57666,87787,0,87787,3285104.455,-0.589,-0.054,0.068,0.804,0,0,0,0,0,0,0,67,62,1.291,1,2117,0,394.282,3.438,256.875,292.625,62.000,-0.043,-0.363,1.961,2.297,2.559,8.453,3.748,3.916,1.257,1.388,0,NULL,NULL,,3,0,2,7,255,938,250,0,0
stim,57666,87787,0,87787,3285109.454,-0.587,-0.057,0.086,0.803,0,0,0,0,0,0,0,71,62,1.291,1,2117,0,408.211,4.676,281.938,289.750,56.500,0.051,-0.414,2.125,2.719,3.805,9.164,3.746,3.916,1.257,1.388,0,NULL,NULL,,3,0,2,7,255,938,250,0,0
stim,57666,87787,0,87787,3285114.455,-0.585,-0.060,0.104,0.802,0,0,0,0,0,0,0,75,62,1.291,1,2117,0,419.937,6.530,301.750,287.750,49.938,0.207,-0.449,2.309,3.160,5.715,10.344,3.734,3.906,1.257,1.388,0,NULL,NULL,,3,0,2,7,255,938,250,0,0
stim,57666,87787,0,87787,3285119.455,-0.583,-0.061,0.122,0.801,0,0,0,0,0,0,0,74,62,1.291,1,2117,0,427.173,8.948,313.188,286.875,45.750,0.387,-0.492,2.457,3.379,8.285,11.496,3.712,3.884,1.257,1.388,0,NULL,NULL,,3,0,2,7,255,938,250,0,0
stim,57666,87787,0,87787,3285124.454,-0.581,-0.063,0.141,0.799,0,0,0,0,0,0,0,73,62,1.291,1,2117,0,431.792,11.696,321.313,284.563,47.188,0.543,-0.543,2.582,3.645,11.113,12.102,3.680,3.852,1.257,1.388,0,NULL,NULL,,3,0,2,7,255,938,250,0,0
stim,57694,87815,0,87815,3285129.455,-0.579,-0.064,0.159,0.797,0,0,0,0,0,0,0,74,62,1.291,1,2117,0,434.777,14.291,327.313,282.250,47.250,0.676,-0.582,2.676,4.082,13.695,12.219,3.638,3.810,1.257,1.388,0,NULL,NULL,,3,0,2,7,255,938,250,0,0
stim,57694,87815,0,87815,3285134.454,-0.576,-0.066,0.178,0.795,0,0,0,0,0,0,0,75,62,1.291,1,2117,0,435.436,16.610,330.563,280.188,42.750,0.785,-0.609,2.762,4.531,15.980,12.219,3.584,3.758,1.257,1.388,0,NULL,NULL,,3,0,2,7,255,938,250,0,0
stim,57694,87815,0,87815,3285139.455,-0.574,-0.067,0.196,0.792,0,0,0,0,0,0,0,81,62,1.291,1,2117,0,432.218,18.669,328.750,278.563,33.750,0.879,-0.598,2.863,4.938,18.004,12.027,3.520,3.694,1.257,1.388,0,NULL,NULL,,3,0,2,7,255,938,250,0,0
stim,57694,87815,0,87815,3285144.453,-0.572,-0.068,0.215,0.789,0,0,0,0,0,0,0,75,62,1.291,1,2117,0,425.352,20.478,322.125,277.000,20.750,0.961,-0.559,3.012,5.074,19.840,12.027,3.442,3.618,1.257,1.388,0,NULL,NULL,,3,0,2,7,255,938,250,0,0
stim,57694,87815,0,87815,3285149.455,-0.571,-0.070,0.232,0.785,0,0,0,0,0,0,0,94,62,1.291,1,2117,0,412.108,22.285,307.125,274.750,4.438,1.074,-0.469,3.238,5.074,21.699,12.344,3.356,3.530,1.257,1.388,0,NULL,NULL,,3,0,2,7,255,938,250,0,0
stim,57694,87815,0,87815,3285154.454,-0.569,-0.073,0.248,0.780,0,0,0,0,0,0,0,99,62,1.291,1,2117,0,385.123,24.520,270.500,273.563,-17.688,1.289,-0.406,3.410,4.613,24.082,13.332,3.260,3.434,1.257,1.388,0,NULL,NULL,,3,0,2,7,255,938,250,0,0
stim,57739,87860,0,87860,3285159.455,-0.569,-0.077,0.262,0.776,0,0,0,0,0,0,0,106,62,1.291,1,2117,0,347.070,27.460,213.813,271.188,-34.625,1.535,-0.406,3.445,3.941,27.176,13.332,3.154,3.328,1.257,1.388,0,NULL,NULL,,3,0,2,7,255,938,250,0,0
stim,57739,87860,0,87860,3285164.454,-0.568,-0.083,0.273,0.772,0,0,0,0,0,0,0,139,62,1.291,1,2117,0,307.520,30.213,147.438,266.125,-44.813,1.809,-0.422,3.293,3.484,30.012,11.773,3.038,3.212,1.257,1.388,0,NULL,NULL,,3,0,2,7,255,938,250,0,0
stim,57739,87860,0,87860,3285169.455,-0.567,-0.090,0.282,0.769,0,0,0,0,0,0,0,167,62,1.291,1,2117,0,277.032,32.169,88.250,257.375,-52.125,2.078,-0.422,3.008,2.613,32.063,8.504,2.912,3.084,1.257,1.388,0,NULL,NULL,,3,0,2,7,255,938,250,0,0
stim,57739,87860,0,87860,3285174.454,-0.566,-0.098,0.289,0.765,0,0,0,0,0,0,0,181,62,1.291,1,2117,0,255.101,33.193,45.438,244.125,-58.438,2.352,-0.441,2.676,1.297,33.168,4.160,2.780,2.948,1.257,1.388,0,NULL,NULL,,3,0,2,7,255,938,250,0,0
stim,57739,87860,0,87860,3285179.455,-0.566,-0.106,0.295,0.763,0,0,0,0,0,0,0,217,62,1.291,1,2117,0,234.580,33.922,13.688,226.063,-61.125,2.637,-0.504,2.367,-0.012,33.922,-0.570,2.638,2.804,1.257,1.388,0,NULL,NULL,,3,0,2,7,255,938,250,0,0
stim,57739,87860,0,87860,3285184.453,-0.565,-0.114,0.299,0.760,0,0,0,0,0,0,0,235,62,1.291,1,2117,0,211.996,34.746,-12.688,203.813,-56.938,2.922,-0.590,2.039,-0.898,34.734,-5.281,2.496,2.658,1.257,1.388,0,NULL,NULL,,3,0,2,7,255,938,250,0,0
stim,57739,87860,0,87860,3285189.455,-0.565,-0.121,0.303,0.758,0,0,0,0,0,0,0,262,62,1.291,1,2117,0,187.206,35.168,-25.813,180.438,-42.688,3.211,-0.648,1.605,-1.574,35.133,-10.152,2.350,2.508,1.257,1.388,0,NULL,NULL,,3,0,2,7,255,938,250,0,0
stim,57739,87860,0,87860,3285194.453,-0.563,-0.127,0.306,0.757,0,0,0,0,0,0,0,283,62,1.291,1,2117,0,154.549,35.230,-10.063,153.688,-12.813,3.410,-0.680,1.211,-2.613,35.133,-15.715,2.202,2.356,1.257,1.388,0,NULL,NULL,,3,0,2,7,255,938,250,0,0
stim,57761,87882,0,87882,3285199.455,-0.562,-0.131,0.307,0.757,0,0,0,0,0,0,0,303,62,1.291,1,2117,0,112.375,35.230,-39.750,104.750,-8.688,3.496,-0.984,1.523,-2.613,35.133,-19.566,2.052,2.200,1.257,1.388,0,NULL,NULL,,3,0,2,7,255,938,250,0,0
stim,57761,87882,0,87882,3285204.454,-0.560,-0.135,0.308,0.758,0,0,0,0,0,0,0,312,62,1.291,1,2117,0,104.420,34.763,-50.125,88.125,25.000,3.578,-1.547,0.816,-0.797,34.754,-20.355,1.896,2.038,1.257,1.388,0,NULL,NULL,,3,0,2,7,255,938,250,0,0
stim,57761,87882,0,87882,3285209.455,-0.557,-0.136,0.310,0.758,0,0,0,0,0,0,0,307,62,1.291,1,2117,0,77.096,34.895,23.438,56.125,47.375,3.414,-1.730,0.539,3.137,34.754,-27.246,1.738,1.874,1.257,1.388,0,NULL,NULL,,3,0,2,7,255,938,250,0,0
stim,57761,87882,0,87882,3285214.453,-0.556,-0.133,0.316,0.757,0,0,0,0,0,0,0,298,62,1.291,1,2117,0,141.858,32.486,133.250,28.938,39.125,2.910,-2.027,0.684,4.883,32.117,-27.246,1.578,1.708,1.257,1.388,0,NULL,NULL,,3,0,2,7,255,938,250,0,0
stim,57789,87910,0,87910,3285219.455,-0.557,-0.128,0.322,0.755,0,0,0,0,0,0,0,279,62,1.291,1,2117,0,199.954,33.020,197.500,-8.688,30.000,2.793,-1.648,1.695,7.668,32.117,-26.504,1.416,1.538,1.257,1.388,0,NULL,NULL,,3,0,2,7,255,938,250,0,0
stim,57789,87910,0,87910,3285224.454,-0.557,-0.122,0.327,0.754,0,0,0,0,0,0,0,285,62,1.291,1,2117,0,171.521,35.025,160.063,-38.438,48.188,2.504,-1.285,2.492,7.668,34.176,-17.328,1.250,1.366,1.257,1.388,0,NULL,NULL,,3,0,2,7,255,938,250,0,0
stim,57789,87910,0,87910,3285229.455,-0.557,-0.117,0.329,0.753,0,0,0,0,0,0,0,297,62,1.291,1,2117,0,125.132,34.809,105.438,-64.938,18.000,1.914,-0.898,2.746,6.609,34.176,-8.727,1.084,1.190,1.257,1.388,0,NULL,NULL,,3,0,2,7,255,938,250,0,0
stim,57789,87910,0,87910,3285234.453,-0.559,-0.113,0.328,0.753,0,0,0,0,0,0,0,375,62,1.291,1,2117,0,101.296,33.067,41.938,-89.813,-20.875,1.676,-0.684,2.836,5.773,32.559,-2.359,0.918,1.006,1.257,1.388,0,NULL,NULL,,3,0,2,7,255,938,250,0,0
stim,57789,87910,0,87910,3285239.455,-0.561,-0.103,0.329,0.753,292,0,0,732,0,8,0,469,62,1.291,1,2117,0,235.579,33.067,161.688,-164.688,47.250,0.859,-0.977,4.180,5.773,32.559,0.477,0.754,0.820,1.257,1.388,0,NULL,NULL,,3,0,2,7,255,938,250,0,0
stim,57789,87910,0,87910,3285244.454,-0.556,-0.081,0.335,0.757,1049,0,0,1384,0,187,0,523,62,1.291,1,2117,0,554.782,33.371,346.188,-293.625,318.938,0.813,1.133,7.621,5.016,32.992,14.043,0.604,0.630,1.257,1.388,0,NULL,NULL,,3,0,2,7,255,938,250,0,0
stim,57837,87958,0,87958,3285249.455,-0.542,-0.088,0.310,0.776,1669,0,0,1846,0,489,0,604,62,1.291,1,2117,0,809.566,33.184,-707.188,-147.438,365.438,-0.477,2.223,4.313,3.563,32.992,34.270,0.490,0.454,1.257,1.388,0,NULL,NULL,,3,0,2,7,255,938,250,0,0
stim,57837,87958,0,87958,3285254.453,-0.531,-0.100,0.273,0.796,2095,0,0,1999,0,687,0,668,59,1.291,1,2118,0,1043.007,18.528,-982.000,-207.000,284.063,-1.133,3.875,-0.453,-10.652,15.160,34.270,0.460,0.344,1.257,1.388,1,1094.000,156.000,,3,0,2,7,255,938,250,0,0
stim,57837,87958,0,87958,3285259.455,-0.523,-0.106,0.251,0.808,2339,0,0,2149,0,916,0,759,59,1.291,1,2118,0,601.501,28.060,-552.313,-141.375,191.750,-1.887,2.598,-2.160,-16.414,-22.758,2.914,0.488,0.326,1.257,1.388,1,NULL,NULL,,3,0,2,7,255,938,250,0,0
stim,57837,87958,0,87958,3285264.454,-0.523,-0.104,0.242,0.810,2505,0,0,2249,0,1141,0,837,59,1.291,1,2118,0,216.021,28.060,-158.500,-145.750,17.313,-1.461,0.629,-1.066,-16.414,-22.758,-11.266,0.526,0.358,1.257,1.388,1,NULL,NULL,,3,0,2,7,255,938,250,0,0
stim,57837,87958,0,87958,3285269.455,-0.526,-0.099,0.241,0.810,2646,0,0,2407,0,1300,0,942,59,1.291,1,2118,0,148.303,18.985,47.313,-136.625,-33.000,-0.152,0.480,1.313,-2.855,-18.770,-11.266,0.558,0.404,1.257,1.388,1,NULL,NULL,,3,0,2,7,255,938,250,0,0
stim,57837,87958,0,87958,3285274.454,-0.524,-0.094,0.237,0.812,2782,0,0,2631,0,1398,0,1017,59,1.291,1,2118,0,141.644,3.900,-24.375,-117.938,74.563,0.363,2.375,1.730,-2.855,2.656,3.258,0.588,0.444,1.257,1.388,2,NULL,NULL,,3,0,2,7,255,938,250,0,0
stim,57837,87958,0,87958,3285279.455,-0.516,-0.090,0.229,0.820,2885,0,0,2759,0,1447,0,1116,59,1.291,1,2118,0,335.066,4.450,-159.375,-166.063,243.500,-1.191,1.109,1.559,-3.570,2.656,9.684,0.620,0.478,1.257,1.388,2,NULL,NULL,,3,0,2,7,255,938,250,0,0
stim,57837,87958,0,87958,3285284.453,-0.510,-0.089,0.213,0.829,2953,0,0,2859,0,1483,0,1243,59,1.291,1,2118,0,443.054,7.498,-352.688,-192.500,186.688,-2.402,-0.988,0.934,-3.570,-6.594,9.684,0.642,0.504,1.257,1.388,2,NULL,NULL,,3,0,2,7,255,938,250,0,0
stim,57860,87981,0,87981,3285289.455,-0.512,-0.089,0.198,0.831,3004,0,0,2951,0,1515,0,1359,59,1.291,1,2118,0,360.986,21.994,-301.563,-191.688,-51.250,-2.000,-1.164,-0.516,18.922,-11.211,4.785,0.646,0.520,1.257,1.388,2,NULL,NULL,,3,0,2,7,255,938,250,0,0
stim,57860,87981,0,87981,3285294.454,-0.519,-0.085,0.189,0.829,3042,0,0,3016,0,1558,0,1451,59,1.291,1,2118,0,271.520,21.994,-86.000,-201.313,-160.625,-0.410,-0.441,-0.219,18.922,-11.211,-9.910,0.630,0.528,1.257,1.388,2,NULL,NULL,,3,0,2,7,255,938,250,0,0
stim,57860,87981,0,87981,3285299.455,-0.526,-0.078,0.186,0.826,3082,0,0,3065,0,1581,0,1515,59,1.291,1,2118,0,256.499,6.053,50.000,-192.688,-161.750,0.531,-0.512,1.285,5.523,-2.477,-9.910,0.602,0.526,1.257,1.388,2,NULL,NULL,,3,0,2,7,255,938,250,0,0
stim,57860,87981,0,87981,3285304.454,-0.531,-0.073,0.182,0.824,3095,0,0,3109,0,1624,0,1545,59,1.291,1,2118,0,185.401,11.979,-1.125,-160.313,-93.125,1.121,-0.957,2.219,4.680,11.027,-0.836,0.570,0.512,1.257,1.388,2,NULL,NULL,,3,0,2,7,255,938,250,0,0
stim,57860,87981,0,87981,3285309.455,-0.531,-0.070,0.174,0.826,3100,0,0,3135,0,1687,0,1547,59,1.291,1,2118,0,196.421,21.347,-126.375,-149.375,17.250,1.395,-1.570,2.129,4.680,20.828,2.777,0.532,0.472,1.257,1.388,2,NULL,NULL,,3,0,2,7,255,938,250,0,0
stim,57860,87981,0,87981,3285314.454,-0.525,-0.069,0.164,0.832,3123,0,0,3165,0,1769,26,1544,59,1.291,1,2118,0,298.148,22.620,-217.875,-129.438,157.063,0.879,-1.629,1.363,8.824,20.828,2.777,0.486,0.408,1.257,1.388,2,NULL,NULL,,3,0,2,7,255,938,250,0,0
stim,57886,88007,0,88007,3285319.455,-0.517,-0.068,0.155,0.839,3125,0,0,3189,0,1855,107,1553,59,1.291,1,2118,0,333.280,20.212,-199.750,-122.500,237.000,-0.141,-0.918,0.508,8.824,18.184,-2.434,0.440,0.334,1.257,1.388,2,NULL,NULL,,3,0,2,7,255,938,250,0,0
stim,57886,88007,0,88007,3285324.454,-0.510,-0.065,0.148,0.845,3128,0,0,3205,0,1955,133,1617,59,1.291,1,2118,0,263.879,9.607,-114.250,-131.438,198.250,-1.000,-0.094,0.434,8.633,4.215,-3.348,0.400,0.268,1.257,1.388,2,NULL,NULL,,3,0,2,7,255,938,250,0,0
stim,57886,88007,0,88007,3285329.455,-0.508,-0.061,0.143,0.847,3140,0,0,3213,0,2041,183,1678,59,1.291,1,2118,0,164.192,8.555,-67.375,-136.688,61.125,-1.273,0.410,1.035,5.398,-6.637,-3.348,0.366,0.224,1.257,1.388,2,NULL,NULL,,3,0,2,7,255,938,250,0,0
stim,57886,88007,0,88007,3285334.453,-0.510,-0.057,0.137,0.847,3135,0,0,3218,0,2135,189,1739,59,1.291,1,2118,0,151.980,7.088,-62.500,-135.688,-27.938,-0.262,0.563,0.984,2.488,-6.637,0.867,0.340,0.204,1.257,1.388,2,NULL,NULL,,3,0,2,7,255,938,250,0,0
stim,57904,88025,0,88025,3285339.455,-0.511,-0.054,0.131,0.848,3132,0,0,3220,85,2229,210,1865,59,1.291,1,2118,0,157.595,2.218,-78.938,-134.563,-22.313,-0.066,0.152,1.445,-0.883,-2.035,3.617,0.320,0.196,1.257,1.388,2,NULL,NULL,,3,0,2,7,255,938,250,0,0
stim,57904,88025,0,88025,3285344.454,-0.512,-0.053,0.123,0.849,3144,0,0,3220,356,2291,298,1999,59,1.291,1,2118,0,185.635,2.596,-138.188,-123.125,-14.313,0.059,-0.156,1.414,-0.883,2.441,3.281,0.308,0.190,1.257,1.388,2,NULL,NULL,,3,0,2,7,255,938,250,0,0
stim,57944,88065,0,88065,3285349.455,-0.513,-0.052,0.118,0.849,3134,0,0,3218,559,2341,287,2109,59,1.291,1,2118,0,135.826,4.705,-104.750,-80.375,-31.875,0.355,-0.313,1.547,1.035,4.590,3.809,0.300,0.180,1.257,1.388,2,NULL,NULL,,3,0,2,7,255,938,250,0,0
stim,57944,88065,0,88065,3285354.453,-0.515,-0.052,0.114,0.848,3147,0,0,3219,816,2365,294,2171,59,1.291,1,2118,0,101.606,8.009,-76.688,-44.500,-49.625,0.609,-0.156,1.004,1.035,7.941,3.281,0.300,0.164,1.257,1.388,2,NULL,NULL,,3,0,2,7,255,938,250,0,0
stim,57944,88065,0,88065,3285359.455,-0.516,-0.051,0.112,0.848,3139,0,0,3227,985,2405,320,2219,59,1.291,1,2118,0,59.684,8.086,-18.063,-48.563,-29.625,0.598,0.410,1.039,-1.523,7.941,-0.656,0.310,0.142,1.257,1.388,2,NULL,NULL,,3,0,2,7,255,938,250,0,0
stim,57944,88065,0,88065,3285364.454,-0.517,-0.050,0.110,0.848,3131,0,0,3221,1128,2427,314,2269,59,1.291,1,2118,0,38.904,5.730,-23.250,-26.625,-16.250,-0.035,0.094,1.656,-1.523,5.523,-0.656,0.326,0.118,1.257,1.388,2,NULL,NULL,,3,0,2,7,255,938,250,0,0
stim,57944,88065,0,88065,3285369.455,-0.518,-0.053,0.105,0.848,3143,19,0,3219,1210,2439,318,2325,59,1.291,1,2118,0,123.028,3.000,-117.125,-20.625,-31.500,-0.246,-0.191,1.223,-0.742,2.906,2.191,0.346,0.098,1.257,1.388,2,NULL,NULL,,3,0,2,7,255,938,250,0,0
stim,57944,88065,0,88065,3285374.454,-0.519,-0.054,0.101,0.847,3139,33,0,3223,1304,2460,329,2352,59,1.291,1,2118,0,109.039,2.252,-99.563,-16.438,-41.313,-0.191,-0.133,0.645,1.816,1.332,2.191,0.358,0.084,1.257,1.388,2,NULL,NULL,,3,0,2,7,255,938,250,0,0
stim,57944,88065,0,88065,3285379.455,-0.521,-0.055,0.099,0.846,3123,45,0,3215,1383,2461,359,2401,59,1.291,1,2118,0,77.461,1.830,-34.938,-18.000,-66.750,-0.188,-0.039,0.770,1.816,0.219,-2.102,0.366,0.074,1.257,1.388,2,NULL,NULL,,3,0,2,7,255,938,250,0,0
stim,57944,88065,0,88065,3285384.453,-0.524,-0.054,0.098,0.844,3131,72,0,3224,1478,2485,374,2415,59,1.291,1,2118,0,79.646,0.978,-11.250,-17.250,-76.938,0.035,0.082,1.098,0.953,0.219,-2.102,0.372,0.066,1.257,1.388,2,NULL,NULL,,3,0,2,7,255,938,250,0,0
stim,57944,88065,0,88065,3285389.455,-0.526,-0.055,0.096,0.843,3131,111,0,3221,1549,2491,367,2440,59,1.291,1,2118,0,66.922,2.239,-35.813,-12.813,-55.063,0.133,-0.016,1.164,-0.750,2.109,0.691,0.378,0.060,1.257,1.388,2,NULL,NULL,,3,0,2,7,255,938,250,0,0
stim,57944,88065,0,88065,3285394.454,-0.527,-0.056,0.093,0.843,3128,109,0,3212,1585,2508,368,2463,59,1.291,1,2118,0,65.414,2.383,-57.500,-9.563,-29.688,-0.008,-0.090,1.016,-0.750,2.262,0.691,0.386,0.052,1.257,1.388,2,NULL,NULL,,3,0,2,7,255,938,250,0,0
stim,57968,88089,0,88089,3285399.455,-0.528,-0.057,0.091,0.842,3128,125,0,3219,1623,2508,365,2477,59,1.291,1,2118,0,57.067,2.313,-47.250,-7.438,-31.125,-0.184,-0.016,0.879,0.484,2.262,-0.113,0.392,0.044,1.257,1.388,2,NULL,NULL,,3,0,2,7,255,938,250,0,0
stim,57968,88089,0,88089,3285404.454,-0.530,-0.057,0.090,0.841,3124,139,0,3215,1679,2519,361,2485,59,1.291,1,2118,0,55.392,0.507,-23.813,-7.563,-49.438,-0.180,0.090,0.914,0.484,0.148,-0.637,0.396,0.040,1.257,1.388,2,NULL,NULL,,3,0,2,7,255,938,250,0,0
stim,57968,88089,0,88089,3285409.455,-0.532,-0.057,0.089,0.840,3117,169,0,3209,1711,2523,355,2493,59,1.291,1,2118,0,58.654,0.407,-15.563,-6.938,-56.125,-0.043,0.070,1.043,-0.379,0.148,-0.637,0.400,0.036,1.257,1.388,2,NULL,NULL,,3,0,2,7,255,938,250,0,0
stim,57968,88089,0,88089,3285414.454,-0.534,-0.058,0.088,0.839,3125,179,0,3219,1738,2527,343,2495,59,1.291,1,2118,0,47.671,1.366,-25.125,-5.125,-40.188,0.066,-0.059,1.086,-0.379,1.313,0.340,0.406,0.032,1.257,1.388,2,NULL,NULL,,3,0,2,7,255,938,250,0,0
stim,57968,88089,0,88089,3285419.455,-0.534,-0.059,0.086,0.839,3117,189,25,3218,1759,2535,344,2507,59,1.291,1,2118,0,36.024,2.831,-31.688,-3.313,-16.813,0.043,-0.152,0.988,-0.199,2.824,0.340,0.412,0.026,1.257,1.388,2,NULL,NULL,,3,0,2,7,255,938,250,0,0
stim,57968,88089,0,88089,3285424.454,-0.534,-0.059,0.085,0.839,3123,189,25,3209,1771,2535,347,2504,59,1.291,1,2118,0,22.780,2.920,-22.375,-2.625,-3.375,-0.070,-0.137,0.906,0.742,2.824,-0.457,0.420,0.020,1.257,1.388,2,NULL,NULL,,3,0,2,7,255,938,250,0,0
stim,57994,88115,0,88115,3285429.455,-0.534,-0.059,0.085,0.839,3117,191,71,3199,1796,2525,349,2509,59,1.291,1,2118,0,7.897,1.769,-6.250,-3.188,-3.625,-0.148,-0.059,0.934,0.742,1.605,-0.590,0.426,0.014,1.257,1.388,2,NULL,NULL,,3,0,2,7,255,938,250,0,0
stim,57994,88115,0,88115,3285434.453,-0.535,-0.059,0.085,0.839,3116,181,73,3208,1809,2531,349,2519,59,1.291,1,2118,0,10.004,0.962,4.063,-3.938,-8.250,-0.156,0.059,1.023,0.703,0.656,-0.590,0.430,0.010,1.257,1.388,2,NULL,NULL,,3,0,2,7,255,938,250,0,0
stim,57994,88115,0,88115,3285439.455,-0.535,-0.058,0.085,0.838,3122,171,103,3198,1816,2526,347,2509,59,1.291,1,2118,0,11.702,0.437,4.563,-4.313,-9.875,-0.137,0.141,1.090,-0.344,0.270,0.328,0.434,0.004,1.257,1.388,2,NULL,NULL,,3,0,2,7,255,938,250,0,0
stim,57994,88115,0,88115,3285444.454,-0.535,-0.058,0.085,0.838,3109,173,115,3189,1839,2522,345,2514,59,1.335,1,2118,1,9.185,1.183,-0.875,-4.313,-8.063,-0.133,0.168,1.105,-1.156,0.250,0.984,0.000,0.000,1.239,1.422,2,NULL,NULL,,3,0,2,7,255,938,250,0,0
stim,57994,88115,1,88115,3285449.455,-0.536,-0.058,0.084,0.838,3097,171,121,3187,1851,2515,341,2515,59,1.335,1,2118,1,10.141,1.198,-6.375,-4.375,-6.563,-0.145,0.148,1.070,-1.184,0.188,0.984,0.004,0.002,1.239,1.422,2,NULL,NULL,,3,1,2,7,255,938,250,0,0
stim,57994,88115,1,88115,3285454.453,-0.536,-0.058,0.084,0.838,3083,173,157,3179,1864,2517,343,2521,59,1.335,1,2118,1,11.213,1.186,-7.938,-5.313,-5.875,-0.164,0.102,1.020,-1.184,0.078,0.820,0.008,0.004,1.239,1.422,2,NULL,NULL,,3,1,2,7,255,938,250,0,0
stim,58040,88161,1,88161,3285459.455,-0.536,-0.058,0.084,0.838,3067,169,207,3160,1875,2509,345,2516,59,1.335,1,2118,1,10.771,0.692,-6.500,-6.938,-5.063,-0.191,0.074,0.996,-0.691,0.016,0.355,0.010,0.004,1.239,1.422,2,NULL,NULL,,3,1,2,7,255,938,250,0,0
stim,58040,88161,1,88161,3285464.454,-0.536,-0.058,0.083,0.838,3059,171,237,3151,1895,2507,347,2518,59,1.335,1,2118,1,12.331,0.420,-4.875,-8.375,-7.625,-0.215,0.094,1.000,-0.383,-0.172,0.254,0.014,0.006,1.239,1.422,2,NULL,NULL,,3,1,2,7,255,938,250,0,0
stim,58040,88161,1,88161,3285469.455,-0.537,-0.057,0.083,0.838,3047,169,267,3141,1915,2504,347,2523,59,1.335,1,2118,1,16.874,0.482,-3.750,-9.313,-13.563,-0.191,0.105,1.004,-0.383,-0.293,0.242,0.016,0.006,1.239,1.422,2,NULL,NULL,,3,1,2,7,255,938,250,0,0
stim,58040,88161,1,88161,3285474.454,-0.537,-0.057,0.083,0.837,3033,169,286,3125,1941,2495,355,2527,59,1.335,1,2118,1,18.782,0.655,-4.000,-9.625,-15.625,-0.137,0.078,1.008,-0.586,-0.293,0.242,0.016,0.006,1.239,1.422,2,NULL,NULL,,3,1,2,7,255,938,250,0,0
stim,58040,88161,1,88161,3285479.455,-0.538,-0.057,0.082,0.837,3015,167,327,3113,1961,2487,355,2533,59,1.335,1,2118,1,16.407,0.653,-6.125,-9.750,-11.688,-0.121,0.039,1.004,-0.586,0.289,0.176,0.018,0.006,1.239,1.422,2,NULL,NULL,,3,1,2,7,255,938,250,0,0
stim,58040,88161,1,88161,3285484.453,-0.538,-0.057,0.081,0.837,2999,163,367,3100,1981,2484,359,2537,59,1.335,1,2118,1,15.273,0.437,-7.063,-10.063,-9.063,-0.152,0.023,0.977,-0.320,0.297,0.082,0.018,0.006,1.239,1.422,2,NULL,NULL,,3,1,2,7,255,938,250,0,0
stim,58040,88161,1,88161,3285489.455,-0.539,-0.056,0.081,0.837,2975,152,409,3087,1997,2475,363,2541,59,1.335,1,2118,1,16.359,0.298,-4.375,-10.438,-11.813,-0.172,0.031,0.961,-0.020,0.297,-0.137,0.020,0.006,1.239,1.422,2,NULL,NULL,,3,1,2,7,255,938,250,0,0
stim,58040,88161,1,88161,3285494.453,-0.539,-0.056,0.081,0.836,2968,151,463,3067,2015,2472,397,2549,59,1.335,1,2118,1,19.406,0.150,-0.500,-10.500,-16.313,-0.152,0.047,0.969,-0.020,0.148,-0.203,0.020,0.006,1.239,1.422,2,NULL,NULL,,3,1,2,7,255,938,250,0,0
stim,58061,88182,1,88182,3285499.455,-0.540,-0.056,0.080,0.836,2952,157,511,3054,2027,2468,414,2555,59,1.335,1,2118,1,21.022,0.264,0.938,-10.500,-18.188,-0.125,0.070,1.000,-0.219,0.148,-0.203,0.022,0.006,1.239,1.422,2,NULL,NULL,,3,1,2,7,255,938,250,0,0
stim,58061,88182,1,88182,3285504.454,-0.541,-0.055,0.080,0.836,2927,164,611,3038,2043,2463,430,2569,59,1.335,1,2118,1,20.476,0.668,-1.250,-9.563,-18.063,-0.117,0.086,1.016,-0.559,0.367,0.055,0.022,0.006,1.239,1.422,2,NULL,NULL,,3,1,2,7,255,938,250,0,0
stim,58061,88182,1,88182,3285509.455,-0.541,-0.055,0.080,0.835,2917,166,660,3021,2069,2461,445,2612,59,1.335,1,2118,1,20.728,0.800,-3.938,-9.375,-18.063,-0.129,0.090,1.008,-0.711,0.367,0.176,0.022,0.006,1.239,1.422,2,NULL,NULL,,3,1,2,7,255,938,250,0,0
stim,58061,88182,1,88182,3285514.454,-0.542,-0.055,0.079,0.835,2887,169,729,3004,2101,2457,473,2579,59,1.335,1,2118,1,21.822,0.750,-4.875,-9.438,-19.063,-0.133,0.082,0.992,-0.711,0.238,0.176,0.022,0.006,1.239,1.422,2,NULL,NULL,,3,1,2,7,255,938,250,0,0
stim,58084,88205,1,88205,3285519.455,-0.543,-0.054,0.079,0.834,2860,179,782,2985,2141,2455,499,2587,59,1.335,1,2118,1,21.475,0.664,-3.313,-9.813,-18.813,-0.160,0.078,0.992,-0.637,0.188,0.047,0.022,0.008,1.239,1.422,2,NULL,NULL,,3,1,2,7,255,938,250,0,0
stim,58084,88205,1,88205,3285524.454,-0.543,-0.054,0.078,0.834,2839,181,857,2964,2189,2453,603,2599,59,1.335,1,2118,1,23.545,0.637,-3.250,-11.000,-20.563,-0.176,0.121,1.004,-0.637,-0.031,0.047,0.022,0.008,1.239,1.422,2,NULL,NULL,,3,1,2,7,255,938,250,0,0
stim,58084,88205,1,88205,3285529.455,-0.544,-0.054,0.078,0.833,2803,196,937,2941,2229,2452,665,2607,59,1.335,1,2118,1,28.853,0.898,-3.125,-11.563,-26.250,-0.191,0.164,1.016,-0.828,-0.348,0.203,0.022,0.010,1.239,1.422,2,NULL,NULL,,3,1,2,7,255,938,250,0,0
stim,58084,88205,1,88205,3285534.454,-0.545,-0.053,0.077,0.833,2775,222,1033,2920,2271,2451,755,2620,59,1.335,1,2118,1,32.917,1.197,-8.250,-12.500,-29.313,-0.156,0.176,1.020,-1.141,-0.363,0.367,0.022,0.014,1.239,1.422,2,NULL,NULL,,3,1,2,7,255,938,250,0,0
stim,58084,88205,1,88205,3285539.455,-0.547,-0.053,0.077,0.832,2755,233,1145,2904,2317,2452,863,2638,59,1.335,1,2118,1,35.902,1.197,-9.000,-13.563,-32.000,-0.164,0.121,1.012,-1.141,-0.363,0.367,0.024,0.018,1.239,1.422,2,NULL,NULL,,3,1,2,7,255,938,250,0,0
stim,58084,88205,1,88205,3285544.453,-0.548,-0.053,0.076,0.831,2708,235,1239,2879,2347,2456,941,2647,59,1.335,1,2118,1,38.914,0.892,-14.188,-13.813,-33.500,-0.148,0.090,0.996,-0.855,-0.254,0.258,0.026,0.024,1.239,1.422,2,NULL,NULL,,3,1,2,7,255,938,250,0,0
stim,58137,88258,1,88258,3285549.455,-0.549,-0.053,0.075,0.831,2667,247,1320,2863,2389,2459,1067,2661,59,1.335,1,2118,1,39.074,0.678,-14.750,-15.250,-32.813,-0.152,0.086,0.969,-0.672,-0.094,0.086,0.032,0.030,1.239,1.422,2,NULL,NULL,,3,1,2,7,255,938,250,0,0
stim,58137,88258,1,88258,3285554.453,-0.551,-0.053,0.074,0.830,2627,253,1471,2841,2422,2460,1193,2669,59,1.335,1,2118,1,44.761,0.605,-10.750,-14.563,-40.938,-0.184,0.055,0.984,-0.598,-0.094,0.023,0.036,0.036,1.239,1.422,2,NULL,NULL,,3,1,2,7,255,938,250,0,0
stim,58137,88258,1,88258,3285559.455,-0.552,-0.053,0.073,0.829,2565,267,1581,2825,2462,2460,1263,2681,59,1.335,1,2118,1,51.013,0.447,-15.188,-15.625,-46.125,-0.125,0.051,1.016,-0.438,-0.094,0.023,0.042,0.042,1.239,1.422,2,NULL,NULL,,3,1,2,7,255,938,250,0,0
stim,58137,88258,1,88258,3285564.454,-0.554,-0.052,0.072,0.828,2511,291,1702,2802,2494,2461,1401,2699,59,1.335,1,2118,1,49.824,0.381,-20.688,-16.250,-42.313,-0.105,-0.004,1.008,-0.223,0.309,0.086,0.046,0.048,1.239,1.422,2,NULL,NULL,,3,1,2,7,255,938,250,0,0
stim,58137,88258,1,88258,3285569.455,-0.555,-0.053,0.070,0.827,2455,293,1828,2779,2531,2468,1501,2711,59,1.335,1,2118,1,51.437,0.310,-28.313,-16.250,-39.750,-0.160,-0.043,1.020,-0.031,0.309,0.230,0.050,0.052,1.239,1.422,2,NULL,NULL,,3,1,2,7,255,938,250,0,0
stim,58137,88258,1,88258,3285574.454,-0.557,-0.053,0.068,0.826,2403,299,1931,2751,2575,2471,1606,2727,59,1.335,1,2118,1,60.556,0.431,-37.375,-17.188,-44.438,-0.195,-0.012,1.063,0.320,0.289,0.277,0.054,0.056,1.239,1.422,2,NULL,NULL,,3,1,2,7,255,938,250,0,0
stim,58137,88258,1,88258,3285579.455,-0.558,-0.054,0.066,0.825,2333,311,2041,2730,2602,2471,1721,2735,59,1.335,1,2118,1,74.372,0.356,-52.938,-19.250,-48.563,-0.148,0.043,1.113,0.320,0.156,0.762,0.056,0.058,1.239,1.422,2,NULL,NULL,,3,1,2,7,255,938,250,0,0
stim,58137,88258,1,88258,3285584.454,-0.560,-0.055,0.063,0.824,2259,317,2138,2687,2629,2472,1803,2751,59,1.335,1,2118,1,89.563,0.426,-68.438,-17.688,-55.000,-0.199,0.098,1.031,-0.414,-0.102,0.762,0.060,0.060,1.239,1.422,2,NULL,NULL,,3,1,2,7,255,938,250,0,0
stim,58159,88280,1,88280,3285589.455,-0.562,-0.056,0.059,0.823,2187,325,2259,2659,2661,2473,1901,2764,59,1.335,1,2118,1,92.323,0.443,-67.938,-19.938,-59.250,-0.023,-0.043,0.922,-0.414,0.156,0.500,0.060,0.062,1.239,1.422,2,NULL,NULL,,3,1,2,7,255,938,250,0,0
stim,58159,88280,1,88280,3285594.453,-0.564,-0.057,0.057,0.822,2103,334,2336,2619,2695,2475,2001,2779,59,1.335,1,2118,1,74.849,0.451,-53.125,-18.500,-49.375,-0.191,-0.043,0.840,-0.109,-0.438,-0.863,0.060,0.062,1.239,1.422,2,NULL,NULL,,3,1,2,7,255,938,250,0,0
stim,58159,88280,1,88280,3285599.455,-0.566,-0.057,0.054,0.821,2007,349,2431,2579,2715,2475,2080,2793,59,1.335,1,2118,0,79.941,0.664,-42.250,-22.750,-63.938,-0.250,-0.105,0.945,0.500,-0.438,-0.863,0.058,0.064,1.239,1.422,2,NULL,NULL,,3,1,2,7,255,938,250,0,0
stim,58159,88280,1,88280,3285604.454,-0.569,-0.057,0.052,0.819,1914,359,2507,2531,2735,2479,2155,2805,59,1.335,1,2118,0,93.863,1.067,-34.750,-21.750,-84.438,-0.152,-0.129,0.980,0.973,-0.438,-0.273,0.058,0.066,1.239,1.422,2,NULL,NULL,,3,1,2,7,255,938,250,0,0
stim,58159,88280,1,88280,3285609.455,-0.572,-0.058,0.050,0.817,1824,358,2567,2476,2760,2485,2228,2821,59,1.335,1,2118,0,87.321,1.038,-42.625,-24.063,-72.313,0.027,-0.184,1.059,0.973,0.363,-0.070,0.056,0.066,1.239,1.422,2,NULL,NULL,,3,1,2,7,255,938,250,0,0
stim,58159,88280,1,88280,3285614.453,-0.573,-0.058,0.047,0.816,1688,359,2611,2408,2781,2478,2299,2837,59,1.335,1,2118,0,68.905,1.782,-46.813,-24.688,-44.125,0.012,-0.063,1.012,0.820,1.582,-0.012,0.054,0.062,1.239,1.422,2,NULL,NULL,,3,1,2,7,255,938,250,0,0
stim,58182,88303,1,88303,3285619.455,-0.574,-0.058,0.045,0.816,1546,357,2665,2323,2807,2478,2359,2851,59,1.335,1,2118,0,59.045,1.603,-44.625,-25.500,-29.063,-0.090,0.039,0.992,-0.258,1.582,-0.012,0.054,0.060,1.239,1.422,2,NULL,NULL,,3,1,2,7,255,938,250,0,0
stim,58182,88303,1,88303,3285624.454,-0.575,-0.058,0.043,0.815,1365,349,2703,2231,2831,2475,2415,2860,59,1.335,1,2118,0,55.927,0.591,-39.188,-26.938,-29.438,-0.176,0.031,1.004,-0.535,0.250,-0.012,0.054,0.058,1.239,1.422,2,NULL,NULL,,3,1,2,7,255,938,250,0,0
stim,58182,88303,1,88303,3285629.455,-0.576,-0.058,0.041,0.814,1205,334,2745,2155,2851,2473,2468,2873,59,1.335,1,2118,0,59.795,0.547,-35.125,-27.688,-39.688,-0.152,-0.027,1.031,-0.535,-0.113,0.172,0.054,0.058,1.239,1.422,2,NULL,NULL,,3,1,2,7,255,938,250,0,0
stim,58182,88303,1,88303,3285634.454,-0.578,-0.058,0.038,0.813,1059,315,2788,2040,2863,2469,2518,2887,59,1.335,1,2118,0,59.939,0.172,-33.375,-30.063,-39.688,-0.117,-0.074,1.055,-0.129,-0.113,0.406,0.056,0.058,1.239,1.422,2,NULL,NULL,,3,1,2,7,255,938,250,0,0
stim,58204,88325,1,88325,3285639.455,-0.579,-0.057,0.036,0.813,867,287,2823,1897,2879,2461,2571,2894,59,1.335,1,2118,0,57.651,0.360,-33.313,-32.063,-34.438,-0.098,-0.027,1.070,-0.129,0.336,0.598,0.056,0.058,1.239,1.422,2,NULL,NULL,,3,1,2,7,255,938,250,0,0
stim,58204,88325,1,88325,3285644.453,-0.580,-0.057,0.034,0.812,633,245,2853,1671,2899,2455,2614,2903,59,1.335,1,2118,0,57.832,0.512,-34.563,-34.313,-31.188,-0.105,0.008,1.059,-0.387,0.336,0.613,0.058,0.060,1.239,1.422,2,NULL,NULL,,3,1,2,7,255,938,250,0,0
stim,58242,88363,1,88363,3285649.455,-0.581,-0.056,0.032,0.811,427,199,2885,1448,2916,2445,2648,2911,59,1.335,1,2118,0,55.312,0.703,-31.375,-36.125,-27.750,-0.098,0.008,1.035,-0.691,0.125,0.613,0.058,0.060,1.239,1.422,2,NULL,NULL,,3,1,2,7,255,938,250,0,0
stim,58242,88363,1,88363,3285654.454,-0.581,-0.055,0.030,0.811,307,163,2901,1209,2931,2431,2680,2920,59,1.335,1,2118,0,49.822,0.699,-22.750,-40.250,-18.563,-0.102,0.004,1.031,-0.691,0.102,0.352,0.058,0.060,1.239,1.422,2,NULL,NULL,,3,1,2,7,255,938,250,0,0
stim,58242,88363,1,88363,3285659.455,-0.582,-0.054,0.028,0.811,115,109,2916,943,2942,2414,2709,2919,59,1.335,1,2118,0,53.450,0.664,-24.188,-43.000,-20.563,-0.070,-0.031,1.066,-0.652,0.125,0.352,0.058,0.060,1.239,1.422,2,NULL,NULL,,3,1,2,7,255,938,250,0,0
stim,58242,88363,1,88363,3285664.454,-0.582,-0.053,0.026,0.811,29,46,2931,731,2963,2397,2733,2939,59,1.335,1,2118,0,51.088,0.582,-17.875,-46.563,-11.063,-0.082,-0.051,1.066,-0.480,0.328,0.648,0.060,0.058,1.239,1.422,2,NULL,NULL,,3,1,2,7,255,938,250,0,0
stim,58242,88363,1,88363,3285669.455,-0.583,-0.052,0.024,0.811,3,28,2941,473,2974,2367,2775,2949,59,1.335,1,2118,0,52.867,0.582,-16.563,-49.250,-9.750,-0.070,0.023,1.066,-0.480,0.328,0.648,0.060,0.058,1.239,1.422,2,NULL,NULL,,3,1,2,7,255,938,250,0,0
stim,58242,88363,1,88363,3285674.454,-0.583,-0.050,0.023,0.810,0,0,2953,319,2987,2335,2797,2957,59,1.335,1,2118,0,56.138,0.995,-15.563,-49.813,-20.688,-0.082,0.070,1.051,-0.980,0.168,0.629,0.062,0.058,1.239,1.422,2,NULL,NULL,,3,1,2,7,255,938,250,0,0
stim,58242,88363,1,88363,3285679.455,-0.584,-0.048,0.021,0.810,0,0,2963,277,2996,2313,2823,2963,59,1.335,1,2118,0,59.404,0.993,1.250,-57.125,-16.250,-0.168,-0.031,1.133,-0.980,-0.156,0.629,0.062,0.058,1.239,1.422,2,NULL,NULL,,3,1,2,7,255,938,250,0,0
stim,58242,88363,1,88363,3285684.453,-0.584,-0.045,0.021,0.810,0,0,2975,239,3007,2292,2847,2968,59,1.335,1,2118,0,84.039,0.649,49.063,-67.438,10.375,-0.418,-0.125,1.484,-0.199,-0.617,1.422,0.058,0.060,1.239,1.422,2,NULL,NULL,,3,1,2,7,255,938,250,0,0
stim,58242,88363,1,88363,3285689.455,-0.583,-0.041,0.021,0.811,0,0,2983,197,3017,2261,2869,2957,59,1.335,1,2118,0,100.633,2.704,54.000,-81.438,24.063,-0.543,-0.102,1.871,1.219,-2.414,5.133,0.052,0.062,1.239,1.422,2,NULL,NULL,,3,1,2,7,255,938,250,0,0
stim,58242,88363,1,88363,3285694.454,-0.583,-0.039,0.018,0.811,0,0,2991,138,3028,2219,2887,2973,59,1.335,1,2118,0,94.787,2.704,-45.438,-81.188,-18.125,-0.277,-0.133,1.602,1.219,-2.414,6.102,0.048,0.066,1.239,1.422,2,NULL,NULL,,3,1,2,7,255,938,250,0,0
stim,58269,88390,0,88390,3285699.455,-0.584,-0.038,0.013,0.811,0,0,2995,83,3036,2151,2904,2973,59,1.335,1,2118,0,118.524,1.732,-81.875,-81.125,-27.625,-0.102,-0.207,1.059,1.254,-1.195,6.102,0.046,0.068,1.239,1.422,2,NULL,NULL,,3,0,2,7,255,938,250,0,0
stim,58269,88390,0,88390,3285704.454,-0.584,-0.036,0.009,0.811,0,0,2997,51,3043,2095,2919,2975,59,1.335,1,2118,0,97.822,0.965,-32.688,-91.563,10.813,-0.109,-0.051,0.953,0.844,-0.469,0.723,0.044,0.072,1.239,1.422,3,NULL,NULL,,3,0,2,7,255,938,250,0,0
stim,58269,88391,0,88391,3285709.455,-0.583,-0.032,0.007,0.812,0,0,3005,10,3059,1999,2936,2979,59,1.335,1,2118,0,101.115,0.469,10.875,-98.938,17.813,-0.246,0.086,1.078,-0.008,-0.469,0.723,0.042,0.076,1.239,1.422,3,NULL,NULL,,3,0,2,7,255,938,250,0,0
stim,58269,88391,0,88391,3285714.453,-0.583,-0.028,0.006,0.812,0,0,3013,0,3075,1901,2941,2981,59,1.335,1,2118,0,107.465,2.280,23.000,-104.938,2.813,-0.309,0.074,1.301,-0.707,-2.168,0.801,0.042,0.084,1.239,1.422,3,NULL,NULL,,3,0,2,7,255,938,250,0,0
stim,58269,88391,0,88391,3285719.455,-0.583,-0.024,0.003,0.812,0,0,2997,0,3075,1791,2967,2976,59,1.335,1,2118,0,111.858,2.280,11.688,-111.125,-5.188,-0.250,0.004,1.461,-0.707,-2.168,3.004,0.042,0.092,1.239,1.422,3,NULL,NULL,,3,0,2,7,255,938,250,0,0
stim,58269,88391,0,88391,3285724.454,-0.583,-0.020,0.000,0.812,0,0,3000,0,3080,1669,2973,2973,59,1.335,1,2118,0,116.082,2.055,-9.500,-115.688,1.063,-0.176,-0.094,1.398,-0.285,-2.035,3.980,0.042,0.100,1.239,1.422,3,NULL,NULL,,3,0,2,7,255,938,250,0,0
stim,58294,88415,0,88415,3285729.455,-0.582,-0.017,-0.004,0.813,0,0,2997,0,3087,1521,2983,2979,59,1.335,1,2118,0,122.467,1.282,-23.000,-119.813,10.688,-0.164,-0.141,1.266,0.473,-1.191,3.980,0.044,0.106,1.239,1.422,3,NULL,NULL,,3,0,2,7,255,938,250,0,0
stim,58294,88415,0,88415,3285734.453,-0.582,-0.013,-0.008,0.813,0,0,2995,0,3091,1333,2990,2963,59,1.335,1,2118,0,128.501,1.543,-23.938,-125.250,15.875,-0.203,-0.148,1.195,0.980,-1.191,2.672,0.046,0.114,1.239,1.422,3,NULL,NULL,,3,0,2,7,255,938,250,0,0
stim,58294,88415,0,88415,3285739.455,-0.581,-0.009,-0.011,0.814,0,0,2988,0,3095,1127,3015,2951,59,1.335,1,2118,0,133.518,1.970,-15.125,-131.938,13.813,-0.227,-0.168,1.133,1.234,-1.535,1.984,0.048,0.122,1.239,1.422,3,NULL,NULL,,3,0,2,7,255,938,250,0,0
stim,58294,88415,0,88415,3285744.454,-0.580,-0.005,-0.015,0.814,0,0,2963,0,3091,894,3004,2936,59,1.335,1,2118,0,138.160,2.349,-3.563,-137.875,8.125,-0.215,-0.184,1.082,1.535,-1.777,1.379,0.052,0.132,1.239,1.422,3,NULL,NULL,,3,0,2,7,255,938,250,0,0
stim,58294,88415,0,88415,3285749.455,-0.580,0.000,-0.018,0.814,0,0,2951,0,3091,681,3013,2927,59,1.335,1,2118,0,143.908,2.423,7.375,-143.688,3.000,-0.199,-0.176,1.129,1.621,-1.801,1.309,0.056,0.142,1.239,1.422,3,NULL,NULL,,3,0,2,7,255,938,250,0,0
stim,58294,88415,0,88415,3285754.453,-0.580,0.006,-0.022,0.815,0,0,2933,0,3095,530,3032,2917,59,1.335,1,2118,0,151.255,2.423,12.813,-150.688,2.688,-0.180,-0.156,1.172,1.621,-1.801,1.309,0.062,0.154,1.239,1.422,3,NULL,NULL,,3,0,2,7,255,938,250,0,0
stim,58340,88461,0,88461,3285759.455,-0.579,0.012,-0.025,0.815,0,0,2905,0,3096,339,3045,2897,59,1.335,1,2118,0,158.188,2.294,12.938,-157.500,7.063,-0.156,-0.156,1.160,1.422,-1.801,1.543,0.066,0.162,1.239,1.422,3,NULL,NULL,,3,0,2,7,255,938,250,0,0
stim,58340,88461,0,88461,3285764.454,-0.578,0.018,-0.029,0.815,0,0,2885,0,3107,153,3046,2871,59,1.335,1,2118,0,164.536,2.224,12.750,-163.875,7.375,-0.113,-0.105,1.176,1.406,-1.723,1.668,0.070,0.172,1.239,1.422,3,NULL,NULL,,3,0,2,7,255,938,250,0,0
stim,58340,88461,0,88461,3285769.455,-0.578,0.024,-0.032,0.815,0,0,2853,0,3108,73,3052,2851,59,1.335,1,2118,0,169.770,1.925,16.188,-168.813,7.875,-0.102,-0.027,1.152,0.859,-1.723,1.543,0.074,0.180,1.239,1.422,3,NULL,NULL,,3,0,2,7,255,938,250,0,0
stim,58340,88461,0,88461,3285774.454,-0.577,0.031,-0.036,0.816,0,0,2807,0,3099,13,3063,2811,59,1.335,1,2118,0,179.017,1.942,24.813,-177.000,10.125,-0.105,0.047,1.234,0.176,-1.934,1.668,0.078,0.188,1.239,1.422,3,NULL,NULL,,3,0,2,7,255,938,250,0,0
stim,58340,88461,0,88461,3285779.455,-0.576,0.038,-0.039,0.816,0,0,2771,0,3095,0,3053,2771,59,1.335,1,2118,0,187.709,2.459,27.063,-185.063,15.938,-0.082,0.133,1.383,-0.449,-2.418,2.105,0.084,0.198,1.239,1.422,3,NULL,NULL,,3,0,2,7,255,938,250,0,0
stim,58340,88461,0,88461,3285784.453,-0.574,0.045,-0.043,0.816,0,0,2712,0,3097,0,3067,2739,59,1.335,1,2118,0,196.795,3.104,25.250,-193.688,24.000,-0.063,0.277,1.602,-1.234,-2.848,3.492,0.092,0.210,1.239,1.422,3,NULL,NULL,,3,0,2,7,255,938,250,0,0
stim,58340,88461,0,88461,3285789.455,-0.573,0.053,-0.047,0.817,0,0,2634,0,3087,0,3055,2667,59,1.335,1,2118,0,203.498,4.406,18.938,-200.438,29.625,-0.133,0.375,1.828,-2.516,-3.617,5.551,0.102,0.222,1.239,1.422,3,NULL,NULL,,3,0,2,7,255,938,250,0,0
stim,58340,88461,0,88461,3285794.454,-0.571,0.060,-0.052,0.817,0,0,2541,0,3080,0,3056,2617,59,1.335,1,2118,0,213.639,5.723,12.250,-210.375,35.125,-0.258,0.320,2.098,-2.516,-5.141,7.574,0.116,0.236,1.239,1.422,3,NULL,NULL,,3,0,2,7,255,938,250,0,0
stim,58362,88483,0,88483,3285799.455,-0.568,0.068,-0.058,0.818,0,0,2459,0,3067,21,3064,2541,59,1.335,1,2118,0,236.389,7.111,2.875,-229.688,55.813,-0.457,0.223,2.391,-1.973,-6.832,9.941,0.132,0.252,1.239,1.422,3,NULL,NULL,,3,0,2,7,255,938,250,0,0
stim,58362,88483,0,88483,3285804.454,-0.565,0.076,-0.066,0.819,0,0,2345,0,3051,61,3051,2446,59,1.335,1,2118,0,267.411,9.213,-40.750,-256.500,63.688,-0.699,0.223,2.488,-0.188,-9.211,12.352,0.154,0.274,1.239,1.422,3,NULL,NULL,,3,0,2,7,255,938,250,0,0
stim,58362,88483,0,88483,3285809.455,-0.562,0.084,-0.076,0.819,0,0,2201,0,3044,71,3049,2313,59,1.335,1,2118,0,291.464,12.072,-69.313,-278.563,50.500,-0.730,0.516,2.426,-0.188,-12.070,12.352,0.182,0.302,1.239,1.422,3,NULL,NULL,,3,0,2,7,255,938,250,0,0
stim,58362,88483,0,88483,3285814.454,-0.559,0.093,-0.086,0.819,0,0,2067,0,3021,81,3032,2183,59,1.335,1,2118,0,321.329,13.895,-88.750,-306.188,40.313,-0.758,0.762,2.465,-1.715,-13.789,11.434,0.214,0.336,1.239,1.422,3,NULL,NULL,,3,0,2,7,255,938,250,0,0
stim,58386,88507,0,88507,3285819.455,-0.557,0.102,-0.098,0.818,0,0,1935,0,2989,109,3019,2023,59,1.335,1,2118,0,344.882,15.999,-98.125,-330.000,20.375,-0.699,0.914,2.539,-3.762,-15.551,11.434,0.256,0.380,1.239,1.422,3,NULL,NULL,,3,0,2,7,255,938,250,0,0
stim,58386,88507,0,88507,3285824.454,-0.555,0.112,-0.111,0.817,0,0,1821,0,2961,117,2976,1893,59,1.335,1,2118,0,374.870,17.252,-120.375,-354.625,16.688,-0.582,1.012,2.605,-5.301,-16.418,11.449,0.306,0.430,1.239,1.422,3,NULL,NULL,,3,0,2,7,255,938,250,0,0
stim,58386,88507,0,88507,3285829.455,-0.553,0.121,-0.126,0.815,0,0,1694,0,2924,113,2951,1789,59,1.335,1,2118,0,405.682,17.859,-151.188,-376.250,12.500,-0.582,1.043,2.621,-6.523,-16.625,11.449,0.360,0.486,1.239,1.422,3,NULL,NULL,,3,0,2,7,255,938,250,0,0
stim,58386,88507,0,88507,3285834.453,-0.551,0.131,-0.141,0.812,0,0,1593,0,2887,101,2893,1641,59,1.335,1,2118,0,429.984,18.724,-156.500,-399.938,21.063,-0.648,1.000,2.703,-6.523,-17.551,11.340,0.420,0.546,1.239,1.422,3,NULL,NULL,,3,0,2,7,255,938,250,0,0
stim,58386,88508,0,88508,3285839.455,-0.548,0.142,-0.158,0.809,0,0,1483,0,2821,92,2829,1517,59,1.335,1,2118,0,457.637,20.014,-178.438,-420.750,23.688,-0.832,0.926,2.719,-6.172,-19.039,11.195,0.486,0.614,1.239,1.422,3,NULL,NULL,,3,0,2,7,255,938,250,0,0
stim,58386,88508,0,88508,3285844.454,-0.545,0.152,-0.175,0.806,0,0,1361,0,2749,81,2741,1397,59,1.335,1,2118,0,486.801,21.753,-206.688,-440.688,7.063,-0.863,0.723,2.641,-4.895,-21.195,9.938,0.556,0.684,1.239,1.422,3,NULL,NULL,,3,0,2,7,255,938,250,0,0
stim,58437,88558,0,88558,3285849.455,-0.543,0.164,-0.193,0.801,0,0,1193,0,2643,60,2621,1253,59,1.335,1,2118,0,490.389,21.410,-189.063,-452.000,-20.813,-0.781,0.516,2.656,-3.027,-21.195,8.465,0.632,0.762,1.239,1.422,3,NULL,NULL,,3,0,2,7,255,938,250,0,0
stim,58437,88558,0,88558,3285854.453,-0.541,0.176,-0.210,0.796,0,0,1008,0,2523,51,2473,1067,59,1.335,1,2118,0,496.188,21.306,-169.000,-465.688,-27.875,-0.801,0.348,2.887,-1.484,-21.254,8.465,0.718,0.850,1.239,1.422,3,NULL,NULL,,3,0,2,7,255,938,250,0,0
stim,58437,88558,0,88558,3285859.455,-0.538,0.189,-0.227,0.790,0,0,837,0,2359,5,2283,944,59,1.335,1,2118,0,510.617,22.399,-175.438,-478.938,-23.875,-0.758,0.234,3.148,0.191,-22.398,9.582,0.814,0.948,1.239,1.422,3,NULL,NULL,,3,0,2,7,255,938,250,0,0
stim,58437,88558,0,88558,3285864.454,-0.534,0.200,-0.246,0.783,0,0,633,0,2140,0,2013,831,59,1.335,1,2118,0,544.180,22.880,-222.500,-496.438,-13.250,-0.824,-0.160,2.895,1.133,-22.852,9.582,0.918,1.054,1.239,1.422,3,NULL,NULL,,3,0,2,7,255,938,250,0,0
stim,58437,88558,0,88558,3285869.455,-0.530,0.211,-0.267,0.777,0,0,446,0,1881,0,1678,683,59,1.335,1,2118,0,572.371,23.348,-258.938,-510.375,8.813,-0.629,-0.387,2.184,4.789,-22.852,8.367,1.028,1.166,1.239,1.422,3,NULL,NULL,,3,0,2,7,255,938,250,0,0
stim,58437,88558,0,88558,3285874.454,-0.525,0.224,-0.286,0.769,0,0,264,0,1578,0,1255,569,59,1.335,1,2118,0,561.915,18.248,-208.313,-521.875,1.063,-0.535,-0.547,1.496,5.965,-17.246,3.539,1.138,1.278,1.239,1.422,3,NULL,NULL,,3,0,2,7,255,938,250,0,0
stim,58437,88558,0,88558,3285879.455,-0.518,0.239,-0.303,0.764,0,0,179,0,1267,0,725,469,59,1.335,1,2118,0,550.147,13.618,-111.375,-538.063,27.313,-0.430,-0.402,1.289,5.965,-12.242,-1.273,1.242,1.384,1.239,1.422,3,NULL,NULL,,3,0,2,7,255,938,250,0,0
stim,58437,88558,0,88558,3285884.453,-0.509,0.256,-0.316,0.759,0,0,82,0,875,0,158,399,59,1.335,1,2118,0,550.643,13.356,-2.000,-549.125,40.813,-0.520,-0.012,1.813,5.340,-12.242,-1.609,1.340,1.484,1.239,1.422,3,NULL,NULL,,3,0,2,7,255,938,250,0,0
stim,58460,88581,0,88581,3285889.455,-0.496,0.274,-0.328,0.756,0,0,59,0,379,0,0,349,59,1.335,1,2118,0,576.128,17.082,43.875,-564.438,106.813,-1.063,0.035,2.383,4.703,-16.422,-2.926,1.430,1.578,1.239,1.422,3,NULL,NULL,,3,0,2,7,255,938,250,0,0
stim,58460,88581,0,88581,3285894.454,-0.483,0.289,-0.343,0.752,0,0,23,0,13,0,0,303,59,1.335,1,2118,0,587.638,24.371,-47.875,-566.250,149.625,-1.191,0.547,2.336,2.504,-24.242,-2.926,1.514,1.666,1.239,1.422,3,NULL,NULL,,3,0,2,7,255,938,250,0,0
stim,58460,88581,0,88581,3285899.455,-0.475,0.301,-0.361,0.744,0,0,22,0,0,0,0,281,59,1.335,1,2118,0,554.702,24.259,-169.750,-523.750,67.563,-0.863,1.160,1.852,0.898,-24.242,-6.629,1.602,1.754,1.239,1.422,4,NULL,NULL,,3,0,2,7,255,938,250,0,0
stim,58460,88581,0,88581,3285904.454,-0.469,0.310,-0.379,0.735,0,0,12,0,0,0,0,235,59,1.335,1,2118,0,530.867,23.119,-263.438,-459.938,29.625,-0.281,1.617,1.332,-6.109,-22.297,-9.551,1.700,1.856,1.239,1.422,0,NULL,NULL,,3,0,2,7,255,938,250,0,0
stim,58460,88581,0,88581,3285909.455,-0.464,0.314,-0.399,0.726,0,0,11,0,0,0,0,139,59,1.335,1,2118,0,514.359,19.730,-321.688,-394.125,75.813,-0.402,1.430,1.090,-11.000,-16.379,-9.863,1.814,1.972,1.239,1.422,0,NULL,NULL,,3,0,2,7,255,938,250,0,0
stim,58460,88581,0,88581,3285914.454,-0.456,0.311,-0.421,0.720,0,0,17,0,0,0,0,70,59,1.335,1,2118,0,567.218,17.983,-403.375,-313.125,246.938,-1.344,1.344,0.387,-11.000,-14.227,-12.223,1.934,2.094,1.239,1.422,0,NULL,NULL,,3,0,2,7,255,938,250,0,0
stim,58484,88605,0,88605,3285919.455,-0.453,0.305,-0.440,0.713,0,0,13,0,0,0,0,39,59,1.335,1,2118,0,494.788,14.694,-425.750,-182.000,174.438,-0.902,1.430,-0.766,-9.387,-11.305,-23.523,2.050,2.210,1.239,1.422,0,NULL,NULL,,3,0,2,7,255,938,250,0,0
stim,58484,88605,0,88605,3285924.454,-0.455,0.304,-0.446,0.708,0,0,6,0,0,0,0,35,59,1.335,1,2118,0,175.773,7.010,-162.500,-48.063,-46.688,-0.750,-0.496,-0.855,-6.938,1.004,-23.523,2.150,2.314,1.239,1.422,0,NULL,NULL,,3,0,2,7,255,938,250,0,0
stim,58484,88605,0,88605,3285929.455,-0.457,0.307,-0.441,0.709,0,0,10,0,0,0,0,52,59,1.335,1,2118,0,126.718,7.424,97.938,32.750,-73.438,-0.730,-1.652,0.652,7.355,1.004,-17.574,2.230,2.394,1.239,1.422,0,NULL,NULL,,3,0,2,7,255,938,250,0,0
stim,58484,88605,0,88605,3285934.454,-0.460,0.305,-0.437,0.710,0,0,5,0,0,0,0,29,59,1.335,1,2118,0,122.277,12.818,38.375,110.438,-35.813,-0.965,-0.855,1.863,11.355,-5.945,-7.359,2.288,2.452,1.239,1.422,0,NULL,NULL,,3,0,2,7,255,938,250,0,0
stim,58504,88625,0,88625,3285939.455,-0.466,0.297,-0.437,0.710,0,0,7,0,0,0,0,24,59,1.335,1,2118,0,232.658,20.554,-130.438,190.563,-28.313,-1.090,0.656,1.332,11.355,-17.133,-7.359,2.334,2.498,1.239,1.422,0,NULL,NULL,,3,0,2,7,255,938,250,0,0
stim,58504,88625,0,88625,3285944.453,-0.473,0.286,-0.437,0.709,0,0,5,0,0,0,0,16,59,1.335,1,2118,0,290.588,17.258,-158.500,243.313,-10.875,-1.094,1.605,0.359,-2.074,-17.133,-15.324,2.378,2.544,1.239,1.422,0,NULL,NULL,,3,0,2,7,255,938,250,0,0
stim,58504,88625,0,88625,3285949.455,-0.479,0.277,-0.433,0.711,0,0,4,0,0,0,0,0,59,1.335,1,2118,0,267.479,13.822,-63.688,259.750,-4.313,-1.184,1.535,0.199,-9.555,-9.988,-22.754,2.424,2.594,1.239,1.422,0,NULL,NULL,,3,0,2,7,255,938,250,0,0
stim,58504,88625,0,88625,3285954.453,-0.486,0.270,-0.427,0.713,0,0,2,0,0,0,0,0,59,1.335,1,2118,0,268.437,13.822,1.500,266.875,-28.875,-1.207,0.707,0.656,-9.555,-9.988,-22.754,2.472,2.642,1.239,1.422,0,NULL,NULL,,3,0,2,7,255,938,250,0,0
stim,58542,88663,0,88663,3285959.455,-0.493,0.262,-0.422,0.715,0,0,0,0,0,0,0,0,59,1.335,1,2118,0,278.515,12.348,-25.188,273.438,-46.563,-1.043,0.078,0.863,-2.316,-12.129,-18.703,2.510,2.684,1.239,1.422,0,NULL,NULL,,3,0,2,7,255,938,250,0,0
stim,58542,88663,0,88663,3285964.454,-0.500,0.252,-0.417,0.716,0,0,0,0,0,0,0,0,59,1.335,1,2118,0,289.676,12.234,-74.625,277.375,-37.500,-0.824,0.094,0.543,1.602,-12.129,-13.949,2.542,2.718,1.239,1.422,0,NULL,NULL,,3,0,2,7,255,938,250,0,0
stim,58542,88663,0,88663,3285969.455,-0.507,0.242,-0.413,0.717,0,0,0,0,0,0,0,0,59,1.335,1,2118,0,288.341,8.941,-78.000,277.125,-16.063,-0.688,0.406,0.055,1.602,-8.797,-13.949,2.576,2.752,1.239,1.422,0,NULL,NULL,,3,0,2,7,255,938,250,0,0
stim,58542,88663,0,88663,3285974.454,-0.512,0.233,-0.408,0.719,0,0,0,0,0,0,0,2,59,1.335,1,2118,0,276.979,4.728,-34.063,274.875,0.938,-0.648,0.559,-0.191,-1.324,-4.539,-16.129,2.616,2.794,1.239,1.422,0,NULL,NULL,,3,0,2,7,255,938,250,0,0
stim,58542,88663,0,88663,3285979.455,-0.517,0.225,-0.402,0.722,0,0,0,0,0,0,0,11,59,1.335,1,2118,0,275.677,3.555,16.000,275.125,6.938,-0.621,0.488,-0.152,-2.117,-2.855,-16.914,2.658,2.838,1.239,1.422,0,NULL,NULL,,3,0,2,7,255,938,250,0,0
stim,58542,88663,0,88663,3285984.454,-0.521,0.217,-0.394,0.725,0,0,0,0,0,0,0,4,59,1.335,1,2118,0,288.516,3.863,38.563,285.563,14.438,-0.348,0.406,0.086,-2.602,-2.855,-16.914,2.694,2.874,1.239,1.422,0,NULL,NULL,,3,0,2,7,255,938,250,0,0
stim,58542,88663,0,88663,3285989.455,-0.525,0.208,-0.386,0.730,0,0,0,0,0,0,0,6,59,1.335,1,2118,0,293.780,3.866,41.563,287.313,45.063,-0.543,0.289,-0.008,-2.117,-3.234,-14.668,2.722,2.906,1.239,1.422,0,NULL,NULL,,3,0,2,7,255,938,250,0,0
stim,58542,88663,0,88663,3285994.453,-0.528,0.200,-0.377,0.734,0,0,0,0,0,0,0,0,59,1.335,1,2118,0,308.234,3.660,79.625,296.000,32.438,-0.629,0.242,-0.027,-0.750,-3.582,-14.668,2.750,2.934,1.239,1.422,0,NULL,NULL,,3,0,2,7,255,938,250,0,0
stim,58564,88685,0,88685,3285999.455,-0.532,0.193,-0.367,0.739,0,0,0,0,0,0,0,0,59,1.335,1,2118,0,324.531,4.077,115.313,302.750,19.125,-0.512,0.309,0.266,-0.750,-4.008,-14.668,2.774,2.960,1.239,1.422,0,NULL,NULL,,3,0,2,7,255,938,250,0,0
stim,58564,88685,0,88685,3286004.454,-0.535,0.185,-0.356,0.744,0,0,0,0,0,0,0,0,59,1.335,1,2118,0,334.455,5.863,118.875,311.438,27.125,-0.359,0.422,0.598,-1.426,-5.688,-12.598,2.798,2.986,1.239,1.422,0,NULL,NULL,,3,0,2,7,255,938,250,0,0
stim,58564,88685,0,88685,3286009.455,-0.538,0.176,-0.345,0.748,0,0,0,0,0,0,0,0,59,1.335,1,2118,0,339.842,8.087,102.375,321.063,43.938,-0.324,0.477,0.766,-3.453,-7.313,-9.648,2.820,3.010,1.239,1.422,0,NULL,NULL,,3,0,2,7,255,938,250,0,0
stim,58564,88685,0,88685,3286014.454,-0.541,0.167,-0.335,0.753,0,0,0,0,0,0,0,0,59,1.335,1,2118,0,344.495,9.152,91.688,328.313,49.813,-0.391,0.449,0.762,-3.820,-8.316,-8.383,2.844,3.034,1.239,1.422,0,NULL,NULL,,3,0,2,7,255,938,250,0,0
stim,58564,88685,0,88685,3286019.455,-0.544,0.158,-0.324,0.758,0,0,0,0,0,0,0,0,59,1.335,1,2118,0,350.257,9.440,93.813,334.875,41.688,-0.398,0.363,0.785,-3.820,-8.633,-8.289,2.866,3.058,1.239,1.422,0,NULL,NULL,,3,0,2,7,255,938,250,0,0
stim,58564,88685,0,88685,3286024.454,-0.547,0.149,-0.313,0.762,0,0,0,0,0,0,0,0,59,1.335,1,2118,0,354.291,9.190,95.125,339.438,35.438,-0.375,0.266,0.875,-3.086,-8.656,-7.711,2.892,3.086,1.239,1.422,0,NULL,NULL,,3,0,2,7,255,938,250,0,0
stim,58595,88716,0,88716,3286029.455,-0.551,0.139,-0.302,0.766,0,0,0,0,0,0,0,0,59,1.335,1,2118,0,356.211,9.112,88.750,343.438,32.563,-0.352,0.223,0.957,-2.434,-8.781,-6.348,2.920,3.116,1.239,1.422,0,NULL,NULL,,3,0,2,7,255,938,250,0,0
stim,58595,88716,0,88716,3286034.454,-0.554,0.129,-0.291,0.769,0,0,0,0,0,0,0,0,59,1.335,1,2118,0,357.708,9.112,78.500,347.813,28.625,-0.320,0.230,0.965,-2.434,-8.781,-5.203,2.952,3.148,1.239,1.422,0,NULL,NULL,,3,0,2,7,255,938,250,0,0
stim,58595,88716,0,88716,3286039.455,-0.558,0.119,-0.280,0.772,0,0,0,0,0,0,0,0,59,1.335,1,2118,0,361.114,8.936,73.188,352.813,23.875,-0.270,0.215,0.906,-2.504,-8.578,-4.719,2.986,3.182,1.239,1.422,0,NULL,NULL,,3,0,2,7,255,938,250,0,0
stim,58595,88716,0,88716,3286044.453,-0.561,0.108,-0.268,0.775,0,0,0,0,0,0,0,0,59,1.335,1,2118,0,366.345,8.048,75.500,357.813,21.875,-0.234,0.172,0.840,-2.504,-7.648,-4.652,3.024,3.222,1.239,1.422,0,NULL,NULL,,3,0,2,7,255,938,250,0,0
stim,58595,88716,0,88716,3286049.455,-0.565,0.098,-0.257,0.778,0,0,0,0,0,0,0,0,59,1.335,1,2118,0,371.988,7.073,84.438,361.625,21.750,-0.234,0.148,0.816,-2.176,-6.730,-4.641,3.066,3.266,1.239,1.422,0,NULL,NULL,,3,0,2,7,255,938,250,0,0
stim,58595,88716,0,88716,3286054.454,-0.568,0.088,-0.244,0.781,0,0,0,0,0,0,0,5,59,1.335,1,2118,0,377.006,6.805,96.688,363.875,19.500,-0.234,0.152,0.859,-2.137,-6.461,-4.555,3.110,3.312,1.239,1.422,0,NULL,NULL,,3,0,2,7,255,938,250,0,0
stim,58640,88761,0,88761,3286059.455,-0.571,0.078,-0.232,0.783,0,0,0,0,0,0,0,9,59,1.335,1,2118,0,380.421,6.742,105.438,365.125,16.938,-0.207,0.141,0.926,-2.137,-6.395,-4.012,3.158,3.362,1.239,1.422,0,NULL,NULL,,3,0,2,7,255,938,250,0,0
stim,58640,88761,0,88761,3286064.454,-0.574,0.068,-0.219,0.786,0,0,0,0,0,0,0,9,59,1.335,1,2118,0,382.408,6.640,110.375,365.688,18.063,-0.176,0.117,0.938,-2.188,-6.270,-3.109,3.206,3.410,1.239,1.422,0,NULL,NULL,,3,0,2,7,255,938,250,0,0
stim,58640,88761,0,88761,3286069.455,-0.577,0.058,-0.206,0.788,0,0,0,0,0,0,0,6,59,1.335,1,2118,0,384.174,6.192,119.500,364.438,22.250,-0.172,0.125,0.930,-2.227,-5.777,-2.609,3.252,3.458,1.239,1.422,0,NULL,NULL,,3,0,2,7,255,938,250,0,0
stim,58640,88761,0,88761,3286074.454,-0.579,0.049,-0.192,0.791,0,0,0,0,0,0,0,9,59,1.335,1,2118,0,386.493,5.909,134.063,361.625,25.125,-0.172,0.156,0.961,-2.258,-5.461,-2.504,3.294,3.502,1.239,1.422,0,NULL,NULL,,3,0,2,7,255,938,250,0,0
stim,58640,88761,0,88761,3286079.455,-0.582,0.041,-0.178,0.793,0,0,0,0,0,0,0,6,59,1.335,1,2118,0,388.044,6.040,149.375,357.188,26.125,-0.180,0.172,1.023,-2.590,-5.457,-2.133,3.334,3.544,1.239,1.422,0,NULL,NULL,,3,0,2,7,255,938,250,0,0
stim,58640,88761,0,88761,3286084.454,-0.583,0.032,-0.163,0.795,0,0,0,0,0,0,0,8,59,1.335,1,2118,0,388.638,5.999,162.500,352.000,27.000,-0.152,0.125,1.121,-2.617,-5.398,-1.457,3.370,3.582,1.239,1.422,0,NULL,NULL,,3,0,2,7,255,938,250,0,0
stim,58640,88761,0,88761,3286089.455,-0.585,0.024,-0.149,0.797,0,0,0,0,0,0,0,9,59,1.335,1,2118,0,386.706,5.727,168.000,346.563,34.813,-0.148,0.059,1.219,-2.617,-5.094,-0.160,3.402,3.614,1.239,1.422,0,NULL,NULL,,3,0,2,7,255,938,250,0,0
stim,58640,88761,0,88761,3286094.453,-0.586,0.017,-0.134,0.799,0,0,0,0,0,0,0,7,59,1.335,1,2118,0,384.517,5.492,174.063,340.500,40.188,-0.180,0.086,1.281,-2.332,-4.973,1.051,3.430,3.646,1.239,1.422,0,NULL,NULL,,3,0,2,7,255,938,250,0,0
stim,58660,88781,0,88781,3286099.455,-0.586,0.010,-0.119,0.801,0,0,0,0,0,0,0,9,59,1.335,1,2118,0,384.774,5.492,186.063,334.375,40.313,-0.215,0.156,1.363,-2.332,-4.973,1.691,3.458,3.672,1.239,1.422,0,NULL,NULL,,3,0,2,7,255,938,250,0,0
stim,58660,88781,0,88781,3286104.454,-0.587,0.003,-0.103,0.803,0,0,0,0,0,0,0,16,59,1.335,1,2118,0,385.704,6.003,197.313,329.250,37.813,-0.234,0.168,1.523,-2.910,-5.250,2.461,3.482,3.698,1.239,1.422,0,NULL,NULL,,3,0,2,7,255,938,250,0,0
stim,58660,88781,0,88781,3286109.455,-0.587,-0.003,-0.088,0.805,0,0,0,0,0,0,0,26,59,1.335,1,2118,0,383.469,6.096,199.563,325.438,36.250,-0.238,0.156,1.695,-3.098,-5.250,4.129,3.504,3.722,1.239,1.422,0,NULL,NULL,,3,0,2,7,255,938,250,0,0
stim,58660,88781,0,88781,3286114.453,-0.588,-0.010,-0.073,0.806,0,0,0,0,0,0,0,37,59,1.335,1,2118,0,377.270,6.012,192.688,322.313,36.313,-0.266,0.156,1.813,-3.098,-5.152,5.973,3.526,3.746,1.239,1.422,0,NULL,NULL,,3,0,2,7,255,938,250,0,0
stim,58684,88805,0,88805,3286119.455,-0.588,-0.017,-0.058,0.807,0,0,0,0,0,0,0,37,59,1.335,1,2118,0,370.267,5.883,184.750,319.063,34.125,-0.297,0.148,1.891,-3.055,-5.027,7.270,3.548,3.770,1.239,1.422,0,NULL,NULL,,3,0,2,7,255,938,250,0,0
stim,58684,88805,0,88805,3286124.454,-0.588,-0.023,-0.044,0.807,0,0,0,0,0,0,0,37,59,1.335,1,2118,0,363.155,5.611,177.625,315.500,28.125,-0.313,0.125,1.945,-2.891,-4.809,8.176,3.570,3.792,1.239,1.422,0,NULL,NULL,,3,0,2,7,255,938,250,0,0
stim,58684,88805,0,88805,3286129.455,-0.588,-0.030,-0.029,0.808,0,0,0,0,0,0,0,37,59,1.335,1,2118,0,356.811,5.045,172.563,311.563,21.563,-0.293,0.086,1.973,-2.586,-4.332,8.887,3.592,3.814,1.239,1.422,0,NULL,NULL,,3,0,2,7,255,938,250,0,0
stim,58684,88805,0,88805,3286134.453,-0.589,-0.036,-0.015,0.808,0,0,0,0,0,0,0,37,59,1.335,1,2118,0,351.899,4.088,170.313,307.438,17.563,-0.270,0.043,1.984,-2.164,-3.469,9.355,3.614,3.838,1.239,1.422,0,NULL,NULL,,3,0,2,7,255,938,250,0,0
stim,58684,88805,0,88805,3286139.455,-0.589,-0.043,-0.001,0.807,0,0,0,0,0,0,0,38,59,1.335,1,2118,0,349.705,3.069,172.813,303.688,14.250,-0.246,0.008,1.988,-1.746,-2.523,9.598,3.636,3.862,1.239,1.422,0,NULL,NULL,,3,0,2,7,255,938,250,0,0
stim,58684,88805,0,88805,3286144.453,-0.589,-0.049,0.013,0.807,0,0,0,0,0,0,0,39,59,1.335,1,2118,0,350.740,2.124,180.125,300.813,9.250,-0.211,-0.070,2.004,-1.391,-1.605,9.727,3.658,3.884,1.239,1.422,0,NULL,NULL,,3,0,2,7,255,938,250,0,0
stim,58737,88858,0,88858,3286149.455,-0.589,-0.054,0.027,0.806,0,0,0,0,0,0,0,41,59,1.335,1,2118,0,354.160,0.779,190.125,298.750,5.500,-0.168,-0.180,2.020,-0.625,-0.465,9.938,3.676,3.904,1.239,1.422,0,NULL,NULL,,3,0,2,7,255,938,250,0,0
stim,58737,88858,0,88858,3286154.454,-0.590,-0.059,0.042,0.804,0,0,0,0,0,0,0,45,59,1.335,1,2118,0,358.930,0.955,201.438,297.063,2.750,-0.113,-0.234,2.035,0.391,0.871,10.117,3.694,3.922,1.239,1.422,0,NULL,NULL,,3,0,2,7,255,938,250,0,0
stim,58758,88879,0,88879,3286159.455,-0.590,-0.064,0.057,0.803,0,0,0,0,0,0,0,46,59,1.335,1,2118,0,366.325,2.337,216.750,295.313,-1.938,-0.035,-0.254,2.055,0.891,2.160,10.133,3.708,3.938,1.239,1.422,0,NULL,NULL,,3,0,2,7,255,938,250,0,0
stim,58758,88879,0,88879,3286164.454,-0.591,-0.068,0.072,0.801,0,0,0,0,0,0,0,48,59,1.335,1,2118,0,377.508,3.725,238.375,292.625,-7.750,0.086,-0.293,2.129,1.063,3.570,10.137,3.720,3.950,1.239,1.422,0,NULL,NULL,,3,0,2,7,255,938,250,0,0
stim,58758,88879,0,88879,3286169.455,-0.591,-0.072,0.089,0.798,0,0,0,0,0,0,0,52,59,1.335,1,2118,0,390.895,5.662,262.438,289.375,-13.688,0.262,-0.328,2.285,1.297,5.512,10.473,3.726,3.960,1.239,1.422,0,NULL,NULL,,3,0,2,7,255,938,250,0,0
stim,58758,88879,0,88879,3286174.454,-0.592,-0.074,0.106,0.796,0,0,0,0,0,0,0,57,59,1.335,1,2118,0,401.897,8.251,281.750,286.000,-18.500,0.473,-0.344,2.477,1.297,8.148,11.387,3.728,3.964,1.239,1.422,0,NULL,NULL,,3,0,2,7,255,938,250,0,0
stim,58758,88879,0,88879,3286179.455,-0.592,-0.077,0.123,0.793,0,0,0,0,0,0,0,57,59,1.335,1,2118,0,407.266,11.296,293.313,281.938,-18.563,0.672,-0.359,2.680,1.250,11.227,12.398,3.726,3.962,1.239,1.422,0,NULL,NULL,,3,0,2,7,255,938,250,0,0
stim,58758,88879,0,88879,3286184.453,-0.592,-0.079,0.141,0.789,0,0,0,0,0,0,0,55,59,1.335,1,2118,0,405.705,14.351,295.250,277.813,-15.625,0.855,-0.363,2.855,1.250,14.297,13.387,3.718,3.956,1.239,1.422,0,NULL,NULL,,3,0,2,7,255,938,250,0,0
stim,58758,88879,0,88879,3286189.455,-0.592,-0.081,0.158,0.786,0,0,0,0,0,0,0,55,59,1.335,1,2118,0,398.944,17.203,290.438,273.188,-13.063,1.012,-0.352,3.004,1.273,17.156,14.047,3.704,3.944,1.239,1.422,0,NULL,NULL,,3,0,2,7,255,938,250,0,0
stim,58758,88879,0,88879,3286194.454,-0.592,-0.083,0.174,0.782,0,0,0,0,0,0,0,55,59,1.335,1,2118,0,388.666,19.741,281.375,267.813,-12.875,1.137,-0.336,3.129,1.289,19.699,14.375,3.682,3.924,1.239,1.422,0,NULL,NULL,,3,0,2,7,255,938,250,0,0
stim,58758,88879,0,88879,3286199.455,-0.592,-0.085,0.190,0.779,0,0,0,0,0,0,0,53,59,1.335,1,2118,0,372.627,21.963,263.500,262.938,-16.813,1.215,-0.273,3.254,1.273,21.926,14.508,3.650,3.892,1.239,1.422,0,NULL,NULL,,3,0,2,7,255,938,250,0,0
stim,58758,88879,0,88879,3286204.454,-0.592,-0.088,0.204,0.775,0,0,0,0,0,0,0,57,59,1.335,1,2118,0,349.893,23.614,234.563,258.250,-26.688,1.320,-0.109,3.367,1.074,23.590,14.801,3.606,3.852,1.239,1.422,0,NULL,NULL,,3,0,2,7,255,938,250,0,0
stim,58758,88879,0,88879,3286209.455,-0.592,-0.092,0.217,0.771,0,0,0,0,0,0,0,54,59,1.335,1,2118,0,322.129,25.255,194.188,253.625,-41.625,1.543,0.117,3.434,-0.258,25.254,14.801,3.550,3.798,1.239,1.422,0,NULL,NULL,,3,0,2,7,255,938,250,0,0
stim,58758,88879,0,88879,3286214.454,-0.592,-0.097,0.228,0.767,0,0,0,0,0,0,0,62,59,1.335,1,2118,0,291.404,27.745,142.500,248.438,-53.750,1.898,0.113,3.340,-2.578,27.625,14.496,3.484,3.732,1.239,1.422,0,NULL,NULL,,3,0,2,7,255,938,250,0,0
stim,58782,88904,0,88904,3286219.455,-0.592,-0.104,0.237,0.763,0,0,0,0,0,0,0,71,59,1.335,1,2118,0,260.591,30.932,85.500,241.625,-47.063,2.215,-0.102,3.070,-2.578,30.824,11.559,3.406,3.656,1.239,1.422,0,NULL,NULL,,3,0,2,7,255,938,250,0,0
stim,58782,88904,0,88904,3286224.454,-0.591,-0.111,0.244,0.761,0,0,0,0,0,0,0,99,59,1.335,1,2118,0,237.446,33.173,35.000,233.063,-28.938,2.434,-0.328,2.578,-2.406,33.086,6.727,3.318,3.570,1.239,1.422,0,NULL,NULL,,3,0,2,7,255,938,250,0,0
stim,58783,88904,0,88904,3286229.455,-0.589,-0.118,0.250,0.759,0,0,0,0,0,0,0,109,59,1.335,1,2118,0,222.529,33.114,9.313,222.000,-12.188,2.609,-0.473,2.012,-1.371,33.086,0.426,3.218,3.474,1.239,1.422,0,NULL,NULL,,3,0,2,7,255,938,250,0,0
stim,58783,88904,0,88904,3286234.453,-0.587,-0.125,0.255,0.758,0,0,0,0,0,0,0,153,59,1.335,1,2118,0,209.331,32.369,12.813,208.938,-0.625,2.852,-0.559,1.504,-1.371,32.340,-6.082,3.108,3.366,1.239,1.422,0,NULL,NULL,,3,0,2,7,255,938,250,0,0
stim,58804,88925,0,88925,3286239.455,-0.585,-0.130,0.262,0.756,0,0,0,0,0,0,0,167,59,1.335,1,2118,0,198.370,32.373,35.875,194.813,10.563,3.195,-0.656,1.109,-1.461,32.340,-12.219,2.988,3.246,1.239,1.422,0,NULL,NULL,,3,0,2,7,255,938,250,0,0
stim,58804,88925,0,88925,3286244.454,-0.583,-0.134,0.269,0.755,0,0,0,0,0,0,0,175,59,1.335,1,2118,0,195.325,32.728,70.875,179.688,29.000,3.543,-0.875,0.789,-1.461,32.695,-17.906,2.856,3.116,1.239,1.422,0,NULL,NULL,,3,0,2,7,255,938,250,0,0
stim,58804,88925,0,88925,3286249.455,-0.579,-0.135,0.277,0.754,0,0,0,0,0,0,0,181,59,1.335,1,2118,0,213.658,33.985,123.938,159.938,68.625,3.789,-1.145,0.598,-1.180,33.965,-23.289,2.712,2.974,1.239,1.422,0,NULL,NULL,,3,0,2,7,255,938,250,0,0
stim,58804,88925,0,88925,3286254.453,-0.575,-0.134,0.287,0.754,0,0,0,0,0,0,0,182,59,1.335,1,2118,0,254.411,35.107,182.688,135.688,113.750,3.730,-1.617,0.688,0.270,35.105,-27.215,2.562,2.824,1.239,1.422,0,NULL,NULL,,3,0,2,7,255,938,250,0,0
stim,58843,88964,0,88964,3286259.455,-0.570,-0.131,0.298,0.754,0,0,0,0,0,0,0,183,59,1.335,1,2118,0,284.981,36.045,220.500,111.250,142.188,3.578,-1.891,0.836,4.539,35.758,-27.262,2.406,2.668,1.239,1.422,0,NULL,NULL,,3,0,2,7,255,938,250,0,0
stim,58843,88964,0,88964,3286264.454,-0.565,-0.125,0.310,0.754,0,0,0,0,0,0,0,180,59,1.335,1,2118,0,313.670,36.298,256.250,81.500,161.500,3.223,-1.660,1.156,6.238,35.758,-27.262,2.246,2.508,1.239,1.422,0,NULL,NULL,,3,0,2,7,255,938,250,0,0
stim,58843,88964,0,88964,3286269.455,-0.561,-0.118,0.321,0.754,0,0,0,0,0,0,0,181,59,1.335,1,2118,0,327.090,34.877,284.813,50.938,152.563,2.840,-1.469,1.715,6.313,34.301,-22.867,2.082,2.344,1.239,1.422,0,NULL,NULL,,3,0,2,7,255,938,250,0,0
stim,58843,88964,0,88964,3286274.454,-0.558,-0.110,0.332,0.753,0,0,0,0,0,0,0,173,59,1.335,1,2118,0,309.996,34.877,280.063,13.750,132.188,2.500,-1.621,2.414,6.313,34.301,-16.504,1.918,2.180,1.239,1.422,0,NULL,NULL,,3,0,2,7,255,938,250,0,0
stim,58843,88964,0,88964,3286279.455,-0.557,-0.102,0.339,0.751,0,0,0,0,0,0,0,177,59,1.335,1,2118,0,251.448,35.328,238.313,-16.750,78.438,1.863,-1.086,2.844,8.535,34.281,-10.414,1.754,2.014,1.239,1.422,0,NULL,NULL,,3,0,2,7,255,938,250,0,0
stim,58843,88964,0,88964,3286284.454,-0.558,-0.096,0.344,0.749,0,0,0,0,0,0,0,176,59,1.335,1,2118,0,183.048,35.790,175.438,-52.125,-3.375,1.855,-0.547,3.289,8.535,34.758,-2.313,1.590,1.848,1.239,1.422,0,NULL,NULL,,3,0,2,7,255,938,250,0,0
stim,58843,88964,0,88964,3286289.455,-0.560,-0.092,0.344,0.748,0,0,0,0,0,0,0,220,59,1.335,1,2118,0,107.243,35.127,68.250,-82.500,-6.063,2.020,-0.500,3.492,5.078,34.758,2.918,1.428,1.682,1.239,1.422,0,NULL,NULL,,3,0,2,7,255,938,250,0,0
stim,58843,88964,0,88964,3286294.453,-0.559,-0.083,0.344,0.749,159,0,0,439,0,0,0,336,59,1.335,1,2118,0,212.846,35.602,107.938,-155.938,96.625,0.867,-0.809,4.625,5.078,35.238,3.898,1.266,1.518,1.239,1.422,0,NULL,NULL,,3,0,2,7,255,938,250,0,0
stim,58864,88985,0,88985,3286299.455,-0.552,-0.060,0.349,0.755,845,0,0,1161,0,89,0,390,59,1.335,1,2118,0,563.476,37.964,308.875,-288.938,372.313,0.855,1.066,7.988,8.293,37.047,17.207,1.104,1.352,1.239,1.422,0,NULL,NULL,,3,0,2,7,255,938,250,0,0
stim,58864,88985,0,88985,3286304.454,-0.539,-0.069,0.320,0.776,1399,0,0,1595,0,373,0,479,59,1.335,1,2118,0,892.311,36.201,-790.563,-145.000,387.563,-0.879,2.031,4.715,8.293,35.238,38.898,0.942,1.184,1.239,1.422,0,NULL,NULL,,3,0,2,7,255,938,250,0,0
stim,58864,88985,0,88985,3286309.455,-0.528,-0.086,0.278,0.798,1852,0,0,1873,0,587,0,557,57,1.335,1,2119,0,1190.210,15.305,-1144.938,-193.813,261.063,-1.180,4.035,-0.230,-4.512,14.625,38.898,0.782,1.018,1.239,1.422,1,1027.000,89.000,,3,0,2,7,255,938,250,0,0
stim,58864,88985,0,88985,3286314.453,-0.522,-0.096,0.251,0.810,2125,0,0,1971,0,803,0,613,57,1.335,1,2119,0,712.104,28.576,-687.188,-132.563,131.500,-1.879,2.691,-2.461,-17.602,-22.512,6.191,0.630,0.854,1.239,1.422,1,NULL,NULL,,3,0,2,7,255,938,250,0,0
stim,58864,88985,0,88985,3286319.455,-0.523,-0.096,0.239,0.813,2313,0,0,2101,0,967,0,703,57,1.335,1,2119,0,279.547,28.576,-241.000,-141.250,-10.688,-1.449,0.422,-1.586,-17.602,-22.512,-15.570,0.490,0.690,1.239,1.422,1,NULL,NULL,,3,0,2,7,255,938,250,0,0
stim,58864,88985,0,88985,3286324.454,-0.526,-0.091,0.237,0.812,2445,0,0,2184,0,1159,0,816,57,1.335,1,2119,0,150.678,20.425,28.125,-138.313,-52.750,-0.258,-0.121,0.906,1.367,-20.379,-15.570,0.380,0.536,1.239,1.422,1,NULL,NULL,,3,0,2,7,255,938,250,0,0
stim,58914,89035,0,89035,3286329.455,-0.526,-0.087,0.234,0.813,2571,0,0,2307,0,1289,0,909,57,1.335,1,2119,0,118.554,2.839,-21.125,-114.188,23.875,0.500,1.531,1.992,1.367,2.488,-1.320,0.328,0.414,1.239,1.422,1,NULL,NULL,,3,0,2,7,255,938,250,0,0
stim,58914,89035,0,89035,3286334.454,-0.523,-0.086,0.226,0.818,2715,0,0,2542,0,1371,0,997,57,1.335,1,2119,0,225.962,14.443,-166.438,-113.250,102.625,0.047,2.184,2.172,-14.227,2.488,9.453,0.340,0.354,1.239,1.422,2,NULL,NULL,,3,0,2,7,255,938,250,0,0
stim,58914,89035,0,89035,3286339.455,-0.517,-0.087,0.211,0.825,2827,0,0,2696,0,1379,0,1069,57,1.335,1,2119,0,391.989,14.371,-334.125,-134.563,154.625,-1.637,0.113,1.199,-14.227,2.035,9.453,0.380,0.360,1.239,1.422,2,NULL,NULL,,3,0,2,7,255,938,250,0,0
stim,58914,89035,0,89035,3286344.453,-0.514,-0.090,0.193,0.831,2909,0,0,2800,0,1399,0,1183,57,1.335,1,2119,0,452.392,10.861,-410.438,-170.125,85.188,-2.078,-1.520,-0.066,6.691,-8.555,6.887,0.416,0.404,1.239,1.422,2,NULL,NULL,,3,0,2,7,255,938,250,0,0
stim,58914,89035,0,89035,3286349.455,-0.519,-0.090,0.180,0.831,2953,0,0,2895,0,1419,0,1309,57,1.335,1,2119,0,316.111,21.142,-237.375,-164.813,-128.125,-1.531,-1.426,-0.629,19.063,-9.145,-6.297,0.446,0.448,1.239,1.422,2,NULL,NULL,,3,0,2,7,255,938,250,0,0
stim,58914,89035,0,89035,3286354.454,-0.526,-0.086,0.174,0.828,2995,0,0,2964,0,1445,0,1429,57,1.335,1,2119,0,261.617,21.142,-43.938,-175.813,-188.688,-0.102,-0.586,0.121,19.063,-9.145,-9.359,0.472,0.480,1.239,1.422,2,NULL,NULL,,3,0,2,7,255,938,250,0,0
stim,58938,89059,0,89059,3286359.455,-0.533,-0.080,0.171,0.825,3016,0,0,3017,0,1476,0,1477,57,1.335,1,2119,0,224.374,5.816,42.313,-162.563,-148.750,0.746,-0.621,1.523,5.523,1.820,-9.359,0.496,0.506,1.239,1.422,2,NULL,NULL,,3,0,2,7,255,938,250,0,0
stim,58938,89059,0,89059,3286364.454,-0.536,-0.076,0.166,0.824,3038,0,0,3063,0,1509,0,1497,57,1.335,1,2119,0,158.344,14.776,-34.125,-140.813,-63.875,1.109,-1.039,2.078,5.164,13.844,0.801,0.496,0.522,1.239,1.422,2,NULL,NULL,,3,0,2,7,255,938,250,0,0
stim,58938,89059,0,89059,3286369.455,-0.535,-0.074,0.158,0.827,3064,0,0,3107,0,1607,0,1511,57,1.335,1,2119,0,207.402,20.584,-151.125,-134.688,45.125,1.066,-1.383,1.773,5.164,19.926,1.480,0.468,0.524,1.239,1.422,2,NULL,NULL,,3,0,2,7,255,938,250,0,0
stim,58938,89059,0,89059,3286374.454,-0.529,-0.074,0.148,0.832,3076,0,0,3123,0,1723,0,1527,57,1.335,1,2119,0,278.603,21.529,-203.625,-117.500,149.500,0.547,-1.355,0.930,8.152,19.926,1.480,0.434,0.522,1.239,1.422,2,NULL,NULL,,3,0,2,7,255,938,250,0,0
stim,58938,89059,0,89059,3286379.455,-0.522,-0.073,0.141,0.838,3081,0,0,3143,0,1835,0,1575,57,1.335,1,2119,0,274.633,15.768,-158.250,-114.063,193.313,-0.258,-0.938,0.324,9.250,12.770,-4.520,0.402,0.510,1.239,1.422,2,NULL,NULL,,3,0,2,7,255,938,250,0,0
stim,58938,89059,0,89059,3286384.454,-0.517,-0.069,0.136,0.842,3095,0,0,3159,0,1959,12,1625,57,1.335,1,2119,0,215.369,9.618,-73.313,-124.375,159.813,-0.805,-0.285,0.391,9.250,2.637,-4.520,0.366,0.478,1.239,1.422,2,NULL,NULL,,3,0,2,7,255,938,250,0,0
stim,58938,89059,1,89059,3286389.455,-0.515,-0.064,0.133,0.845,3103,0,0,3167,0,2041,24,1686,57,1.335,1,2119,0,148.353,7.439,-15.688,-126.625,75.688,-0.789,0.219,0.883,5.965,-4.445,-4.465,0.326,0.424,1.239,1.422,2,NULL,NULL,,3,1,2,7,255,938,250,0,0
stim,58938,89059,1,89059,3286394.453,-0.515,-0.060,0.129,0.845,3098,0,0,3177,53,2171,59,1803,57,1.335,1,2119,0,128.970,4.725,-18.938,-127.000,12.063,-0.457,0.336,1.289,1.602,-4.445,0.664,0.290,0.356,1.239,1.422,2,NULL,NULL,,3,1,2,7,255,938,250,0,0
stim,58964,89085,1,89085,3286399.455,-0.515,-0.057,0.124,0.846,3092,0,0,3166,312,2251,147,1927,57,1.335,1,2119,0,142.115,2.009,-68.625,-124.313,-5.813,-0.109,0.098,1.422,-0.383,-1.973,3.816,0.264,0.288,1.239,1.422,2,NULL,NULL,,3,1,2,7,255,938,250,0,0
stim,58964,89085,1,89085,3286404.454,-0.516,-0.055,0.119,0.847,3098,0,0,3177,535,2295,214,2060,57,1.335,1,2119,0,132.379,2.171,-84.500,-101.563,-8.313,0.191,-0.211,1.688,-0.383,2.137,4.039,0.246,0.238,1.239,1.422,2,NULL,NULL,,3,1,2,7,255,938,250,0,0
stim,58964,89085,1,89085,3286409.455,-0.518,-0.055,0.114,0.846,3099,0,0,3181,850,2346,183,2137,57,1.335,1,2119,0,108.715,6.553,-81.000,-54.625,-47.688,0.387,-0.273,1.402,0.527,6.531,4.039,0.230,0.210,1.239,1.422,2,NULL,NULL,,3,1,2,7,255,938,250,0,0
stim,58964,89085,1,89085,3286414.453,-0.519,-0.054,0.111,0.846,3098,0,0,3183,1005,2375,197,2199,57,1.335,1,2119,0,81.302,6.553,-54.000,-53.000,-29.750,0.688,0.277,0.844,0.527,6.531,2.453,0.216,0.202,1.239,1.422,2,NULL,NULL,,3,1,2,7,255,938,250,0,0
stim,58984,89105,1,89105,3286419.455,-0.519,-0.053,0.110,0.846,3097,0,0,3183,1160,2403,229,2253,57,1.335,1,2119,0,36.391,8.264,8.063,-35.375,2.813,0.426,0.359,1.145,-5.152,6.461,0.617,0.206,0.198,1.239,1.422,2,NULL,NULL,,3,1,2,7,255,938,250,0,0
stim,58984,89105,1,89105,3286424.454,-0.518,-0.053,0.108,0.847,3103,12,0,3183,1247,2421,247,2303,57,1.335,1,2119,0,48.955,6.869,-36.625,-23.188,22.750,-0.203,-0.195,1.492,-5.152,4.543,0.617,0.204,0.190,1.239,1.422,2,NULL,NULL,,3,1,2,7,255,938,250,0,0
stim,58984,89105,1,89105,3286429.455,-0.518,-0.054,0.104,0.847,3098,28,0,3183,1325,2439,245,2343,57,1.335,1,2119,0,94.709,3.404,-91.125,-20.250,-16.000,-0.500,-0.113,1.094,2.461,2.352,1.543,0.212,0.176,1.239,1.422,2,NULL,NULL,,3,1,2,7,255,938,250,0,0
stim,58984,89105,1,89105,3286434.454,-0.521,-0.055,0.102,0.846,3099,37,0,3183,1435,2453,238,2379,57,1.335,1,2119,0,96.784,2.852,-58.125,-14.250,-76.063,-0.238,0.234,0.730,2.461,-1.441,1.543,0.228,0.154,1.239,1.422,2,NULL,NULL,,3,1,2,7,255,938,250,0,0
stim,58984,89105,1,89105,3286439.455,-0.524,-0.055,0.101,0.844,3101,57,0,3207,1525,2467,245,2419,57,1.335,1,2119,0,85.105,1.863,-13.750,-16.375,-82.375,0.172,0.156,0.941,-1.180,-1.441,-0.992,0.252,0.130,1.239,1.422,2,NULL,NULL,,3,1,2,7,255,938,250,0,0
stim,58984,89105,1,89105,3286444.453,-0.525,-0.055,0.099,0.843,3099,88,0,3187,1573,2479,252,2428,57,1.335,1,2119,0,43.463,2.960,-26.250,-13.563,-31.875,0.234,-0.133,1.164,-1.180,2.715,-0.992,0.274,0.106,1.239,1.422,2,NULL,NULL,,3,1,2,7,255,938,250,0,0
stim,59037,89158,1,89158,3286449.455,-0.525,-0.056,0.097,0.844,3101,107,0,3189,1611,2493,271,2456,57,1.335,1,2119,0,56.509,2.718,-55.375,-9.063,6.688,-0.074,-0.176,1.047,-0.133,2.715,0.223,0.292,0.088,1.239,1.422,2,NULL,NULL,,3,1,2,7,255,938,250,0,0
stim,59037,89158,1,89158,3286454.454,-0.525,-0.057,0.095,0.844,3101,119,0,3187,1670,2505,270,2473,57,1.335,1,2119,0,51.773,2.271,-50.250,-7.688,-9.813,-0.289,0.059,0.859,0.430,2.230,0.223,0.302,0.076,1.239,1.422,2,NULL,NULL,,3,1,2,7,255,938,250,0,0
stim,59037,89158,1,89158,3286459.455,-0.527,-0.058,0.094,0.843,3103,133,0,3191,1720,2513,270,2487,57,1.335,1,2119,0,49.333,0.878,-21.563,-6.188,-43.938,-0.227,0.133,0.891,0.430,-0.766,-0.766,0.312,0.066,1.239,1.422,2,NULL,NULL,,3,1,2,7,255,938,250,0,0
stim,59037,89158,1,89158,3286464.454,-0.529,-0.057,0.094,0.842,3101,143,0,3191,1752,2521,267,2495,57,1.335,1,2119,0,57.787,0.912,-9.438,-6.063,-56.688,-0.016,0.074,1.082,-0.496,-0.766,-0.766,0.318,0.058,1.239,1.422,2,NULL,NULL,,3,1,2,7,255,938,250,0,0
stim,59037,89158,1,89158,3286469.455,-0.530,-0.058,0.092,0.841,3103,164,12,3189,1772,2525,267,2502,57,1.335,1,2119,0,43.309,1.767,-19.500,-1.875,-38.625,0.051,-0.004,1.113,-0.582,1.668,0.629,0.326,0.052,1.239,1.422,2,NULL,NULL,,3,1,2,7,255,938,250,0,0
stim,59037,89158,1,89158,3286474.454,-0.531,-0.058,0.091,0.840,3104,181,44,3191,1792,2531,268,2506,57,1.335,1,2119,0,37.339,2.249,-29.750,0.188,-22.563,0.027,0.059,1.063,-0.957,2.035,0.629,0.336,0.044,1.239,1.422,2,NULL,NULL,,3,1,2,7,255,938,250,0,0
stim,59037,89158,1,89158,3286479.455,-0.531,-0.059,0.090,0.840,3107,183,62,3191,1821,2533,265,2507,57,1.335,1,2119,0,30.178,2.117,-28.938,0.063,-8.563,-0.023,-0.070,0.945,-0.582,2.035,0.348,0.342,0.036,1.239,1.422,2,NULL,NULL,,3,1,2,7,255,938,250,0,0
stim,59037,89158,1,89158,3286484.453,-0.531,-0.059,0.089,0.840,3103,199,99,3191,1837,2534,246,2509,57,1.335,1,2119,0,17.328,1.904,-16.625,1.375,-4.688,-0.105,-0.125,0.918,0.332,1.875,-0.734,0.348,0.032,1.239,1.422,2,NULL,NULL,,3,1,2,7,255,938,250,0,0
stim,59059,89180,1,89180,3286489.455,-0.532,-0.060,0.089,0.840,3110,205,117,3189,1851,2527,239,2505,57,1.335,1,2119,0,6.276,1.388,-5.563,-0.938,-2.750,-0.125,-0.020,0.988,0.332,1.348,-0.734,0.354,0.028,1.239,1.422,2,NULL,NULL,,3,1,2,7,255,938,250,0,0
stim,59059,89180,1,89180,3286494.453,-0.532,-0.059,0.088,0.840,3107,211,127,3183,1863,2532,237,2507,57,1.335,1,2119,0,3.415,0.919,-1.625,-0.625,-2.938,-0.152,0.051,1.039,0.254,0.883,-0.098,0.360,0.022,1.239,1.422,2,NULL,NULL,,3,1,2,7,255,938,250,0,0
stim,59059,89180,1,89180,3286499.455,-0.532,-0.060,0.088,0.840,3096,200,179,3179,1865,2534,233,2495,57,1.303,1,2119,1,8.145,0.523,-3.875,0.750,-7.125,-0.156,0.070,1.055,-0.246,0.461,0.484,0.000,0.000,1.219,1.388,2,NULL,NULL,,3,1,2,7,255,938,250,0,0
stim,59059,89180,1,89180,3286504.455,-0.532,-0.060,0.088,0.840,3096,199,211,3175,1875,2531,219,2508,57,1.303,1,2119,1,9.092,0.622,-5.875,-0.125,-6.938,-0.121,0.066,1.051,-0.418,0.461,0.535,0.006,0.006,1.219,1.388,2,NULL,NULL,,3,1,2,7,255,938,250,0,0
stim,59059,89180,1,89180,3286509.454,-0.532,-0.060,0.088,0.840,3093,181,222,3177,1877,2531,211,2503,57,1.303,1,2119,1,6.428,0.758,-5.875,-1.875,-1.813,-0.125,0.047,1.020,-0.418,0.633,0.535,0.010,0.008,1.219,1.388,2,NULL,NULL,,3,1,2,7,255,938,250,0,0
stim,59059,89180,1,89180,3286514.455,-0.532,-0.060,0.087,0.840,3087,171,233,3175,1877,2525,207,2523,57,1.303,1,2119,1,4.718,0.720,-3.938,-2.313,1.188,-0.164,0.020,0.977,-0.344,0.633,0.242,0.014,0.010,1.219,1.388,2,NULL,NULL,,3,1,2,7,255,938,250,0,0
stim,59081,89202,1,89202,3286519.454,-0.532,-0.060,0.087,0.840,3087,170,245,3165,1879,2520,200,2513,57,1.303,1,2119,1,3.155,0.343,-0.625,-3.000,0.750,-0.184,0.004,0.965,0.070,0.336,-0.109,0.018,0.010,1.219,1.388,2,NULL,NULL,,3,1,2,7,255,938,250,0,0
stim,59081,89202,1,89202,3286524.455,-0.532,-0.059,0.087,0.840,3068,165,253,3156,1882,2519,204,2509,57,1.303,1,2119,1,5.699,0.256,2.813,-4.938,0.438,-0.180,0.020,0.980,0.145,0.211,-0.109,0.020,0.010,1.219,1.388,2,NULL,NULL,,3,1,2,7,255,938,250,0,0
stim,59081,89202,1,89202,3286529.454,-0.532,-0.059,0.087,0.840,3081,155,269,3151,1892,2517,211,2513,57,1.303,1,2119,1,8.494,0.252,4.375,-7.125,1.500,-0.176,0.047,1.000,0.145,0.207,-0.059,0.022,0.010,1.219,1.388,2,NULL,NULL,,3,1,2,7,255,938,250,0,0
stim,59081,89202,1,89202,3286534.455,-0.532,-0.058,0.087,0.840,3053,147,281,3141,1899,2515,219,2517,57,1.303,1,2119,1,9.310,0.177,3.688,-8.438,1.375,-0.180,0.070,1.012,-0.117,0.133,0.152,0.024,0.010,1.219,1.388,2,NULL,NULL,,3,1,2,7,255,938,250,0,0
stim,59103,89224,1,89224,3286539.454,-0.532,-0.058,0.087,0.840,3043,142,288,3133,1909,2509,228,2519,57,1.303,1,2119,1,9.226,0.323,2.625,-8.813,-0.750,-0.164,0.082,1.004,-0.309,0.094,0.172,0.026,0.010,1.219,1.388,2,NULL,NULL,,3,1,2,7,255,938,250,0,0
stim,59103,89224,1,89224,3286544.455,-0.532,-0.058,0.087,0.840,3034,139,297,3117,1911,2496,238,2527,57,1.303,1,2119,1,9.419,0.459,2.813,-8.750,-2.063,-0.141,0.074,0.996,-0.449,0.094,0.172,0.028,0.010,1.219,1.388,2,NULL,NULL,,3,1,2,7,255,938,250,0,0
stim,59142,89263,1,89263,3286549.454,-0.532,-0.057,0.087,0.840,3017,138,315,3108,1928,2495,267,2525,57,1.303,1,2119,1,9.598,0.545,3.250,-9.000,-0.750,-0.133,0.066,0.992,-0.449,0.309,0.063,0.030,0.010,1.219,1.388,2,NULL,NULL,,3,1,2,7,255,938,250,0,0
stim,59142,89263,1,89263,3286554.455,-0.532,-0.057,0.087,0.840,3000,137,345,3095,1946,2491,279,2529,57,1.303,1,2119,1,10.241,0.529,3.313,-9.625,1.125,-0.160,0.078,0.992,-0.430,0.309,0.043,0.032,0.010,1.219,1.388,2,NULL,NULL,,3,1,2,7,255,938,250,0,0
stim,59142,89263,1,89263,3286559.454,-0.532,-0.056,0.087,0.840,2992,133,373,3087,1963,2488,287,2536,57,1.303,1,2119,1,11.020,0.444,3.688,-10.375,-0.438,-0.191,0.105,0.992,-0.430,0.113,0.043,0.034,0.010,1.219,1.388,2,NULL,NULL,,3,1,2,7,255,938,250,0,0
stim,59142,89263,1,89263,3286564.455,-0.533,-0.056,0.087,0.840,2973,133,393,3069,1983,2485,298,2541,57,1.303,1,2119,1,12.875,0.598,3.500,-10.875,-5.938,-0.191,0.113,1.000,-0.527,-0.281,0.152,0.034,0.010,1.219,1.388,2,NULL,NULL,,3,1,2,7,255,938,250,0,0
stim,59142,89263,1,89263,3286569.454,-0.533,-0.055,0.086,0.840,2959,133,439,3053,1999,2484,325,2549,57,1.303,1,2119,1,15.153,0.661,2.563,-11.313,-9.750,-0.152,0.102,1.004,-0.598,-0.281,0.160,0.036,0.012,1.219,1.388,2,NULL,NULL,,3,1,2,7,255,938,250,0,0
stim,59142,89263,1,89263,3286574.455,-0.533,-0.055,0.086,0.840,2941,135,499,3043,2014,2477,339,2553,57,1.303,1,2119,1,14.770,0.642,2.063,-11.625,-8.875,-0.117,0.086,0.996,-0.637,0.082,0.160,0.040,0.012,1.219,1.388,2,NULL,NULL,,3,1,2,7,255,938,250,0,0
stim,59143,89264,1,89264,3286579.454,-0.534,-0.054,0.086,0.840,2919,138,557,3023,2038,2476,372,2571,57,1.303,1,2119,1,13.133,0.762,1.688,-12.000,-5.063,-0.117,0.078,0.988,-0.637,0.418,0.047,0.042,0.012,1.219,1.388,2,NULL,NULL,,3,1,2,7,255,938,250,0,0
stim,59143,89264,1,89264,3286584.455,-0.534,-0.053,0.086,0.840,2900,138,631,3007,2071,2477,422,2581,57,1.303,1,2119,1,13.405,0.707,2.375,-13.000,-2.250,-0.152,0.082,0.980,-0.570,0.418,-0.039,0.044,0.014,1.219,1.388,2,NULL,NULL,,3,1,2,7,255,938,250,0,0
stim,59145,89266,1,89266,3286589.454,-0.534,-0.053,0.086,0.840,2872,155,680,2990,2104,2477,445,2589,57,1.303,1,2119,1,15.452,0.575,4.688,-14.188,-3.938,-0.199,0.129,0.992,-0.570,0.070,-0.039,0.048,0.016,1.219,1.388,2,NULL,NULL,,3,1,2,7,255,938,250,0,0
stim,59145,89266,1,89266,3286594.455,-0.534,-0.052,0.086,0.839,2848,159,749,2963,2155,2477,473,2609,57,1.303,1,2119,1,19.738,0.827,7.250,-15.188,-10.313,-0.199,0.223,1.016,-0.668,-0.488,0.176,0.050,0.018,1.219,1.388,2,NULL,NULL,,3,1,2,7,255,938,250,0,0
stim,59145,89266,1,89266,3286599.454,-0.535,-0.051,0.086,0.839,2827,172,798,2954,2203,2475,529,2618,57,1.303,1,2119,1,22.926,1.573,6.563,-15.750,-15.313,-0.168,0.234,1.051,-1.461,-0.582,0.449,0.054,0.022,1.219,1.388,2,NULL,NULL,,3,1,2,7,255,938,250,0,0
stim,59145,89266,1,89266,3286604.455,-0.536,-0.051,0.085,0.839,2795,199,907,2933,2239,2477,619,2639,57,1.303,1,2119,1,23.329,1.631,0.875,-15.750,-17.188,-0.152,0.207,1.059,-1.523,-0.582,0.738,0.056,0.026,1.219,1.388,2,NULL,NULL,,3,1,2,7,255,938,250,0,0
stim,59171,89292,1,89292,3286609.454,-0.536,-0.050,0.085,0.838,2763,209,982,2910,2293,2479,731,2647,57,1.303,1,2119,1,25.410,1.554,-5.125,-15.063,-19.813,-0.148,0.180,1.035,-1.523,-0.309,0.738,0.060,0.030,1.219,1.388,2,NULL,NULL,,3,1,2,7,255,938,250,0,0
stim,59171,89292,1,89292,3286614.455,-0.537,-0.050,0.084,0.838,2733,239,1083,2891,2330,2479,861,2659,57,1.303,1,2119,1,30.475,1.299,-8.938,-14.750,-25.125,-0.160,0.152,1.020,-1.273,-0.258,0.508,0.064,0.034,1.219,1.388,2,NULL,NULL,,3,1,2,7,255,938,250,0,0
stim,59171,89292,1,89292,3286619.454,-0.538,-0.049,0.083,0.837,2707,239,1195,2875,2367,2485,949,2668,57,1.303,1,2119,1,37.487,1.027,-13.313,-14.563,-31.875,-0.168,0.117,1.020,-1.000,-0.234,0.367,0.068,0.038,1.219,1.388,2,NULL,NULL,,3,1,2,7,255,938,250,0,0
stim,59171,89292,1,89292,3286624.455,-0.540,-0.049,0.082,0.836,2651,251,1269,2856,2409,2487,1086,2680,57,1.303,1,2119,1,45.187,0.715,-18.063,-14.125,-38.938,-0.156,0.094,1.027,-0.688,-0.195,0.367,0.070,0.040,1.219,1.388,2,NULL,NULL,,3,1,2,7,255,938,250,0,0
stim,59200,89321,1,89321,3286629.454,-0.541,-0.050,0.081,0.835,2607,264,1417,2839,2450,2489,1210,2695,57,1.303,1,2119,1,50.375,0.532,-22.750,-13.875,-42.750,-0.133,0.066,1.004,-0.531,-0.023,0.363,0.072,0.042,1.219,1.388,2,NULL,NULL,,3,1,2,7,255,938,250,0,0
stim,59200,89321,1,89321,3286634.455,-0.543,-0.050,0.079,0.835,2547,280,1553,2822,2486,2492,1297,2707,57,1.303,1,2119,1,51.042,0.457,-26.500,-14.375,-41.188,-0.133,0.035,0.980,-0.395,0.230,0.145,0.076,0.044,1.219,1.388,2,NULL,NULL,,3,1,2,7,255,938,250,0,0
stim,59200,89321,0,89321,3286639.454,-0.544,-0.050,0.078,0.834,2491,303,1689,2795,2520,2503,1432,2726,57,1.303,1,2119,1,52.425,0.266,-28.500,-14.625,-41.500,-0.156,0.020,0.980,-0.133,0.230,-0.090,0.076,0.044,1.219,1.388,2,NULL,NULL,,3,0,2,7,255,938,250,0,0
stim,59200,89321,0,89321,3286644.455,-0.546,-0.050,0.076,0.833,2443,317,1819,2778,2567,2501,1513,2735,57,1.303,1,2119,1,55.788,0.154,-30.063,-16.000,-44.188,-0.195,-0.008,0.992,0.090,0.125,-0.090,0.078,0.044,1.219,1.388,2,NULL,NULL,,3,0,2,7,255,938,250,0,0
stim,59200,89321,0,89321,3286649.454,-0.548,-0.051,0.074,0.832,2391,319,1933,2761,2611,2504,1629,2761,57,1.303,1,2119,1,63.315,0.392,-34.500,-17.313,-50.188,-0.191,-0.008,1.043,0.391,-0.031,0.102,0.078,0.044,1.219,1.388,2,NULL,NULL,,3,0,2,7,255,938,250,0,0
stim,59200,89321,0,89321,3286654.455,-0.550,-0.051,0.072,0.831,2319,345,2041,2727,2645,2513,1736,2776,57,1.303,1,2119,1,73.320,0.392,-45.688,-19.125,-54.063,-0.109,-0.031,1.078,0.391,-0.031,0.570,0.078,0.044,1.219,1.388,2,NULL,NULL,,3,0,2,7,255,938,250,0,0
stim,59242,89363,0,89363,3286659.454,-0.551,-0.052,0.069,0.830,2231,355,2146,2693,2679,2515,1831,2793,57,1.303,1,2119,1,82.727,0.923,-64.938,-18.625,-47.750,-0.098,-0.074,1.074,0.391,0.836,0.703,0.078,0.046,1.219,1.388,2,NULL,NULL,,3,0,2,7,255,938,250,0,0
stim,59242,89363,0,89363,3286664.455,-0.553,-0.053,0.066,0.829,2158,362,2264,2659,2711,2507,1935,2798,57,1.303,1,2119,1,88.548,0.986,-71.875,-19.563,-47.875,-0.180,-0.043,0.922,0.523,0.836,0.703,0.080,0.046,1.219,1.388,2,NULL,NULL,,3,0,2,7,255,938,250,0,0
stim,59242,89363,0,89363,3286669.454,-0.555,-0.054,0.063,0.828,2073,374,2340,2601,2728,2510,2027,2809,57,1.303,1,2119,0,82.257,0.562,-55.375,-21.063,-57.063,-0.215,-0.027,0.809,0.555,-0.090,-0.609,0.078,0.046,1.219,1.388,2,NULL,NULL,,3,0,2,7,255,938,250,0,0
stim,59242,89363,0,89363,3286674.455,-0.557,-0.054,0.061,0.826,1951,383,2443,2565,2756,2523,2111,2835,57,1.303,1,2119,0,82.164,0.586,-34.313,-24.563,-70.500,-0.195,-0.078,0.906,0.555,-0.188,-0.734,0.074,0.046,1.219,1.388,2,NULL,NULL,,3,0,2,7,255,938,250,0,0
stim,59242,89363,0,89363,3286679.454,-0.560,-0.054,0.059,0.825,1853,382,2515,2495,2771,2523,2199,2841,57,1.303,1,2119,0,79.110,0.899,-32.125,-26.688,-67.188,-0.039,-0.176,1.051,0.879,-0.188,-0.734,0.072,0.044,1.219,1.388,2,NULL,NULL,,3,0,2,7,255,938,250,0,0
stim,59242,89363,0,89363,3286684.455,-0.561,-0.054,0.056,0.824,1701,381,2579,2415,2804,2523,2265,2869,57,1.303,1,2119,0,66.896,1.923,-42.875,-27.875,-43.125,-0.020,-0.117,1.082,0.879,1.711,0.414,0.072,0.042,1.219,1.388,2,NULL,NULL,,3,0,2,7,255,938,250,0,0
stim,59242,89363,0,89363,3286689.454,-0.562,-0.054,0.053,0.823,1541,367,2611,2303,2824,2511,2329,2868,57,1.303,1,2119,0,65.937,1.771,-51.375,-28.563,-29.875,-0.117,0.008,1.055,0.457,1.711,0.570,0.072,0.038,1.219,1.388,2,NULL,NULL,,3,0,2,7,255,938,250,0,0
stim,59242,89363,0,89363,3286694.455,-0.563,-0.055,0.051,0.823,1337,331,2669,2217,2845,2520,2408,2887,57,1.303,1,2119,0,65.525,0.470,-49.438,-29.938,-30.875,-0.184,0.070,1.000,-0.367,0.293,0.570,0.074,0.038,1.219,1.388,2,NULL,NULL,,3,0,2,7,255,938,250,0,0
stim,59264,89385,0,89385,3286699.454,-0.565,-0.054,0.048,0.822,1151,304,2703,2105,2869,2509,2462,2905,57,1.303,1,2119,0,68.153,0.956,-42.875,-32.125,-42.125,-0.180,0.082,0.992,-0.703,-0.648,0.156,0.074,0.038,1.219,1.388,2,NULL,NULL,,3,0,2,7,255,938,250,0,0
stim,59264,89385,0,89385,3286704.455,-0.566,-0.054,0.046,0.821,979,252,2747,1958,2899,2514,2509,2907,57,1.303,1,2119,0,67.950,0.956,-32.188,-33.813,-49.375,-0.094,-0.004,0.984,-0.703,-0.648,0.063,0.076,0.038,1.219,1.388,2,NULL,NULL,,3,0,2,7,255,938,250,0,0
stim,59264,89385,0,89385,3286709.454,-0.568,-0.053,0.044,0.820,741,231,2775,1695,2907,2494,2571,2911,57,1.303,1,2119,0,57.016,0.507,-26.250,-36.563,-35.000,-0.043,-0.102,1.059,-0.383,0.332,0.063,0.078,0.038,1.219,1.388,2,NULL,NULL,,3,0,2,7,255,938,250,0,0
stim,59264,89385,0,89385,3286714.455,-0.569,-0.053,0.042,0.820,517,200,2821,1448,2927,2499,2616,2931,57,1.303,1,2119,0,55.384,0.379,-31.125,-37.500,-26.313,-0.109,-0.051,1.098,0.000,0.379,0.555,0.080,0.040,1.219,1.388,2,NULL,NULL,,3,0,2,7,255,938,250,0,0
stim,59284,89405,0,89405,3286719.454,-0.569,-0.052,0.040,0.819,339,170,2848,1183,2943,2475,2655,2940,57,1.303,1,2119,0,57.986,0.393,-35.125,-39.250,-24.250,-0.105,-0.063,1.059,0.105,0.379,0.629,0.082,0.040,1.219,1.388,2,NULL,NULL,,3,0,2,7,255,938,250,0,0
stim,59284,89405,0,89405,3286724.455,-0.570,-0.052,0.037,0.819,149,79,2875,923,2963,2464,2693,2953,57,1.303,1,2119,0,59.475,0.371,-33.938,-43.188,-22.813,-0.125,-0.020,1.047,0.000,0.371,0.629,0.086,0.042,1.219,1.388,2,NULL,NULL,,3,0,2,7,255,938,250,0,0
stim,59284,89405,0,89405,3286729.454,-0.571,-0.050,0.035,0.819,37,50,2903,663,2973,2449,2719,2962,57,1.303,1,2119,0,57.766,0.227,-25.063,-46.750,-22.875,-0.109,0.039,1.043,-0.227,0.012,0.531,0.088,0.042,1.219,1.388,2,NULL,NULL,,3,0,2,7,255,938,250,0,0
stim,59284,89405,0,89405,3286734.455,-0.572,-0.049,0.033,0.818,11,24,2923,425,2985,2427,2745,2969,57,1.303,1,2119,0,63.150,0.824,-23.375,-48.375,-33.188,-0.094,0.105,1.059,-0.816,-0.113,0.531,0.090,0.044,1.219,1.388,2,NULL,NULL,,3,0,2,7,255,938,250,0,0
stim,59284,89405,0,89405,3286739.454,-0.573,-0.048,0.031,0.817,0,0,2927,309,3005,2397,2785,2973,57,1.303,1,2119,0,64.960,1.504,-15.875,-50.000,-38.313,0.000,0.160,1.016,-1.500,-0.113,0.449,0.094,0.044,1.219,1.388,2,NULL,NULL,,3,0,2,7,255,938,250,0,0
stim,59284,89405,0,89405,3286744.455,-0.575,-0.045,0.030,0.817,0,0,2951,238,3015,2373,2811,2981,57,1.303,1,2119,0,64.196,1.515,3.438,-55.438,-32.188,-0.125,0.059,1.059,-1.500,-0.215,0.566,0.098,0.046,1.219,1.388,2,NULL,NULL,,3,0,2,7,255,938,250,0,0
stim,59337,89458,0,89458,3286749.454,-0.575,-0.042,0.030,0.817,0,0,2956,183,3020,2341,2847,2995,57,1.303,1,2119,0,87.140,1.043,52.813,-69.313,-0.250,-0.410,-0.078,1.418,-0.945,-0.441,0.594,0.100,0.050,1.219,1.388,2,NULL,NULL,,3,0,2,7,255,938,250,0,0
stim,59337,89458,0,89458,3286754.455,-0.575,-0.037,0.032,0.817,0,0,2963,153,3037,2307,2857,2985,57,1.303,1,2119,0,122.380,2.601,87.813,-84.875,7.875,-0.641,-0.105,2.039,1.094,-2.359,4.449,0.100,0.054,1.219,1.388,2,NULL,NULL,,3,0,2,7,255,938,250,0,0
stim,59337,89458,0,89458,3286759.454,-0.575,-0.033,0.029,0.817,0,0,2973,75,3052,2260,2878,2987,57,1.303,1,2119,0,93.117,2.601,0.563,-92.875,-6.688,-0.313,0.102,2.004,1.094,-2.359,10.023,0.096,0.060,1.219,1.388,2,NULL,NULL,,3,0,2,7,255,938,250,0,0
stim,59337,89458,0,89458,3286764.455,-0.576,-0.033,0.023,0.817,0,0,2983,47,3055,2204,2902,2995,57,1.303,1,2119,0,136.275,1.905,-101.563,-85.875,-29.688,-0.082,0.008,1.414,-0.664,-1.785,10.023,0.092,0.066,1.219,1.388,3,NULL,NULL,,3,0,2,7,255,938,250,0,0
stim,59337,89458,0,89458,3286769.454,-0.575,-0.031,0.018,0.817,0,0,2985,6,3053,2131,2921,2987,57,1.303,1,2119,0,125.206,0.984,-78.750,-96.688,11.250,-0.086,0.051,1.070,-0.895,-0.410,4.070,0.086,0.072,1.219,1.388,3,NULL,NULL,,3,0,2,7,255,938,250,0,0
stim,59337,89458,0,89458,3286774.455,-0.574,-0.028,0.015,0.818,0,0,2985,0,3063,2019,2936,2991,57,1.303,1,2119,0,116.294,0.984,-26.313,-107.000,37.188,-0.215,0.141,1.023,-0.895,-0.410,0.680,0.082,0.078,1.219,1.388,3,NULL,NULL,,3,0,2,7,255,938,250,0,0
stim,59337,89458,0,89458,3286779.454,-0.573,-0.024,0.013,0.819,0,0,2998,0,3081,1895,2941,2987,57,1.303,1,2119,0,116.812,2.216,1.375,-114.000,25.438,-0.352,0.105,1.176,-0.895,-2.027,0.680,0.080,0.086,1.219,1.388,3,NULL,NULL,,3,0,2,7,255,938,250,0,0
stim,59337,89458,0,89458,3286784.455,-0.573,-0.020,0.010,0.820,0,0,2995,0,3087,1769,2965,2985,57,1.303,1,2119,0,120.527,3.022,3.438,-120.313,6.313,-0.379,-0.055,1.387,-0.523,-2.977,1.832,0.080,0.094,1.219,1.388,3,NULL,NULL,,3,0,2,7,255,938,250,0,0
stim,59360,89481,0,89481,3286789.454,-0.572,-0.016,0.006,0.820,0,0,2985,0,3091,1610,2974,2987,57,1.303,1,2119,0,127.131,3.135,-8.750,-126.750,4.500,-0.238,-0.191,1.406,0.984,-2.977,3.965,0.080,0.104,1.219,1.388,3,NULL,NULL,,3,0,2,7,255,938,250,0,0
stim,59360,89481,0,89481,3286794.455,-0.572,-0.012,0.002,0.820,0,0,2981,0,3097,1408,2983,2979,57,1.303,1,2119,0,134.855,2.266,-24.438,-131.875,14.063,-0.266,-0.352,1.277,1.816,-1.355,3.965,0.082,0.114,1.219,1.388,3,NULL,NULL,,3,0,2,7,255,938,250,0,0
stim,59360,89481,0,89481,3286799.454,-0.571,-0.008,-0.002,0.821,0,0,2968,0,3091,1192,2999,2967,57,1.303,1,2119,0,142.221,2.801,-29.813,-138.250,15.000,-0.195,-0.270,1.199,2.531,-1.199,2.883,0.082,0.124,1.219,1.388,3,NULL,NULL,,3,0,2,7,255,938,250,0,0
stim,59360,89481,0,89481,3286804.455,-0.570,-0.003,-0.007,0.822,0,0,2955,0,3096,959,3003,2951,57,1.303,1,2119,0,148.639,2.801,-24.813,-144.688,23.313,-0.273,-0.230,1.105,2.531,-1.199,2.055,0.082,0.132,1.219,1.388,3,NULL,NULL,,3,0,2,7,255,938,250,0,0
stim,59360,89481,0,89481,3286809.454,-0.569,0.002,-0.011,0.822,0,0,2927,0,3097,675,3003,2935,57,1.303,1,2119,0,152.231,3.176,-8.375,-151.688,9.750,-0.293,-0.133,1.043,2.508,-1.949,1.102,0.080,0.142,1.219,1.388,3,NULL,NULL,,3,0,2,7,255,938,250,0,0
stim,59360,89481,0,89481,3286814.455,-0.569,0.008,-0.014,0.822,0,0,2910,0,3108,534,3019,2926,57,1.303,1,2119,0,160.872,2.717,11.813,-160.375,4.500,-0.227,-0.145,1.102,1.746,-2.082,0.992,0.080,0.152,1.219,1.388,3,NULL,NULL,,3,0,2,7,255,938,250,0,0
stim,59384,89505,0,89505,3286819.454,-0.568,0.014,-0.018,0.822,0,0,2887,0,3101,350,3033,2906,57,1.303,1,2119,0,168.381,2.668,17.313,-167.438,4.125,-0.188,-0.152,1.172,1.668,-2.082,0.992,0.080,0.164,1.219,1.388,3,NULL,NULL,,3,0,2,7,255,938,250,0,0
stim,59384,89505,0,89505,3286824.455,-0.568,0.020,-0.021,0.823,0,0,2859,0,3109,149,3031,2885,57,1.303,1,2119,0,177.020,2.499,21.063,-175.313,12.563,-0.113,-0.137,1.250,1.656,-1.871,1.648,0.080,0.174,1.219,1.388,3,NULL,NULL,,3,0,2,7,255,938,250,0,0
stim,59384,89505,0,89505,3286829.454,-0.567,0.027,-0.025,0.823,0,0,2825,0,3103,55,3043,2855,57,1.303,1,2119,0,184.248,2.277,24.375,-181.938,15.875,-0.203,-0.004,1.246,1.297,-1.871,2.227,0.082,0.186,1.219,1.388,3,NULL,NULL,,3,0,2,7,255,938,250,0,0
stim,59384,89505,0,89505,3286834.455,-0.566,0.035,-0.028,0.823,0,0,2776,0,3099,6,3044,2812,57,1.303,1,2119,0,193.087,2.954,26.188,-191.125,8.250,-0.141,0.145,1.371,0.484,-2.914,2.418,0.086,0.198,1.219,1.388,3,NULL,NULL,,3,0,2,7,255,938,250,0,0
stim,59404,89525,0,89525,3286839.454,-0.565,0.042,-0.032,0.823,0,0,2727,0,3099,0,3047,2777,57,1.303,1,2119,0,201.519,3.278,29.938,-198.875,12.750,-0.188,0.242,1.547,-0.988,-3.125,3.402,0.092,0.210,1.219,1.388,3,NULL,NULL,,3,0,2,7,255,938,250,0,0
stim,59404,89525,0,89525,3286844.455,-0.564,0.051,-0.036,0.824,0,0,2636,0,3091,0,3044,2719,57,1.303,1,2119,0,210.199,4.594,27.250,-208.125,11.188,-0.207,0.414,1.754,-1.594,-4.309,4.992,0.100,0.222,1.219,1.388,3,NULL,NULL,,3,0,2,7,255,938,250,0,0
stim,59404,89525,0,89525,3286849.454,-0.563,0.059,-0.041,0.823,0,0,2547,0,3082,0,3047,2652,57,1.303,1,2119,0,218.432,5.840,15.375,-217.813,5.813,-0.336,0.348,2.113,-1.664,-5.598,6.855,0.110,0.236,1.219,1.388,3,NULL,NULL,,3,0,2,7,255,938,250,0,0
stim,59404,89525,0,89525,3286854.455,-0.561,0.068,-0.046,0.823,0,0,2440,0,3077,0,3039,2577,57,1.303,1,2119,0,239.956,7.488,22.375,-237.625,24.750,-0.441,0.262,2.590,-1.664,-7.301,10.113,0.124,0.250,1.219,1.388,3,NULL,NULL,,3,0,2,7,255,938,250,0,0
stim,59450,89572,0,89572,3286859.454,-0.559,0.077,-0.054,0.824,0,0,2321,0,3049,45,3035,2468,57,1.303,1,2119,0,268.619,9.088,-20.875,-263.750,46.438,-0.668,0.387,2.785,-0.215,-9.086,14.445,0.140,0.266,1.219,1.388,3,NULL,NULL,,3,0,2,7,255,938,250,0,0
stim,59450,89572,0,89572,3286864.455,-0.556,0.085,-0.063,0.824,0,0,2181,0,3035,67,3027,2336,57,1.303,1,2119,0,309.311,12.475,-70.063,-295.375,59.313,-0.813,0.660,2.777,-0.215,-12.473,14.855,0.162,0.286,1.219,1.388,3,NULL,NULL,,3,0,2,7,255,938,250,0,0
stim,59450,89572,0,89572,3286869.454,-0.554,0.094,-0.075,0.824,0,0,2009,0,3007,76,3013,2189,57,1.303,1,2119,0,340.212,15.508,-104.063,-321.750,37.313,-0.813,1.055,2.738,-2.059,-15.371,14.855,0.192,0.316,1.219,1.388,3,NULL,NULL,,3,0,2,7,255,938,250,0,0
stim,59450,89572,0,89572,3286874.455,-0.552,0.103,-0.088,0.823,0,0,1899,0,2991,89,2975,2013,57,1.303,1,2119,0,373.571,18.187,-132.000,-348.500,26.063,-0.785,0.996,2.633,-5.180,-17.434,13.832,0.228,0.352,1.219,1.388,3,NULL,NULL,,3,0,2,7,255,938,250,0,0
stim,59450,89572,0,89572,3286879.454,-0.549,0.113,-0.102,0.821,0,0,1775,0,2953,98,2953,1871,57,1.303,1,2119,0,398.789,18.248,-134.875,-374.500,24.313,-0.777,1.008,2.715,-5.238,-17.480,12.516,0.274,0.400,1.219,1.388,3,NULL,NULL,,3,0,2,7,255,938,250,0,0
stim,59451,89572,0,89572,3286884.455,-0.547,0.124,-0.118,0.819,0,0,1670,0,2905,93,2905,1739,57,1.303,1,2119,0,429.877,19.190,-156.000,-400.313,14.438,-0.809,1.141,2.879,-5.238,-18.461,12.516,0.330,0.458,1.219,1.388,3,NULL,NULL,,3,0,2,7,255,938,250,0,0
stim,59451,89572,0,89572,3286889.454,-0.545,0.135,-0.134,0.816,0,0,1519,0,2841,93,2844,1592,57,1.303,1,2119,0,455.216,21.439,-169.500,-422.438,6.188,-0.867,1.145,2.941,-6.094,-20.555,12.656,0.396,0.522,1.219,1.388,3,NULL,NULL,,3,0,2,7,255,938,250,0,0
stim,59451,89572,0,89572,3286894.455,-0.543,0.146,-0.152,0.813,0,0,1403,0,2777,75,2757,1444,57,1.303,1,2119,0,488.252,23.009,-196.688,-446.875,2.688,-0.996,0.938,2.918,-6.094,-22.188,12.656,0.468,0.594,1.219,1.388,3,NULL,NULL,,3,0,2,7,255,938,250,0,0
stim,59451,89572,0,89572,3286899.454,-0.541,0.157,-0.170,0.808,0,0,1253,0,2675,69,2631,1284,57,1.303,1,2119,0,511.605,23.674,-208.750,-467.000,-8.625,-1.039,0.672,2.898,-3.820,-23.363,11.199,0.548,0.674,1.219,1.388,3,NULL,NULL,,3,0,2,7,255,938,250,0,0
stim,59451,89572,0,89572,3286904.455,-0.539,0.170,-0.188,0.803,0,0,1080,0,2536,43,2469,1113,57,1.303,1,2119,0,515.795,23.686,-186.313,-479.875,-32.438,-1.047,0.559,3.020,-1.332,-23.648,10.215,0.634,0.758,1.219,1.388,3,NULL,NULL,,3,0,2,7,255,938,250,0,0
stim,59472,89593,0,89593,3286909.454,-0.538,0.183,-0.206,0.797,0,0,870,0,2386,0,2240,950,57,1.303,1,2119,0,527.469,24.779,-185.500,-491.375,-48.625,-0.930,0.461,3.230,-0.254,-24.777,10.215,0.726,0.850,1.219,1.388,3,NULL,NULL,,3,0,2,7,255,938,250,0,0
stim,59472,89593,0,89593,3286914.455,-0.535,0.196,-0.225,0.790,0,0,649,0,2155,0,1951,851,57,1.303,1,2119,0,555.172,24.778,-220.313,-508.375,-35.125,-0.809,0.102,3.105,0.223,-24.777,10.559,0.822,0.946,1.219,1.388,3,NULL,NULL,,3,0,2,7,255,938,250,0,0
stim,59472,89593,0,89593,3286919.454,-0.531,0.207,-0.246,0.784,0,0,455,0,1876,0,1591,695,57,1.303,1,2119,0,589.293,24.079,-261.688,-527.875,11.563,-0.742,-0.348,2.500,2.941,-23.898,10.559,0.922,1.048,1.219,1.388,3,NULL,NULL,,3,0,2,7,255,938,250,0,0
stim,59472,89593,0,89593,3286924.455,-0.526,0.219,-0.268,0.777,0,0,278,0,1572,0,1129,599,57,1.303,1,2119,0,594.528,20.507,-255.938,-536.313,18.125,-0.586,-0.461,1.648,6.477,-19.457,5.867,1.026,1.154,1.219,1.388,3,NULL,NULL,,3,0,2,7,255,938,250,0,0
stim,59499,89620,0,89620,3286929.454,-0.520,0.234,-0.286,0.770,0,0,187,0,1245,0,533,457,57,1.303,1,2119,0,572.328,14.896,-165.063,-547.625,20.500,-0.500,-0.367,1.164,6.477,-13.414,-0.242,1.130,1.260,1.219,1.388,3,NULL,NULL,,3,0,2,7,255,938,250,0,0
stim,59499,89620,0,89620,3286934.455,-0.511,0.250,-0.301,0.765,0,0,85,0,869,0,159,403,57,1.303,1,2119,0,562.044,14.444,-41.125,-558.813,43.938,-0.563,-0.012,1.566,5.355,-13.414,-3.043,1.236,1.370,1.219,1.388,3,NULL,NULL,,3,0,2,7,255,938,250,0,0
stim,59499,89620,0,89620,3286939.454,-0.499,0.269,-0.314,0.762,0,0,57,0,379,0,0,329,57,1.303,1,2119,0,583.118,15.077,33.188,-573.000,102.938,-1.094,0.188,2.340,3.555,-14.652,-3.043,1.336,1.474,1.219,1.388,3,NULL,NULL,,3,0,2,7,255,938,250,0,0
stim,59499,89620,0,89620,3286944.455,-0.485,0.284,-0.330,0.759,0,0,16,0,0,0,0,261,57,1.303,1,2119,0,616.761,24.379,-30.375,-587.813,184.250,-1.590,0.594,2.535,2.652,-24.234,-3.043,1.428,1.570,1.219,1.388,3,NULL,NULL,,3,0,2,7,255,938,250,0,0
stim,59499,89620,0,89620,3286949.454,-0.474,0.297,-0.349,0.752,0,0,20,0,0,0,0,250,57,1.303,1,2119,0,602.715,27.314,-164.313,-564.250,133.750,-1.430,1.297,2.059,2.320,-27.215,-7.672,1.508,1.654,1.219,1.388,3,NULL,NULL,,3,0,2,7,255,938,250,0,0
stim,59499,89620,0,89620,3286954.455,-0.467,0.307,-0.369,0.742,0,0,5,0,0,0,0,187,57,1.303,1,2119,0,574.240,27.634,-268.500,-506.063,39.500,-0.738,1.656,1.395,-4.797,-27.215,-12.453,1.584,1.734,1.219,1.388,4,NULL,NULL,,3,0,2,7,255,938,250,0,0
stim,59540,89661,0,89661,3286959.454,-0.463,0.313,-0.389,0.732,0,0,18,0,0,0,0,107,57,1.303,1,2119,0,553.927,22.332,-346.063,-430.750,39.125,-0.457,1.523,0.844,-11.254,-19.289,-12.824,1.668,1.822,1.219,1.388,0,NULL,NULL,,3,0,2,7,255,938,250,0,0
stim,59540,89661,0,89661,3286964.455,-0.457,0.311,-0.413,0.724,0,0,17,0,0,0,0,56,57,1.303,1,2119,0,595.284,17.041,-444.250,-339.125,204.938,-1.086,1.480,-0.020,-11.254,-12.797,-13.824,1.766,1.922,1.219,1.388,0,NULL,NULL,,3,0,2,7,255,938,250,0,0
stim,59540,89661,0,89661,3286969.454,-0.453,0.307,-0.433,0.717,0,0,12,0,0,0,0,40,57,1.303,1,2119,0,499.129,13.642,-411.875,-229.063,164.375,-0.887,1.641,-0.988,-11.512,-7.320,-23.473,1.868,2.028,1.219,1.388,0,NULL,NULL,,3,0,2,7,255,938,250,0,0
stim,59540,89661,0,89661,3286974.455,-0.452,0.308,-0.438,0.713,0,0,10,0,0,0,0,51,57,1.303,1,2119,0,154.245,9.610,-108.813,-109.125,-6.563,-0.945,-0.234,-0.750,-9.324,2.324,-23.473,1.970,2.132,1.219,1.388,0,NULL,NULL,,3,0,2,7,255,938,250,0,0
stim,59540,89661,0,89661,3286979.454,-0.452,0.312,-0.435,0.714,0,0,8,0,0,0,0,55,57,1.303,1,2119,0,122.845,6.097,102.063,-32.313,-60.250,-0.969,-1.469,0.910,5.637,2.324,-19.797,2.064,2.226,1.219,1.388,0,NULL,NULL,,3,0,2,7,255,938,250,0,0
stim,59540,89661,0,89661,3286984.455,-0.455,0.312,-0.433,0.713,0,0,4,0,0,0,0,58,57,1.303,1,2119,0,75.660,15.338,6.563,56.125,-50.313,-1.016,-0.902,1.844,12.371,-9.066,-8.988,2.148,2.308,1.219,1.388,0,NULL,NULL,,3,0,2,7,255,938,250,0,0
stim,59540,89661,0,89661,3286989.454,-0.461,0.305,-0.434,0.711,0,0,3,0,0,0,0,17,57,1.303,1,2119,0,225.398,18.756,-167.625,145.500,-39.188,-0.961,0.566,1.063,12.371,-14.098,-8.988,2.212,2.374,1.219,1.388,0,NULL,NULL,,3,0,2,7,255,938,250,0,0
stim,59540,89661,0,89661,3286994.455,-0.468,0.295,-0.435,0.710,0,0,3,0,0,0,0,10,57,1.303,1,2119,0,268.088,14.176,-167.750,208.625,-14.375,-0.938,1.578,-0.008,-1.488,-14.098,-15.156,2.256,2.420,1.219,1.388,0,NULL,NULL,,3,0,2,7,255,938,250,0,0
stim,59562,89683,0,89683,3286999.454,-0.473,0.287,-0.431,0.713,0,0,1,0,0,0,0,13,57,1.303,1,2119,0,238.433,11.903,-38.813,235.250,-1.188,-1.102,1.563,-0.063,-10.000,-6.457,-22.945,2.292,2.456,1.219,1.388,0,NULL,NULL,,3,0,2,7,255,938,250,0,0
stim,59562,89683,0,89683,3287004.455,-0.478,0.281,-0.425,0.716,0,0,1,0,0,0,0,0,57,1.303,1,2119,0,255.116,11.903,39.625,250.875,-24.000,-1.215,0.816,0.641,-10.000,-6.457,-22.945,2.330,2.498,1.219,1.388,0,NULL,NULL,,3,0,2,7,255,938,250,0,0
stim,59562,89683,0,89683,3287009.454,-0.485,0.274,-0.418,0.718,0,0,0,0,0,0,0,0,57,1.303,1,2119,0,267.772,12.526,1.063,263.375,-48.313,-1.059,0.230,1.020,-3.082,-12.141,-19.293,2.382,2.550,1.219,1.388,0,NULL,NULL,,3,0,2,7,255,938,250,0,0
stim,59562,89683,0,89683,3287014.455,-0.492,0.265,-0.414,0.718,0,0,0,0,0,0,0,0,57,1.303,1,2119,0,283.559,12.154,-71.563,271.000,-42.938,-0.770,0.195,0.703,0.566,-12.141,-13.973,2.440,2.610,1.219,1.388,0,NULL,NULL,,3,0,2,7,255,938,250,0,0
stim,59583,89704,0,89704,3287019.454,-0.499,0.255,-0.411,0.719,0,0,0,0,0,0,0,0,57,1.303,1,2119,0,287.451,9.985,-89.813,272.688,-14.250,-0.582,0.438,0.082,0.566,-9.969,-13.973,2.498,2.670,1.219,1.388,0,NULL,NULL,,3,0,2,7,255,938,250,0,0
stim,59583,89704,0,89704,3287024.455,-0.504,0.245,-0.407,0.722,0,0,0,0,0,0,0,0,57,1.303,1,2119,0,275.332,4.699,-45.875,271.250,11.250,-0.559,0.566,-0.289,-1.996,-4.254,-15.332,2.554,2.728,1.219,1.388,0,NULL,NULL,,3,0,2,7,255,938,250,0,0
stim,59583,89704,0,89704,3287029.454,-0.508,0.237,-0.400,0.725,0,0,0,0,0,0,0,0,57,1.303,1,2119,0,271.202,2.641,13.438,270.125,20.063,-0.574,0.504,-0.313,-2.273,-1.344,-17.500,2.612,2.788,1.219,1.388,0,NULL,NULL,,3,0,2,7,255,938,250,0,0
stim,59583,89704,0,89704,3287034.455,-0.512,0.229,-0.393,0.729,0,0,0,0,0,0,0,0,57,1.303,1,2119,0,277.818,2.641,51.063,272.188,22.125,-0.516,0.371,-0.156,-2.273,-1.344,-17.500,2.670,2.846,1.219,1.388,0,NULL,NULL,,3,0,2,7,255,938,250,0,0
stim,59583,89704,0,89704,3287039.454,-0.515,0.221,-0.385,0.733,0,0,0,0,0,0,0,0,57,1.303,1,2119,0,286.542,2.624,68.375,276.375,32.375,-0.418,0.309,-0.055,-1.426,-2.203,-15.711,2.716,2.894,1.219,1.388,0,NULL,NULL,,3,0,2,7,255,938,250,0,0
stim,59583,89704,0,89704,3287044.455,-0.518,0.213,-0.376,0.738,0,0,0,0,0,0,0,0,57,1.303,1,2119,0,297.740,2.868,86.125,280.625,49.813,-0.379,0.320,0.016,-1.426,-2.488,-14.129,2.754,2.934,1.219,1.388,0,NULL,NULL,,3,0,2,7,255,938,250,0,0
stim,59638,89759,0,89759,3287049.454,-0.520,0.206,-0.366,0.744,0,0,0,0,0,0,0,0,57,1.303,1,2119,0,311.096,3.327,108.938,284.438,63.313,-0.414,0.352,0.141,-1.613,-2.910,-13.441,2.784,2.966,1.219,1.388,0,NULL,NULL,,3,0,2,7,255,938,250,0,0
stim,59638,89759,0,89759,3287054.455,-0.521,0.198,-0.356,0.750,0,0,0,0,0,0,0,0,57,1.303,1,2119,0,322.874,4.634,127.188,289.250,66.375,-0.449,0.359,0.340,-1.883,-4.234,-12.922,2.810,2.992,1.219,1.388,0,NULL,NULL,,3,0,2,7,255,938,250,0,0
stim,59638,89759,0,89759,3287059.454,-0.523,0.191,-0.345,0.756,0,0,0,0,0,0,0,0,57,1.303,1,2119,0,330.260,6.318,132.813,295.500,64.125,-0.441,0.348,0.531,-2.004,-5.992,-11.801,2.834,3.016,1.219,1.388,0,NULL,NULL,,3,0,2,7,255,938,250,0,0
stim,59638,89759,0,89759,3287064.455,-0.525,0.183,-0.335,0.761,0,0,0,0,0,0,0,0,57,1.303,1,2119,0,335.506,7.651,129.563,303.000,63.000,-0.422,0.352,0.676,-2.094,-7.359,-10.270,2.856,3.040,1.219,1.388,0,NULL,NULL,,3,0,2,7,255,938,250,0,0
stim,59638,89759,0,89759,3287069.454,-0.526,0.174,-0.324,0.767,0,0,0,0,0,0,0,0,57,1.303,1,2119,0,341.381,8.581,125.313,311.500,61.688,-0.426,0.367,0.797,-2.359,-8.250,-8.938,2.878,3.066,1.219,1.388,0,NULL,NULL,,3,0,2,7,255,938,250,0,0
stim,59638,89759,0,89759,3287074.455,-0.528,0.166,-0.312,0.772,0,0,0,0,0,0,0,0,57,1.303,1,2119,0,347.483,9.443,120.688,320.938,56.375,-0.441,0.355,0.914,-2.516,-9.102,-7.938,2.906,3.094,1.219,1.388,0,NULL,NULL,,3,0,2,7,255,938,250,0,0
stim,59638,89759,0,89759,3287079.454,-0.531,0.157,-0.301,0.777,0,0,0,0,0,0,0,0,57,1.303,1,2119,0,352.899,10.202,111.625,331.500,46.750,-0.441,0.316,1.004,-2.516,-9.887,-6.867,2.936,3.126,1.219,1.388,0,NULL,NULL,,3,0,2,7,255,938,250,0,0
stim,59638,89759,0,89759,3287084.455,-0.534,0.147,-0.290,0.781,0,0,0,0,0,0,0,0,57,1.303,1,2119,0,358.219,10.397,100.313,341.938,36.563,-0.418,0.281,1.047,-2.313,-10.137,-5.773,2.972,3.162,1.219,1.388,0,NULL,NULL,,3,0,2,7,255,938,250,0,0
stim,59665,89786,0,89786,3287089.454,-0.537,0.137,-0.279,0.784,0,0,0,0,0,0,0,0,57,1.303,1,2119,0,364.613,10.364,91.375,351.875,27.875,-0.387,0.242,1.055,-2.160,-10.137,-4.895,3.012,3.202,1.219,1.388,0,NULL,NULL,,3,0,2,7,255,938,250,0,0
stim,59665,89786,0,89786,3287094.455,-0.540,0.126,-0.267,0.788,0,0,0,0,0,0,0,0,57,1.303,1,2119,0,371.302,9.893,86.688,360.500,19.750,-0.367,0.207,1.055,-1.969,-9.695,-4.258,3.052,3.244,1.219,1.388,0,NULL,NULL,,3,0,2,7,255,938,250,0,0
stim,59665,89786,0,89786,3287099.454,-0.544,0.116,-0.256,0.791,0,0,0,0,0,0,0,0,57,1.303,1,2119,0,377.836,9.412,84.125,368.188,11.000,-0.332,0.176,1.031,-1.777,-9.242,-3.773,3.094,3.288,1.219,1.388,0,NULL,NULL,,3,0,2,7,255,938,250,0,0
stim,59665,89786,0,89786,3287104.455,-0.548,0.105,-0.244,0.793,0,0,0,0,0,0,0,0,57,1.303,1,2119,0,383.989,8.735,83.938,374.688,3.313,-0.277,0.137,0.977,-1.668,-8.574,-3.395,3.138,3.332,1.219,1.388,0,NULL,NULL,,3,0,2,7,255,938,250,0,0
stim,59665,89786,0,89786,3287109.454,-0.552,0.094,-0.232,0.795,0,0,0,0,0,0,0,0,57,1.303,1,2119,0,389.553,7.698,89.000,379.250,0.375,-0.242,0.109,0.906,-1.555,-7.539,-3.387,3.182,3.376,1.219,1.388,0,NULL,NULL,,3,0,2,7,255,938,250,0,0
stim,59665,89786,0,89786,3287114.455,-0.556,0.083,-0.219,0.798,0,0,0,0,0,0,0,0,57,1.303,1,2119,0,395.000,6.725,104.000,381.063,0.000,-0.258,0.117,0.891,-1.418,-6.574,-3.387,3.222,3.418,1.219,1.388,0,NULL,NULL,,3,0,2,7,255,938,250,0,0
stim,59665,89786,0,89786,3287119.454,-0.560,0.073,-0.205,0.800,0,0,0,0,0,0,0,1,57,1.303,1,2119,0,399.146,6.725,121.688,380.125,-3.813,-0.277,0.164,0.969,-1.418,-6.574,-3.387,3.260,3.458,1.219,1.388,0,NULL,NULL,,3,0,2,7,255,938,250,0,0
stim,59665,89786,0,89786,3287124.455,-0.563,0.063,-0.191,0.801,0,0,0,0,0,0,0,6,57,1.303,1,2119,0,401.671,6.731,133.063,378.875,-9.375,-0.219,0.145,1.043,-1.914,-6.453,-2.660,3.296,3.496,1.219,1.388,0,NULL,NULL,,3,0,2,7,255,938,250,0,0
stim,59689,89810,0,89810,3287129.454,-0.566,0.054,-0.177,0.803,0,0,0,0,0,0,0,6,57,1.303,1,2119,0,403.076,6.625,143.125,376.750,-6.688,-0.168,0.113,1.082,-2.059,-6.297,-1.531,3.332,3.532,1.219,1.388,0,NULL,NULL,,3,0,2,7,255,938,250,0,0
stim,59689,89810,0,89810,3287134.455,-0.569,0.045,-0.162,0.805,0,0,0,0,0,0,0,8,57,1.303,1,2119,0,405.194,5.983,157.688,373.250,-1.188,-0.176,0.133,1.133,-2.082,-5.609,-0.766,3.366,3.568,1.219,1.388,0,NULL,NULL,,3,0,2,7,255,938,250,0,0
stim,59689,89810,0,89810,3287139.454,-0.572,0.036,-0.147,0.806,0,0,0,0,0,0,0,6,57,1.303,1,2119,0,407.973,6.047,172.813,369.563,1.000,-0.215,0.168,1.246,-2.258,-5.609,-0.152,3.398,3.602,1.219,1.388,0,NULL,NULL,,3,0,2,7,255,938,250,0,0
stim,59689,89810,0,89810,3287144.455,-0.574,0.028,-0.131,0.807,0,0,0,0,0,0,0,8,57,1.303,1,2119,0,408.772,6.503,180.375,366.813,-2.875,-0.223,0.215,1.340,-2.609,-5.957,0.918,3.430,3.634,1.219,1.388,0,NULL,NULL,,3,0,2,7,255,938,250,0,0
stim,59716,89837,0,89837,3287149.454,-0.577,0.020,-0.116,0.808,0,0,0,0,0,0,0,9,57,1.303,1,2119,0,409.400,6.714,187.813,363.750,-4.563,-0.199,0.211,1.402,-3.098,-5.957,1.918,3.460,3.666,1.219,1.388,0,NULL,NULL,,3,0,2,7,255,938,250,0,0
stim,59716,89837,0,89837,3287154.455,-0.579,0.012,-0.099,0.809,0,0,0,0,0,0,0,9,57,1.303,1,2119,0,412.052,6.341,201.250,359.563,-0.063,-0.207,0.211,1.520,-3.148,-5.504,2.773,3.490,3.696,1.219,1.388,0,NULL,NULL,,3,0,2,7,255,938,250,0,0
stim,59748,89869,0,89869,3287159.454,-0.580,0.005,-0.083,0.810,0,0,0,0,0,0,0,8,57,1.303,1,2119,0,414.534,6.359,213.000,355.625,0.625,-0.254,0.219,1.672,-3.199,-5.496,4.086,3.518,3.726,1.219,1.388,0,NULL,NULL,,3,0,2,7,255,938,250,0,0
stim,59748,89869,0,89869,3287164.455,-0.582,-0.002,-0.066,0.810,0,0,0,0,0,0,0,11,57,1.303,1,2119,0,414.783,6.369,220.063,351.563,-4.625,-0.281,0.250,1.848,-3.219,-5.496,5.680,3.546,3.754,1.219,1.388,0,NULL,NULL,,3,0,2,7,255,938,250,0,0
stim,59748,89869,0,89869,3287169.454,-0.584,-0.008,-0.050,0.810,0,0,0,0,0,0,0,11,57,1.303,1,2119,0,411.027,6.510,219.750,347.188,-10.688,-0.273,0.273,2.008,-3.488,-5.496,7.535,3.574,3.784,1.219,1.388,0,NULL,NULL,,3,0,2,7,255,938,250,0,0
stim,59748,89869,0,89869,3287174.455,-0.585,-0.015,-0.033,0.810,0,0,0,0,0,0,0,7,57,1.303,1,2119,0,404.795,6.263,215.938,342.125,-13.438,-0.258,0.281,2.133,-3.762,-5.008,9.254,3.602,3.812,1.219,1.388,0,NULL,NULL,,3,0,2,7,255,938,250,0,0
stim,59748,89869,0,89869,3287179.454,-0.587,-0.021,-0.017,0.809,0,0,0,0,0,0,0,6,57,1.303,1,2119,0,397.624,5.706,211.000,336.688,-15.000,-0.250,0.281,2.234,-3.781,-4.273,10.680,3.630,3.842,1.219,1.388,0,NULL,NULL,,3,0,2,7,255,938,250,0,0
stim,59748,89869,0,89869,3287184.455,-0.588,-0.027,-0.001,0.808,0,0,0,0,0,0,0,7,57,1.303,1,2119,0,391.863,5.142,208.000,331.500,-20.000,-0.227,0.258,2.320,-3.781,-3.484,11.832,3.658,3.870,1.219,1.388,0,NULL,NULL,,3,0,2,7,255,938,250,0,0
stim,59748,89869,0,89869,3287189.454,-0.590,-0.034,0.015,0.807,0,0,0,0,0,0,0,14,57,1.303,1,2119,0,387.404,4.266,205.000,327.563,-27.563,-0.148,0.152,2.375,-3.504,-2.434,12.785,3.684,3.898,1.219,1.388,0,NULL,NULL,,3,0,2,7,255,938,250,0,0
stim,59748,89869,0,89869,3287194.455,-0.591,-0.040,0.030,0.805,0,0,0,0,0,0,0,16,57,1.303,1,2119,0,384.305,2.677,201.938,325.500,-31.000,-0.039,0.031,2.363,-2.602,-0.633,13.277,3.712,3.926,1.219,1.388,0,NULL,NULL,,3,0,2,7,255,938,250,0,0
stim,59748,89869,0,89869,3287199.454,-0.592,-0.046,0.046,0.803,0,0,0,0,0,0,0,37,57,1.303,1,2119,0,385.445,2.206,204.563,325.125,-31.875,0.098,-0.020,2.293,-1.629,1.488,13.277,3.736,3.952,1.219,1.388,0,NULL,NULL,,3,0,2,7,255,938,250,0,0
stim,59748,89869,0,89869,3287204.455,-0.594,-0.051,0.061,0.801,0,0,0,0,0,0,0,41,57,1.303,1,2119,0,394.669,3.783,221.188,325.188,-33.063,0.270,-0.063,2.238,-1.305,3.551,12.348,3.758,3.974,1.219,1.388,0,NULL,NULL,,3,0,2,7,255,938,250,0,0
stim,59771,89892,0,89892,3287209.454,-0.595,-0.056,0.078,0.798,0,0,0,0,0,0,0,43,57,1.303,1,2119,0,412.078,6.048,249.188,326.313,-35.125,0.473,-0.082,2.293,-1.230,5.922,11.453,3.776,3.994,1.219,1.388,0,NULL,NULL,,3,0,2,7,255,938,250,0,0
stim,59771,89892,0,89892,3287214.455,-0.596,-0.061,0.096,0.795,0,0,0,0,0,0,0,47,57,1.303,1,2119,0,431.053,8.739,277.625,327.875,-35.063,0.668,-0.113,2.441,-1.145,8.664,11.453,3.790,4.008,1.219,1.388,0,NULL,NULL,,3,0,2,7,255,938,250,0,0
stim,59771,89892,0,89892,3287219.454,-0.597,-0.064,0.115,0.792,0,0,0,0,0,0,0,51,57,1.303,1,2119,0,446.898,11.646,302.313,327.500,-32.688,0.848,-0.203,2.648,-1.145,11.590,12.105,3.798,4.018,1.219,1.388,0,NULL,NULL,,3,0,2,7,255,938,250,0,0
stim,59771,89892,0,89892,3287224.455,-0.597,-0.067,0.134,0.788,0,0,0,0,0,0,0,54,57,1.303,1,2119,0,452.803,14.731,313.438,325.625,-27.500,0.996,-0.344,2.805,-0.355,14.727,13.176,3.800,4.022,1.219,1.388,0,NULL,NULL,,3,0,2,7,255,938,250,0,0
stim,59798,89919,0,89919,3287229.454,-0.597,-0.070,0.153,0.784,0,0,0,0,0,0,0,52,57,1.303,1,2119,0,450.208,17.695,314.375,321.625,-20.313,1.094,-0.457,2.906,1.113,17.660,13.449,3.796,4.020,1.219,1.388,0,NULL,NULL,,3,0,2,7,255,938,250,0,0
stim,59798,89919,0,89919,3287234.455,-0.597,-0.073,0.172,0.780,0,0,0,0,0,0,0,57,57,1.303,1,2119,0,446.301,20.073,312.313,318.375,-16.813,1.137,-0.492,2.941,2.457,19.922,13.449,3.786,4.012,1.219,1.388,0,NULL,NULL,,3,0,2,7,255,938,250,0,0
stim,59798,89919,0,89919,3287239.454,-0.596,-0.076,0.191,0.776,0,0,0,0,0,0,0,53,57,1.303,1,2119,0,442.799,21.512,312.188,313.250,-22.000,1.105,-0.477,3.008,3.223,21.270,12.848,3.768,3.994,1.219,1.388,0,NULL,NULL,,3,0,2,7,255,938,250,0,0
stim,59798,89919,0,89919,3287244.455,-0.596,-0.079,0.209,0.771,0,0,0,0,0,0,0,53,57,1.303,1,2119,0,436.695,22.239,309.688,305.313,-39.750,1.098,-0.371,3.211,3.508,21.961,12.848,3.738,3.966,1.219,1.388,0,NULL,NULL,,3,0,2,7,255,938,250,0,0
stim,59798,89919,0,89919,3287249.454,-0.597,-0.082,0.226,0.765,0,0,0,0,0,0,0,57,57,1.303,1,2119,0,423.334,23.436,294.000,296.125,-71.313,1.316,-0.117,3.496,3.508,23.172,13.992,3.698,3.928,1.219,1.388,0,NULL,NULL,,3,0,2,7,255,938,250,0,0
stim,59798,89919,0,89919,3287254.455,-0.599,-0.086,0.242,0.758,0,0,0,0,0,0,0,73,57,1.303,1,2119,0,395.429,26.539,250.688,287.875,-103.188,1.746,0.105,3.664,1.438,26.500,14.723,3.644,3.874,1.219,1.388,0,NULL,NULL,,3,0,2,7,255,938,250,0,0
stim,59839,89960,0,89960,3287259.454,-0.601,-0.091,0.254,0.752,0,0,0,0,0,0,0,105,57,1.303,1,2119,0,347.198,31.320,177.188,275.625,-114.813,2.262,0.145,3.582,-0.988,31.305,14.723,3.578,3.810,1.219,1.388,0,NULL,NULL,,3,0,2,7,255,938,250,0,0
stim,59839,89960,0,89960,3287264.455,-0.602,-0.099,0.263,0.747,0,0,0,0,0,0,0,134,57,1.303,1,2119,0,293.553,35.957,92.375,260.125,-99.875,2.762,0.055,3.160,-2.375,35.879,10.973,3.496,3.730,1.219,1.388,0,NULL,NULL,,3,0,2,7,255,938,250,0,0
stim,59839,89960,0,89960,3287269.454,-0.602,-0.107,0.270,0.744,0,0,0,0,0,0,0,174,57,1.303,1,2119,0,258.653,38.698,28.000,245.625,-76.063,3.211,-0.035,2.492,-3.188,38.566,4.063,3.404,3.640,1.219,1.388,0,NULL,NULL,,3,0,2,7,255,938,250,0,0
stim,59839,89960,0,89960,3287274.455,-0.601,-0.115,0.276,0.741,0,0,0,0,0,0,0,226,57,1.303,1,2119,0,238.855,39.476,0.938,231.563,-58.563,3.668,-0.184,1.789,-4.359,39.234,-4.680,3.302,3.538,1.219,1.388,0,NULL,NULL,,3,0,2,7,255,938,250,0,0
stim,59839,89960,0,89960,3287279.454,-0.600,-0.122,0.282,0.738,0,0,0,0,0,0,0,275,57,1.303,1,2119,0,215.935,39.724,8.000,212.000,-40.250,4.133,-0.484,1.141,-4.359,39.484,-13.793,3.190,3.426,1.219,1.388,0,NULL,NULL,,3,0,2,7,255,938,250,0,0
stim,59839,89960,0,89960,3287284.455,-0.599,-0.127,0.288,0.737,0,0,0,0,0,0,0,317,57,1.303,1,2119,0,191.425,40.196,45.750,185.875,1.063,4.504,-0.938,0.625,-4.191,39.977,-22.832,3.070,3.304,1.219,1.388,0,NULL,NULL,,3,0,2,7,255,938,250,0,0
stim,59839,89960,0,89960,3287289.454,-0.595,-0.128,0.296,0.736,0,0,0,0,0,0,0,331,57,1.303,1,2119,0,201.794,40.107,112.500,154.375,65.063,4.660,-1.430,0.297,-1.617,40.074,-30.633,2.938,3.172,1.219,1.388,0,NULL,NULL,,3,0,2,7,255,938,250,0,0
stim,59839,89960,0,89960,3287294.455,-0.590,-0.125,0.307,0.736,0,0,0,0,0,0,0,313,57,1.303,1,2119,0,275.308,40.118,204.813,125.188,134.813,4.551,-1.633,0.277,1.863,40.074,-35.875,2.798,3.030,1.219,1.388,0,NULL,NULL,,3,0,2,7,255,938,250,0,0
stim,59867,89988,0,89988,3287299.454,-0.585,-0.119,0.320,0.736,0,0,0,0,0,0,0,285,57,1.303,1,2119,0,356.627,39.170,296.125,93.938,175.125,4.105,-1.984,0.609,3.430,39.020,-35.875,2.652,2.884,1.219,1.388,0,NULL,NULL,,3,0,2,7,255,938,250,0,0
stim,59867,89988,0,89988,3287304.455,-0.580,-0.109,0.334,0.735,0,0,0,0,0,0,0,280,57,1.303,1,2119,0,419.351,38.448,372.875,58.500,182.750,3.430,-1.879,1.297,7.707,37.668,-33.277,2.504,2.732,1.219,1.388,0,NULL,NULL,,3,0,2,7,255,938,250,0,0
stim,59867,89988,0,89988,3287309.454,-0.577,-0.097,0.348,0.733,0,0,0,0,0,0,0,264,57,1.303,1,2119,0,424.349,38.532,392.625,14.750,160.313,2.828,-1.250,2.527,8.113,37.668,-24.820,2.356,2.580,1.219,1.388,0,NULL,NULL,,3,0,2,7,255,938,250,0,0
stim,59867,89988,0,89988,3287314.455,-0.574,-0.086,0.358,0.731,0,0,0,0,0,0,0,252,57,1.303,1,2119,0,342.010,39.166,314.625,-24.313,131.875,2.250,-0.770,3.594,8.598,38.211,-10.906,2.204,2.424,1.219,1.388,0,NULL,NULL,,3,0,2,7,255,938,250,0,0
stim,59867,89988,0,89988,3287319.454,-0.574,-0.079,0.363,0.730,0,0,0,0,0,0,0,233,57,1.303,1,2119,0,204.356,39.166,188.375,-62.250,49.000,1.859,-0.555,3.715,8.598,38.211,1.418,2.050,2.266,1.219,1.388,0,NULL,NULL,,3,0,2,7,255,938,250,0,0
stim,59867,89988,1,89988,3287324.455,-0.574,-0.073,0.364,0.730,0,0,0,0,0,0,0,265,57,1.303,1,2119,0,137.103,40.682,88.063,-87.125,58.750,2.254,-0.684,3.828,8.766,39.727,3.453,1.892,2.102,1.219,1.388,0,NULL,NULL,,3,1,2,7,255,938,250,0,0
stim,59890,90011,1,90011,3287329.454,-0.571,-0.065,0.362,0.734,51,0,0,371,0,0,0,393,57,1.303,1,2119,0,208.920,38.334,34.813,-137.938,153.000,1.133,-0.855,4.520,9.195,37.215,5.090,1.728,1.934,1.219,1.388,0,NULL,NULL,,3,1,2,7,255,938,250,0,0
stim,59890,90011,1,90011,3287334.455,-0.560,-0.040,0.368,0.742,813,0,0,1131,0,89,0,427,57,1.303,1,2119,0,660.147,43.362,344.813,-277.125,490.000,0.230,1.152,7.895,14.340,40.922,13.820,1.564,1.762,1.219,1.388,0,NULL,NULL,,3,1,2,7,255,938,250,0,0
stim,59890,90011,1,90011,3287339.454,-0.545,-0.045,0.343,0.764,1394,0,0,1604,0,389,0,519,57,1.303,1,2119,0,838.126,39.078,-676.875,-144.438,472.688,-1.270,2.633,5.875,14.340,36.352,51.898,1.400,1.592,1.219,1.388,0,NULL,NULL,,3,1,2,7,255,938,250,0,0
stim,59890,90011,1,90011,3287344.455,-0.535,-0.065,0.298,0.788,1881,0,0,1885,0,593,0,589,57,1.303,1,2119,0,1274.596,17.931,-1237.438,-159.125,260.813,-1.453,4.359,0.535,-1.598,17.859,51.898,1.236,1.420,1.219,1.388,0,NULL,NULL,,3,1,2,7,255,938,250,0,0
stim,59937,90058,1,90058,3287349.454,-0.529,-0.081,0.265,0.802,2165,0,0,2031,0,852,0,663,57,1.303,1,2120,0,910.035,30.070,-894.188,-114.625,124.313,-2.219,3.266,-2.398,-22.371,-20.094,16.547,1.072,1.248,1.219,1.388,1,1073.000,135.000,,3,1,2,7,255,938,250,0,0
stim,59937,90058,1,90058,3287354.455,-0.530,-0.086,0.248,0.806,2359,0,0,2155,0,1007,0,791,57,1.303,1,2120,0,426.970,35.870,-408.750,-119.375,-31.250,-1.727,1.133,-2.238,-22.371,-28.039,-10.949,0.914,1.074,1.219,1.388,1,NULL,NULL,,3,1,2,7,255,938,250,0,0
stim,59937,90058,1,90058,3287359.454,-0.534,-0.085,0.241,0.806,2487,0,0,2230,0,1225,0,884,57,1.303,1,2120,0,191.043,28.483,-101.563,-132.938,-92.250,-0.141,-0.363,0.359,-5.008,-28.039,-10.949,0.762,0.900,1.219,1.388,1,NULL,NULL,,3,1,2,7,255,938,250,0,0
stim,59937,90058,1,90058,3287364.455,-0.534,-0.082,0.236,0.808,2581,0,0,2315,0,1373,0,1005,57,1.303,1,2120,0,135.996,5.271,-54.500,-121.250,28.688,0.746,1.344,1.242,-5.008,1.645,-7.129,0.624,0.726,1.219,1.388,1,NULL,NULL,,3,1,2,7,255,938,250,0,0
stim,59937,90058,1,90058,3287369.454,-0.529,-0.078,0.230,0.813,2747,0,0,2557,0,1511,0,1075,57,1.303,1,2120,0,224.389,14.038,-106.313,-129.438,149.313,0.141,2.344,1.836,-13.941,1.645,1.652,0.512,0.556,1.219,1.388,2,NULL,NULL,,3,1,2,7,255,938,250,0,0
stim,59937,90058,1,90058,3287374.455,-0.524,-0.078,0.219,0.819,2856,0,0,2728,0,1531,0,1164,57,1.303,1,2120,0,326.293,13.985,-254.375,-127.750,159.500,-1.379,0.730,1.828,-13.941,1.109,11.766,0.454,0.420,1.219,1.388,2,NULL,NULL,,3,1,2,7,255,938,250,0,0
stim,59937,90058,1,90058,3287379.454,-0.519,-0.080,0.200,0.827,2937,0,0,2853,0,1576,0,1317,57,1.303,1,2120,0,485.978,6.194,-428.500,-178.500,143.875,-2.371,-1.422,0.543,0.746,-6.148,11.766,0.452,0.346,1.219,1.388,2,NULL,NULL,,3,1,2,7,255,938,250,0,0
stim,59937,90058,1,90058,3287384.455,-0.523,-0.083,0.183,0.828,2992,0,0,2940,0,1583,0,1451,57,1.303,1,2120,0,409.622,25.395,-359.313,-159.875,-114.563,-1.922,-1.652,-0.656,22.590,-11.602,-0.070,0.480,0.340,1.219,1.388,2,NULL,NULL,,3,1,2,7,255,938,250,0,0
stim,59980,90101,1,90101,3287389.454,-0.531,-0.081,0.174,0.825,3027,0,0,3007,0,1581,0,1525,57,1.303,1,2120,0,296.288,25.395,-118.438,-172.750,-209.563,-0.223,-1.098,-0.402,22.590,-11.602,-12.594,0.510,0.370,1.219,1.388,2,NULL,NULL,,3,1,2,7,255,938,250,0,0
stim,59980,90101,1,90101,3287394.455,-0.539,-0.075,0.172,0.821,3051,0,0,3063,0,1595,0,1566,57,1.303,1,2120,0,250.193,10.521,60.688,-161.438,-181.250,0.867,-1.066,1.039,10.488,0.828,-12.594,0.532,0.406,1.219,1.388,2,NULL,NULL,,3,1,2,7,255,938,250,0,0
stim,59980,90101,1,90101,3287399.454,-0.542,-0.070,0.170,0.820,3068,0,0,3108,0,1637,0,1563,57,1.303,1,2120,0,154.656,16.078,35.375,-133.063,-70.438,1.453,-1.277,2.109,6.461,14.723,-4.715,0.556,0.438,1.219,1.388,2,NULL,NULL,,3,1,2,7,255,938,250,0,0
stim,59980,90101,1,90101,3287404.455,-0.541,-0.067,0.163,0.823,3089,0,0,3135,0,1721,0,1548,57,1.303,1,2120,0,174.716,23.988,-99.563,-129.375,62.250,1.254,-1.461,2.211,6.461,23.102,3.145,0.594,0.472,1.219,1.388,2,NULL,NULL,,3,1,2,7,255,938,250,0,0
stim,59980,90101,1,90101,3287409.454,-0.534,-0.067,0.153,0.829,3102,0,0,3164,0,1834,6,1561,57,1.303,1,2120,0,320.577,24.713,-233.625,-115.688,186.563,0.535,-1.246,1.375,8.777,23.102,3.145,0.628,0.502,1.219,1.388,2,NULL,NULL,,3,1,2,7,255,938,250,0,0
stim,59980,90101,1,90101,3287414.455,-0.525,-0.068,0.142,0.836,3113,0,0,3184,0,1937,69,1619,57,1.303,1,2120,0,346.655,16.264,-236.938,-111.938,226.938,-0.469,-0.809,0.262,9.070,13.500,-0.309,0.628,0.516,1.219,1.388,2,NULL,NULL,,3,1,2,7,255,938,250,0,0
stim,59980,90101,1,90101,3287419.454,-0.519,-0.065,0.136,0.841,3117,0,0,3195,0,2041,83,1675,57,1.303,1,2120,0,243.623,9.070,-126.313,-119.250,170.813,-0.996,-0.234,0.082,9.070,0.043,-6.879,0.594,0.512,1.219,1.388,2,NULL,NULL,,3,1,2,7,255,938,250,0,0
stim,59980,90101,1,90101,3287424.455,-0.517,-0.061,0.132,0.843,3119,0,0,3199,0,2137,85,1727,57,1.303,1,2120,0,145.506,9.610,-30.813,-128.250,61.438,-1.082,0.234,0.703,6.383,-7.184,-6.879,0.554,0.502,1.219,1.388,2,NULL,NULL,,3,1,2,7,255,938,250,0,0
stim,59980,90101,1,90101,3287429.454,-0.520,-0.057,0.128,0.843,3123,0,0,3207,71,2250,102,1869,57,1.303,1,2120,0,140.432,7.689,-27.688,-129.563,-46.563,-0.621,0.344,1.355,2.742,-7.184,-0.320,0.518,0.480,1.219,1.388,2,NULL,NULL,,3,1,2,7,255,938,250,0,0
stim,59980,90101,1,90101,3287434.455,-0.522,-0.054,0.122,0.842,3119,0,0,3207,329,2303,250,2005,57,1.303,1,2120,0,156.102,3.316,-72.438,-125.813,-57.375,0.152,0.012,1.402,-0.219,-3.309,3.195,0.480,0.440,1.219,1.388,2,NULL,NULL,,3,1,2,7,255,938,250,0,0
stim,60004,90125,1,90125,3287439.454,-0.524,-0.053,0.118,0.842,3117,0,0,3211,574,2361,246,2119,57,1.303,1,2120,0,123.685,4.626,-72.938,-88.375,-46.563,0.430,-0.449,1.961,-0.219,4.621,4.824,0.446,0.380,1.219,1.388,2,NULL,NULL,,3,1,2,7,255,938,250,0,0
stim,60004,90125,1,90125,3287444.455,-0.526,-0.053,0.112,0.841,3127,0,0,3213,909,2397,247,2197,57,1.303,1,2120,0,123.962,9.836,-99.188,-57.563,-47.063,0.641,-0.402,1.180,0.684,9.813,3.195,0.414,0.312,1.219,1.388,2,NULL,NULL,,3,1,2,7,255,938,250,0,0
stim,60004,90125,1,90125,3287449.454,-0.526,-0.052,0.110,0.841,3115,1,0,3207,1073,2427,267,2253,57,1.303,1,2120,0,61.839,9.836,-34.938,-49.500,-12.375,0.711,0.301,0.777,0.684,9.813,-0.277,0.388,0.250,1.219,1.388,2,NULL,NULL,,3,1,2,7,255,938,250,0,0
stim,60004,90125,1,90125,3287454.455,-0.526,-0.051,0.110,0.842,3113,17,0,3215,1181,2439,297,2300,57,1.303,1,2120,0,36.924,6.550,6.500,-31.063,18.875,0.215,-0.035,1.242,-0.703,6.512,-0.277,0.364,0.202,1.219,1.388,2,NULL,NULL,,3,1,2,7,255,938,250,0,0
stim,60043,90164,1,90164,3287459.454,-0.525,-0.051,0.107,0.843,3111,33,0,3208,1277,2457,309,2351,57,1.303,1,2120,0,65.057,4.728,-58.000,-24.375,16.563,-0.383,-0.430,1.406,-0.703,4.676,1.602,0.342,0.178,1.219,1.388,2,NULL,NULL,,3,1,2,7,255,938,250,0,0
stim,60043,90164,1,90164,3287464.455,-0.526,-0.053,0.104,0.842,3113,43,0,3209,1357,2471,311,2389,57,1.303,1,2120,0,84.562,2.752,-76.500,-17.500,-31.500,-0.363,-0.098,0.844,2.289,1.527,1.602,0.326,0.168,1.219,1.388,2,NULL,NULL,,3,1,2,7,255,938,250,0,0
stim,60043,90164,1,90164,3287469.454,-0.529,-0.052,0.102,0.841,3112,57,0,3208,1456,2477,315,2405,57,1.303,1,2120,0,74.205,2.327,-20.938,-18.938,-68.625,-0.102,0.250,0.742,2.289,-0.418,-1.113,0.316,0.164,1.219,1.388,2,NULL,NULL,,3,1,2,7,255,938,250,0,0
stim,60043,90164,1,90164,3287474.455,-0.531,-0.052,0.102,0.840,3117,93,0,3205,1541,2484,333,2427,57,1.303,1,2120,0,61.489,1.826,5.438,-17.938,-58.563,0.160,0.105,1.105,-1.777,-0.418,-1.113,0.312,0.156,1.219,1.388,2,NULL,NULL,,3,1,2,7,255,938,250,0,0
stim,60043,90164,1,90164,3287479.454,-0.532,-0.052,0.101,0.839,3113,107,0,3205,1577,2505,328,2453,57,1.303,1,2120,0,34.976,3.677,-28.125,-12.813,-16.375,0.113,-0.117,1.242,-1.777,3.219,0.566,0.318,0.142,1.219,1.388,2,NULL,NULL,,3,1,2,7,255,938,250,0,0
stim,60043,90164,1,90164,3287484.455,-0.532,-0.053,0.098,0.840,3119,125,0,3198,1619,2508,317,2469,57,1.303,1,2120,0,56.214,3.240,-55.500,-8.688,-2.063,-0.164,0.008,1.016,0.367,3.219,0.566,0.332,0.120,1.219,1.388,2,NULL,NULL,,3,1,2,7,255,938,250,0,0
stim,60043,90164,1,90164,3287489.454,-0.532,-0.054,0.097,0.839,3117,139,0,3199,1677,2514,329,2487,57,1.303,1,2120,0,47.952,0.682,-38.438,-5.563,-28.125,-0.277,0.188,0.871,0.367,0.574,0.242,0.354,0.098,1.219,1.388,2,NULL,NULL,,3,1,2,7,255,938,250,0,0
stim,60043,90164,1,90164,3287494.455,-0.534,-0.054,0.096,0.838,3115,151,0,3195,1721,2520,335,2493,57,1.303,1,2120,0,57.203,0.728,-16.125,-5.313,-54.625,-0.152,0.191,1.000,-0.719,-0.117,0.207,0.376,0.078,1.219,1.388,2,NULL,NULL,,3,1,2,7,255,938,250,0,0
stim,60066,90187,1,90187,3287499.454,-0.536,-0.054,0.095,0.837,3112,165,0,3193,1751,2525,339,2505,57,1.303,1,2120,0,56.707,1.197,-18.313,-4.250,-53.500,0.020,0.094,1.141,-1.191,-0.117,0.207,0.388,0.066,1.219,1.388,2,NULL,NULL,,3,1,2,7,255,938,250,0,0
stim,60066,90187,1,90187,3287504.455,-0.537,-0.055,0.094,0.836,3118,174,17,3189,1770,2523,338,2515,57,1.303,1,2120,0,45.583,2.355,-32.000,-2.375,-32.375,0.063,0.031,1.098,-1.191,2.031,0.633,0.392,0.060,1.219,1.388,2,NULL,NULL,,3,1,2,7,255,938,250,0,0
stim,60066,90187,1,90187,3287509.454,-0.538,-0.055,0.092,0.836,3111,179,55,3192,1789,2531,335,2511,57,1.303,1,2120,0,38.884,2.197,-35.625,-0.813,-15.563,-0.012,-0.004,0.980,-0.836,2.031,0.633,0.400,0.054,1.219,1.388,2,NULL,NULL,,3,1,2,7,255,938,250,0,0
stim,60066,90187,1,90187,3287514.455,-0.538,-0.056,0.091,0.836,3111,191,89,3193,1811,2529,333,2515,57,1.303,1,2120,0,28.514,1.810,-25.625,-0.375,-12.500,-0.078,-0.070,0.910,-0.250,1.793,-0.395,0.406,0.048,1.219,1.388,2,NULL,NULL,,3,1,2,7,255,938,250,0,0
stim,60066,90187,1,90187,3287519.454,-0.539,-0.056,0.090,0.836,3109,199,109,3190,1829,2531,329,2520,57,1.303,1,2120,0,15.569,1.510,-10.938,-0.625,-11.063,-0.090,-0.102,0.926,0.633,1.371,-0.797,0.414,0.040,1.219,1.388,2,NULL,NULL,,3,1,2,7,255,938,250,0,0
stim,60066,90187,1,90187,3287524.455,-0.539,-0.056,0.090,0.836,3103,200,125,3187,1845,2525,317,2515,57,1.303,1,2120,0,6.572,1.478,-0.813,-1.375,-6.375,-0.113,-0.027,0.992,0.633,1.336,-0.797,0.420,0.036,1.219,1.388,2,NULL,NULL,,3,1,2,7,255,938,250,0,0
stim,60099,90220,1,90220,3287529.454,-0.539,-0.056,0.090,0.835,3111,201,165,3183,1851,2527,316,2515,57,1.303,1,2120,0,5.479,1.062,2.500,-1.875,-4.500,-0.152,0.102,1.059,0.367,0.996,-0.082,0.424,0.032,1.219,1.388,2,NULL,NULL,,3,1,2,7,255,938,250,0,0
stim,60099,90220,1,90220,3287534.455,-0.539,-0.056,0.090,0.835,3099,181,204,3183,1863,2523,317,2517,57,1.333,1,2120,1,7.618,0.691,0.750,-2.000,-7.313,-0.172,0.184,1.098,-0.645,0.250,0.719,0.000,0.000,1.159,1.366,2,NULL,NULL,,3,1,2,7,255,938,250,0,0
stim,60099,90220,1,90220,3287539.455,-0.540,-0.056,0.090,0.835,3090,167,233,3175,1871,2517,313,2510,57,1.333,1,2120,1,11.462,1.307,-4.250,-1.750,-10.500,-0.160,0.191,1.098,-1.305,-0.082,1.141,0.004,0.002,1.159,1.366,2,NULL,NULL,,3,1,2,7,255,938,250,0,0
stim,60099,90220,1,90220,3287544.454,-0.540,-0.056,0.089,0.835,3083,168,250,3164,1882,2511,309,2511,57,1.333,1,2120,1,14.341,1.307,-8.875,-2.125,-11.063,-0.152,0.148,1.063,-1.305,-0.082,1.141,0.008,0.004,1.159,1.366,2,NULL,NULL,,3,1,2,7,255,938,250,0,0
stim,60099,90220,1,90220,3287549.454,-0.541,-0.056,0.089,0.835,3080,167,279,3159,1895,2505,308,2542,57,1.333,1,2120,1,14.995,1.057,-10.375,-2.875,-10.438,-0.156,0.102,1.016,-1.055,0.070,0.746,0.012,0.006,1.159,1.366,2,NULL,NULL,,3,1,2,7,255,938,250,0,0
stim,60099,90220,1,90220,3287554.455,-0.541,-0.056,0.088,0.835,3055,180,309,3147,1903,2493,309,2515,57,1.333,1,2120,1,14.116,0.641,-9.688,-4.188,-9.375,-0.176,0.070,0.996,-0.637,0.070,0.301,0.016,0.006,1.159,1.366,2,NULL,NULL,,3,1,2,7,255,938,250,0,0
stim,60140,90261,1,90261,3287559.454,-0.541,-0.056,0.088,0.834,3048,180,345,3133,1927,2486,310,2516,57,1.333,1,2120,1,15.083,0.341,-8.438,-5.188,-11.375,-0.195,0.086,1.000,-0.340,0.027,0.191,0.018,0.008,1.159,1.366,2,NULL,NULL,,3,1,2,7,255,938,250,0,0
stim,60140,90261,1,90261,3287564.455,-0.542,-0.056,0.088,0.834,3035,179,377,3127,1955,2479,334,2518,57,1.333,1,2120,1,19.008,0.362,-6.688,-6.000,-16.750,-0.176,0.105,1.000,-0.340,-0.125,0.180,0.020,0.008,1.159,1.366,2,NULL,NULL,,3,1,2,7,255,938,250,0,0
stim,60140,90261,1,90261,3287569.454,-0.543,-0.056,0.087,0.834,3013,175,419,3117,1964,2475,343,2519,57,1.333,1,2120,1,21.697,0.618,-4.750,-5.750,-20.375,-0.125,0.109,1.012,-0.605,-0.125,0.191,0.022,0.008,1.159,1.366,2,NULL,NULL,,3,1,2,7,255,938,250,0,0
stim,60140,90261,0,90261,3287574.455,-0.543,-0.056,0.087,0.833,2997,179,441,3109,1980,2471,347,2514,57,1.333,1,2120,1,20.299,0.907,-5.938,-5.250,-18.688,-0.082,0.102,1.016,-0.844,0.332,0.180,0.024,0.006,1.159,1.366,2,NULL,NULL,,3,0,2,7,255,937,250,0,0
stim,60140,90261,0,90261,3287579.454,-0.544,-0.056,0.086,0.833,2985,183,467,3102,1999,2463,345,2509,57,1.333,1,2120,1,17.459,1.098,-7.438,-3.875,-15.313,-0.098,0.070,1.004,-0.844,0.703,0.164,0.024,0.006,1.159,1.366,2,NULL,NULL,,3,0,2,7,255,937,250,0,0
stim,60140,90261,0,90261,3287584.455,-0.544,-0.056,0.086,0.833,2975,183,507,3092,2011,2463,347,2518,57,1.333,1,2120,1,17.507,0.923,-8.938,-3.813,-14.563,-0.137,0.023,0.969,-0.598,0.703,0.063,0.026,0.004,1.159,1.366,2,NULL,NULL,,3,0,2,7,255,937,250,0,0
stim,60140,90261,0,90261,3287589.454,-0.545,-0.056,0.085,0.832,2967,183,599,3067,2013,2455,371,2516,57,1.333,1,2120,1,17.456,0.458,-6.375,-4.000,-15.750,-0.160,-0.031,0.934,-0.031,0.457,-0.234,0.028,0.004,1.159,1.366,2,NULL,NULL,,3,0,2,7,255,937,250,0,0
stim,60140,90261,0,90261,3287594.455,-0.546,-0.056,0.085,0.832,2938,185,659,3053,2035,2456,381,2523,57,1.333,1,2120,1,16.560,0.719,-2.625,-5.563,-15.375,-0.168,-0.086,0.914,0.555,0.457,-0.535,0.030,0.002,1.159,1.366,2,NULL,NULL,,3,0,2,7,255,937,250,0,0
stim,60167,90288,0,90288,3287599.454,-0.546,-0.056,0.085,0.832,2927,185,695,3044,2054,2457,401,2535,57,1.333,1,2120,1,15.834,1.176,1.438,-7.375,-13.938,-0.168,-0.098,0.902,1.063,0.504,-0.777,0.030,0.002,1.159,1.366,2,NULL,NULL,,3,0,2,7,255,937,250,0,0
stim,60167,90288,0,90288,3287604.455,-0.547,-0.055,0.084,0.831,2905,185,740,3031,2085,2452,411,2535,57,1.333,1,2120,1,17.438,1.176,6.125,-9.625,-13.188,-0.188,-0.059,0.910,1.063,0.504,-0.777,0.032,0.004,1.159,1.366,2,NULL,NULL,,3,0,2,7,255,937,250,0,0
stim,60167,90288,0,90288,3287609.454,-0.547,-0.055,0.084,0.831,2887,184,791,3016,2118,2451,437,2543,57,1.333,1,2120,1,20.764,0.930,9.688,-11.813,-14.063,-0.188,-0.004,0.945,0.906,0.211,-0.730,0.034,0.006,1.159,1.366,2,NULL,NULL,,3,0,2,7,255,937,250,0,0
stim,60167,90288,0,90288,3287614.455,-0.548,-0.054,0.084,0.831,2871,188,827,2996,2165,2457,503,2565,57,1.333,1,2120,1,22.629,0.440,10.125,-13.375,-15.188,-0.168,0.043,0.984,0.430,0.094,-0.363,0.036,0.008,1.159,1.366,2,NULL,NULL,,3,0,2,7,255,937,250,0,0
stim,60167,90288,0,90288,3287619.454,-0.548,-0.053,0.084,0.830,2842,203,907,2973,2212,2460,543,2584,57,1.333,1,2120,1,21.117,0.130,7.125,-14.875,-13.188,-0.156,0.059,0.996,-0.090,0.094,-0.016,0.038,0.010,1.159,1.366,2,NULL,NULL,,3,0,2,7,255,937,250,0,0
stim,60167,90288,0,90288,3287624.455,-0.549,-0.053,0.084,0.830,2813,215,956,2953,2259,2456,615,2605,57,1.333,1,2120,1,20.052,0.278,4.438,-16.125,-11.063,-0.164,0.078,0.996,-0.262,0.094,0.082,0.040,0.012,1.159,1.366,2,NULL,NULL,,3,0,2,7,255,937,250,0,0
stim,60198,90319,0,90319,3287629.454,-0.549,-0.052,0.084,0.830,2781,218,1043,2912,2294,2459,717,2615,57,1.333,1,2120,1,21.765,0.387,3.250,-17.563,-12.438,-0.180,0.086,0.980,-0.387,-0.004,0.082,0.042,0.014,1.159,1.366,2,NULL,NULL,,3,0,2,7,255,937,250,0,0
stim,60198,90319,0,90319,3287634.455,-0.550,-0.051,0.083,0.829,2759,221,1130,2903,2341,2473,803,2635,57,1.333,1,2120,1,24.435,0.434,4.563,-19.500,-14.000,-0.164,0.102,0.969,-0.406,-0.152,-0.004,0.044,0.020,1.159,1.366,2,NULL,NULL,,3,0,2,7,255,937,250,0,0
stim,60198,90319,0,90319,3287639.454,-0.550,-0.050,0.083,0.829,2729,235,1213,2879,2367,2479,905,2652,57,1.333,1,2120,1,26.102,0.617,7.063,-21.313,-13.313,-0.152,0.137,0.988,-0.594,-0.168,-0.004,0.048,0.024,1.159,1.366,2,NULL,NULL,,3,0,2,7,255,937,250,0,0
stim,60198,90319,0,90319,3287644.455,-0.551,-0.049,0.083,0.829,2687,245,1287,2859,2423,2483,985,2661,57,1.333,1,2120,1,27.796,0.937,7.188,-21.563,-16.000,-0.148,0.168,1.023,-0.922,-0.168,0.031,0.052,0.030,1.159,1.366,2,NULL,NULL,,3,0,2,7,255,937,250,0,0
stim,60237,90358,0,90358,3287649.454,-0.552,-0.048,0.083,0.828,2652,255,1407,2837,2459,2489,1081,2682,57,1.333,1,2120,1,28.981,1.230,1.938,-21.063,-19.813,-0.141,0.180,1.051,-1.219,-0.168,0.383,0.056,0.036,1.159,1.366,2,NULL,NULL,,3,0,2,7,255,937,250,0,0
stim,60237,90358,0,90358,3287654.455,-0.553,-0.048,0.082,0.828,2605,262,1544,2800,2488,2503,1195,2701,57,1.333,1,2120,1,31.079,1.227,-5.500,-21.188,-22.063,-0.141,0.129,1.027,-1.219,-0.145,0.383,0.062,0.042,1.159,1.366,2,NULL,NULL,,3,0,2,7,255,937,250,0,0
stim,60237,90358,0,90358,3287659.454,-0.554,-0.047,0.081,0.827,2556,265,1647,2783,2531,2503,1292,2724,57,1.333,1,2120,1,34.137,0.915,-7.938,-21.188,-25.563,-0.148,0.102,1.008,-0.914,-0.035,0.379,0.066,0.048,1.159,1.366,2,NULL,NULL,,3,0,2,7,255,937,250,0,0
stim,60237,90358,0,90358,3287664.455,-0.555,-0.046,0.080,0.827,2493,267,1767,2751,2577,2517,1397,2745,57,1.333,1,2120,1,36.672,0.629,-9.813,-21.875,-27.750,-0.145,0.070,1.020,-0.629,-0.012,0.316,0.070,0.052,1.159,1.366,2,NULL,NULL,,3,0,2,7,255,937,250,0,0
stim,60237,90358,0,90358,3287669.454,-0.556,-0.046,0.079,0.826,2445,287,1876,2729,2607,2517,1499,2750,57,1.333,1,2120,1,38.935,0.353,-13.000,-22.813,-28.750,-0.172,0.070,1.004,-0.352,-0.035,0.199,0.074,0.056,1.159,1.366,2,NULL,NULL,,3,0,2,7,255,937,250,0,0
stim,60237,90358,0,90358,3287674.455,-0.557,-0.046,0.078,0.826,2375,299,1987,2693,2651,2525,1620,2781,57,1.333,1,2120,1,42.482,0.369,-15.500,-22.813,-32.313,-0.113,0.090,1.055,-0.352,0.113,0.316,0.076,0.060,1.159,1.366,2,NULL,NULL,,3,0,2,7,255,937,250,0,0
stim,60237,90358,0,90358,3287679.454,-0.558,-0.045,0.076,0.825,2295,308,2085,2652,2683,2525,1725,2797,57,1.333,1,2120,1,46.832,0.471,-26.188,-23.125,-31.188,-0.141,0.074,1.043,-0.461,0.098,0.512,0.078,0.062,1.159,1.366,2,NULL,NULL,,3,0,2,7,255,937,250,0,0
stim,60237,90359,0,90359,3287684.455,-0.559,-0.045,0.074,0.824,2204,311,2191,2621,2715,2525,1816,2807,57,1.333,1,2120,1,50.705,0.471,-28.938,-23.125,-34.625,-0.172,-0.020,1.004,-0.461,0.098,0.512,0.080,0.062,1.159,1.366,2,NULL,NULL,,3,0,2,7,255,937,250,0,0
stim,60264,90385,0,90385,3287689.454,-0.561,-0.045,0.073,0.823,2115,315,2286,2569,2743,2537,1925,2821,57,1.333,1,2120,1,60.645,0.503,-29.250,-25.000,-46.875,-0.270,-0.027,0.992,0.500,0.051,0.188,0.078,0.064,1.159,1.366,2,NULL,NULL,,3,0,2,7,255,937,250,0,0
stim,60264,90385,0,90385,3287694.455,-0.563,-0.045,0.071,0.822,2021,319,2381,2510,2771,2537,2024,2840,57,1.333,1,2120,1,76.594,0.500,-31.688,-27.250,-64.188,-0.176,-0.004,1.059,0.500,0.000,0.188,0.078,0.062,1.159,1.366,2,NULL,NULL,,3,0,2,7,255,937,250,0,0
stim,60264,90385,0,90385,3287699.454,-0.566,-0.046,0.068,0.821,1925,313,2461,2443,2783,2545,2131,2856,57,1.333,1,2120,1,83.330,0.320,-42.313,-27.500,-66.313,-0.074,-0.012,1.121,0.320,0.000,0.715,0.078,0.062,1.159,1.366,2,NULL,NULL,,3,0,2,7,255,937,250,0,0
stim,60264,90385,0,90385,3287704.455,-0.567,-0.046,0.065,0.820,1781,313,2527,2355,2821,2541,2211,2868,57,1.333,1,2120,1,81.491,0.996,-56.000,-26.875,-52.750,-0.023,0.004,1.082,-0.008,0.996,0.719,0.076,0.060,1.159,1.366,2,NULL,NULL,,3,0,2,7,255,937,250,0,0
stim,60264,90385,0,90385,3287709.454,-0.569,-0.047,0.062,0.819,1612,301,2585,2239,2840,2539,2276,2875,57,1.333,1,2120,0,79.752,1.008,-65.188,-28.625,-35.938,-0.074,-0.004,1.047,-0.152,0.996,0.719,0.076,0.060,1.159,1.366,2,NULL,NULL,,3,0,2,7,255,937,250,0,0
stim,60264,90385,0,90385,3287714.455,-0.570,-0.047,0.059,0.818,1374,279,2643,2153,2859,2539,2355,2903,57,1.333,1,2120,0,80.548,0.769,-66.563,-28.313,-35.438,-0.160,-0.004,1.012,-0.152,0.754,0.461,0.072,0.060,1.159,1.366,2,NULL,NULL,,3,0,2,7,255,937,250,0,0
stim,60282,90403,0,90403,3287719.454,-0.571,-0.048,0.056,0.817,1199,263,2676,1991,2879,2546,2419,2903,57,1.333,1,2120,0,80.586,0.121,-58.625,-32.563,-44.688,-0.184,0.020,0.961,-0.066,-0.102,0.223,0.070,0.058,1.159,1.366,2,NULL,NULL,,3,0,2,7,255,937,250,0,0
stim,60282,90403,0,90403,3287724.455,-0.573,-0.048,0.053,0.816,1021,236,2726,1788,2900,2537,2471,2921,57,1.333,1,2120,0,82.027,0.136,-48.688,-31.063,-58.250,-0.121,-0.051,0.977,0.090,-0.102,-0.164,0.070,0.054,1.159,1.366,2,NULL,NULL,,3,0,2,7,255,937,250,0,0
stim,60282,90403,0,90403,3287729.454,-0.575,-0.048,0.050,0.815,814,204,2759,1577,2921,2537,2527,2923,57,1.333,1,2120,0,73.347,0.418,-41.250,-34.688,-49.750,-0.070,-0.090,1.090,0.316,0.273,-0.164,0.070,0.052,1.159,1.366,2,NULL,NULL,,3,0,2,7,255,937,250,0,0
stim,60282,90403,0,90403,3287734.455,-0.577,-0.048,0.048,0.814,553,171,2795,1350,2941,2525,2585,2931,57,1.333,1,2120,0,71.594,0.418,-42.563,-35.188,-45.563,-0.125,-0.016,1.004,0.316,0.273,0.098,0.070,0.052,1.159,1.366,2,NULL,NULL,,3,0,2,7,255,937,250,0,0
stim,60305,90426,0,90426,3287739.454,-0.578,-0.047,0.045,0.814,378,94,2823,1101,2951,2516,2629,2937,57,1.333,1,2120,0,62.769,0.744,-35.000,-39.375,-34.125,-0.055,-0.027,1.031,-0.047,0.742,0.273,0.070,0.052,1.159,1.366,2,NULL,NULL,,3,0,2,7,255,937,250,0,0
stim,60305,90426,0,90426,3287744.455,-0.579,-0.046,0.043,0.813,181,61,2843,871,2971,2496,2665,2958,57,1.333,1,2120,0,61.165,0.091,-30.063,-41.313,-33.625,-0.145,-0.109,0.992,-0.047,0.078,0.098,0.072,0.054,1.159,1.366,2,NULL,NULL,,3,0,2,7,255,937,250,0,0
stim,60305,90426,0,90426,3287749.454,-0.580,-0.045,0.041,0.812,69,29,2873,587,2985,2490,2697,2959,57,1.333,1,2120,0,54.285,0.606,-17.000,-46.625,-22.000,-0.074,-0.055,1.078,0.074,0.602,0.273,0.074,0.056,1.159,1.366,2,NULL,NULL,,3,0,2,7,255,937,250,0,0
stim,60305,90426,0,90426,3287754.455,-0.581,-0.044,0.039,0.812,18,0,2887,402,2989,2456,2719,2969,57,1.333,1,2120,0,63.593,0.409,-21.063,-48.375,-35.500,-0.063,0.012,1.047,0.074,0.402,0.438,0.076,0.058,1.159,1.366,2,NULL,NULL,,3,0,2,7,255,937,250,0,0
stim,60342,90463,0,90463,3287759.454,-0.582,-0.042,0.037,0.811,0,0,2901,231,2999,2429,2749,2973,57,1.333,1,2120,0,59.400,0.840,-14.813,-51.375,-25.875,-0.016,0.047,1.020,-0.586,0.602,0.438,0.076,0.058,1.159,1.366,2,NULL,NULL,,3,0,2,7,255,937,250,0,0
stim,60342,90463,0,90463,3287764.455,-0.583,-0.041,0.035,0.811,0,0,2909,157,3027,2407,2789,2991,57,1.333,1,2120,0,64.524,0.711,-11.188,-54.000,-33.500,-0.094,0.016,1.016,-0.586,0.402,0.195,0.078,0.058,1.159,1.366,2,NULL,NULL,,3,0,2,7,255,937,250,0,0
stim,60342,90463,0,90463,3287769.454,-0.583,-0.038,0.035,0.811,0,0,2931,118,3026,2376,2808,2989,57,1.333,1,2120,0,71.079,0.497,30.313,-64.250,-2.313,-0.352,-0.125,1.234,-0.496,-0.023,0.195,0.080,0.060,1.159,1.366,2,NULL,NULL,,3,0,2,7,255,937,250,0,0
stim,60342,90463,0,90463,3287774.455,-0.584,-0.034,0.035,0.811,0,0,2925,71,3037,2357,2843,2994,57,1.333,1,2120,0,92.657,2.385,51.188,-76.875,-7.438,-0.508,-0.203,1.539,1.555,-1.809,2.582,0.082,0.062,1.159,1.366,3,NULL,NULL,,3,0,2,7,255,937,250,0,0
stim,60342,90464,0,90464,3287779.454,-0.585,-0.030,0.034,0.810,0,0,2937,57,3054,2317,2859,2999,57,1.333,1,2120,0,100.468,2.972,47.938,-84.625,-25.188,-0.449,-0.105,1.738,1.613,-2.496,5.695,0.086,0.066,1.159,1.366,3,NULL,NULL,,3,0,2,7,255,937,250,0,0
stim,60342,90464,0,90464,3287784.455,-0.586,-0.027,0.032,0.810,0,0,2942,0,3054,2273,2877,2999,57,1.333,1,2120,0,93.877,2.972,-10.250,-90.500,-22.750,-0.125,0.133,1.633,1.613,-2.496,6.238,0.088,0.070,1.159,1.366,3,NULL,NULL,,3,0,2,7,255,937,250,0,0
stim,60343,90464,0,90464,3287789.454,-0.586,-0.025,0.028,0.810,0,0,2951,0,3063,2207,2899,2999,57,1.333,1,2120,0,103.501,1.595,-50.625,-89.813,-9.125,-0.059,0.172,1.316,-1.527,-0.461,6.238,0.090,0.076,1.159,1.366,3,NULL,NULL,,3,0,2,7,255,937,250,0,0
stim,60343,90464,0,90464,3287794.455,-0.585,-0.022,0.024,0.810,0,0,2953,0,3077,2133,2916,3003,57,1.333,1,2120,0,104.628,2.030,-31.875,-98.500,15.125,-0.145,0.207,1.148,-1.977,-0.461,3.066,0.088,0.084,1.159,1.366,3,NULL,NULL,,3,0,2,7,255,937,250,0,0
stim,60363,90484,0,90484,3287799.454,-0.584,-0.018,0.022,0.811,0,0,2955,0,3087,2053,2925,2997,57,1.333,1,2120,0,112.415,2.428,2.000,-108.625,28.875,-0.281,0.191,1.250,-1.977,-1.410,2.531,0.086,0.092,1.159,1.366,3,NULL,NULL,,3,0,2,7,255,937,250,0,0
stim,60363,90484,0,90484,3287804.455,-0.584,-0.014,0.020,0.812,0,0,2953,0,3081,1928,2941,3003,57,1.333,1,2120,0,115.397,3.037,4.500,-114.813,10.688,-0.309,0.141,1.367,-1.422,-2.684,2.531,0.084,0.100,1.159,1.366,3,NULL,NULL,,3,0,2,7,255,937,250,0,0
stim,60363,90484,0,90484,3287809.454,-0.584,-0.010,0.016,0.812,0,0,2950,0,3093,1799,2961,2999,57,1.333,1,2120,0,120.633,2.813,-5.500,-120.500,1.313,-0.297,-0.051,1.383,-0.844,-2.684,3.676,0.086,0.108,1.159,1.366,3,NULL,NULL,,3,0,2,7,255,937,250,0,0
stim,60363,90484,0,90484,3287814.455,-0.583,-0.006,0.013,0.812,0,0,2939,0,3099,1647,2971,2989,57,1.333,1,2120,0,128.534,2.427,-9.688,-128.000,6.563,-0.230,-0.117,1.402,0.910,-2.250,3.859,0.088,0.116,1.159,1.366,3,NULL,NULL,,3,0,2,7,255,937,250,0,0
stim,60363,90484,0,90484,3287819.454,-0.583,-0.002,0.009,0.812,0,0,2931,0,3099,1442,2983,2983,57,1.333,1,2120,0,135.200,2.079,-25.188,-132.625,7.438,-0.188,-0.129,1.305,1.371,-1.563,3.859,0.090,0.126,1.159,1.366,3,NULL,NULL,,3,0,2,7,255,937,250,0,0
stim,60363,90484,0,90484,3287824.455,-0.582,0.002,0.004,0.813,0,0,2909,0,3099,1227,2985,2971,57,1.333,1,2120,0,142.315,2.087,-25.625,-138.938,17.125,-0.254,-0.137,1.211,1.383,-1.563,3.020,0.092,0.138,1.159,1.366,3,NULL,NULL,,3,0,2,7,255,937,250,0,0
stim,60398,90520,0,90520,3287829.454,-0.582,0.006,0.000,0.813,0,0,2899,0,3102,990,3004,2969,57,1.333,1,2120,0,148.256,2.477,-15.500,-146.813,13.625,-0.246,-0.047,1.211,1.383,-2.055,2.082,0.092,0.152,1.159,1.366,3,NULL,NULL,,3,0,2,7,255,937,250,0,0
stim,60398,90520,0,90520,3287834.455,-0.581,0.011,-0.004,0.814,0,0,2871,0,3115,697,3004,2955,57,1.333,1,2120,0,154.070,2.295,-16.688,-153.063,5.563,-0.195,-0.074,1.125,1.023,-2.055,2.043,0.090,0.162,1.159,1.366,3,NULL,NULL,,3,0,2,7,255,937,250,0,0
stim,60398,90520,0,90520,3287839.454,-0.581,0.016,-0.009,0.814,0,0,2854,0,3112,547,3020,2938,57,1.333,1,2120,0,159.392,2.202,-6.125,-159.188,5.250,-0.188,-0.137,1.082,1.023,-1.949,1.168,0.086,0.172,1.159,1.366,3,NULL,NULL,,3,0,2,7,255,937,250,0,0
stim,60398,90520,0,90520,3287844.455,-0.580,0.022,-0.013,0.814,0,0,2833,0,3107,391,3022,2917,57,1.333,1,2120,0,165.705,2.426,2.500,-165.625,4.500,-0.168,-0.148,1.086,1.617,-1.809,0.781,0.082,0.182,1.159,1.366,3,NULL,NULL,,3,0,2,7,255,937,250,0,0
stim,60398,90520,0,90520,3287849.454,-0.580,0.028,-0.017,0.814,0,0,2781,0,3111,175,3029,2909,57,1.333,1,2120,0,171.534,2.442,8.250,-171.313,2.813,-0.152,-0.176,1.074,1.711,-1.742,0.738,0.080,0.192,1.159,1.366,3,NULL,NULL,,3,0,2,7,255,937,250,0,0
stim,60398,90520,0,90520,3287854.455,-0.579,0.034,-0.021,0.814,0,0,2744,0,3108,105,3041,2873,57,1.333,1,2120,0,179.840,2.362,18.125,-178.813,6.313,-0.113,-0.145,1.121,1.711,-1.629,0.781,0.080,0.204,1.159,1.366,3,NULL,NULL,,3,0,2,7,255,937,250,0,0
stim,60439,90560,0,90560,3287859.454,-0.579,0.041,-0.024,0.814,0,0,2697,0,3104,8,3035,2843,57,1.333,1,2120,0,184.310,2.295,22.750,-182.875,3.063,-0.086,0.004,1.238,1.617,-1.629,1.074,0.082,0.218,1.159,1.366,3,NULL,NULL,,3,0,2,7,255,937,250,0,0
stim,60439,90560,0,90560,3287864.455,-0.578,0.048,-0.028,0.814,0,0,2621,0,3107,0,3037,2807,57,1.333,1,2120,0,190.824,2.052,19.125,-189.813,4.375,-0.113,0.145,1.340,0.266,-2.035,2.203,0.086,0.230,1.159,1.366,3,NULL,NULL,,3,0,2,7,255,937,250,0,0
stim,60439,90560,0,90560,3287869.454,-0.578,0.056,-0.032,0.814,0,0,2543,0,3109,0,3046,2759,57,1.333,1,2120,0,197.300,3.136,19.250,-196.313,4.250,-0.148,0.234,1.535,-0.859,-3.016,3.090,0.094,0.244,1.159,1.366,3,NULL,NULL,,3,0,2,7,255,937,250,0,0
stim,60439,90560,0,90560,3287874.455,-0.577,0.064,-0.037,0.813,0,0,2469,0,3097,4,3044,2712,57,1.333,1,2120,0,206.699,4.152,28.625,-204.688,2.813,-0.262,0.176,1.949,-0.859,-4.063,4.891,0.106,0.260,1.159,1.366,3,NULL,NULL,,3,0,2,7,255,937,250,0,0
stim,60439,90560,0,90560,3287879.454,-0.576,0.072,-0.042,0.813,0,0,2347,0,3093,5,3039,2645,57,1.333,1,2120,0,224.110,5.752,19.188,-222.625,17.188,-0.363,0.098,2.344,-0.270,-5.746,8.699,0.118,0.276,1.159,1.366,3,NULL,NULL,,3,0,2,7,255,937,250,0,0
stim,60439,90560,0,90560,3287884.455,-0.574,0.081,-0.048,0.814,0,0,2201,0,3063,59,3037,2583,57,1.333,1,2120,0,249.363,7.456,-7.500,-245.938,40.500,-0.598,0.203,2.527,1.094,-7.375,12.254,0.138,0.296,1.159,1.366,3,NULL,NULL,,3,0,2,7,255,937,250,0,0
stim,60439,90560,0,90560,3287889.454,-0.571,0.089,-0.057,0.814,0,0,2039,0,3047,73,3016,2485,57,1.333,1,2120,0,285.092,10.681,-43.563,-276.750,52.813,-0.785,0.547,2.605,1.094,-10.625,13.426,0.162,0.320,1.159,1.366,3,NULL,NULL,,3,0,2,7,255,937,250,0,0
stim,60439,90560,0,90560,3287894.455,-0.569,0.098,-0.067,0.814,0,0,1891,0,3035,78,3011,2382,57,1.333,1,2120,0,315.837,14.207,-75.375,-304.750,34.625,-0.762,0.891,2.637,-1.293,-14.148,13.426,0.190,0.352,1.159,1.366,3,NULL,NULL,,3,0,2,7,255,937,250,0,0
stim,60462,90583,0,90583,3287899.454,-0.567,0.107,-0.079,0.813,0,0,1757,0,3019,93,2976,2249,57,1.333,1,2120,0,344.179,16.340,-97.000,-329.750,17.750,-0.723,0.852,2.555,-4.223,-15.785,13.305,0.230,0.392,1.159,1.366,3,NULL,NULL,,3,0,2,7,255,937,250,0,0
stim,60462,90583,0,90583,3287904.455,-0.565,0.117,-0.092,0.812,0,0,1605,0,2979,104,2942,2106,57,1.333,1,2120,0,374.492,16.344,-108.438,-357.563,25.188,-0.734,0.766,2.672,-4.223,-15.789,12.746,0.280,0.442,1.159,1.366,3,NULL,NULL,,3,0,2,7,255,937,250,0,0
stim,60462,90583,0,90583,3287909.454,-0.563,0.127,-0.106,0.810,0,0,1487,0,2941,111,2913,1989,57,1.333,1,2120,0,403.169,17.106,-126.188,-381.938,27.313,-0.867,0.895,2.840,-3.879,-16.660,12.746,0.340,0.504,1.159,1.366,3,NULL,NULL,,3,0,2,7,255,937,250,0,0
stim,60462,90583,0,90583,3287914.455,-0.561,0.138,-0.121,0.807,0,0,1405,0,2899,119,2848,1849,57,1.333,1,2120,0,429.370,19.936,-144.625,-404.250,4.938,-0.852,1.055,2.875,-3.879,-19.555,12.746,0.412,0.574,1.159,1.366,3,NULL,NULL,,3,0,2,7,255,937,250,0,0
stim,60484,90605,0,90605,3287919.454,-0.560,0.149,-0.137,0.803,0,0,1299,0,2829,104,2785,1717,57,1.333,1,2120,0,457.217,20.019,-160.313,-427.563,-23.188,-0.672,0.859,2.836,-4.285,-19.555,12.738,0.490,0.654,1.159,1.366,3,NULL,NULL,,3,0,2,7,255,937,250,0,0
stim,60484,90605,0,90605,3287924.455,-0.558,0.161,-0.154,0.800,0,0,1167,0,2757,79,2679,1587,57,1.333,1,2120,0,481.693,20.706,-161.125,-453.938,2.750,-0.727,0.750,2.781,-4.285,-20.258,12.402,0.576,0.740,1.159,1.366,3,NULL,NULL,,3,0,2,7,255,937,250,0,0
stim,60484,90605,0,90605,3287929.454,-0.554,0.173,-0.171,0.796,0,0,1015,0,2657,71,2527,1433,57,1.333,1,2120,0,497.825,20.505,-162.500,-470.438,10.563,-0.957,0.832,2.840,-3.176,-20.258,10.934,0.672,0.836,1.159,1.366,3,NULL,NULL,,3,0,2,7,255,937,250,0,0
stim,60484,90605,0,90605,3287934.455,-0.552,0.186,-0.188,0.791,0,0,845,0,2519,45,2339,1260,57,1.333,1,2120,0,503.289,23.721,-148.188,-480.438,-22.813,-1.043,0.652,3.129,-3.172,-23.508,10.625,0.774,0.938,1.159,1.366,3,NULL,NULL,,3,0,2,7,255,937,250,0,0
stim,60484,90605,0,90605,3287939.454,-0.550,0.200,-0.204,0.785,0,0,685,0,2349,0,2072,1073,57,1.333,1,2120,0,516.233,25.942,-145.750,-492.875,-48.250,-0.930,0.254,3.359,-1.109,-25.918,10.625,0.882,1.048,1.159,1.366,3,NULL,NULL,,3,0,2,7,255,937,250,0,0
stim,60484,90605,0,90605,3287944.455,-0.548,0.213,-0.223,0.778,0,0,475,0,2099,0,1785,915,57,1.333,1,2120,0,546.508,26.025,-183.125,-514.125,-28.500,-0.828,-0.250,3.254,2.363,-25.918,11.582,0.994,1.162,1.159,1.366,3,NULL,NULL,,3,0,2,7,255,937,250,0,0
stim,60537,90658,0,90658,3287949.454,-0.544,0.225,-0.244,0.771,0,0,280,0,1809,0,1403,761,57,1.333,1,2120,0,578.937,25.167,-239.500,-527.000,8.875,-0.621,-0.453,2.480,6.605,-24.285,11.582,1.108,1.278,1.159,1.366,3,NULL,NULL,,3,0,2,7,255,937,250,0,0
stim,60537,90658,0,90658,3287954.455,-0.539,0.238,-0.264,0.764,0,0,211,0,1465,0,850,615,57,1.333,1,2120,0,577.957,19.736,-214.938,-536.438,8.438,-0.512,-0.438,1.637,6.605,-18.598,6.027,1.224,1.398,1.159,1.366,3,NULL,NULL,,3,0,2,7,255,937,250,0,0
stim,60560,90681,0,90681,3287959.454,-0.532,0.253,-0.281,0.758,0,0,104,0,1070,0,287,491,57,1.333,1,2120,0,562.576,14.599,-114.438,-550.063,28.750,-0.516,-0.270,1.414,6.320,-13.160,-0.375,1.334,1.510,1.159,1.366,3,NULL,NULL,,3,0,2,7,255,937,250,0,0
stim,60560,90681,0,90681,3287964.455,-0.523,0.269,-0.295,0.753,0,0,77,0,584,0,0,421,57,1.333,1,2120,0,559.397,13.981,-12.000,-555.688,63.188,-0.711,0.094,1.922,4.719,-13.160,-2.230,1.434,1.614,1.159,1.366,3,NULL,NULL,,3,0,2,7,255,937,250,0,0
stim,60560,90681,0,90681,3287969.454,-0.510,0.286,-0.309,0.750,0,0,22,0,167,0,0,365,57,1.333,1,2120,0,588.289,19.107,21.500,-570.938,140.188,-1.363,0.141,2.457,4.719,-18.516,-2.941,1.522,1.708,1.159,1.366,3,NULL,NULL,,3,0,2,7,255,937,250,0,0
stim,60560,90681,0,90681,3287974.455,-0.496,0.301,-0.326,0.746,0,0,22,0,0,0,0,316,57,1.333,1,2120,0,612.959,26.817,-62.063,-579.188,190.813,-1.570,0.648,2.332,2.469,-26.703,-4.594,1.606,1.796,1.159,1.366,3,NULL,NULL,,3,0,2,7,255,937,250,0,0
stim,60560,90681,0,90681,3287979.454,-0.487,0.312,-0.345,0.739,0,0,8,0,0,0,0,245,57,1.333,1,2120,0,574.707,26.729,-190.125,-532.813,101.250,-1.238,1.422,1.723,1.176,-26.703,-9.277,1.696,1.888,1.159,1.366,3,NULL,NULL,,3,0,2,7,255,937,250,0,0
stim,60560,90681,0,90681,3287984.455,-0.482,0.321,-0.365,0.729,0,0,9,0,0,0,0,171,57,1.333,1,2120,0,543.776,24.921,-277.625,-466.688,28.625,-0.648,1.832,1.172,-7.551,-23.750,-13.133,1.796,1.992,1.159,1.366,4,NULL,NULL,,3,0,2,7,255,937,250,0,0
stim,60560,90681,0,90681,3287989.454,-0.477,0.322,-0.386,0.720,0,0,11,0,0,0,0,146,57,1.333,1,2120,0,551.377,21.905,-387.625,-375.000,114.625,-0.789,1.789,0.570,-13.590,-17.180,-13.309,1.908,2.106,1.159,1.366,0,NULL,NULL,,3,0,2,7,255,937,250,0,0
stim,60560,90681,0,90681,3287994.455,-0.475,0.317,-0.409,0.712,0,0,11,0,0,0,0,119,57,1.333,1,2120,0,563.642,18.474,-478.875,-255.250,152.375,-0.516,1.906,-0.574,-13.887,-12.184,-18.176,2.020,2.220,1.159,1.366,0,NULL,NULL,,3,0,2,7,255,937,250,0,0
stim,60560,90681,0,90681,3287999.454,-0.474,0.315,-0.421,0.706,0,0,6,0,0,0,0,82,57,1.333,1,2120,0,309.221,13.607,-269.875,-140.000,56.438,-0.527,0.656,-0.758,-13.590,-0.684,-19.414,2.122,2.324,1.159,1.366,0,NULL,NULL,,3,0,2,7,255,937,250,0,0
stim,60560,90681,0,90681,3288004.455,-0.472,0.317,-0.421,0.707,0,0,7,0,0,0,0,80,57,1.333,1,2120,0,72.535,4.471,40.250,-57.063,19.625,-0.836,-1.008,0.348,-4.418,-0.684,-19.414,2.208,2.410,1.159,1.366,0,NULL,NULL,,3,0,2,7,255,937,250,0,0
stim,60560,90681,0,90681,3288009.454,-0.471,0.317,-0.419,0.708,0,0,0,0,0,0,0,95,57,1.333,1,2120,0,52.985,13.022,48.438,19.500,9.000,-1.160,-1.281,1.793,12.137,-4.719,-12.184,2.270,2.474,1.159,1.366,0,NULL,NULL,,3,0,2,7,255,937,250,0,0
stim,60560,90681,0,90681,3288014.455,-0.475,0.311,-0.421,0.707,0,0,0,0,0,0,0,91,57,1.333,1,2120,0,172.940,21.894,-135.438,107.438,-4.688,-1.211,-0.316,1.605,12.137,-18.223,-11.867,2.310,2.516,1.159,1.366,0,NULL,NULL,,3,0,2,7,255,937,250,0,0
stim,60581,90702,0,90702,3288019.454,-0.482,0.301,-0.424,0.705,0,0,0,0,0,0,0,43,57,1.333,1,2120,0,281.766,19.586,-217.500,179.125,-0.438,-1.016,1.039,0.313,7.180,-18.223,-11.867,2.342,2.548,1.159,1.366,0,NULL,NULL,,3,0,2,7,255,937,250,0,0
stim,60581,90702,0,90702,3288024.455,-0.487,0.292,-0.423,0.706,0,0,0,0,0,0,0,20,57,1.333,1,2120,0,246.817,10.514,-115.563,216.875,23.000,-0.973,1.676,-0.234,-6.129,-8.543,-20.004,2.380,2.588,1.159,1.366,0,NULL,NULL,,3,0,2,7,255,937,250,0,0
stim,60581,90702,0,90702,3288029.454,-0.490,0.285,-0.418,0.710,0,0,0,0,0,0,0,16,57,1.333,1,2120,0,234.821,12.002,13.188,232.750,28.188,-1.102,1.324,0.258,-8.430,-8.543,-21.676,2.426,2.638,1.159,1.366,0,NULL,NULL,,3,0,2,7,255,937,250,0,0
stim,60581,90702,0,90702,3288034.455,-0.494,0.277,-0.412,0.714,0,0,0,0,0,0,0,8,57,1.333,1,2120,0,250.263,12.394,22.000,248.688,17.375,-1.070,0.516,0.918,-8.430,-9.086,-21.676,2.474,2.690,1.159,1.366,0,NULL,NULL,,3,0,2,7,255,937,250,0,0
stim,60604,90725,0,90725,3288039.454,-0.499,0.268,-0.408,0.716,0,0,0,0,0,0,0,17,57,1.333,1,2120,0,261.824,12.502,-49.625,256.375,19.000,-1.070,-0.047,0.859,-1.410,-12.422,-15.438,2.520,2.738,1.159,1.366,0,NULL,NULL,,3,0,2,7,255,937,250,0,0
stim,60604,90725,0,90725,3288044.455,-0.504,0.257,-0.406,0.718,0,0,0,0,0,0,0,24,57,1.333,1,2120,0,278.860,12.515,-93.375,262.188,17.375,-0.918,0.156,0.270,1.523,-12.422,-15.438,2.566,2.784,1.159,1.366,0,NULL,NULL,,3,0,2,7,255,937,250,0,0
stim,60604,90725,0,90725,3288049.454,-0.509,0.247,-0.402,0.720,0,0,0,0,0,0,0,19,57,1.333,1,2120,0,271.790,7.320,-66.188,262.438,24.813,-0.711,0.508,-0.207,1.523,-7.160,-15.953,2.618,2.838,1.159,1.366,0,NULL,NULL,,3,0,2,7,255,937,250,0,0
stim,60604,90725,0,90725,3288054.455,-0.513,0.238,-0.397,0.723,0,0,0,0,0,0,0,21,57,1.333,1,2120,0,265.905,3.439,-6.563,262.750,40.313,-0.586,0.605,-0.262,-2.055,-2.758,-17.629,2.670,2.892,1.159,1.366,0,NULL,NULL,,3,0,2,7,255,937,250,0,0
stim,60647,90768,0,90768,3288059.454,-0.516,0.230,-0.390,0.727,0,0,0,0,0,0,0,23,57,1.333,1,2120,0,274.898,3.439,32.688,267.063,56.375,-0.582,0.422,-0.086,-2.055,-2.758,-17.629,2.718,2.940,1.159,1.366,0,NULL,NULL,,3,0,2,7,255,937,250,0,0
stim,60647,90768,0,90768,3288064.455,-0.518,0.221,-0.383,0.732,0,0,0,0,0,0,0,25,57,1.333,1,2120,0,285.767,3.659,45.063,275.875,59.375,-0.641,0.289,0.004,-1.762,-3.207,-15.949,2.754,2.978,1.159,1.366,0,NULL,NULL,,3,0,2,7,255,937,250,0,0
stim,60647,90768,0,90768,3288069.454,-0.521,0.213,-0.375,0.737,0,0,0,0,0,0,0,25,57,1.333,1,2120,0,296.990,4.022,59.875,286.000,53.125,-0.563,0.250,0.027,-0.422,-4.000,-15.328,2.780,3.006,1.159,1.366,0,NULL,NULL,,3,0,2,7,255,937,250,0,0
stim,60647,90768,0,90768,3288074.455,-0.523,0.204,-0.366,0.742,0,0,0,0,0,0,0,10,57,1.333,1,2120,0,311.771,4.232,81.438,294.688,61.063,-0.488,0.289,0.141,-0.422,-4.211,-14.398,2.800,3.028,1.159,1.366,0,NULL,NULL,,3,0,2,7,255,937,250,0,0
stim,60647,90768,0,90768,3288079.454,-0.526,0.196,-0.356,0.747,0,0,0,0,0,0,0,6,57,1.333,1,2120,0,325.221,4.715,97.813,302.938,66.563,-0.563,0.340,0.344,-1.078,-4.590,-13.199,2.818,3.048,1.159,1.366,0,NULL,NULL,,3,0,2,7,255,937,250,0,0
stim,60647,90768,0,90768,3288084.455,-0.528,0.187,-0.346,0.753,0,0,0,0,0,0,0,0,57,1.333,1,2120,0,335.165,6.821,105.875,312.000,61.500,-0.559,0.297,0.488,-1.262,-6.703,-12.426,2.834,3.066,1.159,1.366,0,NULL,NULL,,3,0,2,7,255,937,250,0,0
stim,60647,90768,0,90768,3288089.454,-0.530,0.178,-0.335,0.758,0,0,0,0,0,0,0,0,57,1.333,1,2120,0,343.135,7.823,107.500,321.250,54.625,-0.547,0.328,0.656,-1.473,-7.684,-11.094,2.852,3.086,1.159,1.366,0,NULL,NULL,,3,0,2,7,255,937,250,0,0
stim,60647,90768,0,90768,3288094.455,-0.533,0.169,-0.325,0.763,0,0,0,0,0,0,0,0,57,1.333,1,2120,0,349.226,9.031,101.250,331.063,45.875,-0.508,0.344,0.781,-1.770,-8.855,-9.742,2.872,3.108,1.159,1.366,0,NULL,NULL,,3,0,2,7,255,937,250,0,0
stim,60665,90786,0,90786,3288099.454,-0.536,0.159,-0.314,0.767,0,0,0,0,0,0,0,0,57,1.333,1,2120,0,355.290,9.729,94.250,340.313,39.188,-0.473,0.320,0.848,-2.234,-9.469,-8.430,2.898,3.136,1.159,1.366,0,NULL,NULL,,3,0,2,7,255,937,250,0,0
stim,60665,90786,0,90786,3288104.455,-0.540,0.149,-0.303,0.771,0,0,0,0,0,0,0,0,57,1.333,1,2120,0,361.652,9.797,89.938,348.750,32.813,-0.457,0.277,0.902,-2.234,-9.539,-7.355,2.928,3.168,1.159,1.366,0,NULL,NULL,,3,0,2,7,255,937,250,0,0
stim,60665,90786,0,90786,3288109.454,-0.543,0.139,-0.291,0.775,0,0,0,0,0,0,0,0,57,1.333,1,2120,0,366.668,9.807,85.313,355.750,24.688,-0.457,0.258,0.961,-2.035,-9.594,-6.461,2.964,3.206,1.159,1.366,0,NULL,NULL,,3,0,2,7,255,937,250,0,0
stim,60665,90786,0,90786,3288114.455,-0.547,0.129,-0.280,0.778,0,0,0,0,0,0,0,2,57,1.333,1,2120,0,370.004,9.887,78.625,361.250,14.813,-0.438,0.246,1.000,-2.035,-9.676,-5.641,3.004,3.246,1.159,1.366,0,NULL,NULL,,3,0,2,7,255,937,250,0,0
stim,60665,90786,0,90786,3288119.454,-0.551,0.118,-0.269,0.781,0,0,0,0,0,0,0,0,57,1.333,1,2120,0,372.656,9.896,71.500,365.688,5.750,-0.387,0.227,0.988,-2.074,-9.676,-4.895,3.048,3.292,1.159,1.366,0,NULL,NULL,,3,0,2,7,255,937,250,0,0
stim,60665,90786,0,90786,3288124.455,-0.556,0.107,-0.258,0.783,0,0,0,0,0,0,0,0,57,1.333,1,2120,0,375.382,9.240,68.250,369.125,-0.313,-0.332,0.203,0.918,-2.074,-9.004,-4.430,3.094,3.340,1.159,1.366,0,NULL,NULL,,3,0,2,7,255,937,250,0,0
stim,60696,90817,0,90817,3288129.454,-0.560,0.097,-0.246,0.785,0,0,0,0,0,0,0,2,57,1.333,1,2120,0,377.626,8.217,72.625,370.563,-3.188,-0.289,0.188,0.844,-2.066,-7.953,-4.430,3.142,3.390,1.159,1.366,0,NULL,NULL,,3,0,2,7,255,937,250,0,0
stim,60696,90817,0,90817,3288134.455,-0.564,0.086,-0.234,0.787,0,0,0,0,0,0,0,9,57,1.333,1,2120,0,379.361,7.314,84.375,369.813,-5.875,-0.250,0.188,0.828,-2.066,-7.016,-4.395,3.190,3.440,1.159,1.366,0,NULL,NULL,,3,0,2,7,255,937,250,0,0
stim,60696,90817,0,90817,3288139.454,-0.568,0.076,-0.222,0.789,0,0,0,0,0,0,0,9,57,1.333,1,2120,0,380.492,6.810,98.000,367.563,-8.250,-0.219,0.172,0.852,-2.223,-6.438,-4.305,3.236,3.488,1.159,1.366,0,NULL,NULL,,3,0,2,7,255,937,250,0,0
stim,60696,90817,0,90817,3288144.455,-0.572,0.067,-0.209,0.791,0,0,0,0,0,0,0,8,57,1.333,1,2120,0,380.381,6.427,110.688,363.750,-11.125,-0.215,0.188,0.871,-2.262,-6.016,-3.719,3.280,3.534,1.159,1.366,0,NULL,NULL,,3,0,2,7,255,937,250,0,0
stim,60696,90817,0,90817,3288149.454,-0.575,0.057,-0.195,0.792,0,0,0,0,0,0,0,9,57,1.333,1,2120,0,380.118,6.396,123.875,359.125,-13.188,-0.180,0.164,0.918,-2.465,-5.902,-3.418,3.322,3.578,1.159,1.366,0,NULL,NULL,,3,0,2,7,255,937,250,0,0
stim,60696,90817,0,90817,3288154.455,-0.579,0.049,-0.182,0.793,0,0,0,0,0,0,0,7,57,1.333,1,2120,0,380.106,6.002,133.750,355.688,-8.813,-0.113,0.117,0.934,-2.465,-5.473,-2.609,3.362,3.620,1.159,1.366,0,NULL,NULL,,3,0,2,7,255,937,250,0,0
stim,60741,90862,0,90862,3288159.454,-0.581,0.040,-0.168,0.795,0,0,0,0,0,0,0,7,57,1.333,1,2120,0,380.857,5.203,148.500,350.688,4.250,-0.066,0.113,1.000,-2.465,-4.582,-2.000,3.400,3.658,1.159,1.366,0,NULL,NULL,,3,0,2,7,255,937,250,0,0
stim,60741,90862,0,90862,3288164.455,-0.583,0.032,-0.153,0.797,0,0,0,0,0,0,0,9,57,1.333,1,2120,0,382.322,5.194,162.375,345.375,22.813,-0.094,0.172,1.129,-2.504,-4.551,-1.102,3.434,3.696,1.159,1.366,0,NULL,NULL,,3,0,2,7,255,937,250,0,0
stim,60741,90862,0,90862,3288169.454,-0.585,0.025,-0.139,0.799,0,0,0,0,0,0,0,8,57,1.333,1,2120,0,383.129,5.507,171.563,341.563,26.250,-0.199,0.258,1.266,-3.102,-4.551,0.016,3.468,3.732,1.159,1.366,0,NULL,NULL,,3,0,2,7,255,937,250,0,0
stim,60741,90862,0,90862,3288174.455,-0.586,0.017,-0.124,0.801,0,0,0,0,0,0,0,9,57,1.333,1,2120,0,382.987,6.829,178.063,338.625,17.500,-0.215,0.250,1.371,-3.703,-5.738,1.059,3.502,3.766,1.159,1.366,0,NULL,NULL,,3,0,2,7,255,937,250,0,0
stim,60741,90862,0,90862,3288179.454,-0.587,0.010,-0.109,0.802,0,0,0,0,0,0,0,7,57,1.333,1,2120,0,384.384,6.829,186.438,335.688,17.500,-0.180,0.199,1.469,-3.703,-5.738,2.246,3.534,3.800,1.159,1.366,0,NULL,NULL,,3,0,2,7,255,937,250,0,0
stim,60741,90862,0,90862,3288184.455,-0.588,0.004,-0.093,0.803,0,0,0,0,0,0,0,19,57,1.333,1,2120,0,385.852,6.380,193.563,333.000,22.938,-0.219,0.227,1.602,-3.602,-5.266,3.539,3.564,3.832,1.159,1.366,0,NULL,NULL,,3,0,2,7,255,937,250,0,0
stim,60741,90862,0,90862,3288189.454,-0.589,-0.003,-0.078,0.804,0,0,0,0,0,0,0,16,57,1.333,1,2120,0,384.772,6.380,195.250,330.688,23.938,-0.262,0.242,1.770,-3.602,-5.266,4.910,3.596,3.866,1.159,1.366,0,NULL,NULL,,3,0,2,7,255,937,250,0,0
stim,60741,90862,0,90862,3288194.455,-0.590,-0.010,-0.063,0.805,0,0,0,0,0,0,0,24,57,1.333,1,2120,0,379.606,6.453,190.125,327.938,20.250,-0.281,0.246,1.898,-3.730,-5.266,6.645,3.626,3.898,1.159,1.366,0,NULL,NULL,,3,0,2,7,255,937,250,0,0
stim,60764,90885,0,90885,3288199.454,-0.591,-0.016,-0.048,0.805,0,0,0,0,0,0,0,27,57,1.333,1,2120,0,372.520,6.415,182.188,324.500,16.688,-0.262,0.230,1.957,-3.730,-5.219,8.063,3.656,3.930,1.159,1.366,0,NULL,NULL,,3,0,2,7,255,937,250,0,0
stim,60764,90885,0,90885,3288204.455,-0.591,-0.023,-0.033,0.806,0,0,0,0,0,0,0,27,57,1.333,1,2120,0,368.288,5.724,180.313,320.813,14.250,-0.254,0.203,1.980,-3.602,-4.449,8.855,3.686,3.962,1.159,1.366,0,NULL,NULL,,3,0,2,7,255,937,250,0,0
stim,60764,90885,0,90885,3288209.454,-0.592,-0.029,-0.018,0.805,0,0,0,0,0,0,0,26,57,1.333,1,2120,0,367.835,4.981,184.750,317.875,11.188,-0.184,0.121,2.043,-3.301,-3.730,9.266,3.716,3.992,1.159,1.366,0,NULL,NULL,,3,0,2,7,255,937,250,0,0
stim,60764,90885,0,90885,3288214.455,-0.592,-0.036,-0.003,0.805,0,0,0,0,0,0,0,33,57,1.333,1,2120,0,370.078,3.464,190.563,317.000,12.438,-0.168,0.066,2.098,-2.680,-2.195,10.039,3.744,4.022,1.159,1.366,0,NULL,NULL,,3,0,2,7,255,937,250,0,0
stim,60784,90905,0,90905,3288219.454,-0.592,-0.042,0.012,0.804,0,0,0,0,0,0,0,39,57,1.333,1,2120,0,373.019,2.446,194.188,318.438,5.625,-0.141,-0.012,2.156,-2.109,-1.238,10.703,3.770,4.050,1.159,1.366,0,NULL,NULL,,3,0,2,7,255,937,250,0,0
stim,60784,90905,0,90905,3288224.455,-0.593,-0.048,0.027,0.803,0,0,0,0,0,0,0,47,57,1.333,1,2120,0,376.985,1.315,198.875,320.250,-2.500,-0.082,-0.078,2.129,-1.313,-0.086,11.055,3.794,4.074,1.159,1.366,0,NULL,NULL,,3,0,2,7,255,937,250,0,0
stim,60784,90905,0,90905,3288229.454,-0.594,-0.053,0.043,0.802,0,0,0,0,0,0,0,47,57,1.333,1,2120,0,384.619,1.464,210.500,321.875,-4.250,0.063,-0.195,2.125,-0.664,1.305,11.055,3.812,4.094,1.159,1.366,0,NULL,NULL,,3,0,2,7,255,937,250,0,0
stim,60784,90905,0,90905,3288234.455,-0.594,-0.059,0.059,0.800,0,0,0,0,0,0,0,50,57,1.333,1,2120,0,397.750,3.659,233.688,321.813,-5.625,0.164,-0.246,2.145,0.219,3.652,10.773,3.824,4.108,1.159,1.366,0,NULL,NULL,,3,0,2,7,255,937,250,0,0
stim,60784,90905,0,90905,3288239.454,-0.594,-0.063,0.076,0.798,0,0,0,0,0,0,0,55,57,1.333,1,2120,0,413.681,5.457,261.000,320.875,-7.063,0.348,-0.301,2.281,0.621,5.422,10.773,3.828,4.112,1.159,1.366,0,NULL,NULL,,3,0,2,7,255,937,250,0,0
stim,60784,90905,0,90905,3288244.455,-0.595,-0.067,0.094,0.796,0,0,0,0,0,0,0,53,57,1.333,1,2120,0,430.220,8.227,286.938,320.188,-15.375,0.543,-0.273,2.465,0.621,8.203,11.445,3.824,4.108,1.159,1.366,0,NULL,NULL,,3,0,2,7,255,937,250,0,0
stim,60837,90958,0,90958,3288249.454,-0.596,-0.070,0.113,0.792,0,0,0,0,0,0,0,48,57,1.333,1,2120,0,447.320,11.027,309.688,321.000,-33.875,0.691,-0.219,2.664,0.395,11.020,12.488,3.806,4.094,1.159,1.366,0,NULL,NULL,,3,0,2,7,255,937,250,0,0
stim,60837,90958,0,90958,3288254.455,-0.597,-0.073,0.132,0.788,0,0,0,0,0,0,0,51,57,1.333,1,2120,0,455.599,13.463,318.313,324.250,-33.313,1.105,-0.473,2.926,0.395,13.457,13.641,3.780,4.068,1.159,1.366,0,NULL,NULL,,3,0,2,7,255,937,250,0,0
stim,60837,90958,0,90958,3288259.454,-0.596,-0.076,0.152,0.785,0,0,0,0,0,0,0,53,57,1.333,1,2120,0,452.954,19.472,315.813,324.375,-14.500,1.164,-0.387,3.109,1.344,19.426,14.270,3.738,4.028,1.159,1.366,0,NULL,NULL,,3,0,2,7,255,937,250,0,0
stim,60837,90958,1,90958,3288264.455,-0.596,-0.079,0.170,0.781,0,0,0,0,0,0,0,51,57,1.333,1,2120,0,447.619,21.156,309.000,323.375,-17.625,1.207,-0.297,3.316,1.344,21.113,15.164,3.686,3.976,1.159,1.366,0,NULL,NULL,,3,1,2,7,255,937,250,0,0
stim,60837,90958,1,90958,3288269.454,-0.596,-0.083,0.188,0.776,0,0,0,0,0,0,0,51,57,1.333,1,2120,0,435.174,22.851,288.813,323.375,-37.313,1.270,-0.230,3.461,1.023,22.828,16.254,3.618,3.910,1.159,1.366,0,NULL,NULL,,3,1,2,7,255,937,250,0,0
stim,60837,90958,1,90958,3288274.455,-0.597,-0.088,0.205,0.771,0,0,0,0,0,0,0,53,57,1.333,1,2120,0,415.105,24.684,258.375,319.875,-56.875,1.406,-0.145,3.590,0.879,24.668,16.590,3.538,3.832,1.159,1.366,0,NULL,NULL,,3,1,2,7,255,937,250,0,0
stim,60837,90958,1,90958,3288279.454,-0.598,-0.093,0.220,0.765,0,0,0,0,0,0,0,59,57,1.333,1,2120,0,390.734,27.045,221.563,312.938,-75.188,1.691,0.063,3.703,0.332,27.043,16.590,3.448,3.742,1.159,1.366,0,NULL,NULL,,3,1,2,7,255,937,250,0,0
stim,60837,90958,1,90958,3288284.455,-0.599,-0.100,0.233,0.760,0,0,0,0,0,0,0,70,57,1.333,1,2120,0,359.472,30.442,170.875,302.375,-92.688,2.098,0.164,3.703,-1.840,30.387,15.934,3.348,3.646,1.159,1.366,0,NULL,NULL,,3,1,2,7,255,937,250,0,0
stim,60863,90984,1,90984,3288289.454,-0.600,-0.107,0.244,0.755,0,0,0,0,0,0,0,91,57,1.333,1,2120,0,319.441,34.590,101.438,287.563,-95.188,2.555,0.055,3.461,-3.480,34.414,13.523,3.240,3.538,1.159,1.366,0,NULL,NULL,,3,1,2,7,255,937,250,0,0
stim,60863,90984,1,90984,3288294.455,-0.600,-0.116,0.251,0.751,0,0,0,0,0,0,0,135,57,1.333,1,2120,0,282.572,38.067,32.875,269.250,-79.188,2.977,-0.117,2.926,-3.578,37.898,8.250,3.120,3.420,1.159,1.366,0,NULL,NULL,,3,1,2,7,255,937,250,0,0
stim,60863,90984,1,90984,3288299.454,-0.599,-0.125,0.257,0.748,0,0,0,0,0,0,0,181,57,1.333,1,2120,0,255.856,39.567,-4.125,248.688,-60.000,3.387,-0.199,2.297,-3.648,39.398,0.508,2.984,3.286,1.159,1.366,0,NULL,NULL,,3,1,2,7,255,937,250,0,0
stim,60863,90984,1,90984,3288304.455,-0.599,-0.133,0.263,0.745,0,0,0,0,0,0,0,245,57,1.333,1,2120,0,230.180,40.053,-11.125,224.938,-47.563,3.906,-0.223,1.691,-4.484,39.801,-7.723,2.836,3.136,1.159,1.366,0,NULL,NULL,,3,1,2,7,255,937,250,0,0
stim,60863,90984,1,90984,3288309.454,-0.597,-0.140,0.267,0.743,0,0,0,0,0,0,0,279,57,1.333,1,2120,0,202.880,41.258,-4.063,200.438,-31.125,4.527,-0.449,1.098,-5.938,40.828,-16.148,2.676,2.976,1.159,1.366,0,NULL,NULL,,3,1,2,7,255,937,250,0,0
stim,60863,90984,1,90984,3288314.455,-0.596,-0.145,0.273,0.742,0,0,0,0,0,0,0,312,57,1.333,1,2120,0,175.215,43.149,23.000,173.625,5.063,5.047,-1.063,0.492,-5.938,42.738,-25.340,2.508,2.804,1.159,1.366,0,NULL,NULL,,3,1,2,7,255,937,250,0,0
stim,60881,91002,1,91002,3288319.453,-0.592,-0.147,0.280,0.741,0,0,0,0,0,0,0,309,57,1.333,1,2120,0,186.358,44.192,93.563,143.625,73.125,5.254,-1.934,0.090,-1.961,44.148,-34.809,2.336,2.628,1.159,1.366,0,NULL,NULL,,3,1,2,7,255,937,250,0,0
stim,60881,91002,1,91002,3288324.455,-0.587,-0.143,0.291,0.742,0,0,0,0,0,0,0,287,57,1.333,1,2120,0,282.878,44.439,210.125,111.188,153.313,5.000,-2.422,0.113,5.070,44.148,-41.535,2.160,2.448,1.159,1.366,0,NULL,NULL,,3,1,2,7,255,937,250,0,0
stim,60881,91002,1,91002,3288329.454,-0.581,-0.135,0.303,0.743,0,0,0,0,0,0,0,273,57,1.333,1,2120,0,383.378,45.465,296.875,62.313,234.438,4.922,-2.660,1.133,9.555,44.449,-41.535,1.982,2.262,1.159,1.366,0,NULL,NULL,,3,1,2,7,255,937,250,0,0
stim,60881,91002,1,91002,3288334.455,-0.573,-0.124,0.317,0.746,0,0,0,0,4,0,0,254,57,1.333,1,2120,0,451.456,44.653,350.250,32.375,283.000,3.516,-2.379,1.590,12.066,42.992,-34.840,1.804,2.076,1.159,1.366,0,NULL,NULL,,3,1,2,7,255,937,250,0,0
stim,60904,91025,1,91025,3288339.454,-0.569,-0.111,0.331,0.744,0,0,0,0,4,0,0,265,57,1.333,1,2120,0,446.188,41.735,409.063,-14.938,177.563,2.645,-1.695,2.531,12.066,39.953,-23.781,1.624,1.890,1.159,1.366,0,NULL,NULL,,3,1,2,7,255,937,250,0,0
stim,60904,91025,1,91025,3288344.455,-0.568,-0.096,0.343,0.742,0,0,0,222,0,0,0,441,57,1.333,1,2120,0,435.465,39.770,407.313,-75.188,134.438,1.375,-0.805,4.379,11.969,37.926,-10.590,1.446,1.702,1.159,1.366,0,NULL,NULL,,3,1,2,7,255,937,250,0,0
stim,60904,91025,1,91025,3288349.454,-0.560,-0.057,0.365,0.741,602,0,0,989,0,39,0,477,57,1.333,1,2120,0,1043.933,39.770,871.500,-337.813,464.938,0.891,0.730,10.664,11.969,37.926,12.543,1.268,1.514,1.159,1.366,0,NULL,NULL,,3,1,2,7,255,937,250,0,0
stim,60904,91025,1,91025,3288354.455,-0.556,-0.052,0.358,0.748,1211,0,0,1544,0,277,0,597,57,1.333,1,2120,0,271.907,66.042,-118.625,-153.375,190.625,0.348,0.609,10.473,21.484,62.449,66.578,1.092,1.324,1.159,1.366,0,NULL,NULL,,3,1,2,7,255,937,250,0,0
stim,60904,91025,1,91025,3288359.454,-0.546,-0.076,0.312,0.774,1747,0,0,1867,0,551,0,627,57,1.333,1,2120,0,1360.328,66.042,-1329.313,-148.875,247.500,0.395,3.922,3.133,21.484,62.449,66.578,0.918,1.134,1.159,1.366,0,NULL,NULL,,3,1,2,7,255,937,250,0,0
stim,60904,91025,1,91025,3288364.455,-0.532,-0.098,0.262,0.799,2117,0,0,2007,0,850,0,685,57,1.333,1,2121,0,1402.177,32.299,-1358.563,-177.250,298.313,-0.313,4.633,-1.914,-30.203,11.445,27.609,0.754,0.942,1.159,1.366,1,967.000,30.000,,3,1,2,7,255,937,250,0,0
stim,60964,91085,1,91085,3288369.454,-0.518,-0.108,0.235,0.815,2332,0,0,2164,0,1003,0,749,57,1.333,1,2121,0,823.080,40.067,-739.063,-113.625,344.000,-1.941,2.707,-4.047,-30.203,-26.328,-11.379,0.606,0.748,1.159,1.366,1,NULL,NULL,,3,1,2,7,255,937,250,0,0
stim,60964,91085,1,91085,3288374.455,-0.513,-0.103,0.227,0.821,2505,0,0,2327,0,1210,0,837,57,1.333,1,2121,0,273.878,35.025,-146.500,-164.250,163.000,-2.820,-0.531,-2.289,-17.102,-30.566,-19.727,0.484,0.556,1.159,1.366,1,NULL,NULL,,3,1,2,7,255,937,250,0,0
stim,60964,91085,1,91085,3288379.454,-0.516,-0.095,0.231,0.820,2683,0,0,2553,0,1273,0,933,57,1.333,1,2121,0,234.439,30.971,186.875,-138.688,-28.375,-0.926,-0.027,1.398,4.992,-30.566,-19.727,0.428,0.388,1.159,1.366,1,NULL,NULL,,3,1,2,7,255,937,250,0,0
stim,60964,91085,1,91085,3288384.455,-0.515,-0.088,0.231,0.821,2810,0,0,2727,0,1303,0,1031,57,1.333,1,2121,0,152.454,5.067,81.438,-114.063,60.000,-0.211,1.641,2.219,4.992,-0.867,5.813,0.448,0.298,1.159,1.366,2,NULL,NULL,,3,1,2,7,255,937,250,0,0
stim,60964,91085,1,91085,3288389.454,-0.509,-0.085,0.220,0.828,2903,0,0,2842,0,1319,0,1157,57,1.333,1,2121,0,346.025,0.879,-229.750,-171.563,193.688,-1.188,0.730,2.063,0.145,-0.867,14.367,0.488,0.304,1.159,1.366,2,NULL,NULL,,3,1,2,7,255,937,250,0,0
stim,60964,91085,1,91085,3288394.455,-0.506,-0.087,0.202,0.834,2955,0,0,2933,0,1355,0,1254,57,1.333,1,2121,0,436.196,3.394,-392.125,-178.813,67.313,-1.988,-0.586,0.293,0.145,-3.391,14.367,0.520,0.358,1.159,1.366,2,NULL,NULL,,3,1,2,7,255,937,250,0,0
stim,60964,91085,1,91085,3288399.454,-0.511,-0.087,0.188,0.835,2987,0,0,2985,0,1385,0,1334,57,1.333,1,2121,0,353.210,16.476,-280.063,-186.313,-107.750,-1.520,-1.309,-0.359,14.262,-8.250,-1.629,0.546,0.414,1.159,1.366,2,NULL,NULL,,3,1,2,7,255,937,250,0,0
stim,60964,91085,1,91085,3288404.455,-0.519,-0.084,0.179,0.831,3023,0,0,3047,0,1427,0,1419,57,1.333,1,2121,0,309.268,16.476,-107.000,-187.813,-221.188,-0.266,-1.430,0.477,14.262,-8.250,-7.160,0.580,0.464,1.159,1.366,2,NULL,NULL,,3,1,2,7,255,937,250,0,0
stim,60964,91085,1,91085,3288409.454,-0.528,-0.080,0.172,0.828,3047,0,0,3087,0,1483,0,1471,57,1.333,1,2121,0,270.167,14.676,-57.313,-179.688,-193.438,0.859,-1.125,1.191,13.715,5.223,-7.160,0.628,0.512,1.159,1.366,2,NULL,NULL,,3,1,2,7,255,937,250,0,0
stim,60964,91085,1,91085,3288414.455,-0.531,-0.077,0.165,0.828,3065,0,0,3113,0,1579,0,1503,57,1.333,1,2121,0,190.023,16.897,-79.250,-160.313,-64.250,1.402,-1.363,1.484,6.469,15.609,-3.457,0.666,0.554,1.159,1.366,2,NULL,NULL,,3,1,2,7,255,937,250,0,0
stim,60964,91085,1,91085,3288419.454,-0.528,-0.074,0.157,0.831,3083,0,0,3151,0,1711,0,1543,57,1.333,1,2121,0,211.385,22.845,-124.063,-149.188,83.875,1.227,-2.035,1.469,6.469,21.910,-2.750,0.670,0.574,1.159,1.366,2,NULL,NULL,,3,1,2,7,255,937,250,0,0
stim,60964,91085,1,91085,3288424.455,-0.521,-0.071,0.150,0.837,3099,0,0,3171,0,1821,0,1577,57,1.333,1,2121,0,274.832,25.447,-137.125,-135.688,195.750,0.418,-1.781,1.023,12.941,21.910,-2.750,0.638,0.572,1.159,1.366,2,NULL,NULL,,3,1,2,7,255,937,250,0,0
stim,60998,91119,1,91119,3288429.454,-0.513,-0.067,0.144,0.843,3103,0,0,3179,0,1939,21,1642,57,1.333,1,2121,0,283.171,18.994,-96.188,-138.688,227.375,-0.504,-0.461,0.508,12.941,13.902,-3.996,0.590,0.558,1.159,1.366,2,NULL,NULL,,3,1,2,7,255,937,250,0,0
stim,60998,91119,1,91119,3288434.455,-0.509,-0.061,0.139,0.847,3113,0,0,3183,8,2043,39,1716,57,1.333,1,2121,0,204.149,6.283,-47.500,-148.313,132.000,-1.242,0.621,0.945,6.234,-0.781,-3.996,0.542,0.532,1.159,1.366,2,NULL,NULL,,3,1,2,7,255,937,250,0,0
stim,60998,91119,1,91119,3288439.454,-0.510,-0.057,0.134,0.848,3113,0,0,3203,59,2131,51,1781,57,1.333,1,2121,0,156.598,6.109,-50.250,-148.063,-8.688,-0.703,0.730,1.152,0.430,-6.094,2.938,0.500,0.484,1.159,1.366,2,NULL,NULL,,3,1,2,7,255,937,250,0,0
stim,60998,91119,1,91119,3288444.455,-0.512,-0.053,0.129,0.848,3112,0,0,3193,399,2247,69,1945,57,1.333,1,2121,0,158.622,6.199,-64.563,-140.313,-36.125,0.047,0.113,1.250,-1.137,-6.094,2.938,0.464,0.416,1.159,1.366,2,NULL,NULL,,3,1,2,7,255,937,250,0,0
stim,60998,91119,1,91119,3288449.454,-0.512,-0.051,0.122,0.849,3119,0,0,3194,575,2299,239,2066,57,1.333,1,2121,0,161.060,3.215,-92.813,-131.313,-9.125,0.230,-0.289,1.605,-1.137,3.008,3.660,0.438,0.342,1.159,1.366,2,NULL,NULL,,3,1,2,7,255,937,250,0,0
stim,60998,91119,1,91119,3288454.455,-0.514,-0.050,0.118,0.848,3113,0,0,3195,875,2355,215,2153,57,1.333,1,2121,0,101.175,7.130,-66.625,-70.063,-29.813,0.523,-0.133,1.781,-1.137,7.039,4.617,0.418,0.274,1.159,1.366,2,NULL,NULL,,3,1,2,7,255,937,250,0,0
stim,61039,91160,1,91160,3288459.454,-0.515,-0.050,0.115,0.848,3111,0,0,3195,1079,2387,219,2213,57,1.333,1,2121,0,78.908,7.133,-57.813,-42.563,-32.750,0.730,0.359,1.043,-1.156,7.039,4.617,0.400,0.226,1.159,1.366,2,NULL,NULL,,3,1,2,7,255,937,250,0,0
stim,61039,91160,1,91160,3288464.455,-0.516,-0.048,0.114,0.848,3112,0,0,3196,1187,2411,243,2260,57,1.333,1,2121,0,46.162,9.463,-4.750,-43.063,-15.938,0.613,0.586,1.211,-6.469,6.906,1.180,0.378,0.202,1.159,1.366,2,NULL,NULL,,3,1,2,7,255,937,250,0,0
stim,61039,91160,1,91160,3288469.454,-0.516,-0.048,0.112,0.848,3111,4,0,3195,1293,2431,248,2309,57,1.333,1,2121,0,48.304,8.343,-42.938,-22.125,0.313,-0.199,-0.090,1.699,-6.469,5.270,1.180,0.358,0.194,1.159,1.366,2,NULL,NULL,,3,1,2,7,255,937,250,0,0
stim,61039,91160,1,91160,3288474.455,-0.517,-0.050,0.107,0.848,3111,23,0,3205,1372,2453,260,2346,57,1.333,1,2121,0,126.653,2.924,-120.875,-18.250,-33.125,-0.293,-0.184,0.977,1.656,2.410,1.180,0.346,0.190,1.159,1.366,2,NULL,NULL,,3,1,2,7,255,937,250,0,0
stim,61039,91160,1,91160,3288479.454,-0.519,-0.052,0.104,0.847,3108,39,0,3199,1470,2463,265,2381,57,1.333,1,2121,0,89.374,1.695,-66.063,-14.938,-58.313,-0.176,0.047,0.535,1.656,0.359,-0.078,0.346,0.178,1.159,1.366,2,NULL,NULL,,3,1,2,7,255,937,250,0,0
stim,61039,91160,1,91160,3288484.455,-0.522,-0.051,0.103,0.845,3111,59,0,3205,1549,2477,267,2403,57,1.333,1,2121,0,79.425,0.431,-4.313,-14.000,-78.063,-0.012,0.105,0.973,0.238,0.359,-0.402,0.356,0.156,1.159,1.366,2,NULL,NULL,,3,1,2,7,255,937,250,0,0
stim,61039,91160,1,91160,3288489.454,-0.524,-0.051,0.102,0.844,3104,83,0,3197,1591,2487,285,2423,57,1.333,1,2121,0,65.428,1.770,-14.625,-11.375,-62.750,0.152,0.086,1.250,-1.027,1.441,-0.402,0.376,0.130,1.159,1.366,2,NULL,NULL,,3,1,2,7,255,937,250,0,0
stim,61039,91160,1,91160,3288494.455,-0.525,-0.052,0.100,0.844,3111,115,0,3196,1641,2500,285,2445,57,1.333,1,2121,0,61.496,3.345,-53.313,-7.625,-29.688,0.078,-0.047,1.152,-1.027,3.184,1.035,0.396,0.102,1.159,1.366,2,NULL,NULL,,3,1,2,7,255,937,250,0,0
stim,61064,91185,1,91185,3288499.454,-0.525,-0.054,0.097,0.844,3109,116,0,3195,1691,2508,281,2459,57,1.333,1,2121,0,64.426,3.188,-61.688,-4.375,-18.063,-0.141,-0.059,0.914,-0.160,3.184,1.035,0.414,0.080,1.159,1.366,2,NULL,NULL,,3,1,2,7,255,937,250,0,0
stim,61064,91185,1,91185,3288504.455,-0.527,-0.055,0.095,0.843,3109,133,0,3193,1737,2515,276,2471,57,1.333,1,2121,0,51.829,0.855,-35.813,-4.563,-37.188,-0.227,0.070,0.867,0.109,0.848,-0.844,0.426,0.066,1.159,1.366,2,NULL,NULL,,3,1,2,7,255,937,250,0,0
stim,61064,91185,1,91185,3288509.454,-0.529,-0.055,0.095,0.842,3107,149,0,3197,1763,2524,263,2469,57,1.333,1,2121,0,59.075,0.550,-14.688,-4.250,-57.063,-0.113,0.102,1.004,0.109,0.539,-0.844,0.434,0.056,1.159,1.366,2,NULL,NULL,,3,1,2,7,255,937,250,0,0
stim,61064,91185,0,91185,3288514.455,-0.531,-0.055,0.094,0.840,3103,171,0,3197,1782,2533,253,2473,57,1.333,1,2121,0,57.796,0.697,-17.250,-2.000,-55.125,0.020,0.004,1.090,-0.441,0.539,0.105,0.442,0.048,1.159,1.366,2,NULL,NULL,,3,0,2,7,255,938,250,0,0
stim,61090,91211,0,91211,3288519.454,-0.532,-0.056,0.093,0.840,3109,175,24,3193,1799,2529,253,2480,57,1.333,1,2121,0,45.164,2.324,-26.938,0.313,-36.250,0.063,-0.070,1.039,-0.441,2.281,0.105,0.452,0.040,1.159,1.366,2,NULL,NULL,,3,0,2,7,255,938,250,0,0
stim,61090,91211,0,91211,3288524.455,-0.533,-0.057,0.091,0.839,3113,175,53,3209,1817,2535,251,2489,57,1.333,1,2121,0,32.566,2.281,-26.750,2.250,-18.438,0.008,-0.090,0.953,0.016,2.281,-0.008,0.462,0.032,1.159,1.366,2,NULL,NULL,,3,0,2,7,255,938,250,0,0
stim,61090,91211,0,91211,3288529.454,-0.533,-0.057,0.090,0.839,3117,183,70,3195,1827,2535,252,2479,57,1.333,1,2121,0,20.067,2.308,-18.125,2.250,-8.313,-0.066,-0.121,0.922,0.418,2.270,-0.730,0.468,0.028,1.159,1.366,2,NULL,NULL,,3,0,2,7,255,938,250,0,0
stim,61090,91211,0,91211,3288534.455,-0.533,-0.057,0.090,0.839,3111,182,81,3192,1845,2540,249,2475,57,1.333,1,2121,0,10.622,1.938,-8.500,1.750,-6.125,-0.121,-0.094,0.941,0.980,1.672,-0.730,0.474,0.024,1.159,1.366,2,NULL,NULL,,3,0,2,7,255,938,250,0,0
stim,61091,91212,0,91212,3288539.454,-0.534,-0.058,0.090,0.839,3111,179,111,3188,1845,2533,219,2479,57,1.333,1,2121,0,6.945,1.492,-2.250,1.313,-6.438,-0.137,-0.012,0.988,0.980,1.125,-0.590,0.480,0.020,1.159,1.366,2,NULL,NULL,,3,0,2,7,255,938,250,0,0
stim,61138,91259,0,91259,3288544.455,-0.534,-0.057,0.090,0.839,3099,180,122,3192,1847,2537,204,2475,57,1.343,1,2121,1,6.292,0.789,1.438,0.063,-6.125,-0.137,0.063,1.035,0.309,0.727,-0.086,0.000,0.000,1.145,1.370,2,NULL,NULL,,3,0,2,7,255,938,250,0,0
stim,61138,91259,0,91259,3288549.455,-0.534,-0.057,0.090,0.839,3094,173,135,3179,1847,2531,183,2473,57,1.343,1,2121,1,4.063,0.638,0.188,-0.688,-4.000,-0.137,0.086,1.051,-0.371,0.520,0.406,0.006,0.004,1.145,1.370,2,NULL,NULL,,3,0,2,7,255,938,250,0,0
stim,61138,91259,0,91259,3288554.454,-0.534,-0.057,0.089,0.839,3092,153,141,3179,1849,2531,175,2475,57,1.343,1,2121,1,3.227,0.598,-2.563,-1.688,-1.000,-0.152,0.066,1.031,-0.371,0.469,0.422,0.012,0.008,1.145,1.370,2,NULL,NULL,,3,0,2,7,255,938,250,0,0
stim,61138,91259,0,91259,3288559.454,-0.534,-0.057,0.089,0.839,3087,143,167,3167,1861,2518,166,2471,57,1.343,1,2121,1,3.988,0.503,-2.625,-3.000,0.125,-0.168,0.027,0.996,-0.340,0.371,0.422,0.016,0.008,1.145,1.370,2,NULL,NULL,,3,0,2,7,255,938,250,0,0
stim,61138,91259,0,91259,3288564.455,-0.534,-0.057,0.089,0.839,3083,143,181,3173,1851,2517,163,2463,57,1.343,1,2121,1,4.721,0.353,1.000,-4.563,0.688,-0.160,0.020,0.973,0.082,0.344,0.098,0.018,0.010,1.145,1.370,2,NULL,NULL,,3,0,2,7,255,938,250,0,0
stim,61138,91259,0,91259,3288569.454,-0.534,-0.057,0.089,0.839,3065,126,203,3156,1860,2515,157,2473,57,1.343,1,2121,1,8.428,0.319,5.500,-6.000,2.188,-0.156,0.047,0.977,0.082,0.309,-0.102,0.022,0.010,1.145,1.370,2,NULL,NULL,,3,0,2,7,255,938,250,0,0
stim,61138,91259,0,91259,3288574.455,-0.534,-0.056,0.089,0.839,3065,132,205,3144,1867,2501,159,2477,57,1.343,1,2121,1,10.557,0.313,6.500,-7.188,4.188,-0.160,0.078,1.004,-0.137,0.281,-0.102,0.024,0.010,1.145,1.370,2,NULL,NULL,,3,0,2,7,255,938,250,0,0
stim,61173,91294,0,91294,3288579.454,-0.534,-0.056,0.089,0.839,3055,126,215,3130,1863,2493,177,2485,57,1.343,1,2121,1,9.901,0.435,4.188,-8.000,4.063,-0.172,0.098,1.016,-0.402,0.164,0.191,0.026,0.010,1.145,1.370,2,NULL,NULL,,3,0,2,7,255,938,250,0,0
stim,61173,91294,0,91294,3288584.455,-0.534,-0.055,0.089,0.839,3045,121,233,3133,1878,2501,208,2487,57,1.343,1,2121,1,9.732,0.500,2.875,-8.938,2.563,-0.168,0.098,1.004,-0.500,0.020,0.203,0.028,0.012,1.145,1.370,2,NULL,NULL,,3,0,2,7,255,938,250,0,0
stim,61173,91294,0,91294,3288589.454,-0.534,-0.055,0.089,0.839,3021,109,251,3108,1889,2491,229,2493,57,1.343,1,2121,1,10.666,0.500,3.125,-10.000,2.000,-0.156,0.082,0.992,-0.500,0.020,0.203,0.030,0.014,1.145,1.370,2,NULL,NULL,,3,0,2,7,255,938,250,0,0
stim,61173,91294,0,91294,3288594.455,-0.533,-0.054,0.089,0.839,3013,109,285,3099,1902,2491,243,2501,57,1.343,1,2121,1,11.992,0.448,3.250,-11.000,3.500,-0.160,0.074,0.988,-0.430,0.125,0.051,0.034,0.016,1.145,1.370,2,NULL,NULL,,3,0,2,7,255,938,250,0,0
stim,61173,91294,0,91294,3288599.454,-0.533,-0.054,0.089,0.840,2987,107,309,3087,1931,2477,247,2507,57,1.343,1,2121,1,13.089,0.410,3.438,-12.188,3.313,-0.191,0.098,0.988,-0.391,0.125,0.051,0.036,0.018,1.145,1.370,2,NULL,NULL,,3,0,2,7,255,938,250,0,0
stim,61173,91294,0,91294,3288604.455,-0.533,-0.053,0.089,0.839,2971,118,331,3081,1957,2478,267,2511,57,1.343,1,2121,1,14.697,0.468,4.750,-13.813,-1.625,-0.211,0.145,1.000,-0.391,-0.258,0.113,0.040,0.020,1.145,1.370,2,NULL,NULL,,3,0,2,7,255,938,250,0,0
stim,61173,91294,0,91294,3288609.454,-0.534,-0.052,0.089,0.839,2957,121,367,3051,1995,2475,307,2523,57,1.343,1,2121,1,17.315,0.902,4.813,-14.750,-7.688,-0.199,0.164,1.012,-0.711,-0.555,0.258,0.044,0.022,1.145,1.370,2,NULL,NULL,,3,0,2,7,255,938,250,0,0
stim,61173,91294,0,91294,3288614.455,-0.534,-0.052,0.088,0.839,2935,138,447,3032,2020,2484,327,2539,57,1.343,1,2121,1,17.838,1.089,1.063,-15.438,-8.875,-0.168,0.160,1.020,-0.938,-0.555,0.355,0.046,0.022,1.145,1.370,2,NULL,NULL,,3,0,2,7,255,938,250,0,0
stim,61174,91295,0,91295,3288619.454,-0.534,-0.051,0.088,0.839,2906,135,501,3025,2044,2479,340,2567,57,1.343,1,2121,1,18.703,1.046,-2.063,-16.750,-8.063,-0.152,0.164,1.016,-1.016,-0.250,0.355,0.048,0.020,1.145,1.370,2,NULL,NULL,,3,0,2,7,255,938,250,0,0
stim,61174,91295,0,91295,3288624.455,-0.535,-0.050,0.088,0.839,2891,139,583,3003,2083,2484,381,2571,57,1.343,1,2121,1,20.095,1.028,-0.563,-17.563,-9.750,-0.156,0.141,1.000,-1.016,-0.160,0.313,0.048,0.018,1.145,1.370,2,NULL,NULL,,3,0,2,7,255,938,250,0,0
stim,61174,91295,0,91295,3288629.454,-0.535,-0.050,0.087,0.839,2859,140,663,2983,2125,2489,437,2587,57,1.343,1,2121,1,21.932,0.896,-0.625,-17.125,-13.688,-0.133,0.113,0.992,-0.883,-0.152,0.180,0.048,0.014,1.145,1.370,2,NULL,NULL,,3,0,2,7,255,938,250,0,0
stim,61174,91295,0,91295,3288634.455,-0.536,-0.049,0.087,0.838,2831,162,693,2967,2171,2492,475,2602,57,1.343,1,2121,1,21.002,0.896,0.125,-17.813,-11.125,-0.109,0.121,1.000,-0.883,0.152,0.090,0.048,0.010,1.145,1.370,2,NULL,NULL,,3,0,2,7,255,938,250,0,0
stim,61204,91325,0,91325,3288639.454,-0.536,-0.048,0.086,0.838,2795,171,793,2951,2219,2479,524,2622,57,1.343,1,2121,1,20.726,0.907,2.688,-17.813,-10.250,-0.137,0.141,1.020,-0.895,0.152,0.090,0.048,0.008,1.145,1.370,2,NULL,NULL,,3,0,2,7,255,938,250,0,0
stim,61204,91325,0,91325,3288644.455,-0.537,-0.048,0.086,0.838,2771,185,919,2915,2276,2485,613,2642,57,1.343,1,2121,1,21.268,0.953,-3.500,-16.563,-12.875,-0.168,0.211,1.066,-0.953,0.004,0.316,0.048,0.008,1.145,1.370,2,NULL,NULL,,3,0,2,7,255,938,250,0,0
stim,61204,91325,0,91325,3288649.454,-0.538,-0.047,0.085,0.838,2729,207,1039,2889,2327,2493,729,2654,57,1.343,1,2121,1,29.458,1.307,-4.750,-18.563,-22.375,-0.246,0.223,0.977,-1.223,-0.461,0.316,0.048,0.008,1.145,1.370,2,NULL,NULL,,3,0,2,7,255,938,250,0,0
stim,61204,91325,0,91325,3288654.455,-0.539,-0.047,0.085,0.837,2692,237,1155,2871,2373,2486,861,2665,57,1.343,1,2121,1,39.804,1.307,-3.875,-18.438,-35.063,-0.188,0.129,1.008,-1.223,-0.461,0.293,0.048,0.010,1.145,1.370,2,NULL,NULL,,3,0,2,7,255,938,250,0,0
stim,61249,91371,0,91371,3288659.454,-0.540,-0.046,0.084,0.836,2571,237,1270,2844,2421,2507,997,2693,57,1.343,1,2121,1,42.987,1.297,-6.875,-20.438,-37.188,-0.152,0.180,1.066,-1.215,-0.453,0.293,0.048,0.012,1.145,1.370,2,NULL,NULL,,3,0,2,7,255,938,250,0,0
stim,61249,91371,0,91371,3288664.455,-0.542,-0.046,0.083,0.835,2577,248,1421,2816,2467,2501,1135,2710,57,1.343,1,2121,1,51.158,1.240,-20.125,-18.188,-43.375,-0.133,0.176,1.082,-1.215,-0.246,0.816,0.050,0.016,1.145,1.370,2,NULL,NULL,,3,0,2,7,255,938,250,0,0
stim,61250,91371,0,91371,3288669.454,-0.543,-0.046,0.081,0.834,2509,263,1574,2793,2511,2502,1253,2712,57,1.343,1,2121,1,57.277,1.216,-33.250,-19.750,-42.250,-0.137,0.109,1.066,-1.215,-0.055,0.816,0.050,0.018,1.145,1.370,2,NULL,NULL,,3,0,2,7,255,938,250,0,0
stim,61250,91371,0,91371,3288674.455,-0.545,-0.046,0.079,0.833,2441,269,1717,2766,2550,2517,1379,2729,57,1.343,1,2121,1,68.890,0.712,-45.063,-17.375,-49.125,-0.164,-0.008,1.023,-0.703,0.109,0.762,0.054,0.022,1.145,1.370,2,NULL,NULL,,3,0,2,7,255,938,250,0,0
stim,61250,91371,0,91371,3288679.454,-0.547,-0.047,0.076,0.832,2377,295,1861,2741,2592,2507,1513,2759,57,1.343,1,2121,1,68.776,0.433,-46.313,-21.125,-46.250,-0.105,-0.031,0.926,0.371,0.223,0.348,0.056,0.026,1.145,1.370,2,NULL,NULL,,3,0,2,7,255,938,250,0,0
stim,61250,91371,0,91371,3288684.455,-0.549,-0.047,0.074,0.831,2297,299,1977,2707,2633,2513,1635,2771,57,1.343,1,2121,1,64.297,0.725,-37.063,-19.750,-48.688,-0.141,-0.117,0.902,0.410,0.598,-0.715,0.058,0.032,1.145,1.370,2,NULL,NULL,,3,0,2,7,255,938,250,0,0
stim,61250,91371,0,91371,3288689.454,-0.550,-0.047,0.072,0.831,2199,309,2117,2659,2671,2506,1745,2781,57,1.343,1,2121,1,55.293,1.193,-35.125,-25.250,-34.438,-0.039,-0.137,0.996,1.012,0.633,-0.715,0.060,0.034,1.145,1.370,2,NULL,NULL,,3,0,2,7,255,938,250,0,0
stim,61250,91371,0,91371,3288694.455,-0.551,-0.048,0.070,0.830,2109,315,2251,2618,2709,2511,1852,2795,57,1.343,1,2121,1,59.407,1.175,-37.750,-22.563,-39.938,-0.336,0.016,0.996,1.012,0.598,-0.152,0.064,0.038,1.145,1.370,2,NULL,NULL,,3,0,2,7,255,938,250,0,0
stim,61250,91371,0,91371,3288699.454,-0.554,-0.048,0.068,0.829,1996,312,2341,2549,2739,2521,1955,2811,57,1.343,1,2121,1,89.441,1.436,-49.000,-30.250,-68.438,-0.316,0.016,1.125,0.727,-1.238,0.352,0.066,0.040,1.145,1.370,2,NULL,NULL,,3,0,2,7,255,938,250,0,0
stim,61250,91371,0,91371,3288704.455,-0.557,-0.049,0.064,0.827,1883,325,2445,2501,2775,2520,2068,2838,57,1.343,1,2121,1,111.068,1.367,-65.375,-25.813,-86.000,-0.059,-0.066,1.090,0.578,-1.238,0.836,0.068,0.044,1.145,1.370,2,NULL,NULL,,3,0,2,7,255,938,250,0,0
stim,61270,91391,0,91391,3288709.454,-0.559,-0.049,0.060,0.826,1715,325,2523,2417,2794,2511,2157,2844,57,1.343,1,2121,1,101.747,1.292,-72.875,-29.000,-64.813,-0.020,-0.031,1.035,0.313,1.254,0.836,0.070,0.046,1.145,1.370,2,NULL,NULL,,3,0,2,7,255,938,250,0,0
stim,61270,91391,0,91391,3288714.455,-0.561,-0.050,0.057,0.825,1547,312,2589,2315,2815,2511,2239,2861,57,1.343,1,2121,0,97.346,1.263,-77.438,-28.313,-51.750,-0.098,-0.008,1.039,-0.148,1.254,0.410,0.070,0.048,1.145,1.370,2,NULL,NULL,,3,0,2,7,255,938,250,0,0
stim,61270,91391,0,91391,3288719.454,-0.563,-0.051,0.053,0.823,1313,279,2659,2199,2851,2509,2315,2886,57,1.343,1,2121,0,100.033,0.518,-77.375,-29.250,-56.250,-0.195,0.012,0.996,-0.148,0.496,0.242,0.070,0.048,1.145,1.370,2,NULL,NULL,,3,0,2,7,255,938,250,0,0
stim,61270,91391,0,91391,3288724.455,-0.565,-0.052,0.050,0.822,1144,253,2683,2090,2870,2507,2392,2901,57,1.343,1,2121,0,102.114,0.042,-68.813,-32.813,-67.938,-0.145,-0.043,0.934,-0.016,-0.039,0.121,0.070,0.048,1.145,1.370,2,NULL,NULL,,3,0,2,7,255,938,250,0,0
stim,61295,91416,0,91416,3288729.454,-0.567,-0.052,0.046,0.821,949,237,2741,1913,2889,2504,2472,2907,57,1.343,1,2121,0,91.276,0.080,-54.250,-33.625,-65.250,-0.020,-0.078,1.004,0.070,-0.039,-0.027,0.070,0.048,1.145,1.370,2,NULL,NULL,,3,0,2,7,255,938,250,0,0
stim,61295,91416,0,91416,3288734.455,-0.569,-0.052,0.044,0.820,703,201,2777,1654,2917,2501,2518,2909,57,1.343,1,2121,0,75.595,1.049,-46.750,-36.813,-46.625,-0.023,-0.055,0.961,0.070,1.047,-0.449,0.072,0.046,1.145,1.370,2,NULL,NULL,,3,0,2,7,255,938,250,0,0
stim,61295,91416,0,91416,3288739.454,-0.570,-0.051,0.041,0.819,478,175,2813,1391,2933,2485,2584,2920,57,1.343,1,2121,0,60.063,1.053,-34.500,-39.000,-29.938,-0.086,-0.020,1.078,-0.117,1.047,-0.027,0.074,0.046,1.145,1.370,2,NULL,NULL,,3,0,2,7,255,938,250,0,0
stim,61295,91416,0,91416,3288744.455,-0.571,-0.051,0.039,0.819,297,87,2841,1133,2957,2473,2634,2933,57,1.343,1,2121,0,64.518,0.566,-36.438,-43.063,-31.313,-0.133,0.008,1.082,-0.344,0.449,0.762,0.076,0.048,1.145,1.370,2,NULL,NULL,,3,0,2,7,255,938,250,0,0
stim,61295,91416,0,91416,3288749.454,-0.572,-0.050,0.036,0.818,107,67,2875,869,2963,2463,2669,2948,57,1.343,1,2121,0,64.065,0.566,-33.313,-46.250,-29.250,-0.066,-0.035,1.000,-0.344,0.449,0.762,0.076,0.048,1.145,1.370,2,NULL,NULL,,3,0,2,7,255,938,250,0,0
stim,61295,91416,0,91416,3288754.455,-0.573,-0.049,0.034,0.818,25,33,2891,589,2985,2445,2711,2963,57,1.343,1,2121,0,61.976,0.671,-27.938,-49.063,-25.563,-0.047,0.000,1.078,-0.430,0.516,0.734,0.076,0.048,1.145,1.370,2,NULL,NULL,,3,0,2,7,255,938,250,0,0
stim,61347,91468,0,91468,3288759.454,-0.573,-0.047,0.032,0.817,0,6,2897,421,2987,2413,2732,2958,57,1.343,1,2121,0,62.827,0.856,-24.000,-53.313,-23.000,-0.035,0.043,1.020,-0.684,0.516,0.145,0.076,0.048,1.145,1.370,2,NULL,NULL,,3,0,2,7,255,938,250,0,0
stim,61347,91468,0,91468,3288764.455,-0.575,-0.046,0.030,0.817,0,0,2919,304,3001,2383,2761,2971,57,1.343,1,2121,0,66.402,1.218,-21.938,-54.000,-31.813,0.039,0.074,0.996,-1.078,0.566,0.145,0.078,0.048,1.145,1.370,2,NULL,NULL,,3,0,2,7,255,938,250,0,0
stim,61347,91468,0,91468,3288769.454,-0.575,-0.043,0.028,0.817,0,0,2931,268,3025,2365,2801,2981,57,1.343,1,2121,0,62.071,1.169,8.125,-60.688,-10.188,-0.215,-0.078,1.148,-1.078,0.453,0.145,0.078,0.048,1.145,1.370,2,NULL,NULL,,3,0,2,7,255,938,250,0,0
stim,61347,91468,0,91468,3288774.455,-0.574,-0.039,0.029,0.817,0,0,2933,231,3032,2343,2815,2985,57,1.343,1,2121,0,101.376,0.993,62.563,-76.438,22.813,-0.523,-0.203,1.527,0.582,-0.805,1.633,0.080,0.048,1.145,1.370,2,NULL,NULL,,3,0,2,7,255,938,250,0,0
stim,61347,91468,0,91468,3288779.454,-0.574,-0.035,0.029,0.818,0,0,2940,165,3035,2302,2851,2980,57,1.343,1,2121,0,111.975,3.305,68.688,-87.563,12.375,-0.512,-0.098,1.918,1.492,-2.949,5.641,0.082,0.048,1.145,1.370,2,NULL,NULL,,3,0,2,7,255,938,250,0,0
stim,61347,91469,0,91469,3288784.455,-0.575,-0.033,0.025,0.817,0,0,2951,117,3049,2265,2868,2985,57,1.343,1,2121,0,101.591,3.305,-51.875,-84.500,-22.125,-0.023,-0.031,1.602,1.492,-2.949,5.840,0.084,0.048,1.145,1.370,2,NULL,NULL,,3,0,2,7,255,938,250,0,0
stim,61347,91469,0,91469,3288789.454,-0.575,-0.032,0.020,0.818,0,0,2951,44,3048,2207,2877,2985,57,1.343,1,2121,0,117.652,0.697,-82.625,-83.750,1.063,-0.023,-0.090,1.090,0.184,0.672,5.840,0.086,0.050,1.145,1.370,3,NULL,NULL,,3,0,2,7,255,938,250,0,0
stim,61347,91469,0,91469,3288794.455,-0.573,-0.029,0.017,0.819,0,0,2968,13,3068,2137,2899,2985,57,1.343,1,2121,0,108.034,0.886,-32.938,-95.188,39.063,-0.168,0.148,1.047,-0.578,0.672,0.883,0.086,0.052,1.145,1.370,3,NULL,NULL,,3,0,2,7,255,938,250,0,0
stim,61348,91469,0,91469,3288799.454,-0.572,-0.026,0.014,0.820,0,0,2963,1,3087,2063,2920,2991,57,1.343,1,2121,0,106.568,2.171,2.125,-101.938,31.000,-0.270,0.293,1.152,-1.504,-1.566,0.883,0.082,0.058,1.145,1.370,3,NULL,NULL,,3,0,2,7,255,938,250,0,0
stim,61348,91469,0,91469,3288804.455,-0.571,-0.021,0.012,0.820,0,0,2964,0,3067,1954,2927,2991,57,1.343,1,2121,0,110.418,3.398,14.500,-108.688,13.000,-0.316,0.191,1.355,-1.504,-3.047,1.523,0.074,0.066,1.145,1.370,3,NULL,NULL,,3,0,2,7,255,938,250,0,0
stim,61368,91489,0,91489,3288809.454,-0.571,-0.017,0.010,0.821,0,0,2959,0,3091,1831,2938,2982,57,1.343,1,2121,0,117.198,3.376,7.000,-116.313,12.563,-0.227,0.027,1.547,-1.453,-3.047,3.527,0.068,0.076,1.145,1.370,3,NULL,NULL,,3,0,2,7,255,938,250,0,0
stim,61368,91489,0,91489,3288814.455,-0.570,-0.013,0.006,0.822,0,0,2953,0,3093,1699,2957,2976,57,1.343,1,2121,0,123.376,1.847,-19.188,-120.063,20.938,-0.219,-0.027,1.504,-0.266,-1.828,4.992,0.064,0.084,1.145,1.370,3,NULL,NULL,,3,0,2,7,255,938,250,0,0
stim,61368,91489,0,91489,3288819.454,-0.569,-0.010,0.002,0.822,0,0,2943,0,3090,1531,2979,2974,57,1.343,1,2121,0,133.685,1.847,-35.125,-126.688,24.250,-0.273,-0.066,1.324,0.266,-1.828,4.992,0.064,0.092,1.145,1.370,3,NULL,NULL,,3,0,2,7,255,938,250,0,0
stim,61368,91489,0,91489,3288824.455,-0.568,-0.006,-0.002,0.823,0,0,2940,0,3097,1336,2989,2971,57,1.343,1,2121,0,139.973,2.432,-32.688,-134.188,22.750,-0.281,-0.082,1.277,0.875,-2.270,3.230,0.064,0.100,1.145,1.370,3,NULL,NULL,,3,0,2,7,255,938,250,0,0
stim,61400,91522,0,91522,3288829.454,-0.567,-0.002,-0.007,0.824,0,0,2932,0,3107,1094,3000,2959,57,1.343,1,2121,0,146.034,2.521,-29.250,-141.563,20.750,-0.246,-0.109,1.227,1.098,-2.270,2.766,0.066,0.112,1.145,1.370,3,NULL,NULL,,3,0,2,7,255,938,250,0,0
stim,61400,91522,0,91522,3288834.455,-0.566,0.002,-0.011,0.824,0,0,2919,0,3109,845,2997,2952,57,1.343,1,2121,0,151.777,2.524,-23.938,-148.563,19.813,-0.211,-0.137,1.164,1.273,-2.180,2.250,0.066,0.124,1.145,1.370,3,NULL,NULL,,3,0,2,7,255,938,250,0,0
stim,61400,91522,0,91522,3288839.454,-0.565,0.007,-0.016,0.825,0,0,2915,0,3109,633,3007,2933,57,1.343,1,2121,0,158.222,2.386,-18.688,-155.375,23.313,-0.203,-0.156,1.176,1.445,-1.898,1.715,0.066,0.138,1.145,1.370,3,NULL,NULL,,3,0,2,7,255,938,250,0,0
stim,61400,91522,0,91522,3288844.455,-0.564,0.012,-0.020,0.826,0,0,2886,0,3109,483,3028,2903,57,1.343,1,2121,0,165.516,2.509,-14.688,-162.750,26.313,-0.223,-0.207,1.156,1.641,-1.898,1.621,0.064,0.148,1.145,1.370,3,NULL,NULL,,3,0,2,7,255,938,250,0,0
stim,61443,91564,0,91564,3288849.454,-0.562,0.018,-0.024,0.826,0,0,2857,0,3113,266,3032,2891,57,1.343,1,2121,0,172.910,2.998,-5.875,-170.938,25.375,-0.250,-0.250,1.102,2.227,-2.008,1.512,0.064,0.160,1.145,1.370,3,NULL,NULL,,3,0,2,7,255,938,250,0,0
stim,61443,91564,0,91564,3288854.455,-0.562,0.025,-0.029,0.827,0,0,2823,0,3109,125,3037,2857,57,1.343,1,2121,0,178.177,3.154,7.750,-177.375,15.000,-0.215,-0.195,1.148,2.234,-2.227,1.340,0.064,0.172,1.145,1.370,3,NULL,NULL,,3,0,2,7,255,938,250,0,0
stim,61443,91564,0,91564,3288859.454,-0.561,0.032,-0.032,0.827,0,0,2789,0,3103,45,3038,2824,57,1.343,1,2121,0,185.106,3.188,14.063,-184.375,8.500,-0.176,-0.063,1.207,2.234,-2.273,1.340,0.064,0.184,1.145,1.370,3,NULL,NULL,,3,0,2,7,255,938,250,0,0
stim,61443,91564,0,91564,3288864.455,-0.560,0.039,-0.036,0.827,0,0,2747,0,3104,0,3049,2772,57,1.343,1,2121,0,192.795,2.786,22.438,-191.438,4.250,-0.188,0.055,1.305,0.945,-2.621,1.840,0.066,0.196,1.145,1.370,3,NULL,NULL,,3,0,2,7,255,938,250,0,0
stim,61443,91564,0,91564,3288869.454,-0.559,0.047,-0.040,0.827,0,0,2679,0,3104,0,3051,2729,57,1.343,1,2121,0,202.925,3.410,26.375,-201.125,5.625,-0.164,0.156,1.504,0.027,-3.410,2.672,0.068,0.208,1.145,1.370,3,NULL,NULL,,3,0,2,7,255,938,250,0,0
stim,61443,91564,0,91564,3288874.455,-0.558,0.055,-0.044,0.827,0,0,2605,0,3107,2,3043,2670,57,1.343,1,2121,0,209.607,4.117,17.938,-208.750,6.063,-0.172,0.293,1.750,-0.875,-4.023,4.563,0.072,0.220,1.145,1.370,3,NULL,NULL,,3,0,2,7,255,938,250,0,0
stim,61443,91564,0,91564,3288879.454,-0.558,0.062,-0.049,0.826,0,0,2513,0,3091,0,3037,2601,57,1.343,1,2121,0,218.800,5.262,3.625,-218.688,6.000,-0.270,0.254,2.078,-1.031,-5.160,6.813,0.078,0.232,1.145,1.370,3,NULL,NULL,,3,0,2,7,255,938,250,0,0
stim,61443,91564,0,91564,3288884.455,-0.556,0.071,-0.055,0.826,0,0,2421,0,3087,43,3035,2525,57,1.343,1,2121,0,235.870,6.759,10.375,-235.188,14.625,-0.465,0.137,2.465,-1.031,-6.680,9.758,0.086,0.246,1.145,1.370,3,NULL,NULL,,3,0,2,7,255,938,250,0,0
stim,61443,91564,0,91564,3288889.454,-0.554,0.080,-0.062,0.826,0,0,2291,0,3061,65,3023,2411,57,1.343,1,2121,0,268.073,9.109,-23.500,-263.875,41.000,-0.672,0.289,2.715,0.648,-9.086,13.078,0.094,0.258,1.145,1.370,3,NULL,NULL,,3,0,2,7,255,938,250,0,0
stim,61443,91564,0,91564,3288894.455,-0.551,0.089,-0.071,0.826,0,0,2143,0,3027,71,3004,2265,57,1.343,1,2121,0,301.763,12.490,-58.438,-293.438,39.250,-0.828,0.641,2.754,0.648,-12.473,14.336,0.108,0.274,1.145,1.370,3,NULL,NULL,,3,0,2,7,255,938,250,0,0
stim,61443,91564,0,91564,3288899.454,-0.550,0.098,-0.083,0.825,0,0,2019,0,3013,79,2990,2109,57,1.343,1,2121,0,336.112,15.956,-98.250,-320.938,17.813,-0.820,1.023,2.742,-1.785,-15.855,14.336,0.124,0.294,1.145,1.370,3,NULL,NULL,,3,0,2,7,255,938,250,0,0
stim,61443,91564,0,91564,3288904.455,-0.548,0.107,-0.096,0.824,0,0,1893,0,2980,95,2957,1945,57,1.343,1,2121,0,369.933,18.634,-126.125,-347.750,3.563,-0.750,1.070,2.727,-5.238,-17.883,13.551,0.146,0.318,1.145,1.370,3,NULL,NULL,,3,0,2,7,255,938,250,0,0
stim,61480,91601,0,91601,3288909.454,-0.547,0.117,-0.110,0.822,0,0,1763,0,2923,95,2923,1815,57,1.343,1,2121,0,401.275,19.042,-140.063,-376.000,5.313,-0.727,1.070,2.734,-5.887,-18.109,12.992,0.178,0.352,1.145,1.370,3,NULL,NULL,,3,0,2,7,255,938,250,0,0
stim,61480,91601,0,91601,3288914.455,-0.545,0.128,-0.125,0.819,0,0,1662,0,2897,91,2888,1659,57,1.343,1,2121,0,429.678,19.660,-157.625,-399.688,5.250,-0.785,1.148,2.879,-5.973,-18.730,12.809,0.218,0.396,1.145,1.370,3,NULL,NULL,,3,0,2,7,255,938,250,0,0
stim,61480,91601,0,91601,3288919.454,-0.543,0.139,-0.141,0.816,0,0,1553,0,2829,86,2799,1507,57,1.343,1,2121,0,454.864,21.649,-167.250,-423.000,-0.125,-0.953,1.105,3.027,-5.973,-20.809,12.738,0.272,0.450,1.145,1.370,3,NULL,NULL,,3,0,2,7,255,938,250,0,0
stim,61480,91601,0,91601,3288924.455,-0.541,0.150,-0.159,0.812,0,0,1419,0,2763,74,2715,1363,57,1.343,1,2121,0,490.684,24.105,-196.188,-449.688,-7.875,-1.078,0.906,3.031,-5.348,-23.504,12.738,0.334,0.512,1.145,1.370,3,NULL,NULL,,3,0,2,7,255,938,250,0,0
stim,61480,91601,0,91601,3288929.454,-0.540,0.162,-0.177,0.807,0,0,1251,0,2663,61,2557,1212,57,1.343,1,2121,0,512.657,24.945,-207.188,-467.438,-37.313,-1.043,0.656,3.066,-3.145,-24.746,11.496,0.404,0.582,1.145,1.370,3,NULL,NULL,,3,0,2,7,255,938,250,0,0
stim,61480,91601,0,91601,3288934.455,-0.539,0.175,-0.195,0.801,0,0,1071,0,2517,28,2385,1047,57,1.343,1,2121,0,522.841,24.814,-193.375,-482.000,-60.375,-1.004,0.555,3.184,-1.105,-24.789,11.352,0.480,0.660,1.145,1.370,3,NULL,NULL,,3,0,2,7,255,938,250,0,0
stim,61503,91624,0,91624,3288939.454,-0.538,0.188,-0.213,0.794,0,0,853,0,2349,0,2139,908,57,1.343,1,2121,0,535.128,25.612,-195.438,-493.813,-65.688,-0.918,0.434,3.355,-0.371,-25.609,11.352,0.566,0.746,1.145,1.370,3,NULL,NULL,,3,0,2,7,255,938,250,0,0
stim,61503,91624,0,91624,3288944.455,-0.536,0.200,-0.233,0.787,0,0,633,0,2110,0,1811,808,57,1.343,1,2121,0,564.507,25.612,-231.750,-512.875,-43.813,-0.836,0.047,3.270,0.391,-25.609,11.352,0.656,0.836,1.145,1.370,3,NULL,NULL,,3,0,2,7,255,938,250,0,0
stim,61503,91624,0,91624,3288949.454,-0.532,0.212,-0.255,0.779,0,0,429,0,1829,0,1373,684,57,1.343,1,2121,0,602.919,25.484,-280.375,-533.750,3.438,-0.730,-0.336,2.578,3.504,-25.242,11.332,0.752,0.934,1.145,1.370,3,NULL,NULL,,3,0,2,7,255,938,250,0,0
stim,61503,91624,0,91624,3288954.455,-0.527,0.224,-0.277,0.772,0,0,273,0,1518,0,781,571,57,1.343,1,2121,0,604.781,21.184,-262.938,-544.563,8.688,-0.621,-0.469,1.746,6.234,-20.246,6.113,0.852,1.034,1.145,1.370,3,NULL,NULL,,3,0,2,7,255,938,250,0,0
stim,61545,91666,0,91666,3288959.454,-0.521,0.238,-0.295,0.765,0,0,163,0,1212,0,278,470,57,1.343,1,2121,0,580.135,15.791,-161.938,-556.875,14.938,-0.547,-0.301,1.422,6.234,-14.508,-0.023,0.962,1.146,1.145,1.370,3,NULL,NULL,,3,0,2,7,255,938,250,0,0
stim,61545,91666,0,91666,3288964.455,-0.512,0.256,-0.309,0.760,0,0,95,0,798,0,0,409,57,1.343,1,2121,0,566.217,15.319,-34.750,-563.688,40.625,-0.730,0.078,2.047,4.918,-14.508,-1.582,1.078,1.264,1.145,1.370,3,NULL,NULL,,3,0,2,7,255,938,250,0,0
stim,61545,91666,0,91666,3288969.454,-0.499,0.273,-0.324,0.756,0,0,57,0,295,0,0,361,57,1.343,1,2121,0,594.689,19.982,6.625,-581.500,124.375,-1.441,0.262,2.738,4.109,-19.555,-2.898,1.194,1.384,1.145,1.370,3,NULL,NULL,,3,0,2,7,255,938,250,0,0
stim,61545,91666,0,91666,3288974.455,-0.486,0.287,-0.341,0.752,0,0,21,0,0,0,0,314,57,1.343,1,2121,0,615.586,29.695,-91.375,-583.500,173.563,-1.691,0.844,2.758,2.500,-29.590,-3.758,1.306,1.500,1.145,1.370,3,NULL,NULL,,3,0,2,7,255,938,250,0,0
stim,61545,91666,0,91666,3288979.454,-0.478,0.298,-0.362,0.743,0,0,21,0,0,0,0,269,57,1.343,1,2121,0,587.601,29.590,-243.750,-530.438,67.063,-1.305,1.512,2.180,0.195,-29.590,-8.469,1.406,1.604,1.145,1.370,3,NULL,NULL,,3,0,2,7,255,938,250,0,0
stim,61545,91666,0,91666,3288984.455,-0.475,0.305,-0.383,0.731,0,0,21,0,0,0,0,183,57,1.343,1,2121,0,580.138,28.995,-362.000,-453.313,-4.938,-0.637,1.844,1.430,-7.703,-27.953,-12.074,1.494,1.696,1.145,1.370,4,NULL,NULL,,3,0,2,7,255,938,250,0,0
stim,61545,91666,0,91666,3288989.454,-0.472,0.305,-0.406,0.721,0,0,21,0,0,0,0,151,57,1.343,1,2121,0,583.241,22.398,-449.875,-361.313,85.063,-1.066,1.723,0.758,-11.695,-19.102,-12.852,1.580,1.786,1.145,1.370,0,NULL,NULL,,3,0,2,7,255,938,250,0,0
stim,61545,91666,0,91666,3288994.455,-0.469,0.298,-0.430,0.711,0,0,13,0,0,0,0,118,57,1.343,1,2121,0,637.666,20.077,-565.188,-241.063,170.500,-0.898,2.020,-0.566,-13.906,-14.480,-20.160,1.676,1.886,1.145,1.370,0,NULL,NULL,,3,0,2,7,255,938,250,0,0
stim,61564,91685,0,91685,3288999.454,-0.470,0.294,-0.444,0.704,0,0,16,0,0,0,0,81,57,1.343,1,2121,0,370.684,11.849,-345.875,-129.750,30.688,-0.855,0.535,-1.355,-11.695,-1.902,-24.289,1.784,1.996,1.145,1.370,0,NULL,NULL,,3,0,2,7,255,938,250,0,0
stim,61564,91685,0,91685,3289004.455,-0.471,0.296,-0.445,0.702,0,0,11,0,0,0,0,94,57,1.343,1,2121,0,70.487,1.300,-2.688,-43.688,-55.250,-0.957,-1.328,-0.199,-1.262,-0.313,-24.289,1.896,2.110,1.145,1.370,0,NULL,NULL,,3,0,2,7,255,938,250,0,0
stim,61564,91685,0,91685,3289009.454,-0.473,0.298,-0.441,0.702,0,0,9,0,0,0,0,103,57,1.343,1,2121,0,89.828,15.577,57.875,26.813,-63.250,-1.023,-1.473,1.363,15.574,-0.313,-13.813,2.006,2.222,1.145,1.370,0,NULL,NULL,,3,0,2,7,255,938,250,0,0
stim,61564,91685,0,91685,3289014.455,-0.478,0.294,-0.442,0.700,0,0,9,0,0,0,0,93,57,1.343,1,2121,0,161.236,21.094,-104.500,112.313,-49.625,-0.953,-0.219,1.344,15.574,-14.227,-11.223,2.102,2.320,1.145,1.370,0,NULL,NULL,,3,0,2,7,255,938,250,0,0
stim,61564,91685,0,91685,3289019.454,-0.484,0.284,-0.443,0.699,0,0,7,0,0,0,0,48,57,1.343,1,2121,0,261.001,15.026,-187.125,181.563,-11.875,-0.863,1.180,0.203,4.836,-14.227,-11.223,2.176,2.396,1.145,1.370,0,NULL,NULL,,3,0,2,7,255,938,250,0,0
stim,61564,91685,0,91685,3289024.455,-0.489,0.275,-0.442,0.700,0,0,6,0,0,0,0,28,57,1.343,1,2121,0,233.983,10.309,-90.875,213.375,31.000,-0.996,1.652,-0.316,-7.809,-6.730,-20.090,2.232,2.450,1.145,1.370,0,NULL,NULL,,3,0,2,7,255,938,250,0,0
stim,61596,91718,0,91718,3289029.454,-0.492,0.269,-0.436,0.704,0,0,9,0,0,0,0,7,57,1.343,1,2121,0,227.726,10.309,38.875,222.188,31.313,-1.262,1.141,0.152,-7.809,-6.730,-23.195,2.276,2.496,1.145,1.370,0,NULL,NULL,,3,0,2,7,255,938,250,0,0
stim,61597,91718,0,91718,3289034.455,-0.496,0.263,-0.429,0.708,0,0,8,0,0,0,0,11,57,1.343,1,2121,0,238.460,10.190,58.438,231.188,0.813,-1.285,0.344,0.813,-5.965,-8.262,-23.195,2.322,2.544,1.145,1.370,0,NULL,NULL,,3,0,2,7,255,938,250,0,0
stim,61597,91718,0,91718,3289039.454,-0.501,0.256,-0.424,0.710,0,0,4,0,0,0,0,20,57,1.343,1,2121,0,237.160,12.593,-2.625,236.875,-11.313,-1.086,0.125,0.840,0.813,-12.566,-17.227,2.376,2.604,1.145,1.370,0,NULL,NULL,,3,0,2,7,255,938,250,0,0
stim,61597,91718,0,91718,3289044.455,-0.506,0.248,-0.420,0.712,0,0,7,0,0,0,0,21,57,1.343,1,2121,0,242.809,12.593,-43.750,238.813,3.313,-0.828,0.320,0.395,0.813,-12.566,-15.293,2.436,2.666,1.145,1.370,0,NULL,NULL,,3,0,2,7,255,938,250,0,0
stim,61597,91718,0,91718,3289049.454,-0.510,0.240,-0.416,0.714,0,0,3,0,0,0,0,22,57,1.343,1,2121,0,238.961,7.854,-26.563,235.625,29.625,-0.773,0.516,-0.020,-0.410,-7.844,-15.293,2.494,2.724,1.145,1.370,0,NULL,NULL,,3,0,2,7,255,938,250,0,0
stim,61597,91718,0,91718,3289054.455,-0.513,0.232,-0.410,0.718,0,0,1,0,0,0,0,23,57,1.343,1,2121,0,240.086,4.715,20.250,236.313,37.250,-0.797,0.484,-0.055,-1.539,-4.457,-17.563,2.548,2.780,1.145,1.370,0,NULL,NULL,,3,0,2,7,255,938,250,0,0
stim,61647,91768,0,91768,3289059.454,-0.516,0.225,-0.404,0.721,0,0,1,0,0,0,0,23,57,1.343,1,2121,0,246.754,4.715,47.313,239.750,34.188,-0.668,0.402,0.070,-1.539,-4.457,-17.563,2.602,2.836,1.145,1.370,0,NULL,NULL,,3,0,2,7,255,938,250,0,0
stim,61647,91768,0,91768,3289064.455,-0.518,0.218,-0.397,0.726,0,0,0,0,0,0,0,23,57,1.343,1,2121,0,257.414,4.993,54.625,248.188,41.000,-0.570,0.410,0.152,-1.539,-4.750,-15.730,2.656,2.892,1.145,1.370,0,NULL,NULL,,3,0,2,7,255,938,250,0,0
stim,61647,91768,0,91768,3289069.454,-0.521,0.210,-0.389,0.730,0,0,0,0,0,0,0,21,57,1.343,1,2121,0,270.537,5.050,61.375,259.063,48.063,-0.492,0.355,0.160,-1.715,-4.750,-14.484,2.708,2.946,1.145,1.370,0,NULL,NULL,,3,0,2,7,255,938,250,0,0
stim,61647,91768,0,91768,3289074.455,-0.523,0.203,-0.381,0.735,0,0,0,0,0,0,0,20,57,1.343,1,2121,0,287.967,5.024,75.563,271.500,59.188,-0.430,0.289,0.219,-1.715,-4.723,-13.586,2.752,2.992,1.145,1.370,0,NULL,NULL,,3,0,2,7,255,938,250,0,0
stim,61648,91769,0,91769,3289079.454,-0.525,0.194,-0.372,0.740,0,0,0,0,0,0,0,17,57,1.343,1,2121,0,305.649,4.932,87.938,284.125,70.438,-0.426,0.254,0.301,-1.422,-4.723,-12.477,2.786,3.030,1.145,1.370,0,NULL,NULL,,3,0,2,7,255,938,250,0,0
stim,61648,91769,0,91769,3289084.455,-0.527,0.186,-0.363,0.745,0,0,0,0,0,0,0,9,57,1.343,1,2121,0,319.433,5.492,98.000,296.625,66.688,-0.555,0.352,0.402,-1.422,-5.305,-12.066,2.814,3.058,1.145,1.370,0,NULL,NULL,,3,0,2,7,255,938,250,0,0
stim,61648,91770,0,91770,3289089.454,-0.530,0.178,-0.352,0.751,0,0,0,0,0,0,0,3,57,1.343,1,2121,0,332.785,7.151,106.000,311.000,52.813,-0.438,0.301,0.496,-1.734,-6.938,-11.691,2.838,3.086,1.145,1.370,0,NULL,NULL,,3,0,2,7,255,938,250,0,0
stim,61648,91770,0,91770,3289094.455,-0.532,0.169,-0.342,0.756,0,0,0,0,0,0,0,2,57,1.343,1,2121,0,347.021,7.323,110.188,323.500,60.250,-0.359,0.297,0.648,-1.863,-7.082,-10.316,2.862,3.110,1.145,1.370,0,NULL,NULL,,3,0,2,7,255,938,250,0,0
stim,61648,91770,0,91770,3289099.454,-0.535,0.159,-0.331,0.761,0,0,0,0,0,0,0,1,57,1.343,1,2121,0,358.261,7.817,106.875,334.563,70.688,-0.402,0.309,0.785,-2.293,-7.473,-8.598,2.884,3.136,1.145,1.370,0,NULL,NULL,,3,0,2,7,255,938,250,0,0
stim,61649,91770,0,91770,3289104.455,-0.537,0.149,-0.320,0.766,0,0,0,0,0,0,0,2,57,1.343,1,2121,0,365.098,8.980,99.188,344.625,68.500,-0.465,0.305,0.863,-2.332,-8.672,-7.695,2.910,3.164,1.145,1.370,0,NULL,NULL,,3,0,2,7,255,938,250,0,0
stim,61669,91790,0,91790,3289109.454,-0.540,0.139,-0.308,0.771,0,0,6,0,0,0,0,1,57,1.343,1,2121,0,370.115,9.634,93.375,353.250,59.000,-0.449,0.258,0.883,-2.332,-9.348,-7.191,2.938,3.196,1.145,1.370,0,NULL,NULL,,3,0,2,7,255,938,250,0,0
stim,61669,91790,0,91790,3289114.455,-0.542,0.128,-0.297,0.775,0,0,0,0,0,0,0,1,57,1.343,1,2121,0,376.231,9.563,92.313,360.813,53.313,-0.410,0.215,0.895,-2.020,-9.348,-6.531,2.972,3.230,1.145,1.370,0,NULL,NULL,,3,0,2,7,255,938,250,0,0
stim,61669,91790,0,91790,3289119.454,-0.545,0.117,-0.285,0.779,0,0,0,0,0,0,0,1,57,1.343,1,2121,0,382.620,9.114,92.938,367.563,51.563,-0.406,0.199,0.938,-1.844,-8.926,-5.770,3.010,3.270,1.145,1.370,0,NULL,NULL,,3,0,2,7,255,938,250,0,0
stim,61669,91790,0,91790,3289124.455,-0.548,0.106,-0.273,0.783,0,1,0,0,0,0,0,1,57,1.343,1,2121,0,387.839,9.109,92.688,373.625,47.250,-0.422,0.188,0.977,-1.816,-8.926,-5.098,3.052,3.314,1.145,1.370,0,NULL,NULL,,3,0,2,7,255,938,250,0,0
stim,61694,91815,0,91815,3289129.454,-0.551,0.095,-0.261,0.787,0,0,0,0,0,0,0,1,57,1.343,1,2121,0,392.678,9.109,92.625,379.625,38.750,-0.422,0.188,0.980,-1.816,-8.926,-4.523,3.096,3.360,1.145,1.370,0,NULL,NULL,,3,0,2,7,255,938,250,0,0
stim,61694,91815,0,91815,3289134.455,-0.555,0.084,-0.249,0.790,0,0,0,0,0,0,0,1,57,1.343,1,2121,0,397.807,9.104,96.813,384.625,30.688,-0.406,0.176,0.953,-1.793,-8.926,-4.203,3.142,3.408,1.145,1.370,0,NULL,NULL,,3,0,2,7,255,938,250,0,0
stim,61694,91815,0,91815,3289139.454,-0.558,0.073,-0.236,0.792,0,0,0,0,0,0,0,1,57,1.343,1,2121,0,403.851,8.833,105.875,389.125,21.625,-0.441,0.191,0.980,-1.832,-8.641,-4.043,3.188,3.456,1.145,1.370,0,NULL,NULL,,3,0,2,7,255,938,250,0,0
stim,61694,91815,0,91815,3289144.455,-0.562,0.062,-0.222,0.795,0,0,0,0,0,0,0,4,57,1.343,1,2121,0,409.513,8.614,115.313,392.813,10.125,-0.410,0.117,1.004,-1.793,-8.426,-3.688,3.234,3.504,1.145,1.370,0,NULL,NULL,,3,0,2,7,255,938,250,0,0
stim,61747,91868,0,91868,3289149.454,-0.565,0.052,-0.208,0.797,0,0,0,0,0,0,0,4,57,1.343,1,2121,0,413.569,8.182,127.438,393.375,7.438,-0.375,0.078,1.070,-1.438,-8.055,-2.867,3.280,3.552,1.145,1.370,0,NULL,NULL,,3,0,2,7,255,938,250,0,0
stim,61747,91868,0,91868,3289154.455,-0.568,0.042,-0.193,0.799,0,0,0,0,0,0,0,3,57,1.343,1,2121,0,414.693,7.805,134.125,392.250,11.000,-0.324,0.102,1.145,-1.438,-7.672,-1.777,3.324,3.598,1.145,1.370,0,NULL,NULL,,3,0,2,7,255,938,250,0,0
stim,61747,91868,0,91868,3289159.454,-0.572,0.031,-0.179,0.800,0,0,0,0,0,0,0,7,57,1.343,1,2121,0,414.678,7.676,142.250,389.438,7.813,-0.336,0.230,1.168,-1.945,-7.426,-0.762,3.364,3.640,1.145,1.370,0,NULL,NULL,,3,0,2,7,255,938,250,0,0
stim,61747,91868,0,91868,3289164.455,-0.575,0.023,-0.163,0.801,0,0,0,0,0,0,0,37,57,1.343,1,2121,0,415.235,7.525,171.750,377.625,-17.938,-0.121,-0.031,1.309,-1.945,-7.270,-0.656,3.402,3.680,1.145,1.370,0,NULL,NULL,,3,0,2,7,255,938,250,0,0
stim,61747,91868,0,91868,3289169.454,-0.579,0.015,-0.147,0.802,0,0,0,0,0,0,0,43,57,1.343,1,2121,0,423.598,5.153,204.313,369.813,-30.500,0.004,-0.246,1.656,-1.727,-4.855,2.020,3.436,3.716,1.145,1.370,0,NULL,NULL,,3,0,2,7,255,938,250,0,0
stim,61747,91868,0,91868,3289174.455,-0.583,0.007,-0.131,0.802,0,0,0,0,0,0,0,45,57,1.343,1,2121,0,409.965,3.983,182.188,365.938,-31.125,0.160,-0.012,1.836,-1.727,-3.590,6.203,3.470,3.752,1.145,1.370,0,NULL,NULL,,3,0,2,7,255,938,250,0,0
stim,61747,91868,0,91868,3289179.454,-0.585,-0.002,-0.117,0.802,0,0,0,0,0,0,0,43,57,1.343,1,2121,0,393.980,4.442,143.250,366.938,-7.500,0.281,0.074,1.559,-3.566,-2.648,6.203,3.500,3.784,1.145,1.370,0,NULL,NULL,,3,0,2,7,255,938,250,0,0
stim,61747,91868,0,91868,3289184.455,-0.586,-0.011,-0.102,0.803,0,0,0,0,0,0,0,41,57,1.343,1,2121,0,398.479,4.247,138.375,372.500,29.688,0.297,0.215,1.145,-4.199,-0.633,5.184,3.530,3.814,1.145,1.370,0,NULL,NULL,,3,0,2,7,255,938,250,0,0
stim,61747,91868,0,91868,3289189.454,-0.587,-0.019,-0.085,0.805,0,0,0,0,0,0,0,37,57,1.343,1,2121,0,426.658,4.247,217.188,364.875,41.625,-0.066,0.207,1.355,-4.199,-0.633,2.770,3.556,3.844,1.145,1.370,0,NULL,NULL,,3,0,2,7,255,938,250,0,0
stim,61747,91868,0,91868,3289194.455,-0.587,-0.025,-0.067,0.806,0,0,0,0,0,0,0,9,57,1.343,1,2121,0,433.993,5.651,244.813,356.313,38.188,-0.289,0.313,1.918,-4.844,-2.910,2.770,3.584,3.872,1.145,1.370,0,NULL,NULL,,3,0,2,7,255,938,250,0,0
stim,61747,91868,1,91868,3289199.454,-0.589,-0.032,-0.051,0.806,0,0,0,0,0,0,0,7,57,1.343,1,2121,0,416.349,6.565,214.563,356.563,13.125,-0.234,0.355,2.125,-4.895,-4.375,8.082,3.612,3.902,1.145,1.370,0,NULL,NULL,,3,1,2,7,255,938,250,0,0
stim,61747,91868,1,91868,3289204.455,-0.590,-0.039,-0.034,0.806,0,0,0,0,0,0,0,11,57,1.343,1,2121,0,407.484,6.565,211.250,348.313,9.750,-0.090,0.227,2.215,-4.895,-4.375,10.242,3.640,3.934,1.145,1.370,0,NULL,NULL,,3,1,2,7,255,938,250,0,0
stim,61782,91903,1,91903,3289209.454,-0.590,-0.045,-0.017,0.806,0,0,0,0,0,0,0,6,57,1.343,1,2121,0,405.687,5.197,223.063,338.438,16.875,-0.074,0.027,2.379,-4.813,-1.961,11.441,3.670,3.964,1.145,1.370,0,NULL,NULL,,3,1,2,7,255,938,250,0,0
stim,61782,91903,1,91903,3289214.455,-0.591,-0.051,-0.001,0.805,0,0,0,0,0,0,0,6,57,1.343,1,2121,0,399.139,3.006,218.625,333.875,6.500,-0.125,0.012,2.559,-2.973,-0.445,13.340,3.698,3.994,1.145,1.370,0,NULL,NULL,,3,1,2,7,255,938,250,0,0
stim,61782,91903,1,91903,3289219.454,-0.592,-0.058,0.014,0.804,0,0,0,0,0,0,0,6,57,1.343,1,2121,0,385.217,2.973,191.063,334.313,-11.063,-0.016,0.059,2.473,-2.973,0.004,14.195,3.726,4.024,1.145,1.370,0,NULL,NULL,,3,1,2,7,255,938,250,0,0
stim,61782,91903,1,91903,3289224.455,-0.593,-0.064,0.029,0.802,0,0,0,0,0,0,0,31,57,1.343,1,2121,0,382.047,3.135,182.875,335.063,-15.813,0.133,0.000,2.195,-2.688,1.613,14.195,3.754,4.054,1.145,1.370,0,NULL,NULL,,3,1,2,7,255,938,250,0,0
stim,61782,91903,1,91903,3289229.454,-0.594,-0.071,0.045,0.800,0,0,0,0,0,0,0,41,57,1.343,1,2121,0,394.986,4.484,209.000,334.688,-17.813,0.320,-0.270,2.090,-2.602,3.652,11.297,3.780,4.080,1.145,1.370,0,NULL,NULL,,3,1,2,7,255,938,250,0,0
stim,61782,91903,1,91903,3289234.455,-0.595,-0.076,0.062,0.798,0,0,0,0,0,0,0,45,57,1.343,1,2121,0,411.775,6.725,240.875,333.625,-15.250,0.469,-0.473,2.199,-0.281,6.719,10.512,3.802,4.106,1.145,1.370,0,NULL,NULL,,3,1,2,7,255,938,250,0,0
stim,61804,91925,1,91925,3289239.454,-0.596,-0.081,0.080,0.795,0,0,0,0,0,0,0,51,57,1.343,1,2121,0,425.518,9.592,265.813,331.563,-21.813,0.676,-0.488,2.355,1.207,9.516,10.512,3.822,4.126,1.145,1.370,0,NULL,NULL,,3,1,2,7,255,938,250,0,0
stim,61804,91925,1,91925,3289244.455,-0.597,-0.085,0.098,0.791,0,0,0,0,0,0,0,53,57,1.343,1,2121,0,439.664,12.500,289.063,329.313,-36.063,0.859,-0.355,2.461,1.207,12.441,11.215,3.834,4.140,1.145,1.370,0,NULL,NULL,,3,1,2,7,255,938,250,0,0
stim,61804,91925,1,91925,3289249.454,-0.599,-0.088,0.117,0.788,0,0,0,0,0,0,0,54,57,1.343,1,2121,0,448.480,14.788,306.125,326.313,-30.688,1.320,-0.602,2.629,1.207,14.738,11.215,3.842,4.150,1.145,1.370,0,NULL,NULL,,3,1,2,7,255,938,250,0,0
stim,61804,91925,1,91925,3289254.455,-0.598,-0.091,0.136,0.784,0,0,0,0,0,0,0,55,57,1.343,1,2121,0,449.077,20.742,315.750,319.313,3.375,1.406,-0.563,2.750,1.273,20.703,11.117,3.842,4.152,1.145,1.370,0,NULL,NULL,,3,1,2,7,255,938,250,0,0
stim,61844,91965,1,91965,3289259.454,-0.598,-0.093,0.155,0.781,0,0,0,0,0,0,0,55,57,1.343,1,2121,0,448.131,22.501,321.813,311.688,10.438,1.398,-0.395,2.934,1.273,22.465,11.117,3.836,4.148,1.145,1.370,0,NULL,NULL,,3,1,2,7,255,938,250,0,0
stim,61844,91965,1,91965,3289264.455,-0.597,-0.095,0.174,0.777,0,0,0,0,0,0,0,53,57,1.343,1,2121,0,440.801,23.275,319.188,304.000,-2.938,1.453,-0.336,3.105,0.242,23.273,12.230,3.818,4.132,1.145,1.370,0,NULL,NULL,,3,1,2,7,255,938,250,0,0
stim,61844,91965,1,91965,3289269.454,-0.597,-0.098,0.192,0.773,0,0,0,0,0,0,0,57,57,1.343,1,2121,0,427.004,24.982,304.188,298.938,-20.938,1.582,-0.352,3.324,0.242,24.980,12.879,3.790,4.106,1.145,1.370,0,NULL,NULL,,3,1,2,7,255,938,250,0,0
stim,61844,91965,1,91965,3289274.455,-0.597,-0.101,0.208,0.768,0,0,0,0,0,0,0,59,57,1.343,1,2121,0,397.752,27.731,268.688,291.625,-31.125,1.742,-0.277,3.465,0.137,27.730,13.316,3.750,4.068,1.145,1.370,0,NULL,NULL,,3,1,2,7,255,938,250,0,0
stim,61844,91965,1,91965,3289279.454,-0.597,-0.105,0.223,0.763,0,0,0,0,0,0,0,63,57,1.343,1,2121,0,365.735,30.231,230.625,279.875,-47.375,2.121,-0.117,3.566,0.133,30.230,13.316,3.696,4.016,1.145,1.370,0,NULL,NULL,,3,1,2,7,255,938,250,0,0
stim,61844,91965,1,91965,3289284.455,-0.598,-0.110,0.235,0.759,0,0,0,0,0,0,0,73,57,1.343,1,2121,0,321.864,34.275,170.438,266.938,-57.375,2.551,-0.137,3.379,-1.816,34.227,12.016,3.626,3.948,1.145,1.370,0,NULL,NULL,,3,1,2,7,255,938,250,0,0
stim,61844,91965,1,91965,3289289.454,-0.598,-0.116,0.245,0.754,0,0,0,0,0,0,0,106,57,1.343,1,2121,0,281.295,37.658,110.938,251.875,-58.125,3.027,-0.313,3.000,-2.199,37.594,7.590,3.544,3.866,1.145,1.370,0,NULL,NULL,,3,1,2,7,255,938,250,0,0
stim,61844,91965,1,91965,3289294.455,-0.597,-0.122,0.253,0.751,0,0,0,0,0,0,0,167,57,1.343,1,2121,0,243.478,40.452,66.188,231.938,-33.250,3.453,-0.410,2.453,-2.555,40.371,0.934,3.448,3.772,1.145,1.370,0,NULL,NULL,,3,1,2,7,255,938,250,0,0
stim,61864,91985,1,91985,3289299.454,-0.596,-0.128,0.260,0.749,0,0,0,0,0,0,0,203,57,1.343,1,2121,0,214.215,41.068,49.313,208.000,-13.875,3.727,-0.586,1.875,-2.363,41.000,-6.715,3.340,3.668,1.145,1.370,0,NULL,NULL,,3,1,2,7,255,938,250,0,0
stim,61864,91985,1,91985,3289304.455,-0.594,-0.132,0.267,0.748,0,0,0,0,0,0,0,245,57,1.343,1,2121,0,190.706,41.510,54.750,182.438,9.375,4.105,-0.656,1.387,-2.816,41.414,-13.949,3.222,3.550,1.145,1.370,0,NULL,NULL,,3,1,2,7,255,938,250,0,0
stim,61864,91985,1,91985,3289309.454,-0.591,-0.135,0.273,0.747,0,0,0,0,0,0,0,261,57,1.343,1,2121,0,176.126,41.481,75.875,153.313,41.938,4.391,-0.996,0.934,-2.363,41.414,-20.672,3.090,3.418,1.145,1.370,0,NULL,NULL,,3,1,2,7,255,938,250,0,0
stim,61864,91985,1,91985,3289314.455,-0.588,-0.135,0.281,0.747,0,0,0,0,0,0,0,265,57,1.343,1,2121,0,191.870,41.434,121.938,123.375,82.000,4.465,-1.586,0.570,-1.301,41.414,-27.105,2.944,3.272,1.145,1.370,0,NULL,NULL,,3,1,2,7,255,938,250,0,0
stim,61864,91985,1,91985,3289319.454,-0.583,-0.131,0.291,0.747,0,0,0,0,0,0,0,269,57,1.343,1,2121,0,259.460,40.987,201.500,92.063,135.063,4.355,-2.043,0.570,3.375,40.848,-32.254,2.786,3.114,1.145,1.370,0,NULL,NULL,,3,1,2,7,255,938,250,0,0
stim,61864,91985,1,91985,3289324.455,-0.579,-0.124,0.302,0.747,0,0,0,0,0,0,0,268,57,1.343,1,2121,0,320.005,41.201,270.313,58.938,160.813,4.004,-2.418,0.965,7.441,40.523,-32.254,2.616,2.944,1.145,1.370,0,NULL,NULL,,3,1,2,7,255,938,250,0,0
stim,61895,92016,1,92016,3289329.454,-0.575,-0.115,0.314,0.747,0,0,0,0,0,0,0,264,57,1.343,1,2121,0,361.122,41.808,321.000,28.625,162.938,3.531,-2.090,1.523,10.633,40.434,-30.063,2.442,2.766,1.145,1.370,0,NULL,NULL,,3,1,2,7,255,938,250,0,0
stim,61895,92016,1,92016,3289334.455,-0.571,-0.104,0.326,0.746,0,0,0,0,0,0,0,281,57,1.343,1,2121,0,373.483,41.808,337.250,-13.125,159.938,3.219,-1.461,2.531,10.633,40.434,-22.980,2.262,2.582,1.145,1.370,0,NULL,NULL,,3,1,2,7,255,938,250,0,0
stim,61895,92016,1,92016,3289339.454,-0.567,-0.090,0.337,0.746,21,0,0,297,0,4,0,461,57,1.343,1,2121,0,414.368,42.757,354.188,-76.000,201.188,1.813,-2.063,4.156,10.633,41.414,-12.141,2.078,2.392,1.145,1.370,0,NULL,NULL,,3,1,2,7,255,938,250,0,0
stim,61895,92016,1,92016,3289344.455,-0.557,-0.049,0.360,0.747,687,0,0,1005,0,104,0,533,57,1.343,1,2121,0,1103.545,44.779,899.625,-341.688,540.125,1.523,1.129,10.695,15.996,41.824,4.730,1.888,2.194,1.145,1.370,0,NULL,NULL,,3,1,2,7,255,938,250,0,0
stim,61932,92053,1,92053,3289349.454,-0.557,-0.047,0.351,0.752,1335,0,0,1567,0,373,0,628,57,1.343,1,2121,0,232.800,60.142,-159.688,-154.625,69.188,0.004,0.629,10.137,21.242,56.266,66.938,1.690,1.990,1.145,1.370,0,NULL,NULL,,3,1,2,7,255,938,250,0,0
stim,61932,92053,1,92053,3289354.455,-0.550,-0.072,0.304,0.774,1871,0,0,1880,0,725,0,663,57,1.343,1,2121,0,1330.699,58.495,-1317.000,-138.000,131.250,0.938,2.813,2.844,15.996,56.266,66.938,1.486,1.780,1.145,1.370,0,NULL,NULL,,3,1,2,7,255,938,250,0,0
stim,61932,92053,1,92053,3289359.454,-0.539,-0.095,0.257,0.797,2189,0,0,2066,0,1032,0,725,57,1.343,1,2122,0,1334.328,28.266,-1299.188,-163.063,256.813,0.547,4.125,-2.367,-23.090,16.305,18.926,1.284,1.570,1.145,1.370,1,1028.000,90.000,,3,1,2,7,255,938,250,0,0
stim,61932,92053,1,92053,3289364.455,-0.525,-0.102,0.233,0.813,2415,0,0,2235,0,1251,0,791,57,1.343,1,2122,0,750.478,30.336,-648.563,-139.063,351.063,-1.375,2.172,-4.277,-23.090,-19.676,-20.691,1.084,1.362,1.145,1.370,1,NULL,NULL,,3,1,2,7,255,938,250,0,0
stim,61932,92053,1,92053,3289369.454,-0.517,-0.094,0.228,0.819,2584,0,0,2396,0,1401,0,868,57,1.343,1,2122,0,306.920,30.458,-41.938,-179.875,245.125,-2.703,-0.918,-1.793,-15.652,-26.129,-20.691,0.892,1.158,1.145,1.370,1,NULL,NULL,,3,1,2,7,255,938,250,0,0
stim,61932,92053,1,92053,3289374.455,-0.518,-0.083,0.234,0.819,2747,0,0,2629,0,1500,0,990,57,1.343,1,2122,0,290.458,26.169,246.250,-144.813,52.500,-1.266,0.617,1.703,1.453,-26.129,-17.285,0.688,0.932,1.145,1.370,2,NULL,NULL,,3,1,2,7,255,938,250,0,0
stim,61975,92096,1,92096,3289379.454,-0.516,-0.074,0.237,0.820,2860,0,0,2771,0,1553,0,1096,57,1.343,1,2122,0,207.516,5.278,137.875,-120.813,97.250,-0.637,2.770,2.262,1.453,-5.074,11.285,0.478,0.678,1.145,1.370,2,NULL,NULL,,3,1,2,7,255,938,250,0,0
stim,61975,92096,1,92096,3289384.455,-0.509,-0.070,0.228,0.827,2932,0,0,2872,0,1597,0,1240,57,1.343,1,2122,0,315.383,5.237,-164.375,-169.375,209.188,-1.203,1.152,2.383,-2.367,-4.672,18.344,0.382,0.464,1.145,1.370,2,NULL,NULL,,3,1,2,7,255,938,250,0,0
stim,61975,92096,1,92096,3289389.454,-0.507,-0.071,0.211,0.833,2974,0,0,2941,0,1624,0,1353,57,1.343,1,2122,0,415.981,5.599,-369.500,-174.875,77.000,-2.148,-0.641,0.793,-2.367,-5.074,18.344,0.416,0.370,1.145,1.370,2,NULL,NULL,,3,1,2,7,255,938,250,0,0
stim,61975,92096,1,92096,3289394.455,-0.511,-0.072,0.195,0.834,3005,0,0,2997,0,1641,0,1437,57,1.343,1,2122,0,376.507,18.272,-313.125,-184.313,-98.688,-1.641,-1.184,-0.090,15.984,-8.852,2.684,0.476,0.378,1.145,1.370,2,NULL,NULL,,3,1,2,7,255,938,250,0,0
stim,61975,92096,1,92096,3289399.454,-0.520,-0.070,0.185,0.831,3029,0,0,3045,0,1683,0,1497,57,1.343,1,2122,0,324.303,18.272,-151.875,-184.563,-219.188,-0.313,-1.203,0.367,15.984,-8.852,-7.949,0.514,0.428,1.145,1.370,2,NULL,NULL,,3,1,2,7,255,938,250,0,0
stim,61975,92096,1,92096,3289404.455,-0.528,-0.067,0.177,0.828,3051,0,0,3085,0,1738,0,1563,57,1.343,1,2122,0,287.711,12.471,-76.563,-182.375,-208.938,0.824,-0.969,0.992,11.977,3.477,-7.949,0.528,0.474,1.145,1.370,2,NULL,NULL,,3,1,2,7,255,938,250,0,0
stim,61975,92096,1,92096,3289409.454,-0.533,-0.064,0.171,0.827,3077,0,0,3123,0,1817,0,1587,57,1.343,1,2122,0,195.970,15.707,-73.938,-152.188,-98.875,1.527,-1.465,1.516,7.258,13.930,-4.988,0.534,0.506,1.145,1.370,2,NULL,NULL,,3,1,2,7,255,938,250,0,0
stim,61975,92096,1,92096,3289414.455,-0.532,-0.061,0.164,0.829,3089,0,0,3151,0,1878,0,1592,57,1.343,1,2122,0,179.309,24.468,-110.750,-133.875,44.313,1.523,-2.238,1.676,7.258,23.367,-2.816,0.536,0.526,1.145,1.370,2,NULL,NULL,,3,1,2,7,255,938,250,0,0
stim,61975,92096,1,92096,3289419.454,-0.525,-0.059,0.157,0.835,3097,0,0,3173,0,1951,39,1604,57,1.343,1,2122,0,264.913,27.081,-141.938,-118.938,189.438,0.773,-1.902,1.129,13.688,23.367,-2.816,0.526,0.540,1.145,1.370,2,NULL,NULL,,3,1,2,7,255,938,250,0,0
stim,61975,92096,1,92096,3289424.455,-0.517,-0.056,0.150,0.841,3111,0,0,3182,0,2035,57,1681,57,1.343,1,2122,0,290.247,22.245,-129.625,-119.625,230.500,-0.664,-0.359,0.852,13.688,17.535,-2.313,0.496,0.544,1.145,1.370,2,NULL,NULL,,3,1,2,7,255,938,250,0,0
stim,61975,92096,1,92096,3289429.454,-0.513,-0.053,0.144,0.845,3108,0,0,3190,0,2117,63,1705,57,1.343,1,2122,0,205.377,6.496,-103.750,-128.813,121.750,-1.102,0.875,0.695,6.289,-1.625,-0.785,0.456,0.538,1.145,1.370,2,NULL,NULL,,3,1,2,7,255,938,250,0,0
stim,61975,92096,1,92096,3289434.455,-0.513,-0.050,0.138,0.846,3112,0,0,3194,0,2215,90,1829,57,1.343,1,2122,0,155.660,7.659,-74.063,-135.813,17.313,-0.750,0.813,0.977,-2.410,-7.270,0.648,0.412,0.512,1.145,1.370,2,NULL,NULL,,3,1,2,7,255,938,250,0,0
stim,61998,92119,1,92119,3289439.454,-0.514,-0.047,0.131,0.846,3100,0,0,3211,133,2281,229,1960,57,1.343,1,2122,0,166.060,7.659,-97.000,-132.563,-24.375,-0.352,0.180,1.320,-2.410,-7.270,2.277,0.368,0.462,1.145,1.370,2,NULL,NULL,,3,1,2,7,255,938,250,0,0
stim,61998,92119,1,92119,3289444.455,-0.516,-0.045,0.126,0.846,3111,0,0,3198,408,2331,255,2095,57,1.343,1,2122,0,139.757,0.859,-80.188,-104.313,-47.125,0.199,0.016,1.688,-0.723,-0.465,3.695,0.328,0.394,1.145,1.370,2,NULL,NULL,,3,1,2,7,255,938,250,0,0
stim,62046,92167,0,92167,3289449.454,-0.519,-0.045,0.122,0.845,3109,0,0,3199,692,2363,227,2171,57,1.343,1,2122,0,104.857,5.679,-53.250,-48.625,-76.125,0.715,0.043,1.344,-0.723,5.633,3.695,0.302,0.318,1.145,1.370,2,NULL,NULL,,3,0,2,7,255,938,250,0,0
stim,62046,92167,0,92167,3289454.455,-0.520,-0.044,0.120,0.844,3111,0,0,3206,909,2391,261,2221,57,1.343,1,2122,0,60.011,8.890,-27.188,-45.625,-27.938,0.871,0.441,1.199,-3.359,8.230,1.609,0.288,0.254,1.145,1.370,2,NULL,NULL,,3,0,2,7,255,938,250,0,0
stim,62046,92167,0,92167,3289459.454,-0.521,-0.044,0.117,0.844,3119,0,0,3209,1111,2421,282,2279,57,1.343,1,2122,0,66.310,8.890,-54.938,-32.375,-18.188,0.070,0.133,1.805,-3.359,8.230,1.609,0.282,0.218,1.145,1.370,2,NULL,NULL,,3,0,2,7,255,938,250,0,0
stim,62046,92167,0,92167,3289464.455,-0.521,-0.047,0.112,0.845,3104,8,0,3211,1229,2431,285,2317,57,1.343,1,2122,0,141.739,4.228,-139.063,-16.188,-22.125,0.016,-0.336,0.996,-1.199,4.055,0.465,0.276,0.206,1.145,1.370,2,NULL,NULL,,3,0,2,7,255,938,250,0,0
stim,62046,92167,0,92167,3289469.454,-0.521,-0.048,0.108,0.845,3103,29,0,3213,1311,2445,293,2361,57,1.343,1,2122,0,103.173,4.693,-101.813,-15.875,-5.188,-0.113,-0.367,0.453,2.867,3.715,-0.676,0.274,0.202,1.145,1.370,2,NULL,NULL,,3,0,2,7,255,938,250,0,0
stim,62046,92167,0,92167,3289474.455,-0.523,-0.048,0.106,0.845,3112,40,0,3200,1417,2461,301,2391,57,1.343,1,2122,0,45.419,3.256,-24.250,-18.438,-33.688,-0.281,-0.125,0.762,2.867,1.543,-2.113,0.280,0.194,1.145,1.370,2,NULL,NULL,,3,0,2,7,255,938,250,0,0
stim,62046,92167,0,92167,3289479.454,-0.525,-0.047,0.106,0.843,3113,62,0,3207,1494,2467,309,2409,57,1.343,1,2122,0,58.687,2.705,9.313,-16.438,-55.563,0.004,0.184,1.078,2.262,1.484,-2.113,0.296,0.178,1.145,1.370,2,NULL,NULL,,3,0,2,7,255,938,250,0,0
stim,62046,92167,0,92167,3289484.455,-0.526,-0.048,0.105,0.842,3099,93,0,3207,1567,2475,309,2424,57,1.343,1,2122,0,44.659,2.259,-13.375,-11.375,-41.063,0.094,0.219,1.309,-1.703,1.484,0.684,0.318,0.156,1.145,1.370,2,NULL,NULL,,3,0,2,7,255,938,250,0,0
stim,62046,92167,0,92167,3289489.454,-0.527,-0.049,0.103,0.842,3100,109,0,3200,1613,2487,303,2449,57,1.343,1,2122,0,62.078,2.583,-58.063,-5.313,-21.313,-0.031,0.059,1.215,-1.703,1.941,1.930,0.348,0.130,1.145,1.370,2,NULL,NULL,,3,0,2,7,255,938,250,0,0
stim,62046,92167,0,92167,3289494.455,-0.528,-0.050,0.100,0.842,3109,111,0,3193,1652,2489,296,2453,57,1.343,1,2122,0,75.161,2.006,-70.688,-1.500,-25.500,-0.195,0.035,0.961,-0.504,1.941,1.930,0.374,0.108,1.145,1.370,2,NULL,NULL,,3,0,2,7,255,938,250,0,0
stim,62047,92168,0,92168,3289499.454,-0.529,-0.051,0.098,0.841,3109,133,0,3195,1707,2501,293,2462,57,1.343,1,2122,0,67.604,0.112,-48.375,-3.063,-47.125,-0.207,0.070,0.844,0.090,0.066,-0.223,0.392,0.092,1.145,1.370,2,NULL,NULL,,3,0,2,7,255,938,250,0,0
stim,62047,92168,0,92168,3289504.455,-0.532,-0.052,0.097,0.840,3111,142,0,3211,1747,2509,307,2476,57,1.343,1,2122,0,64.978,0.112,-23.813,-5.000,-60.250,-0.063,0.039,0.941,0.090,0.066,-0.621,0.406,0.082,1.145,1.370,2,NULL,NULL,,3,0,2,7,255,938,250,0,0
stim,62087,92208,0,92208,3289509.454,-0.533,-0.052,0.096,0.839,3096,147,0,3191,1759,2509,296,2473,57,1.343,1,2122,0,51.460,1.186,-17.875,-4.313,-48.063,0.078,0.012,1.031,-0.313,1.145,-0.621,0.416,0.074,1.145,1.370,2,NULL,NULL,,3,0,2,7,255,938,250,0,0
stim,62087,92208,0,92208,3289514.455,-0.534,-0.053,0.095,0.838,3101,172,4,3208,1775,2519,283,2485,57,1.343,1,2122,0,34.108,2.561,-22.938,-1.688,-25.188,0.059,0.016,1.051,-0.637,2.480,-0.043,0.428,0.066,1.145,1.370,2,NULL,NULL,,3,0,2,7,255,938,250,0,0
stim,62087,92208,0,92208,3289519.454,-0.535,-0.053,0.093,0.838,3107,175,19,3205,1803,2525,275,2479,57,1.343,1,2122,0,29.598,2.561,-27.000,0.125,-12.125,-0.070,0.020,1.008,-0.637,2.480,-0.004,0.440,0.056,1.145,1.370,2,NULL,NULL,,3,0,2,7,255,938,250,0,0
stim,62087,92208,0,92208,3289524.455,-0.535,-0.054,0.092,0.838,3099,181,72,3197,1819,2521,267,2489,57,1.343,1,2122,0,27.670,1.246,-23.313,0.938,-14.875,-0.145,-0.012,0.980,-0.141,1.238,-0.004,0.450,0.048,1.145,1.370,2,NULL,NULL,,3,0,2,7,255,938,250,0,0
stim,62087,92208,0,92208,3289529.454,-0.536,-0.054,0.092,0.838,3083,179,94,3191,1839,2517,246,2479,57,1.343,1,2122,0,24.509,0.871,-14.500,0.625,-19.750,-0.117,-0.008,0.969,0.246,0.836,-0.121,0.460,0.042,1.145,1.370,2,NULL,NULL,,3,0,2,7,255,938,250,0,0
stim,62087,92208,0,92208,3289534.455,-0.536,-0.054,0.091,0.837,3089,179,111,3181,1849,2511,243,2477,57,1.380,1,2122,1,16.964,0.871,-5.625,-0.375,-16.000,-0.074,0.035,0.984,0.246,0.836,-0.199,0.000,0.000,1.180,1.366,2,NULL,NULL,,3,0,2,7,255,938,250,0,0
stim,62087,92208,0,92208,3289539.455,-0.537,-0.054,0.091,0.837,3080,191,153,3189,1855,2508,249,2485,57,1.380,1,2122,1,10.421,0.887,-2.188,0.188,-10.188,-0.102,0.078,1.027,-0.297,0.836,-0.199,0.006,0.004,1.180,1.366,2,NULL,NULL,,3,0,2,7,255,938,250,0,0
stim,62087,92208,0,92208,3289544.453,-0.537,-0.054,0.091,0.837,3081,204,199,3177,1875,2517,243,2485,57,1.380,1,2122,1,11.213,0.927,-5.375,0.750,-9.813,-0.152,0.117,1.055,-0.566,0.734,0.309,0.012,0.008,1.180,1.366,2,NULL,NULL,,3,0,2,7,255,938,250,0,0
stim,62116,92237,0,92237,3289549.454,-0.537,-0.055,0.091,0.837,3065,197,247,3181,1881,2513,239,2472,57,1.380,1,2122,1,14.019,0.761,-9.875,-0.500,-9.938,-0.156,0.129,1.043,-0.730,0.215,0.559,0.014,0.010,1.180,1.366,2,NULL,NULL,,3,0,2,7,255,938,250,0,0
stim,62116,92237,0,92237,3289554.455,-0.538,-0.055,0.090,0.836,3061,185,273,3163,1894,2509,247,2479,57,1.380,1,2122,1,13.376,0.739,-9.563,-1.750,-9.188,-0.168,0.078,1.000,-0.730,0.109,0.559,0.018,0.010,1.180,1.366,2,NULL,NULL,,3,0,2,7,255,938,250,0,0
stim,62144,92265,0,92265,3289559.454,-0.538,-0.055,0.090,0.836,2999,181,276,3149,1910,2491,249,2479,57,1.380,1,2122,1,13.218,0.331,-6.250,-2.500,-11.375,-0.180,0.051,0.992,-0.316,0.098,0.164,0.020,0.012,1.180,1.366,2,NULL,NULL,,3,0,2,7,255,938,250,0,0
stim,62144,92265,0,92265,3289564.455,-0.539,-0.055,0.090,0.836,3043,186,307,3155,1933,2489,279,2479,57,1.380,1,2122,1,12.600,0.181,-5.438,-4.500,-10.438,-0.164,0.055,0.988,-0.145,0.109,0.078,0.022,0.012,1.180,1.366,2,NULL,NULL,,3,0,2,7,255,938,250,0,0
stim,62144,92265,0,92265,3289569.454,-0.539,-0.055,0.089,0.836,3017,182,351,3133,1963,2480,287,2487,57,1.380,1,2122,1,10.620,0.146,-4.500,-6.250,-7.313,-0.176,0.031,0.969,-0.023,0.145,0.012,0.024,0.010,1.180,1.366,2,NULL,NULL,,3,0,2,7,255,938,250,0,0
stim,62144,92265,0,92265,3289574.455,-0.539,-0.055,0.089,0.836,3003,179,382,3124,1976,2479,301,2493,57,1.380,1,2122,1,12.014,0.184,-2.250,-7.250,-9.313,-0.203,0.016,0.969,0.113,0.145,-0.121,0.026,0.010,1.180,1.366,2,NULL,NULL,,3,0,2,7,255,938,250,0,0
stim,62144,92265,0,92265,3289579.454,-0.540,-0.054,0.089,0.835,2989,168,405,3113,2003,2484,327,2492,57,1.380,1,2122,1,15.509,0.198,-1.000,-10.000,-11.813,-0.195,0.031,0.965,0.195,-0.035,-0.168,0.026,0.008,1.180,1.366,2,NULL,NULL,,3,0,2,7,255,938,250,0,0
stim,62144,92265,0,92265,3289584.455,-0.540,-0.054,0.088,0.835,2980,171,454,3102,2020,2476,341,2504,57,1.380,1,2122,1,17.163,0.256,2.063,-10.063,-13.750,-0.172,0.016,0.957,0.254,-0.035,-0.168,0.028,0.006,1.180,1.366,2,NULL,NULL,,3,0,2,7,255,938,250,0,0
stim,62144,92265,0,92265,3289589.454,-0.541,-0.053,0.088,0.835,2942,169,500,3081,2031,2477,343,2517,57,1.380,1,2122,1,17.782,0.290,3.813,-12.188,-12.375,-0.133,0.023,0.965,0.195,0.215,-0.266,0.028,0.004,1.180,1.366,2,NULL,NULL,,3,0,2,7,255,938,250,0,0
stim,62144,92265,0,92265,3289594.455,-0.541,-0.053,0.088,0.835,2937,169,565,3060,2067,2471,355,2531,57,1.380,1,2122,1,16.698,0.227,5.500,-14.000,-7.250,-0.164,0.031,0.961,0.074,0.215,-0.266,0.030,0.004,1.180,1.366,2,NULL,NULL,,3,0,2,7,255,938,250,0,0
stim,62163,92284,0,92284,3289599.454,-0.541,-0.052,0.088,0.835,2919,176,632,3041,2089,2471,395,2542,57,1.380,1,2122,1,17.756,0.180,4.750,-14.813,-8.563,-0.188,0.059,0.969,0.016,0.180,-0.258,0.030,0.002,1.180,1.366,2,NULL,NULL,,3,0,2,7,255,938,250,0,0
stim,62163,92284,0,92284,3289604.455,-0.542,-0.051,0.087,0.834,2898,179,670,3029,2131,2484,425,2555,57,1.380,1,2122,1,21.588,0.145,6.813,-17.438,-10.750,-0.195,0.082,0.977,-0.066,-0.129,-0.141,0.030,0.006,1.180,1.366,2,NULL,NULL,,3,0,2,7,255,938,250,0,0
stim,62163,92284,0,92284,3289609.454,-0.542,-0.051,0.087,0.834,2873,183,744,2999,2181,2475,481,2581,57,1.380,1,2122,1,24.213,0.257,6.563,-17.625,-15.250,-0.164,0.086,0.977,-0.223,-0.129,-0.055,0.030,0.010,1.180,1.366,2,NULL,NULL,,3,0,2,7,255,938,250,0,0
stim,62163,92284,0,92284,3289614.455,-0.543,-0.050,0.087,0.834,2840,187,793,2976,2233,2484,523,2599,57,1.380,1,2122,1,25.413,0.365,8.500,-20.313,-12.688,-0.137,0.141,0.996,-0.363,-0.039,-0.008,0.032,0.014,1.180,1.366,2,NULL,NULL,,3,0,2,7,255,938,250,0,0
stim,62163,92284,0,92284,3289619.454,-0.544,-0.049,0.087,0.833,2811,189,880,2951,2283,2495,555,2607,57,1.380,1,2122,1,25.144,0.938,6.313,-20.125,-13.688,-0.148,0.145,1.008,-0.938,-0.039,0.109,0.034,0.020,1.180,1.366,2,NULL,NULL,,3,0,2,7,255,938,250,0,0
stim,62163,92284,0,92284,3289624.455,-0.544,-0.048,0.087,0.833,2780,205,987,2921,2326,2492,643,2631,57,1.380,1,2122,1,25.762,0.957,5.000,-22.375,-11.750,-0.176,0.164,1.023,-0.953,-0.090,0.227,0.036,0.024,1.180,1.366,2,NULL,NULL,,3,0,2,7,255,938,250,0,0
stim,62195,92316,0,92316,3289629.454,-0.545,-0.047,0.086,0.833,2739,215,1096,2892,2365,2503,767,2645,57,1.380,1,2122,1,29.034,1.063,1.563,-22.875,-17.813,-0.199,0.184,1.020,-0.988,-0.391,0.457,0.040,0.028,1.180,1.366,2,NULL,NULL,,3,0,2,7,255,938,250,0,0
stim,62195,92316,0,92316,3289634.455,-0.546,-0.046,0.086,0.832,2692,239,1183,2868,2413,2503,883,2664,57,1.380,1,2122,1,34.432,1.297,1.563,-25.000,-23.625,-0.199,0.223,1.035,-1.090,-0.703,0.477,0.044,0.032,1.180,1.366,2,NULL,NULL,,3,0,2,7,255,938,250,0,0
stim,62195,92316,0,92316,3289639.454,-0.547,-0.045,0.085,0.832,2621,243,1305,2843,2469,2502,1018,2687,57,1.380,1,2122,1,40.614,1.593,-2.313,-25.063,-31.875,-0.160,0.242,1.063,-1.430,-0.703,0.629,0.048,0.036,1.180,1.366,2,NULL,NULL,,3,0,2,7,255,938,250,0,0
stim,62195,92316,0,92316,3289644.455,-0.548,-0.044,0.084,0.831,2553,247,1421,2803,2517,2514,1119,2708,57,1.380,1,2122,1,47.428,1.531,-10.188,-25.188,-38.875,-0.141,0.184,1.074,-1.430,-0.547,0.840,0.052,0.042,1.180,1.366,2,NULL,NULL,,3,0,2,7,255,938,250,0,0
stim,62195,92316,0,92316,3289649.454,-0.550,-0.044,0.083,0.830,2483,248,1571,2777,2547,2509,1254,2727,57,1.380,1,2122,1,50.889,1.304,-21.750,-25.188,-38.500,-0.156,0.121,1.063,-1.297,-0.133,0.840,0.056,0.048,1.180,1.366,2,NULL,NULL,,3,0,2,7,255,938,250,0,0
stim,62195,92316,0,92316,3289654.455,-0.551,-0.044,0.081,0.829,2416,261,1704,2731,2591,2514,1374,2749,57,1.380,1,2122,1,59.232,1.164,-28.750,-24.500,-45.625,-0.141,0.164,1.051,-1.156,-0.133,0.754,0.062,0.054,1.180,1.366,2,NULL,NULL,,3,0,2,7,255,938,250,0,0
stim,62247,92368,0,92368,3289659.454,-0.553,-0.044,0.079,0.828,2339,265,1845,2688,2632,2524,1501,2767,57,1.380,1,2122,1,64.022,0.696,-33.813,-24.188,-48.688,-0.133,0.066,1.004,-0.691,-0.082,0.660,0.068,0.060,1.180,1.366,2,NULL,NULL,,3,0,2,7,255,938,250,0,0
stim,62247,92368,0,92368,3289664.455,-0.555,-0.044,0.077,0.827,2221,267,1949,2657,2671,2531,1620,2781,57,1.380,1,2122,1,62.818,0.349,-39.500,-25.250,-41.813,-0.117,-0.012,1.051,-0.316,0.148,0.531,0.072,0.066,1.180,1.366,2,NULL,NULL,,3,0,2,7,255,938,250,0,0
stim,62247,92368,0,92368,3289669.454,-0.556,-0.044,0.074,0.827,2129,267,2069,2597,2715,2525,1723,2791,57,1.380,1,2122,1,71.374,0.335,-49.313,-25.250,-45.000,-0.188,-0.055,1.047,0.301,0.148,0.531,0.076,0.070,1.180,1.366,2,NULL,NULL,,3,0,2,7,255,938,250,0,0
stim,62247,92368,0,92368,3289674.455,-0.558,-0.045,0.071,0.826,2009,275,2206,2528,2745,2531,1850,2807,57,1.380,1,2122,1,86.838,0.895,-63.500,-27.188,-52.625,-0.211,-0.074,1.082,0.887,0.121,0.594,0.078,0.072,1.180,1.366,2,NULL,NULL,,3,0,2,7,255,938,250,0,0
stim,62247,92368,0,92368,3289679.454,-0.561,-0.046,0.068,0.824,1890,276,2317,2463,2771,2531,1941,2829,57,1.380,1,2122,1,106.941,0.887,-61.500,-26.313,-83.438,-0.430,0.176,0.910,0.887,-0.023,0.594,0.078,0.072,1.180,1.366,2,NULL,NULL,,3,0,2,7,255,938,250,0,0
stim,62247,92368,0,92368,3289684.455,-0.565,-0.046,0.065,0.821,1717,267,2413,2361,2797,2532,2058,2841,57,1.380,1,2122,0,132.581,0.127,-48.000,-29.813,-119.938,-0.137,-0.004,0.953,0.125,-0.023,-0.320,0.076,0.070,1.180,1.366,2,NULL,NULL,,3,0,2,7,255,938,250,0,0
stim,62247,92368,0,92368,3289689.454,-0.569,-0.046,0.062,0.819,1533,261,2501,2253,2821,2519,2147,2855,57,1.380,1,2122,0,114.630,0.171,-44.438,-32.250,-100.625,0.063,-0.152,1.031,0.125,0.117,-0.320,0.074,0.068,1.180,1.366,2,NULL,NULL,,3,0,2,7,255,938,250,0,0
stim,62247,92368,0,92368,3289694.455,-0.571,-0.047,0.059,0.817,1304,240,2567,2146,2848,2525,2245,2875,57,1.380,1,2122,0,94.264,2.542,-60.000,-33.063,-64.750,0.074,-0.145,1.160,0.539,2.484,0.051,0.072,0.068,1.180,1.366,2,NULL,NULL,,3,0,2,7,255,938,250,0,0
stim,62247,92368,0,92368,3289699.454,-0.573,-0.047,0.055,0.817,1112,227,2623,1976,2870,2521,2326,2895,57,1.380,1,2122,0,92.656,2.542,-73.938,-31.750,-45.938,-0.113,0.023,1.070,0.539,2.484,0.715,0.068,0.068,1.180,1.366,2,NULL,NULL,,3,0,2,7,255,938,250,0,0
stim,62247,92368,0,92368,3289704.455,-0.574,-0.048,0.052,0.816,907,183,2678,1753,2899,2517,2392,2894,57,1.380,1,2122,0,91.358,0.455,-68.813,-34.875,-48.938,-0.125,0.109,0.965,-0.383,0.246,0.715,0.068,0.066,1.180,1.366,2,NULL,NULL,,3,0,2,7,255,938,250,0,0
stim,62268,92389,0,92389,3289709.454,-0.576,-0.048,0.049,0.814,629,152,2725,1471,2921,2503,2468,2901,57,1.380,1,2122,0,85.734,0.887,-53.688,-36.688,-55.875,-0.160,0.082,0.988,-0.828,-0.316,0.012,0.068,0.066,1.180,1.366,2,NULL,NULL,,3,0,2,7,255,938,250,0,0
stim,62268,92389,0,92389,3289714.455,-0.578,-0.048,0.046,0.813,425,76,2760,1238,2938,2505,2520,2919,57,1.380,1,2122,0,85.123,0.887,-45.188,-39.000,-60.688,-0.102,-0.063,1.043,-0.828,-0.316,0.012,0.068,0.066,1.180,1.366,2,NULL,NULL,,3,0,2,7,255,938,250,0,0
stim,62268,92389,0,92389,3289719.454,-0.580,-0.047,0.043,0.812,253,61,2804,948,2953,2485,2579,2924,57,1.380,1,2122,0,75.735,0.530,-41.625,-41.438,-47.813,-0.023,-0.121,1.055,0.262,0.461,0.461,0.068,0.066,1.180,1.366,2,NULL,NULL,,3,0,2,7,255,938,250,0,0
stim,62268,92389,0,92389,3289724.455,-0.581,-0.047,0.041,0.811,103,25,2841,728,2973,2457,2621,2936,57,1.380,1,2122,0,72.436,0.530,-39.938,-43.750,-41.688,-0.102,-0.055,1.090,0.262,0.461,0.473,0.068,0.064,1.180,1.366,2,NULL,NULL,,3,0,2,7,255,938,250,0,0
stim,62295,92416,0,92416,3289729.454,-0.583,-0.046,0.038,0.810,25,0,2859,467,2983,2441,2669,2948,57,1.380,1,2122,0,77.508,0.752,-41.875,-47.625,-44.563,-0.023,0.016,1.039,0.121,0.742,0.473,0.068,0.064,1.180,1.366,2,NULL,NULL,,3,0,2,7,255,938,250,0,0
stim,62295,92416,0,92416,3289734.455,-0.584,-0.045,0.035,0.810,0,0,2873,323,2997,2421,2696,2951,57,1.380,1,2122,0,71.306,0.910,-33.000,-51.250,-37.000,-0.008,0.121,1.020,-0.766,0.492,0.328,0.070,0.062,1.180,1.366,2,NULL,NULL,,3,0,2,7,255,938,250,0,0
stim,62295,92416,0,92416,3289739.454,-0.586,-0.043,0.033,0.809,0,0,2903,231,3019,2397,2735,2963,57,1.380,1,2122,0,74.729,1.755,-30.375,-53.188,-42.813,0.027,0.090,0.961,-1.590,0.742,0.102,0.072,0.062,1.180,1.366,2,NULL,NULL,,3,0,2,7,255,938,250,0,0
stim,62295,92416,0,92416,3289744.455,-0.586,-0.041,0.032,0.809,0,0,2917,178,3019,2374,2761,2973,57,1.380,1,2122,0,64.423,1.664,13.313,-62.563,-7.688,-0.250,-0.145,1.113,-1.590,0.492,0.102,0.074,0.062,1.180,1.366,2,NULL,NULL,,3,0,2,7,255,938,250,0,0
stim,62346,92467,0,92467,3289749.454,-0.585,-0.037,0.032,0.809,0,0,2919,134,3041,2347,2783,2971,57,1.380,1,2122,0,99.588,1.654,59.125,-78.563,15.813,-0.496,-0.297,1.543,1.359,-0.941,1.332,0.078,0.062,1.180,1.366,2,NULL,NULL,,3,0,2,7,255,938,250,0,0
stim,62346,92467,0,92467,3289754.455,-0.585,-0.033,0.031,0.810,0,0,2935,69,3047,2309,2811,2976,57,1.380,1,2122,0,103.673,3.215,52.813,-88.875,7.750,-0.457,-0.195,1.832,2.297,-2.250,5.773,0.080,0.062,1.180,1.366,3,NULL,NULL,,3,0,2,7,255,938,250,0,0
stim,62346,92467,0,92467,3289759.454,-0.586,-0.031,0.028,0.809,0,0,2935,28,3059,2271,2851,2989,57,1.380,1,2122,0,98.224,3.215,-43.250,-87.000,-14.438,-0.125,-0.082,1.512,2.297,-2.250,5.773,0.084,0.064,1.180,1.366,3,NULL,NULL,,3,0,2,7,255,938,250,0,0
stim,62346,92467,0,92467,3289764.455,-0.586,-0.030,0.023,0.810,0,0,2941,3,3065,2227,2871,2990,57,1.380,1,2122,0,113.511,0.431,-72.438,-87.313,-3.750,-0.059,-0.094,1.070,0.418,0.105,5.055,0.088,0.066,1.180,1.366,3,NULL,NULL,,3,0,2,7,255,938,250,0,0
stim,62346,92467,0,92467,3289769.454,-0.585,-0.027,0.020,0.811,0,0,2939,0,3079,2164,2885,2986,57,1.380,1,2122,0,104.085,0.371,-27.063,-96.563,27.875,-0.141,0.055,0.949,0.355,0.105,0.730,0.086,0.068,1.180,1.366,3,NULL,NULL,,3,0,2,7,255,938,250,0,0
stim,62346,92467,0,92467,3289774.455,-0.584,-0.023,0.018,0.811,0,0,2937,0,3090,2077,2903,2983,57,1.380,1,2122,0,107.941,1.207,15.250,-103.938,24.813,-0.254,0.133,1.063,-0.621,-1.035,0.684,0.082,0.074,1.180,1.366,3,NULL,NULL,,3,0,2,7,255,938,250,0,0
stim,62346,92467,0,92467,3289779.454,-0.584,-0.018,0.016,0.812,0,0,2932,0,3091,1990,2911,2995,57,1.380,1,2122,0,115.081,2.507,31.688,-110.250,9.188,-0.273,0.121,1.301,-0.879,-2.348,0.684,0.078,0.078,1.180,1.366,3,NULL,NULL,,3,0,2,7,255,938,250,0,0
stim,62346,92467,0,92467,3289784.455,-0.583,-0.013,0.015,0.812,0,0,2923,0,3091,1855,2935,2989,57,1.380,1,2122,0,119.897,2.507,27.875,-116.438,6.375,-0.254,0.055,1.488,-0.879,-2.348,3.004,0.074,0.082,1.180,1.366,3,NULL,NULL,,3,0,2,7,255,938,250,0,0
stim,62346,92467,0,92467,3289789.454,-0.583,-0.009,0.012,0.812,0,0,2915,0,3091,1723,2939,2987,57,1.380,1,2122,0,124.113,2.168,9.125,-123.188,12.063,-0.219,0.008,1.516,-0.316,-2.145,4.832,0.074,0.086,1.180,1.366,3,NULL,NULL,,3,0,2,7,255,938,250,0,0
stim,62346,92467,0,92467,3289794.455,-0.582,-0.005,0.008,0.813,0,0,2905,0,3093,1579,2949,2973,57,1.380,1,2122,0,131.172,1.809,-11.188,-129.500,17.625,-0.195,0.012,1.469,0.020,-1.809,4.832,0.074,0.094,1.180,1.366,3,NULL,NULL,,3,0,2,7,255,938,250,0,0
stim,62346,92467,0,92467,3289799.454,-0.581,-0.001,0.004,0.814,0,0,2905,0,3109,1383,2964,2968,57,1.380,1,2122,0,139.825,1.809,-23.563,-135.563,24.875,-0.199,0.047,1.387,0.020,-1.809,4.605,0.078,0.106,1.180,1.366,3,NULL,NULL,,3,0,2,7,255,938,250,0,0
stim,62346,92467,0,92467,3289804.455,-0.580,0.004,-0.000,0.815,0,0,2887,0,3101,1169,2969,2963,57,1.380,1,2122,0,146.985,2.108,-23.625,-142.563,26.875,-0.215,0.070,1.277,-0.242,-2.094,3.766,0.080,0.118,1.180,1.366,3,NULL,NULL,,3,0,2,7,255,938,250,0,0
stim,62378,92499,0,92499,3289809.454,-0.579,0.008,-0.004,0.815,0,0,2861,0,3112,953,2981,2951,57,1.380,1,2122,0,153.952,2.453,-16.188,-150.563,27.750,-0.227,0.047,1.234,-0.242,-2.441,2.684,0.084,0.130,1.180,1.366,3,NULL,NULL,,3,0,2,7,255,938,250,0,0
stim,62378,92499,0,92499,3289814.455,-0.578,0.014,-0.008,0.816,0,0,2830,0,3107,676,2989,2939,57,1.380,1,2122,0,162.118,2.590,-9.563,-159.250,28.813,-0.219,0.004,1.238,-0.043,-2.590,2.230,0.086,0.142,1.180,1.366,3,NULL,NULL,,3,0,2,7,255,938,250,0,0
stim,62378,92499,0,92499,3289819.454,-0.576,0.019,-0.013,0.817,0,0,2800,0,3115,531,3004,2916,57,1.380,1,2122,0,168.938,2.616,-6.313,-166.375,28.625,-0.199,-0.066,1.211,0.371,-2.590,2.215,0.088,0.154,1.180,1.366,3,NULL,NULL,,3,0,2,7,255,938,250,0,0
stim,62378,92499,0,92499,3289824.455,-0.575,0.025,-0.017,0.818,0,0,2773,0,3116,364,3013,2897,57,1.380,1,2122,0,176.987,2.508,-7.938,-174.125,30.688,-0.133,-0.105,1.164,1.008,-2.297,1.965,0.090,0.164,1.180,1.366,3,NULL,NULL,,3,0,2,7,255,938,250,0,0
stim,62378,92499,0,92499,3289829.454,-0.573,0.031,-0.022,0.818,0,0,2729,0,3122,179,3012,2872,57,1.380,1,2122,0,181.050,2.069,-7.313,-178.313,30.500,-0.117,-0.098,1.137,1.152,-1.719,1.543,0.092,0.176,1.180,1.366,3,NULL,NULL,,3,0,2,7,255,938,250,0,0
stim,62378,92499,0,92499,3289834.455,-0.572,0.037,-0.027,0.819,0,0,2682,0,3115,103,3027,2845,57,1.380,1,2122,0,186.478,2.069,-2.438,-183.750,31.688,-0.145,-0.070,1.098,1.152,-1.719,1.223,0.094,0.186,1.180,1.366,3,NULL,NULL,,3,0,2,7,255,938,250,0,0
stim,62403,92524,0,92524,3289839.454,-0.571,0.044,-0.031,0.820,0,0,2620,0,3111,37,3017,2811,57,1.380,1,2122,0,191.672,2.413,13.125,-189.438,26.063,-0.195,-0.031,1.199,1.051,-2.172,1.223,0.096,0.198,1.180,1.366,3,NULL,NULL,,3,0,2,7,255,938,250,0,0
stim,62403,92524,0,92524,3289844.455,-0.569,0.051,-0.035,0.820,0,0,2565,0,3107,2,3018,2778,57,1.380,1,2122,0,198.212,3.164,13.625,-197.000,17.125,-0.191,0.066,1.363,0.945,-3.020,1.672,0.100,0.208,1.180,1.366,3,NULL,NULL,,3,0,2,7,255,938,250,0,0
stim,62403,92524,0,92524,3289849.454,-0.569,0.058,-0.040,0.820,0,0,2483,0,3100,12,3023,2732,57,1.380,1,2122,0,202.255,3.690,7.938,-202.063,3.875,-0.180,0.180,1.566,0.145,-3.688,3.184,0.104,0.220,1.180,1.366,3,NULL,NULL,,3,0,2,7,255,938,250,0,0
stim,62403,92524,0,92524,3289854.455,-0.568,0.066,-0.045,0.819,0,0,2382,0,3093,51,3021,2677,57,1.380,1,2122,0,211.827,4.458,9.063,-211.625,1.875,-0.258,0.156,1.906,-0.113,-4.457,5.078,0.110,0.234,1.180,1.366,3,NULL,NULL,,3,0,2,7,255,938,250,0,0
stim,62446,92567,0,92567,3289859.454,-0.567,0.075,-0.050,0.819,0,0,2238,0,3069,61,3007,2613,57,1.380,1,2122,0,228.242,5.888,16.000,-227.313,12.938,-0.391,0.082,2.332,-0.113,-5.887,8.207,0.120,0.248,1.180,1.366,3,NULL,NULL,,3,0,2,7,255,938,250,0,0
stim,62446,92567,0,92567,3289864.455,-0.565,0.083,-0.056,0.819,0,0,2084,0,3055,73,2996,2549,57,1.380,1,2122,0,255.362,7.998,-11.000,-252.500,36.500,-0.605,0.172,2.602,1.309,-7.891,11.961,0.134,0.266,1.180,1.366,3,NULL,NULL,,3,0,2,7,255,938,250,0,0
stim,62446,92567,0,92567,3289869.454,-0.562,0.092,-0.065,0.819,0,0,1915,0,3032,87,2983,2452,57,1.380,1,2122,0,289.016,11.198,-49.250,-281.438,43.563,-0.805,0.457,2.652,1.309,-11.121,13.617,0.152,0.286,1.180,1.366,3,NULL,NULL,,3,0,2,7,255,938,250,0,0
stim,62446,92567,0,92567,3289874.455,-0.560,0.101,-0.076,0.819,0,0,1779,0,3021,93,2971,2335,57,1.380,1,2122,0,321.576,14.534,-76.688,-311.188,26.313,-0.836,0.801,2.715,-0.262,-14.531,13.617,0.174,0.310,1.180,1.366,3,NULL,NULL,,3,0,2,7,255,938,250,0,0
stim,62446,92567,0,92567,3289879.454,-0.559,0.110,-0.088,0.817,0,0,1611,0,2995,104,2933,2213,57,1.380,1,2122,0,354.483,17.110,-104.188,-338.625,11.688,-0.754,0.930,2.734,-3.195,-16.809,13.586,0.202,0.340,1.180,1.366,3,NULL,NULL,,3,0,2,7,255,938,250,0,0
stim,62446,92567,0,92567,3289884.455,-0.557,0.120,-0.101,0.815,0,0,1493,0,2955,115,2902,2085,57,1.380,1,2122,0,385.175,17.828,-122.813,-364.938,9.875,-0.742,0.891,2.750,-4.238,-17.316,13.406,0.240,0.380,1.180,1.366,3,NULL,NULL,,3,0,2,7,255,938,250,0,0
stim,62446,92567,0,92567,3289889.454,-0.555,0.131,-0.116,0.813,0,0,1399,0,2901,115,2847,1957,57,1.380,1,2122,0,415.253,18.482,-132.438,-393.375,12.313,-0.777,0.961,2.941,-4.609,-17.898,13.406,0.288,0.430,1.180,1.366,3,NULL,NULL,,3,0,2,7,255,938,250,0,0
stim,62446,92567,0,92567,3289894.455,-0.553,0.142,-0.131,0.810,0,0,1275,0,2851,115,2777,1832,57,1.380,1,2122,0,443.287,20.330,-156.313,-414.813,0.438,-0.777,0.910,2.910,-4.238,-19.883,12.996,0.350,0.494,1.180,1.366,3,NULL,NULL,,3,0,2,7,255,938,250,0,0
stim,62464,92585,0,92585,3289899.454,-0.551,0.154,-0.147,0.807,0,0,1180,0,2777,99,2671,1694,57,1.380,1,2122,0,468.668,20.922,-152.063,-443.313,-0.875,-0.914,0.684,2.902,-4.219,-20.492,12.914,0.422,0.566,1.180,1.366,3,NULL,NULL,,3,0,2,7,255,938,250,0,0
stim,62464,92585,0,92585,3289904.455,-0.548,0.166,-0.165,0.803,0,0,1029,0,2695,77,2520,1549,57,1.380,1,2122,0,496.163,21.992,-167.313,-467.063,6.063,-1.043,0.906,2.941,-3.281,-21.746,11.684,0.502,0.648,1.180,1.366,3,NULL,NULL,,3,0,2,7,255,938,250,0,0
stim,62464,92585,0,92585,3289909.454,-0.547,0.179,-0.182,0.798,0,0,887,0,2577,61,2351,1369,57,1.380,1,2122,0,506.348,24.735,-161.125,-479.125,-29.438,-1.102,0.836,3.043,-2.406,-24.617,10.266,0.590,0.736,1.180,1.366,3,NULL,NULL,,3,0,2,7,255,938,250,0,0
stim,62464,92585,0,92585,3289914.455,-0.545,0.193,-0.198,0.791,0,0,750,0,2402,13,2095,1184,57,1.380,1,2122,0,516.121,26.278,-149.000,-490.000,-63.875,-0.953,0.473,3.332,-2.406,-26.168,10.266,0.688,0.834,1.180,1.366,3,NULL,NULL,,3,0,2,7,255,938,250,0,0
stim,62464,92585,0,92585,3289919.454,-0.544,0.207,-0.215,0.785,0,0,527,0,2175,0,1805,983,57,1.380,1,2122,0,534.224,26.175,-164.750,-505.188,-55.125,-0.813,-0.063,3.430,0.598,-26.168,12.320,0.794,0.942,1.180,1.366,3,NULL,NULL,,3,0,2,7,255,938,250,0,0
stim,62464,92585,0,92585,3289924.455,-0.540,0.219,-0.235,0.778,0,0,329,0,1897,0,1387,857,57,1.380,1,2122,0,570.450,25.690,-218.063,-527.125,-1.125,-0.750,-0.457,2.988,5.094,-25.180,12.320,0.904,1.054,1.180,1.366,3,NULL,NULL,,3,0,2,7,255,938,250,0,0
stim,62495,92616,0,92616,3289929.454,-0.536,0.232,-0.256,0.771,0,0,233,0,1571,0,799,712,57,1.380,1,2122,0,588.833,23.349,-235.313,-539.688,9.500,-0.590,-0.504,2.109,7.508,-22.109,9.637,1.022,1.174,1.180,1.366,3,NULL,NULL,,3,0,2,7,255,938,250,0,0
stim,62495,92616,0,92616,3289934.455,-0.530,0.246,-0.275,0.764,0,0,109,0,1171,0,271,567,57,1.380,1,2122,0,575.624,17.901,-155.125,-554.250,9.313,-0.566,-0.422,1.605,7.508,-16.250,3.027,1.140,1.296,1.180,1.366,3,NULL,NULL,,3,0,2,7,255,938,250,0,0
stim,62495,92616,0,92616,3289939.454,-0.522,0.263,-0.290,0.758,0,0,93,0,695,0,0,467,57,1.380,1,2122,0,562.055,17.490,-52.750,-558.313,37.563,-0.559,0.020,1.793,6.469,-16.250,-1.379,1.262,1.418,1.180,1.366,3,NULL,NULL,,3,0,2,7,255,938,250,0,0
stim,62495,92616,0,92616,3289944.455,-0.511,0.280,-0.303,0.754,0,0,33,0,231,0,0,373,57,1.380,1,2122,0,571.404,16.671,19.250,-564.063,89.250,-1.043,0.180,2.418,3.531,-16.293,-1.578,1.376,1.536,1.180,1.366,3,NULL,NULL,,3,0,2,7,255,938,250,0,0
stim,62495,92616,0,92616,3289949.454,-0.496,0.296,-0.318,0.751,0,0,23,0,0,0,0,309,57,1.380,1,2122,0,607.005,24.761,-10.500,-578.688,182.938,-1.551,0.426,2.594,3.531,-24.508,-2.152,1.482,1.646,1.180,1.366,3,NULL,NULL,,3,0,2,7,255,938,250,0,0
stim,62495,92616,0,92616,3289954.455,-0.485,0.309,-0.336,0.746,0,0,18,0,0,0,0,232,57,1.380,1,2122,0,586.345,29.226,-124.563,-551.563,155.125,-1.488,1.176,2.293,3.531,-29.012,-6.555,1.578,1.744,1.180,1.366,4,NULL,NULL,,3,0,2,7,255,938,250,0,0
stim,62545,92666,0,92666,3289959.454,-0.479,0.318,-0.356,0.737,0,0,12,0,0,0,0,157,57,1.380,1,2122,0,549.708,29.229,-263.875,-478.688,58.375,-0.996,1.809,1.723,-3.555,-29.012,-10.898,1.672,1.840,1.180,1.366,0,NULL,NULL,,3,0,2,7,255,938,250,0,0
stim,62545,92666,0,92666,3289964.456,-0.475,0.320,-0.378,0.727,0,0,19,0,0,0,0,155,57,1.380,1,2122,0,563.560,26.276,-411.438,-375.625,85.000,-0.840,2.188,0.918,-11.691,-23.531,-12.852,1.774,1.946,1.180,1.366,0,NULL,NULL,,3,0,2,7,255,938,250,0,0
stim,62545,92666,0,92666,3289969.454,-0.475,0.315,-0.401,0.717,0,0,19,0,0,0,0,139,57,1.380,1,2122,0,588.789,23.498,-526.063,-245.938,97.188,-0.445,2.129,-0.289,-16.676,-16.555,-17.695,1.890,2.064,1.180,1.366,0,NULL,NULL,,3,0,2,7,255,938,250,0,0
stim,62545,92666,0,92666,3289974.455,-0.476,0.311,-0.415,0.711,0,0,11,0,0,0,0,139,57,1.380,1,2122,0,356.011,17.059,-327.375,-130.313,50.875,-0.516,0.887,-0.719,-16.676,-3.594,-19.926,2.014,2.190,1.180,1.366,0,NULL,NULL,,3,0,2,7,255,938,250,0,0
stim,62545,92666,0,92666,3289979.454,-0.473,0.311,-0.417,0.711,0,0,9,0,0,0,0,155,57,1.380,1,2122,0,73.765,7.482,-17.688,-54.938,45.938,-0.988,-0.770,0.227,-6.563,-3.594,-19.926,2.136,2.314,1.180,1.366,0,NULL,NULL,,3,0,2,7,255,938,250,0,0
stim,62545,92666,0,92666,3289984.455,-0.473,0.311,-0.417,0.712,0,0,9,0,0,0,0,104,57,1.380,1,2122,0,37.225,11.470,20.250,15.813,26.938,-1.457,-1.266,1.660,10.445,-4.738,-14.555,2.244,2.424,1.180,1.366,0,NULL,NULL,,3,0,2,7,255,938,250,0,0
stim,62546,92667,0,92667,3289989.454,-0.477,0.305,-0.419,0.710,0,0,5,0,0,0,0,103,57,1.380,1,2122,0,176.378,21.055,-146.375,97.313,-14.625,-1.504,-0.496,1.602,10.445,-18.281,-13.402,2.332,2.512,1.180,1.366,0,NULL,NULL,,3,0,2,7,255,938,250,0,0
stim,62546,92667,0,92667,3289994.455,-0.484,0.296,-0.422,0.707,0,0,6,0,0,0,0,90,57,1.380,1,2122,0,282.194,20.748,-229.750,161.625,-26.938,-1.172,0.902,0.395,9.813,-18.281,-13.402,2.394,2.576,1.180,1.366,0,NULL,NULL,,3,0,2,7,255,938,250,0,0
stim,62546,92668,0,92668,3289999.454,-0.490,0.287,-0.422,0.707,0,0,4,0,0,0,0,83,57,1.380,1,2122,0,240.040,10.700,-139.563,195.250,-4.375,-0.957,1.680,-0.184,-4.320,-9.789,-20.406,2.438,2.622,1.180,1.366,0,NULL,NULL,,3,0,2,7,255,938,250,0,0
stim,62547,92668,0,92668,3290004.455,-0.493,0.280,-0.419,0.709,0,0,3,0,0,0,0,71,57,1.380,1,2122,0,211.057,12.188,-17.125,209.438,19.688,-1.008,1.379,0.168,-9.246,-7.941,-21.523,2.478,2.662,1.180,1.366,0,NULL,NULL,,3,0,2,7,255,938,250,0,0
stim,62569,92690,0,92690,3290009.454,-0.497,0.273,-0.414,0.713,0,0,2,0,0,0,0,62,57,1.380,1,2122,0,224.701,12.188,1.750,223.250,25.438,-1.129,0.527,0.758,-9.246,-7.941,-21.523,2.522,2.710,1.180,1.366,0,NULL,NULL,,3,0,2,7,255,938,250,0,0
stim,62569,92690,0,92690,3290014.455,-0.501,0.264,-0.411,0.715,0,0,0,0,0,0,0,71,57,1.380,1,2122,0,245.094,11.535,-61.938,236.063,22.563,-1.102,0.078,0.703,-1.340,-11.457,-16.676,2.570,2.760,1.180,1.366,0,NULL,NULL,,3,0,2,7,255,938,250,0,0
stim,62569,92690,0,92690,3290019.454,-0.506,0.253,-0.409,0.716,0,0,0,0,0,0,0,69,57,1.380,1,2122,0,264.051,11.512,-97.688,244.000,25.375,-0.891,0.203,0.105,1.121,-11.457,-16.676,2.614,2.808,1.180,1.366,0,NULL,NULL,,3,0,2,7,255,938,250,0,0
stim,62569,92690,0,92690,3290024.455,-0.510,0.244,-0.405,0.718,0,0,0,0,0,0,0,61,57,1.380,1,2122,0,258.372,5.812,-60.688,247.125,44.750,-0.707,0.461,-0.320,1.121,-5.703,-16.734,2.658,2.854,1.180,1.366,0,NULL,NULL,,3,0,2,7,255,938,250,0,0
stim,62592,92713,0,92713,3290029.454,-0.513,0.235,-0.400,0.722,0,0,0,0,0,0,0,53,57,1.380,1,2122,0,258.285,2.788,-1.688,251.625,58.250,-0.730,0.574,-0.297,-1.504,-2.348,-18.398,2.706,2.902,1.180,1.366,0,NULL,NULL,,3,0,2,7,255,938,250,0,0
stim,62592,92713,0,92713,3290034.455,-0.516,0.227,-0.394,0.726,0,0,0,0,0,0,0,51,57,1.380,1,2122,0,266.937,2.860,37.000,259.625,49.813,-0.770,0.492,-0.145,-1.633,-2.348,-18.398,2.756,2.954,1.180,1.366,0,NULL,NULL,,3,0,2,7,255,938,250,0,0
stim,62592,92713,0,92713,3290039.454,-0.519,0.219,-0.386,0.731,0,0,0,0,0,0,0,21,57,1.380,1,2122,0,279.594,4.194,52.375,271.188,43.438,-0.625,0.332,-0.016,-1.633,-3.863,-17.898,2.806,3.006,1.180,1.366,0,NULL,NULL,,3,0,2,7,255,938,250,0,0
stim,62592,92713,0,92713,3290044.455,-0.521,0.210,-0.378,0.735,0,0,0,0,0,0,0,31,57,1.380,1,2122,0,294.255,4.022,62.125,281.688,58.125,-0.527,0.270,0.043,-0.855,-3.930,-15.465,2.850,3.052,1.180,1.366,0,NULL,NULL,,3,0,2,7,255,938,250,0,0
stim,62614,92735,0,92735,3290049.454,-0.523,0.201,-0.370,0.741,0,0,0,0,0,0,0,26,57,1.380,1,2122,0,310.129,4.090,79.625,290.375,74.313,-0.570,0.328,0.145,-0.855,-4.000,-14.129,2.888,3.092,1.180,1.366,0,NULL,NULL,,3,0,2,7,255,938,250,0,0
stim,62614,92735,0,92735,3290054.455,-0.525,0.193,-0.360,0.746,0,0,0,0,0,0,0,29,57,1.380,1,2122,0,322.423,5.266,95.188,298.625,75.625,-0.625,0.355,0.324,-1.141,-5.141,-13.879,2.920,3.126,1.180,1.366,0,NULL,NULL,,3,0,2,7,255,938,250,0,0
stim,62645,92766,0,92766,3290059.454,-0.527,0.184,-0.350,0.752,0,0,0,0,0,0,0,29,57,1.380,1,2122,0,330.140,7.109,98.938,307.813,66.750,-0.594,0.332,0.484,-1.387,-6.973,-13.035,2.950,3.158,1.180,1.366,0,NULL,NULL,,3,0,2,7,255,938,250,0,0
stim,62645,92766,0,92766,3290064.457,-0.530,0.175,-0.340,0.757,0,0,0,0,0,0,0,27,57,1.380,1,2122,0,336.886,8.101,96.813,316.688,61.875,-0.516,0.301,0.574,-1.477,-7.965,-11.527,2.978,3.188,1.180,1.366,0,NULL,NULL,,3,0,2,7,255,938,250,0,0
stim,62645,92766,0,92766,3290069.454,-0.532,0.166,-0.330,0.762,0,0,0,0,0,0,0,29,57,1.380,1,2122,0,344.857,8.200,95.750,325.313,62.688,-0.465,0.301,0.641,-1.598,-8.043,-10.078,3.006,3.216,1.180,1.366,0,NULL,NULL,,3,0,2,7,255,938,250,0,0
stim,62645,92766,0,92766,3290074.455,-0.534,0.156,-0.319,0.767,0,0,0,0,0,0,0,29,57,1.380,1,2122,0,352.407,8.376,96.125,333.500,61.063,-0.461,0.305,0.727,-1.871,-8.164,-9.090,3.032,3.244,1.180,1.366,0,NULL,NULL,,3,0,2,7,255,938,250,0,0
stim,62645,92766,0,92766,3290079.454,-0.537,0.146,-0.308,0.772,0,0,0,0,0,0,0,23,57,1.380,1,2122,0,358.717,8.870,95.188,341.625,53.938,-0.441,0.293,0.809,-2.055,-8.629,-8.223,3.058,3.276,1.180,1.366,0,NULL,NULL,,3,0,2,7,255,938,250,0,0
stim,62645,92766,0,92766,3290084.455,-0.540,0.136,-0.297,0.776,0,0,0,0,0,0,0,22,57,1.380,1,2122,0,364.494,9.026,91.875,349.688,46.188,-0.395,0.250,0.871,-2.055,-8.789,-7.184,3.090,3.308,1.180,1.366,0,NULL,NULL,,3,0,2,7,255,938,250,0,0
stim,62645,92766,0,92766,3290089.454,-0.543,0.125,-0.286,0.780,0,0,0,0,0,0,0,25,57,1.380,1,2122,0,370.688,9.026,88.125,357.625,41.813,-0.348,0.199,0.891,-2.055,-8.789,-6.070,3.124,3.342,1.180,1.366,0,NULL,NULL,,3,0,2,7,255,938,250,0,0
stim,62645,92766,0,92766,3290094.455,-0.546,0.115,-0.274,0.783,0,0,0,0,0,0,0,23,57,1.380,1,2122,0,377.759,8.523,86.375,365.563,40.063,-0.332,0.176,0.879,-1.848,-8.320,-5.246,3.158,3.380,1.180,1.366,0,NULL,NULL,,3,0,2,7,255,938,250,0,0
stim,62645,92766,0,92766,3290099.454,-0.549,0.104,-0.263,0.787,0,0,0,0,0,0,0,25,57,1.380,1,2122,0,384.755,8.098,88.313,372.563,37.875,-0.348,0.184,0.855,-1.750,-7.906,-4.957,3.198,3.420,1.180,1.366,0,NULL,NULL,,3,0,2,7,255,938,250,0,0
stim,62645,92766,0,92766,3290104.455,-0.552,0.093,-0.250,0.790,0,0,0,0,0,0,0,27,57,1.380,1,2122,0,391.041,8.014,95.438,377.750,33.313,-0.367,0.215,0.863,-1.750,-7.820,-4.918,3.240,3.464,1.180,1.366,0,NULL,NULL,,3,0,2,7,255,938,250,0,0
stim,62678,92799,0,92799,3290109.454,-0.555,0.082,-0.238,0.793,0,0,0,0,0,0,0,24,57,1.380,1,2122,0,395.604,8.019,103.688,380.750,27.938,-0.363,0.211,0.898,-2.016,-7.762,-4.836,3.284,3.510,1.180,1.366,0,NULL,NULL,,3,0,2,7,255,938,250,0,0
stim,62678,92799,0,92799,3290114.455,-0.558,0.071,-0.225,0.796,0,0,0,0,0,0,0,23,57,1.380,1,2122,0,397.179,8.019,110.125,380.750,25.563,-0.371,0.168,0.930,-2.016,-7.762,-4.242,3.328,3.556,1.180,1.366,0,NULL,NULL,,3,0,2,7,255,938,250,0,0
stim,62678,92799,0,92799,3290119.456,-0.561,0.061,-0.211,0.798,0,0,0,0,0,0,0,21,57,1.380,1,2122,0,396.168,7.880,115.250,378.313,23.375,-0.332,0.145,0.934,-1.766,-7.680,-3.609,3.372,3.602,1.180,1.366,0,NULL,NULL,,3,0,2,7,255,938,250,0,0
stim,62678,92799,0,92799,3290124.454,-0.564,0.051,-0.198,0.800,0,0,0,0,0,0,0,25,57,1.380,1,2122,0,396.000,7.257,124.938,375.063,23.125,-0.262,0.129,0.895,-1.766,-7.039,-3.133,3.418,3.650,1.180,1.366,0,NULL,NULL,,3,0,2,7,255,938,250,0,0
stim,62678,92799,0,92799,3290129.455,-0.566,0.041,-0.184,0.803,0,0,0,0,0,0,0,1,57,1.380,1,2122,0,396.841,6.269,141.625,369.688,27.500,-0.199,0.137,0.891,-1.816,-6.000,-2.977,3.462,3.696,1.180,1.366,0,NULL,NULL,,3,0,2,7,255,938,250,0,0
stim,62678,92799,0,92799,3290134.453,-0.568,0.032,-0.169,0.805,0,0,0,0,0,0,0,29,57,1.380,1,2122,0,399.370,5.645,161.688,363.625,33.625,-0.180,0.141,0.949,-2.133,-5.227,-2.695,3.506,3.742,1.180,1.366,0,NULL,NULL,,3,0,2,7,255,938,250,0,0
stim,62709,92830,1,92830,3290139.455,-0.569,0.024,-0.154,0.807,0,0,0,0,0,0,0,24,57,1.380,1,2122,0,402.058,5.706,181.625,356.438,40.188,-0.191,0.156,1.094,-2.289,-5.227,-1.914,3.550,3.786,1.180,1.366,0,NULL,NULL,,3,1,2,7,255,938,250,0,0
stim,62709,92830,1,92830,3290144.453,-0.570,0.016,-0.138,0.810,0,0,0,0,0,0,0,25,57,1.380,1,2122,0,401.742,5.871,191.563,350.250,45.000,-0.203,0.203,1.254,-2.613,-5.258,-0.457,3.592,3.830,1.180,1.366,0,NULL,NULL,,3,1,2,7,255,938,250,0,0
stim,62709,92830,1,92830,3290149.455,-0.570,0.008,-0.123,0.812,0,0,0,0,0,0,0,26,57,1.380,1,2122,0,400.773,6.447,198.625,344.563,49.438,-0.219,0.203,1.383,-3.227,-5.582,1.074,3.632,3.874,1.180,1.366,0,NULL,NULL,,3,1,2,7,255,938,250,0,0
stim,62709,92830,1,92830,3290154.454,-0.571,0.001,-0.107,0.814,0,0,0,0,0,0,0,28,57,1.380,1,2122,0,400.816,6.514,205.813,339.813,53.125,-0.254,0.203,1.531,-3.285,-5.625,2.477,3.672,3.914,1.180,1.366,0,NULL,NULL,,3,1,2,7,255,938,250,0,0
stim,62745,92866,1,92866,3290159.455,-0.570,-0.006,-0.091,0.816,0,0,0,0,0,0,0,31,57,1.380,1,2122,0,400.177,6.683,210.563,336.000,53.938,-0.301,0.223,1.691,-3.313,-5.805,4.047,3.708,3.952,1.180,1.366,0,NULL,NULL,,3,1,2,7,255,938,250,0,0
stim,62745,92866,1,92866,3290164.455,-0.570,-0.012,-0.075,0.818,0,0,0,0,0,0,0,35,57,1.380,1,2122,0,397.466,6.920,212.125,332.063,52.125,-0.340,0.223,1.840,-3.379,-6.039,5.715,3.740,3.986,1.180,1.366,0,NULL,NULL,,3,1,2,7,255,938,250,0,0
stim,62745,92866,1,92866,3290169.455,-0.570,-0.019,-0.060,0.819,0,0,0,0,0,0,0,36,57,1.380,1,2122,0,391.880,6.920,209.250,327.750,48.625,-0.363,0.219,1.980,-3.379,-6.039,7.340,3.766,4.014,1.180,1.366,0,NULL,NULL,,3,1,2,7,255,938,250,0,0
stim,62745,92866,1,92866,3290174.454,-0.570,-0.026,-0.044,0.820,0,0,0,0,0,0,0,37,57,1.380,1,2122,0,383.801,6.672,202.125,323.250,44.250,-0.355,0.195,2.063,-3.344,-5.773,8.906,3.788,4.036,1.180,1.366,0,NULL,NULL,,3,1,2,7,255,938,250,0,0
stim,62745,92866,1,92866,3290179.455,-0.569,-0.032,-0.029,0.821,0,0,0,0,0,0,0,35,57,1.380,1,2122,0,378.012,5.925,198.750,319.000,40.375,-0.332,0.125,2.109,-3.109,-5.043,9.969,3.804,4.054,1.180,1.366,0,NULL,NULL,,3,1,2,7,255,938,250,0,0
stim,62745,92866,1,92866,3290184.453,-0.569,-0.039,-0.013,0.821,0,0,0,0,0,0,0,37,57,1.380,1,2122,0,376.967,4.669,201.125,316.813,35.813,-0.289,0.004,2.141,-2.484,-3.953,10.637,3.818,4.072,1.180,1.366,0,NULL,NULL,,3,1,2,7,255,938,250,0,0
stim,62745,92866,1,92866,3290189.455,-0.569,-0.045,0.002,0.821,0,0,0,0,0,0,0,39,57,1.380,1,2122,0,379.518,2.832,205.563,317.813,27.813,-0.211,-0.078,2.168,-1.402,-2.461,11.184,3.834,4.090,1.180,1.366,0,NULL,NULL,,3,1,2,7,255,938,250,0,0
stim,62745,92866,1,92866,3290194.454,-0.569,-0.051,0.018,0.821,0,0,0,0,0,0,0,40,57,1.380,1,2122,0,383.347,1.138,210.438,319.750,20.750,-0.145,-0.133,2.102,-0.816,-0.793,11.184,3.854,4.110,1.180,1.366,0,NULL,NULL,,3,1,2,7,255,938,250,0,0
stim,62764,92885,1,92885,3290199.455,-0.569,-0.057,0.034,0.820,0,0,0,0,0,0,0,43,57,1.380,1,2122,0,394.699,0.752,229.375,320.500,21.313,-0.121,-0.254,2.055,-0.313,0.684,10.875,3.874,4.130,1.180,1.366,0,NULL,NULL,,3,1,2,7,255,938,250,0,0
stim,62764,92885,1,92885,3290204.454,-0.569,-0.062,0.051,0.819,0,0,0,0,0,0,0,44,57,1.380,1,2122,0,411.592,2.155,256.688,321.688,6.063,-0.023,-0.414,2.125,0.918,1.949,10.867,3.888,4.146,1.180,1.366,0,NULL,NULL,,3,1,2,7,255,938,250,0,0
stim,62764,92885,1,92885,3290209.455,-0.569,-0.067,0.069,0.817,0,0,0,0,0,0,0,51,57,1.380,1,2122,0,426.946,4.713,281.938,320.563,5.813,0.113,-0.570,2.238,2.230,4.152,10.867,3.900,4.160,1.180,1.366,0,NULL,NULL,,3,1,2,7,255,938,250,0,0
stim,62764,92885,1,92885,3290214.454,-0.569,-0.070,0.087,0.814,0,0,0,0,0,0,0,47,57,1.380,1,2122,0,442.124,7.176,307.250,317.875,-5.188,0.355,-0.473,2.418,2.230,6.820,11.516,3.906,4.168,1.180,1.366,0,NULL,NULL,,3,1,2,7,255,938,250,0,0
stim,62764,92885,1,92885,3290219.455,-0.570,-0.073,0.107,0.812,0,0,0,0,0,0,0,52,57,1.380,1,2122,0,456.230,10.009,331.188,313.625,-10.000,0.520,-0.523,2.617,2.313,9.738,12.422,3.906,4.170,1.180,1.366,0,NULL,NULL,,3,1,2,7,255,938,250,0,0
stim,62764,92885,1,92885,3290224.454,-0.570,-0.076,0.126,0.808,0,0,0,0,0,0,0,52,57,1.380,1,2122,0,461.853,12.814,341.563,310.000,-23.313,0.789,-0.496,2.832,2.004,12.656,13.508,3.898,4.162,1.180,1.366,0,NULL,NULL,,3,1,2,7,255,938,250,0,0
stim,62794,92915,1,92915,3290229.455,-0.571,-0.078,0.146,0.804,0,0,0,0,0,0,0,51,57,1.380,1,2122,0,461.660,16.483,347.500,303.375,-18.375,0.973,-0.578,3.020,2.313,16.320,14.344,3.878,4.144,1.180,1.366,0,NULL,NULL,,3,1,2,7,255,938,250,0,0
stim,62794,92915,1,92915,3290234.454,-0.571,-0.080,0.165,0.800,0,0,0,0,0,0,0,51,57,1.380,1,2122,0,458.198,19.730,346.250,298.750,-28.375,1.156,-0.570,3.180,2.348,19.590,14.832,3.846,4.114,1.180,1.366,0,NULL,NULL,,3,1,2,7,255,938,250,0,0
stim,62794,92915,1,92915,3290239.455,-0.572,-0.082,0.185,0.795,0,0,0,0,0,0,0,51,57,1.380,1,2122,0,456.301,22.657,345.688,295.188,-39.688,1.375,-0.477,3.410,2.348,22.535,15.008,3.802,4.070,1.180,1.366,0,NULL,NULL,,3,1,2,7,255,938,250,0,0
stim,62794,92915,1,92915,3290244.453,-0.573,-0.085,0.203,0.790,0,0,0,0,0,0,0,51,57,1.380,1,2122,0,440.026,25.874,323.625,293.063,-54.813,1.539,-0.336,3.633,1.539,25.828,15.672,3.742,4.012,1.180,1.366,0,NULL,NULL,,3,1,2,7,255,938,250,0,0
stim,62794,92915,1,92915,3290249.455,-0.574,-0.088,0.220,0.784,0,0,0,0,0,0,0,55,57,1.380,1,2122,0,413.027,28.575,286.063,289.250,-71.375,1.770,-0.195,3.828,0.500,28.570,16.395,3.666,3.938,1.180,1.366,0,NULL,NULL,,3,1,2,7,255,938,250,0,0
stim,62794,92915,1,92915,3290254.454,-0.576,-0.093,0.234,0.778,0,0,0,0,0,0,0,61,57,1.380,1,2122,0,378.333,31.837,232.813,283.875,-91.375,2.141,-0.117,3.867,-0.742,31.828,16.395,3.576,3.850,1.180,1.366,0,NULL,NULL,,3,1,2,7,255,938,250,0,0
stim,62843,92964,1,92964,3290259.455,-0.577,-0.099,0.246,0.772,0,0,0,0,0,0,0,75,57,1.380,1,2122,0,336.398,35.758,162.125,277.563,-99.188,2.594,-0.145,3.691,-2.113,35.695,14.602,3.478,3.752,1.180,1.366,0,NULL,NULL,,3,1,2,7,255,938,250,0,0
stim,62843,92964,1,92964,3290264.454,-0.578,-0.107,0.255,0.768,0,0,0,0,0,0,0,101,57,1.380,1,2122,0,297.702,39.492,91.688,267.375,-93.438,3.016,-0.285,3.270,-3.086,39.371,10.086,3.366,3.644,1.180,1.366,0,NULL,NULL,,3,1,2,7,255,938,250,0,0
stim,62843,92964,1,92964,3290269.455,-0.579,-0.115,0.263,0.764,0,0,0,0,0,0,0,153,57,1.380,1,2122,0,271.085,41.652,40.500,254.250,-84.875,3.410,-0.379,2.715,-3.316,41.520,3.305,3.244,3.522,1.180,1.366,0,NULL,NULL,,3,1,2,7,255,938,250,0,0
stim,62843,92964,1,92964,3290274.454,-0.579,-0.124,0.269,0.760,0,0,0,0,0,0,0,197,57,1.380,1,2122,0,249.820,42.500,17.063,237.625,-75.188,3.820,-0.445,2.195,-4.105,42.301,-4.336,3.112,3.390,1.180,1.366,0,NULL,NULL,,3,1,2,7,255,938,250,0,0
stim,62843,92964,1,92964,3290279.455,-0.578,-0.131,0.274,0.757,0,0,0,0,0,0,0,253,57,1.380,1,2122,0,222.140,43.345,9.813,213.500,-60.563,4.266,-0.598,1.723,-5.172,43.035,-11.664,2.964,3.242,1.180,1.366,0,NULL,NULL,,3,1,2,7,255,938,250,0,0
stim,62843,92964,1,92964,3290284.453,-0.578,-0.138,0.279,0.755,0,0,0,0,0,0,0,295,57,1.380,1,2122,0,188.317,44.485,8.625,185.313,-32.375,4.676,-0.918,1.207,-5.172,44.184,-18.906,2.802,3.082,1.180,1.366,0,NULL,NULL,,3,1,2,7,255,938,250,0,0
stim,62862,92983,1,92983,3290289.455,-0.575,-0.142,0.284,0.754,0,0,0,0,0,0,0,307,57,1.380,1,2122,0,155.429,44.590,28.938,151.625,18.188,4.926,-1.402,0.656,-4.043,44.406,-26.605,2.630,2.910,1.180,1.366,0,NULL,NULL,,3,1,2,7,255,938,250,0,0
stim,62862,92983,1,92983,3290294.454,-0.572,-0.142,0.290,0.754,0,0,0,0,0,0,0,293,57,1.380,1,2122,0,166.718,44.414,94.063,118.000,70.875,4.914,-2.027,0.336,-0.844,44.406,-34.027,2.450,2.728,1.180,1.366,0,NULL,NULL,,3,1,2,7,255,938,250,0,0
stim,62862,92983,1,92983,3290299.455,-0.569,-0.139,0.298,0.754,0,0,0,0,0,0,0,269,57,1.380,1,2122,0,220.371,43.570,176.188,69.750,112.500,4.555,-2.719,0.594,4.395,43.348,-36.887,2.266,2.542,1.180,1.366,0,NULL,NULL,,3,1,2,7,255,938,250,0,0
stim,62862,92983,1,92983,3290304.453,-0.566,-0.131,0.309,0.753,0,0,0,0,0,0,0,245,57,1.380,1,2122,0,315.255,44.374,282.750,32.313,135.625,3.875,-2.313,1.223,10.242,43.176,-36.887,2.080,2.352,1.180,1.366,0,NULL,NULL,,3,1,2,7,255,938,250,0,0
stim,62862,92983,1,92983,3290309.455,-0.563,-0.121,0.321,0.752,0,0,0,0,0,0,0,207,57,1.380,1,2122,0,362.926,44.374,334.500,-15.000,140.000,3.641,-1.930,2.563,10.242,43.176,-27.918,1.892,2.160,1.180,1.366,0,NULL,NULL,,3,1,2,7,255,938,250,0,0
stim,62862,92983,1,92983,3290314.453,-0.560,-0.111,0.328,0.752,0,0,0,39,0,0,0,359,57,1.380,1,2122,0,292.446,47.115,249.250,-59.313,141.000,2.828,-1.172,3.816,9.223,46.203,-15.855,1.702,1.966,1.180,1.366,0,NULL,NULL,,3,1,2,7,255,938,250,0,0
stim,62884,93005,1,93005,3290319.455,-0.554,-0.088,0.340,0.755,344,0,0,765,0,28,0,437,57,1.380,1,2122,0,602.026,47.184,448.563,-219.938,335.938,1.359,-1.813,6.957,9.223,46.273,0.211,1.510,1.768,1.180,1.366,0,NULL,NULL,,3,1,2,7,255,938,250,0,0
stim,62884,93005,1,93005,3290324.454,-0.546,-0.063,0.347,0.760,1066,0,0,1456,0,227,0,533,57,1.380,1,2122,0,646.619,55.639,404.750,-302.125,403.750,1.141,1.316,10.309,10.016,54.730,28.703,1.316,1.570,1.180,1.366,0,NULL,NULL,,3,1,2,7,255,938,250,0,0
stim,62884,93005,1,93005,3290329.455,-0.537,-0.077,0.315,0.779,1691,0,0,1866,0,530,0,603,57,1.380,1,2122,0,950.002,55.639,-910.375,-120.250,243.438,-0.473,2.672,4.781,10.016,54.730,39.957,1.120,1.366,1.180,1.366,0,NULL,NULL,,3,1,2,7,255,938,250,0,0
stim,62884,93005,1,93005,3290334.453,-0.524,-0.095,0.268,0.802,2117,0,0,2017,0,857,0,665,58,1.380,1,2123,0,1298.352,20.736,-1250.438,-202.938,284.500,0.105,4.793,-0.773,-12.605,16.465,39.957,0.920,1.158,1.180,1.366,1,952.000,14.000,,3,1,2,7,255,938,250,0,0
stim,62884,93005,1,93005,3290339.455,-0.512,-0.104,0.240,0.818,2351,0,0,2207,0,1072,0,725,58,1.380,1,2123,0,826.510,26.194,-754.688,-144.250,304.563,-1.594,2.805,-2.723,-18.691,-18.352,-2.367,0.706,0.930,1.180,1.366,1,NULL,NULL,,3,1,2,7,255,938,250,0,0
stim,62884,93005,1,93005,3290344.454,-0.505,-0.103,0.227,0.826,2527,0,0,2316,0,1267,0,795,58,1.380,1,2123,0,367.124,34.874,-280.563,-154.125,179.750,-2.484,0.043,-2.184,-18.691,-29.441,-18.832,0.498,0.690,1.180,1.366,1,NULL,NULL,,3,1,2,7,255,938,250,0,0
stim,62924,93045,1,93045,3290349.455,-0.506,-0.095,0.227,0.827,2703,0,0,2539,0,1417,0,870,58,1.380,1,2123,0,182.739,29.552,80.625,-160.938,31.500,-1.059,0.293,0.703,2.555,-29.441,-18.832,0.374,0.488,1.180,1.366,1,NULL,NULL,,3,1,2,7,255,938,250,0,0
stim,62924,93045,1,93045,3290354.453,-0.506,-0.089,0.229,0.827,2838,0,0,2715,0,1499,0,1003,58,1.380,1,2123,0,163.819,6.756,117.875,-107.750,36.500,0.031,2.641,1.836,2.555,-6.254,1.039,0.374,0.384,1.180,1.366,2,NULL,NULL,,3,1,2,7,255,938,250,0,0
stim,62944,93065,1,93065,3290359.455,-0.498,-0.082,0.224,0.834,2931,0,0,2847,0,1567,0,1147,58,1.380,1,2123,0,306.662,6.683,-78.438,-172.125,241.375,-0.938,1.348,2.195,-5.793,-3.332,12.840,0.420,0.376,1.180,1.366,2,NULL,NULL,,3,1,2,7,255,938,250,0,0
stim,62944,93065,1,93065,3290364.454,-0.493,-0.082,0.208,0.841,2984,0,0,2934,0,1625,0,1316,58,1.380,1,2123,0,420.560,6.683,-348.250,-172.313,160.938,-2.109,-0.426,1.246,-5.793,-3.332,12.840,0.454,0.410,1.180,1.366,2,NULL,NULL,,3,1,2,7,255,938,250,0,0
stim,62944,93065,1,93065,3290369.455,-0.494,-0.082,0.191,0.844,3022,0,0,2999,0,1663,0,1431,58,1.380,1,2123,0,406.593,17.284,-354.188,-197.500,-29.375,-1.957,-1.016,-0.297,14.402,-9.555,7.371,0.474,0.450,1.180,1.366,2,NULL,NULL,,3,1,2,7,255,938,250,0,0
stim,62944,93065,1,93065,3290374.454,-0.501,-0.080,0.180,0.843,3048,0,0,3051,0,1715,0,1543,58,1.380,1,2123,0,309.203,17.284,-156.375,-194.250,-182.813,-0.883,-1.004,0.023,14.402,-9.555,-8.316,0.486,0.484,1.180,1.366,2,NULL,NULL,,3,1,2,7,255,938,250,0,0
stim,62944,93065,1,93065,3290379.455,-0.511,-0.075,0.173,0.838,3069,0,0,3096,0,1790,0,1619,58,1.380,1,2123,0,308.712,12.992,-49.500,-186.875,-240.688,0.352,-0.859,1.129,12.719,-2.652,-8.316,0.498,0.512,1.180,1.366,2,NULL,NULL,,3,1,2,7,255,938,250,0,0
stim,62944,93065,1,93065,3290384.454,-0.518,-0.072,0.167,0.836,3089,0,0,3129,0,1865,0,1651,58,1.380,1,2123,0,240.756,11.976,-60.250,-161.063,-168.500,1.320,-1.148,1.641,6.016,10.355,-2.063,0.494,0.532,1.180,1.366,2,NULL,NULL,,3,1,2,7,255,938,250,0,0
stim,62944,93065,0,93065,3290389.455,-0.520,-0.069,0.158,0.836,3102,0,0,3159,0,1928,0,1651,58,1.380,1,2123,0,200.213,21.878,-125.688,-150.625,-40.000,1.711,-2.059,1.980,6.016,21.035,-0.473,0.470,0.538,1.180,1.366,2,NULL,NULL,,3,0,2,7,255,938,250,0,0
stim,62944,93065,0,93065,3290394.453,-0.516,-0.068,0.149,0.841,3111,0,0,3180,0,2002,11,1655,58,1.380,1,2123,0,265.325,27.104,-192.063,-128.688,130.188,1.324,-2.301,1.367,10.801,24.859,-0.473,0.432,0.534,1.180,1.366,2,NULL,NULL,,3,0,2,7,255,938,250,0,0
stim,62944,93065,0,93065,3290399.455,-0.506,-0.066,0.141,0.848,3125,0,0,3204,0,2073,43,1669,58,1.380,1,2123,0,330.791,27.104,-162.500,-122.313,260.875,0.227,-1.137,0.418,10.801,24.859,-3.949,0.388,0.512,1.180,1.366,2,NULL,NULL,,3,0,2,7,255,938,250,0,0
stim,62944,93065,0,93065,3290404.454,-0.498,-0.062,0.136,0.854,3119,0,0,3212,0,2151,77,1709,58,1.380,1,2123,0,274.258,11.831,-87.438,-132.000,223.938,-1.344,0.227,0.762,8.625,8.098,-3.949,0.340,0.466,1.180,1.366,2,NULL,NULL,,3,0,2,7,255,938,250,0,0
stim,62986,93108,0,93108,3290409.455,-0.497,-0.058,0.130,0.856,3133,0,0,3213,5,2280,92,1839,58,1.380,1,2123,0,161.667,10.995,-76.875,-138.688,31.500,-1.234,0.887,0.918,4.535,-10.016,0.840,0.290,0.394,1.180,1.366,2,NULL,NULL,,3,0,2,7,255,938,250,0,0
stim,62986,93108,0,93108,3290414.453,-0.499,-0.054,0.125,0.856,3131,0,0,3215,261,2311,259,1990,58,1.380,1,2123,0,153.442,10.138,-56.813,-138.438,-33.938,-0.250,0.504,1.109,-1.570,-10.016,1.891,0.250,0.306,1.180,1.366,2,NULL,NULL,,3,0,2,7,255,938,250,0,0
stim,62987,93108,0,93108,3290419.455,-0.502,-0.052,0.121,0.855,3124,0,0,3222,524,2365,259,2109,58,1.380,1,2123,0,129.933,2.328,-48.625,-100.438,-66.563,0.145,0.086,2.250,-1.570,-1.719,2.805,0.232,0.232,1.180,1.366,2,NULL,NULL,,3,0,2,7,255,938,250,0,0
stim,62987,93108,0,93108,3290424.454,-0.505,-0.052,0.117,0.854,3109,0,0,3208,829,2404,255,2197,58,1.380,1,2123,0,119.809,6.871,-75.375,-46.500,-80.688,0.891,0.301,1.340,-3.113,6.125,1.891,0.228,0.192,1.180,1.366,2,NULL,NULL,,3,0,2,7,255,938,250,0,0
stim,62987,93108,0,93108,3290429.455,-0.507,-0.051,0.114,0.853,3095,0,0,3217,1041,2413,254,2238,58,1.380,1,2123,0,75.539,9.202,-38.625,-49.500,-42.000,0.750,0.773,1.266,-6.867,6.125,1.621,0.222,0.182,1.180,1.366,2,NULL,NULL,,3,0,2,7,255,938,250,0,0
stim,62987,93108,0,93108,3290434.454,-0.508,-0.052,0.110,0.853,3103,23,0,3224,1167,2443,280,2296,58,1.380,1,2123,0,87.573,8.825,-75.000,-24.688,-37.875,0.008,-0.023,1.770,-6.867,5.543,1.621,0.216,0.182,1.180,1.366,2,NULL,NULL,,3,0,2,7,255,938,250,0,0
stim,62987,93108,0,93108,3290439.455,-0.509,-0.055,0.104,0.853,3103,38,0,3217,1289,2467,304,2342,58,1.380,1,2123,0,169.272,5.270,-163.063,-17.000,-42.125,0.004,-0.766,0.840,0.016,5.270,1.621,0.216,0.182,1.180,1.366,2,NULL,NULL,,3,0,2,7,255,938,250,0,0
stim,62987,93108,0,93108,3290444.453,-0.510,-0.057,0.099,0.853,3108,70,0,3213,1392,2467,301,2381,58,1.380,1,2123,0,109.813,7.544,-106.313,-17.000,-21.625,-0.074,-0.727,0.270,6.367,4.047,-2.449,0.230,0.168,1.180,1.366,2,NULL,NULL,,3,0,2,7,255,938,250,0,0
stim,63011,93132,0,93132,3290449.455,-0.511,-0.057,0.099,0.852,3103,83,0,3209,1500,2477,315,2407,58,1.380,1,2123,0,46.658,7.120,-3.563,-19.875,-42.063,-0.215,-0.215,0.648,6.367,3.188,-3.355,0.254,0.146,1.180,1.366,2,NULL,NULL,,3,0,2,7,255,938,250,0,0
stim,63011,93132,0,93132,3290454.454,-0.514,-0.055,0.099,0.850,3107,112,0,3221,1573,2485,326,2423,58,1.380,1,2123,0,69.193,2.987,24.625,-19.188,-61.750,0.004,0.207,1.191,2.590,1.488,-3.355,0.280,0.124,1.180,1.366,2,NULL,NULL,,3,0,2,7,255,938,250,0,0
stim,63043,93164,0,93164,3290459.455,-0.516,-0.055,0.098,0.849,3037,117,0,3217,1621,2492,333,2451,58,1.380,1,2123,0,48.347,2.601,-16.938,-13.813,-43.125,0.129,0.164,1.336,-2.133,1.488,1.758,0.302,0.102,1.180,1.366,2,NULL,NULL,,3,0,2,7,255,938,250,0,0
stim,63043,93164,0,93164,3290464.453,-0.516,-0.056,0.095,0.849,3101,131,0,3212,1657,2507,335,2469,58,1.380,1,2123,0,62.081,2.940,-59.313,-7.313,-16.813,-0.020,0.016,1.137,-2.133,2.023,1.758,0.320,0.084,1.180,1.366,2,NULL,NULL,,3,0,2,7,255,938,250,0,0
stim,63043,93164,0,93164,3290469.455,-0.517,-0.057,0.093,0.849,3099,139,0,3195,1711,2516,338,2474,58,1.380,1,2123,0,62.722,2.065,-58.438,-5.438,-22.125,-0.227,0.012,0.914,-0.414,2.023,1.125,0.332,0.070,1.180,1.366,2,NULL,NULL,,3,0,2,7,255,938,250,0,0
stim,63043,93164,0,93164,3290474.454,-0.518,-0.058,0.091,0.848,3096,159,0,3207,1757,2517,327,2487,58,1.380,1,2123,0,57.043,0.243,-32.750,-6.500,-46.250,-0.211,0.078,0.891,-0.105,-0.219,-0.598,0.342,0.058,1.180,1.366,2,NULL,NULL,,3,0,2,7,255,938,250,0,0
stim,63043,93164,0,93164,3290479.455,-0.520,-0.058,0.090,0.847,3097,167,3,3208,1783,2524,327,2493,58,1.380,1,2123,0,58.543,0.243,-16.125,-6.188,-55.938,-0.039,0.039,0.992,-0.105,-0.219,-0.598,0.354,0.050,1.180,1.366,2,NULL,NULL,,3,0,2,7,255,938,250,0,0
stim,63043,93164,0,93164,3290484.453,-0.522,-0.059,0.089,0.846,3095,179,8,3205,1807,2525,302,2493,58,1.380,1,2123,0,45.792,1.465,-17.813,-2.250,-42.125,0.090,-0.039,1.039,-0.473,1.387,-0.191,0.364,0.042,1.180,1.366,2,NULL,NULL,,3,0,2,7,255,938,250,0,0
stim,63043,93164,0,93164,3290489.455,-0.523,-0.059,0.088,0.846,3095,179,72,3195,1832,2523,305,2501,58,1.380,1,2123,0,29.903,2.842,-24.250,-2.063,-17.375,0.078,-0.035,1.039,-0.480,2.801,-0.020,0.372,0.034,1.180,1.366,2,NULL,NULL,,3,0,2,7,255,938,250,0,0
stim,63043,93164,0,93164,3290494.453,-0.522,-0.060,0.087,0.846,3097,183,93,3194,1860,2519,285,2501,58,1.380,1,2123,0,22.689,2.840,-22.563,-1.313,2.000,-0.035,-0.039,0.953,-0.473,2.801,-0.020,0.378,0.030,1.180,1.366,2,NULL,NULL,,3,0,2,7,255,938,250,0,0
stim,63063,93184,0,93184,3290499.455,-0.522,-0.060,0.087,0.846,3095,181,133,3197,1866,2521,275,2501,58,1.380,1,2123,0,12.825,1.634,-12.813,0.063,-0.563,-0.180,-0.090,0.926,0.059,1.633,-0.605,0.384,0.028,1.180,1.366,2,NULL,NULL,,3,0,2,7,255,938,250,0,0
stim,63063,93184,0,93184,3290504.453,-0.523,-0.060,0.087,0.846,3098,179,155,3195,1877,2517,265,2491,58,1.380,1,2123,0,11.520,0.623,-1.063,-0.875,-11.438,-0.156,0.000,0.965,0.242,0.574,-0.605,0.390,0.024,1.180,1.366,2,NULL,NULL,,3,0,2,7,255,938,250,0,0
stim,63063,93184,0,93184,3290509.455,-0.523,-0.060,0.087,0.846,3087,183,189,3179,1885,2515,254,2495,58,1.393,1,2123,1,11.549,0.623,6.313,-2.375,-9.375,-0.094,0.117,1.020,0.242,0.574,-0.238,0.000,0.000,1.186,1.351,2,NULL,NULL,,3,0,2,7,255,938,250,0,0
stim,63063,93184,0,93184,3290514.454,-0.524,-0.059,0.087,0.845,3087,177,221,3176,1894,2514,245,2489,58,1.393,1,2123,1,9.104,1.214,4.750,-0.500,-7.750,-0.098,0.152,1.094,-1.078,0.559,0.227,0.006,0.004,1.186,1.351,2,NULL,NULL,,3,0,2,7,255,938,250,0,0
stim,63063,93184,0,93184,3290519.455,-0.524,-0.059,0.087,0.845,3049,176,237,3173,1899,2515,243,2493,58,1.393,1,2123,1,6.055,1.517,-5.063,-0.938,-3.188,-0.109,0.168,1.098,-1.410,0.559,0.961,0.010,0.008,1.186,1.351,2,NULL,NULL,,3,0,2,7,255,938,250,0,0
stim,63063,93184,0,93184,3290524.454,-0.524,-0.059,0.086,0.845,3079,177,267,3177,1911,2507,235,2499,58,1.393,1,2123,1,10.366,1.458,-9.688,-0.688,-3.625,-0.168,0.105,1.012,-1.410,0.371,0.961,0.016,0.010,1.186,1.351,2,NULL,NULL,,3,0,2,7,255,938,250,0,0
stim,63093,93214,0,93214,3290529.455,-0.524,-0.059,0.086,0.845,3064,175,296,3170,1931,2494,249,2491,58,1.393,1,2123,1,9.384,0.641,-5.875,-1.375,-7.188,-0.164,0.086,0.980,-0.641,0.023,0.262,0.018,0.010,1.186,1.351,2,NULL,NULL,,3,0,2,7,255,938,250,0,0
stim,63093,93214,0,93214,3290534.453,-0.524,-0.059,0.086,0.845,3047,171,329,3157,1937,2490,252,2501,58,1.393,1,2123,1,7.653,0.485,-1.063,-4.000,-6.438,-0.168,0.066,1.004,-0.484,0.023,0.176,0.022,0.012,1.186,1.351,2,NULL,NULL,,3,0,2,7,255,938,250,0,0
stim,63093,93214,0,93214,3290539.455,-0.525,-0.059,0.086,0.845,3036,173,341,3153,1961,2491,267,2495,58,1.393,1,2123,1,9.109,0.438,-1.188,-3.813,-8.188,-0.168,0.078,1.020,-0.426,0.102,0.176,0.024,0.012,1.186,1.351,2,NULL,NULL,,3,0,2,7,255,938,250,0,0
stim,63093,93214,0,93214,3290544.454,-0.525,-0.059,0.086,0.845,3021,172,356,3145,1973,2481,275,2506,58,1.393,1,2123,1,9.179,0.440,-2.438,-5.938,-6.563,-0.152,0.082,1.000,-0.426,0.109,0.176,0.026,0.010,1.186,1.351,2,NULL,NULL,,3,0,2,7,255,938,250,0,0
stim,63093,93214,0,93214,3290549.455,-0.525,-0.059,0.085,0.845,2991,172,383,3120,1995,2475,279,2505,58,1.393,1,2123,1,9.232,0.465,-2.125,-6.000,-6.688,-0.148,0.023,0.980,-0.426,0.188,0.125,0.026,0.010,1.186,1.351,2,NULL,NULL,,3,0,2,7,255,938,250,0,0
stim,63093,93214,0,93214,3290554.453,-0.525,-0.059,0.085,0.845,2997,169,397,3113,2005,2476,310,2505,58,1.393,1,2123,1,8.617,0.419,-1.688,-7.375,-4.125,-0.148,-0.012,0.953,-0.031,0.418,-0.090,0.028,0.008,1.186,1.351,2,NULL,NULL,,3,0,2,7,255,938,250,0,0
stim,63139,93260,0,93260,3290559.455,-0.525,-0.058,0.085,0.845,2983,168,430,3109,2009,2463,315,2507,58,1.393,1,2123,1,9.787,0.590,1.938,-8.188,-5.000,-0.141,-0.047,0.934,0.301,0.508,-0.371,0.028,0.006,1.186,1.351,2,NULL,NULL,,3,0,2,7,255,938,250,0,0
stim,63139,93260,0,93260,3290564.454,-0.526,-0.058,0.085,0.845,2967,168,477,3093,2021,2469,329,2519,58,1.393,1,2123,1,11.330,0.760,5.875,-9.438,-2.188,-0.133,-0.031,0.918,0.402,0.645,-0.582,0.028,0.004,1.186,1.351,2,NULL,NULL,,3,0,2,7,255,938,250,0,0
stim,63139,93260,0,93260,3290569.455,-0.526,-0.057,0.085,0.845,2962,157,529,3079,2041,2458,329,2536,58,1.393,1,2123,1,14.668,0.832,9.750,-10.938,0.688,-0.137,-0.039,0.941,0.496,0.668,-0.582,0.028,0.004,1.186,1.351,2,NULL,NULL,,3,0,2,7,255,938,250,0,0
stim,63139,93260,0,93260,3290574.454,-0.525,-0.057,0.085,0.845,2939,154,559,3061,2055,2459,340,2547,58,1.393,1,2123,1,16.725,0.764,9.938,-12.438,5.125,-0.168,-0.012,0.953,0.410,0.645,-0.539,0.030,0.002,1.186,1.351,2,NULL,NULL,,3,0,2,7,255,938,250,0,0
stim,63139,93260,0,93260,3290579.455,-0.525,-0.056,0.085,0.845,2917,148,615,3047,2085,2463,366,2543,58,1.393,1,2123,1,18.394,0.506,11.438,-14.188,2.500,-0.188,0.027,0.969,0.410,0.297,-0.332,0.030,0.002,1.186,1.351,2,NULL,NULL,,3,0,2,7,255,938,250,0,0
stim,63139,93260,0,93260,3290584.454,-0.526,-0.055,0.085,0.845,2913,155,663,3035,2107,2462,397,2557,58,1.393,1,2123,1,19.771,0.156,12.875,-15.000,-0.375,-0.168,0.098,0.984,0.156,-0.004,-0.145,0.030,0.004,1.186,1.351,2,NULL,NULL,,3,0,2,7,255,938,250,0,0
stim,63162,93283,0,93283,3290589.455,-0.526,-0.054,0.085,0.845,2889,159,684,3051,2139,2455,456,2575,58,1.393,1,2123,1,21.003,0.532,13.000,-16.375,-2.000,-0.152,0.113,1.008,-0.531,-0.027,-0.004,0.030,0.004,1.186,1.351,2,NULL,NULL,,3,0,2,7,255,938,250,0,0
stim,63162,93283,0,93283,3290594.453,-0.526,-0.053,0.085,0.845,2862,167,751,2994,2187,2471,490,2591,58,1.393,1,2123,1,20.540,0.739,10.938,-17.375,-0.625,-0.160,0.145,1.020,-0.730,-0.113,0.227,0.030,0.006,1.186,1.351,2,NULL,NULL,,3,0,2,7,255,938,250,0,0
stim,63162,93283,0,93283,3290599.455,-0.526,-0.052,0.085,0.845,2831,175,829,2975,2229,2471,533,2608,58,1.393,1,2123,1,20.407,0.958,8.875,-18.188,-2.625,-0.191,0.199,1.027,-0.938,-0.195,0.367,0.032,0.006,1.186,1.351,2,NULL,NULL,,3,0,2,7,255,938,250,0,0
stim,63162,93283,0,93283,3290604.453,-0.526,-0.051,0.085,0.844,2797,182,917,2953,2283,2473,575,2635,58,1.393,1,2123,1,22.832,1.465,7.813,-18.813,-10.313,-0.195,0.242,1.043,-1.285,-0.703,0.535,0.032,0.010,1.186,1.351,2,NULL,NULL,,3,0,2,7,255,938,250,0,0
stim,63162,93283,0,93283,3290609.455,-0.527,-0.050,0.085,0.844,2729,199,1011,2931,2327,2472,693,2648,58,1.393,1,2123,1,25.462,1.771,4.875,-19.250,-15.938,-0.168,0.238,1.047,-1.625,-0.703,0.684,0.034,0.014,1.186,1.351,2,NULL,NULL,,3,0,2,7,255,938,250,0,0
stim,63162,93283,0,93283,3290614.454,-0.528,-0.049,0.085,0.844,2745,221,1128,2907,2364,2479,819,2663,58,1.393,1,2123,1,27.009,1.811,2.063,-19.688,-18.375,-0.145,0.234,1.051,-1.691,-0.648,0.699,0.036,0.018,1.186,1.351,2,NULL,NULL,,3,0,2,7,255,938,250,0,0
stim,63184,93305,0,93305,3290619.455,-0.528,-0.048,0.084,0.843,2687,243,1237,2872,2415,2478,939,2669,58,1.393,1,2123,1,28.201,1.798,-3.500,-20.250,-19.313,-0.180,0.203,1.051,-1.691,-0.609,0.711,0.040,0.024,1.186,1.351,2,NULL,NULL,,3,0,2,7,255,938,250,0,0
stim,63184,93305,0,93305,3290624.454,-0.529,-0.048,0.083,0.843,2633,251,1374,2847,2473,2490,1111,2687,58,1.393,1,2123,1,34.528,1.465,-9.250,-21.438,-25.438,-0.223,0.199,1.059,-1.332,-0.609,0.754,0.044,0.030,1.186,1.351,2,NULL,NULL,,3,0,2,7,255,938,250,0,0
stim,63184,93305,0,93305,3290629.455,-0.531,-0.048,0.082,0.842,2577,249,1527,2825,2515,2501,1223,2712,58,1.393,1,2123,1,47.277,1.592,-16.625,-21.938,-38.438,-0.230,0.219,1.055,-1.254,-0.980,0.848,0.048,0.036,1.186,1.351,2,NULL,NULL,,3,0,2,7,255,938,250,0,0
stim,63184,93305,0,93305,3290634.454,-0.533,-0.047,0.081,0.841,2509,267,1684,2798,2551,2493,1341,2728,58,1.393,1,2123,1,60.741,1.711,-24.563,-22.875,-50.625,-0.223,0.246,1.066,-1.254,-1.164,0.887,0.054,0.042,1.186,1.351,2,NULL,NULL,,3,0,2,7,255,938,250,0,0
stim,63184,93305,0,93305,3290639.455,-0.535,-0.047,0.079,0.840,2421,286,1827,2777,2604,2513,1463,2746,58,1.393,1,2123,1,73.438,1.711,-35.813,-23.250,-59.750,-0.141,0.145,1.098,-1.254,-1.164,0.984,0.058,0.046,1.186,1.351,2,NULL,NULL,,3,0,2,7,255,938,250,0,0
stim,63184,93305,0,93305,3290644.453,-0.537,-0.048,0.077,0.839,2360,308,1935,2737,2643,2507,1611,2773,58,1.393,1,2123,1,75.181,1.048,-43.188,-23.500,-56.875,-0.082,0.055,0.984,-1.047,-0.039,0.984,0.060,0.050,1.186,1.351,2,NULL,NULL,,3,0,2,7,255,938,250,0,0
stim,63214,93335,0,93335,3290649.455,-0.539,-0.048,0.074,0.838,2247,317,2078,2693,2679,2517,1701,2795,58,1.393,1,2123,0,69.733,0.774,-42.875,-23.438,-49.750,-0.102,-0.031,1.043,-0.473,0.613,0.398,0.060,0.050,1.186,1.351,2,NULL,NULL,,3,0,2,7,255,938,250,0,0
stim,63214,93335,0,93335,3290654.454,-0.540,-0.049,0.071,0.837,2156,327,2215,2639,2727,2523,1823,2807,58,1.393,1,2123,0,82.814,0.694,-61.375,-23.125,-50.563,-0.195,-0.098,1.156,0.324,0.613,0.398,0.060,0.052,1.186,1.351,2,NULL,NULL,,3,0,2,7,255,938,250,0,0
stim,63249,93370,0,93370,3290659.455,-0.543,-0.050,0.067,0.836,2027,315,2316,2581,2761,2521,1933,2829,58,1.393,1,2123,0,113.254,1.269,-90.688,-24.688,-63.188,-0.242,-0.160,1.125,1.191,0.438,1.402,0.058,0.052,1.186,1.351,2,NULL,NULL,,3,0,2,7,255,938,250,0,0
stim,63249,93370,0,93370,3290664.453,-0.545,-0.052,0.062,0.834,1903,319,2421,2510,2780,2517,2030,2835,58,1.393,1,2123,0,127.257,1.241,-99.938,-25.625,-74.500,-0.152,-0.094,0.957,1.191,0.348,1.402,0.058,0.052,1.186,1.351,2,NULL,NULL,,3,0,2,7,255,938,250,0,0
stim,63250,93371,0,93371,3290669.455,-0.548,-0.053,0.058,0.833,1753,313,2507,2427,2821,2529,2137,2848,58,1.393,1,2123,0,115.981,0.967,-85.063,-27.875,-73.750,-0.078,-0.039,0.855,0.902,0.348,-0.336,0.058,0.050,1.186,1.351,2,NULL,NULL,,3,0,2,7,255,938,250,0,0
stim,63250,93371,0,93371,3290674.454,-0.550,-0.053,0.055,0.832,1577,295,2583,2315,2837,2521,2229,2867,58,1.393,1,2123,0,100.132,0.380,-62.375,-33.750,-70.688,-0.133,-0.023,0.836,0.152,0.348,-1.418,0.058,0.044,1.186,1.351,2,NULL,NULL,,3,0,2,7,255,938,250,0,0
stim,63250,93371,0,93371,3290679.455,-0.553,-0.053,0.052,0.830,1305,264,2635,2201,2863,2525,2301,2878,58,1.393,1,2123,0,88.672,0.605,-48.875,-33.188,-66.125,-0.035,-0.117,1.059,0.152,0.586,-1.418,0.058,0.040,1.186,1.351,2,NULL,NULL,,3,0,2,7,255,938,250,0,0
stim,63250,93371,0,93371,3290684.453,-0.554,-0.053,0.049,0.829,1113,251,2683,2075,2889,2520,2377,2885,58,1.393,1,2123,0,80.615,0.344,-48.000,-35.188,-54.375,-0.121,-0.039,1.043,0.152,0.309,0.496,0.060,0.038,1.186,1.351,2,NULL,NULL,,3,0,2,7,255,938,250,0,0
stim,63250,93371,0,93371,3290689.455,-0.556,-0.053,0.046,0.828,910,237,2720,1895,2903,2509,2459,2909,58,1.393,1,2123,0,83.866,0.315,-48.250,-36.625,-58.000,-0.113,0.016,1.047,0.063,0.309,0.500,0.064,0.038,1.186,1.351,2,NULL,NULL,,3,0,2,7,255,938,250,0,0
stim,63250,93371,0,93371,3290694.454,-0.558,-0.053,0.044,0.827,631,184,2767,1613,2921,2494,2509,2907,58,1.393,1,2123,0,77.378,0.439,-44.813,-37.125,-51.000,-0.039,-0.039,1.078,-0.313,0.309,0.500,0.066,0.038,1.186,1.351,2,NULL,NULL,,3,0,2,7,255,938,250,0,0
stim,63250,93371,0,93371,3290699.455,-0.560,-0.052,0.041,0.826,397,141,2811,1343,2943,2500,2569,2933,58,1.393,1,2123,0,74.617,0.509,-43.313,-41.438,-44.438,-0.137,0.043,1.051,-0.492,0.129,0.559,0.066,0.040,1.186,1.351,2,NULL,NULL,,3,0,2,7,255,938,250,0,0
stim,63250,93371,0,93371,3290704.453,-0.561,-0.052,0.038,0.825,226,71,2847,1039,2965,2477,2621,2939,58,1.393,1,2123,0,76.133,0.908,-41.438,-43.313,-46.938,-0.055,-0.023,1.129,-0.488,0.766,0.703,0.068,0.038,1.186,1.351,2,NULL,NULL,,3,0,2,7,255,938,250,0,0
stim,63274,93395,0,93395,3290709.455,-0.563,-0.051,0.035,0.824,74,36,2871,787,2971,2447,2661,2937,58,1.393,1,2123,0,74.889,1.053,-46.188,-46.438,-36.313,0.008,0.023,1.000,-0.723,0.766,0.559,0.070,0.038,1.186,1.351,2,NULL,NULL,,3,0,2,7,255,938,250,0,0
stim,63274,93395,0,93395,3290714.454,-0.563,-0.050,0.033,0.824,13,17,2897,495,2997,2429,2697,2951,58,1.393,1,2123,0,65.068,1.349,-35.625,-48.563,-24.625,-0.004,0.031,1.086,-1.059,0.836,0.758,0.074,0.038,1.186,1.351,2,NULL,NULL,,3,0,2,7,255,938,250,0,0
stim,63274,93395,0,93395,3290719.455,-0.564,-0.049,0.030,0.824,0,0,2923,331,3013,2406,2738,2969,58,1.393,1,2123,0,69.008,1.436,-35.313,-53.375,-25.813,-0.043,0.203,1.000,-1.168,0.836,-0.090,0.080,0.040,1.186,1.351,2,NULL,NULL,,3,0,2,7,255,938,250,0,0
stim,63274,93395,0,93395,3290724.454,-0.565,-0.047,0.028,0.823,0,0,2935,279,3020,2376,2779,2971,58,1.393,1,2123,0,67.373,1.195,-20.813,-55.188,-32.563,-0.133,0.070,1.082,-1.168,-0.254,0.758,0.082,0.040,1.186,1.351,2,NULL,NULL,,3,0,2,7,255,938,250,0,0
stim,63274,93395,0,93395,3290729.455,-0.566,-0.044,0.028,0.823,0,0,2940,221,3027,2349,2797,2980,58,1.393,1,2123,0,77.972,1.222,30.875,-71.500,-3.750,-0.410,-0.102,1.367,-1.078,-0.574,0.855,0.080,0.042,1.186,1.351,2,NULL,NULL,,3,0,2,7,255,938,250,0,0
stim,63274,93395,0,93395,3290734.454,-0.565,-0.039,0.028,0.824,0,0,2953,185,3044,2312,2843,2981,58,1.393,1,2123,0,126.078,2.664,84.875,-91.313,18.813,-0.648,-0.180,1.992,1.316,-2.316,3.977,0.072,0.046,1.186,1.351,2,NULL,NULL,,3,0,2,7,255,938,250,0,0
stim,63309,93430,0,93430,3290739.455,-0.565,-0.035,0.026,0.824,0,0,2969,141,3061,2270,2861,2981,58,1.393,1,2123,0,97.148,2.664,-0.875,-97.125,1.938,-0.313,0.047,2.031,1.316,-2.316,10.281,0.066,0.050,1.186,1.351,2,NULL,NULL,,3,0,2,7,255,938,250,0,0
stim,63309,93430,0,93430,3290744.453,-0.566,-0.035,0.020,0.824,0,0,2973,70,3061,2215,2875,2987,58,1.393,1,2123,0,148.772,1.642,-116.875,-89.000,-23.500,-0.078,-0.066,1.438,-0.129,-1.637,10.281,0.062,0.054,1.186,1.351,2,NULL,NULL,,3,0,2,7,255,938,250,0,0
stim,63309,93430,0,93430,3290749.455,-0.565,-0.034,0.014,0.824,0,0,2976,17,3081,2147,2904,2985,58,1.393,1,2123,0,135.479,0.746,-90.438,-100.000,13.250,-0.148,-0.063,0.949,-0.129,-0.734,4.324,0.058,0.060,1.186,1.351,3,NULL,NULL,,3,0,2,7,255,938,250,0,0
stim,63309,93430,0,93430,3290754.453,-0.564,-0.031,0.011,0.825,0,0,2980,0,3078,2057,2921,2988,58,1.393,1,2123,0,118.949,0.746,-27.688,-110.875,33.000,-0.199,0.086,1.020,-0.129,-0.734,0.227,0.054,0.066,1.186,1.351,3,NULL,NULL,,3,0,2,7,255,938,250,0,0
stim,63343,93464,0,93464,3290759.455,-0.563,-0.026,0.008,0.826,0,0,2970,0,3087,1940,2931,2983,58,1.393,1,2123,0,121.525,1.911,1.000,-119.000,24.625,-0.277,0.094,1.152,-0.672,-1.789,0.227,0.052,0.074,1.186,1.351,3,NULL,NULL,,3,0,2,7,255,938,250,0,0
stim,63343,93464,0,93464,3290764.453,-0.562,-0.022,0.005,0.827,0,0,2965,0,3100,1797,2936,2985,58,1.393,1,2123,0,127.925,2.626,10.063,-126.000,19.688,-0.316,-0.020,1.438,-0.672,-2.539,1.563,0.052,0.086,1.186,1.351,3,NULL,NULL,,3,0,2,7,255,938,250,0,0
stim,63343,93464,0,93464,3290769.455,-0.561,-0.017,0.002,0.828,0,0,2957,0,3094,1660,2963,2979,58,1.393,1,2123,0,135.254,2.570,-3.313,-133.563,21.063,-0.305,-0.098,1.516,0.398,-2.539,4.395,0.052,0.096,1.186,1.351,3,NULL,NULL,,3,0,2,7,255,938,250,0,0
stim,63343,93464,0,93464,3290774.454,-0.560,-0.013,-0.002,0.828,0,0,2939,0,3096,1465,2965,2966,58,1.393,1,2123,0,144.446,2.535,-25.938,-140.375,22.063,-0.273,-0.168,1.441,1.090,-2.289,4.434,0.052,0.108,1.186,1.351,3,NULL,NULL,,3,0,2,7,255,938,250,0,0
stim,63343,93464,0,93464,3290779.455,-0.559,-0.009,-0.007,0.829,0,0,2931,0,3111,1253,2972,2962,58,1.393,1,2123,0,154.121,2.528,-36.625,-147.625,24.875,-0.246,-0.160,1.273,1.629,-1.934,4.434,0.056,0.118,1.186,1.351,3,NULL,NULL,,3,0,2,7,255,938,250,0,0
stim,63343,93464,0,93464,3290784.454,-0.558,-0.004,-0.012,0.830,0,0,2919,0,3104,1039,2989,2949,58,1.393,1,2123,0,160.873,2.475,-31.688,-155.250,27.813,-0.215,-0.145,1.168,1.629,-1.863,2.758,0.060,0.132,1.186,1.351,3,NULL,NULL,,3,0,2,7,255,938,250,0,0
stim,63343,93464,0,93464,3290789.455,-0.556,0.001,-0.016,0.831,0,0,2903,0,3100,749,3001,2927,58,1.393,1,2123,0,166.894,2.475,-17.063,-162.125,35.750,-0.223,-0.160,1.102,1.629,-1.863,1.699,0.066,0.144,1.186,1.351,3,NULL,NULL,,3,0,2,7,255,938,250,0,0
stim,63343,93464,0,93464,3290794.453,-0.555,0.007,-0.020,0.832,0,0,2884,0,3113,570,3005,2917,58,1.393,1,2123,0,174.580,2.556,2.688,-171.375,33.188,-0.344,-0.133,1.098,1.707,-1.902,1.023,0.074,0.158,1.186,1.351,3,NULL,NULL,,3,0,2,7,255,938,250,0,0
stim,63364,93485,0,93485,3290799.455,-0.553,0.014,-0.024,0.832,0,0,2851,0,3117,411,3003,2893,58,1.393,1,2123,0,182.338,3.425,10.875,-180.813,20.875,-0.281,-0.156,1.203,1.977,-2.797,1.023,0.080,0.170,1.186,1.351,3,NULL,NULL,,3,0,2,7,255,938,250,0,0
stim,63364,93485,0,93485,3290804.454,-0.552,0.021,-0.028,0.833,0,0,2797,0,3113,199,3025,2861,58,1.393,1,2123,0,189.215,3.425,13.563,-188.000,16.563,-0.168,-0.188,1.262,1.977,-2.797,1.887,0.088,0.184,1.186,1.351,3,NULL,NULL,,3,0,2,7,255,938,250,0,0
stim,63364,93485,0,93485,3290809.455,-0.551,0.028,-0.032,0.833,0,0,2749,0,3111,117,3018,2839,58,1.393,1,2123,0,196.488,2.814,15.250,-194.563,22.813,-0.145,-0.117,1.230,1.914,-2.063,2.152,0.094,0.196,1.186,1.351,3,NULL,NULL,,3,0,2,7,255,938,250,0,0
stim,63364,93485,0,93485,3290814.453,-0.550,0.035,-0.036,0.834,0,0,2681,0,3110,39,3033,2799,58,1.393,1,2123,0,205.111,2.438,18.063,-202.438,27.625,-0.164,0.066,1.305,1.301,-2.063,2.504,0.102,0.208,1.186,1.351,3,NULL,NULL,,3,0,2,7,255,938,250,0,0
stim,63364,93485,0,93485,3290819.455,-0.548,0.044,-0.040,0.834,0,0,2617,0,3103,5,3033,2748,58,1.393,1,2123,0,214.627,3.215,26.313,-211.250,27.313,-0.199,0.219,1.426,-0.164,-3.211,2.707,0.110,0.222,1.186,1.351,3,NULL,NULL,,3,0,2,7,255,938,250,0,0
stim,63364,93485,0,93485,3290824.454,-0.546,0.052,-0.045,0.835,0,0,2520,0,3100,25,3029,2703,58,1.393,1,2123,0,223.300,4.657,27.688,-220.438,22.438,-0.207,0.336,1.617,-1.297,-4.473,3.711,0.122,0.236,1.186,1.351,3,NULL,NULL,,3,0,2,7,255,938,250,0,0
stim,63394,93515,0,93515,3290829.455,-0.545,0.061,-0.050,0.835,0,0,2421,0,3089,58,3021,2649,58,1.393,1,2123,0,229.557,5.881,13.750,-228.750,13.438,-0.234,0.367,1.918,-2.113,-5.488,5.430,0.136,0.256,1.186,1.351,3,NULL,NULL,,3,0,2,7,255,938,250,0,0
stim,63394,93515,0,93515,3290834.453,-0.544,0.070,-0.055,0.834,0,0,2269,0,3079,75,3028,2583,58,1.393,1,2123,0,239.655,6.917,9.688,-239.250,10.000,-0.371,0.203,2.336,-2.113,-6.586,8.219,0.156,0.276,1.186,1.351,3,NULL,NULL,,3,0,2,7,255,938,250,0,0
stim,63394,93515,0,93515,3290839.455,-0.542,0.079,-0.062,0.834,0,0,2101,0,3053,82,3004,2495,58,1.393,1,2123,0,263.359,8.252,-9.313,-261.688,28.125,-0.574,0.148,2.613,0.168,-8.250,11.957,0.180,0.304,1.186,1.351,3,NULL,NULL,,3,0,2,7,255,938,250,0,0
stim,63394,93515,0,93515,3290844.454,-0.540,0.088,-0.070,0.834,0,0,1896,0,3017,91,2991,2376,58,1.393,1,2123,0,295.174,10.890,-49.000,-288.813,36.250,-0.781,0.316,2.750,1.293,-10.813,14.086,0.212,0.338,1.186,1.351,3,NULL,NULL,,3,0,2,7,255,938,250,0,0
stim,63394,93515,0,93515,3290849.455,-0.538,0.098,-0.081,0.834,1,0,1737,0,2988,91,2968,2257,58,1.393,1,2123,0,329.343,14.235,-82.063,-318.188,22.125,-0.883,0.676,2.734,1.293,-14.176,14.086,0.254,0.386,1.186,1.351,3,NULL,NULL,,3,0,2,7,255,938,250,0,0
stim,63394,93515,0,93515,3290854.453,-0.537,0.108,-0.093,0.832,0,0,1593,0,2969,107,2937,2133,58,1.393,1,2123,0,363.028,17.183,-104.625,-347.625,-0.125,-0.855,0.992,2.777,-1.414,-17.125,13.551,0.310,0.442,1.186,1.351,3,NULL,NULL,,3,0,2,7,255,938,250,0,0
stim,63442,93563,0,93563,3290859.455,-0.536,0.119,-0.106,0.829,0,0,1465,0,2915,107,2901,1983,58,1.393,1,2123,0,395.778,19.420,-123.250,-375.563,-20.063,-0.742,1.148,2.820,-4.234,-18.953,13.258,0.376,0.508,1.186,1.351,3,NULL,NULL,,3,0,2,7,255,938,250,0,0
stim,63442,93563,0,93563,3290864.454,-0.535,0.130,-0.120,0.826,0,0,1337,0,2861,105,2847,1849,58,1.393,1,2123,0,422.370,20.227,-137.688,-398.438,-26.188,-0.711,1.082,2.922,-5.430,-19.484,13.258,0.450,0.584,1.186,1.351,3,NULL,NULL,,3,0,2,7,255,938,250,0,0
stim,63442,93563,0,93563,3290869.455,-0.534,0.141,-0.136,0.823,0,0,1207,0,2805,88,2765,1720,58,1.393,1,2123,0,453.150,20.867,-157.750,-424.438,-17.688,-0.813,0.777,2.992,-5.430,-20.148,13.414,0.534,0.666,1.186,1.351,3,NULL,NULL,,3,0,2,7,255,938,250,0,0
stim,63442,93563,0,93563,3290874.454,-0.532,0.154,-0.153,0.819,0,0,1043,0,2713,70,2659,1589,58,1.393,1,2123,0,480.631,21.122,-171.563,-448.875,-9.125,-0.961,0.582,2.941,-2.270,-21.000,13.414,0.622,0.756,1.186,1.351,3,NULL,NULL,,3,0,2,7,255,938,250,0,0
stim,63442,93563,0,93563,3290879.455,-0.530,0.166,-0.170,0.814,0,0,887,0,2601,63,2515,1428,58,1.393,1,2123,0,501.679,22.203,-177.000,-468.563,-28.313,-1.027,0.594,2.891,0.027,-22.203,11.707,0.718,0.852,1.186,1.351,3,NULL,NULL,,3,0,2,7,255,938,250,0,0
stim,63442,93563,0,93563,3290884.454,-0.529,0.180,-0.186,0.808,0,0,741,0,2443,23,2329,1273,58,1.393,1,2123,0,506.529,23.458,-158.938,-477.438,-58.000,-0.945,0.469,3.012,0.156,-23.457,10.508,0.820,0.956,1.186,1.351,3,NULL,NULL,,3,0,2,7,255,938,250,0,0
stim,63462,93583,0,93583,3290889.455,-0.528,0.194,-0.202,0.802,0,0,502,0,2221,0,2041,1079,58,1.393,1,2123,0,513.741,23.827,-143.188,-489.313,-63.250,-0.855,0.156,3.250,1.039,-23.805,10.508,0.932,1.068,1.186,1.351,3,NULL,NULL,,3,0,2,7,255,938,250,0,0
stim,63462,93583,0,93583,3290894.453,-0.525,0.208,-0.220,0.795,0,0,297,0,1947,0,1743,910,58,1.393,1,2123,0,539.650,24.103,-175.875,-509.688,-22.563,-0.832,-0.285,3.168,3.781,-23.805,11.297,1.050,1.188,1.186,1.351,3,NULL,NULL,,3,0,2,7,255,938,250,0,0
stim,63462,93583,0,93583,3290899.455,-0.521,0.221,-0.240,0.789,0,0,251,0,1619,0,1319,799,58,1.393,1,2123,0,571.042,24.410,-218.813,-527.375,9.250,-0.695,-0.480,2.535,7.652,-23.180,11.297,1.170,1.312,1.186,1.351,3,NULL,NULL,,3,0,2,7,255,938,250,0,0
stim,63462,93583,0,93583,3290904.453,-0.516,0.235,-0.258,0.782,0,0,109,0,1212,0,725,633,58,1.393,1,2123,0,570.784,20.612,-179.563,-541.750,7.625,-0.613,-0.563,1.797,8.441,-18.805,6.375,1.288,1.432,1.186,1.351,3,NULL,NULL,,3,0,2,7,255,938,250,0,0
stim,63462,93583,0,93583,3290909.455,-0.509,0.252,-0.274,0.776,0,0,88,0,781,0,219,519,58,1.393,1,2123,0,560.975,16.907,-69.250,-556.063,26.313,-0.570,-0.254,1.727,8.441,-14.648,0.621,1.398,1.546,1.186,1.351,3,NULL,NULL,,3,0,2,7,255,938,250,0,0
stim,63462,93583,0,93583,3290914.454,-0.499,0.271,-0.286,0.772,0,0,51,0,273,0,0,441,58,1.393,1,2123,0,569.694,15.700,40.000,-563.938,70.188,-0.855,0.215,2.371,5.648,-14.648,-0.184,1.498,1.648,1.186,1.351,3,NULL,NULL,,3,0,2,7,255,938,250,0,0
stim,63485,93607,0,93607,3290919.455,-0.485,0.289,-0.298,0.769,0,0,18,0,0,0,0,383,58,1.393,1,2123,0,594.071,22.906,46.188,-574.813,142.750,-1.391,0.621,2.891,3.371,-22.656,-0.918,1.592,1.744,1.186,1.351,3,NULL,NULL,,3,0,2,7,255,938,250,0,0
stim,63486,93607,0,93607,3290924.454,-0.474,0.303,-0.315,0.765,0,0,21,0,0,0,0,279,58,1.393,1,2123,0,573.715,31.274,-93.563,-548.063,141.500,-1.469,1.406,2.773,2.797,-31.148,-2.582,1.688,1.846,1.186,1.351,3,NULL,NULL,,3,0,2,7,255,938,250,0,0
stim,63486,93607,0,93607,3290929.455,-0.468,0.313,-0.334,0.756,0,0,13,0,0,0,0,202,58,1.393,1,2123,0,552.925,31.377,-245.563,-491.938,58.500,-1.098,2.027,2.320,-3.777,-31.148,-7.063,1.798,1.958,1.186,1.351,4,NULL,NULL,,3,0,2,7,255,938,250,0,0
stim,63486,93607,0,93607,3290934.454,-0.465,0.316,-0.357,0.746,0,0,11,0,0,0,0,119,58,1.393,1,2123,0,586.084,32.156,-421.875,-400.188,73.250,-1.039,2.227,1.438,-11.465,-30.043,-9.762,1.920,2.080,1.186,1.351,0,NULL,NULL,,3,0,2,7,255,938,250,0,0
stim,63486,93607,0,93607,3290939.455,-0.464,0.309,-0.385,0.735,0,0,12,0,0,0,0,99,58,1.393,1,2123,0,711.324,27.329,-637.125,-275.063,156.188,-0.879,2.414,-0.113,-14.930,-22.891,-15.984,2.042,2.206,1.186,1.351,0,NULL,NULL,,3,0,2,7,255,938,250,0,0
stim,63486,93607,0,93607,3290944.453,-0.465,0.303,-0.406,0.726,0,0,10,0,0,0,0,73,58,1.393,1,2123,0,534.016,17.315,-499.063,-171.000,82.875,-0.734,1.672,-1.094,-14.930,-8.770,-24.359,2.156,2.322,1.186,1.351,0,NULL,NULL,,3,0,2,7,255,938,250,0,0
stim,63514,93635,0,93635,3290949.455,-0.465,0.303,-0.412,0.723,0,0,9,0,0,0,0,69,58,1.393,1,2123,0,162.589,13.129,-139.563,-83.063,7.625,-0.953,-0.332,-0.711,-12.828,2.797,-24.359,2.250,2.416,1.186,1.351,0,NULL,NULL,,3,0,2,7,255,938,250,0,0
stim,63514,93635,0,93635,3290954.454,-0.464,0.306,-0.410,0.723,0,0,1,0,0,0,0,95,58,1.393,1,2123,0,86.909,6.908,79.688,-28.250,-20.125,-1.242,-1.480,1.090,6.316,2.797,-19.672,2.322,2.486,1.186,1.351,0,NULL,NULL,,3,0,2,7,255,938,250,0,0
stim,63544,93665,0,93665,3290959.455,-0.466,0.304,-0.410,0.723,0,0,0,0,0,0,0,71,58,1.393,1,2123,0,81.063,18.613,-52.188,53.250,-31.813,-1.332,-1.012,1.844,14.523,-11.641,-10.102,2.378,2.544,1.186,1.351,0,NULL,NULL,,3,0,2,7,255,938,250,0,0
stim,63544,93665,0,93665,3290964.453,-0.473,0.296,-0.414,0.720,0,0,0,0,0,0,0,51,58,1.393,1,2123,0,256.673,19.505,-219.813,129.813,-26.688,-1.121,0.543,0.832,14.523,-13.020,-10.102,2.434,2.602,1.186,1.351,0,NULL,NULL,,3,0,2,7,255,938,250,0,0
stim,63544,93665,0,93665,3290969.455,-0.478,0.286,-0.416,0.718,0,0,0,0,0,0,0,24,58,1.393,1,2123,0,262.215,13.045,-190.125,180.563,2.563,-0.988,1.762,-0.230,-0.820,-13.020,-16.715,2.496,2.666,1.186,1.351,0,NULL,NULL,,3,0,2,7,255,938,250,0,0
stim,63544,93665,0,93665,3290974.454,-0.482,0.279,-0.413,0.721,0,0,0,0,0,0,0,11,58,1.393,1,2123,0,203.816,13.879,-37.938,198.688,25.000,-1.113,1.844,-0.223,-12.391,-6.254,-24.598,2.562,2.734,1.186,1.351,0,NULL,NULL,,3,0,2,7,255,938,250,0,0
stim,63544,93665,0,93665,3290979.455,-0.485,0.273,-0.407,0.724,0,0,0,0,0,0,0,8,58,1.393,1,2123,0,217.911,13.879,50.563,211.188,18.125,-1.301,0.996,0.535,-12.391,-6.254,-24.598,2.622,2.796,1.186,1.351,0,NULL,NULL,,3,0,2,7,255,938,250,0,0
stim,63544,93665,0,93665,3290984.453,-0.489,0.266,-0.402,0.727,0,0,0,0,0,0,0,0,58,1.393,1,2123,0,223.533,13.146,9.313,223.313,3.438,-1.273,0.250,0.922,-4.402,-12.387,-20.551,2.676,2.852,1.186,1.351,0,NULL,NULL,,3,0,2,7,255,938,250,0,0
stim,63544,93665,0,93665,3290989.455,-0.493,0.257,-0.399,0.729,0,0,0,0,0,0,0,0,58,1.393,1,2123,0,238.773,12.550,-60.625,230.875,5.813,-1.074,0.180,0.590,2.016,-12.387,-15.625,2.728,2.906,1.186,1.351,0,NULL,NULL,,3,0,2,7,255,938,250,0,0
stim,63544,93665,0,93665,3290994.454,-0.498,0.248,-0.397,0.730,0,0,0,0,0,0,0,0,58,1.393,1,2123,0,246.679,10.822,-73.875,234.188,23.438,-0.789,0.566,0.098,2.016,-10.633,-15.625,2.782,2.960,1.186,1.351,0,NULL,NULL,,3,0,2,7,255,938,250,0,0
stim,63544,93665,0,93665,3290999.455,-0.501,0.239,-0.393,0.733,0,0,0,0,0,0,0,0,58,1.393,1,2123,0,242.351,6.325,-35.875,234.000,51.875,-0.730,0.672,-0.254,-2.324,-5.883,-17.090,2.830,3.010,1.186,1.351,0,NULL,NULL,,3,0,2,7,255,938,250,0,0
stim,63544,93665,0,93665,3291004.453,-0.503,0.231,-0.388,0.737,0,0,0,0,0,0,0,0,58,1.393,1,2123,0,240.994,4.525,30.438,233.750,50.125,-0.930,0.633,-0.297,-2.324,-3.883,-18.910,2.870,3.052,1.186,1.351,0,NULL,NULL,,3,0,2,7,255,938,250,0,0
stim,63576,93697,0,93697,3291009.455,-0.506,0.225,-0.380,0.741,0,0,0,0,0,0,0,0,58,1.393,1,2123,0,253.427,4.384,68.625,242.563,26.063,-0.793,0.488,-0.055,-2.035,-3.883,-18.910,2.900,3.084,1.186,1.351,0,NULL,NULL,,3,0,2,7,255,938,250,0,0
stim,63576,93697,0,93697,3291014.454,-0.509,0.218,-0.372,0.745,0,0,0,0,0,0,0,0,58,1.393,1,2123,0,265.218,4.988,71.063,253.438,32.563,-0.563,0.391,0.094,-1.547,-4.742,-17.395,2.926,3.112,1.186,1.351,0,NULL,NULL,,3,0,2,7,255,938,250,0,0
stim,63576,93697,0,93697,3291019.455,-0.511,0.210,-0.364,0.750,0,0,0,0,0,0,0,0,58,1.393,1,2123,0,279.856,4.988,78.000,263.375,53.563,-0.520,0.410,0.078,-1.547,-4.742,-14.477,2.950,3.138,1.186,1.351,0,NULL,NULL,,3,0,2,7,255,938,250,0,0
stim,63576,93697,0,93697,3291024.454,-0.512,0.202,-0.356,0.755,0,0,0,0,0,0,0,0,58,1.393,1,2123,0,299.569,4.988,100.375,273.563,69.500,-0.547,0.379,0.145,-1.547,-4.742,-14.238,2.972,3.162,1.186,1.351,0,NULL,NULL,,3,0,2,7,255,938,250,0,0
stim,63576,93697,0,93697,3291029.455,-0.513,0.194,-0.346,0.761,0,0,0,0,0,0,0,0,58,1.393,1,2123,0,316.510,5.476,117.688,285.063,71.188,-0.598,0.375,0.309,-1.516,-5.262,-13.773,2.996,3.186,1.186,1.351,0,NULL,NULL,,3,0,2,7,255,938,250,0,0
stim,63576,93697,0,93697,3291034.453,-0.515,0.186,-0.335,0.766,0,0,0,0,0,0,0,0,58,1.393,1,2123,0,328.681,6.983,123.188,297.750,64.813,-0.563,0.355,0.438,-1.461,-6.828,-12.852,3.022,3.214,1.186,1.351,0,NULL,NULL,,3,0,2,7,255,938,250,0,0
stim,63610,93731,0,93731,3291039.455,-0.517,0.178,-0.325,0.772,0,0,0,0,0,0,0,0,58,1.393,1,2123,0,340.755,7.706,125.625,310.438,62.938,-0.496,0.344,0.531,-1.461,-7.566,-11.496,3.050,3.246,1.186,1.351,0,NULL,NULL,,3,0,2,7,255,938,250,0,0
stim,63610,93731,0,93731,3291044.454,-0.518,0.169,-0.313,0.777,0,0,0,0,0,0,0,0,58,1.393,1,2123,0,353.626,7.938,130.313,322.375,64.375,-0.461,0.336,0.633,-1.664,-7.762,-10.191,3.084,3.280,1.186,1.351,0,NULL,NULL,,3,0,2,7,255,938,250,0,0
stim,63610,93731,0,93731,3291049.455,-0.520,0.160,-0.301,0.783,0,0,0,0,0,0,0,0,58,1.393,1,2123,0,365.268,8.395,133.500,334.250,62.250,-0.445,0.324,0.750,-1.820,-8.195,-8.992,3.120,3.318,1.186,1.351,0,NULL,NULL,,3,0,2,7,255,938,250,0,0
stim,63610,93731,0,93731,3291054.453,-0.522,0.151,-0.289,0.788,0,0,0,0,0,0,0,0,58,1.393,1,2123,0,374.781,8.965,132.813,345.875,56.500,-0.426,0.305,0.840,-1.863,-8.770,-7.770,3.158,3.358,1.186,1.351,0,NULL,NULL,,3,0,2,7,255,938,250,0,0
stim,63643,93764,0,93764,3291059.455,-0.524,0.141,-0.277,0.793,0,0,0,0,0,0,0,3,58,1.393,1,2123,0,381.990,9.229,128.313,356.063,51.688,-0.395,0.266,0.918,-1.863,-9.039,-6.617,3.200,3.400,1.186,1.351,0,NULL,NULL,,3,0,2,7,255,938,250,0,0
stim,63643,93764,0,93764,3291064.454,-0.527,0.130,-0.265,0.797,0,0,0,0,0,0,0,1,58,1.393,1,2123,0,388.380,9.206,123.625,364.938,48.750,-0.375,0.230,0.957,-1.746,-9.039,-5.453,3.242,3.444,1.186,1.351,0,NULL,NULL,,3,0,2,7,255,938,250,0,0
stim,63643,93764,0,93764,3291069.455,-0.529,0.120,-0.252,0.801,0,0,0,0,0,0,0,4,58,1.393,1,2123,0,393.860,8.993,120.625,372.063,46.313,-0.375,0.199,0.984,-1.547,-8.859,-4.621,3.284,3.488,1.186,1.351,0,NULL,NULL,,3,0,2,7,255,938,250,0,0
stim,63643,93764,0,93764,3291074.454,-0.531,0.109,-0.239,0.805,0,0,0,0,0,0,0,6,58,1.393,1,2123,0,397.097,8.861,118.625,376.438,43.688,-0.398,0.199,0.992,-1.352,-8.758,-4.020,3.326,3.532,1.186,1.351,0,NULL,NULL,,3,0,2,7,255,938,250,0,0
stim,63643,93764,1,93764,3291079.455,-0.534,0.098,-0.226,0.809,0,0,0,0,0,0,0,10,58,1.393,1,2123,0,398.957,8.858,119.500,378.688,38.500,-0.402,0.219,0.996,-1.352,-8.754,-3.746,3.366,3.574,1.186,1.351,0,NULL,NULL,,3,1,2,7,255,938,250,0,0
stim,63643,93764,1,93764,3291084.454,-0.536,0.087,-0.213,0.812,0,0,0,0,0,0,0,8,58,1.393,1,2123,0,399.906,8.772,124.250,378.563,34.313,-0.398,0.191,1.027,-1.344,-8.668,-3.512,3.408,3.616,1.186,1.351,0,NULL,NULL,,3,1,2,7,255,938,250,0,0
stim,63643,93764,1,93764,3291089.455,-0.538,0.077,-0.200,0.815,0,0,0,0,0,0,0,21,58,1.393,1,2123,0,399.081,8.544,127.938,376.688,31.688,-0.375,0.137,1.051,-1.344,-8.438,-2.852,3.448,3.658,1.186,1.351,0,NULL,NULL,,3,1,2,7,255,938,250,0,0
stim,63643,93764,1,93764,3291094.453,-0.541,0.066,-0.186,0.818,0,0,0,0,0,0,0,29,58,1.393,1,2123,0,398.072,7.997,133.813,373.813,28.625,-0.367,0.113,1.066,-1.008,-7.934,-2.148,3.488,3.700,1.186,1.351,0,NULL,NULL,,3,1,2,7,255,938,250,0,0
stim,63664,93785,1,93785,3291099.455,-0.542,0.056,-0.173,0.820,0,0,0,0,0,0,0,42,58,1.393,1,2123,0,396.958,7.623,139.500,370.625,27.438,-0.316,0.082,1.082,-0.898,-7.570,-1.656,3.526,3.740,1.186,1.351,0,NULL,NULL,,3,1,2,7,255,938,250,0,0
stim,63664,93785,1,93785,3291104.454,-0.544,0.047,-0.159,0.823,0,0,0,0,0,0,0,43,58,1.393,1,2123,0,397.224,6.837,149.938,366.563,30.625,-0.285,0.109,1.090,-0.898,-6.777,-1.059,3.564,3.780,1.186,1.351,0,NULL,NULL,,3,1,2,7,255,938,250,0,0
stim,63664,93785,1,93785,3291109.455,-0.546,0.037,-0.144,0.825,0,0,0,0,0,0,0,44,58,1.393,1,2123,0,399.406,6.440,164.313,362.875,29.125,-0.277,0.156,1.141,-1.258,-6.316,-0.746,3.598,3.814,1.186,1.351,0,NULL,NULL,,3,1,2,7,255,938,250,0,0
stim,63664,93785,1,93785,3291114.453,-0.547,0.028,-0.129,0.827,0,0,0,0,0,0,0,47,58,1.393,1,2123,0,402.406,6.482,179.000,359.125,30.313,-0.215,0.121,1.211,-1.762,-6.238,-0.129,3.630,3.848,1.186,1.351,0,NULL,NULL,,3,1,2,7,255,938,250,0,0
stim,63664,93785,1,93785,3291119.455,-0.548,0.020,-0.114,0.829,0,0,0,0,0,0,0,45,58,1.393,1,2123,0,406.291,5.664,193.500,355.313,37.188,-0.211,0.109,1.297,-1.762,-5.383,0.922,3.660,3.880,1.186,1.351,0,NULL,NULL,,3,1,2,7,255,938,250,0,0
stim,63664,93785,1,93785,3291124.454,-0.548,0.012,-0.098,0.831,0,0,0,0,0,0,0,47,58,1.393,1,2123,0,410.657,5.477,206.313,352.688,41.063,-0.223,0.137,1.434,-1.770,-5.184,1.938,3.690,3.912,1.186,1.351,0,NULL,NULL,,3,1,2,7,255,938,250,0,0
stim,63693,93814,1,93814,3291129.455,-0.548,0.004,-0.081,0.833,0,0,0,0,0,0,0,50,58,1.393,1,2123,0,413.203,5.540,216.375,349.125,45.063,-0.238,0.156,1.582,-2.055,-5.145,3.395,3.720,3.942,1.186,1.351,0,NULL,NULL,,3,1,2,7,255,938,250,0,0
stim,63693,93814,1,93814,3291134.453,-0.548,-0.003,-0.065,0.834,0,0,0,0,0,0,0,47,58,1.393,1,2123,0,416.087,5.593,228.688,343.938,50.375,-0.320,0.164,1.754,-2.102,-5.184,4.953,3.750,3.974,1.186,1.351,0,NULL,NULL,,3,1,2,7,255,938,250,0,0
stim,63693,93814,1,93814,3291139.455,-0.547,-0.010,-0.048,0.835,0,0,0,0,0,0,0,57,58,1.393,1,2123,0,416.229,5.990,232.813,342.188,44.188,-0.344,0.215,1.957,-2.270,-5.543,6.742,3.780,4.006,1.186,1.351,0,NULL,NULL,,3,1,2,7,255,938,250,0,0
stim,63693,93814,1,93814,3291144.454,-0.547,-0.017,-0.032,0.836,0,0,0,0,0,0,0,55,58,1.393,1,2123,0,411.110,5.950,228.438,339.813,36.813,-0.359,0.180,2.113,-2.164,-5.543,8.855,3.810,4.038,1.186,1.351,0,NULL,NULL,,3,1,2,7,255,938,250,0,0
stim,63693,93814,1,93814,3291149.455,-0.547,-0.024,-0.015,0.837,0,0,0,0,0,0,0,57,58,1.393,1,2123,0,408.150,5.395,226.188,338.063,33.750,-0.367,0.125,2.266,-2.164,-4.941,10.602,3.842,4.070,1.186,1.351,0,NULL,NULL,,3,1,2,7,255,938,250,0,0
stim,63693,93814,1,93814,3291154.453,-0.547,-0.031,0.001,0.837,0,0,0,0,0,0,0,58,58,1.393,1,2123,0,403.686,4.397,215.313,340.500,25.750,-0.320,-0.008,2.313,-1.664,-4.070,12.313,3.872,4.102,1.186,1.351,0,NULL,NULL,,3,1,2,7,255,938,250,0,0
stim,63742,93863,1,93863,3291159.455,-0.546,-0.039,0.017,0.836,0,0,0,0,0,0,0,61,58,1.393,1,2123,0,404.155,2.415,214.625,341.625,23.875,-0.281,-0.117,2.348,-0.566,-2.348,12.957,3.900,4.130,1.186,1.351,0,NULL,NULL,,3,1,2,7,255,938,250,0,0
stim,63742,93863,1,93863,3291164.454,-0.546,-0.046,0.033,0.836,0,0,0,0,0,0,0,63,58,1.393,1,2123,0,404.968,0.823,212.938,344.250,12.188,-0.301,-0.262,2.309,0.340,-0.750,13.066,3.924,4.156,1.186,1.351,0,NULL,NULL,,3,1,2,7,255,938,250,0,0
stim,63742,93863,1,93863,3291169.455,-0.547,-0.054,0.049,0.834,0,0,0,0,0,0,0,71,58,1.393,1,2123,0,411.694,1.893,222.875,346.125,-4.000,-0.227,-0.344,2.297,1.848,0.414,13.066,3.942,4.176,1.186,1.351,0,NULL,NULL,,3,1,2,7,255,938,250,0,0
stim,63742,93863,1,93863,3291174.454,-0.547,-0.061,0.066,0.832,0,0,0,0,0,0,0,73,58,1.393,1,2123,0,421.819,3.275,242.438,344.813,-16.125,-0.160,-0.508,2.313,2.430,2.195,12.816,3.954,4.190,1.186,1.351,0,NULL,NULL,,3,1,2,7,255,938,250,0,0
stim,63742,93863,1,93863,3291179.455,-0.549,-0.067,0.084,0.829,0,0,0,0,0,0,0,75,58,1.393,1,2123,0,431.280,5.662,258.563,343.500,-34.000,-0.055,-0.566,2.348,3.785,4.211,12.719,3.960,4.198,1.186,1.351,0,NULL,NULL,,3,1,2,7,255,938,250,0,0
stim,63742,93863,1,93863,3291184.454,-0.550,-0.073,0.102,0.825,0,0,0,0,0,0,0,79,58,1.393,1,2123,0,446.846,7.487,285.188,340.250,-50.688,0.133,-0.672,2.457,4.117,6.254,12.719,3.958,4.196,1.186,1.351,0,NULL,NULL,,3,1,2,7,255,938,250,0,0
stim,63762,93883,1,93883,3291189.455,-0.552,-0.078,0.121,0.821,0,0,0,0,0,0,0,77,58,1.393,1,2123,0,459.377,10.368,307.000,336.375,-60.250,0.379,-0.758,2.590,4.590,9.297,12.883,3.946,4.186,1.186,1.351,0,NULL,NULL,,3,1,2,7,255,938,250,0,0
stim,63762,93883,1,93883,3291194.453,-0.554,-0.082,0.140,0.816,0,0,0,0,0,0,0,77,58,1.393,1,2123,0,470.734,13.705,325.625,333.813,-64.250,0.531,-0.711,2.777,4.590,12.914,13.008,3.924,4.166,1.186,1.351,0,NULL,NULL,,3,1,2,7,255,938,250,0,0
stim,63762,93883,1,93883,3291199.455,-0.557,-0.086,0.160,0.811,0,0,1,0,0,0,0,75,58,1.393,1,2123,0,481.945,16.016,341.750,330.375,-79.563,0.625,-0.688,3.039,4.238,15.445,13.824,3.888,4.134,1.186,1.351,0,NULL,NULL,,3,1,2,7,255,938,250,0,0
stim,63762,93883,1,93883,3291204.454,-0.559,-0.090,0.179,0.804,0,0,1,0,0,0,0,77,58,1.393,1,2123,0,485.204,18.354,344.000,327.375,-99.563,0.789,-0.586,3.305,4.234,17.859,15.316,3.840,4.088,1.186,1.351,0,NULL,NULL,,3,1,2,7,255,938,250,0,0
stim,63762,93883,1,93883,3291209.455,-0.563,-0.094,0.198,0.797,0,0,3,0,0,0,0,77,58,1.393,1,2123,0,477.081,21.085,328.938,324.000,-120.125,0.941,-0.398,3.582,3.379,20.813,16.543,3.778,4.026,1.186,1.351,0,NULL,NULL,,3,1,2,7,255,938,250,0,0
stim,63762,93883,1,93883,3291214.453,-0.566,-0.099,0.215,0.789,0,0,1,0,0,0,0,91,58,1.393,1,2123,0,459.632,23.618,298.250,318.563,-144.313,1.145,-0.125,3.848,1.879,23.543,17.973,3.700,3.950,1.186,1.351,0,NULL,NULL,,3,1,2,7,255,938,250,0,0
stim,63784,93905,1,93905,3291219.455,-0.571,-0.105,0.231,0.781,0,0,0,0,0,0,0,105,58,1.393,1,2123,0,434.594,26.587,247.063,311.500,-175.500,1.559,0.176,4.004,-0.531,26.582,18.480,3.608,3.858,1.186,1.351,0,NULL,NULL,,3,1,2,7,255,938,250,0,0
stim,63784,93905,1,93905,3291224.454,-0.576,-0.113,0.243,0.773,0,0,0,0,0,0,0,137,58,1.393,1,2123,0,402.208,31.196,176.250,303.188,-196.938,2.129,0.273,3.965,-3.977,30.941,18.480,3.500,3.752,1.186,1.351,0,NULL,NULL,,3,1,2,7,255,938,250,0,0
stim,63784,93905,1,93905,3291229.455,-0.580,-0.122,0.252,0.765,0,0,0,0,0,0,0,173,58,1.393,1,2123,0,357.490,36.657,96.875,287.688,-188.813,2.680,0.207,3.664,-6.199,36.129,14.852,3.376,3.632,1.186,1.351,0,NULL,NULL,,3,1,2,7,255,938,250,0,0
stim,63784,93905,1,93905,3291234.453,-0.583,-0.132,0.259,0.759,0,0,0,0,0,0,0,238,58,1.393,1,2123,0,311.225,40.545,27.000,265.125,-160.750,3.137,0.098,3.105,-7.105,39.918,8.535,3.240,3.496,1.186,1.351,0,NULL,NULL,,3,1,2,7,255,938,250,0,0
stim,63784,93905,1,93905,3291239.455,-0.584,-0.142,0.264,0.754,0,0,0,0,0,0,0,281,58,1.393,1,2123,0,273.928,41.976,-15.375,238.875,-133.188,3.551,0.059,2.441,-7.625,41.277,0.426,3.086,3.342,1.186,1.351,0,NULL,NULL,,3,1,2,7,255,938,250,0,0
stim,63784,93905,1,93905,3291244.454,-0.586,-0.150,0.267,0.750,0,0,0,0,0,0,0,361,58,1.393,1,2123,0,237.268,42.231,-29.438,209.875,-106.688,4.020,0.043,1.793,-8.742,41.316,-8.070,2.918,3.176,1.186,1.351,0,NULL,NULL,,3,1,2,7,255,938,250,0,0
stim,63814,93935,1,93935,3291249.455,-0.586,-0.158,0.270,0.748,0,0,0,0,0,0,0,407,58,1.393,1,2123,0,193.296,42.595,-24.188,178.813,-69.313,4.563,-0.117,1.156,-10.105,41.379,-16.590,2.738,2.994,1.186,1.351,0,NULL,NULL,,3,1,2,7,255,938,250,0,0
stim,63814,93935,1,93935,3291254.453,-0.585,-0.162,0.274,0.746,0,0,0,0,0,0,0,437,58,1.393,1,2123,0,147.113,43.320,5.563,146.563,-11.438,4.984,-0.648,0.477,-10.105,42.125,-25.590,2.550,2.806,1.186,1.351,0,NULL,NULL,,3,1,2,7,255,938,250,0,0
stim,63845,93966,1,93966,3291259.455,-0.582,-0.164,0.280,0.746,0,0,0,0,0,0,0,437,58,1.393,1,2123,0,156.008,42.645,82.000,119.375,58.000,4.926,-1.324,0.066,-6.637,42.125,-34.840,2.356,2.608,1.186,1.351,0,NULL,NULL,,3,1,2,7,255,938,250,0,0
stim,63845,93966,1,93966,3291264.454,-0.579,-0.161,0.290,0.745,0,0,0,0,18,0,0,397,58,1.393,1,2123,0,240.828,40.196,193.063,92.125,110.625,4.746,-2.371,0.023,-0.582,40.191,-39.531,2.158,2.408,1.186,1.351,0,NULL,NULL,,3,1,2,7,255,938,250,0,0
stim,63845,93966,1,93966,3291269.455,-0.574,-0.152,0.303,0.745,0,0,0,0,47,0,0,359,58,1.393,1,2123,0,371.358,41.235,317.000,62.500,183.063,4.559,-3.113,0.457,9.219,40.191,-39.789,1.958,2.202,1.186,1.351,0,NULL,NULL,,3,1,2,7,255,938,250,0,0
stim,63845,93966,1,93966,3291274.454,-0.568,-0.140,0.320,0.745,0,0,0,0,57,0,0,329,58,1.393,1,2123,0,489.621,42.257,425.500,36.313,239.500,3.648,-2.500,1.328,13.336,40.098,-39.789,1.754,1.994,1.186,1.351,0,NULL,NULL,,3,1,2,7,255,938,250,0,0
stim,63845,93966,1,93966,3291279.455,-0.564,-0.126,0.336,0.744,0,0,0,0,63,0,0,328,58,1.393,1,2123,0,516.533,41.746,468.188,5.313,218.125,2.910,-1.461,2.535,13.336,39.559,-27.508,1.550,1.784,1.186,1.351,0,NULL,NULL,,3,1,2,7,255,938,250,0,0
stim,63845,93966,1,93966,3291284.453,-0.560,-0.112,0.351,0.742,0,0,0,0,52,0,0,309,58,1.393,1,2123,0,467.499,40.318,428.563,-28.750,184.563,2.645,-0.645,3.863,7.789,39.559,-12.094,1.342,1.572,1.186,1.351,0,NULL,NULL,,3,1,2,7,255,938,250,0,0
stim,63845,93966,1,93966,3291289.455,-0.558,-0.101,0.359,0.741,0,0,0,171,11,0,0,487,58,1.393,1,2123,0,315.466,44.082,279.063,-64.313,132.313,1.738,0.137,4.973,4.223,43.879,1.391,1.130,1.354,1.186,1.351,0,NULL,NULL,,3,1,2,7,255,938,250,0,0
stim,63845,93966,1,93966,3291294.453,-0.555,-0.074,0.371,0.741,697,0,0,1017,37,31,0,534,58,1.393,1,2123,0,671.977,44.910,531.813,-282.313,298.375,1.336,1.191,8.906,4.223,44.711,17.148,0.918,1.130,1.186,1.351,0,NULL,NULL,,3,1,2,7,255,938,250,0,0
stim,63845,93966,1,93966,3291299.455,-0.552,-0.064,0.367,0.746,1397,0,0,1609,0,271,0,573,58,1.393,1,2123,0,272.601,63.947,21.188,-209.500,173.125,1.309,1.371,10.410,8.535,63.375,52.133,0.702,0.896,1.186,1.351,0,NULL,NULL,,3,1,2,7,255,938,250,0,0
stim,63845,93966,1,93966,3291304.453,-0.538,-0.086,0.319,0.776,1971,0,0,1924,0,538,0,623,58,1.393,1,2123,0,1429.030,63.947,-1369.563,-168.563,371.500,1.188,2.891,2.922,8.535,63.375,52.133,0.500,0.654,1.186,1.351,0,NULL,NULL,,3,1,2,7,255,938,250,0,0
stim,63876,93997,1,93997,3291309.455,-0.517,-0.102,0.271,0.805,2274,0,0,2119,0,839,0,685,59,1.393,1,2124,0,1429.124,31.383,-1316.000,-227.125,508.875,-0.039,4.754,-2.191,-25.020,18.945,18.070,0.384,0.450,1.186,1.351,1,992.000,54.000,,3,1,2,7,255,938,250,0,0
stim,63876,93997,1,93997,3291314.454,-0.497,-0.106,0.246,0.825,2503,0,0,2278,0,1012,0,773,59,1.393,1,2124,0,866.856,37.129,-673.125,-159.375,522.438,-2.148,2.684,-3.395,-25.020,-27.434,-13.563,0.382,0.344,1.186,1.351,1,NULL,NULL,,3,1,2,7,255,938,250,0,0
stim,63876,93997,1,93997,3291319.455,-0.487,-0.101,0.237,0.834,2615,0,0,2391,0,1229,0,835,59,1.393,1,2124,0,389.499,33.549,-200.875,-174.000,284.750,-3.211,0.168,-1.168,-14.277,-30.359,-13.563,0.428,0.334,1.186,1.351,1,NULL,NULL,,3,1,2,7,255,938,250,0,0
stim,63876,93997,1,93997,3291324.454,-0.488,-0.095,0.236,0.835,2787,0,0,2605,0,1366,0,931,59,1.393,1,2124,0,149.176,30.674,58.000,-136.563,15.500,-1.305,1.340,1.297,-4.379,-30.359,-6.793,0.462,0.372,1.186,1.351,1,NULL,NULL,,3,1,2,7,255,938,250,0,0
stim,63876,93997,0,93997,3291329.455,-0.488,-0.090,0.236,0.836,2889,0,0,2783,0,1427,0,1043,59,1.393,1,2124,0,107.977,10.454,42.750,-94.625,29.625,0.164,3.082,1.871,-4.379,-9.492,9.934,0.478,0.414,1.186,1.351,2,NULL,NULL,,3,0,2,7,255,938,250,0,0
stim,63876,93997,0,93997,3291334.454,-0.478,-0.085,0.226,0.844,2991,0,0,2901,0,1507,0,1182,59,1.393,1,2124,0,389.572,5.373,-188.563,-185.125,286.250,-0.910,0.621,2.086,-4.379,-3.113,13.320,0.494,0.450,1.186,1.351,2,NULL,NULL,,3,0,2,7,255,938,250,0,0
stim,63931,94052,0,94052,3291339.455,-0.471,-0.085,0.207,0.854,3039,0,0,2985,0,1593,0,1351,59,1.393,1,2124,0,520.161,3.139,-437.875,-187.000,209.438,-2.496,-0.949,0.688,0.398,-3.113,13.320,0.512,0.484,1.186,1.351,2,NULL,NULL,,3,0,2,7,255,938,250,0,0
stim,63931,94052,0,94052,3291344.453,-0.472,-0.085,0.189,0.857,3080,0,0,3059,0,1672,0,1493,59,1.393,1,2124,0,410.161,20.476,-354.750,-202.500,-37.125,-2.316,-0.582,-0.781,16.926,-11.523,2.379,0.516,0.510,1.186,1.351,2,NULL,NULL,,3,0,2,7,255,938,250,0,0
stim,63931,94052,0,94052,3291349.455,-0.483,-0.082,0.181,0.853,3098,0,0,3107,0,1763,0,1615,59,1.393,1,2124,0,340.642,20.476,-78.500,-192.375,-269.938,-0.750,-0.207,0.004,16.926,-11.523,-7.863,0.502,0.524,1.186,1.351,2,NULL,NULL,,3,0,2,7,255,938,250,0,0
stim,63931,94052,0,94052,3291354.454,-0.497,-0.077,0.178,0.846,3113,0,0,3140,0,1848,0,1678,59,1.393,1,2124,0,380.749,7.346,34.938,-154.188,-346.375,0.797,-0.840,1.648,5.461,-4.914,-7.863,0.474,0.526,1.186,1.351,2,NULL,NULL,,3,0,2,7,255,938,250,0,0
stim,63931,94052,0,94052,3291359.455,-0.507,-0.075,0.173,0.841,3099,0,0,3183,0,1913,0,1707,59,1.393,1,2124,0,273.157,16.825,-29.875,-126.500,-240.250,2.016,-1.871,2.188,5.461,15.914,0.848,0.438,0.516,1.186,1.351,2,NULL,NULL,,3,0,2,7,255,938,250,0,0
stim,63931,94052,0,94052,3291364.453,-0.508,-0.074,0.164,0.842,3146,0,0,3211,0,1977,0,1699,59,1.393,1,2124,0,208.678,32.671,-161.000,-131.188,-20.375,2.180,-2.813,2.152,7.148,31.879,0.848,0.396,0.484,1.186,1.351,2,NULL,NULL,,3,0,2,7,255,938,250,0,0
stim,63932,94053,0,94053,3291369.455,-0.500,-0.073,0.154,0.849,3147,0,0,3225,0,2055,0,1695,59,1.393,1,2124,0,345.121,34.980,-236.000,-114.563,224.250,1.063,-2.457,0.961,14.398,31.879,-0.961,0.348,0.422,1.186,1.351,2,NULL,NULL,,3,0,2,7,255,938,250,0,0
stim,63932,94053,0,94053,3291374.454,-0.488,-0.071,0.145,0.858,3155,0,0,3223,0,2120,17,1707,59,1.393,1,2124,0,381.202,26.904,-186.500,-123.313,308.750,-0.969,-0.980,0.418,14.398,22.727,-4.848,0.304,0.340,1.186,1.351,2,NULL,NULL,,3,0,2,7,255,938,250,0,0
stim,63932,94053,0,94053,3291379.455,-0.483,-0.068,0.138,0.862,3161,0,0,3227,72,2187,57,1739,59,1.393,1,2124,0,224.580,13.145,-120.750,-136.188,131.563,-1.793,0.371,0.438,13.012,-1.867,-4.848,0.272,0.260,1.186,1.351,2,NULL,NULL,,3,0,2,7,255,938,250,0,0
stim,63932,94053,0,94053,3291384.453,-0.484,-0.063,0.134,0.862,3155,0,0,3229,251,2269,73,1853,59,1.393,1,2124,0,154.122,9.118,-30.813,-151.000,-1.813,-0.625,0.648,0.520,5.980,-6.883,-2.574,0.256,0.202,1.186,1.351,2,NULL,NULL,,3,0,2,7,255,938,250,0,0
stim,63957,94078,0,94078,3291389.455,-0.486,-0.058,0.130,0.862,3139,0,0,3226,518,2328,213,1995,59,1.393,1,2124,0,154.022,6.887,-28.813,-147.563,-33.438,-0.219,0.090,1.535,0.242,-6.883,-0.750,0.244,0.180,1.186,1.351,2,NULL,NULL,,3,0,2,7,255,938,250,0,0
stim,63957,94078,0,94078,3291394.454,-0.488,-0.055,0.125,0.862,3144,0,0,3235,797,2379,235,2133,59,1.393,1,2124,0,133.360,2.253,-58.375,-115.625,-31.750,0.402,-0.082,2.023,-1.438,1.734,5.313,0.234,0.176,1.186,1.351,2,NULL,NULL,,3,0,2,7,255,938,250,0,0
stim,63957,94078,0,94078,3291399.455,-0.489,-0.054,0.121,0.862,3135,0,0,3219,1047,2409,235,2215,59,1.393,1,2124,0,101.074,8.783,-69.750,-64.063,-35.313,0.742,0.047,1.285,-1.438,8.664,5.313,0.232,0.172,1.186,1.351,2,NULL,NULL,,3,0,2,7,255,938,250,0,0
stim,63957,94078,0,94078,3291404.453,-0.489,-0.053,0.118,0.862,3099,0,0,3225,1197,2440,240,2278,59,1.393,1,2124,0,68.091,9.666,-30.375,-60.938,-0.625,0.695,0.441,1.113,-4.285,8.664,0.926,0.244,0.162,1.186,1.351,2,NULL,NULL,,3,0,2,7,255,938,250,0,0
stim,63957,94078,0,94078,3291409.455,-0.490,-0.052,0.116,0.862,3143,0,0,3227,1320,2456,245,2329,59,1.393,1,2124,0,55.413,7.414,-35.000,-38.500,-19.063,-0.020,0.074,1.633,-4.285,6.051,0.926,0.266,0.146,1.186,1.351,2,NULL,NULL,,3,0,2,7,255,938,250,0,0
stim,63957,94078,0,94078,3291414.454,-0.491,-0.053,0.112,0.862,3143,2,0,3223,1413,2467,263,2376,59,1.393,1,2124,0,103.074,4.577,-96.188,-26.750,-25.625,0.090,-0.359,0.941,-0.645,4.531,-0.113,0.290,0.130,1.186,1.351,2,NULL,NULL,,3,0,2,7,255,938,250,0,0
stim,63979,94100,0,94100,3291419.455,-0.491,-0.053,0.109,0.863,3109,21,0,3209,1497,2477,268,2411,59,1.393,1,2124,0,70.535,3.989,-65.688,-25.375,-4.063,-0.070,-0.309,0.660,2.398,3.188,-1.406,0.310,0.110,1.186,1.351,2,NULL,NULL,,3,0,2,7,255,938,250,0,0
stim,63979,94100,0,94100,3291424.454,-0.492,-0.053,0.108,0.862,3132,31,0,3213,1563,2491,281,2428,59,1.393,1,2124,0,33.391,3.362,-10.313,-23.375,-21.500,-0.215,-0.008,0.879,2.398,2.355,-1.406,0.322,0.092,1.186,1.351,2,NULL,NULL,,3,0,2,7,255,938,250,0,0
stim,63979,94100,0,94100,3291429.455,-0.494,-0.052,0.107,0.861,3127,37,0,3207,1622,2501,283,2453,59,1.393,1,2124,0,52.036,1.267,7.313,-18.875,-47.938,-0.031,0.266,1.137,0.941,0.848,-1.008,0.330,0.074,1.186,1.351,2,NULL,NULL,,3,0,2,7,255,938,250,0,0
stim,63979,94100,0,94100,3291434.453,-0.495,-0.052,0.106,0.861,3139,51,0,3209,1656,2508,278,2472,59,1.393,1,2124,0,46.283,2.437,-20.313,-14.938,-38.813,0.105,0.254,1.277,-2.285,0.848,1.383,0.338,0.060,1.186,1.351,2,NULL,NULL,,3,0,2,7,255,938,250,0,0
stim,64006,94127,0,94127,3291439.455,-0.496,-0.053,0.104,0.861,3127,59,0,3197,1690,2513,278,2483,59,1.393,1,2124,0,56.541,2.978,-51.938,-7.813,-20.938,0.000,0.082,1.125,-2.285,1.910,1.383,0.346,0.050,1.186,1.351,2,NULL,NULL,,3,0,2,7,255,938,250,0,0
stim,64006,94127,0,94127,3291444.454,-0.497,-0.054,0.102,0.860,3125,81,0,3205,1721,2511,275,2491,59,1.393,1,2124,0,58.281,2.131,-52.125,-2.625,-25.938,-0.164,0.063,0.949,-0.945,1.910,1.027,0.356,0.040,1.186,1.351,2,NULL,NULL,,3,0,2,7,255,938,250,0,0
stim,64006,94128,0,94128,3291449.455,-0.498,-0.054,0.100,0.859,3101,105,0,3206,1753,2525,269,2491,59,1.393,1,2124,0,52.492,0.673,-32.938,-3.875,-40.688,-0.152,0.129,0.906,-0.617,0.270,-0.340,0.364,0.034,1.186,1.351,2,NULL,NULL,,3,0,2,7,255,938,250,0,0
stim,64006,94128,0,94128,3291454.453,-0.500,-0.055,0.099,0.859,3127,107,0,3193,1768,2524,277,2513,59,1.393,1,2124,0,51.749,0.673,-18.188,-4.375,-48.250,-0.047,0.082,0.969,-0.617,0.270,-0.371,0.370,0.030,1.186,1.351,2,NULL,NULL,,3,0,2,7,255,938,250,0,0
stim,64039,94160,0,94160,3291459.455,-0.501,-0.055,0.098,0.858,3133,109,0,3192,1798,2523,268,2508,59,1.393,1,2124,0,41.256,1.324,-18.063,-3.375,-36.938,0.055,-0.027,1.035,-0.617,1.172,-0.371,0.376,0.026,1.186,1.351,2,NULL,NULL,,3,0,2,7,255,938,250,0,0
stim,64039,94160,0,94160,3291464.454,-0.502,-0.055,0.098,0.858,3129,119,0,3205,1800,2533,251,2507,59,1.393,1,2124,0,28.132,2.679,-21.375,-1.938,-18.188,0.043,-0.098,0.992,-0.352,2.656,-0.371,0.382,0.022,1.186,1.351,2,NULL,NULL,,3,0,2,7,255,938,250,0,0
stim,64039,94160,0,94160,3291469.455,-0.502,-0.056,0.097,0.857,3119,110,4,3195,1811,2532,244,2505,59,1.393,1,2124,0,16.419,2.656,-14.188,0.500,-8.250,-0.043,-0.016,0.941,0.016,2.656,-0.453,0.390,0.014,1.186,1.351,2,NULL,NULL,,3,0,2,7,255,938,250,0,0
stim,64039,94160,0,94160,3291474.454,-0.503,-0.056,0.097,0.857,3118,105,18,3183,1821,2522,235,2501,59,1.393,1,2124,0,8.276,1.586,-1.563,0.188,-8.125,-0.098,0.074,0.977,0.016,1.586,-0.453,0.400,0.006,1.186,1.351,2,NULL,NULL,,3,0,2,7,255,938,250,0,0
stim,64039,94160,0,94160,3291479.455,-0.503,-0.056,0.097,0.857,3128,104,23,3193,1829,2527,218,2505,59,1.393,1,2124,0,9.358,0.908,3.625,0.188,-8.625,-0.102,0.148,1.063,-0.500,0.758,-0.191,0.000,0.000,1.186,1.351,2,NULL,NULL,,3,0,2,7,255,938,250,0,0
stim,64062,94183,0,94183,3291484.454,-0.503,-0.055,0.097,0.857,3111,102,24,3187,1834,2519,218,2504,59,1.433,1,2124,1,5.021,1.284,-2.063,0.375,-4.563,-0.109,0.176,1.090,-1.156,0.559,0.672,0.000,0.000,1.136,1.390,2,NULL,NULL,,3,0,2,7,255,938,250,0,0
stim,64062,94183,0,94183,3291489.455,-0.503,-0.055,0.097,0.857,3103,103,37,3177,1837,2515,212,2501,59,1.433,1,2124,1,7.447,1.402,-7.375,-0.938,0.438,-0.129,0.195,1.059,-1.340,0.414,0.734,0.006,0.004,1.136,1.390,2,NULL,NULL,,3,0,2,7,255,938,250,0,0
stim,64062,94183,0,94183,3291494.453,-0.503,-0.056,0.096,0.857,3099,102,31,3163,1847,2514,209,2492,59,1.433,1,2124,1,10.118,1.342,-9.750,-1.750,2.063,-0.164,0.125,1.023,-1.340,0.082,0.734,0.012,0.006,1.136,1.390,2,NULL,NULL,,3,0,2,7,255,938,250,0,0
stim,64062,94183,0,94183,3291499.455,-0.503,-0.055,0.096,0.857,3101,99,37,3171,1851,2514,210,2509,59,1.433,1,2124,1,9.061,0.636,-6.813,-4.000,4.438,-0.168,0.121,0.992,-0.633,0.059,0.422,0.016,0.008,1.136,1.390,2,NULL,NULL,,3,0,2,7,255,938,250,0,0
stim,64062,94183,0,94183,3291504.454,-0.503,-0.055,0.096,0.857,3089,100,84,3157,1855,2504,207,2507,59,1.433,1,2124,1,6.943,0.560,-3.875,-5.063,2.750,-0.184,0.109,1.012,-0.559,-0.035,0.332,0.022,0.010,1.136,1.390,2,NULL,NULL,,3,0,2,7,255,938,250,0,0
stim,64062,94183,0,94183,3291509.455,-0.503,-0.055,0.095,0.858,3021,93,107,3154,1871,2507,207,2509,59,1.433,1,2124,1,8.484,0.565,-3.688,-7.000,3.063,-0.172,0.148,1.020,-0.559,-0.086,0.332,0.026,0.012,1.136,1.390,2,NULL,NULL,,3,0,2,7,255,938,250,0,0
stim,64062,94183,0,94183,3291514.453,-0.502,-0.055,0.095,0.858,3068,89,122,3130,1885,2503,217,2517,59,1.433,1,2124,1,9.761,0.682,-6.188,-7.313,1.875,-0.172,0.133,1.020,-0.676,-0.090,0.395,0.028,0.014,1.136,1.390,2,NULL,NULL,,3,0,2,7,255,938,250,0,0
stim,64090,94211,0,94211,3291519.455,-0.502,-0.055,0.094,0.858,3053,87,137,3123,1895,2494,215,2521,59,1.433,1,2124,1,12.343,0.682,-8.688,-8.688,1.188,-0.164,0.090,0.988,-0.676,-0.090,0.395,0.032,0.014,1.136,1.390,2,NULL,NULL,,3,0,2,7,255,938,250,0,0
stim,64090,94211,0,94211,3291524.454,-0.502,-0.054,0.094,0.858,3031,89,141,3117,1899,2493,215,2521,59,1.433,1,2124,1,11.844,0.343,-7.625,-8.938,1.500,-0.160,0.055,0.965,-0.328,0.102,0.055,0.034,0.016,1.136,1.390,2,NULL,NULL,,3,0,2,7,255,938,250,0,0
stim,64090,94211,0,94211,3291529.455,-0.502,-0.054,0.094,0.858,3027,81,168,3107,1927,2489,234,2531,59,1.433,1,2124,1,10.729,0.248,-3.813,-9.875,-1.750,-0.145,0.047,0.953,-0.055,0.242,-0.203,0.038,0.018,1.136,1.390,2,NULL,NULL,,3,0,2,7,255,938,250,0,0
stim,64090,94211,0,94211,3291534.453,-0.503,-0.054,0.093,0.858,3013,87,183,3091,1941,2483,261,2546,59,1.433,1,2124,1,10.254,0.387,0.125,-10.250,-0.250,-0.133,0.043,0.969,-0.055,0.383,-0.246,0.040,0.018,1.136,1.390,2,NULL,NULL,,3,0,2,7,255,938,250,0,0
stim,64090,94211,0,94211,3291539.455,-0.503,-0.053,0.093,0.858,2963,89,216,3079,1971,2487,279,2549,59,1.433,1,2124,1,11.364,0.388,1.563,-11.250,0.375,-0.160,0.074,0.984,-0.063,0.383,-0.246,0.042,0.018,1.136,1.390,2,NULL,NULL,,3,0,2,7,255,938,250,0,0
stim,64090,94211,0,94211,3291544.454,-0.503,-0.053,0.093,0.858,2979,95,251,3055,1991,2485,291,2558,59,1.433,1,2124,1,12.378,0.273,1.563,-12.125,-1.938,-0.215,0.105,0.996,-0.219,0.164,-0.031,0.042,0.018,1.136,1.390,2,NULL,NULL,,3,0,2,7,255,938,250,0,0
stim,64114,94235,0,94235,3291549.455,-0.503,-0.052,0.093,0.858,2955,103,309,3045,2006,2477,299,2577,59,1.433,1,2124,1,16.718,0.474,0.938,-13.125,-10.313,-0.230,0.160,1.008,-0.223,-0.418,0.234,0.044,0.016,1.136,1.390,2,NULL,NULL,,3,0,2,7,255,938,250,0,0
stim,64114,94235,0,94235,3291554.454,-0.504,-0.052,0.092,0.857,2931,121,348,3035,2039,2479,329,2588,59,1.433,1,2124,1,24.290,0.840,-0.188,-13.125,-20.438,-0.199,0.180,1.012,-0.570,-0.617,0.379,0.046,0.014,1.136,1.390,2,NULL,NULL,,3,0,2,7,255,938,250,0,0
stim,64145,94266,0,94266,3291559.455,-0.505,-0.051,0.092,0.857,2907,122,431,3003,2068,2483,349,2603,59,1.433,1,2124,1,28.274,0.840,-3.250,-14.063,-24.313,-0.160,0.117,1.008,-0.570,-0.617,0.379,0.046,0.012,1.136,1.390,2,NULL,NULL,,3,0,2,7,255,938,250,0,0
stim,64145,94266,0,94266,3291564.453,-0.506,-0.051,0.091,0.856,2873,123,501,2991,2103,2477,404,2619,59,1.433,1,2124,1,28.420,0.544,-6.500,-15.563,-22.875,-0.160,0.063,0.988,-0.543,-0.027,0.238,0.048,0.010,1.136,1.390,2,NULL,NULL,,3,0,2,7,255,938,250,0,0
stim,64145,94266,0,94266,3291569.455,-0.507,-0.051,0.091,0.856,2851,143,613,2967,2163,2479,447,2635,59,1.433,1,2124,1,29.353,0.079,-7.688,-16.625,-22.938,-0.199,0.066,0.965,-0.074,-0.027,0.008,0.048,0.010,1.136,1.390,2,NULL,NULL,,3,0,2,7,255,938,250,0,0
stim,64145,94266,0,94266,3291574.454,-0.508,-0.050,0.090,0.855,2826,155,691,2949,2204,2487,537,2651,59,1.433,1,2124,1,34.578,0.246,-3.438,-17.813,-29.438,-0.195,0.137,0.965,-0.074,-0.234,-0.102,0.050,0.010,1.136,1.390,2,NULL,NULL,,3,0,2,7,255,938,250,0,0
stim,64145,94266,0,94266,3291579.455,-0.509,-0.049,0.090,0.855,2779,165,765,2921,2268,2487,600,2661,59,1.433,1,2124,1,38.945,0.665,0.063,-18.188,-34.438,-0.160,0.184,1.012,-0.555,-0.367,-0.102,0.050,0.012,1.136,1.390,2,NULL,NULL,,3,0,2,7,255,938,250,0,0
stim,64145,94266,0,94266,3291584.453,-0.510,-0.049,0.089,0.854,2761,189,879,2891,2316,2493,669,2671,59,1.433,1,2124,1,40.995,1.014,-7.125,-18.875,-35.688,-0.160,0.160,1.074,-0.945,-0.367,0.324,0.052,0.018,1.136,1.390,2,NULL,NULL,,3,0,2,7,255,938,250,0,0
stim,64145,94266,0,94266,3291589.455,-0.512,-0.049,0.088,0.853,2708,211,1033,2871,2358,2505,805,2695,59,1.433,1,2124,1,45.907,0.969,-18.125,-18.938,-37.688,-0.160,0.152,1.047,-0.945,-0.211,0.637,0.054,0.022,1.136,1.390,2,NULL,NULL,,3,0,2,7,255,938,250,0,0
stim,64145,94266,0,94266,3291594.454,-0.513,-0.048,0.087,0.852,2643,237,1167,2845,2409,2507,951,2703,59,1.433,1,2124,1,49.861,0.969,-22.438,-20.188,-39.688,-0.160,0.184,1.008,-0.945,-0.211,0.637,0.056,0.030,1.136,1.390,2,NULL,NULL,,3,0,2,7,255,938,250,0,0
stim,64145,94266,0,94266,3291599.455,-0.515,-0.048,0.085,0.852,2586,239,1291,2805,2463,2513,1079,2725,59,1.433,1,2124,1,55.629,1.213,-24.625,-21.125,-45.188,-0.191,0.195,1.016,-1.133,-0.434,0.422,0.058,0.038,1.136,1.390,2,NULL,NULL,,3,0,2,7,255,938,250,0,0
stim,64145,94266,0,94266,3291604.453,-0.517,-0.048,0.084,0.851,2522,251,1451,2781,2518,2509,1195,2735,59,1.433,1,2124,1,64.778,1.257,-26.375,-20.500,-55.500,-0.168,0.184,1.023,-1.145,-0.520,0.422,0.062,0.046,1.136,1.390,2,NULL,NULL,,3,0,2,7,255,938,250,0,0
stim,64175,94296,0,94296,3291609.455,-0.519,-0.048,0.082,0.849,2447,270,1604,2749,2549,2513,1321,2749,59,1.433,1,2124,1,71.831,1.246,-30.563,-20.500,-61.688,-0.129,0.113,1.023,-1.133,-0.520,0.422,0.068,0.054,1.136,1.390,2,NULL,NULL,,3,0,2,7,255,938,250,0,0
stim,64175,94296,0,94296,3291614.454,-0.522,-0.048,0.080,0.848,2329,267,1757,2711,2604,2519,1451,2775,59,1.433,1,2124,1,76.482,0.739,-40.000,-21.438,-61.563,-0.137,0.008,1.043,-0.734,0.086,0.441,0.072,0.064,1.136,1.390,2,NULL,NULL,,3,0,2,7,255,938,250,0,0
stim,64175,94296,0,94296,3291619.455,-0.524,-0.049,0.077,0.847,2281,286,1893,2665,2642,2524,1587,2793,59,1.433,1,2124,1,83.781,0.528,-51.188,-22.375,-62.438,-0.156,-0.066,1.039,0.156,0.504,0.438,0.076,0.072,1.136,1.390,2,NULL,NULL,,3,0,2,7,255,938,250,0,0
stim,64175,94296,0,94296,3291624.454,-0.526,-0.050,0.074,0.846,2197,309,2020,2618,2679,2527,1694,2814,59,1.433,1,2124,0,95.803,1.006,-64.563,-24.750,-66.313,-0.184,-0.102,1.066,0.871,0.504,0.473,0.082,0.080,1.136,1.390,2,NULL,NULL,,3,0,2,7,255,938,250,0,0
stim,64175,94296,0,94296,3291629.455,-0.529,-0.051,0.070,0.844,2073,311,2169,2580,2717,2535,1813,2827,59,1.433,1,2124,0,110.536,1.083,-77.375,-25.000,-74.875,-0.180,-0.078,1.043,0.961,0.500,0.535,0.086,0.088,1.136,1.390,2,NULL,NULL,,3,0,2,7,255,938,250,0,0
stim,64175,94296,0,94296,3291634.454,-0.532,-0.052,0.066,0.843,1973,309,2279,2489,2755,2548,1915,2845,59,1.433,1,2124,0,115.110,1.083,-80.438,-26.750,-77.875,-0.109,-0.031,0.930,0.961,0.500,0.535,0.090,0.092,1.136,1.390,2,NULL,NULL,,3,0,2,7,255,938,250,0,0
stim,64209,94330,0,94330,3291639.455,-0.534,-0.052,0.062,0.841,1847,310,2365,2412,2781,2549,2012,2863,59,1.433,1,2124,0,102.575,0.567,-69.063,-29.188,-70.000,-0.066,-0.012,0.891,0.227,0.520,-0.652,0.090,0.092,1.136,1.390,2,NULL,NULL,,3,0,2,7,255,938,250,0,0
stim,64209,94330,0,94330,3291644.453,-0.536,-0.053,0.059,0.840,1681,301,2471,2325,2819,2547,2117,2877,59,1.433,1,2124,0,90.235,0.702,-57.563,-31.750,-61.813,-0.094,-0.055,0.953,0.227,0.664,-0.652,0.090,0.094,1.136,1.390,2,NULL,NULL,,3,0,2,7,255,938,250,0,0
stim,64209,94330,0,94330,3291649.455,-0.538,-0.053,0.056,0.839,1477,268,2535,2218,2840,2555,2232,2892,59,1.433,1,2124,0,83.273,0.746,-52.563,-34.563,-54.563,-0.113,-0.102,0.980,0.270,0.695,-0.461,0.088,0.092,1.136,1.390,2,NULL,NULL,,3,0,2,7,255,938,250,0,0
stim,64209,94330,0,94330,3291654.454,-0.540,-0.053,0.053,0.838,1271,251,2589,2103,2860,2548,2313,2907,59,1.433,1,2124,0,80.610,1.011,-49.500,-35.938,-52.500,-0.105,-0.113,0.992,0.734,0.695,-0.168,0.086,0.092,1.136,1.390,2,NULL,NULL,,3,0,2,7,255,938,250,0,0
stim,64243,94364,0,94364,3291659.455,-0.542,-0.052,0.051,0.837,1076,247,2637,1912,2889,2543,2401,2923,59,1.433,1,2124,0,76.402,1.011,-42.125,-37.813,-51.313,-0.105,-0.070,0.992,0.734,0.695,-0.055,0.084,0.090,1.136,1.390,2,NULL,NULL,,3,0,2,7,255,938,250,0,0
stim,64243,94364,0,94364,3291664.453,-0.544,-0.052,0.048,0.836,877,217,2671,1701,2909,2541,2459,2933,59,1.433,1,2124,0,72.403,0.715,-36.563,-39.563,-48.375,-0.082,-0.035,1.023,0.367,0.613,-0.051,0.082,0.090,1.136,1.390,2,NULL,NULL,,3,0,2,7,255,938,250,0,0
stim,64243,94364,0,94364,3291669.455,-0.545,-0.051,0.046,0.835,631,169,2703,1418,2924,2536,2531,2935,59,1.433,1,2124,0,68.764,0.620,-32.563,-40.813,-44.750,-0.051,-0.047,1.027,-0.094,0.613,0.227,0.082,0.090,1.136,1.390,2,NULL,NULL,,3,0,2,7,255,938,250,0,0
stim,64243,94364,0,94364,3291674.454,-0.546,-0.050,0.044,0.835,407,89,2739,1135,2939,2535,2583,2944,59,1.433,1,2124,0,59.021,0.884,-26.750,-43.563,-29.500,-0.035,-0.063,1.020,-0.094,0.879,0.227,0.082,0.090,1.136,1.390,2,NULL,NULL,,3,0,2,7,255,938,250,0,0
stim,64243,94364,0,94364,3291679.455,-0.547,-0.049,0.041,0.835,199,73,2771,891,2968,2525,2631,2963,59,1.433,1,2124,0,53.974,0.880,-22.250,-45.688,-18.188,-0.059,-0.066,1.027,-0.051,0.879,0.250,0.084,0.092,1.136,1.390,2,NULL,NULL,,3,0,2,7,255,938,250,0,0
stim,64243,94364,0,94364,3291684.453,-0.547,-0.048,0.039,0.835,71,29,2803,599,2972,2521,2659,2983,59,1.433,1,2124,0,53.999,0.794,-18.938,-49.000,-12.500,-0.102,-0.090,1.047,0.090,0.789,0.266,0.084,0.092,1.136,1.390,2,NULL,NULL,,3,0,2,7,255,938,250,0,0
stim,64243,94364,0,94364,3291689.455,-0.548,-0.046,0.038,0.834,13,0,2811,419,2988,2500,2713,2985,59,1.433,1,2124,0,57.466,0.466,-16.938,-52.625,-15.688,-0.129,-0.039,1.066,0.090,0.457,0.508,0.088,0.092,1.136,1.390,2,NULL,NULL,,3,0,2,7,255,938,250,0,0
stim,64243,94364,0,94364,3291694.454,-0.549,-0.044,0.035,0.834,0,0,2839,261,2997,2475,2747,2988,59,1.433,1,2124,0,65.308,0.068,-18.375,-56.375,-27.375,-0.098,0.004,1.027,0.063,0.027,0.508,0.090,0.094,1.136,1.390,2,NULL,NULL,,3,0,2,7,255,938,250,0,0
stim,64264,94385,0,94385,3291699.455,-0.550,-0.042,0.034,0.833,0,0,2853,159,3025,2455,2783,2991,59,1.433,1,2124,0,70.198,0.063,-7.250,-60.125,-35.500,-0.125,-0.035,1.012,0.063,0.004,0.305,0.096,0.094,1.136,1.390,2,NULL,NULL,,3,0,2,7,255,938,250,0,0
stim,64264,94385,0,94385,3291704.453,-0.551,-0.039,0.033,0.833,0,0,2856,112,3027,2429,2800,2994,59,1.433,1,2124,0,83.657,0.165,41.500,-72.063,-9.125,-0.387,-0.176,1.207,0.086,-0.141,0.305,0.100,0.096,1.136,1.390,2,NULL,NULL,,3,0,2,7,255,938,250,0,0
stim,64264,94385,0,94385,3291709.455,-0.551,-0.035,0.034,0.833,0,0,2863,69,3039,2408,2827,3007,59,1.433,1,2124,0,110.561,2.924,69.500,-84.250,-17.188,-0.504,-0.188,1.527,2.285,-1.824,2.387,0.106,0.100,1.136,1.390,2,NULL,NULL,,3,0,2,7,255,938,250,0,0
stim,64264,94385,0,94385,3291714.454,-0.553,-0.030,0.034,0.832,0,0,2863,6,3045,2362,2860,3004,59,1.433,1,2124,0,121.961,3.471,68.375,-92.625,-40.250,-0.445,-0.004,1.824,2.285,-2.613,5.574,0.106,0.104,1.136,1.390,3,NULL,NULL,,3,0,2,7,255,938,250,0,0
stim,64264,94385,0,94385,3291719.455,-0.554,-0.025,0.033,0.832,0,0,2872,0,3055,2323,2891,3007,59,1.433,1,2124,0,107.839,2.766,26.938,-101.625,-24.000,-0.145,0.328,1.859,0.906,-2.613,8.406,0.104,0.110,1.136,1.390,3,NULL,NULL,,3,0,2,7,255,938,250,0,0
stim,64264,94385,0,94385,3291724.454,-0.554,-0.022,0.029,0.832,0,0,2868,0,3064,2251,2903,3019,59,1.433,1,2124,0,109.338,3.407,-39.063,-101.625,-10.063,0.008,0.359,1.559,-3.141,-1.320,8.406,0.102,0.118,1.136,1.390,3,NULL,NULL,,3,0,2,7,255,938,250,0,0
stim,64294,94415,0,94415,3291729.455,-0.553,-0.019,0.025,0.832,0,0,2872,0,3067,2175,2922,3007,59,1.433,1,2124,0,119.525,3.366,-42.188,-109.375,23.313,-0.074,0.309,1.328,-3.141,-1.211,5.402,0.100,0.126,1.136,1.390,3,NULL,NULL,,3,0,2,7,255,938,250,0,0
stim,64294,94415,0,94415,3291734.454,-0.552,-0.015,0.022,0.834,0,0,2871,0,3067,2077,2927,3015,59,1.433,1,2124,0,131.268,3.268,-16.188,-120.750,48.875,-0.250,0.305,1.359,-3.035,-1.211,3.570,0.098,0.134,1.136,1.390,3,NULL,NULL,,3,0,2,7,255,938,250,0,0
stim,64294,94415,0,94415,3291739.455,-0.550,-0.011,0.019,0.835,0,0,2861,0,3092,1944,2943,3015,59,1.433,1,2124,0,137.125,3.703,-4.063,-130.000,43.438,-0.391,0.262,1.457,-2.289,-2.910,3.570,0.098,0.142,1.136,1.390,3,NULL,NULL,,3,0,2,7,255,938,250,0,0
stim,64294,94415,0,94415,3291744.453,-0.549,-0.006,0.016,0.836,0,0,2855,0,3089,1799,2959,3003,59,1.433,1,2124,0,141.250,4.134,-9.438,-138.563,25.750,-0.395,0.164,1.543,-1.320,-3.918,4.582,0.098,0.152,1.136,1.390,3,NULL,NULL,,3,0,2,7,255,938,250,0,0
stim,64294,94415,0,94415,3291749.455,-0.548,-0.001,0.011,0.836,0,0,2843,0,3095,1613,2971,2991,59,1.433,1,2124,0,150.330,3.935,-24.563,-146.938,20.125,-0.293,0.031,1.570,-0.363,-3.918,5.398,0.100,0.164,1.136,1.390,3,NULL,NULL,,3,0,2,7,255,938,250,0,0
stim,64294,94415,0,94415,3291754.454,-0.547,0.003,0.006,0.837,0,0,2830,0,3102,1353,2975,2988,59,1.433,1,2124,0,163.230,2.724,-42.438,-154.625,30.563,-0.227,-0.074,1.477,0.488,-2.680,5.398,0.100,0.174,1.136,1.390,3,NULL,NULL,,3,0,2,7,255,938,250,0,0
stim,64340,94461,0,94461,3291759.455,-0.545,0.008,0.000,0.838,0,0,2813,0,3102,1095,2990,2989,59,1.433,1,2124,0,176.042,2.580,-55.188,-162.125,40.750,-0.270,-0.121,1.313,1.242,-2.262,4.676,0.100,0.186,1.136,1.390,3,NULL,NULL,,3,0,2,7,255,938,250,0,0
stim,64340,94461,0,94461,3291764.453,-0.543,0.012,-0.005,0.839,0,0,2775,0,3099,799,3014,2959,59,1.433,1,2124,0,185.671,2.920,-45.625,-174.000,46.000,-0.297,-0.113,1.242,1.848,-2.262,3.031,0.098,0.198,1.136,1.390,3,NULL,NULL,,3,0,2,7,255,938,250,0,0
stim,64340,94461,0,94461,3291769.455,-0.541,0.019,-0.011,0.840,0,0,2735,0,3107,565,3015,2957,59,1.433,1,2124,0,193.148,3.321,-24.938,-185.500,47.688,-0.344,-0.082,1.234,1.930,-2.703,2.313,0.098,0.210,1.136,1.390,3,NULL,NULL,,3,0,2,7,255,938,250,0,0
stim,64340,94461,0,94461,3291774.454,-0.539,0.026,-0.015,0.842,0,0,2701,0,3111,403,3019,2936,59,1.433,1,2124,0,203.816,3.898,-3.750,-198.063,47.938,-0.340,-0.059,1.273,1.930,-3.387,2.313,0.098,0.220,1.136,1.390,3,NULL,NULL,,3,0,2,7,255,938,250,0,0
stim,64340,94461,0,94461,3291779.455,-0.537,0.033,-0.020,0.843,0,0,2645,0,3101,213,3037,2892,59,1.433,1,2124,0,217.213,4.069,6.500,-211.500,49.063,-0.254,0.055,1.391,1.777,-3.660,2.461,0.098,0.234,1.136,1.390,3,NULL,NULL,,3,0,2,7,255,938,250,0,0
stim,64340,94461,0,94461,3291784.453,-0.535,0.041,-0.025,0.844,0,0,2585,0,3095,111,3031,2858,59,1.433,1,2124,0,226.684,3.715,7.313,-220.563,51.813,-0.211,0.191,1.477,0.563,-3.672,3.566,0.100,0.246,1.136,1.390,3,NULL,NULL,,3,0,2,7,255,938,250,0,0
stim,64362,94483,0,94483,3291789.455,-0.532,0.050,-0.030,0.845,0,0,2503,0,3089,67,3031,2811,59,1.433,1,2124,0,236.107,4.203,4.188,-229.438,55.563,-0.238,0.305,1.574,-0.676,-4.148,4.352,0.104,0.262,1.136,1.390,3,NULL,NULL,,3,0,2,7,255,938,250,0,0
stim,64362,94483,0,94483,3291794.453,-0.530,0.058,-0.036,0.845,0,0,2403,0,3087,31,3038,2770,59,1.433,1,2124,0,244.996,5.420,-11.500,-238.750,53.750,-0.273,0.367,1.707,-1.406,-5.234,5.152,0.112,0.276,1.136,1.390,3,NULL,NULL,,3,0,2,7,255,938,250,0,0
stim,64362,94483,0,94483,3291799.455,-0.527,0.066,-0.043,0.846,0,0,2279,0,3078,73,3047,2699,59,1.433,1,2124,0,251.172,6.433,-28.875,-246.125,40.938,-0.375,0.336,1.859,-1.406,-6.277,6.289,0.120,0.292,1.136,1.390,3,NULL,NULL,,3,0,2,7,255,938,250,0,0
stim,64362,94483,0,94483,3291804.454,-0.526,0.075,-0.050,0.846,0,0,2128,0,3047,84,3033,2622,59,1.433,1,2124,0,262.878,7.647,-31.188,-259.563,27.563,-0.535,0.238,2.238,-0.754,-7.609,7.504,0.134,0.310,1.136,1.390,3,NULL,NULL,,3,0,2,7,255,938,250,0,0
stim,64362,94483,0,94483,3291809.455,-0.524,0.085,-0.057,0.845,0,0,1961,0,3043,94,3014,2521,59,1.433,1,2124,0,280.339,9.647,-14.438,-279.313,19.125,-0.766,0.164,2.695,1.117,-9.582,10.742,0.150,0.330,1.136,1.390,3,NULL,NULL,,3,0,2,7,255,938,250,0,0
stim,64362,94483,0,94483,3291814.453,-0.522,0.095,-0.066,0.845,0,0,1803,0,3021,93,2999,2391,59,1.433,1,2124,0,315.719,12.806,-49.063,-310.750,26.563,-0.898,0.402,3.027,2.121,-12.629,14.449,0.174,0.356,1.136,1.390,3,NULL,NULL,,3,0,2,7,255,938,250,0,0
stim,64391,94512,0,94512,3291819.455,-0.521,0.106,-0.078,0.844,0,0,1658,0,2980,97,2975,2233,59,1.433,1,2124,0,355.586,16.268,-98.188,-341.438,14.875,-1.020,0.762,3.074,2.121,-16.129,16.293,0.202,0.386,1.136,1.390,3,NULL,NULL,,3,0,2,7,255,938,250,0,0
stim,64391,94512,0,94512,3291824.454,-0.520,0.116,-0.092,0.842,0,0,1560,0,2955,99,2953,2097,59,1.433,1,2124,0,400.425,19.609,-146.000,-372.813,-5.938,-0.996,1.125,3.031,-0.359,-19.605,16.293,0.236,0.424,1.136,1.390,3,NULL,NULL,,3,0,2,7,255,938,250,0,0
stim,64391,94512,0,94512,3291829.455,-0.519,0.127,-0.107,0.838,0,0,1429,0,2909,111,2901,1941,59,1.433,1,2124,0,443.118,22.040,-185.813,-401.375,-26.938,-0.934,1.195,2.875,-3.637,-21.738,15.059,0.280,0.472,1.136,1.390,3,NULL,NULL,,3,0,2,7,255,938,250,0,0
stim,64391,94512,0,94512,3291834.453,-0.519,0.138,-0.124,0.834,0,0,1321,0,2855,111,2835,1827,59,1.433,1,2124,0,471.613,22.040,-199.250,-426.375,-30.375,-0.914,0.961,2.691,-3.637,-21.738,12.910,0.336,0.530,1.136,1.390,3,NULL,NULL,,3,0,2,7,255,938,250,0,0
stim,64391,94512,0,94512,3291839.455,-0.518,0.150,-0.142,0.830,0,0,1189,0,2777,97,2751,1703,59,1.433,1,2124,0,495.848,21.257,-193.688,-455.813,-24.188,-0.934,0.551,2.633,-2.895,-21.059,10.621,0.402,0.600,1.136,1.390,3,NULL,NULL,,3,0,2,7,255,938,250,0,0
stim,64391,94512,0,94512,3291844.454,-0.516,0.163,-0.159,0.826,0,0,1018,0,2686,85,2630,1590,59,1.433,1,2124,0,508.980,20.870,-176.250,-477.063,-20.188,-0.945,0.461,2.656,0.766,-20.855,9.551,0.480,0.680,1.136,1.390,3,NULL,NULL,,3,0,2,7,255,938,250,0,0
stim,64414,94535,0,94535,3291849.455,-0.515,0.178,-0.175,0.820,0,0,861,0,2569,73,2473,1438,59,1.433,1,2124,0,516.555,20.918,-154.188,-491.625,-36.875,-1.004,0.516,2.840,1.613,-20.855,9.156,0.568,0.768,1.136,1.390,3,NULL,NULL,,3,0,2,7,255,938,250,0,0
stim,64414,94535,0,94535,3291854.453,-0.513,0.193,-0.192,0.814,0,0,725,0,2409,45,2271,1257,59,1.433,1,2124,0,528.477,23.250,-149.563,-504.688,-47.000,-0.938,0.355,3.098,1.645,-23.191,9.156,0.660,0.862,1.136,1.390,3,NULL,NULL,,3,0,2,7,255,938,250,0,0
stim,64445,94566,0,94566,3291859.455,-0.510,0.208,-0.209,0.808,0,0,493,0,2195,0,1979,1076,59,1.433,1,2124,0,544.257,24.452,-160.188,-519.000,-34.563,-0.930,-0.043,3.207,3.105,-24.254,10.801,0.758,0.964,1.136,1.390,3,NULL,NULL,,3,0,2,7,255,938,250,0,0
stim,64445,94566,0,94566,3291864.454,-0.506,0.222,-0.228,0.802,0,0,303,0,1904,0,1639,920,59,1.433,1,2124,0,573.986,25.200,-201.563,-537.313,11.313,-0.934,-0.383,2.879,6.840,-24.254,10.801,0.862,1.068,1.136,1.390,3,NULL,NULL,,3,0,2,7,255,938,250,0,0
stim,64445,94566,0,94566,3291869.455,-0.501,0.236,-0.247,0.795,0,0,229,0,1597,0,1213,764,59,1.433,1,2124,0,588.152,24.145,-204.313,-551.438,9.813,-0.832,-0.531,2.234,9.605,-22.152,7.840,0.970,1.180,1.136,1.390,3,NULL,NULL,,3,0,2,7,255,938,250,0,0
stim,64445,94566,0,94566,3291874.454,-0.495,0.253,-0.265,0.788,0,0,99,0,1207,0,647,632,59,1.433,1,2124,0,584.399,20.244,-127.250,-570.250,12.000,-0.797,-0.484,1.828,9.605,-17.820,2.703,1.082,1.296,1.136,1.390,3,NULL,NULL,,3,0,2,7,255,938,250,0,0
stim,64445,94566,0,94566,3291879.455,-0.487,0.271,-0.279,0.782,0,0,92,0,763,0,159,509,59,1.433,1,2124,0,584.907,20.044,-38.375,-582.563,35.563,-0.738,0.008,2.008,9.176,-17.820,-1.031,1.192,1.412,1.136,1.390,3,NULL,NULL,,3,0,2,7,255,938,250,0,0
stim,64445,94566,0,94566,3291884.454,-0.476,0.290,-0.292,0.777,0,0,43,0,283,0,0,452,59,1.433,1,2124,0,593.470,19.160,16.313,-587.438,82.813,-1.199,0.422,2.441,5.016,-18.492,-1.227,1.302,1.524,1.136,1.390,3,NULL,NULL,,3,0,2,7,255,938,250,0,0
stim,64445,94566,0,94566,3291889.455,-0.464,0.307,-0.307,0.772,0,0,19,0,0,0,0,416,59,1.433,1,2124,0,606.610,26.275,-29.938,-589.250,140.938,-1.500,0.934,2.555,4.027,-25.965,-3.492,1.400,1.628,1.136,1.390,3,NULL,NULL,,3,0,2,7,255,938,250,0,0
stim,64445,94566,0,94566,3291894.453,-0.455,0.321,-0.324,0.765,0,0,18,0,0,0,0,363,59,1.433,1,2124,0,572.070,29.772,-152.000,-546.688,72.750,-1.230,1.531,2.367,1.246,-29.746,-7.418,1.492,1.724,1.136,1.390,3,NULL,NULL,,3,0,2,7,255,938,250,0,0
stim,64445,94566,0,94566,3291899.455,-0.451,0.331,-0.344,0.754,0,0,12,0,0,0,0,294,59,1.433,1,2124,0,560.721,30.211,-295.063,-476.438,18.813,-0.805,1.875,1.887,-5.277,-29.746,-9.203,1.586,1.820,1.136,1.390,4,NULL,NULL,,3,0,2,7,255,938,250,0,0
stim,64445,94566,0,94566,3291904.454,-0.448,0.332,-0.368,0.744,0,0,11,0,0,0,0,187,59,1.433,1,2124,0,612.941,26.852,-462.750,-384.500,117.125,-1.164,1.719,1.105,-9.738,-25.023,-10.574,1.692,1.932,1.136,1.390,0,NULL,NULL,,3,0,2,7,255,938,250,0,0
stim,64475,94596,0,94596,3291909.455,-0.445,0.324,-0.396,0.734,0,0,16,0,0,0,0,141,59,1.433,1,2124,0,700.278,22.141,-616.750,-259.750,206.250,-1.109,2.332,-0.426,-10.973,-19.230,-18.254,1.816,2.060,1.136,1.390,0,NULL,NULL,,3,0,2,7,255,938,250,0,0
stim,64475,94596,0,94596,3291914.453,-0.447,0.319,-0.413,0.727,0,0,10,0,0,0,0,85,59,1.433,1,2124,0,434.928,11.966,-411.875,-121.563,68.875,-0.832,1.367,-1.234,-9.918,-6.695,-26.422,1.950,2.194,1.136,1.390,0,NULL,NULL,,3,0,2,7,255,938,250,0,0
stim,64475,94596,0,94596,3291919.455,-0.448,0.320,-0.413,0.725,0,0,7,0,0,0,0,100,59,1.433,1,2124,0,61.000,10.107,-30.000,-17.563,-50.125,-0.910,-0.840,-0.406,-9.918,1.945,-26.422,2.080,2.326,1.136,1.390,0,NULL,NULL,,3,0,2,7,255,938,250,0,0
stim,64475,94596,0,94596,3291924.454,-0.450,0.321,-0.409,0.727,0,0,4,0,0,0,0,110,59,1.433,1,2124,0,120.968,10.902,95.813,56.750,-47.250,-1.129,-1.699,1.414,10.727,1.945,-16.340,2.190,2.438,1.136,1.390,0,NULL,NULL,,3,0,2,7,255,938,250,0,0
stim,64475,94596,0,94596,3291929.455,-0.454,0.316,-0.408,0.727,0,0,4,0,0,0,0,91,59,1.433,1,2124,0,154.356,17.548,-64.813,137.875,-24.813,-1.324,-0.656,1.848,11.961,-12.840,-10.191,2.272,2.522,1.136,1.390,0,NULL,NULL,,3,0,2,7,255,938,250,0,0
stim,64475,94596,0,94596,3291934.453,-0.461,0.306,-0.409,0.726,0,0,1,0,0,0,0,45,59,1.433,1,2124,0,286.936,18.791,-197.625,207.438,-15.688,-1.285,1.047,0.805,11.961,-14.492,-10.191,2.324,2.576,1.136,1.390,0,NULL,NULL,,3,0,2,7,255,938,250,0,0
stim,64508,94629,0,94629,3291939.455,-0.467,0.295,-0.409,0.726,0,0,0,0,0,0,0,33,59,1.433,1,2124,0,283.598,15.136,-149.875,240.750,2.125,-1.238,1.980,0.090,-4.367,-14.492,-19.809,2.366,2.620,1.136,1.390,0,NULL,NULL,,3,0,2,7,255,938,250,0,0
stim,64508,94629,0,94629,3291944.453,-0.472,0.287,-0.405,0.729,0,0,0,0,0,0,0,27,59,1.433,1,2124,0,248.012,15.591,-29.813,246.063,8.625,-1.320,1.711,0.262,-10.484,-11.539,-24.531,2.412,2.670,1.136,1.390,0,NULL,NULL,,3,0,2,7,255,938,250,0,0
stim,64508,94629,0,94629,3291949.455,-0.477,0.279,-0.399,0.732,0,0,0,0,0,0,0,31,59,1.433,1,2124,0,249.732,15.591,9.813,249.500,-4.438,-1.336,0.723,0.844,-10.484,-11.539,-24.531,2.462,2.724,1.136,1.390,0,NULL,NULL,,3,0,2,7,255,938,250,0,0
stim,64508,94629,0,94629,3291954.454,-0.482,0.270,-0.395,0.733,0,0,0,0,0,0,0,31,59,1.433,1,2124,0,258.850,13.673,-46.375,254.438,-10.688,-1.180,0.078,0.922,-1.543,-13.586,-18.250,2.512,2.776,1.136,1.390,0,NULL,NULL,,3,0,2,7,255,938,250,0,0
stim,64543,94664,0,94664,3291959.455,-0.488,0.260,-0.393,0.735,0,0,0,0,0,0,0,43,59,1.433,1,2124,0,276.524,13.786,-99.500,258.000,1.000,-0.965,0.125,0.398,2.340,-13.586,-15.332,2.558,2.824,1.136,1.390,0,NULL,NULL,,3,0,2,7,255,938,250,0,0
stim,64543,94664,0,94664,3291964.453,-0.493,0.250,-0.390,0.736,0,0,0,0,0,0,0,42,59,1.433,1,2124,0,273.491,8.733,-83.938,259.625,18.625,-0.816,0.465,-0.152,2.340,-8.414,-15.332,2.606,2.874,1.136,1.390,0,NULL,NULL,,3,0,2,7,255,938,250,0,0
stim,64543,94664,0,94664,3291969.455,-0.497,0.240,-0.386,0.739,0,0,0,0,0,0,0,43,59,1.433,1,2124,0,267.046,4.095,-24.500,264.250,29.750,-0.734,0.617,-0.313,-1.098,-3.945,-18.254,2.658,2.928,1.136,1.390,0,NULL,NULL,,3,0,2,7,255,938,250,0,0
stim,64543,94664,0,94664,3291974.454,-0.501,0.232,-0.379,0.743,0,0,0,0,0,0,0,37,59,1.433,1,2124,0,279.469,3.906,28.313,275.625,36.500,-0.656,0.520,-0.180,-2.148,-3.262,-18.254,2.710,2.982,1.136,1.390,0,NULL,NULL,,3,0,2,7,255,938,250,0,0
stim,64543,94664,0,94664,3291979.455,-0.503,0.222,-0.371,0.748,0,0,0,0,0,0,0,33,59,1.433,1,2124,0,304.995,3.630,52.125,295.125,56.625,-0.414,0.270,-0.004,-2.148,-2.926,-17.289,2.758,3.032,1.136,1.390,0,NULL,NULL,,3,0,2,7,255,938,250,0,0
stim,64543,94664,0,94664,3291984.453,-0.505,0.212,-0.363,0.754,0,0,0,0,0,0,0,34,59,1.433,1,2124,0,331.953,3.384,63.125,310.375,99.375,-0.563,0.285,0.137,-0.902,-3.262,-13.734,2.798,3.078,1.136,1.390,0,NULL,NULL,,3,0,2,7,255,938,250,0,0
stim,64543,94664,0,94664,3291989.455,-0.507,0.202,-0.354,0.759,0,0,0,0,0,0,0,17,59,1.433,1,2124,0,344.115,5.073,69.000,327.313,80.750,-0.855,0.465,0.230,-0.902,-4.992,-13.734,2.834,3.114,1.136,1.390,0,NULL,NULL,,3,0,2,7,255,938,250,0,0
stim,64543,94664,0,94664,3291994.454,-0.510,0.192,-0.344,0.765,0,0,0,0,0,0,0,10,59,1.433,1,2124,0,356.226,7.328,91.563,341.313,44.938,-0.695,0.344,0.289,-0.637,-7.301,-13.734,2.864,3.146,1.136,1.390,0,NULL,NULL,,3,0,2,7,255,938,250,0,0
stim,64564,94685,0,94685,3291999.455,-0.513,0.182,-0.332,0.770,0,0,0,0,0,0,0,7,59,1.433,1,2124,0,372.597,7.364,112.000,351.813,50.125,-0.457,0.258,0.449,-0.965,-7.301,-13.465,2.892,3.176,1.136,1.390,0,NULL,NULL,,3,0,2,7,255,938,250,0,0
stim,64564,94685,0,94685,3292004.453,-0.516,0.171,-0.321,0.775,1,0,0,0,0,0,0,3,59,1.433,1,2124,0,384.244,7.364,115.625,361.438,60.313,-0.531,0.414,0.695,-0.965,-7.301,-10.379,2.918,3.206,1.136,1.390,0,NULL,NULL,,3,0,2,7,255,938,250,0,0
stim,64564,94685,0,94685,3292009.455,-0.519,0.161,-0.309,0.781,0,0,0,0,0,0,0,0,59,1.433,1,2124,0,388.525,9.589,105.875,370.000,53.313,-0.512,0.414,0.863,-2.301,-9.309,-9.367,2.944,3.234,1.136,1.390,0,NULL,NULL,,3,0,2,7,255,938,250,0,0
stim,64564,94685,1,94685,3292014.454,-0.522,0.149,-0.298,0.785,0,0,0,0,0,0,0,0,59,1.433,1,2124,0,389.857,10.056,94.375,374.875,50.500,-0.445,0.316,0.926,-2.301,-9.789,-7.715,2.972,3.266,1.136,1.390,0,NULL,NULL,,3,1,2,7,255,938,250,0,0
stim,64564,94685,1,94685,3292019.455,-0.525,0.138,-0.286,0.790,0,0,0,0,0,0,0,3,59,1.433,1,2124,0,391.611,10.003,86.688,378.500,50.813,-0.367,0.203,0.934,-2.059,-9.789,-6.262,3.004,3.300,1.136,1.390,0,NULL,NULL,,3,1,2,7,255,938,250,0,0
stim,64564,94685,1,94685,3292024.454,-0.528,0.126,-0.275,0.794,0,0,0,0,0,0,0,2,59,1.433,1,2124,0,393.251,8.950,83.563,380.000,57.125,-0.340,0.168,0.949,-1.449,-8.832,-5.113,3.036,3.336,1.136,1.390,0,NULL,NULL,,3,1,2,7,255,938,250,0,0
stim,64594,94715,1,94715,3292029.455,-0.530,0.114,-0.263,0.798,0,0,0,0,0,0,0,3,59,1.433,1,2124,0,394.733,8.580,79.875,382.750,54.188,-0.340,0.195,0.953,-1.449,-8.457,-4.496,3.072,3.374,1.136,1.390,0,NULL,NULL,,3,1,2,7,255,938,250,0,0
stim,64594,94715,1,94715,3292034.454,-0.533,0.102,-0.252,0.801,0,0,0,0,0,0,0,5,59,1.433,1,2124,0,396.363,8.499,79.875,384.750,51.875,-0.305,0.199,0.938,-1.617,-8.344,-4.258,3.110,3.414,1.136,1.390,0,NULL,NULL,,3,1,2,7,255,938,250,0,0
stim,64594,94715,1,94715,3292039.455,-0.535,0.090,-0.240,0.805,0,0,0,0,0,0,0,5,59,1.433,1,2124,0,398.223,8.018,83.313,386.188,50.000,-0.273,0.176,0.922,-1.820,-7.809,-3.996,3.152,3.458,1.136,1.390,0,NULL,NULL,,3,1,2,7,255,938,250,0,0
stim,64594,94715,1,94715,3292044.453,-0.538,0.078,-0.228,0.808,0,0,0,0,0,0,0,6,59,1.433,1,2124,0,398.519,7.738,89.875,385.313,47.688,-0.309,0.203,0.957,-1.840,-7.516,-3.676,3.194,3.502,1.136,1.390,0,NULL,NULL,,3,1,2,7,255,938,250,0,0
stim,64594,94715,1,94715,3292049.455,-0.540,0.066,-0.216,0.811,0,0,0,0,0,0,0,7,59,1.433,1,2124,0,399.289,7.452,96.875,385.000,42.688,-0.238,0.137,0.984,-1.820,-7.227,-3.355,3.238,3.550,1.136,1.390,0,NULL,NULL,,3,1,2,7,255,938,250,0,0
stim,64594,94715,1,94715,3292054.454,-0.542,0.055,-0.203,0.814,0,0,0,0,0,0,0,9,59,1.433,1,2124,0,398.196,6.864,103.500,381.875,44.938,-0.199,0.113,1.004,-1.852,-6.609,-2.414,3.282,3.596,1.136,1.390,0,NULL,NULL,,3,1,2,7,255,938,250,0,0
stim,64642,94763,1,94763,3292059.455,-0.544,0.044,-0.190,0.816,0,0,0,0,0,0,0,6,59,1.433,1,2124,0,397.279,6.283,111.125,378.188,49.563,-0.156,0.066,0.969,-1.813,-6.016,-1.863,3.326,3.642,1.136,1.390,0,NULL,NULL,,3,1,2,7,255,938,250,0,0
stim,64642,94763,1,94763,3292064.453,-0.545,0.033,-0.177,0.819,0,0,0,0,0,0,0,6,59,1.433,1,2124,0,397.300,5.402,125.438,372.500,57.938,-0.148,0.078,0.957,-1.766,-5.105,-1.746,3.370,3.688,1.136,1.390,0,NULL,NULL,,3,1,2,7,255,938,250,0,0
stim,64642,94763,1,94763,3292069.455,-0.546,0.023,-0.163,0.822,0,0,0,0,0,0,0,10,59,1.433,1,2124,0,398.239,5.068,143.563,367.063,57.000,-0.094,0.133,1.035,-1.766,-4.750,-1.676,3.414,3.734,1.136,1.390,0,NULL,NULL,,3,1,2,7,255,938,250,0,0
stim,64642,94763,1,94763,3292074.454,-0.546,0.013,-0.149,0.824,0,0,0,0,0,0,0,23,59,1.433,1,2124,0,398.241,5.287,156.188,360.063,67.500,-0.125,0.133,1.125,-2.590,-4.609,-0.855,3.456,3.780,1.136,1.390,0,NULL,NULL,,3,1,2,7,255,938,250,0,0
stim,64642,94763,1,94763,3292079.455,-0.546,0.004,-0.134,0.827,0,0,0,0,0,0,0,25,59,1.433,1,2124,0,397.661,5.306,164.813,352.875,80.313,-0.121,0.215,1.223,-2.629,-4.609,0.082,3.498,3.824,1.136,1.390,0,NULL,NULL,,3,1,2,7,255,938,250,0,0
stim,64642,94763,1,94763,3292084.453,-0.545,-0.005,-0.120,0.830,0,0,0,0,0,0,0,26,59,1.433,1,2124,0,396.420,5.470,177.250,346.125,77.000,-0.188,0.137,1.328,-2.719,-4.746,0.945,3.538,3.866,1.136,1.390,0,NULL,NULL,,3,1,2,7,255,938,250,0,0
stim,64661,94782,1,94782,3292089.455,-0.544,-0.013,-0.105,0.832,0,0,0,0,0,0,0,25,59,1.433,1,2124,0,398.674,6.014,189.250,339.188,89.875,-0.219,0.219,1.477,-3.516,-4.879,2.207,3.574,3.906,1.136,1.390,0,NULL,NULL,,3,1,2,7,255,938,250,0,0
stim,64661,94782,1,94782,3292094.453,-0.543,-0.021,-0.089,0.835,0,0,0,0,0,0,0,24,59,1.433,1,2124,0,395.453,6.069,195.500,334.250,80.250,-0.309,0.172,1.633,-2.941,-5.309,3.598,3.610,3.946,1.136,1.390,0,NULL,NULL,,3,1,2,7,255,938,250,0,0
stim,64661,94782,1,94782,3292099.455,-0.542,-0.029,-0.074,0.837,0,0,0,0,0,0,0,27,59,1.433,1,2124,0,391.671,6.633,199.375,326.625,83.500,-0.320,0.219,1.809,-3.484,-5.645,5.313,3.644,3.980,1.136,1.390,0,NULL,NULL,,3,1,2,7,255,938,250,0,0
stim,64661,94782,1,94782,3292104.454,-0.541,-0.036,-0.059,0.838,0,0,0,0,0,0,0,10,59,1.433,1,2124,0,383.170,6.593,193.688,321.625,76.563,-0.363,0.219,1.922,-3.406,-5.645,7.094,3.674,4.014,1.136,1.390,0,NULL,NULL,,3,1,2,7,255,938,250,0,0
stim,64661,94782,1,94782,3292109.455,-0.540,-0.043,-0.045,0.840,0,0,0,0,0,0,0,8,59,1.433,1,2124,0,374.189,6.519,191.563,313.750,69.875,-0.367,0.180,2.008,-3.406,-5.559,8.398,3.704,4.046,1.136,1.390,0,NULL,NULL,,3,1,2,7,255,938,250,0,0
stim,64661,94782,1,94782,3292114.453,-0.539,-0.050,-0.030,0.840,0,0,0,0,0,0,0,9,59,1.433,1,2124,0,369.040,5.779,191.313,309.750,60.375,-0.344,0.121,2.059,-3.121,-4.863,9.453,3.732,4.078,1.136,1.390,0,NULL,NULL,,3,1,2,7,255,938,250,0,0
stim,64690,94811,1,94811,3292119.455,-0.538,-0.057,-0.016,0.841,0,0,0,0,0,0,0,9,59,1.433,1,2124,0,367.262,4.657,194.500,307.563,49.563,-0.293,-0.055,2.113,-2.691,-3.801,10.188,3.762,4.110,1.136,1.390,0,NULL,NULL,,3,1,2,7,255,938,250,0,0
stim,64690,94811,1,94811,3292124.454,-0.537,-0.064,-0.001,0.841,0,0,0,0,0,0,0,6,59,1.433,1,2124,0,366.806,2.386,196.938,306.625,41.750,-0.242,-0.148,2.109,-1.336,-1.977,10.984,3.790,4.140,1.136,1.390,0,NULL,NULL,,3,1,2,7,255,938,250,0,0
stim,64690,94811,1,94811,3292129.455,-0.537,-0.070,0.014,0.841,0,0,0,0,0,0,0,6,59,1.433,1,2124,0,371.982,0.759,206.000,307.875,33.875,-0.242,-0.242,2.074,-0.605,-0.457,10.984,3.818,4.170,1.136,1.390,0,NULL,NULL,,3,1,2,7,255,938,250,0,0
stim,64690,94811,1,94811,3292134.453,-0.537,-0.076,0.029,0.840,0,0,0,0,0,0,0,6,59,1.433,1,2124,0,380.665,0.680,222.750,308.188,17.563,-0.246,-0.352,2.070,0.371,0.570,10.793,3.844,4.198,1.136,1.390,0,NULL,NULL,,3,1,2,7,255,938,250,0,0
stim,64690,94811,1,94811,3292139.455,-0.538,-0.082,0.045,0.838,0,0,0,0,0,0,0,12,59,1.433,1,2124,0,393.414,2.197,245.313,307.563,-1.188,-0.180,-0.410,2.156,1.457,1.645,10.793,3.866,4.224,1.136,1.390,0,NULL,NULL,,3,1,2,7,255,938,250,0,0
stim,64690,94811,1,94811,3292144.454,-0.539,-0.087,0.062,0.835,0,0,0,0,0,0,0,27,59,1.433,1,2124,0,405.753,3.748,266.500,305.313,-19.938,-0.039,-0.504,2.273,1.805,3.285,11.434,3.884,4.244,1.136,1.390,0,NULL,NULL,,3,1,2,7,255,938,250,0,0
stim,64715,94836,1,94836,3292149.455,-0.541,-0.091,0.079,0.832,0,0,0,0,0,0,0,31,59,1.433,1,2124,0,415.280,6.105,282.688,301.750,-38.625,0.176,-0.559,2.359,2.039,5.754,12.145,3.894,4.258,1.136,1.390,0,NULL,NULL,,3,1,2,7,255,938,250,0,0
stim,64715,94836,1,94836,3292154.453,-0.544,-0.095,0.096,0.828,0,0,0,0,0,0,0,39,59,1.433,1,2124,0,424.994,8.969,299.125,297.563,-51.000,0.441,-0.566,2.438,2.039,8.734,12.145,3.900,4.266,1.136,1.390,0,NULL,NULL,,3,1,2,7,255,938,250,0,0
stim,64744,94865,1,94865,3292159.455,-0.546,-0.098,0.115,0.824,0,0,0,0,0,0,0,44,59,1.433,1,2124,0,436.565,12.070,318.750,292.750,-57.313,0.691,-0.598,2.551,1.371,11.992,11.941,3.896,4.266,1.136,1.390,0,NULL,NULL,,3,1,2,7,255,938,250,0,0
stim,64744,94865,1,94865,3292164.454,-0.548,-0.101,0.133,0.819,0,0,0,0,0,0,0,47,59,1.433,1,2124,0,444.581,15.334,334.250,286.813,-60.563,0.902,-0.656,2.715,1.219,15.285,11.941,3.884,4.256,1.136,1.390,0,NULL,NULL,,3,1,2,7,255,938,250,0,0
stim,64744,94865,1,94865,3292169.455,-0.551,-0.103,0.152,0.814,0,0,0,0,0,0,0,48,59,1.433,1,2124,0,446.947,18.530,344.750,276.875,-65.188,1.121,-0.621,2.918,1.051,18.500,12.148,3.862,4.236,1.136,1.390,0,NULL,NULL,,3,1,2,7,255,938,250,0,0
stim,64744,94865,1,94865,3292174.454,-0.554,-0.104,0.170,0.809,0,0,0,0,0,0,0,52,59,1.433,1,2124,0,444.178,21.638,346.313,267.125,-77.500,1.383,-0.492,3.121,0.625,21.629,12.652,3.828,4.206,1.136,1.390,0,NULL,NULL,,3,1,2,7,255,938,250,0,0
stim,64744,94865,1,94865,3292179.455,-0.557,-0.106,0.187,0.802,0,0,0,0,0,0,0,51,59,1.433,1,2124,0,432.755,24.885,332.938,261.313,-90.250,1.641,-0.391,3.301,-0.844,24.871,13.008,3.780,4.162,1.136,1.390,0,NULL,NULL,,3,1,2,7,255,938,250,0,0
stim,64744,94865,1,94865,3292184.454,-0.559,-0.108,0.204,0.796,0,0,0,0,0,0,0,49,59,1.433,1,2124,0,414.429,28.204,310.750,257.125,-95.250,1.871,-0.316,3.492,-1.996,28.133,13.016,3.720,4.104,1.136,1.390,0,NULL,NULL,,3,1,2,7,255,938,250,0,0
stim,64744,94865,1,94865,3292189.455,-0.562,-0.111,0.219,0.790,0,0,0,0,0,0,0,53,59,1.433,1,2124,0,385.971,31.488,273.438,253.438,-99.875,2.121,-0.270,3.625,-2.711,31.371,13.008,3.646,4.034,1.136,1.390,0,NULL,NULL,,3,1,2,7,255,938,250,0,0
stim,64744,94865,1,94865,3292194.453,-0.565,-0.116,0.232,0.784,0,0,0,0,0,0,0,59,59,1.433,1,2124,0,346.218,34.754,216.563,249.250,-104.125,2.406,-0.285,3.586,-3.289,34.598,12.375,3.558,3.950,1.136,1.390,0,NULL,NULL,,3,1,2,7,255,938,250,0,0
stim,64744,94865,1,94865,3292199.455,-0.567,-0.121,0.242,0.778,0,0,0,0,0,0,0,71,59,1.433,1,2124,0,306.989,37.554,152.500,245.375,-103.813,2.719,-0.324,3.293,-3.578,37.383,9.813,3.458,3.852,1.136,1.390,0,NULL,NULL,,3,1,2,7,255,938,250,0,0
stim,64744,94865,1,94865,3292204.454,-0.568,-0.128,0.251,0.773,0,0,0,0,0,0,0,101,59,1.433,1,2124,0,279.895,39.297,103.188,239.750,-101.063,3.039,-0.367,2.863,-4.031,39.090,4.902,3.342,3.740,1.136,1.390,0,NULL,NULL,,3,1,2,7,255,938,250,0,0
stim,64774,94895,1,94895,3292209.455,-0.570,-0.135,0.259,0.768,0,0,0,0,0,0,0,139,59,1.433,1,2124,0,259.438,40.136,73.125,230.000,-95.188,3.352,-0.441,2.441,-4.641,39.867,-1.215,3.210,3.610,1.136,1.390,0,NULL,NULL,,3,1,2,7,255,938,250,0,0
stim,64774,94895,1,94895,3292214.453,-0.571,-0.142,0.265,0.764,0,0,0,0,0,0,0,172,59,1.433,1,2124,0,236.998,40.755,52.688,215.063,-84.500,3.684,-0.516,2.059,-4.922,40.457,-7.238,3.060,3.460,1.136,1.390,0,NULL,NULL,,3,1,2,7,255,938,250,0,0
stim,64774,94895,1,94895,3292219.455,-0.571,-0.148,0.271,0.761,0,0,0,0,0,0,0,221,59,1.433,1,2124,0,216.257,40.804,37.438,201.313,-69.563,3.902,-0.406,1.629,-5.309,40.457,-13.020,2.892,3.294,1.136,1.390,0,NULL,NULL,,3,1,2,7,255,938,250,0,0
stim,64774,94895,1,94895,3292224.454,-0.572,-0.154,0.276,0.757,0,0,0,0,0,0,0,264,59,1.433,1,2124,0,198.467,41.393,35.813,174.438,-87.625,4.344,-0.754,1.094,-5.309,41.051,-18.160,2.716,3.118,1.136,1.390,0,NULL,NULL,,3,1,2,7,255,938,250,0,0
stim,64774,94895,1,94895,3292229.455,-0.573,-0.158,0.281,0.754,0,0,0,0,0,0,0,293,59,1.433,1,2124,0,157.175,41.373,56.313,137.938,-50.063,4.746,-1.516,0.656,-5.152,41.051,-26.160,2.532,2.932,1.136,1.390,0,NULL,NULL,,3,1,2,7,255,938,250,0,0
stim,64774,94895,1,94895,3292234.453,-0.572,-0.158,0.287,0.752,0,0,0,0,0,0,0,281,59,1.433,1,2124,0,144.912,42.902,105.813,95.188,27.250,4.988,-2.000,0.574,0.777,42.895,-33.965,2.344,2.742,1.136,1.390,0,NULL,NULL,,3,1,2,7,255,938,250,0,0
stim,64807,94928,1,94928,3292239.455,-0.568,-0.154,0.296,0.753,0,0,0,0,0,0,0,271,59,1.433,1,2124,0,247.459,43.124,195.188,64.250,137.875,4.656,-2.465,0.543,4.441,42.895,-37.508,2.156,2.550,1.136,1.390,0,NULL,NULL,,3,1,2,7,255,938,250,0,0
stim,64807,94928,1,94928,3292244.454,-0.563,-0.145,0.308,0.753,0,0,0,0,0,0,0,261,59,1.433,1,2124,0,359.744,43.609,311.188,20.625,179.313,3.816,-2.059,1.203,7.988,42.871,-37.508,1.966,2.356,1.136,1.390,0,NULL,NULL,,3,1,2,7,255,938,250,0,0
stim,64807,94928,1,94928,3292249.455,-0.561,-0.133,0.320,0.752,0,0,0,0,0,0,0,226,59,1.433,1,2124,0,382.488,40.598,349.438,-25.438,153.438,2.992,-1.090,2.555,7.988,39.805,-27.387,1.774,2.162,1.136,1.390,0,NULL,NULL,,3,1,2,7,255,938,250,0,0
stim,64807,94928,1,94928,3292254.453,-0.561,-0.124,0.327,0.750,0,0,0,138,0,3,0,404,59,1.433,1,2124,0,273.692,39.938,262.063,-60.563,50.625,2.219,-0.195,3.891,3.258,39.805,-10.227,1.578,1.964,1.136,1.390,0,NULL,NULL,,3,1,2,7,255,938,250,0,0
stim,64843,94964,1,94964,3292259.455,-0.557,-0.096,0.342,0.751,613,0,0,983,0,85,0,473,59,1.433,1,2124,0,722.720,40.810,586.688,-267.125,326.750,1.605,-1.328,7.688,3.258,40.680,6.707,1.380,1.764,1.136,1.390,0,NULL,NULL,,3,1,2,7,255,938,250,0,0
stim,64843,94964,0,94964,3292264.454,-0.552,-0.075,0.346,0.755,1341,0,0,1579,0,313,0,559,59,1.433,1,2124,0,518.957,62.250,301.813,-282.188,314.000,1.223,0.637,10.227,13.875,60.684,34.199,1.180,1.562,1.136,1.390,0,NULL,NULL,,3,0,2,7,255,939,250,0,0
stim,64843,94964,0,94964,3292269.455,-0.539,-0.089,0.311,0.778,1893,0,0,1933,0,563,0,615,59,1.433,1,2124,0,1048.265,62.250,-983.563,-157.938,326.375,0.305,2.949,3.750,13.875,60.684,34.199,0.980,1.360,1.136,1.390,0,NULL,NULL,,3,0,2,7,255,939,250,0,0
stim,64843,94964,0,94964,3292274.454,-0.524,-0.104,0.267,0.802,2211,0,0,2089,0,871,0,655,60,1.433,1,2125,0,1247.882,26.682,-1167.375,-234.500,373.438,-0.211,4.633,-0.934,-21.117,16.309,28.766,0.778,1.150,1.136,1.390,1,967.000,28.000,,3,0,2,7,255,939,250,0,0
stim,64843,94964,0,94964,3292279.455,-0.510,-0.109,0.242,0.818,2451,0,0,2261,0,1105,0,745,60,1.433,1,2125,0,761.264,29.956,-658.375,-153.938,349.813,-2.004,3.121,-2.773,-21.117,-21.246,-3.262,0.568,0.918,1.136,1.390,1,NULL,NULL,,3,0,2,7,255,939,250,0,0
stim,64843,94964,0,94964,3292284.454,-0.504,-0.107,0.232,0.825,2603,0,0,2415,0,1269,0,827,60,1.433,1,2125,0,315.748,33.253,-209.313,-166.063,168.250,-2.660,0.238,-1.191,-19.410,-27.000,-8.785,0.376,0.664,1.136,1.390,1,NULL,NULL,,3,0,2,7,255,939,250,0,0
stim,64843,94964,0,94964,3292289.455,-0.507,-0.100,0.231,0.825,2743,0,0,2637,0,1333,0,923,60,1.433,1,2125,0,165.954,27.038,69.063,-149.875,-17.563,-0.969,0.723,1.191,-1.438,-27.000,-8.785,0.316,0.446,1.136,1.390,1,NULL,NULL,,3,0,2,7,255,939,250,0,0
stim,64843,94964,0,94964,3292294.453,-0.505,-0.093,0.231,0.827,2868,0,0,2773,0,1385,0,1053,60,1.433,1,2125,0,171.278,5.056,51.750,-139.250,85.250,-0.246,1.977,1.629,-1.438,-4.848,6.051,0.392,0.336,1.136,1.390,1,NULL,NULL,,3,0,2,7,255,939,250,0,0
stim,64872,94993,0,94993,3292299.455,-0.498,-0.087,0.222,0.834,2947,0,0,2887,0,1449,0,1207,60,1.433,1,2125,0,339.600,2.706,-160.125,-191.125,230.563,-0.988,0.668,1.910,-1.438,-2.293,10.273,0.466,0.336,1.136,1.390,2,NULL,NULL,,3,0,2,7,255,939,250,0,0
stim,64872,94993,0,94993,3292304.454,-0.493,-0.086,0.207,0.841,2985,0,0,2965,0,1511,0,1340,60,1.433,1,2125,0,389.640,2.298,-311.875,-196.063,126.938,-1.910,-0.477,0.566,-0.156,-2.293,10.273,0.506,0.388,1.136,1.390,2,NULL,NULL,,3,0,2,7,255,939,250,0,0
stim,64872,94993,0,94993,3292309.455,-0.495,-0.084,0.193,0.843,3019,0,0,3021,0,1565,0,1461,60,1.433,1,2125,0,326.457,15.294,-251.938,-204.125,-37.875,-1.492,-0.957,0.094,13.473,-7.238,0.680,0.530,0.452,1.136,1.390,2,NULL,NULL,,3,0,2,7,255,939,250,0,0
stim,64872,94993,0,94993,3292314.453,-0.503,-0.081,0.183,0.841,3043,0,0,3063,0,1641,0,1573,60,1.433,1,2125,0,294.151,15.294,-119.875,-194.875,-184.875,-0.473,-1.023,0.742,13.473,-7.238,-3.594,0.552,0.506,1.136,1.390,2,NULL,NULL,,3,0,2,7,255,939,250,0,0
stim,64873,94994,0,94994,3292319.455,-0.512,-0.077,0.176,0.837,3043,0,0,3112,0,1719,0,1635,60,1.433,1,2125,0,288.858,11.586,-76.313,-174.563,-217.125,0.680,-0.918,1.273,11.109,3.289,-3.594,0.566,0.550,1.136,1.390,2,NULL,NULL,,3,0,2,7,255,939,250,0,0
stim,64873,94994,0,94994,3292324.454,-0.518,-0.074,0.169,0.835,3091,0,0,3141,0,1798,0,1672,60,1.433,1,2125,0,213.026,15.050,-72.188,-150.375,-132.500,1.375,-1.355,1.367,5.949,13.824,-3.594,0.562,0.576,1.136,1.390,2,NULL,NULL,,3,0,2,7,255,939,250,0,0
stim,64893,95014,0,95014,3292329.455,-0.518,-0.071,0.163,0.837,3101,0,0,3162,0,1878,0,1683,60,1.433,1,2125,0,167.052,22.270,-87.375,-142.375,1.188,1.371,-2.133,1.578,5.949,21.461,-2.684,0.536,0.592,1.136,1.390,2,NULL,NULL,,3,0,2,7,255,939,250,0,0
stim,64893,95014,0,95014,3292334.453,-0.513,-0.068,0.156,0.841,3111,0,0,3179,0,1947,0,1691,60,1.433,1,2125,0,228.573,24.989,-122.188,-130.625,142.313,0.828,-2.066,1.348,12.801,21.461,-2.840,0.500,0.602,1.136,1.390,2,NULL,NULL,,3,0,2,7,255,939,250,0,0
stim,64893,95014,0,95014,3292339.455,-0.505,-0.065,0.150,0.848,3125,0,0,3192,0,2035,11,1705,60,1.433,1,2125,0,292.021,23.588,-124.625,-126.750,231.688,-0.250,-0.715,0.789,12.801,19.813,-2.840,0.466,0.596,1.136,1.390,2,NULL,NULL,,3,0,2,7,255,939,250,0,0
stim,64893,95014,0,95014,3292344.453,-0.500,-0.061,0.144,0.852,3125,0,0,3193,0,2115,46,1742,60,1.433,1,2125,0,223.311,8.085,-99.313,-133.500,148.938,-1.254,0.496,0.855,7.313,3.449,-2.840,0.430,0.554,1.136,1.390,2,NULL,NULL,,3,0,2,7,255,939,250,0,0
stim,64893,95014,0,95014,3292349.455,-0.499,-0.058,0.138,0.854,3107,0,0,3205,0,2188,59,1796,60,1.433,1,2125,0,161.729,5.562,-73.813,-139.375,35.813,-0.590,0.605,0.902,1.836,-5.250,0.914,0.398,0.474,1.136,1.390,2,NULL,NULL,,3,0,2,7,255,939,250,0,0
stim,64893,95014,0,95014,3292354.454,-0.500,-0.054,0.132,0.854,3125,0,0,3203,128,2268,103,1937,60,1.433,1,2125,0,154.867,5.264,-76.750,-134.500,1.688,-0.246,0.098,1.176,0.387,-5.250,1.965,0.378,0.376,1.136,1.390,2,NULL,NULL,,3,0,2,7,255,939,250,0,0
stim,64941,95062,0,95062,3292359.455,-0.500,-0.051,0.126,0.855,3114,0,0,3195,359,2349,265,2075,60,1.433,1,2125,0,147.621,0.639,-78.500,-124.938,-4.500,0.051,-0.066,1.391,0.367,0.523,1.965,0.370,0.284,1.136,1.390,2,NULL,NULL,,3,0,2,7,255,939,250,0,0
stim,64941,95062,0,95062,3292364.453,-0.502,-0.050,0.123,0.855,3122,0,0,3195,633,2363,235,2165,60,1.433,1,2125,0,88.175,4.149,-40.250,-68.000,-39.125,0.426,-0.047,1.684,0.367,4.133,3.195,0.368,0.224,1.136,1.390,2,NULL,NULL,,3,0,2,7,255,939,250,0,0
stim,64941,95062,0,95062,3292369.455,-0.503,-0.049,0.121,0.855,3129,0,0,3197,875,2383,267,2215,60,1.433,1,2125,0,66.181,7.914,-43.063,-44.188,-23.938,0.836,0.336,1.137,-1.566,7.758,3.195,0.362,0.198,1.136,1.390,2,NULL,NULL,,3,0,2,7,255,939,250,0,0
stim,64941,95062,0,95062,3292374.454,-0.503,-0.048,0.119,0.855,3124,0,0,3199,1051,2407,292,2277,60,1.433,1,2125,0,48.914,10.366,-17.563,-45.000,7.688,0.508,0.566,1.398,-6.875,7.758,3.207,0.356,0.186,1.136,1.390,2,NULL,NULL,,3,0,2,7,255,939,250,0,0
stim,64941,95062,0,95062,3292379.455,-0.502,-0.049,0.115,0.856,3118,0,0,3195,1180,2425,311,2329,60,1.433,1,2125,0,85.571,8.383,-81.875,-24.563,3.938,-0.262,-0.051,1.676,-6.875,4.797,3.207,0.364,0.176,1.136,1.390,2,NULL,NULL,,3,0,2,7,255,939,250,0,0
stim,64941,95062,0,95062,3292384.453,-0.503,-0.051,0.110,0.856,3123,0,0,3207,1263,2432,317,2375,60,1.433,1,2125,0,122.136,2.041,-119.688,-18.813,-15.438,-0.102,-0.070,0.684,0.961,1.801,3.207,0.382,0.156,1.136,1.390,2,NULL,NULL,,3,0,2,7,255,939,250,0,0
stim,64962,95083,0,95083,3292389.455,-0.504,-0.052,0.108,0.855,3104,2,0,3213,1340,2444,331,2395,60,1.433,1,2125,0,65.770,1.343,-54.750,-18.750,-31.250,-0.203,0.102,0.715,0.961,0.938,-2.500,0.408,0.132,1.136,1.390,2,NULL,NULL,,3,0,2,7,255,939,250,0,0
stim,64962,95083,0,95083,3292394.454,-0.506,-0.051,0.107,0.854,3118,22,0,3199,1445,2459,349,2415,60,1.433,1,2125,0,65.849,0.171,-13.250,-17.125,-62.188,-0.168,0.129,1.035,-0.031,0.168,-2.500,0.436,0.108,1.136,1.390,2,NULL,NULL,,3,0,2,7,255,939,250,0,0
stim,64962,95083,0,95083,3292399.455,-0.509,-0.052,0.105,0.853,3119,37,0,3197,1500,2456,352,2453,60,1.433,1,2125,0,74.163,0.505,-22.500,-13.125,-69.438,0.156,0.199,1.266,-0.477,0.168,0.527,0.460,0.084,1.136,1.390,2,NULL,NULL,,3,0,2,7,255,939,250,0,0
stim,64962,95083,0,95083,3292404.453,-0.510,-0.053,0.103,0.853,3111,39,0,3191,1559,2461,362,2457,60,1.433,1,2125,0,67.489,3.784,-60.563,-8.000,-28.688,0.168,0.141,1.230,-2.250,3.043,1.762,0.480,0.068,1.136,1.390,2,NULL,NULL,,3,0,2,7,255,939,250,0,0
stim,64962,95083,0,95083,3292409.455,-0.510,-0.054,0.100,0.853,3081,59,0,3195,1609,2469,352,2481,60,1.433,1,2125,0,80.200,3.784,-78.563,0.063,-16.125,-0.121,0.074,1.012,-2.250,3.043,1.762,0.494,0.056,1.136,1.390,2,NULL,NULL,,3,0,2,7,255,939,250,0,0
stim,64962,95083,0,95083,3292414.454,-0.511,-0.056,0.097,0.852,3115,94,0,3191,1652,2479,356,2489,60,1.433,1,2125,0,69.246,0.762,-62.250,-1.063,-30.313,-0.242,0.066,0.855,-0.367,0.668,0.156,0.506,0.046,1.136,1.390,2,NULL,NULL,,3,0,2,7,255,939,250,0,0
stim,64999,95120,0,95120,3292419.455,-0.513,-0.057,0.096,0.851,3099,105,0,3193,1684,2488,355,2503,60,1.433,1,2125,0,67.864,0.196,-37.250,-2.125,-56.688,-0.160,0.066,0.883,-0.180,0.078,-0.992,0.518,0.040,1.136,1.390,2,NULL,NULL,,3,0,2,7,255,939,250,0,0
stim,64999,95120,0,95120,3292424.454,-0.515,-0.057,0.094,0.850,3111,107,0,3193,1715,2490,356,2507,60,1.433,1,2125,0,57.530,0.196,-26.188,-4.063,-51.063,0.031,0.004,0.996,-0.180,0.078,-0.992,0.528,0.032,1.136,1.390,2,NULL,NULL,,3,0,2,7,255,939,250,0,0
stim,64999,95120,0,95120,3292429.455,-0.516,-0.058,0.093,0.849,3108,123,0,3183,1743,2491,357,2509,60,1.433,1,2125,0,44.877,2.207,-28.313,-2.188,-34.750,0.066,-0.082,1.035,-0.180,2.199,-0.305,0.536,0.024,1.136,1.390,2,NULL,NULL,,3,0,2,7,255,939,250,0,0
stim,64999,95120,0,95120,3292434.454,-0.517,-0.059,0.091,0.849,3109,133,0,3193,1765,2495,354,2515,60,1.433,1,2125,0,33.535,2.332,-31.313,-0.375,-12.000,0.020,-0.063,0.988,0.004,2.332,-0.305,0.544,0.020,1.136,1.390,2,NULL,NULL,,3,0,2,7,255,939,250,0,0
stim,64999,95120,0,95120,3292439.455,-0.517,-0.059,0.090,0.849,3079,135,0,3193,1768,2495,351,2505,60,1.433,1,2125,0,25.229,2.332,-23.875,0.688,-8.125,-0.102,0.004,0.926,0.008,2.332,-0.422,0.550,0.018,1.136,1.390,2,NULL,NULL,,3,0,2,7,255,939,250,0,0
stim,64999,95120,0,95120,3292444.453,-0.517,-0.059,0.090,0.849,3091,138,0,3189,1796,2507,333,2507,60,1.433,1,2125,0,15.467,0.891,-9.188,0.375,-12.438,-0.137,0.059,0.953,0.008,0.891,-0.422,0.558,0.014,1.136,1.390,2,NULL,NULL,,3,0,2,7,255,939,250,0,0
stim,64999,95120,0,95120,3292449.455,-0.518,-0.059,0.090,0.849,3093,143,7,3183,1800,2501,333,2507,60,1.433,1,2125,0,15.812,0.738,-3.688,-0.125,-15.375,-0.109,0.078,1.027,-0.297,0.676,-0.367,0.566,0.008,1.136,1.390,2,NULL,NULL,,3,0,2,7,255,939,250,0,0
stim,65043,95164,0,95164,3292454.453,-0.518,-0.059,0.090,0.848,3095,135,8,3183,1815,2489,331,2516,60,1.427,1,2125,1,11.456,0.920,-6.188,-0.563,-9.625,-0.094,0.117,1.051,-0.637,0.664,0.305,0.000,0.000,1.165,1.391,2,NULL,NULL,,3,0,2,7,255,939,250,0,0
stim,65043,95164,0,95164,3292459.455,-0.518,-0.059,0.089,0.848,3092,138,37,3179,1837,2501,316,2519,60,1.427,1,2125,1,11.176,0.945,-10.750,-1.563,-2.625,-0.125,0.090,1.031,-0.672,0.664,0.395,0.008,0.006,1.165,1.391,2,NULL,NULL,,3,0,2,7,255,939,250,0,0
stim,65043,95164,0,95164,3292464.454,-0.518,-0.060,0.089,0.849,3064,140,87,3169,1863,2499,317,2521,60,1.427,1,2125,1,11.712,0.831,-11.313,-2.938,0.750,-0.184,0.078,0.996,-0.672,0.488,0.395,0.016,0.010,1.165,1.391,2,NULL,NULL,,3,0,2,7,255,939,250,0,0
stim,65043,95164,0,95164,3292469.455,-0.518,-0.060,0.088,0.849,3065,141,105,3165,1879,2501,315,2524,60,1.427,1,2125,1,8.726,0.333,-7.188,-4.438,-2.188,-0.195,0.078,0.984,-0.332,-0.031,0.145,0.022,0.014,1.165,1.391,2,NULL,NULL,,3,0,2,7,255,939,250,0,0
stim,65043,95164,0,95164,3292474.454,-0.519,-0.059,0.088,0.848,3048,141,137,3147,1903,2487,313,2537,60,1.427,1,2125,1,8.661,0.369,-4.438,-6.563,-3.500,-0.199,0.090,1.004,-0.332,-0.160,0.145,0.026,0.016,1.165,1.391,2,NULL,NULL,,3,0,2,7,255,939,250,0,0
stim,65043,95164,0,95164,3292479.455,-0.519,-0.059,0.088,0.848,3047,143,167,3135,1930,2487,324,2537,60,1.427,1,2125,1,10.560,0.379,-5.625,-8.250,-3.438,-0.199,0.086,1.016,-0.336,-0.176,0.266,0.032,0.018,1.165,1.391,2,NULL,NULL,,3,0,2,7,255,939,250,0,0
stim,65043,95164,0,95164,3292484.454,-0.519,-0.059,0.087,0.848,3032,142,207,3140,1955,2487,339,2555,60,1.427,1,2125,1,13.186,0.389,-6.938,-9.875,-5.313,-0.203,0.082,1.004,-0.336,-0.195,0.270,0.036,0.020,1.165,1.391,2,NULL,NULL,,3,0,2,7,255,939,250,0,0
stim,65043,95164,0,95164,3292489.455,-0.519,-0.059,0.087,0.848,3019,141,231,3119,1977,2490,350,2577,60,1.427,1,2125,1,15.679,0.322,-7.500,-11.250,-7.938,-0.195,0.031,0.980,-0.270,-0.176,0.270,0.038,0.022,1.165,1.391,2,NULL,NULL,,3,0,2,7,255,939,250,0,0
stim,65043,95164,0,95164,3292494.453,-0.520,-0.058,0.086,0.848,2989,140,299,3095,1993,2487,355,2577,60,1.427,1,2125,1,16.657,0.095,-3.813,-12.813,-9.938,-0.168,0.023,0.957,0.094,-0.016,0.000,0.040,0.022,1.165,1.391,2,NULL,NULL,,3,0,2,7,255,939,250,0,0
stim,65043,95164,0,95164,3292499.455,-0.520,-0.058,0.086,0.848,2980,147,332,3093,2025,2485,361,2587,60,1.427,1,2125,1,16.797,0.231,0.750,-13.875,-9.438,-0.160,0.023,0.961,0.094,0.211,-0.270,0.044,0.024,1.165,1.391,2,NULL,NULL,,3,0,2,7,255,939,250,0,0
stim,65043,95164,0,95164,3292504.454,-0.520,-0.057,0.085,0.848,2961,152,402,3067,2063,2479,377,2591,60,1.427,1,2125,1,17.635,0.226,2.063,-15.313,-8.500,-0.172,0.031,0.969,0.082,0.211,-0.270,0.046,0.026,1.165,1.391,2,NULL,NULL,,3,0,2,7,255,939,250,0,0
stim,65074,95195,0,95195,3292509.455,-0.521,-0.057,0.085,0.848,2925,155,469,3039,2075,2477,405,2611,60,1.427,1,2125,1,19.306,0.158,3.375,-16.875,-8.750,-0.191,0.070,0.980,0.055,0.148,-0.156,0.048,0.026,1.165,1.391,2,NULL,NULL,,3,0,2,7,255,939,250,0,0
stim,65074,95195,0,95195,3292514.453,-0.521,-0.056,0.085,0.847,2861,157,535,3033,2107,2489,453,2623,60,1.427,1,2125,1,21.904,0.271,3.063,-17.500,-12.813,-0.203,0.094,0.992,-0.203,-0.180,0.008,0.050,0.026,1.165,1.391,2,NULL,NULL,,3,0,2,7,255,939,250,0,0
stim,65074,95195,0,95195,3292519.455,-0.522,-0.055,0.084,0.847,2874,165,621,2998,2148,2485,517,2647,60,1.427,1,2125,1,26.346,0.388,2.188,-18.250,-18.875,-0.180,0.086,0.996,-0.344,-0.180,0.121,0.052,0.028,1.165,1.391,2,NULL,NULL,,3,0,2,7,255,939,250,0,0
stim,65074,95195,0,95195,3292524.454,-0.523,-0.054,0.084,0.847,2851,168,709,2985,2201,2493,567,2667,60,1.427,1,2125,1,28.595,0.420,2.875,-19.125,-21.063,-0.129,0.098,0.988,-0.395,-0.145,0.121,0.052,0.028,1.165,1.391,2,NULL,NULL,,3,0,2,7,255,939,250,0,0
stim,65074,95195,0,95195,3292529.455,-0.523,-0.053,0.084,0.846,2781,179,783,2956,2255,2493,631,2681,60,1.427,1,2125,1,26.945,0.634,4.375,-20.125,-17.375,-0.125,0.086,0.980,-0.594,0.223,-0.020,0.054,0.028,1.165,1.391,2,NULL,NULL,,3,0,2,7,255,939,250,0,0
stim,65074,95195,0,95195,3292534.453,-0.524,-0.053,0.083,0.846,2776,188,891,2923,2298,2503,682,2686,60,1.427,1,2125,1,26.393,0.634,5.750,-21.938,-13.500,-0.188,0.113,1.012,-0.594,0.223,-0.020,0.056,0.028,1.165,1.391,2,NULL,NULL,,3,0,2,7,255,939,250,0,0
stim,65105,95226,0,95226,3292539.455,-0.525,-0.052,0.083,0.846,2728,199,1049,2885,2347,2491,824,2708,60,1.427,1,2125,1,31.428,0.684,5.688,-23.188,-20.438,-0.246,0.219,1.035,-0.594,-0.340,0.305,0.056,0.030,1.165,1.391,2,NULL,NULL,,3,0,2,7,255,939,250,0,0
stim,65105,95226,0,95226,3292544.454,-0.526,-0.051,0.083,0.845,2653,221,1169,2856,2407,2499,967,2727,60,1.427,1,2125,1,41.901,1.774,6.375,-24.000,-33.750,-0.223,0.332,1.066,-1.227,-1.281,0.707,0.056,0.032,1.165,1.391,2,NULL,NULL,,3,0,2,7,255,939,250,0,0
stim,65105,95226,0,95226,3292549.455,-0.528,-0.050,0.082,0.844,2607,232,1307,2815,2463,2509,1093,2749,60,1.427,1,2125,1,51.594,2.647,1.438,-23.688,-45.813,-0.176,0.375,1.102,-2.316,-1.281,1.039,0.058,0.034,1.165,1.391,2,NULL,NULL,,3,0,2,7,255,939,250,0,0
stim,65105,95226,0,95226,3292554.453,-0.530,-0.049,0.082,0.843,2531,239,1461,2783,2509,2503,1223,2769,60,1.427,1,2125,1,57.973,3.019,-9.938,-23.625,-52.000,-0.129,0.336,1.125,-2.754,-1.238,1.289,0.058,0.036,1.165,1.391,2,NULL,NULL,,3,0,2,7,255,939,250,0,0
stim,65142,95263,0,95263,3292559.455,-0.532,-0.049,0.080,0.842,2394,253,1668,2764,2567,2503,1353,2775,60,1.427,1,2125,0,65.121,2.831,-24.375,-22.750,-55.938,-0.129,0.203,1.082,-2.754,-0.656,1.289,0.060,0.040,1.165,1.391,2,NULL,NULL,,3,0,2,7,255,939,250,0,0
stim,65142,95263,0,95263,3292564.454,-0.534,-0.049,0.078,0.840,2367,256,1783,2713,2606,2506,1487,2793,60,1.427,1,2125,0,70.164,1.621,-33.625,-22.688,-57.250,-0.152,0.078,1.035,-1.609,-0.195,0.934,0.060,0.042,1.165,1.391,2,NULL,NULL,,3,0,2,7,255,939,250,0,0
stim,65142,95263,0,95263,3292569.455,-0.536,-0.049,0.076,0.839,2269,267,1909,2663,2648,2510,1643,2803,60,1.427,1,2125,0,79.429,0.408,-40.188,-22.750,-64.625,-0.191,0.004,1.023,-0.402,-0.070,0.477,0.062,0.046,1.165,1.391,2,NULL,NULL,,3,0,2,7,255,939,250,0,0
stim,65142,95263,0,95263,3292574.454,-0.539,-0.050,0.073,0.838,2173,283,2045,2629,2687,2517,1751,2821,60,1.427,1,2125,0,93.323,0.352,-48.250,-23.813,-76.250,-0.203,-0.027,1.051,0.352,-0.023,0.477,0.066,0.052,1.165,1.391,2,NULL,NULL,,3,0,2,7,255,939,250,0,0
stim,65142,95263,0,95263,3292579.455,-0.542,-0.050,0.070,0.836,2039,303,2207,2579,2723,2515,1871,2839,60,1.427,1,2125,0,115.308,0.649,-68.000,-25.938,-89.438,-0.207,-0.051,1.145,0.648,-0.023,0.637,0.070,0.056,1.165,1.391,2,NULL,NULL,,3,0,2,7,255,939,250,0,0
stim,65142,95263,0,95263,3292584.454,-0.546,-0.052,0.066,0.834,1929,307,2315,2496,2759,2515,1989,2846,60,1.427,1,2125,0,135.333,0.658,-90.125,-25.250,-97.750,-0.152,-0.039,1.082,0.648,0.113,0.871,0.074,0.062,1.165,1.391,2,NULL,NULL,,3,0,2,7,255,939,250,0,0
stim,65165,95286,0,95286,3292589.455,-0.549,-0.053,0.061,0.832,1751,295,2411,2412,2776,2511,2075,2873,60,1.427,1,2125,0,135.389,0.539,-95.938,-27.250,-91.563,-0.074,-0.070,0.957,0.395,0.367,0.871,0.078,0.068,1.165,1.391,2,NULL,NULL,,3,0,2,7,255,939,250,0,0
stim,65165,95286,0,95286,3292594.453,-0.551,-0.054,0.057,0.830,1603,277,2513,2303,2823,2521,2191,2891,60,1.427,1,2125,0,121.262,0.550,-88.563,-30.688,-76.938,-0.125,-0.078,0.898,0.395,0.383,-0.457,0.082,0.072,1.165,1.391,2,NULL,NULL,,3,0,2,7,255,939,250,0,0
stim,65165,95286,0,95286,3292599.455,-0.554,-0.055,0.053,0.829,1352,265,2578,2205,2853,2517,2279,2888,60,1.427,1,2125,0,114.987,0.706,-73.813,-33.938,-81.375,-0.188,-0.070,0.938,0.594,0.383,-0.457,0.086,0.076,1.165,1.391,2,NULL,NULL,,3,0,2,7,255,939,250,0,0
stim,65165,95286,0,95286,3292604.454,-0.557,-0.056,0.049,0.827,1146,249,2631,2079,2861,2508,2361,2895,60,1.427,1,2125,0,112.024,0.706,-63.875,-36.313,-84.563,-0.094,-0.102,0.953,0.594,0.383,-0.438,0.086,0.078,1.165,1.391,2,NULL,NULL,,3,0,2,7,255,939,250,0,0
stim,65165,95286,0,95286,3292609.455,-0.560,-0.056,0.046,0.825,928,232,2668,1897,2889,2503,2431,2920,60,1.427,1,2125,0,100.334,0.896,-53.313,-37.938,-76.063,-0.027,-0.113,0.992,0.555,0.703,-0.406,0.086,0.080,1.165,1.391,2,NULL,NULL,,3,0,2,7,255,939,250,0,0
stim,65165,95286,0,95286,3292614.453,-0.562,-0.055,0.043,0.824,696,171,2714,1643,2903,2491,2506,2919,60,1.427,1,2125,0,89.166,1.352,-47.313,-40.000,-64.125,-0.027,-0.105,1.012,0.367,1.301,-0.125,0.086,0.078,1.165,1.391,2,NULL,NULL,,3,0,2,7,255,939,250,0,0
stim,65165,95286,0,95286,3292619.455,-0.564,-0.055,0.040,0.823,423,109,2741,1378,2931,2489,2575,2936,60,1.427,1,2125,0,78.371,1.325,-42.875,-40.875,-51.313,-0.051,-0.086,1.004,0.250,1.301,0.016,0.084,0.076,1.165,1.391,2,NULL,NULL,,3,0,2,7,255,939,250,0,0
stim,65165,95286,0,95286,3292624.454,-0.565,-0.054,0.038,0.822,271,72,2781,1054,2938,2479,2619,2941,60,1.427,1,2125,0,68.487,0.949,-33.125,-44.813,-39.813,-0.055,-0.043,1.016,0.121,0.941,0.070,0.082,0.074,1.165,1.391,2,NULL,NULL,,3,0,2,7,255,939,250,0,0
stim,65196,95317,0,95317,3292629.455,-0.567,-0.053,0.035,0.821,111,31,2811,844,2957,2457,2660,2959,60,1.427,1,2125,0,67.839,0.731,-31.250,-45.875,-39.000,-0.066,-0.051,1.055,-0.199,0.703,0.137,0.082,0.072,1.165,1.391,2,NULL,NULL,,3,0,2,7,255,939,250,0,0
stim,65196,95317,0,95317,3292634.453,-0.568,-0.052,0.033,0.821,23,18,2827,548,2980,2444,2685,2969,60,1.427,1,2125,0,69.859,0.754,-29.875,-49.813,-38.813,-0.027,-0.031,1.031,-0.273,0.703,0.270,0.080,0.070,1.165,1.391,2,NULL,NULL,,3,0,2,7,255,939,250,0,0
stim,65196,95317,0,95317,3292639.455,-0.569,-0.050,0.031,0.820,0,0,2847,364,2979,2418,2730,2979,60,1.427,1,2125,0,64.988,0.985,-21.375,-51.625,-33.188,0.023,0.066,1.012,-0.508,0.844,0.270,0.080,0.068,1.165,1.391,2,NULL,NULL,,3,0,2,7,255,939,250,0,0
stim,65196,95317,0,95317,3292644.454,-0.570,-0.049,0.029,0.820,0,0,2867,277,2999,2383,2765,2983,60,1.427,1,2125,0,64.957,1.769,-13.938,-55.000,-31.625,-0.039,0.121,1.023,-1.555,0.844,0.160,0.078,0.066,1.165,1.391,2,NULL,NULL,,3,0,2,7,255,939,250,0,0
stim,65196,95317,0,95317,3292649.455,-0.571,-0.046,0.028,0.819,0,0,2889,247,3007,2363,2791,2985,60,1.427,1,2125,0,73.907,1.558,30.875,-66.625,-8.375,-0.344,-0.023,1.246,-1.555,0.102,0.160,0.078,0.064,1.165,1.391,2,NULL,NULL,,3,0,2,7,255,939,250,0,0
stim,65196,95317,0,95317,3292654.453,-0.571,-0.041,0.029,0.820,0,0,2891,189,3017,2333,2814,2994,60,1.427,1,2125,0,113.124,2.104,77.188,-82.563,4.750,-0.590,-0.125,1.742,0.418,-2.063,2.680,0.078,0.062,1.165,1.391,2,NULL,NULL,,3,0,2,7,255,939,250,0,0
stim,65247,95368,0,95368,3292659.455,-0.571,-0.036,0.029,0.820,0,0,2899,146,3032,2299,2843,2995,60,1.427,1,2125,0,110.151,2.928,56.750,-94.250,-5.438,-0.477,0.020,2.043,0.418,-2.898,7.801,0.080,0.060,1.165,1.391,2,NULL,NULL,,3,0,2,7,255,939,250,0,0
stim,65247,95368,0,95368,3292664.453,-0.572,-0.035,0.024,0.819,0,0,2906,94,3045,2261,2871,2991,60,1.427,1,2125,0,117.867,2.909,-68.500,-90.313,-32.313,-0.063,0.031,1.625,0.242,-2.898,7.801,0.082,0.058,1.165,1.391,2,NULL,NULL,,3,0,2,7,255,939,250,0,0
stim,65247,95368,0,95368,3292669.455,-0.572,-0.034,0.019,0.819,0,0,2918,60,3051,2201,2887,2999,60,1.427,1,2125,0,131.107,0.608,-92.688,-92.563,-5.500,0.004,-0.031,1.086,-0.473,0.383,6.105,0.084,0.056,1.165,1.391,3,NULL,NULL,,3,0,2,7,255,939,250,0,0
stim,65247,95368,0,95368,3292674.454,-0.571,-0.031,0.015,0.821,0,0,2925,9,3063,2135,2907,2989,60,1.427,1,2125,0,116.468,1.166,-41.313,-102.750,36.063,-0.125,0.094,1.004,-1.102,0.383,0.805,0.086,0.056,1.165,1.391,3,NULL,NULL,,3,0,2,7,255,939,250,0,0
stim,65247,95368,0,95368,3292679.455,-0.569,-0.027,0.012,0.822,0,0,2920,0,3078,2043,2929,2993,60,1.427,1,2125,0,116.251,1.539,-3.938,-111.250,33.500,-0.289,0.156,1.098,-1.125,-1.051,0.805,0.086,0.056,1.165,1.391,3,NULL,NULL,,3,0,2,7,255,939,250,0,0
stim,65247,95368,0,95368,3292684.453,-0.569,-0.023,0.010,0.822,0,0,2915,0,3077,1937,2937,3005,60,1.427,1,2125,0,119.954,3.040,10.875,-118.375,16.063,-0.324,0.098,1.316,-1.125,-2.824,1.043,0.088,0.056,1.165,1.391,3,NULL,NULL,,3,0,2,7,255,939,250,0,0
stim,65247,95368,0,95368,3292689.455,-0.568,-0.018,0.007,0.823,0,0,2913,0,3089,1801,2957,2989,60,1.427,1,2125,0,126.111,2.884,6.938,-125.188,13.563,-0.273,-0.008,1.516,-0.582,-2.824,3.191,0.084,0.060,1.165,1.391,3,NULL,NULL,,3,0,2,7,255,939,250,0,0
stim,65247,95368,0,95368,3292694.453,-0.567,-0.014,0.004,0.823,0,0,2909,0,3080,1673,2964,2981,60,1.427,1,2125,0,134.786,2.221,-13.563,-132.438,21.063,-0.227,-0.090,1.523,0.164,-2.215,5.141,0.078,0.064,1.165,1.391,3,NULL,NULL,,3,0,2,7,255,939,250,0,0
stim,65247,95368,0,95368,3292699.455,-0.566,-0.010,-0.001,0.824,0,0,2891,0,3081,1495,2981,2985,60,1.427,1,2125,0,146.171,1.906,-34.313,-138.938,29.750,-0.215,-0.066,1.457,0.613,-1.805,5.141,0.068,0.076,1.165,1.391,3,NULL,NULL,,3,0,2,7,255,939,250,0,0
stim,65247,95368,0,95368,3292704.453,-0.564,-0.006,-0.006,0.825,0,0,2891,0,3092,1273,2999,2983,60,1.427,1,2125,0,157.208,1.906,-44.250,-146.750,34.938,-0.234,-0.004,1.324,0.613,-1.805,4.508,0.060,0.086,1.165,1.391,3,NULL,NULL,,3,0,2,7,255,939,250,0,0
stim,65275,95396,0,95396,3292709.455,-0.563,-0.001,-0.011,0.826,0,0,2868,0,3099,1049,2999,2961,60,1.427,1,2125,0,164.148,2.379,-37.313,-155.375,37.563,-0.270,0.020,1.254,0.195,-2.371,3.176,0.060,0.096,1.165,1.391,3,NULL,NULL,,3,0,2,7,255,939,250,0,0
stim,65275,95396,0,95396,3292714.454,-0.561,0.004,-0.016,0.827,0,0,2839,0,3099,797,3016,2939,60,1.427,1,2125,0,170.794,2.932,-27.063,-164.625,36.563,-0.273,0.004,1.262,0.195,-2.926,2.484,0.064,0.106,1.165,1.391,3,NULL,NULL,,3,0,2,7,255,939,250,0,0
stim,65275,95396,0,95396,3292719.455,-0.560,0.009,-0.021,0.828,0,0,2821,0,3109,612,3027,2922,60,1.427,1,2125,0,178.002,2.948,-23.563,-173.250,33.375,-0.270,-0.078,1.242,0.359,-2.926,2.418,0.072,0.118,1.165,1.391,3,NULL,NULL,,3,0,2,7,255,939,250,0,0
stim,65275,95396,0,95396,3292724.454,-0.558,0.015,-0.026,0.829,0,0,2789,0,3109,447,3031,2908,60,1.427,1,2125,0,185.938,3.123,-19.875,-181.813,33.500,-0.203,-0.164,1.215,1.164,-2.898,2.270,0.078,0.132,1.165,1.391,3,NULL,NULL,,3,0,2,7,255,939,250,0,0
stim,65275,95396,0,95396,3292729.455,-0.556,0.021,-0.031,0.830,0,0,2731,0,3109,282,3037,2889,60,1.427,1,2125,0,191.827,2.755,-15.875,-187.938,35.000,-0.191,-0.207,1.191,1.758,-2.121,2.066,0.088,0.150,1.165,1.391,3,NULL,NULL,,3,0,2,7,255,939,250,0,0
stim,65275,95396,0,95396,3292734.454,-0.555,0.027,-0.036,0.831,0,0,2707,0,3091,163,3049,2851,60,1.427,1,2125,0,199.640,3.033,-12.188,-195.563,38.250,-0.223,-0.188,1.156,2.168,-2.121,1.793,0.096,0.168,1.165,1.391,3,NULL,NULL,,3,0,2,7,255,939,250,0,0
stim,65299,95420,0,95420,3292739.455,-0.553,0.035,-0.041,0.832,0,0,2651,0,3092,87,3054,2811,60,1.427,1,2125,0,205.627,3.339,1.125,-202.688,34.625,-0.238,-0.109,1.195,2.168,-2.539,1.641,0.102,0.184,1.165,1.391,3,NULL,NULL,,3,0,2,7,255,939,250,0,0
stim,65299,95420,0,95420,3292744.453,-0.551,0.043,-0.046,0.832,0,0,2583,0,3087,47,3075,2762,60,1.427,1,2125,0,214.128,3.567,9.875,-211.688,30.688,-0.227,-0.023,1.258,1.602,-3.188,1.641,0.106,0.198,1.165,1.391,3,NULL,NULL,,3,0,2,7,255,939,250,0,0
stim,65299,95420,0,95420,3292749.455,-0.549,0.051,-0.050,0.833,0,0,2515,0,3091,28,3059,2711,60,1.427,1,2125,0,223.669,3.764,18.188,-220.875,30.188,-0.176,0.121,1.395,0.863,-3.664,2.160,0.110,0.214,1.165,1.391,3,NULL,NULL,,3,0,2,7,255,939,250,0,0
stim,65299,95420,0,95420,3292754.454,-0.547,0.060,-0.055,0.833,0,0,2391,0,3069,57,3069,2659,60,1.427,1,2125,0,233.905,4.191,28.375,-230.375,28.875,-0.145,0.223,1.703,-0.477,-4.164,3.398,0.114,0.228,1.165,1.391,3,NULL,NULL,,3,0,2,7,255,939,250,0,0
stim,65345,95466,0,95466,3292759.455,-0.545,0.069,-0.059,0.833,0,0,2263,0,3059,72,3063,2595,60,1.427,1,2125,0,241.228,5.111,42.938,-236.063,24.938,-0.230,0.254,2.164,-1.020,-5.008,6.301,0.122,0.246,1.165,1.391,3,NULL,NULL,,3,0,2,7,255,939,250,0,0
stim,65345,95466,0,95466,3292764.453,-0.543,0.079,-0.064,0.834,0,0,2091,0,3047,85,3067,2515,60,1.427,1,2125,0,258.918,7.089,19.250,-254.250,45.000,-0.449,0.281,2.520,-1.020,-7.016,10.480,0.130,0.264,1.165,1.391,3,NULL,NULL,,3,0,2,7,255,939,250,0,0
stim,65345,95466,0,95466,3292769.455,-0.540,0.089,-0.072,0.834,0,0,1897,0,3019,99,3051,2407,60,1.427,1,2125,0,286.864,10.176,-10.813,-281.063,56.375,-0.691,0.391,2.824,-0.055,-10.176,13.336,0.144,0.284,1.165,1.391,3,NULL,NULL,,3,0,2,7,255,939,250,0,0
stim,65345,95466,0,95466,3292774.454,-0.537,0.098,-0.082,0.834,0,0,1732,0,2995,103,3044,2285,60,1.427,1,2125,0,321.059,13.891,-69.625,-309.750,47.813,-0.863,0.582,2.891,-0.055,-13.891,15.098,0.162,0.306,1.165,1.391,3,NULL,NULL,,3,0,2,7,255,939,250,0,0
stim,65345,95466,0,95466,3292779.455,-0.535,0.108,-0.094,0.833,0,0,1587,0,2973,117,3019,2163,60,1.427,1,2125,0,357.947,16.997,-109.500,-339.750,26.563,-0.906,0.781,2.805,-0.551,-16.988,15.098,0.184,0.332,1.165,1.391,3,NULL,NULL,,3,0,2,7,255,939,250,0,0
stim,65345,95466,0,95466,3292784.453,-0.533,0.118,-0.107,0.831,0,0,1467,0,2924,119,2988,2039,60,1.427,1,2125,0,389.072,18.776,-124.375,-368.625,4.875,-0.898,0.938,2.750,-2.117,-18.656,13.492,0.210,0.362,1.165,1.391,3,NULL,NULL,,3,0,2,7,255,939,250,0,0
stim,65345,95466,0,95466,3292789.455,-0.532,0.129,-0.121,0.828,0,0,1353,0,2889,119,2936,1913,60,1.427,1,2125,0,416.750,20.119,-126.750,-396.875,-10.250,-0.867,1.027,2.930,-3.477,-19.816,13.223,0.242,0.396,1.165,1.391,3,NULL,NULL,,3,0,2,7,255,939,250,0,0
stim,65345,95466,0,95466,3292794.454,-0.530,0.141,-0.136,0.825,0,0,1212,0,2823,121,2869,1790,60,1.427,1,2125,0,448.466,21.583,-142.563,-425.063,-10.938,-0.938,0.973,3.082,-3.477,-21.301,13.223,0.282,0.440,1.165,1.391,3,NULL,NULL,,3,0,2,7,255,939,250,0,0
stim,65345,95466,0,95466,3292799.455,-0.528,0.154,-0.152,0.821,0,0,1126,0,2761,106,2800,1664,60,1.427,1,2125,0,484.447,23.352,-169.313,-453.813,-8.750,-1.012,0.805,3.059,-3.332,-23.113,13.223,0.332,0.496,1.165,1.391,3,NULL,NULL,,3,0,2,7,255,939,250,0,0
stim,65345,95466,0,95466,3292804.453,-0.526,0.166,-0.170,0.816,0,0,951,0,2661,75,2707,1517,60,1.427,1,2125,0,513.414,24.033,-190.438,-476.313,-21.313,-1.023,0.828,2.969,-1.758,-23.969,12.281,0.394,0.562,1.165,1.391,3,NULL,NULL,,3,0,2,7,255,939,250,0,0
stim,65375,95496,0,95496,3292809.455,-0.525,0.180,-0.188,0.810,0,0,808,0,2533,73,2573,1355,60,1.427,1,2125,0,525.450,24.699,-184.125,-489.625,-49.625,-0.969,0.746,2.969,-1.520,-24.652,10.348,0.472,0.642,1.165,1.391,3,NULL,NULL,,3,0,2,7,255,939,250,0,0
stim,65375,95496,0,95496,3292814.454,-0.524,0.194,-0.204,0.804,0,0,672,0,2364,43,2419,1173,60,1.427,1,2125,0,529.116,24.864,-159.188,-500.250,-66.125,-0.879,0.477,3.230,-1.266,-24.832,10.348,0.560,0.734,1.165,1.391,3,NULL,NULL,,3,0,2,7,255,939,250,0,0
stim,65375,95496,0,95496,3292819.455,-0.521,0.209,-0.222,0.797,0,0,459,0,2138,0,2211,997,60,1.427,1,2125,0,548.385,25.502,-172.625,-518.563,-44.938,-0.891,-0.012,3.402,1.039,-25.480,11.473,0.654,0.830,1.165,1.391,3,NULL,NULL,,3,0,2,7,255,939,250,0,0
stim,65375,95496,0,95496,3292824.454,-0.518,0.222,-0.242,0.790,0,0,279,0,1849,0,1917,877,60,1.427,1,2125,0,585.462,26.104,-238.063,-534.875,0.438,-0.770,-0.348,2.906,5.672,-25.480,11.473,0.754,0.930,1.165,1.391,3,NULL,NULL,,3,0,2,7,255,939,250,0,0
stim,65375,95496,0,95496,3292829.455,-0.513,0.235,-0.263,0.783,0,0,243,0,1528,0,1553,731,60,1.427,1,2125,0,597.911,23.415,-237.125,-548.750,11.938,-0.707,-0.570,2.102,7.820,-22.070,8.469,0.854,1.034,1.165,1.391,3,NULL,NULL,,3,0,2,7,255,939,250,0,0
stim,65375,95496,0,95496,3292834.454,-0.506,0.250,-0.282,0.776,0,0,109,0,1159,0,1033,623,60,1.427,1,2125,0,587.234,18.418,-154.750,-565.500,33.250,-0.715,-0.441,1.621,7.820,-16.676,2.215,0.958,1.142,1.165,1.391,3,NULL,NULL,,3,0,2,7,255,939,250,0,0
stim,65406,95527,0,95527,3292839.455,-0.497,0.268,-0.296,0.770,0,0,101,0,718,0,307,547,60,1.427,1,2125,0,581.270,18.338,-35.500,-577.625,54.438,-0.809,-0.035,1.902,7.629,-16.676,-2.328,1.066,1.252,1.165,1.391,3,NULL,NULL,,3,0,2,7,255,939,250,0,0
stim,65406,95527,0,95527,3292844.453,-0.485,0.287,-0.309,0.766,0,0,55,0,254,0,0,487,60,1.427,1,2125,0,602.256,19.048,48.188,-592.375,97.375,-1.281,0.273,2.535,4.813,-18.430,-2.762,1.176,1.368,1.165,1.391,3,NULL,NULL,,3,0,2,7,255,939,250,0,0
stim,65406,95527,0,95527,3292849.455,-0.472,0.303,-0.324,0.762,0,0,20,0,0,0,0,435,60,1.427,1,2125,0,595.126,27.358,-40.000,-579.875,127.750,-1.402,0.945,2.516,4.754,-26.941,-3.809,1.288,1.484,1.165,1.391,3,NULL,NULL,,3,0,2,7,255,939,250,0,0
stim,65406,95527,0,95527,3292854.454,-0.465,0.316,-0.341,0.753,0,0,17,0,0,0,0,377,60,1.427,1,2125,0,562.591,27.081,-173.438,-532.375,54.813,-1.059,1.504,2.172,-0.414,-27.078,-7.641,1.398,1.596,1.165,1.391,3,NULL,NULL,,3,0,2,7,255,939,250,0,0
stim,65442,95563,0,95563,3292859.455,-0.460,0.325,-0.361,0.743,0,0,17,0,0,0,0,303,60,1.427,1,2125,0,547.035,27.983,-287.563,-464.500,28.188,-0.625,1.895,1.680,-7.059,-27.078,-9.625,1.500,1.702,1.165,1.391,4,NULL,NULL,,3,0,2,7,255,939,250,0,0
stim,65442,95563,0,95563,3292864.453,-0.455,0.326,-0.384,0.734,0,0,9,0,0,0,0,215,60,1.427,1,2125,0,593.103,23.881,-430.188,-382.813,142.000,-1.137,1.566,1.117,-9.008,-22.117,-10.941,1.600,1.808,1.165,1.391,0,NULL,NULL,,3,0,2,7,255,939,250,0,0
stim,65442,95563,0,95563,3292869.455,-0.452,0.318,-0.412,0.725,0,0,17,0,0,0,0,156,60,1.427,1,2125,0,695.204,22.423,-608.688,-253.625,220.188,-0.844,2.078,-0.574,-12.984,-18.281,-18.094,1.706,1.916,1.165,1.391,0,NULL,NULL,,3,0,2,7,255,939,250,0,0
stim,65442,95563,0,95563,3292874.454,-0.453,0.313,-0.426,0.717,0,0,12,0,0,0,0,95,60,1.427,1,2125,0,391.777,9.457,-369.750,-116.813,55.938,-0.656,0.914,-1.543,-9.008,-2.879,-24.766,1.822,2.036,1.165,1.391,0,NULL,NULL,,3,0,2,7,255,939,250,0,0
stim,65442,95563,0,95563,3292879.455,-0.452,0.316,-0.424,0.718,0,0,11,0,0,0,0,101,60,1.427,1,2125,0,82.263,6.360,75.563,-27.000,-18.125,-0.918,-0.930,-0.281,-6.305,0.836,-24.766,1.948,2.164,1.165,1.391,0,NULL,NULL,,3,0,2,7,255,939,250,0,0
stim,65442,95563,0,95563,3292884.454,-0.451,0.318,-0.418,0.722,0,0,4,0,0,0,0,110,60,1.427,1,2125,0,177.450,11.721,172.125,42.250,-8.750,-1.297,-1.453,1.992,11.691,0.836,-15.465,2.078,2.296,1.165,1.391,0,NULL,NULL,,3,0,2,7,255,939,250,0,0
stim,65464,95585,0,95585,3292889.455,-0.454,0.313,-0.417,0.722,0,0,0,0,0,0,0,95,60,1.427,1,2125,0,138.985,22.653,-50.688,129.125,-8.625,-1.488,-0.418,2.348,11.691,-19.402,-10.289,2.198,2.416,1.165,1.391,0,NULL,NULL,,3,0,2,7,255,939,250,0,0
stim,65464,95585,0,95585,3292894.453,-0.461,0.303,-0.419,0.721,0,0,5,0,0,0,0,45,60,1.427,1,2125,0,291.348,22.019,-209.563,202.063,-11.750,-1.375,1.227,1.094,10.410,-19.402,-10.289,2.298,2.518,1.165,1.391,0,NULL,NULL,,3,0,2,7,255,939,250,0,0
stim,65464,95585,0,95585,3292899.455,-0.468,0.292,-0.420,0.721,0,0,7,0,0,0,0,37,60,1.427,1,2125,0,287.392,18.396,-163.250,236.500,3.375,-1.301,2.094,0.316,-5.684,-17.496,-20.129,2.368,2.590,1.165,1.391,0,NULL,NULL,,3,0,2,7,255,939,250,0,0
stim,65464,95585,0,95585,3292904.454,-0.473,0.284,-0.416,0.723,0,0,9,0,0,0,0,31,60,1.427,1,2125,0,250.822,16.898,-45.500,246.625,4.188,-1.383,1.730,0.477,-10.473,-13.262,-24.359,2.414,2.638,1.165,1.391,0,NULL,NULL,,3,0,2,7,255,939,250,0,0
stim,65464,95585,0,95585,3292909.455,-0.479,0.276,-0.411,0.725,0,0,1,0,0,0,0,27,60,1.427,1,2125,0,256.767,16.898,-17.688,255.688,-15.500,-1.383,0.688,1.043,-10.473,-13.262,-24.359,2.454,2.680,1.165,1.391,0,NULL,NULL,,3,0,2,7,255,939,250,0,0
stim,65464,95585,0,95585,3292914.453,-0.486,0.266,-0.408,0.726,0,0,0,0,0,0,0,39,60,1.427,1,2125,0,281.453,14.642,-86.875,266.313,-27.313,-1.199,0.086,1.031,-1.230,-14.590,-17.797,2.502,2.732,1.165,1.391,0,NULL,NULL,,3,0,2,7,255,939,250,0,0
stim,65464,95585,0,95585,3292919.455,-0.493,0.255,-0.406,0.726,0,0,0,0,0,0,0,39,60,1.427,1,2125,0,309.612,14.664,-142.813,274.063,-18.813,-0.938,0.191,0.406,1.473,-14.590,-15.449,2.558,2.792,1.165,1.391,0,NULL,NULL,,3,0,2,7,255,939,250,0,0
stim,65464,95585,0,95585,3292924.454,-0.500,0.244,-0.404,0.727,0,0,0,0,0,0,0,43,60,1.427,1,2125,0,304.024,8.554,-123.063,278.000,-1.438,-0.777,0.547,-0.203,1.473,-8.426,-15.449,2.618,2.852,1.165,1.391,0,NULL,NULL,,3,0,2,7,255,939,250,0,0
stim,65494,95615,0,95615,3292929.455,-0.505,0.233,-0.399,0.729,0,0,0,0,0,0,0,43,60,1.427,1,2125,0,288.802,3.777,-58.313,282.625,11.375,-0.695,0.676,-0.398,-1.957,-3.230,-18.582,2.678,2.914,1.165,1.391,0,NULL,NULL,,3,0,2,7,255,939,250,0,0
stim,65494,95615,0,95615,3292934.453,-0.510,0.224,-0.393,0.732,0,0,0,0,0,0,0,41,60,1.427,1,2125,0,292.293,3.081,-3.750,291.563,20.313,-0.602,0.543,-0.297,-2.453,-1.863,-18.582,2.738,2.976,1.165,1.391,0,NULL,NULL,,3,0,2,7,255,939,250,0,0
stim,65494,95615,0,95615,3292939.455,-0.514,0.214,-0.386,0.736,0,0,0,0,0,0,0,35,60,1.427,1,2125,0,307.998,3.081,22.438,304.813,38.063,-0.512,0.375,-0.195,-2.453,-1.863,-17.754,2.800,3.040,1.165,1.391,0,NULL,NULL,,3,0,2,7,255,939,250,0,0
stim,65494,95615,0,95615,3292944.454,-0.517,0.204,-0.378,0.740,0,0,0,0,0,0,0,34,60,1.427,1,2125,0,324.801,2.486,43.250,317.813,51.188,-0.563,0.316,-0.160,-1.352,-2.086,-15.887,2.860,3.102,1.165,1.391,0,NULL,NULL,,3,0,2,7,255,939,250,0,0
stim,65494,95615,0,95615,3292949.455,-0.521,0.194,-0.368,0.745,0,0,0,0,0,0,0,34,60,1.427,1,2125,0,342.070,2.952,73.250,329.063,58.000,-0.566,0.367,-0.070,-1.188,-2.703,-15.754,2.910,3.156,1.165,1.391,0,NULL,NULL,,3,0,2,7,255,939,250,0,0
stim,65494,95615,1,95615,3292954.453,-0.523,0.185,-0.357,0.751,0,0,0,0,0,0,0,28,60,1.427,1,2125,0,359.917,3.844,104.688,338.625,62.563,-0.555,0.375,0.105,-1.188,-3.656,-15.316,2.948,3.196,1.165,1.391,0,NULL,NULL,,3,1,2,7,255,939,250,0,0
stim,65547,95668,1,95668,3292959.455,-0.526,0.175,-0.346,0.757,0,0,0,0,0,0,0,20,60,1.427,1,2125,0,375.609,5.237,126.000,347.188,68.313,-0.551,0.391,0.359,-1.492,-5.020,-14.023,2.978,3.228,1.165,1.391,0,NULL,NULL,,3,1,2,7,255,939,250,0,0
stim,65547,95668,1,95668,3292964.454,-0.528,0.165,-0.334,0.763,0,0,0,0,0,0,0,0,60,1.427,1,2125,0,386.038,7.194,130.313,356.250,71.625,-0.539,0.418,0.582,-1.961,-6.922,-12.156,3.004,3.256,1.165,1.391,0,NULL,NULL,,3,1,2,7,255,939,250,0,0
stim,65547,95668,1,95668,3292969.455,-0.531,0.155,-0.321,0.769,0,0,0,0,0,0,0,5,60,1.427,1,2125,0,391.924,8.854,124.250,365.688,66.625,-0.516,0.465,0.746,-2.543,-8.480,-10.398,3.028,3.284,1.165,1.391,0,NULL,NULL,,3,1,2,7,255,939,250,0,0
stim,65547,95668,1,95668,3292974.454,-0.533,0.145,-0.309,0.774,0,0,0,0,0,0,0,4,60,1.427,1,2125,0,397.200,9.917,119.750,373.250,64.125,-0.438,0.434,0.832,-3.246,-9.371,-8.980,3.054,3.312,1.165,1.391,0,NULL,NULL,,3,1,2,7,255,939,250,0,0
stim,65547,95668,1,95668,3292979.455,-0.536,0.134,-0.296,0.779,0,0,0,0,0,0,0,2,60,1.427,1,2125,0,401.917,10.058,117.875,378.813,64.375,-0.414,0.387,0.934,-3.246,-9.520,-7.504,3.084,3.344,1.165,1.391,0,NULL,NULL,,3,1,2,7,255,939,250,0,0
stim,65547,95668,1,95668,3292984.454,-0.539,0.123,-0.284,0.784,0,0,0,0,0,0,0,3,60,1.427,1,2125,0,404.691,10.146,113.000,383.688,61.563,-0.395,0.309,1.031,-3.223,-9.621,-6.113,3.116,3.378,1.165,1.391,0,NULL,NULL,,3,1,2,7,255,939,250,0,0
stim,65547,95668,1,95668,3292989.455,-0.541,0.111,-0.271,0.788,0,0,0,0,0,0,0,3,60,1.427,1,2125,0,405.547,10.015,104.563,387.500,58.125,-0.367,0.250,1.086,-2.781,-9.621,-4.676,3.152,3.416,1.165,1.391,0,NULL,NULL,,3,1,2,7,255,939,250,0,0
stim,65547,95668,1,95668,3292994.453,-0.544,0.099,-0.259,0.792,0,0,0,0,0,0,0,7,60,1.427,1,2125,0,405.103,9.742,95.188,389.813,55.625,-0.340,0.219,1.074,-2.477,-9.422,-3.594,3.192,3.458,1.165,1.391,0,NULL,NULL,,3,1,2,7,255,939,250,0,0
stim,65547,95668,1,95668,3292999.455,-0.546,0.088,-0.247,0.796,0,0,0,0,0,0,0,7,60,1.427,1,2125,0,404.153,9.157,91.188,390.063,53.625,-0.336,0.199,1.020,-2.344,-8.852,-3.254,3.236,3.504,1.165,1.391,0,NULL,NULL,,3,1,2,7,255,939,250,0,0
stim,65547,95668,1,95668,3293004.454,-0.549,0.076,-0.234,0.799,0,0,0,0,0,0,0,7,60,1.427,1,2125,0,404.125,8.534,94.563,389.688,50.188,-0.309,0.188,0.973,-2.184,-8.250,-3.234,3.280,3.550,1.165,1.391,0,NULL,NULL,,3,1,2,7,255,939,250,0,0
stim,65571,95692,1,95692,3293009.455,-0.551,0.064,-0.221,0.802,0,0,0,0,0,0,0,9,60,1.427,1,2125,0,404.036,7.868,100.438,388.750,45.063,-0.258,0.211,0.957,-2.184,-7.559,-3.234,3.322,3.596,1.165,1.391,0,NULL,NULL,,3,1,2,7,255,939,250,0,0
stim,65571,95692,1,95692,3293014.453,-0.553,0.053,-0.208,0.805,0,0,0,0,0,0,0,9,60,1.427,1,2125,0,403.644,7.198,112.375,384.375,50.563,-0.246,0.125,0.961,-2.168,-6.863,-3.039,3.366,3.642,1.165,1.391,0,NULL,NULL,,3,1,2,7,255,939,250,0,0
stim,65571,95692,1,95692,3293019.455,-0.555,0.042,-0.195,0.808,0,0,0,0,0,0,0,25,60,1.427,1,2125,0,403.012,6.685,123.250,379.813,54.500,-0.195,0.133,0.984,-2.234,-6.301,-2.469,3.410,3.686,1.165,1.391,0,NULL,NULL,,3,1,2,7,255,939,250,0,0
stim,65571,95692,1,95692,3293024.454,-0.556,0.032,-0.181,0.811,1,0,0,0,0,0,0,18,60,1.427,1,2125,0,401.003,6.028,135.125,373.688,53.875,-0.180,0.047,0.977,-1.930,-5.711,-1.926,3.450,3.728,1.165,1.391,0,NULL,NULL,,3,1,2,7,255,939,250,0,0
stim,65591,95712,1,95712,3293029.455,-0.557,0.022,-0.167,0.813,0,0,0,0,0,0,0,28,60,1.427,1,2125,0,402.643,5.491,154.875,366.125,63.938,-0.141,0.121,1.051,-2.234,-5.016,-1.535,3.490,3.770,1.165,1.391,0,NULL,NULL,,3,1,2,7,255,939,250,0,0
stim,65591,95712,1,95712,3293034.454,-0.557,0.013,-0.152,0.816,0,0,0,0,0,0,0,29,60,1.427,1,2125,0,403.080,5.550,167.188,360.438,67.875,-0.172,0.141,1.102,-2.473,-4.969,-0.816,3.528,3.810,1.165,1.391,0,NULL,NULL,,3,1,2,7,255,939,250,0,0
stim,65591,95712,1,95712,3293039.455,-0.557,0.005,-0.137,0.819,0,0,0,0,0,0,0,28,60,1.427,1,2125,0,405.798,5.607,186.375,352.750,74.188,-0.184,0.176,1.246,-2.598,-4.969,-0.270,3.564,3.850,1.165,1.391,0,NULL,NULL,,3,1,2,7,255,939,250,0,0
stim,65591,95712,1,95712,3293044.454,-0.557,-0.003,-0.121,0.822,0,0,0,0,0,0,0,26,60,1.427,1,2125,0,407.331,6.051,197.438,346.938,81.063,-0.246,0.184,1.402,-3.082,-5.207,1.160,3.596,3.884,1.165,1.391,0,NULL,NULL,,3,1,2,7,255,939,250,0,0
stim,65614,95735,1,95735,3293049.455,-0.556,-0.011,-0.105,0.824,0,0,0,0,0,0,0,25,60,1.427,1,2125,0,405.021,6.490,204.438,340.813,78.063,-0.309,0.164,1.555,-3.082,-5.711,2.703,3.626,3.916,1.165,1.391,0,NULL,NULL,,3,1,2,7,255,939,250,0,0
stim,65614,95735,1,95735,3293054.453,-0.555,-0.018,-0.090,0.827,0,0,0,0,0,0,0,25,60,1.427,1,2125,0,403.931,6.807,212.188,334.375,79.563,-0.344,0.211,1.750,-3.133,-6.043,4.340,3.656,3.948,1.165,1.391,0,NULL,NULL,,3,1,2,7,255,939,250,0,0
stim,65644,95765,1,95765,3293059.455,-0.554,-0.026,-0.074,0.829,0,0,0,0,0,0,0,20,60,1.427,1,2125,0,396.604,6.884,209.688,327.875,76.313,-0.379,0.188,1.879,-3.164,-6.113,6.309,3.682,3.976,1.165,1.391,0,NULL,NULL,,3,1,2,7,255,939,250,0,0
stim,65644,95765,1,95765,3293064.454,-0.553,-0.032,-0.059,0.830,0,0,0,0,0,0,0,10,60,1.427,1,2125,0,389.888,6.987,209.000,321.250,71.625,-0.395,0.215,1.996,-3.383,-6.113,7.820,3.708,4.004,1.165,1.391,0,NULL,NULL,,3,1,2,7,255,939,250,0,0
stim,65644,95766,1,95766,3293069.455,-0.552,-0.039,-0.043,0.832,0,0,0,0,0,0,0,6,60,1.427,1,2125,0,384.541,6.649,212.688,314.063,63.250,-0.410,0.145,2.098,-3.164,-5.848,9.117,3.734,4.032,1.165,1.391,0,NULL,NULL,,3,1,2,7,255,939,250,0,0
stim,65644,95766,1,95766,3293074.454,-0.551,-0.045,-0.027,0.833,0,0,0,0,0,0,0,6,60,1.427,1,2125,0,381.018,5.810,215.188,310.000,52.625,-0.352,0.102,2.191,-2.707,-5.141,10.418,3.760,4.060,1.165,1.391,0,NULL,NULL,,3,1,2,7,255,939,250,0,0
stim,65644,95766,1,95766,3293079.455,-0.551,-0.051,-0.012,0.833,0,0,0,0,0,0,0,5,60,1.427,1,2125,0,382.096,4.565,218.875,310.063,44.188,-0.281,-0.031,2.258,-2.547,-3.789,11.496,3.786,4.088,1.165,1.391,0,NULL,NULL,,3,1,2,7,255,939,250,0,0
stim,65644,95766,1,95766,3293084.453,-0.550,-0.057,0.004,0.833,0,0,0,0,0,0,0,4,60,1.427,1,2125,0,383.843,2.470,222.438,310.750,35.938,-0.242,-0.176,2.270,-1.570,-1.906,12.387,3.812,4.116,1.165,1.391,0,NULL,NULL,,3,1,2,7,255,939,250,0,0
stim,65645,95766,1,95766,3293089.455,-0.550,-0.063,0.020,0.832,0,0,0,0,0,0,0,2,60,1.427,1,2125,0,389.770,0.370,230.625,313.125,26.188,-0.195,-0.246,2.254,-0.266,-0.258,12.461,3.840,4.146,1.165,1.391,0,NULL,NULL,,3,1,2,7,255,939,250,0,0
stim,65645,95766,1,95766,3293094.453,-0.551,-0.068,0.036,0.831,0,0,0,0,0,0,0,19,60,1.427,1,2125,0,401.160,1.196,247.500,315.375,14.563,-0.145,-0.309,2.273,0.383,1.133,12.543,3.868,4.176,1.165,1.391,0,NULL,NULL,,3,1,2,7,255,939,250,0,0
stim,65646,95767,1,95767,3293099.455,-0.551,-0.073,0.053,0.829,0,0,0,0,0,0,0,41,60,1.427,1,2125,0,414.061,2.786,267.563,316.000,-0.813,-0.047,-0.391,2.359,0.945,2.621,12.543,3.894,4.204,1.165,1.391,0,NULL,NULL,,3,1,2,7,255,939,250,0,0
stim,65646,95767,1,95767,3293104.453,-0.552,-0.078,0.071,0.827,0,0,0,0,0,0,0,39,60,1.427,1,2125,0,426.358,4.901,286.188,315.500,-18.375,0.141,-0.477,2.445,1.480,4.672,13.086,3.916,4.228,1.165,1.391,0,NULL,NULL,,3,1,2,7,255,939,250,0,0
stim,65673,95794,1,95794,3293109.455,-0.554,-0.082,0.090,0.824,0,0,0,0,0,0,0,46,60,1.427,1,2125,0,441.334,7.803,307.125,315.313,-32.063,0.395,-0.547,2.527,1.797,7.594,13.215,3.932,4.246,1.165,1.391,0,NULL,NULL,,3,1,2,7,255,939,250,0,0
stim,65673,95794,1,95794,3293114.453,-0.555,-0.086,0.109,0.820,0,0,0,0,0,0,0,51,60,1.427,1,2125,0,456.092,11.220,327.625,314.875,-39.188,0.637,-0.609,2.648,1.824,11.070,13.254,3.944,4.260,1.165,1.391,0,NULL,NULL,,3,1,2,7,255,939,250,0,0
stim,65673,95794,1,95794,3293119.455,-0.557,-0.089,0.129,0.816,0,0,0,0,0,0,0,53,60,1.427,1,2125,0,466.620,14.645,343.000,313.563,-42.000,0.824,-0.664,2.789,1.887,14.523,13.254,3.948,4.266,1.165,1.391,0,NULL,NULL,,3,1,2,7,255,939,250,0,0
stim,65673,95794,1,95794,3293124.454,-0.558,-0.091,0.148,0.811,0,0,0,0,0,0,0,55,60,1.427,1,2125,0,473.110,17.675,352.438,311.938,-48.125,0.996,-0.652,2.930,2.023,17.559,13.406,3.946,4.268,1.165,1.391,0,NULL,NULL,,3,1,2,7,255,939,250,0,0
stim,65673,95794,1,95794,3293129.455,-0.560,-0.094,0.168,0.806,0,0,0,0,0,0,0,59,60,1.427,1,2125,0,476.099,20.386,355.063,311.688,-58.750,1.152,-0.609,3.063,2.023,20.285,13.449,3.938,4.260,1.165,1.391,0,NULL,NULL,,3,1,2,7,255,939,250,0,0
stim,65673,95794,1,95794,3293134.453,-0.562,-0.097,0.188,0.800,0,0,0,0,0,0,0,59,60,1.427,1,2125,0,481.170,22.805,361.563,308.875,-73.438,1.309,-0.551,3.309,1.695,22.742,13.504,3.918,4.244,1.165,1.391,0,NULL,NULL,,3,1,2,7,255,939,250,0,0
stim,65705,95826,1,95826,3293139.455,-0.565,-0.099,0.207,0.793,0,0,0,0,0,0,0,59,60,1.427,1,2125,0,476.593,25.711,352.250,306.750,-94.688,1.508,-0.457,3.621,1.352,25.676,14.320,3.888,4.216,1.165,1.391,0,NULL,NULL,,3,1,2,7,255,939,250,0,0
stim,65705,95826,1,95826,3293144.453,-0.568,-0.103,0.225,0.785,0,0,0,0,0,0,0,69,60,1.427,1,2125,0,453.878,29.235,316.688,302.750,-118.563,1.820,-0.316,3.852,0.699,29.227,15.480,3.844,4.176,1.165,1.391,0,NULL,NULL,,3,1,2,7,255,939,250,0,0
stim,65705,95826,1,95826,3293149.455,-0.571,-0.108,0.240,0.778,0,0,0,0,0,0,0,88,60,1.427,1,2125,0,413.312,33.321,254.500,295.125,-137.688,2.250,-0.203,3.859,-0.738,33.313,15.480,3.786,4.120,1.165,1.391,0,NULL,NULL,,3,1,2,7,255,939,250,0,0
stim,65705,95826,1,95826,3293154.454,-0.574,-0.115,0.252,0.770,0,0,0,0,0,0,0,106,60,1.427,1,2125,0,366.226,37.508,180.625,284.688,-143.000,2.727,-0.191,3.590,-2.484,37.426,12.809,3.714,4.050,1.165,1.391,0,NULL,NULL,,3,1,2,7,255,939,250,0,0
stim,65742,95863,1,95863,3293159.455,-0.576,-0.122,0.262,0.764,0,0,0,0,0,0,0,165,60,1.427,1,2125,0,326.108,40.757,118.750,270.938,-137.250,3.191,-0.270,3.152,-3.813,40.578,7.297,3.626,3.964,1.165,1.391,0,NULL,NULL,,3,1,2,7,255,939,250,0,0
stim,65742,95863,1,95863,3293164.453,-0.578,-0.130,0.270,0.758,0,0,0,0,0,0,0,245,60,1.427,1,2125,0,291.550,42.849,73.375,251.875,-127.188,3.633,-0.395,2.680,-4.492,42.613,0.188,3.522,3.864,1.165,1.391,0,NULL,NULL,,3,1,2,7,255,939,250,0,0
stim,65742,95863,1,95863,3293169.455,-0.580,-0.138,0.277,0.754,0,0,0,0,0,0,0,339,60,1.427,1,2125,0,257.640,44.312,40.500,227.563,-113.813,4.129,-0.488,2.172,-4.766,44.055,-7.188,3.404,3.746,1.165,1.391,0,NULL,NULL,,3,1,2,7,255,939,250,0,0
stim,65742,95863,1,95863,3293174.454,-0.581,-0.145,0.282,0.750,0,0,0,0,0,0,0,391,60,1.427,1,2125,0,222.259,45.652,20.938,199.750,-95.188,4.707,-0.625,1.570,-5.465,45.324,-15.008,3.272,3.614,1.165,1.391,0,NULL,NULL,,3,1,2,7,255,939,250,0,0
stim,65742,95863,1,95863,3293179.455,-0.581,-0.151,0.286,0.746,0,0,0,0,0,0,0,411,60,1.427,1,2125,0,186.424,45.761,27.625,173.063,-63.563,5.051,-0.980,0.867,-5.465,45.434,-24.012,3.122,3.468,1.165,1.391,0,NULL,NULL,,3,1,2,7,255,939,250,0,0
stim,65742,95863,1,95863,3293184.453,-0.581,-0.153,0.293,0.744,0,0,0,0,0,0,0,411,60,1.427,1,2125,0,166.742,45.695,94.875,135.188,-22.938,5.375,-1.801,0.289,-4.000,45.520,-32.918,2.960,3.306,1.165,1.391,0,NULL,NULL,,3,1,2,7,255,939,250,0,0
stim,65773,95894,1,95894,3293189.455,-0.579,-0.151,0.301,0.742,0,0,0,0,0,0,0,389,60,1.427,1,2125,0,206.467,45.585,179.625,81.125,61.500,5.566,-3.008,0.555,2.438,45.520,-41.684,2.786,3.134,1.165,1.391,0,NULL,NULL,,3,1,2,7,255,939,250,0,0
stim,65773,95894,1,95894,3293194.453,-0.575,-0.142,0.313,0.743,0,0,0,0,0,0,0,349,60,1.427,1,2125,0,355.361,49.566,297.250,44.875,189.500,4.883,-3.066,1.043,13.109,47.801,-41.684,2.606,2.952,1.165,1.391,0,NULL,NULL,,3,1,2,7,255,939,250,0,0
stim,65773,95894,1,95894,3293199.455,-0.570,-0.130,0.327,0.742,0,0,0,0,0,0,0,311,60,1.427,1,2125,0,441.477,49.566,386.625,1.000,213.125,3.531,-1.867,2.059,13.109,47.801,-37.672,2.420,2.766,1.165,1.391,0,NULL,NULL,,3,1,2,7,255,939,250,0,0
stim,65773,95894,0,95894,3293204.453,-0.567,-0.117,0.339,0.741,0,0,0,0,0,0,0,293,60,1.427,1,2125,0,399.356,46.707,362.938,-54.000,157.625,2.852,-0.430,3.871,9.117,45.809,-19.785,2.230,2.576,1.165,1.391,0,NULL,NULL,,3,0,2,7,255,939,250,0,0
stim,65773,95894,0,95894,3293209.455,-0.567,-0.110,0.341,0.741,0,0,0,98,0,0,0,447,60,1.427,1,2125,0,174.111,45.956,138.813,-88.938,56.000,2.344,-0.148,5.246,3.672,45.809,1.730,2.040,2.382,1.165,1.391,0,NULL,NULL,,3,0,2,7,255,939,250,0,0
stim,65773,95894,0,95894,3293214.454,-0.562,-0.090,0.347,0.745,594,0,0,978,0,57,0,553,60,1.427,1,2125,0,504.544,50.142,326.750,-238.688,301.375,1.535,-1.574,6.883,3.672,50.008,15.816,1.848,2.186,1.165,1.391,0,NULL,NULL,,3,0,2,7,255,939,250,0,0
stim,65773,95894,0,95894,3293219.455,-0.554,-0.072,0.348,0.753,1320,0,0,1597,0,307,0,603,60,1.427,1,2125,0,498.756,56.556,158.500,-263.500,392.688,0.797,0.875,9.105,11.570,55.359,27.160,1.648,1.984,1.165,1.391,0,NULL,NULL,,3,0,2,7,255,939,250,0,0
stim,65773,95894,0,95894,3293224.454,-0.539,-0.086,0.312,0.778,1893,0,0,1935,0,557,0,635,60,1.427,1,2125,0,1100.853,56.556,-1017.875,-152.063,390.750,0.121,3.500,2.996,11.570,55.359,27.160,1.448,1.778,1.165,1.391,0,NULL,NULL,,3,0,2,7,255,939,250,0,0
stim,65797,95918,0,95918,3293229.455,-0.523,-0.098,0.272,0.802,2215,0,0,2121,0,859,0,685,61,1.427,1,2126,0,1161.439,27.824,-1062.563,-216.438,416.000,-0.555,4.469,-1.086,-26.215,9.324,25.844,1.244,1.574,1.165,1.391,1,954.000,15.000,,3,0,2,7,255,939,250,0,0
stim,65797,95918,0,95918,3293234.454,-0.509,-0.102,0.251,0.817,2454,0,0,2269,0,1043,0,763,61,1.427,1,2126,0,687.500,35.584,-567.375,-136.250,363.563,-2.414,2.746,-2.262,-26.215,-24.063,-2.871,1.046,1.370,1.165,1.391,1,NULL,NULL,,3,0,2,7,255,939,250,0,0
stim,65797,95918,0,95918,3293239.455,-0.503,-0.100,0.241,0.824,2575,0,0,2375,0,1245,0,843,61,1.427,1,2126,0,307.956,28.005,-216.813,-152.250,157.000,-2.430,0.328,-0.445,-14.328,-24.063,-3.055,0.850,1.164,1.165,1.391,1,NULL,NULL,,3,0,2,7,255,939,250,0,0
stim,65797,95918,0,95918,3293244.453,-0.504,-0.095,0.238,0.825,2727,0,0,2559,0,1357,0,931,61,1.427,1,2126,0,126.226,24.025,-13.750,-125.313,6.375,-0.586,1.473,1.090,-9.484,-22.074,-3.055,0.644,0.942,1.165,1.391,1,NULL,NULL,,3,0,2,7,255,939,250,0,0
stim,65800,95921,0,95921,3293249.455,-0.502,-0.091,0.236,0.827,2811,0,0,2733,0,1415,0,1045,61,1.427,1,2126,0,136.365,10.790,2.313,-107.250,84.188,0.320,2.734,1.551,-9.484,-5.145,5.719,0.442,0.702,1.165,1.391,2,NULL,NULL,,3,0,2,7,255,939,250,0,0
stim,65800,95921,0,95921,3293254.454,-0.492,-0.086,0.227,0.836,2925,0,0,2857,0,1478,0,1148,61,1.427,1,2126,0,386.949,9.922,-178.875,-174.500,295.438,-1.219,0.445,1.891,-9.484,-2.914,9.637,0.324,0.490,1.165,1.391,2,NULL,NULL,,3,0,2,7,255,939,250,0,0
stim,65847,95968,0,95968,3293259.455,-0.486,-0.086,0.209,0.844,2982,0,0,2935,0,1531,0,1277,61,1.427,1,2126,0,473.780,4.253,-400.563,-180.063,177.750,-2.449,-0.949,0.594,3.098,-2.914,9.637,0.336,0.366,1.165,1.391,2,NULL,NULL,,3,0,2,7,255,939,250,0,0
stim,65847,95968,0,95968,3293264.453,-0.488,-0.086,0.193,0.847,2963,0,0,2999,0,1595,0,1429,61,1.427,1,2126,0,367.922,20.096,-308.438,-196.000,-42.625,-2.023,-0.719,-0.770,15.973,-12.195,1.605,0.392,0.342,1.165,1.391,2,NULL,NULL,,3,0,2,7,255,939,250,0,0
stim,65847,95968,0,95968,3293269.455,-0.497,-0.082,0.186,0.844,3051,0,0,3051,0,1670,0,1556,61,1.427,1,2126,0,295.607,20.096,-64.125,-191.563,-215.813,-0.566,-0.410,0.051,15.973,-12.195,-8.387,0.438,0.376,1.165,1.391,2,NULL,NULL,,3,0,2,7,255,939,250,0,0
stim,65847,95968,0,95968,3293274.454,-0.508,-0.076,0.183,0.839,3077,0,0,3096,0,1739,0,1647,61,1.427,1,2126,0,306.042,6.670,36.063,-165.625,-254.813,0.680,-0.656,1.465,6.160,-2.559,-8.387,0.466,0.424,1.165,1.391,2,NULL,NULL,,3,0,2,7,255,939,250,0,0
stim,65847,95968,0,95968,3293279.455,-0.515,-0.073,0.179,0.835,3097,0,0,3143,0,1821,0,1689,61,1.427,1,2126,0,220.682,14.581,-12.000,-135.688,-173.625,1.426,-1.305,2.035,5.520,13.496,0.129,0.486,0.466,1.165,1.391,2,NULL,NULL,,3,0,2,7,255,939,250,0,0
stim,65847,95968,0,95968,3293284.453,-0.516,-0.071,0.171,0.836,3104,0,0,3160,0,1898,0,1719,61,1.427,1,2126,0,183.131,24.779,-121.125,-133.938,-30.438,1.609,-2.133,1.992,5.520,24.156,0.129,0.500,0.496,1.165,1.391,2,NULL,NULL,,3,0,2,7,255,939,250,0,0
stim,65847,95968,0,95968,3293289.455,-0.511,-0.070,0.161,0.841,3123,0,0,3179,0,1977,0,1733,61,1.427,1,2126,0,274.109,26.924,-204.500,-121.875,135.875,0.898,-2.141,1.262,11.891,24.156,-0.012,0.498,0.514,1.165,1.391,2,NULL,NULL,,3,0,2,7,255,939,250,0,0
stim,65847,95968,0,95968,3293294.454,-0.504,-0.068,0.153,0.848,3127,0,0,3199,0,2065,0,1736,61,1.427,1,2126,0,311.610,23.743,-185.313,-123.875,217.750,-0.371,-1.117,0.418,11.891,20.551,-4.203,0.476,0.524,1.165,1.391,2,NULL,NULL,,3,0,2,7,255,939,250,0,0
stim,65847,95968,0,95968,3293299.455,-0.499,-0.065,0.146,0.852,3131,0,0,3199,0,2135,33,1757,61,1.427,1,2126,0,223.723,11.753,-116.625,-134.563,135.438,-1.277,-0.070,0.605,11.309,3.203,-4.203,0.444,0.522,1.165,1.391,2,NULL,NULL,,3,0,2,7,255,939,250,0,0
stim,65847,95968,0,95968,3293304.453,-0.498,-0.061,0.141,0.853,3129,0,0,3210,21,2201,37,1785,61,1.427,1,2126,0,150.572,7.693,-58.125,-136.063,27.938,-0.535,0.293,0.719,6.719,-3.746,-1.340,0.406,0.502,1.165,1.391,2,NULL,NULL,,3,0,2,7,255,939,250,0,0
stim,65873,95994,0,95994,3293309.455,-0.499,-0.057,0.136,0.854,3123,0,0,3210,157,2277,41,1881,61,1.427,1,2126,0,140.595,3.841,-38.000,-135.313,3.688,-0.195,0.016,1.230,0.848,-3.746,-1.035,0.368,0.460,1.165,1.391,2,NULL,NULL,,3,0,2,7,255,939,250,0,0
stim,65873,95994,0,95994,3293314.454,-0.499,-0.054,0.131,0.855,3133,0,0,3211,431,2336,189,2003,61,1.427,1,2126,0,145.565,1.652,-67.063,-129.000,7.125,0.020,-0.059,1.301,0.477,1.582,2.238,0.334,0.396,1.165,1.391,2,NULL,NULL,,3,0,2,7,255,939,250,0,0
stim,65873,95994,0,95994,3293319.455,-0.499,-0.051,0.127,0.855,3131,0,0,3219,622,2377,221,2105,61,1.427,1,2126,0,108.195,3.761,-46.500,-97.688,-1.000,0.215,-0.078,1.672,0.477,3.730,2.363,0.310,0.318,1.165,1.391,2,NULL,NULL,,3,0,2,7,255,939,250,0,0
stim,65873,95994,0,95994,3293324.454,-0.501,-0.050,0.124,0.855,3103,0,0,3214,901,2407,234,2163,61,1.427,1,2126,0,74.054,6.275,-43.313,-53.688,-26.938,0.590,-0.039,1.238,-0.258,6.270,2.363,0.302,0.246,1.165,1.391,2,NULL,NULL,,3,0,2,7,255,939,250,0,0
stim,65891,96012,0,96012,3293329.455,-0.501,-0.048,0.123,0.856,3135,0,0,3215,1023,2424,251,2221,61,1.427,1,2126,0,58.314,6.740,-11.563,-56.938,5.000,0.664,0.426,1.055,-2.473,6.270,0.684,0.304,0.200,1.165,1.391,2,NULL,NULL,,3,0,2,7,255,939,250,0,0
stim,65891,96012,0,96012,3293334.454,-0.500,-0.047,0.121,0.856,3140,0,0,3207,1157,2449,266,2264,61,1.427,1,2126,0,39.333,6.446,-10.813,-34.875,14.625,0.012,0.152,1.641,-2.473,5.953,0.684,0.304,0.180,1.165,1.391,2,NULL,NULL,,3,0,2,7,255,939,250,0,0
stim,65891,96012,0,96012,3293339.455,-0.500,-0.048,0.117,0.857,3077,0,0,3199,1235,2457,269,2316,61,1.427,1,2126,0,89.880,3.409,-85.875,-26.188,-4.250,-0.145,0.016,1.152,-1.230,3.180,1.465,0.302,0.176,1.165,1.391,2,NULL,NULL,,3,0,2,7,255,939,250,0,0
stim,65891,96012,0,96012,3293344.453,-0.500,-0.048,0.115,0.857,3133,0,0,3195,1335,2470,273,2344,61,1.427,1,2126,0,66.633,1.313,-62.250,-23.313,-4.625,-0.156,0.102,0.664,-0.148,1.305,1.465,0.306,0.172,1.165,1.391,2,NULL,NULL,,3,0,2,7,255,939,250,0,0
stim,65914,96035,0,96035,3293349.455,-0.502,-0.048,0.114,0.856,3131,0,0,3207,1395,2475,275,2377,61,1.427,1,2126,0,42.871,0.452,-14.063,-21.313,-34.438,-0.234,0.082,0.953,0.371,-0.258,-0.168,0.318,0.160,1.165,1.391,2,NULL,NULL,,3,0,2,7,255,939,250,0,0
stim,65914,96035,0,96035,3293354.454,-0.504,-0.047,0.113,0.855,3132,4,0,3205,1466,2483,267,2381,61,1.427,1,2126,0,54.185,0.297,-7.438,-19.188,-50.125,-0.008,0.199,1.160,-0.148,-0.258,-0.168,0.340,0.140,1.165,1.391,2,NULL,NULL,,3,0,2,7,255,939,250,0,0
stim,65945,96066,0,96066,3293359.455,-0.505,-0.048,0.111,0.855,3129,8,0,3194,1527,2501,265,2413,61,1.427,1,2126,0,50.828,2.291,-30.188,-13.063,-38.750,0.105,0.227,1.188,-1.711,1.523,1.516,0.368,0.116,1.165,1.391,2,NULL,NULL,,3,0,2,7,255,939,250,0,0
stim,65945,96066,0,96066,3293364.453,-0.506,-0.048,0.109,0.854,3125,19,0,3192,1575,2501,266,2441,61,1.427,1,2126,0,54.981,2.291,-50.750,-8.625,-19.313,-0.043,0.133,1.090,-1.711,1.523,1.516,0.394,0.092,1.165,1.391,2,NULL,NULL,,3,0,2,7,255,939,250,0,0
stim,65945,96066,0,96066,3293369.455,-0.507,-0.049,0.107,0.854,3128,29,0,3189,1621,2517,264,2452,61,1.427,1,2126,0,55.692,1.688,-47.813,-4.188,-28.250,-0.160,0.141,0.965,-1.027,1.340,0.840,0.414,0.076,1.165,1.391,2,NULL,NULL,,3,0,2,7,255,939,250,0,0
stim,65945,96066,0,96066,3293374.454,-0.508,-0.050,0.106,0.853,3129,35,0,3189,1647,2511,261,2456,61,1.427,1,2126,0,53.013,1.105,-30.563,-4.063,-43.125,-0.090,0.172,0.938,-1.027,0.406,-0.137,0.428,0.066,1.165,1.391,2,NULL,NULL,,3,0,2,7,255,939,250,0,0
stim,65945,96066,0,96066,3293379.455,-0.510,-0.050,0.104,0.852,3124,41,0,3195,1679,2525,251,2473,61,1.427,1,2126,0,47.804,1.007,-20.125,-3.875,-43.188,0.055,0.059,1.008,-0.922,0.406,-0.215,0.436,0.058,1.165,1.391,2,NULL,NULL,,3,0,2,7,255,939,250,0,0
stim,65945,96066,0,96066,3293384.454,-0.511,-0.050,0.103,0.852,3123,45,0,3184,1693,2529,243,2464,61,1.427,1,2126,0,32.716,2.424,-22.250,-2.875,-23.813,0.074,-0.047,1.031,-0.922,2.242,-0.215,0.446,0.052,1.165,1.391,2,NULL,NULL,,3,0,2,7,255,939,250,0,0
stim,65945,96066,0,96066,3293389.455,-0.511,-0.051,0.102,0.852,3128,43,0,3190,1710,2518,230,2469,61,1.427,1,2126,0,23.372,2.246,-21.750,-1.750,-8.375,-0.023,-0.027,0.973,-0.133,2.242,-0.215,0.458,0.042,1.165,1.391,2,NULL,NULL,,3,0,2,7,255,939,250,0,0
stim,65945,96066,0,96066,3293394.453,-0.511,-0.051,0.102,0.852,3125,42,0,3181,1721,2517,229,2470,61,1.427,1,2126,0,13.501,1.891,-11.500,-1.375,-6.938,-0.125,0.063,0.961,-0.133,1.887,-0.320,0.470,0.034,1.165,1.391,2,NULL,NULL,,3,0,2,7,255,939,250,0,0
stim,65945,96066,0,96066,3293399.455,-0.512,-0.051,0.102,0.852,3127,47,0,3191,1734,2520,220,2471,61,1.427,1,2126,0,13.719,0.606,-0.813,-0.438,-13.688,-0.098,0.156,1.016,-0.156,0.586,-0.320,0.480,0.028,1.165,1.391,2,NULL,NULL,,3,0,2,7,255,939,250,0,0
stim,65945,96066,0,96066,3293404.454,-0.512,-0.051,0.102,0.851,3124,55,0,3175,1738,2517,220,2471,61,1.427,1,2126,0,8.180,1.241,-1.375,-0.125,-8.063,-0.070,0.199,1.098,-1.094,0.586,0.227,0.484,0.024,1.165,1.391,2,NULL,NULL,,3,0,2,7,255,939,250,0,0
stim,65974,96095,0,96095,3293409.455,-0.512,-0.051,0.101,0.851,3112,60,1,3177,1739,2517,219,2473,61,1.468,1,2126,1,10.241,1.670,-10.000,-0.313,-2.188,-0.109,0.230,1.102,-1.586,0.523,1.000,0.000,0.000,1.185,1.394,2,NULL,NULL,,3,0,2,7,255,939,250,0,0
stim,65974,96095,0,96095,3293414.454,-0.512,-0.051,0.101,0.852,3069,61,4,3175,1751,2523,221,2475,61,1.468,1,2126,1,16.828,1.603,-16.813,-0.688,-0.188,-0.156,0.180,1.039,-1.586,0.234,1.000,0.006,0.004,1.185,1.394,2,NULL,NULL,,3,0,2,7,255,939,250,0,0
stim,65974,96095,0,96095,3293419.455,-0.512,-0.051,0.100,0.852,3097,61,7,3163,1765,2518,220,2489,61,1.468,1,2126,1,16.230,1.037,-15.938,-3.063,-0.125,-0.176,0.145,0.984,-1.035,-0.066,0.582,0.012,0.006,1.185,1.394,2,NULL,NULL,,3,0,2,7,255,939,250,0,0
stim,65974,96095,0,96095,3293424.454,-0.512,-0.051,0.100,0.852,3099,70,11,3169,1773,2523,217,2500,61,1.468,1,2126,1,11.378,0.641,-10.375,-4.500,1.250,-0.176,0.121,0.988,-0.637,-0.070,0.102,0.016,0.008,1.185,1.394,2,NULL,NULL,,3,0,2,7,255,939,250,0,0
stim,65974,96096,0,96096,3293429.455,-0.512,-0.051,0.099,0.852,3006,71,13,3146,1789,2525,221,2503,61,1.468,1,2126,1,12.943,0.483,-10.500,-7.000,2.875,-0.199,0.121,1.020,-0.445,-0.188,0.102,0.020,0.008,1.185,1.394,2,NULL,NULL,,3,0,2,7,255,939,250,0,0
stim,65974,96096,0,96096,3293434.453,-0.512,-0.051,0.099,0.852,3065,71,19,3131,1811,2515,217,2515,61,1.468,1,2126,1,15.093,0.489,-12.250,-8.688,1.500,-0.207,0.148,1.004,-0.445,-0.203,0.328,0.022,0.008,1.185,1.394,2,NULL,NULL,,3,0,2,7,255,939,250,0,0
stim,66004,96126,0,96126,3293439.455,-0.512,-0.051,0.098,0.852,3051,73,39,3123,1828,2514,227,2523,61,1.468,1,2126,1,17.765,0.483,-14.188,-10.625,-1.188,-0.215,0.102,0.988,-0.340,-0.344,0.328,0.024,0.006,1.185,1.394,2,NULL,NULL,,3,0,2,7,255,939,250,0,0
stim,66004,96126,0,96126,3293444.454,-0.512,-0.051,0.097,0.852,3019,77,43,3114,1860,2521,238,2535,61,1.468,1,2126,1,18.958,0.361,-13.250,-12.813,-4.438,-0.203,0.059,0.957,-0.109,-0.344,0.137,0.026,0.004,1.185,1.394,2,NULL,NULL,,3,0,2,7,255,939,250,0,0
stim,66004,96126,0,96126,3293449.455,-0.512,-0.051,0.096,0.852,3021,77,51,3100,1887,2520,239,2548,61,1.468,1,2126,1,18.202,0.228,-8.875,-15.125,-4.875,-0.191,0.055,0.953,0.188,-0.129,-0.215,0.026,0.004,1.185,1.394,2,NULL,NULL,,3,0,2,7,255,939,250,0,0
stim,66004,96126,0,96126,3293454.453,-0.512,-0.050,0.096,0.852,3007,79,97,3081,1928,2525,253,2571,61,1.468,1,2126,1,18.341,0.221,-5.250,-16.563,-5.875,-0.191,0.074,0.969,0.188,-0.117,-0.215,0.028,0.004,1.185,1.394,2,NULL,NULL,,3,0,2,7,255,939,250,0,0
stim,66042,96163,0,96163,3293459.455,-0.513,-0.050,0.095,0.852,2983,78,139,3064,1967,2520,277,2583,61,1.468,1,2126,1,20.267,0.117,-3.063,-18.313,-8.125,-0.184,0.121,0.977,0.008,-0.117,-0.109,0.028,0.004,1.185,1.394,2,NULL,NULL,,3,0,2,7,255,939,250,0,0
stim,66042,96163,0,96163,3293464.454,-0.513,-0.049,0.095,0.852,2973,83,165,3051,2009,2531,284,2611,61,1.468,1,2126,1,22.351,0.500,-2.875,-19.813,-9.938,-0.191,0.145,0.984,-0.426,-0.262,-0.008,0.028,0.008,1.185,1.394,2,NULL,NULL,,3,0,2,7,255,939,250,0,0
stim,66042,96163,0,96163,3293469.455,-0.514,-0.048,0.094,0.851,2941,81,227,3035,2063,2526,315,2635,61,1.468,1,2126,1,24.968,0.627,-4.375,-21.625,-11.688,-0.215,0.141,0.992,-0.457,-0.430,0.117,0.028,0.010,1.185,1.394,2,NULL,NULL,,3,0,2,7,255,939,250,0,0
stim,66042,96163,0,96163,3293474.454,-0.514,-0.047,0.094,0.851,2910,112,287,3003,2093,2537,331,2651,61,1.468,1,2126,1,29.977,0.829,-4.625,-22.563,-19.188,-0.215,0.184,1.004,-0.570,-0.602,0.223,0.028,0.012,1.185,1.394,2,NULL,NULL,,3,0,2,7,255,939,250,0,0
stim,66042,96163,0,96163,3293479.455,-0.516,-0.047,0.093,0.851,2887,135,382,2976,2143,2535,383,2666,61,1.468,1,2126,1,37.318,1.008,-4.125,-22.563,-29.438,-0.160,0.199,1.023,-0.809,-0.602,0.367,0.030,0.014,1.185,1.394,2,NULL,NULL,,3,0,2,7,255,939,250,0,0
stim,66042,96163,0,96163,3293484.454,-0.517,-0.046,0.092,0.850,2856,135,485,2944,2205,2547,414,2680,61,1.468,1,2126,1,40.021,1.070,-6.875,-22.500,-32.375,-0.098,0.145,1.043,-0.996,-0.391,0.457,0.030,0.018,1.185,1.394,2,NULL,NULL,,3,0,2,7,255,939,250,0,0
stim,66064,96185,0,96185,3293489.455,-0.518,-0.045,0.091,0.849,2778,155,609,2921,2267,2551,495,2707,61,1.468,1,2126,1,38.506,1.080,-12.188,-23.000,-28.375,-0.113,0.082,1.016,-0.996,0.418,0.457,0.030,0.020,1.185,1.394,2,NULL,NULL,,3,0,2,7,255,939,250,0,0
stim,66064,96185,0,96185,3293494.453,-0.519,-0.045,0.090,0.849,2771,168,713,2889,2319,2555,571,2727,61,1.468,1,2126,1,38.411,0.583,-12.625,-23.875,-27.313,-0.164,0.090,0.973,-0.406,0.418,0.230,0.032,0.022,1.185,1.394,2,NULL,NULL,,3,0,2,7,255,939,250,0,0
stim,66064,96185,0,96185,3293499.455,-0.520,-0.044,0.089,0.848,2727,185,815,2855,2385,2557,633,2743,61,1.468,1,2126,1,42.620,0.351,-6.750,-25.875,-33.188,-0.215,0.129,0.988,-0.340,-0.086,0.168,0.034,0.024,1.185,1.394,2,NULL,NULL,,3,0,2,7,255,939,250,0,0
stim,66064,96185,0,96185,3293504.453,-0.522,-0.043,0.088,0.847,2671,185,974,2822,2440,2551,729,2759,61,1.468,1,2126,1,51.137,0.760,-5.375,-26.750,-43.250,-0.188,0.227,1.031,-0.340,-0.680,0.168,0.036,0.028,1.185,1.394,2,NULL,NULL,,3,0,2,7,255,939,250,0,0
stim,66064,96185,0,96185,3293509.455,-0.524,-0.043,0.087,0.846,2599,215,1145,2791,2485,2571,907,2781,61,1.468,1,2126,1,57.730,1.565,-9.125,-26.563,-50.438,-0.160,0.305,1.090,-1.328,-0.828,0.582,0.038,0.034,1.185,1.394,2,NULL,NULL,,3,0,2,7,255,939,250,0,0
stim,66064,96185,0,96185,3293514.453,-0.526,-0.042,0.086,0.845,2503,233,1275,2743,2455,2565,1070,2788,61,1.468,1,2126,1,66.315,2.014,-21.500,-26.063,-57.063,-0.156,0.266,1.109,-1.836,-0.828,1.152,0.044,0.040,1.185,1.394,2,NULL,NULL,,3,0,2,7,255,939,250,0,0
stim,66064,96185,0,96185,3293519.455,-0.528,-0.042,0.084,0.844,2411,235,1427,2699,2583,2570,1225,2805,61,1.468,1,2126,1,74.291,1.942,-33.625,-25.688,-61.063,-0.141,0.152,1.055,-1.836,-0.633,1.152,0.052,0.050,1.185,1.394,2,NULL,NULL,,3,0,2,7,255,939,250,0,0
stim,66064,96185,0,96185,3293524.454,-0.530,-0.042,0.082,0.843,2324,235,1595,2653,2635,2581,1365,2831,61,1.468,1,2126,0,78.337,0.941,-38.875,-25.313,-63.125,-0.145,0.059,1.012,-0.930,-0.145,0.707,0.062,0.058,1.185,1.394,2,NULL,NULL,,3,0,2,7,255,939,250,0,0
stim,66095,96216,0,96216,3293529.455,-0.533,-0.042,0.080,0.841,2200,236,1743,2591,2676,2579,1519,2845,61,1.468,1,2126,0,80.439,0.178,-41.625,-26.563,-63.500,-0.148,-0.016,1.000,-0.113,0.137,0.199,0.070,0.066,1.185,1.394,2,NULL,NULL,,3,0,2,7,255,939,250,0,0
stim,66095,96216,0,96216,3293534.454,-0.535,-0.043,0.077,0.840,2059,238,1889,2531,2717,2573,1671,2852,61,1.468,1,2126,0,86.106,0.615,-47.938,-26.813,-66.313,-0.141,-0.059,1.051,0.508,0.348,0.199,0.076,0.072,1.185,1.394,2,NULL,NULL,,3,0,2,7,255,939,250,0,0
stim,66095,96216,0,96216,3293539.455,-0.538,-0.043,0.073,0.839,1943,234,2005,2442,2745,2573,1789,2875,61,1.468,1,2126,0,101.753,0.987,-64.813,-28.063,-73.250,-0.160,-0.070,1.117,0.816,0.555,0.531,0.078,0.076,1.185,1.394,2,NULL,NULL,,3,0,2,7,255,939,250,0,0
stim,66095,96216,0,96216,3293544.453,-0.541,-0.044,0.070,0.837,1790,239,2121,2347,2770,2579,1913,2879,61,1.468,1,2126,0,117.798,0.987,-82.188,-29.000,-79.250,-0.176,-0.035,1.078,0.816,0.555,0.859,0.080,0.078,1.185,1.394,2,NULL,NULL,,3,0,2,7,255,939,250,0,0
stim,66095,96216,0,96216,3293549.455,-0.544,-0.046,0.065,0.836,1566,233,2250,2249,2796,2581,2009,2899,61,1.468,1,2126,0,125.053,0.725,-87.313,-29.750,-84.438,-0.129,-0.035,0.984,0.625,0.367,0.859,0.078,0.080,1.185,1.394,2,NULL,NULL,,3,0,2,7,255,939,250,0,0
stim,66095,96216,0,96216,3293554.454,-0.547,-0.047,0.061,0.834,1352,216,2333,2147,2835,2583,2131,2907,61,1.468,1,2126,0,123.744,0.725,-86.375,-33.125,-82.188,-0.078,-0.098,0.930,0.625,0.367,-0.082,0.078,0.080,1.185,1.394,2,NULL,NULL,,3,0,2,7,255,939,250,0,0
stim,66149,96270,0,96270,3293559.455,-0.549,-0.047,0.057,0.832,1161,169,2423,1974,2853,2569,2231,2917,61,1.468,1,2126,0,111.124,1.158,-75.125,-34.250,-74.375,-0.066,-0.117,0.898,0.711,0.914,-0.703,0.076,0.080,1.185,1.394,2,NULL,NULL,,3,0,2,7,255,939,250,0,0
stim,66149,96270,0,96270,3293564.453,-0.551,-0.047,0.054,0.831,939,136,2491,1799,2875,2571,2315,2935,61,1.468,1,2126,0,94.082,1.158,-59.063,-37.125,-63.125,-0.066,-0.078,0.926,0.711,0.914,-0.730,0.074,0.080,1.185,1.394,2,NULL,NULL,,3,0,2,7,255,939,250,0,0
stim,66149,96270,0,96270,3293569.455,-0.554,-0.047,0.051,0.830,721,77,2551,1523,2898,2567,2403,2937,61,1.468,1,2126,0,86.508,0.929,-47.563,-37.938,-61.500,-0.078,-0.055,0.984,0.406,0.836,-0.730,0.072,0.080,1.185,1.394,2,NULL,NULL,,3,0,2,7,255,939,250,0,0
stim,66149,96270,0,96270,3293574.454,-0.556,-0.047,0.048,0.829,443,69,2613,1299,2916,2553,2471,2955,61,1.468,1,2126,0,80.520,0.880,-39.813,-40.438,-57.125,-0.070,-0.078,1.023,0.355,0.805,-0.152,0.070,0.078,1.185,1.394,2,NULL,NULL,,3,0,2,7,255,939,250,0,0
stim,66149,96270,0,96270,3293579.455,-0.557,-0.046,0.045,0.828,265,1,2643,994,2927,2543,2525,2959,61,1.468,1,2126,0,78.442,0.770,-40.063,-42.563,-52.313,-0.055,-0.035,1.039,0.191,0.746,0.215,0.068,0.076,1.185,1.394,2,NULL,NULL,,3,0,2,7,255,939,250,0,0
stim,66149,96270,0,96270,3293584.453,-0.559,-0.045,0.043,0.827,99,0,2681,768,2952,2521,2585,2967,61,1.468,1,2126,0,76.034,0.755,-35.500,-44.250,-50.625,-0.074,0.051,1.008,-0.113,0.746,0.215,0.068,0.074,1.185,1.394,2,NULL,NULL,,3,0,2,7,255,939,250,0,0
stim,66149,96270,0,96270,3293589.455,-0.561,-0.044,0.040,0.825,21,0,2707,507,2972,2508,2627,2980,61,1.468,1,2126,0,77.983,1.115,-29.625,-46.750,-54.938,-0.008,0.043,1.027,-0.828,0.746,0.207,0.068,0.072,1.185,1.394,2,NULL,NULL,,3,0,2,7,255,939,250,0,0
stim,66149,96270,0,96270,3293594.454,-0.563,-0.043,0.038,0.825,0,0,2730,299,2981,2484,2665,2987,61,1.468,1,2126,0,73.169,1.275,-27.063,-49.938,-46.125,0.055,0.094,1.039,-1.020,0.766,0.207,0.070,0.070,1.185,1.394,2,NULL,NULL,,3,0,2,7,255,939,250,0,0
stim,66149,96270,0,96270,3293599.455,-0.564,-0.041,0.036,0.824,0,0,2761,189,2997,2452,2698,2999,61,1.468,1,2126,0,65.711,1.275,-20.188,-53.500,-32.375,-0.035,0.016,1.078,-1.020,0.766,0.234,0.072,0.068,1.185,1.394,2,NULL,NULL,,3,0,2,7,255,939,250,0,0
stim,66149,96270,0,96270,3293604.453,-0.564,-0.039,0.035,0.824,0,0,2783,148,3005,2427,2731,2997,61,1.468,1,2126,0,64.379,0.905,9.813,-63.313,-6.313,-0.281,-0.113,1.180,-0.703,0.570,0.742,0.074,0.066,1.185,1.394,2,NULL,NULL,,3,0,2,7,255,939,250,0,0
stim,66172,96293,0,96293,3293609.455,-0.565,-0.036,0.034,0.824,0,0,2807,88,3019,2419,2767,2997,61,1.468,1,2126,0,78.728,1.741,25.563,-74.250,-5.625,-0.410,-0.305,1.449,1.309,-1.148,2.012,0.080,0.066,1.185,1.394,2,NULL,NULL,,3,0,2,7,255,939,250,0,0
stim,66172,96293,0,96293,3293614.454,-0.565,-0.032,0.033,0.824,0,0,2811,73,3033,2387,2799,3003,61,1.468,1,2126,0,91.285,3.153,35.438,-83.750,-7.938,-0.445,-0.227,1.699,2.773,-1.500,4.785,0.082,0.068,1.185,1.394,3,NULL,NULL,,3,0,2,7,255,939,250,0,0
stim,66172,96293,0,96293,3293619.455,-0.565,-0.029,0.031,0.824,0,0,2825,22,3047,2354,2821,3017,61,1.468,1,2126,0,92.925,3.242,7.313,-92.625,-1.500,-0.277,0.078,1.648,2.773,-1.680,6.508,0.084,0.074,1.185,1.394,3,NULL,NULL,,3,0,2,7,255,939,250,0,0
stim,66172,96293,0,96293,3293624.454,-0.565,-0.027,0.027,0.824,0,0,2839,0,3050,2300,2847,3005,61,1.468,1,2126,0,108.739,1.753,-57.750,-92.000,-5.000,-0.004,0.156,1.313,-0.500,-1.680,6.508,0.080,0.084,1.185,1.394,3,NULL,NULL,,3,0,2,7,255,939,250,0,0
stim,66191,96312,0,96312,3293629.455,-0.565,-0.025,0.023,0.825,0,0,2835,0,3065,2250,2869,3017,61,1.468,1,2126,0,112.186,1.795,-54.500,-97.250,12.563,-0.129,0.141,1.027,-1.363,-1.168,2.988,0.080,0.094,1.185,1.394,3,NULL,NULL,,3,0,2,7,255,939,250,0,0
stim,66191,96312,0,96312,3293634.454,-0.563,-0.021,0.020,0.826,0,0,2851,0,3067,2186,2877,3015,61,1.468,1,2126,0,110.977,1.795,-5.063,-106.813,29.688,-0.219,0.102,1.047,-1.363,-1.168,0.516,0.082,0.100,1.185,1.394,3,NULL,NULL,,3,0,2,7,255,939,250,0,0
stim,66191,96312,0,96312,3293639.455,-0.563,-0.017,0.018,0.826,0,0,2845,0,3067,2119,2903,3017,61,1.468,1,2126,0,118.449,2.072,20.813,-114.188,23.625,-0.277,0.074,1.262,-0.668,-1.961,0.516,0.084,0.106,1.185,1.394,3,NULL,NULL,,3,0,2,7,255,939,250,0,0
stim,66191,96312,0,96312,3293644.453,-0.562,-0.012,0.016,0.827,0,0,2831,0,3079,2013,2911,3027,61,1.468,1,2126,0,121.220,2.160,14.063,-119.875,11.250,-0.277,-0.008,1.453,-0.223,-2.148,2.664,0.086,0.114,1.185,1.394,3,NULL,NULL,,3,0,2,7,255,939,250,0,0
stim,66215,96336,0,96336,3293649.455,-0.562,-0.008,0.013,0.827,0,0,2827,0,3095,1884,2933,3018,61,1.468,1,2126,0,127.979,2.210,-1.875,-127.000,15.688,-0.223,-0.059,1.473,0.520,-2.148,4.523,0.092,0.126,1.185,1.394,3,NULL,NULL,,3,0,2,7,255,939,250,0,0
stim,66215,96336,0,96336,3293654.454,-0.561,-0.003,0.009,0.828,0,0,2812,0,3098,1740,2943,3007,61,1.468,1,2126,0,136.669,1.792,-11.563,-134.125,23.563,-0.195,-0.059,1.418,0.805,-1.602,4.523,0.094,0.138,1.185,1.394,3,NULL,NULL,,3,0,2,7,255,939,250,0,0
stim,66244,96365,0,96365,3293659.455,-0.559,0.001,0.005,0.829,0,0,2797,0,3107,1575,2957,3004,61,1.468,1,2126,0,146.317,1.792,-20.000,-141.563,31.125,-0.195,0.004,1.395,0.805,-1.602,4.113,0.098,0.150,1.185,1.394,3,NULL,NULL,,3,0,2,7,255,939,250,0,0
stim,66244,96365,0,96365,3293664.453,-0.558,0.006,0.001,0.830,0,0,2779,0,3099,1335,2968,3001,61,1.468,1,2126,0,153.694,1.929,-23.625,-147.750,35.125,-0.195,0.070,1.316,0.320,-1.902,3.848,0.100,0.162,1.185,1.394,3,NULL,NULL,,3,0,2,7,255,939,250,0,0
stim,66244,96365,0,96365,3293669.455,-0.556,0.011,-0.003,0.831,0,0,2747,0,3101,1093,2969,2997,61,1.468,1,2126,0,162.226,2.307,-17.563,-156.625,38.438,-0.211,0.105,1.262,-0.250,-2.293,3.051,0.104,0.174,1.185,1.394,3,NULL,NULL,,3,0,2,7,255,939,250,0,0
stim,66244,96365,0,96365,3293674.454,-0.555,0.017,-0.007,0.832,0,0,2731,0,3113,869,2975,2989,61,1.468,1,2126,0,169.827,2.726,-10.813,-164.875,39.250,-0.242,0.066,1.266,-0.250,-2.715,2.500,0.108,0.188,1.185,1.394,3,NULL,NULL,,3,0,2,7,255,939,250,0,0
stim,66244,96365,0,96365,3293679.455,-0.553,0.022,-0.012,0.833,0,0,2697,0,3103,621,2992,2959,61,1.468,1,2126,0,177.920,2.717,-7.750,-173.250,39.750,-0.199,-0.031,1.270,0.109,-2.715,2.500,0.114,0.202,1.185,1.394,3,NULL,NULL,,3,0,2,7,255,939,250,0,0
stim,66244,96365,0,96365,3293684.453,-0.551,0.028,-0.016,0.834,0,0,2677,0,3109,439,3013,2941,61,1.468,1,2126,0,188.183,2.675,-9.813,-183.000,42.750,-0.215,-0.090,1.246,0.887,-2.523,2.500,0.120,0.218,1.185,1.394,3,NULL,NULL,,3,0,2,7,255,939,250,0,0
stim,66244,96365,0,96365,3293689.455,-0.549,0.035,-0.021,0.835,0,0,2633,0,3116,302,3000,2933,61,1.468,1,2126,0,193.196,2.786,-12.813,-187.813,43.438,-0.105,-0.105,1.184,1.328,-2.449,2.262,0.126,0.234,1.185,1.394,3,NULL,NULL,,3,0,2,7,255,939,250,0,0
stim,66244,96365,0,96365,3293694.454,-0.547,0.041,-0.026,0.836,0,0,2577,0,3107,139,3004,2899,61,1.468,1,2126,0,199.245,2.714,-12.063,-193.063,47.750,-0.160,-0.055,1.109,1.328,-2.367,1.688,0.132,0.248,1.185,1.394,3,NULL,NULL,,3,0,2,7,255,939,250,0,0
stim,66272,96393,0,96393,3293699.455,-0.545,0.048,-0.031,0.836,0,0,2516,0,3115,75,3025,2863,61,1.468,1,2126,0,203.979,2.636,6.000,-199.688,41.188,-0.199,0.020,1.121,1.160,-2.367,0.879,0.138,0.264,1.185,1.394,3,NULL,NULL,,3,0,2,7,255,939,250,0,0
stim,66272,96393,0,96393,3293704.453,-0.543,0.056,-0.035,0.837,0,0,2423,0,3111,40,3019,2833,61,1.468,1,2126,0,210.421,3.271,20.688,-207.250,29.938,-0.195,0.070,1.258,0.719,-3.191,0.879,0.146,0.280,1.185,1.394,3,NULL,NULL,,3,0,2,7,255,939,250,0,0
stim,66272,96393,0,96393,3293709.455,-0.543,0.065,-0.039,0.837,0,0,2316,0,3103,22,3017,2790,61,1.468,1,2126,0,212.328,3.714,19.438,-211.250,8.875,-0.172,0.133,1.453,0.367,-3.695,2.152,0.156,0.298,1.185,1.394,3,NULL,NULL,,3,0,2,7,255,939,250,0,0
stim,66272,96393,0,96393,3293714.454,-0.542,0.073,-0.044,0.836,0,0,2171,0,3091,57,3007,2749,61,1.468,1,2126,0,220.149,4.239,16.000,-219.563,1.375,-0.266,0.105,1.781,0.367,-4.223,3.977,0.168,0.318,1.185,1.394,3,NULL,NULL,,3,0,2,7,255,939,250,0,0
stim,66272,96393,0,96393,3293719.455,-0.541,0.082,-0.049,0.836,0,0,2042,0,3089,59,3017,2697,61,1.468,1,2126,0,235.430,5.747,26.125,-233.938,4.250,-0.402,0.051,2.324,0.801,-5.691,6.914,0.186,0.338,1.185,1.394,3,NULL,NULL,,3,0,2,7,255,939,250,0,0
stim,66272,96393,0,96393,3293724.454,-0.539,0.092,-0.055,0.836,0,0,1847,0,3077,78,2995,2635,61,1.468,1,2126,0,262.817,8.257,9.250,-261.063,28.875,-0.641,0.074,2.695,2.316,-7.926,11.809,0.208,0.364,1.185,1.394,3,NULL,NULL,,3,0,2,7,255,939,250,0,0
stim,66272,96394,0,96394,3293729.455,-0.536,0.101,-0.063,0.835,0,0,1677,0,3051,85,2979,2569,61,1.468,1,2126,0,296.729,11.536,-41.813,-290.938,40.688,-0.816,0.426,2.793,2.316,-11.301,14.652,0.238,0.396,1.185,1.394,3,NULL,NULL,,3,0,2,7,255,939,250,0,0
stim,66272,96394,0,96394,3293734.454,-0.535,0.111,-0.074,0.835,0,0,1549,0,3031,90,2955,2467,61,1.468,1,2126,0,332.296,15.100,-80.875,-321.500,22.750,-0.906,0.793,2.781,1.316,-15.043,14.652,0.276,0.440,1.185,1.394,3,NULL,NULL,,3,0,2,7,255,939,250,0,0
stim,66304,96425,0,96425,3293739.455,-0.533,0.121,-0.086,0.833,0,0,1439,0,2995,115,2913,2364,61,1.468,1,2126,0,365.789,18.006,-105.563,-350.188,5.188,-0.887,0.984,2.820,-1.473,-17.945,13.883,0.330,0.494,1.185,1.394,3,NULL,NULL,,3,0,2,7,255,939,250,0,0
stim,66304,96425,0,96425,3293744.453,-0.532,0.132,-0.099,0.830,0,0,1308,0,2967,119,2859,2237,61,1.468,1,2126,0,398.571,19.596,-116.000,-381.313,-1.875,-0.895,0.965,2.906,-2.801,-19.395,13.750,0.396,0.562,1.185,1.394,3,NULL,NULL,,3,0,2,7,255,939,250,0,0
stim,66304,96425,0,96425,3293749.455,-0.531,0.144,-0.113,0.827,0,0,1207,0,2916,117,2805,2129,61,1.468,1,2126,0,432.384,20.671,-136.813,-410.000,-11.750,-0.813,1.023,3.039,-3.152,-20.430,13.750,0.472,0.640,1.185,1.394,3,NULL,NULL,,3,0,2,7,255,939,250,0,0
stim,66304,96425,0,96425,3293754.454,-0.530,0.156,-0.129,0.824,0,0,1123,0,2863,111,2701,2012,61,1.468,1,2126,0,457.126,21.492,-140.750,-434.438,-20.438,-0.801,0.801,3.090,-2.801,-21.309,14.289,0.558,0.728,1.185,1.394,3,NULL,NULL,,3,0,2,7,255,939,250,0,0
stim,66342,96463,0,96463,3293759.455,-0.527,0.170,-0.145,0.820,0,0,997,0,2785,111,2585,1899,61,1.468,1,2126,0,492.571,21.540,-144.875,-470.750,5.688,-0.938,0.754,3.113,-1.438,-21.492,14.289,0.654,0.824,1.185,1.394,3,NULL,NULL,,3,0,2,7,255,939,250,0,0
stim,66342,96463,0,96463,3293764.453,-0.525,0.183,-0.162,0.815,0,0,871,0,2677,93,2409,1753,61,1.468,1,2126,0,515.721,23.531,-163.250,-489.188,3.625,-1.074,0.883,3.121,-0.945,-23.512,13.008,0.758,0.930,1.185,1.394,3,NULL,NULL,,3,0,2,7,255,939,250,0,0
stim,66342,96463,0,96463,3293769.455,-0.523,0.197,-0.179,0.810,0,0,772,0,2547,69,2187,1595,61,1.468,1,2126,0,524.953,26.100,-156.000,-500.438,-28.313,-1.117,0.609,3.195,-0.375,-26.098,11.273,0.866,1.042,1.185,1.394,3,NULL,NULL,,3,0,2,7,255,939,250,0,0
stim,66342,96463,0,96463,3293774.454,-0.521,0.213,-0.195,0.803,0,0,537,0,2386,37,1907,1403,61,1.468,1,2126,0,539.235,26.159,-149.250,-515.188,-55.500,-0.980,0.215,3.309,1.785,-26.098,11.273,0.982,1.158,1.185,1.394,3,NULL,NULL,,3,0,2,7,255,939,250,0,0
stim,66342,96463,0,96463,3293779.455,-0.519,0.228,-0.213,0.796,0,0,379,0,2123,0,1592,1173,61,1.468,1,2126,0,561.874,26.285,-162.938,-535.813,-45.375,-0.824,-0.270,3.160,5.000,-25.805,10.777,1.100,1.278,1.185,1.394,3,NULL,NULL,,3,0,2,7,255,939,250,0,0
stim,66342,96463,0,96463,3293784.453,-0.515,0.243,-0.232,0.789,0,0,238,0,1833,0,1105,1013,61,1.468,1,2126,0,582.192,24.797,-175.813,-554.938,-9.063,-0.609,-0.563,2.691,8.727,-23.211,10.660,1.218,1.402,1.185,1.394,3,NULL,NULL,,3,0,2,7,255,939,250,0,0
stim,66372,96493,0,96493,3293789.455,-0.510,0.259,-0.250,0.782,0,0,143,0,1475,0,557,873,61,1.468,1,2126,0,585.320,20.992,-146.813,-566.500,11.125,-0.563,-0.523,2.188,9.180,-18.879,7.609,1.336,1.522,1.185,1.394,3,NULL,NULL,,3,0,2,7,255,939,250,0,0
stim,66372,96493,0,96493,3293794.453,-0.503,0.276,-0.266,0.775,0,0,109,0,1041,0,131,661,61,1.468,1,2126,0,580.766,19.169,-88.625,-573.250,28.625,-0.617,-0.109,1.938,9.180,-16.828,3.164,1.446,1.638,1.185,1.394,3,NULL,NULL,,3,0,2,7,255,939,250,0,0
stim,66372,96493,0,96493,3293799.455,-0.494,0.294,-0.280,0.769,0,0,51,0,469,0,0,557,61,1.468,1,2126,0,575.710,17.688,-14.125,-573.500,48.375,-0.762,0.281,2.199,5.449,-16.828,-0.500,1.548,1.744,1.185,1.394,3,NULL,NULL,,3,0,2,7,255,939,250,0,0
stim,66372,96493,0,96493,3293804.454,-0.481,0.312,-0.293,0.765,0,0,23,0,17,0,0,455,61,1.468,1,2126,0,609.892,21.888,43.188,-592.063,139.875,-1.402,0.176,2.574,5.449,-21.199,-1.305,1.646,1.846,1.185,1.394,3,NULL,NULL,,3,0,2,7,255,939,250,0,0
stim,66372,96493,0,96493,3293809.455,-0.465,0.330,-0.308,0.761,0,0,20,0,0,0,0,376,61,1.468,1,2126,0,636.066,27.957,9.563,-603.625,200.313,-1.680,0.551,2.578,5.422,-27.426,-4.652,1.750,1.954,1.185,1.394,3,NULL,NULL,,3,0,2,7,255,939,250,0,0
stim,66372,96493,0,96493,3293814.453,-0.456,0.343,-0.325,0.754,0,0,10,0,0,0,0,301,61,1.468,1,2126,0,565.369,29.568,-136.063,-538.625,104.938,-1.289,1.332,2.328,5.422,-29.066,-8.887,1.864,2.072,1.185,1.394,3,NULL,NULL,,3,0,2,7,255,939,250,0,0
stim,66372,96493,0,96493,3293819.455,-0.453,0.350,-0.345,0.744,0,0,18,0,0,0,0,247,61,1.468,1,2126,0,539.683,29.250,-326.063,-428.813,32.563,-0.875,2.109,1.652,-3.270,-29.066,-10.133,1.984,2.196,1.185,1.394,4,NULL,NULL,,3,0,2,7,255,939,250,0,0
stim,66372,96493,0,96493,3293824.454,-0.453,0.345,-0.370,0.734,0,0,9,0,0,0,0,176,61,1.468,1,2126,0,636.440,27.537,-565.875,-263.563,124.000,-0.598,2.891,0.246,-13.305,-24.109,-13.043,2.106,2.318,1.185,1.394,0,NULL,NULL,,3,0,2,7,255,939,250,0,0
stim,66394,96515,0,96515,3293829.455,-0.455,0.337,-0.390,0.726,0,0,7,0,0,0,0,138,61,1.468,1,2126,0,532.414,25.474,-502.750,-123.000,124.813,-0.277,2.414,-1.000,-22.078,-12.707,-20.547,2.220,2.434,1.185,1.394,0,NULL,NULL,,3,0,2,7,255,939,250,0,0
stim,66394,96515,0,96515,3293834.453,-0.454,0.333,-0.396,0.726,0,0,6,0,0,0,0,123,61,1.468,1,2126,0,148.691,22.172,-121.625,-9.563,85.000,-0.949,0.305,-0.281,-22.078,-2.039,-20.547,2.314,2.528,1.185,1.394,0,NULL,NULL,,3,0,2,7,255,939,250,0,0
stim,66394,96515,0,96515,3293839.455,-0.452,0.332,-0.392,0.729,0,0,4,0,0,0,0,94,61,1.468,1,2126,0,110.860,2.059,90.625,47.875,42.250,-1.711,-1.102,1.688,0.285,-2.039,-19.781,2.376,2.592,1.185,1.394,0,NULL,NULL,,3,0,2,7,255,939,250,0,0
stim,66394,96515,0,96515,3293844.454,-0.456,0.327,-0.392,0.729,0,0,3,0,0,0,0,99,61,1.468,1,2126,0,148.165,25.708,-72.813,127.063,-22.500,-1.789,-1.246,2.352,17.770,-18.578,-13.148,2.416,2.634,1.185,1.394,0,NULL,NULL,,3,0,2,7,255,939,250,0,0
stim,66394,96515,0,96515,3293849.455,-0.464,0.317,-0.395,0.726,0,0,0,0,0,0,0,87,61,1.468,1,2126,0,317.074,25.708,-250.750,189.125,-43.500,-1.410,0.047,1.281,17.770,-18.578,-13.148,2.462,2.680,1.185,1.394,0,NULL,NULL,,3,0,2,7,255,939,250,0,0
stim,66394,96515,0,96515,3293854.453,-0.472,0.306,-0.399,0.725,0,0,0,0,0,0,0,53,61,1.468,1,2126,0,333.128,17.853,-250.563,219.375,-8.188,-1.125,1.555,0.277,5.367,-17.027,-15.387,2.520,2.744,1.185,1.394,0,NULL,NULL,,3,0,2,7,255,939,250,0,0
stim,66448,96569,0,96569,3293859.455,-0.477,0.295,-0.399,0.726,0,0,0,0,0,0,0,55,61,1.468,1,2126,0,263.961,14.562,-137.500,223.438,29.063,-1.094,2.043,0.051,-10.094,-10.496,-22.152,2.590,2.818,1.185,1.394,0,NULL,NULL,,3,0,2,7,255,939,250,0,0
stim,66448,96569,0,96569,3293864.454,-0.481,0.286,-0.396,0.728,0,0,0,0,0,0,0,57,61,1.468,1,2126,0,234.653,14.562,-54.000,225.000,39.000,-1.172,1.332,0.492,-10.094,-10.496,-22.152,2.664,2.892,1.185,1.394,0,NULL,NULL,,3,0,2,7,255,939,250,0,0
stim,66448,96569,0,96569,3293869.455,-0.485,0.277,-0.394,0.730,0,0,0,0,0,0,0,59,61,1.468,1,2126,0,249.196,14.566,-78.063,233.813,36.563,-1.148,0.348,0.738,-7.875,-12.254,-20.652,2.734,2.966,1.185,1.394,0,NULL,NULL,,3,0,2,7,255,939,250,0,0
stim,66448,96569,0,96569,3293874.454,-0.489,0.266,-0.393,0.732,0,0,0,0,0,0,0,59,61,1.468,1,2126,0,280.821,12.289,-133.375,243.313,43.250,-1.039,0.051,0.348,0.934,-12.254,-16.020,2.806,3.040,1.185,1.394,0,NULL,NULL,,3,0,2,7,255,939,250,0,0
stim,66448,96569,0,96569,3293879.455,-0.494,0.254,-0.393,0.733,0,0,0,0,0,0,0,57,61,1.468,1,2126,0,287.156,8.237,-132.313,250.875,44.875,-0.938,0.316,-0.262,0.934,-8.184,-16.020,2.876,3.112,1.185,1.394,0,NULL,NULL,,3,0,2,7,255,939,250,0,0
stim,66448,96569,0,96569,3293884.454,-0.498,0.244,-0.390,0.735,0,0,0,0,0,0,0,51,61,1.468,1,2126,0,270.404,3.381,-69.375,257.813,42.875,-0.797,0.574,-0.512,0.660,-3.316,-19.258,2.942,3.178,1.185,1.394,0,NULL,NULL,,3,0,2,7,255,939,250,0,0
stim,66448,96569,0,96569,3293889.455,-0.501,0.234,-0.384,0.739,0,0,0,0,0,0,0,47,61,1.468,1,2126,0,276.061,2.776,-3.563,271.688,48.813,-0.641,0.551,-0.328,-1.969,-1.957,-19.258,2.994,3.234,1.185,1.394,0,NULL,NULL,,3,0,2,7,255,939,250,0,0
stim,66448,96569,1,96569,3293894.453,-0.504,0.224,-0.378,0.744,0,0,0,0,0,0,0,31,61,1.468,1,2126,0,298.731,2.776,21.625,289.563,70.188,-0.559,0.418,-0.117,-1.969,-1.957,-18.180,3.036,3.276,1.185,1.394,0,NULL,NULL,,3,1,2,7,255,939,250,0,0
stim,66448,96569,1,96569,3293899.455,-0.506,0.213,-0.371,0.749,0,0,0,0,0,0,0,31,61,1.468,1,2126,0,324.200,3.479,33.125,308.000,95.625,-0.629,0.371,-0.059,-1.621,-3.078,-15.883,3.066,3.308,1.185,1.394,0,NULL,NULL,,3,1,2,7,255,939,250,0,0
stim,66448,96569,1,96569,3293904.454,-0.508,0.202,-0.362,0.755,0,0,0,0,0,0,0,22,61,1.468,1,2126,0,342.247,4.112,54.313,322.188,101.875,-0.770,0.402,-0.039,-0.938,-4.004,-15.883,3.088,3.334,1.185,1.394,0,NULL,NULL,,3,1,2,7,255,939,250,0,0
stim,66471,96592,1,96592,3293909.455,-0.510,0.192,-0.353,0.761,0,0,0,0,0,0,0,5,61,1.468,1,2126,0,353.926,5.276,85.063,332.500,86.438,-0.855,0.422,0.109,-0.594,-5.242,-16.043,3.108,3.356,1.185,1.394,0,NULL,NULL,,3,1,2,7,255,939,250,0,0
stim,66471,96592,1,96592,3293914.453,-0.512,0.182,-0.342,0.767,0,0,0,0,0,0,0,3,61,1.468,1,2126,0,364.354,7.115,104.938,342.188,68.188,-0.746,0.355,0.359,-0.594,-7.090,-16.043,3.126,3.376,1.185,1.394,0,NULL,NULL,,3,1,2,7,255,939,250,0,0
stim,66471,96592,1,96592,3293919.455,-0.515,0.172,-0.331,0.772,0,0,0,0,0,0,0,0,61,1.468,1,2126,0,371.639,8.222,105.813,349.375,69.688,-0.645,0.363,0.566,-0.613,-8.199,-13.242,3.146,3.398,1.185,1.394,0,NULL,NULL,,3,1,2,7,255,939,250,0,0
stim,66471,96592,1,96592,3293924.454,-0.517,0.161,-0.320,0.777,0,0,0,0,0,0,0,0,61,1.468,1,2126,0,374.963,9.122,97.313,355.625,68.250,-0.637,0.441,0.684,-1.281,-9.031,-10.961,3.170,3.424,1.185,1.394,0,NULL,NULL,,3,1,2,7,255,939,250,0,0
stim,66491,96612,1,96612,3293929.455,-0.520,0.150,-0.309,0.782,0,0,0,0,0,0,0,0,61,1.468,1,2126,0,378.396,9.291,93.188,361.313,62.875,-0.520,0.379,0.695,-2.098,-9.051,-10.043,3.198,3.454,1.185,1.394,0,NULL,NULL,,3,1,2,7,255,939,250,0,0
stim,66491,96612,1,96612,3293934.454,-0.522,0.139,-0.298,0.787,0,0,0,0,0,0,0,0,61,1.468,1,2126,0,383.172,9.301,96.250,365.625,62.250,-0.465,0.355,0.730,-2.145,-9.051,-8.809,3.232,3.490,1.185,1.394,0,NULL,NULL,,3,1,2,7,255,939,250,0,0
stim,66491,96612,1,96612,3293939.455,-0.525,0.128,-0.286,0.791,0,0,0,0,0,0,0,0,61,1.468,1,2126,0,387.305,9.017,99.813,370.000,56.063,-0.422,0.305,0.805,-2.098,-8.770,-7.906,3.272,3.532,1.185,1.394,0,NULL,NULL,,3,1,2,7,255,939,250,0,0
stim,66491,96612,1,96612,3293944.453,-0.527,0.117,-0.274,0.796,0,0,0,0,0,0,0,0,61,1.468,1,2126,0,390.154,8.933,102.500,372.875,51.750,-0.363,0.234,0.883,-2.063,-8.691,-6.645,3.314,3.576,1.185,1.394,0,NULL,NULL,,3,1,2,7,255,939,250,0,0
stim,66522,96643,1,96643,3293949.455,-0.530,0.106,-0.262,0.800,0,0,0,0,0,0,0,0,61,1.468,1,2126,0,392.307,8.602,101.000,375.813,49.688,-0.316,0.227,0.902,-2.012,-8.363,-5.258,3.360,3.624,1.185,1.394,0,NULL,NULL,,3,1,2,7,255,939,250,0,0
stim,66522,96643,1,96643,3293954.454,-0.532,0.094,-0.250,0.803,0,0,0,0,0,0,0,0,61,1.468,1,2126,0,394.350,8.137,99.875,377.750,53.313,-0.320,0.203,0.883,-1.824,-7.930,-4.586,3.406,3.670,1.185,1.394,0,NULL,NULL,,3,1,2,7,255,939,250,0,0
stim,66545,96666,1,96666,3293959.455,-0.535,0.083,-0.238,0.807,0,0,0,0,0,0,0,0,61,1.468,1,2126,0,398.179,8.124,107.313,380.438,47.938,-0.324,0.273,0.930,-2.012,-7.871,-4.441,3.452,3.718,1.185,1.394,0,NULL,NULL,,3,1,2,7,255,939,250,0,0
stim,66545,96666,1,96666,3293964.453,-0.537,0.072,-0.225,0.810,0,0,0,0,0,0,0,0,61,1.468,1,2126,0,398.364,8.179,112.000,379.813,43.500,-0.359,0.250,0.930,-2.223,-7.871,-4.055,3.496,3.766,1.185,1.394,0,NULL,NULL,,3,1,2,7,255,939,250,0,0
stim,66545,96666,1,96666,3293969.455,-0.539,0.061,-0.212,0.813,0,0,0,0,0,0,0,1,61,1.468,1,2126,0,399.590,8.270,121.625,378.563,39.625,-0.305,0.285,1.008,-2.539,-7.871,-3.820,3.540,3.812,1.185,1.394,0,NULL,NULL,,3,1,2,7,255,939,250,0,0
stim,66545,96666,1,96666,3293974.454,-0.541,0.050,-0.198,0.815,0,0,0,0,0,0,0,1,61,1.468,1,2126,0,399.213,7.942,127.125,376.500,38.188,-0.301,0.184,1.027,-2.223,-7.625,-2.793,3.582,3.854,1.185,1.394,0,NULL,NULL,,3,1,2,7,255,939,250,0,0
stim,66545,96666,1,96666,3293979.455,-0.543,0.040,-0.185,0.818,0,0,0,0,0,0,0,4,61,1.468,1,2126,0,397.780,7.688,136.438,371.563,39.438,-0.203,0.242,1.066,-2.953,-7.098,-2.078,3.620,3.894,1.185,1.394,0,NULL,NULL,,3,1,2,7,255,939,250,0,0
stim,66545,96666,1,96666,3293984.453,-0.545,0.030,-0.171,0.820,0,0,0,0,0,0,0,2,61,1.468,1,2126,0,398.895,7.038,144.750,369.188,43.188,-0.176,0.230,1.109,-3.145,-6.297,-1.387,3.656,3.932,1.185,1.394,0,NULL,NULL,,3,1,2,7,255,939,250,0,0
stim,66545,96666,1,96666,3293989.455,-0.546,0.020,-0.157,0.823,0,0,0,0,0,0,0,6,61,1.468,1,2126,0,399.331,6.640,155.625,365.250,42.875,-0.074,0.168,1.117,-3.145,-5.848,-0.707,3.688,3.968,1.185,1.394,0,NULL,NULL,,3,1,2,7,255,939,250,0,0
stim,66545,96666,1,96666,3293994.454,-0.547,0.011,-0.142,0.825,0,0,0,0,0,0,0,7,61,1.468,1,2126,0,404.172,5.648,174.188,359.563,61.063,-0.074,0.250,1.215,-3.242,-4.625,-0.066,3.720,4.000,1.185,1.394,0,NULL,NULL,,3,1,2,7,255,939,250,0,0
stim,66545,96666,1,96666,3293999.455,-0.547,0.002,-0.126,0.828,0,0,0,0,0,0,0,9,61,1.468,1,2126,0,407.456,5.969,186.688,355.563,68.875,-0.113,0.227,1.336,-3.773,-4.625,0.797,3.748,4.032,1.185,1.394,0,NULL,NULL,,3,1,2,7,255,939,250,0,0
stim,66545,96666,1,96666,3294004.453,-0.546,-0.006,-0.111,0.830,0,0,0,0,0,0,0,9,61,1.468,1,2126,0,409.419,6.233,197.438,350.125,77.813,-0.180,0.316,1.508,-3.980,-4.797,2.102,3.778,4.062,1.185,1.394,0,NULL,NULL,,3,1,2,7,255,939,250,0,0
stim,66573,96694,1,96694,3294009.455,-0.545,-0.014,-0.095,0.833,0,0,0,0,0,0,0,9,61,1.468,1,2126,0,409.367,6.951,205.875,345.000,78.563,-0.250,0.277,1.684,-4.105,-5.609,3.637,3.806,4.092,1.185,1.394,0,NULL,NULL,,3,1,2,7,255,939,250,0,0
stim,66573,96694,1,96694,3294014.454,-0.544,-0.022,-0.079,0.835,0,0,0,0,0,0,0,13,61,1.468,1,2126,0,404.556,7.295,205.438,340.250,75.438,-0.281,0.297,1.836,-4.336,-5.867,5.555,3.834,4.122,1.185,1.394,0,NULL,NULL,,3,1,2,7,255,939,250,0,0
stim,66573,96694,1,96694,3294019.455,-0.543,-0.030,-0.064,0.837,0,0,0,0,0,0,0,9,61,1.468,1,2126,0,400.974,7.295,205.625,335.813,75.688,-0.285,0.289,1.965,-4.336,-5.867,7.172,3.864,4.156,1.185,1.394,0,NULL,NULL,,3,1,2,7,255,939,250,0,0
stim,66573,96694,1,96694,3294024.454,-0.542,-0.037,-0.048,0.838,0,0,0,0,0,0,0,1,61,1.468,1,2126,0,396.226,6.927,207.188,329.688,73.313,-0.340,0.258,2.066,-4.336,-5.402,8.629,3.896,4.188,1.185,1.394,0,NULL,NULL,,3,1,2,7,255,939,250,0,0
stim,66573,96694,1,96694,3294029.455,-0.541,-0.044,-0.033,0.839,0,0,0,0,0,0,0,0,61,1.468,1,2126,0,392.318,6.495,209.750,325.438,63.313,-0.363,0.234,2.199,-3.883,-5.207,9.852,3.928,4.220,1.185,1.394,0,NULL,NULL,,3,1,2,7,255,939,250,0,0
stim,66573,96694,1,96694,3294034.454,-0.540,-0.051,-0.017,0.840,0,0,0,0,0,0,0,0,61,1.468,1,2126,0,389.297,5.968,211.188,322.875,52.000,-0.320,0.125,2.281,-3.684,-4.695,11.387,3.956,4.252,1.185,1.394,0,NULL,NULL,,3,1,2,7,255,939,250,0,0
stim,66603,96724,1,96724,3294039.455,-0.540,-0.058,-0.001,0.840,0,0,0,0,0,0,0,0,61,1.468,1,2126,0,388.075,4.224,213.313,321.500,41.688,-0.281,0.016,2.313,-2.867,-3.102,12.445,3.986,4.282,1.185,1.394,0,NULL,NULL,,3,1,2,7,255,939,250,0,0
stim,66603,96724,1,96724,3294044.453,-0.540,-0.064,0.014,0.839,0,0,0,0,0,0,0,0,61,1.468,1,2126,0,388.846,2.498,216.375,321.688,30.000,-0.246,-0.078,2.293,-1.965,-1.543,12.785,4.010,4.308,1.185,1.394,0,NULL,NULL,,3,1,2,7,255,939,250,0,0
stim,66603,96724,1,96724,3294049.455,-0.540,-0.071,0.030,0.838,0,0,0,0,0,0,0,0,61,1.468,1,2126,0,394.544,1.155,227.875,321.563,18.313,-0.195,-0.207,2.223,-1.148,-0.121,12.785,4.026,4.326,1.185,1.394,0,NULL,NULL,,3,1,2,7,255,939,250,0,0
stim,66603,96724,1,96724,3294054.454,-0.540,-0.077,0.047,0.837,0,0,0,0,0,0,0,1,61,1.468,1,2126,0,407.188,1.566,251.875,319.813,9.000,-0.113,-0.375,2.199,0.004,1.566,12.078,4.036,4.338,1.185,1.394,0,NULL,NULL,,3,1,2,7,255,939,250,0,0
stim,66642,96763,1,96763,3294059.455,-0.541,-0.081,0.064,0.835,0,0,0,0,0,0,0,9,61,1.468,1,2126,0,421.495,3.923,280.125,314.938,-1.438,-0.008,-0.438,2.273,1.391,3.668,12.059,4.040,4.344,1.185,1.394,0,NULL,NULL,,3,1,2,7,255,939,250,0,0
stim,66642,96763,1,96763,3294064.453,-0.542,-0.086,0.082,0.832,0,0,0,0,0,0,0,40,61,1.468,1,2126,0,434.951,5.870,304.375,310.125,-19.000,0.176,-0.418,2.391,1.391,5.703,12.059,4.034,4.342,1.185,1.394,0,NULL,NULL,,3,1,2,7,255,939,250,0,0
stim,66642,96763,1,96763,3294069.455,-0.543,-0.089,0.101,0.829,0,0,0,0,0,0,0,45,61,1.468,1,2126,0,453.229,8.307,333.188,305.250,-35.000,0.461,-0.477,2.469,1.039,8.242,12.184,4.020,4.330,1.185,1.394,0,NULL,NULL,,3,1,2,7,255,939,250,0,0
stim,66642,96763,1,96763,3294074.454,-0.545,-0.091,0.121,0.825,0,0,0,0,0,0,0,47,61,1.468,1,2126,0,474.688,11.959,366.563,299.500,-35.500,0.734,-0.633,2.652,1.039,11.914,12.539,3.994,4.306,1.185,1.394,0,NULL,NULL,,3,1,2,7,255,939,250,0,0
stim,66642,96763,1,96763,3294079.455,-0.546,-0.093,0.142,0.820,0,0,0,0,0,0,0,55,61,1.468,1,2126,0,487.944,16.224,389.500,292.500,-28.688,0.941,-0.762,2.852,1.602,16.145,12.570,3.954,4.270,1.185,1.394,0,NULL,NULL,,3,1,2,7,255,939,250,0,0
stim,66642,96763,1,96763,3294084.453,-0.547,-0.093,0.163,0.816,0,0,0,0,0,0,0,56,61,1.468,1,2126,0,491.478,19.888,400.688,283.500,-25.063,1.094,-0.703,3.023,2.098,19.777,13.012,3.900,4.218,1.185,1.394,0,NULL,NULL,,3,1,2,7,255,939,250,0,0
stim,66672,96793,1,96793,3294089.455,-0.549,-0.094,0.184,0.810,0,0,0,0,0,0,0,53,61,1.468,1,2126,0,488.890,22.356,400.750,277.188,-39.750,1.207,-0.578,3.160,2.098,22.258,13.402,3.832,4.152,1.185,1.394,0,NULL,NULL,,3,1,2,7,255,939,250,0,0
stim,66672,96793,1,96793,3294094.454,-0.550,-0.094,0.204,0.804,0,0,0,0,0,0,0,53,61,1.468,1,2126,0,491.034,24.147,402.063,274.438,-64.375,1.371,-0.496,3.383,1.270,24.113,13.563,3.750,4.072,1.185,1.394,0,NULL,NULL,,3,1,2,7,255,939,250,0,0
stim,66672,96793,1,96793,3294099.455,-0.553,-0.095,0.224,0.797,0,0,0,0,0,0,0,57,61,1.468,1,2126,0,488.362,26.906,393.313,274.438,-92.125,1.637,-0.371,3.730,0.797,26.895,14.184,3.654,3.980,1.185,1.394,0,NULL,NULL,,3,1,2,7,255,939,250,0,0
stim,66672,96793,1,96793,3294104.453,-0.556,-0.098,0.242,0.789,0,0,0,0,0,0,0,61,61,1.468,1,2126,0,462.824,31.102,348.938,278.313,-122.438,2.047,-0.254,3.977,-0.215,31.102,15.031,3.544,3.870,1.185,1.394,0,NULL,NULL,,3,1,2,7,255,939,250,0,0
stim,66672,96793,1,96793,3294109.455,-0.560,-0.102,0.258,0.781,0,0,0,0,0,0,0,69,61,1.468,1,2126,0,418.816,36.146,278.250,279.500,-140.938,2.531,-0.262,3.992,-1.707,36.105,15.031,3.418,3.746,1.185,1.394,0,NULL,NULL,,3,1,2,7,255,939,250,0,0
stim,66672,96793,1,96793,3294114.454,-0.563,-0.108,0.270,0.774,0,0,0,0,0,0,0,109,61,1.468,1,2126,0,369.214,41.032,197.813,277.438,-142.188,3.039,-0.301,3.754,-2.543,40.953,11.832,3.276,3.606,1.185,1.394,0,NULL,NULL,,3,1,2,7,255,939,250,0,0
stim,66672,96793,1,96793,3294119.455,-0.565,-0.116,0.280,0.767,0,0,0,0,0,0,0,197,61,1.468,1,2126,0,327.049,44.621,120.125,271.813,-136.563,3.535,-0.313,3.297,-3.641,44.473,6.172,3.116,3.448,1.185,1.394,0,NULL,NULL,,3,1,2,7,255,939,250,0,0
stim,66672,96793,1,96793,3294124.454,-0.566,-0.125,0.288,0.762,0,0,0,0,0,0,0,280,61,1.468,1,2126,0,296.441,46.659,60.125,260.688,-127.688,4.059,-0.344,2.750,-5.313,46.355,-1.164,2.944,3.274,1.185,1.394,0,NULL,NULL,,3,1,2,7,255,939,250,0,0
stim,66693,96814,1,96814,3294129.455,-0.568,-0.134,0.294,0.757,0,0,0,0,0,0,0,381,61,1.468,1,2126,0,268.591,48.151,15.625,240.438,-118.688,4.691,-0.465,2.141,-7.074,47.629,-9.418,2.758,3.088,1.185,1.394,0,NULL,NULL,,3,1,2,7,255,939,250,0,0
stim,66693,96814,1,96814,3294134.454,-0.569,-0.143,0.298,0.754,0,0,0,0,0,0,0,443,61,1.468,1,2126,0,236.704,49.721,-15.813,212.563,-102.938,5.371,-0.875,1.406,-7.160,49.203,-18.926,2.562,2.890,1.185,1.394,0,NULL,NULL,,3,1,2,7,255,939,250,0,0
stim,66693,96814,1,96814,3294139.455,-0.568,-0.149,0.301,0.751,0,0,0,0,0,0,0,427,61,1.468,1,2126,0,186.333,51.021,-9.563,176.000,-60.438,5.820,-1.746,0.617,-7.160,50.516,-30.336,2.360,2.684,1.185,1.394,0,NULL,NULL,,3,1,2,7,255,939,250,0,0
stim,66693,96814,0,96814,3294144.453,-0.567,-0.151,0.307,0.749,0,0,0,0,0,0,0,409,61,1.468,1,2126,0,157.707,50.525,85.313,131.938,13.625,5.738,-2.645,0.254,-0.996,50.516,-41.902,2.154,2.474,1.185,1.394,0,NULL,NULL,,3,0,2,7,255,940,250,0,0
stim,66693,96814,0,96814,3294149.455,-0.565,-0.147,0.318,0.747,0,0,0,0,0,0,0,340,61,1.468,1,2126,0,266.449,49.434,243.000,76.500,78.063,5.195,-3.320,0.660,7.125,48.918,-43.656,1.946,2.260,1.185,1.394,0,NULL,NULL,,3,0,2,7,255,940,250,0,0
stim,66693,96814,0,96814,3294154.454,-0.563,-0.136,0.332,0.745,0,0,0,0,0,0,0,299,61,1.468,1,2126,0,421.947,50.692,398.688,25.688,135.750,4.566,-2.859,1.707,13.676,48.813,-43.656,1.730,2.038,1.185,1.394,0,NULL,NULL,,3,0,2,7,255,940,250,0,0
stim,66755,96876,0,96876,3294159.455,-0.558,-0.122,0.347,0.744,0,0,0,0,0,0,0,267,61,1.468,1,2126,0,479.863,50.692,426.188,-34.500,217.813,4.000,-1.625,3.344,13.676,48.813,-32.008,1.506,1.810,1.185,1.394,0,NULL,NULL,,3,0,2,7,255,940,250,0,0
stim,66755,96876,0,96876,3294164.453,-0.554,-0.108,0.356,0.745,0,0,0,0,0,0,0,285,61,1.468,1,2126,0,388.379,50.297,302.313,-88.813,227.063,2.707,-0.090,4.727,6.770,49.840,-13.500,1.278,1.578,1.185,1.394,0,NULL,NULL,,3,0,2,7,255,940,250,0,0
stim,66755,96876,0,96876,3294169.455,-0.552,-0.098,0.356,0.748,217,0,0,659,0,27,0,459,61,1.468,1,2126,0,251.556,50.063,112.813,-170.563,146.500,0.379,0.906,6.637,4.727,49.840,9.195,1.052,1.346,1.185,1.394,0,NULL,NULL,,3,0,2,7,255,940,250,0,0
stim,66755,96876,0,96876,3294174.454,-0.543,-0.074,0.360,0.755,1001,0,0,1427,0,201,0,517,61,1.468,1,2126,0,594.502,50.063,284.125,-313.438,417.688,1.098,0.758,9.402,4.727,49.840,39.891,0.832,1.112,1.185,1.394,0,NULL,NULL,,3,0,2,7,255,940,250,0,0
stim,66755,96876,0,96876,3294179.455,-0.526,-0.084,0.328,0.780,1661,0,0,1889,0,529,0,566,61,1.468,1,2126,0,1034.877,43.007,-898.625,-139.750,493.875,-0.180,1.777,5.113,4.727,42.746,39.891,0.614,0.868,1.185,1.394,0,NULL,NULL,,3,0,2,7,255,940,250,0,0
stim,66755,96876,0,96876,3294184.453,-0.507,-0.100,0.281,0.809,2129,0,0,2072,0,762,0,619,62,1.468,1,2127,0,1379.055,24.567,-1285.750,-216.625,449.125,-1.125,4.484,-0.742,-5.301,23.988,37.242,0.432,0.622,1.185,1.394,1,958.000,18.000,,3,0,2,7,255,940,250,0,0
stim,66755,96876,0,96876,3294189.455,-0.492,-0.107,0.254,0.826,2387,0,0,2232,0,947,0,681,62,1.468,1,2127,0,836.297,32.926,-739.688,-141.375,363.688,-2.707,3.473,-2.938,-17.922,-27.621,3.480,0.358,0.418,1.185,1.394,1,NULL,NULL,,3,0,2,7,255,940,250,0,0
stim,66755,96876,0,96876,3294194.453,-0.487,-0.105,0.242,0.832,2531,0,0,2347,0,1161,0,774,62,1.468,1,2127,0,336.031,36.950,-262.625,-152.875,143.438,-2.563,1.266,-1.633,-17.922,-32.313,-9.996,0.400,0.306,1.185,1.394,1,NULL,NULL,,3,0,2,7,255,940,250,0,0
stim,66755,96876,0,96876,3294199.455,-0.489,-0.100,0.239,0.833,2648,0,0,2440,0,1338,0,883,62,1.468,1,2127,0,154.014,32.495,17.375,-152.063,-17.188,-0.652,0.828,1.148,-3.441,-32.313,-9.996,0.466,0.290,1.185,1.394,1,NULL,NULL,,3,0,2,7,255,940,250,0,0
stim,66755,96876,0,96876,3294204.453,-0.488,-0.095,0.237,0.835,2793,0,0,2651,0,1484,0,989,62,1.468,1,2127,0,131.376,4.520,-0.688,-118.000,57.750,0.758,2.672,1.781,-3.441,-2.930,4.813,0.520,0.330,1.185,1.394,2,NULL,NULL,,3,0,2,7,255,940,250,0,0
stim,66755,96876,0,96876,3294209.455,-0.481,-0.090,0.231,0.841,2901,0,0,2791,0,1544,0,1093,62,1.468,1,2127,0,300.330,15.336,-118.750,-141.688,236.688,-0.156,2.020,2.027,-15.309,-0.914,9.855,0.566,0.390,1.185,1.394,2,NULL,NULL,,3,0,2,7,255,940,250,0,0
stim,66755,96876,0,96876,3294214.453,-0.469,-0.088,0.214,0.852,2969,0,0,2903,0,1609,0,1208,62,1.468,1,2127,0,524.723,15.336,-371.875,-193.250,315.750,-2.230,-0.785,1.379,-15.309,-0.914,9.855,0.610,0.446,1.185,1.394,2,NULL,NULL,,3,0,2,7,255,940,250,0,0
stim,66788,96909,0,96909,3294219.455,-0.467,-0.089,0.195,0.858,3019,0,0,2983,0,1657,0,1357,62,1.468,1,2127,0,461.664,19.919,-424.188,-178.813,35.000,-2.781,-1.344,-0.465,18.594,-7.145,8.090,0.642,0.490,1.185,1.394,2,NULL,NULL,,3,0,2,7,255,940,250,0,0
stim,66788,96909,0,96909,3294224.454,-0.475,-0.088,0.182,0.856,3035,0,0,3043,0,1715,0,1482,62,1.468,1,2127,0,342.613,20.717,-203.063,-194.250,-196.000,-1.234,-0.723,-0.836,18.594,-9.137,-7.758,0.648,0.518,1.185,1.394,2,NULL,NULL,,3,0,2,7,255,940,250,0,0
stim,66788,96909,0,96909,3294229.455,-0.487,-0.082,0.180,0.851,3080,0,0,3097,0,1770,0,1572,62,1.468,1,2127,0,341.101,15.370,56.063,-176.625,-286.375,0.410,-0.598,0.707,12.359,-9.137,-7.758,0.628,0.532,1.185,1.394,2,NULL,NULL,,3,0,2,7,255,940,250,0,0
stim,66788,96909,0,96909,3294234.453,-0.496,-0.076,0.178,0.846,3095,0,0,3144,0,1843,0,1611,62,1.468,1,2127,0,259.929,9.203,59.250,-146.938,-206.063,1.539,-1.254,2.191,3.527,8.500,-5.785,0.596,0.540,1.185,1.394,2,NULL,NULL,,3,0,2,7,255,940,250,0,0
stim,66788,96909,0,96909,3294239.455,-0.498,-0.073,0.172,0.847,3060,0,0,3174,0,1893,0,1609,62,1.468,1,2127,0,159.869,25.851,-82.375,-132.250,-35.813,1.777,-1.781,2.543,3.527,25.609,3.145,0.564,0.534,1.185,1.394,2,NULL,NULL,,3,0,2,7,255,940,250,0,0
stim,66788,96909,0,96909,3294244.454,-0.493,-0.073,0.161,0.852,3125,0,0,3193,0,1948,59,1595,62,1.468,1,2127,0,305.060,26.550,-241.813,-120.250,141.875,1.141,-1.973,1.836,7.004,25.609,3.145,0.532,0.502,1.185,1.394,2,NULL,NULL,,3,0,2,7,255,940,250,0,0
stim,66822,96943,0,96943,3294249.455,-0.483,-0.073,0.149,0.859,3123,0,0,3207,0,2029,104,1605,62,1.468,1,2127,0,381.077,26.487,-268.250,-112.625,246.125,-0.086,-1.250,0.395,10.750,24.207,0.641,0.500,0.436,1.185,1.394,2,NULL,NULL,,3,0,2,7,255,940,250,0,0
stim,66822,96943,0,96943,3294254.453,-0.476,-0.071,0.142,0.865,3133,0,0,3219,0,2108,149,1646,62,1.468,1,2127,0,294.261,12.599,-160.500,-124.125,213.125,-1.199,-0.270,0.059,10.750,6.570,-6.629,0.470,0.352,1.185,1.394,2,NULL,NULL,,3,0,2,7,255,940,250,0,0
stim,66843,96964,0,96964,3294259.455,-0.474,-0.067,0.136,0.867,3131,0,0,3220,0,2187,165,1721,62,1.468,1,2127,0,160.755,11.595,-73.688,-137.375,39.250,-1.477,0.324,0.629,8.441,-7.949,-6.629,0.448,0.268,1.185,1.394,2,NULL,NULL,,3,0,2,7,255,940,250,0,0
stim,66843,96964,0,96964,3294264.454,-0.477,-0.062,0.133,0.867,3131,0,0,3223,0,2273,185,1822,62,1.468,1,2127,0,147.353,9.374,-13.438,-136.688,-53.375,-0.121,0.410,0.797,4.969,-7.949,-1.445,0.430,0.210,1.185,1.394,2,NULL,NULL,,3,0,2,7,255,940,250,0,0
stim,66843,96964,0,96964,3294269.455,-0.479,-0.059,0.128,0.866,3132,0,0,3224,111,2335,275,1965,62,1.468,1,2127,0,150.678,0.988,-49.938,-135.563,-42.813,-0.012,0.004,1.797,-0.176,-0.973,0.113,0.414,0.178,1.185,1.394,2,NULL,NULL,,3,0,2,7,255,940,250,0,0
stim,66843,96964,0,96964,3294274.454,-0.481,-0.057,0.122,0.867,3132,0,0,3225,403,2383,298,2091,62,1.468,1,2127,0,140.075,4.498,-97.750,-94.188,-34.563,0.480,-0.254,1.902,-0.633,4.453,6.910,0.404,0.162,1.185,1.394,2,NULL,NULL,,3,0,2,7,255,940,250,0,0
stim,66843,96964,0,96964,3294279.455,-0.482,-0.057,0.118,0.867,3127,0,0,3224,681,2422,283,2165,62,1.468,1,2127,0,103.976,9.782,-90.188,-44.625,-26.188,0.766,-0.418,1.109,-0.633,9.762,6.910,0.400,0.150,1.185,1.394,2,NULL,NULL,,3,0,2,7,255,940,250,0,0
stim,66843,96964,0,96964,3294284.454,-0.481,-0.056,0.115,0.867,3143,0,0,3235,904,2443,315,2217,62,1.468,1,2127,0,62.268,9.790,-36.125,-50.250,6.875,0.539,0.059,0.824,-0.738,9.762,-1.336,0.406,0.136,1.185,1.394,2,NULL,NULL,,3,0,2,7,255,940,250,0,0
stim,66843,96964,0,96964,3294289.455,-0.482,-0.055,0.114,0.867,3143,1,0,3229,1043,2460,339,2280,62,1.468,1,2127,0,36.444,5.956,-9.313,-34.938,-4.563,-0.117,-0.082,1.406,-0.738,5.910,-1.336,0.418,0.118,1.185,1.394,2,NULL,NULL,,3,0,2,7,255,940,250,0,0
stim,66843,96964,0,96964,3294294.453,-0.483,-0.055,0.111,0.867,3141,17,0,3221,1159,2469,363,2325,62,1.468,1,2127,0,70.756,3.219,-60.438,-29.063,-22.563,-0.090,-0.309,1.012,1.027,3.051,-0.313,0.438,0.098,1.185,1.394,2,NULL,NULL,,3,0,2,7,255,940,250,0,0
stim,66843,96964,0,96964,3294299.455,-0.483,-0.055,0.108,0.867,3131,31,0,3227,1267,2483,373,2362,62,1.468,1,2127,0,48.659,2.977,-39.813,-25.750,-10.938,-0.129,-0.109,0.809,1.359,2.648,-0.313,0.460,0.078,1.185,1.394,2,NULL,NULL,,3,0,2,7,255,940,250,0,0
stim,66843,96964,0,96964,3294304.454,-0.485,-0.055,0.108,0.866,3129,37,0,3214,1341,2503,395,2395,62,1.468,1,2127,0,43.315,1.847,-0.313,-22.313,-37.125,-0.160,0.129,1.023,1.359,1.250,-0.313,0.476,0.060,1.185,1.394,2,NULL,NULL,,3,0,2,7,255,940,250,0,0
stim,66874,96995,0,96995,3294309.455,-0.487,-0.054,0.107,0.865,3127,41,0,3213,1397,2510,395,2409,62,1.468,1,2127,0,55.892,1.346,4.063,-18.563,-52.563,0.035,0.320,1.223,-0.500,1.250,0.410,0.490,0.050,1.185,1.394,2,NULL,NULL,,3,0,2,7,255,940,250,0,0
stim,66874,96995,0,96995,3294314.453,-0.488,-0.054,0.106,0.865,3081,52,0,3213,1482,2507,381,2423,62,1.468,1,2127,0,49.458,2.600,-25.813,-11.813,-40.500,0.102,0.172,1.246,-2.254,1.297,2.066,0.498,0.044,1.185,1.394,2,NULL,NULL,,3,0,2,7,255,940,250,0,0
stim,66874,96995,0,96995,3294319.455,-0.489,-0.055,0.104,0.864,3133,77,0,3208,1555,2519,363,2443,62,1.468,1,2127,0,57.165,2.856,-53.250,-6.688,-19.688,-0.063,-0.004,1.070,-2.254,1.754,2.066,0.506,0.040,1.185,1.394,2,NULL,NULL,,3,0,2,7,255,940,250,0,0
stim,66874,96995,0,96995,3294324.454,-0.490,-0.056,0.102,0.864,3127,106,0,3197,1575,2515,356,2461,62,1.468,1,2127,0,55.092,1.754,-47.500,-3.500,-27.688,-0.242,0.031,0.887,0.039,1.754,0.523,0.514,0.034,1.185,1.394,2,NULL,NULL,,3,0,2,7,255,940,250,0,0
stim,66874,96995,0,96995,3294329.455,-0.492,-0.057,0.100,0.863,3080,115,0,3213,1595,2517,355,2475,62,1.468,1,2127,0,55.411,0.342,-23.875,-6.625,-49.563,-0.203,0.047,0.855,0.305,-0.156,-0.848,0.522,0.028,1.185,1.394,2,NULL,NULL,,3,0,2,7,255,940,250,0,0
stim,66874,96995,0,96995,3294334.453,-0.494,-0.057,0.100,0.862,3132,117,0,3209,1623,2519,360,2483,62,1.468,1,2127,0,55.715,0.342,-7.563,-7.500,-54.688,-0.027,-0.004,0.977,0.305,-0.156,-0.848,0.530,0.024,1.185,1.394,2,NULL,NULL,,3,0,2,7,255,940,250,0,0
stim,66904,97025,0,97025,3294339.455,-0.495,-0.057,0.099,0.861,3119,108,0,3198,1654,2523,361,2483,62,1.468,1,2127,0,42.617,1.789,-7.563,-6.063,-41.500,0.090,-0.059,1.051,-0.164,1.781,-0.398,0.538,0.020,1.185,1.394,2,NULL,NULL,,3,0,2,7,255,940,250,0,0
stim,66904,97025,0,97025,3294344.453,-0.496,-0.057,0.098,0.861,3127,109,0,3191,1671,2520,357,2473,62,1.468,1,2127,0,19.795,2.384,-8.938,-3.500,-17.313,0.059,0.043,1.043,-0.313,2.363,0.039,0.546,0.016,1.185,1.394,2,NULL,NULL,,3,0,2,7,255,940,250,0,0
stim,66904,97025,0,97025,3294349.455,-0.496,-0.056,0.098,0.861,3119,107,0,3183,1689,2516,352,2479,62,1.468,1,2127,0,10.768,2.565,-6.125,-0.875,-8.813,-0.055,0.184,1.047,-0.996,2.363,0.109,0.554,0.012,1.185,1.394,2,NULL,NULL,,3,0,2,7,255,940,250,0,0
stim,66904,97025,0,97025,3294354.454,-0.497,-0.056,0.098,0.861,3122,104,0,3188,1691,2515,327,2468,62,1.468,1,2127,0,13.910,1.813,-2.438,0.438,-13.688,-0.137,0.273,1.082,-1.656,0.738,0.457,0.562,0.006,1.185,1.394,2,NULL,NULL,,3,0,2,7,255,940,250,0,0
stim,66942,97063,0,97063,3294359.455,-0.497,-0.056,0.098,0.860,3101,104,27,3180,1696,2511,331,2471,62,1.468,1,2127,0,19.491,2.062,-5.688,0.813,-18.625,-0.133,0.281,1.105,-2.047,-0.250,1.023,0.570,0.000,1.185,1.394,2,NULL,NULL,,3,0,2,7,255,940,250,0,0
stim,66942,97063,0,97063,3294364.453,-0.498,-0.057,0.098,0.860,3116,105,39,3175,1705,2509,329,2463,62,1.468,1,2127,0,21.802,2.062,-11.625,0.500,-18.438,-0.102,0.254,1.086,-2.047,-0.250,1.023,0.000,0.000,1.185,1.394,2,NULL,NULL,,3,0,2,7,255,940,250,0,0
stim,66942,97063,0,97063,3294369.455,-0.498,-0.057,0.097,0.860,3112,104,39,3181,1717,2517,327,2473,62,1.456,1,2127,1,20.376,2.038,-16.188,0.063,-12.375,-0.094,0.184,1.051,-2.035,0.113,0.984,0.000,0.000,1.188,1.383,2,NULL,NULL,,3,0,2,7,255,940,250,0,0
stim,66942,97063,0,97063,3294374.455,-0.499,-0.057,0.096,0.860,3099,107,48,3165,1737,2503,327,2472,62,1.456,1,2127,1,18.514,1.525,-17.500,-1.125,-5.938,-0.121,0.125,1.012,-1.473,0.395,0.590,0.006,0.004,1.188,1.383,2,NULL,NULL,,3,0,2,7,255,940,250,0,0
stim,66942,97063,0,97063,3294379.454,-0.499,-0.057,0.096,0.860,3081,115,52,3155,1753,2505,325,2464,62,1.456,1,2127,1,16.124,0.949,-15.750,-2.313,-2.563,-0.164,0.102,0.992,-0.863,0.395,0.203,0.012,0.008,1.188,1.383,2,NULL,NULL,,3,0,2,7,255,940,250,0,0
stim,66942,97063,0,97063,3294384.455,-0.499,-0.057,0.095,0.860,3087,121,83,3149,1769,2505,329,2471,62,1.456,1,2127,1,14.025,0.446,-13.000,-4.188,-3.188,-0.195,0.109,0.988,-0.434,0.105,0.121,0.018,0.012,1.188,1.383,2,NULL,NULL,,3,0,2,7,255,940,250,0,0
stim,66970,97091,0,97091,3294389.454,-0.499,-0.057,0.095,0.860,3001,121,87,3144,1789,2501,325,2485,62,1.456,1,2127,1,14.060,0.482,-11.813,-6.063,-4.625,-0.199,0.117,1.000,-0.434,-0.211,0.121,0.024,0.016,1.188,1.383,2,NULL,NULL,,3,0,2,7,255,940,250,0,0
stim,66970,97091,0,97091,3294394.455,-0.499,-0.057,0.094,0.860,3045,126,103,3127,1803,2489,317,2488,62,1.456,1,2127,1,16.859,0.437,-14.125,-7.688,-5.063,-0.195,0.070,0.996,-0.383,-0.211,0.152,0.028,0.020,1.188,1.383,2,NULL,NULL,,3,0,2,7,255,940,250,0,0
stim,66970,97091,0,97091,3294399.454,-0.499,-0.057,0.093,0.860,3042,133,134,3127,1833,2489,327,2511,62,1.456,1,2127,1,18.239,0.056,-14.500,-9.375,-5.875,-0.184,0.027,0.961,-0.051,-0.023,0.152,0.034,0.022,1.188,1.383,2,NULL,NULL,,3,0,2,7,255,940,250,0,0
stim,66970,97091,0,97091,3294404.455,-0.499,-0.057,0.092,0.859,3020,127,153,3101,1853,2485,319,2510,62,1.456,1,2127,1,15.864,0.323,-9.688,-10.750,-6.500,-0.160,0.012,0.941,0.258,0.195,-0.242,0.036,0.024,1.188,1.383,2,NULL,NULL,,3,0,2,7,255,940,250,0,0
stim,66970,97091,0,97091,3294409.455,-0.500,-0.057,0.092,0.859,3014,139,218,3093,1893,2487,323,2533,62,1.456,1,2127,1,13.874,0.498,-5.000,-11.625,-5.688,-0.141,0.004,0.953,0.258,0.426,-0.402,0.038,0.026,1.188,1.383,2,NULL,NULL,,3,0,2,7,255,940,250,0,0
stim,66970,97091,0,97091,3294414.454,-0.500,-0.057,0.091,0.859,2988,137,279,3075,1929,2484,347,2531,62,1.456,1,2127,1,13.437,0.549,-2.688,-12.563,-3.938,-0.148,0.020,0.953,0.258,0.484,-0.402,0.040,0.028,1.188,1.383,2,NULL,NULL,,3,0,2,7,255,940,250,0,0
stim,66970,97091,0,97091,3294419.455,-0.500,-0.056,0.091,0.859,2936,145,309,3063,1973,2479,363,2543,62,1.456,1,2127,1,14.356,0.508,-0.188,-13.938,-3.438,-0.180,0.074,0.961,0.152,0.484,-0.375,0.042,0.028,1.188,1.383,2,NULL,NULL,,3,0,2,7,255,940,250,0,0
stim,66970,97091,0,97091,3294424.454,-0.500,-0.055,0.091,0.859,2951,155,347,3048,2011,2491,391,2553,62,1.456,1,2127,1,16.417,0.156,1.000,-14.875,-6.875,-0.207,0.121,0.984,-0.152,-0.031,-0.215,0.042,0.030,1.188,1.383,2,NULL,NULL,,3,0,2,7,255,940,250,0,0
stim,66994,97115,0,97115,3294429.455,-0.501,-0.055,0.090,0.859,2935,165,446,3031,2041,2491,395,2581,62,1.456,1,2127,1,20.569,0.561,-0.250,-15.938,-13.000,-0.207,0.117,1.000,-0.391,-0.402,0.113,0.042,0.030,1.188,1.383,2,NULL,NULL,,3,0,2,7,255,940,250,0,0
stim,66994,97115,0,97115,3294434.454,-0.502,-0.054,0.090,0.859,2911,165,520,3002,2079,2492,445,2592,62,1.456,1,2127,1,24.040,0.577,-1.438,-17.000,-16.938,-0.172,0.102,0.996,-0.414,-0.402,0.121,0.042,0.030,1.188,1.383,2,NULL,NULL,,3,0,2,7,255,940,250,0,0
stim,66994,97115,0,97115,3294439.455,-0.502,-0.054,0.089,0.858,2875,175,647,2985,2135,2509,473,2619,62,1.456,1,2127,1,24.863,0.420,-1.125,-17.688,-17.438,-0.133,0.090,0.984,-0.414,-0.070,0.121,0.042,0.032,1.188,1.383,2,NULL,NULL,,3,0,2,7,255,940,250,0,0
stim,66994,97115,0,97115,3294444.453,-0.503,-0.053,0.089,0.858,2855,189,724,2969,2187,2503,517,2641,62,1.456,1,2127,1,23.417,0.496,-0.125,-19.000,-13.688,-0.129,0.063,0.969,-0.414,0.273,-0.059,0.044,0.036,1.188,1.383,2,NULL,NULL,,3,0,2,7,255,940,250,0,0
stim,66994,97115,0,97115,3294449.455,-0.503,-0.052,0.089,0.858,2789,203,803,2941,2247,2515,583,2649,62,1.456,1,2127,1,23.310,0.392,2.250,-20.625,-10.625,-0.180,0.074,0.973,-0.281,0.273,-0.086,0.046,0.040,1.188,1.383,2,NULL,NULL,,3,0,2,7,255,940,250,0,0
stim,66994,97115,0,97115,3294454.454,-0.504,-0.051,0.088,0.858,2781,217,932,2901,2301,2511,666,2667,62,1.456,1,2127,1,27.912,0.302,5.750,-22.000,-16.188,-0.219,0.168,0.992,-0.281,-0.109,-0.086,0.048,0.044,1.188,1.383,2,NULL,NULL,,3,0,2,7,255,940,250,0,0
stim,67059,97180,0,97180,3294459.455,-0.505,-0.050,0.088,0.857,2757,244,1049,2889,2359,2523,795,2683,62,1.456,1,2127,1,35.078,1.111,7.375,-23.000,-25.438,-0.199,0.238,1.020,-0.727,-0.840,0.238,0.052,0.048,1.188,1.383,2,NULL,NULL,,3,0,2,7,255,940,250,0,0
stim,67059,97180,0,97180,3294464.453,-0.506,-0.049,0.088,0.857,2650,245,1198,2851,2405,2521,878,2703,62,1.456,1,2127,1,38.467,1.655,3.313,-24.313,-29.625,-0.164,0.234,1.059,-1.426,-0.840,0.523,0.054,0.052,1.188,1.383,2,NULL,NULL,,3,0,2,7,255,940,250,0,0
stim,67059,97180,0,97180,3294469.455,-0.507,-0.048,0.087,0.856,2636,251,1275,2829,2463,2521,1048,2732,62,1.456,1,2127,1,41.765,1.554,-5.125,-24.063,-33.750,-0.168,0.199,1.082,-1.426,-0.617,0.805,0.058,0.054,1.188,1.383,2,NULL,NULL,,3,0,2,7,255,940,250,0,0
stim,67059,97180,0,97180,3294474.454,-0.509,-0.048,0.086,0.855,2573,261,1435,2789,2509,2522,1156,2736,62,1.456,1,2127,1,49.059,1.308,-14.375,-23.875,-40.375,-0.168,0.168,1.063,-1.234,-0.434,0.832,0.060,0.058,1.188,1.383,2,NULL,NULL,,3,0,2,7,255,940,250,0,0
stim,67059,97180,0,97180,3294479.455,-0.511,-0.047,0.085,0.854,2485,265,1594,2763,2551,2535,1258,2771,62,1.456,1,2127,1,56.788,1.030,-21.313,-24.188,-46.750,-0.172,0.129,1.027,-0.961,-0.371,0.832,0.064,0.062,1.188,1.383,2,NULL,NULL,,3,0,2,7,255,940,250,0,0
stim,67059,97180,0,97180,3294484.453,-0.513,-0.047,0.083,0.853,2421,266,1736,2711,2605,2537,1404,2777,62,1.456,1,2127,1,64.003,0.691,-26.000,-25.125,-52.813,-0.164,0.086,1.012,-0.629,-0.285,0.461,0.068,0.068,1.188,1.383,2,NULL,NULL,,3,0,2,7,255,940,250,0,0
stim,67059,97180,0,97180,3294489.455,-0.515,-0.047,0.081,0.852,2324,268,1865,2671,2641,2539,1549,2793,62,1.456,1,2127,1,69.421,0.316,-29.750,-25.625,-57.250,-0.168,0.031,1.020,-0.305,-0.082,0.320,0.074,0.076,1.188,1.383,2,NULL,NULL,,3,0,2,7,255,940,250,0,0
stim,67059,97180,0,97180,3294494.453,-0.517,-0.047,0.079,0.851,2199,284,1979,2628,2683,2549,1662,2822,62,1.456,1,2127,1,77.755,0.196,-38.188,-27.125,-62.063,-0.164,-0.016,1.070,0.176,0.086,0.320,0.080,0.082,1.188,1.383,2,NULL,NULL,,3,0,2,7,255,940,250,0,0
stim,67059,97180,0,97180,3294499.455,-0.520,-0.048,0.076,0.850,2117,285,2096,2554,2715,2553,1799,2835,62,1.456,1,2127,1,98.015,0.584,-60.313,-28.813,-71.688,-0.215,-0.082,1.145,0.496,0.309,0.797,0.086,0.088,1.188,1.383,2,NULL,NULL,,3,0,2,7,255,940,250,0,0
stim,67059,97180,0,97180,3294504.453,-0.523,-0.049,0.072,0.848,1993,283,2215,2504,2749,2567,1899,2857,62,1.456,1,2127,0,117.877,0.885,-81.813,-28.313,-80.000,-0.148,-0.070,1.047,0.805,0.367,0.797,0.088,0.092,1.188,1.383,2,NULL,NULL,,3,0,2,7,255,940,250,0,0
stim,67059,97180,0,97180,3294509.455,-0.525,-0.050,0.068,0.847,1847,274,2347,2414,2771,2551,2003,2875,62,1.456,1,2127,0,115.823,0.991,-80.875,-29.625,-77.438,-0.059,-0.047,0.902,0.805,0.578,0.512,0.090,0.094,1.188,1.383,2,NULL,NULL,,3,0,2,7,255,940,250,0,0
stim,67059,97180,0,97180,3294514.453,-0.528,-0.050,0.064,0.846,1676,270,2405,2303,2800,2564,2107,2889,62,1.456,1,2127,0,96.462,1.031,-64.375,-31.375,-64.625,-0.043,-0.063,0.879,0.250,1.000,-1.000,0.088,0.092,1.188,1.383,2,NULL,NULL,,3,0,2,7,255,940,250,0,0
stim,67087,97208,0,97208,3294519.455,-0.530,-0.050,0.061,0.845,1468,255,2479,2201,2835,2553,2208,2899,62,1.456,1,2127,0,83.474,1.031,-54.000,-34.875,-53.250,-0.090,-0.090,0.965,0.250,1.000,-1.000,0.088,0.092,1.188,1.383,2,NULL,NULL,,3,0,2,7,255,940,250,0,0
stim,67087,97208,0,97208,3294524.454,-0.532,-0.050,0.058,0.844,1233,246,2541,2074,2853,2555,2285,2908,62,1.456,1,2127,0,81.033,1.075,-50.125,-35.563,-52.813,-0.109,-0.094,0.977,0.625,0.875,-0.348,0.084,0.090,1.188,1.383,2,NULL,NULL,,3,0,2,7,255,940,250,0,0
stim,67087,97208,0,97208,3294529.455,-0.533,-0.050,0.055,0.843,1067,203,2589,1891,2875,2555,2375,2917,62,1.456,1,2127,0,74.010,0.950,-41.500,-37.375,-48.563,-0.098,-0.066,0.992,0.625,0.715,-0.203,0.082,0.088,1.188,1.383,2,NULL,NULL,,3,0,2,7,255,940,250,0,0
stim,67087,97208,0,97208,3294534.453,-0.535,-0.049,0.053,0.842,850,169,2635,1657,2892,2547,2444,2923,62,1.456,1,2127,0,69.577,0.770,-35.375,-39.625,-44.938,-0.117,-0.004,1.031,0.391,0.664,-0.039,0.080,0.086,1.188,1.383,2,NULL,NULL,,3,0,2,7,255,940,250,0,0
stim,67087,97208,0,97208,3294539.455,-0.537,-0.048,0.051,0.841,573,116,2672,1395,2921,2539,2513,2937,62,1.456,1,2127,0,70.837,0.267,-33.063,-41.563,-46.875,-0.117,0.020,1.074,-0.129,0.234,0.340,0.076,0.082,1.188,1.383,2,NULL,NULL,,3,0,2,7,255,940,250,0,0
stim,67087,97208,0,97208,3294544.454,-0.538,-0.047,0.048,0.840,343,75,2709,1130,2931,2535,2569,2955,62,1.456,1,2127,0,68.254,0.416,-31.500,-44.500,-41.063,-0.098,0.008,1.066,-0.344,0.234,0.680,0.074,0.080,1.188,1.383,2,NULL,NULL,,3,0,2,7,255,940,250,0,0
stim,67115,97236,0,97236,3294549.455,-0.540,-0.046,0.046,0.839,138,31,2747,870,2963,2523,2617,2958,62,1.456,1,2127,0,69.407,0.457,-31.938,-46.875,-40.000,-0.059,-0.020,1.066,-0.344,0.301,0.680,0.074,0.076,1.188,1.383,2,NULL,NULL,,3,0,2,7,255,940,250,0,0
stim,67115,97236,0,97236,3294554.453,-0.541,-0.045,0.044,0.839,30,0,2777,596,2967,2493,2653,2967,62,1.456,1,2127,0,67.861,0.765,-28.625,-49.625,-36.375,-0.016,0.023,1.043,-0.344,0.684,0.629,0.074,0.074,1.188,1.383,2,NULL,NULL,,3,0,2,7,255,940,250,0,0
stim,67146,97267,0,97267,3294559.455,-0.542,-0.044,0.041,0.838,0,0,2803,391,2982,2485,2699,2973,62,1.456,1,2127,0,66.176,1.074,-25.375,-52.375,-31.500,-0.023,0.094,1.063,-0.828,0.684,0.539,0.074,0.072,1.188,1.383,2,NULL,NULL,,3,0,2,7,255,940,250,0,0
stim,67146,97267,0,97267,3294564.454,-0.543,-0.042,0.039,0.838,0,0,2825,224,2991,2454,2733,2982,62,1.456,1,2127,0,69.397,1.489,-24.813,-56.500,-31.750,-0.047,0.121,1.051,-1.418,0.453,0.453,0.076,0.070,1.188,1.383,2,NULL,NULL,,3,0,2,7,255,940,250,0,0
stim,67146,97267,0,97267,3294569.455,-0.544,-0.040,0.038,0.838,0,0,2840,155,3007,2421,2781,2989,62,1.456,1,2127,0,65.408,1.420,1.563,-64.500,-10.750,-0.215,-0.004,1.188,-1.418,0.066,0.539,0.080,0.070,1.188,1.383,2,NULL,NULL,,3,0,2,7,255,940,250,0,0
stim,67146,97267,0,97267,3294574.454,-0.544,-0.037,0.037,0.838,0,0,2857,121,3023,2411,2794,3000,62,1.456,1,2127,0,77.611,0.860,19.688,-75.063,1.250,-0.434,-0.164,1.395,0.164,-0.844,1.969,0.084,0.070,1.188,1.383,2,NULL,NULL,,3,0,2,7,255,940,250,0,0
stim,67146,97267,0,97267,3294579.455,-0.544,-0.033,0.036,0.837,0,0,2871,83,3035,2391,2835,3003,62,1.456,1,2127,0,91.274,3.150,32.188,-83.438,-18.250,-0.539,-0.227,1.633,2.395,-2.047,4.254,0.086,0.070,1.188,1.383,3,NULL,NULL,,3,0,2,7,255,940,250,0,0
stim,67146,97267,0,97267,3294584.454,-0.545,-0.029,0.035,0.837,0,0,2889,51,3047,2345,2868,3000,62,1.456,1,2127,0,103.500,3.294,33.938,-96.188,-17.563,-0.402,-0.008,1.793,2.395,-2.262,6.648,0.084,0.072,1.188,1.383,3,NULL,NULL,,3,0,2,7,255,940,250,0,0
stim,67146,97267,0,97267,3294589.455,-0.546,-0.026,0.031,0.837,0,0,2897,2,3061,2299,2889,3006,62,1.456,1,2127,0,109.575,2.428,-44.688,-96.875,-25.000,-0.113,0.133,1.527,0.883,-2.262,6.648,0.076,0.074,1.188,1.383,3,NULL,NULL,,3,0,2,7,255,940,250,0,0
stim,67146,97267,0,97267,3294594.453,-0.546,-0.024,0.026,0.837,0,0,2889,0,3053,2233,2901,3001,62,1.456,1,2127,0,119.757,1.038,-64.938,-99.688,-13.688,-0.051,0.059,1.145,-0.867,-0.570,5.176,0.070,0.078,1.188,1.383,3,NULL,NULL,,3,0,2,7,255,940,250,0,0
stim,67146,97267,0,97267,3294599.455,-0.545,-0.021,0.023,0.838,0,0,2899,0,3064,2185,2920,3005,62,1.456,1,2127,0,115.163,1.038,-22.688,-110.313,24.063,-0.117,0.086,1.078,-0.867,-0.570,1.422,0.064,0.086,1.188,1.383,3,NULL,NULL,,3,0,2,7,255,940,250,0,0
stim,67146,97267,0,97267,3294604.454,-0.544,-0.016,0.021,0.839,0,0,2891,0,3079,2094,2939,3017,62,1.456,1,2127,0,125.850,1.223,9.625,-120.188,36.063,-0.293,0.117,1.223,-0.781,-0.941,1.422,0.064,0.094,1.188,1.383,3,NULL,NULL,,3,0,2,7,255,940,250,0,0
stim,67173,97294,0,97294,3294609.455,-0.543,-0.011,0.018,0.839,0,0,2872,0,3087,2001,2963,3004,62,1.456,1,2127,0,130.216,2.692,14.250,-127.625,21.563,-0.359,0.047,1.398,-0.355,-2.668,2.293,0.066,0.102,1.188,1.383,3,NULL,NULL,,3,0,2,7,255,940,250,0,0
stim,67173,97294,0,97294,3294614.453,-0.543,-0.007,0.015,0.840,0,0,2877,0,3087,1842,2972,3007,62,1.456,1,2127,0,136.236,2.722,2.875,-135.625,12.563,-0.293,-0.039,1.504,0.539,-2.668,4.012,0.066,0.112,1.188,1.383,3,NULL,NULL,,3,0,2,7,255,940,250,0,0
stim,67173,97294,0,97294,3294619.455,-0.542,-0.002,0.012,0.840,0,0,2857,0,3103,1711,2984,2999,62,1.456,1,2127,0,143.109,2.470,-14.000,-141.563,15.625,-0.199,-0.105,1.438,1.102,-2.211,4.336,0.068,0.124,1.188,1.383,3,NULL,NULL,,3,0,2,7,255,940,250,0,0
stim,67173,97294,0,97294,3294624.454,-0.541,0.003,0.007,0.841,0,0,2833,0,3108,1508,3003,2991,62,1.456,1,2127,0,153.086,1.925,-24.563,-148.625,27.250,-0.188,-0.102,1.344,1.363,-1.359,4.336,0.070,0.134,1.188,1.383,3,NULL,NULL,,3,0,2,7,255,940,250,0,0
stim,67173,97294,0,97294,3294629.455,-0.540,0.008,0.003,0.842,0,0,2815,0,3108,1289,3014,2988,62,1.456,1,2127,0,162.260,1.925,-26.438,-155.875,36.500,-0.203,-0.066,1.242,1.363,-1.359,3.371,0.072,0.144,1.188,1.383,3,NULL,NULL,,3,0,2,7,255,940,250,0,0
stim,67173,97294,0,97294,3294634.453,-0.538,0.013,-0.002,0.843,0,0,2784,0,3107,1031,3020,2988,62,1.456,1,2127,0,168.143,2.167,-20.000,-163.063,35.813,-0.254,-0.039,1.164,1.223,-1.789,2.340,0.074,0.156,1.188,1.383,3,NULL,NULL,,3,0,2,7,255,940,250,0,0
stim,67203,97324,0,97324,3294639.455,-0.537,0.019,-0.006,0.844,0,0,2763,0,3115,781,3029,2965,62,1.456,1,2127,0,175.366,2.479,-6.563,-171.938,33.875,-0.219,-0.082,1.137,1.223,-2.156,1.531,0.078,0.166,1.188,1.383,3,NULL,NULL,,3,0,2,7,255,940,250,0,0
stim,67203,97324,0,97324,3294644.454,-0.535,0.025,-0.010,0.844,0,0,2715,0,3104,565,3039,2953,62,1.456,1,2127,0,182.643,2.627,4.813,-178.688,37.500,-0.191,-0.121,1.168,1.500,-2.156,1.531,0.084,0.180,1.188,1.383,3,NULL,NULL,,3,0,2,7,255,940,250,0,0
stim,67203,97324,0,97324,3294649.455,-0.533,0.032,-0.014,0.845,0,0,2675,0,3111,419,3055,2934,62,1.456,1,2127,0,193.504,2.757,10.875,-188.438,42.625,-0.195,-0.121,1.152,1.816,-2.074,1.336,0.092,0.192,1.188,1.383,3,NULL,NULL,,3,0,2,7,255,940,250,0,0
stim,67203,97324,0,97324,3294654.453,-0.531,0.039,-0.018,0.846,0,0,2627,0,3114,220,3054,2909,62,1.456,1,2127,0,200.548,2.757,18.313,-195.625,40.188,-0.145,-0.047,1.223,1.816,-2.074,1.539,0.100,0.206,1.188,1.383,3,NULL,NULL,,3,0,2,7,255,940,250,0,0
stim,67241,97362,0,97362,3294659.455,-0.529,0.047,-0.022,0.847,0,0,2555,0,3103,97,3058,2883,62,1.456,1,2127,0,206.105,2.458,25.000,-201.313,36.438,-0.227,0.047,1.156,1.188,-2.152,1.336,0.108,0.222,1.188,1.383,3,NULL,NULL,,3,0,2,7,255,940,250,0,0
stim,67241,97362,0,97362,3294664.454,-0.528,0.056,-0.025,0.847,0,0,2477,0,3104,42,3061,2847,62,1.456,1,2127,0,215.147,3.477,44.750,-209.875,15.438,-0.203,0.184,1.359,0.805,-3.383,2.023,0.118,0.236,1.188,1.383,3,NULL,NULL,,3,0,2,7,255,940,250,0,0
stim,67269,97390,0,97390,3294669.455,-0.527,0.065,-0.029,0.847,0,0,2363,0,3099,7,3080,2810,62,1.456,1,2127,0,219.276,4.162,31.938,-216.813,7.375,-0.113,0.293,1.574,-0.285,-4.152,3.133,0.126,0.250,1.188,1.383,3,NULL,NULL,,3,0,2,7,255,940,250,0,0
stim,67269,97390,0,97390,3294674.454,-0.526,0.073,-0.033,0.846,0,0,2201,0,3093,33,3059,2773,62,1.456,1,2127,0,224.882,4.351,20.750,-223.688,10.250,-0.227,0.293,1.840,-0.605,-4.309,5.270,0.136,0.266,1.188,1.383,3,NULL,NULL,,3,0,2,7,255,940,250,0,0
stim,67269,97390,0,97390,3294679.455,-0.525,0.083,-0.038,0.846,0,0,2051,0,3089,69,3060,2723,62,1.456,1,2127,0,240.587,5.964,17.688,-239.250,18.125,-0.422,0.164,2.336,-0.605,-5.934,7.637,0.148,0.282,1.188,1.383,3,NULL,NULL,,3,0,2,7,255,940,250,0,0
stim,67269,97390,0,97390,3294684.454,-0.523,0.092,-0.044,0.846,0,0,1853,0,3077,85,3054,2660,62,1.456,1,2127,0,264.969,8.410,6.688,-263.313,28.813,-0.648,0.113,2.684,1.922,-8.188,11.949,0.162,0.300,1.188,1.383,3,NULL,NULL,,3,0,2,7,255,940,250,0,0
stim,67269,97390,0,97390,3294689.455,-0.521,0.102,-0.052,0.846,0,0,1625,0,3045,92,3039,2585,62,1.456,1,2127,0,299.247,11.231,-31.813,-294.625,41.625,-0.801,0.383,2.766,2.449,-10.961,14.672,0.182,0.322,1.188,1.383,3,NULL,NULL,,3,0,2,7,255,940,250,0,0
stim,67269,97390,0,97390,3294694.453,-0.519,0.113,-0.062,0.845,0,0,1496,0,3007,107,3017,2503,62,1.456,1,2127,0,334.613,14.428,-73.000,-325.313,28.438,-0.813,0.785,2.793,2.449,-14.219,14.672,0.206,0.350,1.188,1.383,3,NULL,NULL,,3,0,2,7,255,940,250,0,0
stim,67269,97390,0,97390,3294699.455,-0.517,0.123,-0.074,0.844,0,0,1395,0,2983,115,2999,2386,62,1.456,1,2127,0,366.150,16.840,-104.125,-350.688,15.563,-0.813,0.988,2.785,-0.820,-16.820,14.516,0.238,0.386,1.188,1.383,3,NULL,NULL,,3,0,2,7,255,940,250,0,0
stim,67269,97390,0,97390,3294704.454,-0.516,0.134,-0.087,0.842,0,0,1291,0,2955,121,2961,2267,62,1.456,1,2127,0,399.197,18.543,-119.500,-380.688,12.438,-0.863,0.957,2.813,-1.859,-18.449,13.824,0.282,0.434,1.188,1.383,3,NULL,NULL,,3,0,2,7,255,940,250,0,0
stim,67269,97390,0,97390,3294709.455,-0.515,0.146,-0.102,0.839,0,0,1173,0,2907,117,2900,2166,62,1.456,1,2127,0,432.322,19.708,-146.125,-406.875,-1.563,-0.770,0.957,2.883,-2.117,-19.594,13.566,0.340,0.494,1.188,1.383,3,NULL,NULL,,3,0,2,7,255,940,250,0,0
stim,67269,97390,0,97390,3294714.453,-0.514,0.158,-0.117,0.835,0,0,1079,0,2842,109,2835,2043,62,1.456,1,2127,0,452.148,19.993,-144.688,-428.125,-14.563,-0.754,0.801,2.883,-1.859,-19.906,13.316,0.408,0.566,1.188,1.383,3,NULL,NULL,,3,0,2,7,255,940,250,0,0
stim,67269,97390,0,97390,3294719.455,-0.511,0.172,-0.132,0.832,0,0,969,0,2772,111,2759,1931,62,1.456,1,2127,0,480.300,20.033,-141.125,-459.063,5.750,-0.926,0.805,2.957,-0.738,-20.020,12.941,0.490,0.648,1.188,1.383,3,NULL,NULL,,3,0,2,7,255,940,250,0,0
stim,67269,97390,0,97390,3294724.454,-0.509,0.185,-0.149,0.827,0,0,859,0,2685,93,2648,1785,62,1.456,1,2127,0,503.048,22.596,-155.125,-478.500,5.563,-1.070,0.957,3.094,-0.352,-22.594,12.051,0.578,0.738,1.188,1.383,3,NULL,NULL,,3,0,2,7,255,940,250,0,0
stim,67303,97424,0,97424,3294729.455,-0.508,0.199,-0.165,0.822,0,0,751,0,2547,76,2473,1643,62,1.456,1,2127,0,518.308,25.860,-166.938,-489.813,-29.313,-1.051,0.777,3.125,0.133,-25.859,11.461,0.674,0.834,1.188,1.383,3,NULL,NULL,,3,0,2,7,255,940,250,0,0
stim,67303,97424,0,97424,3294734.454,-0.507,0.214,-0.182,0.815,0,0,531,0,2384,51,2292,1455,62,1.456,1,2127,0,533.460,25.888,-174.875,-500.938,-55.313,-0.820,0.375,3.098,1.215,-25.859,11.008,0.776,0.938,1.188,1.383,3,NULL,NULL,,3,0,2,7,255,940,250,0,0
stim,67303,97424,0,97424,3294739.455,-0.505,0.229,-0.200,0.808,0,0,382,0,2137,0,2059,1239,62,1.456,1,2127,0,546.850,23.855,-171.188,-518.063,-36.750,-0.719,-0.125,2.980,3.848,-23.543,10.828,0.884,1.050,1.188,1.383,3,NULL,NULL,,3,0,2,7,255,940,250,0,0
stim,67303,97424,0,97424,3294744.453,-0.501,0.243,-0.218,0.802,0,0,266,0,1833,0,1784,1031,62,1.456,1,2127,0,564.247,22.606,-177.563,-535.375,14.813,-0.672,-0.391,2.641,7.828,-21.207,10.094,1.000,1.168,1.188,1.383,3,NULL,NULL,,3,0,2,7,255,940,250,0,0
stim,67303,97424,0,97424,3294749.455,-0.496,0.258,-0.236,0.795,0,0,157,0,1487,0,1405,853,62,1.456,1,2127,0,570.805,21.023,-162.813,-546.688,21.063,-0.680,-0.418,2.180,9.320,-18.844,6.957,1.120,1.290,1.188,1.383,3,NULL,NULL,,3,0,2,7,255,940,250,0,0
stim,67303,97424,0,97424,3294754.454,-0.489,0.275,-0.252,0.788,0,0,111,0,1109,0,843,653,62,1.456,1,2127,0,569.805,19.131,-106.250,-559.063,28.938,-0.797,-0.297,1.891,9.320,-16.707,2.559,1.240,1.414,1.188,1.383,3,NULL,NULL,,3,0,2,7,255,940,250,0,0
stim,67353,97474,0,97474,3294759.455,-0.482,0.292,-0.267,0.782,0,0,89,0,661,0,265,495,62,1.456,1,2127,0,568.535,18.692,-59.875,-563.688,43.625,-0.758,0.180,1.980,8.383,-16.707,-1.371,1.356,1.532,1.188,1.383,3,NULL,NULL,,3,0,2,7,255,940,250,0,0
stim,67353,97474,0,97474,3294764.453,-0.472,0.310,-0.281,0.777,0,0,29,0,217,0,0,382,62,1.456,1,2127,0,575.691,19.706,-20.750,-568.313,89.500,-1.145,0.332,2.363,5.367,-18.961,-2.125,1.464,1.642,1.188,1.383,3,NULL,NULL,,3,0,2,7,255,940,250,0,0
stim,67353,97474,0,97474,3294769.455,-0.458,0.326,-0.297,0.772,0,0,26,0,0,0,0,267,62,1.456,1,2127,0,622.011,25.272,-37.250,-591.250,189.563,-1.648,0.410,2.406,5.367,-24.695,-3.715,1.564,1.746,1.188,1.383,3,NULL,NULL,,3,0,2,7,255,940,250,0,0
stim,67353,97474,0,97474,3294774.454,-0.444,0.341,-0.314,0.767,0,0,5,0,0,0,0,169,62,1.456,1,2127,0,632.366,28.429,-92.188,-595.500,191.750,-1.809,0.809,2.117,5.367,-27.918,-8.719,1.664,1.850,1.188,1.383,3,NULL,NULL,,3,0,2,7,255,940,250,0,0
stim,67353,97474,0,97474,3294779.455,-0.436,0.354,-0.333,0.758,0,0,3,0,0,0,0,75,62,1.456,1,2127,0,578.356,28.183,-193.313,-538.375,85.313,-1.250,1.473,1.684,3.859,-27.918,-13.863,1.770,1.960,1.188,1.383,4,NULL,NULL,,3,0,2,7,255,940,250,0,0
stim,67353,97474,0,97474,3294784.453,-0.433,0.362,-0.351,0.747,0,0,9,0,0,0,0,57,62,1.456,1,2127,0,538.999,24.791,-296.813,-449.125,26.625,-0.637,2.055,1.289,-5.020,-24.277,-13.863,1.892,2.082,1.188,1.383,0,NULL,NULL,,3,0,2,7,255,940,250,0,0
stim,67353,97474,0,97474,3294789.455,-0.432,0.362,-0.374,0.737,0,0,6,0,0,0,0,41,62,1.456,1,2127,0,567.245,24.415,-471.125,-305.063,82.125,-0.094,2.340,0.305,-13.480,-20.355,-14.379,2.020,2.214,1.188,1.383,0,NULL,NULL,,3,0,2,7,255,940,250,0,0
stim,67353,97474,0,97474,3294794.454,-0.433,0.358,-0.392,0.729,0,0,2,0,0,0,0,29,62,1.456,1,2127,0,449.795,18.855,-406.750,-167.188,94.438,-0.039,1.672,-0.547,-15.777,-10.324,-15.031,2.148,2.344,1.188,1.383,0,NULL,NULL,,3,0,2,7,255,940,250,0,0
stim,67353,97474,0,97474,3294799.455,-0.430,0.355,-0.398,0.728,0,0,0,0,0,0,0,25,62,1.456,1,2127,0,176.604,16.190,-129.313,-54.938,107.000,-0.836,0.121,0.047,-15.777,-3.633,-16.961,2.260,2.458,1.188,1.383,0,NULL,NULL,,3,0,2,7,255,940,250,0,0
stim,67353,97474,0,97474,3294804.453,-0.429,0.353,-0.399,0.729,0,0,0,0,0,0,0,27,62,1.456,1,2127,0,62.422,4.134,-10.000,22.938,57.188,-1.535,-0.828,1.535,1.973,-3.633,-16.961,2.346,2.544,1.188,1.383,0,NULL,NULL,,3,0,2,7,255,940,250,0,0
stim,67353,97474,0,97474,3294809.455,-0.434,0.347,-0.401,0.728,0,0,0,0,0,0,0,23,62,1.456,1,2127,0,183.842,21.827,-135.000,122.375,-24.438,-1.531,-0.738,1.664,14.387,-16.414,-13.973,2.408,2.606,1.188,1.383,0,NULL,NULL,,3,0,2,7,255,940,250,0,0
stim,67353,97474,0,97474,3294814.454,-0.443,0.338,-0.403,0.726,0,0,0,0,0,0,0,12,62,1.456,1,2127,0,300.388,21.827,-224.813,193.438,-47.688,-1.203,0.375,0.738,14.387,-16.414,-13.973,2.468,2.668,1.188,1.383,0,NULL,NULL,,3,0,2,7,255,940,250,0,0
stim,67384,97505,0,97505,3294819.455,-0.450,0.327,-0.404,0.726,0,0,0,0,0,0,0,8,62,1.456,1,2127,0,287.886,11.989,-171.438,230.563,-18.125,-1.051,1.477,0.234,1.785,-11.855,-17.730,2.536,2.740,1.188,1.383,0,NULL,NULL,,3,0,2,7,255,940,250,0,0
stim,67384,97505,0,97505,3294824.454,-0.456,0.318,-0.401,0.728,0,0,0,0,0,0,0,0,62,1.456,1,2127,0,258.705,15.071,-78.063,246.563,6.438,-1.055,1.621,0.457,-9.305,-11.855,-21.215,2.612,2.818,1.188,1.383,0,NULL,NULL,,3,0,2,7,255,940,250,0,0
stim,67384,97505,0,97505,3294829.455,-0.461,0.309,-0.398,0.731,0,0,0,0,0,0,0,0,62,1.456,1,2127,0,263.829,15.166,-56.500,257.438,11.813,-1.094,0.965,0.949,-9.305,-11.977,-21.215,2.686,2.894,1.188,1.383,0,NULL,NULL,,3,0,2,7,255,940,250,0,0
stim,67384,97505,1,97505,3294834.453,-0.467,0.298,-0.396,0.732,0,0,0,0,0,0,0,0,62,1.456,1,2127,0,290.238,13.649,-112.125,267.313,14.500,-1.004,0.363,0.910,-4.172,-12.996,-17.027,2.752,2.964,1.188,1.383,0,NULL,NULL,,3,1,2,7,255,940,250,0,0
stim,67384,97505,1,97505,3294839.455,-0.473,0.285,-0.396,0.733,0,0,0,0,0,0,0,0,62,1.456,1,2127,0,320.272,13.018,-161.250,275.750,23.125,-0.805,0.242,0.289,0.762,-12.996,-15.383,2.816,3.028,1.188,1.383,0,NULL,NULL,,3,1,2,7,255,940,250,0,0
stim,67384,97505,1,97505,3294844.454,-0.478,0.273,-0.395,0.735,0,0,0,0,0,0,0,0,62,1.456,1,2127,0,313.682,6.719,-136.500,278.938,44.250,-0.688,0.438,-0.379,0.762,-6.676,-15.383,2.878,3.092,1.188,1.383,0,NULL,NULL,,3,1,2,7,255,940,250,0,0
stim,67426,97547,1,97547,3294849.455,-0.483,0.262,-0.392,0.738,0,0,0,0,0,0,0,0,62,1.456,1,2127,0,294.434,1.756,-63.813,283.250,48.875,-0.691,0.578,-0.543,-1.371,-1.098,-18.480,2.934,3.152,1.188,1.383,0,NULL,NULL,,3,1,2,7,255,940,250,0,0
stim,67426,97547,1,97547,3294854.453,-0.487,0.252,-0.386,0.742,0,0,0,0,0,0,0,0,62,1.456,1,2127,0,295.366,2.288,-6.125,292.063,43.625,-0.609,0.492,-0.340,-2.008,-1.098,-18.480,2.982,3.200,1.188,1.383,0,NULL,NULL,,3,1,2,7,255,940,250,0,0
stim,67444,97565,1,97565,3294859.455,-0.490,0.241,-0.379,0.747,0,0,0,0,0,0,0,0,62,1.456,1,2127,0,309.814,2.485,22.313,303.313,59.063,-0.453,0.328,-0.180,-2.008,-1.465,-17.848,3.018,3.240,1.188,1.383,0,NULL,NULL,,3,1,2,7,255,940,250,0,0
stim,67444,97565,1,97565,3294864.454,-0.492,0.230,-0.372,0.752,0,0,0,0,0,0,0,0,62,1.456,1,2127,0,327.734,2.104,35.750,314.813,83.813,-0.488,0.336,-0.074,-1.180,-1.742,-15.211,3.046,3.268,1.188,1.383,0,NULL,NULL,,3,1,2,7,255,940,250,0,0
stim,67445,97566,1,97566,3294869.455,-0.494,0.220,-0.364,0.758,0,0,0,0,0,0,0,0,62,1.456,1,2127,0,341.466,3.111,56.188,323.063,95.250,-0.617,0.391,-0.066,-1.109,-2.906,-15.211,3.068,3.294,1.188,1.383,0,NULL,NULL,,3,1,2,7,255,940,250,0,0
stim,67445,97566,1,97566,3294874.454,-0.496,0.209,-0.355,0.765,0,0,0,0,0,0,0,0,62,1.456,1,2127,0,353.412,4.113,92.375,329.125,89.688,-0.680,0.395,0.031,-1.035,-3.980,-15.461,3.090,3.316,1.188,1.383,0,NULL,NULL,,3,1,2,7,255,940,250,0,0
stim,67445,97566,1,97566,3294879.455,-0.498,0.200,-0.344,0.771,0,0,0,0,0,0,0,0,62,1.456,1,2127,0,362.340,5.363,116.313,334.938,74.688,-0.691,0.426,0.340,-1.035,-5.262,-15.461,3.112,3.340,1.188,1.383,0,NULL,NULL,,3,1,2,7,255,940,250,0,0
stim,67445,97566,1,97566,3294884.454,-0.500,0.190,-0.333,0.777,0,0,0,0,0,0,0,0,62,1.456,1,2127,0,366.739,7.885,121.063,340.000,65.125,-0.605,0.387,0.574,-1.203,-7.793,-13.453,3.136,3.366,1.188,1.383,0,NULL,NULL,,3,1,2,7,255,940,250,0,0
stim,67447,97568,1,97568,3294889.455,-0.502,0.180,-0.322,0.782,0,0,0,0,0,0,0,0,62,1.456,1,2127,0,370.366,9.018,112.438,347.000,64.188,-0.504,0.379,0.734,-1.340,-8.918,-10.930,3.166,3.398,1.188,1.383,0,NULL,NULL,,3,1,2,7,255,940,250,0,0
stim,67447,97568,1,97568,3294894.453,-0.504,0.169,-0.311,0.788,0,0,0,0,0,0,0,0,62,1.456,1,2127,0,371.889,9.503,102.938,349.875,72.750,-0.512,0.402,0.719,-1.816,-9.328,-8.922,3.200,3.436,1.188,1.383,0,NULL,NULL,,3,1,2,7,255,940,250,0,0
stim,67447,97568,1,97568,3294899.455,-0.507,0.159,-0.300,0.793,0,0,0,0,0,0,0,0,62,1.456,1,2127,0,375.999,9.542,109.875,355.500,54.063,-0.547,0.359,0.793,-1.816,-9.367,-8.867,3.238,3.474,1.188,1.383,0,NULL,NULL,,3,1,2,7,255,940,250,0,0
stim,67447,97568,1,97568,3294904.454,-0.509,0.148,-0.288,0.797,0,0,0,0,0,0,0,0,62,1.456,1,2127,0,380.490,9.494,112.438,359.938,50.750,-0.344,0.285,0.797,-1.770,-9.328,-8.059,3.278,3.518,1.188,1.383,0,NULL,NULL,,3,1,2,7,255,940,250,0,0
stim,67474,97595,1,97595,3294909.455,-0.512,0.137,-0.276,0.802,0,0,0,0,0,0,0,0,62,1.456,1,2127,0,383.444,9.936,114.750,362.750,47.688,-0.391,0.395,0.980,-1.770,-9.777,-6.422,3.320,3.562,1.188,1.383,0,NULL,NULL,,3,1,2,7,255,940,250,0,0
stim,67474,97595,1,97595,3294914.453,-0.515,0.127,-0.265,0.806,0,0,0,0,0,0,0,0,62,1.456,1,2127,0,382.859,10.150,100.500,368.313,28.750,-0.398,0.387,1.051,-2.727,-9.777,-5.305,3.362,3.606,1.188,1.383,0,NULL,NULL,,3,1,2,7,255,940,250,0,0
stim,67474,97595,1,97595,3294919.455,-0.518,0.115,-0.253,0.809,0,0,0,0,0,0,0,0,62,1.456,1,2127,0,383.563,10.150,92.125,371.875,18.500,-0.152,0.215,0.969,-2.727,-9.777,-4.449,3.406,3.650,1.188,1.383,0,NULL,NULL,,3,1,2,7,255,940,250,0,0
stim,67474,97595,1,97595,3294924.454,-0.521,0.104,-0.241,0.812,0,0,0,0,0,0,0,0,62,1.456,1,2127,0,390.592,7.375,99.188,375.625,40.375,-0.145,0.066,0.848,-2.297,-7.008,-3.527,3.448,3.694,1.188,1.383,0,NULL,NULL,,3,1,2,7,255,940,250,0,0
stim,67474,97595,1,97595,3294929.455,-0.523,0.093,-0.229,0.816,0,0,0,0,0,0,0,0,62,1.456,1,2127,0,394.846,7.231,108.438,377.688,38.688,-0.301,0.219,0.922,-1.781,-7.008,-3.527,3.488,3.738,1.188,1.383,0,NULL,NULL,,3,1,2,7,255,940,250,0,0
stim,67474,97595,1,97595,3294934.453,-0.526,0.082,-0.216,0.819,0,0,0,0,0,0,0,0,62,1.456,1,2127,0,396.482,7.261,115.188,378.188,30.063,-0.262,0.242,0.922,-1.781,-7.039,-3.527,3.530,3.782,1.188,1.383,0,NULL,NULL,,3,1,2,7,255,940,250,0,0
stim,67504,97625,1,97625,3294939.455,-0.528,0.071,-0.203,0.821,0,0,0,0,0,0,0,0,62,1.456,1,2127,0,399.544,7.309,129.875,376.938,26.188,-0.242,0.191,0.984,-1.969,-7.039,-3.445,3.570,3.824,1.188,1.383,0,NULL,NULL,,3,1,2,7,255,940,250,0,0
stim,67504,97625,1,97625,3294944.454,-0.531,0.061,-0.189,0.824,0,0,0,0,0,0,0,0,62,1.456,1,2127,0,398.843,7.378,136.875,373.875,23.625,-0.238,0.254,1.121,-2.211,-7.039,-2.457,3.610,3.866,1.188,1.383,0,NULL,NULL,,3,1,2,7,255,940,250,0,0
stim,67504,97625,1,97625,3294949.455,-0.533,0.051,-0.176,0.826,0,0,0,0,0,0,0,0,62,1.456,1,2127,0,395.444,7.179,139.125,369.375,24.125,-0.199,0.199,1.148,-2.488,-6.734,-1.164,3.650,3.906,1.188,1.383,0,NULL,NULL,,3,1,2,7,255,940,250,0,0
stim,67504,97625,1,97625,3294954.453,-0.535,0.041,-0.162,0.828,0,0,0,0,0,0,0,0,62,1.456,1,2127,0,394.562,6.932,143.750,366.688,23.563,-0.156,0.188,1.152,-2.602,-6.426,-0.441,3.686,3.946,1.188,1.383,0,NULL,NULL,,3,1,2,7,255,940,250,0,0
stim,67543,97664,1,97664,3294959.455,-0.536,0.031,-0.148,0.830,0,0,0,0,0,0,0,0,62,1.456,1,2127,0,396.767,6.286,158.563,362.125,33.875,-0.113,0.203,1.203,-2.602,-5.723,-0.066,3.722,3.982,1.188,1.383,0,NULL,NULL,,3,1,2,7,255,940,250,0,0
stim,67543,97664,1,97664,3294964.453,-0.537,0.022,-0.133,0.832,0,0,0,0,0,0,0,7,62,1.456,1,2127,0,395.811,6.460,167.250,356.688,38.313,-0.172,0.277,1.328,-2.996,-5.723,0.652,3.754,4.016,1.188,1.383,0,NULL,NULL,,3,1,2,7,255,940,250,0,0
stim,67543,97664,1,97664,3294969.455,-0.538,0.013,-0.118,0.834,0,0,0,0,0,0,0,5,62,1.456,1,2127,0,396.125,6.289,178.000,351.563,40.438,-0.133,0.246,1.391,-3.539,-5.199,1.719,3.784,4.048,1.188,1.383,0,NULL,NULL,,3,1,2,7,255,940,250,0,0
stim,67543,97664,1,97664,3294974.454,-0.538,0.005,-0.103,0.836,0,0,0,0,0,0,0,5,62,1.456,1,2127,0,397.144,6.292,189.000,346.000,47.813,-0.102,0.270,1.523,-3.566,-5.184,2.660,3.812,4.078,1.188,1.383,0,NULL,NULL,,3,1,2,7,255,940,250,0,0
stim,67543,97664,1,97664,3294979.455,-0.539,-0.003,-0.088,0.838,0,0,0,0,0,0,0,6,62,1.456,1,2127,0,395.002,5.983,198.813,338.375,44.750,-0.039,0.164,1.602,-3.539,-4.824,4.078,3.840,4.106,1.188,1.383,0,NULL,NULL,,3,1,2,7,255,940,250,0,0
stim,67543,97664,1,97664,3294984.453,-0.538,-0.011,-0.072,0.840,0,0,0,0,0,0,0,9,62,1.456,1,2127,0,404.731,4.953,217.688,337.188,52.188,0.047,0.133,1.691,-3.504,-3.500,5.238,3.868,4.136,1.188,1.383,0,NULL,NULL,,3,1,2,7,255,940,250,0,0
stim,67568,97689,1,97689,3294989.455,-0.537,-0.018,-0.056,0.841,0,0,0,0,0,0,0,8,62,1.456,1,2127,0,410.582,4.953,229.438,332.563,73.063,-0.008,0.465,1.871,-3.504,-3.500,6.316,3.898,4.168,1.188,1.383,0,NULL,NULL,,3,1,2,7,255,940,250,0,0
stim,67568,97689,1,97689,3294994.454,-0.535,-0.025,-0.040,0.843,0,0,0,0,0,0,0,0,62,1.456,1,2127,0,411.150,7.275,232.250,328.563,84.563,-0.008,0.582,2.023,-6.332,-3.582,7.660,3.926,4.198,1.188,1.383,0,NULL,NULL,,3,1,2,7,255,940,250,0,0
stim,67568,97689,1,97689,3294999.455,-0.533,-0.031,-0.023,0.845,0,0,0,0,0,0,0,0,62,1.456,1,2127,0,410.718,7.275,239.375,323.313,82.813,0.090,0.371,2.156,-6.332,-3.582,9.164,3.956,4.230,1.188,1.383,0,NULL,NULL,,3,1,2,7,255,940,250,0,0
stim,67568,97689,1,97689,3295004.453,-0.531,-0.037,-0.006,0.846,0,0,0,0,0,0,0,0,62,1.456,1,2127,0,413.609,6.088,248.375,321.188,78.875,0.203,0.051,2.305,-5.965,-1.219,10.805,3.984,4.260,1.188,1.383,0,NULL,NULL,,3,1,2,7,255,940,250,0,0
stim,67568,97689,1,97689,3295009.455,-0.529,-0.043,0.010,0.847,0,0,0,0,0,0,0,0,62,1.456,1,2127,0,411.010,4.071,244.313,320.563,80.500,0.266,-0.051,2.355,-3.621,1.859,12.508,4.010,4.286,1.188,1.383,0,NULL,NULL,,3,1,2,7,255,940,250,0,0
stim,67568,97689,1,97689,3295014.454,-0.527,-0.050,0.026,0.848,0,0,0,0,0,0,0,0,62,1.456,1,2127,0,407.851,4.658,235.875,321.750,84.750,0.313,-0.164,2.230,-2.891,3.652,12.508,4.030,4.308,1.188,1.383,0,NULL,NULL,,3,1,2,7,255,940,250,0,0
stim,67568,97689,1,97689,3295019.455,-0.524,-0.056,0.044,0.849,0,0,0,0,0,0,0,0,62,1.456,1,2127,0,420.113,5.547,254.500,322.563,87.625,0.320,-0.270,2.121,-1.859,5.227,11.609,4.046,4.326,1.188,1.383,0,NULL,NULL,,3,1,2,7,255,940,250,0,0
stim,67568,97689,1,97689,3295024.454,-0.521,-0.061,0.062,0.849,0,0,0,0,0,0,0,0,62,1.456,1,2127,0,441.757,6.428,292.188,321.875,78.563,0.328,-0.324,2.250,-0.730,6.387,11.352,4.054,4.336,1.188,1.383,0,NULL,NULL,,3,1,2,7,255,940,250,0,0
stim,67594,97715,1,97715,3295029.455,-0.519,-0.065,0.081,0.848,0,0,0,0,0,0,0,0,62,1.456,1,2127,0,454.309,7.618,316.625,320.250,59.875,0.422,-0.352,2.504,-0.258,7.613,11.352,4.054,4.340,1.188,1.383,0,NULL,NULL,,3,1,2,7,255,940,250,0,0
stim,67594,97715,1,97715,3295034.454,-0.518,-0.070,0.100,0.847,0,0,0,0,0,0,0,0,62,1.456,1,2127,0,453.172,9.822,320.500,317.500,42.875,0.613,-0.473,2.664,-0.184,9.820,13.297,4.046,4.334,1.188,1.383,0,NULL,NULL,,3,1,2,7,255,940,250,0,0
stim,67594,97715,1,97715,3295039.455,-0.516,-0.074,0.119,0.845,0,0,0,0,0,0,0,0,62,1.456,1,2127,0,447.170,13.189,318.250,312.125,35.438,0.793,-0.668,2.711,0.195,13.188,13.297,4.028,4.318,1.188,1.383,0,NULL,NULL,,3,1,2,7,255,940,250,0,0
stim,67594,97715,1,97715,3295044.453,-0.515,-0.078,0.138,0.842,0,0,0,0,0,0,0,0,62,1.456,1,2127,0,442.033,16.604,320.063,303.250,31.500,0.918,-0.840,2.703,1.379,16.547,13.262,3.998,4.290,1.188,1.383,0,NULL,NULL,,3,1,2,7,255,940,250,0,0
stim,67594,97715,1,97715,3295049.455,-0.514,-0.081,0.157,0.840,0,0,0,0,0,0,0,0,62,1.456,1,2127,0,440.568,19.305,328.313,293.000,21.500,1.023,-0.895,2.730,2.660,19.121,12.016,3.954,4.248,1.188,1.383,0,NULL,NULL,,3,1,2,7,255,940,250,0,0
stim,67594,97715,1,97715,3295054.454,-0.513,-0.084,0.175,0.836,0,0,0,0,0,0,0,5,62,1.456,1,2127,0,445.538,21.218,345.750,281.000,-0.313,1.223,-0.871,2.906,2.660,21.051,11.313,3.896,4.190,1.188,1.383,0,NULL,NULL,,3,1,2,7,255,940,250,0,0
stim,67653,97774,1,97774,3295059.455,-0.514,-0.086,0.194,0.831,0,0,0,0,0,0,0,5,62,1.456,1,2127,0,447.903,24.046,355.750,270.688,-28.063,1.500,-0.848,3.180,2.320,23.934,11.313,3.820,4.118,1.188,1.383,0,NULL,NULL,,3,1,2,7,255,940,250,0,0
stim,67653,97774,1,97774,3295064.453,-0.515,-0.088,0.212,0.826,0,0,0,0,0,0,0,20,62,1.456,1,2127,0,435.223,27.902,341.688,263.875,-55.125,1.844,-0.828,3.430,1.461,27.863,12.000,3.730,4.030,1.188,1.383,0,NULL,NULL,,3,1,2,7,255,940,250,0,0
stim,67653,97774,1,97774,3295069.455,-0.517,-0.091,0.229,0.820,0,0,0,0,0,0,0,39,62,1.456,1,2127,0,404.191,32.292,303.125,256.688,-74.813,2.199,-0.852,3.531,0.441,32.289,12.000,3.626,3.928,1.188,1.383,0,NULL,NULL,,3,1,2,7,255,940,250,0,0
stim,67653,97774,1,97774,3295074.454,-0.519,-0.095,0.243,0.814,0,0,0,0,0,0,0,54,62,1.456,1,2127,0,361.080,36.310,250.250,246.813,-82.688,2.527,-0.879,3.434,-0.305,36.309,10.453,3.508,3.812,1.188,1.383,0,NULL,NULL,,3,1,2,7,255,940,250,0,0
stim,67653,97774,1,97774,3295079.455,-0.520,-0.100,0.255,0.809,0,0,0,0,0,0,0,51,62,1.456,1,2127,0,321.931,39.121,200.563,235.875,-88.188,2.848,-0.883,3.180,-1.117,39.105,7.129,3.374,3.680,1.188,1.383,0,NULL,NULL,,3,1,2,7,255,940,250,0,0
stim,67653,97774,0,97774,3295084.453,-0.522,-0.106,0.265,0.804,0,0,0,0,0,0,0,71,62,1.456,1,2127,0,293.138,40.851,160.750,223.750,-100.125,3.176,-0.848,2.871,-2.242,40.789,2.598,3.220,3.528,1.188,1.383,0,NULL,NULL,,3,0,2,7,255,941,250,0,0
stim,67653,97774,0,97774,3295089.455,-0.525,-0.111,0.273,0.799,0,0,0,0,0,0,0,89,62,1.456,1,2127,0,269.578,42.085,127.563,208.813,-113.125,3.516,-0.844,2.551,-3.871,41.906,-2.305,3.048,3.356,1.188,1.383,0,NULL,NULL,,3,0,2,7,255,941,250,0,0
stim,67653,97774,0,97774,3295094.454,-0.527,-0.117,0.280,0.794,0,0,0,0,0,0,0,133,62,1.456,1,2127,0,240.114,43.245,97.125,186.688,-115.625,3.816,-1.000,2.203,-5.047,42.949,-7.375,2.858,3.166,1.188,1.383,0,NULL,NULL,,3,0,2,7,255,941,250,0,0
stim,67653,97774,0,97774,3295099.455,-0.529,-0.122,0.286,0.789,0,0,0,0,0,0,0,172,62,1.456,1,2127,0,208.275,43.249,76.000,164.375,-102.875,3.816,-0.996,1.840,-5.082,42.949,-12.941,2.656,2.964,1.188,1.383,0,NULL,NULL,,3,0,2,7,255,941,250,0,0
stim,67653,97774,0,97774,3295104.453,-0.532,-0.126,0.291,0.785,0,0,0,0,0,0,0,181,62,1.456,1,2127,0,185.870,43.866,66.625,124.188,-121.188,4.293,-1.348,1.367,-5.047,43.574,-16.566,2.442,2.750,1.188,1.383,0,NULL,NULL,,3,0,2,7,255,941,250,0,0
stim,67653,97774,0,97774,3295109.455,-0.535,-0.128,0.294,0.782,0,0,0,0,0,0,0,183,62,1.456,1,2127,0,130.548,43.740,68.188,78.688,-78.750,4.629,-1.984,1.102,-3.805,43.574,-24.262,2.222,2.526,1.188,1.383,0,NULL,NULL,,3,0,2,7,255,941,250,0,0
stim,67653,97774,0,97774,3295114.454,-0.535,-0.127,0.298,0.780,0,0,0,0,0,0,0,235,62,1.456,1,2127,0,111.135,43.576,104.063,35.438,-16.313,4.504,-1.910,0.805,0.344,43.574,-30.355,1.996,2.296,1.188,1.383,0,NULL,NULL,,3,0,2,7,255,941,250,0,0
stim,67690,97811,0,97811,3295119.459,-0.534,-0.115,0.310,0.778,21,0,0,159,0,41,0,371,62,1.456,1,2127,0,387.013,46.138,360.625,-65.500,124.250,3.074,-2.461,3.066,0.664,46.133,-30.355,1.766,2.060,1.188,1.383,0,NULL,NULL,,3,0,2,7,255,941,250,0,0
stim,67690,97811,0,97811,3295124.454,-0.530,-0.084,0.331,0.776,475,0,0,739,0,205,0,467,62,1.456,1,2127,0,853.593,47.129,749.125,-271.375,306.250,3.668,-0.273,8.668,3.316,47.012,-9.488,1.530,1.822,1.188,1.383,0,NULL,NULL,,3,0,2,7,255,941,250,0,0
stim,67690,97811,0,97811,3295129.455,-0.534,-0.077,0.323,0.777,1063,0,0,1321,0,453,0,551,62,1.456,1,2127,0,252.741,68.890,-39.688,-248.313,-25.375,2.801,-0.516,8.074,8.566,68.355,38.051,1.292,1.580,1.188,1.383,0,NULL,NULL,,3,0,2,7,255,941,250,0,0
stim,67690,97811,0,97811,3295134.454,-0.536,-0.086,0.292,0.787,1625,0,0,1741,0,788,0,583,62,1.456,1,2127,0,786.319,68.436,-742.875,-254.063,-43.438,2.559,-0.656,4.016,3.316,68.355,38.051,1.050,1.336,1.188,1.383,0,NULL,NULL,,3,0,2,7,255,941,250,0,0
stim,67690,97811,0,97811,3295139.455,-0.523,-0.100,0.250,0.809,2020,0,0,1937,0,1141,0,611,62,1.456,1,2127,0,1167.509,43.042,-1097.500,-235.563,321.063,1.594,1.777,-0.387,1.262,43.023,9.203,0.814,1.090,1.188,1.383,0,NULL,NULL,,3,0,2,7,255,941,250,0,0
stim,67690,97811,0,97811,3295144.453,-0.507,-0.103,0.223,0.827,2344,0,0,2149,0,1369,0,655,62,1.456,1,2128,0,832.917,23.226,-682.438,-223.250,422.125,0.051,2.570,-3.059,-22.793,4.465,-14.953,0.592,0.846,1.188,1.383,1,935.000,-6.000,,3,0,2,7,255,941,250,0,0
stim,67729,97850,0,97850,3295149.455,-0.495,-0.094,0.217,0.836,2581,0,0,2380,0,1511,0,737,62,1.456,1,2128,0,425.003,32.828,-78.438,-228.938,349.375,-2.242,-0.250,-1.727,-22.793,-23.625,-17.414,0.408,0.612,1.188,1.383,1,NULL,NULL,,3,0,2,7,255,941,250,0,0
stim,67729,97850,0,97850,3295154.454,-0.492,-0.081,0.220,0.839,2765,0,0,2607,0,1605,0,837,62,1.456,1,2128,0,325.595,25.285,195.313,-198.625,168.563,-2.305,0.387,1.848,9.012,-23.625,-17.414,0.320,0.418,1.188,1.383,1,NULL,NULL,,3,0,2,7,255,941,250,0,0
stim,67729,97850,0,97850,3295159.455,-0.489,-0.071,0.222,0.840,2863,0,0,2743,0,1689,0,1001,62,1.456,1,2128,0,239.658,15.773,135.813,-159.250,116.750,-1.500,2.918,2.660,9.012,-12.945,15.395,0.334,0.310,1.188,1.383,2,NULL,NULL,,3,0,2,7,255,941,250,0,0
stim,67729,97850,0,97850,3295164.453,-0.486,-0.066,0.215,0.845,2931,0,0,2847,0,1749,0,1197,62,1.456,1,2128,0,238.732,16.316,-124.125,-168.875,114.313,-1.105,2.266,2.832,-11.457,-11.617,24.871,0.378,0.294,1.188,1.383,2,NULL,NULL,,3,0,2,7,255,941,250,0,0
stim,67729,97850,0,97850,3295169.455,-0.485,-0.066,0.199,0.849,2967,0,0,2919,0,1786,0,1356,62,1.456,1,2128,0,369.954,13.502,-325.063,-174.875,24.875,-1.340,0.137,1.168,-11.457,-7.145,24.871,0.408,0.338,1.188,1.383,2,NULL,NULL,,3,0,2,7,255,941,250,0,0
stim,67729,97850,0,97850,3295174.454,-0.488,-0.066,0.185,0.851,2991,0,0,2966,0,1817,0,1447,62,1.456,1,2128,0,339.976,9.147,-276.250,-191.188,-52.125,-0.832,-0.930,-0.051,6.207,-6.719,5.094,0.434,0.396,1.188,1.383,2,NULL,NULL,,3,0,2,7,255,941,250,0,0
stim,67729,97850,0,97850,3295179.455,-0.493,-0.062,0.174,0.850,3012,0,0,3013,0,1887,0,1501,62,1.456,1,2128,0,269.078,12.145,-148.563,-196.125,-108.938,-0.113,-1.816,0.660,11.875,-2.547,-7.113,0.468,0.452,1.188,1.383,2,NULL,NULL,,3,0,2,7,255,941,250,0,0
stim,67729,97850,0,97850,3295184.454,-0.498,-0.059,0.165,0.850,3032,0,0,3051,0,1945,0,1587,62,1.456,1,2128,0,253.946,15.234,-136.938,-188.375,-101.250,0.516,-1.578,1.242,11.875,9.543,-7.113,0.510,0.504,1.188,1.383,2,NULL,NULL,,3,0,2,7,255,941,250,0,0
stim,67758,97879,0,97879,3295189.455,-0.500,-0.056,0.155,0.850,3045,0,0,3091,0,2037,16,1663,62,1.456,1,2128,0,246.309,18.932,-169.563,-171.125,-51.313,1.039,-1.047,1.246,11.266,15.215,-2.625,0.538,0.542,1.188,1.383,2,NULL,NULL,,3,0,2,7,255,941,250,0,0
stim,67758,97879,0,97879,3295194.453,-0.499,-0.054,0.145,0.852,3060,0,0,3117,0,2117,105,1725,62,1.456,1,2128,0,232.403,17.408,-174.563,-150.500,29.813,1.180,-1.109,1.191,4.180,16.898,-2.625,0.532,0.558,1.188,1.383,2,NULL,NULL,,3,0,2,7,255,941,250,0,0
stim,67758,97879,0,97879,3295199.455,-0.495,-0.052,0.137,0.856,3069,0,0,3145,0,2216,163,1861,62,1.456,1,2128,0,223.789,17.408,-146.750,-122.188,116.688,0.672,-1.277,1.082,4.180,16.898,-3.023,0.504,0.566,1.188,1.383,2,NULL,NULL,,3,0,2,7,255,941,250,0,0
stim,67758,97879,0,97879,3295204.454,-0.491,-0.050,0.131,0.860,3081,0,0,3160,28,2283,301,2003,62,1.456,1,2128,0,207.673,15.363,-127.875,-113.563,117.813,-0.371,-0.422,1.047,5.473,14.355,-3.023,0.472,0.564,1.188,1.383,2,NULL,NULL,,3,0,2,7,255,941,250,0,0
stim,67758,97879,0,97879,3295209.455,-0.489,-0.048,0.126,0.861,3087,0,0,3173,293,2331,324,2121,62,1.456,1,2128,0,127.142,5.699,-66.813,-97.875,46.063,-0.297,0.527,1.328,5.473,1.590,0.270,0.440,0.538,1.188,1.383,2,NULL,NULL,,3,0,2,7,255,941,250,0,0
stim,67758,97879,0,97879,3295214.453,-0.491,-0.047,0.123,0.861,3019,0,0,3181,573,2379,299,2227,62,1.456,1,2128,0,90.440,3.188,-59.875,-60.438,-30.688,0.066,0.500,1.434,-2.836,1.457,4.109,0.404,0.478,1.188,1.383,2,NULL,NULL,,3,0,2,7,255,941,250,0,0
stim,67783,97904,0,97904,3295219.455,-0.492,-0.046,0.119,0.861,3083,0,0,3183,777,2409,311,2297,62,1.456,1,2128,0,85.645,4.682,-54.875,-56.875,-33.000,0.316,0.660,1.332,-4.449,1.457,4.109,0.370,0.394,1.188,1.383,2,NULL,NULL,,3,0,2,7,255,941,250,0,0
stim,67783,97904,0,97904,3295224.454,-0.494,-0.046,0.116,0.860,3079,0,0,3187,999,2429,317,2364,62,1.456,1,2128,0,95.669,4.970,-71.063,-35.125,-53.563,0.012,0.340,1.691,-4.449,2.215,4.359,0.350,0.310,1.188,1.383,2,NULL,NULL,,3,0,2,7,255,941,250,0,0
stim,67783,97904,0,97904,3295229.455,-0.496,-0.048,0.111,0.860,3039,7,0,3195,1158,2455,328,2408,62,1.456,1,2128,0,139.008,3.758,-121.313,-21.875,-64.250,0.078,-0.078,1.133,-2.887,2.406,3.121,0.332,0.248,1.188,1.383,2,NULL,NULL,,3,0,2,7,255,941,250,0,0
stim,67783,97904,0,97904,3295234.453,-0.498,-0.050,0.106,0.859,3079,35,0,3191,1269,2473,338,2447,62,1.456,1,2128,0,123.516,3.434,-111.750,-19.000,-49.063,0.105,-0.504,0.738,0.168,3.430,0.789,0.310,0.216,1.188,1.383,2,NULL,NULL,,3,0,2,7,255,941,250,0,0
stim,67803,97924,0,97924,3295239.455,-0.500,-0.051,0.103,0.859,3078,44,0,3193,1359,2487,343,2472,62,1.456,1,2128,0,83.335,5.708,-68.250,-16.000,-45.063,-0.012,-0.641,0.730,3.605,4.426,-3.410,0.292,0.200,1.188,1.383,2,NULL,NULL,,3,0,2,7,255,941,250,0,0
stim,67803,97924,0,97924,3295244.454,-0.501,-0.051,0.102,0.858,3059,73,0,3195,1453,2492,353,2490,62,1.456,1,2128,0,51.033,5.708,-20.250,-15.188,-44.313,0.047,-0.398,0.707,3.605,4.426,-3.461,0.284,0.190,1.188,1.383,2,NULL,NULL,,3,0,2,7,255,941,250,0,0
stim,67803,97924,0,97924,3295249.455,-0.503,-0.051,0.101,0.857,3083,109,0,3194,1529,2506,347,2507,62,1.456,1,2128,0,35.953,4.726,-1.375,-15.313,-32.500,0.008,-0.086,1.027,2.980,3.668,-3.410,0.288,0.174,1.188,1.383,2,NULL,NULL,,3,0,2,7,255,941,250,0,0
stim,67803,97924,0,97924,3295254.453,-0.504,-0.051,0.100,0.857,3087,117,0,3194,1598,2515,335,2525,62,1.456,1,2128,0,34.026,2.548,-21.500,-8.938,-24.813,-0.031,-0.063,1.133,0.473,2.504,-0.066,0.304,0.150,1.188,1.383,2,NULL,NULL,,3,0,2,7,255,941,250,0,0
stim,67849,97970,0,97970,3295259.455,-0.504,-0.051,0.098,0.857,3081,125,0,3195,1651,2517,330,2542,62,1.456,1,2128,0,37.072,2.318,-34.813,-6.438,-11.000,-0.059,-0.027,1.027,0.453,2.273,0.109,0.326,0.122,1.188,1.383,2,NULL,NULL,,3,0,2,7,255,941,250,0,0
stim,67849,97970,0,97970,3295264.454,-0.504,-0.052,0.097,0.856,3089,139,0,3191,1679,2523,325,2543,62,1.456,1,2128,0,35.496,1.674,-31.188,-4.375,-16.375,-0.148,0.031,1.012,0.266,1.652,0.195,0.350,0.096,1.188,1.383,2,NULL,NULL,,3,0,2,7,255,941,250,0,0
stim,67849,97970,0,97970,3295269.455,-0.505,-0.052,0.096,0.856,3089,146,0,3192,1709,2526,316,2551,62,1.456,1,2128,0,33.753,0.719,-24.063,-3.313,-23.438,-0.121,0.051,1.012,0.148,0.703,0.164,0.368,0.074,1.188,1.383,2,NULL,NULL,,3,0,2,7,255,941,250,0,0
stim,67849,97970,0,97970,3295274.454,-0.506,-0.053,0.094,0.856,3096,147,0,3204,1740,2539,297,2556,62,1.456,1,2128,0,35.126,0.716,-24.125,-2.188,-25.438,-0.098,0.000,1.055,0.137,0.703,0.195,0.384,0.058,1.188,1.383,2,NULL,NULL,,3,0,2,7,255,941,250,0,0
stim,67849,97970,0,97970,3295279.455,-0.507,-0.053,0.093,0.855,3100,153,0,3197,1767,2537,279,2577,62,1.456,1,2128,0,34.576,1.195,-26.375,-2.188,-22.250,-0.090,-0.051,1.023,0.137,1.188,0.164,0.396,0.046,1.188,1.383,2,NULL,NULL,,3,0,2,7,255,941,250,0,0
stim,67849,97970,0,97970,3295284.453,-0.508,-0.054,0.092,0.855,3095,155,0,3183,1783,2532,261,2571,62,1.456,1,2128,0,30.226,1.220,-24.688,-0.313,-17.438,-0.090,-0.023,0.973,0.281,1.188,0.145,0.406,0.036,1.188,1.383,2,NULL,NULL,,3,0,2,7,255,941,250,0,0
stim,67849,97970,0,97970,3295289.455,-0.508,-0.054,0.091,0.855,3029,140,0,3187,1785,2536,263,2579,62,1.431,1,2128,1,26.389,1.198,-16.813,-1.063,-20.313,-0.063,0.020,0.949,0.281,1.164,-0.332,0.000,0.000,1.162,1.317,2,NULL,NULL,,3,0,2,7,255,941,250,0,0
stim,67849,97970,0,97970,3295294.454,-0.509,-0.054,0.091,0.854,3093,139,0,3178,1799,2529,261,2568,62,1.431,1,2128,1,18.643,1.182,-5.250,0.688,-17.875,-0.012,0.020,0.969,-0.203,1.164,-0.484,0.008,0.006,1.162,1.317,2,NULL,NULL,,3,0,2,7,255,941,250,0,0
stim,67849,97970,0,97970,3295299.455,-0.509,-0.054,0.091,0.854,3093,140,4,3181,1789,2533,255,2571,62,1.431,1,2128,1,10.804,1.667,0.875,1.750,-10.625,-0.012,0.039,1.023,-0.461,1.602,-0.484,0.016,0.012,1.162,1.317,2,NULL,NULL,,3,0,2,7,255,941,250,0,0
stim,67849,97970,0,97970,3295304.453,-0.510,-0.054,0.091,0.854,3087,125,9,3167,1792,2519,261,2551,62,1.431,1,2128,1,6.472,1.728,1.250,3.063,-5.563,-0.063,0.129,1.063,-0.648,1.602,0.059,0.024,0.016,1.162,1.317,2,NULL,NULL,,3,0,2,7,255,941,250,0,0
stim,67871,97992,0,97992,3295309.455,-0.510,-0.054,0.091,0.854,3077,121,23,3176,1799,2519,251,2550,62,1.431,1,2128,1,7.190,1.479,-1.688,3.688,-5.938,-0.109,0.184,1.063,-1.203,0.859,0.602,0.032,0.020,1.162,1.317,2,NULL,NULL,,3,0,2,7,255,941,250,0,0
stim,67871,97992,0,97992,3295314.454,-0.510,-0.054,0.091,0.854,3087,113,33,3165,1784,2509,234,2549,62,1.431,1,2128,1,10.396,1.484,-3.063,3.625,-9.250,-0.105,0.199,1.043,-1.469,0.211,0.602,0.038,0.026,1.162,1.317,2,NULL,NULL,,3,0,2,7,255,941,250,0,0
stim,67871,97992,0,97992,3295319.455,-0.510,-0.054,0.091,0.853,3033,107,37,3159,1780,2515,217,2547,62,1.431,1,2128,1,11.098,1.484,-2.500,3.625,-10.188,-0.098,0.164,1.031,-1.469,0.211,0.543,0.046,0.030,1.162,1.317,2,NULL,NULL,,3,0,2,7,255,941,250,0,0
stim,67871,97992,0,97992,3295324.454,-0.511,-0.054,0.091,0.853,3059,105,40,3151,1775,2509,201,2533,62,1.431,1,2128,1,8.259,1.365,-1.875,3.063,-7.438,-0.090,0.152,1.027,-1.320,0.348,0.367,0.052,0.034,1.162,1.317,2,NULL,NULL,,3,0,2,7,255,941,250,0,0
stim,67896,98017,0,98017,3295329.455,-0.511,-0.054,0.091,0.853,3061,103,47,3145,1782,2505,200,2527,62,1.431,1,2128,1,4.152,1.316,-2.313,2.500,-2.375,-0.109,0.129,1.020,-1.262,0.375,0.305,0.056,0.038,1.162,1.317,2,NULL,NULL,,3,0,2,7,255,941,250,0,0
stim,67896,98017,0,98017,3295334.454,-0.511,-0.054,0.091,0.853,3036,98,51,3140,1781,2501,188,2531,62,1.431,1,2128,1,3.741,1.028,-3.375,1.313,0.938,-0.152,0.105,1.000,-0.957,0.375,0.277,0.060,0.038,1.162,1.317,2,NULL,NULL,,3,0,2,7,255,941,250,0,0
stim,67896,98017,0,98017,3295339.455,-0.511,-0.054,0.091,0.853,3034,91,61,3139,1785,2493,185,2532,62,1.431,1,2128,1,1.974,0.581,-1.563,-0.438,1.125,-0.168,0.105,0.980,-0.570,0.109,0.141,0.062,0.040,1.162,1.317,2,NULL,NULL,,3,0,2,7,255,941,250,0,0
stim,67896,98017,0,98017,3295344.453,-0.511,-0.054,0.091,0.853,3031,85,95,3126,1797,2484,189,2531,62,1.431,1,2128,1,3.168,0.496,1.000,-2.188,2.063,-0.168,0.090,0.980,-0.496,-0.004,-0.020,0.064,0.040,1.162,1.317,2,NULL,NULL,,3,0,2,7,255,941,250,0,0
stim,67896,98017,0,98017,3295349.455,-0.510,-0.054,0.090,0.853,2971,85,111,3119,1813,2479,205,2541,62,1.431,1,2128,1,7.180,0.372,0.938,-4.875,5.188,-0.195,0.059,0.965,-0.363,-0.082,-0.027,0.066,0.038,1.162,1.317,2,NULL,NULL,,3,0,2,7,255,941,250,0,0
stim,67896,98017,0,98017,3295354.454,-0.510,-0.054,0.090,0.854,3003,83,131,3107,1837,2483,215,2546,62,1.431,1,2128,1,11.777,0.145,2.313,-8.938,7.313,-0.250,0.070,0.949,0.059,-0.133,-0.141,0.066,0.034,1.162,1.317,2,NULL,NULL,,3,0,2,7,255,941,250,0,0
stim,67948,98069,0,98069,3295359.455,-0.510,-0.053,0.091,0.854,2986,83,139,3080,1867,2485,218,2565,62,1.431,1,2128,1,13.621,0.678,6.063,-12.063,1.813,-0.289,0.137,0.973,0.059,-0.676,-0.141,0.066,0.032,1.162,1.317,2,NULL,NULL,,3,0,2,7,255,941,250,0,0
stim,67948,98069,0,98069,3295364.453,-0.510,-0.052,0.091,0.854,2917,82,167,3080,1899,2478,221,2558,62,1.431,1,2128,1,18.298,0.941,7.625,-14.750,-7.688,-0.234,0.176,1.004,-0.188,-0.922,0.148,0.066,0.030,1.162,1.317,2,NULL,NULL,,3,0,2,7,255,941,250,0,0
stim,67948,98069,0,98069,3295369.455,-0.511,-0.052,0.091,0.853,2941,88,211,3055,1947,2477,243,2580,62,1.431,1,2128,1,20.412,1.188,6.688,-16.375,-10.188,-0.156,0.168,1.016,-0.750,-0.922,0.367,0.068,0.030,1.162,1.317,2,NULL,NULL,,3,0,2,7,255,941,250,0,0
stim,67948,98069,0,98069,3295374.454,-0.511,-0.051,0.090,0.853,2905,92,249,3031,1993,2489,267,2600,62,1.431,1,2128,1,19.025,0.873,3.125,-18.188,-4.625,-0.145,0.141,1.023,-0.840,-0.238,0.367,0.068,0.028,1.162,1.317,2,NULL,NULL,,3,0,2,7,255,941,250,0,0
stim,67948,98069,0,98069,3295379.455,-0.511,-0.050,0.090,0.853,2879,116,334,3016,2041,2485,294,2621,62,1.431,1,2128,1,19.728,0.873,-0.063,-19.438,-3.375,-0.195,0.125,0.996,-0.840,-0.238,0.363,0.068,0.028,1.162,1.317,2,NULL,NULL,,3,0,2,7,255,941,250,0,0
stim,67948,98069,0,98069,3295384.453,-0.512,-0.049,0.090,0.853,2845,133,405,2984,2085,2487,317,2645,62,1.431,1,2128,1,23.130,0.647,0.813,-20.750,-10.188,-0.238,0.141,0.977,-0.484,-0.430,0.211,0.070,0.028,1.162,1.317,2,NULL,NULL,,3,0,2,7,255,941,250,0,0
stim,67948,98069,0,98069,3295389.455,-0.512,-0.048,0.089,0.853,2825,141,505,2967,2147,2493,361,2661,62,1.431,1,2128,1,29.664,0.946,4.000,-22.688,-18.688,-0.203,0.188,0.992,-0.484,-0.813,0.211,0.072,0.028,1.162,1.317,2,NULL,NULL,,3,0,2,7,255,941,250,0,0
stim,67948,98069,0,98069,3295394.453,-0.514,-0.047,0.089,0.852,2773,150,622,2927,2216,2496,398,2667,62,1.431,1,2128,1,34.880,1.238,5.875,-23.063,-25.500,-0.152,0.215,1.027,-0.934,-0.813,0.234,0.072,0.028,1.162,1.317,2,NULL,NULL,,3,0,2,7,255,941,250,0,0
stim,67948,98069,0,98069,3295399.455,-0.515,-0.046,0.089,0.852,2732,170,713,2900,2279,2493,473,2681,62,1.431,1,2128,1,36.985,1.324,2.000,-23.563,-28.438,-0.152,0.195,1.078,-1.242,-0.457,0.473,0.074,0.030,1.162,1.317,2,NULL,NULL,,3,0,2,7,255,941,250,0,0
stim,67948,98069,0,98069,3295404.454,-0.516,-0.046,0.088,0.851,2692,179,823,2876,2346,2516,539,2712,62,1.431,1,2128,1,40.753,1.324,-9.313,-23.875,-31.688,-0.195,0.176,1.086,-1.242,-0.457,0.977,0.076,0.032,1.162,1.317,2,NULL,NULL,,3,0,2,7,255,941,250,0,0
stim,67969,98090,0,98090,3295409.455,-0.517,-0.045,0.087,0.850,2601,205,965,2845,2401,2515,626,2730,62,1.431,1,2128,1,49.400,1.364,-17.000,-24.313,-39.500,-0.184,0.227,1.027,-1.242,-0.563,0.977,0.080,0.036,1.162,1.317,2,NULL,NULL,,3,0,2,7,255,941,250,0,0
stim,67969,98090,0,98090,3295414.453,-0.519,-0.045,0.085,0.849,2539,231,1131,2809,2459,2513,741,2747,62,1.431,1,2128,1,57.604,1.607,-16.625,-23.938,-49.688,-0.160,0.277,1.023,-1.375,-0.832,0.547,0.084,0.042,1.162,1.317,2,NULL,NULL,,3,0,2,7,255,941,250,0,0
stim,67969,98090,0,98090,3295419.455,-0.521,-0.044,0.084,0.848,2461,243,1237,2775,2509,2510,905,2760,62,1.431,1,2128,1,66.764,1.685,-21.188,-24.063,-58.563,-0.145,0.215,1.066,-1.465,-0.832,0.547,0.088,0.048,1.162,1.317,2,NULL,NULL,,3,0,2,7,255,941,250,0,0
stim,67969,98090,0,98090,3295424.454,-0.524,-0.044,0.082,0.847,2361,249,1387,2729,2547,2519,1056,2773,62,1.431,1,2128,1,73.232,1.523,-32.250,-23.250,-61.500,-0.105,0.098,1.055,-1.465,-0.418,0.609,0.092,0.052,1.162,1.317,2,NULL,NULL,,3,0,2,7,255,941,250,0,0
stim,67992,98113,0,98113,3295429.455,-0.526,-0.044,0.080,0.846,2293,247,1513,2696,2585,2525,1211,2796,62,1.431,1,2128,0,76.378,0.775,-43.438,-23.375,-58.313,-0.105,-0.004,1.043,-0.672,0.387,0.609,0.096,0.056,1.162,1.317,2,NULL,NULL,,3,0,2,7,255,941,250,0,0
stim,67992,98113,0,98113,3295434.453,-0.528,-0.045,0.077,0.845,2185,254,1671,2647,2635,2531,1352,2804,62,1.431,1,2128,0,84.096,0.711,-56.563,-24.250,-57.313,-0.145,-0.059,1.074,0.207,0.680,0.609,0.098,0.058,1.162,1.317,2,NULL,NULL,,3,0,2,7,255,941,250,0,0
stim,67992,98113,0,98113,3295439.455,-0.530,-0.046,0.074,0.844,2040,263,1790,2589,2685,2535,1497,2833,62,1.431,1,2128,0,95.487,0.984,-68.000,-24.875,-62.250,-0.176,-0.039,1.047,0.711,0.680,0.566,0.100,0.060,1.162,1.317,2,NULL,NULL,,3,0,2,7,255,941,250,0,0
stim,67992,98113,0,98113,3295444.454,-0.533,-0.047,0.070,0.842,1944,267,1919,2537,2716,2536,1627,2843,62,1.431,1,2128,0,109.450,0.744,-76.000,-25.188,-74.625,-0.168,-0.043,1.000,0.711,0.219,0.566,0.100,0.058,1.162,1.317,2,NULL,NULL,,3,0,2,7,255,941,250,0,0
stim,68018,98139,0,98139,3295449.455,-0.536,-0.048,0.066,0.841,1833,262,2029,2470,2739,2533,1752,2857,62,1.431,1,2128,0,116.093,0.736,-80.500,-27.500,-79.000,-0.145,-0.066,0.988,0.703,0.219,0.105,0.098,0.056,1.162,1.317,2,NULL,NULL,,3,0,2,7,255,941,250,0,0
stim,68018,98139,0,98139,3295454.453,-0.538,-0.049,0.062,0.839,1643,255,2149,2386,2775,2539,1879,2861,62,1.431,1,2128,0,110.994,0.775,-75.000,-29.188,-76.438,-0.098,-0.020,0.926,0.660,0.406,-0.059,0.098,0.054,1.162,1.317,2,NULL,NULL,,3,0,2,7,255,941,250,0,0
stim,68053,98174,0,98174,3295459.455,-0.541,-0.049,0.059,0.838,1447,245,2273,2283,2804,2535,1977,2875,62,1.431,1,2128,0,101.992,0.419,-65.375,-30.438,-72.125,-0.105,-0.012,0.941,0.102,0.406,-0.516,0.096,0.052,1.162,1.317,2,NULL,NULL,,3,0,2,7,255,941,250,0,0
stim,68053,98174,0,98174,3295464.454,-0.543,-0.050,0.056,0.836,1258,229,2363,2172,2829,2539,2104,2895,62,1.431,1,2128,0,91.829,0.345,-57.500,-34.250,-62.875,-0.137,-0.012,0.988,0.078,0.336,-0.516,0.096,0.048,1.162,1.317,2,NULL,NULL,,3,0,2,7,255,941,250,0,0
stim,68053,98174,0,98174,3295469.455,-0.545,-0.050,0.053,0.835,1080,233,2447,2039,2856,2531,2188,2913,62,1.431,1,2128,0,92.415,0.082,-55.188,-35.750,-64.938,-0.160,0.000,1.035,-0.004,0.082,-0.047,0.094,0.044,1.162,1.317,2,NULL,NULL,,3,0,2,7,255,941,250,0,0
stim,68053,98174,0,98174,3295474.454,-0.548,-0.050,0.049,0.834,870,177,2513,1869,2875,2525,2287,2920,62,1.431,1,2128,0,96.322,0.031,-55.313,-38.625,-68.750,-0.137,-0.008,1.035,-0.004,0.031,0.406,0.092,0.040,1.162,1.317,2,NULL,NULL,,3,0,2,7,255,941,250,0,0
stim,68053,98174,0,98174,3295479.455,-0.550,-0.049,0.046,0.832,630,147,2567,1607,2898,2522,2365,2933,62,1.431,1,2128,0,93.675,0.031,-49.813,-40.125,-68.438,-0.063,-0.059,1.008,-0.004,0.031,0.406,0.092,0.038,1.162,1.317,2,NULL,NULL,,3,0,2,7,255,941,250,0,0
stim,68053,98174,0,98174,3295484.454,-0.552,-0.049,0.043,0.831,407,77,2615,1379,2923,2515,2439,2928,62,1.431,1,2128,0,86.748,0.783,-46.125,-41.500,-60.625,-0.004,-0.098,0.992,0.094,0.777,0.051,0.094,0.036,1.162,1.317,2,NULL,NULL,,3,0,2,7,255,941,250,0,0
stim,68053,98174,0,98174,3295489.455,-0.554,-0.048,0.041,0.830,219,70,2659,1111,2940,2518,2510,2956,62,1.431,1,2128,0,74.436,1.290,-38.000,-43.313,-47.125,-0.008,-0.094,0.988,0.180,1.277,-0.160,0.094,0.036,1.162,1.317,2,NULL,NULL,,3,0,2,7,255,941,250,0,0
stim,68053,98174,0,98174,3295494.453,-0.555,-0.047,0.038,0.829,78,3,2675,850,2949,2492,2553,2955,62,1.431,1,2128,0,67.934,1.290,-32.688,-45.750,-38.125,-0.020,-0.035,0.996,0.180,1.277,-0.160,0.096,0.036,1.162,1.317,2,NULL,NULL,,3,0,2,7,255,941,250,0,0
stim,68053,98174,0,98174,3295499.455,-0.556,-0.046,0.036,0.829,16,0,2709,572,2969,2489,2610,2967,62,1.431,1,2128,0,63.985,0.966,-24.625,-48.375,-33.875,-0.020,0.063,1.020,-0.344,0.902,-0.086,0.098,0.034,1.162,1.317,2,NULL,NULL,,3,0,2,7,255,941,250,0,0
stim,68053,98174,0,98174,3295504.454,-0.558,-0.045,0.034,0.828,0,0,2737,353,2987,2469,2655,2986,62,1.431,1,2128,0,70.166,1.326,-29.688,-50.063,-39.188,0.000,0.113,0.992,-1.219,0.523,-0.086,0.102,0.034,1.162,1.317,2,NULL,NULL,,3,0,2,7,255,941,250,0,0
stim,68073,98194,0,98194,3295509.455,-0.559,-0.043,0.032,0.827,0,0,2767,250,2989,2451,2681,2981,62,1.431,1,2128,0,63.836,1.291,-9.438,-55.313,-30.438,-0.086,0.082,1.027,-1.219,0.426,0.117,0.106,0.034,1.162,1.317,2,NULL,NULL,,3,0,2,7,255,941,250,0,0
stim,68073,98194,0,98194,3295514.453,-0.559,-0.040,0.031,0.827,0,0,2795,167,3013,2420,2725,2988,62,1.431,1,2128,0,68.003,1.182,17.563,-64.625,-11.813,-0.242,-0.031,1.223,-1.160,-0.227,0.281,0.110,0.036,1.162,1.317,2,NULL,NULL,,3,0,2,7,255,941,250,0,0
stim,68073,98194,0,98194,3295519.455,-0.560,-0.037,0.030,0.827,0,0,2823,94,3021,2414,2751,2999,62,1.431,1,2128,0,80.895,1.147,32.125,-73.875,-7.375,-0.469,-0.262,1.484,0.332,-1.098,2.367,0.108,0.040,1.162,1.317,2,NULL,NULL,,3,0,2,7,255,941,250,0,0
stim,68073,98194,0,98194,3295524.454,-0.560,-0.033,0.030,0.827,0,0,2837,71,3033,2393,2788,2997,62,1.431,1,2128,0,100.664,3.843,50.125,-86.625,-10.813,-0.539,-0.285,1.773,3.176,-2.164,5.168,0.104,0.046,1.162,1.317,2,NULL,NULL,,3,0,2,7,255,941,250,0,0
stim,68073,98194,0,98194,3295529.455,-0.561,-0.030,0.028,0.827,0,0,2851,6,3053,2351,2811,3005,62,1.431,1,2128,0,95.099,3.843,-4.875,-92.938,-19.563,-0.223,-0.043,1.684,3.176,-2.164,6.805,0.096,0.054,1.162,1.317,3,NULL,NULL,,3,0,2,7,255,941,250,0,0
stim,68073,98194,0,98194,3295534.453,-0.562,-0.028,0.023,0.826,0,0,2861,0,3055,2323,2846,3003,62,1.431,1,2128,0,119.699,0.866,-74.750,-89.563,-26.813,-0.016,0.004,1.262,0.320,-0.805,6.805,0.090,0.064,1.162,1.317,3,NULL,NULL,,3,0,2,7,255,941,250,0,0
stim,68104,98225,0,98225,3295539.455,-0.561,-0.026,0.018,0.827,0,0,2871,0,3068,2264,2872,3012,62,1.431,1,2128,0,111.881,0.737,-53.500,-97.563,11.688,0.004,0.059,1.012,-0.691,0.254,2.516,0.088,0.072,1.162,1.317,3,NULL,NULL,,3,0,2,7,255,941,250,0,0
stim,68104,98225,0,98225,3295544.454,-0.560,-0.022,0.016,0.828,0,0,2875,0,3087,2199,2894,3003,62,1.431,1,2128,0,110.954,0.807,-3.500,-105.375,34.563,-0.203,0.105,1.012,-0.766,0.254,0.148,0.088,0.078,1.162,1.317,3,NULL,NULL,,3,0,2,7,255,941,250,0,0
stim,68104,98225,0,98225,3295549.455,-0.559,-0.018,0.014,0.829,0,0,2873,0,3089,2127,2894,3021,62,1.431,1,2128,0,117.046,2.051,20.938,-113.000,22.188,-0.305,0.059,1.215,-0.766,-1.902,0.148,0.088,0.088,1.162,1.317,3,NULL,NULL,,3,0,2,7,255,941,250,0,0
stim,68104,98225,0,98225,3295554.453,-0.559,-0.013,0.012,0.829,0,0,2863,0,3097,2031,2919,3014,62,1.431,1,2128,0,122.405,2.660,24.500,-119.500,10.125,-0.344,-0.035,1.422,0.008,-2.660,2.207,0.088,0.098,1.162,1.317,3,NULL,NULL,,3,0,2,7,255,941,250,0,0
stim,68141,98262,0,98262,3295559.455,-0.559,-0.008,0.010,0.829,0,0,2863,0,3099,1920,2933,3021,62,1.431,1,2128,0,128.066,2.839,13.188,-127.313,4.313,-0.297,-0.094,1.500,0.992,-2.660,4.258,0.086,0.110,1.162,1.317,3,NULL,NULL,,3,0,2,7,255,941,250,0,0
stim,68141,98262,0,98262,3295564.454,-0.558,-0.004,0.006,0.830,0,0,2843,0,3103,1779,2949,3015,62,1.431,1,2128,0,133.628,2.500,-5.250,-133.500,2.563,-0.227,-0.094,1.418,1.211,-2.188,4.258,0.086,0.122,1.162,1.317,3,NULL,NULL,,3,0,2,7,255,941,250,0,0
stim,68141,98262,0,98262,3295569.455,-0.558,0.001,0.003,0.830,0,0,2839,0,3109,1645,2952,3017,62,1.431,1,2128,0,141.091,2.096,-14.188,-140.063,9.375,-0.172,-0.051,1.320,1.211,-1.711,4.156,0.084,0.134,1.162,1.317,3,NULL,NULL,,3,0,2,7,255,941,250,0,0
stim,68141,98262,0,98262,3295574.454,-0.557,0.006,-0.001,0.831,0,0,2809,0,3113,1451,2955,3003,62,1.431,1,2128,0,150.613,1.835,-10.563,-148.500,22.813,-0.188,-0.008,1.258,0.664,-1.711,3.152,0.082,0.144,1.162,1.317,3,NULL,NULL,,3,0,2,7,255,941,250,0,0
stim,68141,98262,0,98262,3295579.455,-0.556,0.011,-0.005,0.831,0,0,2790,0,3117,1215,2972,2997,62,1.431,1,2128,0,159.725,2.065,-0.500,-157.000,29.375,-0.246,0.008,1.254,0.559,-1.988,2.492,0.082,0.156,1.162,1.317,3,NULL,NULL,,3,0,2,7,255,941,250,0,0
stim,68141,98262,0,98262,3295584.454,-0.554,0.017,-0.009,0.832,0,0,2750,0,3114,963,2989,2984,62,1.431,1,2128,0,167.308,2.756,4.250,-165.375,25.000,-0.277,-0.043,1.266,0.559,-2.699,2.492,0.082,0.170,1.162,1.317,3,NULL,NULL,,3,0,2,7,255,941,250,0,0
stim,68169,98290,0,98290,3295589.455,-0.553,0.023,-0.013,0.832,0,0,2715,0,3113,716,2998,2973,62,1.431,1,2128,0,174.960,2.962,5.875,-173.750,19.688,-0.238,-0.129,1.254,1.219,-2.699,2.410,0.084,0.184,1.162,1.317,3,NULL,NULL,,3,0,2,7,255,941,250,0,0
stim,68169,98290,0,98290,3295594.453,-0.552,0.030,-0.017,0.833,0,0,2685,0,3125,495,3005,2953,62,1.431,1,2128,0,183.625,3.052,7.125,-182.125,22.313,-0.164,-0.141,1.215,1.836,-2.438,2.363,0.086,0.198,1.162,1.317,3,NULL,NULL,,3,0,2,7,255,941,250,0,0
stim,68169,98290,0,98290,3295599.455,-0.551,0.036,-0.021,0.833,0,0,2635,0,3119,347,3015,2941,62,1.431,1,2128,0,192.267,2.638,7.375,-190.000,28.500,-0.125,-0.074,1.184,1.836,-1.895,1.988,0.092,0.212,1.162,1.317,3,NULL,NULL,,3,0,2,7,255,941,250,0,0
stim,68169,98290,0,98290,3295604.454,-0.549,0.044,-0.025,0.834,0,0,2575,0,3119,187,3021,2915,62,1.431,1,2128,0,199.527,2.211,11.938,-196.375,33.250,-0.137,0.035,1.164,1.141,-1.895,1.672,0.100,0.228,1.162,1.317,3,NULL,NULL,,3,0,2,7,255,941,250,0,0
stim,68169,98290,0,98290,3295609.455,-0.548,0.051,-0.029,0.835,0,0,2491,0,3115,102,3014,2879,62,1.431,1,2128,0,209.265,2.574,24.875,-205.063,33.500,-0.152,0.133,1.219,0.316,-2.555,1.672,0.112,0.246,1.162,1.317,3,NULL,NULL,,3,0,2,7,255,941,250,0,0
stim,68169,98290,0,98290,3295614.453,-0.546,0.060,-0.033,0.835,0,0,2385,0,3109,39,3007,2847,62,1.431,1,2128,0,218.535,3.341,35.063,-213.438,31.188,-0.117,0.297,1.324,-0.406,-3.316,1.848,0.128,0.264,1.162,1.317,3,NULL,NULL,,3,0,2,7,255,941,250,0,0
stim,68169,98290,0,98290,3295619.455,-0.544,0.069,-0.037,0.835,0,0,2260,0,3104,8,3020,2815,62,1.431,1,2128,0,222.280,4.369,34.250,-218.438,22.813,-0.070,0.352,1.594,-1.836,-3.965,2.848,0.146,0.286,1.162,1.317,3,NULL,NULL,,3,0,2,7,255,941,250,0,0
stim,68169,98290,0,98290,3295624.454,-0.543,0.078,-0.040,0.835,0,0,2100,0,3101,43,3005,2781,62,1.431,1,2128,0,228.782,4.741,46.625,-223.000,20.938,-0.215,0.168,1.996,-1.836,-4.371,5.477,0.172,0.314,1.162,1.317,3,NULL,NULL,,3,0,2,7,255,941,250,0,0
stim,68200,98321,0,98321,3295629.455,-0.540,0.087,-0.045,0.836,0,0,1913,0,3091,73,2995,2731,62,1.431,1,2128,0,250.126,5.843,38.563,-242.625,47.000,-0.426,0.039,2.445,0.352,-5.832,9.090,0.206,0.350,1.162,1.317,3,NULL,NULL,,3,0,2,7,255,941,250,0,0
stim,68200,98321,0,98321,3295634.453,-0.537,0.097,-0.051,0.837,0,0,1678,0,3064,77,2984,2664,62,1.431,1,2128,0,280.735,8.807,2.313,-271.500,71.375,-0.777,0.133,2.754,2.887,-8.320,12.875,0.248,0.396,1.162,1.317,3,NULL,NULL,,3,0,2,7,255,941,250,0,0
stim,68200,98321,0,98321,3295639.455,-0.534,0.107,-0.061,0.837,0,0,1497,0,3043,89,2961,2598,62,1.431,1,2128,0,314.356,13.172,-57.000,-302.813,62.250,-0.930,0.469,2.750,2.887,-12.852,14.055,0.304,0.452,1.162,1.317,3,NULL,NULL,,3,0,2,7,255,941,250,0,0
stim,68200,98321,0,98321,3295644.453,-0.531,0.117,-0.072,0.836,0,0,1373,0,3005,99,2912,2517,62,1.431,1,2128,0,345.032,16.240,-80.375,-333.938,32.750,-0.953,0.711,2.703,1.754,-16.145,14.055,0.370,0.520,1.162,1.317,3,NULL,NULL,,3,0,2,7,255,941,250,0,0
stim,68200,98321,0,98321,3295649.455,-0.530,0.128,-0.084,0.834,0,0,1273,0,2979,109,2875,2399,62,1.431,1,2128,0,376.478,17.923,-94.375,-364.000,18.250,-0.941,0.789,2.820,-0.223,-17.922,13.492,0.446,0.596,1.162,1.317,3,NULL,NULL,,3,0,2,7,255,941,250,0,0
stim,68200,98321,0,98321,3295654.453,-0.528,0.139,-0.097,0.832,0,0,1145,0,2937,117,2812,2295,62,1.431,1,2128,0,410.462,19.215,-109.938,-395.188,14.813,-0.969,0.813,2.961,-0.543,-19.207,13.492,0.530,0.680,1.162,1.317,3,NULL,NULL,,3,0,2,7,255,941,250,0,0
stim,68251,98372,0,98372,3295659.455,-0.527,0.152,-0.111,0.829,0,0,1005,0,2891,112,2731,2187,62,1.431,1,2128,0,439.181,20.770,-123.188,-421.438,-9.750,-0.871,0.836,3.094,-0.715,-20.758,13.996,0.618,0.768,1.162,1.317,3,NULL,NULL,,3,0,2,7,255,941,250,0,0
stim,68251,98372,0,98372,3295664.453,-0.525,0.165,-0.126,0.825,0,0,967,0,2827,108,2643,2094,62,1.431,1,2128,0,467.486,21.413,-122.750,-450.875,-13.688,-0.875,0.766,3.164,-0.543,-21.406,14.551,0.716,0.866,1.162,1.317,3,NULL,NULL,,3,0,2,7,255,941,250,0,0
stim,68251,98372,0,98372,3295669.455,-0.523,0.179,-0.142,0.821,0,0,886,0,2751,104,2490,1957,62,1.431,1,2128,0,498.282,22.367,-131.000,-480.750,1.938,-1.000,0.844,3.262,-0.078,-22.367,14.551,0.820,0.972,1.162,1.317,3,NULL,NULL,,3,0,2,7,255,941,250,0,0
stim,68251,98372,0,98372,3295674.454,-0.520,0.194,-0.159,0.816,0,0,797,0,2637,79,2324,1821,62,1.431,1,2128,0,519.087,25.133,-154.063,-495.625,-8.500,-1.133,0.848,3.297,-0.055,-25.133,13.844,0.932,1.086,1.162,1.317,3,NULL,NULL,,3,0,2,7,255,941,250,0,0
stim,68251,98372,0,98372,3295679.455,-0.519,0.208,-0.176,0.810,0,0,573,0,2485,67,2110,1673,62,1.431,1,2128,0,534.808,26.474,-165.313,-506.875,-42.063,-1.094,0.516,3.230,0.539,-26.469,12.363,1.048,1.204,1.162,1.317,3,NULL,NULL,,3,0,2,7,255,941,250,0,0
stim,68251,98372,0,98372,3295684.453,-0.518,0.223,-0.193,0.803,0,0,425,0,2317,1,1821,1495,62,1.431,1,2128,0,551.898,26.673,-163.875,-523.813,-57.938,-0.840,0.059,3.051,3.297,-26.469,11.027,1.162,1.320,1.162,1.317,3,NULL,NULL,,3,0,2,7,255,941,250,0,0
stim,68251,98372,0,98372,3295689.455,-0.515,0.239,-0.211,0.796,0,0,288,0,2031,0,1477,1276,62,1.431,1,2128,0,569.783,23.762,-155.313,-547.625,-25.250,-0.641,-0.465,2.742,6.262,-22.922,10.168,1.272,1.434,1.162,1.317,3,NULL,NULL,,3,0,2,7,255,941,250,0,0
stim,68251,98372,0,98372,3295694.454,-0.510,0.255,-0.228,0.790,1,0,201,0,1708,0,1014,1075,62,1.431,1,2128,0,574.338,21.064,-137.000,-557.313,22.313,-0.563,-0.473,2.367,9.391,-18.855,8.316,1.376,1.542,1.162,1.317,3,NULL,NULL,,3,0,2,7,255,941,250,0,0
stim,68251,98372,0,98372,3295699.455,-0.504,0.271,-0.245,0.783,0,0,123,0,1297,0,471,876,62,1.431,1,2128,0,569.851,20.230,-103.313,-559.875,24.438,-0.738,-0.164,2.094,9.391,-17.918,4.957,1.474,1.644,1.162,1.317,3,NULL,NULL,,3,0,2,7,255,941,250,0,0
stim,68251,98372,0,98372,3295704.453,-0.496,0.288,-0.260,0.777,0,0,93,0,824,0,55,669,62,1.431,1,2128,0,577.713,19.228,-62.563,-571.688,54.875,-0.844,0.012,1.961,6.977,-17.918,0.535,1.570,1.746,1.162,1.317,3,NULL,NULL,,3,0,2,7,255,941,250,0,0
stim,68268,98389,0,98389,3295709.456,-0.485,0.306,-0.274,0.772,0,0,40,0,263,0,0,508,62,1.431,1,2128,0,590.119,19.861,-12.250,-583.250,88.938,-0.992,0.012,2.035,6.684,-18.703,-2.313,1.672,1.850,1.162,1.317,3,NULL,NULL,,3,0,2,7,255,941,250,0,0
stim,68268,98389,0,98389,3295714.454,-0.472,0.325,-0.288,0.768,0,0,21,0,0,0,0,409,62,1.431,1,2128,0,620.705,21.410,38.688,-598.813,158.750,-1.449,0.113,2.066,6.684,-20.340,-3.891,1.784,1.966,1.162,1.317,3,NULL,NULL,,3,0,2,7,255,941,250,0,0
stim,68268,98389,0,98389,3295719.455,-0.459,0.342,-0.303,0.762,0,0,11,0,0,0,0,296,62,1.431,1,2128,0,594.663,24.439,-22.313,-576.813,142.875,-1.301,0.852,1.938,6.684,-23.508,-8.379,1.908,2.092,1.162,1.317,4,NULL,NULL,,3,0,2,7,255,941,250,0,0
stim,68268,98389,0,98389,3295724.454,-0.452,0.354,-0.318,0.754,0,0,12,0,0,0,0,203,62,1.431,1,2128,0,523.498,23.520,-144.313,-500.500,52.188,-0.730,1.527,1.684,0.750,-23.508,-9.406,2.032,2.218,1.162,1.317,0,NULL,NULL,,3,0,2,7,255,941,250,0,0
stim,68292,98413,0,98413,3295729.455,-0.448,0.359,-0.338,0.746,0,0,8,0,0,0,0,147,62,1.431,1,2128,0,510.284,23.480,-317.375,-388.500,93.438,-0.684,2.176,1.117,-7.750,-22.164,-10.367,2.148,2.336,1.162,1.317,0,NULL,NULL,,3,0,2,7,255,941,250,0,0
stim,68292,98413,0,98413,3295734.454,-0.446,0.355,-0.361,0.738,0,0,15,0,0,0,0,80,62,1.431,1,2128,0,564.180,24.625,-481.438,-240.125,169.875,-0.492,2.582,-0.117,-15.168,-19.398,-14.074,2.248,2.434,1.162,1.317,0,NULL,NULL,,3,0,2,7,255,941,250,0,0
stim,68292,98413,0,98413,3295739.455,-0.446,0.350,-0.375,0.733,0,0,8,0,0,0,0,37,62,1.431,1,2128,0,360.865,17.633,-326.063,-111.375,107.250,-0.477,1.609,-0.527,-15.168,-8.992,-20.156,2.324,2.510,1.162,1.317,0,NULL,NULL,,3,0,2,7,255,941,250,0,0
stim,68292,98413,0,98413,3295744.453,-0.444,0.350,-0.376,0.735,0,0,1,0,0,0,0,44,62,1.431,1,2128,0,67.278,15.055,22.188,-13.500,62.063,-1.004,-0.406,0.402,-13.742,-6.148,-20.156,2.384,2.570,1.162,1.317,0,NULL,NULL,,3,0,2,7,255,941,250,0,0
stim,68318,98439,0,98439,3295749.455,-0.442,0.349,-0.372,0.738,0,0,1,0,0,0,0,53,62,1.431,1,2128,0,111.029,9.880,85.500,52.938,47.063,-1.574,-1.238,2.234,7.734,-6.148,-15.313,2.442,2.628,1.162,1.317,0,NULL,NULL,,3,0,2,7,255,941,250,0,0
stim,68318,98439,0,98439,3295754.454,-0.446,0.343,-0.373,0.738,0,0,0,0,0,0,0,47,62,1.431,1,2128,0,172.008,26.356,-110.813,131.500,3.875,-1.770,-0.629,2.418,15.359,-21.418,-11.395,2.506,2.694,1.162,1.317,0,NULL,NULL,,3,0,2,7,255,941,250,0,0
stim,68351,98472,0,98472,3295759.455,-0.454,0.332,-0.378,0.736,0,0,0,0,0,0,0,30,62,1.431,1,2128,0,326.045,26.356,-261.875,192.250,-27.688,-1.426,0.805,1.191,15.359,-21.418,-11.395,2.574,2.764,1.162,1.317,0,NULL,NULL,,3,0,2,7,255,941,250,0,0
stim,68351,98472,0,98472,3295764.453,-0.461,0.320,-0.380,0.735,0,0,0,0,0,0,0,20,62,1.431,1,2128,0,319.832,18.224,-231.500,220.625,-5.000,-1.152,1.910,0.309,-0.867,-18.203,-17.855,2.638,2.832,1.162,1.317,0,NULL,NULL,,3,0,2,7,255,941,250,0,0
stim,68351,98472,0,98472,3295769.455,-0.466,0.310,-0.380,0.736,0,0,0,0,0,0,0,24,62,1.431,1,2128,0,258.901,17.952,-122.313,226.875,24.438,-1.129,1.906,0.320,-12.941,-12.441,-22.566,2.700,2.896,1.162,1.317,0,NULL,NULL,,3,0,2,7,255,941,250,0,0
stim,68351,98472,1,98472,3295774.454,-0.470,0.301,-0.378,0.739,0,0,0,0,0,0,0,21,62,1.431,1,2128,0,248.515,17.952,-81.125,232.563,33.063,-1.195,0.980,0.816,-12.941,-12.441,-22.566,2.762,2.958,1.162,1.317,0,NULL,NULL,,3,1,2,7,255,941,250,0,0
stim,68351,98472,1,98472,3295779.455,-0.475,0.290,-0.378,0.740,0,0,0,0,0,0,0,27,62,1.431,1,2128,0,278.862,14.051,-136.000,241.313,32.188,-1.168,0.250,0.879,-4.082,-13.445,-17.789,2.824,3.022,1.162,1.317,0,NULL,NULL,,3,1,2,7,255,941,250,0,0
stim,68351,98472,1,98472,3295784.454,-0.481,0.277,-0.379,0.741,0,0,0,0,0,0,0,27,62,1.431,1,2128,0,314.155,13.647,-188.375,249.188,33.375,-0.992,0.148,0.262,2.336,-13.445,-16.398,2.882,3.080,1.162,1.317,0,NULL,NULL,,3,1,2,7,255,941,250,0,0
stim,68351,98472,1,98472,3295789.455,-0.486,0.265,-0.379,0.742,0,0,0,0,0,0,0,33,62,1.431,1,2128,0,300.461,7.777,-157.375,252.438,42.250,-0.809,0.395,-0.383,2.336,-7.418,-16.398,2.926,3.126,1.162,1.317,0,NULL,NULL,,3,1,2,7,255,941,250,0,0
stim,68351,98472,1,98472,3295794.453,-0.489,0.254,-0.377,0.744,0,0,0,0,0,0,0,27,62,1.431,1,2128,0,274.935,1.997,-83.500,257.313,49.063,-0.707,0.594,-0.469,-0.543,-1.922,-19.211,2.956,3.158,1.162,1.317,0,NULL,NULL,,3,1,2,7,255,941,250,0,0
stim,68352,98473,1,98473,3295799.455,-0.492,0.244,-0.373,0.748,0,0,0,0,0,0,0,9,62,1.431,1,2128,0,277.158,3.126,-27.125,269.250,59.875,-0.543,0.527,-0.305,-2.613,-1.715,-19.211,2.980,3.182,1.162,1.317,0,NULL,NULL,,3,1,2,7,255,941,250,0,0
stim,68352,98473,1,98473,3295804.454,-0.495,0.233,-0.367,0.752,0,0,0,0,0,0,0,9,62,1.431,1,2128,0,295.859,3.126,-4.000,284.313,81.750,-0.527,0.500,-0.156,-2.613,-1.715,-17.227,2.996,3.202,1.162,1.317,0,NULL,NULL,,3,1,2,7,255,941,250,0,0
stim,68352,98473,1,98473,3295809.455,-0.497,0.222,-0.361,0.757,0,0,0,0,0,0,0,5,62,1.431,1,2128,0,315.103,3.760,11.125,301.188,91.938,-0.578,0.477,-0.125,-2.441,-2.859,-16.141,3.012,3.220,1.162,1.317,0,NULL,NULL,,3,1,2,7,255,941,250,0,0
stim,68352,98473,1,98473,3295814.453,-0.499,0.211,-0.354,0.763,0,0,0,0,0,0,0,0,62,1.431,1,2128,0,329.353,4.035,38.063,313.500,93.500,-0.625,0.402,-0.102,-1.980,-3.516,-16.105,3.028,3.238,1.162,1.317,0,NULL,NULL,,3,1,2,7,255,941,250,0,0
stim,68384,98505,1,98505,3295819.455,-0.500,0.201,-0.345,0.768,0,0,0,0,0,0,0,0,62,1.431,1,2128,0,343.791,4.091,70.063,323.688,92.250,-0.668,0.355,0.055,-1.082,-3.945,-15.973,3.048,3.258,1.162,1.317,0,NULL,NULL,,3,1,2,7,255,941,250,0,0
stim,68384,98505,1,98505,3295824.454,-0.502,0.190,-0.336,0.774,0,0,0,0,0,0,0,0,62,1.431,1,2128,0,356.113,5.491,87.125,332.688,92.438,-0.633,0.363,0.262,-0.844,-5.426,-14.953,3.072,3.284,1.162,1.317,0,NULL,NULL,,3,1,2,7,255,941,250,0,0
stim,68384,98505,1,98505,3295829.455,-0.503,0.179,-0.325,0.780,0,0,0,0,0,0,0,0,62,1.431,1,2128,0,362.759,6.884,92.250,339.875,87.000,-0.621,0.410,0.488,-0.844,-6.832,-13.211,3.102,3.314,1.162,1.317,0,NULL,NULL,,3,1,2,7,255,941,250,0,0
stim,68384,98505,1,98505,3295834.453,-0.505,0.168,-0.315,0.786,0,0,0,0,0,0,0,0,62,1.431,1,2128,0,366.932,8.579,89.563,344.813,87.875,-0.598,0.336,0.551,-0.941,-8.527,-11.496,3.136,3.350,1.162,1.317,0,NULL,NULL,,3,1,2,7,255,941,250,0,0
stim,68404,98525,1,98525,3295839.455,-0.506,0.157,-0.305,0.791,0,0,0,0,0,0,0,0,62,1.431,1,2128,0,372.389,8.723,89.750,349.125,93.438,-0.559,0.395,0.563,-1.449,-8.602,-10.422,3.174,3.390,1.162,1.317,0,NULL,NULL,,3,1,2,7,255,941,250,0,0
stim,68404,98525,1,98525,3295844.454,-0.508,0.146,-0.294,0.796,0,0,0,0,0,0,0,0,62,1.431,1,2128,0,373.432,8.661,99.688,352.438,72.813,-0.633,0.332,0.652,-0.941,-8.609,-10.027,3.216,3.434,1.162,1.317,0,NULL,NULL,,3,1,2,7,255,941,250,0,0
stim,68404,98525,1,98525,3295849.455,-0.510,0.136,-0.283,0.801,0,0,0,0,0,0,0,0,62,1.431,1,2128,0,377.372,8.656,107.625,354.688,70.875,-0.461,0.254,0.699,-0.969,-8.602,-9.289,3.260,3.480,1.162,1.317,0,NULL,NULL,,3,1,2,7,255,941,250,0,0
stim,68404,98525,1,98525,3295854.453,-0.512,0.125,-0.271,0.806,0,0,0,0,0,0,0,0,62,1.431,1,2128,0,379.864,9.554,111.938,358.563,56.563,-0.531,0.262,0.863,-0.934,-9.508,-7.504,3.306,3.526,1.162,1.317,0,NULL,NULL,,3,1,2,7,255,941,250,0,0
stim,68449,98570,1,98570,3295859.455,-0.514,0.114,-0.260,0.810,0,0,0,0,0,0,0,0,62,1.431,1,2128,0,380.798,8.423,107.438,361.563,52.313,-0.395,0.234,0.855,-0.969,-8.367,-6.313,3.354,3.574,1.162,1.317,0,NULL,NULL,,3,1,2,7,255,941,250,0,0
stim,68449,98570,1,98570,3295864.454,-0.516,0.103,-0.247,0.813,0,0,0,0,0,0,0,0,62,1.431,1,2128,0,387.322,8.683,113.375,367.250,47.875,-0.430,0.207,0.898,-1.031,-8.621,-5.332,3.398,3.620,1.162,1.317,0,NULL,NULL,,3,1,2,7,255,941,250,0,0
stim,68449,98570,1,98570,3295869.455,-0.519,0.092,-0.235,0.817,0,0,0,0,0,0,0,0,62,1.431,1,2128,0,388.991,8.472,115.625,369.063,41.688,-0.367,0.219,0.922,-1.328,-8.367,-4.801,3.440,3.664,1.162,1.317,0,NULL,NULL,,3,1,2,7,255,941,250,0,0
stim,68449,98570,1,98570,3295874.454,-0.521,0.081,-0.222,0.820,0,0,0,0,0,0,0,0,62,1.431,1,2128,0,394.766,8.254,123.125,372.750,41.688,-0.379,0.207,0.957,-1.430,-8.129,-4.090,3.480,3.704,1.162,1.317,0,NULL,NULL,,3,1,2,7,255,941,250,0,0
stim,68449,98570,1,98570,3295879.455,-0.523,0.071,-0.209,0.823,0,0,0,0,0,0,0,0,62,1.431,1,2128,0,397.425,8.250,129.875,374.125,33.313,-0.355,0.203,1.023,-1.477,-8.117,-3.559,3.518,3.744,1.162,1.317,0,NULL,NULL,,3,1,2,7,255,941,250,0,0
stim,68449,98570,1,98570,3295884.453,-0.525,0.060,-0.196,0.826,0,0,0,0,0,0,0,0,62,1.431,1,2128,0,398.473,8.115,135.313,373.250,34.000,-0.281,0.203,1.070,-1.613,-7.953,-2.605,3.554,3.782,1.162,1.317,0,NULL,NULL,,3,1,2,7,255,941,250,0,0
stim,68449,98570,1,98570,3295889.455,-0.527,0.050,-0.182,0.828,0,0,0,0,0,0,0,0,62,1.431,1,2128,0,398.965,7.458,140.813,372.000,31.000,-0.262,0.133,1.063,-1.613,-7.281,-1.711,3.590,3.820,1.162,1.317,0,NULL,NULL,,3,1,2,7,255,941,250,0,0
stim,68449,98570,1,98570,3295894.454,-0.529,0.040,-0.168,0.831,0,0,0,0,0,0,0,3,62,1.431,1,2128,0,401.458,6.818,151.750,370.188,33.188,-0.180,0.121,1.082,-1.875,-6.555,-1.281,3.626,3.856,1.162,1.317,0,NULL,NULL,,3,1,2,7,255,941,250,0,0
stim,68449,98570,1,98570,3295899.455,-0.530,0.030,-0.154,0.833,0,0,0,0,0,0,0,5,62,1.431,1,2128,0,403.761,5.859,167.188,364.938,43.500,-0.164,0.164,1.160,-1.875,-5.551,-0.672,3.660,3.892,1.162,1.317,0,NULL,NULL,,3,1,2,7,255,941,250,0,0
stim,68449,98570,1,98570,3295904.453,-0.531,0.021,-0.139,0.836,0,0,0,0,0,0,0,9,62,1.431,1,2128,0,405.392,6.062,180.938,359.188,50.875,-0.176,0.227,1.285,-2.438,-5.551,0.168,3.692,3.924,1.162,1.317,0,NULL,NULL,,3,1,2,7,255,941,250,0,0
stim,68490,98611,1,98611,3295909.455,-0.531,0.012,-0.124,0.838,0,0,0,0,0,0,0,5,62,1.431,1,2128,0,406.392,6.565,190.625,354.375,56.875,-0.188,0.258,1.430,-3.074,-5.801,1.359,3.722,3.958,1.162,1.317,0,NULL,NULL,,3,1,2,7,255,941,250,0,0
stim,68490,98611,1,98611,3295914.454,-0.531,0.003,-0.108,0.840,0,0,0,0,0,0,0,30,62,1.431,1,2128,0,405.721,6.821,197.125,349.063,62.500,-0.211,0.242,1.570,-3.406,-5.910,2.848,3.752,3.988,1.162,1.317,0,NULL,NULL,,3,1,2,7,255,941,250,0,0
stim,68490,98611,1,98611,3295919.455,-0.530,-0.005,-0.093,0.843,0,0,0,0,0,0,0,7,62,1.431,1,2128,0,403.942,6.838,202.875,342.875,66.688,-0.242,0.238,1.723,-3.406,-5.930,4.402,3.780,4.016,1.162,1.317,0,NULL,NULL,,3,1,2,7,255,941,250,0,0
stim,68490,98611,1,98611,3295924.454,-0.530,-0.013,-0.077,0.845,0,0,0,0,0,0,0,0,62,1.431,1,2128,0,401.071,6.838,207.000,336.625,68.500,-0.277,0.277,1.879,-3.406,-5.930,6.039,3.806,4.042,1.162,1.317,0,NULL,NULL,,3,1,2,7,255,941,250,0,0
stim,68490,98611,1,98611,3295929.455,-0.529,-0.020,-0.062,0.846,0,0,0,0,0,0,0,0,62,1.431,1,2128,0,398.188,7.016,211.313,331.000,65.875,-0.285,0.285,2.031,-3.750,-5.930,7.637,3.830,4.066,1.162,1.317,0,NULL,NULL,,3,1,2,7,255,941,250,0,0
stim,68490,98611,1,98611,3295934.454,-0.528,-0.028,-0.046,0.848,0,0,0,0,0,0,0,0,62,1.431,1,2128,0,395.510,6.822,214.250,327.188,58.938,-0.246,0.203,2.180,-3.750,-5.699,9.332,3.852,4.090,1.162,1.317,0,NULL,NULL,,3,1,2,7,255,941,250,0,0
stim,68490,98611,1,98611,3295939.455,-0.527,-0.035,-0.031,0.849,0,0,0,0,0,0,0,0,62,1.431,1,2128,0,392.975,5.606,213.375,325.625,53.563,-0.172,0.078,2.273,-3.441,-4.426,11.070,3.872,4.110,1.162,1.317,0,NULL,NULL,,3,1,2,7,255,941,250,0,0
stim,68490,98611,1,98611,3295944.453,-0.526,-0.042,-0.015,0.849,0,0,0,0,0,0,0,0,62,1.431,1,2128,0,392.210,3.695,211.063,326.813,49.750,-0.098,-0.023,2.273,-2.695,-2.527,12.277,3.890,4.128,1.162,1.317,0,NULL,NULL,,3,1,2,7,255,941,250,0,0
stim,68509,98630,1,98630,3295949.455,-0.526,-0.049,0.001,0.849,0,0,0,0,0,0,0,0,62,1.431,1,2128,0,396.049,2.169,216.000,329.000,44.250,-0.051,-0.117,2.211,-2.055,-0.695,12.277,3.902,4.142,1.162,1.317,0,NULL,NULL,,3,1,2,7,255,941,250,0,0
stim,68509,98630,1,98630,3295954.454,-0.525,-0.056,0.017,0.849,0,0,0,0,0,0,0,0,62,1.431,1,2128,0,406.280,1.545,232.938,331.000,35.250,-0.008,-0.250,2.191,-1.266,0.887,11.859,3.906,4.146,1.162,1.317,0,NULL,NULL,,3,1,2,7,255,941,250,0,0
stim,68551,98673,1,98673,3295959.455,-0.525,-0.063,0.034,0.848,0,0,0,0,0,0,0,0,62,1.431,1,2128,0,419.498,2.578,256.563,331.063,23.500,0.059,-0.375,2.258,-0.133,2.574,11.859,3.902,4.142,1.162,1.317,0,NULL,NULL,,3,1,2,7,255,941,250,0,0
stim,68552,98673,1,98673,3295964.453,-0.525,-0.068,0.051,0.847,0,0,0,0,0,0,0,0,62,1.431,1,2128,0,430.560,4.569,278.250,328.438,9.375,0.188,-0.434,2.367,0.742,4.508,12.145,3.888,4.130,1.162,1.317,0,NULL,NULL,,3,1,2,7,255,941,250,0,0
stim,68552,98673,1,98673,3295969.455,-0.526,-0.073,0.070,0.845,0,0,0,0,0,0,0,0,62,1.431,1,2128,0,439.655,6.872,297.688,323.500,-5.125,0.398,-0.469,2.434,0.742,6.832,12.742,3.868,4.110,1.162,1.317,0,NULL,NULL,,3,1,2,7,255,941,250,0,0
stim,68552,98673,1,98673,3295974.454,-0.527,-0.078,0.089,0.842,0,0,0,0,0,0,0,0,62,1.431,1,2128,0,450.852,9.749,320.500,316.688,-16.000,0.641,-0.527,2.504,0.453,9.738,12.742,3.840,4.082,1.162,1.317,0,NULL,NULL,,3,1,2,7,255,941,250,0,0
stim,68552,98673,1,98673,3295979.455,-0.528,-0.081,0.108,0.839,0,0,0,0,0,0,0,0,62,1.431,1,2128,0,462.196,13.059,343.563,308.375,-22.250,0.855,-0.656,2.625,0.453,13.051,12.523,3.800,4.044,1.162,1.317,0,NULL,NULL,,3,1,2,7,255,941,250,0,0
stim,68552,98673,1,98673,3295984.453,-0.529,-0.084,0.128,0.835,0,0,0,0,0,0,0,0,62,1.431,1,2128,0,469.327,16.520,361.188,298.500,-26.625,1.020,-0.777,2.797,0.805,16.500,12.523,3.748,3.994,1.162,1.317,0,NULL,NULL,,3,1,2,7,255,941,250,0,0
stim,68552,98673,1,98673,3295989.455,-0.530,-0.086,0.148,0.830,0,0,0,0,0,0,0,0,62,1.431,1,2128,0,471.333,19.746,370.750,289.125,-33.250,1.172,-0.797,2.957,1.613,19.680,12.918,3.684,3.932,1.162,1.317,0,NULL,NULL,,3,1,2,7,255,941,250,0,0
stim,68552,98673,1,98673,3295994.454,-0.532,-0.088,0.168,0.825,0,0,0,0,0,0,0,0,62,1.431,1,2128,0,474.817,22.410,380.438,279.563,-50.625,1.387,-0.691,3.160,1.613,22.352,13.184,3.606,3.856,1.162,1.317,0,NULL,NULL,,3,1,2,7,255,941,250,0,0
stim,68552,98673,1,98673,3295999.455,-0.534,-0.089,0.188,0.819,0,0,0,0,0,0,0,0,62,1.431,1,2128,0,474.407,25.232,378.625,275.500,-76.188,1.645,-0.570,3.395,0.527,25.227,13.637,3.516,3.768,1.162,1.317,0,NULL,NULL,,3,1,2,7,255,941,250,0,0
stim,68552,98673,1,98673,3296004.453,-0.537,-0.092,0.206,0.813,0,0,0,0,0,0,0,19,62,1.431,1,2128,0,464.691,28.653,359.750,275.563,-102.875,1.961,-0.469,3.668,-0.840,28.641,14.156,3.412,3.666,1.162,1.317,0,NULL,NULL,,3,1,2,7,255,941,250,0,0
stim,68569,98690,1,98690,3296009.455,-0.541,-0.095,0.223,0.805,0,0,0,0,0,0,0,41,62,1.431,1,2128,0,437.259,32.916,314.750,277.125,-123.813,2.320,-0.445,3.855,-2.121,32.848,14.156,3.292,3.548,1.162,1.317,0,NULL,NULL,,3,1,2,7,255,941,250,0,0
stim,68569,98690,1,98690,3296014.454,-0.544,-0.100,0.238,0.798,0,0,0,0,0,0,0,52,62,1.431,1,2128,0,394.816,37.459,244.625,278.250,-136.438,2.715,-0.465,3.840,-2.887,37.348,13.836,3.154,3.412,1.162,1.317,0,NULL,NULL,,3,1,2,7,255,941,250,0,0
stim,68569,98690,1,98690,3296019.455,-0.547,-0.107,0.249,0.792,0,0,0,0,0,0,0,69,62,1.431,1,2128,0,354.192,41.434,167.875,276.875,-143.563,3.141,-0.438,3.559,-3.602,41.277,10.828,3.002,3.260,1.162,1.317,0,NULL,NULL,,3,1,2,7,255,941,250,0,0
stim,68569,98690,0,98690,3296024.454,-0.550,-0.116,0.259,0.786,0,0,0,0,0,0,0,101,62,1.431,1,2128,0,327.644,44.111,103.938,271.875,-150.438,3.586,-0.430,3.125,-5.219,43.801,5.465,2.832,3.092,1.162,1.317,0,NULL,NULL,,3,0,2,7,255,942,250,0,0
stim,68591,98712,0,98712,3296029.455,-0.553,-0.125,0.266,0.780,0,0,0,0,0,0,0,176,62,1.431,1,2128,0,305.702,46.002,56.750,259.313,-151.625,4.023,-0.543,2.660,-6.883,45.484,-1.336,2.650,2.910,1.162,1.317,0,NULL,NULL,,3,0,2,7,255,942,250,0,0
stim,68591,98712,0,98712,3296034.454,-0.555,-0.134,0.271,0.775,0,0,0,0,0,0,0,238,62,1.431,1,2128,0,274.735,47.435,17.563,235.250,-140.813,4.453,-0.762,2.145,-6.902,46.930,-8.668,2.460,2.718,1.162,1.317,0,NULL,NULL,,3,0,2,7,255,942,250,0,0
stim,68591,98712,0,98712,3296039.455,-0.557,-0.143,0.275,0.771,0,0,0,0,0,0,0,325,62,1.431,1,2128,0,232.042,48.532,-11.063,201.875,-113.875,4.855,-1.016,1.516,-6.902,48.039,-16.547,2.264,2.520,1.162,1.317,0,NULL,NULL,,3,0,2,7,255,942,250,0,0
stim,68591,98712,0,98712,3296044.453,-0.558,-0.149,0.278,0.768,0,0,0,0,0,0,0,345,62,1.431,1,2128,0,179.902,48.415,-6.938,164.938,-71.500,5.020,-1.234,0.832,-6.023,48.039,-25.133,2.064,2.316,1.162,1.317,0,NULL,NULL,,3,0,2,7,255,942,250,0,0
stim,68614,98735,0,98735,3296049.455,-0.558,-0.152,0.283,0.765,0,0,0,0,0,0,0,319,62,1.431,1,2128,0,153.354,45.943,69.188,128.375,-47.438,4.891,-1.543,0.234,-4.691,45.703,-32.629,1.862,2.110,1.162,1.317,0,NULL,NULL,,3,0,2,7,255,942,250,0,0
stim,68614,98735,0,98735,3296054.454,-0.559,-0.150,0.290,0.762,0,0,0,0,0,0,0,251,62,1.431,1,2128,0,182.311,45.730,172.938,57.563,4.063,5.391,-2.586,0.605,-1.574,45.703,-37.930,1.660,1.900,1.162,1.317,0,NULL,NULL,,3,0,2,7,255,942,250,0,0
stim,68661,98782,0,98782,3296059.455,-0.555,-0.143,0.300,0.762,0,0,0,0,0,0,0,215,62,1.431,1,2128,0,278.323,50.094,242.500,10.500,136.188,4.953,-2.473,1.418,6.664,49.648,-37.930,1.454,1.686,1.162,1.317,0,NULL,NULL,,3,0,2,7,255,942,250,0,0
stim,68661,98782,0,98782,3296064.453,-0.552,-0.132,0.310,0.763,0,0,0,25,0,7,0,317,62,1.431,1,2128,0,348.998,50.094,301.250,-28.938,173.813,3.414,-1.531,2.008,6.664,49.648,-32.281,1.242,1.462,1.162,1.317,0,NULL,NULL,,3,0,2,7,255,942,250,0,0
stim,68661,98782,0,98782,3296069.455,-0.548,-0.108,0.325,0.763,291,0,0,669,0,105,0,443,62,1.431,1,2128,0,659.368,46.752,557.375,-205.938,285.813,0.754,-0.625,6.582,7.168,46.199,-17.195,1.010,1.218,1.162,1.317,0,NULL,NULL,,3,0,2,7,255,942,250,0,0
stim,68661,98782,0,98782,3296074.454,-0.545,-0.077,0.340,0.762,1045,0,0,1449,0,332,0,547,62,1.431,1,2128,0,786.051,46.644,642.625,-350.875,286.000,2.586,1.070,11.723,6.430,46.199,34.223,0.766,0.946,1.162,1.317,0,NULL,NULL,,3,0,2,7,255,942,250,0,0
stim,68661,98782,0,98782,3296079.455,-0.537,-0.089,0.309,0.780,1640,0,0,1869,0,653,0,589,62,1.431,1,2128,0,866.879,46.644,-823.188,-157.500,221.438,0.984,0.152,5.828,6.430,46.199,34.223,0.550,0.676,1.162,1.317,0,NULL,NULL,,3,0,2,7,255,942,250,0,0
stim,68661,98782,0,98782,3296084.453,-0.519,-0.105,0.260,0.808,2101,0,0,2055,0,988,0,611,63,1.431,1,2129,0,1410.305,39.960,-1313.938,-252.438,445.875,0.734,3.871,-0.316,4.125,39.746,32.133,0.440,0.458,1.162,1.317,1,971.000,29.000,,3,0,2,7,255,942,250,0,0
stim,68661,98782,0,98782,3296089.455,-0.499,-0.112,0.230,0.828,2376,0,0,2233,0,1249,0,649,63,1.431,1,2129,0,975.091,24.556,-817.750,-185.625,497.625,-1.055,3.160,-2.910,-22.832,-9.039,-4.777,0.460,0.354,1.162,1.317,1,NULL,NULL,,3,0,2,7,255,942,250,0,0
stim,68661,98782,0,98782,3296094.454,-0.486,-0.107,0.219,0.839,2565,0,0,2377,0,1413,0,749,63,1.431,1,2129,0,465.894,41.413,-243.750,-176.563,355.625,-3.297,1.156,-2.625,-22.832,-34.551,-17.301,0.498,0.340,1.162,1.317,1,NULL,NULL,,3,0,2,7,255,942,250,0,0
stim,68661,98782,0,98782,3296099.455,-0.486,-0.096,0.221,0.840,2719,0,0,2584,0,1497,0,803,63,1.431,1,2129,0,253.582,34.835,162.938,-187.375,51.438,-2.379,0.902,1.121,4.441,-34.551,-17.301,0.512,0.352,1.162,1.317,2,NULL,NULL,,3,0,2,7,255,942,250,0,0
stim,68661,98782,0,98782,3296104.453,-0.489,-0.089,0.224,0.839,2831,0,0,2725,0,1553,0,891,63,1.431,1,2129,0,184.539,17.627,133.188,-126.750,-15.813,-0.605,2.633,2.398,4.441,-17.059,11.035,0.526,0.378,1.162,1.317,2,NULL,NULL,,3,0,2,7,255,942,250,0,0
stim,68661,98782,0,98782,3296109.455,-0.484,-0.083,0.216,0.844,2910,0,0,2834,0,1609,0,1055,63,1.431,1,2129,0,275.809,10.975,-125.000,-186.938,159.688,-0.523,1.563,2.465,-9.547,-5.414,17.664,0.548,0.418,1.162,1.317,2,NULL,NULL,,3,0,2,7,255,942,250,0,0
stim,68661,98782,0,98782,3296114.453,-0.480,-0.083,0.199,0.850,2926,0,0,2911,0,1687,0,1195,63,1.431,1,2129,0,411.190,10.975,-352.000,-183.313,107.563,-1.730,-0.070,1.016,-9.547,-5.414,17.664,0.568,0.454,1.162,1.317,2,NULL,NULL,,3,0,2,7,255,942,250,0,0
stim,68694,98815,0,98815,3296119.455,-0.481,-0.082,0.183,0.853,2989,0,0,2969,0,1754,0,1331,63,1.431,1,2129,0,388.086,13.165,-325.375,-210.375,-22.000,-1.527,-0.652,-0.273,9.637,-8.969,4.797,0.572,0.476,1.162,1.317,2,NULL,NULL,,3,0,2,7,255,942,250,0,0
stim,68694,98815,0,98815,3296124.454,-0.488,-0.079,0.172,0.852,3019,0,0,3014,0,1831,0,1449,63,1.431,1,2129,0,301.639,15.932,-151.125,-208.938,-156.500,-0.777,-1.137,0.172,13.168,-8.969,-8.031,0.554,0.476,1.162,1.317,2,NULL,NULL,,3,0,2,7,255,942,250,0,0
stim,68694,98815,0,98815,3296129.455,-0.497,-0.074,0.164,0.849,3020,0,0,3063,0,1927,0,1545,63,1.431,1,2129,0,308.322,13.171,-70.813,-204.750,-219.375,0.406,-1.184,1.055,13.168,-0.297,-8.031,0.520,0.452,1.162,1.317,2,NULL,NULL,,3,0,2,7,255,942,250,0,0
stim,68694,98815,0,98815,3296134.453,-0.504,-0.070,0.157,0.847,3059,0,0,3097,0,1995,0,1620,63,1.431,1,2129,0,241.528,14.536,-67.875,-166.938,-160.813,1.309,-1.188,1.535,8.117,12.059,-3.262,0.480,0.408,1.162,1.317,2,NULL,NULL,,3,0,2,7,255,942,250,0,0
stim,68694,98815,0,98815,3296139.455,-0.507,-0.068,0.150,0.846,3065,0,0,3116,0,2075,8,1668,63,1.431,1,2129,0,188.223,22.278,-105.938,-141.063,-65.625,1.543,-1.883,1.816,8.117,20.746,-1.090,0.446,0.348,1.162,1.317,2,NULL,NULL,,3,0,2,7,255,942,250,0,0
stim,68694,98815,0,98815,3296144.454,-0.504,-0.066,0.142,0.850,3069,0,0,3149,0,2139,85,1702,63,1.431,1,2129,0,226.055,25.712,-163.875,-132.563,81.688,1.309,-2.172,1.227,9.082,24.055,-1.090,0.422,0.282,1.162,1.317,2,NULL,NULL,,3,0,2,7,255,942,250,0,0
stim,68694,98815,0,98815,3296149.455,-0.496,-0.063,0.135,0.856,3087,0,0,3159,0,2204,111,1725,63,1.431,1,2129,0,285.085,25.712,-132.250,-129.313,216.938,0.387,-1.211,0.418,9.082,24.055,-4.652,0.406,0.224,1.162,1.317,2,NULL,NULL,,3,0,2,7,255,942,250,0,0
stim,68694,98815,0,98815,3296154.453,-0.488,-0.058,0.130,0.861,3093,0,0,3165,39,2293,188,1887,63,1.431,1,2129,0,261.808,12.937,-66.188,-137.188,212.938,-0.949,0.023,0.852,8.270,9.949,-4.652,0.400,0.184,1.162,1.317,2,NULL,NULL,,3,0,2,7,255,942,250,0,0
stim,68750,98871,0,98871,3296159.455,-0.486,-0.054,0.124,0.863,3091,0,0,3171,269,2340,335,2054,63,1.431,1,2129,0,166.638,7.219,-77.563,-135.063,59.250,-1.117,0.559,1.410,4.520,-5.629,0.363,0.404,0.156,1.162,1.317,2,NULL,NULL,,3,0,2,7,255,942,250,0,0
stim,68750,98871,0,98871,3296164.454,-0.488,-0.052,0.121,0.863,3095,0,0,3177,553,2379,281,2157,63,1.431,1,2129,0,99.325,5.704,-27.313,-84.625,-44.250,0.289,0.465,1.680,0.922,-5.629,6.156,0.416,0.138,1.162,1.317,2,NULL,NULL,,3,0,2,7,255,942,250,0,0
stim,68750,98871,0,98871,3296169.455,-0.490,-0.051,0.119,0.862,3095,0,0,3179,799,2407,279,2227,63,1.431,1,2129,0,76.101,6.763,-29.813,-58.688,-38.188,0.727,0.566,1.410,-5.434,4.027,6.156,0.432,0.126,1.162,1.317,2,NULL,NULL,,3,0,2,7,255,942,250,0,0
stim,68750,98871,0,98871,3296174.454,-0.491,-0.049,0.117,0.862,3093,0,0,3183,983,2423,283,2281,63,1.431,1,2129,0,53.369,9.395,-10.125,-48.250,-20.438,0.539,0.926,1.551,-8.488,4.027,5.043,0.446,0.112,1.162,1.317,2,NULL,NULL,,3,0,2,7,255,942,250,0,0
stim,68750,98871,0,98871,3296179.455,-0.492,-0.050,0.113,0.862,3090,0,0,3181,1132,2445,313,2336,63,1.431,1,2129,0,93.229,9.142,-85.625,-25.188,-26.938,-0.121,0.105,1.961,-8.488,3.395,5.043,0.458,0.098,1.162,1.317,2,NULL,NULL,,3,0,2,7,255,942,250,0,0
stim,68750,98871,0,98871,3296184.454,-0.493,-0.053,0.107,0.862,3089,3,0,3180,1245,2457,324,2382,63,1.431,1,2129,0,166.827,3.419,-163.500,-16.938,-28.500,0.090,-0.492,0.730,-0.406,3.395,5.043,0.464,0.080,1.162,1.317,2,NULL,NULL,,3,0,2,7,255,942,250,0,0
stim,68750,98871,0,98871,3296189.455,-0.493,-0.054,0.103,0.862,3087,21,0,3179,1317,2461,333,2414,63,1.431,1,2129,0,99.422,4.529,-97.125,-18.063,-11.188,-0.090,-0.543,0.387,3.516,2.855,-3.488,0.470,0.060,1.162,1.317,2,NULL,NULL,,3,0,2,7,255,942,250,0,0
stim,68750,98871,0,98871,3296194.453,-0.494,-0.054,0.102,0.862,3087,30,0,3179,1418,2467,349,2437,63,1.431,1,2129,0,44.019,4.418,-11.250,-18.000,-38.563,-0.203,-0.273,0.723,3.516,2.676,-3.488,0.474,0.042,1.162,1.317,2,NULL,NULL,,3,0,2,7,255,942,250,0,0
stim,68750,98871,0,98871,3296199.455,-0.497,-0.053,0.101,0.860,3099,40,0,3198,1479,2472,360,2457,63,1.431,1,2129,0,57.999,3.711,10.250,-17.188,-54.438,0.020,0.086,1.133,3.105,2.031,-2.770,0.480,0.024,1.162,1.317,2,NULL,NULL,,3,0,2,7,255,942,250,0,0
stim,68750,98871,0,98871,3296204.454,-0.498,-0.053,0.100,0.860,3095,59,0,3180,1545,2480,377,2484,63,1.431,1,2129,0,41.599,2.313,-24.500,-10.688,-31.875,0.160,0.098,1.254,-1.105,2.031,1.063,0.486,0.010,1.162,1.317,2,NULL,NULL,,3,0,2,7,255,942,250,0,0
stim,68771,98892,0,98892,3296209.455,-0.498,-0.054,0.098,0.860,3087,85,0,3176,1583,2485,393,2491,63,1.431,1,2129,0,56.844,2.313,-56.375,-7.250,-0.750,-0.047,0.008,1.082,-1.105,2.031,1.063,0.492,0.000,1.162,1.317,2,NULL,NULL,,3,0,2,7,255,942,250,0,0
stim,68771,98892,0,98892,3296214.453,-0.498,-0.055,0.096,0.860,3087,106,0,3177,1613,2489,389,2503,63,1.431,1,2129,0,52.560,1.732,-51.250,-3.688,-11.063,-0.258,0.059,0.906,-0.180,1.723,0.664,0.000,0.000,1.162,1.317,2,NULL,NULL,,3,0,2,7,255,942,250,0,0
stim,68771,98892,0,98892,3296219.455,-0.499,-0.056,0.095,0.859,3027,111,0,3177,1642,2491,389,2517,63,1.431,1,2129,0,48.444,0.669,-27.688,-3.875,-39.563,-0.219,0.148,0.930,-0.180,-0.645,-0.391,0.000,0.000,1.162,1.317,2,NULL,NULL,,3,0,2,7,255,942,250,0,0
stim,68771,98892,0,98892,3296224.454,-0.501,-0.056,0.094,0.858,3081,117,0,3172,1679,2492,389,2516,63,1.431,1,2129,0,53.558,0.853,-18.000,-3.625,-50.313,-0.074,0.098,1.051,-0.559,-0.645,-0.391,0.000,0.000,1.162,1.317,2,NULL,NULL,,3,0,2,7,255,942,250,0,0
stim,68807,98928,0,98928,3296229.455,-0.503,-0.056,0.092,0.858,3079,119,0,3171,1707,2492,383,2521,63,1.431,1,2129,0,45.128,1.293,-23.875,-2.875,-38.188,0.004,0.105,1.078,-0.883,0.945,0.492,0.000,0.000,1.162,1.317,2,NULL,NULL,,3,0,2,7,255,942,250,0,0
stim,68807,98928,0,98928,3296234.453,-0.504,-0.057,0.091,0.857,3055,119,0,3167,1733,2493,380,2523,63,1.431,1,2129,0,38.883,1.754,-28.938,-1.313,-25.938,-0.023,0.109,1.020,-1.254,1.227,0.492,0.000,0.000,1.162,1.317,2,NULL,NULL,,3,0,2,7,255,942,250,0,0
stim,68807,98928,0,98928,3296239.455,-0.504,-0.057,0.090,0.857,3077,125,0,3164,1749,2493,371,2527,63,1.431,1,2129,0,35.191,1.835,-28.188,-0.500,-21.063,-0.043,0.031,0.988,-1.254,1.340,0.094,0.000,0.000,1.162,1.317,2,NULL,NULL,,3,0,2,7,255,942,250,0,0
stim,68807,98928,0,98928,3296244.453,-0.505,-0.058,0.089,0.857,3078,124,0,3161,1757,2491,371,2535,63,1.431,1,2129,0,30.778,1.427,-25.188,-0.063,-17.688,-0.066,-0.070,0.969,-0.492,1.340,-0.207,0.000,0.000,1.162,1.317,2,NULL,NULL,,3,0,2,7,255,942,250,0,0
stim,68807,98928,0,98928,3296249.455,-0.505,-0.058,0.088,0.856,3037,123,3,3173,1765,2491,370,2539,63,1.431,1,2129,0,20.031,1.615,-15.813,1.063,-12.250,-0.047,-0.063,0.926,0.324,1.582,-0.438,0.000,0.000,1.162,1.317,2,NULL,NULL,,3,0,2,7,255,942,250,0,0
stim,68807,98928,0,98928,3296254.454,-0.506,-0.058,0.088,0.856,3063,124,6,3157,1771,2489,357,2535,63,1.431,1,2129,0,6.922,1.615,-5.250,0.313,-4.500,-0.090,0.023,0.977,0.324,1.582,-0.438,0.000,0.000,1.162,1.317,2,NULL,NULL,,3,0,2,7,255,942,250,0,0
stim,68851,98972,0,98972,3296259.455,-0.506,-0.058,0.088,0.856,3057,124,6,3151,1787,2489,356,2535,63,1.431,1,2129,0,0.810,0.950,-0.500,-0.125,-0.625,-0.133,0.141,1.023,-0.246,0.918,-0.258,0.000,0.000,1.162,1.317,2,NULL,NULL,,3,0,2,7,255,942,250,0,0
stim,68851,98972,0,98972,3296264.453,-0.506,-0.058,0.088,0.856,3018,127,23,3155,1805,2487,349,2565,63,1.280,1,2129,1,4.212,1.058,-2.688,-1.375,-2.938,-0.184,0.207,1.074,-1.051,0.125,0.336,0.000,0.000,1.121,1.267,2,NULL,NULL,,3,0,2,7,255,942,250,0,0
stim,68851,98972,0,98972,3296269.455,-0.506,-0.058,0.087,0.856,3046,134,84,3141,1819,2484,347,2539,63,1.280,1,2129,1,13.303,1.363,-9.875,-2.250,-8.625,-0.188,0.191,1.055,-1.262,-0.516,0.781,0.010,0.008,1.121,1.267,2,NULL,NULL,,3,0,2,7,255,942,250,0,0
stim,68851,98972,0,98972,3296274.454,-0.506,-0.058,0.087,0.856,3037,135,98,3145,1843,2490,342,2553,63,1.280,1,2129,1,15.554,1.363,-9.875,-3.688,-11.438,-0.160,0.160,1.004,-1.262,-0.516,0.781,0.016,0.014,1.121,1.267,2,NULL,NULL,,3,0,2,7,255,942,250,0,0
stim,68851,98972,0,98972,3296279.455,-0.507,-0.058,0.087,0.856,3023,140,115,3131,1883,2489,343,2555,63,1.280,1,2129,1,13.229,1.117,-6.875,-4.625,-10.313,-0.156,0.137,1.031,-1.090,-0.246,0.477,0.024,0.020,1.121,1.267,2,NULL,NULL,,3,0,2,7,255,942,250,0,0
stim,68851,98972,0,98972,3296284.453,-0.507,-0.058,0.086,0.856,3018,137,166,3117,1911,2489,347,2557,63,1.280,1,2129,1,14.520,0.973,-9.625,-5.813,-9.188,-0.176,0.141,1.043,-0.949,-0.215,0.477,0.030,0.026,1.121,1.267,2,NULL,NULL,,3,0,2,7,255,942,250,0,0
stim,68852,98973,0,98973,3296289.455,-0.507,-0.058,0.086,0.856,3001,143,205,3111,1944,2483,354,2577,63,1.280,1,2129,1,17.321,0.962,-11.563,-7.125,-10.750,-0.180,0.148,1.020,-0.938,-0.215,0.477,0.036,0.032,1.121,1.267,2,NULL,NULL,,3,0,2,7,255,942,250,0,0
stim,68852,98973,0,98973,3296294.454,-0.508,-0.058,0.085,0.855,2969,157,269,3089,1965,2474,352,2589,63,1.280,1,2129,1,17.816,0.909,-11.313,-7.750,-11.375,-0.164,0.102,1.008,-0.883,-0.215,0.387,0.042,0.036,1.121,1.267,2,NULL,NULL,,3,0,2,7,255,942,250,0,0
stim,68852,98973,0,98973,3296299.455,-0.508,-0.058,0.084,0.855,2973,159,309,3093,1994,2487,376,2588,63,1.280,1,2129,1,17.960,0.607,-11.688,-8.625,-10.563,-0.156,0.039,0.984,-0.605,-0.043,0.230,0.050,0.042,1.121,1.267,2,NULL,NULL,,3,0,2,7,255,942,250,0,0
stim,68852,98973,0,98973,3296304.453,-0.509,-0.058,0.084,0.855,2959,165,352,3081,2029,2479,403,2603,63,1.280,1,2129,1,16.659,0.273,-8.875,-10.063,-9.875,-0.160,0.016,0.949,-0.078,0.262,-0.055,0.056,0.046,1.121,1.267,2,NULL,NULL,,3,0,2,7,255,942,250,0,0
stim,68852,98974,0,98974,3296309.455,-0.509,-0.058,0.083,0.855,2922,163,420,3059,2059,2476,431,2606,63,1.280,1,2129,1,16.137,0.305,-4.438,-11.188,-10.750,-0.160,0.012,0.941,0.156,0.262,-0.367,0.060,0.048,1.121,1.267,2,NULL,NULL,,3,0,2,7,255,942,250,0,0
stim,68852,98974,0,98974,3296314.454,-0.509,-0.057,0.083,0.855,2914,173,499,3037,2087,2478,465,2621,63,1.280,1,2129,1,16.740,0.285,-0.875,-12.750,-10.813,-0.168,0.020,0.945,0.156,0.238,-0.414,0.064,0.050,1.121,1.267,2,NULL,NULL,,3,0,2,7,255,942,250,0,0
stim,68883,99004,0,99004,3296319.455,-0.510,-0.057,0.082,0.854,2875,175,579,3007,2120,2477,519,2641,63,1.280,1,2129,1,18.255,0.207,2.063,-14.563,-10.813,-0.180,0.039,0.957,0.148,0.145,-0.414,0.068,0.050,1.121,1.267,2,NULL,NULL,,3,0,2,7,255,942,250,0,0
stim,68883,99004,0,99004,3296324.454,-0.510,-0.056,0.082,0.854,2807,189,668,3005,2164,2474,564,2659,63,1.280,1,2129,1,20.536,0.050,3.500,-16.563,-11.625,-0.188,0.063,0.973,0.039,-0.031,-0.242,0.072,0.052,1.121,1.267,2,NULL,NULL,,3,0,2,7,255,942,250,0,0
stim,68883,99004,0,99004,3296329.455,-0.511,-0.055,0.082,0.854,2828,203,747,2971,2229,2487,616,2667,63,1.280,1,2129,1,23.065,0.238,4.063,-18.438,-13.250,-0.191,0.082,0.984,-0.141,-0.191,-0.082,0.076,0.052,1.121,1.267,2,NULL,NULL,,3,0,2,7,255,942,250,0,0
stim,68883,99004,0,99004,3296334.454,-0.512,-0.054,0.082,0.854,2783,211,829,2936,2283,2486,717,2679,63,1.280,1,2129,1,26.166,0.418,4.500,-20.500,-15.625,-0.199,0.125,0.992,-0.281,-0.309,0.031,0.078,0.054,1.121,1.267,2,NULL,NULL,,3,0,2,7,255,942,250,0,0
stim,68883,99004,0,99004,3296339.455,-0.512,-0.053,0.081,0.853,2719,233,955,2917,2333,2487,823,2693,63,1.280,1,2129,1,30.249,0.836,5.438,-22.313,-19.688,-0.211,0.168,1.012,-0.625,-0.555,0.160,0.082,0.054,1.121,1.267,2,NULL,NULL,,3,0,2,7,255,942,250,0,0
stim,68883,99004,0,99004,3296344.453,-0.513,-0.052,0.081,0.853,2700,239,1084,2875,2379,2491,927,2712,63,1.280,1,2129,1,35.516,1.264,3.625,-23.438,-26.438,-0.203,0.211,1.059,-0.934,-0.852,0.406,0.084,0.054,1.121,1.267,2,NULL,NULL,,3,0,2,7,255,942,250,0,0
stim,68917,99038,0,99038,3296349.455,-0.515,-0.052,0.081,0.852,2651,251,1179,2857,2423,2503,1069,2729,63,1.280,1,2129,1,43.090,1.574,-2.813,-23.125,-36.250,-0.172,0.211,1.074,-1.324,-0.852,0.852,0.084,0.052,1.121,1.267,2,NULL,NULL,,3,0,2,7,255,942,250,0,0
stim,68917,99038,0,99038,3296354.454,-0.516,-0.051,0.079,0.851,2541,251,1299,2825,2479,2491,1144,2746,63,1.280,1,2129,1,49.456,1.494,-11.563,-23.188,-42.125,-0.133,0.176,1.066,-1.355,-0.629,0.852,0.084,0.050,1.121,1.267,2,NULL,NULL,,3,0,2,7,255,942,250,0,0
stim,68949,99070,0,99070,3296359.455,-0.518,-0.051,0.078,0.850,2508,263,1431,2791,2521,2502,1246,2759,63,1.280,1,2129,1,54.978,1.366,-20.438,-23.000,-45.563,-0.113,0.121,1.055,-1.355,-0.168,0.770,0.084,0.048,1.121,1.267,2,NULL,NULL,,3,0,2,7,255,942,250,0,0
stim,68949,99070,0,99070,3296364.453,-0.520,-0.050,0.076,0.849,2444,263,1565,2775,2555,2505,1371,2775,63,1.280,1,2129,1,58.162,0.989,-26.625,-22.875,-46.375,-0.117,0.078,1.027,-0.969,0.199,0.602,0.082,0.044,1.121,1.267,2,NULL,NULL,,3,0,2,7,255,942,250,0,0
stim,68949,99070,0,99070,3296369.456,-0.521,-0.050,0.075,0.849,2365,263,1715,2727,2591,2494,1490,2789,63,1.280,1,2129,1,59.196,0.791,-27.125,-22.500,-47.563,-0.129,0.102,1.000,-0.766,0.199,0.320,0.082,0.040,1.121,1.267,2,NULL,NULL,,3,0,2,7,255,942,250,0,0
stim,68949,99070,0,99070,3296374.454,-0.523,-0.050,0.073,0.848,2275,276,1843,2695,2635,2511,1621,2803,63,1.280,1,2129,1,61.782,0.672,-27.063,-22.563,-50.750,-0.156,0.102,1.031,-0.672,0.004,0.320,0.082,0.038,1.121,1.267,2,NULL,NULL,,3,0,2,7,255,942,250,0,0
stim,68949,99070,0,99070,3296379.455,-0.525,-0.050,0.071,0.846,2197,297,1949,2649,2669,2505,1703,2821,63,1.280,1,2129,1,71.406,0.692,-37.250,-22.313,-56.688,-0.180,0.059,1.086,-0.672,-0.164,0.426,0.082,0.036,1.121,1.267,2,NULL,NULL,,3,0,2,7,255,942,250,0,0
stim,68949,99070,0,99070,3296384.454,-0.528,-0.051,0.068,0.845,2083,315,2075,2591,2699,2503,1798,2829,63,1.280,1,2129,1,89.587,0.283,-56.750,-22.875,-65.438,-0.199,0.000,1.125,-0.230,-0.164,1.008,0.082,0.034,1.121,1.267,2,NULL,NULL,,3,0,2,7,255,942,250,0,0
stim,68967,99088,0,99088,3296389.455,-0.530,-0.052,0.065,0.844,1964,316,2205,2538,2728,2508,1902,2843,63,1.280,1,2129,1,113.376,0.305,-81.938,-23.313,-74.813,-0.188,-0.047,1.113,0.301,-0.051,1.258,0.082,0.034,1.121,1.267,2,NULL,NULL,,3,0,2,7,255,942,250,0,0
stim,68967,99088,0,99088,3296394.453,-0.533,-0.053,0.060,0.842,1863,318,2297,2521,2758,2503,1983,2857,63,1.280,1,2129,1,121.763,0.335,-89.688,-23.688,-78.875,-0.129,-0.020,0.973,0.301,0.148,1.258,0.082,0.034,1.121,1.267,2,NULL,NULL,,3,0,2,7,255,942,250,0,0
stim,68967,99088,0,99088,3296399.455,-0.536,-0.054,0.056,0.841,1696,313,2395,2409,2781,2509,2087,2873,63,1.280,1,2129,0,113.290,0.291,-81.500,-26.063,-74.250,-0.086,-0.004,0.926,0.109,0.270,-0.215,0.084,0.036,1.121,1.267,2,NULL,NULL,,3,0,2,7,255,942,250,0,0
stim,68967,99088,0,99088,3296404.454,-0.538,-0.055,0.053,0.839,1502,307,2495,2314,2811,2508,2175,2879,63,1.280,1,2129,0,104.726,0.287,-70.750,-28.688,-71.688,-0.129,-0.008,0.969,-0.098,0.270,-0.250,0.086,0.038,1.121,1.267,2,NULL,NULL,,3,0,2,7,255,942,250,0,0
stim,68967,99088,0,99088,3296409.455,-0.541,-0.055,0.050,0.838,1314,286,2556,2223,2845,2496,2267,2907,63,1.280,1,2129,0,100.780,0.280,-62.313,-30.438,-73.125,-0.152,0.016,0.945,-0.250,0.125,-0.426,0.088,0.042,1.121,1.267,2,NULL,NULL,,3,0,2,7,255,942,250,0,0
stim,68967,99088,0,99088,3296414.453,-0.543,-0.055,0.047,0.836,1144,269,2617,2120,2863,2508,2333,2915,63,1.280,1,2129,0,94.870,0.283,-49.875,-33.188,-73.563,-0.055,-0.031,0.969,-0.254,0.125,-0.348,0.092,0.046,1.121,1.267,2,NULL,NULL,,3,0,2,7,255,942,250,0,0
stim,68967,99088,0,99088,3296419.455,-0.546,-0.055,0.044,0.835,943,244,2664,1993,2879,2495,2411,2915,63,1.280,1,2129,0,84.080,0.807,-44.875,-33.438,-62.750,-0.066,-0.094,1.090,-0.254,0.766,-0.348,0.096,0.052,1.121,1.267,2,NULL,NULL,,3,0,2,7,255,942,250,0,0
stim,68967,99088,0,99088,3296424.454,-0.547,-0.055,0.041,0.834,725,231,2715,1835,2893,2480,2468,2932,63,1.280,1,2129,0,84.563,0.801,-53.250,-35.438,-55.313,-0.125,-0.086,1.117,0.234,0.766,0.879,0.100,0.058,1.121,1.267,2,NULL,NULL,,3,0,2,7,255,942,250,0,0
stim,68989,99110,0,99110,3296429.455,-0.550,-0.055,0.038,0.833,456,187,2747,1563,2917,2481,2521,2933,63,1.280,1,2129,0,91.378,0.500,-58.500,-36.438,-60.000,-0.109,-0.047,1.043,0.234,0.441,0.879,0.104,0.062,1.121,1.267,2,NULL,NULL,,3,0,2,7,255,942,250,0,0
stim,68989,99110,0,99110,3296434.453,-0.551,-0.055,0.035,0.832,311,155,2792,1360,2939,2467,2587,2943,63,1.280,1,2129,0,84.448,0.448,-50.813,-40.250,-54.125,-0.016,-0.004,0.980,-0.074,0.441,0.473,0.108,0.062,1.121,1.267,2,NULL,NULL,,3,0,2,7,255,942,250,0,0
stim,68989,99110,0,99110,3296439.455,-0.553,-0.054,0.032,0.831,133,83,2824,1053,2961,2453,2631,2952,63,1.280,1,2129,0,71.085,1.144,-38.750,-43.250,-41.000,0.055,0.082,1.023,-0.781,0.836,0.023,0.108,0.062,1.121,1.267,2,NULL,NULL,,3,0,2,7,255,942,250,0,0
stim,68989,99110,0,99110,3296444.454,-0.554,-0.053,0.030,0.830,33,59,2845,812,2966,2429,2654,2953,63,1.280,1,2129,0,64.082,2.039,-36.063,-45.313,-27.438,0.004,0.168,1.086,-1.859,0.836,0.023,0.106,0.060,1.121,1.267,2,NULL,NULL,,3,0,2,7,255,942,250,0,0
stim,69015,99136,0,99136,3296449.455,-0.555,-0.052,0.027,0.830,0,26,2859,555,2976,2395,2683,2967,63,1.280,1,2129,0,67.141,2.505,-36.938,-47.563,-29.688,-0.035,0.184,1.059,-2.480,0.352,0.441,0.106,0.056,1.121,1.267,2,NULL,NULL,,3,0,2,7,255,942,250,0,0
stim,69015,99136,0,99136,3296454.453,-0.556,-0.051,0.025,0.830,0,19,2897,407,2999,2373,2729,2981,63,1.280,1,2129,0,63.923,2.483,-27.750,-52.375,-23.938,-0.070,0.109,1.086,-2.480,-0.113,0.660,0.104,0.054,1.121,1.267,2,NULL,NULL,,3,0,2,7,255,942,250,0,0
stim,69015,99136,0,99136,3296459.455,-0.556,-0.048,0.024,0.830,0,0,2919,343,3013,2359,2763,2976,63,1.280,1,2129,0,61.560,1.739,1.250,-60.750,-9.875,-0.270,-0.020,1.207,-1.730,-0.168,0.777,0.104,0.052,1.121,1.267,2,NULL,NULL,,3,0,2,7,255,942,250,0,0
stim,69015,99136,0,99136,3296464.454,-0.556,-0.045,0.024,0.830,0,0,2918,317,3023,2329,2781,2987,63,1.280,1,2129,0,83.328,1.458,40.063,-73.063,0.625,-0.449,-0.121,1.629,0.121,-1.453,2.246,0.104,0.050,1.121,1.267,2,NULL,NULL,,3,0,2,7,255,942,250,0,0
stim,69050,99171,0,99171,3296469.457,-0.555,-0.041,0.023,0.830,0,0,2936,284,3034,2288,2824,2984,63,1.280,1,2129,0,94.029,2.763,33.875,-86.125,16.625,-0.469,-0.117,1.938,1.352,-2.410,6.555,0.104,0.048,1.121,1.267,2,NULL,NULL,,3,0,2,7,255,942,250,0,0
stim,69050,99171,0,99171,3296474.454,-0.555,-0.040,0.018,0.830,0,0,2953,208,3036,2255,2837,2984,63,1.280,1,2129,0,112.387,2.763,-71.813,-86.063,-8.188,-0.191,-0.207,1.582,1.352,-2.410,6.555,0.104,0.046,1.121,1.267,2,NULL,NULL,,3,0,2,7,255,942,250,0,0
stim,69050,99171,0,99171,3296479.455,-0.556,-0.040,0.012,0.830,0,0,2957,159,3053,2216,2857,2985,63,1.280,1,2129,0,142.879,1.352,-114.500,-85.188,-6.875,-0.082,-0.305,1.000,1.352,-0.020,5.887,0.104,0.046,1.121,1.267,2,NULL,NULL,,3,0,2,7,255,942,250,0,0
stim,69050,99171,0,99171,3296484.454,-0.554,-0.038,0.007,0.831,0,0,2963,120,3051,2155,2879,2991,63,1.280,1,2129,0,115.732,1.301,-58.063,-96.063,28.188,-0.195,-0.141,0.840,1.301,-0.020,0.164,0.106,0.044,1.121,1.267,2,NULL,NULL,,3,0,2,7,255,942,250,0,0
stim,69050,99171,0,99171,3296489.455,-0.553,-0.034,0.005,0.832,0,0,2960,39,3077,2083,2901,2995,63,1.280,1,2129,0,107.356,1.521,0.000,-104.375,25.125,-0.340,-0.008,0.961,1.207,-0.926,-0.219,0.106,0.042,1.121,1.267,2,NULL,NULL,,3,0,2,7,255,942,250,0,0
stim,69050,99171,0,99171,3296494.453,-0.553,-0.030,0.003,0.833,0,0,2969,8,3081,1997,2919,3003,63,1.280,1,2129,0,113.594,2.403,22.750,-111.250,3.063,-0.305,-0.039,1.246,0.492,-2.352,-0.219,0.108,0.040,1.121,1.267,3,NULL,NULL,,3,0,2,7,255,942,250,0,0
stim,69050,99171,0,99171,3296499.455,-0.553,-0.025,0.001,0.833,0,0,2953,0,3069,1881,2918,2989,63,1.280,1,2129,0,119.445,2.403,17.500,-118.000,6.063,-0.258,-0.102,1.492,0.492,-2.352,2.555,0.112,0.040,1.121,1.267,3,NULL,NULL,,3,0,2,7,255,942,250,0,0
stim,69050,99171,0,99171,3296504.454,-0.552,-0.021,-0.002,0.834,0,0,2953,0,3087,1758,2933,2996,63,1.280,1,2129,0,125.799,1.905,-3.938,-124.625,16.688,-0.258,-0.152,1.516,0.789,-1.734,4.957,0.116,0.040,1.121,1.267,3,NULL,NULL,,3,0,2,7,255,942,250,0,0
stim,69071,99192,0,99192,3296509.455,-0.551,-0.017,-0.006,0.834,0,0,2948,0,3099,1629,2939,2988,63,1.280,1,2129,0,135.409,2.159,-25.750,-131.500,19.500,-0.250,-0.148,1.398,1.285,-1.734,4.957,0.120,0.042,1.121,1.267,3,NULL,NULL,,3,0,2,7,255,942,250,0,0
stim,69071,99192,0,99192,3296514.453,-0.550,-0.013,-0.011,0.835,0,0,2936,0,3101,1448,2953,2975,63,1.280,1,2129,0,143.857,2.193,-33.125,-138.688,19.063,-0.258,-0.090,1.266,1.285,-1.777,4.000,0.124,0.044,1.121,1.267,3,NULL,NULL,,3,0,2,7,255,942,250,0,0
stim,69071,99192,0,99192,3296519.455,-0.549,-0.008,-0.015,0.835,0,0,2927,0,3093,1255,2967,2967,63,1.280,1,2129,0,148.842,2.498,-19.688,-146.500,17.438,-0.273,-0.094,1.164,1.148,-2.219,2.664,0.122,0.042,1.121,1.267,3,NULL,NULL,,3,0,2,7,255,942,250,0,0
stim,69071,99192,0,99192,3296524.454,-0.548,-0.003,-0.018,0.836,0,0,2901,0,3107,1047,2980,2963,63,1.280,1,2129,0,156.260,2.498,-1.250,-154.938,20.250,-0.234,-0.141,1.195,1.148,-2.219,1.930,0.114,0.040,1.121,1.267,3,NULL,NULL,,3,0,2,7,255,942,250,0,0
stim,69099,99220,0,99220,3296529.455,-0.547,0.003,-0.022,0.837,0,0,2886,0,3111,789,2986,2936,63,1.280,1,2129,0,165.256,2.851,4.438,-163.750,21.813,-0.273,-0.172,1.281,1.445,-2.457,1.930,0.106,0.038,1.121,1.267,3,NULL,NULL,,3,0,2,7,255,942,250,0,0
stim,69099,99220,0,99220,3296534.453,-0.546,0.009,-0.026,0.837,0,0,2866,0,3113,583,2996,2928,63,1.280,1,2129,0,173.279,2.931,-3.375,-171.938,21.250,-0.250,-0.223,1.262,1.910,-2.223,2.551,0.100,0.038,1.121,1.267,3,NULL,NULL,,3,0,2,7,255,942,250,0,0
stim,69099,99220,0,99220,3296539.455,-0.545,0.015,-0.031,0.838,0,0,2833,0,3111,430,3015,2917,63,1.280,1,2129,0,179.293,3.097,-6.875,-178.063,19.813,-0.152,-0.230,1.195,2.156,-2.223,2.551,0.096,0.040,1.121,1.267,3,NULL,NULL,,3,0,2,7,255,942,250,0,0
stim,69099,99220,0,99220,3296544.454,-0.543,0.021,-0.035,0.838,0,0,2788,0,3111,221,3017,2885,63,1.280,1,2129,0,186.526,2.863,-1.938,-184.875,24.688,-0.168,-0.176,1.121,2.156,-1.883,1.922,0.094,0.044,1.121,1.267,3,NULL,NULL,,3,0,2,7,255,942,250,0,0
stim,69099,99220,0,99220,3296549.455,-0.542,0.028,-0.039,0.839,0,0,2747,0,3108,123,3021,2855,63,1.280,1,2129,0,195.036,2.600,9.125,-193.063,26.125,-0.172,-0.066,1.133,1.793,-1.883,1.129,0.092,0.050,1.121,1.267,3,NULL,NULL,,3,0,2,7,255,942,250,0,0
stim,69099,99220,0,99220,3296554.453,-0.540,0.036,-0.043,0.840,0,0,2701,0,3109,42,3032,2833,63,1.280,1,2129,0,204.565,2.703,31.500,-200.688,24.063,-0.230,0.074,1.133,0.926,-2.539,1.105,0.088,0.058,1.121,1.267,3,NULL,NULL,,3,0,2,7,255,942,250,0,0
stim,69148,99269,0,99269,3296559.455,-0.539,0.045,-0.046,0.840,0,0,2628,0,3101,2,3028,2781,63,1.280,1,2129,0,221.107,3.777,58.625,-212.938,10.438,-0.234,0.219,1.266,0.031,-3.777,1.129,0.084,0.068,1.121,1.267,3,NULL,NULL,,3,0,2,7,255,942,250,0,0
stim,69148,99269,0,99269,3296564.454,-0.538,0.055,-0.048,0.840,0,0,2569,0,3103,0,3029,2741,63,1.280,1,2129,0,233.207,4.750,68.750,-222.750,6.438,-0.082,0.352,1.621,-1.117,-4.617,2.055,0.078,0.080,1.121,1.267,3,NULL,NULL,,3,0,2,7,255,942,250,0,0
stim,69148,99269,0,99269,3296569.456,-0.537,0.064,-0.052,0.840,0,0,2451,0,3100,8,3027,2677,63,1.280,1,2129,0,235.769,5.448,57.938,-228.000,15.688,-0.039,0.387,2.070,-2.723,-4.719,5.605,0.072,0.090,1.121,1.267,3,NULL,NULL,,3,0,2,7,255,942,250,0,0
stim,69148,99269,0,99269,3296574.454,-0.534,0.074,-0.056,0.840,0,0,2335,0,3081,59,3035,2611,63,1.280,1,2129,0,241.553,6.043,35.313,-236.125,36.688,-0.219,0.332,2.438,-2.723,-5.395,9.938,0.070,0.100,1.121,1.267,3,NULL,NULL,,3,0,2,7,255,942,250,0,0
stim,69148,99269,0,99269,3296579.455,-0.531,0.083,-0.062,0.841,0,0,2182,0,3061,71,3031,2531,63,1.280,1,2129,0,268.601,7.869,-6.500,-259.000,70.875,-0.566,0.273,2.664,-1.297,-7.762,13.113,0.068,0.112,1.121,1.267,3,NULL,NULL,,3,0,2,7,255,942,250,0,0
stim,69148,99269,0,99269,3296584.454,-0.527,0.092,-0.071,0.842,0,0,2003,0,3051,75,3004,2438,63,1.280,1,2129,0,301.343,11.503,-45.625,-288.125,75.563,-0.883,0.414,2.824,0.980,-11.461,14.453,0.068,0.126,1.121,1.267,3,NULL,NULL,,3,0,2,7,255,942,250,0,0
stim,69148,99269,0,99269,3296589.455,-0.524,0.102,-0.082,0.841,0,0,1867,0,3026,92,2986,2301,63,1.280,1,2129,0,334.718,15.757,-82.000,-320.750,49.313,-1.016,0.719,2.832,0.980,-15.727,14.453,0.068,0.140,1.121,1.267,3,NULL,NULL,,3,0,2,7,255,942,250,0,0
stim,69148,99269,0,99269,3296594.453,-0.522,0.112,-0.093,0.840,0,0,1723,0,2999,104,2955,2141,63,1.280,1,2129,0,365.592,18.857,-102.125,-350.688,15.688,-0.961,1.012,2.836,-0.582,-18.848,13.992,0.072,0.154,1.121,1.267,3,NULL,NULL,,3,0,2,7,255,942,250,0,0
stim,69148,99269,0,99269,3296599.455,-0.521,0.123,-0.107,0.838,0,0,1564,0,2965,111,2906,2011,63,1.280,1,2129,0,401.867,20.619,-123.813,-382.313,-2.188,-0.813,1.230,2.965,-3.234,-20.363,13.992,0.074,0.166,1.121,1.267,3,NULL,NULL,,3,0,2,7,255,942,250,0,0
stim,69148,99269,0,99269,3296604.453,-0.519,0.134,-0.122,0.835,0,0,1420,0,2923,111,2844,1889,63,1.280,1,2129,0,437.817,21.967,-158.000,-408.313,-0.563,-0.711,1.285,2.973,-5.609,-21.238,13.742,0.082,0.180,1.121,1.267,3,NULL,NULL,,3,0,2,7,255,942,250,0,0
stim,69172,99293,0,99293,3296609.455,-0.518,0.146,-0.138,0.832,0,0,1349,0,2858,116,2785,1749,63,1.280,1,2129,0,468.642,22.265,-183.125,-431.375,2.500,-0.773,1.059,2.918,-5.609,-21.547,13.742,0.092,0.196,1.121,1.267,3,NULL,NULL,,3,0,2,7,255,942,250,0,0
stim,69172,99293,0,99293,3296614.453,-0.515,0.158,-0.156,0.828,0,0,1197,0,2791,98,2685,1623,63,1.280,1,2129,0,499.529,22.251,-192.188,-461.000,8.500,-0.914,0.680,2.902,-4.238,-21.844,12.359,0.104,0.212,1.121,1.267,3,NULL,NULL,,3,0,2,7,255,942,250,0,0
stim,69172,99293,0,99293,3296619.455,-0.512,0.171,-0.174,0.824,0,0,1049,0,2711,71,2537,1485,63,1.280,1,2129,0,519.430,22.295,-193.688,-481.938,5.375,-1.020,0.648,2.820,-0.293,-22.293,11.156,0.120,0.228,1.121,1.267,3,NULL,NULL,,3,0,2,7,255,942,250,0,0
stim,69172,99293,0,99293,3296624.454,-0.510,0.185,-0.191,0.818,0,0,909,0,2584,61,2361,1316,63,1.280,1,2129,0,522.604,23.538,-175.500,-491.000,-35.125,-1.012,0.652,3.000,0.375,-23.535,9.441,0.142,0.250,1.121,1.267,3,NULL,NULL,,3,0,2,7,255,942,250,0,0
stim,69191,99312,0,99312,3296629.455,-0.509,0.200,-0.207,0.811,0,0,719,0,2419,19,2135,1155,63,1.280,1,2129,0,527.052,25.223,-153.500,-500.500,-61.000,-0.918,0.363,3.328,0.477,-25.219,9.441,0.166,0.278,1.121,1.267,3,NULL,NULL,,3,0,2,7,255,942,250,0,0
stim,69191,99312,0,99312,3296634.454,-0.506,0.214,-0.225,0.804,0,0,506,0,2205,0,1821,972,63,1.280,1,2129,0,553.774,25.402,-183.438,-521.000,-39.688,-0.781,-0.172,3.324,3.043,-25.219,11.914,0.200,0.316,1.121,1.267,3,NULL,NULL,,3,0,2,7,255,942,250,0,0
stim,69191,99312,0,99312,3296639.455,-0.502,0.227,-0.246,0.797,0,0,287,0,1919,0,1429,857,63,1.280,1,2129,0,591.046,25.283,-249.500,-535.688,11.125,-0.609,-0.469,2.680,7.348,-24.191,11.914,0.246,0.366,1.121,1.267,3,NULL,NULL,,3,0,2,7,255,942,250,0,0
stim,69191,99312,0,99312,3296644.453,-0.498,0.241,-0.266,0.790,0,0,219,0,1575,0,923,696,63,1.280,1,2129,0,593.732,20.924,-232.750,-545.938,17.250,-0.547,-0.555,1.777,8.480,-19.129,7.695,0.306,0.428,1.121,1.267,3,NULL,NULL,,3,0,2,7,255,942,250,0,0
stim,69215,99336,0,99336,3296649.455,-0.490,0.256,-0.283,0.783,0,0,105,0,1197,0,330,573,63,1.280,1,2129,0,576.431,15.877,-129.125,-560.813,33.000,-0.508,-0.363,1.410,8.480,-13.422,0.691,0.378,0.502,1.121,1.267,3,NULL,NULL,,3,0,2,7,255,942,250,0,0
stim,69215,99336,0,99336,3296654.454,-0.481,0.275,-0.296,0.778,0,0,85,0,727,0,5,471,63,1.280,1,2129,0,573.151,14.874,11.125,-570.313,55.875,-0.633,-0.008,1.891,6.410,-13.422,-1.809,0.460,0.584,1.121,1.267,3,NULL,NULL,,3,0,2,7,255,942,250,0,0
stim,69251,99372,0,99372,3296659.455,-0.467,0.294,-0.307,0.775,0,0,33,0,231,0,0,407,63,1.280,1,2129,0,600.991,18.207,80.875,-582.750,122.688,-1.152,0.246,2.551,5.684,-17.297,-2.719,0.550,0.674,1.121,1.267,3,NULL,NULL,,3,0,2,7,255,942,250,0,0
stim,69251,99372,0,99372,3296664.453,-0.454,0.311,-0.320,0.771,0,0,20,0,0,0,0,365,63,1.280,1,2129,0,587.726,26.500,-8.813,-567.813,151.438,-1.285,1.031,2.664,4.512,-26.113,-2.914,0.646,0.774,1.121,1.267,3,NULL,NULL,,3,0,2,7,255,942,250,0,0
stim,69251,99372,0,99372,3296669.455,-0.447,0.323,-0.337,0.763,0,0,20,0,0,0,0,291,63,1.280,1,2129,0,536.129,29.184,-172.250,-503.750,63.250,-0.910,1.789,2.363,-0.070,-29.184,-6.301,0.752,0.880,1.121,1.267,4,NULL,NULL,,3,0,2,7,255,942,250,0,0
stim,69251,99372,0,99372,3296674.454,-0.443,0.330,-0.357,0.753,0,0,16,0,0,0,0,175,63,1.280,1,2129,0,532.809,30.440,-326.375,-419.813,33.500,-0.598,2.219,1.805,-8.656,-29.184,-8.277,0.864,0.992,1.121,1.267,0,NULL,NULL,,3,0,2,7,255,942,250,0,0
stim,69251,99372,0,99372,3296679.455,-0.440,0.327,-0.383,0.744,0,0,20,0,0,0,0,115,63,1.280,1,2129,0,640.861,28.353,-532.750,-308.250,178.500,-1.070,2.156,0.785,-14.156,-24.566,-11.070,0.982,1.114,1.121,1.267,0,NULL,NULL,,3,0,2,7,255,942,250,0,0
stim,69251,99372,0,99372,3296684.453,-0.439,0.317,-0.409,0.734,0,0,13,0,0,0,0,40,63,1.280,1,2129,0,684.079,22.733,-632.563,-176.375,191.625,-0.648,2.266,-0.883,-14.879,-17.188,-20.996,1.102,1.234,1.121,1.267,0,NULL,NULL,,3,0,2,7,255,942,250,0,0
stim,69269,99390,0,99390,3296689.455,-0.441,0.312,-0.421,0.729,0,0,9,0,0,0,0,43,63,1.280,1,2129,0,311.702,14.163,-300.063,-68.250,49.625,-0.738,0.465,-1.379,-14.156,-0.422,-23.359,1.216,1.352,1.121,1.267,0,NULL,NULL,,3,0,2,7,255,942,250,0,0
stim,69269,99390,0,99390,3296694.454,-0.440,0.314,-0.418,0.730,0,0,5,0,0,0,0,55,63,1.280,1,2129,0,81.583,1.991,81.313,-6.313,-2.063,-1.070,-1.332,0.254,-1.945,-0.422,-23.359,1.324,1.464,1.121,1.267,0,NULL,NULL,,3,0,2,7,255,942,250,0,0
stim,69269,99390,0,99390,3296699.455,-0.440,0.314,-0.415,0.732,0,0,5,0,0,0,0,53,63,1.280,1,2129,0,92.550,16.618,73.500,55.813,-6.938,-1.379,-1.500,2.051,16.305,-3.211,-12.820,1.428,1.570,1.121,1.267,0,NULL,NULL,,3,0,2,7,255,942,250,0,0
stim,69269,99390,0,99390,3296704.453,-0.445,0.307,-0.417,0.731,0,0,4,0,0,0,0,23,63,1.280,1,2129,0,198.134,25.520,-151.938,126.625,-11.750,-1.313,-0.145,1.867,16.305,-19.633,-11.520,1.528,1.674,1.121,1.267,0,NULL,NULL,,3,0,2,7,255,942,250,0,0
stim,69269,99390,0,99390,3296709.455,-0.452,0.296,-0.421,0.729,0,0,3,0,0,0,0,18,63,1.280,1,2129,0,317.329,21.001,-257.688,185.188,0.625,-1.066,1.508,0.449,7.457,-19.633,-11.520,1.630,1.778,1.121,1.267,0,NULL,NULL,,3,0,2,7,255,942,250,0,0
stim,69269,99390,1,99390,3296714.454,-0.457,0.286,-0.423,0.729,0,0,5,0,0,0,0,17,63,1.280,1,2129,0,266.044,14.544,-163.375,206.938,35.563,-1.031,2.164,-0.227,-9.078,-11.363,-21.625,1.734,1.886,1.121,1.267,0,NULL,NULL,,3,1,2,7,255,942,250,0,0
stim,69269,99390,1,99390,3296719.455,-0.460,0.278,-0.420,0.732,0,0,3,0,0,0,0,11,63,1.280,1,2129,0,216.301,13.242,-22.688,210.375,44.875,-1.246,1.582,0.133,-9.078,-9.641,-24.672,1.844,1.996,1.121,1.267,0,NULL,NULL,,3,1,2,7,255,942,250,0,0
stim,69269,99390,1,99390,3296724.454,-0.463,0.271,-0.415,0.735,0,0,0,0,0,0,0,0,63,1.280,1,2129,0,217.175,13.183,6.750,215.500,26.063,-1.324,0.348,0.746,-8.992,-9.641,-24.672,1.952,2.106,1.121,1.267,0,NULL,NULL,,3,1,2,7,255,942,250,0,0
stim,69288,99409,1,99409,3296729.455,-0.467,0.262,-0.413,0.737,0,0,0,0,0,0,0,0,63,1.280,1,2129,0,231.959,12.169,-57.875,224.250,12.938,-1.184,-0.094,0.781,2.219,-11.965,-17.605,2.056,2.210,1.121,1.267,0,NULL,NULL,,3,1,2,7,255,942,250,0,0
stim,69288,99409,1,99409,3296734.453,-0.472,0.252,-0.411,0.737,0,0,0,0,0,0,0,0,63,1.280,1,2129,0,254.267,12.169,-104.313,231.375,15.375,-0.930,0.180,0.191,2.219,-11.965,-16.465,2.144,2.300,1.121,1.267,0,NULL,NULL,,3,1,2,7,255,942,250,0,0
stim,69288,99409,1,99409,3296739.455,-0.477,0.243,-0.409,0.739,0,0,0,0,0,0,0,0,63,1.280,1,2129,0,248.620,6.785,-71.813,236.188,29.500,-0.770,0.633,-0.301,2.121,-6.445,-16.465,2.218,2.372,1.121,1.267,0,NULL,NULL,,3,1,2,7,255,942,250,0,0
stim,69288,99409,1,99409,3296744.454,-0.480,0.234,-0.405,0.742,0,0,0,0,0,0,0,0,63,1.280,1,2129,0,247.943,3.428,-7.313,244.688,39.375,-0.742,0.805,-0.344,-2.281,-2.559,-19.453,2.280,2.436,1.121,1.267,0,NULL,NULL,,3,1,2,7,255,942,250,0,0
stim,69316,99437,1,99437,3296749.455,-0.483,0.226,-0.398,0.746,0,0,0,0,0,0,0,0,63,1.280,1,2129,0,264.394,3.428,36.375,258.125,44.188,-0.652,0.535,-0.223,-2.281,-2.559,-19.453,2.346,2.502,1.121,1.267,0,NULL,NULL,,3,1,2,7,255,942,250,0,0
stim,69316,99437,1,99437,3296754.453,-0.486,0.217,-0.391,0.751,0,0,0,0,0,0,0,0,63,1.280,1,2129,0,282.207,3.352,53.375,272.250,51.688,-0.742,0.434,-0.035,-1.895,-2.766,-17.742,2.424,2.582,1.121,1.267,0,NULL,NULL,,3,1,2,7,255,942,250,0,0
stim,69316,99437,1,99437,3296759.455,-0.489,0.209,-0.383,0.755,0,0,0,0,0,0,0,0,63,1.280,1,2129,0,299.271,4.498,64.750,288.813,44.250,-0.695,0.332,-0.031,-0.738,-4.438,-16.813,2.508,2.668,1.121,1.267,0,NULL,NULL,,3,1,2,7,255,942,250,0,0
stim,69316,99437,1,99437,3296764.454,-0.492,0.200,-0.374,0.760,0,0,0,0,0,0,0,0,63,1.280,1,2129,0,318.426,4.707,90.938,302.313,41.625,-0.652,0.305,0.047,-0.016,-4.707,-15.980,2.588,2.750,1.121,1.267,0,NULL,NULL,,3,1,2,7,255,942,250,0,0
stim,69349,99470,1,99470,3296769.455,-0.495,0.191,-0.364,0.765,0,0,0,0,0,0,0,0,63,1.280,1,2129,0,337.000,4.887,111.875,314.688,45.000,-0.590,0.402,0.230,-0.016,-4.887,-14.992,2.664,2.828,1.121,1.267,0,NULL,NULL,,3,1,2,7,255,942,250,0,0
stim,69349,99470,1,99470,3296774.454,-0.498,0.182,-0.353,0.771,0,0,0,0,0,0,0,0,63,1.280,1,2129,0,350.747,6.369,120.375,325.938,47.938,-0.590,0.469,0.387,-1.301,-6.234,-13.637,2.736,2.900,1.121,1.267,0,NULL,NULL,,3,1,2,7,255,942,250,0,0
stim,69349,99470,1,99470,3296779.455,-0.501,0.173,-0.341,0.776,0,0,0,0,0,0,0,0,63,1.280,1,2129,0,364.567,7.848,131.688,336.000,51.688,-0.613,0.449,0.555,-1.922,-7.609,-12.672,2.804,2.968,1.121,1.267,0,NULL,NULL,,3,1,2,7,255,942,250,0,0
stim,69349,99470,1,99470,3296784.454,-0.504,0.164,-0.330,0.781,0,0,0,0,0,0,0,0,63,1.280,1,2129,0,370.530,9.214,127.500,345.500,40.813,-0.586,0.445,0.676,-2.063,-8.980,-11.371,2.864,3.030,1.121,1.267,0,NULL,NULL,,3,1,2,7,255,942,250,0,0
stim,69349,99470,1,99470,3296789.455,-0.507,0.154,-0.318,0.786,0,0,0,0,0,0,0,0,63,1.280,1,2129,0,379.464,9.463,133.063,353.125,39.875,-0.496,0.324,0.766,-1.922,-9.266,-10.059,2.914,3.082,1.121,1.267,0,NULL,NULL,,3,1,2,7,255,942,250,0,0
stim,69349,99470,1,99470,3296794.453,-0.510,0.144,-0.305,0.791,0,0,0,0,0,0,0,0,63,1.280,1,2129,0,384.612,9.867,130.188,360.188,35.250,-0.473,0.371,0.867,-2.156,-9.629,-8.156,2.950,3.120,1.121,1.267,0,NULL,NULL,,3,1,2,7,255,942,250,0,0
stim,69349,99470,1,99470,3296799.455,-0.514,0.134,-0.293,0.795,0,0,0,0,0,0,0,0,63,1.280,1,2129,0,389.376,10.074,126.438,367.063,29.875,-0.441,0.441,0.980,-2.246,-9.820,-7.160,2.978,3.148,1.121,1.267,0,NULL,NULL,,3,1,2,7,255,942,250,0,0
stim,69349,99470,1,99470,3296804.454,-0.517,0.124,-0.280,0.799,0,0,0,0,0,0,0,0,63,1.280,1,2129,0,391.472,10.349,116.188,373.438,17.188,-0.402,0.355,1.035,-2.695,-9.992,-6.043,2.998,3.170,1.121,1.267,0,NULL,NULL,,3,1,2,7,255,942,250,0,0
stim,69371,99492,1,99492,3296809.455,-0.521,0.113,-0.268,0.802,0,0,0,0,0,0,0,0,63,1.280,1,2129,0,395.618,10.349,114.313,378.375,16.688,-0.320,0.273,1.066,-2.695,-9.992,-4.809,3.018,3.192,1.121,1.267,0,NULL,NULL,,3,1,2,7,255,942,250,0,0
stim,69371,99492,1,99492,3296814.454,-0.525,0.102,-0.255,0.806,0,0,0,0,0,0,0,0,63,1.280,1,2129,0,397.412,9.441,107.688,382.188,16.500,-0.340,0.215,1.070,-2.453,-9.117,-3.590,3.038,3.212,1.121,1.267,0,NULL,NULL,,3,1,2,7,255,942,250,0,0
stim,69371,99492,1,99492,3296819.455,-0.529,0.091,-0.243,0.808,0,0,0,0,0,0,0,0,63,1.280,1,2129,0,400.685,9.133,107.000,385.938,12.313,-0.355,0.227,1.078,-2.055,-8.898,-3.133,3.060,3.234,1.121,1.267,0,NULL,NULL,,3,1,2,7,255,942,250,0,0
stim,69371,99492,1,99492,3296824.454,-0.532,0.080,-0.230,0.811,0,0,0,0,0,0,0,0,63,1.280,1,2129,0,402.007,9.033,109.000,386.938,2.813,-0.332,0.191,1.066,-1.930,-8.824,-2.887,3.084,3.260,1.121,1.267,0,NULL,NULL,,3,1,2,7,255,942,250,0,0
stim,69397,99518,1,99518,3296829.455,-0.536,0.069,-0.217,0.813,0,0,0,0,0,0,0,0,63,1.280,1,2129,0,403.849,8.472,113.500,387.563,2.688,-0.273,0.234,1.055,-2.055,-8.219,-2.492,3.112,3.290,1.121,1.267,0,NULL,NULL,,3,1,2,7,255,942,250,0,0
stim,69397,99518,1,99518,3296834.453,-0.540,0.058,-0.203,0.815,0,0,0,0,0,0,0,0,63,1.280,1,2129,0,405.703,7.969,123.125,386.563,2.125,-0.262,0.211,1.086,-2.512,-7.563,-2.250,3.146,3.324,1.121,1.267,0,NULL,NULL,,3,1,2,7,255,942,250,0,0
stim,69397,99518,1,99518,3296839.455,-0.543,0.048,-0.189,0.817,0,0,0,0,0,0,0,0,63,1.280,1,2129,0,405.820,7.662,132.188,383.688,0.375,-0.215,0.215,1.133,-2.578,-7.215,-1.637,3.184,3.362,1.121,1.267,0,NULL,NULL,,3,1,2,7,255,942,250,0,0
stim,69397,99518,1,99518,3296844.453,-0.546,0.038,-0.175,0.818,0,0,0,0,0,0,0,0,63,1.280,1,2129,0,405.843,7.245,144.625,379.188,3.063,-0.176,0.168,1.199,-2.758,-6.699,-0.844,3.222,3.404,1.121,1.267,0,NULL,NULL,,3,1,2,7,255,942,250,0,0
stim,69397,99518,1,99518,3296849.455,-0.549,0.028,-0.161,0.820,0,0,0,0,0,0,0,0,63,1.280,1,2129,0,405.566,6.743,153.500,375.375,3.875,-0.141,0.164,1.262,-2.871,-6.102,0.191,3.262,3.446,1.121,1.267,0,NULL,NULL,,3,1,2,7,255,942,250,0,0
stim,69397,99518,1,99518,3296854.454,-0.552,0.019,-0.146,0.821,0,0,0,0,0,0,0,0,63,1.280,1,2129,0,404.375,6.322,161.625,370.625,5.813,-0.090,0.230,1.320,-2.969,-5.582,1.074,3.306,3.490,1.121,1.267,0,NULL,NULL,,3,1,2,7,255,942,250,0,0
stim,69449,99570,1,99570,3296859.455,-0.554,0.010,-0.131,0.822,0,0,0,0,0,0,0,0,63,1.280,1,2129,0,406.418,6.424,175.375,366.313,15.313,-0.059,0.270,1.410,-3.863,-5.133,1.730,3.348,3.532,1.121,1.267,0,NULL,NULL,,3,1,2,7,255,942,250,0,0
stim,69449,99570,1,99570,3296864.453,-0.555,0.001,-0.115,0.824,0,0,0,0,0,0,0,1,63,1.280,1,2129,0,407.711,6.635,188.813,360.563,23.938,-0.094,0.270,1.559,-4.441,-4.930,2.723,3.390,3.576,1.121,1.267,0,NULL,NULL,,3,1,2,7,255,942,250,0,0
stim,69449,99570,1,99570,3296869.455,-0.556,-0.007,-0.100,0.825,0,0,0,0,0,0,0,0,63,1.280,1,2129,0,407.434,6.685,196.875,355.688,27.000,-0.145,0.277,1.734,-4.516,-4.930,4.262,3.432,3.620,1.121,1.267,0,NULL,NULL,,3,1,2,7,255,942,250,0,0
stim,69449,99570,1,99570,3296874.454,-0.557,-0.015,-0.084,0.826,0,0,0,0,0,0,0,0,63,1.280,1,2129,0,404.942,6.741,201.250,350.250,28.313,-0.152,0.281,1.902,-4.598,-4.930,6.078,3.474,3.662,1.121,1.267,0,NULL,NULL,,3,1,2,7,255,942,250,0,0
stim,69449,99570,1,99570,3296879.455,-0.558,-0.022,-0.068,0.827,0,0,0,0,0,0,0,0,63,1.280,1,2129,0,401.085,6.845,202.813,344.813,29.000,-0.141,0.297,2.039,-4.781,-4.898,7.859,3.514,3.706,1.121,1.267,0,NULL,NULL,,3,1,2,7,255,942,250,0,0
stim,69449,99570,1,99570,3296884.453,-0.558,-0.030,-0.052,0.828,0,0,0,0,0,0,0,0,63,1.280,1,2129,0,398.169,6.699,205.813,339.750,27.375,-0.117,0.301,2.176,-5.070,-4.379,9.344,3.554,3.746,1.121,1.267,0,NULL,NULL,,3,1,2,7,255,942,250,0,0
stim,69449,99570,1,99570,3296889.455,-0.559,-0.037,-0.036,0.828,0,0,0,0,0,0,0,0,63,1.280,1,2129,0,396.175,6.201,207.250,336.875,22.750,-0.070,0.230,2.301,-5.070,-3.570,10.816,3.592,3.786,1.121,1.267,0,NULL,NULL,,3,1,2,7,255,942,250,0,0
stim,69449,99570,1,99570,3296894.454,-0.559,-0.044,-0.021,0.828,0,0,0,0,0,0,0,0,63,1.280,1,2129,0,394.459,5.329,204.750,336.625,18.938,-0.008,0.141,2.359,-4.840,-2.230,12.246,3.628,3.822,1.121,1.267,0,NULL,NULL,,3,1,2,7,255,942,250,0,0
stim,69449,99570,1,99570,3296899.455,-0.560,-0.051,-0.005,0.827,0,0,0,0,0,0,0,0,63,1.280,1,2129,0,393.997,4.251,202.500,337.625,15.375,0.063,0.070,2.332,-4.215,-0.551,12.758,3.662,3.858,1.121,1.267,0,NULL,NULL,,3,1,2,7,255,942,250,0,0
stim,69449,99570,1,99570,3296904.453,-0.560,-0.058,0.011,0.826,0,0,0,0,0,0,0,0,63,1.280,1,2129,0,397.805,3.818,208.625,338.500,11.938,0.137,-0.051,2.246,-3.648,1.125,12.758,3.694,3.890,1.121,1.267,0,NULL,NULL,,3,1,2,7,255,942,250,0,0
stim,69468,99589,1,99589,3296909.455,-0.561,-0.064,0.027,0.825,0,0,0,0,0,0,0,0,63,1.280,1,2129,0,406.328,3.924,225.938,337.625,8.000,0.227,-0.195,2.180,-2.605,2.934,11.902,3.724,3.922,1.121,1.267,0,NULL,NULL,,3,1,2,7,255,942,250,0,0
stim,69468,99589,1,99589,3296914.454,-0.561,-0.070,0.044,0.824,0,0,0,0,0,0,0,0,63,1.280,1,2129,0,418.480,5.123,251.375,334.563,2.063,0.359,-0.320,2.188,-1.367,4.938,11.137,3.754,3.954,1.121,1.267,0,NULL,NULL,,3,1,2,7,255,942,250,0,0
stim,69468,99589,1,99589,3296919.455,-0.562,-0.075,0.062,0.822,0,0,0,0,0,0,0,0,63,1.280,1,2129,0,432.659,7.363,280.750,329.188,-2.938,0.555,-0.395,2.273,-0.469,7.348,11.039,3.784,3.986,1.121,1.267,0,NULL,NULL,,3,1,2,7,255,942,250,0,0
stim,69468,99589,1,99589,3296924.454,-0.562,-0.079,0.081,0.819,0,0,0,0,0,0,0,0,63,1.280,1,2129,0,448.052,10.241,311.375,322.125,-5.625,0.781,-0.426,2.375,-0.469,10.230,11.039,3.816,4.016,1.121,1.267,0,NULL,NULL,,3,1,2,7,255,942,250,0,0
stim,69498,99619,1,99619,3296929.455,-0.563,-0.082,0.101,0.816,0,0,0,0,0,0,0,0,63,1.280,1,2129,0,464.126,13.328,342.250,313.438,-5.938,0.977,-0.477,2.508,-0.320,13.324,11.152,3.846,4.048,1.121,1.267,0,NULL,NULL,,3,1,2,7,255,942,250,0,0
stim,69498,99619,1,99619,3296934.454,-0.563,-0.084,0.121,0.813,0,0,0,0,0,0,0,0,63,1.280,1,2129,0,472.578,16.277,362.688,302.938,-4.125,1.113,-0.535,2.645,-0.320,16.273,11.398,3.874,4.076,1.121,1.267,0,NULL,NULL,,3,1,2,7,255,942,250,0,0
stim,69498,99619,1,99619,3296939.455,-0.563,-0.085,0.142,0.810,0,0,0,0,0,0,0,0,63,1.280,1,2129,0,474.146,18.822,374.000,291.438,-1.500,1.191,-0.578,2.750,0.223,18.820,11.703,3.898,4.102,1.121,1.267,0,NULL,NULL,,3,1,2,7,255,942,250,0,0
stim,69498,99619,1,99619,3296944.453,-0.563,-0.085,0.162,0.806,0,0,0,0,0,0,0,0,63,1.280,1,2129,0,479.523,20.723,390.188,278.500,-11.563,1.293,-0.559,2.910,0.910,20.703,11.703,3.918,4.122,1.121,1.267,0,NULL,NULL,,3,1,2,7,255,942,250,0,0
stim,69499,99620,1,99620,3296949.455,-0.564,-0.085,0.183,0.801,0,0,0,0,0,0,0,0,63,1.280,1,2129,0,481.038,22.830,397.125,269.375,-33.563,1.430,-0.516,3.141,0.996,22.809,12.133,3.930,4.136,1.121,1.267,0,NULL,NULL,,3,1,2,7,255,942,250,0,0
stim,69499,99620,1,99620,3296954.454,-0.566,-0.085,0.203,0.794,0,0,0,0,0,0,0,0,63,1.280,1,2129,0,478.853,25.418,394.563,264.313,-61.313,1.660,-0.348,3.504,0.996,25.398,12.988,3.936,4.142,1.121,1.267,0,NULL,NULL,,3,1,2,7,255,942,250,0,0
stim,69547,99668,1,99668,3296959.455,-0.569,-0.086,0.221,0.788,0,0,0,0,0,0,0,24,63,1.280,1,2129,0,459.219,29.099,364.938,262.625,-93.438,2.039,-0.125,3.828,-0.281,29.098,14.820,3.932,4.140,1.121,1.267,0,NULL,NULL,,3,1,2,7,255,942,250,0,0
stim,69547,99668,0,99668,3296964.453,-0.571,-0.089,0.237,0.781,0,0,0,0,0,0,0,51,63,1.280,1,2129,0,411.388,33.975,296.875,259.563,-117.188,2.512,-0.039,3.945,-2.449,33.887,14.820,3.920,4.130,1.121,1.267,0,NULL,NULL,,3,0,2,7,255,943,250,0,0
stim,69547,99668,0,99668,3296969.455,-0.574,-0.093,0.250,0.774,0,0,0,0,0,0,0,59,63,1.280,1,2129,0,346.058,39.115,202.500,253.938,-119.438,2.980,-0.141,3.699,-3.887,38.922,14.012,3.898,4.108,1.121,1.267,0,NULL,NULL,,3,0,2,7,255,943,250,0,0
stim,69547,99668,0,99668,3296974.454,-0.576,-0.100,0.259,0.769,0,0,0,0,0,0,0,83,63,1.280,1,2129,0,293.020,42.724,116.063,245.875,-109.250,3.371,-0.355,3.148,-3.887,42.547,8.621,3.864,4.076,1.121,1.267,0,NULL,NULL,,3,0,2,7,255,943,250,0,0
stim,69547,99668,0,99668,3296979.455,-0.577,-0.107,0.267,0.765,0,0,0,0,0,0,0,153,63,1.280,1,2129,0,261.008,44.071,62.438,233.188,-99.250,3.715,-0.602,2.500,-3.719,43.914,0.676,3.814,4.028,1.121,1.267,0,NULL,NULL,,3,0,2,7,255,943,250,0,0
stim,69547,99668,0,99668,3296984.453,-0.578,-0.114,0.273,0.761,0,0,0,0,0,0,0,197,63,1.280,1,2129,0,236.083,44.190,40.750,214.938,-88.750,4.078,-0.824,1.891,-3.086,44.082,-7.891,3.752,3.966,1.121,1.267,0,NULL,NULL,,3,0,2,7,255,943,250,0,0
stim,69570,99691,0,99691,3296989.455,-0.578,-0.121,0.279,0.757,0,0,0,0,0,0,0,240,63,1.280,1,2129,0,207.874,44.300,40.250,189.375,-75.688,4.484,-1.086,1.320,-2.609,44.223,-16.063,3.674,3.892,1.121,1.267,0,NULL,NULL,,3,0,2,7,255,943,250,0,0
stim,69570,99691,0,99691,3296994.454,-0.579,-0.125,0.284,0.754,0,0,0,0,0,0,0,262,63,1.280,1,2129,0,177.598,44.789,63.438,157.375,-52.438,4.836,-1.527,0.855,-1.879,44.750,-24.113,3.582,3.800,1.121,1.267,0,NULL,NULL,,3,0,2,7,255,943,250,0,0
stim,69570,99691,0,99691,3296999.455,-0.578,-0.126,0.291,0.752,0,0,0,0,0,0,0,261,63,1.280,1,2129,0,172.440,45.493,121.625,121.688,-11.625,4.930,-2.086,0.613,0.867,45.484,-31.414,3.474,3.694,1.121,1.267,0,NULL,NULL,,3,0,2,7,255,943,250,0,0
stim,69570,99691,0,99691,3297004.453,-0.577,-0.123,0.301,0.749,0,0,0,0,0,0,0,237,63,1.280,1,2129,0,247.651,45.816,230.125,84.313,35.563,4.410,-2.273,0.738,5.500,45.484,-33.387,3.352,3.572,1.121,1.267,0,NULL,NULL,,3,0,2,7,255,943,250,0,0
stim,69570,99691,0,99691,3297009.455,-0.577,-0.114,0.313,0.746,0,0,0,0,0,0,0,201,63,1.280,1,2129,0,340.543,46.372,333.063,28.813,64.875,4.695,-2.543,1.586,8.789,45.531,-33.387,3.210,3.432,1.121,1.267,0,NULL,NULL,,3,0,2,7,255,943,250,0,0
stim,69570,99691,0,99691,3297014.454,-0.573,-0.103,0.325,0.746,0,0,0,0,0,0,0,176,63,1.280,1,2129,0,380.893,50.749,339.875,-18.563,170.938,4.121,-2.281,2.715,11.578,49.410,-29.852,3.050,3.274,1.121,1.267,0,NULL,NULL,,3,0,2,7,255,943,250,0,0
stim,69570,99691,0,99691,3297019.455,-0.571,-0.093,0.333,0.745,0,0,0,0,0,0,0,245,63,1.280,1,2129,0,303.114,50.749,270.875,-54.813,124.500,2.121,-0.320,3.387,11.578,49.410,-18.000,2.874,3.096,1.121,1.267,0,NULL,NULL,,3,0,2,7,255,943,250,0,0
stim,69570,99691,0,99691,3297024.454,-0.572,-0.080,0.339,0.742,140,0,0,485,0,73,0,394,63,1.280,1,2129,0,335.904,39.692,299.750,-145.625,42.125,0.828,-0.289,5.332,12.418,37.699,3.910,2.682,2.906,1.121,1.267,0,NULL,NULL,,3,0,2,7,255,943,250,0,0
stim,69589,99710,0,99710,3297029.455,-0.568,-0.051,0.350,0.743,892,0,0,1269,0,333,0,466,63,1.280,1,2129,0,709.012,39.692,550.438,-314.438,317.563,2.172,0.594,10.430,12.418,37.699,25.215,2.480,2.700,1.121,1.267,0,NULL,NULL,,3,0,2,7,255,943,250,0,0
stim,69589,99710,0,99710,3297034.454,-0.557,-0.061,0.323,0.763,1493,0,0,1721,0,562,0,557,63,1.280,1,2129,0,832.181,39.692,-752.813,-137.813,326.813,-0.004,1.316,5.906,12.418,37.699,41.484,2.268,2.486,1.121,1.267,0,NULL,NULL,,3,0,2,7,255,943,250,0,0
stim,69589,99710,0,99710,3297039.455,-0.542,-0.080,0.275,0.790,1943,0,0,1959,0,911,0,615,63,1.280,1,2130,0,1377.664,29.730,-1301.188,-220.000,395.563,-0.148,4.070,0.176,2.199,29.648,41.484,2.052,2.266,1.121,1.267,1,928.000,-15.000,,3,0,2,7,255,943,250,0,0
stim,69589,99710,0,99710,3297044.453,-0.529,-0.090,0.243,0.808,2172,0,0,2120,0,1139,0,657,63,1.280,1,2130,0,929.371,23.884,-848.375,-169.125,339.688,-2.133,3.082,-3.074,-20.988,-11.398,5.121,1.832,2.044,1.121,1.267,1,NULL,NULL,,3,0,2,7,255,943,250,0,0
stim,69620,99741,0,99741,3297049.455,-0.524,-0.091,0.230,0.815,2419,0,0,2249,0,1339,0,759,63,1.280,1,2130,0,363.021,40.590,-306.875,-126.938,146.625,-2.809,0.676,-2.203,-20.988,-34.742,-16.492,1.614,1.820,1.121,1.267,1,NULL,NULL,,3,0,2,7,255,943,250,0,0
stim,69620,99741,0,99741,3297054.453,-0.527,-0.085,0.228,0.814,2540,0,0,2324,0,1485,0,855,63,1.280,1,2130,0,170.346,34.901,41.313,-151.125,-66.875,-1.145,0.223,0.770,3.328,-34.742,-16.492,1.394,1.592,1.121,1.267,1,NULL,NULL,,3,0,2,7,255,943,250,0,0
stim,69620,99741,0,99741,3297059.455,-0.529,-0.081,0.228,0.813,2693,0,0,2521,0,1619,0,920,63,1.280,1,2130,0,119.908,7.414,63.500,-98.688,-24.625,0.805,2.266,2.035,3.328,-6.625,1.695,1.170,1.358,1.121,1.267,2,NULL,NULL,,3,0,2,7,255,943,250,0,0
stim,69620,99741,0,99741,3297064.454,-0.525,-0.078,0.223,0.818,2815,0,0,2688,0,1695,0,1041,63,1.280,1,2130,0,203.758,22.107,-92.313,-100.313,151.438,0.355,2.527,2.250,-21.840,3.426,10.746,0.944,1.124,1.121,1.267,2,NULL,NULL,,3,0,2,7,255,943,250,0,0
stim,69651,99772,0,99772,3297069.455,-0.514,-0.077,0.209,0.828,2917,0,0,2811,0,1769,0,1163,63,1.280,1,2130,0,457.220,22.107,-313.375,-163.875,289.813,-1.750,-0.434,1.328,-21.840,3.426,10.746,0.726,0.890,1.121,1.267,2,NULL,NULL,,3,0,2,7,255,943,250,0,0
stim,69651,99772,0,99772,3297074.454,-0.510,-0.079,0.192,0.835,2975,0,0,2909,0,1821,0,1271,63,1.280,1,2130,0,442.045,14.215,-396.938,-165.188,102.750,-2.270,-1.754,-0.320,12.336,-7.063,6.898,0.526,0.658,1.121,1.267,2,NULL,NULL,,3,0,2,7,255,943,250,0,0
stim,69651,99772,0,99772,3297079.455,-0.514,-0.077,0.180,0.835,3007,0,0,2969,0,1845,0,1399,63,1.280,1,2130,0,273.483,20.308,-187.938,-185.000,-72.438,-1.355,-1.480,-0.824,18.664,-8.004,-9.039,0.376,0.442,1.121,1.267,2,NULL,NULL,,3,0,2,7,255,943,250,0,0
stim,69651,99772,0,99772,3297084.454,-0.520,-0.071,0.176,0.833,3040,0,0,3032,0,1903,0,1478,63,1.280,1,2130,0,232.914,20.308,13.313,-181.438,-145.438,-0.105,-0.863,0.672,18.664,-8.004,-9.039,0.338,0.292,1.121,1.267,2,NULL,NULL,,3,0,2,7,255,943,250,0,0
stim,69651,99772,0,99772,3297089.455,-0.526,-0.065,0.172,0.830,3081,0,0,3077,0,1959,0,1527,63,1.280,1,2130,0,207.744,9.508,17.250,-170.063,-118.063,0.762,-0.609,1.785,8.184,4.840,-4.961,0.376,0.254,1.121,1.267,2,NULL,NULL,,3,0,2,7,255,943,250,0,0
stim,69651,99772,0,99772,3297094.453,-0.527,-0.061,0.166,0.831,3091,0,0,3111,0,2012,0,1581,63,1.280,1,2130,0,165.502,15.292,-72.750,-147.500,-18.500,0.965,-0.863,1.918,4.242,14.691,3.320,0.414,0.284,1.121,1.267,2,NULL,NULL,,3,0,2,7,255,943,250,0,0
stim,69651,99772,0,99772,3297099.455,-0.525,-0.060,0.158,0.834,3109,0,0,3179,0,2087,0,1620,63,1.280,1,2130,0,223.209,17.726,-163.813,-137.563,63.750,0.781,-1.402,1.656,4.242,17.211,3.320,0.430,0.332,1.121,1.267,2,NULL,NULL,,3,0,2,7,255,943,250,0,0
stim,69651,99772,0,99772,3297104.454,-0.520,-0.059,0.148,0.839,3109,0,0,3160,0,2149,1,1663,63,1.280,1,2130,0,270.118,19.646,-195.563,-125.750,137.500,0.246,-1.496,0.855,9.473,17.211,1.207,0.448,0.384,1.121,1.267,2,NULL,NULL,,3,0,2,7,255,943,250,0,0
stim,69671,99792,0,99792,3297109.455,-0.516,-0.057,0.140,0.843,3115,0,0,3175,0,2201,35,1709,63,1.280,1,2130,0,236.879,14.347,-146.750,-129.438,133.500,-0.578,-0.797,0.535,9.555,10.703,-4.578,0.478,0.434,1.121,1.267,2,NULL,NULL,,3,0,2,7,255,943,250,0,0
stim,69671,99792,0,99792,3297114.454,-0.514,-0.053,0.135,0.846,3119,0,0,3180,0,2263,41,1772,63,1.280,1,2130,0,167.568,9.555,-68.625,-136.000,69.813,-0.520,0.020,0.609,9.555,-0.023,-4.578,0.500,0.478,1.121,1.267,2,NULL,NULL,,3,0,2,7,255,943,250,0,0
stim,69671,99792,0,99792,3297119.455,-0.513,-0.048,0.130,0.847,3095,0,0,3195,0,2335,147,1931,63,1.280,1,2130,0,146.612,2.419,-43.500,-137.563,26.063,-0.340,0.262,1.238,2.230,-0.938,-2.867,0.504,0.508,1.121,1.267,2,NULL,NULL,,3,0,2,7,255,943,250,0,0
stim,69671,99792,0,99792,3297124.454,-0.513,-0.045,0.125,0.848,3125,0,0,3193,143,2367,283,2056,63,1.280,1,2130,0,139.341,1.063,-67.000,-122.063,5.250,-0.008,0.223,1.691,-0.500,-0.938,2.988,0.492,0.522,1.121,1.267,2,NULL,NULL,,3,0,2,7,255,943,250,0,0
stim,69700,99821,0,99821,3297129.455,-0.515,-0.044,0.121,0.848,3125,0,0,3196,483,2408,242,2152,63,1.280,1,2130,0,91.173,3.343,-57.313,-66.188,-25.438,0.469,0.129,1.723,-1.574,2.949,5.820,0.462,0.518,1.121,1.267,2,NULL,NULL,,3,0,2,7,255,943,250,0,0
stim,69700,99821,0,99821,3297134.453,-0.515,-0.043,0.118,0.848,3087,0,0,3197,711,2431,247,2215,63,1.280,1,2130,0,75.050,7.237,-55.500,-50.500,1.438,0.734,0.461,1.082,-2.992,6.590,5.820,0.420,0.484,1.121,1.267,2,NULL,NULL,,3,0,2,7,255,943,250,0,0
stim,69700,99821,0,99821,3297139.455,-0.515,-0.043,0.116,0.848,3124,0,0,3197,921,2451,277,2275,63,1.280,1,2130,0,53.844,7.895,-33.688,-42.000,-0.563,0.063,0.492,1.602,-4.348,6.590,5.820,0.362,0.422,1.121,1.267,2,NULL,NULL,,3,0,2,7,255,943,250,0,0
stim,69700,99821,0,99821,3297144.454,-0.516,-0.044,0.112,0.848,3124,0,0,3195,1069,2461,279,2331,63,1.280,1,2130,0,107.312,5.352,-100.313,-20.813,-31.938,-0.047,-0.129,1.379,-4.348,3.121,3.313,0.304,0.340,1.121,1.267,2,NULL,NULL,,3,0,2,7,255,943,250,0,0
stim,69700,99821,0,99821,3297149.455,-0.516,-0.046,0.107,0.849,3101,0,0,3196,1209,2476,277,2373,63,1.280,1,2130,0,106.165,2.890,-104.000,-17.375,-12.375,0.023,-0.254,0.602,1.402,2.527,3.313,0.258,0.256,1.121,1.267,2,NULL,NULL,,3,0,2,7,255,943,250,0,0
stim,69700,99821,0,99821,3297154.453,-0.517,-0.046,0.105,0.848,3123,0,0,3211,1305,2489,275,2406,63,1.280,1,2130,0,58.392,3.240,-47.625,-19.000,-27.938,-0.281,-0.160,0.770,2.027,2.527,-2.082,0.232,0.198,1.121,1.267,2,NULL,NULL,,3,0,2,7,255,943,250,0,0
stim,69746,99867,0,99867,3297159.455,-0.519,-0.046,0.104,0.847,3119,13,0,3193,1399,2492,287,2429,63,1.280,1,2130,0,56.168,2.550,-2.063,-15.750,-53.875,-0.020,0.023,0.902,2.027,1.547,-2.082,0.216,0.172,1.121,1.267,2,NULL,NULL,,3,0,2,7,255,943,250,0,0
stim,69746,99867,0,99867,3297164.453,-0.521,-0.045,0.104,0.846,3087,25,0,3196,1480,2503,287,2473,63,1.280,1,2130,0,44.781,1.559,-1.688,-13.625,-42.625,0.074,0.023,1.191,-0.191,1.547,-1.105,0.212,0.160,1.121,1.267,2,NULL,NULL,,3,0,2,7,255,943,250,0,0
stim,69746,99867,0,99867,3297169.455,-0.522,-0.046,0.102,0.846,3119,31,0,3190,1555,2507,274,2473,63,1.280,1,2130,0,45.865,2.270,-37.438,-9.938,-24.563,-0.020,-0.020,1.191,-0.191,2.262,1.496,0.222,0.144,1.121,1.267,2,NULL,NULL,,3,0,2,7,255,943,250,0,0
stim,69746,99867,0,99867,3297174.454,-0.523,-0.047,0.100,0.845,3119,43,0,3189,1607,2515,249,2489,63,1.280,1,2130,0,56.434,2.268,-49.000,-7.625,-26.938,-0.160,0.086,0.992,-0.172,2.262,1.496,0.246,0.126,1.121,1.267,2,NULL,NULL,,3,0,2,7,255,943,250,0,0
stim,69746,99867,0,99867,3297179.455,-0.524,-0.047,0.098,0.844,3117,45,0,3184,1646,2519,214,2503,63,1.280,1,2130,0,59.648,0.240,-31.438,-5.063,-50.438,-0.180,0.152,0.945,-0.172,0.168,0.070,0.272,0.108,1.121,1.267,2,NULL,NULL,,3,0,2,7,255,943,250,0,0
stim,69746,99867,0,99867,3297184.453,-0.527,-0.048,0.097,0.843,3116,43,0,3181,1691,2521,205,2509,63,1.280,1,2130,0,67.033,0.696,-17.375,-4.813,-64.563,-0.043,0.125,1.031,-0.676,0.168,0.070,0.288,0.094,1.121,1.267,2,NULL,NULL,,3,0,2,7,255,943,250,0,0
stim,69746,99867,0,99867,3297189.455,-0.529,-0.048,0.096,0.842,3115,53,0,3179,1722,2523,185,2516,63,1.280,1,2130,0,58.797,1.447,-21.875,-2.875,-54.500,0.066,0.059,1.074,-0.969,1.074,0.262,0.300,0.078,1.121,1.267,2,NULL,NULL,,3,0,2,7,255,943,250,0,0
stim,69746,99867,0,99867,3297194.454,-0.530,-0.049,0.095,0.841,3087,55,0,3174,1748,2525,175,2519,63,1.280,1,2130,0,46.117,2.522,-30.438,-1.188,-34.625,0.035,-0.023,1.020,-0.969,2.328,0.262,0.306,0.066,1.121,1.267,2,NULL,NULL,,3,0,2,7,255,943,250,0,0
stim,69746,99868,0,99868,3297199.455,-0.531,-0.049,0.093,0.841,3123,71,0,3181,1769,2528,171,2522,63,1.280,1,2130,0,37.122,2.333,-29.188,-0.063,-22.938,-0.063,-0.078,0.938,-0.148,2.328,-0.113,0.312,0.054,1.121,1.267,2,NULL,NULL,,3,0,2,7,255,943,250,0,0
stim,69746,99868,0,99868,3297204.453,-0.532,-0.050,0.092,0.840,3109,73,11,3179,1775,2531,165,2521,63,1.280,1,2130,0,25.794,1.585,-14.250,0.188,-21.500,-0.102,-0.016,0.906,0.363,1.543,-0.738,0.320,0.044,1.121,1.267,2,NULL,NULL,,3,0,2,7,255,943,250,0,0
stim,69769,99890,0,99890,3297209.455,-0.532,-0.050,0.092,0.840,3107,73,21,3166,1784,2521,148,2525,63,1.280,1,2130,0,22.826,0.947,1.813,-0.438,-22.750,-0.094,0.105,0.992,0.363,0.875,-0.738,0.328,0.036,1.121,1.267,2,NULL,NULL,,3,0,2,7,255,943,250,0,0
stim,69769,99890,0,99890,3297214.455,-0.533,-0.049,0.093,0.839,3102,73,36,3164,1800,2521,125,2523,63,1.280,1,2130,0,21.275,0.975,3.750,-0.438,-20.938,-0.074,0.207,1.102,-0.773,0.594,-0.035,0.334,0.030,1.121,1.267,2,NULL,NULL,,3,0,2,7,255,943,250,0,0
stim,69769,99890,0,99890,3297219.453,-0.534,-0.049,0.092,0.839,3098,71,48,3157,1815,2521,95,2525,63,1.280,1,2130,0,17.237,1.849,-5.375,-0.313,-16.375,-0.090,0.258,1.129,-1.762,0.563,1.066,0.338,0.028,1.121,1.267,2,NULL,NULL,,3,0,2,7,255,943,250,0,0
stim,69769,99890,0,99890,3297224.455,-0.534,-0.050,0.092,0.839,3047,77,53,3159,1829,2521,87,2539,63,1.280,1,2130,0,20.132,1.779,-14.750,-0.625,-13.688,-0.141,0.230,1.074,-1.762,0.250,1.066,0.342,0.026,1.121,1.267,2,NULL,NULL,,3,0,2,7,255,943,250,0,0
stim,69796,99917,0,99917,3297229.454,-0.535,-0.050,0.091,0.839,3083,79,74,3142,1845,2519,85,2532,63,1.369,1,2130,1,22.856,1.690,-17.750,-2.063,-14.250,-0.184,0.180,1.012,-1.680,-0.184,0.938,0.000,0.000,1.221,1.300,2,NULL,NULL,,3,0,2,7,255,943,250,0,0
stim,69796,99917,0,99917,3297234.455,-0.535,-0.050,0.091,0.838,3068,77,91,3131,1866,2519,83,2534,63,1.369,1,2130,1,22.520,1.148,-15.250,-4.313,-16.000,-0.191,0.152,0.996,-1.059,-0.445,0.379,0.006,0.004,1.221,1.300,2,NULL,NULL,,3,0,2,7,255,943,250,0,0
stim,69796,99917,0,99917,3297239.454,-0.536,-0.050,0.090,0.838,3053,77,93,3125,1879,2519,82,2547,63,1.369,1,2130,1,21.614,0.923,-13.563,-6.250,-15.625,-0.176,0.145,1.012,-0.809,-0.445,0.324,0.010,0.006,1.221,1.300,2,NULL,NULL,,3,0,2,7,255,943,250,0,0
stim,69796,99917,0,99917,3297244.455,-0.536,-0.050,0.089,0.838,3049,81,105,3125,1915,2522,85,2549,63,1.369,1,2130,1,22.279,0.833,-15.438,-7.875,-14.000,-0.164,0.121,1.020,-0.793,-0.254,0.324,0.012,0.008,1.221,1.300,2,NULL,NULL,,3,0,2,7,255,943,250,0,0
stim,69814,99935,0,99935,3297249.454,-0.537,-0.050,0.088,0.838,3032,82,125,3097,1933,2517,79,2556,63,1.369,1,2130,1,23.462,0.683,-17.188,-9.188,-13.063,-0.152,0.102,0.988,-0.680,-0.063,0.324,0.016,0.010,1.221,1.300,2,NULL,NULL,,3,0,2,7,255,943,250,0,0
stim,69814,99935,0,99935,3297254.455,-0.537,-0.050,0.087,0.837,2975,82,167,3087,1973,2517,79,2572,63,1.369,1,2130,1,21.982,0.532,-16.000,-10.875,-10.438,-0.160,0.059,0.969,-0.531,0.035,0.035,0.020,0.012,1.221,1.300,2,NULL,NULL,,3,0,2,7,255,943,250,0,0
stim,69849,99970,0,99970,3297259.454,-0.537,-0.050,0.087,0.837,3003,93,211,3067,2008,2517,85,2585,63,1.369,1,2130,1,20.437,0.153,-13.750,-12.375,-8.688,-0.184,0.039,0.953,-0.148,0.035,-0.184,0.026,0.016,1.221,1.300,2,NULL,NULL,,3,0,2,7,255,943,250,0,0
stim,69849,99970,0,99970,3297264.455,-0.538,-0.050,0.086,0.837,2987,105,259,3049,2028,2519,91,2599,63,1.369,1,2130,1,20.890,0.111,-9.750,-14.750,-11.125,-0.195,0.066,0.941,-0.082,-0.074,-0.289,0.030,0.018,1.221,1.300,2,NULL,NULL,,3,0,2,7,255,943,250,0,0
stim,69849,99970,0,99970,3297269.454,-0.538,-0.049,0.085,0.837,2968,127,308,3036,2073,2519,123,2619,63,1.369,1,2130,1,22.392,0.111,-4.500,-16.063,-14.938,-0.152,0.090,0.949,-0.082,-0.074,-0.352,0.034,0.022,1.221,1.300,2,NULL,NULL,,3,0,2,7,255,943,250,0,0
stim,69849,99970,0,99970,3297274.455,-0.539,-0.049,0.085,0.837,2948,135,329,3017,2093,2525,152,2632,63,1.369,1,2130,1,21.017,0.441,-2.625,-16.875,-12.250,-0.113,0.070,0.988,-0.438,-0.055,-0.352,0.036,0.024,1.221,1.300,2,NULL,NULL,,3,0,2,7,255,943,250,0,0
stim,69849,99970,0,99970,3297279.454,-0.539,-0.048,0.084,0.837,2919,135,389,2999,2127,2533,173,2651,63,1.369,1,2130,1,20.186,0.489,-5.688,-17.750,-7.750,-0.141,0.063,0.984,-0.438,0.219,-0.066,0.038,0.026,1.221,1.300,2,NULL,NULL,,3,0,2,7,255,943,250,0,0
stim,69849,99970,0,99970,3297284.455,-0.540,-0.048,0.084,0.836,2901,141,485,2975,2189,2533,216,2677,63,1.369,1,2130,1,21.300,0.394,-4.563,-18.313,-9.875,-0.156,0.078,0.953,-0.328,0.219,-0.066,0.040,0.026,1.221,1.300,2,NULL,NULL,,3,0,2,7,255,943,250,0,0
stim,69869,99990,0,99990,3297289.454,-0.540,-0.047,0.083,0.836,2875,155,547,2969,2245,2541,241,2694,63,1.369,1,2130,1,23.596,0.346,0.438,-19.563,-13.188,-0.137,0.074,0.949,-0.328,0.109,-0.305,0.040,0.024,1.221,1.300,2,NULL,NULL,,3,0,2,7,255,943,250,0,0
stim,69869,99990,0,99990,3297294.455,-0.541,-0.046,0.083,0.836,2853,155,659,2955,2285,2537,287,2695,63,1.369,1,2130,1,24.257,0.372,4.563,-21.000,-11.250,-0.109,0.063,0.969,-0.355,0.109,-0.305,0.042,0.024,1.221,1.300,2,NULL,NULL,,3,0,2,7,255,943,250,0,0
stim,69869,99990,0,99990,3297299.454,-0.541,-0.045,0.082,0.836,2809,173,731,2903,2334,2552,346,2719,63,1.369,1,2130,1,24.117,0.372,6.500,-21.938,-7.625,-0.137,0.090,0.988,-0.355,0.109,-0.242,0.042,0.024,1.221,1.300,2,NULL,NULL,,3,0,2,7,255,943,250,0,0
stim,69869,99990,0,99990,3297304.455,-0.541,-0.044,0.082,0.836,2771,183,811,2877,2381,2555,416,2732,63,1.369,1,2130,1,26.489,0.500,4.375,-24.313,-9.563,-0.250,0.164,1.039,-0.496,0.063,-0.020,0.042,0.024,1.221,1.300,2,NULL,NULL,,3,0,2,7,255,943,250,0,0
stim,69869,99990,0,99990,3297309.454,-0.543,-0.043,0.081,0.835,2731,190,922,2843,2439,2559,521,2759,63,1.369,1,2130,1,39.712,1.343,-4.438,-26.000,-29.688,-0.281,0.242,1.082,-0.703,-1.145,0.730,0.042,0.024,1.221,1.300,2,NULL,NULL,,3,0,2,7,255,943,250,0,0
stim,69869,99990,0,99990,3297314.455,-0.544,-0.042,0.081,0.834,2637,211,1077,2825,2475,2555,569,2775,63,1.369,1,2130,1,49.466,1.712,-6.188,-26.000,-41.625,-0.117,0.254,1.020,-1.273,-1.145,0.730,0.044,0.026,1.221,1.300,2,NULL,NULL,,3,0,2,7,255,943,250,0,0
stim,69870,99991,0,99991,3297319.454,-0.546,-0.042,0.080,0.833,2603,233,1207,2788,2526,2571,733,2783,63,1.369,1,2130,1,50.500,1.536,-10.375,-26.250,-41.875,-0.141,0.203,1.105,-1.480,-0.410,1.203,0.048,0.028,1.221,1.300,2,NULL,NULL,,3,0,2,7,255,943,250,0,0
stim,69870,99991,0,99991,3297324.455,-0.547,-0.041,0.078,0.832,2535,233,1312,2747,2567,2569,907,2815,63,1.369,1,2130,1,57.796,1.520,-24.000,-25.688,-45.875,-0.156,0.164,1.070,-1.480,-0.344,0.871,0.052,0.034,1.221,1.300,2,NULL,NULL,,3,0,2,7,255,943,250,0,0
stim,69889,100010,0,100010,3297329.454,-0.549,-0.041,0.076,0.831,2447,235,1467,2716,2615,2578,1083,2825,63,1.369,1,2130,1,62.892,1.145,-28.188,-26.188,-49.750,-0.152,0.125,0.996,-1.094,-0.340,0.871,0.056,0.038,1.221,1.300,2,NULL,NULL,,3,0,2,7,255,943,250,0,0
stim,69889,100010,0,100010,3297334.455,-0.551,-0.041,0.075,0.830,2377,249,1623,2669,2651,2579,1223,2838,63,1.369,1,2130,1,67.090,0.838,-28.375,-26.938,-54.500,-0.172,0.063,1.004,-0.766,-0.340,0.168,0.062,0.044,1.221,1.300,2,NULL,NULL,,3,0,2,7,255,943,250,0,0
stim,69889,100010,0,100010,3297339.454,-0.553,-0.041,0.073,0.829,2269,253,1771,2617,2685,2585,1384,2857,63,1.369,1,2130,1,69.993,0.300,-28.625,-26.750,-58.000,-0.137,-0.016,0.996,-0.133,-0.270,0.125,0.068,0.048,1.221,1.300,2,NULL,NULL,,3,0,2,7,255,943,250,0,0
stim,69889,100010,0,100010,3297344.455,-0.555,-0.041,0.071,0.828,2116,259,1892,2567,2716,2585,1543,2875,63,1.369,1,2130,1,70.515,0.499,-31.938,-27.313,-56.625,-0.113,-0.063,1.008,0.398,0.301,0.086,0.072,0.052,1.221,1.300,2,NULL,NULL,,3,0,2,7,255,943,250,0,0
stim,69915,100036,0,100036,3297349.454,-0.557,-0.041,0.068,0.826,2035,252,2006,2501,2746,2578,1689,2887,63,1.369,1,2130,0,74.912,0.909,-38.438,-27.625,-58.063,-0.133,-0.078,1.047,0.723,0.551,0.086,0.076,0.056,1.221,1.300,2,NULL,NULL,,3,0,2,7,255,943,250,0,0
stim,69915,100036,0,100036,3297354.455,-0.560,-0.041,0.065,0.825,1909,255,2124,2411,2787,2587,1823,2907,63,1.369,1,2130,0,88.798,1.011,-55.563,-30.250,-62.313,-0.184,-0.059,1.121,0.848,0.551,0.488,0.080,0.058,1.221,1.300,2,NULL,NULL,,3,0,2,7,255,943,250,0,0
stim,69915,100036,0,100036,3297359.454,-0.562,-0.042,0.062,0.824,1723,231,2253,2312,2823,2583,1926,2907,63,1.369,1,2130,0,101.038,0.852,-67.813,-30.438,-68.438,-0.176,-0.016,1.059,0.848,0.090,0.691,0.082,0.060,1.221,1.300,2,NULL,NULL,,3,0,2,7,255,943,250,0,0
stim,69915,100036,0,100036,3297364.455,-0.564,-0.043,0.059,0.822,1543,218,2342,2190,2843,2589,2041,2925,63,1.369,1,2130,0,103.012,0.415,-67.938,-33.500,-69.813,-0.148,0.016,0.969,0.383,-0.160,0.691,0.084,0.060,1.221,1.300,2,NULL,NULL,,3,0,2,7,255,943,250,0,0
stim,69950,100071,0,100071,3297369.454,-0.567,-0.043,0.055,0.821,1301,216,2429,2063,2866,2579,2149,2927,63,1.369,1,2130,0,102.680,0.162,-61.625,-35.500,-74.063,-0.117,0.012,1.004,-0.027,-0.160,0.078,0.084,0.060,1.221,1.300,2,NULL,NULL,,3,0,2,7,255,943,250,0,0
stim,69950,100071,0,100071,3297374.455,-0.570,-0.043,0.052,0.819,1103,159,2509,1881,2893,2579,2248,2941,63,1.369,1,2130,0,107.521,0.192,-61.188,-35.438,-81.000,-0.141,0.012,1.020,-0.117,-0.152,0.078,0.084,0.058,1.221,1.300,2,NULL,NULL,,3,0,2,7,255,943,250,0,0
stim,69950,100071,0,100071,3297379.454,-0.573,-0.043,0.049,0.817,887,141,2567,1645,2913,2581,2335,2942,63,1.369,1,2130,0,106.318,0.169,-51.750,-38.125,-84.688,-0.082,-0.012,0.945,-0.117,0.121,0.078,0.084,0.058,1.221,1.300,2,NULL,NULL,,3,0,2,7,255,943,250,0,0
stim,69950,100071,0,100071,3297384.455,-0.576,-0.043,0.046,0.815,635,73,2613,1386,2935,2569,2423,2958,63,1.369,1,2130,0,93.960,0.360,-37.188,-39.313,-76.813,-0.008,-0.109,0.969,-0.105,0.344,-0.371,0.084,0.058,1.221,1.300,2,NULL,NULL,,3,0,2,7,255,943,250,0,0
stim,69950,100071,0,100071,3297389.454,-0.577,-0.042,0.044,0.814,392,56,2648,1119,2942,2565,2487,2969,63,1.369,1,2130,0,75.689,1.403,-30.625,-43.688,-53.688,-0.012,-0.121,1.074,0.496,1.313,-0.371,0.086,0.058,1.221,1.300,2,NULL,NULL,,3,0,2,7,255,943,250,0,0
stim,69950,100071,0,100071,3297394.455,-0.579,-0.042,0.041,0.813,181,0,2683,883,2965,2551,2541,2985,63,1.369,1,2130,0,72.229,1.403,-37.625,-43.063,-44.125,-0.082,-0.055,1.105,0.496,1.313,0.684,0.086,0.056,1.221,1.300,2,NULL,NULL,,3,0,2,7,255,943,250,0,0
stim,69950,100071,0,100071,3297399.454,-0.580,-0.041,0.038,0.812,67,0,2713,603,2971,2519,2595,2981,63,1.369,1,2130,0,75.693,0.532,-40.625,-47.563,-42.625,-0.063,-0.008,1.082,0.145,0.512,0.809,0.086,0.054,1.221,1.300,2,NULL,NULL,,3,0,2,7,255,943,250,0,0
stim,69950,100071,0,100071,3297404.455,-0.582,-0.040,0.035,0.811,15,0,2745,371,2991,2503,2647,2997,63,1.369,1,2130,0,77.634,0.639,-38.313,-49.313,-46.125,-0.012,0.027,1.031,-0.383,0.512,0.809,0.086,0.052,1.221,1.300,2,NULL,NULL,,3,0,2,7,255,943,250,0,0
stim,69971,100092,0,100092,3297409.454,-0.584,-0.039,0.033,0.811,0,0,2776,205,2998,2475,2677,3001,63,1.369,1,2130,0,75.746,1.116,-31.250,-53.813,-43.188,0.047,0.145,0.988,-0.863,0.707,0.238,0.086,0.052,1.221,1.300,2,NULL,NULL,,3,0,2,7,255,943,250,0,0
stim,69971,100092,0,100092,3297414.455,-0.585,-0.037,0.031,0.810,0,0,2794,121,3021,2456,2711,3000,63,1.369,1,2130,0,68.929,1.257,-12.813,-57.563,-35.688,-0.098,0.074,1.047,-1.039,0.707,0.238,0.090,0.052,1.221,1.300,2,NULL,NULL,,3,0,2,7,255,943,250,0,0
stim,69971,100092,0,100092,3297419.454,-0.585,-0.034,0.030,0.810,0,0,2809,75,3027,2427,2739,3015,63,1.369,1,2130,0,77.023,1.087,29.250,-71.250,-0.688,-0.352,-0.078,1.320,-1.039,-0.320,0.480,0.096,0.054,1.221,1.300,2,NULL,NULL,,3,0,2,7,255,943,250,0,0
stim,69971,100092,0,100092,3297424.455,-0.585,-0.030,0.029,0.810,0,0,2824,47,3046,2405,2778,3007,63,1.369,1,2130,0,88.559,2.310,32.125,-82.000,-9.313,-0.516,-0.195,1.637,1.086,-2.039,3.387,0.104,0.060,1.221,1.300,3,NULL,NULL,,3,0,2,7,255,943,250,0,0
stim,69993,100114,0,100114,3297429.454,-0.586,-0.027,0.028,0.809,0,0,2831,23,3039,2367,2793,3016,63,1.369,1,2130,0,97.203,2.978,27.625,-90.438,-22.500,-0.430,-0.117,1.809,1.605,-2.508,6.621,0.112,0.066,1.221,1.300,3,NULL,NULL,,3,0,2,7,255,943,250,0,0
stim,69993,100114,0,100114,3297434.455,-0.587,-0.024,0.025,0.809,0,0,2839,0,3063,2327,2833,3022,63,1.369,1,2130,0,100.895,2.978,-23.500,-97.125,-13.938,-0.133,0.098,1.586,1.605,-2.508,6.621,0.120,0.072,1.221,1.300,3,NULL,NULL,,3,0,2,7,255,943,250,0,0
stim,69993,100114,0,100114,3297439.454,-0.587,-0.022,0.020,0.809,0,0,2840,0,3061,2267,2847,3027,63,1.369,1,2130,0,122.013,1.386,-76.375,-94.500,-11.125,0.023,0.082,1.195,-1.203,-0.688,5.770,0.122,0.074,1.221,1.300,3,NULL,NULL,,3,0,2,7,255,943,250,0,0
stim,69993,100114,0,100114,3297444.455,-0.586,-0.020,0.015,0.810,0,0,2845,0,3077,2201,2877,3018,63,1.369,1,2130,0,116.890,1.234,-52.188,-102.438,21.125,-0.055,0.020,0.945,-1.203,-0.273,1.863,0.122,0.078,1.221,1.300,3,NULL,NULL,,3,0,2,7,255,943,250,0,0
stim,69993,100114,0,100114,3297449.454,-0.584,-0.016,0.013,0.811,0,0,2851,0,3087,2137,2899,3020,63,1.369,1,2130,0,120.673,0.591,3.500,-112.188,44.313,-0.250,0.020,1.043,-0.523,-0.273,0.480,0.118,0.078,1.221,1.300,3,NULL,NULL,,3,0,2,7,255,943,250,0,0
stim,69993,100114,0,100114,3297454.455,-0.583,-0.011,0.011,0.812,0,0,2841,0,3095,2039,2911,3028,63,1.369,1,2130,0,126.586,2.127,24.188,-120.563,30.063,-0.359,0.035,1.305,0.082,-2.125,0.480,0.116,0.078,1.221,1.300,3,NULL,NULL,,3,0,2,7,255,943,250,0,0
stim,70048,100169,0,100169,3297459.455,-0.583,-0.007,0.009,0.812,0,0,2827,0,3092,1915,2925,3017,63,1.369,1,2130,0,127.558,3.134,16.563,-126.188,8.563,-0.352,-0.016,1.461,0.281,-3.121,3.063,0.112,0.078,1.221,1.300,3,NULL,NULL,,3,0,2,7,255,943,250,0,0
stim,70048,100169,0,100169,3297464.453,-0.583,-0.002,0.005,0.813,0,0,2827,0,3107,1765,2937,3015,63,1.369,1,2130,0,134.543,3.187,5.250,-134.375,4.188,-0.215,-0.047,1.484,0.645,-3.121,4.598,0.108,0.078,1.221,1.300,3,NULL,NULL,,3,0,2,7,255,943,250,0,0
stim,70048,100169,0,100169,3297469.455,-0.582,0.003,0.002,0.813,0,0,2798,0,3101,1623,2939,3020,63,1.369,1,2130,0,141.713,1.972,-7.688,-140.625,15.750,-0.152,-0.008,1.445,0.645,-1.863,4.598,0.104,0.084,1.221,1.300,3,NULL,NULL,,3,0,2,7,255,943,250,0,0
stim,70048,100169,0,100169,3297474.454,-0.581,0.008,-0.003,0.814,0,0,2775,0,3101,1406,2953,3005,63,1.369,1,2130,0,152.186,1.868,-19.563,-147.938,29.875,-0.145,0.066,1.395,0.129,-1.863,4.367,0.104,0.090,1.221,1.300,3,NULL,NULL,,3,0,2,7,255,943,250,0,0
stim,70048,100169,0,100169,3297479.455,-0.579,0.012,-0.007,0.815,0,0,2741,0,3102,1183,2967,3000,63,1.369,1,2130,0,163.410,2.000,-24.625,-155.938,42.188,-0.188,0.113,1.320,-0.527,-1.930,3.797,0.102,0.096,1.221,1.300,3,NULL,NULL,,3,0,2,7,255,943,250,0,0
stim,70048,100169,0,100169,3297484.453,-0.577,0.017,-0.012,0.816,0,0,2717,0,3113,916,2983,2985,63,1.369,1,2130,0,171.865,2.662,-20.063,-164.375,46.000,-0.262,0.086,1.258,-0.527,-2.609,3.031,0.102,0.104,1.221,1.300,3,NULL,NULL,,3,0,2,7,255,943,250,0,0
stim,70048,100169,0,100169,3297489.455,-0.575,0.023,-0.017,0.817,0,0,2683,0,3119,682,2995,2983,63,1.369,1,2130,0,180.077,3.331,-14.000,-174.625,41.688,-0.270,0.008,1.250,-0.211,-3.324,2.359,0.102,0.112,1.221,1.300,3,NULL,NULL,,3,0,2,7,255,943,250,0,0
stim,70048,100169,0,100169,3297494.454,-0.574,0.029,-0.021,0.818,0,0,2653,0,3108,468,2992,2965,63,1.369,1,2130,0,185.330,3.379,-7.313,-182.188,33.188,-0.211,-0.074,1.199,0.605,-3.324,2.270,0.104,0.122,1.221,1.300,3,NULL,NULL,,3,0,2,7,255,943,250,0,0
stim,70048,100169,0,100169,3297499.455,-0.572,0.035,-0.026,0.819,0,0,2599,0,3123,332,2996,2947,63,1.369,1,2130,0,194.462,2.820,-6.188,-190.625,37.938,-0.090,-0.078,1.168,0.926,-2.664,1.793,0.106,0.134,1.221,1.300,3,NULL,NULL,,3,0,2,7,255,943,250,0,0
stim,70048,100169,0,100169,3297504.453,-0.570,0.042,-0.031,0.820,0,0,2541,0,3112,160,3016,2911,63,1.369,1,2130,0,200.772,2.325,-1.375,-195.688,44.875,-0.105,-0.039,1.141,0.926,-2.133,1.520,0.110,0.146,1.221,1.300,3,NULL,NULL,,3,0,2,7,255,943,250,0,0
stim,70069,100190,0,100190,3297509.455,-0.568,0.049,-0.035,0.821,0,0,2471,0,3109,93,3005,2892,63,1.369,1,2130,0,208.241,2.233,10.688,-202.688,46.563,-0.168,0.070,1.203,0.660,-2.133,1.520,0.116,0.158,1.221,1.300,3,NULL,NULL,,3,0,2,7,255,943,250,0,0
stim,70069,100190,0,100190,3297514.454,-0.566,0.057,-0.040,0.821,0,0,2359,0,3103,58,3017,2853,63,1.369,1,2130,0,214.933,3.309,23.938,-210.750,34.750,-0.211,0.195,1.363,-0.027,-3.309,1.664,0.120,0.170,1.221,1.300,3,NULL,NULL,,3,0,2,7,255,943,250,0,0
stim,70069,100190,0,100190,3297519.455,-0.565,0.065,-0.045,0.822,0,0,2233,0,3099,30,3013,2809,63,1.369,1,2130,0,217.960,4.597,11.063,-216.875,18.688,-0.184,0.273,1.590,-0.883,-4.512,3.055,0.126,0.184,1.221,1.300,3,NULL,NULL,,3,0,2,7,255,943,250,0,0
stim,70069,100190,0,100190,3297524.454,-0.564,0.073,-0.050,0.821,0,0,2087,0,3087,61,3019,2771,63,1.369,1,2130,0,225.498,5.208,10.000,-225.063,9.813,-0.289,0.199,1.918,-0.883,-5.133,5.195,0.136,0.198,1.221,1.300,3,NULL,NULL,,3,0,2,7,255,943,250,0,0
stim,70098,100219,0,100219,3297529.455,-0.562,0.082,-0.056,0.821,0,0,1929,0,3067,73,3001,2703,63,1.369,1,2130,0,241.805,6.665,14.188,-240.938,14.750,-0.418,0.039,2.367,-0.246,-6.660,8.117,0.146,0.212,1.221,1.300,3,NULL,NULL,,3,0,2,7,255,943,250,0,0
stim,70098,100219,0,100219,3297534.454,-0.560,0.092,-0.063,0.821,0,0,1735,0,3054,76,2987,2643,63,1.369,1,2130,0,268.479,8.708,-9.375,-265.813,36.563,-0.703,0.023,2.688,2.012,-8.473,12.098,0.160,0.230,1.221,1.300,3,NULL,NULL,,3,0,2,7,255,943,250,0,0
stim,70098,100219,0,100219,3297539.455,-0.557,0.101,-0.072,0.821,0,0,1567,0,3038,91,2976,2557,63,1.369,1,2130,0,303.952,12.256,-51.188,-296.938,39.938,-0.887,0.371,2.793,2.012,-12.090,14.371,0.178,0.246,1.221,1.300,3,NULL,NULL,,3,0,2,7,255,943,250,0,0
stim,70098,100219,0,100219,3297544.453,-0.556,0.110,-0.083,0.820,0,0,1445,0,2999,99,2954,2455,63,1.369,1,2130,0,337.353,15.841,-78.000,-327.813,16.188,-0.984,0.781,2.887,1.184,-15.797,14.445,0.200,0.268,1.221,1.300,3,NULL,NULL,,3,0,2,7,255,943,250,0,0
stim,70098,100219,0,100219,3297549.455,-0.554,0.121,-0.095,0.818,0,0,1331,0,2968,103,2903,2323,63,1.369,1,2130,0,372.926,19.188,-98.938,-359.563,0.375,-0.941,1.043,2.996,-2.082,-19.074,14.473,0.226,0.292,1.221,1.300,3,NULL,NULL,,3,0,2,7,255,943,250,0,0
stim,70098,100219,0,100219,3297554.453,-0.553,0.132,-0.109,0.815,0,0,1239,0,2927,105,2867,2213,63,1.369,1,2130,0,410.026,21.154,-121.875,-391.438,-6.688,-0.863,1.141,3.070,-4.473,-20.676,14.828,0.260,0.326,1.221,1.300,3,NULL,NULL,,3,0,2,7,255,943,250,0,0
stim,70148,100269,0,100269,3297559.455,-0.552,0.143,-0.124,0.812,0,0,1127,0,2877,116,2796,2125,63,1.369,1,2130,0,443.489,21.540,-152.250,-416.125,-18.500,-0.770,0.957,3.098,-4.473,-21.070,14.863,0.304,0.374,1.221,1.300,3,NULL,NULL,,3,0,2,7,255,943,250,0,0
stim,70148,100269,0,100269,3297564.454,-0.550,0.155,-0.141,0.808,0,0,991,0,2811,111,2717,2011,63,1.369,1,2130,0,475.702,21.662,-161.813,-447.313,-4.563,-0.828,0.727,2.969,-4.207,-21.250,14.863,0.364,0.434,1.221,1.300,3,NULL,NULL,,3,0,2,7,255,943,250,0,0
stim,70167,100288,0,100288,3297569.455,-0.548,0.167,-0.158,0.804,0,0,906,0,2729,96,2595,1891,63,1.369,1,2130,0,506.649,21.422,-173.000,-476.125,8.313,-0.949,0.832,2.816,-2.707,-21.250,12.820,0.438,0.508,1.221,1.300,3,NULL,NULL,,3,0,2,7,255,943,250,0,0
stim,70167,100288,0,100288,3297574.454,-0.545,0.180,-0.176,0.800,0,0,804,0,2611,71,2421,1752,63,1.369,1,2130,0,516.418,23.006,-166.250,-488.750,-13.125,-0.984,0.805,2.793,-2.379,-22.883,9.867,0.522,0.592,1.221,1.300,3,NULL,NULL,,3,0,2,7,255,943,250,0,0
stim,70167,100288,0,100288,3297579.455,-0.543,0.195,-0.192,0.794,0,0,614,0,2469,59,2237,1609,63,1.369,1,2130,0,519.719,23.647,-135.500,-500.313,-37.875,-0.910,0.383,2.949,-2.379,-23.527,9.609,0.614,0.684,1.221,1.300,3,NULL,NULL,,3,0,2,7,255,943,250,0,0
stim,70167,100288,0,100288,3297584.454,-0.540,0.210,-0.209,0.788,0,0,441,0,2268,3,1947,1423,63,1.369,1,2130,0,533.936,23.570,-118.500,-519.250,-37.750,-0.809,-0.086,3.156,1.418,-23.527,9.609,0.714,0.782,1.221,1.300,3,NULL,NULL,,3,0,2,7,255,943,250,0,0
stim,70167,100288,0,100288,3297589.455,-0.536,0.225,-0.226,0.782,0,0,295,0,1999,0,1657,1211,63,1.369,1,2130,0,558.907,24.006,-144.000,-540.000,6.438,-0.750,-0.398,2.961,5.648,-23.332,9.609,0.818,0.884,1.221,1.300,3,NULL,NULL,,3,0,2,7,255,943,250,0,0
stim,70167,100288,0,100288,3297594.453,-0.530,0.240,-0.245,0.776,0,0,210,0,1662,0,1243,1031,63,1.369,1,2130,0,575.442,23.328,-152.563,-554.000,30.688,-0.711,-0.477,2.488,8.293,-21.805,9.379,0.924,0.992,1.221,1.300,3,NULL,NULL,,3,0,2,7,255,943,250,0,0
stim,70167,100288,0,100288,3297599.455,-0.523,0.256,-0.262,0.770,0,0,116,0,1279,0,730,843,63,1.369,1,2130,0,577.453,20.993,-106.000,-566.438,36.938,-0.832,-0.375,2.098,8.293,-19.285,5.059,1.036,1.106,1.221,1.300,3,NULL,NULL,,3,0,2,7,255,943,250,0,0
stim,70167,100288,0,100288,3297604.454,-0.515,0.273,-0.278,0.764,0,0,91,0,807,0,245,654,63,1.369,1,2130,0,584.245,20.252,-54.375,-579.313,52.750,-0.805,-0.074,1.973,7.852,-18.668,0.289,1.152,1.224,1.221,1.300,3,NULL,NULL,,3,0,2,7,255,943,250,0,0
stim,70167,100288,0,100288,3297609.455,-0.504,0.291,-0.292,0.759,0,0,37,0,264,0,0,538,63,1.369,1,2130,0,597.386,19.375,6.438,-590.750,88.563,-1.008,0.039,2.102,5.188,-18.668,-1.836,1.268,1.342,1.221,1.300,3,NULL,NULL,,3,0,2,7,255,943,250,0,0
stim,70167,100288,0,100288,3297614.454,-0.489,0.310,-0.306,0.756,0,0,23,0,0,0,0,477,63,1.369,1,2130,0,627.394,22.045,45.875,-606.563,153.625,-1.348,0.285,2.176,5.105,-21.445,-3.645,1.380,1.456,1.221,1.300,3,NULL,NULL,,3,0,2,7,255,943,250,0,0
stim,70167,100288,0,100288,3297619.455,-0.477,0.327,-0.320,0.750,0,0,9,0,0,0,0,393,63,1.369,1,2130,0,591.806,25.182,-14.938,-580.750,112.875,-1.117,0.969,2.156,4.625,-24.754,-7.289,1.482,1.560,1.221,1.300,4,NULL,NULL,,3,0,2,7,255,943,250,0,0
stim,70167,100288,0,100288,3297624.454,-0.471,0.339,-0.336,0.742,0,0,5,12,0,0,0,345,63,1.369,1,2130,0,518.225,24.836,-146.563,-496.250,28.500,-0.340,1.715,1.926,-2.016,-24.754,-7.289,1.574,1.656,1.221,1.300,0,NULL,NULL,,3,0,2,7,255,943,250,0,0
stim,70189,100310,0,100310,3297629.455,-0.467,0.343,-0.356,0.733,0,0,9,0,0,0,0,227,63,1.369,1,2130,0,522.106,25.253,-336.063,-389.188,90.500,-0.711,2.148,1.430,-11.707,-22.375,-8.117,1.660,1.746,1.221,1.300,0,NULL,NULL,,3,0,2,7,255,943,250,0,0
stim,70189,100310,0,100310,3297634.453,-0.462,0.335,-0.383,0.726,0,0,9,0,0,0,0,125,63,1.369,1,2130,0,672.548,26.149,-557.875,-251.438,279.063,-1.066,2.578,-0.211,-15.496,-21.063,-13.117,1.754,1.842,1.221,1.300,0,NULL,NULL,,3,0,2,7,255,943,250,0,0
stim,70190,100311,0,100311,3297639.455,-0.461,0.326,-0.402,0.721,0,0,3,0,0,0,0,41,63,1.369,1,2130,0,505.222,17.920,-458.750,-106.125,183.125,-0.758,1.852,-1.086,-15.496,-9.000,-26.191,1.864,1.954,1.221,1.300,0,NULL,NULL,,3,0,2,7,255,943,250,0,0
stim,70190,100312,0,100312,3297644.454,-0.461,0.324,-0.404,0.721,0,0,0,0,0,0,0,50,63,1.369,1,2130,0,52.624,15.040,-38.438,12.188,33.813,-1.105,-0.430,-0.500,-15.016,0.863,-26.191,1.984,2.076,1.221,1.300,0,NULL,NULL,,3,0,2,7,255,943,250,0,0
stim,70202,100323,0,100323,3297649.455,-0.459,0.325,-0.397,0.725,0,0,0,0,0,0,0,57,63,1.369,1,2130,0,189.205,7.503,175.438,70.063,10.563,-1.496,-1.547,1.668,7.453,0.863,-19.883,2.110,2.202,1.221,1.300,0,NULL,NULL,,3,0,2,7,255,943,250,0,0
stim,70202,100323,0,100323,3297654.453,-0.462,0.321,-0.393,0.727,0,0,0,0,0,0,0,55,63,1.369,1,2130,0,145.099,23.373,8.063,144.875,-0.250,-1.707,-0.906,2.535,16.156,-16.891,-10.047,2.230,2.320,1.221,1.300,0,NULL,NULL,,3,0,2,7,255,943,250,0,0
stim,70203,100324,1,100324,3297659.455,-0.469,0.311,-0.395,0.727,0,0,0,0,0,0,0,22,63,1.369,1,2130,0,280.118,25.957,-188.563,206.875,-10.625,-1.520,0.688,1.434,16.156,-20.316,-10.047,2.320,2.410,1.221,1.300,0,NULL,NULL,,3,1,2,7,255,943,250,0,0
stim,70203,100324,1,100324,3297664.453,-0.475,0.299,-0.396,0.727,0,0,0,0,0,0,0,18,63,1.369,1,2130,0,307.604,20.317,-192.438,239.563,14.063,-1.293,1.910,0.422,-0.113,-20.316,-17.230,2.384,2.472,1.221,1.300,0,NULL,NULL,,3,1,2,7,255,943,250,0,0
stim,70265,100386,1,100386,3297669.455,-0.479,0.289,-0.395,0.729,0,0,0,0,0,0,0,20,63,1.369,1,2130,0,267.952,18.354,-95.938,246.188,44.563,-1.270,2.063,0.301,-12.668,-13.281,-23.773,2.428,2.518,1.221,1.300,0,NULL,NULL,,3,1,2,7,255,943,250,0,0
stim,70265,100386,1,100386,3297674.454,-0.483,0.279,-0.391,0.732,0,0,0,0,0,0,0,6,63,1.369,1,2130,0,256.572,18.354,-39.625,248.750,48.813,-1.363,1.176,0.727,-12.668,-13.281,-23.773,2.478,2.568,1.221,1.300,0,NULL,NULL,,3,1,2,7,255,943,250,0,0
stim,70265,100386,1,100386,3297679.455,-0.487,0.269,-0.389,0.734,0,0,0,0,0,0,0,25,63,1.369,1,2130,0,269.983,15.409,-78.625,256.188,32.813,-1.359,0.285,0.844,-5.699,-14.316,-20.262,2.540,2.634,1.221,1.300,0,NULL,NULL,,3,1,2,7,255,943,250,0,0
stim,70265,100386,1,100386,3297684.453,-0.493,0.257,-0.387,0.735,0,0,0,0,0,0,0,24,63,1.369,1,2130,0,293.211,14.501,-126.938,263.750,17.188,-1.168,0.012,0.355,2.309,-14.316,-16.609,2.608,2.702,1.221,1.300,0,NULL,NULL,,3,1,2,7,255,943,250,0,0
stim,70265,100386,1,100386,3297689.455,-0.498,0.246,-0.385,0.737,0,0,0,0,0,0,0,23,63,1.369,1,2130,0,294.393,9.307,-115.875,269.875,20.188,-0.914,0.293,-0.117,2.309,-9.016,-16.609,2.672,2.768,1.221,1.300,0,NULL,NULL,,3,1,2,7,255,943,250,0,0
stim,70265,100386,1,100386,3297694.454,-0.503,0.235,-0.381,0.739,0,0,0,0,0,0,0,23,63,1.369,1,2130,0,285.632,4.579,-67.500,275.813,30.938,-0.770,0.574,-0.336,0.758,-4.516,-18.137,2.732,2.828,1.221,1.300,0,NULL,NULL,,3,1,2,7,255,943,250,0,0
stim,70265,100386,1,100386,3297699.455,-0.507,0.225,-0.376,0.742,0,0,0,0,0,0,0,28,63,1.369,1,2130,0,291.018,3.865,-13.375,287.688,41.813,-0.691,0.598,-0.242,-2.180,-3.191,-18.156,2.788,2.886,1.221,1.300,0,NULL,NULL,,3,1,2,7,255,943,250,0,0
stim,70265,100386,1,100386,3297704.453,-0.510,0.215,-0.369,0.747,0,0,0,0,0,0,0,9,63,1.369,1,2130,0,308.136,3.865,16.500,302.750,54.938,-0.672,0.469,-0.082,-2.180,-3.191,-18.156,2.846,2.942,1.221,1.300,0,NULL,NULL,,3,1,2,7,255,943,250,0,0
stim,70265,100386,1,100386,3297709.457,-0.513,0.204,-0.361,0.751,0,0,0,0,0,0,0,0,63,1.369,1,2130,0,326.821,4.597,29.313,319.250,63.500,-0.695,0.402,0.023,-1.715,-4.266,-16.504,2.898,2.996,1.221,1.300,0,NULL,NULL,,3,1,2,7,255,943,250,0,0
stim,70265,100386,1,100386,3297714.455,-0.516,0.193,-0.353,0.756,0,0,0,0,0,0,0,0,63,1.369,1,2130,0,341.028,5.327,47.313,331.563,64.250,-0.711,0.336,0.098,-1.086,-5.215,-15.688,2.942,3.040,1.221,1.300,0,NULL,NULL,,3,1,2,7,255,943,250,0,0
stim,70265,100386,1,100386,3297719.453,-0.519,0.183,-0.343,0.761,0,0,0,0,0,0,0,0,63,1.369,1,2130,0,353.079,5.912,68.500,340.313,64.500,-0.707,0.297,0.211,-0.453,-5.895,-14.926,2.974,3.074,1.221,1.300,0,NULL,NULL,,3,1,2,7,255,943,250,0,0
stim,70265,100386,1,100386,3297724.455,-0.522,0.172,-0.333,0.766,0,0,0,0,0,0,0,0,63,1.369,1,2130,0,362.637,6.757,82.125,347.563,62.938,-0.656,0.363,0.344,-0.453,-6.742,-13.828,3.000,3.102,1.221,1.300,0,NULL,NULL,,3,1,2,7,255,943,250,0,0
stim,70299,100420,1,100420,3297729.454,-0.525,0.162,-0.322,0.771,0,0,0,0,0,0,0,0,63,1.369,1,2130,0,369.685,7.654,93.625,352.500,60.375,-0.633,0.375,0.504,-1.152,-7.566,-12.613,3.024,3.126,1.221,1.300,0,NULL,NULL,,3,1,2,7,255,943,250,0,0
stim,70299,100420,1,100420,3297734.455,-0.528,0.151,-0.311,0.776,0,0,0,0,0,0,0,0,63,1.369,1,2130,0,371.619,8.545,90.313,356.063,56.250,-0.570,0.375,0.543,-1.555,-8.402,-11.156,3.048,3.150,1.221,1.300,0,NULL,NULL,,3,1,2,7,255,943,250,0,0
stim,70299,100420,1,100420,3297739.454,-0.530,0.141,-0.300,0.781,0,0,0,0,0,0,0,0,63,1.369,1,2130,0,376.821,8.683,104.625,358.188,52.438,-0.551,0.289,0.621,-1.555,-8.543,-10.246,3.072,3.174,1.221,1.300,0,NULL,NULL,,3,1,2,7,255,943,250,0,0
stim,70299,100420,1,100420,3297744.455,-0.533,0.130,-0.288,0.785,0,0,0,0,0,0,0,0,63,1.369,1,2130,0,378.852,8.502,104.875,360.563,50.250,-0.461,0.238,0.672,-1.301,-8.402,-8.988,3.096,3.200,1.221,1.300,0,NULL,NULL,,3,1,2,7,255,943,250,0,0
stim,70299,100420,1,100420,3297749.454,-0.536,0.120,-0.276,0.789,0,0,0,0,0,0,0,0,63,1.369,1,2130,0,383.703,8.641,113.875,363.250,48.063,-0.461,0.223,0.820,-1.301,-8.543,-7.723,3.124,3.230,1.221,1.300,0,NULL,NULL,,3,1,2,7,255,943,250,0,0
stim,70299,100420,1,100420,3297754.455,-0.538,0.110,-0.263,0.793,0,0,0,0,0,0,0,0,63,1.369,1,2130,0,383.062,8.605,106.938,364.563,48.938,-0.395,0.254,0.883,-1.363,-8.496,-6.215,3.158,3.264,1.221,1.300,0,NULL,NULL,,3,1,2,7,255,943,250,0,0
stim,70348,100469,1,100469,3297759.455,-0.540,0.099,-0.251,0.797,0,0,0,0,0,0,0,0,63,1.369,1,2130,0,386.049,8.605,109.750,367.313,45.500,-0.441,0.164,0.875,-1.363,-8.496,-5.238,3.194,3.302,1.221,1.300,0,NULL,NULL,,3,1,2,7,255,943,250,0,0
stim,70348,100469,1,100469,3297764.453,-0.543,0.089,-0.238,0.800,0,0,0,0,0,0,0,0,63,1.369,1,2130,0,389.263,8.575,115.438,369.875,37.313,-0.371,0.176,0.906,-1.531,-8.438,-4.934,3.236,3.344,1.221,1.300,0,NULL,NULL,,3,1,2,7,255,943,250,0,0
stim,70348,100469,1,100469,3297769.455,-0.545,0.078,-0.225,0.804,0,0,0,0,0,0,0,0,63,1.369,1,2130,0,395.184,7.988,124.000,372.875,41.938,-0.355,0.152,0.934,-1.430,-7.859,-4.160,3.280,3.390,1.221,1.300,0,NULL,NULL,,3,1,2,7,255,943,250,0,0
stim,70348,100469,1,100469,3297774.454,-0.548,0.068,-0.212,0.807,0,0,0,0,0,0,0,0,63,1.369,1,2130,0,400.709,8.000,130.250,376.938,39.000,-0.387,0.156,1.012,-1.492,-7.859,-3.531,3.326,3.436,1.221,1.300,0,NULL,NULL,,3,1,2,7,255,943,250,0,0
stim,70348,100469,1,100469,3297779.455,-0.550,0.057,-0.198,0.810,0,0,0,0,0,0,0,0,63,1.369,1,2130,0,404.180,8.100,139.500,377.625,36.063,-0.402,0.215,1.137,-1.492,-7.961,-2.715,3.374,3.484,1.221,1.300,0,NULL,NULL,,3,1,2,7,255,943,250,0,0
stim,70348,100469,1,100469,3297784.453,-0.552,0.047,-0.184,0.812,0,0,0,0,0,0,0,0,63,1.369,1,2130,0,405.265,8.252,143.938,377.750,28.750,-0.328,0.168,1.211,-2.172,-7.961,-1.527,3.422,3.532,1.221,1.300,0,NULL,NULL,,3,1,2,7,255,943,250,0,0
stim,70348,100469,1,100469,3297789.455,-0.554,0.037,-0.170,0.814,0,0,0,0,0,0,0,1,63,1.369,1,2130,0,405.849,7.989,146.688,377.125,31.188,-0.281,0.195,1.293,-2.176,-7.688,-0.227,3.470,3.580,1.221,1.300,0,NULL,NULL,,3,1,2,7,255,943,250,0,0
stim,70348,100469,1,100469,3297794.453,-0.555,0.027,-0.155,0.817,0,0,0,0,0,0,0,3,63,1.369,1,2130,0,406.720,7.782,149.750,376.000,40.250,-0.246,0.203,1.344,-2.758,-7.277,0.828,3.516,3.626,1.221,1.300,0,NULL,NULL,,3,1,2,7,255,943,250,0,0
stim,70348,100469,1,100469,3297799.455,-0.557,0.017,-0.141,0.819,0,0,0,0,0,0,0,10,63,1.369,1,2130,0,404.473,7.414,152.000,372.438,42.250,-0.270,0.250,1.375,-3.031,-6.766,1.598,3.560,3.672,1.221,1.300,0,NULL,NULL,,3,1,2,7,255,943,250,0,0
stim,70348,100469,1,100469,3297804.454,-0.558,0.008,-0.126,0.820,0,0,0,0,0,0,0,10,63,1.369,1,2130,0,403.088,7.557,155.938,369.625,39.250,-0.199,0.234,1.402,-3.414,-6.742,1.957,3.604,3.716,1.221,1.300,0,NULL,NULL,,3,1,2,7,255,943,250,0,0
stim,70369,100490,1,100490,3297809.457,-0.558,-0.001,-0.111,0.822,0,0,0,0,0,0,0,8,63,1.369,1,2130,0,406.700,6.664,172.750,364.938,48.813,-0.102,0.176,1.410,-3.422,-5.719,2.574,3.646,3.758,1.221,1.300,0,NULL,NULL,,3,1,2,7,255,943,250,0,0
stim,70369,100490,1,100490,3297814.455,-0.558,-0.010,-0.095,0.824,0,0,0,0,0,0,0,23,63,1.369,1,2130,0,408.813,5.441,187.125,358.875,57.625,-0.109,0.145,1.559,-3.422,-4.230,3.109,3.684,3.798,1.221,1.300,0,NULL,NULL,,3,1,2,7,255,943,250,0,0
stim,70369,100490,1,100490,3297819.453,-0.557,-0.018,-0.080,0.826,0,0,0,0,0,0,0,11,63,1.369,1,2130,0,408.839,5.270,197.313,350.813,71.750,-0.133,0.199,1.699,-3.422,-4.008,4.723,3.722,3.836,1.221,1.300,0,NULL,NULL,,3,1,2,7,255,943,250,0,0
stim,70369,100490,1,100490,3297824.455,-0.556,-0.026,-0.064,0.828,0,0,0,0,0,0,0,7,63,1.369,1,2130,0,409.628,5.500,205.125,345.813,78.313,-0.113,0.195,1.859,-3.828,-3.949,6.125,3.756,3.872,1.221,1.300,0,NULL,NULL,,3,1,2,7,255,943,250,0,0
stim,70399,100520,1,100520,3297829.454,-0.554,-0.033,-0.048,0.830,0,0,0,0,0,0,0,7,63,1.369,1,2130,0,412.188,5.255,216.438,338.563,91.813,-0.148,0.207,1.996,-4.012,-3.395,7.820,3.790,3.904,1.221,1.300,0,NULL,NULL,,3,1,2,7,255,943,250,0,0
stim,70399,100520,1,100520,3297834.455,-0.553,-0.040,-0.031,0.832,0,0,0,0,0,0,0,0,63,1.369,1,2130,0,412.770,5.138,220.125,337.938,87.875,-0.203,0.141,2.199,-4.012,-3.211,9.242,3.820,3.936,1.221,1.300,0,NULL,NULL,,3,1,2,7,255,943,250,0,0
stim,70399,100520,1,100520,3297839.454,-0.551,-0.047,-0.015,0.833,0,0,0,0,0,0,0,0,63,1.369,1,2130,0,404.867,4.398,213.063,336.250,73.875,-0.250,0.039,2.289,-3.371,-2.824,11.465,3.850,3.964,1.221,1.300,0,NULL,NULL,,3,1,2,7,255,943,250,0,0
stim,70399,100520,1,100520,3297844.455,-0.550,-0.055,0.001,0.833,0,0,0,0,0,0,0,0,63,1.369,1,2130,0,402.914,3.107,210.125,338.563,59.688,-0.172,-0.180,2.242,-2.281,-2.109,12.316,3.878,3.994,1.221,1.300,0,NULL,NULL,,3,1,2,7,255,943,250,0,0
stim,70399,100520,1,100520,3297849.454,-0.549,-0.062,0.017,0.834,0,0,0,0,0,0,0,0,63,1.369,1,2130,0,407.861,0.487,217.938,340.750,52.375,-0.219,-0.301,2.258,-0.449,0.188,12.566,3.906,4.022,1.221,1.300,0,NULL,NULL,,3,1,2,7,255,943,250,0,0
stim,70399,100520,1,100520,3297854.455,-0.548,-0.069,0.034,0.833,0,0,0,0,0,0,0,0,63,1.369,1,2130,0,416.859,1.412,235.375,341.875,38.625,-0.211,-0.441,2.305,0.930,1.063,12.566,3.932,4.048,1.221,1.300,0,NULL,NULL,,3,1,2,7,255,943,250,0,0
stim,70448,100569,1,100569,3297859.454,-0.548,-0.075,0.051,0.831,0,0,0,0,0,0,0,0,63,1.369,1,2130,0,422.015,3.394,249.438,340.125,13.875,-0.199,-0.473,2.469,2.270,2.523,13.023,3.958,4.074,1.221,1.300,0,NULL,NULL,,3,1,2,7,255,943,250,0,0
stim,70448,100569,1,100569,3297864.455,-0.549,-0.081,0.068,0.829,0,0,0,0,0,0,0,0,63,1.369,1,2130,0,427.763,4.523,263.688,336.563,-13.250,0.016,-0.539,2.555,2.488,3.777,14.484,3.980,4.096,1.221,1.300,0,NULL,NULL,,3,1,2,7,255,943,250,0,0
stim,70448,100569,1,100569,3297869.454,-0.551,-0.087,0.086,0.826,0,0,0,0,0,0,0,0,63,1.369,1,2130,0,431.983,7.352,274.188,331.563,-38.688,0.352,-0.633,2.578,2.488,6.918,14.484,3.998,4.114,1.221,1.300,0,NULL,NULL,,3,1,2,7,255,943,250,0,0
stim,70448,100569,1,100569,3297874.455,-0.552,-0.091,0.104,0.822,0,0,0,0,0,0,0,0,63,1.369,1,2130,0,438.243,11.366,290.063,325.250,-46.188,0.625,-0.676,2.652,2.367,11.117,13.832,4.010,4.126,1.221,1.300,0,NULL,NULL,,3,1,2,7,255,943,250,0,0
stim,70448,100569,1,100569,3297879.454,-0.554,-0.096,0.122,0.818,0,0,0,0,0,0,0,0,63,1.369,1,2130,0,443.650,14.858,304.563,318.000,-54.250,0.855,-0.793,2.773,2.367,14.668,13.355,4.014,4.130,1.221,1.300,0,NULL,NULL,,3,1,2,7,255,943,250,0,0
stim,70448,100569,1,100569,3297884.455,-0.556,-0.099,0.141,0.813,0,0,0,0,0,0,0,12,63,1.369,1,2130,0,446.938,18.415,323.500,304.438,-49.188,1.133,-0.902,2.879,2.707,18.215,13.188,4.012,4.128,1.221,1.300,0,NULL,NULL,,3,1,2,7,255,943,250,0,0
stim,70467,100588,1,100588,3297889.454,-0.558,-0.102,0.159,0.808,0,0,0,0,0,0,0,24,63,1.369,1,2130,0,439.428,22.247,325.813,289.000,-58.500,1.254,-0.629,3.117,2.707,22.082,13.188,3.998,4.116,1.221,1.300,0,NULL,NULL,,3,1,2,7,255,943,250,0,0
stim,70467,100588,1,100588,3297894.455,-0.561,-0.104,0.177,0.802,0,0,0,0,0,0,0,28,63,1.369,1,2130,0,437.895,23.759,330.938,273.563,-86.000,1.668,-0.508,3.055,0.797,23.746,12.488,3.974,4.092,1.221,1.300,0,NULL,NULL,,3,1,2,7,255,943,250,0,0
stim,70467,100588,1,100588,3297899.454,-0.564,-0.105,0.195,0.795,0,0,0,0,0,0,0,35,63,1.369,1,2130,0,449.098,27.380,345.625,267.938,-102.188,1.984,-0.340,3.379,-1.051,27.359,12.152,3.940,4.056,1.221,1.300,0,NULL,NULL,,3,1,2,7,255,943,250,0,0
stim,70467,100588,1,100588,3297904.455,-0.568,-0.108,0.211,0.788,0,0,0,0,0,0,0,47,63,1.369,1,2130,0,425.674,31.646,309.875,266.875,-118.125,2.305,-0.313,3.750,-2.824,31.520,12.152,3.890,4.008,1.221,1.300,0,NULL,NULL,,3,1,2,7,255,943,250,0,0
stim,70467,100588,0,100588,3297909.454,-0.571,-0.112,0.226,0.782,0,0,0,0,0,0,0,59,63,1.369,1,2130,0,375.053,36.574,242.750,260.438,-117.938,2.746,-0.438,3.852,-2.824,36.465,12.152,3.828,3.948,1.221,1.300,0,NULL,NULL,,3,0,2,7,255,944,250,0,0
stim,70467,100588,0,100588,3297914.455,-0.573,-0.117,0.237,0.776,0,0,0,0,0,0,0,63,63,1.369,1,2130,0,318.307,41.694,165.375,252.250,-101.688,3.109,-0.414,3.473,-3.215,41.570,10.879,3.754,3.874,1.221,1.300,0,NULL,NULL,,3,0,2,7,255,944,250,0,0
stim,70467,100588,0,100588,3297919.454,-0.574,-0.124,0.246,0.771,0,0,0,0,0,0,0,75,63,1.369,1,2130,0,283.927,43.360,114.563,243.000,-91.875,3.395,-0.383,2.953,-3.863,43.188,5.020,3.668,3.788,1.221,1.300,0,NULL,NULL,,3,0,2,7,255,944,250,0,0
stim,70467,100588,0,100588,3297924.455,-0.575,-0.130,0.254,0.766,0,0,0,0,0,0,0,111,63,1.369,1,2130,0,264.982,43.484,91.938,232.063,-88.938,3.656,-0.469,2.492,-5.039,43.191,-1.645,3.570,3.690,1.221,1.300,0,NULL,NULL,,3,0,2,7,255,944,250,0,0
stim,70489,100610,0,100610,3297929.454,-0.577,-0.136,0.262,0.762,0,0,0,0,0,0,0,181,63,1.369,1,2130,0,241.596,43.535,76.500,213.313,-83.750,3.910,-0.676,2.121,-5.039,43.242,-7.863,3.458,3.578,1.221,1.300,0,NULL,NULL,,3,0,2,7,255,944,250,0,0
stim,70489,100610,0,100610,3297934.455,-0.577,-0.142,0.268,0.758,0,0,0,0,0,0,0,231,63,1.369,1,2130,0,210.790,43.920,64.875,188.063,-69.688,4.238,-1.012,1.648,-3.859,43.750,-13.512,3.332,3.452,1.221,1.300,0,NULL,NULL,,3,0,2,7,255,944,250,0,0
stim,70489,100610,0,100610,3297939.454,-0.577,-0.146,0.274,0.755,0,0,0,0,0,0,0,263,63,1.369,1,2130,0,177.127,43.844,71.625,157.063,-39.688,4.512,-1.234,1.133,-1.773,43.809,-20.496,3.190,3.308,1.221,1.300,0,NULL,NULL,,3,0,2,7,255,944,250,0,0
stim,70489,100610,0,100610,3297944.455,-0.577,-0.147,0.281,0.753,0,0,0,0,0,0,0,286,63,1.369,1,2130,0,165.231,43.813,106.188,126.063,-11.563,4.445,-1.324,0.746,-0.652,43.809,-27.180,3.028,3.146,1.221,1.300,0,NULL,NULL,,3,0,2,7,255,944,250,0,0
stim,70511,100632,0,100632,3297949.454,-0.578,-0.146,0.288,0.750,0,0,0,0,0,0,0,295,63,1.369,1,2130,0,192.093,42.641,171.500,85.813,-11.125,4.648,-1.992,0.594,0.141,42.641,-30.660,2.852,2.966,1.221,1.300,0,NULL,NULL,,3,0,2,7,255,944,250,0,0
stim,70511,100632,0,100632,3297954.455,-0.577,-0.140,0.299,0.747,0,0,0,0,0,0,0,281,63,1.369,1,2130,0,280.519,43.030,272.063,51.125,45.375,4.594,-2.453,0.762,5.777,42.641,-35.016,2.664,2.776,1.221,1.300,0,NULL,NULL,,3,0,2,7,255,944,250,0,0
stim,70511,100632,0,100632,3297959.454,-0.576,-0.130,0.311,0.744,0,0,0,0,0,0,0,279,63,1.369,1,2130,0,374.431,44.887,362.438,1.313,94.000,4.168,-2.227,1.676,10.258,43.699,-35.016,2.468,2.578,1.221,1.300,0,NULL,NULL,,3,0,2,7,255,944,250,0,0
stim,70511,100632,0,100632,3297964.455,-0.575,-0.117,0.323,0.742,0,0,0,6,0,0,0,354,63,1.369,1,2130,0,403.202,46.345,381.875,-40.938,122.750,3.582,-1.309,2.738,10.258,45.195,-25.879,2.268,2.374,1.221,1.300,0,NULL,NULL,,3,0,2,7,255,944,250,0,0
stim,70549,100670,0,100670,3297969.454,-0.570,-0.095,0.337,0.743,281,0,0,661,0,83,0,493,63,1.369,1,2130,0,608.423,46.738,511.125,-177.500,278.250,1.910,-1.258,6.215,10.398,45.566,-12.363,2.066,2.164,1.221,1.300,0,NULL,NULL,,3,0,2,7,255,944,250,0,0
stim,70549,100670,0,100670,3297974.455,-0.563,-0.059,0.352,0.745,1082,0,0,1461,0,343,0,605,63,1.369,1,2130,0,904.830,53.655,692.000,-372.125,448.750,1.660,2.320,11.832,6.352,53.277,22.465,1.858,1.950,1.221,1.300,0,NULL,NULL,,3,0,2,7,255,944,250,0,0
stim,70549,100670,0,100670,3297979.454,-0.558,-0.072,0.324,0.761,1693,0,0,1897,0,629,0,659,63,1.369,1,2130,0,796.241,53.731,-771.688,-123.688,152.313,0.043,0.723,6.195,6.965,53.277,40.805,1.646,1.732,1.221,1.300,0,NULL,NULL,,3,0,2,7,255,944,250,0,0
stim,70549,100670,0,100670,3297984.455,-0.544,-0.092,0.275,0.787,2119,0,0,2077,0,973,0,693,63,1.369,1,2131,0,1394.813,34.108,-1335.938,-232.313,326.813,0.840,3.918,-0.359,6.352,33.512,40.805,1.428,1.504,1.221,1.300,1,960.000,16.000,,3,0,2,7,255,944,250,0,0
stim,70549,100670,0,100670,3297989.453,-0.530,-0.101,0.246,0.805,2391,0,0,2247,0,1206,0,743,63,1.369,1,2131,0,886.553,26.666,-787.563,-171.125,369.375,-1.141,3.176,-3.578,-26.039,-5.746,-4.680,1.202,1.272,1.221,1.300,1,NULL,NULL,,3,0,2,7,255,944,250,0,0
stim,70549,100670,0,100670,3297994.455,-0.520,-0.097,0.236,0.815,2551,0,0,2361,0,1383,0,826,63,1.369,1,2131,0,406.199,40.225,-214.188,-162.250,304.625,-2.566,0.270,-2.035,-26.039,-30.660,-16.488,0.984,1.042,1.221,1.300,1,NULL,NULL,,3,0,2,7,255,944,250,0,0
stim,70549,100670,0,100670,3297999.454,-0.517,-0.087,0.237,0.818,2705,0,0,2534,0,1485,0,875,63,1.369,1,2131,0,245.790,30.746,113.875,-178.688,124.563,-1.836,0.762,1.266,2.301,-30.660,-16.488,0.778,0.824,1.221,1.300,2,NULL,NULL,,3,0,2,7,255,944,250,0,0
stim,70549,100670,0,100670,3298004.455,-0.517,-0.080,0.238,0.818,2820,0,0,2684,0,1571,0,985,63,1.369,1,2131,0,170.445,11.732,110.313,-118.938,52.313,-0.203,3.664,2.285,2.301,-11.504,10.117,0.592,0.614,1.221,1.300,2,NULL,NULL,,3,0,2,7,255,944,250,0,0
stim,70571,100692,0,100692,3298009.454,-0.510,-0.074,0.233,0.825,2902,0,0,2797,0,1634,0,1085,63,1.369,1,2131,0,277.107,13.817,-79.125,-157.688,213.688,-0.691,2.113,2.383,-13.059,-4.516,19.234,0.448,0.430,1.221,1.300,2,NULL,NULL,,3,0,2,7,255,944,250,0,0
stim,70571,100692,0,100692,3298014.455,-0.504,-0.074,0.216,0.833,2963,0,0,2887,0,1701,0,1203,63,1.369,1,2131,0,445.213,13.817,-362.563,-176.188,189.000,-1.910,-0.504,1.422,-13.059,-4.516,19.234,0.382,0.308,1.221,1.300,2,NULL,NULL,,3,0,2,7,255,944,250,0,0
stim,70571,100692,0,100692,3298019.454,-0.504,-0.075,0.198,0.837,2985,0,0,2961,0,1755,0,1309,63,1.369,1,2131,0,425.757,15.945,-380.000,-191.813,8.750,-1.996,-0.949,-0.609,14.203,-7.246,7.891,0.390,0.276,1.221,1.300,2,NULL,NULL,,3,0,2,7,255,944,250,0,0
stim,70571,100692,0,100692,3298024.455,-0.510,-0.073,0.188,0.836,3032,0,0,3019,0,1835,0,1417,63,1.369,1,2131,0,291.615,15.945,-155.688,-193.813,-152.438,-0.871,-0.980,-0.344,14.203,-7.246,-11.023,0.418,0.306,1.221,1.300,2,NULL,NULL,,3,0,2,7,255,944,250,0,0
stim,70595,100716,0,100716,3298029.454,-0.519,-0.068,0.182,0.832,3061,0,0,3065,0,1897,0,1509,63,1.369,1,2131,0,278.564,12.996,-23.563,-187.813,-204.375,0.332,-0.945,1.035,12.258,-4.316,-11.023,0.448,0.354,1.221,1.300,2,NULL,NULL,,3,0,2,7,255,944,250,0,0
stim,70595,100716,0,100716,3298034.455,-0.525,-0.063,0.176,0.830,3039,0,0,3107,0,1952,0,1595,63,1.369,1,2131,0,215.061,12.386,-39.000,-161.813,-136.188,1.195,-0.926,1.676,7.184,10.090,-3.219,0.486,0.402,1.221,1.300,2,NULL,NULL,,3,0,2,7,255,944,250,0,0
stim,70595,100716,0,100716,3298039.454,-0.526,-0.060,0.170,0.831,3096,0,0,3141,0,2025,0,1645,63,1.369,1,2131,0,171.931,20.514,-92.250,-144.250,-15.563,1.359,-1.469,1.734,7.184,19.215,-0.266,0.538,0.448,1.221,1.300,2,NULL,NULL,,3,0,2,7,255,944,250,0,0
stim,70595,100716,0,100716,3298044.455,-0.523,-0.058,0.162,0.835,3111,0,0,3151,0,2094,0,1678,63,1.369,1,2131,0,222.678,21.078,-145.688,-133.188,103.063,0.898,-1.895,1.434,7.828,19.570,-0.266,0.580,0.488,1.221,1.300,2,NULL,NULL,,3,0,2,7,255,944,250,0,0
stim,70595,100716,0,100716,3298049.454,-0.516,-0.056,0.154,0.841,3097,0,0,3181,0,2155,20,1709,63,1.369,1,2131,0,275.841,22.200,-151.500,-127.750,191.875,0.055,-1.215,0.715,10.480,19.570,-2.191,0.592,0.506,1.221,1.300,2,NULL,NULL,,3,0,2,7,255,944,250,0,0
stim,70595,100716,0,100716,3298054.455,-0.511,-0.053,0.147,0.845,3128,0,0,3181,0,2211,38,1748,63,1.369,1,2131,0,234.117,12.975,-114.125,-135.563,153.000,-1.152,-0.172,0.832,10.480,7.648,-2.191,0.576,0.510,1.221,1.300,2,NULL,NULL,,3,0,2,7,255,944,250,0,0
stim,70647,100768,0,100768,3298059.454,-0.510,-0.049,0.141,0.847,3131,0,0,3191,0,2286,58,1837,63,1.369,1,2131,0,169.092,8.699,-82.563,-142.250,39.250,-0.637,0.402,0.719,6.992,-5.176,-0.992,0.546,0.502,1.221,1.300,2,NULL,NULL,,3,0,2,7,255,944,250,0,0
stim,70647,100768,0,100768,3298064.455,-0.510,-0.045,0.135,0.848,3104,0,0,3196,91,2347,167,1991,63,1.369,1,2131,0,158.480,5.313,-67.063,-142.938,13.688,-0.250,0.031,1.168,1.199,-5.176,0.422,0.510,0.480,1.221,1.300,2,NULL,NULL,,3,0,2,7,255,944,250,0,0
stim,70647,100768,0,100768,3298069.454,-0.511,-0.042,0.130,0.849,3123,0,0,3207,362,2392,279,2121,63,1.369,1,2131,0,139.123,0.826,-64.813,-123.000,-5.063,0.047,-0.020,1.617,0.414,0.715,1.801,0.466,0.438,1.221,1.300,2,NULL,NULL,,3,0,2,7,255,944,250,0,0
stim,70647,100768,0,100768,3298074.455,-0.512,-0.041,0.127,0.848,3123,0,0,3191,615,2427,262,2195,63,1.369,1,2131,0,90.337,4.402,-41.750,-67.750,-42.750,0.535,0.148,1.492,0.414,4.383,3.543,0.416,0.380,1.221,1.300,2,NULL,NULL,,3,0,2,7,255,944,250,0,0
stim,70647,100768,0,100768,3298079.454,-0.513,-0.039,0.125,0.848,3125,0,0,3197,825,2449,279,2257,63,1.369,1,2131,0,63.851,8.079,-22.563,-56.438,-19.563,0.855,0.430,1.113,-3.359,7.348,3.543,0.360,0.314,1.221,1.300,2,NULL,NULL,,3,0,2,7,255,944,250,0,0
stim,70647,100768,0,100768,3298084.455,-0.513,-0.038,0.123,0.849,3129,0,0,3207,987,2457,292,2317,63,1.369,1,2131,0,52.605,8.079,-28.063,-44.063,6.188,0.164,0.141,1.758,-3.359,7.348,3.543,0.308,0.258,1.221,1.300,2,NULL,NULL,,3,0,2,7,255,944,250,0,0
stim,70647,100768,0,100768,3298089.454,-0.514,-0.039,0.118,0.849,3127,0,0,3197,1131,2471,312,2351,63,1.369,1,2131,0,108.511,4.966,-104.813,-26.750,-8.563,-0.004,-0.176,1.215,-1.461,4.746,1.570,0.266,0.220,1.221,1.300,2,NULL,NULL,,3,0,2,7,255,944,250,0,0
stim,70647,100768,0,100768,3298094.455,-0.513,-0.041,0.115,0.850,3087,0,0,3197,1225,2487,327,2395,63,1.369,1,2131,0,93.905,3.691,-90.188,-24.563,9.000,-0.051,-0.133,0.602,1.402,3.414,1.570,0.238,0.200,1.221,1.300,2,NULL,NULL,,3,0,2,7,255,944,250,0,0
stim,70647,100768,0,100768,3298099.454,-0.514,-0.041,0.113,0.849,3135,0,0,3193,1319,2485,317,2423,63,1.369,1,2131,0,42.667,2.034,-32.188,-22.813,-16.250,-0.270,-0.020,0.863,1.477,1.398,-1.078,0.224,0.184,1.221,1.300,2,NULL,NULL,,3,0,2,7,255,944,250,0,0
stim,70647,100768,0,100768,3298104.455,-0.516,-0.040,0.112,0.849,3139,0,0,3195,1381,2491,329,2441,63,1.369,1,2131,0,49.885,1.937,1.000,-19.125,-46.063,0.016,0.227,1.059,1.402,1.336,-1.078,0.218,0.168,1.221,1.300,2,NULL,NULL,,3,0,2,7,255,944,250,0,0
stim,70674,100795,0,100795,3298109.454,-0.517,-0.040,0.111,0.848,3117,8,0,3189,1431,2495,337,2459,63,1.369,1,2131,0,40.387,2.347,-10.500,-14.063,-36.375,0.109,0.293,1.285,-1.930,1.336,0.555,0.222,0.148,1.221,1.300,2,NULL,NULL,,3,0,2,7,255,944,250,0,0
stim,70674,100795,0,100795,3298114.455,-0.518,-0.040,0.109,0.848,3123,19,0,3191,1482,2502,341,2471,63,1.369,1,2131,0,56.721,2.530,-51.250,-8.875,-22.625,-0.012,0.199,1.270,-1.930,1.637,2.586,0.234,0.126,1.221,1.300,2,NULL,NULL,,3,0,2,7,255,944,250,0,0
stim,70674,100795,0,100795,3298119.453,-0.519,-0.042,0.107,0.847,3119,26,0,3187,1513,2504,347,2485,63,1.369,1,2131,0,73.406,2.279,-67.688,-3.500,-28.188,-0.152,0.191,1.031,-1.586,1.637,2.586,0.248,0.108,1.221,1.300,2,NULL,NULL,,3,0,2,7,255,944,250,0,0
stim,70674,100795,0,100795,3298124.455,-0.520,-0.043,0.105,0.846,3087,33,0,3183,1549,2505,347,2490,63,1.369,1,2131,0,71.810,0.951,-52.250,-1.000,-49.250,-0.164,0.164,0.918,-0.949,-0.059,0.543,0.256,0.092,1.221,1.300,2,NULL,NULL,,3,0,2,7,255,944,250,0,0
stim,70692,100813,0,100813,3298129.454,-0.523,-0.044,0.103,0.845,3116,39,0,3183,1581,2505,349,2493,63,1.369,1,2131,0,68.839,0.951,-32.375,-0.313,-60.750,0.004,0.148,0.973,-0.949,-0.059,-0.355,0.262,0.078,1.221,1.300,2,NULL,NULL,,3,0,2,7,255,944,250,0,0
stim,70692,100813,0,100813,3298134.455,-0.524,-0.045,0.102,0.844,3115,44,0,3183,1607,2508,359,2495,63,1.369,1,2131,0,54.406,1.848,-27.063,2.625,-47.125,0.105,0.090,1.039,-1.293,1.320,-0.355,0.264,0.066,1.221,1.300,2,NULL,NULL,,3,0,2,7,255,944,250,0,0
stim,70692,100813,0,100813,3298139.454,-0.525,-0.045,0.100,0.844,3109,44,0,3189,1621,2509,363,2507,63,1.369,1,2131,0,44.712,2.756,-35.438,2.750,-27.125,0.055,0.027,1.070,-1.293,2.434,0.063,0.268,0.056,1.221,1.300,2,NULL,NULL,,3,0,2,7,255,944,250,0,0
stim,70692,100813,0,100813,3298144.455,-0.526,-0.046,0.099,0.844,3113,57,0,3181,1631,2508,373,2501,63,1.369,1,2131,0,41.844,2.497,-37.875,4.813,-17.125,-0.039,0.035,0.961,-0.559,2.434,0.063,0.274,0.046,1.221,1.300,2,NULL,NULL,,3,0,2,7,255,944,250,0,0
stim,70714,100835,0,100835,3298149.454,-0.526,-0.047,0.098,0.843,3111,62,0,3179,1643,2505,376,2494,63,1.369,1,2131,0,30.189,1.398,-24.563,5.625,-16.625,-0.086,0.063,0.918,-0.324,1.359,-0.477,0.278,0.038,1.221,1.300,2,NULL,NULL,,3,0,2,7,255,944,250,0,0
stim,70714,100835,0,100835,3298154.455,-0.527,-0.048,0.098,0.843,3066,71,0,3179,1653,2505,373,2507,63,1.369,1,2131,0,21.102,0.821,-11.688,4.438,-17.000,-0.086,0.125,1.008,-0.324,0.754,-0.477,0.284,0.032,1.221,1.300,2,NULL,NULL,,3,0,2,7,255,944,250,0,0
stim,70747,100868,0,100868,3298159.454,-0.527,-0.048,0.097,0.843,3101,75,0,3177,1661,2503,365,2493,63,1.369,1,2131,0,18.314,1.100,-12.875,3.438,-12.563,-0.098,0.184,1.086,-0.883,0.656,0.109,0.288,0.026,1.221,1.300,2,NULL,NULL,,3,0,2,7,255,944,250,0,0
stim,70747,100868,0,100868,3298164.455,-0.528,-0.048,0.097,0.843,3099,75,0,3173,1673,2495,357,2493,63,1.369,1,2131,0,21.872,1.442,-19.938,2.750,-8.563,-0.117,0.207,1.055,-1.359,0.480,0.699,0.294,0.022,1.221,1.300,2,NULL,NULL,,3,0,2,7,255,944,250,0,0
stim,70747,100868,0,100868,3298169.454,-0.528,-0.049,0.096,0.843,3095,83,0,3165,1695,2493,331,2501,63,1.386,1,2131,1,21.729,1.368,-21.000,1.250,-5.438,-0.141,0.148,1.023,-1.359,0.152,0.699,0.000,0.000,1.168,1.310,2,NULL,NULL,,3,0,2,7,255,944,250,0,0
stim,70747,100868,0,100868,3298174.455,-0.528,-0.049,0.095,0.843,3091,83,0,3162,1705,2495,324,2507,63,1.386,1,2131,1,21.381,0.898,-21.250,-0.500,-2.313,-0.164,0.094,0.992,-0.891,0.113,0.367,0.006,0.004,1.168,1.310,2,NULL,NULL,,3,0,2,7,255,944,250,0,0
stim,70747,100868,0,100868,3298179.454,-0.528,-0.049,0.094,0.843,3080,85,2,3155,1723,2491,317,2511,63,1.386,1,2131,1,18.103,0.322,-17.750,-3.375,1.125,-0.188,0.102,0.957,-0.316,0.059,0.074,0.012,0.008,1.168,1.310,2,NULL,NULL,,3,0,2,7,255,944,250,0,0
stim,70747,100868,0,100868,3298184.455,-0.528,-0.050,0.094,0.843,3067,85,4,3148,1741,2491,313,2521,63,1.386,1,2131,1,14.740,0.399,-13.313,-6.063,1.813,-0.211,0.113,0.980,-0.305,-0.258,0.074,0.018,0.012,1.168,1.310,2,NULL,NULL,,3,0,2,7,255,944,250,0,0
stim,70767,100888,0,100888,3298189.454,-0.528,-0.050,0.093,0.843,3055,83,5,3133,1757,2489,313,2531,63,1.386,1,2131,1,16.914,0.481,-15.125,-7.563,-0.375,-0.215,0.098,1.008,-0.301,-0.375,0.086,0.024,0.014,1.168,1.310,2,NULL,NULL,,3,0,2,7,255,944,250,0,0
stim,70767,100888,0,100888,3298194.455,-0.528,-0.050,0.092,0.843,3053,83,26,3135,1775,2489,309,2540,63,1.386,1,2131,1,19.896,0.411,-16.938,-9.563,-4.188,-0.199,0.078,0.965,-0.168,-0.375,0.086,0.028,0.018,1.168,1.310,2,NULL,NULL,,3,0,2,7,255,944,250,0,0
stim,70767,100888,0,100888,3298199.454,-0.528,-0.050,0.092,0.843,3031,83,35,3113,1805,2491,309,2551,63,1.386,1,2131,1,18.218,0.279,-12.875,-11.375,-6.063,-0.172,0.051,0.941,-0.055,-0.273,-0.109,0.032,0.020,1.168,1.310,2,NULL,NULL,,3,0,2,7,255,944,250,0,0
stim,70767,100888,0,100888,3298204.455,-0.528,-0.049,0.091,0.843,3019,82,40,3100,1836,2489,308,2570,63,1.386,1,2131,1,16.768,0.086,-9.625,-12.813,-4.938,-0.164,0.016,0.965,0.078,0.035,-0.250,0.036,0.024,1.168,1.310,2,NULL,NULL,,3,0,2,7,255,944,250,0,0
stim,70767,100888,0,100888,3298209.454,-0.528,-0.049,0.090,0.843,3000,83,93,3087,1871,2491,309,2585,63,1.386,1,2131,1,16.834,0.195,-7.750,-14.250,-4.500,-0.180,0.039,0.953,0.191,0.035,-0.320,0.040,0.026,1.168,1.310,2,NULL,NULL,,3,0,2,7,255,944,250,0,0
stim,70767,100888,0,100888,3298214.455,-0.529,-0.049,0.090,0.843,2957,91,120,3067,1912,2491,312,2599,63,1.386,1,2131,1,17.905,0.192,-3.438,-16.250,-6.688,-0.199,0.094,0.953,0.191,0.016,-0.250,0.044,0.028,1.168,1.310,2,NULL,NULL,,3,0,2,7,255,944,250,0,0
stim,70767,100888,0,100888,3298219.454,-0.529,-0.048,0.089,0.842,2971,109,147,3061,1957,2501,317,2629,63,1.386,1,2131,1,20.922,0.449,-1.188,-17.438,-11.500,-0.215,0.141,0.992,-0.199,-0.402,-0.234,0.046,0.030,1.168,1.310,2,NULL,NULL,,3,0,2,7,255,944,250,0,0
stim,70767,100888,0,100888,3298224.455,-0.530,-0.047,0.089,0.842,2933,127,217,3030,2005,2501,344,2633,63,1.386,1,2131,1,25.916,0.860,-3.500,-18.375,-17.938,-0.215,0.176,1.023,-0.551,-0.660,0.199,0.050,0.032,1.168,1.310,2,NULL,NULL,,3,0,2,7,255,944,250,0,0
stim,70788,100909,0,100909,3298229.454,-0.531,-0.047,0.088,0.842,2902,133,280,3014,2054,2505,379,2662,63,1.386,1,2131,1,31.599,1.077,-6.813,-19.000,-24.313,-0.191,0.176,1.027,-0.852,-0.660,0.527,0.050,0.032,1.168,1.310,2,NULL,NULL,,3,0,2,7,255,944,250,0,0
stim,70788,100909,0,100909,3298234.455,-0.532,-0.046,0.087,0.841,2879,143,373,2993,2105,2517,423,2675,63,1.386,1,2131,1,36.268,1.073,-9.188,-19.375,-29.250,-0.168,0.156,1.020,-0.891,-0.598,0.527,0.052,0.034,1.168,1.310,2,NULL,NULL,,3,0,2,7,255,944,250,0,0
stim,70788,100909,0,100909,3298239.454,-0.533,-0.046,0.087,0.840,2847,156,465,2957,2155,2515,469,2683,63,1.386,1,2131,1,40.288,0.951,-11.250,-20.188,-33.000,-0.156,0.148,1.012,-0.891,-0.332,0.395,0.054,0.034,1.168,1.310,2,NULL,NULL,,3,0,2,7,255,944,250,0,0
stim,70788,100909,0,100909,3298244.455,-0.534,-0.045,0.086,0.840,2789,171,576,2932,2221,2519,523,2700,63,1.386,1,2131,1,43.144,0.908,-11.188,-20.875,-36.063,-0.109,0.121,0.984,-0.875,-0.242,0.309,0.056,0.034,1.168,1.310,2,NULL,NULL,,3,0,2,7,255,944,250,0,0
stim,70815,100936,0,100936,3298249.454,-0.536,-0.045,0.085,0.839,2774,183,695,2897,2283,2522,570,2717,63,1.386,1,2131,1,40.395,0.869,-8.500,-21.500,-33.125,-0.113,0.074,0.984,-0.844,0.207,-0.070,0.056,0.036,1.168,1.310,2,NULL,NULL,,3,0,2,7,255,944,250,0,0
stim,70815,100936,0,100936,3298254.455,-0.537,-0.044,0.084,0.838,2730,184,807,2869,2343,2527,661,2735,63,1.386,1,2131,1,43.205,0.473,-10.938,-23.688,-34.438,-0.176,0.074,1.012,-0.426,0.207,-0.070,0.058,0.036,1.168,1.310,2,NULL,NULL,,3,0,2,7,255,944,250,0,0
stim,70815,100936,0,100936,3298259.454,-0.538,-0.044,0.083,0.838,2675,215,937,2839,2401,2533,733,2759,63,1.386,1,2131,1,46.970,0.452,-10.875,-25.563,-37.875,-0.156,0.141,0.965,-0.426,-0.152,-0.098,0.060,0.038,1.168,1.310,2,NULL,NULL,,3,0,2,7,255,944,250,0,0
stim,70815,100936,0,100936,3298264.455,-0.540,-0.043,0.082,0.837,2605,221,1101,2804,2455,2535,902,2776,63,1.386,1,2131,1,52.026,0.883,-7.938,-27.313,-43.563,-0.184,0.207,1.023,-0.809,-0.355,0.270,0.064,0.038,1.168,1.310,2,NULL,NULL,,3,0,2,7,255,944,250,0,0
stim,70850,100971,0,100971,3298269.454,-0.542,-0.042,0.081,0.835,2541,233,1226,2777,2517,2537,1049,2803,63,1.386,1,2131,1,60.768,1.484,-12.313,-26.688,-53.188,-0.168,0.234,1.070,-1.301,-0.715,0.500,0.066,0.040,1.168,1.310,2,NULL,NULL,,3,0,2,7,255,944,250,0,0
stim,70850,100971,0,100971,3298274.455,-0.544,-0.042,0.079,0.834,2463,232,1363,2741,2567,2553,1211,2811,63,1.386,1,2131,1,66.941,1.484,-19.813,-25.813,-58.500,-0.152,0.188,1.063,-1.301,-0.715,0.793,0.068,0.044,1.168,1.310,2,NULL,NULL,,3,0,2,7,255,944,250,0,0
stim,70850,100971,0,100971,3298279.454,-0.546,-0.042,0.077,0.833,2390,241,1512,2685,2600,2565,1327,2834,63,1.386,1,2131,1,72.392,1.363,-29.375,-25.625,-61.000,-0.141,0.102,1.047,-1.297,-0.418,0.793,0.070,0.048,1.168,1.310,2,NULL,NULL,,3,0,2,7,255,944,250,0,0
stim,70850,100971,0,100971,3298284.455,-0.549,-0.042,0.075,0.832,2293,250,1672,2643,2652,2555,1498,2842,63,1.386,1,2131,1,76.595,0.578,-34.063,-25.813,-63.563,-0.129,0.020,1.008,-0.578,-0.016,0.574,0.076,0.056,1.168,1.310,2,NULL,NULL,,3,0,2,7,255,944,250,0,0
stim,70850,100971,0,100971,3298289.454,-0.551,-0.042,0.073,0.830,2157,263,1805,2588,2687,2571,1651,2863,63,1.386,1,2131,0,75.585,0.323,-35.688,-26.375,-61.188,-0.105,-0.055,0.984,0.082,0.313,0.125,0.082,0.060,1.168,1.310,2,NULL,NULL,,3,0,2,7,255,944,250,0,0
stim,70850,100971,0,100971,3298294.455,-0.553,-0.042,0.071,0.829,2039,266,1927,2509,2720,2555,1767,2873,63,1.386,1,2131,0,74.320,0.920,-37.250,-26.438,-58.625,-0.125,-0.086,1.008,0.641,0.660,0.086,0.086,0.066,1.168,1.310,2,NULL,NULL,,3,0,2,7,255,944,250,0,0
stim,70850,100971,0,100971,3298299.454,-0.555,-0.042,0.068,0.828,1915,252,2038,2429,2746,2565,1869,2887,63,1.386,1,2131,0,84.694,1.140,-49.063,-29.188,-62.563,-0.160,-0.074,1.102,0.930,0.660,0.086,0.090,0.070,1.168,1.310,2,NULL,NULL,,3,0,2,7,255,944,250,0,0
stim,70850,100971,0,100971,3298304.455,-0.558,-0.043,0.065,0.827,1740,248,2189,2329,2778,2571,1981,2905,63,1.386,1,2131,0,100.096,1.008,-68.875,-30.188,-66.063,-0.168,0.008,1.164,0.930,0.391,1.055,0.092,0.074,1.168,1.310,2,NULL,NULL,,3,0,2,7,255,944,250,0,0
stim,70874,100995,0,100995,3298309.454,-0.560,-0.044,0.061,0.825,1547,235,2292,2215,2811,2568,2072,2907,63,1.386,1,2131,0,115.861,0.302,-85.250,-30.000,-72.500,-0.207,0.000,1.039,0.301,0.023,1.055,0.094,0.074,1.168,1.310,2,NULL,NULL,,3,0,2,7,255,944,250,0,0
stim,70874,100995,0,100995,3298314.455,-0.563,-0.045,0.057,0.823,1316,235,2397,2103,2846,2568,2196,2921,63,1.386,1,2131,0,123.170,0.301,-81.438,-33.000,-86.313,-0.148,-0.074,0.871,0.301,0.004,0.551,0.092,0.072,1.168,1.310,2,NULL,NULL,,3,0,2,7,255,944,250,0,0
stim,70874,100995,0,100995,3298319.454,-0.566,-0.045,0.053,0.821,1102,181,2487,1944,2873,2553,2271,2927,63,1.386,1,2131,0,109.649,0.762,-62.125,-34.813,-83.375,-0.012,-0.160,0.926,0.762,0.004,-0.832,0.090,0.070,1.168,1.310,2,NULL,NULL,,3,0,2,7,255,944,250,0,0
stim,70874,100995,0,100995,3298324.455,-0.568,-0.045,0.050,0.820,907,165,2539,1709,2897,2554,2367,2947,63,1.386,1,2131,0,89.815,1.016,-48.000,-36.500,-66.563,-0.055,-0.008,0.988,0.762,0.672,-0.832,0.088,0.070,1.168,1.310,2,NULL,NULL,,3,0,2,7,255,944,250,0,0
stim,70901,101022,0,101022,3298329.454,-0.571,-0.045,0.048,0.819,613,88,2588,1445,2903,2540,2441,2951,63,1.386,1,2131,0,85.427,0.731,-41.938,-37.563,-64.250,-0.094,0.027,1.070,-0.289,0.672,-0.152,0.088,0.068,1.168,1.310,2,NULL,NULL,,3,0,2,7,255,944,250,0,0
stim,70901,101022,0,101022,3298334.455,-0.573,-0.045,0.045,0.817,380,73,2648,1179,2935,2531,2517,2957,63,1.386,1,2131,0,81.701,0.585,-40.750,-42.188,-56.875,-0.102,0.035,1.074,-0.531,0.246,0.691,0.086,0.068,1.168,1.310,2,NULL,NULL,,3,0,2,7,255,944,250,0,0
stim,70901,101022,0,101022,3298339.454,-0.574,-0.044,0.042,0.816,224,9,2681,885,2951,2509,2567,2978,63,1.386,1,2131,0,82.513,0.585,-46.688,-42.188,-53.375,-0.020,-0.016,1.160,-0.531,0.246,0.773,0.086,0.068,1.168,1.310,2,NULL,NULL,,3,0,2,7,255,944,250,0,0
stim,70901,101022,0,101022,3298344.455,-0.576,-0.044,0.039,0.815,85,0,2709,611,2963,2492,2620,2975,63,1.386,1,2131,0,81.346,0.939,-51.000,-46.438,-43.125,-0.023,-0.016,0.992,-0.496,0.797,0.773,0.086,0.068,1.168,1.310,2,NULL,NULL,,3,0,2,7,255,944,250,0,0
stim,70901,101022,0,101022,3298349.454,-0.577,-0.043,0.036,0.815,21,0,2745,427,2972,2477,2656,2988,63,1.386,1,2131,0,74.491,0.939,-37.813,-48.313,-42.250,-0.023,0.027,1.008,-0.496,0.797,0.027,0.086,0.068,1.168,1.310,2,NULL,NULL,,3,0,2,7,255,944,250,0,0
stim,70901,101022,0,101022,3298354.455,-0.579,-0.042,0.033,0.814,0,0,2781,266,2985,2453,2695,2993,63,1.386,1,2131,0,77.432,1.146,-34.750,-52.938,-44.563,0.023,0.082,1.039,-0.824,0.797,0.027,0.084,0.064,1.168,1.310,2,NULL,NULL,,3,0,2,7,255,944,250,0,0
stim,70948,101069,0,101069,3298359.455,-0.580,-0.040,0.031,0.813,0,0,2794,163,3005,2425,2741,2995,63,1.386,1,2131,0,67.267,1.030,-19.813,-56.688,-30.313,-0.055,0.012,0.984,-0.824,0.617,0.027,0.084,0.060,1.168,1.310,2,NULL,NULL,,3,0,2,7,255,944,250,0,0
stim,70948,101069,0,101069,3298364.453,-0.580,-0.037,0.030,0.813,0,0,2827,104,3016,2399,2777,3005,63,1.386,1,2131,0,72.475,0.635,20.875,-69.063,6.875,-0.293,-0.141,1.285,-0.582,0.254,0.270,0.084,0.058,1.168,1.310,2,NULL,NULL,,3,0,2,7,255,944,250,0,0
stim,70948,101069,0,101069,3298369.455,-0.580,-0.034,0.029,0.814,0,0,2839,69,3028,2382,2803,3007,63,1.386,1,2131,0,83.361,1.924,26.188,-79.125,1.563,-0.473,-0.242,1.578,1.449,-1.266,3.047,0.086,0.058,1.168,1.310,2,NULL,NULL,,3,0,2,7,255,944,250,0,0
stim,70948,101069,0,101069,3298374.454,-0.580,-0.030,0.028,0.814,0,0,2848,37,3043,2355,2833,3004,63,1.386,1,2131,0,93.136,2.964,29.313,-88.125,-7.000,-0.520,-0.102,1.805,1.676,-2.445,6.074,0.088,0.058,1.168,1.310,2,NULL,NULL,,3,0,2,7,255,944,250,0,0
stim,70948,101069,0,101069,3298379.455,-0.580,-0.027,0.025,0.813,0,0,2857,5,3039,2312,2839,3007,63,1.386,1,2131,0,99.046,2.964,-18.688,-96.563,-11.688,-0.254,0.168,1.594,1.676,-2.445,6.074,0.092,0.058,1.168,1.310,3,NULL,NULL,,3,0,2,7,255,944,250,0,0
stim,70948,101069,0,101069,3298384.453,-0.581,-0.026,0.020,0.813,0,0,2869,0,3053,2247,2875,3025,63,1.386,1,2131,0,117.987,2.495,-65.875,-95.438,-21.750,-0.023,0.129,1.250,-1.547,-1.957,5.922,0.092,0.060,1.168,1.310,3,NULL,NULL,,3,0,2,7,255,944,250,0,0
stim,70948,101069,0,101069,3298389.455,-0.581,-0.023,0.016,0.814,0,0,2857,0,3056,2187,2888,3020,63,1.386,1,2131,0,113.702,1.621,-48.063,-102.688,8.563,-0.066,0.078,1.047,-1.547,-0.484,2.391,0.090,0.064,1.168,1.310,3,NULL,NULL,,3,0,2,7,255,944,250,0,0
stim,70948,101069,0,101069,3298394.453,-0.580,-0.019,0.014,0.815,0,0,2856,0,3081,2103,2907,3017,63,1.386,1,2131,0,115.803,1.189,-1.125,-112.188,28.688,-0.199,0.039,1.070,-1.086,-0.484,0.738,0.086,0.068,1.168,1.310,3,NULL,NULL,,3,0,2,7,255,944,250,0,0
stim,70948,101069,0,101069,3298399.455,-0.579,-0.015,0.011,0.815,0,0,2847,0,3069,2003,2911,3017,63,1.386,1,2131,0,124.045,1.689,19.563,-119.688,26.063,-0.273,-0.020,1.293,-0.266,-1.668,0.738,0.084,0.076,1.168,1.310,3,NULL,NULL,,3,0,2,7,255,944,250,0,0
stim,70948,101069,0,101069,3298404.454,-0.578,-0.010,0.009,0.816,0,0,2835,0,3089,1867,2927,3015,63,1.386,1,2131,0,128.338,2.228,9.250,-126.750,17.875,-0.285,-0.086,1.461,0.461,-2.180,2.961,0.084,0.082,1.168,1.310,3,NULL,NULL,,3,0,2,7,255,944,250,0,0
stim,70968,101089,0,101089,3298409.455,-0.577,-0.006,0.005,0.817,0,0,2824,0,3083,1725,2939,3016,63,1.386,1,2131,0,135.058,2.449,-4.750,-133.438,20.313,-0.230,-0.109,1.445,1.117,-2.180,4.418,0.084,0.088,1.168,1.310,3,NULL,NULL,,3,0,2,7,255,944,250,0,0
stim,70968,101089,0,101089,3298414.454,-0.576,-0.001,0.001,0.817,0,0,2805,0,3095,1603,2963,3005,63,1.386,1,2131,0,143.385,2.308,-14.125,-139.813,28.500,-0.223,-0.051,1.371,1.117,-2.020,4.418,0.086,0.096,1.168,1.310,3,NULL,NULL,,3,0,2,7,255,944,250,0,0
stim,70968,101089,0,101089,3298419.455,-0.575,0.004,-0.003,0.818,0,0,2791,0,3098,1387,2970,3003,63,1.386,1,2131,0,152.901,2.142,-18.000,-148.250,32.813,-0.234,0.055,1.344,0.715,-2.020,3.660,0.088,0.104,1.168,1.310,3,NULL,NULL,,3,0,2,7,255,944,250,0,0
stim,70968,101089,0,101089,3298424.454,-0.573,0.008,-0.007,0.819,0,0,2761,0,3101,1141,2965,2989,63,1.386,1,2131,0,161.219,2.666,-17.438,-156.625,34.000,-0.262,0.086,1.285,-0.184,-2.660,3.309,0.090,0.116,1.168,1.310,3,NULL,NULL,,3,0,2,7,255,944,250,0,0
stim,70995,101116,0,101116,3298429.455,-0.572,0.014,-0.011,0.820,0,0,2728,0,3097,904,2979,2982,63,1.386,1,2131,0,169.365,3.173,-9.875,-165.875,32.750,-0.273,0.035,1.254,-0.184,-3.168,2.707,0.092,0.128,1.168,1.310,3,NULL,NULL,,3,0,2,7,255,944,250,0,0
stim,70995,101116,0,101116,3298434.453,-0.570,0.020,-0.016,0.821,0,0,2693,0,3109,680,2997,2972,63,1.386,1,2131,0,178.352,3.180,-7.875,-175.688,29.688,-0.266,-0.047,1.250,0.273,-3.168,2.352,0.096,0.140,1.168,1.310,3,NULL,NULL,,3,0,2,7,255,944,250,0,0
stim,70995,101116,0,101116,3298439.455,-0.569,0.026,-0.021,0.822,0,0,2653,0,3100,467,2997,2956,63,1.386,1,2131,0,186.955,3.235,-3.438,-184.250,31.500,-0.156,-0.133,1.215,1.055,-3.059,2.316,0.100,0.152,1.168,1.310,3,NULL,NULL,,3,0,2,7,255,944,250,0,0
stim,70995,101116,0,101116,3298444.454,-0.567,0.033,-0.025,0.823,0,0,2601,0,3103,343,3005,2939,63,1.386,1,2131,0,195.693,2.576,3.313,-192.063,37.375,-0.160,-0.121,1.145,1.512,-2.086,1.996,0.108,0.164,1.168,1.310,3,NULL,NULL,,3,0,2,7,255,944,250,0,0
stim,71014,101135,0,101135,3298449.455,-0.565,0.040,-0.029,0.823,0,0,2535,0,3102,159,3015,2923,63,1.386,1,2131,0,203.743,2.576,13.438,-199.375,39.750,-0.160,-0.039,1.184,1.512,-2.086,1.594,0.116,0.176,1.168,1.310,3,NULL,NULL,,3,0,2,7,255,944,250,0,0
stim,71014,101135,0,101135,3298454.453,-0.563,0.048,-0.034,0.824,0,0,2451,0,3094,94,3007,2889,63,1.386,1,2131,0,212.611,2.729,30.750,-207.063,37.188,-0.230,0.082,1.273,0.871,-2.586,1.594,0.126,0.192,1.168,1.310,3,NULL,NULL,,3,0,2,7,255,944,250,0,0
stim,71046,101167,0,101167,3298459.455,-0.562,0.057,-0.037,0.824,0,0,2338,0,3096,59,3022,2860,63,1.386,1,2131,0,221.975,3.920,42.813,-216.563,23.250,-0.238,0.254,1.492,0.133,-3.918,2.313,0.136,0.208,1.168,1.310,3,NULL,NULL,,3,0,2,7,255,944,250,0,0
stim,71046,101167,0,101167,3298464.454,-0.561,0.065,-0.042,0.824,0,0,2187,0,3087,28,3017,2823,63,1.386,1,2131,0,226.628,5.269,26.938,-224.813,9.688,-0.223,0.387,1.777,-1.238,-5.121,4.297,0.144,0.222,1.168,1.310,3,NULL,NULL,,3,0,2,7,255,944,250,0,0
stim,71046,101167,0,101167,3298469.455,-0.560,0.074,-0.047,0.824,0,0,1983,0,3063,72,3005,2772,63,1.386,1,2131,0,238.268,6.245,18.688,-237.313,10.250,-0.352,0.309,2.133,-1.238,-6.121,6.977,0.154,0.238,1.168,1.310,3,NULL,NULL,,3,0,2,7,255,944,250,0,0
stim,71046,101167,0,101167,3298474.454,-0.558,0.084,-0.053,0.824,0,0,1799,0,3051,77,3004,2723,63,1.386,1,2131,0,258.801,7.959,12.750,-257.750,19.500,-0.488,0.195,2.602,-0.809,-7.918,10.098,0.164,0.252,1.168,1.310,3,NULL,NULL,,3,0,2,7,255,944,250,0,0
stim,71046,101167,0,101167,3298479.455,-0.555,0.093,-0.061,0.824,0,0,1587,0,3038,97,2981,2659,63,1.386,1,2131,0,290.718,10.069,-20.000,-286.438,45.500,-0.715,0.246,2.809,1.141,-10.004,14.203,0.178,0.270,1.168,1.310,3,NULL,NULL,,3,0,2,7,255,944,250,0,0
stim,71046,101167,0,101167,3298484.454,-0.553,0.103,-0.071,0.824,0,0,1413,0,3003,95,2965,2585,63,1.386,1,2131,0,327.565,13.252,-60.563,-318.375,47.625,-0.883,0.582,2.863,1.141,-13.203,15.055,0.196,0.290,1.168,1.310,3,NULL,NULL,,3,0,2,7,255,944,250,0,0
stim,71067,101188,0,101188,3298489.455,-0.551,0.113,-0.083,0.823,0,0,1263,0,2975,107,2924,2471,63,1.386,1,2131,0,361.109,16.744,-88.313,-349.063,27.500,-0.996,0.863,2.949,-0.438,-16.738,15.055,0.216,0.314,1.168,1.310,3,NULL,NULL,,3,0,2,7,255,944,250,0,0
stim,71067,101188,0,101188,3298494.453,-0.549,0.124,-0.096,0.821,0,0,1148,0,2927,116,2867,2347,63,1.386,1,2131,0,396.218,19.903,-110.000,-380.563,7.813,-0.977,1.059,3.023,-2.430,-19.754,14.910,0.244,0.344,1.168,1.310,3,NULL,NULL,,3,0,2,7,255,944,250,0,0
stim,71067,101188,0,101188,3298499.455,-0.548,0.136,-0.110,0.818,0,0,1003,0,2887,110,2815,2255,63,1.386,1,2131,0,430.733,21.009,-132.500,-409.500,-16.875,-0.781,1.051,3.035,-4.156,-20.594,14.867,0.278,0.382,1.168,1.310,3,NULL,NULL,,3,0,2,7,255,944,250,0,0
stim,71067,101188,0,101188,3298504.454,-0.547,0.148,-0.126,0.814,0,0,939,0,2808,117,2744,2155,63,1.386,1,2131,0,455.419,21.239,-135.313,-434.563,-15.875,-0.770,0.820,3.094,-4.156,-20.828,14.840,0.324,0.432,1.168,1.310,3,NULL,NULL,,3,0,2,7,255,944,250,0,0
stim,71067,101188,0,101188,3298509.455,-0.544,0.161,-0.142,0.811,0,0,861,0,2723,109,2635,2042,63,1.386,1,2131,0,489.761,20.993,-145.375,-467.500,13.250,-0.980,0.742,3.066,-2.625,-20.828,14.766,0.384,0.496,1.168,1.310,3,NULL,NULL,,3,0,2,7,255,944,250,0,0
stim,71067,101188,0,101188,3298514.454,-0.541,0.174,-0.159,0.807,0,0,756,0,2611,83,2473,1913,63,1.386,1,2131,0,513.678,23.218,-157.500,-488.813,11.000,-1.184,0.793,3.043,-1.105,-23.191,12.824,0.456,0.572,1.168,1.310,3,NULL,NULL,,3,0,2,7,255,944,250,0,0
stim,71067,101188,0,101188,3298519.455,-0.539,0.188,-0.176,0.802,0,0,576,0,2463,70,2297,1757,63,1.386,1,2131,0,522.647,25.893,-150.875,-499.750,-25.438,-1.176,0.484,3.086,-0.855,-25.879,10.621,0.542,0.658,1.168,1.310,3,NULL,NULL,,3,0,2,7,255,944,250,0,0
stim,71067,101188,0,101188,3298524.454,-0.537,0.203,-0.193,0.796,0,0,408,0,2264,25,2044,1565,63,1.386,1,2131,0,535.253,25.956,-140.438,-514.313,-47.500,-0.926,0.074,3.051,2.004,-25.879,10.422,0.634,0.750,1.168,1.310,3,NULL,NULL,,3,0,2,7,255,944,250,0,0
stim,71096,101217,0,101217,3298529.455,-0.534,0.219,-0.210,0.789,0,0,295,0,1995,0,1725,1324,63,1.386,1,2131,0,553.024,23.879,-135.813,-535.188,-31.063,-0.754,-0.262,2.922,4.934,-23.363,10.164,0.732,0.850,1.168,1.310,3,NULL,NULL,,3,0,2,7,255,944,250,0,0
stim,71096,101217,0,101217,3298534.453,-0.529,0.235,-0.228,0.783,0,0,201,0,1675,0,1312,1087,63,1.386,1,2131,0,572.965,22.512,-127.313,-558.063,25.438,-0.773,-0.523,2.625,7.410,-21.258,9.586,0.836,0.954,1.168,1.310,3,NULL,NULL,,3,0,2,7,255,944,250,0,0
stim,71096,101217,0,101217,3298539.455,-0.522,0.251,-0.245,0.777,0,0,133,0,1253,0,803,879,63,1.386,1,2131,0,576.172,21.079,-113.125,-564.000,32.875,-0.793,-0.293,2.234,7.461,-19.715,6.426,0.942,1.062,1.168,1.310,3,NULL,NULL,,3,0,2,7,255,944,250,0,0
stim,71096,101217,0,101217,3298544.453,-0.515,0.268,-0.261,0.771,0,0,99,0,823,0,303,675,63,1.386,1,2131,0,578.247,20.231,-72.813,-572.438,37.188,-0.883,-0.082,1.906,7.461,-18.805,2.020,1.054,1.174,1.168,1.310,3,NULL,NULL,,3,0,2,7,255,944,250,0,0
stim,71096,101217,0,101217,3298549.455,-0.506,0.285,-0.276,0.766,0,0,43,0,331,0,0,505,63,1.386,1,2131,0,582.755,19.628,-29.188,-579.000,59.250,-0.824,0.316,1.934,5.625,-18.805,-2.211,1.166,1.290,1.168,1.310,3,NULL,NULL,,3,0,2,7,255,944,250,0,0
stim,71096,101217,0,101217,3298554.453,-0.493,0.304,-0.290,0.762,0,0,25,0,0,0,0,383,63,1.386,1,2131,0,611.138,20.185,25.250,-596.875,128.813,-1.320,0.313,2.164,4.438,-19.691,-3.152,1.276,1.402,1.168,1.310,3,NULL,NULL,,3,0,2,7,255,944,250,0,0
stim,71119,101240,0,101240,3298559.455,-0.477,0.322,-0.305,0.759,0,0,18,0,0,0,0,261,63,1.386,1,2131,0,666.188,24.868,32.500,-627.688,220.813,-1.773,0.422,2.238,4.438,-24.469,-6.348,1.382,1.512,1.168,1.310,4,NULL,NULL,,3,0,2,7,255,944,250,0,0
stim,71119,101240,0,101240,3298564.453,-0.463,0.338,-0.322,0.753,0,0,7,0,0,0,0,202,63,1.386,1,2131,0,628.096,27.848,-62.500,-602.375,166.563,-1.621,1.066,2.051,4.438,-27.492,-10.875,1.484,1.618,1.168,1.310,0,NULL,NULL,,3,0,2,7,255,944,250,0,0
stim,71150,101271,0,101271,3298569.455,-0.457,0.350,-0.340,0.744,0,0,3,0,0,0,0,103,63,1.386,1,2131,0,555.065,27.500,-193.250,-518.125,47.938,-0.898,1.684,1.711,-0.648,-27.492,-11.770,1.584,1.722,1.168,1.310,0,NULL,NULL,,3,0,2,7,255,944,250,0,0
stim,71150,101271,0,101271,3298574.454,-0.453,0.353,-0.361,0.735,0,0,9,0,0,0,0,60,63,1.386,1,2131,0,549.802,25.157,-370.063,-393.500,102.438,-0.875,2.207,1.031,-9.309,-23.371,-13.379,1.684,1.826,1.168,1.310,0,NULL,NULL,,3,0,2,7,255,944,250,0,0
stim,71150,101271,0,101271,3298579.455,-0.451,0.349,-0.384,0.726,0,0,0,0,0,0,0,37,63,1.386,1,2131,0,556.611,24.417,-477.625,-238.875,156.938,-0.633,2.719,-0.230,-15.551,-18.824,-17.082,1.790,1.936,1.168,1.310,0,NULL,NULL,,3,0,2,7,255,944,250,0,0
stim,71150,101271,0,101271,3298584.453,-0.451,0.346,-0.395,0.722,0,0,0,0,0,0,0,31,63,1.386,1,2131,0,287.986,17.365,-258.500,-102.000,75.563,-0.836,1.434,-0.242,-15.551,-7.727,-21.695,1.902,2.050,1.168,1.310,0,NULL,NULL,,3,0,2,7,255,944,250,0,0
stim,71150,101271,0,101271,3298589.455,-0.450,0.346,-0.395,0.723,0,0,0,0,0,0,0,40,63,1.386,1,2131,0,29.818,13.027,16.938,-2.250,24.438,-1.293,-0.594,1.094,-10.488,-7.727,-21.695,2.014,2.164,1.168,1.310,0,NULL,NULL,,3,0,2,7,255,944,250,0,0
stim,71150,101271,0,101271,3298594.454,-0.452,0.342,-0.394,0.723,0,0,0,0,0,0,0,49,63,1.386,1,2131,0,104.698,16.984,-49.750,91.625,-9.563,-1.563,-1.137,2.316,11.059,-12.891,-14.324,2.124,2.274,1.168,1.310,0,NULL,NULL,,3,0,2,7,255,944,250,0,0
stim,71150,101271,0,101271,3298599.455,-0.461,0.332,-0.398,0.720,0,0,0,0,0,0,0,28,63,1.386,1,2131,0,318.233,22.285,-251.813,188.000,-50.188,-1.516,-0.133,1.566,11.059,-19.348,-14.324,2.220,2.370,1.168,1.310,0,NULL,NULL,,3,0,2,7,255,944,250,0,0
stim,71150,101271,1,101271,3298604.453,-0.472,0.319,-0.401,0.718,0,0,0,0,0,0,0,16,63,1.386,1,2131,0,392.644,20.799,-296.313,251.938,-53.813,-1.148,1.145,0.227,7.633,-19.348,-14.992,2.294,2.444,1.168,1.310,0,NULL,NULL,,3,1,2,7,255,944,250,0,0
stim,71171,101292,1,101292,3298609.455,-0.480,0.307,-0.401,0.718,0,0,0,0,0,0,0,17,63,1.386,1,2131,0,326.386,11.174,-174.500,275.375,-15.688,-1.051,1.762,-0.176,-6.504,-9.086,-21.410,2.346,2.496,1.168,1.310,0,NULL,NULL,,3,1,2,7,255,944,250,0,0
stim,71171,101292,1,101292,3298614.454,-0.485,0.297,-0.396,0.720,0,0,0,0,0,0,0,16,63,1.386,1,2131,0,288.605,12.896,-55.313,283.250,1.750,-1.105,1.406,0.281,-9.152,-9.086,-21.410,2.394,2.544,1.168,1.310,0,NULL,NULL,,3,1,2,7,255,944,250,0,0
stim,71171,101292,1,101292,3298619.455,-0.491,0.287,-0.391,0.723,0,0,0,0,0,0,0,10,63,1.386,1,2131,0,295.342,13.602,-47.500,291.313,10.375,-1.047,0.598,0.766,-9.152,-10.063,-21.336,2.452,2.606,1.168,1.310,0,NULL,NULL,,3,1,2,7,255,944,250,0,0
stim,71171,101292,1,101292,3298624.454,-0.497,0.275,-0.389,0.725,0,0,0,0,0,0,0,10,63,1.386,1,2131,0,319.167,11.357,-113.813,297.188,24.375,-1.000,0.297,0.684,-1.930,-11.191,-15.902,2.524,2.680,1.168,1.310,0,NULL,NULL,,3,1,2,7,255,944,250,0,0
stim,71197,101318,1,101318,3298629.455,-0.503,0.262,-0.387,0.727,0,0,0,0,0,0,0,0,63,1.386,1,2131,0,335.750,11.196,-146.875,300.000,34.000,-0.852,0.352,-0.035,-0.305,-11.191,-15.902,2.602,2.760,1.168,1.310,0,NULL,NULL,,3,1,2,7,255,944,250,0,0
stim,71197,101318,1,101318,3298634.454,-0.508,0.250,-0.384,0.730,0,0,0,0,0,0,0,0,63,1.386,1,2131,0,314.036,4.775,-91.875,296.313,48.750,-0.707,0.496,-0.543,-0.305,-4.766,-17.535,2.676,2.836,1.168,1.310,0,NULL,NULL,,3,1,2,7,255,944,250,0,0
stim,71197,101318,1,101318,3298639.455,-0.511,0.239,-0.378,0.734,0,0,0,0,0,0,0,0,63,1.386,1,2131,0,304.390,2.047,-14.563,296.875,65.625,-0.594,0.555,-0.426,-1.832,-0.914,-18.375,2.750,2.910,1.168,1.310,0,NULL,NULL,,3,1,2,7,255,944,250,0,0
stim,71197,101318,1,101318,3298644.453,-0.514,0.228,-0.372,0.739,0,0,0,0,0,0,0,0,63,1.386,1,2131,0,312.413,2.872,16.625,301.188,81.313,-0.594,0.539,-0.172,-2.723,-0.914,-18.375,2.822,2.984,1.168,1.310,0,NULL,NULL,,3,1,2,7,255,944,250,0,0
stim,71197,101318,1,101318,3298649.455,-0.516,0.218,-0.365,0.744,0,0,0,0,0,0,0,0,63,1.386,1,2131,0,324.235,4.118,31.938,309.375,91.625,-0.566,0.441,-0.141,-2.723,-3.090,-16.789,2.890,3.052,1.168,1.310,0,NULL,NULL,,3,1,2,7,255,944,250,0,0
stim,71197,101318,1,101318,3298654.454,-0.517,0.207,-0.356,0.750,0,0,0,0,0,0,0,0,63,1.386,1,2131,0,336.345,3.674,55.313,317.250,97.063,-0.559,0.414,-0.098,-1.906,-3.141,-16.043,2.944,3.108,1.168,1.310,0,NULL,NULL,,3,1,2,7,255,944,250,0,0
stim,71246,101367,1,101367,3298659.455,-0.519,0.197,-0.347,0.756,0,0,0,0,0,0,0,0,63,1.386,1,2131,0,349.324,3.911,81.188,325.375,97.813,-0.586,0.375,0.004,-1.656,-3.543,-15.543,2.988,3.154,1.168,1.310,0,NULL,NULL,,3,1,2,7,255,944,250,0,0
stim,71246,101367,1,101367,3298664.453,-0.520,0.187,-0.337,0.763,0,0,0,0,0,0,0,0,63,1.386,1,2131,0,364.605,4.699,105.438,333.250,103.750,-0.605,0.305,0.207,-1.258,-4.527,-14.805,3.022,3.188,1.168,1.310,0,NULL,NULL,,3,1,2,7,255,944,250,0,0
stim,71246,101367,1,101367,3298669.455,-0.521,0.177,-0.326,0.769,0,0,0,0,0,0,0,0,63,1.386,1,2131,0,374.825,6.249,115.250,343.188,97.125,-0.605,0.348,0.449,-1.258,-6.121,-13.199,3.050,3.220,1.168,1.310,0,NULL,NULL,,3,1,2,7,255,944,250,0,0
stim,71246,101367,1,101367,3298674.454,-0.522,0.166,-0.314,0.775,0,0,0,0,0,0,0,0,63,1.386,1,2131,0,381.150,8.027,116.000,350.438,94.938,-0.641,0.324,0.605,-1.086,-7.953,-11.430,3.078,3.248,1.168,1.310,0,NULL,NULL,,3,1,2,7,255,944,250,0,0
stim,71246,101367,1,101367,3298679.455,-0.524,0.156,-0.303,0.781,0,0,0,0,0,0,0,0,63,1.386,1,2131,0,387.586,9.302,118.375,358.938,85.875,-0.582,0.418,0.695,-1.301,-9.211,-10.180,3.106,3.278,1.168,1.310,0,NULL,NULL,,3,1,2,7,255,944,250,0,0
stim,71246,101367,1,101367,3298684.453,-0.526,0.145,-0.291,0.786,0,0,0,0,0,0,0,0,63,1.386,1,2131,0,392.795,9.786,120.750,366.313,74.313,-0.605,0.375,0.809,-1.852,-9.609,-9.215,3.136,3.308,1.168,1.310,0,NULL,NULL,,3,1,2,7,255,944,250,0,0
stim,71246,101367,1,101367,3298689.455,-0.528,0.134,-0.278,0.791,0,0,0,0,0,0,0,0,63,1.386,1,2131,0,397.172,10.492,118.625,374.000,61.625,-0.531,0.371,0.906,-2.223,-10.254,-8.008,3.166,3.342,1.168,1.310,0,NULL,NULL,,3,1,2,7,255,944,250,0,0
stim,71246,101367,1,101367,3298694.453,-0.530,0.123,-0.266,0.796,0,0,0,0,0,0,0,0,63,1.386,1,2131,0,399.049,10.495,115.375,378.063,54.750,-0.512,0.320,0.992,-1.988,-10.305,-6.512,3.200,3.376,1.168,1.310,0,NULL,NULL,,3,1,2,7,255,944,250,0,0
stim,71268,101389,1,101389,3298699.455,-0.533,0.112,-0.253,0.800,0,0,0,0,0,0,0,0,63,1.386,1,2131,0,398.168,10.529,102.125,382.625,41.313,-0.527,0.328,1.055,-2.164,-10.305,-5.219,3.238,3.416,1.168,1.310,0,NULL,NULL,,3,1,2,7,255,944,250,0,0
stim,71268,101389,1,101389,3298704.453,-0.536,0.100,-0.241,0.803,0,0,0,0,0,0,0,0,63,1.386,1,2131,0,396.231,10.529,94.938,383.688,27.750,-0.430,0.297,1.035,-2.164,-10.305,-4.457,3.278,3.456,1.168,1.310,0,NULL,NULL,,3,1,2,7,255,944,250,0,0
stim,71268,101389,1,101389,3298709.457,-0.539,0.089,-0.229,0.806,0,0,0,0,0,0,0,0,63,1.386,1,2131,0,396.384,9.724,92.000,384.813,24.000,-0.367,0.258,1.008,-2.246,-9.461,-3.813,3.318,3.498,1.168,1.310,0,NULL,NULL,,3,1,2,7,255,944,250,0,0
stim,71268,101389,1,101389,3298714.454,-0.542,0.077,-0.216,0.808,0,0,0,0,0,0,0,0,63,1.386,1,2131,0,397.343,8.788,93.938,385.313,24.313,-0.340,0.176,0.910,-2.246,-8.496,-3.594,3.358,3.542,1.168,1.310,0,NULL,NULL,,3,1,2,7,255,944,250,0,0
stim,71268,101389,1,101389,3298719.455,-0.545,0.066,-0.204,0.811,0,0,0,0,0,0,0,0,63,1.386,1,2131,0,398.567,7.705,107.125,383.313,21.250,-0.367,0.230,0.895,-1.984,-7.445,-3.594,3.400,3.584,1.168,1.310,0,NULL,NULL,,3,1,2,7,255,944,250,0,0
stim,71268,101389,1,101389,3298724.454,-0.548,0.056,-0.190,0.813,0,0,0,0,0,0,0,0,63,1.386,1,2131,0,400.796,7.618,125.375,380.313,16.750,-0.301,0.207,0.930,-1.984,-7.355,-3.594,3.442,3.628,1.168,1.310,0,NULL,NULL,,3,1,2,7,255,944,250,0,0
stim,71296,101417,1,101417,3298729.455,-0.551,0.046,-0.176,0.815,0,0,0,0,0,0,0,0,63,1.386,1,2131,0,402.147,7.042,141.250,376.250,14.375,-0.246,0.242,1.039,-2.109,-6.719,-2.930,3.484,3.670,1.168,1.310,0,NULL,NULL,,3,1,2,7,255,944,250,0,0
stim,71296,101417,1,101417,3298734.453,-0.553,0.036,-0.162,0.817,0,0,0,0,0,0,0,0,63,1.386,1,2131,0,402.792,7.069,152.500,372.563,13.500,-0.133,0.242,1.094,-2.832,-6.477,-1.668,3.526,3.714,1.168,1.310,0,NULL,NULL,,3,1,2,7,255,944,250,0,0
stim,71296,101417,1,101417,3298739.455,-0.555,0.027,-0.147,0.818,0,0,0,0,0,0,0,0,63,1.386,1,2131,0,403.869,6.257,166.375,367.500,19.313,-0.063,0.188,1.148,-3.203,-5.375,-0.664,3.566,3.756,1.168,1.310,0,NULL,NULL,,3,1,2,7,255,944,250,0,0
stim,71296,101417,1,101417,3298744.454,-0.556,0.018,-0.132,0.820,0,0,0,0,0,0,0,0,63,1.386,1,2131,0,404.367,5.507,181.063,360.313,30.063,-0.066,0.207,1.199,-3.355,-4.367,0.281,3.608,3.798,1.168,1.310,0,NULL,NULL,,3,1,2,7,255,944,250,0,0
stim,71315,101436,1,101436,3298749.455,-0.557,0.010,-0.116,0.822,0,0,0,0,0,0,0,0,63,1.386,1,2131,0,407.234,5.531,199.188,353.250,37.125,-0.105,0.305,1.301,-3.395,-4.367,0.879,3.648,3.840,1.168,1.310,0,NULL,NULL,,3,1,2,7,255,944,250,0,0
stim,71315,101436,1,101436,3298754.453,-0.558,0.003,-0.100,0.824,0,0,0,0,0,0,0,0,63,1.386,1,2131,0,410.826,6.338,217.250,346.375,40.063,-0.105,0.340,1.449,-4.223,-4.727,1.750,3.686,3.880,1.168,1.310,0,NULL,NULL,,3,1,2,7,255,944,250,0,0
stim,71346,101467,1,101467,3298759.455,-0.558,-0.004,-0.083,0.826,0,0,0,0,0,0,0,0,63,1.386,1,2131,0,414.754,6.638,233.688,339.500,46.375,-0.133,0.352,1.652,-4.660,-4.727,3.281,3.724,3.920,1.168,1.310,0,NULL,NULL,,3,1,2,7,255,944,250,0,0
stim,71346,101467,1,101467,3298764.454,-0.557,-0.010,-0.066,0.828,0,0,0,0,0,0,0,0,63,1.386,1,2131,0,414.071,6.820,242.813,331.563,50.625,-0.203,0.402,1.902,-4.820,-4.824,5.402,3.762,3.958,1.168,1.310,0,NULL,NULL,,3,1,2,7,255,944,250,0,0
stim,71346,101467,1,101467,3298769.455,-0.557,-0.016,-0.049,0.829,0,0,0,0,0,0,0,0,63,1.386,1,2131,0,408.531,7.311,244.125,324.250,46.500,-0.227,0.410,2.125,-5.172,-5.168,7.879,3.798,3.996,1.168,1.310,0,NULL,NULL,,3,1,2,7,255,944,250,0,0
stim,71346,101467,1,101467,3298774.454,-0.557,-0.022,-0.033,0.830,0,0,0,0,0,0,0,0,63,1.386,1,2131,0,403.171,7.311,242.813,319.125,41.813,-0.203,0.367,2.348,-5.172,-5.168,10.270,3.830,4.028,1.168,1.310,0,NULL,NULL,,3,1,2,7,255,944,250,0,0
stim,71346,101467,1,101467,3298779.455,-0.557,-0.027,-0.016,0.830,0,0,0,0,0,0,0,0,63,1.386,1,2131,0,394.305,6.513,230.625,318.125,32.938,-0.156,0.293,2.523,-4.965,-4.215,12.660,3.858,4.058,1.168,1.310,0,NULL,NULL,,3,1,2,7,255,944,250,0,0
stim,71346,101467,1,101467,3298784.454,-0.556,-0.034,-0.001,0.830,0,0,0,0,0,0,0,0,63,1.386,1,2131,0,384.586,5.235,212.125,319.750,25.875,-0.070,0.234,2.574,-4.445,-2.766,14.609,3.886,4.086,1.168,1.310,0,NULL,NULL,,3,1,2,7,255,944,250,0,0
stim,71367,101488,1,101488,3298789.455,-0.556,-0.041,0.014,0.830,0,0,0,0,0,0,0,0,63,1.386,1,2131,0,379.671,4.218,198.375,323.125,19.688,0.016,0.137,2.488,-4.113,-0.934,14.609,3.910,4.110,1.168,1.310,0,NULL,NULL,,3,1,2,7,255,944,250,0,0
stim,71367,101488,1,101488,3298794.453,-0.556,-0.047,0.030,0.829,0,0,0,0,0,0,0,0,63,1.386,1,2131,0,383.710,3.500,201.000,326.563,13.750,0.090,-0.039,2.363,-3.359,0.980,14.367,3.932,4.134,1.168,1.310,0,NULL,NULL,,3,1,2,7,255,944,250,0,0
stim,71367,101488,1,101488,3298799.455,-0.556,-0.054,0.045,0.828,0,0,0,0,0,0,0,0,63,1.386,1,2131,0,394.655,3.492,219.750,327.750,6.500,0.160,-0.215,2.289,-1.813,2.984,13.121,3.952,4.156,1.168,1.310,0,NULL,NULL,,3,1,2,7,255,944,250,0,0
stim,71367,101488,1,101488,3298804.454,-0.557,-0.060,0.062,0.826,0,0,0,0,0,0,0,0,63,1.386,1,2131,0,409.611,4.963,245.938,327.500,-6.313,0.305,-0.324,2.305,-0.250,4.957,12.230,3.970,4.174,1.168,1.310,0,NULL,NULL,,3,1,2,7,255,944,250,0,0
stim,71367,101488,1,101488,3298809.455,-0.557,-0.065,0.080,0.824,0,0,0,0,0,0,0,0,63,1.386,1,2131,0,424.850,7.434,272.688,325.313,-17.625,0.539,-0.371,2.344,0.246,7.430,11.922,3.984,4.190,1.168,1.310,0,NULL,NULL,,3,1,2,7,255,944,250,0,0
stim,71367,101488,1,101488,3298814.454,-0.558,-0.069,0.098,0.821,0,0,0,0,0,0,0,0,63,1.386,1,2131,0,439.461,10.538,298.750,321.500,-22.625,0.785,-0.402,2.406,0.246,10.535,11.566,3.990,4.198,1.168,1.310,0,NULL,NULL,,3,1,2,7,255,944,250,0,0
stim,71367,101488,1,101488,3298819.455,-0.559,-0.073,0.117,0.818,0,0,0,0,0,0,0,0,63,1.386,1,2131,0,455.343,13.717,327.688,315.438,-21.375,0.996,-0.543,2.434,0.246,13.715,11.207,3.992,4.202,1.168,1.310,0,NULL,NULL,,3,1,2,7,255,944,250,0,0
stim,71367,101488,1,101488,3298824.454,-0.559,-0.075,0.137,0.814,0,0,0,0,0,0,0,0,63,1.386,1,2131,0,468.726,16.872,355.625,305.000,-14.500,1.082,-0.691,2.512,0.914,16.848,10.340,3.988,4.200,1.168,1.310,0,NULL,NULL,,3,1,2,7,255,944,250,0,0
stim,71391,101512,1,101512,3298829.455,-0.559,-0.076,0.158,0.810,0,0,0,0,0,0,0,0,63,1.386,1,2131,0,478.960,19.221,379.063,292.438,-13.938,1.141,-0.754,2.609,2.430,19.066,10.016,3.976,4.188,1.168,1.310,0,NULL,NULL,,3,1,2,7,255,944,250,0,0
stim,71391,101512,1,101512,3298834.453,-0.560,-0.077,0.179,0.805,0,0,0,0,0,0,0,0,63,1.386,1,2131,0,486.869,20.999,396.250,281.750,-25.375,1.188,-0.684,2.691,3.199,20.754,9.918,3.950,4.164,1.168,1.310,0,NULL,NULL,,3,1,2,7,255,944,250,0,0
stim,71391,101512,1,101512,3298839.455,-0.561,-0.076,0.200,0.800,0,0,0,0,0,0,0,0,63,1.386,1,2131,0,503.549,22.119,422.875,269.125,-48.063,1.293,-0.539,2.961,3.199,21.887,9.918,3.912,4.128,1.168,1.310,0,NULL,NULL,,3,1,2,7,255,944,250,0,0
stim,71391,101512,1,101512,3298844.454,-0.563,-0.075,0.221,0.793,0,0,0,0,0,0,0,1,63,1.386,1,2131,0,510.162,24.147,430.125,261.375,-83.313,1.531,-0.391,3.359,2.402,24.027,11.262,3.856,4.074,1.168,1.310,0,NULL,NULL,,3,1,2,7,255,944,250,0,0
stim,71411,101532,1,101532,3298849.455,-0.566,-0.075,0.240,0.785,0,0,0,0,0,0,0,20,63,1.386,1,2131,0,488.813,28.011,398.250,257.875,-117.625,1.906,-0.285,3.680,1.457,27.973,13.336,3.784,4.004,1.168,1.310,0,NULL,NULL,,3,1,2,7,255,944,250,0,0
stim,71411,101532,0,101532,3298854.453,-0.570,-0.077,0.258,0.777,0,0,0,0,0,0,0,47,63,1.386,1,2131,0,443.978,33.023,337.313,254.000,-137.188,2.375,-0.223,3.820,0.508,33.020,13.336,3.698,3.920,1.168,1.310,0,NULL,NULL,,3,0,2,7,255,945,250,0,0
stim,71411,101532,0,101532,3298859.455,-0.573,-0.081,0.272,0.769,0,0,0,0,0,0,0,47,63,1.386,1,2131,0,386.948,38.187,258.375,249.938,-143.188,2.852,-0.199,3.703,-0.539,38.184,12.305,3.598,3.820,1.168,1.310,0,NULL,NULL,,3,0,2,7,255,945,250,0,0
stim,71411,101532,0,101532,3298864.454,-0.576,-0.086,0.283,0.762,0,0,0,0,0,0,0,83,63,1.386,1,2131,0,335.013,42.119,180.188,244.750,-140.938,3.262,-0.223,3.352,-1.773,42.082,8.234,3.480,3.706,1.168,1.310,0,NULL,NULL,,3,0,2,7,255,945,250,0,0
stim,71456,101577,0,101577,3298869.455,-0.578,-0.093,0.292,0.756,0,0,0,0,0,0,0,147,63,1.386,1,2131,0,296.985,44.246,116.250,236.250,-137.375,3.648,-0.301,2.902,-2.938,44.148,2.293,3.346,3.570,1.168,1.310,0,NULL,NULL,,3,0,2,7,255,945,250,0,0
stim,71456,101577,0,101577,3298874.454,-0.580,-0.100,0.300,0.751,0,0,0,0,0,0,0,184,63,1.386,1,2131,0,267.522,45.446,66.750,222.500,-132.688,4.078,-0.430,2.383,-3.816,45.285,-4.496,3.192,3.418,1.168,1.310,0,NULL,NULL,,3,0,2,7,255,945,250,0,0
stim,71456,101577,0,101577,3298879.455,-0.582,-0.107,0.305,0.746,0,0,0,0,0,0,0,285,63,1.386,1,2131,0,237.139,46.396,32.438,201.313,-121.063,4.551,-0.652,1.758,-4.520,46.176,-12.117,3.020,3.246,1.168,1.310,0,NULL,NULL,,3,0,2,7,255,945,250,0,0
stim,71456,101577,0,101577,3298884.454,-0.583,-0.114,0.310,0.743,0,0,0,0,0,0,0,339,63,1.386,1,2131,0,201.685,46.396,23.125,173.938,-99.438,4.691,-0.863,1.117,-4.520,46.176,-21.000,2.836,3.062,1.168,1.310,0,NULL,NULL,,3,0,2,7,255,945,250,0,0
stim,71456,101577,0,101577,3298889.455,-0.585,-0.118,0.315,0.738,0,0,0,0,0,0,0,362,63,1.386,1,2131,0,192.056,44.374,73.063,141.438,-107.438,4.957,-1.531,0.512,-3.887,44.203,-28.133,2.644,2.868,1.168,1.310,0,NULL,NULL,,3,0,2,7,255,945,250,0,0
stim,71456,101577,0,101577,3298894.453,-0.586,-0.117,0.322,0.734,0,0,0,0,0,0,0,331,63,1.386,1,2131,0,188.661,44.212,166.500,81.813,-34.313,5.574,-2.656,0.672,0.895,44.203,-36.816,2.448,2.668,1.168,1.310,0,NULL,NULL,,3,0,2,7,255,945,250,0,0
stim,71456,101577,0,101577,3298899.455,-0.582,-0.110,0.332,0.734,0,0,0,0,0,0,0,311,63,1.386,1,2131,0,285.238,51.083,249.375,35.125,133.938,5.242,-2.680,1.449,9.965,50.102,-36.816,2.246,2.462,1.168,1.310,0,NULL,NULL,,3,0,2,7,255,945,250,0,0
stim,71456,101577,0,101577,3298904.454,-0.576,-0.099,0.342,0.736,0,0,0,0,0,0,0,291,63,1.386,1,2131,0,372.922,51.083,291.313,-13.438,232.438,3.910,-1.590,2.238,9.965,50.102,-35.910,2.042,2.256,1.168,1.310,0,NULL,NULL,,3,0,2,7,255,945,250,0,0
stim,71456,101577,0,101577,3298909.455,-0.573,-0.088,0.350,0.736,0,0,0,0,0,35,0,379,63,1.386,1,2131,0,321.422,45.745,267.250,-63.250,167.000,2.480,-0.211,3.469,6.973,45.211,-19.602,1.838,2.046,1.168,1.310,0,NULL,NULL,,3,0,2,7,255,945,250,0,0
stim,71456,101577,0,101577,3298914.454,-0.571,-0.069,0.358,0.735,261,0,0,633,0,157,0,483,63,1.386,1,2131,0,461.776,45.020,379.875,-194.313,176.563,0.711,-0.777,6.457,6.973,44.477,2.070,1.634,1.838,1.168,1.310,0,NULL,NULL,,3,0,2,7,255,945,250,0,0
stim,71491,101612,0,101612,3298919.455,-0.566,-0.041,0.368,0.737,1020,0,0,1391,0,345,0,583,63,1.386,1,2131,0,696.379,48.744,515.938,-307.688,352.250,2.082,0.801,10.617,19.945,44.477,30.703,1.428,1.626,1.168,1.310,0,NULL,NULL,,3,0,2,7,255,945,250,0,0
stim,71491,101612,0,101612,3298924.454,-0.554,-0.053,0.337,0.760,1673,0,0,1865,0,667,0,631,63,1.386,1,2131,0,960.524,48.744,-880.813,-134.438,358.750,0.367,1.223,5.281,19.945,44.477,34.105,1.218,1.410,1.168,1.310,0,NULL,NULL,,3,0,2,7,255,945,250,0,0
stim,71491,101612,0,101612,3298929.455,-0.537,-0.071,0.290,0.789,2123,0,0,2067,0,971,0,653,63,1.386,1,2132,0,1380.327,30.080,-1285.438,-213.375,455.438,-0.117,4.395,-0.555,1.637,30.035,34.105,1.004,1.188,1.168,1.310,1,942.000,-3.000,,3,0,2,7,255,945,250,0,0
stim,71491,101612,0,101612,3298934.453,-0.522,-0.077,0.262,0.808,2376,0,0,2232,0,1194,0,739,63,1.386,1,2132,0,876.987,29.210,-748.375,-163.438,427.000,-2.176,3.465,-3.371,-24.754,-15.508,1.477,0.784,0.956,1.168,1.310,1,NULL,NULL,,3,0,2,7,255,945,250,0,0
stim,71492,101613,0,101613,3298939.455,-0.515,-0.075,0.250,0.816,2553,0,0,2359,0,1405,0,827,63,1.386,1,2132,0,367.248,41.864,-250.813,-163.813,212.438,-3.082,0.473,-1.668,-24.754,-33.762,-11.164,0.572,0.716,1.168,1.310,1,NULL,NULL,,3,0,2,7,255,945,250,0,0
stim,71492,101613,0,101613,3298944.453,-0.517,-0.069,0.247,0.816,2663,0,0,2443,0,1526,0,950,63,1.386,1,2132,0,161.045,33.779,13.313,-159.188,-20.438,-1.191,0.625,1.113,1.070,-33.762,-11.164,0.406,0.492,1.168,1.310,1,NULL,NULL,,3,0,2,7,255,945,250,0,0
stim,71509,101630,0,101630,3298949.455,-0.518,-0.064,0.246,0.817,2748,0,0,2526,0,1659,0,1057,63,1.386,1,2132,0,121.960,6.722,27.688,-117.375,18.188,0.695,3.051,1.715,1.070,-6.637,5.945,0.352,0.338,1.168,1.310,2,NULL,NULL,,3,0,2,7,255,945,250,0,0
stim,71509,101630,0,101630,3298954.453,-0.512,-0.060,0.240,0.822,2871,0,0,2707,0,1775,0,1112,63,1.386,1,2132,0,234.317,23.319,-89.625,-124.938,176.813,0.480,2.801,2.691,-23.188,2.473,11.730,0.388,0.288,1.168,1.310,2,NULL,NULL,,3,0,2,7,255,945,250,0,0
stim,71547,101668,0,101668,3298959.455,-0.504,-0.060,0.226,0.831,2957,0,0,2835,0,1842,0,1197,63,1.386,1,2132,0,428.616,23.319,-330.875,-135.063,236.625,-1.582,-0.117,1.836,-23.188,2.473,11.730,0.430,0.310,1.168,1.310,2,NULL,NULL,,3,0,2,7,255,945,250,0,0
stim,71547,101668,0,101668,3298964.453,-0.499,-0.062,0.206,0.840,2999,0,0,2916,0,1879,0,1335,63,1.386,1,2132,0,507.767,11.191,-449.313,-178.500,155.188,-2.273,-1.336,-0.027,10.234,-4.527,11.172,0.458,0.354,1.168,1.310,2,NULL,NULL,,3,0,2,7,255,945,250,0,0
stim,71547,101668,0,101668,3298969.455,-0.502,-0.063,0.192,0.841,3045,0,0,2993,0,1946,0,1437,63,1.386,1,2132,0,346.907,21.167,-287.625,-178.625,-75.563,-1.715,-1.109,-0.949,17.016,-12.590,-6.469,0.488,0.402,1.168,1.310,2,NULL,NULL,,3,0,2,7,255,945,250,0,0
stim,71547,101668,0,101668,3298974.454,-0.510,-0.058,0.186,0.838,3081,0,0,3059,0,1981,0,1549,63,1.386,1,2132,0,252.594,21.167,-39.125,-180.563,-172.250,-0.180,-0.578,0.250,17.016,-12.590,-8.289,0.522,0.448,1.168,1.310,2,NULL,NULL,,3,0,2,7,255,945,250,0,0
stim,71547,101668,0,101668,3298979.455,-0.517,-0.053,0.183,0.835,3095,0,0,3096,0,2043,0,1625,63,1.386,1,2132,0,228.722,6.137,22.313,-153.938,-167.688,0.820,-0.891,1.918,5.879,1.762,-8.289,0.548,0.488,1.168,1.310,2,NULL,NULL,,3,0,2,7,255,945,250,0,0
stim,71547,101668,0,101668,3298984.453,-0.520,-0.051,0.177,0.834,3111,0,0,3141,0,2091,0,1647,63,1.386,1,2132,0,162.856,17.844,-80.313,-124.563,-67.500,1.445,-1.336,2.242,5.879,16.848,3.602,0.546,0.508,1.168,1.310,2,NULL,NULL,,3,0,2,7,255,945,250,0,0
stim,71547,101668,0,101668,3298989.455,-0.518,-0.050,0.167,0.838,3125,0,0,3158,0,2139,0,1670,63,1.386,1,2132,0,241.294,22.813,-195.188,-121.750,72.813,1.230,-1.543,1.688,6.684,21.813,3.602,0.528,0.516,1.168,1.310,2,NULL,NULL,,3,0,2,7,255,945,250,0,0
stim,71547,101668,0,101668,3298994.454,-0.511,-0.050,0.157,0.844,3080,0,0,3181,0,2190,39,1675,63,1.386,1,2132,0,318.099,23.512,-229.188,-113.438,189.188,0.188,-1.352,0.766,8.777,21.813,-0.273,0.498,0.508,1.168,1.310,2,NULL,NULL,,3,0,2,7,255,945,250,0,0
stim,71569,101690,0,101690,3298999.455,-0.505,-0.049,0.147,0.849,3144,0,0,3187,0,2231,107,1702,63,1.386,1,2132,0,269.547,14.615,-191.250,-116.125,150.313,-1.152,-0.750,0.621,11.043,9.574,-2.613,0.460,0.478,1.168,1.310,2,NULL,NULL,,3,0,2,7,255,945,250,0,0
stim,71569,101690,0,101690,3299004.453,-0.504,-0.047,0.140,0.851,3147,0,0,3191,0,2317,160,1799,63,1.386,1,2132,0,181.303,11.928,-117.250,-128.688,50.625,-0.684,0.000,0.313,11.043,-4.508,-5.367,0.414,0.424,1.168,1.310,2,NULL,NULL,,3,0,2,7,255,945,250,0,0
stim,71569,101690,0,101690,3299009.455,-0.504,-0.043,0.135,0.852,3141,0,0,3195,0,2357,293,1943,63,1.386,1,2132,0,143.696,5.587,-56.188,-132.250,1.188,-0.387,0.059,1.027,3.301,-4.508,-2.613,0.366,0.352,1.168,1.310,2,NULL,NULL,,3,0,2,7,255,945,250,0,0
stim,71569,101690,0,101690,3299014.454,-0.505,-0.040,0.131,0.852,3145,0,0,3209,88,2391,331,2080,63,1.386,1,2132,0,128.639,1.848,-58.188,-113.750,-14.938,0.070,0.035,1.844,1.602,-0.922,0.801,0.324,0.278,1.168,1.310,2,NULL,NULL,,3,0,2,7,255,945,250,0,0
stim,71569,101690,0,101690,3299019.455,-0.507,-0.040,0.127,0.852,3141,0,0,3217,381,2429,320,2169,63,1.386,1,2132,0,93.432,4.864,-61.063,-58.188,-40.188,0.609,0.070,1.516,-0.082,4.863,3.500,0.290,0.222,1.168,1.310,2,NULL,NULL,,3,0,2,7,255,945,250,0,0
stim,71569,101690,0,101690,3299024.454,-0.508,-0.039,0.124,0.852,3129,0,0,3199,586,2430,360,2223,63,1.386,1,2132,0,68.206,6.128,-40.500,-54.313,-7.875,0.625,0.492,1.020,-3.074,5.301,3.500,0.264,0.196,1.168,1.310,2,NULL,NULL,,3,0,2,7,255,945,250,0,0
stim,71595,101716,0,101716,3299029.455,-0.509,-0.038,0.122,0.852,3140,0,0,3200,727,2457,393,2286,63,1.386,1,2132,0,57.034,6.128,-32.125,-40.813,-23.563,0.023,0.254,1.754,-3.074,5.301,3.500,0.244,0.188,1.168,1.310,2,NULL,NULL,,3,0,2,7,255,945,250,0,0
stim,71595,101716,0,101716,3299034.454,-0.509,-0.040,0.117,0.852,3147,0,0,3199,918,2467,400,2355,63,1.386,1,2132,0,126.073,5.494,-121.625,-22.188,-24.688,0.129,-0.313,1.242,-1.820,5.184,1.406,0.236,0.178,1.168,1.310,2,NULL,NULL,,3,0,2,7,255,945,250,0,0
stim,71595,101716,0,101716,3299039.455,-0.509,-0.041,0.112,0.852,3128,0,0,3199,1071,2477,405,2389,63,1.386,1,2132,0,113.888,3.705,-111.563,-22.875,1.063,-0.109,-0.195,0.531,2.195,2.984,1.406,0.238,0.164,1.168,1.310,2,NULL,NULL,,3,0,2,7,255,945,250,0,0
stim,71595,101716,0,101716,3299044.453,-0.510,-0.042,0.110,0.852,3131,0,0,3197,1198,2485,414,2419,63,1.386,1,2132,0,56.605,2.441,-40.250,-22.250,-33.000,-0.238,-0.078,0.738,2.195,1.066,-2.422,0.252,0.144,1.168,1.310,2,NULL,NULL,,3,0,2,7,255,945,250,0,0
stim,71616,101737,0,101737,3299049.455,-0.513,-0.041,0.109,0.851,3129,0,0,3193,1271,2492,405,2441,63,1.386,1,2132,0,65.680,2.069,-2.813,-20.188,-62.438,-0.055,0.117,1.043,1.773,1.066,-2.422,0.272,0.120,1.168,1.310,2,NULL,NULL,,3,0,2,7,255,945,250,0,0
stim,71616,101737,0,101737,3299054.454,-0.515,-0.041,0.108,0.849,3095,13,0,3195,1369,2501,407,2467,63,1.386,1,2132,0,61.197,1.342,-20.063,-15.313,-55.750,0.152,0.129,1.270,-0.707,1.141,0.398,0.290,0.098,1.168,1.310,2,NULL,NULL,,3,0,2,7,255,945,250,0,0
stim,71652,101773,0,101773,3299059.455,-0.516,-0.042,0.105,0.849,3133,24,0,3191,1439,2502,407,2479,63,1.386,1,2132,0,63.616,2.418,-56.563,-8.813,-27.750,0.035,0.070,1.148,-0.742,2.301,1.203,0.306,0.080,1.168,1.310,2,NULL,NULL,,3,0,2,7,255,945,250,0,0
stim,71652,101773,0,101773,3299064.453,-0.517,-0.043,0.103,0.849,3127,33,0,3205,1485,2509,404,2488,63,1.386,1,2132,0,68.790,2.418,-61.875,-5.438,-29.563,-0.180,0.031,0.953,-0.742,2.301,1.203,0.316,0.068,1.168,1.310,2,NULL,NULL,,3,0,2,7,255,945,250,0,0
stim,71652,101773,0,101773,3299069.455,-0.519,-0.044,0.101,0.848,3123,40,0,3191,1543,2515,397,2501,63,1.386,1,2132,0,67.609,0.308,-42.063,-5.688,-52.625,-0.180,0.055,0.902,0.234,0.199,-0.320,0.326,0.060,1.168,1.310,2,NULL,NULL,,3,0,2,7,255,945,250,0,0
stim,71652,101773,0,101773,3299074.454,-0.521,-0.045,0.100,0.846,3135,47,0,3188,1596,2517,384,2511,63,1.386,1,2132,0,67.298,0.308,-26.250,-4.375,-61.813,-0.066,0.023,0.949,0.234,0.199,-0.578,0.336,0.052,1.168,1.310,2,NULL,NULL,,3,0,2,7,255,945,250,0,0
stim,71652,101773,0,101773,3299079.455,-0.523,-0.045,0.098,0.845,3131,44,0,3179,1627,2509,382,2517,63,1.386,1,2132,0,56.963,1.168,-21.125,-4.750,-52.688,0.012,0.020,1.008,-0.004,1.168,-0.578,0.346,0.044,1.168,1.310,2,NULL,NULL,,3,0,2,7,255,945,250,0,0
stim,71652,101773,0,101773,3299084.454,-0.524,-0.046,0.097,0.845,3127,51,0,3179,1670,2517,376,2529,63,1.386,1,2132,0,44.947,1.950,-24.563,-2.438,-37.563,0.035,0.031,1.016,-0.332,1.922,-0.129,0.354,0.036,1.168,1.310,2,NULL,NULL,,3,0,2,7,255,945,250,0,0
stim,71652,101773,0,101773,3299089.455,-0.525,-0.046,0.096,0.844,3118,61,0,3181,1684,2516,379,2520,63,1.386,1,2132,0,36.940,1.950,-23.938,-0.750,-28.125,0.004,0.020,0.992,-0.332,1.922,-0.129,0.362,0.032,1.168,1.310,2,NULL,NULL,,3,0,2,7,255,945,250,0,0
stim,71652,101773,0,101773,3299094.453,-0.526,-0.046,0.095,0.844,3128,68,0,3173,1701,2511,351,2531,63,1.386,1,2132,0,30.124,1.828,-18.188,0.813,-24.000,-0.027,0.027,0.984,-0.313,1.801,-0.270,0.368,0.026,1.168,1.310,2,NULL,NULL,,3,0,2,7,255,945,250,0,0
stim,71652,101773,0,101773,3299099.455,-0.527,-0.047,0.095,0.843,3104,61,0,3171,1715,2513,315,2523,63,1.386,1,2132,0,22.507,1.528,-9.688,1.625,-20.250,-0.055,0.105,0.996,-0.313,1.496,-0.270,0.378,0.020,1.168,1.310,2,NULL,NULL,,3,0,2,7,255,945,250,0,0
stim,71652,101773,0,101773,3299104.454,-0.528,-0.047,0.095,0.843,3115,72,0,3161,1724,2505,299,2517,63,1.386,1,2132,0,17.768,1.270,-3.938,1.625,-17.250,-0.078,0.199,1.043,-0.840,0.953,-0.055,0.388,0.014,1.168,1.310,2,NULL,NULL,,3,0,2,7,255,945,250,0,0
stim,71677,101798,0,101798,3299109.455,-0.528,-0.047,0.094,0.843,3117,71,4,3182,1737,2501,295,2515,63,1.386,1,2132,0,16.799,1.648,-6.438,1.563,-15.438,-0.105,0.227,1.098,-1.594,0.418,0.508,0.396,0.006,1.168,1.310,2,NULL,NULL,,3,0,2,7,255,945,250,0,0
stim,71677,101798,0,101798,3299114.455,-0.529,-0.047,0.094,0.842,3091,72,13,3159,1752,2509,255,2517,63,1.367,1,2132,1,21.158,1.625,-13.813,0.938,-16.000,-0.117,0.223,1.066,-1.617,0.164,0.805,0.000,0.000,1.197,1.292,2,NULL,NULL,,3,0,2,7,255,945,250,0,0
stim,71677,101798,0,101798,3299119.455,-0.529,-0.047,0.093,0.842,3109,75,26,3149,1757,2495,253,2519,63,1.367,1,2132,1,19.846,1.623,-13.813,-0.188,-14.250,-0.105,0.199,1.023,-1.617,0.137,0.805,0.008,0.006,1.197,1.292,2,NULL,NULL,,3,0,2,7,255,945,250,0,0
stim,71677,101798,0,101798,3299124.454,-0.529,-0.047,0.093,0.842,3093,77,43,3143,1771,2493,245,2523,63,1.367,1,2132,1,17.433,1.479,-15.063,-1.250,-8.688,-0.113,0.152,1.051,-1.473,0.137,0.617,0.014,0.010,1.197,1.292,2,NULL,NULL,,3,0,2,7,255,945,250,0,0
stim,71677,101798,0,101798,3299129.455,-0.529,-0.048,0.092,0.842,3081,77,47,3133,1785,2491,235,2525,63,1.367,1,2132,1,19.289,1.052,-18.875,-2.375,-3.188,-0.137,0.156,1.020,-1.043,0.137,0.367,0.018,0.014,1.197,1.292,2,NULL,NULL,,3,0,2,7,255,945,250,0,0
stim,71677,101798,0,101798,3299134.453,-0.530,-0.048,0.091,0.842,3070,78,47,3141,1802,2493,237,2533,63,1.367,1,2132,1,18.487,0.988,-17.813,-4.375,-2.313,-0.168,0.160,0.996,-0.988,0.020,0.328,0.024,0.018,1.197,1.292,2,NULL,NULL,,3,0,2,7,255,945,250,0,0
stim,71703,101824,0,101824,3299139.455,-0.530,-0.048,0.091,0.842,3060,79,50,3115,1819,2488,236,2537,63,1.367,1,2132,1,17.226,0.920,-16.063,-5.188,-3.438,-0.164,0.105,0.988,-0.918,-0.063,0.176,0.030,0.020,1.197,1.292,2,NULL,NULL,,3,0,2,7,255,945,250,0,0
stim,71703,101824,0,101824,3299144.454,-0.530,-0.048,0.090,0.842,3008,76,85,3113,1838,2487,239,2553,63,1.367,1,2132,1,18.671,0.438,-17.125,-6.938,-2.688,-0.160,0.066,0.988,-0.434,-0.063,0.059,0.032,0.022,1.197,1.292,2,NULL,NULL,,3,0,2,7,255,945,250,0,0
stim,71703,101824,0,101824,3299149.455,-0.530,-0.048,0.089,0.842,3035,79,106,3095,1863,2488,247,2555,63,1.367,1,2132,1,18.650,0.159,-16.500,-8.563,-1.500,-0.160,0.059,0.957,-0.141,0.074,0.035,0.034,0.022,1.197,1.292,2,NULL,NULL,,3,0,2,7,255,945,250,0,0
stim,71703,101824,0,101824,3299154.453,-0.530,-0.048,0.088,0.842,3023,79,124,3083,1891,2485,247,2569,63,1.367,1,2132,1,16.615,0.117,-13.000,-10.188,-1.813,-0.172,0.066,0.957,-0.090,0.074,-0.250,0.036,0.022,1.197,1.292,2,NULL,NULL,,3,0,2,7,255,945,250,0,0
stim,71703,101824,0,101824,3299159.455,-0.530,-0.048,0.088,0.842,3007,82,143,3080,1913,2485,249,2581,63,1.367,1,2132,1,15.636,0.122,-10.063,-11.188,-4.250,-0.168,0.094,0.969,-0.090,-0.082,-0.250,0.038,0.022,1.197,1.292,2,NULL,NULL,,3,0,2,7,255,945,250,0,0
stim,71703,101824,0,101824,3299164.454,-0.530,-0.048,0.087,0.842,2995,94,159,3055,1947,2486,277,2589,63,1.367,1,2132,1,16.081,0.365,-8.563,-12.188,-6.063,-0.148,0.121,0.984,-0.355,-0.082,-0.152,0.038,0.020,1.197,1.292,2,NULL,NULL,,3,0,2,7,255,945,250,0,0
stim,71750,101871,0,101871,3299169.455,-0.530,-0.047,0.087,0.842,2975,111,210,3038,1975,2488,298,2603,63,1.367,1,2132,1,16.570,0.704,-8.813,-12.625,-6.125,-0.129,0.117,1.000,-0.699,-0.082,-0.016,0.038,0.020,1.197,1.292,2,NULL,NULL,,3,0,2,7,255,945,250,0,0
stim,71750,101871,0,101871,3299174.454,-0.531,-0.047,0.086,0.842,2957,123,263,3026,2002,2488,308,2616,63,1.367,1,2132,1,18.215,0.708,-11.500,-13.063,-5.375,-0.141,0.078,1.000,-0.699,0.109,0.098,0.038,0.018,1.197,1.292,2,NULL,NULL,,3,0,2,7,255,945,250,0,0
stim,71750,101871,0,101871,3299179.455,-0.531,-0.047,0.085,0.842,2931,133,307,3007,2037,2491,348,2631,63,1.367,1,2132,1,19.871,0.338,-12.625,-13.750,-6.813,-0.160,0.043,0.965,-0.320,0.109,0.098,0.038,0.016,1.197,1.292,2,NULL,NULL,,3,0,2,7,255,945,250,0,0
stim,71750,101871,0,101871,3299184.453,-0.531,-0.046,0.084,0.842,2909,140,359,2990,2072,2494,373,2646,63,1.367,1,2132,1,19.982,0.224,-8.563,-14.688,-10.500,-0.156,0.070,0.945,-0.215,0.063,-0.211,0.038,0.016,1.197,1.292,2,NULL,NULL,,3,0,2,7,255,945,250,0,0
stim,71750,101871,0,101871,3299189.455,-0.532,-0.046,0.084,0.841,2891,153,455,2973,2101,2495,407,2659,63,1.367,1,2132,1,20.945,0.217,-2.438,-15.500,-13.875,-0.137,0.113,0.969,-0.215,-0.027,-0.211,0.038,0.016,1.197,1.292,2,NULL,NULL,,3,0,2,7,255,945,250,0,0
stim,71750,101871,0,101871,3299194.454,-0.532,-0.045,0.084,0.841,2863,157,503,2953,2151,2501,474,2671,63,1.367,1,2132,1,21.315,0.684,0.250,-16.125,-13.938,-0.102,0.133,1.016,-0.684,-0.027,-0.195,0.040,0.020,1.197,1.292,2,NULL,NULL,,3,0,2,7,255,945,250,0,0
stim,71750,101871,0,101871,3299199.455,-0.533,-0.045,0.083,0.841,2839,166,646,2939,2207,2501,539,2683,63,1.367,1,2132,1,19.711,0.922,-2.500,-16.688,-10.188,-0.121,0.133,1.020,-0.918,0.086,0.246,0.042,0.022,1.197,1.292,2,NULL,NULL,,3,0,2,7,255,945,250,0,0
stim,71750,101871,0,101871,3299204.453,-0.533,-0.044,0.083,0.841,2802,181,733,2903,2269,2505,589,2702,63,1.367,1,2132,1,20.256,0.922,-4.438,-17.813,-8.563,-0.168,0.152,1.000,-0.918,0.086,0.246,0.046,0.026,1.197,1.292,2,NULL,NULL,,3,0,2,7,255,945,250,0,0
stim,71779,101900,0,101900,3299209.455,-0.534,-0.043,0.082,0.841,2764,203,839,2877,2319,2507,661,2715,63,1.367,1,2132,1,24.151,1.031,-0.625,-18.563,-15.438,-0.207,0.188,1.000,-0.918,-0.469,0.273,0.050,0.030,1.197,1.292,2,NULL,NULL,,3,0,2,7,255,945,250,0,0
stim,71779,101900,0,101900,3299214.455,-0.535,-0.043,0.082,0.840,2719,227,983,2862,2380,2521,774,2731,63,1.367,1,2132,1,32.620,1.404,1.625,-19.125,-26.375,-0.199,0.219,1.023,-1.035,-0.949,0.273,0.054,0.034,1.197,1.292,2,NULL,NULL,,3,0,2,7,255,945,250,0,0
stim,71779,101900,0,101900,3299219.454,-0.536,-0.042,0.081,0.839,2668,229,1147,2838,2426,2516,935,2747,63,1.367,1,2132,1,43.639,1.584,-4.500,-20.750,-38.125,-0.234,0.223,1.098,-1.234,-0.992,0.523,0.056,0.036,1.197,1.292,2,NULL,NULL,,3,0,2,7,255,945,250,0,0
stim,71779,101900,0,101900,3299224.455,-0.538,-0.042,0.080,0.838,2617,253,1273,2812,2490,2525,1077,2767,63,1.367,1,2132,1,57.755,1.648,-15.938,-20.875,-51.438,-0.188,0.215,1.070,-1.316,-0.992,0.938,0.060,0.038,1.197,1.292,2,NULL,NULL,,3,0,2,7,255,945,250,0,0
stim,71779,101900,0,101900,3299229.454,-0.540,-0.041,0.079,0.837,2533,267,1431,2775,2533,2521,1213,2785,63,1.367,1,2132,1,64.588,1.486,-22.313,-20.438,-57.063,-0.129,0.172,1.031,-1.234,-0.828,0.938,0.062,0.042,1.197,1.292,2,NULL,NULL,,3,0,2,7,255,945,250,0,0
stim,71779,101900,0,101900,3299234.455,-0.542,-0.042,0.077,0.836,2457,267,1592,2750,2577,2523,1337,2795,63,1.367,1,2132,1,69.106,1.256,-28.500,-20.750,-59.438,-0.141,0.090,1.043,-1.234,-0.230,0.523,0.068,0.046,1.197,1.292,2,NULL,NULL,,3,0,2,7,255,945,250,0,0
stim,71802,101923,0,101923,3299239.454,-0.545,-0.042,0.075,0.834,2390,293,1755,2703,2620,2527,1464,2808,63,1.367,1,2132,1,73.628,0.473,-34.500,-20.250,-61.813,-0.121,0.023,1.012,-0.473,-0.008,0.453,0.072,0.052,1.197,1.292,2,NULL,NULL,,3,0,2,7,255,945,250,0,0
stim,71802,101923,0,101923,3299244.455,-0.547,-0.042,0.073,0.833,2298,302,1885,2665,2663,2531,1606,2827,63,1.367,1,2132,1,74.716,0.372,-37.625,-20.000,-61.375,-0.113,-0.047,0.996,0.031,0.371,0.172,0.078,0.056,1.197,1.292,2,NULL,NULL,,3,0,2,7,255,945,250,0,0
stim,71802,101923,0,101923,3299249.454,-0.549,-0.042,0.071,0.832,2188,325,2024,2619,2697,2531,1714,2843,63,1.367,1,2132,0,76.080,0.857,-42.188,-20.938,-59.750,-0.125,-0.109,1.020,0.590,0.621,0.172,0.082,0.060,1.197,1.292,2,NULL,NULL,,3,0,2,7,255,945,250,0,0
stim,71802,101923,0,101923,3299254.455,-0.551,-0.043,0.068,0.830,2087,343,2165,2567,2728,2526,1815,2855,63,1.367,1,2132,0,92.237,1.313,-60.438,-23.063,-65.750,-0.191,-0.156,1.137,1.156,0.621,0.211,0.084,0.060,1.197,1.292,2,NULL,NULL,,3,0,2,7,255,945,250,0,0
stim,71848,101969,0,101969,3299259.454,-0.554,-0.045,0.064,0.829,1975,343,2281,2505,2757,2527,1927,2863,63,1.367,1,2132,0,115.505,1.257,-82.063,-24.313,-77.563,-0.191,-0.086,1.086,1.156,0.492,0.973,0.084,0.060,1.197,1.292,2,NULL,NULL,,3,0,2,7,255,945,250,0,0
stim,71848,101969,0,101969,3299264.455,-0.557,-0.046,0.060,0.827,1839,327,2377,2431,2781,2526,2009,2875,63,1.367,1,2132,0,118.410,1.167,-83.000,-24.313,-80.875,-0.070,-0.004,0.918,1.059,0.492,0.973,0.082,0.058,1.197,1.292,2,NULL,NULL,,3,0,2,7,255,945,250,0,0
stim,71848,101969,0,101969,3299269.454,-0.559,-0.047,0.057,0.826,1675,309,2468,2333,2813,2537,2107,2893,63,1.367,1,2132,0,100.022,0.471,-66.125,-27.375,-69.875,-0.055,0.039,0.871,-0.141,0.449,-0.820,0.080,0.054,1.197,1.292,2,NULL,NULL,,3,0,2,7,255,945,250,0,0
stim,71848,101969,0,101969,3299274.455,-0.561,-0.047,0.054,0.824,1453,271,2535,2229,2845,2527,2196,2902,63,1.367,1,2132,0,86.683,0.474,-52.500,-29.313,-62.438,-0.086,-0.012,0.988,-0.141,0.453,-0.820,0.078,0.052,1.197,1.292,2,NULL,NULL,,3,0,2,7,255,945,250,0,0
stim,71848,101969,0,101969,3299279.454,-0.564,-0.047,0.051,0.823,1259,267,2595,2131,2856,2519,2281,2917,63,1.367,1,2132,0,85.305,0.467,-51.750,-31.125,-60.250,-0.121,-0.039,1.063,-0.129,0.449,-0.090,0.076,0.050,1.197,1.292,2,NULL,NULL,,3,0,2,7,255,945,250,0,0
stim,71848,101969,0,101969,3299284.455,-0.566,-0.047,0.048,0.822,1077,251,2638,1993,2891,2515,2353,2918,63,1.367,1,2132,0,90.457,0.471,-56.438,-30.938,-63.563,-0.082,-0.023,1.066,-0.129,0.453,0.641,0.072,0.048,1.197,1.292,2,NULL,NULL,,3,0,2,7,255,945,250,0,0
stim,71848,101969,0,101969,3299289.454,-0.568,-0.047,0.045,0.821,855,233,2681,1791,2899,2513,2421,2931,63,1.367,1,2132,0,86.098,0.549,-54.688,-32.750,-57.875,-0.066,-0.043,1.039,-0.047,0.547,0.641,0.070,0.046,1.197,1.292,2,NULL,NULL,,3,0,2,7,255,945,250,0,0
stim,71848,101969,0,101969,3299294.455,-0.569,-0.047,0.042,0.820,571,185,2726,1515,2927,2501,2485,2935,63,1.367,1,2132,0,78.425,0.569,-49.750,-36.125,-48.688,-0.059,0.027,1.059,-0.156,0.547,0.547,0.070,0.044,1.197,1.292,2,NULL,NULL,,3,0,2,7,255,945,250,0,0
stim,71873,101994,0,101994,3299299.454,-0.571,-0.047,0.040,0.819,366,127,2759,1306,2940,2484,2547,2951,63,1.367,1,2132,0,76.331,0.907,-46.125,-37.188,-48.125,-0.102,0.082,1.039,-0.770,0.480,0.387,0.070,0.044,1.197,1.292,2,NULL,NULL,,3,0,2,7,255,945,250,0,0
stim,71873,101994,0,101994,3299304.455,-0.573,-0.046,0.037,0.818,166,71,2803,1031,2951,2469,2599,2957,63,1.367,1,2132,0,74.578,1.153,-40.500,-41.875,-46.563,-0.047,0.109,1.051,-1.133,0.215,0.438,0.072,0.042,1.197,1.292,2,NULL,NULL,,3,0,2,7,255,945,250,0,0
stim,71873,101994,0,101994,3299309.454,-0.574,-0.046,0.034,0.817,55,35,2823,783,2968,2447,2636,2971,63,1.367,1,2132,0,74.709,1.415,-39.250,-42.938,-46.875,0.020,0.059,1.086,-1.398,0.215,0.438,0.074,0.040,1.197,1.292,2,NULL,NULL,,3,0,2,7,255,945,250,0,0
stim,71873,101994,0,101994,3299314.455,-0.575,-0.045,0.032,0.816,9,21,2853,537,2975,2409,2671,2967,63,1.367,1,2132,0,70.247,1.865,-42.688,-47.313,-29.563,0.086,0.055,1.078,-1.586,0.980,0.586,0.078,0.040,1.197,1.292,2,NULL,NULL,,3,0,2,7,255,945,250,0,0
stim,71873,101994,0,101994,3299319.454,-0.576,-0.044,0.029,0.816,0,0,2860,373,2988,2381,2708,2971,63,1.367,1,2132,0,68.200,1.815,-42.125,-49.000,-21.813,-0.035,0.094,1.016,-1.527,0.980,0.586,0.080,0.040,1.197,1.292,2,NULL,NULL,,3,0,2,7,255,945,250,0,0
stim,71873,101994,0,101994,3299324.455,-0.576,-0.042,0.027,0.816,0,0,2885,283,3004,2356,2745,2981,63,1.367,1,2132,0,58.566,1.540,-14.688,-56.188,-7.563,-0.215,0.027,1.121,-1.527,0.199,0.586,0.084,0.040,1.197,1.292,2,NULL,NULL,,3,0,2,7,255,945,250,0,0
stim,71891,102012,0,102012,3299329.454,-0.576,-0.040,0.026,0.816,0,0,2903,251,3029,2331,2775,2995,63,1.367,1,2132,0,69.924,1.277,20.000,-67.000,-0.563,-0.441,-0.094,1.375,-0.383,-1.219,1.313,0.084,0.040,1.197,1.292,2,NULL,NULL,,3,0,2,7,255,945,250,0,0
stim,71891,102012,0,102012,3299334.455,-0.576,-0.036,0.026,0.816,0,0,2905,186,3034,2299,2803,2989,63,1.367,1,2132,0,100.570,3.057,57.563,-82.313,5.063,-0.594,-0.199,1.848,1.328,-2.754,4.035,0.082,0.040,1.197,1.292,2,NULL,NULL,,3,0,2,7,255,945,250,0,0
stim,71891,102012,0,102012,3299339.454,-0.576,-0.033,0.024,0.816,0,0,2915,149,3043,2239,2829,2995,63,1.367,1,2132,0,93.107,3.057,-10.438,-92.500,1.938,-0.301,-0.023,1.875,1.328,-2.754,8.754,0.078,0.044,1.197,1.292,2,NULL,NULL,,3,0,2,7,255,945,250,0,0
stim,71891,102012,0,102012,3299344.455,-0.577,-0.032,0.018,0.816,0,0,2917,87,3045,2200,2855,2989,63,1.367,1,2132,0,136.262,1.710,-103.750,-84.500,-25.750,-0.148,-0.129,1.297,0.785,-1.520,8.754,0.074,0.052,1.197,1.292,2,NULL,NULL,,3,0,2,7,255,945,250,0,0
stim,71914,102035,0,102035,3299349.454,-0.576,-0.031,0.013,0.816,0,0,2925,31,3061,2125,2873,3003,63,1.367,1,2132,0,122.048,0.899,-75.000,-96.188,4.313,-0.133,-0.113,0.977,0.770,-0.465,2.996,0.074,0.060,1.197,1.292,3,NULL,NULL,,3,0,2,7,255,945,250,0,0
stim,71914,102035,0,102035,3299354.455,-0.575,-0.028,0.010,0.817,0,0,2931,0,3067,2027,2899,2995,63,1.367,1,2132,0,111.544,0.899,-11.938,-107.375,27.750,-0.238,0.078,1.047,0.770,-0.465,0.516,0.078,0.066,1.197,1.292,3,NULL,NULL,,3,0,2,7,255,945,250,0,0
stim,71954,102075,0,102075,3299359.454,-0.575,-0.023,0.008,0.818,0,0,2919,0,3079,1911,2916,2999,63,1.367,1,2132,0,118.066,2.231,12.813,-116.000,17.875,-0.328,0.102,1.266,-0.656,-2.133,0.516,0.080,0.074,1.197,1.292,3,NULL,NULL,,3,0,2,7,255,945,250,0,0
stim,71955,102076,0,102076,3299364.455,-0.574,-0.019,0.005,0.818,0,0,2921,0,3069,1773,2925,2989,63,1.367,1,2132,0,124.429,2.785,12.563,-123.438,9.375,-0.316,0.012,1.473,-0.656,-2.707,2.664,0.084,0.082,1.197,1.292,3,NULL,NULL,,3,0,2,7,255,945,250,0,0
stim,71955,102076,0,102076,3299369.454,-0.574,-0.014,0.002,0.819,0,0,2913,0,3081,1639,2951,2989,63,1.367,1,2132,0,132.565,2.708,-8.375,-131.188,17.125,-0.277,-0.078,1.566,0.082,-2.707,4.703,0.086,0.090,1.197,1.292,3,NULL,NULL,,3,0,2,7,255,945,250,0,0
stim,71955,102076,0,102076,3299374.455,-0.573,-0.010,-0.003,0.820,0,0,2895,0,3081,1450,2961,2989,63,1.367,1,2132,0,142.486,2.351,-27.875,-138.000,21.938,-0.270,-0.137,1.426,0.777,-2.219,4.703,0.086,0.100,1.197,1.292,3,NULL,NULL,,3,0,2,7,255,945,250,0,0
stim,71955,102076,0,102076,3299379.454,-0.571,-0.006,-0.008,0.821,0,0,2879,0,3091,1240,2965,2973,63,1.367,1,2132,0,152.884,2.519,-37.500,-145.938,25.875,-0.242,-0.141,1.313,1.383,-2.105,4.234,0.088,0.110,1.197,1.292,3,NULL,NULL,,3,0,2,7,255,945,250,0,0
stim,71955,102076,0,102076,3299384.455,-0.570,-0.002,-0.012,0.821,0,0,2871,0,3095,1023,2967,2965,63,1.367,1,2132,0,160.099,2.525,-34.750,-154.125,25.875,-0.309,-0.113,1.199,1.395,-2.105,3.105,0.092,0.122,1.197,1.292,3,NULL,NULL,,3,0,2,7,255,945,250,0,0
stim,71955,102076,0,102076,3299389.454,-0.569,0.003,-0.017,0.822,0,0,2845,0,3089,759,2987,2943,63,1.367,1,2132,0,164.729,2.934,-16.938,-161.938,25.000,-0.273,-0.141,1.133,1.449,-2.551,1.957,0.100,0.134,1.197,1.292,3,NULL,NULL,,3,0,2,7,255,945,250,0,0
stim,71955,102076,0,102076,3299394.455,-0.568,0.009,-0.021,0.823,0,0,2829,0,3101,552,2983,2938,63,1.367,1,2132,0,173.962,3.302,-1.438,-172.438,22.938,-0.313,-0.133,1.168,1.664,-2.852,1.563,0.108,0.148,1.197,1.292,3,NULL,NULL,,3,0,2,7,255,945,250,0,0
stim,71955,102076,0,102076,3299399.454,-0.567,0.016,-0.026,0.823,0,0,2781,0,3099,405,3001,2919,63,1.367,1,2132,0,181.835,3.178,4.000,-181.000,16.938,-0.262,-0.188,1.215,1.773,-2.637,1.563,0.118,0.164,1.197,1.292,3,NULL,NULL,,3,0,2,7,255,945,250,0,0
stim,71955,102076,0,102076,3299404.455,-0.566,0.023,-0.030,0.824,0,0,2740,0,3097,169,3013,2891,63,1.367,1,2132,0,191.315,3.394,5.563,-190.125,20.563,-0.223,-0.223,1.211,2.137,-2.637,1.984,0.126,0.178,1.197,1.292,3,NULL,NULL,,3,0,2,7,255,945,250,0,0
stim,71978,102099,0,102099,3299409.454,-0.564,0.030,-0.035,0.824,0,0,2699,0,3095,92,3004,2857,63,1.367,1,2132,0,199.505,3.154,11.438,-197.938,22.188,-0.152,-0.113,1.246,2.137,-2.320,2.020,0.134,0.194,1.197,1.292,3,NULL,NULL,,3,0,2,7,255,945,250,0,0
stim,71978,102099,0,102099,3299414.455,-0.563,0.038,-0.039,0.825,0,0,2633,0,3107,25,3021,2825,63,1.367,1,2132,0,205.511,2.628,18.188,-203.625,21.000,-0.223,0.039,1.219,1.234,-2.320,1.984,0.144,0.208,1.197,1.292,3,NULL,NULL,,3,0,2,7,255,945,250,0,0
stim,71978,102099,0,102099,3299419.454,-0.562,0.046,-0.043,0.825,0,0,2547,0,3093,0,3008,2781,63,1.367,1,2132,0,218.565,3.631,35.563,-215.375,10.938,-0.254,0.168,1.387,0.215,-3.625,2.273,0.156,0.222,1.197,1.292,3,NULL,NULL,,3,0,2,7,255,945,250,0,0
stim,71978,102099,0,102099,3299424.455,-0.561,0.055,-0.047,0.825,0,0,2456,0,3087,1,3019,2720,63,1.367,1,2132,0,227.620,4.833,40.313,-224.000,3.125,-0.270,0.301,1.680,-0.734,-4.777,3.281,0.172,0.242,1.197,1.292,3,NULL,NULL,,3,0,2,7,255,945,250,0,0
stim,71978,102099,0,102099,3299429.454,-0.561,0.065,-0.051,0.824,0,0,2333,0,3075,5,3007,2663,63,1.367,1,2132,0,240.161,6.210,45.563,-235.625,-9.063,-0.340,0.336,2.109,-1.543,-6.016,5.945,0.192,0.264,1.197,1.292,3,NULL,NULL,,3,0,2,7,255,945,250,0,0
stim,71978,102099,0,102099,3299434.455,-0.560,0.075,-0.056,0.824,0,0,2175,0,3048,53,3001,2595,63,1.367,1,2132,0,256.565,7.940,45.125,-252.563,-1.250,-0.438,0.246,2.656,-1.543,-7.789,9.875,0.218,0.292,1.197,1.292,3,NULL,NULL,,3,0,2,7,255,945,250,0,0
stim,72010,102131,0,102131,3299439.454,-0.557,0.085,-0.062,0.824,0,0,1975,0,3043,63,2981,2507,63,1.367,1,2132,0,284.605,9.715,7.250,-282.375,34.813,-0.656,0.324,3.035,0.039,-9.715,14.871,0.250,0.326,1.197,1.292,3,NULL,NULL,,3,0,2,7,255,945,250,0,0
stim,72010,102131,0,102131,3299444.455,-0.554,0.095,-0.072,0.824,0,0,1815,0,3011,76,2973,2383,63,1.367,1,2132,0,321.957,13.258,-53.125,-313.750,48.938,-0.898,0.648,3.129,0.039,-13.258,17.613,0.290,0.368,1.197,1.292,3,NULL,NULL,,3,0,2,7,255,945,250,0,0
stim,72010,102131,0,102131,3299449.454,-0.552,0.104,-0.084,0.823,0,0,1655,0,2988,75,2937,2237,63,1.367,1,2132,0,359.335,17.601,-103.125,-342.688,32.438,-1.074,1.023,3.090,-1.328,-17.551,17.613,0.344,0.424,1.197,1.292,3,NULL,NULL,,3,0,2,7,255,945,250,0,0
stim,72010,102131,0,102131,3299454.455,-0.551,0.115,-0.098,0.821,0,0,1534,0,2941,86,2907,2095,63,1.367,1,2132,0,396.414,21.536,-125.688,-375.938,4.250,-1.090,1.270,3.137,-4.027,-21.156,16.035,0.410,0.490,1.197,1.292,3,NULL,NULL,,3,0,2,7,255,945,250,0,0
stim,72010,102131,0,102131,3299459.454,-0.550,0.126,-0.113,0.818,0,0,1415,0,2899,85,2856,1907,63,1.367,1,2132,0,433.495,23.992,-145.250,-408.000,-18.875,-0.980,1.387,3.211,-6.160,-23.188,15.621,0.486,0.568,1.197,1.292,3,NULL,NULL,,3,0,2,7,255,945,250,0,0
stim,72010,102131,0,102131,3299464.455,-0.549,0.137,-0.130,0.814,0,0,1301,0,2835,84,2785,1787,63,1.367,1,2132,0,469.517,23.992,-186.063,-430.250,-26.688,-0.902,1.168,3.117,-6.160,-23.188,15.555,0.574,0.656,1.197,1.292,3,NULL,NULL,,3,0,2,7,255,945,250,0,0
stim,72051,102172,0,102172,3299469.454,-0.548,0.148,-0.148,0.810,0,0,1165,0,2751,73,2680,1651,63,1.367,1,2132,0,499.478,23.832,-196.438,-458.875,-18.000,-1.012,0.641,2.977,-6.023,-23.059,14.266,0.668,0.750,1.197,1.292,3,NULL,NULL,,3,0,2,7,255,945,250,0,0
stim,72051,102172,0,102172,3299474.455,-0.545,0.161,-0.166,0.806,0,0,1006,0,2643,61,2531,1497,63,1.367,1,2132,0,526.983,23.079,-199.063,-487.938,-1.375,-1.184,0.656,2.852,-0.980,-23.059,12.094,0.768,0.850,1.197,1.292,3,NULL,NULL,,3,0,2,7,255,945,250,0,0
stim,72051,102172,0,102172,3299479.454,-0.543,0.174,-0.185,0.800,0,0,870,0,2502,33,2351,1323,63,1.367,1,2132,0,535.516,24.512,-185.000,-501.250,-36.063,-1.199,0.703,2.910,-0.980,-24.492,9.180,0.874,0.958,1.197,1.292,3,NULL,NULL,,3,0,2,7,255,945,250,0,0
stim,72051,102172,0,102172,3299484.455,-0.542,0.189,-0.202,0.793,0,0,696,0,2330,0,2101,1115,63,1.367,1,2132,0,541.975,25.059,-162.063,-511.938,-73.438,-0.965,0.418,3.102,-0.637,-25.051,9.180,0.990,1.074,1.197,1.292,3,NULL,NULL,,3,0,2,7,255,945,250,0,0
stim,72051,102172,0,102172,3299489.454,-0.540,0.204,-0.220,0.787,0,0,486,0,2077,0,1810,947,63,1.367,1,2132,0,554.779,25.064,-158.188,-529.188,-52.125,-0.820,-0.125,3.199,0.820,-25.051,10.355,1.106,1.194,1.197,1.292,3,NULL,NULL,,3,0,2,7,255,945,250,0,0
stim,72051,102172,0,102172,3299494.455,-0.535,0.217,-0.240,0.780,0,0,287,0,1757,0,1429,798,63,1.367,1,2132,0,586.690,24.434,-206.625,-548.875,15.750,-0.781,-0.434,2.824,5.406,-23.828,10.355,1.220,1.310,1.197,1.292,3,NULL,NULL,,3,0,2,7,255,945,250,0,0
stim,72051,102172,0,102172,3299499.454,-0.530,0.231,-0.261,0.773,0,1,210,0,1433,0,935,639,63,1.367,1,2132,0,599.810,22.753,-218.813,-558.125,19.750,-0.738,-0.453,2.055,7.523,-21.473,8.102,1.330,1.422,1.197,1.292,3,NULL,NULL,,3,0,2,7,255,945,250,0,0
stim,72051,102172,0,102172,3299504.455,-0.523,0.246,-0.279,0.767,0,0,109,0,1063,0,309,543,63,1.367,1,2132,0,589.810,18.662,-141.813,-572.063,22.563,-0.793,-0.340,1.688,7.523,-17.078,1.582,1.434,1.530,1.197,1.292,3,NULL,NULL,,3,0,2,7,255,945,250,0,0
stim,72076,102198,0,102198,3299509.454,-0.515,0.263,-0.295,0.761,0,0,89,0,589,0,0,475,63,1.367,1,2132,0,581.604,18.289,-55.750,-576.875,48.688,-0.859,0.176,1.949,6.543,-17.078,-2.492,1.536,1.634,1.197,1.292,3,NULL,NULL,,3,0,2,7,255,945,250,0,0
stim,72076,102198,0,102198,3299514.455,-0.503,0.280,-0.310,0.757,0,0,36,0,165,0,0,400,63,1.367,1,2132,0,598.931,20.041,-12.250,-588.250,111.938,-1.422,0.328,2.391,3.578,-19.719,-3.035,1.636,1.738,1.197,1.292,3,NULL,NULL,,3,0,2,7,255,945,250,0,0
stim,72077,102198,0,102198,3299519.454,-0.490,0.296,-0.327,0.752,0,0,27,0,0,0,0,335,63,1.367,1,2132,0,615.278,27.060,-74.563,-588.625,162.875,-1.664,0.805,2.367,2.363,-26.957,-5.586,1.740,1.846,1.197,1.292,3,NULL,NULL,,3,0,2,7,255,945,250,0,0
stim,72077,102198,0,102198,3299524.455,-0.481,0.308,-0.346,0.744,0,0,14,0,0,0,0,265,63,1.367,1,2132,0,581.552,27.132,-195.375,-542.250,77.438,-1.371,1.496,2.027,0.410,-27.129,-9.973,1.854,1.960,1.197,1.292,4,NULL,NULL,,3,0,2,7,255,945,250,0,0
stim,72094,102215,0,102215,3299529.454,-0.477,0.316,-0.366,0.734,0,0,15,0,0,0,0,198,63,1.367,1,2132,0,563.044,28.069,-311.500,-468.938,9.188,-0.898,1.891,1.551,-7.203,-27.129,-12.699,1.974,2.084,1.197,1.292,0,NULL,NULL,,3,0,2,7,255,945,250,0,0
stim,72094,102215,0,102215,3299534.455,-0.474,0.316,-0.390,0.724,0,0,16,0,0,0,0,164,63,1.367,1,2132,0,597.936,24.967,-455.813,-372.563,104.688,-1.195,1.836,0.836,-12.328,-21.711,-13.633,2.096,2.206,1.197,1.292,0,NULL,NULL,,3,0,2,7,255,945,250,0,0
stim,72094,102215,0,102215,3299539.454,-0.473,0.309,-0.415,0.713,0,0,8,0,0,0,0,143,63,1.367,1,2132,0,647.118,20.906,-583.125,-246.313,134.375,-0.777,2.125,-0.535,-13.090,-16.301,-20.539,2.210,2.320,1.197,1.292,0,NULL,NULL,,3,0,2,7,255,945,250,0,0
stim,72094,102215,0,102215,3299544.455,-0.475,0.306,-0.429,0.705,0,0,8,0,0,0,0,115,63,1.367,1,2132,0,366.503,12.547,-343.313,-127.813,11.188,-0.664,0.633,-1.133,-12.328,-2.332,-22.145,2.308,2.418,1.197,1.292,0,NULL,NULL,,3,0,2,7,255,945,250,0,0
stim,72094,102215,1,102215,3299549.454,-0.475,0.308,-0.429,0.704,0,0,9,0,0,0,0,111,63,1.367,1,2132,0,55.812,4.018,3.938,-49.063,-26.313,-0.902,-1.176,0.016,-3.465,-2.035,-22.145,2.388,2.498,1.197,1.292,0,NULL,NULL,,3,1,2,7,255,945,250,0,0
stim,72094,102215,1,102215,3299554.455,-0.475,0.308,-0.427,0.705,0,0,4,0,0,0,0,103,63,1.367,1,2132,0,48.700,14.012,34.125,25.875,-23.188,-1.195,-1.387,1.629,13.863,-2.035,-13.430,2.460,2.570,1.197,1.292,0,NULL,NULL,,3,1,2,7,255,945,250,0,0
stim,72147,102268,1,102268,3299559.454,-0.481,0.302,-0.429,0.703,0,0,4,0,0,0,0,94,63,1.367,1,2132,0,194.906,22.027,-154.813,114.500,-30.188,-1.223,-0.211,1.484,13.863,-17.117,-12.789,2.534,2.644,1.197,1.292,0,NULL,NULL,,3,1,2,7,255,945,250,0,0
stim,72147,102268,1,102268,3299564.455,-0.488,0.292,-0.432,0.700,0,0,7,0,0,0,0,73,63,1.367,1,2132,0,303.756,18.092,-239.688,185.500,-20.188,-1.008,1.250,0.180,5.859,-17.117,-12.789,2.612,2.726,1.197,1.292,0,NULL,NULL,,3,1,2,7,255,945,250,0,0
stim,72147,102268,1,102268,3299569.454,-0.494,0.282,-0.432,0.700,0,0,0,0,0,0,0,30,63,1.367,1,2132,0,256.961,10.988,-134.000,218.938,11.813,-0.930,1.824,-0.391,-8.113,-7.410,-21.328,2.690,2.804,1.197,1.292,0,NULL,NULL,,3,1,2,7,255,945,250,0,0
stim,72147,102268,1,102268,3299574.455,-0.497,0.275,-0.427,0.704,0,0,0,0,0,0,0,26,63,1.367,1,2132,0,230.979,10.849,5.438,229.063,29.188,-1.105,1.281,0.078,-8.113,-7.203,-22.551,2.756,2.872,1.197,1.292,0,NULL,NULL,,3,1,2,7,255,945,250,0,0
stim,72147,102268,1,102268,3299579.454,-0.501,0.268,-0.421,0.707,0,0,0,0,0,0,0,23,63,1.367,1,2132,0,241.677,10.765,22.313,239.813,20.000,-1.199,0.359,0.734,-8.000,-7.203,-22.551,2.818,2.932,1.197,1.292,0,NULL,NULL,,3,1,2,7,255,945,250,0,0
stim,72147,102268,1,102268,3299584.455,-0.506,0.259,-0.417,0.709,0,0,0,0,0,0,0,25,63,1.367,1,2132,0,252.960,11.183,-43.938,248.500,17.500,-1.066,-0.035,0.703,0.258,-11.180,-16.891,2.876,2.992,1.197,1.292,0,NULL,NULL,,3,1,2,7,255,945,250,0,0
stim,72147,102268,1,102268,3299589.454,-0.511,0.249,-0.414,0.711,0,0,0,0,0,0,0,25,63,1.367,1,2132,0,268.042,11.194,-86.250,252.313,27.313,-0.898,0.254,0.172,0.574,-11.180,-16.652,2.934,3.050,1.197,1.292,0,NULL,NULL,,3,1,2,7,255,945,250,0,0
stim,72147,102268,1,102268,3299594.455,-0.515,0.239,-0.411,0.713,0,0,0,0,0,0,0,21,63,1.367,1,2132,0,262.176,6.381,-55.375,253.438,37.938,-0.719,0.559,-0.262,0.574,-6.355,-16.652,2.984,3.102,1.197,1.292,0,NULL,NULL,,3,1,2,7,255,945,250,0,0
stim,72178,102299,1,102299,3299599.454,-0.518,0.230,-0.405,0.717,0,0,0,0,0,0,0,26,63,1.367,1,2132,0,261.468,3.326,7.125,254.625,59.000,-0.598,0.543,-0.301,-2.395,-2.309,-17.766,3.022,3.140,1.197,1.292,0,NULL,NULL,,3,1,2,7,255,945,250,0,0
stim,72178,102299,1,102299,3299604.455,-0.520,0.222,-0.399,0.722,0,0,0,0,0,0,0,31,63,1.367,1,2132,0,276.770,3.326,37.938,261.938,80.938,-0.602,0.445,-0.113,-2.395,-2.309,-17.766,3.050,3.168,1.197,1.292,0,NULL,NULL,,3,1,2,7,255,945,250,0,0
stim,72178,102299,1,102299,3299609.454,-0.522,0.213,-0.392,0.727,0,0,0,0,0,0,0,28,63,1.367,1,2132,0,286.086,3.587,47.000,272.188,74.500,-0.688,0.398,-0.016,-1.848,-3.074,-16.375,3.072,3.190,1.197,1.292,0,NULL,NULL,,3,1,2,7,255,945,250,0,0
stim,72178,102299,1,102299,3299614.455,-0.525,0.204,-0.384,0.732,0,0,0,0,0,0,0,31,63,1.367,1,2132,0,297.632,4.513,59.938,284.688,62.813,-0.629,0.273,0.020,-1.223,-4.344,-16.188,3.090,3.210,1.197,1.292,0,NULL,NULL,,3,1,2,7,255,945,250,0,0
stim,72178,102299,1,102299,3299619.454,-0.527,0.196,-0.375,0.737,0,0,0,0,0,0,0,23,63,1.367,1,2132,0,308.815,4.592,73.625,293.563,61.375,-0.563,0.340,0.082,-1.223,-4.426,-15.016,3.110,3.230,1.197,1.292,0,NULL,NULL,,3,1,2,7,255,945,250,0,0
stim,72178,102299,1,102299,3299624.455,-0.530,0.187,-0.365,0.742,0,0,0,0,0,0,0,19,63,1.367,1,2132,0,328.267,4.365,101.750,305.375,64.438,-0.422,0.121,0.195,-0.336,-4.352,-14.281,3.130,3.250,1.197,1.292,0,NULL,NULL,,3,1,2,7,255,945,250,0,0
stim,72178,102299,1,102299,3299629.454,-0.531,0.178,-0.355,0.748,0,0,0,0,0,0,0,8,63,1.367,1,2132,0,340.242,4.784,109.313,310.875,84.688,-0.594,0.379,0.461,-1.238,-4.621,-11.871,3.152,3.274,1.197,1.292,0,NULL,NULL,,3,1,2,7,255,945,250,0,0
stim,72178,102299,1,102299,3299634.455,-0.534,0.169,-0.344,0.754,0,0,0,0,0,0,0,1,63,1.367,1,2132,0,347.699,7.884,109.500,323.938,63.000,-0.520,0.258,0.547,-1.246,-7.785,-11.730,3.180,3.302,1.197,1.292,0,NULL,NULL,,3,1,2,7,255,945,250,0,0
stim,72198,102319,1,102319,3299639.454,-0.536,0.160,-0.333,0.759,0,0,0,0,0,0,0,1,63,1.367,1,2132,0,353.897,8.050,110.063,328.875,70.500,-0.488,0.289,0.676,-1.844,-7.836,-10.148,3.212,3.336,1.197,1.292,0,NULL,NULL,,3,1,2,7,255,945,250,0,0
stim,72198,102319,1,102319,3299644.455,-0.538,0.151,-0.322,0.764,0,0,0,0,0,0,0,2,63,1.367,1,2132,0,358.026,8.690,104.875,337.000,60.125,-0.508,0.301,0.727,-1.844,-8.492,-8.945,3.248,3.374,1.197,1.292,0,NULL,NULL,,3,1,2,7,255,945,250,0,0
stim,72198,102319,1,102319,3299649.454,-0.541,0.141,-0.311,0.769,0,0,0,0,0,0,0,2,63,1.367,1,2132,0,361.962,9.175,107.688,341.750,51.250,-0.480,0.316,0.793,-1.969,-8.961,-8.469,3.290,3.416,1.197,1.292,0,NULL,NULL,,3,1,2,7,255,945,250,0,0
stim,72198,102319,1,102319,3299654.455,-0.544,0.132,-0.299,0.773,0,0,0,0,0,0,0,2,63,1.367,1,2132,0,364.644,9.415,105.688,346.938,37.813,-0.449,0.277,0.918,-2.273,-9.137,-7.625,3.336,3.464,1.197,1.292,0,NULL,NULL,,3,1,2,7,255,945,250,0,0
stim,72225,102346,1,102346,3299659.454,-0.547,0.122,-0.287,0.777,0,0,0,0,0,0,0,1,63,1.367,1,2132,0,368.180,9.491,96.188,354.125,30.000,-0.395,0.219,0.984,-2.273,-9.215,-6.094,3.384,3.512,1.197,1.292,0,NULL,NULL,,3,1,2,7,255,945,250,0,0
stim,72225,102346,1,102346,3299664.455,-0.551,0.111,-0.276,0.780,0,0,0,0,0,0,0,1,63,1.367,1,2132,0,370.794,9.457,86.938,359.688,23.563,-0.387,0.195,0.996,-2.125,-9.215,-4.805,3.432,3.562,1.197,1.292,0,NULL,NULL,,3,1,2,7,255,945,250,0,0
stim,72261,102382,1,102382,3299669.454,-0.555,0.101,-0.264,0.783,0,0,0,0,0,0,0,5,63,1.367,1,2132,0,376.355,9.194,86.563,365.688,20.563,-0.313,0.164,0.961,-2.004,-8.973,-4.309,3.482,3.612,1.197,1.292,0,NULL,NULL,,3,1,2,7,255,945,250,0,0
stim,72261,102382,1,102382,3299674.455,-0.558,0.090,-0.252,0.786,0,0,0,0,0,0,0,10,63,1.367,1,2132,0,382.864,8.172,93.125,370.625,23.438,-0.336,0.152,0.953,-1.977,-7.930,-3.906,3.530,3.660,1.197,1.292,0,NULL,NULL,,3,1,2,7,255,945,250,0,0
stim,72261,102382,1,102382,3299679.454,-0.561,0.080,-0.240,0.788,0,0,0,0,0,0,0,8,63,1.367,1,2132,0,388.540,8.073,99.250,375.188,18.625,-0.348,0.141,0.980,-1.844,-7.859,-3.754,3.576,3.708,1.197,1.292,0,NULL,NULL,,3,1,2,7,255,945,250,0,0
stim,72261,102382,1,102382,3299684.455,-0.565,0.069,-0.227,0.790,0,0,0,0,0,0,0,12,63,1.367,1,2132,0,391.985,8.073,100.375,378.750,11.188,-0.359,0.203,1.012,-1.844,-7.859,-3.297,3.620,3.752,1.197,1.292,0,NULL,NULL,,3,1,2,7,255,945,250,0,0
stim,72261,102382,1,102382,3299689.454,-0.569,0.059,-0.214,0.792,0,0,0,0,0,0,0,11,63,1.367,1,2132,0,396.438,8.197,109.750,380.938,2.063,-0.313,0.180,1.004,-2.406,-7.836,-2.992,3.660,3.792,1.197,1.292,0,NULL,NULL,,3,1,2,7,255,945,250,0,0
stim,72261,102382,1,102382,3299694.455,-0.572,0.049,-0.200,0.794,0,0,0,0,0,0,0,18,63,1.367,1,2132,0,399.736,7.631,124.813,379.750,0.813,-0.238,0.113,1.027,-2.406,-7.242,-2.590,3.696,3.830,1.197,1.292,0,NULL,NULL,,3,1,2,7,255,945,250,0,0
stim,72261,102382,1,102382,3299699.454,-0.575,0.039,-0.185,0.796,0,0,0,0,0,0,0,39,63,1.367,1,2132,0,403.720,6.690,141.938,377.875,7.375,-0.195,0.117,1.109,-2.406,-6.242,-1.707,3.732,3.868,1.197,1.292,0,NULL,NULL,,3,1,2,7,255,945,250,0,0
stim,72261,102382,1,102382,3299704.455,-0.578,0.030,-0.171,0.797,0,0,0,0,0,0,0,47,63,1.367,1,2132,0,403.033,6.377,154.375,372.250,-5.813,-0.066,0.164,1.254,-2.461,-5.883,-0.660,3.764,3.900,1.197,1.292,0,NULL,NULL,,3,1,2,7,255,945,250,0,0
stim,72261,102382,1,102382,3299709.454,-0.583,0.023,-0.154,0.798,0,0,0,0,0,0,0,61,63,1.367,1,2132,0,410.644,5.531,200.000,356.188,-41.938,0.141,-0.316,1.551,-2.461,-4.953,1.043,3.794,3.930,1.197,1.292,0,NULL,NULL,,3,1,2,7,255,945,250,0,0
stim,72261,102382,1,102382,3299714.455,-0.587,0.017,-0.138,0.798,0,0,0,0,0,0,0,70,63,1.367,1,2132,0,409.203,2.622,207.188,349.500,-48.688,0.266,-0.285,1.926,-1.371,-2.234,5.594,3.822,3.958,1.197,1.292,0,NULL,NULL,,3,1,2,7,255,945,250,0,0
stim,72281,102402,1,102402,3299719.454,-0.590,0.009,-0.124,0.798,0,0,0,0,0,0,0,67,63,1.367,1,2132,0,374.511,2.093,131.813,350.063,-18.438,0.473,-0.043,1.707,-1.371,-1.582,7.133,3.848,3.986,1.197,1.292,0,NULL,NULL,,3,1,2,7,255,945,250,0,0
stim,72281,102402,1,102402,3299724.455,-0.591,-0.002,-0.112,0.799,0,0,0,0,0,0,0,55,63,1.367,1,2132,0,376.259,3.924,83.750,365.438,31.813,0.543,0.230,0.898,-3.844,0.789,7.133,3.874,4.012,1.197,1.292,0,NULL,NULL,,3,1,2,7,255,945,250,0,0
stim,72281,102402,1,102402,3299729.454,-0.591,-0.011,-0.096,0.801,0,0,0,0,0,0,0,55,63,1.367,1,2132,0,414.260,5.336,169.000,372.250,66.938,0.250,0.371,0.688,-5.277,0.789,-1.063,3.902,4.040,1.197,1.292,0,NULL,NULL,,3,1,2,7,255,945,250,0,0
stim,72281,102402,1,102402,3299734.455,-0.590,-0.017,-0.077,0.804,0,0,0,0,0,0,0,51,63,1.367,1,2132,0,469.014,5.282,289.750,361.063,75.188,-0.254,0.402,1.535,-5.277,0.227,-1.063,3.930,4.068,1.197,1.292,0,NULL,NULL,,3,1,2,7,255,945,250,0,0
stim,72310,102431,1,102431,3299739.454,-0.590,-0.022,-0.058,0.805,0,0,0,0,0,0,0,45,63,1.367,1,2132,0,460.555,7.427,287.188,355.813,55.063,-0.453,0.293,2.367,-5.254,-5.250,4.129,3.956,4.094,1.197,1.292,0,NULL,NULL,,3,1,2,7,255,945,250,0,0
stim,72310,102431,1,102431,3299744.455,-0.590,-0.028,-0.041,0.806,0,0,0,0,0,0,0,55,63,1.367,1,2132,0,416.289,6.945,223.563,349.875,30.063,-0.324,0.164,2.605,-4.547,-5.250,12.570,3.980,4.118,1.197,1.292,0,NULL,NULL,,3,1,2,7,255,945,250,0,0
stim,72310,102431,1,102431,3299749.454,-0.590,-0.036,-0.025,0.806,0,0,0,0,0,0,0,52,63,1.367,1,2132,0,387.088,5.981,183.063,340.250,23.563,-0.109,-0.020,2.508,-3.797,-4.621,14.648,4.000,4.138,1.197,1.292,0,NULL,NULL,,3,1,2,7,255,945,250,0,0
stim,72310,102431,1,102431,3299754.455,-0.590,-0.043,-0.010,0.806,0,0,0,0,0,0,0,46,63,1.367,1,2132,0,380.718,3.004,179.125,334.688,29.063,-0.082,0.027,2.445,-2.746,-1.219,14.648,4.014,4.154,1.197,1.292,0,NULL,NULL,,3,1,2,7,255,945,250,0,0
stim,72310,102431,1,102431,3299759.454,-0.590,-0.050,0.004,0.806,0,0,0,0,0,0,0,45,63,1.367,1,2132,0,373.784,2.764,168.500,332.813,23.625,-0.109,0.152,2.395,-2.746,-0.313,14.043,4.022,4.160,1.197,1.292,0,NULL,NULL,,3,1,2,7,255,945,250,0,0
stim,72310,102431,1,102431,3299764.455,-0.590,-0.057,0.019,0.805,0,0,0,0,0,0,0,46,63,1.367,1,2132,0,371.492,2.752,162.188,333.875,15.125,0.035,-0.066,2.141,-2.746,-0.188,13.469,4.020,4.158,1.197,1.292,0,NULL,NULL,,3,1,2,7,255,945,250,0,0
stim,72350,102471,1,102471,3299769.454,-0.590,-0.064,0.034,0.804,0,0,0,0,0,0,0,51,63,1.367,1,2132,0,385.128,2.880,193.313,332.500,19.938,0.117,-0.281,2.035,-1.680,2.340,10.977,4.006,4.146,1.197,1.292,0,NULL,NULL,,3,1,2,7,255,945,250,0,0
stim,72350,102471,1,102471,3299774.455,-0.591,-0.071,0.049,0.802,0,0,0,0,0,0,0,51,63,1.367,1,2132,0,387.757,4.282,194.500,335.438,-2.563,0.094,-0.293,2.379,0.332,4.270,10.977,3.984,4.124,1.197,1.292,0,NULL,NULL,,3,1,2,7,255,945,250,0,0
stim,72350,102471,1,102471,3299779.454,-0.591,-0.077,0.065,0.800,0,0,0,0,0,0,0,54,63,1.367,1,2132,0,389.386,5.271,202.375,332.125,-18.938,0.484,-0.535,2.152,0.379,5.258,9.984,3.948,4.088,1.197,1.292,0,NULL,NULL,,3,1,2,7,255,945,250,0,0
stim,72350,102471,1,102471,3299784.455,-0.592,-0.082,0.081,0.798,0,0,0,0,0,0,0,55,63,1.367,1,2132,0,406.772,10.067,240.563,327.688,-14.625,0.746,-0.578,2.137,1.895,9.887,9.984,3.896,4.038,1.197,1.292,0,NULL,NULL,,3,1,2,7,255,945,250,0,0
stim,72350,102471,1,102471,3299789.454,-0.593,-0.086,0.100,0.795,0,0,0,0,0,0,0,57,63,1.367,1,2132,0,434.809,13.126,295.938,318.375,-10.813,0.855,-0.527,2.125,1.895,12.988,8.918,3.832,3.974,1.197,1.292,0,NULL,NULL,,3,1,2,7,255,945,250,0,0
stim,72350,102471,1,102471,3299794.455,-0.594,-0.088,0.120,0.791,0,0,0,0,0,0,0,57,63,1.367,1,2132,0,467.352,14.491,342.875,316.438,-26.875,0.922,-0.512,2.570,1.488,14.414,8.918,3.756,3.898,1.197,1.292,0,NULL,NULL,,3,1,2,7,255,945,250,0,0
stim,72350,102471,0,102471,3299799.454,-0.595,-0.090,0.139,0.786,0,0,0,0,0,0,0,59,63,1.367,1,2132,0,464.633,16.902,340.000,314.313,-38.625,1.172,-0.598,2.926,1.488,16.836,11.484,3.668,3.812,1.197,1.292,0,NULL,NULL,,3,0,2,7,255,947,250,0,0
stim,72350,102471,0,102471,3299804.455,-0.596,-0.093,0.158,0.782,0,0,0,0,0,0,0,61,63,1.367,1,2132,0,446.846,21.236,318.563,311.313,-35.688,1.406,-0.605,3.031,2.203,21.121,12.762,3.568,3.716,1.197,1.292,0,NULL,NULL,,3,0,2,7,255,947,250,0,0
stim,72379,102500,0,102500,3299809.454,-0.596,-0.096,0.176,0.778,0,0,0,0,0,0,0,61,63,1.367,1,2132,0,433.735,24.403,304.688,307.813,-23.313,1.547,-0.625,3.109,2.230,24.301,12.762,3.460,3.606,1.197,1.292,0,NULL,NULL,,3,0,2,7,255,947,250,0,0
stim,72379,102500,0,102500,3299814.455,-0.596,-0.099,0.194,0.773,0,0,0,0,0,0,0,69,63,1.367,1,2132,0,418.901,26.664,290.000,301.500,-21.813,1.547,-0.430,3.367,2.230,26.570,12.762,3.334,3.482,1.197,1.292,0,NULL,NULL,,3,0,2,7,255,947,250,0,0
stim,72379,102500,0,102500,3299819.454,-0.596,-0.102,0.210,0.768,0,0,0,0,0,0,0,73,63,1.367,1,2132,0,393.847,27.873,254.813,296.500,-47.688,1.820,-0.254,3.574,1.445,27.836,13.777,3.192,3.340,1.197,1.292,0,NULL,NULL,,3,0,2,7,255,947,250,0,0
stim,72379,102500,0,102500,3299824.455,-0.597,-0.108,0.224,0.763,0,0,0,0,0,0,0,76,63,1.367,1,2132,0,358.529,31.419,197.313,290.563,-72.000,2.297,-0.180,3.566,-0.301,31.418,13.777,3.032,3.180,1.197,1.292,0,NULL,NULL,,3,0,2,7,255,947,250,0,0
stim,72379,102500,0,102500,3299829.454,-0.598,-0.114,0.235,0.758,0,0,0,0,0,0,0,102,63,1.367,1,2132,0,320.017,35.978,136.188,278.125,-80.688,2.773,-0.234,3.246,-1.793,35.934,11.004,2.856,3.002,1.197,1.292,0,NULL,NULL,,3,0,2,7,255,947,250,0,0
stim,72379,102500,0,102500,3299834.455,-0.598,-0.121,0.244,0.753,0,0,0,0,0,0,0,154,63,1.367,1,2132,0,288.209,39.109,83.188,265.625,-74.750,3.223,-0.410,2.773,-2.125,39.051,5.070,2.666,2.810,1.197,1.292,0,NULL,NULL,,3,0,2,7,255,947,250,0,0
stim,72400,102521,0,102521,3299839.454,-0.598,-0.129,0.252,0.750,0,0,0,0,0,0,0,247,63,1.367,1,2132,0,258.860,41.158,45.625,247.688,-59.813,3.637,-0.508,2.223,-2.438,41.086,-2.309,2.466,2.608,1.197,1.292,0,NULL,NULL,,3,0,2,7,255,947,250,0,0
stim,72400,102521,0,102521,3299844.455,-0.597,-0.136,0.258,0.747,0,0,0,0,0,0,0,295,63,1.367,1,2132,0,230.616,42.012,28.250,225.063,-41.625,4.094,-0.535,1.633,-2.570,41.934,-10.000,2.262,2.398,1.197,1.292,0,NULL,NULL,,3,0,2,7,255,947,250,0,0
stim,72400,102521,0,102521,3299849.454,-0.596,-0.142,0.264,0.745,0,0,0,0,0,0,0,345,63,1.367,1,2132,0,200.649,42.692,35.000,196.688,-18.688,4.594,-0.719,1.043,-3.742,42.527,-18.047,2.056,2.186,1.197,1.292,0,NULL,NULL,,3,0,2,7,255,947,250,0,0
stim,72400,102521,0,102521,3299854.455,-0.594,-0.145,0.271,0.743,0,0,0,0,0,0,0,364,63,1.367,1,2132,0,177.671,43.579,71.125,161.438,21.125,4.961,-1.254,0.543,-3.742,43.418,-26.512,1.850,1.974,1.197,1.292,0,NULL,NULL,,3,0,2,7,255,947,250,0,0
stim,72448,102569,0,102569,3299859.454,-0.591,-0.144,0.279,0.743,0,0,0,0,0,0,0,354,63,1.367,1,2132,0,211.823,44.031,149.813,122.813,85.688,5.012,-1.898,0.332,-0.078,44.031,-34.160,1.638,1.754,1.197,1.292,0,NULL,NULL,,3,0,2,7,255,947,250,0,0
stim,72448,102569,0,102569,3299864.455,-0.587,-0.139,0.291,0.743,0,0,0,0,0,0,0,300,63,1.367,1,2132,0,311.344,44.355,259.813,83.375,149.938,4.762,-2.316,0.555,5.348,44.031,-36.621,1.416,1.524,1.197,1.292,0,NULL,NULL,,3,0,2,7,255,947,250,0,0
stim,72448,102569,0,102569,3299869.454,-0.582,-0.128,0.305,0.743,0,0,0,42,0,0,0,456,63,1.367,1,2132,0,422.532,44.733,367.813,41.938,203.688,3.773,-2.453,1.520,9.434,43.727,-36.621,1.194,1.292,1.197,1.292,0,NULL,NULL,,3,0,2,7,255,947,250,0,0
stim,72448,102569,0,102569,3299874.455,-0.571,-0.095,0.332,0.745,283,0,0,529,0,45,0,543,63,1.367,1,2132,0,1020.788,45.901,860.813,-163.188,523.813,2.668,-1.656,6.641,13.961,43.727,-24.988,0.978,1.062,1.197,1.292,0,NULL,NULL,,3,0,2,7,255,947,250,0,0
stim,72448,102569,0,102569,3299879.454,-0.561,-0.065,0.349,0.747,907,0,0,1223,0,239,0,619,63,1.367,1,2132,0,812.990,63.465,638.750,-229.188,447.688,2.297,0.926,11.230,13.961,61.910,21.008,0.768,0.832,1.197,1.292,0,NULL,NULL,,3,0,2,7,255,947,250,0,0
stim,72448,102569,0,102569,3299884.455,-0.561,-0.068,0.332,0.756,1475,0,0,1692,0,441,0,645,63,1.367,1,2132,0,446.716,63.276,-400.938,-188.063,58.625,1.938,0.676,8.230,13.074,61.910,47.055,0.564,0.602,1.197,1.292,0,NULL,NULL,,3,0,2,7,255,947,250,0,0
stim,72448,102569,0,102569,3299889.454,-0.553,-0.090,0.288,0.777,1959,0,0,1957,0,785,0,681,63,1.367,1,2133,0,1244.855,60.634,-1224.063,-157.563,162.813,1.461,1.707,1.949,6.566,60.277,47.055,0.410,0.394,1.197,1.292,1,957.000,10.000,,3,0,2,7,255,947,250,0,0
stim,72448,102569,0,102569,3299894.455,-0.537,-0.108,0.244,0.801,2253,0,0,2151,0,1096,0,713,63,1.367,1,2133,0,1274.266,25.260,-1199.063,-193.000,385.688,1.078,3.383,-1.922,-17.902,17.820,4.824,0.358,0.264,1.197,1.292,1,NULL,NULL,,3,0,2,7,255,947,250,0,0
stim,72472,102593,0,102593,3299899.454,-0.520,-0.111,0.221,0.818,2553,0,0,2411,0,1243,0,746,63,1.367,1,2133,0,755.719,21.307,-590.563,-169.875,439.875,-1.477,1.512,-3.629,-17.902,-11.555,-22.523,0.382,0.236,1.197,1.292,1,NULL,NULL,,3,0,2,7,255,947,250,0,0
stim,72472,102593,0,102593,3299904.455,-0.509,-0.104,0.217,0.827,2743,0,0,2651,0,1317,0,798,63,1.367,1,2133,0,376.422,24.621,-67.500,-165.813,331.125,-2.910,-1.055,-1.066,-7.828,-23.344,-22.523,0.416,0.270,1.197,1.292,1,NULL,NULL,,3,0,2,7,255,947,250,0,0
stim,72472,102593,0,102593,3299909.455,-0.503,-0.091,0.221,0.831,2861,0,0,2800,0,1361,0,918,63,1.367,1,2133,0,346.467,24.809,183.000,-190.500,224.188,-2.281,0.316,1.207,8.398,-23.344,-10.227,0.446,0.322,1.197,1.292,2,NULL,NULL,,3,0,2,7,255,947,250,0,0
stim,72472,102593,0,102593,3299914.455,-0.497,-0.082,0.220,0.835,2937,0,0,2904,0,1429,0,1083,63,1.367,1,2133,0,274.356,16.182,56.688,-170.375,207.438,-1.160,2.555,2.012,8.398,-13.832,9.910,0.488,0.374,1.197,1.292,2,NULL,NULL,,3,0,2,7,255,947,250,0,0
stim,72472,102593,0,102593,3299919.454,-0.493,-0.076,0.212,0.840,2975,0,0,2963,0,1483,0,1254,63,1.367,1,2133,0,257.686,16.786,-109.875,-188.938,136.500,-1.449,2.133,1.727,-10.102,-13.406,15.656,0.546,0.430,1.197,1.292,2,NULL,NULL,,3,0,2,7,255,947,250,0,0
stim,72472,102593,0,102593,3299924.455,-0.493,-0.073,0.201,0.843,2988,0,0,3016,0,1543,0,1369,63,1.367,1,2133,0,287.840,14.978,-210.688,-194.313,26.563,-1.391,0.773,1.098,-10.102,-11.059,15.656,0.592,0.476,1.197,1.292,2,NULL,NULL,,3,0,2,7,255,947,250,0,0
stim,72491,102612,0,102612,3299929.454,-0.498,-0.072,0.188,0.843,3028,0,0,3055,0,1609,0,1469,63,1.367,1,2133,0,316.866,10.143,-218.188,-194.125,-122.938,-1.121,-0.711,1.117,0.727,-10.117,6.250,0.610,0.502,1.197,1.292,2,NULL,NULL,,3,0,2,7,255,947,250,0,0
stim,72491,102612,0,102612,3299934.455,-0.507,-0.071,0.175,0.841,3048,0,0,3093,0,1693,0,1561,63,1.367,1,2133,0,369.599,11.440,-220.000,-187.125,-230.625,-0.156,-1.203,0.984,11.301,-1.777,2.227,0.602,0.512,1.197,1.292,2,NULL,NULL,,3,0,2,7,255,947,250,0,0
stim,72491,102612,0,102612,3299939.454,-0.516,-0.070,0.163,0.838,3054,0,0,3125,0,1806,0,1639,63,1.367,1,2133,0,337.451,13.410,-197.125,-178.188,-208.000,0.898,-1.367,0.746,11.301,7.219,-2.613,0.578,0.512,1.197,1.292,2,NULL,NULL,,3,0,2,7,255,947,250,0,0
stim,72491,102612,0,102612,3299944.455,-0.520,-0.068,0.155,0.837,3083,0,0,3143,0,1883,20,1692,63,1.367,1,2133,0,224.816,18.903,-124.938,-148.875,-113.000,1.414,-1.938,0.953,10.820,15.500,-7.742,0.548,0.494,1.197,1.292,2,NULL,NULL,,3,0,2,7,255,947,250,0,0
stim,72513,102634,0,102634,3299949.454,-0.520,-0.066,0.149,0.838,3092,0,0,3168,0,1961,41,1733,63,1.367,1,2133,0,150.434,25.139,-81.063,-126.063,12.938,1.336,-2.422,1.250,10.820,22.691,-7.742,0.508,0.454,1.197,1.292,2,NULL,NULL,,3,0,2,7,255,947,250,0,0
stim,72513,102634,0,102634,3299954.455,-0.515,-0.062,0.143,0.843,3059,0,0,3183,0,2043,102,1747,63,1.367,1,2133,0,220.211,25.139,-83.500,-128.750,157.938,0.645,-1.500,1.055,10.820,22.691,-5.223,0.460,0.388,1.197,1.292,2,NULL,NULL,,3,0,2,7,255,947,250,0,0
stim,72513,102634,0,102634,3299959.454,-0.509,-0.058,0.138,0.848,3113,0,0,3184,0,2130,153,1781,63,1.367,1,2133,0,238.609,17.965,-92.563,-130.188,177.250,-0.785,0.102,0.961,10.188,14.797,-3.707,0.410,0.314,1.197,1.292,2,NULL,NULL,,3,0,2,7,255,947,250,0,0
stim,72513,102634,0,102634,3299964.455,-0.506,-0.055,0.132,0.851,3115,0,0,3189,31,2235,167,1919,63,1.367,1,2133,0,184.304,5.222,-87.563,-141.563,79.125,-0.855,0.770,0.770,2.840,-4.383,0.402,0.362,0.250,1.197,1.292,2,NULL,NULL,,3,0,2,7,255,947,250,0,0
stim,72553,102674,0,102674,3299969.454,-0.506,-0.051,0.125,0.852,3103,0,0,3197,230,2311,304,2059,63,1.367,1,2133,0,167.922,4.510,-84.563,-144.563,12.188,-0.512,0.164,1.098,1.063,-4.383,1.223,0.322,0.210,1.197,1.292,2,NULL,NULL,,3,0,2,7,255,947,250,0,0
stim,72553,102674,0,102674,3299974.455,-0.508,-0.048,0.121,0.852,3107,0,0,3211,489,2343,283,2163,63,1.367,1,2133,0,120.313,2.375,-49.063,-105.750,-29.750,0.121,-0.082,1.805,0.270,-2.359,1.898,0.292,0.188,1.197,1.292,2,NULL,NULL,,3,0,2,7,255,947,250,0,0
stim,72553,102674,0,102674,3299979.454,-0.509,-0.047,0.119,0.851,3104,0,0,3193,753,2388,271,2237,63,1.367,1,2133,0,79.730,5.596,-35.000,-55.125,-45.750,0.852,0.188,1.309,0.270,5.590,1.898,0.272,0.172,1.197,1.292,2,NULL,NULL,,3,0,2,7,255,947,250,0,0
stim,72553,102674,0,102674,3299984.455,-0.510,-0.045,0.117,0.851,3102,0,0,3206,958,2413,282,2312,63,1.367,1,2133,0,53.618,7.861,2.438,-53.563,0.188,0.785,0.922,1.305,-5.527,5.590,2.215,0.264,0.156,1.197,1.292,2,NULL,NULL,,3,0,2,7,255,947,250,0,0
stim,72553,102674,0,102674,3299989.454,-0.510,-0.045,0.115,0.851,3113,0,0,3196,1111,2437,297,2362,63,1.367,1,2133,0,61.770,7.680,-47.375,-36.375,-15.750,-0.090,0.340,2.070,-5.527,5.332,2.215,0.266,0.138,1.197,1.292,2,NULL,NULL,,3,0,2,7,255,947,250,0,0
stim,72553,102674,0,102674,3299994.455,-0.511,-0.047,0.109,0.851,3112,0,0,3207,1229,2457,307,2408,63,1.367,1,2133,0,145.368,5.002,-142.375,-20.438,-21.063,0.125,-0.301,0.961,-2.316,4.434,2.215,0.276,0.120,1.197,1.292,2,NULL,NULL,,3,0,2,7,255,947,250,0,0
stim,72553,102674,0,102674,3299999.454,-0.510,-0.049,0.105,0.852,3101,17,0,3195,1308,2469,315,2427,63,1.367,1,2133,0,102.860,2.979,-101.063,-18.750,3.875,-0.098,-0.324,0.488,1.934,2.266,-1.176,0.284,0.100,1.197,1.292,2,NULL,NULL,,3,0,2,7,255,947,250,0,0
stim,72553,102674,0,102674,3300004.455,-0.511,-0.049,0.103,0.852,3108,28,0,3207,1395,2472,315,2459,63,1.367,1,2133,0,41.921,2.531,-27.125,-19.188,-25.563,-0.289,-0.078,0.766,1.934,1.633,-2.023,0.290,0.084,1.197,1.292,2,NULL,NULL,,3,0,2,7,255,947,250,0,0
stim,72553,102674,0,102674,3300009.454,-0.514,-0.048,0.103,0.851,3110,37,0,3204,1471,2487,325,2487,63,1.367,1,2133,0,56.361,2.070,4.375,-17.375,-53.438,-0.039,0.215,1.082,1.867,0.895,-2.023,0.292,0.070,1.197,1.292,2,NULL,NULL,,3,0,2,7,255,947,250,0,0
stim,72553,102674,0,102674,3300014.455,-0.515,-0.049,0.102,0.850,3091,43,0,3206,1529,2489,319,2505,63,1.367,1,2133,0,49.724,2.018,-23.375,-12.938,-41.938,0.121,0.203,1.309,-1.809,0.895,0.836,0.296,0.060,1.197,1.292,2,NULL,NULL,,3,0,2,7,255,947,250,0,0
stim,72581,102702,0,102702,3300019.454,-0.516,-0.050,0.099,0.850,3102,72,0,3189,1591,2507,325,2511,63,1.367,1,2133,0,65.439,2.671,-62.313,-7.563,-18.500,0.008,0.102,1.188,-1.809,1.965,1.660,0.300,0.050,1.197,1.292,2,NULL,NULL,,3,0,2,7,255,947,250,0,0
stim,72581,102702,0,102702,3300024.455,-0.516,-0.051,0.096,0.849,3103,107,0,3193,1635,2510,327,2521,63,1.367,1,2133,0,71.660,2.260,-68.063,-3.625,-22.125,-0.164,0.148,0.969,-1.117,1.965,1.660,0.306,0.042,1.197,1.292,2,NULL,NULL,,3,0,2,7,255,947,250,0,0
stim,72581,102702,0,102702,3300029.454,-0.518,-0.052,0.095,0.849,3099,115,0,3197,1656,2513,328,2523,63,1.367,1,2133,0,65.541,1.132,-46.438,-4.813,-46.000,-0.195,0.203,0.922,-1.117,-0.180,-0.109,0.312,0.034,1.197,1.292,2,NULL,NULL,,3,0,2,7,255,947,250,0,0
stim,72581,102702,0,102702,3300034.455,-0.520,-0.052,0.093,0.847,3112,123,0,3199,1700,2519,325,2541,63,1.367,1,2133,0,66.614,1.159,-31.063,-3.688,-58.813,-0.063,0.133,1.047,-1.145,-0.180,-0.109,0.316,0.030,1.197,1.292,2,NULL,NULL,,3,0,2,7,255,947,250,0,0
stim,72611,102732,0,102732,3300039.454,-0.522,-0.053,0.092,0.846,3107,145,0,3197,1717,2521,327,2538,63,1.367,1,2133,0,59.420,1.446,-33.938,-1.563,-48.750,0.059,0.109,1.102,-1.172,0.848,0.438,0.318,0.024,1.197,1.292,2,NULL,NULL,,3,0,2,7,255,947,250,0,0
stim,72611,102732,0,102732,3300044.455,-0.523,-0.054,0.090,0.846,3045,141,0,3189,1745,2525,329,2547,63,1.367,1,2133,0,50.178,2.414,-39.688,1.000,-30.688,0.051,0.129,1.059,-1.559,1.844,0.438,0.322,0.020,1.197,1.292,2,NULL,NULL,,3,0,2,7,255,947,250,0,0
stim,72611,102732,0,102732,3300049.454,-0.523,-0.055,0.088,0.846,3095,149,0,3193,1756,2521,306,2543,63,1.367,1,2133,0,45.273,2.414,-41.313,2.750,-18.313,-0.031,0.043,1.004,-1.559,1.844,0.332,0.328,0.014,1.197,1.292,2,NULL,NULL,,3,0,2,7,255,947,250,0,0
stim,72611,102732,0,102732,3300054.455,-0.524,-0.056,0.087,0.845,3089,154,0,3197,1773,2515,308,2550,63,1.367,1,2133,0,39.975,1.534,-36.063,3.563,-16.875,-0.102,-0.047,0.945,-0.621,1.402,-0.074,0.334,0.008,1.197,1.292,2,NULL,NULL,,3,0,2,7,255,947,250,0,0
stim,72611,102732,0,102732,3300059.454,-0.525,-0.056,0.086,0.845,3091,167,3,3192,1781,2516,293,2547,63,1.367,1,2133,0,31.809,1.168,-24.563,3.313,-19.938,-0.121,-0.059,0.922,0.484,1.063,-0.559,0.340,0.000,1.197,1.292,2,NULL,NULL,,3,0,2,7,255,947,250,0,0
stim,72611,102732,0,102732,3300064.455,-0.525,-0.057,0.085,0.845,3097,168,5,3195,1785,2507,281,2548,63,1.367,1,2133,0,23.681,1.083,-12.125,2.500,-20.188,-0.094,-0.012,0.957,0.484,0.969,-0.559,0.000,0.000,1.197,1.292,2,NULL,NULL,,3,0,2,7,255,947,250,0,0
stim,72650,102771,0,102771,3300069.454,-0.526,-0.057,0.085,0.844,3091,165,26,3187,1802,2509,277,2543,63,1.367,1,2133,0,16.838,0.972,-7.125,2.000,-15.125,-0.078,0.039,1.023,0.078,0.969,-0.445,0.000,0.000,1.197,1.292,2,NULL,NULL,,3,0,2,7,255,947,250,0,0
stim,72650,102771,0,102771,3300074.455,-0.526,-0.057,0.084,0.844,3087,167,76,3176,1817,2503,277,2539,63,1.367,1,2133,0,13.677,1.040,-10.438,1.625,-8.688,-0.113,0.047,1.043,-0.379,0.969,0.199,0.000,0.000,1.197,1.292,2,NULL,NULL,,3,0,2,7,255,947,250,0,0
stim,72650,102771,0,102771,3300079.454,-0.526,-0.058,0.084,0.844,3068,163,89,3169,1820,2507,265,2540,63,1.330,1,2133,1,15.015,0.792,-13.250,0.938,-7.000,-0.160,0.035,0.996,-0.379,0.695,0.199,0.000,0.000,1.177,1.304,2,NULL,NULL,,3,0,2,7,255,947,250,0,0
stim,72650,102771,0,102771,3300084.455,-0.527,-0.058,0.083,0.844,3063,165,107,3159,1824,2493,256,2541,63,1.330,1,2133,1,13.016,0.278,-9.563,-0.563,-8.813,-0.168,0.008,0.965,-0.066,0.270,0.078,0.008,0.006,1.177,1.304,2,NULL,NULL,,3,0,2,7,255,947,250,0,0
stim,72650,102771,0,102771,3300089.454,-0.527,-0.058,0.083,0.844,3053,159,111,3164,1843,2485,265,2539,63,1.330,1,2133,1,9.814,0.352,-3.938,-2.063,-8.750,-0.152,-0.004,0.973,0.227,0.270,-0.180,0.014,0.010,1.177,1.304,2,NULL,NULL,,3,0,2,7,255,947,250,0,0
stim,72650,102771,0,102771,3300094.455,-0.527,-0.058,0.083,0.844,3043,151,158,3156,1851,2487,277,2540,63,1.330,1,2133,1,6.961,0.445,-1.500,-3.625,-5.750,-0.156,0.012,0.988,0.227,0.383,-0.180,0.020,0.014,1.177,1.304,2,NULL,NULL,,3,0,2,7,255,947,250,0,0
stim,72650,102771,0,102771,3300099.454,-0.527,-0.058,0.083,0.844,3027,149,175,3147,1865,2471,281,2541,63,1.330,1,2133,1,6.461,0.399,-1.313,-5.500,-3.125,-0.180,0.035,0.984,0.113,0.383,-0.016,0.026,0.018,1.177,1.304,2,NULL,NULL,,3,0,2,7,255,947,250,0,0
stim,72650,102771,0,102771,3300104.455,-0.528,-0.057,0.082,0.844,3020,151,205,3124,1891,2469,299,2547,63,1.330,1,2133,1,8.465,0.047,-0.250,-7.813,-3.250,-0.211,0.063,0.977,0.000,0.047,0.004,0.032,0.022,1.177,1.304,2,NULL,NULL,,3,0,2,7,255,947,250,0,0
stim,72674,102795,0,102795,3300109.454,-0.528,-0.057,0.082,0.843,2989,141,227,3103,1909,2457,302,2551,63,1.330,1,2133,1,11.830,0.361,1.188,-9.813,-6.500,-0.223,0.078,0.992,-0.098,-0.348,0.012,0.038,0.026,1.177,1.304,2,NULL,NULL,,3,0,2,7,255,947,250,0,0
stim,72674,102795,0,102795,3300114.455,-0.528,-0.057,0.082,0.843,2973,140,285,3087,1941,2451,307,2565,63,1.330,1,2133,1,16.126,0.462,1.625,-11.500,-11.188,-0.203,0.102,1.000,-0.180,-0.426,0.160,0.044,0.028,1.177,1.304,2,NULL,NULL,,3,0,2,7,255,947,250,0,0
stim,72674,102795,0,102795,3300119.456,-0.529,-0.056,0.082,0.843,2957,149,326,3067,1967,2451,341,2577,63,1.330,1,2133,1,18.231,0.648,1.563,-12.750,-12.938,-0.164,0.102,1.000,-0.488,-0.426,0.160,0.048,0.032,1.177,1.304,2,NULL,NULL,,3,0,2,7,255,947,250,0,0
stim,72674,102795,0,102795,3300124.454,-0.529,-0.055,0.082,0.843,2927,141,371,3049,2003,2443,345,2587,63,1.330,1,2133,1,17.728,0.540,0.125,-14.375,-10.375,-0.164,0.090,0.996,-0.527,-0.117,0.160,0.054,0.034,1.177,1.304,2,NULL,NULL,,3,0,2,7,255,947,250,0,0
stim,72694,102815,0,102815,3300129.455,-0.530,-0.055,0.081,0.843,2901,141,455,3029,2025,2441,363,2599,63,1.330,1,2133,1,18.794,0.578,-1.250,-16.313,-9.250,-0.188,0.105,0.984,-0.566,-0.117,0.113,0.056,0.036,1.177,1.304,2,NULL,NULL,,3,0,2,7,255,947,250,0,0
stim,72694,102815,0,102815,3300134.454,-0.530,-0.054,0.081,0.842,2848,145,535,3005,2063,2443,376,2617,63,1.330,1,2133,1,21.829,0.679,0.438,-17.438,-13.125,-0.191,0.145,0.988,-0.566,-0.375,0.094,0.058,0.036,1.177,1.304,2,NULL,NULL,,3,0,2,7,255,947,250,0,0
stim,72694,102815,0,102815,3300139.455,-0.531,-0.053,0.081,0.842,2844,155,637,2983,2103,2440,437,2633,63,1.330,1,2133,1,25.440,0.948,1.875,-18.250,-17.625,-0.156,0.168,1.008,-0.871,-0.375,0.094,0.060,0.036,1.177,1.304,2,NULL,NULL,,3,0,2,7,255,947,250,0,0
stim,72694,102815,0,102815,3300144.453,-0.531,-0.053,0.080,0.842,2813,159,717,2961,2156,2431,493,2648,63,1.330,1,2133,1,25.882,1.266,0.500,-19.063,-17.500,-0.125,0.180,1.031,-1.215,-0.355,0.246,0.062,0.036,1.177,1.304,2,NULL,NULL,,3,0,2,7,255,947,250,0,0
stim,72694,102815,0,102815,3300149.455,-0.532,-0.052,0.080,0.841,2776,169,804,2927,2212,2431,551,2661,63,1.330,1,2133,1,25.411,1.476,-2.500,-19.000,-16.688,-0.125,0.180,1.039,-1.473,-0.098,0.422,0.064,0.036,1.177,1.304,2,NULL,NULL,,3,0,2,7,255,947,250,0,0
stim,72694,102815,0,102815,3300154.454,-0.533,-0.051,0.079,0.841,2742,184,957,2904,2276,2429,615,2670,63,1.330,1,2133,1,26.111,1.476,-5.563,-19.188,-16.813,-0.141,0.164,1.035,-1.473,-0.098,0.465,0.066,0.036,1.177,1.304,2,NULL,NULL,,3,0,2,7,255,947,250,0,0
stim,72748,102869,0,102869,3300159.455,-0.533,-0.051,0.078,0.841,2685,191,1088,2873,2322,2427,701,2683,63,1.330,1,2133,1,29.483,1.352,-7.188,-19.063,-21.313,-0.160,0.184,1.020,-1.340,-0.180,0.465,0.068,0.036,1.177,1.304,2,NULL,NULL,,3,0,2,7,255,947,250,0,0
stim,72748,102869,0,102869,3300164.453,-0.534,-0.050,0.078,0.840,2623,219,1211,2847,2364,2427,839,2700,63,1.330,1,2133,1,34.283,1.430,-5.563,-19.438,-27.688,-0.168,0.234,1.016,-1.340,-0.500,0.363,0.070,0.038,1.177,1.304,2,NULL,NULL,,3,0,2,7,255,947,250,0,0
stim,72748,102869,0,102869,3300169.455,-0.536,-0.049,0.077,0.839,2567,237,1373,2815,2415,2427,1003,2715,63,1.330,1,2133,1,41.280,1.928,-4.438,-19.125,-36.313,-0.168,0.289,1.051,-1.766,-0.773,0.363,0.072,0.038,1.177,1.304,2,NULL,NULL,,3,0,2,7,255,947,250,0,0
stim,72748,102869,0,102869,3300174.454,-0.537,-0.049,0.077,0.838,2493,249,1505,2791,2471,2427,1150,2727,63,1.330,1,2133,1,50.466,2.462,-9.875,-18.875,-45.750,-0.176,0.309,1.090,-2.262,-0.973,0.723,0.074,0.038,1.177,1.304,2,NULL,NULL,,3,0,2,7,255,947,250,0,0
stim,72748,102869,0,102869,3300179.455,-0.540,-0.049,0.075,0.837,2421,254,1676,2765,2520,2429,1291,2743,63,1.330,1,2133,1,63.888,2.468,-23.438,-18.250,-56.563,-0.188,0.273,1.121,-2.262,-0.988,1.133,0.076,0.038,1.177,1.304,2,NULL,NULL,,3,0,2,7,255,947,250,0,0
stim,72748,102869,0,102869,3300184.453,-0.542,-0.049,0.073,0.836,2341,267,1823,2728,2569,2431,1428,2751,63,1.330,1,2133,1,81.528,2.298,-42.313,-18.500,-67.188,-0.188,0.160,1.113,-2.074,-0.988,1.324,0.080,0.040,1.177,1.304,2,NULL,NULL,,3,0,2,7,255,947,250,0,0
stim,72748,102869,0,102869,3300189.455,-0.545,-0.050,0.070,0.834,2232,303,1939,2687,2608,2437,1594,2771,63,1.330,1,2133,0,100.673,1.230,-64.063,-19.438,-75.188,-0.188,0.012,1.125,-1.094,-0.563,1.348,0.084,0.042,1.177,1.304,2,NULL,NULL,,3,0,2,7,255,947,250,0,0
stim,72748,102869,0,102869,3300194.453,-0.547,-0.052,0.067,0.833,2089,318,2100,2655,2649,2438,1719,2795,63,1.330,1,2133,0,114.525,0.165,-81.000,-19.313,-78.625,-0.164,-0.047,1.047,0.164,0.016,1.324,0.086,0.046,1.177,1.304,2,NULL,NULL,,3,0,2,7,255,947,250,0,0
stim,72768,102889,0,102889,3300199.455,-0.550,-0.053,0.063,0.831,2013,323,2248,2588,2686,2429,1832,2797,63,1.330,1,2133,0,119.532,0.521,-85.375,-20.438,-81.125,-0.152,-0.051,0.984,0.461,0.242,0.547,0.090,0.050,1.177,1.304,2,NULL,NULL,,3,0,2,7,255,947,250,0,0
stim,72768,102889,0,102889,3300204.454,-0.553,-0.055,0.058,0.829,1884,347,2363,2535,2725,2428,1964,2810,63,1.330,1,2133,0,131.517,0.587,-94.000,-22.250,-89.250,-0.203,-0.098,1.070,0.535,0.242,0.547,0.094,0.054,1.177,1.304,2,NULL,NULL,,3,0,2,7,255,947,250,0,0
stim,72768,102889,0,102889,3300209.455,-0.556,-0.056,0.054,0.827,1722,351,2473,2468,2757,2427,2057,2827,63,1.330,1,2133,0,140.545,0.462,-100.313,-24.125,-95.438,-0.180,-0.035,1.016,0.461,0.027,0.301,0.098,0.060,1.177,1.304,2,NULL,NULL,,3,0,2,7,255,947,250,0,0
stim,72768,102889,0,102889,3300214.454,-0.560,-0.058,0.049,0.825,1525,333,2556,2376,2781,2423,2171,2843,63,1.330,1,2133,0,142.939,0.309,-101.813,-28.313,-96.250,-0.160,-0.008,0.973,0.277,-0.137,0.301,0.104,0.066,1.177,1.304,2,NULL,NULL,,3,0,2,7,255,947,250,0,0
stim,72768,102889,0,102889,3300219.455,-0.563,-0.059,0.045,0.823,1321,333,2629,2267,2811,2419,2265,2856,63,1.330,1,2133,0,133.156,0.180,-90.625,-30.250,-92.750,-0.125,0.008,0.934,-0.117,-0.137,-0.145,0.108,0.070,1.177,1.304,2,NULL,NULL,,3,0,2,7,255,947,250,0,0
stim,72768,102889,0,102889,3300224.454,-0.566,-0.060,0.041,0.821,1130,317,2687,2168,2839,2410,2349,2868,63,1.330,1,2133,0,121.097,0.401,-75.063,-34.125,-88.688,-0.117,-0.004,0.957,-0.398,-0.043,-0.352,0.112,0.074,1.177,1.304,2,NULL,NULL,,3,0,2,7,255,947,250,0,0
stim,72792,102913,0,102913,3300229.455,-0.569,-0.060,0.038,0.819,941,273,2739,2038,2860,2402,2426,2875,63,1.330,1,2133,0,114.364,0.403,-63.375,-37.063,-87.688,-0.098,-0.023,1.020,-0.398,0.063,-0.352,0.114,0.076,1.177,1.304,2,NULL,NULL,,3,0,2,7,255,947,250,0,0
stim,72792,102913,0,102913,3300234.453,-0.572,-0.060,0.034,0.818,695,253,2782,1854,2877,2390,2492,2889,63,1.330,1,2133,0,107.927,0.513,-56.250,-38.750,-83.563,-0.039,-0.063,1.055,-0.395,0.328,0.207,0.114,0.074,1.177,1.304,2,NULL,NULL,,3,0,2,7,255,947,250,0,0
stim,72792,102913,0,102913,3300239.455,-0.574,-0.060,0.031,0.816,441,219,2831,1573,2901,2379,2555,2905,63,1.330,1,2133,0,96.325,1.040,-55.313,-41.188,-67.250,0.027,-0.094,1.043,-0.313,0.992,0.328,0.112,0.070,1.177,1.304,2,NULL,NULL,,3,0,2,7,255,947,250,0,0
stim,72792,102913,0,102913,3300244.454,-0.576,-0.060,0.028,0.815,301,169,2860,1341,2920,2360,2600,2905,63,1.330,1,2133,0,84.371,1.345,-53.063,-42.313,-50.125,0.020,-0.043,1.047,-0.313,1.309,0.344,0.110,0.066,1.177,1.304,2,NULL,NULL,,3,0,2,7,255,947,250,0,0
stim,72814,102935,0,102935,3300249.455,-0.577,-0.059,0.025,0.814,133,124,2885,1049,2936,2325,2643,2915,63,1.330,1,2133,0,79.704,1.491,-48.625,-44.813,-44.500,-0.059,0.031,1.004,-0.715,1.309,0.328,0.106,0.062,1.177,1.304,2,NULL,NULL,,3,0,2,7,255,947,250,0,0
stim,72814,102935,0,102935,3300254.453,-0.578,-0.058,0.022,0.814,29,63,2915,825,2953,2293,2678,2919,63,1.330,1,2133,0,68.810,1.249,-33.750,-49.438,-33.938,-0.020,0.066,1.055,-1.148,0.492,0.344,0.106,0.060,1.177,1.304,2,NULL,NULL,,3,0,2,7,255,947,250,0,0
stim,72814,102935,0,102935,3300259.455,-0.579,-0.057,0.020,0.813,12,42,2926,629,2968,2268,2716,2927,63,1.330,1,2133,0,71.702,1.728,-35.000,-49.188,-38.688,0.004,0.094,1.055,-1.656,0.492,0.371,0.106,0.056,1.177,1.304,2,NULL,NULL,,3,0,2,7,255,947,250,0,0
stim,72814,102935,0,102935,3300264.454,-0.580,-0.055,0.018,0.812,0,23,2943,441,2983,2249,2751,2936,63,1.330,1,2133,0,60.941,1.728,-12.000,-54.063,-25.438,-0.078,0.059,1.168,-1.656,0.492,0.426,0.106,0.054,1.177,1.304,2,NULL,NULL,,3,0,2,7,255,947,250,0,0
stim,72859,102980,0,102980,3300269.455,-0.580,-0.052,0.017,0.813,0,3,2971,399,3000,2227,2783,2943,63,1.330,1,2133,0,70.223,1.641,20.375,-66.563,9.250,-0.219,0.094,1.473,-1.641,-0.012,1.582,0.106,0.052,1.177,1.304,2,NULL,NULL,,3,0,2,7,255,947,250,0,0
stim,72859,102980,0,102980,3300274.454,-0.579,-0.050,0.015,0.814,0,0,2983,355,3003,2199,2809,2952,63,1.330,1,2133,0,77.134,1.948,-3.750,-73.250,23.875,-0.285,-0.012,1.715,-1.504,-1.238,4.672,0.106,0.052,1.177,1.304,2,NULL,NULL,,3,0,2,7,255,947,250,0,0
stim,72859,102980,0,102980,3300279.455,-0.578,-0.049,0.011,0.814,0,0,2985,337,3017,2159,2836,2959,63,1.330,1,2133,0,99.598,1.387,-63.000,-74.875,18.563,-0.305,-0.285,1.473,-0.625,-1.238,5.000,0.108,0.050,1.177,1.304,2,NULL,NULL,,3,0,2,7,255,947,250,0,0
stim,72859,102980,0,102980,3300284.454,-0.577,-0.048,0.006,0.815,0,0,2995,299,3027,2107,2860,2955,63,1.330,1,2133,0,115.336,2.343,-79.313,-81.375,19.750,-0.281,-0.441,1.125,2.117,-1.004,5.000,0.110,0.050,1.177,1.304,2,NULL,NULL,,3,0,2,7,255,947,250,0,0
stim,72859,102980,0,102980,3300289.455,-0.577,-0.046,0.002,0.816,0,0,3003,253,3044,2044,2887,2971,63,1.330,1,2133,0,109.165,3.104,-65.813,-86.063,13.375,-0.227,-0.359,0.891,3.047,-0.594,1.703,0.116,0.052,1.177,1.304,2,NULL,NULL,,3,0,2,7,255,947,250,0,0
stim,72859,102980,0,102980,3300294.453,-0.576,-0.044,-0.002,0.816,0,0,3007,206,3045,1965,2901,2966,63,1.330,1,2133,0,96.539,3.104,-27.188,-92.313,7.688,-0.223,-0.258,0.871,3.047,-0.594,-0.668,0.120,0.054,1.177,1.304,2,NULL,NULL,,3,0,2,7,255,947,250,0,0
stim,72859,102980,0,102980,3300299.455,-0.576,-0.041,-0.004,0.817,0,0,3017,133,3047,1865,2907,2971,63,1.330,1,2133,0,100.337,2.306,8.500,-99.625,8.375,-0.242,-0.082,1.117,2.113,-0.922,-0.668,0.128,0.058,1.177,1.304,2,NULL,NULL,,3,0,2,7,255,947,250,0,0
stim,72859,102980,0,102980,3300304.454,-0.576,-0.037,-0.005,0.817,0,0,3017,73,3061,1765,2936,2971,63,1.330,1,2133,0,105.115,1.722,14.750,-104.063,1.625,-0.270,0.031,1.336,0.363,-1.684,1.297,0.134,0.060,1.177,1.304,2,NULL,NULL,,3,0,2,7,255,947,250,0,0
stim,72859,102980,0,102980,3300309.455,-0.576,-0.033,-0.008,0.817,0,0,3007,11,3081,1644,2935,2968,63,1.330,1,2133,0,109.061,2.239,4.688,-108.875,-4.313,-0.250,0.004,1.414,-0.590,-2.160,3.348,0.140,0.064,1.177,1.304,3,NULL,NULL,,3,0,2,7,255,947,250,0,0
stim,72859,102980,0,102980,3300314.454,-0.575,-0.029,-0.011,0.817,0,0,3028,3,3067,1511,2943,2965,63,1.330,1,2133,0,116.777,2.239,-7.000,-116.563,1.000,-0.219,-0.055,1.434,-0.590,-2.160,4.109,0.142,0.068,1.177,1.304,3,NULL,NULL,,3,0,2,7,255,947,250,0,0
stim,72881,103002,0,103002,3300319.455,-0.575,-0.025,-0.014,0.818,0,0,3008,0,3069,1327,2969,2956,63,1.330,1,2133,0,125.026,1.884,-16.750,-123.438,10.688,-0.215,-0.066,1.395,-0.133,-1.879,4.109,0.140,0.070,1.177,1.304,3,NULL,NULL,,3,0,2,7,255,947,250,0,0
stim,72881,103002,0,103002,3300324.454,-0.574,-0.021,-0.018,0.818,0,0,3019,0,3087,1173,2981,2951,63,1.330,1,2133,0,134.275,1.879,-21.313,-131.438,17.313,-0.258,-0.043,1.352,0.035,-1.879,3.930,0.136,0.074,1.177,1.304,3,NULL,NULL,,3,0,2,7,255,947,250,0,0
stim,72881,103002,0,103002,3300329.455,-0.573,-0.017,-0.022,0.819,0,0,3007,0,3089,950,2990,2933,63,1.330,1,2133,0,142.295,2.489,-20.563,-140.000,15.000,-0.305,-0.047,1.328,0.051,-2.488,3.469,0.132,0.076,1.177,1.304,3,NULL,NULL,,3,0,2,7,255,947,250,0,0
stim,72881,103002,0,103002,3300334.453,-0.572,-0.012,-0.027,0.819,0,0,2990,0,3093,725,3001,2919,63,1.330,1,2133,0,149.874,2.788,-22.938,-147.875,8.313,-0.277,-0.102,1.297,0.281,-2.773,3.211,0.128,0.080,1.177,1.304,3,NULL,NULL,,3,0,2,7,255,947,250,0,0
stim,72907,103029,0,103029,3300339.455,-0.572,-0.007,-0.031,0.820,0,0,2987,0,3092,544,3019,2905,63,1.330,1,2133,0,156.679,2.875,-21.938,-155.063,4.750,-0.254,-0.184,1.230,0.758,-2.773,2.930,0.126,0.084,1.177,1.304,3,NULL,NULL,,3,0,2,7,255,947,250,0,0
stim,72907,103029,0,103029,3300344.454,-0.571,-0.002,-0.036,0.820,0,0,2971,0,3097,363,3028,2875,63,1.330,1,2133,0,165.508,2.845,-16.063,-164.438,9.750,-0.246,-0.250,1.207,1.512,-2.410,2.297,0.126,0.092,1.177,1.304,3,NULL,NULL,,3,0,2,7,255,947,250,0,0
stim,72907,103029,0,103029,3300349.455,-0.570,0.004,-0.040,0.821,0,0,2937,0,3095,191,3047,2843,63,1.330,1,2133,0,175.244,3.239,-7.563,-174.438,15.000,-0.258,-0.277,1.215,2.164,-2.410,2.137,0.126,0.102,1.177,1.304,3,NULL,NULL,,3,0,2,7,255,947,250,0,0
stim,72907,103029,0,103029,3300354.453,-0.569,0.010,-0.045,0.821,0,0,2923,0,3099,88,3055,2813,63,1.330,1,2133,0,184.600,3.277,-0.438,-183.750,17.688,-0.227,-0.230,1.258,2.164,-2.461,2.137,0.126,0.112,1.177,1.304,3,NULL,NULL,,3,0,2,7,255,947,250,0,0
stim,72907,103029,0,103029,3300359.455,-0.568,0.017,-0.049,0.822,0,0,2894,0,3097,33,3061,2777,63,1.330,1,2133,0,191.822,3.224,1.313,-191.063,17.000,-0.242,-0.133,1.266,2.012,-2.520,2.438,0.126,0.122,1.177,1.304,3,NULL,NULL,,3,0,2,7,255,947,250,0,0
stim,72907,103029,0,103029,3300364.453,-0.566,0.024,-0.054,0.822,0,0,2855,0,3108,0,3079,2727,63,1.330,1,2133,0,202.454,3.440,4.063,-201.938,13.875,-0.262,-0.051,1.199,1.234,-3.211,2.438,0.126,0.134,1.177,1.304,3,NULL,NULL,,3,0,2,7,255,947,250,0,0
stim,72949,103070,0,103070,3300369.455,-0.565,0.032,-0.059,0.822,0,0,2805,0,3097,0,3079,2663,63,1.330,1,2133,0,214.146,3.814,20.625,-212.750,13.063,-0.188,0.078,1.301,0.676,-3.754,2.438,0.126,0.144,1.177,1.304,3,NULL,NULL,,3,0,2,7,255,947,250,0,0
stim,72949,103070,0,103070,3300374.454,-0.564,0.041,-0.063,0.823,0,0,2743,0,3091,0,3078,2592,63,1.330,1,2133,0,226.351,3.922,47.125,-220.813,16.000,-0.117,0.164,1.574,-0.695,-3.859,2.492,0.126,0.158,1.177,1.304,3,NULL,NULL,,3,0,2,7,255,947,250,0,0
stim,72949,103070,0,103070,3300379.455,-0.562,0.051,-0.066,0.823,0,0,2666,0,3087,0,3081,2510,63,1.330,1,2133,0,239.297,4.477,65.688,-228.750,24.938,-0.148,0.188,1.973,-1.664,-4.156,5.133,0.126,0.170,1.177,1.304,3,NULL,NULL,,3,0,2,7,255,947,250,0,0
stim,72949,103070,0,103070,3300384.453,-0.560,0.060,-0.070,0.824,0,0,2569,0,3064,0,3097,2391,63,1.330,1,2133,0,244.661,5.686,47.250,-238.313,28.875,-0.328,0.254,2.320,-1.664,-5.438,8.828,0.128,0.186,1.177,1.304,3,NULL,NULL,,3,0,2,7,255,947,250,0,0
stim,72949,103070,0,103070,3300389.455,-0.557,0.069,-0.076,0.824,0,0,2451,0,3045,0,3083,2251,63,1.330,1,2133,0,262.581,8.445,3.813,-258.313,47.000,-0.512,0.371,2.570,-1.598,-8.293,11.758,0.132,0.200,1.177,1.304,3,NULL,NULL,,3,0,2,7,255,947,250,0,0
stim,72949,103070,0,103070,3300394.454,-0.554,0.079,-0.084,0.825,0,0,2331,0,3023,30,3095,2093,63,1.330,1,2133,0,290.333,11.436,-19.375,-285.250,50.500,-0.781,0.543,2.898,-1.598,-11.324,13.520,0.136,0.214,1.177,1.304,3,NULL,NULL,,3,0,2,7,255,947,250,0,0
stim,72949,103070,0,103070,3300399.455,-0.551,0.089,-0.094,0.825,0,0,2171,0,2991,57,3067,1881,63,1.330,1,2133,0,327.811,15.758,-57.750,-319.688,43.875,-1.016,0.785,3.129,-1.949,-15.637,15.652,0.144,0.230,1.177,1.304,3,NULL,NULL,,3,0,2,7,255,947,250,0,0
stim,72949,103070,0,103070,3300404.453,-0.549,0.099,-0.106,0.823,0,0,2036,0,2967,63,3067,1706,63,1.330,1,2133,0,366.518,20.111,-100.875,-351.938,17.313,-1.070,1.078,3.109,-3.047,-19.879,15.652,0.156,0.248,1.177,1.304,3,NULL,NULL,,3,0,2,7,255,947,250,0,0
stim,72974,103095,0,103095,3300409.455,-0.547,0.109,-0.121,0.821,0,0,1887,0,2917,68,3049,1575,63,1.330,1,2133,0,409.518,22.802,-145.563,-382.750,-4.313,-0.988,1.313,3.004,-5.387,-22.156,15.402,0.176,0.270,1.177,1.304,3,NULL,NULL,,3,0,2,7,255,947,250,0,0
stim,72974,103095,0,103095,3300414.454,-0.546,0.120,-0.136,0.818,0,0,1737,0,2853,73,3017,1417,63,1.330,1,2133,0,441.962,24.154,-165.375,-409.438,-18.500,-0.902,1.293,3.027,-7.836,-22.848,13.609,0.198,0.296,1.177,1.304,3,NULL,NULL,,3,0,2,7,255,947,250,0,0
stim,72974,103095,0,103095,3300419.455,-0.544,0.131,-0.153,0.814,0,0,1579,0,2793,69,2973,1301,63,1.330,1,2133,0,470.112,24.317,-173.563,-436.250,-23.813,-0.969,1.039,3.078,-7.836,-23.020,13.254,0.230,0.330,1.177,1.304,3,NULL,NULL,,3,0,2,7,255,947,250,0,0
stim,72974,103095,0,103095,3300424.454,-0.542,0.142,-0.172,0.810,0,0,1457,0,2716,69,2920,1177,63,1.330,1,2133,0,513.169,24.426,-220.250,-463.313,-13.188,-1.047,0.988,3.023,-5.457,-23.809,12.844,0.270,0.372,1.177,1.304,3,NULL,NULL,,3,0,2,7,255,947,250,0,0
stim,72994,103115,0,103115,3300429.455,-0.541,0.153,-0.192,0.804,0,0,1264,0,2615,61,2826,1041,63,1.330,1,2133,0,548.445,24.296,-262.188,-480.563,-33.313,-0.918,0.809,2.699,-4.840,-23.809,11.016,0.322,0.426,1.177,1.304,3,NULL,NULL,,3,0,2,7,255,947,250,0,0
stim,72994,103115,0,103115,3300434.454,-0.540,0.166,-0.211,0.798,0,0,1067,0,2461,26,2741,890,63,1.330,1,2133,0,541.302,23.119,-219.250,-491.625,-56.938,-0.762,0.340,2.629,-3.914,-22.785,7.910,0.392,0.496,1.177,1.304,3,NULL,NULL,,3,0,2,7,255,947,250,0,0
stim,72994,103115,0,103115,3300439.455,-0.536,0.180,-0.229,0.792,0,0,827,0,2275,0,2609,808,63,1.330,1,2133,0,539.028,22.787,-171.500,-510.125,-30.188,-0.832,0.180,2.988,-0.285,-22.785,7.910,0.476,0.580,1.177,1.304,3,NULL,NULL,,3,0,2,7,255,947,250,0,0
stim,72994,103115,0,103115,3300444.453,-0.532,0.193,-0.248,0.786,0,0,579,0,2021,0,2419,681,63,1.330,1,2133,0,564.921,23.441,-197.313,-529.313,5.688,-1.047,0.078,3.160,1.477,-23.395,8.883,0.572,0.676,1.177,1.304,3,NULL,NULL,,3,0,2,7,255,947,250,0,0
stim,72994,103115,0,103115,3300449.455,-0.527,0.205,-0.270,0.779,0,0,379,0,1703,0,2193,575,63,1.330,1,2133,0,597.670,24.977,-249.500,-543.063,6.500,-1.020,-0.016,2.793,3.180,-24.773,8.883,0.676,0.780,1.177,1.304,3,NULL,NULL,,3,0,2,7,255,947,250,0,0
stim,72994,103115,0,103115,3300454.454,-0.522,0.219,-0.290,0.772,0,0,245,0,1341,0,1863,501,63,1.330,1,2133,0,600.198,25.068,-227.563,-555.313,-9.000,-0.809,-0.309,2.270,3.832,-24.773,5.109,0.784,0.888,1.177,1.304,3,NULL,NULL,,3,0,2,7,255,947,250,0,0
stim,73047,103168,0,103168,3300459.455,-0.515,0.234,-0.308,0.765,0,0,117,0,1049,0,1418,489,63,1.330,1,2133,0,591.450,20.648,-150.938,-571.375,23.688,-0.652,-0.348,2.004,5.637,-19.863,2.055,0.896,1.000,1.177,1.304,3,NULL,NULL,,3,0,2,7,255,947,250,0,0
stim,73047,103168,0,103168,3300464.453,-0.505,0.251,-0.324,0.760,0,0,107,0,650,0,660,484,63,1.330,1,2133,0,591.849,20.648,-68.500,-584.500,62.875,-0.691,-0.012,2.246,5.637,-19.863,0.355,1.012,1.118,1.177,1.304,3,NULL,NULL,,3,0,2,7,255,947,250,0,0
stim,73047,103168,0,103168,3300469.455,-0.493,0.267,-0.340,0.755,0,0,76,0,231,0,29,499,63,1.330,1,2133,0,592.449,20.971,-50.688,-582.875,93.188,-1.113,0.438,2.398,3.039,-20.750,-0.121,1.130,1.240,1.177,1.304,3,NULL,NULL,,3,0,2,7,255,947,250,0,0
stim,73047,103168,0,103168,3300474.454,-0.484,0.280,-0.358,0.748,0,0,22,0,0,0,0,501,63,1.330,1,2133,0,571.320,24.961,-159.000,-543.625,74.813,-0.891,1.293,2.148,0.879,-24.945,-4.484,1.248,1.360,1.177,1.304,3,NULL,NULL,,3,0,2,7,255,947,250,0,0
stim,73047,103168,0,103168,3300479.455,-0.479,0.289,-0.377,0.738,0,0,28,54,0,0,0,469,63,1.330,1,2133,0,550.331,26.089,-284.125,-471.313,-1.125,-0.395,1.926,1.641,-7.641,-24.945,-7.871,1.362,1.478,1.177,1.304,4,NULL,NULL,,3,0,2,7,255,947,250,0,0
stim,73047,103168,0,103168,3300484.454,-0.476,0.292,-0.400,0.727,0,0,20,69,0,0,0,377,63,1.330,1,2133,0,577.882,25.200,-423.188,-390.750,46.625,-0.152,1.922,1.234,-15.563,-19.820,-9.758,1.468,1.588,1.177,1.304,0,NULL,NULL,,3,0,2,7,255,947,250,0,0
stim,73047,103168,0,103168,3300489.455,-0.470,0.288,-0.424,0.718,0,0,21,0,0,0,0,226,63,1.330,1,2133,0,609.585,21.617,-481.500,-324.813,185.063,-1.168,1.449,0.230,-15.563,-15.004,-10.949,1.568,1.692,1.177,1.304,0,NULL,NULL,,3,0,2,7,255,947,250,0,0
stim,73047,103168,1,103168,3300494.453,-0.463,0.277,-0.449,0.712,0,0,21,0,0,0,0,121,63,1.330,1,2133,0,672.922,12.853,-554.813,-204.563,321.188,-1.414,1.203,-1.555,-8.738,-9.426,-23.070,1.666,1.794,1.177,1.304,0,NULL,NULL,,3,1,2,7,255,947,250,0,0
stim,73076,103197,1,103197,3300499.455,-0.466,0.270,-0.460,0.706,0,0,10,0,0,0,0,43,63,1.330,1,2133,0,334.443,7.619,-330.813,-25.313,42.125,-0.809,0.078,-2.320,-4.266,6.313,-26.043,1.770,1.902,1.177,1.304,0,NULL,NULL,,3,1,2,7,255,947,250,0,0
stim,73076,103197,1,103197,3300504.454,-0.469,0.274,-0.453,0.707,0,0,11,0,0,0,0,40,63,1.330,1,2133,0,212.023,7.649,160.875,61.938,-123.438,-0.863,-1.520,-0.914,4.273,6.344,-26.043,1.884,2.018,1.177,1.304,0,NULL,NULL,,3,1,2,7,255,947,250,0,0
stim,73076,103197,1,103197,3300509.455,-0.469,0.279,-0.440,0.714,0,0,9,0,0,0,0,29,63,1.330,1,2133,0,340.431,17.878,318.188,106.875,-56.813,-1.176,-1.441,1.754,16.715,6.344,-14.602,2.006,2.140,1.177,1.304,0,NULL,NULL,,3,1,2,7,255,947,250,0,0
stim,73076,103197,1,103197,3300514.454,-0.471,0.276,-0.433,0.717,0,0,7,0,0,0,0,11,63,1.330,1,2133,0,208.375,24.759,116.750,172.250,-10.938,-1.473,0.156,2.680,16.715,-18.266,-9.844,2.126,2.262,1.177,1.304,0,NULL,NULL,,3,1,2,7,255,947,250,0,0
stim,73076,103197,1,103197,3300519.455,-0.477,0.267,-0.431,0.718,0,0,9,0,0,0,0,0,63,1.330,1,2133,0,257.728,25.876,-106.500,234.563,-7.875,-1.551,1.852,1.859,3.277,-25.668,-9.844,2.238,2.374,1.177,1.304,0,NULL,NULL,,3,1,2,7,255,947,250,0,0
stim,73076,103197,1,103197,3300524.454,-0.484,0.255,-0.430,0.718,0,0,9,0,0,0,0,0,63,1.330,1,2133,0,300.716,28.175,-156.063,257.000,5.063,-1.484,2.461,0.855,-11.617,-25.668,-20.098,2.328,2.464,1.177,1.304,0,NULL,NULL,,3,1,2,7,255,947,250,0,0
stim,73076,103197,1,103197,3300529.455,-0.490,0.246,-0.427,0.719,0,0,8,0,0,0,0,0,63,1.330,1,2133,0,264.449,21.018,-67.438,255.688,3.063,-1.430,1.699,0.414,-11.617,-17.516,-25.082,2.394,2.528,1.177,1.304,0,NULL,NULL,,3,1,2,7,255,947,250,0,0
stim,73076,103197,1,103197,3300534.453,-0.496,0.239,-0.421,0.721,0,0,7,0,0,0,0,0,63,1.330,1,2133,0,256.698,18.401,-10.188,254.500,-31.938,-1.480,0.645,0.848,-10.074,-15.398,-25.082,2.444,2.580,1.177,1.304,0,NULL,NULL,,3,1,2,7,255,947,250,0,0
stim,73099,103220,1,103220,3300539.455,-0.503,0.231,-0.417,0.721,0,0,3,0,0,0,0,0,63,1.330,1,2133,0,268.554,13.400,-43.375,258.813,-57.063,-1.148,-0.059,0.898,-0.992,-13.363,-19.000,2.490,2.630,1.177,1.304,0,NULL,NULL,,3,1,2,7,255,947,250,0,0
stim,73099,103220,1,103220,3300544.454,-0.511,0.222,-0.413,0.721,0,0,2,0,0,0,0,0,63,1.330,1,2133,0,289.042,13.380,-98.000,265.063,-60.688,-0.922,0.215,0.590,0.676,-13.363,-14.141,2.546,2.686,1.177,1.304,0,NULL,NULL,,3,1,2,7,255,947,250,0,0
stim,73099,103220,1,103220,3300549.455,-0.519,0.212,-0.410,0.720,0,0,0,0,0,0,0,0,63,1.330,1,2133,0,298.950,10.109,-110.938,271.438,-58.188,-0.738,0.633,-0.035,0.676,-10.086,-14.141,2.602,2.746,1.177,1.304,0,NULL,NULL,,3,1,2,7,255,947,250,0,0
stim,73099,103220,1,103220,3300554.453,-0.526,0.203,-0.405,0.720,0,0,0,0,0,0,0,0,63,1.330,1,2133,0,288.865,5.485,-57.875,280.563,-37.125,-0.473,0.730,-0.426,-3.051,-4.559,-17.691,2.656,2.800,1.177,1.304,0,NULL,NULL,,3,1,2,7,255,947,250,0,0
stim,73124,103245,1,103245,3300559.455,-0.532,0.194,-0.398,0.722,0,0,0,0,0,0,0,0,63,1.330,1,2133,0,294.952,3.551,0.938,294.250,-20.313,-0.441,0.633,-0.406,-3.547,-0.176,-17.691,2.704,2.850,1.177,1.304,0,NULL,NULL,,3,1,2,7,255,947,250,0,0
stim,73124,103245,1,103245,3300564.453,-0.537,0.185,-0.389,0.725,0,0,0,0,0,0,0,0,63,1.330,1,2133,0,311.055,3.551,46.438,307.500,6.500,-0.402,0.316,-0.285,-3.547,-0.176,-17.617,2.752,2.898,1.177,1.304,0,NULL,NULL,,3,1,2,7,255,947,250,0,0
stim,73155,103276,1,103276,3300569.455,-0.541,0.176,-0.380,0.729,0,0,0,0,0,0,0,0,63,1.330,1,2133,0,329.584,1.284,68.250,321.375,26.188,-0.477,0.273,-0.137,-1.059,-0.727,-15.422,2.800,2.948,1.177,1.304,0,NULL,NULL,,3,1,2,7,255,947,250,0,0
stim,73155,103276,1,103276,3300574.454,-0.545,0.168,-0.369,0.734,0,0,0,0,0,0,0,0,63,1.330,1,2133,0,345.632,2.611,92.938,331.250,33.125,-0.535,0.398,0.004,-1.059,-2.387,-14.824,2.846,2.996,1.177,1.304,0,NULL,NULL,,3,1,2,7,255,947,250,0,0
stim,73155,103276,1,103276,3300579.455,-0.549,0.159,-0.357,0.739,0,0,0,0,0,0,0,0,63,1.330,1,2133,0,358.994,4.472,114.750,338.813,30.250,-0.516,0.461,0.074,-1.852,-4.070,-14.672,2.886,3.036,1.177,1.304,0,NULL,NULL,,3,1,2,7,255,947,250,0,0
stim,73155,103276,1,103276,3300584.453,-0.553,0.151,-0.344,0.744,0,0,0,0,0,0,0,0,63,1.330,1,2133,0,377.531,5.345,143.938,347.250,35.063,-0.379,0.477,0.293,-2.645,-4.645,-14.184,2.916,3.068,1.177,1.304,0,NULL,NULL,,3,1,2,7,255,947,250,0,0
stim,73155,103276,1,103276,3300589.455,-0.555,0.142,-0.331,0.749,0,0,0,0,0,0,0,0,63,1.330,1,2133,0,387.588,6.427,143.938,354.875,59.750,-0.328,0.520,0.492,-3.641,-5.297,-11.727,2.940,3.094,1.177,1.304,0,NULL,NULL,,3,1,2,7,255,947,250,0,0
stim,73155,103276,1,103276,3300594.454,-0.558,0.133,-0.318,0.755,0,0,0,0,0,0,0,0,63,1.330,1,2133,0,398.468,7.321,145.688,363.750,72.375,-0.398,0.422,0.594,-3.648,-6.348,-9.996,2.964,3.118,1.177,1.304,0,NULL,NULL,,3,1,2,7,255,947,250,0,0
stim,73155,103276,1,103276,3300599.455,-0.560,0.123,-0.305,0.761,0,0,0,0,0,0,0,0,63,1.330,1,2133,0,403.725,8.597,144.375,369.250,76.188,-0.363,0.477,0.734,-4.477,-7.340,-9.074,2.986,3.140,1.177,1.304,0,NULL,NULL,,3,1,2,7,255,947,250,0,0
stim,73155,103276,1,103276,3300604.453,-0.562,0.113,-0.291,0.766,0,0,0,0,0,0,0,0,63,1.330,1,2133,0,409.582,8.811,145.813,374.625,78.438,-0.348,0.375,0.805,-3.742,-7.977,-7.766,3.008,3.164,1.177,1.304,0,NULL,NULL,,3,1,2,7,255,947,250,0,0
stim,73155,103276,1,103276,3300609.455,-0.564,0.103,-0.277,0.771,0,0,0,0,0,0,0,0,63,1.330,1,2133,0,413.207,8.821,144.688,379.438,76.375,-0.363,0.344,0.934,-3.742,-7.988,-6.504,3.032,3.188,1.177,1.304,0,NULL,NULL,,3,1,2,7,255,947,250,0,0
stim,73155,103276,1,103276,3300614.454,-0.565,0.093,-0.263,0.776,0,0,0,0,0,0,0,0,63,1.330,1,2133,0,413.133,9.322,140.500,381.188,75.063,-0.355,0.246,1.008,-3.648,-8.578,-5.156,3.058,3.216,1.177,1.304,0,NULL,NULL,,3,1,2,7,255,947,250,0,0
stim,73181,103302,1,103302,3300619.455,-0.567,0.082,-0.249,0.781,0,0,0,0,0,0,0,0,63,1.330,1,2133,0,413.352,9.063,133.563,383.438,77.438,-0.320,0.207,1.063,-2.926,-8.578,-3.910,3.088,3.248,1.177,1.304,0,NULL,NULL,,3,1,2,7,255,947,250,0,0
stim,73181,103302,1,103302,3300624.454,-0.568,0.071,-0.236,0.785,0,0,0,0,0,0,0,0,63,1.330,1,2133,0,412.630,9.004,121.313,386.000,80.938,-0.367,0.234,1.078,-2.914,-8.520,-2.883,3.122,3.284,1.177,1.304,0,NULL,NULL,,3,1,2,7,255,947,250,0,0
stim,73181,103302,1,103302,3300629.455,-0.570,0.060,-0.222,0.789,0,0,0,0,0,0,0,0,63,1.330,1,2133,0,409.486,8.699,113.063,386.500,74.250,-0.379,0.223,0.992,-2.781,-8.242,-2.883,3.160,3.322,1.177,1.304,0,NULL,NULL,,3,1,2,7,255,947,250,0,0
stim,73181,103302,1,103302,3300634.454,-0.571,0.049,-0.209,0.792,0,0,0,0,0,0,0,1,63,1.330,1,2133,0,409.521,8.385,119.938,385.188,70.375,-0.344,0.176,0.980,-2.633,-7.961,-2.750,3.200,3.364,1.177,1.304,0,NULL,NULL,,3,1,2,7,255,947,250,0,0
stim,73209,103330,1,103330,3300639.455,-0.572,0.039,-0.195,0.796,0,0,0,0,0,0,0,3,63,1.330,1,2133,0,407.484,7.778,129.563,380.250,68.313,-0.367,0.133,1.066,-2.352,-7.414,-2.750,3.244,3.408,1.177,1.304,0,NULL,NULL,,3,1,2,7,255,947,250,0,0
stim,73209,103330,1,103330,3300644.453,-0.573,0.029,-0.181,0.799,0,0,0,0,0,0,0,4,63,1.330,1,2133,0,401.504,7.545,130.438,374.875,60.500,-0.344,0.074,1.129,-2.020,-7.270,-1.684,3.288,3.452,1.177,1.304,0,NULL,NULL,,3,1,2,7,255,947,250,0,0
stim,73209,103330,1,103330,3300649.455,-0.574,0.019,-0.167,0.801,0,0,0,0,0,0,0,10,63,1.330,1,2133,0,396.567,7.197,130.875,369.438,60.438,-0.266,0.063,1.098,-1.844,-6.957,-0.625,3.332,3.498,1.177,1.304,0,NULL,NULL,,3,1,2,7,255,947,250,0,0
stim,73209,103330,1,103330,3300654.454,-0.575,0.009,-0.153,0.804,0,0,0,0,0,0,0,10,63,1.330,1,2133,0,395.638,6.098,141.125,364.063,63.813,-0.242,0.098,1.082,-1.844,-5.813,-0.500,3.376,3.544,1.177,1.304,0,NULL,NULL,,3,1,2,7,255,947,250,0,0
stim,73209,103330,1,103330,3300659.455,-0.575,-0.000,-0.139,0.806,0,0,0,0,0,0,0,9,63,1.330,1,2133,0,397.238,6.100,156.688,358.688,67.750,-0.285,0.152,1.145,-2.184,-5.695,-0.492,3.420,3.588,1.177,1.304,0,NULL,NULL,,3,1,2,7,255,947,250,0,0
stim,73209,103330,1,103330,3300664.453,-0.575,-0.009,-0.124,0.808,0,0,0,0,0,0,0,11,63,1.330,1,2133,0,397.744,6.242,170.188,353.500,65.375,-0.313,0.137,1.234,-2.555,-5.695,0.094,3.462,3.632,1.177,1.304,0,NULL,NULL,,3,1,2,7,255,947,250,0,0
stim,73250,103371,1,103371,3300669.455,-0.575,-0.017,-0.108,0.810,0,0,0,0,0,0,0,9,63,1.330,1,2133,0,399.638,6.242,186.000,347.563,65.688,-0.309,0.113,1.332,-2.555,-5.695,1.102,3.502,3.674,1.177,1.304,0,NULL,NULL,,3,1,2,7,255,947,250,0,0
stim,73250,103371,1,103371,3300674.454,-0.575,-0.024,-0.092,0.813,0,0,0,0,0,0,0,10,63,1.330,1,2133,0,404.754,6.093,203.188,343.000,69.938,-0.340,0.125,1.516,-2.555,-5.531,2.309,3.542,3.714,1.177,1.304,0,NULL,NULL,,3,1,2,7,255,947,250,0,0
stim,73250,103371,1,103371,3300679.455,-0.575,-0.031,-0.076,0.814,0,0,0,0,0,0,0,12,63,1.330,1,2133,0,404.932,6.148,213.500,337.625,66.313,-0.441,0.195,1.727,-2.684,-5.531,4.195,3.580,3.754,1.177,1.304,0,NULL,NULL,,3,1,2,7,255,947,250,0,0
stim,73250,103371,1,103371,3300684.454,-0.574,-0.038,-0.060,0.816,0,0,0,0,0,0,0,8,63,1.330,1,2133,0,403.820,6.541,219.063,334.563,56.125,-0.418,0.168,1.930,-3.230,-5.688,6.254,3.616,3.792,1.177,1.304,0,NULL,NULL,,3,1,2,7,255,947,250,0,0
stim,73250,103371,1,103371,3300689.455,-0.574,-0.044,-0.044,0.816,0,0,0,0,0,0,0,8,63,1.330,1,2133,0,399.363,6.549,219.125,330.563,46.938,-0.352,0.156,2.051,-3.246,-5.688,8.531,3.650,3.826,1.177,1.304,0,NULL,NULL,,3,1,2,7,255,947,250,0,0
stim,73250,103371,1,103371,3300694.453,-0.574,-0.050,-0.027,0.817,0,0,0,0,0,0,0,9,63,1.330,1,2133,0,398.904,5.508,222.563,329.313,33.813,-0.207,0.039,2.105,-3.246,-4.449,9.898,3.678,3.854,1.177,1.304,0,NULL,NULL,,3,1,2,7,255,947,250,0,0
stim,73250,103371,1,103371,3300699.455,-0.574,-0.056,-0.011,0.817,1,0,0,0,0,0,0,6,63,1.330,1,2133,0,401.760,3.377,229.750,328.188,30.313,-0.102,-0.141,2.133,-2.707,-2.020,10.660,3.700,3.878,1.177,1.304,0,NULL,NULL,,3,1,2,7,255,947,250,0,0
stim,73250,103371,1,103371,3300704.454,-0.574,-0.062,0.006,0.816,0,0,0,0,0,0,0,5,63,1.330,1,2133,0,404.120,1.274,236.813,326.313,27.438,-0.141,-0.152,2.184,-1.250,0.246,11.137,3.716,3.894,1.177,1.304,0,NULL,NULL,,3,1,2,7,255,947,250,0,0
stim,73274,103395,1,103395,3300709.455,-0.575,-0.067,0.023,0.815,0,0,0,0,0,0,0,1,63,1.330,1,2133,0,408.304,1.116,245.688,325.750,15.375,-0.156,-0.203,2.227,-0.895,0.668,11.680,3.726,3.906,1.177,1.304,0,NULL,NULL,,3,1,2,7,255,947,250,0,0
stim,73274,103395,1,103395,3300714.454,-0.575,-0.072,0.040,0.814,0,0,0,0,0,0,0,0,63,1.330,1,2133,0,415.096,1.479,260.875,322.875,-1.000,-0.129,-0.281,2.297,-0.176,1.469,12.105,3.734,3.912,1.177,1.304,0,NULL,NULL,,3,1,2,7,255,947,250,0,0
stim,73274,103395,1,103395,3300719.455,-0.577,-0.076,0.058,0.811,0,0,0,0,0,0,0,3,63,1.330,1,2133,0,423.603,2.869,278.500,318.563,-19.875,-0.043,-0.309,2.434,0.641,2.797,12.711,3.744,3.922,1.177,1.304,0,NULL,NULL,,3,1,2,7,255,947,250,0,0
stim,73274,103395,1,103395,3300724.454,-0.579,-0.080,0.076,0.808,0,0,0,0,0,0,0,12,63,1.330,1,2133,0,429.560,4.728,290.813,313.438,-41.313,0.148,-0.375,2.574,0.820,4.656,13.738,3.760,3.940,1.177,1.304,0,NULL,NULL,,3,1,2,7,255,947,250,0,0
stim,73294,103415,1,103415,3300729.455,-0.581,-0.083,0.094,0.804,0,0,0,0,0,0,0,30,63,1.330,1,2133,0,429.002,7.747,296.125,305.563,-54.625,0.418,-0.465,2.660,1.105,7.668,14.375,3.780,3.960,1.177,1.304,0,NULL,NULL,,3,1,2,7,255,947,250,0,0
stim,73294,103415,1,103415,3300734.453,-0.583,-0.086,0.111,0.800,0,0,0,0,0,0,0,35,63,1.330,1,2133,0,428.722,11.465,303.813,297.000,-57.375,0.688,-0.531,2.734,1.496,11.367,14.375,3.800,3.980,1.177,1.304,0,NULL,NULL,,3,1,2,7,255,947,250,0,0
stim,73294,103415,1,103415,3300739.455,-0.585,-0.089,0.129,0.796,0,0,0,0,0,0,0,47,63,1.330,1,2133,0,425.586,15.048,311.125,284.688,-57.250,0.914,-0.574,2.742,1.789,14.941,13.930,3.814,3.996,1.177,1.304,0,NULL,NULL,,3,1,2,7,255,947,250,0,0
stim,73294,103415,0,103415,3300744.454,-0.587,-0.090,0.147,0.791,0,0,0,0,0,0,0,47,63,1.330,1,2133,0,426.118,17.945,326.563,267.250,-59.250,1.141,-0.613,2.742,2.043,17.828,12.793,3.826,4.006,1.177,1.304,0,NULL,NULL,,3,0,2,7,255,948,250,0,0
stim,73294,103415,0,103415,3300749.455,-0.589,-0.090,0.165,0.786,0,0,0,0,0,0,0,45,63,1.330,1,2133,0,429.246,20.721,341.813,253.313,-57.000,1.387,-0.668,2.844,2.359,20.586,11.453,3.830,4.012,1.177,1.304,0,NULL,NULL,,3,0,2,7,255,948,250,0,0
stim,73294,103415,0,103415,3300754.453,-0.591,-0.090,0.182,0.781,0,0,0,0,0,0,0,38,63,1.330,1,2133,0,420.949,23.957,339.375,240.813,-63.500,1.566,-0.594,3.023,2.402,23.836,11.152,3.828,4.012,1.177,1.304,0,NULL,NULL,,3,0,2,7,255,948,250,0,0
stim,73346,103467,0,103467,3300759.455,-0.593,-0.090,0.199,0.775,0,0,0,0,0,0,0,39,63,1.330,1,2133,0,404.228,26.573,320.875,235.313,-71.188,1.773,-0.586,3.336,2.676,26.438,11.152,3.820,4.002,1.177,1.304,0,NULL,NULL,,3,0,2,7,255,948,250,0,0
stim,73346,103467,0,103467,3300764.454,-0.595,-0.091,0.214,0.770,0,0,0,0,0,0,0,49,63,1.330,1,2133,0,374.811,30.100,294.563,221.375,-68.625,2.039,-0.512,3.434,2.402,30.004,11.527,3.798,3.984,1.177,1.304,0,NULL,NULL,,3,0,2,7,255,948,250,0,0
stim,73346,103467,0,103467,3300769.455,-0.597,-0.092,0.228,0.764,0,0,0,0,0,0,0,53,63,1.330,1,2133,0,347.295,33.157,265.313,209.625,-79.250,2.305,-0.309,3.496,2.047,33.094,11.527,3.766,3.952,1.177,1.304,0,NULL,NULL,,3,0,2,7,255,948,250,0,0
stim,73346,103467,0,103467,3300774.454,-0.599,-0.094,0.240,0.758,0,0,0,0,0,0,0,53,63,1.330,1,2133,0,311.914,35.715,219.750,201.250,-92.188,2.668,-0.285,3.430,0.148,35.715,10.551,3.720,3.908,1.177,1.304,0,NULL,NULL,,3,0,2,7,255,948,250,0,0
stim,73346,103467,0,103467,3300779.455,-0.601,-0.097,0.250,0.753,0,0,0,0,0,0,0,58,63,1.330,1,2133,0,271.534,38.870,160.625,194.500,-100.500,3.078,-0.359,3.184,-0.488,38.867,7.699,3.664,3.852,1.177,1.304,0,NULL,NULL,,3,0,2,7,255,948,250,0,0
stim,73346,103467,0,103467,3300784.454,-0.603,-0.101,0.258,0.748,0,0,0,0,0,0,0,81,63,1.330,1,2133,0,238.606,41.634,104.375,189.375,-100.875,3.484,-0.457,2.758,-0.652,41.629,2.824,3.592,3.782,1.177,1.304,0,NULL,NULL,,3,0,2,7,255,948,250,0,0
stim,73346,103467,0,103467,3300789.455,-0.604,-0.107,0.265,0.744,0,0,0,0,0,0,0,136,63,1.330,1,2133,0,214.595,43.295,67.063,182.625,-90.563,3.891,-0.508,2.262,-0.941,43.285,-3.641,3.508,3.698,1.177,1.304,0,NULL,NULL,,3,0,2,7,255,948,250,0,0
stim,73346,103467,0,103467,3300794.453,-0.605,-0.112,0.270,0.741,0,0,0,0,0,0,0,175,63,1.330,1,2133,0,195.117,44.324,49.438,174.063,-73.000,4.309,-0.523,1.746,-1.848,44.285,-10.539,3.406,3.598,1.177,1.304,0,NULL,NULL,,3,0,2,7,255,948,250,0,0
stim,73376,103497,0,103497,3300799.455,-0.605,-0.116,0.276,0.738,0,0,0,0,0,0,0,185,63,1.330,1,2133,0,178.201,44.986,53.313,164.063,-44.688,4.672,-0.633,1.156,-3.211,44.871,-17.547,3.294,3.486,1.177,1.304,0,NULL,NULL,,3,0,2,7,255,948,250,0,0
stim,73376,103497,0,103497,3300804.454,-0.604,-0.119,0.282,0.736,0,0,0,0,0,0,0,221,63,1.330,1,2133,0,155.976,44.986,69.125,138.875,-16.250,4.848,-1.285,0.684,-3.211,44.871,-25.113,3.170,3.362,1.177,1.304,0,NULL,NULL,,3,0,2,7,255,948,250,0,0
stim,73376,103497,0,103497,3300809.455,-0.602,-0.119,0.289,0.735,0,0,0,0,0,0,0,231,63,1.330,1,2133,0,173.229,44.379,127.188,110.688,39.750,4.906,-1.969,0.348,1.434,44.355,-31.953,3.032,3.224,1.177,1.304,0,NULL,NULL,,3,0,2,7,255,948,250,0,0
stim,73376,103497,0,103497,3300814.454,-0.600,-0.114,0.299,0.734,0,0,0,0,0,0,0,213,63,1.330,1,2133,0,268.611,44.074,240.063,76.938,92.750,4.430,-2.008,0.332,7.043,43.508,-35.543,2.878,3.070,1.177,1.304,0,NULL,NULL,,3,0,2,7,255,948,250,0,0
stim,73376,103497,0,103497,3300819.455,-0.597,-0.104,0.312,0.731,0,0,0,0,0,0,0,184,63,1.330,1,2133,0,381.922,40.679,362.125,36.688,115.688,4.004,-1.848,1.094,8.125,39.859,-35.543,2.712,2.902,1.177,1.304,0,NULL,NULL,,3,0,2,7,255,948,250,0,0
stim,73376,103497,0,103497,3300824.454,-0.596,-0.092,0.326,0.728,0,0,0,0,0,0,0,173,63,1.330,1,2133,0,428.838,40.224,417.938,-3.750,96.000,3.211,-1.008,2.168,8.125,39.395,-27.555,2.534,2.722,1.177,1.304,0,NULL,NULL,,3,0,2,7,255,948,250,0,0
stim,73376,103497,0,103497,3300829.455,-0.596,-0.080,0.337,0.724,0,0,0,88,0,37,0,428,63,1.330,1,2133,0,380.029,39.747,374.125,-49.438,44.813,2.254,-0.500,3.645,7.531,39.027,-13.066,2.348,2.532,1.177,1.304,0,NULL,NULL,,3,0,2,7,255,948,250,0,0
stim,73376,103497,0,103497,3300834.453,-0.589,-0.047,0.354,0.724,549,0,0,853,0,215,0,538,63,1.330,1,2133,0,879.392,39.747,731.750,-271.188,405.375,0.820,-0.438,9.496,7.531,39.027,4.496,2.158,2.338,1.177,1.304,0,NULL,NULL,,3,0,2,7,255,948,250,0,0
stim,73399,103520,0,103520,3300839.455,-0.576,-0.031,0.355,0.736,1227,0,0,1445,0,477,0,605,63,1.330,1,2133,0,547.009,63.012,116.625,-188.063,500.250,1.656,1.129,10.758,20.207,59.684,54.988,1.964,2.136,1.177,1.304,0,NULL,NULL,,3,0,2,7,255,948,250,0,0
stim,73399,103520,0,103520,3300844.454,-0.559,-0.049,0.314,0.766,1771,0,0,1845,0,823,0,637,63,1.330,1,2133,0,1301.066,63.012,-1195.375,-117.688,500.000,-0.633,2.832,4.000,20.207,59.684,54.988,1.766,1.930,1.177,1.304,0,NULL,NULL,,3,0,2,7,255,948,250,0,0
stim,73399,103520,0,103520,3300849.455,-0.546,-0.072,0.266,0.791,2125,0,0,2023,0,1093,0,728,63,1.330,1,2134,0,1376.695,16.510,-1324.375,-163.000,338.750,-1.660,4.590,-1.699,-12.961,10.227,35.738,1.564,1.718,1.177,1.304,1,951.000,3.000,,3,0,2,7,255,948,250,0,0
stim,73399,103520,0,103520,3300854.453,-0.538,-0.084,0.241,0.804,2335,0,0,2181,0,1276,0,781,63,1.330,1,2134,0,719.005,41.983,-694.125,-55.438,179.125,-2.641,3.496,-3.906,-24.313,-34.227,-3.289,1.352,1.500,1.177,1.304,1,NULL,NULL,,3,0,2,7,255,948,250,0,0
stim,73425,103546,0,103546,3300859.455,-0.540,-0.083,0.233,0.804,2490,0,0,2279,0,1437,0,836,63,1.330,1,2134,0,204.776,41.983,-140.375,-138.500,-55.188,-2.531,0.332,-1.805,-24.313,-34.227,-15.051,1.126,1.264,1.177,1.304,1,NULL,NULL,,3,0,2,7,255,948,250,0,0
stim,73425,103546,0,103546,3300864.453,-0.547,-0.077,0.235,0.800,2645,0,0,2441,0,1559,0,905,63,1.330,1,2134,0,231.499,29.774,150.000,-107.688,-139.625,-0.262,0.332,1.480,-0.535,-29.770,-15.051,0.882,1.002,1.177,1.304,1,NULL,NULL,,3,0,2,7,255,948,250,0,0
stim,73457,103578,0,103578,3300869.455,-0.548,-0.073,0.234,0.800,2761,0,0,2629,0,1624,0,1058,63,1.330,1,2134,0,97.811,3.406,37.500,-90.125,-6.188,0.844,2.230,2.402,-0.535,3.363,4.871,0.654,0.736,1.177,1.304,2,NULL,NULL,,3,0,2,7,255,948,250,0,0
stim,73457,103578,0,103578,3300874.454,-0.540,-0.070,0.225,0.808,2855,0,0,2760,0,1683,0,1145,63,1.330,1,2134,0,336.133,4.773,-188.000,-143.563,238.813,-0.797,0.941,1.902,-3.387,3.363,12.094,0.500,0.510,1.177,1.304,2,NULL,NULL,,3,0,2,7,255,948,250,0,0
stim,73457,103578,0,103578,3300879.455,-0.535,-0.073,0.208,0.816,2923,0,0,2861,0,1725,0,1263,63,1.330,1,2134,0,457.208,3.767,-398.813,-158.625,157.563,-2.391,-0.648,0.727,-3.387,-1.648,12.094,0.456,0.368,1.177,1.304,2,NULL,NULL,,3,0,2,7,255,948,250,0,0
stim,73457,103578,0,103578,3300884.453,-0.538,-0.075,0.192,0.817,2981,0,0,2917,0,1755,0,1357,63,1.330,1,2134,0,389.414,21.676,-335.375,-172.188,-97.563,-2.188,-1.203,-0.629,15.984,-14.641,3.191,0.476,0.316,1.177,1.304,2,NULL,NULL,,3,0,2,7,255,948,250,0,0
stim,73457,103578,0,103578,3300889.455,-0.548,-0.074,0.181,0.814,3005,0,0,2975,0,1807,0,1459,63,1.330,1,2134,0,327.197,21.676,-139.938,-177.188,-236.813,-0.633,-1.430,-0.129,15.984,-14.641,-10.852,0.496,0.316,1.177,1.304,2,NULL,NULL,,3,0,2,7,255,948,250,0,0
stim,73457,103578,0,103578,3300894.454,-0.557,-0.070,0.175,0.809,3044,0,0,3021,0,1866,0,1543,63,1.330,1,2134,0,290.646,15.195,-33.875,-174.188,-230.188,0.625,-1.488,0.898,15.160,-1.031,-10.852,0.500,0.334,1.177,1.304,2,NULL,NULL,,3,0,2,7,255,948,250,0,0
stim,73457,103578,0,103578,3300899.455,-0.561,-0.066,0.169,0.807,3047,0,0,3056,0,1933,0,1595,63,1.330,1,2134,0,197.711,17.613,-39.688,-165.000,-101.438,1.246,-1.469,1.391,11.645,13.215,-6.039,0.504,0.366,1.177,1.304,2,NULL,NULL,,3,0,2,7,255,948,250,0,0
stim,73457,103578,0,103578,3300904.453,-0.561,-0.062,0.163,0.809,3066,0,0,3099,0,2007,0,1635,63,1.330,1,2134,0,185.026,23.143,-82.563,-162.313,32.750,1.262,-1.762,1.582,11.645,20.000,-3.105,0.522,0.412,1.177,1.304,2,NULL,NULL,,3,0,2,7,255,948,250,0,0
stim,73457,103578,0,103578,3300909.455,-0.556,-0.059,0.155,0.815,3091,0,0,3123,0,2105,0,1668,63,1.330,1,2134,0,253.644,23.478,-131.188,-150.313,156.625,0.625,-1.660,1.180,12.297,20.000,-3.023,0.546,0.460,1.177,1.304,2,NULL,NULL,,3,0,2,7,255,948,250,0,0
stim,73457,103578,0,103578,3300914.454,-0.549,-0.055,0.148,0.821,3091,0,0,3124,0,2183,10,1704,63,1.330,1,2134,0,277.669,19.042,-116.750,-148.688,203.375,-0.211,-0.820,0.535,12.297,14.539,-3.023,0.556,0.494,1.177,1.304,2,NULL,NULL,,3,0,2,7,255,948,250,0,0
stim,73488,103609,0,103609,3300919.455,-0.544,-0.050,0.143,0.825,3115,0,0,3153,0,2251,22,1755,63,1.330,1,2134,0,231.130,8.705,-54.750,-155.563,161.938,-0.934,-0.090,0.668,8.328,2.535,-3.023,0.548,0.504,1.177,1.304,2,NULL,NULL,,3,0,2,7,255,948,250,0,0
stim,73488,103609,0,103609,3300924.454,-0.543,-0.045,0.137,0.827,3113,0,0,3157,0,2358,35,1929,63,1.330,1,2134,0,176.964,6.084,-53.375,-161.125,50.063,-0.691,0.230,1.176,4.688,-3.879,-1.480,0.516,0.486,1.177,1.304,2,NULL,NULL,,3,0,2,7,255,948,250,0,0
stim,73488,103609,0,103609,3300929.455,-0.542,-0.040,0.131,0.829,3109,0,0,3164,215,2405,230,2089,63,1.330,1,2134,0,166.576,4.039,-53.500,-155.563,26.188,-0.020,0.172,1.141,1.125,-3.879,1.270,0.470,0.440,1.177,1.304,2,NULL,NULL,,3,0,2,7,255,948,250,0,0
stim,73488,103609,0,103609,3300934.454,-0.543,-0.037,0.128,0.829,3118,0,0,3162,509,2447,223,2206,63,1.330,1,2134,0,112.909,1.911,-26.563,-109.500,-7.250,0.293,-0.023,2.074,-0.063,1.910,3.129,0.414,0.368,1.177,1.304,2,NULL,NULL,,3,0,2,7,255,948,250,0,0
stim,73489,103610,0,103610,3300939.455,-0.544,-0.036,0.125,0.829,3130,0,0,3163,827,2474,218,2309,63,1.330,1,2134,0,76.308,7.536,-40.438,-64.313,-7.188,1.012,0.254,1.145,-1.031,7.465,1.270,0.362,0.290,1.177,1.304,2,NULL,NULL,,3,0,2,7,255,948,250,0,0
stim,73489,103610,0,103610,3300944.453,-0.542,-0.033,0.124,0.830,3111,0,0,3173,987,2495,267,2363,63,1.330,1,2134,0,79.230,9.492,11.813,-66.875,40.813,0.742,0.664,1.254,-5.863,7.465,1.680,0.324,0.228,1.177,1.304,2,NULL,NULL,,3,0,2,7,255,948,250,0,0
stim,73511,103632,0,103632,3300949.455,-0.542,-0.032,0.121,0.831,3126,0,0,3171,1149,2509,293,2409,63,1.330,1,2134,0,54.840,8.944,-34.125,-40.625,13.875,-0.281,0.059,1.996,-5.863,6.754,1.680,0.300,0.194,1.177,1.304,2,NULL,NULL,,3,0,2,7,255,948,250,0,0
stim,73511,103632,0,103632,3300954.453,-0.542,-0.033,0.117,0.832,3125,0,0,3177,1231,2526,304,2457,63,1.330,1,2134,0,107.314,3.727,-102.750,-30.813,3.063,0.219,-0.043,0.793,-0.246,3.719,1.680,0.284,0.180,1.177,1.304,2,NULL,NULL,,3,0,2,7,255,948,250,0,0
stim,73511,103632,0,103632,3300959.455,-0.542,-0.034,0.114,0.832,3119,0,0,3173,1316,2527,311,2474,63,1.330,1,2134,0,60.770,2.043,-53.250,-27.188,10.875,-0.273,0.016,0.809,1.191,1.660,-1.570,0.276,0.170,1.177,1.304,2,NULL,NULL,,3,0,2,7,255,948,250,0,0
stim,73511,103632,0,103632,3300964.454,-0.543,-0.033,0.114,0.831,3119,0,0,3175,1379,2535,313,2501,63,1.330,1,2134,0,40.005,0.416,-6.250,-23.438,-31.813,-0.082,0.227,0.957,-0.246,0.336,-1.570,0.278,0.158,1.177,1.304,2,NULL,NULL,,3,0,2,7,255,948,250,0,0
stim,73549,103670,0,103670,3300969.455,-0.544,-0.032,0.113,0.831,3125,0,0,3175,1447,2539,344,2513,63,1.330,1,2134,0,33.306,1.434,4.438,-17.875,-27.750,0.172,0.281,1.289,-1.395,0.336,-0.254,0.294,0.138,1.177,1.304,2,NULL,NULL,,3,0,2,7,255,948,250,0,0
stim,73549,103670,0,103670,3300974.454,-0.544,-0.033,0.111,0.831,3129,0,0,3175,1487,2547,345,2525,63,1.330,1,2134,0,46.962,2.754,-45.313,-10.563,-6.375,0.016,0.164,1.418,-1.395,2.375,2.563,0.312,0.116,1.177,1.304,2,NULL,NULL,,3,0,2,7,255,948,250,0,0
stim,73549,103670,0,103670,3300979.455,-0.544,-0.034,0.108,0.831,3123,18,0,3173,1540,2551,347,2535,63,1.330,1,2134,0,75.005,2.780,-74.563,-3.563,-7.313,-0.109,0.234,1.027,-1.445,2.375,2.563,0.330,0.098,1.177,1.304,2,NULL,NULL,,3,0,2,7,255,948,250,0,0
stim,73549,103670,0,103670,3300984.454,-0.545,-0.036,0.107,0.831,3125,35,0,3175,1572,2540,348,2539,63,1.330,1,2134,0,61.671,1.428,-53.313,0.375,-31.000,-0.168,0.250,0.930,-1.418,0.168,0.500,0.340,0.082,1.177,1.304,2,NULL,NULL,,3,0,2,7,255,948,250,0,0
stim,73549,103670,0,103670,3300989.455,-0.547,-0.036,0.105,0.830,3125,30,0,3179,1596,2548,356,2541,63,1.330,1,2134,0,61.465,1.455,-34.188,1.313,-51.063,-0.078,0.230,1.082,-1.445,0.168,0.500,0.348,0.072,1.177,1.304,2,NULL,NULL,,3,0,2,7,255,948,250,0,0
stim,73549,103670,0,103670,3300994.453,-0.549,-0.037,0.104,0.829,3131,44,0,3170,1619,2541,360,2541,63,1.330,1,2134,0,63.881,1.684,-40.000,4.938,-49.563,0.039,0.262,1.172,-1.598,0.531,0.930,0.354,0.066,1.177,1.304,2,NULL,NULL,,3,0,2,7,255,948,250,0,0
stim,73549,103670,0,103670,3300999.455,-0.550,-0.039,0.102,0.828,3129,39,0,3177,1631,2537,363,2543,63,1.330,1,2134,0,66.799,2.586,-55.813,7.750,-35.875,0.035,0.223,1.117,-2.012,1.625,1.078,0.360,0.058,1.177,1.304,2,NULL,NULL,,3,0,2,7,255,948,250,0,0
stim,73549,103670,0,103670,3301004.454,-0.551,-0.041,0.100,0.828,3125,56,0,3165,1647,2527,364,2539,63,1.330,1,2134,0,69.678,2.586,-63.000,10.438,-27.875,-0.035,0.098,1.000,-2.012,1.625,1.078,0.370,0.052,1.177,1.304,2,NULL,NULL,,3,0,2,7,255,948,250,0,0
stim,73572,103694,0,103694,3301009.455,-0.552,-0.043,0.098,0.827,3113,74,0,3179,1661,2523,367,2531,63,1.330,1,2134,0,61.956,1.386,-54.188,10.875,-28.000,-0.090,0.020,0.910,-0.688,1.203,-0.074,0.378,0.044,1.177,1.304,2,NULL,NULL,,3,0,2,7,255,948,250,0,0
stim,73572,103694,0,103694,3301014.454,-0.553,-0.044,0.097,0.827,3118,76,0,3175,1663,2519,367,2522,63,1.330,1,2134,0,49.802,0.883,-37.375,9.750,-31.438,-0.098,0.066,0.934,-0.262,0.844,-0.605,0.386,0.040,1.177,1.304,2,NULL,NULL,,3,0,2,7,255,948,250,0,0
stim,73572,103694,0,103694,3301019.455,-0.554,-0.045,0.096,0.826,3107,98,0,3173,1683,2517,360,2526,63,1.330,1,2134,0,43.867,0.831,-27.188,9.375,-33.125,-0.066,0.148,1.023,-0.262,0.789,-0.605,0.392,0.036,1.177,1.304,2,NULL,NULL,,3,0,2,7,255,948,250,0,0
stim,73572,103694,0,103694,3301024.454,-0.555,-0.046,0.095,0.825,3107,101,0,3171,1692,2515,362,2524,63,1.330,1,2134,0,41.152,1.410,-28.438,9.313,-28.250,-0.047,0.172,1.074,-1.168,0.789,0.246,0.400,0.032,1.177,1.304,2,NULL,NULL,,3,0,2,7,255,948,250,0,0
stim,73594,103715,0,103715,3301029.455,-0.555,-0.047,0.094,0.825,3109,100,0,3171,1706,2505,345,2507,63,1.330,1,2134,0,40.862,1.410,-35.000,8.750,-19.188,-0.082,0.129,1.051,-1.168,0.789,0.531,0.408,0.026,1.177,1.304,2,NULL,NULL,,3,0,2,7,255,948,250,0,0
stim,73594,103715,0,103715,3301034.454,-0.556,-0.048,0.092,0.825,3089,104,0,3161,1718,2491,341,2513,63,1.330,1,2134,0,40.687,1.245,-37.750,6.938,-13.500,-0.160,0.047,0.973,-0.988,0.758,0.531,0.418,0.020,1.177,1.304,2,NULL,NULL,,3,0,2,7,255,948,250,0,0
stim,73594,103715,0,103715,3301039.455,-0.556,-0.049,0.091,0.825,3099,99,0,3161,1723,2494,325,2520,63,1.330,1,2134,0,33.986,0.208,-31.250,4.188,-12.688,-0.195,-0.012,0.906,0.023,0.207,-0.133,0.424,0.016,1.177,1.304,2,NULL,NULL,,3,0,2,7,255,948,250,0,0
stim,73594,103715,0,103715,3301044.453,-0.557,-0.050,0.090,0.824,3087,93,0,3156,1733,2480,327,2513,63,1.330,1,2134,0,24.024,0.614,-20.313,0.625,-12.813,-0.191,-0.012,0.922,0.613,0.027,-0.613,0.430,0.012,1.177,1.304,2,NULL,NULL,,3,0,2,7,255,948,250,0,0
stim,73594,103715,0,103715,3301049.455,-0.557,-0.050,0.090,0.824,3061,93,0,3149,1751,2471,319,2525,63,1.330,1,2134,0,18.320,0.614,-14.188,-1.875,-11.438,-0.164,0.023,0.969,0.613,0.027,-0.613,0.434,0.008,1.177,1.304,2,NULL,NULL,,3,0,2,7,255,948,250,0,0
stim,73594,103715,0,103715,3301054.454,-0.557,-0.050,0.089,0.824,3053,91,0,3129,1757,2463,328,2523,63,1.330,1,2134,0,15.952,0.301,-13.500,-3.750,-7.625,-0.152,0.059,0.992,0.203,0.223,-0.180,0.438,0.004,1.177,1.304,2,NULL,NULL,,3,0,2,7,255,948,250,0,0
stim,73646,103767,0,103767,3301059.455,-0.557,-0.050,0.089,0.824,3043,87,17,3116,1771,2461,325,2527,63,1.347,1,2134,1,16.438,0.289,-14.750,-4.875,-5.375,-0.164,0.066,0.988,-0.184,0.223,0.023,0.000,0.000,1.198,1.320,2,NULL,NULL,,3,0,2,7,255,948,250,0,0
stim,73646,103767,0,103767,3301064.454,-0.558,-0.050,0.088,0.824,3018,83,40,3115,1787,2451,300,2539,63,1.347,1,2134,1,16.293,0.211,-13.688,-6.250,-6.250,-0.176,0.066,0.969,-0.191,0.090,0.023,0.004,0.002,1.198,1.320,2,NULL,NULL,,3,0,2,7,255,948,250,0,0
stim,73646,103767,0,103767,3301069.455,-0.558,-0.050,0.087,0.824,3013,93,71,3091,1816,2441,299,2537,63,1.347,1,2134,1,14.780,0.216,-9.313,-7.500,-8.688,-0.168,0.086,0.969,-0.207,-0.063,-0.141,0.008,0.004,1.198,1.320,2,NULL,NULL,,3,0,2,7,255,948,250,0,0
stim,73646,103767,0,103767,3301074.454,-0.558,-0.050,0.087,0.824,2991,97,107,3080,1835,2436,309,2547,63,1.347,1,2134,1,15.099,0.405,-6.188,-8.688,-10.688,-0.168,0.133,1.000,-0.398,-0.074,-0.141,0.010,0.006,1.198,1.320,2,NULL,NULL,,3,0,2,7,255,948,250,0,0
stim,73646,103767,0,103767,3301079.455,-0.559,-0.050,0.087,0.823,2967,125,159,3051,1881,2422,317,2555,63,1.347,1,2134,1,17.354,0.854,-6.750,-9.563,-12.813,-0.195,0.203,1.031,-0.832,-0.191,0.191,0.012,0.008,1.198,1.320,2,NULL,NULL,,3,0,2,7,255,948,250,0,0
stim,73646,103767,0,103767,3301084.453,-0.559,-0.050,0.086,0.823,2943,135,211,3044,1909,2423,337,2579,63,1.347,1,2134,1,24.114,1.508,-10.125,-9.688,-19.625,-0.230,0.266,1.055,-1.371,-0.629,0.566,0.014,0.010,1.198,1.320,2,NULL,NULL,,3,0,2,7,255,948,250,0,0
stim,73646,103767,0,103767,3301089.455,-0.561,-0.050,0.085,0.822,2922,137,311,3023,1949,2415,351,2585,63,1.347,1,2134,1,35.981,2.149,-15.438,-9.563,-31.063,-0.227,0.277,1.063,-1.828,-1.129,0.898,0.016,0.010,1.198,1.320,2,NULL,NULL,,3,0,2,7,255,948,250,0,0
stim,73646,103767,0,103767,3301094.454,-0.562,-0.050,0.085,0.821,2855,153,423,3013,1991,2413,403,2587,63,1.347,1,2134,1,46.538,2.149,-20.500,-8.938,-40.813,-0.168,0.219,1.039,-1.828,-1.129,0.898,0.014,0.010,1.198,1.320,2,NULL,NULL,,3,0,2,7,255,948,250,0,0
stim,73669,103790,0,103790,3301099.455,-0.563,-0.050,0.083,0.820,2869,169,549,2981,2037,2413,445,2601,63,1.347,1,2134,1,49.894,1.715,-24.875,-9.250,-42.250,-0.121,0.117,1.000,-1.648,-0.473,0.609,0.014,0.012,1.198,1.320,2,NULL,NULL,,3,0,2,7,255,948,250,0,0
stim,73669,103790,0,103790,3301104.453,-0.565,-0.051,0.082,0.820,2837,187,661,2956,2087,2413,491,2613,63,1.347,1,2134,1,48.618,0.935,-24.938,-9.563,-40.625,-0.109,0.023,0.953,-0.910,0.215,0.078,0.014,0.012,1.198,1.320,2,NULL,NULL,,3,0,2,7,255,948,250,0,0
stim,73669,103790,0,103790,3301109.455,-0.566,-0.051,0.081,0.819,2787,205,767,2931,2151,2410,549,2623,63,1.347,1,2134,1,44.182,0.424,-20.250,-10.813,-37.750,-0.125,0.008,0.918,-0.109,0.410,-0.438,0.014,0.012,1.198,1.320,2,NULL,NULL,,3,0,2,7,255,948,250,0,0
stim,73669,103790,0,103790,3301114.454,-0.568,-0.051,0.080,0.818,2751,231,927,2905,2221,2409,612,2641,63,1.347,1,2134,1,40.762,0.424,-12.563,-12.188,-36.813,-0.160,0.051,0.922,-0.109,0.410,-0.641,0.014,0.012,1.198,1.320,2,NULL,NULL,,3,0,2,7,255,948,250,0,0
stim,73669,103790,0,103790,3301119.455,-0.569,-0.050,0.079,0.817,2703,245,1111,2877,2287,2413,699,2658,63,1.347,1,2134,1,42.971,0.225,-7.938,-14.438,-39.688,-0.215,0.137,0.969,-0.215,-0.066,-0.641,0.014,0.014,1.198,1.320,2,NULL,NULL,,3,0,2,7,255,948,250,0,0
stim,73669,103790,0,103790,3301124.454,-0.571,-0.050,0.079,0.816,2638,249,1241,2861,2344,2413,775,2675,63,1.347,1,2134,1,53.712,1.130,-10.313,-16.313,-50.125,-0.250,0.234,1.031,-0.820,-0.777,-0.063,0.016,0.014,1.198,1.320,2,NULL,NULL,,3,0,2,7,255,948,250,0,0
stim,73690,103811,0,103811,3301129.455,-0.573,-0.050,0.078,0.814,2580,265,1415,2831,2401,2419,941,2681,63,1.347,1,2134,1,70.699,2.047,-18.438,-17.625,-65.938,-0.238,0.258,1.082,-1.633,-1.234,0.641,0.020,0.016,1.198,1.320,2,NULL,NULL,,3,0,2,7,255,948,250,0,0
stim,73690,103811,0,103811,3301134.453,-0.576,-0.050,0.076,0.812,2515,287,1567,2807,2455,2423,1097,2698,63,1.347,1,2134,1,90.089,2.047,-35.750,-18.375,-80.625,-0.207,0.195,1.133,-1.633,-1.234,1.137,0.024,0.018,1.198,1.320,2,NULL,NULL,,3,0,2,7,255,948,250,0,0
stim,73690,103811,0,103811,3301139.455,-0.579,-0.051,0.073,0.810,2443,313,1735,2781,2509,2427,1255,2725,63,1.347,1,2134,1,110.935,1.621,-60.125,-18.500,-91.375,-0.176,0.086,1.137,-1.484,-0.652,1.480,0.030,0.020,1.198,1.320,2,NULL,NULL,,3,0,2,7,255,948,250,0,0
stim,73690,103811,0,103811,3301144.454,-0.582,-0.053,0.069,0.808,2379,343,1864,2759,2575,2443,1392,2730,63,1.347,1,2134,0,120.082,0.654,-74.938,-18.125,-92.063,-0.102,0.008,0.996,-0.652,-0.051,1.480,0.036,0.026,1.198,1.320,2,NULL,NULL,,3,0,2,7,255,948,250,0,0
stim,73713,103834,0,103834,3301149.455,-0.585,-0.054,0.066,0.806,2277,348,1995,2712,2603,2441,1543,2745,63,1.347,1,2134,0,116.022,0.619,-75.000,-19.375,-86.375,-0.086,-0.098,0.945,-0.188,0.590,-0.035,0.044,0.030,1.198,1.320,2,NULL,NULL,,3,0,2,7,255,948,250,0,0
stim,73713,103834,0,103834,3301154.453,-0.588,-0.056,0.062,0.805,2167,359,2154,2665,2643,2442,1687,2759,63,1.347,1,2134,0,116.119,0.947,-79.313,-20.438,-82.313,-0.152,-0.168,1.027,0.711,0.625,-0.035,0.052,0.038,1.198,1.320,2,NULL,NULL,,3,0,2,7,255,948,250,0,0
stim,73713,103834,0,103834,3301159.455,-0.591,-0.058,0.058,0.803,2065,359,2268,2617,2683,2444,1799,2777,63,1.347,1,2134,0,129.079,1.454,-91.063,-21.938,-88.813,-0.211,-0.145,1.035,1.313,0.625,0.371,0.060,0.046,1.198,1.320,2,NULL,NULL,,3,0,2,7,255,948,250,0,0
stim,73713,103834,0,103834,3301164.454,-0.594,-0.059,0.054,0.801,1933,358,2385,2569,2714,2445,1917,2792,63,1.347,1,2134,0,133.561,1.313,-92.813,-23.250,-93.188,-0.160,-0.074,0.926,1.313,0.020,0.371,0.070,0.056,1.198,1.320,2,NULL,NULL,,3,0,2,7,255,948,250,0,0
stim,73752,103873,0,103873,3301169.455,-0.597,-0.061,0.050,0.798,1816,359,2487,2508,2742,2446,2013,2809,63,1.347,1,2134,0,131.403,0.504,-85.875,-26.688,-95.813,-0.141,-0.047,0.906,0.504,0.020,-0.578,0.080,0.064,1.198,1.320,2,NULL,NULL,,3,0,2,7,255,948,250,0,0
stim,73752,103873,0,103873,3301174.454,-0.600,-0.062,0.046,0.796,1641,356,2556,2423,2771,2444,2133,2827,63,1.347,1,2134,0,119.039,0.156,-69.938,-28.750,-91.938,-0.098,-0.059,0.902,0.152,0.031,-0.805,0.086,0.072,1.198,1.320,2,NULL,NULL,,3,0,2,7,255,948,250,0,0
stim,73752,103873,0,103873,3301179.455,-0.603,-0.062,0.043,0.794,1451,329,2617,2316,2799,2441,2232,2844,63,1.347,1,2134,0,104.154,0.439,-57.000,-32.063,-81.063,-0.063,-0.059,0.941,0.066,0.434,-0.805,0.090,0.076,1.198,1.320,2,NULL,NULL,,3,0,2,7,255,948,250,0,0
stim,73752,103873,0,103873,3301184.454,-0.605,-0.062,0.040,0.793,1246,313,2665,2207,2828,2439,2311,2860,63,1.347,1,2134,0,92.052,0.508,-47.438,-34.125,-71.125,-0.098,-0.074,0.992,0.066,0.504,-0.590,0.092,0.078,1.198,1.320,2,NULL,NULL,,3,0,2,7,255,948,250,0,0
stim,73752,103873,0,103873,3301189.455,-0.607,-0.062,0.037,0.791,1077,282,2713,2099,2847,2430,2399,2872,63,1.347,1,2134,0,85.607,0.513,-43.750,-37.813,-63.125,-0.102,-0.094,1.039,0.070,0.508,-0.023,0.094,0.078,1.198,1.320,2,NULL,NULL,,3,0,2,7,255,948,250,0,0
stim,73752,103873,0,103873,3301194.453,-0.609,-0.062,0.034,0.790,867,238,2751,1929,2868,2427,2469,2879,63,1.347,1,2134,0,82.811,0.513,-42.375,-38.625,-59.750,-0.074,-0.074,1.055,0.070,0.508,0.426,0.092,0.080,1.198,1.320,2,NULL,NULL,,3,0,2,7,255,948,250,0,0
stim,73752,103873,0,103873,3301199.455,-0.611,-0.061,0.032,0.789,589,219,2807,1675,2891,2419,2525,2894,63,1.347,1,2134,0,78.820,0.634,-40.188,-40.000,-54.750,-0.078,-0.078,1.051,-0.082,0.629,0.512,0.092,0.080,1.198,1.320,2,NULL,NULL,,3,0,2,7,255,948,250,0,0
stim,73752,103873,0,103873,3301204.454,-0.612,-0.061,0.029,0.788,389,165,2825,1443,2909,2408,2579,2905,63,1.347,1,2134,0,72.669,0.713,-36.438,-43.063,-45.813,-0.035,-0.020,1.055,-0.090,0.707,0.512,0.092,0.080,1.198,1.320,2,NULL,NULL,,3,0,2,7,255,948,250,0,0
stim,73773,103894,0,103894,3301209.455,-0.614,-0.060,0.027,0.787,206,123,2853,1172,2924,2393,2629,2916,63,1.347,1,2134,0,69.478,1.017,-34.438,-43.688,-41.625,-0.039,-0.008,1.039,-0.750,0.688,0.465,0.094,0.080,1.198,1.320,2,NULL,NULL,,3,0,2,7,255,948,250,0,0
stim,73773,103894,0,103894,3301214.454,-0.615,-0.059,0.024,0.786,70,71,2875,903,2941,2379,2666,2925,63,1.347,1,2134,0,62.558,1.101,-27.500,-49.813,-26.000,-0.055,0.066,1.074,-0.859,0.688,0.465,0.094,0.082,1.198,1.320,2,NULL,NULL,,3,0,2,7,255,948,250,0,0
stim,73773,103894,0,103894,3301219.455,-0.615,-0.058,0.022,0.786,12,35,2895,657,2959,2354,2707,2935,63,1.347,1,2134,0,63.981,1.596,-27.063,-51.500,-26.625,-0.043,0.137,1.074,-1.555,0.359,0.590,0.096,0.082,1.198,1.320,2,NULL,NULL,,3,0,2,7,255,948,250,0,0
stim,73773,103894,0,103894,3301224.454,-0.617,-0.056,0.020,0.785,0,21,2911,444,2973,2322,2745,2941,63,1.347,1,2134,0,69.318,2.155,-28.813,-52.688,-34.625,-0.020,0.117,1.031,-2.125,0.359,0.590,0.096,0.080,1.198,1.320,2,NULL,NULL,,3,0,2,7,255,948,250,0,0
stim,73773,103894,0,103894,3301229.455,-0.617,-0.054,0.018,0.785,0,0,2967,345,2985,2299,2777,2956,63,1.347,1,2134,0,62.311,2.140,1.438,-60.188,-16.063,-0.129,0.027,1.113,-2.125,0.250,0.590,0.098,0.078,1.198,1.320,2,NULL,NULL,,3,0,2,7,255,948,250,0,0
stim,73773,103894,0,103894,3301234.453,-0.617,-0.050,0.018,0.785,0,0,2939,331,2999,2285,2811,2967,63,1.347,1,2134,0,90.911,1.153,52.000,-72.875,15.813,-0.379,-0.031,1.547,-1.090,-0.375,1.125,0.100,0.078,1.198,1.320,2,NULL,NULL,,3,0,2,7,255,948,250,0,0
stim,73803,103924,0,103924,3301239.455,-0.616,-0.047,0.017,0.786,0,0,2953,287,3007,2259,2837,2963,63,1.347,1,2134,0,95.348,2.329,34.500,-84.688,27.000,-0.477,-0.109,1.867,-0.246,-2.316,5.645,0.104,0.078,1.198,1.320,2,NULL,NULL,,3,0,2,7,255,948,250,0,0
stim,73803,103924,0,103924,3301244.453,-0.616,-0.045,0.013,0.787,0,0,2965,229,3017,2220,2860,2968,63,1.347,1,2134,0,99.461,2.383,-50.813,-85.500,-0.563,-0.375,-0.352,1.617,0.559,-2.316,6.500,0.110,0.080,1.198,1.320,2,NULL,NULL,,3,0,2,7,255,948,250,0,0
stim,73803,103924,0,103924,3301249.455,-0.616,-0.045,0.008,0.786,0,0,2969,133,3029,2167,2885,2969,63,1.347,1,2134,0,127.385,3.232,-91.813,-86.875,-15.813,-0.184,-0.430,1.098,2.766,-1.672,6.500,0.116,0.082,1.198,1.320,2,NULL,NULL,,3,0,2,7,255,948,250,0,0
stim,73803,103924,0,103924,3301254.454,-0.616,-0.043,0.003,0.787,0,0,2971,72,3035,2093,2901,2973,63,1.347,1,2134,0,108.140,2.816,-50.625,-95.438,4.813,-0.168,-0.285,0.867,2.766,-0.531,1.324,0.124,0.086,1.198,1.320,2,NULL,NULL,,3,0,2,7,255,948,250,0,0
stim,73803,103924,0,103924,3301259.455,-0.615,-0.040,0.001,0.788,0,0,2975,11,3046,1997,2917,2975,63,1.347,1,2134,0,106.910,2.251,10.000,-105.125,16.688,-0.273,-0.004,1.008,2.188,-0.531,0.195,0.130,0.092,1.198,1.320,3,NULL,NULL,,3,0,2,7,255,948,250,0,0
stim,73803,103924,0,103924,3301264.453,-0.615,-0.035,-0.001,0.788,0,0,2986,0,3062,1899,2933,2979,63,1.347,1,2134,0,119.317,2.247,37.438,-113.250,3.063,-0.367,0.160,1.316,-0.305,-2.227,0.195,0.132,0.096,1.198,1.320,3,NULL,NULL,,3,0,2,7,255,948,250,0,0
stim,73848,103969,0,103969,3301269.455,-0.615,-0.030,-0.003,0.788,0,0,2987,0,3056,1770,2953,2973,63,1.347,1,2134,0,125.547,3.584,31.188,-121.250,-9.375,-0.324,0.137,1.559,-1.836,-3.078,3.117,0.130,0.098,1.198,1.320,3,NULL,NULL,,3,0,2,7,255,948,250,0,0
stim,73848,103969,0,103969,3301274.454,-0.615,-0.025,-0.006,0.788,0,0,2984,0,3079,1639,2973,2973,63,1.347,1,2134,0,128.242,3.584,6.500,-127.875,-7.188,-0.238,0.031,1.590,-1.836,-3.078,5.445,0.122,0.096,1.198,1.320,3,NULL,NULL,,3,0,2,7,255,948,250,0,0
stim,73848,103969,0,103969,3301279.455,-0.615,-0.021,-0.010,0.788,0,0,2969,0,3083,1479,2975,2975,63,1.347,1,2134,0,135.934,2.391,-22.875,-133.938,3.938,-0.191,-0.082,1.465,-1.000,-2.172,5.445,0.114,0.096,1.198,1.320,3,NULL,NULL,,3,0,2,7,255,948,250,0,0
stim,73848,103969,0,103969,3301284.453,-0.614,-0.018,-0.015,0.789,0,0,2968,0,3089,1257,2999,2957,63,1.347,1,2134,0,146.059,1.852,-36.938,-140.438,15.688,-0.215,-0.152,1.293,0.031,-1.852,4.594,0.108,0.096,1.198,1.320,3,NULL,NULL,,3,0,2,7,255,948,250,0,0
stim,73848,103969,0,103969,3301289.455,-0.613,-0.014,-0.020,0.790,0,0,2956,0,3083,1060,3004,2944,63,1.347,1,2134,0,151.941,2.051,-30.188,-147.563,20.000,-0.277,-0.203,1.152,0.883,-1.852,2.941,0.104,0.102,1.198,1.320,3,NULL,NULL,,3,0,2,7,255,948,250,0,0
stim,73848,103969,0,103969,3301294.454,-0.612,-0.009,-0.024,0.790,0,0,2935,0,3097,815,3015,2939,63,1.347,1,2134,0,157.331,2.963,-13.688,-156.125,13.813,-0.289,-0.262,1.102,1.645,-2.465,1.598,0.104,0.110,1.198,1.320,3,NULL,NULL,,3,0,2,7,255,948,250,0,0
stim,73848,103969,0,103969,3301299.455,-0.611,-0.003,-0.029,0.791,0,0,2911,0,3091,575,3019,2925,63,1.347,1,2134,0,163.016,3.364,-0.500,-162.813,8.125,-0.270,-0.309,1.121,2.289,-2.465,1.293,0.106,0.120,1.198,1.320,3,NULL,NULL,,3,0,2,7,255,948,250,0,0
stim,73848,103969,0,103969,3301304.453,-0.611,0.003,-0.033,0.791,0,0,2887,0,3101,415,3033,2903,63,1.347,1,2134,0,171.007,3.638,7.625,-170.813,2.875,-0.238,-0.328,1.113,2.719,-2.418,1.191,0.108,0.130,1.198,1.320,3,NULL,NULL,,3,0,2,7,255,948,250,0,0
stim,73872,103993,0,103993,3301309.455,-0.610,0.010,-0.037,0.791,0,0,2867,0,3101,221,3049,2885,63,1.347,1,2134,0,178.846,3.490,16.313,-178.063,3.688,-0.203,-0.297,1.105,2.719,-2.188,1.191,0.112,0.140,1.198,1.320,3,NULL,NULL,,3,0,2,7,255,948,250,0,0
stim,73872,103993,0,103993,3301314.454,-0.610,0.016,-0.041,0.791,0,0,2824,0,3097,111,3061,2857,63,1.347,1,2134,0,188.593,3.387,30.000,-186.063,6.938,-0.180,-0.180,1.141,2.586,-2.188,1.191,0.118,0.152,1.198,1.320,3,NULL,NULL,,3,0,2,7,255,948,250,0,0
stim,73872,103993,0,103993,3301319.455,-0.609,0.024,-0.045,0.792,0,0,2775,0,3108,43,3065,2827,63,1.347,1,2134,0,197.608,2.757,37.938,-193.875,4.688,-0.156,-0.008,1.199,1.465,-2.336,1.309,0.124,0.166,1.198,1.320,3,NULL,NULL,,3,0,2,7,255,948,250,0,0
stim,73872,103993,0,103993,3301324.454,-0.608,0.032,-0.049,0.792,0,0,2717,0,3097,0,3065,2781,63,1.347,1,2134,0,207.740,2.791,45.438,-202.625,5.875,-0.121,0.160,1.270,-0.184,-2.785,1.730,0.130,0.178,1.198,1.320,3,NULL,NULL,,3,0,2,7,255,948,250,0,0
stim,73894,104015,0,104015,3301329.455,-0.607,0.041,-0.052,0.792,0,0,2643,0,3090,0,3076,2731,63,1.347,1,2134,0,221.352,3.600,61.563,-212.375,10.188,-0.105,0.293,1.480,-1.781,-3.129,2.305,0.136,0.192,1.198,1.320,3,NULL,NULL,,3,0,2,7,255,948,250,0,0
stim,73894,104015,0,104015,3301334.454,-0.606,0.050,-0.055,0.792,0,0,2551,0,3083,3,3063,2671,63,1.347,1,2134,0,227.999,4.837,67.250,-217.500,12.438,-0.078,0.398,1.914,-2.992,-3.801,4.250,0.142,0.206,1.198,1.320,3,NULL,NULL,,3,0,2,7,255,948,250,0,0
stim,73894,104015,0,104015,3301339.455,-0.604,0.059,-0.060,0.793,0,0,2425,0,3063,2,3081,2612,63,1.347,1,2134,0,234.071,5.597,50.813,-226.625,29.125,-0.227,0.277,2.273,-2.992,-4.730,8.371,0.148,0.220,1.198,1.320,3,NULL,NULL,,3,0,2,7,255,948,250,0,0
stim,73894,104015,0,104015,3301344.453,-0.601,0.068,-0.065,0.794,0,0,2295,0,3059,9,3064,2540,63,1.347,1,2134,0,256.101,7.126,27.063,-247.813,58.688,-0.520,0.121,2.648,-2.297,-6.746,11.629,0.156,0.236,1.198,1.320,3,NULL,NULL,,3,0,2,7,255,948,250,0,0
stim,73894,104015,0,104015,3301349.455,-0.597,0.077,-0.074,0.795,0,0,2131,0,3036,61,3063,2439,63,1.347,1,2134,0,289.020,10.231,-17.625,-278.563,75.000,-0.855,0.227,2.926,0.141,-10.230,14.656,0.166,0.254,1.198,1.320,3,NULL,NULL,,3,0,2,7,255,948,250,0,0
stim,73894,104015,0,104015,3301354.453,-0.594,0.086,-0.084,0.796,0,0,1944,0,3003,75,3059,2287,63,1.347,1,2134,0,321.137,14.774,-58.625,-310.250,58.625,-1.063,0.641,2.965,0.141,-14.773,15.543,0.180,0.272,1.198,1.320,3,NULL,NULL,,3,0,2,7,255,948,250,0,0
stim,73946,104067,0,104067,3301359.455,-0.591,0.096,-0.096,0.795,0,0,1807,0,2983,75,3037,2138,63,1.347,1,2134,0,352.828,18.809,-80.250,-342.438,28.000,-1.090,1.137,2.977,-2.988,-18.570,15.543,0.198,0.290,1.198,1.320,3,NULL,NULL,,3,0,2,7,255,948,250,0,0
stim,73946,104067,0,104067,3301364.454,-0.589,0.106,-0.109,0.793,0,0,1659,0,2941,85,3001,1975,63,1.347,1,2134,0,389.471,22.270,-104.375,-375.188,5.313,-0.996,1.430,3.148,-7.500,-20.969,15.543,0.218,0.312,1.198,1.320,3,NULL,NULL,,3,0,2,7,255,948,250,0,0
stim,73946,104067,0,104067,3301369.455,-0.588,0.116,-0.124,0.791,0,0,1503,0,2901,89,2981,1824,63,1.347,1,2134,0,428.743,24.545,-146.813,-402.750,-7.688,-0.883,1.438,3.160,-10.488,-22.191,15.188,0.242,0.338,1.198,1.320,3,NULL,NULL,,3,0,2,7,255,948,250,0,0
stim,73946,104067,0,104067,3301374.454,-0.586,0.126,-0.142,0.788,0,0,1391,0,2843,91,2927,1726,63,1.347,1,2134,0,466.771,24.545,-185.000,-428.438,-9.563,-0.820,1.219,3.074,-10.488,-22.191,15.188,0.276,0.372,1.198,1.320,3,NULL,NULL,,3,0,2,7,255,948,250,0,0
stim,73946,104067,0,104067,3301379.455,-0.584,0.136,-0.161,0.784,0,0,1255,0,2771,83,2861,1575,63,1.347,1,2134,0,504.703,23.621,-217.313,-455.500,-4.438,-0.805,0.801,2.801,-9.250,-21.734,13.930,0.322,0.418,1.198,1.320,3,NULL,NULL,,3,0,2,7,255,948,250,0,0
stim,73946,104067,0,104067,3301384.454,-0.581,0.147,-0.180,0.780,0,0,1120,0,2673,72,2796,1420,63,1.347,1,2134,0,521.866,21.171,-205.125,-479.813,6.938,-0.887,0.617,2.539,-5.555,-20.430,11.000,0.382,0.480,1.198,1.320,3,NULL,NULL,,3,0,2,7,255,948,250,0,0
stim,73946,104067,0,104067,3301389.455,-0.578,0.159,-0.199,0.775,0,0,919,0,2539,61,2669,1267,63,1.347,1,2134,0,524.638,20.787,-173.563,-495.063,-5.813,-0.992,0.656,2.648,-3.836,-20.430,7.664,0.460,0.556,1.198,1.320,3,NULL,NULL,,3,0,2,7,255,948,250,0,0
stim,73946,104067,0,104067,3301394.453,-0.575,0.173,-0.216,0.770,0,0,779,0,2379,12,2523,1070,63,1.347,1,2134,0,525.016,22.960,-136.125,-506.375,-26.375,-0.980,0.434,3.043,-3.699,-22.660,7.664,0.550,0.648,1.198,1.320,3,NULL,NULL,,3,0,2,7,255,948,250,0,0
stim,73974,104095,0,104095,3301399.455,-0.571,0.187,-0.234,0.765,0,0,583,0,2145,0,2347,934,63,1.347,1,2134,0,540.870,24.949,-135.250,-523.125,-24.250,-0.984,0.102,3.426,-1.813,-24.883,9.711,0.652,0.748,1.198,1.320,3,NULL,NULL,,3,0,2,7,255,948,250,0,0
stim,73974,104095,0,104095,3301404.454,-0.566,0.200,-0.254,0.759,0,0,391,0,1859,0,2117,775,63,1.347,1,2134,0,579.706,26.580,-209.500,-540.313,15.188,-1.020,-0.227,3.195,1.320,-26.547,9.711,0.760,0.856,1.198,1.320,3,NULL,NULL,,3,0,2,7,255,948,250,0,0
stim,73974,104095,0,104095,3301409.455,-0.560,0.211,-0.276,0.752,0,0,236,0,1497,0,1799,611,63,1.347,1,2134,0,606.451,26.910,-257.625,-548.625,20.563,-0.906,-0.406,2.355,4.406,-26.547,9.332,0.874,0.968,1.198,1.320,3,NULL,NULL,,3,0,2,7,255,948,250,0,0
stim,73974,104095,0,104095,3301414.454,-0.554,0.224,-0.297,0.745,0,0,149,0,1151,0,1383,509,63,1.347,1,2134,0,598.535,21.676,-201.313,-562.875,29.813,-0.855,-0.477,1.672,5.727,-20.906,2.801,0.988,1.084,1.198,1.320,3,NULL,NULL,,3,0,2,7,255,948,250,0,0
stim,73974,104095,0,104095,3301419.455,-0.545,0.240,-0.315,0.740,0,0,105,0,800,0,764,445,63,1.347,1,2134,0,591.303,18.105,-91.500,-581.563,55.250,-0.844,-0.207,1.680,5.727,-17.176,-2.594,1.102,1.200,1.198,1.320,3,NULL,NULL,,3,0,2,7,255,948,250,0,0
stim,73974,104095,0,104095,3301424.454,-0.533,0.258,-0.329,0.736,0,0,85,0,345,0,211,395,63,1.347,1,2134,0,603.759,17.625,11.500,-597.438,86.375,-1.207,0.051,2.254,3.953,-17.176,-3.898,1.216,1.316,1.198,1.320,3,NULL,NULL,,3,0,2,7,255,948,250,0,0
stim,73975,104096,0,104096,3301429.455,-0.520,0.274,-0.345,0.732,0,0,27,0,0,0,0,396,63,1.347,1,2134,0,611.675,24.519,-20.500,-597.063,131.313,-1.480,0.676,2.363,2.930,-24.344,-4.305,1.332,1.432,1.198,1.320,3,NULL,NULL,,3,0,2,7,255,948,250,0,0
stim,73975,104096,0,104096,3301434.454,-0.511,0.286,-0.364,0.724,0,0,23,0,0,0,0,355,63,1.347,1,2134,0,576.291,24.397,-176.938,-545.938,52.500,-1.008,1.426,1.980,-1.613,-24.344,-8.402,1.446,1.552,1.198,1.320,3,NULL,NULL,,3,0,2,7,255,948,250,0,0
stim,74011,104132,0,104132,3301439.455,-0.506,0.295,-0.384,0.714,0,0,19,31,0,0,0,353,63,1.347,1,2134,0,553.599,25.968,-276.750,-479.438,-4.563,-0.402,1.855,1.445,-10.020,-23.957,-10.156,1.560,1.668,1.198,1.320,4,NULL,NULL,,3,0,2,7,255,948,250,0,0
stim,74011,104132,1,104132,3301444.453,-0.502,0.297,-0.406,0.704,0,0,11,0,0,0,0,203,63,1.347,1,2134,0,571.659,21.265,-400.125,-401.063,76.438,-0.492,1.492,1.066,-12.629,-17.109,-10.422,1.666,1.778,1.198,1.320,4,NULL,NULL,,3,1,2,7,255,948,250,0,0
stim,74011,104132,1,104132,3301449.455,-0.495,0.289,-0.433,0.696,0,0,16,0,0,0,0,119,63,1.347,1,2134,0,684.261,18.475,-551.688,-300.688,271.000,-1.285,1.543,-0.469,-12.629,-13.484,-12.926,1.772,1.886,1.198,1.320,0,NULL,NULL,,3,1,2,7,255,948,250,0,0
stim,74011,104132,1,104132,3301454.454,-0.492,0.278,-0.453,0.689,0,0,11,0,0,0,0,38,63,1.347,1,2134,0,545.562,10.191,-488.250,-146.688,194.250,-0.859,1.313,-2.031,-9.691,-3.152,-27.332,1.880,1.998,1.198,1.320,0,NULL,NULL,,3,1,2,7,255,948,250,0,0
stim,74011,104133,1,104133,3301459.455,-0.493,0.279,-0.454,0.687,0,0,8,0,0,0,0,28,63,1.347,1,2134,0,54.719,11.704,-38.938,-18.750,-33.563,-0.926,-0.410,-1.457,-7.160,9.258,-27.332,1.992,2.114,1.198,1.320,0,NULL,NULL,,3,1,2,7,255,948,250,0,0
stim,74011,104133,1,104133,3301464.453,-0.494,0.284,-0.444,0.692,0,0,3,0,0,0,0,24,63,1.347,1,2134,0,280.694,12.400,264.375,56.938,-75.188,-1.000,-1.539,1.043,8.250,9.258,-21.938,2.106,2.228,1.198,1.320,0,NULL,NULL,,3,1,2,7,255,948,250,0,0
stim,74053,104174,1,104174,3301469.455,-0.495,0.284,-0.437,0.695,0,0,3,0,0,0,0,17,63,1.347,1,2134,0,193.428,16.120,136.438,134.438,-26.938,-1.262,-0.887,2.555,10.672,-12.082,-8.289,2.212,2.334,1.198,1.320,0,NULL,NULL,,3,1,2,7,255,948,250,0,0
stim,74053,104174,1,104174,3301474.454,-0.501,0.275,-0.435,0.696,0,0,5,0,0,0,0,0,63,1.347,1,2134,0,237.810,26.248,-109.813,210.938,0.250,-1.340,0.797,1.980,10.672,-23.980,-8.289,2.304,2.424,1.198,1.320,0,NULL,NULL,,3,1,2,7,255,948,250,0,0
stim,74053,104174,1,104174,3301479.455,-0.508,0.263,-0.436,0.695,0,0,3,0,0,0,0,0,63,1.347,1,2134,0,324.138,24.391,-192.313,260.000,21.938,-1.387,2.023,0.805,-4.457,-23.980,-14.328,2.368,2.488,1.198,1.320,0,NULL,NULL,,3,1,2,7,255,948,250,0,0
stim,74053,104174,1,104174,3301484.453,-0.514,0.252,-0.433,0.697,0,0,5,0,0,0,0,0,63,1.347,1,2134,0,296.422,21.032,-117.563,270.688,27.813,-1.453,2.105,0.320,-14.730,-15.012,-24.066,2.402,2.522,1.198,1.320,0,NULL,NULL,,3,1,2,7,255,948,250,0,0
stim,74053,104174,1,104174,3301489.455,-0.519,0.243,-0.428,0.699,0,0,3,0,0,0,0,0,63,1.347,1,2134,0,274.048,19.518,-31.625,272.188,-4.000,-1.445,1.141,0.555,-14.730,-12.805,-24.066,2.414,2.538,1.198,1.320,0,NULL,NULL,,3,1,2,7,255,948,250,0,0
stim,74053,104174,1,104174,3301494.453,-0.526,0.234,-0.423,0.700,0,0,1,0,0,0,0,0,63,1.347,1,2134,0,279.353,14.307,-39.188,275.000,-29.625,-1.227,0.156,0.820,-6.383,-12.805,-22.211,2.432,2.558,1.198,1.320,0,NULL,NULL,,3,1,2,7,255,948,250,0,0
stim,74053,104174,1,104174,3301499.455,-0.533,0.224,-0.419,0.700,0,0,1,0,0,0,0,0,63,1.347,1,2134,0,296.311,12.878,-97.938,278.938,-20.063,-0.926,-0.059,0.523,1.371,-12.805,-15.445,2.474,2.604,1.198,1.320,0,NULL,NULL,,3,1,2,7,255,948,250,0,0
stim,74053,104174,1,104174,3301504.454,-0.539,0.213,-0.416,0.701,0,0,0,0,0,0,0,0,63,1.347,1,2134,0,301.656,9.459,-113.500,279.438,5.375,-0.734,0.242,-0.113,1.371,-9.359,-15.445,2.546,2.678,1.198,1.320,0,NULL,NULL,,3,1,2,7,255,948,250,0,0
stim,74074,104195,1,104195,3301509.455,-0.545,0.202,-0.411,0.702,0,0,0,0,0,0,0,0,63,1.347,1,2134,0,291.284,3.447,-68.000,282.063,25.750,-0.676,0.609,-0.473,0.258,-3.438,-16.703,2.630,2.764,1.198,1.320,0,NULL,NULL,,3,1,2,7,255,948,250,0,0
stim,74074,104195,1,104195,3301514.454,-0.549,0.193,-0.405,0.706,0,0,0,0,0,0,0,0,63,1.347,1,2134,0,293.051,2.242,-7.563,290.438,38.313,-0.512,0.531,-0.570,-2.168,-0.570,-18.648,2.716,2.850,1.198,1.320,0,NULL,NULL,,3,1,2,7,255,948,250,0,0
stim,74074,104195,1,104195,3301519.455,-0.552,0.184,-0.397,0.710,0,0,0,0,0,0,0,0,63,1.347,1,2134,0,306.456,2.168,52.688,294.563,66.125,-0.582,0.359,-0.520,-2.168,0.016,-18.648,2.800,2.934,1.198,1.320,0,NULL,NULL,,3,1,2,7,255,948,250,0,0
stim,74074,104195,1,104195,3301524.454,-0.555,0.176,-0.387,0.715,0,0,0,0,0,0,0,0,63,1.347,1,2134,0,324.486,0.449,92.000,305.563,58.813,-0.688,0.297,-0.223,-0.449,0.016,-18.246,2.876,3.012,1.198,1.320,0,NULL,NULL,,3,1,2,7,255,948,250,0,0
stim,74074,104195,1,104195,3301529.455,-0.558,0.167,-0.376,0.721,0,0,0,0,0,0,0,0,63,1.347,1,2134,0,342.921,2.964,113.563,316.625,66.688,-0.527,0.152,-0.102,-0.145,-2.961,-16.852,2.946,3.084,1.198,1.320,0,NULL,NULL,,3,1,2,7,255,948,250,0,0
stim,74074,104195,1,104195,3301534.453,-0.560,0.160,-0.364,0.727,0,0,0,0,0,0,0,0,63,1.347,1,2134,0,357.783,3.050,136.750,322.500,72.813,-0.637,0.359,0.156,-0.145,-3.047,-14.426,3.004,3.142,1.198,1.320,0,NULL,NULL,,3,1,2,7,255,948,250,0,0
stim,74107,104229,1,104229,3301539.455,-0.562,0.152,-0.351,0.733,0,0,0,0,0,0,0,0,63,1.347,1,2134,0,375.034,5.966,158.813,331.438,74.688,-0.570,0.281,0.293,-1.426,-5.793,-14.082,3.048,3.188,1.198,1.320,0,NULL,NULL,,3,1,2,7,255,948,250,0,0
stim,74107,104229,1,104229,3301544.454,-0.564,0.144,-0.338,0.740,0,0,0,0,0,0,0,0,63,1.347,1,2134,0,383.542,6.530,166.875,338.688,67.438,-0.578,0.422,0.570,-1.656,-6.316,-12.273,3.078,3.220,1.198,1.320,0,NULL,NULL,,3,1,2,7,255,948,250,0,0
stim,74107,104229,1,104229,3301549.455,-0.566,0.136,-0.324,0.745,0,0,0,0,0,0,0,0,63,1.347,1,2134,0,387.813,9.021,162.938,346.125,63.625,-0.504,0.406,0.758,-3.203,-8.434,-10.660,3.098,3.240,1.198,1.320,0,NULL,NULL,,3,1,2,7,255,948,250,0,0
stim,74108,104229,1,104229,3301554.453,-0.569,0.128,-0.311,0.751,0,0,0,0,0,0,0,0,63,1.347,1,2134,0,391.433,9.747,152.875,355.188,60.750,-0.434,0.352,0.879,-3.559,-9.074,-8.512,3.116,3.260,1.198,1.320,0,NULL,NULL,,3,1,2,7,255,948,250,0,0
stim,74108,104229,1,104229,3301559.455,-0.571,0.119,-0.297,0.756,0,0,0,0,0,0,0,0,63,1.347,1,2134,0,394.323,9.816,144.750,361.000,64.938,-0.422,0.254,0.973,-3.559,-9.148,-6.742,3.134,3.278,1.198,1.320,0,NULL,NULL,,3,1,2,7,255,948,250,0,0
stim,74108,104229,1,104229,3301564.454,-0.573,0.109,-0.284,0.761,0,0,0,0,0,0,0,0,63,1.347,1,2134,0,396.267,9.776,138.000,365.438,66.625,-0.414,0.215,1.051,-2.887,-9.340,-5.324,3.152,3.298,1.198,1.320,0,NULL,NULL,,3,1,2,7,255,948,250,0,0
stim,74150,104271,1,104271,3301569.455,-0.576,0.099,-0.270,0.765,0,0,0,0,0,0,0,0,63,1.347,1,2134,0,395.037,9.910,129.000,368.250,61.688,-0.488,0.266,1.129,-2.887,-9.480,-4.223,3.174,3.320,1.198,1.320,0,NULL,NULL,,3,1,2,7,255,948,250,0,0
stim,74150,104271,1,104271,3301574.454,-0.578,0.090,-0.257,0.769,0,0,0,0,0,0,0,0,63,1.347,1,2134,0,392.160,9.944,117.625,371.625,43.000,-0.414,0.234,1.105,-3.000,-9.480,-3.742,3.200,3.346,1.198,1.320,0,NULL,NULL,,3,1,2,7,255,948,250,0,0
stim,74150,104271,1,104271,3301579.455,-0.581,0.079,-0.244,0.772,0,0,0,0,0,0,0,0,63,1.347,1,2134,0,394.774,9.840,112.188,376.188,41.750,-0.281,0.172,1.063,-3.000,-9.371,-3.195,3.228,3.376,1.198,1.320,0,NULL,NULL,,3,1,2,7,255,948,250,0,0
stim,74150,104271,1,104271,3301584.453,-0.583,0.069,-0.231,0.776,0,0,0,0,0,0,0,0,63,1.347,1,2134,0,397.755,8.195,109.750,379.438,46.813,-0.285,0.090,0.992,-2.773,-7.711,-2.613,3.262,3.410,1.198,1.320,0,NULL,NULL,,3,1,2,7,255,948,250,0,0
stim,74150,104271,1,104271,3301589.455,-0.586,0.059,-0.217,0.779,0,0,0,0,0,0,0,0,63,1.347,1,2134,0,400.529,7.263,116.750,380.125,47.938,-0.309,0.082,0.938,-1.922,-7.004,-2.613,3.298,3.448,1.198,1.320,0,NULL,NULL,,3,1,2,7,255,948,250,0,0
stim,74150,104271,1,104271,3301594.454,-0.588,0.049,-0.203,0.782,0,0,0,0,0,0,0,0,63,1.347,1,2134,0,404.885,6.905,131.875,380.313,43.625,-0.285,0.066,0.988,-1.703,-6.691,-2.613,3.336,3.486,1.198,1.320,0,NULL,NULL,,3,1,2,7,255,948,250,0,0
stim,74150,104271,1,104271,3301599.455,-0.590,0.039,-0.188,0.784,0,0,0,0,0,0,0,0,63,1.347,1,2134,0,405.843,6.635,141.938,377.688,43.750,-0.250,0.031,1.059,-1.668,-6.422,-2.109,3.378,3.528,1.198,1.320,0,NULL,NULL,,3,1,2,7,255,948,250,0,0
stim,74150,104271,1,104271,3301604.453,-0.591,0.030,-0.174,0.787,0,0,0,0,0,0,0,0,63,1.347,1,2134,0,406.832,6.226,150.000,375.063,48.375,-0.230,0.027,1.117,-1.703,-5.988,-1.055,3.420,3.572,1.198,1.320,0,NULL,NULL,,3,1,2,7,255,948,250,0,0
stim,74171,104292,1,104292,3301609.455,-0.592,0.021,-0.159,0.790,0,0,0,0,0,0,0,0,63,1.347,1,2134,0,406.280,5.909,157.875,370.500,53.563,-0.215,0.043,1.133,-1.734,-5.648,-0.246,3.462,3.616,1.198,1.320,0,NULL,NULL,,3,1,2,7,255,948,250,0,0
stim,74171,104292,1,104292,3301614.454,-0.593,0.012,-0.143,0.792,0,0,0,0,0,0,0,0,63,1.347,1,2134,0,407.233,5.868,169.000,365.813,58.813,-0.254,0.105,1.188,-1.891,-5.555,0.070,3.506,3.658,1.198,1.320,0,NULL,NULL,,3,1,2,7,255,948,250,0,0
stim,74171,104292,1,104292,3301619.455,-0.593,0.004,-0.128,0.795,0,0,0,0,0,0,0,0,63,1.347,1,2134,0,409.237,6.058,183.000,361.625,56.688,-0.285,0.129,1.289,-2.418,-5.555,0.551,3.548,3.700,1.198,1.320,0,NULL,NULL,,3,1,2,7,255,948,250,0,0
stim,74171,104292,1,104292,3301624.454,-0.594,-0.004,-0.112,0.797,0,0,0,0,0,0,0,0,63,1.347,1,2134,0,410.091,6.058,196.625,355.063,58.688,-0.258,0.074,1.383,-2.418,-5.555,1.605,3.588,3.742,1.198,1.320,0,NULL,NULL,,3,1,2,7,255,948,250,0,0
stim,74194,104315,1,104315,3301629.455,-0.593,-0.011,-0.095,0.799,0,0,0,0,0,0,0,0,63,1.347,1,2134,0,411.388,6.328,208.000,349.813,60.063,-0.328,0.121,1.605,-2.660,-5.742,2.836,3.628,3.784,1.198,1.320,0,NULL,NULL,,3,1,2,7,255,948,250,0,0
stim,74194,104315,1,104315,3301634.454,-0.593,-0.017,-0.079,0.801,0,0,0,0,0,0,0,0,63,1.347,1,2134,0,406.797,5.993,211.438,342.625,58.188,-0.324,0.113,1.727,-2.758,-5.320,5.008,3.664,3.822,1.198,1.320,0,NULL,NULL,,3,1,2,7,255,948,250,0,0
stim,74194,104315,1,104315,3301639.455,-0.593,-0.024,-0.063,0.802,0,0,0,0,0,0,0,0,63,1.347,1,2134,0,403.587,5.994,216.125,336.063,56.875,-0.352,0.152,1.906,-2.762,-5.320,6.422,3.698,3.858,1.198,1.320,0,NULL,NULL,,3,1,2,7,255,948,250,0,0
stim,74194,104315,1,104315,3301644.453,-0.593,-0.030,-0.046,0.804,0,0,0,0,0,0,0,0,63,1.347,1,2134,0,397.212,6.156,217.750,328.500,49.500,-0.324,0.148,2.023,-3.137,-5.297,8.262,3.732,3.892,1.198,1.320,0,NULL,NULL,,3,1,2,7,255,948,250,0,0
stim,74194,104315,1,104315,3301649.455,-0.592,-0.035,-0.030,0.804,0,0,0,0,0,0,0,0,63,1.347,1,2134,0,393.011,5.469,219.000,324.000,39.000,-0.250,0.074,2.160,-3.137,-4.480,9.586,3.764,3.924,1.198,1.320,0,NULL,NULL,,3,1,2,7,255,948,250,0,0
stim,74194,104315,1,104315,3301654.454,-0.592,-0.041,-0.014,0.804,0,0,0,0,0,0,0,0,63,1.347,1,2134,0,388.468,3.951,216.625,321.063,30.000,-0.145,-0.078,2.184,-2.664,-2.918,11.164,3.796,3.956,1.198,1.320,0,NULL,NULL,,3,1,2,7,255,948,250,0,0
stim,74247,104368,1,104368,3301659.455,-0.592,-0.047,0.002,0.804,0,0,0,0,0,0,0,0,63,1.347,1,2134,0,389.672,1.580,221.063,319.563,29.250,-0.102,-0.125,2.219,-1.355,-0.813,11.605,3.826,3.988,1.198,1.320,0,NULL,NULL,,3,1,2,7,255,948,250,0,0
stim,74247,104368,1,104368,3301664.453,-0.592,-0.052,0.018,0.804,0,0,0,0,0,0,0,0,63,1.347,1,2134,0,392.498,0.979,226.563,319.750,22.000,-0.094,-0.160,2.246,-0.859,0.469,11.965,3.856,4.020,1.198,1.320,0,NULL,NULL,,3,1,2,7,255,948,250,0,0
stim,74273,104394,1,104394,3301669.455,-0.592,-0.057,0.035,0.803,0,0,0,0,0,0,0,0,63,1.347,1,2134,0,399.183,1.419,238.750,319.563,15.000,-0.047,-0.289,2.277,-0.336,1.379,12.254,3.888,4.050,1.198,1.320,0,NULL,NULL,,3,1,2,7,255,948,250,0,0
stim,74273,104394,1,104394,3301674.454,-0.593,-0.062,0.052,0.801,0,0,0,0,0,0,0,0,63,1.347,1,2134,0,407.135,3.086,252.188,319.625,0.688,-0.012,-0.305,2.371,0.969,2.930,12.484,3.916,4.082,1.198,1.320,0,NULL,NULL,,3,1,2,7,255,948,250,0,0
stim,74273,104394,1,104394,3301679.455,-0.594,-0.066,0.069,0.799,0,0,0,0,0,0,0,0,63,1.347,1,2134,0,414.124,4.325,262.438,319.625,-21.563,0.164,-0.383,2.449,1.211,4.152,13.195,3.942,4.108,1.198,1.320,0,NULL,NULL,,3,1,2,7,255,948,250,0,0
stim,74273,104394,1,104394,3301684.454,-0.595,-0.070,0.087,0.796,0,0,0,0,0,0,0,0,63,1.347,1,2134,0,421.091,7.121,276.938,315.625,-31.688,0.418,-0.453,2.418,1.766,6.898,13.195,3.962,4.128,1.198,1.320,0,NULL,NULL,,3,1,2,7,255,948,250,0,0
stim,74273,104394,1,104394,3301689.455,-0.596,-0.073,0.105,0.793,0,0,0,0,0,0,0,1,63,1.347,1,2134,0,439.169,10.234,309.250,309.375,-39.000,0.633,-0.438,2.426,1.824,10.070,12.348,3.974,4.142,1.198,1.320,0,NULL,NULL,,3,1,2,7,255,948,250,0,0
stim,74273,104394,0,104394,3301694.453,-0.598,-0.075,0.124,0.788,0,0,0,0,0,0,0,31,63,1.347,1,2134,0,451.987,12.891,326.500,308.188,-52.063,0.816,-0.461,2.703,2.055,12.727,12.348,3.980,4.148,1.198,1.320,0,NULL,NULL,,3,0,2,7,255,950,250,0,0
stim,74273,104394,0,104394,3301699.455,-0.600,-0.078,0.143,0.784,0,0,0,0,0,0,0,41,63,1.347,1,2134,0,440.097,16.035,311.000,304.438,-65.438,1.070,-0.613,2.762,2.055,15.902,12.250,3.980,4.150,1.198,1.320,0,NULL,NULL,,3,0,2,7,255,950,250,0,0
stim,74273,104394,0,104394,3301704.454,-0.601,-0.080,0.161,0.779,0,0,0,0,0,0,0,45,63,1.347,1,2134,0,435.861,19.759,316.188,295.438,-52.125,1.387,-0.840,2.605,3.395,19.465,12.250,3.974,4.146,1.198,1.320,0,NULL,NULL,,3,0,2,7,255,950,250,0,0
stim,74273,104394,0,104394,3301709.455,-0.601,-0.081,0.180,0.774,0,0,0,0,0,0,0,51,63,1.347,1,2134,0,441.759,23.530,331.625,289.438,-37.438,1.469,-0.820,2.609,5.230,22.941,8.828,3.960,4.132,1.198,1.320,0,NULL,NULL,,3,0,2,7,255,950,250,0,0
stim,74273,104394,0,104394,3301714.454,-0.602,-0.082,0.198,0.769,0,0,0,0,0,0,0,52,63,1.347,1,2134,0,448.379,24.786,342.938,286.125,-39.625,1.484,-0.738,2.848,5.363,24.199,8.828,3.932,4.106,1.198,1.320,0,NULL,NULL,,3,0,2,7,255,950,250,0,0
stim,74273,104394,0,104394,3301719.455,-0.603,-0.083,0.217,0.763,0,0,0,0,0,0,0,53,63,1.347,1,2134,0,450.065,26.153,348.875,280.688,-45.375,1.668,-0.633,3.137,5.363,25.598,9.055,3.892,4.066,1.198,1.320,0,NULL,NULL,,3,0,2,7,255,950,250,0,0
stim,74273,104394,0,104394,3301724.454,-0.604,-0.084,0.235,0.757,0,0,0,0,0,0,0,56,63,1.347,1,2134,0,437.940,29.103,336.500,269.500,-77.000,1.820,-0.102,3.426,4.832,28.699,10.191,3.836,4.012,1.198,1.320,0,NULL,NULL,,3,0,2,7,255,950,250,0,0
stim,74310,104431,0,104431,3301729.455,-0.607,-0.086,0.251,0.749,0,0,0,0,0,0,0,71,63,1.347,1,2134,0,414.109,30.919,293.625,265.563,-121.438,2.313,0.070,3.605,0.543,30.914,11.160,3.766,3.944,1.198,1.320,0,NULL,NULL,,3,0,2,7,255,950,250,0,0
stim,74310,104431,0,104431,3301734.453,-0.609,-0.090,0.265,0.742,0,0,0,0,0,0,0,78,63,1.347,1,2134,0,366.030,36.346,221.500,257.688,-136.063,2.906,-0.031,3.559,-1.148,36.328,11.160,3.682,3.860,1.198,1.320,0,NULL,NULL,,3,0,2,7,255,950,250,0,0
stim,74310,104431,0,104431,3301739.455,-0.611,-0.096,0.275,0.736,0,0,0,0,0,0,0,111,63,1.347,1,2134,0,307.027,41.815,139.563,245.188,-121.125,3.414,-0.152,3.227,-1.242,41.797,6.797,3.584,3.764,1.198,1.320,0,NULL,NULL,,3,0,2,7,255,950,250,0,0
stim,74310,104431,0,104431,3301744.454,-0.612,-0.102,0.283,0.731,0,0,0,0,0,0,0,175,63,1.347,1,2134,0,257.128,44.885,73.063,227.438,-95.125,3.816,-0.164,2.719,-1.281,44.867,0.332,3.470,3.650,1.198,1.320,0,NULL,NULL,,3,0,2,7,255,950,250,0,0
stim,74310,104431,0,104431,3301749.455,-0.612,-0.109,0.289,0.728,0,0,0,0,0,0,0,229,63,1.347,1,2134,0,220.690,45.838,31.875,207.000,-69.563,4.219,-0.160,2.156,-2.703,45.758,-6.758,3.342,3.522,1.198,1.320,0,NULL,NULL,,3,0,2,7,255,950,250,0,0
stim,74310,104431,0,104431,3301754.453,-0.611,-0.115,0.294,0.726,0,0,0,0,0,0,0,281,63,1.347,1,2134,0,188.270,46.248,11.688,182.063,-46.500,4.633,-0.344,1.563,-4.508,46.027,-14.148,3.200,3.380,1.198,1.320,0,NULL,NULL,,3,0,2,7,255,950,250,0,0
stim,74311,104432,0,104432,3301759.455,-0.610,-0.119,0.298,0.724,0,0,0,0,0,0,0,325,63,1.347,1,2134,0,151.331,46.248,16.625,149.750,-14.125,4.934,-0.883,0.969,-4.508,46.027,-22.230,3.044,3.224,1.198,1.320,0,NULL,NULL,,3,0,2,7,255,950,250,0,0
stim,74311,104432,0,104432,3301764.454,-0.608,-0.121,0.304,0.724,0,0,0,0,0,0,0,315,63,1.347,1,2134,0,136.116,45.552,64.875,113.063,39.188,4.988,-1.621,0.547,-1.246,45.535,-30.465,2.876,3.052,1.198,1.320,0,NULL,NULL,,3,0,2,7,255,950,250,0,0
stim,74359,104480,0,104480,3301769.455,-0.605,-0.118,0.311,0.724,0,0,0,0,0,0,0,295,63,1.347,1,2134,0,199.770,44.265,155.938,71.313,102.500,4.750,-2.207,0.500,4.688,44.016,-36.449,2.694,2.870,1.198,1.320,0,NULL,NULL,,3,0,2,7,255,950,250,0,0
stim,74359,104480,0,104480,3301774.454,-0.600,-0.110,0.321,0.724,0,0,0,0,0,0,0,269,63,1.347,1,2134,0,314.743,43.390,271.750,31.563,155.625,4.254,-2.180,0.910,10.160,42.184,-36.449,2.504,2.676,1.198,1.320,0,NULL,NULL,,3,0,2,7,255,950,250,0,0
stim,74359,104480,0,104480,3301779.455,-0.597,-0.097,0.334,0.723,0,0,0,0,0,0,0,225,63,1.347,1,2134,0,405.378,41.766,365.000,-8.000,176.188,3.500,-1.426,1.809,10.160,40.512,-32.227,2.310,2.476,1.198,1.320,0,NULL,NULL,,3,0,2,7,255,950,250,0,0
stim,74359,104480,0,104480,3301784.454,-0.595,-0.085,0.344,0.721,4,0,0,203,0,85,0,440,63,1.347,1,2134,0,383.491,40.686,362.188,-52.000,114.813,1.973,-1.027,3.602,11.285,39.090,-19.484,2.112,2.272,1.198,1.320,0,NULL,NULL,,3,0,2,7,255,950,250,0,0
stim,74359,104480,0,104480,3301789.455,-0.587,-0.049,0.364,0.721,739,0,0,1015,0,269,0,521,63,1.347,1,2134,0,946.926,41.195,790.563,-280.313,439.438,1.242,-0.363,9.336,13.000,39.090,2.973,1.914,2.064,1.198,1.320,0,NULL,NULL,,3,0,2,7,255,950,250,0,0
stim,74359,104480,0,104480,3301794.453,-0.577,-0.034,0.363,0.730,1415,0,0,1621,0,485,0,635,63,1.347,1,2134,0,463.688,66.586,109.688,-186.750,410.000,1.109,1.266,10.566,20.848,63.238,50.695,1.714,1.856,1.198,1.320,0,NULL,NULL,,3,0,2,7,255,950,250,0,0
stim,74359,104480,0,104480,3301799.455,-0.564,-0.053,0.323,0.758,1938,0,0,1939,0,848,0,654,63,1.347,1,2134,0,1251.813,66.586,-1180.063,-138.750,394.000,-0.109,3.066,3.621,20.848,63.238,50.695,1.518,1.648,1.198,1.320,0,NULL,NULL,,3,0,2,7,255,950,250,0,0
stim,74359,104480,0,104480,3301804.453,-0.551,-0.074,0.276,0.784,2245,0,0,2132,0,1140,0,729,63,1.347,1,2134,0,1344.162,22.070,-1286.063,-181.813,346.063,-0.793,4.086,-1.836,-17.676,13.215,31.180,1.326,1.444,1.198,1.320,0,NULL,NULL,,3,0,2,7,255,950,250,0,0
stim,74360,104481,0,104481,3301809.455,-0.538,-0.084,0.251,0.800,2469,0,0,2285,0,1319,0,779,63,1.347,1,2135,0,767.167,32.924,-690.875,-105.750,316.313,-2.234,2.848,-3.586,-20.328,-25.898,-8.742,1.140,1.242,1.198,1.320,1,961.000,11.000,,3,0,2,7,255,950,250,0,0
stim,74360,104481,0,104481,3301814.454,-0.535,-0.081,0.243,0.805,2583,0,0,2385,0,1483,0,857,63,1.347,1,2135,0,238.303,37.552,-144.688,-152.813,111.813,-2.715,0.574,-1.699,-20.328,-31.574,-12.469,0.960,1.040,1.198,1.320,1,NULL,NULL,,3,0,2,7,255,950,250,0,0
stim,74388,104509,0,104509,3301819.455,-0.539,-0.073,0.246,0.803,2727,0,0,2565,0,1581,0,943,63,1.347,1,2135,0,212.268,32.261,165.188,-125.438,-45.125,-0.770,1.285,1.508,-6.621,-31.574,-12.469,0.776,0.820,1.198,1.320,1,NULL,NULL,,3,0,2,7,255,950,250,0,0
stim,74388,104509,0,104509,3301824.454,-0.539,-0.068,0.246,0.803,2845,0,0,2707,0,1639,0,1071,63,1.347,1,2135,0,114.365,7.441,63.875,-91.563,24.813,0.309,2.887,2.492,-6.621,-3.395,9.691,0.604,0.590,1.198,1.320,2,NULL,NULL,,3,0,2,7,255,950,250,0,0
stim,74388,104509,0,104509,3301829.455,-0.532,-0.065,0.236,0.811,2917,0,0,2825,0,1701,0,1166,63,1.347,1,2135,0,336.072,6.852,-195.125,-152.688,227.063,-0.996,0.922,2.180,-6.621,-1.766,15.250,0.506,0.400,1.198,1.320,2,NULL,NULL,,3,0,2,7,255,950,250,0,0
stim,74388,104509,0,104509,3301834.454,-0.527,-0.068,0.218,0.819,2975,0,0,2901,0,1740,0,1295,63,1.347,1,2135,0,479.876,2.335,-430.688,-166.563,130.563,-2.277,-0.664,0.754,-1.527,-1.766,15.250,0.502,0.316,1.198,1.320,2,NULL,NULL,,3,0,2,7,255,950,250,0,0
stim,74388,104509,0,104509,3301839.455,-0.530,-0.070,0.200,0.821,3007,0,0,2966,0,1767,0,1399,63,1.347,1,2135,0,415.362,20.823,-365.375,-181.313,-78.438,-2.008,-0.934,-0.770,16.070,-13.242,2.801,0.540,0.328,1.198,1.320,2,NULL,NULL,,3,0,2,7,255,950,250,0,0
stim,74388,104509,0,104509,3301844.453,-0.540,-0.069,0.190,0.817,3028,0,0,3025,0,1817,0,1491,63,1.347,1,2135,0,325.055,20.823,-137.438,-178.438,-234.375,-0.570,-1.238,0.008,16.070,-13.242,-10.492,0.580,0.382,1.198,1.320,2,NULL,NULL,,3,0,2,7,255,950,250,0,0
stim,74412,104533,0,104533,3301849.455,-0.549,-0.065,0.184,0.813,3059,0,0,3067,0,1851,0,1566,63,1.347,1,2135,0,291.836,13.254,-42.063,-174.063,-230.438,0.727,-1.289,1.102,13.246,-0.469,-10.492,0.612,0.434,1.198,1.320,2,NULL,NULL,,3,0,2,7,255,950,250,0,0
stim,74412,104533,0,104533,3301854.454,-0.554,-0.062,0.178,0.811,3083,0,0,3113,0,1900,0,1603,63,1.347,1,2135,0,198.713,17.616,-56.438,-150.375,-117.000,1.379,-1.586,1.625,10.242,14.332,-4.457,0.638,0.472,1.198,1.320,2,NULL,NULL,,3,0,2,7,255,950,250,0,0
stim,74412,104533,0,104533,3301859.455,-0.553,-0.059,0.170,0.813,3095,0,0,3140,0,1963,48,1623,63,1.347,1,2135,0,191.746,24.746,-118.313,-144.875,42.188,1.430,-2.027,1.680,10.242,22.527,-1.934,0.656,0.500,1.198,1.320,2,NULL,NULL,,3,0,2,7,255,950,250,0,0
stim,74412,104533,0,104533,3301864.453,-0.547,-0.057,0.162,0.819,3111,0,0,3158,0,2038,141,1634,63,1.347,1,2135,0,278.155,26.003,-161.875,-135.500,181.125,0.652,-1.668,1.141,12.988,22.527,-1.934,0.660,0.516,1.198,1.320,2,NULL,NULL,,3,0,2,7,255,950,250,0,0
stim,74456,104577,0,104577,3301869.455,-0.540,-0.055,0.154,0.826,3117,0,0,3167,0,2107,234,1663,63,1.347,1,2135,0,292.443,19.809,-157.063,-136.188,205.688,-0.852,-0.523,0.859,12.988,14.957,-1.934,0.642,0.524,1.198,1.320,2,NULL,NULL,,3,0,2,7,255,950,250,0,0
stim,74456,104577,0,104577,3301874.454,-0.537,-0.052,0.146,0.829,3119,0,0,3179,0,2193,294,1713,63,1.347,1,2135,0,204.912,8.877,-115.500,-144.125,88.750,-0.914,0.363,0.520,8.395,-2.887,-2.180,0.608,0.520,1.198,1.320,2,NULL,NULL,,3,0,2,7,255,950,250,0,0
stim,74456,104577,0,104577,3301879.455,-0.537,-0.048,0.141,0.830,3125,0,0,3194,0,2238,328,1769,63,1.347,1,2135,0,163.303,2.954,-62.563,-149.313,21.438,-0.438,0.340,0.945,0.625,-2.887,-0.488,0.560,0.500,1.198,1.320,2,NULL,NULL,,3,0,2,7,255,950,250,0,0
stim,74456,104577,0,104577,3301884.453,-0.538,-0.044,0.135,0.831,3123,0,0,3188,0,2328,377,1939,63,1.347,1,2135,0,164.107,2.672,-78.688,-144.000,1.875,-0.117,0.039,1.355,0.625,-2.598,0.586,0.504,0.456,1.198,1.320,2,NULL,NULL,,3,0,2,7,255,950,250,0,0
stim,74456,104577,0,104577,3301889.455,-0.538,-0.042,0.128,0.832,3129,0,0,3205,11,2367,473,2075,63,1.347,1,2135,0,166.801,2.270,-101.438,-132.000,10.438,0.105,0.055,1.426,-0.441,2.227,3.328,0.440,0.392,1.198,1.320,2,NULL,NULL,,3,0,2,7,255,950,250,0,0
stim,74456,104577,0,104577,3301894.453,-0.539,-0.041,0.124,0.832,3127,0,0,3195,275,2414,466,2176,63,1.347,1,2135,0,106.339,4.102,-66.688,-76.188,-32.500,0.438,0.047,1.723,-0.441,4.078,3.566,0.376,0.318,1.198,1.320,2,NULL,NULL,,3,0,2,7,255,950,250,0,0
stim,74456,104577,0,104577,3301899.455,-0.540,-0.040,0.120,0.832,3119,0,0,3206,503,2439,471,2237,63,1.347,1,2135,0,86.243,7.775,-62.750,-58.313,-10.000,0.934,0.238,1.039,-1.688,7.590,3.566,0.322,0.256,1.198,1.320,2,NULL,NULL,,3,0,2,7,255,950,250,0,0
stim,74456,104577,0,104577,3301904.453,-0.539,-0.039,0.118,0.833,3127,0,0,3213,680,2455,495,2313,63,1.347,1,2135,0,59.334,8.981,-31.125,-48.625,13.688,0.309,0.445,1.527,-4.801,7.590,4.734,0.280,0.216,1.198,1.320,2,NULL,NULL,,3,0,2,7,255,950,250,0,0
stim,74458,104579,0,104579,3301909.455,-0.540,-0.040,0.113,0.833,3119,0,0,3207,874,2471,493,2361,63,1.347,1,2135,0,98.562,6.438,-93.688,-27.125,-14.188,-0.129,0.027,1.500,-4.801,4.289,4.734,0.250,0.200,1.198,1.320,2,NULL,NULL,,3,0,2,7,255,950,250,0,0
stim,74458,104579,0,104579,3301914.454,-0.540,-0.042,0.109,0.833,3131,0,0,3212,1011,2485,503,2407,63,1.347,1,2135,0,108.220,1.996,-105.000,-23.813,-10.938,0.039,-0.055,0.648,0.375,1.961,4.734,0.230,0.196,1.198,1.320,2,NULL,NULL,,3,0,2,7,255,950,250,0,0
stim,74479,104600,0,104600,3301919.455,-0.541,-0.043,0.107,0.833,3117,0,0,3211,1133,2500,504,2431,63,1.347,1,2135,0,59.445,1.947,-49.688,-20.125,-25.688,-0.227,-0.016,0.852,0.590,1.855,-1.242,0.224,0.190,1.198,1.320,2,NULL,NULL,,3,0,2,7,255,950,250,0,0
stim,74479,104600,0,104600,3301924.454,-0.543,-0.042,0.105,0.832,3125,21,0,3209,1211,2505,529,2457,63,1.347,1,2135,0,53.081,1.264,-16.438,-17.063,-47.500,-0.004,0.227,1.059,0.375,1.207,-1.242,0.230,0.174,1.198,1.320,2,NULL,NULL,,3,0,2,7,255,950,250,0,0
stim,74479,104600,0,104600,3301929.455,-0.544,-0.042,0.104,0.831,3123,30,0,3207,1290,2519,523,2479,63,1.347,1,2135,0,50.692,2.306,-28.375,-11.375,-40.438,0.074,0.258,1.316,-1.965,1.207,0.555,0.250,0.150,1.198,1.320,2,NULL,NULL,,3,0,2,7,255,950,250,0,0
stim,74479,104600,0,104600,3301934.453,-0.545,-0.044,0.101,0.831,3107,43,0,3198,1373,2521,503,2492,63,1.347,1,2135,0,74.358,2.840,-68.750,-4.313,-28.000,0.008,0.094,1.199,-1.965,2.051,1.750,0.272,0.126,1.198,1.320,2,NULL,NULL,,3,0,2,7,255,950,250,0,0
stim,74507,104628,0,104628,3301939.455,-0.546,-0.045,0.098,0.831,3116,63,0,3197,1427,2525,479,2505,63,1.347,1,2135,0,75.635,2.224,-71.250,-0.438,-25.375,-0.078,0.051,0.902,-0.859,2.051,1.750,0.292,0.106,1.198,1.320,2,NULL,NULL,,3,0,2,7,255,950,250,0,0
stim,74507,104628,0,104628,3301944.454,-0.547,-0.047,0.097,0.830,3111,107,0,3196,1477,2523,469,2511,63,1.347,1,2135,0,59.659,0.846,-46.500,0.063,-37.375,-0.168,0.066,0.887,-0.207,0.820,-0.930,0.306,0.094,1.198,1.320,2,NULL,NULL,,3,0,2,7,255,950,250,0,0
stim,74507,104628,0,104628,3301949.455,-0.549,-0.048,0.095,0.829,3107,115,0,3204,1525,2532,463,2519,63,1.347,1,2135,0,57.760,0.636,-29.438,0.875,-49.688,-0.102,0.098,0.984,-0.207,0.602,-0.930,0.316,0.084,1.198,1.320,2,NULL,NULL,,3,0,2,7,255,950,250,0,0
stim,74507,104628,0,104628,3301954.453,-0.551,-0.048,0.094,0.828,3119,140,0,3209,1573,2527,443,2527,63,1.347,1,2135,0,57.992,0.854,-30.813,0.625,-49.125,-0.023,0.074,1.082,-0.605,0.602,-0.086,0.328,0.076,1.198,1.320,2,NULL,NULL,,3,0,2,7,255,950,250,0,0
stim,74546,104667,0,104667,3301959.455,-0.552,-0.049,0.092,0.827,3102,149,0,3197,1618,2535,441,2526,63,1.347,1,2135,0,57.133,1.683,-40.625,1.938,-40.125,0.012,0.016,1.047,-0.605,1.570,0.258,0.338,0.066,1.198,1.320,2,NULL,NULL,,3,0,2,7,255,950,250,0,0
stim,74546,104667,0,104667,3301964.454,-0.553,-0.050,0.090,0.827,3103,155,0,3199,1653,2531,433,2535,63,1.347,1,2135,0,50.356,1.728,-41.250,2.000,-28.813,-0.012,-0.008,0.969,-0.352,1.691,0.258,0.348,0.058,1.198,1.320,2,NULL,NULL,,3,0,2,7,255,950,250,0,0
stim,74546,104667,0,104667,3301969.455,-0.554,-0.051,0.089,0.826,3104,172,0,3193,1671,2531,430,2535,63,1.347,1,2135,0,38.912,1.693,-32.375,1.938,-21.500,-0.082,-0.023,0.953,-0.078,1.691,-0.496,0.358,0.052,1.198,1.320,2,NULL,NULL,,3,0,2,7,255,950,250,0,0
stim,74546,104667,0,104667,3301974.454,-0.554,-0.052,0.088,0.826,3113,175,0,3209,1707,2525,393,2545,63,1.347,1,2135,0,31.866,1.128,-24.188,1.563,-20.688,-0.141,-0.027,0.988,0.277,1.094,-0.496,0.366,0.046,1.198,1.320,2,NULL,NULL,,3,0,2,7,255,950,250,0,0
stim,74546,104667,0,104667,3301979.455,-0.555,-0.052,0.087,0.826,3103,183,0,3205,1719,2523,391,2539,63,1.347,1,2135,0,29.327,0.709,-19.438,1.000,-21.938,-0.141,0.008,1.004,0.277,0.652,-0.066,0.374,0.040,1.198,1.320,2,NULL,NULL,,3,0,2,7,255,950,250,0,0
stim,74546,104667,0,104667,3301984.453,-0.556,-0.053,0.087,0.825,3083,180,0,3188,1727,2516,382,2536,63,1.347,1,2135,0,26.259,0.595,-16.250,0.250,-20.625,-0.125,0.039,1.008,0.156,0.574,0.098,0.384,0.032,1.198,1.320,2,NULL,NULL,,3,0,2,7,255,950,250,0,0
stim,74546,104667,0,104667,3301989.455,-0.556,-0.053,0.086,0.825,3079,171,5,3179,1742,2516,375,2539,63,1.419,1,2135,1,22.464,0.575,-14.813,-0.688,-16.875,-0.125,0.016,1.012,0.023,0.574,0.129,0.000,0.000,1.173,1.320,2,NULL,NULL,,3,0,2,7,255,950,250,0,0
stim,74546,104667,0,104667,3301994.454,-0.557,-0.053,0.085,0.824,3059,169,8,3171,1758,2508,361,2545,63,1.419,1,2135,1,19.612,0.575,-13.750,-1.750,-13.875,-0.145,-0.008,0.992,0.023,0.574,0.129,0.002,0.002,1.173,1.320,2,NULL,NULL,,3,0,2,7,255,950,250,0,0
stim,74574,104695,0,104695,3301999.455,-0.557,-0.054,0.085,0.824,3051,167,9,3163,1773,2503,331,2545,63,1.419,1,2135,1,16.052,0.578,-9.125,-3.875,-12.625,-0.164,-0.004,0.961,0.289,0.500,-0.016,0.002,0.004,1.173,1.320,2,NULL,NULL,,3,0,2,7,255,950,250,0,0
stim,74574,104695,0,104695,3302004.453,-0.558,-0.054,0.084,0.824,3034,149,56,3150,1789,2494,316,2549,63,1.419,1,2135,1,14.142,0.395,-3.375,-5.688,-12.500,-0.184,0.027,0.965,0.289,0.270,-0.191,0.002,0.006,1.173,1.320,2,NULL,NULL,,3,0,2,7,255,950,250,0,0
stim,74574,104695,0,104695,3302009.455,-0.558,-0.053,0.084,0.824,3033,147,79,3145,1812,2491,317,2551,63,1.419,1,2135,1,16.642,0.109,-1.438,-7.063,-15.000,-0.195,0.070,0.988,0.109,-0.004,-0.191,0.004,0.008,1.173,1.320,2,NULL,NULL,,3,0,2,7,255,950,250,0,0
stim,74574,104695,0,104695,3302014.455,-0.559,-0.053,0.084,0.823,3003,138,100,3127,1837,2487,309,2549,63,1.419,1,2135,1,20.528,0.233,-1.063,-8.000,-18.875,-0.160,0.105,0.992,-0.230,-0.035,0.082,0.006,0.010,1.173,1.320,2,NULL,NULL,,3,0,2,7,255,950,250,0,0
stim,74574,104695,0,104695,3302019.455,-0.560,-0.053,0.084,0.823,2998,133,149,3117,1871,2485,309,2555,63,1.419,1,2135,1,21.088,0.684,-1.375,-8.063,-19.438,-0.117,0.098,1.000,-0.684,-0.035,0.082,0.012,0.014,1.173,1.320,2,NULL,NULL,,3,0,2,7,255,950,250,0,0
stim,74574,104695,0,104695,3302024.454,-0.560,-0.052,0.083,0.822,2973,135,179,3095,1897,2481,309,2556,63,1.419,1,2135,1,19.448,0.774,-3.563,-8.625,-17.063,-0.121,0.074,0.996,-0.684,0.363,0.082,0.018,0.020,1.173,1.320,2,NULL,NULL,,3,0,2,7,255,950,250,0,0
stim,74592,104713,0,104713,3302029.455,-0.561,-0.052,0.083,0.822,2963,135,217,3068,1925,2471,301,2565,63,1.419,1,2135,1,19.364,0.660,-3.938,-9.000,-16.688,-0.148,0.063,0.980,-0.551,0.363,0.035,0.024,0.026,1.173,1.320,2,NULL,NULL,,3,0,2,7,255,950,250,0,0
stim,74592,104713,0,104713,3302034.454,-0.562,-0.052,0.082,0.822,2940,125,253,3061,1957,2459,308,2570,63,1.419,1,2135,1,20.897,0.453,-0.813,-9.563,-18.563,-0.156,0.074,0.965,-0.422,0.164,-0.098,0.032,0.032,1.173,1.320,2,NULL,NULL,,3,0,2,7,255,950,250,0,0
stim,74592,104713,0,104713,3302039.455,-0.563,-0.052,0.082,0.821,2909,135,306,3053,1983,2459,315,2585,63,1.419,1,2135,1,25.175,0.422,1.875,-10.063,-23.000,-0.172,0.109,0.984,-0.422,-0.008,-0.098,0.038,0.038,1.173,1.320,2,NULL,NULL,,3,0,2,7,255,950,250,0,0
stim,74592,104713,0,104713,3302044.453,-0.563,-0.051,0.082,0.820,2903,138,345,3034,2013,2459,318,2591,63,1.419,1,2135,1,27.567,0.710,2.125,-11.000,-25.188,-0.160,0.137,0.988,-0.676,-0.219,0.012,0.042,0.040,1.173,1.320,2,NULL,NULL,,3,0,2,7,255,950,250,0,0
stim,74614,104735,0,104735,3302049.455,-0.564,-0.051,0.082,0.820,2863,141,411,3012,2058,2469,349,2605,63,1.419,1,2135,1,28.815,0.958,-1.000,-12.250,-26.063,-0.184,0.141,0.996,-0.930,-0.230,0.066,0.044,0.042,1.173,1.320,2,NULL,NULL,,3,0,2,7,255,950,250,0,0
stim,74614,104735,0,104735,3302054.454,-0.565,-0.050,0.081,0.819,2825,143,482,2981,2091,2459,359,2612,63,1.419,1,2135,1,31.693,1.018,-5.438,-14.313,-27.750,-0.203,0.121,0.984,-0.930,-0.414,0.066,0.046,0.046,1.173,1.320,2,NULL,NULL,,3,0,2,7,255,950,250,0,0
stim,74614,104735,0,104735,3302059.455,-0.567,-0.050,0.081,0.819,2809,153,593,2963,2153,2469,383,2635,63,1.419,1,2135,1,36.245,0.820,-5.625,-15.813,-32.125,-0.191,0.090,0.965,-0.703,-0.422,0.066,0.050,0.050,1.173,1.320,2,NULL,NULL,,3,0,2,7,255,950,250,0,0
stim,74614,104735,0,104735,3302064.453,-0.568,-0.049,0.080,0.818,2776,155,675,2932,2218,2472,455,2651,63,1.419,1,2135,1,39.100,0.628,-3.250,-17.750,-34.688,-0.164,0.082,0.957,-0.465,-0.422,-0.148,0.058,0.058,1.173,1.320,2,NULL,NULL,,3,0,2,7,255,950,250,0,0
stim,74657,104778,0,104778,3302069.455,-0.569,-0.049,0.079,0.817,2725,172,762,2901,2285,2475,531,2665,63,1.419,1,2135,1,39.866,0.504,-2.000,-19.875,-34.500,-0.160,0.113,0.988,-0.465,-0.195,-0.148,0.064,0.064,1.173,1.320,2,NULL,NULL,,3,0,2,7,255,950,250,0,0
stim,74657,104778,0,104778,3302074.454,-0.570,-0.048,0.079,0.816,2685,173,856,2875,2325,2493,566,2687,63,1.419,1,2135,1,42.472,0.794,-3.688,-21.188,-36.625,-0.168,0.148,1.008,-0.770,-0.195,0.047,0.070,0.070,1.173,1.320,2,NULL,NULL,,3,0,2,7,255,950,250,0,0
stim,74657,104778,0,104778,3302079.455,-0.572,-0.048,0.078,0.815,2627,179,975,2845,2383,2489,618,2708,63,1.419,1,2135,1,45.702,1.040,-6.813,-23.563,-38.563,-0.184,0.145,1.020,-0.980,-0.348,0.266,0.074,0.076,1.173,1.320,2,NULL,NULL,,3,0,2,7,255,950,250,0,0
stim,74657,104778,0,104778,3302084.453,-0.573,-0.047,0.077,0.814,2547,189,1079,2803,2439,2496,742,2717,63,1.419,1,2135,1,49.681,1.138,-11.938,-25.188,-41.125,-0.168,0.156,1.023,-1.066,-0.398,0.406,0.078,0.078,1.173,1.320,2,NULL,NULL,,3,0,2,7,255,950,250,0,0
stim,74657,104778,0,104778,3302089.455,-0.575,-0.046,0.076,0.813,2483,205,1203,2767,2479,2511,889,2731,63,1.419,1,2135,1,55.735,1.224,-16.188,-25.438,-46.875,-0.160,0.180,1.035,-1.156,-0.402,0.418,0.078,0.078,1.173,1.320,2,NULL,NULL,,3,0,2,7,255,950,250,0,0
stim,74657,104778,0,104778,3302094.453,-0.577,-0.046,0.074,0.812,2424,225,1303,2733,2531,2517,1033,2760,63,1.419,1,2135,1,63.300,1.305,-21.750,-25.125,-53.875,-0.145,0.152,1.070,-1.242,-0.398,0.516,0.074,0.076,1.173,1.320,2,NULL,NULL,,3,0,2,7,255,950,250,0,0
stim,74657,104778,0,104778,3302099.455,-0.579,-0.046,0.072,0.811,2327,229,1454,2687,2575,2520,1177,2775,63,1.419,1,2135,1,71.428,1.251,-36.500,-26.125,-55.563,-0.121,0.105,1.094,-1.242,-0.152,0.820,0.072,0.076,1.173,1.320,2,NULL,NULL,,3,0,2,7,255,950,250,0,0
stim,74657,104778,0,104778,3302104.454,-0.581,-0.046,0.070,0.810,2229,231,1596,2641,2613,2527,1309,2787,63,1.419,1,2135,1,77.496,0.932,-45.750,-24.625,-57.500,-0.113,0.078,1.023,-0.906,0.219,0.820,0.068,0.076,1.173,1.320,2,NULL,NULL,,3,0,2,7,255,950,250,0,0
stim,74658,104779,0,104779,3302109.455,-0.583,-0.047,0.067,0.808,2129,231,1721,2595,2652,2536,1415,2805,63,1.419,1,2135,1,82.231,0.729,-51.750,-25.438,-58.625,-0.145,0.016,1.016,-0.695,0.219,0.297,0.066,0.076,1.173,1.320,2,NULL,NULL,,3,0,2,7,255,950,250,0,0
stim,74658,104779,0,104779,3302114.454,-0.585,-0.048,0.064,0.807,2023,229,1881,2549,2687,2541,1571,2827,63,1.419,1,2135,0,92.984,0.129,-61.750,-25.938,-64.500,-0.180,-0.055,1.047,-0.055,0.117,0.297,0.066,0.076,1.173,1.320,2,NULL,NULL,,3,0,2,7,255,950,250,0,0
stim,74695,104816,0,104816,3302119.455,-0.588,-0.049,0.060,0.805,1914,229,1949,2485,2725,2546,1699,2841,63,1.419,1,2135,0,103.824,0.623,-70.063,-26.375,-71.938,-0.164,-0.070,0.984,0.621,0.047,0.258,0.064,0.076,1.173,1.320,2,NULL,NULL,,3,0,2,7,255,950,250,0,0
stim,74695,104816,0,104816,3302124.454,-0.590,-0.050,0.057,0.804,1797,227,2063,2405,2749,2549,1819,2855,63,1.419,1,2135,0,102.786,0.623,-66.438,-28.188,-73.188,-0.125,-0.031,0.930,0.621,0.047,-0.035,0.062,0.074,1.173,1.320,2,NULL,NULL,,3,0,2,7,255,950,250,0,0
stim,74695,104816,0,104816,3302129.455,-0.592,-0.050,0.054,0.802,1652,221,2168,2317,2777,2553,1915,2872,63,1.419,1,2135,0,98.185,0.249,-58.250,-30.000,-73.125,-0.086,-0.008,0.934,0.172,0.180,-0.609,0.062,0.074,1.173,1.320,2,NULL,NULL,,3,0,2,7,255,950,250,0,0
stim,74695,104816,0,104816,3302134.453,-0.595,-0.050,0.051,0.801,1461,215,2267,2217,2811,2569,2028,2891,63,1.419,1,2135,0,86.965,0.444,-49.500,-31.250,-64.313,-0.066,-0.047,0.934,0.074,0.438,-0.621,0.062,0.072,1.173,1.320,2,NULL,NULL,,3,0,2,7,255,950,250,0,0
stim,74695,104816,0,104816,3302139.455,-0.596,-0.050,0.049,0.800,1288,201,2345,2119,2835,2556,2120,2902,63,1.419,1,2135,0,76.896,0.536,-43.938,-34.063,-53.125,-0.090,-0.051,0.996,0.074,0.531,-0.621,0.062,0.072,1.173,1.320,2,NULL,NULL,,3,0,2,7,255,950,250,0,0
stim,74695,104816,0,104816,3302144.454,-0.598,-0.050,0.046,0.798,1127,165,2440,1979,2857,2567,2213,2911,63,1.419,1,2135,0,75.607,0.546,-42.813,-34.250,-52.063,-0.129,-0.043,1.023,0.125,0.531,-0.023,0.062,0.070,1.173,1.320,2,NULL,NULL,,3,0,2,7,255,950,250,0,0
stim,74696,104817,0,104817,3302149.455,-0.600,-0.050,0.043,0.797,949,149,2495,1781,2877,2557,2295,2922,63,1.419,1,2135,0,75.726,0.169,-40.188,-36.563,-52.750,-0.133,-0.035,1.035,0.125,0.113,0.289,0.066,0.070,1.173,1.320,2,NULL,NULL,,3,0,2,7,255,950,250,0,0
stim,74696,104817,0,104817,3302154.453,-0.602,-0.050,0.041,0.796,725,103,2547,1523,2899,2553,2377,2935,63,1.419,1,2135,0,76.726,0.113,-38.000,-38.375,-54.500,-0.094,-0.035,1.043,0.000,0.113,0.410,0.072,0.070,1.173,1.320,2,NULL,NULL,,3,0,2,7,255,950,250,0,0
stim,74719,104840,0,104840,3302159.455,-0.604,-0.049,0.039,0.795,483,73,2597,1299,2917,2551,2443,2943,63,1.419,1,2135,0,73.178,0.370,-34.000,-38.750,-51.938,-0.074,-0.035,1.047,-0.137,0.344,0.445,0.078,0.072,1.173,1.320,2,NULL,NULL,,3,0,2,7,255,950,250,0,0
stim,74719,104840,0,104840,3302164.454,-0.605,-0.049,0.036,0.794,315,37,2629,1035,2933,2547,2501,2953,63,1.419,1,2135,0,70.053,0.533,-33.750,-41.000,-45.688,-0.070,-0.027,1.059,-0.223,0.484,0.469,0.086,0.076,1.173,1.320,2,NULL,NULL,,3,0,2,7,255,950,250,0,0
stim,74752,104873,0,104873,3302169.455,-0.607,-0.048,0.034,0.793,123,0,2661,809,2952,2535,2555,2965,63,1.419,1,2135,0,68.398,0.558,-31.813,-42.375,-43.250,-0.078,-0.031,1.051,-0.277,0.484,0.520,0.092,0.080,1.173,1.320,2,NULL,NULL,,3,0,2,7,255,950,250,0,0
stim,74752,104873,0,104873,3302174.454,-0.608,-0.047,0.031,0.792,33,0,2685,549,2967,2523,2603,2972,63,1.419,1,2135,0,69.498,0.576,-31.375,-44.563,-43.125,-0.051,-0.035,1.023,-0.313,0.484,0.520,0.094,0.088,1.173,1.320,2,NULL,NULL,,3,0,2,7,255,950,250,0,0
stim,74752,104873,0,104873,3302179.455,-0.609,-0.046,0.029,0.791,0,0,2711,327,2981,2507,2639,2983,63,1.419,1,2135,0,64.360,0.470,-20.188,-48.875,-36.688,-0.063,0.012,1.023,-0.313,0.352,0.207,0.094,0.094,1.173,1.320,2,NULL,NULL,,3,0,2,7,255,950,250,0,0
stim,74752,104873,0,104873,3302184.454,-0.611,-0.045,0.027,0.790,0,0,2727,173,2991,2487,2669,2986,63,1.419,1,2135,0,70.730,0.895,-21.750,-51.250,-43.625,0.008,0.063,0.984,-0.715,0.539,0.207,0.090,0.100,1.173,1.320,2,NULL,NULL,,3,0,2,7,255,950,250,0,0
stim,74771,104892,0,104892,3302189.455,-0.612,-0.043,0.025,0.789,0,0,2745,98,3001,2463,2707,2991,63,1.419,1,2135,0,66.513,0.771,-1.688,-56.063,-35.750,-0.113,-0.055,1.027,-0.715,0.289,0.207,0.084,0.106,1.173,1.320,2,NULL,NULL,,3,0,2,7,255,950,250,0,0
stim,74771,104892,0,104892,3302194.453,-0.612,-0.040,0.025,0.789,0,0,2769,62,3014,2442,2734,2999,63,1.419,1,2135,0,74.809,0.139,33.063,-66.875,-5.563,-0.313,-0.188,1.262,0.027,-0.137,0.344,0.080,0.114,1.173,1.320,2,NULL,NULL,,3,0,2,7,255,950,250,0,0
stim,74771,104892,0,104892,3302199.455,-0.613,-0.037,0.024,0.789,0,0,2779,0,3032,2428,2773,3004,63,1.419,1,2135,0,84.452,2.283,35.625,-74.688,-16.875,-0.465,-0.305,1.512,1.668,-1.559,2.852,0.080,0.122,1.173,1.320,3,NULL,NULL,,3,0,2,7,255,950,250,0,0
stim,74771,104892,0,104892,3302204.454,-0.614,-0.033,0.023,0.788,0,0,2796,0,3049,2413,2799,3021,63,1.419,1,2135,0,93.716,3.127,32.938,-82.125,-30.875,-0.410,-0.230,1.672,2.188,-2.234,5.449,0.088,0.136,1.173,1.320,3,NULL,NULL,,3,0,2,7,255,950,250,0,0
stim,74771,104892,0,104892,3302209.455,-0.615,-0.030,0.020,0.788,0,0,2803,0,3043,2367,2813,3007,63,1.419,1,2135,0,90.803,3.127,-3.000,-88.938,-18.063,-0.156,0.023,1.527,2.188,-2.234,5.449,0.096,0.148,1.173,1.320,3,NULL,NULL,,3,0,2,7,255,950,250,0,0
stim,74771,104892,0,104892,3302214.454,-0.615,-0.028,0.016,0.788,0,0,2805,0,3047,2321,2839,3015,63,1.419,1,2135,0,99.875,0.981,-43.250,-88.500,-16.500,-0.063,0.090,1.195,-0.715,-0.672,5.215,0.106,0.162,1.173,1.320,3,NULL,NULL,,3,0,2,7,255,950,250,0,0
stim,74771,104892,0,104892,3302219.455,-0.615,-0.026,0.013,0.788,0,0,2811,0,3056,2265,2855,3015,63,1.419,1,2135,0,98.496,1.468,-23.125,-95.688,3.250,-0.094,0.094,1.051,-1.305,-0.672,1.863,0.114,0.176,1.173,1.320,3,NULL,NULL,,3,0,2,7,255,950,250,0,0
stim,74771,104892,0,104892,3302224.454,-0.614,-0.022,0.011,0.789,0,0,2797,0,3064,2199,2871,3017,63,1.419,1,2135,0,108.198,1.486,17.500,-104.688,21.000,-0.211,0.078,1.113,-1.305,-0.711,1.148,0.120,0.188,1.173,1.320,3,NULL,NULL,,3,0,2,7,255,950,250,0,0
stim,74795,104916,0,104916,3302229.455,-0.614,-0.017,0.010,0.789,0,0,2789,0,3076,2115,2888,3018,63,1.419,1,2135,0,119.321,2.032,37.688,-112.313,14.250,-0.328,0.035,1.293,-0.871,-1.836,1.148,0.126,0.200,1.173,1.320,3,NULL,NULL,,3,0,2,7,255,950,250,0,0
stim,74795,104916,0,104916,3302234.453,-0.614,-0.012,0.008,0.790,0,0,2779,0,3077,2008,2903,3016,63,1.419,1,2135,0,123.836,2.870,31.063,-119.875,-0.688,-0.324,0.000,1.477,-0.203,-2.863,2.961,0.132,0.214,1.173,1.320,3,NULL,NULL,,3,0,2,7,255,950,250,0,0
stim,74795,104916,0,104916,3302239.455,-0.614,-0.007,0.005,0.789,0,0,2763,0,3081,1851,2916,3014,63,1.419,1,2135,0,127.538,2.866,14.625,-126.500,-7.063,-0.234,-0.020,1.500,0.125,-2.863,4.730,0.136,0.228,1.173,1.320,3,NULL,NULL,,3,0,2,7,255,950,250,0,0
stim,74795,104916,0,104916,3302244.454,-0.614,-0.003,0.002,0.789,0,0,2741,0,3087,1719,2923,3006,63,1.419,1,2135,0,129.572,2.078,-5.375,-129.313,-6.188,-0.156,0.000,1.383,0.125,-2.074,4.730,0.144,0.244,1.173,1.320,3,NULL,NULL,,3,0,2,7,255,950,250,0,0
stim,74795,104916,0,104916,3302249.455,-0.613,0.001,-0.002,0.790,0,0,2773,0,3089,1557,2938,3013,63,1.419,1,2135,0,140.226,2.082,-5.063,-139.688,11.188,-0.191,0.027,1.328,-0.176,-2.074,3.730,0.152,0.258,1.173,1.320,3,NULL,NULL,,3,0,2,7,255,950,250,0,0
stim,74795,104916,0,104916,3302254.454,-0.612,0.007,-0.006,0.791,0,0,2693,0,3096,1327,2963,3003,63,1.419,1,2135,0,149.924,2.141,3.188,-148.125,22.938,-0.230,0.098,1.316,-0.293,-2.121,3.172,0.162,0.274,1.173,1.320,3,NULL,NULL,,3,0,2,7,255,950,250,0,0
stim,74857,104978,0,104978,3302259.455,-0.611,0.012,-0.010,0.791,0,0,2659,0,3093,1063,2962,2987,63,1.419,1,2135,0,157.263,2.820,1.313,-156.188,18.313,-0.262,0.047,1.266,-0.293,-2.805,3.027,0.174,0.290,1.173,1.320,3,NULL,NULL,,3,0,2,7,255,950,250,0,0
stim,74857,104978,0,104978,3302264.453,-0.611,0.017,-0.014,0.791,0,0,2628,0,3096,845,2972,2979,63,1.419,1,2135,0,163.723,2.811,1.625,-163.563,7.063,-0.234,-0.023,1.215,-0.191,-2.805,2.496,0.188,0.306,1.173,1.320,3,NULL,NULL,,3,0,2,7,255,950,250,0,0
stim,74857,104978,0,104978,3302269.455,-0.610,0.023,-0.018,0.792,0,0,2601,0,3102,629,2997,2973,63,1.419,1,2135,0,171.769,2.841,4.375,-171.563,7.188,-0.129,-0.105,1.180,0.477,-2.801,1.977,0.206,0.324,1.173,1.320,3,NULL,NULL,,3,0,2,7,255,950,250,0,0
stim,74857,104978,0,104978,3302274.454,-0.609,0.029,-0.023,0.792,0,0,2535,0,3096,407,2986,2952,63,1.419,1,2135,0,179.910,2.026,9.688,-178.688,18.563,-0.070,-0.117,1.121,1.027,-1.746,1.676,0.226,0.346,1.173,1.320,3,NULL,NULL,,3,0,2,7,255,950,250,0,0
stim,74857,104978,0,104978,3302279.455,-0.608,0.036,-0.027,0.793,0,0,2469,0,3109,282,2996,2936,63,1.419,1,2135,0,186.018,1.972,14.063,-183.750,25.313,-0.074,-0.043,1.109,1.027,-1.684,1.125,0.256,0.376,1.173,1.320,3,NULL,NULL,,3,0,2,7,255,950,250,0,0
stim,74857,104978,0,104978,3302284.453,-0.607,0.043,-0.031,0.793,0,0,2389,0,3108,147,3003,2917,63,1.419,1,2135,0,191.105,1.736,21.313,-188.500,23.125,-0.129,0.070,1.156,0.422,-1.684,1.125,0.298,0.418,1.173,1.320,3,NULL,NULL,,3,0,2,7,255,950,250,0,0
stim,74857,104978,0,104978,3302289.455,-0.606,0.050,-0.035,0.793,0,0,2270,0,3097,75,3021,2899,63,1.419,1,2135,0,196.958,2.704,25.563,-194.875,12.750,-0.121,0.195,1.309,-0.414,-2.672,1.301,0.354,0.476,1.173,1.320,3,NULL,NULL,,3,0,2,7,255,950,250,0,0
stim,74857,104978,0,104978,3302294.454,-0.605,0.058,-0.040,0.793,0,0,2101,0,3089,43,3013,2861,63,1.419,1,2135,0,203.725,3.624,29.563,-201.500,5.250,-0.133,0.246,1.508,-1.531,-3.285,2.707,0.428,0.550,1.173,1.320,3,NULL,NULL,,3,0,2,7,255,950,250,0,0
stim,74857,104978,0,104978,3302299.455,-0.604,0.066,-0.043,0.793,0,0,1925,0,3087,27,3008,2825,63,1.419,1,2135,0,218.414,4.287,43.063,-213.500,16.375,-0.148,0.195,1.863,-1.531,-4.004,4.578,0.514,0.634,1.173,1.320,3,NULL,NULL,,3,0,2,7,255,950,250,0,0
stim,74857,104978,0,104978,3302304.453,-0.601,0.075,-0.048,0.794,0,0,1715,0,3059,59,3003,2776,63,1.419,1,2135,0,238.233,4.938,39.188,-230.688,44.750,-0.367,0.105,2.316,-1.156,-4.801,7.949,0.610,0.728,1.173,1.320,3,NULL,NULL,,3,0,2,7,255,950,250,0,0
stim,74857,104978,0,104978,3302309.455,-0.598,0.084,-0.055,0.795,0,0,1514,0,3046,73,2995,2728,63,1.419,1,2135,0,266.686,7.725,5.000,-257.938,67.563,-0.637,0.113,2.625,0.582,-7.703,11.902,0.716,0.832,1.173,1.320,3,NULL,NULL,,3,0,2,7,255,950,250,0,0
stim,74857,104978,0,104978,3302314.454,-0.595,0.093,-0.064,0.796,0,0,1358,0,3027,91,2990,2668,63,1.419,1,2135,0,296.787,11.304,-32.313,-286.750,69.375,-0.828,0.367,2.695,0.582,-11.289,14.059,0.822,0.938,1.173,1.320,3,NULL,NULL,,3,0,2,7,255,950,250,0,0
stim,74889,105010,0,105010,3302319.455,-0.592,0.102,-0.074,0.796,0,0,1205,0,2997,99,2961,2584,63,1.419,1,2135,0,325.370,14.459,-61.563,-315.625,49.563,-0.934,0.641,2.813,-0.215,-14.457,14.168,0.930,1.044,1.173,1.320,3,NULL,NULL,,3,0,2,7,255,950,250,0,0
stim,74889,105010,0,105010,3302324.454,-0.590,0.112,-0.086,0.795,0,0,1171,0,2969,105,2932,2489,63,1.419,1,2135,0,355.507,17.295,-75.063,-345.813,34.125,-1.035,0.816,2.906,-2.363,-17.133,14.434,1.038,1.154,1.173,1.320,3,NULL,NULL,,3,0,2,7,255,950,250,0,0
stim,74889,105010,0,105010,3302329.455,-0.588,0.122,-0.099,0.794,0,0,1051,0,2933,112,2889,2345,63,1.419,1,2135,0,388.503,19.866,-93.875,-376.688,15.125,-1.023,0.910,3.031,-3.633,-19.531,14.434,1.150,1.266,1.173,1.320,3,NULL,NULL,,3,0,2,7,255,950,250,0,0
stim,74889,105010,0,105010,3302334.454,-0.586,0.133,-0.113,0.791,0,0,999,0,2901,119,2843,2253,63,1.419,1,2135,0,421.114,21.327,-112.000,-405.938,-2.813,-0.922,0.945,3.156,-4.441,-20.859,14.926,1.264,1.386,1.173,1.320,3,NULL,NULL,,3,0,2,7,255,950,250,0,0
stim,74889,105010,0,105010,3302339.455,-0.584,0.145,-0.129,0.788,0,0,921,0,2834,116,2776,2164,63,1.419,1,2135,0,455.633,21.835,-130.000,-436.688,-2.250,-0.914,0.852,3.078,-4.441,-21.379,14.926,1.384,1.508,1.173,1.320,3,NULL,NULL,,3,0,2,7,255,950,250,0,0
stim,74889,105010,0,105010,3302344.453,-0.581,0.157,-0.146,0.785,0,0,842,0,2751,109,2676,2053,63,1.419,1,2135,0,492.394,22.164,-147.313,-469.625,14.250,-0.949,0.766,2.902,-4.203,-21.762,14.141,1.500,1.628,1.173,1.320,3,NULL,NULL,,3,0,2,7,255,950,250,0,0
stim,74914,105035,0,105035,3302349.455,-0.578,0.170,-0.164,0.781,0,0,759,0,2659,109,2549,1950,63,1.419,1,2135,0,519.028,22.373,-161.375,-492.938,19.000,-1.023,0.680,2.676,-3.426,-22.109,11.531,1.606,1.740,1.173,1.320,3,NULL,NULL,,3,0,2,7,255,950,250,0,0
stim,74914,105035,0,105035,3302354.453,-0.575,0.183,-0.182,0.777,0,0,615,0,2537,90,2386,1831,63,1.419,1,2135,0,524.230,22.401,-136.813,-506.063,0.500,-1.027,0.395,2.625,-2.566,-22.254,8.301,1.706,1.842,1.173,1.320,3,NULL,NULL,,3,0,2,7,255,950,250,0,0
stim,74914,105035,0,105035,3302359.455,-0.571,0.198,-0.198,0.772,0,0,438,0,2389,71,2197,1686,63,1.419,1,2135,0,531.114,22.254,-99.188,-521.688,-9.250,-0.863,0.047,2.797,0.098,-22.254,8.301,1.806,1.946,1.173,1.320,3,NULL,NULL,,3,0,2,7,255,950,250,0,0
stim,74914,105035,0,105035,3302364.454,-0.566,0.214,-0.215,0.766,0,0,343,0,2171,27,1913,1507,63,1.419,1,2135,0,547.353,22.150,-85.125,-540.688,2.438,-0.773,-0.266,2.926,3.113,-21.930,8.680,1.912,2.056,1.173,1.320,3,NULL,NULL,,3,0,2,7,255,950,250,0,0
stim,74951,105072,0,105072,3302369.455,-0.560,0.230,-0.232,0.761,0,0,231,0,1894,1,1620,1316,63,1.419,1,2135,0,568.092,22.619,-92.563,-559.375,35.500,-0.785,-0.559,2.785,6.000,-21.809,8.680,2.024,2.172,1.173,1.320,3,NULL,NULL,,3,0,2,7,255,950,250,0,0
stim,74951,105072,0,105072,3302374.454,-0.553,0.246,-0.249,0.756,0,0,135,0,1557,0,1181,1114,63,1.419,1,2135,0,571.480,22.735,-90.625,-562.688,41.938,-0.801,-0.449,2.461,7.820,-21.348,7.547,2.134,2.282,1.173,1.320,3,NULL,NULL,,3,0,2,7,255,950,250,0,0
stim,74951,105072,0,105072,3302379.455,-0.545,0.262,-0.266,0.750,0,0,109,0,1095,0,619,939,63,1.419,1,2135,0,573.973,22.102,-58.375,-569.813,36.750,-0.953,-0.309,2.207,7.820,-20.672,3.785,2.232,2.382,1.173,1.320,3,NULL,NULL,,3,0,2,7,255,950,250,0,0
stim,74951,105072,0,105072,3302384.454,-0.536,0.279,-0.281,0.745,0,0,68,0,622,0,200,742,63,1.419,1,2135,0,588.256,21.572,-35.000,-582.875,71.250,-0.922,-0.207,2.016,6.902,-20.438,-0.262,2.314,2.462,1.173,1.320,3,NULL,NULL,,3,0,2,7,255,950,250,0,0
stim,74951,105072,0,105072,3302389.455,-0.524,0.297,-0.296,0.741,0,0,29,0,108,0,0,575,63,1.419,1,2135,0,608.072,21.794,14.688,-596.688,116.188,-1.164,-0.250,1.969,6.902,-20.672,-2.543,2.366,2.514,1.173,1.320,3,NULL,NULL,,3,0,2,7,255,950,250,0,0
stim,74951,105072,1,105072,3302394.453,-0.509,0.316,-0.311,0.738,0,0,19,0,0,0,0,475,63,1.419,1,2135,0,640.447,22.003,64.813,-612.063,177.063,-1.520,-0.035,1.895,6.691,-20.961,-5.582,2.390,2.538,1.173,1.320,3,NULL,NULL,,3,1,2,7,255,950,250,0,0
stim,74951,105072,1,105072,3302399.455,-0.496,0.332,-0.325,0.733,0,0,3,0,0,0,0,395,63,1.419,1,2135,0,595.726,23.175,0.063,-581.313,130.250,-1.223,0.695,1.770,6.691,-22.188,-10.203,2.406,2.558,1.173,1.320,4,NULL,NULL,,3,1,2,7,255,950,250,0,0
stim,74951,105072,1,105072,3302404.454,-0.489,0.345,-0.340,0.725,0,0,5,0,0,0,0,307,63,1.419,1,2135,0,506.520,22.201,-120.938,-491.063,28.188,-0.563,1.469,1.645,-0.773,-22.188,-10.203,2.442,2.596,1.173,1.320,0,NULL,NULL,,3,1,2,7,255,950,250,0,0
stim,74973,105094,1,105094,3302409.455,-0.485,0.346,-0.361,0.717,0,0,7,0,0,0,0,217,63,1.419,1,2135,0,506.062,22.373,-350.125,-348.500,109.813,-0.844,2.164,0.961,-9.980,-20.023,-10.863,2.502,2.660,1.173,1.320,0,NULL,NULL,,3,1,2,7,255,950,250,0,0
stim,74973,105094,1,105094,3302414.454,-0.484,0.338,-0.383,0.711,0,0,8,0,0,0,0,147,63,1.419,1,2135,0,560.404,23.871,-494.625,-177.813,194.375,-0.699,2.789,-0.672,-16.750,-17.008,-16.332,2.578,2.738,1.173,1.320,0,NULL,NULL,,3,1,2,7,255,950,250,0,0
stim,74973,105094,1,105094,3302419.455,-0.483,0.333,-0.391,0.709,0,0,9,0,0,0,0,88,63,1.419,1,2135,0,238.240,17.023,-215.563,-43.938,91.438,-0.918,1.367,-0.508,-16.750,-3.035,-23.078,2.656,2.818,1.173,1.320,0,NULL,NULL,,3,1,2,7,255,950,250,0,0
stim,74973,105094,1,105094,3302424.454,-0.481,0.334,-0.386,0.712,0,0,0,0,0,0,0,89,63,1.419,1,2135,0,154.045,10.772,145.375,42.813,27.625,-1.477,-0.762,1.012,-10.336,-3.035,-23.078,2.732,2.894,1.173,1.320,0,NULL,NULL,,3,1,2,7,255,950,250,0,0
stim,74973,105094,1,105094,3302429.455,-0.482,0.333,-0.381,0.716,0,0,0,0,0,0,0,99,63,1.419,1,2135,0,145.460,18.153,100.125,105.500,1.813,-1.906,-1.449,2.840,12.270,-13.379,-15.598,2.804,2.966,1.173,1.320,0,NULL,NULL,,3,1,2,7,255,950,250,0,0
stim,74973,105094,1,105094,3302434.453,-0.488,0.325,-0.382,0.714,0,0,0,0,0,0,0,103,63,1.419,1,2135,0,238.811,31.441,-157.688,175.125,-38.688,-1.863,-0.563,2.551,12.387,-28.898,-11.500,2.870,3.034,1.173,1.320,0,NULL,NULL,,3,1,2,7,255,950,250,0,0
stim,75005,105126,1,105126,3302439.455,-0.498,0.313,-0.386,0.711,0,0,0,0,0,0,0,90,63,1.419,1,2135,0,380.845,31.441,-304.000,224.125,-48.938,-1.313,1.063,1.129,12.387,-28.898,-11.500,2.922,3.088,1.173,1.320,0,NULL,NULL,,3,1,2,7,255,950,250,0,0
stim,75005,105126,1,105126,3302444.453,-0.505,0.300,-0.388,0.710,0,0,0,0,0,0,0,59,63,1.419,1,2135,0,349.475,18.424,-258.438,235.250,0.063,-1.129,2.000,0.184,-5.652,-17.535,-17.578,2.962,3.128,1.173,1.320,0,NULL,NULL,,3,1,2,7,255,950,250,0,0
stim,75005,105126,1,105126,3302449.455,-0.511,0.289,-0.388,0.711,0,0,0,0,0,0,0,53,63,1.419,1,2135,0,277.887,17.150,-146.250,235.250,22.125,-1.176,1.855,0.184,-13.828,-10.145,-23.121,2.988,3.158,1.173,1.320,0,NULL,NULL,,3,1,2,7,255,950,250,0,0
stim,75005,105126,1,105126,3302454.454,-0.516,0.279,-0.386,0.712,0,0,0,0,0,0,0,56,63,1.419,1,2135,0,263.982,17.150,-111.688,239.125,5.625,-1.223,0.781,0.637,-13.828,-10.145,-23.121,3.006,3.176,1.173,1.320,0,NULL,NULL,,3,1,2,7,255,950,250,0,0
stim,75005,105126,1,105126,3302459.455,-0.523,0.268,-0.385,0.712,0,0,0,0,0,0,0,62,63,1.419,1,2135,0,298.899,10.844,-166.750,248.063,-0.500,-0.969,0.047,0.590,-3.832,-10.145,-18.105,3.022,3.194,1.173,1.320,0,NULL,NULL,,3,1,2,7,255,950,250,0,0
stim,75005,105126,1,105126,3302464.453,-0.529,0.255,-0.386,0.712,0,0,0,0,0,0,0,59,63,1.419,1,2135,0,326.455,10.256,-202.813,255.000,20.375,-0.684,-0.027,0.074,2.117,-10.035,-14.484,3.036,3.210,1.173,1.320,0,NULL,NULL,,3,1,2,7,255,950,250,0,0
stim,75057,105178,1,105178,3302469.455,-0.534,0.242,-0.386,0.712,0,0,0,0,0,0,0,53,63,1.419,1,2135,0,316.194,4.822,-173.813,259.875,47.250,-0.652,0.324,-0.469,2.117,-4.332,-14.484,3.054,3.230,1.173,1.320,0,NULL,NULL,,3,1,2,7,255,950,250,0,0
stim,75057,105178,1,105178,3302474.454,-0.538,0.231,-0.383,0.715,0,0,0,0,0,0,0,43,63,1.419,1,2135,0,285.975,0.732,-89.938,266.438,52.000,-0.637,0.477,-0.617,-0.648,-0.340,-18.297,3.076,3.252,1.173,1.320,0,NULL,NULL,,3,1,2,7,255,950,250,0,0
stim,75057,105178,1,105178,3302479.455,-0.542,0.221,-0.377,0.718,0,0,0,0,0,0,0,31,63,1.419,1,2135,0,286.799,1.886,-28.813,281.000,49.625,-0.586,0.492,-0.328,-1.855,-0.340,-18.297,3.102,3.282,1.173,1.320,0,NULL,NULL,,3,1,2,7,255,950,250,0,0
stim,75057,105178,1,105178,3302484.453,-0.545,0.210,-0.371,0.722,0,0,0,0,0,0,0,33,63,1.419,1,2135,0,304.173,2.400,-8.938,298.188,59.375,-0.363,0.344,-0.164,-1.922,-1.438,-17.484,3.138,3.318,1.173,1.320,0,NULL,NULL,,3,1,2,7,255,950,250,0,0
stim,75057,105178,1,105178,3302489.455,-0.547,0.199,-0.364,0.727,0,0,0,0,0,0,0,23,63,1.419,1,2135,0,329.391,2.484,8.125,315.063,95.750,-0.453,0.316,-0.195,-1.922,-1.574,-15.137,3.176,3.358,1.173,1.320,0,NULL,NULL,,3,1,2,7,255,950,250,0,0
stim,75057,105178,1,105178,3302494.454,-0.549,0.188,-0.355,0.732,0,0,0,0,0,0,0,23,63,1.419,1,2135,0,348.777,2.392,39.000,331.375,101.563,-0.535,0.344,-0.035,-1.465,-1.891,-14.672,3.218,3.402,1.173,1.320,0,NULL,NULL,,3,1,2,7,255,950,250,0,0
stim,75057,105178,1,105178,3302499.455,-0.551,0.177,-0.346,0.738,0,0,0,0,0,0,0,8,63,1.419,1,2135,0,362.790,4.019,61.563,342.125,103.813,-0.590,0.340,0.152,-1.465,-3.742,-14.672,3.262,3.448,1.173,1.320,0,NULL,NULL,,3,1,2,7,255,950,250,0,0
stim,75057,105178,1,105178,3302504.453,-0.553,0.166,-0.335,0.744,0,0,0,0,0,0,0,2,63,1.419,1,2135,0,376.931,5.756,77.375,355.250,99.438,-0.512,0.254,0.289,-1.465,-5.566,-13.637,3.310,3.496,1.173,1.320,0,NULL,NULL,,3,1,2,7,255,950,250,0,0
stim,75057,105178,1,105178,3302509.455,-0.555,0.155,-0.324,0.750,0,0,0,0,0,0,0,2,63,1.419,1,2135,0,386.589,6.126,85.813,362.688,102.688,-0.516,0.309,0.477,-1.523,-5.934,-11.738,3.356,3.544,1.173,1.320,0,NULL,NULL,,3,1,2,7,255,950,250,0,0
stim,75057,105178,1,105178,3302514.454,-0.557,0.143,-0.313,0.756,0,0,0,0,0,0,0,0,63,1.419,1,2135,0,392.862,7.554,86.750,369.750,100.500,-0.477,0.414,0.582,-1.926,-7.305,-10.402,3.402,3.592,1.173,1.320,0,NULL,NULL,,3,1,2,7,255,950,250,0,0
stim,75078,105199,1,105199,3302519.455,-0.558,0.132,-0.301,0.762,0,0,0,0,0,0,0,0,63,1.419,1,2135,0,397.758,8.420,91.563,375.063,95.688,-0.492,0.379,0.699,-3.012,-7.863,-9.531,3.446,3.636,1.173,1.320,0,NULL,NULL,,3,1,2,7,255,950,250,0,0
stim,75078,105199,1,105199,3302524.454,-0.560,0.120,-0.290,0.767,0,0,0,0,0,0,0,0,63,1.419,1,2135,0,397.981,9.152,89.250,378.625,84.063,-0.477,0.355,0.836,-3.094,-8.613,-8.359,3.486,3.680,1.173,1.320,0,NULL,NULL,,3,1,2,7,255,950,250,0,0
stim,75078,105199,1,105199,3302529.455,-0.562,0.109,-0.277,0.771,0,0,0,0,0,0,0,0,63,1.419,1,2135,0,399.240,9.125,89.688,380.813,79.563,-0.395,0.230,0.898,-3.012,-8.613,-6.824,3.526,3.718,1.173,1.320,0,NULL,NULL,,3,1,2,7,255,950,250,0,0
stim,75078,105199,1,105199,3302534.454,-0.564,0.097,-0.265,0.776,0,0,0,0,0,0,0,0,63,1.419,1,2135,0,400.456,8.864,88.000,382.375,80.063,-0.363,0.188,0.961,-2.379,-8.539,-5.246,3.562,3.756,1.173,1.320,0,NULL,NULL,,3,1,2,7,255,950,250,0,0
stim,75105,105226,1,105226,3302539.455,-0.566,0.085,-0.253,0.780,0,0,0,0,0,0,0,0,63,1.419,1,2135,0,401.495,8.661,82.188,385.250,77.625,-0.363,0.250,0.961,-2.379,-8.328,-4.176,3.596,3.792,1.173,1.320,0,NULL,NULL,,3,1,2,7,255,950,250,0,0
stim,75105,105226,1,105226,3302544.453,-0.568,0.074,-0.241,0.784,0,0,0,0,0,0,0,0,63,1.419,1,2135,0,403.019,8.751,83.500,387.563,72.438,-0.367,0.254,0.922,-2.840,-8.277,-4.176,3.628,3.826,1.173,1.320,0,NULL,NULL,,3,1,2,7,255,950,250,0,0
stim,75105,105226,1,105226,3302549.455,-0.570,0.062,-0.228,0.787,0,0,0,0,0,0,0,0,63,1.419,1,2135,0,404.292,8.427,91.063,388.813,63.125,-0.328,0.211,0.887,-2.840,-7.934,-4.105,3.660,3.860,1.173,1.320,0,NULL,NULL,,3,1,2,7,255,950,250,0,0
stim,75105,105226,1,105226,3302554.453,-0.572,0.051,-0.215,0.790,0,0,0,0,0,0,0,0,63,1.419,1,2135,0,407.090,7.666,104.938,388.375,62.250,-0.277,0.215,0.934,-2.840,-7.121,-3.992,3.690,3.892,1.173,1.320,0,NULL,NULL,,3,1,2,7,255,950,250,0,0
stim,75156,105277,1,105277,3302559.455,-0.573,0.040,-0.202,0.793,0,0,0,0,0,0,0,0,63,1.419,1,2135,0,407.125,7.255,116.063,385.688,59.375,-0.246,0.215,1.004,-2.859,-6.668,-3.188,3.720,3.924,1.173,1.320,0,NULL,NULL,,3,1,2,7,255,950,250,0,0
stim,75156,105277,1,105277,3302564.454,-0.575,0.029,-0.188,0.796,0,0,0,0,0,0,0,1,63,1.419,1,2135,0,406.589,7.150,129.063,381.250,57.500,-0.094,0.172,1.055,-3.160,-6.414,-2.242,3.752,3.956,1.173,1.320,0,NULL,NULL,,3,1,2,7,255,950,250,0,0
stim,75156,105277,1,105277,3302569.455,-0.576,0.019,-0.173,0.799,0,0,0,0,0,0,0,1,63,1.419,1,2135,0,404.355,5.887,134.875,376.750,58.063,0.039,0.125,1.074,-3.363,-4.832,-1.027,3.780,3.988,1.173,1.320,0,NULL,NULL,,3,1,2,7,255,950,250,0,0
stim,75156,105277,1,105277,3302574.454,-0.576,0.010,-0.159,0.801,0,0,0,0,0,0,0,2,63,1.419,1,2135,0,403.427,4.749,148.375,368.250,71.625,0.078,0.129,1.059,-3.426,-3.289,-0.270,3.810,4.018,1.173,1.320,0,NULL,NULL,,3,1,2,7,255,950,250,0,0
stim,75156,105277,1,105277,3302579.455,-0.576,0.001,-0.144,0.805,0,0,0,0,0,0,0,6,63,1.419,1,2135,0,405.777,4.657,168.563,358.000,89.875,0.047,0.258,1.133,-3.539,-3.027,-0.223,3.838,4.048,1.173,1.320,0,NULL,NULL,,3,1,2,7,255,950,250,0,0
stim,75156,105277,1,105277,3302584.454,-0.575,-0.008,-0.129,0.808,0,0,0,0,0,0,0,1,63,1.419,1,2135,0,407.631,5.620,185.250,349.875,97.125,-0.016,0.285,1.289,-4.734,-3.027,0.180,3.864,4.074,1.173,1.320,0,NULL,NULL,,3,1,2,7,255,950,250,0,0
stim,75156,105277,1,105277,3302589.455,-0.574,-0.015,-0.113,0.811,0,0,0,0,0,0,0,0,63,1.419,1,2135,0,407.554,6.132,197.813,341.250,102.563,-0.078,0.270,1.484,-4.914,-3.668,1.605,3.884,4.096,1.173,1.320,0,NULL,NULL,,3,1,2,7,255,950,250,0,0
stim,75156,105277,1,105277,3302594.453,-0.572,-0.023,-0.097,0.814,0,0,0,0,0,0,0,0,63,1.419,1,2135,0,403.810,6.506,204.250,333.000,102.250,-0.160,0.289,1.676,-5.016,-4.145,3.563,3.898,4.112,1.173,1.320,0,NULL,NULL,,3,1,2,7,255,950,250,0,0
stim,75156,105277,1,105277,3302599.455,-0.571,-0.029,-0.081,0.817,0,0,0,0,0,0,0,0,63,1.419,1,2135,0,398.801,6.759,208.313,324.688,101.125,-0.199,0.250,1.820,-4.914,-4.641,5.484,3.906,4.122,1.173,1.320,0,NULL,NULL,,3,1,2,7,255,950,250,0,0
stim,75156,105277,1,105277,3302604.454,-0.569,-0.036,-0.066,0.819,0,0,0,0,0,0,0,0,63,1.419,1,2135,0,393.925,6.709,211.813,317.500,97.500,-0.262,0.262,1.980,-4.715,-4.773,7.109,3.908,4.124,1.173,1.320,0,NULL,NULL,,3,1,2,7,255,950,250,0,0
stim,75156,105277,1,105277,3302609.455,-0.567,-0.042,-0.050,0.821,0,0,0,0,0,0,0,0,63,1.419,1,2135,0,387.299,6.607,212.375,312.063,86.688,-0.301,0.250,2.129,-4.703,-4.641,8.801,3.902,4.120,1.173,1.320,0,NULL,NULL,,3,1,2,7,255,950,250,0,0
stim,75156,105277,1,105277,3302614.454,-0.566,-0.048,-0.035,0.822,0,0,0,0,0,0,0,0,63,1.419,1,2135,0,380.098,6.472,208.750,309.750,70.375,-0.301,0.195,2.289,-4.535,-4.617,10.418,3.888,4.108,1.173,1.320,0,NULL,NULL,,3,1,2,7,255,950,250,0,0
stim,75184,105305,1,105305,3302619.455,-0.565,-0.054,-0.020,0.823,0,0,0,0,0,0,0,0,63,1.419,1,2135,0,371.818,5.634,200.063,309.063,52.000,-0.215,0.109,2.348,-4.141,-3.820,12.227,3.864,4.086,1.173,1.320,0,NULL,NULL,,3,1,2,7,255,950,250,0,0
stim,75184,105305,1,105305,3302624.455,-0.565,-0.061,-0.005,0.823,0,0,0,0,0,0,0,0,63,1.419,1,2135,0,367.066,4.094,192.375,310.375,37.375,-0.129,0.027,2.316,-3.574,-1.996,12.758,3.830,4.052,1.173,1.320,0,NULL,NULL,,3,1,2,7,255,950,250,0,0
stim,75184,105305,1,105305,3302629.454,-0.565,-0.067,0.010,0.822,0,0,0,0,0,0,0,0,63,1.419,1,2135,0,368.037,2.948,197.125,309.813,24.688,-0.043,-0.133,2.035,-2.941,-0.203,12.758,3.782,4.006,1.173,1.320,0,NULL,NULL,,3,1,2,7,255,950,250,0,0
stim,75184,105305,1,105305,3302634.455,-0.565,-0.072,0.026,0.821,0,0,0,0,0,0,0,0,63,1.419,1,2135,0,388.403,2.099,229.938,312.375,20.188,-0.012,-0.289,2.113,-1.309,1.641,10.859,3.718,3.946,1.173,1.320,0,NULL,NULL,,3,1,2,7,255,950,250,0,0
stim,75184,105305,1,105305,3302639.454,-0.566,-0.078,0.041,0.820,0,0,0,0,0,0,0,0,63,1.419,1,2135,0,385.114,3.205,231.438,307.813,-0.938,0.004,-0.363,2.156,0.121,3.203,10.859,3.640,3.868,1.173,1.320,0,NULL,NULL,,3,1,2,7,255,950,250,0,0
stim,75184,105305,0,105305,3302644.455,-0.567,-0.082,0.058,0.817,0,0,0,0,0,0,0,0,63,1.419,1,2135,0,396.996,4.417,256.500,301.688,-28.250,0.188,-0.383,1.988,0.863,4.332,10.859,3.546,3.776,1.173,1.320,0,NULL,NULL,,3,0,2,7,255,951,250,0,0
stim,75215,105336,0,105336,3302649.454,-0.570,-0.084,0.076,0.814,0,0,0,0,0,0,0,0,63,1.419,1,2135,0,431.185,6.456,317.563,287.563,-48.813,0.387,-0.336,1.855,0.863,6.398,9.004,3.440,3.672,1.173,1.320,0,NULL,NULL,,3,0,2,7,255,951,250,0,0
stim,75215,105336,0,105336,3302654.455,-0.573,-0.085,0.096,0.810,0,0,0,0,0,0,0,0,63,1.419,1,2135,0,477.936,8.388,378.625,283.563,-68.250,0.680,-0.527,2.168,0.863,8.344,8.965,3.324,3.556,1.173,1.320,0,NULL,NULL,,3,0,2,7,255,951,250,0,0
stim,75215,105336,0,105336,3302659.454,-0.575,-0.085,0.117,0.805,0,0,0,0,0,0,0,0,63,1.419,1,2135,0,485.626,12.971,395.313,275.813,-59.063,0.930,-0.711,2.504,1.367,12.898,8.965,3.194,3.430,1.173,1.320,0,NULL,NULL,,3,0,2,7,255,951,250,0,0
stim,75215,105336,0,105336,3302664.455,-0.577,-0.085,0.137,0.801,0,0,0,0,0,0,0,1,63,1.419,1,2135,0,474.531,17.423,390.063,267.313,-39.688,1.180,-0.770,2.684,2.734,17.207,10.859,3.054,3.290,1.173,1.320,0,NULL,NULL,,3,0,2,7,255,951,250,0,0
stim,75254,105375,0,105375,3302669.454,-0.578,-0.085,0.156,0.796,0,0,0,0,0,0,0,8,63,1.419,1,2135,0,454.243,20.960,372.125,258.625,-31.188,1.313,-0.609,2.672,2.734,20.781,10.859,2.896,3.132,1.173,1.320,0,NULL,NULL,,3,0,2,7,255,951,250,0,0
stim,75254,105375,0,105375,3302674.455,-0.579,-0.084,0.176,0.792,0,0,0,0,0,0,0,17,63,1.419,1,2135,0,464.833,22.160,390.125,251.250,-27.313,1.465,-0.523,2.660,1.898,22.078,10.047,2.724,2.956,1.173,1.320,0,NULL,NULL,,3,0,2,7,255,951,250,0,0
stim,75254,105375,0,105375,3302679.454,-0.580,-0.083,0.195,0.786,0,0,0,0,0,0,0,23,63,1.419,1,2135,0,471.201,23.751,395.625,251.875,-45.500,1.520,-0.406,3.094,1.305,23.715,10.047,2.536,2.766,1.173,1.320,0,NULL,NULL,,3,0,2,7,255,951,250,0,0
stim,75254,105375,0,105375,3302684.455,-0.582,-0.083,0.215,0.780,0,0,0,0,0,0,0,37,63,1.419,1,2135,0,462.980,26.142,379.375,259.813,-54.063,1.809,-0.418,3.539,1.305,26.109,11.891,2.342,2.566,1.173,1.320,0,NULL,NULL,,3,0,2,7,255,951,250,0,0
stim,75254,105375,0,105375,3302689.454,-0.583,-0.083,0.232,0.774,0,0,0,0,0,0,0,43,63,1.419,1,2135,0,426.612,31.158,339.188,247.563,-75.250,1.891,-0.008,3.770,1.043,31.141,13.836,2.142,2.360,1.173,1.320,0,NULL,NULL,,3,0,2,7,255,951,250,0,0
stim,75254,105375,0,105375,3302694.455,-0.586,-0.086,0.247,0.767,0,0,0,0,0,0,0,53,63,1.419,1,2135,0,389.158,32.665,274.563,249.063,-118.438,2.223,0.078,3.941,-1.539,32.629,14.828,1.942,2.152,1.173,1.320,0,NULL,NULL,,3,0,2,7,255,951,250,0,0
stim,75254,105375,0,105375,3302699.454,-0.589,-0.091,0.259,0.760,0,0,0,0,0,0,0,71,63,1.419,1,2135,0,337.415,36.826,181.688,246.250,-142.125,2.730,-0.008,3.797,-2.367,36.750,14.828,1.744,1.940,1.173,1.320,0,NULL,NULL,,3,0,2,7,255,951,250,0,0
stim,75254,105375,0,105375,3302704.455,-0.591,-0.098,0.267,0.754,0,0,0,0,0,0,0,107,63,1.419,1,2135,0,293.017,41.208,85.250,243.313,-139.250,3.211,-0.031,3.316,-2.668,41.121,10.199,1.544,1.730,1.173,1.320,0,NULL,NULL,,3,0,2,7,255,951,250,0,0
stim,75274,105395,0,105395,3302709.454,-0.593,-0.107,0.273,0.750,0,0,0,0,0,0,0,153,63,1.419,1,2135,0,264.542,43.355,15.063,233.625,-123.188,3.574,-0.020,2.695,-4.148,43.156,2.980,1.348,1.520,1.173,1.320,0,NULL,NULL,,3,0,2,7,255,951,250,0,0
stim,75274,105395,0,105395,3302714.455,-0.594,-0.116,0.277,0.746,0,0,0,0,0,0,0,185,63,1.419,1,2135,0,239.106,43.565,-24.500,214.688,-102.375,3.891,-0.133,2.113,-5.957,43.156,-4.758,1.156,1.312,1.173,1.320,0,NULL,NULL,,3,0,2,7,255,951,250,0,0
stim,75274,105395,0,105395,3302719.454,-0.594,-0.124,0.280,0.744,0,0,0,0,0,0,0,237,63,1.419,1,2135,0,208.709,43.248,-44.875,188.000,-78.750,4.207,-0.395,1.539,-5.957,42.836,-12.176,0.966,1.104,1.173,1.320,0,NULL,NULL,,3,0,2,7,255,951,250,0,0
stim,75274,105395,0,105395,3302724.455,-0.594,-0.131,0.282,0.742,0,0,0,0,0,0,0,293,63,1.419,1,2135,0,170.855,42.910,-46.500,156.875,-49.188,4.418,-0.742,0.895,-5.453,42.563,-19.754,0.768,0.874,1.173,1.320,0,NULL,NULL,,3,0,2,7,255,951,250,0,0
stim,75274,105395,0,105395,3302729.454,-0.593,-0.135,0.285,0.741,0,0,0,0,0,0,0,281,63,1.419,1,2135,0,124.156,41.170,-1.500,123.063,-16.375,4.590,-1.227,0.238,-3.426,41.027,-27.379,0.584,0.626,1.173,1.320,0,NULL,NULL,,3,0,2,7,255,951,250,0,0
stim,75274,105395,0,105395,3302734.455,-0.591,-0.135,0.290,0.740,0,0,0,0,0,0,0,251,63,1.419,1,2135,0,110.510,39.363,78.250,70.625,33.188,4.586,-2.078,0.094,-0.004,39.363,-35.035,0.484,0.418,1.173,1.320,0,NULL,NULL,,3,0,2,7,255,951,250,0,0
stim,75316,105437,0,105437,3302739.454,-0.589,-0.129,0.298,0.740,0,0,0,0,0,0,0,232,63,1.419,1,2135,0,241.913,39.904,209.125,28.125,118.313,4.258,-2.141,0.281,7.668,39.160,-35.836,0.486,0.312,1.173,1.320,0,NULL,NULL,,3,0,2,7,255,951,250,0,0
stim,75316,105437,0,105437,3302744.455,-0.584,-0.117,0.309,0.742,0,0,0,77,0,29,0,423,63,1.419,1,2135,0,384.982,40.343,322.063,-31.438,208.563,3.273,-2.633,1.938,8.836,39.363,-35.836,0.526,0.304,1.173,1.320,0,NULL,NULL,,3,0,2,7,255,951,250,0,0
stim,75316,105437,0,105437,3302749.454,-0.571,-0.077,0.335,0.745,335,0,0,598,0,106,0,509,63,1.419,1,2135,0,1152.577,43.763,933.938,-286.813,611.500,2.320,-0.594,8.184,16.902,40.367,-19.652,0.564,0.350,1.173,1.320,0,NULL,NULL,,3,0,2,7,255,951,250,0,0
stim,75316,105437,0,105437,3302754.455,-0.566,-0.055,0.342,0.748,1000,0,0,1318,0,365,0,575,63,1.419,1,2135,0,534.697,67.910,364.188,-241.750,307.938,0.930,1.359,10.840,16.902,65.773,38.832,0.596,0.408,1.173,1.320,0,NULL,NULL,,3,0,2,7,255,951,250,0,0
stim,75316,105437,0,105437,3302759.454,-0.567,-0.068,0.313,0.759,1591,0,0,1743,0,579,0,613,63,1.419,1,2135,0,772.295,67.281,-750.250,-180.500,-31.375,0.742,0.477,6.121,14.164,65.773,38.832,0.630,0.460,1.173,1.320,0,NULL,NULL,,3,0,2,7,255,951,250,0,0
stim,75316,105437,0,105437,3302764.455,-0.558,-0.092,0.264,0.782,2043,0,0,1952,0,952,0,648,63,1.419,1,2136,0,1374.815,38.477,-1345.438,-197.188,202.563,1.477,2.527,0.133,6.512,37.922,36.980,0.658,0.502,1.173,1.320,1,956.000,5.000,,3,0,2,7,255,951,250,0,0
stim,75361,105482,0,105482,3302769.454,-0.544,-0.107,0.226,0.801,2332,0,0,2163,0,1247,0,695,63,1.419,1,2136,0,1084.846,28.750,-1018.750,-182.688,325.063,0.234,3.039,-3.023,-28.078,6.180,-8.035,0.666,0.528,1.173,1.320,1,NULL,NULL,,3,0,2,7,255,951,250,0,0
stim,75361,105482,0,105482,3302774.455,-0.531,-0.106,0.211,0.814,2611,0,0,2468,0,1395,0,747,63,1.419,1,2136,0,526.511,35.459,-347.938,-187.563,347.813,-2.066,0.348,-3.668,-28.078,-21.656,-30.414,0.648,0.540,1.173,1.320,1,NULL,NULL,,3,0,2,7,255,951,250,0,0
stim,75361,105482,0,105482,3302779.454,-0.527,-0.093,0.213,0.818,2781,0,0,2686,0,1434,0,829,63,1.419,1,2136,0,316.359,22.081,148.563,-207.750,186.688,-2.801,-0.977,-0.047,4.309,-21.656,-30.414,0.612,0.542,1.173,1.320,2,NULL,NULL,,3,0,2,7,255,951,250,0,0
stim,75361,105482,0,105482,3302784.455,-0.525,-0.080,0.216,0.820,2873,0,0,2823,0,1485,0,1017,63,1.419,1,2136,0,322.772,19.780,207.188,-209.438,131.875,-1.953,1.426,2.320,4.309,-19.305,-1.988,0.566,0.524,1.173,1.320,2,NULL,NULL,,3,0,2,7,255,951,250,0,0
stim,75361,105482,0,105482,3302789.454,-0.526,-0.074,0.211,0.821,2941,0,0,2909,0,1530,0,1213,63,1.419,1,2136,0,179.989,11.655,-21.813,-178.250,12.125,-1.191,2.395,2.824,-2.742,-11.328,20.949,0.516,0.478,1.173,1.320,2,NULL,NULL,,3,0,2,7,255,951,250,0,0
stim,75361,105482,0,105482,3302794.455,-0.527,-0.073,0.198,0.823,2975,0,0,2955,0,1563,0,1354,63,1.419,1,2136,0,319.622,8.447,-254.813,-191.188,-26.000,-0.930,1.086,1.738,-4.676,-7.035,20.949,0.460,0.406,1.173,1.320,2,NULL,NULL,,3,0,2,7,255,951,250,0,0
stim,75361,105482,0,105482,3302799.454,-0.530,-0.073,0.182,0.825,2991,0,0,3004,0,1595,0,1465,63,1.419,1,2136,0,371.950,6.897,-305.813,-203.188,-59.500,-0.816,-0.395,0.602,-4.676,-5.070,11.180,0.406,0.326,1.173,1.320,2,NULL,NULL,,3,0,2,7,255,951,250,0,0
stim,75361,105482,0,105482,3302804.455,-0.536,-0.072,0.168,0.824,3027,0,0,3038,0,1679,0,1560,63,1.419,1,2136,0,348.897,7.778,-241.938,-205.000,-145.500,-0.461,-1.707,0.617,7.082,-3.215,-2.582,0.364,0.260,1.173,1.320,2,NULL,NULL,,3,0,2,7,255,951,250,0,0
stim,75361,105482,0,105482,3302809.454,-0.543,-0.071,0.155,0.822,3043,0,0,3095,0,1811,0,1641,63,1.419,1,2136,0,335.114,15.979,-194.438,-198.813,-187.000,0.246,-1.809,0.660,15.336,4.488,-5.613,0.334,0.218,1.173,1.320,2,NULL,NULL,,3,0,2,7,255,951,250,0,0
stim,75361,105482,0,105482,3302814.455,-0.549,-0.068,0.145,0.820,3059,0,0,3121,0,1900,0,1691,63,1.419,1,2136,0,284.543,18.717,-141.313,-184.438,-164.250,1.145,-1.668,1.004,15.336,10.730,-5.668,0.314,0.200,1.173,1.320,2,NULL,NULL,,3,0,2,7,255,951,250,0,0
stim,75378,105499,0,105499,3302819.454,-0.552,-0.066,0.137,0.820,3055,0,0,3153,0,2013,34,1751,63,1.419,1,2136,0,210.142,21.644,-121.625,-158.563,-65.000,1.504,-1.750,1.332,10.832,18.738,-5.668,0.302,0.190,1.173,1.320,2,NULL,NULL,,3,0,2,7,255,951,250,0,0
stim,75378,105499,0,105499,3302824.455,-0.550,-0.063,0.130,0.823,3069,0,0,3159,0,2093,89,1779,63,1.419,1,2136,0,194.694,22.076,-114.125,-135.688,80.438,1.246,-1.594,1.098,10.320,19.516,-4.266,0.298,0.182,1.173,1.320,2,NULL,NULL,,3,0,2,7,255,951,250,0,0
stim,75378,105499,0,105499,3302829.454,-0.542,-0.060,0.124,0.829,3079,0,0,3165,37,2215,103,1907,63,1.419,1,2136,0,263.287,21.790,-89.750,-129.500,210.938,0.266,-0.566,0.844,9.691,19.516,-3.227,0.304,0.168,1.173,1.320,2,NULL,NULL,,3,0,2,7,255,951,250,0,0
stim,75378,105499,0,105499,3302834.455,-0.537,-0.057,0.118,0.834,3067,0,0,3183,371,2287,293,2063,63,1.419,1,2136,0,235.802,7.639,-103.625,-137.563,161.063,-1.289,0.414,1.363,3.980,6.520,-3.063,0.320,0.146,1.173,1.320,2,NULL,NULL,,3,0,2,7,255,951,250,0,0
stim,75403,105524,0,105524,3302839.454,-0.537,-0.055,0.112,0.834,3087,0,0,3189,591,2349,295,2197,63,1.419,1,2136,0,137.847,3.785,-80.875,-111.625,1.000,-0.477,0.656,1.453,1.531,-3.461,5.660,0.344,0.122,1.173,1.320,2,NULL,NULL,,3,0,2,7,255,951,250,0,0
stim,75403,105524,0,105524,3302844.455,-0.540,-0.053,0.109,0.833,3079,0,0,3195,935,2407,263,2297,63,1.419,1,2136,0,110.653,5.266,-44.875,-68.000,-74.875,0.508,0.344,1.160,-3.969,-3.461,5.660,0.368,0.100,1.173,1.320,2,NULL,NULL,,3,0,2,7,255,951,250,0,0
stim,75403,105524,0,105524,3302849.454,-0.542,-0.051,0.107,0.832,3064,0,0,3192,1128,2429,264,2374,63,1.419,1,2136,0,74.666,7.633,-2.313,-61.563,-42.188,0.801,0.582,1.363,-5.215,5.574,2.172,0.386,0.082,1.173,1.320,2,NULL,NULL,,3,0,2,7,255,951,250,0,0
stim,75403,105524,0,105524,3302854.455,-0.543,-0.051,0.105,0.832,3067,25,0,3191,1285,2463,285,2427,63,1.419,1,2136,0,58.500,7.633,-28.875,-42.438,-28.063,0.184,0.480,2.004,-5.215,5.574,2.172,0.398,0.072,1.173,1.320,2,NULL,NULL,,3,0,2,7,255,951,250,0,0
stim,75456,105577,0,105577,3302859.454,-0.544,-0.053,0.099,0.831,3063,43,0,3191,1386,2476,308,2470,63,1.419,1,2136,0,142.314,6.454,-134.438,-22.563,-40.875,0.090,-0.051,1.309,-5.102,3.953,2.512,0.408,0.060,1.173,1.320,2,NULL,NULL,,3,0,2,7,255,951,250,0,0
stim,75456,105577,0,105577,3302864.455,-0.544,-0.056,0.094,0.832,3060,105,0,3206,1482,2495,305,2503,63,1.419,1,2136,0,130.619,3.627,-127.938,-17.125,-20.000,0.066,-0.465,0.621,-0.121,3.625,2.512,0.420,0.052,1.173,1.320,2,NULL,NULL,,3,0,2,7,255,951,250,0,0
stim,75456,105577,0,105577,3302869.454,-0.546,-0.057,0.092,0.831,3077,118,0,3193,1561,2503,324,2522,63,1.419,1,2136,0,69.759,5.161,-59.625,-12.625,-33.938,-0.148,-0.492,0.723,3.730,3.566,-2.883,0.432,0.044,1.173,1.320,2,NULL,NULL,,3,0,2,7,255,951,250,0,0
stim,75456,105577,0,105577,3302874.455,-0.547,-0.057,0.091,0.830,3064,133,0,3194,1608,2515,330,2525,63,1.419,1,2136,0,52.530,4.222,-9.500,-11.188,-50.438,-0.012,-0.066,0.910,3.730,1.977,-2.883,0.440,0.036,1.173,1.320,2,NULL,NULL,,3,0,2,7,255,951,250,0,0
stim,75456,105577,0,105577,3302879.454,-0.549,-0.056,0.090,0.829,3076,165,0,3208,1673,2511,327,2547,63,1.419,1,2136,0,45.448,2.006,-14.188,-9.188,-42.188,0.016,0.082,1.172,0.340,1.977,-1.105,0.450,0.032,1.173,1.320,2,NULL,NULL,,3,0,2,7,255,951,250,0,0
stim,75456,105577,0,105577,3302884.455,-0.550,-0.057,0.087,0.829,3067,197,0,3209,1741,2516,342,2555,63,1.419,1,2136,0,56.982,1.935,-49.938,-5.250,-26.938,-0.047,0.016,1.184,-0.375,1.898,1.477,0.456,0.028,1.173,1.320,2,NULL,NULL,,3,0,2,7,255,951,250,0,0
stim,75456,105577,0,105577,3302889.454,-0.551,-0.059,0.085,0.828,3061,226,0,3197,1781,2519,341,2552,63,1.419,1,2136,0,69.414,1.797,-64.313,-2.500,-26.000,-0.125,-0.047,1.027,-0.375,1.758,1.477,0.462,0.024,1.173,1.320,2,NULL,NULL,,3,0,2,7,255,951,250,0,0
stim,75456,105577,0,105577,3302894.455,-0.552,-0.060,0.083,0.828,3063,245,8,3195,1821,2524,343,2557,63,1.419,1,2136,0,59.147,1.067,-47.625,-0.938,-35.063,-0.098,-0.051,0.863,0.430,0.977,0.270,0.468,0.020,1.173,1.320,2,NULL,NULL,,3,0,2,7,255,951,250,0,0
stim,75456,105577,0,105577,3302899.454,-0.553,-0.061,0.082,0.827,3053,248,103,3195,1869,2525,343,2574,63,1.419,1,2136,0,39.729,1.067,-25.688,-1.875,-30.250,-0.027,-0.078,0.910,0.430,0.977,-1.051,0.476,0.016,1.173,1.320,2,NULL,NULL,,3,0,2,7,255,951,250,0,0
stim,75456,105577,0,105577,3302904.455,-0.553,-0.061,0.080,0.827,3048,259,149,3191,1901,2516,306,2579,63,1.419,1,2136,0,26.246,1.734,-22.000,-2.313,-14.125,-0.055,-0.102,1.008,0.430,1.680,-1.051,0.482,0.010,1.173,1.320,2,NULL,NULL,,3,0,2,7,255,951,250,0,0
stim,75456,105577,0,105577,3302909.454,-0.554,-0.061,0.080,0.827,3054,265,232,3183,1933,2523,291,2587,63,1.419,1,2136,0,23.321,1.719,-21.813,-1.750,-8.063,-0.137,0.035,1.008,0.367,1.680,-0.047,0.488,0.006,1.173,1.320,2,NULL,NULL,,3,0,2,7,255,951,250,0,0
stim,75456,105577,0,105577,3302914.455,-0.554,-0.062,0.079,0.826,3045,268,305,3177,1966,2519,285,2591,63,1.419,1,2136,0,21.439,0.550,-15.688,-1.813,-14.500,-0.141,0.168,1.012,-0.328,0.441,0.133,0.490,0.004,1.173,1.320,2,NULL,NULL,,3,0,2,7,255,951,250,0,0
stim,75484,105605,0,105605,3302919.454,-0.555,-0.062,0.078,0.826,3055,260,343,3187,1989,2509,281,2589,63,1.419,1,2136,0,24.656,1.455,-13.813,-2.125,-20.313,-0.090,0.129,1.063,-1.387,0.441,0.219,0.494,0.000,1.173,1.320,2,NULL,NULL,,3,0,2,7,255,951,250,0,0
stim,75484,105605,0,105605,3302924.455,-0.555,-0.062,0.077,0.826,3036,265,395,3181,2008,2507,284,2595,63,1.439,1,2136,1,24.414,1.513,-19.625,-2.063,-14.375,-0.031,0.016,1.043,-1.387,0.605,0.293,0.000,0.000,1.163,1.331,2,NULL,NULL,,3,0,2,7,255,951,250,0,0
stim,75484,105605,0,105605,3302929.455,-0.555,-0.062,0.076,0.826,3045,263,478,3183,2021,2509,269,2592,63,1.439,1,2136,1,20.511,1.308,-20.375,-2.000,-1.250,-0.066,-0.016,0.969,-0.590,1.168,0.293,0.004,0.004,1.163,1.331,2,NULL,NULL,,3,0,2,7,255,951,250,0,0
stim,75484,105605,0,105605,3302934.454,-0.555,-0.063,0.076,0.826,3029,261,539,3175,2037,2495,283,2607,63,1.439,1,2136,1,14.480,1.178,-13.688,-2.875,3.750,-0.164,-0.012,0.957,-0.152,1.168,-0.305,0.008,0.006,1.163,1.331,2,NULL,NULL,,3,0,2,7,255,951,250,0,0
stim,75484,105605,0,105605,3302939.454,-0.555,-0.063,0.076,0.826,3012,255,597,3163,2063,2500,312,2607,63,1.439,1,2136,1,8.309,0.273,-6.563,-4.250,-2.813,-0.219,0.016,0.984,0.102,0.254,-0.305,0.010,0.008,1.163,1.331,2,NULL,NULL,,3,0,2,7,255,951,250,0,0
stim,75484,105605,0,105605,3302944.455,-0.556,-0.062,0.075,0.826,2996,263,668,3143,2078,2491,345,2607,63,1.439,1,2136,1,11.625,0.317,-0.813,-6.375,-9.688,-0.215,0.082,1.012,0.102,-0.301,0.078,0.012,0.010,1.163,1.331,2,NULL,NULL,,3,0,2,7,255,951,250,0,0
stim,75522,105643,0,105643,3302949.454,-0.556,-0.062,0.075,0.825,2982,274,713,3133,2121,2494,368,2617,63,1.439,1,2136,1,14.587,0.676,1.188,-8.563,-11.750,-0.219,0.172,1.063,-0.516,-0.438,0.348,0.014,0.014,1.163,1.331,2,NULL,NULL,,3,0,2,7,255,951,250,0,0
stim,75522,105643,0,105643,3302954.455,-0.556,-0.062,0.075,0.825,2955,277,799,3119,2163,2485,407,2623,63,1.439,1,2136,1,17.951,1.524,-1.250,-10.063,-14.813,-0.242,0.262,1.105,-1.336,-0.734,0.844,0.014,0.014,1.163,1.331,2,NULL,NULL,,3,0,2,7,255,951,250,0,0
stim,75522,105643,0,105643,3302959.454,-0.557,-0.061,0.075,0.825,2933,281,861,3107,2200,2478,427,2629,63,1.439,1,2136,1,26.451,2.419,-6.313,-11.438,-23.000,-0.254,0.313,1.109,-2.090,-1.219,1.332,0.016,0.016,1.163,1.331,2,NULL,NULL,,3,0,2,7,255,951,250,0,0
stim,75522,105643,0,105643,3302964.455,-0.558,-0.061,0.074,0.824,2909,282,934,3087,2235,2469,455,2645,63,1.439,1,2136,1,38.228,2.759,-11.938,-12.250,-34.188,-0.238,0.297,1.105,-2.418,-1.328,1.340,0.016,0.016,1.163,1.331,2,NULL,NULL,,3,0,2,7,255,951,250,0,0
stim,75553,105674,0,105674,3302969.454,-0.560,-0.061,0.073,0.823,2859,275,1003,3055,2276,2467,539,2643,63,1.439,1,2136,0,48.549,2.759,-18.000,-12.313,-43.375,-0.203,0.250,1.086,-2.418,-1.328,1.340,0.018,0.016,1.163,1.331,2,NULL,NULL,,3,0,2,7,255,951,250,0,0
stim,75553,105674,0,105674,3302974.455,-0.562,-0.061,0.072,0.822,2831,279,1105,3033,2315,2460,675,2647,63,1.439,1,2136,0,57.427,2.316,-23.875,-11.813,-50.875,-0.180,0.203,1.063,-2.141,-0.883,1.082,0.020,0.016,1.163,1.331,2,NULL,NULL,,3,0,2,7,255,951,250,0,0
stim,75553,105674,0,105674,3302979.454,-0.564,-0.061,0.071,0.821,2780,273,1192,3019,2340,2453,747,2664,63,1.439,1,2136,0,64.345,1.881,-28.188,-11.500,-56.688,-0.156,0.141,1.035,-1.805,-0.531,0.793,0.020,0.016,1.163,1.331,2,NULL,NULL,,3,0,2,7,255,951,250,0,0
stim,75553,105674,0,105674,3302984.455,-0.566,-0.062,0.069,0.819,2735,280,1277,2972,2365,2429,877,2662,63,1.439,1,2136,0,70.018,1.365,-30.625,-10.250,-62.125,-0.129,0.066,1.000,-1.352,-0.191,0.477,0.022,0.018,1.163,1.331,2,NULL,NULL,,3,0,2,7,255,951,250,0,0
stim,75553,105674,0,105674,3302989.454,-0.568,-0.062,0.068,0.818,2675,279,1385,2957,2402,2427,982,2665,63,1.439,1,2136,0,71.079,0.786,-30.938,-10.875,-63.063,-0.121,-0.012,0.965,-0.750,0.234,0.059,0.022,0.018,1.163,1.331,2,NULL,NULL,,3,0,2,7,255,951,250,0,0
stim,75553,105674,0,105674,3302994.455,-0.570,-0.063,0.066,0.816,2633,271,1464,2917,2425,2415,1061,2665,63,1.439,1,2136,0,70.978,0.499,-30.750,-12.438,-62.750,-0.133,-0.059,0.969,-0.102,0.488,-0.250,0.026,0.020,1.163,1.331,2,NULL,NULL,,3,0,2,7,255,951,250,0,0
stim,75553,105674,0,105674,3302999.454,-0.573,-0.063,0.064,0.815,2541,274,1556,2895,2461,2407,1163,2679,63,1.439,1,2136,0,74.305,0.636,-32.813,-13.063,-65.375,-0.141,-0.078,0.984,0.355,0.527,-0.250,0.026,0.022,1.163,1.331,2,NULL,NULL,,3,0,2,7,255,951,250,0,0
stim,75553,105674,0,105674,3303004.455,-0.575,-0.064,0.062,0.813,2479,269,1672,2853,2477,2401,1255,2685,63,1.439,1,2136,0,79.222,0.683,-38.313,-14.188,-67.875,-0.148,-0.070,1.000,0.434,0.527,-0.090,0.028,0.024,1.163,1.331,2,NULL,NULL,,3,0,2,7,255,951,250,0,0
stim,75574,105695,0,105695,3303009.454,-0.577,-0.065,0.060,0.812,2407,265,1758,2815,2507,2395,1368,2686,63,1.439,1,2136,0,85.297,0.619,-46.250,-14.500,-70.188,-0.141,-0.027,1.008,0.434,0.441,0.082,0.030,0.028,1.163,1.331,2,NULL,NULL,,3,0,2,7,255,951,250,0,0
stim,75574,105695,0,105695,3303014.455,-0.580,-0.065,0.057,0.810,2317,263,1853,2775,2533,2389,1447,2699,63,1.439,1,2136,0,84.897,0.331,-47.688,-15.250,-68.563,-0.109,0.043,0.961,-0.047,0.328,0.082,0.034,0.030,1.163,1.331,2,NULL,NULL,,3,0,2,7,255,951,250,0,0
stim,75574,105695,0,105695,3303019.454,-0.582,-0.066,0.055,0.809,2253,266,1939,2745,2571,2376,1513,2707,63,1.439,1,2136,0,79.182,0.855,-43.563,-16.125,-64.125,-0.094,0.074,0.949,-0.801,0.301,-0.344,0.036,0.034,1.163,1.331,2,NULL,NULL,,3,0,2,7,255,951,250,0,0
stim,75574,105695,0,105695,3303024.455,-0.584,-0.066,0.053,0.807,2151,255,2005,2702,2597,2365,1593,2715,63,1.439,1,2136,0,79.534,0.855,-44.688,-16.750,-63.625,-0.121,0.012,1.023,-0.801,0.301,-0.344,0.042,0.038,1.163,1.331,2,NULL,NULL,,3,0,2,7,255,951,250,0,0
stim,75574,105695,0,105695,3303029.454,-0.586,-0.067,0.050,0.806,2038,251,2073,2649,2617,2361,1673,2725,63,1.439,1,2136,0,88.573,0.661,-55.000,-17.250,-67.250,-0.141,-0.047,1.035,-0.574,0.328,0.281,0.046,0.042,1.163,1.331,2,NULL,NULL,,3,0,2,7,255,951,250,0,0
stim,75574,105695,0,105695,3303034.455,-0.588,-0.068,0.048,0.804,1931,248,2157,2599,2635,2361,1753,2739,63,1.439,1,2136,0,88.388,0.374,-56.313,-17.375,-65.875,-0.094,-0.051,0.938,-0.117,0.355,0.281,0.052,0.046,1.163,1.331,2,NULL,NULL,,3,0,2,7,255,951,250,0,0
stim,75605,105726,0,105726,3303039.454,-0.590,-0.069,0.045,0.803,1837,247,2223,2538,2665,2359,1822,2744,63,1.439,1,2136,0,79.574,0.586,-46.875,-17.938,-61.750,-0.086,-0.047,0.906,-0.117,0.574,-0.602,0.056,0.050,1.163,1.331,2,NULL,NULL,,3,0,2,7,255,951,250,0,0
stim,75605,105726,0,105726,3303044.455,-0.592,-0.069,0.043,0.802,1717,254,2283,2495,2677,2343,1895,2749,63,1.439,1,2136,0,69.722,0.607,-37.313,-18.813,-55.813,-0.086,-0.027,0.949,-0.195,0.574,-0.602,0.062,0.052,1.163,1.331,2,NULL,NULL,,3,0,2,7,255,951,250,0,0
stim,75605,105726,0,105726,3303049.454,-0.594,-0.069,0.041,0.800,1584,253,2347,2437,2701,2345,1971,2764,63,1.439,1,2136,0,69.122,0.680,-36.625,-18.688,-55.563,-0.113,-0.020,1.012,-0.410,0.543,-0.488,0.064,0.054,1.163,1.331,2,NULL,NULL,,3,0,2,7,255,951,250,0,0
stim,75605,105726,0,105726,3303054.455,-0.596,-0.069,0.039,0.799,1437,233,2413,2341,2718,2335,2035,2775,63,1.439,1,2136,0,70.640,0.588,-40.688,-20.125,-54.125,-0.105,-0.039,1.000,-0.410,0.422,0.035,0.066,0.056,1.163,1.331,2,NULL,NULL,,3,0,2,7,255,951,250,0,0
stim,75605,105726,0,105726,3303059.454,-0.597,-0.070,0.037,0.798,1305,225,2473,2275,2735,2333,2099,2782,63,1.439,1,2136,0,65.139,0.552,-39.375,-20.750,-47.563,-0.082,-0.066,0.945,-0.355,0.422,0.035,0.068,0.058,1.163,1.331,2,NULL,NULL,,3,0,2,7,255,951,250,0,0
stim,75605,105726,0,105726,3303064.455,-0.599,-0.070,0.035,0.797,1179,211,2525,2207,2763,2333,2163,2791,63,1.439,1,2136,0,52.841,0.552,-31.000,-22.938,-36.125,-0.086,-0.004,0.930,-0.355,0.422,-0.516,0.066,0.060,1.163,1.331,2,NULL,NULL,,3,0,2,7,255,951,250,0,0
stim,75650,105771,0,105771,3303069.454,-0.600,-0.069,0.033,0.796,1081,207,2571,2121,2780,2319,2227,2798,63,1.439,1,2136,0,48.124,0.818,-24.625,-23.438,-34.063,-0.117,0.035,1.012,-0.742,0.344,-0.516,0.066,0.062,1.163,1.331,2,NULL,NULL,,3,0,2,7,255,951,250,0,0
stim,75650,105771,0,105771,3303074.456,-0.601,-0.069,0.032,0.796,919,191,2617,2051,2807,2322,2283,2813,63,1.439,1,2136,0,47.914,0.798,-29.563,-26.063,-27.250,-0.113,-0.039,1.066,-0.742,0.293,0.133,0.066,0.062,1.163,1.331,2,NULL,NULL,,3,0,2,7,255,951,250,0,0
stim,75650,105771,0,105771,3303079.454,-0.602,-0.069,0.030,0.795,783,187,2647,1913,2814,2316,2341,2837,63,1.439,1,2136,0,57.045,0.520,-37.313,-25.750,-34.625,-0.180,-0.023,1.078,-0.520,0.027,0.699,0.066,0.062,1.163,1.331,2,NULL,NULL,,3,0,2,7,255,951,250,0,0
stim,75650,105771,0,105771,3303084.455,-0.603,-0.069,0.027,0.794,644,167,2694,1779,2843,2309,2385,2845,63,1.439,1,2136,0,64.840,0.477,-40.813,-27.063,-42.500,-0.133,-0.051,1.020,-0.477,0.016,0.699,0.066,0.064,1.163,1.331,2,NULL,NULL,,3,0,2,7,255,951,250,0,0
stim,75650,105771,0,105771,3303089.454,-0.604,-0.069,0.025,0.793,454,146,2727,1637,2847,2297,2423,2851,63,1.439,1,2136,0,63.542,0.520,-37.000,-28.250,-43.250,-0.063,-0.035,0.969,-0.520,0.016,0.270,0.066,0.064,1.163,1.331,2,NULL,NULL,,3,0,2,7,255,951,250,0,0
stim,75650,105771,0,105771,3303094.455,-0.606,-0.069,0.023,0.792,365,116,2759,1483,2875,2293,2473,2857,63,1.439,1,2136,0,53.408,0.826,-27.688,-29.563,-34.813,-0.031,0.004,0.992,-0.629,0.535,-0.164,0.066,0.066,1.163,1.331,2,NULL,NULL,,3,0,2,7,255,951,250,0,0
stim,75672,105793,0,105793,3303099.454,-0.606,-0.068,0.021,0.792,275,93,2779,1327,2875,2278,2507,2869,63,1.439,1,2136,0,47.569,1.355,-26.125,-29.688,-26.438,-0.031,0.012,1.039,-1.137,0.738,-0.164,0.066,0.066,1.163,1.331,2,NULL,NULL,,3,0,2,7,255,951,250,0,0
stim,75672,105793,0,105793,3303104.455,-0.607,-0.068,0.020,0.791,153,89,2807,1159,2893,2266,2547,2872,63,1.439,1,2136,0,50.894,1.355,-28.438,-30.125,-29.563,-0.129,-0.008,1.063,-1.137,0.738,0.293,0.066,0.068,1.163,1.331,2,NULL,NULL,,3,0,2,7,255,951,250,0,0
stim,75672,105793,0,105793,3303109.454,-0.608,-0.068,0.017,0.791,99,79,2839,996,2906,2257,2585,2884,63,1.439,1,2136,0,54.981,1.156,-33.000,-30.750,-31.438,-0.016,-0.074,1.012,-0.883,0.746,0.293,0.068,0.068,1.163,1.331,2,NULL,NULL,,3,0,2,7,255,951,250,0,0
stim,75672,105793,0,105793,3303114.455,-0.609,-0.067,0.016,0.790,41,41,2861,845,2921,2247,2615,2891,63,1.439,1,2136,0,48.352,0.902,-26.188,-31.500,-25.688,-0.059,-0.035,1.016,-0.773,0.465,0.137,0.070,0.068,1.163,1.331,2,NULL,NULL,,3,0,2,7,255,951,250,0,0
stim,75672,105793,0,105793,3303119.454,-0.610,-0.066,0.014,0.790,25,37,2907,727,2936,2234,2643,2907,63,1.439,1,2136,0,43.904,1.025,-22.563,-34.125,-15.938,-0.027,0.016,1.086,-0.773,0.672,0.137,0.072,0.068,1.163,1.331,2,NULL,NULL,,3,0,2,7,255,951,250,0,0
stim,75672,105793,0,105793,3303124.455,-0.610,-0.065,0.013,0.790,11,28,2913,604,2951,2221,2663,2903,63,1.439,1,2136,0,39.360,1.511,-11.938,-37.188,-4.875,-0.109,0.117,1.160,-1.438,0.465,0.742,0.074,0.068,1.163,1.331,2,NULL,NULL,,3,0,2,7,255,951,250,0,0
stim,75695,105816,0,105816,3303129.454,-0.610,-0.064,0.011,0.790,0,20,2926,463,2963,2207,2683,2909,63,1.439,1,2136,0,44.577,2.183,-13.125,-42.563,1.813,-0.117,0.098,1.246,-2.160,-0.316,1.445,0.078,0.070,1.163,1.331,2,NULL,NULL,,3,0,2,7,255,951,250,0,0
stim,75695,105816,0,105816,3303134.455,-0.609,-0.063,0.009,0.790,0,2,2943,389,2973,2199,2708,2911,63,1.439,1,2136,0,50.074,2.183,-22.625,-44.438,4.563,-0.133,-0.027,1.230,-2.160,-0.316,2.285,0.076,0.074,1.163,1.331,2,NULL,NULL,,3,0,2,7,255,951,250,0,0
stim,75695,105816,0,105816,3303139.454,-0.609,-0.062,0.007,0.791,0,0,2955,340,2985,2181,2730,2921,63,1.439,1,2136,0,58.237,0.961,-29.125,-48.625,13.375,-0.125,-0.141,1.207,-0.934,-0.227,2.285,0.072,0.080,1.163,1.331,2,NULL,NULL,,3,0,2,7,255,951,250,0,0
stim,75695,105816,0,105816,3303144.455,-0.608,-0.061,0.004,0.792,0,0,2967,327,2992,2157,2759,2924,63,1.439,1,2136,0,66.541,0.143,-37.813,-51.188,19.438,-0.125,-0.242,1.086,0.137,0.043,2.152,0.066,0.090,1.163,1.331,2,NULL,NULL,,3,0,2,7,255,951,250,0,0
stim,75695,105816,0,105816,3303149.454,-0.607,-0.060,0.002,0.793,0,0,2979,307,3003,2139,2786,2933,63,1.439,1,2136,0,67.876,1.212,-27.000,-55.813,27.625,-0.223,-0.316,1.035,1.211,0.043,1.066,0.060,0.100,1.163,1.331,2,NULL,NULL,,3,0,2,7,255,951,250,0,0
stim,75695,105816,0,105816,3303154.455,-0.606,-0.059,-0.000,0.793,0,0,2983,275,3013,2109,2799,2941,63,1.439,1,2136,0,68.695,2.278,-12.938,-61.438,27.875,-0.270,-0.313,1.078,2.191,-0.621,1.066,0.058,0.110,1.163,1.331,2,NULL,NULL,,3,0,2,7,255,951,250,0,0
stim,75726,105847,0,105847,3303159.454,-0.605,-0.057,-0.003,0.794,0,0,2989,239,3022,2080,2821,2943,63,1.439,1,2136,0,68.318,2.278,-19.188,-64.563,11.438,-0.188,-0.273,1.055,2.191,-0.621,0.875,0.058,0.116,1.163,1.331,2,NULL,NULL,,3,0,2,7,255,951,250,0,0
stim,75726,105847,0,105847,3303164.455,-0.605,-0.056,-0.005,0.794,0,0,3047,213,3033,2039,2839,2963,63,1.439,1,2136,0,67.300,1.787,-15.063,-65.563,2.000,-0.172,-0.219,0.969,1.676,-0.621,0.875,0.060,0.124,1.163,1.331,2,NULL,NULL,,3,0,2,7,255,951,250,0,0
stim,75755,105877,0,105877,3303169.454,-0.605,-0.053,-0.007,0.795,0,0,2999,131,3039,2009,2856,2955,63,1.439,1,2136,0,70.974,1.320,-0.625,-70.625,7.000,-0.121,-0.172,0.992,1.227,-0.488,0.102,0.064,0.134,1.163,1.331,2,NULL,NULL,,3,0,2,7,255,951,250,0,0
stim,75755,105877,0,105877,3303174.455,-0.604,-0.051,-0.008,0.795,0,0,3001,72,3048,1955,2871,2961,63,1.439,1,2136,0,74.757,0.719,11.500,-73.063,10.875,-0.117,-0.156,1.043,0.625,-0.355,0.102,0.068,0.144,1.163,1.331,2,NULL,NULL,,3,0,2,7,255,951,250,0,0
stim,75755,105877,0,105877,3303179.454,-0.604,-0.048,-0.010,0.796,0,0,3002,12,3055,1891,2885,2964,63,1.439,1,2136,0,79.528,0.719,10.813,-77.250,15.500,-0.164,-0.180,1.109,0.625,-0.355,0.586,0.074,0.158,1.163,1.331,3,NULL,NULL,,3,0,2,7,255,951,250,0,0
stim,75755,105877,0,105877,3303184.455,-0.603,-0.045,-0.011,0.796,0,0,3001,3,3063,1818,2900,2965,63,1.439,1,2136,0,83.155,1.061,11.750,-80.813,15.688,-0.172,-0.203,1.145,0.727,-0.773,1.281,0.080,0.170,1.163,1.331,3,NULL,NULL,,3,0,2,7,255,951,250,0,0
stim,75755,105877,0,105877,3303189.454,-0.602,-0.042,-0.013,0.797,0,0,3001,0,3069,1749,2910,2968,63,1.439,1,2136,0,88.001,1.266,14.938,-84.875,17.813,-0.176,-0.227,1.160,0.965,-0.820,1.645,0.088,0.184,1.163,1.331,3,NULL,NULL,,3,0,2,7,255,951,250,0,0
stim,75755,105877,0,105877,3303194.455,-0.602,-0.038,-0.015,0.798,0,0,3000,0,3080,1656,2923,2967,63,1.439,1,2136,0,93.318,1.295,18.875,-90.000,15.875,-0.191,-0.191,1.180,0.965,-0.863,1.813,0.096,0.196,1.163,1.331,3,NULL,NULL,,3,0,2,7,255,951,250,0,0
stim,75755,105877,0,105877,3303199.454,-0.601,-0.035,-0.016,0.798,0,0,2999,0,3087,1545,2933,2967,63,1.439,1,2136,0,98.468,1.518,22.000,-94.750,15.313,-0.168,-0.129,1.227,0.945,-1.188,1.945,0.106,0.210,1.163,1.331,3,NULL,NULL,,3,0,2,7,255,951,250,0,0
stim,75755,105877,0,105877,3303204.455,-0.600,-0.031,-0.018,0.799,0,0,2995,0,3091,1404,2943,2972,63,1.439,1,2136,0,104.444,1.253,21.750,-100.688,17.250,-0.188,-0.039,1.277,0.320,-1.211,2.320,0.116,0.226,1.163,1.331,3,NULL,NULL,,3,0,2,7,255,951,250,0,0
stim,75755,105877,0,105877,3303209.454,-0.599,-0.026,-0.020,0.800,0,0,2985,0,3094,1257,2959,2961,63,1.439,1,2136,0,112.234,1.802,23.688,-107.750,20.625,-0.195,0.031,1.328,-0.477,-1.738,2.746,0.126,0.240,1.163,1.331,3,NULL,NULL,,3,0,2,7,255,951,250,0,0
stim,75755,105877,0,105877,3303214.455,-0.598,-0.022,-0.022,0.801,0,0,2981,0,3096,1117,2970,2957,63,1.439,1,2136,0,116.162,2.364,19.000,-112.938,19.438,-0.227,0.074,1.340,-1.105,-2.090,3.141,0.134,0.254,1.163,1.331,3,NULL,NULL,,3,0,2,7,255,951,250,0,0
stim,75788,105909,0,105909,3303219.454,-0.598,-0.017,-0.024,0.801,0,0,2970,0,3101,937,2976,2949,63,1.439,1,2136,0,122.120,2.852,14.313,-120.750,11.313,-0.246,0.039,1.309,-1.105,-2.629,3.141,0.142,0.268,1.163,1.331,3,NULL,NULL,,3,0,2,7,255,951,250,0,0
stim,75788,105909,0,105909,3303224.455,-0.597,-0.013,-0.027,0.802,0,0,2973,0,3113,744,2995,2951,63,1.439,1,2136,0,128.603,2.774,13.875,-127.625,7.625,-0.207,-0.008,1.336,-0.887,-2.629,3.223,0.150,0.282,1.163,1.331,3,NULL,NULL,,3,0,2,7,255,951,250,0,0
stim,75788,105909,0,105909,3303229.454,-0.597,-0.008,-0.030,0.802,0,0,2943,0,3109,575,2991,2924,63,1.439,1,2136,0,135.452,2.519,10.438,-134.688,9.875,-0.164,-0.012,1.340,-0.539,-2.461,3.223,0.162,0.296,1.163,1.331,3,NULL,NULL,,3,0,2,7,255,951,250,0,0
stim,75788,105909,0,105909,3303234.455,-0.596,-0.003,-0.033,0.802,0,0,2926,0,3109,404,3000,2915,63,1.439,1,2136,0,142.015,2.253,3.063,-141.500,11.688,-0.148,0.000,1.301,-0.539,-2.188,3.223,0.176,0.312,1.163,1.331,3,NULL,NULL,,3,0,2,7,255,951,250,0,0
stim,75788,105909,0,105909,3303239.454,-0.595,0.002,-0.037,0.803,0,0,2909,0,3111,271,3012,2899,63,1.439,1,2136,0,148.703,2.242,-3.500,-148.125,12.625,-0.125,-0.008,1.238,-0.539,-2.176,2.848,0.194,0.330,1.163,1.331,3,NULL,NULL,,3,0,2,7,255,951,250,0,0
stim,75788,105909,0,105909,3303244.455,-0.594,0.007,-0.041,0.803,0,0,2890,0,3112,159,3019,2873,63,1.439,1,2136,0,154.848,2.142,-1.688,-154.188,14.188,-0.113,-0.035,1.188,-0.520,-2.078,2.207,0.214,0.354,1.163,1.331,3,NULL,NULL,,3,0,2,7,255,951,250,0,0
stim,75814,105935,0,105935,3303249.454,-0.593,0.013,-0.045,0.804,0,0,2861,0,3115,59,3025,2845,63,1.439,1,2136,0,162.284,2.088,3.875,-161.250,17.875,-0.137,-0.039,1.160,-0.203,-2.078,1.742,0.244,0.386,1.163,1.331,3,NULL,NULL,,3,0,2,7,255,951,250,0,0
stim,75814,105935,0,105935,3303254.455,-0.592,0.019,-0.048,0.804,0,0,2837,0,3113,13,3033,2822,63,1.439,1,2136,0,168.293,2.321,11.375,-167.375,13.375,-0.137,-0.004,1.176,-0.203,-2.313,1.512,0.284,0.430,1.163,1.331,3,NULL,NULL,,3,0,2,7,255,951,250,0,0
stim,75814,105935,0,105935,3303259.454,-0.591,0.025,-0.052,0.805,0,0,2793,0,3113,0,3037,2782,63,1.439,1,2136,0,177.016,2.595,19.688,-175.375,13.813,-0.109,0.055,1.254,-0.297,-2.578,1.512,0.340,0.488,1.163,1.331,3,NULL,NULL,,3,0,2,7,255,951,250,0,0
stim,75814,105935,0,105935,3303264.455,-0.590,0.032,-0.055,0.805,0,0,2761,0,3115,0,3055,2747,63,1.439,1,2136,0,185.623,2.868,27.875,-182.688,17.438,-0.070,0.086,1.461,-0.891,-2.727,2.227,0.408,0.558,1.163,1.331,3,NULL,NULL,,3,0,2,7,255,951,250,0,0
stim,75854,105975,0,105975,3303269.454,-0.588,0.040,-0.059,0.806,0,0,2706,0,3116,0,3047,2709,63,1.439,1,2136,0,191.279,3.180,36.438,-186.875,18.375,-0.098,0.121,1.656,-1.316,-2.895,4.223,0.488,0.638,1.163,1.331,3,NULL,NULL,,3,0,2,7,255,951,250,0,0
stim,75854,105975,0,105975,3303274.455,-0.586,0.047,-0.063,0.806,0,0,2631,0,3116,0,3055,2651,63,1.439,1,2136,0,198.959,4.010,22.313,-195.500,29.438,-0.129,0.191,1.883,-1.480,-3.727,6.020,0.578,0.728,1.163,1.331,3,NULL,NULL,,3,0,2,7,255,951,250,0,0
stim,75854,105975,0,105975,3303279.454,-0.584,0.055,-0.068,0.807,0,0,2534,0,3109,0,3052,2583,63,1.439,1,2136,0,214.952,5.110,12.063,-209.375,47.125,-0.289,0.203,2.109,-1.543,-4.871,8.035,0.676,0.824,1.163,1.331,3,NULL,NULL,,3,0,2,7,255,951,250,0,0
stim,75854,105975,0,105975,3303284.455,-0.581,0.062,-0.074,0.808,0,0,2442,0,3093,0,3051,2495,63,1.439,1,2136,0,238.759,7.244,-8.375,-230.500,61.688,-0.543,0.227,2.316,-1.543,-7.078,9.891,0.778,0.926,1.163,1.331,3,NULL,NULL,,3,0,2,7,255,951,250,0,0
stim,75854,105975,0,105975,3303289.454,-0.578,0.070,-0.082,0.809,0,0,2323,0,3077,30,3043,2405,63,1.439,1,2136,0,265.905,10.330,-40.000,-256.500,57.563,-0.699,0.328,2.438,-1.188,-10.262,11.277,0.882,1.032,1.163,1.331,3,NULL,NULL,,3,0,2,7,255,951,250,0,0
stim,75854,105975,0,105975,3303294.455,-0.575,0.078,-0.092,0.809,0,0,2184,0,3055,51,3037,2283,63,1.439,1,2136,0,291.597,12.774,-58.313,-282.938,39.688,-0.762,0.465,2.422,-1.188,-12.719,11.277,0.988,1.142,1.163,1.331,3,NULL,NULL,,3,0,2,7,255,951,250,0,0
stim,75854,105975,0,105975,3303299.454,-0.573,0.087,-0.102,0.809,0,0,2031,0,3033,61,3015,2155,63,1.439,1,2136,0,321.579,14.386,-77.688,-311.000,25.625,-0.648,0.664,2.480,-2.164,-14.223,11.316,1.096,1.250,1.163,1.331,3,NULL,NULL,,3,0,2,7,255,951,250,0,0
stim,75854,105975,0,105975,3303304.455,-0.570,0.097,-0.114,0.808,0,0,1890,0,3003,73,2997,2010,63,1.439,1,2136,0,351.549,15.179,-88.063,-339.313,26.438,-0.605,0.742,2.586,-4.281,-14.563,11.316,1.202,1.362,1.163,1.331,3,NULL,NULL,,3,0,2,7,255,951,250,0,0
stim,75874,105995,0,105995,3303309.454,-0.567,0.107,-0.127,0.807,0,0,1753,0,2973,88,2965,1909,63,1.439,1,2136,0,381.122,16.205,-106.563,-364.250,34.938,-0.672,0.863,2.660,-5.086,-15.387,11.730,1.308,1.472,1.163,1.331,3,NULL,NULL,,3,0,2,7,255,951,250,0,0
stim,75874,105995,0,105995,3303314.455,-0.564,0.117,-0.141,0.805,0,0,1657,0,2931,91,2909,1787,63,1.439,1,2136,0,409.207,18.269,-118.750,-390.438,30.125,-0.762,1.043,2.859,-5.914,-17.285,11.918,1.412,1.582,1.163,1.331,3,NULL,NULL,,3,0,2,7,255,951,250,0,0
stim,75874,105995,0,105995,3303319.454,-0.561,0.128,-0.156,0.803,0,0,1531,0,2888,89,2847,1673,63,1.439,1,2136,0,432.630,21.370,-127.438,-413.250,12.375,-0.852,1.148,3.156,-7.188,-20.125,12.391,1.514,1.690,1.163,1.331,3,NULL,NULL,,3,0,2,7,255,951,250,0,0
stim,75874,105995,0,105995,3303324.455,-0.558,0.139,-0.172,0.800,0,0,1403,0,2835,77,2774,1549,63,1.439,1,2136,0,469.641,24.295,-166.813,-438.938,8.375,-0.988,1.020,3.219,-7.188,-23.207,13.031,1.618,1.798,1.163,1.331,3,NULL,NULL,,3,0,2,7,255,951,250,0,0
stim,75874,105995,0,105995,3303329.454,-0.556,0.150,-0.191,0.795,0,0,1288,0,2745,61,2652,1427,63,1.439,1,2136,0,510.469,25.010,-220.063,-460.563,-5.813,-0.945,0.801,3.020,-6.195,-24.230,13.031,1.720,1.908,1.163,1.331,3,NULL,NULL,,3,0,2,7,255,951,250,0,0
stim,75874,105995,0,105995,3303334.455,-0.554,0.161,-0.210,0.790,0,0,1125,0,2647,59,2493,1285,63,1.439,1,2136,0,519.424,24.638,-208.938,-474.500,-31.563,-0.895,0.500,2.867,-4.461,-24.230,10.715,1.826,2.018,1.163,1.331,3,NULL,NULL,,3,0,2,7,255,951,250,0,0
stim,75905,106026,0,106026,3303339.454,-0.551,0.174,-0.228,0.784,0,0,888,0,2496,21,2311,1125,63,1.439,1,2136,0,523.835,23.185,-179.438,-490.875,-35.313,-0.809,0.270,2.930,-1.965,-23.102,9.398,1.932,2.128,1.163,1.331,3,NULL,NULL,,3,0,2,7,255,951,250,0,0
stim,75905,106026,1,106026,3303344.455,-0.547,0.187,-0.246,0.778,0,0,685,0,2317,0,2039,959,63,1.439,1,2136,0,538.370,22.989,-181.188,-506.375,-24.438,-0.727,-0.031,3.008,-0.160,-22.988,9.398,2.038,2.236,1.163,1.331,3,NULL,NULL,,3,1,2,7,255,951,250,0,0
stim,75905,106026,1,106026,3303349.454,-0.542,0.200,-0.265,0.772,0,0,493,0,2058,0,1705,825,63,1.439,1,2136,0,561.811,23.069,-206.875,-522.250,9.438,-0.750,-0.332,2.711,2.313,-22.953,9.398,2.138,2.336,1.163,1.331,3,NULL,NULL,,3,1,2,7,255,951,250,0,0
stim,75905,106026,1,106026,3303354.455,-0.537,0.212,-0.285,0.765,0,0,307,0,1754,0,1258,699,63,1.439,1,2136,0,573.574,22.078,-209.438,-533.875,10.000,-0.582,-0.496,2.070,5.152,-21.469,7.082,2.220,2.418,1.163,1.331,3,NULL,NULL,,3,1,2,7,255,951,250,0,0
stim,75905,106026,1,106026,3303359.454,-0.530,0.227,-0.303,0.759,0,0,229,0,1401,0,667,579,63,1.439,1,2136,0,569.530,17.649,-143.750,-550.813,17.500,-0.496,-0.609,1.578,6.172,-16.535,2.738,2.286,2.482,1.163,1.331,3,NULL,NULL,,3,1,2,7,255,951,250,0,0
stim,75905,106026,1,106026,3303364.455,-0.522,0.243,-0.319,0.753,0,0,105,0,1047,0,187,458,63,1.439,1,2136,0,562.081,14.267,-68.625,-557.438,22.125,-0.266,-0.219,1.539,6.172,-12.863,-0.668,2.344,2.542,1.163,1.331,3,NULL,NULL,,3,1,2,7,255,951,250,0,0
stim,75955,106076,1,106076,3303369.454,-0.511,0.261,-0.331,0.749,0,0,91,0,525,0,0,361,63,1.439,1,2136,0,560.512,13.175,35.625,-556.625,55.438,-0.582,-0.020,2.207,2.848,-12.863,-0.668,2.416,2.616,1.163,1.331,3,NULL,NULL,,3,1,2,7,255,951,250,0,0
stim,75955,106076,1,106076,3303374.456,-0.497,0.277,-0.344,0.747,0,0,47,0,93,0,0,287,63,1.439,1,2136,0,596.506,20.236,32.000,-572.500,164.438,-1.129,0.250,2.617,2.613,-20.066,-0.973,2.510,2.714,1.163,1.331,3,NULL,NULL,,3,1,2,7,255,951,250,0,0
stim,75955,106076,1,106076,3303379.454,-0.482,0.291,-0.361,0.743,0,0,20,0,0,0,0,235,63,1.439,1,2136,0,602.362,27.333,-72.250,-566.438,191.750,-1.445,0.824,2.402,2.535,-27.215,-3.367,2.610,2.818,1.163,1.331,3,NULL,NULL,,3,1,2,7,255,951,250,0,0
stim,75955,106076,1,106076,3303384.455,-0.472,0.301,-0.380,0.736,0,0,19,0,0,0,0,153,63,1.439,1,2136,0,563.095,27.237,-196.750,-513.688,120.375,-1.156,1.473,1.797,-1.102,-27.215,-9.844,2.702,2.912,1.163,1.331,4,NULL,NULL,,3,1,2,7,255,951,250,0,0
stim,75955,106076,1,106076,3303389.454,-0.466,0.308,-0.399,0.727,0,0,19,0,0,0,0,105,63,1.439,1,2136,0,527.248,25.210,-285.438,-440.000,54.000,-0.684,1.844,1.301,-8.254,-23.820,-13.934,2.782,2.990,1.163,1.331,0,NULL,NULL,,3,1,2,7,255,951,250,0,0
stim,75955,106076,1,106076,3303394.455,-0.461,0.307,-0.421,0.718,0,0,21,0,0,0,0,91,63,1.439,1,2136,0,551.600,22.212,-419.875,-333.438,129.563,-0.824,1.773,0.625,-12.867,-18.105,-14.711,2.850,3.060,1.163,1.331,0,NULL,NULL,,3,1,2,7,255,951,250,0,0
stim,75973,106094,1,106094,3303399.454,-0.460,0.303,-0.441,0.709,0,0,16,0,0,0,0,83,63,1.439,1,2136,0,521.061,18.127,-459.938,-217.563,112.375,-0.523,1.711,-0.426,-13.461,-12.141,-19.598,2.912,3.124,1.163,1.331,0,NULL,NULL,,3,1,2,7,255,951,250,0,0
stim,75973,106094,1,106094,3303404.455,-0.460,0.301,-0.450,0.704,0,0,13,0,0,0,0,52,63,1.439,1,2136,0,242.360,12.902,-222.375,-93.813,22.063,-0.676,0.066,-0.680,-12.867,-0.941,-19.598,2.964,3.176,1.163,1.331,0,NULL,NULL,,3,1,2,7,255,951,250,0,0
stim,75973,106094,1,106094,3303409.454,-0.459,0.302,-0.449,0.704,0,0,10,0,0,0,0,62,63,1.439,1,2136,0,48.584,2.274,43.125,-21.125,-7.375,-1.082,-1.309,0.789,2.070,-0.941,-18.293,3.004,3.218,1.163,1.331,0,NULL,NULL,,3,1,2,7,255,951,250,0,0
stim,75973,106094,1,106094,3303414.456,-0.462,0.301,-0.448,0.704,0,0,9,0,0,0,0,68,63,1.439,1,2136,0,76.052,17.622,-19.063,62.250,-39.313,-1.414,-1.109,1.949,14.996,-9.254,-10.852,3.030,3.246,1.163,1.331,0,NULL,NULL,,3,1,2,7,255,951,250,0,0
stim,75973,106094,1,106094,3303419.455,-0.470,0.294,-0.450,0.700,0,0,9,0,0,0,0,56,63,1.439,1,2136,0,256.858,22.916,-199.438,144.375,-73.188,-1.203,0.168,1.391,14.996,-17.328,-10.852,3.050,3.268,1.163,1.331,0,NULL,NULL,,3,1,2,7,255,951,250,0,0
stim,75973,106094,1,106094,3303424.454,-0.479,0.284,-0.452,0.697,0,0,12,0,0,0,0,25,63,1.439,1,2136,0,318.708,17.493,-231.250,206.563,-73.688,-0.941,1.305,0.191,2.395,-17.328,-14.648,3.064,3.284,1.163,1.331,0,NULL,NULL,,3,1,2,7,255,951,250,0,0
stim,76003,106124,1,106124,3303429.455,-0.487,0.276,-0.450,0.696,0,0,10,0,0,0,0,21,63,1.439,1,2136,0,264.305,10.968,-118.063,232.563,-42.813,-0.801,1.629,-0.094,-8.539,-6.883,-21.422,3.078,3.300,1.163,1.331,0,NULL,NULL,,3,1,2,7,255,951,250,0,0
stim,76003,106124,1,106124,3303434.453,-0.493,0.269,-0.445,0.698,0,0,7,0,0,0,0,17,63,1.439,1,2136,0,245.960,10.968,-21.063,243.438,-28.125,-1.020,0.902,0.453,-8.539,-6.883,-21.422,3.092,3.316,1.163,1.331,0,NULL,NULL,,3,1,2,7,255,951,250,0,0
stim,76003,106124,1,106124,3303439.455,-0.500,0.261,-0.440,0.699,0,0,7,0,0,0,0,11,63,1.439,1,2136,0,260.670,10.554,-44.563,253.375,-42.000,-1.027,0.281,0.871,-4.980,-9.305,-19.215,3.110,3.334,1.163,1.331,0,NULL,NULL,,3,1,2,7,255,951,250,0,0
stim,76003,106124,1,106124,3303444.454,-0.507,0.252,-0.437,0.698,0,0,4,0,0,0,0,27,63,1.439,1,2136,0,284.805,9.305,-108.750,259.500,-44.125,-0.859,0.055,0.563,0.117,-9.305,-14.961,3.130,3.358,1.163,1.331,0,NULL,NULL,,3,1,2,7,255,951,250,0,0
stim,76003,106124,1,106124,3303449.455,-0.515,0.242,-0.435,0.698,0,0,7,0,0,0,0,25,63,1.439,1,2136,0,290.605,9.012,-122.875,261.250,-33.188,-0.629,0.289,-0.090,0.117,-9.012,-14.961,3.156,3.384,1.163,1.331,0,NULL,NULL,,3,1,2,7,255,951,250,0,0
stim,76003,106124,1,106124,3303454.453,-0.521,0.233,-0.431,0.699,0,0,1,0,0,0,0,26,63,1.439,1,2136,0,268.261,2.648,-70.438,258.688,-9.125,-0.512,0.504,-0.449,-0.430,-2.613,-16.148,3.186,3.416,1.163,1.331,0,NULL,NULL,,3,1,2,7,255,951,250,0,0
stim,76024,106145,1,106145,3303459.455,-0.526,0.225,-0.425,0.701,0,0,0,0,0,0,0,25,63,1.439,1,2136,0,257.684,2.309,-5.063,257.500,8.313,-0.488,0.500,-0.438,-2.227,0.613,-17.574,3.220,3.452,1.163,1.331,0,NULL,NULL,,3,1,2,7,255,951,250,0,0
stim,76024,106145,1,106145,3303464.453,-0.530,0.217,-0.418,0.705,0,0,3,0,0,0,0,29,63,1.439,1,2136,0,264.422,2.309,35.313,261.250,20.500,-0.465,0.387,-0.258,-2.227,0.613,-17.574,3.258,3.492,1.163,1.331,0,NULL,NULL,,3,1,2,7,255,951,250,0,0
stim,76059,106180,1,106180,3303469.455,-0.534,0.210,-0.411,0.709,0,0,0,0,0,0,0,24,63,1.439,1,2136,0,275.084,1.813,54.000,267.938,31.063,-0.422,0.258,-0.141,-1.621,-0.813,-16.020,3.298,3.534,1.163,1.331,0,NULL,NULL,,3,1,2,7,255,951,250,0,0
stim,76059,106180,1,106180,3303474.454,-0.537,0.202,-0.402,0.713,0,0,0,0,0,0,0,24,63,1.439,1,2136,0,286.399,1.797,73.500,273.125,45.000,-0.395,0.250,-0.066,-0.934,-1.535,-14.566,3.340,3.576,1.163,1.331,0,NULL,NULL,,3,1,2,7,255,951,250,0,0
stim,76059,106180,1,106180,3303479.455,-0.539,0.195,-0.393,0.719,0,0,0,0,0,0,0,22,63,1.439,1,2136,0,301.742,2.264,97.438,279.625,58.000,-0.406,0.324,0.105,-0.934,-2.063,-13.891,3.382,3.620,1.163,1.331,0,NULL,NULL,,3,1,2,7,255,951,250,0,0
stim,76059,106180,1,106180,3303484.453,-0.542,0.188,-0.383,0.724,0,0,0,0,0,0,0,18,63,1.439,1,2136,0,314.274,4.062,111.000,286.688,65.250,-0.422,0.344,0.289,-1.840,-3.621,-13.191,3.422,3.662,1.163,1.331,0,NULL,NULL,,3,1,2,7,255,951,250,0,0
stim,76059,106180,1,106180,3303489.455,-0.544,0.180,-0.373,0.730,0,0,0,0,0,0,0,5,63,1.439,1,2136,0,324.951,5.674,118.938,295.375,64.813,-0.441,0.367,0.473,-2.281,-5.195,-12.141,3.464,3.704,1.163,1.331,0,NULL,NULL,,3,1,2,7,255,951,250,0,0
stim,76059,106180,1,106180,3303494.454,-0.546,0.172,-0.362,0.735,0,0,0,0,0,0,0,0,63,1.439,1,2136,0,332.224,7.283,117.750,305.313,57.375,-0.430,0.363,0.648,-2.715,-6.758,-11.027,3.502,3.744,1.163,1.331,0,NULL,NULL,,3,1,2,7,255,951,250,0,0
stim,76059,106180,1,106180,3303499.455,-0.549,0.164,-0.351,0.741,0,0,0,0,0,0,0,0,63,1.439,1,2136,0,340.730,8.484,110.813,317.500,54.875,-0.352,0.305,0.766,-2.965,-7.949,-9.621,3.540,3.782,1.163,1.331,0,NULL,NULL,,3,1,2,7,255,951,250,0,0
stim,76059,106180,1,106180,3303504.453,-0.552,0.155,-0.340,0.746,0,0,0,0,0,0,0,1,63,1.439,1,2136,0,349.909,8.671,102.125,329.500,58.625,-0.340,0.273,0.852,-2.965,-8.148,-7.883,3.574,3.818,1.163,1.331,0,NULL,NULL,,3,1,2,7,255,951,250,0,0
stim,76059,106180,1,106180,3303509.455,-0.554,0.145,-0.329,0.750,0,0,0,0,0,0,0,1,63,1.439,1,2136,0,357.927,8.992,93.625,340.625,57.625,-0.387,0.262,0.914,-2.863,-8.523,-6.883,3.604,3.850,1.163,1.331,0,NULL,NULL,,3,1,2,7,255,951,250,0,0
stim,76059,106180,1,106180,3303514.454,-0.558,0.135,-0.318,0.755,0,0,0,0,0,0,0,0,63,1.439,1,2136,0,364.201,9.529,85.938,350.500,49.063,-0.406,0.230,0.953,-2.730,-9.129,-6.395,3.630,3.878,1.163,1.331,0,NULL,NULL,,3,1,2,7,255,951,250,0,0
stim,76087,106208,1,106208,3303519.455,-0.561,0.125,-0.307,0.758,0,0,0,0,0,0,0,3,63,1.439,1,2136,0,370.246,9.467,79.125,359.375,40.875,-0.348,0.168,0.945,-2.508,-9.129,-5.813,3.654,3.902,1.163,1.331,0,NULL,NULL,,3,1,2,7,255,951,250,0,0
stim,76087,106208,1,106208,3303524.454,-0.564,0.114,-0.296,0.762,0,0,0,0,0,0,0,4,63,1.439,1,2136,0,377.132,8.891,76.313,366.625,44.625,-0.285,0.129,0.902,-2.176,-8.621,-5.070,3.676,3.924,1.163,1.331,0,NULL,NULL,,3,1,2,7,255,951,250,0,0
stim,76087,106208,1,106208,3303529.455,-0.568,0.103,-0.284,0.766,0,0,0,0,0,0,0,9,63,1.439,1,2136,0,381.875,8.362,74.875,372.000,42.875,-0.363,0.184,0.883,-2.176,-8.074,-5.070,3.698,3.946,1.163,1.331,0,NULL,NULL,,3,1,2,7,255,951,250,0,0
stim,76087,106208,1,106208,3303534.453,-0.571,0.092,-0.272,0.769,0,0,0,0,0,0,0,13,63,1.439,1,2136,0,385.517,7.915,78.875,376.188,29.750,-0.352,0.152,0.824,-1.977,-7.664,-5.141,3.722,3.970,1.163,1.331,0,NULL,NULL,,3,1,2,7,255,951,250,0,0
stim,76087,106208,1,106208,3303539.455,-0.575,0.082,-0.260,0.771,0,0,0,0,0,0,0,10,63,1.439,1,2136,0,389.544,7.706,90.188,378.250,23.188,-0.277,0.094,0.805,-1.941,-7.457,-5.141,3.746,3.996,1.163,1.331,0,NULL,NULL,,3,1,2,7,255,951,250,0,0
stim,76087,106208,1,106208,3303544.454,-0.578,0.071,-0.247,0.774,0,0,0,0,0,0,0,10,63,1.439,1,2136,0,392.708,6.668,101.500,378.375,27.375,-0.242,0.070,0.809,-1.648,-6.461,-4.629,3.770,4.022,1.163,1.331,0,NULL,NULL,,3,1,2,7,255,951,250,0,0
stim,76116,106237,1,106237,3303549.455,-0.581,0.061,-0.233,0.777,0,0,0,0,0,0,0,10,63,1.439,1,2136,0,395.427,6.347,113.813,377.563,29.250,-0.262,0.105,0.840,-1.648,-6.129,-4.152,3.796,4.048,1.163,1.331,0,NULL,NULL,,3,1,2,7,255,951,250,0,0
stim,76116,106237,1,106237,3303554.453,-0.584,0.052,-0.219,0.780,0,0,0,0,0,0,0,9,63,1.439,1,2136,0,396.968,6.423,129.438,374.375,25.938,-0.273,0.137,0.898,-1.922,-6.129,-3.863,3.820,4.072,1.163,1.331,0,NULL,NULL,,3,1,2,7,255,951,250,0,0
stim,76116,106237,1,106237,3303559.455,-0.587,0.043,-0.205,0.782,0,0,0,0,0,0,0,20,63,1.439,1,2136,0,398.195,6.540,144.750,370.438,19.563,-0.199,0.117,0.980,-2.281,-6.129,-3.309,3.842,4.096,1.163,1.331,0,NULL,NULL,,3,1,2,7,255,951,250,0,0
stim,76116,106237,1,106237,3303564.454,-0.590,0.034,-0.190,0.784,0,0,0,0,0,0,0,22,63,1.439,1,2136,0,398.819,6.183,157.000,366.000,21.250,-0.063,0.051,1.023,-2.379,-5.707,-2.070,3.860,4.114,1.163,1.331,0,NULL,NULL,,3,1,2,7,255,951,250,0,0
stim,76154,106275,1,106275,3303569.455,-0.592,0.026,-0.175,0.786,0,0,0,0,0,0,0,9,63,1.439,1,2136,0,400.177,4.909,171.063,360.500,30.313,-0.031,0.082,1.129,-2.523,-4.211,-0.926,3.872,4.124,1.163,1.331,0,NULL,NULL,,3,1,2,7,255,951,250,0,0
stim,76154,106275,1,106275,3303574.454,-0.593,0.018,-0.160,0.789,0,0,0,0,0,0,0,8,63,1.439,1,2136,0,401.935,4.929,183.750,355.313,39.250,0.023,0.164,1.199,-2.902,-3.984,0.164,3.874,4.130,1.163,1.331,0,NULL,NULL,,3,1,2,7,255,951,250,0,0
stim,76154,106275,1,106275,3303579.455,-0.594,0.011,-0.144,0.791,0,0,0,0,0,0,0,11,63,1.439,1,2136,0,405.301,5.417,197.000,350.188,53.188,0.004,0.219,1.324,-3.895,-3.766,0.887,3.870,4.128,1.163,1.331,0,NULL,NULL,,3,1,2,7,255,951,250,0,0
stim,76154,106275,1,106275,3303584.454,-0.594,0.004,-0.128,0.794,0,0,0,0,0,0,0,12,63,1.439,1,2136,0,409.155,5.749,207.688,346.375,65.563,-0.031,0.195,1.484,-4.344,-3.766,2.035,3.858,4.118,1.163,1.331,0,NULL,NULL,,3,1,2,7,255,951,250,0,0
stim,76154,106275,1,106275,3303589.455,-0.594,-0.003,-0.111,0.797,0,0,0,0,0,0,0,11,63,1.439,1,2136,0,410.765,5.974,214.938,343.313,68.313,-0.105,0.230,1.652,-4.469,-3.965,3.703,3.838,4.098,1.163,1.331,0,NULL,NULL,,3,1,2,7,255,951,250,0,0
stim,76154,106275,0,106275,3303594.453,-0.594,-0.009,-0.095,0.799,0,0,0,0,0,0,0,9,63,1.439,1,2136,0,409.329,6.488,217.813,340.688,63.563,-0.129,0.262,1.840,-4.609,-4.566,5.270,3.804,4.066,1.163,1.331,0,NULL,NULL,,3,0,2,7,255,953,250,0,0
stim,76154,106275,0,106275,3303599.455,-0.593,-0.016,-0.078,0.801,0,0,0,0,0,0,0,10,63,1.439,1,2136,0,404.317,6.745,212.750,338.563,59.875,-0.145,0.262,2.020,-4.965,-4.566,7.188,3.754,4.018,1.163,1.331,0,NULL,NULL,,3,0,2,7,255,953,250,0,0
stim,76154,106275,0,106275,3303604.453,-0.593,-0.022,-0.063,0.803,0,0,0,0,0,0,0,7,63,1.439,1,2136,0,396.366,6.625,201.625,336.125,58.938,-0.172,0.234,2.164,-4.965,-4.387,9.090,3.690,3.956,1.163,1.331,0,NULL,NULL,,3,0,2,7,255,953,250,0,0
stim,76179,106300,0,106300,3303609.455,-0.592,-0.029,-0.047,0.804,0,0,0,0,0,0,0,6,63,1.439,1,2136,0,386.802,6.230,186.875,334.250,54.500,-0.199,0.176,2.227,-4.727,-4.059,10.684,3.610,3.878,1.163,1.331,0,NULL,NULL,,3,0,2,7,255,953,250,0,0
stim,76179,106300,0,106300,3303614.454,-0.592,-0.037,-0.032,0.804,0,0,0,0,0,0,0,8,63,1.439,1,2136,0,379.254,5.370,174.938,333.500,44.813,-0.203,0.098,2.215,-4.063,-3.512,11.539,3.518,3.788,1.163,1.331,0,NULL,NULL,,3,0,2,7,255,953,250,0,0
stim,76179,106300,0,106300,3303619.455,-0.592,-0.044,-0.017,0.805,0,0,0,0,0,0,0,2,63,1.439,1,2136,0,375.498,4.095,170.563,332.875,33.188,-0.188,0.031,2.164,-3.156,-2.609,11.539,3.416,3.686,1.163,1.331,0,NULL,NULL,,3,0,2,7,255,953,250,0,0
stim,76179,106300,0,106300,3303624.454,-0.592,-0.051,-0.002,0.804,0,0,0,0,0,0,0,5,63,1.439,1,2136,0,375.990,2.880,173.938,332.688,20.813,-0.148,-0.031,2.109,-2.422,-1.559,11.297,3.300,3.572,1.163,1.331,0,NULL,NULL,,3,0,2,7,255,953,250,0,0
stim,76180,106301,0,106301,3303629.455,-0.592,-0.058,0.013,0.803,0,0,0,0,0,0,0,6,63,1.439,1,2136,0,380.210,1.773,184.438,332.375,8.313,-0.098,-0.137,2.055,-1.734,-0.367,10.863,3.170,3.442,1.163,1.331,0,NULL,NULL,,3,0,2,7,255,953,250,0,0
stim,76180,106301,0,106301,3303634.454,-0.593,-0.064,0.028,0.802,0,0,0,0,0,0,0,6,63,1.439,1,2136,0,388.213,1.283,202.313,331.313,-3.375,-0.016,-0.273,2.004,-0.707,1.070,10.348,3.026,3.298,1.163,1.331,0,NULL,NULL,,3,0,2,7,255,953,250,0,0
stim,76203,106324,0,106324,3303639.455,-0.594,-0.070,0.044,0.800,0,0,0,0,0,0,0,8,63,1.439,1,2136,0,401.170,2.851,229.375,328.813,-14.375,0.105,-0.402,2.000,0.551,2.797,9.809,2.868,3.140,1.163,1.331,0,NULL,NULL,,3,0,2,7,255,953,250,0,0
stim,76203,106324,0,106324,3303644.453,-0.596,-0.074,0.062,0.798,0,0,0,0,0,0,0,11,63,1.439,1,2136,0,417.034,5.143,260.813,324.500,-24.375,0.293,-0.418,2.078,1.504,4.918,9.688,2.696,2.964,1.163,1.331,0,NULL,NULL,,3,0,2,7,255,953,250,0,0
stim,76203,106324,0,106324,3303649.455,-0.597,-0.078,0.080,0.794,0,0,0,0,0,0,0,43,63,1.439,1,2136,0,433.985,7.622,291.813,319.563,-32.688,0.543,-0.352,2.215,1.504,7.473,9.688,2.514,2.778,1.163,1.331,0,NULL,NULL,,3,0,2,7,255,953,250,0,0
stim,76203,106324,0,106324,3303654.454,-0.598,-0.081,0.099,0.791,0,0,0,0,0,0,0,55,63,1.439,1,2136,0,449.309,10.506,318.125,315.188,-36.500,0.789,-0.289,2.383,0.461,10.496,10.184,2.326,2.584,1.163,1.331,0,NULL,NULL,,3,0,2,7,255,953,250,0,0
stim,76203,106324,0,106324,3303659.455,-0.600,-0.083,0.118,0.787,0,0,0,0,0,0,0,59,63,1.439,1,2136,0,457.105,13.635,335.750,308.250,-34.625,1.016,-0.313,2.555,-0.254,13.633,10.816,2.138,2.386,1.163,1.331,0,NULL,NULL,,3,0,2,7,255,953,250,0,0
stim,76203,106324,0,106324,3303664.453,-0.601,-0.084,0.138,0.783,0,0,0,0,0,0,0,53,63,1.439,1,2136,0,458.430,16.896,344.313,301.250,-29.250,1.191,-0.441,2.645,-0.254,16.895,10.988,1.954,2.188,1.163,1.331,0,NULL,NULL,,3,0,2,7,255,953,250,0,0
stim,76254,106375,0,106375,3303669.455,-0.601,-0.085,0.157,0.779,0,0,0,0,0,0,0,55,63,1.439,1,2136,0,455.764,19.792,348.750,292.625,-21.563,1.332,-0.543,2.676,1.098,19.762,10.988,1.772,1.994,1.163,1.331,0,NULL,NULL,,3,0,2,7,255,953,250,0,0
stim,76254,106375,0,106375,3303674.454,-0.601,-0.086,0.177,0.774,0,0,0,0,0,0,0,59,63,1.439,1,2136,0,461.540,22.142,360.938,286.750,-22.750,1.410,-0.586,2.738,2.285,22.023,10.016,1.592,1.800,1.163,1.331,0,NULL,NULL,,3,0,2,7,255,953,250,0,0
stim,76254,106375,0,106375,3303679.455,-0.602,-0.086,0.197,0.769,0,0,0,0,0,0,0,53,63,1.439,1,2136,0,464.873,23.852,369.375,280.625,-30.313,1.410,-0.508,2.941,3.168,23.641,10.016,1.412,1.604,1.163,1.331,0,NULL,NULL,,3,0,2,7,255,953,250,0,0
stim,76254,106375,0,106375,3303684.453,-0.603,-0.086,0.216,0.763,0,0,0,0,0,0,0,53,63,1.439,1,2136,0,460.999,25.072,368.188,272.813,-50.313,1.492,-0.313,3.316,3.168,24.871,10.586,1.222,1.400,1.163,1.331,0,NULL,NULL,,3,0,2,7,255,953,250,0,0
stim,76254,106375,0,106375,3303689.455,-0.604,-0.086,0.234,0.757,0,0,0,0,0,0,0,67,63,1.439,1,2136,0,436.219,27.471,336.313,265.688,-81.188,1.781,-0.016,3.648,2.297,27.375,13.074,1.014,1.170,1.163,1.331,0,NULL,NULL,,3,0,2,7,255,953,250,0,0
stim,76254,106375,0,106375,3303694.453,-0.607,-0.089,0.249,0.750,0,0,0,0,0,0,0,77,63,1.439,1,2136,0,387.755,31.457,266.188,259.875,-109.375,2.223,0.098,3.773,-0.059,31.457,13.074,0.796,0.916,1.163,1.331,0,NULL,NULL,,3,0,2,7,255,953,250,0,0
stim,76254,106375,0,106375,3303699.455,-0.608,-0.094,0.260,0.744,0,0,0,0,0,0,0,107,63,1.439,1,2136,0,323.402,36.308,167.500,253.125,-111.625,2.688,-0.023,3.547,-1.160,36.289,13.020,0.614,0.664,1.163,1.331,0,NULL,NULL,,3,0,2,7,255,953,250,0,0
stim,76254,106375,0,106375,3303704.454,-0.609,-0.101,0.269,0.739,0,0,0,0,0,0,0,136,63,1.439,1,2136,0,270.921,39.857,81.188,241.375,-92.438,3.063,-0.188,3.047,-1.160,39.840,7.828,0.534,0.468,1.163,1.331,0,NULL,NULL,,3,0,2,7,255,953,250,0,0
stim,76271,106392,0,106392,3303709.455,-0.609,-0.108,0.275,0.736,0,0,0,0,0,0,0,181,63,1.439,1,2136,0,239.663,40.692,31.938,226.250,-72.313,3.336,-0.266,2.492,-1.160,40.676,0.605,0.558,0.374,1.163,1.331,0,NULL,NULL,,3,0,2,7,255,953,250,0,0
stim,76271,106392,0,106392,3303714.453,-0.609,-0.115,0.281,0.733,0,0,0,0,0,0,0,227,63,1.439,1,2136,0,215.293,40.710,6.500,206.313,-61.188,3.637,-0.348,2.000,-1.672,40.676,-6.297,0.606,0.366,1.163,1.331,0,NULL,NULL,,3,0,2,7,255,953,250,0,0
stim,76271,106392,0,106392,3303719.455,-0.609,-0.122,0.285,0.730,0,0,0,0,0,0,0,281,63,1.439,1,2136,0,190.723,40.739,-6.688,183.125,-52.875,4.031,-0.512,1.473,-2.277,40.676,-12.750,0.626,0.388,1.163,1.331,0,NULL,NULL,,3,0,2,7,255,953,250,0,0
stim,76271,106392,0,106392,3303724.454,-0.608,-0.127,0.289,0.729,0,0,0,0,0,0,0,313,63,1.439,1,2136,0,160.473,40.673,-4.188,158.688,-23.500,4.332,-0.707,0.906,-2.277,40.609,-20.031,0.636,0.420,1.163,1.331,0,NULL,NULL,,3,0,2,7,255,953,250,0,0
stim,76294,106415,0,106415,3303729.455,-0.606,-0.130,0.293,0.728,0,0,0,0,0,0,0,315,63,1.439,1,2136,0,129.073,40.337,39.688,122.813,-1.313,4.359,-1.281,0.402,-1.969,40.289,-27.117,0.648,0.458,1.163,1.331,0,NULL,NULL,,3,0,2,7,255,953,250,0,0
stim,76294,106415,0,106415,3303734.453,-0.604,-0.129,0.300,0.727,0,0,0,0,0,0,0,296,63,1.439,1,2136,0,158.767,40.378,121.500,83.625,58.750,4.703,-2.207,0.281,2.680,40.289,-33.059,0.664,0.494,1.163,1.331,0,NULL,NULL,,3,0,2,7,255,953,250,0,0
stim,76294,106415,0,106415,3303739.455,-0.600,-0.123,0.309,0.728,0,0,0,0,0,0,0,251,63,1.439,1,2136,0,276.398,39.477,219.688,41.313,162.563,4.137,-2.266,0.594,10.184,38.141,-33.695,0.672,0.522,1.163,1.331,0,NULL,NULL,,3,0,2,7,255,953,250,0,0
stim,76294,106415,0,106415,3303744.454,-0.596,-0.112,0.320,0.728,0,0,0,0,0,0,0,231,63,1.439,1,2136,0,361.394,39.477,317.188,6.875,173.063,3.273,-1.582,1.309,10.184,38.141,-33.695,0.660,0.526,1.163,1.331,0,NULL,NULL,,3,0,2,7,255,953,250,0,0
stim,76294,106415,0,106415,3303749.455,-0.593,-0.101,0.331,0.727,0,0,0,0,0,0,0,169,63,1.439,1,2136,0,369.772,35.973,342.750,-31.000,135.250,2.539,-0.617,2.496,8.488,34.957,-22.105,0.626,0.506,1.163,1.331,0,NULL,NULL,,3,0,2,7,255,953,250,0,0
stim,76294,106415,0,106415,3303754.453,-0.594,-0.092,0.337,0.725,0,0,0,51,0,7,0,397,63,1.439,1,2136,0,250.396,35.955,236.125,-74.188,37.938,2.195,-0.551,4.051,8.414,34.957,-6.422,0.580,0.462,1.163,1.331,0,NULL,NULL,,3,0,2,7,255,953,250,0,0
stim,76332,106453,0,106453,3303759.455,-0.587,-0.064,0.348,0.728,493,0,0,815,0,105,0,507,63,1.439,1,2136,0,718.834,42.096,528.688,-270.625,404.938,0.875,-1.430,7.996,8.414,41.246,7.246,0.532,0.398,1.163,1.331,0,NULL,NULL,,3,0,2,7,255,953,250,0,0
stim,76332,106453,0,106453,3303764.454,-0.574,-0.046,0.350,0.739,1129,0,0,1449,0,383,0,596,63,1.439,1,2136,0,557.525,55.885,155.438,-208.125,493.313,0.828,1.344,10.141,15.797,53.605,39.914,0.492,0.322,1.163,1.331,0,NULL,NULL,,3,0,2,7,255,953,250,0,0
stim,76353,106474,0,106474,3303769.455,-0.559,-0.064,0.312,0.766,1692,0,0,1839,0,664,0,617,63,1.439,1,2136,0,1181.636,55.885,-1101.625,-111.938,412.500,-0.852,2.984,4.035,15.797,53.605,39.914,0.464,0.248,1.163,1.331,0,NULL,NULL,,3,0,2,7,255,953,250,0,0
stim,76353,106474,0,106474,3303774.454,-0.548,-0.086,0.265,0.789,2103,0,0,2021,0,951,0,679,63,1.439,1,2137,0,1321.172,17.144,-1282.563,-173.125,265.625,-1.383,4.629,-1.445,-14.656,8.895,37.086,0.450,0.196,1.163,1.331,1,1037.000,84.000,,3,0,2,7,255,953,250,0,0
stim,76353,106474,0,106474,3303779.455,-0.539,-0.098,0.240,0.801,2333,0,0,2174,0,1197,0,755,63,1.439,1,2137,0,718.237,39.392,-689.750,-85.063,181.313,-2.176,3.371,-3.832,-24.563,-30.797,-2.598,0.444,0.170,1.163,1.331,1,NULL,NULL,,3,0,2,7,255,953,250,0,0
stim,76353,106474,0,106474,3303784.454,-0.541,-0.095,0.232,0.803,2487,0,0,2280,0,1355,0,804,63,1.439,1,2137,0,213.778,39.392,-141.875,-159.813,-5.688,-2.027,-0.176,-1.914,-24.563,-30.797,-18.750,0.450,0.154,1.163,1.331,1,NULL,NULL,,3,0,2,7,255,953,250,0,0
stim,76353,106474,0,106474,3303789.455,-0.544,-0.088,0.233,0.801,2647,0,0,2459,0,1503,0,873,63,1.439,1,2137,0,200.738,24.814,141.250,-131.313,-55.688,-0.273,-0.125,1.270,3.117,-24.617,-18.750,0.466,0.136,1.163,1.331,2,NULL,NULL,,3,0,2,7,255,953,250,0,0
stim,76353,106474,0,106474,3303794.454,-0.543,-0.082,0.233,0.802,2783,0,0,2653,0,1571,0,1001,63,1.439,1,2137,0,139.257,4.928,60.375,-110.688,59.125,0.426,2.504,2.273,3.117,3.816,1.926,0.488,0.118,1.163,1.331,2,NULL,NULL,,3,0,2,7,255,953,250,0,0
stim,76353,106474,0,106474,3303799.455,-0.536,-0.078,0.225,0.810,2861,0,0,2779,0,1621,0,1130,63,1.439,1,2137,0,315.054,8.048,-149.375,-150.813,232.813,-1.148,1.500,1.965,-7.086,3.816,14.641,0.510,0.102,1.163,1.331,2,NULL,NULL,,3,0,2,7,255,953,250,0,0
stim,76353,106474,0,106474,3303804.453,-0.531,-0.079,0.208,0.818,2937,0,0,2875,0,1645,0,1254,63,1.439,1,2137,0,448.152,9.267,-385.375,-181.000,139.875,-2.359,-0.551,1.023,-7.086,-5.973,14.641,0.526,0.088,1.163,1.331,2,NULL,NULL,,3,0,2,7,255,953,250,0,0
stim,76353,106474,0,106474,3303809.455,-0.534,-0.082,0.190,0.819,2985,0,0,2949,0,1671,0,1385,63,1.439,1,2137,0,414.548,20.199,-359.938,-185.938,-87.875,-2.031,-1.230,-0.453,15.215,-13.285,6.215,0.536,0.072,1.163,1.331,2,NULL,NULL,,3,0,2,7,255,953,250,0,0
stim,76353,106474,0,106474,3303814.454,-0.543,-0.080,0.179,0.817,3016,0,0,3007,0,1706,0,1495,63,1.439,1,2137,0,328.589,20.199,-161.875,-194.688,-209.438,-0.563,-1.234,-0.125,15.215,-13.285,-9.539,0.542,0.058,1.163,1.331,2,NULL,NULL,,3,0,2,7,255,953,250,0,0
stim,76393,106514,0,106514,3303819.455,-0.552,-0.076,0.172,0.812,3041,0,0,3048,0,1751,0,1560,63,1.439,1,2137,0,297.621,13.191,-38.500,-185.000,-229.938,0.551,-1.305,1.078,13.160,-0.898,-9.539,0.548,0.044,1.163,1.331,2,NULL,NULL,,3,0,2,7,255,953,250,0,0
stim,76393,106514,0,106514,3303824.454,-0.558,-0.072,0.166,0.810,3054,0,0,3097,0,1816,0,1589,63,1.439,1,2137,0,220.056,16.263,-43.813,-158.250,-146.500,1.313,-1.461,1.641,10.070,12.770,-3.762,0.554,0.036,1.163,1.331,2,NULL,NULL,,3,0,2,7,255,953,250,0,0
stim,76393,106514,0,106514,3303829.455,-0.559,-0.069,0.160,0.811,3078,0,0,3131,0,1889,0,1599,63,1.439,1,2137,0,166.556,23.745,-86.563,-142.063,-8.125,1.652,-1.844,1.617,10.070,21.504,-2.332,0.560,0.026,1.163,1.331,2,NULL,NULL,,3,0,2,7,255,953,250,0,0
stim,76393,106514,0,106514,3303834.454,-0.554,-0.067,0.153,0.816,3091,0,0,3147,0,1961,0,1613,63,1.439,1,2137,0,234.241,24.338,-118.875,-130.688,153.813,1.094,-1.738,1.309,11.398,21.504,-2.332,0.564,0.020,1.163,1.331,2,NULL,NULL,,3,0,2,7,255,953,250,0,0
stim,76393,106514,0,106514,3303839.455,-0.545,-0.064,0.146,0.823,3095,0,0,3176,0,2057,0,1651,63,1.439,1,2137,0,313.202,22.476,-131.438,-126.813,254.438,-0.191,-0.789,0.973,11.398,19.371,-2.332,0.570,0.012,1.163,1.331,2,NULL,NULL,,3,0,2,7,255,953,250,0,0
stim,76393,106514,0,106514,3303844.453,-0.539,-0.062,0.138,0.828,3101,0,0,3174,0,2139,0,1704,63,1.439,1,2137,0,258.153,8.972,-145.563,-129.813,169.125,-1.410,0.383,1.008,8.008,4.047,-1.309,0.574,0.006,1.163,1.331,2,NULL,NULL,,3,0,2,7,255,953,250,0,0
stim,76419,106540,0,106540,3303849.455,-0.538,-0.059,0.132,0.830,3110,0,0,3195,0,2229,0,1799,63,1.439,1,2137,0,177.513,9.256,-103.500,-139.875,35.125,-0.777,0.930,0.527,2.363,-8.949,-1.309,0.578,0.000,1.163,1.331,2,NULL,NULL,,3,0,2,7,255,953,250,0,0
stim,76419,106540,0,106540,3303854.453,-0.540,-0.056,0.126,0.831,3103,0,0,3190,173,2321,0,1939,63,1.439,1,2137,0,163.584,8.972,-76.625,-141.875,-27.563,-0.391,0.258,1.199,-0.645,-8.949,2.711,0.000,0.000,1.163,1.331,2,NULL,NULL,,3,0,2,7,255,953,250,0,0
stim,76419,106540,0,106540,3303859.455,-0.541,-0.053,0.119,0.831,3111,0,0,3188,415,2379,0,2075,63,1.439,1,2137,0,154.555,1.561,-82.625,-124.813,-38.500,0.164,-0.137,1.656,-0.645,-1.422,2.711,0.000,0.000,1.163,1.331,2,NULL,NULL,,3,0,2,7,255,953,250,0,0
stim,76419,106540,0,106540,3303864.454,-0.544,-0.053,0.116,0.830,3101,0,0,3189,666,2411,0,2169,63,1.439,1,2137,0,104.571,5.895,-58.750,-62.438,-59.875,0.730,-0.125,1.605,-0.645,5.859,3.816,0.000,0.000,1.163,1.331,2,NULL,NULL,,3,0,2,7,255,953,250,0,0
stim,76454,106575,0,106575,3303869.455,-0.544,-0.052,0.112,0.830,3100,0,0,3205,881,2445,0,2227,63,1.439,1,2137,0,78.863,9.222,-52.500,-58.813,-2.063,0.887,0.254,1.027,-1.707,9.063,3.816,0.000,0.000,1.163,1.331,2,NULL,NULL,,3,0,2,7,255,953,250,0,0
stim,76454,106575,0,106575,3303874.454,-0.544,-0.051,0.110,0.830,3099,0,0,3211,1091,2459,0,2287,63,1.439,1,2137,0,63.798,9.869,-44.125,-45.813,4.938,0.039,0.418,1.621,-3.906,9.063,3.816,0.000,0.000,1.163,1.331,2,NULL,NULL,,3,0,2,7,255,953,250,0,0
stim,76454,106575,0,106575,3303879.455,-0.545,-0.053,0.105,0.830,3103,20,0,3203,1173,2485,0,2327,63,1.439,1,2137,0,114.246,4.625,-104.313,-26.063,-38.625,-0.078,-0.172,1.184,-3.906,2.477,1.523,0.000,0.000,1.163,1.331,2,NULL,NULL,,3,0,2,7,255,953,250,0,0
stim,76454,106575,0,106575,3303884.454,-0.546,-0.054,0.101,0.830,3109,31,0,3197,1269,2501,0,2372,63,1.439,1,2137,0,100.289,3.037,-94.188,-25.188,-23.500,-0.012,-0.387,0.625,1.758,2.477,1.523,0.000,0.000,1.163,1.331,2,NULL,NULL,,3,0,2,7,255,953,250,0,0
stim,76454,106575,0,106575,3303889.455,-0.547,-0.054,0.099,0.829,3112,48,0,3193,1341,2511,0,2404,63,1.439,1,2137,0,56.604,3.037,-35.125,-20.125,-39.563,-0.203,-0.078,0.883,1.758,2.477,-1.027,0.000,0.000,1.163,1.331,2,NULL,NULL,,3,0,2,7,255,953,250,0,0
stim,76454,106575,0,106575,3303894.453,-0.549,-0.054,0.098,0.828,3109,86,0,3205,1449,2523,0,2423,63,1.439,1,2137,0,63.170,1.665,-4.438,-15.563,-61.063,-0.020,0.242,1.074,1.285,1.059,-1.027,0.000,0.000,1.163,1.331,2,NULL,NULL,,3,0,2,7,255,953,250,0,0
stim,76454,106575,0,106575,3303899.455,-0.551,-0.054,0.097,0.827,3095,107,0,3205,1543,2529,8,2453,63,1.439,1,2137,0,57.425,2.146,-23.438,-10.125,-51.438,0.051,0.160,1.281,-1.867,1.059,0.691,0.000,0.000,1.163,1.331,2,NULL,NULL,,3,0,2,7,255,953,250,0,0
stim,76454,106575,0,106575,3303904.455,-0.552,-0.055,0.094,0.826,3104,114,0,3197,1577,2525,7,2463,63,1.439,1,2137,0,72.810,2.572,-63.813,-7.500,-34.250,-0.070,-0.043,1.133,-1.867,1.770,1.164,0.000,0.000,1.163,1.331,2,NULL,NULL,,3,0,2,7,255,953,250,0,0
stim,76474,106595,0,106595,3303909.455,-0.554,-0.057,0.091,0.826,3097,139,0,3189,1627,2531,11,2473,63,1.439,1,2137,0,79.575,1.813,-69.688,-7.125,-37.750,-0.191,-0.031,0.883,0.395,1.770,1.164,0.000,0.000,1.163,1.331,2,NULL,NULL,,3,0,2,7,255,953,250,0,0
stim,76474,106595,0,106595,3303914.453,-0.556,-0.058,0.089,0.825,3096,157,0,3205,1717,2539,37,2503,63,1.439,1,2137,0,74.550,0.410,-44.125,-6.938,-59.688,-0.188,0.051,0.848,0.395,0.113,-0.988,0.000,0.000,1.163,1.331,2,NULL,NULL,,3,0,2,7,255,953,250,0,0
stim,76474,106595,0,106595,3303919.455,-0.558,-0.058,0.088,0.823,3097,175,3,3188,1758,2543,62,2504,63,1.439,1,2137,0,73.524,0.129,-28.250,-6.563,-67.563,-0.012,0.016,1.031,-0.063,0.113,-0.988,0.000,0.000,1.163,1.331,2,NULL,NULL,,3,0,2,7,255,953,250,0,0
stim,76474,106595,0,106595,3303924.454,-0.560,-0.059,0.086,0.822,3103,195,43,3195,1801,2555,71,2511,63,1.439,1,2137,0,58.532,1.800,-36.563,-5.500,-45.375,0.094,-0.055,1.086,-0.234,1.785,0.105,0.000,0.000,1.163,1.331,2,NULL,NULL,,3,0,2,7,255,953,250,0,0
stim,76474,106595,0,106595,3303929.455,-0.560,-0.060,0.084,0.822,3091,207,93,3184,1853,2551,73,2521,63,1.439,1,2137,0,45.881,2.251,-40.750,-4.063,-20.688,0.027,-0.047,0.992,-0.234,2.238,0.105,0.000,0.000,1.163,1.331,2,NULL,NULL,,3,0,2,7,255,953,250,0,0
stim,76474,106595,0,106595,3303934.454,-0.561,-0.061,0.083,0.822,3095,217,167,3183,1887,2555,55,2532,63,1.439,1,2137,0,34.461,2.240,-31.188,-2.875,-14.375,-0.055,-0.027,0.938,-0.074,2.238,-0.332,0.000,0.000,1.163,1.331,2,NULL,NULL,,3,0,2,7,255,953,250,0,0
stim,76504,106625,0,106625,3303939.455,-0.561,-0.061,0.082,0.821,3095,219,247,3183,1929,2555,37,2541,63,1.439,1,2137,0,23.589,1.336,-18.625,-2.875,-14.188,-0.063,-0.047,0.941,0.004,1.336,-0.656,0.000,0.000,1.163,1.331,2,NULL,NULL,,3,0,2,7,255,953,250,0,0
stim,76504,106625,0,106625,3303944.453,-0.562,-0.061,0.081,0.821,3081,219,284,3177,1960,2551,33,2551,63,1.439,1,2137,0,14.188,1.354,-11.250,-2.375,-8.313,-0.070,-0.055,0.984,0.223,1.336,-0.656,0.000,0.000,1.163,1.331,2,NULL,NULL,,3,0,2,7,255,953,250,0,0
stim,76504,106625,0,106625,3303949.455,-0.562,-0.061,0.081,0.821,3080,219,335,3175,2005,2553,35,2564,63,1.439,1,2137,0,8.620,1.354,-8.000,-3.188,-0.375,-0.152,0.023,1.000,0.223,1.336,-0.234,0.000,0.000,1.163,1.331,2,NULL,NULL,,3,0,2,7,255,953,250,0,0
stim,76504,106625,0,106625,3303954.454,-0.562,-0.061,0.081,0.821,3064,217,399,3175,2021,2555,33,2557,63,1.439,1,2137,0,7.722,0.400,-5.250,-5.563,-1.063,-0.250,0.113,1.047,-0.129,0.379,0.090,0.000,0.000,1.163,1.331,2,NULL,NULL,,3,0,2,7,255,953,250,0,0
stim,76504,106625,0,106625,3303959.455,-0.562,-0.061,0.080,0.821,3049,217,427,3159,2054,2554,54,2572,63,1.307,1,2137,1,14.462,0.959,-6.000,-7.500,-10.813,-0.277,0.168,1.078,-0.621,-0.730,0.742,0.000,0.000,1.209,1.359,2,NULL,NULL,,3,0,2,7,255,953,250,0,0
stim,76504,106625,0,106625,3303964.454,-0.563,-0.061,0.080,0.821,3047,231,475,3148,2093,2553,77,2587,63,1.307,1,2137,1,23.412,1.302,-7.000,-9.438,-20.250,-0.223,0.203,1.074,-1.039,-0.785,1.008,0.006,0.004,1.209,1.359,2,NULL,NULL,,3,0,2,7,255,953,250,0,0
stim,76553,106674,0,106674,3303969.455,-0.563,-0.060,0.080,0.820,3031,235,616,3133,2143,2549,121,2595,63,1.307,1,2137,1,24.087,1.766,-7.063,-12.250,-19.500,-0.191,0.195,1.066,-1.582,-0.785,1.008,0.010,0.006,1.209,1.359,2,NULL,NULL,,3,0,2,7,255,953,250,0,0
stim,76553,106674,0,106674,3303974.454,-0.564,-0.060,0.079,0.820,3001,239,682,3100,2211,2551,156,2611,63,1.307,1,2137,1,24.085,1.766,-8.938,-14.750,-16.813,-0.254,0.191,1.078,-1.582,-0.785,1.008,0.016,0.008,1.209,1.359,2,NULL,NULL,,3,0,2,7,255,953,250,0,0
stim,76553,106674,0,106674,3303979.455,-0.565,-0.060,0.078,0.819,2965,243,759,3083,2249,2549,196,2627,63,1.307,1,2137,1,33.229,1.909,-13.125,-15.688,-26.188,-0.285,0.238,1.066,-1.609,-1.027,1.035,0.022,0.012,1.209,1.359,2,NULL,NULL,,3,0,2,7,255,953,250,0,0
stim,76553,106674,0,106674,3303984.453,-0.566,-0.060,0.077,0.818,2935,259,821,3055,2300,2553,237,2641,63,1.307,1,2137,1,46.594,1.996,-14.438,-16.625,-41.063,-0.223,0.254,1.035,-1.680,-1.078,1.035,0.026,0.014,1.209,1.359,2,NULL,NULL,,3,0,2,7,255,953,250,0,0
stim,76553,106674,0,106674,3303989.455,-0.568,-0.059,0.076,0.817,2909,270,914,3032,2331,2547,298,2650,63,1.307,1,2137,0,53.590,2.112,-15.375,-17.188,-48.375,-0.141,0.195,1.039,-1.816,-1.078,0.621,0.030,0.014,1.209,1.359,2,NULL,NULL,,3,0,2,7,255,953,250,0,0
stim,76553,106674,0,106674,3303994.453,-0.570,-0.059,0.075,0.816,2867,266,1002,3015,2376,2543,344,2659,63,1.307,1,2137,0,55.516,1.823,-20.063,-15.938,-49.250,-0.113,0.141,1.066,-1.816,-0.156,0.621,0.030,0.014,1.209,1.359,2,NULL,NULL,,3,0,2,7,255,953,250,0,0
stim,76571,106692,0,106692,3303999.455,-0.572,-0.059,0.074,0.815,2831,253,1091,2983,2406,2530,401,2665,63,1.307,1,2137,0,60.950,1.407,-26.875,-15.375,-52.500,-0.141,0.148,1.059,-1.406,0.027,0.676,0.032,0.012,1.209,1.359,2,NULL,NULL,,3,0,2,7,255,953,250,0,0
stim,76571,106692,0,106692,3304004.454,-0.574,-0.059,0.072,0.814,2776,270,1195,2955,2451,2534,415,2683,63,1.307,1,2137,0,70.356,1.407,-29.688,-14.188,-62.188,-0.152,0.148,1.035,-1.406,0.027,0.676,0.034,0.008,1.209,1.359,2,NULL,NULL,,3,0,2,7,255,953,250,0,0
stim,76571,106692,0,106692,3304009.455,-0.576,-0.060,0.071,0.812,2719,275,1251,2922,2471,2524,520,2677,63,1.307,1,2137,0,78.920,1.399,-32.125,-12.813,-70.938,-0.121,0.082,1.020,-1.398,0.027,0.480,0.036,0.008,1.209,1.359,2,NULL,NULL,,3,0,2,7,255,953,250,0,0
stim,76571,106692,0,106692,3304014.453,-0.579,-0.060,0.069,0.810,2669,267,1387,2892,2495,2511,609,2696,63,1.307,1,2137,0,81.326,0.962,-33.688,-12.250,-73.000,-0.094,0.008,0.984,-0.910,0.313,0.254,0.042,0.014,1.209,1.359,2,NULL,NULL,,3,0,2,7,255,953,250,0,0
stim,76571,106692,0,106692,3304019.455,-0.581,-0.061,0.067,0.809,2603,250,1483,2848,2515,2510,685,2686,63,1.307,1,2137,0,82.002,0.798,-33.813,-10.688,-73.938,-0.078,-0.031,0.969,-0.313,0.734,-0.164,0.048,0.024,1.209,1.359,2,NULL,NULL,,3,0,2,7,255,953,250,0,0
stim,76571,106692,0,106692,3304024.454,-0.584,-0.061,0.065,0.807,2533,243,1561,2822,2547,2495,779,2706,63,1.307,1,2137,0,82.418,0.914,-35.938,-11.250,-73.313,-0.094,-0.070,0.980,-0.027,0.914,-0.180,0.056,0.034,1.209,1.359,2,NULL,NULL,,3,0,2,7,255,953,250,0,0
stim,76594,106715,0,106715,3304029.455,-0.586,-0.062,0.063,0.805,2463,245,1671,2779,2580,2487,851,2701,63,1.307,1,2137,0,85.092,0.978,-41.563,-11.375,-73.375,-0.121,-0.078,0.988,0.348,0.914,-0.180,0.066,0.042,1.209,1.359,2,NULL,NULL,,3,0,2,7,255,953,250,0,0
stim,76594,106715,0,106715,3304034.453,-0.589,-0.063,0.061,0.804,2395,237,1755,2743,2590,2479,940,2717,63,1.307,1,2137,0,85.504,0.760,-43.625,-11.938,-72.563,-0.102,-0.027,0.953,0.348,0.676,-0.180,0.072,0.050,1.209,1.359,2,NULL,NULL,,3,0,2,7,255,953,250,0,0
stim,76594,106715,0,106715,3304039.455,-0.591,-0.064,0.059,0.802,2321,233,1827,2709,2618,2483,1024,2725,63,1.307,1,2137,0,81.472,0.599,-40.313,-12.500,-69.688,-0.102,0.008,0.930,-0.105,0.590,-0.426,0.078,0.054,1.209,1.359,2,NULL,NULL,,3,0,2,7,255,953,250,0,0
stim,76594,106715,0,106715,3304044.454,-0.593,-0.064,0.057,0.800,2227,235,1897,2659,2643,2477,1091,2719,63,1.307,1,2137,0,78.008,0.605,-38.688,-14.125,-66.250,-0.121,0.004,0.977,-0.418,0.438,-0.426,0.082,0.056,1.209,1.359,2,NULL,NULL,,3,0,2,7,255,953,250,0,0
stim,76594,106715,0,106715,3304049.455,-0.596,-0.065,0.054,0.799,2137,227,1971,2611,2653,2473,1175,2726,63,1.307,1,2137,0,83.825,0.531,-44.938,-14.250,-69.313,-0.156,-0.023,1.035,-0.418,0.328,-0.164,0.084,0.056,1.209,1.359,2,NULL,NULL,,3,0,2,7,255,953,250,0,0
stim,76594,106715,0,106715,3304054.453,-0.598,-0.066,0.052,0.797,2043,215,2019,2565,2681,2469,1255,2733,63,1.307,1,2137,0,93.589,0.340,-55.125,-15.625,-74.000,-0.137,-0.023,1.004,-0.230,0.250,0.113,0.084,0.054,1.209,1.359,2,NULL,NULL,,3,0,2,7,255,953,250,0,0
stim,76624,106745,0,106745,3304059.455,-0.600,-0.067,0.049,0.795,1959,209,2089,2524,2686,2467,1323,2749,63,1.307,1,2137,0,91.283,0.340,-52.375,-15.563,-73.125,-0.055,0.012,0.910,-0.230,0.250,0.113,0.084,0.054,1.209,1.359,2,NULL,NULL,,3,0,2,7,255,953,250,0,0
stim,76624,106745,0,106745,3304064.454,-0.603,-0.067,0.047,0.794,1884,196,2145,2488,2716,2463,1402,2760,63,1.307,1,2137,0,78.285,0.883,-42.313,-15.563,-64.000,0.000,-0.035,0.875,-0.453,0.758,-0.949,0.086,0.052,1.209,1.359,2,NULL,NULL,,3,0,2,7,255,953,250,0,0
stim,76655,106776,0,106776,3304069.455,-0.604,-0.067,0.045,0.793,1813,195,2175,2455,2717,2463,1475,2771,63,1.307,1,2137,0,56.010,1.381,-29.375,-16.313,-44.813,0.078,-0.102,0.867,-0.453,1.305,-1.328,0.088,0.052,1.209,1.359,2,NULL,NULL,,3,0,2,7,255,953,250,0,0
stim,76655,106776,0,106776,3304074.454,-0.605,-0.067,0.044,0.792,1739,179,2220,2395,2733,2463,1523,2771,63,1.307,1,2137,0,33.765,1.825,-22.625,-16.125,-19.188,0.020,-0.141,0.945,-0.043,1.824,-1.328,0.090,0.054,1.209,1.359,2,NULL,NULL,,3,0,2,7,255,953,250,0,0
stim,76655,106776,0,106776,3304079.455,-0.605,-0.068,0.042,0.792,1669,181,2257,2361,2748,2456,1577,2780,63,1.307,1,2137,0,38.592,1.866,-27.875,-13.750,-22.875,-0.211,-0.164,1.004,0.395,1.824,-0.660,0.092,0.054,1.209,1.359,2,NULL,NULL,,3,0,2,7,255,953,250,0,0
stim,76655,106776,0,106776,3304084.453,-0.607,-0.068,0.041,0.791,1621,188,2286,2321,2748,2461,1637,2787,63,1.307,1,2137,0,50.993,0.996,-29.063,-13.438,-39.688,-0.098,-0.148,0.898,0.766,0.637,-0.660,0.094,0.054,1.209,1.359,2,NULL,NULL,,3,0,2,7,255,953,250,0,0
stim,76655,106776,0,106776,3304089.455,-0.608,-0.068,0.039,0.790,1543,203,2327,2295,2769,2468,1696,2803,63,1.307,1,2137,0,41.635,0.996,-18.500,-13.063,-34.938,0.023,-0.129,0.828,0.766,0.637,-0.918,0.096,0.052,1.209,1.359,2,NULL,NULL,,3,0,2,7,255,953,250,0,0
stim,76655,106776,0,106776,3304094.454,-0.608,-0.068,0.039,0.790,1484,209,2361,2275,2773,2468,1769,2813,63,1.307,1,2137,0,19.921,1.650,-3.438,-13.875,-13.875,0.047,-0.105,0.867,0.348,1.613,-1.441,0.098,0.052,1.209,1.359,2,NULL,NULL,,3,0,2,7,255,953,250,0,0
stim,76655,106776,0,106776,3304099.455,-0.608,-0.067,0.038,0.790,1445,215,2391,2239,2791,2474,1820,2813,63,1.307,1,2137,0,14.615,1.614,2.438,-13.750,4.313,-0.043,-0.063,0.961,0.043,1.613,-1.441,0.100,0.050,1.209,1.359,2,NULL,NULL,,3,0,2,7,255,953,250,0,0
stim,76655,106776,0,106776,3304104.453,-0.608,-0.066,0.038,0.790,1389,225,2438,2228,2797,2471,1875,2823,63,1.307,1,2137,0,16.518,0.990,-1.938,-14.250,8.125,-0.172,-0.008,1.020,-0.223,0.965,-0.422,0.102,0.050,1.209,1.359,2,NULL,NULL,,3,0,2,7,255,953,250,0,0
stim,76655,106776,0,106776,3304109.455,-0.608,-0.066,0.037,0.790,1333,237,2473,2187,2813,2479,1933,2837,63,1.307,1,2137,1,17.590,0.574,-8.438,-15.188,-2.750,-0.191,0.008,1.012,-0.469,-0.332,0.242,0.104,0.050,1.209,1.359,2,NULL,NULL,,3,0,2,7,255,953,250,0,0
stim,76655,106776,0,106776,3304114.454,-0.608,-0.066,0.037,0.790,1285,235,2509,2157,2829,2488,1993,2845,63,1.307,1,2137,1,20.981,0.574,-8.750,-16.813,-9.000,-0.113,-0.051,0.961,-0.469,-0.332,0.242,0.106,0.050,1.209,1.359,2,NULL,NULL,,3,0,2,7,255,953,250,0,0
stim,76683,106804,0,106804,3304119.455,-0.609,-0.065,0.036,0.790,1234,249,2537,2121,2843,2493,2043,2857,63,1.307,1,2137,1,18.779,0.372,-3.875,-18.063,-3.375,-0.059,-0.055,0.980,-0.289,0.234,-0.188,0.110,0.050,1.209,1.359,2,NULL,NULL,,3,0,2,7,255,953,250,0,0
stim,76683,106804,0,106804,3304124.454,-0.608,-0.065,0.035,0.790,1169,253,2583,2087,2856,2505,2105,2867,63,1.307,1,2137,1,20.092,0.731,-3.750,-19.063,5.125,-0.066,-0.043,1.016,-0.289,0.672,-0.188,0.112,0.050,1.209,1.359,2,NULL,NULL,,3,0,2,7,255,953,250,0,0
stim,76683,106804,0,106804,3304129.455,-0.608,-0.064,0.034,0.791,1105,255,2584,2014,2867,2509,2157,2875,63,1.307,1,2137,1,22.809,0.756,-4.750,-19.750,10.375,-0.094,-0.039,0.984,-0.348,0.672,-0.121,0.116,0.052,1.209,1.359,2,NULL,NULL,,3,0,2,7,255,953,250,0,0
stim,76683,106804,0,106804,3304134.454,-0.608,-0.063,0.034,0.791,1003,251,2614,1949,2877,2515,2205,2889,63,1.307,1,2137,1,23.849,0.542,0.563,-21.313,10.688,-0.164,-0.008,0.973,-0.402,0.363,-0.121,0.118,0.052,1.209,1.359,2,NULL,NULL,,3,0,2,7,255,953,250,0,0
stim,76683,106804,0,106804,3304139.455,-0.608,-0.062,0.034,0.791,923,239,2651,1874,2894,2520,2248,2905,63,1.307,1,2137,1,24.227,0.348,4.750,-23.688,1.813,-0.137,-0.074,0.980,-0.348,0.004,-0.121,0.122,0.054,1.209,1.359,2,NULL,NULL,,3,0,2,7,255,953,250,0,0
stim,76683,106804,0,106804,3304144.453,-0.607,-0.061,0.033,0.791,791,231,2661,1717,2908,2525,2285,2907,63,1.307,1,2137,1,28.407,0.102,9.188,-25.563,8.313,-0.070,-0.133,1.051,0.102,0.004,-0.070,0.124,0.056,1.209,1.359,2,NULL,NULL,,3,0,2,7,255,953,250,0,0
stim,76720,106841,0,106841,3304149.455,-0.607,-0.060,0.032,0.792,660,201,2681,1566,2920,2525,2333,2919,63,1.307,1,2137,1,31.035,0.733,4.500,-27.000,14.625,-0.074,-0.098,1.063,0.121,0.723,0.555,0.130,0.056,1.209,1.359,2,NULL,NULL,,3,0,2,7,255,953,250,0,0
stim,76720,106841,0,106841,3304154.454,-0.606,-0.059,0.032,0.793,492,169,2707,1429,2932,2527,2381,2931,63,1.307,1,2137,1,36.885,0.733,-1.375,-28.188,23.750,-0.156,-0.012,1.121,0.121,0.723,0.656,0.134,0.058,1.209,1.359,2,NULL,NULL,,3,0,2,7,255,953,250,0,0
stim,76720,106841,0,106841,3304159.455,-0.605,-0.058,0.031,0.793,381,145,2725,1271,2943,2531,2444,2937,63,1.307,1,2137,1,35.444,0.586,-9.250,-30.375,15.750,-0.160,0.055,1.055,-0.535,-0.238,0.656,0.140,0.058,1.209,1.359,2,NULL,NULL,,3,0,2,7,255,953,250,0,0
stim,76720,106841,0,106841,3304164.453,-0.605,-0.057,0.030,0.794,265,87,2744,1077,2957,2525,2485,2943,63,1.307,1,2137,1,35.561,1.141,-6.000,-32.188,13.875,-0.137,0.059,1.023,-1.070,-0.395,0.582,0.144,0.060,1.209,1.359,2,NULL,NULL,,3,0,2,7,255,953,250,0,0
stim,76758,106879,0,106879,3304169.455,-0.605,-0.056,0.029,0.794,122,71,2811,896,2971,2521,2521,2957,63,1.307,1,2137,1,36.321,1.204,-1.688,-35.563,7.188,-0.164,0.043,1.031,-1.070,-0.551,0.375,0.150,0.062,1.209,1.359,2,NULL,NULL,,3,0,2,7,255,953,250,0,0
stim,76758,106879,0,106879,3304174.454,-0.605,-0.054,0.028,0.794,45,55,2787,682,2981,2517,2557,2965,63,1.307,1,2137,1,37.405,0.999,1.125,-37.375,1.000,-0.090,-0.031,1.043,-0.918,-0.395,0.375,0.156,0.064,1.209,1.359,2,NULL,NULL,,3,0,2,7,255,953,250,0,0
stim,76758,106879,0,106879,3304179.455,-0.604,-0.053,0.027,0.794,19,1,2800,503,2989,2507,2591,2972,63,1.307,1,2137,1,42.057,0.675,6.063,-40.688,8.750,-0.098,-0.004,1.094,-0.668,0.094,0.457,0.164,0.070,1.209,1.359,2,NULL,NULL,,3,0,2,7,255,953,250,0,0
stim,76758,106879,0,106879,3304184.453,-0.604,-0.051,0.026,0.795,0,0,2821,350,3001,2493,2627,2981,63,1.307,1,2137,1,42.109,0.675,-4.125,-41.875,-1.625,-0.137,0.059,1.105,-0.668,0.094,0.918,0.172,0.076,1.209,1.359,2,NULL,NULL,,3,0,2,7,255,953,250,0,0
stim,76758,106879,0,106879,3304189.455,-0.605,-0.050,0.025,0.794,0,0,2839,204,3016,2477,2652,2985,63,1.307,1,2137,1,46.954,0.839,-8.938,-43.500,-15.250,-0.113,0.020,1.039,-0.805,-0.238,0.918,0.178,0.082,1.209,1.359,2,NULL,NULL,,3,0,2,7,255,953,250,0,0
stim,76758,106879,0,106879,3304194.454,-0.605,-0.048,0.024,0.794,0,0,2853,105,3027,2459,2682,2990,63,1.307,1,2137,1,50.632,0.931,12.500,-48.875,-4.313,-0.191,-0.016,1.074,-0.805,-0.469,0.844,0.178,0.082,1.209,1.359,2,NULL,NULL,,3,0,2,7,255,953,250,0,0
stim,76758,106879,0,106879,3304199.455,-0.605,-0.046,0.023,0.794,0,0,2867,69,3036,2441,2715,2999,63,1.307,1,2137,1,59.569,0.911,21.563,-54.875,-8.500,-0.324,-0.070,1.230,-0.266,-0.871,0.844,0.178,0.080,1.209,1.359,2,NULL,NULL,,3,0,2,7,255,953,250,0,0
stim,76758,106879,0,106879,3304204.453,-0.606,-0.043,0.023,0.794,0,0,2872,7,3045,2419,2745,3001,63,1.307,1,2137,0,71.077,1.953,25.813,-63.250,-19.625,-0.363,-0.172,1.355,0.504,-1.887,2.539,0.172,0.076,1.209,1.359,3,NULL,NULL,,3,0,2,7,255,953,250,0,0
stim,76758,106879,0,106879,3304209.455,-0.607,-0.040,0.022,0.793,0,0,2886,0,3051,2397,2775,3003,63,1.307,1,2137,0,81.172,2.028,33.875,-70.563,-21.500,-0.352,-0.059,1.559,0.504,-1.965,3.832,0.166,0.072,1.209,1.359,3,NULL,NULL,,3,0,2,7,255,953,250,0,0
stim,76758,106879,0,106879,3304214.453,-0.607,-0.036,0.021,0.793,0,0,2949,0,3060,2363,2799,3013,63,1.307,1,2137,0,89.883,2.099,39.688,-80.063,-9.688,-0.313,0.215,1.707,0.324,-2.074,5.738,0.160,0.070,1.209,1.359,3,NULL,NULL,,3,0,2,7,255,953,250,0,0
stim,76781,106902,0,106902,3304219.455,-0.608,-0.033,0.019,0.793,0,0,2895,0,3066,2319,2821,3008,63,1.307,1,2137,0,87.141,3.142,-15.625,-85.313,-8.438,-0.152,0.387,1.609,-2.359,-2.074,5.867,0.152,0.068,1.209,1.359,3,NULL,NULL,,3,0,2,7,255,953,250,0,0
stim,76781,106902,0,106902,3304224.454,-0.608,-0.031,0.015,0.793,0,0,2901,0,3077,2263,2844,3012,63,1.307,1,2137,0,99.909,3.561,-46.563,-88.250,-5.063,-0.148,0.285,1.355,-3.223,-1.516,5.867,0.148,0.068,1.209,1.359,3,NULL,NULL,,3,0,2,7,255,953,250,0,0
stim,76781,106902,0,106902,3304229.455,-0.607,-0.029,0.012,0.794,0,0,2910,0,3083,2199,2861,3019,63,1.307,1,2137,0,103.288,3.561,-30.000,-97.563,15.813,-0.191,0.148,1.242,-3.223,-1.516,3.410,0.142,0.070,1.209,1.359,3,NULL,NULL,,3,0,2,7,255,953,250,0,0
stim,76781,106902,0,106902,3304234.453,-0.606,-0.026,0.008,0.795,0,0,2899,0,3087,2121,2879,3007,63,1.307,1,2137,0,108.288,2.437,-15.813,-105.625,17.875,-0.250,0.035,1.230,-1.766,-1.680,2.359,0.138,0.074,1.209,1.359,3,NULL,NULL,,3,0,2,7,255,953,250,0,0
stim,76803,106924,0,106924,3304239.455,-0.606,-0.022,0.005,0.795,0,0,2894,0,3093,2023,2899,3005,63,1.307,1,2137,0,113.112,2.007,-12.000,-112.000,10.313,-0.250,-0.055,1.277,-0.508,-1.941,2.359,0.132,0.078,1.209,1.359,3,NULL,NULL,,3,0,2,7,255,953,250,0,0
stim,76803,106924,0,106924,3304244.454,-0.605,-0.019,0.002,0.796,0,0,2889,0,3096,1881,2909,3017,63,1.307,1,2137,0,120.139,1.970,-12.625,-118.938,11.313,-0.246,-0.105,1.332,0.332,-1.941,2.832,0.126,0.084,1.209,1.359,3,NULL,NULL,,3,0,2,7,255,953,250,0,0
stim,76803,106924,0,106924,3304249.455,-0.605,-0.015,-0.002,0.796,0,0,2877,0,3099,1735,2925,2999,63,1.307,1,2137,0,126.492,2.090,-12.750,-125.188,12.875,-0.246,-0.137,1.313,0.773,-1.941,3.160,0.122,0.090,1.209,1.359,3,NULL,NULL,,3,0,2,7,255,953,250,0,0
stim,76803,106924,0,106924,3304254.453,-0.604,-0.011,-0.006,0.797,0,0,2869,0,3103,1595,2939,2995,63,1.307,1,2137,0,132.581,2.105,-16.375,-131.000,12.188,-0.250,-0.102,1.328,0.813,-1.941,3.262,0.118,0.098,1.209,1.359,3,NULL,NULL,,3,0,2,7,255,953,250,0,0
stim,76803,106924,0,106924,3304259.455,-0.604,-0.007,-0.010,0.797,0,0,2877,0,3109,1367,2955,2995,63,1.307,1,2137,0,140.157,2.348,-21.125,-138.063,11.688,-0.223,-0.063,1.309,0.813,-2.203,3.160,0.118,0.108,1.209,1.359,3,NULL,NULL,,3,0,2,7,255,953,250,0,0
stim,76803,106924,0,106924,3304264.454,-0.603,-0.003,-0.014,0.798,0,0,2843,0,3124,1139,2973,2991,63,1.307,1,2137,0,147.930,2.252,-21.750,-145.375,16.625,-0.219,-0.051,1.230,0.426,-2.211,3.039,0.118,0.118,1.209,1.359,3,NULL,NULL,,3,0,2,7,255,953,250,0,0
stim,76853,106974,0,106974,3304269.455,-0.602,0.002,-0.019,0.798,0,0,2816,0,3123,905,2983,2973,63,1.307,1,2137,0,156.518,2.325,-17.313,-154.250,20.125,-0.195,-0.035,1.207,0.336,-2.301,2.242,0.122,0.130,1.209,1.359,3,NULL,NULL,,3,0,2,7,255,953,250,0,0
stim,76853,106974,0,106974,3304274.454,-0.601,0.007,-0.023,0.799,0,0,2792,0,3113,671,2985,2967,63,1.307,1,2137,0,162.757,2.313,-11.625,-161.375,17.688,-0.164,-0.043,1.160,0.238,-2.301,1.965,0.126,0.142,1.209,1.359,3,NULL,NULL,,3,0,2,7,255,953,250,0,0
stim,76853,106974,0,106974,3304279.455,-0.600,0.013,-0.028,0.800,0,0,2743,0,3122,485,3001,2939,63,1.307,1,2137,0,168.930,2.127,-1.875,-167.938,18.188,-0.160,-0.078,1.137,0.238,-2.113,1.492,0.130,0.156,1.209,1.359,3,NULL,NULL,,3,0,2,7,255,953,250,0,0
stim,76853,106974,0,106974,3304284.454,-0.599,0.019,-0.032,0.800,0,0,2696,0,3127,317,3003,2923,63,1.307,1,2137,0,177.200,2.143,5.750,-175.938,20.313,-0.129,-0.063,1.172,0.418,-2.102,1.492,0.136,0.168,1.209,1.359,3,NULL,NULL,,3,0,2,7,255,953,250,0,0
stim,76853,106974,0,106974,3304289.455,-0.597,0.025,-0.036,0.801,0,0,2647,0,3128,133,3007,2905,63,1.307,1,2137,0,184.029,2.154,16.250,-182.125,20.813,-0.156,0.012,1.164,0.418,-2.113,1.398,0.142,0.182,1.209,1.359,3,NULL,NULL,,3,0,2,7,255,953,250,0,0
stim,76853,106974,0,106974,3304294.453,-0.596,0.033,-0.040,0.801,0,0,2589,0,3125,76,3017,2875,63,1.307,1,2137,0,194.145,2.651,27.813,-191.125,19.750,-0.141,0.121,1.309,-0.125,-2.648,1.563,0.148,0.194,1.209,1.359,3,NULL,NULL,,3,0,2,7,255,953,250,0,0
stim,76872,106993,1,106993,3304299.455,-0.595,0.040,-0.044,0.802,0,0,2513,0,3107,27,3016,2834,63,1.307,1,2137,0,201.751,3.335,28.188,-198.813,19.563,-0.191,0.203,1.520,-1.145,-3.133,2.738,0.156,0.206,1.209,1.359,3,NULL,NULL,,3,1,2,7,255,953,250,0,0
stim,76872,106993,1,106993,3304304.453,-0.594,0.048,-0.049,0.802,0,0,2407,0,3113,18,3032,2795,63,1.307,1,2137,0,210.885,4.629,18.313,-209.188,19.438,-0.242,0.266,1.770,-1.723,-4.297,4.633,0.162,0.220,1.209,1.359,3,NULL,NULL,,3,1,2,7,255,953,250,0,0
stim,76872,106993,1,106993,3304309.455,-0.592,0.056,-0.054,0.802,0,0,2267,0,3093,61,3021,2734,63,1.307,1,2137,0,221.717,5.790,24.063,-219.813,16.188,-0.340,0.211,2.129,-1.723,-5.527,6.910,0.170,0.234,1.209,1.359,3,NULL,NULL,,3,1,2,7,255,953,250,0,0
stim,76872,106993,1,106993,3304314.454,-0.590,0.065,-0.060,0.802,0,0,2143,0,3077,67,3016,2681,63,1.307,1,2137,0,241.346,7.265,7.938,-239.125,31.688,-0.500,0.090,2.492,-1.160,-7.172,10.172,0.182,0.248,1.209,1.359,3,NULL,NULL,,3,1,2,7,255,953,250,0,0
stim,76872,106993,1,106993,3304319.455,-0.588,0.073,-0.068,0.803,0,0,1949,0,3053,67,3005,2607,63,1.307,1,2137,0,268.859,9.343,-28.688,-263.813,43.188,-0.734,0.172,2.641,0.594,-9.324,13.313,0.194,0.266,1.209,1.359,3,NULL,NULL,,3,1,2,7,255,953,250,0,0
stim,76872,106993,1,106993,3304324.454,-0.585,0.082,-0.077,0.803,0,0,1787,0,3026,81,2995,2523,63,1.307,1,2137,0,303.812,12.549,-62.125,-294.313,42.688,-0.871,0.477,2.633,0.594,-12.535,13.313,0.208,0.284,1.209,1.359,3,NULL,NULL,,3,1,2,7,255,953,250,0,0
stim,76894,107015,1,107015,3304329.455,-0.583,0.091,-0.089,0.802,0,0,1629,0,3001,90,2970,2388,63,1.307,1,2137,0,334.098,15.350,-80.063,-323.750,19.938,-0.891,0.773,2.723,-1.680,-15.258,13.316,0.228,0.308,1.209,1.359,3,NULL,NULL,,3,1,2,7,255,953,250,0,0
stim,76894,107015,1,107015,3304334.454,-0.582,0.100,-0.101,0.801,0,0,1526,0,2973,91,2939,2261,63,1.307,1,2137,0,364.919,17.736,-96.563,-351.875,5.063,-0.828,0.934,2.797,-4.348,-17.195,13.316,0.254,0.340,1.209,1.359,3,NULL,NULL,,3,1,2,7,255,953,250,0,0
stim,76894,107015,1,107015,3304339.455,-0.580,0.111,-0.115,0.799,0,0,1419,0,2931,99,2905,2125,63,1.307,1,2137,0,398.496,18.987,-114.688,-381.625,2.875,-0.789,1.086,2.922,-5.961,-18.027,13.520,0.290,0.382,1.209,1.359,3,NULL,NULL,,3,1,2,7,255,953,250,0,0
stim,76894,107015,1,107015,3304344.453,-0.578,0.121,-0.130,0.796,0,0,1277,0,2879,99,2855,2006,63,1.307,1,2137,0,432.268,20.721,-146.313,-406.750,-1.563,-0.750,1.184,3.012,-7.469,-19.328,14.043,0.334,0.432,1.209,1.359,3,NULL,NULL,,3,1,2,7,255,953,250,0,0
stim,76894,107015,1,107015,3304349.455,-0.576,0.132,-0.147,0.793,0,0,1181,0,2815,105,2778,1891,63,1.307,1,2137,0,462.216,21.122,-166.250,-431.188,-9.063,-0.750,0.789,2.879,-7.469,-19.758,14.043,0.388,0.492,1.209,1.359,3,NULL,NULL,,3,1,2,7,255,953,250,0,0
stim,76894,107015,1,107015,3304354.454,-0.573,0.144,-0.164,0.790,0,0,1052,0,2743,93,2683,1755,63,1.307,1,2137,0,491.365,21.038,-166.438,-462.063,15.375,-0.938,0.590,2.801,-4.957,-20.445,12.531,0.450,0.556,1.209,1.359,3,NULL,NULL,,3,1,2,7,255,953,250,0,0
stim,76924,107045,1,107045,3304359.455,-0.570,0.155,-0.182,0.786,0,0,890,0,2637,69,2522,1645,63,1.307,1,2137,0,509.988,21.721,-176.750,-478.313,8.000,-1.066,0.746,2.727,-3.727,-21.398,10.438,0.522,0.630,1.209,1.359,3,NULL,NULL,,3,1,2,7,255,953,250,0,0
stim,76924,107045,1,107045,3304364.453,-0.567,0.168,-0.200,0.781,0,0,789,0,2509,61,2332,1480,63,1.307,1,2137,0,516.067,23.420,-161.750,-489.063,-31.313,-1.031,0.473,2.738,-2.582,-23.277,8.035,0.602,0.714,1.209,1.359,3,NULL,NULL,,3,1,2,7,255,953,250,0,0
stim,76955,107076,1,107076,3304369.455,-0.565,0.182,-0.217,0.775,0,0,591,0,2334,25,2075,1303,63,1.307,1,2137,0,522.753,23.316,-136.563,-502.875,-41.688,-0.789,0.035,2.930,-1.340,-23.277,8.035,0.694,0.806,1.209,1.359,3,NULL,NULL,,3,1,2,7,255,953,250,0,0
stim,76955,107076,1,107076,3304374.454,-0.561,0.196,-0.235,0.770,0,0,405,0,2087,0,1773,1097,63,1.307,1,2137,0,541.510,22.178,-150.813,-520.063,-4.813,-0.715,-0.406,2.785,2.102,-22.078,8.984,0.796,0.908,1.209,1.359,3,NULL,NULL,,3,1,2,7,255,953,250,0,0
stim,76955,107076,1,107076,3304379.455,-0.555,0.209,-0.254,0.764,0,0,269,0,1785,0,1429,931,63,1.307,1,2137,0,566.356,21.445,-187.688,-533.375,32.313,-0.594,-0.512,2.199,6.023,-20.582,8.984,0.906,1.020,1.209,1.359,3,NULL,NULL,,3,1,2,7,255,953,250,0,0
stim,76955,107076,1,107076,3304384.454,-0.549,0.223,-0.273,0.758,0,0,202,0,1421,0,927,755,63,1.307,1,2137,0,563.845,17.973,-150.063,-542.875,26.250,-0.586,-0.586,1.480,6.566,-16.730,4.391,1.016,1.134,1.209,1.359,3,NULL,NULL,,3,1,2,7,255,953,250,0,0
stim,76955,107076,1,107076,3304389.455,-0.541,0.239,-0.288,0.753,0,0,95,0,1047,0,371,578,63,1.307,1,2137,0,561.792,14.092,-49.000,-558.750,31.750,-0.531,-0.410,1.301,6.566,-12.469,-1.516,1.128,1.248,1.209,1.359,3,NULL,NULL,,3,1,2,7,255,953,250,0,0
stim,76955,107076,1,107076,3304394.453,-0.530,0.257,-0.301,0.750,0,0,78,0,525,0,79,443,63,1.307,1,2137,0,569.115,13.648,38.875,-564.125,64.375,-0.539,-0.070,1.605,5.551,-12.469,-2.684,1.238,1.364,1.209,1.359,3,NULL,NULL,,3,1,2,7,255,953,250,0,0
stim,76955,107076,1,107076,3304399.455,-0.517,0.276,-0.313,0.747,0,0,39,0,125,0,0,345,63,1.307,1,2137,0,596.568,15.400,87.313,-577.250,122.688,-0.992,0.000,2.117,4.199,-14.816,-3.395,1.344,1.476,1.209,1.359,3,NULL,NULL,,3,1,2,7,255,953,250,0,0
stim,76955,107076,1,107076,3304404.454,-0.501,0.293,-0.327,0.746,0,0,17,0,0,0,0,269,63,1.307,1,2137,0,629.013,22.064,50.000,-594.313,199.875,-1.332,0.199,2.078,3.977,-21.703,-3.574,1.444,1.580,1.209,1.359,3,NULL,NULL,,3,1,2,7,255,953,250,0,0
stim,76955,107076,1,107076,3304409.455,-0.488,0.308,-0.343,0.741,0,0,16,0,0,0,0,211,63,1.307,1,2137,0,589.952,23.064,-35.875,-567.563,156.938,-1.215,0.863,1.789,3.977,-22.719,-7.805,1.532,1.676,1.209,1.359,4,NULL,NULL,,3,1,2,7,255,953,250,0,0
stim,76955,107076,1,107076,3304414.453,-0.479,0.320,-0.359,0.734,0,0,11,0,0,0,0,110,63,1.307,1,2137,0,532.494,22.847,-146.813,-506.125,76.375,-0.578,1.391,1.387,-2.422,-22.719,-10.465,1.612,1.760,1.209,1.359,0,NULL,NULL,,3,1,2,7,255,953,250,0,0
stim,76986,107107,1,107107,3304419.455,-0.472,0.326,-0.378,0.727,0,0,10,0,0,0,0,63,63,1.307,1,2137,0,510.388,20.144,-267.250,-418.438,118.250,-0.629,1.586,0.918,-9.633,-17.691,-11.156,1.690,1.844,1.209,1.359,0,NULL,NULL,,3,1,2,7,255,953,250,0,0
stim,76986,107107,1,107107,3304424.454,-0.466,0.323,-0.400,0.720,0,0,9,0,0,0,0,31,63,1.307,1,2137,0,542.172,18.528,-402.250,-296.813,209.875,-0.734,2.039,-0.160,-11.742,-14.332,-14.484,1.780,1.942,1.209,1.359,0,NULL,NULL,,3,1,2,7,255,953,250,0,0
stim,76986,107107,1,107107,3304429.455,-0.462,0.322,-0.412,0.716,0,0,9,0,0,0,0,29,63,1.307,1,2137,0,301.175,13.201,-213.563,-181.500,110.250,-0.785,1.375,-0.418,-11.742,-6.031,-22.230,1.888,2.052,1.209,1.359,0,NULL,NULL,,3,1,2,7,255,953,250,0,0
stim,76986,107107,1,107107,3304434.453,-0.459,0.325,-0.412,0.716,0,0,9,0,0,0,0,37,63,1.307,1,2137,0,98.288,11.688,53.063,-82.250,8.938,-0.961,-0.441,0.859,-10.012,-6.031,-22.230,2.002,2.170,1.209,1.359,0,NULL,NULL,,3,1,2,7,255,953,250,0,0
stim,76986,107107,1,107107,3304439.455,-0.459,0.327,-0.410,0.717,0,0,5,0,0,0,0,52,63,1.307,1,2137,0,61.305,13.032,57.375,-2.625,-21.438,-1.168,-1.219,2.367,7.871,-10.387,-12.762,2.114,2.282,1.209,1.359,0,NULL,NULL,,3,1,2,7,255,953,250,0,0
stim,76986,107107,1,107107,3304444.453,-0.464,0.322,-0.413,0.715,0,0,4,0,0,0,0,51,63,1.307,1,2137,0,175.339,25.649,-152.125,82.313,-28.750,-1.270,-0.695,2.293,11.859,-22.742,-8.266,2.216,2.384,1.209,1.359,0,NULL,NULL,,3,1,2,7,255,953,250,0,0
stim,77019,107140,1,107140,3304449.455,-0.472,0.312,-0.418,0.711,0,0,1,0,0,0,0,26,63,1.307,1,2137,0,337.051,25.649,-297.063,155.875,-32.563,-1.133,0.555,0.918,11.859,-22.742,-8.266,2.296,2.464,1.209,1.359,0,NULL,NULL,,3,1,2,7,255,953,250,0,0
stim,77019,107140,1,107140,3304454.454,-0.480,0.301,-0.421,0.708,0,0,0,0,0,0,0,23,63,1.307,1,2137,0,321.431,13.668,-247.125,203.938,-25.625,-0.996,1.430,-0.035,-0.980,-13.633,-16.797,2.356,2.522,1.209,1.359,0,NULL,NULL,,3,1,2,7,255,953,250,0,0
stim,77019,107140,1,107140,3304459.455,-0.487,0.292,-0.419,0.708,0,0,0,0,0,0,0,20,63,1.307,1,2137,0,253.412,11.702,-112.750,225.313,-27.188,-1.000,1.426,0.016,-9.648,-6.621,-22.336,2.402,2.570,1.209,1.359,0,NULL,NULL,,3,1,2,7,255,953,250,0,0
stim,77019,107140,1,107140,3304464.453,-0.493,0.285,-0.415,0.709,0,0,0,0,0,0,0,17,63,1.307,1,2137,0,250.321,11.702,-54.625,240.563,-42.500,-0.961,0.691,0.641,-9.648,-6.621,-22.336,2.452,2.622,1.209,1.359,0,NULL,NULL,,3,1,2,7,255,953,250,0,0
stim,77057,107178,1,107178,3304469.455,-0.501,0.276,-0.413,0.709,0,0,0,0,0,0,0,12,63,1.307,1,2137,0,278.083,11.388,-104.188,253.438,-47.375,-0.797,0.113,0.828,-3.355,-10.883,-16.633,2.506,2.682,1.209,1.359,0,NULL,NULL,,3,1,2,7,255,953,250,0,0
stim,77057,107178,1,107178,3304474.454,-0.508,0.265,-0.411,0.709,0,0,0,0,0,0,0,12,63,1.307,1,2137,0,308.638,10.947,-160.000,262.188,-30.250,-0.602,0.031,0.340,1.180,-10.883,-12.879,2.564,2.742,1.209,1.359,0,NULL,NULL,,3,1,2,7,255,953,250,0,0
stim,77057,107178,1,107178,3304479.455,-0.515,0.254,-0.410,0.709,0,0,0,0,0,0,0,11,63,1.307,1,2137,0,302.202,6.042,-147.625,263.625,-5.875,-0.504,0.262,-0.230,1.180,-5.926,-12.879,2.618,2.800,1.209,1.359,0,NULL,NULL,,3,1,2,7,255,953,250,0,0
stim,77057,107178,1,107178,3304484.453,-0.521,0.243,-0.407,0.710,0,0,0,0,0,0,0,8,63,1.307,1,2137,0,278.081,1.174,-89.313,263.188,9.188,-0.441,0.473,-0.398,-0.590,-1.016,-15.723,2.668,2.852,1.209,1.359,0,NULL,NULL,,3,1,2,7,255,953,250,0,0
stim,77057,107178,1,107178,3304489.455,-0.525,0.234,-0.402,0.712,0,0,0,0,0,0,0,0,63,1.307,1,2137,0,267.352,1.760,-41.063,263.188,22.875,-0.367,0.359,-0.367,-1.719,0.379,-15.746,2.718,2.902,1.209,1.359,0,NULL,NULL,,3,1,2,7,255,953,250,0,0
stim,77057,107178,1,107178,3304494.454,-0.529,0.225,-0.396,0.716,0,0,0,0,0,0,0,7,63,1.307,1,2137,0,267.572,1.760,-4.500,264.813,38.063,-0.402,0.250,-0.277,-1.719,0.379,-15.746,2.764,2.950,1.209,1.359,0,NULL,NULL,,3,1,2,7,255,953,250,0,0
stim,77057,107178,1,107178,3304499.455,-0.533,0.216,-0.390,0.719,0,0,0,0,0,0,0,3,63,1.307,1,2137,0,271.331,0.806,14.875,268.563,35.688,-0.391,0.230,-0.188,-0.703,-0.395,-15.160,2.804,2.990,1.209,1.359,0,NULL,NULL,,3,1,2,7,255,953,250,0,0
stim,77057,107178,1,107178,3304504.453,-0.536,0.208,-0.383,0.723,0,0,0,0,0,0,0,0,63,1.307,1,2137,0,277.807,1.330,39.688,271.125,45.750,-0.316,0.219,-0.125,-0.703,-1.129,-14.484,2.834,3.022,1.209,1.359,0,NULL,NULL,,3,1,2,7,255,953,250,0,0
stim,77057,107178,1,107178,3304509.455,-0.538,0.200,-0.375,0.728,0,0,0,0,0,0,0,0,63,1.307,1,2137,0,287.175,1.533,64.063,273.000,61.938,-0.301,0.230,0.047,-0.859,-1.270,-13.516,2.854,3.042,1.209,1.359,0,NULL,NULL,,3,1,2,7,255,953,250,0,0
stim,77057,107178,1,107178,3304514.453,-0.540,0.192,-0.366,0.733,0,0,0,0,0,0,0,0,63,1.307,1,2137,0,295.755,2.823,77.813,275.063,75.875,-0.348,0.238,0.227,-1.234,-2.539,-12.371,2.868,3.058,1.209,1.359,0,NULL,NULL,,3,1,2,7,255,953,250,0,0
stim,77082,107203,1,107203,3304519.455,-0.541,0.184,-0.357,0.738,0,0,0,0,0,0,0,0,63,1.307,1,2137,0,302.565,4.470,84.375,279.688,78.750,-0.410,0.254,0.371,-1.410,-4.242,-11.488,2.878,3.070,1.209,1.359,0,NULL,NULL,,3,1,2,7,255,953,250,0,0
stim,77082,107203,1,107203,3304524.454,-0.543,0.176,-0.348,0.744,0,0,0,0,0,0,0,0,63,1.307,1,2137,0,307.889,5.948,84.938,286.813,72.938,-0.426,0.234,0.508,-1.477,-5.762,-10.910,2.888,3.082,1.209,1.359,0,NULL,NULL,,3,1,2,7,255,953,250,0,0
stim,77082,107203,1,107203,3304529.455,-0.545,0.167,-0.339,0.748,0,0,0,0,0,0,0,0,63,1.307,1,2137,0,314.477,6.963,85.000,294.688,69.500,-0.434,0.203,0.586,-1.477,-6.805,-9.875,2.900,3.094,1.209,1.359,0,NULL,NULL,,3,1,2,7,255,953,250,0,0
stim,77082,107203,1,107203,3304534.453,-0.547,0.158,-0.329,0.753,0,0,0,0,0,0,0,0,63,1.307,1,2137,0,322.417,7.471,90.938,303.063,61.938,-0.520,0.211,0.684,-1.289,-7.359,-9.082,2.916,3.112,1.209,1.359,0,NULL,NULL,,3,1,2,7,255,953,250,0,0
stim,77103,107224,1,107224,3304539.455,-0.550,0.150,-0.319,0.757,0,0,0,0,0,0,0,0,63,1.307,1,2137,0,330.753,8.663,94.000,314.125,43.438,-0.543,0.207,0.855,-1.289,-8.566,-8.734,2.938,3.134,1.209,1.359,0,NULL,NULL,,3,1,2,7,255,953,250,0,0
stim,77103,107224,1,107224,3304544.454,-0.553,0.141,-0.308,0.761,0,0,0,0,0,0,0,0,63,1.307,1,2137,0,338.077,9.888,85.250,325.875,28.875,-0.496,0.188,1.004,-1.367,-9.793,-7.355,2.966,3.164,1.209,1.359,0,NULL,NULL,,3,1,2,7,255,953,250,0,0
stim,77103,107224,0,107224,3304549.455,-0.557,0.131,-0.298,0.764,0,0,0,0,0,0,0,0,63,1.307,1,2137,0,345.172,10.387,70.063,337.625,15.625,-0.496,0.211,1.090,-1.633,-10.258,-5.656,2.998,3.198,1.209,1.359,0,NULL,NULL,,3,0,2,7,255,955,250,0,0
stim,77103,107224,0,107224,3304554.453,-0.561,0.121,-0.287,0.767,0,0,0,0,0,0,0,0,63,1.307,1,2137,0,353.927,10.458,58.750,349.000,3.438,-0.457,0.195,1.086,-2.035,-10.258,-4.781,3.034,3.234,1.209,1.359,0,NULL,NULL,,3,0,2,7,255,955,250,0,0
stim,77103,107224,0,107224,3304559.455,-0.566,0.111,-0.276,0.769,0,0,0,0,0,0,0,0,63,1.307,1,2137,0,363.504,10.380,55.313,359.188,-7.750,-0.430,0.188,1.086,-2.086,-10.168,-4.238,3.074,3.276,1.209,1.359,0,NULL,NULL,,3,0,2,7,255,955,250,0,0
stim,77103,107224,0,107224,3304564.454,-0.571,0.100,-0.265,0.770,0,0,0,0,0,0,0,0,63,1.307,1,2137,0,372.589,9.985,49.063,368.375,-26.750,-0.434,0.207,1.078,-2.207,-9.738,-3.801,3.116,3.318,1.209,1.359,0,NULL,NULL,,3,0,2,7,255,955,250,0,0
stim,77148,107269,0,107269,3304569.455,-0.577,0.089,-0.254,0.771,0,0,0,0,0,0,0,0,63,1.307,1,2137,0,381.192,9.858,49.563,375.438,-43.563,-0.309,0.199,1.016,-2.473,-9.543,-3.625,3.160,3.362,1.209,1.359,0,NULL,NULL,,3,0,2,7,255,955,250,0,0
stim,77148,107269,0,107269,3304574.454,-0.584,0.079,-0.242,0.771,0,0,0,0,0,0,0,3,63,1.307,1,2137,0,388.588,8.405,53.875,380.813,-55.500,-0.113,0.137,0.918,-2.730,-7.949,-3.313,3.204,3.408,1.209,1.359,0,NULL,NULL,,3,0,2,7,255,955,250,0,0
stim,77148,107269,0,107269,3304579.455,-0.589,0.068,-0.230,0.771,0,0,0,0,0,0,0,4,63,1.307,1,2137,0,393.008,6.154,65.750,383.688,-54.000,0.020,0.039,0.840,-2.730,-5.516,-2.938,3.246,3.452,1.209,1.359,0,NULL,NULL,,3,0,2,7,255,955,250,0,0
stim,77148,107269,0,107269,3304584.453,-0.594,0.058,-0.217,0.772,0,0,0,0,0,0,0,3,63,1.307,1,2137,0,390.766,4.286,87.938,379.250,-33.688,0.113,0.031,0.840,-2.336,-3.594,-2.629,3.286,3.494,1.209,1.359,0,NULL,NULL,,3,0,2,7,255,955,250,0,0
stim,77148,107269,0,107269,3304589.455,-0.599,0.049,-0.204,0.773,0,0,0,0,0,0,0,5,63,1.307,1,2137,0,390.330,4.114,112.375,373.500,-15.063,0.051,0.121,0.949,-2.336,-3.387,-2.207,3.326,3.534,1.209,1.359,0,NULL,NULL,,3,0,2,7,255,955,250,0,0
stim,77148,107269,0,107269,3304594.454,-0.602,0.040,-0.190,0.774,0,0,0,0,0,0,0,7,63,1.307,1,2137,0,389.970,4.653,128.375,368.063,-11.250,0.023,0.195,1.188,-3.191,-3.387,-1.574,3.364,3.572,1.209,1.359,0,NULL,NULL,,3,0,2,7,255,955,250,0,0
stim,77170,107291,0,107291,3304599.455,-0.606,0.031,-0.176,0.775,0,0,0,0,0,0,0,9,63,1.307,1,2137,0,386.040,5.298,125.313,364.938,-12.000,0.066,0.148,1.215,-3.957,-3.523,0.418,3.398,3.610,1.209,1.359,0,NULL,NULL,,3,0,2,7,255,955,250,0,0
stim,77170,107291,0,107291,3304604.453,-0.609,0.022,-0.162,0.776,0,0,0,0,0,0,0,13,63,1.307,1,2137,0,384.570,5.509,132.563,361.000,-0.750,0.133,0.180,1.211,-4.234,-3.523,1.016,3.432,3.644,1.209,1.359,0,NULL,NULL,,3,0,2,7,255,955,250,0,0
stim,77170,107291,0,107291,3304609.455,-0.611,0.014,-0.147,0.778,0,0,0,0,0,0,0,9,63,1.307,1,2137,0,387.229,5.292,143.625,359.500,8.813,0.078,0.270,1.270,-4.359,-3.000,1.203,3.466,3.678,1.209,1.359,0,NULL,NULL,,3,0,2,7,255,955,250,0,0
stim,77170,107291,0,107291,3304614.454,-0.613,0.006,-0.133,0.779,0,0,0,0,0,0,0,11,63,1.307,1,2137,0,388.707,5.774,157.250,355.375,8.625,0.035,0.250,1.363,-4.934,-3.000,1.520,3.496,3.710,1.209,1.359,0,NULL,NULL,,3,0,2,7,255,955,250,0,0
stim,77170,107291,0,107291,3304619.455,-0.615,-0.001,-0.117,0.780,0,0,0,0,0,0,0,8,63,1.307,1,2137,0,390.860,5.774,170.000,351.375,20.188,0.055,0.188,1.570,-4.934,-3.000,2.488,3.524,3.740,1.209,1.359,0,NULL,NULL,,3,0,2,7,255,955,250,0,0
stim,77170,107291,0,107291,3304624.454,-0.616,-0.009,-0.102,0.781,0,0,0,0,0,0,0,9,63,1.307,1,2137,0,388.240,5.867,169.500,348.125,28.438,-0.055,0.250,1.742,-4.934,-3.176,4.727,3.550,3.766,1.209,1.359,0,NULL,NULL,,3,0,2,7,255,955,250,0,0
stim,77198,107320,0,107320,3304629.455,-0.617,-0.016,-0.087,0.782,0,0,0,0,0,0,0,8,63,1.307,1,2137,0,382.828,6.411,164.500,344.875,23.625,-0.129,0.297,1.852,-5.203,-3.746,6.273,3.576,3.792,1.209,1.359,0,NULL,NULL,,3,0,2,7,255,955,250,0,0
stim,77198,107320,0,107320,3304634.454,-0.618,-0.023,-0.073,0.782,0,0,0,0,0,0,0,10,63,1.307,1,2137,0,376.953,6.491,157.750,342.000,15.625,-0.129,0.270,1.941,-5.301,-3.746,7.309,3.600,3.818,1.209,1.359,0,NULL,NULL,,3,0,2,7,255,955,250,0,0
stim,77198,107320,0,107320,3304639.455,-0.619,-0.031,-0.059,0.782,0,0,0,0,0,0,0,10,63,1.307,1,2137,0,370.554,6.417,150.938,338.125,14.125,-0.102,0.223,1.996,-5.301,-3.617,8.387,3.626,3.844,1.209,1.359,0,NULL,NULL,,3,0,2,7,255,955,250,0,0
stim,77198,107320,0,107320,3304644.453,-0.620,-0.039,-0.045,0.782,0,0,0,0,0,0,0,9,63,1.307,1,2137,0,364.123,5.596,143.563,334.250,15.875,-0.102,0.211,1.992,-4.906,-2.691,9.113,3.650,3.868,1.209,1.359,0,NULL,NULL,,3,0,2,7,255,955,250,0,0
stim,77198,107320,0,107320,3304649.455,-0.621,-0.046,-0.030,0.782,0,0,0,0,0,0,0,13,63,1.307,1,2137,0,361.149,5.112,143.813,331.000,13.625,-0.113,0.180,1.977,-4.691,-2.031,9.176,3.676,3.894,1.209,1.359,0,NULL,NULL,,3,0,2,7,255,955,250,0,0
stim,77198,107320,0,107320,3304654.454,-0.621,-0.053,-0.016,0.781,0,0,0,0,0,0,0,10,63,1.307,1,2137,0,361.156,4.507,149.500,328.688,6.938,-0.082,0.086,1.977,-4.258,-1.477,9.207,3.702,3.920,1.209,1.359,0,NULL,NULL,,3,0,2,7,255,955,250,0,0
stim,77224,107345,0,107345,3304659.455,-0.622,-0.060,-0.002,0.781,0,0,0,0,0,0,0,16,63,1.307,1,2137,0,361.599,3.322,158.000,325.250,1.563,-0.020,-0.035,1.977,-3.301,-0.371,9.348,3.728,3.946,1.209,1.359,0,NULL,NULL,,3,0,2,7,255,955,250,0,0
stim,77224,107345,0,107345,3304664.453,-0.623,-0.066,0.012,0.779,0,0,0,0,0,0,0,12,63,1.307,1,2137,0,364.430,2.409,169.000,322.875,-0.125,0.063,-0.082,1.934,-2.160,1.066,9.348,3.750,3.970,1.209,1.359,0,NULL,NULL,,3,0,2,7,255,955,250,0,0
stim,77254,107375,0,107375,3304669.455,-0.624,-0.071,0.027,0.778,0,0,0,0,0,0,0,37,63,1.307,1,2137,0,371.415,2.999,185.750,321.625,1.938,0.148,-0.152,1.883,-1.656,2.500,8.941,3.770,3.990,1.209,1.359,0,NULL,NULL,,3,0,2,7,255,955,250,0,0
stim,77254,107375,0,107375,3304674.454,-0.624,-0.076,0.043,0.776,0,0,0,0,0,0,0,39,63,1.307,1,2137,0,384.818,4.084,215.875,318.563,-1.000,0.254,-0.211,1.930,-0.945,3.973,8.473,3.786,4.004,1.209,1.359,0,NULL,NULL,,3,0,2,7,255,955,250,0,0
stim,77254,107375,0,107375,3304679.455,-0.625,-0.080,0.060,0.774,0,0,0,0,0,0,0,42,63,1.307,1,2137,0,400.015,5.761,247.188,314.500,0.063,0.434,-0.215,2.059,-0.508,5.738,8.473,3.794,4.014,1.209,1.359,0,NULL,NULL,,3,0,2,7,255,955,250,0,0
stim,77254,107375,0,107375,3304684.454,-0.625,-0.083,0.078,0.772,0,0,0,0,0,0,0,45,63,1.307,1,2137,0,416.409,8.247,275.625,312.125,-2.250,0.613,-0.242,2.234,-0.379,8.238,9.176,3.798,4.018,1.209,1.359,0,NULL,NULL,,3,0,2,7,255,955,250,0,0
stim,77254,107375,0,107375,3304689.455,-0.625,-0.085,0.097,0.770,0,0,0,0,0,0,0,45,63,1.307,1,2137,0,431.273,10.957,301.563,308.313,0.000,0.848,-0.176,2.523,-0.508,10.945,10.188,3.792,4.014,1.209,1.359,0,NULL,NULL,,3,0,2,7,255,955,250,0,0
stim,77254,107375,0,107375,3304694.453,-0.625,-0.087,0.115,0.767,0,0,0,0,0,0,0,45,63,1.307,1,2137,0,431.291,14.348,307.000,302.750,10.250,0.980,-0.270,2.723,-0.348,14.344,11.992,3.778,4.002,1.209,1.359,0,NULL,NULL,,3,0,2,7,255,955,250,0,0
stim,77254,107375,0,107375,3304699.455,-0.625,-0.089,0.133,0.764,0,0,0,0,0,0,0,51,63,1.307,1,2137,0,427.700,16.995,306.188,298.500,8.625,1.152,-0.219,2.941,-0.293,16.992,13.039,3.752,3.978,1.209,1.359,0,NULL,NULL,,3,0,2,7,255,955,250,0,0
stim,77254,107375,0,107375,3304704.454,-0.624,-0.091,0.151,0.762,0,0,0,0,0,0,0,47,63,1.307,1,2137,0,413.317,19.820,291.500,292.375,19.375,1.332,-0.223,3.008,-0.074,19.820,13.449,3.716,3.940,1.209,1.359,0,NULL,NULL,,3,0,2,7,255,955,250,0,0
stim,77254,107375,0,107375,3304709.455,-0.623,-0.093,0.168,0.759,0,0,0,0,0,0,0,54,63,1.307,1,2137,0,402.006,22.375,280.125,287.938,15.188,1.453,-0.297,3.090,-0.074,22.375,13.449,3.664,3.892,1.209,1.359,0,NULL,NULL,,3,0,2,7,255,955,250,0,0
stim,77254,107375,0,107375,3304714.453,-0.621,-0.095,0.184,0.756,0,0,0,0,0,0,0,45,63,1.307,1,2137,0,380.587,24.570,254.625,281.813,24.375,1.523,-0.367,3.113,0.969,24.551,13.027,3.602,3.828,1.209,1.359,0,NULL,NULL,,3,0,2,7,255,955,250,0,0
stim,77284,107405,0,107405,3304719.455,-0.619,-0.098,0.200,0.753,0,0,0,0,0,0,0,55,63,1.307,1,2137,0,359.808,26.067,229.000,276.875,19.000,1.582,-0.297,3.160,1.570,26.020,12.152,3.524,3.752,1.209,1.359,0,NULL,NULL,,3,0,2,7,255,955,250,0,0
stim,77284,107405,0,107405,3304724.454,-0.618,-0.101,0.213,0.750,0,0,0,0,0,0,0,62,63,1.307,1,2137,0,335.939,27.260,200.625,269.375,6.438,1.789,-0.129,3.160,1.570,27.215,11.684,3.436,3.664,1.209,1.359,0,NULL,NULL,,3,0,2,7,255,955,250,0,0
stim,77284,107405,0,107405,3304729.455,-0.617,-0.105,0.226,0.747,0,0,0,0,0,0,0,77,63,1.307,1,2137,0,310.378,29.285,163.563,263.688,-7.125,2.141,-0.117,3.133,-0.121,29.285,10.371,3.336,3.562,1.209,1.359,0,NULL,NULL,,3,0,2,7,255,955,250,0,0
stim,77284,107405,0,107405,3304734.453,-0.615,-0.111,0.236,0.744,0,0,0,0,0,0,0,94,63,1.307,1,2137,0,274.731,32.664,105.063,253.813,-4.250,2.414,-0.348,2.844,-0.121,32.664,7.914,3.224,3.452,1.209,1.359,0,NULL,NULL,,3,0,2,7,255,955,250,0,0
stim,77284,107405,0,107405,3304739.455,-0.612,-0.117,0.244,0.743,0,0,0,0,0,0,0,126,63,1.307,1,2137,0,246.051,34.338,58.438,238.500,15.625,2.668,-0.547,2.406,0.645,34.332,3.004,3.102,3.328,1.209,1.359,0,NULL,NULL,,3,0,2,7,255,955,250,0,0
stim,77284,107405,0,107405,3304744.454,-0.609,-0.123,0.251,0.742,0,0,0,0,0,0,0,152,63,1.307,1,2137,0,226.205,34.365,32.375,222.250,26.938,2.824,-0.719,1.855,1.504,34.332,-2.984,2.966,3.192,1.209,1.359,0,NULL,NULL,,3,0,2,7,255,955,250,0,0
stim,77329,107450,0,107450,3304749.455,-0.606,-0.128,0.258,0.741,0,0,0,0,0,0,0,181,63,1.307,1,2137,0,207.775,34.129,41.000,200.313,36.938,3.105,-0.793,1.465,1.723,34.086,-9.316,2.816,3.038,1.209,1.359,0,NULL,NULL,,3,0,2,7,255,955,250,0,0
stim,77329,107450,0,107450,3304754.453,-0.604,-0.132,0.265,0.740,0,0,0,0,0,0,0,187,63,1.307,1,2137,0,197.264,34.059,56.688,184.188,42.125,3.309,-0.801,1.152,1.723,34.016,-14.652,2.654,2.872,1.209,1.359,0,NULL,NULL,,3,0,2,7,255,955,250,0,0
stim,77329,107450,0,107450,3304759.455,-0.601,-0.135,0.273,0.739,0,0,0,0,0,0,0,196,63,1.307,1,2137,0,197.414,34.129,94.000,166.938,47.625,3.645,-1.063,0.887,1.723,34.086,-18.820,2.482,2.694,1.209,1.359,0,NULL,NULL,,3,0,2,7,255,955,250,0,0
stim,77329,107450,0,107450,3304764.454,-0.598,-0.136,0.280,0.739,0,0,0,0,0,0,0,205,63,1.307,1,2137,0,173.715,35.532,102.688,123.125,66.875,3.984,-1.820,0.996,2.184,35.465,-23.785,2.308,2.510,1.209,1.359,0,NULL,NULL,,3,0,2,7,255,955,250,0,0
stim,77352,107473,0,107473,3304769.455,-0.593,-0.134,0.287,0.741,0,0,0,0,0,0,0,203,63,1.307,1,2137,0,215.730,39.648,123.750,98.063,147.000,3.988,-1.836,0.863,7.852,38.863,-26.813,2.132,2.324,1.209,1.359,0,NULL,NULL,,3,0,2,7,255,955,250,0,0
stim,77352,107473,0,107473,3304774.454,-0.587,-0.130,0.296,0.743,0,0,0,0,0,0,0,187,63,1.307,1,2137,0,255.498,39.692,167.875,69.188,179.750,3.406,-1.746,0.926,8.066,38.863,-26.813,1.958,2.136,1.209,1.359,0,NULL,NULL,,3,0,2,7,255,955,250,0,0
stim,77352,107473,0,107473,3304779.455,-0.583,-0.123,0.305,0.743,0,0,0,0,0,0,0,181,63,1.307,1,2137,0,274.547,35.396,234.375,37.188,138.063,2.848,-1.641,1.332,8.066,34.465,-25.074,1.786,1.948,1.209,1.359,0,NULL,NULL,,3,0,2,7,255,955,250,0,0
stim,77352,107473,0,107473,3304784.453,-0.581,-0.116,0.313,0.742,0,0,0,0,0,0,0,179,63,1.307,1,2137,0,252.533,35.492,234.500,5.375,93.563,2.758,-1.410,2.258,8.477,34.465,-19.109,1.614,1.756,1.209,1.359,0,NULL,NULL,,3,0,2,7,255,955,250,0,0
stim,77352,107473,0,107473,3304789.455,-0.580,-0.110,0.319,0.742,0,0,0,0,0,0,0,172,63,1.307,1,2137,0,191.291,37.479,173.500,-28.438,75.375,2.625,-1.230,2.844,8.477,36.508,-11.152,1.442,1.566,1.209,1.359,0,NULL,NULL,,3,0,2,7,255,955,250,0,0
stim,77352,107473,0,107473,3304794.453,-0.579,-0.104,0.321,0.742,0,0,0,6,0,0,0,232,63,1.307,1,2137,0,140.099,37.454,96.625,-65.313,77.625,2.227,-0.820,3.113,8.367,36.508,-5.598,1.276,1.378,1.209,1.359,0,NULL,NULL,,3,0,2,7,255,955,250,0,0
stim,77352,107473,0,107473,3304799.455,-0.575,-0.091,0.324,0.745,391,0,0,789,0,29,0,403,63,1.307,1,2137,0,333.985,37.447,213.625,-164.625,197.000,0.625,-1.109,5.105,8.367,36.500,-0.082,1.116,1.192,1.209,1.359,0,NULL,NULL,,3,0,2,7,255,955,250,0,0
stim,77352,107473,0,107473,3304804.453,-0.565,-0.066,0.331,0.753,1111,0,0,1466,0,215,0,453,63,1.307,1,2137,0,659.751,37.057,356.313,-286.000,475.938,0.816,1.332,8.660,6.398,36.500,22.453,0.962,1.002,1.209,1.359,0,NULL,NULL,,3,0,2,7,255,955,250,0,0
stim,77374,107495,0,107495,3304809.455,-0.550,-0.077,0.302,0.775,1710,0,0,1891,0,539,0,560,63,1.307,1,2137,0,924.877,36.202,-821.813,-120.313,406.875,-0.688,1.980,4.832,6.152,35.676,38.891,0.814,0.796,1.209,1.359,0,NULL,NULL,,3,0,2,7,255,955,250,0,0
stim,77374,107495,0,107495,3304814.454,-0.537,-0.094,0.259,0.798,2126,0,0,2074,0,809,0,614,62,1.307,1,2138,0,1233.392,17.181,-1173.938,-199.813,321.250,-1.125,4.203,-0.629,-6.340,15.969,38.891,0.694,0.586,1.209,1.359,1,1021.000,66.000,,3,0,2,7,255,955,250,0,0
stim,77374,107495,0,107495,3304819.455,-0.527,-0.103,0.233,0.811,2375,0,0,2215,0,991,0,687,62,1.307,1,2138,0,713.285,32.350,-665.375,-136.813,217.563,-2.098,3.156,-3.020,-20.883,-24.707,1.359,0.644,0.420,1.209,1.359,1,NULL,NULL,,3,0,2,7,255,955,250,0,0
stim,77374,107495,0,107495,3304824.454,-0.527,-0.101,0.225,0.814,2523,0,0,2304,0,1235,0,779,62,1.307,1,2138,0,209.628,32.350,-150.938,-140.688,37.000,-1.723,0.477,-1.715,-20.883,-24.707,-16.848,0.660,0.348,1.209,1.359,1,NULL,NULL,,3,0,2,7,255,955,250,0,0
stim,77374,107495,0,107495,3304829.455,-0.529,-0.093,0.226,0.812,2647,0,0,2432,0,1419,0,895,62,1.307,1,2138,0,189.930,23.367,130.188,-136.313,-23.313,-0.195,0.492,1.422,-2.828,-23.195,-16.848,0.704,0.362,1.209,1.359,1,NULL,NULL,,3,0,2,7,255,955,250,0,0
stim,77374,107495,0,107495,3304834.454,-0.527,-0.087,0.226,0.815,2807,0,0,2639,0,1561,0,1035,62,1.307,1,2138,0,154.650,4.149,51.688,-107.438,98.500,0.645,2.867,2.184,-2.828,3.035,4.492,0.742,0.412,1.209,1.359,2,NULL,NULL,,3,0,2,7,255,955,250,0,0
stim,77418,107539,0,107539,3304839.455,-0.518,-0.083,0.220,0.822,2917,0,0,2777,0,1635,0,1181,62,1.307,1,2138,0,317.367,12.526,-122.375,-141.938,256.125,-0.992,2.016,1.887,-12.152,3.035,13.820,0.768,0.456,1.209,1.359,2,NULL,NULL,,3,0,2,7,255,955,250,0,0
stim,77418,107539,0,107539,3304844.453,-0.510,-0.082,0.204,0.831,2965,0,0,2885,0,1700,0,1341,62,1.307,1,2138,0,447.904,14.244,-342.313,-185.188,221.688,-2.473,-0.613,1.051,-12.152,-7.430,13.820,0.790,0.490,1.209,1.359,2,NULL,NULL,,3,0,2,7,255,955,250,0,0
stim,77418,107539,0,107539,3304849.455,-0.513,-0.083,0.188,0.833,3016,0,0,2965,0,1757,0,1513,62,1.307,1,2138,0,369.728,21.466,-319.375,-171.000,-73.875,-2.371,-1.508,-0.363,16.980,-13.133,6.559,0.808,0.516,1.209,1.359,2,NULL,NULL,,3,0,2,7,255,955,250,0,0
stim,77418,107539,0,107539,3304854.454,-0.523,-0.081,0.179,0.830,3051,0,0,3021,0,1807,0,1607,62,1.307,1,2138,0,317.736,21.466,-112.563,-188.188,-229.938,-0.527,-0.969,-0.297,16.980,-13.133,-8.309,0.814,0.538,1.209,1.359,2,NULL,NULL,,3,0,2,7,255,955,250,0,0
stim,77418,107539,0,107539,3304859.455,-0.532,-0.075,0.176,0.825,3063,0,0,3080,0,1853,0,1645,62,1.307,1,2138,0,288.272,10.785,54.250,-174.438,-223.000,0.770,-0.926,1.094,10.656,-1.660,-8.309,0.796,0.548,1.209,1.359,2,NULL,NULL,,3,0,2,7,255,955,250,0,0
stim,77418,107539,0,107539,3304864.453,-0.537,-0.069,0.173,0.823,3097,0,0,3113,0,1877,0,1647,62,1.307,1,2138,0,189.409,15.139,27.313,-151.438,-110.438,1.496,-1.309,2.195,6.469,13.688,-3.828,0.762,0.546,1.209,1.359,2,NULL,NULL,,3,0,2,7,255,955,250,0,0
stim,77451,107572,0,107572,3304869.455,-0.536,-0.067,0.166,0.825,3096,0,0,3140,0,1920,0,1607,62,1.307,1,2138,0,184.210,25.680,-112.063,-139.563,43.563,1.535,-1.648,2.355,6.469,24.852,3.609,0.718,0.528,1.209,1.359,2,NULL,NULL,,3,0,2,7,255,955,250,0,0
stim,77451,107572,0,107572,3304874.454,-0.530,-0.066,0.156,0.831,3115,0,0,3161,0,1977,85,1583,62,1.307,1,2138,0,302.866,26.451,-213.875,-116.750,179.875,0.918,-1.430,1.473,9.059,24.852,3.609,0.670,0.484,1.209,1.359,2,NULL,NULL,,3,0,2,7,255,955,250,0,0
stim,77451,107572,0,107572,3304879.455,-0.521,-0.065,0.148,0.838,3113,0,0,3179,0,2043,159,1594,62,1.307,1,2138,0,328.390,20.046,-192.625,-105.250,244.250,-0.066,-0.781,0.527,9.059,17.883,-0.871,0.622,0.416,1.209,1.359,2,NULL,NULL,,3,0,2,7,255,955,250,0,0
stim,77451,107572,0,107572,3304884.454,-0.514,-0.063,0.141,0.843,3132,0,0,3195,0,2123,184,1607,62,1.307,1,2138,0,243.058,8.287,-126.938,-106.938,177.563,-1.207,0.043,0.730,7.148,4.191,-0.871,0.576,0.332,1.209,1.359,2,NULL,NULL,,3,0,2,7,255,955,250,0,0
stim,77451,107572,0,107572,3304889.455,-0.513,-0.061,0.136,0.845,3119,0,0,3205,0,2194,199,1657,62,1.307,1,2138,0,147.611,9.663,-81.438,-115.125,43.625,-0.871,0.758,0.574,5.102,-8.207,-1.305,0.540,0.252,1.209,1.359,2,NULL,NULL,,3,0,2,7,255,955,250,0,0
stim,77451,107572,0,107572,3304894.453,-0.514,-0.058,0.131,0.846,3127,0,0,3219,0,2271,201,1775,62,1.307,1,2138,0,135.576,8.620,-58.188,-121.313,-16.688,-0.520,0.703,1.176,-2.637,-8.207,0.082,0.512,0.202,1.209,1.359,2,NULL,NULL,,3,0,2,7,255,955,250,0,0
stim,77472,107593,0,107593,3304899.455,-0.516,-0.056,0.124,0.846,3135,0,0,3221,0,2335,331,1900,62,1.307,1,2138,0,169.584,5.122,-115.000,-118.063,-39.938,-0.301,0.297,1.508,-2.637,-4.391,3.387,0.490,0.184,1.209,1.359,2,NULL,NULL,,3,0,2,7,255,955,250,0,0
stim,77472,107593,0,107593,3304904.454,-0.518,-0.056,0.118,0.845,3131,0,0,3213,0,2393,365,2028,62,1.307,1,2138,0,158.968,1.253,-120.000,-85.313,-59.938,0.184,-0.055,1.676,-1.246,-0.129,5.504,0.472,0.182,1.209,1.359,2,NULL,NULL,,3,0,2,7,255,955,250,0,0
stim,77472,107593,0,107593,3304909.455,-0.521,-0.056,0.113,0.844,3125,0,0,3222,7,2423,395,2105,62,1.307,1,2138,0,130.146,5.732,-97.500,-47.125,-72.188,0.703,-0.359,1.008,-0.445,5.715,5.504,0.464,0.178,1.209,1.359,2,NULL,NULL,,3,0,2,7,255,955,250,0,0
stim,77472,107593,0,107593,3304914.453,-0.522,-0.056,0.110,0.844,3125,0,0,3221,213,2437,443,2163,62,1.307,1,2138,0,67.154,7.466,-37.375,-49.688,-25.375,0.664,0.070,0.965,-0.445,7.453,-1.910,0.466,0.166,1.209,1.359,2,NULL,NULL,,3,0,2,7,255,955,250,0,0
stim,77472,107593,0,107593,3304919.455,-0.523,-0.056,0.108,0.844,3113,0,0,3219,391,2451,473,2217,62,1.307,1,2138,0,59.626,7.454,-43.813,-30.875,-26.125,-0.020,-0.133,1.555,-0.129,7.453,-1.910,0.480,0.144,1.209,1.359,2,NULL,NULL,,3,0,2,7,255,955,250,0,0
stim,77472,107593,0,107593,3304924.454,-0.523,-0.057,0.103,0.844,3116,28,0,3221,535,2467,489,2276,62,1.307,1,2138,0,107.313,4.435,-101.688,-22.500,-25.875,0.035,-0.492,0.906,1.035,4.313,-1.637,0.498,0.122,1.209,1.359,2,NULL,NULL,,3,0,2,7,255,955,250,0,0
stim,77495,107616,0,107616,3304929.455,-0.524,-0.058,0.100,0.844,3123,33,0,3223,673,2485,522,2313,62,1.307,1,2138,0,69.837,4.898,-65.750,-20.813,-11.000,-0.152,-0.301,0.613,3.090,3.801,-1.637,0.514,0.104,1.209,1.359,2,NULL,NULL,,3,0,2,7,255,955,250,0,0
stim,77495,107616,0,107616,3304934.454,-0.525,-0.058,0.100,0.843,3109,49,0,3225,803,2479,525,2347,62,1.307,1,2138,0,45.248,3.327,-10.438,-19.063,-39.688,-0.262,0.152,0.961,3.090,1.234,-1.637,0.526,0.088,1.209,1.359,2,NULL,NULL,,3,0,2,7,255,955,250,0,0
stim,77495,107616,0,107616,3304939.455,-0.528,-0.057,0.099,0.842,3117,75,0,3213,951,2493,535,2373,62,1.307,1,2138,0,67.807,0.582,-1.000,-15.250,-66.063,-0.059,0.391,1.203,-0.496,0.305,0.012,0.534,0.074,1.209,1.359,2,NULL,NULL,,3,0,2,7,255,955,250,0,0
stim,77495,107616,0,107616,3304944.453,-0.530,-0.058,0.097,0.841,3113,113,0,3213,1047,2503,552,2390,62,1.307,1,2138,0,70.537,1.823,-34.250,-9.438,-60.938,0.059,0.133,1.293,-1.797,0.305,2.117,0.542,0.064,1.209,1.359,2,NULL,NULL,,3,0,2,7,255,955,250,0,0
stim,77495,107616,0,107616,3304949.455,-0.531,-0.059,0.094,0.840,3103,136,0,3225,1125,2501,543,2421,62,1.307,1,2138,0,80.450,2.981,-68.875,-7.250,-40.938,-0.035,-0.121,1.090,-1.797,2.379,2.117,0.550,0.056,1.209,1.359,2,NULL,NULL,,3,0,2,7,255,955,250,0,0
stim,77495,107616,0,107616,3304954.454,-0.532,-0.061,0.091,0.839,3108,153,0,3206,1210,2495,559,2429,62,1.307,1,2138,0,75.002,2.520,-65.688,-5.688,-35.750,-0.160,-0.070,0.844,0.832,2.379,0.625,0.558,0.048,1.209,1.359,2,NULL,NULL,,3,0,2,7,255,955,250,0,0
stim,77524,107645,0,107645,3304959.455,-0.534,-0.061,0.090,0.838,3107,181,0,3217,1286,2507,561,2449,62,1.307,1,2138,0,62.779,0.989,-39.188,-6.875,-48.563,-0.195,0.059,0.848,0.832,0.535,-1.266,0.564,0.044,1.209,1.359,2,NULL,NULL,,3,0,2,7,255,955,250,0,0
stim,77524,107645,0,107645,3304964.453,-0.536,-0.062,0.088,0.837,3100,205,0,3207,1381,2515,555,2467,62,1.307,1,2138,0,62.446,0.546,-24.250,-6.938,-57.125,-0.094,0.066,1.008,-0.109,0.535,-1.266,0.568,0.038,1.209,1.359,2,NULL,NULL,,3,0,2,7,255,955,250,0,0
stim,77555,107676,0,107676,3304969.455,-0.538,-0.062,0.087,0.836,3111,216,0,3200,1461,2517,549,2477,62,1.307,1,2138,0,58.472,1.077,-26.563,-5.375,-51.813,0.004,0.051,1.090,-0.680,0.836,0.066,0.572,0.034,1.209,1.359,2,NULL,NULL,,3,0,2,7,255,955,250,0,0
stim,77555,107676,0,107676,3304974.454,-0.539,-0.063,0.085,0.835,3099,239,0,3211,1505,2520,543,2470,62,1.307,1,2138,0,50.716,2.154,-32.375,-3.563,-38.875,0.039,0.074,1.059,-0.973,1.922,0.301,0.578,0.030,1.209,1.359,2,NULL,NULL,,3,0,2,7,255,955,250,0,0
stim,77555,107676,0,107676,3304979.455,-0.540,-0.063,0.084,0.835,3109,243,8,3205,1558,2525,531,2485,62,1.307,1,2138,0,40.668,2.185,-30.375,-1.500,-27.000,0.012,0.055,0.984,-1.039,1.922,0.301,0.584,0.024,1.209,1.359,2,NULL,NULL,,3,0,2,7,255,955,250,0,0
stim,77555,107676,0,107676,3304984.453,-0.541,-0.063,0.083,0.835,3103,251,41,3193,1609,2516,520,2485,62,1.307,1,2138,0,29.752,1.988,-22.250,0.188,-19.750,-0.063,0.012,0.973,-1.039,1.695,-0.336,0.588,0.018,1.209,1.359,2,NULL,NULL,,3,0,2,7,255,955,250,0,0
stim,77555,107676,0,107676,3304989.455,-0.541,-0.064,0.082,0.834,3090,260,51,3207,1640,2521,506,2491,62,1.307,1,2138,0,22.114,1.285,-16.688,-0.563,-14.500,-0.117,-0.004,0.996,-0.371,1.230,-0.336,0.594,0.010,1.209,1.359,2,NULL,NULL,,3,0,2,7,255,955,250,0,0
stim,77555,107676,0,107676,3304994.453,-0.542,-0.064,0.082,0.834,3082,251,84,3191,1670,2513,475,2493,62,1.307,1,2138,0,19.180,0.911,-12.750,-0.688,-14.313,-0.152,0.043,1.008,-0.344,0.844,-0.012,0.600,0.004,1.209,1.359,2,NULL,NULL,,3,0,2,7,255,955,250,0,0
stim,77555,107676,0,107676,3304999.455,-0.543,-0.064,0.081,0.834,3081,248,125,3195,1684,2510,457,2493,62,1.307,1,2138,0,19.369,0.547,-10.375,-1.188,-16.313,-0.133,0.078,1.035,-0.344,0.426,0.172,0.000,0.000,1.209,1.359,2,NULL,NULL,,3,0,2,7,255,955,250,0,0
stim,77555,107676,0,107676,3305004.454,-0.543,-0.064,0.081,0.833,3065,229,155,3177,1707,2504,443,2491,62,1.307,1,2138,0,19.304,0.651,-11.688,-1.250,-15.313,-0.105,0.035,1.039,-0.492,0.426,0.398,0.000,0.000,1.209,1.359,2,NULL,NULL,,3,0,2,7,255,955,250,0,0
stim,77555,107676,0,107676,3305009.455,-0.543,-0.065,0.080,0.833,3063,225,189,3174,1727,2509,431,2495,62,1.283,1,2138,1,16.231,0.973,-13.063,-1.938,-9.438,-0.098,-0.020,1.000,-0.492,0.840,0.398,0.000,0.000,1.206,1.353,2,NULL,NULL,,3,0,2,7,255,955,250,0,0
stim,77555,107676,0,107676,3305014.454,-0.544,-0.065,0.079,0.833,3055,222,206,3170,1745,2504,409,2488,62,1.283,1,2138,1,10.562,0.840,-9.188,-2.625,-4.500,-0.129,-0.027,0.953,-0.023,0.840,-0.039,0.004,0.002,1.206,1.353,2,NULL,NULL,,3,0,2,7,255,955,250,0,0
stim,77584,107705,0,107705,3305019.455,-0.544,-0.065,0.079,0.833,3047,220,229,3155,1755,2489,411,2491,62,1.283,1,2138,1,6.306,0.704,-2.938,-3.688,-4.188,-0.160,-0.020,0.953,0.184,0.680,-0.371,0.006,0.002,1.206,1.353,2,NULL,NULL,,3,0,2,7,255,955,250,0,0
stim,77584,107705,0,107705,3305024.454,-0.544,-0.064,0.079,0.833,3023,211,245,3148,1771,2477,405,2489,62,1.283,1,2138,1,7.435,0.432,1.875,-4.563,-5.563,-0.156,-0.004,0.965,0.184,0.391,-0.371,0.008,0.002,1.206,1.353,2,NULL,NULL,,3,0,2,7,255,955,250,0,0
stim,77584,107705,0,107705,3305029.455,-0.544,-0.064,0.079,0.833,3023,189,271,3131,1788,2475,395,2489,62,1.283,1,2138,1,8.571,0.378,4.375,-5.688,-4.688,-0.156,0.020,0.973,0.090,0.367,-0.242,0.012,0.006,1.206,1.353,2,NULL,NULL,,3,0,2,7,255,955,250,0,0
stim,77584,107705,0,107705,3305034.454,-0.544,-0.064,0.079,0.833,2995,175,303,3119,1815,2478,397,2495,62,1.283,1,2138,1,9.520,0.319,5.500,-7.438,-2.250,-0.188,0.051,0.980,-0.125,0.293,-0.145,0.018,0.012,1.206,1.353,2,NULL,NULL,,3,0,2,7,255,955,250,0,0
stim,77584,107705,0,107705,3305039.455,-0.544,-0.063,0.079,0.833,2981,173,353,3110,1835,2469,395,2501,62,1.283,1,2138,1,11.516,0.293,5.688,-9.125,-4.125,-0.227,0.086,0.988,-0.277,-0.094,-0.012,0.024,0.018,1.206,1.353,2,NULL,NULL,,3,0,2,7,255,955,250,0,0
stim,77584,107705,0,107705,3305044.453,-0.545,-0.063,0.079,0.832,2969,167,373,3087,1864,2461,391,2505,62,1.283,1,2138,1,16.133,0.701,5.750,-10.438,-10.875,-0.215,0.109,0.992,-0.453,-0.535,0.141,0.032,0.026,1.206,1.353,2,NULL,NULL,,3,0,2,7,255,955,250,0,0
stim,77615,107737,0,107737,3305049.455,-0.545,-0.062,0.079,0.832,2953,165,394,3067,1896,2460,391,2509,62,1.283,1,2138,1,19.212,0.844,5.813,-11.500,-14.250,-0.152,0.078,0.992,-0.652,-0.535,0.141,0.040,0.034,1.206,1.353,2,NULL,NULL,,3,0,2,7,255,955,250,0,0
stim,77615,107737,0,107737,3305054.454,-0.546,-0.061,0.079,0.832,2931,166,423,3056,1937,2467,421,2519,62,1.283,1,2138,1,17.153,0.663,4.500,-12.313,-11.063,-0.117,0.027,0.984,-0.652,0.121,0.027,0.050,0.042,1.206,1.353,2,NULL,NULL,,3,0,2,7,255,955,250,0,0
stim,77615,107737,0,107737,3305059.455,-0.546,-0.061,0.078,0.832,2917,153,453,3028,1961,2453,454,2525,62,1.283,1,2138,1,14.884,0.637,3.563,-13.000,-6.313,-0.129,-0.004,0.961,-0.320,0.551,-0.113,0.058,0.048,1.206,1.353,2,NULL,NULL,,3,0,2,7,255,955,250,0,0
stim,77615,107737,0,107737,3305064.453,-0.546,-0.060,0.078,0.832,2894,145,523,3019,1995,2453,476,2537,62,1.283,1,2138,1,16.216,0.551,5.688,-14.250,-5.250,-0.164,0.000,0.949,0.027,0.551,-0.320,0.064,0.054,1.206,1.353,2,NULL,NULL,,3,0,2,7,255,955,250,0,0
stim,77653,107774,0,107774,3305069.455,-0.547,-0.060,0.078,0.832,2857,143,607,2989,2034,2460,487,2552,62,1.283,1,2138,1,19.824,0.193,9.250,-15.438,-8.313,-0.176,0.043,0.957,0.027,0.191,-0.320,0.070,0.058,1.206,1.353,2,NULL,NULL,,3,0,2,7,255,955,250,0,0
stim,77653,107774,0,107774,3305074.454,-0.547,-0.059,0.078,0.831,2843,141,660,2963,2067,2457,553,2569,62,1.283,1,2138,1,23.259,0.194,11.750,-16.750,-11.063,-0.164,0.098,0.984,-0.188,-0.051,-0.262,0.076,0.062,1.206,1.353,2,NULL,NULL,,3,0,2,7,255,955,250,0,0
stim,77653,107774,0,107774,3305079.455,-0.548,-0.058,0.078,0.831,2807,155,695,2943,2109,2462,581,2587,62,1.283,1,2138,1,23.985,0.731,11.375,-18.063,-10.938,-0.152,0.141,1.008,-0.723,-0.113,-0.016,0.080,0.064,1.206,1.353,2,NULL,NULL,,3,0,2,7,255,955,250,0,0
stim,77653,107774,0,107774,3305084.453,-0.548,-0.057,0.078,0.831,2765,163,764,2919,2171,2457,653,2615,62,1.283,1,2138,1,23.475,1.163,8.688,-19.250,-10.250,-0.164,0.172,1.027,-1.152,-0.156,0.234,0.082,0.062,1.206,1.353,2,NULL,NULL,,3,0,2,7,255,955,250,0,0
stim,77653,107774,0,107774,3305089.455,-0.549,-0.056,0.078,0.831,2741,163,820,2893,2227,2459,760,2629,62,1.283,1,2138,1,24.483,1.443,6.188,-20.313,-12.188,-0.176,0.207,1.023,-1.398,-0.355,0.441,0.082,0.060,1.206,1.353,2,NULL,NULL,,3,0,2,7,255,955,250,0,0
stim,77653,107774,0,107774,3305094.454,-0.549,-0.055,0.078,0.830,2700,182,909,2857,2280,2462,809,2651,62,1.283,1,2138,1,27.055,1.766,5.563,-21.688,-15.188,-0.168,0.223,1.016,-1.660,-0.602,0.441,0.082,0.058,1.206,1.353,2,NULL,NULL,,3,0,2,7,255,955,250,0,0
stim,77653,107774,0,107774,3305099.455,-0.550,-0.054,0.078,0.830,2623,182,999,2839,2328,2471,919,2664,62,1.283,1,2138,1,28.743,1.887,3.875,-23.125,-16.625,-0.160,0.230,1.039,-1.789,-0.602,0.441,0.082,0.056,1.206,1.353,2,NULL,NULL,,3,0,2,7,255,955,250,0,0
stim,77653,107774,0,107774,3305104.453,-0.551,-0.053,0.077,0.830,2573,200,1097,2797,2372,2471,1001,2669,62,1.283,1,2138,1,31.648,1.985,-0.438,-22.625,-22.125,-0.141,0.227,1.063,-1.906,-0.555,0.586,0.084,0.056,1.206,1.353,2,NULL,NULL,,3,0,2,7,255,955,250,0,0
stim,77675,107796,0,107796,3305109.455,-0.552,-0.052,0.076,0.829,2503,222,1183,2774,2413,2473,1099,2685,62,1.283,1,2138,1,36.843,1.941,-6.375,-21.813,-29.000,-0.121,0.195,1.055,-1.906,-0.363,0.660,0.084,0.054,1.206,1.353,2,NULL,NULL,,3,0,2,7,255,955,250,0,0
stim,77675,107796,0,107796,3305114.453,-0.553,-0.051,0.075,0.828,2449,238,1301,2748,2459,2474,1182,2709,62,1.283,1,2138,1,41.535,1.705,-13.500,-20.813,-33.313,-0.113,0.121,1.055,-1.703,-0.086,0.660,0.086,0.054,1.206,1.353,2,NULL,NULL,,3,0,2,7,255,955,250,0,0
stim,77675,107796,0,107796,3305119.455,-0.554,-0.051,0.074,0.828,2394,235,1407,2719,2501,2483,1258,2717,62,1.283,1,2138,1,49.396,1.090,-25.688,-19.813,-37.250,-0.141,0.066,1.074,-1.070,0.207,0.660,0.088,0.054,1.206,1.353,2,NULL,NULL,,3,0,2,7,255,955,250,0,0
stim,77675,107796,0,107796,3305124.454,-0.556,-0.052,0.072,0.827,2317,242,1527,2679,2534,2477,1386,2731,62,1.283,1,2138,1,62.001,0.545,-40.813,-18.875,-42.688,-0.156,0.039,1.078,-0.504,0.207,0.805,0.090,0.052,1.206,1.353,2,NULL,NULL,,3,0,2,7,255,955,250,0,0
stim,77675,107796,0,107796,3305129.455,-0.557,-0.052,0.069,0.826,2233,248,1673,2663,2579,2479,1477,2761,62,1.283,1,2138,1,71.229,0.502,-50.125,-18.125,-47.250,-0.137,0.059,1.004,-0.484,0.133,0.805,0.092,0.050,1.206,1.353,2,NULL,NULL,,3,0,2,7,255,955,250,0,0
stim,77675,107796,0,107796,3305134.453,-0.559,-0.053,0.067,0.825,2155,251,1779,2613,2611,2485,1597,2762,62,1.283,1,2138,1,73.705,0.280,-51.500,-18.500,-49.375,-0.133,0.027,0.992,-0.246,0.133,0.129,0.094,0.046,1.206,1.353,2,NULL,NULL,,3,0,2,7,255,955,250,0,0
stim,77704,107825,0,107825,3305139.455,-0.561,-0.054,0.064,0.824,2074,263,1901,2573,2647,2487,1693,2777,62,1.283,1,2138,1,80.566,0.278,-58.000,-19.250,-52.500,-0.168,-0.027,1.055,-0.246,0.129,0.129,0.096,0.040,1.206,1.353,2,NULL,NULL,,3,0,2,7,255,955,250,0,0
stim,77704,107825,0,107825,3305144.454,-0.563,-0.055,0.061,0.823,1971,264,2009,2522,2678,2491,1805,2791,62,1.283,1,2138,0,92.460,0.237,-68.875,-19.750,-58.438,-0.176,-0.020,1.039,0.199,0.129,0.504,0.096,0.036,1.206,1.353,2,NULL,NULL,,3,0,2,7,255,955,250,0,0
stim,77704,107825,0,107825,3305149.455,-0.565,-0.056,0.058,0.821,1879,262,2109,2473,2711,2491,1906,2805,62,1.283,1,2138,0,96.451,0.204,-68.625,-20.813,-64.500,-0.133,0.059,0.949,0.199,-0.043,0.504,0.096,0.030,1.206,1.353,2,NULL,NULL,,3,0,2,7,255,955,250,0,0
stim,77704,107825,0,107825,3305154.453,-0.567,-0.057,0.055,0.820,1774,259,2206,2423,2743,2504,1999,2833,62,1.283,1,2138,0,93.142,0.223,-67.000,-21.750,-60.938,-0.090,-0.020,1.004,-0.219,-0.043,0.027,0.096,0.026,1.206,1.353,2,NULL,NULL,,3,0,2,7,255,955,250,0,0
stim,77704,107825,0,107825,3305159.455,-0.569,-0.057,0.052,0.819,1620,253,2312,2327,2759,2458,2090,2840,62,1.283,1,2138,0,87.568,0.388,-58.750,-24.063,-60.313,-0.203,0.047,0.867,-0.375,-0.098,-0.406,0.098,0.020,1.206,1.353,2,NULL,NULL,,3,0,2,7,255,955,250,0,0
stim,77704,107825,0,107825,3305164.454,-0.572,-0.058,0.049,0.817,1431,260,2397,2249,2783,2492,2168,2851,62,1.283,1,2138,0,87.285,0.271,-42.063,-26.313,-71.813,-0.145,-0.078,0.961,-0.219,0.160,-0.262,0.100,0.018,1.206,1.353,2,NULL,NULL,,3,0,2,7,255,955,250,0,0
stim,77750,107871,0,107871,3305169.455,-0.574,-0.058,0.047,0.816,1263,247,2469,2167,2809,2493,2250,2863,62,1.283,1,2138,0,80.662,0.506,-42.500,-28.313,-62.438,-0.031,-0.180,1.078,0.480,0.160,-0.262,0.102,0.016,1.206,1.353,2,NULL,NULL,,3,0,2,7,255,955,250,0,0
stim,77750,107871,0,107871,3305174.454,-0.575,-0.058,0.044,0.815,1111,221,2526,2070,2838,2493,2325,2874,62,1.283,1,2138,0,75.805,1.191,-51.563,-28.938,-47.438,-0.055,-0.094,1.078,0.480,1.090,0.707,0.104,0.014,1.206,1.353,2,NULL,NULL,,3,0,2,7,255,955,250,0,0
stim,77750,107871,0,107871,3305179.455,-0.577,-0.058,0.041,0.814,934,206,2583,1946,2855,2487,2385,2887,62,1.283,1,2138,0,74.824,1.102,-56.250,-30.063,-39.125,-0.117,0.031,1.031,0.164,1.090,0.707,0.108,0.014,1.206,1.353,2,NULL,NULL,,3,0,2,7,255,955,250,0,0
stim,77750,107871,0,107871,3305184.454,-0.578,-0.058,0.038,0.813,746,182,2635,1751,2873,2485,2452,2897,62,1.283,1,2138,0,73.971,0.770,-51.250,-31.563,-43.000,-0.152,0.078,0.992,-0.770,0.020,0.324,0.110,0.014,1.206,1.353,2,NULL,NULL,,3,0,2,7,255,955,250,0,0
stim,77750,107871,0,107871,3305189.455,-0.580,-0.058,0.036,0.812,519,136,2675,1500,2899,2475,2511,2909,62,1.283,1,2138,0,71.210,1.000,-41.750,-34.563,-46.188,-0.137,0.051,0.996,-0.938,-0.348,0.012,0.112,0.014,1.206,1.353,2,NULL,NULL,,3,0,2,7,255,955,250,0,0
stim,77750,107871,0,107871,3305194.453,-0.581,-0.058,0.034,0.811,333,76,2718,1305,2915,2461,2557,2917,62,1.283,1,2138,0,71.983,1.000,-36.438,-36.625,-50.125,-0.094,0.012,1.035,-0.938,-0.348,0.012,0.114,0.012,1.206,1.353,2,NULL,NULL,,3,0,2,7,255,955,250,0,0
stim,77772,107893,0,107893,3305199.455,-0.583,-0.057,0.031,0.810,153,42,2757,1031,2931,2451,2605,2920,62,1.283,1,2138,0,70.746,0.778,-34.125,-38.813,-48.313,-0.039,-0.020,1.047,-0.754,0.191,0.344,0.116,0.012,1.206,1.353,2,NULL,NULL,,3,0,2,7,255,955,250,0,0
stim,77772,107893,0,107893,3305204.453,-0.584,-0.056,0.029,0.809,53,31,2789,793,2943,2437,2643,2934,62,1.283,1,2138,0,63.265,0.922,-29.938,-41.625,-37.063,-0.051,0.012,1.082,-0.754,0.531,0.422,0.118,0.010,1.206,1.353,2,NULL,NULL,,3,0,2,7,255,955,250,0,0
stim,77772,107893,0,107893,3305209.455,-0.585,-0.055,0.027,0.809,11,5,2823,535,2964,2412,2671,2941,62,1.283,1,2138,0,63.524,1.119,-32.500,-44.125,-32.125,-0.020,0.113,1.031,-0.984,0.531,0.422,0.118,0.008,1.206,1.353,2,NULL,NULL,,3,0,2,7,255,955,250,0,0
stim,77772,107894,0,107894,3305214.454,-0.586,-0.054,0.024,0.808,0,0,2846,341,2975,2389,2706,2951,62,1.283,1,2138,0,66.453,1.571,-32.313,-45.563,-36.000,-0.020,0.063,1.004,-1.488,0.504,0.160,0.120,0.006,1.206,1.353,2,NULL,NULL,,3,0,2,7,255,955,250,0,0
stim,77772,107894,0,107894,3305219.455,-0.587,-0.053,0.022,0.807,0,0,2885,204,2988,2365,2733,2965,62,1.283,1,2138,0,57.625,1.544,-15.313,-50.625,-22.875,-0.117,-0.047,1.047,-1.488,0.410,0.160,0.122,0.006,1.206,1.353,2,NULL,NULL,,3,0,2,7,255,955,250,0,0
stim,77772,107894,0,107894,3305224.454,-0.587,-0.051,0.021,0.807,0,0,2885,148,2999,2347,2766,2963,62,1.283,1,2138,0,59.648,0.230,9.438,-58.063,-9.875,-0.266,-0.148,1.223,-0.219,-0.070,0.539,0.124,0.008,1.206,1.353,2,NULL,NULL,,3,0,2,7,255,955,250,0,0
stim,77800,107921,0,107921,3305229.455,-0.588,-0.048,0.021,0.807,0,0,2895,119,3015,2325,2797,2968,62,1.283,1,2138,0,74.762,1.467,33.688,-66.438,-6.375,-0.434,-0.293,1.570,1.039,-1.035,2.438,0.126,0.012,1.206,1.353,2,NULL,NULL,,3,0,2,7,255,955,250,0,0
stim,77800,107921,0,107921,3305234.454,-0.588,-0.045,0.019,0.808,0,0,2907,73,3021,2291,2823,2980,62,1.283,1,2138,0,80.294,2.603,20.688,-77.250,7.188,-0.348,-0.285,1.656,2.316,-1.188,6.059,0.130,0.016,1.206,1.353,3,NULL,NULL,,3,0,2,7,255,955,250,0,0
stim,77800,107921,0,107921,3305239.455,-0.588,-0.044,0.015,0.807,0,0,2915,27,3033,2265,2843,2975,62,1.283,1,2138,0,102.083,2.603,-69.500,-72.250,-19.250,-0.059,-0.309,1.207,2.316,-1.188,6.059,0.132,0.018,1.206,1.353,3,NULL,NULL,,3,0,2,7,255,955,250,0,0
stim,77800,107921,0,107921,3305244.453,-0.588,-0.043,0.010,0.808,0,0,2920,0,3041,2228,2857,2983,62,1.283,1,2138,0,102.541,2.502,-70.625,-74.125,-5.688,-0.035,-0.316,0.777,2.277,1.035,2.195,0.134,0.020,1.206,1.353,3,NULL,NULL,,3,0,2,7,255,955,250,0,0
stim,77800,107921,0,107921,3305249.455,-0.587,-0.041,0.008,0.809,0,0,2939,0,3049,2184,2876,2989,62,1.283,1,2138,0,87.265,2.224,-0.938,-82.688,27.875,-0.113,-0.098,0.781,1.969,1.035,-2.020,0.138,0.024,1.206,1.353,3,NULL,NULL,,3,0,2,7,255,955,250,0,0
stim,77800,107921,1,107921,3305254.454,-0.586,-0.037,0.008,0.809,0,0,2931,0,3063,2135,2899,2987,62,1.283,1,2138,0,99.928,0.671,40.813,-88.250,23.063,-0.246,0.039,0.984,0.516,-0.430,-2.020,0.140,0.028,1.206,1.353,3,NULL,NULL,,3,1,2,7,255,955,250,0,0
stim,77824,107945,1,107945,3305259.455,-0.586,-0.032,0.007,0.810,0,0,2933,0,3065,2055,2909,2989,62,1.283,1,2138,0,105.320,2.073,48.813,-93.250,3.750,-0.258,0.027,1.270,-0.469,-2.020,-0.074,0.140,0.032,1.206,1.353,3,NULL,NULL,,3,1,2,7,255,955,250,0,0
stim,77824,107945,1,107945,3305264.453,-0.586,-0.028,0.006,0.810,0,0,2943,0,3075,1961,2923,2985,62,1.283,1,2138,0,104.365,2.073,35.063,-98.188,4.688,-0.195,-0.027,1.430,-0.469,-2.020,2.730,0.138,0.038,1.206,1.353,3,NULL,NULL,,3,1,2,7,255,955,250,0,0
stim,77855,107976,1,107976,3305269.455,-0.585,-0.024,0.004,0.810,0,0,2932,0,3080,1853,2937,2988,62,1.283,1,2138,0,104.385,1.355,15.375,-102.625,11.313,-0.191,-0.074,1.379,-0.199,-1.340,3.777,0.134,0.046,1.206,1.353,3,NULL,NULL,,3,1,2,7,255,955,250,0,0
stim,77855,107976,1,107976,3305274.454,-0.585,-0.020,0.002,0.811,0,0,2925,0,3087,1737,2953,2989,62,1.283,1,2138,0,108.617,1.370,1.688,-107.875,12.563,-0.188,-0.063,1.293,0.285,-1.340,3.777,0.134,0.056,1.206,1.353,3,NULL,NULL,,3,1,2,7,255,955,250,0,0
stim,77855,107976,1,107976,3305279.455,-0.584,-0.016,-0.001,0.811,0,0,2917,0,3091,1605,2967,2985,62,1.283,1,2138,0,113.329,1.427,0.063,-112.750,11.438,-0.172,-0.016,1.227,0.285,-1.398,2.922,0.136,0.068,1.206,1.353,3,NULL,NULL,,3,1,2,7,255,955,250,0,0
stim,77855,107976,1,107976,3305284.453,-0.584,-0.012,-0.004,0.812,0,0,2907,0,3095,1417,2973,2984,62,1.283,1,2138,0,119.425,1.534,11.438,-118.250,12.188,-0.191,0.012,1.191,-0.094,-1.531,2.254,0.142,0.078,1.206,1.353,3,NULL,NULL,,3,1,2,7,255,955,250,0,0
stim,77855,107976,1,107976,3305289.455,-0.583,-0.007,-0.006,0.812,0,0,2893,0,3097,1239,2985,2976,62,1.283,1,2138,0,126.758,1.912,20.375,-124.625,11.000,-0.199,0.043,1.230,-0.227,-1.898,2.219,0.152,0.090,1.206,1.353,3,NULL,NULL,,3,1,2,7,255,955,250,0,0
stim,77855,107976,1,107976,3305294.453,-0.583,-0.002,-0.008,0.813,0,0,2872,0,3101,1035,2988,2972,62,1.283,1,2138,0,132.540,2.206,20.000,-130.750,8.438,-0.191,0.043,1.289,-0.410,-2.168,2.219,0.160,0.102,1.206,1.353,3,NULL,NULL,,3,1,2,7,255,955,250,0,0
stim,77855,107976,1,107976,3305299.455,-0.582,0.003,-0.011,0.813,0,0,2853,0,3103,819,2997,2964,62,1.283,1,2138,0,138.511,2.206,17.188,-137.125,9.313,-0.176,0.004,1.285,-0.410,-2.168,2.734,0.166,0.114,1.206,1.353,3,NULL,NULL,,3,1,2,7,255,955,250,0,0
stim,77855,107976,1,107976,3305304.454,-0.582,0.008,-0.014,0.813,0,0,2835,0,3107,601,3003,2955,62,1.283,1,2138,0,144.274,2.105,12.313,-143.500,8.438,-0.133,0.004,1.258,-0.113,-2.102,2.734,0.168,0.124,1.206,1.353,3,NULL,NULL,,3,1,2,7,255,955,250,0,0
stim,77855,107976,1,107976,3305309.455,-0.581,0.014,-0.018,0.813,0,0,2807,0,3110,459,3008,2938,62,1.283,1,2138,0,148.784,1.816,5.250,-148.563,6.188,-0.082,0.027,1.199,-0.113,-1.813,2.453,0.170,0.134,1.206,1.353,3,NULL,NULL,,3,1,2,7,255,955,250,0,0
stim,77855,107976,1,107976,3305314.453,-0.580,0.019,-0.021,0.814,0,0,2779,0,3113,271,3019,2923,62,1.283,1,2138,0,154.973,1.637,3.750,-154.125,15.750,-0.090,-0.004,1.184,-0.113,-1.633,1.895,0.170,0.144,1.206,1.353,3,NULL,NULL,,3,1,2,7,255,955,250,0,0
stim,77885,108006,1,108006,3305319.455,-0.580,0.025,-0.025,0.814,0,0,2741,0,3113,123,3027,2907,62,1.283,1,2138,0,158.756,1.654,4.688,-158.375,9.938,-0.090,0.027,1.180,-0.262,-1.633,1.723,0.170,0.156,1.206,1.353,3,NULL,NULL,,3,1,2,7,255,955,250,0,0
stim,77885,108006,1,108006,3305324.454,-0.579,0.030,-0.029,0.814,0,0,2725,0,3113,40,3031,2887,62,1.283,1,2138,0,162.009,1.879,-7.000,-161.813,3.813,-0.105,0.000,1.152,-0.039,-1.879,1.645,0.172,0.168,1.206,1.353,3,NULL,NULL,,3,1,2,7,255,955,250,0,0
stim,77885,108006,1,108006,3305329.455,-0.579,0.036,-0.033,0.814,0,0,2667,0,3112,1,3036,2855,62,1.283,1,2138,0,167.705,2.095,6.875,-167.500,-4.625,-0.102,0.086,1.207,-0.262,-2.078,1.645,0.174,0.178,1.206,1.353,3,NULL,NULL,,3,1,2,7,255,955,250,0,0
stim,77885,108006,1,108006,3305334.453,-0.579,0.043,-0.037,0.814,0,0,2603,0,3113,0,3037,2823,62,1.283,1,2138,0,173.091,2.592,7.000,-172.750,-8.313,-0.105,0.141,1.344,-0.656,-2.508,1.832,0.176,0.190,1.206,1.353,3,NULL,NULL,,3,1,2,7,255,955,250,0,0
stim,77885,108006,1,108006,3305339.455,-0.578,0.049,-0.041,0.813,0,0,2555,0,3111,0,3041,2787,62,1.283,1,2138,0,182.041,3.101,12.250,-181.563,-4.875,-0.129,0.078,1.621,-0.656,-3.031,3.090,0.178,0.204,1.206,1.353,3,NULL,NULL,,3,1,2,7,255,955,250,0,0
stim,77885,108006,1,108006,3305344.453,-0.578,0.056,-0.045,0.813,0,0,2470,0,3107,0,3039,2733,62,1.283,1,2138,0,192.367,3.603,7.063,-192.063,8.188,-0.188,0.043,1.938,-0.352,-3.586,5.738,0.182,0.216,1.206,1.353,3,NULL,NULL,,3,1,2,7,255,955,250,0,0
stim,77917,108038,1,108038,3305349.455,-0.576,0.063,-0.051,0.814,0,0,2379,0,3099,0,3037,2683,62,1.283,1,2138,0,210.823,4.736,-7.750,-208.188,32.313,-0.336,0.094,2.133,0.293,-4.727,8.707,0.188,0.228,1.206,1.353,3,NULL,NULL,,3,1,2,7,255,955,250,0,0
stim,77917,108038,1,108038,3305354.454,-0.574,0.070,-0.058,0.814,0,0,2310,0,3093,29,3035,2616,62,1.283,1,2138,0,235.397,6.881,-31.625,-229.938,39.250,-0.520,0.352,2.176,0.293,-6.875,10.078,0.194,0.244,1.206,1.353,3,NULL,NULL,,3,1,2,7,255,955,250,0,0
stim,77917,108038,1,108038,3305359.455,-0.572,0.078,-0.066,0.814,0,0,2151,0,3081,56,3029,2541,62,1.283,1,2138,0,257.793,9.926,-45.375,-251.875,30.938,-0.613,0.625,2.219,-1.242,-9.848,10.078,0.206,0.260,1.206,1.353,3,NULL,NULL,,3,1,2,7,255,955,250,0,0
stim,77917,108038,1,108038,3305364.453,-0.570,0.086,-0.075,0.814,0,0,1997,0,3065,61,3016,2459,62,1.283,1,2138,0,284.839,12.546,-57.000,-277.750,27.188,-0.613,0.688,2.258,-3.352,-12.090,10.031,0.220,0.280,1.206,1.353,3,NULL,NULL,,3,1,2,7,255,955,250,0,0
stim,77952,108073,1,108073,3305369.455,-0.568,0.095,-0.085,0.813,0,0,1887,0,3046,89,2991,2367,62,1.283,1,2138,0,313.805,13.342,-72.250,-304.375,24.688,-0.563,0.645,2.379,-3.500,-12.875,10.031,0.240,0.304,1.206,1.353,3,NULL,NULL,,3,1,2,7,255,955,250,0,0
stim,77952,108073,1,108073,3305374.454,-0.565,0.104,-0.097,0.813,0,0,1754,0,3028,95,2963,2265,62,1.283,1,2138,0,349.249,13.587,-102.063,-331.813,38.188,-0.516,0.621,2.410,-3.500,-13.129,10.969,0.266,0.336,1.206,1.353,3,NULL,NULL,,3,1,2,7,255,955,250,0,0
stim,77952,108073,1,108073,3305379.455,-0.562,0.113,-0.110,0.812,0,0,1648,0,3003,104,2927,2151,62,1.283,1,2138,0,375.449,13.787,-119.625,-353.313,42.688,-0.672,0.590,2.379,-3.391,-13.363,10.969,0.296,0.376,1.206,1.353,3,NULL,NULL,,3,1,2,7,255,955,250,0,0
stim,77952,108073,1,108073,3305384.453,-0.559,0.123,-0.124,0.810,0,0,1531,0,2973,117,2877,2037,62,1.283,1,2138,0,399.848,15.448,-123.625,-377.938,41.938,-0.816,0.676,2.516,-2.738,-15.203,9.973,0.340,0.428,1.206,1.353,3,NULL,NULL,,3,1,2,7,255,955,250,0,0
stim,77975,108096,1,108096,3305389.455,-0.556,0.134,-0.138,0.808,0,0,1439,0,2931,93,2821,1939,62,1.283,1,2138,0,418.570,18.099,-125.438,-398.938,17.750,-0.883,0.773,2.684,-2.738,-17.891,9.973,0.396,0.490,1.206,1.353,3,NULL,NULL,,3,1,2,7,255,955,250,0,0
stim,77975,108096,1,108096,3305394.454,-0.555,0.146,-0.153,0.805,0,0,1353,0,2868,117,2743,1789,62,1.283,1,2138,0,439.013,20.371,-118.563,-422.500,-13.000,-0.730,0.730,2.914,-3.305,-20.102,10.504,0.464,0.562,1.206,1.353,3,NULL,NULL,,3,1,2,7,255,955,250,0,0
stim,77975,108096,1,108096,3305399.455,-0.552,0.159,-0.167,0.801,0,0,1245,0,2809,109,2617,1660,62,1.283,1,2138,0,460.970,20.676,-114.750,-446.375,-8.688,-0.680,0.641,3.188,-3.305,-20.410,12.441,0.544,0.644,1.206,1.353,3,NULL,NULL,,3,1,2,7,255,955,250,0,0
stim,77975,108096,1,108096,3305404.454,-0.549,0.171,-0.184,0.797,0,0,1109,0,2719,73,2461,1509,62,1.283,1,2138,0,486.163,21.914,-151.250,-462.000,5.813,-0.824,0.691,3.219,-2.445,-21.777,12.930,0.632,0.732,1.206,1.353,3,NULL,NULL,,3,1,2,7,255,955,250,0,0
stim,77975,108096,1,108096,3305409.455,-0.546,0.184,-0.201,0.792,0,0,928,0,2589,67,2274,1349,62,1.283,1,2138,0,504.395,24.362,-170.875,-474.313,-15.625,-0.965,0.586,3.184,-2.418,-24.242,12.930,0.724,0.826,1.206,1.353,3,NULL,NULL,,3,1,2,7,255,955,250,0,0
stim,77975,108096,1,108096,3305414.453,-0.544,0.197,-0.218,0.786,0,0,777,0,2455,9,1993,1187,62,1.283,1,2138,0,514.754,24.337,-170.500,-484.000,-40.563,-0.859,0.207,3.094,-1.008,-24.316,11.004,0.824,0.926,1.206,1.353,3,NULL,NULL,,3,1,2,7,255,955,250,0,0
stim,77975,108096,1,108096,3305419.455,-0.541,0.210,-0.236,0.779,0,0,596,0,2247,0,1707,985,62,1.283,1,2138,0,534.302,24.402,-172.375,-504.813,-30.500,-0.699,-0.316,2.930,2.039,-24.316,10.246,0.926,1.030,1.206,1.353,3,NULL,NULL,,3,1,2,7,255,955,250,0,0
stim,77975,108096,1,108096,3305424.454,-0.537,0.223,-0.255,0.773,0,0,375,0,1955,0,1337,829,62,1.283,1,2138,0,554.635,22.527,-192.250,-520.250,0.563,-0.500,-0.508,2.395,6.297,-21.629,9.566,1.030,1.138,1.206,1.353,3,NULL,NULL,,3,1,2,7,255,955,250,0,0
stim,77975,108096,1,108096,3305429.455,-0.532,0.236,-0.273,0.766,0,0,243,0,1646,0,828,687,62,1.283,1,2138,0,555.836,18.378,-178.438,-526.375,-6.563,-0.293,-0.422,1.699,6.297,-17.266,6.016,1.136,1.248,1.206,1.353,3,NULL,NULL,,3,1,2,7,255,955,250,0,0
stim,77975,108096,1,108096,3305434.453,-0.526,0.251,-0.289,0.759,0,0,151,0,1301,0,324,559,62,1.283,1,2138,0,546.009,13.388,-104.813,-535.750,10.563,-0.238,-0.246,1.359,5.445,-12.230,1.313,1.240,1.358,1.206,1.353,3,NULL,NULL,,3,1,2,7,255,955,250,0,0
stim,78003,108124,1,108124,3305439.455,-0.517,0.267,-0.303,0.755,0,0,99,0,921,0,0,429,62,1.283,1,2138,0,537.210,12.742,-26.063,-534.313,49.250,-0.340,0.188,1.711,3.574,-12.230,-1.387,1.336,1.460,1.206,1.353,3,NULL,NULL,,3,1,2,7,255,955,250,0,0
stim,78003,108124,1,108124,3305444.454,-0.506,0.283,-0.317,0.751,0,0,73,0,431,0,0,345,62,1.283,1,2138,0,549.315,15.226,-1.688,-537.813,111.813,-0.941,0.246,2.223,2.305,-15.051,-1.590,1.422,1.552,1.206,1.353,3,NULL,NULL,,3,1,2,7,255,955,250,0,0
stim,78003,108124,1,108124,3305449.455,-0.491,0.297,-0.333,0.748,0,0,26,0,21,0,0,269,62,1.283,1,2138,0,594.481,22.952,-57.563,-557.063,199.438,-1.488,0.344,2.230,2.305,-22.836,-3.410,1.498,1.634,1.206,1.353,3,NULL,NULL,,3,1,2,7,255,955,250,0,0
stim,78003,108124,1,108124,3305454.453,-0.477,0.310,-0.352,0.744,0,0,22,0,0,0,0,147,62,1.283,1,2138,0,617.395,24.543,-102.188,-572.250,208.000,-1.723,0.453,1.816,3.438,-24.301,-8.813,1.570,1.712,1.206,1.353,3,NULL,NULL,,3,1,2,7,255,955,250,0,0
stim,78003,108124,1,108124,3305459.458,-0.465,0.322,-0.370,0.737,0,0,8,0,0,0,0,61,62,1.283,1,2138,0,585.072,24.543,-147.875,-547.438,144.063,-1.402,0.953,1.238,3.438,-24.301,-14.477,1.648,1.796,1.206,1.353,4,NULL,NULL,,3,1,2,7,255,955,250,0,0
stim,78003,108124,1,108124,3305464.453,-0.458,0.332,-0.387,0.729,0,0,13,0,0,0,0,45,62,1.283,1,2138,0,524.903,19.255,-189.563,-486.000,58.250,-0.652,1.590,0.883,-2.578,-19.082,-15.336,1.736,1.890,1.206,1.353,0,NULL,NULL,,3,1,2,7,255,955,250,0,0
stim,78057,108179,1,108179,3305469.455,-0.453,0.339,-0.403,0.719,0,0,18,0,0,0,0,84,62,1.283,1,2138,0,473.730,18.210,-255.875,-396.438,42.250,-0.102,1.793,0.633,-11.352,-14.238,-15.336,1.832,1.990,1.206,1.353,0,NULL,NULL,,3,1,2,7,255,955,250,0,0
stim,78058,108179,1,108179,3305474.454,-0.449,0.341,-0.419,0.711,0,0,14,0,0,0,0,101,62,1.283,1,2138,0,420.826,15.216,-288.688,-299.563,63.375,0.066,0.973,0.430,-11.352,-10.133,-12.984,1.930,2.090,1.206,1.353,0,NULL,NULL,,3,1,2,7,255,955,250,0,0
stim,78058,108179,1,108179,3305479.455,-0.446,0.342,-0.430,0.707,0,0,11,0,0,0,0,103,62,1.283,1,2138,0,270.307,10.542,-173.375,-189.938,83.250,-0.344,0.027,0.352,-8.852,-5.727,-11.457,2.022,2.184,1.206,1.353,0,NULL,NULL,,3,1,2,7,255,955,250,0,0
stim,78058,108179,1,108179,3305484.453,-0.442,0.342,-0.435,0.706,0,0,9,0,0,0,0,109,62,1.283,1,2138,0,153.933,5.843,-66.250,-113.563,80.063,-0.957,-0.441,1.152,1.160,-5.727,-11.457,2.104,2.264,1.206,1.353,0,NULL,NULL,,3,1,2,7,255,955,250,0,0
stim,78058,108179,1,108179,3305489.455,-0.443,0.341,-0.439,0.703,0,0,11,0,0,0,0,111,62,1.283,1,2138,0,115.950,15.116,-113.688,-21.500,7.563,-1.168,-0.355,1.621,8.211,-12.691,-12.262,2.172,2.330,1.206,1.353,0,NULL,NULL,,3,1,2,7,255,955,250,0,0
stim,78058,108179,1,108179,3305494.454,-0.449,0.335,-0.444,0.699,0,0,6,0,0,0,0,84,62,1.283,1,2138,0,240.291,15.116,-223.188,75.813,-46.688,-0.840,0.043,0.910,8.211,-12.691,-12.688,2.234,2.392,1.206,1.353,0,NULL,NULL,,3,1,2,7,255,955,250,0,0
stim,78058,108179,1,108179,3305499.455,-0.457,0.327,-0.447,0.696,0,0,8,0,0,0,0,61,62,1.283,1,2138,0,271.732,11.543,-223.250,152.125,-29.250,-0.555,0.688,-0.098,2.949,-11.160,-13.766,2.300,2.460,1.206,1.353,0,NULL,NULL,,3,1,2,7,255,955,250,0,0
stim,78058,108179,0,108179,3305504.453,-0.462,0.318,-0.446,0.697,0,0,3,0,0,0,0,51,62,1.283,1,2138,0,227.514,4.827,-108.000,200.188,4.875,-0.645,0.992,-0.270,-4.344,-2.105,-17.141,2.374,2.538,1.206,1.353,0,NULL,NULL,,3,0,2,7,255,957,250,0,0
stim,78058,108179,0,108179,3305509.455,-0.467,0.311,-0.442,0.700,0,0,2,0,0,0,0,21,62,1.283,1,2138,0,230.650,4.827,-14.750,230.125,4.938,-0.855,0.688,0.340,-4.344,-2.105,-17.863,2.452,2.620,1.206,1.353,0,NULL,NULL,,3,0,2,7,255,957,250,0,0
stim,78058,108179,0,108179,3305514.453,-0.473,0.303,-0.437,0.702,0,0,0,0,0,0,0,21,62,1.283,1,2138,0,255.459,7.963,-25.250,253.750,-15.250,-0.832,0.215,0.770,-3.250,-7.270,-17.863,2.524,2.696,1.206,1.353,0,NULL,NULL,,3,0,2,7,255,957,250,0,0
stim,78091,108212,0,108212,3305519.455,-0.480,0.294,-0.434,0.704,0,0,0,0,0,0,0,16,62,1.283,1,2138,0,281.071,8.101,-78.813,269.375,-15.063,-0.637,0.051,0.602,0.824,-8.059,-14.176,2.586,2.758,1.206,1.353,0,NULL,NULL,,3,0,2,7,255,957,250,0,0
stim,78091,108212,0,108212,3305524.454,-0.486,0.283,-0.431,0.706,0,0,0,0,0,0,0,15,62,1.283,1,2138,0,294.008,8.101,-96.375,277.563,10.563,-0.477,0.199,0.090,0.824,-8.059,-13.906,2.642,2.816,1.206,1.353,0,NULL,NULL,,3,0,2,7,255,957,250,0,0
stim,78091,108212,0,108212,3305529.455,-0.491,0.273,-0.427,0.709,0,0,0,0,0,0,0,11,62,1.283,1,2138,0,288.048,3.156,-57.563,280.250,33.438,-0.512,0.473,-0.262,-0.223,-3.148,-13.906,2.698,2.870,1.206,1.353,0,NULL,NULL,,3,0,2,7,255,957,250,0,0
stim,78091,108212,0,108212,3305534.453,-0.496,0.263,-0.421,0.712,0,0,0,0,0,0,0,9,62,1.283,1,2138,0,286.104,1.837,-3.250,283.625,37.438,-0.500,0.379,-0.227,-1.551,-0.984,-16.125,2.748,2.924,1.206,1.353,0,NULL,NULL,,3,0,2,7,255,957,250,0,0
stim,78091,108212,0,108212,3305539.455,-0.499,0.254,-0.415,0.717,0,0,0,0,0,0,0,16,62,1.283,1,2138,0,291.295,1.837,31.438,285.000,51.375,-0.469,0.184,-0.074,-1.551,-0.984,-16.125,2.786,2.962,1.206,1.353,0,NULL,NULL,,3,0,2,7,255,957,250,0,0
stim,78091,108212,0,108212,3305544.454,-0.502,0.245,-0.407,0.722,0,0,0,0,0,0,0,7,62,1.283,1,2138,0,297.471,2.029,45.813,288.563,55.875,-0.488,0.215,0.047,-0.289,-2.008,-14.406,2.812,2.990,1.206,1.353,0,NULL,NULL,,3,0,2,7,255,957,250,0,0
stim,78110,108231,0,108231,3305549.455,-0.505,0.236,-0.400,0.727,0,0,0,0,0,0,0,0,62,1.283,1,2138,0,303.906,3.267,56.000,292.563,60.250,-0.418,0.277,0.125,-0.289,-3.254,-13.980,2.828,3.008,1.206,1.353,0,NULL,NULL,,3,0,2,7,255,957,250,0,0
stim,78110,108231,0,108231,3305554.453,-0.508,0.227,-0.391,0.733,0,0,0,0,0,0,0,0,62,1.283,1,2138,0,310.702,3.890,68.313,295.813,66.063,-0.418,0.289,0.195,-1.168,-3.711,-13.156,2.840,3.020,1.206,1.353,0,NULL,NULL,,3,0,2,7,255,957,250,0,0
stim,78110,108231,0,108231,3305559.455,-0.510,0.219,-0.383,0.738,0,0,0,0,0,0,0,0,62,1.283,1,2138,0,317.586,4.521,83.750,298.313,69.688,-0.430,0.219,0.297,-1.168,-4.367,-12.730,2.848,3.032,1.206,1.353,0,NULL,NULL,,3,0,2,7,255,957,250,0,0
stim,78110,108231,0,108231,3305564.454,-0.513,0.210,-0.373,0.744,0,0,0,0,0,0,0,0,62,1.283,1,2138,0,322.401,5.247,93.125,301.313,66.938,-0.461,0.195,0.445,-0.703,-5.199,-11.840,2.858,3.040,1.206,1.353,0,NULL,NULL,,3,0,2,7,255,957,250,0,0
stim,78163,108284,0,108284,3305569.455,-0.515,0.201,-0.364,0.749,0,0,0,0,0,0,0,0,62,1.283,1,2138,0,324.359,6.569,93.625,305.313,56.813,-0.457,0.227,0.586,-0.703,-6.531,-10.930,2.866,3.052,1.206,1.353,0,NULL,NULL,,3,0,2,7,255,957,250,0,0
stim,78163,108284,0,108284,3305574.454,-0.518,0.193,-0.354,0.754,0,0,0,0,0,0,0,0,62,1.283,1,2138,0,326.115,7.684,89.313,310.000,47.688,-0.418,0.246,0.699,-0.949,-7.625,-9.941,2.878,3.066,1.206,1.353,0,NULL,NULL,,3,0,2,7,255,957,250,0,0
stim,78163,108284,0,108284,3305579.455,-0.521,0.183,-0.345,0.759,0,0,0,0,0,0,0,0,62,1.283,1,2138,0,329.406,8.349,83.688,315.563,43.875,-0.391,0.242,0.793,-1.426,-8.227,-8.816,2.896,3.084,1.206,1.353,0,NULL,NULL,,3,0,2,7,255,957,250,0,0
stim,78163,108284,0,108284,3305584.453,-0.524,0.174,-0.335,0.763,0,0,0,0,0,0,0,0,62,1.283,1,2138,0,332.011,8.788,76.438,320.813,38.313,-0.430,0.203,0.875,-1.426,-8.672,-7.773,2.918,3.106,1.206,1.353,0,NULL,NULL,,3,0,2,7,255,957,250,0,0
stim,78163,108284,0,108284,3305589.455,-0.528,0.164,-0.325,0.767,0,0,0,0,0,0,0,0,62,1.283,1,2138,0,333.707,9.444,66.063,326.063,26.063,-0.445,0.176,0.902,-1.258,-9.359,-7.078,2.944,3.136,1.206,1.353,0,NULL,NULL,,3,0,2,7,255,957,250,0,0
stim,78163,108284,0,108284,3305594.454,-0.532,0.155,-0.316,0.770,0,0,0,0,0,0,0,3,62,1.283,1,2138,0,337.847,9.444,57.000,332.625,15.875,-0.402,0.199,0.859,-1.258,-9.359,-6.629,2.976,3.168,1.206,1.353,0,NULL,NULL,,3,0,2,7,255,957,250,0,0
stim,78163,108284,0,108284,3305599.455,-0.536,0.144,-0.306,0.773,0,0,0,0,0,0,0,7,62,1.283,1,2138,0,344.669,8.947,56.063,339.938,9.813,-0.402,0.172,0.809,-1.164,-8.871,-6.523,3.012,3.206,1.206,1.353,0,NULL,NULL,,3,0,2,7,255,957,250,0,0
stim,78163,108284,0,108284,3305604.453,-0.541,0.134,-0.296,0.776,0,0,0,0,0,0,0,7,62,1.283,1,2138,0,351.738,8.479,59.000,346.750,-1.813,-0.406,0.121,0.785,-1.164,-8.398,-6.492,3.054,3.250,1.206,1.353,0,NULL,NULL,,3,0,2,7,255,957,250,0,0
stim,78163,108284,0,108284,3305609.455,-0.546,0.124,-0.285,0.778,0,0,0,0,0,0,0,10,62,1.283,1,2138,0,359.612,8.150,63.438,353.813,-10.625,-0.336,0.152,0.773,-1.164,-8.066,-6.332,3.098,3.296,1.206,1.353,0,NULL,NULL,,3,0,2,7,255,957,250,0,0
stim,78163,108284,0,108284,3305614.454,-0.551,0.114,-0.274,0.780,0,0,0,0,0,0,0,17,62,1.283,1,2138,0,368.535,7.487,74.688,360.563,-15.313,-0.309,0.109,0.789,-1.125,-7.402,-5.926,3.146,3.344,1.206,1.353,0,NULL,NULL,,3,0,2,7,255,957,250,0,0
stim,78183,108304,0,108304,3305619.455,-0.556,0.104,-0.262,0.782,0,0,0,0,0,0,0,25,62,1.283,1,2138,0,377.219,7.166,81.875,367.500,-23.125,-0.223,0.133,0.777,-1.324,-7.043,-5.324,3.196,3.394,1.206,1.353,0,NULL,NULL,,3,0,2,7,255,957,250,0,0
stim,78183,108304,0,108304,3305624.454,-0.561,0.094,-0.250,0.784,0,0,0,0,0,0,0,33,62,1.283,1,2138,0,386.145,6.411,94.563,373.625,-23.875,-0.129,0.164,0.789,-1.680,-6.188,-4.891,3.244,3.444,1.206,1.353,0,NULL,NULL,,3,0,2,7,255,957,250,0,0
stim,78183,108304,0,108304,3305629.455,-0.566,0.084,-0.236,0.786,0,0,0,0,0,0,0,29,62,1.283,1,2138,0,392.234,5.914,114.188,374.313,-26.438,-0.117,0.176,0.859,-2.371,-5.418,-4.273,3.292,3.492,1.206,1.353,0,NULL,NULL,,3,0,2,7,255,957,250,0,0
stim,78183,108304,0,108304,3305634.453,-0.570,0.075,-0.223,0.787,0,0,0,0,0,0,0,28,62,1.283,1,2138,0,393.955,6.018,123.438,373.563,-20.375,-0.047,0.188,0.926,-2.676,-5.391,-3.516,3.334,3.536,1.206,1.353,0,NULL,NULL,,3,0,2,7,255,957,250,0,0
stim,78184,108305,0,108305,3305639.455,-0.574,0.066,-0.209,0.789,0,0,0,0,0,0,0,36,62,1.283,1,2138,0,394.428,5.595,136.188,369.938,-13.125,0.004,0.031,0.973,-2.676,-4.914,-2.543,3.370,3.574,1.206,1.353,0,NULL,NULL,,3,0,2,7,255,957,250,0,0
stim,78184,108305,0,108305,3305644.454,-0.577,0.057,-0.195,0.791,0,0,0,0,0,0,0,37,62,1.283,1,2138,0,392.566,5.112,143.063,365.438,9.813,0.063,0.176,1.012,-3.129,-4.043,-1.340,3.402,3.606,1.206,1.353,0,NULL,NULL,,3,0,2,7,255,957,250,0,0
stim,78216,108337,0,108337,3305649.455,-0.579,0.048,-0.180,0.794,0,0,0,0,0,0,0,35,62,1.283,1,2138,0,396.194,5.139,158.625,362.625,17.625,-0.035,0.164,1.070,-3.172,-4.043,-1.051,3.428,3.634,1.206,1.353,0,NULL,NULL,,3,0,2,7,255,957,250,0,0
stim,78216,108337,0,108337,3305654.453,-0.581,0.040,-0.165,0.796,0,0,0,0,0,0,0,41,62,1.283,1,2138,0,397.113,5.646,169.625,358.438,21.188,-0.004,0.262,1.184,-3.500,-4.430,-0.641,3.452,3.658,1.206,1.353,0,NULL,NULL,,3,0,2,7,255,957,250,0,0
stim,78216,108337,0,108337,3305659.455,-0.583,0.032,-0.150,0.798,0,0,0,0,0,0,0,40,62,1.283,1,2138,0,401.547,5.524,184.750,355.375,28.563,-0.043,0.148,1.301,-3.273,-4.449,0.406,3.476,3.682,1.206,1.353,0,NULL,NULL,,3,0,2,7,255,957,250,0,0
stim,78216,108337,0,108337,3305664.454,-0.584,0.024,-0.134,0.800,0,0,0,0,0,0,0,45,62,1.283,1,2138,0,401.392,5.913,190.125,351.875,33.938,-0.082,0.211,1.484,-3.895,-4.449,1.813,3.498,3.704,1.206,1.353,0,NULL,NULL,,3,0,2,7,255,957,250,0,0
stim,78252,108373,0,108373,3305669.455,-0.585,0.017,-0.119,0.802,0,0,0,0,0,0,0,43,62,1.283,1,2138,0,396.950,6.305,185.250,349.500,33.188,-0.152,0.207,1.629,-3.785,-5.043,3.523,3.518,3.724,1.206,1.353,0,NULL,NULL,,3,0,2,7,255,957,250,0,0
stim,78252,108373,0,108373,3305674.454,-0.586,0.009,-0.104,0.804,0,0,0,0,0,0,0,43,62,1.283,1,2138,0,391.943,6.679,178.000,347.313,36.188,-0.160,0.242,1.770,-3.895,-5.426,4.965,3.538,3.746,1.206,1.353,0,NULL,NULL,,3,0,2,7,255,957,250,0,0
stim,78252,108373,0,108373,3305679.455,-0.586,0.001,-0.089,0.805,0,0,0,0,0,0,0,43,62,1.283,1,2138,0,383.901,6.616,163.688,345.813,31.625,-0.188,0.195,1.805,-3.785,-5.426,6.422,3.558,3.764,1.206,1.353,0,NULL,NULL,,3,0,2,7,255,957,250,0,0
stim,78252,108373,0,108373,3305684.454,-0.587,-0.007,-0.074,0.806,0,0,0,0,0,0,0,44,62,1.283,1,2138,0,381.029,6.279,161.375,343.313,35.750,-0.219,0.207,1.910,-3.730,-5.051,6.992,3.580,3.786,1.206,1.353,0,NULL,NULL,,3,0,2,7,255,957,250,0,0
stim,78252,108373,0,108373,3305689.455,-0.587,-0.015,-0.061,0.807,0,0,0,0,0,0,0,45,62,1.283,1,2138,0,372.673,6.145,146.313,341.500,29.250,-0.254,0.176,1.871,-3.664,-4.934,7.969,3.602,3.808,1.206,1.353,0,NULL,NULL,,3,0,2,7,255,957,250,0,0
stim,78252,108373,0,108373,3305694.453,-0.587,-0.024,-0.047,0.808,0,0,0,0,0,0,0,43,62,1.283,1,2138,0,370.729,5.579,150.750,337.813,24.438,-0.227,0.117,1.918,-3.238,-4.543,8.125,3.622,3.828,1.206,1.353,0,NULL,NULL,,3,0,2,7,255,957,250,0,0
stim,78275,108396,0,108396,3305699.455,-0.588,-0.032,-0.032,0.808,0,0,0,0,0,0,0,39,62,1.283,1,2138,0,366.821,4.544,148.875,334.625,20.500,-0.238,0.063,1.902,-2.781,-3.594,8.629,3.644,3.850,1.206,1.353,0,NULL,NULL,,3,0,2,7,255,957,250,0,0
stim,78275,108396,0,108396,3305704.454,-0.588,-0.039,-0.018,0.807,0,0,0,0,0,0,0,37,62,1.283,1,2138,0,365.967,3.636,155.250,331.000,16.375,-0.168,0.039,1.910,-2.148,-2.934,8.645,3.664,3.870,1.206,1.353,0,NULL,NULL,,3,0,2,7,255,957,250,0,0
stim,78275,108396,0,108396,3305709.455,-0.589,-0.046,-0.004,0.807,0,0,0,0,0,0,0,39,62,1.283,1,2138,0,368.430,2.638,167.625,328.063,4.188,-0.176,-0.078,1.918,-2.094,-1.605,8.824,3.682,3.886,1.206,1.353,0,NULL,NULL,,3,0,2,7,255,957,250,0,0
stim,78275,108396,0,108396,3305714.453,-0.589,-0.053,0.011,0.806,0,0,0,0,0,0,0,39,62,1.283,1,2138,0,371.926,1.157,176.375,327.375,6.813,-0.051,-0.133,1.895,-0.910,-0.715,8.824,3.696,3.900,1.206,1.353,0,NULL,NULL,,3,0,2,7,255,957,250,0,0
stim,78275,108396,0,108396,3305719.455,-0.590,-0.060,0.026,0.805,0,0,0,0,0,0,0,39,62,1.283,1,2138,0,382.287,1.351,198.438,326.750,-0.125,0.031,-0.258,1.895,-0.629,1.195,8.766,3.706,3.910,1.206,1.353,0,NULL,NULL,,3,0,2,7,255,957,250,0,0
stim,78275,108396,0,108396,3305724.454,-0.590,-0.065,0.042,0.803,0,0,0,0,0,0,0,41,62,1.283,1,2138,0,396.161,2.973,226.250,325.188,2.750,0.117,-0.309,1.984,0.461,2.938,8.766,3.710,3.914,1.206,1.353,0,NULL,NULL,,3,0,2,7,255,957,250,0,0
stim,78275,108396,0,108396,3305729.455,-0.591,-0.070,0.059,0.802,0,0,0,0,0,0,0,45,62,1.283,1,2138,0,409.159,4.590,248.813,324.813,0.375,0.285,-0.277,2.102,0.461,4.566,9.348,3.708,3.912,1.206,1.353,0,NULL,NULL,,3,0,2,7,255,957,250,0,0
stim,78275,108396,0,108396,3305734.454,-0.591,-0.074,0.077,0.799,0,0,0,0,0,0,0,55,62,1.283,1,2138,0,426.395,6.874,277.000,324.125,-5.188,0.488,-0.262,2.270,0.195,6.871,9.973,3.698,3.902,1.206,1.353,0,NULL,NULL,,3,0,2,7,255,957,250,0,0
stim,78303,108424,0,108424,3305739.455,-0.592,-0.078,0.096,0.797,0,0,0,0,0,0,0,56,62,1.283,1,2138,0,442.694,9.677,301.000,324.438,-10.813,0.734,-0.203,2.504,-0.313,9.672,10.938,3.680,3.886,1.206,1.353,0,NULL,NULL,,3,0,2,7,255,957,250,0,0
stim,78303,108424,0,108424,3305744.453,-0.592,-0.081,0.115,0.794,0,0,0,0,0,0,0,51,62,1.283,1,2138,0,450.124,13.056,314.063,322.375,-7.125,0.945,-0.246,2.762,-1.027,13.016,12.258,3.652,3.858,1.206,1.353,0,NULL,NULL,,3,0,2,7,255,957,250,0,0
stim,78303,108424,0,108424,3305749.455,-0.592,-0.084,0.134,0.790,0,0,0,0,0,0,0,51,62,1.283,1,2138,0,447.426,16.511,311.750,320.938,-1.125,1.125,-0.211,2.973,-1.281,16.461,13.641,3.612,3.818,1.206,1.353,0,NULL,NULL,,3,0,2,7,255,957,250,0,0
stim,78303,108424,0,108424,3305754.454,-0.591,-0.088,0.152,0.787,0,0,0,0,0,0,0,57,62,1.283,1,2138,0,435.202,19.487,295.500,319.500,-0.250,1.285,-0.156,3.074,-1.391,19.438,14.410,3.560,3.766,1.206,1.353,0,NULL,NULL,,3,0,2,7,255,957,250,0,0
stim,78303,108424,0,108424,3305759.455,-0.590,-0.091,0.170,0.784,0,0,0,0,0,0,0,57,62,1.283,1,2138,0,424.512,21.911,285.875,313.750,6.875,1.395,-0.195,3.191,-1.391,21.867,14.410,3.496,3.702,1.206,1.353,0,NULL,NULL,,3,0,2,7,255,957,250,0,0
stim,78303,108424,0,108424,3305764.453,-0.589,-0.095,0.187,0.780,0,0,0,0,0,0,0,55,62,1.283,1,2138,0,408.057,24.172,266.313,309.125,5.500,1.453,-0.160,3.309,-1.309,24.137,14.410,3.418,3.624,1.206,1.353,0,NULL,NULL,,3,0,2,7,255,957,250,0,0
stim,78358,108479,0,108479,3305769.455,-0.588,-0.099,0.203,0.777,0,0,0,0,0,0,0,56,62,1.283,1,2138,0,378.468,25.837,227.438,302.500,-2.000,1.527,-0.168,3.324,-1.293,25.805,14.316,3.328,3.532,1.206,1.353,0,NULL,NULL,,3,0,2,7,255,957,250,0,0
stim,78358,108479,0,108479,3305774.454,-0.587,-0.104,0.217,0.773,0,0,0,0,0,0,0,61,62,1.283,1,2138,0,350.113,27.270,192.438,292.438,-5.188,1.703,-0.070,3.293,-1.309,27.238,13.473,3.226,3.430,1.206,1.353,0,NULL,NULL,,3,0,2,7,255,957,250,0,0
stim,78358,108479,0,108479,3305779.455,-0.585,-0.110,0.229,0.770,0,0,0,0,0,0,0,79,62,1.283,1,2138,0,323.006,29.159,156.250,282.125,-18.000,1.984,-0.031,3.215,-2.270,29.070,11.859,3.116,3.318,1.206,1.353,0,NULL,NULL,,3,0,2,7,255,957,250,0,0
stim,78358,108479,0,108479,3305784.454,-0.584,-0.117,0.239,0.767,0,0,0,0,0,0,0,105,62,1.283,1,2138,0,290.507,31.694,108.438,268.500,-23.313,2.305,-0.176,2.996,-2.922,31.559,9.262,2.996,3.198,1.206,1.353,0,NULL,NULL,,3,0,2,7,255,957,250,0,0
stim,78358,108479,0,108479,3305789.455,-0.583,-0.124,0.248,0.764,0,0,0,0,0,0,0,117,62,1.283,1,2138,0,259.328,34.020,58.750,252.313,-11.750,2.594,-0.402,2.531,-2.922,33.895,4.848,2.866,3.066,1.206,1.353,0,NULL,NULL,,3,0,2,7,255,957,250,0,0
stim,78358,108479,0,108479,3305794.454,-0.580,-0.131,0.255,0.762,0,0,0,0,0,0,0,163,62,1.283,1,2138,0,236.270,34.374,33.875,233.813,2.750,2.840,-0.582,1.984,-1.996,34.316,-1.629,2.728,2.924,1.206,1.353,0,NULL,NULL,,3,0,2,7,255,957,250,0,0
stim,78358,108479,0,108479,3305799.455,-0.578,-0.137,0.261,0.761,0,0,0,0,0,0,0,173,62,1.283,1,2138,0,217.193,34.349,43.625,212.563,9.313,3.098,-0.730,1.539,-1.492,34.316,-8.414,2.580,2.772,1.206,1.353,0,NULL,NULL,,3,0,2,7,255,957,250,0,0
stim,78358,108479,0,108479,3305804.453,-0.576,-0.141,0.269,0.759,0,0,0,0,0,0,0,181,62,1.283,1,2138,0,201.505,34.339,69.375,188.375,17.500,3.406,-0.906,1.246,-1.242,34.316,-14.305,2.428,2.616,1.206,1.353,0,NULL,NULL,,3,0,2,7,255,957,250,0,0
stim,78358,108479,0,108479,3305809.455,-0.573,-0.144,0.277,0.758,0,0,0,0,0,0,0,207,62,1.283,1,2138,0,205.063,35.359,106.125,171.063,39.063,3.676,-1.027,0.934,-0.734,35.352,-19.219,2.274,2.454,1.206,1.353,0,NULL,NULL,,3,0,2,7,255,957,250,0,0
stim,78358,108480,0,108480,3305814.453,-0.570,-0.144,0.284,0.757,0,0,0,0,0,0,0,220,62,1.283,1,2138,0,194.429,35.781,126.563,126.375,76.250,3.961,-1.355,1.285,-0.730,35.773,-23.953,2.118,2.292,1.206,1.353,0,NULL,NULL,,3,0,2,7,255,957,250,0,0
stim,78384,108505,0,108505,3305819.455,-0.567,-0.144,0.291,0.758,0,0,0,0,0,0,0,225,62,1.283,1,2138,0,165.805,40.270,88.500,103.750,94.313,3.863,-2.109,1.137,1.500,40.242,-23.984,1.960,2.126,1.206,1.353,0,NULL,NULL,,3,0,2,7,255,957,250,0,0
stim,78384,108505,0,108505,3305824.454,-0.563,-0.141,0.298,0.758,0,0,0,0,0,0,0,223,62,1.283,1,2138,0,198.362,41.104,153.375,71.313,103.625,3.637,-2.105,0.711,8.371,40.242,-26.902,1.796,1.954,1.206,1.353,0,NULL,NULL,,3,0,2,7,255,957,250,0,0
stim,78384,108505,0,108505,3305829.455,-0.561,-0.135,0.309,0.756,0,0,0,0,0,0,0,219,62,1.283,1,2138,0,285.302,36.817,267.188,47.813,87.875,3.434,-2.156,0.977,8.375,35.852,-27.059,1.628,1.774,1.206,1.353,0,NULL,NULL,,3,0,2,7,255,957,250,0,0
stim,78384,108505,0,108505,3305834.453,-0.561,-0.127,0.319,0.753,0,0,0,0,0,0,0,212,62,1.283,1,2138,0,313.595,36.816,306.688,5.938,65.188,2.988,-1.480,2.336,8.371,35.852,-27.059,1.458,1.592,1.206,1.353,0,NULL,NULL,,3,0,2,7,255,957,250,0,0
stim,78402,108523,0,108523,3305839.455,-0.561,-0.120,0.326,0.751,0,0,0,0,0,0,0,231,62,1.283,1,2138,0,230.797,39.751,225.438,-30.563,38.875,2.879,-1.113,3.258,6.648,39.191,-12.793,1.290,1.412,1.206,1.353,0,NULL,NULL,,3,0,2,7,255,957,250,0,0
stim,78402,108523,0,108523,3305844.454,-0.560,-0.111,0.331,0.751,37,0,0,333,0,2,0,403,62,1.283,1,2138,0,244.868,42.411,207.000,-94.750,90.188,1.809,-1.773,4.188,6.648,41.887,-4.313,1.126,1.232,1.206,1.353,0,NULL,NULL,,3,0,2,7,255,957,250,0,0
stim,78402,108523,0,108523,3305849.455,-0.553,-0.077,0.347,0.753,773,0,0,1165,0,96,0,453,62,1.283,1,2138,0,876.627,43.848,671.750,-347.500,443.250,1.996,0.871,9.457,7.191,43.254,6.039,0.966,1.050,1.206,1.353,0,NULL,NULL,,3,0,2,7,255,957,250,0,0
stim,78402,108523,0,108523,3305854.453,-0.545,-0.078,0.331,0.766,1401,0,0,1669,0,413,0,553,62,1.283,1,2138,0,493.123,43.231,-397.063,-148.563,251.875,0.000,0.555,7.445,10.695,41.887,49.352,0.816,0.866,1.206,1.353,0,NULL,NULL,,3,0,2,7,255,957,250,0,0
stim,78424,108545,0,108545,3305859.455,-0.531,-0.096,0.286,0.792,1919,0,0,1963,0,711,0,601,62,1.283,1,2138,0,1322.760,42.330,-1253.563,-208.000,367.438,0.121,4.379,1.340,7.191,41.715,49.352,0.682,0.684,1.206,1.353,0,NULL,NULL,,3,0,2,7,255,957,250,0,0
stim,78424,108545,0,108545,3305864.454,-0.517,-0.107,0.250,0.812,2216,0,0,2127,0,953,0,661,59,1.283,1,2139,0,1020.038,33.728,-951.188,-190.000,315.625,-1.453,4.352,-2.641,-33.434,-4.449,14.512,0.584,0.506,1.206,1.353,1,1050.000,93.000,,3,0,2,7,255,957,250,0,0
stim,78466,108587,0,108587,3305869.455,-0.510,-0.109,0.234,0.820,2439,0,0,2265,0,1196,0,755,59,1.283,1,2139,0,441.878,49.331,-381.375,-131.688,180.188,-2.316,1.441,-2.719,-33.434,-36.273,-14.535,0.540,0.358,1.206,1.353,1,NULL,NULL,,3,0,2,7,255,957,250,0,0
stim,78466,108587,0,108587,3305874.454,-0.512,-0.103,0.230,0.821,2577,0,0,2385,0,1356,0,828,59,1.283,1,2139,0,171.065,36.411,4.125,-171.000,2.250,-1.516,-0.797,0.293,-3.160,-36.273,-14.535,0.554,0.278,1.206,1.353,1,NULL,NULL,,3,0,2,7,255,957,250,0,0
stim,78466,108587,0,108587,3305879.455,-0.513,-0.097,0.231,0.821,2767,0,0,2611,0,1509,0,945,59,1.283,1,2139,0,139.047,8.110,79.063,-114.250,5.500,0.270,1.969,1.715,-3.160,-7.469,-3.195,0.596,0.282,1.206,1.353,2,NULL,NULL,,3,0,2,7,255,957,250,0,0
stim,78466,108587,0,108587,3305884.453,-0.508,-0.092,0.229,0.825,2871,0,0,2767,0,1557,0,1077,59,1.283,1,2139,0,194.830,17.714,-10.188,-113.625,157.938,-0.082,2.813,2.152,-17.617,-1.848,8.824,0.638,0.332,1.206,1.353,2,NULL,NULL,,3,0,2,7,255,957,250,0,0
stim,78466,108587,0,108587,3305889.455,-0.498,-0.089,0.216,0.835,2951,0,0,2879,0,1605,0,1226,59,1.283,1,2139,0,432.105,17.714,-280.250,-176.938,277.250,-1.789,0.254,1.902,-17.617,-1.848,13.941,0.670,0.384,1.206,1.353,2,NULL,NULL,,3,0,2,7,255,957,250,0,0
stim,78466,108587,0,108587,3305894.454,-0.497,-0.092,0.198,0.840,3013,0,0,2967,0,1645,0,1367,59,1.283,1,2139,0,441.679,9.823,-407.125,-167.188,37.125,-2.598,-0.977,0.168,7.004,-6.887,13.941,0.706,0.424,1.206,1.353,2,NULL,NULL,,3,0,2,7,255,957,250,0,0
stim,78466,108587,0,108587,3305899.455,-0.503,-0.092,0.184,0.839,3037,0,0,3031,0,1672,0,1478,59,1.283,1,2139,0,357.052,17.497,-253.688,-181.313,-173.938,-1.332,-1.070,-0.621,15.344,-8.410,-1.426,0.746,0.466,1.206,1.353,2,NULL,NULL,,3,0,2,7,255,957,250,0,0
stim,78466,108587,0,108587,3305904.453,-0.514,-0.088,0.177,0.835,3061,0,0,3077,0,1707,0,1565,59,1.283,1,2139,0,314.283,17.497,-39.313,-175.938,-257.438,0.160,-1.094,0.563,15.344,-8.410,-7.098,0.768,0.500,1.206,1.353,2,NULL,NULL,,3,0,2,7,255,957,250,0,0
stim,78466,108587,0,108587,3305909.455,-0.522,-0.083,0.172,0.831,3087,0,0,3125,0,1749,0,1587,59,1.283,1,2139,0,246.602,11.767,-6.250,-158.875,-188.500,1.320,-1.281,1.707,8.793,7.820,-7.098,0.758,0.520,1.206,1.353,2,NULL,NULL,,3,0,2,7,255,957,250,0,0
stim,78466,108587,0,108587,3305914.454,-0.524,-0.080,0.166,0.832,3097,0,0,3149,0,1779,0,1561,59,1.283,1,2139,0,164.862,23.200,-78.688,-140.750,-34.313,1.734,-1.676,2.113,7.469,21.965,-0.488,0.730,0.526,1.206,1.353,2,NULL,NULL,,3,0,2,7,255,957,250,0,0
stim,78484,108605,0,108605,3305919.455,-0.519,-0.079,0.158,0.836,3115,0,0,3182,0,1831,0,1523,59,1.283,1,2139,0,247.441,26.077,-171.563,-120.625,131.313,1.348,-1.965,1.770,7.469,24.984,-0.336,0.696,0.514,1.206,1.353,2,NULL,NULL,,3,0,2,7,255,957,250,0,0
stim,78484,108605,0,108605,3305924.454,-0.510,-0.078,0.150,0.844,3117,0,0,3197,0,1897,0,1523,59,1.283,1,2139,0,330.817,27.086,-189.625,-105.688,249.625,0.301,-1.383,0.746,10.461,24.984,-0.336,0.658,0.474,1.206,1.353,2,NULL,NULL,,3,0,2,7,255,957,250,0,0
stim,78484,108605,0,108605,3305929.455,-0.501,-0.075,0.144,0.850,3124,0,0,3219,0,1980,0,1554,59,1.283,1,2139,0,301.151,15.011,-119.750,-113.625,251.875,-1.016,-0.227,0.391,10.461,10.766,-3.789,0.620,0.408,1.206,1.353,2,NULL,NULL,,3,0,2,7,255,957,250,0,0
stim,78484,108605,0,108605,3305934.454,-0.498,-0.072,0.139,0.853,3125,0,0,3214,0,2076,3,1613,59,1.283,1,2139,0,170.115,9.038,-76.063,-123.375,89.063,-1.660,0.727,0.785,6.668,-6.102,-3.789,0.586,0.330,1.206,1.353,2,NULL,NULL,,3,0,2,7,255,957,250,0,0
stim,78484,108605,0,108605,3305939.455,-0.499,-0.068,0.134,0.853,3125,0,0,3221,0,2153,4,1691,59,1.283,1,2139,0,142.806,7.057,-49.313,-131.500,-25.875,-0.605,0.898,0.844,1.691,-6.852,0.762,0.558,0.256,1.206,1.353,2,NULL,NULL,,3,0,2,7,255,957,250,0,0
stim,78484,108605,0,108605,3305944.453,-0.501,-0.065,0.128,0.853,3129,0,0,3222,0,2235,6,1809,59,1.283,1,2139,0,162.792,6.948,-78.813,-131.938,-53.688,-0.398,0.332,1.453,-1.156,-6.852,2.742,0.534,0.204,1.206,1.353,2,NULL,NULL,,3,0,2,7,255,957,250,0,0
stim,78515,108636,0,108636,3305949.455,-0.504,-0.063,0.120,0.853,3133,0,0,3213,0,2309,55,1907,59,1.283,1,2139,0,184.704,1.555,-126.188,-121.563,-58.438,0.000,-0.113,1.195,-1.156,-1.039,1.375,0.516,0.178,1.206,1.353,2,NULL,NULL,,3,0,2,7,255,957,250,0,0
stim,78515,108637,0,108637,3305954.453,-0.506,-0.062,0.114,0.853,3119,0,0,3221,214,2360,187,2035,59,1.283,1,2139,0,155.064,3.526,-101.313,-103.375,-55.625,0.336,-0.473,1.426,0.695,3.457,2.543,0.502,0.176,1.206,1.353,2,NULL,NULL,,3,0,2,7,255,957,250,0,0
stim,78515,108637,0,108637,3305959.455,-0.508,-0.062,0.110,0.852,3127,0,0,3228,483,2393,219,2115,59,1.283,1,2139,0,102.024,8.570,-60.938,-49.375,-65.250,0.727,-0.703,1.176,2.133,8.301,1.375,0.496,0.178,1.206,1.353,2,NULL,NULL,,3,0,2,7,255,957,250,0,0
stim,78515,108637,0,108637,3305964.454,-0.509,-0.060,0.108,0.852,3127,0,0,3228,682,2415,247,2157,59,1.283,1,2139,0,56.451,9.348,-22.125,-51.750,-4.375,0.824,-0.082,0.836,2.133,9.102,-0.820,0.494,0.178,1.206,1.353,2,NULL,NULL,,3,0,2,7,255,957,250,0,0
stim,78552,108673,0,108673,3305969.455,-0.508,-0.059,0.108,0.852,3115,3,0,3219,859,2439,295,2217,59,1.283,1,2139,0,42.268,9.443,-1.438,-38.188,18.063,0.070,0.211,1.492,-2.516,9.102,-0.820,0.498,0.168,1.206,1.353,2,NULL,NULL,,3,0,2,7,255,957,250,0,0
stim,78552,108673,0,108673,3305974.454,-0.508,-0.060,0.104,0.853,3131,29,0,3223,1015,2461,303,2275,59,1.283,1,2139,0,82.129,3.864,-76.688,-27.313,-10.875,-0.289,-0.059,1.238,-2.516,2.934,2.555,0.508,0.150,1.206,1.353,2,NULL,NULL,,3,0,2,7,255,957,250,0,0
stim,78552,108673,0,108673,3305979.455,-0.509,-0.060,0.101,0.853,3117,28,0,3223,1108,2463,308,2314,59,1.283,1,2139,0,69.962,1.185,-62.500,-25.375,-18.563,-0.102,-0.078,0.637,0.859,0.816,2.555,0.516,0.128,1.206,1.353,2,NULL,NULL,,3,0,2,7,255,957,250,0,0
stim,78552,108673,0,108673,3305984.454,-0.511,-0.060,0.100,0.852,3129,42,0,3224,1181,2471,311,2350,59,1.283,1,2139,0,43.275,0.996,-7.313,-21.000,-37.125,-0.207,0.031,0.980,0.859,0.504,0.000,0.524,0.106,1.206,1.353,2,NULL,NULL,,3,0,2,7,255,957,250,0,0
stim,78552,108673,0,108673,3305989.455,-0.513,-0.059,0.099,0.851,3124,52,0,3217,1259,2492,323,2379,59,1.283,1,2139,0,62.268,0.878,2.500,-18.188,-59.500,-0.035,0.254,1.227,0.324,0.816,0.000,0.526,0.086,1.206,1.353,2,NULL,NULL,,3,0,2,7,255,957,250,0,0
stim,78552,108673,0,108673,3305994.453,-0.515,-0.059,0.098,0.850,3117,87,0,3219,1309,2493,334,2403,59,1.283,1,2139,0,61.545,2.458,-27.000,-12.500,-53.875,0.098,0.152,1.242,-2.203,1.090,2.012,0.528,0.074,1.206,1.353,2,NULL,NULL,,3,0,2,7,255,957,250,0,0
stim,78573,108694,0,108694,3305999.455,-0.516,-0.060,0.096,0.849,3112,108,0,3211,1367,2509,345,2419,59,1.283,1,2139,0,63.752,3.463,-55.875,-7.563,-29.750,0.047,-0.105,1.051,-2.203,2.672,2.012,0.532,0.066,1.206,1.353,2,NULL,NULL,,3,0,2,7,255,957,250,0,0
stim,78573,108694,0,108694,3306004.453,-0.516,-0.061,0.093,0.849,3115,118,0,3207,1433,2514,343,2431,59,1.283,1,2139,0,55.121,2.686,-50.375,-5.750,-21.625,-0.141,-0.098,0.848,0.277,2.672,0.074,0.538,0.058,1.206,1.353,2,NULL,NULL,,3,0,2,7,255,957,250,0,0
stim,78573,108694,0,108694,3306009.455,-0.518,-0.062,0.092,0.848,3116,127,0,3213,1483,2510,347,2443,59,1.283,1,2139,0,44.014,0.948,-21.375,-7.438,-37.750,-0.188,0.094,0.859,0.277,0.906,-1.141,0.544,0.050,1.206,1.353,2,NULL,NULL,,3,0,2,7,255,957,250,0,0
stim,78573,108694,0,108694,3306014.454,-0.520,-0.061,0.092,0.847,3122,135,0,3207,1518,2516,352,2453,59,1.283,1,2139,0,48.741,0.985,-5.188,-7.125,-47.938,-0.055,0.137,1.020,-0.387,0.906,-1.141,0.548,0.044,1.206,1.353,2,NULL,NULL,,3,0,2,7,255,957,250,0,0
stim,78573,108694,0,108694,3306019.455,-0.521,-0.061,0.091,0.846,3127,140,0,3196,1553,2517,355,2461,59,1.283,1,2139,0,39.483,1.535,-12.250,-5.938,-37.063,0.055,0.055,1.102,-1.215,0.938,0.164,0.552,0.038,1.206,1.353,2,NULL,NULL,,3,0,2,7,255,957,250,0,0
stim,78573,108694,0,108694,3306024.454,-0.522,-0.062,0.090,0.846,3116,141,0,3199,1562,2519,348,2461,59,1.283,1,2139,0,28.808,2.619,-22.000,-3.250,-18.313,0.039,0.004,1.031,-1.215,2.320,0.164,0.556,0.036,1.206,1.353,2,NULL,NULL,,3,0,2,7,255,957,250,0,0
stim,78573,108694,0,108694,3306029.455,-0.522,-0.062,0.089,0.846,3111,147,0,3207,1580,2523,351,2461,59,1.283,1,2139,0,19.719,2.421,-18.063,-1.250,-7.813,-0.051,-0.004,0.953,-0.691,2.320,-0.012,0.562,0.030,1.206,1.353,2,NULL,NULL,,3,0,2,7,255,957,250,0,0
stim,78573,108694,0,108694,3306034.454,-0.522,-0.062,0.088,0.846,3113,147,0,3191,1583,2525,332,2463,59,1.283,1,2139,0,10.850,1.413,-7.313,-0.500,-8.000,-0.121,0.020,0.969,-0.227,1.395,-0.277,0.568,0.024,1.206,1.353,2,NULL,NULL,,3,0,2,7,255,957,250,0,0
stim,78604,108725,0,108725,3306039.455,-0.523,-0.062,0.088,0.846,3109,141,0,3195,1594,2521,327,2467,59,1.283,1,2139,0,11.124,0.776,-1.125,-0.313,-11.063,-0.125,0.070,1.027,-0.227,0.742,-0.277,0.576,0.020,1.206,1.353,2,NULL,NULL,,3,0,2,7,255,957,250,0,0
stim,78604,108725,0,108725,3306044.453,-0.523,-0.062,0.088,0.846,3099,141,7,3183,1613,2523,327,2462,59,1.324,1,2139,1,9.513,0.829,-0.875,-0.813,-9.438,-0.113,0.117,1.055,-0.578,0.594,0.305,0.000,0.000,1.220,1.363,2,NULL,NULL,,3,0,2,7,255,957,250,0,0
stim,78604,108725,0,108725,3306049.455,-0.523,-0.062,0.088,0.845,3109,135,23,3183,1627,2518,331,2463,59,1.324,1,2139,1,5.753,1.127,-3.500,-1.500,-4.313,-0.129,0.121,1.051,-0.996,0.527,0.574,0.004,0.002,1.220,1.363,2,NULL,NULL,,3,0,2,7,255,957,250,0,0
stim,78604,108725,0,108725,3306054.453,-0.523,-0.062,0.088,0.845,3099,137,33,3176,1645,2511,329,2467,59,1.324,1,2139,1,6.882,1.064,-6.250,-2.813,-0.625,-0.168,0.102,1.023,-0.996,0.375,0.574,0.008,0.004,1.220,1.363,2,NULL,NULL,,3,0,2,7,255,957,250,0,0
stim,78604,108725,0,108725,3306059.455,-0.523,-0.062,0.087,0.846,3087,132,37,3165,1669,2516,325,2464,59,1.324,1,2139,1,7.479,0.663,-5.813,-4.625,-0.875,-0.191,0.078,0.988,-0.660,0.059,0.375,0.012,0.008,1.220,1.363,2,NULL,NULL,,3,0,2,7,255,957,250,0,0
stim,78604,108725,0,108725,3306064.454,-0.523,-0.061,0.087,0.846,3083,125,39,3160,1683,2509,316,2471,59,1.324,1,2139,1,7.431,0.345,-2.563,-6.813,-1.500,-0.176,0.059,0.977,-0.340,0.059,0.090,0.014,0.010,1.220,1.363,2,NULL,NULL,,3,0,2,7,255,957,250,0,0
stim,78657,108778,0,108778,3306069.455,-0.523,-0.061,0.087,0.846,3083,128,41,3155,1704,2507,319,2483,59,1.324,1,2139,1,8.592,0.348,0.188,-8.563,0.688,-0.156,0.070,0.988,-0.340,0.074,0.012,0.018,0.012,1.220,1.363,2,NULL,NULL,,3,0,2,7,255,957,250,0,0
stim,78657,108778,0,108778,3306074.454,-0.523,-0.061,0.087,0.846,3051,123,39,3149,1723,2505,331,2479,59,1.324,1,2139,1,10.184,0.405,0.125,-9.750,2.938,-0.164,0.094,1.012,-0.398,0.074,0.012,0.018,0.012,1.220,1.363,2,NULL,NULL,,3,0,2,7,255,957,250,0,0
stim,78657,108778,0,108778,3306079.455,-0.523,-0.060,0.087,0.846,3043,123,69,3128,1741,2501,333,2488,59,1.324,1,2139,1,11.127,0.602,-2.063,-10.750,2.000,-0.184,0.113,1.008,-0.598,0.074,0.250,0.020,0.014,1.220,1.363,2,NULL,NULL,,3,0,2,7,255,957,250,0,0
stim,78657,108778,0,108778,3306084.454,-0.523,-0.060,0.086,0.846,3032,123,99,3117,1765,2495,339,2501,59,1.324,1,2139,1,12.634,0.701,-2.813,-12.313,0.313,-0.188,0.117,0.996,-0.680,-0.172,0.250,0.020,0.014,1.220,1.363,2,NULL,NULL,,3,0,2,7,255,957,250,0,0
stim,78657,108778,0,108778,3306089.455,-0.523,-0.059,0.086,0.846,3019,123,111,3103,1798,2493,343,2509,59,1.324,1,2139,1,13.714,0.738,-1.875,-13.438,-2.000,-0.199,0.141,1.008,-0.688,-0.270,0.285,0.020,0.014,1.220,1.363,2,NULL,NULL,,3,0,2,7,255,957,250,0,0
stim,78657,108778,0,108778,3306094.453,-0.523,-0.059,0.086,0.846,3002,121,150,3090,1821,2494,347,2521,59,1.324,1,2139,1,15.998,0.954,-2.188,-14.188,-7.063,-0.191,0.195,1.031,-0.840,-0.453,0.328,0.022,0.014,1.220,1.363,2,NULL,NULL,,3,0,2,7,255,957,250,0,0
stim,78657,108778,0,108778,3306099.455,-0.524,-0.058,0.085,0.846,2983,124,197,3076,1866,2493,363,2531,59,1.324,1,2139,1,19.119,1.422,-4.500,-14.188,-12.000,-0.152,0.211,1.047,-1.348,-0.453,0.559,0.024,0.014,1.220,1.363,2,NULL,NULL,,3,0,2,7,255,957,250,0,0
stim,78657,108778,0,108778,3306104.454,-0.524,-0.058,0.085,0.845,2963,126,233,3077,1903,2492,381,2565,59,1.324,1,2139,1,20.569,1.545,-8.313,-14.063,-12.500,-0.129,0.184,1.043,-1.508,-0.336,0.559,0.024,0.016,1.220,1.363,2,NULL,NULL,,3,0,2,7,255,957,250,0,0
stim,78657,108778,0,108778,3306109.455,-0.525,-0.057,0.084,0.845,2941,136,293,3043,1951,2491,411,2565,59,1.324,1,2139,1,22.150,1.508,-12.125,-13.688,-12.500,-0.141,0.145,1.020,-1.508,-0.016,0.543,0.026,0.016,1.220,1.363,2,NULL,NULL,,3,0,2,7,255,957,250,0,0
stim,78657,108778,0,108778,3306114.453,-0.525,-0.057,0.083,0.845,2921,139,347,3027,1997,2493,427,2575,59,1.324,1,2139,1,24.383,1.109,-12.688,-13.250,-16.063,-0.141,0.102,0.984,-1.109,-0.008,0.340,0.028,0.018,1.220,1.363,2,NULL,NULL,,3,0,2,7,255,957,250,0,0
stim,78681,108802,0,108802,3306119.455,-0.526,-0.057,0.082,0.845,2895,152,423,3021,2029,2493,475,2601,59,1.324,1,2139,1,24.061,0.749,-8.688,-13.313,-18.063,-0.121,0.070,0.965,-0.742,0.098,-0.031,0.028,0.018,1.220,1.363,2,NULL,NULL,,3,0,2,7,255,957,250,0,0
stim,78681,108802,0,108802,3306124.454,-0.527,-0.056,0.082,0.844,2871,159,504,2997,2075,2493,479,2604,59,1.324,1,2139,1,22.178,0.678,-4.813,-13.563,-16.875,-0.117,0.070,0.977,-0.570,0.367,-0.176,0.032,0.018,1.220,1.363,2,NULL,NULL,,3,0,2,7,255,957,250,0,0
stim,78681,108802,0,108802,3306129.455,-0.527,-0.056,0.081,0.844,2843,169,629,2970,2116,2493,526,2616,59,1.324,1,2139,1,21.307,0.678,-1.688,-14.250,-15.750,-0.125,0.109,0.977,-0.570,0.367,-0.176,0.034,0.016,1.220,1.363,2,NULL,NULL,,3,0,2,7,255,957,250,0,0
stim,78681,108802,0,108802,3306134.454,-0.528,-0.055,0.081,0.844,2807,189,693,2955,2187,2503,601,2643,59,1.324,1,2139,1,20.974,0.874,0.563,-15.438,-14.188,-0.156,0.125,0.988,-0.859,0.160,-0.121,0.038,0.016,1.220,1.363,2,NULL,NULL,,3,0,2,7,255,957,250,0,0
stim,78701,108822,0,108822,3306139.455,-0.528,-0.055,0.081,0.843,2772,202,783,2922,2245,2503,679,2647,59,1.324,1,2139,1,23.522,0.876,0.375,-17.063,-16.188,-0.207,0.145,1.004,-0.859,-0.168,0.051,0.044,0.016,1.220,1.363,2,NULL,NULL,,3,0,2,7,255,957,250,0,0
stim,78701,108822,0,108822,3306144.453,-0.529,-0.054,0.081,0.843,2733,239,896,2897,2303,2504,819,2661,59,1.324,1,2139,1,29.925,1.093,-0.625,-18.438,-23.563,-0.227,0.191,1.020,-0.859,-0.676,0.273,0.052,0.020,1.220,1.363,2,NULL,NULL,,3,0,2,7,255,957,250,0,0
stim,78701,108822,0,108822,3306149.455,-0.531,-0.053,0.080,0.842,2683,240,1022,2877,2351,2503,923,2679,59,1.324,1,2139,1,38.987,1.530,-3.188,-19.688,-33.500,-0.219,0.207,1.031,-1.145,-1.016,0.508,0.060,0.024,1.220,1.363,2,NULL,NULL,,3,0,2,7,255,957,250,0,0
stim,78701,108822,0,108822,3306154.454,-0.532,-0.053,0.079,0.841,2629,245,1135,2847,2403,2507,1021,2695,59,1.324,1,2139,1,50.015,1.678,-9.063,-20.000,-44.938,-0.195,0.199,1.070,-1.336,-1.016,0.609,0.066,0.028,1.220,1.363,2,NULL,NULL,,3,0,2,7,255,957,250,0,0
stim,78724,108845,0,108845,3306159.455,-0.534,-0.053,0.078,0.840,2559,255,1261,2822,2453,2507,1158,2708,59,1.324,1,2139,1,62.998,1.528,-20.813,-19.813,-56.063,-0.156,0.160,1.094,-1.336,-0.742,0.934,0.074,0.032,1.220,1.363,2,NULL,NULL,,3,0,2,7,255,957,250,0,0
stim,78724,108845,0,108845,3306164.453,-0.537,-0.053,0.076,0.839,2521,265,1417,2810,2492,2509,1254,2731,59,1.324,1,2139,1,74.193,1.253,-36.500,-18.750,-61.813,-0.121,0.074,1.074,-1.230,-0.238,0.934,0.078,0.036,1.220,1.363,2,NULL,NULL,,3,0,2,7,255,957,250,0,0
stim,78755,108876,0,108876,3306169.455,-0.539,-0.053,0.073,0.838,2439,277,1541,2772,2537,2513,1353,2733,59,1.324,1,2139,0,79.444,0.729,-48.063,-18.875,-60.375,-0.105,-0.016,0.996,-0.613,0.395,0.801,0.082,0.038,1.220,1.363,2,NULL,NULL,,3,0,2,7,255,957,250,0,0
stim,78755,108876,0,108876,3306174.454,-0.541,-0.054,0.071,0.837,2373,294,1685,2735,2579,2515,1463,2750,59,1.324,1,2139,0,75.387,0.713,-47.375,-18.750,-55.563,-0.113,-0.070,0.918,0.094,0.707,-0.039,0.086,0.038,1.220,1.363,2,NULL,NULL,,3,0,2,7,255,957,250,0,0
stim,78755,108876,0,108876,3306179.455,-0.543,-0.054,0.069,0.835,2287,299,1802,2701,2615,2517,1565,2766,59,1.324,1,2139,0,71.727,0.928,-43.000,-20.000,-53.813,-0.156,-0.109,0.949,0.602,0.707,-0.426,0.088,0.040,1.220,1.363,2,NULL,NULL,,3,0,2,7,255,957,250,0,0
stim,78755,108876,0,108876,3306184.454,-0.545,-0.055,0.066,0.834,2202,302,1912,2662,2651,2519,1677,2781,59,1.324,1,2139,0,78.520,1.188,-47.125,-21.188,-59.125,-0.184,-0.125,1.020,1.074,0.508,-0.426,0.088,0.040,1.220,1.363,2,NULL,NULL,,3,0,2,7,255,957,250,0,0
stim,78755,108876,0,108876,3306189.455,-0.547,-0.056,0.063,0.833,2119,303,2024,2616,2683,2521,1783,2795,59,1.324,1,2139,0,92.609,1.356,-60.375,-22.000,-66.688,-0.176,-0.141,1.063,1.258,0.508,0.305,0.090,0.040,1.220,1.363,2,NULL,NULL,,3,0,2,7,255,957,250,0,0
stim,78755,108876,0,108876,3306194.453,-0.549,-0.057,0.060,0.832,2011,303,2124,2568,2711,2523,1869,2807,59,1.324,1,2139,0,100.059,1.368,-69.563,-22.688,-68.250,-0.113,-0.078,0.977,1.258,0.539,0.305,0.090,0.040,1.220,1.363,2,NULL,NULL,,3,0,2,7,255,957,250,0,0
stim,78755,108876,0,108876,3306199.455,-0.551,-0.057,0.056,0.830,1903,301,2221,2507,2741,2525,1972,2825,59,1.324,1,2139,0,91.405,0.761,-64.188,-24.438,-60.313,-0.063,0.023,0.895,0.504,0.570,-0.184,0.090,0.042,1.220,1.363,2,NULL,NULL,,3,0,2,7,255,957,250,0,0
stim,78755,108876,0,108876,3306204.454,-0.553,-0.058,0.054,0.829,1801,281,2311,2450,2763,2524,2066,2840,59,1.324,1,2139,0,78.100,0.796,-50.438,-25.688,-53.813,-0.082,0.020,0.941,-0.555,0.570,-0.578,0.092,0.042,1.220,1.363,2,NULL,NULL,,3,0,2,7,255,957,250,0,0
stim,78755,108876,1,108876,3306209.455,-0.555,-0.058,0.051,0.828,1629,280,2393,2343,2787,2524,2148,2853,59,1.324,1,2139,0,73.820,0.699,-47.438,-28.250,-49.000,-0.137,-0.008,1.020,-0.555,0.426,-0.578,0.092,0.042,1.220,1.363,2,NULL,NULL,,3,1,2,7,255,957,250,0,0
stim,78755,108876,1,108876,3306214.453,-0.557,-0.058,0.049,0.827,1427,268,2471,2239,2809,2523,2220,2863,59,1.324,1,2139,0,76.641,0.226,-45.125,-28.625,-54.938,-0.195,-0.020,1.000,-0.195,0.113,0.180,0.092,0.042,1.220,1.363,2,NULL,NULL,,3,1,2,7,255,957,250,0,0
stim,78784,108905,1,108905,3306219.455,-0.559,-0.058,0.046,0.826,1245,261,2531,2143,2837,2523,2294,2875,59,1.324,1,2139,0,79.875,0.142,-42.375,-31.375,-60.000,-0.102,-0.074,1.012,0.086,0.113,0.180,0.092,0.040,1.220,1.363,2,NULL,NULL,,3,1,2,7,255,957,250,0,0
stim,78784,108905,1,108905,3306224.454,-0.561,-0.058,0.044,0.825,1081,243,2581,2013,2856,2519,2365,2889,59,1.324,1,2139,0,73.838,0.584,-38.938,-32.250,-53.813,-0.063,-0.047,1.031,0.086,0.578,0.180,0.094,0.040,1.220,1.363,2,NULL,NULL,,3,1,2,7,255,957,250,0,0
stim,78784,108905,1,108905,3306229.455,-0.562,-0.057,0.041,0.824,889,215,2631,1852,2873,2515,2425,2899,59,1.324,1,2139,0,65.371,0.617,-36.688,-33.563,-42.438,-0.074,0.020,1.043,-0.215,0.578,0.273,0.096,0.040,1.220,1.363,2,NULL,NULL,,3,1,2,7,255,957,250,0,0
stim,78784,108905,1,108905,3306234.453,-0.564,-0.057,0.039,0.823,671,188,2669,1622,2893,2509,2483,2907,59,1.324,1,2139,0,61.964,0.894,-32.563,-35.813,-38.688,-0.070,0.070,1.039,-0.781,0.434,0.324,0.100,0.042,1.220,1.363,2,NULL,NULL,,3,1,2,7,255,957,250,0,0
stim,78784,108905,1,108905,3306239.455,-0.565,-0.056,0.037,0.822,446,124,2711,1399,2909,2495,2535,2919,59,1.324,1,2139,0,60.046,0.825,-33.625,-36.375,-33.938,-0.102,0.004,1.078,-0.781,0.266,0.398,0.102,0.044,1.220,1.363,2,NULL,NULL,,3,1,2,7,255,957,250,0,0
stim,78784,108905,1,108905,3306244.454,-0.566,-0.056,0.035,0.822,279,76,2742,1129,2927,2489,2585,2926,59,1.324,1,2139,0,62.047,0.653,-35.438,-38.688,-33.125,-0.109,-0.031,1.074,-0.621,0.203,0.773,0.106,0.044,1.220,1.363,2,NULL,NULL,,3,1,2,7,255,957,250,0,0
stim,78820,108941,1,108941,3306249.455,-0.567,-0.055,0.032,0.821,117,38,2776,906,2939,2471,2623,2935,59,1.324,1,2139,0,65.459,0.363,-36.875,-40.250,-36.125,-0.105,-0.094,1.051,-0.301,0.203,0.773,0.112,0.044,1.220,1.363,2,NULL,NULL,,3,1,2,7,255,957,250,0,0
stim,78820,108941,1,108941,3306254.453,-0.568,-0.054,0.030,0.820,30,19,2827,613,2961,2453,2659,2952,59,1.324,1,2139,0,65.082,0.397,-32.563,-43.813,-35.438,-0.066,-0.066,1.020,-0.090,0.387,0.551,0.116,0.046,1.220,1.363,2,NULL,NULL,,3,1,2,7,255,957,250,0,0
stim,78820,108941,1,108941,3306259.455,-0.569,-0.053,0.028,0.820,4,0,2824,423,2971,2430,2683,2953,59,1.324,1,2139,0,60.448,0.562,-24.750,-47.063,-28.750,-0.023,0.031,0.992,-0.090,0.555,0.207,0.122,0.046,1.220,1.363,2,NULL,NULL,,3,1,2,7,255,957,250,0,0
stim,78820,108941,1,108941,3306264.453,-0.570,-0.052,0.026,0.819,0,0,2845,266,2983,2407,2714,2961,59,1.324,1,2139,0,61.093,1.244,-18.188,-49.125,-31.438,-0.027,0.098,1.000,-1.113,0.555,-0.109,0.124,0.048,1.220,1.363,2,NULL,NULL,,3,1,2,7,255,957,250,0,0
stim,78852,108973,1,108973,3306269.455,-0.571,-0.050,0.024,0.819,0,0,2863,150,2996,2389,2743,2963,59,1.324,1,2139,0,59.067,1.142,2.438,-55.875,-19.000,-0.160,-0.008,1.070,-1.113,0.254,-0.109,0.122,0.050,1.220,1.363,2,NULL,NULL,,3,1,2,7,255,957,250,0,0
stim,78852,108973,1,108973,3306274.454,-0.571,-0.047,0.024,0.819,0,0,2873,125,3007,2363,2775,2974,59,1.324,1,2139,0,72.269,0.694,29.563,-65.938,1.063,-0.320,-0.191,1.277,-0.371,-0.586,0.785,0.116,0.054,1.220,1.363,2,NULL,NULL,,3,1,2,7,255,957,250,0,0
stim,78852,108973,1,108973,3306279.455,-0.571,-0.043,0.023,0.819,0,0,2887,99,3019,2342,2800,2979,59,1.324,1,2139,0,85.272,2.175,42.125,-73.688,-8.188,-0.445,-0.332,1.527,1.746,-1.297,3.055,0.110,0.058,1.220,1.363,2,NULL,NULL,,3,1,2,7,255,957,250,0,0
stim,78852,108973,1,108973,3306284.453,-0.572,-0.040,0.023,0.819,0,0,2892,62,3029,2309,2825,2983,59,1.324,1,2139,0,90.714,2.175,33.938,-84.125,-0.438,-0.305,-0.172,1.641,1.746,-1.297,5.637,0.102,0.062,1.220,1.363,3,NULL,NULL,,3,1,2,7,255,957,250,0,0
stim,78852,108973,1,108973,3306289.455,-0.572,-0.038,0.019,0.819,0,0,2899,27,3037,2276,2844,2988,59,1.324,1,2139,0,93.818,1.794,-44.500,-81.125,-15.500,-0.004,-0.055,1.309,1.406,-1.113,5.637,0.094,0.066,1.220,1.363,3,NULL,NULL,,3,1,2,7,255,957,250,0,0
stim,78852,108973,1,108973,3306294.454,-0.572,-0.036,0.015,0.820,0,0,2901,1,3047,2232,2867,2991,59,1.324,1,2139,0,96.978,0.867,-48.000,-83.938,7.438,0.023,-0.012,0.973,-0.473,0.727,3.004,0.090,0.072,1.220,1.363,3,NULL,NULL,,3,1,2,7,255,957,250,0,0
stim,78882,109003,1,109003,3306299.455,-0.570,-0.032,0.013,0.821,0,0,2903,0,3052,2185,2877,2991,59,1.324,1,2139,0,102.017,1.025,3.250,-92.250,43.438,-0.145,0.117,0.988,-0.723,0.727,-0.098,0.086,0.080,1.220,1.363,3,NULL,NULL,,3,1,2,7,255,957,250,0,0
stim,78882,109003,1,109003,3306304.453,-0.569,-0.028,0.012,0.822,0,0,2903,0,3060,2119,2898,2995,59,1.324,1,2139,0,106.354,1.804,27.750,-97.938,30.813,-0.270,0.152,1.148,-1.242,-1.309,-0.098,0.084,0.088,1.220,1.363,3,NULL,NULL,,3,1,2,7,255,957,250,0,0
stim,78882,109003,1,109003,3306309.455,-0.568,-0.024,0.011,0.822,0,0,2900,0,3065,2038,2910,2995,59,1.324,1,2139,0,107.535,2.580,29.063,-102.625,13.688,-0.258,0.090,1.344,-1.242,-2.262,1.523,0.082,0.096,1.220,1.363,3,NULL,NULL,,3,1,2,7,255,957,250,0,0
stim,78882,109003,1,109003,3306314.454,-0.568,-0.020,0.009,0.823,0,0,2897,0,3077,1943,2925,2996,59,1.324,1,2139,0,107.513,2.387,11.875,-106.438,9.438,-0.207,-0.016,1.391,-0.762,-2.262,3.441,0.082,0.106,1.220,1.363,3,NULL,NULL,,3,1,2,7,255,957,250,0,0
stim,78882,109003,1,109003,3306319.455,-0.567,-0.016,0.006,0.823,0,0,2891,0,3079,1819,2937,2995,59,1.324,1,2139,0,112.808,1.536,-1.875,-111.688,15.750,-0.160,-0.031,1.344,0.039,-1.535,3.441,0.082,0.114,1.220,1.363,3,NULL,NULL,,3,1,2,7,255,957,250,0,0
stim,78882,109003,1,109003,3306324.454,-0.566,-0.012,0.003,0.824,0,0,2885,0,3089,1709,2951,2989,59,1.324,1,2139,0,119.540,1.451,-11.125,-117.188,20.813,-0.176,-0.035,1.277,0.129,-1.445,3.418,0.082,0.124,1.220,1.363,3,NULL,NULL,,3,1,2,7,255,957,250,0,0
stim,78882,109003,1,109003,3306329.455,-0.566,-0.008,-0.000,0.825,0,0,2877,0,3091,1559,2957,2983,59,1.324,1,2139,0,124.010,1.451,-10.563,-121.563,22.125,-0.172,0.012,1.215,0.129,-1.445,2.766,0.084,0.134,1.220,1.363,3,NULL,NULL,,3,1,2,7,255,957,250,0,0
stim,78882,109003,1,109003,3306334.454,-0.565,-0.004,-0.003,0.825,0,0,2863,0,3096,1378,2970,2984,59,1.324,1,2139,0,128.579,1.700,-3.188,-126.750,21.375,-0.168,0.027,1.199,-0.121,-1.695,2.109,0.088,0.144,1.220,1.363,3,NULL,NULL,,3,1,2,7,255,957,250,0,0
stim,78903,109024,1,109024,3306339.455,-0.564,0.001,-0.007,0.826,0,0,2851,0,3099,1207,2980,2975,59,1.324,1,2139,0,134.151,1.836,-0.938,-132.563,20.563,-0.191,-0.004,1.230,-0.121,-1.832,2.109,0.094,0.154,1.220,1.363,3,NULL,NULL,,3,1,2,7,255,957,250,0,0
stim,78903,109024,1,109024,3306344.453,-0.563,0.006,-0.010,0.827,0,0,2877,0,3099,1003,2987,2968,59,1.324,1,2139,0,139.812,1.890,-2.063,-138.625,18.063,-0.172,-0.047,1.230,0.207,-1.879,2.219,0.098,0.166,1.220,1.363,3,NULL,NULL,,3,1,2,7,255,957,250,0,0
stim,78903,109024,1,109024,3306349.455,-0.562,0.011,-0.013,0.827,0,0,2813,0,3103,775,2995,2958,59,1.324,1,2139,0,145.274,1.965,-1.188,-143.938,19.625,-0.145,-0.051,1.211,0.574,-1.879,2.219,0.104,0.178,1.220,1.363,3,NULL,NULL,,3,1,2,7,255,957,250,0,0
stim,78903,109024,1,109024,3306354.453,-0.561,0.016,-0.017,0.828,0,0,2791,0,3109,582,3003,2942,59,1.324,1,2139,0,151.445,1.812,-1.563,-150.000,20.813,-0.105,-0.027,1.203,0.574,-1.719,2.008,0.112,0.188,1.220,1.363,3,NULL,NULL,,3,1,2,7,255,957,250,0,0
stim,78903,109024,1,109024,3306359.455,-0.560,0.021,-0.021,0.828,0,0,2764,0,3107,467,3007,2927,59,1.324,1,2139,0,156.317,1.621,-9.375,-154.625,20.938,-0.074,-0.020,1.160,0.297,-1.594,1.922,0.118,0.198,1.220,1.363,3,NULL,NULL,,3,1,2,7,255,957,250,0,0
stim,78903,109024,1,109024,3306364.454,-0.559,0.026,-0.025,0.829,0,0,2733,0,3109,301,3017,2915,59,1.324,1,2139,0,159.926,1.491,-9.000,-158.500,19.313,-0.074,-0.047,1.063,0.297,-1.461,1.488,0.124,0.210,1.220,1.363,3,NULL,NULL,,3,1,2,7,255,957,250,0,0
stim,78958,109079,1,109079,3306369.455,-0.558,0.032,-0.029,0.829,0,0,2700,0,3111,139,3021,2894,59,1.324,1,2139,0,164.188,1.537,-0.938,-163.125,18.625,-0.070,-0.051,1.039,0.477,-1.461,0.547,0.134,0.222,1.220,1.363,3,NULL,NULL,,3,1,2,7,255,957,250,0,0
stim,78958,109079,1,109079,3306374.454,-0.557,0.038,-0.033,0.829,0,0,2663,0,3111,75,3029,2872,59,1.324,1,2139,0,167.431,1.537,8.063,-166.563,15.000,-0.070,-0.035,1.117,0.477,-1.461,0.547,0.144,0.234,1.220,1.363,3,NULL,NULL,,3,1,2,7,255,957,250,0,0
stim,78958,109079,1,109079,3306379.455,-0.556,0.044,-0.036,0.829,0,0,2616,0,3111,37,3032,2843,59,1.324,1,2139,0,171.718,1.792,13.938,-170.938,8.563,-0.074,0.027,1.219,0.465,-1.730,1.031,0.154,0.248,1.220,1.363,3,NULL,NULL,,3,1,2,7,255,957,250,0,0
stim,78958,109079,1,109079,3306384.454,-0.555,0.051,-0.040,0.829,0,0,2567,0,3108,0,3035,2807,59,1.324,1,2139,0,176.012,2.133,1.750,-175.813,8.188,0.020,0.141,1.316,0.004,-2.133,1.965,0.170,0.266,1.220,1.363,3,NULL,NULL,,3,1,2,7,255,957,250,0,0
stim,78958,109079,1,109079,3306389.455,-0.554,0.057,-0.045,0.829,0,0,2503,0,3101,5,3036,2775,59,1.324,1,2139,0,178.222,2.632,-8.688,-177.875,6.938,0.008,0.227,1.398,-1.320,-2.277,2.926,0.188,0.288,1.220,1.363,3,NULL,NULL,,3,1,2,7,255,957,250,0,0
stim,78958,109079,1,109079,3306394.453,-0.554,0.063,-0.049,0.829,0,0,2427,0,3099,11,3037,2729,59,1.324,1,2139,0,184.980,3.160,-11.000,-184.375,10.125,-0.082,0.191,1.574,-1.320,-2.871,3.664,0.214,0.318,1.220,1.363,3,NULL,NULL,,3,1,2,7,255,957,250,0,0
stim,78958,109079,1,109079,3306399.455,-0.552,0.070,-0.054,0.829,0,0,2347,0,3092,41,3037,2681,59,1.324,1,2139,0,194.346,4.200,-2.000,-193.813,14.250,-0.168,0.148,1.840,-1.180,-4.031,5.211,0.250,0.356,1.220,1.363,3,NULL,NULL,,3,1,2,7,255,957,250,0,0
stim,78958,109079,1,109079,3306404.454,-0.551,0.077,-0.060,0.829,0,0,2261,0,3089,63,3037,2630,59,1.324,1,2139,0,212.953,5.329,-12.000,-210.813,27.625,-0.285,0.180,2.070,-0.313,-5.320,7.574,0.294,0.400,1.220,1.363,3,NULL,NULL,,3,1,2,7,255,957,250,0,0
stim,78958,109079,1,109079,3306409.455,-0.549,0.085,-0.067,0.829,0,0,2127,0,3080,69,3043,2572,59,1.324,1,2139,0,237.049,7.233,-36.000,-231.125,38.438,-0.422,0.355,2.188,-0.313,-7.227,9.465,0.348,0.452,1.220,1.363,3,NULL,NULL,,3,1,2,7,255,957,250,0,0
stim,78958,109079,1,109079,3306414.454,-0.547,0.092,-0.075,0.829,0,0,1989,0,3059,89,3025,2493,59,1.324,1,2139,0,262.189,9.757,-70.375,-250.500,32.250,-0.477,0.582,2.211,-0.910,-9.715,9.820,0.406,0.510,1.220,1.363,3,NULL,NULL,,3,1,2,7,255,957,250,0,0
stim,78987,109108,1,109108,3306419.455,-0.545,0.099,-0.085,0.828,0,0,1875,0,3044,100,3019,2410,59,1.324,1,2139,0,286.895,11.827,-92.313,-270.625,23.438,-0.477,0.613,2.172,-2.645,-11.527,9.820,0.470,0.574,1.220,1.363,3,NULL,NULL,,3,1,2,7,255,957,250,0,0
stim,78987,109108,1,109108,3306424.454,-0.543,0.107,-0.096,0.827,0,0,1750,0,3027,103,2986,2315,59,1.324,1,2139,0,312.903,12.360,-105.500,-293.375,26.625,-0.473,0.582,2.160,-2.645,-12.074,9.129,0.540,0.646,1.220,1.363,3,NULL,NULL,,3,1,2,7,255,957,250,0,0
stim,78987,109108,1,109108,3306429.455,-0.541,0.116,-0.108,0.826,0,0,1608,0,3000,117,2957,2214,59,1.324,1,2139,0,338.778,12.646,-121.125,-315.188,27.500,-0.504,0.512,2.180,-2.602,-12.375,8.734,0.620,0.724,1.220,1.363,3,NULL,NULL,,3,1,2,7,255,957,250,0,0
stim,78987,109108,1,109108,3306434.454,-0.538,0.125,-0.121,0.825,0,0,1501,0,2980,131,2919,2116,59,1.324,1,2139,0,361.003,13.117,-126.063,-337.438,23.813,-0.535,0.527,2.227,-1.832,-12.988,8.516,0.706,0.812,1.220,1.363,3,NULL,NULL,,3,1,2,7,255,957,250,0,0
stim,78987,109108,1,109108,3306439.455,-0.536,0.134,-0.134,0.822,0,0,1403,0,2943,132,2872,2028,59,1.324,1,2139,0,379.284,14.148,-129.750,-356.125,14.000,-0.566,0.523,2.293,-1.785,-14.035,8.445,0.800,0.908,1.220,1.363,3,NULL,NULL,,3,1,2,7,255,957,250,0,0
stim,78987,109108,1,109108,3306444.453,-0.534,0.145,-0.147,0.820,0,0,1309,0,2899,125,2821,1939,59,1.324,1,2139,0,397.008,15.249,-118.813,-378.750,6.875,-0.535,0.539,2.492,-1.676,-15.156,8.445,0.900,1.010,1.220,1.363,3,NULL,NULL,,3,1,2,7,255,957,250,0,0
stim,79015,109136,1,109136,3306449.455,-0.532,0.157,-0.160,0.817,0,0,1241,0,2839,125,2736,1811,59,1.324,1,2139,0,415.629,16.442,-106.938,-401.625,3.000,-0.543,0.566,2.781,-1.609,-16.363,9.816,1.008,1.120,1.220,1.363,3,NULL,NULL,,3,1,2,7,255,957,250,0,0
stim,79015,109136,1,109136,3306454.454,-0.529,0.169,-0.175,0.813,0,0,1135,0,2781,103,2652,1676,59,1.324,1,2139,0,439.171,18.521,-123.688,-421.313,8.250,-0.629,0.805,3.004,-1.676,-18.445,11.684,1.118,1.234,1.220,1.363,3,NULL,NULL,,3,1,2,7,255,957,250,0,0
stim,79015,109136,0,109136,3306459.455,-0.526,0.180,-0.190,0.809,0,0,981,0,2685,75,2515,1513,59,1.324,1,2139,0,457.331,22.017,-148.125,-432.563,-10.000,-0.742,0.828,3.133,-2.848,-21.832,11.852,1.228,1.348,1.220,1.363,3,NULL,NULL,,3,0,2,7,255,959,250,0,0
stim,79015,109136,0,109136,3306464.453,-0.524,0.192,-0.206,0.804,0,0,853,0,2567,61,2346,1343,59,1.324,1,2139,0,473.398,24.436,-168.313,-440.938,-36.750,-0.727,0.617,3.160,-2.848,-24.270,11.852,1.332,1.456,1.220,1.363,3,NULL,NULL,,3,0,2,7,255,959,250,0,0
stim,79060,109181,0,109181,3306469.455,-0.523,0.204,-0.222,0.797,0,0,741,0,2431,13,2124,1177,59,1.324,1,2139,0,490.651,24.291,-181.438,-452.875,-52.188,-0.652,0.309,3.129,-1.020,-24.270,11.477,1.424,1.554,1.220,1.363,3,NULL,NULL,,3,0,2,7,255,959,250,0,0
stim,79060,109181,0,109181,3306474.454,-0.521,0.216,-0.240,0.790,0,0,565,0,2221,0,1853,989,59,1.324,1,2139,0,515.084,23.611,-203.375,-471.938,-35.000,-0.602,-0.090,2.891,1.445,-23.566,11.102,1.506,1.640,1.220,1.363,3,NULL,NULL,,3,0,2,7,255,959,250,0,0
stim,79060,109181,0,109181,3306479.455,-0.518,0.228,-0.259,0.783,0,0,397,0,1958,0,1527,846,59,1.324,1,2139,0,537.123,21.944,-228.813,-485.875,-8.438,-0.391,-0.328,2.281,4.652,-21.445,9.160,1.580,1.720,1.220,1.363,3,NULL,NULL,,3,0,2,7,255,959,250,0,0
stim,79060,109181,0,109181,3306484.454,-0.513,0.240,-0.277,0.776,0,0,248,0,1667,0,1076,699,59,1.324,1,2139,0,536.812,17.213,-197.188,-499.250,-5.813,-0.227,-0.430,1.617,5.574,-16.285,5.363,1.662,1.808,1.220,1.363,3,NULL,NULL,,3,0,2,7,255,959,250,0,0
stim,79060,109181,0,109181,3306489.455,-0.507,0.254,-0.292,0.770,0,0,167,0,1327,0,484,567,59,1.324,1,2139,0,525.794,12.464,-115.438,-512.688,16.875,-0.148,-0.246,1.309,5.574,-11.148,1.117,1.758,1.906,1.220,1.363,3,NULL,NULL,,3,0,2,7,255,959,250,0,0
stim,79060,109181,0,109181,3306494.453,-0.499,0.270,-0.305,0.765,0,0,101,0,969,0,109,431,59,1.324,1,2139,0,517.979,11.690,-25.063,-515.313,46.125,-0.273,0.109,1.668,3.516,-11.148,-1.164,1.860,2.012,1.220,1.363,3,NULL,NULL,,3,0,2,7,255,959,250,0,0
stim,79060,109181,0,109181,3306499.455,-0.488,0.286,-0.317,0.761,0,0,77,0,470,0,0,352,59,1.324,1,2139,0,529.288,14.553,13.375,-520.000,97.813,-0.699,0.137,2.293,3.344,-14.164,-1.164,1.966,2.120,1.220,1.363,3,NULL,NULL,,3,0,2,7,255,959,250,0,0
stim,79060,109182,0,109182,3306504.454,-0.474,0.300,-0.332,0.758,0,0,31,0,61,0,0,261,59,1.324,1,2139,0,566.569,21.905,-35.438,-537.188,176.563,-1.191,0.207,2.438,3.344,-21.648,-1.164,2.062,2.218,1.220,1.363,3,NULL,NULL,,3,0,2,7,255,959,250,0,0
stim,79060,109182,0,109182,3306509.455,-0.461,0.313,-0.349,0.754,0,0,21,0,0,0,0,155,59,1.324,1,2139,0,590.464,25.128,-96.188,-548.438,196.500,-1.461,0.484,2.047,3.445,-24.891,-5.129,2.148,2.304,1.220,1.363,4,NULL,NULL,,3,0,2,7,255,959,250,0,0
stim,79060,109182,0,109182,3306514.453,-0.450,0.324,-0.367,0.747,0,0,19,0,0,0,0,76,59,1.324,1,2139,0,561.187,25.128,-159.000,-519.563,140.375,-1.184,1.102,1.457,3.445,-24.891,-11.297,2.220,2.374,1.220,1.363,0,NULL,NULL,,3,0,2,7,255,959,250,0,0
stim,79085,109206,0,109206,3306519.455,-0.443,0.334,-0.383,0.739,0,0,9,0,0,0,0,33,59,1.324,1,2139,0,504.385,20.806,-203.813,-458.000,55.688,-0.582,1.691,1.078,-3.668,-20.480,-14.270,2.278,2.432,1.220,1.363,0,NULL,NULL,,3,0,2,7,255,959,250,0,0
stim,79085,109206,0,109206,3306524.454,-0.438,0.340,-0.400,0.730,0,0,13,0,0,0,0,59,59,1.324,1,2139,0,465.880,20.094,-266.000,-376.750,65.938,-0.273,1.668,0.840,-11.738,-16.309,-14.270,2.332,2.486,1.220,1.363,0,NULL,NULL,,3,0,2,7,255,959,250,0,0
stim,79085,109206,0,109206,3306529.455,-0.434,0.341,-0.417,0.722,0,0,12,0,0,0,0,83,59,1.324,1,2139,0,439.864,17.359,-312.250,-295.813,92.063,-0.102,1.047,0.645,-11.738,-12.789,-13.359,2.386,2.544,1.220,1.363,0,NULL,NULL,,3,0,2,7,255,959,250,0,0
stim,79085,109206,0,109206,3306534.453,-0.432,0.341,-0.429,0.717,0,0,13,0,0,0,0,75,59,1.324,1,2139,0,301.071,12.099,-229.000,-182.563,69.813,-0.289,0.164,0.406,-8.434,-8.676,-11.320,2.440,2.600,1.220,1.363,0,NULL,NULL,,3,0,2,7,255,959,250,0,0
stim,79085,109206,0,109206,3306539.455,-0.429,0.341,-0.435,0.714,0,0,9,0,0,0,0,79,59,1.324,1,2139,0,160.774,8.676,-107.688,-105.063,56.688,-0.773,-0.555,0.895,-0.090,-8.676,-11.246,2.488,2.650,1.220,1.363,0,NULL,NULL,,3,0,2,7,255,959,250,0,0
stim,79085,109206,0,109206,3306544.453,-0.430,0.340,-0.439,0.712,0,0,8,0,0,0,0,87,59,1.324,1,2139,0,110.441,12.732,-106.750,-23.188,16.250,-1.043,-0.594,1.379,8.648,-9.344,-11.246,2.526,2.690,1.220,1.363,0,NULL,NULL,,3,0,2,7,255,959,250,0,0
stim,79115,109236,0,109236,3306549.455,-0.435,0.335,-0.443,0.709,0,0,7,0,0,0,0,68,59,1.324,1,2139,0,203.831,14.795,-190.938,64.875,-29.688,-0.949,-0.109,1.012,8.648,-12.004,-11.535,2.558,2.724,1.220,1.363,0,NULL,NULL,,3,0,2,7,255,959,250,0,0
stim,79115,109236,0,109236,3306554.454,-0.442,0.327,-0.446,0.706,0,0,7,0,0,0,0,57,59,1.324,1,2139,0,249.465,13.071,-204.438,138.500,-35.438,-0.738,0.637,0.184,5.172,-12.004,-13.734,2.592,2.760,1.220,1.363,0,NULL,NULL,,3,0,2,7,255,959,250,0,0
stim,79115,109236,0,109236,3306559.455,-0.448,0.320,-0.446,0.706,0,0,7,0,0,0,0,35,59,1.324,1,2139,0,220.044,5.989,-115.375,186.438,-18.688,-0.676,1.121,-0.027,-2.875,-5.254,-17.527,2.628,2.796,1.220,1.363,0,NULL,NULL,,3,0,2,7,255,959,250,0,0
stim,79115,109236,0,109236,3306564.453,-0.453,0.313,-0.442,0.708,0,0,7,0,0,0,0,25,59,1.324,1,2139,0,221.185,6.728,-34.563,218.188,-11.063,-0.797,0.805,0.461,-4.203,-5.254,-17.527,2.658,2.828,1.220,1.363,0,NULL,NULL,,3,0,2,7,255,959,250,0,0
stim,79152,109273,0,109273,3306569.455,-0.459,0.305,-0.438,0.710,0,0,3,0,0,0,0,20,59,1.324,1,2139,0,247.985,9.385,-42.500,242.875,-26.500,-0.844,0.223,0.859,-4.203,-8.391,-17.402,2.684,2.856,1.220,1.363,0,NULL,NULL,,3,0,2,7,255,959,250,0,0
stim,79152,109273,0,109273,3306574.454,-0.467,0.296,-0.436,0.711,0,0,2,0,0,0,0,16,59,1.324,1,2139,0,277.708,9.146,-95.063,259.563,-26.688,-0.664,0.098,0.703,1.172,-9.070,-13.969,2.704,2.878,1.220,1.363,0,NULL,NULL,,3,0,2,7,255,959,250,0,0
stim,79152,109273,0,109273,3306579.455,-0.474,0.285,-0.433,0.712,0,0,0,0,0,0,0,27,59,1.324,1,2139,0,292.237,9.146,-111.438,270.000,-9.188,-0.563,0.207,0.203,1.172,-9.070,-13.969,2.720,2.894,1.220,1.363,0,NULL,NULL,,3,0,2,7,255,959,250,0,0
stim,79152,109273,0,109273,3306584.453,-0.480,0.275,-0.430,0.713,0,0,0,0,0,0,0,31,59,1.324,1,2139,0,287.367,4.490,-79.750,276.063,3.063,-0.516,0.418,-0.148,0.105,-4.488,-14.168,2.734,2.910,1.220,1.363,0,NULL,NULL,,3,0,2,7,255,959,250,0,0
stim,79152,109273,0,109273,3306589.455,-0.485,0.266,-0.425,0.716,0,0,0,0,0,0,0,28,59,1.324,1,2139,0,281.136,2.547,-27.438,279.438,14.125,-0.496,0.465,-0.145,-1.840,-1.762,-16.016,2.750,2.926,1.220,1.363,0,NULL,NULL,,3,0,2,7,255,959,250,0,0
stim,79152,109273,0,109273,3306594.454,-0.491,0.257,-0.419,0.720,0,0,0,0,0,0,0,23,59,1.324,1,2139,0,285.848,2.904,-1.000,285.500,14.063,-0.453,0.441,-0.012,-2.309,-1.762,-16.016,2.766,2.946,1.220,1.363,0,NULL,NULL,,3,0,2,7,255,959,250,0,0
stim,79175,109296,0,109296,3306599.455,-0.495,0.248,-0.413,0.723,0,0,0,0,0,0,0,23,59,1.324,1,2139,0,293.002,3.307,12.125,291.750,24.188,-0.395,0.238,-0.004,-2.309,-2.367,-14.918,2.786,2.966,1.220,1.363,0,NULL,NULL,,3,0,2,7,255,959,250,0,0
stim,79175,109296,0,109296,3306604.453,-0.500,0.238,-0.405,0.727,0,0,0,0,0,0,0,22,59,1.324,1,2139,0,298.895,2.478,28.625,295.875,31.250,-0.352,0.215,-0.004,-0.734,-2.367,-13.664,2.810,2.992,1.220,1.363,0,NULL,NULL,,3,0,2,7,255,959,250,0,0
stim,79175,109296,0,109296,3306609.455,-0.503,0.229,-0.398,0.732,0,0,0,0,0,0,0,25,59,1.324,1,2139,0,310.312,2.468,53.500,300.813,54.250,-0.348,0.160,0.047,-0.699,-2.367,-13.195,2.838,3.020,1.220,1.363,0,NULL,NULL,,3,0,2,7,255,959,250,0,0
stim,79175,109296,0,109296,3306614.453,-0.506,0.220,-0.389,0.738,0,0,0,0,0,0,0,24,59,1.324,1,2139,0,316.751,2.667,73.063,302.375,59.688,-0.387,0.273,0.242,-0.699,-2.574,-12.629,2.868,3.052,1.220,1.363,0,NULL,NULL,,3,0,2,7,255,959,250,0,0
stim,79175,109296,0,109296,3306619.455,-0.509,0.211,-0.380,0.743,0,0,0,0,0,0,0,19,59,1.324,1,2139,0,322.518,4.765,80.000,306.188,62.188,-0.438,0.391,0.410,-1.309,-4.582,-12.109,2.904,3.090,1.220,1.363,0,NULL,NULL,,3,0,2,7,255,959,250,0,0
stim,79175,109296,0,109296,3306624.454,-0.512,0.202,-0.371,0.748,0,0,0,0,0,0,0,21,59,1.324,1,2139,0,324.467,6.840,82.125,309.813,50.500,-0.375,0.363,0.563,-2.301,-6.441,-11.777,2.944,3.130,1.220,1.363,0,NULL,NULL,,3,0,2,7,255,959,250,0,0
stim,79175,109296,0,109296,3306629.455,-0.515,0.193,-0.362,0.753,0,0,0,0,0,0,0,13,59,1.324,1,2139,0,328.619,7.554,78.938,315.375,47.938,-0.344,0.262,0.656,-2.301,-7.195,-10.156,2.986,3.174,1.220,1.363,0,NULL,NULL,,3,0,2,7,255,959,250,0,0
stim,79175,109296,0,109296,3306634.453,-0.518,0.183,-0.352,0.758,0,0,0,0,0,0,0,13,59,1.324,1,2139,0,334.147,7.841,75.063,321.438,51.938,-0.324,0.293,0.773,-2.324,-7.488,-8.777,3.028,3.218,1.220,1.363,0,NULL,NULL,,3,0,2,7,255,959,250,0,0
stim,79203,109324,0,109324,3306639.455,-0.521,0.173,-0.343,0.762,0,0,0,0,0,0,0,10,59,1.324,1,2139,0,337.701,8.477,66.813,328.750,38.750,-0.391,0.266,0.859,-1.949,-8.250,-7.793,3.072,3.262,1.220,1.363,0,NULL,NULL,,3,0,2,7,255,959,250,0,0
stim,79203,109324,0,109324,3306644.454,-0.525,0.163,-0.333,0.766,0,0,0,0,0,0,0,16,59,1.324,1,2139,0,342.899,9.428,60.438,335.750,34.625,-0.359,0.320,0.961,-2.324,-9.137,-7.297,3.114,3.306,1.220,1.363,0,NULL,NULL,,3,0,2,7,255,959,250,0,0
stim,79203,109324,0,109324,3306649.455,-0.529,0.153,-0.324,0.769,0,0,0,0,0,0,0,17,59,1.324,1,2139,0,347.943,9.769,45.688,344.625,14.500,-0.332,0.289,0.980,-2.680,-9.395,-6.324,3.156,3.350,1.220,1.363,0,NULL,NULL,,3,0,2,7,255,959,250,0,0
stim,79203,109324,0,109324,3306654.453,-0.534,0.142,-0.314,0.772,0,0,0,0,0,0,0,22,59,1.324,1,2139,0,354.399,9.769,39.375,351.875,15.250,-0.281,0.227,0.973,-2.680,-9.395,-5.664,3.196,3.390,1.220,1.363,0,NULL,NULL,,3,0,2,7,255,959,250,0,0
stim,79231,109352,0,109352,3306659.455,-0.539,0.130,-0.305,0.774,0,0,0,0,0,0,0,27,59,1.324,1,2139,0,363.630,9.021,29.813,362.375,4.750,-0.270,0.219,0.891,-2.430,-8.688,-5.270,3.234,3.428,1.220,1.363,0,NULL,NULL,,3,0,2,7,255,959,250,0,0
stim,79231,109352,0,109352,3306664.454,-0.544,0.119,-0.295,0.777,0,0,0,0,0,0,0,27,59,1.324,1,2139,0,372.389,8.267,33.438,370.875,2.688,-0.250,0.184,0.789,-2.363,-7.922,-5.270,3.268,3.466,1.220,1.363,0,NULL,NULL,,3,0,2,7,255,959,250,0,0
stim,79264,109385,0,109385,3306669.455,-0.549,0.107,-0.284,0.779,0,0,0,0,0,0,0,30,59,1.324,1,2139,0,381.356,7.253,46.313,378.438,-8.500,-0.219,0.176,0.758,-2.129,-6.934,-5.453,3.300,3.498,1.220,1.363,0,NULL,NULL,,3,0,2,7,255,959,250,0,0
stim,79264,109385,0,109385,3306674.454,-0.554,0.096,-0.273,0.781,0,0,0,0,0,0,0,33,59,1.324,1,2139,0,388.723,6.706,56.250,384.563,-7.313,-0.168,0.176,0.723,-2.129,-6.359,-5.453,3.330,3.530,1.220,1.363,0,NULL,NULL,,3,0,2,7,255,959,250,0,0
stim,79264,109385,0,109385,3306679.455,-0.559,0.085,-0.261,0.782,0,0,0,0,0,0,0,42,59,1.324,1,2139,0,394.496,6.061,73.188,387.500,-10.688,-0.117,0.203,0.723,-2.344,-5.590,-5.336,3.358,3.558,1.220,1.363,0,NULL,NULL,,3,0,2,7,255,959,250,0,0
stim,79264,109385,0,109385,3306684.453,-0.564,0.074,-0.248,0.784,0,0,0,0,0,0,0,39,59,1.324,1,2139,0,397.672,5.724,95.875,385.875,-7.188,-0.105,0.156,0.789,-2.633,-5.082,-5.020,3.384,3.586,1.220,1.363,0,NULL,NULL,,3,0,2,7,255,959,250,0,0
stim,79264,109385,0,109385,3306689.455,-0.568,0.064,-0.235,0.786,0,0,0,0,0,0,0,41,59,1.324,1,2139,0,398.973,5.714,108.250,384.000,-2.375,-0.070,0.215,0.863,-2.809,-4.977,-4.105,3.410,3.612,1.220,1.363,0,NULL,NULL,,3,0,2,7,255,959,250,0,0
stim,79264,109385,0,109385,3306694.454,-0.572,0.054,-0.221,0.788,0,0,0,0,0,0,0,38,59,1.324,1,2139,0,399.320,5.856,124.625,379.375,0.125,-0.059,0.160,0.930,-3.137,-4.945,-3.371,3.434,3.636,1.220,1.363,0,NULL,NULL,,3,0,2,7,255,959,250,0,0
stim,79264,109385,0,109385,3306699.455,-0.576,0.045,-0.207,0.790,0,0,0,0,0,0,0,44,59,1.324,1,2139,0,400.767,6.020,141.875,374.750,-6.938,-0.188,0.379,0.984,-3.434,-4.945,-2.809,3.460,3.660,1.220,1.363,0,NULL,NULL,,3,0,2,7,255,959,250,0,0
stim,79264,109385,0,109385,3306704.453,-0.580,0.036,-0.192,0.791,0,0,0,0,0,0,0,39,59,1.324,1,2139,0,404.643,6.767,157.688,371.000,-35.063,-0.109,0.277,1.035,-4.230,-5.281,-2.398,3.484,3.686,1.220,1.363,0,NULL,NULL,,3,0,2,7,255,959,250,0,0
stim,79264,109385,0,109385,3306709.455,-0.584,0.028,-0.176,0.792,0,0,0,0,0,0,0,39,59,1.324,1,2139,0,405.212,6.767,172.813,366.500,-3.250,0.313,-0.145,1.168,-4.230,-5.281,-1.621,3.510,3.712,1.220,1.363,0,NULL,NULL,,3,0,2,7,255,959,250,0,0
stim,79264,109385,0,109385,3306714.454,-0.584,0.020,-0.161,0.795,0,0,0,0,0,0,0,42,59,1.324,1,2139,0,408.294,4.053,174.563,363.125,66.125,0.203,0.020,1.387,-3.414,-2.184,1.949,3.538,3.740,1.220,1.363,0,NULL,NULL,,3,0,2,7,255,959,250,0,0
stim,79286,109407,0,109407,3306719.455,-0.584,0.011,-0.146,0.798,0,0,0,0,0,0,0,43,59,1.324,1,2139,0,403.601,4.053,168.813,358.125,78.375,-0.273,0.422,1.445,-3.414,-2.184,2.117,3.564,3.766,1.220,1.363,0,NULL,NULL,,3,0,2,7,255,959,250,0,0
stim,79286,109407,0,109407,3306724.454,-0.585,0.003,-0.131,0.800,0,0,0,0,0,0,0,47,59,1.324,1,2139,0,398.954,8.916,182.438,353.188,33.750,-0.391,0.402,1.508,-5.195,-7.246,2.824,3.592,3.794,1.220,1.363,0,NULL,NULL,,3,0,2,7,255,959,250,0,0
stim,79286,109407,0,109407,3306729.455,-0.588,-0.004,-0.115,0.801,0,0,0,0,0,0,0,39,59,1.324,1,2139,0,400.121,8.916,194.125,349.875,-0.250,-0.125,0.188,1.703,-5.195,-7.246,2.824,3.620,3.822,1.220,1.363,0,NULL,NULL,,3,0,2,7,255,959,250,0,0
stim,79286,109407,0,109407,3306734.454,-0.589,-0.011,-0.100,0.802,0,0,0,0,0,0,0,43,59,1.324,1,2139,0,394.640,6.547,188.500,346.313,16.625,0.020,0.129,1.879,-4.375,-4.871,5.781,3.644,3.846,1.220,1.363,0,NULL,NULL,,3,0,2,7,255,959,250,0,0
stim,79286,109407,0,109407,3306739.455,-0.590,-0.019,-0.085,0.803,0,0,0,0,0,0,0,41,59,1.324,1,2139,0,385.987,6.121,173.188,342.500,41.063,-0.117,0.266,2.004,-4.375,-4.281,7.898,3.666,3.870,1.220,1.363,0,NULL,NULL,,3,0,2,7,255,959,250,0,0
stim,79286,109407,0,109407,3306744.453,-0.590,-0.027,-0.070,0.804,0,0,0,0,0,0,0,41,59,1.324,1,2139,0,375.043,6.847,156.813,339.250,31.250,-0.234,0.340,2.043,-5.344,-4.281,8.844,3.686,3.890,1.220,1.363,0,NULL,NULL,,3,0,2,7,255,959,250,0,0
stim,79313,109434,0,109434,3306749.455,-0.591,-0.035,-0.057,0.804,0,0,0,0,0,0,0,44,59,1.324,1,2139,0,365.833,6.847,147.063,334.750,12.188,-0.156,0.234,1.992,-5.344,-4.281,9.055,3.702,3.906,1.220,1.363,0,NULL,NULL,,3,0,2,7,255,959,250,0,0
stim,79313,109434,0,109434,3306754.454,-0.592,-0.043,-0.043,0.804,0,0,0,0,0,0,0,37,59,1.324,1,2139,0,361.221,5.829,147.438,329.500,13.125,-0.055,0.129,1.930,-4.777,-3.340,9.055,3.710,3.916,1.220,1.363,0,NULL,NULL,,3,0,2,7,255,959,250,0,0
stim,79313,109434,0,109434,3306759.455,-0.593,-0.050,-0.029,0.803,0,0,0,0,0,0,0,39,59,1.324,1,2139,0,361.669,4.189,155.688,325.938,18.188,-0.051,0.109,1.941,-3.938,-1.430,8.910,3.714,3.920,1.220,1.363,0,NULL,NULL,,3,0,2,7,255,959,250,0,0
stim,79313,109434,0,109434,3306764.453,-0.593,-0.057,-0.014,0.803,0,0,0,0,0,0,0,37,59,1.324,1,2139,0,363.447,3.787,165.500,323.375,11.500,-0.070,0.074,2.004,-3.707,-0.773,8.910,3.708,3.916,1.220,1.363,0,NULL,NULL,,3,0,2,7,255,959,250,0,0
stim,79355,109476,0,109476,3306769.455,-0.594,-0.063,0.000,0.802,0,0,0,0,0,0,0,39,59,1.324,1,2139,0,365.269,3.292,174.063,321.125,1.625,-0.031,0.004,2.035,-3.285,-0.215,9.590,3.696,3.904,1.220,1.363,0,NULL,NULL,,3,0,2,7,255,959,250,0,0
stim,79355,109476,0,109476,3306774.454,-0.595,-0.070,0.015,0.800,0,0,0,0,0,0,0,38,59,1.324,1,2139,0,369.653,2.837,184.313,320.375,-5.688,0.059,-0.066,2.020,-2.668,0.965,9.715,3.674,3.882,1.220,1.363,0,NULL,NULL,,3,0,2,7,255,959,250,0,0
stim,79355,109476,0,109476,3306779.455,-0.596,-0.075,0.030,0.799,0,0,0,0,0,0,0,43,59,1.324,1,2139,0,378.715,3.345,202.313,320.000,-9.750,0.152,-0.125,2.016,-2.078,2.621,9.715,3.640,3.850,1.220,1.363,0,NULL,NULL,,3,0,2,7,255,959,250,0,0
stim,79355,109476,0,109476,3306784.454,-0.597,-0.081,0.046,0.797,0,0,0,0,0,0,0,45,59,1.324,1,2139,0,390.154,4.571,224.813,318.563,-14.063,0.270,-0.152,2.059,-1.590,4.285,9.578,3.592,3.802,1.220,1.363,0,NULL,NULL,,3,0,2,7,255,959,250,0,0
stim,79355,109476,0,109476,3306789.455,-0.598,-0.085,0.063,0.794,0,0,0,0,0,0,0,48,59,1.324,1,2139,0,403.675,6.294,250.875,315.688,-18.875,0.445,-0.180,2.145,-1.480,6.117,9.578,3.530,3.742,1.220,1.363,0,NULL,NULL,,3,0,2,7,255,959,250,0,0
stim,79355,109476,0,109476,3306794.453,-0.600,-0.089,0.081,0.791,0,0,0,0,0,0,0,51,59,1.324,1,2139,0,418.314,8.732,277.875,311.875,-22.500,0.672,-0.160,2.301,-1.480,8.605,9.859,3.454,3.666,1.220,1.363,0,NULL,NULL,,3,0,2,7,255,959,250,0,0
stim,79355,109476,0,109476,3306799.455,-0.601,-0.092,0.099,0.788,0,0,0,0,0,0,0,50,59,1.324,1,2139,0,428.163,11.800,297.125,307.375,-23.688,0.902,-0.113,2.488,-1.977,11.633,10.531,3.366,3.578,1.220,1.363,0,NULL,NULL,,3,0,2,7,255,959,250,0,0
stim,79355,109476,0,109476,3306804.454,-0.602,-0.094,0.117,0.785,0,0,0,0,0,0,0,52,59,1.324,1,2139,0,427.991,14.997,303.563,301.000,-20.625,1.121,-0.055,2.633,-2.691,14.754,11.371,3.266,3.478,1.220,1.363,0,NULL,NULL,,3,0,2,7,255,959,250,0,0
stim,79355,109476,0,109476,3306809.455,-0.602,-0.096,0.135,0.781,0,0,0,0,0,0,0,52,59,1.324,1,2139,0,422.716,18.006,304.375,293.125,-11.063,1.320,-0.020,2.691,-3.395,17.684,11.371,3.156,3.366,1.220,1.363,0,NULL,NULL,,3,0,2,7,255,959,250,0,0
stim,79355,109476,0,109476,3306814.453,-0.602,-0.098,0.153,0.778,0,0,0,0,0,0,0,47,59,1.324,1,2139,0,418.621,20.597,305.750,285.938,0.313,1.441,-0.004,2.730,-3.656,20.270,11.117,3.038,3.246,1.220,1.363,0,NULL,NULL,,3,0,2,7,255,959,250,0,0
stim,79384,109505,0,109505,3306819.455,-0.601,-0.099,0.171,0.774,0,0,0,0,0,0,0,53,59,1.324,1,2139,0,415.192,22.398,308.313,277.938,8.875,1.480,0.012,2.828,-3.656,22.098,10.645,2.910,3.114,1.220,1.363,0,NULL,NULL,,3,0,2,7,255,959,250,0,0
stim,79384,109505,0,109505,3306824.454,-0.600,-0.100,0.188,0.771,0,0,0,0,0,0,0,52,59,1.324,1,2139,0,401.416,23.631,298.438,268.250,10.563,1.477,0.016,2.949,-3.359,23.391,10.645,2.772,2.974,1.220,1.363,0,NULL,NULL,,3,0,2,7,255,959,250,0,0
stim,79384,109505,0,109505,3306829.455,-0.599,-0.102,0.203,0.768,0,0,0,0,0,0,0,57,59,1.324,1,2139,0,375.184,24.628,273.625,256.500,10.000,1.551,0.074,3.000,-3.059,24.438,10.723,2.628,2.826,1.220,1.363,0,NULL,NULL,,3,0,2,7,255,959,250,0,0
stim,79384,109505,0,109505,3306834.453,-0.598,-0.104,0.218,0.764,0,0,0,0,0,0,0,76,59,1.324,1,2139,0,346.829,25.919,244.688,245.750,5.063,1.793,0.145,2.922,-3.059,25.738,10.723,2.476,2.670,1.220,1.363,0,NULL,NULL,,3,0,2,7,255,959,250,0,0
stim,79384,109505,0,109505,3306839.455,-0.597,-0.106,0.231,0.761,0,0,0,0,0,0,0,86,59,1.324,1,2139,0,320.636,28.150,216.063,236.875,3.813,2.074,0.086,2.738,-3.980,27.867,8.547,2.322,2.510,1.220,1.363,0,NULL,NULL,,3,0,2,7,255,959,250,0,0
stim,79384,109505,0,109505,3306844.454,-0.595,-0.109,0.244,0.758,0,0,0,0,0,0,0,108,59,1.324,1,2139,0,295.106,30.213,188.250,226.688,16.188,2.289,-0.129,2.469,-3.980,29.949,4.988,2.164,2.346,1.220,1.363,0,NULL,NULL,,3,0,2,7,255,959,250,0,0
stim,79416,109537,0,109537,3306849.455,-0.593,-0.111,0.255,0.756,0,0,0,0,0,0,0,139,59,1.324,1,2139,0,272.966,31.297,164.875,215.000,33.188,2.426,-0.398,2.105,-2.570,31.191,0.633,2.004,2.178,1.220,1.363,0,NULL,NULL,,3,0,2,7,255,959,250,0,0
stim,79416,109537,0,109537,3306854.453,-0.590,-0.113,0.266,0.754,0,0,0,0,0,0,0,163,59,1.324,1,2139,0,261.545,31.199,159.750,202.000,45.625,2.531,-0.645,1.711,-0.699,31.191,-4.301,1.838,2.002,1.220,1.363,0,NULL,NULL,,3,0,2,7,255,959,250,0,0
stim,79416,109537,0,109537,3306859.455,-0.587,-0.114,0.276,0.752,0,0,0,0,0,0,0,171,59,1.324,1,2139,0,263.416,30.545,177.875,187.063,52.500,2.652,-0.836,1.426,0.906,30.531,-9.250,1.666,1.820,1.220,1.363,0,NULL,NULL,,3,0,2,7,255,959,250,0,0
stim,79416,109537,0,109537,3306864.453,-0.584,-0.114,0.288,0.750,0,0,0,0,0,0,0,196,59,1.324,1,2139,0,275.028,30.597,208.375,170.125,57.250,2.781,-1.020,1.309,2.012,30.531,-13.254,1.490,1.634,1.220,1.363,0,NULL,NULL,,3,0,2,7,255,959,250,0,0
stim,79452,109573,0,109573,3306869.455,-0.582,-0.112,0.300,0.748,0,0,0,0,0,0,0,207,59,1.324,1,2139,0,288.586,31.080,236.938,151.625,64.438,2.875,-1.184,1.352,3.168,30.918,-15.918,1.314,1.450,1.220,1.363,0,NULL,NULL,,3,0,2,7,255,959,250,0,0
stim,79452,109573,0,109573,3306874.454,-0.579,-0.109,0.312,0.745,0,0,0,0,0,0,0,217,59,1.324,1,2139,0,299.593,32.334,259.563,136.188,61.938,2.809,-1.152,1.480,4.441,32.027,-16.336,1.138,1.262,1.220,1.363,0,NULL,NULL,,3,0,2,7,255,959,250,0,0
stim,79452,109573,0,109573,3306879.455,-0.577,-0.106,0.323,0.742,0,0,0,0,0,0,0,238,59,1.324,1,2139,0,283.758,32.404,257.625,105.563,54.813,3.023,-1.395,1.832,4.555,32.082,-16.336,0.962,1.068,1.220,1.363,0,NULL,NULL,,3,0,2,7,255,959,250,0,0
stim,79452,109573,0,109573,3306884.453,-0.574,-0.101,0.332,0.742,0,0,0,0,0,0,0,247,59,1.324,1,2139,0,237.647,36.434,205.438,68.500,97.875,3.391,-1.242,2.539,5.531,36.012,-16.137,0.790,0.868,1.220,1.363,0,NULL,NULL,,3,0,2,7,255,959,250,0,0
stim,79452,109573,0,109573,3306889.455,-0.569,-0.098,0.338,0.743,0,0,0,0,0,0,0,269,59,1.324,1,2139,0,188.199,39.403,105.500,50.688,147.375,3.004,-1.539,2.301,6.754,38.820,-13.773,0.630,0.664,1.220,1.363,0,NULL,NULL,,3,0,2,7,255,959,250,0,0
stim,79452,109573,0,109573,3306894.454,-0.566,-0.095,0.343,0.743,0,0,0,0,0,0,0,269,59,1.324,1,2139,0,159.981,39.777,133.938,23.813,84.188,2.227,-1.422,1.609,8.672,38.820,-13.773,0.508,0.464,1.220,1.363,0,NULL,NULL,,3,0,2,7,255,959,250,0,0
stim,79482,109603,0,109603,3306899.455,-0.567,-0.090,0.349,0.741,0,0,0,0,0,0,0,279,59,1.324,1,2139,0,188.725,34.498,188.063,-15.500,3.063,2.387,-1.012,2.313,8.672,33.391,-13.773,0.476,0.310,1.220,1.363,0,NULL,NULL,,3,0,2,7,255,959,250,0,0
stim,79482,109603,0,109603,3306904.453,-0.568,-0.085,0.352,0.739,0,0,0,0,0,0,0,265,59,1.324,1,2139,0,147.904,33.979,139.938,-47.875,-1.000,2.621,-0.781,2.996,6.297,33.391,-9.004,0.526,0.254,1.220,1.363,0,NULL,NULL,,3,0,2,7,255,959,250,0,0
stim,79482,109603,0,109603,3306909.455,-0.569,-0.081,0.351,0.739,0,0,0,0,0,0,0,253,59,1.324,1,2139,0,80.896,36.239,25.500,-76.250,8.938,2.246,-0.629,2.996,5.418,35.832,-4.359,0.590,0.292,1.220,1.363,0,NULL,NULL,,3,0,2,7,255,959,250,0,0
stim,79482,109603,0,109603,3306914.454,-0.571,-0.079,0.347,0.740,0,0,0,0,0,0,0,379,59,1.324,1,2139,0,111.514,36.239,-43.438,-102.500,-6.500,1.773,-0.551,2.656,5.418,35.832,-1.645,0.640,0.360,1.220,1.363,0,NULL,NULL,,3,0,2,7,255,959,250,0,0
stim,79482,109603,0,109603,3306919.455,-0.569,-0.065,0.349,0.741,211,0,0,557,0,78,0,506,59,1.324,1,2139,0,332.064,31.714,204.063,-209.000,157.938,0.102,-0.809,5.109,5.520,31.230,-1.145,0.692,0.422,1.220,1.363,0,NULL,NULL,,3,0,2,7,255,959,250,0,0
stim,79482,109603,0,109603,3306924.454,-0.559,-0.051,0.345,0.752,903,0,0,1257,0,337,0,555,59,1.324,1,2139,0,475.198,31.714,25.375,-240.813,408.875,-0.551,2.008,6.980,5.520,31.230,24.469,0.758,0.486,1.220,1.363,0,NULL,NULL,,3,0,2,7,255,959,250,0,0
stim,79482,109603,0,109603,3306929.455,-0.549,-0.064,0.312,0.773,1461,0,0,1695,0,559,0,613,59,1.324,1,2139,0,979.846,31.462,-922.563,-142.688,297.688,-1.133,2.906,2.918,3.813,31.230,29.281,0.810,0.540,1.220,1.363,0,NULL,NULL,,3,0,2,7,255,959,250,0,0
stim,79482,109603,0,109603,3306934.454,-0.543,-0.080,0.276,0.789,1907,0,0,1925,0,861,0,661,58,1.324,1,2140,0,994.455,15.094,-969.313,-165.688,148.063,-1.664,2.551,-0.945,-15.090,0.355,29.281,0.826,0.570,1.220,1.363,1,1058.000,99.000,,3,0,2,7,255,959,250,0,0
stim,79505,109626,0,109626,3306939.455,-0.540,-0.088,0.254,0.798,2163,0,0,2071,0,1045,0,741,58,1.324,1,2140,0,565.483,29.171,-550.938,-111.125,62.375,-1.914,1.742,-2.301,-15.090,-24.965,-2.633,0.814,0.584,1.220,1.363,1,NULL,NULL,,3,0,2,7,255,959,250,0,0
stim,79505,109626,0,109626,3306944.453,-0.542,-0.088,0.245,0.799,2341,0,0,2169,0,1237,0,815,58,1.324,1,2140,0,236.074,27.059,-175.938,-144.250,-63.000,-1.070,0.594,-0.715,-10.438,-24.965,-10.109,0.786,0.580,1.220,1.363,1,NULL,NULL,,3,0,2,7,255,959,250,0,0
stim,79505,109626,0,109626,3306949.455,-0.546,-0.085,0.240,0.798,2472,0,0,2247,0,1397,0,904,58,1.324,1,2140,0,150.107,15.300,-38.750,-123.625,-75.813,0.086,0.813,1.254,-6.531,-13.836,-10.109,0.750,0.552,1.220,1.363,1,NULL,NULL,,3,0,2,7,255,959,250,0,0
stim,79505,109626,0,109626,3306954.454,-0.546,-0.083,0.233,0.801,2641,0,0,2452,0,1533,0,960,58,1.324,1,2140,0,179.942,7.651,-119.625,-129.750,35.125,0.480,1.859,1.598,-6.531,3.984,2.746,0.704,0.492,1.220,1.363,2,NULL,NULL,,3,0,2,7,255,959,250,0,0
stim,79530,109651,0,109651,3306959.455,-0.542,-0.083,0.223,0.806,2773,0,0,2648,0,1587,0,1059,58,1.324,1,2140,0,272.971,9.785,-214.313,-133.875,103.250,-0.535,1.352,1.504,-8.938,3.984,6.875,0.658,0.410,1.220,1.363,2,NULL,NULL,,3,0,2,7,255,959,250,0,0
stim,79530,109651,0,109651,3306964.454,-0.537,-0.083,0.207,0.814,2876,0,0,2775,0,1629,0,1163,58,1.324,1,2140,0,416.159,9.226,-339.125,-180.563,159.938,-2.113,-0.879,0.793,-8.938,-2.289,6.875,0.616,0.324,1.220,1.363,2,NULL,NULL,,3,0,2,7,255,959,250,0,0
stim,79566,109687,0,109687,3306969.455,-0.538,-0.085,0.190,0.817,2939,0,0,2871,0,1669,0,1331,58,1.324,1,2140,0,398.041,20.113,-354.938,-177.313,-31.875,-2.105,-1.332,0.000,16.715,-11.188,2.758,0.580,0.256,1.220,1.363,2,NULL,NULL,,3,0,2,7,255,959,250,0,0
stim,79566,109687,0,109687,3306974.454,-0.545,-0.084,0.178,0.815,2985,0,0,2951,0,1703,0,1445,58,1.324,1,2140,0,330.340,20.113,-199.375,-190.813,-181.563,-0.871,-1.105,-0.316,16.715,-11.188,-5.191,0.550,0.218,1.220,1.363,2,NULL,NULL,,3,0,2,7,255,959,250,0,0
stim,79566,109687,0,109687,3306979.455,-0.553,-0.079,0.171,0.811,3031,0,0,3013,0,1733,0,1503,58,1.324,1,2140,0,266.688,13.971,-35.063,-187.875,-186.000,0.547,-1.145,0.664,13.152,-4.711,-7.277,0.528,0.204,1.220,1.363,2,NULL,NULL,,3,0,2,7,255,959,250,0,0
stim,79566,109687,0,109687,3306984.454,-0.557,-0.074,0.167,0.810,3047,0,0,3068,0,1757,0,1523,58,1.324,1,2140,0,186.262,14.786,-0.125,-161.563,-92.688,1.305,-1.570,1.793,10.152,10.750,-7.277,0.514,0.202,1.220,1.363,2,NULL,NULL,,3,0,2,7,255,959,250,0,0
stim,79566,109687,0,109687,3306989.455,-0.557,-0.071,0.161,0.812,3080,0,0,3100,0,1821,0,1517,58,1.324,1,2140,0,175.318,24.425,-77.063,-153.125,36.750,1.563,-1.641,2.016,9.867,22.344,0.301,0.504,0.200,1.220,1.363,2,NULL,NULL,,3,0,2,7,255,959,250,0,0
stim,79566,109687,0,109687,3306994.453,-0.550,-0.069,0.153,0.818,3087,0,0,3129,0,1878,9,1511,58,1.324,1,2140,0,280.652,24.425,-163.625,-134.500,184.125,1.059,-1.324,1.539,9.867,22.344,0.301,0.500,0.190,1.220,1.363,2,NULL,NULL,,3,0,2,7,255,959,250,0,0
stim,79566,109687,0,109687,3306999.455,-0.541,-0.067,0.144,0.826,3091,0,0,3156,0,1955,89,1533,58,1.324,1,2140,0,350.635,20.236,-190.438,-124.188,266.938,-0.063,-0.809,0.813,8.305,18.453,-0.293,0.498,0.170,1.220,1.363,2,NULL,NULL,,3,0,2,7,255,959,250,0,0
stim,79566,109687,0,109687,3307004.454,-0.532,-0.065,0.137,0.833,3096,0,0,3175,0,2055,131,1583,58,1.324,1,2140,0,305.859,8.924,-137.250,-129.313,240.813,-0.902,-0.145,0.348,7.508,4.824,-3.133,0.504,0.144,1.220,1.363,2,NULL,NULL,,3,0,2,7,255,959,250,0,0
stim,79566,109687,0,109687,3307009.455,-0.528,-0.060,0.132,0.837,3101,0,0,3178,0,2135,147,1699,58,1.324,1,2140,0,192.227,7.979,-64.563,-136.625,118.813,-1.367,0.488,0.813,5.004,-6.215,-3.133,0.514,0.116,1.220,1.363,2,NULL,NULL,,3,0,2,7,255,959,250,0,0
stim,79566,109687,0,109687,3307014.453,-0.530,-0.057,0.126,0.837,3108,0,0,3183,0,2249,191,1873,58,1.324,1,2140,0,150.101,6.733,-56.938,-135.875,-28.750,-0.730,0.797,1.172,1.508,-6.563,1.668,0.526,0.096,1.220,1.363,2,NULL,NULL,,3,0,2,7,255,959,250,0,0
stim,79566,109687,0,109687,3307019.455,-0.532,-0.054,0.121,0.836,3107,0,0,3188,135,2313,337,2009,58,1.324,1,2140,0,151.389,7.653,-63.563,-125.938,-54.938,0.109,0.438,1.535,-3.938,-6.563,3.871,0.532,0.080,1.220,1.363,2,NULL,NULL,,3,0,2,7,255,959,250,0,0
stim,79566,109687,0,109687,3307024.454,-0.535,-0.054,0.116,0.835,3111,0,0,3195,429,2363,319,2123,58,1.324,1,2140,0,133.103,4.862,-82.938,-70.063,-77.000,0.488,-0.082,2.219,-3.938,2.852,5.027,0.538,0.070,1.220,1.363,2,NULL,NULL,,3,0,2,7,255,959,250,0,0
stim,79597,109718,0,109718,3307029.455,-0.537,-0.055,0.111,0.834,3108,0,0,3194,683,2396,345,2189,58,1.324,1,2140,0,135.643,10.449,-115.813,-43.500,-55.625,0.875,0.094,1.047,-4.273,9.535,5.027,0.544,0.062,1.220,1.363,2,NULL,NULL,,3,0,2,7,255,959,250,0,0
stim,79597,109718,0,109718,3307034.454,-0.538,-0.055,0.108,0.834,3100,0,0,3211,877,2422,371,2247,58,1.324,1,2140,0,63.293,10.544,-47.375,-38.063,-17.688,0.641,0.293,0.973,-4.500,9.535,-1.559,0.552,0.054,1.220,1.363,2,NULL,NULL,,3,0,2,7,255,959,250,0,0
stim,79597,109718,0,109718,3307039.455,-0.538,-0.056,0.105,0.834,3117,22,0,3211,1067,2453,405,2295,58,1.324,1,2140,0,71.815,7.902,-68.000,-21.500,-8.438,-0.305,-0.535,1.590,-4.500,6.496,-1.559,0.560,0.046,1.220,1.363,2,NULL,NULL,,3,0,2,7,255,959,250,0,0
stim,79597,109718,0,109718,3307044.453,-0.539,-0.058,0.100,0.834,3103,28,0,3197,1181,2456,411,2341,58,1.324,1,2140,0,129.621,6.488,-123.813,-20.688,-32.313,-0.137,-0.645,0.656,5.809,2.891,-1.570,0.568,0.038,1.220,1.363,2,NULL,NULL,,3,0,2,7,255,959,250,0,0
stim,79617,109738,0,109738,3307049.455,-0.540,-0.058,0.098,0.834,3099,42,0,3207,1275,2464,421,2383,58,1.324,1,2140,0,58.028,6.410,-42.563,-21.313,-33.188,-0.125,-0.250,0.453,5.809,2.711,-3.730,0.576,0.032,1.220,1.363,2,NULL,NULL,,3,0,2,7,255,959,250,0,0
stim,79617,109738,0,109738,3307054.454,-0.542,-0.057,0.098,0.833,3104,79,0,3207,1369,2483,423,2411,58,1.324,1,2140,0,62.305,2.673,20.750,-20.813,-54.938,-0.148,0.074,1.020,2.555,0.785,-3.730,0.580,0.026,1.220,1.363,2,NULL,NULL,,3,0,2,7,255,959,250,0,0
stim,79617,109738,0,109738,3307059.456,-0.545,-0.056,0.097,0.831,3101,109,0,3199,1455,2505,421,2439,58,1.324,1,2140,0,66.242,0.854,3.688,-15.438,-64.313,0.027,0.145,1.328,-0.336,0.785,0.293,0.588,0.020,1.220,1.363,2,NULL,NULL,,3,0,2,7,255,959,250,0,0
stim,79617,109738,0,109738,3307064.453,-0.546,-0.057,0.095,0.830,3097,115,0,3195,1525,2505,424,2460,58,1.324,1,2140,0,64.544,2.410,-50.313,-9.438,-39.313,0.090,-0.066,1.211,-0.336,2.387,1.594,0.596,0.014,1.220,1.363,2,NULL,NULL,,3,0,2,7,255,959,250,0,0
stim,79655,109776,0,109776,3307069.455,-0.547,-0.059,0.092,0.830,3113,131,0,3195,1587,2513,419,2471,58,1.324,1,2140,0,73.436,2.388,-71.250,-6.313,-16.625,-0.078,-0.211,0.910,-0.082,2.387,1.594,0.604,0.006,1.220,1.363,2,NULL,NULL,,3,0,2,7,255,959,250,0,0
stim,79655,109776,0,109776,3307074.454,-0.547,-0.060,0.090,0.830,3101,141,0,3192,1621,2509,415,2479,58,1.324,1,2140,0,52.642,2.469,-46.063,-5.813,-24.813,-0.230,-0.113,0.785,1.578,1.898,-1.070,0.000,0.000,1.220,1.363,2,NULL,NULL,,3,0,2,7,255,959,250,0,0
stim,79655,109776,0,109776,3307079.455,-0.549,-0.060,0.089,0.829,3099,148,0,3187,1671,2514,416,2489,58,1.324,1,2140,0,48.055,1.585,-14.625,-7.313,-45.188,-0.176,0.008,0.898,1.578,0.148,-1.070,0.000,0.000,1.220,1.363,2,NULL,NULL,,3,0,2,7,255,959,250,0,0
stim,79655,109776,0,109776,3307084.453,-0.551,-0.060,0.089,0.828,3099,171,0,3189,1719,2515,408,2492,58,1.324,1,2140,0,50.176,0.297,-6.125,-6.000,-49.438,-0.031,0.051,1.066,0.258,0.148,-0.844,0.000,0.000,1.220,1.363,2,NULL,NULL,,3,0,2,7,255,959,250,0,0
stim,79655,109776,0,109776,3307089.455,-0.552,-0.060,0.088,0.827,3099,173,0,3187,1754,2517,407,2503,58,1.324,1,2140,0,39.472,1.761,-14.688,-4.375,-36.375,0.031,0.113,1.113,-0.766,1.586,0.512,0.000,0.000,1.220,1.363,2,NULL,NULL,,3,0,2,7,255,959,250,0,0
stim,79655,109776,0,109776,3307094.453,-0.553,-0.061,0.087,0.827,3099,179,4,3183,1772,2519,380,2508,58,1.324,1,2140,0,34.232,2.251,-23.250,-2.500,-25.000,-0.008,0.152,1.070,-1.598,1.586,0.543,0.000,0.000,1.220,1.363,2,NULL,NULL,,3,0,2,7,255,959,250,0,0
stim,79655,109776,0,109776,3307099.455,-0.554,-0.061,0.086,0.826,3097,197,61,3183,1791,2521,381,2509,58,1.324,1,2140,0,31.941,2.128,-24.438,-0.500,-20.563,-0.043,0.086,1.012,-1.598,1.406,0.543,0.000,0.000,1.220,1.363,2,NULL,NULL,,3,0,2,7,255,959,250,0,0
stim,79655,109776,0,109776,3307104.454,-0.554,-0.061,0.085,0.826,3091,189,93,3194,1820,2519,379,2516,58,1.324,1,2140,0,25.655,1.703,-20.250,0.188,-15.750,-0.063,-0.016,0.969,-1.070,1.324,0.027,0.000,0.000,1.220,1.363,2,NULL,NULL,,3,0,2,7,255,959,250,0,0
stim,79655,109776,0,109776,3307109.455,-0.554,-0.062,0.084,0.826,3095,211,133,3181,1849,2520,376,2517,58,1.324,1,2140,0,15.833,1.217,-13.625,-0.188,-8.063,-0.109,-0.043,0.957,-0.070,1.215,-0.395,0.000,0.000,1.220,1.363,2,NULL,NULL,,3,0,2,7,255,959,250,0,0
stim,79655,109776,0,109776,3307114.453,-0.555,-0.062,0.084,0.826,3093,217,171,3179,1869,2519,379,2520,58,1.327,1,2140,1,8.578,0.979,-5.500,-1.375,-6.438,-0.176,0.031,0.988,-0.070,0.977,-0.395,0.000,0.000,1.224,1.426,2,NULL,NULL,,3,0,2,7,255,959,250,0,0
stim,79684,109805,0,109805,3307119.455,-0.555,-0.062,0.084,0.825,3089,221,221,3175,1882,2519,381,2520,58,1.327,1,2140,1,11.084,0.204,-0.938,-2.250,-10.813,-0.195,0.109,1.055,-0.090,0.184,0.035,0.006,0.004,1.224,1.426,2,NULL,NULL,,3,0,2,7,255,959,250,0,0
stim,79684,109805,0,109805,3307124.454,-0.556,-0.062,0.084,0.825,3087,221,249,3178,1909,2518,374,2527,58,1.327,1,2140,1,15.981,0.774,-2.813,-2.688,-15.500,-0.172,0.145,1.094,-0.773,-0.039,0.727,0.012,0.006,1.224,1.426,2,NULL,NULL,,3,0,2,7,255,959,250,0,0
stim,79684,109805,0,109805,3307129.455,-0.556,-0.062,0.083,0.825,3068,217,291,3163,1935,2515,371,2523,58,1.327,1,2140,1,18.865,1.188,-7.125,-2.750,-17.250,-0.137,0.156,1.086,-1.188,-0.039,0.930,0.018,0.008,1.224,1.426,2,NULL,NULL,,3,0,2,7,255,959,250,0,0
stim,79684,109805,0,109805,3307134.453,-0.557,-0.062,0.083,0.824,3059,219,335,3155,1961,2515,372,2527,58,1.327,1,2140,1,17.863,1.299,-10.250,-3.313,-14.250,-0.133,0.141,1.055,-1.277,0.234,0.930,0.022,0.010,1.224,1.426,2,NULL,NULL,,3,0,2,7,255,959,250,0,0
stim,79714,109835,0,109835,3307139.455,-0.557,-0.062,0.082,0.824,3047,219,395,3149,1995,2511,377,2541,58,1.327,1,2140,1,16.852,1.299,-12.875,-4.938,-9.688,-0.195,0.109,1.023,-1.277,0.234,0.625,0.026,0.010,1.224,1.426,2,NULL,NULL,,3,0,2,7,255,959,250,0,0
stim,79714,109835,0,109835,3307144.454,-0.557,-0.062,0.082,0.824,3047,221,430,3133,2021,2509,381,2547,58,1.327,1,2140,1,20.037,0.802,-12.750,-6.813,-13.875,-0.266,0.109,1.008,-0.766,-0.238,0.426,0.028,0.010,1.224,1.426,2,NULL,NULL,,3,0,2,7,255,959,250,0,0
stim,79714,109835,0,109835,3307149.455,-0.558,-0.062,0.081,0.823,3017,219,490,3125,2037,2505,377,2543,58,1.327,1,2140,1,28.761,1.008,-9.250,-7.688,-26.125,-0.223,0.141,1.004,-0.766,-0.656,0.410,0.032,0.008,1.224,1.426,2,NULL,NULL,,3,0,2,7,255,959,250,0,0
stim,79714,109835,0,109835,3307154.454,-0.559,-0.062,0.081,0.823,2999,219,582,3111,2055,2503,389,2557,58,1.327,1,2140,1,32.249,1.180,-6.625,-7.875,-30.563,-0.113,0.113,1.023,-0.980,-0.656,0.305,0.034,0.008,1.224,1.426,2,NULL,NULL,,3,0,2,7,255,959,250,0,0
stim,79714,109835,0,109835,3307159.455,-0.560,-0.061,0.080,0.822,2985,219,646,3097,2075,2495,392,2552,58,1.327,1,2140,1,28.439,1.075,-10.000,-7.438,-25.563,-0.082,0.066,1.031,-0.980,0.441,0.293,0.036,0.008,1.224,1.426,2,NULL,NULL,,3,0,2,7,255,959,250,0,0
stim,79714,109835,0,109835,3307164.453,-0.561,-0.062,0.079,0.822,2967,225,679,3083,2101,2492,415,2555,58,1.327,1,2140,1,27.548,0.999,-13.438,-6.375,-23.188,-0.109,0.066,1.000,-0.820,0.570,0.285,0.038,0.008,1.224,1.426,2,NULL,NULL,,3,0,2,7,255,959,250,0,0
stim,79753,109874,1,109874,3307169.455,-0.562,-0.062,0.079,0.821,2953,227,731,3077,2119,2487,415,2565,58,1.327,1,2140,1,29.187,0.896,-11.625,-5.563,-26.188,-0.129,0.035,0.973,-0.691,0.570,0.023,0.040,0.008,1.224,1.426,2,NULL,NULL,,3,1,2,7,255,959,250,0,0
stim,79753,109874,1,109874,3307174.454,-0.563,-0.062,0.078,0.820,2933,221,767,3051,2147,2479,431,2566,58,1.327,1,2140,1,30.284,0.668,-8.625,-5.188,-28.563,-0.117,-0.020,0.961,-0.348,0.570,-0.211,0.044,0.010,1.224,1.426,2,NULL,NULL,,3,1,2,7,255,959,250,0,0
stim,79753,109874,1,109874,3307179.455,-0.564,-0.062,0.077,0.820,2915,215,788,3035,2173,2476,459,2567,58,1.327,1,2140,1,27.140,0.740,-5.688,-5.313,-26.000,-0.102,-0.055,0.945,0.094,0.734,-0.367,0.048,0.016,1.224,1.426,2,NULL,NULL,,3,1,2,7,255,959,250,0,0
stim,79753,109874,1,109874,3307184.453,-0.565,-0.062,0.077,0.819,2893,211,819,3020,2197,2469,476,2569,58,1.327,1,2140,1,21.695,0.934,-2.438,-6.063,-20.688,-0.109,-0.059,0.941,0.355,0.863,-0.531,0.052,0.020,1.224,1.426,2,NULL,NULL,,3,1,2,7,255,959,250,0,0
stim,79753,109874,1,109874,3307189.455,-0.565,-0.061,0.077,0.819,2872,204,869,2999,2223,2463,490,2577,58,1.327,1,2140,1,19.366,0.934,0.813,-6.938,-18.063,-0.137,-0.027,0.945,0.355,0.863,-0.531,0.058,0.024,1.224,1.426,2,NULL,NULL,,3,1,2,7,255,959,250,0,0
stim,79753,109874,1,109874,3307194.454,-0.566,-0.061,0.076,0.819,2845,204,901,2981,2251,2463,492,2583,58,1.327,1,2140,1,19.457,0.564,3.563,-8.000,-17.375,-0.148,-0.012,0.949,0.238,0.512,-0.480,0.062,0.030,1.224,1.426,2,NULL,NULL,,3,1,2,7,255,959,250,0,0
stim,79781,109902,1,109902,3307199.455,-0.567,-0.060,0.076,0.818,2823,203,940,2963,2277,2461,511,2589,58,1.327,1,2140,1,19.222,0.387,5.438,-9.375,-15.875,-0.152,0.004,0.953,0.121,0.367,-0.422,0.066,0.032,1.224,1.426,2,NULL,NULL,,3,1,2,7,255,959,250,0,0
stim,79781,109902,1,109902,3307204.453,-0.567,-0.060,0.076,0.818,2791,201,995,2938,2298,2460,554,2597,58,1.327,1,2140,1,19.380,0.266,6.625,-10.938,-14.563,-0.168,0.027,0.953,0.016,0.266,-0.367,0.072,0.034,1.224,1.426,2,NULL,NULL,,3,1,2,7,255,959,250,0,0
stim,79781,109902,1,109902,3307209.455,-0.568,-0.059,0.076,0.818,2767,203,1070,2915,2330,2463,599,2611,58,1.327,1,2140,1,20.048,0.159,6.750,-13.000,-13.688,-0.172,0.031,0.965,-0.156,0.031,-0.305,0.076,0.036,1.224,1.426,2,NULL,NULL,,3,1,2,7,255,959,250,0,0
stim,79781,109902,1,109902,3307214.453,-0.568,-0.059,0.076,0.817,2741,203,1123,2891,2349,2463,671,2621,58,1.327,1,2140,1,21.608,0.157,6.375,-14.188,-15.000,-0.176,0.035,0.973,-0.156,-0.012,-0.207,0.080,0.040,1.224,1.426,2,NULL,NULL,,3,1,2,7,255,959,250,0,0
stim,79781,109902,1,109902,3307219.455,-0.569,-0.058,0.076,0.817,2713,207,1190,2869,2381,2469,727,2633,58,1.327,1,2140,1,23.192,0.184,6.750,-15.938,-15.438,-0.152,0.043,0.957,-0.184,-0.012,-0.207,0.084,0.042,1.224,1.426,2,NULL,NULL,,3,1,2,7,255,959,250,0,0
stim,79781,109902,1,109902,3307224.454,-0.570,-0.057,0.075,0.816,2675,216,1236,2845,2408,2473,815,2645,58,1.327,1,2140,1,23.397,0.334,7.875,-17.063,-13.938,-0.137,0.051,0.961,-0.316,0.105,-0.301,0.088,0.046,1.224,1.426,2,NULL,NULL,,3,1,2,7,255,959,250,0,0
stim,79781,109902,1,109902,3307229.455,-0.570,-0.056,0.075,0.816,2635,221,1300,2827,2441,2476,877,2659,58,1.327,1,2140,1,24.888,0.481,9.563,-17.875,-14.438,-0.133,0.074,0.988,-0.438,0.199,-0.301,0.092,0.052,1.224,1.426,2,NULL,NULL,,3,1,2,7,255,959,250,0,0
stim,79781,109902,1,109902,3307234.453,-0.571,-0.055,0.075,0.816,2589,222,1389,2792,2471,2479,983,2669,58,1.327,1,2140,1,24.112,0.682,8.750,-18.500,-12.750,-0.125,0.125,1.016,-0.652,0.199,-0.023,0.098,0.058,1.224,1.426,2,NULL,NULL,,3,1,2,7,255,959,250,0,0
stim,79803,109924,1,109924,3307239.455,-0.571,-0.054,0.075,0.816,2551,234,1492,2780,2503,2483,1079,2683,58,1.327,1,2140,1,23.220,1.166,1.000,-17.750,-14.938,-0.113,0.152,1.063,-1.148,0.199,0.254,0.102,0.064,1.224,1.426,2,NULL,NULL,,3,1,2,7,255,959,250,0,0
stim,79803,109924,1,109924,3307244.454,-0.572,-0.054,0.074,0.815,2494,239,1597,2761,2530,2488,1189,2706,58,1.327,1,2140,1,21.895,1.156,-5.188,-18.938,-9.688,-0.148,0.133,1.016,-1.148,0.133,0.262,0.108,0.070,1.224,1.426,2,NULL,NULL,,3,1,2,7,255,959,250,0,0
stim,79803,109924,1,109924,3307249.455,-0.572,-0.054,0.073,0.815,2447,249,1683,2732,2569,2492,1297,2716,58,1.327,1,2140,1,28.658,1.144,-10.438,-17.313,-20.313,-0.219,0.047,1.008,-1.137,-0.133,0.281,0.112,0.072,1.224,1.426,2,NULL,NULL,,3,1,2,7,255,959,250,0,0
stim,79803,109924,1,109924,3307254.453,-0.573,-0.053,0.073,0.814,2377,251,1784,2700,2604,2500,1379,2733,58,1.327,1,2140,1,34.119,0.556,-7.875,-20.563,-26.063,-0.215,0.059,0.949,-0.242,-0.500,0.262,0.114,0.074,1.224,1.426,2,NULL,NULL,,3,1,2,7,255,959,250,0,0
stim,79803,109924,1,109924,3307259.455,-0.575,-0.053,0.072,0.814,2319,265,1877,2674,2635,2507,1513,2747,58,1.327,1,2140,1,45.130,0.518,-4.063,-20.500,-40.000,-0.160,0.027,1.012,-0.137,-0.500,0.215,0.114,0.072,1.224,1.426,2,NULL,NULL,,3,1,2,7,255,959,250,0,0
stim,79803,109924,1,109924,3307264.454,-0.576,-0.052,0.071,0.813,2249,268,1965,2639,2664,2505,1605,2771,58,1.327,1,2140,1,39.227,0.248,-11.250,-23.438,-29.375,-0.078,0.070,1.047,-0.242,0.055,0.215,0.112,0.070,1.224,1.426,2,NULL,NULL,,3,1,2,7,255,959,250,0,0
stim,79858,109979,1,109979,3307269.455,-0.577,-0.052,0.069,0.812,2167,276,2071,2599,2697,2515,1715,2783,58,1.327,1,2140,1,43.050,0.398,-20.313,-21.813,-31.063,-0.199,0.063,1.094,-0.395,0.055,0.461,0.108,0.066,1.224,1.426,2,NULL,NULL,,3,1,2,7,255,959,250,0,0
stim,79858,109979,1,109979,3307274.454,-0.578,-0.052,0.067,0.811,2087,284,2168,2555,2723,2520,1824,2798,58,1.327,1,2140,1,60.693,0.601,-37.625,-24.438,-40.875,-0.207,0.074,1.117,-0.504,-0.328,1.086,0.106,0.064,1.224,1.426,2,NULL,NULL,,3,1,2,7,255,959,250,0,0
stim,79858,109979,1,109979,3307279.455,-0.580,-0.052,0.065,0.810,1997,285,2261,2505,2747,2525,1910,2813,58,1.327,1,2140,1,75.606,0.559,-50.500,-24.688,-50.563,-0.191,0.055,1.047,-0.414,-0.375,1.086,0.104,0.060,1.224,1.426,2,NULL,NULL,,3,1,2,7,255,959,250,0,0
stim,79858,109979,1,109979,3307284.453,-0.582,-0.053,0.062,0.809,1909,287,2331,2457,2773,2533,2007,2835,58,1.327,1,2140,1,81.312,0.559,-51.875,-23.438,-58.063,-0.113,0.000,0.973,-0.414,-0.375,0.633,0.104,0.058,1.224,1.426,2,NULL,NULL,,3,1,2,7,255,959,250,0,0
stim,79858,109979,1,109979,3307289.455,-0.584,-0.053,0.060,0.808,1781,281,2413,2376,2796,2535,2091,2847,58,1.327,1,2140,1,74.192,0.409,-48.250,-27.063,-49.438,-0.066,-0.031,0.965,-0.164,0.375,-0.211,0.104,0.058,1.224,1.426,2,NULL,NULL,,3,1,2,7,255,959,250,0,0
stim,79858,109979,1,109979,3307294.453,-0.585,-0.053,0.057,0.807,1642,264,2484,2286,2821,2537,2165,2861,58,1.327,1,2140,1,64.376,0.684,-41.563,-27.500,-40.750,-0.090,-0.063,0.977,-0.016,0.684,-0.211,0.104,0.058,1.224,1.426,2,NULL,NULL,,3,1,2,7,255,959,250,0,0
stim,79858,109979,1,109979,3307299.455,-0.586,-0.053,0.055,0.806,1463,264,2529,2195,2843,2537,2235,2873,58,1.327,1,2140,1,63.681,0.739,-40.125,-28.813,-40.188,-0.145,-0.102,1.008,0.281,0.684,-0.203,0.104,0.058,1.224,1.426,2,NULL,NULL,,3,1,2,7,255,959,250,0,0
stim,79858,109979,1,109979,3307304.453,-0.588,-0.053,0.052,0.805,1259,247,2584,2079,2863,2537,2311,2891,58,1.327,1,2140,1,67.498,0.713,-41.813,-30.875,-43.063,-0.137,-0.094,1.016,0.633,0.328,0.168,0.106,0.058,1.224,1.426,2,NULL,NULL,,3,1,2,7,255,959,250,0,0
stim,79858,109979,1,109979,3307309.455,-0.589,-0.053,0.050,0.805,1101,247,2617,1913,2876,2537,2378,2899,58,1.327,1,2140,1,63.069,0.713,-37.063,-32.000,-39.750,-0.102,-0.047,0.984,0.633,0.328,0.168,0.106,0.058,1.224,1.426,2,NULL,NULL,,3,1,2,7,255,959,250,0,0
stim,79858,109979,1,109979,3307314.454,-0.590,-0.053,0.048,0.804,931,207,2653,1711,2899,2535,2429,2907,58,1.327,1,2140,1,56.265,0.368,-29.000,-34.000,-34.188,-0.094,-0.008,0.984,0.094,0.355,-0.102,0.110,0.058,1.224,1.426,2,NULL,NULL,,3,1,2,7,255,959,250,0,0
stim,79887,110008,1,110008,3307319.455,-0.591,-0.052,0.046,0.803,711,169,2685,1477,2917,2531,2485,2917,58,1.327,1,2140,1,52.568,0.365,-24.625,-34.750,-30.813,-0.109,-0.031,1.043,-0.082,0.355,-0.102,0.112,0.058,1.224,1.426,2,NULL,NULL,,3,1,2,7,255,959,250,0,0
stim,79887,110008,1,110008,3307324.454,-0.592,-0.052,0.044,0.803,495,93,2723,1279,2931,2523,2536,2927,58,1.327,1,2140,1,52.685,0.327,-25.000,-37.750,-26.938,-0.172,-0.047,1.059,-0.082,0.316,0.457,0.114,0.058,1.224,1.426,2,NULL,NULL,,3,1,2,7,255,959,250,0,0
stim,79887,110008,1,110008,3307329.455,-0.593,-0.051,0.042,0.802,313,68,2751,1007,2949,2517,2584,2939,58,1.327,1,2140,1,56.106,0.199,-24.625,-40.188,-30.438,-0.148,-0.055,1.047,0.191,-0.055,0.563,0.118,0.060,1.224,1.426,2,NULL,NULL,,3,1,2,7,255,959,250,0,0
stim,79887,110008,1,110008,3307334.454,-0.594,-0.050,0.040,0.802,137,27,2805,787,2965,2505,2618,2943,58,1.327,1,2140,1,56.626,0.210,-22.063,-42.438,-30.313,-0.094,-0.078,1.008,0.203,-0.055,0.563,0.120,0.060,1.224,1.426,2,NULL,NULL,,3,1,2,7,255,959,250,0,0
stim,79887,110008,1,110008,3307339.455,-0.595,-0.049,0.038,0.801,54,0,2797,533,2975,2491,2651,2957,58,1.327,1,2140,1,54.558,0.472,-14.750,-44.000,-28.688,-0.078,-0.066,0.996,0.203,0.426,0.117,0.122,0.060,1.224,1.426,2,NULL,NULL,,3,1,2,7,255,959,250,0,0
stim,79887,110008,1,110008,3307344.453,-0.596,-0.047,0.036,0.800,19,0,2821,299,2985,2477,2679,2967,58,1.327,1,2140,1,55.530,0.509,-9.313,-46.625,-28.688,-0.027,-0.066,0.977,0.113,0.496,-0.012,0.126,0.060,1.224,1.426,2,NULL,NULL,,3,1,2,7,255,959,250,0,0
stim,79916,110037,1,110037,3307349.455,-0.597,-0.046,0.035,0.800,0,0,2830,167,2998,2453,2711,2971,58,1.327,1,2140,1,56.021,0.637,0.750,-49.250,-26.688,-0.039,-0.012,1.012,0.004,0.637,-0.012,0.128,0.062,1.224,1.426,2,NULL,NULL,,3,1,2,7,255,959,250,0,0
stim,79916,110037,1,110037,3307354.454,-0.598,-0.044,0.034,0.799,0,0,2844,107,3012,2427,2735,2979,58,1.327,1,2140,1,58.606,0.637,9.250,-54.750,-18.750,-0.117,-0.121,1.043,0.004,0.637,0.070,0.128,0.064,1.224,1.426,2,NULL,NULL,,3,1,2,7,255,959,250,0,0
stim,79916,110037,1,110037,3307359.455,-0.598,-0.041,0.034,0.800,0,0,2853,69,3021,2403,2761,2983,58,1.327,1,2140,1,74.098,0.779,38.188,-63.438,2.813,-0.340,-0.191,1.223,0.758,0.180,0.500,0.126,0.068,1.224,1.426,2,NULL,NULL,,3,1,2,7,255,959,250,0,0
stim,79916,110037,1,110037,3307364.453,-0.599,-0.037,0.033,0.799,0,0,2837,23,3031,2377,2781,2987,58,1.327,1,2140,0,79.393,2.337,32.938,-70.500,-15.750,-0.359,-0.164,1.367,1.738,-1.563,2.516,0.122,0.074,1.224,1.426,3,NULL,NULL,,3,1,2,7,255,959,250,0,0
stim,79955,110076,1,110076,3307369.455,-0.600,-0.034,0.032,0.799,0,0,2866,0,3038,2347,2809,2991,58,1.327,1,2140,0,85.835,2.337,27.063,-73.375,-35.375,-0.285,-0.008,1.410,1.738,-1.563,3.926,0.118,0.078,1.224,1.426,3,NULL,NULL,,3,1,2,7,255,959,250,0,0
stim,79955,110076,1,110076,3307374.454,-0.601,-0.030,0.031,0.798,0,0,2871,0,3049,2315,2834,2995,58,1.327,1,2140,0,95.689,1.563,45.063,-82.500,-17.875,-0.164,0.230,1.543,0.121,-1.559,4.199,0.116,0.082,1.224,1.426,3,NULL,NULL,,3,1,2,7,255,959,250,0,0
stim,79955,110076,1,110076,3307379.455,-0.600,-0.027,0.030,0.799,0,0,2875,0,3053,2270,2853,3001,58,1.327,1,2140,0,91.472,2.639,12.813,-89.813,11.688,-0.059,0.469,1.574,-2.426,-1.039,5.359,0.116,0.086,1.224,1.426,3,NULL,NULL,,3,1,2,7,255,959,250,0,0
stim,79955,110076,1,110076,3307384.453,-0.600,-0.024,0.026,0.799,0,0,2875,0,3063,2217,2869,3001,58,1.327,1,2140,0,95.013,3.468,-31.938,-88.563,12.813,-0.113,0.320,1.371,-3.309,-1.039,5.359,0.118,0.092,1.224,1.426,3,NULL,NULL,,3,1,2,7,255,959,250,0,0
stim,79955,110076,1,110076,3307389.455,-0.599,-0.022,0.023,0.800,0,0,2873,0,3069,2153,2889,3002,58,1.327,1,2140,0,100.489,3.505,-25.938,-94.500,22.250,-0.176,0.117,1.188,-3.309,-1.156,3.602,0.120,0.100,1.224,1.426,3,NULL,NULL,,3,1,2,7,255,959,250,0,0
stim,79955,110076,1,110076,3307394.453,-0.598,-0.018,0.020,0.801,0,0,2872,0,3081,2074,2902,3001,58,1.327,1,2140,0,104.699,1.796,-8.125,-101.438,24.625,-0.215,0.020,1.207,-1.141,-1.387,2.098,0.120,0.110,1.224,1.426,3,NULL,NULL,,3,1,2,7,255,959,250,0,0
stim,79955,110076,1,110076,3307399.455,-0.598,-0.015,0.018,0.801,0,0,2869,0,3087,1973,2915,3000,58,1.327,1,2140,0,107.259,1.581,-3.875,-106.063,15.500,-0.219,-0.012,1.246,-0.102,-1.578,2.098,0.122,0.120,1.224,1.426,3,NULL,NULL,,3,1,2,7,255,959,250,0,0
stim,79955,110076,1,110076,3307404.454,-0.597,-0.011,0.015,0.802,0,0,2864,0,3087,1840,2923,3003,58,1.327,1,2140,0,111.208,1.588,-6.938,-110.500,10.438,-0.188,-0.012,1.262,0.180,-1.578,2.484,0.122,0.130,1.224,1.426,3,NULL,NULL,,3,1,2,7,255,959,250,0,0
stim,79955,110076,1,110076,3307409.455,-0.597,-0.008,0.011,0.802,0,0,2859,0,3096,1719,2937,2996,58,1.327,1,2140,0,117.334,1.437,-8.813,-115.938,15.750,-0.148,0.012,1.293,0.180,-1.426,2.621,0.124,0.140,1.224,1.426,3,NULL,NULL,,3,1,2,7,255,959,250,0,0
stim,79955,110076,1,110076,3307414.453,-0.596,-0.004,0.008,0.803,0,0,2855,0,3098,1563,2951,2989,58,1.327,1,2140,0,122.631,1.432,-13.375,-120.000,21.438,-0.156,0.023,1.324,-0.129,-1.426,2.883,0.126,0.150,1.224,1.426,3,NULL,NULL,,3,1,2,7,255,959,250,0,0
stim,79984,110105,0,110105,3307419.455,-0.595,-0.000,0.004,0.804,0,0,2843,0,3107,1369,2957,2985,58,1.327,1,2140,0,129.042,1.467,-24.813,-124.375,23.813,-0.168,0.016,1.277,-0.129,-1.461,2.883,0.126,0.160,1.224,1.426,3,NULL,NULL,,3,0,2,7,255,961,250,0,0
stim,79984,110105,0,110105,3307424.454,-0.594,0.004,-0.000,0.804,0,0,2835,0,3107,1183,2967,2981,58,1.327,1,2140,0,133.666,1.724,-28.250,-128.938,21.063,-0.211,0.000,1.195,-0.078,-1.723,2.707,0.128,0.172,1.224,1.426,3,NULL,NULL,,3,0,2,7,255,961,250,0,0
stim,79984,110105,0,110105,3307429.455,-0.593,0.008,-0.004,0.805,0,0,2809,0,3112,971,2975,2981,58,1.327,1,2140,0,138.149,1.946,-21.813,-135.438,16.313,-0.180,-0.035,1.152,0.223,-1.934,1.891,0.130,0.182,1.224,1.426,3,NULL,NULL,,3,0,2,7,255,961,250,0,0
stim,79984,110105,0,110105,3307434.453,-0.593,0.012,-0.008,0.805,0,0,2799,0,3111,739,2986,2962,58,1.327,1,2140,0,143.033,1.993,-12.813,-141.750,14.188,-0.172,-0.070,1.117,0.484,-1.934,1.445,0.132,0.194,1.224,1.426,3,NULL,NULL,,3,0,2,7,255,961,250,0,0
stim,80023,110144,0,110144,3307439.455,-0.592,0.017,-0.012,0.806,0,0,2765,0,3111,565,3001,2949,58,1.327,1,2140,0,148.031,1.996,-5.188,-147.563,10.563,-0.148,-0.063,1.137,0.754,-1.848,1.262,0.134,0.204,1.224,1.426,3,NULL,NULL,,3,0,2,7,255,961,250,0,0
stim,80023,110144,0,110144,3307444.454,-0.591,0.022,-0.016,0.806,0,0,2741,0,3116,422,3013,2928,58,1.327,1,2140,0,152.989,1.963,0.688,-152.813,7.313,-0.113,-0.051,1.105,0.754,-1.813,1.098,0.136,0.216,1.224,1.426,3,NULL,NULL,,3,0,2,7,255,961,250,0,0
stim,80023,110144,0,110144,3307449.455,-0.591,0.027,-0.020,0.806,0,0,2725,0,3114,231,3015,2898,58,1.327,1,2140,0,158.144,1.717,-1.063,-157.938,8.000,-0.063,-0.043,1.141,0.555,-1.625,1.262,0.138,0.226,1.224,1.426,3,NULL,NULL,,3,0,2,7,255,961,250,0,0
stim,80023,110144,0,110144,3307454.454,-0.590,0.033,-0.024,0.806,0,0,2671,0,3113,107,3021,2899,58,1.327,1,2140,0,160.797,1.669,-4.125,-160.625,6.188,-0.070,-0.004,1.156,0.379,-1.625,1.309,0.140,0.238,1.224,1.426,3,NULL,NULL,,3,0,2,7,255,961,250,0,0
stim,80023,110144,0,110144,3307459.455,-0.590,0.038,-0.028,0.806,0,0,2628,0,3129,39,3019,2889,58,1.327,1,2140,0,166.034,1.683,-3.000,-165.875,6.625,-0.109,0.047,1.141,0.102,-1.680,1.309,0.144,0.248,1.224,1.426,3,NULL,NULL,,3,0,2,7,255,961,250,0,0
stim,80023,110144,0,110144,3307464.453,-0.590,0.045,-0.032,0.806,0,0,2571,0,3116,7,3022,2853,58,1.327,1,2140,0,171.672,2.340,8.063,-171.313,-7.625,-0.133,0.102,1.215,-0.234,-2.328,1.438,0.150,0.260,1.224,1.426,3,NULL,NULL,,3,0,2,7,255,961,250,0,0
stim,80051,110172,0,110172,3307469.455,-0.590,0.051,-0.037,0.805,0,0,2521,0,3114,0,3029,2811,58,1.327,1,2140,0,178.393,2.575,1.938,-178.063,-10.688,-0.027,0.148,1.395,-0.586,-2.508,1.855,0.160,0.274,1.224,1.426,3,NULL,NULL,,3,0,2,7,255,961,250,0,0
stim,80051,110172,0,110172,3307474.454,-0.589,0.057,-0.042,0.805,0,0,2453,0,3112,7,3031,2776,58,1.327,1,2140,0,184.449,3.039,-11.938,-184.063,0.125,-0.059,0.109,1.621,-0.750,-2.945,3.684,0.170,0.288,1.224,1.426,3,NULL,NULL,,3,0,2,7,255,961,250,0,0
stim,80051,110172,0,110172,3307479.455,-0.588,0.063,-0.047,0.805,0,0,2359,0,3104,20,3039,2733,58,1.327,1,2140,0,193.739,3.286,-15.938,-192.875,8.938,-0.207,0.070,1.824,-0.750,-3.199,5.789,0.186,0.308,1.224,1.426,3,NULL,NULL,,3,0,2,7,255,961,250,0,0
stim,80051,110172,0,110172,3307484.453,-0.587,0.070,-0.053,0.805,0,0,2255,0,3108,56,3029,2693,58,1.327,1,2140,0,212.442,5.017,-17.938,-210.375,23.500,-0.313,0.172,1.984,-0.363,-5.004,7.500,0.206,0.332,1.224,1.426,3,NULL,NULL,,3,0,2,7,255,961,250,0,0
stim,80051,110172,0,110172,3307489.455,-0.585,0.077,-0.060,0.805,0,0,2149,0,3101,68,3023,2616,58,1.327,1,2140,0,231.934,6.885,-23.188,-229.188,27.000,-0.461,0.398,2.160,-0.363,-6.875,8.758,0.232,0.362,1.224,1.426,3,NULL,NULL,,3,0,2,7,255,961,250,0,0
stim,80051,110172,0,110172,3307494.454,-0.583,0.085,-0.068,0.805,0,0,2004,0,3081,69,3023,2549,58,1.327,1,2140,0,259.878,9.779,-47.813,-253.875,28.250,-0.523,0.582,2.289,-1.914,-9.590,9.934,0.266,0.402,1.224,1.426,3,NULL,NULL,,3,0,2,7,255,961,250,0,0
stim,80076,110197,0,110197,3307499.455,-0.582,0.092,-0.078,0.804,0,0,1877,0,3065,95,3011,2469,58,1.327,1,2140,0,285.551,11.916,-84.500,-272.000,20.375,-0.500,0.672,2.258,-3.355,-11.434,10.156,0.308,0.446,1.224,1.426,3,NULL,NULL,,3,0,2,7,255,961,250,0,0
stim,80076,110197,0,110197,3307504.454,-0.580,0.100,-0.089,0.804,0,0,1737,0,3045,103,2981,2387,58,1.327,1,2140,0,312.993,12.539,-103.125,-294.625,22.938,-0.465,0.621,2.250,-3.898,-11.918,10.156,0.358,0.498,1.224,1.426,3,NULL,NULL,,3,0,2,7,255,961,250,0,0
stim,80076,110197,0,110197,3307509.455,-0.578,0.108,-0.102,0.803,0,0,1613,0,3019,112,2953,2279,58,1.327,1,2140,0,341.534,12.610,-120.188,-318.000,32.813,-0.480,0.563,2.254,-3.898,-11.992,9.883,0.412,0.556,1.224,1.426,3,NULL,NULL,,3,0,2,7,255,961,250,0,0
stim,80076,110197,0,110197,3307514.453,-0.575,0.116,-0.115,0.802,0,0,1495,0,2990,119,2916,2202,58,1.327,1,2140,0,364.345,12.996,-126.563,-340.125,32.313,-0.602,0.531,2.258,-3.313,-12.566,9.543,0.470,0.616,1.224,1.426,3,NULL,NULL,,3,0,2,7,255,961,250,0,0
stim,80076,110197,0,110197,3307519.455,-0.573,0.125,-0.129,0.800,0,0,1407,0,2967,127,2883,2094,58,1.327,1,2140,0,381.980,14.534,-131.875,-358.000,18.813,-0.668,0.617,2.367,-3.242,-14.168,9.039,0.534,0.684,1.224,1.426,3,NULL,NULL,,3,0,2,7,255,961,250,0,0
stim,80076,110197,0,110197,3307524.454,-0.571,0.135,-0.143,0.797,0,0,1321,0,2919,125,2822,1996,58,1.327,1,2140,0,402.064,16.203,-129.750,-380.500,6.313,-0.668,0.516,2.477,-2.676,-15.980,9.039,0.602,0.754,1.224,1.426,3,NULL,NULL,,3,0,2,7,255,961,250,0,0
stim,80097,110218,0,110218,3307529.455,-0.569,0.146,-0.157,0.794,0,0,1251,0,2873,127,2757,1877,58,1.327,1,2140,0,417.500,16.970,-107.438,-403.375,-7.188,-0.613,0.559,2.777,-2.746,-16.746,9.531,0.678,0.832,1.224,1.426,3,NULL,NULL,,3,0,2,7,255,961,250,0,0
stim,80097,110218,0,110218,3307534.453,-0.566,0.158,-0.172,0.791,0,0,1140,0,2813,119,2656,1733,58,1.327,1,2140,0,444.600,18.533,-125.250,-426.563,5.125,-0.637,0.828,3.004,-2.746,-18.328,11.770,0.762,0.920,1.224,1.426,3,NULL,NULL,,3,0,2,7,255,961,250,0,0
stim,80097,110218,0,110218,3307539.455,-0.563,0.169,-0.188,0.787,0,0,1041,0,2727,82,2518,1575,58,1.327,1,2140,0,466.507,21.749,-159.875,-438.250,-2.313,-0.777,0.938,3.043,-5.109,-21.141,11.770,0.856,1.018,1.224,1.426,3,NULL,NULL,,3,0,2,7,255,961,250,0,0
stim,80097,110218,0,110218,3307544.454,-0.561,0.180,-0.205,0.781,0,0,889,0,2615,63,2379,1415,58,1.327,1,2140,0,484.513,24.183,-177.125,-449.688,-34.063,-0.801,0.664,3.008,-5.109,-23.637,11.254,0.960,1.124,1.224,1.426,3,NULL,NULL,,3,0,2,7,255,961,250,0,0
stim,80097,110218,0,110218,3307549.455,-0.560,0.192,-0.222,0.775,0,0,752,0,2479,28,2165,1255,58,1.327,1,2140,0,496.424,23.859,-179.625,-460.125,-49.563,-0.672,0.316,2.953,-3.246,-23.637,10.230,1.066,1.234,1.224,1.426,3,NULL,NULL,,3,0,2,7,255,961,250,0,0
stim,80097,110218,0,110218,3307554.454,-0.557,0.204,-0.239,0.769,0,0,615,0,2281,0,1899,1061,58,1.327,1,2140,0,513.776,22.416,-170.188,-483.500,-35.063,-0.652,-0.184,2.926,-0.500,-22.410,9.969,1.174,1.346,1.224,1.426,3,NULL,NULL,,3,0,2,7,255,961,250,0,0
stim,80129,110250,0,110250,3307559.455,-0.553,0.216,-0.258,0.762,0,0,427,0,2033,0,1589,916,58,1.327,1,2140,0,539.517,22.135,-203.438,-499.688,-1.938,-0.406,-0.332,2.406,4.027,-21.766,9.664,1.272,1.452,1.224,1.426,3,NULL,NULL,,3,0,2,7,255,961,250,0,0
stim,80129,110250,0,110250,3307564.453,-0.548,0.228,-0.277,0.756,0,0,265,0,1745,0,1151,782,58,1.327,1,2140,0,540.590,17.874,-182.438,-508.875,0.500,-0.289,-0.383,1.828,4.520,-17.293,6.477,1.362,1.546,1.224,1.426,3,NULL,NULL,,3,0,2,7,255,961,250,0,0
stim,80166,110287,0,110287,3307569.455,-0.542,0.242,-0.293,0.750,0,0,197,0,1407,0,635,629,58,1.327,1,2140,0,530.702,14.070,-110.313,-518.875,15.625,-0.266,-0.160,1.555,4.520,-13.324,2.301,1.440,1.630,1.224,1.426,3,NULL,NULL,,3,0,2,7,255,961,250,0,0
stim,80166,110287,0,110287,3307574.454,-0.533,0.257,-0.307,0.745,0,0,104,0,1059,0,211,491,58,1.327,1,2140,0,530.140,13.540,-39.688,-526.313,49.688,-0.414,0.082,1.848,2.406,-13.324,-0.516,1.512,1.708,1.224,1.426,3,NULL,NULL,,3,0,2,7,255,961,250,0,0
stim,80166,110287,0,110287,3307579.455,-0.523,0.273,-0.321,0.741,0,0,83,0,558,0,0,398,58,1.327,1,2140,0,534.545,16.300,-14.125,-528.250,80.563,-0.762,0.152,2.363,1.668,-16.215,-0.672,1.590,1.790,1.224,1.426,3,NULL,NULL,,3,0,2,7,255,961,250,0,0
stim,80166,110287,0,110287,3307584.453,-0.510,0.286,-0.337,0.738,0,0,37,0,147,0,0,327,58,1.327,1,2140,0,577.974,22.729,-55.813,-547.063,177.938,-1.348,0.133,2.402,1.668,-22.668,-0.816,1.678,1.884,1.224,1.426,3,NULL,NULL,,3,0,2,7,255,961,250,0,0
stim,80166,110287,0,110287,3307589.455,-0.495,0.298,-0.356,0.734,0,0,19,0,0,0,0,251,58,1.327,1,2140,0,607.775,25.757,-105.000,-563.750,201.375,-1.609,0.426,2.039,2.316,-25.652,-6.020,1.782,1.990,1.224,1.426,3,NULL,NULL,,3,0,2,7,255,961,250,0,0
stim,80166,110287,0,110287,3307594.454,-0.484,0.310,-0.374,0.728,0,0,17,0,0,0,0,149,58,1.327,1,2140,0,578.359,25.757,-163.688,-537.750,136.125,-1.352,1.031,1.422,2.316,-25.652,-12.074,1.886,2.100,1.224,1.426,3,NULL,NULL,,3,0,2,7,255,961,250,0,0
stim,80166,110287,0,110287,3307599.455,-0.478,0.319,-0.392,0.719,0,0,16,0,0,0,0,109,58,1.327,1,2140,0,521.268,20.919,-211.000,-475.563,32.250,-0.543,1.703,1.051,-4.281,-20.477,-13.844,1.988,2.202,1.224,1.426,4,NULL,NULL,,3,0,2,7,255,961,250,0,0
stim,80166,110287,0,110287,3307604.453,-0.474,0.324,-0.409,0.709,0,0,20,0,0,0,0,137,58,1.327,1,2140,0,482.652,20.028,-295.875,-379.063,41.500,-0.344,1.754,0.762,-13.402,-14.883,-14.277,2.078,2.294,1.224,1.426,0,NULL,NULL,,3,0,2,7,255,961,250,0,0
stim,80166,110287,0,110287,3307609.455,-0.470,0.322,-0.429,0.701,0,0,14,0,0,0,0,141,58,1.327,1,2140,0,499.359,17.592,-400.438,-274.313,117.313,-0.160,1.512,0.055,-13.430,-11.363,-14.277,2.158,2.374,1.224,1.426,0,NULL,NULL,,3,0,2,7,255,961,250,0,0
stim,80166,110287,0,110287,3307614.453,-0.468,0.319,-0.442,0.695,0,0,10,0,0,0,0,115,58,1.327,1,2140,0,321.349,13.891,-264.375,-160.563,87.125,-0.285,0.590,-0.227,-13.430,-3.551,-14.977,2.228,2.442,1.224,1.426,0,NULL,NULL,,3,0,2,7,255,961,250,0,0
stim,80166,110287,0,110287,3307619.455,-0.466,0.319,-0.446,0.694,0,0,8,0,0,0,0,124,58,1.327,1,2140,0,102.660,5.723,-55.813,-69.813,50.500,-0.719,-0.746,0.379,-4.488,-3.551,-14.977,2.290,2.504,1.224,1.426,0,NULL,NULL,,3,0,2,7,255,961,250,0,0
stim,80166,110287,0,110287,3307624.455,-0.466,0.318,-0.446,0.694,0,0,5,0,0,0,0,133,58,1.327,1,2140,0,28.121,10.557,-21.625,15.063,9.813,-1.008,-0.992,1.352,9.281,-5.031,-11.973,2.346,2.564,1.224,1.426,0,NULL,NULL,,3,0,2,7,255,961,250,0,0
stim,80207,110328,0,110328,3307629.455,-0.471,0.313,-0.448,0.693,0,0,7,0,0,0,0,78,58,1.327,1,2140,0,177.325,16.719,-138.688,106.625,-29.000,-0.953,-0.379,1.203,9.281,-13.906,-11.891,2.402,2.624,1.224,1.426,0,NULL,NULL,,3,0,2,7,255,961,250,0,0
stim,80207,110328,0,110328,3307634.453,-0.478,0.304,-0.449,0.691,0,0,5,0,0,0,0,62,58,1.327,1,2140,0,264.618,15.360,-190.250,182.250,-24.750,-0.723,0.711,0.234,6.523,-13.906,-11.891,2.452,2.678,1.224,1.426,0,NULL,NULL,,3,0,2,7,255,961,250,0,0
stim,80207,110328,0,110328,3307639.455,-0.484,0.295,-0.447,0.692,0,0,4,0,0,0,0,47,58,1.327,1,2140,0,248.803,7.040,-101.375,227.188,3.438,-0.723,1.297,-0.148,-4.133,-5.699,-17.301,2.498,2.724,1.224,1.426,0,NULL,NULL,,3,0,2,7,255,961,250,0,0
stim,80207,110328,0,110328,3307644.454,-0.489,0.287,-0.442,0.695,0,0,2,0,0,0,0,23,58,1.327,1,2140,0,250.505,8.528,5.250,250.000,15.000,-0.902,1.004,0.367,-6.344,-5.699,-19.035,2.538,2.768,1.224,1.426,0,NULL,NULL,,3,0,2,7,255,961,250,0,0
stim,80207,110328,0,110328,3307649.455,-0.494,0.280,-0.436,0.698,0,0,4,0,0,0,0,26,58,1.327,1,2140,0,269.911,10.277,7.438,269.750,-5.625,-0.934,0.375,0.953,-6.344,-8.086,-19.035,2.580,2.812,1.224,1.426,0,NULL,NULL,,3,0,2,7,255,961,250,0,0
stim,80207,110328,0,110328,3307654.453,-0.501,0.270,-0.431,0.700,0,0,3,0,0,0,0,31,58,1.327,1,2140,0,291.402,11.149,-62.500,284.188,-15.688,-0.758,0.039,0.875,-0.938,-11.109,-14.363,2.622,2.856,1.224,1.426,0,NULL,NULL,,3,0,2,7,255,961,250,0,0
stim,80232,110353,0,110353,3307659.455,-0.508,0.259,-0.428,0.701,0,0,0,0,0,0,0,36,58,1.327,1,2140,0,309.277,11.110,-102.625,291.688,6.250,-0.590,0.168,0.297,0.109,-11.109,-13.566,2.662,2.898,1.224,1.426,0,NULL,NULL,,3,0,2,7,255,961,250,0,0
stim,80232,110353,0,110353,3307664.453,-0.514,0.248,-0.424,0.704,0,0,0,0,0,0,0,37,58,1.327,1,2140,0,304.741,5.567,-74.563,294.125,28.250,-0.570,0.441,-0.141,0.109,-5.566,-13.566,2.692,2.930,1.224,1.426,0,NULL,NULL,,3,0,2,7,255,961,250,0,0
stim,80254,110375,0,110375,3307669.455,-0.519,0.238,-0.418,0.707,0,0,0,0,0,0,0,39,58,1.327,1,2140,0,296.135,2.915,-18.250,293.875,31.625,-0.594,0.480,-0.180,-1.996,-2.125,-16.422,2.716,2.956,1.224,1.426,0,NULL,NULL,,3,0,2,7,255,961,250,0,0
stim,80254,110375,0,110375,3307674.454,-0.523,0.229,-0.411,0.711,0,0,0,0,0,0,0,37,58,1.327,1,2140,0,297.271,2.915,17.438,295.063,31.688,-0.547,0.355,-0.012,-1.996,-2.125,-16.422,2.736,2.978,1.224,1.426,0,NULL,NULL,,3,0,2,7,255,961,250,0,0
stim,80254,110375,0,110375,3307679.455,-0.527,0.220,-0.404,0.715,0,0,0,0,0,0,0,31,58,1.327,1,2140,0,302.326,3.574,23.875,299.000,37.813,-0.453,0.289,0.086,-1.426,-3.277,-15.176,2.752,2.996,1.224,1.426,0,NULL,NULL,,3,0,2,7,255,961,250,0,0
stim,80254,110375,0,110375,3307684.453,-0.531,0.210,-0.396,0.719,0,0,0,0,0,0,0,27,58,1.327,1,2140,0,307.299,3.574,31.750,301.813,48.313,-0.402,0.297,0.070,-1.426,-3.277,-13.676,2.768,3.014,1.224,1.426,0,NULL,NULL,,3,0,2,7,255,961,250,0,0
stim,80254,110375,0,110375,3307689.455,-0.534,0.201,-0.388,0.724,0,0,0,0,0,0,0,23,58,1.327,1,2140,0,312.693,3.839,54.313,302.500,57.625,-0.422,0.285,0.137,-1.422,-3.566,-13.328,2.784,3.030,1.224,1.426,0,NULL,NULL,,3,0,2,7,255,961,250,0,0
stim,80254,110375,0,110375,3307694.454,-0.537,0.192,-0.379,0.729,0,0,0,0,0,0,0,27,58,1.327,1,2140,0,318.030,4.216,73.313,303.813,58.875,-0.457,0.254,0.324,-1.422,-3.969,-12.930,2.800,3.048,1.224,1.426,0,NULL,NULL,,3,0,2,7,255,961,250,0,0
stim,80254,110375,0,110375,3307699.455,-0.540,0.184,-0.369,0.734,0,0,0,0,0,0,0,22,58,1.327,1,2140,0,320.864,5.794,76.375,307.188,52.500,-0.438,0.277,0.504,-1.422,-5.617,-11.805,2.820,3.070,1.224,1.426,0,NULL,NULL,,3,0,2,7,255,961,250,0,0
stim,80254,110375,0,110375,3307704.453,-0.543,0.175,-0.360,0.738,0,0,0,0,0,0,0,23,58,1.327,1,2140,0,323.500,7.150,71.563,311.813,48.000,-0.391,0.305,0.605,-1.879,-6.898,-10.449,2.844,3.098,1.224,1.426,0,NULL,NULL,,3,0,2,7,255,961,250,0,0
stim,80254,110375,0,110375,3307709.455,-0.547,0.165,-0.350,0.742,0,0,0,0,0,0,0,26,58,1.327,1,2140,0,328.157,7.761,70.563,316.875,47.938,-0.379,0.320,0.695,-2.488,-7.352,-9.398,2.874,3.128,1.224,1.426,0,NULL,NULL,,3,0,2,7,255,961,250,0,0
stim,80254,110375,0,110375,3307714.453,-0.550,0.156,-0.341,0.746,0,0,0,0,0,0,0,24,58,1.327,1,2140,0,333.774,8.372,68.250,323.813,43.500,-0.391,0.324,0.809,-2.832,-7.879,-8.559,2.906,3.162,1.224,1.426,0,NULL,NULL,,3,0,2,7,255,961,250,0,0
stim,80284,110405,0,110405,3307719.455,-0.554,0.146,-0.331,0.750,0,0,0,0,0,0,0,25,58,1.327,1,2140,0,339.423,9.220,59.750,332.563,32.250,-0.375,0.313,0.891,-3.055,-8.699,-7.664,2.944,3.200,1.224,1.426,0,NULL,NULL,,3,0,2,7,255,961,250,0,0
stim,80284,110405,0,110405,3307724.454,-0.558,0.136,-0.321,0.753,0,0,0,0,0,0,0,21,58,1.327,1,2140,0,346.067,9.233,49.688,341.750,22.375,-0.320,0.273,0.898,-3.094,-8.699,-6.695,2.984,3.242,1.224,1.426,0,NULL,NULL,,3,0,2,7,255,961,250,0,0
stim,80284,110405,0,110405,3307729.455,-0.562,0.125,-0.311,0.756,0,0,0,0,0,0,0,26,58,1.327,1,2140,0,353.559,9.031,44.313,350.313,17.938,-0.281,0.227,0.863,-3.094,-8.484,-5.957,3.028,3.288,1.224,1.426,0,NULL,NULL,,3,0,2,7,255,961,250,0,0
stim,80284,110405,0,110405,3307734.453,-0.567,0.115,-0.301,0.759,0,0,0,0,0,0,0,31,58,1.327,1,2140,0,361.395,8.256,44.313,358.375,14.500,-0.262,0.207,0.824,-2.824,-7.758,-5.605,3.072,3.332,1.224,1.426,0,NULL,NULL,,3,0,2,7,255,961,250,0,0
stim,80284,110405,0,110405,3307739.455,-0.571,0.104,-0.290,0.761,0,0,0,0,0,0,0,31,58,1.327,1,2140,0,368.812,7.657,47.188,365.688,8.250,-0.215,0.188,0.770,-2.691,-7.168,-5.527,3.116,3.378,1.224,1.426,0,NULL,NULL,,3,0,2,7,255,961,250,0,0
stim,80284,110405,0,110405,3307744.454,-0.576,0.093,-0.279,0.763,0,0,0,0,0,0,0,42,58,1.327,1,2140,0,375.093,6.852,54.188,371.125,4.938,-0.160,0.172,0.699,-2.629,-6.328,-5.504,3.156,3.420,1.224,1.426,0,NULL,NULL,,3,0,2,7,255,961,250,0,0
stim,80314,110435,0,110435,3307749.455,-0.580,0.082,-0.267,0.765,0,0,0,0,0,0,0,43,58,1.327,1,2140,0,379.349,5.931,68.063,373.125,7.125,-0.129,0.172,0.660,-2.629,-5.316,-5.504,3.196,3.460,1.224,1.426,0,NULL,NULL,,3,0,2,7,255,961,250,0,0
stim,80314,110435,0,110435,3307754.453,-0.584,0.072,-0.255,0.767,0,0,0,0,0,0,0,43,58,1.327,1,2140,0,382.160,5.407,86.688,372.063,10.063,-0.125,0.191,0.699,-2.641,-4.719,-5.504,3.232,3.498,1.224,1.426,0,NULL,NULL,,3,0,2,7,255,961,250,0,0
stim,80314,110435,0,110435,3307759.455,-0.588,0.062,-0.242,0.769,0,0,0,0,0,0,0,43,58,1.327,1,2140,0,383.184,5.560,103.500,368.750,11.875,-0.109,0.188,0.789,-2.941,-4.719,-5.121,3.266,3.532,1.224,1.426,0,NULL,NULL,,3,0,2,7,255,961,250,0,0
stim,80314,110435,0,110435,3307764.454,-0.591,0.053,-0.229,0.772,0,0,0,0,0,0,0,45,58,1.327,1,2140,0,382.479,5.658,115.063,364.438,15.375,-0.078,0.156,0.859,-3.133,-4.711,-4.125,3.296,3.566,1.224,1.426,0,NULL,NULL,,3,0,2,7,255,961,250,0,0
stim,80352,110473,0,110473,3307769.455,-0.594,0.044,-0.215,0.774,0,0,0,0,0,0,0,40,58,1.327,1,2140,0,381.669,5.559,126.313,359.500,21.813,-0.066,0.160,0.906,-3.164,-4.570,-3.160,3.326,3.596,1.224,1.426,0,NULL,NULL,,3,0,2,7,255,961,250,0,0
stim,80352,110473,0,110473,3307774.454,-0.597,0.035,-0.201,0.776,0,0,0,0,0,0,0,46,58,1.327,1,2140,0,382.339,5.624,141.438,354.375,24.438,-0.102,0.223,0.969,-3.277,-4.570,-2.570,3.354,3.626,1.224,1.426,0,NULL,NULL,,3,0,2,7,255,961,250,0,0
stim,80352,110473,0,110473,3307779.455,-0.599,0.027,-0.187,0.778,0,0,0,0,0,0,0,51,58,1.327,1,2140,0,382.335,5.942,152.188,349.813,25.500,-0.055,0.207,1.094,-3.867,-4.512,-2.148,3.384,3.654,1.224,1.426,0,NULL,NULL,,3,0,2,7,255,961,250,0,0
stim,80352,110473,0,110473,3307784.453,-0.600,0.020,-0.172,0.781,0,0,0,0,0,0,0,45,58,1.327,1,2140,0,381.331,5.942,158.750,344.313,40.750,-0.020,0.141,1.223,-3.867,-4.512,-0.652,3.412,3.684,1.224,1.426,0,NULL,NULL,,3,0,2,7,255,961,250,0,0
stim,80352,110473,0,110473,3307789.455,-0.601,0.012,-0.158,0.783,0,0,0,0,0,0,0,45,58,1.327,1,2140,0,380.202,6.090,163.063,339.500,52.000,-0.117,0.203,1.352,-4.090,-4.512,0.938,3.436,3.710,1.224,1.426,0,NULL,NULL,,3,0,2,7,255,961,250,0,0
stim,80352,110473,0,110473,3307794.454,-0.602,0.004,-0.144,0.785,0,0,0,0,0,0,0,51,58,1.327,1,2140,0,375.717,6.625,161.625,336.375,43.500,-0.184,0.207,1.422,-4.223,-5.105,1.910,3.460,3.732,1.224,1.426,0,NULL,NULL,,3,0,2,7,255,961,250,0,0
stim,80380,110501,0,110501,3307799.455,-0.603,-0.003,-0.129,0.787,0,0,0,0,0,0,0,47,58,1.327,1,2140,0,373.047,6.625,162.500,333.750,37.000,-0.160,0.172,1.477,-4.223,-5.105,2.629,3.482,3.756,1.224,1.426,0,NULL,NULL,,3,0,2,7,255,961,250,0,0
stim,80380,110501,0,110501,3307804.453,-0.604,-0.010,-0.115,0.788,0,0,0,0,0,0,0,45,58,1.327,1,2140,0,371.693,6.386,167.063,330.000,36.688,-0.129,0.160,1.578,-4.078,-4.914,3.449,3.512,3.786,1.224,1.426,0,NULL,NULL,,3,0,2,7,255,961,250,0,0
stim,80380,110501,0,110501,3307809.455,-0.605,-0.017,-0.100,0.790,0,0,0,0,0,0,0,45,58,1.327,1,2140,0,368.278,5.975,168.625,324.875,40.625,-0.145,0.176,1.699,-4.078,-4.367,4.652,3.542,3.816,1.224,1.426,0,NULL,NULL,,3,0,2,7,255,961,250,0,0
stim,80380,110501,0,110501,3307814.454,-0.605,-0.024,-0.086,0.791,0,0,0,0,0,0,0,43,58,1.327,1,2140,0,361.788,6.052,162.938,320.188,42.688,-0.172,0.203,1.777,-4.293,-4.266,5.898,3.570,3.846,1.224,1.426,0,NULL,NULL,,3,0,2,7,255,961,250,0,0
stim,80380,110501,0,110501,3307819.455,-0.606,-0.031,-0.072,0.792,0,0,0,0,0,0,0,47,58,1.327,1,2140,0,354.933,6.173,156.750,315.938,39.875,-0.191,0.223,1.789,-4.531,-4.191,6.734,3.598,3.874,1.224,1.426,0,NULL,NULL,,3,0,2,7,255,961,250,0,0
stim,80380,110501,0,110501,3307824.454,-0.606,-0.037,-0.059,0.793,0,0,0,0,0,0,0,45,58,1.327,1,2140,0,351.134,5.967,158.313,311.375,35.750,-0.184,0.188,1.793,-4.531,-3.883,6.941,3.626,3.900,1.224,1.426,0,NULL,NULL,,3,0,2,7,255,961,250,0,0
stim,80380,110501,0,110501,3307829.455,-0.606,-0.044,-0.045,0.793,0,0,0,0,0,0,0,40,58,1.327,1,2140,0,350.749,5.269,166.625,307.000,31.813,-0.176,0.148,1.844,-4.172,-3.219,7.172,3.650,3.924,1.224,1.426,0,NULL,NULL,,3,0,2,7,255,961,250,0,0
stim,80380,110501,0,110501,3307834.453,-0.606,-0.050,-0.030,0.793,0,0,0,0,0,0,0,39,58,1.327,1,2140,0,352.577,4.569,176.438,304.250,24.750,-0.164,0.117,1.938,-3.777,-2.570,7.832,3.672,3.946,1.224,1.426,0,NULL,NULL,,3,0,2,7,255,961,250,0,0
stim,80404,110525,0,110525,3307839.455,-0.607,-0.055,-0.016,0.793,0,0,0,0,0,0,0,39,58,1.327,1,2140,0,355.081,3.989,183.750,303.438,15.625,-0.133,0.047,2.023,-3.539,-1.840,8.879,3.690,3.966,1.224,1.426,0,NULL,NULL,,3,0,2,7,255,961,250,0,0
stim,80404,110525,0,110525,3307844.454,-0.607,-0.061,-0.001,0.792,0,0,0,0,0,0,0,39,58,1.327,1,2140,0,358.277,3.001,189.063,304.188,9.375,-0.090,-0.012,2.074,-2.910,-0.734,9.855,3.704,3.980,1.224,1.426,0,NULL,NULL,,3,0,2,7,255,961,250,0,0
stim,80404,110525,0,110525,3307849.455,-0.608,-0.066,0.014,0.791,0,0,0,0,0,0,0,43,58,1.327,1,2140,0,364.074,2.392,197.063,306.125,1.938,-0.043,-0.051,2.090,-2.352,0.438,10.410,3.714,3.988,1.224,1.426,0,NULL,NULL,,3,0,2,7,255,961,250,0,0
stim,80404,110525,0,110525,3307854.453,-0.609,-0.071,0.029,0.789,0,0,0,0,0,0,0,41,58,1.327,1,2140,0,372.963,2.512,211.125,307.375,-6.938,0.023,-0.117,2.105,-1.922,1.617,10.527,3.716,3.992,1.224,1.426,0,NULL,NULL,,3,0,2,7,255,961,250,0,0
stim,80429,110550,0,110550,3307859.455,-0.610,-0.075,0.045,0.787,0,0,0,0,0,0,0,47,58,1.327,1,2140,0,383.616,3.266,229.750,306.750,-16.750,0.145,-0.211,2.152,-1.215,3.031,10.613,3.714,3.990,1.224,1.426,0,NULL,NULL,,3,0,2,7,255,961,250,0,0
stim,80429,110550,0,110550,3307864.454,-0.612,-0.079,0.062,0.785,0,0,0,0,0,0,0,48,58,1.327,1,2140,0,395.357,5.101,250.375,304.813,-26.625,0.344,-0.270,2.223,-0.395,5.086,10.797,3.704,3.980,1.224,1.426,0,NULL,NULL,,3,0,2,7,255,961,250,0,0
stim,80462,110583,0,110583,3307869.455,-0.613,-0.082,0.079,0.782,0,0,0,0,0,0,0,47,58,1.327,1,2140,0,408.380,7.855,273.313,301.625,-33.125,0.605,-0.270,2.332,-0.328,7.848,10.945,3.684,3.962,1.224,1.426,0,NULL,NULL,,3,0,2,7,255,961,250,0,0
stim,80462,110583,0,110583,3307874.454,-0.615,-0.084,0.097,0.778,0,0,0,0,0,0,0,50,58,1.327,1,2140,0,421.549,11.145,296.125,297.938,-35.313,0.871,-0.246,2.492,-0.328,11.141,11.148,3.654,3.932,1.224,1.426,0,NULL,NULL,,3,0,2,7,255,961,250,0,0
stim,80462,110583,0,110583,3307879.455,-0.616,-0.086,0.115,0.775,0,0,0,0,0,0,0,52,58,1.327,1,2140,0,428.475,14.605,310.875,293.188,-31.438,1.105,-0.246,2.680,-0.754,14.586,11.641,3.614,3.892,1.224,1.426,0,NULL,NULL,,3,0,2,7,255,961,250,0,0
stim,80462,110583,0,110583,3307884.454,-0.616,-0.087,0.133,0.771,0,0,0,0,0,0,0,54,58,1.327,1,2140,0,424.647,17.920,311.750,287.375,-23.500,1.289,-0.219,2.836,-0.793,17.902,12.352,3.560,3.838,1.224,1.426,0,NULL,NULL,,3,0,2,7,255,961,250,0,0
stim,80462,110583,0,110583,3307889.455,-0.617,-0.089,0.151,0.767,0,0,0,0,0,0,0,47,58,1.327,1,2140,0,416.372,20.670,308.063,279.688,-15.438,1.422,-0.168,2.949,-0.863,20.652,12.727,3.496,3.772,1.224,1.426,0,NULL,NULL,,3,0,2,7,255,961,250,0,0
stim,80462,110583,0,110583,3307894.453,-0.617,-0.090,0.168,0.764,0,0,0,0,0,0,0,46,58,1.327,1,2140,0,402.946,22.825,298.000,270.938,-12.438,1.520,-0.152,3.012,-0.863,22.809,12.727,3.420,3.696,1.224,1.426,0,NULL,NULL,,3,0,2,7,255,961,250,0,0
stim,80462,110583,0,110583,3307899.455,-0.617,-0.091,0.184,0.760,0,0,0,0,0,0,0,54,58,1.327,1,2140,0,383.442,24.516,280.375,261.313,-11.563,1.563,-0.215,3.063,-0.785,24.504,12.363,3.334,3.606,1.224,1.426,0,NULL,NULL,,3,0,2,7,255,961,250,0,0
stim,80462,110583,0,110583,3307904.453,-0.616,-0.093,0.199,0.756,0,0,0,0,0,0,0,50,58,1.327,1,2140,0,358.180,25.799,255.688,250.563,-11.625,1.625,-0.191,3.125,0.293,25.797,11.926,3.240,3.510,1.224,1.426,0,NULL,NULL,,3,0,2,7,255,961,250,0,0
stim,80462,110583,0,110583,3307909.455,-0.616,-0.095,0.213,0.753,0,0,0,0,0,0,0,54,58,1.327,1,2140,0,327.080,27.127,221.625,239.813,-18.813,1.797,-0.148,3.086,0.293,27.125,11.551,3.138,3.404,1.224,1.426,0,NULL,NULL,,3,0,2,7,255,961,250,0,0
stim,80462,110583,0,110583,3307914.454,-0.615,-0.098,0.225,0.749,0,0,0,0,0,0,0,62,58,1.327,1,2140,0,295.681,28.895,184.938,229.375,-24.750,2.031,-0.250,2.922,0.480,28.891,9.910,3.030,3.292,1.224,1.426,0,NULL,NULL,,3,0,2,7,255,961,250,0,0
stim,80487,110608,0,110608,3307919.455,-0.615,-0.101,0.236,0.746,0,0,0,0,0,0,0,71,58,1.327,1,2140,0,266.292,30.816,149.375,219.188,-23.563,2.254,-0.438,2.660,0.695,30.809,6.668,2.914,3.172,1.224,1.426,0,NULL,NULL,,3,0,2,7,255,961,250,0,0
stim,80487,110608,0,110608,3307924.454,-0.614,-0.105,0.245,0.743,0,0,0,0,0,0,0,83,58,1.327,1,2140,0,242.705,32.141,121.875,208.938,-19.938,2.457,-0.613,2.332,1.941,32.082,2.398,2.790,3.042,1.224,1.426,0,NULL,NULL,,3,0,2,7,255,961,250,0,0
stim,80487,110608,0,110608,3307929.455,-0.613,-0.109,0.254,0.740,0,0,0,0,0,0,0,105,58,1.327,1,2140,0,227.426,32.831,108.250,199.125,-18.813,2.688,-0.742,2.008,2.980,32.695,-2.313,2.660,2.906,1.224,1.426,0,NULL,NULL,,3,0,2,7,255,961,250,0,0
stim,80487,110608,0,110608,3307934.454,-0.612,-0.112,0.262,0.737,0,0,0,0,0,0,0,119,58,1.327,1,2140,0,222.128,33.465,113.188,190.750,-12.000,3.023,-0.750,1.641,2.980,33.332,-7.027,2.526,2.766,1.224,1.426,0,NULL,NULL,,3,0,2,7,255,961,250,0,0
stim,80487,110608,0,110608,3307939.455,-0.611,-0.114,0.271,0.735,0,0,0,0,0,0,0,160,58,1.327,1,2140,0,222.714,34.357,133.625,178.125,4.188,3.164,-0.727,1.566,2.340,34.277,-12.305,2.390,2.622,1.224,1.426,0,NULL,NULL,,3,0,2,7,255,961,250,0,0
stim,80487,110608,0,110608,3307944.453,-0.610,-0.117,0.278,0.732,0,0,0,0,0,0,0,171,58,1.327,1,2140,0,175.862,35.027,86.188,151.063,-26.063,3.289,-0.988,1.703,2.340,34.949,-14.184,2.250,2.476,1.224,1.426,0,NULL,NULL,,3,0,2,7,255,961,250,0,0
stim,80514,110635,0,110635,3307949.455,-0.610,-0.120,0.284,0.730,0,0,0,0,0,0,0,190,58,1.327,1,2140,0,157.136,37.161,61.875,143.438,-17.000,3.871,-1.547,1.207,4.211,36.922,-14.836,2.110,2.326,1.224,1.426,0,NULL,NULL,,3,0,2,7,255,961,250,0,0
stim,80514,110635,0,110635,3307954.454,-0.607,-0.121,0.291,0.729,0,0,0,0,0,0,0,205,58,1.327,1,2140,0,169.030,38.027,105.563,124.750,43.188,3.949,-1.930,0.656,7.516,37.277,-23.633,1.964,2.174,1.224,1.426,0,NULL,NULL,,3,0,2,7,255,961,250,0,0
stim,80514,110635,0,110635,3307959.455,-0.605,-0.118,0.299,0.729,0,0,0,0,0,0,0,205,58,1.327,1,2140,0,213.071,38.599,176.375,84.688,84.375,3.691,-1.977,0.891,10.016,37.277,-27.344,1.816,2.014,1.224,1.426,0,NULL,NULL,,3,0,2,7,255,961,250,0,0
stim,80514,110635,0,110635,3307964.453,-0.602,-0.113,0.308,0.728,0,0,0,0,0,0,0,191,58,1.327,1,2140,0,242.970,38.073,216.938,50.750,96.938,3.215,-1.910,1.371,11.129,36.410,-27.344,1.658,1.846,1.224,1.426,0,NULL,NULL,,3,0,2,7,255,961,250,0,0
stim,80554,110675,0,110675,3307969.455,-0.601,-0.106,0.315,0.727,0,0,0,0,0,0,0,181,58,1.327,1,2140,0,233.994,36.853,223.750,9.063,67.875,2.660,-1.211,2.129,11.129,35.133,-21.402,1.496,1.670,1.224,1.426,0,NULL,NULL,,3,0,2,7,255,961,250,0,0
stim,80554,110675,0,110675,3307974.454,-0.602,-0.101,0.320,0.725,0,0,0,0,0,0,0,177,58,1.327,1,2140,0,176.352,36.160,173.750,-29.313,7.188,2.465,-0.980,2.680,8.559,35.133,-10.953,1.334,1.492,1.224,1.426,0,NULL,NULL,,3,0,2,7,255,961,250,0,0
stim,80554,110675,0,110675,3307979.455,-0.603,-0.095,0.322,0.724,0,0,0,0,0,0,0,231,58,1.327,1,2140,0,134.514,36.661,115.875,-67.875,7.750,2.617,-1.090,2.816,8.559,35.648,-5.168,1.178,1.316,1.224,1.426,0,NULL,NULL,,3,0,2,7,255,961,250,0,0
stim,80554,110675,0,110675,3307984.453,-0.600,-0.081,0.326,0.726,47,0,0,359,0,0,0,367,58,1.327,1,2140,0,345.453,36.899,237.813,-167.125,186.688,0.906,-1.551,4.605,9.523,35.648,-5.121,1.032,1.142,1.224,1.426,0,NULL,NULL,,3,0,2,7,255,961,250,0,0
stim,80554,110675,0,110675,3307989.455,-0.590,-0.054,0.335,0.733,669,0,0,1079,0,101,0,437,58,1.327,1,2140,0,719.046,39.032,450.250,-296.688,475.688,0.957,1.258,8.668,10.355,37.633,15.727,0.898,0.966,1.224,1.426,0,NULL,NULL,,3,0,2,7,255,961,250,0,0
stim,80554,110675,0,110675,3307994.453,-0.579,-0.062,0.310,0.752,1177,0,0,1515,0,409,0,549,58,1.327,1,2140,0,785.845,35.748,-695.375,-131.688,341.563,-1.363,1.914,5.461,10.355,34.215,46.629,0.784,0.796,1.224,1.426,0,NULL,NULL,,3,0,2,7,255,961,250,0,0
stim,80554,110675,0,110675,3307999.455,-0.570,-0.083,0.268,0.773,1659,0,0,1818,0,599,0,595,58,1.327,1,2140,0,1190.955,14.547,-1157.563,-175.625,218.125,-1.078,3.934,0.234,-0.336,14.543,46.629,0.700,0.632,1.224,1.426,0,NULL,NULL,,3,0,2,7,255,961,250,0,0
stim,80554,110675,0,110675,3308004.454,-0.564,-0.096,0.239,0.785,1995,0,0,1960,0,873,0,619,57,1.327,1,2141,0,784.795,27.735,-763.875,-129.750,124.750,-1.738,2.844,-2.477,-22.402,-16.352,8.027,0.654,0.482,1.224,1.426,1,1072.000,111.000,,3,0,2,7,255,961,250,0,0
stim,80554,110675,0,110675,3308009.455,-0.564,-0.099,0.227,0.788,2186,0,0,2091,0,1039,0,693,57,1.327,1,2141,0,308.114,34.205,-280.125,-128.250,-4.000,-1.703,0.516,-2.277,-22.402,-25.848,-17.164,0.656,0.380,1.224,1.426,1,NULL,NULL,,3,0,2,7,255,961,250,0,0
stim,80554,110675,0,110675,3308014.453,-0.568,-0.093,0.225,0.787,2351,0,0,2186,0,1221,0,781,57,1.327,1,2141,0,175.960,25.856,60.750,-150.688,-67.563,-0.500,-0.496,0.629,-0.645,-25.848,-17.164,0.684,0.344,1.224,1.426,1,NULL,NULL,,3,0,2,7,255,961,250,0,0
stim,80584,110705,0,110705,3308019.455,-0.569,-0.087,0.223,0.787,2557,0,0,2427,0,1295,0,831,57,1.327,1,2141,0,127.164,0.664,38.500,-120.875,8.813,0.484,1.289,1.988,-0.645,-0.160,-3.422,0.718,0.364,1.224,1.426,1,NULL,NULL,,3,0,2,7,255,961,250,0,0
stim,80584,110705,0,110705,3308024.454,-0.565,-0.085,0.216,0.792,2701,0,0,2607,0,1325,0,903,57,1.327,1,2141,0,216.712,11.964,-126.875,-122.438,126.000,-0.313,1.699,2.117,-11.863,1.547,8.543,0.750,0.408,1.224,1.426,2,NULL,NULL,,3,0,2,7,255,961,250,0,0
stim,80584,110705,0,110705,3308029.455,-0.558,-0.086,0.201,0.801,2806,0,0,2728,0,1343,0,1033,57,1.327,1,2141,0,443.975,11.964,-350.750,-175.938,207.688,-1.941,-0.141,1.277,-11.863,1.547,8.543,0.782,0.452,1.224,1.426,2,NULL,NULL,,3,0,2,7,255,961,250,0,0
stim,80584,110705,0,110705,3308034.453,-0.558,-0.090,0.183,0.805,2863,0,0,2813,0,1387,0,1147,57,1.327,1,2141,0,426.200,14.012,-390.063,-170.938,-16.688,-2.273,-0.953,-0.273,8.840,-10.871,8.219,0.816,0.492,1.224,1.426,2,NULL,NULL,,3,0,2,7,255,961,250,0,0
stim,80584,110705,0,110705,3308039.455,-0.564,-0.089,0.170,0.803,2908,0,0,2895,0,1427,0,1264,57,1.327,1,2141,0,333.986,15.754,-210.375,-196.688,-169.125,-1.059,-0.875,-0.766,11.402,-10.871,-6.066,0.850,0.526,1.224,1.426,2,NULL,NULL,,3,0,2,7,255,961,250,0,0
stim,80584,110705,0,110705,3308044.453,-0.573,-0.084,0.164,0.799,2951,0,0,2957,0,1462,0,1367,57,1.327,1,2141,0,286.674,14.636,-13.813,-197.188,-207.625,-0.078,-0.906,0.551,11.402,-9.176,-6.066,0.866,0.550,1.224,1.426,2,NULL,NULL,,3,0,2,7,255,961,250,0,0
stim,80614,110735,0,110735,3308049.455,-0.580,-0.078,0.158,0.795,2987,0,0,2997,0,1509,0,1439,57,1.327,1,2141,0,255.332,10.567,-12.125,-189.000,-171.250,0.773,-1.273,1.793,9.855,3.813,-5.715,0.850,0.558,1.224,1.426,2,NULL,NULL,,3,0,2,7,255,961,250,0,0
stim,80614,110735,0,110735,3308054.454,-0.583,-0.075,0.150,0.795,3001,0,0,3049,0,1593,0,1485,57,1.327,1,2141,0,204.270,18.394,-91.125,-164.688,-79.375,1.434,-1.352,1.898,8.699,16.207,2.082,0.814,0.554,1.224,1.426,2,NULL,NULL,,3,0,2,7,255,961,250,0,0
stim,80614,110735,0,110735,3308059.455,-0.582,-0.074,0.141,0.798,3027,0,0,3083,0,1696,0,1496,57,1.327,1,2141,0,220.300,23.651,-153.938,-147.938,54.313,1.488,-1.457,1.492,9.180,21.797,2.082,0.770,0.536,1.224,1.426,2,NULL,NULL,,3,0,2,7,255,961,250,0,0
stim,80614,110735,0,110735,3308064.453,-0.576,-0.072,0.133,0.804,3044,0,0,3099,0,1812,19,1509,57,1.327,1,2141,0,269.604,23.651,-160.750,-129.313,173.563,0.777,-1.363,0.992,9.180,21.797,-1.563,0.722,0.492,1.224,1.426,2,NULL,NULL,,3,0,2,7,255,961,250,0,0
stim,80652,110773,0,110773,3308069.455,-0.568,-0.070,0.127,0.810,3045,0,0,3124,0,1903,43,1529,57,1.327,1,2141,0,282.970,16.562,-117.250,-118.313,228.750,-0.086,-0.723,0.527,9.180,13.785,-3.918,0.680,0.426,1.224,1.426,2,NULL,NULL,,3,0,2,7,255,961,250,0,0
stim,80652,110773,0,110773,3308074.454,-0.561,-0.066,0.123,0.816,3050,0,0,3135,0,2013,55,1579,57,1.327,1,2141,0,239.163,7.469,-52.250,-124.250,197.563,-0.758,0.137,0.625,6.867,2.938,-3.918,0.646,0.346,1.224,1.426,2,NULL,NULL,,3,0,2,7,255,961,250,0,0
stim,80652,110773,0,110773,3308079.455,-0.558,-0.062,0.119,0.819,3053,0,0,3147,5,2155,100,1799,57,1.327,1,2141,0,166.336,5.739,-23.688,-126.813,105.000,-0.934,0.617,1.039,1.363,-5.574,-1.953,0.618,0.274,1.224,1.426,2,NULL,NULL,,3,0,2,7,255,961,250,0,0
stim,80652,110773,0,110773,3308084.453,-0.558,-0.058,0.115,0.820,3055,0,0,3155,217,2239,269,1930,57,1.327,1,2141,0,133.455,6.030,-41.563,-126.313,11.313,-0.680,0.605,1.539,-2.301,-5.574,2.773,0.596,0.220,1.224,1.426,2,NULL,NULL,,3,0,2,7,255,961,250,0,0
stim,80652,110773,0,110773,3308089.455,-0.561,-0.057,0.111,0.818,3058,0,0,3161,479,2291,267,2069,57,1.327,1,2141,0,126.707,5.475,-49.875,-75.875,-88.375,0.031,0.375,2.242,-3.066,-4.535,6.852,0.576,0.192,1.224,1.426,2,NULL,NULL,,3,0,2,7,255,961,250,0,0
stim,80652,110773,0,110773,3308094.454,-0.565,-0.058,0.105,0.816,3059,0,0,3179,747,2335,263,2135,57,1.327,1,2141,0,173.100,5.406,-110.938,-41.250,-126.313,0.660,0.344,1.422,-3.566,4.063,6.852,0.560,0.186,1.224,1.426,2,NULL,NULL,,3,0,2,7,255,961,250,0,0
stim,80680,110801,0,110801,3308099.455,-0.568,-0.059,0.101,0.815,3048,17,0,3168,941,2365,271,2195,57,1.327,1,2141,0,112.768,9.644,-70.000,-43.000,-77.250,0.914,0.594,0.867,-5.617,7.840,2.609,0.556,0.186,1.224,1.426,2,NULL,NULL,,3,0,2,7,255,961,250,0,0
stim,80680,110801,0,110801,3308104.454,-0.568,-0.059,0.099,0.815,3047,31,0,3171,1099,2387,319,2249,57,1.327,1,2141,0,46.343,9.644,-41.000,-20.500,-6.813,0.387,-0.277,1.262,-5.617,7.840,1.273,0.562,0.180,1.224,1.426,2,NULL,NULL,,3,0,2,7,255,961,250,0,0
stim,80680,110801,0,110801,3308109.455,-0.567,-0.061,0.095,0.816,3048,56,0,3173,1208,2403,333,2295,57,1.327,1,2141,0,115.703,7.116,-111.688,-16.313,25.438,-0.285,-0.836,1.305,0.965,7.051,1.273,0.580,0.164,1.224,1.426,2,NULL,NULL,,3,0,2,7,255,961,250,0,0
stim,80680,110801,0,110801,3308114.453,-0.568,-0.064,0.090,0.816,3048,99,0,3171,1302,2409,330,2329,57,1.327,1,2141,0,125.269,5.678,-122.000,-12.188,-25.688,-0.516,-0.371,0.723,4.848,2.957,1.273,0.604,0.146,1.224,1.426,2,NULL,NULL,,3,0,2,7,255,961,250,0,0
stim,80680,110801,0,110801,3308119.455,-0.571,-0.065,0.088,0.813,3048,107,0,3175,1416,2419,333,2361,57,1.327,1,2141,0,103.683,5.076,-36.938,-12.563,-96.063,-0.234,0.102,0.496,4.848,-1.504,-2.004,0.626,0.126,1.224,1.426,2,NULL,NULL,,3,0,2,7,255,961,250,0,0
stim,80680,110801,0,110801,3308124.454,-0.575,-0.064,0.089,0.811,3046,127,0,3175,1509,2427,343,2385,57,1.327,1,2141,0,102.798,1.555,22.563,-13.063,-99.438,0.184,0.094,1.012,-0.395,-1.504,-2.004,0.634,0.106,1.224,1.426,2,NULL,NULL,,3,0,2,7,255,961,250,0,0
stim,80680,110801,1,110801,3308129.455,-0.576,-0.064,0.088,0.810,3047,157,0,3183,1571,2443,343,2415,57,1.327,1,2141,0,49.271,3.396,-13.500,-10.313,-46.250,0.184,-0.070,1.352,-0.473,3.363,-0.457,0.636,0.086,1.224,1.426,2,NULL,NULL,,3,1,2,7,255,961,250,0,0
stim,80680,110801,1,110801,3308134.453,-0.577,-0.066,0.085,0.810,3048,172,0,3176,1617,2451,347,2429,57,1.327,1,2141,0,74.678,3.396,-74.125,-4.813,-7.688,-0.074,-0.098,1.188,-0.473,3.363,1.707,0.638,0.072,1.224,1.426,2,NULL,NULL,,3,1,2,7,255,961,250,0,0
stim,80703,110824,1,110824,3308139.455,-0.577,-0.068,0.082,0.810,3049,213,0,3176,1695,2455,355,2444,57,1.327,1,2141,0,84.107,2.039,-81.313,-2.313,-21.375,-0.246,-0.129,0.813,0.609,1.945,1.707,0.640,0.060,1.224,1.426,2,NULL,NULL,,3,1,2,7,255,961,250,0,0
stim,80703,110824,1,110824,3308144.454,-0.579,-0.069,0.080,0.809,3050,221,67,3177,1742,2460,360,2457,57,1.327,1,2141,0,58.259,1.861,-39.750,-3.625,-42.438,-0.109,-0.246,0.680,1.527,1.063,-1.551,0.646,0.050,1.224,1.426,2,NULL,NULL,,3,1,2,7,255,961,250,0,0
stim,80703,110824,1,110824,3308149.455,-0.580,-0.069,0.079,0.808,3055,223,109,3177,1781,2468,359,2460,57,1.327,1,2141,0,32.700,2.327,-5.188,-6.500,-31.625,0.035,-0.289,0.859,2.070,1.063,-1.695,0.650,0.040,1.224,1.426,2,NULL,NULL,,3,1,2,7,255,961,250,0,0
stim,80703,110824,1,110824,3308154.454,-0.580,-0.069,0.079,0.808,3055,227,187,3177,1823,2473,356,2470,57,1.327,1,2141,0,8.099,3.148,-0.438,-5.688,-5.750,0.004,-0.121,1.047,2.070,2.371,-1.695,0.652,0.030,1.224,1.426,2,NULL,NULL,,3,1,2,7,255,961,250,0,0
stim,80727,110848,1,110848,3308159.455,-0.580,-0.068,0.079,0.808,3055,231,249,3177,1849,2475,346,2473,57,1.327,1,2141,0,8.928,2.425,-7.625,-4.063,2.250,-0.113,0.102,1.090,0.508,2.371,0.191,0.652,0.026,1.224,1.426,2,NULL,NULL,,3,1,2,7,255,961,250,0,0
stim,80727,110848,1,110848,3308164.453,-0.580,-0.068,0.078,0.808,3059,235,297,3177,1865,2478,325,2476,57,1.327,1,2141,0,13.450,1.395,-11.563,-2.563,-6.375,-0.133,0.133,1.055,-1.207,0.699,0.590,0.656,0.022,1.224,1.426,2,NULL,NULL,,3,1,2,7,255,961,250,0,0
stim,80762,110883,1,110883,3308169.455,-0.580,-0.069,0.078,0.808,3059,239,337,3177,1875,2477,315,2479,57,1.327,1,2141,0,14.749,1.395,-11.563,-1.688,-9.000,-0.070,0.000,1.004,-1.207,0.699,0.590,0.660,0.018,1.224,1.426,2,NULL,NULL,,3,1,2,7,255,961,250,0,0
stim,80762,110883,1,110883,3308174.454,-0.580,-0.069,0.077,0.808,3059,241,363,3173,1885,2479,316,2484,57,1.327,1,2141,0,9.186,1.283,-8.938,-1.563,1.438,-0.074,-0.078,0.961,-0.375,1.227,-0.039,0.666,0.014,1.224,1.426,2,NULL,NULL,,3,1,2,7,255,961,250,0,0
stim,80762,110883,1,110883,3308179.455,-0.580,-0.069,0.077,0.808,3059,243,395,3173,1895,2479,309,2485,57,1.276,1,2141,1,8.222,1.234,-2.750,-1.688,7.563,-0.145,-0.027,0.961,0.137,1.227,-0.289,0.000,0.000,1.215,1.359,2,NULL,NULL,,3,1,2,7,255,961,250,0,0
stim,80762,110883,1,110883,3308184.454,-0.580,-0.069,0.077,0.808,3056,231,413,3171,1907,2479,313,2485,57,1.276,1,2141,1,3.671,0.575,2.750,-1.688,1.750,-0.184,0.027,1.012,0.137,0.559,-0.289,0.006,0.002,1.215,1.359,2,NULL,NULL,,3,1,2,7,255,961,250,0,0
stim,80762,110883,1,110883,3308189.455,-0.580,-0.068,0.077,0.808,3055,237,435,3167,1912,2477,317,2483,57,1.276,1,2141,1,6.420,0.477,3.875,-1.563,-4.875,-0.152,0.055,1.047,-0.285,0.383,0.262,0.010,0.004,1.215,1.359,2,NULL,NULL,,3,1,2,7,255,961,250,0,0
stim,80762,110883,1,110883,3308194.454,-0.580,-0.068,0.077,0.808,3053,229,441,3164,1917,2477,325,2483,57,1.276,1,2141,1,7.079,0.763,3.625,-1.313,-5.938,-0.105,0.078,1.051,-0.660,0.383,0.508,0.012,0.006,1.215,1.359,2,NULL,NULL,,3,1,2,7,255,961,250,0,0
stim,80762,110883,1,110883,3308199.455,-0.580,-0.068,0.077,0.808,3049,226,447,3160,1916,2473,329,2483,57,1.276,1,2141,1,2.644,1.134,2.438,-0.625,-0.813,-0.125,0.086,1.051,-1.000,0.535,0.539,0.016,0.006,1.215,1.359,2,NULL,NULL,,3,1,2,7,255,961,250,0,0
stim,80762,110883,1,110883,3308204.453,-0.580,-0.068,0.077,0.808,3045,215,471,3155,1927,2469,315,2479,57,1.276,1,2141,1,1.742,1.134,0.250,-1.188,-1.250,-0.152,0.090,1.051,-1.000,0.535,0.555,0.020,0.008,1.215,1.359,2,NULL,NULL,,3,1,2,7,255,961,250,0,0
stim,80762,110883,1,110883,3308209.455,-0.580,-0.068,0.077,0.808,3037,214,474,3149,1926,2460,316,2479,57,1.276,1,2141,1,3.249,1.006,-2.063,-0.813,-2.375,-0.172,0.035,1.012,-0.969,0.270,0.555,0.026,0.010,1.215,1.359,2,NULL,NULL,,3,1,2,7,255,961,250,0,0
stim,80762,110883,1,110883,3308214.453,-0.581,-0.068,0.077,0.808,3031,209,487,3143,1931,2455,315,2483,57,1.276,1,2141,1,5.125,0.468,-0.063,-2.563,-4.438,-0.156,0.020,0.973,-0.383,0.270,0.258,0.030,0.012,1.215,1.359,2,NULL,NULL,,3,1,2,7,255,961,250,0,0
stim,80787,110908,1,110908,3308219.455,-0.581,-0.067,0.077,0.808,3025,201,521,3135,1937,2449,325,2483,57,1.276,1,2141,1,6.422,0.448,5.000,-3.688,-1.625,-0.156,0.031,0.980,-0.363,0.262,-0.074,0.032,0.014,1.215,1.359,2,NULL,NULL,,3,1,2,7,255,961,250,0,0
stim,80787,110908,1,110908,3308224.454,-0.581,-0.067,0.077,0.808,3013,191,557,3127,1945,2445,327,2483,57,1.276,1,2141,1,7.228,0.448,5.313,-3.875,-3.000,-0.180,0.051,1.004,-0.363,0.262,-0.074,0.036,0.016,1.215,1.359,2,NULL,NULL,,3,1,2,7,255,961,250,0,0
stim,80787,110908,1,110908,3308229.455,-0.581,-0.067,0.077,0.808,2999,191,589,3115,1961,2441,329,2487,57,1.276,1,2141,1,7.597,0.540,3.625,-5.250,-4.125,-0.152,0.074,1.020,-0.480,0.246,0.199,0.040,0.020,1.215,1.359,2,NULL,NULL,,3,1,2,7,255,961,250,0,0
stim,80787,110908,1,110908,3308234.453,-0.581,-0.066,0.077,0.808,2987,191,613,3104,1977,2437,342,2489,57,1.276,1,2141,1,7.244,0.603,3.125,-6.438,-1.125,-0.160,0.059,0.992,-0.578,0.172,0.199,0.046,0.022,1.215,1.359,2,NULL,NULL,,3,1,2,7,255,961,250,0,0
stim,80787,110908,1,110908,3308239.455,-0.581,-0.066,0.077,0.808,2975,189,645,3093,1997,2438,347,2493,57,1.276,1,2141,1,7.849,0.603,2.313,-7.500,0.063,-0.207,0.023,0.969,-0.578,0.172,0.023,0.048,0.024,1.215,1.359,2,NULL,NULL,,3,1,2,7,255,961,250,0,0
stim,80787,110908,1,110908,3308244.454,-0.581,-0.065,0.077,0.808,2963,191,665,3083,2013,2431,393,2504,57,1.276,1,2141,1,10.901,0.431,3.750,-10.063,-1.875,-0.227,0.059,0.980,-0.387,-0.191,0.023,0.052,0.024,1.215,1.359,2,NULL,NULL,,3,1,2,7,255,961,250,0,0
stim,80817,110938,1,110938,3308249.455,-0.581,-0.065,0.077,0.807,2933,198,701,3064,2032,2429,429,2509,57,1.276,1,2141,1,15.662,0.558,6.438,-12.188,-7.438,-0.203,0.117,0.996,-0.387,-0.402,0.043,0.056,0.022,1.215,1.359,2,NULL,NULL,,3,1,2,7,255,961,250,0,0
stim,80817,110938,1,110938,3308254.453,-0.582,-0.064,0.077,0.807,2923,198,755,3049,2063,2429,456,2521,57,1.276,1,2141,1,17.895,0.984,7.313,-12.563,-10.438,-0.160,0.094,1.004,-0.898,-0.402,0.152,0.056,0.020,1.215,1.359,2,NULL,NULL,,3,1,2,7,255,961,250,0,0
stim,80817,110938,1,110938,3308259.455,-0.582,-0.063,0.077,0.807,2905,201,787,3033,2101,2430,485,2535,57,1.276,1,2141,1,16.063,0.899,4.750,-13.750,-6.813,-0.145,0.074,1.020,-0.898,0.043,0.180,0.058,0.018,1.215,1.359,2,NULL,NULL,,3,1,2,7,255,961,250,0,0
stim,80817,110938,1,110938,3308264.454,-0.582,-0.063,0.076,0.807,2877,212,862,3015,2142,2437,533,2552,57,1.276,1,2141,1,15.952,0.849,2.000,-15.375,-3.750,-0.168,0.094,1.016,-0.848,0.043,0.277,0.058,0.016,1.215,1.359,2,NULL,NULL,,3,1,2,7,255,961,250,0,0
stim,80861,110982,1,110982,3308269.455,-0.583,-0.062,0.076,0.807,2855,233,921,2993,2191,2437,599,2567,57,1.276,1,2141,1,18.612,0.848,3.125,-17.250,-6.250,-0.199,0.121,0.996,-0.848,-0.035,0.277,0.060,0.014,1.215,1.359,2,NULL,NULL,,3,1,2,7,255,961,250,0,0
stim,80861,110982,1,110982,3308274.454,-0.583,-0.061,0.076,0.807,2825,250,987,2975,2240,2437,693,2581,57,1.276,1,2141,1,22.336,1.084,6.313,-17.750,-12.000,-0.184,0.160,1.012,-1.008,-0.398,0.277,0.060,0.012,1.215,1.359,2,NULL,NULL,,3,1,2,7,255,961,250,0,0
stim,80861,110982,1,110982,3308279.455,-0.584,-0.060,0.076,0.806,2791,265,1069,2957,2281,2439,839,2597,57,1.276,1,2141,1,25.115,1.458,6.313,-17.375,-17.000,-0.152,0.188,1.039,-1.402,-0.398,0.309,0.062,0.010,1.215,1.359,2,NULL,NULL,,3,1,2,7,255,961,250,0,0
stim,80861,110982,1,110982,3308284.453,-0.584,-0.059,0.075,0.806,2760,269,1157,2933,2325,2441,937,2611,57,1.276,1,2141,1,25.526,1.687,3.250,-16.875,-18.875,-0.141,0.176,1.051,-1.680,-0.160,0.527,0.062,0.008,1.215,1.359,2,NULL,NULL,,3,1,2,7,255,961,250,0,0
stim,80861,110982,1,110982,3308289.455,-0.585,-0.059,0.075,0.805,2729,271,1241,2910,2354,2443,1023,2628,57,1.276,1,2141,1,26.425,1.680,-0.125,-17.125,-20.125,-0.141,0.160,1.039,-1.680,-0.023,0.527,0.064,0.008,1.215,1.359,2,NULL,NULL,,3,1,2,7,255,961,250,0,0
stim,80861,110982,1,110982,3308294.454,-0.586,-0.058,0.075,0.805,2680,273,1349,2887,2395,2444,1149,2643,57,1.276,1,2141,1,28.790,1.528,-2.625,-16.688,-23.313,-0.164,0.113,1.016,-1.527,-0.023,0.477,0.064,0.008,1.215,1.359,2,NULL,NULL,,3,1,2,7,255,961,250,0,0
stim,80861,110982,1,110982,3308299.455,-0.587,-0.058,0.074,0.804,2629,284,1479,2860,2439,2451,1255,2653,57,1.276,1,2141,1,32.310,1.011,-4.688,-17.313,-26.875,-0.180,0.066,1.004,-1.004,-0.121,0.305,0.066,0.008,1.215,1.359,2,NULL,NULL,,3,1,2,7,255,961,250,0,0
stim,80861,110982,1,110982,3308304.453,-0.588,-0.057,0.073,0.803,2577,300,1599,2840,2475,2451,1363,2665,57,1.276,1,2141,1,36.756,0.561,-5.750,-17.938,-31.563,-0.203,0.070,1.004,-0.539,-0.156,0.219,0.070,0.008,1.215,1.359,2,NULL,NULL,,3,1,2,7,255,961,250,0,0
stim,80861,110983,1,110983,3308309.455,-0.589,-0.057,0.072,0.803,2518,319,1735,2813,2513,2455,1479,2681,57,1.276,1,2141,1,45.078,0.670,-7.938,-17.563,-40.750,-0.199,0.094,1.023,-0.539,-0.398,0.219,0.072,0.010,1.215,1.359,2,NULL,NULL,,3,1,2,7,255,961,250,0,0
stim,80861,110983,1,110983,3308314.454,-0.591,-0.057,0.071,0.801,2461,335,1843,2793,2549,2459,1576,2701,57,1.276,1,2141,1,53.497,0.683,-14.188,-17.563,-48.500,-0.172,0.063,1.031,-0.555,-0.398,0.414,0.076,0.012,1.215,1.359,2,NULL,NULL,,3,1,2,7,255,961,250,0,0
stim,80884,111005,1,111005,3308319.455,-0.593,-0.057,0.070,0.800,2395,341,1966,2769,2589,2458,1675,2713,57,1.276,1,2141,1,58.391,0.558,-23.000,-18.000,-50.563,-0.133,0.004,1.027,-0.555,-0.063,0.414,0.080,0.016,1.215,1.359,2,NULL,NULL,,3,1,2,7,255,961,250,0,0
stim,80884,111005,1,111005,3308324.454,-0.595,-0.057,0.068,0.799,2328,350,2101,2731,2621,2461,1779,2731,57,1.276,1,2141,1,61.299,0.438,-31.250,-18.188,-49.500,-0.137,-0.070,1.020,-0.117,0.422,0.348,0.082,0.018,1.215,1.359,2,NULL,NULL,,3,1,2,7,255,961,250,0,0
stim,80884,111005,1,111005,3308329.455,-0.596,-0.057,0.066,0.798,2222,365,2189,2695,2649,2461,1870,2742,57,1.276,1,2141,1,65.450,0.741,-38.375,-18.500,-49.688,-0.145,-0.078,1.035,0.547,0.500,0.348,0.084,0.020,1.215,1.359,2,NULL,NULL,,3,1,2,7,255,961,250,0,0
stim,80884,111005,1,111005,3308334.454,-0.598,-0.058,0.063,0.797,2136,383,2293,2649,2683,2460,1965,2757,57,1.276,1,2141,1,74.509,0.741,-49.250,-20.063,-52.188,-0.160,-0.039,1.066,0.547,0.500,0.414,0.084,0.022,1.215,1.359,2,NULL,NULL,,3,1,2,7,255,961,250,0,0
stim,80913,111034,1,111034,3308339.455,-0.600,-0.059,0.061,0.796,2030,395,2419,2607,2717,2459,2059,2771,57,1.276,1,2141,1,86.596,0.344,-62.313,-20.063,-56.688,-0.207,-0.023,1.039,0.223,0.262,0.551,0.086,0.024,1.215,1.359,2,NULL,NULL,,3,1,2,7,255,961,250,0,0
stim,80913,111034,1,111034,3308344.453,-0.602,-0.060,0.058,0.794,1939,399,2485,2554,2743,2457,2133,2781,57,1.276,1,2141,1,92.041,0.327,-59.125,-22.250,-66.938,-0.195,0.059,0.945,0.145,-0.293,0.551,0.088,0.026,1.215,1.359,2,NULL,NULL,,3,1,2,7,255,961,250,0,0
stim,80913,111034,1,111034,3308349.455,-0.605,-0.061,0.055,0.792,1819,389,2551,2496,2771,2453,2220,2795,57,1.276,1,2141,0,91.021,0.697,-45.813,-23.688,-75.000,-0.152,0.051,0.922,-0.633,-0.293,-0.352,0.090,0.030,1.215,1.359,2,NULL,NULL,,3,1,2,7,255,961,250,0,0
stim,80913,111034,1,111034,3308354.453,-0.607,-0.061,0.053,0.790,1658,393,2613,2420,2787,2451,2282,2805,57,1.276,1,2141,0,90.316,0.672,-39.188,-25.188,-77.375,-0.152,-0.008,1.020,-0.633,-0.227,-0.352,0.090,0.032,1.215,1.359,2,NULL,NULL,,3,1,2,7,255,961,250,0,0
stim,80913,111034,1,111034,3308359.455,-0.610,-0.061,0.050,0.789,1485,375,2661,2317,2815,2451,2355,2824,57,1.276,1,2141,0,98.447,0.261,-48.313,-27.500,-81.250,-0.117,-0.082,1.086,-0.254,0.059,0.297,0.092,0.032,1.215,1.359,2,NULL,NULL,,3,1,2,7,255,961,250,0,0
stim,80913,111034,1,111034,3308364.454,-0.612,-0.062,0.047,0.787,1291,357,2709,2229,2840,2441,2413,2837,57,1.276,1,2141,0,89.193,0.638,-53.750,-27.563,-65.625,0.020,-0.113,1.016,0.234,0.594,0.297,0.094,0.032,1.215,1.359,2,NULL,NULL,,3,1,2,7,255,961,250,0,0
stim,80951,111072,1,111072,3308369.455,-0.614,-0.062,0.044,0.786,1139,343,2775,2139,2860,2437,2463,2852,57,1.276,1,2141,0,78.227,1.031,-54.563,-27.563,-48.813,-0.051,-0.055,1.043,0.234,1.004,0.391,0.094,0.032,1.215,1.359,2,NULL,NULL,,3,1,2,7,255,961,250,0,0
stim,80951,111072,1,111072,3308374.454,-0.615,-0.063,0.041,0.785,973,329,2799,1991,2878,2429,2516,2863,57,1.276,1,2141,0,75.264,1.023,-56.250,-31.063,-39.188,-0.070,-0.043,1.043,-0.195,1.004,0.391,0.094,0.032,1.215,1.359,2,NULL,NULL,,3,1,2,7,255,961,250,0,0
stim,80951,111072,0,111072,3308379.455,-0.616,-0.063,0.039,0.784,773,301,2840,1789,2893,2414,2569,2874,57,1.276,1,2141,0,75.171,0.818,-58.500,-29.938,-36.500,-0.156,-0.020,1.043,-0.297,0.762,0.402,0.094,0.032,1.215,1.359,2,NULL,NULL,,3,0,2,7,255,963,250,0,0
stim,80951,111072,0,111072,3308384.454,-0.617,-0.063,0.036,0.783,529,252,2869,1568,2915,2409,2611,2879,57,1.276,1,2141,0,77.084,0.313,-53.188,-31.938,-45.750,-0.129,-0.078,0.961,-0.297,0.098,0.402,0.094,0.032,1.215,1.359,2,NULL,NULL,,3,0,2,7,255,963,250,0,0
stim,80951,111072,0,111072,3308389.455,-0.619,-0.063,0.033,0.782,349,207,2899,1367,2936,2405,2647,2891,57,1.276,1,2141,0,66.788,0.181,-38.188,-33.563,-43.313,-0.074,-0.113,0.918,0.152,0.098,-0.281,0.094,0.032,1.215,1.359,2,NULL,NULL,,3,0,2,7,255,963,250,0,0
stim,80951,111072,0,111072,3308394.453,-0.620,-0.063,0.031,0.782,212,160,2924,1062,2941,2388,2679,2904,57,1.276,1,2141,0,53.911,0.383,-23.250,-37.063,-31.500,-0.102,-0.082,1.020,0.152,0.352,-0.281,0.094,0.032,1.215,1.359,2,NULL,NULL,,3,0,2,7,255,963,250,0,0
stim,80998,111119,0,111119,3308399.455,-0.621,-0.062,0.029,0.781,87,119,2951,852,2964,2378,2701,2915,57,1.276,1,2141,0,56.759,0.352,-22.250,-40.313,-33.188,-0.105,-0.027,1.070,0.000,0.352,0.238,0.094,0.034,1.215,1.359,2,NULL,NULL,,3,0,2,7,255,963,250,0,0
stim,80998,111119,0,111119,3308404.454,-0.622,-0.061,0.027,0.780,31,52,2955,571,2984,2331,2729,2921,57,1.276,1,2141,0,54.397,0.663,-19.063,-42.188,-28.563,-0.066,-0.004,1.063,-0.563,0.352,0.598,0.094,0.036,1.215,1.359,2,NULL,NULL,,3,0,2,7,255,963,250,0,0
stim,80998,111119,0,111119,3308409.455,-0.623,-0.060,0.025,0.780,9,41,2972,411,3000,2301,2759,2925,57,1.276,1,2141,0,54.539,0.990,-18.438,-44.438,-25.688,-0.055,0.004,1.047,-0.867,0.477,0.598,0.094,0.036,1.215,1.359,2,NULL,NULL,,3,0,2,7,255,963,250,0,0
stim,80998,111119,0,111119,3308414.453,-0.624,-0.058,0.024,0.779,0,2,2981,303,2995,2279,2797,2937,57,1.276,1,2141,0,56.622,1.073,-11.375,-48.625,-26.688,-0.070,0.027,0.996,-0.961,0.477,0.398,0.094,0.038,1.215,1.359,2,NULL,NULL,,3,0,2,7,255,963,250,0,0
stim,80998,111119,0,111119,3308419.455,-0.624,-0.056,0.023,0.779,0,1,2989,251,3017,2263,2814,2939,57,1.276,1,2141,0,59.837,0.986,20.063,-55.375,-10.563,-0.234,-0.094,1.125,-0.961,0.223,0.398,0.094,0.038,1.215,1.359,2,NULL,NULL,,3,0,2,7,255,963,250,0,0
stim,80998,111119,0,111119,3308424.454,-0.624,-0.052,0.023,0.780,0,0,2996,209,3019,2231,2833,2939,57,1.276,1,2141,0,98.068,1.038,68.375,-69.375,11.375,-0.461,-0.195,1.598,0.316,-0.988,1.438,0.094,0.040,1.215,1.359,2,NULL,NULL,,3,0,2,7,255,963,250,0,0
stim,80998,111119,0,111119,3308429.455,-0.623,-0.048,0.023,0.780,0,0,3015,157,3043,2206,2857,2961,57,1.276,1,2141,0,89.208,2.147,36.250,-80.375,13.563,-0.398,-0.152,1.770,0.883,-1.957,6.328,0.092,0.044,1.215,1.359,2,NULL,NULL,,3,0,2,7,255,963,250,0,0
stim,80998,111119,0,111119,3308434.453,-0.624,-0.047,0.018,0.780,0,0,3025,112,3047,2156,2871,2965,57,1.276,1,2141,0,96.864,2.147,-57.375,-74.500,-23.250,-0.105,-0.176,1.332,0.883,-1.957,6.328,0.088,0.052,1.215,1.359,2,NULL,NULL,,3,0,2,7,255,963,250,0,0
stim,80998,111119,0,111119,3308439.455,-0.624,-0.046,0.014,0.780,0,0,3015,57,3045,2100,2891,2966,57,1.276,1,2141,0,98.627,0.847,-60.625,-77.688,-4.063,-0.023,-0.156,0.941,0.758,0.379,3.352,0.082,0.060,1.215,1.359,3,NULL,NULL,,3,0,2,7,255,963,250,0,0
stim,80998,111119,0,111119,3308444.453,-0.623,-0.044,0.012,0.781,0,0,3025,11,3055,2041,2909,2970,57,1.276,1,2141,0,91.416,0.754,-6.625,-86.750,28.063,-0.113,0.039,0.891,0.652,0.379,-0.539,0.078,0.068,1.215,1.359,3,NULL,NULL,,3,0,2,7,255,963,250,0,0
stim,80998,111119,0,111119,3308449.455,-0.622,-0.040,0.010,0.782,0,0,3030,0,3067,1949,2919,2965,57,1.276,1,2141,0,99.226,1.140,26.813,-91.750,26.625,-0.219,0.090,1.086,-0.930,-0.660,-0.539,0.078,0.072,1.215,1.359,3,NULL,NULL,,3,0,2,7,255,963,250,0,0
stim,80998,111119,0,111119,3308454.454,-0.622,-0.036,0.009,0.783,0,0,3021,0,3077,1864,2933,2966,57,1.276,1,2141,0,102.462,1.944,30.375,-96.813,14.250,-0.250,0.031,1.293,-0.930,-1.707,0.879,0.084,0.074,1.215,1.359,3,NULL,NULL,,3,0,2,7,255,963,250,0,0
stim,81026,111147,0,111147,3308459.455,-0.621,-0.032,0.007,0.783,0,0,3023,0,3079,1769,2957,2963,57,1.276,1,2141,0,103.926,1.887,18.500,-101.188,14.813,-0.227,-0.035,1.406,-0.805,-1.707,2.953,0.090,0.078,1.215,1.359,3,NULL,NULL,,3,0,2,7,255,963,250,0,0
stim,81026,111147,0,111147,3308464.453,-0.620,-0.028,0.004,0.784,0,0,3016,0,3093,1641,2971,2959,57,1.276,1,2141,0,107.451,1.730,1.875,-105.938,17.875,-0.238,-0.055,1.383,-0.227,-1.715,3.859,0.096,0.084,1.215,1.359,3,NULL,NULL,,3,0,2,7,255,963,250,0,0
stim,81059,111180,0,111180,3308469.455,-0.620,-0.025,0.001,0.785,0,0,3025,0,3091,1524,2970,2971,57,1.276,1,2141,0,112.772,1.618,-12.188,-111.000,15.750,-0.199,-0.012,1.328,-0.227,-1.602,3.859,0.098,0.092,1.215,1.359,3,NULL,NULL,,3,0,2,7,255,963,250,0,0
stim,81059,111180,0,111180,3308474.454,-0.619,-0.021,-0.002,0.785,0,0,3007,0,3097,1352,2983,2963,57,1.276,1,2141,0,119.398,1.664,-18.625,-116.750,16.688,-0.180,0.020,1.258,-0.422,-1.609,3.258,0.100,0.100,1.215,1.359,3,NULL,NULL,,3,0,2,7,255,963,250,0,0
stim,81059,111180,0,111180,3308479.455,-0.618,-0.018,-0.006,0.786,0,0,3013,0,3096,1161,2999,2941,57,1.276,1,2141,0,123.596,1.664,-12.188,-121.438,19.500,-0.203,0.004,1.172,-0.422,-1.609,2.547,0.102,0.110,1.215,1.359,3,NULL,NULL,,3,0,2,7,255,963,250,0,0
stim,81059,111180,0,111180,3308484.453,-0.617,-0.013,-0.009,0.786,0,0,2989,0,3103,989,3005,2939,57,1.276,1,2141,0,128.116,1.987,-2.750,-127.313,14.063,-0.242,-0.047,1.195,-0.387,-1.949,1.953,0.104,0.118,1.215,1.359,3,NULL,NULL,,3,0,2,7,255,963,250,0,0
stim,81059,111180,0,111180,3308489.455,-0.617,-0.009,-0.013,0.787,0,0,2975,0,3107,765,3012,2923,57,1.276,1,2141,0,133.617,2.042,-2.563,-133.438,6.438,-0.219,-0.121,1.219,0.172,-2.035,1.953,0.106,0.128,1.215,1.359,3,NULL,NULL,,3,0,2,7,255,963,250,0,0
stim,81059,111180,0,111180,3308494.454,-0.617,-0.005,-0.017,0.787,0,0,2979,0,3103,601,3021,2911,57,1.276,1,2141,0,138.257,2.196,-5.938,-138.063,4.313,-0.160,-0.152,1.203,0.824,-2.035,2.016,0.108,0.138,1.215,1.359,3,NULL,NULL,,3,0,2,7,255,963,250,0,0
stim,81059,111180,0,111180,3308499.455,-0.616,-0.000,-0.021,0.787,0,0,2950,0,3113,447,3032,2892,57,1.276,1,2141,0,142.972,1.929,-3.000,-142.875,4.313,-0.160,-0.160,1.141,1.027,-1.633,2.016,0.110,0.148,1.215,1.359,3,NULL,NULL,,3,0,2,7,255,963,250,0,0
stim,81059,111180,0,111180,3308504.453,-0.616,0.005,-0.025,0.788,0,0,2939,0,3109,263,3031,2887,57,1.276,1,2141,0,150.600,1.964,-1.938,-150.375,8.000,-0.109,-0.172,1.148,1.195,-1.559,1.465,0.110,0.158,1.215,1.359,3,NULL,NULL,,3,0,2,7,255,963,250,0,0
stim,81059,111180,0,111180,3308509.455,-0.615,0.010,-0.029,0.788,0,0,2916,0,3117,135,3043,2856,57,1.276,1,2141,0,156.544,1.876,-4.063,-156.188,9.750,-0.094,-0.102,1.160,1.195,-1.445,1.465,0.112,0.170,1.215,1.359,3,NULL,NULL,,3,0,2,7,255,963,250,0,0
stim,81059,111180,0,111180,3308514.454,-0.614,0.015,-0.033,0.788,0,0,2888,0,3111,47,3053,2824,57,1.276,1,2141,0,159.531,1.537,1.938,-159.063,12.063,-0.129,-0.023,1.129,0.523,-1.445,1.465,0.114,0.182,1.215,1.359,3,NULL,NULL,,3,0,2,7,255,963,250,0,0
stim,81086,111207,0,111207,3308519.455,-0.614,0.021,-0.037,0.788,0,0,2856,0,3114,2,3051,2799,57,1.276,1,2141,0,167.067,2.075,13.688,-166.500,-1.313,-0.219,0.039,1.168,-0.063,-2.074,1.379,0.118,0.192,1.215,1.359,3,NULL,NULL,,3,0,2,7,255,963,250,0,0
stim,81086,111207,0,111207,3308524.454,-0.614,0.028,-0.041,0.788,0,0,2811,0,3111,0,3065,2763,57,1.276,1,2141,0,175.799,2.575,22.875,-174.063,-9.188,-0.070,0.168,1.387,-0.430,-2.539,1.379,0.120,0.204,1.215,1.359,3,NULL,NULL,,3,0,2,7,255,963,250,0,0
stim,81086,111207,0,111207,3308529.455,-0.613,0.034,-0.045,0.788,0,0,2779,0,3114,0,3075,2718,57,1.276,1,2141,0,181.676,3.220,10.438,-181.313,4.813,-0.023,0.156,1.570,-1.980,-2.539,3.527,0.126,0.216,1.215,1.359,3,NULL,NULL,,3,0,2,7,255,963,250,0,0
stim,81086,111207,0,111207,3308534.453,-0.612,0.040,-0.050,0.789,0,0,2735,0,3111,0,3065,2669,57,1.276,1,2141,0,188.978,3.244,-13.625,-187.375,20.438,-0.063,0.207,1.711,-2.020,-2.539,5.336,0.132,0.228,1.215,1.359,3,NULL,NULL,,3,0,2,7,255,963,250,0,0
stim,81086,111207,0,111207,3308539.455,-0.610,0.046,-0.056,0.789,0,0,2687,0,3108,0,3064,2607,57,1.276,1,2141,0,198.990,3.954,-26.188,-195.125,28.938,-0.176,0.184,1.836,-1.980,-3.422,6.590,0.142,0.240,1.215,1.359,3,NULL,NULL,,3,0,2,7,255,963,250,0,0
stim,81086,111207,0,111207,3308544.454,-0.608,0.053,-0.063,0.790,0,0,2597,0,3097,0,3062,2541,57,1.276,1,2141,0,215.729,5.225,-24.500,-210.375,41.000,-0.320,0.223,1.992,-1.871,-4.879,7.621,0.152,0.254,1.215,1.359,3,NULL,NULL,,3,0,2,7,255,963,250,0,0
stim,81117,111238,0,111238,3308549.455,-0.605,0.060,-0.070,0.791,0,0,2505,0,3093,1,3053,2463,57,1.276,1,2141,0,239.154,7.185,-21.250,-233.500,47.125,-0.520,0.301,2.152,-1.871,-6.938,8.770,0.166,0.272,1.215,1.359,3,NULL,NULL,,3,0,2,7,255,963,250,0,0
stim,81117,111238,0,111238,3308554.453,-0.603,0.068,-0.078,0.791,0,0,2411,0,3067,55,3059,2343,57,1.276,1,2141,0,264.148,9.870,-39.938,-256.813,47.188,-0.551,0.605,2.332,-2.043,-9.656,9.793,0.184,0.294,1.215,1.359,3,NULL,NULL,,3,0,2,7,255,963,250,0,0
stim,81117,111238,0,111238,3308559.455,-0.600,0.075,-0.088,0.791,0,0,2311,0,3052,68,3037,2218,57,1.276,1,2141,0,288.869,12.466,-65.875,-279.000,35.563,-0.594,0.676,2.355,-4.766,-11.520,10.809,0.210,0.322,1.215,1.359,3,NULL,NULL,,3,0,2,7,255,963,250,0,0
stim,81117,111238,0,111238,3308564.454,-0.598,0.083,-0.099,0.791,0,0,2169,0,3032,77,3029,2087,57,1.276,1,2141,0,315.066,13.700,-87.813,-300.938,31.500,-0.496,0.762,2.383,-5.293,-12.637,10.879,0.244,0.360,1.215,1.359,3,NULL,NULL,,3,0,2,7,255,963,250,0,0
stim,81160,111281,0,111281,3308569.455,-0.596,0.091,-0.111,0.790,0,0,2035,0,3015,103,3019,1945,57,1.276,1,2141,0,344.646,13.801,-113.625,-323.813,31.875,-0.500,0.660,2.430,-5.402,-12.699,10.879,0.290,0.404,1.215,1.359,3,NULL,NULL,,3,0,2,7,255,963,250,0,0
stim,81160,111281,0,111281,3308574.454,-0.593,0.099,-0.125,0.790,0,0,1931,0,2975,107,2980,1819,57,1.276,1,2141,0,370.762,14.494,-128.313,-345.500,40.375,-0.566,0.742,2.477,-6.023,-13.184,10.879,0.340,0.454,1.215,1.359,3,NULL,NULL,,3,0,2,7,255,963,250,0,0
stim,81160,111281,0,111281,3308579.455,-0.590,0.108,-0.139,0.788,0,0,1789,0,2939,104,2943,1691,57,1.276,1,2141,0,396.347,16.001,-149.438,-365.375,35.500,-0.754,0.863,2.480,-6.023,-14.824,10.691,0.396,0.510,1.215,1.359,3,NULL,NULL,,3,0,2,7,255,963,250,0,0
stim,81160,111281,0,111281,3308584.453,-0.587,0.117,-0.154,0.786,0,0,1704,0,2904,101,2889,1564,57,1.276,1,2141,0,412.395,18.738,-140.313,-387.188,21.625,-0.801,1.063,2.813,-6.699,-17.500,10.691,0.456,0.570,1.215,1.359,3,NULL,NULL,,3,0,2,7,255,963,250,0,0
stim,81160,111281,0,111281,3308589.455,-0.584,0.127,-0.170,0.783,0,0,1613,0,2839,83,2833,1449,57,1.276,1,2141,0,439.535,22.062,-165.688,-407.063,-6.250,-0.820,1.094,3.008,-8.574,-20.328,11.359,0.522,0.638,1.215,1.359,3,NULL,NULL,,3,0,2,7,255,963,250,0,0
stim,81160,111281,0,111281,3308594.454,-0.582,0.136,-0.189,0.779,0,0,1490,0,2779,75,2742,1330,57,1.276,1,2141,0,483.809,23.114,-225.250,-428.125,-6.500,-0.750,0.949,2.867,-8.574,-21.465,11.359,0.592,0.710,1.215,1.359,3,NULL,NULL,,3,0,2,7,255,963,250,0,0
stim,81160,111281,0,111281,3308599.455,-0.580,0.145,-0.208,0.774,0,0,1349,0,2676,61,2619,1191,57,1.276,1,2141,0,501.373,22.899,-232.938,-442.875,-31.250,-0.660,0.609,2.730,-7.977,-21.465,10.441,0.670,0.788,1.215,1.359,3,NULL,NULL,,3,0,2,7,255,963,250,0,0
stim,81160,111281,0,111281,3308604.453,-0.578,0.156,-0.226,0.769,0,0,1143,0,2537,51,2451,1023,57,1.276,1,2141,0,499.374,20.913,-198.375,-456.875,-35.875,-0.629,0.309,2.770,-5.238,-20.246,9.445,0.756,0.876,1.215,1.359,3,NULL,NULL,,3,0,2,7,255,963,250,0,0
stim,81160,111281,0,111281,3308609.455,-0.575,0.167,-0.244,0.763,0,0,952,0,2381,2,2275,899,57,1.276,1,2141,0,507.334,20.419,-186.000,-471.375,-24.438,-0.641,0.172,2.957,-2.648,-20.246,9.445,0.852,0.972,1.215,1.359,3,NULL,NULL,,3,0,2,7,255,963,250,0,0
stim,81160,111281,0,111281,3308614.454,-0.571,0.178,-0.263,0.757,0,0,739,0,2155,0,1981,787,57,1.276,1,2141,0,530.752,21.999,-203.938,-489.875,-11.375,-0.668,-0.121,2.918,-1.543,-21.945,9.445,0.954,1.076,1.215,1.359,3,NULL,NULL,,3,0,2,7,255,963,250,0,0
stim,81184,111305,0,111305,3308619.455,-0.566,0.189,-0.283,0.751,0,0,539,0,1885,0,1637,661,57,1.276,1,2141,0,556.922,21.977,-229.438,-507.438,5.313,-0.496,-0.309,2.426,1.176,-21.945,9.363,1.060,1.186,1.215,1.359,3,NULL,NULL,,3,0,2,7,255,963,250,0,0
stim,81184,111305,0,111305,3308624.454,-0.560,0.200,-0.303,0.744,0,0,341,0,1575,0,1191,535,57,1.276,1,2141,0,553.561,18.658,-207.813,-513.063,3.313,-0.301,-0.484,1.793,2.598,-18.477,6.078,1.166,1.294,1.215,1.359,3,NULL,NULL,,3,0,2,7,255,963,250,0,0
stim,81184,111305,0,111305,3308629.455,-0.553,0.213,-0.320,0.739,0,0,211,0,1255,0,605,415,57,1.276,1,2141,0,535.908,13.665,-124.125,-520.500,29.500,-0.281,-0.352,1.574,2.965,-13.340,2.336,1.268,1.400,1.215,1.359,3,NULL,NULL,,3,0,2,7,255,963,250,0,0
stim,81184,111305,0,111305,3308634.454,-0.543,0.228,-0.334,0.735,0,0,107,0,921,0,165,359,57,1.276,1,2141,0,529.238,13.665,-34.750,-525.125,55.938,-0.520,0.113,2.082,2.965,-13.340,-0.012,1.358,1.496,1.215,1.359,3,NULL,NULL,,3,0,2,7,255,963,250,0,0
stim,81212,111333,0,111333,3308639.455,-0.532,0.243,-0.349,0.733,0,0,99,0,451,0,0,295,57,1.276,1,2141,0,549.507,18.735,-14.563,-538.188,110.000,-1.086,0.246,2.730,-0.195,-18.734,-0.094,1.438,1.582,1.215,1.359,3,NULL,NULL,,3,0,2,7,255,963,250,0,0
stim,81212,111333,0,111333,3308644.453,-0.517,0.255,-0.366,0.730,0,0,61,0,57,0,0,228,57,1.276,1,2141,0,593.491,27.702,-90.313,-553.875,193.125,-1.629,0.547,2.773,-0.773,-27.691,-1.320,1.518,1.664,1.215,1.359,3,NULL,NULL,,3,0,2,7,255,963,250,0,0
stim,81212,111333,0,111333,3308649.455,-0.505,0.264,-0.387,0.724,0,0,28,0,0,0,0,149,57,1.276,1,2141,0,600.178,27.976,-219.375,-535.563,158.938,-1.535,1.227,2.203,-0.777,-27.965,-7.242,1.602,1.754,1.215,1.359,4,NULL,NULL,,3,0,2,7,255,963,250,0,0
stim,81212,111333,0,111333,3308654.453,-0.499,0.271,-0.408,0.715,0,0,23,0,0,0,0,123,57,1.276,1,2141,0,573.002,28.803,-318.250,-474.313,45.563,-0.848,1.902,1.328,-6.898,-27.965,-13.297,1.700,1.854,1.215,1.359,4,NULL,NULL,,3,0,2,7,255,963,250,0,0
stim,81212,111333,0,111333,3308659.455,-0.496,0.275,-0.429,0.704,0,0,24,0,0,0,0,100,57,1.276,1,2141,0,544.867,23.561,-366.438,-403.188,6.563,-0.520,1.852,0.770,-15.207,-17.996,-15.906,1.804,1.964,1.215,1.359,0,NULL,NULL,,3,0,2,7,255,963,250,0,0
stim,81212,111333,0,111333,3308664.454,-0.490,0.273,-0.450,0.695,0,0,23,0,0,0,0,108,57,1.276,1,2141,0,543.859,18.840,-421.188,-314.688,139.125,-0.797,1.684,0.305,-15.207,-11.121,-16.637,1.912,2.074,1.215,1.359,0,NULL,NULL,,3,0,2,7,255,963,250,0,0
stim,81252,111373,0,111373,3308669.455,-0.487,0.268,-0.469,0.687,0,0,18,0,0,0,0,101,57,1.276,1,2141,0,491.720,14.798,-423.063,-217.750,124.063,-0.648,1.270,-0.574,-12.715,-7.570,-21.051,2.014,2.176,1.215,1.359,0,NULL,NULL,,3,0,2,7,255,963,250,0,0
stim,81252,111373,0,111373,3308674.454,-0.487,0.266,-0.478,0.681,0,0,18,0,0,0,0,119,57,1.276,1,2141,0,245.770,8.549,-219.188,-111.125,3.313,-0.699,-0.621,-0.758,-8.387,1.660,-21.051,2.106,2.268,1.215,1.359,0,NULL,NULL,,3,0,2,7,255,963,250,0,0
stim,81252,111373,0,111373,3308679.455,-0.487,0.268,-0.479,0.680,0,0,13,0,0,0,0,121,57,1.276,1,2141,0,53.944,9.225,-13.063,-37.813,-36.188,-0.770,-1.590,0.301,9.074,1.660,-15.922,2.182,2.342,1.215,1.359,0,NULL,NULL,,3,0,2,7,255,963,250,0,0
stim,81252,111373,0,111373,3308684.454,-0.490,0.266,-0.478,0.678,0,0,14,0,0,0,0,85,57,1.276,1,2141,0,74.836,10.486,-42.813,47.500,-38.875,-0.738,-0.859,0.945,9.102,-5.207,-8.855,2.242,2.402,1.215,1.359,0,NULL,NULL,,3,0,2,7,255,963,250,0,0
stim,81252,111373,0,111373,3308689.455,-0.495,0.260,-0.479,0.676,0,0,13,0,0,0,0,57,57,1.276,1,2141,0,200.470,10.537,-144.563,136.688,-24.625,-0.633,0.504,0.285,9.102,-5.309,-8.855,2.290,2.450,1.215,1.359,0,NULL,NULL,,3,0,2,7,255,963,250,0,0
stim,81252,111373,0,111373,3308694.453,-0.500,0.251,-0.478,0.677,0,0,10,0,0,0,0,41,57,1.276,1,2141,0,226.119,5.966,-104.625,199.688,17.563,-0.668,1.367,-0.520,-2.723,-5.309,-15.848,2.334,2.496,1.215,1.359,0,NULL,NULL,,3,0,2,7,255,963,250,0,0
stim,81282,111403,0,111403,3308699.455,-0.504,0.245,-0.472,0.681,0,0,13,0,0,0,0,23,57,1.276,1,2141,0,235.537,7.669,36.063,229.188,40.625,-0.953,1.273,-0.316,-7.453,-1.805,-22.723,2.384,2.548,1.215,1.359,0,NULL,NULL,,3,0,2,7,255,963,250,0,0
stim,81282,111403,0,111403,3308704.453,-0.507,0.239,-0.464,0.686,0,0,11,0,0,0,0,19,57,1.276,1,2141,0,271.418,7.669,109.188,247.875,17.438,-1.141,0.570,0.496,-7.453,-1.805,-22.723,2.432,2.600,1.215,1.359,0,NULL,NULL,,3,0,2,7,255,963,250,0,0
stim,81282,111403,0,111403,3308709.455,-0.512,0.233,-0.456,0.690,0,0,6,0,0,0,0,11,57,1.276,1,2141,0,272.774,9.988,73.000,262.750,-6.250,-1.031,0.074,0.852,-1.883,-9.809,-18.883,2.476,2.646,1.215,1.359,0,NULL,NULL,,3,0,2,7,255,963,250,0,0
stim,81282,111403,0,111403,3308714.454,-0.518,0.226,-0.449,0.692,0,0,3,0,0,0,0,10,57,1.276,1,2141,0,271.518,9.843,15.688,271.063,1.000,-0.836,0.113,0.586,0.828,-9.809,-14.203,2.518,2.688,1.215,1.359,0,NULL,NULL,,3,0,2,7,255,963,250,0,0
stim,81282,111403,0,111403,3308719.455,-0.522,0.217,-0.443,0.696,0,0,3,0,0,0,0,21,57,1.276,1,2141,0,275.494,9.268,7.438,274.313,24.375,-0.762,0.441,0.133,0.828,-9.230,-14.203,2.564,2.734,1.215,1.359,0,NULL,NULL,,3,0,2,7,255,963,250,0,0
stim,81282,111403,0,111403,3308724.454,-0.526,0.209,-0.435,0.700,0,0,4,0,0,0,0,25,57,1.276,1,2141,0,281.424,5.543,45.813,275.375,35.625,-0.793,0.645,-0.070,-1.594,-5.309,-16.629,2.610,2.782,1.215,1.359,0,NULL,NULL,,3,0,2,7,255,963,250,0,0
stim,81282,111403,0,111403,3308729.455,-0.530,0.203,-0.426,0.704,0,0,3,0,0,0,0,21,57,1.276,1,2141,0,291.903,5.531,89.000,276.313,30.625,-0.789,0.598,0.004,-2.699,-4.828,-17.867,2.656,2.828,1.215,1.359,0,NULL,NULL,,3,0,2,7,255,963,250,0,0
stim,81282,111403,0,111403,3308734.454,-0.534,0.196,-0.417,0.709,0,0,0,0,0,0,0,23,57,1.276,1,2141,0,301.896,5.531,108.250,280.625,25.938,-0.668,0.418,0.199,-2.699,-4.828,-17.867,2.692,2.866,1.215,1.359,0,NULL,NULL,,3,0,2,7,255,963,250,0,0
stim,81311,111432,0,111432,3308739.455,-0.537,0.189,-0.407,0.714,0,0,0,0,0,0,0,23,57,1.276,1,2141,0,307.702,6.054,104.313,286.500,41.438,-0.539,0.301,0.313,-1.930,-5.738,-15.082,2.720,2.896,1.215,1.359,0,NULL,NULL,,3,0,2,7,255,963,250,0,0
stim,81311,111432,0,111432,3308744.453,-0.540,0.182,-0.397,0.719,0,0,3,0,0,0,0,26,57,1.276,1,2141,0,313.446,6.104,105.500,290.188,53.938,-0.660,0.336,0.270,-1.527,-5.910,-13.984,2.744,2.922,1.215,1.359,0,NULL,NULL,,3,0,2,7,255,963,250,0,0
stim,81311,111432,0,111432,3308749.455,-0.543,0.175,-0.386,0.725,0,0,0,0,0,0,0,22,57,1.276,1,2141,0,323.360,6.585,129.625,294.313,33.750,-0.727,0.320,0.313,-1.367,-6.441,-13.914,2.766,2.944,1.215,1.359,0,NULL,NULL,,3,0,2,7,255,963,250,0,0
stim,81311,111432,0,111432,3308754.454,-0.547,0.169,-0.374,0.729,0,0,0,0,0,0,0,23,57,1.276,1,2141,0,333.650,7.416,146.063,299.688,13.250,-0.590,0.316,0.566,-1.367,-7.289,-13.914,2.786,2.966,1.215,1.359,0,NULL,NULL,,3,0,2,7,255,963,250,0,0
stim,81311,111432,0,111432,3308759.455,-0.551,0.162,-0.363,0.734,0,0,0,0,0,0,0,19,57,1.276,1,2141,0,337.720,8.577,138.000,308.000,12.125,-0.379,0.363,0.770,-2.020,-8.336,-11.160,2.806,2.988,1.215,1.359,0,NULL,NULL,,3,0,2,7,255,963,250,0,0
stim,81311,111432,0,111432,3308764.453,-0.555,0.155,-0.351,0.738,0,0,1,0,0,0,0,21,57,1.276,1,2141,0,340.481,9.110,121.500,317.000,26.000,-0.328,0.418,0.844,-3.520,-8.402,-8.449,2.830,3.012,1.215,1.359,0,NULL,NULL,,3,0,2,7,255,963,250,0,0
stim,81359,111480,0,111480,3308769.455,-0.558,0.147,-0.340,0.743,0,0,0,0,0,0,0,29,57,1.276,1,2141,0,346.144,9.612,111.000,326.563,29.188,-0.375,0.438,0.871,-4.352,-8.570,-7.566,2.854,3.038,1.215,1.359,0,NULL,NULL,,3,0,2,7,255,963,250,0,0
stim,81359,111480,0,111480,3308774.454,-0.562,0.138,-0.328,0.746,0,0,0,0,0,0,0,26,57,1.276,1,2141,0,353.344,9.983,106.250,336.500,18.188,-0.379,0.363,0.891,-4.352,-8.984,-7.453,2.884,3.068,1.215,1.359,0,NULL,NULL,,3,0,2,7,255,963,250,0,0
stim,81359,111480,0,111480,3308779.455,-0.567,0.129,-0.316,0.750,0,0,0,0,0,0,0,25,57,1.276,1,2141,0,361.245,9.766,101.000,346.750,7.813,-0.320,0.246,0.918,-3.828,-8.984,-6.813,2.916,3.102,1.215,1.359,0,NULL,NULL,,3,0,2,7,255,963,250,0,0
stim,81359,111480,0,111480,3308784.454,-0.571,0.120,-0.304,0.753,0,0,0,0,0,0,0,28,57,1.276,1,2141,0,369.713,8.958,96.000,357.000,4.750,-0.270,0.184,0.914,-3.063,-8.418,-5.598,2.952,3.140,1.215,1.359,0,NULL,NULL,,3,0,2,7,255,963,250,0,0
stim,81359,111480,0,111480,3308789.455,-0.576,0.111,-0.292,0.756,0,0,0,0,0,0,0,30,57,1.276,1,2141,0,378.391,8.304,94.313,366.438,2.938,-0.254,0.199,0.910,-2.898,-7.781,-4.883,2.992,3.180,1.215,1.359,0,NULL,NULL,,3,0,2,7,255,963,250,0,0
stim,81359,111480,0,111480,3308794.453,-0.580,0.101,-0.279,0.758,0,0,0,0,0,0,0,40,57,1.276,1,2141,0,386.890,8.001,95.875,374.813,-2.750,-0.215,0.207,0.898,-2.898,-7.457,-4.637,3.034,3.222,1.215,1.359,0,NULL,NULL,,3,0,2,7,255,963,250,0,0
stim,81359,111480,0,111480,3308799.455,-0.585,0.091,-0.266,0.761,0,0,0,0,0,0,0,39,57,1.276,1,2141,0,393.025,7.534,99.500,380.188,-5.063,-0.195,0.188,0.883,-2.992,-6.914,-4.332,3.076,3.264,1.215,1.359,0,NULL,NULL,,3,0,2,7,255,963,250,0,0
stim,81359,111480,0,111480,3308804.454,-0.589,0.081,-0.253,0.763,0,0,0,0,0,0,0,39,57,1.276,1,2141,0,396.284,7.104,106.500,381.688,-3.688,-0.199,0.195,0.883,-3.063,-6.410,-4.066,3.116,3.306,1.215,1.359,0,NULL,NULL,,3,0,2,7,255,963,250,0,0
stim,81359,111480,0,111480,3308809.455,-0.594,0.072,-0.239,0.765,0,0,0,0,0,0,0,44,57,1.276,1,2141,0,397.946,6.960,116.813,380.375,-5.563,-0.195,0.199,0.914,-3.063,-6.250,-3.898,3.154,3.346,1.215,1.359,0,NULL,NULL,,3,0,2,7,255,963,250,0,0
stim,81359,111480,0,111480,3308814.453,-0.598,0.063,-0.225,0.767,0,0,0,0,0,0,0,41,57,1.276,1,2141,0,398.239,6.938,126.938,377.375,-8.313,-0.156,0.172,0.973,-3.184,-6.164,-3.398,3.190,3.382,1.215,1.359,0,NULL,NULL,,3,0,2,7,255,963,250,0,0
stim,81388,111509,0,111509,3308819.455,-0.602,0.054,-0.211,0.769,0,0,0,0,0,0,0,45,57,1.276,1,2141,0,397.248,6.593,134.250,373.813,-6.875,-0.113,0.137,1.008,-3.184,-5.773,-2.469,3.224,3.416,1.215,1.359,0,NULL,NULL,,3,0,2,7,255,963,250,0,0
stim,81388,111509,0,111509,3308824.454,-0.605,0.045,-0.196,0.770,0,0,0,0,0,0,0,45,57,1.276,1,2141,0,395.987,6.035,141.563,369.813,-2.125,-0.105,0.117,1.012,-3.051,-5.207,-1.699,3.254,3.448,1.215,1.359,0,NULL,NULL,,3,0,2,7,255,963,250,0,0
stim,81388,111509,0,111509,3308829.455,-0.608,0.037,-0.181,0.772,0,0,0,0,0,0,0,40,57,1.276,1,2141,0,395.765,5.654,152.375,365.250,2.125,-0.145,0.121,1.016,-2.883,-4.863,-1.406,3.284,3.478,1.215,1.359,0,NULL,NULL,,3,0,2,7,255,963,250,0,0
stim,81388,111509,0,111509,3308834.453,-0.611,0.030,-0.166,0.773,0,0,0,0,0,0,0,37,57,1.276,1,2141,0,397.146,5.654,169.688,359.063,2.250,-0.184,0.152,1.090,-2.883,-4.863,-1.305,3.312,3.506,1.215,1.359,0,NULL,NULL,,3,0,2,7,255,963,250,0,0
stim,81388,111509,0,111509,3308839.455,-0.614,0.023,-0.151,0.775,0,0,0,0,0,0,0,42,57,1.276,1,2141,0,398.193,6.032,182.563,353.875,-1.063,-0.191,0.145,1.207,-3.051,-5.203,-0.621,3.340,3.534,1.215,1.359,0,NULL,NULL,,3,0,2,7,255,963,250,0,0
stim,81388,111509,0,111509,3308844.454,-0.616,0.016,-0.135,0.776,0,0,0,0,0,0,0,40,57,1.276,1,2141,0,396.800,6.104,190.875,347.875,0.125,-0.215,0.148,1.348,-3.113,-5.250,0.656,3.366,3.562,1.215,1.359,0,NULL,NULL,,3,0,2,7,255,963,250,0,0
stim,81418,111539,0,111539,3308849.455,-0.618,0.010,-0.119,0.777,0,0,0,0,0,0,0,39,57,1.276,1,2141,0,392.979,6.297,191.188,343.313,-4.063,-0.258,0.145,1.441,-3.156,-5.449,2.098,3.392,3.588,1.215,1.359,0,NULL,NULL,,3,0,2,7,255,963,250,0,0
stim,81418,111539,0,111539,3308854.454,-0.621,0.003,-0.103,0.777,0,0,0,0,0,0,0,43,57,1.276,1,2141,0,388.918,6.387,191.938,338.125,-9.438,-0.277,0.152,1.523,-3.188,-5.535,3.148,3.418,3.614,1.215,1.359,0,NULL,NULL,,3,0,2,7,255,963,250,0,0
stim,81418,111539,0,111539,3308859.455,-0.623,-0.003,-0.088,0.778,0,0,0,0,0,0,0,41,57,1.276,1,2141,0,386.082,6.387,195.125,332.938,-11.750,-0.293,0.203,1.621,-3.188,-5.535,4.078,3.444,3.642,1.215,1.359,0,NULL,NULL,,3,0,2,7,255,963,250,0,0
stim,81418,111539,0,111539,3308864.453,-0.625,-0.008,-0.072,0.777,0,0,0,0,0,0,0,40,57,1.276,1,2141,0,383.199,6.571,198.063,327.625,-16.563,-0.305,0.219,1.742,-3.648,-5.465,5.109,3.472,3.670,1.215,1.359,0,NULL,NULL,,3,0,2,7,255,963,250,0,0
stim,81457,111578,0,111578,3308869.455,-0.627,-0.014,-0.057,0.777,0,0,0,0,0,0,0,46,57,1.276,1,2141,0,378.673,6.412,196.625,322.750,-23.750,-0.281,0.203,1.859,-3.664,-5.262,6.465,3.500,3.698,1.215,1.359,0,NULL,NULL,,3,0,2,7,255,963,250,0,0
stim,81457,111578,0,111578,3308874.454,-0.629,-0.019,-0.042,0.776,0,0,0,0,0,0,0,45,57,1.276,1,2141,0,370.404,5.858,189.688,317.000,-27.000,-0.238,0.199,1.926,-3.664,-4.570,7.832,3.528,3.726,1.215,1.359,0,NULL,NULL,,3,0,2,7,255,963,250,0,0
stim,81457,111578,0,111578,3308879.455,-0.631,-0.024,-0.027,0.775,0,0,0,0,0,0,0,46,57,1.276,1,2141,0,362.556,5.124,183.500,311.500,-27.250,-0.191,0.207,1.918,-3.629,-3.617,8.645,3.556,3.754,1.215,1.359,0,NULL,NULL,,3,0,2,7,255,963,250,0,0
stim,81457,111578,0,111578,3308884.453,-0.633,-0.029,-0.012,0.774,0,0,0,0,0,0,0,45,57,1.276,1,2141,0,359.563,4.452,186.750,306.063,-27.125,-0.156,0.211,1.926,-3.609,-2.605,8.707,3.582,3.780,1.215,1.359,0,NULL,NULL,,3,0,2,7,255,963,250,0,0
stim,81457,111578,0,111578,3308889.455,-0.634,-0.034,0.003,0.772,0,0,0,0,0,0,0,45,57,1.276,1,2141,0,361.773,3.903,197.813,301.438,-29.750,-0.109,0.195,1.996,-3.508,-1.711,8.871,3.608,3.806,1.215,1.359,0,NULL,NULL,,3,0,2,7,255,963,250,0,0
stim,81457,111578,0,111578,3308894.454,-0.636,-0.038,0.019,0.771,0,0,0,0,0,0,0,47,57,1.276,1,2141,0,366.605,3.366,209.063,299.125,-34.875,-0.031,0.137,2.105,-3.305,-0.641,9.605,3.632,3.830,1.215,1.359,0,NULL,NULL,,3,0,2,7,255,963,250,0,0
stim,81476,111597,0,111597,3308899.455,-0.638,-0.042,0.034,0.769,0,0,0,0,0,0,0,45,57,1.276,1,2141,0,370.348,2.845,215.313,299.063,-36.875,0.063,0.066,2.203,-2.711,0.863,10.691,3.656,3.852,1.215,1.359,0,NULL,NULL,,3,0,2,7,255,963,250,0,0
stim,81476,111597,0,111597,3308904.453,-0.639,-0.046,0.050,0.766,0,0,0,0,0,0,0,51,57,1.276,1,2141,0,373.020,3.238,218.313,300.313,-36.000,0.180,0.039,2.246,-1.949,2.586,11.563,3.676,3.872,1.215,1.359,0,NULL,NULL,,3,0,2,7,255,963,250,0,0
stim,81476,111597,0,111597,3308909.455,-0.640,-0.050,0.065,0.764,0,0,0,0,0,0,0,50,57,1.276,1,2141,0,378.183,4.731,225.438,301.563,-35.500,0.316,0.031,2.258,-1.609,4.449,11.563,3.692,3.890,1.215,1.359,0,NULL,NULL,,3,0,2,7,255,963,250,0,0
stim,81476,111597,0,111597,3308914.454,-0.641,-0.053,0.082,0.761,0,0,0,0,0,0,0,47,57,1.276,1,2141,0,387.721,6.586,241.313,301.375,-35.625,0.504,0.008,2.309,-1.426,6.430,11.551,3.704,3.902,1.215,1.359,0,NULL,NULL,,3,0,2,7,255,963,250,0,0
stim,81476,111597,0,111597,3308919.455,-0.642,-0.056,0.099,0.758,0,0,0,0,0,0,0,53,57,1.276,1,2141,0,400.393,9.028,261.563,300.875,-37.063,0.742,-0.008,2.438,-1.164,8.953,11.551,3.710,3.908,1.215,1.359,0,NULL,NULL,,3,0,2,7,255,963,250,0,0
stim,81476,111597,0,111597,3308924.454,-0.643,-0.058,0.116,0.755,0,0,0,0,0,0,0,49,57,1.276,1,2141,0,409.579,12.190,275.750,300.625,-36.625,1.000,-0.012,2.594,-0.961,12.152,11.965,3.712,3.910,1.215,1.359,0,NULL,NULL,,3,0,2,7,255,963,250,0,0
stim,81476,111597,0,111597,3308929.455,-0.643,-0.060,0.134,0.751,0,0,0,0,0,0,0,45,57,1.276,1,2141,0,412.991,15.624,281.438,300.688,-30.688,1.234,-0.020,2.730,-0.836,15.602,12.473,3.708,3.906,1.215,1.359,0,NULL,NULL,,3,0,2,7,255,963,250,0,0
stim,81476,111597,0,111597,3308934.453,-0.643,-0.062,0.151,0.748,0,0,0,0,0,0,0,50,57,1.276,1,2141,0,412.549,18.824,282.000,300.438,-20.250,1.391,0.000,2.855,-0.547,18.816,12.695,3.694,3.892,1.215,1.359,0,NULL,NULL,,3,0,2,7,255,963,250,0,0
stim,81498,111619,0,111619,3308939.455,-0.643,-0.064,0.169,0.745,0,0,0,0,0,0,0,45,57,1.276,1,2141,0,409.807,21.288,281.750,297.375,-11.250,1.492,0.039,3.004,-0.352,21.285,12.848,3.668,3.868,1.215,1.359,0,NULL,NULL,,3,0,2,7,255,963,250,0,0
stim,81498,111619,0,111619,3308944.454,-0.642,-0.066,0.186,0.741,0,0,0,0,0,0,0,51,57,1.276,1,2141,0,398.553,23.303,270.000,293.063,-7.688,1.566,0.121,3.145,-0.352,23.301,13.313,3.630,3.830,1.215,1.359,0,NULL,NULL,,3,0,2,7,255,963,250,0,0
stim,81498,111619,0,111619,3308949.455,-0.641,-0.069,0.201,0.738,0,0,0,0,0,0,0,46,57,1.276,1,2141,0,374.373,25.044,239.438,287.688,-7.813,1.641,0.133,3.188,-0.227,25.043,13.313,3.578,3.776,1.215,1.359,0,NULL,NULL,,3,0,2,7,255,963,250,0,0
stim,81498,111619,0,111619,3308954.453,-0.639,-0.073,0.215,0.735,0,0,0,0,0,0,0,57,57,1.276,1,2141,0,342.148,26.520,198.750,278.500,-1.250,1.684,0.145,3.133,-0.176,26.520,13.211,3.512,3.710,1.215,1.359,0,NULL,NULL,,3,0,2,7,255,963,250,0,0
stim,81528,111649,0,111649,3308959.455,-0.637,-0.077,0.228,0.732,0,0,0,0,0,0,0,61,57,1.276,1,2141,0,312.756,27.254,164.188,266.188,1.813,1.836,0.234,2.996,-0.176,27.254,11.887,3.434,3.630,1.215,1.359,0,NULL,NULL,,3,0,2,7,255,963,250,0,0
stim,81528,111649,0,111649,3308964.454,-0.635,-0.081,0.239,0.730,0,0,0,0,0,0,0,68,57,1.276,1,2141,0,286.627,28.501,134.000,253.375,-0.125,2.094,0.133,2.762,-0.836,28.488,9.590,3.344,3.540,1.215,1.359,0,NULL,NULL,,3,0,2,7,255,963,250,0,0
stim,81561,111682,0,111682,3308969.455,-0.633,-0.086,0.249,0.728,0,0,0,0,0,0,0,87,57,1.276,1,2141,0,261.054,30.250,106.563,238.125,9.500,2.320,-0.184,2.441,-0.836,30.238,5.613,3.244,3.438,1.215,1.359,0,NULL,NULL,,3,0,2,7,255,963,250,0,0
stim,81561,111682,0,111682,3308974.454,-0.630,-0.090,0.258,0.727,0,0,0,0,0,0,0,100,57,1.276,1,2141,0,238.444,31.102,86.063,220.688,27.313,2.465,-0.527,2.027,1.309,31.074,0.531,3.134,3.326,1.215,1.359,0,NULL,NULL,,3,0,2,7,255,963,250,0,0
stim,81561,111682,0,111682,3308979.455,-0.627,-0.094,0.267,0.726,0,0,0,0,0,0,0,108,57,1.276,1,2141,0,222.884,31.281,84.813,201.688,42.500,2.598,-0.781,1.578,3.590,31.074,-5.020,3.018,3.206,1.215,1.359,0,NULL,NULL,,3,0,2,7,255,963,250,0,0
stim,81561,111682,0,111682,3308984.454,-0.624,-0.096,0.275,0.725,0,0,0,0,0,0,0,117,57,1.276,1,2141,0,220.635,30.683,113.063,181.625,53.938,2.746,-0.953,1.238,4.926,30.285,-10.539,2.892,3.078,1.215,1.359,0,NULL,NULL,,3,0,2,7,255,963,250,0,0
stim,81561,111682,0,111682,3308989.455,-0.621,-0.096,0.286,0.724,0,0,0,0,0,0,0,125,57,1.276,1,2141,0,248.406,30.355,168.875,170.063,65.313,2.758,-0.887,1.113,4.926,29.953,-15.039,2.760,2.942,1.215,1.359,0,NULL,NULL,,3,0,2,7,255,963,250,0,0
stim,81561,111682,0,111682,3308994.453,-0.618,-0.094,0.296,0.722,0,0,0,0,0,0,0,147,57,1.276,1,2141,0,256.352,30.468,208.000,138.188,57.938,3.055,-1.391,1.348,5.578,29.953,-16.500,2.620,2.798,1.215,1.359,0,NULL,NULL,,3,0,2,7,255,963,250,0,0
stim,81561,111682,0,111682,3308999.455,-0.615,-0.091,0.306,0.721,0,0,0,0,0,0,0,154,57,1.276,1,2141,0,254.250,34.419,207.313,121.938,82.438,3.168,-1.629,1.559,9.055,33.207,-18.000,2.474,2.646,1.215,1.359,0,NULL,NULL,,3,0,2,7,255,963,250,0,0
stim,81561,111682,0,111682,3309004.454,-0.611,-0.088,0.316,0.720,0,0,0,0,0,0,0,165,57,1.276,1,2141,0,255.347,35.427,209.875,103.438,102.250,3.070,-1.457,1.516,9.641,34.090,-18.090,2.324,2.492,1.215,1.359,0,NULL,NULL,,3,0,2,7,255,963,250,0,0
stim,81561,111682,0,111682,3309009.455,-0.608,-0.083,0.326,0.719,0,0,0,0,0,0,0,165,57,1.276,1,2141,0,252.952,35.667,221.188,82.063,91.250,2.895,-1.465,1.707,10.488,34.090,-18.090,2.172,2.332,1.215,1.359,0,NULL,NULL,,3,0,2,7,255,963,250,0,0
stim,81561,111682,0,111682,3309014.453,-0.606,-0.079,0.334,0.718,0,0,0,0,0,0,0,175,57,1.276,1,2141,0,228.282,35.667,209.813,60.438,66.625,2.855,-1.625,2.055,10.488,34.090,-16.273,2.016,2.166,1.215,1.359,0,NULL,NULL,,3,0,2,7,255,963,250,0,0
stim,81580,111701,0,111701,3309019.455,-0.604,-0.074,0.341,0.716,0,0,0,0,0,0,0,182,57,1.276,1,2141,0,198.460,37.595,187.563,33.250,55.688,2.750,-1.586,2.242,12.910,35.309,-14.453,1.852,1.994,1.215,1.359,0,NULL,NULL,,3,0,2,7,255,963,250,0,0
stim,81580,111701,0,111701,3309024.454,-0.604,-0.070,0.346,0.715,0,0,0,0,0,0,0,191,57,1.276,1,2141,0,153.659,37.595,149.750,-0.250,34.438,2.352,-1.098,2.680,12.910,35.309,-12.766,1.686,1.816,1.215,1.359,0,NULL,NULL,,3,0,2,7,255,963,250,0,0
stim,81580,111701,0,111701,3309029.455,-0.604,-0.066,0.348,0.714,0,0,0,0,0,0,0,187,57,1.276,1,2141,0,92.328,37.228,86.625,-31.688,-4.063,2.375,-0.934,2.895,11.371,35.449,-5.883,1.514,1.634,1.215,1.359,0,NULL,NULL,,3,0,2,7,255,963,250,0,0
stim,81580,111701,0,111701,3309034.454,-0.605,-0.064,0.347,0.714,0,0,0,0,0,0,0,189,57,1.276,1,2141,0,66.507,36.266,16.563,-64.250,4.563,2.238,-1.020,2.730,11.371,34.438,-4.539,1.344,1.452,1.215,1.359,0,NULL,NULL,,3,0,2,7,255,963,250,0,0
stim,81615,111736,0,111736,3309039.455,-0.606,-0.062,0.343,0.715,0,0,0,0,0,0,0,219,57,1.276,1,2141,0,110.794,35.321,-50.063,-97.625,15.438,2.078,-0.703,2.746,10.680,33.668,-3.805,1.178,1.268,1.215,1.359,0,NULL,NULL,,3,0,2,7,255,963,250,0,0
stim,81615,111736,0,111736,3309044.453,-0.606,-0.058,0.338,0.718,30,0,0,293,0,11,0,425,57,1.276,1,2141,0,157.705,34.218,-49.375,-140.250,52.563,0.871,-1.082,3.121,11.426,32.254,-2.070,1.020,1.088,1.215,1.359,0,NULL,NULL,,3,0,2,7,255,963,250,0,0
stim,81615,111736,0,111736,3309049.455,-0.596,-0.037,0.340,0.727,703,0,0,1007,0,187,0,506,57,1.276,1,2141,0,585.131,34.194,246.500,-264.063,460.313,-0.438,0.367,6.438,16.543,29.926,5.621,0.870,0.906,1.215,1.359,0,NULL,NULL,,3,0,2,7,255,963,250,0,0
stim,81615,111736,0,111736,3309054.454,-0.580,-0.039,0.319,0.748,1262,0,0,1483,0,531,0,570,57,1.276,1,2141,0,757.126,29.630,-545.500,-152.813,502.313,-1.602,2.930,5.230,16.543,24.582,42.895,0.734,0.722,1.215,1.359,0,NULL,NULL,,3,0,2,7,255,963,250,0,0
stim,81615,111736,0,111736,3309059.455,-0.572,-0.057,0.283,0.767,1767,0,0,1813,0,789,0,632,57,1.276,1,2141,0,1044.464,11.322,-1012.563,-128.688,221.500,-1.984,3.316,0.688,-6.348,9.375,42.895,0.626,0.546,1.215,1.359,0,NULL,NULL,,3,0,2,7,255,963,250,0,0
stim,81615,111736,0,111736,3309064.453,-0.571,-0.071,0.257,0.776,2089,0,0,1979,0,981,0,739,57,1.276,1,2142,0,704.033,25.622,-695.500,-108.813,10.125,-2.598,2.359,-2.250,-16.402,-19.684,15.070,0.566,0.398,1.215,1.359,1,1061.000,98.000,,3,0,2,7,255,963,250,0,0
stim,81658,111779,0,111779,3309069.455,-0.576,-0.076,0.245,0.777,2283,0,0,2111,0,1239,0,819,57,1.276,1,2142,0,333.101,25.929,-289.000,-97.875,-133.625,-1.320,0.828,-1.555,-16.402,-20.082,-11.883,0.562,0.314,1.215,1.359,1,NULL,NULL,,3,0,2,7,255,963,250,0,0
stim,81658,111779,0,111779,3309074.454,-0.581,-0.074,0.240,0.774,2429,0,0,2200,0,1395,0,947,57,1.276,1,2142,0,180.169,20.826,-26.000,-115.938,-135.438,0.223,0.160,0.480,-5.516,-20.082,-11.883,0.594,0.304,1.215,1.359,1,NULL,NULL,,3,0,2,7,255,963,250,0,0
stim,81658,111779,0,111779,3309079.455,-0.582,-0.071,0.236,0.775,2569,0,0,2317,0,1567,0,1069,57,1.276,1,2142,0,119.039,6.594,-27.625,-113.938,20.625,0.770,1.457,1.184,-5.516,3.613,-6.117,0.630,0.346,1.215,1.359,2,NULL,NULL,,3,0,2,7,255,963,250,0,0
stim,81658,111779,0,111779,3309084.453,-0.578,-0.068,0.230,0.780,2748,0,0,2559,0,1647,0,1136,57,1.276,1,2142,0,208.381,13.643,-108.438,-124.000,127.625,-0.047,1.664,1.641,-13.156,3.613,1.230,0.656,0.394,1.215,1.359,2,NULL,NULL,,3,0,2,7,255,963,250,0,0
stim,81659,111780,0,111780,3309089.455,-0.573,-0.068,0.219,0.787,2861,0,0,2725,0,1689,0,1239,57,1.276,1,2142,0,322.387,13.403,-246.938,-140.625,152.250,-1.793,-0.328,1.242,-13.156,2.563,6.723,0.684,0.432,1.215,1.359,2,NULL,NULL,,3,0,2,7,255,963,250,0,0
stim,81659,111780,1,111780,3309094.454,-0.571,-0.070,0.203,0.792,2951,0,0,2839,0,1707,0,1374,57,1.276,1,2142,0,398.920,13.929,-346.688,-181.250,78.063,-2.117,-1.555,0.336,10.168,-9.520,6.723,0.724,0.470,1.215,1.359,2,NULL,NULL,,3,1,2,7,255,963,250,0,0
stim,81659,111780,1,111780,3309099.455,-0.576,-0.070,0.190,0.792,2993,0,0,2925,0,1735,0,1481,57,1.276,1,2142,0,308.967,21.098,-218.250,-168.375,-139.563,-1.395,-1.586,-0.227,18.828,-9.520,-2.926,0.750,0.502,1.215,1.359,2,NULL,NULL,,3,1,2,7,255,963,250,0,0
stim,81659,111780,1,111780,3309104.453,-0.583,-0.067,0.183,0.789,3021,0,0,2987,0,1741,0,1560,57,1.276,1,2142,0,252.407,20.757,-72.625,-179.813,-161.563,0.125,-1.148,0.527,18.828,-8.738,-7.426,0.752,0.522,1.215,1.359,2,NULL,NULL,,3,1,2,7,255,963,250,0,0
stim,81659,111780,1,111780,3309109.455,-0.587,-0.062,0.178,0.787,3051,0,0,3039,0,1768,0,1575,57,1.276,1,2142,0,186.826,12.121,-18.438,-165.313,-85.063,0.965,-1.063,1.551,10.594,5.891,-7.426,0.736,0.534,1.215,1.359,2,NULL,NULL,,3,1,2,7,255,963,250,0,0
stim,81659,111780,1,111780,3309114.453,-0.587,-0.058,0.172,0.789,3066,0,0,3083,0,1832,0,1563,57,1.276,1,2142,0,171.442,18.345,-61.500,-157.563,28.000,1.199,-1.008,1.793,8.145,16.438,-0.340,0.708,0.534,1.215,1.359,2,NULL,NULL,,3,1,2,7,255,963,250,0,0
stim,81679,111800,1,111800,3309119.455,-0.583,-0.056,0.163,0.794,3089,0,0,3113,0,1895,0,1547,57,1.276,1,2142,0,246.165,18.840,-145.313,-141.250,139.750,0.918,-1.262,1.750,8.145,16.988,1.547,0.672,0.512,1.215,1.359,2,NULL,NULL,,3,1,2,7,255,963,250,0,0
stim,81679,111800,1,111800,3309124.454,-0.575,-0.056,0.154,0.801,3097,0,0,3142,0,1983,50,1573,57,1.276,1,2142,0,320.268,19.599,-199.063,-127.313,216.188,0.180,-1.066,1.039,9.773,16.988,1.547,0.630,0.466,1.215,1.359,2,NULL,NULL,,3,1,2,7,255,963,250,0,0
stim,81679,111800,1,111800,3309129.455,-0.568,-0.054,0.146,0.808,3108,0,0,3160,0,2083,61,1619,57,1.276,1,2142,0,299.262,12.466,-166.063,-126.375,214.500,-0.711,-0.332,0.461,9.773,7.738,-2.199,0.586,0.398,1.215,1.359,2,NULL,NULL,,3,1,2,7,255,963,250,0,0
stim,81679,111800,1,111800,3309134.453,-0.565,-0.052,0.139,0.812,3112,0,0,3171,0,2163,83,1691,57,1.276,1,2142,0,195.141,6.879,-109.875,-132.625,91.750,-1.258,0.434,0.750,5.594,-4.004,-2.199,0.548,0.320,1.215,1.359,2,NULL,NULL,,3,1,2,7,255,963,250,0,0
stim,81701,111822,1,111822,3309139.455,-0.566,-0.048,0.133,0.812,3115,0,0,3177,0,2270,98,1835,57,1.276,1,2142,0,150.084,4.055,-64.125,-135.375,-9.313,-0.430,0.668,0.883,0.645,-4.004,0.348,0.518,0.252,1.215,1.359,2,NULL,NULL,,3,1,2,7,255,963,250,0,0
stim,81701,111822,1,111822,3309144.454,-0.568,-0.046,0.127,0.812,3117,0,0,3183,0,2341,269,1981,57,1.276,1,2142,0,159.857,4.010,-81.500,-133.938,-31.188,-0.199,0.277,1.570,-1.313,-3.789,0.797,0.496,0.204,1.215,1.359,2,NULL,NULL,,3,1,2,7,255,963,250,0,0
stim,81701,111822,1,111822,3309149.455,-0.570,-0.045,0.121,0.812,3116,0,0,3189,158,2391,269,2103,57,1.276,1,2142,0,152.276,1.699,-105.625,-97.500,-50.250,0.254,0.070,1.988,-1.313,1.078,5.859,0.480,0.182,1.215,1.359,2,NULL,NULL,,3,1,2,7,255,963,250,0,0
stim,81701,111822,1,111822,3309154.453,-0.572,-0.046,0.116,0.811,3116,0,0,3189,467,2423,271,2186,57,1.276,1,2142,0,128.885,6.727,-101.688,-49.500,-61.813,0.813,-0.078,1.156,-1.313,6.598,5.859,0.470,0.178,1.215,1.359,2,NULL,NULL,,3,1,2,7,255,963,250,0,0
stim,81723,111844,1,111844,3309159.455,-0.573,-0.046,0.113,0.811,3113,0,0,3193,666,2444,282,2233,57,1.276,1,2142,0,68.602,7.633,-41.875,-48.375,-24.750,0.660,0.262,1.078,-1.766,7.426,-0.516,0.470,0.178,1.215,1.359,2,NULL,NULL,,3,1,2,7,255,963,250,0,0
stim,81723,111844,1,111844,3309164.454,-0.574,-0.046,0.110,0.810,3113,0,0,3195,855,2460,311,2296,57,1.276,1,2142,0,68.607,7.633,-44.438,-27.625,-44.375,-0.027,-0.043,1.645,-1.766,7.426,-0.516,0.482,0.172,1.215,1.359,2,NULL,NULL,,3,1,2,7,255,963,250,0,0
stim,81762,111883,1,111883,3309169.455,-0.576,-0.048,0.106,0.809,3113,28,0,3195,1050,2475,327,2343,57,1.276,1,2142,0,117.771,3.483,-109.563,-18.313,-39.125,-0.004,-0.457,0.902,0.781,3.395,-0.582,0.502,0.158,1.215,1.359,2,NULL,NULL,,3,1,2,7,255,963,250,0,0
stim,81762,111883,1,111883,3309174.454,-0.576,-0.049,0.102,0.809,3113,41,0,3195,1160,2487,330,2387,57,1.276,1,2142,0,83.389,5.368,-76.688,-20.000,-25.938,-0.191,-0.430,0.551,4.258,3.270,-1.574,0.526,0.142,1.215,1.359,2,NULL,NULL,,3,1,2,7,255,963,250,0,0
stim,81762,111883,1,111883,3309179.455,-0.578,-0.049,0.101,0.808,3113,75,0,3195,1267,2495,327,2413,57,1.276,1,2142,0,56.925,4.317,-14.000,-20.125,-51.375,-0.242,-0.055,0.848,4.258,0.715,-1.574,0.540,0.122,1.215,1.359,2,NULL,NULL,,3,1,2,7,255,963,250,0,0
stim,81762,111883,1,111883,3309184.453,-0.581,-0.049,0.101,0.806,3114,115,0,3196,1349,2503,330,2441,57,1.276,1,2142,0,70.502,1.430,8.625,-12.688,-68.813,0.059,0.133,1.090,1.238,0.715,-1.273,0.544,0.106,1.215,1.359,2,NULL,NULL,,3,1,2,7,255,963,250,0,0
stim,81762,111883,1,111883,3309189.455,-0.582,-0.049,0.100,0.805,3113,119,0,3195,1439,2509,329,2464,57,1.276,1,2142,0,52.962,2.298,-23.500,-11.188,-46.125,0.105,-0.043,1.273,0.070,2.297,0.633,0.544,0.094,1.215,1.359,2,NULL,NULL,,3,1,2,7,255,963,250,0,0
stim,81762,111883,1,111883,3309194.454,-0.583,-0.050,0.097,0.805,3113,137,0,3193,1528,2518,337,2478,57,1.276,1,2142,0,63.884,2.298,-58.688,-6.063,-24.500,-0.059,-0.176,1.063,0.070,2.297,0.633,0.544,0.084,1.215,1.359,2,NULL,NULL,,3,1,2,7,255,963,250,0,0
stim,81762,111883,1,111883,3309199.455,-0.584,-0.052,0.095,0.804,3114,163,0,3192,1576,2522,343,2488,57,1.276,1,2142,0,61.465,2.291,-53.313,-5.313,-30.125,-0.188,-0.055,0.867,0.957,2.082,0.371,0.548,0.074,1.215,1.359,2,NULL,NULL,,3,1,2,7,255,963,250,0,0
stim,81762,111883,1,111883,3309204.453,-0.586,-0.052,0.094,0.803,3112,175,0,3196,1607,2522,338,2493,57,1.276,1,2142,0,53.981,0.987,-28.063,-6.250,-45.688,-0.145,0.063,0.914,0.957,0.242,-0.734,0.552,0.064,1.215,1.359,2,NULL,NULL,,3,1,2,7,255,963,250,0,0
stim,81762,111883,1,111883,3309209.455,-0.587,-0.053,0.093,0.802,3111,199,0,3191,1651,2527,315,2503,57,1.276,1,2142,0,50.729,0.243,-17.938,-4.375,-47.250,-0.035,-0.004,1.047,-0.016,0.242,-0.734,0.556,0.054,1.215,1.359,2,NULL,NULL,,3,1,2,7,255,963,250,0,0
stim,81762,111883,1,111883,3309214.454,-0.589,-0.053,0.091,0.802,3109,213,0,3187,1693,2530,315,2505,57,1.276,1,2142,0,43.078,1.684,-24.125,-3.000,-35.563,0.004,-0.055,1.070,-0.016,1.684,0.316,0.558,0.044,1.215,1.359,2,NULL,NULL,,3,1,2,7,255,963,250,0,0
stim,81784,111905,1,111905,3309219.455,-0.589,-0.054,0.090,0.801,3109,217,12,3187,1733,2531,295,2507,57,1.276,1,2142,0,35.875,1.758,-26.375,-0.500,-24.313,-0.020,-0.008,1.000,-0.016,1.758,0.316,0.558,0.034,1.215,1.359,2,NULL,NULL,,3,1,2,7,255,963,250,0,0
stim,81784,111905,1,111905,3309224.454,-0.590,-0.054,0.089,0.801,3109,213,55,3183,1752,2531,313,2507,57,1.276,1,2142,0,27.948,1.759,-20.875,0.875,-18.563,-0.055,0.008,0.965,-0.055,1.758,-0.168,0.560,0.024,1.215,1.359,2,NULL,NULL,,3,1,2,7,255,963,250,0,0
stim,81784,111905,1,111905,3309229.455,-0.591,-0.055,0.089,0.800,3107,215,71,3181,1763,2529,293,2507,57,1.276,1,2142,0,22.775,1.282,-15.938,1.625,-16.188,-0.090,-0.031,0.980,-0.055,1.281,-0.246,0.562,0.016,1.215,1.359,2,NULL,NULL,,3,1,2,7,255,963,250,0,0
stim,81784,111905,1,111905,3309234.453,-0.591,-0.055,0.088,0.800,3107,215,97,3178,1779,2524,285,2505,57,1.276,1,2142,0,18.576,1.138,-11.438,2.000,-14.500,-0.113,-0.016,0.992,0.234,1.113,-0.246,0.566,0.010,1.215,1.359,2,NULL,NULL,,3,1,2,7,255,963,250,0,0
stim,81807,111928,1,111928,3309239.455,-0.591,-0.055,0.088,0.800,3101,212,109,3177,1787,2521,281,2503,57,1.276,1,2142,0,15.813,0.879,-7.125,1.813,-14.000,-0.121,0.070,1.023,0.234,0.848,-0.066,0.572,0.004,1.215,1.359,2,NULL,NULL,,3,1,2,7,255,963,250,0,0
stim,81807,111928,1,111928,3309244.454,-0.592,-0.055,0.088,0.799,3099,198,123,3171,1797,2515,275,2501,57,1.276,1,2142,0,15.081,0.832,-4.563,2.313,-14.188,-0.129,0.121,1.055,-0.559,0.617,0.281,0.576,0.000,1.215,1.359,2,NULL,NULL,,3,1,2,7,255,963,250,0,0
stim,81807,111928,1,111928,3309249.455,-0.592,-0.055,0.088,0.799,3094,185,147,3165,1800,2513,261,2492,57,1.329,1,2142,1,17.336,1.090,-5.000,2.313,-16.438,-0.137,0.133,1.074,-0.996,0.441,0.613,0.000,0.000,1.194,1.409,2,NULL,NULL,,3,1,2,7,255,963,250,0,0
stim,81807,111928,1,111928,3309254.454,-0.593,-0.056,0.087,0.798,3087,173,175,3162,1800,2507,244,2491,57,1.329,1,2142,1,19.723,1.122,-7.250,2.813,-18.125,-0.125,0.121,1.059,-1.031,0.441,0.652,0.006,0.002,1.194,1.409,2,NULL,NULL,,3,1,2,7,255,963,250,0,0
stim,81807,111928,1,111928,3309259.455,-0.594,-0.056,0.087,0.798,3082,171,215,3153,1799,2494,229,2487,57,1.329,1,2142,1,19.049,1.148,-9.813,2.563,-16.125,-0.109,0.102,1.039,-1.031,0.504,0.652,0.010,0.006,1.194,1.409,2,NULL,NULL,,3,1,2,7,255,963,250,0,0
stim,81807,111928,1,111928,3309264.454,-0.594,-0.056,0.087,0.798,3067,169,233,3145,1801,2489,221,2483,57,1.329,1,2142,1,16.366,1.060,-11.438,1.375,-11.625,-0.125,0.055,1.000,-0.891,0.574,0.438,0.014,0.006,1.194,1.409,2,NULL,NULL,,3,1,2,7,255,963,250,0,0
stim,81861,111982,1,111982,3309269.455,-0.594,-0.056,0.086,0.798,3055,165,244,3149,1804,2479,219,2483,57,1.329,1,2142,1,12.712,0.708,-8.563,0.625,-9.375,-0.148,0.059,0.969,-0.414,0.574,0.070,0.018,0.006,1.194,1.409,2,NULL,NULL,,3,1,2,7,255,963,250,0,0
stim,81861,111982,1,111982,3309274.454,-0.595,-0.057,0.086,0.797,3049,155,247,3129,1804,2469,219,2475,57,1.329,1,2142,1,10.391,0.486,-4.313,-0.563,-9.438,-0.156,0.055,0.973,-0.391,0.289,-0.148,0.020,0.006,1.194,1.409,2,NULL,NULL,,3,1,2,7,255,963,250,0,0
stim,81861,111982,1,111982,3309279.455,-0.595,-0.057,0.086,0.797,3042,149,250,3116,1811,2463,221,2469,57,1.329,1,2142,1,9.989,0.440,-2.625,-1.625,-9.500,-0.152,0.047,0.984,-0.332,0.289,-0.148,0.024,0.006,1.194,1.409,2,NULL,NULL,,3,1,2,7,255,963,250,0,0
stim,81861,111982,1,111982,3309284.453,-0.595,-0.056,0.086,0.797,3033,143,261,3108,1813,2453,227,2463,57,1.329,1,2142,1,8.875,0.456,-2.250,-2.375,-8.250,-0.145,0.051,0.984,-0.332,0.313,-0.078,0.028,0.006,1.194,1.409,2,NULL,NULL,,3,1,2,7,255,963,250,0,0
stim,81861,111982,1,111982,3309289.455,-0.596,-0.056,0.085,0.797,3021,138,269,3099,1816,2443,229,2463,57,1.329,1,2142,1,8.022,0.478,-1.500,-2.938,-7.313,-0.145,0.055,0.980,-0.344,0.332,-0.078,0.032,0.008,1.194,1.409,2,NULL,NULL,,3,1,2,7,255,963,250,0,0
stim,81861,111982,1,111982,3309294.454,-0.596,-0.056,0.085,0.797,3007,136,287,3091,1820,2431,231,2463,57,1.329,1,2142,1,7.891,0.484,-1.375,-3.500,-6.938,-0.148,0.055,0.977,-0.352,0.332,-0.102,0.034,0.008,1.194,1.409,2,NULL,NULL,,3,1,2,7,255,963,250,0,0
stim,81861,111982,1,111982,3309299.455,-0.596,-0.056,0.085,0.797,2989,136,299,3065,1822,2427,236,2468,57,1.329,1,2142,1,7.428,0.460,-1.500,-4.375,-5.813,-0.156,0.051,0.969,-0.352,0.297,-0.141,0.038,0.008,1.194,1.409,2,NULL,NULL,,3,1,2,7,255,963,250,0,0
stim,81861,111982,1,111982,3309304.453,-0.596,-0.056,0.085,0.796,2983,141,313,3065,1835,2424,255,2472,57,1.329,1,2142,1,7.520,0.370,-1.813,-5.375,-4.938,-0.168,0.031,0.965,-0.293,0.227,-0.195,0.040,0.008,1.194,1.409,2,NULL,NULL,,3,1,2,7,255,963,250,0,0
stim,81861,111982,1,111982,3309309.455,-0.596,-0.056,0.085,0.796,2971,136,341,3049,1863,2418,279,2476,57,1.329,1,2142,1,8.549,0.162,-1.125,-6.750,-5.125,-0.188,0.027,0.961,-0.098,0.129,-0.207,0.042,0.008,1.194,1.409,2,NULL,NULL,,3,1,2,7,255,963,250,0,0
stim,81861,111982,1,111982,3309314.454,-0.597,-0.055,0.084,0.796,2953,139,391,3035,1897,2419,291,2485,57,1.329,1,2142,1,10.403,0.103,1.313,-9.063,-4.938,-0.199,0.043,0.953,-0.090,-0.051,-0.215,0.044,0.010,1.194,1.409,2,NULL,NULL,,3,1,2,7,255,963,250,0,0
stim,81880,112001,1,112001,3309319.455,-0.597,-0.055,0.084,0.796,2933,141,419,3021,1939,2415,314,2500,57,1.329,1,2142,1,13.185,0.240,3.750,-11.813,-4.500,-0.230,0.074,0.969,-0.090,-0.223,-0.215,0.046,0.010,1.194,1.409,2,NULL,NULL,,3,1,2,7,255,963,250,0,0
stim,81880,112001,1,112001,3309324.454,-0.597,-0.054,0.084,0.796,2906,155,499,3001,1979,2415,353,2511,57,1.329,1,2142,1,17.243,0.648,4.500,-13.625,-9.563,-0.250,0.148,1.016,-0.309,-0.570,-0.027,0.048,0.014,1.194,1.409,2,NULL,NULL,,3,1,2,7,255,963,250,0,0
stim,81880,112001,1,112001,3309329.455,-0.598,-0.054,0.084,0.795,2884,156,620,2987,2021,2419,389,2516,57,1.329,1,2142,1,23.551,1.157,3.000,-14.813,-18.063,-0.207,0.223,1.035,-0.961,-0.645,0.465,0.050,0.018,1.194,1.409,2,NULL,NULL,,3,1,2,7,255,963,250,0,0
stim,81880,112001,1,112001,3309334.454,-0.598,-0.053,0.084,0.795,2855,173,687,2963,2065,2421,440,2535,57,1.329,1,2142,1,25.120,1.887,0.125,-16.063,-19.313,-0.160,0.230,1.051,-1.773,-0.645,0.617,0.052,0.020,1.194,1.409,2,NULL,NULL,,3,1,2,7,255,963,250,0,0
stim,81911,112032,1,112032,3309339.455,-0.599,-0.053,0.083,0.795,2834,187,778,2925,2117,2425,489,2555,57,1.329,1,2142,1,24.872,1.788,-7.000,-16.688,-17.063,-0.176,0.184,1.063,-1.773,-0.230,0.691,0.056,0.024,1.194,1.409,2,NULL,NULL,,3,1,2,7,255,963,250,0,0
stim,81911,112032,0,112032,3309344.453,-0.600,-0.052,0.082,0.794,2799,218,888,2925,2199,2428,569,2572,57,1.329,1,2142,1,29.411,1.521,-13.375,-17.063,-19.875,-0.195,0.184,1.027,-1.504,-0.230,0.691,0.058,0.028,1.194,1.409,2,NULL,NULL,,3,0,2,7,255,966,250,0,0
stim,81911,112032,0,112032,3309349.455,-0.601,-0.052,0.081,0.794,2765,245,988,2891,2261,2429,701,2599,57,1.329,1,2142,1,35.308,1.578,-13.625,-17.750,-27.313,-0.188,0.191,0.973,-1.504,-0.477,0.496,0.062,0.032,1.194,1.409,2,NULL,NULL,,3,0,2,7,255,966,250,0,0
stim,81911,112032,0,112032,3309354.453,-0.602,-0.052,0.080,0.793,2739,261,1118,2867,2325,2443,823,2623,57,1.329,1,2142,1,37.331,1.529,-10.938,-18.438,-30.563,-0.141,0.152,1.012,-1.453,-0.477,0.219,0.068,0.038,1.194,1.409,2,NULL,NULL,,3,0,2,7,255,966,250,0,0
stim,81911,112032,0,112032,3309359.455,-0.603,-0.051,0.079,0.792,2686,270,1227,2859,2367,2447,951,2637,57,1.329,1,2142,1,39.495,1.427,-16.063,-18.250,-31.125,-0.059,0.141,1.055,-1.426,0.051,0.219,0.072,0.044,1.194,1.409,2,NULL,NULL,,3,0,2,7,255,966,250,0,0
stim,81911,112032,0,112032,3309364.454,-0.603,-0.051,0.078,0.792,2649,280,1357,2835,2413,2453,1076,2650,57,1.329,1,2142,1,35.684,1.563,-26.688,-16.813,-16.688,-0.070,0.125,1.066,-1.320,0.836,0.492,0.080,0.052,1.194,1.409,2,NULL,NULL,,3,0,2,7,255,966,250,0,0
stim,81962,112083,0,112083,3309369.455,-0.604,-0.052,0.077,0.791,2587,311,1503,2810,2459,2456,1199,2666,57,1.329,1,2142,1,45.192,1.510,-27.500,-16.188,-32.000,-0.328,0.133,0.961,-1.258,0.836,0.492,0.086,0.058,1.194,1.409,2,NULL,NULL,,3,0,2,7,255,966,250,0,0
stim,81962,112083,0,112083,3309374.454,-0.606,-0.052,0.075,0.790,2526,313,1651,2788,2514,2461,1309,2693,57,1.329,1,2142,1,65.157,0.730,-30.500,-16.625,-55.125,-0.211,-0.004,1.016,-0.672,-0.285,0.332,0.090,0.062,1.194,1.409,2,NULL,NULL,,3,0,2,7,255,966,250,0,0
stim,81962,112083,0,112083,3309379.455,-0.609,-0.052,0.073,0.788,2475,333,1791,2769,2549,2459,1421,2711,57,1.329,1,2142,1,74.732,0.403,-34.063,-18.563,-63.875,-0.164,-0.027,0.992,0.285,-0.285,0.063,0.096,0.068,1.194,1.409,2,NULL,NULL,,3,0,2,7,255,966,250,0,0
stim,81962,112083,0,112083,3309384.454,-0.611,-0.053,0.071,0.787,2413,350,1915,2733,2600,2472,1543,2720,57,1.329,1,2142,0,76.394,0.323,-40.125,-19.938,-61.875,-0.090,-0.008,1.031,0.285,0.152,0.281,0.100,0.072,1.194,1.409,2,NULL,NULL,,3,0,2,7,255,966,250,0,0
stim,81962,112083,0,112083,3309389.455,-0.612,-0.053,0.069,0.786,2333,349,2036,2709,2634,2475,1659,2731,57,1.329,1,2142,0,69.283,0.561,-41.188,-19.500,-52.188,-0.098,0.023,0.965,-0.055,0.559,0.027,0.102,0.076,1.194,1.409,2,NULL,NULL,,3,0,2,7,255,966,250,0,0
stim,81962,112083,0,112083,3309394.453,-0.614,-0.054,0.067,0.785,2257,367,2170,2661,2663,2477,1765,2743,57,1.329,1,2142,0,67.245,0.561,-39.375,-19.250,-51.000,-0.145,-0.020,0.984,-0.055,0.559,-0.078,0.104,0.078,1.194,1.409,2,NULL,NULL,,3,0,2,7,255,966,250,0,0
stim,81962,112083,0,112083,3309399.455,-0.616,-0.054,0.064,0.783,2153,371,2276,2629,2709,2473,1879,2771,57,1.329,1,2142,0,72.098,0.245,-43.625,-20.313,-53.688,-0.184,-0.109,1.016,0.102,0.223,-0.078,0.106,0.080,1.194,1.409,2,NULL,NULL,,3,0,2,7,255,966,250,0,0
stim,81962,112083,0,112083,3309404.454,-0.618,-0.055,0.062,0.782,2041,378,2381,2573,2727,2469,1979,2790,57,1.329,1,2142,0,84.222,1.040,-54.563,-23.688,-59.625,-0.160,-0.141,1.039,1.016,0.223,0.297,0.106,0.080,1.194,1.409,2,NULL,NULL,,3,0,2,7,255,966,250,0,0
stim,81962,112083,0,112083,3309409.455,-0.620,-0.056,0.058,0.781,1949,382,2470,2521,2751,2485,2084,2801,57,1.329,1,2142,0,87.410,1.085,-59.813,-24.125,-59.000,-0.090,-0.102,0.984,1.016,0.383,0.297,0.106,0.080,1.194,1.409,2,NULL,NULL,,3,0,2,7,255,966,250,0,0
stim,81962,112083,0,112083,3309414.453,-0.621,-0.057,0.056,0.780,1837,379,2549,2443,2777,2479,2156,2825,57,1.329,1,2142,0,79.034,0.979,-55.813,-24.875,-50.125,-0.070,-0.039,0.949,0.625,0.754,-0.129,0.106,0.080,1.194,1.409,2,NULL,NULL,,3,0,2,7,255,966,250,0,0
stim,81986,112107,0,112107,3309419.455,-0.623,-0.058,0.053,0.778,1671,373,2600,2349,2807,2476,2235,2830,57,1.329,1,2142,0,77.161,0.775,-54.688,-25.438,-48.125,-0.219,-0.035,1.027,0.180,0.754,-0.129,0.106,0.080,1.194,1.409,2,NULL,NULL,,3,0,2,7,255,966,250,0,0
stim,81986,112107,0,112107,3309424.454,-0.625,-0.058,0.050,0.777,1499,361,2651,2249,2835,2483,2299,2853,57,1.329,1,2142,0,89.635,0.576,-54.375,-29.063,-65.063,-0.219,-0.078,0.977,0.180,-0.547,-0.020,0.106,0.082,1.194,1.409,2,NULL,NULL,,3,0,2,7,255,966,250,0,0
stim,81986,112107,0,112107,3309429.455,-0.627,-0.059,0.047,0.776,1271,341,2709,2131,2855,2479,2381,2861,57,1.329,1,2142,0,83.502,0.776,-51.125,-29.875,-58.875,-0.020,-0.164,1.023,0.551,-0.547,0.176,0.108,0.086,1.194,1.409,2,NULL,NULL,,3,0,2,7,255,966,250,0,0
stim,81986,112107,0,112107,3309434.454,-0.628,-0.059,0.044,0.775,1123,327,2744,1981,2867,2467,2432,2876,57,1.329,1,2142,0,69.748,0.842,-45.625,-32.250,-41.750,-0.070,-0.047,0.938,0.551,0.637,-0.020,0.108,0.086,1.194,1.409,2,NULL,NULL,,3,0,2,7,255,966,250,0,0
stim,81986,112107,0,112107,3309439.455,-0.629,-0.059,0.042,0.774,928,295,2788,1779,2895,2472,2493,2894,57,1.329,1,2142,0,60.497,0.648,-32.625,-33.438,-38.438,-0.160,0.059,1.000,-0.121,0.637,0.070,0.110,0.088,1.194,1.409,2,NULL,NULL,,3,0,2,7,255,966,250,0,0
stim,81986,112107,0,112107,3309444.453,-0.631,-0.058,0.040,0.773,695,251,2829,1555,2915,2456,2547,2900,57,1.329,1,2142,0,63.658,0.998,-30.875,-36.250,-42.250,-0.121,0.043,1.113,-0.988,0.137,0.070,0.110,0.086,1.194,1.409,2,NULL,NULL,,3,0,2,7,255,966,250,0,0
stim,82016,112137,0,112137,3309449.455,-0.632,-0.058,0.038,0.772,467,197,2866,1316,2938,2452,2592,2916,57,1.329,1,2142,0,61.539,0.998,-32.813,-36.688,-36.938,-0.102,-0.031,1.031,-0.988,0.137,0.332,0.112,0.086,1.194,1.409,2,NULL,NULL,,3,0,2,7,255,966,250,0,0
stim,82016,112137,0,112137,3309454.454,-0.633,-0.057,0.036,0.771,299,165,2889,1056,2955,2441,2645,2924,57,1.329,1,2142,0,60.143,0.456,-30.688,-38.313,-34.750,-0.090,-0.160,1.059,-0.332,0.313,0.660,0.114,0.086,1.194,1.409,2,NULL,NULL,,3,0,2,7,255,966,250,0,0
stim,82016,112137,0,112137,3309459.455,-0.634,-0.057,0.033,0.771,126,99,2915,807,2963,2427,2665,2937,57,1.329,1,2142,0,59.801,0.668,-30.688,-42.688,-28.500,-0.117,-0.125,0.973,0.590,0.313,0.332,0.114,0.086,1.194,1.409,2,NULL,NULL,,3,0,2,7,255,966,250,0,0
stim,82016,112137,0,112137,3309464.453,-0.635,-0.056,0.031,0.770,53,45,2931,555,2986,2396,2705,2939,57,1.329,1,2142,0,51.204,0.737,-14.625,-42.625,-24.313,-0.086,-0.117,0.984,0.590,0.441,-0.074,0.116,0.086,1.194,1.409,2,NULL,NULL,,3,0,2,7,255,966,250,0,0
stim,82062,112183,0,112183,3309469.455,-0.636,-0.054,0.030,0.769,19,35,2941,345,2988,2391,2725,2943,57,1.329,1,2142,0,56.030,0.512,-7.188,-46.813,-29.938,-0.094,-0.035,1.035,0.453,0.238,-0.074,0.116,0.086,1.194,1.409,2,NULL,NULL,,3,0,2,7,255,966,250,0,0
stim,82062,112183,0,112183,3309474.454,-0.637,-0.053,0.028,0.769,0,0,2955,225,3007,2357,2761,2961,57,1.329,1,2142,0,59.137,0.574,-4.250,-49.750,-31.688,-0.047,0.008,1.059,-0.367,0.441,0.363,0.118,0.086,1.194,1.409,2,NULL,NULL,,3,0,2,7,255,966,250,0,0
stim,82062,112183,0,112183,3309479.455,-0.638,-0.051,0.027,0.768,0,2,2967,149,3018,2323,2782,2956,57,1.329,1,2142,0,59.519,0.903,1.500,-54.250,-24.438,-0.070,0.012,1.063,-0.848,0.313,0.531,0.120,0.086,1.194,1.409,2,NULL,NULL,,3,0,2,7,255,966,250,0,0
stim,82062,112183,0,112183,3309484.453,-0.638,-0.048,0.026,0.768,0,0,2969,120,3022,2293,2814,2971,57,1.329,1,2142,0,70.666,0.903,33.000,-62.438,2.500,-0.391,-0.152,1.289,-0.848,0.313,0.594,0.122,0.088,1.194,1.409,2,NULL,NULL,,3,0,2,7,255,966,250,0,0
stim,82062,112183,0,112183,3309489.455,-0.638,-0.044,0.026,0.768,0,0,2981,79,3038,2267,2836,2979,57,1.329,1,2142,0,95.352,2.361,57.375,-75.625,-9.000,-0.473,-0.086,1.633,0.547,-2.297,3.211,0.126,0.088,1.194,1.409,3,NULL,NULL,,3,0,2,7,255,966,250,0,0
stim,82062,112183,0,112183,3309494.454,-0.639,-0.040,0.025,0.768,0,0,2991,55,3044,2223,2860,2969,57,1.329,1,2142,0,92.113,2.361,38.313,-83.000,-11.313,-0.309,0.125,1.773,0.547,-2.297,6.590,0.128,0.090,1.194,1.409,3,NULL,NULL,,3,0,2,7,255,966,250,0,0
stim,82062,112183,0,112183,3309499.455,-0.639,-0.038,0.022,0.768,0,0,3001,4,3049,2185,2889,2979,57,1.329,1,2142,0,94.828,2.541,-42.875,-81.500,-22.625,-0.047,0.227,1.574,-1.801,-1.793,6.590,0.130,0.094,1.194,1.409,3,NULL,NULL,,3,0,2,7,255,966,250,0,0
stim,82062,112183,0,112183,3309504.453,-0.639,-0.037,0.017,0.768,0,0,2997,0,3053,2117,2894,2969,57,1.329,1,2142,0,106.414,2.771,-59.688,-87.688,8.500,-0.031,0.203,1.199,-2.770,0.074,5.477,0.126,0.100,1.194,1.409,3,NULL,NULL,,3,0,2,7,255,966,250,0,0
stim,82062,112183,0,112183,3309509.455,-0.638,-0.035,0.014,0.769,0,0,3007,0,3065,2044,2907,2987,57,1.329,1,2142,0,103.123,2.771,-30.438,-93.750,30.313,-0.223,0.141,1.090,-2.770,0.074,1.813,0.124,0.106,1.194,1.409,3,NULL,NULL,,3,0,2,7,255,966,250,0,0
stim,82062,112183,0,112183,3309514.453,-0.637,-0.031,0.011,0.770,0,0,3005,0,3079,1941,2928,2981,57,1.329,1,2142,0,106.943,2.508,1.813,-103.688,26.125,-0.266,0.059,1.195,-1.742,-1.805,1.813,0.120,0.110,1.194,1.409,3,NULL,NULL,,3,0,2,7,255,966,250,0,0
stim,82084,112205,0,112205,3309519.455,-0.636,-0.028,0.009,0.771,0,0,3015,0,3089,1819,2941,2981,57,1.329,1,2142,0,109.580,2.208,1.000,-108.500,15.313,-0.266,-0.008,1.348,-0.902,-2.016,2.012,0.118,0.114,1.194,1.409,3,NULL,NULL,,3,0,2,7,255,966,250,0,0
stim,82084,112205,0,112205,3309524.454,-0.636,-0.024,0.005,0.772,0,0,3006,0,3093,1703,2957,2973,57,1.329,1,2142,0,114.814,2.043,-10.500,-113.563,13.250,-0.246,-0.074,1.379,-0.332,-2.016,3.516,0.118,0.120,1.194,1.409,3,NULL,NULL,,3,0,2,7,255,966,250,0,0
stim,82084,112205,0,112205,3309529.455,-0.635,-0.021,0.001,0.772,0,0,2999,0,3093,1565,2981,2971,57,1.329,1,2142,0,120.589,1.864,-19.250,-118.125,14.750,-0.227,-0.094,1.270,0.250,-1.848,3.516,0.118,0.128,1.194,1.409,3,NULL,NULL,,3,0,2,7,255,966,250,0,0
stim,82084,112205,0,112205,3309534.453,-0.634,-0.017,-0.003,0.773,0,0,3001,0,3100,1369,2983,2979,57,1.329,1,2142,0,127.960,1.823,-24.563,-124.500,16.438,-0.203,-0.109,1.227,0.469,-1.762,2.734,0.120,0.136,1.194,1.409,3,NULL,NULL,,3,0,2,7,255,966,250,0,0
stim,82110,112231,0,112231,3309539.455,-0.633,-0.014,-0.007,0.774,0,0,2991,0,3103,1167,3001,2956,57,1.329,1,2142,0,132.026,1.839,-16.063,-129.500,20.063,-0.230,-0.094,1.199,0.527,-1.762,2.301,0.120,0.144,1.194,1.409,3,NULL,NULL,,3,0,2,7,255,966,250,0,0
stim,82110,112231,0,112231,3309544.454,-0.633,-0.010,-0.011,0.774,0,0,2982,0,3113,981,3006,2944,57,1.329,1,2142,0,136.915,2.160,-19.125,-135.063,11.750,-0.230,-0.145,1.152,0.617,-2.070,2.023,0.122,0.156,1.194,1.409,3,NULL,NULL,,3,0,2,7,255,966,250,0,0
stim,82110,112231,0,112231,3309549.455,-0.632,-0.006,-0.015,0.775,0,0,2979,0,3110,732,3018,2935,57,1.329,1,2142,0,142.914,2.327,-11.500,-141.625,15.313,-0.211,-0.188,1.184,1.063,-2.070,1.844,0.124,0.166,1.194,1.409,3,NULL,NULL,,3,0,2,7,255,966,250,0,0
stim,82110,112231,0,112231,3309554.453,-0.632,-0.001,-0.020,0.775,0,0,2955,0,3109,581,3015,2924,57,1.329,1,2142,0,147.726,2.251,-15.938,-146.688,7.188,-0.160,-0.125,1.207,1.063,-1.984,1.844,0.126,0.176,1.194,1.409,3,NULL,NULL,,3,0,2,7,255,966,250,0,0
stim,82110,112231,0,112231,3309559.455,-0.631,0.003,-0.024,0.775,0,0,2935,0,3117,381,3031,2911,57,1.329,1,2142,0,154.133,2.443,-17.375,-152.750,11.063,-0.211,-0.203,1.109,1.426,-1.984,1.844,0.128,0.188,1.194,1.409,3,NULL,NULL,,3,0,2,7,255,966,250,0,0
stim,82110,112231,0,112231,3309564.454,-0.630,0.008,-0.029,0.776,0,0,2909,0,3127,199,3047,2879,57,1.329,1,2142,0,160.404,2.162,-4.313,-160.250,5.563,-0.156,-0.102,1.129,0.730,-2.035,1.227,0.130,0.198,1.194,1.409,3,NULL,NULL,,3,0,2,7,255,966,250,0,0
stim,82161,112282,0,112282,3309569.455,-0.630,0.013,-0.033,0.776,0,0,2891,0,3115,85,3043,2855,57,1.329,1,2142,0,166.549,2.276,-3.188,-166.500,2.500,-0.172,-0.078,1.125,0.586,-2.199,1.102,0.132,0.210,1.194,1.409,3,NULL,NULL,,3,0,2,7,255,966,250,0,0
stim,82161,112282,0,112282,3309574.454,-0.630,0.019,-0.037,0.776,0,0,2857,0,3121,17,3059,2835,57,1.329,1,2142,0,173.361,2.396,14.375,-172.750,-2.188,-0.180,-0.012,1.160,0.438,-2.355,1.227,0.130,0.222,1.194,1.409,3,NULL,NULL,,3,0,2,7,255,966,250,0,0
stim,82161,112282,0,112282,3309579.455,-0.629,0.026,-0.041,0.776,0,0,2823,0,3125,0,3048,2797,57,1.329,1,2142,0,182.052,2.720,22.750,-180.250,-11.625,-0.113,0.113,1.328,-0.168,-2.715,1.391,0.130,0.232,1.194,1.409,3,NULL,NULL,,3,0,2,7,255,966,250,0,0
stim,82161,112282,0,112282,3309584.453,-0.629,0.033,-0.046,0.775,0,0,2767,0,3113,0,3058,2743,57,1.329,1,2142,0,187.599,3.094,14.875,-187.000,-1.813,-0.055,0.184,1.543,-1.484,-2.715,2.969,0.130,0.242,1.194,1.409,3,NULL,NULL,,3,0,2,7,255,966,250,0,0
stim,82161,112282,0,112282,3309589.455,-0.628,0.040,-0.051,0.775,0,0,2726,0,3113,0,3064,2703,57,1.329,1,2142,0,193.904,3.549,3.813,-193.813,4.563,-0.172,0.215,1.676,-2.285,-2.715,5.031,0.132,0.252,1.194,1.409,3,NULL,NULL,,3,0,2,7,255,966,250,0,0
stim,82161,112282,0,112282,3309594.454,-0.627,0.047,-0.056,0.775,0,0,2659,0,3109,0,3059,2629,57,1.329,1,2142,0,204.225,4.881,4.750,-204.000,8.313,-0.293,0.160,1.973,-2.285,-4.313,6.117,0.136,0.264,1.194,1.409,3,NULL,NULL,,3,0,2,7,255,966,250,0,0
stim,82161,112282,0,112282,3309599.455,-0.626,0.054,-0.063,0.776,0,0,2550,0,3109,0,3055,2559,57,1.329,1,2142,0,224.235,6.478,-2.000,-223.063,22.813,-0.344,0.234,2.254,-2.188,-6.098,8.813,0.144,0.278,1.194,1.409,3,NULL,NULL,,3,0,2,7,255,966,250,0,0
stim,82161,112282,0,112282,3309604.453,-0.623,0.061,-0.070,0.776,0,0,2461,0,3097,3,3052,2467,57,1.329,1,2142,0,248.479,7.850,-22.438,-244.500,38.188,-0.527,0.414,2.410,-2.188,-7.539,11.281,0.154,0.292,1.194,1.409,3,NULL,NULL,,3,0,2,7,255,966,250,0,0
stim,82161,112282,0,112282,3309609.455,-0.621,0.069,-0.079,0.777,0,0,2352,0,3063,52,3043,2345,57,1.329,1,2142,0,282.591,10.951,-54.500,-272.625,50.625,-0.680,0.664,2.535,-3.480,-10.383,12.199,0.168,0.308,1.194,1.409,3,NULL,NULL,,3,0,2,7,255,966,250,0,0
stim,82161,112282,0,112282,3309614.454,-0.618,0.076,-0.090,0.777,0,0,2223,0,3045,71,3035,2205,57,1.329,1,2142,0,309.703,14.252,-85.688,-295.563,34.875,-0.691,0.832,2.539,-5.527,-13.137,12.199,0.184,0.328,1.194,1.409,3,NULL,NULL,,3,0,2,7,255,966,250,0,0
stim,82181,112302,0,112302,3309619.455,-0.616,0.084,-0.103,0.776,0,0,2088,0,3035,81,3019,2033,57,1.329,1,2142,0,340.280,15.179,-114.625,-319.688,21.250,-0.605,0.746,2.465,-6.520,-13.707,12.164,0.206,0.352,1.194,1.409,3,NULL,NULL,,3,0,2,7,255,966,250,0,0
stim,82181,112302,0,112302,3309624.454,-0.614,0.092,-0.117,0.775,0,0,1977,0,3002,99,2999,1885,57,1.329,1,2142,0,368.585,15.632,-131.063,-343.188,30.000,-0.625,0.684,2.516,-6.520,-14.207,11.309,0.232,0.382,1.194,1.409,3,NULL,NULL,,3,0,2,7,255,966,250,0,0
stim,82181,112302,0,112302,3309629.455,-0.611,0.100,-0.131,0.774,0,0,1849,0,2969,103,2968,1737,57,1.329,1,2142,0,394.838,15.973,-139.500,-367.688,35.250,-0.762,0.867,2.586,-6.520,-14.582,11.305,0.268,0.422,1.194,1.409,3,NULL,NULL,,3,0,2,7,255,966,250,0,0
stim,82181,112302,0,112302,3309634.454,-0.608,0.109,-0.147,0.772,0,0,1762,0,2931,105,2934,1611,57,1.329,1,2142,0,420.124,18.715,-156.875,-389.500,13.563,-0.813,1.105,2.652,-7.504,-17.145,10.801,0.314,0.470,1.194,1.409,3,NULL,NULL,,3,0,2,7,255,966,250,0,0
stim,82212,112333,0,112333,3309639.455,-0.606,0.119,-0.164,0.769,0,0,1668,0,2867,87,2879,1460,57,1.329,1,2142,0,442.042,21.393,-159.688,-412.125,-7.375,-0.813,1.094,2.879,-9.793,-19.020,10.801,0.368,0.524,1.194,1.409,3,NULL,NULL,,3,0,2,7,255,966,250,0,0
stim,82212,112333,0,112333,3309644.453,-0.604,0.129,-0.181,0.766,0,0,1556,0,2802,81,2793,1337,57,1.329,1,2142,0,470.996,22.849,-176.375,-436.688,-5.750,-0.914,0.934,3.066,-9.793,-20.645,11.531,0.426,0.586,1.194,1.409,3,NULL,NULL,,3,0,2,7,255,966,250,0,0
stim,82212,112333,0,112333,3309649.455,-0.601,0.138,-0.200,0.761,0,0,1396,0,2711,65,2695,1198,57,1.329,1,2142,0,507.593,24.294,-224.563,-454.875,-17.625,-0.891,0.793,2.961,-8.375,-22.805,11.531,0.492,0.652,1.194,1.409,3,NULL,NULL,,3,0,2,7,255,966,250,0,0
stim,82212,112333,0,112333,3309654.453,-0.599,0.148,-0.219,0.755,0,0,1198,0,2588,48,2535,1054,57,1.329,1,2142,0,514.750,23.952,-212.750,-465.813,-52.188,-0.781,0.461,2.938,-7.324,-22.805,10.441,0.564,0.726,1.194,1.409,3,NULL,NULL,,3,0,2,7,255,966,250,0,0
stim,82212,112333,0,112333,3309659.455,-0.597,0.159,-0.238,0.749,0,0,1018,0,2441,3,2347,895,57,1.329,1,2142,0,519.679,22.974,-191.938,-480.875,-44.563,-0.719,0.270,3.004,-4.645,-22.500,10.441,0.648,0.810,1.194,1.409,3,NULL,NULL,,3,0,2,7,255,966,250,0,0
stim,82212,112333,0,112333,3309664.454,-0.593,0.170,-0.258,0.744,0,0,792,0,2240,0,2075,814,57,1.329,1,2142,0,543.883,22.322,-214.625,-499.500,-15.625,-0.641,0.063,2.926,-3.238,-22.086,10.285,0.742,0.904,1.194,1.409,3,NULL,NULL,,3,0,2,7,255,966,250,0,0
stim,82257,112379,0,112379,3309669.455,-0.588,0.180,-0.280,0.738,0,0,569,0,1993,0,1736,677,57,1.329,1,2142,0,576.962,22.127,-250.625,-519.375,17.938,-0.617,-0.242,2.418,-1.586,-22.070,9.605,0.842,1.008,1.194,1.409,3,NULL,NULL,,3,0,2,7,255,966,250,0,0
stim,82257,112379,0,112379,3309674.454,-0.582,0.190,-0.301,0.731,0,0,394,0,1691,0,1321,583,57,1.329,1,2142,0,576.402,19.318,-238.000,-524.750,15.250,-0.418,-0.375,1.641,1.469,-19.262,5.438,0.944,1.112,1.194,1.409,3,NULL,NULL,,3,0,2,7,255,966,250,0,0
stim,82258,112379,0,112379,3309679.456,-0.575,0.203,-0.320,0.726,0,0,227,0,1381,0,739,457,57,1.329,1,2142,0,554.114,13.639,-144.375,-534.563,21.000,-0.313,-0.398,1.313,2.820,-13.344,0.383,1.048,1.218,1.194,1.409,3,NULL,NULL,,3,0,2,7,255,966,250,0,0
stim,82258,112379,0,112379,3309684.454,-0.565,0.218,-0.335,0.722,0,0,152,0,1067,0,229,408,57,1.329,1,2142,0,546.419,13.639,-35.125,-542.750,52.563,-0.406,-0.078,1.711,2.820,-13.344,-1.090,1.150,1.324,1.194,1.409,3,NULL,NULL,,3,0,2,7,255,966,250,0,0
stim,82258,112379,0,112379,3309689.455,-0.553,0.234,-0.349,0.720,0,0,101,0,565,0,0,331,57,1.329,1,2142,0,565.003,14.938,18.938,-555.500,101.438,-0.891,0.086,2.465,0.152,-14.938,-1.090,1.250,1.430,1.194,1.409,3,NULL,NULL,,3,0,2,7,255,966,250,0,0
stim,82258,112379,0,112379,3309694.453,-0.538,0.248,-0.366,0.718,0,0,51,0,167,0,0,270,57,1.329,1,2142,0,603.159,24.184,-37.250,-572.125,187.313,-1.457,0.281,2.641,-0.207,-24.184,-1.090,1.348,1.532,1.194,1.409,3,NULL,NULL,,3,0,2,7,255,966,250,0,0
stim,82258,112379,0,112379,3309699.455,-0.525,0.258,-0.385,0.714,0,0,22,0,0,0,0,205,57,1.329,1,2142,0,608.119,25.936,-160.188,-560.688,172.563,-1.441,0.930,2.094,-0.348,-25.934,-5.676,1.436,1.628,1.194,1.409,3,NULL,NULL,,3,0,2,7,255,966,250,0,0
stim,82258,112379,0,112379,3309704.453,-0.517,0.267,-0.406,0.705,0,0,18,0,0,0,0,163,57,1.329,1,2142,0,572.378,26.537,-260.813,-505.063,67.125,-0.832,1.605,1.281,-5.629,-25.934,-11.930,1.516,1.714,1.194,1.409,3,NULL,NULL,,3,0,2,7,255,966,250,0,0
stim,82258,112379,0,112379,3309709.455,-0.511,0.273,-0.425,0.695,0,0,19,0,0,0,0,101,57,1.329,1,2142,0,529.259,21.299,-299.375,-436.125,16.875,-0.285,1.746,0.738,-13.230,-16.691,-14.230,1.598,1.800,1.194,1.409,4,NULL,NULL,,3,0,2,7,255,966,250,0,0
stim,82258,112379,0,112379,3309714.454,-0.504,0.273,-0.445,0.688,0,0,21,0,0,0,0,99,57,1.329,1,2142,0,507.737,16.128,-335.625,-355.313,137.500,-0.746,1.453,0.457,-13.230,-9.223,-14.707,1.688,1.896,1.194,1.409,0,NULL,NULL,,3,0,2,7,255,966,250,0,0
stim,82298,112419,0,112419,3309719.455,-0.498,0.268,-0.464,0.682,0,0,20,0,0,0,0,87,57,1.329,1,2142,0,493.940,14.060,-381.313,-255.438,182.563,-0.691,1.559,-0.348,-11.340,-8.313,-18.863,1.792,2.006,1.194,1.409,0,NULL,NULL,,3,0,2,7,255,966,250,0,0
stim,82298,112419,0,112419,3309724.454,-0.496,0.267,-0.474,0.677,0,0,17,0,0,0,0,75,57,1.329,1,2142,0,253.260,11.351,-202.063,-145.625,45.875,-0.691,-0.023,-0.707,-11.336,-0.594,-18.863,1.908,2.126,1.194,1.409,0,NULL,NULL,,3,0,2,7,255,966,250,0,0
stim,82298,112419,0,112419,3309729.455,-0.495,0.270,-0.474,0.676,0,0,17,0,0,0,0,85,57,1.329,1,2142,0,66.012,3.604,10.813,-60.000,-25.313,-0.801,-1.441,0.305,3.555,-0.594,-18.105,2.028,2.248,1.194,1.409,0,NULL,NULL,,3,0,2,7,255,966,250,0,0
stim,82298,112419,0,112419,3309734.454,-0.496,0.270,-0.473,0.676,0,0,13,0,0,0,0,87,57,1.329,1,2142,0,39.121,12.379,11.500,20.438,-31.313,-0.867,-1.078,1.297,11.043,-5.594,-9.742,2.138,2.360,1.194,1.409,0,NULL,NULL,,3,0,2,7,255,966,250,0,0
stim,82298,112419,0,112419,3309739.455,-0.501,0.265,-0.474,0.674,0,0,11,0,0,0,0,60,57,1.329,1,2142,0,166.058,16.045,-119.625,111.063,-30.500,-0.813,0.254,0.918,11.043,-11.641,-9.742,2.232,2.452,1.194,1.409,0,NULL,NULL,,3,0,2,7,255,966,250,0,0
stim,82298,112419,0,112419,3309744.453,-0.507,0.257,-0.474,0.673,0,0,12,0,0,0,0,29,57,1.329,1,2142,0,232.197,11.672,-143.688,182.313,-5.625,-0.758,1.285,-0.098,-0.855,-11.641,-13.809,2.302,2.520,1.194,1.409,0,NULL,NULL,,3,0,2,7,255,966,250,0,0
stim,82298,112419,0,112419,3309749.455,-0.511,0.249,-0.470,0.675,0,0,17,0,0,0,0,20,57,1.329,1,2142,0,220.243,9.203,-27.125,217.750,18.875,-0.938,1.383,-0.285,-8.832,-2.586,-21.270,2.346,2.564,1.194,1.409,0,NULL,NULL,,3,0,2,7,255,966,250,0,0
stim,82298,112419,0,112419,3309754.454,-0.515,0.244,-0.463,0.679,0,0,14,0,0,0,0,22,57,1.329,1,2142,0,245.693,9.203,69.750,235.563,3.188,-1.145,0.738,0.367,-8.832,-2.586,-21.270,2.372,2.594,1.194,1.409,0,NULL,NULL,,3,0,2,7,255,966,250,0,0
stim,82326,112447,0,112447,3309759.455,-0.521,0.239,-0.455,0.682,0,0,6,0,0,0,0,16,57,1.329,1,2142,0,258.388,9.308,55.250,250.875,-27.813,-1.059,0.148,0.836,-3.461,-8.641,-20.137,2.396,2.622,1.194,1.409,0,NULL,NULL,,3,0,2,7,255,966,250,0,0
stim,82326,112447,0,112447,3309764.453,-0.527,0.231,-0.449,0.683,0,0,5,0,0,0,0,11,57,1.329,1,2142,0,263.009,9.684,-4.313,261.125,-31.125,-0.809,0.063,0.656,0.684,-9.660,-14.906,2.418,2.646,1.194,1.409,0,NULL,NULL,,3,0,2,7,255,966,250,0,0
stim,82360,112481,0,112481,3309769.455,-0.533,0.223,-0.443,0.685,0,0,7,0,0,0,0,7,57,1.329,1,2142,0,267.303,9.684,-24.563,266.063,-7.625,-0.645,0.328,0.152,0.684,-9.660,-14.906,2.440,2.672,1.194,1.409,0,NULL,NULL,,3,0,2,7,255,966,250,0,0
stim,82360,112481,0,112481,3309774.454,-0.538,0.215,-0.437,0.688,0,0,4,0,0,0,0,20,57,1.329,1,2142,0,268.069,4.909,10.813,267.438,14.875,-0.648,0.551,-0.141,-1.270,-4.742,-15.219,2.462,2.696,1.194,1.409,0,NULL,NULL,,3,0,2,7,255,966,250,0,0
stim,82360,112481,0,112481,3309779.455,-0.542,0.208,-0.429,0.692,0,0,2,0,0,0,0,22,57,1.329,1,2142,0,277.236,4.338,53.875,271.313,18.625,-0.637,0.617,-0.043,-2.691,-3.402,-17.043,2.488,2.724,1.194,1.409,0,NULL,NULL,,3,0,2,7,255,966,250,0,0
stim,82360,112481,0,112481,3309784.454,-0.546,0.202,-0.420,0.696,0,0,6,0,0,0,0,20,57,1.329,1,2142,0,282.685,4.338,78.250,271.063,17.688,-0.711,0.434,0.000,-2.691,-3.402,-17.043,2.520,2.758,1.194,1.409,0,NULL,NULL,,3,0,2,7,255,966,250,0,0
stim,82360,112481,0,112481,3309789.455,-0.550,0.196,-0.410,0.700,0,0,3,0,0,0,0,23,57,1.329,1,2142,0,294.239,4.013,102.000,275.688,13.000,-0.531,0.195,0.039,-1.762,-3.605,-16.578,2.558,2.798,1.194,1.409,0,NULL,NULL,,3,0,2,7,255,966,250,0,0
stim,82360,112481,0,112481,3309794.453,-0.554,0.190,-0.400,0.705,0,0,0,0,0,0,0,24,57,1.329,1,2142,0,302.503,4.466,116.125,278.125,25.875,-0.516,0.254,0.223,-1.258,-4.285,-14.102,2.594,2.836,1.194,1.409,0,NULL,NULL,,3,0,2,7,255,966,250,0,0
stim,82360,112481,0,112481,3309799.455,-0.557,0.183,-0.390,0.710,0,0,0,0,0,0,0,20,57,1.329,1,2142,0,306.888,5.182,119.375,281.000,31.125,-0.516,0.363,0.352,-1.258,-5.027,-13.035,2.628,2.872,1.194,1.409,0,NULL,NULL,,3,0,2,7,255,966,250,0,0
stim,82360,112481,0,112481,3309804.454,-0.560,0.177,-0.379,0.715,0,0,0,0,0,0,0,1,57,1.329,1,2142,0,311.438,6.642,123.875,284.063,30.938,-0.469,0.375,0.438,-2.531,-6.141,-12.496,2.658,2.906,1.194,1.409,0,NULL,NULL,,3,0,2,7,255,966,250,0,0
stim,82361,112482,0,112482,3309809.455,-0.563,0.171,-0.369,0.720,0,0,0,0,0,0,0,21,57,1.329,1,2142,0,316.141,7.179,127.188,287.688,31.688,-0.422,0.371,0.566,-2.953,-6.543,-11.512,2.690,2.938,1.194,1.409,0,NULL,NULL,,3,0,2,7,255,966,250,0,0
stim,82361,112482,0,112482,3309814.453,-0.566,0.164,-0.358,0.724,0,0,0,0,0,0,0,18,57,1.329,1,2142,0,319.654,7.898,124.125,292.875,31.563,-0.375,0.359,0.676,-3.309,-7.172,-10.191,2.720,2.970,1.194,1.409,0,NULL,NULL,,3,0,2,7,255,966,250,0,0
stim,82384,112505,0,112505,3309819.455,-0.569,0.157,-0.346,0.729,0,0,0,0,0,0,0,23,57,1.329,1,2142,0,323.847,8.404,118.125,299.938,31.000,-0.332,0.340,0.746,-3.566,-7.609,-8.918,2.750,3.004,1.194,1.409,0,NULL,NULL,,3,0,2,7,255,966,250,0,0
stim,82384,112505,0,112505,3309824.454,-0.573,0.150,-0.335,0.733,0,0,0,0,0,0,0,20,57,1.329,1,2142,0,329.623,8.532,111.813,308.625,30.000,-0.305,0.316,0.797,-3.594,-7.738,-7.891,2.782,3.038,1.194,1.409,0,NULL,NULL,,3,0,2,7,255,966,250,0,0
stim,82384,112505,0,112505,3309829.455,-0.576,0.142,-0.324,0.737,0,0,0,0,0,0,0,26,57,1.329,1,2142,0,336.849,8.546,106.250,318.375,28.563,-0.297,0.273,0.824,-3.594,-7.754,-7.047,2.818,3.076,1.194,1.409,0,NULL,NULL,,3,0,2,7,255,966,250,0,0
stim,82384,112505,0,112505,3309834.454,-0.579,0.134,-0.313,0.741,0,0,0,0,0,0,0,28,57,1.329,1,2142,0,344.511,8.428,102.188,327.938,26.500,-0.313,0.223,0.848,-3.293,-7.758,-6.418,2.856,3.116,1.194,1.409,0,NULL,NULL,,3,0,2,7,255,966,250,0,0
stim,82410,112531,0,112531,3309839.455,-0.583,0.125,-0.301,0.744,0,0,0,0,0,0,0,25,57,1.329,1,2142,0,351.773,8.352,99.000,336.813,22.375,-0.336,0.180,0.863,-2.859,-7.848,-5.945,2.896,3.160,1.194,1.409,0,NULL,NULL,,3,0,2,7,255,966,250,0,0
stim,82410,112531,0,112531,3309844.453,-0.587,0.117,-0.289,0.748,0,0,0,0,0,0,0,25,57,1.329,1,2142,0,358.802,8.236,97.188,345.000,16.375,-0.344,0.148,0.871,-2.426,-7.871,-5.551,2.940,3.204,1.194,1.409,0,NULL,NULL,,3,0,2,7,255,966,250,0,0
stim,82410,112531,0,112531,3309849.455,-0.590,0.108,-0.277,0.750,0,0,0,0,0,0,0,24,57,1.329,1,2142,0,365.750,8.160,97.688,352.313,10.313,-0.336,0.133,0.867,-2.152,-7.871,-5.211,2.986,3.252,1.194,1.409,0,NULL,NULL,,3,0,2,7,255,966,250,0,0
stim,82410,112531,0,112531,3309854.454,-0.594,0.098,-0.264,0.753,0,0,0,0,0,0,0,24,57,1.329,1,2142,0,372.653,7.882,100.000,358.938,5.813,-0.309,0.125,0.855,-2.070,-7.605,-4.895,3.030,3.298,1.194,1.409,0,NULL,NULL,,3,0,2,7,255,966,250,0,0
stim,82410,112531,0,112531,3309859.455,-0.598,0.089,-0.251,0.756,0,0,0,0,0,0,0,31,57,1.329,1,2142,0,379.312,7.435,104.500,364.625,2.438,-0.273,0.109,0.832,-2.059,-7.145,-4.594,3.076,3.344,1.194,1.409,0,NULL,NULL,,3,0,2,7,255,966,250,0,0
stim,82410,112531,0,112531,3309864.453,-0.602,0.080,-0.238,0.758,0,0,0,0,0,0,0,37,57,1.329,1,2142,0,385.514,6.810,114.063,368.250,1.563,-0.250,0.094,0.816,-1.992,-6.512,-4.363,3.118,3.390,1.194,1.409,0,NULL,NULL,,3,0,2,7,255,966,250,0,0
stim,82460,112581,0,112581,3309869.455,-0.606,0.071,-0.224,0.760,0,0,0,0,0,0,0,42,57,1.329,1,2142,0,390.771,6.319,127.875,369.250,2.063,-0.242,0.082,0.844,-1.887,-6.031,-4.164,3.160,3.432,1.194,1.409,0,NULL,NULL,,3,0,2,7,255,966,250,0,0
stim,82460,112581,0,112581,3309874.454,-0.609,0.063,-0.209,0.762,0,0,0,0,0,0,0,36,57,1.329,1,2142,0,394.365,6.148,140.938,368.313,2.438,-0.230,0.086,0.918,-1.887,-5.852,-3.637,3.200,3.474,1.194,1.409,0,NULL,NULL,,3,0,2,7,255,966,250,0,0
stim,82460,112581,0,112581,3309879.456,-0.612,0.055,-0.194,0.764,0,0,0,0,0,0,0,31,57,1.329,1,2142,0,396.275,6.160,149.750,366.875,3.375,-0.207,0.082,0.980,-2.027,-5.816,-2.762,3.238,3.514,1.194,1.409,0,NULL,NULL,,3,0,2,7,255,966,250,0,0
stim,82460,112581,0,112581,3309884.453,-0.615,0.047,-0.179,0.766,0,0,0,0,0,0,0,41,57,1.329,1,2142,0,397.713,5.977,161.500,363.375,7.188,-0.191,0.066,1.055,-2.105,-5.594,-1.902,3.276,3.554,1.194,1.409,0,NULL,NULL,,3,0,2,7,255,966,250,0,0
stim,82460,112581,0,112581,3309889.455,-0.618,0.040,-0.164,0.768,0,0,0,0,0,0,0,39,57,1.329,1,2142,0,399.941,5.888,173.688,360.125,9.750,-0.184,0.102,1.184,-2.152,-5.480,-0.969,3.310,3.590,1.194,1.409,0,NULL,NULL,,3,0,2,7,255,966,250,0,0
stim,82460,112581,0,112581,3309894.453,-0.620,0.033,-0.148,0.770,0,0,0,0,0,0,0,35,57,1.329,1,2142,0,399.210,6.067,178.563,356.813,13.000,-0.195,0.117,1.301,-2.602,-5.480,0.348,3.344,3.626,1.194,1.409,0,NULL,NULL,,3,0,2,7,255,966,250,0,0
stim,82460,112581,0,112581,3309899.455,-0.621,0.025,-0.133,0.772,0,0,0,0,0,0,0,35,57,1.329,1,2142,0,396.631,6.067,178.188,354.125,12.688,-0.207,0.094,1.348,-2.602,-5.480,1.578,3.376,3.658,1.194,1.409,0,NULL,NULL,,3,0,2,7,255,966,250,0,0
stim,82460,112581,0,112581,3309904.454,-0.623,0.019,-0.117,0.773,0,0,0,0,0,0,0,35,57,1.329,1,2142,0,395.616,5.924,182.250,350.875,13.563,-0.203,0.070,1.391,-2.574,-5.336,2.230,3.406,3.692,1.194,1.409,0,NULL,NULL,,3,0,2,7,255,966,250,0,0
stim,82460,112581,0,112581,3309909.455,-0.624,0.012,-0.101,0.774,0,0,0,0,0,0,0,38,57,1.329,1,2142,0,396.946,5.495,191.813,347.063,17.938,-0.215,0.078,1.492,-2.395,-4.945,2.883,3.436,3.722,1.194,1.409,0,NULL,NULL,,3,0,2,7,255,966,250,0,0
stim,82460,112581,0,112581,3309914.453,-0.626,0.006,-0.085,0.776,0,0,0,0,0,0,0,37,57,1.329,1,2142,0,397.132,5.495,198.813,343.313,18.000,-0.258,0.113,1.656,-2.395,-4.945,4.012,3.466,3.754,1.194,1.409,0,NULL,NULL,,3,0,2,7,255,966,250,0,0
stim,82481,112602,0,112602,3309919.455,-0.626,-0.000,-0.069,0.776,0,0,0,0,0,0,0,36,57,1.329,1,2142,0,392.960,5.662,196.125,340.188,15.000,-0.285,0.117,1.793,-2.672,-4.992,5.672,3.496,3.786,1.194,1.409,0,NULL,NULL,,3,0,2,7,255,966,250,0,0
stim,82481,112602,0,112602,3309924.454,-0.627,-0.007,-0.053,0.777,0,0,0,0,0,0,0,39,57,1.329,1,2142,0,387.485,5.662,191.063,336.875,12.438,-0.293,0.113,1.898,-2.672,-4.992,7.133,3.526,3.818,1.194,1.409,0,NULL,NULL,,3,0,2,7,255,966,250,0,0
stim,82481,112602,0,112602,3309929.455,-0.628,-0.013,-0.038,0.777,0,0,0,0,0,0,0,37,57,1.329,1,2142,0,381.562,5.245,186.625,332.625,11.000,-0.293,0.102,1.969,-2.574,-4.570,8.328,3.556,3.850,1.194,1.409,0,NULL,NULL,,3,0,2,7,255,966,250,0,0
stim,82481,112602,0,112602,3309934.453,-0.629,-0.019,-0.022,0.777,0,0,0,0,0,0,0,38,57,1.329,1,2142,0,376.582,4.647,185.375,327.688,8.438,-0.297,0.094,2.035,-2.352,-4.008,9.199,3.588,3.882,1.194,1.409,0,NULL,NULL,,3,0,2,7,255,966,250,0,0
stim,82505,112626,0,112626,3309939.455,-0.629,-0.025,-0.007,0.777,0,0,0,0,0,0,0,33,57,1.329,1,2142,0,373.890,4.021,187.563,323.438,1.563,-0.262,0.059,2.105,-2.117,-3.418,9.980,3.618,3.914,1.194,1.409,0,NULL,NULL,,3,0,2,7,255,966,250,0,0
stim,82505,112626,0,112626,3309944.454,-0.630,-0.030,0.009,0.776,0,0,0,0,0,0,0,39,57,1.329,1,2142,0,373.746,2.938,190.688,321.375,-6.500,-0.180,-0.023,2.168,-1.707,-2.391,10.785,3.648,3.946,1.194,1.409,0,NULL,NULL,,3,0,2,7,255,966,250,0,0
stim,82505,112626,0,112626,3309949.455,-0.631,-0.036,0.024,0.775,0,0,0,0,0,0,0,37,57,1.329,1,2142,0,375.807,1.201,193.688,321.875,-10.625,-0.074,-0.098,2.211,-0.938,-0.750,11.500,3.678,3.976,1.194,1.409,0,NULL,NULL,,3,0,2,7,255,966,250,0,0
stim,82505,112626,0,112626,3309954.453,-0.632,-0.041,0.039,0.773,0,0,0,0,0,0,0,43,57,1.329,1,2142,0,380.450,1.094,198.563,324.250,-13.313,0.023,-0.129,2.219,-0.227,1.070,11.781,3.702,4.002,1.194,1.409,0,NULL,NULL,,3,0,2,7,255,966,250,0,0
stim,82526,112647,0,112647,3309959.455,-0.632,-0.046,0.055,0.771,0,0,0,0,0,0,0,43,57,1.329,1,2142,0,389.646,2.742,211.375,326.875,-17.250,0.133,-0.180,2.219,0.148,2.738,11.781,3.724,4.026,1.194,1.409,0,NULL,NULL,,3,0,2,7,255,966,250,0,0
stim,82526,112647,0,112647,3309964.453,-0.633,-0.051,0.072,0.769,0,0,0,0,0,0,0,45,57,1.329,1,2142,0,403.343,4.613,232.813,328.625,-22.125,0.297,-0.250,2.281,0.684,4.563,11.672,3.742,4.044,1.194,1.409,0,NULL,NULL,,3,0,2,7,255,966,250,0,0
stim,82560,112681,0,112681,3309969.455,-0.634,-0.055,0.090,0.766,0,0,0,0,0,0,0,47,57,1.329,1,2142,0,419.077,7.169,257.938,329.188,-27.000,0.531,-0.266,2.434,1.336,7.043,11.672,3.756,4.060,1.194,1.409,0,NULL,NULL,,3,0,2,7,255,966,250,0,0
stim,82560,112681,0,112681,3309974.454,-0.634,-0.058,0.108,0.763,0,0,0,0,0,0,0,47,57,1.329,1,2142,0,431.614,10.337,277.500,329.125,-31.000,0.805,-0.238,2.637,1.336,10.250,12.414,3.764,4.068,1.194,1.409,0,NULL,NULL,,3,0,2,7,255,966,250,0,0
stim,82560,112681,0,112681,3309979.455,-0.635,-0.062,0.126,0.760,0,0,0,0,0,0,0,45,57,1.329,1,2142,0,437.065,14.032,287.438,327.875,-30.063,1.059,-0.266,2.836,1.445,13.957,13.383,3.764,4.068,1.194,1.409,0,NULL,NULL,,3,0,2,7,255,966,250,0,0
stim,82560,112681,0,112681,3309984.453,-0.635,-0.065,0.145,0.756,0,0,0,0,0,0,0,45,57,1.329,1,2142,0,434.704,17.697,287.875,325.000,-21.688,1.266,-0.359,3.004,1.547,17.629,14.109,3.756,4.062,1.194,1.409,0,NULL,NULL,,3,0,2,7,255,966,250,0,0
stim,82560,112681,0,112681,3309989.455,-0.634,-0.067,0.163,0.753,0,0,0,0,0,0,0,51,57,1.329,1,2142,0,426.444,21.111,280.750,320.750,-12.375,1.418,-0.398,3.121,2.699,20.938,14.223,3.738,4.046,1.194,1.409,0,NULL,NULL,,3,0,2,7,255,966,250,0,0
stim,82560,112681,0,112681,3309994.454,-0.633,-0.071,0.180,0.749,0,0,0,0,0,0,0,47,57,1.329,1,2142,0,412.145,23.746,265.188,315.313,-10.813,1.531,-0.363,3.164,3.406,23.500,14.223,3.710,4.018,1.194,1.409,0,NULL,NULL,,3,0,2,7,255,966,250,0,0
stim,82560,112681,0,112681,3309999.455,-0.632,-0.074,0.197,0.746,0,0,0,0,0,0,0,45,57,1.329,1,2142,0,393.067,25.569,245.625,306.688,-10.625,1.555,-0.367,3.188,3.414,25.340,13.488,3.670,3.976,1.194,1.409,0,NULL,NULL,,3,0,2,7,255,966,250,0,0
stim,82560,112681,0,112681,3310004.453,-0.631,-0.077,0.212,0.742,0,0,0,0,0,0,0,47,57,1.329,1,2142,0,373.353,26.578,228.500,294.813,-16.313,1.641,-0.277,3.297,3.434,26.355,12.762,3.614,3.922,1.194,1.409,0,NULL,NULL,,3,0,2,7,255,966,250,0,0
stim,82560,112681,0,112681,3310009.455,-0.631,-0.082,0.226,0.738,0,0,0,0,0,0,0,51,57,1.329,1,2142,0,347.488,28.280,197.438,283.625,-36.375,1.891,-0.141,3.383,3.434,28.070,12.742,3.548,3.854,1.194,1.409,0,NULL,NULL,,3,0,2,7,255,966,250,0,0
stim,82560,112681,0,112681,3310014.454,-0.630,-0.087,0.238,0.734,0,0,0,0,0,0,0,59,57,1.329,1,2142,0,309.928,31.128,143.375,270.125,-50.313,2.242,-0.207,3.281,2.250,31.047,11.922,3.468,3.774,1.194,1.409,0,NULL,NULL,,3,0,2,7,255,966,250,0,0
stim,82578,112699,0,112699,3310019.455,-0.630,-0.093,0.247,0.731,0,0,0,0,0,0,0,64,57,1.329,1,2142,0,271.198,34.320,80.875,254.250,-48.625,2.617,-0.473,2.895,2.250,34.246,8.613,3.378,3.682,1.194,1.409,0,NULL,NULL,,3,0,2,7,255,966,250,0,0
stim,82578,112699,0,112699,3310024.454,-0.629,-0.100,0.255,0.728,0,0,0,0,0,0,0,100,57,1.329,1,2142,0,243.874,36.524,40.938,237.500,-37.313,2.895,-0.727,2.332,3.660,36.340,2.305,3.278,3.580,1.194,1.409,0,NULL,NULL,,3,0,2,7,255,966,250,0,0
stim,82578,112699,0,112699,3310029.455,-0.627,-0.106,0.262,0.726,0,0,0,0,0,0,0,127,57,1.329,1,2142,0,220.378,36.680,34.563,216.063,-26.250,3.184,-0.801,1.859,4.215,36.438,-4.992,3.170,3.470,1.194,1.409,0,NULL,NULL,,3,0,2,7,255,966,250,0,0
stim,82578,112699,0,112699,3310034.454,-0.626,-0.112,0.268,0.723,0,0,0,0,0,0,0,165,57,1.329,1,2142,0,201.107,36.906,44.688,194.938,-21.125,3.574,-0.848,1.488,4.215,36.664,-11.160,3.058,3.354,1.194,1.409,0,NULL,NULL,,3,0,2,7,255,966,250,0,0
stim,82609,112730,0,112730,3310039.455,-0.625,-0.115,0.275,0.722,0,0,0,0,0,0,0,181,57,1.329,1,2142,0,195.402,38.142,76.625,179.750,0.688,4.012,-0.867,1.137,3.418,37.988,-16.867,2.940,3.230,1.194,1.409,0,NULL,NULL,,3,0,2,7,255,966,250,0,0
stim,82609,112730,0,112730,3310044.453,-0.623,-0.117,0.282,0.720,0,0,0,0,0,0,0,201,57,1.329,1,2142,0,165.221,39.768,84.813,141.688,5.438,4.238,-1.637,1.152,3.418,39.621,-22.609,2.816,3.102,1.194,1.409,0,NULL,NULL,,3,0,2,7,255,966,250,0,0
stim,82609,112730,0,112730,3310049.455,-0.621,-0.118,0.288,0.719,0,0,0,0,0,0,0,203,57,1.329,1,2142,0,160.284,42.938,96.438,120.500,43.250,4.461,-2.047,0.879,9.055,41.973,-25.949,2.686,2.966,1.194,1.409,0,NULL,NULL,,3,0,2,7,255,966,250,0,0
stim,82609,112730,0,112730,3310054.454,-0.618,-0.116,0.296,0.719,0,0,0,0,0,0,0,200,57,1.329,1,2142,0,192.926,43.628,145.563,89.250,89.813,4.262,-2.141,0.742,11.902,41.973,-30.824,2.554,2.826,1.194,1.409,0,NULL,NULL,,3,0,2,7,255,966,250,0,0
stim,82609,112730,1,112730,3310059.455,-0.615,-0.111,0.305,0.719,0,0,0,0,0,0,0,181,57,1.329,1,2142,0,249.498,41.912,220.750,55.000,102.438,3.711,-2.023,1.082,12.590,39.977,-30.824,2.418,2.684,1.194,1.409,0,NULL,NULL,,3,1,2,7,255,966,250,0,0
stim,82609,112730,1,112730,3310064.453,-0.614,-0.103,0.314,0.717,0,0,0,0,0,0,0,187,57,1.329,1,2142,0,278.214,40.240,265.813,15.375,80.688,3.203,-1.746,2.023,12.910,38.113,-26.309,2.282,2.542,1.194,1.409,0,NULL,NULL,,3,1,2,7,255,966,250,0,0
stim,82664,112785,1,112785,3310069.455,-0.612,-0.093,0.322,0.717,11,0,0,214,0,0,0,363,57,1.329,1,2142,0,288.593,40.349,263.688,-40.000,110.250,2.680,-2.160,3.293,13.246,38.113,-16.020,2.142,2.392,1.194,1.409,0,NULL,NULL,,3,1,2,7,255,966,250,0,0
stim,82664,112785,1,112785,3310074.454,-0.602,-0.056,0.340,0.720,569,0,0,970,0,41,0,424,57,1.329,1,2142,0,987.873,46.260,780.813,-311.750,518.688,1.938,0.113,9.207,20.953,41.242,-5.148,1.994,2.236,1.194,1.409,0,NULL,NULL,,3,1,2,7,255,966,250,0,0
stim,82664,112785,1,112785,3310079.457,-0.599,-0.047,0.336,0.725,1200,0,0,1525,0,296,0,529,57,1.329,1,2142,0,258.699,57.662,14.438,-197.313,166.688,0.082,0.352,10.023,21.234,53.609,51.262,1.842,2.074,1.194,1.409,0,NULL,NULL,,3,1,2,7,255,966,250,0,0
stim,82664,112785,1,112785,3310084.454,-0.593,-0.070,0.295,0.746,1773,0,0,1871,0,553,0,591,57,1.329,1,2142,0,1193.984,57.559,-1173.250,-142.438,169.688,0.332,2.441,3.469,20.953,53.609,51.262,1.688,1.908,1.194,1.409,0,NULL,NULL,,3,1,2,7,255,966,250,0,0
stim,82664,112785,1,112785,3310089.455,-0.582,-0.095,0.249,0.768,2127,0,0,2041,0,919,0,646,57,1.329,1,2143,0,1324.930,23.390,-1290.688,-182.750,237.000,0.215,4.316,-1.699,-16.023,17.039,24.746,1.532,1.738,1.194,1.409,1,1049.000,83.000,,3,1,2,7,255,966,250,0,0
stim,82664,112785,1,112785,3310094.453,-0.571,-0.103,0.226,0.782,2361,0,0,2199,0,1157,0,739,57,1.329,1,2143,0,697.894,26.524,-627.188,-128.500,277.813,-1.387,2.488,-4.469,-21.574,-15.430,-14.777,1.376,1.564,1.194,1.409,1,NULL,NULL,,3,1,2,7,255,966,250,0,0
stim,82664,112785,1,112785,3310099.455,-0.567,-0.096,0.222,0.788,2571,0,0,2420,0,1306,0,781,57,1.329,1,2143,0,255.827,32.933,-16.063,-184.313,176.688,-2.461,-1.109,-1.652,-21.574,-24.883,-16.805,1.220,1.386,1.194,1.409,1,NULL,NULL,,3,1,2,7,255,966,250,0,0
stim,82664,112785,1,112785,3310104.454,-0.568,-0.085,0.227,0.787,2744,0,0,2637,0,1368,0,872,57,1.329,1,2143,0,286.977,25.199,242.188,-152.000,24.438,-1.215,0.176,1.750,3.977,-24.883,-16.805,1.074,1.210,1.194,1.409,2,NULL,NULL,,3,1,2,7,255,966,250,0,0
stim,82664,112785,1,112785,3310109.455,-0.565,-0.075,0.227,0.789,2845,0,0,2771,0,1427,0,1039,57,1.329,1,2143,0,240.348,5.017,122.500,-158.813,132.438,-0.785,2.230,2.281,3.977,-3.059,10.516,0.942,1.036,1.194,1.409,2,NULL,NULL,,3,1,2,7,255,966,250,0,0
stim,82664,112785,1,112785,3310114.453,-0.562,-0.072,0.218,0.795,2920,0,0,2869,0,1477,0,1187,57,1.329,1,2143,0,262.941,6.979,-157.813,-164.188,131.438,-1.355,1.445,2.195,-6.273,-3.059,17.777,0.828,0.864,1.194,1.409,2,NULL,NULL,,3,1,2,7,255,966,250,0,0
stim,82683,112804,1,112804,3310119.458,-0.562,-0.073,0.203,0.798,2958,0,0,2933,0,1497,0,1310,57,1.329,1,2143,0,364.759,9.053,-313.875,-185.813,2.250,-1.703,-0.172,0.820,-6.273,-6.527,17.777,0.736,0.698,1.194,1.409,2,NULL,NULL,,3,1,2,7,255,966,250,0,0
stim,82683,112804,1,112804,3310124.455,-0.567,-0.074,0.188,0.799,2985,0,0,2989,0,1517,0,1389,57,1.329,1,2143,0,350.277,10.404,-270.188,-191.750,-113.688,-1.016,-1.316,0.309,8.102,-6.527,2.965,0.672,0.544,1.194,1.409,2,NULL,NULL,,3,1,2,7,255,966,250,0,0
stim,82683,112804,1,112804,3310129.453,-0.573,-0.073,0.177,0.797,3013,0,0,3031,0,1555,0,1460,57,1.329,1,2143,0,307.333,15.159,-176.688,-192.750,-161.500,-0.063,-1.539,0.609,14.672,-3.813,-6.141,0.650,0.422,1.194,1.409,2,NULL,NULL,,3,1,2,7,255,966,250,0,0
stim,82683,112804,1,112804,3310134.455,-0.579,-0.070,0.167,0.795,3033,0,0,3079,0,1625,0,1493,57,1.329,1,2143,0,267.322,15.826,-125.938,-191.063,-138.188,0.641,-1.086,0.871,14.672,5.934,-6.141,0.660,0.364,1.194,1.409,2,NULL,NULL,,3,1,2,7,255,966,250,0,0
stim,82706,112827,1,112827,3310139.454,-0.582,-0.067,0.159,0.795,3047,0,0,3107,0,1727,0,1527,57,1.329,1,2143,0,204.874,14.936,-97.750,-166.563,-68.375,1.188,-1.371,1.191,9.555,11.480,-5.383,0.682,0.368,1.194,1.409,2,NULL,NULL,,3,1,2,7,255,966,250,0,0
stim,82706,112827,1,112827,3310144.455,-0.581,-0.064,0.153,0.797,3062,0,0,3132,0,1817,0,1549,57,1.329,1,2143,0,176.249,20.393,-93.625,-143.938,39.750,1.348,-2.082,1.422,9.555,18.016,-4.148,0.700,0.404,1.194,1.409,2,NULL,NULL,,3,1,2,7,255,966,250,0,0
stim,82706,112827,1,112827,3310149.453,-0.576,-0.061,0.147,0.802,3076,0,0,3157,0,1916,39,1603,57,1.329,1,2143,0,229.827,23.104,-95.688,-127.813,165.313,0.789,-1.801,1.094,14.465,18.016,-4.043,0.718,0.446,1.194,1.409,2,NULL,NULL,,3,1,2,7,255,966,250,0,0
stim,82706,112827,1,112827,3310154.455,-0.568,-0.057,0.142,0.809,3080,0,0,3170,0,2021,53,1645,57,1.329,1,2143,0,270.369,21.187,-65.313,-126.000,230.125,-0.199,-0.160,0.742,14.465,15.480,-3.137,0.748,0.484,1.194,1.409,2,NULL,NULL,,3,1,2,7,255,966,250,0,0
stim,82706,112827,1,112827,3310159.454,-0.564,-0.054,0.137,0.813,3083,0,0,3175,0,2117,56,1712,57,1.329,1,2143,0,196.495,2.450,-63.250,-129.438,133.625,-1.410,0.930,1.262,2.324,0.773,-2.555,0.788,0.526,1.194,1.409,2,NULL,NULL,,3,1,2,7,255,966,250,0,0
stim,82706,112827,1,112827,3310164.455,-0.564,-0.051,0.131,0.813,3087,0,0,3179,10,2231,77,1867,57,1.329,1,2143,0,158.092,7.357,-85.125,-132.813,-10.375,-0.680,0.949,1.016,-3.176,-6.637,2.488,0.812,0.554,1.194,1.409,2,NULL,NULL,,3,1,2,7,255,966,250,0,0
stim,82728,112849,1,112849,3310169.454,-0.566,-0.049,0.124,0.813,3083,0,0,3183,187,2287,244,1991,57,1.329,1,2143,0,161.327,7.357,-92.438,-126.063,-39.875,-0.125,0.141,1.328,-3.176,-6.637,3.238,0.802,0.562,1.194,1.409,2,NULL,NULL,,3,1,2,7,255,966,250,0,0
stim,82728,112849,1,112849,3310174.455,-0.569,-0.048,0.120,0.812,3083,0,0,3189,462,2347,211,2108,57,1.329,1,2143,0,124.511,1.676,-65.125,-80.250,-69.438,0.367,-0.133,1.867,-0.520,1.594,3.238,0.766,0.550,1.194,1.409,2,NULL,NULL,,3,1,2,7,255,966,250,0,0
stim,82760,112881,1,112881,3310179.455,-0.571,-0.048,0.117,0.811,3081,0,0,3191,683,2376,213,2167,57,1.329,1,2143,0,89.252,8.036,-48.000,-46.063,-59.500,0.879,0.098,1.023,-0.520,8.020,3.238,0.718,0.526,1.194,1.409,2,NULL,NULL,,3,1,2,7,255,966,250,0,0
stim,82760,112881,1,112881,3310184.455,-0.572,-0.047,0.115,0.811,3079,0,0,3189,907,2405,232,2207,57,1.329,1,2143,0,53.229,8.827,-10.188,-45.063,-26.438,0.516,0.516,1.387,-3.688,8.020,2.879,0.672,0.488,1.194,1.409,2,NULL,NULL,,3,1,2,7,255,966,250,0,0
stim,82760,112881,1,112881,3310189.454,-0.573,-0.048,0.111,0.810,3079,19,0,3190,1055,2419,237,2265,57,1.329,1,2143,0,87.261,7.079,-74.625,-24.625,-37.938,-0.051,-0.078,1.637,-3.688,6.043,2.879,0.636,0.434,1.194,1.409,2,NULL,NULL,,3,1,2,7,255,966,250,0,0
stim,82760,112881,1,112881,3310194.455,-0.574,-0.050,0.107,0.810,3080,29,0,3191,1132,2437,263,2309,57,1.329,1,2143,0,125.404,4.012,-122.438,-17.750,-20.500,0.055,-0.621,0.668,1.137,3.848,2.879,0.610,0.370,1.194,1.409,2,NULL,NULL,,3,1,2,7,255,966,250,0,0
stim,82760,112881,1,112881,3310199.453,-0.574,-0.051,0.104,0.810,3076,37,0,3192,1239,2452,263,2339,57,1.329,1,2143,0,64.680,5.560,-60.625,-17.313,-14.438,-0.211,-0.410,0.586,4.434,3.355,-4.035,0.590,0.302,1.194,1.409,2,NULL,NULL,,3,1,2,7,255,966,250,0,0
stim,82760,112881,1,112881,3310204.455,-0.576,-0.050,0.104,0.809,3069,60,0,3191,1307,2459,267,2366,57,1.329,1,2143,0,50.629,4.473,4.375,-16.250,-47.750,-0.195,0.172,0.918,4.434,0.590,-4.035,0.574,0.248,1.194,1.409,2,NULL,NULL,,3,1,2,7,255,966,250,0,0
stim,82760,112881,1,112881,3310209.454,-0.578,-0.050,0.103,0.808,3067,103,0,3191,1395,2471,277,2395,57,1.329,1,2143,0,58.857,1.141,5.438,-12.813,-57.188,0.043,0.336,1.242,-0.977,0.590,-0.516,0.558,0.212,1.194,1.409,2,NULL,NULL,,3,1,2,7,255,966,250,0,0
stim,82760,112881,1,112881,3310214.455,-0.579,-0.051,0.101,0.807,3068,119,0,3190,1491,2479,273,2413,57,1.329,1,2143,0,54.778,2.145,-41.813,-7.313,-34.625,0.047,0.012,1.258,-0.977,1.910,2.168,0.544,0.196,1.194,1.409,2,NULL,NULL,,3,1,2,7,255,966,250,0,0
stim,82781,112902,1,112902,3310219.453,-0.580,-0.052,0.099,0.807,3077,120,0,3189,1543,2488,270,2431,57,1.329,1,2143,0,75.322,1.927,-73.750,-6.188,-14.000,-0.105,-0.180,0.988,-0.254,1.910,2.168,0.536,0.190,1.194,1.409,2,NULL,NULL,,3,1,2,7,255,966,250,0,0
stim,82781,112902,1,112902,3310224.455,-0.580,-0.054,0.096,0.807,3068,139,0,3187,1578,2492,271,2451,57,1.329,1,2143,0,59.901,1.880,-55.438,-6.250,-21.813,-0.238,-0.043,0.805,1.016,1.582,-0.254,0.536,0.182,1.194,1.409,2,NULL,NULL,,3,1,2,7,255,966,250,0,0
stim,82781,112902,1,112902,3310229.454,-0.582,-0.054,0.095,0.806,3065,150,0,3183,1611,2501,271,2462,57,1.329,1,2143,0,51.335,1.034,-24.250,-6.250,-44.813,-0.176,0.125,0.895,1.016,-0.191,-0.809,0.548,0.168,1.194,1.409,2,NULL,NULL,,3,1,2,7,255,966,250,0,0
stim,82781,112902,1,112902,3310234.455,-0.584,-0.055,0.094,0.805,3067,163,0,3187,1653,2506,261,2469,57,1.329,1,2143,0,53.395,0.774,-16.625,-4.938,-50.500,-0.023,0.102,1.078,-0.750,-0.191,-0.809,0.566,0.150,1.194,1.409,2,NULL,NULL,,3,1,2,7,255,966,250,0,0
stim,82808,112929,1,112929,3310239.454,-0.585,-0.055,0.093,0.804,3066,169,0,3183,1695,2508,263,2475,57,1.329,1,2143,0,43.190,1.779,-25.875,-2.375,-34.500,0.063,0.027,1.105,-0.750,1.613,0.613,0.586,0.132,1.194,1.409,2,NULL,NULL,,3,1,2,7,255,966,250,0,0
stim,82808,112929,1,112929,3310244.455,-0.586,-0.056,0.092,0.804,3065,179,26,3183,1736,2509,239,2475,57,1.329,1,2143,0,35.888,2.125,-30.438,0.688,-19.000,0.016,0.023,1.012,-0.648,2.023,0.613,0.600,0.114,1.194,1.409,2,NULL,NULL,,3,1,2,7,255,966,250,0,0
stim,82808,112929,1,112929,3310249.454,-0.586,-0.056,0.091,0.803,3065,183,61,3183,1749,2511,227,2477,57,1.329,1,2143,0,26.528,2.073,-23.563,1.750,-12.063,-0.047,0.012,0.938,-0.449,2.023,-0.102,0.606,0.096,1.194,1.409,2,NULL,NULL,,3,1,2,7,255,966,250,0,0
stim,82808,112929,1,112929,3310254.455,-0.586,-0.057,0.090,0.803,3065,191,75,3182,1763,2511,215,2477,57,1.329,1,2143,0,17.560,1.363,-15.688,2.250,-7.563,-0.098,-0.039,0.945,-0.203,1.348,-0.574,0.610,0.080,1.194,1.409,2,NULL,NULL,,3,1,2,7,255,966,250,0,0
stim,82827,112948,1,112948,3310259.454,-0.586,-0.057,0.090,0.803,3063,189,103,3177,1781,2513,199,2460,57,1.329,1,2143,0,12.114,1.124,-11.188,1.563,-4.375,-0.145,-0.043,0.984,0.410,1.047,-0.574,0.616,0.068,1.194,1.409,2,NULL,NULL,,3,1,2,7,255,966,250,0,0
stim,82827,112948,1,112948,3310264.455,-0.586,-0.057,0.089,0.803,3061,185,115,3179,1789,2509,191,2475,57,1.329,1,2143,0,10.409,0.817,-8.188,1.500,-6.250,-0.164,0.023,1.004,0.410,0.707,-0.109,0.620,0.056,1.194,1.409,2,NULL,NULL,,3,1,2,7,255,966,250,0,0
stim,82860,112981,1,112981,3310269.454,-0.587,-0.057,0.089,0.803,3064,185,141,3172,1799,2510,188,2476,57,1.315,1,2143,1,11.210,0.426,-6.188,0.813,-9.313,-0.145,0.074,1.023,0.008,0.426,0.152,0.000,0.000,1.171,1.355,2,NULL,NULL,,3,1,2,7,255,966,250,0,0
stim,82860,112981,1,112981,3310274.455,-0.587,-0.058,0.089,0.803,3051,175,173,3167,1805,2511,179,2471,57,1.315,1,2143,1,11.519,0.693,-6.063,0.938,-9.750,-0.125,0.070,1.035,-0.547,0.426,0.313,0.006,0.002,1.171,1.355,2,NULL,NULL,,3,1,2,7,255,966,250,0,0
stim,82860,112981,1,112981,3310279.454,-0.587,-0.058,0.088,0.802,3048,171,206,3165,1813,2503,164,2469,57,1.315,1,2143,1,10.625,0.839,-6.938,0.875,-8.000,-0.129,0.051,1.027,-0.547,0.637,0.313,0.010,0.004,1.171,1.355,2,NULL,NULL,,3,1,2,7,255,966,250,0,0
stim,82860,112981,1,112981,3310284.455,-0.588,-0.058,0.088,0.802,3043,173,231,3161,1819,2493,163,2467,57,1.315,1,2143,1,9.204,0.727,-6.625,0.438,-6.375,-0.148,0.027,0.988,-0.352,0.637,0.313,0.014,0.006,1.171,1.355,2,NULL,NULL,,3,1,2,7,255,966,250,0,0
stim,82860,112981,1,112981,3310289.453,-0.588,-0.058,0.088,0.802,3035,172,239,3153,1822,2487,159,2467,57,1.315,1,2143,1,6.889,0.464,-3.438,-0.625,-5.938,-0.156,0.008,0.961,-0.078,0.457,-0.020,0.018,0.008,1.171,1.355,2,NULL,NULL,,3,1,2,7,255,966,250,0,0
stim,82860,112981,1,112981,3310294.455,-0.588,-0.058,0.088,0.802,3027,156,251,3148,1821,2479,157,2463,57,1.315,1,2143,1,5.709,0.471,0.313,-1.500,-5.500,-0.145,-0.012,0.957,0.113,0.457,-0.277,0.022,0.008,1.171,1.355,2,NULL,NULL,,3,1,2,7,255,966,250,0,0
stim,82860,112981,1,112981,3310299.453,-0.588,-0.058,0.088,0.802,3019,151,254,3140,1821,2475,155,2459,57,1.315,1,2143,1,5.048,0.541,3.063,-2.438,-3.188,-0.137,0.000,0.973,0.137,0.523,-0.277,0.026,0.010,1.171,1.355,2,NULL,NULL,,3,1,2,7,255,966,250,0,0
stim,82860,112981,1,112981,3310304.455,-0.588,-0.057,0.088,0.802,3007,147,268,3130,1827,2470,154,2467,57,1.315,1,2143,1,5.807,0.541,4.750,-3.313,-0.438,-0.152,0.035,0.980,0.137,0.523,-0.230,0.032,0.012,1.171,1.355,2,NULL,NULL,,3,1,2,7,255,966,250,0,0
stim,82860,112981,0,112981,3310309.454,-0.588,-0.057,0.088,0.802,3000,141,276,3123,1827,2463,153,2461,57,1.315,1,2143,1,6.482,0.411,5.063,-4.000,-0.625,-0.176,0.066,0.992,-0.160,0.379,-0.086,0.034,0.014,1.171,1.355,2,NULL,NULL,,3,0,2,7,255,968,250,0,0
stim,82860,112981,0,112981,3310314.455,-0.588,-0.057,0.088,0.802,2989,138,287,3113,1835,2457,155,2463,57,1.315,1,2143,1,6.964,0.404,4.438,-4.813,-2.375,-0.168,0.070,0.988,-0.387,0.117,0.027,0.038,0.014,1.171,1.355,2,NULL,NULL,,3,0,2,7,255,968,250,0,0
stim,82902,113023,0,113023,3310319.453,-0.588,-0.057,0.088,0.802,2979,137,297,3104,1861,2453,155,2469,57,1.315,1,2143,1,6.741,0.404,2.938,-5.750,-1.938,-0.156,0.047,0.973,-0.387,0.117,0.027,0.040,0.014,1.171,1.355,2,NULL,NULL,,3,0,2,7,255,968,250,0,0
stim,82902,113023,0,113023,3310324.455,-0.588,-0.056,0.088,0.802,2973,135,308,3092,1865,2453,157,2475,57,1.315,1,2143,1,7.662,0.357,3.250,-6.938,0.125,-0.160,0.027,0.961,-0.238,0.266,-0.172,0.042,0.014,1.171,1.355,2,NULL,NULL,,3,0,2,7,255,968,250,0,0
stim,82902,113023,0,113023,3310329.454,-0.588,-0.056,0.088,0.802,2965,139,333,3087,1883,2453,175,2488,57,1.315,1,2143,1,10.519,0.304,5.625,-8.750,1.563,-0.184,0.047,0.961,-0.148,0.266,-0.227,0.046,0.014,1.171,1.355,2,NULL,NULL,,3,0,2,7,255,968,250,0,0
stim,82902,113023,0,113023,3310334.455,-0.588,-0.055,0.088,0.802,2941,138,389,3082,1913,2451,224,2493,57,1.315,1,2143,1,13.560,0.149,8.313,-10.688,0.750,-0.199,0.094,0.973,-0.148,-0.016,-0.227,0.048,0.014,1.171,1.355,2,NULL,NULL,,3,0,2,7,255,968,250,0,0
stim,82902,113023,0,113023,3310339.454,-0.589,-0.054,0.088,0.802,2935,141,407,3059,1951,2455,252,2511,57,1.315,1,2143,1,15.656,0.607,9.250,-12.500,-1.813,-0.191,0.133,0.992,-0.531,-0.293,-0.055,0.050,0.014,1.171,1.355,2,NULL,NULL,,3,0,2,7,255,968,250,0,0
stim,82902,113023,0,113023,3310344.455,-0.589,-0.054,0.088,0.802,2921,147,475,3047,1994,2461,295,2521,57,1.315,1,2143,1,16.543,0.923,7.938,-14.188,-3.063,-0.184,0.152,1.000,-0.875,-0.293,0.156,0.050,0.014,1.171,1.355,2,NULL,NULL,,3,0,2,7,255,968,250,0,0
stim,82902,113023,0,113023,3310349.454,-0.589,-0.053,0.088,0.802,2888,165,551,3022,2035,2456,323,2533,57,1.315,1,2143,1,17.533,1.149,6.813,-15.813,-3.313,-0.180,0.188,1.012,-1.109,-0.301,0.227,0.052,0.014,1.171,1.355,2,NULL,NULL,,3,0,2,7,255,968,250,0,0
stim,82902,113023,0,113023,3310354.455,-0.589,-0.052,0.088,0.802,2867,175,651,3017,2067,2471,377,2544,57,1.315,1,2143,1,18.628,1.460,5.500,-17.063,-5.063,-0.184,0.219,1.023,-1.426,-0.316,0.332,0.052,0.014,1.171,1.355,2,NULL,NULL,,3,0,2,7,255,968,250,0,0
stim,82925,113046,0,113046,3310359.454,-0.589,-0.051,0.087,0.801,2845,185,727,3000,2123,2471,428,2570,57,1.315,1,2143,1,20.027,1.740,3.750,-18.000,-7.938,-0.188,0.223,1.035,-1.684,-0.441,0.465,0.052,0.014,1.171,1.355,2,NULL,NULL,,3,0,2,7,255,968,250,0,0
stim,82925,113046,0,113046,3310364.455,-0.590,-0.050,0.087,0.801,2810,219,795,2981,2199,2473,461,2598,57,1.315,1,2143,1,21.927,1.748,0.438,-18.625,-11.563,-0.191,0.215,1.039,-1.684,-0.469,0.594,0.054,0.018,1.171,1.355,2,NULL,NULL,,3,0,2,7,255,968,250,0,0
stim,82956,113077,0,113077,3310369.454,-0.590,-0.050,0.087,0.801,2793,229,909,2963,2269,2484,525,2613,57,1.315,1,2143,1,25.979,1.725,-2.375,-18.938,-17.625,-0.176,0.215,1.023,-1.660,-0.469,0.594,0.056,0.024,1.171,1.355,2,NULL,NULL,,3,0,2,7,255,968,250,0,0
stim,82956,113077,0,113077,3310374.455,-0.591,-0.049,0.086,0.800,2759,251,1021,2936,2316,2489,597,2648,57,1.315,1,2143,1,30.056,1.708,-3.313,-19.063,-23.000,-0.148,0.207,1.020,-1.656,-0.418,0.453,0.060,0.030,1.171,1.355,2,NULL,NULL,,3,0,2,7,255,968,250,0,0
stim,82956,113077,0,113077,3310379.454,-0.592,-0.048,0.085,0.800,2726,261,1141,2925,2365,2492,713,2649,57,1.315,1,2143,1,31.702,1.661,-6.625,-19.625,-24.000,-0.125,0.156,1.008,-1.656,-0.125,0.355,0.066,0.036,1.171,1.355,2,NULL,NULL,,3,0,2,7,255,968,250,0,0
stim,82956,113077,0,113077,3310384.455,-0.593,-0.048,0.084,0.799,2685,262,1257,2891,2421,2501,855,2675,57,1.315,1,2143,1,31.640,1.269,-9.688,-19.813,-22.688,-0.148,0.086,1.004,-1.262,0.133,0.203,0.072,0.044,1.171,1.355,2,NULL,NULL,,3,0,2,7,255,968,250,0,0
stim,82956,113077,0,113077,3310389.453,-0.594,-0.048,0.083,0.799,2637,281,1367,2872,2461,2517,979,2697,57,1.315,1,2143,1,35.927,0.548,-12.375,-19.875,-27.250,-0.207,0.016,1.008,-0.531,0.133,0.203,0.078,0.050,1.171,1.355,2,NULL,NULL,,3,0,2,7,255,968,250,0,0
stim,82956,113077,0,113077,3310394.455,-0.595,-0.047,0.082,0.798,2574,302,1527,2847,2517,2519,1111,2712,57,1.315,1,2143,1,44.991,0.355,-16.500,-21.563,-35.875,-0.223,0.016,1.012,0.273,-0.227,0.270,0.084,0.056,1.171,1.355,2,NULL,NULL,,3,0,2,7,255,968,250,0,0
stim,82976,113097,0,113097,3310399.454,-0.597,-0.047,0.081,0.797,2521,310,1661,2814,2557,2530,1275,2735,57,1.315,1,2143,1,51.474,0.355,-20.563,-23.688,-40.813,-0.180,0.051,1.000,0.273,-0.227,0.270,0.090,0.062,1.171,1.355,2,NULL,NULL,,3,0,2,7,255,968,250,0,0
stim,82976,113097,0,113097,3310404.455,-0.598,-0.047,0.079,0.796,2457,331,1797,2791,2597,2529,1381,2743,57,1.315,1,2143,1,53.522,0.241,-22.813,-24.625,-41.688,-0.184,0.066,1.027,-0.156,-0.184,0.336,0.096,0.066,1.171,1.355,2,NULL,NULL,,3,0,2,7,255,968,250,0,0
stim,82976,113097,0,113097,3310409.453,-0.600,-0.047,0.077,0.795,2381,343,1911,2759,2648,2537,1544,2773,57,1.315,1,2143,1,66.155,0.241,-35.813,-24.500,-49.938,-0.234,0.043,1.109,-0.156,-0.184,0.445,0.102,0.070,1.171,1.355,2,NULL,NULL,,3,0,2,7,255,968,250,0,0
stim,82976,113097,0,113097,3310414.455,-0.602,-0.048,0.074,0.794,2293,355,2019,2716,2683,2552,1656,2783,57,1.315,1,2143,1,83.289,0.192,-54.188,-26.625,-57.375,-0.184,0.031,1.070,-0.055,-0.184,0.852,0.104,0.072,1.171,1.355,2,NULL,NULL,,3,0,2,7,255,968,250,0,0
stim,82976,113097,0,113097,3310419.454,-0.604,-0.049,0.071,0.793,2186,356,2139,2660,2723,2565,1788,2811,57,1.315,1,2143,1,85.888,0.095,-58.313,-27.750,-56.625,-0.129,-0.008,0.945,0.016,-0.094,0.852,0.104,0.072,1.171,1.355,2,NULL,NULL,,3,0,2,7,255,968,250,0,0
stim,82976,113097,0,113097,3310424.455,-0.606,-0.049,0.069,0.791,2076,355,2259,2607,2745,2567,1900,2827,57,1.315,1,2143,0,84.749,0.207,-54.563,-28.500,-58.250,-0.164,-0.105,0.949,0.109,0.176,-0.402,0.106,0.074,1.171,1.355,2,NULL,NULL,,3,0,2,7,255,968,250,0,0
stim,82976,113097,0,113097,3310429.454,-0.608,-0.050,0.065,0.790,1963,338,2344,2547,2777,2555,2038,2845,57,1.315,1,2143,0,86.584,0.986,-55.875,-31.563,-58.125,-0.152,-0.102,1.023,0.949,0.266,-0.402,0.106,0.074,1.171,1.355,2,NULL,NULL,,3,0,2,7,255,968,250,0,0
stim,82976,113097,0,113097,3310434.455,-0.610,-0.050,0.063,0.789,1823,332,2427,2462,2803,2572,2141,2871,57,1.315,1,2143,0,88.040,0.965,-53.625,-33.063,-61.500,-0.180,-0.051,0.996,0.949,0.176,0.098,0.108,0.072,1.171,1.355,2,NULL,NULL,,3,0,2,7,255,968,250,0,0
stim,83020,113141,0,113141,3310439.454,-0.612,-0.051,0.060,0.787,1635,317,2511,2355,2840,2572,2231,2877,57,1.315,1,2143,0,90.608,0.556,-53.063,-34.313,-64.938,-0.117,0.008,0.984,0.496,0.250,0.098,0.106,0.070,1.171,1.355,2,NULL,NULL,,3,0,2,7,255,968,250,0,0
stim,83020,113141,0,113141,3310444.455,-0.614,-0.051,0.057,0.786,1401,297,2581,2227,2852,2557,2316,2889,57,1.315,1,2143,0,85.577,0.288,-47.563,-37.125,-60.688,-0.109,0.082,1.004,-0.254,0.137,0.078,0.104,0.066,1.171,1.355,2,NULL,NULL,,3,0,2,7,255,968,250,0,0
stim,83020,113141,0,113141,3310449.454,-0.616,-0.050,0.054,0.784,1225,262,2619,2089,2877,2567,2387,2903,57,1.315,1,2143,0,83.431,0.356,-38.438,-36.813,-64.250,-0.105,-0.031,1.012,-0.254,0.250,0.078,0.102,0.064,1.171,1.355,2,NULL,NULL,,3,0,2,7,255,968,250,0,0
stim,83020,113141,0,113141,3310454.455,-0.618,-0.050,0.052,0.783,1001,241,2675,1885,2899,2568,2458,2909,57,1.315,1,2143,0,79.935,0.407,-40.750,-37.625,-57.563,-0.039,-0.047,1.059,-0.031,0.406,0.141,0.102,0.062,1.171,1.355,2,NULL,NULL,,3,0,2,7,255,968,250,0,0
stim,83020,113141,0,113141,3310459.454,-0.620,-0.050,0.049,0.782,773,197,2707,1597,2915,2551,2510,2924,57,1.315,1,2143,0,72.387,0.438,-36.125,-38.125,-49.813,-0.113,-0.082,1.051,0.023,0.438,0.531,0.100,0.062,1.171,1.355,2,NULL,NULL,,3,0,2,7,255,968,250,0,0
stim,83020,113141,0,113141,3310464.455,-0.621,-0.050,0.046,0.781,510,164,2748,1333,2927,2548,2581,2942,57,1.315,1,2143,0,74.171,0.773,-40.375,-40.625,-47.125,-0.070,-0.070,1.055,0.215,0.742,0.539,0.098,0.060,1.171,1.355,2,NULL,NULL,,3,0,2,7,255,968,250,0,0
stim,83060,113181,0,113181,3310469.454,-0.622,-0.049,0.044,0.780,315,75,2781,1015,2944,2539,2631,2963,57,1.315,1,2143,0,64.603,0.487,-33.438,-42.938,-34.813,-0.109,-0.023,1.043,0.215,0.438,0.539,0.098,0.060,1.171,1.355,2,NULL,NULL,,3,0,2,7,255,968,250,0,0
stim,83060,113181,0,113181,3310474.455,-0.624,-0.048,0.042,0.779,146,45,2807,780,2965,2526,2653,2959,57,1.315,1,2143,0,65.315,0.369,-29.375,-43.938,-38.375,-0.090,-0.031,1.027,-0.145,0.340,0.461,0.098,0.060,1.171,1.355,2,NULL,NULL,,3,0,2,7,255,968,250,0,0
stim,83060,113181,0,113181,3310479.454,-0.625,-0.047,0.039,0.778,35,20,2831,480,2985,2496,2697,2975,57,1.315,1,2143,0,60.652,0.286,-20.875,-47.688,-31.125,-0.098,-0.012,1.039,-0.180,0.223,0.410,0.100,0.060,1.171,1.355,2,NULL,NULL,,3,0,2,7,255,968,250,0,0
stim,83060,113181,0,113181,3310484.455,-0.626,-0.046,0.037,0.778,3,0,2859,310,2997,2483,2731,2980,57,1.315,1,2143,0,64.469,0.406,-15.625,-51.625,-35.313,-0.086,0.016,1.082,-0.320,0.250,0.410,0.102,0.062,1.171,1.355,2,NULL,NULL,,3,0,2,7,255,968,250,0,0
stim,83060,113181,0,113181,3310489.454,-0.627,-0.044,0.035,0.777,0,0,2889,153,3008,2459,2757,2989,57,1.315,1,2143,0,66.540,0.677,-12.625,-55.125,-35.063,-0.020,0.027,1.066,-0.629,0.250,0.590,0.102,0.062,1.171,1.355,2,NULL,NULL,,3,0,2,7,255,968,250,0,0
stim,83060,113181,0,113181,3310494.455,-0.628,-0.043,0.033,0.776,0,0,2893,86,3027,2427,2787,2989,57,1.315,1,2143,0,66.031,0.677,-4.750,-60.375,-26.313,-0.145,-0.051,1.102,-0.629,0.250,0.805,0.104,0.064,1.171,1.355,2,NULL,NULL,,3,0,2,7,255,968,250,0,0
stim,83060,113181,0,113181,3310499.453,-0.628,-0.040,0.033,0.776,0,0,2909,30,3045,2407,2814,2990,57,1.315,1,2143,0,77.092,0.272,29.063,-71.250,-4.688,-0.379,-0.145,1.297,0.086,-0.258,1.078,0.104,0.062,1.171,1.355,2,NULL,NULL,,3,0,2,7,255,968,250,0,0
stim,83060,113181,0,113181,3310504.455,-0.629,-0.036,0.032,0.776,0,0,2916,7,3052,2365,2841,3001,57,1.315,1,2143,0,95.426,2.599,46.313,-82.375,-13.250,-0.500,-0.152,1.609,1.422,-2.176,3.246,0.104,0.062,1.171,1.355,3,NULL,NULL,,3,0,2,7,255,968,250,0,0
stim,83061,113182,0,113182,3310509.454,-0.630,-0.031,0.031,0.776,0,0,2927,0,3049,2333,2867,2996,57,1.315,1,2143,0,103.608,2.738,45.750,-91.063,-18.688,-0.367,0.094,1.781,1.422,-2.340,6.414,0.106,0.062,1.171,1.355,3,NULL,NULL,,3,0,2,7,255,968,250,0,0
stim,83061,113182,0,113182,3310514.455,-0.630,-0.029,0.028,0.775,0,0,2928,0,3067,2279,2876,3003,57,1.315,1,2143,0,99.889,2.522,-25.563,-94.688,-18.938,-0.105,0.270,1.578,-0.941,-2.340,6.414,0.108,0.064,1.171,1.355,3,NULL,NULL,,3,0,2,7,255,968,250,0,0
stim,83081,113202,0,113202,3310519.453,-0.630,-0.027,0.024,0.776,0,0,2937,0,3066,2221,2905,3002,57,1.315,1,2143,0,108.464,2.623,-49.250,-96.625,-1.563,-0.063,0.215,1.289,-2.578,-0.484,5.641,0.108,0.066,1.171,1.355,3,NULL,NULL,,3,0,2,7,255,968,250,0,0
stim,83081,113202,0,113202,3310524.455,-0.629,-0.024,0.020,0.776,0,0,2925,0,3069,2139,2909,3004,57,1.315,1,2143,0,111.097,2.623,-29.938,-105.125,19.875,-0.137,0.188,1.145,-2.578,-0.484,2.773,0.106,0.072,1.171,1.355,3,NULL,NULL,,3,0,2,7,255,968,250,0,0
stim,83081,113202,0,113202,3310529.454,-0.628,-0.020,0.017,0.778,0,0,2933,0,3081,2039,2935,3003,57,1.315,1,2143,0,118.820,2.387,0.750,-114.125,33.063,-0.289,0.082,1.203,-2.105,-1.125,2.074,0.104,0.080,1.171,1.355,3,NULL,NULL,,3,0,2,7,255,968,250,0,0
stim,83081,113202,0,113202,3310534.455,-0.628,-0.016,0.014,0.778,0,0,2936,0,3091,1895,2949,3001,57,1.315,1,2143,0,124.166,2.579,10.375,-122.125,19.875,-0.328,0.051,1.371,-0.758,-2.465,2.074,0.106,0.088,1.171,1.355,3,NULL,NULL,,3,0,2,7,255,968,250,0,0
stim,83106,113227,0,113227,3310539.454,-0.627,-0.012,0.011,0.779,0,0,2921,0,3099,1756,2967,2999,57,1.315,1,2143,0,127.956,2.497,-4.188,-127.625,8.188,-0.285,-0.055,1.395,-0.402,-2.465,3.738,0.112,0.096,1.171,1.355,3,NULL,NULL,,3,0,2,7,255,968,250,0,0
stim,83106,113227,0,113227,3310544.455,-0.627,-0.008,0.007,0.779,0,0,2907,0,3111,1605,2971,2999,57,1.315,1,2143,0,134.696,2.405,-9.313,-133.875,11.563,-0.211,-0.082,1.352,0.555,-2.340,3.738,0.120,0.106,1.171,1.355,3,NULL,NULL,,3,0,2,7,255,968,250,0,0
stim,83106,113227,0,113227,3310549.454,-0.626,-0.003,0.003,0.780,0,0,2903,0,3112,1383,2981,2987,57,1.315,1,2143,0,142.174,1.813,-18.938,-139.688,18.500,-0.164,-0.066,1.316,0.555,-1.727,3.480,0.126,0.116,1.171,1.355,3,NULL,NULL,,3,0,2,7,255,968,250,0,0
stim,83106,113227,0,113227,3310554.455,-0.625,0.001,-0.002,0.781,0,0,2873,0,3101,1148,3003,2975,57,1.315,1,2143,0,149.607,1.827,-23.188,-145.063,28.313,-0.184,-0.070,1.211,0.598,-1.727,3.121,0.132,0.126,1.171,1.355,3,NULL,NULL,,3,0,2,7,255,968,250,0,0
stim,83127,113248,0,113248,3310559.454,-0.624,0.005,-0.007,0.782,0,0,2855,0,3113,909,3007,2970,57,1.315,1,2143,0,155.695,1.883,-20.500,-151.813,27.813,-0.219,-0.063,1.141,0.598,-1.785,2.066,0.136,0.138,1.171,1.355,3,NULL,NULL,,3,0,2,7,255,968,250,0,0
stim,83127,113248,0,113248,3310564.455,-0.623,0.010,-0.011,0.782,0,0,2835,0,3112,666,3007,2955,57,1.315,1,2143,0,161.147,2.354,-10.313,-158.813,25.313,-0.246,-0.086,1.121,0.641,-2.266,1.344,0.136,0.146,1.171,1.355,3,NULL,NULL,,3,0,2,7,255,968,250,0,0
stim,83157,113278,0,113278,3310569.454,-0.622,0.015,-0.016,0.783,0,0,2795,0,3119,477,3027,2937,57,1.315,1,2143,0,166.474,2.391,-1.375,-165.438,18.500,-0.180,-0.078,1.137,0.766,-2.266,1.285,0.136,0.156,1.171,1.355,3,NULL,NULL,,3,0,2,7,255,968,250,0,0
stim,83157,113278,0,113278,3310574.455,-0.621,0.021,-0.020,0.783,0,0,2763,0,3117,345,3027,2920,57,1.315,1,2143,0,172.837,2.287,-4.125,-171.938,17.125,-0.098,-0.098,1.137,0.805,-2.141,1.285,0.138,0.168,1.171,1.355,3,NULL,NULL,,3,0,2,7,255,968,250,0,0
stim,83157,113278,0,113278,3310579.454,-0.620,0.027,-0.025,0.784,0,0,2715,0,3112,155,3031,2905,57,1.315,1,2143,0,177.921,2.109,-2.875,-176.438,22.750,-0.125,-0.105,1.188,0.805,-1.949,1.297,0.136,0.176,1.171,1.355,3,NULL,NULL,,3,0,2,7,255,968,250,0,0
stim,83157,113278,0,113278,3310584.455,-0.619,0.033,-0.030,0.784,0,0,2665,0,3119,99,3037,2871,57,1.315,1,2143,0,181.937,2.109,1.125,-181.250,15.750,-0.199,0.016,1.156,0.805,-1.949,1.305,0.136,0.188,1.171,1.355,3,NULL,NULL,,3,0,2,7,255,968,250,0,0
stim,83157,113278,0,113278,3310589.453,-0.618,0.039,-0.034,0.784,0,0,2599,0,3122,37,3047,2831,57,1.315,1,2143,0,188.537,3.059,13.688,-187.938,-6.188,-0.152,0.160,1.223,0.023,-3.059,1.758,0.134,0.198,1.171,1.355,3,NULL,NULL,,3,0,2,7,255,968,250,0,0
stim,83157,113278,0,113278,3310594.455,-0.618,0.046,-0.039,0.784,0,0,2520,0,3115,4,3048,2799,57,1.315,1,2143,0,197.523,3.454,15.875,-196.875,1.875,-0.109,0.223,1.477,-1.402,-3.156,1.902,0.134,0.208,1.171,1.355,3,NULL,NULL,,3,0,2,7,255,968,250,0,0
stim,83157,113278,0,113278,3310599.454,-0.617,0.054,-0.044,0.784,0,0,2438,0,3105,8,3049,2761,57,1.315,1,2143,0,207.539,3.715,24.188,-206.063,5.063,-0.277,0.211,1.777,-1.473,-3.410,4.352,0.134,0.220,1.171,1.355,3,NULL,NULL,,3,0,2,7,255,968,250,0,0
stim,83157,113278,0,113278,3310604.455,-0.616,0.062,-0.049,0.783,0,0,2334,0,3097,41,3042,2701,57,1.315,1,2143,0,220.159,5.818,18.500,-219.375,-1.500,-0.324,0.133,2.164,-1.473,-5.629,7.008,0.138,0.232,1.171,1.355,3,NULL,NULL,,3,0,2,7,255,968,250,0,0
stim,83157,113278,0,113278,3310609.454,-0.615,0.070,-0.056,0.783,0,0,2195,0,3091,69,3039,2637,57,1.315,1,2143,0,238.008,6.826,-9.500,-237.250,16.438,-0.367,0.148,2.391,-0.492,-6.809,10.582,0.142,0.246,1.171,1.355,3,NULL,NULL,,3,0,2,7,255,968,250,0,0
stim,83157,113278,0,113278,3310614.455,-0.613,0.078,-0.064,0.784,0,0,2037,0,3061,75,3037,2571,57,1.315,1,2143,0,267.352,8.078,-36.250,-261.563,41.813,-0.578,0.402,2.492,-0.492,-8.063,12.547,0.150,0.260,1.171,1.355,3,NULL,NULL,,3,0,2,7,255,968,250,0,0
stim,83193,113314,0,113314,3310619.454,-0.610,0.085,-0.074,0.784,0,0,1893,0,3037,91,3029,2489,57,1.315,1,2143,0,300.026,11.545,-68.875,-288.000,48.250,-0.730,0.766,2.574,-2.266,-11.320,12.836,0.160,0.276,1.171,1.355,3,NULL,NULL,,3,0,2,7,255,968,250,0,0
stim,83193,113314,0,113314,3310624.455,-0.608,0.094,-0.086,0.784,0,0,1763,0,3018,94,3012,2359,57,1.315,1,2143,0,326.197,15.322,-90.188,-312.375,26.313,-0.813,0.910,2.582,-5.324,-14.367,12.836,0.174,0.294,1.171,1.355,3,NULL,NULL,,3,0,2,7,255,968,250,0,0
stim,83193,113314,0,113314,3310629.454,-0.607,0.102,-0.099,0.782,0,0,1623,0,2991,111,2990,2227,57,1.315,1,2143,0,356.742,17.397,-106.938,-340.125,12.000,-0.746,0.941,2.688,-6.520,-16.129,12.848,0.194,0.314,1.171,1.355,3,NULL,NULL,,3,0,2,7,255,968,250,0,0
stim,83193,113314,0,113314,3310634.455,-0.605,0.111,-0.113,0.781,0,0,1503,0,2967,117,2961,2090,57,1.315,1,2143,0,388.603,17.975,-132.000,-365.313,11.625,-0.715,0.949,2.789,-7.004,-16.555,12.852,0.218,0.342,1.171,1.355,3,NULL,NULL,,3,0,2,7,255,968,250,0,0
stim,83193,113314,0,113314,3310639.454,-0.603,0.120,-0.128,0.778,0,0,1417,0,2915,121,2915,1967,57,1.315,1,2143,0,419.402,18.806,-154.813,-389.625,11.125,-0.738,1.027,2.801,-7.223,-17.363,12.852,0.250,0.378,1.171,1.355,3,NULL,NULL,,3,0,2,7,255,968,250,0,0
stim,83193,113314,0,113314,3310644.455,-0.601,0.129,-0.145,0.775,0,0,1315,0,2867,121,2859,1839,57,1.315,1,2143,0,449.370,19.965,-179.125,-412.125,-0.938,-0.723,0.879,2.723,-7.223,-18.613,12.582,0.292,0.422,1.171,1.355,3,NULL,NULL,,3,0,2,7,255,968,250,0,0
stim,83220,113341,0,113341,3310649.454,-0.598,0.140,-0.163,0.772,0,0,1188,0,2793,119,2792,1701,57,1.315,1,2143,0,471.562,19.896,-171.375,-439.313,2.375,-0.797,0.547,2.652,-6.828,-18.688,11.301,0.346,0.476,1.171,1.355,3,NULL,NULL,,3,0,2,7,255,968,250,0,0
stim,83220,113342,0,113342,3310654.455,-0.595,0.151,-0.180,0.769,0,0,1061,0,2728,97,2672,1578,57,1.315,1,2143,0,492.738,19.705,-164.250,-464.375,13.000,-0.934,0.688,2.684,-4.715,-19.133,9.930,0.406,0.538,1.171,1.355,3,NULL,NULL,,3,0,2,7,255,968,250,0,0
stim,83220,113342,0,113342,3310659.454,-0.592,0.163,-0.198,0.764,0,0,918,0,2607,77,2520,1421,57,1.315,1,2143,0,501.442,22.003,-156.688,-476.000,-17.813,-0.965,0.664,2.824,-4.531,-21.531,8.668,0.474,0.606,1.171,1.355,3,NULL,NULL,,3,0,2,7,255,968,250,0,0
stim,83220,113342,0,113342,3310664.455,-0.590,0.175,-0.215,0.759,0,0,781,0,2470,58,2331,1249,57,1.315,1,2143,0,507.757,23.672,-139.438,-486.625,-39.625,-0.844,0.324,3.070,-4.531,-23.234,8.668,0.548,0.682,1.171,1.355,3,NULL,NULL,,3,0,2,7,255,968,250,0,0
stim,83257,113378,0,113378,3310669.454,-0.586,0.188,-0.233,0.753,0,0,580,0,2265,12,2085,1053,57,1.315,1,2143,0,525.191,23.733,-141.813,-505.188,-22.375,-0.824,-0.070,3.273,-1.699,-23.672,10.797,0.632,0.766,1.171,1.355,3,NULL,NULL,,3,0,2,7,255,968,250,0,0
stim,83257,113378,0,113378,3310674.455,-0.581,0.200,-0.253,0.747,0,0,367,0,1999,0,1783,894,57,1.315,1,2143,0,561.872,23.986,-191.250,-527.813,23.188,-0.887,-0.352,2.945,1.910,-23.910,10.797,0.724,0.860,1.171,1.355,3,NULL,NULL,,3,0,2,7,255,968,250,0,0
stim,83257,113378,0,113378,3310679.454,-0.575,0.212,-0.273,0.741,0,0,232,0,1679,0,1399,756,57,1.315,1,2143,0,579.759,24.362,-212.625,-539.000,19.750,-0.742,-0.398,2.168,4.672,-23.910,8.348,0.824,0.962,1.171,1.355,3,NULL,NULL,,3,0,2,7,255,968,250,0,0
stim,83257,113378,0,113378,3310684.455,-0.569,0.226,-0.292,0.735,0,0,115,0,1307,0,872,609,57,1.315,1,2143,0,570.904,19.309,-140.875,-553.125,11.750,-0.609,-0.434,1.633,4.859,-18.688,2.395,0.932,1.070,1.171,1.355,3,NULL,NULL,,3,0,2,7,255,968,250,0,0
stim,83257,113378,0,113378,3310689.453,-0.560,0.243,-0.308,0.730,0,0,87,0,851,0,295,500,57,1.315,1,2143,0,571.556,16.539,-32.250,-569.375,38.063,-0.531,-0.211,1.770,4.859,-15.809,-1.117,1.042,1.184,1.171,1.355,3,NULL,NULL,,3,0,2,7,255,968,250,0,0
stim,83257,113378,0,113378,3310694.455,-0.548,0.261,-0.321,0.727,0,0,51,0,295,0,0,413,57,1.315,1,2143,0,589.154,16.069,44.750,-579.750,94.813,-0.906,-0.027,2.270,2.879,-15.809,-1.387,1.152,1.296,1.171,1.355,3,NULL,NULL,,3,0,2,7,255,968,250,0,0
stim,83277,113398,0,113398,3310699.454,-0.533,0.277,-0.336,0.725,0,0,26,0,0,0,0,381,57,1.315,1,2143,0,619.544,22.611,34.813,-594.063,172.375,-1.305,0.180,2.367,2.426,-22.480,-1.754,1.260,1.408,1.171,1.355,3,NULL,NULL,,3,0,2,7,255,968,250,0,0
stim,83277,113398,0,113398,3310704.455,-0.522,0.290,-0.354,0.720,0,0,17,0,0,0,0,356,57,1.315,1,2143,0,576.558,22.647,-94.063,-555.500,122.438,-1.066,0.895,1.895,2.090,-22.551,-5.648,1.364,1.516,1.171,1.355,4,NULL,NULL,,3,0,2,7,255,968,250,0,0
stim,83277,113398,0,113398,3310709.455,-0.515,0.300,-0.372,0.712,0,0,9,0,0,0,0,281,57,1.315,1,2143,0,528.826,23.123,-201.375,-487.563,37.250,-0.449,1.453,1.359,-5.113,-22.551,-9.336,1.456,1.614,1.171,1.355,0,NULL,NULL,,3,0,2,7,255,968,250,0,0
stim,83277,113398,0,113398,3310714.455,-0.509,0.303,-0.392,0.704,0,0,13,0,0,0,0,158,57,1.315,1,2143,0,521.101,20.126,-321.625,-395.813,106.938,-0.621,1.668,0.816,-12.270,-15.953,-9.605,1.538,1.700,1.171,1.355,0,NULL,NULL,,3,0,2,7,255,968,250,0,0
stim,83277,113398,0,113398,3310719.454,-0.501,0.296,-0.416,0.699,0,0,16,0,0,0,0,86,57,1.315,1,2143,0,602.588,18.554,-460.688,-276.500,272.813,-1.078,2.230,-0.371,-13.891,-12.301,-15.055,1.614,1.782,1.171,1.355,0,NULL,NULL,,3,0,2,7,255,968,250,0,0
stim,83277,113398,0,113398,3310724.455,-0.498,0.290,-0.432,0.694,0,0,8,0,0,0,0,40,57,1.315,1,2143,0,412.995,14.567,-344.188,-150.125,171.938,-0.973,1.883,-1.121,-13.891,-4.387,-26.836,1.696,1.868,1.171,1.355,0,NULL,NULL,,3,0,2,7,255,968,250,0,0
stim,83277,113398,0,113398,3310729.454,-0.496,0.292,-0.432,0.694,0,0,9,0,0,0,0,43,57,1.315,1,2143,0,61.381,13.669,38.188,-48.000,2.313,-1.016,-0.359,-0.309,-13.602,-1.355,-26.836,1.792,1.968,1.171,1.355,0,NULL,NULL,,3,0,2,7,255,968,250,0,0
stim,83277,113398,0,113398,3310734.455,-0.496,0.296,-0.425,0.697,0,0,5,0,0,0,0,61,57,1.315,1,2143,0,183.872,6.881,178.000,25.063,-38.688,-1.020,-1.574,1.590,6.746,-1.355,-18.340,1.898,2.078,1.171,1.355,0,NULL,NULL,,3,0,2,7,255,968,250,0,0
stim,83299,113420,0,113420,3310739.454,-0.498,0.293,-0.422,0.698,0,0,5,0,0,0,0,55,57,1.315,1,2143,0,104.940,20.248,16.188,103.125,-10.750,-1.109,-0.980,2.250,11.719,-16.512,-6.230,2.006,2.190,1.171,1.355,0,NULL,NULL,,3,0,2,7,255,968,250,0,0
stim,83299,113420,0,113420,3310744.455,-0.503,0.284,-0.424,0.698,0,0,2,0,0,0,0,24,57,1.315,1,2143,0,246.485,20.248,-174.125,173.000,22.500,-1.156,0.551,1.203,11.719,-16.512,-6.230,2.106,2.290,1.171,1.355,0,NULL,NULL,,3,0,2,7,255,968,250,0,0
stim,83299,113420,0,113420,3310749.454,-0.507,0.273,-0.425,0.698,0,0,4,0,0,0,0,22,57,1.315,1,2143,0,277.721,16.396,-168.375,214.875,51.063,-1.242,1.676,0.105,-2.098,-16.262,-15.332,2.190,2.374,1.171,1.355,0,NULL,NULL,,3,0,2,7,255,968,250,0,0
stim,83299,113420,0,113420,3310754.455,-0.511,0.264,-0.421,0.701,0,0,0,0,0,0,0,16,57,1.315,1,2143,0,234.755,14.236,-41.813,226.375,46.000,-1.406,1.785,-0.031,-11.500,-8.391,-24.664,2.258,2.442,1.171,1.355,0,NULL,NULL,,3,0,2,7,255,968,250,0,0
stim,83328,113449,0,113449,3310759.454,-0.515,0.258,-0.415,0.704,0,0,1,0,0,0,0,11,57,1.315,1,2143,0,236.697,14.236,42.625,232.750,6.000,-1.422,0.969,0.574,-11.500,-8.391,-24.664,2.308,2.492,1.171,1.355,0,NULL,NULL,,3,0,2,7,255,968,250,0,0
stim,83328,113449,0,113449,3310764.455,-0.520,0.251,-0.409,0.707,0,0,0,0,0,0,0,6,57,1.315,1,2143,0,241.640,13.807,8.125,240.813,-18.250,-1.156,0.160,0.918,-4.813,-12.941,-21.113,2.342,2.530,1.171,1.355,0,NULL,NULL,,3,0,2,7,255,968,250,0,0
stim,83361,113482,0,113482,3310769.454,-0.525,0.243,-0.405,0.708,0,0,0,0,0,0,0,2,57,1.315,1,2143,0,254.163,13.009,-58.500,247.313,-3.625,-0.863,-0.008,0.598,1.324,-12.941,-14.410,2.374,2.564,1.171,1.355,0,NULL,NULL,,3,0,2,7,255,968,250,0,0
stim,83361,113482,0,113482,3310774.455,-0.530,0.233,-0.402,0.710,0,0,0,0,0,0,0,19,57,1.315,1,2143,0,261.670,9.646,-71.188,250.500,25.563,-0.699,0.301,0.066,1.324,-9.555,-14.410,2.410,2.602,1.171,1.355,0,NULL,NULL,,3,0,2,7,255,968,250,0,0
stim,83361,113482,0,113482,3310779.454,-0.533,0.224,-0.397,0.713,0,0,0,0,0,0,0,22,57,1.315,1,2143,0,256.031,4.783,-29.375,251.125,40.313,-0.730,0.512,-0.207,-0.652,-4.738,-15.621,2.446,2.642,1.171,1.355,0,NULL,NULL,,3,0,2,7,255,968,250,0,0
stim,83361,113482,0,113482,3310784.455,-0.537,0.216,-0.390,0.716,0,0,0,0,0,0,0,20,57,1.315,1,2143,0,260.745,3.503,25.625,257.000,35.813,-0.629,0.426,-0.180,-1.715,-3.055,-16.805,2.482,2.680,1.171,1.355,0,NULL,NULL,,3,0,2,7,255,968,250,0,0
stim,83361,113482,0,113482,3310789.454,-0.540,0.208,-0.383,0.720,0,0,0,0,0,0,0,23,57,1.315,1,2143,0,275.347,3.503,54.000,267.313,38.000,-0.555,0.336,-0.004,-1.715,-3.055,-16.805,2.516,2.716,1.171,1.355,0,NULL,NULL,,3,0,2,7,255,968,250,0,0
stim,83361,113482,0,113482,3310794.455,-0.543,0.200,-0.374,0.725,0,0,0,0,0,0,0,17,57,1.315,1,2143,0,291.090,3.952,64.438,280.188,45.563,-0.457,0.273,0.102,-1.348,-3.715,-14.859,2.554,2.756,1.171,1.355,0,NULL,NULL,,3,0,2,7,255,968,250,0,0
stim,83361,113482,0,113482,3310799.453,-0.545,0.192,-0.365,0.730,0,0,0,0,0,0,0,18,57,1.315,1,2143,0,307.239,4.195,75.563,291.938,58.813,-0.449,0.285,0.199,-1.348,-3.973,-13.250,2.594,2.798,1.171,1.355,0,NULL,NULL,,3,0,2,7,255,968,250,0,0
stim,83361,113482,0,113482,3310804.455,-0.547,0.183,-0.356,0.735,0,0,0,0,0,0,0,9,57,1.315,1,2143,0,321.857,4.969,89.063,302.000,66.750,-0.461,0.273,0.328,-1.508,-4.734,-12.492,2.632,2.836,1.171,1.355,0,NULL,NULL,,3,0,2,7,255,968,250,0,0
stim,83361,113482,0,113482,3310809.454,-0.550,0.175,-0.346,0.740,0,0,0,0,0,0,0,11,57,1.315,1,2143,0,332.889,5.994,97.250,311.250,66.938,-0.504,0.297,0.488,-1.570,-5.785,-11.551,2.666,2.872,1.171,1.355,0,NULL,NULL,,3,0,2,7,255,968,250,0,0
stim,83361,113482,0,113482,3310814.455,-0.552,0.166,-0.335,0.745,0,0,0,0,0,0,0,5,57,1.315,1,2143,0,339.647,7.499,96.688,319.625,62.063,-0.465,0.281,0.613,-1.871,-7.262,-10.648,2.694,2.902,1.171,1.355,0,NULL,NULL,,3,0,2,7,255,968,250,0,0
stim,83381,113502,0,113502,3310819.454,-0.554,0.157,-0.325,0.750,0,0,0,0,0,0,0,4,57,1.315,1,2143,0,346.137,8.086,92.688,326.875,66.125,-0.402,0.250,0.699,-2.027,-7.828,-9.270,2.720,2.930,1.171,1.355,0,NULL,NULL,,3,0,2,7,255,968,250,0,0
stim,83381,113502,0,113502,3310824.455,-0.556,0.147,-0.314,0.755,0,0,2,0,0,0,0,6,57,1.315,1,2143,0,351.894,8.131,87.063,332.813,74.063,-0.383,0.242,0.754,-2.086,-7.859,-7.977,2.744,2.956,1.171,1.355,0,NULL,NULL,,3,0,2,7,255,968,250,0,0
stim,83381,113502,0,113502,3310829.454,-0.558,0.137,-0.304,0.760,0,0,0,0,0,0,0,2,57,1.315,1,2143,0,356.186,8.290,81.813,337.688,78.375,-0.395,0.215,0.785,-2.086,-8.023,-7.191,2.770,2.982,1.171,1.355,0,NULL,NULL,,3,0,2,7,255,968,250,0,0
stim,83381,113502,0,113502,3310834.455,-0.560,0.126,-0.293,0.765,0,0,0,0,0,0,0,5,57,1.315,1,2143,0,359.269,8.262,79.313,341.813,77.125,-0.395,0.191,0.781,-1.973,-8.023,-6.711,2.794,3.010,1.171,1.355,0,NULL,NULL,,3,0,2,7,255,968,250,0,0
stim,83409,113530,0,113530,3310839.454,-0.562,0.116,-0.282,0.769,0,0,3,0,0,0,0,7,57,1.315,1,2143,0,361.493,8.198,80.750,344.688,73.125,-0.375,0.148,0.770,-1.758,-8.008,-6.414,2.824,3.042,1.171,1.355,0,NULL,NULL,,3,0,2,7,255,968,250,0,0
stim,83409,113530,0,113530,3310844.455,-0.563,0.106,-0.271,0.773,0,0,2,0,0,0,0,5,57,1.315,1,2143,0,364.718,7.712,85.313,347.188,72.125,-0.340,0.086,0.766,-1.430,-7.578,-6.023,2.856,3.074,1.171,1.355,0,NULL,NULL,,3,0,2,7,255,968,250,0,0
stim,83409,113530,0,113530,3310849.454,-0.565,0.095,-0.259,0.777,0,0,3,0,0,0,0,8,57,1.315,1,2143,0,368.567,7.099,90.500,349.563,73.875,-0.324,0.047,0.758,-1.031,-7.023,-5.473,2.890,3.112,1.171,1.355,0,NULL,NULL,,3,0,2,7,255,968,250,0,0
stim,83409,113530,0,113530,3310854.455,-0.566,0.085,-0.248,0.781,0,0,4,0,0,0,0,11,57,1.315,1,2143,0,373.149,6.662,97.375,352.125,75.938,-0.340,0.035,0.730,-0.703,-6.625,-5.188,2.928,3.150,1.171,1.355,0,NULL,NULL,,3,0,2,7,255,968,250,0,0
stim,83427,113548,0,113548,3310859.454,-0.568,0.075,-0.235,0.785,0,0,3,0,0,0,0,16,57,1.315,1,2143,0,377.797,6.454,108.438,353.750,76.375,-0.352,0.016,0.695,-0.512,-6.434,-5.188,2.966,3.190,1.171,1.355,0,NULL,NULL,,3,0,2,7,255,968,250,0,0
stim,83427,113548,0,113548,3310864.455,-0.568,0.065,-0.222,0.789,0,0,2,0,0,0,0,13,57,1.315,1,2143,0,384.069,6.381,126.563,354.563,76.000,-0.395,-0.031,0.711,-0.270,-6.375,-5.188,3.006,3.232,1.171,1.355,0,NULL,NULL,,3,0,2,7,255,968,250,0,0
stim,83457,113578,0,113578,3310869.454,-0.569,0.056,-0.209,0.793,0,0,6,0,0,0,0,11,57,1.315,1,2143,0,388.882,6.375,145.688,353.375,71.625,-0.438,0.000,0.832,-0.063,-6.375,-4.922,3.048,3.274,1.171,1.355,0,NULL,NULL,,3,0,2,7,255,968,250,0,0
stim,83457,113578,0,113578,3310874.455,-0.570,0.047,-0.195,0.797,0,0,4,0,0,0,0,13,57,1.315,1,2143,0,390.533,6.883,154.313,352.688,65.688,-0.398,0.016,0.910,-0.063,-6.883,-3.879,3.088,3.318,1.171,1.355,0,NULL,NULL,,3,0,2,7,255,968,250,0,0
stim,83457,113578,0,113578,3310879.454,-0.571,0.038,-0.180,0.800,0,0,2,0,0,0,0,14,57,1.315,1,2143,0,393.057,6.893,164.875,350.625,66.125,-0.348,-0.016,0.941,-0.371,-6.883,-2.887,3.128,3.360,1.171,1.355,0,NULL,NULL,,3,0,2,7,255,968,250,0,0
stim,83457,113578,0,113578,3310884.455,-0.571,0.030,-0.165,0.803,0,0,3,0,0,0,0,37,57,1.315,1,2143,0,397.978,6.234,180.563,348.250,67.125,-0.316,-0.066,1.016,-0.371,-6.223,-2.133,3.170,3.402,1.171,1.355,0,NULL,NULL,,3,0,2,7,255,968,250,0,0
stim,83457,113578,0,113578,3310889.453,-0.571,0.022,-0.150,0.807,0,0,9,0,0,0,0,39,57,1.315,1,2143,0,403.046,6.161,197.125,344.625,69.438,-0.348,-0.063,1.168,-0.234,-6.156,-1.063,3.210,3.444,1.171,1.355,0,NULL,NULL,,3,0,2,7,255,968,250,0,0
stim,83457,113578,0,113578,3310894.455,-0.571,0.015,-0.134,0.809,0,0,7,0,0,0,0,35,57,1.315,1,2143,0,403.245,6.161,204.000,341.875,64.125,-0.359,0.043,1.352,-0.234,-6.156,0.496,3.248,3.484,1.171,1.355,0,NULL,NULL,,3,0,2,7,255,968,250,0,0
stim,83457,113578,0,113578,3310899.453,-0.572,0.008,-0.118,0.812,0,0,8,0,0,0,0,37,57,1.315,1,2143,0,398.926,6.804,202.250,338.875,58.313,-0.371,0.086,1.469,-1.352,-6.668,2.148,3.284,3.522,1.171,1.355,0,NULL,NULL,,3,0,2,7,255,968,250,0,0
stim,83457,113578,0,113578,3310904.455,-0.571,0.001,-0.103,0.814,0,0,11,0,0,0,0,37,57,1.315,1,2143,0,397.105,6.870,204.625,334.688,61.688,-0.391,0.070,1.574,-1.652,-6.668,3.363,3.318,3.558,1.171,1.355,0,NULL,NULL,,3,0,2,7,255,968,250,0,0
stim,83457,113578,0,113578,3310909.454,-0.571,-0.006,-0.087,0.816,0,0,7,0,0,0,0,26,57,1.315,1,2143,0,394.940,6.919,207.375,330.625,60.500,-0.453,0.055,1.703,-1.652,-6.719,4.633,3.352,3.594,1.171,1.355,0,NULL,NULL,,3,0,2,7,255,968,250,0,0
stim,83457,113578,0,113578,3310914.455,-0.571,-0.013,-0.072,0.818,0,0,13,0,0,0,0,37,57,1.315,1,2143,0,389.741,6.923,206.938,326.125,52.125,-0.496,0.047,1.844,-1.375,-6.785,6.074,3.384,3.628,1.171,1.355,0,NULL,NULL,,3,0,2,7,255,968,250,0,0
stim,83492,113613,0,113613,3310919.454,-0.571,-0.020,-0.056,0.819,0,0,11,0,0,0,0,39,57,1.315,1,2143,0,381.413,6.893,201.938,320.750,42.625,-0.488,0.023,1.934,-1.215,-6.785,7.625,3.416,3.660,1.171,1.355,0,NULL,NULL,,3,0,2,7,255,968,250,0,0
stim,83492,113613,0,113613,3310924.455,-0.571,-0.026,-0.041,0.820,0,0,12,0,0,0,0,36,57,1.315,1,2143,0,374.836,6.217,199.813,315.125,35.688,-0.469,-0.031,1.984,-0.996,-6.137,8.754,3.446,3.694,1.171,1.355,0,NULL,NULL,,3,0,2,7,255,968,250,0,0
stim,83492,113613,0,113613,3310929.454,-0.571,-0.032,-0.026,0.820,0,0,12,0,0,0,0,35,57,1.315,1,2143,0,372.938,5.231,204.500,310.500,29.188,-0.457,-0.074,2.043,-0.535,-5.203,9.504,3.476,3.726,1.171,1.355,0,NULL,NULL,,3,0,2,7,255,968,250,0,0
stim,83492,113613,0,113613,3310934.455,-0.571,-0.038,-0.010,0.820,0,0,18,0,0,0,0,27,57,1.315,1,2143,0,374.597,4.322,211.625,308.500,19.125,-0.426,-0.145,2.133,-0.109,-4.320,10.293,3.506,3.758,1.171,1.355,0,NULL,NULL,,3,0,2,7,255,968,250,0,0
stim,83492,113613,0,113613,3310939.454,-0.571,-0.044,0.005,0.820,0,0,16,0,0,0,0,28,57,1.315,1,2143,0,378.421,3.171,217.563,309.500,8.875,-0.371,-0.230,2.207,0.488,-3.133,11.309,3.536,3.788,1.171,1.355,0,NULL,NULL,,3,0,2,7,255,968,250,0,0
stim,83492,113613,0,113613,3310944.455,-0.572,-0.050,0.021,0.819,0,0,13,0,0,0,0,23,57,1.315,1,2143,0,384.433,2.041,223.813,312.563,-1.125,-0.305,-0.281,2.266,1.219,-1.637,12.172,3.566,3.820,1.171,1.355,0,NULL,NULL,,3,0,2,7,255,968,250,0,0
stim,83519,113640,0,113640,3310949.454,-0.573,-0.055,0.037,0.817,0,0,19,0,0,0,0,27,57,1.315,1,2143,0,393.349,1.581,233.313,316.438,-12.500,-0.207,-0.313,2.305,1.578,-0.090,12.719,3.594,3.850,1.171,1.355,0,NULL,NULL,,3,0,2,7,255,968,250,0,0
stim,83519,113640,0,113640,3310954.455,-0.574,-0.060,0.053,0.815,0,0,19,0,0,0,0,20,57,1.315,1,2143,0,405.296,2.353,248.438,319.188,-25.750,-0.074,-0.328,2.344,1.656,1.672,12.957,3.622,3.878,1.171,1.355,0,NULL,NULL,,3,0,2,7,255,968,250,0,0
stim,83519,113640,0,113640,3310959.454,-0.576,-0.065,0.071,0.812,0,0,11,0,0,0,0,27,57,1.315,1,2143,0,422.387,4.110,271.875,320.188,-44.438,0.141,-0.395,2.441,1.734,3.727,13.012,3.650,3.908,1.171,1.355,0,NULL,NULL,,3,0,2,7,255,968,250,0,0
stim,83519,113640,0,113640,3310964.455,-0.578,-0.069,0.089,0.808,0,0,3,0,0,0,0,24,57,1.315,1,2143,0,437.752,7.055,292.563,320.875,-55.438,0.484,-0.531,2.605,1.820,6.816,13.395,3.676,3.936,1.171,1.355,0,NULL,NULL,,3,0,2,7,255,968,250,0,0
stim,83558,113679,0,113679,3310969.454,-0.580,-0.073,0.108,0.804,0,0,3,0,0,0,0,28,57,1.315,1,2143,0,448.436,11.715,307.875,322.250,-49.625,0.805,-0.660,2.723,2.332,11.480,13.727,3.700,3.962,1.171,1.355,0,NULL,NULL,,3,0,2,7,255,968,250,0,0
stim,83558,113679,0,113679,3310974.455,-0.581,-0.076,0.127,0.801,0,0,0,0,0,0,0,25,57,1.315,1,2143,0,455.722,16.107,325.750,316.500,-37.375,0.957,-0.645,2.824,2.859,15.852,13.727,3.722,3.986,1.171,1.355,0,NULL,NULL,,3,0,2,7,255,968,250,0,0
stim,83558,113679,0,113679,3310979.454,-0.582,-0.078,0.147,0.796,0,0,5,0,0,0,0,26,57,1.315,1,2143,0,459.880,18.438,338.313,309.313,-36.875,1.055,-0.590,2.988,2.859,18.215,13.727,3.740,4.004,1.171,1.355,0,NULL,NULL,,3,0,2,7,255,968,250,0,0
stim,83558,113679,0,113679,3310984.455,-0.583,-0.080,0.166,0.791,0,0,0,0,0,0,0,22,57,1.315,1,2143,0,461.718,20.424,346.125,302.063,-46.250,1.172,-0.582,3.152,2.859,20.223,14.285,3.750,4.018,1.171,1.355,0,NULL,NULL,,3,0,2,7,255,968,250,0,0
stim,83558,113679,0,113679,3310989.453,-0.584,-0.082,0.185,0.786,0,0,11,0,0,0,0,26,57,1.315,1,2143,0,455.965,22.768,342.750,295.125,-57.688,1.254,-0.613,3.336,2.938,22.578,14.664,3.756,4.024,1.171,1.355,0,NULL,NULL,,3,0,2,7,255,968,250,0,0
stim,83558,113679,0,113679,3310994.455,-0.585,-0.084,0.203,0.780,0,0,7,0,0,0,0,27,57,1.315,1,2143,0,437.496,25.101,321.625,288.125,-70.313,1.293,-0.551,3.543,3.770,24.816,15.129,3.752,4.022,1.171,1.355,0,NULL,NULL,,3,0,2,7,255,968,250,0,0
stim,83576,113697,0,113697,3310999.454,-0.588,-0.087,0.219,0.774,0,0,2,0,0,0,0,43,57,1.315,1,2143,0,413.109,26.863,286.625,281.563,-96.063,1.477,-0.254,3.746,3.770,26.598,16.070,3.740,4.012,1.171,1.355,0,NULL,NULL,,3,0,2,7,255,968,250,0,0
stim,83576,113697,0,113697,3311004.455,-0.591,-0.092,0.234,0.767,0,0,1,0,0,0,0,47,57,1.315,1,2143,0,386.856,29.156,234.375,277.375,-133.375,1.898,-0.004,3.836,1.422,29.121,16.070,3.716,3.990,1.171,1.355,0,NULL,NULL,,3,0,2,7,255,968,250,0,0
stim,83576,113697,0,113697,3311009.454,-0.594,-0.098,0.245,0.760,0,0,0,0,0,0,0,59,57,1.315,1,2143,0,351.091,33.401,160.813,271.563,-153.813,2.449,-0.047,3.730,-1.406,33.371,15.535,3.682,3.956,1.171,1.355,0,NULL,NULL,,3,0,2,7,255,968,250,0,0
stim,83576,113697,0,113697,3311014.455,-0.596,-0.107,0.254,0.754,0,0,0,0,0,0,0,87,57,1.315,1,2143,0,309.353,38.319,72.438,262.938,-146.000,3.059,-0.074,3.316,-2.172,38.258,11.223,3.630,3.906,1.171,1.355,0,NULL,NULL,,3,0,2,7,255,968,250,0,0
stim,83576,113697,0,113697,3311019.454,-0.598,-0.117,0.260,0.749,0,0,0,0,0,0,0,145,57,1.315,1,2143,0,291.860,42.009,-5.938,258.563,-135.250,3.707,-0.066,2.566,-3.727,41.844,3.938,3.564,3.840,1.171,1.355,0,NULL,NULL,,3,0,2,7,255,968,250,0,0
stim,83576,113697,1,113697,3311024.455,-0.600,-0.127,0.264,0.745,0,0,0,0,0,0,0,183,57,1.315,1,2143,0,282.144,44.048,-41.000,250.313,-123.563,4.359,-0.277,1.746,-6.148,43.617,-6.367,3.482,3.760,1.171,1.355,0,NULL,NULL,,3,1,2,7,255,968,250,0,0
stim,83576,113697,1,113697,3311029.454,-0.600,-0.137,0.268,0.741,0,0,0,0,0,0,0,242,57,1.315,1,2143,0,251.709,45.364,-31.688,230.438,-96.188,4.973,-0.688,1.031,-6.148,44.945,-17.785,3.388,3.666,1.171,1.355,0,NULL,NULL,,3,1,2,7,255,968,250,0,0
stim,83576,113697,1,113697,3311034.455,-0.599,-0.144,0.274,0.739,0,0,0,0,0,0,0,269,57,1.315,1,2143,0,207.049,46.608,10.688,203.938,-34.125,5.398,-1.180,0.387,-4.500,46.391,-28.496,3.282,3.560,1.171,1.355,0,NULL,NULL,,3,1,2,7,255,968,250,0,0
stim,83606,113727,1,113727,3311039.454,-0.596,-0.146,0.281,0.738,0,0,0,0,0,0,0,261,57,1.315,1,2143,0,199.952,46.410,88.188,172.688,48.813,5.410,-1.730,-0.098,-1.348,46.391,-37.746,3.166,3.444,1.171,1.355,0,NULL,NULL,,3,1,2,7,255,968,250,0,0
stim,83606,113727,1,113727,3311044.455,-0.592,-0.144,0.292,0.738,0,0,0,0,0,0,0,245,57,1.315,1,2143,0,272.322,44.300,204.375,125.688,128.813,5.133,-2.480,-0.125,3.102,44.191,-43.520,3.040,3.318,1.171,1.355,0,NULL,NULL,,3,1,2,7,255,968,250,0,0
stim,83606,113727,1,113727,3311049.454,-0.586,-0.135,0.307,0.738,0,0,0,0,0,0,0,199,57,1.315,1,2143,0,412.520,43.692,347.250,81.313,207.313,4.457,-2.398,0.336,10.121,42.504,-43.520,2.904,3.180,1.171,1.355,0,NULL,NULL,,3,1,2,7,255,968,250,0,0
stim,83606,113727,1,113727,3311054.455,-0.581,-0.121,0.323,0.737,0,0,0,0,0,0,0,169,57,1.315,1,2143,0,507.977,40.753,449.250,28.000,235.438,3.523,-1.523,1.527,10.121,39.477,-38.016,2.758,3.032,1.171,1.355,0,NULL,NULL,,3,1,2,7,255,968,250,0,0
stim,83606,113727,1,113727,3311059.454,-0.578,-0.107,0.338,0.735,0,0,0,0,0,0,0,157,57,1.315,1,2143,0,478.909,38.548,448.188,-16.688,167.938,2.254,-0.367,3.145,6.219,38.043,-22.102,2.604,2.874,1.171,1.355,0,NULL,NULL,,3,1,2,7,255,968,250,0,0
stim,83606,113727,1,113727,3311064.455,-0.579,-0.098,0.345,0.732,0,0,0,0,0,0,0,152,57,1.315,1,2143,0,275.303,38.548,263.063,-73.688,34.063,2.156,-0.539,4.688,6.219,38.043,0.195,2.442,2.708,1.171,1.355,0,NULL,NULL,,3,1,2,7,255,968,250,0,0
stim,83660,113781,1,113781,3311069.454,-0.579,-0.092,0.345,0.733,0,0,0,0,0,0,0,198,57,1.315,1,2143,0,137.344,45.507,81.375,-103.750,38.438,2.707,-1.395,3.750,8.656,44.676,0.195,2.276,2.538,1.171,1.355,0,NULL,NULL,,3,1,2,7,255,968,250,0,0
stim,83660,113781,1,113781,3311074.455,-0.577,-0.082,0.345,0.736,153,0,0,490,0,31,0,363,57,1.315,1,2143,0,242.742,46.503,105.188,-159.188,150.063,1.250,-1.164,3.914,12.906,44.676,8.551,2.106,2.360,1.171,1.355,0,NULL,NULL,,3,1,2,7,255,968,250,0,0
stim,83660,113781,1,113781,3311079.454,-0.565,-0.054,0.353,0.744,911,0,0,1291,0,223,0,453,57,1.315,1,2143,0,747.670,42.863,417.250,-310.500,537.125,-0.359,1.059,7.816,14.293,40.410,8.551,1.928,2.176,1.171,1.355,0,NULL,NULL,,3,1,2,7,255,968,250,0,0
stim,83660,113781,1,113781,3311084.455,-0.547,-0.054,0.333,0.766,1547,0,0,1786,0,525,0,492,57,1.315,1,2143,0,815.305,36.846,-562.438,-144.375,572.313,-0.945,2.613,6.074,14.293,33.961,52.063,1.746,1.984,1.171,1.355,0,NULL,NULL,,3,1,2,7,255,968,250,0,0
stim,83660,113781,1,113781,3311089.454,-0.534,-0.071,0.291,0.790,2026,0,0,2005,0,789,0,573,57,1.315,1,2144,0,1201.704,21.419,-1141.438,-174.375,332.875,-1.750,4.602,0.684,-3.957,21.051,52.063,1.558,1.786,1.171,1.355,1,996.000,28.000,,3,1,2,7,255,968,250,0,0
stim,83660,113781,1,113781,3311094.455,-0.528,-0.084,0.262,0.804,2299,0,0,2144,0,958,0,629,57,1.315,1,2144,0,817.254,34.190,-797.188,-105.000,146.188,-2.758,3.906,-2.473,-25.512,-22.762,19.215,1.372,1.586,1.171,1.355,1,NULL,NULL,,3,1,2,7,255,968,250,0,0
stim,83660,113781,1,113781,3311099.453,-0.529,-0.088,0.247,0.807,2468,0,0,2255,0,1207,0,759,57,1.315,1,2144,0,363.044,39.117,-335.500,-127.688,-54.188,-1.973,1.527,-1.887,-25.512,-29.652,-7.809,1.186,1.384,1.171,1.355,1,NULL,NULL,,3,1,2,7,255,968,250,0,0
stim,83660,113781,1,113781,3311104.455,-0.535,-0.086,0.241,0.805,2585,0,0,2339,0,1432,0,865,57,1.315,1,2144,0,186.872,30.484,-52.063,-127.188,-126.625,0.164,0.051,0.813,-7.070,-29.652,-7.809,1.000,1.178,1.171,1.355,1,NULL,NULL,,3,1,2,7,255,968,250,0,0
stim,83660,113781,1,113781,3311109.454,-0.534,-0.082,0.237,0.808,2693,0,0,2425,0,1605,0,1045,57,1.315,1,2144,0,149.161,8.570,-44.875,-127.938,62.188,1.023,1.891,1.203,-7.070,4.844,-3.340,0.808,0.956,1.171,1.355,2,NULL,NULL,,3,1,2,7,255,968,250,0,0
stim,83660,113781,1,113781,3311114.455,-0.527,-0.077,0.231,0.814,2827,0,0,2633,0,1723,0,1111,57,1.315,1,2144,0,280.896,20.521,-89.313,-145.688,222.938,0.070,2.590,1.668,-19.941,4.844,1.684,0.632,0.722,1.171,1.355,2,NULL,NULL,,3,1,2,7,255,968,250,0,0
stim,83685,113806,1,113806,3311119.454,-0.520,-0.075,0.221,0.822,2925,0,0,2772,0,1785,0,1209,57,1.315,1,2144,0,347.143,19.971,-236.563,-147.563,206.813,-2.000,0.059,1.578,-19.941,-1.094,11.180,0.530,0.522,1.171,1.355,2,NULL,NULL,,3,1,2,7,255,968,250,0,0
stim,83685,113806,1,113806,3311124.455,-0.517,-0.077,0.202,0.828,2990,0,0,2880,0,1868,0,1361,57,1.315,1,2144,0,463.572,13.517,-410.563,-196.000,89.000,-2.656,-1.727,0.457,9.391,-9.723,11.180,0.526,0.408,1.171,1.355,2,NULL,NULL,,3,1,2,7,255,968,250,0,0
stim,83685,113806,1,113806,3311129.454,-0.524,-0.078,0.187,0.827,3035,0,0,2971,0,1939,0,1497,57,1.315,1,2144,0,372.382,22.247,-274.625,-175.063,-180.563,-1.602,-1.520,-0.699,19.898,-9.949,-0.813,0.566,0.390,1.171,1.355,2,NULL,NULL,,3,1,2,7,255,968,250,0,0
stim,83685,113806,1,113806,3311134.455,-0.533,-0.074,0.180,0.824,3065,0,0,3031,0,1989,0,1597,57,1.315,1,2144,0,292.081,22.247,-54.563,-184.063,-220.125,0.344,-0.699,0.023,19.898,-9.949,-11.973,0.598,0.418,1.171,1.355,2,NULL,NULL,,3,1,2,7,255,968,250,0,0
stim,83705,113826,1,113826,3311139.454,-0.539,-0.067,0.178,0.821,3090,0,0,3079,0,2035,0,1635,57,1.315,1,2144,0,215.515,7.294,67.438,-156.813,-131.563,1.094,-0.949,1.586,4.813,5.480,-11.973,0.610,0.450,1.171,1.355,2,NULL,NULL,,3,1,2,7,255,968,250,0,0
stim,83705,113826,1,113826,3311144.455,-0.541,-0.062,0.174,0.821,3108,0,0,3123,0,2075,0,1643,57,1.315,1,2144,0,150.235,18.723,-7.750,-148.000,-24.625,1.355,-1.695,2.371,4.813,18.094,-0.316,0.618,0.476,1.171,1.355,2,NULL,NULL,,3,1,2,7,255,968,250,0,0
stim,83705,113826,1,113826,3311149.454,-0.537,-0.061,0.166,0.825,3119,0,0,3147,0,2125,0,1627,57,1.315,1,2144,0,241.768,26.238,-162.938,-139.188,111.938,1.258,-1.707,2.137,10.992,23.824,3.520,0.634,0.506,1.171,1.355,2,NULL,NULL,,3,1,2,7,255,968,250,0,0
stim,83705,113826,1,113826,3311154.455,-0.529,-0.060,0.155,0.832,3125,0,0,3165,0,2165,0,1627,57,1.315,1,2144,0,362.918,26.238,-241.500,-129.625,237.875,0.313,-1.016,0.922,10.992,23.824,3.520,0.640,0.532,1.171,1.355,2,NULL,NULL,,3,1,2,7,255,968,250,0,0
stim,83726,113847,1,113847,3311159.454,-0.520,-0.058,0.146,0.840,3129,0,0,3181,0,2212,27,1659,57,1.315,1,2144,0,326.483,12.225,-172.750,-131.313,243.938,-0.719,-0.445,0.203,7.859,9.363,-3.684,0.624,0.540,1.171,1.355,2,NULL,NULL,,3,1,2,7,255,968,250,0,0
stim,83726,113847,1,113847,3311164.455,-0.516,-0.054,0.141,0.844,3130,0,0,3190,0,2284,77,1775,57,1.315,1,2144,0,207.953,7.941,-81.750,-137.438,132.938,-1.289,0.004,0.836,7.051,-3.652,-3.684,0.590,0.530,1.171,1.355,2,NULL,NULL,,3,1,2,7,255,968,250,0,0
stim,83758,113879,1,113879,3311169.454,-0.516,-0.050,0.135,0.845,3129,0,0,3191,58,2345,219,1965,57,1.315,1,2144,0,155.825,7.057,-72.500,-137.375,12.375,-0.465,0.590,1.035,5.934,-3.820,1.063,0.548,0.498,1.171,1.355,2,NULL,NULL,,3,1,2,7,255,968,250,0,0
stim,83758,113879,1,113879,3311174.455,-0.516,-0.047,0.130,0.845,3129,0,0,3209,334,2386,269,2107,57,1.315,1,2144,0,132.188,4.753,-57.875,-118.750,-4.750,0.074,0.535,1.938,-2.828,-3.820,1.828,0.506,0.448,1.171,1.355,2,NULL,NULL,,3,1,2,7,255,968,250,0,0
stim,83758,113879,1,113879,3311179.454,-0.518,-0.048,0.125,0.845,3128,0,0,3207,649,2426,248,2199,57,1.315,1,2144,0,120.740,5.521,-96.438,-58.188,-43.500,0.500,0.348,1.781,-4.570,3.098,6.527,0.464,0.380,1.171,1.355,2,NULL,NULL,,3,1,2,7,255,968,250,0,0
stim,83758,113879,1,113879,3311184.455,-0.519,-0.048,0.121,0.845,3124,0,0,3207,873,2451,261,2263,57,1.315,1,2144,0,100.457,7.236,-81.938,-52.438,-25.063,0.766,0.852,1.039,-5.012,5.219,6.527,0.430,0.302,1.171,1.355,2,NULL,NULL,,3,1,2,7,255,968,250,0,0
stim,83758,113879,1,113879,3311189.453,-0.520,-0.048,0.117,0.844,3123,0,0,3211,1069,2468,282,2327,57,1.315,1,2144,0,91.154,7.236,-71.563,-32.563,-46.125,-0.066,0.363,1.746,-5.012,5.219,6.527,0.410,0.234,1.171,1.355,2,NULL,NULL,,3,1,2,7,255,968,250,0,0
stim,83758,113879,1,113879,3311194.455,-0.523,-0.051,0.111,0.843,3124,23,0,3209,1205,2484,265,2377,57,1.315,1,2144,0,165.287,5.895,-144.125,-14.750,-79.563,0.082,-0.563,1.020,-2.742,5.219,-0.426,0.400,0.196,1.171,1.355,2,NULL,NULL,,3,1,2,7,255,968,250,0,0
stim,83758,113879,1,113879,3311199.454,-0.524,-0.053,0.107,0.843,3123,35,0,3211,1306,2494,293,2412,57,1.315,1,2144,0,124.745,6.732,-116.188,-18.000,-41.688,0.098,-0.809,0.371,4.504,5.004,-0.805,0.394,0.180,1.171,1.355,2,NULL,NULL,,3,1,2,7,255,968,250,0,0
stim,83758,113879,1,113879,3311204.455,-0.526,-0.054,0.105,0.842,3119,63,0,3211,1427,2504,310,2444,57,1.315,1,2144,0,57.244,7.578,-40.188,-16.563,-37.250,-0.168,-0.582,0.715,5.691,5.004,-3.148,0.390,0.176,1.171,1.355,2,NULL,NULL,,3,1,2,7,255,968,250,0,0
stim,83758,113879,1,113879,3311209.454,-0.528,-0.053,0.104,0.841,3119,105,0,3213,1509,2511,311,2467,57,1.315,1,2144,0,54.171,6.223,-9.000,-15.688,-51.063,-0.027,-0.066,0.977,5.691,2.516,-3.148,0.394,0.168,1.171,1.355,2,NULL,NULL,,3,1,2,7,255,968,250,0,0
stim,83758,113879,1,113879,3311214.455,-0.530,-0.053,0.102,0.840,3119,113,0,3209,1587,2519,307,2482,57,1.315,1,2144,0,51.818,2.479,-16.688,-11.250,-47.750,0.023,0.020,1.121,0.531,2.422,-0.465,0.408,0.152,1.171,1.355,2,NULL,NULL,,3,1,2,7,255,968,250,0,0
stim,83790,113911,1,113911,3311219.454,-0.531,-0.054,0.101,0.840,3115,123,0,3205,1627,2521,285,2491,57,1.315,1,2144,0,51.078,2.479,-37.875,-5.188,-33.875,-0.008,-0.172,1.090,0.531,2.422,0.520,0.430,0.132,1.171,1.355,2,NULL,NULL,,3,1,2,7,255,968,250,0,0
stim,83790,113911,1,113911,3311224.455,-0.532,-0.055,0.099,0.839,3115,146,0,3208,1672,2525,285,2503,57,1.315,1,2144,0,55.691,2.770,-45.188,-3.938,-32.313,-0.180,-0.098,0.965,1.344,2.422,0.520,0.452,0.112,1.171,1.355,2,NULL,NULL,,3,1,2,7,255,968,250,0,0
stim,83790,113911,1,113911,3311229.454,-0.534,-0.056,0.097,0.838,3113,167,0,3199,1711,2525,275,2509,57,1.315,1,2144,0,58.404,1.560,-34.000,-4.063,-47.313,-0.184,0.004,0.941,1.344,0.793,-0.301,0.468,0.094,1.171,1.355,2,NULL,NULL,,3,1,2,7,255,968,250,0,0
stim,83790,113911,1,113911,3311234.455,-0.535,-0.057,0.096,0.837,3113,169,0,3196,1745,2525,275,2515,57,1.315,1,2144,0,58.144,1.354,-25.875,-4.500,-51.875,-0.090,-0.113,0.973,1.098,0.793,-0.379,0.478,0.076,1.171,1.355,2,NULL,NULL,,3,1,2,7,255,968,250,0,0
stim,83790,113911,1,113911,3311239.454,-0.537,-0.057,0.094,0.836,3115,157,0,3196,1766,2523,269,2515,57,1.315,1,2144,0,48.904,1.938,-23.125,-4.313,-42.875,-0.023,-0.188,0.969,1.098,1.598,-0.453,0.484,0.064,1.171,1.355,2,NULL,NULL,,3,1,2,7,255,968,250,0,0
stim,83790,113911,1,113911,3311244.455,-0.538,-0.057,0.093,0.836,3109,153,22,3191,1782,2525,253,2521,57,1.315,1,2144,0,35.698,2.169,-19.688,-4.063,-29.500,-0.039,-0.098,0.934,1.098,1.871,-0.613,0.492,0.052,1.171,1.355,2,NULL,NULL,,3,1,2,7,255,968,250,0,0
stim,83824,113945,1,113945,3311249.454,-0.539,-0.058,0.093,0.835,3109,149,39,3197,1799,2525,237,2523,57,1.315,1,2144,0,27.659,1.996,-11.688,-2.563,-24.938,-0.059,0.016,0.938,0.695,1.871,-0.707,0.498,0.044,1.171,1.355,2,NULL,NULL,,3,1,2,7,255,968,250,0,0
stim,83824,113945,1,113945,3311254.455,-0.540,-0.058,0.092,0.835,3107,152,45,3182,1819,2525,206,2523,57,1.315,1,2144,0,25.104,1.393,-6.375,-2.125,-24.188,-0.055,0.020,1.000,-0.223,1.375,-0.707,0.506,0.036,1.171,1.355,2,NULL,NULL,,3,1,2,7,255,968,250,0,0
stim,83824,113945,1,113945,3311259.454,-0.541,-0.058,0.092,0.834,3103,142,79,3179,1828,2520,197,2521,57,1.315,1,2144,0,20.745,1.393,-4.750,-0.500,-20.188,-0.055,-0.012,1.027,-0.223,1.375,-0.094,0.510,0.030,1.171,1.355,2,NULL,NULL,,3,1,2,7,255,968,250,0,0
stim,83824,113945,1,113945,3311264.455,-0.541,-0.058,0.091,0.834,3099,136,87,3175,1833,2519,182,2529,57,1.315,1,2144,0,12.388,1.403,-2.188,0.375,-12.188,-0.070,0.023,1.016,-0.277,1.375,0.066,0.514,0.028,1.171,1.355,2,NULL,NULL,,3,1,2,7,255,968,250,0,0
stim,83857,113978,1,113978,3311269.454,-0.541,-0.058,0.091,0.834,3098,133,107,3166,1839,2515,164,2517,57,1.384,1,2144,1,7.962,1.269,3.000,0.063,-7.375,-0.129,0.098,1.004,-0.277,1.238,0.137,0.000,0.000,1.136,1.384,2,NULL,NULL,,3,1,2,7,255,968,250,0,0
stim,83857,113978,0,113978,3311274.455,-0.542,-0.057,0.092,0.834,3093,125,123,3161,1839,2507,159,2517,57,1.384,1,2144,1,11.850,0.811,6.125,-0.625,-10.125,-0.152,0.168,1.047,-0.688,0.430,0.137,0.004,0.002,1.136,1.384,2,NULL,NULL,,3,0,2,7,255,971,250,0,0
stim,83857,113979,0,113979,3311279.454,-0.542,-0.057,0.092,0.833,3087,123,125,3155,1845,2503,158,2515,57,1.384,1,2144,1,13.469,1.277,3.188,-1.500,-13.000,-0.129,0.176,1.078,-1.246,0.277,0.602,0.008,0.002,1.136,1.384,2,NULL,NULL,,3,0,2,7,255,971,250,0,0
stim,83857,113979,0,113979,3311284.455,-0.542,-0.057,0.092,0.833,3087,117,141,3151,1839,2501,159,2517,57,1.384,1,2144,1,11.158,1.414,-0.938,-2.000,-10.938,-0.102,0.160,1.059,-1.387,0.277,0.652,0.010,0.002,1.136,1.384,2,NULL,NULL,,3,0,2,7,255,971,250,0,0
stim,83857,113979,0,113979,3311289.453,-0.543,-0.057,0.092,0.833,3063,103,149,3150,1849,2491,155,2509,57,1.384,1,2144,1,5.841,1.464,-1.375,-2.688,-5.000,-0.105,0.148,1.027,-1.387,0.469,0.652,0.014,0.004,1.136,1.384,2,NULL,NULL,,3,0,2,7,255,971,250,0,0
stim,83857,113979,0,113979,3311294.455,-0.543,-0.056,0.092,0.833,3065,88,157,3129,1849,2485,149,2520,57,1.384,1,2144,1,3.781,1.342,-1.063,-3.563,-0.688,-0.129,0.148,1.012,-1.258,0.469,0.328,0.018,0.004,1.136,1.384,2,NULL,NULL,,3,0,2,7,255,971,250,0,0
stim,83883,114004,0,114004,3311299.454,-0.543,-0.056,0.091,0.833,3047,83,165,3115,1847,2473,153,2517,57,1.384,1,2144,1,4.632,1.195,-1.500,-4.375,0.250,-0.148,0.160,1.008,-1.172,0.234,0.254,0.020,0.004,1.136,1.384,2,NULL,NULL,,3,0,2,7,255,971,250,0,0
stim,83883,114004,0,114004,3311304.455,-0.543,-0.056,0.091,0.833,3048,77,170,3113,1847,2462,146,2509,57,1.384,1,2144,1,5.380,1.172,-2.188,-4.875,-0.625,-0.152,0.172,1.020,-1.172,0.000,0.254,0.022,0.006,1.136,1.384,2,NULL,NULL,,3,0,2,7,255,971,250,0,0
stim,83883,114004,0,114004,3311309.454,-0.543,-0.056,0.091,0.833,3033,78,206,3107,1851,2457,143,2521,57,1.384,1,2144,1,6.654,1.254,-3.625,-5.375,-1.500,-0.148,0.176,1.027,-1.254,-0.023,0.352,0.026,0.006,1.136,1.384,2,NULL,NULL,,3,0,2,7,255,971,250,0,0
stim,83883,114004,0,114004,3311314.455,-0.543,-0.056,0.091,0.833,3017,89,219,3089,1861,2453,151,2517,57,1.384,1,2144,1,8.288,1.254,-5.688,-5.750,-1.813,-0.137,0.164,1.020,-1.254,-0.023,0.352,0.028,0.008,1.136,1.384,2,NULL,NULL,,3,0,2,7,255,971,250,0,0
stim,83883,114004,0,114004,3311319.454,-0.543,-0.055,0.090,0.833,3001,99,240,3081,1875,2443,167,2521,57,1.384,1,2144,1,9.601,1.241,-7.500,-5.875,-1.188,-0.137,0.141,1.004,-1.238,0.086,0.336,0.028,0.008,1.136,1.384,2,NULL,NULL,,3,0,2,7,255,971,250,0,0
stim,83883,114004,0,114004,3311324.455,-0.543,-0.055,0.090,0.833,2989,105,264,3065,1887,2441,182,2525,57,1.384,1,2144,1,10.385,1.036,-8.125,-6.438,-0.625,-0.148,0.113,0.988,-1.031,0.098,0.168,0.030,0.008,1.136,1.384,2,NULL,NULL,,3,0,2,7,255,971,250,0,0
stim,83884,114005,0,114005,3311329.454,-0.543,-0.055,0.090,0.833,2980,119,295,3062,1915,2449,209,2531,57,1.384,1,2144,1,10.067,0.752,-7.125,-6.938,-1.563,-0.164,0.105,0.977,-0.746,0.098,0.020,0.032,0.010,1.136,1.384,2,NULL,NULL,,3,0,2,7,255,971,250,0,0
stim,83884,114005,0,114005,3311334.455,-0.543,-0.055,0.089,0.833,2963,123,315,3050,1950,2443,216,2535,57,1.384,1,2144,1,10.285,0.625,-5.313,-7.375,-4.813,-0.172,0.098,0.973,-0.625,-0.023,-0.078,0.034,0.010,1.136,1.384,2,NULL,NULL,,3,0,2,7,255,971,250,0,0
stim,83907,114028,0,114028,3311339.454,-0.543,-0.055,0.089,0.833,2938,133,359,3029,1989,2443,251,2550,57,1.384,1,2144,1,12.346,0.495,-4.625,-8.000,-8.188,-0.184,0.078,0.977,-0.488,-0.082,-0.078,0.034,0.012,1.136,1.384,2,NULL,NULL,,3,0,2,7,255,971,250,0,0
stim,83907,114028,0,114028,3311344.455,-0.544,-0.055,0.089,0.833,2929,134,416,3015,2021,2451,283,2552,57,1.384,1,2144,1,15.095,0.316,-5.438,-9.313,-10.563,-0.195,0.074,0.973,-0.297,-0.109,-0.070,0.036,0.014,1.136,1.384,2,NULL,NULL,,3,0,2,7,255,971,250,0,0
stim,83907,114028,0,114028,3311349.454,-0.544,-0.054,0.088,0.833,2905,155,506,2992,2057,2447,327,2583,57,1.384,1,2144,1,17.542,0.358,-4.938,-11.063,-12.688,-0.203,0.102,0.977,-0.297,-0.199,-0.035,0.036,0.016,1.136,1.384,2,NULL,NULL,,3,0,2,7,255,971,250,0,0
stim,83907,114028,0,114028,3311354.455,-0.545,-0.054,0.088,0.832,2873,167,616,2983,2085,2447,379,2583,57,1.384,1,2144,1,20.963,0.568,-4.250,-12.938,-15.938,-0.207,0.121,0.988,-0.430,-0.371,0.020,0.036,0.018,1.136,1.384,2,NULL,NULL,,3,0,2,7,255,971,250,0,0
stim,83907,114028,0,114028,3311359.454,-0.546,-0.054,0.087,0.832,2852,182,675,2959,2151,2443,437,2600,57,1.384,1,2144,1,25.164,0.734,-2.750,-13.875,-20.813,-0.199,0.125,0.992,-0.586,-0.441,0.141,0.040,0.022,1.136,1.384,2,NULL,NULL,,3,0,2,7,255,971,250,0,0
stim,83907,114028,0,114028,3311364.455,-0.546,-0.053,0.087,0.831,2831,211,745,2953,2205,2451,491,2621,57,1.384,1,2144,1,28.407,0.772,-3.750,-14.625,-24.063,-0.195,0.133,1.012,-0.633,-0.441,0.148,0.042,0.028,1.136,1.384,2,NULL,NULL,,3,0,2,7,255,971,250,0,0
stim,83959,114080,0,114080,3311369.454,-0.547,-0.053,0.086,0.831,2797,231,837,2931,2269,2457,538,2637,57,1.384,1,2144,1,31.084,0.837,-8.313,-15.813,-25.438,-0.160,0.160,1.027,-0.738,-0.395,0.324,0.048,0.034,1.136,1.384,2,NULL,NULL,,3,0,2,7,255,971,250,0,0
stim,83959,114080,0,114080,3311374.455,-0.548,-0.052,0.085,0.830,2776,254,985,2901,2327,2467,631,2645,57,1.384,1,2144,1,34.225,1.054,-11.688,-16.375,-27.688,-0.156,0.148,1.008,-1.039,-0.180,0.324,0.054,0.040,1.136,1.384,2,NULL,NULL,,3,0,2,7,255,971,250,0,0
stim,83959,114080,0,114080,3311379.454,-0.550,-0.052,0.084,0.830,2741,265,1133,2888,2359,2467,803,2669,57,1.384,1,2144,1,37.408,1.054,-13.438,-15.438,-31.313,-0.184,0.098,0.988,-1.039,-0.180,0.227,0.060,0.046,1.136,1.384,2,NULL,NULL,,3,0,2,7,255,971,250,0,0
stim,83959,114080,0,114080,3311384.455,-0.551,-0.052,0.083,0.829,2697,273,1237,2863,2408,2468,879,2683,57,1.384,1,2144,1,44.284,0.519,-16.688,-16.625,-37.500,-0.172,0.070,1.012,-0.492,-0.164,0.227,0.066,0.054,1.136,1.384,2,NULL,NULL,,3,0,2,7,255,971,250,0,0
stim,83959,114080,0,114080,3311389.454,-0.552,-0.052,0.082,0.828,2651,283,1327,2847,2457,2475,1034,2697,57,1.384,1,2144,1,47.729,0.368,-18.125,-18.563,-40.063,-0.145,0.066,0.992,-0.367,-0.020,0.086,0.072,0.058,1.136,1.384,2,NULL,NULL,,3,0,2,7,255,971,250,0,0
stim,83959,114080,0,114080,3311394.455,-0.554,-0.052,0.081,0.827,2600,298,1503,2814,2506,2479,1139,2712,57,1.384,1,2144,1,50.888,0.373,-18.938,-16.688,-44.188,-0.152,0.039,0.980,-0.324,0.184,0.027,0.076,0.064,1.136,1.384,2,NULL,NULL,,3,0,2,7,255,971,250,0,0
stim,83959,114080,0,114080,3311399.453,-0.556,-0.052,0.079,0.826,2537,307,1643,2783,2537,2487,1275,2723,57,1.384,1,2144,1,54.434,0.364,-21.250,-18.375,-46.625,-0.129,0.047,1.004,-0.313,0.188,0.027,0.078,0.066,1.136,1.384,2,NULL,NULL,,3,0,2,7,255,971,250,0,0
stim,83959,114080,0,114080,3311404.455,-0.557,-0.052,0.078,0.825,2477,315,1769,2771,2580,2479,1399,2739,57,1.384,1,2144,1,55.939,0.224,-22.438,-19.375,-47.438,-0.160,0.035,1.004,-0.129,0.184,0.125,0.080,0.070,1.136,1.384,2,NULL,NULL,,3,0,2,7,255,971,250,0,0
stim,83959,114080,0,114080,3311409.454,-0.559,-0.052,0.076,0.824,2411,343,1896,2728,2617,2487,1517,2763,57,1.384,1,2144,1,64.052,0.211,-29.750,-19.375,-53.313,-0.156,0.020,1.016,-0.098,0.188,0.172,0.080,0.072,1.136,1.384,2,NULL,NULL,,3,0,2,7,255,971,250,0,0
stim,83959,114080,0,114080,3311414.455,-0.561,-0.052,0.074,0.823,2335,349,2009,2685,2648,2487,1624,2781,57,1.384,1,2144,1,65.004,0.189,-35.313,-22.438,-49.750,-0.148,-0.012,1.023,0.023,0.188,0.277,0.082,0.076,1.136,1.384,2,NULL,NULL,,3,0,2,7,255,971,250,0,0
stim,83980,114101,0,114101,3311419.454,-0.563,-0.052,0.072,0.822,2249,343,2127,2645,2695,2501,1749,2788,57,1.384,1,2144,1,74.694,0.306,-42.188,-23.000,-57.188,-0.203,-0.051,1.074,0.242,0.188,0.301,0.082,0.078,1.136,1.384,2,NULL,NULL,,3,0,2,7,255,971,250,0,0
stim,83980,114101,0,114101,3311424.455,-0.565,-0.053,0.069,0.820,2147,346,2252,2592,2727,2505,1847,2809,57,1.384,1,2144,1,90.574,0.403,-62.000,-24.188,-61.438,-0.164,-0.023,1.094,0.289,0.281,0.867,0.082,0.082,1.136,1.384,2,NULL,NULL,,3,0,2,7,255,971,250,0,0
stim,83980,114101,0,114101,3311429.454,-0.568,-0.054,0.066,0.819,2039,347,2345,2535,2760,2495,1957,2815,57,1.384,1,2144,1,99.029,0.308,-66.250,-23.875,-69.625,-0.160,-0.016,1.000,0.289,0.105,0.867,0.082,0.082,1.136,1.384,2,NULL,NULL,,3,0,2,7,255,971,250,0,0
stim,83980,114101,0,114101,3311434.455,-0.570,-0.055,0.062,0.818,1937,343,2426,2474,2781,2509,2047,2835,57,1.384,1,2144,0,97.612,0.326,-66.438,-25.500,-66.813,-0.059,-0.020,0.930,0.164,0.281,0.125,0.080,0.084,1.136,1.384,2,NULL,NULL,,3,0,2,7,255,971,250,0,0
stim,84003,114124,0,114124,3311439.454,-0.572,-0.055,0.059,0.816,1790,333,2519,2392,2805,2502,2146,2859,57,1.384,1,2144,0,79.720,0.639,-51.500,-27.813,-54.125,-0.098,-0.051,0.941,0.164,0.617,-0.566,0.078,0.084,1.136,1.384,2,NULL,NULL,,3,0,2,7,255,971,250,0,0
stim,84003,114124,0,114124,3311444.455,-0.574,-0.056,0.057,0.815,1615,320,2585,2280,2826,2507,2219,2862,57,1.384,1,2144,0,78.500,0.657,-49.938,-29.875,-52.688,-0.156,-0.055,1.020,0.227,0.617,-0.566,0.076,0.086,1.136,1.384,2,NULL,NULL,,3,0,2,7,255,971,250,0,0
stim,84003,114124,0,114124,3311449.454,-0.575,-0.056,0.054,0.814,1381,309,2631,2188,2853,2502,2299,2889,57,1.384,1,2144,0,80.321,0.282,-47.375,-32.188,-56.313,-0.176,0.004,1.020,0.227,0.168,0.285,0.076,0.088,1.136,1.384,2,NULL,NULL,,3,0,2,7,255,971,250,0,0
stim,84003,114124,0,114124,3311454.455,-0.578,-0.056,0.051,0.813,1204,287,2681,2065,2887,2503,2377,2899,57,1.384,1,2144,0,87.160,0.189,-47.438,-33.000,-65.250,-0.109,-0.027,1.016,-0.086,0.168,0.285,0.076,0.088,1.136,1.384,2,NULL,NULL,,3,0,2,7,255,971,250,0,0
stim,84026,114147,0,114147,3311459.454,-0.580,-0.056,0.049,0.812,1006,248,2724,1892,2888,2494,2437,2907,57,1.384,1,2144,0,78.416,0.434,-43.438,-35.563,-54.750,-0.059,-0.031,1.031,-0.117,0.418,0.262,0.076,0.090,1.136,1.384,2,NULL,NULL,,3,0,2,7,255,971,250,0,0
stim,84026,114147,0,114147,3311464.455,-0.581,-0.055,0.046,0.811,795,236,2775,1641,2915,2489,2495,2909,57,1.384,1,2144,0,70.065,0.814,-39.563,-36.625,-44.750,-0.063,-0.031,1.023,-0.254,0.773,0.195,0.076,0.090,1.136,1.384,2,NULL,NULL,,3,0,2,7,255,971,250,0,0
stim,84060,114181,0,114181,3311469.454,-0.582,-0.055,0.044,0.810,539,179,2811,1385,2937,2479,2556,2927,57,1.384,1,2144,0,61.069,0.819,-34.375,-39.688,-31.188,-0.082,0.016,1.035,-0.270,0.773,0.262,0.076,0.092,1.136,1.384,2,NULL,NULL,,3,0,2,7,255,971,250,0,0
stim,84060,114181,0,114181,3311474.455,-0.583,-0.054,0.041,0.810,331,139,2842,1101,2951,2471,2617,2931,57,1.384,1,2144,0,59.787,0.478,-31.438,-41.688,-29.125,-0.137,-0.023,1.047,-0.270,0.395,0.359,0.076,0.092,1.136,1.384,2,NULL,NULL,,3,0,2,7,255,971,250,0,0
stim,84060,114181,0,114181,3311479.454,-0.584,-0.053,0.039,0.809,138,81,2859,871,2971,2457,2651,2943,57,1.384,1,2144,0,61.627,0.432,-30.688,-44.688,-29.313,-0.113,-0.113,1.066,-0.176,0.395,0.547,0.076,0.092,1.136,1.384,2,NULL,NULL,,3,0,2,7,255,971,250,0,0
stim,84060,114181,0,114181,3311484.455,-0.585,-0.052,0.036,0.808,39,31,2890,594,2983,2439,2683,2953,57,1.384,1,2144,0,65.605,0.638,-31.625,-47.063,-33.000,-0.086,-0.109,1.020,0.461,0.441,0.547,0.078,0.094,1.136,1.384,2,NULL,NULL,,3,0,2,7,255,971,250,0,0
stim,84060,114181,0,114181,3311489.453,-0.586,-0.051,0.034,0.808,12,19,2905,366,3001,2411,2715,2964,57,1.384,1,2144,0,62.423,0.638,-20.188,-51.875,-28.250,-0.078,-0.043,1.016,0.461,0.441,0.234,0.080,0.094,1.136,1.384,2,NULL,NULL,,3,0,2,7,255,971,250,0,0
stim,84060,114181,0,114181,3311494.455,-0.587,-0.049,0.032,0.807,0,0,2923,203,3019,2391,2749,2971,57,1.384,1,2144,0,63.732,0.435,-13.813,-54.813,-29.438,-0.055,0.059,1.020,-0.184,0.395,0.164,0.082,0.096,1.136,1.384,2,NULL,NULL,,3,0,2,7,255,971,250,0,0
stim,84060,114181,0,114181,3311499.454,-0.589,-0.047,0.031,0.806,0,0,2939,136,3019,2375,2797,2976,57,1.384,1,2144,0,69.626,0.651,-2.688,-58.563,-37.563,-0.133,0.020,1.047,-0.598,0.258,0.164,0.082,0.098,1.136,1.384,2,NULL,NULL,,3,0,2,7,255,971,250,0,0
stim,84060,114181,0,114181,3311504.455,-0.589,-0.044,0.031,0.807,0,0,2955,87,3037,2347,2813,2985,57,1.384,1,2144,0,83.165,0.706,44.625,-70.125,-2.750,-0.398,-0.129,1.324,-0.598,-0.375,0.520,0.082,0.102,1.136,1.384,2,NULL,NULL,,3,0,2,7,255,971,250,0,0
stim,84060,114181,0,114181,3311509.454,-0.589,-0.039,0.031,0.806,0,0,2967,71,3037,2313,2845,2985,57,1.384,1,2144,0,111.350,2.619,73.000,-83.938,-4.938,-0.527,-0.129,1.762,1.457,-2.176,3.539,0.078,0.110,1.136,1.384,3,NULL,NULL,,3,0,2,7,255,971,250,0,0
stim,84060,114181,0,114181,3311514.455,-0.590,-0.035,0.030,0.806,0,0,2963,27,3059,2264,2873,2991,57,1.384,1,2144,0,97.123,2.619,28.250,-90.313,-21.875,-0.305,0.086,1.848,1.457,-2.176,7.910,0.074,0.120,1.136,1.384,3,NULL,NULL,,3,0,2,7,255,971,250,0,0
stim,84078,114199,0,114199,3311519.454,-0.591,-0.034,0.026,0.806,0,0,2969,0,3055,2219,2891,2999,57,1.384,1,2144,0,106.779,1.926,-55.188,-89.375,-19.188,-0.027,0.125,1.531,-0.949,-1.676,7.910,0.074,0.130,1.136,1.384,3,NULL,NULL,,3,0,2,7,255,971,250,0,0
stim,84078,114199,0,114199,3311524.455,-0.590,-0.031,0.021,0.807,0,0,2981,0,3080,2146,2913,2992,57,1.384,1,2144,0,113.008,2.142,-58.250,-95.813,14.063,-0.098,0.191,1.215,-1.988,-0.797,5.129,0.078,0.138,1.136,1.384,3,NULL,NULL,,3,0,2,7,255,971,250,0,0
stim,84078,114199,0,114199,3311529.454,-0.589,-0.028,0.018,0.808,0,0,2984,0,3087,2067,2925,2999,57,1.384,1,2144,0,112.827,2.255,-26.688,-105.188,30.875,-0.227,0.223,1.164,-2.109,-0.797,2.055,0.086,0.146,1.136,1.384,3,NULL,NULL,,3,0,2,7,255,971,250,0,0
stim,84078,114199,0,114199,3311534.455,-0.588,-0.025,0.015,0.808,0,0,2987,0,3099,1962,2955,2997,57,1.384,1,2144,0,115.672,3.070,-6.250,-112.875,24.500,-0.281,0.152,1.242,-2.109,-2.230,2.055,0.094,0.158,1.136,1.384,3,NULL,NULL,,3,0,2,7,255,971,250,0,0
stim,84106,114227,0,114227,3311539.454,-0.587,-0.021,0.012,0.809,0,0,2995,0,3099,1840,2963,2989,57,1.384,1,2144,0,119.789,2.914,-4.000,-118.938,13.688,-0.316,0.031,1.367,-1.305,-2.605,2.434,0.100,0.168,1.136,1.384,3,NULL,NULL,,3,0,2,7,255,971,250,0,0
stim,84106,114227,0,114227,3311544.455,-0.587,-0.017,0.009,0.810,0,0,2989,0,3109,1711,2975,3001,57,1.384,1,2144,0,126.961,2.606,-10.938,-125.813,13.063,-0.289,-0.109,1.406,-0.070,-2.605,3.723,0.104,0.182,1.136,1.384,3,NULL,NULL,,3,0,2,7,255,971,250,0,0
stim,84106,114227,0,114227,3311549.454,-0.586,-0.013,0.005,0.810,0,0,2985,0,3111,1547,2995,2989,57,1.384,1,2144,0,134.595,2.385,-24.250,-131.813,12.375,-0.219,-0.188,1.328,1.156,-2.086,3.723,0.108,0.194,1.136,1.384,3,NULL,NULL,,3,0,2,7,255,971,250,0,0
stim,84106,114227,0,114227,3311554.455,-0.586,-0.009,-0.000,0.811,0,0,2967,0,3103,1332,3001,2987,57,1.384,1,2144,0,141.906,2.205,-34.563,-136.813,15.000,-0.188,-0.207,1.219,1.730,-1.367,3.313,0.112,0.206,1.136,1.384,3,NULL,NULL,,3,0,2,7,255,971,250,0,0
stim,84124,114245,0,114245,3311559.454,-0.585,-0.005,-0.005,0.811,0,0,2964,0,3121,1108,3002,2975,57,1.384,1,2144,0,146.739,2.221,-25.250,-143.063,20.688,-0.238,-0.172,1.129,1.750,-1.367,2.250,0.114,0.218,1.136,1.384,3,NULL,NULL,,3,0,2,7,255,971,250,0,0
stim,84124,114245,0,114245,3311564.455,-0.584,-0.000,-0.009,0.812,0,0,2951,0,3117,885,3007,2962,57,1.384,1,2144,0,152.935,2.551,-11.500,-151.250,19.500,-0.281,-0.102,1.137,1.750,-1.855,1.352,0.118,0.230,1.136,1.384,3,NULL,NULL,,3,0,2,7,255,971,250,0,0
stim,84157,114278,0,114278,3311569.454,-0.583,0.005,-0.013,0.812,0,0,2921,0,3118,652,3020,2944,57,1.384,1,2144,0,157.430,2.450,-5.625,-157.250,5.000,-0.207,-0.094,1.121,1.266,-2.098,1.328,0.120,0.244,1.136,1.384,3,NULL,NULL,,3,0,2,7,255,971,250,0,0
stim,84157,114278,0,114278,3311574.455,-0.583,0.010,-0.017,0.812,0,0,2909,0,3125,467,3041,2936,57,1.384,1,2144,0,163.988,2.450,1.813,-163.688,9.750,-0.125,-0.148,1.137,1.266,-2.098,1.324,0.124,0.256,1.136,1.384,3,NULL,NULL,,3,0,2,7,255,971,250,0,0
stim,84157,114278,0,114278,3311579.454,-0.582,0.017,-0.021,0.813,0,0,2872,0,3127,268,3043,2919,57,1.384,1,2144,0,174.200,2.474,10.063,-172.813,19.500,-0.199,-0.145,1.156,1.313,-2.098,1.324,0.130,0.268,1.136,1.384,3,NULL,NULL,,3,0,2,7,255,971,250,0,0
stim,84157,114278,0,114278,3311584.455,-0.581,0.023,-0.025,0.814,0,0,2843,0,3126,115,3051,2893,57,1.384,1,2144,0,181.903,2.508,17.625,-180.125,18.250,-0.160,-0.109,1.254,1.313,-2.137,1.445,0.134,0.282,1.136,1.384,3,NULL,NULL,,3,0,2,7,255,971,250,0,0
stim,84157,114278,0,114278,3311589.454,-0.579,0.030,-0.029,0.814,0,0,2797,0,3128,43,3051,2859,57,1.384,1,2144,0,188.579,2.478,8.500,-187.375,19.500,-0.121,0.004,1.316,1.172,-2.184,2.379,0.142,0.296,1.136,1.384,3,NULL,NULL,,3,0,2,7,255,971,250,0,0
stim,84157,114278,0,114278,3311594.455,-0.578,0.037,-0.033,0.814,0,0,2736,0,3125,1,3053,2829,57,1.384,1,2144,0,194.923,2.385,11.625,-193.875,16.500,-0.156,0.148,1.293,0.090,-2.383,2.582,0.150,0.312,1.136,1.384,3,NULL,NULL,,3,0,2,7,255,971,250,0,0
stim,84176,114297,0,114297,3311599.454,-0.577,0.045,-0.038,0.814,0,0,2677,0,3125,0,3059,2780,57,1.384,1,2144,0,206.925,3.481,22.438,-205.063,16.250,-0.176,0.297,1.504,-1.070,-3.313,2.938,0.164,0.330,1.136,1.384,3,NULL,NULL,,3,0,2,7,255,971,250,0,0
stim,84176,114297,0,114297,3311604.455,-0.576,0.053,-0.042,0.815,0,0,2585,0,3115,3,3052,2734,57,1.384,1,2144,0,215.174,4.842,22.188,-213.375,16.688,-0.238,0.301,1.809,-1.973,-4.422,4.492,0.180,0.350,1.136,1.384,3,NULL,NULL,,3,0,2,7,255,971,250,0,0
stim,84176,114297,0,114297,3311609.454,-0.575,0.061,-0.047,0.815,0,0,2475,0,3119,11,3049,2676,57,1.384,1,2144,0,229.877,6.027,24.250,-227.750,19.625,-0.398,0.156,2.250,-1.973,-5.695,7.328,0.202,0.374,1.136,1.384,3,NULL,NULL,,3,0,2,7,255,971,250,0,0
stim,84176,114297,0,114297,3311614.455,-0.572,0.070,-0.053,0.815,0,0,2358,0,3107,66,3053,2603,57,1.384,1,2144,0,254.619,7.657,9.313,-251.500,38.625,-0.547,0.152,2.609,0.105,-7.656,11.309,0.228,0.404,1.136,1.384,3,NULL,NULL,,3,0,2,7,255,971,250,0,0
stim,84176,114297,0,114297,3311619.454,-0.570,0.079,-0.061,0.816,0,0,2216,0,3087,73,3036,2515,57,1.384,1,2144,0,285.130,10.055,-31.000,-278.500,52.688,-0.734,0.465,2.734,0.105,-10.055,14.383,0.262,0.444,1.136,1.384,3,NULL,NULL,,3,0,2,7,255,971,250,0,0
stim,84176,114297,0,114297,3311624.455,-0.567,0.088,-0.072,0.816,0,0,2055,0,3059,84,3039,2407,57,1.384,1,2144,0,320.719,13.660,-72.750,-308.688,47.750,-0.836,0.805,2.715,-1.125,-13.613,14.383,0.308,0.492,1.136,1.384,3,NULL,NULL,,3,0,2,7,255,971,250,0,0
stim,84176,114297,0,114297,3311629.454,-0.565,0.098,-0.084,0.815,0,0,1911,0,3045,102,3007,2271,57,1.384,1,2144,0,347.849,16.724,-92.375,-334.250,27.250,-0.859,0.926,2.730,-3.805,-16.285,13.887,0.366,0.550,1.136,1.384,3,NULL,NULL,,3,0,2,7,255,971,250,0,0
stim,84176,114297,0,114297,3311634.455,-0.563,0.108,-0.097,0.814,0,0,1759,0,3003,111,2984,2123,57,1.384,1,2144,0,378.634,18.170,-113.813,-360.750,16.438,-0.863,0.891,2.824,-4.355,-17.641,13.703,0.434,0.618,1.136,1.384,3,NULL,NULL,,3,0,2,7,255,971,250,0,0
stim,84207,114328,0,114328,3311639.454,-0.561,0.118,-0.111,0.812,0,0,1653,0,2979,115,2944,1991,57,1.384,1,2144,0,412.710,19.202,-142.000,-387.250,14.250,-0.875,1.000,2.949,-4.766,-18.602,13.703,0.510,0.696,1.136,1.384,3,NULL,NULL,,3,0,2,7,255,971,250,0,0
stim,84207,114328,0,114328,3311644.455,-0.559,0.128,-0.127,0.809,0,0,1509,0,2921,119,2901,1855,57,1.384,1,2144,0,444.807,20.972,-165.125,-413.000,4.250,-0.871,1.215,2.980,-5.277,-20.297,13.703,0.594,0.778,1.136,1.384,3,NULL,NULL,,3,0,2,7,255,971,250,0,0
stim,84207,114328,0,114328,3311649.454,-0.558,0.139,-0.144,0.806,0,0,1400,0,2856,114,2840,1707,57,1.384,1,2144,0,473.703,22.883,-186.875,-435.063,-13.875,-0.848,1.105,2.945,-6.484,-21.945,13.367,0.684,0.868,1.136,1.384,3,NULL,NULL,,3,0,2,7,255,971,250,0,0
stim,84207,114328,0,114328,3311654.455,-0.556,0.150,-0.163,0.801,0,0,1242,0,2783,95,2759,1578,57,1.384,1,2144,0,504.834,22.883,-202.500,-462.250,-13.250,-0.832,0.676,2.867,-6.484,-21.945,12.336,0.776,0.962,1.136,1.384,3,NULL,NULL,,3,0,2,7,255,971,250,0,0
stim,84207,114328,0,114328,3311659.454,-0.553,0.162,-0.181,0.797,0,0,1071,0,2682,79,2615,1437,57,1.384,1,2144,0,522.260,22.346,-196.938,-483.688,-4.188,-0.934,0.590,2.813,-2.691,-22.184,11.203,0.874,1.060,1.136,1.384,3,NULL,NULL,,3,0,2,7,255,971,250,0,0
stim,84207,114328,0,114328,3311664.455,-0.550,0.175,-0.200,0.792,0,0,904,0,2555,64,2440,1289,57,1.384,1,2144,0,527.261,22.636,-181.313,-494.563,-23.188,-1.000,0.559,2.922,-1.676,-22.574,9.414,0.974,1.166,1.136,1.384,3,NULL,NULL,,3,0,2,7,255,971,250,0,0
stim,84260,114381,0,114381,3311669.454,-0.548,0.189,-0.217,0.785,0,0,749,0,2376,13,2207,1093,57,1.384,1,2144,0,531.379,24.419,-161.813,-504.500,-40.750,-0.918,0.297,3.168,-1.176,-24.391,9.414,1.082,1.276,1.136,1.384,3,NULL,NULL,,3,0,2,7,255,971,250,0,0
stim,84260,114381,0,114381,3311674.455,-0.544,0.203,-0.236,0.779,0,0,531,0,2135,0,1902,928,57,1.384,1,2144,0,556.868,24.412,-182.000,-525.938,-19.188,-0.871,-0.199,3.145,1.027,-24.391,10.391,1.190,1.388,1.136,1.384,3,NULL,NULL,,3,0,2,7,255,971,250,0,0
stim,84260,114381,0,114381,3311679.454,-0.539,0.215,-0.257,0.773,0,0,339,0,1835,0,1525,799,57,1.384,1,2144,0,593.568,24.940,-239.500,-542.563,24.250,-0.719,-0.430,2.473,5.438,-24.340,10.391,1.298,1.502,1.136,1.384,3,NULL,NULL,,3,0,2,7,255,971,250,0,0
stim,84260,114381,0,114381,3311684.455,-0.534,0.228,-0.278,0.765,0,0,223,0,1516,0,1031,639,57,1.384,1,2144,0,594.688,20.535,-224.375,-550.438,18.125,-0.629,-0.453,1.605,6.461,-19.492,5.367,1.402,1.612,1.136,1.384,3,NULL,NULL,,3,0,2,7,255,971,250,0,0
stim,84260,114381,0,114381,3311689.454,-0.527,0.243,-0.295,0.759,0,0,109,0,1171,0,403,535,57,1.384,1,2144,0,576.766,15.260,-119.188,-563.625,27.938,-0.563,-0.293,1.289,6.461,-13.824,-1.273,1.498,1.716,1.136,1.384,3,NULL,NULL,,3,0,2,7,255,971,250,0,0
stim,84260,114381,0,114381,3311694.455,-0.517,0.261,-0.309,0.755,0,0,99,0,695,0,38,423,57,1.384,1,2144,0,575.788,14.633,5.063,-572.938,57.000,-0.664,-0.031,1.855,4.797,-13.824,-2.234,1.590,1.812,1.136,1.384,3,NULL,NULL,,3,0,2,7,255,971,250,0,0
stim,84260,114381,0,114381,3311699.454,-0.503,0.279,-0.322,0.752,0,0,44,0,236,0,0,347,57,1.384,1,2144,0,609.969,18.195,48.125,-590.000,147.125,-1.273,0.051,2.445,4.797,-17.551,-4.063,1.682,1.908,1.136,1.384,3,NULL,NULL,,3,0,2,7,255,971,250,0,0
stim,84260,114381,0,114381,3311704.455,-0.487,0.295,-0.339,0.749,0,0,24,0,0,0,0,263,57,1.384,1,2144,0,629.892,26.126,-30.875,-596.688,199.438,-1.520,0.586,2.379,3.168,-25.934,-4.105,1.778,2.010,1.136,1.384,3,NULL,NULL,,3,0,2,7,255,971,250,0,0
stim,84260,114381,0,114381,3311709.454,-0.477,0.307,-0.357,0.742,0,0,18,0,0,0,0,187,57,1.384,1,2144,0,579.684,25.991,-156.563,-546.750,112.188,-1.195,1.375,1.883,1.727,-25.934,-8.910,1.878,2.116,1.136,1.384,3,NULL,NULL,,3,0,2,7,255,971,250,0,0
stim,84260,114381,0,114381,3311714.455,-0.472,0.316,-0.375,0.733,0,0,17,0,0,0,0,85,57,1.384,1,2144,0,530.824,25.625,-254.875,-465.313,17.250,-0.445,2.070,1.426,-6.840,-24.695,-11.664,1.980,2.218,1.136,1.384,4,NULL,NULL,,3,0,2,7,255,971,250,0,0
stim,84282,114404,0,114404,3311719.454,-0.468,0.318,-0.396,0.723,0,0,12,0,0,0,0,31,57,1.384,1,2144,0,534.479,24.006,-381.188,-361.625,97.938,-0.699,1.918,0.828,-14.652,-19.016,-12.438,2.072,2.312,1.136,1.384,0,NULL,NULL,,3,0,2,7,255,971,250,0,0
stim,84283,114404,0,114404,3311724.455,-0.464,0.310,-0.420,0.715,0,0,17,0,0,0,0,30,57,1.384,1,2144,0,620.076,21.695,-539.313,-227.688,204.438,-0.410,2.055,-0.594,-16.355,-14.254,-17.109,2.152,2.392,1.136,1.384,0,NULL,NULL,,3,0,2,7,255,971,250,0,0
stim,84283,114404,0,114404,3311729.454,-0.464,0.305,-0.434,0.709,0,0,11,0,0,0,0,19,57,1.384,1,2144,0,365.115,14.655,-335.250,-106.875,97.438,-0.410,0.617,-1.383,-14.652,-0.254,-21.066,2.214,2.454,1.136,1.384,0,NULL,NULL,,3,0,2,7,255,971,250,0,0
stim,84283,114404,0,114404,3311734.455,-0.462,0.305,-0.434,0.711,0,0,8,0,0,0,0,20,57,1.384,1,2144,0,66.778,4.158,50.625,-19.750,38.813,-0.789,-1.145,-0.172,-4.145,0.336,-21.066,2.262,2.502,1.136,1.384,0,NULL,NULL,,3,0,2,7,255,971,250,0,0
stim,84304,114425,0,114425,3311739.454,-0.460,0.306,-0.430,0.714,0,0,9,0,0,0,0,25,57,1.384,1,2144,0,126.498,13.231,112.813,47.063,32.563,-1.137,-1.422,1.652,13.227,0.336,-13.082,2.306,2.548,1.136,1.384,0,NULL,NULL,,3,0,2,7,255,971,250,0,0
stim,84304,114425,0,114425,3311744.455,-0.463,0.299,-0.430,0.715,0,0,11,0,0,0,0,25,57,1.384,1,2144,0,157.466,21.180,-84.500,130.063,27.188,-1.176,-0.434,1.750,13.227,-16.543,-10.289,2.356,2.604,1.136,1.384,0,NULL,NULL,,3,0,2,7,255,971,250,0,0
stim,84304,114425,0,114425,3311749.454,-0.468,0.288,-0.433,0.714,0,0,7,0,0,0,0,16,57,1.384,1,2144,0,292.284,18.535,-211.750,196.313,45.313,-1.012,0.996,0.391,8.359,-16.543,-10.289,2.414,2.666,1.136,1.384,0,NULL,NULL,,3,0,2,7,255,971,250,0,0
stim,84304,114425,0,114425,3311754.455,-0.472,0.277,-0.433,0.716,0,0,8,0,0,0,0,0,57,1.384,1,2144,0,275.409,10.578,-133.063,227.563,79.750,-1.031,1.723,-0.426,-5.215,-9.203,-19.746,2.474,2.730,1.136,1.384,0,NULL,NULL,,3,0,2,7,255,971,250,0,0
stim,84326,114447,0,114447,3311759.454,-0.474,0.269,-0.429,0.721,0,0,7,0,0,0,0,0,57,1.384,1,2144,0,248.001,10.933,19.500,234.188,79.250,-1.340,1.508,-0.121,-8.156,-7.281,-26.199,2.534,2.792,1.136,1.384,0,NULL,NULL,,3,0,2,7,255,971,250,0,0
stim,84326,114447,0,114447,3311764.455,-0.477,0.262,-0.422,0.725,0,0,7,0,0,0,0,0,57,1.384,1,2144,0,255.193,10.933,63.000,244.938,34.063,-1.324,0.500,0.652,-8.156,-7.281,-26.199,2.594,2.854,1.136,1.384,0,NULL,NULL,,3,0,2,7,255,971,250,0,0
stim,84357,114478,0,114478,3311769.454,-0.481,0.253,-0.417,0.729,0,0,4,0,0,0,0,0,57,1.384,1,2144,0,254.054,10.953,2.750,252.813,24.938,-1.109,-0.211,0.703,0.418,-10.945,-18.641,2.654,2.916,1.136,1.384,0,NULL,NULL,,3,0,2,7,255,971,250,0,0
stim,84357,114478,0,114478,3311774.455,-0.484,0.243,-0.413,0.732,0,0,0,0,0,0,0,0,57,1.384,1,2144,0,267.275,12.091,-41.438,257.063,60.313,-0.789,-0.242,0.191,5.137,-10.945,-13.848,2.712,2.974,1.136,1.384,0,NULL,NULL,,3,0,2,7,255,971,250,0,0
stim,84357,114478,0,114478,3311779.454,-0.487,0.233,-0.409,0.736,0,0,0,0,0,0,0,0,57,1.384,1,2144,0,272.882,7.312,-20.188,258.375,85.438,-1.023,0.480,-0.172,5.137,-5.203,-13.848,2.762,3.028,1.136,1.384,0,NULL,NULL,,3,0,2,7,255,971,250,0,0
stim,84357,114478,0,114478,3311784.455,-0.490,0.224,-0.403,0.740,0,0,0,0,0,0,0,0,57,1.384,1,2144,0,267.534,4.801,30.438,259.750,56.375,-1.039,0.715,-0.250,-0.008,-4.801,-20.012,2.802,3.070,1.136,1.384,0,NULL,NULL,,3,0,2,7,255,971,250,0,0
stim,84357,114478,0,114478,3311789.454,-0.493,0.217,-0.395,0.744,0,0,0,0,0,0,0,0,57,1.384,1,2144,0,277.962,4.765,75.250,265.438,33.813,-0.836,0.469,-0.109,-0.691,-4.715,-20.012,2.834,3.106,1.136,1.384,0,NULL,NULL,,3,0,2,7,255,971,250,0,0
stim,84357,114478,0,114478,3311794.455,-0.495,0.209,-0.387,0.749,0,0,0,0,0,0,0,0,57,1.384,1,2144,0,290.520,4.850,90.063,272.938,42.375,-0.688,0.238,0.078,-0.691,-4.801,-18.070,2.862,3.136,1.136,1.384,0,NULL,NULL,,3,0,2,7,255,971,250,0,0
stim,84357,114478,0,114478,3311799.454,-0.498,0.201,-0.378,0.754,0,0,0,0,0,0,0,0,57,1.384,1,2144,0,300.745,5.071,93.500,280.500,55.000,-0.742,0.250,0.164,0.570,-5.039,-14.961,2.886,3.162,1.136,1.384,0,NULL,NULL,,3,0,2,7,255,971,250,0,0
stim,84357,114478,0,114478,3311804.455,-0.500,0.194,-0.368,0.759,0,0,0,0,0,0,0,0,57,1.384,1,2144,0,309.391,6.183,104.625,287.000,49.063,-0.762,0.285,0.258,0.570,-6.156,-14.723,2.912,3.190,1.136,1.384,0,NULL,NULL,,3,0,2,7,255,971,250,0,0
stim,84357,114478,0,114478,3311809.454,-0.503,0.186,-0.358,0.764,0,0,0,0,0,0,0,0,57,1.384,1,2144,0,316.727,7.178,116.188,292.500,35.500,-0.727,0.281,0.375,0.301,-7.172,-14.238,2.936,3.218,1.136,1.384,0,NULL,NULL,,3,0,2,7,255,971,250,0,0
stim,84357,114478,0,114478,3311814.455,-0.506,0.178,-0.348,0.769,0,0,0,0,0,0,0,0,57,1.384,1,2144,0,324.215,7.910,124.563,298.438,23.125,-0.637,0.262,0.484,0.063,-7.910,-12.996,2.966,3.248,1.136,1.384,0,NULL,NULL,,3,0,2,7,255,971,250,0,0
stim,84387,114508,0,114508,3311819.454,-0.510,0.171,-0.337,0.773,0,0,0,0,0,0,0,0,57,1.384,1,2144,0,331.518,8.157,128.563,305.188,15.375,-0.555,0.309,0.590,-0.270,-8.152,-11.441,2.996,3.282,1.136,1.384,0,NULL,NULL,,3,0,2,7,255,971,250,0,0
stim,84387,114508,0,114508,3311824.455,-0.513,0.163,-0.325,0.777,0,0,0,0,0,0,0,0,57,1.384,1,2144,0,338.653,8.555,128.563,313.125,10.500,-0.477,0.344,0.691,-1.125,-8.480,-10.141,3.032,3.320,1.136,1.384,0,NULL,NULL,,3,0,2,7,255,971,250,0,0
stim,84387,114508,0,114508,3311829.454,-0.517,0.155,-0.314,0.781,0,0,0,0,0,0,0,0,57,1.384,1,2144,0,345.704,8.740,126.813,321.438,10.375,-0.391,0.301,0.781,-1.898,-8.531,-8.840,3.068,3.360,1.136,1.384,0,NULL,NULL,,3,0,2,7,255,971,250,0,0
stim,84387,114508,0,114508,3311834.455,-0.520,0.147,-0.302,0.785,0,0,0,0,0,0,0,0,57,1.384,1,2144,0,352.655,8.740,124.125,329.750,14.938,-0.359,0.250,0.848,-1.898,-8.531,-7.320,3.106,3.400,1.136,1.384,0,NULL,NULL,,3,0,2,7,255,971,250,0,0
stim,84387,114508,0,114508,3311839.454,-0.524,0.138,-0.290,0.789,0,0,0,0,0,0,0,0,57,1.384,1,2144,0,359.509,8.714,121.313,338.125,14.188,-0.375,0.246,0.902,-1.777,-8.531,-6.227,3.146,3.442,1.136,1.384,0,NULL,NULL,,3,0,2,7,255,971,250,0,0
stim,84387,114508,0,114508,3311844.455,-0.527,0.128,-0.278,0.792,0,0,0,0,0,0,0,0,57,1.384,1,2144,0,366.401,8.936,118.875,346.500,7.500,-0.359,0.242,0.938,-1.777,-8.758,-5.605,3.186,3.484,1.136,1.384,0,NULL,NULL,,3,0,2,7,255,971,250,0,0
stim,84425,114546,0,114546,3311849.454,-0.531,0.119,-0.266,0.796,0,0,0,0,0,0,0,0,57,1.384,1,2144,0,374.502,8.961,119.250,355.000,2.500,-0.301,0.219,0.953,-1.898,-8.758,-4.977,3.224,3.524,1.136,1.384,0,NULL,NULL,,3,0,2,7,255,971,250,0,0
stim,84425,114546,0,114546,3311854.455,-0.535,0.109,-0.253,0.799,0,0,0,0,0,0,0,0,57,1.384,1,2144,0,383.570,8.399,121.875,363.688,2.000,-0.258,0.203,0.973,-1.973,-8.164,-4.219,3.260,3.564,1.136,1.384,0,NULL,NULL,,3,0,2,7,255,971,250,0,0
stim,84425,114546,0,114546,3311859.454,-0.539,0.099,-0.240,0.801,0,0,0,0,0,0,0,0,57,1.384,1,2144,0,393.191,7.967,125.125,372.750,0.625,-0.262,0.211,1.004,-2.078,-7.691,-3.563,3.296,3.602,1.136,1.384,0,NULL,NULL,,3,0,2,7,255,971,250,0,0
stim,84425,114546,0,114546,3311864.455,-0.543,0.089,-0.226,0.804,0,0,0,0,0,0,0,0,57,1.384,1,2144,0,401.178,7.980,127.313,380.438,-1.563,-0.219,0.184,1.023,-2.184,-7.676,-3.074,3.330,3.640,1.136,1.384,0,NULL,NULL,,3,0,2,7,255,971,250,0,0
stim,84456,114577,0,114577,3311869.454,-0.546,0.079,-0.213,0.806,0,0,0,0,0,0,0,0,57,1.384,1,2144,0,408.192,7.422,131.250,386.500,-3.438,-0.141,0.133,1.016,-2.184,-7.094,-2.406,3.364,3.676,1.136,1.384,0,NULL,NULL,,3,0,2,7,255,971,250,0,0
stim,84456,114577,0,114577,3311874.455,-0.550,0.069,-0.198,0.808,0,0,0,0,0,0,0,0,57,1.384,1,2144,0,413.683,6.337,142.813,388.250,-0.438,-0.141,0.109,1.039,-2.063,-5.992,-1.832,3.398,3.712,1.136,1.384,0,NULL,NULL,,3,0,2,7,255,971,250,0,0
stim,84456,114577,0,114577,3311879.454,-0.553,0.059,-0.184,0.811,0,0,0,0,0,0,0,0,57,1.384,1,2144,0,414.035,6.072,151.438,385.313,5.125,-0.098,0.148,1.121,-2.063,-5.711,-1.332,3.430,3.748,1.136,1.384,0,NULL,NULL,,3,0,2,7,255,971,250,0,0
stim,84456,114577,0,114577,3311884.455,-0.555,0.049,-0.169,0.813,0,0,0,0,0,0,0,0,57,1.384,1,2144,0,412.958,6.006,156.750,381.625,18.063,-0.016,0.113,1.168,-2.566,-5.430,-0.383,3.464,3.784,1.136,1.384,0,NULL,NULL,,3,0,2,7,255,971,250,0,0
stim,84456,114577,0,114577,3311889.454,-0.557,0.040,-0.154,0.815,0,0,0,0,0,0,0,0,57,1.384,1,2144,0,412.257,5.484,165.563,376.000,34.188,-0.066,0.172,1.219,-2.629,-4.813,0.531,3.496,3.820,1.136,1.384,0,NULL,NULL,,3,0,2,7,255,971,250,0,0
stim,84456,114577,0,114577,3311894.455,-0.558,0.030,-0.139,0.818,0,0,0,0,0,0,0,0,57,1.384,1,2144,0,411.100,5.673,175.125,370.000,37.875,-0.148,0.207,1.293,-3.004,-4.813,0.891,3.528,3.854,1.136,1.384,0,NULL,NULL,,3,0,2,7,255,971,250,0,0
stim,84476,114597,0,114597,3311899.454,-0.559,0.022,-0.123,0.820,0,0,0,0,0,0,0,0,57,1.384,1,2144,0,409.067,5.887,182.625,364.313,35.500,-0.137,0.172,1.379,-3.004,-5.063,1.531,3.560,3.888,1.136,1.384,0,NULL,NULL,,3,0,2,7,255,971,250,0,0
stim,84476,114597,0,114597,3311904.455,-0.560,0.013,-0.108,0.822,0,0,0,0,0,0,0,0,57,1.384,1,2144,0,407.802,5.845,189.438,358.938,39.750,-0.129,0.156,1.492,-2.922,-5.063,2.625,3.592,3.924,1.136,1.384,0,NULL,NULL,,3,0,2,7,255,971,250,0,0
stim,84476,114597,0,114597,3311909.454,-0.560,0.005,-0.092,0.823,0,0,0,0,0,0,0,0,57,1.384,1,2144,0,405.835,5.845,193.125,353.938,46.188,-0.191,0.199,1.637,-2.922,-5.063,3.934,3.626,3.960,1.136,1.384,0,NULL,NULL,,3,0,2,7,255,971,250,0,0
stim,84476,114597,0,114597,3311914.455,-0.560,-0.003,-0.077,0.825,0,0,0,0,0,0,0,0,57,1.384,1,2144,0,401.566,6.046,192.875,349.375,44.625,-0.270,0.215,1.789,-3.145,-5.164,5.328,3.660,3.996,1.136,1.384,0,NULL,NULL,,3,0,2,7,255,971,250,0,0
stim,84476,114597,0,114597,3311919.454,-0.560,-0.011,-0.061,0.826,0,0,0,0,0,0,0,0,57,1.384,1,2144,0,394.555,6.237,188.875,344.250,38.625,-0.305,0.188,1.922,-3.145,-5.387,6.910,3.692,4.032,1.136,1.384,0,NULL,NULL,,3,0,2,7,255,971,250,0,0
stim,84476,114597,0,114597,3311924.455,-0.560,-0.019,-0.046,0.827,0,0,0,0,0,0,0,0,57,1.384,1,2144,0,386.012,6.089,181.563,339.063,32.813,-0.309,0.172,2.012,-2.840,-5.387,8.410,3.726,4.068,1.136,1.384,0,NULL,NULL,,3,0,2,7,255,971,250,0,0
stim,84476,114597,0,114597,3311929.454,-0.560,-0.026,-0.032,0.827,0,0,0,0,0,0,0,0,57,1.384,1,2144,0,377.495,5.527,175.313,333.063,28.938,-0.305,0.168,2.039,-2.738,-4.801,9.453,3.758,4.102,1.136,1.384,0,NULL,NULL,,3,0,2,7,255,971,250,0,0
stim,84476,114597,0,114597,3311934.455,-0.560,-0.034,-0.017,0.827,0,0,0,0,0,0,0,0,57,1.384,1,2144,0,371.998,4.928,176.375,326.688,23.438,-0.305,0.152,2.063,-2.672,-4.141,9.906,3.786,4.134,1.136,1.384,0,NULL,NULL,,3,0,2,7,255,971,250,0,0
stim,84507,114628,0,114628,3311939.454,-0.561,-0.041,-0.003,0.827,0,0,0,0,0,0,0,0,57,1.384,1,2144,0,370.626,4.208,184.000,321.438,13.625,-0.266,0.094,2.125,-2.477,-3.402,10.281,3.812,4.162,1.136,1.384,0,NULL,NULL,,3,0,2,7,255,971,250,0,0
stim,84507,114628,0,114628,3311944.455,-0.561,-0.048,0.012,0.826,0,0,0,0,0,0,0,0,57,1.384,1,2144,0,371.049,2.993,190.938,318.125,4.063,-0.195,-0.012,2.180,-2.047,-2.184,10.996,3.832,4.184,1.136,1.384,0,NULL,NULL,,3,0,2,7,255,971,250,0,0
stim,84507,114628,0,114628,3311949.454,-0.562,-0.054,0.027,0.825,0,0,0,0,0,0,0,0,57,1.384,1,2144,0,372.763,1.392,196.313,316.875,-2.000,-0.117,-0.090,2.180,-1.313,-0.465,11.570,3.846,4.202,1.136,1.384,0,NULL,NULL,,3,0,2,7,255,971,250,0,0
stim,84507,114628,0,114628,3311954.455,-0.563,-0.061,0.042,0.823,0,0,0,0,0,0,0,0,57,1.384,1,2144,0,378.603,1.463,207.813,316.375,-7.813,-0.039,-0.152,2.145,-0.773,1.242,11.570,3.852,4.212,1.136,1.384,0,NULL,NULL,,3,0,2,7,255,971,250,0,0
stim,84507,114628,0,114628,3311959.454,-0.563,-0.066,0.058,0.822,0,0,0,0,0,0,0,0,57,1.384,1,2144,0,389.890,2.823,229.250,315.063,-13.938,0.059,-0.203,2.137,-0.281,2.809,11.066,3.852,4.214,1.136,1.384,0,NULL,NULL,,3,0,2,7,255,971,250,0,0
stim,84507,114628,0,114628,3311964.455,-0.564,-0.071,0.074,0.819,0,0,0,0,0,0,0,0,57,1.384,1,2144,0,404.282,4.508,256.063,312.125,-21.313,0.207,-0.254,2.184,0.031,4.508,10.738,3.842,4.206,1.136,1.384,0,NULL,NULL,,3,0,2,7,255,971,250,0,0
stim,84559,114680,0,114680,3311969.454,-0.566,-0.075,0.092,0.816,0,0,0,0,0,0,0,0,57,1.384,1,2144,0,421.276,6.797,286.875,307.250,-27.813,0.438,-0.270,2.309,0.031,6.797,10.738,3.818,4.186,1.136,1.384,0,NULL,NULL,,3,0,2,7,255,971,250,0,0
stim,84559,114680,0,114680,3311974.455,-0.567,-0.078,0.111,0.813,0,0,0,0,0,0,0,0,57,1.384,1,2144,0,436.922,9.846,313.938,302.125,-32.625,0.695,-0.238,2.473,-0.199,9.844,11.148,3.778,4.150,1.136,1.384,0,NULL,NULL,,3,0,2,7,255,971,250,0,0
stim,84559,114680,0,114680,3311979.454,-0.568,-0.081,0.130,0.809,0,0,0,0,0,0,0,0,57,1.384,1,2144,0,448.684,13.206,335.375,296.313,-32.250,0.938,-0.234,2.664,-1.004,13.168,11.707,3.722,4.098,1.136,1.384,0,NULL,NULL,,3,0,2,7,255,971,250,0,0
stim,84559,114680,0,114680,3311984.455,-0.569,-0.082,0.149,0.805,0,0,0,0,0,0,0,0,57,1.384,1,2144,0,451.624,16.639,345.875,289.188,-26.563,1.145,-0.234,2.840,-1.422,16.578,12.414,3.654,4.030,1.136,1.384,0,NULL,NULL,,3,0,2,7,255,971,250,0,0
stim,84559,114680,0,114680,3311989.454,-0.569,-0.084,0.168,0.801,0,0,0,0,0,0,0,0,57,1.384,1,2144,0,445.189,19.739,345.875,279.438,-21.875,1.336,-0.254,2.969,-1.422,19.688,12.781,3.570,3.950,1.136,1.384,0,NULL,NULL,,3,0,2,7,255,971,250,0,0
stim,84559,114680,0,114680,3311994.455,-0.569,-0.085,0.186,0.796,0,0,0,0,0,0,0,0,57,1.384,1,2144,0,433.439,22.644,335.500,273.625,-20.938,1.461,-0.316,3.027,-1.383,22.602,12.781,3.474,3.856,1.136,1.384,0,NULL,NULL,,3,0,2,7,255,971,250,0,0
stim,84559,114680,1,114680,3311999.454,-0.569,-0.087,0.204,0.792,0,0,0,0,0,0,0,0,57,1.384,1,2144,0,422.362,24.816,327.313,266.188,-20.000,1.512,-0.309,3.145,-0.609,24.809,12.113,3.366,3.752,1.136,1.384,0,NULL,NULL,,3,1,2,7,255,971,250,0,0
stim,84559,114680,1,114680,3312004.455,-0.569,-0.088,0.221,0.787,0,0,0,0,0,0,0,0,57,1.384,1,2144,0,409.823,26.359,316.125,258.813,-32.188,1.629,-0.133,3.359,-0.609,26.352,12.113,3.248,3.636,1.136,1.384,0,NULL,NULL,,3,1,2,7,255,971,250,0,0
stim,84559,114680,1,114680,3312009.454,-0.570,-0.090,0.237,0.782,0,0,0,0,0,0,0,26,57,1.384,1,2144,0,383.383,28.542,281.313,254.188,-56.875,1.934,-0.004,3.500,-1.469,28.504,12.566,3.116,3.506,1.136,1.384,0,NULL,NULL,,3,1,2,7,255,971,250,0,0
stim,84559,114680,1,114680,3312014.455,-0.571,-0.094,0.250,0.776,0,0,0,0,0,0,0,40,57,1.384,1,2144,0,341.906,32.131,223.625,249.500,-68.125,2.281,-0.125,3.465,-2.578,32.027,12.566,2.970,3.360,1.136,1.384,0,NULL,NULL,,3,1,2,7,255,971,250,0,0
stim,84582,114703,1,114703,3312019.454,-0.571,-0.099,0.261,0.772,0,0,0,0,0,0,0,39,57,1.384,1,2144,0,292.994,35.730,155.750,241.250,-58.188,2.555,-0.379,3.203,-2.578,35.637,9.609,2.808,3.198,1.136,1.384,0,NULL,NULL,,3,1,2,7,255,971,250,0,0
stim,84582,114703,1,114703,3312024.455,-0.571,-0.105,0.270,0.768,0,0,0,0,0,0,0,69,57,1.384,1,2144,0,255.268,37.593,98.938,230.688,-46.438,2.750,-0.629,2.770,-1.191,37.574,4.660,2.632,3.022,1.136,1.384,0,NULL,NULL,,3,1,2,7,255,971,250,0,0
stim,84582,114703,1,114703,3312029.454,-0.570,-0.111,0.277,0.765,0,0,0,0,0,0,0,97,57,1.384,1,2144,0,233.349,37.727,67.750,218.375,-46.625,2.984,-0.789,2.324,0.094,37.727,-1.301,2.446,2.832,1.136,1.384,0,NULL,NULL,,3,1,2,7,255,971,250,0,0
stim,84582,114703,1,114703,3312034.455,-0.570,-0.117,0.284,0.762,0,0,0,0,0,0,0,135,57,1.384,1,2144,0,218.248,37.774,54.813,204.625,-52.500,3.332,-0.840,1.961,0.094,37.773,-7.254,2.254,2.634,1.136,1.384,0,NULL,NULL,,3,1,2,7,255,971,250,0,0
stim,84605,114726,1,114726,3312039.454,-0.570,-0.123,0.291,0.759,0,0,0,0,0,0,0,163,57,1.384,1,2144,0,218.325,38.299,59.688,202.000,-57.438,3.629,-0.727,1.547,-0.668,38.293,-12.746,2.054,2.428,1.136,1.384,0,NULL,NULL,,3,1,2,7,255,971,250,0,0
stim,84605,114726,1,114726,3312044.455,-0.571,-0.127,0.296,0.755,0,0,0,0,0,0,0,180,57,1.384,1,2144,0,187.322,38.635,66.750,161.250,-68.063,4.332,-1.367,1.379,-0.668,38.629,-17.945,1.852,2.216,1.136,1.384,0,NULL,NULL,,3,1,2,7,255,971,250,0,0
stim,84605,114726,1,114726,3312049.454,-0.570,-0.131,0.301,0.753,0,0,0,0,0,0,0,189,57,1.384,1,2144,0,144.569,43.853,53.563,133.000,-18.500,4.781,-2.082,1.273,0.660,43.848,-25.293,1.648,2.004,1.136,1.384,0,NULL,NULL,,3,1,2,7,255,971,250,0,0
stim,84605,114726,1,114726,3312054.455,-0.567,-0.131,0.306,0.753,0,0,0,0,0,0,0,184,57,1.384,1,2144,0,134.923,44.810,79.063,95.313,53.563,4.539,-2.188,1.020,5.770,44.438,-30.980,1.448,1.794,1.136,1.384,0,NULL,NULL,,3,1,2,7,255,971,250,0,0
stim,84627,114748,1,114748,3312059.454,-0.565,-0.129,0.313,0.752,0,0,0,0,0,0,0,175,57,1.384,1,2144,0,166.424,44.978,136.375,66.188,68.688,4.051,-2.203,1.203,6.949,44.438,-30.980,1.252,1.590,1.136,1.384,0,NULL,NULL,,3,1,2,7,255,971,250,0,0
stim,84627,114748,1,114748,3312064.455,-0.564,-0.124,0.321,0.751,0,0,0,0,0,0,0,169,57,1.384,1,2144,0,226.895,42.567,212.750,22.563,75.563,3.703,-2.051,1.637,8.625,41.684,-28.891,1.066,1.388,1.136,1.384,0,NULL,NULL,,3,1,2,7,255,971,250,0,0
stim,84658,114779,1,114779,3312069.454,-0.563,-0.117,0.327,0.750,0,0,0,0,0,0,0,156,57,1.384,1,2144,0,204.895,42.150,197.188,-26.188,49.125,2.734,-0.664,3.008,8.625,41.258,-23.715,0.884,1.186,1.136,1.384,0,NULL,NULL,,3,1,2,7,255,971,250,0,0
stim,84658,114779,1,114779,3312074.455,-0.565,-0.113,0.329,0.748,0,0,0,4,0,0,0,213,57,1.384,1,2144,0,107.065,42.137,88.313,-59.750,-9.688,2.969,-1.414,3.309,8.563,41.258,-5.332,0.706,0.976,1.136,1.384,0,NULL,NULL,,3,1,2,7,255,971,250,0,0
stim,84658,114779,1,114779,3312079.454,-0.560,-0.097,0.334,0.752,409,0,0,783,0,69,0,365,57,1.384,1,2144,0,427.840,45.439,283.938,-195.438,253.438,1.309,-1.641,5.793,8.563,44.625,-3.941,0.546,0.764,1.136,1.384,0,NULL,NULL,,3,1,2,7,255,971,250,0,0
stim,84658,114779,1,114779,3312084.455,-0.550,-0.073,0.340,0.760,1092,0,0,1445,0,329,0,468,57,1.384,1,2144,0,626.970,47.854,303.250,-281.375,471.125,1.031,1.105,8.813,8.563,47.082,21.242,0.432,0.560,1.136,1.384,0,NULL,NULL,,3,1,2,7,255,971,250,0,0
stim,84658,114779,1,114779,3312089.454,-0.533,-0.084,0.307,0.784,1663,0,0,1853,0,565,0,559,57,1.384,1,2144,0,1026.980,47.535,-912.313,-146.250,448.313,-0.695,2.492,4.355,6.547,47.082,36.820,0.398,0.384,1.136,1.384,0,NULL,NULL,,3,1,2,7,255,971,250,0,0
stim,84658,114779,1,114779,3312094.455,-0.519,-0.099,0.264,0.807,2095,0,0,2055,0,962,0,603,57,1.384,1,2145,0,1230.602,17.133,-1160.875,-209.000,350.813,-1.246,4.527,-0.930,-11.898,12.328,36.820,0.438,0.282,1.136,1.384,1,998.000,27.000,,3,1,2,7,255,971,250,0,0
stim,84658,114779,1,114779,3312099.454,-0.509,-0.107,0.240,0.820,2331,0,0,2201,0,1147,0,664,57,1.384,1,2145,0,685.360,33.068,-633.438,-123.875,230.500,-2.270,2.770,-2.859,-15.086,-29.426,0.941,0.488,0.274,1.136,1.384,1,NULL,NULL,,3,1,2,7,255,971,250,0,0
stim,84658,114779,1,114779,3312104.455,-0.508,-0.104,0.231,0.823,2489,0,0,2294,0,1355,0,756,57,1.384,1,2145,0,227.636,33.068,-159.875,-157.938,36.250,-2.047,-0.063,-1.547,-15.086,-29.426,-15.137,0.520,0.328,1.136,1.384,1,NULL,NULL,,3,1,2,7,255,971,250,0,0
stim,84684,114805,1,114805,3312109.454,-0.511,-0.097,0.232,0.822,2685,0,0,2535,0,1503,0,837,57,1.384,1,2145,0,179.809,22.931,110.938,-138.125,-30.750,-0.109,0.359,1.227,-2.129,-22.832,-15.137,0.552,0.392,1.136,1.384,2,NULL,NULL,,3,1,2,7,255,971,250,0,0
stim,84684,114805,1,114805,3312114.455,-0.508,-0.091,0.232,0.824,2821,0,0,2713,0,1567,0,960,57,1.384,1,2145,0,159.338,3.036,60.438,-106.750,101.688,0.219,2.145,1.918,-2.129,2.164,2.105,0.598,0.448,1.136,1.384,2,NULL,NULL,,3,1,2,7,255,971,250,0,0
stim,84684,114805,1,114805,3312119.454,-0.498,-0.085,0.223,0.833,2911,0,0,2839,0,1629,0,1134,57,1.384,1,2145,0,390.270,3.036,-164.813,-186.875,300.375,-1.297,0.969,1.723,-2.129,2.164,11.492,0.658,0.506,1.136,1.384,2,NULL,NULL,,3,1,2,7,255,971,250,0,0
stim,84684,114805,1,114805,3312124.455,-0.494,-0.084,0.208,0.840,2967,0,0,2920,0,1691,0,1289,57,1.384,1,2145,0,402.491,6.705,-329.313,-185.625,138.188,-2.438,-0.684,0.695,-1.258,-6.586,11.492,0.706,0.556,1.136,1.384,2,NULL,NULL,,3,1,2,7,255,971,250,0,0
stim,84684,114805,1,114805,3312129.454,-0.497,-0.083,0.193,0.842,3006,0,0,2979,0,1741,0,1405,57,1.384,1,2145,0,348.118,21.049,-269.813,-202.250,-86.500,-1.941,-1.164,-0.215,17.852,-11.152,3.094,0.712,0.582,1.136,1.384,2,NULL,NULL,,3,1,2,7,255,971,250,0,0
stim,84684,114805,1,114805,3312134.455,-0.507,-0.079,0.184,0.839,3037,0,0,3032,0,1817,0,1498,57,1.384,1,2145,0,317.823,21.049,-97.500,-209.000,-218.688,-0.367,-0.961,0.297,17.852,-11.152,-7.848,0.682,0.588,1.136,1.384,2,NULL,NULL,,3,1,2,7,255,971,250,0,0
stim,84684,114805,1,114805,3312139.454,-0.515,-0.074,0.178,0.835,3053,0,0,3081,0,1889,0,1583,57,1.384,1,2145,0,283.196,10.214,-22.938,-196.125,-203.000,0.809,-0.891,1.184,9.988,2.137,-7.848,0.642,0.582,1.136,1.384,2,NULL,NULL,,3,1,2,7,255,971,250,0,0
stim,84684,114805,1,114805,3312144.455,-0.520,-0.069,0.172,0.834,3070,0,0,3107,0,1955,0,1610,57,1.384,1,2145,0,202.395,15.606,-44.813,-174.188,-92.813,1.430,-1.348,1.855,6.039,14.391,-3.145,0.608,0.556,1.136,1.384,2,NULL,NULL,,3,1,2,7,255,971,250,0,0
stim,84724,114845,1,114845,3312149.454,-0.519,-0.066,0.165,0.836,3091,0,0,3145,0,2009,0,1627,57,1.384,1,2145,0,197.913,24.282,-120.750,-151.063,42.063,1.500,-2.082,1.898,6.039,23.520,-0.031,0.576,0.506,1.136,1.384,2,NULL,NULL,,3,1,2,7,255,971,250,0,0
stim,84724,114845,1,114845,3312154.455,-0.513,-0.064,0.156,0.842,3101,0,0,3160,0,2093,0,1647,57,1.384,1,2145,0,276.141,26.369,-164.875,-134.188,176.250,0.906,-1.832,1.160,11.922,23.520,-0.031,0.552,0.430,1.136,1.384,2,NULL,NULL,,3,1,2,7,255,971,250,0,0
stim,84724,114845,1,114845,3312159.454,-0.504,-0.061,0.150,0.848,3109,0,0,3176,0,2165,12,1688,57,1.384,1,2145,0,297.950,22.282,-122.750,-129.938,238.375,-0.371,-0.566,0.625,11.922,18.824,-3.949,0.536,0.350,1.136,1.384,2,NULL,NULL,,3,1,2,7,255,971,250,0,0
stim,84724,114845,1,114845,3312164.455,-0.500,-0.057,0.144,0.852,3112,0,0,3183,0,2229,44,1761,57,1.384,1,2145,0,214.547,6.788,-97.563,-138.813,131.313,-1.270,0.500,0.980,6.664,1.289,-3.949,0.526,0.286,1.136,1.384,2,NULL,NULL,,3,1,2,7,255,971,250,0,0
stim,84763,114884,1,114884,3312169.454,-0.499,-0.053,0.138,0.854,3113,0,0,3189,0,2325,71,1910,57,1.384,1,2145,0,162.882,5.563,-74.938,-142.125,26.750,-0.492,0.707,0.813,2.000,-5.191,-0.012,0.512,0.242,1.136,1.384,2,NULL,NULL,,3,1,2,7,255,971,250,0,0
stim,84763,114884,1,114884,3312174.455,-0.500,-0.049,0.132,0.854,3115,0,0,3191,30,2363,236,2063,57,1.384,1,2145,0,148.678,5.238,-64.500,-133.813,-6.250,-0.270,0.262,1.574,-0.695,-5.191,3.156,0.498,0.220,1.136,1.384,2,NULL,NULL,,3,1,2,7,255,971,250,0,0
stim,84763,114884,1,114884,3312179.454,-0.502,-0.048,0.129,0.854,3119,0,0,3193,303,2405,214,2153,57,1.384,1,2145,0,107.353,2.909,-46.000,-74.125,-62.563,0.473,0.102,1.867,-2.855,0.555,6.023,0.494,0.210,1.136,1.384,2,NULL,NULL,,3,1,2,7,255,971,250,0,0
stim,84763,114884,1,114884,3312184.455,-0.504,-0.047,0.126,0.853,3111,0,0,3195,539,2427,215,2218,57,1.384,1,2145,0,81.632,8.520,-50.375,-55.875,-31.688,1.012,0.539,1.148,-2.855,8.027,6.023,0.502,0.202,1.136,1.384,2,NULL,NULL,,3,1,2,7,255,971,250,0,0
stim,84763,114884,1,114884,3312189.454,-0.504,-0.046,0.124,0.853,3113,0,0,3198,693,2445,253,2264,57,1.384,1,2145,0,54.124,10.526,-32.250,-41.813,-11.875,0.348,0.629,1.695,-6.809,8.027,6.438,0.520,0.192,1.136,1.384,2,NULL,NULL,,3,1,2,7,255,971,250,0,0
stim,84763,114884,1,114884,3312194.455,-0.506,-0.048,0.119,0.853,3111,0,0,3198,853,2460,275,2317,57,1.384,1,2145,0,126.871,8.059,-118.750,-18.000,-40.875,-0.051,-0.273,1.516,-6.809,4.313,4.391,0.544,0.184,1.136,1.384,2,NULL,NULL,,3,1,2,7,255,971,250,0,0
stim,84763,114884,1,114884,3312199.454,-0.506,-0.051,0.113,0.854,3113,0,0,3197,1021,2476,276,2358,57,1.384,1,2145,0,133.849,5.057,-132.063,-16.813,-13.875,0.105,-0.629,0.410,2.641,4.313,4.391,0.564,0.172,1.136,1.384,2,NULL,NULL,,3,1,2,7,255,971,250,0,0
stim,84763,114884,1,114884,3312204.455,-0.506,-0.051,0.111,0.854,3109,19,0,3199,1122,2484,286,2390,57,1.384,1,2145,0,52.578,6.157,-48.813,-16.750,-10.063,-0.289,-0.363,0.605,4.395,4.313,-3.859,0.578,0.152,1.136,1.384,2,NULL,NULL,,3,1,2,7,255,971,250,0,0
stim,84763,114884,1,114884,3312209.454,-0.508,-0.051,0.111,0.853,3111,29,0,3204,1214,2493,292,2413,57,1.384,1,2145,0,50.507,4.427,4.063,-17.375,-47.250,-0.160,0.152,0.922,4.395,0.531,-3.859,0.586,0.130,1.136,1.384,2,NULL,NULL,,3,1,2,7,255,971,250,0,0
stim,84763,114884,1,114884,3312214.455,-0.510,-0.050,0.110,0.852,3111,36,0,3204,1285,2501,303,2439,57,1.384,1,2145,0,52.364,0.844,1.375,-13.313,-50.625,0.082,0.234,1.242,-0.656,0.531,-0.535,0.592,0.108,1.136,1.384,2,NULL,NULL,,3,1,2,7,255,971,250,0,0
stim,84787,114908,1,114908,3312219.454,-0.511,-0.051,0.109,0.851,3111,45,0,3197,1340,2509,303,2457,57,1.384,1,2145,0,50.167,2.381,-41.063,-8.000,-27.688,0.055,-0.031,1.270,-0.656,2.289,2.129,0.598,0.090,1.136,1.384,2,NULL,NULL,,3,1,2,7,255,971,250,0,0
stim,84787,114908,1,114908,3312224.455,-0.512,-0.052,0.106,0.851,3111,71,0,3196,1405,2515,304,2471,57,1.384,1,2145,0,64.435,2.292,-62.125,-2.750,-16.875,-0.102,-0.055,0.965,-0.117,2.289,2.129,0.606,0.076,1.136,1.384,2,NULL,NULL,,3,1,2,7,255,971,250,0,0
stim,84787,114908,1,114908,3312229.454,-0.513,-0.053,0.104,0.851,3110,103,0,3193,1447,2517,307,2478,57,1.384,1,2145,0,53.403,1.430,-42.563,-2.875,-32.125,-0.219,0.074,0.852,0.184,1.418,-0.445,0.612,0.062,1.136,1.384,2,NULL,NULL,,3,1,2,7,255,971,250,0,0
stim,84787,114908,1,114908,3312234.455,-0.515,-0.054,0.103,0.850,3109,111,0,3193,1513,2519,293,2485,57,1.384,1,2145,0,55.395,0.511,-23.250,-3.938,-50.125,-0.145,0.078,0.988,0.184,0.477,-0.445,0.616,0.052,1.136,1.384,2,NULL,NULL,,3,1,2,7,255,971,250,0,0
stim,84807,114928,1,114928,3312239.454,-0.516,-0.054,0.102,0.849,3109,115,0,3192,1547,2521,307,2492,57,1.384,1,2145,0,53.079,0.498,-23.813,-2.438,-47.375,-0.012,-0.008,1.059,-0.145,0.477,-0.004,0.620,0.042,1.136,1.384,2,NULL,NULL,,3,1,2,7,255,971,250,0,0
stim,84807,114928,1,114928,3312244.455,-0.517,-0.055,0.100,0.848,3110,123,0,3189,1568,2521,311,2493,57,1.384,1,2145,0,42.929,2.121,-29.063,-1.438,-31.563,0.027,-0.016,1.008,-0.223,2.109,-0.004,0.624,0.032,1.136,1.384,2,NULL,NULL,,3,1,2,7,255,971,250,0,0
stim,84807,114928,0,114928,3312249.454,-0.518,-0.055,0.099,0.848,3103,125,0,3203,1581,2523,309,2490,57,1.384,1,2145,0,33.104,2.117,-27.063,0.375,-19.063,-0.008,-0.008,0.961,-0.176,2.109,-0.215,0.628,0.024,1.136,1.384,2,NULL,NULL,,3,0,2,7,255,974,250,0,0
stim,84807,114928,0,114928,3312254.455,-0.519,-0.056,0.098,0.848,3112,120,0,3191,1597,2521,303,2495,57,1.384,1,2145,0,24.664,1.926,-19.875,1.750,-14.500,-0.047,-0.012,0.941,-0.176,1.918,-0.602,0.634,0.016,1.136,1.384,2,NULL,NULL,,3,0,2,7,255,974,250,0,0
stim,84807,114928,0,114928,3312259.454,-0.519,-0.056,0.097,0.847,3116,135,0,3189,1608,2524,297,2503,57,1.384,1,2145,0,18.076,1.520,-12.063,2.000,-13.313,-0.086,0.008,0.977,0.004,1.520,-0.602,0.640,0.010,1.136,1.384,2,NULL,NULL,,3,0,2,7,255,974,250,0,0
stim,84807,114928,0,114928,3312264.455,-0.519,-0.056,0.097,0.847,3117,131,0,3199,1620,2520,298,2505,57,1.384,1,2145,0,14.398,1.188,-6.500,2.688,-12.563,-0.109,0.063,1.012,0.004,1.188,-0.281,0.646,0.004,1.136,1.384,2,NULL,NULL,,3,0,2,7,255,974,250,0,0
stim,84858,114979,0,114979,3312269.454,-0.520,-0.056,0.097,0.847,3101,123,0,3192,1635,2529,297,2495,57,1.371,1,2145,1,11.172,0.896,-2.813,2.313,-10.563,-0.117,0.121,1.047,-0.359,0.820,0.145,0.000,0.000,1.171,1.371,2,NULL,NULL,,3,0,2,7,255,974,250,0,0
stim,84858,114979,0,114979,3312274.455,-0.520,-0.056,0.097,0.847,3107,115,0,3189,1645,2517,295,2501,57,1.371,1,2145,1,10.066,1.021,-4.438,2.250,-8.750,-0.117,0.152,1.059,-0.844,0.574,0.535,0.006,0.004,1.171,1.371,2,NULL,NULL,,3,0,2,7,255,974,250,0,0
stim,84858,114979,0,114979,3312279.454,-0.520,-0.057,0.097,0.847,3093,104,5,3177,1655,2517,283,2489,57,1.371,1,2145,1,10.041,1.033,-6.875,1.375,-7.188,-0.133,0.137,1.031,-0.938,0.434,0.535,0.010,0.006,1.171,1.371,2,NULL,NULL,,3,0,2,7,255,974,250,0,0
stim,84858,114979,0,114979,3312284.455,-0.521,-0.057,0.096,0.846,3095,104,7,3172,1659,2517,269,2487,57,1.371,1,2145,1,10.614,0.987,-8.063,0.625,-6.875,-0.148,0.109,1.004,-0.938,0.309,0.426,0.016,0.008,1.171,1.371,2,NULL,NULL,,3,0,2,7,255,974,250,0,0
stim,84858,114979,0,114979,3312289.454,-0.521,-0.057,0.096,0.846,3091,100,6,3175,1671,2505,254,2489,57,1.371,1,2145,1,9.254,0.680,-6.563,-0.563,-6.500,-0.156,0.063,0.984,-0.605,0.309,0.180,0.020,0.010,1.171,1.371,2,NULL,NULL,,3,0,2,7,255,974,250,0,0
stim,84858,114979,0,114979,3312294.455,-0.521,-0.057,0.096,0.846,3081,101,3,3162,1673,2496,263,2491,57,1.371,1,2145,1,7.109,0.393,-4.250,-2.063,-5.313,-0.148,0.047,0.980,-0.184,0.348,-0.031,0.026,0.014,1.171,1.371,2,NULL,NULL,,3,0,2,7,255,974,250,0,0
stim,84858,114979,0,114979,3312299.454,-0.521,-0.057,0.096,0.846,3063,105,19,3154,1685,2490,271,2491,57,1.371,1,2145,1,4.786,0.474,-2.125,-3.125,-2.938,-0.145,0.066,0.984,-0.184,0.438,-0.070,0.032,0.018,1.171,1.371,2,NULL,NULL,,3,0,2,7,255,974,250,0,0
stim,84858,114979,0,114979,3312304.455,-0.521,-0.057,0.095,0.846,3055,103,26,3153,1701,2491,265,2490,57,1.371,1,2145,1,4.600,0.508,-1.688,-4.250,-0.500,-0.148,0.090,1.000,-0.258,0.438,-0.070,0.036,0.022,1.171,1.371,2,NULL,NULL,,3,0,2,7,255,974,250,0,0
stim,84858,114979,0,114979,3312309.454,-0.521,-0.056,0.095,0.846,3049,93,28,3143,1707,2476,251,2510,57,1.371,1,2145,1,6.041,0.492,-2.750,-5.375,0.188,-0.164,0.090,1.000,-0.383,0.309,0.109,0.042,0.026,1.171,1.371,2,NULL,NULL,,3,0,2,7,255,974,250,0,0
stim,84858,114979,0,114979,3312314.455,-0.521,-0.056,0.095,0.846,3037,87,35,3127,1732,2475,252,2503,57,1.371,1,2145,1,7.099,0.425,-2.938,-6.375,-1.063,-0.176,0.082,0.992,-0.383,0.184,0.109,0.048,0.032,1.171,1.371,2,NULL,NULL,,3,0,2,7,255,974,250,0,0
stim,84889,115010,0,115010,3312319.454,-0.521,-0.056,0.095,0.846,3021,81,43,3115,1749,2471,253,2507,57,1.371,1,2145,1,8.175,0.392,-1.750,-7.375,-3.063,-0.164,0.105,0.992,-0.383,0.086,0.098,0.054,0.036,1.171,1.371,2,NULL,NULL,,3,0,2,7,255,974,250,0,0
stim,84889,115010,0,115010,3312324.455,-0.521,-0.055,0.095,0.846,3021,81,46,3113,1752,2464,255,2517,57,1.371,1,2145,1,8.891,0.534,-1.000,-8.375,-2.813,-0.160,0.152,0.996,-0.527,0.082,0.098,0.058,0.040,1.171,1.371,2,NULL,NULL,,3,0,2,7,255,974,250,0,0
stim,84889,115010,0,115010,3312329.454,-0.522,-0.055,0.094,0.846,2995,83,93,3095,1769,2463,277,2523,57,1.371,1,2145,1,10.098,0.828,-1.875,-9.375,-3.250,-0.191,0.156,1.000,-0.824,-0.082,0.160,0.064,0.046,1.171,1.371,2,NULL,NULL,,3,0,2,7,255,974,250,0,0
stim,84889,115010,0,115010,3312334.455,-0.522,-0.055,0.094,0.846,2987,92,139,3067,1802,2467,297,2522,57,1.371,1,2145,1,14.047,0.902,-4.750,-9.625,-9.063,-0.211,0.133,1.012,-0.824,-0.367,0.254,0.068,0.050,1.171,1.371,2,NULL,NULL,,3,0,2,7,255,974,250,0,0
stim,84889,115010,0,115010,3312339.454,-0.522,-0.055,0.093,0.846,2969,96,153,3065,1824,2461,311,2539,57,1.371,1,2145,1,18.830,0.902,-8.563,-11.250,-12.438,-0.172,0.160,1.008,-0.824,-0.367,0.309,0.072,0.052,1.171,1.371,2,NULL,NULL,,3,0,2,7,255,974,250,0,0
stim,84889,115010,0,115010,3312344.455,-0.523,-0.054,0.093,0.846,2941,111,198,3049,1873,2459,325,2544,57,1.371,1,2145,1,19.201,0.933,-8.250,-12.750,-11.750,-0.152,0.145,0.988,-0.906,-0.223,0.309,0.074,0.054,1.171,1.371,2,NULL,NULL,,3,0,2,7,255,974,250,0,0
stim,84912,115033,0,115033,3312349.454,-0.523,-0.054,0.092,0.845,2921,121,255,3033,1913,2469,343,2571,57,1.371,1,2145,1,19.085,0.907,-5.500,-12.250,-13.563,-0.160,0.105,0.988,-0.906,-0.035,0.051,0.078,0.056,1.171,1.371,2,NULL,NULL,,3,0,2,7,255,974,250,0,0
stim,84912,115033,0,115033,3312354.455,-0.524,-0.054,0.092,0.845,2898,135,318,3007,1967,2467,359,2578,57,1.371,1,2145,1,20.051,0.907,-6.375,-13.813,-13.063,-0.172,0.156,1.020,-0.906,-0.035,0.051,0.080,0.058,1.171,1.371,2,NULL,NULL,,3,0,2,7,255,974,250,0,0
stim,84912,115033,0,115033,3312359.454,-0.524,-0.053,0.091,0.845,2873,137,397,2979,2015,2459,404,2596,57,1.371,1,2145,1,23.303,0.977,-7.875,-15.000,-16.000,-0.191,0.199,1.031,-0.949,-0.230,0.414,0.080,0.060,1.171,1.371,2,NULL,NULL,,3,0,2,7,255,974,250,0,0
stim,84912,115033,0,115033,3312364.455,-0.525,-0.053,0.091,0.844,2843,160,508,2984,2069,2461,460,2607,57,1.371,1,2145,1,27.515,1.347,-7.563,-14.313,-22.250,-0.180,0.215,1.016,-1.223,-0.566,0.414,0.084,0.064,1.171,1.371,2,NULL,NULL,,3,0,2,7,255,974,250,0,0
stim,84957,115078,0,115078,3312369.454,-0.526,-0.052,0.090,0.844,2821,174,648,2961,2121,2461,489,2621,57,1.371,1,2145,1,31.167,1.520,-9.063,-15.563,-25.438,-0.152,0.203,1.020,-1.410,-0.566,0.398,0.086,0.066,1.171,1.371,2,NULL,NULL,,3,0,2,7,255,974,250,0,0
stim,84957,115078,0,115078,3312374.455,-0.527,-0.052,0.089,0.843,2776,204,731,2935,2195,2463,554,2644,57,1.371,1,2145,1,31.604,1.439,-10.625,-16.250,-24.938,-0.137,0.152,1.016,-1.410,-0.289,0.379,0.088,0.070,1.171,1.371,2,NULL,NULL,,3,0,2,7,255,974,250,0,0
stim,84957,115078,0,115078,3312379.454,-0.528,-0.052,0.088,0.843,2748,233,855,2905,2275,2472,664,2654,57,1.371,1,2145,1,32.366,1.068,-13.688,-16.313,-24.375,-0.180,0.086,0.992,-1.063,-0.105,0.301,0.092,0.074,1.171,1.371,2,NULL,NULL,,3,0,2,7,255,974,250,0,0
stim,84957,115078,0,115078,3312384.455,-0.529,-0.051,0.087,0.842,2713,239,995,2887,2328,2474,797,2668,57,1.371,1,2145,1,38.960,0.777,-15.063,-16.938,-31.688,-0.207,0.152,1.008,-0.770,-0.105,0.301,0.096,0.078,1.171,1.371,2,NULL,NULL,,3,0,2,7,255,974,250,0,0
stim,84957,115078,0,115078,3312389.454,-0.531,-0.051,0.086,0.841,2653,254,1157,2871,2375,2479,923,2687,57,1.371,1,2145,1,49.236,0.994,-14.875,-17.625,-43.500,-0.223,0.184,1.020,-0.770,-0.629,0.332,0.098,0.082,1.171,1.371,2,NULL,NULL,,3,0,2,7,255,974,250,0,0
stim,84957,115078,0,115078,3312394.455,-0.533,-0.051,0.085,0.840,2598,267,1273,2839,2427,2485,1081,2699,57,1.371,1,2145,1,64.497,1.185,-23.813,-16.500,-57.625,-0.160,0.164,1.043,-1.004,-0.629,0.484,0.102,0.084,1.171,1.371,2,NULL,NULL,,3,0,2,7,255,974,250,0,0
stim,84957,115078,0,115078,3312399.454,-0.535,-0.051,0.083,0.839,2535,285,1455,2821,2487,2488,1199,2718,57,1.371,1,2145,1,68.715,1.033,-29.813,-18.563,-59.063,-0.129,0.070,1.039,-1.004,-0.242,0.484,0.104,0.086,1.171,1.371,2,NULL,NULL,,3,0,2,7,255,974,250,0,0
stim,84957,115078,0,115078,3312404.455,-0.537,-0.052,0.081,0.838,2462,311,1613,2795,2528,2489,1321,2735,57,1.371,1,2145,1,78.067,0.579,-43.625,-17.563,-62.313,-0.145,-0.035,1.016,-0.441,0.375,0.457,0.106,0.088,1.171,1.371,2,NULL,NULL,,3,0,2,7,255,974,250,0,0
stim,84979,115100,0,115100,3312409.454,-0.539,-0.052,0.078,0.837,2404,314,1765,2759,2573,2501,1433,2751,57,1.371,1,2145,1,79.670,0.634,-52.250,-21.938,-56.000,-0.184,-0.063,1.027,0.512,0.375,0.379,0.108,0.090,1.171,1.371,2,NULL,NULL,,3,0,2,7,255,974,250,0,0
stim,84979,115100,0,115100,3312414.455,-0.542,-0.053,0.075,0.835,2323,333,1895,2729,2619,2495,1576,2767,57,1.371,1,2145,0,93.069,0.940,-59.250,-20.188,-68.875,-0.188,-0.066,0.988,0.867,0.363,0.215,0.108,0.090,1.171,1.371,2,NULL,NULL,,3,0,2,7,255,974,250,0,0
stim,84979,115100,0,115100,3312419.454,-0.544,-0.054,0.073,0.834,2221,343,2015,2677,2656,2507,1676,2787,57,1.371,1,2145,0,88.385,0.940,-55.500,-23.563,-64.625,-0.094,-0.039,0.922,0.867,0.363,0.020,0.110,0.090,1.171,1.371,2,NULL,NULL,,3,0,2,7,255,974,250,0,0
stim,84979,115100,0,115100,3312424.455,-0.546,-0.054,0.070,0.833,2129,349,2135,2623,2697,2507,1789,2807,57,1.371,1,2145,0,85.306,1.077,-49.688,-23.813,-65.125,-0.117,-0.090,0.980,0.750,0.773,-0.156,0.110,0.090,1.171,1.371,2,NULL,NULL,,3,0,2,7,255,974,250,0,0
stim,84979,115100,0,115100,3312429.454,-0.548,-0.055,0.067,0.832,2005,351,2261,2573,2725,2505,1889,2813,57,1.371,1,2145,0,87.560,1.091,-59.375,-26.125,-58.813,-0.137,-0.105,1.063,0.750,0.793,-0.156,0.110,0.090,1.171,1.371,2,NULL,NULL,,3,0,2,7,255,974,250,0,0
stim,84979,115100,0,115100,3312434.455,-0.551,-0.056,0.063,0.830,1885,352,2357,2513,2759,2504,2003,2840,57,1.371,1,2145,0,97.540,1.187,-68.063,-26.250,-64.750,-0.160,-0.098,0.992,0.883,0.793,0.047,0.108,0.090,1.171,1.371,2,NULL,NULL,,3,0,2,7,255,974,250,0,0
stim,85018,115139,0,115139,3312439.454,-0.553,-0.056,0.060,0.829,1741,341,2456,2421,2788,2515,2109,2855,57,1.371,1,2145,0,90.983,0.996,-62.125,-29.125,-59.750,-0.113,-0.051,0.918,0.883,0.461,0.047,0.108,0.088,1.171,1.371,2,NULL,NULL,,3,0,2,7,255,974,250,0,0
stim,85018,115139,0,115139,3312444.455,-0.555,-0.057,0.057,0.828,1560,329,2539,2313,2811,2516,2199,2873,57,1.371,1,2145,0,84.406,0.472,-52.125,-32.188,-58.063,-0.145,-0.035,0.957,0.281,0.379,-0.328,0.108,0.086,1.171,1.371,2,NULL,NULL,,3,0,2,7,255,974,250,0,0
stim,85018,115139,0,115139,3312449.454,-0.557,-0.056,0.055,0.827,1308,309,2603,2210,2845,2513,2275,2893,57,1.371,1,2145,0,76.548,0.245,-41.250,-34.563,-54.438,-0.137,0.020,0.984,0.195,0.148,-0.328,0.108,0.086,1.171,1.371,2,NULL,NULL,,3,0,2,7,255,974,250,0,0
stim,85018,115139,0,115139,3312454.455,-0.559,-0.056,0.052,0.826,1114,282,2653,2065,2863,2508,2357,2901,57,1.371,1,2145,0,75.659,0.371,-37.250,-36.688,-54.688,-0.133,0.016,1.055,-0.355,0.105,-0.094,0.106,0.084,1.171,1.371,2,NULL,NULL,,3,0,2,7,255,974,250,0,0
stim,85018,115139,0,115139,3312459.454,-0.560,-0.056,0.050,0.825,891,248,2703,1875,2897,2505,2440,2908,57,1.371,1,2145,0,76.076,0.388,-37.000,-38.500,-54.188,-0.133,0.055,1.086,-0.387,0.031,0.609,0.106,0.084,1.171,1.371,2,NULL,NULL,,3,0,2,7,255,974,250,0,0
stim,85018,115139,0,115139,3312464.455,-0.562,-0.055,0.047,0.824,649,230,2749,1610,2917,2494,2505,2919,57,1.371,1,2145,0,79.405,0.629,-38.688,-39.938,-56.688,-0.129,0.031,1.078,-0.629,0.012,0.809,0.108,0.084,1.171,1.371,2,NULL,NULL,,3,0,2,7,255,974,250,0,0
stim,85062,115183,0,115183,3312469.454,-0.564,-0.054,0.045,0.823,398,183,2797,1349,2923,2480,2567,2935,57,1.371,1,2145,0,75.472,0.629,-36.313,-43.688,-49.688,-0.098,-0.004,1.078,-0.629,0.012,0.809,0.108,0.082,1.171,1.371,2,NULL,NULL,,3,0,2,7,255,974,250,0,0
stim,85062,115183,0,115183,3312474.455,-0.566,-0.054,0.042,0.822,249,100,2825,1035,2961,2471,2623,2949,57,1.371,1,2145,0,74.260,0.578,-37.750,-45.375,-45.063,-0.074,-0.031,1.078,-0.426,0.391,0.801,0.110,0.082,1.171,1.371,2,NULL,NULL,,3,0,2,7,255,974,250,0,0
stim,85062,115183,0,115183,3312479.454,-0.567,-0.053,0.039,0.821,91,63,2869,777,2972,2455,2667,2954,57,1.371,1,2145,0,71.802,0.706,-37.125,-46.875,-39.750,-0.004,-0.098,1.055,-0.305,0.637,0.742,0.112,0.082,1.171,1.371,2,NULL,NULL,,3,0,2,7,255,974,250,0,0
stim,85062,115183,0,115183,3312484.455,-0.568,-0.052,0.037,0.821,21,30,2891,497,2984,2440,2711,2958,57,1.371,1,2145,0,65.929,1.110,-34.250,-51.313,-23.250,-0.020,-0.070,1.023,-0.105,1.105,0.445,0.112,0.082,1.171,1.371,2,NULL,NULL,,3,0,2,7,255,974,250,0,0
stim,85062,115183,0,115183,3312489.454,-0.569,-0.050,0.034,0.820,0,1,2905,311,3005,2419,2735,2971,57,1.371,1,2145,0,63.179,1.110,-25.875,-54.125,-19.813,-0.063,0.016,1.055,-0.105,1.105,0.445,0.114,0.080,1.171,1.371,2,NULL,NULL,,3,0,2,7,255,974,250,0,0
stim,85062,115183,0,115183,3312494.455,-0.570,-0.049,0.032,0.820,0,0,2925,219,3025,2389,2779,2983,57,1.371,1,2145,0,68.151,0.868,-20.938,-57.000,-30.938,-0.074,0.117,1.016,-0.777,0.387,0.191,0.114,0.078,1.171,1.371,2,NULL,NULL,,3,0,2,7,255,974,250,0,0
stim,85062,115183,0,115183,3312499.454,-0.570,-0.046,0.031,0.820,0,0,2948,120,3033,2361,2805,2989,57,1.371,1,2145,0,66.861,0.798,8.813,-64.875,-13.563,-0.234,-0.063,1.152,-0.777,-0.180,0.500,0.114,0.078,1.171,1.371,2,NULL,NULL,,3,0,2,7,255,974,250,0,0
stim,85062,115183,0,115183,3312504.455,-0.570,-0.042,0.031,0.820,0,0,2959,79,3037,2332,2843,2989,57,1.371,1,2145,0,100.282,1.064,60.000,-79.688,10.313,-0.492,-0.160,1.555,0.480,-0.949,1.703,0.116,0.078,1.171,1.371,2,NULL,NULL,,3,0,2,7,255,974,250,0,0
stim,85062,115183,0,115183,3312509.454,-0.570,-0.037,0.031,0.820,0,0,2965,56,3059,2288,2872,2992,57,1.371,1,2145,0,113.872,2.805,67.188,-91.938,0.375,-0.520,-0.031,1.945,0.902,-2.656,5.883,0.116,0.080,1.171,1.371,3,NULL,NULL,,3,0,2,7,255,974,250,0,0
stim,85062,115183,0,115183,3312514.455,-0.571,-0.035,0.028,0.820,0,0,2974,6,3059,2261,2895,2995,57,1.371,1,2145,0,101.450,2.805,-34.813,-93.563,-18.063,-0.184,0.117,1.754,0.902,-2.656,7.422,0.112,0.084,1.171,1.371,3,NULL,NULL,,3,0,2,7,255,974,250,0,0
stim,85086,115207,0,115207,3312519.454,-0.571,-0.033,0.023,0.820,0,0,2975,0,3077,2195,2911,3001,57,1.371,1,2145,0,120.977,1.580,-75.375,-93.813,-12.375,-0.098,0.094,1.289,-1.336,-0.844,7.422,0.108,0.088,1.171,1.371,3,NULL,NULL,,3,0,2,7,255,974,250,0,0
stim,85086,115207,0,115207,3312524.455,-0.570,-0.031,0.019,0.821,0,0,2985,0,3076,2107,2919,3001,57,1.371,1,2145,0,115.315,1.724,-45.875,-103.938,19.750,-0.113,0.172,1.141,-1.504,-0.844,2.809,0.108,0.096,1.171,1.371,3,NULL,NULL,,3,0,2,7,255,974,250,0,0
stim,85086,115207,0,115207,3312529.454,-0.569,-0.027,0.016,0.822,0,0,2981,0,3079,2005,2949,2992,57,1.371,1,2145,0,117.617,1.738,-15.438,-112.438,30.875,-0.234,0.160,1.148,-1.387,-1.047,1.500,0.110,0.104,1.171,1.371,3,NULL,NULL,,3,0,2,7,255,974,250,0,0
stim,85086,115207,0,115207,3312534.455,-0.568,-0.023,0.013,0.822,0,0,2983,0,3093,1875,2951,3004,57,1.371,1,2145,0,121.546,2.653,-0.438,-119.313,23.188,-0.305,0.074,1.289,-1.387,-2.262,1.500,0.114,0.114,1.171,1.371,3,NULL,NULL,,3,0,2,7,255,974,250,0,0
stim,85106,115227,0,115227,3312539.454,-0.567,-0.019,0.010,0.823,0,0,2979,0,3090,1745,2969,2997,57,1.371,1,2145,0,126.998,2.294,-6.688,-125.438,18.688,-0.293,-0.055,1.430,-0.383,-2.262,2.949,0.120,0.126,1.171,1.371,3,NULL,NULL,,3,0,2,7,255,974,250,0,0
stim,85106,115227,0,115227,3312544.455,-0.567,-0.015,0.006,0.824,0,0,2969,0,3097,1576,2984,2999,57,1.371,1,2145,0,134.822,2.304,-21.000,-131.750,19.438,-0.277,-0.188,1.391,0.758,-2.176,3.949,0.126,0.140,1.171,1.371,3,NULL,NULL,,3,0,2,7,255,974,250,0,0
stim,85106,115227,0,115227,3312549.454,-0.566,-0.011,0.002,0.825,0,0,2972,0,3114,1367,3001,2983,57,1.371,1,2145,0,141.190,2.615,-27.750,-136.938,20.313,-0.238,-0.254,1.246,1.961,-1.730,3.949,0.128,0.150,1.171,1.371,3,NULL,NULL,,3,0,2,7,255,974,250,0,0
stim,85106,115227,0,115227,3312554.455,-0.565,-0.006,-0.003,0.825,0,0,2954,0,3112,1136,3006,2974,57,1.371,1,2145,0,147.255,2.686,-26.500,-143.438,20.188,-0.223,-0.230,1.172,2.301,-1.387,2.535,0.130,0.162,1.171,1.371,3,NULL,NULL,,3,0,2,7,255,974,250,0,0
stim,85106,115227,0,115227,3312559.454,-0.564,-0.002,-0.007,0.826,0,0,2931,0,3114,903,3005,2964,57,1.371,1,2145,0,151.842,2.686,-18.938,-149.563,18.125,-0.234,-0.160,1.121,2.301,-1.387,1.777,0.128,0.170,1.171,1.371,3,NULL,NULL,,3,0,2,7,255,974,250,0,0
stim,85106,115227,0,115227,3312564.455,-0.563,0.003,-0.011,0.826,0,0,2931,0,3117,651,3017,2952,57,1.371,1,2145,0,158.937,2.567,-3.188,-157.750,19.125,-0.270,-0.098,1.141,1.770,-1.859,1.367,0.124,0.178,1.171,1.371,3,NULL,NULL,,3,0,2,7,255,974,250,0,0
stim,85158,115279,0,115279,3312569.454,-0.562,0.009,-0.015,0.827,0,0,2897,0,3111,455,3027,2938,57,1.371,1,2145,0,165.276,2.865,5.000,-164.813,11.313,-0.262,-0.082,1.215,1.363,-2.520,1.367,0.122,0.186,1.171,1.371,3,NULL,NULL,,3,0,2,7,255,974,250,0,0
stim,85158,115279,0,115279,3312574.455,-0.562,0.015,-0.019,0.827,0,0,2857,0,3111,260,3020,2911,57,1.371,1,2145,0,172.380,2.841,1.750,-172.313,4.500,-0.203,-0.105,1.207,1.313,-2.520,1.961,0.120,0.194,1.171,1.371,3,NULL,NULL,,3,0,2,7,255,974,250,0,0
stim,85158,115279,0,115279,3312579.454,-0.561,0.022,-0.023,0.827,0,0,2830,0,3113,107,3035,2889,57,1.371,1,2145,0,179.856,2.542,6.250,-179.688,4.625,-0.113,-0.078,1.188,1.234,-2.223,1.961,0.120,0.206,1.171,1.371,3,NULL,NULL,,3,0,2,7,255,974,250,0,0
stim,85158,115279,0,115279,3312584.455,-0.561,0.029,-0.027,0.827,0,0,2780,0,3122,43,3045,2855,57,1.371,1,2145,0,187.093,2.259,9.813,-186.625,8.875,-0.105,0.012,1.242,0.789,-2.117,1.961,0.120,0.216,1.171,1.371,3,NULL,NULL,,3,0,2,7,255,974,250,0,0
stim,85158,115279,0,115279,3312589.454,-0.560,0.036,-0.031,0.827,0,0,2743,0,3111,0,3047,2824,57,1.371,1,2145,0,192.795,2.118,13.000,-192.125,9.438,-0.113,0.141,1.320,0.043,-2.117,2.227,0.124,0.228,1.171,1.371,3,NULL,NULL,,3,0,2,7,255,974,250,0,0
stim,85158,115279,0,115279,3312594.455,-0.559,0.043,-0.035,0.827,0,0,2667,0,3109,0,3044,2773,57,1.371,1,2145,0,200.642,3.087,16.938,-199.688,9.750,-0.164,0.281,1.449,-1.031,-2.910,2.918,0.128,0.240,1.171,1.371,3,NULL,NULL,,3,0,2,7,255,974,250,0,0
stim,85158,115279,0,115279,3312599.454,-0.558,0.051,-0.040,0.827,0,0,2580,0,3107,3,3039,2717,57,1.371,1,2145,0,208.298,4.681,22.063,-207.125,-0.750,-0.234,0.344,1.680,-2.020,-4.223,4.020,0.136,0.256,1.171,1.371,3,NULL,NULL,,3,0,2,7,255,974,250,0,0
stim,85158,115279,0,115279,3312604.455,-0.558,0.060,-0.044,0.827,0,0,2480,0,3096,9,3043,2651,57,1.371,1,2145,0,218.671,5.973,25.250,-217.188,-3.000,-0.281,0.234,2.195,-2.020,-5.621,6.094,0.148,0.272,1.171,1.371,3,NULL,NULL,,3,0,2,7,255,974,250,0,0
stim,85182,115303,0,115303,3312609.454,-0.556,0.068,-0.049,0.827,0,0,2375,0,3069,52,3031,2579,57,1.371,1,2145,0,238.375,6.694,8.813,-237.000,24.000,-0.434,0.168,2.590,-0.746,-6.652,10.957,0.166,0.292,1.171,1.371,3,NULL,NULL,,3,0,2,7,255,974,250,0,0
stim,85182,115303,0,115303,3312614.455,-0.553,0.077,-0.057,0.827,0,0,2237,0,3054,75,3027,2476,57,1.371,1,2145,0,271.638,8.836,-31.063,-264.688,52.563,-0.703,0.375,2.746,0.031,-8.836,14.453,0.188,0.320,1.171,1.371,3,NULL,NULL,,3,0,2,7,255,974,250,0,0
stim,85182,115303,0,115303,3312619.454,-0.551,0.086,-0.067,0.828,0,0,2079,0,3031,74,3004,2348,57,1.371,1,2145,0,310.114,12.836,-78.938,-295.313,52.250,-0.824,0.797,2.758,0.031,-12.836,14.453,0.218,0.354,1.171,1.371,3,NULL,NULL,,3,0,2,7,255,974,250,0,0
stim,85182,115303,0,115303,3312624.455,-0.549,0.095,-0.079,0.827,0,0,1949,0,3003,97,2985,2201,57,1.371,1,2145,0,341.826,16.478,-106.125,-323.500,30.500,-0.809,1.035,2.727,-3.199,-16.164,14.445,0.258,0.396,1.171,1.371,3,NULL,NULL,,3,0,2,7,255,974,250,0,0
stim,85182,115303,0,115303,3312629.454,-0.547,0.104,-0.092,0.826,0,0,1831,0,2985,104,2955,2041,57,1.371,1,2145,0,371.148,18.330,-123.813,-349.375,18.938,-0.727,1.035,2.707,-5.379,-17.523,13.574,0.308,0.452,1.171,1.371,3,NULL,NULL,,3,0,2,7,255,974,250,0,0
stim,85182,115303,0,115303,3312634.455,-0.545,0.114,-0.106,0.824,0,0,1695,0,2935,105,2923,1896,57,1.371,1,2145,0,402.786,18.345,-148.250,-374.063,18.313,-0.734,0.957,2.777,-5.379,-17.539,13.121,0.372,0.518,1.171,1.371,3,NULL,NULL,,3,0,2,7,255,974,250,0,0
stim,85203,115324,0,115324,3312639.454,-0.542,0.124,-0.122,0.822,0,0,1568,0,2889,109,2888,1759,57,1.371,1,2145,0,431.281,19.111,-159.750,-400.188,18.250,-0.777,1.051,2.922,-5.480,-18.309,13.121,0.446,0.594,1.171,1.371,3,NULL,NULL,,3,0,2,7,255,974,250,0,0
stim,85203,115324,0,115324,3312644.455,-0.540,0.135,-0.138,0.819,0,0,1463,0,2825,99,2811,1607,57,1.371,1,2145,0,455.216,21.018,-171.750,-421.500,7.813,-0.898,1.074,2.973,-5.203,-20.363,13.121,0.530,0.678,1.171,1.371,3,NULL,NULL,,3,0,2,7,255,974,250,0,0
stim,85203,115324,0,115324,3312649.454,-0.538,0.146,-0.156,0.815,0,0,1352,0,2757,81,2715,1459,57,1.371,1,2145,0,489.525,23.143,-199.000,-447.250,-1.063,-0.992,0.898,2.949,-5.203,-22.551,12.691,0.622,0.772,1.171,1.371,3,NULL,NULL,,3,0,2,7,255,974,250,0,0
stim,85203,115324,0,115324,3312654.455,-0.536,0.158,-0.174,0.811,0,0,1173,0,2645,69,2584,1291,57,1.371,1,2145,0,508.717,23.760,-203.250,-466.000,-18.063,-1.016,0.773,2.922,-3.348,-23.523,11.359,0.722,0.872,1.171,1.371,3,NULL,NULL,,3,0,2,7,255,974,250,0,0
stim,85227,115348,0,115348,3312659.454,-0.535,0.171,-0.191,0.805,0,0,966,0,2503,45,2411,1103,57,1.371,1,2145,0,516.482,24.158,-189.938,-478.688,-39.188,-0.961,0.672,3.023,-2.227,-24.055,10.289,0.826,0.978,1.171,1.371,3,NULL,NULL,,3,0,2,7,255,974,250,0,0
stim,85227,115348,0,115348,3312664.455,-0.533,0.184,-0.209,0.799,0,0,792,0,2319,0,2169,951,57,1.371,1,2145,0,526.763,24.686,-185.500,-490.875,-45.938,-0.848,0.398,3.227,-1.496,-24.641,10.289,0.932,1.088,1.171,1.371,3,NULL,NULL,,3,0,2,7,255,974,250,0,0
stim,85257,115378,0,115378,3312669.454,-0.530,0.197,-0.228,0.793,0,0,571,0,2083,0,1863,818,57,1.371,1,2145,0,555.907,24.648,-214.750,-512.188,-24.063,-0.809,-0.043,3.105,0.613,-24.641,10.645,1.044,1.200,1.171,1.371,3,NULL,NULL,,3,0,2,7,255,974,250,0,0
stim,85257,115378,0,115378,3312674.455,-0.526,0.209,-0.250,0.786,0,0,368,0,1769,0,1467,679,57,1.371,1,2145,0,589.148,23.973,-256.000,-530.375,16.188,-0.672,-0.363,2.449,4.418,-23.563,10.645,1.156,1.316,1.171,1.371,3,NULL,NULL,,3,0,2,7,255,974,250,0,0
stim,85257,115378,0,115378,3312679.454,-0.521,0.222,-0.270,0.779,0,0,235,0,1429,0,887,558,57,1.371,1,2145,0,585.368,19.725,-229.750,-538.188,15.000,-0.508,-0.449,1.672,6.395,-18.660,5.813,1.268,1.434,1.171,1.371,3,NULL,NULL,,3,0,2,7,255,974,250,0,0
stim,85257,115378,0,115378,3312684.455,-0.514,0.237,-0.287,0.773,0,0,108,0,1055,0,293,470,57,1.371,1,2145,0,565.507,14.537,-123.125,-551.063,31.125,-0.461,-0.297,1.500,6.395,-13.055,0.305,1.376,1.546,1.171,1.371,3,NULL,NULL,,3,0,2,7,255,974,250,0,0
stim,85257,115378,0,115378,3312689.454,-0.503,0.254,-0.301,0.769,0,0,96,0,524,0,5,377,57,1.371,1,2145,0,566.525,13.928,-4.313,-562.375,68.313,-0.719,0.039,2.086,4.855,-13.055,-0.813,1.476,1.648,1.171,1.371,3,NULL,NULL,,3,0,2,7,255,974,250,0,0
stim,85257,115378,0,115378,3312694.455,-0.490,0.272,-0.314,0.766,0,0,35,0,106,0,0,341,57,1.371,1,2145,0,600.330,20.023,34.188,-580.875,147.688,-1.371,0.207,2.676,4.855,-19.426,-1.621,1.564,1.742,1.171,1.371,3,NULL,NULL,,3,0,2,7,255,974,250,0,0
stim,85257,115378,0,115378,3312699.454,-0.476,0.287,-0.331,0.763,0,0,24,0,0,0,0,283,57,1.371,1,2145,0,603.971,28.542,-68.813,-574.313,173.813,-1.520,0.980,2.602,3.324,-28.348,-3.004,1.650,1.832,1.171,1.371,3,NULL,NULL,,3,0,2,7,255,974,250,0,0
stim,85257,115378,0,115378,3312704.455,-0.469,0.298,-0.350,0.754,0,0,17,0,0,0,0,237,57,1.371,1,2145,0,566.638,28.360,-239.875,-509.625,61.813,-1.031,1.699,1.965,-0.848,-28.348,-7.852,1.744,1.928,1.171,1.371,4,NULL,NULL,,3,0,2,7,255,974,250,0,0
stim,85279,115400,0,115400,3312709.454,-0.466,0.304,-0.371,0.744,0,0,17,0,0,0,0,116,57,1.371,1,2145,0,566.563,27.458,-368.000,-429.750,29.750,-0.523,1.922,1.086,-9.762,-25.664,-11.098,1.848,2.036,1.171,1.371,0,NULL,NULL,,3,0,2,7,255,974,250,0,0
stim,85279,115400,0,115400,3312714.455,-0.461,0.300,-0.397,0.735,0,0,17,0,0,0,0,46,57,1.371,1,2145,0,637.575,21.106,-521.813,-320.375,177.688,-0.953,1.871,-0.008,-13.258,-16.422,-13.613,1.958,2.148,1.171,1.371,0,NULL,NULL,,3,0,2,7,255,974,250,0,0
stim,85279,115400,0,115400,3312719.454,-0.458,0.292,-0.420,0.727,0,0,13,0,0,0,0,37,57,1.371,1,2145,0,602.641,16.897,-529.625,-197.000,209.438,-0.883,2.109,-1.520,-14.676,-8.375,-23.316,2.068,2.262,1.171,1.371,0,NULL,NULL,,3,0,2,7,255,974,250,0,0
stim,85279,115400,0,115400,3312724.455,-0.456,0.290,-0.428,0.724,0,0,13,0,0,0,0,23,57,1.371,1,2145,0,193.589,14.291,-156.063,-94.875,64.188,-1.012,0.273,-1.543,-13.258,5.336,-25.723,2.170,2.364,1.171,1.371,0,NULL,NULL,,3,0,2,7,255,974,250,0,0
stim,85279,115400,0,115400,3312729.454,-0.454,0.295,-0.422,0.727,0,0,9,0,0,0,0,31,57,1.371,1,2145,0,192.084,5.564,187.250,-22.188,-36.625,-1.215,-1.629,0.582,1.578,5.336,-25.723,2.252,2.446,1.171,1.371,0,NULL,NULL,,3,0,2,7,255,974,250,0,0
stim,85279,115400,0,115400,3312734.455,-0.455,0.297,-0.417,0.729,0,0,6,0,0,0,0,28,57,1.371,1,2145,0,137.511,20.606,118.938,51.000,-46.500,-1.320,-1.598,2.215,19.461,-6.773,-11.133,2.310,2.504,1.171,1.371,0,NULL,NULL,,3,0,2,7,255,974,250,0,0
stim,85305,115426,0,115426,3312739.454,-0.460,0.291,-0.417,0.727,0,0,9,0,0,0,0,26,57,1.371,1,2145,0,174.079,28.422,-112.188,129.125,-32.313,-1.195,0.035,1.801,19.461,-20.715,-11.090,2.350,2.546,1.171,1.371,0,NULL,NULL,,3,0,2,7,255,974,250,0,0
stim,85305,115426,0,115426,3312744.455,-0.467,0.281,-0.420,0.726,0,0,4,0,0,0,0,11,57,1.371,1,2145,0,281.550,21.208,-203.813,194.125,-6.813,-1.043,1.609,0.391,4.547,-20.715,-11.090,2.390,2.588,1.171,1.371,0,NULL,NULL,,3,0,2,7,255,974,250,0,0
stim,85305,115426,0,115426,3312749.454,-0.471,0.272,-0.419,0.727,0,0,4,0,0,0,0,0,57,1.371,1,2145,0,244.840,15.046,-101.438,221.250,26.563,-1.109,2.066,-0.227,-10.426,-10.848,-21.871,2.436,2.636,1.171,1.371,0,NULL,NULL,,3,0,2,7,255,974,250,0,0
stim,85305,115426,0,115426,3312754.455,-0.475,0.265,-0.413,0.731,0,0,5,0,0,0,0,0,57,1.371,1,2145,0,233.008,14.825,32.625,229.625,22.375,-1.344,1.367,0.211,-10.426,-10.539,-23.965,2.488,2.692,1.171,1.371,0,NULL,NULL,,3,0,2,7,255,974,250,0,0
stim,85324,115445,0,115445,3312759.454,-0.479,0.259,-0.406,0.734,0,0,3,0,0,0,0,0,57,1.371,1,2145,0,243.783,12.656,44.000,239.563,-10.188,-1.344,0.367,0.867,-7.008,-10.539,-23.965,2.538,2.746,1.171,1.371,0,NULL,NULL,,3,0,2,7,255,974,250,0,0
stim,85324,115445,0,115445,3312764.455,-0.485,0.251,-0.402,0.735,0,0,3,0,0,0,0,0,57,1.371,1,2145,0,251.101,12.243,-29.188,248.313,-23.250,-1.074,-0.016,0.813,1.668,-12.129,-16.770,2.586,2.794,1.171,1.371,0,NULL,NULL,,3,0,2,7,255,974,250,0,0
stim,85324,115445,0,115445,3312769.454,-0.490,0.241,-0.399,0.737,0,0,4,0,0,0,0,0,57,1.371,1,2145,0,262.589,12.243,-73.563,252.000,-6.125,-0.762,0.254,0.230,1.668,-12.129,-15.063,2.634,2.844,1.171,1.371,0,NULL,NULL,,3,0,2,7,255,974,250,0,0
stim,85324,115445,0,115445,3312774.455,-0.495,0.232,-0.395,0.739,0,0,1,0,0,0,0,0,57,1.371,1,2145,0,257.865,6.345,-45.500,252.688,23.938,-0.648,0.594,-0.230,0.516,-6.324,-15.063,2.682,2.894,1.171,1.371,0,NULL,NULL,,3,0,2,7,255,974,250,0,0
stim,85365,115486,0,115486,3312779.454,-0.498,0.223,-0.389,0.742,0,0,0,0,0,0,0,0,57,1.371,1,2145,0,259.207,3.520,11.813,254.625,47.063,-0.566,0.527,-0.340,-2.254,-2.703,-17.691,2.726,2.940,1.171,1.371,0,NULL,NULL,,3,0,2,7,255,974,250,0,0
stim,85365,115486,0,115486,3312784.455,-0.500,0.215,-0.382,0.747,0,0,0,0,0,0,0,0,57,1.371,1,2145,0,270.151,3.520,58.875,257.000,58.875,-0.785,0.438,-0.246,-2.254,-2.703,-17.941,2.764,2.982,1.171,1.371,0,NULL,NULL,,3,0,2,7,255,974,250,0,0
stim,85365,115486,0,115486,3312789.454,-0.502,0.208,-0.374,0.751,0,0,0,0,0,0,0,0,57,1.371,1,2145,0,282.887,3.505,84.750,266.875,40.250,-0.695,0.328,-0.066,-0.645,-3.445,-17.691,2.796,3.018,1.171,1.371,0,NULL,NULL,,3,0,2,7,255,974,250,0,0
stim,85365,115486,0,115486,3312794.455,-0.505,0.200,-0.365,0.756,0,0,0,0,0,0,0,0,57,1.371,1,2145,0,296.152,4.308,98.438,275.563,45.625,-0.520,0.285,0.070,-0.578,-4.270,-16.105,2.826,3.050,1.171,1.371,0,NULL,NULL,,3,0,2,7,255,974,250,0,0
stim,85365,115486,0,115486,3312799.454,-0.506,0.192,-0.355,0.762,0,0,0,0,0,0,0,0,57,1.371,1,2145,0,313.148,4.343,113.750,283.813,67.625,-0.453,0.336,0.207,-0.578,-4.305,-13.820,2.856,3.080,1.171,1.371,0,NULL,NULL,,3,0,2,7,255,974,250,0,0
stim,85365,115486,0,115486,3312804.455,-0.507,0.184,-0.345,0.768,0,0,0,0,0,0,0,0,57,1.371,1,2145,0,328.382,5.303,126.000,292.125,81.375,-0.520,0.395,0.391,-1.434,-5.105,-12.574,2.884,3.110,1.171,1.371,0,NULL,NULL,,3,0,2,7,255,974,250,0,0
stim,85365,115486,0,115486,3312809.454,-0.508,0.176,-0.335,0.774,0,0,0,0,0,0,0,0,57,1.371,1,2145,0,337.734,7.229,128.438,301.250,82.563,-0.539,0.395,0.547,-1.820,-6.996,-11.824,2.914,3.142,1.171,1.371,0,NULL,NULL,,3,0,2,7,255,974,250,0,0
stim,85365,115486,0,115486,3312814.455,-0.510,0.167,-0.324,0.779,0,0,0,0,0,0,0,0,57,1.371,1,2145,0,343.998,8.507,123.938,310.813,79.813,-0.492,0.371,0.633,-1.879,-8.297,-10.656,2.946,3.178,1.171,1.371,0,NULL,NULL,,3,0,2,7,255,974,250,0,0
stim,85392,115513,0,115513,3312819.454,-0.511,0.158,-0.313,0.785,0,0,0,0,0,0,0,0,57,1.371,1,2145,0,351.687,8.572,121.875,320.063,79.938,-0.430,0.344,0.688,-1.930,-8.352,-9.469,2.980,3.214,1.171,1.371,0,NULL,NULL,,3,0,2,7,255,974,250,0,0
stim,85392,115513,0,115513,3312824.455,-0.512,0.148,-0.302,0.790,0,0,0,0,0,0,0,0,57,1.371,1,2145,0,360.406,8.718,122.625,329.250,80.313,-0.395,0.313,0.770,-1.953,-8.496,-8.359,3.018,3.254,1.171,1.371,0,NULL,NULL,,3,0,2,7,255,974,250,0,0
stim,85392,115513,0,115513,3312829.454,-0.514,0.138,-0.291,0.795,0,0,0,0,0,0,0,0,57,1.371,1,2145,0,368.657,8.733,121.313,339.375,77.563,-0.379,0.258,0.852,-1.953,-8.512,-7.223,3.058,3.296,1.171,1.371,0,NULL,NULL,,3,0,2,7,255,974,250,0,0
stim,85392,115513,0,115513,3312834.455,-0.515,0.128,-0.279,0.800,0,0,0,0,0,0,0,0,57,1.371,1,2145,0,376.227,8.665,116.938,349.813,74.188,-0.379,0.164,0.891,-1.625,-8.512,-6.059,3.098,3.338,1.171,1.371,0,NULL,NULL,,3,0,2,7,255,974,250,0,0
stim,85393,115514,0,115514,3312839.454,-0.517,0.117,-0.267,0.805,0,0,0,0,0,0,0,0,57,1.371,1,2145,0,383.560,8.498,114.563,359.063,71.188,-0.410,0.098,0.910,-0.875,-8.453,-5.164,3.140,3.382,1.171,1.371,0,NULL,NULL,,3,0,2,7,255,974,250,0,0
stim,85393,115514,0,115514,3312844.455,-0.518,0.106,-0.255,0.809,0,0,0,0,0,0,0,0,57,1.371,1,2145,0,389.981,8.455,115.875,366.563,65.500,-0.465,0.102,0.938,-0.199,-8.453,-4.684,3.182,3.426,1.171,1.371,0,NULL,NULL,,3,0,2,7,255,974,250,0,0
stim,85420,115541,0,115541,3312849.454,-0.520,0.095,-0.243,0.813,0,0,0,0,0,0,0,0,57,1.371,1,2145,0,394.418,8.862,118.313,372.250,54.750,-0.512,0.137,0.996,-0.199,-8.859,-4.406,3.226,3.472,1.171,1.371,0,NULL,NULL,,3,0,2,7,255,974,250,0,0
stim,85420,115541,0,115541,3312854.455,-0.523,0.084,-0.230,0.817,0,0,0,0,0,0,0,0,57,1.371,1,2145,0,396.310,9.454,118.188,375.938,42.000,-0.527,0.152,1.035,-0.305,-9.449,-3.926,3.268,3.516,1.171,1.371,0,NULL,NULL,,3,0,2,7,255,974,250,0,0
stim,85420,115541,0,115541,3312859.454,-0.525,0.073,-0.217,0.820,0,0,0,0,0,0,0,0,57,1.371,1,2145,0,397.570,9.454,118.000,378.438,30.375,-0.492,0.102,1.023,-0.305,-9.449,-3.383,3.310,3.560,1.171,1.371,0,NULL,NULL,,3,0,2,7,255,974,250,0,0
stim,85420,115541,0,115541,3312864.455,-0.528,0.062,-0.204,0.822,0,0,0,0,0,0,0,0,57,1.371,1,2145,0,399.554,8.839,124.250,379.000,23.750,-0.488,0.023,1.004,-0.230,-8.836,-2.910,3.352,3.604,1.171,1.371,0,NULL,NULL,,3,0,2,7,255,974,250,0,0
stim,85460,115581,0,115581,3312869.454,-0.531,0.051,-0.191,0.824,0,0,0,0,0,0,0,0,57,1.371,1,2145,0,399.392,8.329,133.313,376.188,15.000,-0.504,0.051,1.035,0.109,-8.328,-2.523,3.390,3.646,1.171,1.371,0,NULL,NULL,,3,0,2,7,255,974,250,0,0
stim,85460,115581,0,115581,3312874.455,-0.534,0.041,-0.177,0.826,0,0,0,0,0,0,0,0,57,1.371,1,2145,0,399.718,8.223,140.313,374.250,4.875,-0.414,0.023,0.992,0.109,-8.223,-2.086,3.428,3.684,1.171,1.371,0,NULL,NULL,,3,0,2,7,255,974,250,0,0
stim,85460,115581,0,115581,3312879.454,-0.537,0.032,-0.162,0.827,0,0,0,0,0,0,0,0,57,1.371,1,2145,0,403.305,7.043,156.938,371.500,3.625,-0.301,-0.012,1.035,-0.004,-7.043,-1.902,3.464,3.722,1.171,1.371,0,NULL,NULL,,3,0,2,7,255,974,250,0,0
stim,85460,115581,0,115581,3312884.455,-0.539,0.022,-0.147,0.829,0,0,0,0,0,0,0,0,57,1.371,1,2145,0,405.611,6.540,175.938,365.375,8.188,-0.383,0.027,1.113,-0.254,-6.535,-0.930,3.496,3.756,1.171,1.371,0,NULL,NULL,,3,0,2,7,255,974,250,0,0
stim,85460,115581,0,115581,3312889.454,-0.541,0.014,-0.132,0.830,0,0,0,0,0,0,0,0,57,1.371,1,2145,0,405.837,5.814,186.875,360.188,6.813,-0.316,-0.020,1.262,-0.391,-5.801,-0.246,3.528,3.790,1.171,1.371,0,NULL,NULL,,3,0,2,7,255,974,250,0,0
stim,85460,115581,0,115581,3312894.455,-0.543,0.006,-0.117,0.831,0,0,0,0,0,0,0,0,57,1.371,1,2145,0,403.960,6.191,193.375,354.625,5.563,-0.355,0.063,1.320,-0.492,-6.172,1.582,3.556,3.820,1.171,1.371,0,NULL,NULL,,3,0,2,7,255,974,250,0,0
stim,85460,115581,0,115581,3312899.454,-0.545,-0.002,-0.101,0.832,0,0,0,0,0,0,0,0,57,1.371,1,2145,0,404.836,6.270,206.625,348.125,2.750,-0.371,0.133,1.426,-1.105,-6.172,2.090,3.586,3.850,1.171,1.371,0,NULL,NULL,,3,0,2,7,255,974,250,0,0
stim,85460,115581,0,115581,3312904.455,-0.547,-0.009,-0.085,0.833,0,0,0,0,0,0,0,0,57,1.371,1,2145,0,407.310,6.424,221.313,341.938,-0.750,-0.375,0.121,1.605,-1.781,-6.172,3.164,3.612,3.878,1.171,1.371,0,NULL,NULL,,3,0,2,7,255,974,250,0,0
stim,85460,115581,0,115581,3312909.454,-0.549,-0.016,-0.069,0.833,0,0,0,0,0,0,0,0,57,1.371,1,2145,0,405.749,6.369,227.625,335.875,-2.625,-0.379,0.098,1.805,-1.785,-6.113,5.102,3.640,3.908,1.171,1.371,0,NULL,NULL,,3,0,2,7,255,974,250,0,0
stim,85460,115581,0,115581,3312914.455,-0.550,-0.022,-0.052,0.833,0,0,0,0,0,0,0,0,57,1.371,1,2145,0,399.610,6.032,225.500,329.875,-4.500,-0.395,0.109,1.965,-1.836,-5.746,7.305,3.668,3.938,1.171,1.371,0,NULL,NULL,,3,0,2,7,255,974,250,0,0
stim,85488,115609,0,115609,3312919.454,-0.552,-0.029,-0.037,0.833,0,0,0,0,0,0,0,0,57,1.371,1,2145,0,391.450,5.781,221.438,322.688,-8.438,-0.395,0.129,2.051,-1.941,-5.445,9.027,3.696,3.966,1.171,1.371,0,NULL,NULL,,3,0,2,7,255,974,250,0,0
stim,85488,115609,0,115609,3312924.455,-0.554,-0.035,-0.021,0.832,0,0,0,0,0,0,0,0,57,1.371,1,2145,0,387.368,5.344,224.188,315.563,-14.625,-0.367,0.121,2.105,-2.063,-4.930,10.004,3.724,3.996,1.171,1.371,0,NULL,NULL,,3,0,2,7,255,974,250,0,0
stim,85488,115609,0,115609,3312929.454,-0.555,-0.040,-0.005,0.831,0,0,0,0,0,0,0,0,57,1.371,1,2145,0,388.139,4.483,231.750,310.563,-22.250,-0.301,0.070,2.211,-2.063,-3.980,10.723,3.752,4.026,1.171,1.371,0,NULL,NULL,,3,0,2,7,255,974,250,0,0
stim,85488,115609,0,115609,3312934.455,-0.557,-0.046,0.011,0.829,0,0,0,0,0,0,0,0,57,1.371,1,2145,0,389.311,3.063,235.125,309.063,-27.563,-0.191,-0.035,2.324,-1.781,-2.492,11.859,3.778,4.054,1.171,1.371,0,NULL,NULL,,3,0,2,7,255,974,250,0,0
stim,85488,115609,0,115609,3312939.454,-0.559,-0.051,0.027,0.827,0,0,0,0,0,0,0,0,57,1.371,1,2145,0,389.156,1.212,232.875,310.500,-28.313,-0.086,-0.141,2.371,-1.168,-0.324,13.016,3.802,4.078,1.171,1.371,0,NULL,NULL,,3,0,2,7,255,974,250,0,0
stim,85488,115609,0,115609,3312944.455,-0.560,-0.057,0.043,0.825,0,0,0,0,0,0,0,0,57,1.371,1,2145,0,392.422,1.862,235.125,312.813,-29.313,-0.012,-0.188,2.352,-0.457,1.805,13.078,3.822,4.102,1.171,1.371,0,NULL,NULL,,3,0,2,7,255,974,250,0,0
stim,85511,115632,0,115632,3312949.454,-0.562,-0.062,0.059,0.823,0,0,0,0,0,0,0,0,57,1.371,1,2145,0,403.689,3.371,250.313,314.313,-38.938,0.070,-0.215,2.367,-0.051,3.371,13.078,3.838,4.120,1.171,1.371,0,NULL,NULL,,3,0,2,7,255,974,250,0,0
stim,85511,115632,0,115632,3312954.455,-0.564,-0.067,0.077,0.820,0,0,0,0,0,0,0,0,57,1.371,1,2145,0,418.014,4.971,271.750,313.875,-48.688,0.293,-0.324,2.516,0.137,4.969,13.078,3.848,4.132,1.171,1.371,0,NULL,NULL,,3,0,2,7,255,974,250,0,0
stim,85511,115632,0,115632,3312959.454,-0.565,-0.071,0.094,0.816,0,0,0,0,0,0,0,0,57,1.371,1,2145,0,426.719,8.417,285.750,313.813,-44.250,0.613,-0.414,2.730,0.563,8.398,13.730,3.852,4.136,1.171,1.371,0,NULL,NULL,,3,0,2,7,255,974,250,0,0
stim,85511,115632,0,115632,3312964.455,-0.567,-0.075,0.112,0.813,0,0,0,0,0,0,0,0,57,1.371,1,2145,0,427.784,12.825,293.000,309.500,-36.875,0.863,-0.363,2.914,0.563,12.813,14.746,3.848,4.134,1.171,1.371,0,NULL,NULL,,3,0,2,7,255,974,250,0,0
stim,85557,115678,1,115678,3312969.454,-0.567,-0.079,0.130,0.809,0,0,0,0,0,0,0,0,57,1.371,1,2145,0,419.789,16.156,289.875,302.063,-30.875,1.023,-0.301,3.074,-0.355,16.152,15.457,3.836,4.122,1.171,1.371,0,NULL,NULL,,3,1,2,7,255,974,250,0,0
stim,85557,115678,1,115678,3312974.455,-0.568,-0.082,0.147,0.806,0,0,0,0,0,0,0,0,57,1.371,1,2145,0,409.598,18.680,283.563,293.875,-31.625,1.168,-0.344,3.176,-0.664,18.668,15.852,3.812,4.102,1.171,1.371,0,NULL,NULL,,3,1,2,7,255,974,250,0,0
stim,85557,115678,1,115678,3312979.454,-0.569,-0.085,0.164,0.802,0,0,0,0,0,0,0,0,57,1.371,1,2145,0,401.253,21.221,278.750,286.375,-35.938,1.340,-0.438,3.266,-0.664,21.211,15.852,3.778,4.070,1.171,1.371,0,NULL,NULL,,3,1,2,7,255,974,250,0,0
stim,85557,115678,1,115678,3312984.455,-0.569,-0.089,0.180,0.797,0,0,0,0,0,0,0,0,57,1.371,1,2145,0,391.368,24.106,269.875,280.438,-41.125,1.480,-0.461,3.387,0.117,24.105,15.352,3.730,4.024,1.171,1.371,0,NULL,NULL,,3,1,2,7,255,974,250,0,0
stim,85585,115706,1,115706,3312989.454,-0.570,-0.093,0.195,0.793,0,0,0,0,0,0,0,0,57,1.371,1,2145,0,373.986,26.602,246.500,276.750,-50.125,1.582,-0.348,3.504,0.117,26.602,15.180,3.668,3.962,1.171,1.371,0,NULL,NULL,,3,1,2,7,255,974,250,0,0
stim,85585,115706,1,115706,3312994.455,-0.571,-0.097,0.209,0.788,0,0,0,0,0,0,0,0,57,1.371,1,2145,0,356.450,28.351,217.750,274.063,-67.313,1.785,-0.074,3.633,-0.461,28.348,15.180,3.592,3.888,1.171,1.371,0,NULL,NULL,,3,1,2,7,255,974,250,0,0
stim,85585,115706,1,115706,3312999.454,-0.573,-0.103,0.221,0.782,0,0,0,0,0,0,0,8,57,1.371,1,2145,0,341.183,30.751,181.000,273.188,-94.938,2.199,0.152,3.727,-3.180,30.586,15.180,3.502,3.800,1.171,1.371,0,NULL,NULL,,3,1,2,7,255,974,250,0,0
stim,85585,115706,1,115706,3313004.455,-0.575,-0.110,0.232,0.777,0,0,0,0,0,0,0,41,57,1.371,1,2145,0,316.523,35.128,118.938,271.438,-111.188,2.730,0.082,3.613,-6.145,34.586,13.934,3.400,3.698,1.171,1.371,0,NULL,NULL,,3,1,2,7,255,974,250,0,0
stim,85585,115706,1,115706,3313009.455,-0.576,-0.119,0.239,0.772,0,0,0,0,0,0,0,47,57,1.371,1,2145,0,287.879,39.907,41.750,266.375,-100.875,3.266,-0.078,3.188,-6.973,39.293,9.594,3.286,3.586,1.171,1.371,0,NULL,NULL,,3,1,2,7,255,974,250,0,0
stim,85585,115706,1,115706,3313014.455,-0.576,-0.129,0.244,0.769,0,0,0,0,0,0,0,81,57,1.371,1,2145,0,271.420,43.022,-19.500,259.125,-78.375,3.715,-0.152,2.473,-7.277,42.402,2.270,3.162,3.460,1.171,1.371,0,NULL,NULL,,3,1,2,7,255,974,250,0,0
stim,85585,115706,1,115706,3313019.454,-0.575,-0.139,0.249,0.767,0,0,0,0,0,0,0,135,57,1.371,1,2145,0,254.504,43.228,-43.125,245.688,-50.500,4.102,-0.219,1.707,-8.410,42.402,-6.941,3.024,3.322,1.171,1.371,0,NULL,NULL,,3,1,2,7,255,974,250,0,0
stim,85585,115706,1,115706,3313024.455,-0.574,-0.148,0.253,0.765,0,0,0,0,0,0,0,171,57,1.371,1,2145,0,228.142,42.948,-34.688,224.750,-18.250,4.480,-0.457,1.016,-8.598,42.078,-16.223,2.872,3.172,1.171,1.371,0,NULL,NULL,,3,1,2,7,255,974,250,0,0
stim,85585,115706,1,115706,3313029.454,-0.571,-0.154,0.258,0.764,0,0,0,0,0,0,0,179,57,1.371,1,2145,0,199.602,42.588,7.750,198.063,23.500,4.625,-0.977,0.387,-8.598,41.711,-25.074,2.712,3.010,1.171,1.371,0,NULL,NULL,,3,1,2,7,255,974,250,0,0
stim,85585,115706,1,115706,3313034.455,-0.567,-0.157,0.265,0.764,0,0,0,0,0,0,0,180,57,1.371,1,2145,0,181.268,40.490,65.625,153.875,69.813,4.680,-1.750,0.027,-4.508,40.238,-32.613,2.544,2.840,1.171,1.371,0,NULL,NULL,,3,1,2,7,255,974,250,0,0
stim,85585,115706,1,115706,3313039.454,-0.563,-0.156,0.274,0.764,0,0,0,0,0,0,0,175,57,1.371,1,2145,0,228.272,40.089,154.375,121.500,116.250,4.434,-2.086,-0.063,2.145,40.031,-37.855,2.370,2.666,1.171,1.371,0,NULL,NULL,,3,1,2,7,255,974,250,0,0
stim,85585,115706,1,115706,3313044.455,-0.559,-0.150,0.286,0.764,0,0,0,0,0,0,0,151,57,1.371,1,2145,0,320.608,39.847,269.250,77.313,155.938,4.148,-2.398,0.492,5.504,39.465,-37.855,2.194,2.486,1.171,1.371,0,NULL,NULL,,3,1,2,7,255,974,250,0,0
stim,85621,115742,1,115742,3313049.454,-0.554,-0.141,0.299,0.764,0,0,0,0,0,0,0,114,57,1.371,1,2145,0,373.523,40.457,324.000,27.500,183.813,3.625,-2.656,1.188,8.906,39.465,-34.066,2.012,2.302,1.171,1.371,0,NULL,NULL,,3,1,2,7,255,974,250,0,0
stim,85621,115742,1,115742,3313054.455,-0.551,-0.130,0.312,0.763,0,0,0,0,0,0,0,116,57,1.371,1,2145,0,410.484,40.457,371.188,-14.188,174.688,3.059,-1.734,2.117,8.906,39.465,-27.230,1.822,2.106,1.171,1.371,0,NULL,NULL,,3,1,2,7,255,974,250,0,0
stim,85621,115742,1,115742,3313059.454,-0.548,-0.117,0.323,0.763,0,0,0,0,0,0,0,104,57,1.371,1,2145,0,378.896,40.631,336.875,-59.063,163.063,2.762,-1.391,3.098,7.285,39.973,-15.086,1.622,1.902,1.171,1.371,0,NULL,NULL,,3,1,2,7,255,974,250,0,0
stim,85621,115742,1,115742,3313064.455,-0.546,-0.106,0.330,0.763,0,0,0,0,0,0,0,101,57,1.371,1,2145,0,305.442,39.963,259.750,-94.813,129.750,2.105,-1.066,3.570,7.285,39.293,-5.344,1.422,1.694,1.171,1.371,0,NULL,NULL,,3,1,2,7,255,974,250,0,0
stim,85621,115742,1,115742,3313069.454,-0.547,-0.099,0.332,0.763,0,0,0,51,0,0,0,204,57,1.371,1,2145,0,185.120,39.869,134.563,-117.125,49.438,1.750,-0.410,3.973,6.750,39.293,2.613,1.222,1.486,1.171,1.371,0,NULL,NULL,,3,1,2,7,255,974,250,0,0
stim,85621,115742,1,115742,3313074.455,-0.546,-0.086,0.334,0.764,551,0,0,959,0,74,0,430,57,1.371,1,2145,0,298.125,38.352,181.563,-199.500,126.938,0.168,-1.059,5.449,7.473,37.617,9.949,1.024,1.278,1.171,1.371,0,NULL,NULL,,3,1,2,7,255,974,250,0,0
stim,85661,115782,1,115782,3313079.454,-0.533,-0.065,0.337,0.774,1309,0,0,1599,0,397,0,505,57,1.371,1,2145,0,613.915,35.484,218.563,-257.313,512.750,-0.871,2.285,7.941,4.137,35.242,26.707,0.832,1.068,1.171,1.371,0,NULL,NULL,,3,1,2,7,255,974,250,0,0
stim,85661,115782,1,115782,3313084.455,-0.521,-0.077,0.305,0.794,1901,0,0,1945,0,684,0,605,57,1.371,1,2145,0,953.736,33.835,-895.875,-120.063,304.313,-1.508,3.508,4.203,1.902,33.781,43.258,0.648,0.852,1.171,1.371,0,NULL,NULL,,3,1,2,7,255,974,250,0,0
stim,85661,115782,1,115782,3313089.454,-0.514,-0.097,0.264,0.810,2223,0,0,2132,0,959,0,687,59,1.371,1,2146,0,1118.081,16.928,-1105.563,-130.313,104.188,-1.648,3.391,-0.711,-16.871,1.383,43.258,0.496,0.640,1.171,1.371,1,1003.000,29.000,,3,1,2,7,255,974,250,0,0
stim,85661,115782,1,115782,3313094.455,-0.510,-0.108,0.239,0.819,2451,0,0,2261,0,1213,0,759,59,1.371,1,2146,0,666.870,32.580,-659.500,-70.875,68.938,-2.043,2.730,-3.059,-16.871,-27.871,1.188,0.426,0.468,1.171,1.371,1,NULL,NULL,,3,1,2,7,255,974,250,0,0
stim,85661,115782,1,115782,3313099.454,-0.512,-0.107,0.230,0.821,2573,0,0,2347,0,1426,0,843,59,1.371,1,2146,0,203.721,32.075,-149.125,-132.563,-41.125,-1.059,0.895,-1.445,-15.875,-27.871,-15.883,0.442,0.386,1.171,1.371,1,NULL,NULL,,3,1,2,7,255,974,250,0,0
stim,85661,115782,1,115782,3313104.455,-0.514,-0.100,0.232,0.820,2733,0,0,2565,0,1567,0,943,59,1.371,1,2146,0,168.589,20.248,125.625,-111.313,-15.813,0.266,0.891,1.246,-8.473,-18.391,-15.883,0.478,0.390,1.171,1.371,2,NULL,NULL,,3,1,2,7,255,974,250,0,0
stim,85661,115782,1,115782,3313109.454,-0.509,-0.094,0.232,0.824,2851,0,0,2717,0,1621,0,1049,59,1.371,1,2146,0,208.330,8.498,29.688,-124.750,164.188,-0.004,2.109,1.926,-8.473,0.652,2.059,0.506,0.432,1.171,1.371,2,NULL,NULL,,3,1,2,7,255,974,250,0,0
stim,85661,115782,1,115782,3313114.455,-0.499,-0.089,0.221,0.833,2936,0,0,2847,0,1670,0,1160,59,1.371,1,2146,0,416.641,8.498,-213.750,-186.750,305.000,-2.066,0.375,1.961,-8.473,0.652,12.230,0.530,0.478,1.171,1.371,2,NULL,NULL,,3,1,2,7,255,974,250,0,0
stim,85703,115825,1,115825,3313119.454,-0.497,-0.091,0.203,0.839,2987,0,0,2931,0,1694,0,1272,59,1.371,1,2146,0,441.166,11.724,-400.813,-175.813,55.375,-3.008,-0.883,0.684,7.434,-9.066,12.230,0.548,0.510,1.171,1.371,2,NULL,NULL,,3,1,2,7,255,974,250,0,0
stim,85703,115825,1,115825,3313124.455,-0.504,-0.092,0.186,0.838,3029,0,0,3007,0,1741,0,1387,59,1.371,1,2146,0,417.953,20.669,-316.750,-192.313,-193.313,-1.754,-0.973,-0.691,16.449,-12.516,4.809,0.562,0.534,1.171,1.371,2,NULL,NULL,,3,1,2,7,255,974,250,0,0
stim,85703,115825,1,115825,3313129.455,-0.515,-0.089,0.177,0.834,3060,0,0,3053,0,1800,0,1479,59,1.371,1,2146,0,362.994,20.669,-98.375,-194.438,-290.313,0.145,-1.066,-0.059,16.449,-12.516,-11.980,0.558,0.552,1.171,1.371,2,NULL,NULL,,3,1,2,7,255,974,250,0,0
stim,85703,115825,1,115825,3313134.454,-0.524,-0.083,0.172,0.830,3087,0,0,3107,0,1865,0,1529,59,1.371,1,2146,0,276.574,10.060,5.875,-184.313,-206.125,1.469,-1.645,1.223,8.574,5.262,-11.980,0.530,0.558,1.171,1.371,2,NULL,NULL,,3,1,2,7,255,974,250,0,0
stim,85703,115825,1,115825,3313139.455,-0.527,-0.078,0.168,0.830,3101,0,0,3145,0,1943,0,1531,59,1.371,1,2146,0,168.584,24.444,-19.188,-163.063,-38.250,2.008,-2.121,1.863,8.574,22.891,-5.980,0.488,0.556,1.171,1.371,2,NULL,NULL,,3,1,2,7,255,974,250,0,0
stim,85703,115825,1,115825,3313144.453,-0.522,-0.075,0.161,0.835,3117,0,0,3170,0,2025,0,1510,59,1.371,1,2146,0,237.089,30.018,-114.063,-146.125,147.813,1.582,-2.160,1.922,10.438,28.145,-2.215,0.446,0.540,1.171,1.371,2,NULL,NULL,,3,1,2,7,255,974,250,0,0
stim,85703,115825,1,115825,3313149.455,-0.511,-0.072,0.152,0.843,3119,0,0,3187,0,2107,22,1511,59,1.371,1,2146,0,357.773,30.018,-176.750,-130.750,282.250,0.387,-1.203,1.031,10.438,28.145,-2.215,0.402,0.496,1.171,1.371,2,NULL,NULL,,3,1,2,7,255,974,250,0,0
stim,85703,115825,1,115825,3313154.454,-0.501,-0.069,0.145,0.850,3131,0,0,3208,0,2181,109,1560,59,1.371,1,2146,0,349.049,14.389,-138.250,-137.125,289.688,-0.926,-0.039,0.469,8.633,11.512,-3.086,0.358,0.428,1.171,1.371,2,NULL,NULL,,3,1,2,7,255,974,250,0,0
stim,85721,115842,1,115842,3313159.455,-0.497,-0.065,0.139,0.854,3134,0,0,3207,0,2257,157,1707,59,1.371,1,2146,0,212.949,7.659,-103.188,-149.688,110.875,-1.887,0.574,1.055,4.695,-6.051,-3.086,0.320,0.344,1.171,1.371,2,NULL,NULL,,3,1,2,7,255,974,250,0,0
stim,85721,115842,1,115842,3313164.453,-0.499,-0.061,0.133,0.854,3132,0,0,3212,0,2345,215,1882,59,1.371,1,2146,0,162.072,7.376,-63.313,-145.938,-31.000,-0.379,0.629,0.664,4.219,-6.051,-1.832,0.300,0.266,1.171,1.371,2,NULL,NULL,,3,1,2,7,255,974,250,0,0
stim,85760,115881,1,115881,3313169.455,-0.501,-0.056,0.128,0.854,3131,0,0,3213,137,2395,303,2039,59,1.371,1,2146,0,149.731,4.354,-40.313,-139.375,-37.000,-0.012,0.078,1.914,-0.629,-4.309,5.520,0.290,0.220,1.171,1.371,2,NULL,NULL,,3,1,2,7,255,974,250,0,0
stim,85760,115881,1,115881,3313174.454,-0.504,-0.055,0.124,0.853,3133,0,0,3217,489,2443,264,2149,59,1.371,1,2146,0,117.642,5.681,-65.313,-69.500,-68.875,0.680,0.051,2.051,-3.605,4.391,8.223,0.284,0.200,1.171,1.371,2,NULL,NULL,,3,1,2,7,255,974,250,0,0
stim,85760,115881,1,115881,3313179.455,-0.505,-0.055,0.120,0.853,3127,0,0,3215,750,2467,277,2208,59,1.371,1,2146,0,90.181,9.056,-69.750,-51.375,-25.063,0.973,0.457,0.973,-3.699,8.266,8.223,0.280,0.194,1.171,1.371,2,NULL,NULL,,3,1,2,7,255,974,250,0,0
stim,85760,115881,1,115881,3313184.454,-0.505,-0.054,0.118,0.853,3128,0,0,3221,965,2483,293,2271,59,1.371,1,2146,0,52.702,9.056,-28.188,-40.563,-18.375,0.250,0.250,1.539,-3.699,8.266,4.578,0.286,0.182,1.171,1.371,2,NULL,NULL,,3,1,2,7,255,974,250,0,0
stim,85760,115881,1,115881,3313189.455,-0.507,-0.056,0.114,0.853,3128,20,0,3213,1130,2501,299,2328,59,1.371,1,2146,0,115.206,6.252,-102.750,-20.563,-47.875,-0.070,-0.625,1.293,-3.438,5.223,1.973,0.306,0.164,1.171,1.371,2,NULL,NULL,,3,1,2,7,255,974,250,0,0
stim,85760,115881,1,115881,3313194.453,-0.507,-0.057,0.110,0.853,3130,35,0,3215,1241,2518,303,2366,59,1.371,1,2146,0,102.077,6.986,-98.688,-22.688,-12.875,0.074,-0.676,0.383,5.320,4.527,1.973,0.336,0.142,1.171,1.371,2,NULL,NULL,,3,1,2,7,255,974,250,0,0
stim,85760,115881,1,115881,3313199.455,-0.508,-0.057,0.108,0.853,3129,40,0,3213,1331,2524,302,2403,59,1.371,1,2146,0,33.387,6.986,-16.625,-23.438,-17.000,-0.297,-0.332,0.684,5.320,4.527,-2.996,0.362,0.122,1.171,1.371,2,NULL,NULL,,3,1,2,7,255,974,250,0,0
stim,85760,115881,1,115881,3313204.454,-0.510,-0.056,0.109,0.852,3127,53,0,3211,1439,2536,299,2427,59,1.371,1,2146,0,57.654,4.098,24.438,-22.625,-47.063,-0.102,0.188,1.055,4.059,0.570,-2.996,0.382,0.104,1.171,1.371,2,NULL,NULL,,3,1,2,7,255,974,250,0,0
stim,85760,115881,1,115881,3313209.455,-0.512,-0.055,0.108,0.851,3125,89,0,3209,1532,2537,269,2455,59,1.371,1,2146,0,46.589,1.478,5.000,-17.063,-43.063,0.055,0.199,1.324,-1.363,0.570,0.637,0.396,0.086,1.171,1.371,2,NULL,NULL,,3,1,2,7,255,974,250,0,0
stim,85760,115881,1,115881,3313214.453,-0.513,-0.055,0.106,0.850,3125,111,0,3207,1591,2541,253,2471,59,1.371,1,2146,0,51.433,2.779,-41.625,-11.500,-27.938,-0.039,-0.039,1.223,-1.363,2.422,1.898,0.404,0.072,1.171,1.371,2,NULL,NULL,,3,1,2,7,255,974,250,0,0
stim,85784,115905,0,115905,3313219.455,-0.514,-0.056,0.104,0.850,3125,108,0,3199,1619,2548,253,2483,59,1.371,1,2146,0,62.574,2.437,-53.563,-6.813,-31.625,-0.188,-0.035,0.941,0.273,2.422,1.898,0.412,0.062,1.171,1.371,2,NULL,NULL,,3,0,2,7,255,976,250,0,0
stim,85784,115905,0,115905,3313224.455,-0.515,-0.057,0.102,0.849,3127,118,0,3195,1661,2549,249,2489,59,1.371,1,2146,0,60.311,0.597,-29.313,-6.938,-52.250,-0.199,0.098,0.871,0.273,0.531,-0.465,0.420,0.052,1.171,1.371,2,NULL,NULL,,3,0,2,7,255,976,250,0,0
stim,85784,115905,0,115905,3313229.455,-0.518,-0.057,0.102,0.848,3119,121,0,3195,1709,2551,229,2505,59,1.371,1,2146,0,62.327,0.570,-10.688,-8.500,-60.813,-0.063,0.102,1.008,-0.207,0.531,-0.465,0.430,0.044,1.171,1.371,2,NULL,NULL,,3,0,2,7,255,976,250,0,0
stim,85784,115905,0,115905,3313234.453,-0.520,-0.057,0.101,0.847,3129,123,2,3189,1749,2554,228,2503,59,1.371,1,2146,0,50.013,1.435,-14.000,-6.563,-47.563,0.066,0.043,1.082,-0.891,1.125,0.047,0.436,0.038,1.171,1.371,2,NULL,NULL,,3,0,2,7,255,976,250,0,0
stim,85808,115929,0,115929,3313239.455,-0.520,-0.057,0.100,0.846,3113,121,29,3187,1767,2553,219,2509,59,1.371,1,2146,0,34.983,2.642,-21.375,-4.938,-27.250,0.066,0.043,1.020,-0.961,2.461,0.047,0.442,0.034,1.171,1.371,2,NULL,NULL,,3,0,2,7,255,976,250,0,0
stim,85808,115929,0,115929,3313244.453,-0.521,-0.058,0.099,0.846,3113,127,48,3191,1775,2553,187,2521,59,1.371,1,2146,0,23.489,2.642,-18.000,-3.188,-14.750,-0.023,0.039,0.973,-0.961,2.461,-0.156,0.448,0.028,1.171,1.371,2,NULL,NULL,,3,0,2,7,255,976,250,0,0
stim,85808,115929,0,115929,3313249.455,-0.521,-0.058,0.098,0.846,3111,125,52,3179,1783,2551,153,2511,59,1.371,1,2146,0,16.708,1.712,-9.688,-1.750,-13.500,-0.117,0.035,0.996,-0.539,1.625,-0.156,0.456,0.024,1.171,1.371,2,NULL,NULL,,3,0,2,7,255,976,250,0,0
stim,85808,115929,0,115929,3313254.454,-0.522,-0.058,0.098,0.845,3109,121,86,3175,1801,2551,111,2513,59,1.371,1,2146,0,17.799,1.005,-4.375,-1.500,-17.188,-0.133,0.082,1.031,-0.480,0.883,-0.020,0.464,0.016,1.171,1.371,2,NULL,NULL,,3,0,2,7,255,976,250,0,0
stim,85836,115957,0,115957,3313259.455,-0.523,-0.058,0.098,0.845,3102,117,89,3154,1811,2549,99,2519,59,1.384,1,2146,1,17.291,0.776,-2.813,-1.438,-17.000,-0.105,0.141,1.043,-0.480,0.609,0.383,0.000,0.000,1.129,1.370,2,NULL,NULL,,3,0,2,7,255,976,250,0,0
stim,85836,115957,0,115957,3313264.454,-0.523,-0.058,0.098,0.845,3111,115,91,3174,1833,2551,87,2513,59,1.384,1,2146,1,14.245,1.243,-3.000,-1.188,-13.875,-0.109,0.160,1.047,-1.086,0.605,0.496,0.006,0.004,1.129,1.370,2,NULL,NULL,,3,0,2,7,255,976,250,0,0
stim,85856,115977,0,115977,3313269.455,-0.524,-0.058,0.097,0.844,3089,110,107,3155,1839,2542,79,2515,59,1.384,1,2146,1,13.675,1.260,-4.750,-1.375,-12.750,-0.141,0.164,1.051,-1.160,0.492,0.551,0.012,0.006,1.129,1.370,2,NULL,NULL,,3,0,2,7,255,976,250,0,0
stim,85856,115977,0,115977,3313274.454,-0.524,-0.058,0.097,0.844,3079,107,123,3153,1853,2541,79,2523,59,1.384,1,2146,1,13.959,1.181,-7.313,-3.250,-11.438,-0.156,0.172,1.051,-1.160,0.223,0.656,0.016,0.006,1.129,1.370,2,NULL,NULL,,3,0,2,7,255,976,250,0,0
stim,85856,115977,0,115977,3313279.455,-0.524,-0.058,0.097,0.844,3067,107,155,3131,1869,2539,78,2520,59,1.384,1,2146,1,14.045,1.145,-9.125,-4.750,-9.563,-0.195,0.180,1.031,-1.145,0.031,0.656,0.020,0.008,1.129,1.370,2,NULL,NULL,,3,0,2,7,255,976,250,0,0
stim,85856,115977,0,115977,3313284.454,-0.525,-0.058,0.096,0.844,3055,107,181,3119,1882,2535,77,2523,59,1.384,1,2146,1,17.388,1.127,-10.188,-5.438,-13.000,-0.223,0.176,1.020,-1.066,-0.363,0.559,0.024,0.008,1.129,1.370,2,NULL,NULL,,3,0,2,7,255,976,250,0,0
stim,85856,115977,0,115977,3313289.455,-0.526,-0.058,0.096,0.843,3042,107,216,3107,1909,2535,76,2526,59,1.384,1,2146,1,23.548,0.987,-10.750,-6.813,-19.813,-0.188,0.133,1.016,-0.918,-0.363,0.504,0.028,0.008,1.129,1.370,2,NULL,NULL,,3,0,2,7,255,976,250,0,0
stim,85856,115977,0,115977,3313294.454,-0.526,-0.058,0.095,0.843,3035,115,237,3107,1933,2535,79,2536,59,1.384,1,2146,1,23.839,0.711,-11.813,-7.938,-19.125,-0.129,0.059,0.996,-0.695,-0.148,0.367,0.030,0.008,1.129,1.370,2,NULL,NULL,,3,0,2,7,255,976,250,0,0
stim,85856,115977,0,115977,3313299.455,-0.527,-0.058,0.094,0.843,3020,111,286,3079,1967,2531,85,2551,59,1.384,1,2146,1,19.115,0.680,-11.688,-9.125,-12.063,-0.117,-0.004,0.953,-0.285,0.617,0.039,0.032,0.006,1.129,1.370,2,NULL,NULL,,3,0,2,7,255,976,250,0,0
stim,85856,115977,0,115977,3313304.453,-0.527,-0.057,0.093,0.843,2995,116,307,3059,2004,2539,95,2551,59,1.384,1,2146,1,15.342,0.647,-7.500,-11.250,-7.250,-0.164,-0.004,0.922,0.195,0.617,-0.434,0.036,0.006,1.129,1.370,2,NULL,NULL,,3,0,2,7,255,976,250,0,0
stim,85881,116002,0,116002,3313309.455,-0.527,-0.057,0.093,0.843,2975,117,316,3037,2023,2527,107,2557,59,1.384,1,2146,1,15.016,0.563,-0.375,-12.500,-8.313,-0.215,0.008,0.918,0.398,0.398,-0.602,0.038,0.006,1.129,1.370,2,NULL,NULL,,3,0,2,7,255,976,250,0,0
stim,85881,116002,0,116002,3313314.453,-0.528,-0.056,0.093,0.842,2952,124,353,3019,2043,2530,133,2577,59,1.384,1,2146,1,20.606,0.410,4.438,-14.750,-13.688,-0.207,0.035,0.938,0.398,-0.098,-0.602,0.040,0.006,1.129,1.370,2,NULL,NULL,,3,0,2,7,255,976,250,0,0
stim,85881,116002,0,116002,3313319.455,-0.528,-0.056,0.093,0.842,2923,125,403,2991,2078,2527,177,2589,59,1.384,1,2146,1,22.533,0.283,5.875,-17.625,-12.750,-0.184,0.090,0.977,0.266,-0.098,-0.402,0.042,0.008,1.129,1.370,2,NULL,NULL,,3,0,2,7,255,976,250,0,0
stim,85881,116002,0,116002,3313324.455,-0.529,-0.055,0.092,0.842,2898,133,483,2969,2123,2533,201,2611,59,1.384,1,2146,1,22.344,0.326,4.063,-19.500,-10.125,-0.188,0.129,0.992,-0.305,-0.117,-0.035,0.044,0.010,1.129,1.370,2,NULL,NULL,,3,0,2,7,255,976,250,0,0
stim,85881,116002,0,116002,3313329.455,-0.530,-0.054,0.092,0.842,2869,133,602,2942,2189,2533,233,2628,59,1.384,1,2146,1,25.856,0.452,3.000,-19.938,-16.188,-0.207,0.105,0.984,-0.363,-0.270,0.105,0.046,0.012,1.129,1.370,2,NULL,NULL,,3,0,2,7,255,976,250,0,0
stim,85881,116002,0,116002,3313334.453,-0.530,-0.053,0.092,0.841,2839,137,679,2915,2259,2551,270,2661,59,1.384,1,2146,1,28.449,0.681,3.250,-22.625,-16.938,-0.160,0.113,0.980,-0.625,-0.270,0.105,0.048,0.016,1.129,1.370,2,NULL,NULL,,3,0,2,7,255,976,250,0,0
stim,85902,116023,0,116023,3313339.455,-0.531,-0.052,0.091,0.841,2805,137,745,2875,2303,2542,327,2667,59,1.384,1,2146,1,28.627,0.669,5.063,-25.313,-12.375,-0.176,0.133,0.977,-0.625,-0.238,-0.008,0.050,0.020,1.129,1.370,2,NULL,NULL,,3,0,2,7,255,976,250,0,0
stim,85902,116023,0,116023,3313344.454,-0.532,-0.051,0.091,0.841,2759,153,811,2844,2345,2543,408,2681,59,1.384,1,2146,1,30.883,0.746,6.375,-24.500,-17.688,-0.207,0.184,1.008,-0.707,-0.238,-0.008,0.054,0.024,1.129,1.370,2,NULL,NULL,,3,0,2,7,255,976,250,0,0
stim,85902,116023,0,116023,3313349.455,-0.532,-0.050,0.091,0.840,2709,159,951,2811,2402,2551,473,2715,59,1.384,1,2146,1,36.257,1.157,5.563,-27.313,-23.188,-0.180,0.230,1.047,-1.004,-0.574,0.375,0.058,0.030,1.129,1.370,2,NULL,NULL,,3,0,2,7,255,976,250,0,0
stim,85902,116023,0,116023,3313354.453,-0.533,-0.049,0.090,0.840,2661,168,1085,2789,2461,2559,544,2729,59,1.384,1,2146,1,37.456,1.643,2.063,-27.063,-25.813,-0.145,0.246,1.047,-1.539,-0.574,0.684,0.062,0.034,1.129,1.370,2,NULL,NULL,,3,0,2,7,255,976,250,0,0
stim,85923,116044,0,116044,3313359.455,-0.534,-0.048,0.089,0.839,2591,179,1215,2751,2501,2556,668,2741,59,1.384,1,2146,1,39.286,1.836,-5.813,-26.938,-28.000,-0.125,0.273,1.066,-1.797,-0.375,0.738,0.066,0.040,1.129,1.370,2,NULL,NULL,,3,0,2,7,255,976,250,0,0
stim,85923,116044,0,116044,3313364.454,-0.536,-0.047,0.088,0.838,2515,181,1327,2709,2549,2577,805,2767,59,1.384,1,2146,1,42.668,1.823,-10.563,-26.625,-31.625,-0.148,0.227,1.082,-1.797,-0.305,0.852,0.070,0.046,1.129,1.370,2,NULL,NULL,,3,0,2,7,255,976,250,0,0
stim,85923,116044,0,116044,3313369.455,-0.537,-0.047,0.087,0.838,2429,184,1463,2671,2589,2569,953,2779,59,1.384,1,2146,1,55.916,1.659,-27.313,-24.188,-42.375,-0.168,0.129,1.074,-1.633,-0.293,0.895,0.076,0.052,1.129,1.370,2,NULL,NULL,,3,0,2,7,255,976,250,0,0
stim,85923,116044,0,116044,3313374.454,-0.539,-0.047,0.085,0.837,2343,209,1613,2607,2635,2581,1083,2797,59,1.384,1,2146,1,62.832,0.692,-32.938,-25.688,-46.938,-0.164,0.082,1.023,-0.684,-0.109,0.895,0.080,0.058,1.129,1.370,2,NULL,NULL,,3,0,2,7,255,976,250,0,0
stim,85965,116086,0,116086,3313379.455,-0.541,-0.047,0.083,0.836,2254,215,1752,2556,2664,2577,1255,2825,59,1.384,1,2146,1,73.375,0.317,-37.188,-23.125,-58.875,-0.148,0.012,0.961,-0.316,-0.016,0.395,0.084,0.062,1.129,1.370,2,NULL,NULL,,3,0,2,7,255,976,250,0,0
stim,85965,116086,0,116086,3313384.454,-0.543,-0.047,0.081,0.834,2141,227,1866,2503,2703,2590,1381,2835,59,1.384,1,2146,1,71.976,0.340,-34.688,-25.625,-57.625,-0.125,0.000,0.977,0.230,0.250,-0.168,0.090,0.068,1.129,1.370,2,NULL,NULL,,3,0,2,7,255,976,250,0,0
stim,85965,116086,0,116086,3313389.455,-0.546,-0.047,0.078,0.833,2034,235,1965,2431,2743,2583,1544,2840,59,1.384,1,2146,1,81.263,0.542,-38.438,-23.875,-67.500,-0.160,-0.070,1.027,0.234,0.488,-0.168,0.094,0.074,1.129,1.370,2,NULL,NULL,,3,0,2,7,255,976,250,0,0
stim,85965,116086,0,116086,3313394.454,-0.548,-0.048,0.075,0.832,1931,219,2075,2356,2752,2589,1657,2868,59,1.384,1,2146,0,89.206,0.783,-52.625,-27.375,-66.625,-0.148,-0.043,1.109,0.586,0.520,0.348,0.098,0.078,1.129,1.370,2,NULL,NULL,,3,0,2,7,255,976,250,0,0
stim,85965,116086,0,116086,3313399.455,-0.551,-0.048,0.072,0.830,1763,210,2203,2256,2787,2587,1781,2868,59,1.384,1,2146,0,109.705,0.783,-70.188,-26.813,-79.938,-0.160,0.008,1.066,0.586,0.520,0.762,0.100,0.082,1.129,1.370,2,NULL,NULL,,3,0,2,7,255,976,250,0,0
stim,85965,116086,0,116086,3313404.453,-0.553,-0.049,0.068,0.829,1596,189,2293,2155,2812,2581,1901,2893,59,1.384,1,2146,0,107.543,0.620,-71.938,-28.500,-74.688,-0.063,0.008,0.922,0.148,0.602,0.762,0.100,0.082,1.129,1.370,2,NULL,NULL,,3,0,2,7,255,976,250,0,0
stim,85965,116086,0,116086,3313409.457,-0.556,-0.050,0.065,0.827,1363,171,2377,2011,2838,2585,2005,2899,59,1.384,1,2146,0,97.029,0.788,-64.563,-28.563,-66.563,-0.020,-0.109,0.934,0.148,0.773,-0.777,0.100,0.082,1.129,1.370,2,NULL,NULL,,3,0,2,7,255,976,250,0,0
stim,85965,116086,0,116086,3313414.454,-0.558,-0.050,0.062,0.826,1235,153,2461,1883,2867,2585,2111,2913,59,1.384,1,2146,0,86.283,0.999,-54.813,-30.125,-59.438,-0.172,-0.125,0.918,0.633,0.773,-0.777,0.098,0.080,1.129,1.370,2,NULL,NULL,,3,0,2,7,255,976,250,0,0
stim,85983,116104,0,116104,3313419.455,-0.560,-0.050,0.059,0.825,1021,125,2521,1671,2887,2585,2201,2923,59,1.384,1,2146,0,83.003,1.334,-43.625,-32.625,-62.625,-0.164,-0.152,0.930,1.293,0.328,-0.668,0.096,0.078,1.129,1.370,2,NULL,NULL,,3,0,2,7,255,976,250,0,0
stim,85983,116104,0,116104,3313424.455,-0.563,-0.050,0.057,0.823,805,75,2571,1439,2901,2569,2281,2923,59,1.384,1,2146,0,82.981,1.334,-33.375,-34.625,-67.625,-0.098,-0.133,1.016,1.293,0.328,-0.570,0.094,0.076,1.129,1.370,2,NULL,NULL,,3,0,2,7,255,976,250,0,0
stim,85983,116104,0,116104,3313429.455,-0.565,-0.050,0.054,0.822,571,71,2613,1195,2921,2556,2359,2933,59,1.384,1,2146,0,74.961,1.363,-36.750,-35.938,-54.563,0.000,-0.129,1.078,1.004,0.922,0.180,0.090,0.074,1.129,1.370,2,NULL,NULL,,3,0,2,7,255,976,250,0,0
stim,85983,116104,0,116104,3313434.454,-0.566,-0.049,0.052,0.821,368,5,2651,959,2933,2552,2424,2943,59,1.384,1,2146,0,64.601,1.082,-37.938,-37.563,-36.375,-0.066,-0.035,1.055,0.566,0.922,0.523,0.088,0.072,1.129,1.370,2,NULL,NULL,,3,0,2,7,255,976,250,0,0
stim,86007,116128,0,116128,3313439.455,-0.567,-0.049,0.049,0.821,205,0,2681,710,2951,2539,2476,2965,59,1.384,1,2146,0,58.867,0.796,-33.938,-39.375,-27.625,-0.125,0.043,1.020,-0.070,0.793,0.523,0.086,0.072,1.129,1.370,2,NULL,NULL,,3,0,2,7,255,976,250,0,0
stim,86007,116128,0,116128,3313444.453,-0.568,-0.048,0.047,0.820,89,0,2715,473,2974,2529,2535,2964,59,1.384,1,2146,0,61.707,0.349,-28.688,-41.688,-35.313,-0.156,0.023,1.047,-0.340,-0.078,0.523,0.086,0.072,1.129,1.370,2,NULL,NULL,,3,0,2,7,255,976,250,0,0
stim,86007,116128,0,116128,3313449.455,-0.569,-0.047,0.045,0.819,20,0,2759,217,2983,2511,2572,2973,59,1.384,1,2146,0,64.521,0.349,-22.563,-45.375,-39.938,-0.109,-0.035,1.027,-0.340,-0.078,0.301,0.086,0.074,1.129,1.370,2,NULL,NULL,,3,0,2,7,255,976,250,0,0
stim,86007,116128,0,116128,3313454.454,-0.571,-0.046,0.043,0.819,1,0,2777,111,2991,2493,2611,2984,59,1.384,1,2146,0,66.234,0.236,-16.563,-49.875,-40.313,-0.074,-0.078,1.027,0.051,0.230,0.301,0.088,0.074,1.129,1.370,2,NULL,NULL,,3,0,2,7,255,976,250,0,0
stim,86007,116128,0,116128,3313459.455,-0.572,-0.044,0.041,0.818,0,0,2783,53,3004,2467,2649,2997,59,1.384,1,2146,0,65.841,0.351,-8.063,-56.438,-32.938,-0.109,-0.059,1.043,0.258,0.238,0.301,0.088,0.078,1.129,1.370,2,NULL,NULL,,3,0,2,7,255,976,250,0,0
stim,86007,116128,0,116128,3313464.453,-0.573,-0.041,0.040,0.818,0,0,2815,0,3021,2443,2675,2999,59,1.384,1,2146,0,69.484,0.393,18.188,-65.063,-16.250,-0.340,-0.223,1.180,0.313,0.238,0.480,0.090,0.080,1.129,1.370,3,NULL,NULL,,3,0,2,7,255,976,250,0,0
stim,86059,116180,0,116180,3313469.455,-0.574,-0.038,0.039,0.817,0,0,2827,0,3027,2415,2715,2995,59,1.384,1,2146,0,84.368,2.656,30.938,-76.188,-18.875,-0.379,-0.195,1.367,2.359,-1.219,2.082,0.092,0.080,1.129,1.370,3,NULL,NULL,,3,0,2,7,255,976,250,0,0
stim,86059,116180,0,116180,3313474.454,-0.575,-0.035,0.038,0.817,0,0,2830,0,3045,2399,2751,3003,59,1.384,1,2146,0,90.262,2.830,16.000,-79.875,-38.875,-0.352,-0.090,1.441,2.359,-1.563,3.930,0.096,0.080,1.129,1.370,3,NULL,NULL,,3,0,2,7,255,976,250,0,0
stim,86059,116180,0,116180,3313479.455,-0.576,-0.031,0.037,0.816,0,0,2839,0,3053,2358,2779,3013,59,1.384,1,2146,0,98.840,2.018,33.438,-90.625,-20.938,-0.246,0.031,1.527,1.277,-1.563,4.586,0.098,0.080,1.129,1.370,3,NULL,NULL,,3,0,2,7,255,976,250,0,0
stim,86059,116180,0,116180,3313484.454,-0.576,-0.027,0.035,0.817,0,0,2848,0,3054,2317,2800,3011,59,1.384,1,2146,0,97.226,1.140,3.500,-97.000,5.625,-0.023,0.242,1.465,-0.156,-1.129,4.586,0.100,0.080,1.129,1.370,3,NULL,NULL,,3,0,2,7,255,976,250,0,0
stim,86059,116180,0,116180,3313489.455,-0.576,-0.025,0.031,0.817,0,0,2847,0,3075,2260,2834,3019,59,1.384,1,2146,0,101.083,1.651,-35.188,-94.750,1.438,-0.090,0.148,1.156,-1.539,-0.598,4.492,0.104,0.080,1.129,1.370,3,NULL,NULL,,3,0,2,7,255,976,250,0,0
stim,86059,116180,0,116180,3313494.453,-0.575,-0.021,0.028,0.817,0,0,2858,0,3078,2203,2846,3021,59,1.384,1,2146,0,104.374,1.651,-8.938,-101.938,20.563,-0.152,0.047,1.070,-1.539,-0.598,1.551,0.106,0.082,1.129,1.370,3,NULL,NULL,,3,0,2,7,255,976,250,0,0
stim,86059,116180,0,116180,3313499.455,-0.574,-0.017,0.027,0.818,0,0,2860,0,3081,2125,2869,3007,59,1.384,1,2146,0,113.851,1.022,24.375,-108.563,24.125,-0.250,0.082,1.203,-0.336,-0.965,1.551,0.104,0.086,1.129,1.370,3,NULL,NULL,,3,0,2,7,255,976,250,0,0
stim,86059,116180,0,116180,3313504.454,-0.574,-0.012,0.025,0.818,0,0,2848,0,3093,2013,2897,3021,59,1.384,1,2146,0,117.415,1.881,27.000,-114.188,4.313,-0.227,0.082,1.309,-0.332,-1.852,2.090,0.102,0.096,1.129,1.370,3,NULL,NULL,,3,0,2,7,255,976,250,0,0
stim,86059,116180,0,116180,3313509.455,-0.574,-0.008,0.023,0.819,0,0,2841,0,3090,1877,2904,3064,59,1.384,1,2146,0,120.498,1.881,18.375,-119.063,2.500,-0.164,0.098,1.402,-0.332,-1.852,3.098,0.098,0.106,1.129,1.370,3,NULL,NULL,,3,0,2,7,255,976,250,0,0
stim,86059,116180,0,116180,3313514.453,-0.573,-0.003,0.020,0.819,0,0,2845,0,3097,1755,2923,3017,59,1.384,1,2146,0,126.402,1.832,9.188,-125.000,16.375,-0.164,0.160,1.461,-0.645,-1.715,4.000,0.098,0.114,1.129,1.370,3,NULL,NULL,,3,0,2,7,255,976,250,0,0
stim,86085,116206,0,116206,3313519.455,-0.572,0.002,0.017,0.820,0,0,2835,0,3101,1594,2941,3003,59,1.384,1,2146,0,133.032,2.079,-0.625,-131.313,21.313,-0.180,0.195,1.422,-1.176,-1.715,4.156,0.100,0.122,1.129,1.370,3,NULL,NULL,,3,0,2,7,255,976,250,0,0
stim,86085,116206,0,116206,3313524.455,-0.572,0.006,0.014,0.820,0,0,2813,0,3104,1381,2957,3003,59,1.384,1,2146,0,139.348,2.547,-12.125,-137.250,20.813,-0.168,0.207,1.367,-1.387,-2.137,4.156,0.104,0.132,1.129,1.370,3,NULL,NULL,,3,0,2,7,255,976,250,0,0
stim,86085,116206,0,116206,3313529.455,-0.571,0.011,0.009,0.821,0,0,2799,0,3119,1140,2969,3003,59,1.384,1,2146,0,146.119,2.574,-20.375,-142.750,23.625,-0.152,0.176,1.348,-1.387,-2.168,3.609,0.106,0.144,1.129,1.370,3,NULL,NULL,,3,0,2,7,255,976,250,0,0
stim,86085,116206,0,116206,3313534.453,-0.570,0.016,0.005,0.822,0,0,2786,0,3121,927,2979,2983,59,1.384,1,2146,0,152.070,2.521,-22.563,-148.188,25.625,-0.188,0.109,1.258,-1.176,-2.230,3.371,0.110,0.156,1.129,1.370,3,NULL,NULL,,3,0,2,7,255,976,250,0,0
stim,86104,116225,0,116225,3313539.455,-0.569,0.021,0.001,0.822,0,0,2747,0,3125,677,2997,2972,59,1.384,1,2146,0,160.458,2.301,-16.125,-157.813,24.125,-0.191,0.020,1.211,-0.422,-2.262,2.465,0.110,0.168,1.129,1.370,3,NULL,NULL,,3,0,2,7,255,976,250,0,0
stim,86104,116225,0,116225,3313544.454,-0.568,0.026,-0.004,0.823,0,0,2727,0,3128,489,2997,2959,59,1.384,1,2146,0,166.554,2.311,-11.563,-164.125,25.875,-0.141,-0.012,1.270,0.473,-2.262,2.465,0.108,0.178,1.129,1.370,3,NULL,NULL,,3,0,2,7,255,976,250,0,0
stim,86104,116225,0,116225,3313549.455,-0.566,0.032,-0.008,0.824,0,0,2697,0,3129,350,3019,2939,59,1.384,1,2146,0,173.577,2.291,-20.063,-170.125,28.000,-0.152,0.016,1.250,0.473,-2.242,2.324,0.104,0.190,1.129,1.370,3,NULL,NULL,,3,0,2,7,255,976,250,0,0
stim,86104,116225,0,116225,3313554.453,-0.565,0.037,-0.014,0.824,0,0,2659,0,3131,149,3028,2920,59,1.384,1,2146,0,178.708,2.255,-27.500,-175.250,21.625,-0.125,0.043,1.188,0.461,-2.207,2.324,0.098,0.200,1.129,1.370,3,NULL,NULL,,3,0,2,7,255,976,250,0,0
stim,86127,116248,0,116248,3313559.455,-0.564,0.043,-0.019,0.824,0,0,2605,0,3131,89,3019,2894,59,1.384,1,2146,0,184.010,2.248,-28.938,-180.750,18.750,-0.117,0.059,1.172,0.156,-2.242,1.715,0.096,0.214,1.129,1.370,3,NULL,NULL,,3,0,2,7,255,976,250,0,0
stim,86127,116248,0,116248,3313564.453,-0.564,0.049,-0.024,0.824,0,0,2541,0,3125,37,3033,2861,59,1.384,1,2146,0,188.796,2.352,-20.750,-187.125,14.063,-0.145,0.078,1.246,0.023,-2.352,1.715,0.096,0.228,1.129,1.370,3,NULL,NULL,,3,0,2,7,255,976,250,0,0
stim,86157,116278,0,116278,3313569.455,-0.563,0.055,-0.029,0.824,0,0,2469,0,3115,5,3045,2833,59,1.384,1,2146,0,197.772,2.910,-9.563,-197.125,12.813,-0.246,0.031,1.398,0.023,-2.910,2.156,0.096,0.242,1.129,1.370,3,NULL,NULL,,3,0,2,7,255,976,250,0,0
stim,86157,116278,0,116278,3313574.454,-0.562,0.063,-0.034,0.824,0,0,2363,0,3125,16,3043,2795,59,1.384,1,2146,0,211.062,4.151,1.250,-210.813,10.188,-0.301,0.020,1.750,0.891,-4.055,3.496,0.100,0.256,1.129,1.370,3,NULL,NULL,,3,0,2,7,255,976,250,0,0
stim,86157,116278,0,116278,3313579.455,-0.560,0.071,-0.040,0.824,0,0,2221,0,3109,61,3045,2727,59,1.384,1,2146,0,228.561,5.395,8.500,-227.688,18.063,-0.363,0.063,2.063,1.410,-5.207,6.746,0.108,0.272,1.129,1.370,3,NULL,NULL,,3,0,2,7,255,976,250,0,0
stim,86157,116278,0,116278,3313584.454,-0.558,0.080,-0.046,0.824,0,0,2093,0,3108,69,3034,2677,59,1.384,1,2146,0,252.085,6.850,-10.125,-249.250,36.313,-0.418,0.289,2.359,1.410,-6.703,9.566,0.116,0.286,1.129,1.370,3,NULL,NULL,,3,0,2,7,255,976,250,0,0
stim,86157,116278,0,116278,3313589.455,-0.556,0.089,-0.055,0.825,0,0,1891,0,3091,83,3035,2611,59,1.384,1,2146,0,280.713,8.938,-41.250,-272.813,51.688,-0.590,0.477,2.461,-0.047,-8.938,12.109,0.130,0.302,1.129,1.370,3,NULL,NULL,,3,0,2,7,255,976,250,0,0
stim,86157,116278,0,116278,3313594.454,-0.553,0.097,-0.065,0.825,0,0,1767,0,3068,92,3019,2536,59,1.384,1,2146,0,313.780,11.874,-80.375,-298.375,54.500,-0.711,0.617,2.441,-0.949,-11.836,12.109,0.148,0.322,1.129,1.370,3,NULL,NULL,,3,0,2,7,255,976,250,0,0
stim,86157,116278,0,116278,3313599.455,-0.551,0.106,-0.076,0.824,0,0,1611,0,3039,107,2989,2439,59,1.384,1,2146,0,338.855,14.071,-98.188,-322.250,36.563,-0.773,0.621,2.438,-1.449,-13.996,11.664,0.170,0.348,1.129,1.370,3,NULL,NULL,,3,0,2,7,255,976,250,0,0
stim,86157,116278,0,116278,3313604.453,-0.549,0.116,-0.089,0.823,0,0,1479,0,3019,111,2971,2341,59,1.384,1,2146,0,365.073,15.241,-103.188,-349.188,26.438,-0.777,0.629,2.535,-1.449,-15.172,11.484,0.198,0.378,1.129,1.370,3,NULL,NULL,,3,0,2,7,255,976,250,0,0
stim,86186,116307,0,116307,3313609.455,-0.547,0.127,-0.102,0.821,0,0,1369,0,2975,111,2935,2219,59,1.384,1,2146,0,391.970,16.241,-109.750,-375.688,21.313,-0.801,0.754,2.688,-1.449,-16.176,11.484,0.234,0.418,1.129,1.370,3,NULL,NULL,,3,0,2,7,255,976,250,0,0
stim,86186,116307,0,116307,3313614.454,-0.545,0.138,-0.116,0.819,0,0,1227,0,2937,121,2901,2105,59,1.384,1,2146,0,420.310,18.158,-122.188,-402.000,11.250,-0.816,0.949,2.852,-2.234,-18.020,12.191,0.284,0.470,1.129,1.370,3,NULL,NULL,,3,0,2,7,255,976,250,0,0
stim,86186,116307,0,116307,3313619.455,-0.543,0.150,-0.131,0.816,0,0,1148,0,2880,115,2829,2009,59,1.384,1,2146,0,444.469,20.334,-129.375,-425.188,-5.500,-0.777,0.715,2.957,-2.234,-20.211,12.855,0.344,0.532,1.129,1.370,3,NULL,NULL,,3,0,2,7,255,976,250,0,0
stim,86186,116307,0,116307,3313624.455,-0.540,0.163,-0.146,0.813,0,0,1037,0,2811,121,2751,1887,59,1.384,1,2146,0,471.927,20.365,-119.500,-456.500,6.500,-0.840,0.480,3.113,-1.664,-20.297,13.324,0.416,0.604,1.129,1.370,3,NULL,NULL,,3,0,2,7,255,976,250,0,0
stim,86186,116307,0,116307,3313629.455,-0.537,0.177,-0.163,0.809,0,0,917,0,2735,109,2637,1751,59,1.384,1,2146,0,502.545,21.559,-152.188,-478.625,17.563,-0.965,0.762,3.059,-1.160,-21.527,13.324,0.496,0.684,1.129,1.370,3,NULL,NULL,,3,0,2,7,255,976,250,0,0
stim,86186,116307,0,116307,3313634.453,-0.534,0.190,-0.180,0.804,0,0,789,0,2617,67,2457,1588,59,1.384,1,2146,0,514.234,24.294,-159.813,-488.563,-14.250,-1.047,0.734,2.984,-0.645,-24.285,11.539,0.584,0.772,1.129,1.370,3,NULL,NULL,,3,0,2,7,255,976,250,0,0
stim,86186,116307,0,116307,3313639.455,-0.532,0.205,-0.196,0.798,0,0,649,0,2459,59,2272,1421,59,1.384,1,2146,0,521.278,24.294,-137.375,-501.125,-41.625,-0.906,0.250,3.039,-0.645,-24.285,10.086,0.678,0.868,1.129,1.370,3,NULL,NULL,,3,0,2,7,255,976,250,0,0
stim,86186,116307,0,116307,3313644.454,-0.529,0.220,-0.212,0.792,0,0,431,0,2263,4,2043,1197,59,1.384,1,2146,0,538.742,24.083,-127.438,-522.813,-25.875,-0.805,-0.320,3.102,3.387,-23.844,10.086,0.782,0.970,1.129,1.370,3,NULL,NULL,,3,0,2,7,255,976,250,0,0
stim,86217,116338,0,116338,3313649.455,-0.524,0.234,-0.231,0.785,0,0,295,0,1961,0,1739,1002,59,1.384,1,2146,0,564.202,24.003,-160.375,-540.625,18.125,-0.668,-0.465,2.691,8.414,-22.480,10.086,0.890,1.080,1.129,1.370,3,NULL,NULL,,3,0,2,7,255,976,250,0,0
stim,86217,116338,0,116338,3313654.453,-0.519,0.250,-0.248,0.779,0,0,203,0,1627,0,1325,852,59,1.384,1,2146,0,570.246,21.325,-139.500,-552.563,19.875,-0.637,-0.465,2.203,8.461,-19.574,7.434,1.002,1.196,1.129,1.370,3,NULL,NULL,,3,0,2,7,255,976,250,0,0
stim,86217,116338,0,116338,3313659.455,-0.511,0.267,-0.264,0.773,0,0,115,0,1200,0,767,635,59,1.384,1,2146,0,572.164,19.466,-68.063,-566.875,37.313,-0.746,-0.348,2.039,8.461,-17.531,3.000,1.116,1.314,1.129,1.370,3,NULL,NULL,,3,0,2,7,255,976,250,0,0
stim,86217,116338,0,116338,3313664.454,-0.502,0.285,-0.278,0.768,0,0,102,0,725,0,261,527,59,1.384,1,2146,0,578.194,19.195,-23.250,-575.000,56.063,-0.715,-0.051,2.184,7.816,-17.531,0.027,1.230,1.432,1.129,1.370,3,NULL,NULL,,3,0,2,7,255,976,250,0,0
stim,86217,116338,0,116338,3313669.455,-0.491,0.302,-0.292,0.763,0,0,39,0,223,0,0,425,59,1.384,1,2146,0,589.948,21.008,5.500,-581.125,101.500,-1.023,-0.082,2.320,7.309,-19.695,-0.203,1.340,1.546,1.129,1.370,3,NULL,NULL,,3,0,2,7,255,976,250,0,0
stim,86217,116338,0,116338,3313674.454,-0.476,0.320,-0.307,0.760,0,0,22,0,0,0,0,365,59,1.384,1,2146,0,634.079,23.828,28.625,-601.938,197.250,-1.441,-0.039,2.297,7.309,-22.680,-2.570,1.436,1.650,1.129,1.370,3,NULL,NULL,,3,0,2,7,255,976,250,0,0
stim,86269,116390,0,116390,3313679.455,-0.461,0.337,-0.322,0.756,0,0,11,0,0,0,0,309,59,1.384,1,2146,0,625.971,26.024,0.438,-595.313,193.500,-1.523,0.621,2.195,7.309,-24.977,-7.176,1.524,1.742,1.129,1.370,4,NULL,NULL,,3,0,2,7,255,976,250,0,0
stim,86269,116390,0,116390,3313684.454,-0.452,0.349,-0.338,0.748,0,0,11,0,0,0,0,175,59,1.384,1,2146,0,541.076,25.217,-154.063,-511.563,85.625,-0.867,1.500,1.863,3.477,-24.977,-10.336,1.610,1.834,1.129,1.370,0,NULL,NULL,,3,0,2,7,255,976,250,0,0
stim,86269,116390,0,116390,3313689.455,-0.450,0.352,-0.359,0.738,0,0,19,0,0,0,0,119,59,1.384,1,2146,0,534.040,25.023,-377.625,-371.875,65.625,-0.461,2.398,1.039,-7.227,-23.957,-10.922,1.706,1.936,1.129,1.370,0,NULL,NULL,,3,0,2,7,255,976,250,0,0
stim,86269,116390,0,116390,3313694.454,-0.451,0.345,-0.383,0.729,0,0,19,0,0,0,0,75,59,1.384,1,2146,0,616.992,25.796,-570.188,-191.375,137.625,-0.270,2.996,-0.734,-18.516,-17.961,-14.023,1.816,2.050,1.129,1.370,0,NULL,NULL,,3,0,2,7,255,976,250,0,0
stim,86269,116390,0,116390,3313699.455,-0.450,0.339,-0.396,0.725,0,0,9,0,0,0,0,29,59,1.384,1,2146,0,342.473,18.725,-310.313,-75.875,123.438,-0.523,1.734,-1.043,-18.516,-2.793,-23.082,1.934,2.170,1.129,1.370,0,NULL,NULL,,3,0,2,7,255,976,250,0,0
stim,86269,116390,0,116390,3313704.453,-0.447,0.339,-0.394,0.728,0,0,7,0,0,0,0,29,59,1.384,1,2146,0,134.150,15.281,107.063,11.125,80.063,-1.293,-0.609,0.492,-15.023,-2.793,-23.082,2.046,2.286,1.129,1.370,0,NULL,NULL,,3,0,2,7,255,976,250,0,0
stim,86269,116390,0,116390,3313709.455,-0.445,0.339,-0.389,0.732,0,0,3,0,0,0,0,39,59,1.384,1,2146,0,148.069,13.119,126.688,71.250,28.250,-1.820,-1.508,2.449,10.676,-7.625,-16.625,2.142,2.382,1.129,1.370,0,NULL,NULL,,3,0,2,7,255,976,250,0,0
stim,86269,116390,0,116390,3313714.454,-0.451,0.332,-0.389,0.731,0,0,3,0,0,0,0,19,59,1.384,1,2146,0,194.593,29.091,-117.875,150.188,-37.625,-1.742,-0.820,2.500,16.309,-24.090,-10.313,2.212,2.450,1.129,1.370,0,NULL,NULL,,3,0,2,7,255,976,250,0,0
stim,86269,116390,0,116390,3313719.455,-0.460,0.321,-0.393,0.728,0,0,2,0,0,0,0,13,59,1.384,1,2146,0,356.697,29.091,-284.875,206.500,-58.625,-1.266,0.793,1.176,16.309,-24.090,-10.313,2.254,2.494,1.129,1.370,0,NULL,NULL,,3,0,2,7,255,976,250,0,0
stim,86269,116390,0,116390,3313724.455,-0.469,0.309,-0.396,0.726,0,0,0,0,0,0,0,12,59,1.384,1,2146,0,344.422,17.324,-255.500,229.875,-22.438,-0.926,1.887,0.211,-1.832,-17.227,-16.875,2.286,2.526,1.129,1.370,0,NULL,NULL,,3,0,2,7,255,976,250,0,0
stim,86291,116412,0,116412,3313729.455,-0.474,0.299,-0.396,0.727,0,0,0,0,0,0,0,4,59,1.384,1,2146,0,269.570,16.973,-135.438,232.625,14.500,-0.863,1.859,0.090,-13.793,-9.891,-21.836,2.322,2.568,1.129,1.370,0,NULL,NULL,,3,0,2,7,255,976,250,0,0
stim,86291,116412,0,116412,3313734.454,-0.479,0.289,-0.393,0.730,0,0,0,0,0,0,0,3,59,1.384,1,2146,0,253.402,16.973,-73.063,240.438,32.625,-0.879,0.852,0.504,-13.793,-9.891,-21.836,2.376,2.628,1.129,1.370,0,NULL,NULL,,3,0,2,7,255,976,250,0,0
stim,86291,116412,0,116412,3313739.455,-0.483,0.279,-0.392,0.731,0,0,0,0,0,0,0,0,59,1.384,1,2146,0,272.209,10.975,-109.688,246.625,35.250,-1.102,0.000,0.559,-4.523,-10.000,-16.785,2.440,2.694,1.129,1.370,0,NULL,NULL,,3,0,2,7,255,976,250,0,0
stim,86291,116412,0,116412,3313744.453,-0.489,0.267,-0.391,0.732,0,0,0,0,0,0,0,0,59,1.384,1,2146,0,298.728,10.766,-148.688,258.750,13.375,-0.910,-0.121,0.039,3.988,-10.000,-16.121,2.502,2.760,1.129,1.370,0,NULL,NULL,,3,0,2,7,255,976,250,0,0
stim,86319,116440,0,116440,3313749.455,-0.495,0.256,-0.390,0.733,0,0,0,0,0,0,0,0,59,1.384,1,2146,0,287.481,6.161,-116.375,262.125,19.813,-0.570,0.168,-0.504,3.988,-4.695,-16.121,2.564,2.822,1.129,1.370,0,NULL,NULL,,3,0,2,7,255,976,250,0,0
stim,86319,116440,0,116440,3313754.453,-0.499,0.246,-0.386,0.736,0,0,0,0,0,0,0,0,59,1.384,1,2146,0,272.466,0.891,-39.813,265.500,46.500,-0.496,0.461,-0.504,0.715,0.531,-17.367,2.622,2.884,1.129,1.370,0,NULL,NULL,,3,0,2,7,255,976,250,0,0
stim,86319,116440,0,116440,3313759.455,-0.501,0.236,-0.380,0.741,0,0,0,0,0,0,0,0,59,1.384,1,2146,0,282.180,2.217,9.000,274.250,65.813,-0.492,0.480,-0.234,-2.152,0.531,-17.367,2.682,2.946,1.129,1.370,0,NULL,NULL,,3,0,2,7,255,976,250,0,0
stim,86319,116440,0,116440,3313764.454,-0.503,0.226,-0.373,0.746,0,0,0,0,0,0,0,0,59,1.384,1,2146,0,297.555,2.801,22.063,286.250,78.188,-0.539,0.414,-0.082,-2.152,-1.793,-16.313,2.734,3.000,1.129,1.370,0,NULL,NULL,,3,0,2,7,255,976,250,0,0
stim,86361,116482,0,116482,3313769.455,-0.506,0.216,-0.366,0.751,0,0,0,0,0,0,0,0,59,1.384,1,2146,0,310.395,3.683,33.250,297.688,81.375,-0.559,0.348,-0.082,-1.703,-3.266,-15.496,2.778,3.048,1.129,1.370,0,NULL,NULL,,3,0,2,7,255,976,250,0,0
stim,86361,116482,0,116482,3313774.454,-0.508,0.206,-0.358,0.756,0,0,0,0,0,0,0,0,59,1.384,1,2146,0,323.905,3.546,60.000,306.688,85.188,-0.535,0.289,-0.027,-0.973,-3.410,-15.320,2.812,3.084,1.129,1.370,0,NULL,NULL,,3,0,2,7,255,976,250,0,0
stim,86361,116482,0,116482,3313779.455,-0.509,0.196,-0.349,0.762,0,0,0,0,0,0,0,0,59,1.384,1,2146,0,337.931,3.745,86.625,313.563,91.500,-0.570,0.289,0.207,-0.582,-3.699,-14.508,2.840,3.114,1.129,1.370,0,NULL,NULL,,3,0,2,7,255,976,250,0,0
stim,86361,116482,0,116482,3313784.454,-0.511,0.186,-0.340,0.768,0,0,0,0,0,0,0,0,59,1.384,1,2146,0,343.314,5.760,91.688,320.313,82.813,-0.645,0.371,0.465,-0.582,-5.730,-13.102,2.866,3.142,1.129,1.370,0,NULL,NULL,,3,0,2,7,255,976,250,0,0
stim,86361,116482,0,116482,3313789.455,-0.513,0.176,-0.330,0.773,0,0,0,0,0,0,0,0,59,1.384,1,2146,0,346.777,8.412,85.000,328.750,70.375,-0.551,0.355,0.598,-1.211,-8.324,-11.945,2.890,3.168,1.129,1.370,0,NULL,NULL,,3,0,2,7,255,976,250,0,0
stim,86361,116482,0,116482,3313794.453,-0.515,0.166,-0.320,0.778,0,0,0,0,0,0,0,0,59,1.384,1,2146,0,351.629,8.473,76.750,336.000,69.688,-0.465,0.344,0.641,-1.582,-8.324,-10.160,2.914,3.196,1.129,1.370,0,NULL,NULL,,3,0,2,7,255,976,250,0,0
stim,86361,116482,0,116482,3313799.455,-0.517,0.155,-0.310,0.783,0,0,0,0,0,0,0,0,59,1.384,1,2146,0,359.298,8.497,75.500,343.313,74.375,-0.430,0.316,0.660,-1.816,-8.301,-9.063,2.940,3.224,1.129,1.370,0,NULL,NULL,,3,0,2,7,255,976,250,0,0
stim,86361,116482,0,116482,3313804.453,-0.519,0.144,-0.300,0.787,0,0,0,0,0,0,0,0,59,1.384,1,2146,0,365.730,8.490,77.063,350.000,72.938,-0.438,0.301,0.699,-1.816,-8.293,-8.398,2.972,3.258,1.129,1.370,0,NULL,NULL,,3,0,2,7,255,976,250,0,0
stim,86361,116482,0,116482,3313809.455,-0.521,0.133,-0.289,0.792,0,0,0,0,0,0,0,0,59,1.384,1,2146,0,371.083,8.473,80.188,356.563,64.313,-0.434,0.289,0.754,-1.738,-8.293,-7.875,3.006,3.294,1.129,1.370,0,NULL,NULL,,3,0,2,7,255,976,250,0,0
stim,86361,116482,0,116482,3313814.454,-0.524,0.121,-0.278,0.796,0,0,0,0,0,0,0,0,59,1.384,1,2146,0,375.866,8.468,83.250,362.438,54.625,-0.387,0.250,0.816,-1.711,-8.293,-7.129,3.042,3.334,1.129,1.370,0,NULL,NULL,,3,0,2,7,255,976,250,0,0
stim,86388,116509,0,116509,3313819.455,-0.527,0.110,-0.267,0.800,0,0,0,0,0,0,0,0,59,1.384,1,2146,0,380.306,8.442,81.625,368.063,50.000,-0.359,0.215,0.879,-1.699,-8.270,-6.051,3.082,3.376,1.129,1.370,0,NULL,NULL,,3,0,2,7,255,976,250,0,0
stim,86388,116509,0,116509,3313824.455,-0.529,0.098,-0.256,0.803,0,0,0,0,0,0,0,0,59,1.384,1,2146,0,384.234,8.353,78.063,373.313,46.688,-0.352,0.195,0.855,-1.672,-8.184,-5.027,3.124,3.418,1.129,1.370,0,NULL,NULL,,3,0,2,7,255,976,250,0,0
stim,86388,116509,0,116509,3313829.455,-0.532,0.086,-0.245,0.806,0,0,0,0,0,0,0,0,59,1.384,1,2146,0,388.753,7.918,82.563,377.500,42.500,-0.371,0.207,0.793,-1.547,-7.766,-5.027,3.164,3.462,1.129,1.370,0,NULL,NULL,,3,0,2,7,255,976,250,0,0
stim,86388,116509,0,116509,3313834.454,-0.535,0.075,-0.232,0.809,0,0,0,0,0,0,0,0,59,1.384,1,2146,0,394.660,7.646,95.188,381.125,37.938,-0.352,0.168,0.770,-1.523,-7.492,-5.035,3.206,3.506,1.129,1.370,0,NULL,NULL,,3,0,2,7,255,976,250,0,0
stim,86389,116510,0,116510,3313839.455,-0.537,0.064,-0.220,0.812,0,0,0,0,0,0,0,0,59,1.384,1,2146,0,400.187,7.313,111.750,382.688,34.813,-0.387,0.152,0.813,-1.285,-7.199,-5.035,3.250,3.552,1.129,1.370,0,NULL,NULL,,3,0,2,7,255,976,250,0,0
stim,86389,116510,0,116510,3313844.453,-0.540,0.053,-0.206,0.814,0,0,0,0,0,0,0,0,59,1.384,1,2146,0,404.863,7.313,130.000,382.625,24.750,-0.426,0.215,0.977,-1.285,-7.199,-4.496,3.292,3.598,1.129,1.370,0,NULL,NULL,,3,0,2,7,255,976,250,0,0
stim,86417,116538,0,116538,3313849.455,-0.543,0.043,-0.192,0.816,0,0,0,0,0,0,0,0,59,1.384,1,2146,0,404.589,8.365,134.000,381.500,13.938,-0.395,0.250,1.105,-1.820,-8.164,-3.133,3.336,3.646,1.129,1.370,0,NULL,NULL,,3,0,2,7,255,976,250,0,0
stim,86417,116538,0,116538,3313854.454,-0.546,0.032,-0.178,0.818,0,0,0,0,0,0,0,0,59,1.384,1,2146,0,402.427,8.550,137.188,378.125,12.188,-0.328,0.223,1.109,-2.539,-8.164,-1.719,3.382,3.692,1.129,1.370,0,NULL,NULL,,3,0,2,7,255,976,250,0,0
stim,86417,116538,0,116538,3313859.455,-0.548,0.023,-0.164,0.820,0,0,0,0,0,0,0,0,59,1.384,1,2146,0,405.107,7.708,152.813,374.875,15.125,-0.266,0.156,1.160,-2.539,-7.277,-1.160,3.426,3.740,1.129,1.370,0,NULL,NULL,,3,0,2,7,255,976,250,0,0
stim,86417,116538,0,116538,3313864.453,-0.551,0.013,-0.149,0.821,0,0,0,0,0,0,0,0,59,1.384,1,2146,0,407.188,6.880,165.563,371.875,10.000,-0.207,0.250,1.289,-2.625,-6.359,-0.121,3.468,3.786,1.129,1.370,0,NULL,NULL,,3,0,2,7,255,976,250,0,0
stim,86457,116578,0,116578,3313869.455,-0.553,0.004,-0.134,0.822,0,0,0,0,0,0,0,0,59,1.384,1,2146,0,405.460,7.148,169.000,368.500,6.688,-0.102,0.246,1.320,-3.672,-6.133,1.145,3.510,3.830,1.129,1.370,0,NULL,NULL,,3,0,2,7,255,976,250,0,0
stim,86457,116578,0,116578,3313874.454,-0.555,-0.004,-0.119,0.823,0,0,0,0,0,0,0,0,59,1.384,1,2146,0,405.621,6.356,180.875,362.750,15.000,-0.047,0.258,1.359,-4.102,-4.855,1.840,3.548,3.870,1.129,1.370,0,NULL,NULL,,3,0,2,7,255,976,250,0,0
stim,86483,116605,0,116605,3313879.455,-0.556,-0.013,-0.103,0.824,0,0,0,0,0,0,0,0,59,1.384,1,2146,0,408.796,6.105,200.000,355.375,28.688,-0.063,0.320,1.484,-4.465,-4.164,2.418,3.584,3.910,1.129,1.370,0,NULL,NULL,,3,0,2,7,255,976,250,0,0
stim,86483,116605,0,116605,3313884.454,-0.557,-0.020,-0.087,0.826,0,0,0,0,0,0,0,0,59,1.384,1,2146,0,411.333,6.594,215.000,349.000,34.188,-0.121,0.367,1.688,-5.113,-4.164,3.617,3.618,3.946,1.129,1.370,0,NULL,NULL,,3,0,2,7,255,976,250,0,0
stim,86484,116605,0,116605,3313889.455,-0.558,-0.027,-0.070,0.827,0,0,0,0,0,0,0,0,59,1.384,1,2146,0,411.901,7.223,224.875,343.688,31.188,-0.168,0.379,1.918,-5.535,-4.641,5.602,3.652,3.982,1.129,1.370,0,NULL,NULL,,3,0,2,7,255,976,250,0,0
stim,86484,116605,0,116605,3313894.453,-0.559,-0.034,-0.054,0.827,0,0,0,0,0,0,0,0,59,1.384,1,2146,0,409.224,7.313,226.938,339.688,24.000,-0.156,0.348,2.137,-5.652,-4.641,7.973,3.684,4.018,1.129,1.370,0,NULL,NULL,,3,0,2,7,255,976,250,0,0
stim,86484,116605,0,116605,3313899.455,-0.559,-0.041,-0.037,0.827,0,0,0,0,0,0,0,0,59,1.384,1,2146,0,405.195,6.947,223.063,337.813,17.563,-0.141,0.270,2.293,-5.652,-4.039,10.320,3.716,4.052,1.129,1.370,0,NULL,NULL,,3,0,2,7,255,976,250,0,0
stim,86484,116605,0,116605,3313904.454,-0.560,-0.047,-0.021,0.827,0,0,0,0,0,0,0,0,59,1.384,1,2146,0,401.319,5.896,216.188,337.938,10.875,-0.141,0.234,2.398,-5.105,-2.949,12.125,3.748,4.086,1.129,1.370,0,NULL,NULL,,3,0,2,7,255,976,250,0,0
stim,86484,116605,0,116605,3313909.455,-0.561,-0.054,-0.005,0.826,0,0,0,0,0,0,0,0,59,1.384,1,2146,0,399.475,5.198,209.813,339.938,-1.063,-0.148,0.242,2.465,-4.781,-2.039,13.285,3.778,4.118,1.129,1.370,0,NULL,NULL,,3,0,2,7,255,976,250,0,0
stim,86484,116605,0,116605,3313914.453,-0.563,-0.061,0.011,0.824,0,0,0,0,0,0,0,0,59,1.384,1,2146,0,401.791,4.939,207.938,343.250,-19.438,-0.117,0.207,2.516,-4.770,-1.281,14.023,3.808,4.150,1.129,1.370,0,NULL,NULL,,3,0,2,7,255,976,250,0,0
stim,86484,116605,0,116605,3313919.455,-0.565,-0.069,0.027,0.822,0,0,0,0,0,0,0,0,59,1.384,1,2146,0,405.149,4.469,205.875,346.750,-39.063,0.008,0.094,2.535,-4.469,0.008,14.582,3.834,4.178,1.129,1.370,0,NULL,NULL,,3,0,2,7,255,976,250,0,0
stim,86484,116605,0,116605,3313924.455,-0.567,-0.076,0.042,0.819,0,0,0,0,0,0,0,0,59,1.384,1,2146,0,405.617,4.471,202.750,348.125,-47.188,0.184,-0.109,2.371,-3.746,2.441,14.582,3.858,4.204,1.129,1.370,0,NULL,NULL,,3,0,2,7,255,976,250,0,0
stim,86484,116605,0,116605,3313929.455,-0.569,-0.083,0.058,0.816,0,0,0,0,0,0,0,0,59,1.384,1,2146,0,411.540,5.757,219.625,344.875,-46.813,0.383,-0.313,2.156,-2.172,5.332,12.797,3.874,4.224,1.129,1.370,0,NULL,NULL,,3,0,2,7,255,976,250,0,0
stim,86484,116605,0,116605,3313934.453,-0.571,-0.088,0.076,0.812,0,0,0,0,0,0,0,0,59,1.384,1,2146,0,431.784,8.258,261.438,339.625,-52.375,0.617,-0.363,2.129,-0.574,8.238,10.227,3.886,4.236,1.129,1.370,0,NULL,NULL,,3,0,2,7,255,976,250,0,0
stim,86501,116622,0,116622,3313939.455,-0.574,-0.093,0.095,0.808,0,0,0,0,0,0,0,0,59,1.384,1,2146,0,458.766,11.159,311.375,332.438,-54.750,0.855,-0.293,2.301,-0.574,11.145,9.738,3.888,4.242,1.129,1.370,0,NULL,NULL,,3,0,2,7,255,976,250,0,0
stim,86501,116622,0,116622,3313944.453,-0.576,-0.096,0.115,0.804,0,0,0,0,0,0,0,0,59,1.384,1,2146,0,477.784,14.243,344.813,326.250,-54.250,1.086,-0.270,2.547,-1.676,14.145,9.738,3.882,4.238,1.129,1.370,0,NULL,NULL,,3,0,2,7,255,976,250,0,0
stim,86501,116622,1,116622,3313949.455,-0.578,-0.098,0.135,0.799,0,0,0,0,0,0,0,13,59,1.384,1,2146,0,483.083,17.606,364.250,313.875,-46.625,1.301,-0.336,2.754,-1.781,17.516,10.902,3.866,4.224,1.129,1.370,0,NULL,NULL,,3,1,2,7,255,976,250,0,0
stim,86501,116622,1,116622,3313954.454,-0.579,-0.099,0.156,0.794,0,0,0,0,0,0,0,25,59,1.384,1,2146,0,480.389,21.110,373.563,300.000,-35.000,1.473,-0.359,2.953,-1.781,21.035,11.508,3.836,4.198,1.129,1.370,0,NULL,NULL,,3,1,2,7,255,976,250,0,0
stim,86524,116645,1,116645,3313959.455,-0.580,-0.100,0.176,0.789,0,0,0,0,0,0,0,29,59,1.384,1,2146,0,472.076,24.088,371.750,289.750,-26.500,1.566,-0.324,3.082,-1.406,24.047,12.016,3.794,4.156,1.129,1.370,0,NULL,NULL,,3,1,2,7,255,976,250,0,0
stim,86524,116645,1,116645,3313964.453,-0.580,-0.100,0.195,0.784,0,0,0,0,0,0,0,39,59,1.384,1,2146,0,458.741,26.001,362.125,280.375,-26.438,1.566,-0.430,3.211,-1.289,25.969,12.102,3.734,4.100,1.129,1.370,0,NULL,NULL,,3,1,2,7,255,976,250,0,0
stim,86524,116645,1,116645,3313969.455,-0.581,-0.101,0.213,0.779,0,0,0,0,0,0,0,43,59,1.384,1,2146,0,444.008,27.480,350.188,270.625,-35.688,1.578,-0.418,3.445,0.441,27.477,12.211,3.662,4.030,1.129,1.370,0,NULL,NULL,,3,1,2,7,255,976,250,0,0
stim,86524,116645,1,116645,3313974.454,-0.582,-0.102,0.231,0.773,0,0,0,0,0,0,0,53,59,1.384,1,2146,0,420.999,29.273,323.563,262.188,-61.688,1.832,-0.184,3.676,0.441,29.270,13.355,3.576,3.946,1.129,1.370,0,NULL,NULL,,3,1,2,7,255,976,250,0,0
stim,86569,116690,1,116690,3313979.455,-0.584,-0.105,0.246,0.766,0,0,0,0,0,0,0,56,59,1.384,1,2146,0,383.630,32.614,270.250,256.313,-91.875,2.320,-0.066,3.695,-0.906,32.602,13.355,3.476,3.848,1.129,1.370,0,NULL,NULL,,3,1,2,7,255,976,250,0,0
stim,86569,116690,1,116690,3313984.454,-0.586,-0.109,0.258,0.760,0,0,0,0,0,0,0,75,59,1.384,1,2146,0,334.489,37.274,202.000,248.188,-97.375,2.871,-0.184,3.492,-2.707,37.176,11.145,3.364,3.738,1.129,1.370,0,NULL,NULL,,3,1,2,7,255,976,250,0,0
stim,86569,116690,1,116690,3313989.455,-0.587,-0.115,0.268,0.755,0,0,0,0,0,0,0,123,59,1.384,1,2146,0,282.888,41.533,131.375,237.688,-79.188,3.371,-0.352,3.070,-2.871,41.434,5.652,3.240,3.614,1.129,1.370,0,NULL,NULL,,3,1,2,7,255,976,250,0,0
stim,86569,116690,1,116690,3313994.454,-0.587,-0.121,0.276,0.752,0,0,0,0,0,0,0,186,59,1.384,1,2146,0,246.919,44.016,77.063,226.750,-60.125,3.855,-0.410,2.512,-2.883,43.922,-1.578,3.104,3.478,1.129,1.370,0,NULL,NULL,,3,1,2,7,255,976,250,0,0
stim,86569,116690,1,116690,3313999.455,-0.586,-0.127,0.283,0.749,0,0,0,0,0,0,0,239,59,1.384,1,2146,0,224.830,45.252,47.250,214.875,-46.313,4.395,-0.469,1.863,-4.180,45.059,-9.629,2.954,3.328,1.129,1.370,0,NULL,NULL,,3,1,2,7,255,976,250,0,0
stim,86569,116690,1,116690,3314004.453,-0.585,-0.133,0.290,0.746,0,0,0,0,0,0,0,295,59,1.384,1,2146,0,215.585,45.733,55.063,206.563,-27.875,4.832,-0.734,1.160,-5.262,45.430,-18.590,2.790,3.162,1.129,1.370,0,NULL,NULL,,3,1,2,7,255,976,250,0,0
stim,86569,116690,1,116690,3314009.455,-0.583,-0.136,0.297,0.744,0,0,0,0,0,0,0,303,59,1.384,1,2146,0,184.577,46.114,89.063,161.500,7.375,5.344,-1.801,0.836,-5.262,45.813,-27.977,2.614,2.982,1.129,1.370,0,NULL,NULL,,3,1,2,7,255,976,250,0,0
stim,86569,116690,1,116690,3314014.454,-0.580,-0.136,0.305,0.743,0,0,0,0,0,0,0,300,59,1.384,1,2146,0,210.780,47.734,139.313,134.188,83.750,5.250,-2.523,0.617,2.852,47.648,-36.629,2.432,2.796,1.129,1.370,0,NULL,NULL,,3,1,2,7,255,976,250,0,0
stim,86569,116690,1,116690,3314019.455,-0.575,-0.130,0.317,0.743,0,0,0,0,0,0,0,253,59,1.384,1,2146,0,321.921,48.519,260.625,92.438,164.813,4.813,-2.477,0.645,9.148,47.648,-38.512,2.248,2.604,1.129,1.370,0,NULL,NULL,,3,1,2,7,255,976,250,0,0
stim,86569,116690,1,116690,3314024.455,-0.570,-0.121,0.331,0.742,0,0,0,0,0,0,0,215,59,1.384,1,2146,0,395.525,45.014,353.500,49.500,170.375,3.938,-2.234,1.680,9.262,44.051,-38.512,2.066,2.412,1.129,1.370,0,NULL,NULL,,3,1,2,7,255,976,250,0,0
stim,86591,116712,1,116712,3314029.455,-0.568,-0.110,0.344,0.740,0,0,0,0,0,0,0,165,59,1.384,1,2146,0,404.685,44.074,381.688,5.313,134.375,3.281,-1.371,2.688,9.262,43.090,-25.984,1.884,2.220,1.129,1.370,0,NULL,NULL,,3,1,2,7,255,976,250,0,0
stim,86591,116712,1,116712,3314034.454,-0.568,-0.099,0.354,0.736,0,0,0,0,0,0,0,332,59,1.384,1,2146,0,331.877,43.639,323.250,-43.063,61.625,2.398,-0.219,4.176,6.902,43.090,-12.699,1.702,2.028,1.129,1.370,0,NULL,NULL,,3,1,2,7,255,976,250,0,0
stim,86591,116712,1,116712,3314039.455,-0.563,-0.076,0.366,0.737,329,0,0,681,0,69,0,406,59,1.384,1,2146,0,624.558,44.588,498.000,-215.125,309.500,1.230,-1.184,8.066,6.902,44.051,6.820,1.518,1.834,1.129,1.370,0,NULL,NULL,,3,1,2,7,255,976,250,0,0
stim,86591,116712,1,116712,3314044.453,-0.550,-0.054,0.370,0.747,948,0,0,1363,0,292,0,491,59,1.384,1,2146,0,612.361,61.225,235.750,-237.688,512.750,1.879,1.219,10.461,12.934,59.844,36.941,1.334,1.638,1.129,1.370,0,NULL,NULL,,3,1,2,7,255,976,250,0,0
stim,86615,116736,1,116736,3314049.455,-0.531,-0.068,0.332,0.777,1565,0,0,1779,0,547,0,568,59,1.384,1,2146,0,1235.756,61.225,-1103.188,-123.375,543.000,-0.473,3.059,4.445,12.934,59.844,39.039,1.150,1.442,1.129,1.370,0,NULL,NULL,,3,1,2,7,255,976,250,0,0
stim,86615,116736,1,116736,3314054.453,-0.513,-0.087,0.283,0.806,1977,0,0,1945,0,889,0,602,59,1.384,1,2146,0,1425.705,20.905,-1340.063,-188.688,448.625,-1.301,5.195,-1.059,-14.902,14.660,39.039,0.970,1.244,1.129,1.370,0,NULL,NULL,,3,1,2,7,255,976,250,0,0
stim,86615,116736,1,116736,3314059.455,-0.499,-0.097,0.255,0.822,2204,0,0,2103,0,1080,0,639,60,1.384,1,2147,0,842.117,37.321,-771.000,-100.938,323.313,-2.957,3.539,-3.309,-18.594,-32.359,4.418,0.802,1.048,1.129,1.370,1,954.000,-22.000,,3,1,2,7,255,976,250,0,0
stim,86615,116736,1,116736,3314064.454,-0.498,-0.097,0.242,0.827,2393,0,0,2215,0,1243,0,693,60,1.384,1,2147,0,312.646,39.474,-276.625,-137.688,47.625,-3.199,0.363,-1.883,-18.594,-34.820,-12.273,0.652,0.854,1.129,1.370,1,NULL,NULL,,3,1,2,7,255,976,250,0,0
stim,86660,116781,1,116781,3314069.455,-0.504,-0.093,0.239,0.825,2503,0,0,2277,0,1387,0,796,60,1.384,1,2147,0,190.568,34.919,16.813,-135.688,-132.750,-0.777,0.164,0.848,2.629,-34.820,-12.273,0.536,0.664,1.129,1.370,1,NULL,NULL,,3,1,2,7,255,976,250,0,0
stim,86660,116781,1,116781,3314074.454,-0.506,-0.090,0.238,0.824,2648,0,0,2455,0,1543,0,875,60,1.384,1,2147,0,106.983,3.790,16.500,-98.875,-37.375,0.973,2.012,1.750,2.629,-2.730,0.926,0.482,0.490,1.129,1.370,2,NULL,NULL,,3,1,2,7,255,976,250,0,0
stim,86660,116781,1,116781,3314079.455,-0.502,-0.087,0.231,0.829,2778,0,0,2645,0,1596,0,1006,60,1.384,1,2147,0,208.161,18.998,-125.875,-109.125,124.813,0.359,2.102,2.102,-18.594,3.898,6.949,0.498,0.362,1.129,1.370,2,NULL,NULL,,3,1,2,7,255,976,250,0,0
stim,86660,116781,1,116781,3314084.454,-0.494,-0.087,0.217,0.838,2861,0,0,2761,0,1671,0,1142,60,1.384,1,2147,0,433.648,18.998,-334.000,-155.000,229.063,-1.781,-0.262,1.191,-18.594,3.898,6.949,0.546,0.316,1.129,1.370,2,NULL,NULL,,3,1,2,7,255,976,250,0,0
stim,86660,116781,1,116781,3314089.455,-0.492,-0.089,0.198,0.843,2949,0,0,2858,0,1733,0,1257,60,1.384,1,2147,0,446.047,13.630,-413.000,-163.688,39.938,-2.480,-1.258,-0.305,11.301,-7.621,6.348,0.588,0.344,1.129,1.370,2,NULL,NULL,,3,1,2,7,255,976,250,0,0
stim,86660,116781,1,116781,3314094.453,-0.499,-0.088,0.186,0.841,2981,0,0,2933,0,1790,0,1383,60,1.384,1,2147,0,331.031,19.943,-204.500,-182.813,-185.313,-1.445,-1.195,-1.121,16.914,-10.566,-6.789,0.624,0.406,1.129,1.370,2,NULL,NULL,,3,1,2,7,255,976,250,0,0
stim,86660,116781,1,116781,3314099.455,-0.510,-0.083,0.182,0.837,3017,0,0,2997,0,1847,0,1483,60,1.384,1,2147,0,300.327,19.943,23.563,-177.313,-241.250,0.012,-1.188,0.383,16.914,-10.566,-8.590,0.660,0.470,1.129,1.370,2,NULL,NULL,,3,1,2,7,255,976,250,0,0
stim,86660,116781,1,116781,3314104.453,-0.517,-0.077,0.179,0.833,3047,0,0,3035,0,1899,0,1529,60,1.384,1,2147,0,244.404,12.067,37.688,-167.313,-174.125,1.000,-1.504,1.902,10.219,6.418,-8.590,0.698,0.522,1.129,1.370,2,NULL,NULL,,3,1,2,7,255,976,250,0,0
stim,86660,116781,1,116781,3314109.455,-0.520,-0.073,0.173,0.834,3076,0,0,3087,0,1957,0,1555,60,1.384,1,2147,0,175.094,22.948,-64.938,-157.938,-38.688,1.441,-1.594,1.984,9.145,21.047,1.250,0.722,0.560,1.129,1.370,2,NULL,NULL,,3,1,2,7,255,976,250,0,0
stim,86660,116781,1,116781,3314114.454,-0.516,-0.071,0.164,0.838,3091,0,0,3113,0,2029,0,1541,60,1.384,1,2147,0,246.932,23.612,-159.813,-152.125,110.875,1.156,-1.766,1.500,9.145,21.770,1.250,0.720,0.584,1.129,1.370,2,NULL,NULL,,3,1,2,7,255,976,250,0,0
stim,86684,116805,1,116805,3314119.455,-0.508,-0.068,0.156,0.844,3101,0,0,3134,0,2101,0,1532,60,1.384,1,2147,0,305.464,24.142,-165.375,-138.938,216.000,0.398,-1.512,0.750,10.438,21.770,-2.211,0.690,0.598,1.129,1.370,2,NULL,NULL,,3,1,2,7,255,976,250,0,0
stim,86684,116805,1,116805,3314124.455,-0.500,-0.063,0.150,0.851,3112,0,0,3156,0,2171,83,1568,60,1.384,1,2147,0,294.348,16.019,-96.313,-141.438,239.500,-0.523,-0.715,0.355,10.438,12.152,-6.309,0.650,0.600,1.129,1.370,2,NULL,NULL,,3,1,2,7,255,976,250,0,0
stim,86684,116805,1,116805,3314129.455,-0.494,-0.058,0.146,0.855,3117,0,0,3165,0,2238,147,1634,60,1.384,1,2147,0,224.953,8.582,-38.875,-150.688,162.438,-1.094,0.184,1.004,8.582,-0.027,-6.309,0.608,0.576,1.129,1.370,2,NULL,NULL,,3,1,2,7,255,976,250,0,0
stim,86684,116805,1,116805,3314134.454,-0.493,-0.053,0.140,0.857,3123,0,0,3171,0,2335,209,1855,60,1.384,1,2147,0,167.465,6.724,-60.438,-147.938,50.063,-0.633,0.699,1.129,3.945,-5.445,2.512,0.564,0.518,1.129,1.370,2,NULL,NULL,,3,1,2,7,255,976,250,0,0
stim,86704,116825,1,116825,3314139.455,-0.493,-0.049,0.135,0.858,3115,0,0,3177,0,2391,293,2009,60,1.384,1,2147,0,157.979,6.047,-61.063,-145.125,12.938,-0.203,0.469,1.363,-2.629,-5.445,3.320,0.530,0.430,1.129,1.370,2,NULL,NULL,,3,1,2,7,255,976,250,0,0
stim,86704,116825,1,116825,3314144.453,-0.495,-0.047,0.132,0.858,3123,0,0,3189,24,2425,296,2128,60,1.384,1,2147,0,109.058,2.656,-43.938,-91.313,-40.313,0.301,0.113,2.078,-2.629,-0.379,4.195,0.510,0.336,1.129,1.370,2,NULL,NULL,,3,1,2,7,255,976,250,0,0
stim,86704,116825,1,116825,3314149.455,-0.496,-0.046,0.128,0.857,3126,0,0,3180,310,2453,303,2203,60,1.384,1,2147,0,82.147,7.634,-52.750,-54.125,-32.188,1.016,0.328,1.156,-2.730,7.129,4.195,0.498,0.264,1.129,1.370,2,NULL,NULL,,3,1,2,7,255,976,250,0,0
stim,86704,116825,1,116825,3314154.454,-0.496,-0.044,0.127,0.858,3125,0,0,3181,533,2467,316,2263,60,1.384,1,2147,0,46.155,10.450,-10.000,-44.125,9.125,0.699,0.730,1.473,-7.641,7.129,3.824,0.484,0.224,1.129,1.370,2,NULL,NULL,,3,1,2,7,255,976,250,0,0
stim,86728,116849,1,116849,3314159.455,-0.497,-0.045,0.123,0.858,3125,0,0,3178,684,2479,325,2326,60,1.384,1,2147,0,88.280,9.593,-83.625,-25.125,-13.000,-0.176,0.031,1.977,-7.641,5.801,3.824,0.470,0.208,1.129,1.370,2,NULL,NULL,,3,1,2,7,255,976,250,0,0
stim,86728,116849,1,116849,3314164.453,-0.497,-0.048,0.117,0.859,3125,0,0,3187,853,2489,320,2364,60,1.384,1,2147,0,146.637,4.096,-145.625,-14.875,-8.625,0.164,-0.270,0.629,0.844,4.008,3.824,0.466,0.200,1.129,1.370,2,NULL,NULL,,3,1,2,7,255,976,250,0,0
stim,86757,116878,1,116878,3314169.455,-0.497,-0.049,0.114,0.859,3126,0,0,3189,1035,2495,327,2403,60,1.384,1,2147,0,79.108,3.342,-77.313,-16.688,-1.563,-0.301,-0.250,0.582,1.449,3.012,-3.953,0.474,0.188,1.129,1.370,2,NULL,NULL,,3,1,2,7,255,976,250,0,0
stim,86757,116878,1,116878,3314174.454,-0.498,-0.049,0.113,0.858,3124,17,0,3187,1134,2508,351,2425,60,1.384,1,2147,0,46.364,1.450,-16.188,-17.250,-39.875,-0.227,0.098,0.879,1.449,-0.039,-3.953,0.492,0.168,1.129,1.370,2,NULL,NULL,,3,1,2,7,255,976,250,0,0
stim,86757,116878,1,116878,3314179.455,-0.500,-0.048,0.112,0.857,3124,31,0,3187,1227,2515,335,2453,60,1.384,1,2147,0,55.828,0.195,-1.250,-13.375,-54.188,0.063,0.277,1.180,0.191,-0.039,-0.871,0.518,0.146,1.129,1.370,2,NULL,NULL,,3,1,2,7,255,976,250,0,0
stim,86757,116878,1,116878,3314184.454,-0.502,-0.049,0.111,0.857,3124,36,0,3188,1299,2521,309,2471,60,1.384,1,2147,0,55.335,2.003,-40.875,-7.375,-36.563,0.078,0.059,1.332,-0.961,1.758,1.641,0.540,0.124,1.129,1.370,2,NULL,NULL,,3,1,2,7,255,976,250,0,0
stim,86757,116878,1,116878,3314189.455,-0.502,-0.051,0.108,0.856,3125,46,0,3187,1356,2525,304,2483,60,1.384,1,2147,0,77.268,2.007,-72.750,-2.875,-25.875,-0.066,-0.027,1.039,-0.961,1.762,1.641,0.556,0.100,1.129,1.370,2,NULL,NULL,,3,1,2,7,255,976,250,0,0
stim,86757,116878,1,116878,3314194.453,-0.504,-0.052,0.105,0.856,3125,55,0,3183,1416,2530,301,2491,60,1.384,1,2147,0,68.783,1.762,-56.125,-1.000,-39.750,-0.152,0.066,0.836,-0.027,1.762,0.238,0.562,0.078,1.129,1.370,2,NULL,NULL,,3,1,2,7,255,976,250,0,0
stim,86757,116878,0,116878,3314199.455,-0.506,-0.053,0.104,0.855,3124,99,0,3187,1465,2533,301,2501,60,1.384,1,2147,0,60.393,1.153,-27.125,-1.500,-53.938,-0.066,0.039,0.914,-0.027,1.152,-0.906,0.568,0.064,1.129,1.370,2,NULL,NULL,,3,0,2,7,255,979,250,0,0
stim,86757,116878,0,116878,3314204.454,-0.507,-0.053,0.103,0.854,3123,111,0,3183,1509,2535,293,2505,60,1.384,1,2147,0,50.032,1.153,-19.375,-0.563,-46.125,0.043,-0.055,1.039,-0.027,1.152,-0.906,0.576,0.054,1.129,1.370,2,NULL,NULL,,3,0,2,7,255,979,250,0,0
stim,86785,116906,0,116906,3314209.455,-0.508,-0.054,0.102,0.853,3118,109,0,3183,1553,2535,287,2509,60,1.384,1,2147,0,36.608,2.688,-26.313,0.875,-25.438,0.039,-0.059,1.023,0.020,2.688,-0.129,0.584,0.044,1.129,1.370,2,NULL,NULL,,3,0,2,7,255,979,250,0,0
stim,86785,116906,0,116906,3314214.453,-0.509,-0.055,0.101,0.853,3117,109,0,3181,1575,2535,288,2511,60,1.384,1,2147,0,29.852,2.688,-28.188,1.250,-9.750,-0.059,-0.039,0.938,0.055,2.688,-0.129,0.592,0.036,1.129,1.370,2,NULL,NULL,,3,0,2,7,255,979,250,0,0
stim,86785,116906,0,116906,3314219.455,-0.509,-0.055,0.100,0.853,3117,105,0,3180,1593,2535,285,2511,60,1.384,1,2147,0,20.595,1.610,-18.813,0.313,-8.375,-0.148,-0.047,0.918,0.340,1.574,-0.770,0.598,0.032,1.129,1.370,2,NULL,NULL,,3,0,2,7,255,979,250,0,0
stim,86785,116906,0,116906,3314224.455,-0.510,-0.055,0.099,0.853,3115,103,0,3179,1613,2533,284,2510,60,1.384,1,2147,0,15.264,1.040,-6.438,-0.875,-13.813,-0.148,-0.027,0.949,0.648,0.813,-0.770,0.602,0.028,1.129,1.370,2,NULL,NULL,,3,0,2,7,255,979,250,0,0
stim,86785,116906,0,116906,3314229.455,-0.510,-0.055,0.099,0.853,3112,103,0,3175,1623,2531,285,2509,60,1.384,1,2147,0,15.950,1.040,2.500,-1.438,-15.688,-0.090,0.066,1.004,0.648,0.813,-0.465,0.610,0.024,1.129,1.370,2,NULL,NULL,,3,0,2,7,255,979,250,0,0
stim,86785,116906,0,116906,3314234.454,-0.510,-0.055,0.099,0.852,3107,104,0,3176,1636,2525,280,2521,60,1.384,1,2147,0,9.978,1.027,2.813,-1.188,-9.500,-0.066,0.148,1.070,-0.438,0.930,0.012,0.618,0.018,1.129,1.370,2,NULL,NULL,,3,0,2,7,255,979,250,0,0
stim,86785,116906,0,116906,3314239.455,-0.511,-0.055,0.099,0.852,3103,102,0,3165,1657,2523,276,2515,60,1.385,1,2147,1,6.127,1.589,-5.438,-1.188,-2.563,-0.121,0.180,1.090,-1.289,0.930,0.699,0.000,0.000,1.143,1.344,2,NULL,NULL,,3,0,2,7,255,979,250,0,0
stim,86785,116906,0,116906,3314244.454,-0.511,-0.055,0.099,0.852,3109,101,4,3169,1675,2523,273,2520,60,1.385,1,2147,1,12.594,1.341,-12.250,-1.938,-2.188,-0.188,0.164,1.039,-1.289,0.371,0.699,0.006,0.004,1.143,1.344,2,NULL,NULL,,3,0,2,7,255,979,250,0,0
stim,86819,116940,0,116940,3314249.455,-0.511,-0.055,0.098,0.852,3091,99,3,3159,1693,2519,275,2521,60,1.385,1,2147,1,13.919,0.892,-11.938,-3.375,-6.313,-0.199,0.109,0.992,-0.871,-0.191,0.641,0.012,0.008,1.143,1.344,2,NULL,NULL,,3,0,2,7,255,979,250,0,0
stim,86819,116940,0,116940,3314254.454,-0.511,-0.055,0.098,0.852,3091,103,8,3148,1709,2521,277,2523,60,1.385,1,2147,1,13.363,0.377,-8.563,-4.438,-9.250,-0.176,0.086,0.988,-0.324,-0.191,0.172,0.018,0.010,1.143,1.344,2,NULL,NULL,,3,0,2,7,255,979,250,0,0
stim,86819,116940,0,116940,3314259.455,-0.511,-0.055,0.097,0.852,3083,99,12,3143,1727,2515,269,2531,60,1.385,1,2147,1,12.940,0.339,-7.813,-5.563,-8.688,-0.156,0.113,1.020,-0.324,0.098,0.172,0.024,0.012,1.143,1.344,2,NULL,NULL,,3,0,2,7,255,979,250,0,0
stim,86819,116940,0,116940,3314264.453,-0.512,-0.055,0.097,0.852,3061,99,22,3144,1741,2510,269,2533,60,1.385,1,2147,1,14.750,0.563,-10.625,-6.750,-7.688,-0.160,0.148,1.031,-0.555,0.098,0.328,0.028,0.016,1.143,1.344,2,NULL,NULL,,3,0,2,7,255,979,250,0,0
stim,86819,116940,0,116940,3314269.455,-0.512,-0.055,0.096,0.852,3052,93,10,3125,1755,2508,269,2543,60,1.385,1,2147,1,17.991,0.598,-13.375,-6.875,-9.875,-0.168,0.121,1.008,-0.598,0.020,0.328,0.032,0.018,1.143,1.344,2,NULL,NULL,,3,0,2,7,255,979,250,0,0
stim,86819,116940,0,116940,3314274.454,-0.513,-0.055,0.095,0.852,3047,95,59,3109,1783,2501,277,2551,60,1.385,1,2147,1,20.108,0.598,-13.563,-6.938,-13.125,-0.160,0.082,0.984,-0.598,0.020,0.273,0.036,0.022,1.143,1.344,2,NULL,NULL,,3,0,2,7,255,979,250,0,0
stim,86879,117000,0,117000,3314279.455,-0.513,-0.055,0.095,0.851,3023,108,91,3107,1804,2489,283,2553,60,1.385,1,2147,1,18.838,0.495,-12.188,-8.438,-11.625,-0.156,0.098,0.984,-0.469,0.160,0.008,0.040,0.024,1.143,1.344,2,NULL,NULL,,3,0,2,7,255,979,250,0,0
stim,86879,117000,0,117000,3314284.454,-0.513,-0.055,0.094,0.851,3015,125,109,3089,1829,2492,284,2565,60,1.385,1,2147,1,18.342,0.470,-10.938,-9.500,-11.250,-0.195,0.117,1.000,-0.441,0.160,0.008,0.042,0.024,1.143,1.344,2,NULL,NULL,,3,0,2,7,255,979,250,0,0
stim,86879,117000,0,117000,3314289.455,-0.514,-0.055,0.094,0.851,2997,125,163,3081,1869,2487,295,2579,60,1.385,1,2147,1,23.412,0.528,-11.438,-10.000,-17.813,-0.191,0.184,1.031,-0.469,-0.242,0.223,0.044,0.024,1.143,1.344,2,NULL,NULL,,3,0,2,7,255,979,250,0,0
stim,86879,117000,0,117000,3314294.453,-0.515,-0.055,0.093,0.851,2975,128,217,3058,1895,2479,300,2587,60,1.385,1,2147,1,25.713,1.122,-13.313,-12.000,-18.438,-0.160,0.230,1.039,-1.043,-0.414,0.574,0.046,0.022,1.143,1.344,2,NULL,NULL,,3,0,2,7,255,979,250,0,0
stim,86879,117000,0,117000,3314299.455,-0.516,-0.055,0.092,0.850,2951,135,299,3033,1950,2485,345,2596,60,1.385,1,2147,1,29.954,1.122,-15.938,-10.688,-23.000,-0.195,0.145,1.027,-1.043,-0.414,0.574,0.046,0.022,1.143,1.344,2,NULL,NULL,,3,0,2,7,255,979,250,0,0
stim,86879,117000,0,117000,3314304.454,-0.517,-0.055,0.091,0.850,2923,136,358,3015,1997,2479,381,2603,60,1.385,1,2147,1,37.364,1.155,-19.875,-11.438,-29.500,-0.148,0.160,1.043,-1.102,-0.348,0.566,0.046,0.020,1.143,1.344,2,NULL,NULL,,3,0,2,7,255,979,250,0,0
stim,86879,117000,0,117000,3314309.455,-0.518,-0.054,0.090,0.849,2894,151,467,2972,2031,2474,442,2617,60,1.385,1,2147,1,36.125,1.032,-19.813,-12.500,-27.500,-0.109,0.133,0.984,-1.031,-0.023,0.516,0.046,0.020,1.143,1.344,2,NULL,NULL,,3,0,2,7,255,979,250,0,0
stim,86879,117000,0,117000,3314314.453,-0.519,-0.054,0.089,0.849,2868,159,556,2985,2073,2479,489,2637,60,1.385,1,2147,1,35.894,1.071,-15.375,-10.500,-30.688,-0.102,0.051,0.961,-1.031,0.289,-0.078,0.046,0.022,1.143,1.344,2,NULL,NULL,,3,0,2,7,255,979,250,0,0
stim,86879,117000,0,117000,3314319.455,-0.520,-0.054,0.088,0.848,2839,171,677,2953,2124,2477,541,2649,60,1.385,1,2147,1,29.627,0.837,-12.563,-13.063,-23.438,-0.098,0.066,0.977,-0.504,0.668,-0.215,0.048,0.024,1.143,1.344,2,NULL,NULL,,3,0,2,7,255,979,250,0,0
stim,86879,117000,0,117000,3314324.455,-0.521,-0.054,0.087,0.848,2799,190,744,2931,2193,2475,583,2657,60,1.385,1,2147,1,28.028,0.837,-8.625,-13.063,-23.250,-0.148,0.105,0.965,-0.504,0.668,-0.215,0.048,0.026,1.143,1.344,2,NULL,NULL,,3,0,2,7,255,979,250,0,0
stim,86879,117000,0,117000,3314329.455,-0.522,-0.054,0.087,0.847,2771,216,842,2898,2259,2479,684,2675,60,1.385,1,2147,1,30.525,0.626,-6.375,-13.500,-26.625,-0.172,0.160,0.988,-0.625,0.031,-0.199,0.052,0.030,1.143,1.344,2,NULL,NULL,,3,0,2,7,255,979,250,0,0
stim,86879,117000,0,117000,3314334.453,-0.523,-0.053,0.086,0.846,2735,245,987,2885,2313,2482,741,2683,60,1.385,1,2147,1,37.653,1.078,-5.813,-14.813,-34.125,-0.176,0.207,1.023,-1.008,-0.383,0.078,0.054,0.034,1.143,1.344,2,NULL,NULL,,3,0,2,7,255,979,250,0,0
stim,86905,117026,0,117026,3314339.455,-0.524,-0.053,0.086,0.846,2667,239,1141,2857,2357,2485,863,2691,60,1.385,1,2147,1,43.921,1.324,-9.938,-15.500,-39.875,-0.195,0.191,1.043,-1.184,-0.594,0.453,0.060,0.042,1.143,1.344,2,NULL,NULL,,3,0,2,7,255,979,250,0,0
stim,86905,117026,0,117026,3314344.454,-0.526,-0.053,0.084,0.845,2611,262,1253,2839,2410,2483,999,2697,60,1.385,1,2147,1,53.915,1.324,-20.063,-15.750,-47.500,-0.172,0.160,1.035,-1.184,-0.594,0.535,0.066,0.048,1.143,1.344,2,NULL,NULL,,3,0,2,7,255,979,250,0,0
stim,86905,117026,0,117026,3314349.455,-0.528,-0.053,0.083,0.844,2540,264,1403,2811,2457,2487,1133,2715,60,1.385,1,2147,1,59.350,1.094,-21.188,-17.250,-52.688,-0.188,0.086,1.000,-1.035,-0.355,0.535,0.072,0.054,1.143,1.344,2,NULL,NULL,,3,0,2,7,255,979,250,0,0
stim,86905,117026,0,117026,3314354.453,-0.530,-0.053,0.081,0.842,2477,276,1565,2776,2508,2491,1255,2747,60,1.385,1,2147,1,70.511,0.607,-28.813,-18.125,-61.750,-0.133,0.082,0.980,-0.555,-0.246,0.203,0.078,0.060,1.143,1.344,2,NULL,NULL,,3,0,2,7,255,979,250,0,0
stim,86905,117027,0,117027,3314359.455,-0.532,-0.053,0.080,0.841,2408,301,1707,2749,2549,2502,1394,2749,60,1.385,1,2147,1,65.197,0.360,-27.813,-20.438,-55.313,-0.086,-0.020,0.965,-0.316,0.172,-0.102,0.084,0.066,1.143,1.344,2,NULL,NULL,,3,0,2,7,255,979,250,0,0
stim,86905,117027,0,117027,3314364.453,-0.534,-0.053,0.078,0.840,2343,313,1845,2700,2597,2503,1519,2761,60,1.385,1,2147,1,52.735,0.947,-29.563,-20.375,-38.625,-0.086,-0.070,0.965,0.137,0.938,-0.379,0.088,0.068,1.143,1.344,2,NULL,NULL,,3,0,2,7,255,979,250,0,0
stim,86960,117081,0,117081,3314369.455,-0.535,-0.053,0.076,0.839,2231,313,1943,2671,2635,2502,1639,2779,60,1.385,1,2147,1,66.948,1.089,-38.000,-20.125,-51.313,-0.336,-0.133,1.094,0.555,0.938,-0.379,0.090,0.070,1.143,1.344,2,NULL,NULL,,3,0,2,7,255,979,250,0,0
stim,86960,117081,0,117081,3314374.454,-0.538,-0.054,0.072,0.838,2139,326,2075,2621,2669,2495,1735,2789,60,1.385,1,2147,1,100.820,1.972,-63.750,-21.375,-75.125,-0.207,-0.176,1.129,1.852,0.680,1.242,0.090,0.072,1.143,1.344,2,NULL,NULL,,3,0,2,7,255,979,250,0,0
stim,86960,117081,0,117081,3314379.455,-0.541,-0.056,0.068,0.836,2029,319,2197,2553,2714,2504,1833,2811,60,1.385,1,2147,1,124.707,1.972,-91.188,-25.000,-81.313,-0.156,-0.121,1.074,1.852,0.680,1.242,0.090,0.070,1.143,1.344,2,NULL,NULL,,3,0,2,7,255,979,250,0,0
stim,86960,117081,0,117081,3314384.454,-0.544,-0.057,0.064,0.835,1919,319,2301,2495,2733,2505,1947,2836,60,1.385,1,2147,0,121.251,1.327,-90.000,-25.750,-77.063,-0.063,-0.047,0.832,1.090,0.758,0.777,0.090,0.068,1.143,1.344,2,NULL,NULL,,3,0,2,7,255,979,250,0,0
stim,86960,117081,0,117081,3314389.455,-0.546,-0.058,0.060,0.834,1771,311,2385,2411,2765,2505,2051,2839,60,1.385,1,2147,0,92.827,0.875,-66.313,-26.063,-59.500,-0.035,-0.059,0.836,0.141,0.863,-1.664,0.088,0.066,1.143,1.344,2,NULL,NULL,,3,0,2,7,255,979,250,0,0
stim,86960,117081,0,117081,3314394.454,-0.547,-0.058,0.058,0.833,1609,297,2473,2315,2793,2502,2141,2857,60,1.385,1,2147,0,73.281,0.875,-47.000,-30.375,-47.313,-0.137,-0.063,0.906,0.141,0.863,-1.664,0.088,0.064,1.143,1.344,2,NULL,NULL,,3,0,2,7,255,979,250,0,0
stim,86960,117081,0,117081,3314399.455,-0.549,-0.058,0.055,0.832,1358,281,2547,2206,2829,2513,2223,2869,60,1.385,1,2147,0,77.400,0.462,-47.438,-33.375,-51.250,-0.211,-0.039,1.105,0.375,0.270,-0.840,0.086,0.062,1.143,1.344,2,NULL,NULL,,3,0,2,7,255,979,250,0,0
stim,86960,117081,0,117081,3314404.453,-0.551,-0.058,0.052,0.831,1211,271,2597,2069,2843,2513,2303,2892,60,1.385,1,2147,0,86.082,0.409,-51.375,-32.750,-60.813,-0.168,0.008,1.031,0.375,-0.164,0.438,0.082,0.058,1.143,1.344,2,NULL,NULL,,3,0,2,7,255,979,250,0,0
stim,86960,117081,0,117081,3314409.455,-0.554,-0.058,0.050,0.829,1003,245,2635,1906,2861,2495,2379,2922,60,1.385,1,2147,0,87.749,0.255,-44.750,-36.625,-66.000,-0.129,0.023,1.016,-0.195,-0.164,0.438,0.080,0.056,1.143,1.344,2,NULL,NULL,,3,0,2,7,255,979,250,0,0
stim,86960,117081,0,117081,3314414.454,-0.556,-0.057,0.047,0.828,787,207,2682,1677,2887,2492,2451,2913,60,1.385,1,2147,0,81.780,0.522,-42.438,-35.875,-60.000,0.016,-0.035,1.055,-0.520,0.055,0.398,0.076,0.052,1.143,1.344,2,NULL,NULL,,3,0,2,7,255,979,250,0,0
stim,86987,117108,0,117108,3314419.455,-0.557,-0.057,0.044,0.827,535,175,2727,1420,2913,2487,2515,2915,60,1.385,1,2147,0,68.748,0.668,-35.375,-38.875,-44.313,-0.086,0.031,1.027,-0.586,0.320,0.270,0.076,0.050,1.143,1.344,2,NULL,NULL,,3,0,2,7,255,979,250,0,0
stim,86987,117108,0,117108,3314424.455,-0.559,-0.056,0.042,0.826,340,107,2773,1183,2919,2486,2567,2933,60,1.385,1,2147,0,69.886,0.844,-29.375,-41.000,-48.375,-0.141,0.063,1.020,-0.781,0.320,0.270,0.076,0.050,1.143,1.344,2,NULL,NULL,,3,0,2,7,255,979,250,0,0
stim,86987,117108,0,117108,3314429.455,-0.561,-0.055,0.040,0.825,185,79,2799,926,2935,2473,2614,2935,60,1.385,1,2147,0,67.631,0.844,-23.750,-42.438,-47.000,-0.020,-0.055,1.070,-0.781,0.320,0.270,0.076,0.050,1.143,1.344,2,NULL,NULL,,3,0,2,7,255,979,250,0,0
stim,86987,117108,0,117108,3314434.454,-0.562,-0.054,0.038,0.825,75,37,2840,663,2953,2461,2651,2951,60,1.385,1,2147,0,64.814,0.781,-24.750,-46.813,-37.375,-0.066,-0.023,1.094,-0.453,0.637,0.605,0.076,0.050,1.143,1.344,2,NULL,NULL,,3,0,2,7,255,979,250,0,0
stim,86987,117108,0,117108,3314439.455,-0.563,-0.053,0.035,0.824,16,19,2859,453,2983,2437,2687,2959,60,1.385,1,2147,0,62.427,1.260,-32.500,-46.563,-25.938,0.066,-0.047,1.133,-0.453,1.176,0.914,0.078,0.050,1.143,1.344,2,NULL,NULL,,3,0,2,7,255,979,250,0,0
stim,86987,117108,0,117108,3314444.453,-0.564,-0.052,0.033,0.824,0,0,2873,291,2987,2415,2726,2966,60,1.385,1,2147,0,67.017,0.987,-34.938,-49.438,-28.750,-0.059,0.117,0.977,-0.754,0.637,0.914,0.076,0.052,1.143,1.344,2,NULL,NULL,,3,0,2,7,255,979,250,0,0
stim,87016,117137,0,117137,3314449.455,-0.565,-0.050,0.031,0.823,0,0,2894,210,3006,2393,2763,2978,60,1.385,1,2147,0,59.415,0.755,-13.375,-53.125,-23.000,-0.117,-0.027,1.000,-0.754,-0.035,0.066,0.074,0.054,1.143,1.344,2,NULL,NULL,,3,0,2,7,255,979,250,0,0
stim,87016,117137,0,117137,3314454.453,-0.565,-0.047,0.030,0.823,0,0,2907,149,3019,2364,2787,2983,60,1.385,1,2147,0,69.586,0.206,25.688,-64.625,-2.438,-0.371,-0.168,1.219,-0.188,-0.086,0.066,0.068,0.060,1.143,1.344,2,NULL,NULL,,3,0,2,7,255,979,250,0,0
stim,87016,117137,0,117137,3314459.457,-0.565,-0.044,0.030,0.823,0,0,2921,106,3025,2331,2809,2988,60,1.385,1,2147,0,91.111,2.535,50.125,-75.688,-7.750,-0.496,-0.281,1.617,1.867,-1.715,2.516,0.060,0.068,1.143,1.344,2,NULL,NULL,,3,0,2,7,255,979,250,0,0
stim,87016,117137,0,117137,3314464.454,-0.565,-0.040,0.030,0.823,0,0,2931,61,3033,2309,2841,2998,60,1.385,1,2147,0,95.067,2.575,39.063,-86.625,-2.813,-0.391,-0.090,1.852,1.867,-1.773,6.543,0.052,0.078,1.143,1.344,3,NULL,NULL,,3,0,2,7,255,979,250,0,0
stim,87058,117179,0,117179,3314469.455,-0.566,-0.038,0.026,0.823,0,0,2935,9,3047,2259,2868,3000,60,1.385,1,2147,0,104.137,2.025,-57.563,-85.063,-17.188,-0.094,0.047,1.574,0.977,-1.773,6.543,0.048,0.086,1.143,1.344,3,NULL,NULL,,3,0,2,7,255,979,250,0,0
stim,87058,117179,0,117179,3314474.454,-0.566,-0.037,0.021,0.823,0,0,2943,0,3047,2203,2888,2996,60,1.385,1,2147,0,114.341,1.422,-72.500,-88.188,-6.375,-0.164,0.074,1.094,-0.895,-1.105,5.609,0.048,0.092,1.143,1.344,3,NULL,NULL,,3,0,2,7,255,979,250,0,0
stim,87058,117179,0,117179,3314479.455,-0.565,-0.034,0.018,0.824,0,0,2961,0,3063,2131,2903,2990,60,1.385,1,2147,0,103.617,1.558,-27.000,-98.625,16.750,-0.180,0.105,1.059,-1.098,-1.105,0.953,0.048,0.098,1.143,1.344,3,NULL,NULL,,3,0,2,7,255,979,250,0,0
stim,87058,117179,0,117179,3314484.454,-0.564,-0.030,0.016,0.825,0,0,2951,0,3064,2039,2927,2999,60,1.385,1,2147,0,110.973,1.790,12.438,-108.375,20.375,-0.277,0.133,1.211,-1.023,-1.469,0.953,0.048,0.104,1.143,1.344,3,NULL,NULL,,3,0,2,7,255,979,250,0,0
stim,87058,117179,0,117179,3314489.455,-0.564,-0.025,0.014,0.825,0,0,2943,0,3069,1911,2934,2991,60,1.385,1,2147,0,118.020,2.701,15.813,-116.313,12.250,-0.309,0.074,1.395,-1.023,-2.500,2.156,0.048,0.112,1.143,1.344,3,NULL,NULL,,3,0,2,7,255,979,250,0,0
stim,87058,117179,0,117179,3314494.453,-0.564,-0.021,0.011,0.826,0,0,2951,0,3091,1774,2944,2995,60,1.385,1,2147,0,123.498,2.537,3.688,-123.063,9.688,-0.301,-0.031,1.508,-0.430,-2.500,3.980,0.050,0.122,1.143,1.344,3,NULL,NULL,,3,0,2,7,255,979,250,0,0
stim,87058,117179,0,117179,3314499.455,-0.563,-0.017,0.007,0.826,0,0,2940,0,3095,1629,2966,2989,60,1.385,1,2147,0,131.250,2.291,-19.375,-129.250,12.063,-0.273,-0.117,1.492,0.523,-2.230,4.945,0.054,0.132,1.143,1.344,3,NULL,NULL,,3,0,2,7,255,979,250,0,0
stim,87058,117179,0,117179,3314504.454,-0.562,-0.013,0.003,0.827,0,0,2935,0,3096,1423,2971,2984,60,1.385,1,2147,0,139.602,2.229,-37.625,-133.813,12.938,-0.234,-0.156,1.348,1.246,-1.848,4.945,0.060,0.142,1.143,1.344,3,NULL,NULL,,3,0,2,7,255,979,250,0,0
stim,87087,117208,0,117208,3314509.455,-0.562,-0.009,-0.002,0.827,0,0,2919,0,3089,1209,2987,2975,60,1.385,1,2147,0,147.465,2.310,-37.250,-141.938,14.563,-0.246,-0.176,1.129,1.535,-1.727,3.516,0.068,0.152,1.143,1.344,3,NULL,NULL,,3,0,2,7,255,979,250,0,0
stim,87087,117208,0,117208,3314514.453,-0.561,-0.004,-0.006,0.828,0,0,2907,0,3091,988,2997,2971,60,1.385,1,2147,0,149.655,2.546,-9.438,-148.688,14.125,-0.281,-0.211,1.023,1.871,-1.727,1.336,0.078,0.164,1.143,1.344,3,NULL,NULL,,3,0,2,7,255,979,250,0,0
stim,87087,117208,0,117208,3314519.455,-0.560,0.002,-0.010,0.828,0,0,2886,0,3101,717,3003,2949,60,1.385,1,2147,0,160.924,2.787,12.750,-159.750,14.625,-0.223,-0.203,1.113,2.188,-1.727,1.152,0.086,0.176,1.143,1.344,3,NULL,NULL,,3,0,2,7,255,979,250,0,0
stim,87087,117208,0,117208,3314524.455,-0.560,0.008,-0.013,0.829,0,0,2847,0,3103,529,3031,2931,60,1.385,1,2147,0,166.794,2.985,20.875,-165.188,9.875,-0.262,-0.164,1.176,2.188,-2.031,1.152,0.096,0.190,1.143,1.344,3,NULL,NULL,,3,0,2,7,255,979,250,0,0
stim,87087,117208,0,117208,3314529.455,-0.559,0.014,-0.016,0.829,0,0,2821,0,3097,344,3026,2909,60,1.385,1,2147,0,173.773,3.057,18.688,-172.750,-2.313,-0.262,-0.156,1.250,2.000,-2.313,1.703,0.104,0.202,1.143,1.344,3,NULL,NULL,,3,0,2,7,255,979,250,0,0
stim,87087,117208,0,117208,3314534.454,-0.559,0.021,-0.020,0.828,0,0,2782,0,3112,157,3031,2903,60,1.385,1,2147,0,179.909,3.047,10.500,-179.500,-6.063,-0.176,-0.160,1.277,1.984,-2.313,2.359,0.112,0.216,1.143,1.344,3,NULL,NULL,,3,0,2,7,255,979,250,0,0
stim,87087,117208,0,117208,3314539.455,-0.559,0.028,-0.025,0.829,0,0,2731,0,3099,74,3050,2868,60,1.385,1,2147,0,191.223,2.639,7.438,-191.063,2.438,-0.125,-0.078,1.211,1.805,-1.926,2.359,0.120,0.230,1.143,1.344,3,NULL,NULL,,3,0,2,7,255,979,250,0,0
stim,87087,117208,0,117208,3314544.453,-0.558,0.036,-0.028,0.829,0,0,2671,0,3111,6,3047,2828,60,1.385,1,2147,0,200.727,2.150,32.375,-198.000,6.250,-0.172,0.078,1.246,0.957,-1.926,2.184,0.128,0.244,1.143,1.344,3,NULL,NULL,,3,0,2,7,255,979,250,0,0
stim,87116,117237,0,117237,3314549.455,-0.557,0.044,-0.031,0.829,0,0,2599,0,3111,0,3051,2793,60,1.385,1,2147,0,217.322,3.099,50.875,-211.188,6.375,-0.203,0.270,1.488,-0.184,-3.094,2.184,0.138,0.258,1.143,1.344,3,NULL,NULL,,3,0,2,7,255,979,250,0,0
stim,87116,117237,0,117237,3314554.454,-0.556,0.053,-0.035,0.829,0,0,2503,0,3097,0,3053,2751,60,1.385,1,2147,0,224.953,4.799,39.938,-221.250,7.563,-0.195,0.398,1.859,-1.637,-4.512,4.367,0.148,0.274,1.143,1.344,3,NULL,NULL,,3,0,2,7,255,979,250,0,0
stim,87116,117237,0,117237,3314559.455,-0.555,0.062,-0.040,0.829,0,0,2399,0,3089,5,3051,2698,60,1.385,1,2147,0,236.604,5.858,25.438,-234.688,16.000,-0.336,0.355,2.238,-1.637,-5.625,7.910,0.162,0.294,1.143,1.344,3,NULL,NULL,,3,0,2,7,255,979,250,0,0
stim,87116,117237,0,117237,3314564.453,-0.553,0.072,-0.046,0.829,0,0,2259,0,3089,59,3047,2635,60,1.385,1,2147,0,259.702,7.753,11.063,-257.000,35.688,-0.480,0.289,2.512,-1.422,-7.621,11.313,0.182,0.318,1.143,1.344,3,NULL,NULL,,3,0,2,7,255,979,250,0,0
stim,87116,117237,0,117237,3314569.455,-0.550,0.082,-0.053,0.829,0,0,2105,0,3065,72,3043,2567,60,1.385,1,2147,0,290.500,9.531,-13.813,-284.875,55.188,-0.668,0.434,2.695,-0.250,-9.527,13.586,0.206,0.350,1.143,1.344,3,NULL,NULL,,3,0,2,7,255,979,250,0,0
stim,87116,117237,0,117237,3314574.454,-0.547,0.091,-0.063,0.830,0,0,1939,0,3047,73,3033,2450,60,1.385,1,2147,0,324.792,12.624,-58.063,-314.125,58.688,-0.820,0.703,2.820,-0.250,-12.621,14.730,0.240,0.388,1.143,1.344,3,NULL,NULL,,3,0,2,7,255,979,250,0,0
stim,87149,117270,0,117270,3314579.455,-0.544,0.101,-0.075,0.829,0,0,1827,0,3019,103,3017,2329,60,1.385,1,2147,0,352.895,16.034,-87.938,-339.188,41.875,-0.938,0.930,2.844,-1.863,-15.926,14.730,0.286,0.436,1.143,1.344,3,NULL,NULL,,3,0,2,7,255,979,250,0,0
stim,87149,117270,0,117270,3314584.454,-0.542,0.112,-0.088,0.828,0,0,1691,0,2995,108,2987,2165,60,1.385,1,2147,0,383.567,18.912,-109.750,-366.750,23.938,-0.980,1.117,2.938,-3.328,-18.617,14.531,0.340,0.494,1.143,1.344,3,NULL,NULL,,3,0,2,7,255,979,250,0,0
stim,87149,117270,0,117270,3314589.455,-0.541,0.123,-0.102,0.826,0,0,1593,0,2971,121,2955,2015,60,1.385,1,2147,0,418.145,21.293,-140.938,-393.625,6.438,-0.918,1.316,3.047,-4.691,-20.770,14.531,0.402,0.558,1.143,1.344,3,NULL,NULL,,3,0,2,7,255,979,250,0,0
stim,87149,117270,0,117270,3314594.453,-0.540,0.133,-0.118,0.823,0,0,1465,0,2931,125,2918,1877,60,1.385,1,2147,0,455.577,23.149,-179.750,-418.563,-6.750,-0.832,1.375,2.945,-6.641,-22.176,14.531,0.474,0.632,1.143,1.344,3,NULL,NULL,,3,0,2,7,255,979,250,0,0
stim,87149,117270,0,117270,3314599.455,-0.538,0.144,-0.136,0.819,0,0,1364,0,2869,124,2853,1753,60,1.385,1,2147,0,487.211,23.149,-205.125,-441.688,-14.500,-0.727,1.063,2.785,-6.641,-22.176,13.273,0.554,0.712,1.143,1.344,3,NULL,NULL,,3,0,2,7,255,979,250,0,0
stim,87149,117270,0,117270,3314604.454,-0.536,0.156,-0.154,0.815,0,0,1245,0,2804,107,2767,1613,60,1.385,1,2147,0,508.050,21.650,-193.313,-469.813,4.625,-0.855,0.645,2.770,-5.328,-20.984,11.539,0.640,0.802,1.143,1.344,3,NULL,NULL,,3,0,2,7,255,979,250,0,0
stim,87184,117305,0,117305,3314609.455,-0.533,0.169,-0.173,0.811,0,0,1081,0,2718,83,2647,1477,60,1.385,1,2147,0,531.640,21.018,-196.688,-493.563,18.750,-1.059,0.734,2.777,-1.191,-20.984,10.434,0.734,0.898,1.143,1.344,3,NULL,NULL,,3,0,2,7,255,979,250,0,0
stim,87184,117305,0,117305,3314614.453,-0.530,0.182,-0.191,0.806,0,0,925,0,2589,63,2469,1327,60,1.385,1,2147,0,541.176,23.858,-194.063,-504.875,-17.688,-1.059,0.652,2.828,-1.113,-23.832,8.473,0.836,1.000,1.143,1.344,3,NULL,NULL,,3,0,2,7,255,979,250,0,0
stim,87184,117305,0,117305,3314619.455,-0.528,0.197,-0.209,0.799,0,0,761,0,2451,39,2289,1174,60,1.385,1,2147,0,547.272,23.836,-171.125,-517.563,-48.500,-0.848,0.219,2.949,-0.441,-23.832,8.473,0.942,1.110,1.143,1.344,3,NULL,NULL,,3,0,2,7,255,979,250,0,0
stim,87184,117305,0,117305,3314624.455,-0.525,0.212,-0.227,0.793,0,0,595,0,2219,0,2011,988,60,1.385,1,2147,0,560.125,23.254,-164.875,-534.813,-23.063,-0.723,-0.297,3.000,2.824,-23.082,9.445,1.054,1.224,1.143,1.344,3,NULL,NULL,,3,0,2,7,255,979,250,0,0
stim,87184,117305,0,117305,3314629.455,-0.519,0.226,-0.247,0.786,0,0,389,0,1957,0,1703,857,60,1.385,1,2147,0,585.750,22.894,-197.250,-550.750,29.500,-0.719,-0.523,2.668,7.184,-21.738,9.445,1.166,1.340,1.143,1.344,3,NULL,NULL,,3,0,2,7,255,979,250,0,0
stim,87184,117305,0,117305,3314634.453,-0.513,0.240,-0.266,0.780,0,0,245,0,1638,0,1255,727,60,1.385,1,2147,0,591.403,21.740,-188.500,-559.938,26.375,-0.711,-0.531,2.059,8.676,-19.934,6.961,1.274,1.454,1.143,1.344,3,NULL,NULL,,3,0,2,7,255,979,250,0,0
stim,87207,117328,0,117328,3314639.455,-0.507,0.256,-0.283,0.773,0,0,147,0,1310,0,659,585,60,1.385,1,2147,0,584.970,18.811,-118.063,-572.500,22.250,-0.648,-0.316,1.754,8.676,-16.691,1.574,1.376,1.562,1.143,1.344,3,NULL,NULL,,3,0,2,7,255,979,250,0,0
stim,87207,117328,0,117328,3314644.453,-0.498,0.274,-0.298,0.767,0,0,95,0,918,0,201,509,60,1.385,1,2147,0,577.535,17.883,-33.438,-575.438,36.063,-0.613,0.070,2.090,6.418,-16.691,-0.609,1.476,1.664,1.143,1.344,3,NULL,NULL,,3,0,2,7,255,979,250,0,0
stim,87207,117328,0,117328,3314649.455,-0.486,0.292,-0.312,0.763,0,0,61,0,407,0,0,429,60,1.385,1,2147,0,590.055,19.609,-0.313,-578.938,114.000,-1.145,0.223,2.617,4.789,-19.016,-1.465,1.572,1.766,1.143,1.344,3,NULL,NULL,,3,0,2,7,255,979,250,0,0
stim,87207,117328,0,117328,3314654.454,-0.471,0.307,-0.329,0.759,0,0,35,0,11,0,0,371,60,1.385,1,2147,0,632.753,27.171,-52.313,-594.438,210.438,-1.715,0.426,2.715,4.789,-26.746,-2.500,1.672,1.872,1.143,1.344,3,NULL,NULL,,3,0,2,7,255,979,250,0,0
stim,87207,117328,0,117328,3314659.455,-0.457,0.320,-0.348,0.753,0,0,18,0,0,0,0,373,60,1.385,1,2147,0,626.702,31.182,-135.438,-582.938,186.000,-1.840,0.965,2.387,4.789,-30.813,-8.102,1.782,1.982,1.143,1.344,4,NULL,NULL,,3,0,2,7,255,979,250,0,0
stim,87207,117328,0,117328,3314664.453,-0.451,0.330,-0.367,0.743,0,0,19,0,0,0,0,237,60,1.385,1,2147,0,573.694,30.836,-263.438,-506.750,54.125,-1.168,1.816,1.855,1.199,-30.813,-13.793,1.894,2.100,1.143,1.344,0,NULL,NULL,,3,0,2,7,255,979,250,0,0
stim,87268,117389,0,117389,3314669.455,-0.450,0.334,-0.389,0.731,0,0,16,0,0,0,0,207,60,1.385,1,2147,0,579.456,27.582,-432.750,-385.063,14.938,-0.707,2.395,0.977,-9.762,-25.797,-14.734,2.010,2.220,1.143,1.344,0,NULL,NULL,,3,0,2,7,255,979,250,0,0
stim,87268,117389,0,117389,3314674.454,-0.452,0.327,-0.415,0.719,0,0,12,0,0,0,0,165,60,1.385,1,2147,0,671.854,25.150,-625.375,-224.375,99.750,-0.469,2.676,-0.566,-18.094,-17.469,-17.824,2.120,2.328,1.143,1.344,0,NULL,NULL,,3,0,2,7,255,979,250,0,0
stim,87268,117389,0,117389,3314679.455,-0.452,0.320,-0.432,0.712,0,0,14,0,0,0,0,145,60,1.385,1,2147,0,456.085,18.279,-430.000,-117.938,95.938,-0.594,1.527,-1.461,-18.094,-2.594,-24.363,2.208,2.416,1.143,1.344,0,NULL,NULL,,3,0,2,7,255,979,250,0,0
stim,87268,117389,0,117389,3314684.454,-0.451,0.319,-0.434,0.711,0,0,10,0,0,0,0,157,60,1.385,1,2147,0,65.486,12.511,-45.438,-23.188,41.063,-1.109,-0.809,-0.609,-12.172,2.895,-24.363,2.272,2.482,1.143,1.344,0,NULL,NULL,,3,0,2,7,255,979,250,0,0
stim,87268,117389,0,117389,3314689.455,-0.452,0.320,-0.430,0.713,0,0,12,0,0,0,0,119,60,1.385,1,2147,0,104.021,11.628,91.500,46.375,-17.250,-1.500,-1.750,1.184,11.262,2.895,-18.754,2.328,2.538,1.143,1.344,0,NULL,NULL,,3,0,2,7,255,979,250,0,0
stim,87268,117389,0,117389,3314694.454,-0.457,0.316,-0.429,0.713,0,0,9,0,0,0,0,86,60,1.385,1,2147,0,158.053,18.969,-60.625,131.063,-64.250,-1.430,-0.922,1.586,14.066,-12.727,-11.977,2.392,2.602,1.143,1.344,0,NULL,NULL,,3,0,2,7,255,979,250,0,0
stim,87268,117389,0,117389,3314699.455,-0.466,0.307,-0.430,0.710,0,0,3,0,0,0,0,57,60,1.385,1,2147,0,293.356,19.209,-198.750,196.813,-88.438,-1.285,1.195,0.684,14.066,-13.082,-11.977,2.470,2.686,1.143,1.344,0,NULL,NULL,,3,0,2,7,255,979,250,0,0
stim,87268,117389,0,117389,3314704.453,-0.475,0.298,-0.428,0.708,0,0,5,0,0,0,0,27,60,1.385,1,2147,0,295.734,14.465,-147.313,244.500,-77.313,-0.641,1.434,-0.219,-6.172,-13.082,-20.730,2.556,2.774,1.143,1.344,0,NULL,NULL,,3,0,2,7,255,979,250,0,0
stim,87268,117389,0,117389,3314709.455,-0.480,0.291,-0.423,0.712,0,0,2,0,0,0,0,23,60,1.385,1,2147,0,245.727,11.385,-2.938,245.063,17.813,-0.715,1.395,-0.016,-10.184,-5.090,-20.730,2.636,2.858,1.143,1.344,0,NULL,NULL,,3,0,2,7,255,979,250,0,0
stim,87268,117389,0,117389,3314714.453,-0.483,0.283,-0.417,0.716,0,0,0,0,0,0,0,18,60,1.385,1,2147,0,265.075,11.385,41.813,258.938,38.313,-1.035,0.789,0.691,-10.184,-5.090,-20.246,2.708,2.930,1.143,1.344,0,NULL,NULL,,3,0,2,7,255,979,250,0,0
stim,87268,117389,0,117389,3314719.455,-0.488,0.274,-0.412,0.719,0,0,0,0,0,0,0,25,60,1.385,1,2147,0,265.555,12.417,-16.375,264.438,18.000,-1.152,0.250,0.813,-3.641,-11.871,-17.363,2.772,2.996,1.143,1.344,0,NULL,NULL,,3,0,2,7,255,979,250,0,0
stim,87268,117389,0,117389,3314724.455,-0.493,0.264,-0.408,0.721,0,0,0,0,0,0,0,28,60,1.385,1,2147,0,280.654,11.976,-63.500,273.375,-0.750,-0.926,0.137,0.262,1.578,-11.871,-16.055,2.830,3.054,1.143,1.344,0,NULL,NULL,,3,0,2,7,255,979,250,0,0
stim,87301,117422,0,117422,3314729.455,-0.499,0.255,-0.403,0.724,0,0,0,0,0,0,0,26,60,1.385,1,2147,0,279.127,7.126,-41.188,276.063,2.188,-0.711,0.363,-0.227,1.578,-6.949,-16.055,2.878,3.106,1.143,1.344,0,NULL,NULL,,3,0,2,7,255,979,250,0,0
stim,87301,117422,0,117422,3314734.453,-0.503,0.246,-0.397,0.727,0,0,0,0,0,0,0,28,60,1.385,1,2147,0,280.511,2.411,20.313,279.250,17.125,-0.570,0.539,-0.285,-0.656,-2.320,-17.414,2.916,3.144,1.143,1.344,0,NULL,NULL,,3,0,2,7,255,979,250,0,0
stim,87301,117422,0,117422,3314739.455,-0.507,0.238,-0.388,0.732,0,0,0,0,0,0,0,23,60,1.385,1,2147,0,295.483,3.571,64.625,286.563,31.875,-0.566,0.570,-0.066,-2.715,-2.320,-17.414,2.940,3.172,1.143,1.344,0,NULL,NULL,,3,0,2,7,255,979,250,0,0
stim,87301,117422,0,117422,3314744.454,-0.510,0.230,-0.380,0.737,0,0,0,0,0,0,0,22,60,1.385,1,2147,0,311.697,4.445,78.375,298.875,41.063,-0.547,0.379,0.098,-2.715,-3.520,-16.242,2.958,3.192,1.143,1.344,0,NULL,NULL,,3,0,2,7,255,979,250,0,0
stim,87301,117422,0,117422,3314749.455,-0.513,0.221,-0.370,0.742,0,0,0,0,0,0,0,25,60,1.385,1,2147,0,323.850,4.822,80.688,310.438,44.688,-0.648,0.355,0.168,-1.594,-4.551,-14.473,2.974,3.208,1.143,1.344,0,NULL,NULL,,3,0,2,7,255,979,250,0,0
stim,87301,117422,0,117422,3314754.453,-0.517,0.212,-0.360,0.747,0,0,0,0,0,0,0,21,60,1.385,1,2147,0,338.515,5.549,99.875,321.250,37.625,-0.590,0.328,0.164,-1.066,-5.445,-14.426,2.988,3.226,1.143,1.344,0,NULL,NULL,,3,0,2,7,255,979,250,0,0
stim,87328,117449,0,117449,3314759.455,-0.520,0.204,-0.349,0.753,0,0,0,0,0,0,0,17,60,1.385,1,2147,0,355.092,5.863,125.375,329.813,39.938,-0.508,0.355,0.316,-1.066,-5.766,-13.859,3.006,3.246,1.143,1.344,0,NULL,NULL,,3,0,2,7,255,979,250,0,0
stim,87328,117449,0,117449,3314764.454,-0.522,0.195,-0.337,0.759,0,0,0,0,0,0,0,12,60,1.385,1,2147,0,370.753,6.473,136.188,342.000,44.125,-0.465,0.383,0.563,-1.699,-6.246,-12.258,3.026,3.266,1.143,1.344,0,NULL,NULL,,3,0,2,7,255,979,250,0,0
stim,87356,117477,0,117477,3314769.455,-0.525,0.186,-0.325,0.764,0,0,0,0,0,0,0,7,60,1.385,1,2147,0,379.979,8.148,128.563,354.375,47.688,-0.438,0.398,0.734,-2.313,-7.813,-10.215,3.050,3.294,1.143,1.344,0,NULL,NULL,,3,0,2,7,255,979,250,0,0
stim,87356,117477,0,117477,3314774.454,-0.528,0.176,-0.313,0.770,0,0,0,0,0,0,0,10,60,1.385,1,2147,0,387.065,9.270,117.500,365.438,49.688,-0.426,0.414,0.789,-2.703,-8.867,-8.633,3.080,3.326,1.143,1.344,0,NULL,NULL,,3,0,2,7,255,979,250,0,0
stim,87356,117477,0,117477,3314779.455,-0.531,0.165,-0.300,0.775,0,0,0,0,0,0,0,5,60,1.385,1,2147,0,394.724,9.533,115.000,374.625,47.313,-0.410,0.410,0.813,-2.922,-9.074,-7.914,3.114,3.362,1.143,1.344,0,NULL,NULL,,3,0,2,7,255,979,250,0,0
stim,87356,117477,0,117477,3314784.454,-0.534,0.154,-0.288,0.780,0,0,0,0,0,0,0,5,60,1.385,1,2147,0,401.956,9.603,117.250,382.188,41.875,-0.371,0.395,0.902,-2.980,-9.129,-7.340,3.150,3.400,1.143,1.344,0,NULL,NULL,,3,0,2,7,255,979,250,0,0
stim,87356,117477,0,117477,3314789.455,-0.537,0.143,-0.275,0.784,0,0,0,0,0,0,0,4,60,1.385,1,2147,0,406.529,9.706,113.188,388.750,36.438,-0.320,0.355,1.008,-3.094,-9.199,-6.117,3.190,3.442,1.143,1.344,0,NULL,NULL,,3,0,2,7,255,979,250,0,0
stim,87356,117477,0,117477,3314794.454,-0.541,0.132,-0.262,0.788,0,0,0,0,0,0,0,0,60,1.385,1,2147,0,408.241,9.706,102.813,393.563,34.625,-0.285,0.289,1.066,-3.094,-9.199,-4.582,3.230,3.484,1.143,1.344,0,NULL,NULL,,3,0,2,7,255,979,250,0,0
stim,87356,117477,0,117477,3314799.455,-0.544,0.120,-0.250,0.792,0,0,0,0,0,0,0,0,60,1.385,1,2147,0,408.177,9.283,92.563,396.000,35.000,-0.277,0.215,1.059,-2.734,-8.871,-3.461,3.270,3.526,1.143,1.344,0,NULL,NULL,,3,0,2,7,255,979,250,0,0
stim,87356,117477,0,117477,3314804.453,-0.547,0.108,-0.237,0.795,0,0,0,0,0,0,0,5,60,1.385,1,2147,0,407.463,8.671,87.250,396.688,32.438,-0.293,0.230,1.020,-2.246,-8.375,-3.160,3.310,3.568,1.143,1.344,0,NULL,NULL,,3,0,2,7,255,979,250,0,0
stim,87386,117507,0,117507,3314809.455,-0.550,0.097,-0.225,0.798,0,0,0,0,0,0,0,1,60,1.385,1,2147,0,407.048,8.369,89.438,396.375,24.000,-0.297,0.203,0.945,-2.145,-8.090,-3.160,3.350,3.610,1.143,1.344,0,NULL,NULL,,3,0,2,7,255,979,250,0,0
stim,87386,117507,0,117507,3314814.454,-0.553,0.085,-0.212,0.801,0,0,0,0,0,0,0,6,60,1.385,1,2147,0,408.022,7.678,104.875,394.063,14.063,-0.316,0.113,0.875,-1.965,-7.422,-3.457,3.390,3.652,1.143,1.344,0,NULL,NULL,,3,0,2,7,255,979,250,0,0
stim,87386,117507,0,117507,3314819.455,-0.557,0.074,-0.198,0.803,0,0,0,0,0,0,0,3,60,1.385,1,2147,0,410.148,6.895,117.750,392.688,12.375,-0.207,0.027,0.957,-1.039,-6.816,-3.457,3.430,3.692,1.143,1.344,0,NULL,NULL,,3,0,2,7,255,979,250,0,0
stim,87386,117507,0,117507,3314824.455,-0.559,0.064,-0.184,0.806,0,0,0,0,0,0,0,6,60,1.385,1,2147,0,407.609,6.224,122.313,388.125,23.313,-0.211,0.109,1.070,-1.039,-6.137,-2.102,3.468,3.732,1.143,1.344,0,NULL,NULL,,3,0,2,7,255,979,250,0,0
stim,87386,117507,0,117507,3314829.455,-0.561,0.053,-0.171,0.808,0,0,0,0,0,0,0,3,60,1.385,1,2147,0,404.334,6.213,123.125,384.375,24.125,-0.199,0.164,1.098,-1.699,-5.977,-1.117,3.506,3.772,1.143,1.344,0,NULL,NULL,,3,0,2,7,255,979,250,0,0
stim,87386,117507,0,117507,3314834.454,-0.563,0.043,-0.157,0.810,0,0,0,0,0,0,0,5,60,1.385,1,2147,0,402.917,6.274,132.563,379.500,27.375,-0.160,0.105,1.082,-1.910,-5.977,-0.742,3.544,3.814,1.143,1.344,0,NULL,NULL,,3,0,2,7,255,979,250,0,0
stim,87387,117508,0,117508,3314839.455,-0.565,0.033,-0.142,0.812,0,0,0,0,0,0,0,6,60,1.385,1,2147,0,403.642,5.607,147.625,374.313,32.000,-0.191,0.125,1.125,-2.051,-5.219,-0.449,3.584,3.854,1.143,1.344,0,NULL,NULL,,3,0,2,7,255,979,250,0,0
stim,87387,117508,0,117508,3314844.453,-0.566,0.024,-0.127,0.814,0,0,0,0,0,0,0,0,60,1.385,1,2147,0,405.036,5.607,163.875,369.188,30.000,-0.223,0.164,1.227,-2.051,-5.219,-0.008,3.622,3.894,1.143,1.344,0,NULL,NULL,,3,0,2,7,255,979,250,0,0
stim,87422,117543,0,117543,3314849.455,-0.567,0.015,-0.112,0.816,0,0,0,0,0,0,0,1,60,1.385,1,2147,0,404.794,5.742,174.375,364.375,26.125,-0.199,0.180,1.336,-2.395,-5.219,1.000,3.656,3.932,1.143,1.344,0,NULL,NULL,,3,0,2,7,255,979,250,0,0
stim,87422,117543,0,117543,3314854.454,-0.568,0.007,-0.097,0.817,0,0,0,0,0,0,0,0,60,1.385,1,2147,0,404.231,5.859,183.875,358.625,31.313,-0.184,0.164,1.438,-2.738,-5.180,2.230,3.690,3.966,1.143,1.344,0,NULL,NULL,,3,0,2,7,255,979,250,0,0
stim,87422,117543,0,117543,3314859.455,-0.568,-0.001,-0.081,0.819,0,0,0,0,0,0,0,0,60,1.385,1,2147,0,404.090,5.483,194.500,352.250,37.125,-0.223,0.156,1.535,-2.738,-4.750,3.449,3.720,3.998,1.143,1.344,0,NULL,NULL,,3,0,2,7,255,979,250,0,0
stim,87422,117543,0,117543,3314864.454,-0.569,-0.008,-0.065,0.820,0,0,0,0,0,0,0,5,60,1.385,1,2147,0,404.458,5.483,207.188,345.438,36.500,-0.270,0.184,1.672,-2.738,-4.750,4.535,3.748,4.026,1.143,1.344,0,NULL,NULL,,3,0,2,7,255,979,250,0,0
stim,87422,117543,0,117543,3314869.455,-0.569,-0.015,-0.049,0.821,0,0,0,0,0,0,0,0,60,1.385,1,2147,0,403.151,5.483,215.813,339.063,31.500,-0.266,0.215,1.836,-2.738,-4.750,5.945,3.774,4.054,1.143,1.344,0,NULL,NULL,,3,0,2,7,255,979,250,0,0
stim,87422,117543,0,117543,3314874.454,-0.569,-0.022,-0.033,0.821,0,0,0,0,0,0,0,3,60,1.385,1,2147,0,400.319,5.505,220.688,332.750,28.813,-0.238,0.215,1.992,-3.109,-4.543,7.676,3.800,4.080,1.143,1.344,0,NULL,NULL,,3,0,2,7,255,979,250,0,0
stim,87466,117587,0,117587,3314879.455,-0.569,-0.028,-0.016,0.822,0,0,0,0,0,0,0,1,60,1.385,1,2147,0,397.879,4.856,223.875,327.875,26.188,-0.215,0.176,2.148,-3.109,-3.730,9.359,3.824,4.106,1.143,1.344,0,NULL,NULL,,3,0,2,7,255,979,250,0,0
stim,87466,117587,0,117587,3314884.454,-0.569,-0.034,0.000,0.822,0,0,0,0,0,0,0,0,60,1.385,1,2147,0,394.249,4.013,222.125,325.000,21.625,-0.176,0.082,2.266,-2.926,-2.746,11.051,3.848,4.130,1.143,1.344,0,NULL,NULL,,3,0,2,7,255,979,250,0,0
stim,87466,117587,0,117587,3314889.455,-0.569,-0.040,0.016,0.821,0,0,0,0,0,0,0,0,60,1.385,1,2147,0,390.586,2.519,216.563,324.625,16.625,-0.109,-0.008,2.305,-2.152,-1.309,12.359,3.868,4.152,1.143,1.344,0,NULL,NULL,,3,0,2,7,255,979,250,0,0
stim,87466,117587,0,117587,3314894.453,-0.569,-0.047,0.032,0.820,0,0,0,0,0,0,0,0,60,1.385,1,2147,0,390.991,1.436,216.000,325.750,10.250,-0.031,-0.094,2.270,-1.391,0.359,12.359,3.886,4.170,1.143,1.344,0,NULL,NULL,,3,0,2,7,255,979,250,0,0
stim,87466,117587,0,117587,3314899.455,-0.569,-0.053,0.048,0.819,0,0,0,0,0,0,0,0,60,1.385,1,2147,0,398.375,2.203,227.688,326.875,3.750,0.059,-0.191,2.254,-0.684,2.094,12.352,3.898,4.184,1.143,1.344,0,NULL,NULL,,3,0,2,7,255,979,250,0,0
stim,87466,117587,0,117587,3314904.454,-0.570,-0.058,0.065,0.817,0,0,0,0,0,0,0,0,60,1.385,1,2147,0,409.998,3.963,247.625,326.750,-3.875,0.188,-0.293,2.305,0.141,3.961,12.137,3.904,4.192,1.143,1.344,0,NULL,NULL,,3,0,2,7,255,979,250,0,0
stim,87466,117587,0,117587,3314909.455,-0.570,-0.063,0.082,0.815,0,0,0,0,0,0,0,0,60,1.385,1,2147,0,422.979,6.326,269.438,325.813,-12.688,0.391,-0.340,2.434,0.816,6.273,12.137,3.902,4.190,1.143,1.344,0,NULL,NULL,,3,0,2,7,255,979,250,0,0
stim,87466,117587,0,117587,3314914.453,-0.571,-0.067,0.100,0.812,0,0,0,0,0,0,0,0,60,1.385,1,2147,0,434.068,9.294,287.125,324.875,-20.750,0.645,-0.363,2.578,0.816,9.258,12.719,3.890,4.178,1.143,1.344,0,NULL,NULL,,3,0,2,7,255,979,250,0,0
stim,87484,117605,0,117605,3314919.455,-0.571,-0.071,0.119,0.809,0,0,0,0,0,0,0,4,60,1.385,1,2147,0,439.954,12.764,299.063,321.813,-23.625,0.879,-0.434,2.715,0.754,12.742,13.168,3.864,4.156,1.143,1.344,0,NULL,NULL,,3,0,2,7,255,979,250,0,0
stim,87484,117605,1,117605,3314924.455,-0.572,-0.075,0.137,0.806,0,0,0,0,0,0,0,4,60,1.385,1,2147,0,437.278,16.186,302.938,314.750,-19.313,1.035,-0.586,2.840,0.754,16.168,13.316,3.828,4.118,1.143,1.344,0,NULL,NULL,,3,1,2,7,255,979,250,0,0
stim,87484,117605,1,117605,3314929.455,-0.571,-0.078,0.155,0.802,0,0,0,0,0,0,0,5,60,1.385,1,2147,0,430.439,19.322,302.125,306.313,-13.063,1.129,-0.703,2.934,2.102,19.207,13.316,3.776,4.068,1.143,1.344,0,NULL,NULL,,3,1,2,7,255,979,250,0,0
stim,87484,117605,1,117605,3314934.453,-0.571,-0.081,0.173,0.798,0,0,0,0,0,0,0,8,60,1.385,1,2147,0,423.411,21.681,301.500,296.938,-14.250,1.219,-0.676,3.031,3.289,21.430,13.066,3.708,4.004,1.143,1.344,0,NULL,NULL,,3,1,2,7,255,979,250,0,0
stim,87506,117627,1,117627,3314939.455,-0.571,-0.084,0.191,0.794,0,0,0,0,0,0,0,11,60,1.385,1,2147,0,415.245,23.427,296.375,289.438,-28.563,1.332,-0.590,3.137,3.289,23.195,12.922,3.628,3.922,1.143,1.344,0,NULL,NULL,,3,1,2,7,255,979,250,0,0
stim,87506,117627,1,117627,3314944.453,-0.572,-0.087,0.207,0.789,0,0,0,0,0,0,0,23,60,1.385,1,2147,0,402.410,25.191,282.750,282.563,-46.313,1.438,-0.492,3.316,2.656,25.051,12.922,3.532,3.828,1.143,1.344,0,NULL,NULL,,3,1,2,7,255,979,250,0,0
stim,87506,117627,1,117627,3314949.455,-0.573,-0.091,0.223,0.784,0,0,0,0,0,0,0,36,60,1.385,1,2147,0,384.641,27.172,258.750,276.125,-68.938,1.656,-0.250,3.563,2.059,27.094,13.367,3.424,3.720,1.143,1.344,0,NULL,NULL,,3,1,2,7,255,979,250,0,0
stim,87506,117627,1,117627,3314954.453,-0.575,-0.096,0.236,0.778,0,0,0,0,0,0,0,40,60,1.385,1,2147,0,355.984,30.059,211.688,270.000,-94.938,2.059,-0.059,3.695,-0.207,30.059,13.367,3.304,3.602,1.143,1.344,0,NULL,NULL,,3,1,2,7,255,979,250,0,0
stim,87506,117627,1,117627,3314959.455,-0.576,-0.103,0.247,0.772,0,0,0,0,0,0,0,45,60,1.385,1,2147,0,315.758,34.338,138.188,262.750,-107.563,2.543,-0.117,3.590,-2.672,34.234,13.336,3.174,3.470,1.143,1.344,0,NULL,NULL,,3,1,2,7,255,979,250,0,0
stim,87506,117627,1,117627,3314964.453,-0.577,-0.111,0.254,0.768,0,0,0,0,0,0,0,57,60,1.385,1,2147,0,276.336,38.627,56.313,252.813,-96.313,2.980,-0.238,3.156,-3.453,38.473,9.285,3.028,3.326,1.143,1.344,0,NULL,NULL,,3,1,2,7,255,979,250,0,0
stim,87558,117679,1,117679,3314969.455,-0.578,-0.120,0.260,0.765,0,0,0,0,0,0,0,99,60,1.385,1,2147,0,252.483,40.773,-2.438,239.875,-78.750,3.363,-0.309,2.508,-3.980,40.578,2.480,2.868,3.166,1.143,1.344,0,NULL,NULL,,3,1,2,7,255,979,250,0,0
stim,87558,117679,1,117679,3314974.454,-0.577,-0.128,0.264,0.762,0,0,0,0,0,0,0,159,60,1.385,1,2147,0,231.926,40.896,-21.563,222.250,-62.688,3.719,-0.352,1.871,-5.086,40.578,-5.711,2.692,2.990,1.143,1.344,0,NULL,NULL,,3,1,2,7,255,979,250,0,0
stim,87558,117679,1,117679,3314979.455,-0.576,-0.136,0.269,0.759,0,0,0,0,0,0,0,175,60,1.385,1,2147,0,217.699,40.755,-6.438,213.250,-43.313,3.977,-0.242,1.250,-6.320,40.262,-13.586,2.506,2.798,1.143,1.344,0,NULL,NULL,,3,1,2,7,255,979,250,0,0
stim,87558,117679,1,117679,3314984.454,-0.576,-0.142,0.273,0.757,0,0,0,0,0,0,0,197,60,1.385,1,2147,0,173.644,40.755,10.313,168.250,-41.688,4.527,-0.875,0.820,-6.320,40.262,-20.414,2.310,2.598,1.143,1.344,0,NULL,NULL,,3,1,2,7,255,979,250,0,0
stim,87558,117679,1,117679,3314989.455,-0.574,-0.145,0.278,0.756,0,0,0,0,0,0,0,208,60,1.385,1,2147,0,143.787,41.805,30.188,138.250,25.500,4.836,-1.684,0.336,-4.492,41.563,-28.703,2.110,2.392,1.143,1.344,0,NULL,NULL,,3,1,2,7,255,979,250,0,0
stim,87558,117679,1,117679,3314994.454,-0.570,-0.145,0.285,0.757,0,0,0,0,0,0,0,203,60,1.385,1,2147,0,188.552,41.596,112.938,101.875,111.438,4.648,-2.031,-0.152,1.676,41.563,-36.520,1.904,2.178,1.143,1.344,0,NULL,NULL,,3,1,2,7,255,979,250,0,0
stim,87558,117679,1,117679,3314999.455,-0.564,-0.139,0.296,0.758,0,0,0,0,0,0,0,175,60,1.385,1,2147,0,310.455,38.984,243.125,63.875,182.188,4.262,-2.324,0.063,4.609,38.711,-38.195,1.692,1.958,1.143,1.344,0,NULL,NULL,,3,1,2,7,255,979,250,0,0
stim,87558,117679,1,117679,3315004.453,-0.560,-0.128,0.310,0.757,0,0,0,0,0,0,0,152,60,1.385,1,2147,0,424.509,38.010,380.688,27.125,185.875,3.215,-1.875,0.766,7.270,37.309,-38.195,1.476,1.734,1.143,1.344,0,NULL,NULL,,3,1,2,7,255,979,250,0,0
stim,87575,117696,1,117696,3315009.455,-0.559,-0.115,0.326,0.754,0,0,0,0,0,0,0,139,60,1.385,1,2147,0,464.460,36.804,451.250,-10.313,109.500,2.738,-1.578,2.086,7.867,35.953,-26.605,1.262,1.512,1.143,1.344,0,NULL,NULL,,3,1,2,7,255,979,250,0,0
stim,87575,117696,1,117696,3315014.454,-0.559,-0.103,0.338,0.750,0,0,0,0,0,0,0,123,60,1.385,1,2147,0,422.416,36.681,411.625,-47.813,81.938,2.855,-1.191,3.363,7.270,35.953,-13.723,1.054,1.292,1.143,1.344,0,NULL,NULL,,3,1,2,7,255,979,250,0,0
stim,87575,117696,1,117696,3315019.455,-0.558,-0.091,0.346,0.749,0,0,0,51,0,0,0,291,60,1.385,1,2147,0,310.795,44.098,271.375,-96.000,117.188,1.984,-0.375,4.633,7.121,43.520,-3.949,0.854,1.072,1.143,1.344,0,NULL,NULL,,3,1,2,7,255,979,250,0,0
stim,87575,117696,1,117696,3315024.455,-0.550,-0.061,0.359,0.752,473,0,0,812,0,39,0,368,60,1.385,1,2147,0,776.217,44.341,578.500,-301.625,420.563,0.816,0.324,8.820,7.121,43.766,12.941,0.654,0.836,1.143,1.344,0,NULL,NULL,,3,1,2,7,255,979,250,0,0
stim,87600,117721,1,117721,3315029.455,-0.541,-0.050,0.355,0.761,1071,0,0,1384,0,287,0,478,60,1.385,1,2147,0,399.479,57.328,-19.063,-205.875,341.813,0.270,1.188,9.594,15.152,55.289,52.465,0.476,0.582,1.143,1.344,0,NULL,NULL,,3,1,2,7,255,979,250,0,0
stim,87600,117721,1,117721,3315034.453,-0.531,-0.069,0.312,0.785,1630,0,0,1781,0,553,0,555,60,1.385,1,2147,0,1233.188,57.328,-1191.250,-149.313,281.750,-0.176,3.027,3.012,15.152,55.289,52.465,0.412,0.366,1.143,1.344,0,NULL,NULL,,3,1,2,7,255,979,250,0,0
stim,87600,117721,1,117721,3315039.455,-0.520,-0.086,0.267,0.807,2025,0,0,1926,0,853,0,601,60,1.385,1,2148,0,1242.288,21.083,-1200.563,-191.438,255.500,-0.777,4.238,-1.820,-19.789,7.273,26.461,0.450,0.260,1.143,1.344,1,985.000,6.000,,3,1,2,7,255,979,250,0,0
stim,87600,117721,1,117721,3315044.454,-0.510,-0.094,0.243,0.820,2229,0,0,2077,0,1004,0,675,60,1.385,1,2148,0,675.517,35.170,-617.188,-121.125,246.438,-1.742,2.727,-3.070,-19.789,-29.074,-8.781,0.496,0.264,1.143,1.344,1,NULL,NULL,,3,1,2,7,255,979,250,0,0
stim,87600,117721,1,117721,3315049.455,-0.507,-0.090,0.234,0.825,2405,0,0,2186,0,1203,0,788,60,1.385,1,2148,0,265.168,34.109,-172.438,-170.125,107.875,-1.949,-0.004,-1.031,-17.836,-29.074,-11.367,0.518,0.316,1.143,1.344,1,NULL,NULL,,3,1,2,7,255,979,250,0,0
stim,87600,117721,1,117721,3315054.453,-0.508,-0.084,0.232,0.825,2509,0,0,2252,0,1341,0,868,60,1.385,1,2148,0,147.602,19.919,37.813,-142.438,8.250,-0.527,0.340,1.531,0.445,-19.914,-11.367,0.528,0.372,1.143,1.344,1,NULL,NULL,,3,1,2,7,255,979,250,0,0
stim,87649,117770,1,117770,3315059.455,-0.507,-0.081,0.229,0.827,2611,0,0,2359,0,1501,0,978,60,1.385,1,2148,0,119.507,1.449,-37.813,-105.125,42.438,0.391,2.457,2.195,0.445,1.379,6.320,0.550,0.420,1.143,1.344,2,NULL,NULL,,3,1,2,7,255,979,250,0,0
stim,87649,117770,1,117770,3315064.454,-0.503,-0.080,0.220,0.832,2760,0,0,2587,0,1587,0,1039,60,1.385,1,2148,0,232.909,19.673,-181.688,-98.250,107.625,0.141,2.355,2.262,-19.625,1.379,14.441,0.592,0.468,1.143,1.344,2,NULL,NULL,,3,1,2,7,255,979,250,0,0
stim,87649,117770,1,117770,3315069.455,-0.497,-0.082,0.205,0.839,2854,0,0,2735,0,1620,0,1115,60,1.385,1,2148,0,416.749,19.664,-362.000,-121.438,167.000,-1.465,-0.270,1.195,-19.625,1.230,14.441,0.624,0.504,1.143,1.344,2,NULL,NULL,,3,1,2,7,255,979,250,0,0
stim,87649,117770,1,117770,3315074.454,-0.492,-0.085,0.186,0.846,2926,0,0,2846,0,1656,0,1251,60,1.385,1,2148,0,487.656,11.215,-440.750,-167.938,123.875,-2.008,-1.797,-0.250,9.734,-5.570,5.156,0.626,0.524,1.143,1.344,2,NULL,NULL,,3,1,2,7,255,979,250,0,0
stim,87649,117770,1,117770,3315079.455,-0.495,-0.085,0.172,0.847,2975,0,0,2931,0,1691,0,1373,60,1.385,1,2148,0,327.125,23.178,-269.938,-163.813,-85.500,-1.613,-1.613,-1.004,21.480,-8.707,-9.223,0.602,0.530,1.143,1.344,2,NULL,NULL,,3,1,2,7,255,979,250,0,0
stim,87649,117770,1,117770,3315084.454,-0.502,-0.080,0.167,0.845,3012,0,0,2995,0,1752,0,1467,60,1.385,1,2148,0,240.497,23.178,-18.125,-173.313,-165.750,-0.262,-0.730,0.090,21.480,-8.707,-9.438,0.562,0.524,1.143,1.344,2,NULL,NULL,,3,1,2,7,255,979,250,0,0
stim,87649,117770,1,117770,3315089.455,-0.510,-0.074,0.165,0.841,3037,0,0,3045,0,1834,0,1557,60,1.385,1,2148,0,234.037,7.536,54.000,-152.563,-169.063,0.613,-0.535,1.715,7.414,1.352,-9.438,0.516,0.494,1.143,1.344,2,NULL,NULL,,3,1,2,7,255,979,250,0,0
stim,87649,117770,1,117770,3315094.454,-0.514,-0.071,0.160,0.840,3055,0,0,3091,0,1901,0,1613,60,1.385,1,2148,0,166.189,13.113,-43.438,-133.500,-88.938,1.188,-0.680,2.184,1.965,12.965,3.328,0.472,0.440,1.143,1.344,2,NULL,NULL,,3,1,2,7,255,979,250,0,0
stim,87649,117770,1,117770,3315099.455,-0.513,-0.070,0.151,0.842,3069,0,0,3117,0,1995,0,1655,60,1.385,1,2148,0,227.222,19.754,-186.063,-125.813,34.375,1.109,-1.121,1.961,1.965,19.656,3.809,0.430,0.364,1.143,1.344,2,NULL,NULL,,3,1,2,7,255,979,250,0,0
stim,87649,117770,1,117770,3315104.453,-0.507,-0.071,0.139,0.848,3087,0,0,3143,0,2085,0,1704,60,1.385,1,2148,0,321.708,20.225,-267.125,-112.063,139.938,0.418,-1.305,0.879,4.762,19.656,3.809,0.400,0.286,1.143,1.344,2,NULL,NULL,,3,1,2,7,255,979,250,0,0
stim,87684,117805,1,117805,3315109.455,-0.501,-0.071,0.129,0.853,3095,0,0,3165,59,2171,0,1747,60,1.385,1,2148,0,291.589,14.900,-208.625,-113.563,169.125,-0.465,-0.895,0.066,9.172,11.742,-4.352,0.380,0.220,1.143,1.344,2,NULL,NULL,,3,1,2,7,255,979,250,0,0
stim,87684,117805,1,117805,3315114.454,-0.497,-0.068,0.123,0.856,3099,0,0,3175,395,2281,0,1895,60,1.385,1,2148,0,187.894,9.184,-97.750,-124.438,101.313,-1.016,-0.414,0.344,9.172,0.465,-4.660,0.364,0.182,1.143,1.344,2,NULL,NULL,,3,1,2,7,255,979,250,0,0
stim,87684,117805,1,117805,3315119.455,-0.498,-0.064,0.118,0.856,3107,0,0,3183,618,2345,75,2015,60,1.385,1,2148,0,143.330,8.913,-50.625,-131.938,-23.938,-0.801,-0.121,1.156,8.313,-3.215,-4.660,0.352,0.168,1.143,1.344,2,NULL,NULL,,3,1,2,7,255,979,250,0,0
stim,87684,117805,1,117805,3315124.455,-0.502,-0.061,0.116,0.855,3107,0,0,3191,931,2403,93,2159,60,1.385,1,2148,0,122.019,5.604,-1.000,-82.250,-90.125,0.426,0.008,1.789,4.590,-3.215,2.805,0.344,0.166,1.143,1.344,2,NULL,NULL,,3,1,2,7,255,979,250,0,0
stim,87684,117805,1,117805,3315129.454,-0.505,-0.060,0.113,0.854,3103,0,0,3192,1161,2440,80,2235,60,1.385,1,2148,0,91.303,8.132,-31.813,-61.875,-59.125,0.813,0.133,1.504,-2.477,7.746,2.895,0.348,0.162,1.143,1.344,2,NULL,NULL,,3,1,2,7,255,979,250,0,0
stim,87684,117805,1,117805,3315134.455,-0.505,-0.059,0.111,0.854,3102,22,0,3197,1307,2467,105,2311,60,1.385,1,2148,0,63.729,9.402,-37.188,-51.750,-0.625,0.715,0.520,1.375,-5.328,7.746,2.895,0.364,0.146,1.143,1.344,2,NULL,NULL,,3,1,2,7,255,979,250,0,0
stim,87685,117806,1,117806,3315139.454,-0.504,-0.059,0.108,0.855,3101,38,0,3197,1436,2489,123,2373,60,1.385,1,2148,0,78.354,8.529,-69.125,-30.375,20.938,-0.105,-0.098,1.535,-5.328,6.660,2.895,0.390,0.126,1.143,1.344,2,NULL,NULL,,3,1,2,7,255,979,250,0,0
stim,87685,117806,1,117806,3315144.455,-0.504,-0.061,0.102,0.855,3101,59,0,3197,1545,2510,156,2414,60,1.385,1,2148,0,127.882,3.127,-123.313,-24.875,-23.000,-0.371,-0.645,0.840,0.934,2.984,2.297,0.416,0.104,1.143,1.344,2,NULL,NULL,,3,1,2,7,255,979,250,0,0
stim,87717,117838,1,117838,3315149.454,-0.506,-0.061,0.099,0.854,3101,107,0,3197,1597,2523,169,2455,60,1.385,1,2148,0,80.675,4.463,-57.938,-21.313,-51.938,-0.043,-0.434,0.402,3.730,2.449,-1.559,0.438,0.086,1.143,1.344,2,NULL,NULL,,3,1,2,7,255,979,250,0,0
stim,87717,117838,1,117838,3315154.455,-0.509,-0.060,0.100,0.853,3101,106,0,3199,1671,2527,179,2479,60,1.385,1,2148,0,62.867,4.463,20.188,-21.063,-55.688,0.070,-0.055,0.902,3.730,2.449,-1.559,0.454,0.072,1.143,1.344,2,NULL,NULL,,3,1,2,7,255,979,250,0,0
stim,87717,117838,1,117838,3315159.454,-0.510,-0.060,0.100,0.852,3103,120,0,3199,1723,2539,182,2496,60,1.385,1,2148,0,36.875,2.719,11.625,-15.625,-31.313,0.137,-0.008,1.305,-0.215,2.711,-1.387,0.464,0.064,1.143,1.344,2,NULL,NULL,,3,1,2,7,255,979,250,0,0
stim,87717,117838,1,117838,3315164.455,-0.509,-0.060,0.098,0.853,3103,139,0,3195,1768,2543,205,2519,60,1.385,1,2148,0,45.058,2.992,-42.938,-12.875,4.563,-0.020,-0.156,1.191,-0.215,2.984,1.523,0.472,0.056,1.143,1.344,2,NULL,NULL,,3,1,2,7,255,979,250,0,0
stim,87717,117838,1,117838,3315169.454,-0.509,-0.061,0.095,0.853,3107,165,0,3197,1809,2549,207,2532,60,1.385,1,2148,0,60.877,3.144,-59.063,-12.188,8.313,-0.254,-0.090,0.891,0.988,2.984,1.523,0.480,0.050,1.143,1.344,2,NULL,NULL,,3,1,2,7,255,979,250,0,0
stim,87717,117838,0,117838,3315174.455,-0.510,-0.061,0.094,0.853,3107,177,16,3195,1838,2555,212,2541,60,1.385,1,2148,0,38.332,0.991,-26.563,-11.375,-25.188,-0.250,0.141,0.855,0.988,0.066,-0.848,0.488,0.044,1.143,1.344,2,NULL,NULL,,3,0,2,7,255,982,250,0,0
stim,87769,117890,0,117890,3315179.454,-0.512,-0.061,0.094,0.852,3104,174,59,3188,1876,2555,211,2548,60,1.385,1,2148,0,50.568,0.450,-2.563,-9.375,-49.625,-0.035,0.219,1.082,-0.445,0.066,-0.848,0.494,0.038,1.143,1.344,2,NULL,NULL,,3,0,2,7,255,982,250,0,0
stim,87769,117890,0,117890,3315184.455,-0.513,-0.061,0.093,0.851,3104,187,100,3191,1903,2557,211,2554,60,1.385,1,2148,0,40.744,2.043,-13.250,-5.125,-38.188,0.113,0.094,1.215,-1.852,0.863,0.777,0.502,0.034,1.143,1.344,2,NULL,NULL,,3,0,2,7,255,982,250,0,0
stim,87769,117890,0,117890,3315189.454,-0.514,-0.062,0.091,0.851,3107,189,120,3193,1929,2559,191,2559,60,1.385,1,2148,0,35.014,3.108,-33.000,-2.750,-11.375,0.051,0.012,1.090,-1.852,2.496,0.777,0.508,0.028,1.143,1.344,2,NULL,NULL,,3,0,2,7,255,982,250,0,0
stim,87769,117890,0,117890,3315194.455,-0.514,-0.062,0.090,0.851,3103,191,170,3191,1949,2566,187,2568,60,1.385,1,2148,0,31.504,2.627,-31.438,-1.875,-0.813,-0.094,0.008,0.926,-0.820,2.496,0.527,0.516,0.020,1.143,1.344,2,NULL,NULL,,3,0,2,7,255,982,250,0,0
stim,87769,117890,0,117890,3315199.454,-0.514,-0.063,0.089,0.851,3103,198,227,3189,1961,2566,181,2569,60,1.385,1,2148,0,17.220,0.959,-15.875,-1.750,-6.438,-0.137,-0.031,0.910,-0.102,0.953,-0.750,0.524,0.012,1.143,1.344,2,NULL,NULL,,3,0,2,7,255,982,250,0,0
stim,87769,117890,0,117890,3315204.455,-0.514,-0.063,0.089,0.851,3101,189,249,3187,1971,2557,181,2571,60,1.385,1,2148,0,11.106,1.039,-3.813,-1.938,-10.250,-0.094,-0.059,0.969,0.414,0.953,-0.750,0.532,0.006,1.143,1.344,2,NULL,NULL,,3,0,2,7,255,982,250,0,0
stim,87769,117890,0,117890,3315209.454,-0.514,-0.062,0.089,0.851,3099,187,277,3161,1973,2556,180,2568,60,1.385,1,2148,0,5.860,1.221,2.188,-1.813,-5.125,-0.086,0.020,1.020,0.414,1.148,-0.371,0.536,0.000,1.143,1.344,2,NULL,NULL,,3,0,2,7,255,982,250,0,0
stim,87769,117890,0,117890,3315214.455,-0.514,-0.062,0.089,0.851,3096,187,283,3181,1976,2553,173,2571,60,1.385,1,2148,0,4.844,1.190,4.250,-1.375,-1.875,-0.133,0.160,1.070,-0.313,1.148,0.145,0.000,0.000,1.143,1.344,2,NULL,NULL,,3,0,2,7,255,982,250,0,0
stim,87769,117890,0,117890,3315219.454,-0.515,-0.062,0.089,0.851,3091,185,305,3176,1983,2565,167,2577,60,1.385,1,2148,0,5.571,1.349,0.938,-1.125,-5.375,-0.145,0.250,1.133,-1.332,0.215,0.805,0.000,0.000,1.143,1.344,2,NULL,NULL,,3,0,2,7,255,982,250,0,0
stim,87769,117890,0,117890,3315224.455,-0.515,-0.062,0.089,0.850,3087,185,315,3178,1989,2541,165,2577,60,1.385,1,2148,0,10.287,2.067,-6.813,-1.125,-7.625,-0.121,0.242,1.129,-2.066,0.039,1.371,0.000,0.000,1.143,1.344,2,NULL,NULL,,3,0,2,7,255,982,250,0,0
stim,87791,117912,0,117912,3315229.455,-0.515,-0.062,0.088,0.850,3077,185,338,3163,1997,2538,169,2567,60,1.398,1,2148,1,12.630,2.067,-10.500,-1.063,-6.938,-0.137,0.207,1.074,-2.066,-0.043,1.371,0.000,0.000,1.126,1.370,2,NULL,NULL,,3,0,2,7,255,982,250,0,0
stim,87791,117912,0,117912,3315234.454,-0.515,-0.062,0.088,0.850,3061,187,383,3155,2006,2533,172,2567,60,1.398,1,2148,1,12.475,1.727,-10.250,-1.813,-6.875,-0.191,0.191,1.055,-1.727,-0.043,0.863,0.006,0.004,1.126,1.370,2,NULL,NULL,,3,0,2,7,255,982,250,0,0
stim,87791,117912,0,117912,3315239.455,-0.516,-0.062,0.088,0.850,3049,189,431,3146,2012,2529,183,2577,60,1.398,1,2148,1,16.180,1.436,-11.375,-3.375,-11.000,-0.230,0.211,1.066,-1.348,-0.496,0.863,0.012,0.008,1.126,1.370,2,NULL,NULL,,3,0,2,7,255,982,250,0,0
stim,87791,117912,0,117912,3315244.453,-0.516,-0.062,0.087,0.850,3035,205,443,3135,2031,2529,205,2579,60,1.398,1,2148,1,23.460,1.578,-13.750,-4.625,-18.438,-0.215,0.219,1.055,-1.348,-0.820,0.832,0.016,0.010,1.126,1.370,2,NULL,NULL,,3,0,2,7,255,982,250,0,0
stim,87814,117935,0,117935,3315249.455,-0.517,-0.062,0.086,0.849,3016,212,487,3129,2037,2515,233,2573,60,1.398,1,2148,1,29.617,1.578,-14.813,-4.125,-25.313,-0.156,0.164,1.027,-1.348,-0.820,0.832,0.020,0.008,1.126,1.370,2,NULL,NULL,,3,0,2,7,255,982,250,0,0
stim,87814,117935,0,117935,3315254.453,-0.518,-0.062,0.086,0.849,2998,211,538,3115,2053,2506,268,2569,60,1.398,1,2148,1,29.789,1.271,-15.313,-3.000,-25.375,-0.082,0.105,1.023,-1.266,-0.121,0.445,0.024,0.008,1.126,1.370,2,NULL,NULL,,3,0,2,7,255,982,250,0,0
stim,87814,117935,0,117935,3315259.455,-0.519,-0.063,0.085,0.848,2988,220,613,3109,2063,2501,281,2559,60,1.398,1,2148,1,26.194,1.329,-16.375,-2.813,-20.250,-0.078,0.070,1.000,-1.105,0.738,0.215,0.026,0.008,1.126,1.370,2,NULL,NULL,,3,0,2,7,255,982,250,0,0
stim,87814,117935,0,117935,3315264.454,-0.520,-0.063,0.084,0.848,2968,225,647,3087,2071,2485,312,2567,60,1.398,1,2148,1,24.847,1.095,-15.188,-2.000,-19.563,-0.109,0.051,0.973,-0.809,0.738,-0.020,0.028,0.006,1.126,1.370,2,NULL,NULL,,3,0,2,7,255,982,250,0,0
stim,87868,117989,0,117989,3315269.455,-0.520,-0.063,0.084,0.848,2949,228,691,3082,2083,2477,316,2572,60,1.398,1,2148,1,22.960,0.797,-10.438,-1.750,-20.375,-0.133,0.016,0.941,-0.484,0.633,-0.254,0.030,0.006,1.126,1.370,2,NULL,NULL,,3,0,2,7,255,982,250,0,0
stim,87868,117989,0,117989,3315274.454,-0.521,-0.063,0.083,0.847,2927,231,715,3065,2105,2478,330,2567,60,1.398,1,2148,1,24.266,0.551,-5.938,-2.063,-23.438,-0.164,-0.059,0.918,-0.094,0.543,-0.520,0.032,0.008,1.126,1.370,2,NULL,NULL,,3,0,2,7,255,982,250,0,0
stim,87868,117989,0,117989,3315279.455,-0.522,-0.063,0.083,0.847,2906,233,762,3047,2135,2460,349,2570,60,1.398,1,2148,1,21.078,0.901,-4.063,-4.500,-20.188,-0.145,-0.078,0.922,0.719,0.543,-0.711,0.034,0.010,1.126,1.370,2,NULL,NULL,,3,0,2,7,255,982,250,0,0
stim,87868,117989,0,117989,3315284.454,-0.522,-0.063,0.082,0.846,2875,247,792,3020,2171,2467,411,2585,60,1.398,1,2148,1,14.832,0.964,-1.063,-7.813,-12.563,-0.188,-0.094,0.902,0.797,0.543,-0.723,0.036,0.012,1.126,1.370,2,NULL,NULL,,3,0,2,7,255,982,250,0,0
stim,87868,117989,0,117989,3315289.455,-0.523,-0.063,0.082,0.846,2853,249,872,3005,2205,2455,439,2584,60,1.398,1,2148,1,21.678,1.209,4.813,-9.000,-19.125,-0.250,-0.070,0.910,1.129,0.434,-0.723,0.038,0.014,1.126,1.370,2,NULL,NULL,,3,0,2,7,255,982,250,0,0
stim,87868,117989,0,117989,3315294.453,-0.524,-0.062,0.082,0.845,2816,251,926,2985,2255,2460,474,2599,60,1.398,1,2148,1,26.476,1.140,6.500,-13.625,-21.750,-0.215,0.000,0.938,1.129,-0.160,-0.617,0.040,0.016,1.126,1.370,2,NULL,NULL,,3,0,2,7,255,982,250,0,0
stim,87868,117989,0,117989,3315299.455,-0.525,-0.062,0.082,0.845,2788,261,991,2941,2281,2467,520,2613,60,1.398,1,2148,1,27.817,0.440,6.688,-16.000,-21.750,-0.211,0.031,0.961,0.398,-0.188,-0.414,0.042,0.020,1.126,1.370,2,NULL,NULL,,3,0,2,7,255,982,250,0,0
stim,87868,117989,0,117989,3315304.453,-0.526,-0.061,0.081,0.844,2761,254,1065,2911,2315,2462,591,2633,60,1.398,1,2148,1,31.167,0.208,5.250,-17.500,-25.250,-0.211,0.027,0.992,0.133,-0.160,-0.152,0.046,0.026,1.126,1.370,2,NULL,NULL,,3,0,2,7,255,982,250,0,0
stim,87868,117989,0,117989,3315309.455,-0.527,-0.060,0.081,0.844,2712,263,1149,2887,2351,2463,689,2664,60,1.398,1,2148,1,33.905,0.176,1.938,-20.250,-27.125,-0.164,0.039,1.000,0.105,-0.141,0.125,0.048,0.030,1.126,1.370,2,NULL,NULL,,3,0,2,7,255,982,250,0,0
stim,87868,117989,0,117989,3315314.454,-0.528,-0.059,0.080,0.843,2659,265,1222,2855,2396,2464,809,2665,60,1.398,1,2148,1,31.999,0.208,0.563,-21.438,-23.750,-0.164,0.031,0.988,-0.098,0.184,0.125,0.054,0.036,1.126,1.370,2,NULL,NULL,,3,0,2,7,255,982,250,0,0
stim,87869,117990,0,117990,3315319.455,-0.529,-0.059,0.080,0.843,2601,263,1293,2833,2427,2479,913,2670,60,1.398,1,2148,1,34.162,0.239,-2.438,-22.813,-25.313,-0.148,0.102,1.008,-0.152,0.184,0.125,0.058,0.038,1.126,1.370,2,NULL,NULL,,3,0,2,7,255,982,250,0,0
stim,87869,117990,0,117990,3315324.455,-0.530,-0.058,0.079,0.842,2535,259,1391,2792,2467,2485,1011,2687,60,1.398,1,2148,1,37.388,0.794,-4.375,-23.875,-28.438,-0.168,0.133,1.031,-0.793,0.043,0.215,0.062,0.042,1.126,1.370,2,NULL,NULL,,3,0,2,7,255,982,250,0,0
stim,87913,118034,0,118034,3315329.455,-0.531,-0.057,0.078,0.842,2462,255,1515,2737,2501,2489,1141,2711,60,1.398,1,2148,1,39.511,0.966,-12.250,-24.250,-28.688,-0.066,0.172,1.016,-0.965,0.043,0.215,0.066,0.044,1.126,1.370,2,NULL,NULL,,3,0,2,7,255,982,250,0,0
stim,87913,118034,0,118034,3315334.454,-0.532,-0.056,0.077,0.842,2397,264,1622,2715,2539,2487,1275,2720,60,1.398,1,2148,1,31.622,1.495,-10.000,-24.500,-17.313,-0.102,0.160,1.016,-1.488,0.145,0.215,0.068,0.048,1.126,1.370,2,NULL,NULL,,3,0,2,7,255,982,250,0,0
stim,87913,118034,0,118034,3315339.455,-0.532,-0.056,0.076,0.841,2315,267,1739,2663,2577,2492,1401,2745,60,1.398,1,2148,1,35.924,1.495,-19.313,-23.938,-18.563,-0.219,0.125,1.023,-1.488,0.145,0.215,0.072,0.052,1.126,1.370,2,NULL,NULL,,3,0,2,7,255,982,250,0,0
stim,87913,118034,0,118034,3315344.453,-0.533,-0.055,0.075,0.841,2220,265,1843,2617,2607,2505,1529,2763,60,1.398,1,2148,1,45.098,1.019,-17.938,-26.000,-32.188,-0.277,0.129,1.035,-0.715,-0.727,0.492,0.076,0.056,1.126,1.370,2,NULL,NULL,,3,0,2,7,255,982,250,0,0
stim,87913,118034,0,118034,3315349.455,-0.535,-0.055,0.073,0.840,2119,268,1939,2568,2651,2503,1656,2789,60,1.398,1,2148,1,63.643,0.886,-28.438,-25.313,-51.000,-0.203,0.078,1.070,-0.508,-0.727,0.680,0.080,0.062,1.126,1.370,2,NULL,NULL,,3,0,2,7,255,982,250,0,0
stim,87913,118034,0,118034,3315354.454,-0.537,-0.055,0.070,0.839,2015,268,2057,2509,2694,2507,1783,2795,60,1.398,1,2148,1,75.751,0.567,-40.688,-28.375,-57.250,-0.188,0.063,1.141,-0.418,-0.383,0.871,0.086,0.066,1.126,1.370,2,NULL,NULL,,3,0,2,7,255,982,250,0,0
stim,87913,118034,0,118034,3315359.455,-0.540,-0.056,0.067,0.837,1897,267,2174,2411,2727,2507,1892,2821,60,1.398,1,2148,1,99.216,0.431,-65.375,-26.875,-69.625,-0.168,0.086,1.141,-0.418,-0.105,1.496,0.088,0.072,1.126,1.370,2,NULL,NULL,,3,0,2,7,255,982,250,0,0
stim,87913,118034,0,118034,3315364.453,-0.542,-0.056,0.064,0.836,1728,267,2272,2361,2756,2518,2007,2827,60,1.398,1,2148,1,103.360,0.753,-70.688,-28.813,-69.688,-0.086,0.074,0.996,-0.746,-0.102,1.496,0.090,0.074,1.126,1.370,2,NULL,NULL,,3,0,2,7,255,982,250,0,0
stim,87968,118089,0,118089,3315369.455,-0.544,-0.057,0.060,0.835,1575,262,2364,2261,2778,2521,2115,2853,60,1.398,1,2148,0,94.414,0.853,-68.375,-30.063,-57.750,0.020,-0.047,0.957,-0.746,0.414,-0.020,0.092,0.074,1.126,1.370,2,NULL,NULL,,3,0,2,7,255,982,250,0,0
stim,87968,118089,0,118089,3315374.454,-0.546,-0.057,0.057,0.834,1326,229,2460,2165,2807,2517,2203,2864,60,1.398,1,2148,0,80.750,0.512,-59.500,-31.000,-44.938,-0.129,-0.070,0.945,-0.285,0.426,-0.465,0.092,0.072,1.126,1.370,2,NULL,NULL,,3,0,2,7,255,982,250,0,0
stim,87968,118089,0,118089,3315379.455,-0.547,-0.058,0.054,0.833,1203,230,2525,2024,2825,2509,2278,2872,60,1.398,1,2148,0,79.475,0.645,-55.063,-32.250,-47.375,-0.168,-0.098,1.000,0.484,0.426,-0.465,0.088,0.070,1.126,1.370,2,NULL,NULL,,3,0,2,7,255,982,250,0,0
stim,87968,118089,0,118089,3315384.454,-0.550,-0.058,0.051,0.832,1000,219,2572,1880,2845,2505,2367,2893,60,1.398,1,2148,0,87.408,0.530,-49.063,-32.875,-64.438,-0.191,-0.043,0.988,0.484,0.215,0.063,0.086,0.066,1.126,1.370,2,NULL,NULL,,3,0,2,7,255,982,250,0,0
stim,87968,118089,0,118089,3315389.455,-0.552,-0.058,0.048,0.830,800,179,2631,1659,2873,2509,2437,2905,60,1.398,1,2148,0,87.122,0.412,-47.313,-34.750,-64.375,-0.051,-0.074,1.051,0.352,0.215,0.137,0.084,0.062,1.126,1.370,2,NULL,NULL,,3,0,2,7,255,982,250,0,0
stim,87968,118089,0,118089,3315394.453,-0.554,-0.057,0.045,0.829,547,148,2685,1407,2892,2495,2491,2919,60,1.398,1,2148,0,80.398,1.118,-50.125,-34.188,-52.750,-0.035,-0.035,1.098,0.039,1.117,0.457,0.082,0.058,1.126,1.370,2,NULL,NULL,,3,0,2,7,255,982,250,0,0
stim,87968,118090,0,118090,3315399.455,-0.555,-0.057,0.043,0.829,377,72,2725,1164,2915,2489,2549,2917,60,1.398,1,2148,0,76.058,1.203,-52.750,-37.313,-40.125,-0.105,0.027,1.066,-0.445,1.117,0.688,0.080,0.056,1.126,1.370,2,NULL,NULL,,3,0,2,7,255,982,250,0,0
stim,87968,118090,0,118090,3315404.454,-0.557,-0.057,0.040,0.828,215,59,2763,927,2935,2479,2606,2933,60,1.398,1,2148,0,79.130,0.778,-51.438,-39.313,-45.500,-0.152,0.109,0.996,-0.762,0.156,0.688,0.080,0.056,1.126,1.370,2,NULL,NULL,,3,0,2,7,255,982,250,0,0
stim,87969,118090,0,118090,3315409.455,-0.558,-0.056,0.037,0.827,86,27,2789,649,2943,2467,2646,2943,60,1.398,1,2148,0,78.341,0.977,-39.063,-42.688,-52.813,-0.008,0.008,1.027,-0.965,0.156,0.148,0.080,0.056,1.126,1.370,2,NULL,NULL,,3,0,2,7,255,982,250,0,0
stim,87969,118090,0,118090,3315414.453,-0.560,-0.055,0.035,0.826,23,0,2825,448,2957,2431,2678,2948,60,1.398,1,2148,0,66.179,1.148,-29.188,-46.313,-37.188,-0.043,0.043,0.949,-1.070,0.414,0.023,0.080,0.058,1.126,1.370,2,NULL,NULL,,3,0,2,7,255,982,250,0,0
stim,87970,118091,0,118091,3315419.455,-0.561,-0.054,0.032,0.825,0,0,2853,283,2971,2423,2719,2957,60,1.398,1,2148,0,70.513,1.381,-24.813,-49.750,-43.375,-0.004,0.012,1.051,-1.035,0.914,0.148,0.080,0.060,1.126,1.370,2,NULL,NULL,,3,0,2,7,255,982,250,0,0
stim,87970,118091,0,118091,3315424.455,-0.562,-0.052,0.031,0.825,0,0,2875,167,2999,2401,2747,2971,60,1.398,1,2148,0,62.231,1.115,-3.688,-54.938,-29.000,-0.102,-0.082,1.043,-1.035,0.414,0.383,0.082,0.062,1.126,1.370,2,NULL,NULL,,3,0,2,7,255,982,250,0,0
stim,87995,118116,0,118116,3315429.455,-0.563,-0.050,0.030,0.825,0,0,2889,119,2995,2365,2775,2981,60,1.398,1,2148,0,64.678,0.377,14.875,-62.813,-4.063,-0.266,-0.211,1.270,0.191,0.324,0.473,0.084,0.062,1.126,1.370,2,NULL,NULL,,3,0,2,7,255,982,250,0,0
stim,87995,118116,0,118116,3315434.453,-0.563,-0.047,0.029,0.825,0,0,2905,84,3013,2349,2807,2984,60,1.398,1,2148,0,71.919,1.907,15.875,-69.750,-7.438,-0.391,-0.371,1.465,1.828,-0.543,2.922,0.088,0.064,1.126,1.370,2,NULL,NULL,,3,0,2,7,255,982,250,0,0
stim,87995,118116,0,118116,3315439.455,-0.563,-0.044,0.028,0.825,0,0,2919,65,3025,2325,2843,2995,60,1.398,1,2148,0,84.860,3.083,29.000,-79.750,0.375,-0.395,-0.297,1.582,2.922,-0.984,5.020,0.092,0.064,1.126,1.370,3,NULL,NULL,,3,0,2,7,255,982,250,0,0
stim,87995,118116,0,118116,3315444.454,-0.563,-0.041,0.024,0.825,0,0,2931,6,3043,2287,2869,2990,60,1.398,1,2148,0,87.857,3.083,-28.375,-83.125,-2.000,-0.145,-0.086,1.387,2.922,-0.984,5.020,0.096,0.064,1.126,1.370,3,NULL,NULL,,3,0,2,7,255,982,250,0,0
stim,88016,118137,0,118137,3315449.455,-0.563,-0.040,0.021,0.825,0,0,2933,0,3048,2238,2875,2989,60,1.398,1,2148,0,96.827,0.372,-51.000,-82.188,-4.438,-0.117,-0.035,1.066,0.238,-0.285,3.895,0.100,0.064,1.126,1.370,3,NULL,NULL,,3,0,2,7,255,982,250,0,0
stim,88016,118137,0,118137,3315454.454,-0.562,-0.037,0.018,0.826,0,0,2935,0,3061,2184,2899,2999,60,1.398,1,2148,0,93.421,0.301,-15.375,-91.313,12.375,-0.234,0.078,1.027,-0.098,-0.285,0.719,0.102,0.066,1.126,1.370,3,NULL,NULL,,3,0,2,7,255,982,250,0,0
stim,88016,118137,0,118137,3315459.455,-0.562,-0.033,0.017,0.826,0,0,2939,0,3062,2109,2912,3001,60,1.398,1,2148,0,103.921,1.911,24.563,-100.313,11.563,-0.258,0.059,1.109,-0.391,-1.871,0.719,0.102,0.070,1.126,1.370,3,NULL,NULL,,3,0,2,7,255,982,250,0,0
stim,88016,118137,0,118137,3315464.453,-0.562,-0.028,0.015,0.827,0,0,2952,0,3067,2023,2925,3005,60,1.398,1,2148,0,109.788,1.911,31.563,-105.125,2.438,-0.246,0.008,1.324,-0.391,-1.871,1.188,0.098,0.074,1.126,1.370,3,NULL,NULL,,3,0,2,7,255,982,250,0,0
stim,88016,118137,0,118137,3315469.455,-0.562,-0.024,0.013,0.827,0,0,2942,0,3087,1903,2949,3001,60,1.398,1,2148,0,112.080,1.716,16.375,-110.875,-0.750,-0.184,-0.063,1.449,-0.059,-1.715,3.289,0.092,0.082,1.126,1.370,3,NULL,NULL,,3,0,2,7,255,982,250,0,0
stim,88016,118137,0,118137,3315474.454,-0.562,-0.020,0.010,0.827,0,0,2937,0,3091,1767,2961,2995,60,1.398,1,2148,0,115.666,1.307,-1.875,-115.250,9.625,-0.203,-0.074,1.414,0.383,-1.250,4.160,0.086,0.088,1.126,1.370,3,NULL,NULL,,3,0,2,7,255,982,250,0,0
stim,88071,118193,0,118193,3315479.455,-0.561,-0.016,0.007,0.828,0,0,2937,0,3089,1627,2973,2988,60,1.398,1,2148,0,122.449,1.334,-9.688,-121.125,15.125,-0.203,-0.047,1.297,0.465,-1.250,4.160,0.084,0.098,1.126,1.370,3,NULL,NULL,,3,0,2,7,255,982,250,0,0
stim,88071,118193,0,118193,3315484.454,-0.560,-0.012,0.004,0.828,0,0,2923,0,3097,1417,2985,2989,60,1.398,1,2148,0,126.396,1.578,-5.188,-125.625,12.938,-0.215,-0.023,1.223,0.465,-1.508,2.953,0.082,0.106,1.126,1.370,3,NULL,NULL,,3,0,2,7,255,982,250,0,0
stim,88072,118193,0,118193,3315489.455,-0.560,-0.007,0.001,0.829,0,0,2920,0,3097,1205,2999,2980,60,1.398,1,2148,0,134.062,1.864,3.500,-133.250,14.313,-0.215,-0.035,1.223,0.465,-1.805,2.234,0.082,0.116,1.126,1.370,3,NULL,NULL,,3,0,2,7,255,982,250,0,0
stim,88072,118193,0,118193,3315494.454,-0.559,-0.002,-0.002,0.829,0,0,2889,0,3102,983,3002,2979,60,1.398,1,2148,0,141.640,1.989,13.813,-140.500,11.438,-0.301,-0.031,1.250,0.555,-1.910,2.234,0.082,0.128,1.126,1.370,3,NULL,NULL,,3,0,2,7,255,982,250,0,0
stim,88072,118193,0,118193,3315499.455,-0.559,0.004,-0.005,0.829,0,0,2889,0,3107,728,3004,2956,60,1.398,1,2148,0,148.320,2.744,12.250,-147.813,-0.375,-0.270,-0.055,1.316,0.895,-2.594,2.434,0.084,0.140,1.126,1.370,3,NULL,NULL,,3,0,2,7,255,982,250,0,0
stim,88072,118193,0,118193,3315504.453,-0.559,0.009,-0.008,0.829,0,0,2861,0,3112,539,3017,2952,60,1.398,1,2148,0,153.772,2.744,-1.938,-153.625,-6.438,-0.148,-0.074,1.301,0.895,-2.594,2.934,0.082,0.154,1.126,1.370,3,NULL,NULL,,3,0,2,7,255,982,250,0,0
stim,88072,118193,0,118193,3315509.455,-0.559,0.015,-0.013,0.829,0,0,2825,0,3111,359,3032,2925,60,1.398,1,2148,0,160.043,1.794,-8.438,-159.813,-1.625,-0.133,-0.066,1.188,0.816,-1.598,2.934,0.082,0.166,1.126,1.370,3,NULL,NULL,,3,0,2,7,255,982,250,0,0
stim,88072,118193,0,118193,3315514.453,-0.558,0.020,-0.017,0.829,0,0,2789,0,3115,155,3031,2903,60,1.398,1,2148,0,168.009,1.773,-1.813,-167.938,4.563,-0.125,-0.043,1.152,0.770,-1.598,1.777,0.078,0.178,1.126,1.370,3,NULL,NULL,,3,0,2,7,255,982,250,0,0
stim,88072,118193,0,118193,3315519.455,-0.558,0.027,-0.020,0.829,0,0,2744,0,3103,93,3034,2879,60,1.398,1,2148,0,173.382,1.827,6.750,-173.250,0.188,-0.145,0.000,1.184,0.598,-1.727,1.656,0.076,0.190,1.126,1.370,3,NULL,NULL,,3,0,2,7,255,982,250,0,0
stim,88072,118193,0,118193,3315524.455,-0.558,0.034,-0.024,0.829,0,0,2707,0,3112,21,3039,2855,60,1.398,1,2148,0,181.638,2.261,15.125,-181.000,-1.625,-0.090,0.098,1.281,0.348,-2.234,1.656,0.074,0.204,1.126,1.370,3,NULL,NULL,,3,0,2,7,255,982,250,0,0
stim,88098,118219,0,118219,3315529.455,-0.557,0.041,-0.028,0.829,0,0,2631,0,3099,0,3047,2809,60,1.398,1,2148,0,190.051,2.424,19.625,-189.000,3.625,-0.121,0.234,1.492,-0.633,-2.340,2.590,0.072,0.216,1.126,1.370,3,NULL,NULL,,3,0,2,7,255,982,250,0,0
stim,88098,118219,0,118219,3315534.453,-0.556,0.048,-0.032,0.829,0,0,2570,0,3103,0,3046,2771,60,1.398,1,2148,0,200.346,3.864,16.313,-199.563,6.875,-0.211,0.328,1.664,-1.645,-3.496,4.547,0.074,0.232,1.126,1.370,3,NULL,NULL,,3,0,2,7,255,982,250,0,0
stim,88098,118219,0,118219,3315539.455,-0.556,0.057,-0.036,0.829,0,0,2485,0,3094,0,3047,2723,60,1.398,1,2148,0,213.344,5.374,22.250,-212.125,4.875,-0.270,0.344,2.047,-1.734,-5.086,6.047,0.078,0.248,1.126,1.370,3,NULL,NULL,,3,0,2,7,255,982,250,0,0
stim,88098,118219,0,118219,3315544.454,-0.554,0.065,-0.042,0.829,0,0,2377,0,3087,7,3055,2655,60,1.398,1,2148,0,235.106,6.671,10.625,-232.500,33.250,-0.324,0.352,2.410,-1.734,-6.441,9.621,0.084,0.262,1.126,1.370,3,NULL,NULL,,3,0,2,7,255,982,250,0,0
stim,88098,118219,0,118219,3315549.455,-0.551,0.074,-0.048,0.830,0,0,2235,0,3083,61,3049,2587,60,1.398,1,2148,0,263.967,8.010,-14.250,-256.750,59.625,-0.590,0.520,2.598,-1.566,-7.855,12.949,0.094,0.276,1.126,1.370,3,NULL,NULL,,3,0,2,7,255,982,250,0,0
stim,88098,118219,0,118219,3315554.453,-0.547,0.083,-0.058,0.831,0,0,2099,0,3059,76,3036,2487,60,1.398,1,2148,0,299.702,11.761,-55.813,-286.750,66.938,-0.773,0.738,2.742,-1.566,-11.656,14.094,0.108,0.294,1.126,1.370,3,NULL,NULL,,3,0,2,7,255,982,250,0,0
stim,88122,118243,0,118243,3315559.455,-0.545,0.092,-0.068,0.831,0,0,1918,0,3037,83,3023,2365,60,1.398,1,2148,0,331.885,15.241,-89.375,-314.813,55.250,-0.789,0.938,2.723,-2.609,-15.016,14.094,0.126,0.314,1.126,1.370,3,NULL,NULL,,3,0,2,7,255,982,250,0,0
stim,88122,118243,0,118243,3315564.453,-0.542,0.101,-0.081,0.830,0,0,1799,0,3003,103,2991,2244,60,1.398,1,2148,0,360.833,17.086,-109.625,-341.500,39.500,-0.758,0.941,2.773,-4.211,-16.559,14.055,0.148,0.338,1.126,1.370,3,NULL,NULL,,3,0,2,7,255,982,250,0,0
stim,88167,118288,0,118288,3315569.455,-0.540,0.111,-0.094,0.829,0,0,1675,0,2982,105,2973,2097,60,1.398,1,2148,0,393.143,17.696,-132.813,-368.125,37.500,-0.758,0.938,2.883,-4.211,-17.188,14.055,0.180,0.370,1.126,1.370,3,NULL,NULL,,3,0,2,7,255,982,250,0,0
stim,88167,118288,0,118288,3315574.454,-0.537,0.122,-0.109,0.828,0,0,1528,0,2941,117,2941,1966,60,1.398,1,2148,0,426.967,18.785,-153.000,-396.563,40.375,-0.824,1.055,2.922,-4.273,-18.293,14.055,0.218,0.412,1.126,1.370,3,NULL,NULL,,3,0,2,7,255,982,250,0,0
stim,88167,118288,0,118288,3315579.455,-0.534,0.132,-0.126,0.826,0,0,1433,0,2897,124,2887,1841,60,1.398,1,2148,0,454.637,20.910,-172.625,-419.563,29.375,-0.883,1.164,3.004,-4.816,-20.348,13.848,0.270,0.464,1.126,1.370,3,NULL,NULL,,3,0,2,7,255,982,250,0,0
stim,88167,118288,0,118288,3315584.454,-0.531,0.144,-0.143,0.823,0,0,1341,0,2829,112,2813,1699,60,1.398,1,2148,0,484.703,22.956,-193.750,-443.750,22.000,-1.000,0.895,2.922,-4.816,-22.445,13.457,0.332,0.528,1.126,1.370,3,NULL,NULL,,3,0,2,7,255,982,250,0,0
stim,88167,118288,0,118288,3315589.455,-0.528,0.156,-0.161,0.819,0,0,1189,0,2760,87,2710,1556,60,1.398,1,2148,0,509.407,23.199,-194.813,-470.000,25.375,-1.102,0.793,2.918,-2.688,-23.043,11.625,0.408,0.604,1.126,1.370,3,NULL,NULL,,3,0,2,7,255,982,250,0,0
stim,88167,118288,0,118288,3315594.454,-0.525,0.168,-0.180,0.815,0,0,1035,0,2653,72,2575,1389,60,1.398,1,2148,0,528.689,24.497,-202.000,-488.563,3.875,-1.098,0.898,2.941,-2.324,-24.387,10.246,0.498,0.694,1.126,1.370,3,NULL,NULL,,3,0,2,7,255,982,250,0,0
stim,88167,118288,0,118288,3315599.455,-0.523,0.182,-0.198,0.809,0,0,891,0,2505,53,2405,1223,60,1.398,1,2148,0,539.545,24.476,-200.188,-499.688,-36.688,-0.910,0.676,2.949,-1.371,-24.438,9.297,0.594,0.790,1.126,1.370,3,NULL,NULL,,3,0,2,7,255,982,250,0,0
stim,88167,118288,0,118288,3315604.453,-0.521,0.196,-0.216,0.802,0,0,703,0,2325,0,2153,1021,60,1.398,1,2148,0,550.730,24.461,-191.250,-515.000,-38.750,-0.668,0.137,2.969,-1.070,-24.438,9.297,0.696,0.892,1.126,1.370,3,NULL,NULL,,3,0,2,7,255,982,250,0,0
stim,88167,118288,0,118288,3315609.455,-0.516,0.210,-0.236,0.796,0,0,534,0,2059,0,1843,884,60,1.398,1,2148,0,570.420,22.006,-193.625,-536.500,7.500,-0.664,-0.426,2.746,2.910,-21.813,9.297,0.800,0.996,1.126,1.370,3,NULL,NULL,,3,0,2,7,255,982,250,0,0
stim,88167,118288,0,118288,3315614.453,-0.511,0.224,-0.255,0.790,0,0,313,0,1764,0,1466,725,60,1.398,1,2148,0,584.359,21.098,-196.250,-549.000,39.500,-0.598,-0.520,2.250,7.883,-19.570,8.625,0.906,1.104,1.126,1.370,3,NULL,NULL,,3,0,2,7,255,982,250,0,0
stim,88168,118289,0,118289,3315619.455,-0.504,0.239,-0.273,0.784,0,0,209,0,1417,0,905,571,60,1.398,1,2148,0,578.606,18.371,-141.563,-560.313,28.188,-0.559,-0.504,1.797,7.883,-16.594,4.461,1.016,1.218,1.126,1.370,3,NULL,NULL,,3,0,2,7,255,982,250,0,0
stim,88168,118289,0,118289,3315624.455,-0.496,0.257,-0.288,0.778,0,0,103,0,1047,0,291,455,60,1.398,1,2148,0,575.343,16.877,-55.938,-571.188,40.438,-0.480,-0.203,1.809,7.789,-14.973,0.547,1.128,1.332,1.126,1.370,3,NULL,NULL,,3,0,2,7,255,982,250,0,0
stim,88201,118322,0,118322,3315629.455,-0.485,0.275,-0.301,0.774,0,0,85,0,510,0,0,365,60,1.398,1,2148,0,580.614,15.797,15.125,-573.813,87.313,-0.727,0.098,2.414,5.035,-14.973,0.543,1.238,1.446,1.126,1.370,3,NULL,NULL,,3,0,2,7,255,982,250,0,0
stim,88201,118322,0,118322,3315634.453,-0.470,0.292,-0.315,0.771,0,0,34,0,77,0,0,285,60,1.398,1,2148,0,616.719,22.683,4.125,-587.750,186.750,-1.375,0.266,2.789,5.035,-22.117,-0.250,1.344,1.558,1.126,1.370,3,NULL,NULL,,3,0,2,7,255,982,250,0,0
stim,88201,118322,0,118322,3315639.455,-0.453,0.307,-0.333,0.768,0,0,23,0,0,0,0,191,60,1.398,1,2148,0,652.071,29.689,-68.563,-598.563,249.438,-1.871,0.703,2.672,4.734,-29.309,-3.379,1.444,1.664,1.126,1.370,3,NULL,NULL,,3,0,2,7,255,982,250,0,0
stim,88201,118322,0,118322,3315644.454,-0.441,0.318,-0.353,0.761,0,0,18,0,0,0,0,119,60,1.398,1,2148,0,613.489,30.452,-187.188,-555.875,179.813,-1.711,1.535,2.148,4.734,-30.082,-10.453,1.540,1.764,1.126,1.370,3,NULL,NULL,,3,0,2,7,255,982,250,0,0
stim,88201,118322,0,118322,3315649.455,-0.436,0.327,-0.373,0.751,0,0,12,0,0,0,0,77,60,1.398,1,2148,0,567.247,30.312,-312.938,-470.125,53.125,-1.004,2.125,1.523,-3.730,-30.082,-15.863,1.634,1.862,1.126,1.370,4,NULL,NULL,,3,0,2,7,255,982,250,0,0
stim,88201,118322,0,118322,3315654.453,-0.435,0.327,-0.396,0.740,0,0,14,0,0,0,0,92,60,1.398,1,2148,0,587.960,26.754,-481.000,-332.438,61.813,-0.590,2.379,0.566,-12.859,-23.461,-16.422,1.736,1.970,1.126,1.370,0,NULL,NULL,,3,0,2,7,255,982,250,0,0
stim,88231,118352,0,118352,3315659.455,-0.435,0.322,-0.417,0.730,0,0,13,0,0,0,0,77,60,1.398,1,2148,0,560.024,21.865,-512.688,-208.000,86.688,-0.414,2.035,-0.656,-17.016,-13.730,-19.410,1.850,2.090,1.126,1.370,0,NULL,NULL,,3,0,2,7,255,982,250,0,0
stim,88231,118352,0,118352,3315664.453,-0.435,0.319,-0.428,0.725,0,0,7,0,0,0,0,47,60,1.398,1,2148,0,278.298,17.028,-254.938,-87.625,69.125,-0.738,0.316,-0.766,-17.016,-0.648,-20.105,1.978,2.220,1.126,1.370,0,NULL,NULL,,3,0,2,7,255,982,250,0,0
stim,88266,118387,0,118387,3315669.455,-0.434,0.318,-0.429,0.726,0,0,7,0,0,0,0,63,60,1.398,1,2148,0,30.060,0.727,1.750,-3.938,29.750,-1.340,-1.336,0.543,-0.328,-0.648,-20.105,2.108,2.354,1.126,1.370,0,NULL,NULL,,3,0,2,7,255,982,250,0,0
stim,88266,118387,0,118387,3315674.454,-0.437,0.315,-0.428,0.725,0,0,6,0,0,0,0,69,60,1.398,1,2148,0,102.946,18.824,-49.438,85.125,-30.125,-1.629,-1.285,1.500,17.625,-6.609,-13.844,2.230,2.476,1.126,1.370,0,NULL,NULL,,3,0,2,7,255,982,250,0,0
stim,88266,118387,0,118387,3315679.455,-0.446,0.308,-0.430,0.722,0,0,3,0,0,0,0,36,60,1.398,1,2148,0,265.018,22.083,-186.250,169.313,-82.938,-1.328,0.063,0.926,17.625,-13.305,-13.844,2.328,2.574,1.126,1.370,0,NULL,NULL,,3,0,2,7,255,982,250,0,0
stim,88266,118387,0,118387,3315684.454,-0.455,0.299,-0.430,0.720,0,0,6,0,0,0,0,28,60,1.398,1,2148,0,305.271,14.224,-188.500,226.688,-79.188,-0.910,1.336,-0.047,5.031,-13.305,-16.895,2.394,2.640,1.126,1.370,0,NULL,NULL,,3,0,2,7,255,982,250,0,0
stim,88266,118387,0,118387,3315689.455,-0.462,0.291,-0.427,0.721,0,0,1,0,0,0,0,21,60,1.398,1,2148,0,261.397,10.163,-70.938,248.438,-39.688,-0.797,1.641,-0.141,-8.434,-5.672,-22.063,2.436,2.686,1.126,1.370,0,NULL,NULL,,3,0,2,7,255,982,250,0,0
stim,88266,118387,0,118387,3315694.454,-0.467,0.283,-0.421,0.724,0,0,1,0,0,0,0,18,60,1.398,1,2148,0,258.066,10.163,6.688,257.750,-10.875,-0.949,1.016,0.434,-8.434,-5.672,-22.063,2.474,2.724,1.126,1.370,0,NULL,NULL,,3,0,2,7,255,982,250,0,0
stim,88266,118387,0,118387,3315699.455,-0.473,0.275,-0.416,0.726,0,0,0,0,0,0,0,11,60,1.398,1,2148,0,267.900,11.156,-22.125,266.750,-11.188,-1.047,0.289,0.699,-5.520,-9.695,-18.863,2.516,2.770,1.126,1.370,0,NULL,NULL,,3,0,2,7,255,982,250,0,0
stim,88266,118387,0,118387,3315704.453,-0.480,0.265,-0.412,0.728,0,0,0,0,0,0,0,7,60,1.398,1,2148,0,283.202,9.778,-76.688,272.125,-16.438,-0.938,0.105,0.313,1.270,-9.695,-15.820,2.564,2.822,1.126,1.370,0,NULL,NULL,,3,0,2,7,255,982,250,0,0
stim,88266,118387,0,118387,3315709.455,-0.486,0.255,-0.409,0.729,0,0,0,0,0,0,0,2,60,1.398,1,2148,0,281.376,7.414,-70.938,271.438,-21.500,-0.801,0.473,-0.242,1.270,-7.305,-15.820,2.610,2.872,1.126,1.370,0,NULL,NULL,,3,0,2,7,255,982,250,0,0
stim,88266,118387,0,118387,3315714.453,-0.492,0.247,-0.403,0.731,0,0,0,0,0,0,0,5,60,1.398,1,2148,0,270.013,2.970,-15.563,269.500,-5.875,-0.445,0.465,-0.438,-1.102,-2.758,-17.098,2.654,2.916,1.126,1.370,0,NULL,NULL,,3,0,2,7,255,982,250,0,0
stim,88268,118389,0,118389,3315719.455,-0.495,0.239,-0.397,0.735,0,0,0,0,0,0,0,3,60,1.398,1,2148,0,270.418,1.758,41.313,264.688,36.875,-0.508,0.438,-0.406,-1.750,-0.172,-17.309,2.698,2.962,1.126,1.370,0,NULL,NULL,,3,0,2,7,255,982,250,0,0
stim,88268,118389,0,118389,3315724.455,-0.498,0.231,-0.389,0.740,0,0,0,0,0,0,0,6,60,1.398,1,2148,0,282.922,1.758,77.750,268.375,44.438,-0.590,0.355,-0.199,-1.750,-0.172,-17.098,2.744,3.012,1.126,1.370,0,NULL,NULL,,3,0,2,7,255,982,250,0,0
stim,88296,118417,0,118417,3315729.455,-0.500,0.223,-0.380,0.745,0,0,0,0,0,0,0,4,60,1.398,1,2148,0,292.042,2.480,89.250,272.875,53.500,-0.469,0.266,-0.047,-0.844,-2.332,-16.422,2.790,3.060,1.126,1.370,0,NULL,NULL,,3,0,2,7,255,982,250,0,0
stim,88296,118417,0,118417,3315734.453,-0.502,0.215,-0.371,0.751,0,0,0,0,0,0,0,3,60,1.398,1,2148,0,303.793,2.951,99.688,277.938,71.438,-0.469,0.359,0.047,-0.844,-2.828,-14.285,2.830,3.102,1.126,1.370,0,NULL,NULL,,3,0,2,7,255,982,250,0,0
stim,88296,118417,0,118417,3315739.455,-0.503,0.207,-0.362,0.757,0,0,0,0,0,0,0,0,60,1.398,1,2148,0,315.645,4.103,118.188,283.625,72.250,-0.508,0.445,0.172,-1.457,-3.836,-14.008,2.860,3.134,1.126,1.370,0,NULL,NULL,,3,0,2,7,255,982,250,0,0
stim,88296,118417,0,118417,3315744.454,-0.504,0.200,-0.351,0.763,0,0,0,0,0,0,0,0,60,1.398,1,2148,0,327.772,5.690,134.813,290.938,67.938,-0.457,0.391,0.395,-2.039,-5.313,-13.656,2.886,3.162,1.126,1.370,0,NULL,NULL,,3,0,2,7,255,982,250,0,0
stim,88316,118437,0,118437,3315749.455,-0.506,0.192,-0.341,0.769,0,0,0,0,0,0,0,0,60,1.398,1,2148,0,336.794,6.913,135.375,300.813,67.938,-0.391,0.344,0.629,-2.039,-6.605,-11.555,2.910,3.188,1.126,1.370,0,NULL,NULL,,3,0,2,7,255,982,250,0,0
stim,88316,118437,0,118437,3315754.453,-0.507,0.183,-0.330,0.775,0,0,0,0,0,0,0,0,60,1.398,1,2148,0,343.319,8.074,123.563,312.500,70.313,-0.371,0.367,0.793,-2.039,-7.813,-9.215,2.934,3.216,1.126,1.370,0,NULL,NULL,,3,0,2,7,255,982,250,0,0
stim,88316,118437,0,118437,3315759.455,-0.509,0.174,-0.320,0.780,0,0,0,0,0,0,0,0,60,1.398,1,2148,0,349.064,9.174,109.250,324.188,69.375,-0.391,0.379,0.875,-2.438,-8.844,-7.820,2.960,3.244,1.126,1.370,0,NULL,NULL,,3,0,2,7,255,982,250,0,0
stim,88316,118437,0,118437,3315764.453,-0.511,0.163,-0.309,0.785,0,0,0,0,0,0,0,0,60,1.398,1,2148,0,355.208,9.789,98.438,335.313,63.625,-0.398,0.309,0.910,-2.438,-9.480,-7.145,2.986,3.274,1.126,1.370,0,NULL,NULL,,3,0,2,7,255,982,250,0,0
stim,88316,118437,0,118437,3315769.455,-0.514,0.153,-0.299,0.790,0,0,0,0,0,0,0,0,60,1.398,1,2148,0,361.640,9.679,91.375,345.375,56.125,-0.398,0.211,0.941,-1.949,-9.480,-6.430,3.018,3.306,1.126,1.370,0,NULL,NULL,,3,0,2,7,255,982,250,0,0
stim,88316,118437,0,118437,3315774.454,-0.516,0.142,-0.288,0.794,0,0,0,0,0,0,0,0,60,1.398,1,2148,0,367.102,9.375,83.563,354.125,48.750,-0.391,0.188,0.961,-1.145,-9.305,-5.598,3.052,3.342,1.126,1.370,0,NULL,NULL,,3,0,2,7,255,982,250,0,0
stim,88363,118484,0,118484,3315779.455,-0.519,0.131,-0.277,0.798,0,0,0,0,0,0,0,0,60,1.398,1,2148,0,371.629,9.258,76.188,361.375,41.375,-0.363,0.176,0.938,-1.105,-9.191,-5.031,3.090,3.384,1.126,1.370,0,NULL,NULL,,3,0,2,7,255,982,250,0,0
stim,88363,118484,0,118484,3315784.454,-0.522,0.119,-0.266,0.801,0,0,0,0,0,0,0,0,60,1.398,1,2148,0,376.217,8.697,74.125,367.063,36.188,-0.328,0.141,0.875,-1.055,-8.633,-4.781,3.132,3.426,1.126,1.370,0,NULL,NULL,,3,0,2,7,255,982,250,0,0
stim,88363,118484,0,118484,3315789.455,-0.526,0.108,-0.255,0.804,0,0,0,0,0,0,0,0,60,1.398,1,2148,0,380.018,7.832,78.688,370.375,32.313,-0.309,0.117,0.816,-0.957,-7.773,-4.781,3.174,3.472,1.126,1.370,0,NULL,NULL,,3,0,2,7,255,982,250,0,0
stim,88363,118484,0,118484,3315794.454,-0.529,0.097,-0.244,0.807,0,0,0,0,0,0,0,0,60,1.398,1,2148,0,383.005,7.103,87.625,371.813,27.750,-0.289,0.086,0.781,-0.824,-7.055,-4.762,3.220,3.518,1.126,1.370,0,NULL,NULL,,3,0,2,7,255,982,250,0,0
stim,88363,118484,0,118484,3315799.455,-0.532,0.086,-0.232,0.810,0,0,0,0,0,0,0,0,60,1.398,1,2148,0,385.483,6.504,99.813,371.563,24.000,-0.266,0.055,0.766,-0.633,-6.473,-4.715,3.264,3.566,1.126,1.370,0,NULL,NULL,,3,0,2,7,255,982,250,0,0
stim,88363,118484,0,118484,3315804.453,-0.535,0.075,-0.219,0.813,0,0,0,0,0,0,0,0,60,1.398,1,2148,0,386.980,5.942,114.750,368.875,22.750,-0.273,0.023,0.777,-0.488,-5.922,-4.461,3.310,3.612,1.126,1.370,0,NULL,NULL,,3,0,2,7,255,982,250,0,0
stim,88363,118484,0,118484,3315809.455,-0.537,0.065,-0.206,0.815,0,0,0,0,0,0,0,0,60,1.398,1,2148,0,387.445,5.864,131.500,363.938,19.250,-0.262,0.047,0.844,-0.488,-5.844,-4.102,3.354,3.658,1.126,1.370,0,NULL,NULL,,3,0,2,7,255,982,250,0,0
stim,88363,118484,0,118484,3315814.454,-0.540,0.056,-0.192,0.818,0,0,0,0,0,0,0,0,60,1.398,1,2148,0,386.814,5.799,144.750,358.313,16.875,-0.188,0.023,0.879,-0.625,-5.766,-3.363,3.396,3.704,1.126,1.370,0,NULL,NULL,,3,0,2,7,255,982,250,0,0
stim,88383,118504,0,118504,3315819.455,-0.542,0.047,-0.178,0.820,0,0,0,0,0,0,0,0,60,1.398,1,2148,0,386.670,5.102,160.438,351.063,23.000,-0.121,0.020,0.898,-0.773,-5.043,-2.586,3.436,3.746,1.126,1.370,0,NULL,NULL,,3,0,2,7,255,982,250,0,0
stim,88383,118504,0,118504,3315824.455,-0.543,0.039,-0.164,0.822,0,0,0,0,0,0,0,0,60,1.398,1,2148,0,389.321,4.546,181.563,343.000,30.938,-0.129,0.027,1.000,-1.055,-4.422,-2.047,3.474,3.786,1.126,1.370,0,NULL,NULL,,3,0,2,7,255,982,250,0,0
stim,88383,118504,0,118504,3315829.455,-0.544,0.031,-0.149,0.825,0,0,0,0,0,0,0,0,60,1.398,1,2148,0,391.239,4.589,197.250,336.000,35.563,-0.145,0.066,1.164,-1.227,-4.422,-1.000,3.508,3.822,1.126,1.370,0,NULL,NULL,,3,0,2,7,255,982,250,0,0
stim,88383,118504,0,118504,3315834.453,-0.545,0.024,-0.133,0.827,0,0,0,0,0,0,0,1,60,1.398,1,2148,0,389.674,5.142,203.000,330.688,35.813,-0.156,0.094,1.305,-1.703,-4.852,0.523,3.542,3.858,1.126,1.370,0,NULL,NULL,,3,0,2,7,255,982,250,0,0
stim,88406,118527,0,118527,3315839.455,-0.546,0.017,-0.118,0.829,0,0,0,0,0,0,0,0,60,1.398,1,2148,0,388.599,5.364,207.563,326.375,37.500,-0.160,0.098,1.422,-2.012,-4.973,1.922,3.574,3.894,1.126,1.370,0,NULL,NULL,,3,0,2,7,255,982,250,0,0
stim,88406,118527,0,118527,3315844.454,-0.546,0.010,-0.103,0.831,0,0,0,0,0,0,0,0,60,1.398,1,2148,0,389.067,5.492,215.375,321.250,42.250,-0.188,0.109,1.586,-2.121,-5.066,3.211,3.604,3.926,1.126,1.370,0,NULL,NULL,,3,0,2,7,255,982,250,0,0
stim,88406,118527,0,118527,3315849.455,-0.546,0.004,-0.087,0.833,0,0,0,0,0,0,0,0,60,1.398,1,2148,0,387.152,5.605,219.250,316.125,43.375,-0.246,0.121,1.773,-2.234,-5.141,4.895,3.634,3.958,1.126,1.370,0,NULL,NULL,,3,0,2,7,255,982,250,0,0
stim,88406,118527,0,118527,3315854.453,-0.546,-0.003,-0.072,0.835,0,0,0,0,0,0,0,0,60,1.398,1,2148,0,378.987,5.933,212.188,311.500,39.688,-0.273,0.156,1.930,-2.254,-5.488,6.773,3.662,3.988,1.126,1.370,0,NULL,NULL,,3,0,2,7,255,982,250,0,0
stim,88406,118527,0,118527,3315859.455,-0.546,-0.009,-0.057,0.836,0,0,0,0,0,0,0,0,60,1.398,1,2148,0,367.099,6.041,197.813,307.250,35.063,-0.254,0.156,2.020,-2.523,-5.488,8.406,3.690,4.018,1.126,1.370,0,NULL,NULL,,3,0,2,7,255,982,250,0,0
stim,88406,118527,0,118527,3315864.454,-0.546,-0.016,-0.043,0.836,0,0,0,0,0,0,0,0,60,1.398,1,2148,0,357.391,5.482,186.375,303.250,32.125,-0.219,0.090,2.051,-2.523,-4.867,9.465,3.716,4.048,1.126,1.370,0,NULL,NULL,,3,0,2,7,255,982,250,0,0
stim,88461,118582,0,118582,3315869.455,-0.546,-0.023,-0.029,0.837,0,0,0,0,0,0,0,0,60,1.398,1,2148,0,352.776,4.256,181.500,301.063,29.500,-0.184,-0.027,2.051,-2.098,-3.703,9.988,3.742,4.076,1.126,1.370,0,NULL,NULL,,3,0,2,7,255,982,250,0,0
stim,88461,118582,0,118582,3315874.454,-0.546,-0.029,-0.015,0.837,0,0,0,0,0,0,0,0,60,1.398,1,2148,0,351.903,2.588,180.813,300.750,26.313,-0.164,-0.148,2.035,-1.105,-2.340,10.227,3.768,4.104,1.126,1.370,0,NULL,NULL,,3,0,2,7,255,982,250,0,0
stim,88461,118582,0,118582,3315879.455,-0.546,-0.036,-0.001,0.837,0,0,0,0,0,0,0,0,60,1.398,1,2148,0,354.845,1.039,184.063,302.625,21.313,-0.145,-0.211,2.004,0.004,-1.039,10.227,3.794,4.130,1.126,1.370,0,NULL,NULL,,3,0,2,7,255,982,250,0,0
stim,88461,118582,0,118582,3315884.454,-0.546,-0.043,0.013,0.837,0,0,0,0,0,0,0,0,60,1.398,1,2148,0,362.480,0.590,194.563,305.563,13.000,-0.125,-0.273,1.977,0.590,-0.023,9.984,3.816,4.154,1.126,1.370,0,NULL,NULL,,3,0,2,7,255,982,250,0,0
stim,88461,118582,0,118582,3315889.455,-0.546,-0.049,0.028,0.836,0,0,0,0,0,0,0,0,60,1.398,1,2148,0,374.189,1.542,212.375,308.063,3.438,-0.086,-0.348,2.012,1.160,1.016,9.984,3.834,4.174,1.126,1.370,0,NULL,NULL,,3,0,2,7,255,982,250,0,0
stim,88461,118582,0,118582,3315894.454,-0.547,-0.055,0.044,0.834,0,0,0,0,0,0,0,0,60,1.398,1,2148,0,386.531,2.889,232.063,309.000,-8.500,-0.016,-0.430,2.105,1.777,2.277,9.996,3.848,4.190,1.126,1.370,0,NULL,NULL,,3,0,2,7,255,982,250,0,0
stim,88461,118582,0,118582,3315899.455,-0.548,-0.060,0.060,0.832,0,0,0,0,0,0,0,0,60,1.398,1,2148,0,397.339,4.613,250.625,307.563,-21.688,0.129,-0.496,2.227,2.324,3.984,10.715,3.854,4.200,1.126,1.370,0,NULL,NULL,,3,0,2,7,255,982,250,0,0
stim,88461,118582,0,118582,3315904.453,-0.550,-0.065,0.077,0.829,0,0,0,0,0,0,0,0,60,1.398,1,2148,0,407.202,6.782,268.313,304.375,-34.313,0.348,-0.523,2.363,2.324,6.371,11.477,3.854,4.200,1.126,1.370,0,NULL,NULL,,3,0,2,7,255,982,250,0,0
stim,88483,118604,1,118604,3315909.455,-0.551,-0.069,0.094,0.826,0,0,0,0,0,0,0,0,60,1.398,1,2148,0,416.384,9.594,284.875,300.375,-44.688,0.605,-0.531,2.516,2.109,9.359,12.141,3.844,4.192,1.126,1.370,0,NULL,NULL,,3,1,2,7,255,982,250,0,0
stim,88483,118604,1,118604,3315914.454,-0.553,-0.072,0.112,0.822,0,0,0,0,0,0,0,0,60,1.398,1,2148,0,421.797,12.772,297.063,295.500,-48.438,0.824,-0.531,2.699,1.469,12.688,12.684,3.824,4.176,1.126,1.370,0,NULL,NULL,,3,1,2,7,255,982,250,0,0
stim,88483,118604,1,118604,3315919.455,-0.555,-0.076,0.129,0.819,0,0,0,0,0,0,0,0,60,1.398,1,2148,0,420.292,15.816,301.250,288.813,-49.813,1.012,-0.520,2.863,1.043,15.781,13.422,3.792,4.146,1.126,1.370,0,NULL,NULL,,3,1,2,7,255,982,250,0,0
stim,88483,118604,1,118604,3315924.455,-0.556,-0.079,0.146,0.814,0,0,0,0,0,0,0,0,60,1.398,1,2148,0,410.995,18.598,296.250,279.563,-54.750,1.195,-0.410,3.008,0.664,18.586,13.934,3.744,4.100,1.126,1.370,0,NULL,NULL,,3,1,2,7,255,982,250,0,0
stim,88483,118604,1,118604,3315929.455,-0.558,-0.082,0.163,0.810,0,0,0,0,0,0,0,0,60,1.398,1,2148,0,399.892,21.011,285.875,272.563,-62.438,1.418,-0.277,3.102,-0.531,21.004,13.945,3.684,4.042,1.126,1.370,0,NULL,NULL,,3,1,2,7,255,982,250,0,0
stim,88483,118604,1,118604,3315934.454,-0.560,-0.085,0.178,0.805,0,0,0,0,0,0,0,0,60,1.398,1,2148,0,385.985,23.615,269.375,267.188,-70.938,1.617,-0.262,3.168,-2.035,23.527,13.945,3.608,3.970,1.126,1.370,0,NULL,NULL,,3,1,2,7,255,982,250,0,0
stim,88504,118625,1,118625,3315939.455,-0.561,-0.089,0.193,0.800,0,0,0,0,0,0,0,0,60,1.398,1,2148,0,367.083,26.279,246.688,261.250,-75.125,1.758,-0.211,3.273,-2.375,26.172,13.215,3.520,3.884,1.126,1.370,0,NULL,NULL,,3,1,2,7,255,982,250,0,0
stim,88504,118625,1,118625,3315944.453,-0.563,-0.093,0.206,0.795,0,0,0,0,0,0,0,0,60,1.398,1,2148,0,342.918,28.439,212.125,256.313,-83.063,1.973,-0.090,3.328,-2.801,28.301,12.988,3.420,3.786,1.126,1.370,0,NULL,NULL,,3,1,2,7,255,982,250,0,0
stim,88504,118625,1,118625,3315949.455,-0.565,-0.099,0.218,0.790,0,0,0,0,0,0,0,13,60,1.398,1,2148,0,313.925,30.904,163.063,251.938,-92.125,2.289,-0.078,3.223,-4.227,30.613,12.137,3.308,3.678,1.126,1.370,0,NULL,NULL,,3,1,2,7,255,982,250,0,0
stim,88504,118625,1,118625,3315954.453,-0.567,-0.106,0.227,0.785,0,0,0,0,0,0,0,37,60,1.398,1,2148,0,287.461,33.729,114.688,246.875,-92.375,2.629,-0.219,2.922,-4.953,33.363,9.164,3.186,3.558,1.126,1.370,0,NULL,NULL,,3,1,2,7,255,982,250,0,0
stim,88528,118649,1,118649,3315959.455,-0.568,-0.112,0.235,0.781,0,0,0,0,0,0,0,43,60,1.398,1,2148,0,263.372,35.991,78.750,238.688,-78.688,2.871,-0.387,2.520,-4.953,35.648,4.070,3.052,3.426,1.126,1.370,0,NULL,NULL,,3,1,2,7,255,982,250,0,0
stim,88528,118649,1,118649,3315964.454,-0.568,-0.120,0.242,0.778,0,0,0,0,0,0,0,69,60,1.398,1,2148,0,242.008,36.559,54.438,227.813,-60.875,3.066,-0.484,2.090,-4.309,36.305,-1.602,2.902,3.276,1.126,1.370,0,NULL,NULL,,3,1,2,7,255,982,250,0,0
stim,88566,118687,1,118687,3315969.455,-0.568,-0.126,0.249,0.774,0,0,0,0,0,0,0,97,60,1.398,1,2148,0,224.546,36.680,48.063,213.375,-50.813,3.305,-0.625,1.691,-4.207,36.438,-7.063,2.740,3.114,1.126,1.370,0,NULL,NULL,,3,1,2,7,255,982,250,0,0
stim,88566,118687,1,118687,3315974.454,-0.567,-0.132,0.255,0.772,0,0,0,0,0,0,0,135,60,1.398,1,2148,0,205.366,36.757,53.875,195.375,-33.188,3.617,-0.781,1.324,-3.813,36.559,-12.520,2.566,2.940,1.126,1.370,0,NULL,NULL,,3,1,2,7,255,982,250,0,0
stim,88566,118687,1,118687,3315979.455,-0.566,-0.136,0.262,0.770,0,0,0,0,0,0,0,156,60,1.398,1,2148,0,193.622,37.569,77.625,177.250,-6.813,4.004,-0.949,0.879,-3.539,37.402,-18.070,2.388,2.758,1.126,1.370,0,NULL,NULL,,3,1,2,7,255,982,250,0,0
stim,88566,118687,1,118687,3315984.454,-0.565,-0.138,0.270,0.768,0,0,0,0,0,0,0,164,60,1.398,1,2148,0,190.552,38.450,120.438,145.813,23.313,4.145,-1.598,0.773,-3.430,38.297,-24.621,2.204,2.572,1.126,1.370,0,NULL,NULL,,3,1,2,7,255,982,250,0,0
stim,88566,118687,1,118687,3315989.455,-0.562,-0.137,0.278,0.767,0,0,0,0,0,0,0,159,60,1.398,1,2148,0,200.913,40.111,154.688,112.188,62.063,4.164,-2.016,0.867,1.969,40.063,-28.230,2.022,2.382,1.126,1.370,0,NULL,NULL,,3,1,2,7,255,982,250,0,0
stim,88566,118687,1,118687,3315994.453,-0.559,-0.134,0.288,0.766,0,0,0,0,0,0,0,143,60,1.398,1,2148,0,249.242,40.455,213.813,89.375,91.750,3.973,-2.047,0.906,5.621,40.063,-28.586,1.836,2.190,1.126,1.370,0,NULL,NULL,,3,1,2,7,255,982,250,0,0
stim,88566,118687,1,118687,3315999.455,-0.556,-0.127,0.300,0.764,0,0,0,0,0,0,0,153,60,1.398,1,2148,0,308.178,40.409,280.250,55.875,115.375,3.629,-1.680,1.523,5.621,40.016,-28.586,1.650,1.998,1.126,1.370,0,NULL,NULL,,3,1,2,7,255,982,250,0,0
stim,88566,118687,1,118687,3316004.454,-0.553,-0.118,0.312,0.764,0,0,0,61,0,0,0,230,60,1.398,1,2148,0,366.108,40.509,334.250,9.625,149.063,2.621,-1.922,2.859,6.305,40.016,-21.523,1.464,1.806,1.126,1.370,0,NULL,NULL,,3,1,2,7,255,982,250,0,0
stim,88566,118687,1,118687,3316009.455,-0.546,-0.086,0.334,0.764,291,0,0,555,0,11,0,298,60,1.398,1,2148,0,894.077,40.883,759.188,-241.188,406.000,1.953,0.625,8.828,4.656,40.617,-7.313,1.284,1.618,1.126,1.370,0,NULL,NULL,,3,1,2,7,255,982,250,0,0
stim,88566,118687,1,118687,3316014.453,-0.550,-0.078,0.332,0.763,915,0,0,1198,0,103,0,395,60,1.398,1,2148,0,226.224,66.444,86.688,-205.875,-35.750,2.613,-0.125,10.242,11.852,65.379,50.152,1.104,1.430,1.126,1.370,0,NULL,NULL,,3,1,2,7,255,982,250,0,0
stim,88566,118687,1,118687,3316019.455,-0.551,-0.092,0.297,0.774,1376,0,0,1587,0,405,0,465,60,1.398,1,2148,0,892.951,65.545,-870.688,-194.500,-37.875,2.879,-0.559,4.992,4.656,65.379,50.152,0.926,1.238,1.126,1.370,0,NULL,NULL,,3,1,2,7,255,982,250,0,0
stim,88566,118687,1,118687,3316024.455,-0.534,-0.113,0.250,0.800,1813,0,0,1863,0,686,0,541,60,1.398,1,2149,0,1365.829,50.989,-1301.125,-186.375,371.250,1.477,3.109,-0.566,1.910,50.953,15.020,0.746,1.036,1.126,1.370,1,966.000,-16.000,,3,1,2,7,255,982,250,0,0
stim,88600,118721,1,118721,3316029.455,-0.514,-0.121,0.218,0.821,2125,0,0,2023,0,963,0,559,60,1.398,1,2149,0,1014.872,34.101,-863.688,-199.625,494.125,0.203,3.781,-3.449,-34.082,-1.148,-13.340,0.566,0.816,1.126,1.370,1,NULL,NULL,,3,1,2,7,255,982,250,0,0
stim,88600,118721,1,118721,3316034.454,-0.499,-0.114,0.209,0.833,2357,0,0,2203,0,1161,0,605,60,1.398,1,2149,0,515.472,43.850,-195.313,-213.813,426.438,-2.301,-0.523,-2.730,-34.082,-27.590,-25.789,0.426,0.590,1.126,1.370,1,NULL,NULL,,3,1,2,7,255,982,250,0,0
stim,88600,118721,1,118721,3316039.455,-0.493,-0.102,0.211,0.838,2573,0,0,2439,0,1301,0,695,60,1.398,1,2149,0,338.551,31.600,138.688,-202.500,233.188,-2.723,-1.531,0.957,15.406,-27.590,-25.789,0.386,0.400,1.126,1.370,1,NULL,NULL,,3,1,2,7,255,982,250,0,0
stim,88600,118721,1,118721,3316044.453,-0.492,-0.093,0.214,0.839,2734,0,0,2644,0,1341,0,807,60,1.398,1,2149,0,211.314,18.491,148.375,-136.375,63.563,-0.961,2.289,2.660,15.406,-10.227,5.340,0.428,0.304,1.126,1.370,1,NULL,NULL,,3,1,2,7,255,982,250,0,0
stim,88600,118721,1,118721,3316049.455,-0.487,-0.087,0.211,0.843,2834,0,0,2777,0,1383,0,956,60,1.398,1,2149,0,216.982,16.860,-15.313,-137.688,167.000,-0.914,2.941,2.602,-14.137,-9.188,22.441,0.474,0.296,1.126,1.370,2,NULL,NULL,,3,1,2,7,255,982,250,0,0
stim,88600,118721,1,118721,3316054.454,-0.483,-0.087,0.197,0.849,2901,0,0,2860,0,1439,0,1133,60,1.398,1,2149,0,367.143,15.771,-315.188,-152.313,110.688,-1.590,0.629,2.066,-14.137,-6.992,22.441,0.504,0.334,1.126,1.370,2,NULL,NULL,,3,1,2,7,255,982,250,0,0
stim,88623,118744,1,118744,3316059.455,-0.483,-0.089,0.179,0.852,2936,0,0,2924,0,1491,0,1303,60,1.398,1,2149,0,409.202,9.680,-374.688,-163.188,-20.625,-1.426,-0.250,-0.156,3.047,-9.188,15.344,0.524,0.380,1.126,1.370,2,NULL,NULL,,3,1,2,7,255,982,250,0,0
stim,88623,118744,1,118744,3316064.453,-0.488,-0.087,0.168,0.852,2965,0,0,2968,0,1545,0,1400,60,1.398,1,2149,0,280.081,10.660,-179.563,-179.250,-118.625,-0.648,-0.578,-0.352,8.047,-6.992,-7.160,0.552,0.422,1.126,1.370,2,NULL,NULL,,3,1,2,7,255,982,250,0,0
stim,88623,118744,1,118744,3316069.455,-0.496,-0.082,0.162,0.849,2987,0,0,3015,0,1609,0,1476,60,1.398,1,2149,0,254.678,9.225,-41.938,-177.063,-178.188,-0.098,-0.957,1.016,8.461,-3.676,-7.160,0.596,0.466,1.126,1.370,2,NULL,NULL,,3,1,2,7,255,982,250,0,0
stim,88623,118744,1,118744,3316074.454,-0.503,-0.079,0.154,0.847,3006,0,0,3049,0,1709,0,1523,60,1.398,1,2149,0,264.696,10.637,-97.313,-162.813,-184.625,0.477,-1.063,1.762,8.047,6.957,-1.719,0.630,0.504,1.126,1.370,2,NULL,NULL,,3,1,2,7,255,982,250,0,0
stim,88667,118788,1,118788,3316079.455,-0.508,-0.079,0.144,0.846,3025,0,0,3080,0,1815,0,1554,60,1.398,1,2149,0,266.357,15.727,-184.688,-141.313,-129.875,1.188,-1.223,1.609,6.688,14.234,0.340,0.630,0.520,1.126,1.370,2,NULL,NULL,,3,1,2,7,255,982,250,0,0
stim,88667,118788,1,118788,3316084.454,-0.509,-0.079,0.134,0.847,3037,0,0,3111,0,1889,36,1606,60,1.398,1,2149,0,237.153,21.074,-203.000,-119.750,-26.313,1.449,-1.766,1.109,6.688,19.984,0.340,0.596,0.518,1.126,1.370,2,NULL,NULL,,3,1,2,7,255,982,250,0,0
stim,88667,118788,1,118788,3316089.455,-0.504,-0.078,0.126,0.851,3046,0,0,3131,0,1973,106,1639,60,1.398,1,2149,0,217.076,21.616,-144.500,-105.125,123.250,1.012,-1.750,0.461,8.238,19.984,-5.277,0.550,0.506,1.126,1.370,2,NULL,NULL,,3,1,2,7,255,982,250,0,0
stim,88667,118788,1,118788,3316094.453,-0.496,-0.074,0.123,0.856,3053,0,0,3149,0,2091,133,1755,60,1.398,1,2149,0,250.144,19.374,-46.688,-108.500,220.500,-0.008,-0.605,0.281,8.238,17.535,-7.805,0.510,0.486,1.126,1.370,2,NULL,NULL,,3,1,2,7,255,982,250,0,0
stim,88667,118788,1,118788,3316099.455,-0.490,-0.068,0.122,0.861,3059,0,0,3167,247,2203,189,1891,60,1.398,1,2149,0,225.681,6.114,12.813,-115.750,193.313,-0.887,0.402,0.785,5.008,3.508,-7.805,0.484,0.450,1.126,1.370,2,NULL,NULL,,3,1,2,7,255,982,250,0,0
stim,88667,118788,1,118788,3316104.454,-0.488,-0.064,0.119,0.862,3062,0,0,3166,471,2265,298,2037,60,1.398,1,2149,0,125.509,7.241,-15.063,-114.563,49.000,-1.316,0.727,2.047,0.777,-7.199,0.129,0.470,0.396,1.126,1.370,2,NULL,NULL,,3,1,2,7,255,982,250,0,0
stim,88667,118788,1,118788,3316109.455,-0.493,-0.064,0.115,0.860,3063,0,0,3179,751,2332,249,2141,60,1.398,1,2149,0,151.712,7.199,-63.625,-55.750,-125.938,0.000,0.531,1.699,0.016,-7.199,6.891,0.464,0.334,1.126,1.370,2,NULL,NULL,,3,1,2,7,255,982,250,0,0
stim,88667,118788,1,118788,3316114.453,-0.498,-0.064,0.111,0.858,3061,0,0,3183,979,2365,247,2219,60,1.398,1,2149,0,149.336,5.166,-66.313,-49.813,-124.188,0.797,0.473,1.160,-4.957,1.453,6.891,0.458,0.276,1.126,1.370,2,NULL,NULL,,3,1,2,7,255,982,250,0,0
stim,88685,118806,1,118806,3316119.455,-0.499,-0.063,0.109,0.857,3059,28,0,3183,1143,2402,281,2285,60,1.398,1,2149,0,61.483,10.102,-22.125,-35.813,-44.813,0.844,0.332,1.258,-7.324,6.957,0.672,0.446,0.234,1.126,1.370,2,NULL,NULL,,3,1,2,7,255,982,250,0,0
stim,88685,118806,1,118806,3316124.455,-0.499,-0.064,0.107,0.858,3055,40,0,3179,1262,2416,302,2343,60,1.398,1,2149,0,67.995,10.102,-61.750,-19.813,20.438,0.113,-0.359,1.426,-7.324,6.957,0.672,0.430,0.206,1.126,1.370,2,NULL,NULL,,3,1,2,7,255,982,250,0,0
stim,88685,118806,1,118806,3316129.455,-0.498,-0.066,0.102,0.859,3059,67,0,3189,1353,2437,301,2387,60,1.398,1,2149,0,127.784,6.167,-125.500,-16.563,17.438,-0.359,-0.652,1.039,2.016,5.828,0.672,0.424,0.188,1.126,1.370,2,NULL,NULL,,3,1,2,7,255,982,250,0,0
stim,88685,118806,1,118806,3316134.454,-0.499,-0.067,0.098,0.858,3060,116,0,3191,1466,2455,296,2412,60,1.398,1,2149,0,96.697,6.133,-86.250,-13.750,-41.500,-0.371,-0.484,0.477,5.633,2.426,0.352,0.434,0.168,1.126,1.370,2,NULL,NULL,,3,1,2,7,255,982,250,0,0
stim,88707,118828,1,118828,3316139.455,-0.502,-0.067,0.097,0.857,3059,119,0,3191,1545,2471,299,2431,60,1.398,1,2149,0,78.209,5.971,-1.688,-15.875,-76.563,0.004,-0.113,0.680,5.633,1.980,-3.426,0.454,0.144,1.126,1.370,2,NULL,NULL,,3,1,2,7,255,982,250,0,0
stim,88707,118828,1,118828,3316144.453,-0.504,-0.066,0.097,0.856,3061,135,0,3193,1576,2478,303,2457,60,1.398,1,2149,0,49.080,2.059,16.375,-14.500,-43.938,0.246,0.004,1.148,0.563,1.980,-3.426,0.478,0.124,1.126,1.370,2,NULL,NULL,,3,1,2,7,255,982,250,0,0
stim,88707,118828,1,118828,3316149.455,-0.503,-0.066,0.096,0.856,3056,141,0,3191,1624,2485,313,2483,60,1.398,1,2149,0,31.266,3.523,-28.313,-9.063,9.688,0.074,-0.031,1.293,-0.715,3.449,0.656,0.496,0.104,1.126,1.370,2,NULL,NULL,,3,1,2,7,255,982,250,0,0
stim,88707,118828,1,118828,3316154.454,-0.502,-0.068,0.094,0.857,3065,167,0,3195,1689,2490,325,2489,60,1.398,1,2149,0,65.072,3.523,-61.813,-4.313,19.875,-0.230,-0.023,1.047,-0.715,3.449,0.656,0.508,0.086,1.126,1.370,2,NULL,NULL,,3,1,2,7,255,982,250,0,0
stim,88707,118828,0,118828,3316159.455,-0.503,-0.069,0.092,0.857,3067,175,0,3193,1748,2504,325,2493,60,1.398,1,2149,0,48.611,0.737,-47.250,-4.188,-10.625,-0.297,0.027,0.840,0.660,0.328,0.652,0.516,0.072,1.126,1.370,2,NULL,NULL,,3,0,2,7,255,986,250,0,0
stim,88707,118828,0,118828,3316164.453,-0.504,-0.069,0.091,0.856,3077,187,0,3189,1775,2505,318,2503,60,1.398,1,2149,0,39.633,0.737,-17.750,-4.688,-35.125,-0.113,-0.023,0.902,0.660,0.328,-0.977,0.528,0.058,1.126,1.370,2,NULL,NULL,,3,0,2,7,255,986,250,0,0
stim,88770,118891,0,118891,3316169.455,-0.505,-0.069,0.090,0.856,3069,185,5,3197,1800,2509,327,2521,60,1.398,1,2149,0,24.905,0.987,-9.250,-5.063,-22.563,0.035,-0.066,1.039,0.168,0.973,-0.977,0.540,0.044,1.126,1.370,2,NULL,NULL,,3,0,2,7,255,986,250,0,0
stim,88770,118891,0,118891,3316174.454,-0.505,-0.069,0.090,0.856,3076,187,70,3189,1823,2515,327,2513,60,1.398,1,2149,0,16.466,1.793,-15.938,-4.000,1.063,-0.020,0.035,1.066,-0.234,1.777,0.043,0.548,0.034,1.126,1.370,2,NULL,NULL,,3,0,2,7,255,986,250,0,0
stim,88770,118891,0,118891,3316179.455,-0.504,-0.069,0.089,0.856,3068,197,95,3190,1849,2515,307,2523,60,1.398,1,2149,0,18.774,1.978,-17.688,-3.375,5.313,-0.137,0.184,1.035,-0.867,1.777,0.453,0.554,0.030,1.126,1.370,2,NULL,NULL,,3,0,2,7,255,986,250,0,0
stim,88770,118891,0,118891,3316184.454,-0.505,-0.069,0.088,0.856,3087,187,119,3197,1863,2519,301,2525,60,1.398,1,2149,0,14.156,1.521,-12.750,-2.625,-5.563,-0.137,0.176,1.027,-1.520,0.055,0.453,0.560,0.026,1.126,1.370,2,NULL,NULL,,3,0,2,7,255,986,250,0,0
stim,88770,118891,0,118891,3316189.455,-0.505,-0.069,0.088,0.856,3069,197,139,3196,1881,2523,281,2523,60,1.382,1,2149,1,12.936,1.521,-8.938,-1.750,-9.188,-0.070,0.055,1.027,-1.520,0.055,0.375,0.000,0.000,1.165,1.354,2,NULL,NULL,,3,0,2,7,255,986,250,0,0
stim,88770,118891,0,118891,3316194.454,-0.505,-0.069,0.087,0.856,3067,201,181,3191,1882,2516,271,2525,60,1.382,1,2149,1,7.994,1.438,-7.875,-0.063,-1.375,-0.055,0.004,1.023,-0.816,1.184,0.199,0.006,0.004,1.165,1.354,2,NULL,NULL,,3,0,2,7,255,986,250,0,0
stim,88770,118891,0,118891,3316199.455,-0.505,-0.069,0.087,0.856,3066,201,211,3189,1892,2517,267,2523,60,1.382,1,2149,1,7.264,1.282,-5.875,0.438,4.250,-0.129,0.051,1.008,-0.492,1.184,0.137,0.012,0.008,1.165,1.354,2,NULL,NULL,,3,0,2,7,255,986,250,0,0
stim,88770,118891,0,118891,3316204.454,-0.505,-0.069,0.087,0.856,3077,199,231,3181,1891,2509,273,2517,60,1.382,1,2149,1,2.884,0.823,-2.875,0.188,-0.125,-0.184,0.105,1.023,-0.492,0.660,0.137,0.016,0.010,1.165,1.354,2,NULL,NULL,,3,0,2,7,255,986,250,0,0
stim,88770,118891,0,118891,3316209.455,-0.505,-0.069,0.087,0.856,3061,197,248,3174,1894,2505,283,2527,60,1.382,1,2149,1,6.893,0.695,-2.063,-0.438,-6.563,-0.176,0.113,1.039,-0.695,0.012,0.395,0.022,0.010,1.165,1.354,2,NULL,NULL,,3,0,2,7,255,986,250,0,0
stim,88770,118891,0,118891,3316214.453,-0.505,-0.069,0.087,0.856,3045,199,282,3167,1909,2501,283,2516,60,1.382,1,2149,1,8.712,0.816,-2.125,-0.438,-8.438,-0.164,0.117,1.027,-0.816,0.012,0.414,0.028,0.012,1.165,1.354,2,NULL,NULL,,3,0,2,7,255,986,250,0,0
stim,88771,118892,0,118892,3316219.455,-0.506,-0.069,0.087,0.856,3035,191,311,3161,1916,2492,282,2511,60,1.382,1,2149,1,9.697,0.895,-2.438,-0.438,-9.375,-0.180,0.141,1.039,-0.895,0.012,0.535,0.034,0.016,1.165,1.354,2,NULL,NULL,,3,0,2,7,255,986,250,0,0
stim,88771,118892,0,118892,3316224.455,-0.506,-0.069,0.087,0.855,3028,197,333,3155,1929,2484,283,2511,60,1.382,1,2149,1,14.151,1.043,-3.750,-1.500,-13.563,-0.184,0.145,1.055,-1.035,-0.129,0.551,0.040,0.020,1.165,1.354,2,NULL,NULL,,3,0,2,7,255,986,250,0,0
stim,88796,118917,0,118917,3316229.455,-0.507,-0.069,0.086,0.855,3015,187,345,3112,1947,2475,291,2515,60,1.382,1,2149,1,17.776,1.043,-5.688,-1.750,-16.750,-0.152,0.113,1.039,-1.035,-0.129,0.551,0.044,0.024,1.165,1.354,2,NULL,NULL,,3,0,2,7,255,986,250,0,0
stim,88796,118917,0,118917,3316234.453,-0.507,-0.069,0.086,0.855,3003,183,391,3141,1959,2471,291,2509,60,1.382,1,2149,1,16.575,0.984,-6.438,-1.625,-15.188,-0.117,0.074,1.004,-0.961,0.211,0.500,0.050,0.030,1.165,1.354,2,NULL,NULL,,3,0,2,7,255,986,250,0,0
stim,88796,118917,0,118917,3316239.455,-0.508,-0.069,0.086,0.854,2999,177,409,3143,1963,2463,300,2517,60,1.382,1,2149,1,12.929,0.949,-5.438,-2.313,-11.500,-0.133,0.023,0.965,-0.734,0.602,0.082,0.056,0.036,1.165,1.354,2,NULL,NULL,,3,0,2,7,255,986,250,0,0
stim,88796,118917,0,118917,3316244.453,-0.508,-0.069,0.086,0.854,2976,173,425,3120,1983,2459,300,2519,60,1.382,1,2149,1,10.786,0.650,-1.563,-2.500,-10.375,-0.168,-0.012,0.938,-0.246,0.602,-0.281,0.062,0.040,1.165,1.354,2,NULL,NULL,,3,0,2,7,255,986,250,0,0
stim,88796,118917,0,118917,3316249.455,-0.508,-0.069,0.085,0.854,2979,173,439,3109,1991,2458,293,2511,60,1.382,1,2149,1,11.452,0.564,1.500,-4.000,-10.625,-0.164,-0.020,0.941,0.246,0.508,-0.449,0.068,0.042,1.165,1.354,2,NULL,NULL,,3,0,2,7,255,986,250,0,0
stim,88796,118917,0,118917,3316254.454,-0.509,-0.069,0.085,0.854,2957,175,459,3103,1992,2447,299,2511,60,1.382,1,2149,1,11.271,0.592,4.063,-6.438,-8.313,-0.148,-0.035,0.945,0.305,0.508,-0.473,0.072,0.044,1.165,1.354,2,NULL,NULL,,3,0,2,7,255,986,250,0,0
stim,88833,118954,0,118954,3316259.455,-0.509,-0.068,0.085,0.854,2937,171,495,3027,2008,2447,295,2525,60,1.382,1,2149,1,10.206,0.821,6.125,-7.375,-3.500,-0.148,-0.039,0.934,0.375,0.730,-0.473,0.074,0.044,1.165,1.354,2,NULL,NULL,,3,0,2,7,255,986,250,0,0
stim,88833,118954,0,118954,3316264.453,-0.509,-0.068,0.085,0.854,2924,169,541,3067,2021,2456,303,2525,60,1.382,1,2149,1,11.242,0.840,7.063,-8.500,-2.063,-0.184,-0.063,0.918,0.414,0.730,-0.578,0.074,0.042,1.165,1.354,2,NULL,NULL,,3,0,2,7,255,986,250,0,0
stim,88833,118954,0,118954,3316269.455,-0.509,-0.067,0.085,0.854,2911,171,599,3059,2043,2453,311,2534,60,1.382,1,2149,1,14.163,0.677,9.500,-10.313,-2.000,-0.160,-0.027,0.926,0.414,0.535,-0.625,0.074,0.038,1.165,1.354,2,NULL,NULL,,3,0,2,7,255,986,250,0,0
stim,88833,118954,0,118954,3316274.454,-0.509,-0.066,0.085,0.854,2885,167,638,3038,2069,2453,328,2547,60,1.382,1,2149,1,20.195,0.602,14.125,-14.063,3.250,-0.168,0.012,0.934,0.367,0.477,-0.625,0.072,0.032,1.165,1.354,2,NULL,NULL,,3,0,2,7,255,986,250,0,0
stim,88866,118987,0,118987,3316279.455,-0.509,-0.065,0.086,0.854,2860,167,682,3018,2104,2459,347,2555,60,1.382,1,2149,1,23.237,0.312,17.625,-15.125,0.750,-0.203,0.051,0.961,0.082,0.301,-0.512,0.070,0.028,1.165,1.354,2,NULL,NULL,,3,0,2,7,255,986,250,0,0
stim,88866,118987,0,118987,3316284.455,-0.509,-0.064,0.086,0.854,2851,169,751,3013,2160,2469,402,2588,60,1.382,1,2149,1,24.407,0.141,14.563,-18.938,5.000,-0.191,0.113,0.973,-0.078,-0.117,-0.188,0.066,0.026,1.165,1.354,2,NULL,NULL,,3,0,2,7,255,986,250,0,0
stim,88866,118987,0,118987,3316289.455,-0.509,-0.063,0.086,0.854,2809,166,789,2987,2221,2476,441,2607,60,1.382,1,2149,1,27.260,0.708,16.813,-21.313,2.500,-0.223,0.172,1.000,-0.637,-0.309,-0.043,0.066,0.024,1.165,1.354,2,NULL,NULL,,3,0,2,7,255,986,250,0,0
stim,88866,118987,0,118987,3316294.453,-0.510,-0.062,0.086,0.854,2781,179,869,2959,2276,2486,478,2631,60,1.382,1,2149,1,27.964,1.124,15.438,-21.688,-8.563,-0.203,0.160,1.020,-0.984,-0.543,0.293,0.064,0.024,1.165,1.354,2,NULL,NULL,,3,0,2,7,255,986,250,0,0
stim,88866,118987,0,118987,3316299.455,-0.510,-0.061,0.086,0.854,2749,195,942,2927,2322,2488,511,2657,60,1.382,1,2149,1,26.177,1.141,10.188,-22.938,-7.438,-0.129,0.145,1.016,-1.004,-0.543,0.293,0.064,0.024,1.165,1.354,2,NULL,NULL,,3,0,2,7,255,986,250,0,0
stim,88866,118987,0,118987,3316304.453,-0.510,-0.059,0.086,0.854,2719,205,1043,2907,2367,2501,588,2670,60,1.382,1,2149,1,27.136,0.987,10.063,-24.750,-4.750,-0.168,0.102,0.992,-0.984,-0.066,0.273,0.064,0.024,1.165,1.354,2,NULL,NULL,,3,0,2,7,255,986,250,0,0
stim,88866,118987,0,118987,3316309.455,-0.511,-0.058,0.086,0.854,2675,217,1139,2886,2412,2507,686,2695,60,1.382,1,2149,1,28.620,0.936,9.750,-26.188,-6.188,-0.184,0.152,0.984,-0.934,-0.066,0.086,0.066,0.026,1.165,1.354,2,NULL,NULL,,3,0,2,7,255,986,250,0,0
stim,88866,118987,0,118987,3316314.453,-0.511,-0.057,0.086,0.853,2622,233,1239,2854,2455,2521,825,2707,60,1.382,1,2149,1,32.009,1.038,11.625,-27.938,-10.438,-0.207,0.168,1.008,-0.934,-0.453,0.086,0.070,0.028,1.165,1.354,2,NULL,NULL,,3,0,2,7,255,986,250,0,0
stim,88866,118987,0,118987,3316319.455,-0.512,-0.056,0.086,0.853,2575,245,1331,2813,2511,2523,944,2733,60,1.382,1,2149,1,35.895,1.062,9.563,-28.188,-20.063,-0.176,0.168,1.051,-0.961,-0.453,0.340,0.074,0.030,1.165,1.354,2,NULL,NULL,,3,0,2,7,255,986,250,0,0
stim,88866,118987,0,118987,3316324.455,-0.513,-0.054,0.085,0.853,2504,255,1499,2801,2547,2536,1086,2749,60,1.382,1,2149,1,36.059,1.029,1.438,-28.438,-22.125,-0.164,0.145,1.059,-0.961,-0.367,0.703,0.078,0.034,1.165,1.354,2,NULL,NULL,,3,0,2,7,255,986,250,0,0
stim,88912,119033,0,119033,3316329.455,-0.514,-0.054,0.084,0.852,2421,254,1631,2749,2587,2537,1225,2783,60,1.382,1,2149,1,38.429,0.992,-8.688,-29.438,-23.125,-0.195,0.152,1.074,-0.922,-0.367,0.758,0.082,0.038,1.165,1.354,2,NULL,NULL,,3,0,2,7,255,986,250,0,0
stim,88912,119033,0,119033,3316334.453,-0.515,-0.053,0.083,0.852,2345,265,1772,2713,2635,2552,1374,2799,60,1.382,1,2149,1,47.640,0.985,-20.750,-29.500,-31.125,-0.242,0.160,1.094,-0.855,-0.488,0.953,0.084,0.042,1.165,1.354,2,NULL,NULL,,3,0,2,7,255,986,250,0,0
stim,88912,119033,0,119033,3316339.455,-0.516,-0.053,0.081,0.851,2265,268,1897,2676,2676,2567,1545,2821,60,1.382,1,2149,1,62.607,0.985,-32.125,-29.938,-44.625,-0.184,0.145,1.063,-0.855,-0.488,0.953,0.086,0.046,1.165,1.354,2,NULL,NULL,,3,0,2,7,255,986,250,0,0
stim,88912,119033,0,119033,3316344.454,-0.518,-0.052,0.078,0.850,2143,273,2011,2611,2711,2567,1669,2843,60,1.382,1,2149,1,66.050,0.843,-33.938,-30.313,-47.875,-0.125,0.020,0.992,-0.723,-0.434,0.824,0.090,0.050,1.165,1.354,2,NULL,NULL,,3,0,2,7,255,986,250,0,0
stim,88912,119033,0,119033,3316349.455,-0.520,-0.052,0.076,0.849,2013,277,2153,2533,2751,2577,1809,2855,60,1.382,1,2149,1,59.161,0.478,-31.563,-32.188,-38.313,-0.125,0.004,1.020,-0.043,0.477,0.254,0.092,0.052,1.165,1.354,2,NULL,NULL,,3,0,2,7,255,986,250,0,0
stim,88912,119033,0,119033,3316354.453,-0.521,-0.052,0.074,0.848,1903,280,2264,2477,2785,2571,1916,2867,60,1.382,1,2149,1,68.240,0.479,-37.313,-31.375,-47.750,-0.223,0.000,1.105,0.047,0.477,0.254,0.096,0.054,1.165,1.354,2,NULL,NULL,,3,0,2,7,255,986,250,0,0
stim,88912,119033,0,119033,3316359.455,-0.524,-0.052,0.071,0.847,1742,273,2357,2376,2808,2571,2029,2889,60,1.382,1,2149,1,86.502,0.061,-53.125,-34.125,-59.125,-0.188,0.035,1.184,0.047,0.039,1.230,0.098,0.056,1.165,1.354,2,NULL,NULL,,3,0,2,7,255,986,250,0,0
stim,88912,119033,0,119033,3316364.454,-0.526,-0.052,0.067,0.846,1553,265,2449,2280,2837,2577,2141,2908,60,1.382,1,2149,1,107.077,0.061,-77.375,-33.750,-65.875,-0.078,0.000,1.109,-0.047,0.039,1.230,0.098,0.056,1.165,1.354,2,NULL,NULL,,3,0,2,7,255,986,250,0,0
stim,88931,119052,0,119052,3316369.455,-0.528,-0.053,0.064,0.845,1299,253,2531,2142,2868,2575,2235,2905,60,1.382,1,2149,0,98.810,0.549,-69.500,-34.375,-61.250,-0.086,-0.008,0.883,-0.082,0.543,1.059,0.098,0.056,1.165,1.354,2,NULL,NULL,,3,0,2,7,255,986,250,0,0
stim,88931,119052,0,119052,3316374.454,-0.530,-0.053,0.060,0.844,1111,239,2594,1972,2888,2569,2314,2925,60,1.382,1,2149,0,85.388,0.712,-55.813,-37.063,-52.938,-0.086,-0.043,0.938,-0.082,0.707,-0.613,0.098,0.056,1.165,1.354,2,NULL,NULL,,3,0,2,7,255,986,250,0,0
stim,88966,119087,0,119087,3316379.455,-0.532,-0.052,0.058,0.843,907,201,2641,1704,2916,2553,2398,2934,60,1.382,1,2149,0,77.937,0.567,-39.500,-36.063,-56.688,-0.148,-0.047,1.035,0.164,0.543,-0.613,0.098,0.054,1.165,1.354,2,NULL,NULL,,3,0,2,7,255,986,250,0,0
stim,88966,119087,0,119087,3316384.455,-0.534,-0.052,0.055,0.842,619,143,2677,1429,2923,2551,2475,2936,60,1.382,1,2149,0,82.069,0.326,-43.063,-39.500,-57.625,-0.129,0.004,1.113,0.164,0.281,0.430,0.100,0.054,1.165,1.354,2,NULL,NULL,,3,0,2,7,255,986,250,0,0
stim,88966,119087,0,119087,3316389.455,-0.536,-0.052,0.052,0.841,407,85,2739,1131,2953,2532,2538,2951,60,1.382,1,2149,0,82.810,0.345,-46.875,-40.438,-55.000,-0.094,0.039,1.105,-0.199,0.281,1.031,0.104,0.054,1.165,1.354,2,NULL,NULL,,3,0,2,7,255,986,250,0,0
stim,88966,119087,0,119087,3316394.454,-0.538,-0.051,0.050,0.840,213,57,2776,877,2967,2523,2607,2959,60,1.382,1,2149,0,78.188,0.754,-47.250,-45.313,-42.750,-0.090,0.094,1.125,-0.699,0.281,1.172,0.108,0.054,1.165,1.354,2,NULL,NULL,,3,0,2,7,255,986,250,0,0
stim,88966,119087,0,119087,3316399.455,-0.539,-0.050,0.047,0.839,77,0,2815,549,2975,2509,2651,2973,60,1.382,1,2149,0,79.307,1.141,-48.563,-45.750,-42.875,-0.121,0.098,1.098,-1.133,0.137,1.031,0.112,0.054,1.165,1.354,2,NULL,NULL,,3,0,2,7,255,986,250,0,0
stim,88966,119087,0,119087,3316404.453,-0.541,-0.050,0.044,0.839,13,0,2839,347,2989,2476,2695,2975,60,1.382,1,2149,0,85.216,1.134,-47.813,-49.313,-50.438,-0.098,0.059,1.074,-1.133,0.047,1.016,0.116,0.054,1.165,1.354,2,NULL,NULL,,3,0,2,7,255,986,250,0,0
stim,88966,119087,0,119087,3316409.457,-0.543,-0.049,0.041,0.837,0,0,2853,209,3005,2450,2731,2988,60,1.382,1,2149,0,93.927,1.134,-41.063,-53.500,-65.375,-0.047,0.117,1.004,-1.133,0.047,0.762,0.120,0.054,1.165,1.354,2,NULL,NULL,,3,0,2,7,255,986,250,0,0
stim,88966,119087,0,119087,3316414.454,-0.545,-0.047,0.038,0.836,0,0,2871,87,3019,2415,2765,2989,60,1.382,1,2149,0,86.017,0.896,-18.438,-60.063,-58.750,-0.121,-0.008,1.074,-0.895,0.047,0.762,0.122,0.054,1.165,1.354,2,NULL,NULL,,3,0,2,7,255,986,250,0,0
stim,88984,119105,0,119105,3316419.455,-0.546,-0.044,0.037,0.836,0,0,2898,62,3027,2385,2790,2991,60,1.382,1,2149,0,80.040,0.223,22.250,-73.125,-23.750,-0.320,-0.180,1.297,-0.223,0.000,0.781,0.118,0.054,1.165,1.354,2,NULL,NULL,,3,0,2,7,255,986,250,0,0
stim,88984,119105,0,119105,3316424.455,-0.547,-0.040,0.037,0.835,0,0,2905,25,3036,2355,2829,3003,60,1.382,1,2149,0,97.428,2.224,40.688,-85.938,-21.250,-0.441,-0.246,1.582,2.000,-0.973,3.195,0.110,0.058,1.165,1.354,3,NULL,NULL,,3,0,2,7,255,986,250,0,0
stim,88984,119105,0,119105,3316429.455,-0.548,-0.036,0.036,0.835,0,0,2909,8,3048,2313,2851,3016,60,1.382,1,2149,0,106.283,2.390,42.375,-95.875,-17.563,-0.340,-0.070,1.793,2.000,-1.309,6.121,0.104,0.062,1.165,1.354,3,NULL,NULL,,3,0,2,7,255,986,250,0,0
stim,88984,119105,0,119105,3316434.454,-0.548,-0.033,0.033,0.835,0,0,2918,0,3063,2266,2878,3013,60,1.382,1,2149,0,106.150,1.647,-32.000,-101.125,-4.188,-0.023,0.172,1.605,1.000,-1.309,6.121,0.098,0.068,1.165,1.354,3,NULL,NULL,,3,0,2,7,255,986,250,0,0
stim,89006,119127,0,119127,3316439.455,-0.548,-0.031,0.028,0.836,0,0,2904,0,3079,2211,2893,3016,60,1.382,1,2149,0,123.740,1.486,-75.125,-98.063,7.188,-0.047,0.113,1.160,-1.480,-0.133,5.852,0.094,0.074,1.165,1.354,3,NULL,NULL,,3,0,2,7,255,986,250,0,0
stim,89006,119127,0,119127,3316444.453,-0.546,-0.028,0.024,0.837,0,0,2919,0,3087,2139,2904,3005,60,1.382,1,2149,0,119.736,1.486,-38.750,-107.750,35.000,-0.164,0.039,0.949,-1.480,-0.133,1.547,0.090,0.082,1.165,1.354,3,NULL,NULL,,3,0,2,7,255,986,250,0,0
stim,89006,119127,0,119127,3316449.455,-0.545,-0.023,0.022,0.838,0,0,2906,0,3095,2043,2931,3007,60,1.382,1,2149,0,123.160,1.155,8.875,-116.875,37.813,-0.297,0.043,1.047,-0.246,-1.129,0.586,0.088,0.092,1.165,1.354,3,NULL,NULL,,3,0,2,7,255,986,250,0,0
stim,89006,119127,0,119127,3316454.453,-0.544,-0.018,0.020,0.838,0,0,2901,0,3092,1903,2938,3016,60,1.382,1,2149,0,127.355,2.381,27.188,-122.750,20.313,-0.344,-0.004,1.289,0.258,-2.367,0.586,0.086,0.100,1.165,1.354,3,NULL,NULL,,3,0,2,7,255,986,250,0,0
stim,89006,119127,0,119127,3316459.455,-0.544,-0.013,0.018,0.839,0,0,2889,0,3096,1783,2943,3013,60,1.382,1,2149,0,132.639,2.508,24.500,-129.688,13.188,-0.313,-0.039,1.457,0.828,-2.367,2.969,0.082,0.110,1.165,1.354,3,NULL,NULL,,3,0,2,7,255,986,250,0,0
stim,89006,119127,0,119127,3316464.454,-0.543,-0.008,0.015,0.839,0,0,2885,0,3102,1641,2955,3003,60,1.382,1,2149,0,136.406,2.398,6.750,-135.563,13.563,-0.242,0.016,1.551,0.828,-2.250,4.598,0.080,0.120,1.165,1.354,3,NULL,NULL,,3,0,2,7,255,986,250,0,0
stim,89061,119182,0,119182,3316469.455,-0.543,-0.004,0.011,0.840,0,0,2871,0,3101,1445,2965,3000,60,1.382,1,2149,0,142.699,2.013,-20.938,-140.375,14.813,-0.195,0.078,1.461,0.336,-1.984,4.598,0.078,0.130,1.165,1.354,3,NULL,NULL,,3,0,2,7,255,986,250,0,0
stim,89061,119182,0,119182,3316474.454,-0.542,0.001,0.006,0.841,0,0,2861,0,3115,1221,2983,2997,60,1.382,1,2149,0,151.430,2.011,-34.063,-146.188,20.000,-0.191,0.113,1.328,-0.324,-1.984,4.527,0.076,0.140,1.165,1.354,3,NULL,NULL,,3,0,2,7,255,986,250,0,0
stim,89061,119182,0,119182,3316479.455,-0.541,0.006,0.002,0.841,0,0,2841,0,3114,967,2976,2976,60,1.382,1,2149,0,158.428,2.309,-30.313,-153.375,25.625,-0.219,0.141,1.277,-0.582,-2.234,3.191,0.076,0.154,1.165,1.354,3,NULL,NULL,,3,0,2,7,255,986,250,0,0
stim,89061,119182,0,119182,3316484.455,-0.540,0.011,-0.003,0.842,0,0,2831,0,3113,719,3001,2959,60,1.382,1,2149,0,164.766,2.841,-25.688,-161.000,23.813,-0.242,0.082,1.230,-0.582,-2.781,2.645,0.076,0.166,1.165,1.354,3,NULL,NULL,,3,0,2,7,255,986,250,0,0
stim,89061,119182,0,119182,3316489.455,-0.539,0.016,-0.007,0.842,0,0,2795,0,3124,544,3003,2953,60,1.382,1,2149,0,169.765,2.781,-18.688,-168.125,14.313,-0.223,-0.031,1.191,0.012,-2.781,2.164,0.076,0.180,1.165,1.354,3,NULL,NULL,,3,0,2,7,255,986,250,0,0
stim,89061,119182,0,119182,3316494.453,-0.538,0.022,-0.012,0.843,0,0,2761,0,3123,399,2997,2931,60,1.382,1,2149,0,176.855,2.612,-21.563,-175.063,12.875,-0.117,-0.125,1.164,1.008,-2.410,1.773,0.080,0.194,1.165,1.354,3,NULL,NULL,,3,0,2,7,255,986,250,0,0
stim,89061,119182,0,119182,3316499.455,-0.537,0.028,-0.017,0.843,0,0,2720,0,3117,203,3007,2909,60,1.382,1,2149,0,180.793,1.903,-22.188,-178.625,16.938,-0.082,-0.164,1.074,1.465,-1.215,1.563,0.082,0.206,1.165,1.354,3,NULL,NULL,,3,0,2,7,255,986,250,0,0
stim,89061,119182,0,119182,3316504.453,-0.536,0.034,-0.022,0.843,0,0,2684,0,3124,101,3017,2871,60,1.382,1,2149,0,184.820,1.739,-19.188,-182.625,20.938,-0.063,-0.125,1.016,1.465,-0.938,0.695,0.088,0.218,1.165,1.354,3,NULL,NULL,,3,0,2,7,255,986,250,0,0
stim,89082,119203,0,119203,3316509.455,-0.535,0.040,-0.026,0.843,0,0,2632,0,3110,37,3013,2874,60,1.382,1,2149,0,185.370,1.626,-7.250,-184.625,14.938,-0.121,-0.043,1.004,1.328,-0.938,0.113,0.094,0.232,1.165,1.354,3,NULL,NULL,,3,0,2,7,255,986,250,0,0
stim,89082,119203,0,119203,3316514.454,-0.535,0.047,-0.031,0.843,0,0,2587,0,3112,0,3016,2808,60,1.382,1,2149,0,189.316,2.127,4.938,-189.250,0.875,-0.109,0.008,1.055,0.902,-1.926,0.113,0.104,0.244,1.165,1.354,3,NULL,NULL,,3,0,2,7,255,986,250,0,0
stim,89082,119203,0,119203,3316519.455,-0.535,0.054,-0.034,0.843,0,0,2525,0,3110,5,3029,2761,60,1.382,1,2149,0,192.450,2.145,11.813,-191.750,-11.375,-0.004,0.086,1.305,0.465,-2.094,0.324,0.120,0.262,1.165,1.354,3,NULL,NULL,,3,0,2,7,255,986,250,0,0
stim,89082,119203,0,119203,3316524.455,-0.534,0.062,-0.038,0.842,0,0,2425,0,3109,14,3027,2711,60,1.382,1,2149,0,194.020,2.298,15.438,-193.063,-11.500,-0.020,0.125,1.637,-0.520,-2.238,2.855,0.140,0.282,1.165,1.354,3,NULL,NULL,,3,0,2,7,255,986,250,0,0
stim,89082,119203,0,119203,3316529.455,-0.534,0.069,-0.042,0.842,0,0,2314,0,3093,30,3023,2657,60,1.382,1,2149,0,202.087,3.075,18.563,-201.188,4.250,-0.156,0.105,2.004,-0.520,-3.031,6.012,0.166,0.308,1.165,1.354,3,NULL,NULL,,3,0,2,7,255,986,250,0,0
stim,89082,119203,0,119203,3316534.454,-0.532,0.077,-0.047,0.842,0,0,2203,0,3065,60,3001,2591,60,1.382,1,2149,0,222.211,4.970,1.000,-220.000,31.250,-0.398,0.152,2.340,0.453,-4.949,9.313,0.200,0.342,1.165,1.354,3,NULL,NULL,,3,0,2,7,255,986,250,0,0
stim,89103,119224,0,119224,3316539.455,-0.529,0.085,-0.054,0.842,0,0,2040,0,3051,69,3001,2501,60,1.382,1,2149,0,253.447,8.268,-39.313,-246.000,46.625,-0.664,0.313,2.480,1.309,-8.164,12.000,0.244,0.388,1.165,1.354,3,NULL,NULL,,3,0,2,7,255,986,250,0,0
stim,89103,119224,0,119224,3316544.453,-0.528,0.094,-0.063,0.842,0,0,1867,0,3041,75,2984,2407,60,1.382,1,2149,0,282.874,11.931,-68.813,-272.438,32.563,-0.766,0.621,2.520,1.309,-11.859,12.320,0.302,0.446,1.165,1.354,3,NULL,NULL,,3,0,2,7,255,986,250,0,0
stim,89103,119224,0,119224,3316549.455,-0.526,0.102,-0.074,0.841,0,0,1741,0,3007,93,2963,2295,60,1.382,1,2149,0,316.182,14.657,-92.938,-301.750,16.750,-0.684,0.793,2.504,-0.840,-14.633,12.320,0.370,0.512,1.165,1.354,3,NULL,NULL,,3,0,2,7,255,986,250,0,0
stim,89103,119224,0,119224,3316554.454,-0.525,0.112,-0.085,0.840,0,0,1593,0,2983,104,2921,2168,60,1.382,1,2149,0,344.892,15.377,-96.000,-331.063,11.500,-0.555,0.828,2.590,-2.621,-15.152,12.320,0.446,0.588,1.165,1.354,3,NULL,NULL,,3,0,2,7,255,986,250,0,0
stim,89126,119247,0,119247,3316559.455,-0.523,0.123,-0.097,0.838,0,0,1471,0,2942,104,2877,2057,60,1.382,1,2149,0,373.092,15.600,-112.125,-355.625,12.500,-0.496,0.887,2.703,-3.320,-15.242,12.582,0.530,0.672,1.165,1.354,3,NULL,NULL,,3,0,2,7,255,986,250,0,0
stim,89126,119247,0,119247,3316564.454,-0.521,0.133,-0.111,0.836,0,0,1381,0,2904,115,2828,1941,60,1.382,1,2149,0,396.846,16.310,-129.188,-374.875,16.313,-0.563,0.855,2.820,-3.320,-15.969,13.316,0.622,0.766,1.165,1.354,3,NULL,NULL,,3,0,2,7,255,986,250,0,0
stim,89126,119247,0,119247,3316569.455,-0.518,0.145,-0.125,0.834,0,0,1263,0,2851,112,2763,1823,60,1.382,1,2149,0,421.655,17.820,-126.688,-401.500,23.250,-0.711,0.820,2.934,-3.152,-17.539,13.531,0.722,0.868,1.165,1.354,3,NULL,NULL,,3,0,2,7,255,986,250,0,0
stim,89126,119247,0,119247,3316574.454,-0.515,0.157,-0.139,0.831,0,0,1143,0,2767,83,2671,1676,60,1.382,1,2149,0,444.728,20.059,-125.938,-425.750,25.688,-0.879,1.031,3.164,-2.824,-19.859,13.645,0.830,0.976,1.165,1.354,3,NULL,NULL,,3,0,2,7,255,986,250,0,0
stim,89163,119284,0,119284,3316579.455,-0.513,0.170,-0.154,0.827,0,0,1012,0,2671,73,2548,1512,60,1.382,1,2149,0,462.413,24.045,-146.000,-438.750,2.813,-1.039,1.246,3.457,-2.824,-23.879,13.953,0.942,1.090,1.165,1.354,3,NULL,NULL,,3,0,2,7,255,986,250,0,0
stim,89163,119284,0,119284,3316584.455,-0.511,0.182,-0.172,0.822,0,0,885,0,2552,47,2398,1311,60,1.382,1,2149,0,499.836,28.340,-202.313,-456.688,-18.500,-1.059,1.098,3.395,-2.824,-28.199,13.953,1.056,1.208,1.165,1.354,3,NULL,NULL,,3,0,2,7,255,986,250,0,0
stim,89163,119284,0,119284,3316589.455,-0.511,0.193,-0.191,0.816,0,0,745,0,2388,0,2219,1102,60,1.382,1,2149,0,533.445,28.304,-251.375,-468.063,-47.875,-0.813,0.730,3.059,-2.434,-28.199,12.977,1.168,1.324,1.165,1.354,3,NULL,NULL,,3,0,2,7,255,986,250,0,0
stim,89163,119284,0,119284,3316594.453,-0.510,0.205,-0.210,0.809,0,0,581,0,2157,0,1951,948,60,1.382,1,2149,0,546.136,24.544,-244.000,-486.938,-40.250,-0.711,0.199,2.715,-0.668,-24.535,10.582,1.276,1.436,1.165,1.354,3,NULL,NULL,,3,0,2,7,255,986,250,0,0
stim,89163,119284,0,119284,3316599.455,-0.506,0.218,-0.230,0.803,0,0,363,0,1894,0,1621,791,60,1.382,1,2149,0,557.683,21.110,-222.000,-511.500,9.688,-0.664,-0.242,2.375,3.270,-20.855,8.004,1.376,1.540,1.165,1.354,3,NULL,NULL,,3,0,2,7,255,986,250,0,0
stim,89163,119284,0,119284,3316604.453,-0.501,0.232,-0.248,0.796,0,0,245,0,1583,0,1191,638,60,1.382,1,2149,0,559.903,18.975,-190.938,-526.000,18.938,-0.555,-0.301,1.984,6.508,-17.824,5.328,1.466,1.638,1.165,1.354,3,NULL,NULL,,3,0,2,7,255,986,250,0,0
stim,89163,119284,0,119284,3316609.455,-0.495,0.247,-0.265,0.790,0,0,124,0,1209,0,647,531,60,1.382,1,2149,0,557.131,16.484,-125.375,-542.250,25.313,-0.512,-0.207,1.789,6.508,-15.145,2.270,1.552,1.730,1.165,1.354,3,NULL,NULL,,3,0,2,7,255,986,250,0,0
stim,89163,119284,0,119284,3316614.454,-0.486,0.264,-0.279,0.785,0,0,99,0,795,0,179,440,60,1.382,1,2149,0,559.659,16.098,-52.250,-554.063,59.188,-0.566,0.113,2.070,5.457,-15.145,0.332,1.642,1.826,1.165,1.354,3,NULL,NULL,,3,0,2,7,255,986,250,0,0
stim,89163,119284,0,119284,3316619.455,-0.475,0.281,-0.293,0.781,0,0,59,0,295,0,0,367,60,1.382,1,2149,0,573.695,18.722,-8.813,-562.375,113.063,-0.973,0.289,2.547,4.379,-18.203,0.168,1.744,1.932,1.165,1.354,3,NULL,NULL,,3,0,2,7,255,986,250,0,0
stim,89163,119284,0,119284,3316624.454,-0.461,0.297,-0.308,0.777,0,0,29,0,0,0,0,307,60,1.382,1,2149,0,604.301,25.292,-40.750,-574.063,184.313,-1.457,0.547,2.676,4.379,-24.910,-0.645,1.860,2.054,1.165,1.354,3,NULL,NULL,,3,0,2,7,255,986,250,0,0
stim,89193,119314,0,119314,3316629.455,-0.450,0.310,-0.326,0.771,0,0,21,0,0,0,0,275,60,1.382,1,2149,0,586.867,29.584,-147.438,-547.625,150.938,-1.465,1.176,2.313,4.379,-29.258,-5.230,1.988,2.184,1.165,1.354,4,NULL,NULL,,3,0,2,7,255,986,250,0,0
stim,89193,119314,0,119314,3316634.454,-0.443,0.321,-0.345,0.763,0,0,13,0,0,0,0,203,60,1.382,1,2149,0,550.366,29.280,-232.813,-493.938,68.750,-0.965,1.617,1.961,-1.141,-29.258,-10.379,2.116,2.314,1.165,1.354,0,NULL,NULL,,3,0,2,7,255,986,250,0,0
stim,89193,119314,0,119314,3316639.455,-0.439,0.325,-0.366,0.754,0,0,18,0,0,0,0,147,60,1.382,1,2149,0,558.483,26.731,-383.938,-393.563,98.000,-0.766,1.766,1.285,-7.609,-25.625,-10.898,2.232,2.430,1.165,1.354,0,NULL,NULL,,3,0,2,7,255,986,250,0,0
stim,89193,119314,0,119314,3316644.453,-0.437,0.319,-0.392,0.744,0,0,13,0,0,0,0,117,60,1.382,1,2149,0,651.389,22.347,-579.250,-246.500,167.375,-0.707,2.207,-0.059,-10.957,-19.477,-14.340,2.322,2.520,1.165,1.354,0,NULL,NULL,,3,0,2,7,255,986,250,0,0
stim,89215,119336,0,119336,3316649.455,-0.437,0.312,-0.411,0.737,0,0,14,0,0,0,0,100,60,1.382,1,2149,0,486.000,15.603,-451.313,-133.688,121.000,-0.734,1.719,-1.219,-13.117,-8.449,-22.691,2.388,2.584,1.165,1.354,0,NULL,NULL,,3,0,2,7,255,986,250,0,0
stim,89215,119336,0,119336,3316654.453,-0.436,0.311,-0.415,0.736,0,0,9,0,0,0,0,68,60,1.382,1,2149,0,88.828,13.455,-78.250,-24.813,33.938,-1.039,-0.426,-0.684,-13.117,2.996,-22.691,2.438,2.634,1.165,1.354,0,NULL,NULL,,3,0,2,7,255,986,250,0,0
stim,89215,119336,0,119336,3316659.455,-0.436,0.312,-0.410,0.738,0,0,4,0,0,0,0,81,60,1.382,1,2149,0,118.836,8.134,109.438,43.375,-16.250,-1.434,-1.527,1.223,7.563,2.996,-19.730,2.484,2.684,1.165,1.354,0,NULL,NULL,,3,0,2,7,255,986,250,0,0
stim,89215,119336,0,119336,3316664.454,-0.440,0.308,-0.408,0.738,0,0,9,0,0,0,0,73,60,1.382,1,2149,0,130.471,18.860,-26.563,121.438,-39.625,-1.520,-0.766,1.965,14.293,-12.305,-10.602,2.532,2.738,1.165,1.354,0,NULL,NULL,,3,0,2,7,255,986,250,0,0
stim,89215,119336,0,119336,3316669.455,-0.448,0.299,-0.410,0.736,0,0,3,0,0,0,0,55,60,1.382,1,2149,0,266.517,21.850,-185.375,186.625,-42.875,-1.273,0.805,1.094,14.293,-16.527,-10.602,2.582,2.790,1.165,1.354,0,NULL,NULL,,3,0,2,7,255,986,250,0,0
stim,89215,119336,0,119336,3316674.454,-0.454,0.289,-0.411,0.736,0,0,2,0,0,0,0,35,60,1.382,1,2149,0,279.666,16.595,-171.500,220.500,-13.438,-1.098,1.777,0.188,-1.492,-16.527,-17.563,2.626,2.838,1.165,1.354,0,NULL,NULL,,3,0,2,7,255,986,250,0,0
stim,89260,119381,0,119381,3316679.455,-0.459,0.281,-0.408,0.738,0,0,6,0,0,0,0,29,60,1.382,1,2149,0,234.889,14.292,-58.625,227.125,12.250,-1.152,1.652,0.133,-10.020,-10.191,-23.719,2.670,2.882,1.165,1.354,0,NULL,NULL,,3,0,2,7,255,986,250,0,0
stim,89260,119381,0,119381,3316684.454,-0.463,0.273,-0.403,0.740,0,0,2,0,0,0,0,33,60,1.382,1,2149,0,230.565,14.292,1.750,230.375,9.188,-1.270,0.766,0.652,-10.020,-10.191,-23.719,2.714,2.928,1.165,1.354,0,NULL,NULL,,3,0,2,7,255,986,250,0,0
stim,89260,119381,0,119381,3316689.455,-0.468,0.265,-0.400,0.742,0,0,1,0,0,0,0,39,60,1.382,1,2149,0,240.758,12.822,-38.625,237.625,-2.625,-1.199,0.133,0.805,-1.621,-12.719,-18.902,2.756,2.972,1.165,1.354,0,NULL,NULL,,3,0,2,7,255,986,250,0,0
stim,89260,119381,0,119381,3316694.453,-0.474,0.256,-0.398,0.743,0,0,0,0,0,0,0,34,60,1.382,1,2149,0,259.997,12.784,-89.563,244.063,-3.250,-1.008,0.301,0.402,1.285,-12.719,-16.230,2.792,3.010,1.165,1.354,0,NULL,NULL,,3,0,2,7,255,986,250,0,0
stim,89260,119381,0,119381,3316699.455,-0.479,0.246,-0.395,0.745,0,0,0,0,0,0,0,37,60,1.382,1,2149,0,261.872,9.041,-83.000,248.313,5.375,-0.770,0.461,-0.141,1.285,-8.949,-16.230,2.820,3.040,1.165,1.354,0,NULL,NULL,,3,0,2,7,255,986,250,0,0
stim,89260,119381,0,119381,3316704.453,-0.482,0.237,-0.391,0.747,0,0,0,0,0,0,0,37,60,1.382,1,2149,0,249.700,3.740,-16.125,246.313,37.688,-0.621,0.316,-0.430,-0.113,-3.738,-17.852,2.838,3.060,1.165,1.354,0,NULL,NULL,,3,0,2,7,255,986,250,0,0
stim,89260,119381,0,119381,3316709.455,-0.484,0.229,-0.384,0.752,0,0,0,0,0,0,0,26,60,1.382,1,2149,0,263.898,3.794,47.063,253.250,57.375,-0.816,0.461,-0.180,-0.648,-3.738,-17.859,2.854,3.078,1.165,1.354,0,NULL,NULL,,3,0,2,7,255,986,250,0,0
stim,89260,119381,0,119381,3316714.454,-0.487,0.221,-0.377,0.756,0,0,0,0,0,0,0,24,60,1.382,1,2149,0,274.338,4.079,61.375,265.500,31.688,-0.809,0.500,0.102,-0.648,-4.027,-17.852,2.868,3.094,1.165,1.354,0,NULL,NULL,,3,0,2,7,255,986,250,0,0
stim,89283,119404,0,119404,3316719.455,-0.491,0.213,-0.369,0.760,0,0,0,0,0,0,0,21,60,1.382,1,2149,0,286.129,5.581,62.125,277.688,30.000,-0.570,0.359,0.180,-0.992,-5.492,-16.617,2.882,3.110,1.165,1.354,0,NULL,NULL,,3,0,2,7,255,986,250,0,0
stim,89283,119404,0,119404,3316724.454,-0.493,0.204,-0.361,0.765,0,0,0,0,0,0,0,19,60,1.382,1,2149,0,301.616,5.689,71.563,288.250,52.563,-0.527,0.320,0.223,-0.992,-5.602,-13.848,2.902,3.130,1.165,1.354,0,NULL,NULL,,3,0,2,7,255,986,250,0,0
stim,89283,119404,0,119404,3316729.455,-0.495,0.195,-0.352,0.770,0,0,0,0,0,0,0,10,60,1.382,1,2149,0,316.373,5.669,86.938,297.938,61.375,-0.645,0.367,0.363,-0.875,-5.602,-13.020,2.924,3.154,1.165,1.354,0,NULL,NULL,,3,0,2,7,255,986,250,0,0
stim,89283,119404,0,119404,3316734.454,-0.498,0.186,-0.342,0.775,0,0,0,0,0,0,0,0,60,1.382,1,2149,0,324.862,7.559,92.563,307.625,48.313,-0.664,0.414,0.547,-0.875,-7.508,-12.867,2.952,3.184,1.165,1.354,0,NULL,NULL,,3,0,2,7,255,986,250,0,0
stim,89305,119426,0,119426,3316739.455,-0.501,0.177,-0.333,0.779,0,0,0,0,0,0,0,0,60,1.382,1,2149,0,330.629,9.204,87.563,316.813,35.750,-0.539,0.355,0.676,-1.340,-9.105,-11.719,2.984,3.218,1.165,1.354,0,NULL,NULL,,3,0,2,7,255,986,250,0,0
stim,89305,119426,0,119426,3316744.453,-0.504,0.167,-0.323,0.783,0,0,0,0,0,0,0,0,60,1.382,1,2149,0,338.004,9.224,79.563,326.250,38.438,-0.441,0.309,0.730,-1.477,-9.105,-9.613,3.020,3.256,1.165,1.354,0,NULL,NULL,,3,0,2,7,255,986,250,0,0
stim,89305,119426,0,119426,3316749.455,-0.507,0.157,-0.313,0.787,0,0,0,0,0,0,0,0,60,1.382,1,2149,0,345.865,9.201,75.875,335.500,36.125,-0.488,0.328,0.738,-1.566,-9.066,-8.266,3.062,3.298,1.165,1.354,0,NULL,NULL,,3,0,2,7,255,986,250,0,0
stim,89305,119426,0,119426,3316754.453,-0.511,0.146,-0.303,0.791,0,0,0,0,0,0,0,0,60,1.382,1,2149,0,355.441,8.816,78.438,345.688,26.188,-0.406,0.211,0.773,-1.566,-8.676,-8.254,3.106,3.344,1.165,1.354,0,NULL,NULL,,3,0,2,7,255,986,250,0,0
stim,89305,119426,0,119426,3316759.455,-0.515,0.136,-0.292,0.795,0,0,0,0,0,0,0,0,60,1.382,1,2149,0,364.535,8.413,80.000,354.688,26.125,-0.375,0.191,0.832,-1.105,-8.340,-6.922,3.150,3.390,1.165,1.354,0,NULL,NULL,,3,0,2,7,255,986,250,0,0
stim,89305,119426,0,119426,3316764.454,-0.518,0.124,-0.281,0.798,0,0,0,0,0,0,0,0,60,1.382,1,2149,0,373.330,8.382,80.313,363.875,22.813,-0.332,0.188,0.914,-1.105,-8.309,-5.973,3.194,3.436,1.165,1.354,0,NULL,NULL,,3,0,2,7,255,986,250,0,0
stim,89359,119480,0,119480,3316769.455,-0.522,0.113,-0.270,0.801,0,0,0,0,0,0,0,0,60,1.382,1,2149,0,379.909,8.429,78.875,370.875,23.688,-0.355,0.238,0.945,-1.422,-8.309,-4.852,3.238,3.482,1.165,1.354,0,NULL,NULL,,3,0,2,7,255,986,250,0,0
stim,89359,119480,0,119480,3316774.454,-0.526,0.102,-0.259,0.804,0,0,0,0,0,0,0,0,60,1.382,1,2149,0,386.061,8.831,82.750,376.875,12.688,-0.375,0.238,0.953,-1.879,-8.629,-4.625,3.278,3.524,1.165,1.354,0,NULL,NULL,,3,0,2,7,255,986,250,0,0
stim,89359,119480,0,119480,3316779.455,-0.530,0.091,-0.247,0.806,0,0,0,0,0,0,0,0,60,1.382,1,2149,0,391.491,8.831,90.813,380.813,0.000,-0.355,0.191,0.977,-1.879,-8.629,-4.379,3.316,3.566,1.165,1.354,0,NULL,NULL,,3,0,2,7,255,986,250,0,0
stim,89359,119480,0,119480,3316784.454,-0.535,0.080,-0.234,0.808,0,0,0,0,0,0,0,0,60,1.382,1,2149,0,397.012,8.433,100.750,383.813,-12.500,-0.313,0.164,0.996,-1.730,-8.254,-3.684,3.354,3.604,1.165,1.354,0,NULL,NULL,,3,0,2,7,255,986,250,0,0
stim,89359,119480,0,119480,3316789.455,-0.539,0.069,-0.221,0.810,0,0,0,0,0,0,0,0,60,1.382,1,2149,0,400.659,7.885,110.563,384.813,-14.938,-0.270,0.074,1.027,-1.664,-7.707,-3.000,3.388,3.640,1.165,1.354,0,NULL,NULL,,3,0,2,7,255,986,250,0,0
stim,89359,119480,0,119480,3316794.453,-0.543,0.059,-0.208,0.811,0,0,0,0,0,0,0,0,60,1.382,1,2149,0,402.014,7.177,117.250,384.438,-8.688,-0.227,0.094,1.078,-1.715,-6.969,-2.074,3.420,3.674,1.165,1.354,0,NULL,NULL,,3,0,2,7,255,986,250,0,0
stim,89359,119480,0,119480,3316799.455,-0.547,0.048,-0.194,0.813,0,0,0,0,0,0,0,0,60,1.382,1,2149,0,402.161,6.885,123.313,382.750,-5.438,-0.234,0.188,1.090,-1.715,-6.668,-1.324,3.450,3.706,1.165,1.354,0,NULL,NULL,,3,0,2,7,255,986,250,0,0
stim,89359,119480,0,119480,3316804.454,-0.550,0.038,-0.181,0.814,0,0,0,0,0,0,0,0,60,1.382,1,2149,0,402.633,7.062,134.250,379.563,-4.750,-0.113,0.180,1.074,-2.559,-6.582,-1.289,3.478,3.736,1.165,1.354,0,NULL,NULL,,3,0,2,7,255,986,250,0,0
stim,89380,119501,0,119501,3316809.455,-0.553,0.028,-0.166,0.816,0,0,0,0,0,0,0,3,60,1.382,1,2149,0,404.278,5.918,151.500,374.813,2.000,0.000,0.094,1.117,-2.746,-5.242,-0.879,3.504,3.764,1.165,1.354,0,NULL,NULL,,3,0,2,7,255,986,250,0,0
stim,89380,119501,0,119501,3316814.453,-0.556,0.019,-0.151,0.817,0,0,0,0,0,0,0,1,60,1.382,1,2149,0,403.850,4.807,166.375,367.750,13.188,0.008,0.129,1.164,-2.992,-3.762,0.195,3.530,3.792,1.165,1.354,0,NULL,NULL,,3,0,2,7,255,986,250,0,0
stim,89380,119501,0,119501,3316819.455,-0.557,0.011,-0.136,0.819,0,0,0,0,0,0,0,3,60,1.382,1,2149,0,403.586,4.769,181.250,360.063,19.625,0.047,0.188,1.246,-3.145,-3.586,0.680,3.556,3.820,1.165,1.354,0,NULL,NULL,,3,0,2,7,255,986,250,0,0
stim,89380,119501,0,119501,3316824.454,-0.559,0.003,-0.120,0.821,0,0,0,0,0,0,0,7,60,1.382,1,2149,0,405.683,5.143,199.625,352.188,26.313,0.047,0.250,1.387,-3.918,-3.332,1.512,3.580,3.846,1.165,1.354,0,NULL,NULL,,3,0,2,7,255,986,250,0,0
stim,89380,119501,0,119501,3316829.455,-0.560,-0.004,-0.104,0.822,0,0,0,0,0,0,0,10,60,1.382,1,2149,0,407.616,5.470,214.313,344.875,35.813,0.020,0.203,1.578,-4.359,-3.305,2.801,3.606,3.874,1.165,1.354,0,NULL,NULL,,3,0,2,7,255,986,250,0,0
stim,89380,119501,0,119501,3316834.454,-0.560,-0.011,-0.088,0.824,0,0,0,0,0,0,0,5,60,1.382,1,2149,0,406.782,5.606,220.563,339.000,43.625,-0.059,0.230,1.777,-4.508,-3.332,4.855,3.634,3.902,1.165,1.354,0,NULL,NULL,,3,0,2,7,255,986,250,0,0
stim,89403,119524,0,119524,3316839.455,-0.560,-0.018,-0.072,0.825,0,0,0,0,0,0,0,9,60,1.382,1,2149,0,402.379,5.825,220.688,333.438,45.000,-0.129,0.234,1.941,-4.363,-3.859,6.770,3.660,3.930,1.165,1.354,0,NULL,NULL,,3,0,2,7,255,986,250,0,0
stim,89403,119524,0,119524,3316844.453,-0.560,-0.025,-0.056,0.826,0,0,0,0,0,0,0,3,60,1.382,1,2149,0,394.980,6.118,216.063,328.063,41.250,-0.188,0.270,2.137,-4.508,-4.137,8.469,3.688,3.960,1.165,1.354,0,NULL,NULL,,3,0,2,7,255,986,250,0,0
stim,89403,119524,0,119524,3316849.455,-0.560,-0.032,-0.041,0.827,0,0,0,0,0,0,0,0,60,1.382,1,2149,0,383.716,6.205,203.938,323.063,35.750,-0.203,0.285,2.281,-4.625,-4.137,10.473,3.712,3.986,1.165,1.354,0,NULL,NULL,,3,0,2,7,255,986,250,0,0
stim,89403,119524,0,119524,3316854.454,-0.560,-0.038,-0.026,0.827,0,0,0,0,0,0,0,0,60,1.382,1,2149,0,371.464,6.041,187.688,319.313,28.250,-0.184,0.195,2.371,-4.625,-3.887,12.008,3.734,4.010,1.165,1.354,0,NULL,NULL,,3,0,2,7,255,986,250,0,0
stim,89432,119553,0,119553,3316859.455,-0.560,-0.046,-0.012,0.827,0,0,0,0,0,0,0,0,60,1.382,1,2149,0,360.862,4.835,170.000,317.563,21.813,-0.152,0.020,2.355,-4.012,-2.699,13.086,3.752,4.028,1.165,1.354,0,NULL,NULL,,3,0,2,7,255,986,250,0,0
stim,89432,119553,0,119553,3316864.453,-0.560,-0.053,0.002,0.826,0,0,0,0,0,0,0,0,60,1.382,1,2149,0,355.415,2.630,158.500,317.688,16.500,-0.129,-0.105,2.246,-2.426,-1.016,13.086,3.764,4.042,1.165,1.354,0,NULL,NULL,,3,0,2,7,255,986,250,0,0
stim,89432,119553,0,119553,3316869.455,-0.561,-0.061,0.015,0.826,0,0,0,0,0,0,0,0,60,1.382,1,2149,0,357.412,1.243,162.000,318.500,7.563,-0.102,-0.195,2.105,-1.207,0.297,12.230,3.772,4.052,1.165,1.354,0,NULL,NULL,,3,0,2,7,255,986,250,0,0
stim,89432,119553,0,119553,3316874.454,-0.561,-0.068,0.030,0.824,0,0,0,0,0,0,0,0,60,1.382,1,2149,0,366.073,1.470,181.750,317.750,-3.313,-0.051,-0.301,2.055,-0.266,1.445,10.902,3.772,4.054,1.165,1.354,0,NULL,NULL,,3,0,2,7,255,986,250,0,0
stim,89465,119586,0,119586,3316879.455,-0.563,-0.074,0.044,0.822,0,0,0,0,0,0,0,0,60,1.382,1,2149,0,377.956,2.944,207.375,315.625,-15.063,0.063,-0.426,2.090,0.668,2.867,10.414,3.768,4.052,1.165,1.354,0,NULL,NULL,,3,0,2,7,255,986,250,0,0
stim,89465,119586,0,119586,3316884.454,-0.564,-0.079,0.060,0.820,0,0,0,0,0,0,0,0,60,1.382,1,2149,0,389.585,5.233,232.250,311.813,-24.688,0.242,-0.492,2.164,1.520,5.008,10.414,3.754,4.042,1.165,1.354,0,NULL,NULL,,3,0,2,7,255,986,250,0,0
stim,89465,119586,0,119586,3316889.455,-0.565,-0.084,0.077,0.817,0,0,0,0,0,0,0,0,60,1.382,1,2149,0,401.578,7.775,257.563,306.500,-31.375,0.457,-0.477,2.270,1.520,7.625,10.613,3.732,4.022,1.165,1.354,0,NULL,NULL,,3,0,2,7,255,986,250,0,0
stim,89465,119586,1,119586,3316894.453,-0.567,-0.088,0.094,0.814,0,0,0,0,0,0,0,0,60,1.382,1,2149,0,414.336,10.386,282.875,300.563,-36.313,0.672,-0.453,2.410,0.938,10.344,10.871,3.698,3.990,1.165,1.354,0,NULL,NULL,,3,1,2,7,255,986,250,0,0
stim,89465,119586,1,119586,3316899.455,-0.568,-0.091,0.112,0.810,0,0,0,0,0,0,0,0,60,1.382,1,2149,0,425.261,13.199,305.250,293.625,-38.125,0.840,-0.480,2.594,0.316,13.195,11.320,3.650,3.946,1.165,1.354,0,NULL,NULL,,3,1,2,7,255,986,250,0,0
stim,89465,119586,1,119586,3316904.454,-0.570,-0.093,0.130,0.806,0,0,0,0,0,0,0,0,60,1.382,1,2149,0,429.569,15.932,320.688,282.875,-40.875,0.984,-0.430,2.824,0.254,15.930,12.105,3.590,3.888,1.165,1.354,0,NULL,NULL,,3,1,2,7,255,986,250,0,0
stim,89465,119586,1,119586,3316909.455,-0.572,-0.095,0.148,0.801,0,0,0,0,0,0,0,0,60,1.382,1,2149,0,423.674,18.427,320.813,272.000,-50.938,1.176,-0.285,3.051,-0.195,18.426,13.336,3.516,3.816,1.165,1.354,0,NULL,NULL,,3,1,2,7,255,986,250,0,0
stim,89465,119586,1,119586,3316914.453,-0.574,-0.097,0.165,0.796,0,0,0,0,0,0,0,0,60,1.382,1,2149,0,408.719,21.174,304.625,264.875,-64.000,1.398,-0.152,3.188,-1.602,21.113,14.367,3.430,3.730,1.165,1.354,0,NULL,NULL,,3,1,2,7,255,986,250,0,0
stim,89465,119586,1,119586,3316919.455,-0.576,-0.099,0.181,0.791,0,0,0,0,0,0,0,0,60,1.382,1,2149,0,390.580,24.065,285.063,257.063,-72.188,1.582,-0.047,3.348,-2.957,23.883,14.395,3.330,3.634,1.165,1.354,0,NULL,NULL,,3,1,2,7,255,986,250,0,0
stim,89465,119586,1,119586,3316924.454,-0.578,-0.102,0.195,0.786,0,0,0,0,0,0,0,0,60,1.382,1,2149,0,366.564,26.802,254.688,250.125,-83.313,1.824,0.105,3.520,-3.879,26.520,14.633,3.218,3.522,1.165,1.354,0,NULL,NULL,,3,1,2,7,255,986,250,0,0
stim,89494,119615,1,119615,3316929.455,-0.581,-0.106,0.208,0.780,0,0,0,0,0,0,0,22,60,1.382,1,2149,0,332.271,30.094,201.563,245.000,-98.750,2.191,0.145,3.527,-5.402,29.605,14.633,3.096,3.400,1.165,1.354,0,NULL,NULL,,3,1,2,7,255,986,250,0,0
stim,89494,119615,1,119615,3316934.453,-0.583,-0.112,0.218,0.775,0,0,0,0,0,0,0,46,60,1.382,1,2149,0,293.877,33.926,135.563,241.063,-99.375,2.594,0.031,3.262,-6.281,33.340,12.684,2.962,3.266,1.165,1.354,0,NULL,NULL,,3,1,2,7,255,986,250,0,0
stim,89494,119615,1,119615,3316939.455,-0.584,-0.119,0.226,0.771,0,0,0,0,0,0,0,47,60,1.382,1,2149,0,263.036,36.863,81.875,235.875,-82.750,2.898,-0.148,2.773,-6.281,36.324,7.684,2.816,3.120,1.165,1.354,0,NULL,NULL,,3,1,2,7,255,986,250,0,0
stim,89494,119615,1,119615,3316944.453,-0.584,-0.126,0.233,0.767,0,0,0,0,0,0,0,61,60,1.382,1,2149,0,244.400,37.553,53.750,229.063,-66.125,3.113,-0.328,2.234,-5.574,37.137,1.027,2.662,2.962,1.165,1.354,0,NULL,NULL,,3,1,2,7,255,986,250,0,0
stim,89516,119637,1,119637,3316949.455,-0.584,-0.132,0.240,0.764,0,0,0,0,0,0,0,87,60,1.382,1,2149,0,228.573,37.424,47.063,217.813,-50.875,3.270,-0.563,1.723,-4.625,37.137,-5.684,2.502,2.798,1.165,1.354,0,NULL,NULL,,3,1,2,7,255,986,250,0,0
stim,89516,119637,1,119637,3316954.454,-0.584,-0.138,0.247,0.761,0,0,0,0,0,0,0,111,60,1.382,1,2149,0,214.072,36.536,64.750,202.000,-28.813,3.473,-0.738,1.301,-3.027,36.410,-11.863,2.336,2.630,1.165,1.354,0,NULL,NULL,,3,1,2,7,255,986,250,0,0
stim,89516,119637,1,119637,3316959.455,-0.583,-0.142,0.254,0.759,0,0,0,0,0,0,0,153,60,1.382,1,2149,0,202.007,36.470,87.188,181.750,-13.125,3.730,-0.965,0.957,-2.094,36.410,-17.348,2.168,2.456,1.165,1.354,0,NULL,NULL,,3,1,2,7,255,986,250,0,0
stim,89516,119637,1,119637,3316964.453,-0.582,-0.144,0.262,0.757,0,0,0,0,0,0,0,169,60,1.382,1,2149,0,189.502,36.732,107.125,156.063,8.938,3.941,-1.438,0.668,-0.820,36.723,-22.547,1.996,2.278,1.165,1.354,0,NULL,NULL,,3,1,2,7,255,986,250,0,0
stim,89516,119637,1,119637,3316969.455,-0.580,-0.144,0.271,0.755,0,0,0,0,0,0,0,167,60,1.382,1,2149,0,206.138,37.513,154.063,134.000,28.313,4.055,-1.840,0.395,2.883,37.402,-27.480,1.820,2.096,1.165,1.354,0,NULL,NULL,,3,1,2,7,255,986,250,0,0
stim,89516,119637,1,119637,3316974.454,-0.579,-0.141,0.282,0.752,0,0,0,0,0,0,0,167,60,1.382,1,2149,0,265.292,38.060,236.625,104.438,59.000,4.012,-2.215,0.449,6.086,37.570,-31.691,1.640,1.908,1.165,1.354,0,NULL,NULL,,3,1,2,7,255,986,250,0,0
stim,89564,119685,1,119685,3316979.455,-0.577,-0.134,0.295,0.750,0,0,0,0,0,0,0,166,60,1.382,1,2149,0,342.217,38.925,324.688,72.250,80.438,3.754,-2.152,0.988,9.555,37.734,-31.691,1.454,1.718,1.165,1.354,0,NULL,NULL,,3,1,2,7,255,986,250,0,0
stim,89564,119685,1,119685,3316984.453,-0.576,-0.125,0.308,0.746,0,0,0,0,0,0,0,167,60,1.382,1,2149,0,377.952,39.535,369.625,37.813,69.250,3.273,-1.582,2.016,9.555,38.363,-27.555,1.266,1.522,1.165,1.354,0,NULL,NULL,,3,1,2,7,255,986,250,0,0
stim,89564,119685,1,119685,3316989.455,-0.577,-0.117,0.318,0.743,0,0,0,0,0,0,0,171,60,1.382,1,2149,0,320.963,40.322,317.313,-6.188,47.875,2.949,-1.332,3.051,8.156,39.488,-16.180,1.074,1.320,1.165,1.354,0,NULL,NULL,,3,1,2,7,255,986,250,0,0
stim,89564,119685,1,119685,3316994.454,-0.578,-0.110,0.324,0.741,0,0,0,0,0,0,0,168,60,1.382,1,2149,0,208.701,42.724,205.125,-38.188,-4.625,2.566,-0.523,3.656,7.512,42.059,-6.266,0.866,1.096,1.165,1.354,0,NULL,NULL,,3,1,2,7,255,986,250,0,0
stim,89564,119685,1,119685,3316999.455,-0.580,-0.106,0.325,0.739,9,0,0,181,0,0,0,329,60,1.382,1,2149,0,118.817,43.391,96.250,-69.563,-3.813,2.703,-1.148,3.477,8.156,42.617,-1.293,0.650,0.844,1.165,1.354,0,NULL,NULL,,3,1,2,7,255,986,250,0,0
stim,89564,119685,1,119685,3317004.453,-0.577,-0.083,0.334,0.741,703,0,0,1031,0,69,0,410,60,1.382,1,2149,0,561.899,43.716,428.438,-259.250,254.875,1.664,-0.316,6.996,8.844,42.813,2.773,0.484,0.590,1.165,1.354,0,NULL,NULL,,3,1,2,7,255,986,250,0,0
stim,89564,119685,1,119685,3317009.455,-0.573,-0.070,0.330,0.747,1392,0,0,1605,0,356,0,533,60,1.382,1,2149,0,345.134,54.396,60.438,-257.688,221.500,0.840,0.988,8.660,9.195,53.613,33.906,0.440,0.394,1.165,1.354,0,NULL,NULL,,3,1,2,7,255,986,250,0,0
stim,89564,119685,1,119685,3317014.453,-0.561,-0.087,0.290,0.771,1973,0,0,1902,0,589,0,584,60,1.382,1,2149,0,1173.684,54.396,-1113.500,-182.438,323.063,0.250,2.855,2.770,9.195,53.613,33.906,0.494,0.302,1.165,1.354,0,NULL,NULL,,3,1,2,7,255,986,250,0,0
stim,89584,119705,1,119705,3317019.455,-0.547,-0.102,0.249,0.793,2293,0,0,2103,0,921,0,677,60,1.382,1,2150,0,1170.196,24.654,-1092.500,-238.188,345.063,-0.543,4.383,-1.914,-22.336,10.438,20.574,0.550,0.296,1.165,1.354,1,1018.000,32.000,,3,1,2,7,255,986,250,0,0
stim,89584,119705,1,119705,3317024.454,-0.536,-0.105,0.230,0.805,2513,0,0,2249,0,1176,0,783,60,1.382,1,2150,0,591.429,34.559,-497.250,-159.438,277.688,-1.840,2.066,-2.773,-22.336,-26.371,-12.680,0.570,0.316,1.165,1.354,1,NULL,NULL,,3,1,2,7,255,986,250,0,0
stim,89584,119705,1,119705,3317029.455,-0.533,-0.100,0.223,0.810,2663,0,0,2419,0,1379,0,867,60,1.382,1,2150,0,225.379,29.249,-90.688,-174.875,109.500,-1.824,-0.703,-0.227,-12.652,-26.371,-12.680,0.578,0.344,1.165,1.354,1,NULL,NULL,,3,1,2,7,255,986,250,0,0
stim,89584,119705,1,119705,3317034.454,-0.534,-0.094,0.222,0.810,2835,0,0,2655,0,1515,0,967,60,1.382,1,2150,0,155.307,17.377,68.813,-135.750,30.938,-0.211,1.430,1.527,-11.141,-13.336,-6.164,0.596,0.384,1.165,1.354,2,NULL,NULL,,3,1,2,7,255,986,250,0,0
stim,89628,119749,1,119749,3317039.455,-0.528,-0.086,0.221,0.815,2939,0,0,2807,0,1567,0,1093,60,1.382,1,2150,0,243.675,11.655,33.375,-136.063,199.375,-0.207,2.688,1.789,-11.141,-3.426,7.594,0.616,0.426,1.165,1.354,2,NULL,NULL,,3,1,2,7,255,986,250,0,0
stim,89628,119749,1,119749,3317044.454,-0.517,-0.081,0.210,0.826,3003,0,0,2921,0,1631,0,1241,60,1.382,1,2150,0,454.398,11.655,-210.500,-210.688,343.188,-1.723,0.164,2.191,-11.141,-3.426,13.000,0.624,0.460,1.165,1.354,2,NULL,NULL,,3,1,2,7,255,986,250,0,0
stim,89628,119749,1,119749,3317049.455,-0.513,-0.081,0.193,0.833,3036,0,0,2999,0,1694,0,1381,60,1.382,1,2150,0,446.419,9.179,-386.063,-193.625,112.938,-2.684,-1.004,0.758,7.340,-5.512,13.000,0.618,0.482,1.165,1.354,2,NULL,NULL,,3,1,2,7,255,986,250,0,0
stim,89628,119749,1,119749,3317054.453,-0.517,-0.081,0.178,0.833,3081,0,0,3055,0,1769,0,1496,60,1.382,1,2150,0,359.959,15.414,-274.688,-204.813,-110.313,-1.461,-0.441,-0.387,10.148,-11.602,3.727,0.600,0.486,1.165,1.354,2,NULL,NULL,,3,1,2,7,255,986,250,0,0
stim,89628,119749,1,119749,3317059.455,-0.527,-0.077,0.170,0.829,3102,0,0,3108,0,1868,0,1609,60,1.382,1,2150,0,317.714,15.414,-74.875,-188.563,-244.500,0.129,-0.469,0.734,10.148,-11.602,-4.254,0.574,0.470,1.165,1.354,2,NULL,NULL,,3,1,2,7,255,986,250,0,0
stim,89628,119749,1,119749,3317064.454,-0.536,-0.074,0.164,0.825,3119,0,0,3144,0,1940,0,1660,60,1.382,1,2150,0,267.303,6.476,-36.875,-153.438,-215.750,1.355,-0.988,1.672,3.652,5.348,-4.254,0.544,0.428,1.165,1.354,2,NULL,NULL,,3,1,2,7,255,986,250,0,0
stim,89663,119784,1,119784,3317069.455,-0.538,-0.072,0.157,0.825,3129,0,0,3173,0,2018,0,1699,60,1.382,1,2150,0,178.113,20.942,-102.438,-130.125,-65.563,2.000,-1.898,2.121,3.652,20.621,0.066,0.516,0.366,1.165,1.354,2,NULL,NULL,,3,1,2,7,255,986,250,0,0
stim,89663,119784,1,119784,3317074.454,-0.534,-0.072,0.147,0.830,3139,0,0,3195,0,2075,38,1707,60,1.382,1,2150,0,273.676,28.738,-206.625,-120.688,132.813,1.523,-2.406,1.637,9.313,27.188,0.066,0.496,0.292,1.165,1.354,2,NULL,NULL,,3,1,2,7,255,986,250,0,0
stim,89663,119784,1,119784,3317079.455,-0.523,-0.071,0.138,0.838,3141,0,0,3207,0,2149,69,1725,60,1.382,1,2150,0,376.203,29.090,-215.375,-114.438,286.438,0.195,-1.285,0.445,10.348,27.188,-1.941,0.482,0.226,1.165,1.354,2,NULL,NULL,,3,1,2,7,255,986,250,0,0
stim,89663,119784,1,119784,3317084.453,-0.514,-0.068,0.131,0.845,3143,0,0,3213,21,2239,89,1829,60,1.382,1,2150,0,310.390,13.212,-125.813,-123.938,255.250,-1.418,0.082,0.457,10.348,8.215,-1.941,0.474,0.182,1.165,1.354,2,NULL,NULL,,3,1,2,7,255,986,250,0,0
stim,89663,119784,1,119784,3317089.455,-0.513,-0.065,0.124,0.847,3145,0,0,3221,358,2317,204,1992,60,1.382,1,2150,0,178.243,12.332,-108.813,-137.938,30.063,-1.809,0.652,0.898,5.582,-10.996,-1.918,0.464,0.164,1.165,1.354,2,NULL,NULL,,3,1,2,7,255,986,250,0,0
stim,89663,119784,1,119784,3317094.454,-0.517,-0.062,0.120,0.845,3143,0,0,3222,593,2382,251,2139,60,1.382,1,2150,0,153.884,11.255,-30.563,-121.438,-89.438,-0.047,0.344,1.078,2.398,-10.996,0.902,0.462,0.160,1.165,1.354,2,NULL,NULL,,3,1,2,7,255,986,250,0,0
stim,89663,119784,1,119784,3317099.455,-0.521,-0.060,0.118,0.843,3141,0,0,3224,911,2423,214,2235,60,1.382,1,2150,0,133.940,1.888,-1.438,-69.688,-114.375,0.547,-0.098,1.949,-1.746,0.719,3.648,0.472,0.152,1.165,1.354,2,NULL,NULL,,3,1,2,7,255,986,250,0,0
stim,89663,119784,1,119784,3317104.453,-0.524,-0.059,0.115,0.842,3132,0,0,3227,1115,2452,231,2299,60,1.382,1,2150,0,104.686,10.205,-30.375,-59.125,-80.875,0.988,0.496,1.469,-2.961,9.766,2.500,0.494,0.140,1.165,1.354,2,NULL,NULL,,3,1,2,7,255,986,250,0,0
stim,89682,119803,1,119803,3317109.455,-0.526,-0.058,0.113,0.841,3133,27,0,3225,1245,2473,263,2354,60,1.382,1,2150,0,63.538,11.174,-41.125,-35.625,-32.813,0.598,0.301,1.641,-5.430,9.766,4.813,0.516,0.126,1.165,1.354,2,NULL,NULL,,3,1,2,7,255,986,250,0,0
stim,89682,119803,1,119803,3317114.454,-0.526,-0.061,0.107,0.842,3129,39,0,3224,1351,2492,273,2401,60,1.382,1,2150,0,149.151,9.364,-146.875,-19.938,-16.625,-0.148,-0.762,1.430,-5.430,7.629,3.504,0.532,0.108,1.165,1.354,2,NULL,NULL,,3,1,2,7,255,986,250,0,0
stim,89682,119803,1,119803,3317119.455,-0.526,-0.064,0.101,0.842,3131,53,0,3224,1439,2507,280,2429,60,1.382,1,2150,0,151.972,8.693,-150.250,-20.188,-10.625,-0.047,-1.012,0.203,7.004,5.148,3.504,0.538,0.090,1.165,1.354,2,NULL,NULL,,3,1,2,7,255,986,250,0,0
stim,89682,119803,1,119803,3317124.454,-0.527,-0.064,0.100,0.842,3132,95,0,3228,1522,2515,293,2456,60,1.382,1,2150,0,39.193,8.213,-21.188,-20.438,-25.875,-0.234,-0.652,0.285,7.004,4.289,-7.063,0.540,0.074,1.165,1.354,2,NULL,NULL,,3,1,2,7,255,986,250,0,0
stim,89682,119803,1,119803,3317129.455,-0.529,-0.061,0.101,0.840,3130,118,0,3219,1591,2523,311,2474,60,1.382,1,2150,0,79.535,6.694,57.375,-23.375,-49.875,-0.082,-0.008,0.949,6.563,1.320,-7.063,0.546,0.058,1.165,1.354,2,NULL,NULL,,3,1,2,7,255,986,250,0,0
stim,89682,119803,1,119803,3317134.453,-0.531,-0.060,0.102,0.839,3130,119,0,3218,1639,2527,275,2487,60,1.382,1,2150,0,56.697,1.324,32.688,-19.000,-42.250,0.086,0.180,1.391,0.094,1.320,-0.563,0.554,0.044,1.165,1.354,2,NULL,NULL,,3,1,2,7,255,986,250,0,0
stim,89703,119824,1,119824,3317139.455,-0.531,-0.060,0.100,0.839,3129,125,0,3209,1677,2535,270,2493,60,1.382,1,2150,0,35.177,2.886,-29.813,-11.688,-14.563,0.023,0.051,1.301,-0.945,2.727,2.613,0.560,0.032,1.165,1.354,2,NULL,NULL,,3,1,2,7,255,986,250,0,0
stim,89703,119824,0,119824,3317144.454,-0.531,-0.061,0.098,0.839,3123,121,0,3205,1709,2537,267,2504,60,1.382,1,2150,0,51.108,2.886,-49.688,-6.938,-9.750,-0.168,-0.016,0.988,-0.945,2.727,2.613,0.566,0.024,1.165,1.354,2,NULL,NULL,,3,0,2,7,255,989,250,0,0
stim,89703,119824,0,119824,3317149.455,-0.532,-0.062,0.097,0.839,3124,119,0,3199,1742,2539,237,2510,60,1.382,1,2150,0,38.809,0.831,-25.313,-5.938,-28.813,-0.227,-0.016,0.828,0.488,0.672,-0.020,0.570,0.018,1.165,1.354,2,NULL,NULL,,3,0,2,7,255,989,250,0,0
stim,89703,119824,0,119824,3317154.453,-0.534,-0.061,0.096,0.838,3125,116,0,3192,1765,2541,213,2514,60,1.382,1,2150,0,43.870,0.831,1.938,-7.813,-43.125,-0.141,-0.016,0.895,0.488,0.672,-0.996,0.574,0.012,1.165,1.354,2,NULL,NULL,,3,0,2,7,255,989,250,0,0
stim,89753,119874,0,119874,3317159.455,-0.536,-0.061,0.096,0.837,3123,105,0,3127,1775,2541,183,2531,60,1.382,1,2150,0,40.538,0.769,8.250,-7.688,-38.938,-0.039,-0.004,1.023,0.367,0.676,-0.996,0.578,0.008,1.165,1.354,2,NULL,NULL,,3,0,2,7,255,989,250,0,0
stim,89753,119874,0,119874,3317164.454,-0.537,-0.061,0.096,0.836,3119,106,7,3183,1785,2548,173,2519,60,1.382,1,2150,0,28.155,1.760,1.063,-5.000,-27.688,-0.008,0.074,1.051,-0.188,1.750,0.078,0.584,0.004,1.165,1.354,2,NULL,NULL,,3,0,2,7,255,989,250,0,0
stim,89753,119874,0,119874,3317169.455,-0.537,-0.060,0.095,0.836,3119,101,20,3180,1801,2541,159,2518,60,1.382,1,2150,0,22.216,2.021,-3.313,-3.500,-21.688,-0.004,0.090,1.035,-1.012,1.750,0.160,0.590,0.000,1.165,1.354,2,NULL,NULL,,3,0,2,7,255,989,250,0,0
stim,89753,119874,0,119874,3317174.454,-0.538,-0.060,0.095,0.835,3115,95,30,3175,1804,2541,136,2517,60,1.382,1,2150,0,18.149,2.025,0.250,-1.750,-18.063,0.004,0.047,1.004,-1.012,1.754,0.160,0.000,0.000,1.165,1.354,2,NULL,NULL,,3,0,2,7,255,989,250,0,0
stim,89753,119874,0,119874,3317179.455,-0.539,-0.060,0.095,0.835,3113,86,44,3167,1805,2539,105,2516,60,1.382,1,2150,0,14.259,1.936,8.500,-0.500,-11.438,-0.012,0.070,0.992,-0.914,1.707,-0.156,0.000,0.000,1.165,1.354,2,NULL,NULL,,3,0,2,7,255,989,250,0,0
stim,89753,119874,0,119874,3317184.453,-0.539,-0.059,0.096,0.835,3111,75,47,3163,1807,2540,83,2511,60,1.421,1,2150,1,16.586,1.847,15.625,0.063,-5.563,-0.070,0.168,1.031,-0.914,1.605,-0.156,0.000,0.000,1.157,1.406,2,NULL,NULL,,3,0,2,7,255,989,250,0,0
stim,89754,119875,0,119875,3317189.455,-0.539,-0.059,0.097,0.835,3108,77,52,3157,1815,2536,55,2507,60,1.421,1,2150,1,15.887,1.751,15.125,0.688,-4.813,-0.125,0.254,1.094,-1.551,0.813,0.305,0.006,0.004,1.157,1.406,2,NULL,NULL,,3,0,2,7,255,989,250,0,0
stim,89754,119875,0,119875,3317194.454,-0.539,-0.058,0.097,0.835,3101,73,53,3153,1822,2535,39,2506,60,1.421,1,2150,1,10.064,2.096,7.938,0.000,-6.188,-0.133,0.297,1.105,-2.094,0.105,1.063,0.012,0.006,1.157,1.406,2,NULL,NULL,,3,0,2,7,255,989,250,0,0
stim,89754,119875,0,119875,3317199.455,-0.539,-0.058,0.097,0.834,3097,73,55,3143,1828,2532,17,2506,60,1.421,1,2150,1,5.125,2.095,2.000,-0.938,-4.625,-0.137,0.262,1.055,-2.094,-0.082,1.063,0.018,0.008,1.157,1.406,2,NULL,NULL,,3,0,2,7,255,989,250,0,0
stim,89754,119875,0,119875,3317204.453,-0.539,-0.058,0.097,0.834,3089,69,94,3131,1835,2531,12,2505,60,1.421,1,2150,1,3.484,2.088,0.813,-1.688,-2.938,-0.160,0.188,1.035,-2.086,-0.082,0.750,0.024,0.010,1.157,1.406,2,NULL,NULL,,3,0,2,7,255,989,250,0,0
stim,89781,119902,0,119902,3317209.458,-0.539,-0.058,0.097,0.834,3080,64,109,3123,1841,2531,0,2507,60,1.421,1,2150,1,4.139,1.381,-0.250,-3.938,-1.250,-0.172,0.199,1.051,-1.379,-0.082,0.707,0.028,0.010,1.157,1.406,2,NULL,NULL,,3,0,2,7,255,989,250,0,0
stim,89781,119902,0,119902,3317214.454,-0.539,-0.057,0.097,0.834,3077,77,111,3111,1848,2527,0,2514,60,1.421,1,2150,1,7.007,1.376,-2.188,-6.500,1.438,-0.176,0.199,1.023,-1.367,-0.156,0.563,0.032,0.012,1.157,1.406,2,NULL,NULL,,3,0,2,7,255,989,250,0,0
stim,89781,119902,0,119902,3317219.455,-0.539,-0.057,0.097,0.834,3053,61,119,3099,1870,2531,0,2517,60,1.421,1,2150,1,7.385,1.376,-2.125,-7.063,-0.375,-0.176,0.137,0.996,-1.367,-0.156,0.461,0.036,0.014,1.157,1.406,2,NULL,NULL,,3,0,2,7,255,989,250,0,0
stim,89781,119902,0,119902,3317224.454,-0.539,-0.057,0.097,0.835,3039,62,121,3083,1893,2531,0,2523,60,1.421,1,2150,1,11.147,0.786,-2.438,-10.188,3.813,-0.160,0.121,0.980,-0.781,-0.082,0.168,0.038,0.016,1.157,1.406,2,NULL,NULL,,3,0,2,7,255,989,250,0,0
stim,89781,119902,0,119902,3317229.455,-0.539,-0.056,0.096,0.835,3025,61,124,3065,1928,2533,0,2533,60,1.421,1,2150,1,16.413,0.716,-1.688,-13.188,9.625,-0.227,0.059,0.938,-0.711,-0.082,-0.020,0.042,0.018,1.157,1.406,2,NULL,NULL,,3,0,2,7,255,989,250,0,0
stim,89781,119902,0,119902,3317234.453,-0.539,-0.056,0.096,0.835,3003,62,138,3061,1955,2537,0,2551,60,1.421,1,2150,1,16.040,0.369,2.813,-15.688,1.813,-0.266,0.066,0.945,0.113,-0.352,-0.211,0.048,0.022,1.157,1.406,2,NULL,NULL,,3,0,2,7,255,989,250,0,0
stim,89801,119922,0,119922,3317239.455,-0.539,-0.055,0.096,0.835,2987,71,191,3027,2007,2539,0,2569,60,1.421,1,2150,1,21.426,0.608,6.625,-20.375,-0.250,-0.223,0.141,0.965,0.113,-0.598,-0.211,0.052,0.024,1.157,1.406,2,NULL,NULL,,3,0,2,7,255,989,250,0,0
stim,89801,119922,0,119922,3317244.454,-0.539,-0.054,0.096,0.835,2971,69,234,3001,2031,2553,0,2587,60,1.421,1,2150,1,23.935,0.779,9.188,-21.938,-2.688,-0.223,0.133,0.973,-0.500,-0.598,-0.031,0.054,0.024,1.157,1.406,2,NULL,NULL,,3,0,2,7,255,989,250,0,0
stim,89801,119922,0,119922,3317249.455,-0.539,-0.053,0.095,0.835,2931,71,283,2951,2075,2553,2,2616,60,1.421,1,2150,1,25.479,0.810,6.125,-24.375,-4.188,-0.238,0.145,1.012,-0.547,-0.598,0.035,0.056,0.022,1.157,1.406,2,NULL,NULL,,3,0,2,7,255,989,250,0,0
stim,89801,119922,0,119922,3317254.453,-0.540,-0.052,0.095,0.835,2913,71,327,2944,2116,2567,11,2635,60,1.421,1,2150,1,28.123,0.882,1.438,-26.563,-9.125,-0.262,0.164,1.008,-0.547,-0.691,0.461,0.058,0.020,1.157,1.406,2,NULL,NULL,,3,0,2,7,255,989,250,0,0
stim,89831,119952,0,119952,3317259.455,-0.541,-0.051,0.095,0.834,2871,77,397,2919,2187,2575,25,2655,60,1.421,1,2150,1,34.809,1.006,3.063,-28.500,-19.750,-0.219,0.191,0.984,-0.613,-0.797,0.461,0.060,0.018,1.157,1.406,2,NULL,NULL,,3,0,2,7,255,989,250,0,0
stim,89831,119952,0,119952,3317264.454,-0.542,-0.050,0.094,0.834,2835,79,473,2892,2258,2581,43,2677,60,1.421,1,2150,1,37.881,1.050,3.250,-27.938,-25.375,-0.160,0.129,0.988,-0.684,-0.797,0.180,0.060,0.016,1.157,1.406,2,NULL,NULL,,3,0,2,7,255,989,250,0,0
stim,89831,119952,0,119952,3317269.455,-0.543,-0.048,0.093,0.833,2813,103,595,2859,2311,2589,79,2707,60,1.421,1,2150,1,37.283,0.685,1.750,-29.438,-22.813,-0.098,0.098,1.004,-0.684,-0.047,0.063,0.062,0.012,1.157,1.406,2,NULL,NULL,,3,0,2,7,255,989,250,0,0
stim,89831,119952,0,119952,3317274.454,-0.543,-0.047,0.093,0.833,2759,108,704,2814,2361,2585,169,2720,60,1.421,1,2150,1,35.496,0.879,4.813,-30.250,-17.938,-0.117,0.043,0.969,-0.641,0.602,0.047,0.062,0.010,1.157,1.406,2,NULL,NULL,,3,0,2,7,255,989,250,0,0
stim,89862,119983,0,119983,3317279.455,-0.544,-0.046,0.092,0.833,2703,109,783,2749,2421,2587,231,2749,60,1.421,1,2150,1,35.448,0.797,6.688,-29.250,-18.875,-0.094,0.086,0.949,-0.523,0.602,-0.262,0.062,0.010,1.157,1.406,2,NULL,NULL,,3,0,2,7,255,989,250,0,0
stim,89862,119983,0,119983,3317284.453,-0.545,-0.044,0.092,0.832,2647,125,861,2751,2469,2600,292,2771,60,1.421,1,2150,1,35.462,0.777,12.688,-30.375,-13.188,-0.121,0.125,0.988,-0.523,0.574,-0.262,0.064,0.012,1.157,1.406,2,NULL,NULL,,3,0,2,7,255,989,250,0,0
stim,89862,119983,0,119983,3317289.455,-0.546,-0.043,0.091,0.832,2585,135,1011,2705,2518,2597,364,2787,60,1.421,1,2150,1,41.260,0.566,7.813,-29.750,-27.500,-0.227,0.145,1.098,-0.523,0.215,0.008,0.064,0.014,1.157,1.406,2,NULL,NULL,,3,0,2,7,255,989,250,0,0
stim,89862,119983,0,119983,3317294.454,-0.547,-0.042,0.090,0.831,2519,151,1119,2666,2551,2600,469,2823,60,1.421,1,2150,1,49.498,0.774,-7.688,-28.563,-39.688,-0.121,0.191,1.047,-0.773,0.039,0.613,0.066,0.018,1.157,1.406,2,NULL,NULL,,3,0,2,7,255,989,250,0,0
stim,89862,119983,0,119983,3317299.455,-0.549,-0.041,0.089,0.830,2431,165,1227,2607,2595,2613,544,2812,60,1.421,1,2150,1,48.253,0.841,-5.500,-28.563,-38.500,-0.070,0.113,0.992,-0.840,0.039,0.613,0.066,0.022,1.157,1.406,2,NULL,NULL,,3,0,2,7,255,989,250,0,0
stim,89862,119983,0,119983,3317304.453,-0.550,-0.041,0.088,0.829,2351,167,1331,2552,2621,2611,672,2836,60,1.421,1,2150,1,50.201,0.862,-18.563,-28.563,-36.875,-0.152,0.078,1.078,-0.840,0.195,0.613,0.070,0.026,1.157,1.406,2,NULL,NULL,,3,0,2,7,255,989,250,0,0
stim,89862,119983,0,119983,3317309.455,-0.552,-0.040,0.086,0.829,2259,172,1445,2477,2663,2614,879,2861,60,1.421,1,2150,1,51.279,0.387,-19.625,-28.375,-37.938,-0.117,0.063,0.953,-0.211,0.324,-0.051,0.072,0.030,1.157,1.406,2,NULL,NULL,,3,0,2,7,255,989,250,0,0
stim,89862,119983,0,119983,3317314.454,-0.553,-0.040,0.085,0.828,2147,172,1583,2415,2706,2621,1047,2869,60,1.421,1,2150,1,54.104,0.346,-19.875,-29.000,-41.125,-0.129,0.051,0.984,-0.207,0.277,-0.066,0.074,0.036,1.157,1.406,2,NULL,NULL,,3,0,2,7,255,989,250,0,0
stim,89892,120013,0,120013,3317319.455,-0.555,-0.039,0.083,0.827,2038,173,1709,2339,2720,2617,1208,2891,60,1.421,1,2150,1,52.685,0.331,-16.938,-30.063,-39.813,-0.078,0.016,1.004,-0.066,0.324,-0.066,0.078,0.040,1.157,1.406,2,NULL,NULL,,3,0,2,7,255,989,250,0,0
stim,89892,120013,0,120013,3317324.454,-0.556,-0.039,0.081,0.826,1931,168,1821,2173,2761,2617,1366,2895,60,1.421,1,2150,1,51.862,0.825,-26.250,-29.063,-34.000,-0.102,-0.008,1.082,0.039,0.824,0.016,0.082,0.046,1.157,1.406,2,NULL,NULL,,3,0,2,7,255,989,250,0,0
stim,89892,120013,0,120013,3317329.455,-0.557,-0.039,0.079,0.826,1780,167,1917,2151,2781,2621,1555,2907,60,1.421,1,2150,1,56.127,0.886,-33.750,-28.500,-34.625,-0.098,-0.016,1.023,0.324,0.824,0.234,0.084,0.050,1.157,1.406,2,NULL,NULL,,3,0,2,7,255,989,250,0,0
stim,89892,120013,0,120013,3317334.454,-0.558,-0.039,0.077,0.825,1605,157,2011,2021,2807,2627,1684,2919,60,1.421,1,2150,1,58.212,0.851,-37.313,-29.063,-33.938,-0.156,-0.012,1.008,0.355,0.773,0.234,0.088,0.056,1.157,1.406,2,NULL,NULL,,3,0,2,7,255,989,250,0,0
stim,89893,120014,0,120014,3317339.455,-0.560,-0.039,0.075,0.824,1368,109,2121,1836,2839,2627,1820,2924,60,1.421,1,2150,1,65.784,0.381,-37.250,-30.063,-45.125,-0.242,0.039,1.035,0.355,0.137,0.234,0.090,0.062,1.157,1.406,2,NULL,NULL,,3,0,2,7,255,989,250,0,0
stim,89893,120014,0,120014,3317344.453,-0.562,-0.039,0.072,0.823,1200,90,2215,1703,2848,2615,1927,2934,60,1.421,1,2150,1,83.102,0.526,-39.125,-32.688,-65.625,-0.188,-0.008,1.047,0.504,-0.152,0.570,0.094,0.066,1.157,1.406,2,NULL,NULL,,3,0,2,7,255,989,250,0,0
stim,89913,120034,0,120034,3317349.455,-0.565,-0.039,0.070,0.821,1003,63,2309,1489,2884,2616,2031,2940,60,1.421,1,2150,1,81.250,0.372,-38.750,-34.438,-62.563,-0.031,-0.008,1.031,0.340,-0.152,0.570,0.096,0.070,1.157,1.406,2,NULL,NULL,,3,0,2,7,255,989,250,0,0
stim,89913,120034,0,120034,3317354.453,-0.567,-0.038,0.067,0.820,777,35,2390,1269,2893,2605,2136,2953,60,1.421,1,2150,1,77.361,1.211,-44.500,-36.063,-52.000,-0.047,-0.031,1.105,0.191,1.195,0.582,0.098,0.072,1.157,1.406,2,NULL,NULL,,3,0,2,7,255,989,250,0,0
stim,89913,120034,0,120034,3317359.455,-0.568,-0.039,0.064,0.820,557,1,2445,1017,2911,2601,2221,2961,60,1.421,1,2150,0,76.896,1.197,-53.625,-35.313,-42.313,-0.094,0.035,1.148,-0.066,1.195,0.949,0.098,0.074,1.157,1.406,2,NULL,NULL,,3,0,2,7,255,989,250,0,0
stim,89913,120034,0,120034,3317364.454,-0.570,-0.039,0.061,0.819,352,0,2518,808,2926,2581,2311,2967,60,1.421,1,2150,0,90.071,0.546,-64.813,-35.313,-51.625,-0.148,-0.004,1.047,0.191,0.512,0.949,0.100,0.076,1.157,1.406,2,NULL,NULL,,3,0,2,7,255,989,250,0,0
stim,89964,120085,0,120085,3317369.455,-0.572,-0.039,0.058,0.817,164,0,2553,581,2949,2583,2387,2975,60,1.421,1,2150,0,87.350,0.105,-53.750,-38.625,-57.000,-0.125,-0.004,0.984,0.094,0.047,0.547,0.100,0.076,1.157,1.406,2,NULL,NULL,,3,0,2,7,255,989,250,0,0
stim,89964,120085,0,120085,3317374.454,-0.574,-0.039,0.055,0.816,88,0,2604,347,2967,2555,2456,2981,60,1.421,1,2150,0,78.604,0.105,-44.813,-40.563,-50.250,-0.020,0.000,1.074,0.094,0.047,0.547,0.102,0.076,1.157,1.406,2,NULL,NULL,,3,0,2,7,255,989,250,0,0
stim,89964,120085,0,120085,3317379.455,-0.575,-0.038,0.052,0.815,18,0,2634,177,2971,2535,2516,2995,60,1.421,1,2150,0,76.667,0.351,-44.438,-42.000,-46.250,-0.098,0.086,0.988,-0.348,0.047,-0.070,0.102,0.076,1.157,1.406,2,NULL,NULL,,3,0,2,7,255,989,250,0,0
stim,89964,120085,0,120085,3317384.454,-0.577,-0.037,0.050,0.814,6,0,2667,133,2987,2518,2567,2999,60,1.421,1,2150,0,85.798,0.910,-30.938,-48.375,-63.750,-0.047,0.117,0.953,-0.883,0.219,-0.090,0.102,0.078,1.157,1.406,2,NULL,NULL,,3,0,2,7,255,989,250,0,0
stim,89964,120085,0,120085,3317389.455,-0.579,-0.036,0.048,0.813,0,0,2695,60,3004,2503,2605,3013,60,1.421,1,2150,0,74.365,0.910,-7.375,-53.438,-51.188,-0.102,-0.039,1.082,-0.883,0.219,-0.090,0.104,0.078,1.157,1.406,2,NULL,NULL,,3,0,2,7,255,989,250,0,0
stim,89964,120085,0,120085,3317394.453,-0.580,-0.033,0.047,0.812,0,0,2715,6,3008,2469,2645,3007,60,1.421,1,2150,0,68.559,0.353,7.813,-63.625,-24.313,-0.199,-0.094,1.262,0.277,0.219,0.820,0.106,0.080,1.157,1.406,2,NULL,NULL,,3,0,2,7,255,989,250,0,0
stim,89964,120085,0,120085,3317399.455,-0.582,-0.031,0.045,0.812,0,0,2731,0,3025,2443,2678,3005,60,1.421,1,2150,0,76.424,0.760,-2.688,-67.125,-36.438,-0.301,-0.023,1.391,0.691,-0.316,2.707,0.110,0.082,1.157,1.406,3,NULL,NULL,,3,0,2,7,255,989,250,0,0
stim,89964,120085,0,120085,3317404.454,-0.583,-0.029,0.042,0.811,0,0,2757,0,3033,2413,2712,3021,60,1.421,1,2150,0,84.615,1.155,-12.125,-74.750,-37.750,-0.238,-0.020,1.383,0.691,-0.926,3.910,0.114,0.084,1.157,1.406,3,NULL,NULL,,3,0,2,7,255,989,250,0,0
stim,89982,120103,0,120103,3317409.455,-0.584,-0.026,0.041,0.810,0,0,2763,0,3039,2373,2740,3035,60,1.421,1,2150,0,85.320,1.029,3.750,-82.563,-21.188,-0.199,0.063,1.477,0.449,-0.926,4.066,0.118,0.086,1.157,1.406,3,NULL,NULL,,3,0,2,7,255,989,250,0,0
stim,89982,120103,0,120103,3317414.453,-0.584,-0.022,0.039,0.811,0,0,2779,0,3053,2333,2785,3027,60,1.421,1,2150,0,92.756,1.009,3.875,-92.313,8.188,-0.145,0.289,1.445,-0.402,-0.926,4.445,0.122,0.088,1.157,1.406,3,NULL,NULL,,3,0,2,7,255,989,250,0,0
stim,89982,120103,0,120103,3317419.455,-0.583,-0.020,0.035,0.811,0,0,2789,0,3061,2280,2807,3027,60,1.421,1,2150,0,100.088,2.740,-38.375,-92.375,3.438,-0.074,0.266,1.309,-2.613,-0.824,4.445,0.122,0.092,1.157,1.406,3,NULL,NULL,,3,0,2,7,255,989,250,0,0
stim,89982,120103,0,120103,3317424.454,-0.583,-0.017,0.031,0.812,0,0,2799,0,3065,2227,2823,3023,60,1.421,1,2150,0,104.472,2.845,-39.500,-96.125,10.688,-0.152,0.117,1.156,-2.613,-1.125,3.031,0.118,0.096,1.157,1.406,3,NULL,NULL,,3,0,2,7,255,989,250,0,0
stim,89982,120103,0,120103,3317429.455,-0.582,-0.014,0.028,0.812,0,0,2797,0,3087,2173,2860,3027,60,1.421,1,2150,0,106.615,1.472,-12.250,-104.063,19.688,-0.199,0.035,1.133,-0.949,-1.125,1.594,0.114,0.102,1.157,1.406,3,NULL,NULL,,3,0,2,7,255,989,250,0,0
stim,89982,120103,0,120103,3317434.454,-0.582,-0.010,0.026,0.813,0,0,2793,0,3083,2085,2869,3023,60,1.421,1,2150,0,111.881,1.434,4.625,-110.688,15.625,-0.250,0.016,1.254,-0.016,-1.434,1.594,0.110,0.108,1.157,1.406,3,NULL,NULL,,3,0,2,7,255,989,250,0,0
stim,90004,120125,0,120125,3317439.455,-0.581,-0.006,0.023,0.813,0,0,2791,0,3092,1975,2889,3016,60,1.421,1,2150,0,117.627,1.900,3.750,-117.125,10.188,-0.242,0.035,1.391,0.184,-1.891,2.594,0.110,0.114,1.157,1.406,3,NULL,NULL,,3,0,2,7,255,989,250,0,0
stim,90004,120125,0,120125,3317444.453,-0.581,-0.002,0.020,0.814,0,0,2789,0,3096,1833,2913,3029,60,1.421,1,2150,0,125.068,1.900,-7.813,-124.125,13.188,-0.191,0.102,1.438,0.184,-1.891,3.918,0.112,0.120,1.157,1.406,3,NULL,NULL,,3,0,2,7,255,989,250,0,0
stim,90004,120125,0,120125,3317449.455,-0.580,0.002,0.016,0.814,0,0,2777,0,3099,1709,2921,3008,60,1.421,1,2150,0,133.705,2.007,-18.500,-130.938,19.750,-0.180,0.164,1.422,-0.578,-1.922,4.141,0.112,0.128,1.157,1.406,3,NULL,NULL,,3,0,2,7,255,989,250,0,0
stim,90004,120125,0,120125,3317454.454,-0.579,0.006,0.012,0.815,0,0,2770,0,3097,1532,2935,3015,60,1.421,1,2150,0,141.952,2.355,-29.625,-136.625,24.625,-0.176,0.172,1.406,-1.145,-2.059,4.141,0.110,0.138,1.157,1.406,3,NULL,NULL,,3,0,2,7,255,989,250,0,0
stim,90030,120151,0,120151,3317459.455,-0.578,0.010,0.007,0.816,0,0,2741,0,3103,1325,2941,3001,60,1.421,1,2150,0,150.545,2.455,-39.750,-142.563,27.563,-0.180,0.102,1.301,-1.145,-2.172,3.961,0.108,0.150,1.157,1.406,3,NULL,NULL,,3,0,2,7,255,989,250,0,0
stim,90030,120151,0,120151,3317464.453,-0.577,0.014,0.002,0.817,0,0,2731,0,3113,1079,2957,3001,60,1.421,1,2150,0,157.645,2.228,-41.750,-148.938,30.438,-0.188,-0.008,1.207,-0.496,-2.172,2.934,0.106,0.162,1.157,1.406,3,NULL,NULL,,3,0,2,7,255,989,250,0,0
stim,90030,120151,0,120151,3317469.455,-0.576,0.019,-0.003,0.817,0,0,2703,0,3104,849,2956,2976,60,1.421,1,2150,0,164.917,2.129,-38.375,-156.813,33.688,-0.203,-0.117,1.156,0.543,-2.059,1.996,0.106,0.174,1.157,1.406,3,NULL,NULL,,3,0,2,7,255,989,250,0,0
stim,90030,120151,0,120151,3317474.454,-0.574,0.023,-0.008,0.818,0,0,2695,0,3113,621,2967,2980,60,1.421,1,2150,0,171.126,2.560,-26.313,-165.188,36.125,-0.191,-0.184,1.137,1.637,-1.969,1.449,0.108,0.188,1.157,1.406,3,NULL,NULL,,3,0,2,7,255,989,250,0,0
stim,90065,120186,0,120186,3317479.455,-0.573,0.029,-0.013,0.819,0,0,2657,0,3116,443,2981,2961,60,1.421,1,2150,0,175.775,2.784,-16.750,-171.750,33.438,-0.188,-0.152,1.125,1.969,-1.969,1.266,0.112,0.202,1.157,1.406,3,NULL,NULL,,3,0,2,7,255,989,250,0,0
stim,90065,120186,0,120186,3317484.454,-0.571,0.035,-0.018,0.820,0,0,2611,0,3114,339,2982,2935,60,1.421,1,2150,0,180.759,2.708,-16.250,-177.875,27.750,-0.129,-0.078,1.121,1.969,-1.859,1.102,0.116,0.216,1.157,1.406,3,NULL,NULL,,3,0,2,7,255,989,250,0,0
stim,90065,120186,0,120186,3317489.455,-0.570,0.041,-0.023,0.820,0,0,2556,0,3125,157,3001,2915,60,1.421,1,2150,0,184.439,2.308,-12.875,-182.188,25.688,-0.113,-0.020,1.098,1.152,-2.000,1.059,0.120,0.232,1.157,1.406,3,NULL,NULL,,3,0,2,7,255,989,250,0,0
stim,90065,120186,0,120186,3317494.453,-0.569,0.047,-0.028,0.820,0,0,2507,0,3127,99,3005,2892,60,1.421,1,2150,0,188.436,2.136,-0.313,-187.438,19.375,-0.188,0.012,1.102,0.637,-2.039,0.785,0.124,0.246,1.157,1.406,3,NULL,NULL,,3,0,2,7,255,989,250,0,0
stim,90065,120186,0,120186,3317499.455,-0.568,0.054,-0.032,0.820,0,0,2425,0,3111,41,3013,2871,60,1.421,1,2150,0,196.027,3.044,11.563,-195.625,4.875,-0.156,0.066,1.230,0.582,-2.988,0.785,0.126,0.258,1.157,1.406,3,NULL,NULL,,3,0,2,7,255,989,250,0,0
stim,90065,120186,0,120186,3317504.454,-0.568,0.061,-0.037,0.820,0,0,2317,0,3109,29,3001,2825,60,1.421,1,2150,0,201.696,3.209,5.313,-201.625,-0.750,-0.086,0.137,1.457,0.125,-3.207,1.965,0.128,0.270,1.157,1.406,3,NULL,NULL,,3,0,2,7,255,989,250,0,0
stim,90065,120186,0,120186,3317509.455,-0.567,0.069,-0.041,0.820,0,0,2191,0,3107,60,3012,2793,60,1.421,1,2150,0,209.373,3.313,13.500,-208.938,-0.125,-0.184,0.129,1.773,-0.020,-3.313,4.195,0.130,0.280,1.157,1.406,3,NULL,NULL,,3,0,2,7,255,989,250,0,0
stim,90065,120186,0,120186,3317514.453,-0.566,0.077,-0.046,0.819,0,0,2044,0,3087,74,2995,2741,60,1.421,1,2150,0,224.832,4.867,15.625,-224.000,11.375,-0.270,0.109,2.168,-0.020,-4.867,7.059,0.132,0.294,1.157,1.406,3,NULL,NULL,,3,0,2,7,255,989,250,0,0
stim,90065,120186,0,120186,3317519.455,-0.564,0.086,-0.053,0.819,0,0,1881,0,3067,83,2989,2685,60,1.421,1,2150,0,247.026,6.601,-8.313,-244.375,35.125,-0.496,0.145,2.438,0.777,-6.555,10.594,0.138,0.306,1.157,1.406,3,NULL,NULL,,3,0,2,7,255,989,250,0,0
stim,90065,120186,0,120186,3317524.454,-0.562,0.094,-0.061,0.820,0,0,1691,0,3055,91,2973,2635,60,1.421,1,2150,0,281.004,9.676,-48.438,-272.438,48.938,-0.703,0.336,2.477,0.777,-9.645,12.250,0.146,0.320,1.157,1.406,3,NULL,NULL,,3,0,2,7,255,989,250,0,0
stim,90095,120216,0,120216,3317529.455,-0.560,0.103,-0.071,0.819,0,0,1555,0,3045,103,2961,2567,60,1.421,1,2150,0,311.585,12.784,-78.375,-299.500,35.250,-0.824,0.574,2.508,0.613,-12.770,12.250,0.158,0.338,1.157,1.406,3,NULL,NULL,,3,0,2,7,255,989,250,0,0
stim,90095,120216,0,120216,3317534.453,-0.558,0.112,-0.083,0.818,0,0,1449,0,3019,111,2924,2489,60,1.421,1,2150,0,342.278,15.363,-90.250,-329.563,19.938,-0.809,0.727,2.566,-1.031,-15.328,11.875,0.176,0.362,1.157,1.406,3,NULL,NULL,,3,0,2,7,255,989,250,0,0
stim,90095,120216,0,120216,3317539.455,-0.556,0.123,-0.095,0.816,0,0,1321,0,2984,123,2876,2383,60,1.421,1,2150,0,372.055,16.677,-98.938,-358.563,8.313,-0.734,0.867,2.641,-2.371,-16.508,11.875,0.204,0.398,1.157,1.406,3,NULL,NULL,,3,0,2,7,255,989,250,0,0
stim,90095,120216,0,120216,3317544.453,-0.555,0.133,-0.109,0.814,0,0,1205,0,2961,135,2824,2282,60,1.421,1,2150,0,405.948,17.576,-125.875,-385.938,1.063,-0.590,0.949,2.668,-3.816,-17.156,12.191,0.244,0.442,1.157,1.406,3,NULL,NULL,,3,0,2,7,255,989,250,0,0
stim,90116,120237,0,120237,3317549.455,-0.553,0.145,-0.123,0.811,0,0,1099,0,2901,134,2747,2198,60,1.421,1,2150,0,425.762,17.707,-123.563,-407.438,0.188,-0.523,0.840,2.723,-4.180,-17.207,12.270,0.296,0.498,1.157,1.406,3,NULL,NULL,,3,0,2,7,255,989,250,0,0
stim,90116,120237,0,120237,3317554.454,-0.550,0.157,-0.138,0.809,0,0,1005,0,2845,125,2659,2100,60,1.421,1,2150,0,451.482,17.707,-108.063,-437.688,24.250,-0.719,0.734,2.918,-4.180,-17.207,12.445,0.356,0.562,1.157,1.406,3,NULL,NULL,,3,0,2,7,255,989,250,0,0
stim,90116,120237,0,120237,3317559.455,-0.546,0.170,-0.154,0.806,0,0,921,0,2769,122,2539,1991,60,1.421,1,2150,0,478.749,20.271,-119.500,-462.688,29.000,-0.973,0.855,3.168,-2.297,-20.141,12.840,0.424,0.630,1.157,1.406,3,NULL,NULL,,3,0,2,7,255,989,250,0,0
stim,90116,120237,0,120237,3317564.453,-0.543,0.183,-0.170,0.801,0,0,830,0,2669,121,2385,1848,60,1.421,1,2150,0,497.547,24.727,-144.625,-476.063,-1.063,-1.070,0.813,3.258,-2.246,-24.625,12.840,0.498,0.706,1.157,1.406,3,NULL,NULL,,3,0,2,7,255,989,250,0,0
stim,90116,120237,0,120237,3317569.455,-0.542,0.197,-0.187,0.795,0,0,715,0,2541,83,2194,1707,60,1.421,1,2150,0,515.425,25.652,-162.625,-487.500,-39.500,-0.957,0.512,3.234,-1.406,-25.613,12.238,0.580,0.788,1.157,1.406,3,NULL,NULL,,3,0,2,7,255,989,250,0,0
stim,90116,120237,0,120237,3317574.454,-0.541,0.210,-0.205,0.789,0,0,512,0,2389,58,1937,1511,60,1.421,1,2150,0,533.573,25.629,-172.188,-501.750,-57.438,-0.715,0.148,3.063,0.910,-25.613,11.773,0.672,0.882,1.157,1.406,3,NULL,NULL,,3,0,2,7,255,989,250,0,0
stim,90161,120282,0,120282,3317579.455,-0.537,0.224,-0.223,0.782,0,0,375,0,2152,3,1631,1293,60,1.421,1,2150,0,552.020,22.922,-175.688,-522.875,-21.500,-0.551,-0.250,2.695,3.273,-22.688,10.926,0.776,0.988,1.157,1.406,3,NULL,NULL,,3,0,2,7,255,989,250,0,0
stim,90161,120282,0,120282,3317584.453,-0.532,0.238,-0.241,0.776,0,0,253,0,1879,0,1254,1082,60,1.421,1,2150,0,561.481,20.088,-159.563,-538.000,18.875,-0.453,-0.406,2.262,6.121,-19.133,8.383,0.892,1.106,1.157,1.406,3,NULL,NULL,,3,0,2,7,255,989,250,0,0
stim,90161,120282,0,120282,3317589.455,-0.526,0.254,-0.258,0.770,0,0,155,0,1544,0,764,935,60,1.421,1,2150,0,559.761,17.687,-104.438,-549.000,32.000,-0.602,-0.332,2.012,6.637,-16.395,4.965,1.014,1.230,1.157,1.406,3,NULL,NULL,,3,0,2,7,255,989,250,0,0
stim,90161,120282,0,120282,3317594.453,-0.518,0.270,-0.273,0.764,0,0,117,0,1129,0,256,717,60,1.421,1,2150,0,565.089,17.687,-64.625,-558.625,55.563,-0.672,-0.043,1.895,6.637,-16.395,1.281,1.130,1.350,1.157,1.406,3,NULL,NULL,,3,0,2,7,255,989,250,0,0
stim,90161,120282,0,120282,3317599.455,-0.509,0.287,-0.288,0.759,0,0,83,0,621,0,0,573,60,1.421,1,2150,0,567.755,17.853,-39.000,-562.438,67.000,-0.613,0.145,1.879,4.281,-17.332,-1.320,1.240,1.464,1.157,1.406,3,NULL,NULL,,3,0,2,7,255,989,250,0,0
stim,90161,120282,0,120282,3317604.454,-0.496,0.304,-0.303,0.755,0,0,41,0,167,0,0,447,60,1.421,1,2150,0,594.878,18.240,12.188,-578.313,138.875,-1.066,0.066,1.973,4.281,-17.730,-2.164,1.338,1.570,1.157,1.406,3,NULL,NULL,,3,0,2,7,255,989,250,0,0
stim,90161,120282,0,120282,3317609.455,-0.481,0.321,-0.317,0.752,0,0,25,0,0,0,0,379,60,1.421,1,2150,0,622.174,21.338,13.625,-590.875,194.375,-1.359,0.402,1.984,3.535,-21.043,-5.727,1.430,1.666,1.157,1.406,3,NULL,NULL,,3,0,2,7,255,989,250,0,0
stim,90161,120282,0,120282,3317614.455,-0.469,0.336,-0.333,0.746,0,0,21,0,0,0,0,292,60,1.421,1,2150,0,577.953,23.737,-54.375,-560.000,132.188,-1.234,0.965,1.820,3.535,-23.473,-9.625,1.520,1.760,1.157,1.406,4,NULL,NULL,,3,0,2,7,255,989,250,0,0
stim,90183,120304,0,120304,3317619.455,-0.461,0.348,-0.348,0.738,0,0,10,0,0,0,0,172,60,1.421,1,2150,0,516.215,23.554,-130.938,-495.500,61.750,-0.680,1.566,1.734,-1.961,-23.473,-9.906,1.616,1.862,1.157,1.406,0,NULL,NULL,,3,0,2,7,255,989,250,0,0
stim,90183,120304,0,120304,3317624.454,-0.455,0.353,-0.367,0.731,0,0,17,0,0,0,0,157,60,1.421,1,2150,0,496.744,23.963,-271.375,-399.875,114.938,-0.613,1.969,1.500,-9.352,-22.063,-11.770,1.724,1.976,1.157,1.406,0,NULL,NULL,,3,0,2,7,255,989,250,0,0
stim,90183,120304,0,120304,3317629.455,-0.451,0.351,-0.388,0.723,0,0,12,0,0,0,0,138,60,1.421,1,2150,0,528.240,24.988,-420.938,-274.000,163.625,-0.453,2.156,0.609,-13.746,-20.867,-12.371,1.844,2.100,1.157,1.406,0,NULL,NULL,,3,0,2,7,255,989,250,0,0
stim,90183,120304,0,120304,3317634.453,-0.450,0.348,-0.402,0.718,0,0,9,0,0,0,0,141,60,1.421,1,2150,0,360.529,18.667,-302.750,-161.125,111.188,-0.480,1.133,0.160,-13.746,-12.629,-16.285,1.968,2.228,1.157,1.406,0,NULL,NULL,,3,0,2,7,255,989,250,0,0
stim,90205,120326,0,120326,3317639.455,-0.448,0.346,-0.407,0.716,0,0,7,0,0,0,0,168,60,1.421,1,2150,0,126.580,12.760,-94.438,-58.813,60.375,-0.809,-0.488,0.867,-8.570,-9.453,-16.285,2.088,2.348,1.157,1.406,0,NULL,NULL,,3,0,2,7,255,989,250,0,0
stim,90205,120326,0,120326,3317644.453,-0.449,0.343,-0.410,0.716,0,0,10,0,0,0,0,166,60,1.421,1,2150,0,91.271,12.422,-81.625,31.125,26.438,-1.102,-0.969,1.840,8.059,-9.453,-11.691,2.190,2.450,1.157,1.406,0,NULL,NULL,,3,0,2,7,255,989,250,0,0
stim,90205,120326,0,120326,3317649.455,-0.455,0.335,-0.414,0.714,0,0,4,0,0,0,0,103,60,1.421,1,2150,0,250.153,18.604,-217.063,124.313,-2.563,-1.180,-0.332,1.473,8.176,-16.711,-11.691,2.264,2.526,1.157,1.406,0,NULL,NULL,,3,0,2,7,255,989,250,0,0
stim,90205,120326,0,120326,3317654.454,-0.462,0.324,-0.418,0.711,0,0,7,0,0,0,0,99,60,1.421,1,2150,0,332.109,18.604,-267.938,196.188,-4.063,-1.047,0.754,0.426,8.176,-16.711,-12.590,2.314,2.576,1.157,1.406,0,NULL,NULL,,3,0,2,7,255,989,250,0,0
stim,90205,120326,0,120326,3317659.455,-0.469,0.313,-0.419,0.712,0,0,4,0,0,0,0,60,60,1.421,1,2150,0,295.198,9.745,-176.688,236.063,14.063,-1.008,1.418,-0.043,-3.078,-9.246,-18.988,2.354,2.618,1.157,1.406,0,NULL,NULL,,3,0,2,7,255,989,250,0,0
stim,90205,120326,0,120326,3317664.453,-0.474,0.304,-0.416,0.714,0,0,0,0,0,0,0,57,60,1.421,1,2150,0,261.475,11.644,-61.375,253.625,16.625,-1.090,1.199,0.328,-7.078,-9.246,-20.945,2.400,2.670,1.157,1.406,0,NULL,NULL,,3,0,2,7,255,989,250,0,0
stim,90262,120383,0,120383,3317669.455,-0.480,0.295,-0.412,0.717,0,0,0,0,0,0,0,53,60,1.421,1,2150,0,269.826,11.878,-42.000,266.500,4.438,-1.090,0.512,0.895,-7.078,-9.539,-20.945,2.456,2.730,1.157,1.406,0,NULL,NULL,,3,0,2,7,255,989,250,0,0
stim,90262,120383,0,120383,3317674.454,-0.486,0.284,-0.409,0.718,0,0,0,0,0,0,0,47,60,1.421,1,2150,0,294.926,13.098,-105.000,275.438,-9.500,-1.063,0.293,0.898,-0.852,-13.070,-15.953,2.518,2.794,1.157,1.406,0,NULL,NULL,,3,0,2,7,255,989,250,0,0
stim,90262,120383,0,120383,3317679.455,-0.494,0.272,-0.407,0.719,0,0,0,0,0,0,0,50,60,1.421,1,2150,0,316.822,13.099,-144.750,281.813,-2.250,-0.691,0.113,0.242,0.863,-13.070,-14.789,2.578,2.856,1.157,1.406,0,NULL,NULL,,3,0,2,7,255,989,250,0,0
stim,90262,120383,0,120383,3317684.453,-0.499,0.261,-0.405,0.720,0,0,0,0,0,0,0,53,60,1.421,1,2150,0,303.464,5.664,-111.938,279.750,36.063,-0.676,0.285,-0.254,0.863,-5.598,-14.789,2.636,2.918,1.157,1.406,0,NULL,NULL,,3,0,2,7,255,989,250,0,0
stim,90262,120383,0,120383,3317689.455,-0.503,0.250,-0.401,0.724,0,0,0,0,0,0,0,47,60,1.421,1,2150,0,287.651,1.730,-47.500,279.000,51.438,-0.668,0.406,-0.332,-0.102,-1.727,-17.227,2.696,2.980,1.157,1.406,0,NULL,NULL,,3,0,2,7,255,989,250,0,0
stim,90262,120383,0,120383,3317694.453,-0.506,0.240,-0.395,0.728,0,0,0,0,0,0,0,45,60,1.421,1,2150,0,289.759,2.065,-5.188,283.563,59.375,-0.574,0.398,-0.137,-1.133,-1.727,-17.227,2.752,3.038,1.157,1.406,0,NULL,NULL,,3,0,2,7,255,989,250,0,0
stim,90262,120383,0,120383,3317699.455,-0.510,0.230,-0.389,0.732,0,0,0,0,0,0,0,39,60,1.421,1,2150,0,297.441,3.018,7.313,290.313,64.313,-0.605,0.441,-0.012,-1.496,-2.621,-16.156,2.802,3.090,1.157,1.406,0,NULL,NULL,,3,0,2,7,255,989,250,0,0
stim,90262,120383,0,120383,3317704.454,-0.513,0.220,-0.382,0.736,0,0,0,0,0,0,0,31,60,1.421,1,2150,0,304.080,4.169,18.688,297.875,58.188,-0.578,0.398,-0.016,-1.527,-3.879,-15.746,2.840,3.132,1.157,1.406,0,NULL,NULL,,3,0,2,7,255,989,250,0,0
stim,90282,120403,0,120403,3317709.455,-0.516,0.210,-0.375,0.741,0,0,0,0,0,0,0,35,60,1.421,1,2150,0,312.904,4.169,42.500,302.938,65.813,-0.453,0.281,0.008,-1.527,-3.879,-15.352,2.872,3.166,1.157,1.406,0,NULL,NULL,,3,0,2,7,255,989,250,0,0
stim,90282,120403,0,120403,3317714.453,-0.518,0.200,-0.366,0.747,0,0,0,0,0,0,0,25,60,1.421,1,2150,0,324.055,4.018,68.125,307.188,77.500,-0.531,0.313,0.148,-1.047,-3.879,-13.863,2.902,3.200,1.157,1.406,0,NULL,NULL,,3,0,2,7,255,989,250,0,0
stim,90282,120403,0,120403,3317719.455,-0.520,0.191,-0.357,0.752,0,0,0,0,0,0,0,24,60,1.421,1,2150,0,331.215,5.059,84.313,312.250,71.375,-0.602,0.328,0.336,-1.047,-4.949,-13.512,2.932,3.230,1.157,1.406,0,NULL,NULL,,3,0,2,7,255,989,250,0,0
stim,90282,120403,0,120403,3317724.454,-0.523,0.182,-0.347,0.757,0,0,0,0,0,0,0,25,60,1.421,1,2150,0,335.194,6.995,89.188,318.188,56.188,-0.566,0.324,0.504,-1.137,-6.902,-12.656,2.960,3.262,1.157,1.406,0,NULL,NULL,,3,0,2,7,255,989,250,0,0
stim,90282,120403,0,120403,3317729.455,-0.526,0.173,-0.337,0.762,0,0,0,0,0,0,0,23,60,1.421,1,2150,0,340.970,8.055,88.563,325.750,48.000,-0.461,0.313,0.605,-1.414,-7.930,-11.133,2.992,3.296,1.157,1.406,0,NULL,NULL,,3,0,2,7,255,989,250,0,0
stim,90282,120403,0,120403,3317734.453,-0.529,0.163,-0.326,0.766,0,0,0,0,0,0,0,29,60,1.421,1,2150,0,349.735,8.156,88.063,334.938,48.750,-0.414,0.316,0.672,-1.840,-7.945,-9.508,3.026,3.332,1.157,1.406,0,NULL,NULL,,3,0,2,7,255,989,250,0,0
stim,90303,120424,0,120424,3317739.455,-0.532,0.153,-0.316,0.771,0,0,0,0,0,0,0,31,60,1.421,1,2150,0,359.212,8.334,88.688,344.938,46.750,-0.441,0.336,0.742,-2.168,-8.047,-8.535,3.064,3.372,1.157,1.406,0,NULL,NULL,,3,0,2,7,255,989,250,0,0
stim,90303,120424,0,120424,3317744.454,-0.535,0.142,-0.304,0.775,0,0,0,0,0,0,0,34,60,1.421,1,2150,0,367.253,8.990,89.375,354.375,36.125,-0.473,0.348,0.824,-2.340,-8.680,-8.020,3.104,3.416,1.157,1.406,0,NULL,NULL,,3,0,2,7,255,989,250,0,0
stim,90303,120424,0,120424,3317749.455,-0.539,0.132,-0.293,0.779,0,0,0,0,0,0,0,31,60,1.421,1,2150,0,373.919,9.667,88.563,362.563,22.813,-0.434,0.340,0.898,-2.492,-9.340,-7.340,3.146,3.460,1.157,1.406,0,NULL,NULL,,3,0,2,7,255,989,250,0,0
stim,90303,120424,0,120424,3317754.453,-0.543,0.121,-0.281,0.782,0,0,0,0,0,0,0,25,60,1.421,1,2150,0,379.875,9.726,85.688,369.813,14.188,-0.363,0.313,0.945,-2.715,-9.340,-6.266,3.188,3.504,1.157,1.406,0,NULL,NULL,,3,0,2,7,255,989,250,0,0
stim,90328,120449,0,120449,3317759.455,-0.547,0.111,-0.270,0.785,0,0,0,0,0,0,0,27,60,1.421,1,2150,0,385.005,9.376,81.813,376.063,10.625,-0.305,0.277,0.953,-2.871,-8.926,-5.141,3.230,3.550,1.157,1.406,0,NULL,NULL,,3,0,2,7,255,989,250,0,0
stim,90328,120449,0,120449,3317764.453,-0.551,0.099,-0.258,0.787,0,0,0,0,0,0,0,27,60,1.421,1,2150,0,389.332,8.734,79.750,381.000,7.625,-0.246,0.266,0.910,-2.879,-8.246,-4.438,3.272,3.594,1.157,1.406,0,NULL,NULL,,3,0,2,7,255,989,250,0,0
stim,90328,120449,0,120449,3317769.455,-0.556,0.088,-0.246,0.789,0,0,0,0,0,0,0,30,60,1.421,1,2150,0,392.788,7.929,84.000,383.688,3.250,-0.168,0.266,0.852,-2.980,-7.348,-4.242,3.316,3.640,1.157,1.406,0,NULL,NULL,,3,0,2,7,255,989,250,0,0
stim,90328,120449,0,120449,3317774.454,-0.559,0.078,-0.233,0.792,0,0,0,0,0,0,0,37,60,1.421,1,2150,0,395.242,6.996,97.063,383.125,3.188,-0.121,0.258,0.844,-3.234,-6.203,-4.191,3.358,3.684,1.157,1.406,0,NULL,NULL,,3,0,2,7,255,989,250,0,0
stim,90365,120486,0,120486,3317779.455,-0.563,0.067,-0.220,0.794,0,0,0,0,0,0,0,33,60,1.421,1,2150,0,395.385,6.482,111.750,379.188,7.625,-0.109,0.258,0.918,-3.359,-5.543,-3.852,3.400,3.730,1.157,1.406,0,NULL,NULL,,3,0,2,7,255,989,250,0,0
stim,90365,120486,0,120486,3317784.453,-0.566,0.057,-0.206,0.796,0,0,0,0,0,0,0,33,60,1.421,1,2150,0,393.234,6.573,118.625,374.750,11.125,-0.102,0.242,0.984,-3.551,-5.531,-2.969,3.442,3.774,1.157,1.406,0,NULL,NULL,,3,0,2,7,255,989,250,0,0
stim,90365,120486,0,120486,3317789.455,-0.569,0.047,-0.193,0.798,0,0,0,0,0,0,0,37,60,1.421,1,2150,0,391.065,6.481,123.938,370.625,14.438,-0.074,0.215,1.000,-3.551,-5.422,-2.141,3.482,3.816,1.157,1.406,0,NULL,NULL,,3,0,2,7,255,989,250,0,0
stim,90365,120486,0,120486,3317794.454,-0.571,0.038,-0.179,0.800,0,0,0,0,0,0,0,50,60,1.421,1,2150,0,389.997,6.137,137.938,364.188,20.938,-0.094,0.234,1.047,-3.574,-4.988,-1.684,3.522,3.856,1.157,1.406,0,NULL,NULL,,3,0,2,7,255,989,250,0,0
stim,90365,120486,0,120486,3317799.455,-0.574,0.029,-0.165,0.802,0,0,0,0,0,0,0,43,60,1.421,1,2150,0,391.097,6.154,150.688,360.250,21.688,-0.066,0.285,1.168,-3.668,-4.941,-1.191,3.558,3.896,1.157,1.406,0,NULL,NULL,,3,0,2,7,255,989,250,0,0
stim,90365,120486,0,120486,3317804.453,-0.575,0.020,-0.150,0.804,0,0,0,0,0,0,0,43,60,1.421,1,2150,0,390.424,6.626,156.938,356.500,26.625,-0.051,0.277,1.277,-4.414,-4.941,0.031,3.592,3.932,1.157,1.406,0,NULL,NULL,,3,0,2,7,255,989,250,0,0
stim,90365,120486,0,120486,3317809.455,-0.577,0.012,-0.136,0.806,0,0,0,0,0,0,0,43,60,1.421,1,2150,0,389.004,6.516,159.688,353.125,33.563,-0.086,0.262,1.355,-4.414,-4.793,1.273,3.622,3.964,1.157,1.406,0,NULL,NULL,,3,0,2,7,255,989,250,0,0
stim,90365,120486,0,120486,3317814.453,-0.578,0.004,-0.121,0.807,0,0,0,0,0,0,0,50,60,1.421,1,2150,0,389.531,6.500,169.438,348.813,36.813,-0.133,0.238,1.477,-4.391,-4.793,2.141,3.650,3.994,1.157,1.406,0,NULL,NULL,,3,0,2,7,255,989,250,0,0
stim,90386,120507,0,120507,3317819.455,-0.578,-0.004,-0.106,0.809,0,0,0,0,0,0,0,47,60,1.421,1,2150,0,388.502,6.634,174.563,345.313,34.938,-0.164,0.293,1.621,-4.391,-4.973,3.445,3.674,4.020,1.157,1.406,0,NULL,NULL,,3,0,2,7,255,989,250,0,0
stim,90386,120507,0,120507,3317824.454,-0.579,-0.012,-0.091,0.810,0,0,0,0,0,0,0,54,60,1.421,1,2150,0,383.863,6.979,172.438,341.250,34.125,-0.184,0.309,1.742,-4.746,-5.117,4.871,3.696,4.044,1.157,1.406,0,NULL,NULL,,3,0,2,7,255,989,250,0,0
stim,90386,120507,0,120507,3317829.455,-0.580,-0.020,-0.077,0.811,0,0,0,0,0,0,0,54,60,1.421,1,2150,0,377.943,6.979,167.750,336.875,34.875,-0.195,0.281,1.809,-4.746,-5.117,6.148,3.718,4.066,1.157,1.406,0,NULL,NULL,,3,0,2,7,255,989,250,0,0
stim,90386,120507,0,120507,3317834.453,-0.580,-0.028,-0.063,0.812,0,0,0,0,0,0,0,53,60,1.421,1,2150,0,372.914,6.662,165.125,332.500,35.250,-0.207,0.262,1.844,-4.719,-4.703,7.016,3.738,4.090,1.157,1.406,0,NULL,NULL,,3,0,2,7,255,989,250,0,0
stim,90386,120507,0,120507,3317839.455,-0.580,-0.035,-0.048,0.812,0,0,0,0,0,0,0,57,60,1.421,1,2150,0,368.896,6.143,168.063,326.875,31.500,-0.172,0.207,1.836,-4.480,-4.203,7.543,3.760,4.112,1.157,1.406,0,NULL,NULL,,3,0,2,7,255,989,250,0,0
stim,90386,120507,0,120507,3317844.454,-0.581,-0.042,-0.033,0.812,0,0,0,0,0,0,0,53,60,1.421,1,2150,0,372.053,5.086,183.250,322.625,27.500,-0.152,0.047,1.848,-3.988,-3.156,7.703,3.782,4.136,1.157,1.406,0,NULL,NULL,,3,0,2,7,255,989,250,0,0
stim,90415,120536,0,120536,3317849.455,-0.581,-0.048,-0.018,0.813,0,0,0,0,0,0,0,52,60,1.421,1,2150,0,380.172,4.543,200.000,322.188,26.938,-0.184,0.242,2.020,-3.988,-2.176,8.102,3.804,4.158,1.157,1.406,0,NULL,NULL,,3,0,2,7,255,989,250,0,0
stim,90415,120536,0,120536,3317854.453,-0.581,-0.054,-0.002,0.812,0,0,0,0,0,0,0,55,60,1.421,1,2150,0,377.191,4.645,198.063,320.125,23.750,-0.133,0.230,2.078,-4.250,-1.875,9.656,3.824,4.180,1.157,1.406,0,NULL,NULL,,3,0,2,7,255,989,250,0,0
stim,90415,120536,0,120536,3317859.455,-0.581,-0.060,0.013,0.812,0,0,0,0,0,0,0,55,60,1.421,1,2150,0,379.892,4.370,207.188,317.875,18.625,-0.082,-0.074,2.047,-4.250,-1.016,10.227,3.842,4.198,1.157,1.406,0,NULL,NULL,,3,0,2,7,255,989,250,0,0
stim,90415,120536,0,120536,3317864.454,-0.581,-0.065,0.029,0.811,0,0,0,0,0,0,0,56,60,1.421,1,2150,0,390.587,1.770,230.563,315.063,11.625,-0.035,-0.242,2.082,-1.406,1.074,10.297,3.854,4.212,1.157,1.406,0,NULL,NULL,,3,0,2,7,255,989,250,0,0
stim,90416,120537,0,120537,3317869.455,-0.582,-0.070,0.046,0.809,0,0,0,0,0,0,0,61,60,1.421,1,2150,0,399.987,2.721,250.500,311.813,3.563,0.066,-0.258,2.137,0.188,2.715,10.539,3.862,4.222,1.157,1.406,0,NULL,NULL,,3,0,2,7,255,989,250,0,0
stim,90416,120537,0,120537,3317874.454,-0.582,-0.074,0.063,0.807,0,0,0,0,0,0,0,57,60,1.421,1,2150,0,410.216,4.418,271.438,307.563,-1.938,0.234,-0.270,2.176,0.188,4.414,10.699,3.862,4.224,1.157,1.406,0,NULL,NULL,,3,0,2,7,255,989,250,0,0
stim,90463,120584,0,120584,3317879.455,-0.583,-0.077,0.081,0.805,0,0,0,0,0,0,0,55,60,1.421,1,2150,0,426.767,6.727,301.250,302.250,-4.875,0.438,-0.285,2.266,0.082,6.727,10.797,3.854,4.220,1.157,1.406,0,NULL,NULL,,3,0,2,7,255,989,250,0,0
stim,90463,120584,1,120584,3317884.453,-0.583,-0.079,0.100,0.802,0,0,0,0,0,0,0,51,60,1.421,1,2150,0,446.433,9.492,333.875,296.250,-8.125,0.633,-0.293,2.465,-0.066,9.492,10.906,3.838,4.206,1.157,1.406,0,NULL,NULL,,3,1,2,7,255,989,250,0,0
stim,90463,120584,1,120584,3317889.455,-0.584,-0.080,0.120,0.799,0,0,0,0,0,0,0,52,60,1.421,1,2150,0,458.187,12.423,355.563,288.750,-11.563,0.805,-0.301,2.711,-0.156,12.422,11.961,3.812,4.182,1.157,1.406,0,NULL,NULL,,3,1,2,7,255,989,250,0,0
stim,90463,120584,1,120584,3317894.454,-0.584,-0.081,0.140,0.795,0,0,0,0,0,0,0,55,60,1.421,1,2150,0,458.099,15.376,361.313,281.250,-14.375,0.980,-0.301,2.922,-0.156,15.375,13.406,3.776,4.148,1.157,1.406,0,NULL,NULL,,3,1,2,7,255,989,250,0,0
stim,90463,120584,1,120584,3317899.455,-0.585,-0.081,0.159,0.791,0,0,0,0,0,0,0,55,60,1.421,1,2150,0,452.034,18.341,360.625,272.063,-16.313,1.152,-0.246,3.105,-0.156,18.340,14.355,3.726,4.100,1.157,1.406,0,NULL,NULL,,3,1,2,7,255,989,250,0,0
stim,90463,120584,1,120584,3317904.453,-0.585,-0.081,0.178,0.787,0,0,0,0,0,0,0,53,60,1.421,1,2150,0,445.099,21.085,357.875,263.625,-23.250,1.289,-0.203,3.328,-0.355,21.082,14.938,3.664,4.042,1.157,1.406,0,NULL,NULL,,3,1,2,7,255,989,250,0,0
stim,90463,120584,1,120584,3317909.455,-0.585,-0.079,0.198,0.782,0,0,0,0,0,0,0,69,60,1.421,1,2150,0,479.069,23.753,415.875,237.813,-0.625,1.359,0.148,4.160,-0.355,23.750,15.914,3.590,3.968,1.157,1.406,0,NULL,NULL,,3,1,2,7,255,989,250,0,0
stim,90463,120584,1,120584,3317914.454,-0.587,-0.082,0.212,0.777,0,0,0,0,0,0,0,57,60,1.421,1,2150,0,355.848,27.589,234.813,249.813,-95.313,1.746,0.102,4.102,-2.305,27.492,20.242,3.502,3.884,1.157,1.406,0,NULL,NULL,,3,1,2,7,255,989,250,0,0
stim,90484,120605,1,120605,3317919.455,-0.589,-0.089,0.222,0.772,0,0,0,0,0,0,0,63,60,1.421,1,2150,0,309.947,31.674,117.813,262.250,-115.813,2.203,-0.238,3.016,-2.305,31.590,20.242,3.404,3.784,1.157,1.406,0,NULL,NULL,,3,1,2,7,255,989,250,0,0
stim,90484,120605,1,120605,3317924.454,-0.590,-0.094,0.234,0.767,0,0,0,0,0,0,0,67,60,1.421,1,2150,0,313.194,32.411,166.125,257.938,-62.938,2.703,0.152,2.758,-2.418,32.320,7.422,3.292,3.674,1.157,1.406,0,NULL,NULL,,3,1,2,7,255,989,250,0,0
stim,90484,120605,1,120605,3317929.455,-0.590,-0.098,0.247,0.763,0,0,0,0,0,0,0,77,60,1.421,1,2150,0,314.074,35.139,185.563,248.313,-50.500,2.805,-0.133,3.074,-3.336,34.980,3.879,3.168,3.548,1.157,1.406,0,NULL,NULL,,3,1,2,7,255,989,250,0,0
stim,90484,120605,1,120605,3317934.454,-0.590,-0.104,0.256,0.759,0,0,0,0,0,0,0,107,60,1.421,1,2150,0,272.429,38.419,113.875,241.313,-54.938,3.059,-0.547,2.988,-3.336,38.273,3.145,3.030,3.408,1.157,1.406,0,NULL,NULL,,3,1,2,7,255,989,250,0,0
stim,90512,120633,1,120633,3317939.455,-0.590,-0.112,0.263,0.756,0,0,0,0,0,0,0,160,60,1.421,1,2150,0,246.509,41.036,29.500,237.750,-58.063,3.492,-0.660,2.285,-1.016,41.023,0.152,2.880,3.256,1.157,1.406,0,NULL,NULL,,3,1,2,7,255,989,250,0,0
stim,90512,120633,1,120633,3317944.453,-0.589,-0.119,0.269,0.753,0,0,0,0,0,0,0,180,60,1.421,1,2150,0,237.123,41.036,17.125,232.375,-44.000,3.961,-0.574,1.457,-1.016,41.023,-8.844,2.722,3.094,1.157,1.406,0,NULL,NULL,,3,1,2,7,255,989,250,0,0
stim,90512,120633,1,120633,3317949.455,-0.587,-0.125,0.277,0.750,0,0,0,0,0,0,0,219,60,1.421,1,2150,0,227.749,41.179,57.688,219.125,-22.938,4.434,-0.629,0.859,-4.000,40.984,-18.555,2.560,2.928,1.157,1.406,0,NULL,NULL,,3,1,2,7,255,989,250,0,0
stim,90512,120633,1,120633,3317954.454,-0.585,-0.129,0.286,0.748,0,0,0,0,0,0,0,246,60,1.421,1,2150,0,233.865,41.179,120.625,199.500,18.500,4.570,-1.195,0.633,-4.000,40.984,-26.672,2.396,2.758,1.157,1.406,0,NULL,NULL,,3,1,2,7,255,989,250,0,0
stim,90512,120633,1,120633,3317959.455,-0.583,-0.130,0.294,0.746,0,0,0,0,0,0,0,251,60,1.421,1,2150,0,206.485,41.408,133.125,155.438,27.438,4.688,-2.242,0.801,-0.895,41.398,-31.375,2.230,2.586,1.157,1.406,0,NULL,NULL,,3,1,2,7,255,989,250,0,0
stim,90512,120633,1,120633,3317964.454,-0.580,-0.129,0.303,0.745,0,0,0,0,0,0,0,251,60,1.421,1,2150,0,215.012,44.230,155.750,122.813,83.000,4.555,-2.660,0.703,8.598,43.387,-33.984,2.062,2.410,1.157,1.406,0,NULL,NULL,,3,1,2,7,255,989,250,0,0
stim,90563,120684,1,120684,3317969.455,-0.577,-0.123,0.314,0.744,0,0,0,0,0,0,0,243,60,1.421,1,2150,0,307.478,45.107,274.313,80.875,112.938,4.219,-2.711,0.660,12.340,43.387,-35.383,1.890,2.230,1.157,1.406,0,NULL,NULL,,3,1,2,7,255,989,250,0,0
stim,90563,120684,1,120684,3317974.454,-0.574,-0.113,0.329,0.742,0,0,0,0,0,0,0,232,60,1.421,1,2150,0,425.009,42.122,400.500,30.188,139.000,3.469,-1.820,1.711,12.340,40.273,-35.383,1.714,2.048,1.157,1.406,0,NULL,NULL,,3,1,2,7,255,989,250,0,0
stim,90563,120684,1,120684,3317979.455,-0.574,-0.101,0.341,0.737,0,0,0,35,0,0,0,411,60,1.421,1,2150,0,394.807,41.230,390.688,-20.000,53.250,2.430,-0.824,3.441,8.828,40.273,-21.449,1.532,1.862,1.157,1.406,0,NULL,NULL,,3,1,2,7,255,989,250,0,0
stim,90563,120684,1,120684,3317984.454,-0.572,-0.076,0.357,0.735,294,0,0,635,0,53,0,503,60,1.421,1,2150,0,695.506,41.237,614.250,-216.750,243.813,1.027,-1.254,7.457,8.828,40.281,-0.121,1.348,1.672,1.157,1.406,0,NULL,NULL,,3,1,2,7,255,989,250,0,0
stim,90563,120684,1,120684,3317989.455,-0.566,-0.046,0.368,0.736,1004,0,0,1379,0,237,0,549,60,1.421,1,2150,0,744.291,56.163,565.438,-329.313,354.688,2.871,1.305,11.941,16.477,53.691,34.461,1.162,1.476,1.157,1.406,0,NULL,NULL,,3,1,2,7,255,989,250,0,0
stim,90563,120684,1,120684,3317994.453,-0.561,-0.060,0.337,0.754,1611,0,0,1817,0,520,0,620,60,1.421,1,2150,0,903.052,56.163,-877.250,-135.188,166.313,0.645,0.504,6.395,16.477,53.691,38.102,0.974,1.276,1.157,1.406,0,NULL,NULL,,3,1,2,7,255,989,250,0,0
stim,90563,120684,1,120684,3317999.455,-0.547,-0.084,0.283,0.784,2083,0,0,1991,0,867,0,695,61,1.421,1,2151,0,1546.850,41.138,-1487.875,-220.875,360.813,0.344,5.121,0.008,9.430,40.043,38.102,0.788,1.068,1.157,1.406,1,979.000,-10.000,,3,1,2,7,255,989,250,0,0
stim,90563,120684,1,120684,3318004.454,-0.533,-0.098,0.247,0.803,2342,0,0,2163,0,1141,0,791,61,1.421,1,2151,0,1031.688,41.047,-969.500,-159.563,314.625,-1.199,4.676,-3.762,-39.734,-10.297,5.113,0.610,0.848,1.157,1.406,1,NULL,NULL,,3,1,2,7,255,989,250,0,0
stim,90581,120702,1,120702,3318009.455,-0.527,-0.099,0.233,0.811,2533,0,0,2295,0,1336,0,866,61,1.421,1,2151,0,389.504,53.366,-316.500,-150.188,170.250,-2.660,-0.043,-3.152,-39.734,-35.625,-24.691,0.470,0.618,1.157,1.406,1,NULL,NULL,,3,1,2,7,255,989,250,0,0
stim,90581,120702,1,120702,3318014.453,-0.531,-0.091,0.233,0.810,2665,0,0,2427,0,1533,0,1033,61,1.421,1,2151,0,192.002,36.882,91.375,-164.563,-37.875,-1.641,-1.707,0.324,9.547,-35.625,-24.691,0.438,0.420,1.157,1.406,1,NULL,NULL,,3,1,2,7,255,989,250,0,0
stim,90581,120702,1,120702,3318019.455,-0.534,-0.083,0.237,0.807,2828,0,0,2653,0,1657,0,1149,61,1.421,1,2151,0,236.720,11.276,207.688,-107.500,-36.688,0.641,2.422,1.402,9.547,-6.000,-4.891,0.490,0.312,1.157,1.406,2,NULL,NULL,,3,1,2,7,255,989,250,0,0
stim,90581,120702,1,120702,3318024.454,-0.529,-0.073,0.241,0.811,2931,0,0,2803,0,1721,0,1287,61,1.421,1,2151,0,263.822,19.801,142.750,-114.563,190.000,0.129,2.426,2.309,-19.535,3.234,6.250,0.548,0.298,1.157,1.406,2,NULL,NULL,,3,1,2,7,255,989,250,0,0
stim,90581,120702,1,120702,3318029.455,-0.518,-0.068,0.231,0.821,2997,0,0,2854,0,1773,0,1434,61,1.421,1,2151,0,407.909,19.801,-183.688,-175.750,319.000,-1.797,-0.453,2.449,-19.535,3.234,16.480,0.592,0.336,1.157,1.406,2,NULL,NULL,,3,1,2,7,255,989,250,0,0
stim,90581,120702,1,120702,3318034.454,-0.516,-0.070,0.214,0.826,3035,0,0,2981,0,1815,0,1563,61,1.421,1,2151,0,413.233,14.429,-366.750,-175.625,73.563,-2.609,-1.438,0.668,14.246,-2.289,16.480,0.636,0.388,1.157,1.406,2,NULL,NULL,,3,1,2,7,255,989,250,0,0
stim,90603,120724,1,120724,3318039.455,-0.522,-0.070,0.201,0.826,3067,0,0,3037,0,1846,0,1615,61,1.421,1,2151,0,333.430,16.629,-247.375,-175.250,-138.813,-1.340,-0.965,-0.320,14.246,-8.578,1.180,0.682,0.440,1.157,1.406,2,NULL,NULL,,3,1,2,7,255,989,250,0,0
stim,90603,120724,1,120724,3318044.453,-0.531,-0.067,0.195,0.822,3087,0,0,3087,0,1878,0,1649,61,1.421,1,2151,0,285.656,16.442,-44.313,-171.313,-224.250,0.379,-1.063,0.582,14.027,-8.578,-8.043,0.712,0.482,1.157,1.406,2,NULL,NULL,,3,1,2,7,255,989,250,0,0
stim,90603,120724,1,120724,3318049.455,-0.536,-0.062,0.190,0.820,3102,0,0,3115,0,1913,0,1657,61,1.421,1,2151,0,200.233,12.201,-21.500,-161.563,-116.313,1.406,-1.422,1.770,8.090,9.133,-8.043,0.718,0.512,1.157,1.406,2,NULL,NULL,,3,1,2,7,255,989,250,0,0
stim,90603,120724,1,120724,3318054.454,-0.535,-0.059,0.183,0.823,3115,0,0,3144,0,1950,0,1643,61,1.421,1,2151,0,178.933,24.555,-101.938,-138.938,48.188,1.375,-1.695,1.953,8.090,23.184,-0.941,0.704,0.534,1.157,1.406,2,NULL,NULL,,3,1,2,7,255,989,250,0,0
stim,90626,120747,1,120747,3318059.455,-0.530,-0.057,0.175,0.828,3125,0,0,3175,0,2005,31,1637,61,1.421,1,2151,0,259.245,25.499,-165.313,-124.125,156.438,0.738,-1.742,1.496,10.617,23.184,-0.941,0.682,0.546,1.157,1.406,2,NULL,NULL,,3,1,2,7,255,989,250,0,0
stim,90626,120747,1,120747,3318064.453,-0.523,-0.056,0.167,0.834,3132,0,0,3187,0,2065,61,1642,61,1.421,1,2151,0,278.252,20.683,-172.063,-109.125,189.500,-0.305,-0.969,0.852,10.617,17.750,-1.465,0.662,0.534,1.157,1.406,2,NULL,NULL,,3,1,2,7,255,989,250,0,0
stim,90626,120747,1,120747,3318069.455,-0.518,-0.053,0.160,0.838,3141,0,0,3196,0,2131,108,1673,61,1.421,1,2151,0,210.435,10.922,-106.438,-114.875,140.563,-0.563,0.125,0.387,10.180,3.957,-2.926,0.644,0.486,1.157,1.406,2,NULL,NULL,,3,1,2,7,255,989,250,0,0
stim,90626,120747,1,120747,3318074.454,-0.516,-0.050,0.156,0.841,3143,0,0,3192,0,2191,138,1719,61,1.421,1,2151,0,159.743,4.368,-61.500,-122.938,81.375,-0.734,0.516,0.961,1.543,-4.086,-2.926,0.628,0.410,1.157,1.406,2,NULL,NULL,,3,1,2,7,255,989,250,0,0
stim,90665,120786,1,120786,3318079.455,-0.516,-0.047,0.150,0.842,3144,0,0,3205,0,2259,153,1787,61,1.421,1,2151,0,149.249,4.157,-79.188,-124.188,24.125,-0.531,0.535,1.191,-0.766,-4.086,1.832,0.616,0.324,1.157,1.406,2,NULL,NULL,,3,1,2,7,255,989,250,0,0
stim,90665,120786,1,120786,3318084.454,-0.516,-0.045,0.144,0.843,3145,0,0,3208,0,2325,237,1901,61,1.421,1,2151,0,156.924,3.476,-100.000,-120.813,-5.438,-0.328,0.266,1.145,-0.766,-3.391,2.129,0.604,0.262,1.157,1.406,2,NULL,NULL,,3,1,2,7,255,989,250,0,0
stim,90665,120786,1,120786,3318089.455,-0.518,-0.043,0.139,0.843,3145,0,0,3208,0,2356,303,2012,61,1.421,1,2151,0,134.817,0.940,-79.688,-102.938,-35.063,0.059,-0.055,1.348,-0.414,-0.844,2.715,0.584,0.234,1.157,1.406,2,NULL,NULL,,3,1,2,7,255,989,250,0,0
stim,90665,120786,1,120786,3318094.453,-0.520,-0.042,0.136,0.842,3145,0,0,3207,0,2386,278,2077,61,1.421,1,2151,0,93.454,4.179,-39.938,-54.500,-64.563,0.547,-0.266,1.492,0.398,4.160,2.715,0.566,0.224,1.157,1.406,2,NULL,NULL,,3,1,2,7,255,989,250,0,0
stim,90665,120786,1,120786,3318099.455,-0.522,-0.041,0.134,0.842,3144,0,0,3208,87,2406,307,2118,61,1.421,1,2151,0,57.486,9.512,-23.563,-45.500,-26.063,0.926,0.109,0.988,0.398,9.504,2.715,0.564,0.214,1.157,1.406,2,NULL,NULL,,3,1,2,7,255,989,250,0,0
stim,90665,120786,1,120786,3318104.454,-0.521,-0.040,0.132,0.842,3144,0,0,3209,251,2421,335,2165,61,1.421,1,2151,0,41.968,9.614,-22.563,-32.813,13.250,0.184,0.137,1.605,-1.449,9.504,2.746,0.576,0.196,1.157,1.406,2,NULL,NULL,,3,1,2,7,255,989,250,0,0
stim,90665,120786,1,120786,3318109.455,-0.521,-0.042,0.128,0.843,3145,0,0,3207,399,2440,355,2215,61,1.421,1,2151,0,98.976,5.108,-96.500,-22.000,0.125,-0.219,-0.078,1.164,-1.449,4.898,1.578,0.602,0.174,1.157,1.406,2,NULL,NULL,,3,1,2,7,255,989,250,0,0
stim,90665,120786,1,120786,3318114.453,-0.521,-0.043,0.125,0.843,3144,0,0,3207,508,2451,361,2252,61,1.421,1,2151,0,76.975,1.786,-73.563,-22.375,-3.625,-0.227,-0.027,0.563,1.309,1.215,1.578,0.624,0.152,1.157,1.406,2,NULL,NULL,,3,1,2,7,255,989,250,0,0
stim,90665,120786,1,120786,3318119.455,-0.522,-0.043,0.124,0.843,3143,0,0,3205,612,2457,373,2285,61,1.421,1,2151,0,39.071,1.326,-16.063,-19.000,-30.125,-0.238,0.070,0.926,1.309,-0.215,-0.449,0.638,0.126,1.157,1.406,2,NULL,NULL,,3,1,2,7,255,989,250,0,0
stim,90665,120786,1,120786,3318124.454,-0.524,-0.043,0.123,0.842,3143,0,0,3204,700,2461,379,2311,61,1.421,1,2151,0,50.557,0.654,-0.250,-17.313,-47.500,0.023,0.352,1.164,0.617,-0.215,-0.449,0.640,0.098,1.157,1.406,2,NULL,NULL,,3,1,2,7,255,989,250,0,0
stim,90696,120817,1,120817,3318129.455,-0.526,-0.043,0.122,0.841,3143,0,0,3197,805,2469,367,2331,61,1.421,1,2151,0,49.733,3.252,-26.500,-11.875,-40.375,0.051,0.379,1.320,-2.941,1.387,1.668,0.642,0.076,1.157,1.406,2,NULL,NULL,,3,1,2,7,255,989,250,0,0
stim,90696,120817,0,120817,3318134.454,-0.527,-0.044,0.119,0.840,3135,0,0,3193,919,2475,372,2348,61,1.421,1,2151,0,71.836,3.370,-63.250,-4.063,-33.813,-0.035,0.156,1.156,-2.941,1.645,1.668,0.646,0.058,1.157,1.406,2,NULL,NULL,,3,0,2,7,255,992,250,0,0
stim,90696,120817,0,120817,3318139.455,-0.528,-0.046,0.116,0.840,3141,6,0,3193,1017,2479,367,2364,61,1.421,1,2151,0,78.075,1.960,-67.938,-2.750,-38.375,-0.145,0.055,0.898,-1.066,1.645,1.449,0.654,0.044,1.157,1.406,2,NULL,NULL,,3,0,2,7,255,992,250,0,0
stim,90696,120817,0,120817,3318144.453,-0.530,-0.047,0.115,0.839,3140,17,0,3192,1077,2485,363,2381,61,1.421,1,2151,0,67.638,0.551,-43.750,-3.875,-51.438,-0.156,0.098,0.855,-0.184,0.520,-0.895,0.660,0.034,1.157,1.406,2,NULL,NULL,,3,0,2,7,255,992,250,0,0
stim,90716,120837,0,120837,3318149.455,-0.532,-0.047,0.113,0.838,3135,20,0,3163,1127,2489,363,2393,61,1.421,1,2151,0,62.980,0.551,-26.375,-2.750,-57.125,-0.043,0.090,0.988,-0.184,0.520,-0.895,0.666,0.026,1.157,1.406,2,NULL,NULL,,3,0,2,7,255,992,250,0,0
stim,90716,120837,0,120837,3318154.454,-0.534,-0.048,0.112,0.837,3144,29,0,3199,1175,2507,349,2397,61,1.421,1,2151,0,55.956,1.525,-29.375,0.063,-47.625,0.047,0.055,1.070,-0.590,1.406,-0.207,0.670,0.020,1.157,1.406,2,NULL,NULL,,3,0,2,7,255,992,250,0,0
stim,90716,120837,0,120837,3318159.455,-0.535,-0.049,0.110,0.836,3133,36,0,3189,1203,2495,345,2397,61,1.421,1,2151,0,46.743,2.258,-32.063,0.938,-34.000,0.023,0.051,1.020,-0.590,2.180,-0.074,0.674,0.016,1.157,1.406,2,NULL,NULL,,3,0,2,7,255,992,250,0,0
stim,90716,120837,0,120837,3318164.453,-0.536,-0.049,0.109,0.836,3132,36,0,3189,1241,2495,334,2409,61,1.421,1,2151,0,36.489,2.274,-26.625,2.625,-24.813,-0.008,0.082,0.992,-0.648,2.180,-0.074,0.680,0.010,1.157,1.406,2,NULL,NULL,,3,0,2,7,255,992,250,0,0
stim,90716,120837,0,120837,3318169.455,-0.536,-0.050,0.108,0.835,3128,41,0,3187,1276,2495,329,2396,61,1.421,1,2151,0,27.755,1.875,-19.375,1.563,-19.813,-0.090,0.137,1.008,-0.730,1.727,-0.074,0.688,0.006,1.157,1.406,2,NULL,NULL,,3,0,2,7,255,992,250,0,0
stim,90716,120837,0,120837,3318174.454,-0.537,-0.050,0.108,0.835,3127,50,0,3181,1301,2495,317,2395,61,1.421,1,2151,0,27.942,1.200,-17.063,2.375,-22.000,-0.121,0.211,1.051,-0.891,0.805,0.109,0.000,0.000,1.157,1.406,2,NULL,NULL,,3,0,2,7,255,992,250,0,0
stim,90763,120884,0,120884,3318179.455,-0.538,-0.051,0.107,0.835,3123,55,0,3145,1331,2494,291,2403,61,1.421,1,2151,0,28.981,1.400,-18.563,1.750,-22.188,-0.137,0.207,1.039,-1.355,0.352,0.590,0.000,0.000,1.157,1.406,2,NULL,NULL,,3,0,2,7,255,992,250,0,0
stim,90763,120884,0,120884,3318184.454,-0.539,-0.051,0.106,0.834,3117,63,0,3179,1361,2504,267,2407,61,1.421,1,2151,0,29.980,1.393,-20.875,0.875,-21.500,-0.137,0.176,1.047,-1.355,0.320,0.625,0.000,0.000,1.157,1.406,2,NULL,NULL,,3,0,2,7,255,992,250,0,0
stim,90763,120884,0,120884,3318189.455,-0.539,-0.052,0.106,0.834,3115,71,0,3173,1407,2495,269,2413,61,1.349,1,2151,1,28.562,1.140,-23.313,-0.250,-16.500,-0.129,0.145,1.027,-1.094,0.320,0.590,0.000,0.000,1.222,1.362,2,NULL,NULL,,3,0,2,7,255,992,250,0,0
stim,90763,120884,0,120884,3318194.454,-0.540,-0.052,0.105,0.834,3113,73,0,3171,1459,2507,249,2413,61,1.349,1,2151,1,26.777,0.921,-24.625,-3.063,-10.063,-0.180,0.129,0.984,-0.863,0.320,0.379,0.008,0.006,1.222,1.362,2,NULL,NULL,,3,0,2,7,255,992,250,0,0
stim,90763,120884,0,120884,3318199.455,-0.540,-0.052,0.104,0.834,3103,79,0,3171,1490,2504,237,2429,61,1.349,1,2151,1,25.877,0.539,-23.250,-4.625,-10.375,-0.211,0.109,0.984,-0.539,-0.020,0.125,0.018,0.012,1.222,1.362,2,NULL,NULL,,3,0,2,7,255,992,250,0,0
stim,90763,120884,0,120884,3318204.454,-0.540,-0.053,0.103,0.834,3095,82,0,3154,1515,2495,236,2445,61,1.349,1,2151,1,27.145,0.236,-23.563,-6.375,-11.875,-0.199,0.086,0.992,-0.234,-0.031,0.125,0.026,0.016,1.222,1.362,2,NULL,NULL,,3,0,2,7,255,992,250,0,0
stim,90763,120884,0,120884,3318209.455,-0.541,-0.053,0.101,0.833,3079,88,0,3109,1556,2501,237,2461,61,1.349,1,2151,1,27.806,0.236,-24.000,-7.688,-11.750,-0.172,0.094,0.984,-0.234,-0.031,0.125,0.032,0.020,1.222,1.362,2,NULL,NULL,,3,0,2,7,255,992,250,0,0
stim,90763,120884,0,120884,3318214.453,-0.541,-0.053,0.100,0.833,3065,87,10,3129,1597,2495,229,2470,61,1.349,1,2151,1,24.831,0.185,-21.188,-9.875,-8.375,-0.172,0.023,0.938,-0.105,0.152,0.008,0.040,0.026,1.222,1.362,2,NULL,NULL,,3,0,2,7,255,992,250,0,0
stim,90783,120904,0,120904,3318219.455,-0.541,-0.053,0.099,0.833,3051,85,17,3123,1643,2500,227,2487,61,1.349,1,2151,1,24.612,0.437,-19.063,-11.438,-10.563,-0.176,-0.008,0.953,0.320,0.297,-0.348,0.048,0.030,1.222,1.362,2,NULL,NULL,,3,0,2,7,255,992,250,0,0
stim,90783,120904,0,120904,3318224.454,-0.542,-0.053,0.098,0.833,3037,87,43,3060,1689,2504,220,2501,61,1.349,1,2151,1,22.131,0.514,-15.000,-14.063,-8.188,-0.148,0.027,0.938,0.320,0.402,-0.492,0.056,0.034,1.222,1.362,2,NULL,NULL,,3,0,2,7,255,992,250,0,0
stim,90783,120904,0,120904,3318229.455,-0.542,-0.053,0.098,0.833,3027,87,51,3091,1721,2505,221,2521,61,1.349,1,2151,1,18.402,0.539,-9.938,-14.875,-4.313,-0.184,0.020,0.930,0.359,0.402,-0.520,0.062,0.038,1.222,1.362,2,NULL,NULL,,3,0,2,7,255,992,250,0,0
stim,90783,120904,0,120904,3318234.454,-0.542,-0.053,0.097,0.833,3007,86,84,3079,1768,2509,231,2535,61,1.349,1,2151,1,20.914,0.223,-6.063,-17.375,-9.938,-0.223,0.059,0.965,0.176,0.137,-0.520,0.068,0.040,1.222,1.362,2,NULL,NULL,,3,0,2,7,255,992,250,0,0
stim,90813,120934,0,120934,3318239.455,-0.543,-0.052,0.096,0.833,2988,85,91,3005,1829,2516,231,2555,61,1.349,1,2151,1,22.961,0.290,-4.688,-19.313,-11.500,-0.188,0.137,0.996,0.176,-0.230,-0.102,0.072,0.042,1.222,1.362,2,NULL,NULL,,3,0,2,7,255,992,250,0,0
stim,90813,120934,0,120934,3318244.453,-0.543,-0.051,0.096,0.832,2979,89,133,3048,1881,2519,233,2582,61,1.349,1,2151,1,25.439,0.712,-4.500,-20.000,-15.063,-0.180,0.156,1.008,-0.672,-0.234,0.203,0.076,0.044,1.222,1.362,2,NULL,NULL,,3,0,2,7,255,992,250,0,0
stim,90813,120934,0,120934,3318249.455,-0.544,-0.051,0.095,0.832,2944,108,216,3030,1945,2521,252,2598,61,1.349,1,2151,1,29.716,0.897,-5.875,-20.188,-21.000,-0.164,0.176,1.027,-0.867,-0.230,0.313,0.078,0.044,1.222,1.362,2,NULL,NULL,,3,0,2,7,255,992,250,0,0
stim,90813,120934,0,120934,3318254.454,-0.545,-0.050,0.094,0.832,2914,124,297,3003,2011,2525,269,2623,61,1.349,1,2151,1,32.309,1.146,-8.500,-20.188,-23.750,-0.113,0.176,1.020,-1.137,-0.145,0.324,0.080,0.044,1.222,1.362,2,NULL,NULL,,3,0,2,7,255,992,250,0,0
stim,90813,120934,0,120934,3318259.455,-0.546,-0.049,0.093,0.831,2895,133,333,2973,2060,2527,297,2644,61,1.349,1,2151,1,29.743,1.298,-8.188,-20.313,-20.125,-0.090,0.160,1.000,-1.273,0.250,0.324,0.082,0.044,1.222,1.362,2,NULL,NULL,,3,0,2,7,255,992,250,0,0
stim,90813,120934,0,120934,3318264.453,-0.547,-0.049,0.093,0.831,2860,137,427,2953,2103,2533,341,2659,61,1.349,1,2151,1,29.703,1.360,-7.563,-19.188,-21.375,-0.094,0.102,0.992,-1.273,0.477,0.051,0.082,0.044,1.222,1.362,2,NULL,NULL,,3,0,2,7,255,992,250,0,0
stim,90862,120983,0,120983,3318269.455,-0.547,-0.048,0.092,0.831,2829,153,543,2873,2171,2536,379,2681,61,1.349,1,2151,1,25.998,0.968,-5.875,-21.063,-14.063,-0.082,0.098,0.988,-0.742,0.621,-0.055,0.084,0.044,1.222,1.362,2,NULL,NULL,,3,0,2,7,255,992,250,0,0
stim,90862,120983,0,120983,3318274.454,-0.548,-0.048,0.091,0.830,2799,169,677,2901,2249,2547,431,2703,61,1.349,1,2151,1,25.142,0.965,-4.000,-19.438,-15.438,-0.133,0.078,0.969,-0.738,0.621,-0.102,0.086,0.046,1.222,1.362,2,NULL,NULL,,3,0,2,7,255,992,250,0,0
stim,90862,120983,0,120983,3318279.455,-0.548,-0.047,0.090,0.830,2759,185,755,2873,2314,2551,501,2715,61,1.349,1,2151,1,26.491,0.795,-1.250,-23.188,-12.750,-0.125,0.133,0.996,-0.742,0.285,-0.102,0.090,0.048,1.222,1.362,2,NULL,NULL,,3,0,2,7,255,992,250,0,0
stim,90862,120983,0,120983,3318284.454,-0.549,-0.046,0.090,0.830,2713,203,885,2845,2363,2549,561,2727,61,1.349,1,2151,1,30.795,0.665,-5.813,-22.000,-20.750,-0.277,0.172,1.055,-0.637,0.191,0.074,0.092,0.050,1.222,1.362,2,NULL,NULL,,3,0,2,7,255,992,250,0,0
stim,90862,120983,0,120983,3318289.455,-0.551,-0.046,0.089,0.829,2653,231,1047,2828,2419,2571,691,2749,61,1.349,1,2151,1,51.367,1.268,-16.500,-24.000,-42.313,-0.230,0.203,1.063,-0.875,-0.918,0.945,0.096,0.052,1.222,1.362,2,NULL,NULL,,3,0,2,7,255,992,250,0,0
stim,90862,120983,0,120983,3318294.453,-0.552,-0.045,0.087,0.828,2585,239,1193,2797,2477,2568,851,2765,61,1.349,1,2151,1,56.975,1.458,-15.938,-24.188,-49.063,-0.109,0.176,0.996,-1.133,-0.918,0.945,0.098,0.052,1.222,1.362,2,NULL,NULL,,3,0,2,7,255,992,250,0,0
stim,90862,120984,0,120984,3318299.455,-0.554,-0.045,0.086,0.827,2504,244,1315,2764,2533,2571,1015,2791,61,1.349,1,2151,1,61.531,1.342,-23.500,-23.438,-51.813,-0.215,0.184,1.086,-1.133,-0.719,0.945,0.102,0.054,1.222,1.362,2,NULL,NULL,,3,0,2,7,255,992,250,0,0
stim,90862,120984,0,120984,3318304.454,-0.556,-0.045,0.084,0.825,2420,249,1467,2713,2575,2567,1141,2809,61,1.349,1,2151,1,66.376,1.051,-25.438,-24.813,-56.063,-0.055,0.086,1.000,-1.047,0.094,0.070,0.104,0.054,1.222,1.362,2,NULL,NULL,,3,0,2,7,255,992,250,0,0
stim,90890,121011,0,121011,3318309.455,-0.558,-0.045,0.082,0.824,2344,255,1629,2683,2611,2567,1269,2824,61,1.349,1,2151,1,67.304,0.762,-36.625,-22.875,-51.625,-0.176,0.086,1.133,-0.762,-0.012,1.117,0.108,0.054,1.222,1.362,2,NULL,NULL,,3,0,2,7,255,992,250,0,0
stim,90890,121011,0,121011,3318314.453,-0.560,-0.045,0.080,0.823,2236,263,1772,2634,2655,2571,1415,2831,61,1.349,1,2151,1,82.464,0.426,-47.125,-21.438,-64.188,-0.160,0.000,1.020,-0.355,0.234,0.270,0.112,0.056,1.222,1.362,2,NULL,NULL,,3,0,2,7,255,992,250,0,0
stim,90890,121011,0,121011,3318319.455,-0.563,-0.046,0.077,0.822,2141,263,1903,2573,2693,2571,1567,2839,61,1.349,1,2151,0,85.871,0.419,-56.188,-23.750,-60.438,-0.063,-0.086,1.020,0.348,0.234,0.270,0.114,0.058,1.222,1.362,2,NULL,NULL,,3,0,2,7,255,992,250,0,0
stim,90890,121011,0,121011,3318324.454,-0.565,-0.047,0.074,0.821,2007,265,2029,2509,2724,2571,1679,2861,61,1.349,1,2151,0,89.515,0.992,-62.188,-21.688,-60.625,-0.152,-0.121,1.063,0.715,0.688,0.270,0.118,0.058,1.222,1.362,2,NULL,NULL,,3,0,2,7,255,992,250,0,0
stim,90890,121012,0,121012,3318329.455,-0.567,-0.048,0.070,0.819,1881,265,2155,2380,2749,2578,1821,2863,61,1.349,1,2151,0,109.262,1.038,-85.750,-24.500,-63.125,-0.176,-0.063,1.125,0.777,0.688,0.664,0.120,0.058,1.222,1.362,2,NULL,NULL,,3,0,2,7,255,992,250,0,0
stim,90890,121012,0,121012,3318334.453,-0.569,-0.050,0.066,0.818,1718,267,2269,2340,2779,2567,1917,2888,61,1.349,1,2151,0,121.843,0.836,-94.250,-24.438,-73.250,-0.160,-0.035,0.957,0.777,0.309,0.664,0.120,0.056,1.222,1.362,2,NULL,NULL,,3,0,2,7,255,992,250,0,0
stim,90891,121012,0,121012,3318339.455,-0.572,-0.051,0.062,0.817,1547,253,2367,2247,2808,2571,2038,2891,61,1.349,1,2151,0,110.956,0.450,-81.875,-28.500,-69.250,-0.152,-0.020,0.863,0.445,0.063,-0.313,0.122,0.054,1.222,1.362,2,NULL,NULL,,3,0,2,7,255,992,250,0,0
stim,90891,121012,0,121012,3318344.453,-0.574,-0.052,0.058,0.815,1319,245,2469,2145,2839,2555,2151,2900,61,1.349,1,2151,0,101.736,0.236,-62.125,-32.000,-73.938,-0.141,0.004,0.941,0.234,-0.023,-0.488,0.122,0.052,1.222,1.362,2,NULL,NULL,,3,0,2,7,255,992,250,0,0
stim,90911,121032,0,121032,3318349.455,-0.577,-0.052,0.055,0.813,1125,222,2531,1998,2861,2555,2236,2916,61,1.349,1,2151,0,95.074,0.082,-53.250,-32.625,-71.688,-0.086,0.035,1.031,-0.078,-0.023,-0.488,0.122,0.048,1.222,1.362,2,NULL,NULL,,3,0,2,7,255,992,250,0,0
stim,90911,121032,0,121032,3318354.454,-0.579,-0.052,0.052,0.812,925,197,2597,1811,2889,2543,2316,2919,61,1.349,1,2151,0,92.369,0.658,-53.563,-34.750,-66.750,-0.027,-0.012,1.063,-0.453,0.477,0.324,0.122,0.046,1.222,1.362,2,NULL,NULL,,3,0,2,7,255,992,250,0,0
stim,90911,121032,0,121032,3318359.455,-0.581,-0.052,0.049,0.811,701,164,2639,1503,2893,2541,2408,2925,61,1.349,1,2151,0,86.165,1.227,-61.250,-34.063,-50.125,0.008,-0.070,1.141,-0.453,1.141,0.543,0.120,0.042,1.222,1.362,2,NULL,NULL,,3,0,2,7,255,992,250,0,0
stim,90911,121032,0,121032,3318364.453,-0.582,-0.053,0.046,0.810,459,101,2675,1319,2919,2537,2469,2937,61,1.349,1,2151,0,84.842,1.188,-67.063,-34.063,-39.250,-0.102,-0.008,1.031,-0.332,1.141,0.543,0.120,0.040,1.222,1.362,2,NULL,NULL,,3,0,2,7,255,992,250,0,0
stim,90933,121054,0,121054,3318369.455,-0.583,-0.053,0.043,0.809,297,73,2716,1044,2935,2518,2521,2955,61,1.349,1,2151,0,81.641,0.440,-55.688,-39.375,-44.875,-0.078,0.000,0.887,-0.332,0.289,0.344,0.120,0.036,1.222,1.362,2,NULL,NULL,,3,0,2,7,255,992,250,0,0
stim,90933,121054,0,121054,3318374.454,-0.585,-0.052,0.040,0.809,115,29,2747,808,2957,2502,2579,2961,61,1.349,1,2151,0,66.354,0.440,-41.000,-39.625,-33.938,-0.023,-0.070,1.059,-0.332,0.289,0.344,0.120,0.034,1.222,1.362,2,NULL,NULL,,3,0,2,7,255,992,250,0,0
stim,90965,121086,0,121086,3318379.455,-0.586,-0.052,0.037,0.808,28,0,2789,547,2959,2475,2629,2969,61,1.349,1,2151,0,68.922,0.512,-37.938,-44.688,-36.250,-0.070,0.020,0.980,-0.426,0.285,-0.195,0.120,0.032,1.222,1.362,2,NULL,NULL,,3,0,2,7,255,992,250,0,0
stim,90965,121086,0,121086,3318384.453,-0.587,-0.051,0.035,0.807,2,0,2821,334,2981,2455,2663,2973,61,1.349,1,2151,0,65.329,0.798,-30.063,-48.125,-32.375,-0.055,0.004,0.988,-0.637,0.480,-0.141,0.120,0.030,1.222,1.362,2,NULL,NULL,,3,0,2,7,255,992,250,0,0
stim,90965,121086,0,121086,3318389.455,-0.588,-0.049,0.033,0.807,0,0,2845,247,2995,2443,2707,2980,61,1.349,1,2151,0,59.034,0.698,-13.875,-52.063,-24.125,-0.129,-0.055,1.133,-0.637,0.285,-0.141,0.120,0.028,1.222,1.362,2,NULL,NULL,,3,0,2,7,255,992,250,0,0
stim,90965,121086,0,121086,3318394.453,-0.588,-0.047,0.031,0.807,0,0,2855,151,2998,2411,2733,2984,61,1.349,1,2151,0,61.415,0.053,-9.250,-60.125,-8.438,-0.223,-0.090,1.223,0.031,0.043,1.375,0.122,0.028,1.222,1.362,2,NULL,NULL,,3,0,2,7,255,992,250,0,0
stim,90965,121086,0,121086,3318399.455,-0.588,-0.045,0.029,0.807,0,0,2867,123,3013,2403,2771,2997,61,1.349,1,2151,0,69.067,0.907,-1.063,-68.063,-11.688,-0.391,-0.250,1.309,0.578,-0.699,2.383,0.124,0.030,1.222,1.362,2,NULL,NULL,,3,0,2,7,255,992,250,0,0
stim,90965,121086,0,121086,3318404.454,-0.589,-0.042,0.028,0.807,0,0,2871,77,3019,2367,2792,3003,61,1.349,1,2151,0,83.174,2.976,28.063,-78.000,-6.813,-0.414,-0.340,1.551,2.535,-1.559,3.441,0.126,0.030,1.222,1.362,2,NULL,NULL,,3,0,2,7,255,992,250,0,0
stim,90965,121086,0,121086,3318409.455,-0.588,-0.039,0.026,0.807,0,0,2879,23,3043,2334,2821,3011,61,1.349,1,2151,0,92.773,2.976,6.813,-91.813,11.438,-0.195,-0.094,1.629,2.535,-1.559,5.828,0.126,0.030,1.222,1.362,3,NULL,NULL,,3,0,2,7,255,992,250,0,0
stim,90965,121086,0,121086,3318414.453,-0.588,-0.037,0.021,0.808,0,0,2887,0,3037,2280,2841,3023,61,1.349,1,2151,0,108.094,0.504,-65.813,-85.750,0.250,-0.074,-0.059,1.305,0.383,-0.328,5.828,0.126,0.032,1.222,1.362,3,NULL,NULL,,3,0,2,7,255,992,250,0,0
stim,90965,121086,0,121086,3318419.455,-0.588,-0.036,0.018,0.808,0,0,2892,0,3048,2235,2875,3015,61,1.349,1,2151,0,105.636,0.328,-48.750,-92.250,16.500,-0.184,-0.020,0.988,0.004,-0.328,3.008,0.124,0.036,1.222,1.362,3,NULL,NULL,,3,0,2,7,255,992,250,0,0
stim,90965,121086,0,121086,3318424.454,-0.586,-0.032,0.015,0.809,0,0,2891,0,3067,2173,2885,3002,61,1.349,1,2151,0,107.958,1.129,-0.563,-103.813,29.625,-0.238,0.141,1.090,-0.164,-1.117,0.945,0.122,0.040,1.222,1.362,3,NULL,NULL,,3,0,2,7,255,992,250,0,0
stim,90996,121117,0,121117,3318429.455,-0.586,-0.028,0.013,0.810,0,0,2893,0,3062,2099,2913,3017,61,1.349,1,2151,0,112.647,2.535,20.000,-110.063,13.250,-0.344,0.195,1.262,-1.340,-2.152,0.945,0.122,0.046,1.222,1.362,3,NULL,NULL,,3,0,2,7,255,992,250,0,0
stim,90996,121117,0,121117,3318434.453,-0.586,-0.023,0.011,0.810,0,0,2889,0,3077,1998,2916,3021,61,1.349,1,2151,0,119.879,2.545,21.813,-117.375,-10.875,-0.254,0.066,1.340,-1.340,-2.164,2.648,0.126,0.052,1.222,1.362,3,NULL,NULL,,3,0,2,7,255,992,250,0,0
stim,90996,121117,0,121117,3318439.455,-0.586,-0.018,0.009,0.810,0,0,2889,0,3081,1870,2933,3005,61,1.349,1,2151,0,124.167,2.259,15.563,-123.188,0.313,-0.152,-0.059,1.387,-0.648,-2.164,3.406,0.132,0.058,1.222,1.362,3,NULL,NULL,,3,0,2,7,255,992,250,0,0
stim,90996,121117,0,121117,3318444.454,-0.586,-0.014,0.005,0.810,0,0,2867,0,3092,1743,2951,3010,61,1.349,1,2151,0,128.454,1.191,3.375,-127.750,13.000,-0.164,-0.070,1.379,0.234,-1.168,3.770,0.134,0.066,1.222,1.362,3,NULL,NULL,,3,0,2,7,255,992,250,0,0
stim,91016,121137,0,121137,3318449.455,-0.585,-0.009,0.002,0.811,0,0,2863,0,3087,1591,2953,3003,61,1.349,1,2151,0,134.158,1.256,-7.875,-133.563,9.875,-0.238,-0.051,1.305,0.461,-1.168,3.770,0.138,0.074,1.222,1.362,3,NULL,NULL,,3,0,2,7,255,992,250,0,0
stim,91016,121137,0,121137,3318454.453,-0.585,-0.005,-0.002,0.811,0,0,2847,0,3089,1395,2979,2995,61,1.349,1,2151,0,138.412,1.965,-12.438,-137.750,5.313,-0.203,-0.035,1.234,0.461,-1.910,3.043,0.138,0.082,1.222,1.362,3,NULL,NULL,,3,0,2,7,255,992,250,0,0
stim,91016,121137,0,121137,3318459.455,-0.584,-0.000,-0.006,0.812,0,0,2835,0,3107,1175,2976,2983,61,1.349,1,2151,0,146.171,1.947,-11.188,-144.875,15.875,-0.098,-0.055,1.281,0.379,-1.910,2.766,0.140,0.092,1.222,1.362,3,NULL,NULL,,3,0,2,7,255,992,250,0,0
stim,91016,121137,0,121137,3318464.453,-0.583,0.005,-0.010,0.812,0,0,2811,0,3095,951,2987,2987,61,1.349,1,2151,0,152.413,1.947,-12.313,-149.813,25.188,-0.258,-0.039,1.199,0.379,-1.910,2.293,0.142,0.104,1.222,1.362,3,NULL,NULL,,3,0,2,7,255,992,250,0,0
stim,91016,121137,0,121137,3318469.455,-0.583,0.010,-0.014,0.813,0,0,2791,0,3099,687,3005,2963,61,1.349,1,2151,0,157.476,2.779,-10.563,-157.063,4.313,-0.262,-0.043,1.191,0.676,-2.695,1.902,0.146,0.114,1.222,1.362,3,NULL,NULL,,3,0,2,7,255,992,250,0,0
stim,91016,121137,0,121137,3318474.454,-0.583,0.015,-0.018,0.812,0,0,2751,0,3103,525,3005,2951,61,1.349,1,2151,0,164.549,2.802,-1.813,-164.188,-10.750,-0.172,-0.113,1.043,0.766,-2.695,1.805,0.150,0.126,1.222,1.362,3,NULL,NULL,,3,0,2,7,255,992,250,0,0
stim,91062,121183,0,121183,3318479.455,-0.582,0.022,-0.022,0.812,0,0,2713,0,3099,359,3021,2933,61,1.349,1,2151,0,172.180,2.100,19.188,-171.063,-3.938,-0.035,-0.125,1.035,0.961,-1.867,0.379,0.156,0.138,1.222,1.362,3,NULL,NULL,,3,0,2,7,255,992,250,0,0
stim,91062,121183,0,121183,3318484.453,-0.582,0.029,-0.026,0.813,0,0,2683,0,3112,167,3031,2917,61,1.349,1,2151,0,179.268,1.459,27.688,-176.625,13.188,-0.008,0.000,1.184,0.961,-1.098,0.379,0.158,0.150,1.222,1.362,3,NULL,NULL,,3,0,2,7,255,992,250,0,0
stim,91062,121183,0,121183,3318489.455,-0.580,0.035,-0.029,0.813,0,0,2643,0,3109,97,3032,2888,61,1.349,1,2151,0,184.639,1.119,22.563,-182.313,18.563,-0.109,0.109,1.273,-0.219,-1.098,1.730,0.156,0.162,1.222,1.362,3,NULL,NULL,,3,0,2,7,255,992,250,0,0
stim,91062,121183,0,121183,3318494.454,-0.580,0.042,-0.033,0.813,0,0,2592,0,3113,40,3033,2855,61,1.349,1,2151,0,187.491,2.749,15.250,-186.688,8.250,-0.152,0.148,1.320,-0.828,-2.621,2.477,0.156,0.174,1.222,1.362,3,NULL,NULL,,3,0,2,7,255,992,250,0,0
stim,91062,121183,0,121183,3318499.455,-0.579,0.049,-0.037,0.813,0,0,2521,0,3097,4,3049,2825,61,1.349,1,2151,0,193.620,3.040,4.625,-193.563,-0.875,-0.055,0.199,1.359,-0.988,-2.875,2.848,0.154,0.186,1.222,1.362,3,NULL,NULL,,3,0,2,7,255,992,250,0,0
stim,91062,121183,0,121183,3318504.453,-0.579,0.056,-0.042,0.813,0,0,2443,0,3095,10,3053,2779,61,1.349,1,2151,0,197.251,3.389,0.438,-197.250,-0.563,-0.004,0.234,1.508,-1.676,-2.945,3.281,0.154,0.198,1.222,1.362,3,NULL,NULL,,3,0,2,7,255,992,250,0,0
stim,91084,121205,0,121205,3318509.455,-0.578,0.064,-0.047,0.813,0,0,2329,0,3097,45,3049,2732,61,1.349,1,2151,0,207.045,3.389,17.125,-205.813,14.688,-0.152,0.176,1.840,-1.676,-2.945,4.715,0.156,0.212,1.222,1.362,3,NULL,NULL,,3,0,2,7,255,992,250,0,0
stim,91084,121205,0,121205,3318514.453,-0.575,0.072,-0.051,0.813,0,0,2204,0,3089,73,3046,2694,61,1.349,1,2151,0,228.332,4.931,21.313,-224.063,38.438,-0.371,0.160,2.270,-0.859,-4.855,7.715,0.162,0.228,1.222,1.362,3,NULL,NULL,,3,0,2,7,255,992,250,0,0
stim,91084,121205,0,121205,3318519.455,-0.573,0.080,-0.058,0.814,0,0,2041,0,3064,73,3035,2623,61,1.349,1,2151,0,252.548,7.894,-9.875,-247.688,48.313,-0.645,0.234,2.488,0.238,-7.891,11.402,0.170,0.244,1.222,1.362,3,NULL,NULL,,3,0,2,7,255,992,250,0,0
stim,91084,121205,0,121205,3318524.454,-0.571,0.089,-0.067,0.814,0,0,1877,0,3052,89,3033,2567,61,1.349,1,2151,0,282.170,11.479,-56.688,-273.625,39.188,-0.746,0.457,2.480,0.238,-11.477,12.102,0.180,0.262,1.222,1.362,3,NULL,NULL,,3,0,2,7,255,992,250,0,0
stim,91084,121205,0,121205,3318529.455,-0.569,0.097,-0.078,0.813,0,0,1741,0,3033,96,3003,2462,61,1.349,1,2151,0,312.108,13.631,-87.063,-298.938,21.625,-0.707,0.594,2.426,-0.949,-13.598,12.102,0.194,0.284,1.222,1.362,3,NULL,NULL,,3,0,2,7,255,992,250,0,0
stim,91084,121205,0,121205,3318534.453,-0.567,0.106,-0.089,0.812,0,0,1592,0,3006,107,2995,2368,61,1.349,1,2151,0,340.017,14.385,-94.188,-326.125,19.563,-0.621,0.664,2.461,-2.328,-14.195,11.332,0.216,0.314,1.222,1.362,3,NULL,NULL,,3,0,2,7,255,992,250,0,0
stim,91084,121205,0,121205,3318539.455,-0.565,0.116,-0.102,0.811,0,0,1491,0,2981,121,2958,2253,61,1.349,1,2151,0,368.518,14.713,-104.563,-352.688,22.000,-0.633,0.695,2.574,-3.172,-14.367,11.332,0.248,0.354,1.222,1.362,3,NULL,NULL,,3,0,2,7,255,992,250,0,0
stim,91084,121205,0,121205,3318544.454,-0.563,0.126,-0.116,0.809,0,0,1377,0,2950,121,2911,2153,61,1.349,1,2151,0,397.703,15.946,-126.063,-376.750,18.313,-0.680,0.844,2.684,-3.352,-15.590,11.891,0.292,0.406,1.222,1.362,3,NULL,NULL,,3,0,2,7,255,992,250,0,0
stim,91114,121235,0,121235,3318549.455,-0.561,0.136,-0.131,0.806,0,0,1285,0,2903,135,2847,2039,61,1.349,1,2151,0,423.365,18.137,-138.313,-399.938,12.563,-0.680,0.934,2.688,-4.500,-17.570,11.891,0.348,0.466,1.222,1.362,3,NULL,NULL,,3,0,2,7,255,992,250,0,0
stim,91114,121235,0,121235,3318554.453,-0.558,0.148,-0.145,0.803,0,0,1179,0,2845,135,2783,1943,61,1.349,1,2151,0,441.492,19.222,-124.625,-423.500,5.625,-0.730,0.820,2.871,-4.500,-18.688,12.063,0.416,0.534,1.222,1.362,3,NULL,NULL,,3,0,2,7,255,992,250,0,0
stim,91114,121235,0,121235,3318559.457,-0.555,0.160,-0.161,0.800,0,0,1101,0,2780,134,2701,1811,61,1.349,1,2151,0,471.900,20.648,-137.625,-451.063,17.063,-0.902,0.836,3.055,-3.977,-20.262,12.195,0.490,0.610,1.222,1.362,3,NULL,NULL,,3,0,2,7,255,992,250,0,0
stim,91114,121235,0,121235,3318564.453,-0.552,0.172,-0.178,0.796,0,0,951,0,2688,111,2572,1663,61,1.349,1,2151,0,495.419,23.656,-166.250,-466.688,-1.813,-0.992,0.867,3.086,-3.430,-23.406,12.195,0.570,0.688,1.222,1.362,3,NULL,NULL,,3,0,2,7,255,992,250,0,0
stim,91169,121290,0,121290,3318569.455,-0.551,0.185,-0.196,0.790,0,0,815,0,2558,77,2427,1491,61,1.349,1,2151,0,512.146,24.804,-180.563,-477.625,-39.563,-0.910,0.586,3.055,-3.422,-24.566,11.023,0.656,0.774,1.222,1.362,3,NULL,NULL,,3,0,2,7,255,992,250,0,0
stim,91169,121290,0,121290,3318574.454,-0.549,0.198,-0.213,0.783,0,0,713,0,2425,59,2223,1321,61,1.349,1,2151,0,524.169,24.596,-173.125,-491.313,-58.250,-0.723,0.133,3.008,-1.199,-24.566,10.543,0.750,0.868,1.222,1.362,3,NULL,NULL,,3,0,2,7,255,992,250,0,0
stim,91169,121290,0,121290,3318579.455,-0.546,0.211,-0.232,0.777,0,0,505,0,2202,9,1947,1093,61,1.349,1,2151,0,541.786,22.576,-174.750,-512.250,-24.375,-0.652,-0.270,2.883,2.273,-22.461,10.402,0.854,0.976,1.222,1.362,3,NULL,NULL,,3,0,2,7,255,992,250,0,0
stim,91169,121290,0,121290,3318584.453,-0.541,0.224,-0.251,0.771,0,0,365,0,1941,0,1653,934,61,1.349,1,2151,0,560.249,21.809,-193.125,-525.750,13.000,-0.570,-0.391,2.402,5.699,-21.051,9.473,0.966,1.090,1.222,1.362,3,NULL,NULL,,3,0,2,7,255,992,250,0,0
stim,91169,121290,0,121290,3318589.455,-0.536,0.238,-0.269,0.764,0,0,243,0,1612,0,1247,797,61,1.349,1,2151,0,559.754,19.145,-155.813,-537.438,14.438,-0.563,-0.430,1.918,6.313,-18.074,5.508,1.078,1.206,1.222,1.362,3,NULL,NULL,,3,0,2,7,255,992,250,0,0
stim,91169,121290,0,121290,3318594.454,-0.528,0.254,-0.285,0.759,0,0,139,0,1257,0,741,623,61,1.349,1,2151,0,561.989,17.099,-79.250,-555.125,37.250,-0.637,-0.316,1.801,6.313,-15.891,1.195,1.186,1.318,1.222,1.362,3,NULL,NULL,,3,0,2,7,255,992,250,0,0
stim,91169,121290,0,121290,3318599.455,-0.519,0.271,-0.300,0.754,0,0,107,0,895,0,219,524,61,1.349,1,2151,0,567.010,16.910,-26.313,-563.125,60.813,-0.707,0.023,2.086,5.781,-15.891,-1.090,1.288,1.424,1.222,1.362,3,NULL,NULL,,3,0,2,7,255,992,250,0,0
stim,91169,121290,0,121290,3318604.453,-0.507,0.288,-0.314,0.750,0,0,69,0,390,0,0,451,61,1.349,1,2151,0,584.208,20.217,1.375,-573.000,113.875,-1.207,0.074,2.434,5.027,-19.582,-1.164,1.382,1.524,1.222,1.362,3,NULL,NULL,,3,0,2,7,255,992,250,0,0
stim,91169,121290,0,121290,3318609.455,-0.492,0.304,-0.330,0.746,0,0,37,0,10,0,0,378,61,1.349,1,2151,0,622.140,25.995,-24.875,-591.875,190.063,-1.586,0.258,2.445,5.027,-25.504,-3.762,1.470,1.620,1.222,1.362,3,NULL,NULL,,3,0,2,7,255,992,250,0,0
stim,91169,121290,0,121290,3318614.453,-0.480,0.317,-0.348,0.740,0,0,24,0,0,0,0,328,61,1.349,1,2151,0,597.149,27.180,-103.875,-570.875,141.063,-1.469,0.898,2.117,5.027,-26.711,-8.254,1.560,1.714,1.222,1.362,3,NULL,NULL,,3,0,2,7,255,992,250,0,0
stim,91169,121290,0,121290,3318619.455,-0.473,0.329,-0.365,0.731,0,0,21,0,0,0,0,237,61,1.349,1,2151,0,542.378,26.740,-194.688,-504.813,37.875,-0.902,1.477,1.723,-1.246,-26.711,-11.961,1.652,1.810,1.222,1.362,4,NULL,NULL,,3,0,2,7,255,992,250,0,0
stim,91169,121290,0,121290,3318624.454,-0.468,0.335,-0.384,0.722,0,0,16,0,0,0,0,176,61,1.349,1,2151,0,507.710,23.946,-283.375,-418.750,46.000,-0.648,1.816,1.477,-8.852,-22.250,-11.977,1.750,1.914,1.222,1.362,0,NULL,NULL,,3,0,2,7,255,992,250,0,0
stim,91196,121317,0,121317,3318629.455,-0.466,0.332,-0.406,0.713,0,0,17,0,0,0,0,163,61,1.349,1,2151,0,553.277,23.733,-457.000,-279.063,139.250,-0.543,2.113,0.699,-13.266,-19.680,-12.836,1.854,2.020,1.222,1.362,0,NULL,NULL,,3,0,2,7,255,992,250,0,0
stim,91196,121317,0,121317,3318634.453,-0.466,0.326,-0.424,0.705,0,0,17,0,0,0,0,140,61,1.349,1,2151,0,475.429,18.451,-439.875,-151.375,98.125,-0.367,1.586,-0.242,-13.441,-12.641,-17.191,1.962,2.130,1.222,1.362,0,NULL,NULL,,3,0,2,7,255,992,250,0,0
stim,91196,121317,0,121317,3318639.455,-0.467,0.322,-0.431,0.702,0,0,10,0,0,0,0,151,61,1.349,1,2151,0,202.132,13.602,-197.000,-33.438,30.500,-0.578,-0.289,-0.125,-13.441,-2.082,-17.191,2.070,2.236,1.222,1.362,0,NULL,NULL,,3,0,2,7,255,992,250,0,0
stim,91196,121317,0,121317,3318644.453,-0.468,0.320,-0.431,0.702,0,0,16,0,0,0,0,150,61,1.349,1,2151,0,48.513,5.022,-15.438,44.313,12.313,-1.027,-1.371,1.051,4.570,-2.082,-14.262,2.168,2.334,1.222,1.362,0,NULL,NULL,,3,0,2,7,255,992,250,0,0
stim,91196,121317,0,121317,3318649.455,-0.472,0.315,-0.431,0.702,0,0,9,0,0,0,0,91,61,1.349,1,2151,0,154.896,17.140,-92.250,124.250,-6.688,-1.301,-0.930,1.609,13.059,-11.102,-11.039,2.256,2.418,1.222,1.362,0,NULL,NULL,,3,0,2,7,255,992,250,0,0
stim,91196,121317,0,121317,3318654.454,-0.479,0.305,-0.433,0.700,0,0,9,0,0,0,0,67,61,1.349,1,2151,0,284.019,18.825,-206.313,193.500,-25.688,-1.211,0.328,0.930,13.059,-13.559,-11.039,2.330,2.494,1.222,1.362,0,NULL,NULL,,3,0,2,7,255,992,250,0,0
stim,91229,121350,0,121350,3318659.455,-0.487,0.294,-0.433,0.699,0,0,11,0,0,0,0,61,61,1.349,1,2151,0,297.168,13.591,-183.625,233.375,-11.250,-1.027,1.324,0.156,0.938,-13.559,-16.930,2.402,2.566,1.222,1.362,0,NULL,NULL,,3,0,2,7,255,992,250,0,0
stim,91229,121350,0,121350,3318664.453,-0.492,0.285,-0.430,0.701,0,0,9,0,0,0,0,51,61,1.349,1,2151,0,257.027,11.626,-76.875,245.063,9.875,-1.012,1.387,0.184,-8.738,-7.668,-21.738,2.472,2.640,1.222,1.362,0,NULL,NULL,,3,0,2,7,255,992,250,0,0
stim,91229,121350,0,121350,3318669.455,-0.497,0.277,-0.425,0.704,0,0,9,0,0,0,0,51,61,1.349,1,2151,0,252.579,11.626,-20.438,251.375,13.750,-1.074,0.676,0.703,-8.738,-7.668,-21.738,2.542,2.712,1.222,1.362,0,NULL,NULL,,3,0,2,7,255,992,250,0,0
stim,91229,121350,0,121350,3318674.454,-0.502,0.268,-0.422,0.706,0,0,5,0,0,0,0,47,61,1.349,1,2151,0,266.579,12.155,-58.750,259.750,11.938,-1.023,0.082,0.875,-2.992,-11.781,-17.352,2.606,2.776,1.222,1.362,0,NULL,NULL,,3,0,2,7,255,992,250,0,0
stim,91265,121386,0,121386,3318679.455,-0.508,0.257,-0.419,0.707,0,0,2,0,0,0,0,51,61,1.349,1,2151,0,290.183,11.956,-109.500,267.313,27.563,-0.844,0.039,0.426,2.035,-11.781,-14.367,2.664,2.836,1.222,1.362,0,NULL,NULL,,3,0,2,7,255,992,250,0,0
stim,91265,121386,0,121386,3318684.453,-0.513,0.245,-0.417,0.709,0,0,0,0,0,0,0,60,61,1.349,1,2151,0,288.318,8.100,-95.250,268.938,41.563,-0.902,0.375,-0.148,2.035,-7.840,-14.367,2.722,2.896,1.222,1.362,0,NULL,NULL,,3,0,2,7,255,992,250,0,0
stim,91265,121386,0,121386,3318689.455,-0.518,0.236,-0.412,0.712,0,0,0,0,0,0,0,55,61,1.349,1,2151,0,275.573,3.854,-31.125,272.500,26.750,-0.883,0.539,-0.285,-0.219,-3.848,-18.730,2.780,2.954,1.222,1.362,0,NULL,NULL,,3,0,2,7,255,992,250,0,0
stim,91265,121386,0,121386,3318694.453,-0.522,0.227,-0.405,0.715,0,0,0,0,0,0,0,71,61,1.349,1,2151,0,282.753,3.610,20.688,281.375,18.688,-0.664,0.395,-0.094,-1.281,-3.375,-18.730,2.834,3.010,1.222,1.362,0,NULL,NULL,,3,0,2,7,255,992,250,0,0
stim,91265,121386,0,121386,3318699.455,-0.526,0.219,-0.397,0.720,0,0,0,0,0,0,0,61,61,1.349,1,2151,0,298.816,3.610,35.750,294.500,35.813,-0.504,0.289,0.113,-1.281,-3.375,-16.594,2.876,3.054,1.222,1.362,0,NULL,NULL,,3,0,2,7,255,992,250,0,0
stim,91265,121386,0,121386,3318704.454,-0.530,0.209,-0.389,0.724,0,0,0,0,0,0,0,55,61,1.349,1,2151,0,315.398,4.334,34.813,309.813,47.750,-0.625,0.375,0.188,-1.281,-4.141,-14.414,2.908,3.088,1.222,1.362,0,NULL,NULL,,3,0,2,7,255,992,250,0,0
stim,91265,121386,0,121386,3318709.455,-0.534,0.199,-0.381,0.728,0,0,0,0,0,0,0,57,61,1.349,1,2151,0,329.513,5.741,46.688,322.938,45.938,-0.629,0.313,0.199,-1.148,-5.625,-14.016,2.934,3.114,1.222,1.362,0,NULL,NULL,,3,0,2,7,255,992,250,0,0
stim,91265,121386,0,121386,3318714.453,-0.538,0.190,-0.371,0.733,0,0,0,0,0,0,0,55,61,1.349,1,2151,0,342.450,5.884,69.500,332.563,42.938,-0.652,0.281,0.316,-1.055,-5.789,-14.016,2.956,3.138,1.222,1.362,0,NULL,NULL,,3,0,2,7,255,992,250,0,0
stim,91265,121386,0,121386,3318719.455,-0.542,0.180,-0.360,0.738,0,0,0,0,0,0,0,43,61,1.349,1,2151,0,353.041,6.963,81.813,341.750,33.938,-0.637,0.297,0.531,-1.055,-6.883,-13.148,2.976,3.160,1.222,1.362,0,NULL,NULL,,3,0,2,7,255,992,250,0,0
stim,91265,121386,0,121386,3318724.454,-0.546,0.170,-0.350,0.742,0,0,0,0,0,0,0,45,61,1.349,1,2151,0,359.877,8.563,78.313,349.938,30.375,-0.535,0.289,0.672,-1.391,-8.449,-11.473,2.998,3.182,1.222,1.362,0,NULL,NULL,,3,0,2,7,255,992,250,0,0
stim,91295,121416,0,121416,3318729.455,-0.550,0.160,-0.339,0.746,0,0,0,0,0,0,0,43,61,1.349,1,2151,0,365.313,8.978,72.375,357.000,27.688,-0.531,0.348,0.734,-1.926,-8.770,-9.617,3.020,3.204,1.222,1.362,0,NULL,NULL,,3,0,2,7,255,992,250,0,0
stim,91295,121416,0,121416,3318734.453,-0.555,0.150,-0.328,0.750,0,0,0,0,0,0,0,55,61,1.349,1,2151,0,371.448,9.122,73.000,363.375,24.563,-0.445,0.293,0.770,-2.512,-8.770,-9.109,3.044,3.232,1.222,1.362,0,NULL,NULL,,3,0,2,7,255,992,250,0,0
stim,91295,121416,0,121416,3318739.455,-0.559,0.139,-0.316,0.754,0,0,0,0,0,0,0,57,61,1.349,1,2151,0,377.011,9.571,73.563,369.250,19.500,-0.473,0.309,0.859,-2.641,-9.199,-7.871,3.072,3.262,1.222,1.362,0,NULL,NULL,,3,0,2,7,255,992,250,0,0
stim,91295,121416,0,121416,3318744.453,-0.564,0.129,-0.305,0.757,0,0,0,0,0,0,0,53,61,1.349,1,2151,0,382.163,9.577,69.875,375.625,8.500,-0.410,0.266,0.930,-2.781,-9.164,-7.148,3.104,3.294,1.222,1.362,0,NULL,NULL,,3,0,2,7,255,992,250,0,0
stim,91316,121437,0,121437,3318749.455,-0.569,0.118,-0.293,0.759,0,0,0,0,0,0,0,56,61,1.349,1,2151,0,386.732,9.583,65.813,381.063,4.625,-0.344,0.238,0.941,-2.801,-9.164,-5.844,3.140,3.332,1.222,1.362,0,NULL,NULL,,3,0,2,7,255,992,250,0,0
stim,91316,121437,0,121437,3318754.454,-0.573,0.107,-0.281,0.762,0,0,0,0,0,0,0,53,61,1.349,1,2151,0,392.506,8.971,65.625,386.938,5.813,-0.301,0.227,0.934,-2.855,-8.504,-5.023,3.178,3.370,1.222,1.362,0,NULL,NULL,,3,0,2,7,255,992,250,0,0
stim,91316,121437,0,121437,3318759.455,-0.578,0.096,-0.269,0.764,0,0,0,0,0,0,0,45,61,1.349,1,2151,0,398.415,8.444,67.188,392.688,4.063,-0.301,0.230,0.914,-2.945,-7.914,-4.566,3.220,3.412,1.222,1.362,0,NULL,NULL,,3,0,2,7,255,992,250,0,0
stim,91316,121437,0,121437,3318764.453,-0.583,0.084,-0.257,0.766,0,0,0,0,0,0,0,47,61,1.349,1,2151,0,404.100,8.201,73.750,397.313,-0.750,-0.297,0.238,0.887,-3.000,-7.633,-4.496,3.262,3.456,1.222,1.362,0,NULL,NULL,,3,0,2,7,255,992,250,0,0
stim,91316,121437,0,121437,3318769.455,-0.588,0.073,-0.244,0.768,0,0,0,0,0,0,0,46,61,1.349,1,2151,0,409.733,7.913,84.875,400.813,-5.188,-0.254,0.238,0.938,-3.117,-7.273,-4.457,3.306,3.502,1.222,1.362,0,NULL,NULL,,3,0,2,7,255,992,250,0,0
stim,91316,121437,0,121437,3318774.454,-0.592,0.062,-0.230,0.770,0,0,0,0,0,0,0,45,61,1.349,1,2151,0,411.907,7.683,92.250,401.375,-7.438,-0.207,0.223,0.953,-3.383,-6.898,-3.609,3.350,3.546,1.222,1.362,0,NULL,NULL,,3,0,2,7,255,992,250,0,0
stim,91361,121482,0,121482,3318779.455,-0.596,0.052,-0.216,0.771,0,0,0,0,0,0,0,45,61,1.349,1,2151,0,412.584,7.138,99.250,400.438,-5.000,-0.145,0.133,0.957,-3.383,-6.285,-3.031,3.394,3.590,1.222,1.362,0,NULL,NULL,,3,0,2,7,255,992,250,0,0
stim,91361,121482,0,121482,3318784.453,-0.600,0.041,-0.202,0.773,0,0,0,0,0,0,0,52,61,1.349,1,2151,0,410.735,6.081,112.375,395.063,1.063,-0.105,0.125,0.953,-2.910,-5.340,-2.320,3.434,3.632,1.222,1.362,0,NULL,NULL,,3,0,2,7,255,992,250,0,0
stim,91361,121482,0,121482,3318789.455,-0.603,0.032,-0.188,0.775,0,0,0,0,0,0,0,52,61,1.349,1,2151,0,408.123,5.511,124.250,388.500,13.938,-0.031,0.141,1.023,-2.910,-4.680,-2.027,3.470,3.668,1.222,1.362,0,NULL,NULL,,3,0,2,7,255,992,250,0,0
stim,91361,121482,0,121482,3318794.453,-0.605,0.022,-0.173,0.777,0,0,0,0,0,0,0,51,61,1.349,1,2151,0,404.663,5.210,134.375,380.250,33.250,0.016,0.145,1.082,-3.371,-3.973,-1.059,3.504,3.704,1.222,1.362,0,NULL,NULL,,3,0,2,7,255,992,250,0,0
stim,91361,121482,0,121482,3318799.455,-0.607,0.013,-0.158,0.779,0,0,0,0,0,0,0,55,61,1.349,1,2151,0,401.890,5.378,143.875,372.188,47.875,-0.059,0.254,1.160,-3.625,-3.973,-0.277,3.538,3.738,1.222,1.362,0,NULL,NULL,,3,0,2,7,255,992,250,0,0
stim,91361,121482,0,121482,3318804.454,-0.608,0.004,-0.143,0.781,0,0,0,0,0,0,0,48,61,1.349,1,2151,0,400.018,6.197,156.500,364.875,48.875,-0.082,0.285,1.234,-4.590,-4.164,0.109,3.568,3.768,1.222,1.362,0,NULL,NULL,,3,0,2,7,255,992,250,0,0
stim,91385,121506,0,121506,3318809.455,-0.608,-0.004,-0.128,0.783,0,0,0,0,0,0,0,47,61,1.349,1,2151,0,399.657,6.235,170.063,357.875,52.250,-0.039,0.223,1.383,-4.641,-4.164,0.879,3.598,3.798,1.222,1.362,0,NULL,NULL,,3,0,2,7,255,992,250,0,0
stim,91385,121506,0,121506,3318814.453,-0.609,-0.011,-0.113,0.785,0,0,0,0,0,0,0,51,61,1.349,1,2151,0,398.776,5.903,175.938,352.188,63.500,-0.059,0.195,1.555,-4.641,-3.648,2.652,3.628,3.828,1.222,1.362,0,NULL,NULL,,3,0,2,7,255,992,250,0,0
stim,91385,121506,0,121506,3318819.455,-0.608,-0.019,-0.097,0.788,0,0,0,0,0,0,0,53,61,1.349,1,2151,0,396.227,5.903,177.188,347.063,71.750,-0.137,0.223,1.703,-4.641,-3.648,4.441,3.654,3.856,1.222,1.362,0,NULL,NULL,,3,0,2,7,255,992,250,0,0
stim,91385,121506,0,121506,3318824.454,-0.608,-0.026,-0.082,0.790,0,0,0,0,0,0,0,53,61,1.349,1,2151,0,390.501,6.345,173.188,342.563,71.750,-0.203,0.258,1.840,-4.781,-4.172,5.887,3.682,3.884,1.222,1.362,0,NULL,NULL,,3,0,2,7,255,992,250,0,0
stim,91385,121506,0,121506,3318829.455,-0.607,-0.034,-0.067,0.791,0,0,0,0,0,0,0,52,61,1.349,1,2151,0,382.570,6.375,165.250,337.813,70.250,-0.227,0.234,1.914,-4.820,-4.172,7.254,3.710,3.910,1.222,1.362,0,NULL,NULL,,3,0,2,7,255,992,250,0,0
stim,91385,121506,0,121506,3318834.453,-0.606,-0.042,-0.053,0.793,0,0,0,0,0,0,0,43,61,1.349,1,2151,0,374.270,6.349,156.938,332.250,71.125,-0.242,0.199,1.934,-4.820,-4.133,8.184,3.738,3.938,1.222,1.362,0,NULL,NULL,,3,0,2,7,255,992,250,0,0
stim,91408,121529,0,121529,3318839.455,-0.605,-0.049,-0.039,0.794,0,0,0,0,0,0,0,47,61,1.349,1,2151,0,368.211,5.674,155.750,326.250,69.875,-0.270,0.148,1.926,-4.352,-3.641,8.586,3.766,3.966,1.222,1.362,0,NULL,NULL,,3,0,2,7,255,992,250,0,0
stim,91408,121529,0,121529,3318844.453,-0.604,-0.056,-0.024,0.795,0,0,0,0,0,0,0,47,61,1.349,1,2151,0,365.327,4.872,162.938,320.938,62.563,-0.262,0.059,1.949,-3.695,-3.176,8.719,3.794,3.994,1.222,1.362,0,NULL,NULL,,3,0,2,7,255,992,250,0,0
stim,91408,121529,0,121529,3318849.455,-0.603,-0.062,-0.010,0.795,0,0,0,0,0,0,0,51,61,1.349,1,2151,0,365.041,3.588,172.063,317.375,54.063,-0.230,-0.074,1.977,-2.766,-2.285,9.152,3.822,4.022,1.222,1.362,0,NULL,NULL,,3,0,2,7,255,992,250,0,0
stim,91408,121529,0,121529,3318854.454,-0.602,-0.069,0.005,0.795,0,0,0,0,0,0,0,46,61,1.349,1,2151,0,366.232,1.852,180.438,315.063,48.000,-0.191,-0.152,1.977,-1.551,-1.012,9.648,3.846,4.046,1.222,1.362,0,NULL,NULL,,3,0,2,7,255,992,250,0,0
stim,91408,121529,0,121529,3318859.457,-0.602,-0.074,0.020,0.795,0,0,0,0,0,0,0,47,61,1.349,1,2151,0,370.444,0.775,193.250,313.438,40.500,-0.168,-0.211,1.941,-0.754,0.180,9.648,3.870,4.070,1.222,1.362,0,NULL,NULL,,3,0,2,7,255,992,250,0,0
stim,91408,121529,0,121529,3318864.453,-0.601,-0.079,0.036,0.794,0,0,0,0,0,0,0,41,61,1.349,1,2151,0,378.802,1.126,215.188,310.188,31.125,-0.125,-0.293,1.945,-0.043,1.125,9.367,3.888,4.088,1.222,1.362,0,NULL,NULL,,3,0,2,7,255,992,250,0,0
stim,91468,121589,0,121589,3318869.455,-0.601,-0.084,0.052,0.793,0,0,0,0,0,0,0,39,61,1.349,1,2151,0,389.094,2.465,240.750,305.063,19.250,-0.039,-0.371,1.996,0.832,2.320,9.367,3.904,4.104,1.222,1.362,0,NULL,NULL,,3,0,2,7,255,992,250,0,0
stim,91468,121589,1,121589,3318874.454,-0.601,-0.087,0.069,0.791,0,0,0,0,0,0,0,31,61,1.349,1,2151,0,400.566,4.311,267.875,297.750,6.438,0.125,-0.430,2.086,1.547,4.023,9.617,3.916,4.116,1.222,1.362,0,NULL,NULL,,3,1,2,7,255,992,250,0,0
stim,91468,121589,1,121589,3318879.455,-0.602,-0.089,0.087,0.789,0,0,0,0,0,0,0,26,61,1.349,1,2151,0,414.604,6.628,297.125,289.125,-4.438,0.355,-0.418,2.250,1.547,6.445,9.961,3.920,4.120,1.222,1.362,0,NULL,NULL,,3,1,2,7,255,992,250,0,0
stim,91468,121589,1,121589,3318884.453,-0.603,-0.090,0.105,0.786,0,0,0,0,0,0,0,35,61,1.349,1,2151,0,428.164,9.618,323.500,280.188,-12.938,0.609,-0.367,2.484,1.504,9.500,10.703,3.918,4.118,1.222,1.362,0,NULL,NULL,,3,1,2,7,255,992,250,0,0
stim,91468,121589,1,121589,3318889.455,-0.604,-0.091,0.124,0.782,0,0,0,0,0,0,0,40,61,1.349,1,2151,0,434.428,12.939,338.438,271.750,-18.438,0.871,-0.344,2.746,0.730,12.918,11.941,3.906,4.106,1.222,1.362,0,NULL,NULL,,3,1,2,7,255,992,250,0,0
stim,91468,121589,1,121589,3318894.454,-0.605,-0.091,0.142,0.778,0,0,0,0,0,0,0,45,61,1.349,1,2151,0,429.689,16.622,336.563,266.375,-20.063,1.117,-0.301,2.949,0.398,16.617,13.215,3.884,4.086,1.222,1.362,0,NULL,NULL,,3,1,2,7,255,992,250,0,0
stim,91468,121589,1,121589,3318899.455,-0.605,-0.091,0.160,0.774,0,0,0,0,0,0,0,47,61,1.349,1,2151,0,422.391,20.043,329.813,263.188,-19.250,1.336,-0.246,3.090,0.000,20.043,13.848,3.850,4.054,1.222,1.362,0,NULL,NULL,,3,1,2,7,255,992,250,0,0
stim,91468,121589,1,121589,3318904.454,-0.605,-0.092,0.178,0.770,0,0,0,0,0,0,0,53,61,1.349,1,2151,0,415.214,23.074,321.125,262.375,-21.000,1.531,-0.184,3.223,-0.406,23.070,13.848,3.804,4.008,1.222,1.362,0,NULL,NULL,,3,1,2,7,255,992,250,0,0
stim,91468,121589,1,121589,3318909.455,-0.606,-0.093,0.195,0.766,0,0,0,0,0,0,0,54,61,1.349,1,2151,0,401.708,25.831,302.063,263.500,-26.375,1.691,-0.203,3.332,-0.406,25.828,13.773,3.746,3.952,1.222,1.362,0,NULL,NULL,,3,1,2,7,255,992,250,0,0
stim,91468,121589,1,121589,3318914.453,-0.606,-0.095,0.210,0.761,0,0,0,0,0,0,0,54,61,1.349,1,2151,0,379.096,28.388,270.750,264.000,-26.688,1.777,-0.168,3.449,-0.246,28.387,13.387,3.674,3.880,1.222,1.362,0,NULL,NULL,,3,1,2,7,255,992,250,0,0
stim,91468,121589,1,121589,3318919.455,-0.605,-0.098,0.225,0.757,0,0,0,0,0,0,0,59,61,1.349,1,2151,0,349.235,30.181,228.313,262.438,-31.063,1.934,-0.074,3.477,-0.246,30.180,13.328,3.590,3.794,1.222,1.362,0,NULL,NULL,,3,1,2,7,255,992,250,0,0
stim,91468,121589,1,121589,3318924.454,-0.605,-0.102,0.237,0.753,0,0,0,0,0,0,0,63,61,1.349,1,2151,0,315.357,32.119,174.000,260.250,-38.000,2.184,-0.113,3.313,-0.918,32.105,12.262,3.490,3.696,1.222,1.362,0,NULL,NULL,,3,1,2,7,255,992,250,0,0
stim,91497,121618,1,121618,3318929.455,-0.604,-0.108,0.247,0.749,0,0,0,0,0,0,0,81,61,1.349,1,2151,0,285.263,34.106,117.750,257.188,-36.938,2.473,-0.242,2.957,-0.918,34.094,8.867,3.378,3.580,1.222,1.362,0,NULL,NULL,,3,1,2,7,255,992,250,0,0
stim,91497,121618,1,121618,3318934.453,-0.603,-0.115,0.257,0.746,0,0,0,0,0,0,0,101,61,1.349,1,2151,0,263.555,35.424,83.125,248.313,-29.875,2.711,-0.484,2.539,-0.656,35.418,3.418,3.252,3.452,1.222,1.362,0,NULL,NULL,,3,1,2,7,255,992,250,0,0
stim,91497,121618,1,121618,3318939.455,-0.602,-0.121,0.265,0.744,0,0,0,0,0,0,0,122,61,1.349,1,2151,0,247.806,35.936,70.938,236.438,-21.750,2.930,-0.652,2.203,0.660,35.930,-2.508,3.112,3.310,1.222,1.362,0,NULL,NULL,,3,1,2,7,255,992,250,0,0
stim,91497,121618,1,121618,3318944.454,-0.600,-0.126,0.273,0.741,0,0,0,0,0,0,0,155,61,1.349,1,2151,0,230.597,36.357,65.125,220.813,-13.250,3.125,-0.766,1.918,1.355,36.332,-7.480,2.962,3.156,1.222,1.362,0,NULL,NULL,,3,1,2,7,255,992,250,0,0
stim,91497,121618,1,121618,3318949.455,-0.598,-0.131,0.280,0.739,0,0,0,0,0,0,0,170,61,1.349,1,2151,0,219.876,36.592,76.625,206.063,3.500,3.414,-0.719,1.672,1.355,36.566,-11.746,2.800,2.990,1.222,1.362,0,NULL,NULL,,3,1,2,7,255,992,250,0,0
stim,91497,121618,1,121618,3318954.453,-0.597,-0.135,0.286,0.737,0,0,0,0,0,0,0,211,61,1.349,1,2151,0,162.772,37.423,36.500,158.625,0.750,3.406,-1.020,1.898,1.637,37.387,-15.219,2.628,2.812,1.222,1.362,0,NULL,NULL,,3,1,2,7,255,992,250,0,0
stim,91526,121647,1,121647,3318959.455,-0.596,-0.140,0.290,0.736,0,0,0,0,0,0,0,219,61,1.349,1,2151,0,153.026,39.080,12.438,152.188,-10.063,3.949,-1.535,1.223,3.195,38.949,-15.832,2.452,2.626,1.222,1.362,0,NULL,NULL,,3,1,2,7,255,992,250,0,0
stim,91526,121647,1,121647,3318964.453,-0.593,-0.142,0.296,0.735,0,0,0,0,0,0,0,223,61,1.349,1,2151,0,143.935,40.013,66.688,121.625,38.438,4.160,-1.727,0.871,5.934,39.570,-25.164,2.274,2.436,1.222,1.362,0,NULL,NULL,,3,1,2,7,255,992,250,0,0
stim,91526,121647,1,121647,3318969.455,-0.591,-0.140,0.303,0.735,0,0,0,0,0,0,0,222,61,1.349,1,2151,0,181.204,40.132,138.438,94.250,69.188,3.863,-1.941,0.867,6.691,39.570,-29.395,2.092,2.244,1.222,1.362,0,NULL,NULL,,3,1,2,7,255,992,250,0,0
stim,91526,121647,1,121647,3318974.454,-0.589,-0.136,0.311,0.734,0,0,0,0,0,0,0,223,61,1.349,1,2151,0,203.259,39.372,183.750,52.813,69.000,3.484,-1.859,1.551,9.219,38.277,-29.395,1.908,2.046,1.222,1.362,0,NULL,NULL,,3,1,2,7,255,992,250,0,0
stim,91565,121686,1,121686,3318979.455,-0.588,-0.132,0.317,0.732,0,0,0,0,0,0,0,217,61,1.349,1,2151,0,172.503,39.372,165.813,12.375,45.938,3.137,-1.406,2.309,9.219,38.277,-22.289,1.716,1.840,1.222,1.362,0,NULL,NULL,,3,1,2,7,255,992,250,0,0
stim,91565,121686,1,121686,3318984.453,-0.588,-0.128,0.320,0.732,0,0,0,0,0,0,0,183,61,1.349,1,2151,0,115.915,40.721,109.813,-23.625,28.625,3.172,-1.535,2.625,9.723,39.543,-13.652,1.520,1.632,1.222,1.362,0,NULL,NULL,,3,1,2,7,255,992,250,0,0
stim,91565,121686,1,121686,3318989.455,-0.587,-0.122,0.322,0.733,9,0,0,203,0,0,0,337,61,1.349,1,2151,0,143.247,40.721,103.750,-66.188,73.313,2.289,-1.398,2.789,9.723,39.543,-11.902,1.326,1.424,1.222,1.362,0,NULL,NULL,,3,1,2,7,255,992,250,0,0
stim,91565,121686,1,121686,3318994.454,-0.583,-0.093,0.334,0.735,649,0,0,1031,0,41,0,373,61,1.349,1,2151,0,734.747,42.939,572.938,-296.500,351.688,2.051,0.063,7.336,9.723,41.824,-5.379,1.134,1.214,1.222,1.362,0,NULL,NULL,,3,1,2,7,255,992,250,0,0
stim,91565,121686,1,121686,3318999.455,-0.578,-0.082,0.330,0.741,1348,0,0,1595,0,302,0,507,61,1.349,1,2151,0,330.203,57.864,16.125,-236.438,229.938,1.004,0.270,8.641,11.184,56.773,35.168,0.940,0.992,1.222,1.362,0,NULL,NULL,,3,1,2,7,255,992,250,0,0
stim,91565,121686,1,121686,3319004.453,-0.562,-0.097,0.292,0.768,1899,0,0,1931,0,558,0,575,61,1.349,1,2151,0,1170.485,57.531,-1071.688,-195.938,427.938,0.328,3.387,2.805,9.309,56.773,35.168,0.748,0.756,1.222,1.362,0,NULL,NULL,,3,1,2,7,255,992,250,0,0
stim,91565,121686,1,121686,3319009.455,-0.545,-0.110,0.252,0.792,2221,0,0,2099,0,867,0,619,61,1.349,1,2152,0,1181.406,29.742,-1076.688,-235.063,425.688,-0.676,4.457,-1.430,-27.801,10.570,21.641,0.600,0.532,1.222,1.362,1,1002.000,10.000,,3,1,2,7,255,992,250,0,0
stim,91565,121686,1,121686,3319014.453,-0.533,-0.114,0.232,0.806,2460,0,0,2260,0,1065,0,729,61,1.349,1,2152,0,630.045,37.685,-519.750,-165.750,315.188,-2.105,2.090,-2.891,-27.801,-25.441,-7.840,0.552,0.374,1.222,1.362,1,NULL,NULL,,3,1,2,7,255,992,250,0,0
stim,91565,121686,1,121686,3319019.455,-0.531,-0.108,0.226,0.810,2681,0,0,2541,0,1240,0,807,61,1.349,1,2152,0,214.497,27.886,-62.563,-172.188,111.563,-2.184,-0.742,-0.691,-11.418,-25.441,-8.508,0.590,0.324,1.222,1.362,1,NULL,NULL,,3,1,2,7,255,992,250,0,0
stim,91565,121686,1,121686,3319024.454,-0.531,-0.100,0.227,0.810,2827,0,0,2727,0,1283,0,903,61,1.349,1,2152,0,189.162,18.130,109.813,-148.188,42.000,-0.770,0.594,1.344,-1.563,-18.063,-8.508,0.644,0.354,1.222,1.362,1,NULL,NULL,,3,1,2,7,255,992,250,0,0
stim,91605,121726,1,121726,3319029.455,-0.525,-0.091,0.224,0.816,2919,0,0,2854,0,1331,0,1065,61,1.349,1,2152,0,294.408,4.171,1.938,-199.500,216.500,-0.742,1.484,1.684,-1.563,-3.867,6.250,0.680,0.402,1.222,1.362,2,NULL,NULL,,3,1,2,7,255,992,250,0,0
stim,91605,121726,1,121726,3319034.453,-0.519,-0.086,0.213,0.823,2969,0,0,2915,0,1401,0,1251,61,1.349,1,2152,0,334.062,4.171,-192.250,-200.625,185.438,-1.648,0.691,1.441,-1.563,-3.867,10.379,0.712,0.446,1.222,1.362,2,NULL,NULL,,3,1,2,7,255,992,250,0,0
stim,91605,121726,1,121726,3319039.455,-0.518,-0.083,0.199,0.827,3007,0,0,2989,0,1470,0,1391,61,1.349,1,2152,0,342.542,9.984,-252.250,-227.813,42.500,-1.832,-0.070,0.617,1.801,-9.820,10.379,0.754,0.486,1.222,1.362,2,NULL,NULL,,3,1,2,7,255,992,250,0,0
stim,91605,121726,1,121726,3319044.454,-0.524,-0.080,0.187,0.827,3031,0,0,3039,0,1555,0,1495,61,1.349,1,2152,0,312.847,13.202,-179.625,-224.125,-124.000,-1.156,-0.523,0.633,8.824,-9.820,1.758,0.786,0.516,1.222,1.362,2,NULL,NULL,,3,1,2,7,255,992,250,0,0
stim,91605,121726,1,121726,3319049.455,-0.533,-0.077,0.177,0.824,3053,0,0,3047,0,1643,0,1605,61,1.349,1,2152,0,328.394,10.228,-108.063,-210.125,-228.063,0.152,-0.633,0.922,8.824,-5.172,-1.371,0.790,0.530,1.222,1.362,2,NULL,NULL,,3,1,2,7,255,992,250,0,0
stim,91605,121726,1,121726,3319054.453,-0.541,-0.074,0.169,0.820,3064,0,0,3114,0,1749,0,1679,61,1.349,1,2152,0,287.760,10.067,-90.375,-182.000,-203.750,1.184,-1.301,1.523,7.387,6.840,-1.504,0.772,0.532,1.222,1.362,2,NULL,NULL,,3,1,2,7,255,992,250,0,0
stim,91626,121747,1,121747,3319059.457,-0.545,-0.071,0.160,0.820,3089,0,0,3147,0,1843,0,1715,61,1.349,1,2152,0,218.316,21.130,-123.000,-160.938,-81.438,1.793,-2.023,1.727,7.387,19.797,-2.098,0.740,0.520,1.222,1.362,2,NULL,NULL,,3,1,2,7,255,992,250,0,0
stim,91626,121747,1,121747,3319064.453,-0.542,-0.069,0.152,0.823,3096,0,0,3171,0,1943,20,1737,61,1.349,1,2152,0,217.798,27.564,-147.188,-137.188,83.375,1.496,-2.176,1.371,11.660,24.977,-2.098,0.700,0.482,1.222,1.362,2,NULL,NULL,,3,1,2,7,255,992,250,0,0
stim,91626,121747,1,121747,3319069.455,-0.534,-0.067,0.145,0.830,3101,0,0,3181,0,2037,57,1762,61,1.349,1,2152,0,297.666,27.564,-141.625,-131.750,226.250,0.398,-1.117,0.816,11.660,24.977,-4.270,0.656,0.420,1.222,1.362,2,NULL,NULL,,3,1,2,7,255,992,250,0,0
stim,91626,121747,1,121747,3319074.454,-0.526,-0.063,0.139,0.837,3107,0,0,3191,0,2133,75,1815,61,1.349,1,2152,0,297.469,13.096,-106.063,-139.063,240.625,-0.852,0.285,0.703,8.344,10.094,-4.270,0.610,0.342,1.222,1.362,2,NULL,NULL,,3,1,2,7,255,992,250,0,0
stim,91662,121783,1,121783,3319079.455,-0.524,-0.059,0.132,0.840,3110,0,0,3194,239,2257,98,1991,61,1.349,1,2152,0,198.566,6.563,-109.438,-147.000,76.438,-1.711,0.793,1.129,1.172,-6.457,-0.730,0.570,0.270,1.222,1.362,2,NULL,NULL,,3,1,2,7,255,992,250,0,0
stim,91662,121783,1,121783,3319084.453,-0.526,-0.056,0.125,0.839,3109,0,0,3197,473,2323,233,2125,61,1.349,1,2152,0,178.836,6.477,-88.500,-145.250,-55.250,-0.348,0.461,0.926,0.508,-6.457,0.277,0.538,0.216,1.222,1.362,2,NULL,NULL,,3,1,2,7,255,992,250,0,0
stim,91662,121783,1,121783,3319089.455,-0.530,-0.054,0.122,0.837,3102,0,0,3207,792,2373,212,2251,61,1.349,1,2152,0,142.549,2.674,-18.063,-93.938,-105.688,0.418,-0.109,2.012,-0.680,-2.586,5.836,0.516,0.188,1.222,1.362,2,NULL,NULL,,3,1,2,7,255,992,250,0,0
stim,91662,121783,1,121783,3319094.454,-0.534,-0.053,0.118,0.836,3099,0,0,3207,1070,2403,197,2329,61,1.349,1,2152,0,134.746,9.225,-59.125,-67.625,-100.438,0.926,0.375,1.578,-2.570,8.859,3.660,0.502,0.176,1.222,1.362,2,NULL,NULL,,3,1,2,7,255,992,250,0,0
stim,91662,121783,1,121783,3319099.455,-0.536,-0.052,0.115,0.834,3098,1,0,3208,1215,2425,218,2387,61,1.349,1,2152,0,93.782,11.386,-45.375,-53.563,-62.188,0.910,0.695,1.418,-7.152,8.859,3.660,0.494,0.174,1.222,1.362,2,NULL,NULL,,3,1,2,7,255,992,250,0,0
stim,91662,121783,1,121783,3319104.453,-0.537,-0.053,0.111,0.835,3097,30,0,3207,1321,2452,229,2425,61,1.349,1,2152,0,83.303,10.984,-79.188,-23.375,-11.063,0.379,-0.250,1.379,-7.152,8.336,2.508,0.488,0.172,1.222,1.362,2,NULL,NULL,,3,1,2,7,255,992,250,0,0
stim,91684,121806,1,121806,3319109.455,-0.536,-0.056,0.106,0.836,3095,50,0,3209,1447,2463,239,2467,61,1.349,1,2152,0,134.449,7.359,-131.063,-23.250,18.938,-0.262,-0.859,0.898,0.582,7.336,2.305,0.488,0.158,1.222,1.362,2,NULL,NULL,,3,1,2,7,255,992,250,0,0
stim,91684,121806,1,121806,3319114.453,-0.537,-0.057,0.102,0.835,3095,79,0,3198,1529,2477,255,2478,61,1.349,1,2152,0,90.831,6.222,-80.875,-16.438,-37.938,-0.406,-0.438,0.578,5.387,3.113,-1.438,0.496,0.136,1.222,1.362,2,NULL,NULL,,3,1,2,7,255,992,250,0,0
stim,91684,121806,1,121806,3319119.455,-0.540,-0.057,0.102,0.833,3087,111,0,3214,1588,2486,264,2491,61,1.349,1,2152,0,91.081,5.442,-6.000,-19.000,-88.875,-0.031,0.172,0.840,5.387,0.773,-1.598,0.508,0.110,1.222,1.362,2,NULL,NULL,,3,1,2,7,255,992,250,0,0
stim,91684,121806,0,121806,3319124.454,-0.543,-0.056,0.101,0.832,3096,117,0,3208,1646,2489,263,2509,61,1.349,1,2152,0,70.938,1.782,0.750,-13.563,-69.625,0.281,0.145,1.207,-1.605,0.773,-1.598,0.520,0.090,1.222,1.362,2,NULL,NULL,,3,0,2,7,255,996,250,0,0
stim,91684,121806,0,121806,3319129.455,-0.543,-0.057,0.099,0.832,3099,135,0,3199,1686,2499,252,2529,61,1.349,1,2152,0,44.925,4.499,-41.875,-8.500,-13.875,0.125,-0.152,1.227,-1.605,4.203,1.293,0.526,0.074,1.222,1.362,2,NULL,NULL,,3,0,2,7,255,996,250,0,0
stim,91684,121806,0,121806,3319134.453,-0.543,-0.058,0.097,0.832,3095,147,0,3205,1725,2503,240,2532,61,1.349,1,2152,0,61.588,4.244,-61.313,-5.750,0.875,-0.223,-0.121,0.969,0.586,4.203,1.293,0.530,0.066,1.222,1.362,2,NULL,NULL,,3,0,2,7,255,996,250,0,0
stim,91718,121839,0,121839,3319139.455,-0.544,-0.059,0.095,0.831,3091,170,0,3147,1771,2508,240,2548,61,1.349,1,2152,0,51.275,0.760,-39.000,-3.875,-33.063,-0.313,0.074,0.832,0.586,0.484,-0.156,0.536,0.060,1.222,1.362,2,NULL,NULL,,3,0,2,7,255,996,250,0,0
stim,91718,121839,0,121839,3319144.454,-0.547,-0.060,0.094,0.830,3091,175,0,3195,1797,2507,239,2541,61,1.349,1,2152,0,65.023,0.526,-13.438,-2.688,-63.563,-0.133,0.074,0.949,0.254,0.461,-0.410,0.544,0.054,1.222,1.362,2,NULL,NULL,,3,0,2,7,255,996,250,0,0
stim,91718,121839,0,121839,3319149.455,-0.548,-0.060,0.094,0.829,3094,181,12,3195,1831,2517,233,2549,61,1.349,1,2152,0,55.995,0.461,-14.813,0.250,-54.000,0.098,-0.082,1.105,-0.008,0.461,-0.410,0.554,0.048,1.222,1.362,2,NULL,NULL,,3,0,2,7,255,996,250,0,0
stim,91718,121839,0,121839,3319154.453,-0.549,-0.061,0.092,0.829,3089,183,17,3193,1848,2519,203,2566,61,1.349,1,2152,0,35.296,3.383,-33.125,0.063,-12.188,0.113,-0.234,1.020,-0.008,3.383,-0.395,0.562,0.042,1.222,1.362,2,NULL,NULL,,3,0,2,7,255,996,250,0,0
stim,91718,121839,0,121839,3319159.455,-0.548,-0.062,0.091,0.829,3089,185,53,3190,1861,2509,189,2550,61,1.349,1,2152,0,32.600,3.574,-30.688,-0.125,11.000,-0.102,-0.125,0.867,1.152,3.383,-0.395,0.568,0.038,1.222,1.362,2,NULL,NULL,,3,0,2,7,255,996,250,0,0
stim,91718,121839,0,121839,3319164.453,-0.548,-0.062,0.091,0.829,3089,179,83,3189,1875,2513,187,2551,61,1.349,1,2152,0,10.059,1.738,-9.813,-0.625,-2.125,-0.199,0.051,0.891,1.152,1.301,-0.852,0.574,0.034,1.222,1.362,2,NULL,NULL,,3,0,2,7,255,996,250,0,0
stim,91768,121889,0,121889,3319169.455,-0.549,-0.062,0.091,0.829,3087,163,95,3144,1881,2509,171,2552,61,1.349,1,2152,0,17.505,0.793,4.500,-1.875,-16.813,-0.094,0.109,1.023,-0.078,0.789,-0.852,0.580,0.030,1.222,1.362,2,NULL,NULL,,3,0,2,7,255,996,250,0,0
stim,91768,121889,0,121889,3319174.454,-0.549,-0.062,0.091,0.828,3093,155,102,3183,1893,2516,163,2552,61,1.349,1,2152,0,11.569,1.295,2.938,-0.250,-11.188,-0.016,0.094,1.090,-1.027,0.789,0.230,0.588,0.024,1.222,1.362,2,NULL,NULL,,3,0,2,7,255,996,250,0,0
stim,91768,121889,0,121889,3319179.455,-0.549,-0.061,0.091,0.828,3078,151,111,3177,1897,2507,141,2551,61,1.349,1,2152,0,4.434,1.624,-4.188,1.000,1.063,-0.059,0.137,1.078,-1.207,1.086,0.723,0.596,0.016,1.222,1.362,2,NULL,NULL,,3,0,2,7,255,996,250,0,0
stim,91768,121889,0,121889,3319184.453,-0.549,-0.061,0.090,0.829,3076,139,149,3173,1894,2502,137,2551,61,1.349,1,2152,0,7.683,1.792,-5.938,-0.125,4.875,-0.152,0.176,1.035,-1.426,1.086,0.723,0.602,0.012,1.222,1.362,2,NULL,NULL,,3,0,2,7,255,996,250,0,0
stim,91768,121889,0,121889,3319189.455,-0.549,-0.061,0.090,0.828,3067,134,153,3164,1892,2493,133,2538,61,1.349,1,2152,0,5.200,1.426,-3.313,0.250,-4.000,-0.191,0.113,1.000,-1.426,0.031,0.488,0.610,0.006,1.222,1.362,2,NULL,NULL,,3,0,2,7,255,996,250,0,0
stim,91768,121889,0,121889,3319194.454,-0.550,-0.061,0.090,0.828,3060,127,160,3160,1891,2491,133,2533,61,1.349,1,2152,0,10.644,0.712,-0.063,-0.625,-10.625,-0.117,0.063,1.000,-0.711,0.031,0.191,0.616,0.002,1.222,1.362,2,NULL,NULL,,3,0,2,7,255,996,250,0,0
stim,91768,121889,0,121889,3319199.455,-0.550,-0.061,0.090,0.828,3054,124,175,3155,1887,2485,127,2530,61,1.453,1,2152,1,3.301,0.872,1.000,-2.063,-2.375,-0.074,0.035,0.996,-0.531,0.691,0.043,0.000,0.000,1.163,1.467,2,NULL,NULL,,3,0,2,7,255,996,250,0,0
stim,91768,121889,0,121889,3319204.454,-0.550,-0.061,0.090,0.828,3047,111,181,3145,1883,2479,133,2527,61,1.453,1,2152,1,3.798,0.996,2.375,-1.250,2.688,-0.117,0.004,0.996,-0.430,0.898,-0.016,0.006,0.004,1.163,1.467,2,NULL,NULL,,3,0,2,7,255,996,250,0,0
stim,91768,121889,0,121889,3319209.455,-0.550,-0.061,0.090,0.828,3035,98,186,3133,1887,2472,125,2525,61,1.453,1,2152,1,4.480,0.899,2.500,-1.688,3.313,-0.168,0.000,1.000,0.039,0.898,-0.016,0.010,0.006,1.163,1.467,2,NULL,NULL,,3,0,2,7,255,996,250,0,0
stim,91768,121889,0,121889,3319214.453,-0.550,-0.061,0.090,0.828,3021,83,201,3131,1895,2468,139,2535,61,1.453,1,2152,1,4.316,0.494,3.375,-2.688,0.125,-0.207,0.031,0.984,0.129,0.477,0.055,0.014,0.010,1.163,1.467,2,NULL,NULL,,3,0,2,7,255,996,250,0,0
stim,91768,121889,0,121889,3319219.455,-0.550,-0.060,0.090,0.828,3005,85,207,3121,1897,2468,153,2524,61,1.453,1,2152,1,9.345,0.136,6.500,-5.875,-3.250,-0.180,0.109,0.996,0.129,-0.043,0.117,0.018,0.012,1.163,1.467,2,NULL,NULL,,3,0,2,7,255,996,250,0,0
stim,91768,121889,0,121889,3319224.454,-0.550,-0.060,0.090,0.828,2997,87,216,3101,1903,2443,151,2527,61,1.453,1,2152,1,10.108,0.478,7.125,-6.938,-1.813,-0.172,0.086,1.004,-0.477,-0.043,0.141,0.020,0.014,1.163,1.467,2,NULL,NULL,,3,0,2,7,255,996,250,0,0
stim,91796,121917,0,121917,3319229.455,-0.550,-0.059,0.090,0.828,2983,83,224,3047,1918,2446,155,2535,61,1.453,1,2152,1,8.903,0.487,4.313,-7.438,-2.313,-0.152,0.063,0.996,-0.477,0.102,0.141,0.022,0.014,1.163,1.467,2,NULL,NULL,,3,0,2,7,255,996,250,0,0
stim,91796,121917,0,121917,3319234.453,-0.550,-0.059,0.090,0.828,2975,83,243,3068,1927,2441,154,2535,61,1.453,1,2152,1,9.688,0.592,2.938,-8.938,2.313,-0.133,0.086,0.988,-0.477,0.352,0.059,0.022,0.016,1.163,1.467,2,NULL,NULL,,3,0,2,7,255,996,250,0,0
stim,91796,121917,0,121917,3319239.455,-0.550,-0.058,0.090,0.828,2957,84,265,3060,1935,2429,152,2543,61,1.453,1,2152,1,13.708,0.734,6.688,-11.063,4.563,-0.148,0.117,0.984,-0.645,0.352,-0.016,0.022,0.016,1.163,1.467,2,NULL,NULL,,3,0,2,7,255,996,250,0,0
stim,91796,121917,0,121917,3319244.453,-0.550,-0.058,0.090,0.828,2931,79,299,3035,1955,2429,165,2547,61,1.453,1,2152,1,12.836,0.661,8.125,-9.938,0.000,-0.168,0.102,1.008,-0.645,0.145,-0.016,0.022,0.018,1.163,1.467,2,NULL,NULL,,3,0,2,7,255,996,250,0,0
stim,91796,121917,0,121917,3319249.455,-0.550,-0.057,0.090,0.828,2911,83,333,3020,1978,2423,181,2544,61,1.453,1,2152,1,12.172,0.856,4.188,-11.313,1.625,-0.133,0.133,1.008,-0.844,0.145,0.195,0.022,0.020,1.163,1.467,2,NULL,NULL,,3,0,2,7,255,996,250,0,0
stim,91796,121917,0,121917,3319254.454,-0.550,-0.056,0.090,0.829,2890,79,381,3001,2005,2423,227,2567,61,1.453,1,2152,1,13.972,0.856,4.875,-12.250,4.625,-0.168,0.133,0.992,-0.852,0.090,0.195,0.022,0.022,1.163,1.467,2,NULL,NULL,,3,0,2,7,255,996,250,0,0
stim,91826,121947,0,121947,3319259.455,-0.550,-0.056,0.090,0.829,2859,82,441,2968,2027,2419,253,2577,61,1.453,1,2152,1,14.316,0.858,4.938,-13.438,-0.125,-0.211,0.145,0.992,-0.852,-0.102,0.188,0.024,0.026,1.163,1.467,2,NULL,NULL,,3,0,2,7,255,996,250,0,0
stim,91826,121947,0,121947,3319264.453,-0.550,-0.055,0.090,0.829,2837,84,527,2962,2067,2423,311,2589,61,1.453,1,2152,1,16.447,1.002,4.438,-15.813,0.875,-0.219,0.215,1.008,-0.852,-0.527,0.188,0.026,0.030,1.163,1.467,2,NULL,NULL,,3,0,2,7,255,996,250,0,0
stim,91826,121947,0,121947,3319269.455,-0.550,-0.054,0.090,0.828,2813,85,601,2937,2105,2416,333,2603,61,1.453,1,2152,1,21.551,1.619,6.750,-16.625,-11.938,-0.230,0.254,1.035,-1.387,-0.836,0.402,0.028,0.034,1.163,1.467,2,NULL,NULL,,3,0,2,7,255,996,250,0,0
stim,91826,121947,0,121947,3319274.454,-0.551,-0.053,0.090,0.828,2769,123,690,2893,2168,2413,395,2615,61,1.453,1,2152,1,24.959,1.904,5.063,-17.125,-17.438,-0.160,0.297,1.070,-1.711,-0.836,0.715,0.032,0.036,1.163,1.467,2,NULL,NULL,,3,0,2,7,255,996,250,0,0
stim,91864,121985,0,121985,3319279.455,-0.552,-0.053,0.090,0.828,2736,139,773,2891,2222,2416,457,2633,61,1.453,1,2152,1,26.839,2.255,-0.063,-16.313,-21.313,-0.164,0.281,1.086,-2.188,-0.547,0.961,0.038,0.040,1.163,1.467,2,NULL,NULL,,3,0,2,7,255,996,250,0,0
stim,91864,121985,0,121985,3319284.453,-0.553,-0.052,0.089,0.827,2695,155,890,2876,2271,2415,485,2651,61,1.453,1,2152,1,32.987,2.255,-7.750,-16.063,-27.750,-0.168,0.281,1.066,-2.188,-0.547,0.961,0.042,0.042,1.163,1.467,2,NULL,NULL,,3,0,2,7,255,996,250,0,0
stim,91864,121985,0,121985,3319289.455,-0.554,-0.052,0.088,0.826,2647,169,1015,2867,2331,2415,623,2656,61,1.453,1,2152,1,41.042,2.258,-13.563,-15.063,-35.688,-0.195,0.246,1.039,-2.184,-0.574,0.914,0.046,0.044,1.163,1.467,2,NULL,NULL,,3,0,2,7,255,996,250,0,0
stim,91864,121985,0,121985,3319294.453,-0.556,-0.052,0.087,0.825,2590,213,1159,2840,2375,2411,782,2667,61,1.453,1,2152,1,54.575,1.864,-18.563,-14.000,-49.375,-0.172,0.215,1.047,-1.773,-0.574,0.688,0.052,0.046,1.163,1.467,2,NULL,NULL,,3,0,2,7,255,996,250,0,0
stim,91864,121985,0,121985,3319299.455,-0.558,-0.052,0.086,0.824,2526,239,1279,2821,2412,2419,915,2671,61,1.453,1,2152,1,67.711,1.649,-27.250,-12.000,-60.813,-0.148,0.141,1.043,-1.594,-0.422,0.680,0.056,0.050,1.163,1.467,2,NULL,NULL,,3,0,2,7,255,996,250,0,0
stim,91864,121985,0,121985,3319304.454,-0.560,-0.053,0.084,0.822,2487,249,1453,2799,2461,2420,1059,2697,61,1.453,1,2152,1,74.752,1.013,-36.375,-11.688,-64.250,-0.098,0.063,1.047,-1.012,0.055,0.543,0.058,0.056,1.163,1.467,2,NULL,NULL,,3,0,2,7,255,996,250,0,0
stim,91864,121985,0,121985,3319309.455,-0.562,-0.054,0.082,0.821,2425,261,1593,2792,2506,2424,1207,2707,61,1.453,1,2152,0,85.516,0.931,-53.875,-10.188,-65.625,-0.098,-0.051,1.035,-0.523,0.770,0.469,0.062,0.062,1.163,1.467,2,NULL,NULL,,3,0,2,7,255,996,250,0,0
stim,91864,121985,0,121985,3319314.453,-0.564,-0.055,0.078,0.820,2376,281,1725,2777,2535,2413,1319,2712,61,1.453,1,2152,0,87.315,1.183,-68.063,-13.750,-52.938,-0.031,-0.105,1.047,0.441,1.098,0.309,0.068,0.066,1.163,1.467,2,NULL,NULL,,3,0,2,7,255,996,250,0,0
stim,91864,121985,0,121985,3319319.455,-0.566,-0.057,0.075,0.819,2285,301,1886,2751,2583,2415,1463,2728,61,1.453,1,2152,0,91.055,1.283,-78.938,-11.375,-43.938,-0.184,-0.055,0.918,0.664,1.098,0.293,0.072,0.072,1.163,1.467,2,NULL,NULL,,3,0,2,7,255,996,250,0,0
stim,91864,121985,0,121985,3319324.454,-0.567,-0.058,0.072,0.818,2213,319,2011,2707,2620,2425,1572,2741,61,1.453,1,2152,0,73.507,0.668,-57.000,-17.625,-42.938,-0.145,0.008,0.770,0.664,0.074,-0.676,0.076,0.078,1.163,1.467,2,NULL,NULL,,3,0,2,7,255,996,250,0,0
stim,91901,122022,0,122022,3319329.455,-0.569,-0.058,0.070,0.818,2121,344,2155,2667,2653,2437,1703,2747,61,1.453,1,2152,0,69.308,0.723,-50.625,-18.813,-43.438,-0.215,-0.070,1.090,0.719,0.074,-0.676,0.078,0.080,1.163,1.467,2,NULL,NULL,,3,0,2,7,255,996,250,0,0
stim,91901,122022,0,122022,3319334.453,-0.571,-0.060,0.067,0.816,2023,343,2278,2629,2684,2426,1817,2772,61,1.453,1,2152,0,95.424,0.800,-71.438,-17.000,-60.938,-0.293,-0.117,1.141,0.797,-0.066,1.070,0.080,0.082,1.163,1.467,2,NULL,NULL,,3,0,2,7,255,996,250,0,0
stim,91901,122022,0,122022,3319339.455,-0.573,-0.061,0.063,0.815,1909,343,2364,2584,2729,2437,1919,2781,61,1.453,1,2152,0,120.036,1.029,-91.250,-23.063,-74.500,-0.238,-0.098,1.031,0.992,-0.273,1.070,0.078,0.084,1.163,1.467,2,NULL,NULL,,3,0,2,7,255,996,250,0,0
stim,91901,122022,0,122022,3319344.454,-0.576,-0.063,0.059,0.813,1799,359,2475,2521,2749,2431,2035,2800,61,1.453,1,2152,0,126.241,1.092,-81.750,-23.375,-93.313,-0.199,-0.020,0.820,0.992,-0.457,0.547,0.076,0.084,1.163,1.467,2,NULL,NULL,,3,0,2,7,255,996,250,0,0
stim,91901,122022,0,122022,3319349.455,-0.579,-0.063,0.055,0.811,1641,360,2539,2375,2771,2437,2131,2823,61,1.453,1,2152,0,113.865,0.355,-63.313,-31.125,-89.375,-0.008,-0.098,0.883,0.227,-0.273,-1.266,0.076,0.084,1.163,1.467,2,NULL,NULL,,3,0,2,7,255,996,250,0,0
stim,91901,122022,0,122022,3319354.454,-0.581,-0.064,0.052,0.810,1449,355,2601,2335,2811,2441,2208,2843,61,1.453,1,2152,0,79.584,1.529,-51.313,-28.250,-53.875,0.078,-0.215,0.957,0.227,1.512,-1.266,0.074,0.084,1.163,1.467,2,NULL,NULL,,3,0,2,7,255,996,250,0,0
stim,91924,122045,0,122045,3319359.455,-0.582,-0.064,0.050,0.809,1253,342,2661,2231,2841,2451,2300,2861,61,1.453,1,2152,0,64.651,1.714,-49.438,-30.563,-28.313,-0.117,-0.141,1.035,0.809,1.512,-0.660,0.072,0.086,1.163,1.467,2,NULL,NULL,,3,0,2,7,255,996,250,0,0
stim,91924,122045,0,122045,3319364.453,-0.583,-0.064,0.047,0.809,1071,329,2707,2109,2848,2453,2380,2885,61,1.453,1,2152,0,68.569,1.119,-54.000,-33.313,-26.000,-0.195,-0.066,1.023,0.809,0.773,0.402,0.072,0.088,1.163,1.467,2,NULL,NULL,,3,0,2,7,255,996,250,0,0
stim,91924,122045,0,122045,3319369.455,-0.584,-0.064,0.044,0.808,875,286,2742,1949,2872,2449,2443,2888,61,1.453,1,2152,0,73.008,0.360,-51.938,-36.250,-36.313,-0.180,-0.070,0.996,0.328,-0.148,0.402,0.074,0.088,1.163,1.467,2,NULL,NULL,,3,0,2,7,255,996,250,0,0
stim,91924,122045,0,122045,3319374.454,-0.585,-0.064,0.042,0.807,636,251,2774,1695,2903,2439,2505,2907,61,1.453,1,2152,0,67.092,0.359,-37.750,-39.188,-39.250,-0.219,-0.004,0.938,0.285,-0.219,0.129,0.074,0.088,1.163,1.467,2,NULL,NULL,,3,0,2,7,255,996,250,0,0
stim,91962,122083,0,122083,3319379.455,-0.587,-0.063,0.040,0.806,379,217,2812,1363,2916,2440,2567,2920,61,1.453,1,2152,0,75.610,0.848,-16.250,-43.563,-59.625,-0.207,0.055,0.953,-0.164,-0.832,-0.301,0.078,0.088,1.163,1.467,2,NULL,NULL,,3,0,2,7,255,996,250,0,0
stim,91962,122083,0,122083,3319384.453,-0.590,-0.061,0.038,0.805,205,168,2840,1095,2941,2421,2621,2925,61,1.453,1,2152,0,78.511,0.883,-4.813,-46.688,-62.938,-0.059,-0.055,1.059,-0.297,-0.832,-0.301,0.080,0.090,1.163,1.467,2,NULL,NULL,,3,0,2,7,255,996,250,0,0
stim,91962,122083,0,122083,3319389.455,-0.591,-0.060,0.036,0.804,87,115,2863,813,2963,2407,2658,2940,61,1.453,1,2152,0,67.608,0.994,-8.000,-49.875,-44.938,0.055,-0.066,1.098,-0.520,0.848,0.535,0.082,0.090,1.163,1.467,2,NULL,NULL,,3,0,2,7,255,996,250,0,0
stim,91962,122083,0,122083,3319394.454,-0.592,-0.058,0.034,0.803,10,69,2891,525,2983,2395,2701,2955,61,1.453,1,2152,0,58.904,1.082,-14.375,-51.750,-24.188,-0.023,0.023,1.141,-0.520,0.949,0.801,0.086,0.090,1.163,1.467,2,NULL,NULL,,3,0,2,7,255,996,250,0,0
stim,91962,122083,0,122083,3319399.455,-0.592,-0.056,0.032,0.803,0,33,2909,292,2995,2381,2729,2967,61,1.453,1,2152,0,61.040,1.502,-19.688,-55.625,-15.625,-0.027,0.066,1.070,-1.164,0.949,0.801,0.088,0.092,1.163,1.467,2,NULL,NULL,,3,0,2,7,255,996,250,0,0
stim,91962,122083,0,122083,3319404.453,-0.593,-0.055,0.030,0.803,0,9,2935,203,3005,2356,2773,2965,61,1.453,1,2152,0,63.771,1.325,-7.313,-59.125,-22.750,-0.121,0.031,0.988,-1.164,0.633,0.570,0.090,0.094,1.163,1.467,2,NULL,NULL,,3,0,2,7,255,996,250,0,0
stim,91985,122106,0,122106,3319409.455,-0.594,-0.051,0.030,0.803,0,0,2941,115,3029,2345,2821,2981,61,1.453,1,2152,0,79.020,0.849,36.250,-70.063,-4.625,-0.273,-0.117,1.188,-0.805,-0.270,0.570,0.090,0.098,1.163,1.467,2,NULL,NULL,,3,0,2,7,255,996,250,0,0
stim,91985,122106,0,122106,3319414.453,-0.593,-0.047,0.030,0.803,0,0,2963,95,3036,2329,2844,2985,61,1.453,1,2152,0,109.896,1.428,71.375,-83.063,9.125,-0.484,-0.230,1.660,0.898,-1.109,2.102,0.088,0.102,1.163,1.467,2,NULL,NULL,,3,0,2,7,255,996,250,0,0
stim,91985,122106,0,122106,3319419.455,-0.593,-0.042,0.030,0.804,0,0,2966,61,3044,2291,2860,2991,61,1.453,1,2152,0,110.846,2.323,55.063,-95.188,13.938,-0.430,-0.125,1.906,1.141,-2.023,6.957,0.082,0.108,1.163,1.467,3,NULL,NULL,,3,0,2,7,255,996,250,0,0
stim,91985,122106,0,122106,3319424.454,-0.593,-0.040,0.026,0.804,0,0,2965,6,3053,2252,2878,2995,61,1.453,1,2152,0,105.839,2.323,-49.000,-93.188,-10.813,-0.145,0.031,1.586,1.141,-2.023,6.957,0.076,0.114,1.163,1.467,3,NULL,NULL,,3,0,2,7,255,996,250,0,0
stim,91985,122106,0,122106,3319429.455,-0.593,-0.038,0.021,0.804,0,0,2973,0,3067,2200,2914,2999,61,1.453,1,2152,0,118.832,0.657,-69.688,-96.250,-0.813,-0.109,0.008,1.125,-0.566,-0.332,5.770,0.070,0.120,1.163,1.467,3,NULL,NULL,,3,0,2,7,255,996,250,0,0
stim,91985,122106,0,122106,3319434.453,-0.592,-0.035,0.018,0.805,0,0,2973,0,3077,2137,2919,2999,61,1.453,1,2152,0,111.479,1.002,-14.875,-106.875,28.000,-0.230,0.105,1.055,-0.945,-0.332,1.254,0.066,0.128,1.163,1.467,3,NULL,NULL,,3,0,2,7,255,996,250,0,0
stim,92011,122132,0,122132,3319439.455,-0.591,-0.031,0.016,0.806,0,0,2983,0,3084,2069,2927,3013,61,1.453,1,2152,0,118.244,2.167,16.313,-115.500,19.375,-0.289,0.137,1.191,-1.086,-1.875,1.254,0.064,0.136,1.163,1.467,3,NULL,NULL,,3,0,2,7,255,996,250,0,0
stim,92011,122132,0,122132,3319444.454,-0.591,-0.026,0.014,0.806,0,0,2982,0,3093,1963,2939,3007,61,1.453,1,2152,0,125.014,2.266,23.125,-122.563,8.500,-0.250,0.059,1.375,-1.086,-1.988,1.961,0.064,0.146,1.163,1.467,3,NULL,NULL,,3,0,2,7,255,996,250,0,0
stim,92011,122132,0,122132,3319449.455,-0.591,-0.021,0.011,0.807,0,0,2971,0,3107,1844,2969,3005,61,1.453,1,2152,0,130.025,2.090,14.688,-128.563,12.750,-0.238,0.000,1.484,-0.645,-1.988,3.773,0.064,0.158,1.163,1.467,3,NULL,NULL,,3,0,2,7,255,996,250,0,0
stim,92011,122132,0,122132,3319454.453,-0.590,-0.017,0.007,0.807,0,0,2956,0,3101,1700,2975,3006,61,1.453,1,2152,0,134.957,1.794,-2.813,-133.688,18.250,-0.234,-0.051,1.453,-0.129,-1.789,4.527,0.066,0.168,1.163,1.467,3,NULL,NULL,,3,0,2,7,255,996,250,0,0
stim,92011,122132,0,122132,3319459.457,-0.589,-0.012,0.003,0.808,0,0,2939,0,3109,1519,2976,2997,61,1.453,1,2152,0,141.395,1.815,-20.375,-138.813,17.563,-0.219,-0.098,1.340,0.387,-1.773,4.527,0.068,0.180,1.163,1.467,3,NULL,NULL,,3,0,2,7,255,996,250,0,0
stim,92011,122132,0,122132,3319464.454,-0.588,-0.008,-0.001,0.809,0,0,2932,0,3124,1320,2997,2997,61,1.453,1,2152,0,148.943,1.894,-22.313,-145.125,25.000,-0.180,-0.141,1.211,0.867,-1.684,3.410,0.070,0.192,1.163,1.467,3,NULL,NULL,,3,0,2,7,255,996,250,0,0
stim,92043,122164,0,122164,3319469.455,-0.587,-0.003,-0.005,0.810,0,0,2920,0,3114,1097,2995,2983,61,1.453,1,2152,0,157.286,2.042,-9.188,-153.375,33.625,-0.250,-0.102,1.180,1.156,-1.684,2.137,0.072,0.202,1.163,1.467,3,NULL,NULL,,3,0,2,7,255,996,250,0,0
stim,92043,122164,0,122164,3319474.454,-0.585,0.002,-0.009,0.811,0,0,2888,0,3117,848,3003,2979,61,1.453,1,2152,0,162.874,2.530,1.688,-160.125,29.750,-0.266,-0.066,1.203,1.156,-2.250,1.980,0.074,0.214,1.163,1.467,3,NULL,NULL,,3,0,2,7,255,996,250,0,0
stim,92067,122188,0,122188,3319479.455,-0.584,0.008,-0.013,0.811,0,0,2871,0,3127,608,3007,2954,61,1.453,1,2152,0,167.615,2.490,0.125,-166.625,18.188,-0.211,-0.066,1.219,0.934,-2.309,1.980,0.078,0.228,1.163,1.467,3,NULL,NULL,,3,0,2,7,255,996,250,0,0
stim,92067,122188,0,122188,3319484.453,-0.584,0.014,-0.018,0.812,0,0,2845,0,3133,478,3017,2941,61,1.453,1,2152,0,172.150,2.440,-8.375,-171.313,14.750,-0.102,-0.094,1.195,0.789,-2.309,1.980,0.084,0.242,1.163,1.467,3,NULL,NULL,,3,0,2,7,255,996,250,0,0
stim,92067,122188,0,122188,3319489.455,-0.583,0.019,-0.023,0.812,0,0,2800,0,3119,259,3023,2933,61,1.453,1,2152,0,177.985,1.548,-14.313,-176.063,21.813,-0.082,-0.152,1.055,0.789,-1.332,1.867,0.088,0.256,1.163,1.467,3,NULL,NULL,,3,0,2,7,255,996,250,0,0
stim,92067,122188,0,122188,3319494.454,-0.581,0.025,-0.027,0.813,0,0,2749,0,3127,119,3029,2907,61,1.453,1,2152,0,180.194,1.865,-1.938,-178.813,22.188,-0.145,-0.168,1.004,1.305,-1.332,0.516,0.094,0.270,1.163,1.467,3,NULL,NULL,,3,0,2,7,255,996,250,0,0
stim,92067,122188,0,122188,3319499.455,-0.580,0.032,-0.032,0.813,0,0,2715,0,3125,43,3029,2873,61,1.453,1,2152,0,185.339,2.149,9.938,-184.438,15.313,-0.145,-0.078,1.094,1.305,-1.707,0.516,0.100,0.282,1.163,1.467,3,NULL,NULL,,3,0,2,7,255,996,250,0,0
stim,92067,122188,0,122188,3319504.453,-0.580,0.039,-0.035,0.813,0,0,2650,0,3120,0,3038,2825,61,1.453,1,2152,0,190.118,2.394,28.688,-187.875,-5.000,-0.207,0.051,1.137,0.938,-2.203,0.770,0.106,0.296,1.163,1.467,3,NULL,NULL,,3,0,2,7,255,996,250,0,0
stim,92067,122188,0,122188,3319509.455,-0.580,0.047,-0.039,0.812,0,0,2569,0,3123,0,3037,2795,61,1.453,1,2152,0,196.938,2.242,27.375,-194.188,-18.063,0.004,0.152,1.391,0.027,-2.242,1.016,0.116,0.310,1.163,1.467,3,NULL,NULL,,3,0,2,7,255,996,250,0,0
stim,92067,122188,0,122188,3319514.454,-0.580,0.054,-0.043,0.812,0,0,2479,0,3109,2,3029,2744,61,1.453,1,2152,0,193.380,2.980,16.500,-192.188,-13.688,0.063,0.230,1.703,-1.488,-2.582,3.641,0.128,0.324,1.163,1.467,3,NULL,NULL,,3,0,2,7,255,996,250,0,0
stim,92067,122188,0,122188,3319519.455,-0.579,0.061,-0.047,0.811,0,0,2392,0,3103,6,3023,2696,61,1.453,1,2152,0,199.740,2.980,19.750,-198.750,2.125,-0.184,0.125,1.922,-1.488,-2.582,6.719,0.142,0.338,1.163,1.467,3,NULL,NULL,,3,0,2,7,255,996,250,0,0
stim,92067,122188,0,122188,3319524.454,-0.578,0.069,-0.052,0.812,0,0,2264,0,3093,53,3025,2631,61,1.453,1,2152,0,219.589,5.096,10.063,-217.813,26.000,-0.402,0.074,2.293,-0.383,-5.082,8.469,0.158,0.356,1.163,1.467,3,NULL,NULL,,3,0,2,7,255,996,250,0,0
stim,92097,122219,0,122219,3319529.455,-0.575,0.077,-0.060,0.812,0,0,2126,0,3065,67,3015,2557,61,1.453,1,2152,0,248.085,7.922,-26.688,-243.563,38.875,-0.660,0.211,2.469,0.707,-7.891,11.613,0.180,0.380,1.163,1.467,3,NULL,NULL,,3,0,2,7,255,996,250,0,0
stim,92098,122219,0,122219,3319534.453,-0.573,0.085,-0.069,0.812,0,0,1963,0,3053,81,2987,2475,61,1.453,1,2152,0,280.397,11.483,-60.563,-271.813,32.750,-0.758,0.543,2.445,0.707,-11.461,11.723,0.210,0.414,1.163,1.467,3,NULL,NULL,,3,0,2,7,255,996,250,0,0
stim,92098,122219,0,122219,3319539.455,-0.572,0.094,-0.079,0.811,0,0,1843,0,3037,98,2969,2376,61,1.453,1,2152,0,312.125,13.994,-84.875,-299.875,17.125,-0.707,0.820,2.473,-1.961,-13.855,11.723,0.250,0.460,1.163,1.467,3,NULL,NULL,,3,0,2,7,255,996,250,0,0
stim,92098,122219,0,122219,3319544.454,-0.570,0.103,-0.091,0.810,0,0,1678,0,3001,105,2940,2261,61,1.453,1,2152,0,341.365,15.217,-96.813,-327.250,8.063,-0.566,0.879,2.465,-4.664,-14.484,11.582,0.300,0.514,1.163,1.467,3,NULL,NULL,,3,0,2,7,255,996,250,0,0
stim,92099,122220,0,122220,3319549.455,-0.569,0.112,-0.104,0.808,0,0,1549,0,2984,107,2907,2125,61,1.453,1,2152,0,367.875,15.725,-106.500,-351.875,13.188,-0.527,0.816,2.551,-5.090,-14.879,11.582,0.358,0.576,1.163,1.467,3,NULL,NULL,,3,0,2,7,255,996,250,0,0
stim,92099,122220,0,122220,3319554.453,-0.566,0.122,-0.117,0.807,0,0,1443,0,2937,112,2871,2021,61,1.453,1,2152,0,393.855,15.770,-124.063,-373.313,19.188,-0.613,0.871,2.758,-5.227,-14.879,11.887,0.424,0.644,1.163,1.467,3,NULL,NULL,,3,0,2,7,255,996,250,0,0
stim,92127,122248,0,122248,3319559.457,-0.564,0.132,-0.132,0.804,0,0,1367,0,2887,116,2823,1885,61,1.453,1,2152,0,417.252,18.002,-137.750,-393.625,13.563,-0.723,0.906,2.836,-5.188,-17.238,12.621,0.496,0.716,1.163,1.467,3,NULL,NULL,,3,0,2,7,255,996,250,0,0
stim,92127,122248,0,122248,3319564.453,-0.562,0.144,-0.147,0.801,0,0,1271,0,2813,108,2731,1740,61,1.453,1,2152,0,439.751,20.054,-131.313,-419.688,0.188,-0.719,0.871,3.008,-5.188,-19.371,12.961,0.576,0.798,1.163,1.467,3,NULL,NULL,,3,0,2,7,255,996,250,0,0
stim,92127,122248,0,122248,3319569.455,-0.559,0.155,-0.163,0.798,0,0,1175,0,2749,87,2638,1588,61,1.453,1,2152,0,467.219,21.415,-153.188,-441.313,8.375,-0.789,0.988,3.070,-5.188,-20.777,12.715,0.662,0.886,1.163,1.467,3,NULL,NULL,,3,0,2,7,255,996,250,0,0
stim,92127,122248,0,122248,3319574.454,-0.557,0.167,-0.181,0.794,0,0,981,0,2633,77,2480,1407,61,1.453,1,2152,0,488.596,23.584,-179.625,-454.375,-2.063,-0.895,1.012,3.027,-5.613,-22.906,12.715,0.756,0.984,1.163,1.467,3,NULL,NULL,,3,0,2,7,255,996,250,0,0
stim,92163,122284,0,122284,3319579.455,-0.555,0.178,-0.198,0.788,0,0,827,0,2496,47,2327,1229,61,1.453,1,2152,0,501.822,25.184,-183.563,-465.938,-32.125,-0.863,0.746,3.109,-5.613,-24.551,10.961,0.862,1.090,1.163,1.467,3,NULL,NULL,,3,0,2,7,255,996,250,0,0
stim,92163,122284,0,122284,3319584.453,-0.553,0.191,-0.216,0.782,0,0,664,0,2328,0,2071,1032,61,1.453,1,2152,0,515.612,24.774,-182.188,-480.375,-43.625,-0.750,0.258,3.137,-3.320,-24.551,10.961,0.970,1.204,1.163,1.467,3,NULL,NULL,,3,0,2,7,255,996,250,0,0
stim,92163,122284,0,122284,3319589.455,-0.549,0.203,-0.235,0.776,0,0,488,0,2087,0,1769,890,61,1.453,1,2152,0,541.547,23.653,-199.125,-503.375,-15.375,-0.688,-0.191,2.938,0.750,-23.641,10.961,1.082,1.318,1.163,1.467,3,NULL,NULL,,3,0,2,7,255,996,250,0,0
stim,92163,122284,0,122284,3319594.454,-0.545,0.215,-0.255,0.769,0,0,314,0,1801,0,1419,743,61,1.453,1,2152,0,563.238,22.207,-228.000,-514.875,12.500,-0.512,-0.242,2.359,4.246,-21.797,9.770,1.192,1.432,1.163,1.467,3,NULL,NULL,,3,0,2,7,255,996,250,0,0
stim,92163,122284,0,122284,3319599.455,-0.540,0.227,-0.274,0.763,0,0,237,0,1468,0,925,612,61,1.453,1,2152,0,558.472,18.274,-191.500,-524.375,15.813,-0.449,-0.211,1.758,4.246,-17.773,5.465,1.294,1.540,1.163,1.467,3,NULL,NULL,,3,0,2,7,255,996,250,0,0
stim,92163,122284,0,122284,3319604.453,-0.532,0.242,-0.291,0.757,0,0,108,0,1109,0,345,504,61,1.453,1,2152,0,550.202,16.065,-105.375,-538.313,42.875,-0.508,0.039,1.762,3.602,-15.656,0.527,1.390,1.642,1.163,1.467,3,NULL,NULL,,3,0,2,7,255,996,250,0,0
stim,92163,122284,0,122284,3319609.457,-0.523,0.258,-0.305,0.753,0,0,101,0,669,0,31,424,61,1.453,1,2152,0,552.742,15.736,-35.563,-546.125,77.500,-0.820,0.246,2.352,1.586,-15.656,-0.441,1.480,1.738,1.163,1.467,3,NULL,NULL,,3,0,2,7,255,996,250,0,0
stim,92163,122284,0,122284,3319614.453,-0.510,0.273,-0.321,0.750,0,0,75,0,237,0,0,365,61,1.453,1,2152,0,583.640,22.762,-40.625,-563.313,147.188,-1.383,0.363,2.676,1.586,-22.707,-1.031,1.570,1.834,1.163,1.467,3,NULL,NULL,,3,0,2,7,255,996,250,0,0
stim,92163,122284,0,122284,3319619.455,-0.497,0.286,-0.340,0.745,0,0,22,0,0,0,0,328,61,1.453,1,2152,0,603.768,29.115,-131.313,-564.750,168.375,-1.574,0.918,2.402,1.117,-29.094,-3.852,1.666,1.936,1.163,1.467,3,NULL,NULL,,3,0,2,7,255,996,250,0,0
stim,92163,122284,0,122284,3319624.454,-0.489,0.296,-0.360,0.737,0,0,21,0,0,0,0,285,61,1.453,1,2152,0,583.315,29.153,-238.438,-525.375,85.938,-1.320,1.414,1.691,-1.863,-29.094,-9.660,1.774,2.050,1.163,1.467,3,NULL,NULL,,3,0,2,7,255,996,250,0,0
stim,92193,122314,0,122314,3319629.455,-0.484,0.304,-0.380,0.727,0,0,23,0,0,0,0,203,61,1.453,1,2152,0,553.628,24.878,-282.188,-475.250,31.813,-0.699,1.641,1.262,-7.699,-23.656,-13.375,1.890,2.170,1.163,1.467,4,NULL,NULL,,3,0,2,7,255,996,250,0,0
stim,92193,122314,0,122314,3319634.453,-0.478,0.307,-0.401,0.719,0,0,23,0,0,0,0,179,61,1.453,1,2152,0,550.225,20.408,-369.875,-392.313,109.688,-0.777,1.484,0.855,-10.742,-17.352,-14.359,2.008,2.292,1.163,1.467,0,NULL,NULL,,3,0,2,7,255,996,250,0,0
stim,92193,122314,0,122314,3319639.455,-0.474,0.302,-0.424,0.710,0,0,17,0,0,0,0,164,61,1.453,1,2152,0,577.686,18.283,-478.625,-277.938,165.500,-0.695,1.797,-0.047,-12.234,-13.586,-16.398,2.122,2.406,1.163,1.467,0,NULL,NULL,,3,0,2,7,255,996,250,0,0
stim,92193,122314,0,122314,3319644.454,-0.473,0.298,-0.440,0.703,0,0,18,0,0,0,0,163,61,1.453,1,2152,0,396.800,12.010,-350.063,-171.063,75.125,-0.672,0.969,-0.676,-10.742,-5.371,-21.422,2.224,2.510,1.163,1.467,0,NULL,NULL,,3,0,2,7,255,996,250,0,0
stim,92217,122338,0,122338,3319649.455,-0.473,0.299,-0.443,0.701,0,0,19,0,0,0,0,160,61,1.453,1,2152,0,87.717,6.606,-58.125,-65.688,-0.938,-0.887,-0.855,-0.031,-6.258,-2.117,-21.422,2.304,2.592,1.163,1.467,0,NULL,NULL,,3,0,2,7,255,996,250,0,0
stim,92217,122338,0,122338,3319654.454,-0.473,0.300,-0.441,0.701,0,0,18,0,0,0,0,151,61,1.453,1,2152,0,44.545,11.160,31.438,11.375,-29.438,-1.164,-1.332,1.402,10.957,-2.117,-14.293,2.366,2.654,1.163,1.467,0,NULL,NULL,,3,0,2,7,255,996,250,0,0
stim,92217,122338,0,122338,3319659.455,-0.478,0.296,-0.441,0.699,0,0,17,0,0,0,0,103,61,1.453,1,2152,0,150.180,18.838,-97.250,101.688,-52.500,-1.223,-0.367,1.664,10.957,-15.324,-11.648,2.418,2.708,1.163,1.467,0,NULL,NULL,,3,0,2,7,255,996,250,0,0
stim,92217,122338,0,122338,3319664.453,-0.486,0.288,-0.443,0.696,0,0,13,0,0,0,0,63,61,1.453,1,2152,0,271.405,16.875,-196.938,178.813,-53.875,-1.055,0.988,0.758,7.066,-15.324,-11.648,2.468,2.764,1.163,1.467,0,NULL,NULL,,3,0,2,7,255,996,250,0,0
stim,92217,122338,0,122338,3319669.455,-0.493,0.279,-0.442,0.696,0,0,17,0,0,0,0,53,61,1.453,1,2152,0,264.695,13.478,-140.125,222.625,-29.438,-1.016,1.660,0.191,-5.813,-12.160,-18.582,2.524,2.822,1.163,1.467,0,NULL,NULL,,3,0,2,7,255,996,250,0,0
stim,92217,122338,0,122338,3319674.454,-0.499,0.271,-0.438,0.697,0,0,9,0,0,0,0,43,61,1.453,1,2152,0,244.952,13.561,-35.625,241.313,-22.375,-1.152,1.309,0.484,-8.422,-10.629,-21.367,2.578,2.882,1.163,1.467,0,NULL,NULL,,3,0,2,7,255,996,250,0,0
stim,92263,122384,0,122384,3319679.455,-0.505,0.264,-0.432,0.699,0,0,7,0,0,0,0,48,61,1.453,1,2152,0,259.249,13.561,-17.688,255.375,-41.000,-1.184,0.508,1.035,-8.422,-10.629,-21.367,2.630,2.936,1.163,1.467,0,NULL,NULL,,3,0,2,7,255,996,250,0,0
stim,92263,122384,0,122384,3319684.453,-0.513,0.255,-0.428,0.699,0,0,8,0,0,0,0,45,61,1.453,1,2152,0,283.740,13.818,-81.500,266.750,-52.063,-1.008,0.117,1.020,-1.656,-13.719,-16.063,2.682,2.990,1.163,1.467,0,NULL,NULL,,3,0,2,7,255,996,250,0,0
stim,92263,122384,0,122384,3319689.455,-0.521,0.245,-0.425,0.698,0,0,4,0,0,0,0,64,61,1.453,1,2152,0,305.881,13.726,-131.375,273.438,-39.188,-0.777,0.258,0.449,-0.449,-13.719,-14.434,2.734,3.044,1.163,1.467,0,NULL,NULL,,3,0,2,7,255,996,250,0,0
stim,92263,122384,0,122384,3319694.453,-0.528,0.234,-0.422,0.699,0,0,6,0,0,0,0,77,61,1.453,1,2152,0,297.402,7.966,-112.750,274.750,-15.750,-0.660,0.512,-0.094,-0.449,-7.953,-14.434,2.784,3.098,1.163,1.467,0,NULL,NULL,,3,0,2,7,255,996,250,0,0
stim,92263,122384,0,122384,3319699.455,-0.534,0.225,-0.417,0.700,0,0,6,0,0,0,0,77,61,1.453,1,2152,0,280.058,3.961,-53.625,274.875,-0.750,-0.629,0.559,-0.270,-2.488,-3.082,-17.098,2.826,3.144,1.163,1.467,0,NULL,NULL,,3,0,2,7,255,996,250,0,0
stim,92263,122384,0,122384,3319704.454,-0.539,0.216,-0.411,0.703,0,0,4,0,0,0,0,84,61,1.453,1,2152,0,277.935,3.389,-4.063,277.875,4.125,-0.582,0.426,-0.164,-2.488,-2.301,-17.098,2.862,3.182,1.163,1.467,0,NULL,NULL,,3,0,2,7,255,996,250,0,0
stim,92288,122409,0,122409,3319709.455,-0.544,0.208,-0.404,0.706,0,0,6,0,0,0,0,77,61,1.453,1,2152,0,285.884,2.956,18.625,285.063,11.063,-0.488,0.301,-0.043,-1.855,-2.301,-16.480,2.892,3.216,1.163,1.467,0,NULL,NULL,,3,0,2,7,255,996,250,0,0
stim,92288,122409,0,122409,3319714.453,-0.548,0.199,-0.396,0.709,0,0,1,0,0,0,0,75,61,1.453,1,2152,0,295.767,3.032,33.313,292.625,27.188,-0.434,0.281,-0.016,-1.277,-2.750,-14.637,2.918,3.244,1.163,1.467,0,NULL,NULL,,3,0,2,7,255,996,250,0,0
stim,92288,122409,0,122409,3319719.455,-0.552,0.191,-0.387,0.714,0,0,3,0,0,0,0,71,61,1.453,1,2152,0,307.461,3.046,56.625,299.000,43.875,-0.449,0.313,0.031,-1.277,-2.766,-13.965,2.944,3.274,1.163,1.467,0,NULL,NULL,,3,0,2,7,255,996,250,0,0
stim,92288,122409,0,122409,3319724.454,-0.555,0.183,-0.377,0.719,0,0,1,0,0,0,0,69,61,1.453,1,2152,0,321.018,3.685,82.438,305.938,51.563,-0.469,0.352,0.184,-1.590,-3.324,-13.785,2.970,3.302,1.163,1.467,0,NULL,NULL,,3,0,2,7,255,996,250,0,0
stim,92288,122409,0,122409,3319729.455,-0.558,0.174,-0.367,0.724,0,0,0,0,0,0,0,67,61,1.453,1,2152,0,333.432,5.180,98.125,314.313,52.500,-0.449,0.367,0.371,-2.172,-4.703,-13.031,2.998,3.334,1.163,1.467,0,NULL,NULL,,3,0,2,7,255,996,250,0,0
stim,92288,122409,0,122409,3319734.453,-0.561,0.166,-0.356,0.729,0,0,1,0,0,0,0,61,61,1.453,1,2152,0,344.590,6.619,104.000,324.125,53.563,-0.414,0.359,0.531,-2.727,-6.031,-11.621,3.030,3.370,1.163,1.467,0,NULL,NULL,,3,0,2,7,255,996,250,0,0
stim,92305,122426,0,122426,3319739.455,-0.564,0.157,-0.345,0.734,0,0,1,0,0,0,0,58,61,1.453,1,2152,0,354.926,7.570,105.188,334.313,56.063,-0.410,0.348,0.668,-3.074,-6.918,-10.102,3.066,3.408,1.163,1.467,0,NULL,NULL,,3,0,2,7,255,996,250,0,0
stim,92305,122426,0,122426,3319744.453,-0.567,0.148,-0.333,0.739,0,0,5,0,0,0,0,60,61,1.453,1,2152,0,363.793,8.451,103.875,344.313,54.813,-0.449,0.344,0.801,-3.223,-7.813,-8.883,3.106,3.450,1.163,1.467,0,NULL,NULL,,3,0,2,7,255,996,250,0,0
stim,92305,122426,0,122426,3319749.455,-0.570,0.138,-0.321,0.743,0,0,2,0,0,0,0,55,61,1.453,1,2152,0,370.360,9.512,100.250,353.563,45.938,-0.465,0.344,0.930,-3.340,-8.906,-7.922,3.146,3.494,1.163,1.467,0,NULL,NULL,,3,0,2,7,255,996,250,0,0
stim,92305,122426,0,122426,3319754.454,-0.574,0.129,-0.309,0.747,0,0,0,0,0,0,0,60,61,1.453,1,2152,0,375.932,10.386,93.813,362.563,32.750,-0.438,0.332,1.039,-3.547,-9.762,-6.773,3.190,3.540,1.163,1.467,0,NULL,NULL,,3,0,2,7,255,996,250,0,0
stim,92305,122426,0,122426,3319759.455,-0.578,0.118,-0.297,0.751,0,0,0,0,0,0,0,57,61,1.453,1,2152,0,381.607,10.675,84.875,371.438,21.313,-0.383,0.309,1.133,-3.777,-9.984,-5.457,3.234,3.588,1.163,1.467,0,NULL,NULL,,3,0,2,7,255,996,250,0,0
stim,92305,122426,0,122426,3319764.453,-0.583,0.108,-0.285,0.753,0,0,0,0,0,0,0,59,61,1.453,1,2152,0,388.118,10.675,71.688,381.188,13.875,-0.336,0.254,1.180,-3.777,-9.984,-4.039,3.278,3.634,1.163,1.467,0,NULL,NULL,,3,0,2,7,255,996,250,0,0
stim,92359,122480,0,122480,3319769.455,-0.587,0.096,-0.273,0.756,0,0,0,0,0,0,0,55,61,1.453,1,2152,0,395.970,10.281,58.250,391.563,8.813,-0.328,0.203,1.145,-3.727,-9.582,-2.938,3.322,3.680,1.163,1.467,0,NULL,NULL,,3,0,2,7,255,996,250,0,0
stim,92359,122480,0,122480,3319774.454,-0.592,0.085,-0.261,0.758,0,0,0,0,0,0,0,55,61,1.453,1,2152,0,404.805,9.576,53.500,401.250,1.750,-0.336,0.195,1.059,-3.293,-8.992,-2.938,3.366,3.726,1.163,1.467,0,NULL,NULL,,3,0,2,7,255,996,250,0,0
stim,92359,122480,0,122480,3319779.455,-0.597,0.073,-0.249,0.759,0,0,0,0,0,0,0,54,61,1.453,1,2152,0,412.692,8.970,60.688,408.125,-8.125,-0.324,0.215,1.004,-3.293,-8.344,-3.164,3.406,3.770,1.163,1.467,0,NULL,NULL,,3,0,2,7,255,996,250,0,0
stim,92359,122480,0,122480,3319784.453,-0.602,0.061,-0.235,0.760,0,0,0,0,0,0,0,57,61,1.453,1,2152,0,418.434,8.421,71.000,412.000,-17.375,-0.277,0.238,1.027,-3.293,-7.750,-3.164,3.446,3.812,1.163,1.467,0,NULL,NULL,,3,0,2,7,255,996,250,0,0
stim,92359,122480,0,122480,3319789.455,-0.607,0.050,-0.222,0.761,0,0,0,0,0,0,0,55,61,1.453,1,2152,0,420.610,8.144,79.813,412.375,-22.125,-0.215,0.234,1.082,-3.762,-7.223,-2.766,3.484,3.852,1.163,1.467,0,NULL,NULL,,3,0,2,7,255,996,250,0,0
stim,92359,122480,0,122480,3319794.453,-0.612,0.039,-0.208,0.762,0,0,0,0,0,0,0,55,61,1.453,1,2152,0,419.154,7.758,85.938,409.625,-22.625,-0.160,0.223,1.117,-4.074,-6.602,-1.832,3.518,3.890,1.163,1.467,0,NULL,NULL,,3,0,2,7,255,996,250,0,0
stim,92359,122480,0,122480,3319799.455,-0.617,0.029,-0.194,0.762,0,0,0,0,0,0,0,52,61,1.453,1,2152,0,415.485,7.143,92.625,404.500,-20.688,-0.109,0.195,1.094,-4.074,-5.867,-1.086,3.552,3.924,1.163,1.467,0,NULL,NULL,,3,0,2,7,255,996,250,0,0
stim,92359,122480,0,122480,3319804.454,-0.621,0.018,-0.180,0.763,0,0,0,0,0,0,0,55,61,1.453,1,2152,0,411.592,6.406,105.063,397.625,-16.250,-0.082,0.195,1.070,-4.082,-4.938,-0.840,3.580,3.956,1.163,1.467,0,NULL,NULL,,3,0,2,7,255,996,250,0,0
stim,92382,122503,0,122503,3319809.455,-0.624,0.009,-0.165,0.763,0,0,0,0,0,0,0,53,61,1.453,1,2152,0,408.901,5.904,121.938,390.125,-11.563,-0.063,0.234,1.086,-4.082,-4.266,-0.816,3.606,3.986,1.163,1.467,0,NULL,NULL,,3,0,2,7,255,996,250,0,0
stim,92382,122503,0,122503,3319814.453,-0.628,0.000,-0.150,0.764,0,0,0,0,0,0,0,55,61,1.453,1,2152,0,407.327,5.939,140.563,382.250,-6.500,-0.070,0.250,1.164,-4.504,-3.871,-0.578,3.632,4.012,1.163,1.467,0,NULL,NULL,,3,0,2,7,255,996,250,0,0
stim,92382,122503,0,122503,3319819.455,-0.630,-0.008,-0.134,0.765,0,0,0,0,0,0,0,51,61,1.453,1,2152,0,405.340,6.149,156.563,373.875,-2.438,-0.094,0.250,1.285,-4.781,-3.867,0.238,3.656,4.040,1.163,1.467,0,NULL,NULL,,3,0,2,7,255,996,250,0,0
stim,92382,122503,0,122503,3319824.454,-0.633,-0.015,-0.119,0.765,0,0,0,0,0,0,0,51,61,1.453,1,2152,0,402.974,6.238,168.750,365.938,-0.938,-0.125,0.266,1.422,-4.895,-3.867,1.500,3.682,4.066,1.163,1.467,0,NULL,NULL,,3,0,2,7,255,996,250,0,0
stim,92382,122503,0,122503,3319829.455,-0.635,-0.022,-0.103,0.765,0,0,0,0,0,0,0,55,61,1.453,1,2152,0,401.242,6.463,181.563,357.813,0.625,-0.137,0.281,1.566,-5.176,-3.871,2.879,3.704,4.090,1.163,1.467,0,NULL,NULL,,3,0,2,7,255,996,250,0,0
stim,92382,122503,0,122503,3319834.453,-0.637,-0.029,-0.087,0.765,0,0,0,0,0,0,0,53,61,1.453,1,2152,0,399.544,6.703,191.563,350.625,1.125,-0.148,0.305,1.734,-5.473,-3.871,4.383,3.728,4.114,1.163,1.467,0,NULL,NULL,,3,0,2,7,255,996,250,0,0
stim,92410,122531,0,122531,3319839.455,-0.639,-0.035,-0.071,0.765,0,0,0,0,0,0,0,53,61,1.453,1,2152,0,395.154,6.901,194.000,344.250,1.563,-0.156,0.332,1.902,-5.820,-3.707,6.125,3.750,4.140,1.163,1.467,0,NULL,NULL,,3,0,2,7,255,996,250,0,0
stim,92410,122531,0,122531,3319844.453,-0.640,-0.041,-0.055,0.765,0,0,0,0,0,0,0,55,61,1.453,1,2152,0,387.828,7.060,189.500,338.375,1.688,-0.152,0.359,2.023,-6.184,-3.406,7.855,3.774,4.166,1.163,1.467,0,NULL,NULL,,3,0,2,7,255,996,250,0,0
stim,92410,122531,0,122531,3319849.455,-0.642,-0.047,-0.040,0.764,0,0,0,0,0,0,0,59,61,1.453,1,2152,0,380.280,7.100,183.750,332.938,1.188,-0.137,0.371,2.102,-6.488,-2.883,9.148,3.798,4.190,1.163,1.467,0,NULL,NULL,,3,0,2,7,255,996,250,0,0
stim,92410,122531,0,122531,3319854.454,-0.643,-0.052,-0.024,0.764,0,0,0,0,0,0,0,57,61,1.453,1,2152,0,375.696,6.829,183.313,327.938,-1.063,-0.109,0.340,2.172,-6.488,-2.129,10.012,3.820,4.216,1.163,1.467,0,NULL,NULL,,3,0,2,7,255,996,250,0,0
stim,92410,122531,0,122531,3319859.455,-0.644,-0.058,-0.009,0.763,0,0,0,0,0,0,0,59,61,1.453,1,2152,0,373.944,6.291,185.500,324.625,-6.500,-0.043,0.250,2.254,-6.188,-1.137,10.859,3.840,4.238,1.163,1.467,0,NULL,NULL,,3,0,2,7,255,996,250,0,0
stim,92410,122531,0,122531,3319864.453,-0.645,-0.063,0.006,0.761,0,0,0,0,0,0,0,61,61,1.453,1,2152,0,372.183,5.284,183.688,323.563,-9.313,0.039,0.098,2.281,-5.273,0.340,11.805,3.858,4.256,1.163,1.467,0,NULL,NULL,,3,0,2,7,255,996,250,0,0
stim,92434,122555,1,122555,3319869.455,-0.646,-0.068,0.021,0.760,0,0,0,0,0,0,0,64,61,1.453,1,2152,0,371.554,4.289,181.688,324.000,-8.125,0.125,-0.016,2.211,-3.738,2.102,11.805,3.870,4.270,1.163,1.467,0,NULL,NULL,,3,1,2,7,255,996,250,0,0
stim,92434,122555,1,122555,3319874.454,-0.647,-0.073,0.037,0.758,0,0,0,0,0,0,0,69,61,1.453,1,2152,0,377.664,4.434,192.875,324.625,-6.938,0.195,-0.098,2.102,-2.434,3.707,11.434,3.876,4.280,1.163,1.467,0,NULL,NULL,,3,1,2,7,255,996,250,0,0
stim,92464,122585,1,122585,3319879.455,-0.648,-0.078,0.053,0.756,0,0,0,0,0,0,0,68,61,1.453,1,2152,0,391.218,5.172,219.813,323.500,-9.063,0.273,-0.172,2.098,-1.379,4.984,10.230,3.876,4.284,1.163,1.467,0,NULL,NULL,,3,1,2,7,255,996,250,0,0
stim,92464,122585,1,122585,3319884.453,-0.649,-0.081,0.070,0.753,0,0,0,0,0,0,0,63,61,1.453,1,2152,0,408.307,6.482,251.688,321.188,-14.375,0.410,-0.246,2.219,-0.473,6.465,10.230,3.872,4.282,1.163,1.467,0,NULL,NULL,,3,1,2,7,255,996,250,0,0
stim,92464,122585,1,122585,3319889.455,-0.650,-0.084,0.088,0.750,0,0,0,0,0,0,0,59,61,1.453,1,2152,0,423.813,8.737,278.813,318.500,-20.938,0.609,-0.277,2.418,0.340,8.730,10.641,3.858,4.272,1.163,1.467,0,NULL,NULL,,3,1,2,7,255,996,250,0,0
stim,92464,122585,1,122585,3319894.453,-0.650,-0.086,0.107,0.747,0,0,0,0,0,0,0,54,61,1.453,1,2152,0,434.595,11.763,297.438,315.813,-25.813,0.813,-0.289,2.645,0.758,11.738,11.770,3.836,4.252,1.163,1.467,0,NULL,NULL,,3,1,2,7,255,996,250,0,0
stim,92464,122585,1,122585,3319899.455,-0.651,-0.088,0.126,0.743,0,0,0,0,0,0,0,54,61,1.453,1,2152,0,438.280,14.905,305.188,313.375,-27.313,0.980,-0.242,2.883,1.008,14.871,12.988,3.802,4.220,1.163,1.467,0,NULL,NULL,,3,1,2,7,255,996,250,0,0
stim,92464,122585,1,122585,3319904.454,-0.652,-0.089,0.144,0.739,0,0,0,0,0,0,0,55,61,1.453,1,2152,0,435.057,17.775,303.000,310.750,-30.000,1.133,-0.145,3.109,1.008,17.746,14.242,3.754,4.176,1.163,1.467,0,NULL,NULL,,3,1,2,7,255,996,250,0,0
stim,92464,122585,1,122585,3319909.455,-0.653,-0.091,0.162,0.735,0,0,0,0,0,0,0,56,61,1.453,1,2152,0,424.742,20.501,291.688,306.438,-37.688,1.313,-0.063,3.313,0.586,20.492,15.328,3.690,4.114,1.163,1.467,0,NULL,NULL,,3,1,2,7,255,996,250,0,0
stim,92464,122585,1,122585,3319914.453,-0.653,-0.094,0.179,0.730,0,0,0,0,0,0,0,60,61,1.453,1,2152,0,405.504,23.456,267.125,301.750,-45.000,1.453,-0.027,3.457,0.570,23.449,16.004,3.612,4.040,1.163,1.467,0,NULL,NULL,,3,1,2,7,255,996,250,0,0
stim,92464,122585,1,122585,3319919.455,-0.654,-0.097,0.194,0.725,0,0,0,0,0,0,0,58,61,1.453,1,2152,0,374.779,25.990,225.688,295.188,-48.875,1.574,0.059,3.508,0.320,25.988,16.004,3.520,3.950,1.163,1.467,0,NULL,NULL,,3,1,2,7,255,996,250,0,0
stim,92464,122585,1,122585,3319924.454,-0.654,-0.101,0.208,0.720,0,0,0,0,0,0,0,72,61,1.453,1,2152,0,342.409,27.923,179.938,285.688,-57.000,1.797,0.156,3.453,0.215,27.922,15.477,3.414,3.844,1.163,1.467,0,NULL,NULL,,3,1,2,7,255,996,250,0,0
stim,92494,122616,1,122616,3319929.455,-0.654,-0.107,0.219,0.716,0,0,0,0,0,0,0,73,61,1.453,1,2152,0,311.899,30.257,135.813,273.875,-61.875,2.125,0.117,3.242,-0.457,30.254,13.445,3.294,3.726,1.163,1.467,0,NULL,NULL,,3,1,2,7,255,996,250,0,0
stim,92494,122616,1,122616,3319934.453,-0.654,-0.113,0.229,0.712,0,0,0,0,0,0,0,83,61,1.453,1,2152,0,284.311,32.784,94.188,262.063,-57.313,2.496,0.023,2.879,-0.457,32.781,9.324,3.164,3.596,1.163,1.467,0,NULL,NULL,,3,1,2,7,255,996,250,0,0
stim,92494,122616,1,122616,3319939.455,-0.654,-0.119,0.238,0.709,0,0,0,0,0,0,0,109,61,1.453,1,2152,0,258.845,34.821,65.250,246.625,-43.813,2.789,-0.191,2.418,-0.148,34.820,3.613,3.022,3.456,1.163,1.467,0,NULL,NULL,,3,1,2,7,255,996,250,0,0
stim,92494,122616,1,122616,3319944.454,-0.652,-0.125,0.246,0.706,0,0,0,0,0,0,0,149,61,1.453,1,2152,0,236.304,35.306,49.125,230.375,-18.813,3.059,-0.316,1.887,1.215,35.285,-2.781,2.872,3.306,1.163,1.467,0,NULL,NULL,,3,1,2,7,255,996,250,0,0
stim,92516,122637,1,122637,3319949.455,-0.650,-0.130,0.254,0.704,0,0,0,0,0,0,0,172,61,1.453,1,2152,0,218.113,35.318,60.125,209.625,3.938,3.305,-0.508,1.406,1.520,35.285,-9.465,2.714,3.148,1.163,1.467,0,NULL,NULL,,3,1,2,7,255,996,250,0,0
stim,92516,122637,1,122637,3319954.453,-0.648,-0.133,0.262,0.703,0,0,0,0,0,0,0,203,61,1.453,1,2152,0,214.361,35.017,89.313,192.000,33.313,3.469,-0.609,0.980,2.520,34.926,-15.660,2.552,2.984,1.163,1.467,0,NULL,NULL,,3,1,2,7,255,996,250,0,0
stim,92516,122637,1,122637,3319959.455,-0.645,-0.134,0.272,0.701,0,0,0,0,0,0,0,213,61,1.453,1,2152,0,235.597,34.189,148.688,176.250,48.313,3.734,-0.879,0.621,2.699,34.082,-20.746,2.384,2.816,1.163,1.467,0,NULL,NULL,,3,1,2,7,255,996,250,0,0
stim,92516,122637,1,122637,3319964.453,-0.642,-0.132,0.282,0.700,0,0,0,0,0,0,0,215,61,1.453,1,2152,0,244.530,34.359,183.875,138.000,83.313,3.977,-1.707,0.723,4.355,34.082,-26.121,2.212,2.642,1.163,1.467,0,NULL,NULL,,3,1,2,7,255,996,250,0,0
stim,92516,122637,1,122637,3319969.455,-0.638,-0.127,0.293,0.701,0,0,0,0,0,0,0,221,61,1.453,1,2152,0,294.410,38.225,228.750,120.438,140.875,3.945,-1.926,0.734,11.855,36.340,-28.742,2.036,2.464,1.163,1.467,0,NULL,NULL,,3,1,2,7,255,996,250,0,0
stim,92516,122637,1,122637,3319974.454,-0.633,-0.120,0.306,0.701,0,0,0,0,0,0,0,223,61,1.453,1,2152,0,356.503,38.780,294.750,101.000,173.250,3.535,-1.926,0.852,13.539,36.340,-28.742,1.856,2.280,1.163,1.467,0,NULL,NULL,,3,1,2,7,255,996,250,0,0
stim,92563,122684,1,122684,3319979.455,-0.630,-0.111,0.320,0.699,0,0,0,0,0,0,0,225,61,1.453,1,2152,0,398.089,36.187,366.250,73.688,137.500,3.137,-1.715,1.457,13.539,33.559,-27.266,1.672,2.092,1.163,1.467,0,NULL,NULL,,3,1,2,7,255,996,250,0,0
stim,92563,122684,1,122684,3319984.453,-0.628,-0.101,0.333,0.696,0,0,0,0,0,0,0,223,61,1.453,1,2152,0,385.164,36.299,370.125,44.563,96.813,2.859,-1.477,2.383,13.836,33.559,-20.633,1.484,1.902,1.163,1.467,0,NULL,NULL,,3,1,2,7,255,996,250,0,0
stim,92563,122684,1,122684,3319989.455,-0.627,-0.092,0.343,0.694,0,0,0,0,0,0,0,231,61,1.453,1,2152,0,305.709,38.955,297.938,8.188,68.000,2.742,-1.121,3.262,13.652,36.484,-12.102,1.296,1.710,1.163,1.467,0,NULL,NULL,,3,1,2,7,255,996,250,0,0
stim,92563,122684,1,122684,3319994.454,-0.626,-0.085,0.348,0.692,0,0,0,0,0,0,0,237,61,1.453,1,2152,0,210.558,41.557,203.000,-27.813,48.500,2.434,-0.816,3.480,13.652,39.250,-4.266,1.108,1.516,1.163,1.467,0,NULL,NULL,,3,1,2,7,255,996,250,0,0
stim,92563,122684,1,122684,3319999.455,-0.627,-0.080,0.350,0.692,0,0,0,0,0,0,0,236,61,1.453,1,2152,0,122.864,41.195,100.063,-66.063,26.813,2.238,-0.301,3.621,12.508,39.250,-0.137,0.918,1.320,1.163,1.467,0,NULL,NULL,,3,1,2,7,255,996,250,0,0
stim,92563,122684,1,122684,3320004.453,-0.628,-0.077,0.347,0.692,0,0,0,0,0,0,0,291,61,1.453,1,2152,0,95.407,39.490,-2.438,-94.688,11.438,2.012,-0.180,3.340,8.871,38.480,3.688,0.728,1.116,1.163,1.467,0,NULL,NULL,,3,1,2,7,255,996,250,0,0
stim,92586,122707,1,122707,3320009.457,-0.628,-0.070,0.344,0.694,198,0,0,475,0,13,0,425,61,1.453,1,2152,0,171.561,36.069,34.375,-152.813,70.000,0.992,-0.551,3.992,8.871,34.961,3.824,0.538,0.898,1.163,1.467,0,NULL,NULL,,3,1,2,7,255,996,250,0,0
stim,92586,122707,1,122707,3320014.454,-0.620,-0.046,0.347,0.702,937,0,0,1272,0,165,0,481,61,1.453,1,2152,0,593.134,37.037,318.625,-294.563,404.375,0.262,1.320,7.473,12.227,34.961,12.980,0.392,0.670,1.163,1.467,0,NULL,NULL,,3,1,2,7,255,996,250,0,0
stim,92586,122707,1,122707,3320019.455,-0.606,-0.055,0.321,0.725,1543,0,0,1745,0,507,0,567,61,1.453,1,2152,0,896.177,32.479,-750.313,-149.750,466.625,-0.688,2.594,4.762,12.227,30.090,40.180,0.360,0.478,1.163,1.467,0,NULL,NULL,,3,1,2,7,255,996,250,0,0
stim,92586,122707,1,122707,3320024.454,-0.595,-0.074,0.281,0.749,1979,0,0,1949,0,696,0,621,60,1.453,1,2153,0,1181.533,19.302,-1120.188,-200.188,318.000,-1.395,3.801,0.016,-8.754,17.203,40.180,0.422,0.368,1.163,1.467,1,1021.000,25.000,,3,1,2,7,255,996,250,0,0
stim,92586,122707,1,122707,3320029.455,-0.587,-0.086,0.255,0.763,2231,0,0,2109,0,915,0,713,60,1.453,1,2153,0,754.545,28.128,-713.750,-131.563,206.375,-2.359,2.805,-2.250,-22.266,-17.188,7.863,0.488,0.350,1.163,1.467,1,NULL,NULL,,3,1,2,7,255,996,250,0,0
stim,92586,122707,1,122707,3320034.453,-0.587,-0.090,0.242,0.768,2411,0,0,2219,0,1159,0,819,60,1.453,1,2153,0,331.943,32.203,-304.875,-130.813,11.188,-1.770,1.039,-1.344,-22.266,-23.266,-11.582,0.530,0.380,1.163,1.467,1,NULL,NULL,,3,1,2,7,255,996,250,0,0
stim,92612,122733,1,122733,3320039.455,-0.590,-0.087,0.236,0.767,2571,0,0,2352,0,1291,0,917,60,1.453,1,2153,0,159.984,24.066,-53.875,-130.063,-76.000,-0.223,0.188,0.801,-6.156,-23.266,-11.582,0.554,0.424,1.163,1.467,1,NULL,NULL,,3,1,2,7,255,996,250,0,0
stim,92612,122733,1,122733,3320044.454,-0.590,-0.084,0.231,0.769,2739,0,0,2613,0,1371,0,1007,60,1.453,1,2153,0,139.484,6.285,-65.625,-116.250,40.438,0.574,1.547,1.383,-6.156,1.266,-1.574,0.568,0.462,1.163,1.467,2,NULL,NULL,,3,1,2,7,255,996,250,0,0
stim,92612,122733,1,122733,3320049.455,-0.582,-0.080,0.222,0.778,2848,0,0,2761,0,1421,0,1115,60,1.453,1,2153,0,340.961,2.612,-159.188,-174.438,245.938,-0.969,0.676,1.102,-2.285,1.266,3.402,0.574,0.496,1.163,1.467,2,NULL,NULL,,3,1,2,7,255,996,250,0,0
stim,92612,122733,1,122733,3320054.453,-0.575,-0.080,0.207,0.787,2926,0,0,2864,0,1467,0,1245,60,1.453,1,2153,0,453.096,5.686,-333.125,-214.875,219.438,-2.367,-1.063,0.918,-2.285,-5.207,4.660,0.566,0.526,1.163,1.467,2,NULL,NULL,,3,1,2,7,255,996,250,0,0
stim,92612,122733,1,122733,3320059.455,-0.578,-0.080,0.191,0.789,2981,0,0,2949,0,1531,0,1379,60,1.453,1,2153,0,361.592,22.755,-294.563,-203.313,-51.438,-2.273,-1.434,-0.379,18.035,-13.875,4.660,0.548,0.548,1.163,1.467,2,NULL,NULL,,3,1,2,7,255,996,250,0,0
stim,92612,122733,1,122733,3320064.454,-0.586,-0.077,0.181,0.786,3019,0,0,3005,0,1581,0,1467,60,1.453,1,2153,0,308.964,22.755,-107.438,-210.688,-198.813,-0.637,-0.902,-0.105,18.035,-13.875,-7.992,0.522,0.554,1.163,1.467,2,NULL,NULL,,3,1,2,7,255,996,250,0,0
stim,92641,122762,1,122762,3320069.455,-0.596,-0.072,0.177,0.780,3047,0,0,3060,0,1624,0,1533,60,1.453,1,2153,0,308.956,10.817,27.313,-182.813,-247.563,0.492,-0.930,1.316,10.152,-3.734,-7.992,0.496,0.534,1.163,1.467,2,NULL,NULL,,3,1,2,7,255,996,250,0,0
stim,92641,122763,1,122763,3320074.454,-0.602,-0.068,0.172,0.777,3068,0,0,3107,0,1675,11,1547,60,1.453,1,2153,0,220.606,15.015,-8.813,-145.813,-165.313,1.742,-1.582,2.172,10.152,11.063,-0.789,0.472,0.484,1.163,1.467,2,NULL,NULL,,3,1,2,7,255,996,250,0,0
stim,92667,122788,1,122788,3320079.455,-0.602,-0.066,0.164,0.779,3087,0,0,3131,0,1751,247,1509,60,1.453,1,2153,0,189.901,28.849,-114.500,-148.500,30.000,2.020,-1.871,1.996,11.777,26.336,-0.043,0.456,0.408,1.163,1.467,2,NULL,NULL,,3,1,2,7,255,996,250,0,0
stim,92667,122788,1,122788,3320084.453,-0.594,-0.065,0.155,0.787,3096,0,0,3159,0,1828,447,1499,60,1.453,1,2153,0,329.096,28.849,-186.375,-133.688,236.000,0.906,-1.410,1.281,11.777,26.336,-0.043,0.454,0.330,1.163,1.467,2,NULL,NULL,,3,1,2,7,255,996,250,0,0
stim,92667,122788,1,122788,3320089.455,-0.584,-0.063,0.147,0.796,3107,0,0,3173,0,1912,569,1527,60,1.453,1,2153,0,362.419,19.184,-177.438,-129.938,288.063,-0.609,-0.609,0.602,11.234,15.551,-2.352,0.458,0.272,1.163,1.467,2,NULL,NULL,,3,1,2,7,255,996,250,0,0
stim,92667,122788,1,122788,3320094.454,-0.577,-0.060,0.140,0.802,3111,0,0,3183,0,2022,693,1593,60,1.453,1,2153,0,284.121,7.935,-126.375,-141.313,211.625,-1.227,0.094,0.492,7.672,-2.027,-2.352,0.458,0.242,1.163,1.467,2,NULL,NULL,,3,1,2,7,255,996,250,0,0
stim,92667,122788,1,122788,3320099.455,-0.574,-0.057,0.133,0.806,3111,0,0,3184,0,2151,811,1782,60,1.453,1,2153,0,192.210,9.865,-84.813,-148.938,87.000,-1.102,0.543,0.836,3.152,-9.348,-1.969,0.456,0.232,1.163,1.467,2,NULL,NULL,,3,1,2,7,255,996,250,0,0
stim,92667,122788,1,122788,3320104.453,-0.575,-0.054,0.127,0.806,3113,0,0,3189,0,2245,1006,1963,60,1.453,1,2153,0,169.482,9.430,-78.750,-149.813,-8.875,-0.602,0.605,1.184,-1.246,-9.348,1.344,0.460,0.222,1.163,1.467,2,NULL,NULL,,3,1,2,7,255,996,250,0,0
stim,92667,122788,1,122788,3320109.455,-0.578,-0.051,0.121,0.805,3113,0,0,3191,61,2293,1127,2121,60,1.453,1,2153,0,161.342,4.753,-70.125,-125.125,-73.875,0.035,0.246,1.965,-1.965,-4.328,3.422,0.478,0.204,1.163,1.467,2,NULL,NULL,,3,1,2,7,255,996,250,0,0
stim,92667,122788,1,122788,3320114.453,-0.583,-0.052,0.115,0.802,3109,0,0,3191,345,2328,1223,2212,60,1.453,1,2153,0,175.765,4.643,-95.938,-53.563,-137.188,0.613,0.035,1.984,-1.965,4.207,7.809,0.510,0.180,1.163,1.467,2,NULL,NULL,,3,1,2,7,255,996,250,0,0
stim,92667,122788,0,122788,3320119.455,-0.587,-0.053,0.110,0.800,3109,0,0,3194,491,2345,1278,2271,60,1.453,1,2153,0,167.798,10.207,-100.625,-51.375,-124.063,1.164,0.586,1.043,-1.965,10.016,7.809,0.544,0.154,1.163,1.467,2,NULL,NULL,,3,0,2,7,255,999,250,0,0
stim,92667,122788,0,122788,3320124.454,-0.589,-0.053,0.108,0.799,3109,27,0,3197,697,2365,1337,2345,60,1.453,1,2153,0,55.690,11.636,-34.625,-26.688,-34.500,0.949,0.172,1.207,-4.367,10.785,-0.133,0.570,0.128,1.163,1.467,2,NULL,NULL,,3,0,2,7,255,999,250,0,0
stim,92696,122817,0,122817,3320129.455,-0.587,-0.055,0.104,0.801,3109,43,0,3172,877,2381,1413,2397,60,1.453,1,2153,0,116.771,11.636,-104.375,-15.125,50.125,-0.023,-0.664,1.570,-4.367,10.785,-0.133,0.588,0.108,1.163,1.467,2,NULL,NULL,,3,0,2,7,255,999,250,0,0
stim,92696,122817,0,122817,3320134.453,-0.586,-0.059,0.099,0.802,3107,91,0,3197,983,2389,1464,2425,60,1.453,1,2153,0,162.470,7.176,-161.188,-10.438,17.500,-0.645,-0.352,0.883,5.055,5.094,-0.133,0.598,0.092,1.163,1.467,2,NULL,NULL,,3,0,2,7,255,999,250,0,0
stim,92696,122817,0,122817,3320139.455,-0.588,-0.061,0.095,0.801,3117,135,0,3214,1109,2401,1515,2463,60,1.453,1,2153,0,121.497,5.884,-84.688,-8.000,-86.750,-0.477,0.137,0.355,5.055,-3.012,-0.246,0.612,0.080,1.163,1.467,2,NULL,NULL,,3,0,2,7,255,999,250,0,0
stim,92696,122817,0,122817,3320144.454,-0.593,-0.061,0.094,0.797,3103,147,0,3211,1210,2397,1563,2484,60,1.453,1,2153,0,129.261,3.012,5.000,-14.813,-128.313,0.109,0.105,0.785,-0.020,-3.012,-2.488,0.626,0.066,1.163,1.467,2,NULL,NULL,,3,0,2,7,255,999,250,0,0
stim,92696,122817,0,122817,3320149.455,-0.596,-0.061,0.094,0.795,3103,185,0,3204,1303,2405,1595,2493,60,1.453,1,2153,0,84.939,2.315,0.688,-9.750,-84.375,0.316,-0.090,1.324,-0.316,2.293,-2.488,0.638,0.054,1.163,1.467,2,NULL,NULL,,3,0,2,7,255,999,250,0,0
stim,92696,122817,0,122817,3320154.453,-0.597,-0.063,0.092,0.795,3107,228,0,3199,1385,2410,1613,2506,60,1.453,1,2153,0,68.080,4.203,-61.750,-1.563,-28.625,0.133,-0.090,1.344,-0.316,4.191,2.180,0.648,0.046,1.163,1.467,2,NULL,NULL,,3,0,2,7,255,999,250,0,0
stim,92726,122847,0,122847,3320159.455,-0.597,-0.065,0.089,0.794,3103,263,0,3191,1486,2415,1638,2515,60,1.453,1,2153,0,91.707,4.194,-89.000,2.813,-21.938,-0.172,0.027,0.973,-0.152,4.191,2.180,0.654,0.040,1.163,1.467,2,NULL,NULL,,3,0,2,7,255,999,250,0,0
stim,92726,122847,0,122847,3320164.453,-0.599,-0.067,0.086,0.793,3107,283,0,3204,1556,2421,1655,2521,60,1.453,1,2153,0,81.202,0.297,-66.000,4.125,-47.125,-0.219,-0.117,0.758,0.117,0.273,-0.141,0.662,0.034,1.163,1.467,2,NULL,NULL,,3,0,2,7,255,999,250,0,0
stim,92726,122847,0,122847,3320169.455,-0.601,-0.068,0.085,0.792,3104,293,0,3199,1619,2427,1659,2525,60,1.453,1,2153,0,64.019,1.387,-34.188,0.438,-54.125,-0.059,-0.379,0.770,1.359,0.273,-2.152,0.670,0.026,1.163,1.467,2,NULL,NULL,,3,0,2,7,255,999,250,0,0
stim,92726,122847,0,122847,3320174.454,-0.602,-0.069,0.084,0.791,3104,311,47,3195,1662,2430,1659,2529,60,1.453,1,2153,0,37.553,3.887,-16.813,-1.063,-33.563,0.039,-0.414,0.855,3.340,1.988,-2.152,0.678,0.018,1.163,1.467,2,NULL,NULL,,3,0,2,7,255,999,250,0,0
stim,92764,122885,0,122885,3320179.455,-0.602,-0.069,0.083,0.791,3109,309,84,3199,1711,2437,1639,2532,60,1.453,1,2153,0,12.720,3.887,-9.563,-2.313,-8.063,-0.035,-0.184,0.922,3.340,1.988,-1.781,0.686,0.014,1.163,1.467,2,NULL,NULL,,3,0,2,7,255,999,250,0,0
stim,92764,122885,0,122885,3320184.453,-0.602,-0.069,0.083,0.791,3109,309,141,3199,1737,2440,1623,2533,60,1.453,1,2153,0,9.383,2.419,-2.625,-1.125,-8.938,-0.121,-0.020,0.988,1.383,1.984,-0.941,0.694,0.012,1.163,1.467,2,NULL,NULL,,3,0,2,7,255,999,250,0,0
stim,92764,122885,0,122885,3320189.455,-0.603,-0.069,0.083,0.791,3109,312,197,3196,1765,2439,1595,2535,60,1.453,1,2153,0,12.508,1.207,-0.125,-0.438,-12.500,-0.086,0.031,1.047,0.020,1.207,-0.082,0.700,0.012,1.163,1.467,2,NULL,NULL,,3,0,2,7,255,999,250,0,0
stim,92764,122885,0,122885,3320194.454,-0.603,-0.069,0.083,0.790,3110,307,227,3196,1786,2439,1567,2535,60,1.453,1,2153,0,8.937,1.308,-2.063,0.375,-8.688,-0.082,0.023,1.047,-0.504,1.207,0.406,0.706,0.008,1.163,1.467,2,NULL,NULL,,3,0,2,7,255,999,250,0,0
stim,92764,122885,0,122885,3320199.455,-0.603,-0.069,0.083,0.790,3108,309,300,3193,1815,2439,1502,2535,60,1.425,1,2153,1,2.593,1.332,-2.250,0.813,-1.000,-0.117,0.078,1.039,-0.563,1.207,0.410,0.000,0.000,1.216,1.425,2,NULL,NULL,,3,0,2,7,255,999,250,0,0
stim,92764,122885,0,122885,3320204.454,-0.603,-0.069,0.083,0.790,3103,311,333,3192,1830,2437,1453,2534,60,1.425,1,2153,1,2.716,1.145,-0.375,0.125,-2.688,-0.180,0.086,1.051,-0.855,0.762,0.410,0.004,0.002,1.216,1.425,2,NULL,NULL,,3,0,2,7,255,999,250,0,0
stim,92764,122885,0,122885,3320209.455,-0.603,-0.068,0.083,0.790,3097,299,363,3183,1860,2428,1395,2533,60,1.425,1,2153,1,5.299,0.967,-0.063,-1.563,-5.063,-0.172,0.098,1.066,-0.930,0.266,0.629,0.008,0.004,1.216,1.425,2,NULL,NULL,,3,0,2,7,255,999,250,0,0
stim,92764,122885,0,122885,3320214.453,-0.603,-0.068,0.083,0.790,3096,296,403,3180,1891,2421,1367,2537,60,1.425,1,2153,1,6.326,0.896,-0.625,-2.563,-5.750,-0.168,0.070,1.047,-0.855,0.266,0.629,0.012,0.004,1.216,1.425,2,NULL,NULL,,3,0,2,7,255,999,250,0,0
stim,92793,122914,0,122914,3320219.455,-0.604,-0.068,0.083,0.790,3087,285,429,3172,1916,2418,1320,2539,60,1.425,1,2153,1,4.932,0.752,-1.125,-3.750,-3.000,-0.191,0.070,1.035,-0.703,0.266,0.570,0.016,0.006,1.216,1.425,2,NULL,NULL,,3,0,2,7,255,999,250,0,0
stim,92793,122914,0,122914,3320224.454,-0.604,-0.068,0.082,0.790,3077,275,525,3162,1942,2413,1279,2540,60,1.425,1,2153,1,8.123,0.707,-0.500,-6.125,-5.313,-0.199,0.105,1.051,-0.703,0.078,0.570,0.018,0.006,1.216,1.425,2,NULL,NULL,,3,0,2,7,255,999,250,0,0
stim,92793,122914,0,122914,3320229.455,-0.604,-0.068,0.082,0.790,3061,265,575,3161,1975,2408,1269,2543,60,1.425,1,2153,1,10.202,0.951,-0.875,-8.250,-5.938,-0.195,0.125,1.039,-0.949,-0.059,0.563,0.018,0.004,1.216,1.425,2,NULL,NULL,,3,0,2,7,255,999,250,0,0
stim,92793,122914,0,122914,3320234.453,-0.604,-0.067,0.082,0.790,3050,262,635,3146,1990,2404,1231,2568,60,1.425,1,2153,1,12.568,1.088,-1.875,-7.938,-9.563,-0.180,0.113,1.035,-1.086,-0.059,0.563,0.020,0.004,1.216,1.425,2,NULL,NULL,,3,0,2,7,255,999,250,0,0
stim,92793,122914,0,122914,3320239.455,-0.605,-0.067,0.082,0.789,3047,261,670,3139,2013,2397,1223,2567,60,1.425,1,2153,1,13.431,1.137,-4.000,-9.313,-8.813,-0.141,0.109,1.051,-1.137,0.039,0.563,0.024,0.006,1.216,1.425,2,NULL,NULL,,3,0,2,7,255,999,250,0,0
stim,92793,122914,0,122914,3320244.454,-0.605,-0.067,0.081,0.789,3023,254,715,3123,2037,2397,1207,2571,60,1.425,1,2153,1,13.661,1.131,-5.188,-10.125,-7.563,-0.156,0.082,1.031,-1.086,0.316,0.504,0.026,0.008,1.216,1.425,2,NULL,NULL,,3,0,2,7,255,999,250,0,0
stim,92816,122937,0,122937,3320249.455,-0.605,-0.066,0.081,0.789,2996,249,759,3059,2065,2387,1197,2575,60,1.425,1,2153,1,16.238,0.927,-6.063,-8.313,-12.563,-0.168,0.090,1.004,-0.871,0.316,0.391,0.028,0.010,1.216,1.425,2,NULL,NULL,,3,0,2,7,255,999,250,0,0
stim,92816,122937,0,122937,3320254.454,-0.606,-0.066,0.080,0.789,2987,253,799,3095,2089,2377,1192,2586,60,1.425,1,2153,1,16.520,0.889,-4.063,-9.688,-12.750,-0.152,0.129,1.020,-0.871,0.180,0.297,0.032,0.012,1.216,1.425,2,NULL,NULL,,3,0,2,7,255,999,250,0,0
stim,92816,122937,0,122937,3320259.455,-0.606,-0.066,0.080,0.788,2971,251,829,3063,2117,2377,1194,2589,60,1.425,1,2153,1,20.529,0.878,-4.813,-8.875,-17.875,-0.176,0.082,1.020,-0.871,0.113,0.297,0.034,0.016,1.216,1.425,2,NULL,NULL,,3,0,2,7,255,999,250,0,0
stim,92816,122937,0,122937,3320264.453,-0.607,-0.066,0.079,0.788,2935,250,885,3050,2155,2365,1207,2591,60,1.425,1,2153,1,21.519,0.859,-9.375,-8.688,-17.313,-0.137,0.078,1.008,-0.840,0.180,0.297,0.038,0.020,1.216,1.425,2,NULL,NULL,,3,0,2,7,255,999,250,0,0
stim,92816,122937,0,122937,3320269.455,-0.608,-0.066,0.079,0.788,2919,247,957,3035,2185,2360,1227,2599,60,1.425,1,2153,1,22.644,0.864,-8.938,-9.875,-18.313,-0.160,0.016,0.977,-0.809,0.305,0.133,0.042,0.024,1.216,1.425,2,NULL,NULL,,3,0,2,7,255,999,250,0,0
stim,92816,122937,0,122937,3320274.454,-0.608,-0.066,0.078,0.787,2888,253,1005,3013,2213,2362,1241,2605,60,1.425,1,2153,1,22.756,0.383,-7.938,-9.688,-19.000,-0.152,0.004,0.953,-0.191,0.332,-0.117,0.046,0.030,1.216,1.425,2,NULL,NULL,,3,0,2,7,255,999,250,0,0
stim,92862,122983,0,122983,3320279.455,-0.609,-0.065,0.077,0.787,2854,249,1065,2928,2249,2365,1261,2617,60,1.425,1,2153,1,22.176,0.326,-2.813,-12.188,-18.313,-0.168,0.000,0.961,-0.117,0.305,-0.254,0.050,0.038,1.216,1.425,2,NULL,NULL,,3,0,2,7,255,999,250,0,0
stim,92862,122983,0,122983,3320284.453,-0.610,-0.065,0.077,0.786,2835,259,1151,2977,2271,2361,1293,2631,60,1.425,1,2153,1,23.784,0.241,-0.688,-12.250,-20.375,-0.180,0.027,0.973,-0.117,0.211,-0.254,0.058,0.048,1.216,1.425,2,NULL,NULL,,3,0,2,7,255,999,250,0,0
stim,92862,122983,0,122983,3320289.455,-0.610,-0.064,0.077,0.786,2787,263,1223,2937,2302,2361,1351,2637,60,1.425,1,2153,1,25.434,0.286,1.563,-14.625,-20.750,-0.180,0.063,0.996,-0.281,0.051,-0.125,0.068,0.058,1.216,1.425,2,NULL,NULL,,3,0,2,7,255,999,250,0,0
stim,92862,122983,0,122983,3320294.454,-0.611,-0.064,0.076,0.785,2747,264,1292,2905,2339,2363,1405,2647,60,1.425,1,2153,1,28.665,0.633,2.250,-14.813,-24.438,-0.176,0.109,0.996,-0.633,0.000,0.094,0.076,0.068,1.216,1.425,2,NULL,NULL,,3,0,2,7,255,999,250,0,0
stim,92862,122983,0,122983,3320299.455,-0.612,-0.063,0.076,0.785,2699,271,1399,2875,2379,2355,1449,2653,60,1.425,1,2153,1,30.829,1.077,2.063,-16.438,-26.000,-0.176,0.148,1.012,-1.070,-0.117,0.102,0.086,0.078,1.216,1.425,2,NULL,NULL,,3,0,2,7,255,999,250,0,0
stim,92862,122983,0,122983,3320304.454,-0.613,-0.062,0.076,0.784,2647,269,1491,2855,2405,2361,1543,2670,60,1.425,1,2153,1,32.500,1.366,-1.250,-17.375,-27.438,-0.188,0.141,1.027,-1.355,-0.172,0.262,0.094,0.086,1.216,1.425,2,NULL,NULL,,3,0,2,7,255,999,250,0,0
stim,92893,123014,0,123014,3320309.455,-0.614,-0.062,0.075,0.783,2579,275,1615,2803,2450,2363,1615,2677,60,1.425,1,2153,1,35.920,1.366,-8.625,-18.188,-29.750,-0.133,0.113,1.047,-1.355,-0.172,0.445,0.100,0.092,1.216,1.425,2,NULL,NULL,,3,0,2,7,255,999,250,0,0
stim,92893,123014,0,123014,3320314.453,-0.615,-0.062,0.073,0.783,2515,277,1751,2791,2485,2363,1671,2696,60,1.425,1,2153,1,35.377,1.231,-18.625,-18.375,-23.813,-0.164,0.059,1.023,-1.223,0.145,0.445,0.104,0.094,1.216,1.425,2,NULL,NULL,,3,0,2,7,255,999,250,0,0
stim,92893,123014,0,123014,3320319.455,-0.616,-0.062,0.072,0.782,2439,293,1837,2752,2525,2375,1749,2707,60,1.425,1,2153,1,39.912,0.641,-21.250,-19.625,-27.500,-0.168,0.059,0.953,-0.625,0.145,0.359,0.106,0.096,1.216,1.425,2,NULL,NULL,,3,0,2,7,255,999,250,0,0
stim,92893,123014,0,123014,3320324.454,-0.617,-0.062,0.071,0.781,2357,301,1951,2712,2559,2373,1837,2723,60,1.425,1,2153,1,48.316,0.617,-15.125,-18.625,-41.938,-0.270,-0.004,0.969,-0.613,-0.070,-0.004,0.106,0.094,1.216,1.425,2,NULL,NULL,,3,0,2,7,255,999,250,0,0
stim,92893,123014,0,123014,3320329.455,-0.619,-0.062,0.070,0.780,2269,300,2041,2673,2599,2376,1894,2743,60,1.425,1,2153,1,57.840,0.215,-20.375,-21.625,-49.625,-0.191,-0.039,1.020,0.203,-0.070,-0.004,0.106,0.094,1.216,1.425,2,NULL,NULL,,3,0,2,7,255,999,250,0,0
stim,92893,123014,0,123014,3320334.453,-0.621,-0.062,0.068,0.778,2165,298,2149,2615,2634,2390,1967,2759,60,1.425,1,2153,1,71.615,0.314,-29.313,-20.438,-62.063,-0.188,-0.063,1.020,0.313,0.031,0.352,0.104,0.092,1.216,1.425,2,NULL,NULL,,3,0,2,7,255,999,250,0,0
stim,92893,123014,0,123014,3320339.455,-0.623,-0.062,0.065,0.777,2053,307,2247,2531,2671,2391,2055,2775,60,1.425,1,2153,1,81.458,0.449,-39.188,-23.313,-67.500,-0.129,-0.078,1.066,0.445,0.059,0.363,0.100,0.090,1.216,1.425,2,NULL,NULL,,3,0,2,7,255,999,250,0,0
stim,92893,123014,0,123014,3320344.454,-0.625,-0.063,0.063,0.775,1945,312,2333,2503,2707,2387,2123,2787,60,1.425,1,2153,1,86.266,0.752,-53.250,-23.625,-63.625,-0.117,-0.039,1.012,0.445,0.605,0.352,0.096,0.088,1.216,1.425,2,NULL,NULL,,3,0,2,7,255,999,250,0,0
stim,92920,123041,0,123041,3320349.455,-0.627,-0.064,0.060,0.774,1824,311,2416,2420,2720,2392,2203,2797,60,1.425,1,2153,0,85.951,0.822,-55.250,-24.625,-61.063,-0.102,-0.094,0.977,0.445,0.691,0.137,0.094,0.086,1.216,1.425,2,NULL,NULL,,3,0,2,7,255,999,250,0,0
stim,92920,123041,0,123041,3320354.453,-0.629,-0.064,0.057,0.773,1661,304,2477,2333,2743,2391,2273,2815,60,1.425,1,2153,0,79.658,0.775,-50.625,-28.500,-54.500,-0.152,-0.086,0.949,0.484,0.605,-0.188,0.092,0.086,1.216,1.425,2,NULL,NULL,,3,0,2,7,255,999,250,0,0
stim,92920,123041,0,123041,3320359.455,-0.631,-0.065,0.054,0.771,1495,293,2542,2235,2779,2390,2343,2842,60,1.425,1,2153,0,75.633,0.854,-46.625,-29.688,-51.625,-0.102,-0.109,0.961,0.484,0.703,-0.324,0.088,0.082,1.216,1.425,2,NULL,NULL,,3,0,2,7,255,999,250,0,0
stim,92920,123041,0,123041,3320364.453,-0.632,-0.065,0.052,0.770,1268,271,2603,2119,2798,2391,2403,2855,60,1.425,1,2153,0,74.618,0.524,-45.313,-32.625,-49.500,-0.145,-0.047,1.008,0.484,0.199,-0.324,0.086,0.078,1.216,1.425,2,NULL,NULL,,3,0,2,7,255,999,250,0,0
stim,92920,123041,0,123041,3320369.455,-0.634,-0.065,0.049,0.769,1111,265,2639,1935,2825,2397,2463,2875,60,1.425,1,2153,0,76.107,0.194,-44.875,-34.500,-50.875,-0.137,0.027,1.063,-0.031,0.191,0.164,0.084,0.076,1.216,1.425,2,NULL,NULL,,3,0,2,7,255,999,250,0,0
stim,92920,123041,0,123041,3320374.454,-0.636,-0.065,0.046,0.768,953,246,2673,1791,2842,2383,2508,2873,60,1.425,1,2153,0,78.088,0.478,-44.000,-34.813,-54.313,-0.082,-0.020,0.961,-0.438,0.191,0.164,0.082,0.074,1.216,1.425,2,NULL,NULL,,3,0,2,7,255,999,250,0,0
stim,92969,123090,0,123090,3320379.455,-0.637,-0.065,0.044,0.767,731,223,2705,1595,2855,2387,2539,2897,60,1.425,1,2153,0,67.370,0.734,-29.688,-36.625,-48.125,-0.063,-0.105,0.910,-0.438,0.590,-0.395,0.082,0.074,1.216,1.425,2,NULL,NULL,,3,0,2,7,255,999,250,0,0
stim,92969,123090,0,123090,3320384.453,-0.638,-0.064,0.042,0.766,542,186,2729,1369,2886,2385,2591,2903,60,1.425,1,2153,0,55.302,0.923,-21.875,-39.188,-32.313,0.027,-0.211,1.078,0.383,0.840,-0.395,0.080,0.078,1.216,1.425,2,NULL,NULL,,3,0,2,7,255,999,250,0,0
stim,92969,123090,0,123090,3320389.455,-0.639,-0.063,0.040,0.766,349,153,2765,1124,2899,2373,2618,2909,60,1.425,1,2153,0,50.126,0.923,-25.438,-38.250,-20.063,-0.125,-0.063,0.961,0.383,0.840,-0.305,0.080,0.080,1.216,1.425,2,NULL,NULL,,3,0,2,7,255,999,250,0,0
stim,92969,123090,0,123090,3320394.454,-0.640,-0.062,0.038,0.765,209,89,2791,883,2909,2365,2646,2925,60,1.425,1,2153,0,49.219,0.156,-11.000,-40.438,-25.813,-0.129,-0.023,0.934,-0.008,0.156,-0.305,0.082,0.080,1.216,1.425,2,NULL,NULL,,3,0,2,7,255,999,250,0,0
stim,92969,123090,0,123090,3320399.455,-0.641,-0.061,0.037,0.764,104,68,2795,639,2920,2361,2685,2927,60,1.425,1,2153,0,53.196,0.301,-1.375,-42.188,-32.375,-0.109,-0.043,0.996,-0.258,0.156,-0.305,0.084,0.082,1.216,1.425,2,NULL,NULL,,3,0,2,7,255,999,250,0,0
stim,92969,123090,0,123090,3320404.453,-0.642,-0.059,0.035,0.764,28,37,2823,493,2941,2341,2716,2942,60,1.425,1,2153,0,54.085,0.341,4.250,-45.375,-29.125,0.004,-0.086,1.012,-0.258,0.223,0.000,0.088,0.082,1.216,1.425,2,NULL,NULL,,3,0,2,7,255,999,250,0,0
stim,92969,123090,0,123090,3320409.455,-0.643,-0.057,0.034,0.763,13,23,2841,313,2955,2321,2741,2957,60,1.425,1,2153,0,50.959,1.362,4.688,-47.250,-18.500,0.047,-0.082,0.988,-0.086,1.359,0.000,0.092,0.084,1.216,1.425,2,NULL,NULL,,3,0,2,7,255,999,250,0,0
stim,92969,123090,0,123090,3320414.454,-0.643,-0.055,0.033,0.763,0,12,2847,230,2971,2296,2774,2965,60,1.425,1,2153,0,55.366,1.361,19.250,-51.438,-7.000,-0.137,-0.055,1.020,-0.070,1.359,0.055,0.094,0.088,1.216,1.425,2,NULL,NULL,,3,0,2,7,255,999,250,0,0
stim,92969,123090,0,123090,3320419.455,-0.643,-0.052,0.033,0.764,0,0,2855,163,2973,2277,2791,2966,60,1.425,1,2153,0,74.696,0.117,43.250,-60.438,7.500,-0.316,-0.090,1.230,-0.070,-0.094,0.289,0.094,0.092,1.216,1.425,2,NULL,NULL,,3,0,2,7,255,999,250,0,0
stim,92969,123090,0,123090,3320424.454,-0.643,-0.049,0.033,0.763,0,0,2875,155,2987,2261,2807,2980,60,1.425,1,2153,0,80.385,1.649,44.688,-66.438,-7.125,-0.469,-0.191,1.406,0.492,-1.574,2.559,0.090,0.096,1.216,1.425,2,NULL,NULL,,3,0,2,7,255,999,250,0,0
stim,92997,123118,0,123118,3320429.455,-0.644,-0.045,0.032,0.763,0,0,2888,117,2998,2231,2836,2981,60,1.425,1,2153,0,92.172,2.350,47.000,-74.250,-27.813,-0.398,-0.152,1.563,1.133,-2.059,4.492,0.088,0.102,1.216,1.425,3,NULL,NULL,,3,0,2,7,255,999,250,0,0
stim,92997,123118,0,123118,3320434.453,-0.645,-0.042,0.031,0.763,0,0,2875,85,3003,2200,2848,2982,60,1.425,1,2153,0,86.013,2.350,21.563,-81.500,-17.063,-0.133,0.059,1.582,1.133,-2.059,5.723,0.088,0.108,1.216,1.425,3,NULL,NULL,,3,0,2,7,255,999,250,0,0
stim,92997,123118,0,123118,3320439.455,-0.645,-0.039,0.028,0.763,0,0,2878,75,3013,2163,2863,2993,60,1.425,1,2153,0,85.124,1.295,-26.188,-80.688,-7.063,-0.027,0.156,1.332,-1.293,0.066,5.723,0.088,0.116,1.216,1.425,3,NULL,NULL,,3,0,2,7,255,999,250,0,0
stim,92997,123118,0,123118,3320444.454,-0.645,-0.037,0.025,0.763,0,0,2887,21,3019,2108,2893,2989,60,1.425,1,2153,0,89.239,1.857,-21.875,-85.250,14.750,-0.113,0.137,1.164,-1.855,0.066,3.145,0.092,0.124,1.216,1.425,3,NULL,NULL,,3,0,2,7,255,999,250,0,0
stim,92997,123118,0,123118,3320449.455,-0.644,-0.034,0.022,0.764,0,0,2873,0,3037,2041,2901,2991,60,1.425,1,2153,0,97.291,1.913,2.125,-94.000,25.000,-0.254,0.098,1.188,-1.855,-0.465,1.957,0.094,0.134,1.216,1.425,3,NULL,NULL,,3,0,2,7,255,999,250,0,0
stim,92997,123118,0,123118,3320454.453,-0.643,-0.030,0.020,0.765,0,0,2875,0,3035,1947,2921,2989,60,1.425,1,2153,0,101.981,2.179,13.250,-100.063,14.563,-0.309,0.008,1.281,-1.227,-1.801,1.957,0.098,0.146,1.216,1.425,3,NULL,NULL,,3,0,2,7,255,999,250,0,0
stim,93027,123148,0,123148,3320459.455,-0.643,-0.027,0.018,0.765,0,0,2871,0,3039,1869,2923,2991,60,1.425,1,2153,0,106.793,2.079,9.250,-106.375,1.875,-0.293,-0.051,1.344,-0.289,-2.059,2.922,0.102,0.156,1.216,1.425,3,NULL,NULL,,3,0,2,7,255,999,250,0,0
stim,93027,123148,0,123148,3320464.454,-0.643,-0.023,0.015,0.765,0,0,2868,0,3046,1758,2941,2987,60,1.425,1,2153,0,112.776,2.074,1.063,-112.750,-2.188,-0.242,-0.074,1.348,0.250,-2.059,3.531,0.104,0.166,1.216,1.425,3,NULL,NULL,,3,0,2,7,255,999,250,0,0
stim,93027,123148,0,123148,3320469.455,-0.643,-0.019,0.011,0.765,0,0,2859,0,3059,1619,2939,2988,60,1.425,1,2153,0,117.207,1.687,-3.750,-117.125,-2.250,-0.203,-0.133,1.250,0.395,-1.641,3.531,0.104,0.176,1.216,1.425,3,NULL,NULL,,3,0,2,7,255,999,250,0,0
stim,93027,123148,0,123148,3320474.454,-0.643,-0.016,0.008,0.766,0,0,2857,0,3062,1477,2951,2989,60,1.425,1,2153,0,123.843,1.642,-3.063,-123.750,3.688,-0.188,-0.191,1.195,0.965,-1.328,2.566,0.106,0.186,1.216,1.425,3,NULL,NULL,,3,0,2,7,255,999,250,0,0
stim,93064,123185,0,123185,3320479.455,-0.643,-0.011,0.004,0.766,0,0,2839,0,3065,1299,2974,2973,60,1.425,1,2153,0,130.507,1.992,2.625,-130.000,11.188,-0.238,-0.176,1.211,1.484,-1.328,2.156,0.108,0.198,1.216,1.425,3,NULL,NULL,,3,0,2,7,255,999,250,0,0
stim,93064,123185,0,123185,3320484.453,-0.642,-0.007,0.001,0.767,0,0,2810,0,3061,1065,2991,2969,60,1.425,1,2153,0,136.934,2.409,9.063,-136.438,7.313,-0.293,-0.164,1.199,1.531,-1.859,2.039,0.110,0.210,1.216,1.425,3,NULL,NULL,,3,0,2,7,255,999,250,0,0
stim,93064,123185,0,123185,3320489.455,-0.642,-0.002,-0.003,0.767,0,0,2790,0,3064,890,2992,2968,60,1.425,1,2153,0,144.894,2.979,14.688,-144.125,-2.563,-0.285,-0.188,1.211,1.539,-2.551,2.102,0.114,0.222,1.216,1.425,3,NULL,NULL,,3,0,2,7,255,999,250,0,0
stim,93064,123185,0,123185,3320494.454,-0.642,0.003,-0.007,0.767,0,0,2771,0,3077,685,3000,2953,60,1.425,1,2153,0,150.955,3.111,11.813,-150.188,-9.563,-0.180,-0.211,1.238,1.781,-2.551,2.102,0.116,0.234,1.216,1.425,3,NULL,NULL,,3,0,2,7,255,999,250,0,0
stim,93064,123185,0,123185,3320499.455,-0.642,0.009,-0.011,0.767,0,0,2737,0,3079,487,3023,2944,60,1.425,1,2153,0,156.858,2.469,8.500,-156.625,-0.813,-0.109,-0.219,1.180,1.824,-1.664,2.102,0.120,0.244,1.216,1.425,3,NULL,NULL,,3,0,2,7,255,999,250,0,0
stim,93064,123185,0,123185,3320504.453,-0.641,0.014,-0.015,0.767,0,0,2681,0,3067,309,3021,2927,60,1.425,1,2153,0,164.655,2.469,13.563,-163.813,9.625,-0.203,-0.156,1.156,1.824,-1.664,1.785,0.124,0.256,1.216,1.425,3,NULL,NULL,,3,0,2,7,255,999,250,0,0
stim,93064,123185,0,123185,3320509.455,-0.641,0.020,-0.019,0.767,0,0,2647,0,3077,200,3033,2924,60,1.425,1,2153,0,172.728,2.694,16.688,-171.438,12.875,-0.172,-0.117,1.273,1.457,-2.266,1.785,0.130,0.268,1.216,1.425,3,NULL,NULL,,3,0,2,7,255,999,250,0,0
stim,93064,123185,0,123185,3320514.454,-0.640,0.026,-0.023,0.768,0,0,2579,0,3055,88,3032,2916,60,1.425,1,2153,0,181.067,2.500,17.688,-179.938,9.750,-0.234,-0.063,1.289,1.023,-2.281,2.609,0.140,0.280,1.216,1.425,3,NULL,NULL,,3,0,2,7,255,999,250,0,0
stim,93064,123185,0,123185,3320519.455,-0.639,0.033,-0.028,0.768,0,0,2508,0,3058,17,3035,2864,60,1.425,1,2153,0,190.728,3.144,24.125,-189.188,1.750,-0.180,0.016,1.426,0.660,-3.074,2.637,0.150,0.294,1.216,1.425,3,NULL,NULL,,3,0,2,7,255,999,250,0,0
stim,93064,123185,0,123185,3320524.454,-0.639,0.040,-0.032,0.767,0,0,2399,0,3059,0,3043,2851,60,1.425,1,2153,0,199.867,3.148,24.875,-198.313,-0.563,-0.191,0.160,1.453,-0.148,-3.145,3.941,0.164,0.312,1.216,1.425,3,NULL,NULL,,3,0,2,7,255,999,250,0,0
stim,93093,123214,0,123214,3320529.455,-0.639,0.048,-0.037,0.767,0,0,2276,0,3047,0,3037,2809,60,1.425,1,2153,0,209.719,3.951,29.500,-207.563,-5.438,-0.141,0.316,1.680,-1.438,-3.680,4.121,0.186,0.336,1.216,1.425,3,NULL,NULL,,3,0,2,7,255,999,250,0,0
stim,93093,123214,0,123214,3320534.453,-0.638,0.056,-0.042,0.767,0,0,2107,0,3032,3,3031,2771,60,1.425,1,2153,0,219.581,4.961,27.438,-217.813,4.563,-0.215,0.406,2.078,-2.961,-3.980,6.281,0.214,0.368,1.216,1.425,3,NULL,NULL,,3,0,2,7,255,999,250,0,0
stim,93093,123214,0,123214,3320539.455,-0.636,0.065,-0.048,0.768,0,0,1952,0,3035,16,3023,2732,60,1.425,1,2153,0,243.236,6.429,15.000,-240.688,31.750,-0.430,0.387,2.402,-2.961,-5.707,9.969,0.254,0.412,1.216,1.425,3,NULL,NULL,,3,0,2,7,255,999,250,0,0
stim,93093,123214,0,123214,3320544.454,-0.633,0.073,-0.056,0.768,0,0,1737,0,3005,74,3017,2686,60,1.425,1,2153,0,274.006,9.094,-8.563,-268.125,55.813,-0.707,0.418,2.582,-2.895,-8.621,12.680,0.306,0.466,1.216,1.425,3,NULL,NULL,,3,0,2,7,255,999,250,0,0
stim,93116,123237,0,123237,3320549.455,-0.630,0.081,-0.066,0.769,0,0,1564,0,2991,84,2987,2621,60,1.425,1,2153,0,309.864,12.496,-53.938,-300.250,54.375,-0.813,0.672,2.625,-2.895,-12.156,13.492,0.366,0.528,1.216,1.425,3,NULL,NULL,,3,0,2,7,255,999,250,0,0
stim,93116,123237,0,123237,3320554.453,-0.628,0.090,-0.078,0.769,0,0,1400,0,2972,102,2970,2553,60,1.425,1,2153,0,340.594,15.102,-76.625,-329.688,37.938,-0.797,0.934,2.492,-4.727,-14.344,13.492,0.434,0.596,1.216,1.425,3,NULL,NULL,,3,0,2,7,255,999,250,0,0
stim,93116,123237,0,123237,3320559.455,-0.626,0.100,-0.091,0.768,0,0,1277,0,2965,115,2921,2459,60,1.425,1,2153,0,367.435,16.088,-87.938,-355.813,25.938,-0.625,1.004,2.453,-7.285,-14.344,11.723,0.506,0.670,1.216,1.425,3,NULL,NULL,,3,0,2,7,255,999,250,0,0
stim,93116,123237,0,123237,3320564.454,-0.623,0.110,-0.104,0.767,0,0,1149,0,2932,123,2860,2349,60,1.425,1,2153,0,389.766,16.526,-90.813,-378.063,27.188,-0.559,0.930,2.590,-7.770,-14.586,11.723,0.588,0.752,1.216,1.425,3,NULL,NULL,,3,0,2,7,255,999,250,0,0
stim,93116,123237,0,123237,3320569.455,-0.621,0.120,-0.119,0.766,0,0,1071,0,2879,135,2807,2251,60,1.425,1,2153,0,412.766,16.621,-101.500,-398.875,31.188,-0.617,0.965,2.777,-7.969,-14.586,12.297,0.676,0.842,1.216,1.425,3,NULL,NULL,,3,0,2,7,255,999,250,0,0
stim,93116,123237,0,123237,3320574.454,-0.618,0.131,-0.134,0.764,0,0,998,0,2841,143,2744,2148,60,1.425,1,2153,0,431.209,18.330,-99.563,-418.813,25.000,-0.809,0.855,3.043,-7.770,-16.602,13.230,0.774,0.940,1.216,1.425,3,NULL,NULL,,3,0,2,7,255,999,250,0,0
stim,93161,123282,0,123282,3320579.455,-0.614,0.142,-0.150,0.762,0,0,941,0,2751,134,2647,2005,60,1.425,1,2153,0,460.982,20.980,-123.625,-443.313,26.375,-0.949,0.738,3.195,-6.555,-19.930,14.418,0.878,1.048,1.216,1.425,3,NULL,NULL,,3,0,2,7,255,999,250,0,0
stim,93161,123282,0,123282,3320584.453,-0.611,0.153,-0.167,0.759,0,0,847,0,2665,107,2510,1880,60,1.425,1,2153,0,485.453,23.186,-157.000,-458.813,22.500,-1.004,0.773,3.152,-5.566,-22.508,14.418,0.990,1.160,1.216,1.425,3,NULL,NULL,,3,0,2,7,255,999,250,0,0
stim,93161,123282,0,123282,3320589.455,-0.608,0.163,-0.186,0.755,0,0,723,0,2567,79,2357,1738,60,1.425,1,2153,0,502.800,24.439,-178.875,-469.875,5.375,-1.070,0.527,3.063,-5.203,-23.879,12.840,1.104,1.276,1.216,1.425,3,NULL,NULL,,3,0,2,7,255,999,250,0,0
stim,93161,123282,0,123282,3320594.454,-0.605,0.174,-0.205,0.750,0,0,557,0,2405,47,2201,1545,60,1.425,1,2153,0,525.011,24.102,-199.125,-485.750,-5.750,-0.906,0.215,2.898,-3.273,-23.879,10.934,1.214,1.390,1.216,1.425,3,NULL,NULL,,3,0,2,7,255,999,250,0,0
stim,93161,123282,0,123282,3320599.455,-0.601,0.185,-0.225,0.744,0,0,429,0,2219,1,1957,1343,60,1.425,1,2153,0,532.958,22.726,-186.250,-499.188,-12.938,-0.859,-0.027,2.754,-0.832,-22.711,9.625,1.320,1.500,1.216,1.425,3,NULL,NULL,,3,0,2,7,255,999,250,0,0
stim,93161,123282,0,123282,3320604.453,-0.597,0.197,-0.244,0.738,0,0,282,0,1949,0,1687,1118,60,1.425,1,2153,0,548.406,22.065,-176.813,-519.063,7.750,-0.855,-0.227,2.605,1.223,-22.031,7.977,1.416,1.600,1.216,1.425,3,NULL,NULL,,3,0,2,7,255,999,250,0,0
stim,93189,123311,0,123311,3320609.455,-0.592,0.210,-0.263,0.733,0,0,235,0,1658,0,1268,975,60,1.425,1,2153,0,551.286,21.888,-161.063,-527.188,7.000,-0.887,-0.254,2.434,3.070,-21.672,6.063,1.508,1.696,1.216,1.425,3,NULL,NULL,,3,0,2,7,255,999,250,0,0
stim,93190,123311,0,123311,3320614.453,-0.586,0.223,-0.281,0.726,0,0,109,0,1312,0,709,808,60,1.425,1,2153,0,552.889,21.888,-130.000,-537.375,-3.813,-0.945,-0.078,2.438,3.070,-21.672,3.594,1.600,1.794,1.216,1.425,3,NULL,NULL,,3,0,2,7,255,999,250,0,0
stim,93190,123311,0,123311,3320619.455,-0.579,0.237,-0.299,0.720,0,0,95,0,917,0,233,670,60,1.425,1,2153,0,558.113,22.878,-117.938,-545.375,12.125,-0.883,0.289,2.516,1.781,-22.809,1.879,1.704,1.902,1.216,1.425,3,NULL,NULL,,3,0,2,7,255,999,250,0,0
stim,93190,123311,0,123311,3320624.454,-0.571,0.251,-0.317,0.714,0,0,53,0,421,0,0,552,60,1.425,1,2153,0,568.158,24.002,-116.000,-553.563,54.000,-1.152,0.508,2.594,-1.859,-23.930,1.078,1.820,2.020,1.216,1.425,3,NULL,NULL,,3,0,2,7,255,999,250,0,0
stim,93190,123311,0,123311,3320629.455,-0.560,0.263,-0.337,0.710,0,0,17,0,41,0,0,499,60,1.425,1,2153,0,588.251,27.210,-132.000,-560.563,119.938,-1.531,0.809,2.516,-3.309,-27.008,-1.895,1.942,2.144,1.216,1.425,3,NULL,NULL,,3,0,2,7,255,999,250,0,0
stim,93190,123311,0,123311,3320634.453,-0.552,0.272,-0.357,0.702,0,0,23,0,0,0,0,437,60,1.425,1,2153,0,578.017,27.701,-225.125,-527.250,73.688,-1.453,1.461,2.191,-5.125,-27.223,-7.160,2.058,2.262,1.216,1.425,3,NULL,NULL,,3,0,2,7,255,999,250,0,0
stim,93190,123311,0,123311,3320639.455,-0.549,0.279,-0.378,0.691,0,0,20,0,0,0,0,404,60,1.425,1,2153,0,567.353,29.541,-318.063,-469.375,-20.313,-1.063,1.969,1.824,-11.473,-27.223,-11.336,2.162,2.368,1.216,1.425,4,NULL,NULL,,3,0,2,7,255,999,250,0,0
stim,93190,123311,0,123311,3320644.454,-0.547,0.278,-0.402,0.680,0,0,17,0,0,0,0,299,60,1.425,1,2153,0,603.357,28.231,-473.938,-372.813,20.813,-0.980,2.094,1.230,-17.316,-22.297,-12.816,2.250,2.456,1.216,1.425,0,NULL,NULL,,3,0,2,7,255,999,250,0,0
stim,93215,123336,0,123336,3320649.455,-0.547,0.267,-0.429,0.668,0,0,21,0,0,0,0,227,60,1.425,1,2153,0,725.218,24.809,-671.938,-246.688,116.563,-0.941,2.328,-0.242,-18.617,-16.398,-16.754,2.316,2.524,1.216,1.425,0,NULL,NULL,,3,0,2,7,255,999,250,0,0
stim,93215,123336,0,123336,3320654.454,-0.548,0.257,-0.448,0.657,0,0,19,0,0,0,0,200,60,1.425,1,2153,0,547.439,18.828,-525.125,-142.750,59.625,-0.738,1.848,-0.883,-18.617,-2.809,-25.313,2.368,2.576,1.216,1.425,0,NULL,NULL,,3,0,2,7,255,999,250,0,0
stim,93215,123336,0,123336,3320659.455,-0.552,0.253,-0.455,0.651,0,0,11,0,0,0,0,186,60,1.425,1,2153,0,245.670,13.723,-239.063,-36.938,-42.875,-0.680,-0.008,-0.313,-13.707,-0.664,-25.313,2.412,2.624,1.216,1.425,0,NULL,NULL,,3,0,2,7,255,999,250,0,0
stim,93215,123336,0,123336,3320664.453,-0.555,0.252,-0.456,0.648,0,0,9,0,0,0,0,183,60,1.425,1,2153,0,110.527,2.451,-79.063,29.813,-71.250,-0.723,-1.230,1.051,2.359,-0.664,-16.703,2.464,2.678,1.216,1.425,0,NULL,NULL,,3,0,2,7,255,999,250,0,0
stim,93242,123363,0,123363,3320669.455,-0.561,0.246,-0.458,0.645,0,0,10,0,0,0,0,143,60,1.425,1,2153,0,205.323,15.107,-168.563,104.188,-53.750,-0.758,-0.930,1.363,7.355,-13.195,-7.180,2.520,2.738,1.216,1.425,0,NULL,NULL,,3,0,2,7,255,999,250,0,0
stim,93242,123363,0,123363,3320674.454,-0.568,0.236,-0.461,0.640,0,0,8,0,0,0,0,105,60,1.425,1,2153,0,315.496,15.107,-261.625,173.125,-33.438,-0.727,0.492,0.703,7.355,-13.195,-7.180,2.578,2.800,1.216,1.425,0,NULL,NULL,,3,0,2,7,255,999,250,0,0
stim,93274,123395,0,123395,3320679.455,-0.575,0.224,-0.461,0.638,0,0,8,0,0,0,0,99,60,1.425,1,2153,0,319.349,10.225,-228.125,223.438,-4.313,-0.707,1.773,0.063,-4.598,-9.133,-14.156,2.638,2.860,1.216,1.425,0,NULL,NULL,,3,0,2,7,255,999,250,0,0
stim,93274,123395,0,123395,3320684.453,-0.581,0.214,-0.458,0.638,0,0,3,0,0,0,0,71,60,1.425,1,2153,0,270.560,15.175,-113.750,244.875,17.313,-0.809,1.969,0.156,-14.805,-3.332,-21.180,2.698,2.922,1.216,1.425,0,NULL,NULL,,3,0,2,7,255,999,250,0,0
stim,93274,123395,0,123395,3320689.455,-0.586,0.205,-0.453,0.639,0,0,4,0,0,0,0,47,60,1.425,1,2153,0,265.832,15.175,-53.750,259.938,14.500,-0.891,1.168,0.797,-14.805,-3.332,-21.180,2.760,2.986,1.216,1.425,0,NULL,NULL,,3,0,2,7,255,999,250,0,0
stim,93274,123395,0,123395,3320694.454,-0.592,0.195,-0.449,0.640,0,0,8,0,0,0,0,42,60,1.425,1,2153,0,289.229,14.886,-93.750,273.438,9.813,-0.848,0.414,1.082,-11.055,-9.969,-16.941,2.818,3.046,1.216,1.425,0,NULL,NULL,,3,0,2,7,255,999,250,0,0
stim,93274,123395,0,123395,3320699.455,-0.599,0.183,-0.446,0.640,0,0,2,0,0,0,0,43,60,1.425,1,2153,0,325.548,11.904,-160.750,282.250,21.813,-0.750,0.313,0.855,-5.305,-10.656,-12.348,2.866,3.098,1.216,1.425,0,NULL,NULL,,3,0,2,7,255,999,250,0,0
stim,93274,123395,0,123395,3320704.454,-0.605,0.170,-0.444,0.639,0,0,3,0,0,0,0,40,60,1.425,1,2153,0,341.097,11.904,-180.938,286.750,37.188,-0.684,0.598,0.379,-5.305,-10.656,-12.348,2.904,3.138,1.216,1.425,0,NULL,NULL,,3,0,2,7,255,999,250,0,0
stim,93274,123395,0,123395,3320709.455,-0.611,0.157,-0.440,0.639,0,0,0,0,0,0,0,39,60,1.425,1,2153,0,329.291,8.183,-150.125,290.188,41.063,-0.648,0.797,0.117,-5.332,-6.207,-15.098,2.934,3.170,1.216,1.425,0,NULL,NULL,,3,0,2,7,255,999,250,0,0
stim,93274,123395,0,123395,3320714.453,-0.616,0.145,-0.436,0.640,0,0,6,0,0,0,0,39,60,1.425,1,2153,0,317.519,7.261,-108.125,296.000,38.875,-0.555,0.766,0.113,-6.215,-3.754,-16.086,2.958,3.196,1.216,1.425,0,NULL,NULL,,3,0,2,7,255,999,250,0,0
stim,93274,123395,0,123395,3320719.455,-0.622,0.133,-0.430,0.641,0,0,0,0,0,0,0,31,60,1.425,1,2153,0,322.686,7.087,-87.750,306.625,49.063,-0.441,0.668,0.211,-6.215,-3.406,-16.086,2.978,3.218,1.216,1.425,0,NULL,NULL,,3,0,2,7,255,999,250,0,0
stim,93274,123395,0,123395,3320724.454,-0.627,0.121,-0.424,0.642,0,0,0,0,0,0,0,31,60,1.425,1,2153,0,331.326,6.886,-82.188,317.063,49.938,-0.520,0.633,0.203,-5.984,-3.406,-14.668,2.998,3.240,1.216,1.425,0,NULL,NULL,,3,0,2,7,255,999,250,0,0
stim,93296,123417,0,123417,3320729.455,-0.632,0.110,-0.417,0.644,0,0,0,0,0,0,0,27,60,1.425,1,2153,0,334.341,6.820,-62.063,325.250,46.313,-0.523,0.574,0.211,-5.535,-3.984,-14.324,3.018,3.262,1.216,1.425,0,NULL,NULL,,3,0,2,7,255,999,250,0,0
stim,93296,123417,0,123417,3320734.453,-0.638,0.099,-0.409,0.645,0,0,0,0,0,0,0,30,60,1.425,1,2153,0,338.105,6.761,-40.813,334.000,33.063,-0.492,0.547,0.301,-5.293,-4.207,-14.324,3.042,3.288,1.216,1.425,0,NULL,NULL,,3,0,2,7,255,999,250,0,0
stim,93296,123417,0,123417,3320739.455,-0.643,0.088,-0.400,0.647,0,0,0,0,0,0,0,19,60,1.425,1,2153,0,345.876,7.014,-26.813,343.500,30.313,-0.375,0.523,0.422,-5.293,-4.602,-13.336,3.068,3.316,1.216,1.425,0,NULL,NULL,,3,0,2,7,255,999,250,0,0
stim,93296,123417,0,123417,3320744.454,-0.649,0.077,-0.391,0.649,0,0,0,0,0,0,0,16,60,1.425,1,2153,0,356.495,7.480,-20.063,353.625,40.438,-0.332,0.551,0.551,-5.852,-4.660,-11.605,3.100,3.348,1.216,1.425,0,NULL,NULL,,3,0,2,7,255,999,250,0,0
stim,93296,123417,0,123417,3320749.455,-0.654,0.066,-0.381,0.650,0,0,0,0,0,0,0,18,60,1.425,1,2153,0,367.872,8.384,-16.563,364.938,43.313,-0.398,0.645,0.648,-6.762,-4.957,-10.500,3.136,3.386,1.216,1.425,0,NULL,NULL,,3,0,2,7,255,999,250,0,0
stim,93296,123417,0,123417,3320754.454,-0.660,0.054,-0.370,0.652,0,0,0,0,0,0,0,5,60,1.425,1,2153,0,378.489,9.866,-10.813,377.188,29.438,-0.438,0.676,0.723,-7.969,-5.816,-10.434,3.176,3.428,1.216,1.425,0,NULL,NULL,,3,0,2,7,255,999,250,0,0
stim,93327,123448,0,123448,3320759.455,-0.666,0.043,-0.359,0.652,0,0,0,0,0,0,0,0,60,1.425,1,2153,0,389.075,10.720,-2.688,388.875,12.188,-0.391,0.629,0.813,-8.602,-6.398,-10.086,3.220,3.474,1.216,1.425,0,NULL,NULL,,3,0,2,7,255,999,250,0,0
stim,93327,123448,0,123448,3320764.453,-0.672,0.032,-0.348,0.653,0,0,0,0,0,0,0,0,60,1.425,1,2153,0,399.455,10.811,3.375,399.438,1.625,-0.328,0.598,0.930,-8.715,-6.398,-8.750,3.266,3.522,1.216,1.425,0,NULL,NULL,,3,0,2,7,255,999,250,0,0
stim,93327,123448,0,123448,3320769.455,-0.679,0.021,-0.335,0.653,0,0,0,0,0,0,0,0,60,1.425,1,2153,0,409.199,11.105,3.438,409.125,-7.000,-0.281,0.617,1.031,-9.102,-6.363,-7.207,3.316,3.572,1.216,1.425,0,NULL,NULL,,3,0,2,7,255,999,250,0,0
stim,93327,123448,0,123448,3320774.454,-0.686,0.009,-0.323,0.652,0,0,0,0,0,0,0,0,60,1.425,1,2153,0,418.173,11.612,0.313,417.750,-18.813,-0.188,0.641,1.055,-9.855,-6.141,-6.086,3.364,3.624,1.216,1.425,0,NULL,NULL,,3,0,2,7,255,999,250,0,0
stim,93364,123485,0,123485,3320779.455,-0.693,-0.002,-0.310,0.651,0,0,0,0,0,0,0,0,60,1.425,1,2153,0,426.215,11.315,1.188,425.125,-30.438,-0.020,0.637,0.996,-10.105,-5.090,-5.332,3.410,3.672,1.216,1.425,0,NULL,NULL,,3,0,2,7,255,999,250,0,0
stim,93364,123485,0,123485,3320784.453,-0.700,-0.013,-0.297,0.649,0,0,0,0,0,0,0,0,60,1.425,1,2153,0,431.600,10.562,12.375,430.000,-35.000,0.121,0.605,0.930,-10.105,-3.070,-4.824,3.456,3.720,1.216,1.425,0,NULL,NULL,,3,0,2,7,255,999,250,0,0
stim,93364,123485,0,123485,3320789.455,-0.707,-0.024,-0.283,0.648,0,0,0,0,0,0,0,0,60,1.425,1,2153,0,432.160,9.739,33.750,429.688,-31.500,0.156,0.605,0.957,-9.656,-1.266,-4.512,3.500,3.766,1.216,1.425,0,NULL,NULL,,3,0,2,7,255,999,250,0,0
stim,93364,123485,0,123485,3320794.453,-0.713,-0.033,-0.268,0.647,0,0,0,0,0,0,0,0,60,1.425,1,2153,0,428.869,9.693,52.438,424.688,-28.625,0.137,0.613,1.063,-9.656,-0.844,-4.016,3.542,3.810,1.216,1.425,0,NULL,NULL,,3,0,2,7,255,999,250,0,0
stim,93364,123485,0,123485,3320799.455,-0.719,-0.043,-0.253,0.646,0,0,0,0,0,0,0,0,60,1.425,1,2153,0,422.233,10.180,63.750,416.375,-29.125,0.129,0.605,1.141,-10.152,-0.754,-3.152,3.582,3.850,1.216,1.425,0,NULL,NULL,,3,0,2,7,255,999,250,0,0
stim,93364,123485,0,123485,3320804.454,-0.725,-0.051,-0.239,0.644,0,0,0,0,0,0,0,0,60,1.425,1,2153,0,413.403,10.383,73.938,405.625,-30.063,0.164,0.641,1.191,-10.355,-0.754,-2.305,3.618,3.888,1.216,1.425,0,NULL,NULL,,3,0,2,7,255,999,250,0,0
stim,93364,123485,0,123485,3320809.455,-0.730,-0.059,-0.224,0.643,0,0,0,0,0,0,0,0,60,1.425,1,2153,0,404.158,10.782,85.938,393.813,-29.500,0.215,0.727,1.242,-10.781,-0.090,-1.785,3.650,3.922,1.216,1.425,0,NULL,NULL,,3,0,2,7,255,999,250,0,0
stim,93364,123485,0,123485,3320814.453,-0.735,-0.066,-0.209,0.641,0,0,0,0,0,0,0,0,60,1.425,1,2153,0,395.305,11.628,98.688,381.813,-27.313,0.262,0.789,1.313,-11.598,0.840,-1.434,3.680,3.954,1.216,1.425,0,NULL,NULL,,3,0,2,7,255,999,250,0,0
stim,93364,123485,0,123485,3320819.455,-0.740,-0.073,-0.194,0.640,0,0,0,0,0,0,0,0,60,1.425,1,2153,0,386.640,12.377,110.313,369.750,-24.625,0.297,0.801,1.406,-12.266,1.660,-0.801,3.708,3.984,1.216,1.425,0,NULL,NULL,,3,0,2,7,255,999,250,0,0
stim,93364,123485,0,123485,3320824.454,-0.744,-0.079,-0.180,0.639,0,0,0,0,0,0,0,0,60,1.425,1,2153,0,376.544,12.728,118.875,356.688,-20.688,0.305,0.781,1.500,-12.523,2.273,0.176,3.736,4.012,1.216,1.425,0,NULL,NULL,,3,0,2,7,255,999,250,0,0
stim,93395,123516,0,123516,3320829.455,-0.748,-0.084,-0.165,0.638,0,0,0,0,0,0,0,3,60,1.425,1,2153,0,366.218,12.793,126.313,343.313,-17.250,0.316,0.762,1.598,-12.523,2.613,1.242,3.762,4.038,1.216,1.425,0,NULL,NULL,,3,0,2,7,255,999,250,0,0
stim,93395,123516,0,123516,3320834.453,-0.751,-0.088,-0.151,0.636,0,0,0,0,0,0,0,1,60,1.425,1,2153,0,356.937,12.872,132.500,331.000,-16.938,0.359,0.750,1.668,-12.508,3.039,2.293,3.788,4.066,1.216,1.425,0,NULL,NULL,,3,0,2,7,255,999,250,0,0
stim,93395,123516,0,123516,3320839.455,-0.754,-0.093,-0.136,0.635,0,0,0,0,0,0,0,6,60,1.425,1,2153,0,348.923,13.067,139.438,319.563,-13.563,0.395,0.773,1.742,-12.492,3.832,3.180,3.812,4.092,1.216,1.425,0,NULL,NULL,,3,0,2,7,255,999,250,0,0
stim,93395,123516,0,123516,3320844.453,-0.757,-0.096,-0.122,0.634,0,0,0,0,0,0,0,3,60,1.425,1,2153,0,341.792,13.324,144.063,309.750,-11.063,0.430,0.848,1.840,-12.492,4.633,3.902,3.838,4.118,1.216,1.425,0,NULL,NULL,,3,0,2,7,255,999,250,0,0
stim,93416,123537,0,123537,3320849.455,-0.760,-0.100,-0.108,0.633,0,0,0,0,0,0,0,1,60,1.425,1,2153,0,335.372,14.196,144.563,302.438,-10.375,0.488,0.859,1.910,-13.094,5.484,4.691,3.862,4.144,1.216,1.425,0,NULL,NULL,,3,0,2,7,255,999,250,0,0
stim,93416,123537,0,123537,3320854.454,-0.763,-0.103,-0.094,0.632,0,0,0,0,0,0,0,0,60,1.425,1,2153,0,332.094,14.629,144.938,298.625,-10.125,0.570,0.797,1.953,-13.094,6.523,5.418,3.884,4.168,1.216,1.425,0,NULL,NULL,,3,0,2,7,255,999,250,0,0
stim,93416,123537,0,123537,3320859.455,-0.765,-0.106,-0.081,0.630,0,0,0,0,0,0,0,0,60,1.425,1,2153,0,333.342,14.392,147.188,298.938,-9.438,0.637,0.641,1.965,-12.172,7.680,6.094,3.906,4.188,1.216,1.425,0,NULL,NULL,,3,0,2,7,255,999,250,0,0
stim,93416,123537,0,123537,3320864.453,-0.767,-0.109,-0.066,0.629,0,0,0,0,0,0,0,0,60,1.425,1,2153,0,338.952,13.357,152.813,302.438,-8.250,0.664,0.531,1.965,-10.313,8.488,6.680,3.922,4.206,1.216,1.425,0,NULL,NULL,,3,0,2,7,255,999,250,0,0
stim,93416,123537,1,123537,3320869.455,-0.769,-0.112,-0.052,0.627,0,0,0,0,0,0,0,0,60,1.425,1,2153,0,348.198,12.651,163.688,307.125,-11.063,0.656,0.488,1.977,-8.867,9.023,6.957,3.932,4.218,1.216,1.425,0,NULL,NULL,,3,1,2,7,255,999,250,0,0
stim,93416,123537,1,123537,3320874.454,-0.771,-0.115,-0.037,0.625,0,0,0,0,0,0,0,0,60,1.425,1,2153,0,358.842,12.382,178.563,310.688,-18.875,0.621,0.453,2.027,-8.125,9.344,7.133,3.936,4.222,1.216,1.425,0,NULL,NULL,,3,1,2,7,255,999,250,0,0
stim,93464,123585,1,123585,3320879.455,-0.774,-0.117,-0.021,0.622,0,0,0,0,0,0,0,0,60,1.425,1,2153,0,367.969,12.061,191.313,312.813,-30.813,0.582,0.375,2.094,-7.535,9.418,7.672,3.932,4.220,1.216,1.425,0,NULL,NULL,,3,1,2,7,255,999,250,0,0
stim,93464,123585,1,123585,3320884.453,-0.777,-0.118,-0.005,0.619,0,0,0,0,0,0,0,0,60,1.425,1,2153,0,375.168,11.544,201.438,313.188,-45.688,0.563,0.281,2.141,-6.559,9.500,8.469,3.920,4.208,1.216,1.425,0,NULL,NULL,,3,1,2,7,255,999,250,0,0
stim,93464,123585,1,123585,3320889.455,-0.780,-0.119,0.010,0.615,0,0,0,0,0,0,0,0,60,1.425,1,2153,0,381.267,11.020,211.125,311.375,-61.938,0.559,0.242,2.188,-5.289,9.668,9.074,3.900,4.190,1.216,1.425,0,NULL,NULL,,3,1,2,7,255,999,250,0,0
stim,93464,123585,1,123585,3320894.453,-0.783,-0.120,0.026,0.610,0,0,0,0,0,0,0,0,60,1.425,1,2153,0,387.012,11.033,218.000,308.813,-83.000,0.613,0.258,2.227,-4.473,10.086,9.512,3.870,4.160,1.216,1.425,0,NULL,NULL,,3,1,2,7,255,999,250,0,0
stim,93464,123585,1,123585,3320899.455,-0.787,-0.121,0.042,0.604,0,0,0,0,0,0,0,0,60,1.425,1,2153,0,387.274,11.858,220.000,302.500,-100.375,0.789,0.199,2.156,-3.941,11.184,9.512,3.826,4.118,1.216,1.425,0,NULL,NULL,,3,1,2,7,255,999,250,0,0
stim,93464,123585,1,123585,3320904.454,-0.790,-0.121,0.057,0.598,0,0,0,0,0,0,0,0,60,1.425,1,2153,0,381.973,13.103,227.813,290.875,-96.938,0.953,0.051,1.934,-2.238,12.910,8.543,3.770,4.064,1.216,1.425,0,NULL,NULL,,3,1,2,7,255,999,250,0,0
stim,93489,123610,1,123610,3320909.455,-0.793,-0.119,0.073,0.593,0,0,0,0,0,0,0,7,60,1.425,1,2153,0,388.650,13.842,256.125,276.875,-93.750,1.059,-0.102,1.738,0.422,13.836,6.109,3.702,3.998,1.216,1.425,0,NULL,NULL,,3,1,2,7,255,999,250,0,0
stim,93489,123610,1,123610,3320914.453,-0.797,-0.116,0.089,0.587,0,0,0,0,0,0,0,8,60,1.425,1,2153,0,413.442,14.401,305.063,262.250,-95.375,1.137,-0.184,1.773,2.902,14.105,3.977,3.622,3.918,1.216,1.425,0,NULL,NULL,,3,1,2,7,255,999,250,0,0
stim,93489,123610,1,123610,3320919.455,-0.800,-0.110,0.106,0.580,0,0,0,0,0,0,0,12,60,1.425,1,2153,0,436.956,15.457,348.125,247.000,-93.438,1.297,-0.047,2.027,4.430,14.809,3.977,3.528,3.824,1.216,1.425,0,NULL,NULL,,3,1,2,7,255,999,250,0,0
stim,93489,123610,1,123610,3320924.454,-0.803,-0.104,0.123,0.574,0,0,0,0,0,0,0,43,60,1.425,1,2153,0,451.117,18.006,370.875,237.313,-98.188,1.609,0.219,2.297,4.430,17.453,5.340,3.422,3.718,1.216,1.425,0,NULL,NULL,,3,1,2,7,255,999,250,0,0
stim,93489,123610,1,123610,3320929.455,-0.806,-0.097,0.140,0.567,0,0,0,0,0,0,0,47,60,1.425,1,2153,0,453.593,22.230,376.500,233.688,-96.875,1.934,0.445,2.430,3.871,21.891,6.141,3.306,3.600,1.216,1.425,0,NULL,NULL,,3,1,2,7,255,999,250,0,0
stim,93489,123610,1,123610,3320934.453,-0.808,-0.090,0.156,0.561,0,0,0,0,0,0,0,55,60,1.425,1,2153,0,439.821,26.229,367.250,229.563,-76.625,2.191,0.500,2.500,3.871,25.941,6.141,3.180,3.474,1.216,1.425,0,NULL,NULL,,3,1,2,7,255,999,250,0,0
stim,93507,123628,1,123628,3320939.455,-0.809,-0.083,0.173,0.556,0,0,0,0,0,0,0,71,60,1.425,1,2153,0,419.903,28.915,353.000,222.938,-44.813,2.219,0.281,2.578,5.234,28.438,5.598,3.042,3.334,1.216,1.425,0,NULL,NULL,,3,1,2,7,255,999,250,0,0
stim,93507,123628,1,123628,3320944.453,-0.809,-0.077,0.188,0.552,0,0,0,0,0,0,0,80,60,1.425,1,2153,0,389.995,29.641,326.125,213.563,-11.375,2.180,0.188,2.563,8.359,28.438,5.484,2.898,3.188,1.216,1.425,0,NULL,NULL,,3,1,2,7,255,999,250,0,0
stim,93507,123628,1,123628,3320949.455,-0.809,-0.071,0.202,0.548,0,0,0,0,0,0,0,87,60,1.425,1,2153,0,366.124,29.736,303.938,204.063,-5.188,2.305,0.137,2.406,9.824,28.066,5.035,2.746,3.034,1.216,1.425,0,NULL,NULL,,3,1,2,7,255,999,250,0,0
stim,93507,123628,1,123628,3320954.454,-0.808,-0.066,0.217,0.544,0,0,0,0,0,0,0,109,60,1.425,1,2153,0,358.391,30.171,299.000,197.563,-3.438,2.496,-0.008,2.215,11.070,28.066,2.563,2.592,2.874,1.216,1.425,0,NULL,NULL,,3,1,2,7,255,999,250,0,0
stim,93507,123628,1,123628,3320959.455,-0.807,-0.060,0.230,0.541,0,0,0,0,0,0,0,122,60,1.425,1,2153,0,357.266,31.308,301.938,190.438,14.375,2.641,-0.195,2.176,13.078,28.445,-0.570,2.436,2.714,1.216,1.425,0,NULL,NULL,,3,1,2,7,255,999,250,0,0
stim,93507,123628,1,123628,3320964.453,-0.805,-0.053,0.244,0.539,0,0,0,0,0,0,0,139,60,1.425,1,2153,0,343.651,32.430,288.375,183.250,36.813,2.609,-0.457,2.125,15.574,28.445,-2.340,2.280,2.554,1.216,1.425,0,NULL,NULL,,3,1,2,7,255,999,250,0,0
stim,93542,123663,1,123663,3320969.455,-0.802,-0.048,0.257,0.537,0,0,0,0,0,0,0,151,60,1.425,1,2153,0,328.574,32.634,272.313,176.688,50.875,2.527,-0.613,1.988,18.039,27.195,-3.668,2.120,2.386,1.216,1.425,0,NULL,NULL,,3,1,2,7,255,999,250,0,0
stim,93542,123663,1,123663,3320974.454,-0.800,-0.041,0.269,0.536,0,0,0,0,0,0,0,163,60,1.425,1,2153,0,326.519,31.673,274.875,164.250,63.875,2.438,-0.766,1.996,19.023,25.324,-5.395,1.952,2.212,1.216,1.425,0,NULL,NULL,,3,1,2,7,255,999,250,0,0
stim,93567,123688,1,123688,3320979.455,-0.797,-0.035,0.280,0.534,0,0,0,0,0,0,0,169,60,1.425,1,2153,0,304.439,31.439,259.875,151.688,46.250,2.148,-0.855,2.152,20.336,23.977,-5.395,1.780,2.036,1.216,1.425,0,NULL,NULL,,3,1,2,7,255,999,250,0,0
stim,93567,123688,1,123688,3320984.453,-0.796,-0.030,0.290,0.531,0,0,0,0,0,0,0,175,60,1.425,1,2153,0,256.977,31.159,221.625,130.000,4.438,2.230,-0.941,2.410,21.152,22.879,-3.988,1.606,1.858,1.216,1.425,0,NULL,NULL,,3,1,2,7,255,999,250,0,0
stim,93567,123688,1,123688,3320989.455,-0.794,-0.027,0.298,0.529,0,0,0,0,0,0,0,188,60,1.425,1,2153,0,195.388,32.697,159.938,110.625,18.938,2.879,-1.273,2.473,23.359,22.879,-3.988,1.430,1.676,1.216,1.425,0,NULL,NULL,,3,1,2,7,255,999,250,0,0
stim,93567,123688,1,123688,3320994.453,-0.793,-0.025,0.303,0.528,0,0,0,0,0,0,0,219,60,1.425,1,2153,0,140.470,35.985,103.500,90.750,28.000,2.566,-1.313,2.301,27.188,23.574,-6.953,1.252,1.490,1.216,1.425,0,NULL,NULL,,3,1,2,7,255,999,250,0,0
stim,93567,123688,1,123688,3320999.455,-0.792,-0.024,0.307,0.527,0,0,0,0,0,0,0,233,60,1.425,1,2153,0,98.034,35.985,77.438,60.063,-2.563,2.539,-1.258,2.129,27.188,23.574,-7.305,1.074,1.298,1.216,1.425,0,NULL,NULL,,3,1,2,7,255,999,250,0,0
stim,93567,123688,1,123688,3321004.454,-0.793,-0.023,0.310,0.524,0,0,0,0,0,0,0,239,60,1.425,1,2153,0,91.089,35.082,72.938,29.250,-46.063,2.566,-1.133,2.234,25.980,23.574,-7.836,0.902,1.104,1.216,1.425,0,NULL,NULL,,3,1,2,7,255,999,250,0,0
stim,93567,123688,1,123688,3321009.455,-0.795,-0.022,0.310,0.521,0,0,0,0,0,0,0,252,60,1.425,1,2153,0,89.924,35.279,43.813,-7.313,-78.188,2.719,-1.133,2.246,25.980,23.867,-8.566,0.748,0.916,1.216,1.425,0,NULL,NULL,,3,1,2,7,255,999,250,0,0
stim,93567,123688,1,123688,3321014.453,-0.797,-0.022,0.309,0.518,0,0,0,0,0,0,0,344,60,1.425,1,2153,0,97.371,35.252,15.375,-37.875,-88.375,2.664,-1.145,2.145,25.930,23.883,-8.566,0.620,0.734,1.216,1.425,0,NULL,NULL,,3,1,2,7,255,999,250,0,0
stim,93567,123688,1,123688,3321019.455,-0.798,-0.015,0.308,0.517,1,0,0,183,0,3,0,482,60,1.425,1,2153,0,166.810,35.492,127.875,-106.375,12.563,1.410,-1.941,3.320,26.254,23.883,-8.566,0.530,0.564,1.216,1.425,0,NULL,NULL,,3,1,2,7,255,999,250,0,0
stim,93567,123688,1,123688,3321024.454,-0.796,0.016,0.310,0.519,531,0,0,872,0,85,0,547,60,1.425,1,2153,0,716.181,42.008,577.563,-325.625,270.750,1.785,1.031,8.473,34.559,23.883,4.664,0.502,0.428,1.216,1.425,0,NULL,NULL,,3,1,2,7,255,999,250,0,0
stim,93596,123717,1,123717,3321029.455,-0.799,0.002,0.294,0.524,1085,0,0,1331,0,373,0,631,60,1.425,1,2153,0,519.965,38.644,-497.000,-146.813,-42.438,-0.453,0.078,6.613,34.559,17.293,46.719,0.532,0.366,1.216,1.425,0,NULL,NULL,,3,1,2,7,255,999,250,0,0
stim,93596,123717,1,123717,3321034.454,-0.798,-0.034,0.261,0.542,1575,0,0,1737,0,555,0,693,60,1.425,1,2153,0,1191.491,32.445,-1175.563,-174.063,86.063,0.238,2.816,1.504,26.902,18.137,46.719,0.578,0.382,1.216,1.425,0,NULL,NULL,,3,1,2,7,255,999,250,0,0
stim,93596,123717,1,123717,3321039.455,-0.796,-0.065,0.232,0.556,2088,0,0,2103,0,877,0,777,59,1.425,1,2154,0,1014.829,25.663,-1001.250,-140.313,87.688,-0.277,2.707,-1.750,-18.961,17.293,7.469,0.616,0.430,1.216,1.425,1,1010.000,11.000,,3,1,2,7,255,999,250,0,0
stim,93596,123717,1,123717,3321044.454,-0.793,-0.078,0.216,0.564,2475,0,0,2411,0,991,0,828,59,1.425,1,2154,0,512.563,18.979,-489.875,-125.250,84.000,-1.605,0.555,-3.137,-18.961,0.836,-20.473,0.648,0.484,1.216,1.425,1,NULL,NULL,,3,1,2,7,255,999,250,0,0
stim,93596,123717,1,123717,3321049.455,-0.792,-0.075,0.208,0.569,2675,0,0,2659,0,1060,0,922,59,1.425,1,2154,0,231.791,28.570,-76.125,-197.875,93.688,-2.879,-2.578,-1.305,-16.383,-23.406,-20.473,0.676,0.524,1.216,1.425,1,NULL,NULL,,3,1,2,7,255,999,250,0,0
stim,93596,123717,1,123717,3321054.453,-0.795,-0.070,0.202,0.568,2794,0,0,2792,0,1080,0,1047,59,1.425,1,2154,0,192.457,26.978,15.000,-186.625,-44.563,-2.051,-1.871,0.918,13.414,-23.406,-11.934,0.698,0.556,1.216,1.425,1,NULL,NULL,,3,1,2,7,255,999,250,0,0
stim,93628,123749,1,123749,3321059.457,-0.800,-0.067,0.194,0.564,2852,0,0,2891,0,1054,0,1128,59,1.425,1,2154,0,234.515,24.613,-14.938,-181.250,-148.063,-0.840,0.324,0.863,13.414,-20.637,1.422,0.694,0.572,1.216,1.425,2,NULL,NULL,,3,1,2,7,255,999,250,0,0
stim,93628,123749,1,123749,3321064.453,-0.803,-0.063,0.186,0.562,2907,0,0,2952,0,1017,0,1177,59,1.425,1,2154,0,224.257,4.934,-21.188,-207.000,-83.625,-0.102,0.496,0.645,-3.660,-3.309,1.422,0.660,0.574,1.216,1.425,2,NULL,NULL,,3,1,2,7,255,999,250,0,0
stim,93628,123749,1,123749,3321069.455,-0.806,-0.060,0.177,0.561,2935,0,0,2995,0,973,0,1200,59,1.425,1,2154,0,229.679,4.934,-52.250,-218.500,-47.750,-0.371,-1.473,1.523,-3.660,-3.309,1.422,0.614,0.566,1.216,1.425,2,NULL,NULL,,3,1,2,7,255,999,250,0,0
stim,93628,123749,1,123749,3321074.454,-0.809,-0.060,0.165,0.560,2963,0,0,2998,0,1007,0,1207,59,1.425,1,2154,0,279.164,15.561,-134.563,-229.875,-83.563,-0.195,-2.480,1.508,15.094,-3.785,3.266,0.568,0.546,1.216,1.425,2,NULL,NULL,,3,1,2,7,255,999,250,0,0
stim,93664,123785,1,123785,3321079.455,-0.813,-0.061,0.154,0.559,2988,0,0,3067,0,1125,0,1235,59,1.425,1,2154,0,277.057,21.154,-153.375,-211.813,-91.500,0.613,-1.922,0.898,20.813,-3.785,3.266,0.520,0.502,1.216,1.425,2,NULL,NULL,,3,1,2,7,255,999,250,0,0
stim,93664,123785,1,123785,3321084.453,-0.814,-0.059,0.145,0.559,3015,0,0,3097,0,1247,51,1289,59,1.425,1,2154,0,211.284,20.836,-83.688,-192.688,-22.563,1.160,-1.211,0.602,20.813,0.996,-4.199,0.478,0.426,1.216,1.425,2,NULL,NULL,,3,1,2,7,255,999,250,0,0
stim,93664,123785,1,123785,3321089.455,-0.813,-0.055,0.139,0.563,3031,0,0,3117,0,1385,185,1331,59,1.425,1,2154,0,194.852,18.494,-22.375,-173.625,85.563,1.055,-1.305,1.285,16.941,7.418,-4.199,0.450,0.338,1.216,1.425,2,NULL,NULL,,3,1,2,7,255,999,250,0,0
stim,93664,123785,1,123785,3321094.453,-0.809,-0.052,0.133,0.570,3045,0,0,3131,0,1531,267,1403,59,1.425,1,2154,0,227.851,17.254,-48.688,-145.875,168.125,0.625,-1.047,1.527,15.578,7.418,-1.223,0.432,0.262,1.216,1.425,2,NULL,NULL,,3,1,2,7,255,999,250,0,0
stim,93664,123785,1,123785,3321099.455,-0.804,-0.051,0.127,0.578,3053,0,0,3143,0,1671,315,1462,59,1.425,1,2154,0,261.558,14.554,-88.875,-131.438,207.938,0.023,-0.035,1.285,13.379,5.730,2.266,0.414,0.214,1.216,1.425,2,NULL,NULL,,3,1,2,7,255,999,250,0,0
stim,93664,123785,1,123785,3321104.454,-0.800,-0.050,0.120,0.585,3059,0,0,3147,0,1785,371,1541,59,1.425,1,2154,0,243.519,3.501,-94.938,-135.000,179.063,-0.652,0.977,0.926,1.738,3.039,2.266,0.394,0.198,1.216,1.425,2,NULL,NULL,,3,1,2,7,255,999,250,0,0
stim,93664,123785,1,123785,3321109.455,-0.798,-0.049,0.114,0.589,3064,0,0,3147,106,1939,393,1705,59,1.425,1,2154,0,179.937,7.176,-79.313,-136.000,87.125,-0.789,0.633,1.156,-7.109,-0.973,2.266,0.376,0.200,1.216,1.425,2,NULL,NULL,,3,1,2,7,255,999,250,0,0
stim,93664,123785,1,123785,3321114.453,-0.798,-0.049,0.107,0.591,3067,0,0,3145,447,2028,457,1883,59,1.425,1,2154,0,162.594,7.356,-101.375,-126.063,16.375,-0.477,-0.098,1.340,-7.109,-1.891,3.219,0.366,0.206,1.216,1.425,2,NULL,NULL,,3,1,2,7,255,999,250,0,0
stim,93664,123785,0,123785,3321119.455,-0.799,-0.050,0.101,0.590,3077,0,0,3147,661,2099,483,2024,59,1.425,1,2154,0,134.602,1.988,-85.875,-98.000,-33.750,0.035,-0.168,1.598,0.613,-1.891,4.016,0.372,0.200,1.216,1.425,2,NULL,NULL,,3,0,2,7,255,1003,250,0,0
stim,93664,123785,0,123785,3321124.454,-0.801,-0.051,0.097,0.588,3081,0,0,3147,923,2147,507,2117,59,1.425,1,2154,0,119.156,3.146,-70.250,-44.313,-85.438,0.477,0.156,1.473,0.754,3.055,4.016,0.392,0.182,1.216,1.425,2,NULL,NULL,,3,0,2,7,255,1003,250,0,0
stim,93704,123825,0,123825,3321129.455,-0.803,-0.052,0.095,0.586,3087,0,0,3148,1095,2191,549,2183,59,1.425,1,2154,0,82.088,7.775,-37.688,-32.188,-65.438,1.000,0.836,1.102,0.754,7.738,3.262,0.424,0.156,1.216,1.425,2,NULL,NULL,,3,0,2,7,255,1003,250,0,0
stim,93704,123825,0,123825,3321134.453,-0.803,-0.052,0.094,0.587,3087,0,0,3125,1234,2221,617,2255,59,1.425,1,2154,0,39.454,10.642,-14.938,-29.563,21.438,0.719,0.293,1.637,0.191,10.641,3.262,0.454,0.130,1.216,1.425,2,NULL,NULL,,3,0,2,7,255,1003,250,0,0
stim,93704,123825,0,123825,3321139.455,-0.800,-0.055,0.090,0.590,3087,0,0,3144,1355,2247,658,2311,59,1.425,1,2154,0,144.360,10.642,-112.938,-20.438,87.563,-0.270,-0.152,1.637,0.191,10.641,4.375,0.472,0.110,1.216,1.425,2,NULL,NULL,,3,0,2,7,255,1003,250,0,0
stim,93704,123825,0,123825,3321144.453,-0.799,-0.060,0.086,0.592,3087,3,0,3144,1435,2265,694,2355,59,1.425,1,2154,0,154.571,0.383,-150.625,-12.000,32.563,-0.773,0.371,0.785,0.191,0.332,4.375,0.478,0.096,1.216,1.425,2,NULL,NULL,,3,0,2,7,255,1003,250,0,0
stim,93704,123825,0,123825,3321149.455,-0.801,-0.062,0.084,0.590,3087,11,0,3093,1562,2281,762,2407,59,1.425,1,2154,0,104.923,5.863,-71.000,-10.750,-76.500,-0.484,0.445,0.543,-5.465,-2.125,-0.797,0.480,0.090,1.216,1.425,2,NULL,NULL,,3,0,2,7,255,1003,250,0,0
stim,93704,123825,0,123825,3321154.454,-0.804,-0.063,0.082,0.585,3090,42,0,3147,1645,2309,814,2436,59,1.425,1,2154,0,125.877,5.863,-10.688,-13.563,-124.688,0.098,-0.016,1.047,-5.465,-2.125,-0.797,0.488,0.082,1.216,1.425,2,NULL,NULL,,3,0,2,7,255,1003,250,0,0
stim,93723,123844,0,123844,3321159.455,-0.806,-0.064,0.081,0.583,3092,59,0,3146,1703,2313,839,2445,59,1.425,1,2154,0,90.109,2.968,-31.938,-9.250,-83.750,0.402,-0.090,1.313,0.641,2.898,0.020,0.498,0.072,1.216,1.425,2,NULL,NULL,,3,0,2,7,255,1003,250,0,0
stim,93723,123844,0,123844,3321164.453,-0.807,-0.066,0.079,0.582,3095,85,0,3145,1745,2326,864,2469,59,1.425,1,2154,0,72.419,4.828,-69.563,-2.375,-20.000,0.238,0.078,1.191,0.641,4.785,1.109,0.508,0.064,1.216,1.425,2,NULL,NULL,,3,0,2,7,255,1003,250,0,0
stim,93723,123844,0,123844,3321169.455,-0.806,-0.069,0.077,0.582,3096,115,0,3153,1779,2335,877,2471,59,1.425,1,2154,0,80.516,4.788,-80.250,3.000,-5.813,-0.148,0.184,1.055,0.152,4.785,1.109,0.516,0.056,1.216,1.425,2,NULL,NULL,,3,0,2,7,255,1003,250,0,0
stim,93723,123844,0,123844,3321174.454,-0.807,-0.071,0.076,0.581,3098,139,12,3159,1813,2344,889,2481,59,1.425,1,2154,0,77.610,2.475,-68.438,6.250,-36.063,-0.227,0.176,1.008,-2.086,1.332,0.496,0.520,0.048,1.216,1.425,2,NULL,NULL,,3,0,2,7,255,1003,250,0,0
stim,93762,123883,0,123883,3321179.455,-0.808,-0.073,0.074,0.579,3097,163,61,3125,1862,2351,903,2501,59,1.425,1,2154,0,74.178,2.475,-50.375,5.938,-54.125,-0.035,0.141,1.004,-2.086,1.332,0.195,0.522,0.036,1.216,1.425,2,NULL,NULL,,3,0,2,7,255,1003,250,0,0
stim,93762,123883,0,123883,3321184.454,-0.809,-0.075,0.073,0.578,3100,189,125,3177,1904,2372,905,2506,59,1.425,1,2154,0,60.189,2.599,-43.313,3.750,-41.625,0.059,0.066,1.113,-1.422,2.176,0.195,0.526,0.024,1.216,1.425,2,NULL,NULL,,3,0,2,7,255,1003,250,0,0
stim,93762,123883,0,123883,3321189.455,-0.810,-0.077,0.072,0.578,3111,219,233,3172,1945,2375,911,2504,59,1.425,1,2154,0,57.233,2.560,-53.313,3.625,-20.500,0.051,-0.066,1.094,-0.516,2.508,0.598,0.530,0.012,1.216,1.425,2,NULL,NULL,,3,0,2,7,255,1003,250,0,0
stim,93762,123883,0,123883,3321194.453,-0.809,-0.079,0.070,0.578,3108,239,301,3181,1962,2376,917,2516,59,1.425,1,2154,0,57.764,2.597,-57.438,5.750,-2.125,-0.027,-0.246,0.914,0.676,2.508,0.598,0.536,0.006,1.216,1.425,2,NULL,NULL,,3,0,2,7,255,1003,250,0,0
stim,93762,123883,0,123883,3321199.455,-0.809,-0.081,0.069,0.578,3113,247,395,3183,1983,2387,916,2517,59,1.425,1,2154,0,46.676,2.241,-45.875,2.250,8.313,-0.129,-0.383,0.773,2.043,0.922,-0.816,0.542,0.000,1.216,1.425,2,NULL,NULL,,3,0,2,7,255,1003,250,0,0
stim,93762,123883,0,123883,3321204.454,-0.809,-0.081,0.068,0.579,3109,253,486,3187,2005,2393,915,2537,59,1.425,1,2154,0,25.295,3.025,-22.563,-3.125,11.000,-0.199,-0.402,0.723,2.934,-0.738,-1.844,0.000,0.000,1.216,1.425,2,NULL,NULL,,3,0,2,7,255,1003,250,0,0
stim,93796,123917,0,123917,3321209.455,-0.808,-0.081,0.068,0.579,3101,269,533,3176,2024,2387,923,2537,59,1.425,1,2154,0,12.621,3.232,0.875,-7.313,10.250,-0.223,-0.324,0.801,2.934,-1.355,-1.844,0.000,0.000,1.216,1.425,2,NULL,NULL,,3,0,2,7,255,1003,250,0,0
stim,93796,123917,0,123917,3321214.454,-0.808,-0.080,0.068,0.579,3097,269,569,3175,2033,2393,926,2547,59,1.425,1,2154,0,19.212,2.524,13.125,-10.438,9.375,-0.230,-0.188,0.949,2.129,-1.355,-1.449,0.000,0.000,1.216,1.425,2,NULL,NULL,,3,0,2,7,255,1003,250,0,0
stim,93796,123917,0,123917,3321219.455,-0.808,-0.080,0.068,0.580,3095,265,613,3173,2057,2394,935,2554,59,1.425,1,2154,0,19.663,1.063,12.563,-12.250,8.875,-0.219,-0.059,1.063,0.824,-0.672,-0.117,0.000,0.000,1.216,1.425,2,NULL,NULL,,3,0,2,7,255,1003,250,0,0
stim,93796,123917,0,123917,3321224.454,-0.808,-0.079,0.068,0.580,3087,261,635,3163,2075,2395,933,2568,59,1.425,1,2154,0,17.662,0.336,8.125,-13.375,8.188,-0.211,0.016,1.102,-0.332,0.051,0.840,0.000,0.000,1.216,1.425,2,NULL,NULL,,3,0,2,7,255,1003,250,0,0
stim,93796,123917,0,123917,3321229.455,-0.808,-0.078,0.068,0.580,3080,253,661,3157,2087,2393,935,2577,59,1.425,1,2154,0,16.856,1.079,6.188,-14.563,5.813,-0.207,0.066,1.113,-1.000,0.406,1.148,0.000,0.000,1.216,1.425,2,NULL,NULL,,3,0,2,7,255,1003,250,0,0
stim,93796,123917,0,123917,3321234.454,-0.808,-0.078,0.067,0.580,3063,225,693,3145,2101,2392,943,2581,59,1.425,1,2154,0,14.628,1.524,2.625,-14.125,2.750,-0.227,0.074,1.086,-1.469,0.406,1.148,0.000,0.000,1.216,1.425,2,NULL,NULL,,3,0,2,7,255,1003,250,0,0
stim,93796,123917,0,123917,3321239.455,-0.808,-0.077,0.067,0.580,3051,222,717,3093,2120,2395,959,2597,59,1.425,1,2154,0,13.390,1.642,0.813,-12.563,-4.563,-0.211,0.074,1.094,-1.551,0.539,1.027,0.000,0.000,1.216,1.425,2,NULL,NULL,,3,0,2,7,255,1003,250,0,0
stim,93796,123917,0,123917,3321244.453,-0.808,-0.077,0.067,0.580,3044,219,735,3117,2141,2391,971,2591,59,1.425,1,2154,0,15.723,1.682,-1.125,-14.438,-6.125,-0.184,0.102,1.082,-1.594,0.539,0.980,0.000,0.000,1.216,1.425,2,NULL,NULL,,3,0,2,7,255,1003,250,0,0
stim,93814,123935,0,123935,3321249.455,-0.808,-0.076,0.066,0.580,3029,217,806,3101,2144,2385,992,2602,59,1.425,1,2154,0,16.587,1.685,-2.750,-12.438,-10.625,-0.172,0.043,1.039,-1.551,0.660,0.813,0.000,0.000,1.216,1.425,2,NULL,NULL,,3,0,2,7,255,1003,250,0,0
stim,93814,123935,0,123935,3321254.453,-0.809,-0.076,0.065,0.580,3004,219,835,3063,2160,2381,1011,2608,59,1.425,1,2154,0,16.131,1.410,-9.625,-11.438,-6.063,-0.160,0.035,1.113,-1.141,0.828,0.813,0.000,0.000,1.216,1.425,2,NULL,NULL,,3,0,2,7,255,1003,250,0,0
stim,93814,123935,0,123935,3321259.455,-0.809,-0.076,0.065,0.579,2988,220,887,3081,2197,2375,1019,2608,59,1.425,1,2154,0,24.431,1.318,-16.625,-10.500,-14.500,-0.266,0.020,0.984,-1.141,0.660,0.453,0.000,0.000,1.216,1.425,2,NULL,NULL,,3,0,2,7,255,1003,250,0,0
stim,93814,123935,0,123935,3321264.454,-0.810,-0.077,0.064,0.579,2980,229,996,3044,2208,2379,1091,2617,59,1.425,1,2154,0,31.288,1.156,-16.438,-7.438,-25.563,-0.164,-0.051,1.086,-1.031,0.523,0.957,0.000,0.000,1.216,1.425,2,NULL,NULL,,3,0,2,7,255,1003,250,0,0
stim,93840,123961,0,123961,3321269.455,-0.810,-0.078,0.063,0.578,2940,237,1108,2996,2251,2376,1163,2621,59,1.425,1,2154,0,37.458,1.316,-32.688,-9.813,-15.438,-0.152,0.051,0.977,-1.207,0.523,0.105,0.000,0.000,1.216,1.425,2,NULL,NULL,,3,0,2,7,255,1003,250,0,0
stim,93840,123961,0,123961,3321274.454,-0.810,-0.078,0.062,0.578,2920,237,1175,3003,2291,2363,1211,2645,59,1.425,1,2154,0,27.770,1.234,-17.125,-10.813,-19.000,-0.195,0.027,0.906,-1.117,0.523,-0.188,0.000,0.000,1.216,1.425,2,NULL,NULL,,3,0,2,7,255,1003,250,0,0
stim,93873,123994,0,123994,3321279.455,-0.811,-0.078,0.061,0.577,2904,241,1283,2988,2317,2365,1291,2636,59,1.425,1,2154,0,29.428,1.274,-24.813,-11.313,-11.063,-0.129,-0.129,1.098,-1.117,0.613,-0.188,0.000,0.000,1.216,1.425,2,NULL,NULL,,3,0,2,7,255,1003,250,0,0
stim,93873,123994,0,123994,3321284.454,-0.811,-0.079,0.060,0.577,2867,244,1350,2939,2344,2380,1351,2657,59,1.425,1,2154,0,29.437,1.121,-17.625,-15.375,-17.875,-0.309,0.184,0.746,-1.117,0.094,-0.789,0.000,0.000,1.216,1.425,2,NULL,NULL,,3,0,2,7,255,1003,250,0,0
stim,93873,123994,0,123994,3321289.455,-0.812,-0.078,0.059,0.575,2837,253,1453,2948,2387,2377,1406,2663,59,1.269,1,2154,1,51.074,1.253,15.813,-15.938,-45.875,-0.309,-0.035,0.941,-0.992,-0.766,-0.176,0.000,0.000,1.216,1.345,2,NULL,NULL,,3,0,2,7,255,1003,250,0,0
stim,93873,123994,0,123994,3321294.454,-0.814,-0.077,0.059,0.573,2807,251,1565,2920,2415,2376,1489,2683,59,1.269,1,2154,1,54.666,1.253,5.688,-15.875,-52.000,-0.074,-0.027,1.121,-0.992,-0.766,-0.176,0.006,0.004,1.216,1.345,2,NULL,NULL,,3,0,2,7,255,1003,250,0,0
stim,93873,123994,0,123994,3321299.455,-0.815,-0.077,0.058,0.572,2771,253,1647,2889,2457,2379,1571,2697,59,1.269,1,2154,1,43.621,1.747,-2.125,-17.125,-40.063,-0.016,0.164,1.031,-0.992,1.438,-0.047,0.012,0.006,1.216,1.345,2,NULL,NULL,,3,0,2,7,255,1003,250,0,0
stim,93873,123994,0,123994,3321304.453,-0.815,-0.077,0.057,0.571,2727,259,1747,2862,2477,2379,1645,2701,59,1.269,1,2154,1,28.623,2.243,-9.625,-15.125,-22.313,-0.008,0.020,1.129,-0.559,2.172,1.000,0.016,0.008,1.216,1.345,2,NULL,NULL,,3,0,2,7,255,1003,250,0,0
stim,93873,123994,0,123994,3321309.455,-0.815,-0.077,0.055,0.571,2676,277,1819,2835,2517,2379,1718,2715,59,1.269,1,2154,1,34.561,2.243,-27.063,-15.813,-14.563,-0.098,-0.051,1.020,-0.559,2.172,0.188,0.020,0.008,1.216,1.345,2,NULL,NULL,,3,0,2,7,255,1003,250,0,0
stim,93873,123994,0,123994,3321314.454,-0.816,-0.078,0.054,0.571,2616,283,1899,2787,2549,2391,1801,2728,59,1.269,1,2154,1,30.473,1.038,-21.875,-15.188,-14.813,-0.207,-0.035,0.844,-0.559,0.875,0.188,0.022,0.010,1.216,1.345,2,NULL,NULL,,3,0,2,7,255,1003,250,0,0
stim,93873,123994,0,123994,3321319.455,-0.817,-0.077,0.054,0.570,2568,300,1971,2781,2571,2389,1853,2745,59,1.269,1,2154,1,36.059,0.468,-1.250,-16.813,-31.875,-0.191,-0.152,0.859,-0.219,-0.414,-1.078,0.026,0.010,1.216,1.345,2,NULL,NULL,,3,0,2,7,255,1003,250,0,0
stim,93873,123994,0,123994,3321324.454,-0.817,-0.076,0.053,0.569,2503,318,2065,2747,2601,2393,1925,2743,59,1.269,1,2154,1,38.287,0.419,12.250,-18.313,-31.313,-0.086,-0.078,0.906,0.066,-0.414,-1.078,0.028,0.010,1.216,1.345,2,NULL,NULL,,3,0,2,7,255,1003,250,0,0
stim,93896,124017,0,124017,3321329.455,-0.818,-0.075,0.053,0.568,2431,335,2147,2703,2636,2403,1967,2765,59,1.269,1,2154,1,33.585,0.647,17.063,-18.563,-22.188,-0.098,-0.121,0.980,0.391,0.516,-0.883,0.032,0.012,1.216,1.345,2,NULL,NULL,,3,0,2,7,255,1003,250,0,0
stim,93896,124017,0,124017,3321334.454,-0.819,-0.075,0.052,0.567,2361,345,2219,2668,2657,2393,2029,2769,59,1.269,1,2154,1,27.340,0.618,10.313,-19.313,-16.375,-0.141,-0.133,1.059,0.340,0.516,-0.117,0.036,0.014,1.216,1.345,2,NULL,NULL,,3,0,2,7,255,1003,250,0,0
stim,93896,124017,0,124017,3321339.455,-0.819,-0.074,0.051,0.567,2270,345,2285,2618,2675,2403,2085,2789,59,1.269,1,2154,1,22.704,0.618,-3.500,-18.500,-12.688,-0.113,-0.098,1.039,0.340,0.516,0.449,0.040,0.018,1.216,1.345,2,NULL,NULL,,3,0,2,7,255,1003,250,0,0
stim,93896,124017,0,124017,3321344.454,-0.819,-0.074,0.050,0.567,2173,343,2333,2552,2700,2399,2127,2811,59,1.269,1,2154,1,23.653,0.266,-8.250,-21.938,-3.188,-0.160,-0.090,0.922,0.117,0.238,0.449,0.044,0.022,1.216,1.345,2,NULL,NULL,,3,0,2,7,255,1003,250,0,0
stim,93896,124017,0,124017,3321349.455,-0.819,-0.074,0.050,0.566,2071,335,2387,2525,2727,2407,2185,2807,59,1.269,1,2154,1,30.233,0.127,4.000,-20.875,-21.500,-0.344,-0.156,0.891,-0.086,-0.094,-0.543,0.050,0.024,1.216,1.345,2,NULL,NULL,,3,0,2,7,255,1003,250,0,0
stim,93896,124017,0,124017,3321354.453,-0.820,-0.073,0.049,0.565,1945,318,2443,2467,2747,2395,2252,2826,59,1.269,1,2154,1,44.449,0.949,7.875,-23.438,-36.938,-0.203,-0.238,0.969,-0.086,-0.945,-0.543,0.054,0.028,1.216,1.345,2,NULL,NULL,,3,0,2,7,255,1003,250,0,0
stim,93927,124048,0,124048,3321359.455,-0.822,-0.072,0.048,0.564,1844,302,2503,2385,2767,2398,2317,2836,59,1.269,1,2154,1,48.948,0.949,12.125,-25.375,-40.063,-0.117,-0.078,0.965,-0.082,-0.945,-0.258,0.058,0.032,1.216,1.345,2,NULL,NULL,,3,0,2,7,255,1003,250,0,0
stim,93927,124048,0,124048,3321364.454,-0.822,-0.071,0.047,0.562,1707,288,2548,2296,2776,2397,2361,2853,59,1.269,1,2154,1,47.618,0.361,13.250,-27.563,-36.500,-0.168,0.047,1.012,-0.082,0.352,0.043,0.062,0.034,1.216,1.345,2,NULL,NULL,,3,0,2,7,255,1003,250,0,0
stim,93927,124048,0,124048,3321369.455,-0.824,-0.070,0.046,0.561,1557,269,2587,2207,2793,2403,2415,2861,59,1.269,1,2154,1,52.890,0.867,0.500,-29.250,-44.063,-0.184,-0.035,1.148,-0.793,0.352,0.137,0.066,0.036,1.216,1.345,2,NULL,NULL,,3,0,2,7,255,1003,250,0,0
stim,93927,124048,0,124048,3321374.454,-0.825,-0.070,0.044,0.559,1356,263,2614,2087,2825,2391,2470,2875,59,1.269,1,2154,1,61.809,0.830,-17.438,-28.500,-52.000,-0.145,-0.063,1.063,-0.793,0.246,0.703,0.066,0.036,1.216,1.345,2,NULL,NULL,,3,0,2,7,255,1003,250,0,0
stim,93964,124085,0,124085,3321379.455,-0.826,-0.069,0.043,0.558,1207,253,2642,1991,2833,2383,2501,2877,59,1.269,1,2154,1,61.844,0.628,-13.750,-31.563,-51.375,-0.113,-0.031,0.961,-0.578,0.246,0.703,0.068,0.036,1.216,1.345,2,NULL,NULL,,3,0,2,7,255,1003,250,0,0
stim,93964,124085,0,124085,3321384.453,-0.827,-0.069,0.041,0.556,1049,244,2672,1839,2848,2377,2539,2897,59,1.269,1,2154,1,57.464,0.704,-5.250,-33.000,-46.750,-0.133,-0.012,1.000,-0.578,0.402,0.031,0.070,0.036,1.216,1.345,2,NULL,NULL,,3,0,2,7,255,1003,250,0,0
stim,93964,124085,0,124085,3321389.455,-0.828,-0.068,0.040,0.555,832,243,2699,1663,2859,2367,2571,2890,59,1.269,1,2154,1,55.807,0.942,1.625,-34.688,-43.688,-0.105,0.004,1.012,-0.828,0.449,0.031,0.074,0.040,1.216,1.345,2,NULL,NULL,,3,0,2,7,255,1003,250,0,0
stim,93964,124085,0,124085,3321394.454,-0.829,-0.067,0.038,0.553,659,181,2731,1467,2878,2352,2603,2899,59,1.269,1,2154,1,54.894,0.995,-1.188,-34.875,-42.375,-0.098,-0.086,1.098,-0.828,0.551,0.102,0.076,0.042,1.216,1.345,2,NULL,NULL,,3,0,2,7,255,1003,250,0,0
stim,93964,124085,0,124085,3321399.455,-0.830,-0.067,0.037,0.552,468,156,2752,1215,2891,2343,2635,2908,59,1.269,1,2154,1,54.692,0.557,-15.375,-35.875,-38.313,-0.109,-0.121,1.133,-0.086,0.551,0.996,0.082,0.046,1.216,1.345,2,NULL,NULL,,3,0,2,7,255,1003,250,0,0
stim,93964,124085,0,124085,3321404.453,-0.831,-0.067,0.034,0.551,301,93,2781,1022,2915,2325,2669,2922,59,1.269,1,2154,1,68.585,0.347,-36.000,-38.438,-43.938,-0.195,-0.109,1.160,-0.086,0.336,1.387,0.086,0.050,1.216,1.345,2,NULL,NULL,,3,0,2,7,255,1003,250,0,0
stim,93964,124085,0,124085,3321409.457,-0.833,-0.067,0.032,0.549,177,73,2797,796,2916,2312,2695,2932,59,1.269,1,2154,1,74.141,0.382,-33.188,-38.813,-53.750,-0.152,0.004,0.926,-0.379,0.051,1.387,0.090,0.056,1.216,1.345,2,NULL,NULL,,3,0,2,7,255,1003,250,0,0
stim,93964,124085,0,124085,3321414.454,-0.834,-0.066,0.030,0.547,95,53,2812,610,2925,2279,2715,2958,59,1.269,1,2154,1,65.632,0.491,-3.688,-39.875,-52.000,-0.047,-0.023,0.855,-0.488,0.051,-0.695,0.094,0.058,1.216,1.345,2,NULL,NULL,,3,0,2,7,255,1003,250,0,0
stim,93964,124085,0,124085,3321419.455,-0.835,-0.065,0.029,0.546,36,25,2835,477,2943,2253,2745,2936,59,1.269,1,2154,0,66.635,0.892,19.313,-42.625,-47.438,0.000,-0.066,1.016,-0.488,0.746,-0.695,0.098,0.062,1.216,1.345,2,NULL,NULL,,3,0,2,7,255,1003,250,0,0
stim,93964,124085,0,124085,3321424.454,-0.836,-0.063,0.027,0.544,19,26,2851,363,2953,2207,2773,2947,59,1.269,1,2154,0,70.784,1.067,17.813,-46.563,-50.250,-0.059,-0.023,1.109,-0.488,0.949,0.082,0.100,0.064,1.216,1.345,2,NULL,NULL,,3,0,2,7,255,1003,250,0,0
stim,93995,124116,0,124116,3321429.455,-0.837,-0.060,0.026,0.543,2,14,2848,263,2959,2181,2787,2937,59,1.269,1,2154,0,74.718,1.012,34.375,-53.938,-38.625,-0.168,-0.109,1.133,-0.352,0.949,1.020,0.100,0.064,1.216,1.345,2,NULL,NULL,,3,0,2,7,255,1003,250,0,0
stim,93995,124116,0,124116,3321434.454,-0.838,-0.057,0.025,0.542,0,0,2857,238,2972,2153,2807,2952,59,1.269,1,2154,0,88.239,0.550,56.563,-63.188,-24.375,-0.285,-0.168,1.328,-0.383,-0.395,1.441,0.100,0.062,1.216,1.345,2,NULL,NULL,,3,0,2,7,255,1003,250,0,0
stim,93995,124116,0,124116,3321439.455,-0.839,-0.054,0.024,0.541,0,0,2863,209,2984,2123,2823,2953,59,1.269,1,2154,0,85.801,1.196,41.375,-65.813,-36.313,-0.281,-0.105,1.469,-0.383,-1.133,3.543,0.098,0.060,1.216,1.345,2,NULL,NULL,,3,0,2,7,255,1003,250,0,0
stim,93995,124116,0,124116,3321444.453,-0.840,-0.050,0.022,0.540,0,0,2884,171,2985,2085,2840,2961,59,1.269,1,2154,0,91.033,1.491,42.188,-77.188,-23.438,-0.195,0.070,1.633,-0.969,-1.133,4.816,0.098,0.058,1.216,1.345,2,NULL,NULL,,3,0,2,7,255,1003,250,0,0
stim,94022,124143,0,124143,3321449.455,-0.840,-0.049,0.019,0.540,0,0,2885,141,3001,2024,2856,2957,59,1.269,1,2154,0,79.878,2.294,-6.500,-79.500,-4.250,-0.074,0.270,1.469,-2.250,0.449,4.816,0.098,0.056,1.216,1.345,2,NULL,NULL,,3,0,2,7,255,1003,250,0,0
stim,94022,124143,0,124143,3321454.453,-0.840,-0.048,0.015,0.540,0,0,2877,121,3005,1955,2859,2964,59,1.269,1,2154,0,84.565,2.477,-36.938,-75.188,-11.563,-0.078,0.125,1.184,-2.250,1.035,4.281,0.098,0.054,1.216,1.345,2,NULL,NULL,,3,0,2,7,255,1003,250,0,0
stim,94022,124143,0,124143,3321459.455,-0.840,-0.047,0.012,0.541,0,0,2880,100,3005,1891,2871,2964,59,1.269,1,2154,0,86.151,2.392,-23.375,-81.813,13.500,-0.117,-0.039,1.133,-2.156,1.035,1.633,0.096,0.052,1.216,1.345,3,NULL,NULL,,3,0,2,7,255,1003,250,0,0
stim,94022,124143,0,124143,3321464.454,-0.839,-0.045,0.009,0.542,0,0,2891,75,3015,1814,2889,2953,59,1.269,1,2154,0,91.859,1.733,-1.688,-89.750,19.500,-0.355,-0.059,1.211,-1.730,-0.102,1.633,0.096,0.052,1.216,1.345,3,NULL,NULL,,3,0,2,7,255,1003,250,0,0
stim,94022,124143,0,124143,3321469.455,-0.839,-0.043,0.005,0.542,0,0,2891,63,3025,1691,2893,2950,59,1.269,1,2154,0,95.785,2.870,0.313,-95.750,2.563,-0.355,-0.063,1.305,-1.730,-2.289,2.258,0.098,0.050,1.216,1.345,3,NULL,NULL,,3,0,2,7,255,1003,250,0,0
stim,94022,124143,0,124143,3321474.454,-0.839,-0.040,0.002,0.542,0,0,2892,40,3026,1582,2911,2944,59,1.269,1,2154,0,102.251,2.870,3.938,-100.875,-16.250,-0.289,-0.094,1.281,-1.730,-2.289,2.887,0.098,0.050,1.216,1.345,3,NULL,NULL,,3,0,2,7,255,1003,250,0,0
stim,94062,124183,0,124183,3321479.455,-0.840,-0.038,-0.002,0.542,0,0,2891,19,3033,1437,2940,2942,59,1.269,1,2154,0,108.824,2.351,3.750,-107.500,-16.500,-0.176,-0.059,1.402,-1.297,-1.961,3.172,0.100,0.048,1.216,1.345,3,NULL,NULL,,3,0,2,7,255,1003,250,0,0
stim,94062,124183,0,124183,3321484.454,-0.840,-0.035,-0.006,0.542,0,0,2894,0,3035,1259,2955,2940,59,1.269,1,2154,0,113.507,1.539,-14.563,-112.563,-1.250,-0.141,-0.012,1.477,-1.297,-0.828,4.000,0.102,0.046,1.216,1.345,3,NULL,NULL,,3,0,2,7,255,1003,250,0,0
stim,94062,124183,0,124183,3321489.455,-0.839,-0.034,-0.011,0.543,0,0,2889,0,3036,1080,2970,2933,59,1.269,1,2154,0,121.604,1.869,-27.500,-118.063,9.625,-0.277,0.000,1.367,-1.676,-0.828,4.000,0.102,0.046,1.216,1.345,3,NULL,NULL,,3,0,2,7,255,1003,250,0,0
stim,94062,124183,0,124183,3321494.454,-0.839,-0.032,-0.016,0.543,0,0,2872,0,3040,871,2973,2911,59,1.269,1,2154,0,130.361,2.898,-34.875,-125.500,5.250,-0.332,-0.012,1.344,-2.316,-1.742,3.586,0.104,0.046,1.216,1.345,3,NULL,NULL,,3,0,2,7,255,1003,250,0,0
stim,94062,124183,0,124183,3321499.455,-0.839,-0.030,-0.021,0.543,0,0,2867,0,3044,671,2983,2893,59,1.269,1,2154,0,136.865,3.340,-24.938,-134.188,-10.188,-0.309,-0.148,1.156,-2.316,-2.406,3.328,0.106,0.044,1.216,1.345,3,NULL,NULL,,3,0,2,7,255,1003,250,0,0
stim,94062,124183,0,124183,3321504.453,-0.839,-0.027,-0.026,0.543,0,0,2847,0,3045,496,2989,2886,59,1.269,1,2154,0,142.279,3.133,-6.000,-141.750,-10.688,-0.223,-0.305,1.152,-1.109,-2.930,1.691,0.108,0.044,1.216,1.345,3,NULL,NULL,,3,0,2,7,255,1003,250,0,0
stim,94086,124207,0,124207,3321509.455,-0.839,-0.024,-0.032,0.543,0,0,2835,0,3055,347,2996,2853,59,1.269,1,2154,0,150.951,2.992,2.563,-150.875,-4.063,-0.234,-0.309,1.238,0.430,-2.961,1.691,0.110,0.042,1.216,1.345,3,NULL,NULL,,3,0,2,7,255,1003,250,0,0
stim,94086,124207,0,124207,3321514.454,-0.838,-0.020,-0.038,0.543,0,0,2812,0,3046,196,3003,2826,59,1.269,1,2154,0,159.314,3.185,0.125,-159.250,-4.500,-0.359,-0.246,1.305,0.430,-3.156,2.504,0.110,0.042,1.216,1.345,3,NULL,NULL,,3,0,2,7,255,1003,250,0,0
stim,94086,124207,0,124207,3321519.455,-0.838,-0.016,-0.044,0.543,0,0,2780,0,3037,101,3007,2797,59,1.269,1,2154,0,168.630,3.325,0.125,-168.250,-11.313,-0.246,-0.234,1.262,-0.461,-3.293,2.570,0.108,0.044,1.216,1.345,3,NULL,NULL,,3,0,2,7,255,1003,250,0,0
stim,94086,124207,0,124207,3321524.454,-0.838,-0.011,-0.050,0.543,0,0,2746,0,3034,55,3017,2761,59,1.269,1,2154,0,178.083,3.669,14.313,-176.813,-15.688,-0.289,-0.172,1.164,-0.793,-3.582,2.570,0.104,0.050,1.216,1.345,3,NULL,NULL,,3,0,2,7,255,1003,250,0,0
stim,94086,124207,0,124207,3321529.455,-0.838,-0.006,-0.056,0.543,0,0,2709,0,3034,7,3029,2719,59,1.269,1,2154,0,192.137,3.485,31.875,-188.938,-14.250,-0.129,-0.082,1.344,-1.141,-3.293,2.570,0.098,0.056,1.216,1.345,3,NULL,NULL,,3,0,2,7,255,1003,250,0,0
stim,94086,124207,0,124207,3321534.453,-0.837,-0.000,-0.062,0.544,0,0,2646,0,3027,0,3027,2671,59,1.269,1,2154,0,196.789,2.553,16.313,-196.000,6.625,-0.078,0.063,1.641,-1.547,-2.031,3.223,0.098,0.062,1.216,1.345,3,NULL,NULL,,3,0,2,7,255,1003,250,0,0
stim,94112,124233,0,124233,3321539.455,-0.836,0.004,-0.070,0.545,0,0,2581,0,3021,0,3038,2619,59,1.269,1,2154,0,205.415,3.708,-8.688,-203.625,25.625,-0.184,0.133,1.723,-3.102,-2.031,5.973,0.100,0.068,1.216,1.345,3,NULL,NULL,,3,0,2,7,255,1003,250,0,0
stim,94112,124233,0,124233,3321544.454,-0.834,0.009,-0.078,0.546,0,0,2515,0,3017,0,3036,2547,59,1.269,1,2154,0,216.376,4.958,-10.188,-214.000,30.313,-0.332,0.238,1.805,-4.371,-2.340,6.527,0.102,0.074,1.216,1.345,3,NULL,NULL,,3,0,2,7,255,1003,250,0,0
stim,94112,124233,0,124233,3321549.455,-0.833,0.014,-0.086,0.547,0,0,2424,0,2999,0,3041,2447,59,1.269,1,2154,0,229.162,7.096,-1.500,-228.000,23.000,-0.387,0.289,2.063,-6.125,-3.582,6.945,0.104,0.084,1.216,1.345,3,NULL,NULL,,3,0,2,7,255,1003,250,0,0
stim,94112,124233,0,124233,3321554.453,-0.831,0.019,-0.095,0.548,0,0,2335,0,2980,0,3027,2336,59,1.269,1,2154,0,248.434,8.557,-16.188,-245.750,32.625,-0.488,0.293,2.223,-7.297,-4.469,9.172,0.106,0.094,1.216,1.345,3,NULL,NULL,,3,0,2,7,255,1003,250,0,0
stim,94112,124233,0,124233,3321559.455,-0.829,0.024,-0.106,0.549,0,0,2224,0,2944,0,3008,2197,59,1.269,1,2154,0,268.594,10.075,-33.125,-265.063,28.063,-0.555,0.504,2.383,-8.137,-5.941,10.367,0.104,0.102,1.216,1.345,3,NULL,NULL,,3,0,2,7,255,1003,250,0,0
stim,94112,124233,0,124233,3321564.454,-0.827,0.029,-0.118,0.550,0,0,2135,0,2915,0,3007,2041,59,1.269,1,2154,0,293.071,12.313,-55.813,-286.875,21.875,-0.563,0.785,2.504,-10.773,-5.961,11.320,0.102,0.112,1.216,1.345,3,NULL,NULL,,3,0,2,7,255,1003,250,0,0
stim,94139,124260,0,124260,3321569.455,-0.824,0.033,-0.130,0.550,0,0,2013,0,2875,3,2988,1851,59,1.269,1,2154,0,317.541,15.055,-65.938,-309.875,21.500,-0.586,1.047,2.645,-13.824,-5.961,11.828,0.098,0.122,1.216,1.345,3,NULL,NULL,,3,0,2,7,255,1003,250,0,0
stim,94139,124260,0,124260,3321574.454,-0.822,0.038,-0.145,0.550,0,0,1908,0,2837,37,2949,1693,59,1.269,1,2154,0,349.163,17.878,-91.813,-335.813,26.750,-0.676,1.270,2.867,-16.855,-5.961,12.438,0.094,0.132,1.216,1.345,3,NULL,NULL,,3,0,2,7,255,1003,250,0,0
stim,94172,124293,0,124293,3321579.455,-0.819,0.041,-0.161,0.550,0,0,1842,0,2783,64,2903,1533,59,1.269,1,2154,0,385.191,21.199,-150.313,-354.000,21.500,-0.676,1.359,2.938,-20.051,-6.883,13.410,0.088,0.142,1.216,1.345,3,NULL,NULL,,3,0,2,7,255,1003,250,0,0
stim,94172,124293,0,124293,3321584.453,-0.816,0.042,-0.179,0.548,0,0,1747,0,2737,72,2856,1382,59,1.269,1,2154,0,420.064,21.811,-199.188,-369.688,10.438,-0.637,1.234,2.785,-20.566,-7.262,13.410,0.082,0.154,1.216,1.345,3,NULL,NULL,,3,0,2,7,255,1003,250,0,0
stim,94172,124293,0,124293,3321589.455,-0.812,0.043,-0.198,0.547,0,0,1653,0,2665,73,2791,1213,59,1.269,1,2154,0,456.119,21.917,-235.625,-390.000,20.625,-0.668,1.004,2.504,-20.566,-7.574,11.539,0.078,0.166,1.216,1.345,3,NULL,NULL,,3,0,2,7,255,1003,250,0,0
stim,94172,124293,0,124293,3321594.454,-0.808,0.044,-0.219,0.545,0,0,1523,0,2580,59,2700,1101,59,1.269,1,2154,0,472.873,20.307,-239.188,-407.375,21.063,-0.695,0.758,2.320,-18.453,-8.477,8.465,0.074,0.180,1.216,1.345,3,NULL,NULL,,3,0,2,7,255,1003,250,0,0
stim,94172,124293,0,124293,3321599.455,-0.804,0.046,-0.238,0.543,0,0,1355,0,2445,24,2601,987,59,1.269,1,2154,0,470.370,19.010,-212.250,-419.750,2.813,-0.730,0.625,2.426,-16.402,-9.609,6.641,0.074,0.192,1.216,1.345,3,NULL,NULL,,3,0,2,7,255,1003,250,0,0
stim,94172,124293,0,124293,3321604.453,-0.800,0.049,-0.258,0.540,0,0,1161,0,2287,0,2455,869,59,1.269,1,2154,0,474.917,19.872,-203.938,-428.813,-8.688,-0.707,0.547,2.688,-16.402,-11.219,6.641,0.074,0.206,1.216,1.345,3,NULL,NULL,,3,0,2,7,255,1003,250,0,0
stim,94172,124293,0,124293,3321609.455,-0.795,0.052,-0.278,0.536,0,0,955,0,2072,0,2279,777,59,1.269,1,2154,0,485.938,21.177,-208.125,-438.938,-12.375,-0.789,0.441,3.004,-16.973,-12.664,8.289,0.078,0.222,1.216,1.345,3,NULL,NULL,,3,0,2,7,255,1003,250,0,0
stim,94172,124293,0,124293,3321614.453,-0.790,0.054,-0.300,0.533,0,0,633,0,1821,0,2075,631,59,1.269,1,2154,0,514.547,23.671,-243.188,-453.438,-3.625,-0.953,0.250,3.094,-17.965,-15.414,9.074,0.088,0.238,1.216,1.345,3,NULL,NULL,,3,0,2,7,255,1003,250,0,0
stim,94172,124293,0,124293,3321619.455,-0.784,0.055,-0.322,0.528,0,0,424,0,1577,0,1805,525,59,1.269,1,2154,0,545.182,25.600,-285.438,-464.438,-6.813,-0.906,0.063,2.824,-17.965,-18.238,9.074,0.100,0.254,1.216,1.345,3,NULL,NULL,,3,0,2,7,255,1003,250,0,0
stim,94172,124293,0,124293,3321624.454,-0.778,0.057,-0.345,0.522,0,0,317,0,1287,0,1408,441,59,1.269,1,2154,0,547.487,24.139,-274.625,-472.875,-26.688,-0.738,-0.031,2.523,-15.813,-18.238,6.574,0.116,0.272,1.216,1.345,3,NULL,NULL,,3,0,2,7,255,1003,250,0,0
stim,94202,124323,0,124323,3321629.455,-0.771,0.060,-0.366,0.517,0,0,157,0,1051,0,827,407,59,1.269,1,2154,0,536.592,22.806,-238.688,-480.250,-17.875,-0.629,0.195,2.473,-15.715,-16.527,4.469,0.136,0.294,1.216,1.345,3,NULL,NULL,,3,0,2,7,255,1003,250,0,0
stim,94202,124323,0,124323,3321634.453,-0.764,0.062,-0.388,0.512,0,0,93,0,793,0,179,409,59,1.269,1,2154,0,530.224,21.644,-245.750,-469.750,-8.938,-0.656,0.773,2.613,-15.715,-14.883,3.082,0.164,0.320,1.216,1.345,3,NULL,NULL,,3,0,2,7,255,1003,250,0,0
stim,94202,124323,0,124323,3321639.455,-0.756,0.062,-0.409,0.506,0,0,115,0,455,0,0,395,59,1.269,1,2154,0,546.179,25.390,-304.375,-453.500,2.313,-0.852,1.047,2.523,-21.594,-13.355,1.004,0.200,0.356,1.216,1.345,3,NULL,NULL,,3,0,2,7,255,1003,250,0,0
stim,94202,124323,0,124323,3321644.454,-0.749,0.057,-0.432,0.499,0,0,105,0,147,0,0,373,59,1.269,1,2154,0,573.823,27.324,-396.625,-414.188,20.250,-0.879,1.441,2.262,-23.961,-13.133,-3.016,0.248,0.402,1.216,1.345,3,NULL,NULL,,3,0,2,7,255,1003,250,0,0
stim,94202,124323,0,124323,3321649.455,-0.743,0.048,-0.454,0.489,0,0,75,0,0,0,0,327,59,1.269,1,2154,0,606.448,27.689,-496.313,-348.375,-9.375,-0.836,1.961,1.930,-25.840,-9.949,-7.512,0.306,0.458,1.216,1.345,3,NULL,NULL,,3,0,2,7,255,1003,250,0,0
stim,94202,124323,0,124323,3321654.454,-0.739,0.036,-0.475,0.477,0,0,71,0,0,0,0,253,59,1.269,1,2154,0,636.971,27.879,-571.875,-280.188,-13.625,-1.117,2.027,1.781,-27.453,-4.852,-12.375,0.372,0.522,1.216,1.345,3,NULL,NULL,,3,0,2,7,255,1003,250,0,0
stim,94226,124347,0,124347,3321659.455,-0.735,0.019,-0.495,0.464,0,0,62,0,0,0,0,158,59,1.269,1,2154,0,664.434,27.879,-630.063,-209.938,20.500,-1.488,1.746,1.211,-27.453,-4.852,-16.840,0.442,0.592,1.216,1.345,4,NULL,NULL,,3,0,2,7,255,1003,250,0,0
stim,94226,124347,0,124347,3321664.453,-0.732,-0.003,-0.513,0.449,0,0,55,0,0,0,0,137,59,1.269,1,2154,0,750.779,22.094,-743.000,-102.563,33.188,-0.980,1.406,0.074,-21.559,-4.836,-22.426,0.520,0.668,1.216,1.345,0,NULL,NULL,,3,0,2,7,255,1003,250,0,0
stim,94226,124347,0,124347,3321669.455,-0.734,-0.022,-0.526,0.430,0,0,52,0,0,0,0,109,59,1.269,1,2154,0,674.845,10.161,-666.813,0.250,-103.813,-0.172,0.414,-1.246,-10.016,1.711,-22.426,0.606,0.752,1.216,1.345,0,NULL,NULL,,3,0,2,7,255,1003,250,0,0
stim,94226,124347,0,124347,3321674.454,-0.738,-0.031,-0.530,0.416,0,0,36,0,0,0,0,109,59,1.269,1,2154,0,404.646,7.495,-355.063,81.813,-176.000,-0.012,-0.887,-1.488,7.297,1.711,-18.359,0.698,0.846,1.216,1.345,0,NULL,NULL,,3,0,2,7,255,1003,250,0,0
stim,94273,124394,0,124394,3321679.455,-0.742,-0.033,-0.528,0.411,0,0,33,0,0,0,0,105,59,1.269,1,2154,0,174.142,7.309,-82.750,107.625,-109.063,-0.258,-1.137,-0.168,7.297,-0.422,-11.691,0.800,0.948,1.216,1.345,0,NULL,NULL,,3,0,2,7,255,1003,250,0,0
stim,94273,124394,0,124394,3321684.453,-0.747,-0.037,-0.525,0.407,0,0,27,0,0,0,0,89,59,1.269,1,2154,0,179.975,9.395,-78.188,152.375,-55.313,-0.473,0.012,0.918,7.121,-6.129,-9.473,0.906,1.058,1.216,1.345,0,NULL,NULL,,3,0,2,7,255,1003,250,0,0
stim,94273,124394,0,124394,3321689.455,-0.752,-0.046,-0.522,0.401,0,0,29,0,0,0,0,60,59,1.269,1,2154,0,271.418,10.215,-181.375,200.750,-21.688,-0.523,1.398,0.789,-8.172,-6.129,-9.473,1.016,1.170,1.216,1.345,0,NULL,NULL,,3,0,2,7,255,1003,250,0,0
stim,94273,124394,0,124394,3321694.453,-0.756,-0.056,-0.517,0.397,0,0,26,0,0,0,0,28,59,1.269,1,2154,0,291.208,13.129,-182.875,225.063,26.563,-0.613,1.914,0.242,-12.672,3.434,-17.129,1.124,1.282,1.216,1.345,0,NULL,NULL,,3,0,2,7,255,1003,250,0,0
stim,94273,124394,0,124394,3321699.455,-0.760,-0.064,-0.511,0.396,0,0,25,0,0,0,0,26,59,1.269,1,2154,0,251.829,13.129,-88.000,231.250,46.875,-0.824,1.293,0.273,-12.672,3.434,-20.988,1.230,1.394,1.216,1.345,0,NULL,NULL,,3,0,2,7,255,1003,250,0,0
stim,94273,124394,0,124394,3321704.454,-0.765,-0.069,-0.504,0.395,0,0,21,0,0,0,0,25,59,1.269,1,2154,0,241.595,11.310,-33.375,237.438,29.625,-0.996,0.484,0.820,-11.031,2.496,-20.988,1.336,1.504,1.216,1.345,0,NULL,NULL,,3,0,2,7,255,1003,250,0,0
stim,94273,124394,0,124394,3321709.455,-0.770,-0.076,-0.496,0.393,0,0,26,0,0,0,0,21,59,1.269,1,2154,0,256.964,12.354,-63.250,248.938,7.750,-1.000,0.270,1.105,-11.031,-5.563,-15.484,1.440,1.614,1.216,1.345,0,NULL,NULL,,3,0,2,7,255,1003,250,0,0
stim,94273,124394,0,124394,3321714.453,-0.776,-0.084,-0.489,0.389,0,0,23,0,0,0,0,21,59,1.269,1,2154,0,283.321,13.671,-111.813,260.313,-2.438,-0.887,0.578,0.945,-12.488,-5.563,-14.266,1.550,1.728,1.216,1.345,0,NULL,NULL,,3,0,2,7,255,1003,250,0,0
stim,94295,124416,0,124416,3321719.455,-0.781,-0.092,-0.482,0.385,0,0,25,0,0,0,0,9,59,1.269,1,2154,0,298.341,13.192,-120.875,272.688,-6.188,-0.785,0.922,0.641,-12.488,-4.250,-14.266,1.664,1.846,1.216,1.345,0,NULL,NULL,,3,0,2,7,255,1003,250,0,0
stim,94295,124416,0,124416,3321724.454,-0.787,-0.100,-0.474,0.381,0,0,23,0,0,0,0,5,59,1.269,1,2154,0,303.220,11.613,-97.625,286.813,-12.250,-0.746,0.969,0.555,-11.605,-0.422,-16.707,1.788,1.974,1.216,1.345,0,NULL,NULL,,3,0,2,7,255,1003,250,0,0
stim,94295,124416,0,124416,3321729.455,-0.794,-0.107,-0.465,0.377,0,0,24,0,0,0,0,5,59,1.269,1,2154,0,315.889,11.242,-83.250,303.750,-24.313,-0.723,0.816,0.656,-11.234,-0.422,-16.707,1.916,2.104,1.216,1.345,0,NULL,NULL,,3,0,2,7,255,1003,250,0,0
stim,94295,124416,0,124416,3321734.453,-0.800,-0.115,-0.456,0.372,0,0,23,0,0,0,0,4,59,1.269,1,2154,0,336.295,11.127,-90.250,321.625,-38.813,-0.664,0.688,0.699,-11.117,-0.465,-15.391,2.046,2.234,1.216,1.345,0,NULL,NULL,,3,0,2,7,255,1003,250,0,0
stim,94295,124416,0,124416,3321739.455,-0.807,-0.122,-0.446,0.366,0,0,23,0,0,0,0,3,59,1.269,1,2154,0,353.979,10.912,-95.375,337.375,-48.813,-0.535,0.723,0.656,-10.902,-0.465,-13.926,2.168,2.356,1.216,1.345,0,NULL,NULL,,3,0,2,7,255,1003,250,0,0
stim,94295,124416,0,124416,3321744.453,-0.815,-0.130,-0.435,0.360,0,0,27,0,0,0,0,1,59,1.269,1,2154,0,366.934,10.388,-92.938,351.000,-52.938,-0.434,0.797,0.543,-10.371,0.594,-13.645,2.272,2.458,1.216,1.345,0,NULL,NULL,,3,0,2,7,255,1003,250,0,0
stim,94319,124440,0,124440,3321749.455,-0.822,-0.137,-0.424,0.355,0,0,27,0,0,0,0,0,59,1.269,1,2154,0,373.202,9.728,-77.875,361.063,-53.375,-0.375,0.813,0.492,-9.504,2.074,-13.512,2.352,2.538,1.216,1.345,0,NULL,NULL,,3,0,2,7,255,1003,250,0,0
stim,94319,124440,0,124440,3321754.454,-0.829,-0.144,-0.412,0.349,0,0,23,0,0,0,0,0,59,1.269,1,2154,0,379.191,9.351,-62.563,369.938,-54.938,-0.324,0.805,0.480,-8.926,2.789,-13.512,2.412,2.596,1.216,1.345,0,NULL,NULL,,3,0,2,7,255,1003,250,0,0
stim,94319,124440,0,124440,3321759.455,-0.837,-0.150,-0.400,0.343,0,0,19,0,0,0,0,0,59,1.269,1,2154,0,384.171,9.198,-47.000,377.188,-55.750,-0.273,0.809,0.477,-8.598,3.270,-13.133,2.462,2.646,1.216,1.345,0,NULL,NULL,,3,0,2,7,255,1003,250,0,0
stim,94319,124440,0,124440,3321764.453,-0.844,-0.155,-0.387,0.338,0,0,17,0,0,0,0,1,59,1.269,1,2154,0,387.103,9.201,-28.125,382.188,-54.688,-0.230,0.820,0.504,-8.383,3.793,-12.758,2.510,2.696,1.216,1.345,0,NULL,NULL,,3,0,2,7,255,1003,250,0,0
stim,94319,124440,0,124440,3321769.455,-0.851,-0.160,-0.373,0.332,0,0,18,0,0,0,0,3,59,1.269,1,2154,0,390.003,9.431,-8.438,386.250,-53.313,-0.191,0.832,0.578,-8.383,4.320,-12.262,2.558,2.748,1.216,1.345,0,NULL,NULL,,3,0,2,7,255,1003,250,0,0
stim,94319,124440,0,124440,3321774.454,-0.858,-0.164,-0.359,0.327,0,0,17,0,0,0,0,1,59,1.269,1,2154,0,394.084,10.027,8.313,390.500,-52.375,-0.160,0.840,0.664,-8.773,4.855,-11.527,2.606,2.796,1.216,1.345,0,NULL,NULL,,3,0,2,7,255,1003,250,0,0
stim,94362,124483,0,124483,3321779.455,-0.866,-0.168,-0.344,0.323,0,0,21,0,0,0,0,0,59,1.269,1,2154,0,399.322,10.605,23.688,395.375,-50.750,-0.141,0.832,0.742,-9.160,5.344,-10.668,2.650,2.840,1.216,1.345,0,NULL,NULL,,3,0,2,7,255,1003,250,0,0
stim,94362,124483,0,124483,3321784.454,-0.873,-0.171,-0.329,0.318,0,0,13,0,0,0,0,0,59,1.269,1,2154,0,405.646,11.050,38.625,400.750,-49.563,-0.160,0.836,0.844,-9.500,5.645,-9.836,2.696,2.888,1.216,1.345,0,NULL,NULL,,3,0,2,7,255,1003,250,0,0
stim,94362,124483,0,124483,3321789.455,-0.880,-0.174,-0.313,0.313,0,0,17,0,0,0,0,0,59,1.269,1,2154,0,412.819,11.762,51.000,406.375,-51.750,-0.199,0.863,0.980,-10.199,5.859,-9.004,2.748,2.938,1.216,1.345,0,NULL,NULL,,3,0,2,7,255,1003,250,0,0
stim,94362,124483,0,124483,3321794.453,-0.886,-0.176,-0.297,0.308,0,0,12,0,0,0,0,0,59,1.269,1,2154,0,419.813,12.901,58.750,411.563,-58.375,-0.230,0.910,1.129,-11.316,6.195,-8.137,2.802,2.992,1.216,1.345,0,NULL,NULL,,3,0,2,7,255,1003,250,0,0
stim,94362,124483,0,124483,3321799.455,-0.893,-0.178,-0.281,0.302,0,0,11,0,0,0,0,0,59,1.269,1,2154,0,425.709,14.184,61.563,415.750,-67.750,-0.215,0.949,1.262,-12.445,6.805,-7.148,2.854,3.044,1.216,1.345,0,NULL,NULL,,3,0,2,7,255,1003,250,0,0
stim,94362,124483,0,124483,3321804.454,-0.900,-0.180,-0.265,0.296,0,0,17,0,0,0,0,0,59,1.269,1,2154,0,429.702,15.195,61.000,418.438,-76.375,-0.156,0.996,1.379,-13.098,7.703,-5.969,2.900,3.092,1.216,1.345,0,NULL,NULL,,3,0,2,7,255,1003,250,0,0
stim,94385,124506,0,124506,3321809.455,-0.906,-0.182,-0.248,0.290,0,0,14,0,0,0,0,0,59,1.269,1,2154,0,431.510,15.861,58.000,419.375,-83.438,-0.074,1.043,1.465,-13.098,8.945,-4.801,2.940,3.132,1.216,1.345,0,NULL,NULL,,3,0,2,7,255,1003,250,0,0
stim,94385,124506,0,124506,3321814.453,-0.912,-0.184,-0.232,0.283,0,0,7,0,0,0,0,0,59,1.269,1,2154,0,430.512,16.606,53.625,418.063,-87.688,0.008,1.023,1.492,-13.031,10.293,-3.766,2.976,3.168,1.216,1.345,0,NULL,NULL,,3,0,2,7,255,1003,250,0,0
stim,94385,124506,0,124506,3321819.455,-0.918,-0.186,-0.216,0.276,0,0,9,0,0,0,0,0,59,1.269,1,2154,0,426.796,16.369,51.500,414.438,-88.000,0.070,1.020,1.500,-12.098,11.027,-2.879,3.008,3.200,1.216,1.345,0,NULL,NULL,,3,0,2,7,255,1003,250,0,0
stim,94385,124506,0,124506,3321824.454,-0.923,-0.188,-0.200,0.269,0,0,9,0,0,0,0,0,59,1.269,1,2154,0,421.788,16.193,50.438,409.438,-87.875,0.121,1.035,1.465,-11.203,11.691,-2.395,3.040,3.232,1.216,1.345,0,NULL,NULL,,3,0,2,7,255,1003,250,0,0
stim,94385,124506,0,124506,3321829.455,-0.928,-0.190,-0.184,0.263,0,0,9,0,0,0,0,0,59,1.269,1,2154,0,414.699,15.983,56.250,402.188,-84.000,0.164,1.051,1.422,-10.215,12.293,-2.395,3.070,3.264,1.216,1.345,0,NULL,NULL,,3,0,2,7,255,1003,250,0,0
stim,94385,124506,0,124506,3321834.454,-0.933,-0.191,-0.168,0.256,0,0,4,0,0,0,0,0,59,1.269,1,2154,0,407.169,15.803,68.000,393.500,-79.500,0.219,1.070,1.418,-9.289,12.785,-2.395,3.102,3.296,1.216,1.345,0,NULL,NULL,,3,0,2,7,255,1003,250,0,0
stim,94407,124528,0,124528,3321839.455,-0.937,-0.191,-0.152,0.250,0,0,3,0,0,0,0,0,59,1.269,1,2154,0,399.649,15.880,83.563,383.938,-73.000,0.266,1.094,1.477,-8.438,13.453,-2.344,3.134,3.328,1.216,1.345,0,NULL,NULL,,3,0,2,7,255,1003,250,0,0
stim,94407,124528,0,124528,3321844.453,-0.941,-0.191,-0.136,0.244,0,0,5,0,0,0,0,0,59,1.269,1,2154,0,393.046,16.277,96.875,375.313,-65.125,0.305,1.133,1.566,-7.895,14.234,-1.715,3.168,3.364,1.216,1.345,0,NULL,NULL,,3,0,2,7,255,1003,250,0,0
stim,94407,124528,0,124528,3321849.455,-0.945,-0.190,-0.121,0.239,0,0,3,0,0,0,0,0,59,1.269,1,2154,0,386.188,16.952,109.188,366.250,-55.500,0.352,1.117,1.652,-7.523,15.191,-0.898,3.206,3.402,1.216,1.345,0,NULL,NULL,,3,0,2,7,255,1003,250,0,0
stim,94407,124528,0,124528,3321854.454,-0.948,-0.188,-0.105,0.235,0,0,0,0,0,0,0,0,59,1.269,1,2154,0,380.744,17.170,118.500,358.938,-45.688,0.402,1.199,1.746,-6.855,15.742,0.145,3.248,3.442,1.216,1.345,0,NULL,NULL,,3,0,2,7,255,1003,250,0,0
stim,94407,124528,0,124528,3321859.455,-0.951,-0.186,-0.090,0.230,0,0,0,0,0,0,0,0,59,1.269,1,2154,0,375.210,18.230,125.063,352.188,-33.250,0.438,1.246,1.789,-6.461,17.047,0.836,3.292,3.486,1.216,1.345,0,NULL,NULL,,3,0,2,7,255,1003,250,0,0
stim,94407,124528,0,124528,3321864.454,-0.953,-0.184,-0.074,0.227,0,0,0,0,0,0,0,0,59,1.269,1,2154,0,371.472,18.792,137.938,344.375,-19.250,0.449,1.270,1.855,-5.883,17.848,1.203,3.336,3.530,1.216,1.345,0,NULL,NULL,,3,0,2,7,255,1003,250,0,0
stim,94439,124560,0,124560,3321869.455,-0.956,-0.181,-0.059,0.224,0,0,0,0,0,0,0,0,59,1.269,1,2154,0,371.003,19.182,153.000,337.813,-10.813,0.469,1.238,1.965,-5.465,18.387,1.855,3.382,3.574,1.216,1.345,0,NULL,NULL,,3,0,2,7,255,1003,250,0,0
stim,94439,124560,1,124560,3321874.454,-0.958,-0.177,-0.044,0.221,0,0,0,0,0,0,0,0,59,1.269,1,2154,0,371.612,19.281,165.125,332.875,-4.875,0.512,1.168,2.070,-4.824,18.668,3.090,3.424,3.618,1.216,1.345,0,NULL,NULL,,3,1,2,7,255,1003,250,0,0
stim,94477,124598,1,124598,3321879.455,-0.960,-0.173,-0.028,0.218,0,0,0,0,0,0,0,0,59,1.269,1,2154,0,373.072,19.035,174.250,329.875,1.500,0.563,1.063,2.129,-3.719,18.668,4.465,3.464,3.656,1.216,1.345,0,NULL,NULL,,3,1,2,7,255,1003,250,0,0
stim,94477,124598,1,124598,3321884.454,-0.962,-0.168,-0.013,0.216,0,0,0,0,0,0,0,0,59,1.269,1,2154,0,377.482,18.365,186.563,328.063,7.875,0.574,0.957,2.145,-2.281,18.223,5.520,3.498,3.690,1.216,1.345,0,NULL,NULL,,3,1,2,7,255,1003,250,0,0
stim,94477,124598,1,124598,3321889.455,-0.963,-0.163,0.003,0.214,0,0,0,0,0,0,0,0,59,1.269,1,2154,0,385.472,17.460,205.563,325.938,9.875,0.555,0.883,2.191,-1.090,17.426,6.172,3.530,3.720,1.216,1.345,0,NULL,NULL,,3,1,2,7,255,1003,250,0,0
stim,94477,124598,1,124598,3321894.453,-0.965,-0.156,0.019,0.211,0,0,0,0,0,0,0,0,59,1.269,1,2154,0,394.858,16.835,226.188,323.625,4.375,0.535,0.824,2.289,-0.336,16.832,6.949,3.562,3.750,1.216,1.345,0,NULL,NULL,,3,1,2,7,255,1003,250,0,0
stim,94477,124598,1,124598,3321899.455,-0.966,-0.149,0.034,0.208,0,0,0,0,0,0,0,0,59,1.269,1,2154,0,402.729,16.481,243.125,321.000,-6.313,0.547,0.746,2.383,0.402,16.477,8.152,3.590,3.778,1.216,1.345,0,NULL,NULL,,3,1,2,7,255,1003,250,0,0
stim,94477,124598,1,124598,3321904.453,-0.967,-0.141,0.050,0.204,0,0,0,0,0,0,0,0,59,1.269,1,2154,0,410.207,16.095,257.938,318.375,-19.375,0.586,0.660,2.441,1.598,16.016,9.328,3.618,3.804,1.216,1.345,0,NULL,NULL,,3,1,2,7,255,1003,250,0,0
stim,94477,124598,1,124598,3321909.455,-0.969,-0.132,0.065,0.200,0,0,0,0,0,0,0,0,59,1.269,1,2154,0,419.739,15.715,274.938,315.250,-34.750,0.633,0.605,2.508,3.137,15.398,10.133,3.646,3.828,1.216,1.345,0,NULL,NULL,,3,1,2,7,255,1003,250,0,0
stim,94477,124598,1,124598,3321914.454,-0.970,-0.123,0.080,0.194,0,0,0,0,0,0,0,0,59,1.269,1,2154,0,429.285,15.770,290.438,311.188,-55.625,0.754,0.570,2.586,4.672,15.063,10.871,3.672,3.852,1.216,1.345,0,NULL,NULL,,3,1,2,7,255,1003,250,0,0
stim,94477,124598,1,124598,3321919.455,-0.971,-0.113,0.095,0.188,0,0,0,0,0,0,0,0,59,1.269,1,2154,0,432.003,16.533,298.625,303.813,-71.750,1.004,0.473,2.551,6.859,15.043,10.871,3.698,3.874,1.216,1.345,0,NULL,NULL,,3,1,2,7,255,1003,250,0,0
stim,94477,124598,1,124598,3321924.454,-0.972,-0.103,0.110,0.182,0,0,0,0,0,0,0,0,59,1.269,1,2154,0,429.355,17.839,307.563,292.125,-66.438,1.230,0.406,2.344,10.320,14.551,10.719,3.722,3.894,1.216,1.345,0,NULL,NULL,,3,1,2,7,255,1003,250,0,0
stim,94497,124618,1,124618,3321929.455,-0.972,-0.091,0.124,0.176,0,0,0,0,0,0,0,0,59,1.269,1,2154,0,440.265,18.999,333.188,280.563,-64.063,1.461,0.398,2.094,13.148,13.715,8.230,3.744,3.914,1.216,1.345,0,NULL,NULL,,3,1,2,7,255,1003,250,0,0
stim,94497,124618,1,124618,3321934.454,-0.973,-0.077,0.138,0.170,0,0,0,0,0,0,0,0,59,1.269,1,2154,0,479.980,20.366,395.000,266.250,-58.875,1.578,0.254,2.109,15.496,13.215,5.117,3.764,3.932,1.216,1.345,0,NULL,NULL,,3,1,2,7,255,1003,250,0,0
stim,94497,124618,1,124618,3321939.455,-0.973,-0.060,0.151,0.164,0,0,0,0,0,0,0,0,59,1.269,1,2154,0,523.032,21.499,453.188,254.250,-59.500,1.672,0.285,2.418,17.770,12.102,5.117,3.786,3.948,1.216,1.345,0,NULL,NULL,,3,1,2,7,255,1003,250,0,0
stim,94497,124618,1,124618,3321944.453,-0.973,-0.042,0.165,0.157,0,0,0,0,0,0,0,7,59,1.269,1,2154,0,537.217,23.380,475.000,243.125,-62.188,1.723,0.508,2.758,20.004,12.102,7.129,3.804,3.962,1.216,1.345,0,NULL,NULL,,3,1,2,7,255,1003,250,0,0
stim,94497,124618,1,124618,3321949.455,-0.972,-0.024,0.178,0.150,0,0,0,0,0,0,0,9,59,1.269,1,2154,0,530.163,25.596,472.188,230.313,-71.188,1.836,0.898,3.047,21.477,13.926,9.695,3.818,3.974,1.216,1.345,0,NULL,NULL,,3,1,2,7,255,1003,250,0,0
stim,94497,124618,1,124618,3321954.453,-0.971,-0.007,0.189,0.143,0,0,0,0,0,0,0,27,59,1.269,1,2154,0,490.864,28.809,436.500,213.688,-68.938,2.051,0.945,3.035,23.070,17.254,10.496,3.830,3.980,1.216,1.345,0,NULL,NULL,,3,1,2,7,255,1003,250,0,0
stim,94527,124648,1,124648,3321959.455,-0.970,0.008,0.200,0.136,0,0,0,0,0,0,0,42,59,1.269,1,2154,0,453.847,30.954,402.313,200.500,-62.625,2.340,0.570,2.883,25.699,17.254,10.496,3.836,3.982,1.216,1.345,0,NULL,NULL,,3,1,2,7,255,1003,250,0,0
stim,94527,124648,1,124648,3321964.454,-0.969,0.022,0.210,0.132,0,0,0,0,0,0,0,71,59,1.269,1,2154,0,415.326,32.343,369.813,185.625,-35.750,2.523,0.063,2.520,29.430,13.414,7.594,3.840,3.980,1.216,1.345,0,NULL,NULL,,3,1,2,7,255,1003,250,0,0
stim,94527,124648,1,124648,3321969.455,-0.967,0.036,0.219,0.127,0,0,0,0,0,0,0,78,59,1.269,1,2154,0,398.169,32.350,358.875,170.625,-25.188,2.543,-0.402,2.086,31.320,8.098,2.836,3.838,3.974,1.216,1.345,0,NULL,NULL,,3,1,2,7,255,1003,250,0,0
stim,94527,124648,1,124648,3321974.454,-0.965,0.051,0.228,0.123,0,0,0,0,0,0,0,101,59,1.269,1,2154,0,399.266,31.463,369.313,151.188,-12.813,2.629,-0.613,1.652,31.320,2.988,-2.070,3.834,3.966,1.216,1.345,0,NULL,NULL,,3,1,2,7,255,1003,250,0,0
stim,94563,124684,1,124684,3321979.455,-0.962,0.067,0.235,0.119,0,0,0,0,0,0,0,105,59,1.269,1,2154,0,427.933,30.824,407.063,131.625,-10.063,2.594,-0.996,1.379,30.816,0.680,-7.109,3.826,3.952,1.216,1.345,0,NULL,NULL,,3,1,2,7,255,1003,250,0,0
stim,94563,124684,1,124684,3321984.454,-0.960,0.086,0.242,0.113,0,0,0,0,0,0,0,107,59,1.269,1,2154,0,480.765,31.008,467.250,110.313,-25.375,2.598,-1.422,1.527,30.816,-3.445,-10.512,3.814,3.938,1.216,1.345,0,NULL,NULL,,3,1,2,7,255,1003,250,0,0
stim,94563,124684,1,124684,3321989.455,-0.957,0.106,0.249,0.105,0,0,0,0,0,0,0,127,59,1.269,1,2154,0,521.369,32.605,510.375,88.875,-58.688,2.773,-1.543,2.035,31.582,-8.102,-10.512,3.798,3.918,1.216,1.345,0,NULL,NULL,,3,1,2,7,255,1003,250,0,0
stim,94563,124684,1,124684,3321994.453,-0.954,0.126,0.254,0.096,0,0,0,0,0,0,0,156,59,1.269,1,2154,0,515.262,36.461,502.438,67.563,-92.125,3.090,-1.262,2.609,35.457,-8.496,-8.457,3.778,3.892,1.216,1.345,0,NULL,NULL,,3,1,2,7,255,1003,250,0,0
stim,94563,124684,1,124684,3321999.455,-0.952,0.142,0.258,0.087,0,0,0,0,0,0,0,181,59,1.269,1,2154,0,440.421,41.206,422.000,41.000,-119.188,3.348,-0.840,3.211,40.320,-8.496,-5.359,3.750,3.860,1.216,1.345,0,NULL,NULL,,3,1,2,7,255,1003,250,0,0
stim,94563,124684,1,124684,3322004.454,-0.950,0.153,0.261,0.077,0,0,0,0,0,0,0,213,59,1.269,1,2154,0,354.535,45.707,324.000,19.875,-142.563,3.637,-1.254,3.309,44.910,-8.496,-3.617,3.712,3.820,1.216,1.345,0,NULL,NULL,,3,1,2,7,255,1003,250,0,0
stim,94589,124711,1,124711,3322009.455,-0.949,0.162,0.262,0.070,0,0,0,0,0,0,0,229,59,1.269,1,2154,0,251.027,49.302,232.688,-13.250,-93.250,3.898,-1.621,3.484,48.098,-10.832,-3.617,3.668,3.770,1.216,1.345,0,NULL,NULL,,3,1,2,7,255,1003,250,0,0
stim,94590,124711,1,124711,3322014.453,-0.948,0.169,0.261,0.065,0,0,0,0,0,0,0,237,59,1.269,1,2154,0,200.459,50.061,180.625,-44.813,-74.500,2.938,-1.371,2.867,48.098,-13.883,-4.898,3.614,3.714,1.216,1.345,0,NULL,NULL,,3,1,2,7,255,1003,250,0,0
stim,94590,124711,1,124711,3322019.455,-0.948,0.176,0.258,0.058,0,0,0,0,0,1,0,276,59,1.269,1,2154,0,233.974,42.101,183.688,-97.125,-107.563,2.566,-0.605,3.391,39.746,-13.883,-4.898,3.552,3.648,1.216,1.345,0,NULL,NULL,,3,1,2,7,255,1003,250,0,0
stim,94590,124711,1,124711,3322024.454,-0.948,0.189,0.249,0.055,55,0,0,232,0,74,0,410,59,1.269,1,2154,0,367.242,41.118,291.500,-219.375,42.063,1.184,-1.020,5.590,38.703,-13.883,3.504,3.480,3.570,1.216,1.345,0,NULL,NULL,,3,1,2,7,255,1003,250,0,0
stim,94590,124711,1,124711,3322029.455,-0.948,0.210,0.231,0.054,700,0,0,933,0,261,0,415,59,1.269,1,2154,0,648.375,42.351,455.938,-427.625,172.188,1.816,1.414,9.852,38.703,-17.195,26.082,3.396,3.480,1.216,1.345,0,NULL,NULL,,3,1,2,7,255,1003,250,0,0
stim,94590,124711,1,124711,3322034.454,-0.958,0.177,0.220,0.059,1144,0,0,1311,0,419,0,501,59,1.269,1,2154,0,840.347,41.066,-807.313,-230.188,-38.000,-0.277,0.477,5.680,37.293,-17.195,40.254,3.304,3.378,1.216,1.345,0,NULL,NULL,,3,1,2,7,255,1003,250,0,0
stim,94590,124711,1,124711,3322039.455,-0.969,0.123,0.203,0.073,1614,0,0,1643,0,723,0,557,59,1.269,1,2154,0,1373.162,24.922,-1340.125,-289.375,76.813,-0.121,3.688,0.172,21.828,-12.027,40.254,3.202,3.268,1.216,1.345,0,NULL,NULL,,3,1,2,7,255,1003,250,0,0
stim,94590,124711,1,124711,3322044.453,-0.975,0.082,0.190,0.080,1951,0,0,1862,0,955,0,603,59,1.269,1,2154,0,1008.676,27.123,-980.000,-238.000,-19.563,-0.945,2.738,-2.441,-4.246,26.789,0.770,3.094,3.150,1.216,1.345,0,NULL,NULL,,3,1,2,7,255,1003,250,0,0
stim,94623,124744,1,124744,3322049.455,-0.978,0.063,0.180,0.079,2164,0,0,2009,0,1183,0,680,59,1.269,1,2155,0,489.149,33.854,-437.813,-190.625,-106.063,-1.402,-0.117,-2.289,-20.699,26.789,-24.195,2.980,3.026,1.216,1.345,1,1027.000,24.000,,3,1,2,7,255,1003,250,0,0
stim,94623,124744,1,124744,3322054.454,-0.981,0.056,0.171,0.071,2495,0,0,2347,0,1349,0,760,59,1.269,1,2155,0,328.143,20.814,-151.125,-217.875,-193.313,-0.785,-1.715,0.516,-20.699,-2.184,-24.195,2.862,2.896,1.216,1.345,1,NULL,NULL,,3,1,2,7,255,1003,250,0,0
stim,94623,124744,1,124744,3322059.455,-0.983,0.050,0.163,0.065,2693,0,0,2603,0,1381,0,837,59,1.269,1,2155,0,260.423,4.859,-111.188,-180.188,-151.625,0.117,-0.301,1.633,-3.316,-3.551,-4.285,2.736,2.760,1.216,1.345,1,NULL,NULL,,3,1,2,7,255,1003,250,0,0
stim,94623,124744,1,124744,3322064.453,-0.985,0.041,0.152,0.071,2803,0,0,2749,0,1407,0,938,59,1.269,1,2155,0,351.481,4.281,-251.438,-227.000,93.750,-0.703,-0.199,1.328,-2.391,-3.551,4.469,2.606,2.618,1.216,1.345,2,NULL,NULL,,3,1,2,7,255,1003,250,0,0
stim,94623,124744,1,124744,3322069.455,-0.987,0.028,0.142,0.073,2867,0,0,2851,0,1433,0,1074,59,1.269,1,2155,0,388.405,4.281,-326.188,-210.813,-4.250,-1.176,-1.344,0.633,-2.391,-3.551,4.469,2.474,2.474,1.216,1.345,2,NULL,NULL,,3,1,2,7,255,1003,250,0,0
stim,94623,124744,1,124744,3322074.454,-0.989,0.016,0.132,0.070,2909,0,0,2915,0,1450,0,1149,59,1.269,1,2155,0,360.133,15.805,-261.813,-223.563,-105.688,-0.934,-2.527,-0.031,-5.395,-14.855,-1.246,2.338,2.328,1.216,1.345,2,NULL,NULL,,3,1,2,7,255,1003,250,0,0
stim,94668,124789,1,124789,3322079.455,-0.990,0.010,0.121,0.064,2941,0,0,2963,0,1496,0,1199,59,1.269,1,2155,0,308.851,25.091,-136.563,-232.125,-151.188,0.016,-2.523,0.266,-5.395,-24.504,-7.457,2.200,2.178,1.216,1.345,2,NULL,NULL,,3,1,2,7,255,1003,250,0,0
stim,94668,124789,1,124789,3322084.454,-0.992,0.008,0.112,0.059,2971,0,0,2997,0,1571,0,1223,59,1.269,1,2155,0,260.075,24.818,-56.500,-219.813,-127.000,0.891,-2.090,1.012,3.938,-24.504,-7.457,2.058,2.024,1.216,1.345,2,NULL,NULL,,3,1,2,7,255,1003,250,0,0
stim,94668,124789,1,124789,3322089.455,-0.993,0.006,0.103,0.058,2988,0,0,3027,0,1659,0,1250,59,1.269,1,2155,0,206.456,23.118,-45.625,-198.813,-31.875,1.465,-1.633,1.398,13.063,-19.074,-2.047,1.908,1.860,1.216,1.345,2,NULL,NULL,,3,1,2,7,255,1003,250,0,0
stim,94668,124789,1,124789,3322094.453,-0.994,0.004,0.095,0.063,3001,0,0,3049,0,1737,0,1312,59,1.269,1,2155,0,222.816,23.169,-82.125,-186.313,90.500,1.480,-1.543,1.582,18.578,-13.844,0.770,1.758,1.696,1.216,1.345,2,NULL,NULL,,3,1,2,7,255,1003,250,0,0
stim,94668,124789,1,124789,3322099.455,-0.994,-0.001,0.087,0.073,3019,0,0,3063,12,1815,31,1395,59,1.269,1,2155,0,300.191,22.497,-137.000,-166.563,208.813,0.887,-1.160,1.270,18.578,-12.688,1.164,1.608,1.528,1.216,1.345,2,NULL,NULL,,3,1,2,7,255,1003,250,0,0
stim,94668,124789,1,124789,3322104.454,-0.993,-0.005,0.081,0.083,3027,0,0,3068,366,1955,115,1707,59,1.269,1,2155,0,292.776,15.444,-114.938,-146.875,225.688,-0.273,0.016,0.695,12.180,-9.496,1.164,1.460,1.360,1.216,1.345,2,NULL,NULL,,3,1,2,7,255,1003,250,0,0
stim,94668,124789,1,124789,3322109.455,-0.993,-0.006,0.075,0.089,3037,0,0,3080,671,2041,311,1927,59,1.269,1,2155,0,195.378,1.660,-57.938,-132.500,131.375,-0.457,0.254,1.074,-1.660,0.012,1.164,1.320,1.194,1.216,1.345,2,NULL,NULL,,3,1,2,7,255,1003,250,0,0
stim,94668,124789,1,124789,3322114.454,-0.993,-0.007,0.071,0.093,3043,0,0,3087,953,2099,254,2088,59,1.269,1,2155,0,134.791,2.669,-39.125,-103.063,77.563,-0.129,0.141,1.844,-1.660,2.090,1.207,1.178,1.020,1.216,1.345,2,NULL,NULL,,3,1,2,7,255,1003,250,0,0
stim,94668,124789,1,124789,3322119.455,-0.993,-0.010,0.068,0.093,3049,0,0,3099,1179,2139,263,2168,59,1.269,1,2155,0,93.905,2.336,-73.750,-58.000,3.875,0.086,0.813,1.566,0.859,2.172,4.969,1.038,0.842,1.216,1.345,2,NULL,NULL,,3,1,2,7,255,1003,250,0,0
stim,94668,124789,0,124789,3322124.454,-0.993,-0.011,0.066,0.093,3053,0,0,3101,1336,2187,275,2230,59,1.269,1,2155,0,51.968,8.936,-32.313,-38.125,-14.250,0.758,1.176,1.430,1.164,8.859,4.969,0.920,0.674,1.216,1.345,2,NULL,NULL,,3,0,2,7,255,1007,250,0,0
stim,94716,124837,0,124837,3322129.455,-0.993,-0.013,0.065,0.095,3059,0,0,3107,1493,2221,297,2287,59,1.269,1,2155,0,64.500,9.893,-36.813,-31.688,42.438,0.355,0.590,1.871,4.402,8.859,4.969,0.858,0.560,1.216,1.345,2,NULL,NULL,,3,0,2,7,255,1007,250,0,0
stim,94716,124837,0,124837,3322134.454,-0.993,-0.019,0.063,0.098,3064,0,0,3111,1603,2240,312,2343,59,1.269,1,2155,0,160.771,8.697,-147.250,-19.750,61.438,-0.352,0.152,1.707,4.402,7.500,7.133,0.850,0.514,1.216,1.345,2,NULL,NULL,,3,0,2,7,255,1007,250,0,0
stim,94716,124837,0,124837,3322139.455,-0.993,-0.026,0.063,0.099,3065,1,0,3123,1689,2259,316,2387,59,1.269,1,2155,0,176.625,2.925,-176.563,-3.375,3.250,-0.508,0.262,0.883,-1.797,2.309,7.133,0.862,0.510,1.216,1.345,2,NULL,NULL,,3,0,2,7,255,1007,250,0,0
stim,94716,124837,0,124837,3322144.453,-0.993,-0.031,0.062,0.095,3080,19,0,3117,1737,2271,327,2405,59,1.269,1,2155,0,132.135,2.827,-103.063,0.688,-82.688,-0.246,0.070,0.598,-1.930,2.066,-0.777,0.856,0.508,1.216,1.345,2,NULL,NULL,,3,0,2,7,255,1007,250,0,0
stim,94716,124837,0,124837,3322149.455,-0.993,-0.033,0.061,0.091,3067,27,0,3123,1771,2277,328,2397,59,1.269,1,2155,0,118.206,2.082,-43.688,-2.313,-109.813,0.254,-0.305,0.965,-1.930,0.781,-0.777,0.826,0.498,1.216,1.345,2,NULL,NULL,,3,0,2,7,255,1007,250,0,0
stim,94716,124837,0,124837,3322154.454,-0.994,-0.035,0.061,0.089,3067,47,47,3096,1815,2279,347,2418,59,1.269,1,2155,0,73.378,4.238,-50.813,0.188,-52.938,0.340,-0.359,1.121,3.953,-1.527,-0.547,0.790,0.486,1.216,1.345,2,NULL,NULL,,3,0,2,7,255,1007,250,0,0
stim,94716,124837,0,124837,3322159.455,-0.993,-0.039,0.061,0.088,3069,67,147,3123,1849,2283,347,2418,59,1.269,1,2155,0,74.123,4.238,-73.188,1.625,-11.625,-0.113,-0.238,0.984,3.953,-1.527,0.086,0.762,0.484,1.216,1.345,2,NULL,NULL,,3,0,2,7,255,1007,250,0,0
stim,94716,124837,0,124837,3322164.454,-0.993,-0.042,0.061,0.087,3076,94,207,3125,1903,2287,345,2430,59,1.269,1,2155,0,75.007,1.593,-70.625,3.625,-25.000,-0.258,-0.223,0.871,0.309,-1.563,0.086,0.732,0.476,1.216,1.345,2,NULL,NULL,,3,0,2,7,255,1007,250,0,0
stim,94750,124871,0,124871,3322169.455,-0.993,-0.044,0.061,0.086,3077,99,344,3113,1947,2291,347,2445,59,1.269,1,2155,0,66.139,1.777,-49.625,2.938,-43.625,-0.223,-0.168,0.805,-1.082,-1.410,-0.840,0.686,0.452,1.216,1.345,2,NULL,NULL,,3,0,2,7,255,1007,250,0,0
stim,94750,124871,0,124871,3322174.454,-0.994,-0.046,0.060,0.083,3069,111,468,3125,1991,2311,345,2451,59,1.269,1,2155,0,58.918,1.492,-24.625,1.625,-53.500,-0.078,-0.160,0.906,-1.082,-1.027,-0.840,0.622,0.408,1.216,1.345,2,NULL,NULL,,3,0,2,7,255,1007,250,0,0
stim,94750,124871,0,124871,3322179.455,-0.994,-0.047,0.060,0.082,3079,114,605,3117,2012,2311,339,2458,59,1.269,1,2155,0,43.357,0.682,-21.313,0.750,-37.750,0.016,-0.145,1.043,0.402,-0.551,-0.805,0.552,0.354,1.216,1.345,2,NULL,NULL,,3,0,2,7,255,1007,250,0,0
stim,94750,124871,0,124871,3322184.454,-0.994,-0.048,0.060,0.081,3077,119,767,3097,2055,2303,337,2475,59,1.269,1,2155,0,36.663,0.407,-25.125,-0.813,-26.688,-0.078,-0.043,1.027,0.402,-0.059,0.266,0.484,0.296,1.216,1.345,2,NULL,NULL,,3,0,2,7,255,1007,250,0,0
stim,94769,124890,0,124890,3322189.455,-0.994,-0.049,0.060,0.080,3076,125,883,3112,2069,2311,347,2472,59,1.269,1,2155,0,35.103,0.704,-23.563,-1.000,-26.000,-0.086,-0.055,0.988,0.324,0.625,0.266,0.426,0.240,1.216,1.345,2,NULL,NULL,,3,0,2,7,255,1007,250,0,0
stim,94769,124890,0,124890,3322194.453,-0.994,-0.050,0.059,0.079,3076,138,947,3111,2087,2315,362,2479,59,1.269,1,2155,0,27.552,0.704,-18.125,-1.625,-20.688,-0.078,-0.137,0.957,0.324,0.625,-0.117,0.386,0.202,1.216,1.345,2,NULL,NULL,,3,0,2,7,255,1007,250,0,0
stim,94769,124890,0,124890,3322199.455,-0.994,-0.050,0.059,0.078,3069,138,1015,3111,2121,2315,362,2487,59,1.269,1,2155,0,17.885,0.253,-10.688,-3.375,-13.938,-0.113,-0.098,0.953,0.215,0.133,-0.309,0.368,0.186,1.216,1.345,2,NULL,NULL,,3,0,2,7,255,1007,250,0,0
stim,94769,124890,0,124890,3322204.453,-0.994,-0.050,0.059,0.078,3069,149,1129,3109,2151,2323,375,2495,59,1.326,1,2155,1,12.471,0.134,-4.125,-4.500,-10.875,-0.102,-0.016,1.012,-0.016,0.133,-0.309,0.000,0.000,1.451,1.254,2,NULL,NULL,,3,0,2,7,255,1007,250,0,0
stim,94769,124890,0,124890,3322209.455,-0.994,-0.050,0.058,0.078,3065,163,1225,3101,2165,2325,382,2509,59,1.326,1,2155,1,9.874,1.036,-6.625,-6.250,-3.813,-0.121,-0.004,1.063,-0.051,1.035,0.098,0.006,0.004,1.451,1.254,2,NULL,NULL,,3,0,2,7,255,1007,250,0,0
stim,94769,124890,0,124890,3322214.454,-0.994,-0.051,0.058,0.077,3064,175,1301,3069,2181,2329,405,2521,59,1.326,1,2155,1,13.440,1.050,-11.375,-5.938,-4.000,-0.176,-0.016,1.027,-0.176,1.035,0.316,0.012,0.006,1.451,1.254,2,NULL,NULL,,3,0,2,7,255,1007,250,0,0
stim,94769,124890,0,124890,3322219.455,-0.994,-0.051,0.058,0.077,3067,179,1368,3110,2200,2339,436,2531,59,1.326,1,2155,1,13.097,1.073,-9.938,-5.375,-6.625,-0.152,-0.027,1.023,-0.484,0.957,0.316,0.018,0.010,1.451,1.254,2,NULL,NULL,,3,0,2,7,255,1007,250,0,0
stim,94769,124890,0,124890,3322224.454,-0.994,-0.051,0.058,0.077,3060,177,1413,3107,2221,2333,487,2533,59,1.326,1,2155,1,12.351,1.073,-6.375,-6.125,-8.625,-0.133,0.027,1.078,-0.484,0.957,0.316,0.026,0.012,1.451,1.254,2,NULL,NULL,,3,0,2,7,255,1007,250,0,0
stim,94809,124930,0,124930,3322229.455,-0.994,-0.051,0.057,0.077,3047,185,1461,3087,2235,2333,559,2541,59,1.326,1,2155,1,12.629,1.543,-6.625,-5.688,-9.125,-0.121,0.102,1.145,-0.328,1.508,0.727,0.032,0.016,1.451,1.254,2,NULL,NULL,,3,0,2,7,255,1007,250,0,0
stim,94809,124930,0,124930,3322234.454,-0.994,-0.052,0.057,0.076,3047,223,1528,3087,2262,2331,619,2549,59,1.326,1,2155,1,18.134,2.343,-14.563,-3.938,-10.063,-0.137,0.109,1.176,-0.328,2.320,1.258,0.038,0.018,1.451,1.254,2,NULL,NULL,,3,0,2,7,255,1007,250,0,0
stim,94809,124930,0,124930,3322239.455,-0.994,-0.052,0.057,0.076,3028,232,1586,3081,2269,2331,697,2555,59,1.326,1,2155,1,26.397,2.354,-24.563,-3.688,-8.938,-0.148,0.078,1.129,-0.395,2.320,1.258,0.042,0.022,1.451,1.254,2,NULL,NULL,,3,0,2,7,255,1007,250,0,0
stim,94809,124930,0,124930,3322244.453,-0.994,-0.053,0.057,0.076,3013,233,1634,3043,2287,2328,764,2575,59,1.326,1,2155,1,28.243,2.126,-26.750,-3.750,-8.250,-0.180,0.023,1.078,-0.516,2.063,1.164,0.048,0.024,1.451,1.254,2,NULL,NULL,,3,0,2,7,255,1007,250,0,0
stim,94809,124930,0,124930,3322249.455,-0.994,-0.054,0.056,0.075,2999,243,1689,3067,2311,2333,839,2579,59,1.326,1,2155,1,31.401,1.655,-28.313,-2.688,-13.313,-0.215,0.012,1.016,-0.813,1.441,0.766,0.052,0.026,1.451,1.254,2,NULL,NULL,,3,0,2,7,255,1007,250,0,0
stim,94809,124930,0,124930,3322254.453,-0.994,-0.055,0.056,0.075,2979,237,1746,3049,2333,2335,887,2581,59,1.326,1,2155,1,31.443,1.475,-25.875,-4.875,-17.188,-0.180,-0.035,0.941,-0.848,1.207,0.242,0.058,0.028,1.451,1.254,2,NULL,NULL,,3,0,2,7,255,1007,250,0,0
stim,94810,124931,0,124931,3322259.455,-0.994,-0.057,0.056,0.074,2965,243,1811,3022,2359,2339,951,2603,59,1.326,1,2155,1,32.422,1.124,-28.313,-6.688,-14.313,-0.203,-0.328,0.992,-0.848,0.738,0.242,0.064,0.030,1.451,1.254,2,NULL,NULL,,3,0,2,7,255,1007,250,0,0
stim,94810,124931,0,124931,3322264.454,-0.994,-0.058,0.055,0.073,2956,236,1863,3013,2391,2328,999,2601,59,1.326,1,2155,1,33.156,1.737,-27.938,-9.688,-15.000,-0.195,-0.242,0.746,-0.848,-1.516,-0.480,0.068,0.030,1.451,1.254,2,NULL,NULL,,3,0,2,7,255,1007,250,0,0
stim,94834,124955,0,124955,3322269.455,-0.994,-0.059,0.055,0.073,2921,239,1911,2976,2412,2334,1083,2629,59,1.326,1,2155,1,19.519,1.967,-4.813,-16.500,-9.250,-0.207,-0.281,0.828,-0.867,-1.766,-1.199,0.072,0.030,1.451,1.254,2,NULL,NULL,,3,0,2,7,255,1007,250,0,0
stim,94834,124955,0,124955,3322274.454,-0.994,-0.059,0.054,0.073,2899,239,1947,2891,2437,2332,1161,2639,59,1.326,1,2155,1,23.163,1.887,0.000,-18.063,-14.500,-0.262,-0.270,0.879,-0.875,-1.672,-1.199,0.074,0.028,1.451,1.254,2,NULL,NULL,,3,0,2,7,255,1007,250,0,0
stim,94872,124993,0,124993,3322279.455,-0.994,-0.059,0.053,0.072,2863,233,2005,2921,2458,2331,1234,2648,59,1.326,1,2155,1,28.393,1.883,5.813,-21.938,-17.063,-0.160,-0.133,0.918,-0.867,-1.672,-0.676,0.074,0.026,1.451,1.254,2,NULL,NULL,,3,0,2,7,255,1007,250,0,0
stim,94872,124993,0,124993,3322284.454,-0.994,-0.058,0.052,0.071,2835,223,2036,2894,2491,2341,1303,2670,59,1.326,1,2155,1,32.530,0.606,12.938,-24.313,-17.313,-0.152,-0.109,0.973,-0.590,-0.141,-0.605,0.076,0.022,1.451,1.254,2,NULL,NULL,,3,0,2,7,255,1007,250,0,0
stim,94872,124993,0,124993,3322289.455,-0.995,-0.057,0.051,0.071,2799,217,2083,2852,2515,2339,1371,2684,59,1.326,1,2155,1,30.476,0.562,11.813,-24.938,-12.938,-0.121,0.012,1.074,-0.539,0.160,-0.098,0.076,0.020,1.451,1.254,2,NULL,NULL,,3,0,2,7,255,1007,250,0,0
stim,94872,124993,0,124993,3322294.453,-0.995,-0.057,0.050,0.070,2763,219,2117,2829,2535,2334,1460,2687,59,1.326,1,2155,1,29.493,1.568,8.000,-24.938,-13.563,-0.121,0.113,1.125,-0.457,1.500,0.656,0.076,0.016,1.451,1.254,2,NULL,NULL,,3,0,2,7,255,1007,250,0,0
stim,94872,124993,0,124993,3322299.455,-0.995,-0.056,0.049,0.070,2715,218,2156,2793,2555,2347,1547,2712,59,1.326,1,2155,1,26.834,2.580,1.938,-22.250,-14.875,-0.121,0.176,1.125,-0.457,2.539,0.945,0.076,0.012,1.451,1.254,2,NULL,NULL,,3,0,2,7,255,1007,250,0,0
stim,94872,124993,0,124993,3322304.453,-0.995,-0.056,0.048,0.069,2671,223,2219,2751,2579,2343,1613,2715,59,1.326,1,2155,1,31.833,2.580,-0.438,-19.938,-24.813,-0.098,0.094,1.102,-0.457,2.539,0.945,0.076,0.010,1.451,1.254,2,NULL,NULL,,3,0,2,7,255,1007,250,0,0
stim,94872,124993,0,124993,3322309.455,-0.995,-0.056,0.047,0.068,2627,227,2267,2720,2600,2332,1689,2729,59,1.326,1,2155,1,27.530,2.349,-6.375,-17.813,-20.000,-0.020,0.027,1.086,-0.250,2.336,0.785,0.076,0.010,1.451,1.254,2,NULL,NULL,,3,0,2,7,255,1007,250,0,0
stim,94872,124993,0,124993,3322314.454,-0.995,-0.057,0.046,0.068,2555,232,2295,2694,2616,2333,1763,2779,59,1.326,1,2155,1,23.226,1.747,-11.125,-16.750,-11.625,-0.082,0.039,1.031,-0.133,1.742,0.648,0.076,0.012,1.451,1.254,2,NULL,NULL,,3,0,2,7,255,1007,250,0,0
stim,94873,124994,0,124994,3322319.455,-0.995,-0.057,0.046,0.067,2480,233,2345,2658,2643,2335,1839,2749,59,1.326,1,2155,1,23.714,1.712,-11.875,-17.250,-11.125,-0.152,-0.027,0.988,-0.133,1.707,0.199,0.078,0.012,1.451,1.254,2,NULL,NULL,,3,0,2,7,255,1007,250,0,0
stim,94873,124994,0,124994,3322324.454,-0.995,-0.057,0.045,0.067,2423,237,2379,2628,2667,2335,1927,2769,59,1.326,1,2155,1,25.696,1.069,-12.313,-17.063,-14.750,-0.133,-0.105,0.953,-0.484,0.953,-0.086,0.080,0.014,1.451,1.254,2,NULL,NULL,,3,0,2,7,255,1007,250,0,0
stim,94894,125015,0,125015,3322329.455,-0.995,-0.058,0.044,0.066,2347,233,2423,2581,2687,2341,1983,2767,59,1.326,1,2155,1,27.803,0.784,-5.313,-16.063,-22.063,-0.223,-0.082,0.887,-0.762,0.184,-0.324,0.082,0.016,1.451,1.254,2,NULL,NULL,,3,0,2,7,255,1007,250,0,0
stim,94894,125015,0,125015,3322334.454,-0.995,-0.057,0.043,0.064,2248,245,2457,2504,2709,2344,2037,2788,59,1.326,1,2155,1,41.891,1.043,8.438,-18.125,-36.813,-0.184,-0.117,0.906,-1.031,0.156,-0.738,0.086,0.016,1.451,1.254,2,NULL,NULL,,3,0,2,7,255,1007,250,0,0
stim,94894,125015,0,125015,3322339.455,-0.996,-0.057,0.042,0.063,2159,245,2516,2483,2729,2347,2109,2807,59,1.326,1,2155,1,43.005,1.035,13.313,-18.063,-36.688,-0.102,-0.152,0.949,-1.031,-0.086,-0.738,0.090,0.018,1.451,1.254,2,NULL,NULL,,3,0,2,7,255,1007,250,0,0
stim,94894,125015,0,125015,3322344.454,-0.996,-0.056,0.042,0.061,2041,251,2551,2429,2751,2336,2187,2815,59,1.326,1,2155,1,37.243,0.189,14.250,-20.000,-28.000,-0.059,-0.129,1.039,-0.168,-0.086,-0.320,0.092,0.018,1.451,1.254,2,NULL,NULL,,3,0,2,7,255,1007,250,0,0
stim,94923,125044,0,125044,3322349.455,-0.996,-0.056,0.041,0.061,1918,254,2595,2355,2773,2335,2247,2823,59,1.326,1,2155,1,28.111,0.222,0.438,-19.750,-20.000,-0.164,-0.086,1.031,-0.168,0.145,0.410,0.096,0.018,1.451,1.254,2,NULL,NULL,,3,0,2,7,255,1007,250,0,0
stim,94923,125044,0,125044,3322354.453,-0.996,-0.056,0.040,0.060,1823,250,2619,2283,2797,2332,2295,2841,59,1.326,1,2155,1,35.369,0.864,-1.125,-21.000,-28.438,-0.227,-0.133,0.977,-0.852,0.145,0.410,0.098,0.018,1.451,1.254,2,NULL,NULL,,3,0,2,7,255,1007,250,0,0
stim,94923,125044,0,125044,3322359.455,-0.996,-0.056,0.039,0.058,1693,254,2665,2211,2810,2325,2351,2839,59,1.326,1,2155,1,47.309,1.151,3.000,-21.688,-41.938,-0.191,-0.133,0.949,-1.137,-0.180,-0.008,0.100,0.018,1.451,1.254,2,NULL,NULL,,3,0,2,7,255,1007,250,0,0
stim,94923,125044,0,125044,3322364.454,-0.996,-0.055,0.038,0.056,1533,249,2687,2087,2837,2321,2409,2856,59,1.326,1,2155,1,55.343,1.151,12.438,-23.188,-48.688,-0.133,-0.117,0.898,-1.137,-0.180,-0.297,0.104,0.020,1.451,1.254,2,NULL,NULL,,3,0,2,7,255,1007,250,0,0
stim,94923,125044,0,125044,3322369.455,-0.996,-0.054,0.037,0.054,1317,240,2715,2007,2840,2312,2451,2852,59,1.326,1,2155,1,56.861,0.665,18.875,-25.500,-47.188,-0.109,-0.098,1.047,-0.664,-0.043,-0.297,0.106,0.020,1.451,1.254,2,NULL,NULL,,3,0,2,7,255,1007,250,0,0
stim,94923,125044,0,125044,3322374.454,-0.997,-0.054,0.035,0.052,1180,233,2740,1879,2856,2309,2487,2861,59,1.326,1,2155,1,56.734,0.613,-0.625,-28.375,-49.125,-0.125,-0.098,1.188,-0.488,0.371,0.527,0.110,0.018,1.451,1.254,2,NULL,NULL,,3,0,2,7,255,1007,250,0,0
stim,94972,125093,0,125093,3322379.455,-0.997,-0.055,0.034,0.050,1035,219,2763,1727,2863,2291,2525,2872,59,1.326,1,2155,1,61.894,0.736,-23.063,-28.813,-49.688,-0.125,-0.035,1.070,-0.488,0.551,0.695,0.112,0.018,1.451,1.254,2,NULL,NULL,,3,0,2,7,255,1007,250,0,0
stim,94972,125093,0,125093,3322384.454,-0.997,-0.056,0.032,0.048,837,174,2775,1568,2878,2263,2553,2873,59,1.326,1,2155,1,56.041,1.071,-12.688,-30.250,-45.438,-0.074,-0.023,0.914,-0.488,0.953,0.695,0.114,0.020,1.451,1.254,2,NULL,NULL,,3,0,2,7,255,1007,250,0,0
stim,94972,125093,0,125093,3322389.455,-0.997,-0.055,0.031,0.047,659,147,2799,1343,2890,2257,2597,2884,59,1.326,1,2155,1,48.826,0.992,6.813,-34.188,-34.188,-0.074,-0.145,1.000,-0.273,0.953,0.121,0.116,0.024,1.451,1.254,2,NULL,NULL,,3,0,2,7,255,1007,250,0,0
stim,94972,125093,0,125093,3322394.453,-0.997,-0.055,0.029,0.045,471,117,2813,1123,2917,2230,2619,2887,59,1.326,1,2155,1,46.061,0.296,8.313,-34.438,-29.438,-0.141,-0.164,1.102,-0.273,-0.113,0.121,0.120,0.028,1.451,1.254,2,NULL,NULL,,3,0,2,7,255,1007,250,0,0
stim,94972,125093,0,125093,3322399.455,-0.997,-0.055,0.027,0.044,304,73,2835,935,2919,2197,2653,2897,59,1.326,1,2155,1,55.246,0.751,2.813,-37.938,-40.063,-0.184,-0.047,1.055,-0.742,-0.113,0.570,0.124,0.032,1.451,1.254,2,NULL,NULL,,3,0,2,7,255,1007,250,0,0
stim,94972,125093,0,125093,3322404.453,-0.997,-0.055,0.026,0.041,183,56,2851,728,2931,2151,2679,2900,59,1.326,1,2155,1,69.287,1.374,-0.438,-38.375,-57.688,-0.156,-0.035,1.113,-1.105,0.816,1.102,0.132,0.034,1.451,1.254,2,NULL,NULL,,3,0,2,7,255,1007,250,0,0
stim,94972,125093,0,125093,3322409.455,-0.997,-0.055,0.024,0.039,115,35,2844,631,2953,2122,2697,2911,59,1.326,1,2155,1,79.764,1.512,-5.063,-38.813,-69.500,-0.047,0.004,0.988,-1.105,1.031,0.570,0.142,0.038,1.451,1.254,2,NULL,NULL,,3,0,2,7,255,1007,250,0,0
stim,94972,125093,0,125093,3322414.454,-0.998,-0.054,0.021,0.036,67,25,2857,549,2961,2080,2727,2909,59,1.326,1,2155,1,80.838,1.044,15.125,-43.688,-66.313,0.059,-0.074,0.906,-0.164,1.031,-0.227,0.148,0.044,1.451,1.254,2,NULL,NULL,,3,0,2,7,255,1007,250,0,0
stim,94972,125093,0,125093,3322419.455,-0.998,-0.052,0.019,0.035,28,1,2859,455,2959,2035,2739,2925,59,1.326,1,2155,0,81.183,0.526,53.125,-52.875,-31.188,-0.086,-0.281,1.121,-0.164,0.500,-0.227,0.156,0.052,1.451,1.254,2,NULL,NULL,,3,0,2,7,255,1007,250,0,0
stim,94972,125093,0,125093,3322424.454,-0.998,-0.049,0.017,0.034,21,0,2863,399,2971,1999,2759,2927,59,1.326,1,2155,0,86.999,1.411,63.125,-57.875,-15.313,-0.305,-0.301,1.387,-0.363,-1.363,1.484,0.160,0.064,1.451,1.254,2,NULL,NULL,,3,0,2,7,255,1007,250,0,0
stim,94991,125112,0,125112,3322429.455,-0.998,-0.047,0.014,0.033,14,0,2870,328,2983,1960,2776,2920,59,1.326,1,2155,0,85.775,2.810,43.750,-64.813,-35.250,-0.355,-0.180,1.465,-2.457,-1.363,4.152,0.166,0.074,1.451,1.254,2,NULL,NULL,,3,0,2,7,255,1007,250,0,0
stim,94991,125112,0,125112,3322434.454,-0.998,-0.045,0.011,0.032,3,0,2877,285,2987,1911,2795,2925,59,1.326,1,2155,0,90.755,2.465,40.875,-74.813,-31.125,-0.191,0.027,1.496,-2.457,-0.203,4.746,0.172,0.084,1.451,1.254,2,NULL,NULL,,3,0,2,7,255,1007,250,0,0
stim,94991,125112,0,125112,3322439.455,-0.998,-0.045,0.008,0.031,0,0,2871,244,2987,1863,2807,2937,59,1.326,1,2155,0,77.366,2.525,-3.000,-75.875,-14.813,0.020,0.102,1.313,-1.699,1.867,4.746,0.178,0.094,1.451,1.254,2,NULL,NULL,,3,0,2,7,255,1007,250,0,0
stim,94991,125112,0,125112,3322444.453,-0.998,-0.045,0.004,0.032,0,0,2872,203,2991,1805,2825,2927,59,1.326,1,2155,0,77.204,1.972,-17.188,-75.188,3.438,-0.066,-0.066,1.117,-0.633,1.867,2.848,0.186,0.106,1.451,1.254,2,NULL,NULL,,3,0,2,7,255,1007,250,0,0
stim,95016,125137,0,125137,3322449.455,-0.998,-0.045,0.001,0.033,0,0,2875,164,3005,1747,2843,2933,59,1.326,1,2155,0,85.234,0.876,-0.313,-83.188,18.563,-0.199,-0.133,1.098,-0.633,0.605,1.145,0.194,0.120,1.451,1.254,2,NULL,NULL,,3,0,2,7,255,1007,250,0,0
stim,95016,125137,0,125137,3322454.453,-0.998,-0.045,-0.002,0.034,0,0,2875,143,3017,1645,2855,2927,59,1.326,1,2155,0,88.959,1.982,10.438,-87.625,11.250,-0.285,-0.102,1.180,-1.977,0.148,1.145,0.200,0.132,1.451,1.254,2,NULL,NULL,,3,0,2,7,255,1007,250,0,0
stim,95016,125137,0,125137,3322459.455,-0.998,-0.044,-0.006,0.034,0,0,2875,120,3016,1561,2859,2929,59,1.326,1,2155,0,93.628,2.906,14.625,-92.375,-4.375,-0.273,-0.074,1.203,-2.902,0.148,1.773,0.204,0.146,1.451,1.254,3,NULL,NULL,,3,0,2,7,255,1007,250,0,0
stim,95016,125137,0,125137,3322464.454,-0.998,-0.043,-0.010,0.034,0,0,2870,108,3013,1439,2869,2930,59,1.326,1,2155,0,99.613,2.935,17.188,-97.688,-9.188,-0.234,-0.078,1.266,-2.902,0.438,1.977,0.208,0.160,1.451,1.254,3,NULL,NULL,,3,0,2,7,255,1007,250,0,0
stim,95016,125137,0,125137,3322469.455,-0.998,-0.042,-0.014,0.034,0,0,2863,100,3017,1331,2891,2923,59,1.326,1,2155,0,104.496,2.936,18.250,-102.188,-12.000,-0.254,-0.074,1.301,-2.902,0.445,2.563,0.212,0.176,1.451,1.254,3,NULL,NULL,,3,0,2,7,255,1007,250,0,0
stim,95016,125137,0,125137,3322474.454,-0.998,-0.041,-0.019,0.033,0,0,2868,77,3020,1189,2900,2921,59,1.326,1,2155,0,109.804,2.686,15.250,-107.875,-13.688,-0.207,-0.082,1.355,-2.641,0.492,2.875,0.218,0.192,1.451,1.254,3,NULL,NULL,,3,0,2,7,255,1007,250,0,0
stim,95068,125189,0,125189,3322479.455,-0.998,-0.040,-0.023,0.033,0,0,2853,39,3021,1003,2911,2909,59,1.326,1,2155,0,112.212,2.650,6.438,-111.125,-14.188,-0.180,-0.031,1.371,-2.602,0.504,3.414,0.226,0.210,1.451,1.254,3,NULL,NULL,,3,0,2,7,255,1007,250,0,0
stim,95068,125189,0,125189,3322484.454,-0.998,-0.040,-0.028,0.033,0,0,2851,20,3027,871,2923,2900,59,1.326,1,2155,0,116.967,2.675,-5.750,-116.313,-10.938,-0.113,-0.039,1.344,-2.516,0.910,3.414,0.238,0.226,1.451,1.254,3,NULL,NULL,,3,0,2,7,255,1007,250,0,0
stim,95068,125189,0,125189,3322489.455,-0.998,-0.041,-0.033,0.033,0,0,2824,7,3033,713,2939,2876,59,1.326,1,2155,0,122.843,2.518,-14.875,-121.938,0.563,-0.145,-0.063,1.297,-2.348,0.910,3.238,0.252,0.242,1.451,1.254,3,NULL,NULL,,3,0,2,7,255,1007,250,0,0
stim,95068,125189,0,125189,3322494.453,-0.998,-0.041,-0.039,0.034,0,0,2805,0,3033,587,2939,2861,59,1.326,1,2155,0,127.678,2.427,-16.313,-126.563,4.188,-0.184,-0.086,1.258,-2.348,0.617,2.773,0.272,0.262,1.451,1.254,3,NULL,NULL,,3,0,2,7,255,1007,250,0,0
stim,95068,125189,0,125189,3322499.455,-0.998,-0.042,-0.044,0.034,0,0,2792,0,3033,435,2943,2843,59,1.326,1,2155,0,133.915,2.854,-21.438,-132.188,-0.125,-0.199,-0.125,1.250,-2.832,0.355,2.375,0.300,0.288,1.451,1.254,3,NULL,NULL,,3,0,2,7,255,1007,250,0,0
stim,95068,125189,0,125189,3322504.453,-0.997,-0.043,-0.050,0.034,0,0,2775,0,3033,311,2956,2813,59,1.326,1,2155,0,138.560,3.086,-19.875,-136.875,-8.313,-0.199,-0.188,1.184,-3.086,-0.051,2.297,0.334,0.318,1.451,1.254,3,NULL,NULL,,3,0,2,7,255,1007,250,0,0
stim,95068,125189,0,125189,3322509.455,-0.997,-0.043,-0.056,0.034,0,0,2763,0,3031,221,2959,2789,59,1.326,1,2155,0,144.464,3.168,-16.375,-143.125,-10.813,-0.180,-0.219,1.152,-3.086,-0.715,1.684,0.376,0.356,1.451,1.254,3,NULL,NULL,,3,0,2,7,255,1007,250,0,0
stim,95068,125189,0,125189,3322514.454,-0.997,-0.043,-0.062,0.034,0,0,2733,0,3023,117,2985,2752,59,1.326,1,2155,0,150.025,3.176,-4.250,-149.188,-15.250,-0.168,-0.195,1.188,-3.082,-0.766,1.684,0.426,0.402,1.451,1.254,3,NULL,NULL,,3,0,2,7,255,1007,250,0,0
stim,95068,125189,0,125189,3322519.455,-0.996,-0.043,-0.069,0.034,0,0,2714,0,3029,53,2975,2727,59,1.326,1,2155,0,155.999,3.176,7.875,-155.375,-11.500,-0.223,-0.125,1.176,-3.082,-0.766,1.410,0.490,0.458,1.451,1.254,3,NULL,NULL,,3,0,2,7,255,1007,250,0,0
stim,95068,125189,0,125189,3322524.454,-0.996,-0.041,-0.076,0.034,0,0,2671,0,3025,9,2987,2676,59,1.326,1,2155,0,168.984,3.793,25.563,-165.500,-22.625,-0.305,-0.043,1.203,-3.789,-0.164,1.398,0.562,0.524,1.451,1.254,3,NULL,NULL,,3,0,2,7,255,1007,250,0,0
stim,95105,125226,0,125226,3322529.455,-0.995,-0.039,-0.084,0.033,0,0,2628,0,3015,0,2999,2631,59,1.326,1,2155,0,182.789,4.237,39.313,-173.813,-40.688,-0.172,0.055,1.457,-4.195,0.594,1.398,0.648,0.600,1.451,1.254,3,NULL,NULL,,3,0,2,7,255,1007,250,0,0
stim,95105,125226,0,125226,3322534.454,-0.995,-0.038,-0.092,0.032,0,0,2585,0,3012,0,3001,2569,59,1.326,1,2155,0,184.079,4.576,13.000,-181.875,-25.250,-0.027,0.152,1.738,-4.195,1.828,3.840,0.740,0.686,1.451,1.254,3,NULL,NULL,,3,0,2,7,255,1007,250,0,0
stim,95105,125226,0,125226,3322539.455,-0.994,-0.038,-0.100,0.033,0,0,2538,0,3001,0,2989,2486,59,1.326,1,2155,0,189.199,4.555,-10.250,-188.875,-4.188,-0.004,0.121,1.707,-3.598,2.793,6.344,0.838,0.778,1.451,1.254,3,NULL,NULL,,3,0,2,7,255,1007,250,0,0
stim,95105,125226,0,125226,3322544.453,-0.993,-0.039,-0.108,0.034,0,0,2479,0,2973,0,2996,2395,59,1.326,1,2155,0,202.089,4.610,-17.813,-200.250,20.563,-0.137,0.137,1.730,-3.598,2.883,6.344,0.936,0.870,1.451,1.254,3,NULL,NULL,,3,0,2,7,255,1007,250,0,0
stim,95105,125226,0,125226,3322549.455,-0.992,-0.039,-0.117,0.036,0,0,2395,0,2957,0,3000,2292,59,1.326,1,2155,0,219.604,5.924,-14.813,-215.750,38.188,-0.285,0.250,1.848,-5.176,2.883,6.344,1.034,0.966,1.451,1.254,3,NULL,NULL,,3,0,2,7,255,1007,250,0,0
stim,95105,125226,0,125226,3322554.453,-0.990,-0.040,-0.127,0.038,0,0,2313,0,2933,0,2989,2164,59,1.326,1,2155,0,235.371,8.229,-13.000,-232.438,34.688,-0.359,0.465,2.004,-7.211,3.965,6.770,1.132,1.064,1.451,1.254,3,NULL,NULL,,3,0,2,7,255,1007,250,0,0
stim,95127,125249,0,125249,3322559.455,-0.989,-0.040,-0.138,0.040,0,0,2231,0,2899,0,2973,2023,59,1.326,1,2155,0,253.394,10.703,-18.563,-250.750,31.438,-0.336,0.684,2.195,-8.785,6.113,7.660,1.234,1.166,1.451,1.254,3,NULL,NULL,,3,0,2,7,255,1007,250,0,0
stim,95127,125249,0,125249,3322564.454,-0.987,-0.042,-0.150,0.043,0,0,2141,0,2874,0,2967,1839,59,1.326,1,2155,0,273.389,12.785,-32.375,-269.000,36.500,-0.320,0.785,2.430,-9.629,8.410,9.055,1.342,1.276,1.451,1.254,3,NULL,NULL,,3,0,2,7,255,1007,250,0,0
stim,95127,125249,0,125249,3322569.455,-0.985,-0.044,-0.162,0.045,0,0,2055,0,2844,0,2953,1656,59,1.326,1,2155,0,298.270,14.410,-60.500,-287.813,49.688,-0.414,0.813,2.621,-10.699,9.652,10.898,1.452,1.388,1.451,1.254,3,NULL,NULL,,3,0,2,7,255,1007,250,0,0
stim,95127,125249,0,125249,3322574.454,-0.982,-0.048,-0.175,0.048,0,0,1963,0,2791,0,2920,1512,59,1.326,1,2155,0,327.062,16.230,-106.500,-304.250,55.313,-0.539,0.953,2.715,-12.762,10.027,11.859,1.564,1.502,1.451,1.254,3,NULL,NULL,,3,0,2,7,255,1007,250,0,0
stim,95163,125284,0,125284,3322579.455,-0.979,-0.055,-0.189,0.049,0,0,1881,0,2749,0,2899,1339,59,1.326,1,2155,0,355.705,18.887,-153.875,-318.313,39.063,-0.563,1.246,2.727,-14.973,11.512,11.859,1.674,1.614,1.451,1.254,3,NULL,NULL,,3,0,2,7,255,1007,250,0,0
stim,95163,125284,0,125284,3322584.454,-0.976,-0.062,-0.203,0.050,0,0,1819,0,2679,0,2841,1190,59,1.326,1,2155,0,380.769,21.660,-180.313,-334.688,21.375,-0.555,1.453,2.738,-16.066,14.527,10.863,1.786,1.730,1.451,1.254,3,NULL,NULL,,3,0,2,7,255,1007,250,0,0
stim,95163,125284,0,125284,3322589.455,-0.972,-0.071,-0.219,0.051,0,0,1724,0,2604,0,2787,1047,59,1.326,1,2155,0,413.699,23.351,-211.000,-354.688,28.688,-0.602,1.375,2.695,-16.777,16.242,9.953,1.906,1.848,1.451,1.254,3,NULL,NULL,,3,0,2,7,255,1007,250,0,0
stim,95163,125284,0,125284,3322594.453,-0.967,-0.080,-0.235,0.051,0,0,1611,0,2514,0,2719,926,59,1.326,1,2155,0,442.884,23.950,-239.375,-371.875,23.563,-0.633,1.004,2.641,-17.602,16.242,8.691,2.032,1.974,1.451,1.254,3,NULL,NULL,,3,0,2,7,255,1007,250,0,0
stim,95163,125284,0,125284,3322599.455,-0.962,-0.090,-0.252,0.051,0,0,1483,0,2361,0,2632,821,59,1.326,1,2155,0,454.972,22.169,-240.750,-386.000,6.563,-0.656,0.699,2.668,-18.039,12.887,7.938,2.160,2.098,1.451,1.254,3,NULL,NULL,,3,0,2,7,255,1007,250,0,0
stim,95163,125284,0,125284,3322604.453,-0.957,-0.099,-0.269,0.050,0,0,1319,0,2175,0,2503,696,59,1.326,1,2155,0,465.370,21.514,-241.063,-398.063,2.000,-0.680,0.641,2.785,-18.871,10.332,7.938,2.288,2.222,1.451,1.254,3,NULL,NULL,,3,0,2,7,255,1007,250,0,0
stim,95189,125310,0,125310,3322609.455,-0.951,-0.109,-0.286,0.050,0,0,1125,0,1997,0,2363,581,59,1.326,1,2155,0,480.263,22.720,-249.375,-410.438,-2.313,-0.750,0.641,2.992,-20.234,10.332,7.949,2.410,2.340,1.451,1.254,3,NULL,NULL,,3,0,2,7,255,1007,250,0,0
stim,95189,125310,0,125310,3322614.454,-0.944,-0.120,-0.304,0.049,0,0,879,0,1707,0,2173,484,59,1.326,1,2155,0,511.984,24.805,-282.938,-426.688,3.375,-0.852,0.508,2.996,-22.570,10.289,7.949,2.512,2.438,1.451,1.254,3,NULL,NULL,,3,0,2,7,255,1007,250,0,0
stim,95189,125310,0,125310,3322619.455,-0.936,-0.132,-0.323,0.048,0,0,537,0,1438,0,1927,423,59,1.326,1,2155,0,545.647,24.740,-323.625,-439.250,7.563,-0.824,0.348,2.688,-22.633,9.992,6.945,2.584,2.506,1.451,1.254,3,NULL,NULL,,3,0,2,7,255,1007,250,0,0
stim,95189,125310,0,125310,3322624.454,-0.928,-0.144,-0.342,0.046,0,0,333,0,1214,0,1589,353,59,1.326,1,2155,0,542.576,24.102,-307.688,-446.875,-4.500,-0.715,0.324,2.445,-22.633,8.285,4.094,2.620,2.540,1.451,1.254,3,NULL,NULL,,3,0,2,7,255,1007,250,0,0
stim,95189,125310,0,125310,3322629.455,-0.919,-0.154,-0.361,0.045,0,0,226,0,934,0,1111,275,59,1.326,1,2155,0,527.962,23.154,-269.188,-453.938,-14.938,-0.645,0.555,2.594,-21.621,8.285,1.980,2.640,2.558,1.451,1.254,3,NULL,NULL,,3,0,2,7,255,1007,250,0,0
stim,95189,125310,0,125310,3322634.453,-0.910,-0.165,-0.379,0.044,0,0,131,0,671,0,443,254,59,1.326,1,2155,0,534.424,24.237,-289.000,-449.313,-14.375,-0.559,0.707,2.668,-21.621,10.953,1.637,2.658,2.576,1.451,1.254,3,NULL,NULL,,3,0,2,7,255,1007,250,0,0
stim,95189,125310,0,125310,3322639.455,-0.899,-0.179,-0.397,0.041,0,0,156,0,351,0,16,274,59,1.326,1,2155,0,569.113,25.154,-373.375,-429.500,3.188,-0.637,0.754,2.383,-21.621,12.855,1.012,2.682,2.602,1.451,1.254,3,NULL,NULL,,3,0,2,7,255,1007,250,0,0
stim,95189,125310,0,125310,3322644.454,-0.889,-0.197,-0.412,0.038,0,0,133,0,75,0,0,271,59,1.326,1,2155,0,608.214,24.396,-461.813,-395.063,24.063,-0.879,1.164,1.953,-20.629,13.023,-2.660,2.716,2.632,1.451,1.254,3,NULL,NULL,,3,0,2,7,255,1007,250,0,0
stim,95217,125338,0,125338,3322649.455,-0.878,-0.217,-0.426,0.031,0,0,117,0,0,0,0,264,59,1.326,1,2155,0,636.899,23.946,-538.000,-340.875,-0.875,-0.953,1.746,1.594,-18.656,15.012,-9.633,2.754,2.668,1.451,1.254,4,NULL,NULL,,3,0,2,7,255,1007,250,0,0
stim,95217,125338,0,125338,3322654.453,-0.867,-0.236,-0.438,0.023,0,0,105,0,0,0,0,225,59,1.326,1,2155,0,603.631,24.314,-527.813,-289.063,-47.188,-1.004,1.949,1.535,-15.211,18.969,-15.664,2.798,2.708,1.451,1.254,0,NULL,NULL,,3,0,2,7,255,1007,250,0,0
stim,95217,125338,0,125338,3322659.455,-0.857,-0.254,-0.448,0.014,0,0,104,0,0,0,0,147,59,1.326,1,2155,0,559.009,24.651,-500.063,-242.375,-60.688,-1.160,1.676,1.867,-15.211,19.398,-17.742,2.848,2.756,1.451,1.254,0,NULL,NULL,,3,0,2,7,255,1007,250,0,0
stim,95217,125338,0,125338,3322664.454,-0.846,-0.278,-0.455,0.003,0,0,101,0,0,0,0,87,59,1.326,1,2155,0,670.058,25.235,-650.313,-161.438,-3.000,-1.367,1.023,1.461,-16.141,19.398,-18.301,2.904,2.810,1.451,1.254,0,NULL,NULL,,3,0,2,7,255,1007,250,0,0
stim,95217,125338,0,125338,3322669.455,-0.835,-0.309,-0.456,-0.013,0,0,81,0,0,0,0,53,59,1.326,1,2155,0,848.773,20.062,-847.875,-38.188,8.125,-0.855,0.949,-0.457,-16.141,11.914,-19.008,2.962,2.862,1.451,1.254,0,NULL,NULL,,3,0,2,7,255,1007,250,0,0
stim,95217,125338,0,125338,3322674.454,-0.826,-0.331,-0.455,-0.032,0,0,61,0,0,0,0,55,59,1.326,1,2155,0,671.881,2.967,-657.625,63.188,-122.313,-0.328,0.344,-2.344,1.383,2.625,-22.188,3.018,2.916,1.451,1.254,0,NULL,NULL,,3,0,2,7,255,1007,250,0,0
stim,95272,125393,0,125393,3322679.455,-0.825,-0.335,-0.452,-0.045,0,0,57,0,0,0,0,54,59,1.326,1,2155,0,331.267,15.465,-234.625,143.938,-184.313,-0.359,-0.715,-2.125,9.688,-12.055,-22.188,3.072,2.968,1.451,1.254,0,NULL,NULL,,3,0,2,7,255,1007,250,0,0
stim,95272,125393,0,125393,3322684.453,-0.829,-0.328,-0.449,-0.052,0,0,69,0,0,0,0,36,59,1.326,1,2155,0,250.325,15.465,80.250,166.063,-169.250,-0.645,-0.648,-0.035,9.688,-12.055,-16.207,3.124,3.016,1.451,1.254,0,NULL,NULL,,3,0,2,7,255,1007,250,0,0
stim,95272,125393,0,125393,3322689.455,-0.833,-0.324,-0.444,-0.060,0,0,60,0,0,0,0,0,59,1.326,1,2155,0,263.905,8.891,27.875,213.438,-152.688,-0.695,0.645,1.227,-6.145,-6.426,-13.672,3.176,3.064,1.451,1.254,0,NULL,NULL,,3,0,2,7,255,1007,250,0,0
stim,95272,125393,0,125393,3322694.454,-0.836,-0.325,-0.436,-0.070,0,0,45,0,0,0,0,0,59,1.326,1,2155,0,294.277,12.525,-105.188,254.500,-103.750,-0.578,1.828,1.090,-6.145,10.914,-13.672,3.222,3.110,1.451,1.254,0,NULL,NULL,,3,0,2,7,255,1007,250,0,0
stim,95272,125393,0,125393,3322699.455,-0.839,-0.328,-0.426,-0.078,0,0,42,0,0,0,0,0,59,1.326,1,2155,0,302.530,16.512,-134.500,268.750,-34.750,-0.578,1.926,0.461,-3.156,16.207,-18.848,3.268,3.150,1.451,1.254,0,NULL,NULL,,3,0,2,7,255,1007,250,0,0
stim,95272,125393,0,125393,3322704.453,-0.844,-0.329,-0.416,-0.083,0,0,42,0,0,0,0,0,59,1.326,1,2155,0,277.807,16.295,-59.125,271.438,-1.688,-0.816,1.152,0.223,-1.688,16.207,-20.582,3.308,3.186,1.451,1.254,0,NULL,NULL,,3,0,2,7,255,1007,250,0,0
stim,95272,125393,0,125393,3322709.455,-0.848,-0.327,-0.407,-0.088,0,0,41,0,0,0,0,0,59,1.326,1,2155,0,272.676,8.942,7.750,272.250,-13.125,-1.035,0.551,0.563,-1.688,8.781,-20.582,3.346,3.220,1.451,1.254,0,NULL,NULL,,3,0,2,7,255,1007,250,0,0
stim,95272,125393,0,125393,3322714.453,-0.853,-0.325,-0.397,-0.093,0,0,51,0,0,0,0,0,59,1.326,1,2155,0,279.452,11.697,6.688,276.750,-38.188,-1.023,0.551,0.895,-7.793,8.723,-17.656,3.382,3.252,1.451,1.254,0,NULL,NULL,,3,0,2,7,255,1007,250,0,0
stim,95272,125393,0,125393,3322719.455,-0.857,-0.324,-0.387,-0.100,0,0,43,0,0,0,0,0,59,1.326,1,2155,0,288.521,11.697,-25.000,283.250,-48.875,-0.809,0.844,0.902,-7.793,8.723,-15.855,3.416,3.282,1.451,1.254,0,NULL,NULL,,3,0,2,7,255,1007,250,0,0
stim,95272,125393,0,125393,3322724.454,-0.862,-0.323,-0.377,-0.106,0,0,41,0,0,0,0,0,59,1.326,1,2155,0,296.771,13.339,-36.688,292.000,-38.250,-0.613,1.023,0.750,-7.012,11.348,-15.449,3.450,3.310,1.451,1.254,0,NULL,NULL,,3,0,2,7,255,1007,250,0,0
stim,95291,125412,0,125412,3322729.455,-0.866,-0.322,-0.366,-0.112,0,0,44,0,0,0,0,0,59,1.326,1,2155,0,305.929,12.140,-24.625,304.000,-23.875,-0.590,0.988,0.695,-3.957,11.477,-15.434,3.484,3.340,1.451,1.254,0,NULL,NULL,,3,0,2,7,255,1007,250,0,0
stim,95291,125412,0,125412,3322734.453,-0.871,-0.321,-0.354,-0.118,0,0,45,0,0,0,0,0,59,1.326,1,2155,0,321.145,12.258,-14.875,319.750,-25.938,-0.656,0.898,0.801,-3.957,11.602,-15.188,3.518,3.370,1.451,1.254,0,NULL,NULL,,3,0,2,7,255,1007,250,0,0
stim,95291,125412,0,125412,3322739.455,-0.875,-0.319,-0.342,-0.125,0,0,45,0,0,0,0,0,59,1.326,1,2155,0,341.466,12.596,-23.875,338.063,-41.750,-0.652,0.844,0.922,-4.906,11.602,-14.434,3.556,3.400,1.451,1.254,0,NULL,NULL,,3,0,2,7,255,1007,250,0,0
stim,95291,125412,0,125412,3322744.454,-0.879,-0.317,-0.329,-0.133,0,0,45,0,0,0,0,0,59,1.326,1,2155,0,359.157,13.173,-33.438,353.563,-53.563,-0.551,0.828,1.000,-5.113,12.141,-13.258,3.596,3.436,1.451,1.254,0,NULL,NULL,,3,0,2,7,255,1007,250,0,0
stim,95321,125442,0,125442,3322749.455,-0.883,-0.316,-0.316,-0.142,0,0,40,0,0,0,0,0,59,1.326,1,2155,0,376.922,13.654,-48.188,369.313,-57.938,-0.422,0.938,1.047,-5.113,12.660,-11.801,3.640,3.472,1.451,1.254,0,NULL,NULL,,3,0,2,7,255,1007,250,0,0
stim,95321,125442,0,125442,3322754.453,-0.887,-0.315,-0.301,-0.150,0,0,37,0,0,0,0,0,59,1.326,1,2155,0,391.583,14.207,-63.438,382.313,-56.125,-0.332,0.961,1.004,-3.605,13.742,-10.945,3.686,3.512,1.451,1.254,0,NULL,NULL,,3,0,2,7,255,1007,250,0,0
stim,95321,125442,0,125442,3322759.455,-0.891,-0.314,-0.287,-0.159,0,0,40,0,0,0,0,0,59,1.326,1,2155,0,404.184,13.945,-71.688,394.188,-53.313,-0.293,0.930,0.895,-2.367,13.742,-10.559,3.734,3.554,1.451,1.254,0,NULL,NULL,,3,0,2,7,255,1007,250,0,0
stim,95321,125442,0,125442,3322764.453,-0.894,-0.313,-0.271,-0.168,0,0,37,0,0,0,0,0,59,1.326,1,2155,0,412.583,12.890,-66.250,403.625,-54.063,-0.270,0.871,0.820,-1.480,12.805,-10.520,3.780,3.594,1.451,1.254,0,NULL,NULL,,3,0,2,7,255,1007,250,0,0
stim,95321,125442,0,125442,3322769.455,-0.898,-0.312,-0.256,-0.177,0,0,35,0,0,0,0,0,59,1.326,1,2155,0,419.009,11.956,-54.813,411.375,-57.750,-0.219,0.832,0.793,-1.000,11.914,-10.406,3.826,3.632,1.451,1.254,0,NULL,NULL,,3,0,2,7,255,1007,250,0,0
stim,95321,125442,0,125442,3322774.454,-0.901,-0.309,-0.240,-0.186,0,0,35,0,0,0,0,0,59,1.326,1,2155,0,423.344,11.403,-39.188,417.500,-58.125,-0.160,0.809,0.789,-0.438,11.395,-9.910,3.870,3.666,1.451,1.254,0,NULL,NULL,,3,0,2,7,255,1007,250,0,0
stim,95371,125492,0,125492,3322779.455,-0.905,-0.306,-0.225,-0.194,0,0,33,0,0,0,0,0,59,1.326,1,2155,0,426.824,11.397,-21.500,422.563,-56.188,-0.129,0.824,0.844,0.219,11.395,-9.309,3.910,3.700,1.451,1.254,0,NULL,NULL,,3,0,2,7,255,1007,250,0,0
stim,95371,125492,0,125492,3322784.453,-0.908,-0.302,-0.209,-0.203,0,0,28,0,0,0,0,0,59,1.326,1,2155,0,430.751,11.510,-4.625,427.063,-56.063,-0.129,0.844,0.945,0.641,11.492,-8.645,3.948,3.730,1.451,1.254,0,NULL,NULL,,3,0,2,7,255,1007,250,0,0
stim,95371,125492,0,125492,3322789.455,-0.911,-0.297,-0.193,-0.211,0,0,30,0,0,0,0,0,59,1.326,1,2155,0,435.021,12.256,8.375,430.938,-58.875,-0.133,0.871,1.059,0.785,12.230,-7.840,3.982,3.756,1.451,1.254,0,NULL,NULL,,3,0,2,7,255,1007,250,0,0
stim,95371,125492,0,125492,3322794.454,-0.914,-0.291,-0.177,-0.220,0,0,28,0,0,0,0,0,59,1.326,1,2155,0,438.574,13.119,17.563,433.625,-63.313,-0.125,0.902,1.160,0.980,13.082,-6.910,4.014,3.780,1.451,1.254,0,NULL,NULL,,3,0,2,7,255,1007,250,0,0
stim,95371,125492,0,125492,3322799.455,-0.917,-0.285,-0.161,-0.228,0,0,27,0,0,0,0,0,59,1.326,1,2155,0,441.257,13.889,25.875,435.000,-69.375,-0.102,0.938,1.262,1.344,13.824,-6.016,4.044,3.800,1.451,1.254,0,NULL,NULL,,3,0,2,7,255,1007,250,0,0
stim,95371,125492,0,125492,3322804.454,-0.919,-0.279,-0.145,-0.237,0,0,27,0,0,0,0,0,59,1.326,1,2155,0,442.675,14.627,32.750,434.750,-76.688,-0.059,0.992,1.359,1.980,14.492,-5.059,4.072,3.820,1.451,1.254,0,NULL,NULL,,3,0,2,7,255,1007,250,0,0
stim,95371,125492,0,125492,3322809.455,-0.921,-0.273,-0.129,-0.246,0,0,26,0,0,0,0,0,59,1.326,1,2155,0,442.670,15.413,36.250,433.125,-83.938,0.027,1.020,1.426,2.945,15.129,-4.094,4.098,3.838,1.451,1.254,0,NULL,NULL,,3,0,2,7,255,1007,250,0,0
stim,95371,125492,0,125492,3322814.453,-0.923,-0.266,-0.113,-0.255,0,0,26,0,0,0,0,0,59,1.326,1,2155,0,440.370,15.700,40.500,429.875,-86.563,0.082,0.969,1.445,4.195,15.129,-3.117,4.122,3.852,1.451,1.254,0,NULL,NULL,,3,0,2,7,255,1007,250,0,0
stim,95371,125492,0,125492,3322819.455,-0.924,-0.259,-0.098,-0.263,0,0,22,0,0,0,0,0,59,1.326,1,2155,0,434.114,15.367,47.375,422.750,-86.563,0.094,1.000,1.492,4.848,14.582,-2.266,4.146,3.868,1.451,1.254,0,NULL,NULL,,3,0,2,7,255,1007,250,0,0
stim,95371,125492,0,125492,3322824.454,-0.925,-0.251,-0.083,-0.272,0,0,23,0,0,0,0,0,59,1.326,1,2155,0,427.674,15.607,54.563,414.563,-89.813,0.109,1.059,1.523,5.563,14.582,-1.770,4.168,3.880,1.451,1.254,0,NULL,NULL,,3,0,2,7,255,1007,250,0,0
stim,95396,125517,0,125517,3322829.455,-0.926,-0.243,-0.069,-0.280,0,0,10,0,0,0,0,0,59,1.326,1,2155,0,420.012,15.960,66.688,404.563,-91.063,0.133,1.012,1.578,6.488,14.582,-1.496,4.188,3.890,1.451,1.254,0,NULL,NULL,,3,0,2,7,255,1007,250,0,0
stim,95396,125517,0,125517,3322834.453,-0.928,-0.232,-0.057,-0.287,0,0,8,0,0,0,0,0,59,1.326,1,2155,0,409.081,16.125,150.625,373.938,-69.500,-0.395,0.621,2.363,6.488,14.762,-0.535,4.206,3.898,1.451,1.254,0,NULL,NULL,,3,0,2,7,255,1007,250,0,0
stim,95396,125517,0,125517,3322839.455,-0.928,-0.222,-0.045,-0.295,0,0,20,0,0,0,0,0,59,1.326,1,2155,0,404.240,17.795,151.938,360.375,-102.250,-0.629,1.129,3.348,3.207,17.504,6.898,4.220,3.902,1.451,1.254,0,NULL,NULL,,3,0,2,7,255,1007,250,0,0
stim,95396,125517,0,125517,3322844.454,-0.925,-0.219,-0.031,-0.310,0,0,21,0,0,0,0,0,59,1.326,1,2155,0,488.377,20.788,-81.875,395.938,-273.938,0.176,1.406,2.730,3.207,20.539,8.621,4.230,3.904,1.451,1.254,0,NULL,NULL,,3,0,2,7,255,1007,250,0,0
stim,95396,125517,0,125517,3322849.455,-0.919,-0.220,-0.016,-0.326,0,0,20,0,0,0,0,0,59,1.326,1,2155,0,527.780,23.766,-171.750,401.563,-296.313,1.273,0.984,1.066,11.957,20.539,8.621,4.238,3.904,1.451,1.254,0,NULL,NULL,,3,0,2,7,255,1007,250,0,0
stim,95396,125517,0,125517,3322854.454,-0.917,-0.216,-0.002,-0.336,0,0,17,0,0,0,0,0,59,1.326,1,2155,0,401.765,17.327,-37.688,378.813,-128.438,1.668,0.805,0.090,16.945,3.617,-2.426,4.242,3.900,1.451,1.254,0,NULL,NULL,,3,0,2,7,255,1007,250,0,0
stim,95426,125547,0,125547,3322859.455,-0.918,-0.204,0.010,-0.339,0,0,18,0,0,0,0,0,59,1.326,1,2155,0,396.362,17.122,169.750,358.063,8.875,0.949,0.980,0.484,16.945,2.453,-8.359,4.242,3.890,1.451,1.254,0,NULL,NULL,,3,0,2,7,255,1007,250,0,0
stim,95426,125547,0,125547,3322864.453,-0.920,-0.188,0.020,-0.343,0,0,10,0,0,0,0,0,59,1.326,1,2155,0,440.311,14.029,268.938,348.625,2.625,0.234,1.379,1.633,13.813,2.453,-8.359,4.234,3.876,1.451,1.254,0,NULL,NULL,,3,0,2,7,255,1007,250,0,0
stim,95426,125547,0,125547,3322869.455,-0.921,-0.174,0.029,-0.348,0,0,10,0,0,0,0,0,59,1.326,1,2155,0,428.333,19.230,243.438,347.188,-60.563,0.254,1.574,2.352,13.813,13.379,-0.180,4.220,3.852,1.451,1.254,0,NULL,NULL,,3,0,2,7,255,1007,250,0,0
stim,95426,125547,0,125547,3322874.454,-0.920,-0.160,0.039,-0.354,0,0,17,0,0,0,0,0,59,1.326,1,2155,0,409.297,20.818,209.250,345.625,-65.438,0.637,1.383,2.383,15.949,13.379,6.035,4.192,3.818,1.451,1.254,0,NULL,NULL,,3,0,2,7,255,1007,250,0,0
stim,95472,125593,1,125593,3322879.455,-0.921,-0.146,0.049,-0.358,0,0,7,0,0,0,0,0,59,1.326,1,2155,0,410.637,21.541,225.250,342.500,-24.063,0.711,1.285,2.398,17.980,11.863,7.523,4.156,3.774,1.451,1.254,0,NULL,NULL,,3,1,2,7,255,1007,250,0,0
stim,95472,125593,1,125593,3322884.453,-0.921,-0.131,0.059,-0.362,0,0,0,0,0,0,0,0,59,1.326,1,2155,0,419.768,21.639,244.875,340.813,-9.375,0.469,1.402,2.711,18.098,11.863,8.254,4.108,3.718,1.451,1.254,0,NULL,NULL,,3,1,2,7,255,1007,250,0,0
stim,95472,125593,1,125593,3322889.457,-0.921,-0.116,0.069,-0.366,0,0,0,0,0,0,0,0,59,1.326,1,2155,0,415.974,21.915,235.625,340.500,-39.688,0.383,1.398,2.938,18.188,12.227,11.066,4.050,3.652,1.451,1.254,0,NULL,NULL,,3,1,2,7,255,1007,250,0,0
stim,95472,125593,1,125593,3322894.453,-0.919,-0.102,0.079,-0.372,0,0,0,0,0,0,0,0,59,1.326,1,2155,0,406.299,21.987,209.375,340.188,-74.250,0.574,1.227,2.996,18.273,12.227,13.512,3.984,3.578,1.451,1.254,0,NULL,NULL,,3,1,2,7,255,1007,250,0,0
stim,95472,125593,1,125593,3322899.455,-0.917,-0.089,0.088,-0.378,0,0,0,0,0,0,0,0,59,1.326,1,2155,0,397.573,20.930,191.875,338.063,-83.438,0.785,1.012,2.887,18.980,8.820,14.066,3.910,3.494,1.451,1.254,0,NULL,NULL,,3,1,2,7,255,1007,250,0,0
stim,95472,125593,1,125593,3322904.454,-0.915,-0.077,0.098,-0.384,0,0,0,0,0,0,0,0,59,1.326,1,2155,0,392.739,19.565,192.125,332.500,-82.313,0.844,0.926,2.801,18.980,4.746,14.066,3.830,3.404,1.451,1.254,0,NULL,NULL,,3,1,2,7,255,1007,250,0,0
stim,95472,125593,1,125593,3322909.455,-0.912,-0.064,0.107,-0.390,0,0,0,0,0,0,0,0,59,1.326,1,2155,0,392.954,19.238,199.813,324.438,-96.063,0.863,0.945,2.773,19.055,2.648,13.379,3.740,3.306,1.451,1.254,0,NULL,NULL,,3,1,2,7,255,1007,250,0,0
stim,95472,125593,1,125593,3322914.453,-0.909,-0.051,0.116,-0.397,0,0,0,0,0,0,0,0,59,1.326,1,2155,0,396.616,19.337,207.375,315.375,-121.813,0.988,0.977,2.742,19.270,1.617,12.965,3.640,3.198,1.451,1.254,0,NULL,NULL,,3,1,2,7,255,1007,250,0,0
stim,95472,125593,1,125593,3322919.455,-0.906,-0.038,0.124,-0.404,0,0,0,0,0,0,0,0,59,1.326,1,2155,0,395.786,20.352,215.125,303.188,-135.813,1.203,0.895,2.672,20.352,-0.102,12.352,3.530,3.078,1.451,1.254,0,NULL,NULL,,3,1,2,7,255,1007,250,0,0
stim,95472,125593,1,125593,3322924.454,-0.902,-0.025,0.130,-0.411,0,0,0,0,0,0,0,0,59,1.326,1,2155,0,387.430,21.250,225.188,287.188,-130.063,1.426,0.781,2.523,21.008,-3.199,11.332,3.410,2.950,1.451,1.254,0,NULL,NULL,,3,1,2,7,255,1007,250,0,0
stim,95494,125615,1,125615,3322929.455,-0.898,-0.011,0.136,-0.418,0,0,0,0,0,0,0,0,59,1.326,1,2155,0,377.720,21.995,238.000,269.313,-116.188,1.582,0.723,2.270,21.008,-6.516,9.531,3.284,2.816,1.451,1.254,0,NULL,NULL,,3,1,2,7,255,1007,250,0,0
stim,95494,125615,1,125615,3322934.453,-0.895,0.003,0.141,-0.424,0,0,0,0,0,0,0,0,59,1.326,1,2155,0,383.867,22.606,269.750,250.875,-107.938,1.695,0.641,2.008,20.836,-8.770,6.668,3.148,2.674,1.451,1.254,0,NULL,NULL,,3,1,2,7,255,1007,250,0,0
stim,95494,125615,1,125615,3322939.455,-0.891,0.019,0.144,-0.430,0,0,0,0,0,0,0,0,59,1.326,1,2155,0,406.348,22.691,323.188,229.813,-88.625,1.707,0.570,1.961,20.000,-10.719,3.848,3.002,2.520,1.451,1.254,0,NULL,NULL,,3,1,2,7,255,1007,250,0,0
stim,95494,125615,1,125615,3322944.453,-0.888,0.037,0.145,-0.435,0,0,0,0,0,0,0,0,59,1.326,1,2155,0,435.169,23.290,373.250,208.750,-80.500,1.789,0.773,2.156,20.000,-11.934,3.848,2.842,2.354,1.451,1.254,0,NULL,NULL,,3,1,2,7,255,1007,250,0,0
stim,95525,125646,1,125646,3322949.455,-0.884,0.056,0.145,-0.441,0,0,0,0,0,0,0,0,59,1.326,1,2155,0,451.469,24.587,400.938,190.250,-82.938,1.965,0.988,2.340,21.250,-12.367,4.527,2.664,2.172,1.451,1.254,0,NULL,NULL,,3,1,2,7,255,1007,250,0,0
stim,95525,125646,1,125646,3322954.454,-0.880,0.074,0.144,-0.446,0,0,0,0,0,0,0,0,59,1.326,1,2155,0,452.543,27.464,411.313,175.313,-69.875,2.309,1.117,2.418,23.859,-13.602,5.086,2.472,1.972,1.451,1.254,0,NULL,NULL,,3,1,2,7,255,1007,250,0,0
stim,95525,125646,1,125646,3322959.455,-0.877,0.093,0.142,-0.450,0,0,0,0,0,0,0,0,59,1.326,1,2155,0,439.976,30.276,405.188,164.688,-47.750,2.535,0.922,2.313,25.383,-16.504,5.086,2.266,1.760,1.451,1.254,0,NULL,NULL,,3,1,2,7,255,1007,250,0,0
stim,95525,125646,1,125646,3322964.453,-0.874,0.111,0.140,-0.452,0,0,0,0,0,0,0,1,59,1.326,1,2155,0,433.763,32.253,405.938,152.438,-11.313,2.691,0.688,2.164,25.383,-19.898,3.301,2.054,1.540,1.451,1.254,0,NULL,NULL,,3,1,2,7,255,1007,250,0,0
stim,95525,125646,1,125646,3322969.455,-0.871,0.129,0.138,-0.453,0,0,0,0,0,0,0,5,59,1.326,1,2155,0,427.618,32.705,402.938,140.688,26.563,2.695,0.410,1.848,23.578,-22.664,1.180,1.848,1.326,1.451,1.254,0,NULL,NULL,,3,1,2,7,255,1007,250,0,0
stim,95525,125646,1,125646,3322974.454,-0.869,0.148,0.134,-0.453,0,0,0,0,0,0,0,10,59,1.326,1,2155,0,441.450,31.357,419.438,129.500,46.688,2.699,0.270,1.512,20.492,-23.734,-2.098,1.646,1.118,1.451,1.254,0,NULL,NULL,,3,1,2,7,255,1007,250,0,0
stim,95569,125690,1,125690,3322979.455,-0.866,0.168,0.129,-0.453,0,0,0,0,0,0,0,13,59,1.326,1,2155,0,474.588,30.152,455.250,116.938,65.625,2.742,0.031,1.238,18.586,-23.742,-5.555,1.448,0.914,1.451,1.254,0,NULL,NULL,,3,1,2,7,255,1007,250,0,0
stim,95569,125690,1,125690,3322984.453,-0.863,0.190,0.123,-0.452,0,0,0,0,0,0,0,13,59,1.326,1,2155,0,522.165,29.494,505.625,105.625,76.438,2.648,-0.371,1.160,16.328,-24.563,-8.793,1.272,0.734,1.451,1.254,0,NULL,NULL,,3,1,2,7,255,1007,250,0,0
stim,95569,125690,1,125690,3322989.457,-0.859,0.213,0.115,-0.451,0,0,0,0,0,0,0,27,59,1.326,1,2155,0,561.603,28.586,549.125,91.563,74.000,2.563,-0.805,1.262,12.250,-25.828,-10.195,1.160,0.622,1.451,1.254,0,NULL,NULL,,3,1,2,7,255,1007,250,0,0
stim,95569,125690,1,125690,3322994.453,-0.854,0.236,0.105,-0.451,0,0,0,0,0,0,0,27,59,1.326,1,2155,0,595.732,29.131,586.625,77.563,68.938,2.441,-1.137,1.469,8.051,-27.996,-10.195,1.126,0.588,1.451,1.254,0,NULL,NULL,,3,1,2,7,255,1007,250,0,0
stim,95569,125690,1,125690,3322999.455,-0.848,0.260,0.095,-0.451,0,0,0,0,0,0,0,55,59,1.326,1,2155,0,610.942,30.135,606.875,56.000,42.625,2.223,-1.277,2.020,4.344,-29.820,-9.770,1.140,0.604,1.451,1.254,0,NULL,NULL,,3,1,2,7,255,1007,250,0,0
stim,95569,125690,1,125690,3323004.454,-0.841,0.282,0.085,-0.453,0,0,0,0,0,0,0,55,59,1.326,1,2155,0,567.642,31.806,566.688,32.750,-3.250,2.234,-1.215,2.734,1.258,-31.781,-5.629,1.164,0.622,1.451,1.254,0,NULL,NULL,,3,1,2,7,255,1007,250,0,0
stim,95569,125690,1,125690,3323009.455,-0.834,0.301,0.075,-0.456,0,0,0,0,0,0,0,71,59,1.326,1,2155,0,530.279,35.514,529.375,9.750,-29.375,2.578,-1.074,3.090,1.258,-35.492,-0.508,1.180,0.634,1.451,1.254,0,NULL,NULL,,3,1,2,7,255,1007,250,0,0
stim,95569,125690,1,125690,3323014.453,-0.828,0.317,0.066,-0.458,0,0,0,0,0,0,0,90,59,1.326,1,2155,0,445.883,39.545,445.688,-13.188,0.875,2.816,-0.727,3.801,2.113,-39.488,0.598,1.188,0.636,1.451,1.254,0,NULL,NULL,,3,1,2,7,255,1007,250,0,0
stim,95569,125690,1,125690,3323019.455,-0.823,0.328,0.058,-0.460,0,0,0,0,0,0,0,105,59,1.326,1,2155,0,333.451,40.653,330.313,-39.313,-23.188,2.176,-0.645,3.992,2.113,-40.598,5.965,1.184,0.628,1.451,1.254,0,NULL,NULL,,3,1,2,7,255,1007,250,0,0
stim,95569,125690,1,125690,3323024.454,-0.818,0.334,0.053,-0.465,0,0,0,0,0,0,0,108,59,1.326,1,2155,0,239.296,40.663,202.188,-63.625,-111.063,1.855,0.008,4.059,2.309,-40.598,9.789,1.162,0.600,1.451,1.254,0,NULL,NULL,,3,1,2,7,255,1007,250,0,0
stim,95591,125712,1,125712,3323029.455,-0.814,0.334,0.051,-0.472,0,0,0,0,0,0,0,111,59,1.326,1,2155,0,189.598,38.277,58.750,-88.250,-157.188,2.234,0.051,3.898,2.309,-38.207,11.762,1.122,0.554,1.451,1.254,0,NULL,NULL,,3,1,2,7,255,1007,250,0,0
stim,95591,125712,1,125712,3323034.453,-0.813,0.328,0.050,-0.479,0,0,0,0,0,0,0,106,59,1.326,1,2155,0,213.271,36.596,-74.250,-126.125,-155.125,1.906,-0.289,3.367,2.309,-36.523,11.762,1.062,0.492,1.451,1.254,0,NULL,NULL,,3,1,2,7,255,1007,250,0,0
stim,95591,125712,1,125712,3323039.455,-0.811,0.318,0.051,-0.488,0,0,0,0,0,3,0,101,59,1.326,1,2155,0,293.173,33.817,-167.750,-148.625,-189.000,1.668,-0.543,2.566,0.773,-33.809,7.691,0.986,0.416,1.451,1.254,0,NULL,NULL,,3,1,2,7,255,1007,250,0,0
stim,95591,125712,1,125712,3323044.454,-0.811,0.306,0.052,-0.497,0,0,0,0,0,139,0,187,59,1.326,1,2155,0,350.037,28.307,-222.688,-180.375,-201.000,1.508,-0.703,2.336,-1.109,-28.285,1.691,0.898,0.332,1.451,1.254,0,NULL,NULL,,3,1,2,7,255,1007,250,0,0
stim,95621,125742,1,125742,3323049.455,-0.811,0.302,0.040,-0.500,233,0,0,395,0,297,0,235,59,1.326,1,2155,0,296.205,28.317,63.813,-288.938,13.438,-0.023,-1.309,4.707,-2.898,-28.168,1.691,0.810,0.250,1.451,1.254,0,NULL,NULL,,3,1,2,7,255,1007,250,0,0
stim,95621,125742,1,125742,3323054.454,-0.818,0.290,0.028,-0.496,859,0,0,920,0,415,0,327,59,1.326,1,2155,0,420.429,28.534,-134.563,-333.688,217.500,-0.047,1.332,7.160,-4.555,-28.168,23.023,0.738,0.190,1.451,1.254,0,NULL,NULL,,3,1,2,7,255,1007,250,0,0
stim,95621,125742,1,125742,3323059.457,-0.831,0.251,0.042,-0.495,1339,0,0,1357,0,777,0,487,59,1.326,1,2155,0,1007.392,28.534,-985.250,-204.938,46.063,-1.266,1.578,2.953,-4.555,-28.168,25.047,0.696,0.162,1.451,1.254,0,NULL,NULL,,3,1,2,7,255,1007,250,0,0
stim,95621,125742,1,125742,3323064.453,-0.840,0.206,0.059,-0.499,1789,0,0,1701,0,1101,0,612,59,1.326,1,2155,0,1113.199,3.923,-1088.000,-200.500,-123.563,-0.730,2.469,-0.902,2.340,3.148,25.047,0.672,0.146,1.451,1.254,0,NULL,NULL,,3,1,2,7,255,1007,250,0,0
stim,95621,125742,1,125742,3323069.455,-0.841,0.178,0.070,-0.506,2104,0,0,1878,0,1363,0,741,59,1.326,1,2156,0,718.152,17.396,-670.313,-147.188,-211.563,-0.434,1.016,-2.277,7.379,15.754,-9.441,0.660,0.132,1.451,1.254,1,998.000,-9.000,,3,1,2,7,255,1007,250,0,0
stim,95621,125742,1,125742,3323074.454,-0.839,0.162,0.071,-0.514,2439,0,0,2185,0,1553,0,867,59,1.326,1,2156,0,404.729,17.396,-296.875,-169.063,-217.000,0.027,-1.320,-1.363,7.379,15.754,-24.676,0.654,0.114,1.451,1.254,1,NULL,NULL,,3,1,2,7,255,1007,250,0,0
stim,95666,125787,1,125787,3323079.455,-0.838,0.155,0.068,-0.519,2687,0,0,2529,0,1644,0,965,59,1.326,1,2156,0,225.278,11.270,-86.000,-171.938,-117.438,0.531,-1.699,0.488,-11.184,-1.395,-24.676,0.654,0.090,1.451,1.254,1,NULL,NULL,,3,1,2,7,255,1007,250,0,0
stim,95666,125787,1,125787,3323084.453,-0.842,0.147,0.062,-0.515,2825,0,0,2715,0,1692,0,1063,59,1.326,1,2156,0,252.645,12.748,-90.313,-204.000,118.563,-0.930,-1.531,0.684,-12.672,-1.395,-9.395,0.660,0.072,1.451,1.254,2,NULL,NULL,,3,1,2,7,255,1007,250,0,0
stim,95666,125787,1,125787,3323089.457,-0.846,0.136,0.057,-0.512,2909,0,0,2839,0,1717,0,1141,59,1.326,1,2156,0,301.851,17.771,-183.688,-215.438,104.688,-1.715,-1.281,1.250,-17.750,-0.859,-3.402,0.666,0.066,1.451,1.254,2,NULL,NULL,,3,1,2,7,255,1007,250,0,0
stim,95666,125787,1,125787,3323094.453,-0.844,0.126,0.055,-0.518,2955,0,0,2909,0,1725,0,1204,59,1.326,1,2156,0,288.853,19.348,-155.438,-183.125,-160.438,-1.754,-2.266,1.246,-19.258,1.863,3.047,0.674,0.066,1.451,1.254,2,NULL,NULL,,3,1,2,7,255,1007,250,0,0
stim,95666,125787,1,125787,3323099.455,-0.841,0.113,0.053,-0.527,2987,0,0,2961,0,1735,0,1239,59,1.326,1,2156,0,359.315,21.588,-199.563,-194.375,-226.938,-0.203,-2.328,0.996,-21.508,1.863,3.047,0.680,0.064,1.451,1.254,2,NULL,NULL,,3,1,2,7,255,1007,250,0,0
stim,95666,125787,1,125787,3323104.454,-0.838,0.102,0.050,-0.533,3014,0,0,2999,0,1766,0,1240,59,1.326,1,2156,0,299.782,23.868,-163.563,-197.125,-155.750,1.242,-2.305,0.777,-21.508,-10.348,-2.289,0.676,0.056,1.451,1.254,2,NULL,NULL,,3,1,2,7,255,1007,250,0,0
stim,95666,125787,1,125787,3323109.455,-0.840,0.094,0.045,-0.532,3035,0,0,3034,0,1823,0,1253,59,1.326,1,2156,0,229.996,26.707,-101.500,-202.438,40.188,1.906,-2.074,0.762,-15.332,-21.867,-6.727,0.670,0.046,1.451,1.254,2,NULL,NULL,,3,1,2,7,255,1007,250,0,0
stim,95666,125787,1,125787,3323114.453,-0.846,0.088,0.038,-0.524,3049,0,0,3051,0,1881,0,1349,59,1.326,1,2156,0,310.513,25.173,-57.563,-197.313,232.750,1.406,-1.969,1.078,-11.172,-22.559,-6.727,0.664,0.038,1.451,1.254,2,NULL,NULL,,3,1,2,7,255,1007,250,0,0
stim,95666,125787,1,125787,3323119.455,-0.854,0.082,0.033,-0.512,3060,0,0,3065,0,1958,0,1463,59,1.326,1,2156,0,383.739,25.108,-77.813,-177.875,331.000,0.332,-1.445,1.086,-11.023,-22.559,-3.102,0.660,0.030,1.451,1.254,2,NULL,NULL,,3,1,2,7,255,1007,250,0,0
stim,95666,125787,1,125787,3323124.454,-0.862,0.076,0.027,-0.501,3069,0,0,3076,16,2054,0,1653,59,1.326,1,2156,0,350.075,15.714,-75.250,-171.313,295.875,-0.727,0.043,0.566,-11.023,-11.199,-3.102,0.658,0.024,1.451,1.254,2,NULL,NULL,,3,1,2,7,255,1007,250,0,0
stim,95704,125825,0,125825,3323129.455,-0.865,0.072,0.021,-0.496,3087,0,0,3069,471,2153,0,1937,59,1.326,1,2156,0,225.141,6.375,-22.250,-162.125,154.625,-0.934,0.660,0.879,-3.289,5.461,-0.840,0.654,0.018,1.451,1.254,2,NULL,NULL,,3,0,2,7,255,1011,250,0,0
stim,95704,125825,0,125825,3323134.453,-0.867,0.068,0.016,-0.493,3093,0,0,3067,724,2203,19,2131,59,1.326,1,2156,0,173.387,5.515,-25.750,-154.313,74.750,-0.320,0.359,1.594,0.770,5.461,0.195,0.654,0.012,1.451,1.254,2,NULL,NULL,,3,0,2,7,255,1011,250,0,0
stim,95704,125825,0,125825,3323139.455,-0.868,0.065,0.013,-0.493,3099,0,0,3076,1047,2253,0,2259,59,1.326,1,2156,0,100.944,3.332,-37.438,-92.813,13.188,-0.230,0.711,2.125,1.113,3.141,6.250,0.652,0.008,1.451,1.254,2,NULL,NULL,,3,0,2,7,255,1011,250,0,0
stim,95704,125825,0,125825,3323144.453,-0.866,0.061,0.013,-0.496,3101,0,0,3012,1263,2281,37,2347,59,1.326,1,2156,0,109.957,5.120,-63.125,-43.750,-78.688,0.398,1.258,1.594,4.426,2.574,6.250,0.652,0.004,1.451,1.254,2,NULL,NULL,,3,0,2,7,255,1011,250,0,0
stim,95704,125825,0,125825,3323149.455,-0.865,0.060,0.012,-0.498,3103,0,0,3077,1354,2312,95,2403,59,1.326,1,2156,0,71.216,12.384,-17.625,-41.250,-55.313,1.242,0.898,1.574,12.328,1.176,6.160,0.000,0.000,1.451,1.254,2,NULL,NULL,,3,0,2,7,255,1011,250,0,0
stim,95704,125825,0,125825,3323154.454,-0.867,0.056,0.012,-0.496,3103,0,0,3067,1469,2334,157,2445,59,1.326,1,2156,0,106.381,14.097,-80.563,-42.688,54.813,0.500,-0.172,1.891,12.328,-6.836,6.160,0.000,0.000,1.451,1.254,2,NULL,NULL,,3,0,2,7,255,1011,250,0,0
stim,95726,125847,0,125847,3323159.455,-0.868,0.049,0.014,-0.493,3107,0,0,3064,1557,2346,207,2478,59,1.326,1,2156,0,170.287,6.885,-157.563,-26.563,58.875,-0.422,0.027,1.117,0.820,-6.836,5.105,0.000,0.000,1.451,1.254,2,NULL,NULL,,3,0,2,7,255,1011,250,0,0
stim,95726,125847,0,125847,3323164.453,-0.868,0.045,0.016,-0.494,3109,0,0,3064,1605,2351,237,2500,59,1.326,1,2156,0,108.672,2.701,-103.563,-15.125,-29.250,-0.418,0.211,0.551,-0.367,2.676,1.398,0.000,0.000,1.451,1.254,2,NULL,NULL,,3,0,2,7,255,1011,250,0,0
stim,95726,125847,0,125847,3323169.455,-0.866,0.043,0.015,-0.498,3111,0,0,3064,1641,2361,267,2519,59,1.326,1,2156,0,90.468,2.701,-25.438,-17.063,-85.125,0.047,0.020,0.898,-0.367,2.676,-1.051,0.000,0.000,1.451,1.254,2,NULL,NULL,,3,0,2,7,255,1011,250,0,0
stim,95726,125847,0,125847,3323174.454,-0.865,0.043,0.015,-0.500,3112,0,0,3045,1681,2373,295,2538,59,1.326,1,2156,0,66.945,1.090,-16.875,-10.813,-63.875,0.285,0.047,1.277,0.375,-1.023,-1.051,0.000,0.000,1.451,1.254,2,NULL,NULL,,3,0,2,7,255,1011,250,0,0
stim,95774,125895,0,125895,3323179.455,-0.864,0.041,0.016,-0.501,3113,0,0,3064,1749,2379,309,2536,59,1.326,1,2156,0,57.173,2.095,-50.188,-4.188,-27.063,0.055,0.207,1.289,1.828,-1.023,2.500,0.000,0.000,1.451,1.254,2,NULL,NULL,,3,0,2,7,255,1011,250,0,0
stim,95774,125895,0,125895,3323184.453,-0.864,0.038,0.018,-0.502,3115,0,0,3063,1785,2389,311,2547,59,1.326,1,2156,0,75.631,1.880,-69.375,6.375,-29.438,-0.172,0.211,1.141,1.828,-0.438,2.500,0.000,0.000,1.451,1.254,2,NULL,NULL,,3,0,2,7,255,1011,250,0,0
stim,95774,125895,0,125895,3323189.457,-0.863,0.036,0.020,-0.504,3115,0,0,3063,1822,2393,317,2555,59,1.326,1,2156,0,85.970,1.957,-64.688,6.500,-56.250,-0.199,0.191,0.988,1.090,1.625,1.488,0.000,0.000,1.451,1.254,2,NULL,NULL,,3,0,2,7,255,1011,250,0,0
stim,95774,125895,0,125895,3323194.453,-0.861,0.034,0.021,-0.507,3115,13,3,3065,1838,2395,339,2571,59,1.326,1,2156,0,85.840,1.866,-48.063,4.188,-71.000,-0.078,0.129,1.004,0.918,1.625,0.055,0.000,0.000,1.451,1.254,2,NULL,NULL,,3,0,2,7,255,1011,250,0,0
stim,95774,125895,0,125895,3323199.455,-0.860,0.033,0.022,-0.509,3115,21,7,3067,1855,2396,342,2577,59,1.326,1,2156,0,73.610,1.083,-37.625,4.250,-63.125,0.063,0.070,1.152,0.918,0.574,0.055,0.000,0.000,1.451,1.254,2,NULL,NULL,,3,0,2,7,255,1011,250,0,0
stim,95774,125895,0,125895,3323204.454,-0.859,0.032,0.023,-0.511,3116,29,108,3067,1884,2397,343,2579,59,1.326,1,2156,0,61.476,1.395,-41.000,5.813,-45.438,0.090,0.180,1.223,1.164,-0.770,1.410,0.000,0.000,1.451,1.254,2,NULL,NULL,,3,0,2,7,255,1011,250,0,0
stim,95775,125896,0,125896,3323209.455,-0.858,0.030,0.024,-0.512,3114,31,174,3069,1909,2401,342,2580,59,1.326,1,2156,0,60.358,2.378,-50.938,7.500,-31.500,0.059,0.188,1.199,2.250,-0.770,1.852,0.000,0.000,1.451,1.254,2,NULL,NULL,,3,0,2,7,255,1011,250,0,0
stim,95775,125896,0,125896,3323214.453,-0.858,0.028,0.025,-0.513,3115,39,211,3087,1932,2403,340,2588,59,1.326,1,2156,0,65.342,2.289,-60.375,11.250,-22.313,-0.023,0.051,1.105,2.250,-0.422,1.852,0.000,0.000,1.451,1.254,2,NULL,NULL,,3,0,2,7,255,1011,250,0,0
stim,95775,125897,0,125897,3323219.455,-0.857,0.026,0.027,-0.513,3112,46,267,3079,1949,2405,337,2584,59,1.326,1,2156,0,67.666,0.747,-64.438,11.063,-17.438,-0.105,-0.047,0.957,0.699,-0.262,1.004,0.000,0.000,1.451,1.254,2,NULL,NULL,,3,0,2,7,255,1011,250,0,0
stim,95775,125897,0,125897,3323224.454,-0.857,0.024,0.029,-0.514,3111,59,347,3077,1964,2405,345,2585,59,1.326,1,2156,0,55.893,0.542,-53.000,7.938,-15.875,-0.137,-0.086,0.867,-0.535,0.086,-0.367,0.000,0.000,1.451,1.254,2,NULL,NULL,,3,0,2,7,255,1011,250,0,0
stim,95795,125916,0,125916,3323229.456,-0.857,0.022,0.030,-0.514,3108,69,393,3078,1977,2405,357,2587,59,1.326,1,2156,0,39.158,1.011,-34.750,5.313,-17.250,-0.133,-0.121,0.922,-1.008,0.086,-0.695,0.000,0.000,1.451,1.254,2,NULL,NULL,,3,0,2,7,255,1011,250,0,0
stim,95795,125916,0,125916,3323234.454,-0.856,0.022,0.031,-0.515,3102,87,427,3047,1994,2413,363,2589,59,1.326,1,2156,0,31.636,1.008,-27.000,3.438,-16.125,-0.102,-0.063,0.992,-1.008,0.020,-0.695,0.000,0.000,1.451,1.254,2,NULL,NULL,,3,0,2,7,255,1011,250,0,0
stim,95795,125916,0,125916,3323239.455,-0.856,0.021,0.032,-0.515,3100,99,473,3068,2017,2407,361,2598,59,1.326,1,2156,0,30.040,0.543,-26.125,3.875,-14.313,-0.109,-0.012,1.043,-0.543,0.020,-0.008,0.000,0.000,1.451,1.254,2,NULL,NULL,,3,0,2,7,255,1011,250,0,0
stim,95795,125916,0,125916,3323244.454,-0.856,0.020,0.032,-0.516,3093,99,535,3077,2019,2408,363,2597,59,1.326,1,2156,0,31.040,0.293,-28.625,3.438,-11.500,-0.133,0.043,1.098,-0.066,0.285,0.457,0.000,0.000,1.451,1.254,2,NULL,NULL,,3,0,2,7,255,1011,250,0,0
stim,95819,125940,0,125940,3323249.455,-0.856,0.019,0.033,-0.516,3089,101,586,3059,2027,2409,391,2597,59,1.326,1,2156,0,35.528,0.694,-34.125,1.625,-9.750,-0.184,0.035,1.063,0.059,0.691,0.691,0.000,0.000,1.451,1.254,2,NULL,NULL,,3,0,2,7,255,1011,250,0,0
stim,95819,125940,0,125940,3323254.454,-0.855,0.017,0.034,-0.517,3083,106,659,3061,2055,2407,391,2601,59,1.326,1,2156,0,37.609,1.138,-34.250,2.625,-15.313,-0.203,-0.008,1.020,0.059,1.137,0.691,0.000,0.000,1.451,1.254,2,NULL,NULL,,3,0,2,7,255,1011,250,0,0
stim,95819,125940,0,125940,3323259.455,-0.855,0.016,0.035,-0.517,3068,105,685,3061,2058,2403,415,2606,59,1.280,1,2156,1,36.538,1.170,-33.875,-0.438,-13.688,-0.164,-0.016,0.996,-0.277,1.137,0.301,0.000,0.000,1.600,1.325,2,NULL,NULL,,3,0,2,7,255,1011,250,0,0
stim,95819,125940,0,125940,3323264.454,-0.855,0.015,0.036,-0.518,3055,111,718,2980,2068,2393,429,2610,59,1.280,1,2156,1,33.825,0.872,-30.313,-0.563,-15.000,-0.156,-0.086,0.973,-0.395,0.777,0.059,0.002,0.002,1.600,1.325,2,NULL,NULL,,3,0,2,7,255,1011,250,0,0
stim,95819,125940,0,125940,3323269.455,-0.855,0.014,0.036,-0.518,3047,117,755,3035,2087,2389,477,2619,59,1.280,1,2156,1,29.649,0.931,-27.875,-3.438,-9.500,-0.109,-0.117,0.949,-0.832,0.418,-0.176,0.004,0.002,1.600,1.325,2,NULL,NULL,,3,0,2,7,255,1011,250,0,0
stim,95819,125940,0,125940,3323274.454,-0.854,0.013,0.037,-0.518,3048,112,803,3015,2101,2391,507,2618,59,1.280,1,2156,1,27.907,0.994,-27.250,-4.000,-4.500,-0.199,-0.180,0.910,-0.902,0.418,-0.398,0.008,0.004,1.600,1.325,2,NULL,NULL,,3,0,2,7,255,1011,250,0,0
stim,95871,125992,0,125992,3323279.455,-0.854,0.012,0.038,-0.518,3021,111,843,2989,2127,2383,557,2629,59,1.280,1,2156,1,24.763,1.861,-22.188,-7.125,-8.375,-0.250,-0.145,0.852,-1.813,0.422,-0.684,0.012,0.004,1.600,1.325,2,NULL,NULL,,3,0,2,7,255,1011,250,0,0
stim,95871,125992,0,125992,3323284.454,-0.854,0.011,0.038,-0.519,3015,99,891,2994,2136,2391,575,2645,59,1.280,1,2156,1,22.415,2.099,-11.500,-10.000,-16.438,-0.262,-0.188,0.844,-1.852,0.988,-1.223,0.018,0.006,1.600,1.325,2,NULL,NULL,,3,0,2,7,255,1011,250,0,0
stim,95871,125992,0,125992,3323289.458,-0.853,0.010,0.037,-0.520,3001,97,919,2961,2157,2383,605,2639,59,1.280,1,2156,1,24.034,2.064,-3.563,-11.813,-20.625,-0.199,-0.133,0.906,-1.813,0.988,-1.223,0.024,0.010,1.600,1.325,2,NULL,NULL,,3,0,2,7,255,1011,250,0,0
stim,95871,125992,0,125992,3323294.454,-0.853,0.010,0.037,-0.521,2985,99,940,2935,2172,2381,634,2645,59,1.280,1,2156,1,26.052,1.574,-0.813,-13.000,-22.563,-0.141,-0.125,0.977,-1.422,0.676,-0.750,0.032,0.016,1.600,1.325,2,NULL,NULL,,3,0,2,7,255,1011,250,0,0
stim,95871,125992,0,125992,3323299.455,-0.853,0.010,0.037,-0.521,2955,95,981,2920,2203,2383,683,2653,59,1.280,1,2156,1,23.620,1.046,-1.938,-13.188,-19.500,-0.063,-0.055,0.984,-1.023,0.215,-0.148,0.040,0.022,1.600,1.325,2,NULL,NULL,,3,0,2,7,255,1011,250,0,0
stim,95871,125992,0,125992,3323304.454,-0.852,0.009,0.036,-0.522,2933,89,1047,2891,2217,2385,745,2670,59,1.280,1,2156,1,18.343,0.075,0.250,-14.438,-11.313,-0.055,-0.012,1.031,-0.055,-0.051,-0.129,0.050,0.028,1.600,1.325,2,NULL,NULL,,3,0,2,7,255,1011,250,0,0
stim,95871,125992,0,125992,3323309.455,-0.852,0.009,0.036,-0.522,2921,89,1129,2863,2235,2379,810,2671,59,1.280,1,2156,1,17.863,0.398,-1.313,-13.813,-11.250,-0.176,0.059,1.023,0.395,-0.051,0.281,0.058,0.034,1.600,1.325,2,NULL,NULL,,3,0,2,7,255,1011,250,0,0
stim,95871,125992,0,125992,3323314.454,-0.852,0.009,0.035,-0.523,2890,97,1182,2845,2267,2388,875,2692,59,1.280,1,2156,1,22.939,0.936,-0.250,-16.125,-16.313,-0.102,0.090,1.047,0.430,0.832,0.309,0.066,0.038,1.600,1.325,2,NULL,NULL,,3,0,2,7,255,1011,250,0,0
stim,95871,125992,0,125992,3323319.455,-0.852,0.009,0.034,-0.523,2869,99,1239,2827,2297,2379,960,2703,59,1.280,1,2156,1,17.819,1.453,-3.500,-15.500,-8.063,-0.102,0.129,1.129,1.047,1.008,0.438,0.070,0.040,1.600,1.325,2,NULL,NULL,,3,0,2,7,255,1011,250,0,0
stim,95871,125992,0,125992,3323324.454,-0.852,0.008,0.034,-0.523,2847,104,1322,2791,2343,2388,1063,2708,59,1.280,1,2156,1,21.489,1.762,-12.063,-16.125,-7.500,-0.090,0.191,1.105,1.445,1.008,0.957,0.072,0.038,1.600,1.325,2,NULL,NULL,,3,0,2,7,255,1011,250,0,0
stim,95892,126013,0,126013,3323329.455,-0.852,0.007,0.034,-0.523,2813,106,1423,2774,2375,2395,1167,2717,59,1.280,1,2156,1,23.136,2.117,-17.813,-14.563,-2.438,-0.090,0.168,1.090,1.801,1.113,0.957,0.070,0.034,1.600,1.325,2,NULL,NULL,,3,0,2,7,255,1011,250,0,0
stim,95892,126013,0,126013,3323334.454,-0.851,0.006,0.034,-0.524,2781,137,1511,2759,2412,2395,1290,2728,59,1.280,1,2156,1,29.349,2.159,-23.688,-14.063,-10.125,-0.234,0.121,1.016,1.801,1.191,0.809,0.068,0.030,1.600,1.325,2,NULL,NULL,,3,0,2,7,255,1011,250,0,0
stim,95892,126013,0,126013,3323339.455,-0.851,0.005,0.034,-0.524,2749,163,1586,2724,2461,2407,1408,2749,59,1.280,1,2156,1,34.248,1.363,-24.438,-13.625,-19.750,-0.176,-0.004,0.961,0.734,1.148,0.195,0.066,0.026,1.600,1.325,2,NULL,NULL,,3,0,2,7,255,1011,250,0,0
stim,95892,126013,0,126013,3323344.454,-0.851,0.004,0.034,-0.525,2716,169,1676,2711,2507,2409,1509,2761,59,1.280,1,2156,1,31.031,1.157,-20.938,-14.000,-18.125,-0.117,-0.086,0.926,-0.137,1.148,-0.324,0.066,0.024,1.600,1.325,2,NULL,NULL,,3,0,2,7,255,1011,250,0,0
stim,95918,126039,0,126039,3323349.455,-0.850,0.003,0.034,-0.525,2669,181,1771,2695,2537,2415,1619,2785,59,1.280,1,2156,1,27.002,0.826,-17.250,-14.438,-14.938,-0.164,-0.125,0.922,-0.605,0.563,-0.633,0.068,0.024,1.600,1.325,2,NULL,NULL,,3,0,2,7,255,1011,250,0,0
stim,95918,126039,0,126039,3323354.454,-0.850,0.002,0.034,-0.526,2623,199,1879,2589,2579,2419,1741,2790,59,1.280,1,2156,1,29.725,1.279,-15.375,-15.563,-20.125,-0.195,-0.188,0.922,-1.148,0.563,-0.633,0.072,0.026,1.600,1.325,2,NULL,NULL,,3,0,2,7,255,1011,250,0,0
stim,95918,126039,0,126039,3323359.455,-0.849,0.001,0.034,-0.527,2583,216,1966,2615,2607,2424,1827,2807,59,1.280,1,2156,1,32.035,1.868,-9.875,-18.375,-24.313,-0.168,-0.195,0.887,-1.781,0.563,-0.633,0.078,0.030,1.600,1.325,2,NULL,NULL,,3,0,2,7,255,1011,250,0,0
stim,95918,126039,0,126039,3323364.454,-0.849,0.000,0.033,-0.528,2509,225,2085,2583,2647,2429,1908,2815,59,1.280,1,2156,1,30.604,1.815,-0.438,-19.063,-23.938,-0.141,-0.168,0.938,-1.781,0.348,-0.566,0.086,0.034,1.600,1.325,2,NULL,NULL,,3,0,2,7,255,1011,250,0,0
stim,95936,126057,0,126057,3323369.455,-0.848,0.000,0.032,-0.528,2427,219,2165,2511,2677,2441,1983,2837,59,1.280,1,2156,1,30.250,1.426,2.500,-21.750,-20.875,-0.168,-0.094,1.000,-1.383,0.348,-0.457,0.094,0.038,1.600,1.325,2,NULL,NULL,,3,0,2,7,255,1011,250,0,0
stim,95936,126057,0,126057,3323374.454,-0.848,-0.000,0.031,-0.530,2349,221,2250,2463,2697,2440,2044,2855,59,1.280,1,2156,1,35.735,1.144,2.250,-21.688,-28.313,-0.246,0.012,1.016,-0.820,0.797,0.105,0.102,0.044,1.600,1.325,2,NULL,NULL,,3,0,2,7,255,1011,250,0,0
stim,95970,126091,0,126091,3323379.455,-0.847,-0.001,0.031,-0.531,2261,221,2317,2395,2729,2439,2120,2857,59,1.280,1,2156,1,50.866,1.458,0.500,-21.438,-46.125,-0.203,-0.051,1.012,-0.594,1.332,0.219,0.110,0.048,1.600,1.325,2,NULL,NULL,,3,0,2,7,255,1011,250,0,0
stim,95970,126091,0,126091,3323384.454,-0.846,-0.001,0.030,-0.533,2131,223,2356,2281,2741,2449,2202,2873,59,1.280,1,2156,1,54.271,1.458,-2.250,-24.125,-48.563,-0.070,-0.145,0.977,-0.594,1.332,0.219,0.118,0.052,1.600,1.325,2,NULL,NULL,,3,0,2,7,255,1011,250,0,0
stim,95970,126091,0,126091,3323389.455,-0.845,-0.002,0.029,-0.534,2007,229,2409,2253,2778,2453,2273,2871,59,1.280,1,2156,1,44.042,0.919,0.438,-26.063,-35.500,-0.055,-0.184,0.957,-0.891,-0.227,-0.133,0.122,0.054,1.600,1.325,2,NULL,NULL,,3,0,2,7,255,1011,250,0,0
stim,95970,126091,0,126091,3323394.454,-0.844,-0.003,0.028,-0.535,1865,229,2473,2139,2795,2443,2328,2893,59,1.280,1,2156,1,39.601,1.209,3.563,-28.750,-27.000,-0.121,-0.180,0.953,-1.188,-0.227,-0.316,0.126,0.056,1.600,1.325,2,NULL,NULL,,3,0,2,7,255,1011,250,0,0
stim,95970,126091,0,126091,3323399.455,-0.844,-0.003,0.027,-0.536,1718,223,2518,2027,2816,2455,2381,2892,59,1.280,1,2156,1,45.205,1.196,12.313,-30.125,-31.375,-0.199,-0.090,0.934,-1.188,0.141,-0.336,0.130,0.058,1.600,1.325,2,NULL,NULL,,3,0,2,7,255,1011,250,0,0
stim,95970,126091,0,126091,3323404.454,-0.843,-0.003,0.025,-0.538,1516,213,2552,1884,2846,2443,2441,2913,59,1.280,1,2156,1,57.375,1.104,23.313,-31.625,-41.813,-0.117,-0.102,0.984,-0.996,0.477,-0.336,0.132,0.058,1.600,1.325,2,NULL,NULL,,3,0,2,7,255,1011,250,0,0
stim,95970,126091,0,126091,3323409.455,-0.842,-0.003,0.023,-0.539,1333,169,2591,1705,2857,2449,2476,2918,59,1.280,1,2156,1,56.704,0.973,25.250,-34.500,-37.250,-0.113,-0.066,1.004,-0.777,0.586,-0.094,0.134,0.058,1.600,1.325,2,NULL,NULL,,3,0,2,7,255,1011,250,0,0
stim,95970,126091,0,126091,3323414.454,-0.841,-0.003,0.021,-0.541,1166,138,2621,1501,2874,2439,2519,2934,59,1.280,1,2156,1,59.492,0.727,27.500,-36.000,-38.563,-0.105,-0.078,1.027,-0.523,0.504,0.070,0.136,0.058,1.600,1.325,2,NULL,NULL,,3,0,2,7,255,1011,250,0,0
stim,95970,126091,0,126091,3323419.455,-0.840,-0.003,0.019,-0.542,957,103,2659,1319,2889,2427,2569,2925,59,1.280,1,2156,1,58.609,0.760,25.500,-37.688,-36.938,-0.121,-0.105,1.047,-0.523,0.551,0.297,0.140,0.060,1.600,1.325,2,NULL,NULL,,3,0,2,7,255,1011,250,0,0
stim,95970,126091,0,126091,3323424.454,-0.839,-0.003,0.018,-0.543,725,67,2680,1093,2911,2419,2604,2933,59,1.280,1,2156,1,62.301,1.008,18.500,-41.500,-42.625,-0.180,-0.117,1.059,-0.844,0.551,0.512,0.142,0.060,1.600,1.325,2,NULL,NULL,,3,0,2,7,255,1011,250,0,0
stim,96005,126126,0,126126,3323429.455,-0.838,-0.004,0.016,-0.545,529,29,2705,873,2923,2393,2636,2941,59,1.280,1,2156,1,70.227,1.453,7.875,-44.125,-54.063,-0.156,-0.133,1.086,-1.199,0.820,0.652,0.144,0.062,1.600,1.325,2,NULL,NULL,,3,0,2,7,255,1011,250,0,0
stim,96005,126126,0,126126,3323434.454,-0.837,-0.005,0.014,-0.547,347,0,2715,695,2940,2379,2661,2956,59,1.280,1,2156,1,67.765,1.453,14.875,-45.063,-48.375,-0.066,-0.102,0.980,-1.199,0.820,0.652,0.146,0.062,1.600,1.325,2,NULL,NULL,,3,0,2,7,255,1011,250,0,0
stim,96005,126126,0,126126,3323439.455,-0.836,-0.005,0.012,-0.548,215,0,2739,566,2953,2349,2697,2954,59,1.280,1,2156,1,67.433,1.051,30.875,-47.938,-36.000,-0.066,-0.129,0.938,-1.035,0.180,-0.168,0.150,0.064,1.600,1.325,2,NULL,NULL,,3,0,2,7,255,1011,250,0,0
stim,96005,126126,0,126126,3323444.454,-0.835,-0.004,0.009,-0.550,125,0,2743,381,2967,2331,2727,2965,59,1.280,1,2156,0,75.729,1.051,44.688,-50.813,-34.000,-0.199,-0.277,0.961,-1.035,0.180,-0.242,0.154,0.066,1.600,1.325,2,NULL,NULL,,3,0,2,7,255,1011,250,0,0
stim,96005,126126,0,126126,3323449.455,-0.834,-0.004,0.005,-0.551,45,0,2757,269,2975,2301,2745,2972,59,1.280,1,2156,0,87.735,2.998,48.063,-56.688,-46.625,-0.238,-0.285,1.086,-2.906,0.734,-0.242,0.158,0.066,1.600,1.325,2,NULL,NULL,,3,0,2,7,255,1011,250,0,0
stim,96005,126126,0,126126,3323454.454,-0.833,-0.004,0.002,-0.554,23,0,2747,199,2976,2265,2762,2970,59,1.280,1,2156,0,106.659,3.118,44.500,-61.938,-74.563,-0.211,-0.172,1.141,-2.906,1.129,0.945,0.160,0.068,1.600,1.325,2,NULL,NULL,,3,0,2,7,255,1011,250,0,0
stim,96026,126147,0,126147,3323459.455,-0.831,-0.003,-0.003,-0.556,0,0,2750,132,2985,2214,2785,2983,59,1.280,1,2156,0,123.637,2.445,80.375,-72.188,-60.125,-0.152,0.137,1.207,-2.027,1.367,1.434,0.164,0.068,1.600,1.325,2,NULL,NULL,,3,0,2,7,255,1011,250,0,0
stim,96026,126147,0,126147,3323464.454,-0.830,-0.001,-0.007,-0.558,0,0,2764,114,3001,2168,2801,2988,59,1.280,1,2156,0,124.833,2.222,81.688,-77.813,-53.438,-0.125,0.211,1.363,0.891,2.035,1.945,0.168,0.072,1.600,1.325,2,NULL,NULL,,3,0,2,7,255,1011,250,0,0
stim,96026,126147,0,126147,3323469.455,-0.829,-0.001,-0.012,-0.559,0,0,2759,107,3015,2125,2809,2981,59,1.280,1,2156,0,121.845,2.319,73.250,-84.750,-47.938,-0.188,0.125,1.531,0.891,2.141,3.469,0.172,0.074,1.600,1.325,3,NULL,NULL,,3,0,2,7,255,1011,250,0,0
stim,96026,126147,0,126147,3323474.454,-0.828,0.001,-0.018,-0.560,0,0,2745,79,3013,2067,2829,2988,59,1.280,1,2156,0,135.395,2.534,92.750,-97.500,-14.938,-0.250,0.156,1.852,0.520,2.480,5.133,0.178,0.076,1.600,1.325,3,NULL,NULL,,3,0,2,7,255,1011,250,0,0
stim,96071,126192,0,126192,3323479.455,-0.829,-0.001,-0.023,-0.559,0,0,2761,45,3021,2007,2842,2996,59,1.280,1,2156,0,110.031,3.353,32.375,-105.000,5.813,-0.199,0.297,1.871,0.520,3.313,8.266,0.180,0.076,1.600,1.325,3,NULL,NULL,,3,0,2,7,255,1011,250,0,0
stim,96071,126192,0,126192,3323484.454,-0.828,-0.004,-0.025,-0.560,0,0,2765,20,3031,1911,2851,2983,59,1.280,1,2156,0,104.723,3.457,-34.438,-98.313,-10.750,-0.191,0.207,1.500,0.988,3.313,8.266,0.182,0.078,1.600,1.325,3,NULL,NULL,,3,0,2,7,255,1011,250,0,0
stim,96071,126192,0,126192,3323489.455,-0.828,-0.008,-0.028,-0.560,0,0,2761,5,3032,1819,2857,2991,59,1.280,1,2156,0,112.675,3.259,-34.438,-107.250,-2.688,-0.164,0.180,1.289,0.988,3.105,4.785,0.186,0.082,1.600,1.325,3,NULL,NULL,,3,0,2,7,255,1011,250,0,0
stim,96071,126192,0,126192,3323494.454,-0.828,-0.010,-0.032,-0.559,0,0,2761,0,3049,1693,2889,2989,59,1.280,1,2156,0,117.017,3.219,-8.500,-116.375,8.813,-0.227,0.129,1.285,0.848,3.105,2.691,0.190,0.088,1.600,1.325,3,NULL,NULL,,3,0,2,7,255,1011,250,0,0
stim,96071,126192,0,126192,3323499.455,-0.828,-0.013,-0.037,-0.559,0,0,2749,0,3046,1545,2889,2975,59,1.280,1,2156,0,123.520,3.263,5.438,-123.375,2.500,-0.285,0.082,1.348,0.102,3.262,2.691,0.198,0.094,1.600,1.325,3,NULL,NULL,,3,0,2,7,255,1011,250,0,0
stim,96071,126192,0,126192,3323504.454,-0.828,-0.016,-0.041,-0.559,0,0,2743,0,3045,1369,2915,2975,59,1.280,1,2156,0,128.973,3.826,3.938,-128.438,-11.063,-0.262,0.086,1.445,-0.555,3.785,3.152,0.204,0.098,1.600,1.325,3,NULL,NULL,,3,0,2,7,255,1011,250,0,0
stim,96071,126192,0,126192,3323509.455,-0.827,-0.020,-0.046,-0.559,0,0,2728,0,3048,1143,2925,2966,59,1.280,1,2156,0,134.133,3.826,-8.813,-133.000,-15.000,-0.199,0.109,1.457,-0.555,3.785,4.059,0.212,0.104,1.600,1.325,3,NULL,NULL,,3,0,2,7,255,1011,250,0,0
stim,96071,126192,0,126192,3323514.454,-0.827,-0.023,-0.050,-0.560,0,0,2706,0,3044,927,2928,2967,59,1.280,1,2156,0,140.998,3.540,-22.063,-138.688,-12.625,-0.172,0.051,1.422,-0.555,3.496,4.059,0.220,0.112,1.600,1.325,3,NULL,NULL,,3,0,2,7,255,1011,250,0,0
stim,96071,126192,0,126192,3323519.455,-0.827,-0.028,-0.054,-0.559,0,0,2695,0,3051,731,2944,2941,59,1.280,1,2156,0,147.829,3.213,-33.125,-144.063,-1.500,-0.180,-0.043,1.340,-0.621,3.152,3.871,0.228,0.120,1.600,1.325,3,NULL,NULL,,3,0,2,7,255,1011,250,0,0
stim,96071,126192,0,126192,3323524.454,-0.826,-0.033,-0.059,-0.559,0,0,2671,0,3059,544,2966,2921,59,1.280,1,2156,0,155.736,3.486,-35.188,-151.688,2.563,-0.246,-0.133,1.262,-1.488,3.152,3.004,0.240,0.130,1.600,1.325,3,NULL,NULL,,3,0,2,7,255,1011,250,0,0
stim,96093,126214,0,126214,3323529.455,-0.826,-0.038,-0.064,-0.559,0,0,2624,0,3055,371,2968,2888,59,1.280,1,2156,0,161.281,4.189,-32.125,-158.000,-3.938,-0.281,-0.160,1.219,-2.559,3.316,2.133,0.250,0.142,1.600,1.325,3,NULL,NULL,,3,0,2,7,255,1011,250,0,0
stim,96093,126214,0,126214,3323534.454,-0.825,-0.043,-0.069,-0.559,0,0,2595,0,3039,250,2981,2865,59,1.280,1,2156,0,167.544,4.189,-32.500,-164.250,-6.063,-0.148,-0.137,1.293,-2.559,3.316,2.133,0.262,0.154,1.600,1.325,3,NULL,NULL,,3,0,2,7,255,1011,250,0,0
stim,96093,126214,0,126214,3323539.455,-0.825,-0.049,-0.074,-0.558,0,0,2549,0,3037,168,2983,2824,59,1.280,1,2156,0,177.612,4.295,-38.188,-173.438,2.688,-0.195,-0.059,1.277,-2.340,3.602,2.172,0.274,0.166,1.600,1.325,3,NULL,NULL,,3,0,2,7,255,1011,250,0,0
stim,96093,126214,0,126214,3323544.454,-0.825,-0.054,-0.080,-0.557,0,0,2489,0,3033,69,2985,2792,59,1.280,1,2156,0,184.292,4.083,-32.688,-181.313,4.563,-0.203,0.020,1.344,-1.809,3.660,2.504,0.286,0.176,1.600,1.325,3,NULL,NULL,,3,0,2,7,255,1011,250,0,0
stim,96119,126240,0,126240,3323549.455,-0.824,-0.060,-0.086,-0.557,0,0,2437,0,3037,10,2995,2749,59,1.280,1,2156,0,193.217,4.469,-29.813,-190.813,5.875,-0.293,0.082,1.375,-1.199,4.305,2.723,0.298,0.188,1.600,1.325,3,NULL,NULL,,3,0,2,7,255,1011,250,0,0
stim,96119,126240,0,126240,3323554.454,-0.823,-0.065,-0.093,-0.556,0,0,2376,0,3015,0,3004,2687,59,1.280,1,2156,0,203.968,5.711,-10.813,-203.313,-12.250,-0.406,0.141,1.457,-1.008,5.621,2.738,0.310,0.198,1.600,1.325,3,NULL,NULL,,3,0,2,7,255,1011,250,0,0
stim,96119,126240,0,126240,3323559.455,-0.822,-0.071,-0.101,-0.556,0,0,2301,0,3004,0,2999,2635,59,1.280,1,2156,0,214.816,7.209,2.063,-213.375,-24.750,-0.246,0.223,1.809,-0.992,7.141,3.152,0.322,0.210,1.600,1.325,3,NULL,NULL,,3,0,2,7,255,1011,250,0,0
stim,96119,126240,0,126240,3323564.454,-0.821,-0.076,-0.109,-0.556,0,0,2199,0,2995,0,2987,2541,59,1.280,1,2156,0,226.236,7.192,2.125,-226.125,-6.750,-0.121,0.270,2.078,0.063,7.191,6.727,0.336,0.224,1.600,1.325,3,NULL,NULL,,3,0,2,7,255,1011,250,0,0
stim,96119,126240,0,126240,3323569.455,-0.820,-0.083,-0.117,-0.554,0,0,2083,0,2975,0,2982,2445,59,1.280,1,2156,0,249.643,7.219,-22.938,-247.688,21.125,-0.355,0.547,2.301,0.629,7.191,9.453,0.348,0.236,1.600,1.325,3,NULL,NULL,,3,0,2,7,255,1011,250,0,0
stim,96119,126240,0,126240,3323574.454,-0.820,-0.091,-0.125,-0.552,0,0,1959,0,2961,0,2985,2323,59,1.280,1,2156,0,270.710,11.399,-43.000,-265.313,32.313,-0.449,0.656,2.355,2.043,11.215,10.551,0.360,0.250,1.600,1.325,3,NULL,NULL,,3,0,2,7,255,1011,250,0,0
stim,96170,126291,0,126291,3323579.455,-0.819,-0.100,-0.134,-0.549,0,0,1849,0,2920,9,2973,2164,59,1.280,1,2156,0,295.349,13.206,-56.625,-288.188,31.188,-0.660,0.680,2.566,2.043,13.047,10.617,0.374,0.264,1.600,1.325,3,NULL,NULL,,3,0,2,7,255,1011,250,0,0
stim,96170,126291,0,126291,3323584.453,-0.817,-0.110,-0.143,-0.547,0,0,1763,0,2877,30,2952,2009,59,1.280,1,2156,0,322.259,16.321,-74.063,-312.625,25.125,-0.688,0.801,2.777,2.469,16.133,11.473,0.388,0.280,1.600,1.325,3,NULL,NULL,,3,0,2,7,255,1011,250,0,0
stim,96170,126291,0,126291,3323589.455,-0.815,-0.123,-0.152,-0.545,0,0,1675,0,2833,57,2936,1813,59,1.280,1,2156,0,355.443,18.281,-124.000,-332.500,20.188,-0.641,1.180,2.895,2.469,18.113,12.789,0.406,0.298,1.600,1.325,3,NULL,NULL,,3,0,2,7,255,1011,250,0,0
stim,96170,126291,0,126291,3323594.454,-0.812,-0.138,-0.160,-0.544,0,0,1594,0,2781,69,2891,1638,59,1.280,1,2156,0,392.494,21.060,-184.563,-346.125,13.625,-0.520,1.457,2.754,5.984,20.191,12.789,0.426,0.314,1.600,1.325,3,NULL,NULL,,3,0,2,7,255,1011,250,0,0
stim,96170,126291,0,126291,3323599.455,-0.809,-0.154,-0.168,-0.542,0,0,1517,0,2727,71,2842,1471,59,1.280,1,2156,0,418.593,21.749,-203.313,-365.563,15.750,-0.523,1.305,2.590,8.082,20.191,11.520,0.446,0.334,1.600,1.325,3,NULL,NULL,,3,0,2,7,255,1011,250,0,0
stim,96170,126291,0,126291,3323604.454,-0.806,-0.171,-0.176,-0.539,0,0,1423,0,2646,67,2775,1303,59,1.280,1,2156,0,443.584,21.905,-207.938,-390.188,35.813,-0.738,1.035,2.594,8.082,20.359,9.418,0.468,0.352,1.600,1.325,3,NULL,NULL,,3,0,2,7,255,1011,250,0,0
stim,96170,126291,0,126291,3323609.455,-0.802,-0.188,-0.185,-0.536,0,0,1305,0,2548,60,2699,1149,59,1.280,1,2156,0,463.913,21.969,-220.125,-407.563,25.563,-0.906,0.875,2.652,4.973,21.398,7.965,0.496,0.376,1.600,1.325,3,NULL,NULL,,3,0,2,7,255,1011,250,0,0
stim,96170,126291,0,126291,3323614.454,-0.797,-0.206,-0.195,-0.534,0,0,1165,0,2403,24,2600,1002,59,1.280,1,2156,0,474.674,23.339,-217.625,-421.625,-13.688,-0.898,0.746,2.785,3.035,23.141,7.281,0.530,0.406,1.600,1.325,3,NULL,NULL,,3,0,2,7,255,1011,250,0,0
stim,96170,126291,0,126291,3323619.455,-0.790,-0.223,-0.205,-0.533,0,0,952,0,2219,0,2473,871,59,1.280,1,2156,0,486.577,24.094,-215.875,-434.750,-33.875,-0.758,0.691,2.949,2.035,24.008,7.281,0.572,0.444,1.600,1.325,3,NULL,NULL,,3,0,2,7,255,1011,250,0,0
stim,96170,126291,0,126291,3323624.454,-0.784,-0.241,-0.215,-0.530,0,0,686,0,2019,0,2324,755,59,1.280,1,2156,0,501.603,24.532,-222.500,-449.000,-22.313,-0.754,0.594,3.133,1.969,24.453,8.434,0.622,0.488,1.600,1.325,3,NULL,NULL,,3,0,2,7,255,1011,250,0,0
stim,96191,126312,0,126312,3323629.455,-0.777,-0.261,-0.225,-0.527,0,0,459,0,1734,0,2125,606,59,1.280,1,2156,0,534.796,25.993,-257.563,-468.438,15.313,-0.938,0.438,3.156,1.211,25.965,8.434,0.680,0.540,1.600,1.325,3,NULL,NULL,,3,0,2,7,255,1011,250,0,0
stim,96191,126312,0,126312,3323634.454,-0.770,-0.282,-0.234,-0.523,0,0,347,0,1405,0,1819,483,59,1.280,1,2156,0,563.555,26.980,-298.875,-477.250,22.375,-1.051,0.391,2.828,-0.633,26.973,7.066,0.750,0.604,1.600,1.325,3,NULL,NULL,,3,0,2,7,255,1011,250,0,0
stim,96191,126312,0,126312,3323639.455,-0.761,-0.303,-0.244,-0.519,0,0,201,0,1159,0,1407,447,59,1.280,1,2156,0,560.401,26.992,-263.313,-494.688,0.438,-1.008,0.324,2.625,-1.012,26.973,2.742,0.828,0.678,1.600,1.325,3,NULL,NULL,,3,0,2,7,255,1011,250,0,0
stim,96191,126312,0,126312,3323644.454,-0.753,-0.322,-0.255,-0.514,0,0,126,0,878,0,793,409,59,1.280,1,2156,0,556.499,25.715,-234.750,-504.563,0.813,-0.781,0.422,2.668,-1.012,25.695,0.855,0.918,0.762,1.600,1.325,3,NULL,NULL,,3,0,2,7,255,1011,250,0,0
stim,96220,126341,0,126341,3323649.455,-0.744,-0.343,-0.264,-0.509,0,0,147,0,569,0,103,380,59,1.280,1,2156,0,566.213,25.338,-289.813,-486.375,6.750,-0.684,0.797,2.500,0.559,25.332,0.484,1.018,0.856,1.600,1.325,3,NULL,NULL,,3,0,2,7,255,1011,250,0,0
stim,96220,126341,0,126341,3323654.454,-0.734,-0.365,-0.270,-0.505,0,0,125,0,267,0,0,371,59,1.280,1,2156,0,585.777,25.749,-361.563,-460.438,20.125,-0.914,1.273,2.273,4.617,25.332,-1.656,1.122,0.956,1.600,1.325,3,NULL,NULL,,3,0,2,7,255,1011,250,0,0
stim,96220,126341,0,126341,3323659.455,-0.722,-0.389,-0.272,-0.503,0,0,109,0,0,0,0,378,59,1.280,1,2156,0,629.430,26.240,-483.938,-401.000,34.438,-0.961,2.027,1.941,8.582,24.797,-7.238,1.228,1.058,1.600,1.325,3,NULL,NULL,,3,0,2,7,255,1011,250,0,0
stim,96220,126341,0,126341,3323664.453,-0.708,-0.416,-0.268,-0.504,0,0,103,8,0,0,0,343,59,1.280,1,2156,0,697.055,28.825,-615.250,-327.500,9.875,-1.180,2.207,1.492,15.848,24.078,-13.012,1.336,1.162,1.600,1.325,3,NULL,NULL,,3,0,2,7,255,1011,250,0,0
stim,96220,126341,0,126341,3323669.455,-0.694,-0.441,-0.262,-0.505,0,0,98,0,0,0,0,253,59,1.280,1,2156,0,682.215,26.159,-628.250,-265.188,19.875,-1.543,1.969,0.902,15.848,20.813,-18.984,1.448,1.272,1.600,1.325,4,NULL,NULL,,3,0,2,7,255,1011,250,0,0
stim,96220,126341,0,126341,3323674.454,-0.680,-0.465,-0.252,-0.508,0,0,89,0,0,0,0,183,59,1.280,1,2156,0,669.731,21.111,-643.313,-182.688,36.250,-1.484,1.406,0.223,13.500,16.230,-24.973,1.562,1.386,1.600,1.325,0,NULL,NULL,,3,0,2,7,255,1011,250,0,0
stim,96270,126391,0,126391,3323679.455,-0.665,-0.487,-0.238,-0.514,0,0,73,0,0,0,0,143,59,1.280,1,2156,0,701.153,11.749,-698.875,-54.250,15.688,-0.957,0.684,-1.121,7.730,8.848,-24.973,1.678,1.500,1.600,1.325,0,NULL,NULL,,3,0,2,7,255,1011,250,0,0
stim,96270,126391,0,126391,3323684.453,-0.653,-0.499,-0.227,-0.522,0,0,63,0,0,0,0,112,59,1.280,1,2156,0,491.470,5.827,-480.125,53.438,-90.375,-0.383,-0.293,-2.363,0.285,-5.820,-24.652,1.796,1.616,1.600,1.325,0,NULL,NULL,,3,0,2,7,255,1011,250,0,0
stim,96270,126391,0,126391,3323689.455,-0.649,-0.498,-0.225,-0.529,0,0,55,0,0,0,0,101,59,1.280,1,2156,0,194.432,14.662,-95.938,115.063,-123.938,-0.605,-1.230,-1.684,-9.852,-10.859,-20.621,1.914,1.732,1.600,1.325,0,NULL,NULL,,3,0,2,7,255,1011,250,0,0
stim,96270,126391,0,126391,3323694.454,-0.651,-0.490,-0.226,-0.534,0,0,45,0,0,0,0,85,59,1.280,1,2156,0,203.502,14.662,113.750,143.750,-88.375,-1.324,-0.422,0.660,-9.852,-10.859,-16.098,2.032,1.850,1.600,1.325,0,NULL,NULL,,3,0,2,7,255,1011,250,0,0
stim,96270,126391,0,126391,3323699.455,-0.651,-0.485,-0.223,-0.540,0,0,45,0,0,0,0,49,59,1.280,1,2156,0,202.809,13.707,24.625,176.500,-96.813,-1.133,0.387,0.980,-6.438,12.102,-16.098,2.152,1.968,1.600,1.325,0,NULL,NULL,,3,0,2,7,255,1011,250,0,0
stim,96270,126391,0,126391,3323704.454,-0.652,-0.480,-0.217,-0.546,0,0,55,0,0,0,0,25,59,1.280,1,2156,0,216.837,12.331,-30.688,213.750,-19.688,-0.965,1.586,0.801,2.367,12.102,-16.367,2.274,2.086,1.600,1.325,0,NULL,NULL,,3,0,2,7,255,1011,250,0,0
stim,96270,126391,0,126391,3323709.455,-0.654,-0.476,-0.209,-0.550,0,0,53,0,0,0,0,23,59,1.280,1,2156,0,225.767,16.699,-27.750,221.063,36.500,-1.211,2.008,0.641,13.250,10.164,-20.309,2.392,2.202,1.600,1.325,0,NULL,NULL,,3,0,2,7,255,1011,250,0,0
stim,96270,126391,0,126391,3323714.453,-0.657,-0.470,-0.203,-0.553,0,0,45,0,0,0,0,3,59,1.280,1,2156,0,231.504,16.699,26.063,227.188,36.063,-1.395,1.375,0.836,13.250,10.164,-22.266,2.510,2.316,1.600,1.325,0,NULL,NULL,,3,0,2,7,255,1011,250,0,0
stim,96270,126391,0,126391,3323719.455,-0.660,-0.463,-0.197,-0.558,0,0,41,0,0,0,0,0,59,1.280,1,2156,0,239.650,16.638,29.375,237.813,3.813,-1.387,0.602,1.188,10.305,13.063,-22.266,2.626,2.430,1.600,1.325,0,NULL,NULL,,3,0,2,7,255,1011,250,0,0
stim,96270,126391,0,126391,3323724.454,-0.661,-0.457,-0.190,-0.564,0,0,44,0,0,0,0,3,59,1.280,1,2156,0,250.143,17.257,-15.750,248.625,-22.563,-1.316,0.438,1.219,4.543,16.648,-17.180,2.736,2.538,1.600,1.325,0,NULL,NULL,,3,0,2,7,255,1011,250,0,0
stim,96304,126425,0,126425,3323729.455,-0.661,-0.452,-0.182,-0.571,0,0,45,0,0,0,0,0,59,1.280,1,2156,0,269.587,17.257,-56.250,260.563,-40.250,-1.223,0.734,0.945,4.543,16.648,-17.059,2.824,2.622,1.600,1.325,0,NULL,NULL,,3,0,2,7,255,1011,250,0,0
stim,96304,126425,0,126425,3323734.454,-0.660,-0.446,-0.174,-0.579,0,0,43,0,0,0,0,0,59,1.280,1,2156,0,286.595,15.063,-49.438,276.250,-58.125,-1.004,0.883,0.645,5.918,13.852,-17.059,2.874,2.668,1.600,1.325,0,NULL,NULL,,3,0,2,7,255,1011,250,0,0
stim,96304,126425,0,126425,3323739.455,-0.660,-0.439,-0.167,-0.586,0,0,48,0,0,0,0,0,59,1.280,1,2156,0,300.346,12.364,-19.250,294.125,-57.688,-0.836,0.840,0.703,7.141,10.094,-17.059,2.886,2.678,1.600,1.325,0,NULL,NULL,,3,0,2,7,255,1011,250,0,0
stim,96304,126425,0,126425,3323744.454,-0.660,-0.431,-0.158,-0.594,0,0,41,0,0,0,0,3,59,1.280,1,2156,0,323.026,12.598,-20.813,316.875,-59.188,-0.813,0.789,0.957,7.539,10.094,-15.348,2.884,2.674,1.600,1.325,0,NULL,NULL,,3,0,2,7,255,1011,250,0,0
stim,96304,126425,0,126425,3323749.455,-0.660,-0.423,-0.149,-0.603,0,0,39,0,0,0,0,0,59,1.280,1,2156,0,349.084,13.999,-49.563,339.125,-66.313,-0.754,0.727,1.023,8.133,11.395,-13.320,2.890,2.678,1.600,1.325,0,NULL,NULL,,3,0,2,7,255,1011,250,0,0
stim,96304,126425,0,126425,3323754.454,-0.658,-0.415,-0.138,-0.613,0,0,39,0,0,0,0,0,59,1.280,1,2156,0,373.041,13.999,-72.500,358.813,-71.813,-0.664,0.727,0.883,8.133,11.395,-11.996,2.912,2.698,1.600,1.325,0,NULL,NULL,,3,0,2,7,255,1011,250,0,0
stim,96327,126448,0,126448,3323759.458,-0.657,-0.407,-0.127,-0.622,0,0,41,0,0,0,0,0,59,1.280,1,2156,0,386.604,12.690,-70.563,372.813,-74.125,-0.582,0.727,0.766,8.113,9.758,-11.879,2.946,2.728,1.600,1.325,0,NULL,NULL,,3,0,2,7,255,1011,250,0,0
stim,96327,126448,0,126448,3323764.453,-0.655,-0.398,-0.116,-0.632,0,0,42,0,0,0,0,0,59,1.280,1,2156,0,395.125,11.582,-58.875,383.375,-75.375,-0.496,0.699,0.766,8.109,8.270,-11.801,2.982,2.760,1.600,1.325,0,NULL,NULL,,3,0,2,7,255,1011,250,0,0
stim,96327,126448,0,126448,3323769.455,-0.654,-0.388,-0.105,-0.641,0,0,41,0,0,0,0,0,59,1.280,1,2156,0,403.787,11.102,-51.625,393.063,-76.688,-0.414,0.664,0.813,8.109,7.582,-10.867,3.022,2.798,1.600,1.325,0,NULL,NULL,,3,0,2,7,255,1011,250,0,0
stim,96327,126448,0,126448,3323774.454,-0.652,-0.377,-0.094,-0.651,0,0,43,0,0,0,0,0,59,1.280,1,2156,0,413.211,10.956,-48.750,403.000,-77.188,-0.313,0.648,0.824,8.293,7.160,-9.633,3.068,2.840,1.600,1.325,0,NULL,NULL,,3,0,2,7,255,1011,250,0,0
stim,96370,126491,0,126491,3323779.455,-0.651,-0.367,-0.082,-0.660,0,0,40,0,0,0,0,0,59,1.280,1,2156,0,421.601,10.520,-40.625,413.063,-74.000,-0.223,0.633,0.797,8.441,6.277,-8.641,3.118,2.888,1.600,1.325,0,NULL,NULL,,3,0,2,7,255,1011,250,0,0
stim,96370,126491,0,126491,3323784.454,-0.649,-0.355,-0.071,-0.669,0,0,37,0,0,0,0,0,59,1.280,1,2156,0,428.262,9.940,-23.313,422.125,-68.375,-0.188,0.637,0.820,8.453,5.230,-8.020,3.170,2.936,1.600,1.325,0,NULL,NULL,,3,0,2,7,255,1011,250,0,0
stim,96370,126491,0,126491,3323789.455,-0.648,-0.342,-0.060,-0.678,0,0,37,0,0,0,0,0,59,1.280,1,2156,0,434.513,10.075,-2.813,429.500,-65.750,-0.188,0.664,0.926,8.699,5.082,-7.441,3.222,2.984,1.600,1.325,0,NULL,NULL,,3,0,2,7,255,1011,250,0,0
stim,96370,126491,0,126491,3323794.454,-0.647,-0.329,-0.049,-0.686,0,0,35,0,0,0,0,0,59,1.280,1,2156,0,441.397,10.722,13.438,435.813,-68.688,-0.176,0.707,1.094,9.441,5.082,-6.527,3.276,3.034,1.600,1.325,0,NULL,NULL,,3,0,2,7,255,1011,250,0,0
stim,96370,126491,0,126491,3323799.455,-0.646,-0.315,-0.039,-0.695,0,0,30,0,0,0,0,0,59,1.280,1,2156,0,447.685,11.839,20.688,441.063,-73.875,-0.133,0.742,1.254,10.559,5.355,-5.086,3.330,3.084,1.600,1.325,0,NULL,NULL,,3,0,2,7,255,1011,250,0,0
stim,96370,126491,0,126491,3323804.454,-0.644,-0.300,-0.028,-0.703,0,0,29,0,0,0,0,0,59,1.280,1,2156,0,451.348,12.774,20.688,444.250,-77.000,-0.078,0.762,1.355,11.598,5.355,-3.488,3.384,3.136,1.600,1.325,0,NULL,NULL,,3,0,2,7,255,1011,250,0,0
stim,96370,126491,0,126491,3323809.455,-0.642,-0.286,-0.018,-0.711,0,0,31,0,0,0,0,0,59,1.280,1,2156,0,452.404,13.133,20.250,445.125,-78.250,-0.047,0.766,1.410,12.207,4.844,-2.242,3.440,3.188,1.600,1.325,0,NULL,NULL,,3,0,2,7,255,1011,250,0,0
stim,96370,126491,0,126491,3323814.453,-0.639,-0.272,-0.007,-0.719,0,0,29,0,0,0,0,0,59,1.280,1,2156,0,451.382,13.160,21.938,443.750,-79.688,-0.043,0.762,1.453,12.445,4.277,-1.359,3.496,3.240,1.600,1.325,0,NULL,NULL,,3,0,2,7,255,1011,250,0,0
stim,96370,126491,0,126491,3323819.455,-0.636,-0.257,0.003,-0.727,0,0,27,0,0,0,0,0,59,1.280,1,2156,0,449.772,13.138,24.500,441.250,-83.625,-0.035,0.785,1.492,12.559,3.859,-0.707,3.550,3.290,1.600,1.325,0,NULL,NULL,,3,0,2,7,255,1011,250,0,0
stim,96370,126491,0,126491,3323824.454,-0.633,-0.243,0.013,-0.735,0,0,31,0,0,0,0,0,59,1.280,1,2156,0,447.090,13.323,27.563,437.313,-88.813,-0.020,0.824,1.520,12.902,3.320,-0.168,3.600,3.336,1.600,1.325,0,NULL,NULL,,3,0,2,7,255,1011,250,0,0
stim,96393,126514,0,126514,3323829.455,-0.630,-0.228,0.023,-0.742,0,0,24,0,0,0,0,0,59,1.280,1,2156,0,442.049,13.533,33.188,431.000,-92.438,-0.012,0.898,1.566,13.273,2.637,0.238,3.648,3.380,1.600,1.325,0,NULL,NULL,,3,0,2,7,255,1011,250,0,0
stim,96393,126514,0,126514,3323834.454,-0.626,-0.213,0.032,-0.749,0,0,27,0,0,0,0,0,59,1.280,1,2156,0,436.679,14.157,40.125,423.688,-97.813,0.043,0.961,1.625,14.023,1.938,0.664,3.694,3.422,1.600,1.325,0,NULL,NULL,,3,0,2,7,255,1011,250,0,0
stim,96393,126514,0,126514,3323839.455,-0.622,-0.199,0.040,-0.756,0,0,26,0,0,0,0,0,59,1.280,1,2156,0,428.869,14.672,48.500,414.188,-100.125,0.105,0.988,1.703,14.648,0.828,1.375,3.736,3.460,1.600,1.325,0,NULL,NULL,,3,0,2,7,255,1011,250,0,0
stim,96393,126514,0,126514,3323844.454,-0.618,-0.184,0.048,-0.763,0,0,29,0,0,0,0,0,59,1.280,1,2156,0,419.996,14.952,57.063,403.938,-99.875,0.164,1.023,1.797,14.949,-0.285,2.336,3.778,3.498,1.600,1.325,0,NULL,NULL,,3,0,2,7,255,1011,250,0,0
stim,96424,126545,0,126545,3323849.455,-0.614,-0.170,0.056,-0.769,0,0,25,0,0,0,0,0,59,1.280,1,2156,0,412.591,15.378,62.438,395.688,-98.813,0.234,1.078,1.871,15.313,-1.418,3.398,3.818,3.536,1.600,1.325,0,NULL,NULL,,3,0,2,7,255,1011,250,0,0
stim,96424,126545,0,126545,3323854.454,-0.610,-0.155,0.063,-0.774,0,0,22,0,0,0,0,0,59,1.280,1,2156,0,405.480,15.603,66.063,388.938,-93.688,0.316,1.082,1.883,15.355,-2.766,4.207,3.860,3.574,1.600,1.325,0,NULL,NULL,,3,0,2,7,255,1011,250,0,0
stim,96424,126545,0,126545,3323859.455,-0.606,-0.141,0.070,-0.780,0,0,27,0,0,0,0,0,59,1.280,1,2156,0,399.239,15.918,73.875,383.438,-83.125,0.359,1.090,1.863,15.355,-4.195,4.555,3.904,3.612,1.600,1.325,0,NULL,NULL,,3,0,2,7,255,1011,250,0,0
stim,96424,126545,0,126545,3323864.454,-0.603,-0.126,0.077,-0.784,0,0,24,0,0,0,0,0,59,1.280,1,2156,0,395.298,15.890,86.688,378.813,-72.438,0.375,1.137,1.840,14.996,-5.254,4.555,3.946,3.652,1.600,1.325,0,NULL,NULL,,3,0,2,7,255,1011,250,0,0
stim,96424,126545,0,126545,3323869.455,-0.599,-0.110,0.083,-0.789,0,0,25,0,0,0,0,0,59,1.280,1,2156,0,394.547,16.187,107.688,373.938,-65.125,0.402,1.129,1.859,14.977,-6.141,4.555,3.990,3.692,1.600,1.325,0,NULL,NULL,,3,0,2,7,255,1011,250,0,0
stim,96424,126545,0,126545,3323874.454,-0.596,-0.095,0.087,-0.793,0,0,27,0,0,0,0,0,59,1.280,1,2156,0,394.293,16.116,131.063,367.313,-58.063,0.422,1.129,1.961,14.535,-6.961,4.629,4.032,3.730,1.600,1.325,0,NULL,NULL,,3,0,2,7,255,1011,250,0,0
stim,96469,126590,0,126590,3323879.455,-0.593,-0.079,0.091,-0.796,0,0,27,0,0,0,0,0,59,1.280,1,2156,0,392.732,16.346,148.938,359.500,-53.063,0.445,1.117,2.074,14.395,-7.746,5.684,4.074,3.766,1.600,1.325,0,NULL,NULL,,3,0,2,7,255,1011,250,0,0
stim,96469,126590,0,126590,3323884.454,-0.590,-0.062,0.094,-0.799,0,0,27,0,0,0,0,0,59,1.280,1,2156,0,389.171,16.471,161.563,350.875,-47.313,0.473,1.082,2.156,14.082,-8.543,6.914,4.114,3.804,1.600,1.325,0,NULL,NULL,,3,0,2,7,255,1011,250,0,0
stim,96469,126590,1,126590,3323889.455,-0.587,-0.046,0.097,-0.802,0,0,22,0,0,0,0,0,59,1.280,1,2156,0,386.104,16.349,173.313,342.500,-41.625,0.484,1.047,2.211,13.438,-9.313,7.855,4.154,3.838,1.600,1.325,0,NULL,NULL,,3,1,2,7,255,1011,250,0,0
stim,96469,126590,1,126590,3323894.454,-0.584,-0.030,0.099,-0.805,0,0,25,0,0,0,0,0,59,1.280,1,2156,0,384.244,16.105,186.438,333.813,-38.125,0.473,1.000,2.262,12.668,-9.945,8.559,4.196,3.878,1.600,1.325,0,NULL,NULL,,3,1,2,7,255,1011,250,0,0
stim,96469,126590,1,126590,3323899.455,-0.581,-0.014,0.100,-0.807,0,0,23,0,0,0,0,0,59,1.280,1,2156,0,383.939,15.701,201.125,324.688,-39.188,0.453,0.961,2.332,11.840,-10.313,9.230,4.246,3.924,1.600,1.325,0,NULL,NULL,,3,1,2,7,255,1011,250,0,0
stim,96469,126590,1,126590,3323904.454,-0.578,0.002,0.100,-0.810,0,0,24,0,0,0,0,0,59,1.280,1,2156,0,384.302,15.322,215.625,314.875,-45.250,0.441,0.910,2.422,11.063,-10.602,10.078,4.300,3.974,1.600,1.325,0,NULL,NULL,,3,1,2,7,255,1011,250,0,0
stim,96469,126590,1,126590,3323909.455,-0.574,0.019,0.100,-0.812,0,0,23,0,0,0,0,0,59,1.280,1,2156,0,384.138,14.983,227.313,304.750,-54.938,0.469,0.863,2.523,10.164,-11.008,11.113,4.340,4.008,1.600,1.325,0,NULL,NULL,,3,1,2,7,255,1011,250,0,0
stim,96469,126590,1,126590,3323914.454,-0.570,0.034,0.099,-0.815,0,0,23,0,0,0,0,0,59,1.280,1,2156,0,382.716,14.888,234.688,295.063,-65.813,0.547,0.828,2.613,9.066,-11.809,12.188,4.352,4.018,1.600,1.325,0,NULL,NULL,,3,1,2,7,255,1011,250,0,0
stim,96469,126590,1,126590,3323919.455,-0.566,0.050,0.098,-0.817,0,0,17,0,0,0,0,0,59,1.280,1,2156,0,377.470,15.219,235.813,284.563,-76.813,0.723,0.801,2.645,7.836,-13.047,12.969,4.350,4.012,1.600,1.325,0,NULL,NULL,,3,1,2,7,255,1011,250,0,0
stim,96469,126590,1,126590,3323924.454,-0.561,0.065,0.096,-0.820,0,0,13,0,0,0,0,0,59,1.280,1,2156,0,365.276,16.307,230.688,272.063,-78.688,0.984,0.781,2.508,6.219,-15.074,12.969,4.350,4.008,1.600,1.325,0,NULL,NULL,,3,1,2,7,255,1011,250,0,0
stim,96491,126612,1,126612,3323929.455,-0.556,0.080,0.094,-0.822,0,0,18,0,0,0,0,0,59,1.280,1,2156,0,354.381,17.937,233.500,258.438,-65.375,1.191,0.633,2.211,4.270,-17.422,11.059,4.354,4.010,1.600,1.325,0,NULL,NULL,,3,1,2,7,255,1011,250,0,0
stim,96491,126612,1,126612,3323934.454,-0.552,0.094,0.091,-0.823,0,0,16,0,0,0,0,0,59,1.280,1,2156,0,363.322,18.026,264.813,244.438,-46.125,1.266,0.438,2.023,1.434,-17.969,7.777,4.362,4.014,1.600,1.325,0,NULL,NULL,,3,1,2,7,255,1011,250,0,0
stim,96491,126612,1,126612,3323939.455,-0.549,0.110,0.085,-0.824,0,0,13,0,0,0,0,0,59,1.280,1,2156,0,386.589,18.013,308.875,230.000,-33.875,1.262,0.363,2.078,-1.266,-17.969,6.145,4.372,4.020,1.600,1.325,0,NULL,NULL,,3,1,2,7,255,1011,250,0,0
stim,96491,126612,1,126612,3323944.454,-0.545,0.126,0.078,-0.825,0,0,8,0,0,0,0,0,59,1.280,1,2156,0,406.160,18.159,343.313,215.000,-29.625,1.305,0.426,2.293,-2.625,-17.969,6.145,4.382,4.028,1.600,1.325,0,NULL,NULL,,3,1,2,7,255,1011,250,0,0
stim,96519,126640,1,126640,3323949.455,-0.541,0.141,0.071,-0.826,0,0,5,0,0,0,0,0,59,1.280,1,2156,0,408.466,19.389,352.875,203.813,-28.000,1.465,0.660,2.461,-2.652,-19.207,7.813,4.396,4.038,1.600,1.325,0,NULL,NULL,,3,1,2,7,255,1011,250,0,0
stim,96519,126640,1,126640,3323954.454,-0.537,0.156,0.063,-0.827,0,0,4,0,0,0,0,7,59,1.280,1,2156,0,394.417,22.167,342.063,195.188,-21.438,1.734,0.836,2.434,-2.836,-21.984,7.813,4.406,4.046,1.600,1.325,0,NULL,NULL,,3,1,2,7,255,1011,250,0,0
stim,96519,126640,1,126640,3323959.455,-0.534,0.171,0.055,-0.826,0,0,3,0,0,0,0,25,59,1.280,1,2156,0,389.893,25.114,343.375,184.688,0.563,1.984,0.754,2.391,-2.836,-24.953,7.445,4.412,4.050,1.600,1.325,0,NULL,NULL,,3,1,2,7,255,1011,250,0,0
stim,96519,126640,1,126640,3323964.454,-0.532,0.185,0.047,-0.825,0,0,2,0,0,0,0,53,59,1.280,1,2156,0,382.140,27.158,337.563,175.688,34.875,2.133,0.570,2.250,-5.195,-26.656,5.988,4.412,4.046,1.600,1.325,0,NULL,NULL,,3,1,2,7,255,1011,250,0,0
stim,96537,126658,1,126658,3323969.455,-0.531,0.199,0.038,-0.823,0,0,0,0,0,0,0,61,59,1.280,1,2156,0,380.313,27.757,334.375,166.438,71.625,2.277,0.316,2.082,-7.738,-26.656,3.777,4.404,4.036,1.600,1.325,0,NULL,NULL,,3,1,2,7,255,1011,250,0,0
stim,96537,126658,1,126658,3323974.454,-0.531,0.213,0.029,-0.820,0,0,0,0,0,0,0,68,59,1.280,1,2156,0,387.383,28.475,338.563,160.625,98.188,2.301,0.031,1.770,-10.578,-26.438,1.141,4.388,4.020,1.600,1.325,0,NULL,NULL,,3,1,2,7,255,1011,250,0,0
stim,96569,126690,1,126690,3323979.455,-0.532,0.227,0.018,-0.816,0,0,0,0,0,0,0,71,59,1.280,1,2156,0,419.794,27.588,371.250,152.750,122.750,2.363,-0.129,1.609,-12.629,-24.527,-2.527,4.364,3.994,1.600,1.325,0,NULL,NULL,,3,1,2,7,255,1011,250,0,0
stim,96569,126690,1,126690,3323984.454,-0.532,0.242,0.006,-0.811,0,0,2,0,0,0,0,70,59,1.280,1,2156,0,459.107,27.711,409.813,146.438,146.250,2.250,-0.336,1.605,-14.000,-23.914,-4.863,4.332,3.960,1.600,1.325,0,NULL,NULL,,3,1,2,7,255,1011,250,0,0
stim,96569,126690,1,126690,3323989.455,-0.533,0.257,-0.008,-0.806,0,0,0,0,0,0,0,71,59,1.280,1,2156,0,481.727,27.037,435.250,139.625,152.063,2.121,-0.535,1.738,-15.605,-22.078,-4.863,4.290,3.916,1.600,1.325,0,NULL,NULL,,3,1,2,7,255,1011,250,0,0
stim,96569,126690,1,126690,3323994.454,-0.533,0.272,-0.022,-0.801,0,0,11,0,0,0,0,74,59,1.280,1,2156,0,489.498,27.018,444.375,132.250,157.000,1.977,-0.746,1.895,-17.617,-20.484,-4.727,4.236,3.862,1.600,1.325,0,NULL,NULL,,3,1,2,7,255,1011,250,0,0
stim,96569,126690,1,126690,3323999.455,-0.533,0.287,-0.036,-0.795,0,0,13,0,0,0,0,86,59,1.280,1,2156,0,477.864,27.340,439.500,124.875,140.000,1.836,-1.039,2.082,-19.879,-18.770,-4.023,4.176,3.800,1.600,1.325,0,NULL,NULL,,3,1,2,7,255,1011,250,0,0
stim,96569,126690,1,126690,3324004.454,-0.531,0.301,-0.049,-0.790,0,0,19,0,0,0,0,91,59,1.280,1,2156,0,459.136,28.470,429.375,116.875,113.063,1.738,-1.160,2.359,-23.035,-16.730,-3.574,4.110,3.734,1.600,1.325,0,NULL,NULL,,3,1,2,7,255,1011,250,0,0
stim,96569,126690,1,126690,3324009.455,-0.528,0.314,-0.062,-0.787,0,0,16,0,0,0,0,98,59,1.280,1,2156,0,421.863,30.456,402.563,106.125,68.188,1.750,-1.148,2.719,-25.449,-16.730,-2.180,4.036,3.660,1.600,1.325,0,NULL,NULL,,3,1,2,7,255,1011,250,0,0
stim,96569,126690,1,126690,3324014.454,-0.525,0.325,-0.072,-0.784,0,0,17,0,0,0,0,109,59,1.280,1,2156,0,358.980,32.342,345.250,95.000,25.375,1.934,-0.977,3.039,-27.641,-16.793,-0.191,3.958,3.582,1.600,1.325,0,NULL,NULL,,3,1,2,7,255,1011,250,0,0
stim,96569,126690,1,126690,3324019.455,-0.520,0.334,-0.078,-0.782,0,0,15,0,0,0,0,133,59,1.280,1,2156,0,274.217,34.942,261.875,80.063,-14.375,2.172,-0.906,3.238,-28.910,-19.625,1.445,3.868,3.494,1.600,1.325,0,NULL,NULL,,3,1,2,7,255,1011,250,0,0
stim,96569,126690,1,126690,3324024.454,-0.517,0.339,-0.082,-0.781,0,0,7,0,0,0,0,139,59,1.280,1,2156,0,172.714,37.688,161.625,53.438,-29.188,2.344,-0.781,3.336,-30.441,-22.219,1.570,3.772,3.398,1.600,1.325,0,NULL,NULL,,3,1,2,7,255,1011,250,0,0
stim,96599,126720,1,126720,3324029.455,-0.514,0.342,-0.083,-0.782,0,0,3,0,0,0,0,203,59,1.280,1,2156,0,89.843,38.205,54.500,28.625,-65.438,2.367,-1.133,3.270,-30.766,-22.652,1.570,3.666,3.294,1.600,1.325,0,NULL,NULL,,3,1,2,7,255,1011,250,0,0
stim,96599,126720,1,126720,3324034.454,-0.511,0.342,-0.081,-0.785,0,0,0,0,0,0,0,159,59,1.280,1,2156,0,95.454,38.205,-9.938,-3.375,-94.875,2.445,-0.902,2.598,-30.766,-22.652,-0.738,3.554,3.184,1.600,1.325,0,NULL,NULL,,3,1,2,7,255,1011,250,0,0
stim,96599,126720,1,126720,3324039.455,-0.508,0.339,-0.079,-0.788,0,0,0,0,0,0,0,165,59,1.280,1,2156,0,115.750,36.204,-49.688,-42.250,-95.625,2.621,-0.820,2.676,-28.242,-22.652,-4.832,3.442,3.074,1.600,1.325,0,NULL,NULL,,3,1,2,7,255,1011,250,0,0
stim,96599,126720,1,126720,3324044.454,-0.507,0.334,-0.076,-0.791,0,0,0,0,0,0,0,165,59,1.280,1,2156,0,151.983,35.864,-108.375,-72.188,-78.375,2.250,-0.773,2.289,-27.855,-22.590,-5.141,3.324,2.960,1.600,1.325,0,NULL,NULL,,3,1,2,7,255,1011,250,0,0
stim,96599,126720,1,126720,3324049.455,-0.505,0.328,-0.072,-0.795,0,0,0,0,0,11,0,201,59,1.280,1,2156,0,201.877,32.222,-127.750,-113.125,-107.875,1.867,-0.789,2.047,-24.766,-20.613,-5.484,3.202,2.842,1.600,1.325,0,NULL,NULL,,3,1,2,7,255,1011,250,0,0
stim,96599,126720,1,126720,3324054.454,-0.504,0.322,-0.076,-0.798,126,0,0,355,0,100,0,358,59,1.280,1,2156,0,177.362,29.824,1.000,-174.750,-30.313,1.078,-1.664,3.262,-24.766,-16.617,-5.484,3.074,2.716,1.600,1.325,0,NULL,NULL,,3,1,2,7,255,1011,250,0,0
stim,96626,126747,1,126747,3324059.455,-0.506,0.317,-0.102,-0.796,904,0,0,1059,0,331,0,437,59,1.280,1,2156,0,613.860,37.710,413.375,-375.563,254.750,1.879,0.727,8.152,-33.852,-16.617,4.098,2.938,2.580,1.600,1.325,0,NULL,NULL,,3,1,2,7,255,1011,250,0,0
stim,96626,126747,1,126747,3324064.454,-0.517,0.295,-0.085,-0.799,1526,0,0,1542,0,495,0,585,59,1.280,1,2156,0,693.515,34.859,-657.063,-199.313,97.500,-0.484,0.016,5.637,-33.852,-8.320,37.625,2.790,2.434,1.600,1.325,0,NULL,NULL,,3,1,2,7,255,1011,250,0,0
stim,96626,126747,1,126747,3324069.455,-0.536,0.260,-0.049,-0.802,2014,0,0,1862,0,839,0,667,59,1.280,1,2157,0,1239.618,30.506,-1212.813,-217.000,136.563,-0.156,2.723,0.922,-28.184,-11.676,37.625,2.630,2.276,1.600,1.325,1,1005.000,-6.000,,3,1,2,7,255,1011,250,0,0
stim,96626,126747,1,126747,3324074.454,-0.548,0.231,-0.022,-0.803,2321,0,0,2079,0,1161,0,775,59,1.280,1,2157,0,950.655,19.961,-931.625,-178.688,62.375,-0.344,2.754,-2.383,18.984,-6.168,7.430,2.458,2.106,1.600,1.325,1,NULL,NULL,,3,1,2,7,255,1011,250,0,0
stim,96666,126787,1,126787,3324079.455,-0.552,0.216,-0.012,-0.805,2585,0,0,2347,0,1366,0,865,59,1.280,1,2157,0,427.386,19.110,-395.250,-162.563,-3.063,-0.852,0.219,-2.703,18.984,-2.188,-22.621,2.276,1.928,1.600,1.325,1,NULL,NULL,,3,1,2,7,255,1011,250,0,0
stim,96666,126787,1,126787,3324084.453,-0.551,0.209,-0.015,-0.808,2795,0,0,2647,0,1463,0,985,59,1.280,1,2157,0,183.198,18.296,-13.688,-176.250,-48.063,-0.727,-2.125,-0.242,13.141,12.730,-22.621,2.092,1.746,1.600,1.325,1,NULL,NULL,,3,1,2,7,255,1011,250,0,0
stim,96666,126787,1,126787,3324089.455,-0.553,0.205,-0.023,-0.807,2919,0,0,2812,0,1549,0,1139,59,1.280,1,2157,0,230.684,16.967,79.625,-196.250,91.438,-1.059,-1.336,0.777,-11.172,12.770,-14.398,1.908,1.568,1.600,1.325,2,NULL,NULL,,3,1,2,7,255,1011,250,0,0
stim,96666,126787,1,126787,3324094.454,-0.559,0.196,-0.029,-0.805,2984,0,0,2921,0,1597,0,1270,59,1.280,1,2157,0,272.036,16.967,-27.500,-224.938,150.500,-1.191,0.262,1.660,-11.172,12.770,-2.691,1.730,1.398,1.600,1.325,2,NULL,NULL,,3,1,2,7,255,1011,250,0,0
stim,96666,126787,1,126787,3324099.455,-0.561,0.186,-0.031,-0.806,3027,0,0,2987,0,1613,0,1350,59,1.280,1,2157,0,229.215,13.739,-92.438,-207.813,28.438,-1.602,-0.520,1.695,-5.070,12.770,8.762,1.560,1.236,1.600,1.325,2,NULL,NULL,,3,1,2,7,255,1011,250,0,0
stim,96666,126787,1,126787,3324104.454,-0.560,0.174,-0.030,-0.809,3049,0,0,3037,0,1624,0,1397,59,1.280,1,2157,0,290.426,12.733,-185.313,-218.188,-49.000,-1.004,-1.414,1.504,-5.070,11.680,8.762,1.400,1.086,1.600,1.325,2,NULL,NULL,,3,1,2,7,255,1011,250,0,0
stim,96686,126807,1,126807,3324109.455,-0.558,0.162,-0.028,-0.814,3077,0,0,3081,0,1645,0,1429,59,1.280,1,2157,0,307.516,18.098,-190.125,-213.625,-113.063,0.066,-1.762,1.090,-13.824,11.680,3.617,1.248,0.946,1.600,1.325,2,NULL,NULL,,3,1,2,7,255,1011,250,0,0
stim,96686,126807,1,126807,3324114.454,-0.556,0.151,-0.027,-0.817,3090,0,0,3110,0,1707,0,1451,59,1.280,1,2157,0,255.154,19.278,-140.688,-202.250,-66.375,1.188,-1.500,0.805,-18.816,4.195,-3.176,1.106,0.820,1.600,1.325,2,NULL,NULL,,3,1,2,7,255,1011,250,0,0
stim,96686,126807,1,126807,3324119.455,-0.559,0.143,-0.029,-0.816,3106,0,0,3135,0,1789,0,1483,59,1.280,1,2157,0,212.149,20.327,-79.563,-182.938,72.188,1.570,-1.672,0.992,-19.336,-6.270,-6.453,0.996,0.724,1.600,1.325,2,NULL,NULL,,3,1,2,7,255,1011,250,0,0
stim,96686,126807,1,126807,3324124.454,-0.567,0.135,-0.032,-0.812,3117,0,0,3156,0,1881,0,1531,59,1.280,1,2157,0,277.867,21.658,-71.875,-170.563,207.250,0.863,-1.680,1.246,-20.730,-6.270,-6.453,0.934,0.678,1.600,1.325,2,NULL,NULL,,3,1,2,7,255,1011,250,0,0
stim,96686,126807,1,126807,3324129.455,-0.576,0.128,-0.034,-0.807,3125,0,0,3166,0,1950,0,1583,59,1.280,1,2157,0,298.858,21.024,-75.813,-153.938,244.688,-0.039,-0.891,1.012,-20.730,-3.500,-2.445,0.918,0.670,1.600,1.325,2,NULL,NULL,,3,1,2,7,255,1011,250,0,0
stim,96686,126807,1,126807,3324134.454,-0.583,0.121,-0.037,-0.802,3129,0,0,3171,0,2045,20,1635,59,1.280,1,2157,0,256.086,10.468,-53.125,-147.313,202.625,-0.598,0.375,0.922,-10.242,2.160,-1.621,0.920,0.672,1.600,1.325,2,NULL,NULL,,3,1,2,7,255,1011,250,0,0
stim,96686,126807,0,126807,3324139.455,-0.588,0.115,-0.040,-0.800,3131,0,0,3172,57,2143,68,1805,59,1.280,1,2157,0,197.155,4.108,-39.625,-145.938,126.500,-0.684,0.938,1.141,3.176,2.605,0.504,0.916,0.660,1.600,1.325,2,NULL,NULL,,3,0,2,7,255,1014,250,0,0
stim,96686,126807,0,126807,3324144.454,-0.590,0.108,-0.042,-0.799,3131,0,0,3171,351,2215,149,1991,59,1.280,1,2157,0,168.969,5.225,-63.500,-144.813,59.563,-0.625,0.582,1.453,4.230,3.066,3.570,0.904,0.632,1.600,1.325,2,NULL,NULL,,3,0,2,7,255,1014,250,0,0
stim,96723,126844,0,126844,3324149.455,-0.591,0.102,-0.042,-0.800,3133,0,0,3165,587,2263,171,2125,59,1.280,1,2157,0,148.458,4.968,-85.125,-121.625,-0.875,-0.242,0.027,1.922,4.230,2.605,5.820,0.892,0.594,1.600,1.325,2,NULL,NULL,,3,0,2,7,255,1014,250,0,0
stim,96723,126844,0,126844,3324154.454,-0.588,0.097,-0.040,-0.802,3132,0,0,3171,803,2293,200,2203,59,1.280,1,2157,0,132.306,2.767,-95.250,-56.438,-72.438,0.293,0.113,1.777,-2.602,0.941,7.148,0.882,0.550,1.600,1.325,2,NULL,NULL,,3,0,2,7,255,1014,250,0,0
stim,96723,126844,0,126844,3324159.455,-0.586,0.094,-0.038,-0.804,3132,0,0,3170,997,2315,253,2252,59,1.280,1,2157,0,119.081,4.940,-70.063,-37.938,-88.500,1.059,1.016,1.055,-2.602,-4.199,7.148,0.868,0.502,1.600,1.325,2,NULL,NULL,,3,0,2,7,255,1014,250,0,0
stim,96723,126844,0,126844,3324164.454,-0.585,0.092,-0.038,-0.805,3129,0,0,3129,1119,2330,297,2295,59,1.280,1,2157,0,53.004,10.930,-22.500,-40.813,-25.250,0.918,0.453,1.605,-1.172,-10.867,5.363,0.838,0.436,1.600,1.325,2,NULL,NULL,,3,0,2,7,255,1014,250,0,0
stim,96723,126844,0,126844,3324169.455,-0.587,0.088,-0.035,-0.804,3129,0,0,3163,1209,2340,335,2317,59,1.280,1,2157,0,126.572,10.930,-118.438,-15.813,41.750,0.016,-0.531,1.738,-1.172,-10.867,5.363,0.788,0.356,1.600,1.325,2,NULL,NULL,,3,0,2,7,255,1014,250,0,0
stim,96723,126844,0,126844,3324174.454,-0.587,0.084,-0.029,-0.804,3127,0,0,3163,1255,2348,349,2336,59,1.280,1,2157,0,154.782,1.237,-154.500,-8.250,4.375,-0.559,0.133,0.695,-1.172,0.395,5.363,0.730,0.270,1.600,1.325,2,NULL,NULL,,3,0,2,7,255,1014,250,0,0
stim,96770,126891,0,126891,3324179.455,-0.585,0.083,-0.027,-0.806,3127,0,0,3157,1304,2351,360,2357,59,1.280,1,2157,0,99.566,2.631,-61.750,-2.563,-78.063,-0.375,0.379,0.527,1.789,1.930,-2.363,0.678,0.202,1.600,1.325,2,NULL,NULL,,3,0,2,7,255,1014,250,0,0
stim,96770,126891,0,126891,3324184.453,-0.581,0.082,-0.026,-0.809,3127,0,0,3163,1365,2355,396,2365,59,1.280,1,2157,0,112.546,2.631,-15.250,-5.438,-111.375,0.063,0.074,1.156,1.789,1.930,-2.363,0.652,0.182,1.600,1.325,2,NULL,NULL,,3,0,2,7,255,1014,250,0,0
stim,96770,126891,0,126891,3324189.455,-0.579,0.080,-0.024,-0.811,3131,0,0,3173,1408,2364,403,2389,59,1.280,1,2157,0,87.925,1.937,-52.875,-0.063,-70.250,0.266,0.016,1.320,-1.129,-1.574,1.402,0.648,0.188,1.600,1.325,2,NULL,NULL,,3,0,2,7,255,1014,250,0,0
stim,96770,126891,0,126891,3324194.454,-0.578,0.078,-0.021,-0.812,3124,11,0,3175,1471,2361,403,2385,59,1.280,1,2157,0,92.889,1.937,-88.500,4.750,-27.813,0.016,0.105,1.086,-1.129,-1.574,1.402,0.652,0.200,1.600,1.325,2,NULL,NULL,,3,0,2,7,255,1014,250,0,0
stim,96770,126891,0,126891,3324199.455,-0.577,0.077,-0.018,-0.813,3132,37,0,3169,1525,2365,398,2393,59,1.280,1,2157,0,91.184,1.351,-85.250,9.063,-31.063,-0.242,0.094,0.926,-0.473,-1.266,0.793,0.656,0.206,1.600,1.325,2,NULL,NULL,,3,0,2,7,255,1014,250,0,0
stim,96770,126891,0,126891,3324204.454,-0.575,0.075,-0.015,-0.814,3129,51,0,3161,1573,2373,399,2396,59,1.280,1,2157,0,88.659,1.130,-65.125,10.063,-59.313,-0.223,0.055,0.934,0.109,1.125,-0.477,0.650,0.196,1.600,1.325,2,NULL,NULL,,3,0,2,7,255,1014,250,0,0
stim,96770,126891,0,126891,3324209.455,-0.573,0.074,-0.013,-0.816,3119,55,0,3157,1592,2375,399,2388,59,1.280,1,2157,0,84.521,1.130,-52.000,8.688,-66.063,-0.039,0.113,0.996,0.109,1.125,-0.477,0.632,0.170,1.600,1.325,2,NULL,NULL,,3,0,2,7,255,1014,250,0,0
stim,96770,126891,0,126891,3324214.453,-0.571,0.073,-0.011,-0.817,3117,63,0,3159,1621,2377,407,2392,59,1.280,1,2157,0,75.193,0.805,-50.938,9.438,-54.500,0.008,0.133,1.074,0.023,-0.805,0.008,0.608,0.140,1.600,1.325,2,NULL,NULL,,3,0,2,7,255,1014,250,0,0
stim,96770,126891,0,126891,3324219.455,-0.570,0.072,-0.008,-0.818,3128,74,3,3159,1645,2379,406,2397,59,1.280,1,2157,0,73.192,1.051,-59.688,8.188,-41.563,-0.008,0.063,1.070,0.023,-1.051,0.641,0.588,0.116,1.600,1.325,2,NULL,NULL,,3,0,2,7,255,1014,250,0,0
stim,96770,126891,0,126891,3324224.454,-0.569,0.071,-0.006,-0.819,3115,92,4,3158,1671,2383,398,2396,59,1.280,1,2157,0,70.495,1.176,-62.938,10.938,-29.813,-0.027,-0.059,0.938,-0.527,-1.051,0.641,0.578,0.100,1.600,1.325,2,NULL,NULL,,3,0,2,7,255,1014,250,0,0
stim,96791,126912,0,126912,3324229.457,-0.569,0.069,-0.003,-0.820,3125,105,0,3160,1699,2387,397,2391,59,1.280,1,2157,0,58.136,1.430,-52.375,9.188,-23.500,-0.102,-0.137,0.875,-1.383,-0.363,-0.715,0.570,0.090,1.600,1.325,2,NULL,NULL,,3,0,2,7,255,1014,250,0,0
stim,96791,126912,0,126912,3324234.454,-0.568,0.069,-0.001,-0.820,3117,109,52,3164,1710,2393,399,2397,59,1.280,1,2157,0,43.488,1.506,-34.563,6.813,-25.500,-0.137,-0.094,0.871,-1.383,0.598,-1.219,0.566,0.080,1.600,1.325,2,NULL,NULL,,3,0,2,7,255,1014,250,0,0
stim,96791,126912,0,126912,3324239.455,-0.567,0.068,-0.001,-0.821,3107,117,54,3148,1734,2381,394,2389,59,1.280,1,2157,0,31.749,1.368,-18.750,3.063,-25.438,-0.137,-0.031,0.973,-1.230,0.598,-1.219,0.560,0.070,1.600,1.325,2,NULL,NULL,,3,0,2,7,255,1014,250,0,0
stim,96791,126912,0,126912,3324244.454,-0.566,0.068,0.000,-0.822,3103,127,97,3148,1747,2381,383,2392,59,1.280,1,2157,0,28.019,0.841,-16.625,4.375,-22.125,-0.121,0.004,1.023,-0.711,0.449,-0.230,0.556,0.062,1.600,1.325,2,NULL,NULL,,3,0,2,7,255,1014,250,0,0
stim,96819,126940,0,126940,3324249.455,-0.565,0.068,0.001,-0.822,3107,125,143,3160,1759,2385,380,2397,59,1.280,1,2157,0,27.802,0.510,-20.563,2.813,-18.500,-0.133,0.023,1.051,-0.488,0.148,0.281,0.554,0.054,1.600,1.325,2,NULL,NULL,,3,0,2,7,255,1014,250,0,0
stim,96819,126940,0,126940,3324254.454,-0.565,0.067,0.002,-0.822,3097,125,167,3089,1767,2381,379,2396,59,1.280,1,2157,0,24.722,0.304,-21.750,0.250,-11.750,-0.164,0.043,1.016,-0.266,0.148,0.281,0.554,0.048,1.600,1.325,2,NULL,NULL,,3,0,2,7,255,1014,250,0,0
stim,96819,126940,0,126940,3324259.455,-0.565,0.067,0.003,-0.823,3092,127,175,3135,1781,2379,364,2397,59,1.331,1,2157,1,23.568,0.363,-19.563,-0.688,-13.125,-0.215,0.012,0.992,-0.004,0.363,0.250,0.000,0.000,1.532,1.357,2,NULL,NULL,,3,0,2,7,255,1014,250,0,0
stim,96819,126940,0,126940,3324264.454,-0.564,0.066,0.004,-0.823,3089,123,204,3135,1791,2380,348,2408,59,1.331,1,2157,1,24.426,0.896,-18.688,-1.813,-15.625,-0.211,0.016,0.996,0.051,0.895,0.109,0.002,0.002,1.532,1.357,2,NULL,NULL,,3,0,2,7,255,1014,250,0,0
stim,96837,126958,0,126958,3324269.455,-0.564,0.066,0.004,-0.823,3067,121,251,3115,1815,2375,347,2413,59,1.331,1,2157,1,22.618,0.896,-17.563,-5.250,-13.250,-0.211,0.027,0.996,0.051,0.895,0.109,0.002,0.004,1.532,1.357,2,NULL,NULL,,3,0,2,7,255,1014,250,0,0
stim,96837,126958,0,126958,3324274.454,-0.563,0.065,0.005,-0.824,3065,121,295,3124,1835,2379,345,2425,59,1.331,1,2157,1,24.455,0.841,-17.250,-5.688,-16.375,-0.199,0.020,1.004,0.051,0.840,0.125,0.004,0.004,1.532,1.357,2,NULL,NULL,,3,0,2,7,255,1014,250,0,0
stim,96869,126990,0,126990,3324279.455,-0.563,0.064,0.005,-0.824,3059,123,343,3109,1861,2376,351,2443,59,1.331,1,2157,1,24.958,0.763,-20.500,-6.813,-12.500,-0.168,0.000,0.996,0.051,0.762,0.125,0.008,0.006,1.532,1.357,2,NULL,NULL,,3,0,2,7,255,1014,250,0,0
stim,96869,126990,0,126990,3324284.454,-0.562,0.064,0.006,-0.824,3037,121,403,3032,1885,2371,363,2447,59,1.331,1,2157,1,24.153,0.713,-19.188,-8.438,-12.000,-0.160,-0.047,0.965,-0.188,0.688,0.070,0.012,0.004,1.532,1.357,2,NULL,NULL,,3,0,2,7,255,1014,250,0,0
stim,96869,126990,0,126990,3324289.455,-0.562,0.063,0.007,-0.825,3036,133,487,3081,1910,2365,379,2456,59,1.331,1,2157,1,21.453,0.911,-16.875,-8.688,-10.000,-0.164,-0.074,0.930,-0.598,0.688,-0.246,0.016,0.004,1.532,1.357,2,NULL,NULL,,3,0,2,7,255,1014,250,0,0
stim,96869,126990,0,126990,3324294.454,-0.562,0.062,0.007,-0.825,3020,131,539,3056,1945,2365,409,2473,59,1.331,1,2157,1,17.516,1.044,-11.125,-10.625,-8.375,-0.180,-0.063,0.934,-0.625,0.836,-0.555,0.020,0.004,1.532,1.357,2,NULL,NULL,,3,0,2,7,255,1014,250,0,0
stim,96869,126990,0,126990,3324299.455,-0.562,0.062,0.007,-0.825,2998,139,619,3047,1973,2363,420,2475,59,1.331,1,2157,1,18.327,1.137,-8.188,-11.625,-11.563,-0.215,-0.047,0.957,-0.625,0.949,-0.555,0.024,0.002,1.532,1.357,2,NULL,NULL,,3,0,2,7,255,1014,250,0,0
stim,96869,126990,0,126990,3324304.454,-0.561,0.061,0.007,-0.826,2989,139,703,3035,2003,2359,439,2491,59,1.331,1,2157,1,20.748,1.018,-6.625,-12.563,-15.125,-0.199,0.008,0.953,-0.367,0.949,-0.309,0.030,0.004,1.532,1.357,2,NULL,NULL,,3,0,2,7,255,1014,250,0,0
stim,96869,126990,0,126990,3324309.455,-0.560,0.060,0.007,-0.826,2969,142,781,3021,2037,2372,495,2517,59,1.331,1,2157,1,23.869,0.871,-4.938,-13.750,-18.875,-0.188,0.023,0.984,0.082,0.867,-0.289,0.038,0.008,1.532,1.357,2,NULL,NULL,,3,0,2,7,255,1014,250,0,0
stim,96869,126990,0,126990,3324314.454,-0.560,0.060,0.007,-0.826,2937,155,869,2935,2073,2361,540,2533,59,1.331,1,2157,1,24.208,0.685,-5.813,-14.000,-18.875,-0.180,0.063,1.020,0.195,0.656,-0.027,0.044,0.014,1.532,1.357,2,NULL,NULL,,3,0,2,7,255,1014,250,0,0
stim,96869,126990,0,126990,3324319.455,-0.559,0.059,0.007,-0.827,2923,167,991,2976,2130,2375,606,2537,59,1.331,1,2157,1,29.747,0.671,-6.000,-13.750,-25.688,-0.156,0.113,1.039,0.516,0.430,0.309,0.052,0.020,1.532,1.357,2,NULL,NULL,,3,0,2,7,255,1014,250,0,0
stim,96869,126990,0,126990,3324324.454,-0.558,0.058,0.007,-0.828,2899,181,1095,2961,2172,2363,697,2567,59,1.331,1,2157,1,29.334,0.517,-10.313,-14.313,-23.438,-0.109,0.039,1.031,0.516,0.031,0.363,0.058,0.024,1.532,1.357,2,NULL,NULL,,3,0,2,7,255,1014,250,0,0
stim,96897,127018,0,127018,3324329.455,-0.558,0.058,0.007,-0.828,2869,203,1203,2931,2231,2380,815,2585,59,1.331,1,2157,1,24.977,0.493,-13.000,-16.250,-13.813,-0.133,0.074,1.012,0.492,-0.020,0.363,0.062,0.024,1.532,1.357,2,NULL,NULL,,3,0,2,7,255,1014,250,0,0
stim,96897,127018,0,127018,3324334.454,-0.557,0.057,0.007,-0.828,2847,227,1325,2917,2279,2385,955,2599,59,1.331,1,2157,1,25.073,0.493,-12.250,-15.625,-15.313,-0.242,0.133,1.020,0.492,-0.020,0.363,0.064,0.024,1.532,1.357,2,NULL,NULL,,3,0,2,7,255,1014,250,0,0
stim,96897,127018,0,127018,3324339.455,-0.556,0.056,0.007,-0.829,2810,235,1447,2895,2333,2379,1075,2626,59,1.331,1,2157,1,35.077,1.515,-10.125,-16.938,-29.000,-0.230,0.176,1.027,1.430,0.500,0.402,0.064,0.022,1.532,1.357,2,NULL,NULL,,3,0,2,7,255,1014,250,0,0
stim,96897,127018,0,127018,3324344.454,-0.555,0.055,0.007,-0.830,2776,247,1594,2859,2373,2396,1183,2645,59,1.331,1,2157,1,40.552,1.548,-10.313,-17.063,-35.313,-0.113,0.188,1.027,1.465,0.500,0.402,0.066,0.018,1.532,1.357,2,NULL,NULL,,3,0,2,7,255,1014,250,0,0
stim,96897,127018,0,127018,3324349.455,-0.554,0.054,0.007,-0.831,2743,265,1712,2842,2427,2401,1294,2659,59,1.331,1,2157,1,33.042,1.548,-14.313,-17.375,-24.188,-0.105,0.129,1.109,1.465,-0.500,0.469,0.066,0.012,1.532,1.357,2,NULL,NULL,,3,0,2,7,255,1014,250,0,0
stim,96897,127018,0,127018,3324354.454,-0.553,0.053,0.007,-0.831,2697,271,1845,2822,2487,2411,1416,2675,59,1.331,1,2157,1,39.698,1.011,-28.250,-17.063,-22.063,-0.164,0.074,1.094,0.879,-0.500,1.031,0.066,0.008,1.532,1.357,2,NULL,NULL,,3,0,2,7,255,1014,250,0,0
stim,96926,127047,0,127047,3324359.455,-0.552,0.052,0.008,-0.832,2621,309,1941,2781,2522,2417,1559,2683,59,1.331,1,2157,1,48.280,0.909,-35.500,-16.188,-28.438,-0.273,0.082,0.973,0.879,0.230,1.031,0.068,0.008,1.532,1.357,2,NULL,NULL,,3,0,2,7,255,1014,250,0,0
stim,96926,127047,0,127047,3324364.454,-0.550,0.051,0.009,-0.833,2569,333,2091,2758,2575,2423,1647,2703,59,1.331,1,2157,1,62.926,1.491,-23.188,-16.063,-56.250,-0.313,0.012,0.895,0.789,1.266,-0.059,0.070,0.012,1.532,1.357,2,NULL,NULL,,3,0,2,7,255,1014,250,0,0
stim,96926,127047,0,127047,3324369.455,-0.548,0.050,0.009,-0.835,2479,356,2211,2711,2608,2421,1753,2729,59,1.331,1,2157,1,72.251,1.491,-10.375,-17.313,-69.375,-0.117,-0.168,0.883,0.789,1.266,-0.785,0.074,0.018,1.532,1.357,2,NULL,NULL,,3,0,2,7,255,1014,250,0,0
stim,96926,127047,0,127047,3324374.454,-0.546,0.049,0.009,-0.836,2388,364,2317,2651,2653,2425,1863,2733,59,1.331,1,2157,1,64.076,1.776,0.125,-20.375,-60.750,-0.063,-0.152,0.941,-1.516,0.926,-0.785,0.078,0.020,1.532,1.357,2,NULL,NULL,,3,0,2,7,255,1014,250,0,0
stim,96968,127089,0,127089,3324379.455,-0.544,0.048,0.009,-0.838,2281,379,2412,2601,2683,2427,1931,2747,59,1.331,1,2157,1,54.537,1.557,2.125,-20.938,-50.313,-0.109,-0.059,1.039,-1.516,0.355,-0.578,0.082,0.020,1.532,1.357,2,NULL,NULL,,3,0,2,7,255,1014,250,0,0
stim,96968,127089,0,127089,3324384.453,-0.542,0.047,0.009,-0.839,2153,395,2493,2549,2717,2425,2040,2763,59,1.331,1,2157,1,51.552,0.697,-11.188,-20.688,-45.875,-0.121,-0.023,1.098,-0.613,0.332,0.418,0.086,0.018,1.532,1.357,2,NULL,NULL,,3,0,2,7,255,1014,250,0,0
stim,96968,127089,0,127089,3324389.455,-0.541,0.046,0.009,-0.840,2004,400,2569,2462,2735,2425,2138,2793,59,1.331,1,2157,1,59.557,0.443,-25.313,-21.500,-49.438,-0.230,-0.082,1.047,-0.293,0.332,0.605,0.092,0.016,1.532,1.357,2,NULL,NULL,,3,0,2,7,255,1014,250,0,0
stim,96968,127089,0,127089,3324394.454,-0.538,0.044,0.010,-0.842,1867,383,2635,2351,2783,2437,2206,2799,59,1.331,1,2157,1,74.206,1.525,-29.125,-24.375,-63.750,-0.211,-0.105,0.977,-0.293,1.496,0.605,0.096,0.016,1.532,1.357,2,NULL,NULL,,3,0,2,7,255,1014,250,0,0
stim,96968,127089,0,127089,3324399.455,-0.536,0.042,0.011,-0.843,1661,375,2682,2249,2808,2422,2275,2813,59,1.331,1,2157,1,78.404,1.582,-24.750,-26.375,-69.563,-0.160,-0.102,0.973,-0.516,1.496,-0.090,0.102,0.016,1.532,1.357,2,NULL,NULL,,3,0,2,7,255,1014,250,0,0
stim,96968,127089,0,127089,3324404.454,-0.534,0.040,0.011,-0.845,1460,345,2729,2107,2839,2419,2341,2839,59,1.331,1,2157,1,77.182,1.209,-26.313,-30.688,-65.750,-0.117,-0.090,1.074,-0.637,1.027,-0.090,0.108,0.018,1.532,1.357,2,NULL,NULL,,3,0,2,7,255,1014,250,0,0
stim,96987,127108,0,127108,3324409.456,-0.531,0.038,0.012,-0.846,1227,339,2793,1913,2858,2420,2412,2840,59,1.331,1,2157,0,76.461,0.844,-37.313,-31.313,-58.938,-0.113,-0.074,1.094,-0.637,0.555,0.789,0.114,0.020,1.532,1.357,2,NULL,NULL,,3,0,2,7,255,1014,250,0,0
stim,96987,127108,0,127108,3324414.453,-0.530,0.036,0.013,-0.847,999,295,2822,1706,2864,2395,2468,2863,59,1.331,1,2157,0,77.365,0.763,-43.125,-34.875,-53.938,-0.137,-0.090,1.066,-0.523,0.555,0.789,0.118,0.022,1.532,1.357,2,NULL,NULL,,3,0,2,7,255,1014,250,0,0
stim,96987,127108,0,127108,3324419.455,-0.528,0.034,0.014,-0.849,765,269,2868,1417,2897,2387,2521,2872,59,1.331,1,2157,0,83.317,0.883,-43.875,-39.563,-58.750,-0.309,-0.043,0.992,-0.484,0.738,0.723,0.122,0.022,1.532,1.357,2,NULL,NULL,,3,0,2,7,255,1014,250,0,0
stim,96987,127108,0,127108,3324424.454,-0.525,0.031,0.015,-0.851,525,202,2889,1130,2911,2377,2573,2871,59,1.331,1,2157,0,101.119,2.122,-40.938,-41.625,-82.563,-0.238,-0.184,1.059,-0.484,2.066,0.723,0.126,0.022,1.532,1.357,2,NULL,NULL,,3,0,2,7,255,1014,250,0,0
stim,96987,127108,0,127108,3324429.455,-0.522,0.028,0.015,-0.852,311,160,2904,861,2925,2349,2612,2886,59,1.331,1,2157,0,99.280,2.208,-33.750,-46.438,-81.000,-0.125,-0.180,1.012,-0.777,2.066,0.199,0.130,0.024,1.532,1.357,2,NULL,NULL,,3,0,2,7,255,1014,250,0,0
stim,96987,127108,0,127108,3324434.454,-0.519,0.026,0.015,-0.854,136,83,2915,617,2944,2316,2647,2900,59,1.331,1,2157,0,82.709,1.597,-17.250,-49.063,-64.313,-0.016,-0.152,0.965,-1.148,1.109,0.199,0.134,0.026,1.532,1.357,2,NULL,NULL,,3,0,2,7,255,1014,250,0,0
stim,96987,127108,0,127108,3324439.455,-0.518,0.024,0.014,-0.855,55,31,2940,371,2974,2280,2682,2905,59,1.331,1,2157,0,72.082,1.194,-5.500,-53.938,-47.500,0.008,-0.125,0.996,-1.188,0.125,-0.051,0.138,0.028,1.532,1.357,2,NULL,NULL,,3,0,2,7,255,1014,250,0,0
stim,96987,127108,0,127108,3324444.454,-0.516,0.021,0.013,-0.856,21,8,2937,235,2979,2239,2701,2919,59,1.331,1,2157,0,70.368,1.188,2.063,-56.188,-42.313,-0.031,-0.102,1.074,-1.188,0.047,-0.051,0.142,0.030,1.532,1.357,2,NULL,NULL,,3,0,2,7,255,1014,250,0,0
stim,97018,127139,0,127139,3324449.455,-0.516,0.019,0.011,-0.857,0,0,2957,175,2991,2207,2730,2921,59,1.331,1,2157,0,71.119,1.188,15.750,-65.250,-23.500,-0.070,-0.195,1.078,-1.188,0.047,0.762,0.148,0.032,1.532,1.357,2,NULL,NULL,,3,0,2,7,255,1014,250,0,0
stim,97018,127139,0,127139,3324454.454,-0.516,0.017,0.007,-0.856,0,0,2971,153,2997,2180,2757,2925,59,1.331,1,2157,0,90.635,1.641,48.313,-76.063,9.750,-0.391,-0.402,1.359,-1.383,0.883,0.836,0.154,0.034,1.532,1.357,2,NULL,NULL,,3,0,2,7,255,1014,250,0,0
stim,97018,127139,0,127139,3324459.455,-0.516,0.016,0.003,-0.856,0,0,2963,111,3005,2135,2777,2940,59,1.331,1,2157,0,109.719,4.752,63.438,-88.688,12.188,-0.508,-0.297,1.719,-1.383,4.547,3.762,0.158,0.038,1.532,1.357,2,NULL,NULL,,3,0,2,7,255,1014,250,0,0
stim,97018,127139,0,127139,3324464.453,-0.517,0.013,-0.000,-0.856,0,0,2970,79,3021,2079,2805,2933,59,1.331,1,2157,0,99.893,4.557,20.188,-97.750,4.000,-0.297,0.113,1.676,-0.301,4.547,6.637,0.164,0.040,1.532,1.357,2,NULL,NULL,,3,0,2,7,255,1014,250,0,0
stim,97018,127139,0,127139,3324469.455,-0.516,0.008,-0.001,-0.856,0,0,2968,63,3035,2011,2825,2937,59,1.331,1,2157,0,102.003,2.655,-40.625,-92.938,-10.813,-0.125,0.176,1.293,2.172,1.527,6.637,0.170,0.044,1.532,1.357,3,NULL,NULL,,3,0,2,7,255,1014,250,0,0
stim,97018,127139,0,127139,3324474.454,-0.517,0.004,-0.002,-0.856,0,0,2975,23,3036,1913,2845,2953,59,1.331,1,2157,0,103.339,2.172,-24.125,-100.063,9.188,-0.105,0.160,1.121,2.172,-0.047,2.836,0.178,0.052,1.532,1.357,3,NULL,NULL,,3,0,2,7,255,1014,250,0,0
stim,97069,127190,0,127190,3324479.455,-0.518,0.001,-0.005,-0.855,0,0,2969,0,3049,1821,2870,2950,59,1.331,1,2157,0,111.018,2.172,8.438,-108.188,23.438,-0.230,0.164,1.195,2.172,-0.047,1.859,0.190,0.060,1.532,1.357,3,NULL,NULL,,3,0,2,7,255,1014,250,0,0
stim,97069,127190,0,127190,3324484.453,-0.519,-0.003,-0.008,-0.855,0,0,2968,0,3059,1710,2878,2953,59,1.331,1,2157,0,115.126,2.289,13.813,-112.938,17.563,-0.277,0.059,1.313,2.004,1.105,1.859,0.198,0.068,1.532,1.357,3,NULL,NULL,,3,0,2,7,255,1014,250,0,0
stim,97069,127190,0,127190,3324489.455,-0.519,-0.007,-0.011,-0.855,0,0,2957,0,3075,1576,2901,2941,59,1.331,1,2157,0,118.934,2.912,13.125,-118.188,2.188,-0.371,-0.027,1.336,2.004,2.113,3.016,0.206,0.070,1.532,1.357,3,NULL,NULL,,3,0,2,7,255,1014,250,0,0
stim,97069,127190,0,127190,3324494.454,-0.518,-0.011,-0.014,-0.855,0,0,2956,0,3063,1437,2903,2937,59,1.331,1,2157,0,126.469,3.414,13.375,-125.250,-11.313,-0.309,-0.012,1.383,1.719,2.949,3.188,0.212,0.072,1.532,1.357,3,NULL,NULL,,3,0,2,7,255,1014,250,0,0
stim,97069,127190,0,127190,3324499.455,-0.518,-0.016,-0.018,-0.855,0,0,2940,0,3066,1263,2917,2933,59,1.331,1,2157,0,132.579,3.414,5.688,-131.313,-17.375,-0.199,0.078,1.426,1.719,2.949,3.645,0.222,0.076,1.532,1.357,3,NULL,NULL,,3,0,2,7,255,1014,250,0,0
stim,97069,127190,0,127190,3324504.454,-0.517,-0.021,-0.020,-0.855,0,0,2941,0,3065,1067,2931,2918,59,1.331,1,2157,0,136.749,2.655,-8.125,-135.875,-13.125,-0.129,0.137,1.398,1.996,1.750,3.793,0.230,0.078,1.532,1.357,3,NULL,NULL,,3,0,2,7,255,1014,250,0,0
stim,97069,127190,0,127190,3324509.455,-0.517,-0.026,-0.023,-0.855,0,0,2928,0,3077,867,2938,2907,59,1.331,1,2157,0,142.164,2.240,-23.250,-140.250,0.250,-0.023,0.086,1.438,1.996,1.016,4.059,0.240,0.084,1.532,1.357,3,NULL,NULL,,3,0,2,7,255,1014,250,0,0
stim,97069,127190,0,127190,3324514.453,-0.519,-0.032,-0.025,-0.854,0,0,2920,0,3077,713,2963,2899,59,1.331,1,2157,0,152.692,2.380,-34.125,-145.125,33.000,-0.188,0.078,1.285,2.152,1.016,3.793,0.250,0.090,1.532,1.357,3,NULL,NULL,,3,0,2,7,255,1014,250,0,0
stim,97069,127190,0,127190,3324519.455,-0.519,-0.039,-0.027,-0.854,0,0,2907,0,3079,555,2965,2875,59,1.331,1,2157,0,158.558,2.920,-26.563,-156.125,7.750,-0.422,0.141,1.250,2.152,1.973,2.586,0.260,0.098,1.532,1.357,3,NULL,NULL,,3,0,2,7,255,1014,250,0,0
stim,97069,127190,0,127190,3324524.454,-0.518,-0.045,-0.030,-0.854,0,0,2895,0,3095,429,2975,2842,59,1.331,1,2157,0,161.760,4.371,-20.438,-158.313,-26.188,-0.324,0.063,1.164,2.754,3.395,1.977,0.274,0.108,1.532,1.357,3,NULL,NULL,,3,0,2,7,255,1014,250,0,0
stim,97091,127212,0,127212,3324529.455,-0.516,-0.051,-0.033,-0.854,0,0,2883,0,3091,244,2983,2807,59,1.331,1,2157,0,171.262,4.371,-13.563,-166.063,-39.625,-0.086,-0.086,1.176,2.754,3.395,1.559,0.288,0.120,1.532,1.357,3,NULL,NULL,,3,0,2,7,255,1014,250,0,0
stim,97091,127212,0,127212,3324534.454,-0.516,-0.058,-0.036,-0.854,0,0,2855,0,3083,127,3003,2791,59,1.331,1,2157,0,172.686,2.201,-18.625,-171.000,-15.250,0.047,-0.156,1.172,0.477,2.148,1.559,0.304,0.134,1.532,1.357,3,NULL,NULL,,3,0,2,7,255,1014,250,0,0
stim,97091,127212,0,127212,3324539.455,-0.516,-0.065,-0.039,-0.853,0,0,2840,0,3077,71,3008,2740,59,1.331,1,2157,0,178.014,2.151,-19.375,-176.813,7.125,-0.117,-0.188,1.102,-0.113,2.148,1.559,0.320,0.148,1.532,1.357,3,NULL,NULL,,3,0,2,7,255,1014,250,0,0
stim,97091,127212,0,127212,3324544.454,-0.516,-0.072,-0.043,-0.852,0,0,2805,0,3089,5,3015,2707,59,1.331,1,2157,0,183.731,3.092,-16.625,-182.563,12.313,-0.145,-0.191,1.086,-0.113,3.090,0.734,0.336,0.162,1.532,1.357,3,NULL,NULL,,3,0,2,7,255,1014,250,0,0
stim,97122,127243,0,127243,3324549.455,-0.516,-0.080,-0.047,-0.851,0,0,2777,0,3063,0,3015,2638,59,1.331,1,2157,0,186.783,3.453,-11.438,-186.250,8.250,-0.152,-0.156,1.195,0.047,3.453,0.734,0.354,0.176,1.532,1.357,3,NULL,NULL,,3,0,2,7,255,1014,250,0,0
stim,97122,127243,0,127243,3324554.454,-0.516,-0.087,-0.051,-0.851,0,0,2735,0,3064,0,3031,2591,59,1.331,1,2157,0,190.267,3.511,-7.063,-190.125,2.063,-0.117,-0.082,1.363,0.590,3.461,1.469,0.372,0.192,1.532,1.357,3,NULL,NULL,,3,0,2,7,255,1014,250,0,0
stim,97122,127243,0,127243,3324559.457,-0.516,-0.094,-0.055,-0.850,0,0,2681,0,3058,0,3032,2517,59,1.331,1,2157,0,192.709,3.720,-1.250,-192.688,2.625,-0.035,-0.020,1.609,1.363,3.461,3.082,0.392,0.208,1.532,1.357,3,NULL,NULL,,3,0,2,7,255,1014,250,0,0
stim,97122,127243,0,127243,3324564.453,-0.516,-0.101,-0.059,-0.848,0,0,2627,0,3051,0,3027,2413,59,1.331,1,2157,0,201.453,3.968,-9.250,-200.250,19.938,-0.117,0.105,1.816,1.941,3.461,5.504,0.412,0.224,1.532,1.357,3,NULL,NULL,,3,0,2,7,255,1014,250,0,0
stim,97122,127243,0,127243,3324569.455,-0.517,-0.110,-0.062,-0.846,0,0,2555,0,3031,0,3026,2291,59,1.331,1,2157,0,216.669,5.372,-26.813,-212.000,35.813,-0.281,0.262,1.863,3.789,3.809,7.090,0.432,0.242,1.532,1.357,3,NULL,NULL,,3,0,2,7,255,1014,250,0,0
stim,97122,127243,0,127243,3324574.454,-0.518,-0.119,-0.066,-0.844,0,0,2467,0,3021,12,3016,2170,59,1.331,1,2157,0,232.018,7.822,-27.000,-227.563,36.313,-0.457,0.371,2.082,6.117,4.875,7.184,0.454,0.260,1.532,1.357,3,NULL,NULL,,3,0,2,7,255,1014,250,0,0
stim,97168,127289,0,127289,3324579.455,-0.519,-0.129,-0.070,-0.842,0,0,2379,0,3000,59,3003,2011,59,1.331,1,2157,0,254.543,10.629,-34.813,-250.375,29.875,-0.648,0.449,2.328,8.324,6.609,8.477,0.480,0.282,1.532,1.357,3,NULL,NULL,,3,0,2,7,255,1014,250,0,0
stim,97168,127289,0,127289,3324584.454,-0.519,-0.141,-0.074,-0.840,0,0,2292,0,2984,74,2995,1861,59,1.331,1,2157,0,285.238,13.644,-63.938,-277.000,23.313,-0.613,0.563,2.512,10.445,8.777,9.961,0.508,0.308,1.532,1.357,3,NULL,NULL,,3,0,2,7,255,1014,250,0,0
stim,97168,127289,0,127289,3324589.455,-0.518,-0.154,-0.078,-0.838,0,0,2169,0,2953,84,2985,1701,59,1.331,1,2157,0,314.933,14.820,-80.375,-303.625,23.125,-0.613,0.730,2.602,11.941,8.777,11.383,0.538,0.336,1.532,1.357,3,NULL,NULL,,3,0,2,7,255,1014,250,0,0
stim,97168,127289,0,127289,3324594.454,-0.518,-0.168,-0.081,-0.835,0,0,2067,0,2919,101,2950,1565,59,1.331,1,2157,0,350.345,16.486,-113.563,-329.875,32.063,-0.621,0.898,2.699,13.957,8.773,11.715,0.572,0.370,1.532,1.357,3,NULL,NULL,,3,0,2,7,255,1014,250,0,0
stim,97168,127289,0,127289,3324599.455,-0.517,-0.185,-0.083,-0.831,0,0,1975,0,2885,103,2906,1436,59,1.331,1,2157,0,383.225,18.385,-139.813,-354.625,39.438,-0.738,0.957,2.727,16.156,8.773,11.715,0.614,0.410,1.532,1.357,3,NULL,NULL,,3,0,2,7,255,1014,250,0,0
stim,97168,127289,0,127289,3324604.454,-0.516,-0.202,-0.086,-0.828,0,0,1864,0,2829,107,2867,1339,59,1.331,1,2157,0,408.635,20.373,-150.625,-378.625,30.625,-0.891,0.977,2.887,17.730,10.035,11.102,0.664,0.460,1.532,1.357,3,NULL,NULL,,3,0,2,7,255,1014,250,0,0
stim,97168,127289,0,127289,3324609.455,-0.514,-0.220,-0.089,-0.824,0,0,1785,0,2783,103,2803,1204,59,1.331,1,2157,0,437.525,22.938,-167.188,-404.125,12.625,-0.973,1.031,3.109,19.449,12.160,11.102,0.724,0.520,1.532,1.357,3,NULL,NULL,,3,0,2,7,255,1014,250,0,0
stim,97168,127289,0,127289,3324614.454,-0.511,-0.240,-0.091,-0.820,0,0,1676,0,2699,104,2709,1055,59,1.331,1,2157,0,476.332,25.260,-206.875,-429.063,-0.438,-0.949,1.211,3.109,21.484,13.285,11.102,0.794,0.592,1.532,1.357,3,NULL,NULL,,3,0,2,7,255,1014,250,0,0
stim,97168,127289,0,127289,3324619.455,-0.506,-0.261,-0.093,-0.817,0,0,1551,0,2611,85,2604,934,59,1.331,1,2157,0,505.151,25.891,-233.438,-447.063,-28.625,-0.836,1.047,2.992,22.223,13.285,10.551,0.872,0.672,1.532,1.357,3,NULL,NULL,,3,0,2,7,255,1014,250,0,0
stim,97168,127289,0,127289,3324624.454,-0.500,-0.282,-0.096,-0.813,0,0,1334,0,2457,68,2447,805,59,1.331,1,2157,0,512.354,25.891,-212.438,-463.938,-46.250,-0.762,0.703,3.090,22.223,13.285,9.797,0.958,0.758,1.532,1.357,3,NULL,NULL,,3,0,2,7,255,1014,250,0,0
stim,97189,127310,0,127310,3324629.455,-0.495,-0.304,-0.099,-0.808,0,0,1135,0,2281,60,2251,715,59,1.331,1,2157,0,528.068,25.129,-209.500,-483.938,-27.750,-0.801,0.523,3.227,20.176,14.980,9.758,1.050,0.852,1.532,1.357,3,NULL,NULL,,3,0,2,7,255,1014,250,0,0
stim,97189,127310,0,127310,3324634.454,-0.490,-0.327,-0.101,-0.802,0,0,887,0,2041,5,1975,611,59,1.331,1,2157,0,561.168,26.470,-240.688,-506.875,-7.563,-0.820,0.227,3.141,20.094,17.230,9.758,1.148,0.952,1.532,1.357,3,NULL,NULL,,3,0,2,7,255,1014,250,0,0
stim,97189,127310,0,127310,3324639.455,-0.485,-0.351,-0.102,-0.794,0,0,581,0,1791,0,1669,555,59,1.331,1,2157,0,594.342,25.550,-273.250,-527.625,13.750,-0.680,-0.141,2.660,18.125,18.008,8.188,1.254,1.058,1.532,1.357,3,NULL,NULL,,3,0,2,7,255,1014,250,0,0
stim,97189,127310,0,127310,3324644.454,-0.480,-0.375,-0.104,-0.786,0,0,382,0,1505,0,1229,493,59,1.331,1,2157,0,591.182,22.401,-249.750,-535.313,23.688,-0.457,-0.281,2.008,13.324,18.008,5.051,1.366,1.168,1.532,1.357,3,NULL,NULL,,3,0,2,7,255,1014,250,0,0
stim,97219,127340,0,127340,3324649.455,-0.477,-0.397,-0.110,-0.776,0,0,227,0,1183,0,628,427,59,1.331,1,2157,0,566.580,17.800,-143.813,-545.188,55.688,-0.531,-0.195,1.984,9.992,14.730,1.285,1.482,1.282,1.532,1.357,3,NULL,NULL,,3,0,2,7,255,1014,250,0,0
stim,97219,127340,0,127340,3324654.454,-0.478,-0.418,-0.117,-0.764,0,0,153,0,863,0,73,397,59,1.331,1,2157,0,573.186,17.800,-50.875,-560.313,109.563,-0.961,0.141,2.613,9.992,14.730,-0.406,1.604,1.402,1.532,1.357,3,NULL,NULL,,3,0,2,7,255,1014,250,0,0
stim,97219,127340,0,127340,3324659.455,-0.477,-0.438,-0.123,-0.751,0,0,126,0,465,0,0,331,59,1.331,1,2157,0,575.981,25.909,-93.000,-557.875,109.000,-1.453,0.656,2.895,16.992,19.559,-1.379,1.730,1.526,1.532,1.357,3,NULL,NULL,,3,0,2,7,255,1014,250,0,0
stim,97219,127340,0,127340,3324664.453,-0.473,-0.460,-0.126,-0.741,0,0,105,0,127,0,0,305,59,1.331,1,2157,0,570.738,30.559,-205.438,-529.063,60.250,-1.273,1.250,2.613,23.480,19.559,-6.090,1.858,1.652,1.532,1.357,3,NULL,NULL,,3,0,2,7,255,1014,250,0,0
stim,97219,127340,0,127340,3324669.455,-0.464,-0.482,-0.125,-0.733,0,0,79,0,0,0,0,301,59,1.331,1,2157,0,576.758,30.901,-333.750,-470.375,-2.813,-0.688,1.832,2.129,26.375,16.102,-9.301,1.986,1.778,1.532,1.357,4,NULL,NULL,,3,0,2,7,255,1014,250,0,0
stim,97219,127340,0,127340,3324674.454,-0.454,-0.504,-0.116,-0.726,0,0,77,0,0,0,0,227,59,1.331,1,2157,0,613.664,27.155,-471.438,-389.875,48.250,-0.461,1.941,1.402,26.375,6.461,-10.031,2.114,1.902,1.532,1.357,0,NULL,NULL,,3,0,2,7,255,1014,250,0,0
stim,97269,127390,0,127390,3324679.455,-0.446,-0.526,-0.100,-0.718,0,0,79,0,0,0,0,161,59,1.331,1,2157,0,667.913,23.592,-565.750,-305.000,181.688,-1.176,1.652,0.238,23.590,-0.324,-13.098,2.242,2.028,1.532,1.357,0,NULL,NULL,,3,0,2,7,255,1014,250,0,0
stim,97269,127390,0,127390,3324684.453,-0.440,-0.544,-0.079,-0.710,0,0,83,0,0,0,0,111,59,1.331,1,2157,0,664.764,14.009,-578.500,-186.063,269.500,-1.242,1.301,-1.535,13.824,-2.270,-24.055,2.366,2.152,1.532,1.357,0,NULL,NULL,,3,0,2,7,255,1014,250,0,0
stim,97269,127390,0,127390,3324689.455,-0.434,-0.551,-0.069,-0.709,0,0,71,0,0,0,0,100,59,1.331,1,2157,0,328.987,6.111,-320.875,-54.750,47.688,-0.949,-0.133,-2.121,-1.957,-5.789,-24.863,2.488,2.274,1.532,1.357,0,NULL,NULL,,3,0,2,7,255,1014,250,0,0
stim,97269,127390,0,127390,3324694.454,-0.432,-0.549,-0.073,-0.712,0,0,80,0,0,0,0,93,59,1.331,1,2157,0,134.807,17.265,69.375,34.313,-110.375,-0.930,-1.895,-1.035,-16.266,-5.789,-24.863,2.600,2.388,1.532,1.357,0,NULL,NULL,,3,0,2,7,255,1014,250,0,0
stim,97269,127390,0,127390,3324699.455,-0.435,-0.542,-0.080,-0.714,0,0,79,0,0,0,0,87,59,1.331,1,2157,0,236.176,19.597,211.875,76.813,-70.625,-1.176,-1.668,0.883,-16.266,10.930,-14.242,2.696,2.484,1.532,1.357,0,NULL,NULL,,3,0,2,7,255,1014,250,0,0
stim,97269,127390,0,127390,3324704.454,-0.436,-0.537,-0.081,-0.718,0,0,81,0,0,0,0,53,59,1.331,1,2157,0,157.183,14.428,78.250,134.625,-21.438,-1.324,0.234,1.473,-4.621,13.668,-14.242,2.762,2.548,1.532,1.357,0,NULL,NULL,,3,0,2,7,255,1014,250,0,0
stim,97287,127408,0,127408,3324709.455,-0.436,-0.532,-0.075,-0.722,0,0,69,0,0,0,0,25,59,1.331,1,2157,0,192.914,18.514,-50.125,186.250,3.750,-1.336,1.910,0.742,12.488,13.668,-15.758,2.790,2.576,1.532,1.357,0,NULL,NULL,,3,0,2,7,255,1014,250,0,0
stim,97287,127408,0,127408,3324714.453,-0.436,-0.526,-0.070,-0.727,0,0,55,0,0,0,0,28,59,1.331,1,2157,0,205.612,18.762,-31.813,202.563,15.250,-1.379,2.348,0.305,18.754,-0.547,-24.617,2.794,2.578,1.532,1.357,0,NULL,NULL,,3,0,2,7,255,1014,250,0,0
stim,97287,127408,0,127408,3324719.455,-0.438,-0.518,-0.069,-0.731,0,0,37,0,0,0,0,28,59,1.331,1,2157,0,210.175,18.762,62.625,200.625,1.063,-1.242,0.949,0.172,18.754,-0.547,-24.617,2.796,2.576,1.532,1.357,0,NULL,NULL,,3,0,2,7,255,1014,250,0,0
stim,97287,127408,0,127408,3324724.454,-0.441,-0.510,-0.068,-0.735,0,0,35,0,0,0,0,26,59,1.331,1,2157,0,232.089,8.734,108.188,204.750,15.438,-1.129,-0.133,0.609,8.508,1.977,-22.449,2.816,2.592,1.532,1.357,0,NULL,NULL,,3,0,2,7,255,1014,250,0,0
stim,97287,127408,0,127408,3324729.455,-0.444,-0.502,-0.066,-0.740,0,0,30,0,0,0,0,27,59,1.331,1,2157,0,222.578,11.897,62.375,212.625,21.000,-1.270,-0.027,0.699,5.871,10.348,-16.410,2.848,2.622,1.532,1.357,0,NULL,NULL,,3,0,2,7,255,1014,250,0,0
stim,97287,127408,0,127408,3324734.454,-0.445,-0.494,-0.062,-0.744,0,0,28,0,0,0,0,28,59,1.331,1,2157,0,224.072,11.897,28.375,222.063,9.563,-1.148,0.512,0.250,5.871,10.348,-16.410,2.890,2.662,1.532,1.357,0,NULL,NULL,,3,0,2,7,255,1014,250,0,0
stim,97287,127408,0,127408,3324739.455,-0.446,-0.485,-0.060,-0.749,0,0,25,0,0,0,0,36,59,1.331,1,2157,0,237.335,7.884,55.938,230.625,-3.313,-0.969,0.828,-0.102,6.184,4.891,-19.336,2.938,2.712,1.532,1.357,0,NULL,NULL,,3,0,2,7,255,1014,250,0,0
stim,97287,127408,0,127408,3324744.453,-0.449,-0.475,-0.059,-0.754,0,0,20,0,0,0,0,28,59,1.331,1,2157,0,266.683,6.190,111.813,242.063,-4.875,-0.762,0.680,-0.078,6.184,0.281,-19.336,2.998,2.772,1.532,1.357,0,NULL,NULL,,3,0,2,7,255,1014,250,0,0
stim,97316,127437,0,127437,3324749.455,-0.453,-0.464,-0.058,-0.759,0,0,21,0,0,0,0,25,59,1.331,1,2157,0,292.852,5.226,141.438,255.938,15.938,-0.680,0.402,0.188,5.219,0.281,-18.332,3.066,2.838,1.532,1.357,0,NULL,NULL,,3,0,2,7,255,1014,250,0,0
stim,97316,127437,0,127437,3324754.453,-0.457,-0.452,-0.057,-0.764,0,0,21,0,0,0,0,27,59,1.331,1,2157,0,305.583,5.872,137.375,271.563,27.625,-0.730,0.293,0.355,5.219,2.691,-15.234,3.136,2.908,1.532,1.357,0,NULL,NULL,,3,0,2,7,255,1014,250,0,0
stim,97316,127437,0,127437,3324759.455,-0.461,-0.440,-0.055,-0.769,0,0,21,0,0,0,0,19,59,1.331,1,2157,0,315.226,7.063,131.563,285.000,28.875,-0.688,0.301,0.363,5.566,4.348,-14.133,3.206,2.976,1.532,1.357,0,NULL,NULL,,3,0,2,7,255,1014,250,0,0
stim,97316,127437,0,127437,3324764.454,-0.465,-0.427,-0.054,-0.774,0,0,19,0,0,0,0,18,59,1.331,1,2157,0,328.071,7.137,137.813,296.813,23.250,-0.555,0.398,0.414,5.660,4.348,-13.594,3.272,3.042,1.532,1.357,0,NULL,NULL,,3,0,2,7,255,1014,250,0,0
stim,97316,127437,0,127437,3324769.455,-0.469,-0.414,-0.052,-0.779,0,0,21,0,0,0,0,18,59,1.331,1,2157,0,339.557,7.269,145.938,305.125,30.000,-0.441,0.465,0.543,6.523,3.207,-12.449,3.334,3.104,1.532,1.357,0,NULL,NULL,,3,0,2,7,255,1014,250,0,0
stim,97316,127437,0,127437,3324774.454,-0.473,-0.400,-0.050,-0.783,0,0,19,0,0,0,0,21,59,1.331,1,2157,0,346.367,8.222,145.938,312.625,30.625,-0.422,0.426,0.645,7.570,3.207,-10.879,3.396,3.166,1.532,1.357,0,NULL,NULL,,3,0,2,7,255,1014,250,0,0
stim,97370,127491,0,127491,3324779.455,-0.477,-0.386,-0.048,-0.788,0,0,12,0,0,0,0,10,59,1.331,1,2157,0,354.626,8.240,144.438,321.313,40.688,-0.305,0.195,0.699,7.570,3.254,-9.723,3.458,3.226,1.532,1.357,0,NULL,NULL,,3,0,2,7,255,1014,250,0,0
stim,97370,127491,0,127491,3324784.454,-0.482,-0.372,-0.045,-0.792,0,0,19,0,0,0,0,8,59,1.331,1,2157,0,361.788,7.303,138.000,328.813,61.063,-0.332,0.121,0.766,6.148,3.941,-7.668,3.516,3.284,1.532,1.357,0,NULL,NULL,,3,0,2,7,255,1014,250,0,0
stim,97370,127491,0,127491,3324789.455,-0.486,-0.358,-0.042,-0.796,0,0,16,0,0,0,0,7,59,1.331,1,2157,0,367.434,7.777,132.500,335.250,71.125,-0.422,0.145,0.789,6.148,4.762,-7.098,3.570,3.338,1.532,1.357,0,NULL,NULL,,3,0,2,7,255,1014,250,0,0
stim,97370,127491,0,127491,3324794.454,-0.491,-0.343,-0.038,-0.800,0,0,20,0,0,0,0,6,59,1.331,1,2157,0,372.054,8.371,133.188,340.938,66.688,-0.453,0.180,0.832,6.453,5.332,-6.918,3.620,3.388,1.532,1.357,0,NULL,NULL,,3,0,2,7,255,1014,250,0,0
stim,97370,127491,0,127491,3324799.455,-0.495,-0.328,-0.035,-0.804,0,0,19,0,0,0,0,1,59,1.331,1,2157,0,376.877,8.627,134.688,346.750,60.500,-0.402,0.133,0.895,6.656,5.488,-6.805,3.668,3.436,1.532,1.357,0,NULL,NULL,,3,0,2,7,255,1014,250,0,0
stim,97370,127491,0,127491,3324804.453,-0.499,-0.313,-0.031,-0.807,0,0,16,0,0,0,0,0,59,1.331,1,2157,0,381.944,8.627,132.875,352.938,60.500,-0.363,0.098,0.941,6.656,5.488,-5.625,3.712,3.482,1.532,1.357,0,NULL,NULL,,3,0,2,7,255,1014,250,0,0
stim,97370,127491,0,127491,3324809.455,-0.503,-0.297,-0.027,-0.811,0,0,17,0,0,0,0,0,59,1.331,1,2157,0,386.871,8.421,130.063,358.688,64.000,-0.371,0.031,0.949,6.387,5.488,-4.672,3.754,3.522,1.532,1.357,0,NULL,NULL,,3,0,2,7,255,1014,250,0,0
stim,97370,127491,0,127491,3324814.454,-0.507,-0.282,-0.023,-0.814,0,0,19,0,0,0,0,0,59,1.331,1,2157,0,390.618,8.146,130.750,362.313,64.938,-0.422,0.000,0.938,5.789,5.730,-4.156,3.792,3.562,1.532,1.357,0,NULL,NULL,,3,0,2,7,255,1014,250,0,0
stim,97370,127491,0,127491,3324819.455,-0.511,-0.266,-0.019,-0.817,0,0,17,0,0,0,0,0,59,1.331,1,2157,0,393.306,8.223,137.125,363.875,59.000,-0.453,-0.027,0.941,5.500,6.113,-4.133,3.832,3.602,1.532,1.357,0,NULL,NULL,,3,0,2,7,255,1014,250,0,0
stim,97370,127491,0,127491,3324824.454,-0.514,-0.249,-0.016,-0.820,0,0,18,0,0,0,0,0,59,1.331,1,2157,0,394.950,8.260,146.250,363.250,51.438,-0.445,-0.063,0.977,5.258,6.371,-3.922,3.870,3.642,1.532,1.357,0,NULL,NULL,,3,0,2,7,255,1014,250,0,0
stim,97392,127513,0,127513,3324829.455,-0.517,-0.233,-0.013,-0.823,0,0,18,0,0,0,0,0,59,1.331,1,2157,0,395.318,8.049,153.938,361.125,46.563,-0.422,-0.094,1.027,4.914,6.375,-3.211,3.910,3.682,1.532,1.357,0,NULL,NULL,,3,0,2,7,255,1014,250,0,0
stim,97392,127513,0,127513,3324834.454,-0.520,-0.216,-0.010,-0.826,0,0,20,0,0,0,0,0,59,1.331,1,2157,0,394.135,7.860,160.000,357.500,44.000,-0.402,-0.098,1.070,4.598,6.375,-2.309,3.950,3.722,1.532,1.357,0,NULL,NULL,,3,0,2,7,255,1014,250,0,0
stim,97392,127513,0,127513,3324839.455,-0.523,-0.200,-0.008,-0.828,0,0,19,0,0,0,0,0,59,1.331,1,2157,0,392.410,7.582,167.500,352.438,41.438,-0.371,-0.090,1.105,4.453,6.137,-1.582,3.988,3.764,1.532,1.357,0,NULL,NULL,,3,0,2,7,255,1014,250,0,0
stim,97392,127513,0,127513,3324844.454,-0.526,-0.183,-0.006,-0.831,0,0,21,0,0,0,0,0,59,1.331,1,2157,0,391.072,7.172,177.125,346.500,38.750,-0.324,-0.098,1.156,4.297,5.742,-0.938,4.028,3.804,1.532,1.357,0,NULL,NULL,,3,0,2,7,255,1014,250,0,0
stim,97418,127539,0,127539,3324849.455,-0.528,-0.167,-0.005,-0.833,0,0,19,0,0,0,0,1,59,1.331,1,2157,0,389.992,6.616,186.938,340.125,38.250,-0.281,-0.094,1.242,3.996,5.273,-0.098,4.064,3.842,1.532,1.357,0,NULL,NULL,,3,0,2,7,255,1014,250,0,0
stim,97418,127539,0,127539,3324854.453,-0.531,-0.150,-0.004,-0.834,0,0,17,0,0,0,0,0,59,1.331,1,2157,0,388.878,6.249,194.688,334.375,38.938,-0.250,-0.063,1.348,3.957,4.836,1.023,4.100,3.880,1.532,1.357,0,NULL,NULL,,3,0,2,7,255,1014,250,0,0
stim,97418,127539,0,127539,3324859.455,-0.533,-0.133,-0.003,-0.835,0,0,19,0,0,0,0,0,59,1.331,1,2157,0,386.130,5.893,198.375,328.563,42.313,-0.262,-0.047,1.441,3.957,4.367,2.246,4.134,3.918,1.532,1.357,0,NULL,NULL,,3,0,2,7,255,1014,250,0,0
stim,97418,127539,0,127539,3324864.453,-0.535,-0.117,-0.003,-0.836,0,0,19,0,0,0,0,19,59,1.331,1,2157,0,384.355,5.893,202.000,324.063,43.688,-0.277,-0.070,1.520,3.957,4.367,3.258,4.166,3.952,1.532,1.357,0,NULL,NULL,,3,0,2,7,255,1014,250,0,0
stim,97438,127559,0,127559,3324869.455,-0.538,-0.100,-0.002,-0.837,0,0,22,0,0,0,0,23,59,1.331,1,2157,0,382.681,5.719,205.188,320.063,43.625,-0.309,-0.090,1.613,3.664,4.391,4.191,4.196,3.986,1.532,1.357,0,NULL,NULL,,3,0,2,7,255,1014,250,0,0
stim,97438,127559,0,127559,3324874.454,-0.540,-0.084,-0.002,-0.838,0,0,21,0,0,0,0,31,59,1.331,1,2157,0,379.934,5.566,206.188,316.375,41.750,-0.320,-0.063,1.719,3.410,4.398,5.234,4.222,4.016,1.532,1.357,0,NULL,NULL,,3,0,2,7,255,1014,250,0,0
stim,97468,127589,0,127589,3324879.455,-0.541,-0.067,-0.002,-0.838,0,0,25,0,0,0,0,41,59,1.331,1,2157,0,375.972,5.554,203.938,313.438,39.000,-0.316,-0.051,1.820,3.391,4.398,6.379,4.244,4.042,1.532,1.357,0,NULL,NULL,,3,0,2,7,255,1014,250,0,0
stim,97468,127589,0,127589,3324884.453,-0.543,-0.051,-0.002,-0.838,0,0,35,0,0,0,0,39,59,1.331,1,2157,0,370.300,5.177,197.375,310.750,40.000,-0.336,-0.078,1.871,3.184,4.082,7.516,4.262,4.066,1.532,1.357,0,NULL,NULL,,3,0,2,7,255,1014,250,0,0
stim,97468,127589,0,127589,3324889.455,-0.545,-0.035,-0.002,-0.838,0,0,35,0,0,0,0,45,59,1.331,1,2157,0,365.608,4.835,195.563,306.250,40.438,-0.328,-0.109,1.957,2.598,4.078,8.191,4.278,4.084,1.532,1.357,0,NULL,NULL,,3,0,2,7,255,1014,250,0,0
stim,97468,127589,0,127589,3324894.454,-0.546,-0.019,-0.001,-0.838,0,0,33,0,0,0,0,43,59,1.331,1,2157,0,359.153,4.277,190.500,302.000,38.688,-0.297,-0.145,1.988,1.875,3.844,9.180,4.288,4.102,1.532,1.357,0,NULL,NULL,,3,0,2,7,255,1014,250,0,0
stim,97468,127589,0,127589,3324899.456,-0.547,-0.004,-0.001,-0.837,0,0,37,0,0,0,0,51,59,1.331,1,2157,0,355.129,3.500,187.125,299.125,40.313,-0.262,-0.160,1.969,0.941,3.371,9.531,4.296,4.114,1.532,1.357,0,NULL,NULL,,3,0,2,7,255,1014,250,0,0
stim,97468,127589,1,127589,3324904.454,-0.548,0.012,-0.001,-0.836,0,0,35,0,0,0,0,48,59,1.331,1,2157,0,357.211,2.765,196.063,295.438,43.313,-0.230,-0.188,2.016,0.145,2.762,9.633,4.302,4.124,1.532,1.357,0,NULL,NULL,,3,1,2,7,255,1014,250,0,0
stim,97468,127589,1,127589,3324909.455,-0.550,0.028,-0.001,-0.835,0,0,41,0,0,0,0,51,59,1.331,1,2157,0,360.333,2.364,205.063,292.875,44.875,-0.203,-0.230,2.098,-0.727,2.250,10.008,4.304,4.132,1.532,1.357,0,NULL,NULL,,3,1,2,7,255,1014,250,0,0
stim,97468,127589,1,127589,3324914.454,-0.551,0.043,-0.002,-0.834,0,0,39,0,0,0,0,53,59,1.331,1,2157,0,361.947,2.508,209.313,291.750,45.563,-0.137,-0.273,2.164,-1.762,1.785,10.828,4.304,4.138,1.532,1.357,0,NULL,NULL,,3,1,2,7,255,1014,250,0,0
stim,97468,127589,1,127589,3324919.455,-0.552,0.059,-0.002,-0.832,0,0,41,0,0,0,0,57,59,1.331,1,2157,0,364.673,3.139,214.813,290.938,46.875,-0.043,-0.309,2.203,-2.980,0.984,11.410,4.300,4.140,1.532,1.357,0,NULL,NULL,,3,1,2,7,255,1014,250,0,0
stim,97468,127589,1,127589,3324924.454,-0.552,0.075,-0.004,-0.830,0,0,40,0,0,0,0,61,59,1.331,1,2157,0,371.058,4.247,226.438,289.938,48.438,0.082,-0.336,2.277,-4.246,-0.086,11.613,4.294,4.140,1.532,1.357,0,NULL,NULL,,3,1,2,7,255,1014,250,0,0
stim,97499,127620,1,127620,3324929.455,-0.553,0.091,-0.005,-0.828,0,0,41,0,0,0,0,63,59,1.331,1,2157,0,379.030,5.828,240.125,288.938,50.188,0.270,-0.379,2.383,-5.625,-1.523,12.023,4.284,4.138,1.532,1.357,0,NULL,NULL,,3,1,2,7,255,1014,250,0,0
stim,97499,127620,1,127620,3324934.454,-0.554,0.107,-0.008,-0.826,0,0,41,0,0,0,0,75,59,1.331,1,2157,0,386.296,8.236,251.438,288.250,54.000,0.512,-0.422,2.504,-7.465,-3.480,12.574,4.272,4.132,1.532,1.357,0,NULL,NULL,,3,1,2,7,255,1014,250,0,0
stim,97499,127620,1,127620,3324939.455,-0.554,0.124,-0.010,-0.823,0,0,43,0,0,0,0,77,59,1.331,1,2157,0,393.629,11.299,260.813,288.000,63.063,0.762,-0.449,2.609,-9.566,-6.012,12.980,4.256,4.120,1.532,1.357,0,NULL,NULL,,3,1,2,7,255,1014,250,0,0
stim,97499,127620,1,127620,3324944.453,-0.555,0.141,-0.013,-0.819,0,0,41,0,0,0,0,75,59,1.331,1,2157,0,402.766,14.441,270.375,288.375,77.188,0.965,-0.477,2.734,-11.574,-8.637,13.094,4.232,4.104,1.532,1.357,0,NULL,NULL,,3,1,2,7,255,1014,250,0,0
stim,97499,127620,1,127620,3324949.455,-0.557,0.158,-0.017,-0.815,0,0,51,0,0,0,0,79,59,1.331,1,2157,0,407.988,17.299,272.563,288.625,94.125,1.098,-0.547,2.848,-13.438,-10.895,13.309,4.202,4.080,1.532,1.357,0,NULL,NULL,,3,1,2,7,255,1014,250,0,0
stim,97499,127620,1,127620,3324954.454,-0.559,0.175,-0.020,-0.810,0,0,57,0,0,0,0,88,59,1.331,1,2157,0,410.389,19.794,269.313,287.938,113.938,1.094,-0.652,2.965,-15.449,-12.375,13.340,4.160,4.044,1.532,1.357,0,NULL,NULL,,3,1,2,7,255,1014,250,0,0
stim,97534,127655,1,127655,3324959.455,-0.561,0.191,-0.023,-0.805,0,0,69,0,3,0,0,90,59,1.331,1,2157,0,406.492,21.427,259.313,287.188,124.563,1.004,-0.617,3.117,-17.336,-12.594,13.574,4.110,4.002,1.532,1.357,0,NULL,NULL,,3,1,2,7,255,1014,250,0,0
stim,97534,127655,1,127655,3324964.453,-0.563,0.207,-0.025,-0.800,0,0,70,0,10,0,0,91,59,1.331,1,2157,0,388.386,21.841,240.063,285.688,107.688,1.004,-0.492,3.273,-17.809,-12.645,14.566,4.054,3.950,1.532,1.357,0,NULL,NULL,,3,1,2,7,255,1014,250,0,0
stim,97534,127655,1,127655,3324969.455,-0.564,0.222,-0.026,-0.795,0,0,59,0,25,0,0,91,59,1.331,1,2157,0,362.812,22.593,207.188,281.250,98.000,1.156,-0.531,3.293,-17.840,-13.863,14.566,3.988,3.892,1.532,1.357,0,NULL,NULL,,3,1,2,7,255,1014,250,0,0
stim,97534,127655,1,127655,3324974.454,-0.565,0.236,-0.026,-0.790,0,0,44,0,61,0,0,101,59,1.331,1,2157,0,333.999,24.784,169.625,275.750,82.125,1.473,-0.672,3.227,-19.219,-15.648,14.473,3.916,3.826,1.532,1.357,0,NULL,NULL,,3,1,2,7,255,1014,250,0,0
stim,97567,127688,1,127688,3324979.455,-0.567,0.248,-0.024,-0.785,0,0,45,0,89,0,0,116,59,1.331,1,2157,0,307.330,28.181,131.813,265.625,80.750,1.641,-1.039,2.977,-21.406,-18.328,11.750,3.836,3.752,1.532,1.357,0,NULL,NULL,,3,1,2,7,255,1014,250,0,0
stim,97567,127688,1,127688,3324984.454,-0.568,0.259,-0.022,-0.781,0,0,43,0,107,0,0,125,59,1.331,1,2157,0,282.395,30.523,97.688,251.625,83.000,1.813,-1.191,2.566,-24.305,-18.465,7.219,3.748,3.672,1.532,1.357,0,NULL,NULL,,3,1,2,7,255,1014,250,0,0
stim,97567,127688,1,127688,3324989.455,-0.570,0.269,-0.020,-0.776,0,0,41,0,149,0,0,171,59,1.331,1,2157,0,261.941,30.813,87.375,235.688,73.688,1.969,-1.340,2.141,-24.379,-18.844,1.922,3.650,3.584,1.532,1.357,0,NULL,NULL,,3,1,2,7,255,1014,250,0,0
stim,97567,127688,1,127688,3324994.454,-0.571,0.279,-0.019,-0.772,0,0,40,0,181,0,0,220,59,1.331,1,2157,0,245.854,30.935,103.188,214.438,61.750,2.188,-1.438,1.898,-24.504,-18.883,-3.414,3.542,3.486,1.532,1.357,0,NULL,NULL,,3,1,2,7,255,1014,250,0,0
stim,97567,127688,1,127688,3324999.455,-0.571,0.289,-0.018,-0.768,0,0,35,0,208,0,0,232,59,1.331,1,2157,0,231.502,31.706,115.125,193.625,53.375,2.508,-1.465,1.766,-24.586,-20.020,-7.262,3.430,3.382,1.532,1.357,0,NULL,NULL,,3,1,2,7,255,1014,250,0,0
stim,97567,127688,1,127688,3325004.454,-0.571,0.297,-0.019,-0.765,0,0,37,0,245,0,0,253,59,1.331,1,2157,0,214.110,33.438,120.750,170.313,47.500,2.855,-1.570,1.668,-24.781,-22.449,-10.379,3.310,3.272,1.532,1.357,0,NULL,NULL,,3,1,2,7,255,1014,250,0,0
stim,97587,127708,1,127708,3325009.457,-0.571,0.305,-0.020,-0.762,0,0,37,0,259,0,0,265,59,1.331,1,2157,0,195.757,35.805,119.438,149.000,43.063,3.203,-1.754,1.531,-25.723,-24.906,-13.602,3.188,3.158,1.532,1.357,0,NULL,NULL,,3,1,2,7,255,1014,250,0,0
stim,97587,127708,1,127708,3325014.454,-0.571,0.313,-0.021,-0.759,0,0,37,0,269,0,0,283,59,1.331,1,2157,0,184.245,38.170,123.813,128.500,45.875,3.453,-1.957,1.363,-27.070,-26.910,-17.438,3.062,3.040,1.532,1.357,0,NULL,NULL,,3,1,2,7,255,1014,250,0,0
stim,97587,127708,1,127708,3325019.455,-0.570,0.319,-0.024,-0.756,0,0,37,0,275,0,0,279,59,1.331,1,2157,0,182.802,39.007,144.125,100.875,49.688,3.516,-2.383,1.340,-28.238,-26.910,-21.172,2.934,2.920,1.532,1.357,0,NULL,NULL,,3,1,2,7,255,1014,250,0,0
stim,97587,127708,1,127708,3325024.454,-0.570,0.326,-0.029,-0.754,0,0,38,0,275,0,0,287,59,1.331,1,2157,0,199.112,41.486,177.188,71.563,55.938,3.355,-2.445,1.406,-31.598,-26.883,-23.309,2.802,2.794,1.532,1.357,0,NULL,NULL,,3,1,2,7,255,1014,250,0,0
stim,97587,127708,1,127708,3325029.455,-0.569,0.332,-0.035,-0.751,0,0,35,0,266,0,0,303,59,1.331,1,2157,0,212.222,41.799,194.938,31.813,77.625,3.273,-1.977,2.246,-32.008,-26.883,-23.309,2.664,2.660,1.532,1.357,0,NULL,NULL,,3,1,2,7,255,1014,250,0,0
stim,97587,127708,1,127708,3325034.455,-0.570,0.335,-0.041,-0.749,0,0,37,0,265,0,0,309,59,1.331,1,2157,0,164.118,41.321,138.063,-5.500,88.563,2.789,-2.066,2.688,-32.008,-26.133,-15.066,2.520,2.520,1.532,1.357,0,NULL,NULL,,3,1,2,7,255,1014,250,0,0
stim,97587,127708,1,127708,3325039.454,-0.569,0.337,-0.046,-0.748,0,0,40,0,233,0,0,309,59,1.331,1,2157,0,124.693,41.321,115.813,-37.688,26.750,1.773,-1.750,2.402,-32.008,-26.133,-10.117,2.368,2.370,1.532,1.357,0,NULL,NULL,,3,1,2,7,255,1014,250,0,0
stim,97587,127708,1,127708,3325044.455,-0.566,0.337,-0.051,-0.751,0,0,37,0,175,0,0,331,59,1.331,1,2157,0,153.729,36.144,115.250,-77.688,-65.688,2.004,-1.391,2.809,-29.117,-21.414,-6.621,2.206,2.212,1.532,1.357,0,NULL,NULL,,3,1,2,7,255,1014,250,0,0
stim,97618,127739,1,127739,3325049.454,-0.563,0.335,-0.055,-0.753,0,0,28,53,119,0,0,444,59,1.331,1,2157,0,127.771,35.949,55.063,-103.250,-51.313,1.988,-1.246,2.906,-28.875,-21.414,-3.078,2.034,2.044,1.532,1.357,0,NULL,NULL,,3,1,2,7,255,1014,250,0,0
stim,97618,127739,1,127739,3325054.455,-0.562,0.333,-0.064,-0.755,660,0,26,878,83,36,0,586,59,1.331,1,2157,0,233.249,35.949,151.063,-174.875,31.688,0.813,-1.688,4.129,-28.875,-21.414,-1.488,1.856,1.868,1.532,1.357,0,NULL,NULL,,3,1,2,7,255,1014,250,0,0
stim,97618,127739,1,127739,3325059.454,-0.567,0.332,-0.088,-0.749,1432,0,11,1481,0,287,0,632,59,1.331,1,2157,0,575.651,41.337,352.875,-290.813,349.688,-0.133,0.566,7.352,-36.637,-19.145,11.082,1.676,1.694,1.532,1.357,0,NULL,NULL,,3,1,2,7,255,1014,250,0,0
stim,97618,127739,1,127739,3325064.455,-0.587,0.309,-0.074,-0.745,2002,0,0,1837,0,521,0,729,59,1.331,1,2157,0,768.753,38.876,-686.625,-150.500,311.250,-0.676,2.684,3.727,-36.637,-13.004,34.109,1.496,1.520,1.532,1.357,0,NULL,NULL,,3,1,2,7,255,1014,250,0,0
stim,97618,127739,1,127739,3325069.454,-0.604,0.279,-0.052,-0.744,2322,0,0,2079,0,781,0,806,59,1.331,1,2158,0,937.842,11.917,-898.625,-175.750,202.813,-0.840,3.281,-0.258,3.930,-11.250,34.109,1.318,1.352,1.532,1.357,1,992.000,-22.000,,3,1,2,7,255,1014,250,0,0
stim,97618,127739,1,127739,3325074.455,-0.617,0.260,-0.040,-0.742,2507,0,0,2200,0,989,0,909,59,1.331,1,2158,0,585.358,28.992,-540.063,-133.188,182.313,-1.480,2.246,-1.902,28.992,0.055,3.434,1.150,1.196,1.532,1.357,1,NULL,NULL,,3,1,2,7,255,1014,250,0,0
stim,97669,127790,1,127790,3325079.454,-0.620,0.252,-0.039,-0.742,2619,0,0,2293,0,1203,0,990,59,1.331,1,2158,0,193.973,30.871,-135.063,-129.375,51.438,-1.184,0.953,-0.715,28.992,10.605,-8.973,0.982,1.038,1.532,1.357,1,NULL,NULL,,3,1,2,7,255,1014,250,0,0
stim,97669,127790,1,127790,3325084.455,-0.620,0.250,-0.045,-0.743,2713,0,0,2365,0,1395,0,1101,59,1.331,1,2158,0,140.443,16.342,62.000,-123.563,24.750,-0.219,1.586,1.504,12.434,10.605,-8.973,0.816,0.878,1.532,1.357,1,NULL,NULL,,3,1,2,7,255,1014,250,0,0
stim,97669,127790,1,127790,3325089.454,-0.624,0.245,-0.049,-0.740,2824,0,0,2509,0,1543,0,1178,59,1.331,1,2158,0,190.681,13.463,-26.188,-127.125,139.688,0.129,2.820,2.301,12.434,-5.164,9.301,0.662,0.722,1.532,1.357,2,NULL,NULL,,3,1,2,7,255,1014,250,0,0
stim,97669,127790,1,127790,3325094.455,-0.633,0.235,-0.048,-0.736,2921,0,0,2671,0,1608,0,1267,59,1.331,1,2158,0,309.642,9.872,-214.313,-120.750,188.063,-0.816,1.637,2.363,8.414,-5.164,18.684,0.548,0.618,1.532,1.357,2,NULL,NULL,,3,1,2,7,255,1014,250,0,0
stim,97669,127790,1,127790,3325099.454,-0.643,0.219,-0.041,-0.733,2989,0,0,2803,0,1644,0,1342,59,1.331,1,2158,0,473.974,6.709,-401.563,-159.063,195.188,-2.180,-1.000,0.711,6.652,-0.871,18.684,0.488,0.584,1.532,1.357,2,NULL,NULL,,3,1,2,7,255,1014,250,0,0
stim,97669,127790,1,127790,3325104.455,-0.647,0.203,-0.034,-0.734,3043,0,0,2904,0,1695,0,1463,59,1.331,1,2158,0,398.509,21.678,-361.063,-167.250,21.688,-1.750,-1.266,-0.844,-7.840,20.211,-0.797,0.472,0.588,1.532,1.357,2,NULL,NULL,,3,1,2,7,255,1014,250,0,0
stim,97669,127790,1,127790,3325109.454,-0.644,0.195,-0.036,-0.739,3081,0,0,2985,0,1742,0,1583,59,1.331,1,2158,0,222.697,21.678,-83.625,-177.250,-105.750,-0.449,-0.648,-0.672,-7.840,20.211,-16.605,0.478,0.592,1.532,1.357,2,NULL,NULL,,3,1,2,7,255,1014,250,0,0
stim,97669,127790,1,127790,3325114.455,-0.639,0.193,-0.043,-0.743,3108,0,0,3043,0,1801,0,1655,59,1.331,1,2158,0,221.896,9.423,103.875,-161.250,-111.563,0.590,-0.266,1.180,-6.773,6.551,-16.605,0.492,0.576,1.532,1.357,2,NULL,NULL,,3,1,2,7,255,1014,250,0,0
stim,97669,127790,1,127790,3325119.455,-0.637,0.190,-0.048,-0.745,3125,0,0,3089,0,1855,0,1685,59,1.331,1,2158,0,145.114,10.039,48.813,-130.938,-39.125,1.023,-0.383,2.410,-6.773,-7.410,-1.125,0.512,0.554,1.532,1.357,2,NULL,NULL,,3,1,2,7,255,1014,250,0,0
stim,97669,127790,1,127790,3325124.454,-0.640,0.182,-0.047,-0.745,3131,0,0,3120,0,1914,0,1707,59,1.331,1,2158,0,190.123,16.222,-135.125,-121.688,55.500,0.816,-0.824,2.520,-12.238,-10.648,8.910,0.542,0.530,1.532,1.357,2,NULL,NULL,,3,1,2,7,255,1014,250,0,0
stim,97691,127812,1,127812,3325129.455,-0.646,0.171,-0.042,-0.742,3149,0,0,3159,0,1991,0,1716,59,1.331,1,2158,0,326.522,17.902,-280.250,-107.313,128.688,0.184,-1.090,1.430,-14.391,-10.648,8.910,0.574,0.502,1.532,1.357,2,NULL,NULL,,3,1,2,7,255,1014,250,0,0
stim,97691,127812,1,127812,3325134.454,-0.653,0.160,-0.038,-0.740,3155,0,0,3174,0,2040,0,1723,59,1.331,1,2158,0,302.877,14.595,-251.063,-102.688,134.750,-0.504,-1.055,0.285,-14.391,-2.434,0.375,0.602,0.464,1.532,1.357,2,NULL,NULL,,3,1,2,7,255,1014,250,0,0
stim,97691,127812,1,127812,3325139.455,-0.656,0.153,-0.037,-0.738,3160,0,0,3189,0,2103,0,1749,59,1.331,1,2158,0,185.289,11.774,-131.250,-110.000,70.750,-0.906,-0.586,0.387,-10.266,5.766,-5.891,0.618,0.412,1.532,1.357,2,NULL,NULL,,3,1,2,7,255,1014,250,0,0
stim,97691,127812,1,127812,3325144.454,-0.656,0.148,-0.039,-0.739,3161,0,0,3197,43,2160,0,1769,59,1.331,1,2158,0,128.894,8.123,-57.875,-115.000,6.250,-0.352,0.039,0.891,-5.723,5.766,-5.891,0.622,0.346,1.532,1.357,2,NULL,NULL,,3,1,2,7,255,1014,250,0,0
stim,97714,127835,1,127835,3325149.455,-0.657,0.142,-0.039,-0.740,3162,0,0,3208,106,2201,0,1791,59,1.331,1,2158,0,131.954,2.999,-71.250,-111.063,0.625,-0.129,0.102,1.398,-2.199,2.039,-0.770,0.626,0.274,1.532,1.357,2,NULL,NULL,,3,1,2,7,255,1014,250,0,0
stim,97714,127835,0,127835,3325154.453,-0.657,0.135,-0.039,-0.740,3159,0,0,3213,185,2237,0,1819,59,1.331,1,2158,0,160.159,2.211,-120.688,-105.250,2.813,-0.129,-0.102,1.246,-2.199,-0.230,1.980,0.640,0.212,1.532,1.357,2,NULL,NULL,,3,0,2,7,255,1019,250,0,0
stim,97714,127835,0,127835,3325159.455,-0.658,0.129,-0.038,-0.741,3161,0,0,3217,415,2303,0,1907,59,1.331,1,2158,0,149.388,3.640,-111.688,-99.188,-2.125,-0.109,-0.344,0.723,-3.633,-0.230,1.980,0.658,0.174,1.532,1.357,2,NULL,NULL,,3,0,2,7,255,1019,250,0,0
stim,97714,127835,0,127835,3325164.453,-0.658,0.124,-0.039,-0.742,3157,0,0,3215,547,2341,75,1975,59,1.331,1,2158,0,112.074,4.727,-58.188,-94.375,-16.375,-0.074,-0.348,0.992,-4.727,0.012,-0.922,0.676,0.162,1.532,1.357,2,NULL,NULL,,3,0,2,7,255,1019,250,0,0
stim,97751,127872,0,127872,3325169.455,-0.656,0.122,-0.040,-0.744,3155,0,0,3213,747,2375,71,2055,59,1.331,1,2158,0,80.250,4.727,-13.625,-61.375,-49.875,0.242,-0.109,1.531,-4.727,0.012,-0.922,0.690,0.162,1.532,1.357,2,NULL,NULL,,3,0,2,7,255,1019,250,0,0
stim,97751,127872,0,127872,3325174.454,-0.655,0.119,-0.040,-0.745,3155,0,0,3213,903,2395,94,2101,59,1.331,1,2158,0,56.568,5.869,-30.938,-41.938,-22.000,0.582,0.148,1.203,-4.441,-3.836,1.238,0.700,0.166,1.532,1.357,2,NULL,NULL,,3,0,2,7,255,1019,250,0,0
stim,97751,127872,0,127872,3325179.455,-0.656,0.117,-0.040,-0.745,3155,0,0,3215,998,2413,117,2141,59,1.331,1,2158,0,55.577,4.178,-41.250,-37.063,3.688,0.066,0.184,1.328,-1.656,-3.836,3.156,0.704,0.162,1.532,1.357,2,NULL,NULL,,3,0,2,7,255,1019,250,0,0
stim,97751,127872,0,127872,3325184.453,-0.656,0.114,-0.038,-0.746,3148,0,0,3151,1083,2430,123,2185,59,1.331,1,2158,0,72.401,2.766,-64.938,-27.875,-15.750,-0.277,-0.043,1.027,-1.656,-2.215,1.238,0.698,0.148,1.532,1.357,2,NULL,NULL,,3,0,2,7,255,1019,250,0,0
stim,97751,127872,0,127872,3325189.455,-0.655,0.112,-0.037,-0.747,3157,0,0,3209,1161,2445,137,2220,59,1.331,1,2158,0,64.679,1.199,-49.125,-29.688,-29.813,-0.160,0.055,0.746,-0.969,0.707,0.285,0.682,0.122,1.532,1.357,2,NULL,NULL,,3,0,2,7,255,1019,250,0,0
stim,97751,127872,0,127872,3325194.454,-0.653,0.110,-0.037,-0.748,3156,0,0,3213,1244,2456,141,2262,59,1.331,1,2158,0,56.484,1.014,-22.188,-26.375,-44.750,-0.102,0.148,1.047,-0.727,0.707,0.285,0.664,0.094,1.532,1.357,2,NULL,NULL,,3,0,2,7,255,1019,250,0,0
stim,97788,127909,0,127909,3325199.455,-0.652,0.108,-0.036,-0.749,3147,6,0,3197,1326,2463,125,2293,59,1.331,1,2158,0,55.297,0.774,-24.750,-21.563,-44.500,0.078,0.125,1.145,-0.727,-0.266,0.609,0.650,0.076,1.532,1.357,2,NULL,NULL,,3,0,2,7,255,1019,250,0,0
stim,97788,127909,0,127909,3325204.454,-0.651,0.107,-0.036,-0.750,3149,22,0,3207,1403,2483,147,2301,59,1.331,1,2158,0,49.539,1.800,-37.500,-17.375,-27.313,0.039,0.066,1.063,-1.012,-1.488,0.609,0.644,0.066,1.532,1.357,2,NULL,NULL,,3,0,2,7,255,1019,250,0,0
stim,97788,127909,0,127909,3325209.455,-0.651,0.105,-0.035,-0.751,3142,31,0,3194,1448,2483,147,2327,59,1.331,1,2158,0,49.691,1.800,-41.188,-14.750,-23.563,-0.148,0.082,0.969,-1.012,-1.488,0.473,0.640,0.058,1.532,1.357,2,NULL,NULL,,3,0,2,7,255,1019,250,0,0
stim,97788,127909,0,127909,3325214.453,-0.650,0.104,-0.034,-0.752,3139,45,0,3175,1493,2489,148,2355,59,1.331,1,2158,0,49.442,0.766,-32.063,-13.188,-35.250,-0.141,0.191,0.953,-0.746,0.172,-0.188,0.636,0.052,1.532,1.357,2,NULL,NULL,,3,0,2,7,255,1019,250,0,0
stim,97788,127909,0,127909,3325219.455,-0.648,0.103,-0.033,-0.754,3135,58,0,3195,1545,2505,139,2362,59,1.331,1,2158,0,50.620,0.179,-23.938,-10.125,-43.438,-0.059,0.176,1.039,-0.051,0.172,-0.188,0.634,0.044,1.532,1.357,2,NULL,NULL,,3,0,2,7,255,1019,250,0,0
stim,97788,127909,0,127909,3325224.454,-0.647,0.102,-0.032,-0.755,3133,57,0,3189,1580,2503,126,2364,59,1.331,1,2158,0,47.516,0.682,-25.125,-6.813,-39.750,0.004,0.094,1.098,-0.051,-0.680,0.527,0.630,0.036,1.532,1.357,2,NULL,NULL,,3,0,2,7,255,1019,250,0,0
stim,97788,127909,0,127909,3325229.455,-0.646,0.100,-0.031,-0.756,3133,83,0,3179,1605,2511,125,2373,59,1.331,1,2158,0,42.821,1.085,-31.125,-4.500,-29.063,-0.035,0.109,1.082,-0.719,-0.813,0.813,0.630,0.034,1.532,1.357,2,NULL,NULL,,3,0,2,7,255,1019,250,0,0
stim,97788,127909,0,127909,3325234.454,-0.646,0.100,-0.030,-0.756,3119,102,17,3179,1625,2507,123,2393,59,1.331,1,2158,0,40.783,1.085,-30.063,-1.813,-27.500,-0.168,0.203,1.008,-0.719,-0.813,0.813,0.630,0.032,1.532,1.357,2,NULL,NULL,,3,0,2,7,255,1019,250,0,0
stim,97788,127909,0,127909,3325239.455,-0.644,0.099,-0.030,-0.758,3113,105,37,3183,1653,2502,109,2396,59,1.331,1,2158,0,48.361,0.629,-23.000,1.875,-42.500,-0.254,0.375,1.051,0.508,0.371,0.813,0.628,0.028,1.532,1.357,2,NULL,NULL,,3,0,2,7,255,1019,250,0,0
stim,97788,127909,0,127909,3325244.453,-0.643,0.099,-0.028,-0.759,3118,117,39,3151,1673,2507,110,2407,59,1.331,1,2158,0,65.821,2.076,-31.000,-0.375,-58.063,-0.160,0.383,1.164,2.043,0.371,1.129,0.626,0.024,1.532,1.357,2,NULL,NULL,,3,0,2,7,255,1019,250,0,0
stim,97817,127938,0,127938,3325249.455,-0.641,0.097,-0.027,-0.761,3101,135,87,3159,1711,2506,91,2408,59,1.331,1,2158,0,68.645,2.052,-46.000,-1.250,-50.938,-0.020,0.207,1.125,2.043,-0.188,1.336,0.626,0.020,1.532,1.357,2,NULL,NULL,,3,0,2,7,255,1019,250,0,0
stim,97817,127938,0,127938,3325254.453,-0.640,0.096,-0.025,-0.762,3091,135,92,3155,1741,2508,89,2423,59,1.331,1,2158,0,57.860,1.054,-48.000,-1.938,-32.250,-0.059,0.227,1.023,0.672,-0.813,1.336,0.626,0.014,1.532,1.357,2,NULL,NULL,,3,0,2,7,255,1019,250,0,0
stim,97817,127938,0,127938,3325259.455,-0.639,0.095,-0.024,-0.763,3078,141,91,3141,1779,2521,97,2428,59,1.331,1,2158,0,53.853,1.032,-44.875,-2.250,-29.688,-0.180,0.191,0.977,0.637,-0.813,0.422,0.628,0.010,1.532,1.357,2,NULL,NULL,,3,0,2,7,255,1019,250,0,0
stim,97817,127938,0,127938,3325264.454,-0.638,0.093,-0.022,-0.764,3063,143,128,3141,1814,2517,109,2449,59,1.331,1,2158,0,57.216,0.791,-43.375,-3.750,-37.125,-0.234,0.090,0.980,0.637,0.469,0.074,0.632,0.006,1.532,1.357,2,NULL,NULL,,3,0,2,7,255,1019,250,0,0
stim,97835,127956,0,127956,3325269.455,-0.637,0.092,-0.021,-0.765,3054,156,141,3118,1839,2509,112,2447,59,1.331,1,2158,0,60.204,0.998,-43.438,-6.813,-41.125,-0.207,0.043,0.969,-0.188,0.980,0.047,0.634,0.004,1.532,1.357,2,NULL,NULL,,3,0,2,7,255,1019,250,0,0
stim,97835,127956,0,127956,3325274.454,-0.636,0.090,-0.019,-0.766,3031,167,190,3097,1878,2513,125,2461,59,1.331,1,2158,0,60.196,1.161,-39.375,-6.938,-45.000,-0.176,-0.039,0.918,-0.621,0.980,-0.152,0.638,0.002,1.532,1.357,2,NULL,NULL,,3,0,2,7,255,1019,250,0,0
stim,97872,127993,0,127993,3325279.455,-0.635,0.089,-0.018,-0.768,3015,170,247,3102,1913,2513,142,2469,59,1.331,1,2158,0,54.126,1.619,-34.375,-8.188,-41.000,-0.117,-0.094,0.914,-1.359,0.879,-0.762,0.640,0.000,1.532,1.357,2,NULL,NULL,,3,0,2,7,255,1019,250,0,0
stim,97872,127993,0,127993,3325284.453,-0.634,0.088,-0.017,-0.768,3001,173,287,3078,1959,2505,209,2478,59,1.331,1,2158,0,41.052,2.078,-29.125,-12.688,-26.000,-0.141,-0.148,0.887,-1.926,0.781,-0.918,0.000,0.000,1.532,1.357,2,NULL,NULL,,3,0,2,7,255,1019,250,0,0
stim,97872,127993,0,127993,3325289.455,-0.633,0.087,-0.017,-0.769,2968,187,359,3051,1996,2509,247,2505,59,1.331,1,2158,0,36.125,2.471,-26.438,-14.000,-20.250,-0.258,-0.172,0.875,-2.344,0.781,-1.211,0.000,0.000,1.532,1.357,2,NULL,NULL,,3,0,2,7,255,1019,250,0,0
stim,97872,127993,0,127993,3325294.454,-0.632,0.086,-0.016,-0.770,2953,183,429,3035,2059,2515,269,2521,59,1.331,1,2158,0,36.756,3.033,-19.688,-18.813,-24.688,-0.277,-0.066,0.875,-2.344,1.926,-1.211,0.000,0.000,1.532,1.357,2,NULL,NULL,,3,0,2,7,255,1019,250,0,0
stim,97872,127993,0,127993,3325299.455,-0.631,0.085,-0.016,-0.771,2919,190,553,3015,2099,2515,298,2533,59,1.331,1,2158,0,41.969,2.304,-5.875,-19.750,-36.563,-0.258,0.004,0.898,-1.266,1.926,-1.086,0.000,0.000,1.532,1.357,2,NULL,NULL,,3,0,2,7,255,1019,250,0,0
stim,97872,127993,0,127993,3325304.453,-0.630,0.084,-0.017,-0.772,2891,192,619,2991,2160,2515,341,2547,59,1.331,1,2158,0,47.914,1.755,-4.688,-21.500,-42.563,-0.152,0.109,1.008,-0.652,1.629,-0.809,0.000,0.000,1.532,1.357,2,NULL,NULL,,3,0,2,7,255,1019,250,0,0
stim,97872,127993,0,127993,3325309.455,-0.629,0.083,-0.017,-0.773,2859,187,703,2952,2205,2510,362,2580,59,1.331,1,2158,0,43.276,0.434,-12.500,-23.313,-34.250,-0.105,0.086,1.043,-0.293,0.320,0.230,0.000,0.000,1.532,1.357,2,NULL,NULL,,3,0,2,7,255,1019,250,0,0
stim,97872,127993,0,127993,3325314.453,-0.628,0.081,-0.016,-0.774,2837,189,788,2926,2262,2520,431,2594,59,1.331,1,2158,0,41.800,0.267,-22.313,-22.813,-27.000,-0.125,0.082,1.012,-0.242,0.113,0.230,0.000,0.000,1.532,1.357,2,NULL,NULL,,3,0,2,7,255,1019,250,0,0
stim,97872,127993,0,127993,3325319.455,-0.627,0.080,-0.016,-0.775,2780,203,902,2886,2309,2518,540,2629,59,1.331,1,2158,0,41.824,0.267,-20.250,-23.563,-28.000,-0.188,0.109,0.973,-0.242,0.113,0.223,0.000,0.000,1.532,1.357,2,NULL,NULL,,3,0,2,7,255,1019,250,0,0
stim,97872,127993,0,127993,3325324.454,-0.626,0.079,-0.016,-0.776,2743,211,1031,2869,2355,2517,639,2639,59,1.331,1,2158,0,46.589,0.557,-15.063,-23.875,-37.063,-0.176,0.145,0.980,0.219,0.512,0.027,0.000,0.000,1.532,1.357,2,NULL,NULL,,3,0,2,7,255,1019,250,0,0
stim,97900,128021,0,128021,3325329.455,-0.624,0.078,-0.016,-0.777,2683,215,1172,2833,2409,2521,737,2649,59,1.331,1,2158,0,49.864,0.763,-12.313,-24.750,-41.500,-0.164,0.199,1.031,0.566,0.512,0.027,0.000,0.000,1.532,1.357,2,NULL,NULL,,3,0,2,7,255,1019,250,0,0
stim,97900,128021,0,128021,3325334.454,-0.623,0.077,-0.017,-0.778,2622,215,1293,2782,2458,2517,874,2668,59,1.331,1,2158,0,52.808,1.045,-16.188,-24.750,-43.750,-0.156,0.262,1.086,1.012,0.262,0.531,0.000,0.000,1.532,1.357,2,NULL,NULL,,3,0,2,7,255,1019,250,0,0
stim,97900,128021,0,128021,3325339.455,-0.621,0.075,-0.016,-0.780,2555,221,1443,2756,2506,2515,992,2679,59,1.331,1,2158,0,62.479,1.560,-26.813,-25.188,-50.500,-0.168,0.297,1.113,1.559,0.059,1.129,0.000,0.000,1.532,1.357,2,NULL,NULL,,3,0,2,7,255,1019,250,0,0
stim,97900,128021,0,128021,3325344.454,-0.620,0.074,-0.016,-0.781,2467,219,1568,2715,2542,2507,1079,2709,59,1.331,1,2158,0,74.493,1.915,-39.125,-23.500,-58.875,-0.168,0.297,1.125,1.914,0.055,1.441,0.000,0.000,1.532,1.357,2,NULL,NULL,,3,0,2,7,255,1019,250,0,0
stim,97900,128021,0,128021,3325349.455,-0.617,0.071,-0.014,-0.783,2391,225,1733,2659,2589,2511,1220,2726,59,1.331,1,2158,0,88.215,1.915,-53.688,-23.313,-66.000,-0.141,0.223,1.082,1.914,0.055,1.441,0.000,0.000,1.532,1.357,2,NULL,NULL,,3,0,2,7,255,1019,250,0,0
stim,97900,128021,0,128021,3325354.454,-0.615,0.069,-0.013,-0.785,2291,228,1849,2623,2629,2517,1335,2741,59,1.331,1,2158,0,94.670,1.290,-61.375,-22.813,-68.375,-0.129,0.125,1.023,1.289,0.055,1.031,0.000,0.000,1.532,1.357,2,NULL,NULL,,3,0,2,7,255,1019,250,0,0
stim,97924,128045,0,128045,3325359.455,-0.613,0.066,-0.011,-0.787,2185,221,2009,2547,2667,2520,1477,2751,59,1.331,1,2158,0,102.087,0.456,-67.500,-24.125,-72.688,-0.168,0.070,1.051,0.441,0.113,0.625,0.000,0.000,1.532,1.357,2,NULL,NULL,,3,0,2,7,255,1019,250,0,0
stim,97924,128045,0,128045,3325364.453,-0.610,0.064,-0.009,-0.790,2077,233,2147,2454,2700,2507,1619,2771,59,1.331,1,2158,0,120.101,0.603,-78.625,-22.813,-87.875,-0.207,0.023,1.094,0.047,0.602,0.625,0.000,0.000,1.532,1.357,2,NULL,NULL,,3,0,2,7,255,1019,250,0,0
stim,97924,128045,0,128045,3325369.455,-0.607,0.060,-0.006,-0.792,1947,235,2283,2409,2716,2515,1719,2787,59,1.331,1,2158,0,134.640,0.648,-88.875,-24.000,-98.250,-0.141,0.023,1.020,-0.242,0.602,0.625,0.000,0.000,1.532,1.357,2,NULL,NULL,,3,0,2,7,255,1019,250,0,0
stim,97924,128045,0,128045,3325374.454,-0.604,0.057,-0.003,-0.795,1819,234,2381,2339,2748,2507,1835,2797,59,1.331,1,2158,0,136.504,0.526,-90.375,-23.250,-99.625,-0.086,-0.020,0.953,-0.254,0.461,0.270,0.000,0.000,1.532,1.357,2,NULL,NULL,,3,0,2,7,255,1019,250,0,0
stim,97969,128090,0,128090,3325379.455,-0.601,0.054,-0.001,-0.797,1637,235,2479,2236,2783,2507,1959,2805,59,1.331,1,2158,0,123.193,0.653,-81.250,-24.688,-89.250,-0.063,-0.035,0.938,-0.641,0.129,-0.453,0.000,0.000,1.532,1.357,2,NULL,NULL,,3,0,2,7,255,1019,250,0,0
stim,97969,128090,0,128090,3325384.453,-0.598,0.051,0.001,-0.800,1447,235,2553,2132,2803,2501,2070,2834,59,1.331,1,2158,0,112.885,0.653,-75.500,-25.938,-79.813,-0.121,-0.031,0.973,-0.641,0.129,-0.453,0.000,0.000,1.532,1.357,2,NULL,NULL,,3,0,2,7,255,1019,250,0,0
stim,97969,128090,0,128090,3325389.455,-0.596,0.048,0.004,-0.802,1203,229,2633,2003,2829,2493,2159,2843,59,1.331,1,2158,0,112.442,0.911,-71.563,-28.250,-82.000,-0.164,-0.082,0.957,-0.773,0.480,-0.344,0.000,0.000,1.532,1.357,2,NULL,NULL,,3,0,2,7,255,1019,250,0,0
stim,97969,128090,0,128090,3325394.454,-0.593,0.045,0.005,-0.804,1047,179,2684,1805,2861,2484,2239,2848,59,1.331,1,2158,0,107.301,1.212,-61.500,-31.250,-82.188,-0.148,-0.094,0.961,-0.805,0.906,-0.340,0.000,0.000,1.532,1.357,2,NULL,NULL,,3,0,2,7,255,1019,250,0,0
stim,97969,128090,0,128090,3325399.455,-0.590,0.042,0.006,-0.806,813,160,2741,1592,2872,2472,2323,2871,59,1.331,1,2158,0,101.943,1.212,-53.000,-33.813,-80.250,-0.121,-0.066,1.008,-0.805,0.906,-0.340,0.000,0.000,1.532,1.357,2,NULL,NULL,,3,0,2,7,255,1019,250,0,0
stim,97969,128090,0,128090,3325404.454,-0.588,0.040,0.007,-0.808,583,121,2789,1349,2891,2455,2406,2875,59,1.331,1,2158,0,99.439,0.861,-49.625,-36.625,-78.000,-0.102,-0.047,1.035,-0.648,0.566,0.137,0.000,0.000,1.532,1.357,2,NULL,NULL,,3,0,2,7,255,1019,250,0,0
stim,97969,128090,0,128090,3325409.455,-0.585,0.037,0.008,-0.810,375,75,2837,1071,2913,2443,2459,2892,59,1.331,1,2158,0,94.440,0.604,-46.688,-40.000,-71.688,-0.035,-0.023,1.023,-0.496,0.344,0.215,0.000,0.000,1.532,1.357,2,NULL,NULL,,3,0,2,7,255,1019,250,0,0
stim,97969,128090,0,128090,3325414.453,-0.584,0.034,0.008,-0.811,171,41,2861,824,2928,2412,2521,2904,59,1.331,1,2158,0,79.854,0.563,-37.563,-42.938,-55.875,-0.035,-0.043,1.027,-0.496,-0.266,0.262,0.000,0.000,1.532,1.357,2,NULL,NULL,,3,0,2,7,255,1019,250,0,0
stim,97969,128090,0,128090,3325419.455,-0.582,0.032,0.008,-0.812,63,25,2885,574,2940,2389,2551,2909,59,1.331,1,2158,0,69.182,0.481,-29.750,-46.000,-42.250,-0.051,0.008,1.066,-0.398,-0.270,0.262,0.000,0.000,1.532,1.357,2,NULL,NULL,,3,0,2,7,255,1019,250,0,0
stim,97969,128090,0,128090,3325424.454,-0.581,0.029,0.008,-0.813,0,0,2915,318,2957,2363,2605,2918,59,1.331,1,2158,0,71.474,0.270,-32.063,-48.563,-41.500,-0.023,0.078,1.063,0.004,-0.270,0.598,0.000,0.000,1.532,1.357,2,NULL,NULL,,3,0,2,7,255,1019,250,0,0
stim,97991,128112,0,128112,3325429.455,-0.580,0.027,0.007,-0.814,0,0,2923,153,2983,2329,2637,2919,59,1.331,1,2158,0,63.133,0.392,-21.625,-52.813,-27.000,-0.059,0.027,1.059,0.285,-0.270,0.598,0.000,0.000,1.532,1.357,2,NULL,NULL,,3,0,2,7,255,1019,250,0,0
stim,97991,128112,0,128112,3325434.454,-0.580,0.025,0.006,-0.814,0,0,2938,119,2985,2315,2667,2927,59,1.331,1,2158,0,60.320,0.323,1.438,-60.125,-4.625,-0.219,-0.055,1.211,0.285,-0.152,0.598,0.000,0.000,1.532,1.357,2,NULL,NULL,,3,0,2,7,255,1019,250,0,0
stim,97991,128112,0,128112,3325439.455,-0.580,0.023,0.003,-0.814,0,0,2963,91,3001,2300,2713,2951,59,1.331,1,2158,0,74.525,1.540,28.750,-68.625,4.250,-0.383,-0.148,1.559,0.066,1.539,2.137,0.000,0.000,1.532,1.357,2,NULL,NULL,,3,0,2,7,255,1019,250,0,0
stim,97991,128112,0,128112,3325444.453,-0.581,0.021,0.001,-0.814,0,0,2975,57,3015,2269,2749,2939,59,1.331,1,2158,0,85.755,3.296,16.813,-80.938,22.813,-0.352,-0.250,1.754,-0.309,3.281,5.645,0.000,0.000,1.532,1.357,2,NULL,NULL,,3,0,2,7,255,1019,250,0,0
stim,98015,128136,0,128136,3325449.455,-0.582,0.016,0.001,-0.813,0,0,2971,0,3021,2221,2775,2943,59,1.331,1,2158,0,105.583,3.552,-65.813,-81.313,14.313,-0.156,-0.391,1.406,-1.359,3.281,5.645,0.000,0.000,1.532,1.357,3,NULL,NULL,,3,0,2,7,255,1019,250,0,0
stim,98015,128136,0,128136,3325454.454,-0.582,0.011,0.002,-0.813,0,0,2991,0,3035,2173,2797,2967,59,1.331,1,2158,0,115.866,3.734,-80.313,-81.688,17.375,-0.156,-0.371,0.898,-2.926,2.320,4.059,0.000,0.000,1.532,1.357,3,NULL,NULL,,3,0,2,7,255,1019,250,0,0
stim,98015,128136,0,128136,3325459.455,-0.584,0.008,0.001,-0.812,0,0,2986,0,3039,2110,2811,2955,59,1.331,1,2158,0,102.355,3.696,-25.750,-93.000,34.125,-0.211,-0.172,0.824,-2.926,2.258,-0.918,0.000,0.000,1.532,1.357,3,NULL,NULL,,3,0,2,7,255,1019,250,0,0
stim,98015,128136,0,128136,3325464.454,-0.585,0.004,-0.003,-0.811,0,0,2989,0,3053,2063,2841,2960,59,1.331,1,2158,0,104.533,2.427,17.063,-99.500,27.125,-0.277,0.051,0.988,-0.891,2.258,-0.918,0.000,0.000,1.532,1.357,3,NULL,NULL,,3,0,2,7,255,1019,250,0,0
stim,98036,128157,0,128157,3325469.455,-0.585,0.002,-0.006,-0.811,0,0,2996,0,3051,1981,2868,2959,59,1.331,1,2158,0,108.893,2.648,27.000,-105.000,10.188,-0.266,0.133,1.246,1.434,2.227,-0.109,0.000,0.000,1.532,1.357,3,NULL,NULL,,3,0,2,7,255,1019,250,0,0
stim,98036,128157,0,128157,3325474.454,-0.585,-0.001,-0.009,-0.811,0,0,2998,0,3055,1891,2889,2964,59,1.331,1,2158,0,108.373,2.574,17.063,-107.000,2.125,-0.207,0.090,1.355,1.672,1.957,2.363,0.000,0.000,1.532,1.357,3,NULL,NULL,,3,0,2,7,255,1019,250,0,0
stim,98066,128187,0,128187,3325479.455,-0.586,-0.005,-0.012,-0.810,0,0,2997,0,3064,1789,2907,2967,59,1.331,1,2158,0,110.775,2.364,3.938,-110.563,5.625,-0.152,0.012,1.313,1.672,1.672,3.027,0.000,0.000,1.532,1.357,3,NULL,NULL,,3,0,2,7,255,1019,250,0,0
stim,98066,128187,0,128187,3325484.454,-0.586,-0.009,-0.015,-0.810,0,0,2991,0,3077,1690,2939,2964,59,1.331,1,2158,0,117.343,1.712,-7.125,-116.375,13.250,-0.098,-0.035,1.301,0.781,1.523,3.027,0.000,0.000,1.532,1.357,3,NULL,NULL,,3,0,2,7,255,1019,250,0,0
stim,98066,128187,0,128187,3325489.455,-0.587,-0.014,-0.017,-0.809,0,0,2987,0,3091,1567,2941,2957,59,1.331,1,2158,0,124.430,1.539,-13.125,-121.000,25.875,-0.117,-0.055,1.273,0.219,1.523,2.906,0.000,0.000,1.532,1.357,3,NULL,NULL,,3,0,2,7,255,1019,250,0,0
stim,98066,128187,0,128187,3325494.454,-0.588,-0.018,-0.020,-0.808,0,0,2971,0,3085,1419,2965,2959,59,1.331,1,2158,0,131.812,1.624,-8.250,-127.250,33.375,-0.191,-0.027,1.230,0.219,1.609,2.617,0.000,0.000,1.532,1.357,3,NULL,NULL,,3,0,2,7,255,1019,250,0,0
stim,98066,128187,0,128187,3325499.455,-0.589,-0.023,-0.023,-0.807,0,0,2959,0,3093,1250,2980,2955,59,1.331,1,2158,0,138.982,2.367,-3.125,-135.063,32.625,-0.203,0.078,1.281,0.645,2.277,2.570,0.000,0.000,1.532,1.357,3,NULL,NULL,,3,0,2,7,255,1019,250,0,0
stim,98066,128187,0,128187,3325504.453,-0.591,-0.028,-0.027,-0.806,0,0,2939,0,3091,1065,3003,2937,59,1.331,1,2158,0,146.915,2.846,-4.125,-143.000,33.438,-0.160,0.160,1.344,1.707,2.277,2.570,0.000,0.000,1.532,1.357,3,NULL,NULL,,3,0,2,7,255,1019,250,0,0
stim,98066,128187,0,128187,3325509.457,-0.592,-0.033,-0.030,-0.805,0,0,2920,0,3093,857,3014,2921,59,1.331,1,2158,0,154.478,3.082,-9.313,-149.875,36.250,-0.152,0.164,1.363,2.422,1.906,3.168,0.000,0.000,1.532,1.357,3,NULL,NULL,,3,0,2,7,255,1019,250,0,0
stim,98066,128187,0,128187,3325514.454,-0.593,-0.039,-0.034,-0.803,0,0,2903,0,3096,661,3036,2919,59,1.331,1,2158,0,164.436,3.049,-15.625,-157.563,44.375,-0.109,0.082,1.305,2.422,1.852,3.168,0.000,0.000,1.532,1.357,3,NULL,NULL,,3,0,2,7,255,1019,250,0,0
stim,98089,128210,0,128210,3325519.455,-0.595,-0.045,-0.037,-0.801,0,0,2887,0,3110,539,3045,2905,59,1.331,1,2158,0,177.688,2.520,-20.688,-164.875,62.938,-0.086,-0.020,1.262,1.648,1.906,2.781,0.000,0.000,1.532,1.357,3,NULL,NULL,,3,0,2,7,255,1019,250,0,0
stim,98089,128210,0,128210,3325524.454,-0.598,-0.051,-0.040,-0.799,0,0,2853,0,3100,397,3049,2869,59,1.331,1,2158,0,192.772,2.163,-24.125,-172.875,81.813,-0.105,-0.066,1.266,0.688,2.051,2.395,0.000,0.000,1.532,1.357,3,NULL,NULL,,3,0,2,7,255,1019,250,0,0
stim,98089,128210,0,128210,3325529.455,-0.601,-0.058,-0.044,-0.796,0,0,2823,0,3109,269,3065,2845,59,1.331,1,2158,0,196.684,2.576,-20.750,-177.625,81.875,-0.172,-0.078,1.207,0.438,2.539,2.375,0.000,0.000,1.532,1.357,3,NULL,NULL,,3,0,2,7,255,1019,250,0,0
stim,98089,128210,0,128210,3325534.454,-0.603,-0.065,-0.048,-0.793,0,0,2789,0,3109,187,3087,2825,59,1.331,1,2158,0,200.233,3.322,-21.875,-184.313,75.125,-0.199,-0.035,1.242,0.438,3.293,1.898,0.000,0.000,1.532,1.357,3,NULL,NULL,,3,0,2,7,255,1019,250,0,0
stim,98089,128210,0,128210,3325539.455,-0.605,-0.072,-0.052,-0.791,0,0,2743,0,3100,123,3089,2787,59,1.331,1,2158,0,203.244,3.441,-22.188,-190.063,68.500,-0.152,0.023,1.227,1.000,3.293,1.734,0.000,0.000,1.532,1.357,3,NULL,NULL,,3,0,2,7,255,1019,250,0,0
stim,98089,128210,0,128210,3325544.454,-0.607,-0.079,-0.056,-0.788,0,0,2697,0,3100,83,3101,2743,59,1.331,1,2158,0,207.100,3.543,-16.875,-195.063,67.500,-0.078,0.035,1.234,1.480,3.219,1.898,0.000,0.000,1.532,1.357,3,NULL,NULL,,3,0,2,7,255,1019,250,0,0
stim,98114,128235,0,128235,3325549.455,-0.609,-0.086,-0.061,-0.786,0,0,2637,0,3097,56,3099,2698,59,1.331,1,2158,0,208.905,3.153,-3.625,-197.688,67.438,-0.059,0.070,1.320,1.500,2.773,1.914,0.000,0.000,1.532,1.357,3,NULL,NULL,,3,0,2,7,255,1019,250,0,0
stim,98114,128235,0,128235,3325554.453,-0.611,-0.093,-0.066,-0.783,0,0,2556,0,3097,79,3103,2651,59,1.331,1,2158,0,213.585,3.153,9.000,-202.250,68.063,-0.133,-0.016,1.445,1.500,2.773,2.691,0.000,0.000,1.532,1.357,3,NULL,NULL,,3,0,2,7,255,1019,250,0,0
stim,98114,128235,0,128235,3325559.455,-0.614,-0.099,-0.072,-0.780,0,0,2476,0,3091,74,3107,2597,59,1.331,1,2158,0,225.274,4.408,31.188,-212.188,68.938,-0.387,-0.191,1.777,1.422,4.172,3.707,0.000,0.000,1.532,1.357,3,NULL,NULL,,3,0,2,7,255,1019,250,0,0
stim,98114,128235,0,128235,3325564.454,-0.615,-0.107,-0.079,-0.777,0,0,2374,0,3093,91,3101,2531,59,1.331,1,2158,0,240.358,8.033,13.813,-230.813,65.625,-0.602,-0.152,2.129,1.422,7.906,6.250,0.000,0.000,1.532,1.357,3,NULL,NULL,,3,0,2,7,255,1019,250,0,0
stim,98135,128256,0,128256,3325569.455,-0.616,-0.116,-0.085,-0.775,0,0,2265,0,3069,91,3097,2443,59,1.331,1,2158,0,255.589,11.101,-14.188,-252.313,38.250,-0.777,0.016,2.367,1.828,10.949,8.813,0.000,0.000,1.532,1.357,3,NULL,NULL,,3,0,2,7,255,1019,250,0,0
stim,98135,128256,0,128256,3325574.454,-0.615,-0.127,-0.090,-0.773,0,0,2115,0,3059,105,3096,2341,59,1.331,1,2158,0,284.008,13.668,-46.063,-279.938,13.188,-0.770,0.266,2.379,4.137,13.027,9.938,0.000,0.000,1.532,1.357,3,NULL,NULL,,3,0,2,7,255,1019,250,0,0
stim,98171,128292,0,128292,3325579.455,-0.614,-0.139,-0.097,-0.771,0,0,1943,0,3032,107,3087,2217,59,1.331,1,2158,0,313.276,14.653,-54.125,-308.563,-1.188,-0.699,0.523,2.457,6.707,13.027,10.270,0.000,0.000,1.532,1.357,3,NULL,NULL,,3,0,2,7,255,1019,250,0,0
stim,98171,128292,0,128292,3325584.453,-0.612,-0.152,-0.104,-0.769,0,0,1815,0,3021,115,3060,2099,59,1.331,1,2158,0,343.960,16.020,-57.375,-339.125,-3.313,-0.727,0.719,2.672,9.324,13.027,10.340,0.000,0.000,1.532,1.357,3,NULL,NULL,,3,0,2,7,255,1019,250,0,0
stim,98171,128292,0,128292,3325589.455,-0.610,-0.166,-0.111,-0.766,0,0,1711,0,2980,123,3027,1995,59,1.331,1,2158,0,377.681,17.960,-80.188,-369.063,-2.438,-0.813,0.844,2.887,11.746,13.586,11.637,0.000,0.000,1.532,1.357,3,NULL,NULL,,3,0,2,7,255,1019,250,0,0
stim,98171,128292,0,128292,3325594.454,-0.608,-0.182,-0.118,-0.764,0,0,1583,0,2957,127,2991,1881,59,1.331,1,2158,0,413.284,20.664,-104.625,-399.813,-2.750,-0.945,0.973,3.063,13.723,15.449,12.570,0.000,0.000,1.532,1.357,3,NULL,NULL,,3,0,2,7,255,1019,250,0,0
stim,98171,128292,0,128292,3325599.455,-0.605,-0.200,-0.125,-0.761,0,0,1485,0,2895,127,2930,1719,59,1.331,1,2158,0,446.164,23.726,-123.313,-428.688,-9.125,-1.156,1.039,3.328,15.879,17.629,12.762,0.000,0.000,1.532,1.357,3,NULL,NULL,,3,0,2,7,255,1019,250,0,0
stim,98171,128292,0,128292,3325604.453,-0.601,-0.219,-0.133,-0.757,0,0,1357,0,2816,127,2854,1591,59,1.331,1,2158,0,483.324,27.128,-141.375,-461.625,-22.750,-1.363,0.809,3.566,17.039,21.109,13.152,0.000,0.000,1.532,1.357,3,NULL,NULL,,3,0,2,7,255,1019,250,0,0
stim,98171,128292,0,128292,3325609.455,-0.595,-0.240,-0.140,-0.754,0,0,1183,0,2729,119,2763,1447,59,1.331,1,2158,0,526.948,30.439,-179.688,-492.688,-51.438,-1.230,0.402,3.547,17.039,25.223,13.152,0.000,0.000,1.532,1.357,3,NULL,NULL,,3,0,2,7,255,1019,250,0,0
stim,98171,128292,0,128292,3325614.453,-0.587,-0.261,-0.148,-0.752,0,0,1003,0,2605,90,2607,1293,59,1.331,1,2158,0,546.200,28.684,-180.063,-509.125,-81.875,-0.938,0.098,3.355,13.660,25.223,12.766,0.000,0.000,1.532,1.357,3,NULL,NULL,,3,0,2,7,255,1019,250,0,0
stim,98171,128292,0,128292,3325619.455,-0.580,-0.282,-0.156,-0.748,0,0,807,0,2452,67,2409,1124,59,1.331,1,2158,0,552.445,26.384,-170.625,-521.250,-66.188,-0.773,0.113,3.148,10.574,24.172,11.789,0.000,0.000,1.532,1.357,3,NULL,NULL,,3,0,2,7,255,1019,250,0,0
stim,98171,128292,0,128292,3325624.454,-0.575,-0.303,-0.165,-0.742,0,0,644,0,2217,39,2181,949,59,1.331,1,2158,0,560.309,26.373,-158.063,-537.375,-13.813,-0.871,0.008,3.125,10.547,24.172,9.844,0.000,0.000,1.532,1.357,3,NULL,NULL,,3,0,2,7,255,1019,250,0,0
stim,98200,128321,0,128321,3325629.455,-0.570,-0.326,-0.173,-0.735,0,0,419,0,1935,0,1909,803,59,1.331,1,2158,0,582.909,26.293,-171.000,-556.438,30.313,-0.984,-0.195,2.902,10.227,24.223,7.980,0.000,0.000,1.532,1.357,3,NULL,NULL,,3,0,2,7,255,1019,250,0,0
stim,98200,128321,0,128321,3325634.454,-0.564,-0.348,-0.181,-0.727,0,0,268,0,1621,0,1527,660,59,1.331,1,2158,0,592.120,25.611,-166.438,-568.188,8.250,-0.902,-0.359,2.441,8.316,24.223,4.551,0.000,0.000,1.532,1.357,3,NULL,NULL,,3,0,2,7,255,1019,250,0,0
stim,98200,128321,0,128321,3325639.455,-0.558,-0.370,-0.191,-0.718,0,0,152,0,1195,0,981,543,59,1.331,1,2158,0,594.635,23.320,-109.500,-584.438,5.750,-0.766,-0.375,2.074,5.621,22.633,0.914,0.000,0.000,1.532,1.357,3,NULL,NULL,,3,0,2,7,255,1019,250,0,0
stim,98200,128321,0,128321,3325644.453,-0.554,-0.389,-0.204,-0.707,0,0,111,0,721,0,288,380,59,1.331,1,2158,0,599.860,21.332,-27.063,-598.125,36.688,-0.742,-0.199,2.223,5.621,20.578,-1.621,0.000,0.000,1.532,1.357,3,NULL,NULL,,3,0,2,7,255,1019,250,0,0
stim,98200,128321,0,128321,3325649.455,-0.554,-0.408,-0.218,-0.693,0,0,89,0,219,0,0,327,59,1.331,1,2158,0,627.120,21.553,49.563,-613.250,121.438,-1.332,-0.137,2.570,6.410,20.578,-1.855,0.000,0.000,1.532,1.357,3,NULL,NULL,,3,0,2,7,255,1019,250,0,0
stim,98200,128321,0,128321,3325654.454,-0.553,-0.428,-0.229,-0.677,0,0,33,0,0,0,0,212,59,1.331,1,2158,0,631.826,27.376,-3.750,-610.125,164.125,-1.516,0.422,2.531,8.281,26.094,-5.789,0.000,0.000,1.532,1.357,3,NULL,NULL,,3,0,2,7,255,1019,250,0,0
stim,98224,128345,0,128345,3325659.455,-0.547,-0.448,-0.236,-0.667,0,0,26,0,0,0,0,156,59,1.331,0,2158,0,566.789,29.118,-161.188,-539.938,61.125,-1.125,1.137,2.090,12.922,26.094,-9.930,0.000,0.000,0.000,0.000,4,NULL,NULL,,3,0,2,7,255,1019,250,0,0
stim,98224,128345,0,128345,3325664.453,-0.537,-0.468,-0.238,-0.660,0,0,30,0,0,0,0,34,59,1.331,0,2158,0,531.309,25.625,-287.000,-447.125,0.125,-0.633,1.941,1.520,17.824,18.410,-11.496,0.000,0.000,0.000,0.000,0,NULL,NULL,,3,0,2,7,255,1019,250,0,0
stim,98224,128345,0,128345,3325669.455,-0.528,-0.489,-0.229,-0.655,0,0,29,0,0,0,0,27,59,1.331,0,2158,0,578.469,24.708,-468.375,-315.563,125.188,-0.711,2.563,0.430,23.176,8.566,-12.492,0.000,0.000,0.000,0.000,0,NULL,NULL,,3,0,2,7,255,1019,250,0,0
stim,98224,128345,0,128345,3325674.454,-0.520,-0.507,-0.215,-0.652,0,0,26,0,0,0,0,23,59,1.331,0,2158,0,545.249,23.313,-487.375,-187.750,156.563,-0.348,2.391,-1.086,23.176,-2.527,-20.023,0.000,0.000,0.000,0.000,0,NULL,NULL,,3,0,2,7,255,1019,250,0,0
stim,98270,128391,0,128391,3325679.455,-0.518,-0.514,-0.211,-0.650,0,0,30,0,0,0,0,18,59,1.331,0,2158,0,190.196,17.167,-153.438,-82.625,76.188,-0.438,0.480,-0.961,15.453,-7.477,-20.023,0.000,0.000,0.000,0.000,0,NULL,NULL,,3,0,2,7,255,1019,250,0,0
stim,98270,128391,0,128391,3325684.454,-0.522,-0.511,-0.214,-0.648,0,0,29,0,0,0,0,19,59,1.331,0,2158,0,128.153,7.513,125.438,-4.375,25.875,-0.930,-1.195,0.875,-0.734,-7.477,-18.434,0.000,0.000,0.000,0.000,0,NULL,NULL,,3,0,2,7,255,1019,250,0,0
stim,98270,128391,0,128391,3325689.455,-0.523,-0.509,-0.214,-0.649,0,0,28,0,0,0,0,21,59,1.331,0,2158,0,76.063,15.978,44.563,61.250,6.938,-1.363,-1.391,2.027,-3.785,15.523,-11.512,0.000,0.000,0.000,0.000,0,NULL,NULL,,3,0,2,7,255,1019,250,0,0
stim,98270,128391,0,128391,3325694.454,-0.522,-0.508,-0.206,-0.654,0,0,26,0,0,0,0,13,59,1.331,0,2158,0,210.562,17.683,-155.750,140.813,15.813,-1.121,-0.379,1.383,-3.785,17.273,-11.512,0.000,0.000,0.000,0.000,0,NULL,NULL,,3,0,2,7,255,1019,250,0,0
stim,98270,128391,0,128391,3325699.455,-0.521,-0.508,-0.194,-0.658,0,0,26,0,0,0,0,0,59,1.331,0,2158,0,288.339,17.447,-206.375,189.313,68.625,-1.020,1.168,0.039,2.457,17.273,-13.160,0.000,0.000,0.000,0.000,0,NULL,NULL,,3,0,2,7,255,1019,250,0,0
stim,98270,128391,0,128391,3325704.454,-0.524,-0.505,-0.184,-0.661,0,0,28,0,0,0,0,0,59,1.331,0,2158,0,257.838,9.475,-88.188,212.063,117.188,-1.121,1.777,-0.488,9.465,0.445,-21.645,0.000,0.000,0.000,0.000,0,NULL,NULL,,3,0,2,7,255,1019,250,0,0
stim,98270,128391,0,128391,3325709.455,-0.530,-0.498,-0.178,-0.663,0,0,28,0,0,0,0,0,59,1.331,0,2158,0,255.064,9.897,52.375,220.875,116.313,-1.438,1.246,0.043,9.887,0.445,-25.316,0.000,0.000,0.000,0.000,0,NULL,NULL,,3,0,2,7,255,1019,250,0,0
stim,98270,128391,0,128391,3325714.454,-0.535,-0.490,-0.173,-0.666,0,0,25,0,0,0,0,0,59,1.331,0,2158,0,258.829,10.275,65.313,235.813,84.375,-1.441,0.168,0.652,9.887,2.797,-25.316,0.000,0.000,0.000,0.000,0,NULL,NULL,,3,0,2,7,255,1019,250,0,0
stim,98270,128391,0,128391,3325719.455,-0.538,-0.483,-0.166,-0.670,0,0,21,0,0,0,0,0,59,1.331,0,2158,0,258.371,12.314,-5.625,251.125,60.500,-1.379,-0.129,0.609,3.770,11.723,-19.277,0.000,0.000,0.000,0.000,0,NULL,NULL,,3,0,2,7,255,1019,250,0,0
stim,98270,128391,0,128391,3325724.454,-0.541,-0.477,-0.158,-0.675,0,0,21,0,0,0,0,0,59,1.331,0,2158,0,271.134,11.780,-37.875,263.563,51.125,-1.160,0.152,0.016,1.156,11.723,-19.277,0.000,0.000,0.000,0.000,0,NULL,NULL,,3,0,2,7,255,1019,250,0,0
stim,98291,128412,0,128412,3325729.455,-0.544,-0.469,-0.150,-0.680,0,0,19,0,0,0,0,0,59,1.331,0,2158,0,276.115,6.160,2.000,270.625,54.750,-0.996,0.445,-0.379,1.156,6.051,-19.461,0.000,0.000,0.000,0.000,0,NULL,NULL,,3,0,2,7,255,1019,250,0,0
stim,98291,128412,0,128412,3325734.454,-0.549,-0.459,-0.145,-0.684,0,0,17,0,0,0,0,0,59,1.331,0,2158,0,290.839,2.582,72.375,275.875,56.938,-1.020,0.512,-0.316,1.512,2.094,-20.906,0.000,0.000,0.000,0.000,0,NULL,NULL,,3,0,2,7,255,1019,250,0,0
stim,98291,128412,0,128412,3325739.455,-0.554,-0.448,-0.140,-0.688,0,0,18,0,0,0,0,0,59,1.331,0,2158,0,310.003,3.249,109.250,286.000,48.688,-0.961,0.316,0.016,2.484,2.094,-20.906,0.000,0.000,0.000,0.000,0,NULL,NULL,,3,0,2,7,255,1019,250,0,0
stim,98291,128412,0,128412,3325744.454,-0.559,-0.437,-0.136,-0.692,0,0,19,0,0,0,0,0,59,1.331,0,2158,0,317.159,5.485,105.125,295.750,45.500,-0.898,0.195,0.195,2.484,4.891,-17.988,0.000,0.000,0.000,0.000,0,NULL,NULL,,3,0,2,7,255,1019,250,0,0
stim,98299,128420,0,128420,3325749.455,-0.564,-0.425,-0.131,-0.696,0,0,11,0,0,0,0,0,59,1.331,0,2158,0,323.206,6.418,103.813,302.313,47.875,-0.824,0.195,0.188,2.492,5.914,-16.008,0.000,0.000,0.000,0.000,0,NULL,NULL,,3,0,2,7,255,1019,250,0,0
stim,98299,128420,0,128420,3325754.453,-0.569,-0.413,-0.126,-0.700,0,0,12,0,0,0,0,0,59,1.331,0,2158,0,330.315,6.418,117.500,305.188,46.500,-0.730,0.215,0.160,2.492,5.914,-15.305,0.000,0.000,0.000,0.000,0,NULL,NULL,,3,0,2,7,255,1019,250,0,0
stim,98321,128442,0,128442,3325759.455,-0.574,-0.401,-0.122,-0.704,0,0,9,0,0,0,0,0,59,1.331,0,2158,0,337.566,6.426,136.000,306.250,40.813,-0.695,0.289,0.336,2.586,5.883,-14.668,0.000,0.000,0.000,0.000,0,NULL,NULL,,3,0,2,7,255,1019,250,0,0
stim,98321,128442,0,128442,3325764.454,-0.579,-0.388,-0.118,-0.708,0,0,10,0,0,0,0,0,59,1.331,0,2158,0,343.000,6.549,143.688,308.625,41.875,-0.477,0.184,0.453,3.633,5.449,-13.367,0.000,0.000,0.000,0.000,0,NULL,NULL,,3,0,2,7,255,1019,250,0,0
stim,98321,128442,0,128442,3325769.455,-0.584,-0.375,-0.114,-0.711,0,0,8,0,0,0,0,0,59,1.331,0,2158,0,344.630,7.147,139.313,310.438,54.688,-0.449,0.219,0.594,4.059,5.883,-10.633,0.000,0.000,0.000,0.000,0,NULL,NULL,,3,0,2,7,255,1019,250,0,0
stim,98321,128442,0,128442,3325774.454,-0.589,-0.362,-0.109,-0.714,0,0,9,0,0,0,0,2,59,1.331,0,2158,0,347.661,7.193,136.063,314.313,59.688,-0.402,0.188,0.609,4.227,5.820,-9.410,0.000,0.000,0.000,0.000,0,NULL,NULL,,3,0,2,7,255,1019,250,0,0
stim,98367,128488,0,128488,3325779.455,-0.595,-0.348,-0.104,-0.717,0,0,11,0,0,0,0,5,59,1.331,0,2158,0,354.427,7.241,139.375,319.688,63.188,-0.352,0.141,0.672,4.227,5.879,-8.660,0.000,0.000,0.000,0.000,0,NULL,NULL,,3,0,2,7,255,1019,250,0,0
stim,98367,128488,0,128488,3325784.453,-0.600,-0.335,-0.099,-0.720,0,0,11,0,0,0,0,5,59,1.331,0,2158,0,362.198,7.231,140.438,327.438,65.188,-0.336,0.133,0.766,4.211,5.879,-7.547,0.000,0.000,0.000,0.000,0,NULL,NULL,,3,0,2,7,255,1019,250,0,0
stim,98367,128488,0,128488,3325789.455,-0.605,-0.320,-0.094,-0.723,0,0,11,0,0,0,0,1,59,1.331,0,2158,0,371.138,7.402,140.563,337.188,65.500,-0.320,0.102,0.793,3.996,6.230,-6.555,0.000,0.000,0.000,0.000,0,NULL,NULL,,3,0,2,7,255,1019,250,0,0
stim,98367,128488,0,128488,3325794.454,-0.610,-0.306,-0.088,-0.725,0,0,9,0,0,0,0,7,59,1.331,0,2158,0,385.423,7.387,145.375,349.188,74.063,-0.238,-0.008,0.777,3.969,6.230,-5.938,0.000,0.000,0.000,0.000,0,NULL,NULL,,3,0,2,7,255,1019,250,0,0
stim,98367,128488,0,128488,3325799.455,-0.617,-0.290,-0.082,-0.727,0,0,6,0,0,0,0,3,59,1.331,0,2158,0,403.885,6.993,153.688,360.125,99.063,-0.289,0.004,0.883,3.176,6.230,-5.047,0.000,0.000,0.000,0.000,0,NULL,NULL,,3,0,2,7,255,1019,250,0,0
stim,98367,128488,0,128488,3325804.453,-0.622,-0.275,-0.076,-0.729,0,0,7,0,0,0,0,5,59,1.331,0,2158,0,411.082,7.129,150.000,369.813,98.625,-0.461,0.074,0.973,3.176,6.383,-4.328,0.000,0.000,0.000,0.000,0,NULL,NULL,,3,0,2,7,255,1019,250,0,0
stim,98367,128488,0,128488,3325809.458,-0.628,-0.259,-0.070,-0.731,0,0,6,0,0,0,0,3,59,1.331,0,2158,0,418.238,8.677,155.125,376.750,94.438,-0.477,0.000,1.035,3.531,7.926,-4.297,0.000,0.000,0.000,0.000,0,NULL,NULL,,3,0,2,7,255,1019,250,0,0
stim,98367,128488,0,128488,3325814.453,-0.633,-0.243,-0.063,-0.732,0,0,7,0,0,0,0,2,59,1.331,0,2158,0,418.341,9.028,149.563,381.375,84.813,-0.488,-0.051,1.148,3.531,8.309,-3.375,0.000,0.000,0.000,0.000,0,NULL,NULL,,3,0,2,7,255,1019,250,0,0
stim,98389,128510,0,128510,3325819.455,-0.638,-0.226,-0.056,-0.734,0,0,5,0,0,0,0,2,59,1.331,0,2158,0,419.306,8.930,147.625,382.000,90.000,-0.422,-0.145,1.145,3.273,8.309,-2.027,0.000,0.000,0.000,0.000,0,NULL,NULL,,3,0,2,7,255,1019,250,0,0
stim,98389,128510,0,128510,3325824.454,-0.643,-0.210,-0.050,-0.735,0,0,7,0,0,0,0,5,59,1.331,0,2158,0,419.175,8.343,147.500,380.188,97.000,-0.434,-0.133,1.160,2.176,8.055,-1.227,0.000,0.000,0.000,0.000,0,NULL,NULL,,3,0,2,7,255,1019,250,0,0
stim,98389,128510,0,128510,3325829.455,-0.648,-0.194,-0.043,-0.735,0,0,9,0,0,0,0,1,59,1.331,0,2158,0,415.343,8.343,148.750,375.563,96.625,-0.492,-0.070,1.207,2.176,8.055,-0.836,0.000,0.000,0.000,0.000,0,NULL,NULL,,3,0,2,7,255,1019,250,0,0
stim,98389,128510,0,128510,3325834.454,-0.652,-0.178,-0.037,-0.736,0,0,3,0,0,0,0,3,59,1.331,0,2158,0,411.049,8.210,154.063,369.500,93.250,-0.379,-0.164,1.141,2.141,7.926,-0.484,0.000,0.000,0.000,0.000,0,NULL,NULL,,3,0,2,7,255,1019,250,0,0
stim,98389,128510,0,128510,3325839.455,-0.657,-0.162,-0.031,-0.736,0,0,3,0,0,0,0,3,59,1.331,0,2158,0,408.905,7.258,163.750,361.250,99.438,-0.410,-0.133,1.238,1.754,7.043,-0.230,0.000,0.000,0.000,0.000,0,NULL,NULL,,3,0,2,7,255,1019,250,0,0
stim,98389,128510,0,128510,3325844.453,-0.661,-0.145,-0.025,-0.735,0,0,3,0,0,0,0,1,59,1.331,0,2158,0,404.422,6.987,167.375,353.875,101.563,-0.371,-0.180,1.266,1.391,6.848,0.727,0.000,0.000,0.000,0.000,0,NULL,NULL,,3,0,2,7,255,1019,250,0,0
stim,98416,128537,0,128537,3325849.455,-0.666,-0.129,-0.020,-0.734,0,0,2,0,0,0,0,10,59,1.331,0,2158,0,401.073,6.555,173.500,346.438,103.625,-0.371,-0.199,1.301,1.109,6.461,1.402,0.000,0.000,0.000,0.000,0,NULL,NULL,,3,0,2,7,255,1019,250,0,0
stim,98416,128537,0,128537,3325854.454,-0.670,-0.113,-0.016,-0.733,0,0,5,0,0,0,0,9,59,1.331,0,2158,0,400.914,6.267,184.563,338.500,109.938,-0.363,-0.207,1.340,0.773,6.219,1.984,0.000,0.000,0.000,0.000,0,NULL,NULL,,3,0,2,7,255,1019,250,0,0
stim,98416,128537,0,128537,3325859.455,-0.675,-0.097,-0.012,-0.732,0,0,3,0,0,0,0,12,59,1.331,0,2158,0,403.922,5.891,197.750,332.313,116.688,-0.375,-0.219,1.402,0.488,5.871,2.574,0.000,0.000,0.000,0.000,0,NULL,NULL,,3,0,2,7,255,1019,250,0,0
stim,98416,128537,0,128537,3325864.453,-0.679,-0.080,-0.008,-0.730,0,0,9,0,0,0,0,40,59,1.331,0,2158,0,406.098,5.750,208.625,327.438,119.063,-0.398,-0.219,1.527,0.215,5.746,3.352,0.000,0.000,0.000,0.000,0,NULL,NULL,,3,0,2,7,255,1019,250,0,0
stim,98433,128554,0,128554,3325869.455,-0.683,-0.063,-0.005,-0.727,0,0,6,0,0,0,0,37,59,1.331,0,2158,0,403.752,5.727,213.813,321.750,117.375,-0.410,-0.230,1.648,0.074,5.727,4.691,0.000,0.000,0.000,0.000,0,NULL,NULL,,3,0,2,7,255,1019,250,0,0
stim,98433,128554,0,128554,3325874.454,-0.687,-0.047,-0.002,-0.725,0,0,9,0,0,0,0,35,59,1.331,0,2158,0,404.869,5.555,221.188,316.500,121.750,-0.340,-0.328,1.695,-0.219,5.551,6.023,0.000,0.000,0.000,0.000,0,NULL,NULL,,3,0,2,7,255,1019,250,0,0
stim,98472,128593,0,128593,3325879.455,-0.692,-0.030,0.000,-0.722,0,0,9,0,0,0,0,40,59,1.331,0,2158,0,406.727,5.497,228.313,310.875,129.063,-0.473,-0.254,1.898,-0.992,5.406,6.777,0.000,0.000,0.000,0.000,0,NULL,NULL,,3,0,2,7,255,1019,250,0,0
stim,98472,128593,0,128593,3325884.454,-0.696,-0.013,0.003,-0.718,0,0,10,0,0,0,0,39,59,1.331,0,2158,0,404.349,5.318,230.438,306.875,127.375,-0.488,-0.340,1.996,-1.527,5.094,8.711,0.000,0.000,0.000,0.000,0,NULL,NULL,,3,0,2,7,255,1019,250,0,0
stim,98472,128593,0,128593,3325889.455,-0.699,0.004,0.005,-0.715,0,0,12,0,0,0,0,43,59,1.331,0,2158,0,402.359,5.842,232.938,303.688,124.125,-0.582,-0.371,2.184,-2.215,5.406,9.836,0.000,0.000,0.000,0.000,0,NULL,NULL,,3,0,2,7,255,1019,250,0,0
stim,98472,128593,0,128593,3325894.454,-0.702,0.020,0.007,-0.712,0,0,13,0,0,0,0,45,59,1.331,0,2158,0,395.443,5.855,227.625,302.125,115.250,-0.555,-0.520,2.262,-2.887,5.094,11.785,0.000,0.000,0.000,0.000,0,NULL,NULL,,3,0,2,7,255,1019,250,0,0
stim,98472,128593,0,128593,3325899.455,-0.705,0.036,0.009,-0.708,0,0,18,0,0,0,0,41,59,1.331,0,2158,0,388.734,6.632,220.563,302.000,106.125,-0.574,-0.535,2.332,-4.828,4.547,12.613,0.000,0.000,0.000,0.000,0,NULL,NULL,,3,0,2,7,255,1019,250,0,0
stim,98472,128593,0,128593,3325904.454,-0.707,0.053,0.012,-0.705,0,0,25,0,0,0,0,45,59,1.331,0,2158,0,381.486,6.848,214.250,303.125,88.000,-0.531,-0.582,2.344,-5.496,4.086,13.316,0.000,0.000,0.000,0.000,0,NULL,NULL,,3,0,2,7,255,1019,250,0,0
stim,98472,128594,0,128594,3325909.455,-0.708,0.069,0.014,-0.703,0,0,25,0,0,0,0,53,59,1.331,0,2158,0,383.504,7.075,222.438,302.688,77.313,-0.344,-0.719,2.305,-6.402,3.012,13.316,0.000,0.000,0.000,0.000,0,NULL,NULL,,3,0,2,7,255,1019,250,0,0
stim,98472,128594,0,128594,3325914.453,-0.709,0.086,0.016,-0.700,0,0,26,0,0,0,0,51,59,1.331,0,2158,0,392.038,8.204,239.438,301.750,72.875,-0.199,-0.781,2.395,-8.184,0.574,13.121,0.000,0.000,0.000,0.000,0,NULL,NULL,,3,0,2,7,255,1019,250,0,0
stim,98472,128594,0,128594,3325919.455,-0.709,0.103,0.018,-0.697,0,0,26,0,0,0,0,57,59,1.331,0,2158,0,396.579,9.436,250.188,302.188,58.000,0.000,-0.793,2.590,-9.301,-1.594,13.121,0.000,0.000,0.000,0.000,0,NULL,NULL,,3,0,2,7,255,1019,250,0,0
stim,98472,128594,1,128594,3325924.454,-0.709,0.120,0.019,-0.695,0,0,24,0,0,0,0,69,59,1.331,0,2158,0,401.033,11.014,258.750,302.438,49.063,0.441,-0.938,2.656,-10.055,-4.496,13.695,0.000,0.000,0.000,0.000,0,NULL,NULL,,3,1,2,7,255,1019,250,0,0
stim,98497,128618,1,128618,3325929.455,-0.708,0.137,0.020,-0.692,0,0,28,0,0,0,0,70,59,1.331,0,2158,0,407.472,15.256,265.125,304.563,54.625,0.754,-0.895,2.863,-11.906,-9.539,14.414,0.000,0.000,0.000,0.000,0,NULL,NULL,,3,1,2,7,255,1019,250,0,0
stim,98497,128618,1,128618,3325934.454,-0.708,0.155,0.021,-0.689,0,0,27,0,0,0,0,73,59,1.331,0,2158,0,409.428,18.242,267.750,304.000,59.375,1.008,-0.867,2.984,-12.125,-13.629,14.395,0.000,0.000,0.000,0.000,0,NULL,NULL,,3,1,2,7,255,1019,250,0,0
stim,98497,128618,1,128618,3325939.455,-0.707,0.173,0.022,-0.685,0,0,24,0,0,0,0,67,59,1.331,0,2158,0,413.145,21.103,272.500,303.750,64.563,1.184,-0.883,3.219,-12.461,-17.031,14.492,0.000,0.000,0.000,0.000,0,NULL,NULL,,3,1,2,7,255,1019,250,0,0
stim,98497,128618,1,128618,3325944.453,-0.707,0.190,0.023,-0.681,0,0,28,0,0,0,0,59,59,1.331,0,2158,0,409.181,24.058,265.188,302.688,74.063,1.367,-0.988,3.414,-13.406,-19.977,15.309,0.000,0.000,0.000,0.000,0,NULL,NULL,,3,1,2,7,255,1019,250,0,0
stim,98516,128637,1,128637,3325949.455,-0.707,0.206,0.025,-0.676,0,0,29,0,0,0,0,59,59,1.331,0,2158,0,392.285,27.133,240.000,297.875,86.938,1.324,-0.820,3.613,-14.383,-23.008,15.512,0.000,0.000,0.000,0.000,0,NULL,NULL,,3,1,2,7,255,1019,250,0,0
stim,98516,128637,1,128637,3325954.454,-0.706,0.221,0.027,-0.672,0,0,27,0,0,0,0,59,59,1.331,0,2158,0,357.459,27.929,196.125,290.188,71.438,1.332,-0.586,3.723,-14.383,-23.941,16.906,0.000,0.000,0.000,0.000,0,NULL,NULL,,3,1,2,7,255,1019,250,0,0
stim,98516,128637,1,128637,3325959.455,-0.706,0.234,0.032,-0.668,0,0,26,0,0,0,0,69,59,1.331,0,2158,0,317.830,28.157,143.000,280.500,43.438,1.598,-0.617,3.555,-12.734,-25.113,16.906,0.000,0.000,0.000,0.000,0,NULL,NULL,,3,1,2,7,255,1019,250,0,0
stim,98516,128637,1,128637,3325964.453,-0.705,0.245,0.037,-0.665,0,0,24,0,0,0,0,73,59,1.331,0,2158,0,290.462,30.440,97.563,271.938,30.000,1.945,-0.898,3.336,-12.734,-27.648,14.297,0.000,0.000,0.000,0.000,0,NULL,NULL,,3,1,2,7,255,1019,250,0,0
stim,98516,128637,1,128637,3325969.455,-0.705,0.254,0.043,-0.661,0,0,24,0,0,0,0,87,59,1.331,0,2158,0,264.923,33.778,43.688,259.625,29.500,2.203,-1.164,2.945,-14.359,-30.574,9.582,0.000,0.000,0.000,0.000,0,NULL,NULL,,3,1,2,7,255,1019,250,0,0
stim,98516,128637,1,128637,3325974.454,-0.704,0.261,0.050,-0.658,0,0,23,0,0,0,0,91,59,1.331,0,2158,0,245.362,34.928,18.375,243.688,21.938,2.461,-1.250,2.363,-14.402,-31.820,3.797,0.000,0.000,0.000,0.000,0,NULL,NULL,,3,1,2,7,255,1019,250,0,0
stim,98568,128689,1,128689,3325979.455,-0.704,0.268,0.056,-0.656,0,0,20,0,0,0,0,111,59,1.331,0,2158,0,226.240,35.085,27.375,224.250,12.125,2.715,-1.398,1.930,-14.402,-31.992,-3.109,0.000,0.000,0.000,0.000,0,NULL,NULL,,3,1,2,7,255,1019,250,0,0
stim,98568,128689,1,128689,3325984.454,-0.703,0.276,0.061,-0.653,0,0,21,0,9,0,0,139,59,1.331,0,2158,0,207.699,35.552,48.000,201.938,7.500,2.984,-1.582,1.691,-14.402,-32.504,-8.859,0.000,0.000,0.000,0.000,0,NULL,NULL,,3,1,2,7,255,1019,250,0,0
stim,98568,128689,1,128689,3325989.455,-0.701,0.283,0.065,-0.651,0,0,21,0,37,0,0,165,59,1.331,0,2158,0,188.042,36.979,58.500,178.688,2.875,3.246,-1.703,1.469,-14.945,-33.824,-13.176,0.000,0.000,0.000,0.000,0,NULL,NULL,,3,1,2,7,255,1019,250,0,0
stim,98568,128689,1,128689,3325994.454,-0.700,0.289,0.067,-0.649,0,0,22,0,45,0,0,188,59,1.331,0,2158,0,164.133,38.113,68.125,148.688,13.813,3.434,-1.887,1.215,-15.078,-35.004,-17.113,0.000,0.000,0.000,0.000,0,NULL,NULL,,3,1,2,7,255,1019,250,0,0
stim,98568,128689,1,128689,3325999.455,-0.699,0.295,0.068,-0.648,0,0,18,0,49,0,0,211,59,1.331,0,2158,0,153.562,38.699,92.500,121.375,17.125,3.648,-1.992,1.004,-15.797,-35.328,-21.129,0.000,0.000,0.000,0.000,0,NULL,NULL,,3,1,2,7,255,1019,250,0,0
stim,98568,128689,1,128689,3326004.454,-0.697,0.302,0.067,-0.647,0,0,17,0,45,0,0,211,59,1.331,0,2158,0,152.479,38.713,123.750,87.875,14.625,3.488,-2.355,0.965,-15.832,-35.328,-24.625,0.000,0.000,0.000,0.000,0,NULL,NULL,,3,1,2,7,255,1019,250,0,0
stim,98568,128689,1,128689,3326009.455,-0.694,0.309,0.064,-0.647,0,0,13,0,43,0,0,212,59,1.331,0,2158,0,191.583,39.320,183.125,52.813,-19.500,3.395,-2.711,1.152,-19.266,-34.277,-25.426,0.000,0.000,0.000,0.000,0,NULL,NULL,,3,1,2,7,255,1019,250,0,0
stim,98568,128689,1,128689,3326014.454,-0.691,0.316,0.058,-0.648,0,0,16,0,37,0,0,211,59,1.331,0,2158,0,230.000,40.441,228.375,17.125,-21.250,3.012,-2.344,1.527,-21.695,-34.129,-25.426,0.000,0.000,0.000,0.000,0,NULL,NULL,,3,1,2,7,255,1019,250,0,0
stim,98568,128689,1,128689,3326019.455,-0.684,0.323,0.051,-0.652,0,0,16,0,10,0,0,210,59,1.331,0,2158,0,301.635,39.102,285.000,-21.125,-96.500,2.469,-1.461,2.230,-21.695,-32.531,-19.977,0.000,0.000,0.000,0.000,0,NULL,NULL,,3,1,2,7,255,1019,250,0,0
stim,98568,128689,1,128689,3326024.454,-0.677,0.328,0.043,-0.657,0,0,2,3,0,0,0,215,59,1.331,0,2158,0,278.769,39.102,243.500,-70.250,-116.125,3.309,-1.809,3.246,-21.695,-32.531,-9.355,0.000,0.000,0.000,0.000,0,NULL,NULL,,3,1,2,7,255,1019,250,0,0
stim,98598,128719,1,128719,3326029.455,-0.676,0.330,0.035,-0.658,439,0,0,749,0,83,0,401,59,1.331,0,2158,0,207.492,44.788,174.375,-108.188,30.688,2.141,-1.734,4.367,-23.184,-38.320,-6.965,0.000,0.000,0.000,0.000,0,NULL,NULL,,3,1,2,7,255,1019,250,0,0
stim,98598,128719,1,128719,3326034.454,-0.676,0.338,0.005,-0.655,1223,0,0,1455,0,341,0,487,59,1.331,0,2158,0,717.125,48.807,577.000,-335.750,261.938,2.176,0.910,8.449,-23.184,-42.949,7.527,0.000,0.000,0.000,0.000,0,NULL,NULL,,3,1,2,7,255,1019,250,0,0
stim,98598,128719,1,128719,3326039.455,-0.688,0.322,0.006,-0.650,1883,0,0,1853,0,572,0,575,59,1.331,0,2158,0,481.307,44.643,-368.313,-197.563,238.688,0.316,1.410,5.496,-22.902,-38.320,37.938,0.000,0.000,0.000,0.000,0,NULL,NULL,,3,1,2,7,255,1019,250,0,0
stim,98598,128719,1,128719,3326044.453,-0.712,0.285,0.022,-0.641,2231,0,0,2043,0,907,0,653,59,1.331,0,2158,0,1096.676,28.810,-998.938,-253.188,375.125,0.652,3.641,0.672,-7.602,-27.789,37.938,0.000,0.000,0.000,0.000,0,NULL,NULL,,3,1,2,7,255,1019,250,0,0
stim,98598,128719,1,128719,3326049.455,-0.731,0.259,0.028,-0.630,2489,0,0,2227,0,1179,0,725,60,1.331,0,2159,0,791.933,31.976,-645.188,-214.250,406.188,-0.926,3.063,-1.836,31.043,-7.668,5.785,0.000,0.000,0.000,0.000,1,980.000,-39.000,,3,1,2,7,255,1019,250,0,0
stim,98598,128719,1,128719,3326054.453,-0.741,0.250,0.026,-0.622,2630,0,0,2349,0,1366,0,797,60,1.331,0,2159,0,355.775,35.971,-186.250,-140.813,268.438,-2.172,0.887,-1.164,31.043,18.172,-9.723,0.000,0.000,0.000,0.000,1,NULL,NULL,,3,1,2,7,255,1019,250,0,0
stim,98623,128744,1,128744,3326059.455,-0.743,0.250,0.019,-0.621,2791,0,0,2568,0,1501,0,873,60,1.331,0,2159,0,179.784,19.178,87.125,-130.125,88.313,-1.430,1.320,1.457,6.129,18.172,-9.723,0.000,0.000,0.000,0.000,1,NULL,NULL,,3,1,2,7,255,1019,250,0,0
stim,98623,128744,1,128744,3326064.454,-0.745,0.249,0.013,-0.619,2903,0,0,2716,0,1567,0,940,60,1.331,0,2159,0,147.203,10.597,49.313,-107.563,87.563,-0.434,3.168,1.848,6.129,8.645,11.703,0.000,0.000,0.000,0.000,2,NULL,NULL,,3,1,2,7,255,1019,250,0,0
stim,98623,128744,1,128744,3326069.455,-0.754,0.239,0.008,-0.611,2973,0,0,2842,0,1624,0,1050,60,1.331,0,2159,0,373.059,8.336,-158.438,-180.938,285.188,-1.219,1.191,1.727,5.281,6.449,12.754,0.000,0.000,0.000,0.000,2,NULL,NULL,,3,1,2,7,255,1019,250,0,0
stim,98623,128744,1,128744,3326074.454,-0.763,0.222,0.010,-0.607,3023,0,0,2935,0,1673,0,1182,60,1.331,0,2159,0,435.091,7.373,-350.875,-193.875,169.125,-2.344,-0.793,0.840,3.574,6.449,12.754,0.000,0.000,0.000,0.000,2,NULL,NULL,,3,1,2,7,255,1019,250,0,0
stim,98666,128787,1,128787,3326079.455,-0.765,0.208,0.010,-0.610,3059,0,0,3001,0,1710,0,1293,60,1.331,0,2159,0,335.537,18.253,-269.250,-198.438,-26.688,-1.746,-0.410,-0.531,-7.180,16.781,1.902,0.000,0.000,0.000,0.000,2,NULL,NULL,,3,1,2,7,255,1019,250,0,0
stim,98666,128787,1,128787,3326084.453,-0.761,0.201,0.007,-0.617,3082,0,0,3053,0,1779,0,1415,60,1.331,0,2159,0,261.340,18.253,-50.688,-193.500,-168.188,-0.293,-0.055,0.395,-7.180,16.781,-5.633,0.000,0.000,0.000,0.000,2,NULL,NULL,,3,1,2,7,255,1019,250,0,0
stim,98666,128787,1,128787,3326089.455,-0.756,0.196,0.003,-0.625,3101,0,0,3103,0,1840,0,1515,60,1.331,0,2159,0,260.166,3.911,-5.938,-172.688,-194.500,0.652,-0.164,1.680,-3.676,1.336,-5.633,0.000,0.000,0.000,0.000,2,NULL,NULL,,3,1,2,7,255,1019,250,0,0
stim,98666,128787,1,128787,3326094.454,-0.754,0.189,0.001,-0.629,3119,0,0,3144,0,1909,0,1599,60,1.331,0,2159,0,205.522,11.794,-90.000,-150.188,-107.625,1.410,-0.977,2.082,-3.676,-11.207,3.504,0.000,0.000,0.000,0.000,2,NULL,NULL,,3,1,2,7,255,1019,250,0,0
stim,98666,128787,1,128787,3326099.455,-0.756,0.178,0.001,-0.629,3125,0,0,3181,0,1989,0,1657,60,1.331,0,2159,0,242.481,21.536,-198.063,-136.250,31.688,1.141,-2.023,1.914,-10.602,-18.746,3.504,0.000,0.000,0.000,0.000,2,NULL,NULL,,3,1,2,7,255,1019,250,0,0
stim,98666,128787,1,128787,3326104.453,-0.761,0.167,0.004,-0.626,3140,0,0,3193,0,2068,0,1686,60,1.331,0,2159,0,308.489,27.672,-265.438,-114.625,107.563,-0.016,-1.938,1.172,-20.355,-18.746,0.633,0.000,0.000,0.000,0.000,2,NULL,NULL,,3,1,2,7,255,1019,250,0,0
stim,98666,128787,1,128787,3326109.455,-0.766,0.157,0.005,-0.623,3147,0,0,3212,0,2135,1,1707,60,1.331,0,2159,0,256.620,21.234,-195.125,-122.750,112.750,-0.461,-0.840,0.090,-20.355,-6.043,-3.008,0.000,0.000,0.000,0.000,2,NULL,NULL,,3,1,2,7,255,1019,250,0,0
stim,98666,128787,1,128787,3326114.454,-0.768,0.150,0.002,-0.622,3147,0,0,3215,69,2193,9,1741,60,1.331,0,2159,0,172.784,9.508,-84.500,-138.063,60.438,-0.816,-0.051,0.609,-9.168,2.520,-3.008,0.000,0.000,0.000,0.000,2,NULL,NULL,,3,1,2,7,255,1019,250,0,0
stim,98689,128810,1,128810,3326119.455,-0.769,0.145,-0.001,-0.623,3149,0,0,3221,153,2234,51,1765,60,1.331,0,2159,0,155.517,4.152,-58.813,-143.938,-2.938,-0.512,0.055,1.207,-3.301,2.520,-2.656,0.000,0.000,0.000,0.000,2,NULL,NULL,,3,1,2,7,255,1019,250,0,0
stim,98689,128810,1,128810,3326124.454,-0.769,0.138,-0.003,-0.624,3147,0,0,3224,335,2279,55,1800,60,1.331,0,2159,0,157.742,4.015,-80.250,-134.938,-15.313,-0.082,-0.152,1.195,-3.301,2.285,1.383,0.000,0.000,0.000,0.000,2,NULL,NULL,,3,1,2,7,255,1019,250,0,0
stim,98689,128810,1,128810,3326129.455,-0.769,0.132,-0.005,-0.625,3149,0,0,3226,535,2347,76,1914,60,1.331,0,2159,0,155.583,3.941,-83.688,-131.125,-2.938,0.020,-0.305,1.039,-3.430,-1.941,1.383,0.000,0.000,0.000,0.000,2,NULL,NULL,,3,1,2,7,255,1019,250,0,0
stim,98689,128810,1,128810,3326134.454,-0.770,0.126,-0.008,-0.626,3149,0,0,3224,723,2380,211,2005,60,1.331,0,2159,0,137.055,5.185,-63.125,-121.625,-2.563,0.078,-0.328,1.031,-4.391,-2.758,-0.492,0.000,0.000,0.000,0.000,2,NULL,NULL,,3,1,2,7,255,1019,250,0,0
stim,98689,128810,1,128810,3326139.455,-0.769,0.124,-0.010,-0.627,3147,0,0,3225,932,2413,213,2107,60,1.331,0,2159,0,89.358,5.463,-10.563,-82.688,-32.188,0.301,-0.203,1.574,-4.391,-3.250,-0.492,0.000,0.000,0.000,0.000,2,NULL,NULL,,3,1,2,7,255,1019,250,0,0
stim,98689,128810,1,128810,3326144.454,-0.769,0.122,-0.011,-0.628,3148,0,0,3225,1075,2444,233,2156,60,1.331,0,2159,0,58.804,6.943,-14.688,-53.313,-20.000,0.645,0.199,1.203,-3.547,-5.969,1.160,0.000,0.000,0.000,0.000,2,NULL,NULL,,3,1,2,7,255,1019,250,0,0
stim,98720,128841,1,128841,3326149.455,-0.769,0.120,-0.013,-0.628,3147,0,0,3225,1199,2464,245,2205,60,1.331,0,2159,0,48.105,6.153,-10.375,-46.938,1.813,0.391,0.555,1.414,1.496,-5.969,4.148,0.000,0.000,0.000,0.000,2,NULL,NULL,,3,1,2,7,255,1019,250,0,0
stim,98720,128841,1,128841,3326154.453,-0.769,0.118,-0.012,-0.629,3144,0,0,3223,1295,2482,227,2251,60,1.331,0,2159,0,55.231,5.245,-44.625,-29.438,-13.875,-0.152,0.195,1.430,1.496,-5.027,4.148,0.000,0.000,0.000,0.000,2,NULL,NULL,,3,1,2,7,255,1019,250,0,0
stim,98720,128841,1,128841,3326159.455,-0.768,0.115,-0.012,-0.630,3143,12,0,3221,1387,2491,227,2287,60,1.331,0,2159,0,68.431,0.591,-57.500,-25.313,-27.125,-0.090,0.180,0.895,0.289,-0.516,4.148,0.000,0.000,0.000,0.000,2,NULL,NULL,,3,1,2,7,255,1019,250,0,0
stim,98720,128841,1,128841,3326164.453,-0.767,0.114,-0.011,-0.631,3141,20,0,3215,1448,2503,219,2315,60,1.331,0,2159,0,56.845,0.390,-30.625,-23.125,-41.938,-0.160,0.316,1.008,0.289,-0.262,0.555,0.000,0.000,0.000,0.000,2,NULL,NULL,,3,1,2,7,255,1019,250,0,0
stim,98720,128841,1,128841,3326169.455,-0.766,0.112,-0.011,-0.633,3133,35,0,3213,1493,2507,220,2340,60,1.331,0,2159,0,63.787,0.390,-26.813,-20.000,-54.313,-0.078,0.168,1.129,0.289,-0.262,0.555,0.000,0.000,0.000,0.000,2,NULL,NULL,,3,1,2,7,255,1019,250,0,0
stim,98720,128841,0,128841,3326174.454,-0.765,0.110,-0.011,-0.635,3129,43,0,3215,1563,2517,205,2365,60,1.331,0,2159,0,60.473,0.724,-35.313,-17.313,-45.938,-0.004,-0.020,1.035,-0.051,-0.723,0.555,0.000,0.000,0.000,0.000,2,NULL,NULL,,3,0,2,7,255,1023,250,0,0
stim,98740,128861,0,128861,3326179.455,-0.764,0.108,-0.010,-0.636,3128,61,0,3209,1606,2519,206,2391,60,1.331,0,2159,0,54.761,1.729,-41.625,-14.625,-32.438,-0.094,-0.066,0.988,-1.570,-0.723,0.121,0.000,0.000,0.000,0.000,2,NULL,NULL,,3,0,2,7,255,1023,250,0,0
stim,98740,128861,0,128861,3326184.453,-0.763,0.106,-0.009,-0.637,3126,87,0,3199,1625,2520,204,2407,60,1.331,0,2159,0,53.050,1.721,-38.250,-12.688,-34.500,-0.102,0.090,0.980,-1.570,-0.703,-0.133,0.000,0.000,0.000,0.000,2,NULL,NULL,,3,0,2,7,255,1023,250,0,0
stim,98771,128892,0,128892,3326189.455,-0.762,0.105,-0.008,-0.639,3109,103,0,3193,1647,2524,203,2419,60,1.331,0,2159,0,51.170,0.905,-31.250,-10.063,-39.250,-0.039,0.137,1.020,-0.570,-0.703,-0.133,0.000,0.000,0.000,0.000,2,NULL,NULL,,3,0,2,7,255,1023,250,0,0
stim,98771,128892,0,128892,3326194.454,-0.761,0.104,-0.008,-0.640,3114,104,0,3193,1687,2521,189,2423,60,1.331,0,2159,0,47.291,1.020,-28.125,-6.625,-37.438,-0.016,0.086,1.063,-0.469,-0.906,0.234,0.000,0.000,0.000,0.000,2,NULL,NULL,,3,0,2,7,255,1023,250,0,0
stim,98771,128892,0,128892,3326199.455,-0.761,0.103,-0.007,-0.641,3113,112,9,3189,1706,2520,173,2425,60,1.331,0,2159,0,45.418,0.967,-29.000,-1.063,-34.938,-0.086,0.109,1.055,-0.336,-0.906,0.563,0.000,0.000,0.000,0.000,2,NULL,NULL,,3,0,2,7,255,1023,250,0,0
stim,98771,128892,0,128892,3326204.454,-0.760,0.102,-0.006,-0.642,3103,127,35,3179,1720,2519,164,2429,60,1.331,0,2159,0,51.382,0.648,-35.250,0.813,-37.375,-0.121,0.277,1.105,-0.336,-0.555,0.598,0.000,0.000,0.000,0.000,2,NULL,NULL,,3,0,2,7,255,1023,250,0,0
stim,98771,128892,0,128892,3326209.455,-0.759,0.100,-0.004,-0.643,3097,135,35,3176,1743,2515,163,2438,60,1.331,0,2159,0,55.757,0.547,-48.125,-2.313,-28.063,-0.078,0.133,1.043,-0.020,-0.547,0.598,0.000,0.000,0.000,0.000,2,NULL,NULL,,3,0,2,7,255,1023,250,0,0
stim,98771,128892,0,128892,3326214.453,-0.759,0.098,-0.003,-0.644,3087,143,58,3167,1769,2514,166,2441,60,1.331,0,2159,0,48.689,0.529,-44.000,-3.438,-20.563,-0.160,0.195,1.000,0.527,-0.039,0.523,0.000,0.000,0.000,0.000,2,NULL,NULL,,3,0,2,7,255,1023,250,0,0
stim,98771,128892,0,128892,3326219.455,-0.758,0.097,-0.002,-0.645,3091,149,81,3159,1801,2507,169,2453,60,1.331,0,2159,0,46.225,0.656,-36.938,-3.563,-27.563,-0.227,0.332,1.027,0.527,0.391,0.523,0.000,0.000,0.000,0.000,2,NULL,NULL,,3,0,2,7,255,1023,250,0,0
stim,98771,128892,0,128892,3326224.454,-0.757,0.096,-0.001,-0.646,3063,157,83,3155,1835,2507,173,2452,60,1.331,0,2159,0,53.580,1.585,-38.813,-5.250,-36.563,-0.180,0.297,1.074,1.453,0.633,0.770,0.000,0.000,0.000,0.000,2,NULL,NULL,,3,0,2,7,255,1023,250,0,0
stim,98798,128919,0,128919,3326229.455,-0.756,0.094,-0.000,-0.647,3043,171,133,3143,1865,2503,189,2457,60,1.331,0,2159,0,57.458,1.585,-43.375,-4.813,-37.375,-0.133,0.168,1.031,1.453,0.633,0.770,0.000,0.000,0.000,0.000,2,NULL,NULL,,3,0,2,7,255,1023,250,0,0
stim,98798,128919,0,128919,3326234.454,-0.756,0.093,0.001,-0.648,3027,186,143,3125,1884,2495,201,2471,60,1.331,0,2159,0,55.222,0.408,-42.813,-5.125,-34.500,-0.125,0.117,0.992,0.406,0.035,0.516,0.000,0.000,0.000,0.000,2,NULL,NULL,,3,0,2,7,255,1023,250,0,0
stim,98798,128919,0,128919,3326239.455,-0.755,0.091,0.002,-0.650,3007,199,203,3116,1908,2489,210,2463,60,1.331,0,2159,0,52.248,0.035,-38.125,-5.813,-35.250,-0.141,0.094,0.980,0.004,0.035,0.055,0.000,0.000,0.000,0.000,2,NULL,NULL,,3,0,2,7,255,1023,250,0,0
stim,98798,128919,0,128919,3326244.453,-0.754,0.090,0.003,-0.651,2987,201,274,3103,1951,2501,235,2472,60,1.331,0,2159,0,50.738,0.245,-35.938,-6.688,-35.188,-0.148,0.047,0.969,-0.219,0.109,-0.074,0.000,0.000,0.000,0.000,2,NULL,NULL,,3,0,2,7,255,1023,250,0,0
stim,98816,128937,0,128937,3326249.455,-0.753,0.088,0.004,-0.652,2971,205,325,3089,1975,2491,235,2480,60,1.331,0,2159,0,49.571,0.648,-34.813,-7.125,-34.563,-0.180,-0.031,0.930,-0.633,0.141,-0.215,0.000,0.000,0.000,0.000,2,NULL,NULL,,3,0,2,7,255,1023,250,0,0
stim,98816,128937,0,128937,3326254.454,-0.752,0.087,0.005,-0.653,2954,214,379,3077,1992,2474,239,2483,60,1.331,0,2159,0,49.242,1.407,-29.500,-6.938,-38.813,-0.215,-0.074,0.898,-1.352,0.391,-0.641,0.000,0.000,0.000,0.000,2,NULL,NULL,,3,0,2,7,255,1023,250,0,0
stim,98816,128937,0,128937,3326259.455,-0.751,0.086,0.006,-0.655,2927,216,440,3055,2018,2463,249,2489,60,1.331,0,2159,0,49.653,1.561,-23.688,-9.063,-42.688,-0.152,-0.055,0.934,-1.512,0.391,-0.648,0.000,0.000,0.000,0.000,2,NULL,NULL,,3,0,2,7,255,1023,250,0,0
stim,98816,128937,0,128937,3326264.453,-0.750,0.085,0.006,-0.656,2903,221,495,3029,2043,2463,260,2505,60,1.331,0,2159,0,41.932,1.515,-21.313,-11.813,-34.125,-0.070,-0.031,0.957,-1.512,0.105,-0.648,0.000,0.000,0.000,0.000,2,NULL,NULL,,3,0,2,7,255,1023,250,0,0
stim,98816,128937,0,128937,3326269.455,-0.750,0.084,0.006,-0.657,2875,219,567,3023,2077,2457,282,2506,60,1.331,0,2159,0,30.648,1.203,-19.000,-11.938,-20.875,-0.094,0.004,0.938,-1.152,-0.344,-0.602,0.000,0.000,0.000,0.000,2,NULL,NULL,,3,0,2,7,255,1023,250,0,0
stim,98816,128937,0,128937,3326274.454,-0.749,0.083,0.007,-0.657,2853,221,601,2998,2110,2456,308,2514,60,1.331,0,2159,0,28.858,0.882,-15.313,-11.313,-21.688,-0.195,0.035,0.941,-0.813,-0.344,-0.465,0.000,0.000,0.000,0.000,2,NULL,NULL,,3,0,2,7,255,1023,250,0,0
stim,98869,128990,0,128990,3326279.455,-0.748,0.082,0.007,-0.658,2827,217,667,2981,2151,2453,362,2531,60,1.331,0,2159,0,35.163,0.923,-13.625,-12.875,-29.750,-0.199,0.047,0.949,-0.656,0.648,-0.414,0.000,0.000,0.000,0.000,2,NULL,NULL,,3,0,2,7,255,1023,250,0,0
stim,98869,128990,0,128990,3326284.454,-0.747,0.081,0.007,-0.659,2803,222,713,2963,2187,2455,395,2533,60,1.331,0,2159,0,36.685,0.923,-15.500,-13.938,-30.188,-0.148,-0.016,0.934,-0.656,0.648,-0.414,0.000,0.000,0.000,0.000,2,NULL,NULL,,3,0,2,7,255,1023,250,0,0
stim,98869,128990,0,128990,3326289.455,-0.747,0.080,0.007,-0.660,2781,233,800,2941,2220,2461,443,2557,60,1.331,0,2159,0,33.830,1.029,-15.875,-14.375,-26.188,-0.113,-0.047,0.930,-1.012,0.188,-0.605,0.000,0.000,0.000,0.000,2,NULL,NULL,,3,0,2,7,255,1023,250,0,0
stim,98869,128990,0,128990,3326294.454,-0.746,0.079,0.007,-0.661,2749,231,883,2919,2258,2461,479,2570,60,1.331,0,2159,0,28.604,1.190,-13.250,-15.250,-20.250,-0.121,-0.039,0.930,-1.188,-0.078,-0.680,0.000,0.000,0.000,0.000,2,NULL,NULL,,3,0,2,7,255,1023,250,0,0
stim,98869,128990,0,128990,3326299.455,-0.746,0.078,0.007,-0.662,2720,231,978,2899,2297,2460,585,2595,60,1.331,0,2159,1,26.389,1.190,-11.625,-16.500,-17.000,-0.121,0.004,0.941,-1.188,-0.078,-0.680,0.000,0.000,0.000,0.000,2,NULL,NULL,,3,0,2,7,255,1023,250,0,0
stim,98869,128990,0,128990,3326304.453,-0.746,0.077,0.007,-0.662,2697,233,1070,2874,2327,2469,646,2605,60,1.331,0,2159,1,22.098,0.774,-8.063,-18.250,-9.500,-0.141,0.074,0.953,-0.773,-0.039,-0.539,0.000,0.000,0.000,0.000,2,NULL,NULL,,3,0,2,7,255,1023,250,0,0
stim,98869,128990,0,128990,3326309.455,-0.745,0.077,0.006,-0.662,2651,239,1199,2848,2364,2459,765,2627,60,1.331,0,2159,1,23.008,0.290,-8.188,-18.438,-11.063,-0.203,0.113,0.996,-0.133,0.258,-0.344,0.000,0.000,0.000,0.000,2,NULL,NULL,,3,0,2,7,255,1023,250,0,0
stim,98869,128990,0,128990,3326314.454,-0.745,0.076,0.006,-0.663,2605,239,1299,2828,2405,2463,869,2643,60,1.331,0,2159,1,27.552,0.872,-9.438,-21.813,-13.938,-0.227,0.211,1.059,0.188,0.852,0.184,0.000,0.000,0.000,0.000,2,NULL,NULL,,3,0,2,7,255,1023,250,0,0
stim,98869,128990,0,128990,3326319.455,-0.744,0.075,0.006,-0.664,2539,245,1437,2795,2446,2469,984,2680,60,1.331,0,2159,1,38.994,1.548,-19.875,-21.125,-26.063,-0.289,0.230,1.086,1.047,1.141,0.883,0.000,0.000,0.000,0.000,2,NULL,NULL,,3,0,2,7,255,1023,250,0,0
stim,98869,128990,0,128990,3326324.454,-0.743,0.073,0.006,-0.665,2489,253,1555,2779,2487,2483,1085,2677,60,1.331,0,2159,1,54.752,1.644,-30.500,-23.688,-38.813,-0.211,0.313,1.121,1.184,1.141,1.219,0.000,0.000,0.000,0.000,2,NULL,NULL,,3,0,2,7,255,1023,250,0,0
stim,98897,129018,0,129018,3326329.455,-0.742,0.071,0.007,-0.667,2425,267,1695,2751,2533,2487,1212,2683,60,1.331,0,2159,1,70.115,1.722,-43.813,-22.563,-49.875,-0.180,0.230,1.141,1.367,1.047,1.504,0.000,0.000,0.000,0.000,2,NULL,NULL,,3,0,2,7,255,1023,250,0,0
stim,98897,129018,0,129018,3326334.454,-0.741,0.069,0.008,-0.668,2357,281,1800,2720,2565,2478,1316,2708,60,1.331,0,2159,0,85.879,1.517,-63.188,-22.063,-53.813,-0.168,0.191,1.113,1.367,0.656,1.504,0.000,0.000,0.000,0.000,2,NULL,NULL,,3,0,2,7,255,1023,250,0,0
stim,98897,129018,0,129018,3326339.455,-0.739,0.066,0.009,-0.671,2277,293,1930,2677,2602,2484,1453,2727,60,1.331,0,2159,0,100.626,1.259,-68.563,-20.688,-70.688,-0.215,0.066,1.020,1.074,0.656,1.289,0.000,0.000,0.000,0.000,2,NULL,NULL,,3,0,2,7,255,1023,250,0,0
stim,98897,129018,0,129018,3326344.453,-0.737,0.063,0.011,-0.673,2200,304,2077,2636,2635,2485,1577,2757,60,1.331,0,2159,0,104.281,0.575,-71.625,-22.500,-72.375,-0.090,0.016,0.980,-0.102,0.566,0.355,0.000,0.000,0.000,0.000,2,NULL,NULL,,3,0,2,7,255,1023,250,0,0
stim,98915,129036,0,129036,3326349.455,-0.735,0.060,0.012,-0.675,2111,303,2167,2600,2675,2487,1677,2757,60,1.331,0,2159,0,103.475,0.377,-67.563,-21.688,-75.313,-0.117,-0.031,0.980,-0.371,0.066,-0.145,0.000,0.000,0.000,0.000,2,NULL,NULL,,3,0,2,7,255,1023,250,0,0
stim,98915,129036,0,129036,3326354.454,-0.733,0.057,0.014,-0.678,1994,319,2296,2529,2711,2493,1805,2781,60,1.331,0,2159,0,98.836,0.648,-69.250,-22.375,-66.875,-0.066,-0.023,0.961,-0.625,-0.172,-0.164,0.000,0.000,0.000,0.000,2,NULL,NULL,,3,0,2,7,255,1023,250,0,0
stim,98915,129036,0,129036,3326359.457,-0.731,0.054,0.015,-0.680,1885,336,2388,2489,2735,2489,1899,2795,60,1.331,0,2159,0,92.075,0.815,-63.313,-23.563,-62.563,-0.141,-0.051,0.941,-0.813,0.066,-0.379,0.000,0.000,0.000,0.000,2,NULL,NULL,,3,0,2,7,255,1023,250,0,0
stim,98915,129036,0,129036,3326364.454,-0.730,0.051,0.016,-0.681,1773,344,2463,2430,2762,2501,2008,2807,60,1.331,0,2159,0,86.296,0.731,-60.625,-25.625,-55.813,-0.160,-0.023,0.969,-0.625,0.379,-0.379,0.000,0.000,0.000,0.000,2,NULL,NULL,,3,0,2,7,255,1023,250,0,0
stim,98936,129057,0,129057,3326369.455,-0.728,0.048,0.017,-0.683,1611,343,2535,2351,2779,2503,2119,2829,60,1.331,0,2159,0,90.069,0.820,-55.875,-27.813,-64.938,-0.211,-0.027,1.004,-0.582,0.578,-0.199,0.000,0.000,0.000,0.000,2,NULL,NULL,,3,0,2,7,255,1023,250,0,0
stim,98936,129057,0,129057,3326374.454,-0.726,0.046,0.018,-0.686,1451,340,2605,2268,2811,2493,2199,2851,60,1.331,0,2159,0,93.396,0.818,-56.625,-30.438,-67.750,-0.148,0.016,1.027,-0.578,0.578,0.172,0.000,0.000,0.000,0.000,2,NULL,NULL,,3,0,2,7,255,1023,250,0,0
stim,98968,129089,0,129089,3326379.455,-0.724,0.043,0.019,-0.688,1227,320,2661,2180,2839,2503,2275,2859,60,1.331,0,2159,0,93.836,0.544,-55.250,-32.563,-68.500,-0.090,-0.008,1.012,-0.215,0.500,0.172,0.000,0.000,0.000,0.000,2,NULL,NULL,,3,0,2,7,255,1023,250,0,0
stim,98968,129089,0,129089,3326384.453,-0.723,0.040,0.019,-0.689,1074,311,2696,2043,2853,2487,2347,2871,60,1.331,0,2159,0,82.823,0.225,-51.438,-34.875,-54.750,-0.047,-0.039,0.992,-0.215,-0.066,0.152,0.000,0.000,0.000,0.000,2,NULL,NULL,,3,0,2,7,255,1023,250,0,0
stim,98968,129089,0,129089,3326389.455,-0.722,0.037,0.020,-0.691,875,288,2739,1942,2867,2489,2411,2889,60,1.331,0,2159,0,74.438,0.496,-45.563,-34.938,-47.375,-0.066,-0.074,0.988,-0.445,-0.219,-0.070,0.000,0.000,0.000,0.000,2,NULL,NULL,,3,0,2,7,255,1023,250,0,0
stim,98968,129089,0,129089,3326394.454,-0.721,0.035,0.020,-0.692,663,253,2773,1751,2889,2481,2463,2892,60,1.331,0,2159,0,67.079,0.811,-38.000,-37.688,-40.438,-0.074,-0.109,0.984,-0.781,-0.219,-0.117,0.000,0.000,0.000,0.000,2,NULL,NULL,,3,0,2,7,255,1023,250,0,0
stim,98968,129089,0,129089,3326399.455,-0.720,0.032,0.020,-0.693,441,215,2805,1499,2904,2479,2509,2915,60,1.331,0,2159,0,63.091,1.054,-34.000,-38.688,-36.438,-0.055,-0.109,0.996,-1.031,-0.219,-0.117,0.000,0.000,0.000,0.000,2,NULL,NULL,,3,0,2,7,255,1023,250,0,0
stim,98968,129089,0,129089,3326404.453,-0.719,0.030,0.019,-0.694,245,167,2835,1263,2919,2457,2553,2917,60,1.331,0,2159,0,54.340,1.069,-23.250,-41.313,-26.563,-0.047,-0.074,1.020,-1.031,-0.281,-0.012,0.000,0.000,0.000,0.000,2,NULL,NULL,,3,0,2,7,255,1023,250,0,0
stim,98968,129089,0,129089,3326409.455,-0.719,0.028,0.018,-0.695,100,123,2867,923,2949,2451,2603,2936,60,1.331,0,2159,0,49.894,0.736,-19.500,-42.563,-17.250,-0.074,0.020,1.059,-0.680,-0.281,0.207,0.000,0.000,0.000,0.000,2,NULL,NULL,,3,0,2,7,255,1023,250,0,0
stim,98968,129089,0,129089,3326414.454,-0.718,0.026,0.017,-0.695,16,62,2897,677,2953,2421,2643,2939,60,1.331,0,2159,0,52.868,0.283,-18.875,-45.813,-18.438,-0.105,0.156,1.117,0.281,-0.031,0.566,0.000,0.000,0.000,0.000,2,NULL,NULL,,3,0,2,7,255,1023,250,0,0
stim,98989,129110,0,129110,3326419.455,-0.717,0.024,0.016,-0.696,0,33,2919,425,2969,2403,2682,2954,60,1.331,0,2159,0,58.907,1.626,-22.750,-48.625,-24.250,-0.078,0.180,1.105,1.621,0.125,1.004,0.000,0.000,0.000,0.000,2,NULL,NULL,,3,0,2,7,255,1023,250,0,0
stim,98989,129110,0,129110,3326424.454,-0.717,0.023,0.015,-0.696,0,17,2919,263,2975,2375,2723,2961,60,1.331,0,2159,0,56.619,1.656,-10.625,-54.625,-10.438,-0.168,0.098,1.156,1.621,0.336,1.172,0.000,0.000,0.000,0.000,2,NULL,NULL,,3,0,2,7,255,1023,250,0,0
stim,98989,129111,0,129111,3326429.455,-0.717,0.021,0.013,-0.697,0,0,2936,151,3001,2351,2747,2951,60,1.331,0,2159,0,62.292,1.451,2.063,-61.813,-7.438,-0.297,0.059,1.316,1.051,1.000,1.555,0.000,0.000,0.000,0.000,2,NULL,NULL,,3,0,2,7,255,1023,250,0,0
stim,98989,129111,0,129111,3326434.454,-0.717,0.020,0.010,-0.697,0,0,2963,108,3003,2333,2781,2965,60,1.331,0,2159,0,74.217,2.339,18.750,-71.313,-8.438,-0.398,-0.035,1.629,0.680,2.238,3.223,0.000,0.000,0.000,0.000,2,NULL,NULL,,3,0,2,7,255,1023,250,0,0
stim,98989,129111,0,129111,3326439.455,-0.718,0.018,0.007,-0.696,0,0,2963,77,3015,2301,2800,2967,60,1.331,0,2159,0,88.622,3.177,18.375,-84.313,20.188,-0.402,-0.102,1.832,-0.234,3.168,6.301,0.000,0.000,0.000,0.000,2,NULL,NULL,,3,0,2,7,255,1023,250,0,0
stim,98989,129111,0,129111,3326444.454,-0.718,0.013,0.007,-0.696,0,0,2973,12,3021,2275,2841,2986,60,1.331,0,2159,0,106.167,3.294,-60.313,-87.125,6.563,-0.215,-0.242,1.508,-0.902,3.168,6.301,0.000,0.000,0.000,0.000,3,NULL,NULL,,3,0,2,7,255,1023,250,0,0
stim,99013,129134,0,129134,3326449.455,-0.718,0.007,0.007,-0.696,0,0,2991,0,3036,2222,2854,2983,60,1.331,0,2159,0,126.005,2.666,-89.875,-88.313,-0.813,-0.152,-0.262,1.035,-2.172,1.547,5.055,0.000,0.000,0.000,0.000,3,NULL,NULL,,3,0,2,7,255,1023,250,0,0
stim,99013,129134,0,129134,3326454.453,-0.719,0.003,0.005,-0.695,0,0,2988,0,3049,2158,2876,2975,60,1.331,0,2159,0,109.613,2.666,-40.188,-99.250,23.438,-0.262,-0.098,0.977,-2.172,1.547,0.434,0.000,0.000,0.000,0.000,3,NULL,NULL,,3,0,2,7,255,1023,250,0,0
stim,99013,129134,0,129134,3326459.455,-0.720,0.000,0.002,-0.694,0,0,2987,0,3058,2085,2910,2981,60,1.331,0,2159,0,112.173,2.469,7.688,-109.250,24.250,-0.344,0.105,1.133,-0.789,2.340,0.434,0.000,0.000,0.000,0.000,3,NULL,NULL,,3,0,2,7,255,1023,250,0,0
stim,99013,129134,0,129134,3326464.454,-0.720,-0.003,-0.002,-0.694,0,0,2991,0,3064,1981,2924,2980,60,1.331,0,2159,0,117.518,3.404,16.750,-116.313,1.188,-0.316,0.148,1.313,1.184,3.191,1.250,0.000,0.000,0.000,0.000,3,NULL,NULL,,3,0,2,7,255,1023,250,0,0
stim,99034,129155,0,129155,3326469.455,-0.720,-0.006,-0.006,-0.694,0,0,2995,0,3079,1881,2935,2979,60,1.331,0,2159,0,123.432,3.404,9.000,-123.063,-3.188,-0.207,0.066,1.473,1.184,3.191,3.000,0.000,0.000,0.000,0.000,3,NULL,NULL,,3,0,2,7,255,1023,250,0,0
stim,99034,129155,0,129155,3326474.454,-0.721,-0.010,-0.010,-0.693,0,0,2982,0,3089,1753,2957,2985,60,1.331,0,2159,0,131.309,2.429,-7.063,-129.938,17.563,-0.145,-0.027,1.484,0.926,2.246,4.570,0.000,0.000,0.000,0.000,3,NULL,NULL,,3,0,2,7,255,1023,250,0,0
stim,99034,129155,0,129155,3326479.455,-0.722,-0.015,-0.013,-0.692,0,0,2983,0,3092,1636,2967,2973,60,1.331,0,2159,0,144.012,2.246,-24.750,-136.875,37.313,-0.188,-0.066,1.402,0.016,2.246,4.570,0.000,0.000,0.000,0.000,3,NULL,NULL,,3,0,2,7,255,1023,250,0,0
stim,99034,129155,0,129155,3326484.453,-0.723,-0.020,-0.017,-0.690,0,0,2973,0,3090,1453,2980,2965,60,1.331,0,2159,0,155.577,2.316,-38.750,-144.125,43.938,-0.254,-0.063,1.320,-0.355,2.289,3.855,0.000,0.000,0.000,0.000,3,NULL,NULL,,3,0,2,7,255,1023,250,0,0
stim,99072,129193,0,129193,3326489.455,-0.724,-0.026,-0.020,-0.689,0,0,2965,0,3097,1233,2987,2944,60,1.331,0,2159,0,160.497,3.107,-34.813,-151.250,40.875,-0.293,-0.082,1.238,-0.363,3.086,2.992,0.000,0.000,0.000,0.000,3,NULL,NULL,,3,0,2,7,255,1023,250,0,0
stim,99072,129193,0,129193,3326494.454,-0.725,-0.031,-0.025,-0.687,0,0,2951,0,3097,1003,3003,2950,60,1.331,0,2159,0,165.818,3.596,-21.688,-160.375,36.125,-0.289,-0.121,1.203,-0.590,3.547,2.133,0.000,0.000,0.000,0.000,3,NULL,NULL,,3,0,2,7,255,1023,250,0,0
stim,99072,129193,0,129193,3326499.455,-0.726,-0.037,-0.029,-0.686,0,0,2937,0,3099,804,3015,2931,60,1.331,0,2159,0,174.293,3.678,-15.250,-169.188,39.000,-0.207,-0.156,1.250,-0.973,3.547,2.133,0.000,0.000,0.000,0.000,3,NULL,NULL,,3,0,2,7,255,1023,250,0,0
stim,99072,129193,0,129193,3326504.453,-0.728,-0.042,-0.034,-0.684,0,0,2904,0,3111,592,3021,2904,60,1.331,0,2159,0,185.646,3.212,-17.750,-177.438,51.625,-0.160,-0.145,1.281,-1.117,3.012,2.246,0.000,0.000,0.000,0.000,3,NULL,NULL,,3,0,2,7,255,1023,250,0,0
stim,99072,129193,0,129193,3326509.455,-0.729,-0.049,-0.039,-0.681,0,0,2877,0,3111,421,3030,2877,60,1.331,0,2159,0,194.412,3.212,-19.375,-184.188,59.125,-0.230,-0.113,1.266,-1.117,3.012,2.273,0.000,0.000,0.000,0.000,3,NULL,NULL,,3,0,2,7,255,1023,250,0,0
stim,99072,129193,0,129193,3326514.453,-0.731,-0.055,-0.044,-0.679,0,0,2857,0,3101,270,3045,2851,60,1.331,0,2159,0,200.599,3.761,-13.000,-192.438,55.125,-0.313,-0.086,1.246,-0.848,3.664,2.273,0.000,0.000,0.000,0.000,3,NULL,NULL,,3,0,2,7,255,1023,250,0,0
stim,99072,129193,0,129193,3326519.455,-0.732,-0.061,-0.051,-0.677,0,0,2809,0,3112,153,3049,2808,60,1.331,0,2159,0,207.343,4.695,-3.188,-202.500,44.438,-0.297,-0.027,1.277,-0.656,4.648,2.105,0.000,0.000,0.000,0.000,3,NULL,NULL,,3,0,2,7,255,1023,250,0,0
stim,99072,129193,0,129193,3326524.454,-0.733,-0.067,-0.057,-0.675,0,0,2747,0,3103,105,3051,2775,60,1.331,0,2159,0,216.376,4.649,3.750,-212.625,39.938,-0.219,0.043,1.324,-0.082,4.648,2.105,0.000,0.000,0.000,0.000,3,NULL,NULL,,3,0,2,7,255,1023,250,0,0
stim,99094,129215,0,129215,3326529.455,-0.734,-0.073,-0.065,-0.672,0,0,2701,0,3103,61,3059,2710,60,1.331,0,2159,0,225.710,4.407,16.500,-221.375,40.813,-0.133,0.152,1.418,0.621,4.363,2.566,0.000,0.000,0.000,0.000,3,NULL,NULL,,3,0,2,7,255,1023,250,0,0
stim,99094,129215,0,129215,3326534.454,-0.735,-0.079,-0.073,-0.670,0,0,2611,0,3101,53,3061,2659,60,1.331,0,2159,0,234.752,4.703,38.313,-227.625,42.750,-0.105,0.340,1.660,1.754,4.363,3.496,0.000,0.000,0.000,0.000,3,NULL,NULL,,3,0,2,7,255,1023,250,0,0
stim,99094,129215,0,129215,3326539.455,-0.736,-0.084,-0.082,-0.667,0,0,2525,0,3091,78,3079,2599,60,1.331,0,2159,0,246.484,5.939,50.125,-235.938,50.750,-0.242,0.363,2.020,3.617,4.711,5.691,0.000,0.000,0.000,0.000,3,NULL,NULL,,3,0,2,7,255,1023,250,0,0
stim,99094,129215,0,129215,3326544.453,-0.737,-0.091,-0.090,-0.664,0,0,2407,0,3095,92,3059,2515,60,1.331,0,2159,0,263.297,8.064,34.250,-252.563,66.063,-0.535,0.121,2.406,3.617,7.207,8.711,0.000,0.000,0.000,0.000,3,NULL,NULL,,3,0,2,7,255,1023,250,0,0
stim,99117,129238,0,129238,3326549.455,-0.738,-0.099,-0.099,-0.660,0,0,2255,0,3068,86,3059,2409,60,1.331,0,2159,0,285.166,11.198,-10.500,-277.563,64.563,-0.824,0.059,2.734,0.961,11.156,11.625,0.000,0.000,0.000,0.000,3,NULL,NULL,,3,0,2,7,255,1023,250,0,0
stim,99117,129238,0,129238,3326554.454,-0.738,-0.110,-0.107,-0.657,0,0,2083,0,3037,93,3051,2283,60,1.331,0,2159,0,314.804,15.230,-55.813,-307.313,39.313,-1.047,0.230,2.816,0.961,15.199,13.289,0.000,0.000,0.000,0.000,3,NULL,NULL,,3,0,2,7,255,1023,250,0,0
stim,99117,129238,0,129238,3326559.455,-0.736,-0.122,-0.115,-0.656,0,0,1888,0,3027,104,3032,2151,60,1.331,0,2159,0,350.326,18.374,-80.313,-340.938,6.313,-1.031,0.617,2.785,1.496,18.313,13.289,0.000,0.000,0.000,0.000,3,NULL,NULL,,3,0,2,7,255,1023,250,0,0
stim,99117,129238,0,129238,3326564.453,-0.734,-0.136,-0.125,-0.654,0,0,1767,0,2993,115,3000,2021,60,1.331,0,2159,0,387.900,19.888,-83.313,-378.563,-14.688,-0.938,0.980,2.855,5.344,19.156,12.316,0.000,0.000,0.000,0.000,3,NULL,NULL,,3,0,2,7,255,1023,250,0,0
stim,99117,129238,0,129238,3326569.455,-0.731,-0.151,-0.135,-0.652,0,0,1623,0,2943,120,2963,1915,60,1.331,0,2159,0,425.149,21.614,-103.375,-412.250,-10.750,-0.816,1.223,3.039,9.125,19.594,12.316,0.000,0.000,0.000,0.000,3,NULL,NULL,,3,0,2,7,255,1023,250,0,0
stim,99117,129238,0,129238,3326574.454,-0.728,-0.168,-0.145,-0.649,0,0,1499,0,2897,127,2905,1803,60,1.331,0,2159,0,458.512,23.149,-128.875,-440.000,4.938,-0.918,1.152,3.184,11.230,20.242,13.488,0.000,0.000,0.000,0.000,3,NULL,NULL,,3,0,2,7,255,1023,250,0,0
stim,99170,129291,0,129291,3326579.455,-0.724,-0.186,-0.156,-0.645,0,0,1337,0,2843,124,2828,1669,60,1.331,0,2159,0,496.209,25.206,-155.375,-470.688,23.125,-1.227,0.984,3.301,11.230,22.566,13.488,0.000,0.000,0.000,0.000,3,NULL,NULL,,3,0,2,7,255,1023,250,0,0
stim,99170,129291,0,129291,3326584.454,-0.720,-0.206,-0.166,-0.641,0,0,1177,0,2759,121,2710,1530,60,1.331,0,2159,0,539.246,28.235,-192.563,-503.563,11.438,-1.332,0.754,3.273,9.508,26.586,12.145,0.000,0.000,0.000,0.000,3,NULL,NULL,,3,0,2,7,255,1023,250,0,0
stim,99170,129291,0,129291,3326589.455,-0.714,-0.227,-0.177,-0.639,0,0,987,0,2633,103,2567,1382,60,1.331,0,2159,0,558.719,27.611,-191.250,-523.125,-43.938,-1.102,0.441,3.105,7.453,26.586,10.293,0.000,0.000,0.000,0.000,3,NULL,NULL,,3,0,2,7,255,1023,250,0,0
stim,99170,129291,0,129291,3326594.454,-0.706,-0.247,-0.189,-0.636,0,0,795,0,2485,76,2361,1245,60,1.331,0,2159,0,563.285,26.469,-171.813,-532.250,-66.938,-0.746,0.230,2.988,4.938,26.004,9.191,0.000,0.000,0.000,0.000,3,NULL,NULL,,3,0,2,7,255,1023,250,0,0
stim,99170,129291,0,129291,3326599.455,-0.700,-0.266,-0.202,-0.632,0,0,622,0,2291,58,2094,1047,60,1.331,0,2159,0,562.697,23.724,-142.000,-543.813,-27.063,-0.656,-0.152,3.016,3.523,23.461,9.191,0.000,0.000,0.000,0.000,3,NULL,NULL,,3,0,2,7,255,1023,250,0,0
stim,99170,129291,0,129291,3326604.454,-0.694,-0.287,-0.215,-0.624,0,0,408,0,2013,7,1803,862,60,1.331,0,2159,0,585.874,23.461,-149.813,-564.438,47.063,-0.797,-0.445,2.816,0.121,23.461,9.191,0.000,0.000,0.000,0.000,3,NULL,NULL,,3,0,2,7,255,1023,250,0,0
stim,99170,129291,0,129291,3326609.455,-0.689,-0.308,-0.227,-0.616,0,0,266,0,1696,0,1431,694,60,1.331,0,2159,0,598.409,23.640,-159.188,-574.688,49.875,-0.805,-0.500,2.238,-2.906,23.461,6.145,0.000,0.000,0.000,0.000,3,NULL,NULL,,3,0,2,7,255,1023,250,0,0
stim,99170,129291,0,129291,3326614.454,-0.683,-0.327,-0.241,-0.607,0,0,149,0,1322,0,922,539,60,1.331,0,2159,0,598.172,21.167,-92.375,-588.688,52.188,-0.824,-0.473,1.758,-3.859,20.813,0.996,0.000,0.000,0.000,0.000,3,NULL,NULL,,3,0,2,7,255,1023,250,0,0
stim,99170,129291,0,129291,3326619.455,-0.679,-0.344,-0.257,-0.595,0,0,109,1,885,0,317,416,60,1.331,0,2159,0,611.556,18.558,1.375,-606.250,80.375,-0.770,-0.219,1.777,-3.859,18.152,-3.406,0.000,0.000,0.000,0.000,3,NULL,NULL,,3,0,2,7,255,1023,250,0,0
stim,99170,129291,0,129291,3326624.454,-0.678,-0.358,-0.276,-0.580,0,0,87,0,339,0,0,330,60,1.331,0,2159,0,644.908,18.243,96.813,-622.625,137.375,-1.152,-0.008,2.238,-1.813,18.152,-4.230,0.000,0.000,0.000,0.000,3,NULL,NULL,,3,0,2,7,255,1023,250,0,0
stim,99198,129319,0,129319,3326629.455,-0.676,-0.375,-0.292,-0.563,0,0,23,0,0,0,0,239,60,1.331,0,2159,0,646.584,24.299,51.750,-617.313,185.250,-1.383,0.656,2.324,-0.551,24.293,-5.844,0.000,0.000,0.000,0.000,3,NULL,NULL,,3,0,2,7,255,1023,250,0,0
stim,99198,129319,0,129319,3326634.454,-0.670,-0.392,-0.304,-0.552,0,0,20,0,0,0,0,200,60,1.331,0,2159,0,572.500,24.784,-97.563,-555.438,98.625,-0.977,1.520,2.086,4.910,24.293,-9.738,0.000,0.000,0.000,0.000,3,NULL,NULL,,3,0,2,7,255,1023,250,0,0
stim,99199,129320,0,129320,3326639.455,-0.661,-0.411,-0.311,-0.545,0,0,21,0,0,0,0,91,60,1.331,0,2159,0,522.900,26.943,-217.125,-473.313,47.500,-0.551,2.223,1.684,13.641,23.234,-10.641,0.000,0.000,0.000,0.000,4,NULL,NULL,,3,0,2,7,255,1023,250,0,0
stim,99199,129320,0,129320,3326644.454,-0.654,-0.433,-0.309,-0.538,0,0,29,0,0,0,0,23,60,1.331,0,2159,0,560.437,25.285,-376.063,-377.000,174.750,-0.844,1.988,1.016,17.820,17.938,-11.563,0.000,0.000,0.000,0.000,0,NULL,NULL,,3,0,2,7,255,1023,250,0,0
stim,99200,129321,0,129321,3326649.455,-0.648,-0.456,-0.299,-0.532,0,0,26,0,0,0,0,2,60,1.331,0,2159,0,608.417,21.985,-495.188,-236.688,262.563,-0.770,2.090,-0.273,17.820,12.875,-17.566,0.000,0.000,0.000,0.000,0,NULL,NULL,,3,0,2,7,255,1023,250,0,0
stim,99200,129321,0,129321,3326654.453,-0.643,-0.469,-0.292,-0.530,0,0,25,0,0,0,0,1,60,1.331,0,2159,0,364.901,17.286,-315.250,-116.188,142.375,-0.531,0.844,-0.934,17.281,0.422,-20.391,0.000,0.000,0.000,0.000,0,NULL,NULL,,3,0,2,7,255,1023,250,0,0
stim,99221,129342,0,129342,3326659.455,-0.644,-0.469,-0.292,-0.529,0,0,24,0,0,0,0,0,60,1.331,0,2159,0,39.984,5.029,24.438,-2.313,31.563,-0.758,-0.809,0.207,5.012,0.422,-20.391,0.000,0.000,0.000,0.000,0,NULL,NULL,,3,0,2,7,255,1023,250,0,0
stim,99221,129342,0,129342,3326664.454,-0.648,-0.465,-0.292,-0.528,0,0,24,0,0,0,0,3,60,1.331,0,2159,0,113.478,10.609,85.563,69.813,26.125,-1.215,-1.418,1.801,-9.336,5.039,-13.063,0.000,0.000,0.000,0.000,0,NULL,NULL,,3,0,2,7,255,1023,250,0,0
stim,99221,129342,0,129342,3326669.455,-0.649,-0.465,-0.285,-0.531,0,0,26,0,0,0,0,0,60,1.331,0,2159,0,170.419,23.178,-77.813,142.625,51.438,-1.422,-0.617,1.961,-9.336,21.215,-12.305,0.000,0.000,0.000,0.000,0,NULL,NULL,,3,0,2,7,255,1023,250,0,0
stim,99221,129342,0,129342,3326674.454,-0.649,-0.466,-0.273,-0.536,0,0,25,0,0,0,0,0,60,1.331,0,2159,0,293.775,22.242,-201.500,202.188,69.438,-1.395,0.891,0.836,-6.680,21.215,-12.305,0.000,0.000,0.000,0.000,0,NULL,NULL,,3,0,2,7,255,1023,250,0,0
stim,99268,129389,0,129389,3326679.455,-0.650,-0.466,-0.261,-0.540,0,0,25,0,0,0,0,0,60,1.331,0,2159,0,293.800,14.227,-162.188,228.625,88.000,-1.410,1.918,0.066,5.824,12.980,-21.004,0.000,0.000,0.000,0.000,0,NULL,NULL,,3,0,2,7,255,1023,250,0,0
stim,99268,129389,0,129389,3326684.453,-0.653,-0.463,-0.252,-0.543,0,0,25,0,0,0,0,0,60,1.331,0,2159,0,250.747,14.239,-52.375,232.875,76.813,-1.512,1.750,0.152,12.102,7.504,-27.438,0.000,0.000,0.000,0.000,0,NULL,NULL,,3,0,2,7,255,1023,250,0,0
stim,99268,129389,0,129389,3326689.455,-0.656,-0.458,-0.244,-0.547,0,0,22,0,0,0,0,0,60,1.331,0,2159,0,238.594,14.239,-8.250,234.813,41.500,-1.473,0.660,0.652,12.102,7.504,-27.438,0.000,0.000,0.000,0.000,0,NULL,NULL,,3,0,2,7,255,1023,250,0,0
stim,99268,129389,0,129389,3326694.454,-0.658,-0.454,-0.235,-0.552,0,0,19,0,0,0,0,0,60,1.331,0,2159,0,247.620,12.370,-51.563,240.813,25.813,-1.219,-0.164,0.688,3.258,11.934,-21.047,0.000,0.000,0.000,0.000,0,NULL,NULL,,3,0,2,7,255,1023,250,0,0
stim,99268,129389,0,129389,3326699.455,-0.660,-0.451,-0.225,-0.557,0,0,18,0,0,0,0,0,60,1.331,0,2159,0,267.171,12.421,-95.875,246.188,39.750,-0.988,-0.145,0.164,-3.445,11.934,-16.285,0.000,0.000,0.000,0.000,0,NULL,NULL,,3,0,2,7,255,1023,250,0,0
stim,99268,129389,0,129389,3326704.453,-0.662,-0.448,-0.215,-0.561,0,0,19,0,0,0,0,0,60,1.331,0,2159,0,267.601,7.402,-73.438,251.188,55.875,-0.887,0.320,-0.422,-3.445,6.551,-16.285,0.000,0.000,0.000,0.000,0,NULL,NULL,,3,0,2,7,255,1023,250,0,0
stim,99297,129418,0,129418,3326709.455,-0.666,-0.442,-0.207,-0.565,0,0,18,0,0,0,0,0,60,1.331,0,2159,0,266.969,1.265,-4.313,260.375,58.813,-0.887,0.605,-0.555,-0.602,1.113,-19.844,0.000,0.000,0.000,0.000,0,NULL,NULL,,3,0,2,7,255,1023,250,0,0
stim,99297,129418,0,129418,3326714.453,-0.670,-0.434,-0.199,-0.568,0,0,21,0,0,0,0,0,60,1.331,0,2159,0,284.892,0.825,58.875,273.313,54.750,-0.703,0.375,-0.395,0.418,0.711,-19.844,0.000,0.000,0.000,0.000,0,NULL,NULL,,3,0,2,7,255,1023,250,0,0
stim,99297,129418,0,129418,3326719.455,-0.675,-0.424,-0.192,-0.572,0,0,19,0,0,0,0,0,60,1.331,0,2159,0,300.920,1.262,81.875,284.688,52.938,-0.953,0.410,-0.016,1.043,0.711,-18.488,0.000,0.000,0.000,0.000,0,NULL,NULL,,3,0,2,7,255,1023,250,0,0
stim,99297,129418,0,129418,3326724.454,-0.680,-0.414,-0.185,-0.576,0,0,11,0,0,0,0,0,60,1.331,0,2159,0,316.866,4.838,90.625,302.625,24.688,-0.805,0.180,-0.004,0.418,4.820,-18.348,0.000,0.000,0.000,0.000,0,NULL,NULL,,3,0,2,7,255,1023,250,0,0
stim,99297,129418,0,129418,3326729.455,-0.685,-0.403,-0.178,-0.581,0,0,10,0,0,0,0,0,60,1.331,0,2159,0,334.683,5.241,113.563,314.188,20.063,-0.727,0.172,0.094,-0.156,5.238,-16.246,0.000,0.000,0.000,0.000,0,NULL,NULL,,3,0,2,7,255,1023,250,0,0
stim,99297,129418,0,129418,3326734.454,-0.690,-0.391,-0.172,-0.585,0,0,10,0,0,0,0,0,60,1.331,0,2159,0,354.209,5.241,139.750,324.625,23.500,-0.609,0.172,0.238,-0.156,5.238,-14.941,0.000,0.000,0.000,0.000,0,NULL,NULL,,3,0,2,7,255,1023,250,0,0
stim,99297,129418,0,129418,3326739.455,-0.696,-0.378,-0.165,-0.588,0,0,9,0,0,0,0,0,60,1.331,0,2159,0,370.316,5.696,155.125,334.063,38.375,-0.543,0.250,0.500,0.520,5.672,-13.094,0.000,0.000,0.000,0.000,0,NULL,NULL,,3,0,2,7,255,1023,250,0,0
stim,99297,129418,0,129418,3326744.453,-0.701,-0.365,-0.158,-0.592,0,0,11,0,0,0,0,0,60,1.331,0,2159,0,372.374,7.456,147.063,339.938,38.438,-0.633,0.430,0.723,2.051,7.168,-11.063,0.000,0.000,0.000,0.000,0,NULL,NULL,,3,0,2,7,255,1023,250,0,0
stim,99297,129418,0,129418,3326749.455,-0.706,-0.352,-0.151,-0.596,0,0,11,0,0,0,0,0,60,1.331,0,2159,0,371.475,10.075,135.500,345.250,20.875,-0.547,0.379,0.801,3.938,9.273,-10.547,0.000,0.000,0.000,0.000,0,NULL,NULL,,3,0,2,7,255,1023,250,0,0
stim,99297,129418,0,129418,3326754.454,-0.710,-0.338,-0.144,-0.601,0,0,6,0,0,0,0,0,60,1.331,0,2159,0,369.794,10.075,129.625,346.125,11.938,-0.461,0.293,0.875,3.938,9.273,-9.004,0.000,0.000,0.000,0.000,0,NULL,NULL,,3,0,2,7,255,1023,250,0,0
stim,99332,129453,0,129453,3326759.455,-0.714,-0.325,-0.136,-0.604,0,0,5,0,0,0,0,0,60,1.331,0,2159,0,369.632,9.729,129.375,345.625,20.813,-0.270,0.133,0.910,3.539,9.063,-7.348,0.000,0.000,0.000,0.000,0,NULL,NULL,,3,0,2,7,255,1023,250,0,0
stim,99332,129453,0,129453,3326764.453,-0.718,-0.313,-0.129,-0.608,0,0,5,0,0,0,0,0,60,1.331,0,2159,0,363.281,9.729,120.438,341.938,23.375,-0.434,0.336,1.051,3.539,9.063,-5.410,0.000,0.000,0.000,0.000,0,NULL,NULL,,3,0,2,7,255,1023,250,0,0
stim,99332,129453,0,129453,3326769.455,-0.722,-0.300,-0.121,-0.612,0,0,0,0,0,0,0,0,60,1.331,0,2159,0,360.213,9.033,110.625,342.750,6.188,-0.277,0.254,1.027,3.922,8.137,-5.172,0.000,0.000,0.000,0.000,0,NULL,NULL,,3,0,2,7,255,1023,250,0,0
stim,99332,129453,0,129453,3326774.454,-0.725,-0.288,-0.113,-0.616,0,0,0,0,0,0,0,0,60,1.331,0,2159,0,359.628,9.033,105.313,343.750,8.813,-0.137,0.176,0.996,3.922,8.137,-4.172,0.000,0.000,0.000,0.000,0,NULL,NULL,,3,0,2,7,255,1023,250,0,0
stim,99332,129453,0,129453,3326779.455,-0.728,-0.275,-0.104,-0.620,0,0,0,0,0,0,0,0,60,1.331,0,2159,0,362.565,7.441,103.813,346.750,21.000,-0.098,0.125,0.941,3.426,6.605,-3.215,0.000,0.000,0.000,0.000,0,NULL,NULL,,3,0,2,7,255,1023,250,0,0
stim,99332,129453,0,129453,3326784.454,-0.731,-0.262,-0.096,-0.623,0,0,4,0,0,0,0,0,60,1.331,0,2159,0,368.128,6.427,108.625,350.250,32.313,-0.125,0.109,0.910,2.902,5.734,-3.215,0.000,0.000,0.000,0.000,0,NULL,NULL,,3,0,2,7,255,1023,250,0,0
stim,99371,129492,0,129492,3326789.455,-0.735,-0.249,-0.088,-0.625,0,0,3,0,0,0,0,0,60,1.331,0,2159,0,374.494,6.320,118.438,353.500,35.438,-0.164,0.121,0.930,2.656,5.734,-3.086,0.000,0.000,0.000,0.000,0,NULL,NULL,,3,0,2,7,255,1023,250,0,0
stim,99371,129492,0,129492,3326794.454,-0.738,-0.235,-0.079,-0.628,0,0,5,0,0,0,0,0,60,1.331,0,2159,0,380.239,6.226,128.625,355.938,36.688,-0.148,0.098,0.984,2.594,5.660,-3.086,0.000,0.000,0.000,0.000,0,NULL,NULL,,3,0,2,7,255,1023,250,0,0
stim,99371,129492,0,129492,3326799.455,-0.741,-0.221,-0.071,-0.630,0,0,2,0,0,0,0,0,60,1.331,0,2159,0,384.702,6.212,136.250,357.500,40.313,-0.129,0.082,1.047,2.559,5.660,-2.289,0.000,0.000,0.000,0.000,0,NULL,NULL,,3,0,2,7,255,1023,250,0,0
stim,99371,129492,0,129492,3326804.454,-0.745,-0.206,-0.063,-0.632,0,0,4,0,0,0,0,0,60,1.331,0,2159,0,388.203,6.014,142.688,358.063,46.188,-0.102,0.066,1.090,2.520,5.461,-1.445,0.000,0.000,0.000,0.000,0,NULL,NULL,,3,0,2,7,255,1023,250,0,0
stim,99371,129492,0,129492,3326809.455,-0.748,-0.192,-0.055,-0.633,0,0,0,0,0,0,0,0,60,1.331,0,2159,0,390.990,5.624,149.500,357.500,52.125,-0.063,0.059,1.117,2.441,5.066,-0.730,0.000,0.000,0.000,0.000,0,NULL,NULL,,3,0,2,7,255,1023,250,0,0
stim,99371,129492,0,129492,3326814.454,-0.751,-0.177,-0.048,-0.634,0,0,3,0,0,0,0,0,60,1.331,0,2159,0,393.251,5.110,159.438,354.438,60.000,-0.043,0.047,1.160,2.422,4.500,-0.145,0.000,0.000,0.000,0.000,0,NULL,NULL,,3,0,2,7,255,1023,250,0,0
stim,99371,129492,0,129492,3326819.455,-0.755,-0.161,-0.040,-0.634,0,0,2,0,0,0,0,0,60,1.331,0,2159,0,394.987,4.970,170.750,349.438,68.938,-0.063,0.109,1.262,2.422,4.340,0.492,0.000,0.000,0.000,0.000,0,NULL,NULL,,3,0,2,7,255,1023,250,0,0
stim,99371,129492,0,129492,3326824.454,-0.758,-0.146,-0.033,-0.634,0,0,3,0,0,0,0,0,60,1.331,0,2159,0,394.331,5.269,177.188,344.313,74.500,-0.094,0.152,1.391,2.988,4.340,1.410,0.000,0.000,0.000,0.000,0,NULL,NULL,,3,0,2,7,255,1023,250,0,0
stim,99396,129517,0,129517,3326829.455,-0.762,-0.131,-0.027,-0.634,0,0,0,0,0,0,0,0,60,1.331,0,2159,0,391.761,5.622,179.313,339.063,79.750,-0.137,0.121,1.500,3.098,4.691,2.582,0.000,0.000,0.000,0.000,0,NULL,NULL,,3,0,2,7,255,1023,250,0,0
stim,99396,129517,0,129517,3326834.454,-0.765,-0.116,-0.020,-0.633,0,0,2,0,0,0,0,0,60,1.331,0,2159,0,388.338,5.809,180.500,333.750,82.688,-0.188,0.086,1.582,3.098,4.914,3.773,0.000,0.000,0.000,0.000,0,NULL,NULL,,3,0,2,7,255,1023,250,0,0
stim,99396,129517,0,129517,3326839.455,-0.768,-0.100,-0.014,-0.632,0,0,8,0,0,0,0,0,60,1.331,0,2159,0,384.792,5.703,182.750,328.375,82.688,-0.234,0.070,1.672,2.648,5.051,4.730,0.000,0.000,0.000,0.000,0,NULL,NULL,,3,0,2,7,255,1023,250,0,0
stim,99396,129517,0,129517,3326844.453,-0.771,-0.085,-0.008,-0.631,0,0,7,0,0,0,0,0,60,1.331,0,2159,0,380.029,5.688,184.188,322.563,80.313,-0.281,0.059,1.770,2.332,5.188,5.719,0.000,0.000,0.000,0.000,0,NULL,NULL,,3,0,2,7,255,1023,250,0,0
stim,99396,129517,0,129517,3326849.455,-0.774,-0.070,-0.002,-0.630,0,0,9,0,0,0,0,0,60,1.331,0,2159,0,373.497,5.614,183.500,316.563,74.938,-0.320,0.051,1.840,2.109,5.203,6.797,0.000,0.000,0.000,0.000,0,NULL,NULL,,3,0,2,7,255,1023,250,0,0
stim,99396,129517,0,129517,3326854.453,-0.776,-0.056,0.004,-0.629,0,0,10,0,0,0,0,0,60,1.331,0,2159,0,367.654,5.520,184.813,310.563,67.563,-0.344,0.008,1.887,1.844,5.203,7.633,0.000,0.000,0.000,0.000,0,NULL,NULL,,3,0,2,7,255,1023,250,0,0
stim,99429,129550,0,129550,3326859.455,-0.777,-0.041,0.009,-0.628,0,0,6,0,0,0,0,0,60,1.331,0,2159,0,364.259,4.992,190.500,304.938,58.375,-0.359,-0.047,1.945,1.254,4.832,8.289,0.000,0.000,0.000,0.000,0,NULL,NULL,,3,0,2,7,255,1023,250,0,0
stim,99429,129550,0,129550,3326864.454,-0.778,-0.025,0.014,-0.627,0,0,7,0,0,0,0,0,60,1.331,0,2159,0,362.611,4.419,196.938,300.938,46.250,-0.352,-0.137,2.012,0.535,4.387,9.066,0.000,0.000,0.000,0.000,0,NULL,NULL,,3,0,2,7,255,1023,250,0,0
stim,99429,129550,0,129550,3326869.455,-0.779,-0.010,0.019,-0.627,0,0,9,0,0,0,0,0,60,1.331,0,2159,0,362.807,3.585,202.875,298.813,34.375,-0.328,-0.227,2.047,-0.465,3.555,9.914,0.000,0.000,0.000,0.000,0,NULL,NULL,,3,0,2,7,255,1023,250,0,0
stim,99429,129550,0,129550,3326874.454,-0.779,0.005,0.024,-0.626,0,0,7,0,0,0,0,0,60,1.331,0,2159,0,366.305,2.939,211.063,298.563,22.188,-0.293,-0.289,2.059,-1.480,2.539,10.434,0.000,0.000,0.000,0.000,0,NULL,NULL,,3,0,2,7,255,1023,250,0,0
stim,99472,129593,0,129593,3326879.455,-0.779,0.021,0.028,-0.627,0,0,12,0,0,0,0,0,60,1.331,0,2159,0,373.997,2.671,224.563,298.938,9.063,-0.250,-0.336,2.086,-2.215,1.492,10.602,0.000,0.000,0.000,0.000,0,NULL,NULL,,3,0,2,7,255,1023,250,0,0
stim,99472,129593,0,129593,3326884.453,-0.778,0.037,0.032,-0.627,0,0,11,0,0,0,0,0,60,1.331,0,2159,0,383.892,2.879,240.813,298.938,-4.375,-0.168,-0.359,2.160,-2.859,0.336,10.855,0.000,0.000,0.000,0.000,0,NULL,NULL,,3,0,2,7,255,1023,250,0,0
stim,99472,129593,0,129593,3326889.455,-0.776,0.054,0.035,-0.628,0,0,10,0,0,0,0,0,60,1.331,0,2159,0,392.665,3.375,254.625,298.375,-18.000,-0.027,-0.383,2.250,-3.168,-1.164,11.469,0.000,0.000,0.000,0.000,0,NULL,NULL,,3,0,2,7,255,1023,250,0,0
stim,99472,129593,0,129593,3326894.454,-0.774,0.071,0.038,-0.629,0,0,13,0,0,0,0,0,60,1.331,0,2159,0,402.159,4.717,269.563,297.000,-29.313,0.172,-0.402,2.336,-3.422,-3.246,12.066,0.000,0.000,0.000,0.000,0,NULL,NULL,,3,0,2,7,255,1023,250,0,0
stim,99472,129593,0,129593,3326899.455,-0.771,0.088,0.040,-0.630,0,0,15,0,0,0,0,0,60,1.331,0,2159,0,414.103,6.979,288.688,294.625,-36.563,0.398,-0.406,2.426,-3.609,-5.973,12.457,0.000,0.000,0.000,0.000,0,NULL,NULL,,3,0,2,7,255,1023,250,0,0
stim,99472,129593,0,129593,3326904.453,-0.768,0.107,0.041,-0.631,0,0,18,0,0,0,0,7,60,1.331,0,2159,0,427.867,9.636,310.875,291.250,-40.000,0.617,-0.398,2.563,-3.660,-8.914,12.672,0.000,0.000,0.000,0.000,0,NULL,NULL,,3,0,2,7,255,1023,250,0,0
stim,99472,129593,0,129593,3326909.455,-0.764,0.125,0.042,-0.631,0,0,13,0,0,0,0,24,60,1.331,0,2159,0,435.381,12.478,324.375,287.563,-40.563,0.832,-0.398,2.754,-3.723,-11.910,13.215,0.000,0.000,0.000,0.000,0,NULL,NULL,,3,0,2,7,255,1023,250,0,0
stim,99472,129593,0,129593,3326914.454,-0.760,0.144,0.043,-0.632,0,0,18,0,0,0,0,47,60,1.331,0,2159,0,435.397,15.543,326.750,285.188,-38.375,1.023,-0.414,2.891,-4.000,-15.020,14.098,0.000,0.000,0.000,0.000,0,NULL,NULL,,3,0,2,7,255,1023,250,0,0
stim,99472,129593,0,129593,3326919.455,-0.756,0.162,0.043,-0.632,0,0,16,0,0,0,0,46,60,1.331,0,2159,0,432.314,18.437,323.125,285.000,-35.500,1.156,-0.438,2.992,-4.531,-17.871,14.242,0.000,0.000,0.000,0.000,0,NULL,NULL,,3,0,2,7,255,1023,250,0,0
stim,99472,129593,0,129593,3326924.454,-0.752,0.181,0.044,-0.632,0,0,17,0,0,0,0,51,60,1.331,0,2159,0,428.602,20.791,318.125,285.188,-34.125,1.195,-0.402,3.145,-5.219,-20.125,14.355,0.000,0.000,0.000,0.000,0,NULL,NULL,,3,0,2,7,255,1023,250,0,0
stim,99493,129614,0,129614,3326929.455,-0.748,0.198,0.046,-0.632,0,0,21,0,0,0,0,53,60,1.331,0,2159,0,421.168,22.223,307.000,285.000,-43.688,1.273,-0.207,3.395,-5.219,-21.602,14.875,0.000,0.000,0.000,0.000,0,NULL,NULL,,3,0,2,7,255,1023,250,0,0
stim,99493,129614,0,129614,3326934.454,-0.743,0.215,0.048,-0.632,0,0,19,0,0,0,0,51,60,1.331,0,2159,0,403.134,24.026,278.125,284.063,-66.875,1.508,-0.012,3.613,-4.656,-23.570,16.520,0.000,0.000,0.000,0.000,0,NULL,NULL,,3,0,2,7,255,1023,250,0,0
stim,99493,129614,0,129614,3326939.455,-0.737,0.230,0.051,-0.633,0,0,19,0,0,0,0,73,60,1.331,0,2159,0,369.723,27.224,224.875,281.250,-83.813,1.875,0.004,3.676,-3.363,-27.016,16.520,0.000,0.000,0.000,0.000,0,NULL,NULL,,3,0,2,7,255,1023,250,0,0
stim,99493,129614,0,129614,3326944.454,-0.733,0.242,0.057,-0.634,0,0,13,0,0,0,0,91,60,1.331,0,2159,0,324.654,31.450,152.500,275.125,-80.313,2.266,-0.117,3.461,-3.363,-31.270,15.758,0.000,0.000,0.000,0.000,0,NULL,NULL,,3,0,2,7,255,1023,250,0,0
stim,99521,129642,1,129642,3326949.455,-0.729,0.252,0.064,-0.633,0,0,10,0,0,0,0,117,60,1.331,0,2159,0,285.252,34.786,84.625,265.188,-62.313,2.598,-0.289,2.965,-3.535,-34.605,11.230,0.000,0.000,0.000,0.000,0,NULL,NULL,,3,1,2,7,255,1023,250,0,0
stim,99521,129642,1,129642,3326954.453,-0.726,0.260,0.071,-0.632,0,0,12,0,0,0,0,167,60,1.331,0,2159,0,259.117,36.146,46.438,251.375,-42.375,2.891,-0.426,2.375,-3.535,-35.973,4.348,0.000,0.000,0.000,0.000,0,NULL,NULL,,3,1,2,7,255,1023,250,0,0
stim,99521,129642,1,129642,3326959.455,-0.724,0.267,0.078,-0.631,0,0,11,0,0,0,0,215,60,1.331,0,2159,0,237.929,36.377,36.625,233.375,-28.375,3.270,-0.508,1.832,-3.258,-36.230,-3.074,0.000,0.000,0.000,0.000,0,NULL,NULL,,3,1,2,7,255,1023,250,0,0
stim,99521,129642,1,129642,3326964.454,-0.722,0.275,0.084,-0.629,0,0,6,0,0,0,0,261,60,1.331,0,2159,0,218.397,37.152,41.938,213.500,-18.875,3.781,-0.672,1.309,-2.207,-37.086,-10.238,0.000,0.000,0.000,0.000,0,NULL,NULL,,3,1,2,7,255,1023,250,0,0
stim,99521,129642,1,129642,3326969.455,-0.721,0.282,0.088,-0.627,0,0,12,0,0,0,0,277,60,1.331,0,2159,0,202.062,39.004,65.000,191.313,1.875,4.262,-1.129,0.801,-2.207,-38.941,-18.035,0.000,0.000,0.000,0.000,0,NULL,NULL,,3,1,2,7,255,1023,250,0,0
stim,99521,129642,1,129642,3326974.454,-0.720,0.290,0.089,-0.624,0,0,10,0,0,0,0,283,60,1.331,0,2159,0,212.111,40.653,121.313,166.063,51.938,4.441,-1.781,0.453,-3.984,-40.457,-26.359,0.000,0.000,0.000,0.000,0,NULL,NULL,,3,1,2,7,255,1023,250,0,0
stim,99567,129688,1,129688,3326979.455,-0.719,0.301,0.086,-0.620,0,0,9,0,0,0,0,279,60,1.331,0,2159,0,273.741,41.401,211.125,134.000,111.375,4.324,-2.309,0.395,-8.789,-40.457,-32.461,0.000,0.000,0.000,0.000,0,NULL,NULL,,3,1,2,7,255,1023,250,0,0
stim,99567,129688,1,129688,3326984.453,-0.720,0.314,0.079,-0.614,0,0,9,0,19,0,0,267,60,1.331,0,2159,0,354.370,41.968,297.688,94.250,167.563,4.102,-2.633,0.844,-13.266,-39.816,-32.461,0.000,0.000,0.000,0.000,0,NULL,NULL,,3,1,2,7,255,1023,250,0,0
stim,99567,129688,1,129688,3326989.455,-0.719,0.328,0.068,-0.608,0,0,8,0,21,0,0,255,60,1.331,0,2159,0,437.120,42.193,380.438,59.313,206.938,3.375,-2.160,1.492,-15.453,-39.262,-31.797,0.000,0.000,0.000,0.000,0,NULL,NULL,,3,1,2,7,255,1023,250,0,0
stim,99567,129688,1,129688,3326994.454,-0.718,0.342,0.056,-0.604,0,0,10,0,21,0,0,243,60,1.331,0,2159,0,439.416,40.047,409.500,15.938,158.563,2.551,-1.320,2.645,-15.453,-36.945,-22.539,0.000,0.000,0.000,0.000,0,NULL,NULL,,3,1,2,7,255,1023,250,0,0
stim,99567,129688,1,129688,3326999.455,-0.715,0.352,0.046,-0.603,0,0,13,0,16,0,0,221,60,1.331,0,2159,0,333.186,39.240,324.938,-24.813,69.375,1.906,-0.164,3.988,-13.223,-36.945,-7.313,0.000,0.000,0.000,0.000,0,NULL,NULL,,3,1,2,7,255,1023,250,0,0
stim,99567,129688,1,129688,3327004.453,-0.711,0.355,0.040,-0.606,0,0,11,0,1,0,0,185,60,1.331,0,2159,0,177.478,39.165,159.563,-55.938,-53.938,2.066,-0.203,4.426,-11.527,-37.430,10.133,0.000,0.000,0.000,0.000,0,NULL,NULL,,3,1,2,7,255,1023,250,0,0
stim,99567,129688,1,129688,3327009.455,-0.711,0.354,0.037,-0.606,0,0,0,41,0,11,0,309,60,1.331,0,2159,0,88.271,42.601,22.063,-80.688,28.188,2.742,-1.266,4.090,-11.527,-41.012,10.133,0.000,0.000,0.000,0.000,0,NULL,NULL,,3,1,2,7,255,1023,250,0,0
stim,99567,129688,1,129688,3327014.453,-0.717,0.358,0.016,-0.598,453,0,0,728,0,95,0,410,60,1.331,0,2159,0,534.514,48.447,299.688,-236.875,373.875,1.102,-0.148,6.965,-18.152,-44.918,12.336,0.000,0.000,0.000,0.000,0,NULL,NULL,,3,1,2,7,255,1023,250,0,0
stim,99597,129718,1,129718,3327019.455,-0.729,0.349,0.006,-0.588,1079,0,0,1337,0,333,0,501,60,1.331,0,2159,0,472.113,48.447,-111.563,-215.688,404.875,0.289,1.617,8.184,-18.152,-44.918,36.430,0.000,0.000,0.000,0.000,0,NULL,NULL,,3,1,2,7,255,1023,250,0,0
stim,99597,129718,1,129718,3327024.454,-0.756,0.309,0.025,-0.577,1643,0,0,1751,0,529,0,575,60,1.331,0,2159,0,1220.442,45.206,-1148.938,-146.250,384.750,-0.266,2.617,2.813,-15.383,-42.508,36.430,0.000,0.000,0.000,0.000,0,NULL,NULL,,3,1,2,7,255,1023,250,0,0
stim,99597,129718,1,129718,3327029.455,-0.780,0.266,0.044,-0.565,2074,0,0,1926,0,855,0,636,60,1.331,0,2160,0,1226.235,15.862,-1158.875,-184.188,356.000,-0.863,3.781,-1.574,14.082,-7.301,24.430,0.000,0.000,0.000,0.000,1,999.000,-24.000,,3,1,2,7,255,1023,250,0,0
stim,99597,129718,1,129718,3327034.454,-0.793,0.244,0.051,-0.556,2324,0,0,2103,0,1041,0,713,60,1.331,0,2160,0,657.945,27.696,-589.000,-118.938,268.000,-2.066,2.051,-3.109,15.488,22.961,-7.492,0.000,0.000,0.000,0.000,1,NULL,NULL,,3,1,2,7,255,1023,250,0,0
stim,99597,129718,1,129718,3327039.455,-0.797,0.236,0.049,-0.554,2489,0,0,2227,0,1241,0,809,60,1.331,0,2160,0,204.244,27.696,-131.188,-137.063,75.625,-1.934,-0.559,-1.332,15.488,22.961,-16.633,0.000,0.000,0.000,0.000,1,NULL,NULL,,3,1,2,7,255,1023,250,0,0
stim,99597,129718,1,129718,3327044.453,-0.796,0.236,0.044,-0.556,2629,0,0,2377,0,1381,0,883,60,1.331,0,2160,0,141.145,20.204,84.125,-108.500,-32.750,-0.367,0.262,1.289,-1.203,20.168,-16.633,0.000,0.000,0.000,0.000,1,NULL,NULL,,3,1,2,7,255,1023,250,0,0
stim,99597,129718,1,129718,3327049.455,-0.797,0.234,0.040,-0.556,2793,0,0,2613,0,1485,0,959,60,1.331,0,2160,0,100.142,1.923,4.438,-92.750,37.500,0.516,2.695,1.996,-1.203,-1.500,3.453,0.000,0.000,0.000,0.000,2,NULL,NULL,,3,1,2,7,255,1023,250,0,0
stim,99597,129718,1,129718,3327054.454,-0.804,0.226,0.037,-0.549,2906,0,0,2762,0,1547,0,1076,60,1.331,0,2160,0,317.316,7.224,-171.188,-130.750,233.000,-0.910,1.488,1.605,7.066,-1.500,11.473,0.000,0.000,0.000,0.000,2,NULL,NULL,,3,1,2,7,255,1023,250,0,0
stim,99631,129752,1,129752,3327059.455,-0.814,0.208,0.038,-0.541,2975,0,0,2873,0,1605,0,1237,60,1.331,0,2160,0,492.077,9.242,-389.438,-186.500,236.000,-2.555,-0.980,0.867,7.066,5.957,11.473,0.000,0.000,0.000,0.000,2,NULL,NULL,,3,1,2,7,255,1023,250,0,0
stim,99631,129752,1,129752,3327064.453,-0.816,0.192,0.040,-0.544,3025,0,0,2958,0,1647,0,1380,60,1.331,0,2160,0,377.309,24.337,-328.500,-175.938,-59.125,-2.668,-1.016,-0.621,-19.020,15.184,2.613,0.000,0.000,0.000,0.000,2,NULL,NULL,,3,1,2,7,255,1023,250,0,0
stim,99631,129752,1,129752,3327069.455,-0.811,0.184,0.037,-0.554,3055,0,0,3023,0,1716,0,1515,60,1.331,0,2160,0,318.858,24.337,-83.875,-188.563,-243.063,-0.730,-0.082,-0.414,-19.020,15.184,-10.711,0.000,0.000,0.000,0.000,2,NULL,NULL,,3,1,2,7,255,1023,250,0,0
stim,99631,129752,1,129752,3327074.454,-0.805,0.181,0.031,-0.564,3080,0,0,3068,0,1798,0,1621,60,1.331,0,2160,0,317.229,7.972,71.813,-179.250,-251.688,0.680,-0.379,1.160,-3.094,7.348,-10.711,0.000,0.000,0.000,0.000,2,NULL,NULL,,3,1,2,7,255,1023,250,0,0
stim,99631,129752,1,129752,3327079.455,-0.801,0.178,0.026,-0.571,3101,0,0,3111,0,1875,0,1683,60,1.331,0,2160,0,219.772,11.239,6.938,-157.250,-153.375,1.313,-1.473,2.387,-3.094,-10.805,-1.664,0.000,0.000,0.000,0.000,2,NULL,NULL,,3,1,2,7,255,1023,250,0,0
stim,99631,129752,1,129752,3327084.454,-0.803,0.168,0.025,-0.572,3115,0,0,3143,0,1944,0,1709,60,1.331,0,2160,0,216.470,26.095,-156.625,-148.875,-12.813,1.465,-2.152,2.246,-12.113,-23.113,3.238,0.000,0.000,0.000,0.000,2,NULL,NULL,,3,1,2,7,255,1023,250,0,0
stim,99674,129795,1,129795,3327089.455,-0.808,0.157,0.025,-0.568,3123,0,0,3167,0,2034,0,1717,60,1.331,0,2160,0,299.528,28.439,-235.500,-130.813,130.938,0.891,-2.020,1.094,-16.570,-23.113,3.238,0.000,0.000,0.000,0.000,2,NULL,NULL,,3,1,2,7,255,1023,250,0,0
stim,99674,129795,1,129795,3327094.454,-0.814,0.148,0.024,-0.561,3133,0,0,3187,0,2108,0,1719,60,1.331,0,2160,0,294.724,23.855,-181.375,-130.313,192.313,-0.254,-1.359,0.414,-16.570,-17.160,-5.367,0.000,0.000,0.000,0.000,2,NULL,NULL,,3,1,2,7,255,1023,250,0,0
stim,99674,129795,1,129795,3327099.455,-0.818,0.141,0.021,-0.558,3139,0,0,3192,31,2181,0,1735,60,1.331,0,2160,0,213.099,14.111,-106.063,-134.875,126.375,-0.891,-0.465,0.645,-13.723,-3.289,-5.367,0.000,0.000,0.000,0.000,2,NULL,NULL,,3,1,2,7,255,1023,250,0,0
stim,99674,129795,1,129795,3327104.454,-0.820,0.136,0.017,-0.556,3134,0,0,3198,103,2228,0,1759,60,1.331,0,2160,0,162.725,8.509,-49.438,-140.313,65.938,-0.434,0.125,0.844,-8.195,2.289,-2.859,0.000,0.000,0.000,0.000,2,NULL,NULL,,3,1,2,7,255,1023,250,0,0
stim,99674,129795,1,129795,3327109.455,-0.821,0.131,0.013,-0.555,3135,0,0,3198,327,2295,0,1855,60,1.331,0,2160,0,147.110,2.672,-42.125,-136.125,36.563,-0.359,0.281,1.273,-1.379,2.289,-0.840,0.000,0.000,0.000,0.000,2,NULL,NULL,,3,1,2,7,255,1023,250,0,0
stim,99674,129795,1,129795,3327114.454,-0.822,0.126,0.009,-0.555,3135,0,0,3198,499,2352,43,1958,60,1.331,0,2160,0,147.040,1.367,-65.688,-129.875,20.938,-0.078,0.176,1.344,-0.105,1.363,3.383,0.000,0.000,0.000,0.000,2,NULL,NULL,,3,1,2,7,255,1023,250,0,0
stim,99674,129795,1,129795,3327119.455,-0.823,0.121,0.007,-0.555,3135,0,0,3195,741,2382,59,2069,60,1.331,0,2160,0,111.801,1.480,-49.250,-100.313,-3.375,0.184,0.039,1.746,-0.105,-1.477,3.414,0.000,0.000,0.000,0.000,2,NULL,NULL,,3,1,2,7,255,1023,250,0,0
stim,99674,129795,1,129795,3327124.454,-0.822,0.119,0.006,-0.556,3133,0,0,3196,949,2409,61,2130,60,1.331,0,2160,0,74.359,4.946,-39.500,-59.375,-21.063,0.676,0.082,1.254,-0.070,-4.945,3.414,0.000,0.000,0.000,0.000,2,NULL,NULL,,3,1,2,7,255,1023,250,0,0
stim,99701,129822,1,129822,3327129.455,-0.823,0.117,0.005,-0.556,3131,0,0,3204,1065,2425,72,2167,60,1.331,0,2160,0,54.616,6.515,-16.688,-51.375,8.063,0.617,0.473,1.246,2.016,-6.195,2.008,0.000,0.000,0.000,0.000,2,NULL,NULL,,3,1,2,7,255,1023,250,0,0
stim,99701,129822,1,129822,3327134.454,-0.823,0.115,0.004,-0.557,3129,0,0,3193,1135,2440,75,2207,60,1.331,0,2160,0,46.893,6.515,-37.500,-27.813,-4.375,-0.047,0.262,1.594,2.016,-6.195,2.008,0.000,0.000,0.000,0.000,2,NULL,NULL,,3,1,2,7,255,1023,250,0,0
stim,99701,129822,1,129822,3327139.455,-0.823,0.111,0.006,-0.557,3129,0,0,3197,1197,2459,93,2251,60,1.331,0,2160,0,86.419,1.724,-82.313,-19.938,-17.188,-0.070,-0.035,0.902,0.656,-1.594,2.008,0.000,0.000,0.000,0.000,2,NULL,NULL,,3,1,2,7,255,1023,250,0,0
stim,99701,129822,1,129822,3327144.454,-0.823,0.108,0.007,-0.558,3128,0,0,3191,1275,2468,102,2291,60,1.331,0,2160,0,58.877,1.768,-53.250,-20.813,-14.063,-0.184,0.000,0.746,-1.363,-1.125,-1.102,0.000,0.000,0.000,0.000,2,NULL,NULL,,3,1,2,7,255,1023,250,0,0
stim,99701,129822,1,129822,3327149.455,-0.822,0.107,0.006,-0.559,3129,3,0,3192,1353,2475,103,2315,60,1.331,0,2160,0,43.512,1.372,-20.125,-19.563,-33.250,-0.145,0.184,1.016,-1.363,0.152,-1.102,0.000,0.000,0.000,0.000,2,NULL,NULL,,3,1,2,7,255,1023,250,0,0
stim,99701,129822,1,129822,3327154.453,-0.821,0.106,0.006,-0.560,3129,17,0,3192,1403,2478,125,2336,60,1.331,0,2160,0,43.120,0.303,-20.813,-17.313,-33.563,0.055,0.262,1.137,0.262,0.152,0.391,0.000,0.000,0.000,0.000,2,NULL,NULL,,3,1,2,7,255,1023,250,0,0
stim,99726,129847,1,129847,3327159.455,-0.821,0.104,0.007,-0.561,3125,24,0,3192,1470,2485,139,2357,60,1.331,0,2160,0,47.253,1.300,-40.000,-13.063,-21.500,-0.031,0.102,1.125,0.262,-1.273,1.184,0.000,0.000,0.000,0.000,2,NULL,NULL,,3,1,2,7,255,1023,250,0,0
stim,99726,129847,1,129847,3327164.454,-0.821,0.102,0.008,-0.562,3125,33,0,3191,1511,2491,141,2379,60,1.331,0,2160,0,50.707,1.282,-44.313,-8.188,-23.250,-0.109,0.055,0.945,-0.148,-1.273,1.184,0.000,0.000,0.000,0.000,2,NULL,NULL,,3,1,2,7,255,1023,250,0,0
stim,99726,129847,1,129847,3327169.455,-0.820,0.101,0.008,-0.563,3123,55,0,3187,1541,2495,139,2391,60,1.331,0,2160,0,45.011,0.440,-25.375,-3.625,-37.000,-0.145,0.180,0.926,-0.148,-0.414,-0.473,0.000,0.000,0.000,0.000,2,NULL,NULL,,3,1,2,7,255,1023,250,0,0
stim,99726,129847,1,129847,3327174.454,-0.819,0.101,0.009,-0.565,3124,59,0,3183,1561,2503,143,2398,60,1.331,0,2160,0,59.409,0.522,-13.125,0.625,-57.938,-0.121,0.313,1.078,0.379,0.359,-0.473,0.000,0.000,0.000,0.000,2,NULL,NULL,,3,1,2,7,255,1023,250,0,0
stim,99768,129889,1,129889,3327179.455,-0.817,0.100,0.009,-0.567,3123,73,0,3187,1575,2507,150,2408,60,1.331,0,2160,0,63.494,0.539,-30.500,0.375,-55.688,0.055,0.117,1.152,0.402,0.359,1.109,0.000,0.000,0.000,0.000,2,NULL,NULL,,3,1,2,7,255,1023,250,0,0
stim,99768,129889,1,129889,3327184.453,-0.817,0.098,0.011,-0.568,3123,91,0,3189,1593,2509,151,2413,60,1.331,0,2160,0,50.701,2.055,-44.125,1.313,-24.938,0.098,-0.176,0.965,0.402,-2.016,1.109,0.000,0.000,0.000,0.000,2,NULL,NULL,,3,1,2,7,255,1023,250,0,0
stim,99768,129889,1,129889,3327189.455,-0.817,0.097,0.012,-0.568,3122,109,0,3183,1607,2509,143,2415,60,1.331,0,2160,0,31.886,2.412,-31.875,0.750,-0.375,-0.031,-0.066,0.871,-1.324,-2.016,-0.824,0.000,0.000,0.000,0.000,2,NULL,NULL,,3,1,2,7,255,1023,250,0,0
stim,99768,129889,1,129889,3327194.454,-0.817,0.096,0.012,-0.568,3117,105,2,3186,1621,2511,140,2422,60,1.331,0,2160,0,17.545,1.923,-17.500,1.125,-0.563,-0.145,0.078,0.953,-1.324,-1.395,-0.824,0.000,0.000,0.000,0.000,2,NULL,NULL,,3,1,2,7,255,1023,250,0,0
stim,99768,129889,0,129889,3327199.455,-0.817,0.095,0.012,-0.569,3115,105,12,3181,1627,2515,143,2427,60,1.331,0,2160,0,18.142,0.794,-16.188,-0.250,-8.188,-0.148,0.047,1.031,-0.770,-0.195,-0.352,0.000,0.000,0.000,0.000,2,NULL,NULL,,3,0,2,7,255,1027,250,0,0
stim,99768,129889,0,129889,3327204.453,-0.817,0.095,0.013,-0.569,3112,115,24,3177,1642,2515,154,2437,60,1.331,0,2160,0,18.772,0.794,-17.750,-0.750,-6.063,-0.109,0.020,1.000,-0.770,-0.195,-0.008,0.000,0.000,0.000,0.000,2,NULL,NULL,,3,0,2,7,255,1027,250,0,0
stim,99768,129889,0,129889,3327209.455,-0.817,0.094,0.013,-0.569,3107,109,31,3175,1655,2513,161,2440,60,1.540,1,2160,1,14.761,0.794,-14.188,-3.063,2.688,-0.145,0.059,0.965,-0.770,-0.195,-0.008,0.000,0.000,1.394,1.440,2,NULL,NULL,,3,0,2,7,255,1027,250,0,0
stim,99768,129889,0,129889,3327214.454,-0.817,0.094,0.013,-0.568,3101,108,31,3167,1677,2511,171,2447,60,1.540,1,2160,1,12.617,0.590,-9.375,-5.313,6.563,-0.207,0.094,0.980,-0.586,-0.070,-0.008,0.004,0.004,1.394,1.440,2,NULL,NULL,,3,0,2,7,255,1027,250,0,0
stim,99768,129889,0,129889,3327219.455,-0.817,0.093,0.013,-0.568,3056,107,24,3169,1695,2507,197,2467,60,1.540,1,2160,1,13.400,0.756,-9.875,-7.750,4.688,-0.238,0.129,1.020,-0.469,0.594,0.039,0.010,0.006,1.394,1.440,2,NULL,NULL,,3,0,2,7,255,1027,250,0,0
stim,99768,129889,0,129889,3327224.454,-0.817,0.093,0.013,-0.568,3091,105,41,3163,1727,2520,201,2471,60,1.540,1,2160,1,15.966,0.986,-12.625,-9.750,0.688,-0.230,0.176,1.023,-0.281,0.945,0.473,0.014,0.008,1.394,1.440,2,NULL,NULL,,3,0,2,7,255,1027,250,0,0
stim,99800,129921,0,129921,3327229.455,-0.817,0.092,0.013,-0.568,3077,111,67,3145,1739,2517,227,2487,60,1.540,1,2160,1,18.052,1.050,-13.438,-11.625,-3.188,-0.223,0.195,1.027,0.176,1.035,0.555,0.018,0.010,1.394,1.440,2,NULL,NULL,,3,0,2,7,255,1027,250,0,0
stim,99800,129921,0,129921,3327234.454,-0.817,0.091,0.013,-0.569,3063,115,77,3141,1751,2505,251,2492,60,1.540,1,2160,1,21.143,1.096,-15.063,-12.875,-7.375,-0.203,0.184,1.031,0.359,1.035,0.582,0.024,0.014,1.394,1.440,2,NULL,NULL,,3,0,2,7,255,1027,250,0,0
stim,99800,129921,0,129921,3327239.455,-0.817,0.090,0.013,-0.569,3044,121,87,3117,1771,2509,269,2519,60,1.540,1,2160,1,24.060,0.924,-17.000,-13.500,-10.375,-0.180,0.152,1.016,0.359,0.852,0.582,0.028,0.016,1.394,1.440,2,NULL,NULL,,3,0,2,7,255,1027,250,0,0
stim,99800,129921,0,129921,3327244.453,-0.817,0.089,0.013,-0.570,3031,117,83,3111,1811,2503,293,2523,60,1.540,1,2160,1,24.674,0.565,-16.750,-14.250,-11.188,-0.160,0.090,0.984,0.168,0.539,0.363,0.032,0.018,1.394,1.440,2,NULL,NULL,,3,0,2,7,255,1027,250,0,0
stim,99800,129921,0,129921,3327249.455,-0.817,0.088,0.013,-0.570,3007,115,107,3091,1832,2508,302,2537,60,1.540,1,2160,1,23.868,0.397,-14.813,-15.188,-10.938,-0.168,0.059,0.969,-0.320,0.234,0.004,0.036,0.020,1.394,1.440,2,NULL,NULL,,3,0,2,7,255,1027,250,0,0
stim,99800,129921,0,129921,3327254.454,-0.817,0.088,0.013,-0.570,2991,115,116,3052,1870,2502,313,2546,60,1.540,1,2160,1,23.230,0.602,-11.625,-16.500,-11.500,-0.176,0.066,0.961,-0.555,0.234,-0.172,0.036,0.020,1.394,1.440,2,NULL,NULL,,3,0,2,7,255,1027,250,0,0
stim,99821,129942,0,129942,3327259.455,-0.816,0.087,0.013,-0.571,2973,117,153,3061,1909,2494,312,2567,60,1.540,1,2160,1,23.690,0.667,-8.750,-17.813,-12.938,-0.191,0.109,0.977,-0.555,0.371,-0.172,0.036,0.020,1.394,1.440,2,NULL,NULL,,3,0,2,7,255,1027,250,0,0
stim,99821,129942,0,129942,3327264.453,-0.816,0.086,0.012,-0.572,2957,122,169,3048,1951,2507,339,2585,60,1.540,1,2160,1,25.641,0.661,-7.625,-19.000,-15.438,-0.188,0.164,0.996,-0.215,0.625,-0.035,0.034,0.020,1.394,1.440,2,NULL,NULL,,3,0,2,7,255,1027,250,0,0
stim,99821,129942,0,129942,3327269.455,-0.816,0.086,0.012,-0.572,2921,133,246,3008,1999,2505,355,2604,60,1.540,1,2160,1,28.768,0.842,-8.188,-19.688,-19.313,-0.188,0.191,1.016,0.305,0.785,0.211,0.034,0.022,1.394,1.440,2,NULL,NULL,,3,0,2,7,255,1027,250,0,0
stim,99821,129942,0,129942,3327274.454,-0.815,0.085,0.011,-0.573,2897,144,315,3001,2037,2517,395,2627,60,1.540,1,2160,1,32.876,0.964,-9.813,-20.063,-24.125,-0.164,0.191,1.027,0.559,0.785,0.406,0.034,0.026,1.394,1.440,2,NULL,NULL,,3,0,2,7,255,1027,250,0,0
stim,99867,129988,0,129988,3327279.455,-0.814,0.084,0.011,-0.574,2869,140,361,2963,2083,2509,411,2645,60,1.540,1,2160,1,35.874,0.878,-11.625,-20.563,-27.000,-0.129,0.184,1.027,0.625,0.617,0.477,0.034,0.032,1.394,1.440,2,NULL,NULL,,3,0,2,7,255,1027,250,0,0
stim,99867,129988,0,129988,3327284.454,-0.814,0.083,0.011,-0.575,2823,153,481,2916,2131,2519,457,2663,60,1.540,1,2160,1,37.197,0.699,-14.563,-20.875,-27.125,-0.133,0.172,1.023,0.625,0.313,0.477,0.034,0.036,1.394,1.440,2,NULL,NULL,,3,0,2,7,255,1027,250,0,0
stim,99867,129988,0,129988,3327289.455,-0.813,0.082,0.010,-0.576,2776,165,608,2905,2195,2519,519,2669,60,1.540,1,2160,1,39.362,0.637,-16.250,-21.250,-28.875,-0.168,0.156,1.020,0.555,0.313,0.395,0.036,0.040,1.394,1.440,2,NULL,NULL,,3,0,2,7,255,1027,250,0,0
stim,99867,129988,0,129988,3327294.454,-0.812,0.081,0.010,-0.578,2740,181,686,2871,2262,2508,619,2687,60,1.540,1,2160,1,42.718,0.736,-13.188,-21.563,-34.438,-0.145,0.172,1.000,0.555,0.484,0.395,0.038,0.040,1.394,1.440,2,NULL,NULL,,3,0,2,7,255,1027,250,0,0
stim,99897,130018,0,130018,3327299.455,-0.811,0.080,0.010,-0.579,2680,181,765,2841,2299,2517,730,2707,60,1.540,1,2160,1,46.386,0.832,-13.938,-22.125,-38.313,-0.152,0.215,1.055,0.570,0.605,0.395,0.040,0.042,1.394,1.440,2,NULL,NULL,,3,0,2,7,255,1027,250,0,0
stim,99897,130018,0,130018,3327304.454,-0.810,0.079,0.009,-0.580,2603,211,923,2813,2363,2517,861,2719,60,1.540,1,2160,1,52.752,1.124,-22.938,-22.313,-41.938,-0.184,0.242,1.074,0.906,0.664,0.785,0.042,0.044,1.394,1.440,2,NULL,NULL,,3,0,2,7,255,1027,250,0,0
stim,99897,130018,0,130018,3327309.455,-0.809,0.077,0.009,-0.582,2517,225,1079,2771,2415,2521,973,2737,60,1.540,1,2160,1,61.196,1.487,-27.938,-22.813,-49.438,-0.203,0.254,1.047,1.094,1.008,0.789,0.044,0.044,1.394,1.440,2,NULL,NULL,,3,0,2,7,255,1027,250,0,0
stim,99897,130018,0,130018,3327314.453,-0.808,0.076,0.010,-0.584,2441,233,1233,2731,2469,2522,1149,2761,60,1.540,1,2160,1,73.581,1.678,-33.563,-22.313,-61.563,-0.199,0.246,1.047,1.141,1.230,0.789,0.048,0.046,1.394,1.440,2,NULL,NULL,,3,0,2,7,255,1027,250,0,0
stim,99897,130018,0,130018,3327319.455,-0.806,0.074,0.010,-0.587,2346,233,1379,2703,2523,2520,1253,2765,60,1.540,1,2160,1,87.605,1.678,-44.938,-21.500,-72.063,-0.176,0.199,1.082,1.141,1.230,0.789,0.050,0.048,1.394,1.440,2,NULL,NULL,,3,0,2,7,255,1027,250,0,0
stim,99897,130018,0,130018,3327324.454,-0.805,0.071,0.011,-0.590,2245,243,1558,2654,2565,2521,1379,2791,60,1.540,1,2160,1,94.656,1.177,-55.250,-20.313,-74.125,-0.137,0.094,1.074,0.801,0.863,0.848,0.052,0.050,1.394,1.440,2,NULL,NULL,,3,0,2,7,255,1027,250,0,0
stim,99897,130018,0,130018,3327329.455,-0.803,0.068,0.013,-0.592,2136,237,1727,2601,2614,2517,1511,2807,60,1.540,1,2160,0,114.120,0.438,-76.625,-20.188,-82.125,-0.191,0.000,1.133,-0.012,0.438,1.023,0.054,0.050,1.394,1.440,2,NULL,NULL,,3,0,2,7,255,1027,250,0,0
stim,99897,130018,0,130018,3327334.454,-0.801,0.063,0.015,-0.596,1999,243,1885,2549,2663,2517,1651,2808,60,1.540,1,2160,0,138.120,1.070,-104.000,-22.250,-88.125,-0.215,-0.023,1.094,-0.977,0.438,1.039,0.054,0.050,1.394,1.440,2,NULL,NULL,,3,0,2,7,255,1027,250,0,0
stim,99897,130018,0,130018,3327339.455,-0.798,0.059,0.018,-0.599,1820,253,2039,2478,2695,2515,1768,2829,60,1.540,1,2160,0,159.941,1.340,-116.563,-21.250,-107.438,-0.246,-0.090,1.004,-1.152,0.684,1.039,0.056,0.048,1.394,1.440,2,NULL,NULL,,3,0,2,7,255,1027,250,0,0
stim,99897,130018,0,130018,3327344.453,-0.795,0.054,0.020,-0.603,1725,261,2189,2377,2732,2511,1895,2842,60,1.540,1,2160,0,167.004,1.624,-114.563,-25.188,-118.875,-0.148,-0.102,0.879,-1.473,0.684,0.176,0.058,0.046,1.394,1.440,2,NULL,NULL,,3,0,2,7,255,1027,250,0,0
stim,99897,130018,0,130018,3327349.455,-0.793,0.049,0.022,-0.607,1516,251,2315,2293,2759,2521,2011,2857,60,1.540,1,2160,0,146.912,1.484,-93.875,-26.938,-109.750,-0.055,-0.098,0.836,-1.473,0.180,-1.145,0.060,0.046,1.394,1.440,2,NULL,NULL,,3,0,2,7,255,1027,250,0,0
stim,99897,130018,0,130018,3327354.453,-0.790,0.046,0.023,-0.610,1334,242,2441,2184,2798,2511,2131,2875,60,1.540,1,2160,0,123.386,1.216,-72.125,-30.813,-95.250,-0.059,-0.066,0.895,-1.113,-0.488,-1.145,0.060,0.046,1.394,1.440,2,NULL,NULL,,3,0,2,7,255,1027,250,0,0
stim,99930,130051,0,130051,3327359.455,-0.788,0.042,0.023,-0.613,1123,237,2525,2072,2825,2504,2233,2879,60,1.540,1,2160,0,109.849,0.918,-62.375,-33.313,-84.063,-0.098,-0.012,0.984,-0.777,-0.488,-1.039,0.058,0.048,1.394,1.440,2,NULL,NULL,,3,0,2,7,255,1027,250,0,0
stim,99930,130051,0,130051,3327364.454,-0.786,0.039,0.024,-0.616,923,213,2585,1892,2845,2489,2301,2892,60,1.540,1,2160,0,107.960,0.512,-57.938,-35.250,-84.000,-0.148,-0.027,1.039,-0.512,-0.016,-0.121,0.056,0.050,1.394,1.440,2,NULL,NULL,,3,0,2,7,255,1027,250,0,0
stim,99930,130051,0,130051,3327369.455,-0.784,0.036,0.024,-0.619,700,172,2647,1685,2869,2477,2393,2905,60,1.540,1,2160,0,109.507,0.340,-59.188,-38.125,-83.875,-0.078,-0.035,1.059,-0.340,-0.016,0.469,0.058,0.058,1.394,1.440,2,NULL,NULL,,3,0,2,7,255,1027,250,0,0
stim,99930,130051,0,130051,3327374.454,-0.782,0.033,0.024,-0.621,469,152,2707,1415,2899,2473,2459,2923,60,1.540,1,2160,0,105.005,0.411,-60.750,-39.250,-76.125,-0.016,-0.051,1.012,-0.340,-0.230,0.469,0.060,0.068,1.394,1.440,2,NULL,NULL,,3,0,2,7,255,1027,250,0,0
stim,99930,130051,0,130051,3327379.455,-0.781,0.029,0.024,-0.624,263,93,2741,1142,2920,2451,2525,2919,60,1.540,1,2160,0,96.380,0.858,-54.500,-41.375,-67.875,0.020,-0.047,0.984,-0.336,-0.789,0.090,0.070,0.076,1.394,1.440,2,NULL,NULL,,3,0,2,7,255,1027,250,0,0
stim,99930,130051,0,130051,3327384.454,-0.780,0.027,0.024,-0.625,97,70,2787,877,2935,2441,2584,2933,60,1.540,1,2160,0,75.192,1.048,-40.500,-42.688,-46.813,0.035,-0.031,0.980,-0.188,-1.031,-0.207,0.080,0.086,1.394,1.440,2,NULL,NULL,,3,0,2,7,255,1027,250,0,0
stim,99973,130094,0,130094,3327389.455,-0.779,0.024,0.023,-0.627,17,31,2813,617,2949,2421,2629,2953,60,1.540,1,2160,0,68.912,1.031,-36.000,-46.000,-36.563,-0.020,-0.004,0.992,0.016,-1.031,-0.207,0.092,0.094,1.394,1.440,2,NULL,NULL,,3,0,2,7,255,1027,250,0,0
stim,99973,130094,0,130094,3327394.454,-0.778,0.022,0.022,-0.627,0,0,2854,370,2963,2395,2669,2943,60,1.540,1,2160,0,61.539,0.490,-25.125,-49.500,-26.563,-0.117,0.008,1.043,0.113,-0.477,-0.094,0.102,0.102,1.394,1.440,2,NULL,NULL,,3,0,2,7,255,1027,250,0,0
stim,99973,130094,0,130094,3327399.455,-0.778,0.020,0.021,-0.628,0,0,2875,202,2975,2367,2701,2963,60,1.540,1,2160,0,62.070,0.518,-11.375,-56.313,-23.500,-0.180,0.031,1.113,0.184,0.484,0.457,0.114,0.112,1.394,1.440,2,NULL,NULL,,3,0,2,7,255,1027,250,0,0
stim,99973,130094,0,130094,3327404.453,-0.777,0.018,0.019,-0.629,0,0,2889,144,2997,2349,2735,2964,60,1.540,1,2160,0,68.251,1.170,1.750,-61.875,-28.750,-0.238,-0.133,1.234,0.113,1.164,1.191,0.126,0.126,1.394,1.440,2,NULL,NULL,,3,0,2,7,255,1027,250,0,0
stim,99973,130094,0,130094,3327409.455,-0.777,0.018,0.016,-0.629,0,0,2917,109,3007,2329,2763,2971,60,1.540,1,2160,0,80.321,1.942,32.563,-73.313,-4.063,-0.293,-0.273,1.563,-1.379,1.367,2.441,0.138,0.138,1.394,1.440,2,NULL,NULL,,3,0,2,7,255,1027,250,0,0
stim,99973,130094,0,130094,3327414.454,-0.778,0.016,0.012,-0.628,0,0,2919,77,3004,2299,2807,2975,60,1.540,1,2160,0,97.204,3.197,32.688,-86.313,30.500,-0.344,-0.262,1.801,-2.789,1.563,5.676,0.148,0.152,1.394,1.440,3,NULL,NULL,,3,0,2,7,255,1027,250,0,0
stim,99973,130094,0,130094,3327419.455,-0.779,0.012,0.011,-0.627,0,0,2931,0,3021,2267,2837,2990,60,1.540,1,2160,0,107.889,3.197,-57.938,-87.688,24.375,-0.148,-0.289,1.461,-2.789,1.563,5.676,0.160,0.164,1.394,1.440,3,NULL,NULL,,3,0,2,7,255,1027,250,0,0
stim,99973,130094,0,130094,3327424.454,-0.779,0.007,0.011,-0.627,0,0,2935,0,3031,2229,2848,2997,60,1.540,1,2160,0,122.048,2.840,-81.438,-88.563,20.500,-0.168,-0.234,0.930,-2.695,0.895,4.613,0.174,0.178,1.394,1.440,3,NULL,NULL,,3,0,2,7,255,1027,250,0,0
stim,99993,130114,0,130114,3327429.455,-0.780,0.003,0.008,-0.625,0,0,2925,0,3040,2174,2875,2989,60,1.540,1,2160,0,110.059,2.487,-29.813,-99.250,37.063,-0.211,-0.055,0.859,-2.320,0.895,-0.574,0.186,0.190,1.394,1.440,3,NULL,NULL,,3,0,2,7,255,1027,250,0,0
stim,99993,130114,0,130114,3327434.454,-0.781,0.001,0.004,-0.624,0,0,2936,0,3052,2105,2885,2998,60,1.540,1,2160,0,111.381,1.898,18.813,-105.313,31.000,-0.246,0.055,0.941,-0.715,1.758,-0.602,0.202,0.206,1.394,1.440,3,NULL,NULL,,3,0,2,7,255,1027,250,0,0
stim,99993,130114,0,130114,3327439.455,-0.782,-0.000,-0.000,-0.623,0,0,2927,0,3067,2023,2904,3003,60,1.540,1,2160,0,117.513,2.441,39.188,-109.938,13.688,-0.277,-0.016,1.137,-0.512,2.387,-0.602,0.218,0.220,1.394,1.440,3,NULL,NULL,,3,0,2,7,255,1027,250,0,0
stim,99993,130114,0,130114,3327444.453,-0.782,-0.002,-0.005,-0.623,0,0,2938,0,3078,1937,2925,3005,60,1.540,1,2160,0,123.596,2.456,41.500,-116.313,5.000,-0.254,-0.074,1.379,-0.512,2.402,1.313,0.234,0.236,1.394,1.440,3,NULL,NULL,,3,0,2,7,255,1027,250,0,0
stim,100018,130139,0,130139,3327449.455,-0.782,-0.004,-0.010,-0.623,0,0,2927,0,3068,1825,2951,3011,60,1.540,1,2160,0,122.495,2.563,19.938,-120.625,7.563,-0.109,-0.090,1.457,-0.895,2.402,3.695,0.250,0.252,1.394,1.440,3,NULL,NULL,,3,0,2,7,255,1027,250,0,0
stim,100018,130139,0,130139,3327454.453,-0.783,-0.008,-0.014,-0.622,0,0,2909,0,3079,1705,2961,2992,60,1.540,1,2160,0,130.302,1.608,3.625,-126.750,30.000,-0.105,-0.043,1.398,-0.895,1.336,3.879,0.268,0.268,1.394,1.440,3,NULL,NULL,,3,0,2,7,255,1027,250,0,0
stim,100018,130139,0,130139,3327459.455,-0.785,-0.011,-0.018,-0.620,0,0,2908,0,3089,1575,2963,3001,60,1.540,1,2160,0,143.336,1.426,-5.000,-134.563,49.125,-0.172,0.133,1.418,-0.500,1.336,3.980,0.288,0.288,1.394,1.440,3,NULL,NULL,,3,0,2,7,255,1027,250,0,0
stim,100018,130139,0,130139,3327464.454,-0.786,-0.016,-0.023,-0.618,0,0,2879,0,3089,1387,2975,2988,60,1.540,1,2160,0,149.132,2.710,-13.188,-141.000,46.750,-0.230,0.230,1.359,0.988,2.523,3.879,0.308,0.308,1.394,1.440,3,NULL,NULL,,3,0,2,7,255,1027,250,0,0
stim,100019,130140,0,130140,3327469.455,-0.787,-0.020,-0.027,-0.616,0,0,2863,0,3097,1175,2985,2982,60,1.540,1,2160,0,154.981,3.669,-9.938,-149.500,39.625,-0.313,0.195,1.332,1.207,3.465,3.320,0.328,0.330,1.394,1.440,3,NULL,NULL,,3,0,2,7,255,1027,250,0,0
stim,100019,130140,0,130140,3327474.454,-0.788,-0.024,-0.033,-0.615,0,0,2852,0,3097,976,2998,2979,60,1.540,1,2160,0,160.884,3.836,-3.750,-157.813,31.063,-0.242,0.125,1.336,1.207,3.641,3.000,0.350,0.352,1.394,1.440,3,NULL,NULL,,3,0,2,7,255,1027,250,0,0
stim,100044,130165,0,130165,3327479.455,-0.788,-0.029,-0.038,-0.614,0,0,2838,0,3109,752,3006,2956,60,1.540,1,2160,0,166.772,3.693,-11.688,-164.125,27.188,-0.070,-0.016,1.324,0.621,3.641,3.000,0.374,0.380,1.394,1.440,3,NULL,NULL,,3,0,2,7,255,1027,250,0,0
stim,100044,130165,0,130165,3327484.454,-0.790,-0.035,-0.043,-0.611,0,0,2792,0,3113,567,3030,2953,60,1.540,1,2160,0,183.974,1.873,-24.688,-171.125,62.875,-0.012,-0.152,1.293,-0.328,1.844,3.000,0.406,0.414,1.394,1.440,3,NULL,NULL,,3,0,2,7,255,1027,250,0,0
stim,100070,130191,0,130191,3327489.455,-0.792,-0.040,-0.048,-0.608,0,0,2760,0,3110,408,3030,2931,60,1.540,1,2160,0,198.048,2.372,-21.688,-178.563,82.875,-0.254,-0.102,1.211,-1.492,1.844,2.809,0.450,0.460,1.394,1.440,3,NULL,NULL,,3,0,2,7,255,1027,250,0,0
stim,100070,130191,0,130191,3327494.454,-0.793,-0.046,-0.054,-0.605,0,0,2707,0,3115,250,3035,2904,60,1.540,1,2160,0,195.788,3.898,-14.188,-185.563,60.813,-0.301,-0.023,1.188,-1.492,3.602,1.703,0.506,0.518,1.394,1.440,3,NULL,NULL,,3,0,2,7,255,1027,250,0,0
stim,100070,130191,0,130191,3327499.455,-0.793,-0.051,-0.060,-0.603,0,0,2677,0,3109,137,3051,2877,60,1.540,1,2160,0,194.125,4.127,-5.750,-191.688,30.125,-0.234,0.031,1.125,-1.090,3.980,1.285,0.576,0.588,1.394,1.440,3,NULL,NULL,,3,0,2,7,255,1027,250,0,0
stim,100070,130191,0,130191,3327504.453,-0.794,-0.056,-0.067,-0.602,0,0,2619,0,3112,77,3050,2837,60,1.540,1,2160,0,199.803,4.007,10.813,-198.188,22.938,-0.105,0.063,1.168,-0.457,3.980,1.234,0.654,0.670,1.394,1.440,3,NULL,NULL,,3,0,2,7,255,1027,250,0,0
stim,100070,130191,0,130191,3327509.455,-0.794,-0.060,-0.075,-0.600,0,0,2577,0,3101,29,3055,2803,60,1.540,1,2160,0,209.890,3.120,17.813,-205.500,38.813,-0.004,0.180,1.328,0.125,3.117,1.234,0.742,0.762,1.394,1.440,3,NULL,NULL,,3,0,2,7,255,1027,250,0,0
stim,100070,130191,0,130191,3327514.454,-0.795,-0.065,-0.082,-0.598,0,0,2513,0,3103,39,3056,2759,60,1.540,1,2160,0,213.641,3.413,22.250,-208.313,41.875,-0.016,0.289,1.605,1.391,3.117,2.898,0.838,0.862,1.394,1.440,3,NULL,NULL,,3,0,2,7,255,1027,250,0,0
stim,100070,130191,0,130191,3327519.455,-0.795,-0.070,-0.090,-0.595,0,0,2407,0,3089,71,3052,2703,60,1.540,1,2160,0,214.398,4.386,18.938,-209.875,39.500,-0.230,0.148,1.875,1.391,4.160,5.430,0.944,0.974,1.394,1.440,3,NULL,NULL,,3,0,2,7,255,1027,250,0,0
stim,100070,130191,0,130191,3327524.454,-0.796,-0.076,-0.098,-0.593,0,0,2283,0,3083,75,3055,2637,60,1.540,1,2160,0,227.433,6.626,11.750,-224.188,36.438,-0.453,0.020,2.199,0.125,6.625,7.516,1.064,1.096,1.394,1.440,3,NULL,NULL,,3,0,2,7,255,1027,250,0,0
stim,100097,130218,0,130218,3327529.455,-0.796,-0.083,-0.106,-0.591,0,0,2141,0,3065,87,3048,2569,60,1.540,1,2160,0,248.843,9.598,-23.500,-244.750,38.313,-0.648,0.047,2.406,-1.926,9.402,9.992,1.190,1.222,1.394,1.440,3,NULL,NULL,,3,0,2,7,255,1027,250,0,0
stim,100097,130218,0,130218,3327534.454,-0.795,-0.092,-0.113,-0.589,0,0,1993,0,3048,93,3047,2485,60,1.540,1,2160,0,276.086,12.323,-55.125,-269.438,24.250,-0.750,0.250,2.469,-1.926,12.172,11.117,1.314,1.348,1.394,1.440,3,NULL,NULL,,3,0,2,7,255,1027,250,0,0
stim,100097,130218,0,130218,3327539.455,-0.794,-0.102,-0.122,-0.587,0,0,1843,0,3033,101,3031,2365,60,1.540,1,2160,0,307.216,14.355,-76.688,-297.438,5.625,-0.785,0.461,2.457,-0.816,14.332,11.117,1.436,1.470,1.394,1.440,3,NULL,NULL,,3,0,2,7,255,1027,250,0,0
stim,100097,130218,0,130218,3327544.454,-0.791,-0.114,-0.131,-0.586,0,0,1727,0,3005,105,3001,2235,60,1.540,1,2160,0,337.777,15.757,-80.188,-328.063,-6.188,-0.742,0.711,2.609,1.047,15.723,11.117,1.556,1.590,1.394,1.440,3,NULL,NULL,,3,0,2,7,255,1027,250,0,0
stim,100098,130219,0,130219,3327549.455,-0.789,-0.126,-0.141,-0.585,0,0,1607,0,2967,111,2983,2109,60,1.540,1,2160,0,369.232,17.475,-90.813,-357.750,-10.000,-0.723,0.914,2.848,3.441,17.133,11.371,1.670,1.702,1.394,1.440,3,NULL,NULL,,3,0,2,7,255,1027,250,0,0
stim,100098,130219,0,130219,3327554.453,-0.786,-0.140,-0.151,-0.583,0,0,1491,0,2935,121,2939,2001,60,1.540,1,2160,0,403.228,19.776,-112.813,-387.125,0.063,-0.750,1.090,3.070,5.293,19.055,12.910,1.776,1.808,1.394,1.440,3,NULL,NULL,,3,0,2,7,255,1027,250,0,0
stim,100127,130248,0,130248,3327559.457,-0.783,-0.155,-0.162,-0.581,0,0,1401,0,2877,123,2873,1880,60,1.540,1,2160,0,437.597,22.454,-141.500,-414.063,4.625,-0.883,1.168,3.230,6.816,21.395,13.906,1.880,1.910,1.394,1.440,3,NULL,NULL,,3,0,2,7,255,1027,250,0,0
stim,100127,130248,0,130248,3327564.453,-0.779,-0.172,-0.172,-0.578,0,0,1274,0,2811,126,2807,1721,60,1.540,1,2160,0,477.278,25.235,-175.875,-443.688,1.813,-1.012,0.980,3.230,6.816,24.297,13.906,1.984,2.012,1.394,1.440,3,NULL,NULL,,3,0,2,7,255,1027,250,0,0
stim,100127,130248,0,130248,3327569.455,-0.774,-0.191,-0.183,-0.576,0,0,1157,0,2739,119,2708,1579,60,1.540,1,2160,0,504.427,26.347,-185.313,-469.063,-9.313,-1.090,0.762,3.199,5.203,25.828,12.477,2.092,2.120,1.394,1.440,3,NULL,NULL,,3,0,2,7,255,1027,250,0,0
stim,100127,130248,0,130248,3327574.454,-0.768,-0.209,-0.195,-0.574,0,0,997,0,2627,81,2567,1384,60,1.540,1,2160,0,526.595,26.901,-188.938,-490.313,-34.625,-1.047,0.758,3.215,3.410,26.684,10.887,2.204,2.232,1.394,1.440,3,NULL,NULL,,3,0,2,7,255,1027,250,0,0
stim,100166,130287,0,130287,3327579.455,-0.760,-0.227,-0.208,-0.572,0,0,781,0,2468,60,2398,1237,60,1.540,1,2160,0,538.463,26.868,-184.688,-501.750,-63.875,-0.879,0.586,3.230,3.145,26.684,10.031,2.316,2.346,1.394,1.440,3,NULL,NULL,,3,0,2,7,255,1027,250,0,0
stim,100166,130287,0,130287,3327584.453,-0.753,-0.246,-0.221,-0.570,0,0,635,0,2273,9,2153,1019,60,1.540,1,2160,0,549.862,26.720,-178.938,-517.250,-52.750,-0.742,0.168,3.258,2.391,26.613,10.031,2.420,2.452,1.394,1.440,3,NULL,NULL,,3,0,2,7,255,1027,250,0,0
stim,100166,130287,0,130287,3327589.455,-0.746,-0.266,-0.233,-0.565,0,0,426,0,2007,0,1861,865,60,1.540,1,2160,0,575.292,25.838,-203.438,-538.063,7.938,-0.711,-0.254,2.973,-1.051,25.816,10.031,2.506,2.542,1.394,1.440,3,NULL,NULL,,3,0,2,7,255,1027,250,0,0
stim,100166,130287,0,130287,3327594.454,-0.738,-0.287,-0.245,-0.559,0,0,267,0,1686,0,1465,739,60,1.540,1,2160,0,589.115,24.349,-209.938,-549.688,28.750,-0.676,-0.363,2.371,-4.762,23.879,7.801,2.568,2.608,1.394,1.440,3,NULL,NULL,,3,0,2,7,255,1027,250,0,0
stim,100166,130287,0,130287,3327599.455,-0.732,-0.306,-0.259,-0.551,0,0,185,0,1308,0,940,585,60,1.540,1,2160,0,585.275,20.752,-153.063,-563.563,38.938,-0.730,-0.301,1.926,-4.984,20.145,2.801,2.614,2.654,1.394,1.440,3,NULL,NULL,,3,0,2,7,255,1027,250,0,0
stim,100166,130287,0,130287,3327604.454,-0.726,-0.323,-0.275,-0.542,0,0,118,0,925,0,319,460,60,1.540,1,2160,0,586.197,19.972,-67.250,-578.875,63.313,-0.773,-0.051,1.965,-4.984,19.340,-1.688,2.662,2.704,1.394,1.440,3,NULL,NULL,,3,0,2,7,255,1027,250,0,0
stim,100196,130317,0,130317,3327609.455,-0.722,-0.337,-0.292,-0.529,0,0,91,0,357,0,0,367,60,1.540,1,2160,0,605.119,19.711,21.750,-594.500,110.750,-1.172,0.023,2.453,-3.805,19.340,-3.152,2.726,2.768,1.394,1.440,3,NULL,NULL,,3,0,2,7,255,1027,250,0,0
stim,100196,130317,0,130317,3327614.453,-0.719,-0.353,-0.308,-0.513,0,0,33,0,0,0,0,309,60,1.540,1,2160,0,631.736,25.947,12.188,-606.000,178.063,-1.570,0.438,2.625,-2.930,25.781,-4.473,2.796,2.836,1.394,1.440,3,NULL,NULL,,3,0,2,7,255,1027,250,0,0
stim,100196,130317,0,130317,3327619.455,-0.712,-0.371,-0.321,-0.502,0,0,27,0,0,0,0,282,60,1.540,1,2160,0,586.647,28.991,-123.000,-562.000,114.813,-1.402,1.309,2.375,-1.633,28.945,-8.824,2.862,2.904,1.394,1.440,4,NULL,NULL,,3,0,2,7,255,1027,250,0,0
stim,100196,130317,0,130317,3327624.454,-0.702,-0.390,-0.330,-0.496,0,0,25,0,0,0,0,157,60,1.540,1,2160,0,544.678,29.761,-243.688,-486.125,31.188,-0.789,1.793,1.813,6.922,28.945,-12.117,2.924,2.966,1.394,1.440,0,NULL,NULL,,3,0,2,7,255,1027,250,0,0
stim,100196,130317,0,130317,3327629.455,-0.692,-0.412,-0.330,-0.492,0,0,24,0,0,0,0,99,60,1.540,1,2160,0,563.365,25.952,-401.813,-380.313,106.250,-0.809,2.043,1.176,13.652,22.070,-12.137,2.982,3.026,1.394,1.440,0,NULL,NULL,,3,0,2,7,255,1027,250,0,0
stim,100196,130317,0,130317,3327634.454,-0.683,-0.437,-0.321,-0.490,0,0,25,0,0,0,0,53,60,1.540,1,2160,0,649.751,23.296,-576.688,-233.750,187.000,-0.602,2.469,-0.258,16.410,16.535,-16.840,3.040,3.086,1.394,1.440,0,NULL,NULL,,3,0,2,7,255,1027,250,0,0
stim,100196,130317,0,130317,3327639.455,-0.676,-0.453,-0.314,-0.490,0,0,26,0,0,0,0,27,60,1.540,1,2160,0,430.578,16.608,-398.375,-115.625,115.438,-0.523,1.527,-1.211,16.410,2.559,-23.086,3.092,3.136,1.394,1.440,0,NULL,NULL,,3,0,2,7,255,1027,250,0,0
stim,100196,130317,0,130317,3327644.453,-0.676,-0.454,-0.313,-0.489,0,0,24,0,0,0,0,30,60,1.540,1,2160,0,29.635,11.817,-8.563,-11.063,26.125,-0.875,-0.637,-0.281,11.816,0.133,-23.086,3.132,3.178,1.394,1.440,0,NULL,NULL,,3,0,2,7,255,1027,250,0,0
stim,100196,130317,0,130317,3327649.455,-0.679,-0.449,-0.314,-0.488,0,0,24,0,0,0,0,28,60,1.540,1,2160,0,129.532,8.907,119.500,49.500,6.938,-1.367,-1.637,1.691,-8.906,0.133,-16.313,3.160,3.206,1.394,1.440,0,NULL,NULL,,3,0,2,7,255,1027,250,0,0
stim,100196,130317,0,130317,3327654.454,-0.680,-0.448,-0.309,-0.491,0,0,24,0,0,0,0,23,60,1.540,1,2160,0,134.313,22.400,-55.625,122.188,4.000,-1.531,-0.887,2.242,-12.117,18.840,-11.234,3.180,3.226,1.394,1.440,0,NULL,NULL,,3,0,2,7,255,1027,250,0,0
stim,100227,130348,0,130348,3327659.456,-0.678,-0.451,-0.299,-0.498,0,0,27,0,0,0,0,19,60,1.540,1,2160,0,290.246,22.400,-225.188,183.063,4.625,-1.348,0.809,1.074,-12.117,18.840,-11.234,3.200,3.246,1.394,1.440,0,NULL,NULL,,3,0,2,7,255,1027,250,0,0
stim,100227,130348,0,130348,3327664.453,-0.677,-0.452,-0.288,-0.504,0,0,23,0,0,0,0,12,60,1.540,1,2160,0,293.390,15.895,-200.813,212.250,26.500,-1.199,1.988,0.109,3.848,15.422,-19.410,3.220,3.266,1.394,1.440,0,NULL,NULL,,3,0,2,7,255,1027,250,0,0
stim,100227,130348,0,130348,3327669.455,-0.679,-0.450,-0.279,-0.508,0,0,22,0,0,0,0,7,60,1.540,1,2160,0,234.044,14.792,-75.188,217.813,41.000,-1.160,1.836,-0.012,13.063,6.941,-25.512,3.242,3.288,1.394,1.440,0,NULL,NULL,,3,0,2,7,255,1027,250,0,0
stim,100227,130348,0,130348,3327674.454,-0.683,-0.446,-0.272,-0.511,0,0,24,0,0,0,0,8,60,1.540,1,2160,0,223.793,14.792,3.313,219.500,43.500,-1.230,0.762,0.551,13.063,6.941,-25.512,3.266,3.312,1.394,1.440,0,NULL,NULL,,3,0,2,7,255,1027,250,0,0
stim,100227,130348,0,130348,3327679.455,-0.685,-0.442,-0.264,-0.515,0,0,24,0,0,0,0,4,60,1.540,1,2160,0,234.472,11.209,-39.563,228.688,33.375,-1.188,-0.023,0.797,3.570,10.625,-19.957,3.292,3.340,1.394,1.440,0,NULL,NULL,,3,0,2,7,255,1027,250,0,0
stim,100227,130348,0,130348,3327684.454,-0.686,-0.440,-0.254,-0.520,0,0,24,0,0,0,0,5,60,1.540,1,2160,0,260.429,11.093,-100.813,237.813,33.250,-1.008,-0.043,0.332,-3.188,10.625,-16.102,3.326,3.374,1.394,1.440,0,NULL,NULL,,3,0,2,7,255,1027,250,0,0
stim,100278,130399,0,130399,3327689.455,-0.688,-0.438,-0.244,-0.525,0,0,25,0,0,0,0,4,60,1.540,1,2160,0,265.138,8.254,-89.813,244.875,47.625,-0.758,0.336,-0.320,-3.188,7.613,-16.102,3.364,3.412,1.394,1.440,0,NULL,NULL,,3,0,2,7,255,1027,250,0,0
stim,100278,130399,0,130399,3327694.454,-0.691,-0.433,-0.235,-0.529,0,0,20,0,0,0,0,5,60,1.540,1,2160,0,258.085,1.161,-29.625,250.438,54.875,-0.832,0.738,-0.480,0.031,1.160,-18.430,3.406,3.456,1.394,1.440,0,NULL,NULL,,3,0,2,7,255,1027,250,0,0
stim,100278,130399,0,130399,3327699.457,-0.696,-0.426,-0.227,-0.532,0,0,22,0,0,0,0,3,60,1.540,1,2160,0,266.247,2.269,41.938,259.000,45.250,-0.762,0.602,-0.449,2.188,0.602,-20.039,3.450,3.500,1.394,1.440,0,NULL,NULL,,3,0,2,7,255,1027,250,0,0
stim,100278,130399,0,130399,3327704.454,-0.701,-0.418,-0.220,-0.535,0,0,24,0,0,0,0,0,60,1.540,1,2160,0,286.287,2.269,82.625,270.750,42.750,-0.750,0.422,-0.066,2.188,0.602,-20.039,3.494,3.546,1.394,1.440,0,NULL,NULL,,3,0,2,7,255,1027,250,0,0
stim,100278,130399,0,130399,3327709.455,-0.706,-0.409,-0.212,-0.538,0,0,20,0,0,0,0,0,60,1.540,1,2160,0,301.084,3.974,84.688,285.500,44.375,-0.637,0.254,0.078,1.211,3.785,-17.242,3.538,3.590,1.394,1.440,0,NULL,NULL,,3,0,2,7,255,1027,250,0,0
stim,100278,130399,0,130399,3327714.454,-0.711,-0.399,-0.205,-0.541,0,0,23,0,0,0,0,0,60,1.540,1,2160,0,317.151,4.285,97.688,295.188,62.500,-0.605,0.246,0.074,0.320,4.273,-14.902,3.580,3.634,1.394,1.440,0,NULL,NULL,,3,0,2,7,255,1027,250,0,0
stim,100278,130399,0,130399,3327719.455,-0.718,-0.389,-0.197,-0.543,0,0,16,0,0,0,0,0,60,1.540,1,2160,0,334.027,4.395,119.125,303.938,70.750,-0.668,0.379,0.230,0.320,4.383,-14.551,3.620,3.674,1.394,1.440,0,NULL,NULL,,3,0,2,7,255,1027,250,0,0
stim,100278,130399,0,130399,3327724.454,-0.724,-0.378,-0.189,-0.546,0,0,16,0,0,0,0,0,60,1.540,1,2160,0,344.384,6.304,131.125,312.375,61.875,-0.672,0.445,0.398,1.555,6.109,-14.402,3.656,3.712,1.394,1.440,0,NULL,NULL,,3,0,2,7,255,1027,250,0,0
stim,100278,130399,0,130399,3327729.457,-0.729,-0.366,-0.182,-0.549,0,0,13,0,0,0,0,0,60,1.540,1,2160,0,350.514,7.944,134.125,319.625,52.063,-0.578,0.395,0.516,2.434,7.563,-13.422,3.692,3.748,1.394,1.440,0,NULL,NULL,,3,0,2,7,255,1027,250,0,0
stim,100278,130399,0,130399,3327734.454,-0.735,-0.354,-0.174,-0.551,0,0,17,0,0,0,0,0,60,1.540,1,2160,0,357.512,8.119,135.625,326.625,52.313,-0.488,0.332,0.586,2.434,7.746,-11.641,3.724,3.782,1.394,1.440,0,NULL,NULL,,3,0,2,7,255,1027,250,0,0
stim,100301,130422,0,130422,3327739.455,-0.741,-0.342,-0.166,-0.554,0,0,13,0,0,0,0,0,60,1.540,1,2160,0,366.417,8.202,140.063,334.438,52.875,-0.441,0.293,0.676,2.293,7.875,-10.145,3.756,3.814,1.394,1.440,0,NULL,NULL,,3,0,2,7,255,1027,250,0,0
stim,100301,130422,0,130422,3327744.453,-0.746,-0.329,-0.157,-0.557,0,0,8,0,0,0,0,0,60,1.540,1,2160,0,373.331,8.271,142.125,341.375,51.375,-0.426,0.262,0.781,2.203,7.973,-8.867,3.788,3.846,1.394,1.440,0,NULL,NULL,,3,0,2,7,255,1027,250,0,0
stim,100301,130422,0,130422,3327749.455,-0.751,-0.316,-0.149,-0.560,0,0,9,0,0,0,0,0,60,1.540,1,2160,0,378.423,8.758,141.313,348.063,45.688,-0.418,0.266,0.891,2.203,8.477,-7.641,3.816,3.878,1.394,1.440,0,NULL,NULL,,3,0,2,7,255,1027,250,0,0
stim,100301,130422,0,130422,3327754.453,-0.756,-0.303,-0.140,-0.563,0,0,9,0,0,0,0,0,60,1.540,1,2160,0,381.091,9.346,138.250,352.813,40.500,-0.391,0.281,0.988,2.391,9.035,-6.535,3.844,3.904,1.394,1.440,0,NULL,NULL,,3,0,2,7,255,1027,250,0,0
stim,100333,130454,0,130454,3327759.456,-0.761,-0.290,-0.131,-0.566,0,0,9,0,0,0,0,0,60,1.540,1,2160,0,382.356,9.570,133.938,356.188,37.250,-0.344,0.273,1.047,2.770,9.160,-5.395,3.870,3.932,1.394,1.440,0,NULL,NULL,,3,0,2,7,255,1027,250,0,0
stim,100333,130454,0,130454,3327764.454,-0.765,-0.277,-0.122,-0.569,0,0,7,0,0,0,0,0,60,1.540,1,2160,0,383.109,9.570,129.188,358.938,35.313,-0.309,0.234,1.074,2.770,9.160,-4.359,3.896,3.960,1.394,1.440,0,NULL,NULL,,3,0,2,7,255,1027,250,0,0
stim,100333,130454,0,130454,3327769.455,-0.769,-0.264,-0.113,-0.571,0,0,8,0,0,0,0,0,60,1.540,1,2160,0,383.968,9.182,125.813,361.250,33.188,-0.281,0.184,1.059,2.734,8.766,-3.551,3.922,3.986,1.394,1.440,0,NULL,NULL,,3,0,2,7,255,1027,250,0,0
stim,100333,130454,0,130454,3327774.454,-0.772,-0.251,-0.104,-0.574,0,0,8,0,0,0,0,0,60,1.540,1,2160,0,385.742,8.485,128.063,362.313,33.563,-0.242,0.152,1.027,2.352,8.152,-3.098,3.950,4.014,1.394,1.440,0,NULL,NULL,,3,0,2,7,255,1027,250,0,0
stim,100370,130491,0,130491,3327779.456,-0.776,-0.237,-0.095,-0.577,0,0,10,0,0,0,0,1,60,1.540,1,2160,0,388.789,7.686,136.750,362.313,34.438,-0.227,0.152,1.035,2.176,7.371,-2.824,3.976,4.042,1.394,1.440,0,NULL,NULL,,3,0,2,7,255,1027,250,0,0
stim,100370,130491,0,130491,3327784.453,-0.780,-0.223,-0.086,-0.579,0,0,7,0,0,0,0,0,60,1.540,1,2160,0,391.630,7.333,147.563,361.000,35.750,-0.207,0.133,1.086,2.121,7.020,-2.430,4.004,4.072,1.394,1.440,0,NULL,NULL,,3,0,2,7,255,1027,250,0,0
stim,100370,130491,0,130491,3327789.455,-0.783,-0.209,-0.077,-0.581,0,0,6,0,0,0,0,2,60,1.540,1,2160,0,393.224,7.116,155.688,358.938,39.375,-0.176,0.109,1.129,2.121,6.793,-1.633,4.032,4.100,1.394,1.440,0,NULL,NULL,,3,0,2,7,255,1027,250,0,0
stim,100370,130491,0,130491,3327794.454,-0.786,-0.194,-0.069,-0.582,0,0,9,0,0,0,0,4,60,1.540,1,2160,0,394.949,6.697,163.813,356.625,44.375,-0.141,0.090,1.145,2.051,6.375,-0.840,4.058,4.128,1.394,1.440,0,NULL,NULL,,3,0,2,7,255,1027,250,0,0
stim,100370,130491,0,130491,3327799.456,-0.790,-0.179,-0.061,-0.583,0,0,10,0,0,0,0,22,60,1.540,1,2160,0,398.814,6.134,177.625,353.688,49.063,-0.074,0.090,1.184,2.051,5.781,-0.320,4.084,4.154,1.394,1.440,0,NULL,NULL,,3,0,2,7,255,1027,250,0,0
stim,100370,130491,0,130491,3327804.453,-0.793,-0.164,-0.053,-0.584,0,0,9,0,0,0,0,37,60,1.540,1,2160,0,402.131,5.439,190.188,350.688,50.563,0.098,0.082,1.234,2.176,4.984,0.434,4.106,4.178,1.394,1.440,0,NULL,NULL,,3,0,2,7,255,1027,250,0,0
stim,100370,130491,0,130491,3327809.455,-0.797,-0.147,-0.047,-0.585,0,0,6,0,0,0,0,39,60,1.540,1,2160,0,408.472,3.918,215.875,342.438,54.625,0.207,-0.121,1.344,2.176,3.258,1.566,4.126,4.198,1.394,1.440,0,NULL,NULL,,3,0,2,7,255,1027,250,0,0
stim,100370,130491,0,130491,3327814.454,-0.800,-0.131,-0.040,-0.584,0,0,11,0,0,0,0,39,60,1.540,1,2160,0,415.888,3.398,226.000,340.313,77.938,0.164,0.031,1.477,2.426,2.379,3.402,4.142,4.214,1.394,1.440,0,NULL,NULL,,3,0,2,7,255,1027,250,0,0
stim,100370,130491,0,130491,3327819.455,-0.804,-0.115,-0.033,-0.582,0,0,10,0,0,0,0,44,60,1.540,1,2160,0,412.432,3.398,207.563,340.750,104.438,0.117,0.316,1.410,2.426,2.379,3.402,4.154,4.224,1.394,1.440,0,NULL,NULL,,3,0,2,7,255,1027,250,0,0
stim,100370,130491,0,130491,3327824.454,-0.809,-0.098,-0.026,-0.580,0,0,9,0,0,0,0,41,60,1.540,1,2160,0,425.645,4.926,232.625,335.938,119.188,-0.063,0.301,1.441,3.922,2.980,3.391,4.158,4.230,1.394,1.440,0,NULL,NULL,,3,0,2,7,255,1027,250,0,0
stim,100396,130518,0,130518,3327829.457,-0.813,-0.081,-0.021,-0.577,0,0,9,0,0,0,0,45,60,1.540,1,2160,0,439.520,5.752,271.500,324.438,119.188,-0.203,0.184,1.770,3.922,4.207,3.391,4.158,4.228,1.394,1.440,0,NULL,NULL,,3,0,2,7,255,1027,250,0,0
stim,100396,130518,0,130518,3327834.454,-0.816,-0.063,-0.016,-0.574,0,0,9,0,0,0,0,40,60,1.540,1,2160,0,435.116,5.638,278.125,318.438,102.813,-0.258,0.020,2.125,2.457,5.074,6.723,4.146,4.218,1.394,1.440,0,NULL,NULL,,3,0,2,7,255,1027,250,0,0
stim,100396,130518,0,130518,3327839.456,-0.819,-0.045,-0.011,-0.572,0,0,11,0,0,0,0,22,60,1.540,1,2160,0,415.358,5.136,257.063,312.438,93.938,-0.258,0.031,2.332,0.797,5.074,10.508,4.126,4.196,1.394,1.440,0,NULL,NULL,,3,0,2,7,255,1027,250,0,0
stim,100396,130518,0,130518,3327844.454,-0.822,-0.029,-0.005,-0.569,0,0,13,0,0,0,0,9,60,1.540,1,2160,0,393.307,4.689,226.813,308.313,90.500,-0.246,0.063,2.340,0.797,4.621,12.711,4.092,4.164,1.394,1.440,0,NULL,NULL,,3,0,2,7,255,1027,250,0,0
stim,100398,130519,0,130519,3327849.455,-0.824,-0.014,0.001,-0.567,0,0,19,0,0,0,0,12,60,1.540,1,2160,0,381.153,3.980,211.250,305.500,85.563,-0.293,-0.016,2.238,0.762,3.906,12.711,4.046,4.118,1.394,1.440,0,NULL,NULL,,3,0,2,7,255,1027,250,0,0
stim,100398,130519,0,130519,3327854.453,-0.825,0.001,0.006,-0.565,0,0,17,0,0,0,0,13,60,1.540,1,2160,0,377.575,3.293,212.875,303.375,72.188,-0.371,-0.137,2.184,-0.230,3.285,12.059,3.986,4.058,1.394,1.440,0,NULL,NULL,,3,0,2,7,255,1027,250,0,0
stim,100428,130549,0,130549,3327859.456,-0.826,0.017,0.012,-0.563,0,0,13,0,0,0,0,28,60,1.540,1,2160,0,376.570,3.384,219.375,302.063,49.375,-0.414,-0.258,2.219,-1.828,2.848,12.059,3.912,3.986,1.394,1.440,0,NULL,NULL,,3,0,2,7,255,1027,250,0,0
stim,100428,130549,0,130549,3327864.454,-0.826,0.032,0.018,-0.563,0,0,18,0,0,0,0,39,60,1.540,1,2160,0,376.265,3.888,224.375,301.125,23.563,-0.379,-0.363,2.277,-3.254,2.129,12.133,3.828,3.902,1.394,1.440,0,NULL,NULL,,3,0,2,7,255,1027,250,0,0
stim,100428,130549,0,130549,3327869.455,-0.825,0.048,0.023,-0.563,0,0,18,0,0,0,0,43,60,1.540,1,2160,0,378.035,4.318,229.938,300.063,1.250,-0.254,-0.445,2.309,-4.266,0.668,12.688,3.732,3.806,1.394,1.440,0,NULL,NULL,,3,0,2,7,255,1027,250,0,0
stim,100428,130549,0,130549,3327874.454,-0.824,0.063,0.028,-0.563,0,0,20,0,0,0,0,48,60,1.540,1,2160,0,381.036,4.917,236.563,298.313,-15.375,-0.055,-0.492,2.285,-4.688,-1.484,12.688,3.624,3.700,1.394,1.440,0,NULL,NULL,,3,0,2,7,255,1027,250,0,0
stim,100467,130588,0,130588,3327879.457,-0.822,0.079,0.033,-0.564,0,0,20,0,0,0,0,45,60,1.540,1,2160,0,387.339,6.252,247.438,296.813,-26.625,0.191,-0.539,2.195,-4.688,-4.137,12.293,3.504,3.580,1.394,1.440,0,NULL,NULL,,3,0,2,7,255,1027,250,0,0
stim,100467,130588,0,130588,3327884.453,-0.819,0.096,0.037,-0.564,0,0,19,0,0,0,0,57,60,1.540,1,2160,0,400.936,8.338,269.313,295.188,-32.938,0.441,-0.598,2.105,-4.457,-7.047,10.855,3.368,3.446,1.394,1.440,0,NULL,NULL,,3,0,2,7,255,1027,250,0,0
stim,100467,130588,0,130588,3327889.456,-0.816,0.114,0.040,-0.565,0,0,19,0,0,0,0,62,60,1.540,1,2160,0,421.497,10.915,301.250,292.688,-35.250,0.680,-0.648,2.086,-4.402,-9.988,9.219,3.220,3.300,1.394,1.440,0,NULL,NULL,,3,0,2,7,255,1027,250,0,0
stim,100467,130588,0,130588,3327894.454,-0.813,0.133,0.042,-0.566,0,0,12,0,0,0,0,69,60,1.540,1,2160,0,444.589,13.582,335.625,289.563,-34.188,0.891,-0.637,2.145,-4.348,-12.867,8.121,3.060,3.142,1.394,1.440,0,NULL,NULL,,3,0,2,7,255,1027,250,0,0
stim,100467,130588,0,130588,3327899.455,-0.809,0.153,0.044,-0.566,0,0,19,0,0,0,0,67,60,1.540,1,2160,0,467.992,15.922,368.875,286.188,-32.313,1.066,-0.566,2.281,-3.914,-15.434,8.051,2.892,2.978,1.394,1.440,0,NULL,NULL,,3,0,2,7,255,1027,250,0,0
stim,100467,130588,0,130588,3327904.453,-0.804,0.174,0.044,-0.566,0,0,17,0,0,0,0,69,60,1.540,1,2160,0,491.992,18.008,400.625,283.688,-32.813,1.188,-0.480,2.527,-3.191,-17.723,8.051,2.718,2.808,1.394,1.440,0,NULL,NULL,,3,0,2,7,255,1027,250,0,0
stim,100491,130612,0,130612,3327909.456,-0.799,0.196,0.044,-0.567,0,0,21,0,0,0,0,72,60,1.540,1,2160,0,505.440,20.080,417.688,282.000,-38.500,1.250,-0.332,2.906,-2.750,-19.891,9.445,2.536,2.632,1.394,1.440,0,NULL,NULL,,3,0,2,7,255,1027,250,0,0
stim,100491,130612,0,130612,3327914.454,-0.794,0.217,0.044,-0.567,0,0,18,0,0,0,0,77,60,1.540,1,2160,0,499.925,22.116,411.563,279.063,-51.625,1.352,-0.145,3.328,-2.258,-22.000,12.266,2.348,2.448,1.394,1.440,0,NULL,NULL,,3,0,2,7,255,1027,250,0,0
stim,100491,130612,0,130612,3327919.455,-0.787,0.236,0.045,-0.568,0,0,16,0,0,0,0,92,60,1.540,1,2160,0,470.116,24.761,372.313,277.750,-72.438,1.566,0.063,3.668,-1.504,-24.715,15.355,2.152,2.256,1.394,1.440,0,NULL,NULL,,3,0,2,7,255,1027,250,0,0
stim,100491,130612,0,130612,3327924.454,-0.781,0.253,0.048,-0.569,0,0,19,0,0,0,0,121,60,1.540,1,2160,0,419.659,28.259,303.375,276.875,-86.125,1.855,0.117,3.805,-0.215,-28.258,16.664,1.952,2.060,1.394,1.440,0,NULL,NULL,,3,0,2,7,255,1027,250,0,0
stim,100491,130612,0,130612,3327929.455,-0.776,0.267,0.052,-0.569,0,0,17,0,0,0,0,142,60,1.540,1,2160,0,363.166,32.025,223.688,272.750,-86.375,2.156,0.020,3.723,0.328,-32.023,16.664,1.750,1.862,1.394,1.440,0,NULL,NULL,,3,0,2,7,255,1027,250,0,0
stim,100491,130612,0,130612,3327934.454,-0.771,0.278,0.059,-0.570,0,0,16,0,0,0,0,187,60,1.540,1,2160,0,312.511,35.185,144.438,265.313,-80.063,2.410,-0.176,3.391,0.328,-35.184,13.570,1.550,1.664,1.394,1.440,0,NULL,NULL,,3,0,2,7,255,1027,250,0,0
stim,100491,130612,0,130612,3327939.456,-0.767,0.287,0.066,-0.570,0,0,13,0,0,0,0,223,60,1.540,1,2160,0,279.484,36.723,86.125,253.875,-79.000,2.656,-0.359,2.930,-0.055,-36.723,8.195,1.350,1.466,1.394,1.440,0,NULL,NULL,,3,0,2,7,255,1027,250,0,0
stim,100491,130612,0,130612,3327944.454,-0.764,0.295,0.074,-0.570,0,0,12,0,0,0,0,254,60,1.540,1,2160,0,257.658,37.199,53.500,237.500,-84.375,2.918,-0.527,2.488,-0.055,-37.199,1.855,1.148,1.268,1.394,1.440,0,NULL,NULL,,3,0,2,7,255,1027,250,0,0
stim,100511,130632,0,130632,3327949.455,-0.760,0.301,0.081,-0.570,0,0,11,0,0,0,0,291,60,1.540,1,2160,0,233.977,37.609,39.000,214.375,-85.250,3.195,-0.766,2.109,-0.055,-37.609,-4.273,0.938,1.062,1.394,1.440,0,NULL,NULL,,3,0,2,7,255,1027,250,0,0
stim,100511,130632,0,130632,3327954.453,-0.757,0.306,0.087,-0.571,0,0,6,0,0,0,0,328,60,1.540,1,2160,0,201.948,38.346,32.688,183.625,-77.438,3.477,-1.035,1.762,-0.410,-38.344,-10.090,0.720,0.850,1.394,1.440,0,NULL,NULL,,3,0,2,7,255,1027,250,0,0
stim,100511,130632,0,130632,3327959.455,-0.754,0.311,0.092,-0.571,0,0,3,0,0,0,0,351,60,1.540,1,2160,0,166.285,39.172,34.875,149.938,-62.875,3.734,-1.332,1.395,-1.348,-39.148,-15.746,0.504,0.644,1.394,1.440,0,NULL,NULL,,3,0,2,7,255,1027,250,0,0
stim,100511,130632,0,130632,3327964.453,-0.752,0.316,0.095,-0.571,0,0,3,0,0,0,0,377,60,1.540,1,2160,0,143.857,39.236,63.813,120.938,-44.688,3.777,-1.508,1.051,-2.625,-39.148,-21.406,0.326,0.484,1.394,1.440,0,NULL,NULL,,3,0,2,7,255,1027,250,0,0
stim,100533,130654,0,130654,3327969.455,-0.749,0.321,0.095,-0.572,0,0,6,0,0,0,0,383,60,1.540,1,2160,0,132.423,39.668,105.688,72.500,-33.313,4.145,-1.961,1.078,-3.516,-39.512,-25.348,0.220,0.410,1.394,1.440,0,NULL,NULL,,3,0,2,7,255,1027,250,0,0
stim,100533,130654,1,130654,3327974.454,-0.747,0.327,0.093,-0.572,0,0,7,0,0,0,0,389,60,1.540,1,2160,0,156.387,42.146,150.625,39.813,13.563,4.074,-2.578,1.113,-6.633,-41.621,-28.891,0.190,0.408,1.394,1.440,0,NULL,NULL,,3,1,2,7,255,1027,250,0,0
stim,100533,130654,1,130654,3327979.455,-0.745,0.334,0.087,-0.571,0,0,5,0,7,0,0,377,60,1.540,1,2160,0,231.897,43.316,227.250,0.500,46.188,3.512,-2.250,1.441,-12.000,-41.621,-28.891,0.212,0.438,1.394,1.440,0,NULL,NULL,,3,1,2,7,255,1027,250,0,0
stim,100533,130654,1,130654,3327984.453,-0.741,0.343,0.078,-0.572,0,0,6,0,8,0,0,381,60,1.540,1,2160,0,297.247,41.129,294.563,-36.750,15.438,3.090,-1.332,2.324,-12.000,-39.340,-24.742,0.244,0.468,1.394,1.440,0,NULL,NULL,,3,1,2,7,255,1027,250,0,0
stim,100574,130695,1,130695,3327989.456,-0.737,0.349,0.070,-0.575,0,0,0,0,0,0,0,407,60,1.540,1,2160,0,251.292,40.051,240.375,-70.000,-21.625,2.715,-0.223,3.340,-7.516,-39.340,-12.953,0.266,0.492,1.394,1.440,0,NULL,NULL,,3,1,2,7,255,1027,250,0,0
stim,100574,130695,1,130695,3327994.454,-0.735,0.350,0.064,-0.578,31,0,0,267,0,93,0,567,60,1.540,1,2160,0,170.022,41.618,119.000,-115.938,-36.125,2.527,-0.770,4.254,-7.516,-40.934,0.750,0.288,0.520,1.394,1.440,0,NULL,NULL,,3,1,2,7,255,1027,250,0,0
stim,100574,130695,1,130695,3327999.455,-0.738,0.359,0.035,-0.571,839,0,0,1108,0,249,0,619,60,1.540,1,2160,0,706.705,46.418,494.313,-320.688,390.188,1.699,-0.258,8.578,-10.652,-45.180,6.438,0.316,0.538,1.394,1.440,0,NULL,NULL,,3,1,2,7,255,1027,250,0,0
stim,100574,130695,1,130695,3328004.453,-0.750,0.348,0.029,-0.562,1498,0,0,1671,0,493,0,691,60,1.540,1,2160,0,451.518,47.368,-214.875,-187.375,350.125,0.137,1.004,7.406,-14.230,-45.180,44.809,0.346,0.542,1.394,1.440,0,NULL,NULL,,3,1,2,7,255,1027,250,0,0
stim,100574,130695,1,130695,3328009.457,-0.776,0.306,0.045,-0.550,2003,0,0,1919,0,840,0,751,60,1.540,1,2160,0,1219.600,42.220,-1141.625,-198.813,380.250,-0.273,3.738,1.461,-14.230,-39.750,44.809,0.380,0.546,1.394,1.440,0,NULL,NULL,,3,1,2,7,255,1027,250,0,0
stim,100574,130695,1,130695,3328014.453,-0.795,0.271,0.056,-0.539,2341,0,0,2139,0,1133,0,839,60,1.540,1,2160,0,973.280,28.180,-904.563,-196.063,301.000,-1.324,3.801,-2.203,28.023,2.969,17.695,0.400,0.542,1.394,1.440,0,NULL,NULL,,3,1,2,7,255,1027,250,0,0
stim,100574,130695,1,130695,3328019.455,-0.804,0.256,0.058,-0.533,2523,0,0,2277,0,1323,0,907,60,1.540,1,2161,0,435.786,41.178,-371.125,-127.813,189.313,-1.875,1.496,-2.281,28.023,30.172,-10.543,0.386,0.512,1.394,1.440,1,977.000,-50.000,,3,1,2,7,255,1027,250,0,0
stim,100574,130695,1,130695,3328024.454,-0.806,0.251,0.054,-0.533,2667,0,0,2453,0,1491,0,1011,60,1.540,1,2161,0,159.586,31.360,-35.125,-148.875,45.500,-1.320,-0.234,0.504,8.551,30.172,-10.543,0.346,0.450,1.394,1.440,1,NULL,NULL,,3,1,2,7,255,1027,250,0,0
stim,100608,130729,1,130729,3328029.455,-0.807,0.250,0.049,-0.533,2827,0,0,2665,0,1593,0,1109,60,1.540,1,2161,0,106.905,11.527,34.938,-95.750,32.250,0.117,2.035,1.492,8.551,7.730,-1.605,0.302,0.368,1.394,1.440,1,NULL,NULL,,3,1,2,7,255,1027,250,0,0
stim,100608,130729,1,130729,3328034.454,-0.813,0.246,0.043,-0.526,2927,0,0,2809,0,1636,0,1199,60,1.540,1,2161,0,260.797,12.067,-43.875,-128.563,222.625,-0.426,1.875,1.594,11.730,2.832,9.148,0.282,0.286,1.394,1.440,2,NULL,NULL,,3,1,2,7,255,1027,250,0,0
stim,100608,130729,1,130729,3328039.455,-0.823,0.233,0.040,-0.517,2995,0,0,2919,0,1674,0,1289,60,1.540,1,2161,0,439.567,12.067,-268.375,-184.750,295.063,-1.969,-0.473,1.492,11.730,2.832,9.148,0.292,0.222,1.394,1.440,2,NULL,NULL,,3,1,2,7,255,1027,250,0,0
stim,100608,130729,1,130729,3328044.454,-0.828,0.217,0.040,-0.515,3041,0,0,2995,0,1687,0,1399,60,1.540,1,2161,0,393.746,17.325,-340.625,-183.625,72.750,-2.555,-1.168,0.285,-15.258,8.207,7.816,0.316,0.180,1.394,1.440,2,NULL,NULL,,3,1,2,7,255,1027,250,0,0
stim,100608,130729,1,130729,3328049.455,-0.828,0.206,0.039,-0.521,3065,0,0,3052,0,1709,0,1507,60,1.540,1,2161,0,288.017,17.325,-187.125,-180.750,-123.563,-1.094,-0.504,-0.098,-15.258,8.207,-3.293,0.340,0.160,1.394,1.440,2,NULL,NULL,,3,1,2,7,255,1027,250,0,0
stim,100608,130729,1,130729,3328054.454,-0.824,0.201,0.035,-0.529,3093,0,0,3101,0,1752,0,1567,60,1.540,1,2161,0,260.990,11.852,-30.500,-172.813,-193.188,0.441,-0.520,0.941,-9.219,7.449,-3.773,0.358,0.150,1.394,1.440,2,NULL,NULL,,3,1,2,7,255,1027,250,0,0
stim,100609,130730,1,130730,3328059.455,-0.822,0.196,0.031,-0.534,3100,0,0,3143,0,1800,0,1607,60,1.540,1,2161,0,186.070,10.339,-31.313,-153.063,-101.063,1.262,-0.918,1.840,-5.184,-8.945,-3.773,0.368,0.140,1.394,1.440,2,NULL,NULL,,3,1,2,7,255,1027,250,0,0
stim,100609,130730,1,130730,3328064.453,-0.824,0.187,0.029,-0.534,3125,0,0,3173,0,1850,27,1628,60,1.540,1,2161,0,207.818,20.733,-153.625,-139.625,9.625,0.742,-1.605,2.441,-5.184,-20.074,1.410,0.370,0.124,1.394,1.440,2,NULL,NULL,,3,1,2,7,255,1027,250,0,0
stim,100630,130751,1,130751,3328069.455,-0.828,0.175,0.031,-0.532,3139,0,0,3193,0,1911,109,1644,60,1.540,1,2161,0,305.801,24.055,-270.375,-122.250,73.938,0.590,-1.637,1.250,-13.254,-20.074,1.410,0.364,0.104,1.394,1.440,2,NULL,NULL,,3,1,2,7,255,1027,250,0,0
stim,100630,130751,1,130751,3328074.454,-0.833,0.164,0.030,-0.527,3147,0,0,3211,0,1991,169,1663,60,1.540,1,2161,0,284.735,20.049,-216.250,-121.500,139.813,-0.281,-1.133,0.410,-13.254,-15.043,-3.262,0.360,0.082,1.394,1.440,2,NULL,NULL,,3,1,2,7,255,1027,250,0,0
stim,100670,130791,1,130791,3328079.457,-0.837,0.157,0.028,-0.524,3150,0,0,3219,0,2063,183,1699,60,1.540,1,2161,0,213.080,12.059,-132.563,-129.938,104.625,-0.848,-0.340,0.563,-11.598,-3.305,-3.484,0.356,0.066,1.394,1.440,2,NULL,NULL,,3,1,2,7,255,1027,250,0,0
stim,100670,130792,1,130792,3328084.453,-0.839,0.150,0.025,-0.523,3153,0,0,3221,0,2132,203,1735,60,1.540,1,2161,0,172.250,8.261,-86.438,-142.250,44.313,-0.617,0.230,0.855,-7.281,3.902,-3.484,0.358,0.056,1.394,1.440,2,NULL,NULL,,3,1,2,7,255,1027,250,0,0
stim,100670,130792,1,130792,3328089.457,-0.839,0.144,0.021,-0.524,3155,0,0,3226,0,2188,221,1769,60,1.540,1,2161,0,161.897,4.193,-79.188,-141.125,4.875,-0.383,0.176,1.168,-1.535,3.902,-0.113,0.358,0.048,1.394,1.440,2,NULL,NULL,,3,1,2,7,255,1027,250,0,0
stim,100670,130792,1,130792,3328094.454,-0.840,0.138,0.019,-0.525,3151,0,0,3225,0,2233,244,1805,60,1.540,1,2161,0,158.642,1.858,-88.313,-131.313,-11.188,-0.035,-0.086,1.180,-1.535,1.047,1.281,0.360,0.042,1.394,1.440,2,NULL,NULL,,3,1,2,7,255,1027,250,0,0
stim,100670,130792,1,130792,3328099.455,-0.841,0.131,0.016,-0.525,3150,0,0,3227,0,2299,249,1911,60,1.540,1,2161,0,163.165,3.517,-102.250,-127.125,-2.625,0.098,-0.250,1.109,-1.992,-2.898,1.281,0.360,0.036,1.394,1.440,2,NULL,NULL,,3,1,2,7,255,1027,250,0,0
stim,100670,130792,1,130792,3328104.454,-0.841,0.125,0.014,-0.526,3153,0,0,3225,103,2340,393,2008,60,1.540,1,2161,0,151.130,5.189,-95.500,-117.125,1.375,0.098,-0.414,1.016,-2.754,-4.398,0.148,0.360,0.032,1.394,1.440,2,NULL,NULL,,3,1,2,7,255,1027,250,0,0
stim,100670,130792,1,130792,3328109.455,-0.841,0.121,0.012,-0.527,3153,0,0,3223,303,2373,405,2099,60,1.540,1,2161,0,98.727,5.609,-47.813,-84.688,-17.000,0.234,-0.324,1.430,-3.020,-4.727,0.148,0.360,0.028,1.394,1.440,2,NULL,NULL,,3,1,2,7,255,1027,250,0,0
stim,100671,130792,1,130792,3328114.453,-0.841,0.119,0.011,-0.527,3153,0,0,3223,510,2401,427,2149,60,1.540,1,2161,0,60.436,6.998,-17.938,-54.625,-18.625,0.660,0.086,1.020,-3.020,-6.313,-0.871,0.360,0.026,1.394,1.440,2,NULL,NULL,,3,1,2,7,255,1027,250,0,0
stim,100671,130792,1,130792,3328119.458,-0.841,0.119,0.008,-0.528,3148,0,0,3221,627,2415,427,2191,60,1.540,1,2161,0,51.177,6.878,15.625,-48.625,3.250,0.402,0.715,1.438,2.730,-6.313,3.012,0.358,0.022,1.394,1.440,2,NULL,NULL,,3,1,2,7,255,1027,250,0,0
stim,100671,130792,1,130792,3328124.454,-0.841,0.117,0.008,-0.528,3141,0,0,3219,793,2424,395,2235,60,1.540,1,2161,0,56.977,4.341,-45.250,-29.188,-18.625,-0.215,0.574,1.824,2.730,-3.375,4.531,0.358,0.020,1.394,1.440,2,NULL,NULL,,3,1,2,7,255,1027,250,0,0
stim,100691,130812,1,130812,3328129.457,-0.841,0.113,0.010,-0.530,3145,0,0,3213,909,2438,389,2280,60,1.540,1,2161,0,102.619,2.586,-95.125,-17.813,-34.125,-0.074,0.359,0.953,2.566,0.316,4.531,0.360,0.014,1.394,1.440,2,NULL,NULL,,3,1,2,7,255,1027,250,0,0
stim,100691,130812,1,130812,3328134.454,-0.840,0.110,0.011,-0.531,3145,0,0,3209,995,2448,375,2300,60,1.540,1,2161,0,83.792,2.132,-64.500,-17.625,-50.500,-0.195,0.156,0.891,2.027,0.660,-0.051,0.364,0.008,1.394,1.440,2,NULL,NULL,,3,1,2,7,255,1027,250,0,0
stim,100691,130812,1,130812,3328139.455,-0.838,0.109,0.011,-0.534,3140,0,0,3207,1107,2453,355,2321,60,1.540,1,2161,0,79.822,0.662,-31.813,-12.188,-72.188,-0.008,0.152,0.973,0.582,0.316,-0.227,0.368,0.004,1.394,1.440,2,NULL,NULL,,3,1,2,7,255,1027,250,0,0
stim,100691,130812,1,130812,3328144.453,-0.837,0.107,0.012,-0.536,3141,0,0,3206,1183,2462,333,2339,60,1.540,1,2161,0,68.946,1.253,-27.813,-7.625,-62.625,0.102,0.133,1.109,0.582,-1.109,-0.227,0.370,0.000,1.394,1.440,2,NULL,NULL,,3,1,2,7,255,1027,250,0,0
stim,100713,130834,1,130834,3328149.456,-0.836,0.105,0.013,-0.538,3135,6,0,3205,1255,2473,325,2361,60,1.540,1,2161,0,66.799,1.792,-49.313,-3.313,-44.938,-0.016,0.039,1.109,0.582,-1.695,0.914,0.000,0.000,1.394,1.440,2,NULL,NULL,,3,1,2,7,255,1027,250,0,0
stim,100713,130834,1,130834,3328154.454,-0.836,0.103,0.014,-0.540,3133,19,0,3187,1311,2477,312,2381,60,1.540,1,2161,0,73.491,1.771,-59.188,-0.125,-43.563,-0.117,0.051,0.957,-0.512,-1.695,0.914,0.000,0.000,1.394,1.440,2,NULL,NULL,,3,1,2,7,255,1027,250,0,0
stim,100713,130834,1,130834,3328159.455,-0.834,0.101,0.016,-0.542,3133,24,0,3195,1352,2485,301,2382,60,1.540,1,2161,0,74.694,0.691,-47.063,-0.563,-58.000,-0.133,0.113,0.918,-0.512,-0.465,-0.363,0.000,0.000,1.394,1.440,2,NULL,NULL,,3,1,2,7,255,1027,250,0,0
stim,100713,130834,1,130834,3328164.454,-0.833,0.100,0.017,-0.544,3131,33,0,3195,1403,2486,287,2388,60,1.540,1,2161,0,75.506,0.480,-33.313,1.188,-67.750,0.004,0.113,1.031,-0.121,-0.465,-0.363,0.000,0.000,1.394,1.440,2,NULL,NULL,,3,1,2,7,255,1027,250,0,0
stim,100739,130860,1,130860,3328169.455,-0.832,0.098,0.017,-0.546,3127,47,0,3192,1455,2489,283,2389,60,1.540,1,2161,0,64.622,1.457,-32.563,2.750,-55.750,0.094,0.129,1.070,0.410,-1.398,0.238,0.000,0.000,1.394,1.440,2,NULL,NULL,,3,1,2,7,255,1027,250,0,0
stim,100739,130860,1,130860,3328174.454,-0.831,0.097,0.018,-0.547,3125,59,0,3192,1507,2489,275,2391,60,1.540,1,2161,0,51.292,1.702,-36.250,3.438,-36.125,0.023,0.156,1.074,0.898,-1.445,0.527,0.000,0.000,1.394,1.440,2,NULL,NULL,,3,1,2,7,255,1027,250,0,0
stim,100767,130888,1,130888,3328179.455,-0.831,0.095,0.019,-0.548,3123,79,0,3188,1518,2491,263,2395,60,1.540,1,2161,0,48.928,1.702,-39.250,4.000,-28.938,-0.113,0.176,1.043,0.898,-1.445,0.594,0.000,0.000,1.394,1.440,2,NULL,NULL,,3,1,2,7,255,1027,250,0,0
stim,100767,130888,1,130888,3328184.454,-0.830,0.094,0.021,-0.550,3116,94,0,3172,1545,2489,249,2393,60,1.540,1,2161,0,49.846,0.637,-36.500,4.188,-33.688,-0.168,0.168,1.000,0.625,-0.125,0.594,0.000,0.000,1.394,1.440,2,NULL,NULL,,3,1,2,7,255,1027,250,0,0
stim,100767,130888,1,130888,3328189.455,-0.829,0.093,0.022,-0.551,3113,104,3,3181,1564,2491,245,2392,60,1.540,1,2161,0,49.449,0.385,-32.188,2.750,-37.438,-0.145,0.148,1.004,0.359,0.137,0.250,0.000,0.000,1.394,1.440,2,NULL,NULL,,3,1,2,7,255,1027,250,0,0
stim,100767,130888,1,130888,3328194.454,-0.828,0.092,0.022,-0.552,3107,111,17,3177,1592,2491,227,2397,60,1.540,1,2161,0,43.920,0.355,-30.938,1.750,-31.125,-0.102,0.105,0.996,0.328,0.137,0.227,0.000,0.000,1.394,1.440,2,NULL,NULL,,3,1,2,7,255,1027,250,0,0
stim,100767,130888,1,130888,3328199.457,-0.828,0.091,0.023,-0.553,3098,121,37,3172,1627,2491,227,2409,60,1.540,1,2161,0,37.232,0.175,-32.250,-1.250,-18.563,-0.148,0.059,0.980,0.137,-0.109,0.063,0.000,0.000,1.394,1.440,2,NULL,NULL,,3,1,2,7,255,1027,250,0,0
stim,100767,130888,1,130888,3328204.453,-0.828,0.089,0.024,-0.553,3091,139,35,3164,1660,2493,217,2423,60,1.540,1,2161,0,35.129,0.455,-32.625,-4.063,-12.375,-0.230,0.047,0.961,-0.441,-0.109,-0.070,0.000,0.000,1.394,1.440,2,NULL,NULL,,3,1,2,7,255,1027,250,0,0
stim,100795,130916,1,130916,3328209.457,-0.828,0.088,0.025,-0.554,3079,139,43,3156,1691,2494,217,2439,60,1.540,1,2161,0,33.999,1.030,-29.063,-7.438,-16.000,-0.266,0.039,0.938,-0.828,0.613,-0.184,0.000,0.000,1.394,1.440,2,NULL,NULL,,3,1,2,7,255,1027,250,0,0
stim,100795,130916,1,130916,3328214.454,-0.827,0.087,0.025,-0.554,3064,133,77,3135,1727,2493,221,2453,60,1.429,1,2161,1,33.217,1.166,-22.250,-10.375,-22.375,-0.227,0.012,0.941,-0.992,0.613,-0.352,0.000,0.000,1.425,1.414,2,NULL,NULL,,3,1,2,7,255,1027,250,0,0
stim,100795,130916,1,130916,3328219.456,-0.827,0.086,0.025,-0.555,3054,131,83,3133,1759,2495,243,2468,60,1.429,1,2161,1,31.154,1.113,-18.125,-12.125,-22.250,-0.152,-0.004,0.961,-0.992,0.504,-0.352,0.004,0.004,1.425,1.414,2,NULL,NULL,,3,1,2,7,255,1027,250,0,0
stim,100795,130916,0,130916,3328224.454,-0.827,0.085,0.025,-0.556,3039,127,119,3118,1799,2495,250,2482,60,1.429,1,2161,1,27.486,0.961,-17.188,-14.000,-16.250,-0.133,-0.004,0.973,-0.938,-0.211,-0.313,0.008,0.008,1.425,1.414,2,NULL,NULL,,3,0,2,7,255,1031,250,0,0
stim,100795,130916,0,130916,3328229.457,-0.826,0.084,0.025,-0.556,3021,135,134,3103,1837,2494,249,2502,60,1.429,1,2161,1,25.146,0.886,-16.188,-14.188,-13.000,-0.137,0.004,0.953,-0.844,-0.270,-0.313,0.010,0.008,1.425,1.414,2,NULL,NULL,,3,0,2,7,255,1031,250,0,0
stim,100795,130916,0,130916,3328234.454,-0.826,0.083,0.025,-0.557,3001,133,157,3091,1887,2505,262,2517,60,1.429,1,2161,1,23.508,0.819,-12.063,-16.313,-11.875,-0.168,0.020,0.945,-0.773,-0.270,-0.395,0.012,0.010,1.425,1.414,2,NULL,NULL,,3,0,2,7,255,1031,250,0,0
stim,100795,130916,0,130916,3328239.455,-0.826,0.082,0.025,-0.557,2927,135,207,3089,1934,2495,267,2534,60,1.429,1,2161,1,23.374,0.766,-6.000,-17.375,-14.438,-0.188,0.063,0.965,-0.762,0.082,-0.395,0.014,0.010,1.425,1.414,2,NULL,NULL,,3,0,2,7,255,1031,250,0,0
stim,100795,130916,0,130916,3328244.454,-0.825,0.082,0.024,-0.558,2967,141,293,3044,1979,2494,277,2548,60,1.429,1,2161,1,26.362,0.553,-2.250,-17.938,-19.188,-0.164,0.109,0.988,-0.430,0.348,-0.191,0.014,0.012,1.425,1.414,2,NULL,NULL,,3,0,2,7,255,1031,250,0,0
stim,100795,130916,0,130916,3328249.457,-0.825,0.081,0.023,-0.559,2953,150,328,3030,2014,2505,281,2572,60,1.429,1,2161,1,26.695,0.357,-2.625,-18.438,-19.125,-0.133,0.113,1.004,0.082,0.348,0.063,0.016,0.012,1.425,1.414,2,NULL,NULL,,3,0,2,7,255,1031,250,0,0
stim,100795,130916,0,130916,3328254.453,-0.825,0.081,0.023,-0.560,2915,151,393,3015,2047,2505,285,2579,60,1.429,1,2161,1,26.613,0.263,-5.938,-18.250,-18.438,-0.133,0.117,1.008,0.242,0.102,0.160,0.018,0.014,1.425,1.414,2,NULL,NULL,,3,0,2,7,255,1031,250,0,0
stim,100833,130954,0,130954,3328259.456,-0.824,0.080,0.023,-0.560,2897,168,459,2992,2083,2508,297,2601,60,1.429,1,2161,1,28.875,0.292,-8.375,-18.250,-20.750,-0.137,0.125,0.992,0.273,0.102,0.160,0.020,0.016,1.425,1.414,2,NULL,NULL,,3,0,2,7,255,1031,250,0,0
stim,100833,130954,0,130954,3328264.453,-0.824,0.079,0.022,-0.561,2859,167,554,2983,2143,2509,307,2615,60,1.429,1,2161,1,30.971,0.292,-6.813,-18.188,-24.125,-0.102,0.098,0.977,0.273,0.102,0.082,0.022,0.018,1.425,1.414,2,NULL,NULL,,3,0,2,7,255,1031,250,0,0
stim,100833,130954,0,130954,3328269.456,-0.823,0.079,0.022,-0.562,2838,174,633,2941,2203,2503,345,2643,60,1.429,1,2161,1,28.135,0.291,-4.188,-18.250,-21.000,-0.078,0.051,0.965,0.223,-0.188,-0.152,0.026,0.022,1.425,1.414,2,NULL,NULL,,3,0,2,7,255,1031,250,0,0
stim,100833,130954,0,130954,3328274.454,-0.823,0.078,0.021,-0.563,2790,184,711,2919,2249,2507,381,2652,60,1.429,1,2161,1,23.368,0.271,-1.688,-19.750,-12.375,-0.109,0.051,0.977,-0.148,-0.227,-0.184,0.028,0.024,1.425,1.414,2,NULL,NULL,,3,0,2,7,255,1031,250,0,0
stim,100833,130954,0,130954,3328279.455,-0.823,0.078,0.020,-0.563,2771,184,780,2893,2293,2515,439,2665,60,1.429,1,2161,1,23.338,0.271,-0.625,-20.438,-11.250,-0.195,0.133,0.996,-0.148,-0.227,-0.184,0.030,0.026,1.425,1.414,2,NULL,NULL,,3,0,2,7,255,1031,250,0,0
stim,100833,130954,0,130954,3328284.453,-0.822,0.077,0.020,-0.564,2716,207,872,2863,2323,2508,530,2678,60,1.429,1,2161,1,31.847,0.812,-2.500,-21.688,-23.188,-0.258,0.215,1.051,0.176,0.793,0.188,0.034,0.028,1.425,1.414,2,NULL,NULL,,3,0,2,7,255,1031,250,0,0
stim,100879,131000,0,131000,3328289.455,-0.821,0.076,0.019,-0.565,2659,221,995,2837,2381,2512,629,2707,60,1.429,1,2161,1,45.526,1.261,-9.125,-22.625,-38.438,-0.191,0.227,1.039,0.680,1.063,0.645,0.036,0.030,1.425,1.414,2,NULL,NULL,,3,0,2,7,255,1031,250,0,0
stim,100879,131000,0,131000,3328294.454,-0.820,0.075,0.019,-0.567,2597,227,1123,2808,2423,2525,757,2719,60,1.429,1,2161,1,49.781,1.483,-13.688,-23.625,-41.625,-0.141,0.211,1.047,1.035,1.063,0.664,0.036,0.032,1.425,1.414,2,NULL,NULL,,3,0,2,7,255,1031,250,0,0
stim,100879,131000,0,131000,3328299.455,-0.819,0.074,0.018,-0.568,2520,247,1235,2787,2475,2520,888,2738,60,1.429,1,2161,1,55.469,1.331,-21.500,-23.813,-45.250,-0.172,0.215,1.078,1.035,0.836,0.664,0.038,0.034,1.425,1.414,2,NULL,NULL,,3,0,2,7,255,1031,250,0,0
stim,100879,131000,0,131000,3328304.453,-0.818,0.073,0.018,-0.570,2451,243,1331,2757,2507,2531,1041,2761,60,1.429,1,2161,1,63.331,1.309,-28.875,-22.625,-51.625,-0.176,0.191,1.051,1.008,0.836,0.730,0.040,0.038,1.425,1.414,2,NULL,NULL,,3,0,2,7,255,1031,250,0,0
stim,100879,131000,0,131000,3328309.457,-0.817,0.071,0.019,-0.573,2387,239,1467,2715,2541,2525,1161,2761,60,1.429,1,2161,1,75.838,1.179,-37.500,-21.500,-62.313,-0.176,0.113,1.063,0.832,0.836,0.773,0.042,0.040,1.425,1.414,2,NULL,NULL,,3,0,2,7,255,1031,250,0,0
stim,100879,131000,0,131000,3328314.453,-0.815,0.068,0.019,-0.575,2286,249,1611,2679,2590,2539,1275,2789,60,1.429,1,2161,1,92.377,0.618,-54.625,-22.750,-70.938,-0.152,0.008,1.117,0.125,0.605,0.773,0.046,0.044,1.425,1.414,2,NULL,NULL,,3,0,2,7,255,1031,250,0,0
stim,100879,131000,0,131000,3328319.455,-0.814,0.065,0.020,-0.578,2188,249,1759,2627,2624,2534,1405,2805,60,1.429,1,2161,1,100.732,0.707,-68.750,-22.813,-70.000,-0.090,-0.051,1.020,-0.707,-0.004,0.773,0.050,0.050,1.425,1.414,2,NULL,NULL,,3,0,2,7,255,1031,250,0,0
stim,100879,131000,0,131000,3328324.454,-0.812,0.061,0.022,-0.580,2091,251,1883,2587,2665,2546,1529,2809,60,1.429,1,2161,0,101.093,1.034,-73.625,-22.375,-65.563,-0.125,-0.125,0.961,-0.949,-0.410,0.164,0.056,0.056,1.425,1.414,2,NULL,NULL,,3,0,2,7,255,1031,250,0,0
stim,100879,131000,0,131000,3328329.456,-0.811,0.058,0.023,-0.582,1957,247,1996,2518,2707,2539,1657,2824,60,1.429,1,2161,0,107.885,1.756,-77.813,-23.875,-70.813,-0.176,-0.121,0.988,-1.707,-0.410,-0.039,0.062,0.062,1.425,1.414,2,NULL,NULL,,3,0,2,7,255,1031,250,0,0
stim,100879,131000,0,131000,3328334.454,-0.809,0.054,0.024,-0.585,1853,252,2131,2459,2739,2547,1759,2854,60,1.429,1,2161,0,107.546,1.711,-73.750,-26.750,-73.563,-0.141,-0.023,0.910,-1.707,0.113,-0.383,0.066,0.068,1.425,1.414,2,NULL,NULL,,3,0,2,7,255,1031,250,0,0
stim,100903,131024,0,131024,3328339.455,-0.807,0.051,0.025,-0.587,1735,252,2234,2391,2751,2535,1881,2857,60,1.429,1,2161,0,99.517,0.678,-62.688,-25.750,-72.875,-0.105,-0.016,0.902,-0.668,0.113,-0.805,0.070,0.072,1.425,1.414,2,NULL,NULL,,3,0,2,7,255,1031,250,0,0
stim,100903,131024,0,131024,3328344.454,-0.806,0.048,0.026,-0.590,1561,254,2328,2287,2791,2535,1989,2867,60,1.429,1,2161,0,91.121,0.669,-54.438,-28.875,-67.125,-0.074,-0.063,0.941,-0.668,-0.035,-0.805,0.074,0.074,1.425,1.414,2,NULL,NULL,,3,0,2,7,255,1031,250,0,0
stim,100903,131024,0,131024,3328349.456,-0.805,0.046,0.026,-0.592,1400,249,2424,2195,2805,2537,2079,2898,60,1.429,1,2161,0,75.393,0.886,-44.313,-32.188,-51.813,-0.070,-0.082,0.973,-0.754,-0.465,-0.555,0.076,0.076,1.425,1.414,2,NULL,NULL,,3,0,2,7,255,1031,250,0,0
stim,100903,131024,0,131024,3328354.454,-0.803,0.043,0.026,-0.593,1178,235,2501,2091,2834,2535,2164,2901,60,1.429,1,2161,0,75.770,1.001,-44.688,-32.250,-52.000,-0.145,-0.094,1.023,-0.887,-0.465,-0.254,0.078,0.078,1.425,1.414,2,NULL,NULL,,3,0,2,7,255,1031,250,0,0
stim,100927,131049,0,131049,3328359.455,-0.802,0.041,0.026,-0.595,1033,223,2542,1942,2791,2527,2251,2904,60,1.429,1,2161,0,74.096,0.906,-43.125,-35.063,-49.000,-0.082,-0.004,1.035,-0.887,-0.188,0.285,0.080,0.076,1.425,1.414,2,NULL,NULL,,3,0,2,7,255,1031,250,0,0
stim,100927,131049,0,131049,3328364.453,-0.801,0.038,0.026,-0.597,819,189,2601,1751,2873,2526,2335,2917,60,1.429,1,2161,0,71.026,0.438,-38.250,-35.063,-48.500,-0.121,-0.027,1.031,-0.430,0.086,0.379,0.080,0.076,1.425,1.414,2,NULL,NULL,,3,0,2,7,255,1031,250,0,0
stim,100927,131049,0,131049,3328369.455,-0.800,0.036,0.025,-0.598,598,178,2645,1499,2889,2525,2395,2933,60,1.429,1,2161,0,73.458,0.215,-39.688,-37.438,-49.188,-0.027,-0.023,1.047,-0.105,-0.188,0.383,0.078,0.074,1.425,1.414,2,NULL,NULL,,3,0,2,7,255,1031,250,0,0
stim,100927,131049,0,131049,3328374.454,-0.799,0.033,0.025,-0.599,395,121,2681,1263,2916,2518,2463,2934,60,1.429,1,2161,0,60.574,0.689,-34.875,-39.875,-29.375,-0.047,-0.059,1.016,-0.430,-0.539,0.379,0.078,0.074,1.425,1.414,2,NULL,NULL,,3,0,2,7,255,1031,250,0,0
stim,100969,131090,0,131090,3328379.457,-0.799,0.031,0.024,-0.601,199,73,2712,996,2925,2509,2531,2955,60,1.429,1,2161,0,61.861,0.565,-33.188,-42.188,-30.750,-0.082,-0.020,1.035,-0.168,-0.539,0.359,0.078,0.072,1.425,1.414,2,NULL,NULL,,3,0,2,7,255,1031,250,0,0
stim,100969,131090,0,131090,3328384.453,-0.798,0.029,0.023,-0.601,61,47,2750,780,2943,2491,2583,2963,60,1.429,1,2161,0,55.337,0.187,-24.063,-46.750,-17.250,-0.078,0.051,1.055,-0.168,-0.082,0.359,0.078,0.072,1.425,1.414,2,NULL,NULL,,3,0,2,7,255,1031,250,0,0
stim,100969,131090,0,131090,3328389.455,-0.798,0.027,0.022,-0.602,7,21,2781,522,2969,2459,2616,2967,60,1.429,1,2161,0,62.545,0.529,-25.625,-48.375,-30.250,-0.109,0.160,1.094,0.516,0.117,0.543,0.076,0.068,1.425,1.414,2,NULL,NULL,,3,0,2,7,255,1031,250,0,0
stim,100969,131090,0,131090,3328394.454,-0.797,0.025,0.021,-0.603,0,0,2808,303,2979,2437,2663,2971,60,1.429,1,2161,0,64.000,1.665,-22.875,-52.875,-27.875,-0.102,0.219,1.113,1.496,0.730,0.949,0.072,0.066,1.425,1.414,2,NULL,NULL,,3,0,2,7,255,1031,250,0,0
stim,100969,131090,0,131090,3328399.455,-0.796,0.023,0.019,-0.604,0,0,2829,200,2995,2409,2707,2981,60,1.429,1,2161,0,66.997,1.718,-14.500,-57.563,-31.063,-0.160,0.145,1.152,1.496,0.844,1.102,0.070,0.062,1.425,1.414,2,NULL,NULL,,3,0,2,7,255,1031,250,0,0
stim,100969,131090,0,131090,3328404.454,-0.796,0.021,0.017,-0.605,0,0,2856,137,2995,2393,2735,2984,60,1.429,1,2161,0,68.183,1.743,-1.438,-64.563,-21.875,-0.230,-0.012,1.277,1.215,1.250,1.539,0.068,0.060,1.425,1.414,2,NULL,NULL,,3,0,2,7,255,1031,250,0,0
stim,100969,131090,0,131090,3328409.455,-0.796,0.020,0.014,-0.605,0,0,2863,107,3004,2365,2775,2995,60,1.429,1,2161,0,77.069,1.564,16.000,-74.125,-13.750,-0.398,-0.227,1.504,-0.414,1.508,2.797,0.068,0.060,1.425,1.414,2,NULL,NULL,,3,0,2,7,255,1031,250,0,0
stim,100969,131090,0,131090,3328414.453,-0.796,0.019,0.010,-0.605,0,0,2875,85,3029,2333,2805,2991,60,1.429,1,2161,0,97.655,3.522,44.438,-86.875,-3.813,-0.430,-0.180,1.816,-2.484,2.496,5.121,0.070,0.062,1.425,1.414,2,NULL,NULL,,3,0,2,7,255,1031,250,0,0
stim,101000,131121,0,131121,3328419.457,-0.796,0.016,0.008,-0.606,0,0,2887,59,3035,2301,2827,2988,60,1.429,1,2161,0,98.001,3.522,-34.375,-91.688,-4.000,-0.145,0.008,1.676,-2.484,2.496,6.633,0.076,0.066,1.425,1.414,3,NULL,NULL,,3,0,2,7,255,1031,250,0,0
stim,101000,131121,0,131121,3328424.454,-0.795,0.010,0.007,-0.606,0,0,2893,0,3042,2238,2853,2999,60,1.429,1,2161,0,125.881,0.875,-88.688,-88.250,-13.875,-0.059,0.059,1.234,0.012,0.875,6.633,0.082,0.070,1.425,1.414,3,NULL,NULL,,3,0,2,7,255,1031,250,0,0
stim,101000,131121,0,131121,3328429.455,-0.796,0.006,0.006,-0.605,0,0,2909,0,3049,2173,2871,2992,60,1.429,1,2161,0,114.832,0.985,-55.313,-98.625,20.000,-0.160,0.066,1.059,0.453,0.875,2.289,0.090,0.076,1.425,1.414,3,NULL,NULL,,3,0,2,7,255,1031,250,0,0
stim,101000,131121,0,131121,3328434.454,-0.797,0.003,0.002,-0.604,0,0,2907,0,3053,2090,2888,3003,60,1.429,1,2161,0,114.805,1.686,-5.438,-109.938,32.625,-0.246,0.195,1.141,0.672,1.547,1.320,0.100,0.084,1.425,1.414,3,NULL,NULL,,3,0,2,7,255,1031,250,0,0
stim,101000,131121,0,131121,3328439.455,-0.797,-0.000,-0.002,-0.603,0,0,2908,0,3063,1999,2910,3005,60,1.429,1,2161,0,116.805,2.889,0.813,-115.938,14.188,-0.344,0.156,1.305,0.797,2.777,1.320,0.110,0.094,1.425,1.414,3,NULL,NULL,,3,0,2,7,255,1031,250,0,0
stim,101000,131121,0,131121,3328444.453,-0.798,-0.003,-0.006,-0.603,0,0,2911,0,3063,1879,2921,2995,60,1.429,1,2161,0,125.716,3.236,5.625,-125.063,11.500,-0.297,0.039,1.492,0.797,3.137,2.922,0.120,0.102,1.425,1.414,3,NULL,NULL,,3,0,2,7,255,1031,250,0,0
stim,101001,131122,0,131122,3328449.455,-0.798,-0.007,-0.010,-0.602,0,0,2900,0,3087,1749,2939,2985,60,1.429,1,2161,0,132.799,3.141,-16.188,-131.375,10.688,-0.199,-0.051,1.492,-0.168,3.137,4.742,0.132,0.112,1.425,1.414,3,NULL,NULL,,3,0,2,7,255,1031,250,0,0
stim,101001,131122,0,131122,3328454.454,-0.799,-0.012,-0.014,-0.601,0,0,2893,0,3091,1591,2957,2995,60,1.429,1,2161,0,143.607,2.451,-36.125,-137.063,23.063,-0.230,-0.137,1.395,-0.789,2.320,4.742,0.142,0.122,1.425,1.414,3,NULL,NULL,,3,0,2,7,255,1031,250,0,0
stim,101029,131150,0,131150,3328459.456,-0.800,-0.017,-0.018,-0.600,0,0,2888,0,3083,1402,2962,2980,60,1.429,1,2161,0,154.784,2.689,-43.625,-144.938,32.375,-0.207,-0.105,1.313,-1.359,2.320,3.809,0.152,0.134,1.425,1.414,3,NULL,NULL,,3,0,2,7,255,1031,250,0,0
stim,101029,131150,0,131150,3328464.453,-0.801,-0.022,-0.022,-0.598,0,0,2869,0,3097,1159,2983,2966,60,1.429,1,2161,0,161.157,2.895,-42.938,-151.438,34.563,-0.250,-0.176,1.133,-1.715,2.332,2.965,0.162,0.142,1.425,1.414,3,NULL,NULL,,3,0,2,7,255,1031,250,0,0
stim,101029,131150,0,131150,3328469.457,-0.801,-0.027,-0.027,-0.597,0,0,2847,0,3095,909,2985,2955,60,1.429,1,2161,0,166.311,3.374,-20.688,-160.875,36.750,-0.305,-0.219,1.133,-2.199,2.559,1.203,0.172,0.152,1.425,1.414,3,NULL,NULL,,3,0,2,7,255,1031,250,0,0
stim,101029,131150,0,131150,3328474.454,-0.802,-0.032,-0.032,-0.596,0,0,2825,0,3099,654,3000,2927,60,1.429,1,2161,0,172.526,3.915,-7.750,-170.063,28.000,-0.262,-0.207,1.191,-2.570,2.953,1.203,0.182,0.162,1.425,1.414,3,NULL,NULL,,3,0,2,7,255,1031,250,0,0
stim,101073,131194,0,131194,3328479.456,-0.803,-0.037,-0.038,-0.594,0,0,2791,0,3107,491,3005,2924,60,1.429,1,2161,0,182.678,3.977,-7.125,-178.750,37.000,-0.207,-0.227,1.238,-2.664,2.953,1.684,0.192,0.174,1.425,1.414,3,NULL,NULL,,3,0,2,7,255,1031,250,0,0
stim,101073,131194,0,131194,3328484.454,-0.804,-0.042,-0.045,-0.592,0,0,2736,0,3101,314,3027,2893,60,1.429,1,2161,0,191.883,3.804,-7.063,-186.563,44.313,-0.188,-0.160,1.262,-2.570,2.805,2.152,0.204,0.186,1.425,1.414,3,NULL,NULL,,3,0,2,7,255,1031,250,0,0
stim,101073,131194,0,131194,3328489.456,-0.805,-0.048,-0.051,-0.590,0,0,2707,0,3103,169,3035,2861,60,1.429,1,2161,0,198.695,3.452,-12.063,-193.625,42.938,-0.246,-0.102,1.242,-2.012,2.805,2.152,0.216,0.198,1.425,1.414,3,NULL,NULL,,3,0,2,7,255,1031,250,0,0
stim,101073,131194,0,131194,3328494.454,-0.805,-0.053,-0.058,-0.588,0,0,2655,0,3095,89,3031,2837,60,1.429,1,2161,0,207.875,4.074,-3.063,-204.125,39.188,-0.270,-0.047,1.242,-1.715,3.695,1.938,0.228,0.212,1.425,1.414,3,NULL,NULL,,3,0,2,7,255,1031,250,0,0
stim,101073,131194,0,131194,3328499.456,-0.806,-0.058,-0.065,-0.586,0,0,2600,0,3091,44,3036,2791,60,1.429,1,2161,0,215.967,4.442,10.313,-213.500,30.875,-0.230,0.082,1.258,-1.316,4.242,1.879,0.242,0.224,1.425,1.414,3,NULL,NULL,,3,0,2,7,255,1031,250,0,0
stim,101073,131194,0,131194,3328504.454,-0.806,-0.063,-0.074,-0.584,0,0,2523,0,3091,33,3035,2744,60,1.429,1,2161,0,224.004,4.502,24.000,-221.625,22.000,-0.129,0.250,1.375,-0.129,4.500,1.879,0.258,0.240,1.425,1.414,3,NULL,NULL,,3,0,2,7,255,1031,250,0,0
stim,101073,131194,0,131194,3328509.455,-0.806,-0.067,-0.083,-0.582,0,0,2441,0,3080,68,3039,2683,60,1.429,1,2161,0,232.015,4.799,53.688,-225.063,17.188,-0.090,0.367,1.766,1.637,4.512,3.066,0.276,0.256,1.425,1.414,3,NULL,NULL,,3,0,2,7,255,1031,250,0,0
stim,101073,131194,0,131194,3328514.453,-0.806,-0.071,-0.092,-0.580,0,0,2299,0,3067,73,3029,2617,60,1.429,1,2161,0,238.002,5.783,53.250,-230.813,23.125,-0.230,0.277,2.230,1.637,5.547,6.754,0.292,0.274,1.425,1.414,3,NULL,NULL,,3,0,2,7,255,1031,250,0,0
stim,101073,131194,0,131194,3328519.455,-0.806,-0.077,-0.101,-0.578,0,0,2183,0,3058,87,3029,2548,60,1.429,1,2161,0,251.746,7.957,14.000,-248.000,40.938,-0.535,0.172,2.559,0.996,7.895,10.824,0.308,0.290,1.425,1.414,3,NULL,NULL,,3,0,2,7,255,1031,250,0,0
stim,101073,131194,0,131194,3328524.454,-0.806,-0.085,-0.110,-0.575,0,0,1984,0,3025,87,3007,2439,60,1.429,1,2161,0,277.812,11.591,-29.813,-272.938,42.375,-0.875,0.215,2.813,-1.254,11.523,13.063,0.324,0.306,1.425,1.414,3,NULL,NULL,,3,0,2,7,255,1031,250,0,0
stim,101073,131194,0,131194,3328529.456,-0.805,-0.095,-0.119,-0.573,0,0,1827,0,2996,93,2999,2313,60,1.429,1,2161,0,316.466,15.952,-69.938,-307.688,24.250,-1.027,0.473,2.914,-1.254,15.902,14.180,0.344,0.326,1.425,1.414,3,NULL,NULL,,3,0,2,7,255,1031,250,0,0
stim,101073,131194,0,131194,3328534.454,-0.803,-0.107,-0.128,-0.572,0,0,1684,0,2973,107,2973,2165,60,1.429,1,2161,0,356.293,19.027,-101.688,-341.438,-5.000,-0.934,0.805,2.805,-0.355,19.023,14.180,0.372,0.354,1.425,1.414,3,NULL,NULL,,3,0,2,7,255,1031,250,0,0
stim,101107,131228,0,131228,3328539.455,-0.800,-0.121,-0.138,-0.571,0,0,1576,0,2933,111,2925,2037,60,1.429,1,2161,0,392.720,19.839,-113.688,-375.625,-14.500,-0.781,1.027,2.797,3.063,19.602,12.691,0.408,0.390,1.425,1.414,3,NULL,NULL,,3,0,2,7,255,1031,250,0,0
stim,101107,131228,0,131228,3328544.453,-0.797,-0.135,-0.149,-0.569,0,0,1452,0,2890,127,2875,1918,60,1.429,1,2161,0,424.623,20.449,-127.375,-405.063,2.125,-0.754,1.141,2.965,5.625,19.660,12.691,0.454,0.438,1.425,1.414,3,NULL,NULL,,3,0,2,7,255,1031,250,0,0
stim,101107,131228,0,131228,3328549.455,-0.794,-0.151,-0.160,-0.566,0,0,1315,0,2839,133,2803,1779,60,1.429,1,2161,0,453.088,21.952,-144.313,-429.313,12.375,-0.961,0.891,3.023,5.625,21.219,12.340,0.510,0.494,1.425,1.414,3,NULL,NULL,,3,0,2,7,255,1031,250,0,0
stim,101107,131228,0,131228,3328554.453,-0.790,-0.168,-0.172,-0.563,0,0,1208,0,2757,122,2713,1642,60,1.429,1,2161,0,484.618,23.657,-151.188,-460.375,7.188,-1.152,0.500,3.145,3.715,23.363,12.129,0.574,0.558,1.425,1.414,3,NULL,NULL,,3,0,2,7,255,1031,250,0,0
stim,101128,131249,0,131249,3328559.456,-0.785,-0.185,-0.185,-0.561,0,0,1052,0,2667,96,2599,1492,60,1.429,1,2161,0,511.326,25.249,-163.750,-484.188,-14.250,-1.199,0.605,3.168,0.371,25.246,11.691,0.646,0.632,1.425,1.414,3,NULL,NULL,,3,0,2,7,255,1031,250,0,0
stim,101128,131249,0,131249,3328564.454,-0.779,-0.203,-0.198,-0.559,0,0,871,0,2526,71,2421,1300,60,1.429,1,2161,0,526.581,26.839,-170.438,-495.625,-50.938,-1.070,0.746,3.094,0.371,26.836,10.391,0.728,0.714,1.425,1.414,3,NULL,NULL,,3,0,2,7,255,1031,250,0,0
stim,101128,131249,0,131249,3328569.457,-0.771,-0.221,-0.212,-0.558,0,0,701,0,2380,39,2207,1133,60,1.429,1,2161,0,537.867,26.853,-160.563,-508.625,-69.438,-0.883,0.547,3.203,0.957,26.836,9.961,0.820,0.808,1.425,1.414,3,NULL,NULL,,3,0,2,7,255,1031,250,0,0
stim,101128,131249,0,131249,3328574.454,-0.764,-0.239,-0.226,-0.555,0,0,520,0,2141,2,1929,958,60,1.429,1,2161,0,559.496,26.369,-178.438,-529.188,-34.000,-0.777,-0.016,3.070,0.957,26.352,9.047,0.924,0.912,1.425,1.414,3,NULL,NULL,,3,0,2,7,255,1031,250,0,0
stim,101128,131249,0,131249,3328579.455,-0.757,-0.260,-0.238,-0.550,0,0,327,0,1851,0,1586,839,60,1.429,1,2161,0,587.672,24.631,-216.125,-546.000,23.063,-0.691,-0.402,2.504,-3.875,24.324,9.047,1.038,1.026,1.425,1.414,3,NULL,NULL,,3,0,2,7,255,1031,250,0,0
stim,101128,131249,0,131249,3328584.454,-0.750,-0.280,-0.251,-0.544,0,0,243,0,1555,0,1116,685,60,1.429,1,2161,0,590.786,21.226,-195.563,-556.438,34.063,-0.695,-0.512,1.813,-6.887,20.078,4.766,1.158,1.148,1.425,1.414,3,NULL,NULL,,3,0,2,7,255,1031,250,0,0
stim,101178,131299,0,131299,3328589.455,-0.744,-0.298,-0.266,-0.535,0,0,138,0,1150,0,584,566,60,1.429,1,2161,0,587.843,17.299,-105.313,-575.688,55.250,-0.773,-0.422,1.480,-6.910,15.859,-0.941,1.284,1.274,1.425,1.414,3,NULL,NULL,,3,0,2,7,255,1031,250,0,0
stim,101178,131299,0,131299,3328594.454,-0.739,-0.313,-0.284,-0.524,0,0,106,0,744,0,85,488,60,1.429,1,2161,0,597.549,17.299,-1.625,-592.125,80.313,-0.875,-0.094,1.758,-6.910,15.859,-4.703,1.410,1.400,1.425,1.414,3,NULL,NULL,,3,0,2,7,255,1031,250,0,0
stim,101178,131299,0,131299,3328599.457,-0.735,-0.326,-0.303,-0.511,0,0,69,0,285,0,0,420,60,1.429,1,2161,0,614.492,18.640,51.000,-601.938,112.563,-1.254,0.234,2.125,-4.512,18.086,-5.043,1.536,1.526,1.425,1.414,3,NULL,NULL,,3,0,2,7,255,1031,250,0,0
stim,101178,131299,0,131299,3328604.453,-0.730,-0.342,-0.319,-0.498,0,0,23,0,0,0,0,376,60,1.429,1,2161,0,598.336,24.121,-24.813,-585.500,120.750,-1.238,0.805,2.047,-3.215,23.906,-7.324,1.656,1.644,1.425,1.414,3,NULL,NULL,,3,0,2,7,255,1031,250,0,0
stim,101178,131299,0,131299,3328609.455,-0.722,-0.358,-0.332,-0.490,0,0,29,0,0,0,0,356,60,1.429,1,2161,0,550.309,23.979,-116.813,-535.125,53.250,-0.813,1.375,1.836,1.863,23.906,-9.906,1.770,1.758,1.425,1.414,4,NULL,NULL,,3,0,2,7,255,1031,250,0,0
stim,101178,131299,0,131299,3328614.454,-0.714,-0.375,-0.341,-0.483,0,0,27,0,0,0,0,229,60,1.429,1,2161,0,515.556,23.750,-196.875,-471.875,66.125,-0.605,1.590,1.621,8.523,22.168,-9.969,1.878,1.866,1.425,1.414,0,NULL,NULL,,3,0,2,7,255,1031,250,0,0
stim,101178,131299,0,131299,3328619.456,-0.707,-0.397,-0.341,-0.475,0,0,30,0,0,0,0,181,60,1.429,1,2161,0,557.997,21.901,-365.188,-373.313,196.563,-0.902,1.395,1.168,9.184,19.883,-10.695,1.988,1.976,1.425,1.414,0,NULL,NULL,,3,0,2,7,255,1031,250,0,0
stim,101178,131299,0,131299,3328624.454,-0.699,-0.420,-0.335,-0.472,0,0,27,0,0,0,0,148,60,1.429,1,2161,0,563.957,20.071,-468.188,-236.750,206.875,-0.809,1.750,-0.082,11.395,16.523,-15.773,2.108,2.094,1.425,1.414,0,NULL,NULL,,3,0,2,7,255,1031,250,0,0
stim,101178,131299,0,131299,3328629.457,-0.694,-0.432,-0.331,-0.471,0,0,29,0,0,0,0,136,60,1.429,1,2161,0,316.340,10.551,-280.563,-123.063,78.813,-0.641,0.773,-0.594,9.184,5.195,-19.852,2.234,2.220,1.425,1.414,0,NULL,NULL,,3,0,2,7,255,1031,250,0,0
stim,101178,131299,0,131299,3328634.454,-0.694,-0.432,-0.332,-0.470,0,0,24,0,0,0,0,137,60,1.429,1,2161,0,29.057,7.259,21.063,-19.875,-2.375,-0.801,-0.758,0.480,5.070,5.195,-19.852,2.358,2.346,1.425,1.414,0,NULL,NULL,,3,0,2,7,255,1031,250,0,0
stim,101200,131321,0,131321,3328639.455,-0.696,-0.429,-0.332,-0.471,0,0,23,0,0,0,0,105,60,1.429,1,2161,0,70.416,11.516,40.375,57.688,-0.688,-1.164,-1.129,1.887,-9.855,5.957,-12.523,2.472,2.460,1.425,1.414,0,NULL,NULL,,3,0,2,7,255,1031,250,0,0
stim,101200,131321,0,131321,3328644.454,-0.696,-0.430,-0.325,-0.475,0,0,31,0,0,0,0,101,60,1.429,1,2161,0,182.175,21.696,-123.250,133.375,14.438,-1.285,-0.348,1.773,-9.855,19.328,-12.477,2.564,2.552,1.425,1.414,0,NULL,NULL,,3,0,2,7,255,1031,250,0,0
stim,101200,131321,0,131321,3328649.455,-0.695,-0.433,-0.314,-0.481,0,0,24,0,0,0,0,83,60,1.429,1,2161,0,290.708,20.839,-213.813,194.938,28.188,-1.262,0.957,0.691,-7.789,19.328,-12.477,2.632,2.620,1.425,1.414,0,NULL,NULL,,3,0,2,7,255,1031,250,0,0
stim,101200,131321,0,131321,3328654.453,-0.696,-0.433,-0.303,-0.486,0,0,25,0,0,0,0,55,60,1.429,1,2161,0,272.767,13.105,-151.875,223.375,37.938,-1.258,1.652,0.129,4.582,12.277,-20.457,2.680,2.670,1.425,1.414,0,NULL,NULL,,3,0,2,7,255,1031,250,0,0
stim,101225,131346,0,131346,3328659.457,-0.698,-0.430,-0.295,-0.491,0,0,27,0,0,0,0,61,60,1.429,1,2161,0,238.187,12.448,-52.688,230.813,26.125,-1.301,1.297,0.332,7.574,9.879,-23.141,2.728,2.718,1.425,1.414,0,NULL,NULL,,3,0,2,7,255,1031,250,0,0
stim,101225,131346,0,131346,3328664.453,-0.700,-0.426,-0.287,-0.495,0,0,23,0,0,0,0,73,60,1.429,1,2161,0,238.695,12.448,-32.188,236.438,6.063,-1.223,0.379,0.762,7.574,9.879,-23.141,2.786,2.776,1.425,1.414,0,NULL,NULL,,3,0,2,7,255,1031,250,0,0
stim,101225,131346,0,131346,3328669.455,-0.702,-0.423,-0.278,-0.501,0,0,22,0,0,0,0,72,60,1.429,1,2161,0,256.478,10.346,-81.688,243.063,5.375,-1.031,-0.105,0.672,-0.344,10.340,-17.438,2.852,2.840,1.425,1.414,0,NULL,NULL,,3,0,2,7,255,1031,250,0,0
stim,101225,131346,0,131346,3328674.454,-0.703,-0.421,-0.267,-0.507,0,0,23,0,0,0,0,69,60,1.429,1,2161,0,273.108,10.581,-112.188,248.125,20.875,-0.863,0.070,0.117,-2.246,10.340,-16.270,2.914,2.904,1.425,1.414,0,NULL,NULL,,3,0,2,7,255,1031,250,0,0
stim,101271,131392,0,131392,3328679.455,-0.705,-0.419,-0.257,-0.511,0,0,19,0,0,0,0,67,60,1.429,1,2161,0,266.183,5.596,-80.188,250.938,38.125,-0.773,0.430,-0.336,-2.246,5.125,-16.270,2.972,2.960,1.425,1.414,0,NULL,NULL,,3,0,2,7,255,1031,250,0,0
stim,101271,131392,0,131392,3328684.453,-0.708,-0.414,-0.249,-0.515,0,0,18,0,0,0,0,63,60,1.429,1,2161,0,258.414,1.651,-18.250,254.125,43.188,-0.766,0.547,-0.395,0.914,1.375,-18.938,3.026,3.014,1.425,1.414,0,NULL,NULL,,3,0,2,7,255,1031,250,0,0
stim,101271,131392,0,131392,3328689.455,-0.712,-0.407,-0.240,-0.518,0,0,20,0,0,0,0,60,60,1.429,1,2161,0,265.646,1.731,27.500,261.250,39.500,-0.703,0.410,-0.199,1.051,1.375,-18.938,3.078,3.066,1.425,1.414,0,NULL,NULL,,3,0,2,7,255,1031,250,0,0
stim,101271,131392,0,131392,3328694.454,-0.717,-0.400,-0.232,-0.522,0,0,18,0,0,0,0,57,60,1.429,1,2161,0,277.253,2.694,43.625,270.750,40.750,-0.629,0.250,-0.031,1.051,2.480,-17.551,3.126,3.114,1.425,1.414,0,NULL,NULL,,3,0,2,7,255,1031,250,0,0
stim,101271,131392,0,131392,3328699.456,-0.721,-0.393,-0.224,-0.525,0,0,21,0,0,0,0,57,60,1.429,1,2161,0,289.853,3.426,53.813,280.313,50.438,-0.590,0.207,-0.008,0.008,3.426,-15.473,3.166,3.154,1.425,1.414,0,NULL,NULL,,3,0,2,7,255,1031,250,0,0
stim,101271,131392,0,131392,3328704.454,-0.726,-0.384,-0.216,-0.528,0,0,20,0,0,0,0,55,60,1.429,1,2161,0,301.107,3.473,71.750,288.063,50.375,-0.688,0.289,0.074,0.008,3.473,-15.199,3.194,3.182,1.425,1.414,0,NULL,NULL,,3,0,2,7,255,1031,250,0,0
stim,101271,131392,0,131392,3328709.455,-0.731,-0.374,-0.208,-0.531,0,0,21,0,0,0,0,55,60,1.429,1,2161,0,312.088,4.915,92.375,295.688,37.875,-0.664,0.297,0.184,0.289,4.906,-14.805,3.216,3.204,1.425,1.414,0,NULL,NULL,,3,0,2,7,255,1031,250,0,0
stim,101271,131392,0,131392,3328714.453,-0.736,-0.364,-0.200,-0.534,0,0,22,0,0,0,0,52,60,1.429,1,2161,0,325.709,5.773,105.500,306.438,32.438,-0.547,0.266,0.375,0.555,5.746,-14.250,3.232,3.220,1.425,1.414,0,NULL,NULL,,3,0,2,7,255,1031,250,0,0
stim,101295,131416,0,131416,3328719.455,-0.741,-0.353,-0.192,-0.537,0,0,20,0,0,0,0,50,60,1.429,1,2161,0,336.272,6.590,109.438,315.688,38.000,-0.543,0.273,0.531,0.906,6.527,-11.996,3.250,3.238,1.425,1.414,0,NULL,NULL,,3,0,2,7,255,1031,250,0,0
stim,101295,131416,0,131416,3328724.454,-0.746,-0.342,-0.184,-0.540,0,0,16,0,0,0,0,48,60,1.429,1,2161,0,346.700,7.758,111.063,326.000,39.875,-0.512,0.227,0.605,0.949,7.699,-10.793,3.270,3.258,1.425,1.414,0,NULL,NULL,,3,0,2,7,255,1031,250,0,0
stim,101295,131416,0,131416,3328729.456,-0.751,-0.331,-0.175,-0.543,0,0,13,0,0,0,0,51,60,1.429,1,2161,0,357.428,8.050,116.063,335.625,40.500,-0.563,0.277,0.754,1.191,7.961,-9.684,3.292,3.280,1.425,1.414,0,NULL,NULL,,3,0,2,7,255,1031,250,0,0
stim,101295,131416,0,131416,3328734.454,-0.756,-0.319,-0.166,-0.547,0,0,16,0,0,0,0,51,60,1.429,1,2161,0,364.355,9.487,112.313,345.688,25.313,-0.598,0.324,0.910,1.453,9.375,-8.895,3.318,3.306,1.425,1.414,0,NULL,NULL,,3,0,2,7,255,1031,250,0,0
stim,101295,131416,0,131416,3328739.455,-0.760,-0.307,-0.157,-0.551,0,0,11,0,0,0,0,51,60,1.429,1,2161,0,370.622,10.294,105.313,355.188,10.563,-0.496,0.262,0.965,1.859,10.125,-7.805,3.348,3.336,1.425,1.414,0,NULL,NULL,,3,0,2,7,255,1031,250,0,0
stim,101295,131416,0,131416,3328744.453,-0.764,-0.295,-0.147,-0.555,0,0,11,0,0,0,0,51,60,1.429,1,2161,0,378.836,10.315,102.250,364.688,8.063,-0.434,0.270,1.020,1.969,10.125,-6.316,3.382,3.370,1.425,1.414,0,NULL,NULL,,3,0,2,7,255,1031,250,0,0
stim,101314,131435,0,131435,3328749.455,-0.767,-0.283,-0.137,-0.560,0,0,12,0,0,0,0,51,60,1.429,1,2161,0,386.754,10.369,94.125,375.125,0.250,-0.449,0.316,1.113,2.238,10.125,-5.242,3.418,3.406,1.425,1.414,0,NULL,NULL,,3,0,2,7,255,1031,250,0,0
stim,101314,131435,0,131435,3328754.454,-0.770,-0.270,-0.127,-0.565,0,0,8,0,0,0,0,51,60,1.429,1,2161,0,393.312,10.148,85.563,383.813,-7.813,-0.371,0.230,1.066,2.270,9.891,-4.410,3.458,3.446,1.425,1.414,0,NULL,NULL,,3,0,2,7,255,1031,250,0,0
stim,101314,131435,0,131435,3328759.458,-0.772,-0.257,-0.116,-0.569,0,0,9,0,0,0,0,51,60,1.429,1,2161,0,401.028,9.498,86.000,391.563,-10.313,-0.363,0.211,1.090,2.270,9.223,-3.801,3.498,3.486,1.425,1.414,0,NULL,NULL,,3,0,2,7,255,1031,250,0,0
stim,101314,131435,0,131435,3328764.453,-0.774,-0.245,-0.105,-0.574,0,0,6,0,0,0,0,53,60,1.429,1,2161,0,407.038,9.261,83.438,398.063,-16.250,-0.355,0.188,1.074,2.215,8.992,-3.180,3.540,3.528,1.425,1.414,0,NULL,NULL,,3,0,2,7,255,1031,250,0,0
stim,101336,131457,0,131457,3328769.456,-0.776,-0.231,-0.094,-0.579,0,0,6,0,0,0,0,51,60,1.429,1,2161,0,411.614,8.822,87.063,401.625,-23.313,-0.352,0.195,1.066,2.215,8.539,-2.914,3.584,3.572,1.425,1.414,0,NULL,NULL,,3,0,2,7,255,1031,250,0,0
stim,101336,131457,0,131457,3328774.454,-0.778,-0.218,-0.083,-0.584,0,0,1,0,0,0,0,52,60,1.429,1,2161,0,414.895,8.494,102.250,401.625,-19.500,-0.184,0.125,0.980,2.070,8.238,-2.688,3.628,3.618,1.425,1.414,0,NULL,NULL,,3,0,2,7,255,1031,250,0,0
stim,101379,131500,0,131500,3328779.457,-0.779,-0.203,-0.073,-0.588,0,0,0,0,0,0,0,51,60,1.429,1,2161,0,416.848,6.427,117.500,399.813,-10.313,-0.117,0.230,1.074,2.242,6.023,-2.352,3.674,3.662,1.425,1.414,0,NULL,NULL,,3,0,2,7,255,1031,250,0,0
stim,101379,131500,0,131500,3328784.454,-0.781,-0.189,-0.063,-0.592,0,0,0,0,0,0,0,48,60,1.429,1,2161,0,415.242,6.413,121.250,397.063,-8.125,0.016,0.145,1.047,2.887,5.727,-1.336,3.716,3.704,1.425,1.414,0,NULL,NULL,,3,0,2,7,255,1031,250,0,0
stim,101379,131500,0,131500,3328789.457,-0.783,-0.174,-0.053,-0.595,0,0,0,0,0,0,0,53,60,1.429,1,2161,0,411.238,4.920,134.813,388.500,3.188,0.027,0.141,1.059,2.887,3.984,-0.746,3.756,3.746,1.425,1.414,0,NULL,NULL,,3,0,2,7,255,1031,250,0,0
stim,101379,131500,0,131500,3328794.454,-0.785,-0.159,-0.044,-0.597,0,0,0,0,0,0,0,51,60,1.429,1,2161,0,410.298,4.579,157.438,378.500,17.188,0.137,0.180,1.098,2.887,3.555,-0.438,3.796,3.784,1.425,1.414,0,NULL,NULL,,3,0,2,7,255,1031,250,0,0
stim,101379,131500,0,131500,3328799.455,-0.788,-0.143,-0.036,-0.598,0,0,1,0,0,0,0,60,60,1.429,1,2161,0,411.256,4.430,179.813,367.563,41.188,0.125,0.207,1.234,3.586,2.602,0.234,3.832,3.822,1.425,1.414,0,NULL,NULL,,3,0,2,7,255,1031,250,0,0
stim,101379,131500,0,131500,3328804.454,-0.791,-0.127,-0.028,-0.598,0,0,0,0,0,0,0,72,60,1.429,1,2161,0,414.421,4.603,198.250,358.063,65.063,0.059,0.199,1.387,3.797,2.602,1.539,3.868,3.856,1.425,1.414,0,NULL,NULL,,3,0,2,7,255,1031,250,0,0
stim,101379,131500,0,131500,3328809.455,-0.794,-0.111,-0.021,-0.598,0,0,5,0,0,0,0,71,60,1.429,1,2161,0,414.200,5.040,209.938,350.125,70.000,-0.070,0.262,1.559,3.930,3.156,2.984,3.900,3.888,1.425,1.414,0,NULL,NULL,,3,0,2,7,255,1031,250,0,0
stim,101379,131500,0,131500,3328814.453,-0.796,-0.094,-0.015,-0.597,0,0,6,0,0,0,0,69,60,1.429,1,2161,0,413.278,6.062,218.500,344.625,65.500,-0.086,0.258,1.762,4.121,4.445,4.434,3.928,3.918,1.425,1.414,0,NULL,NULL,,3,0,2,7,255,1031,250,0,0
stim,101379,131500,0,131500,3328819.455,-0.799,-0.078,-0.008,-0.596,0,0,6,0,0,0,0,63,60,1.429,1,2161,0,411.313,6.062,220.313,340.563,68.250,-0.109,0.254,1.984,4.121,4.445,6.551,3.952,3.942,1.425,1.414,0,NULL,NULL,,3,0,2,7,255,1031,250,0,0
stim,101379,131500,0,131500,3328824.454,-0.801,-0.062,-0.002,-0.595,0,0,7,1,0,0,0,57,60,1.429,1,2161,0,403.635,6.046,209.250,337.500,72.313,-0.191,0.273,2.195,4.098,4.445,8.863,3.974,3.962,1.425,1.414,0,NULL,NULL,,3,0,2,7,255,1031,250,0,0
stim,101379,131500,0,131500,3328829.455,-0.803,-0.046,0.005,-0.594,0,0,12,0,0,0,0,56,60,1.429,1,2161,0,390.169,6.311,188.125,334.563,70.063,-0.277,0.281,2.324,4.078,4.816,10.988,3.992,3.982,1.425,1.414,0,NULL,NULL,,3,0,2,7,255,1031,250,0,0
stim,101379,131500,0,131500,3328834.454,-0.805,-0.032,0.013,-0.593,0,0,11,0,0,0,0,55,60,1.429,1,2161,0,374.978,6.162,165.500,331.188,59.438,-0.309,0.234,2.352,3.844,4.816,12.383,4.012,4.002,1.425,1.414,0,NULL,NULL,,3,0,2,7,255,1031,250,0,0
stim,101406,131527,0,131527,3328839.455,-0.805,-0.018,0.020,-0.592,0,0,8,0,0,0,0,53,60,1.429,1,2161,0,364.244,5.558,151.438,327.938,46.875,-0.270,0.121,2.305,3.234,4.520,12.648,4.034,4.022,1.425,1.414,0,NULL,NULL,,3,0,2,7,255,1031,250,0,0
stim,101406,131527,0,131527,3328844.453,-0.806,-0.004,0.028,-0.591,0,0,9,0,0,0,0,57,60,1.429,1,2161,0,358.679,3.776,146.313,325.188,38.688,-0.227,-0.063,2.238,2.148,3.105,12.648,4.056,4.046,1.425,1.414,0,NULL,NULL,,3,0,2,7,255,1031,250,0,0
stim,101406,131527,0,131527,3328849.456,-0.806,0.010,0.036,-0.591,0,0,11,0,0,0,0,56,60,1.429,1,2161,0,356.054,1.541,146.125,323.000,33.063,-0.219,-0.195,2.152,0.414,1.484,12.203,4.080,4.068,1.425,1.414,0,NULL,NULL,,3,0,2,7,255,1031,250,0,0
stim,101406,131527,0,131527,3328854.454,-0.806,0.023,0.043,-0.590,0,0,11,0,0,0,0,55,60,1.429,1,2161,0,356.383,1.006,153.125,321.000,22.813,-0.199,-0.242,2.020,-0.941,0.355,11.453,4.102,4.092,1.425,1.414,0,NULL,NULL,,3,0,2,7,255,1031,250,0,0
stim,101426,131547,0,131547,3328859.455,-0.805,0.037,0.050,-0.590,0,0,11,0,0,0,0,58,60,1.429,1,2161,0,363.568,1.571,175.563,318.250,8.750,-0.141,-0.316,1.926,-1.488,-0.504,10.172,4.124,4.112,1.425,1.414,0,NULL,NULL,,3,0,2,7,255,1031,250,0,0
stim,101426,131547,0,131547,3328864.454,-0.803,0.053,0.056,-0.591,0,0,16,0,0,0,0,57,60,1.429,1,2161,0,377.827,2.850,209.375,314.500,-2.188,-0.012,-0.457,1.957,-2.203,-1.809,9.238,4.142,4.132,1.425,1.414,0,NULL,NULL,,3,0,2,7,255,1031,250,0,0
stim,101426,131547,0,131547,3328869.457,-0.801,0.069,0.060,-0.591,0,0,19,0,0,0,0,69,60,1.429,1,2161,0,393.138,5.179,243.125,308.750,-11.000,0.129,-0.477,2.094,-3.242,-4.039,9.238,4.158,4.146,1.425,1.414,0,NULL,NULL,,3,0,2,7,255,1031,250,0,0
stim,101426,131547,0,131547,3328874.454,-0.799,0.086,0.064,-0.592,0,0,12,0,0,0,0,71,60,1.429,1,2161,0,406.515,6.979,268.188,304.688,-22.250,0.375,-0.441,2.289,-3.242,-6.180,10.113,4.168,4.158,1.425,1.414,0,NULL,NULL,,3,0,2,7,255,1031,250,0,0
stim,101426,131547,0,131547,3328879.455,-0.796,0.104,0.067,-0.593,0,0,21,0,0,0,0,69,60,1.429,1,2161,0,416.295,9.662,287.438,299.875,-27.500,0.633,-0.359,2.445,-2.473,-9.340,11.250,4.174,4.164,1.425,1.414,0,NULL,NULL,,3,0,2,7,255,1031,250,0,0
stim,101426,131547,0,131547,3328884.454,-0.793,0.122,0.070,-0.593,0,0,21,0,0,0,0,71,60,1.429,1,2161,0,427.310,12.595,308.125,295.000,-25.063,0.910,-0.355,2.582,-1.344,-12.523,11.863,4.172,4.160,1.425,1.414,0,NULL,NULL,,3,0,2,7,255,1031,250,0,0
stim,101478,131599,0,131599,3328889.455,-0.789,0.140,0.071,-0.594,0,0,17,0,0,0,0,73,60,1.429,1,2161,0,430.536,16.062,318.563,288.875,-20.750,1.063,-0.281,2.820,-0.992,-16.031,12.031,4.160,4.148,1.425,1.414,0,NULL,NULL,,3,0,2,7,255,1031,250,0,0
stim,101478,131599,0,131599,3328894.454,-0.785,0.158,0.073,-0.594,0,0,19,0,0,0,0,72,60,1.429,1,2161,0,423.362,18.630,313.813,283.250,-22.938,1.258,-0.191,2.965,-0.426,-18.625,13.367,4.136,4.124,1.425,1.414,0,NULL,NULL,,3,0,2,7,255,1031,250,0,0
stim,101478,131599,0,131599,3328899.456,-0.781,0.176,0.075,-0.594,0,0,21,0,0,0,0,77,60,1.429,1,2161,0,412.399,21.307,302.813,278.625,-27.313,1.449,-0.141,3.055,0.344,-21.305,13.367,4.100,4.088,1.425,1.414,0,NULL,NULL,,3,0,2,7,255,1031,250,0,0
stim,101478,131599,0,131599,3328904.453,-0.777,0.192,0.077,-0.594,0,0,19,0,0,0,0,75,60,1.429,1,2161,0,397.845,23.927,288.125,272.938,-27.750,1.598,-0.113,3.156,0.777,-23.914,13.230,4.052,4.038,1.425,1.414,0,NULL,NULL,,3,0,2,7,255,1031,250,0,0
stim,101478,131599,0,131599,3328909.455,-0.773,0.208,0.080,-0.594,0,0,18,0,0,0,0,77,60,1.429,1,2161,0,377.166,26.224,266.313,265.563,-28.438,1.754,-0.023,3.289,0.820,-26.211,13.020,3.992,3.978,1.425,1.414,0,NULL,NULL,,3,0,2,7,255,1031,250,0,0
stim,101478,131599,0,131599,3328914.454,-0.769,0.222,0.083,-0.594,0,0,12,0,0,0,0,94,60,1.429,1,2161,0,346.980,28.608,225.375,260.875,-39.313,2.016,0.082,3.305,1.477,-28.570,12.992,3.918,3.904,1.425,1.414,0,NULL,NULL,,3,0,2,7,255,1031,250,0,0
stim,101478,131599,0,131599,3328919.457,-0.765,0.235,0.087,-0.594,0,0,10,0,0,0,0,121,60,1.429,1,2161,0,312.333,31.355,176.688,254.438,-39.938,2.285,-0.043,3.117,2.258,-31.273,11.598,3.834,3.820,1.425,1.414,0,NULL,NULL,,3,0,2,7,255,1031,250,0,0
stim,101478,131599,0,131599,3328924.454,-0.761,0.245,0.092,-0.593,0,0,10,0,0,0,0,151,60,1.429,1,2161,0,281.045,33.634,138.625,243.125,-25.688,2.523,-0.242,2.852,2.258,-33.559,7.813,3.738,3.724,1.425,1.414,0,NULL,NULL,,3,0,2,7,255,1031,250,0,0
stim,101478,131599,0,131599,3328929.457,-0.759,0.255,0.097,-0.592,0,0,9,0,0,0,0,176,60,1.429,1,2161,0,253.324,35.110,102.375,231.250,-14.688,2.688,-0.441,2.441,1.191,-35.090,3.281,3.628,3.614,1.425,1.414,0,NULL,NULL,,3,0,2,7,255,1031,250,0,0
stim,101478,131599,0,131599,3328934.454,-0.757,0.263,0.102,-0.590,0,0,11,0,0,0,0,205,60,1.429,1,2161,0,233.207,35.091,86.438,216.438,-8.313,2.836,-0.605,2.004,0.262,-35.090,-2.156,3.506,3.490,1.425,1.414,0,NULL,NULL,,3,0,2,7,255,1031,250,0,0
stim,101500,131621,0,131621,3328939.455,-0.754,0.271,0.107,-0.588,0,0,13,0,0,0,0,245,60,1.429,1,2161,0,217.779,34.545,91.188,197.750,-2.750,2.969,-0.801,1.633,-0.332,-34.543,-7.574,3.368,3.352,1.425,1.414,0,NULL,NULL,,3,0,2,7,255,1031,250,0,0
stim,101500,131621,0,131621,3328944.453,-0.752,0.279,0.109,-0.587,0,0,11,0,0,0,0,260,60,1.429,1,2161,0,205.622,34.104,110.875,172.938,8.938,3.082,-1.039,1.379,-1.316,-34.078,-12.398,3.216,3.202,1.425,1.414,0,NULL,NULL,,3,0,2,7,255,1031,250,0,0
stim,101500,131621,0,131621,3328949.455,-0.750,0.287,0.110,-0.585,0,0,12,0,0,0,0,279,60,1.429,1,2161,0,201.643,34.198,139.500,143.813,22.750,3.188,-1.266,1.270,-2.859,-34.078,-16.223,3.052,3.040,1.425,1.414,0,NULL,NULL,,3,0,2,7,255,1031,250,0,0
stim,101500,131621,0,131621,3328954.453,-0.748,0.296,0.110,-0.584,0,0,9,0,0,0,0,304,60,1.429,1,2161,0,203.192,34.805,164.813,115.438,28.250,3.297,-1.453,1.258,-4.480,-34.516,-18.777,2.882,2.870,1.425,1.414,0,NULL,NULL,,3,0,2,7,255,1031,250,0,0
stim,101527,131648,0,131648,3328959.457,-0.746,0.304,0.108,-0.582,0,0,12,0,0,0,0,315,60,1.429,1,2161,0,206.121,35.969,184.125,88.375,27.813,3.406,-1.598,1.281,-5.863,-35.488,-20.457,2.704,2.692,1.425,1.414,0,NULL,NULL,,3,0,2,7,255,1031,250,0,0
stim,101527,131648,0,131648,3328964.454,-0.744,0.313,0.104,-0.582,0,0,7,0,0,0,0,316,60,1.429,1,2161,0,218.570,37.184,207.813,60.563,30.313,3.453,-1.676,1.387,-6.918,-36.535,-21.734,2.524,2.512,1.425,1.414,0,NULL,NULL,,3,0,2,7,255,1031,250,0,0
stim,101527,131648,0,131648,3328969.455,-0.741,0.322,0.098,-0.581,0,0,9,0,0,0,0,319,60,1.429,1,2161,0,245.553,38.106,240.625,31.313,37.625,3.387,-1.492,1.691,-6.918,-37.473,-21.734,2.336,2.326,1.425,1.414,0,NULL,NULL,,3,0,2,7,255,1031,250,0,0
stim,101527,131648,0,131648,3328974.454,-0.739,0.330,0.091,-0.581,0,0,6,0,0,0,0,325,60,1.429,1,2161,0,264.483,38.901,260.875,-1.813,43.500,3.156,-1.109,2.266,-6.852,-38.293,-19.043,2.146,2.136,1.425,1.414,0,NULL,NULL,,3,0,2,7,255,1031,250,0,0
stim,101576,131697,0,131697,3328979.456,-0.736,0.337,0.084,-0.582,0,0,7,0,0,0,0,332,60,1.429,1,2161,0,228.272,39.382,225.875,-32.563,5.313,2.754,-0.965,2.773,-6.852,-38.781,-12.516,1.952,1.942,1.425,1.414,0,NULL,NULL,,3,0,2,7,255,1031,250,0,0
stim,101576,131697,0,131697,3328984.454,-0.732,0.340,0.079,-0.585,0,0,0,0,0,0,0,375,60,1.429,1,2161,0,170.504,39.163,147.250,-58.750,-62.750,2.430,-0.297,3.098,-5.453,-38.781,-6.309,1.750,1.742,1.425,1.414,0,NULL,NULL,,3,0,2,7,255,1031,250,0,0
stim,101576,131697,0,131697,3328989.455,-0.729,0.341,0.072,-0.588,88,0,0,357,0,41,0,538,60,1.429,1,2161,0,194.654,39.404,151.000,-118.563,-32.125,2.031,-0.969,3.965,-6.980,-38.781,0.172,1.548,1.538,1.425,1.414,0,NULL,NULL,,3,0,2,7,255,1031,250,0,0
stim,101576,131697,0,131697,3328994.454,-0.731,0.352,0.043,-0.583,903,0,0,1175,0,184,0,598,60,1.429,1,2161,0,730.017,41.792,551.375,-318.250,357.250,2.484,0.762,9.078,-13.293,-39.621,6.281,1.344,1.334,1.425,1.414,0,NULL,NULL,,3,0,2,7,255,1031,250,0,0
stim,101576,131697,0,131697,3328999.456,-0.749,0.332,0.046,-0.571,1523,0,0,1701,0,487,0,653,60,1.429,1,2161,0,673.269,41.792,-530.375,-160.125,382.563,0.363,0.938,6.340,-13.293,-39.621,41.520,1.140,1.130,1.425,1.414,0,NULL,NULL,,3,0,2,7,255,1031,250,0,0
stim,101576,131697,1,131697,3329004.453,-0.778,0.288,0.061,-0.555,2039,0,0,1955,0,787,0,714,60,1.429,1,2161,0,1313.027,36.548,-1197.313,-230.500,487.188,-0.207,3.965,0.602,-8.211,-35.613,41.520,0.930,0.920,1.425,1.414,0,NULL,NULL,,3,1,2,7,255,1031,250,0,0
stim,101576,131697,1,131697,3329009.455,-0.799,0.255,0.071,-0.541,2325,0,0,2137,0,1005,0,783,60,1.429,1,2162,0,979.743,24.666,-874.688,-192.125,397.375,-1.867,3.160,-2.215,23.422,7.734,9.727,0.714,0.704,1.425,1.414,1,1002.000,-29.000,,3,1,2,7,255,1031,250,0,0
stim,101576,131697,1,131697,3329014.454,-0.808,0.239,0.073,-0.534,2508,0,0,2278,0,1227,0,856,60,1.429,1,2162,0,437.461,41.393,-370.938,-133.313,189.750,-2.508,1.145,-2.273,23.422,34.129,-12.207,0.504,0.492,1.425,1.414,1,NULL,NULL,,3,1,2,7,255,1031,250,0,0
stim,101576,131697,1,131697,3329019.455,-0.808,0.235,0.068,-0.536,2679,0,0,2521,0,1341,0,923,60,1.429,1,2162,0,159.792,34.196,-8.438,-159.563,1.438,-1.379,0.055,0.215,2.145,34.129,-12.207,0.340,0.330,1.425,1.414,1,NULL,NULL,,3,1,2,7,255,1031,250,0,0
stim,101576,131697,1,131697,3329024.454,-0.808,0.235,0.062,-0.536,2827,0,0,2700,0,1400,0,1015,60,1.429,1,2162,0,138.913,10.671,66.938,-119.875,21.125,-0.199,1.539,1.477,2.145,10.453,-2.918,0.260,0.264,1.425,1.414,2,NULL,NULL,,3,1,2,7,255,1031,250,0,0
stim,101576,131697,1,131697,3329029.455,-0.816,0.228,0.055,-0.528,2910,0,0,2823,0,1450,0,1171,60,1.429,1,2162,0,333.632,5.145,-95.875,-193.750,254.125,-0.777,1.090,1.680,4.066,3.152,8.082,0.266,0.286,1.425,1.414,2,NULL,NULL,,3,1,2,7,255,1031,250,0,0
stim,101576,131697,1,131697,3329034.455,-0.824,0.214,0.052,-0.522,2971,0,0,2909,0,1505,0,1301,60,1.429,1,2162,0,390.838,5.145,-270.625,-202.188,196.563,-2.047,-0.016,0.918,4.066,3.152,8.082,0.310,0.340,1.425,1.414,2,NULL,NULL,,3,1,2,7,255,1031,250,0,0
stim,101607,131728,1,131728,3329039.454,-0.827,0.200,0.050,-0.523,3012,0,0,2973,0,1554,0,1407,60,1.429,1,2162,0,342.554,16.650,-261.125,-221.500,9.750,-2.066,-0.613,0.246,-10.230,13.137,4.582,0.362,0.396,1.425,1.414,2,NULL,NULL,,3,1,2,7,255,1031,250,0,0
stim,101607,131728,1,131728,3329044.455,-0.825,0.189,0.047,-0.531,3043,0,0,3029,0,1599,0,1517,60,1.429,1,2162,0,311.221,16.975,-146.938,-213.688,-172.063,-0.957,-0.695,0.512,-10.750,13.137,-3.180,0.412,0.450,1.425,1.414,2,NULL,NULL,,3,1,2,7,255,1031,250,0,0
stim,101607,131728,1,131728,3329049.454,-0.820,0.181,0.043,-0.541,3064,0,0,3079,0,1674,0,1620,60,1.429,1,2162,0,320.027,11.362,-71.563,-198.938,-240.250,0.520,-0.797,1.074,-10.750,3.680,-3.180,0.450,0.490,1.425,1.414,2,NULL,NULL,,3,1,2,7,255,1031,250,0,0
stim,101607,131728,1,131728,3329054.455,-0.818,0.175,0.039,-0.547,3087,0,0,3115,0,1746,0,1671,60,1.429,1,2162,0,230.963,12.965,-57.813,-171.125,-143.938,1.613,-1.324,1.566,-7.148,-10.816,-3.023,0.472,0.508,1.425,1.414,2,NULL,NULL,,3,1,2,7,255,1031,250,0,0
stim,101607,131728,1,131728,3329059.455,-0.819,0.168,0.036,-0.547,3099,0,0,3143,0,1823,26,1695,60,1.429,1,2162,0,182.185,24.518,-104.500,-147.500,22.688,1.742,-2.074,1.914,-7.148,-23.453,-2.164,0.486,0.516,1.425,1.414,2,NULL,NULL,,3,1,2,7,255,1031,250,0,0
stim,101607,131728,1,131728,3329064.455,-0.825,0.159,0.034,-0.541,3113,0,0,3171,0,1893,157,1695,60,1.429,1,2162,0,286.888,27.120,-164.875,-137.313,190.438,1.051,-2.012,1.488,-13.617,-23.453,-2.133,0.490,0.514,1.425,1.414,2,NULL,NULL,,3,1,2,7,255,1031,250,0,0
stim,101643,131764,1,131764,3329069.455,-0.833,0.150,0.032,-0.532,3118,0,0,3183,0,1959,207,1711,60,1.429,1,2162,0,339.780,24.800,-174.438,-129.500,261.250,-0.543,-0.719,0.992,-13.617,-20.727,-0.668,0.466,0.488,1.425,1.414,2,NULL,NULL,,3,1,2,7,255,1031,250,0,0
stim,101643,131764,1,131764,3329074.455,-0.838,0.142,0.029,-0.527,3123,0,0,3191,0,2039,291,1747,60,1.429,1,2162,0,247.197,9.516,-148.875,-138.000,141.063,-1.266,0.512,0.625,-9.477,-0.867,-0.668,0.416,0.434,1.425,1.414,2,NULL,NULL,,3,1,2,7,255,1031,250,0,0
stim,101681,131802,1,131802,3329079.454,-0.839,0.136,0.025,-0.526,3123,0,0,3195,0,2118,311,1776,60,1.429,1,2162,0,170.469,6.353,-72.125,-150.250,35.813,-0.633,0.570,0.645,-1.539,6.164,-0.668,0.348,0.362,1.425,1.414,2,NULL,NULL,,3,1,2,7,255,1031,250,0,0
stim,101681,131802,1,131802,3329084.455,-0.840,0.130,0.021,-0.527,3124,0,0,3196,0,2213,349,1899,60,1.429,1,2162,0,163.435,6.233,-69.438,-147.938,-2.000,-0.285,0.156,1.352,-0.922,6.164,-0.555,0.284,0.292,1.425,1.414,2,NULL,NULL,,3,1,2,7,255,1031,250,0,0
stim,101681,131802,1,131802,3329089.454,-0.841,0.123,0.019,-0.527,3125,0,0,3199,109,2279,487,2024,60,1.429,1,2162,0,172.650,0.543,-104.438,-137.375,5.375,0.039,0.156,1.313,0.543,0.016,2.883,0.244,0.238,1.425,1.414,2,NULL,NULL,,3,1,2,7,255,1031,250,0,0
stim,101681,131802,1,131802,3329094.455,-0.841,0.117,0.017,-0.528,3125,0,0,3205,332,2325,536,2142,60,1.429,1,2162,0,137.818,2.566,-88.125,-104.813,-15.563,0.223,0.238,1.785,0.543,-2.508,3.801,0.230,0.208,1.425,1.414,2,NULL,NULL,,3,1,2,7,255,1031,250,0,0
stim,101681,131802,1,131802,3329099.454,-0.840,0.113,0.017,-0.530,3123,0,0,3207,585,2357,549,2215,60,1.429,1,2162,0,111.675,4.896,-86.813,-46.250,-52.875,0.629,0.180,1.512,1.797,-4.555,4.008,0.230,0.194,1.425,1.414,2,NULL,NULL,,3,1,2,7,255,1031,250,0,0
stim,101681,131802,1,131802,3329104.455,-0.840,0.110,0.017,-0.531,3118,0,0,3206,779,2376,575,2271,60,1.429,1,2162,0,74.323,7.959,-56.625,-38.188,-29.313,0.875,0.559,1.000,3.258,-7.262,4.008,0.230,0.186,1.425,1.414,2,NULL,NULL,,3,1,2,7,255,1031,250,0,0
stim,101681,131802,1,131802,3329109.454,-0.840,0.107,0.017,-0.532,3116,0,0,3206,943,2395,575,2322,60,1.429,1,2162,0,59.624,7.959,-50.000,-30.563,-11.000,0.004,0.242,1.766,3.258,-7.262,4.008,0.230,0.176,1.425,1.414,2,NULL,NULL,,3,1,2,7,255,1031,250,0,0
stim,101681,131803,1,131803,3329114.455,-0.840,0.101,0.020,-0.533,3117,0,0,3205,1101,2415,579,2365,60,1.429,1,2162,0,145.864,2.553,-139.063,-16.188,-40.938,-0.180,-0.063,1.184,1.090,-2.309,1.762,0.226,0.162,1.425,1.414,2,NULL,NULL,,3,1,2,7,255,1031,250,0,0
stim,101681,131803,1,131803,3329119.454,-0.839,0.097,0.023,-0.535,3113,7,0,3206,1213,2425,572,2405,60,1.429,1,2162,0,118.919,1.320,-111.938,-11.375,-38.500,-0.055,-0.059,0.535,-1.031,-0.824,1.762,0.220,0.146,1.425,1.414,2,NULL,NULL,,3,1,2,7,255,1031,250,0,0
stim,101681,131803,1,131803,3329124.455,-0.838,0.094,0.024,-0.537,3109,23,0,3198,1293,2429,587,2427,60,1.429,1,2162,0,77.714,2.064,-47.563,-12.438,-60.188,-0.230,-0.105,0.836,-1.922,-0.754,-1.520,0.208,0.128,1.425,1.414,2,NULL,NULL,,3,1,2,7,255,1031,250,0,0
stim,101682,131803,1,131803,3329129.454,-0.836,0.093,0.024,-0.540,3100,55,0,3205,1401,2430,585,2452,60,1.429,1,2162,0,90.582,1.227,-25.688,-10.813,-86.188,-0.086,0.113,1.090,-1.031,-0.664,-1.520,0.196,0.108,1.425,1.414,2,NULL,NULL,,3,1,2,7,255,1031,250,0,0
stim,101682,131803,1,131803,3329134.455,-0.834,0.091,0.025,-0.543,3101,57,0,3199,1465,2453,583,2475,60,1.429,1,2162,0,94.061,0.703,-41.750,-8.938,-83.813,0.105,0.199,1.152,0.230,-0.664,0.957,0.182,0.090,1.425,1.414,2,NULL,NULL,,3,1,2,7,255,1031,250,0,0
stim,101710,131831,1,131831,3329139.454,-0.833,0.088,0.026,-0.545,3109,99,0,3197,1541,2457,571,2484,60,1.429,1,2162,0,89.255,2.110,-64.563,-2.875,-61.563,0.094,0.004,1.086,0.230,-2.098,0.957,0.170,0.076,1.425,1.414,2,NULL,NULL,,3,1,2,7,255,1031,250,0,0
stim,101710,131831,1,131831,3329144.455,-0.832,0.085,0.028,-0.547,3107,99,0,3197,1603,2467,566,2493,60,1.429,1,2162,0,85.332,2.099,-72.188,0.563,-45.500,-0.066,-0.113,0.969,0.070,-2.098,0.563,0.162,0.068,1.425,1.414,2,NULL,NULL,,3,1,2,7,255,1031,250,0,0
stim,101710,131831,1,131831,3329149.454,-0.831,0.083,0.030,-0.549,3103,125,0,3199,1641,2473,563,2504,60,1.429,1,2162,0,76.383,1.959,-58.438,0.250,-49.188,-0.176,-0.051,0.863,-1.348,-1.422,-0.453,0.154,0.060,1.425,1.414,2,NULL,NULL,,3,1,2,7,255,1031,250,0,0
stim,101710,131831,1,131831,3329154.455,-0.830,0.082,0.031,-0.551,3103,153,0,3197,1675,2479,551,2509,60,1.429,1,2162,0,69.902,1.369,-35.438,-0.688,-60.250,-0.125,0.020,0.891,-1.348,-0.238,-0.984,0.148,0.054,1.425,1.414,2,NULL,NULL,,3,1,2,7,255,1031,250,0,0
stim,101710,131831,1,131831,3329159.454,-0.829,0.080,0.031,-0.553,3101,167,0,3195,1716,2484,531,2513,60,1.429,1,2162,0,65.749,0.526,-24.063,-0.063,-61.188,0.000,0.000,1.008,-0.469,-0.238,-0.984,0.142,0.046,1.425,1.414,2,NULL,NULL,,3,1,2,7,255,1031,250,0,0
stim,101710,131831,1,131831,3329164.455,-0.828,0.079,0.032,-0.555,3103,191,0,3196,1747,2488,519,2516,60,1.429,1,2162,0,54.501,1.648,-28.313,0.813,-46.563,0.059,-0.051,1.051,-0.387,-1.602,-0.047,0.138,0.040,1.425,1.414,2,NULL,NULL,,3,1,2,7,255,1031,250,0,0
stim,101743,131864,1,131864,3329169.454,-0.827,0.078,0.033,-0.556,3101,214,7,3196,1757,2489,505,2519,60,1.429,1,2162,0,42.996,2.068,-32.875,2.188,-27.625,0.020,-0.082,1.000,-0.387,-2.031,-0.047,0.136,0.036,1.425,1.414,2,NULL,NULL,,3,1,2,7,255,1031,250,0,0
stim,101743,131864,1,131864,3329174.455,-0.827,0.076,0.034,-0.556,3081,219,25,3191,1784,2492,465,2517,60,1.429,1,2162,0,32.405,2.172,-27.625,3.250,-16.625,-0.063,-0.082,0.941,-0.770,-2.031,-0.219,0.134,0.030,1.425,1.414,2,NULL,NULL,,3,1,2,7,255,1031,250,0,0
stim,101743,131864,1,131864,3329179.454,-0.827,0.076,0.034,-0.557,3097,221,43,3192,1799,2489,436,2516,60,1.429,1,2162,0,21.569,1.622,-15.625,2.313,-14.688,-0.117,-0.066,0.926,-1.066,-1.223,-0.656,0.130,0.024,1.425,1.414,2,NULL,NULL,,3,1,2,7,255,1031,250,0,0
stim,101743,131864,1,131864,3329184.455,-0.826,0.075,0.035,-0.557,3095,217,107,3192,1820,2489,419,2515,60,1.429,1,2162,0,15.492,1.278,-5.688,1.000,-14.375,-0.145,-0.063,0.953,-1.105,-0.641,-0.656,0.126,0.018,1.425,1.414,2,NULL,NULL,,3,1,2,7,255,1031,250,0,0
stim,101778,131899,1,131899,3329189.454,-0.826,0.075,0.035,-0.558,3092,219,137,3183,1835,2490,397,2515,60,1.429,1,2162,0,11.038,1.187,-1.438,-0.375,-10.938,-0.129,-0.008,0.988,-1.105,-0.434,-0.402,0.122,0.012,1.425,1.414,2,NULL,NULL,,3,1,2,7,255,1031,250,0,0
stim,101778,131899,1,131899,3329194.455,-0.826,0.075,0.035,-0.558,3089,201,149,3181,1853,2487,367,2516,60,1.372,1,2162,1,7.799,0.743,-0.500,-1.563,-7.625,-0.152,0.027,1.012,-0.617,-0.414,-0.074,0.000,0.000,1.388,1.365,2,NULL,NULL,,3,1,2,7,255,1031,250,0,0
stim,101778,131899,1,131899,3329199.457,-0.826,0.075,0.035,-0.558,3080,201,174,3177,1869,2486,350,2515,60,1.372,1,2162,1,7.403,0.400,-0.563,-2.688,-6.875,-0.160,0.035,1.016,-0.387,-0.102,0.211,0.002,0.004,1.388,1.365,2,NULL,NULL,,3,1,2,7,255,1031,250,0,0
stim,101778,131899,1,131899,3329204.453,-0.826,0.075,0.035,-0.558,3067,199,191,3166,1879,2483,341,2517,60,1.372,1,2162,1,7.013,0.317,-0.063,-4.188,-5.625,-0.164,0.039,1.004,-0.316,-0.008,0.211,0.002,0.004,1.388,1.365,2,NULL,NULL,,3,1,2,7,255,1031,250,0,0
stim,101778,131899,1,131899,3329209.455,-0.825,0.075,0.034,-0.558,3063,187,217,3159,1885,2479,347,2519,60,1.372,1,2162,1,6.731,0.319,1.000,-5.500,-3.750,-0.168,0.043,1.000,-0.316,0.039,0.168,0.002,0.002,1.388,1.365,2,NULL,NULL,,3,1,2,7,255,1031,250,0,0
stim,101778,131899,1,131899,3329214.454,-0.825,0.075,0.034,-0.559,3050,173,247,3149,1898,2473,356,2520,60,1.372,1,2162,1,7.771,0.339,1.438,-6.688,-3.688,-0.176,0.043,0.996,-0.316,0.121,0.125,0.004,0.002,1.388,1.365,2,NULL,NULL,,3,1,2,7,255,1031,250,0,0
stim,101778,131899,1,131899,3329219.455,-0.825,0.074,0.034,-0.559,3037,171,277,3142,1915,2463,354,2523,60,1.372,1,2162,1,9.172,0.332,1.750,-7.688,-4.688,-0.164,0.051,0.988,-0.309,0.121,0.125,0.008,0.002,1.388,1.365,2,NULL,NULL,,3,1,2,7,255,1031,250,0,0
stim,101778,131899,1,131899,3329224.454,-0.825,0.074,0.034,-0.559,3023,169,297,3133,1932,2457,349,2533,60,1.372,1,2162,1,9.930,0.288,2.500,-8.875,-3.688,-0.152,0.043,0.988,-0.262,0.121,0.031,0.012,0.004,1.388,1.365,2,NULL,NULL,,3,1,2,7,255,1031,250,0,0
stim,101778,131899,1,131899,3329229.455,-0.825,0.074,0.033,-0.559,3011,163,326,3113,1957,2454,359,2535,60,1.372,1,2162,1,10.721,0.278,3.188,-10.063,-1.875,-0.168,0.051,0.992,-0.250,0.121,0.031,0.016,0.006,1.388,1.365,2,NULL,NULL,,3,1,2,7,255,1031,250,0,0
stim,101778,131899,1,131899,3329234.454,-0.825,0.074,0.033,-0.559,2991,152,349,3095,1977,2447,361,2547,60,1.372,1,2162,1,12.508,0.315,4.063,-11.563,-2.500,-0.203,0.086,0.992,-0.250,0.191,0.078,0.020,0.008,1.388,1.365,2,NULL,NULL,,3,1,2,7,255,1031,250,0,0
stim,101801,131922,1,131922,3329239.455,-0.825,0.074,0.032,-0.559,2973,150,373,3081,1997,2451,382,2554,60,1.372,1,2162,1,15.214,0.618,5.250,-13.125,-5.625,-0.215,0.121,0.996,-0.035,0.617,0.121,0.024,0.012,1.388,1.365,2,NULL,NULL,,3,1,2,7,255,1031,250,0,0
stim,101801,131922,1,131922,3329244.454,-0.825,0.074,0.032,-0.560,2955,149,443,3060,2013,2449,391,2567,60,1.372,1,2162,1,18.647,0.891,5.625,-14.438,-10.375,-0.203,0.156,1.016,0.219,0.863,0.199,0.026,0.012,1.388,1.365,2,NULL,NULL,,3,1,2,7,255,1031,250,0,0
stim,101801,131922,1,131922,3329249.456,-0.824,0.074,0.031,-0.560,2927,156,501,3036,2039,2445,411,2584,60,1.372,1,2162,1,21.228,1.028,3.438,-14.813,-14.813,-0.156,0.164,1.020,0.559,0.863,0.367,0.028,0.012,1.388,1.365,2,NULL,NULL,,3,1,2,7,255,1031,250,0,0
stim,101801,131922,0,131922,3329254.453,-0.824,0.074,0.030,-0.561,2905,147,567,3019,2063,2447,423,2587,60,1.372,1,2162,1,21.210,0.809,1.250,-15.250,-14.688,-0.117,0.133,1.008,0.656,0.473,0.367,0.028,0.012,1.388,1.365,2,NULL,NULL,,3,0,2,7,255,1036,250,0,0
stim,101831,131952,0,131952,3329259.457,-0.824,0.073,0.030,-0.561,2885,149,620,2999,2085,2445,438,2599,60,1.372,1,2162,1,19.671,0.657,-0.563,-15.813,-11.688,-0.125,0.094,0.996,0.656,0.023,0.203,0.028,0.010,1.388,1.365,2,NULL,NULL,,3,0,2,7,255,1036,250,0,0
stim,101831,131952,0,131952,3329264.454,-0.824,0.073,0.029,-0.562,2852,155,679,2973,2137,2456,475,2617,60,1.372,1,2162,1,20.179,0.372,0.313,-16.313,-11.875,-0.148,0.113,0.977,0.371,0.023,0.063,0.028,0.008,1.388,1.365,2,NULL,NULL,,3,0,2,7,255,1036,250,0,0
stim,101831,131952,0,131952,3329269.456,-0.823,0.073,0.028,-0.562,2824,167,723,2967,2193,2455,575,2629,60,1.372,1,2162,1,22.530,0.485,4.063,-16.813,-14.438,-0.141,0.141,0.980,0.371,0.313,-0.039,0.028,0.006,1.388,1.365,2,NULL,NULL,,3,0,2,7,255,1036,250,0,0
stim,101831,131952,0,131952,3329274.454,-0.823,0.073,0.028,-0.563,2793,173,807,2924,2223,2451,627,2649,60,1.372,1,2162,1,23.613,0.718,5.188,-17.375,-15.125,-0.133,0.160,1.000,0.645,0.316,-0.039,0.028,0.006,1.388,1.365,2,NULL,NULL,,3,0,2,7,255,1036,250,0,0
stim,101877,131998,0,131998,3329279.455,-0.822,0.072,0.027,-0.564,2749,180,875,2899,2275,2467,742,2660,60,1.372,1,2162,1,23.577,0.909,4.188,-18.063,-14.563,-0.152,0.188,1.020,0.840,0.348,0.164,0.028,0.004,1.388,1.365,2,NULL,NULL,,3,0,2,7,255,1036,250,0,0
stim,101877,131998,0,131998,3329284.453,-0.822,0.072,0.026,-0.564,2719,196,984,2873,2313,2457,823,2671,60,1.372,1,2162,1,25.739,1.133,2.250,-18.563,-17.688,-0.176,0.195,1.023,0.973,0.582,0.395,0.028,0.002,1.388,1.365,2,NULL,NULL,,3,0,2,7,255,1036,250,0,0
stim,101877,131998,0,131998,3329289.457,-0.822,0.072,0.025,-0.565,2669,219,1107,2853,2349,2471,924,2681,60,1.372,1,2162,1,31.135,1.288,0.563,-19.125,-24.563,-0.180,0.195,1.023,0.973,0.844,0.434,0.026,0.006,1.388,1.365,2,NULL,NULL,,3,0,2,7,255,1036,250,0,0
stim,101877,131998,0,131998,3329294.454,-0.821,0.071,0.025,-0.566,2611,238,1193,2833,2403,2472,1023,2697,60,1.372,1,2162,1,37.812,1.288,-2.500,-19.375,-32.375,-0.172,0.199,1.035,0.973,0.844,0.445,0.026,0.010,1.388,1.365,2,NULL,NULL,,3,0,2,7,255,1036,250,0,0
stim,101877,131998,0,131998,3329299.455,-0.820,0.071,0.024,-0.568,2535,244,1325,2809,2446,2473,1161,2713,60,1.372,1,2162,1,45.409,1.276,-7.813,-19.125,-40.438,-0.168,0.195,1.047,0.984,0.813,0.547,0.024,0.016,1.388,1.365,2,NULL,NULL,,3,0,2,7,255,1036,250,0,0
stim,101877,131998,0,131998,3329304.453,-0.819,0.070,0.024,-0.569,2485,244,1451,2790,2487,2472,1261,2727,60,1.372,1,2162,1,54.682,1.252,-17.313,-18.875,-48.313,-0.180,0.148,1.066,0.984,0.773,0.684,0.024,0.022,1.388,1.365,2,NULL,NULL,,3,0,2,7,255,1036,250,0,0
stim,101877,131998,0,131998,3329309.455,-0.817,0.068,0.024,-0.572,2423,245,1571,2757,2531,2482,1367,2741,60,1.372,1,2162,1,68.390,0.897,-33.063,-18.500,-56.938,-0.168,0.086,1.094,0.566,0.695,0.852,0.028,0.030,1.388,1.365,2,NULL,NULL,,3,0,2,7,255,1036,250,0,0
stim,101877,131998,0,131998,3329314.453,-0.816,0.066,0.025,-0.574,2342,253,1717,2713,2569,2483,1508,2760,60,1.372,1,2162,1,81.398,0.394,-48.063,-18.188,-63.125,-0.152,0.012,1.047,0.055,0.391,0.852,0.028,0.032,1.388,1.365,2,NULL,NULL,,3,0,2,7,255,1036,250,0,0
stim,101878,131999,0,131999,3329319.456,-0.815,0.063,0.026,-0.576,2257,251,1835,2680,2613,2491,1611,2767,60,1.372,1,2162,1,83.640,0.550,-53.875,-18.063,-61.375,-0.105,-0.043,0.965,-0.547,0.059,0.543,0.032,0.034,1.388,1.365,2,NULL,NULL,,3,0,2,7,255,1036,250,0,0
stim,101878,131999,0,131999,3329324.454,-0.813,0.060,0.027,-0.578,2167,281,1973,2637,2639,2483,1737,2783,60,1.372,1,2162,0,80.532,0.833,-52.813,-18.813,-57.813,-0.148,-0.070,0.965,-0.832,-0.047,-0.262,0.032,0.034,1.388,1.365,2,NULL,NULL,,3,0,2,7,255,1036,250,0,0
stim,101878,132000,0,132000,3329329.455,-0.812,0.058,0.028,-0.580,2072,291,2107,2607,2681,2491,1817,2811,60,1.372,1,2162,0,91.094,1.192,-61.063,-20.625,-64.375,-0.238,-0.078,1.078,-1.191,-0.047,-0.262,0.034,0.030,1.388,1.365,2,NULL,NULL,,3,0,2,7,255,1036,250,0,0
stim,101878,132000,0,132000,3329334.454,-0.810,0.054,0.029,-0.583,1959,293,2231,2553,2710,2489,1927,2811,60,1.372,1,2162,0,115.774,1.351,-79.125,-22.375,-81.500,-0.242,-0.047,1.066,-1.191,0.637,0.828,0.036,0.028,1.388,1.365,2,NULL,NULL,,3,0,2,7,255,1036,250,0,0
stim,101907,132028,0,132028,3329339.455,-0.808,0.050,0.031,-0.586,1845,295,2325,2483,2735,2489,2025,2831,60,1.372,1,2162,0,121.090,1.289,-81.375,-24.313,-86.313,-0.102,0.004,0.918,-1.121,0.637,0.828,0.040,0.026,1.388,1.365,2,NULL,NULL,,3,0,2,7,255,1036,250,0,0
stim,101907,132028,0,132028,3329344.453,-0.806,0.047,0.032,-0.589,1717,295,2421,2408,2771,2493,2103,2843,60,1.372,1,2162,0,104.254,0.324,-65.813,-23.875,-77.250,-0.047,-0.031,0.871,-0.313,-0.086,-0.766,0.042,0.024,1.388,1.365,2,NULL,NULL,,3,0,2,7,255,1036,250,0,0
stim,101907,132028,0,132028,3329349.455,-0.805,0.044,0.032,-0.591,1563,291,2507,2316,2787,2490,2182,2863,60,1.372,1,2162,0,86.740,0.630,-50.813,-27.375,-64.750,-0.078,-0.094,0.938,-0.313,-0.547,-0.766,0.044,0.022,1.388,1.365,2,NULL,NULL,,3,0,2,7,255,1036,250,0,0
stim,101907,132028,0,132028,3329354.454,-0.804,0.042,0.032,-0.593,1369,277,2559,2220,2810,2493,2264,2877,60,1.372,1,2162,0,80.321,1.062,-45.625,-29.938,-58.938,-0.109,-0.105,1.027,-0.910,-0.547,-0.578,0.046,0.020,1.388,1.365,2,NULL,NULL,,3,0,2,7,255,1036,250,0,0
stim,101907,132028,0,132028,3329359.456,-0.802,0.039,0.033,-0.595,1173,254,2615,2115,2839,2479,2331,2877,60,1.372,1,2162,0,78.754,0.962,-47.063,-30.688,-55.188,-0.113,-0.055,1.027,-0.910,-0.313,0.309,0.050,0.018,1.388,1.365,2,NULL,NULL,,3,0,2,7,255,1036,250,0,0
stim,101907,132028,0,132028,3329364.453,-0.801,0.037,0.033,-0.597,1003,252,2667,1983,2866,2479,2394,2895,60,1.372,1,2162,0,77.870,0.579,-45.500,-30.563,-55.313,-0.113,0.000,1.023,-0.570,-0.098,0.309,0.050,0.016,1.388,1.365,2,NULL,NULL,,3,0,2,7,255,1036,250,0,0
stim,101943,132064,0,132064,3329369.458,-0.800,0.034,0.033,-0.599,794,231,2711,1776,2886,2475,2463,2909,60,1.372,1,2162,0,79.069,0.053,-42.313,-32.125,-58.563,-0.098,0.000,1.035,-0.035,-0.039,0.324,0.054,0.014,1.388,1.365,2,NULL,NULL,,3,0,2,7,255,1036,250,0,0
stim,101943,132064,0,132064,3329374.454,-0.798,0.032,0.032,-0.600,568,211,2750,1543,2894,2469,2519,2921,60,1.372,1,2162,0,70.241,0.064,-38.063,-36.688,-46.250,-0.055,-0.012,1.020,0.051,-0.039,0.273,0.054,0.014,1.388,1.365,2,NULL,NULL,,3,0,2,7,255,1036,250,0,0
stim,101943,132064,0,132064,3329379.457,-0.798,0.030,0.032,-0.601,372,171,2791,1290,2917,2463,2570,2931,60,1.372,1,2162,0,57.414,0.396,-31.000,-38.563,-29.125,-0.016,0.027,1.023,0.102,-0.383,0.195,0.056,0.010,1.388,1.365,2,NULL,NULL,,3,0,2,7,255,1036,250,0,0
stim,101943,132064,0,132064,3329384.454,-0.797,0.028,0.031,-0.602,183,119,2823,996,2941,2445,2617,2933,60,1.372,1,2162,0,54.531,0.423,-30.375,-40.125,-21.000,-0.113,0.008,1.070,0.180,-0.383,0.195,0.056,0.010,1.388,1.365,2,NULL,NULL,,3,0,2,7,255,1036,250,0,0
stim,101976,132097,0,132097,3329389.457,-0.797,0.025,0.031,-0.603,90,69,2851,775,2961,2423,2643,2939,60,1.372,1,2162,0,64.051,0.302,-33.500,-42.000,-34.875,-0.227,-0.020,1.113,0.180,0.242,0.727,0.054,0.010,1.388,1.365,2,NULL,NULL,,3,0,2,7,255,1036,250,0,0
stim,101976,132097,0,132097,3329394.454,-0.795,0.023,0.030,-0.605,17,36,2875,503,2964,2400,2683,2961,60,1.372,1,2162,0,77.101,0.302,-34.063,-46.313,-51.375,-0.082,0.035,1.070,0.180,0.242,0.727,0.052,0.012,1.388,1.365,2,NULL,NULL,,3,0,2,7,255,1036,250,0,0
stim,101976,132097,0,132097,3329399.455,-0.794,0.021,0.029,-0.606,0,10,2888,299,2981,2381,2717,2955,60,1.372,1,2162,0,72.500,0.575,-28.125,-47.063,-47.438,-0.016,0.039,1.020,0.563,0.121,0.711,0.048,0.020,1.388,1.365,2,NULL,NULL,,3,0,2,7,255,1036,250,0,0
stim,101976,132097,0,132097,3329404.454,-0.793,0.019,0.027,-0.608,0,0,2907,203,2983,2343,2747,2969,60,1.372,1,2162,0,66.814,0.569,-12.063,-53.438,-38.250,-0.078,-0.008,1.020,0.563,0.086,0.219,0.048,0.024,1.388,1.365,2,NULL,NULL,,3,0,2,7,255,1036,250,0,0
stim,101976,132097,0,132097,3329409.457,-0.793,0.018,0.025,-0.608,0,0,2925,154,3005,2330,2783,2967,60,1.372,1,2162,0,66.941,0.192,24.938,-61.250,-10.375,-0.250,-0.063,1.223,0.172,0.086,0.219,0.052,0.030,1.388,1.365,2,NULL,NULL,,3,0,2,7,255,1036,250,0,0
stim,101976,132097,0,132097,3329414.453,-0.793,0.018,0.021,-0.609,0,0,2936,119,3015,2287,2815,2969,60,1.372,1,2162,0,84.926,1.712,43.938,-71.125,-14.938,-0.488,-0.199,1.563,-0.758,1.535,2.324,0.060,0.034,1.388,1.365,2,NULL,NULL,,3,0,2,7,255,1036,250,0,0
stim,101976,132097,0,132097,3329419.455,-0.793,0.017,0.017,-0.609,0,0,2939,83,3029,2263,2847,2980,60,1.372,1,2162,0,103.595,3.409,55.750,-87.313,-0.625,-0.422,-0.156,1.844,-1.988,2.770,5.797,0.072,0.042,1.388,1.365,3,NULL,NULL,,3,0,2,7,255,1036,250,0,0
stim,101976,132097,0,132097,3329424.454,-0.793,0.014,0.015,-0.609,0,0,2951,53,3029,2213,2847,2989,60,1.372,1,2162,0,98.050,3.409,-45.438,-85.625,-14.750,-0.105,-0.047,1.590,-1.988,2.770,5.828,0.078,0.046,1.388,1.365,3,NULL,NULL,,3,0,2,7,255,1036,250,0,0
stim,101997,132118,0,132118,3329429.456,-0.793,0.009,0.014,-0.610,0,0,2953,0,3041,2157,2873,2984,60,1.372,1,2162,0,113.175,0.857,-71.875,-86.125,-15.000,-0.129,-0.039,1.098,-0.324,0.793,5.828,0.084,0.054,1.388,1.365,3,NULL,NULL,,3,0,2,7,255,1036,250,0,0
stim,101997,132118,0,132118,3329434.454,-0.793,0.005,0.012,-0.609,0,0,2959,0,3045,2090,2890,2984,60,1.372,1,2162,0,102.766,0.818,-30.750,-97.313,12.063,-0.168,0.066,1.027,-0.199,0.793,1.000,0.090,0.062,1.388,1.365,3,NULL,NULL,,3,0,2,7,255,1036,250,0,0
stim,101997,132118,0,132118,3329439.455,-0.794,0.003,0.008,-0.608,0,0,2953,0,3055,2002,2905,2941,60,1.372,1,2162,0,107.398,1.624,11.688,-105.438,16.750,-0.254,0.105,1.098,0.531,1.535,0.957,0.098,0.072,1.388,1.365,3,NULL,NULL,,3,0,2,7,255,1036,250,0,0
stim,101997,132118,0,132118,3329444.453,-0.794,0.001,0.004,-0.608,0,0,2953,0,3060,1901,2921,2988,60,1.372,1,2162,0,115.562,2.586,25.313,-112.625,5.438,-0.324,0.082,1.332,0.531,2.531,0.957,0.108,0.084,1.388,1.365,3,NULL,NULL,,3,0,2,7,255,1036,250,0,0
stim,101997,132118,0,132118,3329449.456,-0.794,-0.001,-0.001,-0.608,0,0,2941,0,3065,1783,2937,2981,60,1.372,1,2162,0,119.111,2.550,12.625,-118.375,-3.938,-0.258,-0.051,1.434,0.305,2.531,3.227,0.120,0.098,1.388,1.365,3,NULL,NULL,,3,0,2,7,255,1036,250,0,0
stim,101997,132118,0,132118,3329454.453,-0.794,-0.004,-0.005,-0.608,0,0,2935,0,3068,1652,2956,2981,60,1.372,1,2162,0,126.067,2.526,-1.063,-125.750,8.875,-0.203,-0.109,1.461,-0.793,2.398,4.262,0.130,0.108,1.388,1.365,3,NULL,NULL,,3,0,2,7,255,1036,250,0,0
stim,102038,132159,0,132159,3329459.455,-0.794,-0.009,-0.008,-0.607,0,0,2924,0,3080,1501,2967,2972,60,1.372,1,2162,0,132.387,2.234,-23.813,-129.938,8.688,-0.188,-0.141,1.305,-1.238,1.859,4.262,0.144,0.120,1.388,1.365,3,NULL,NULL,,3,0,2,7,255,1036,250,0,0
stim,102038,132159,0,132159,3329464.454,-0.795,-0.013,-0.012,-0.606,0,0,2913,0,3087,1287,2969,2968,60,1.372,1,2162,0,140.961,2.421,-25.750,-136.750,22.500,-0.227,-0.164,1.219,-1.551,1.859,2.988,0.156,0.130,1.388,1.365,3,NULL,NULL,,3,0,2,7,255,1036,250,0,0
stim,102038,132159,0,132159,3329469.456,-0.796,-0.018,-0.016,-0.605,0,0,2899,0,3097,1080,2976,2969,60,1.372,1,2162,0,145.652,2.686,-21.063,-143.188,16.375,-0.238,-0.121,1.160,-1.559,2.188,2.113,0.172,0.144,1.388,1.365,3,NULL,NULL,,3,0,2,7,255,1036,250,0,0
stim,102038,132159,0,132159,3329474.454,-0.796,-0.022,-0.021,-0.605,0,0,2888,0,3087,859,2995,2943,60,1.372,1,2162,0,150.936,3.135,-8.938,-149.688,17.188,-0.262,-0.227,1.070,-1.902,2.492,1.492,0.188,0.156,1.388,1.365,3,NULL,NULL,,3,0,2,7,255,1036,250,0,0
stim,102038,132159,0,132159,3329479.457,-0.796,-0.025,-0.027,-0.604,0,0,2855,0,3096,634,2996,2927,60,1.372,1,2162,0,159.703,3.301,13.188,-158.438,15.125,-0.184,-0.191,1.113,-2.164,2.492,1.020,0.206,0.170,1.388,1.365,3,NULL,NULL,,3,0,2,7,255,1036,250,0,0
stim,102038,132159,0,132159,3329484.454,-0.797,-0.029,-0.032,-0.603,0,0,2824,0,3107,489,3007,2911,60,1.372,1,2162,0,165.294,3.077,8.938,-164.250,16.250,-0.164,-0.207,1.168,-2.305,2.039,1.020,0.222,0.184,1.388,1.365,3,NULL,NULL,,3,0,2,7,255,1036,250,0,0
stim,102077,132199,0,132199,3329489.456,-0.797,-0.034,-0.038,-0.602,0,0,2795,0,3099,329,3018,2900,60,1.372,1,2162,0,171.475,2.973,9.000,-170.000,20.563,-0.148,-0.160,1.199,-2.164,2.039,1.531,0.240,0.200,1.388,1.365,3,NULL,NULL,,3,0,2,7,255,1036,250,0,0
stim,102077,132199,0,132199,3329494.454,-0.798,-0.038,-0.044,-0.600,0,0,2745,0,3097,168,3019,2869,60,1.372,1,2162,0,176.359,2.868,-2.625,-175.438,17.813,-0.141,-0.102,1.188,-1.883,2.164,1.609,0.258,0.216,1.388,1.365,3,NULL,NULL,,3,0,2,7,255,1036,250,0,0
stim,102077,132199,0,132199,3329499.456,-0.798,-0.043,-0.050,-0.599,0,0,2699,0,3095,83,3036,2843,60,1.372,1,2162,0,181.492,2.682,-4.625,-180.500,18.375,-0.109,-0.059,1.129,-1.359,2.313,1.609,0.280,0.236,1.388,1.365,3,NULL,NULL,,3,0,2,7,255,1036,250,0,0
stim,102077,132199,0,132199,3329504.453,-0.798,-0.047,-0.056,-0.598,0,0,2651,0,3097,20,3033,2821,60,1.372,1,2162,0,187.951,2.548,11.063,-187.188,12.813,-0.129,0.063,1.117,-0.922,2.375,1.043,0.298,0.254,1.388,1.365,3,NULL,NULL,,3,0,2,7,255,1036,250,0,0
stim,102077,132199,0,132199,3329509.456,-0.798,-0.052,-0.064,-0.597,0,0,2581,0,3095,0,3035,2781,60,1.372,1,2162,0,195.832,2.943,22.000,-194.438,7.750,-0.121,0.129,1.297,0.109,2.941,1.043,0.318,0.276,1.388,1.365,3,NULL,NULL,,3,0,2,7,255,1036,250,0,0
stim,102077,132199,0,132199,3329514.454,-0.797,-0.055,-0.072,-0.597,0,0,2483,0,3079,5,3045,2731,60,1.372,1,2162,0,199.974,3.601,47.500,-193.750,-13.938,-0.082,0.219,1.543,0.684,3.535,2.480,0.340,0.300,1.388,1.365,3,NULL,NULL,,3,0,2,7,255,1036,250,0,0
stim,102078,132199,0,132199,3329519.456,-0.797,-0.058,-0.080,-0.596,0,0,2390,0,3064,12,3042,2679,60,1.372,1,2162,0,204.740,4.267,43.500,-200.000,-5.125,-0.027,0.266,1.887,1.465,4.008,4.840,0.372,0.334,1.388,1.365,3,NULL,NULL,,3,0,2,7,255,1036,250,0,0
stim,102078,132199,0,132199,3329524.454,-0.797,-0.063,-0.088,-0.594,0,0,2267,0,3063,71,3031,2635,60,1.372,1,2162,0,221.453,4.755,36.063,-215.438,36.438,-0.289,0.180,2.285,1.465,4.523,8.188,0.416,0.378,1.388,1.365,3,NULL,NULL,,3,0,2,7,255,1036,250,0,0
stim,102078,132200,0,132200,3329529.455,-0.798,-0.069,-0.096,-0.591,0,0,2107,0,3039,75,3022,2568,60,1.372,1,2162,0,250.789,7.848,6.125,-242.125,65.063,-0.672,0.258,2.605,0.000,7.848,11.410,0.476,0.440,1.388,1.365,3,NULL,NULL,,3,0,2,7,255,1036,250,0,0
stim,102078,132200,0,132200,3329534.454,-0.798,-0.078,-0.104,-0.588,0,0,1936,0,3029,86,3005,2479,60,1.372,1,2162,0,279.765,12.707,-47.063,-270.625,53.063,-0.855,0.461,2.613,0.000,12.707,12.645,0.544,0.512,1.388,1.365,3,NULL,NULL,,3,0,2,7,255,1036,250,0,0
stim,102110,132231,0,132231,3329539.455,-0.798,-0.088,-0.113,-0.586,0,0,1787,0,2997,111,2985,2380,60,1.372,1,2162,0,309.273,15.542,-71.000,-299.625,28.875,-0.832,0.617,2.469,0.680,15.527,12.645,0.624,0.592,1.388,1.365,3,NULL,NULL,,3,0,2,7,255,1036,250,0,0
stim,102110,132231,0,132231,3329544.454,-0.796,-0.099,-0.122,-0.584,0,0,1633,0,2975,119,2961,2265,60,1.372,1,2162,0,340.820,15.948,-71.500,-332.500,22.125,-0.660,0.785,2.559,2.219,15.793,11.652,0.708,0.680,1.388,1.365,3,NULL,NULL,,3,0,2,7,255,1036,250,0,0
stim,102110,132231,0,132231,3329549.455,-0.795,-0.112,-0.132,-0.582,0,0,1501,0,2955,122,2910,2153,60,1.372,1,2162,0,369.112,16.513,-90.625,-357.125,22.188,-0.598,0.840,2.629,4.203,15.969,11.652,0.802,0.778,1.388,1.365,3,NULL,NULL,,3,0,2,7,255,1036,250,0,0
stim,102110,132231,0,132231,3329554.454,-0.793,-0.125,-0.142,-0.579,0,0,1381,0,2913,137,2861,2037,60,1.372,1,2162,0,397.136,16.904,-110.313,-380.375,29.375,-0.684,0.828,2.695,4.402,16.320,11.688,0.906,0.882,1.388,1.365,3,NULL,NULL,,3,0,2,7,255,1036,250,0,0
stim,102110,132231,0,132231,3329559.457,-0.791,-0.140,-0.153,-0.576,0,0,1299,0,2853,134,2799,1919,60,1.372,1,2162,0,421.680,18.574,-122.188,-402.625,27.875,-0.742,0.863,2.836,4.488,18.023,11.980,1.020,0.998,1.388,1.365,3,NULL,NULL,,3,0,2,7,255,1036,250,0,0
stim,102110,132231,0,132231,3329564.453,-0.788,-0.155,-0.165,-0.573,0,0,1191,0,2789,125,2728,1760,60,1.372,1,2162,0,442.556,20.429,-108.500,-428.688,17.625,-0.863,0.770,3.012,4.402,19.949,12.008,1.140,1.118,1.388,1.365,3,NULL,NULL,,3,0,2,7,255,1036,250,0,0
stim,102131,132252,0,132252,3329569.455,-0.785,-0.171,-0.177,-0.569,0,0,1039,0,2712,106,2608,1613,60,1.372,1,2162,0,472.034,22.686,-126.625,-454.125,23.500,-1.000,0.930,3.168,4.145,22.305,12.008,1.266,1.244,1.388,1.365,3,NULL,NULL,,3,0,2,7,255,1036,250,0,0
stim,102131,132252,0,132252,3329574.454,-0.780,-0.188,-0.189,-0.566,0,0,895,0,2599,83,2460,1430,60,1.372,1,2162,0,493.898,25.792,-159.125,-467.563,-0.313,-1.082,0.930,3.227,3.949,25.488,11.977,1.390,1.368,1.388,1.365,3,NULL,NULL,,3,0,2,7,255,1036,250,0,0
stim,102172,132293,0,132293,3329579.457,-0.774,-0.205,-0.201,-0.564,0,0,781,0,2466,70,2281,1267,60,1.372,1,2162,0,510.028,27.071,-172.938,-478.625,-33.750,-0.996,0.688,3.203,3.949,26.781,10.938,1.512,1.490,1.388,1.365,3,NULL,NULL,,3,0,2,7,255,1036,250,0,0
stim,102172,132293,0,132293,3329584.454,-0.767,-0.223,-0.213,-0.562,0,0,603,0,2271,8,2035,1081,60,1.372,1,2162,0,529.369,26.862,-175.875,-497.313,-44.500,-0.852,0.254,3.148,2.078,26.781,10.234,1.622,1.598,1.388,1.365,3,NULL,NULL,,3,0,2,7,255,1036,250,0,0
stim,102172,132293,0,132293,3329589.457,-0.760,-0.243,-0.226,-0.559,0,0,455,0,2041,0,1738,933,60,1.372,1,2162,0,558.452,25.209,-206.500,-518.750,-11.188,-0.695,-0.188,2.770,-1.434,25.168,9.934,1.722,1.696,1.388,1.365,3,NULL,NULL,,3,0,2,7,255,1036,250,0,0
stim,102172,132293,0,132293,3329594.454,-0.753,-0.263,-0.237,-0.554,0,0,301,0,1741,0,1325,777,60,1.372,1,2162,0,570.820,22.149,-221.313,-526.000,13.438,-0.477,-0.309,2.055,-4.840,21.613,7.363,1.816,1.790,1.388,1.365,3,NULL,NULL,,3,0,2,7,255,1036,250,0,0
stim,102172,132293,0,132293,3329599.455,-0.747,-0.282,-0.251,-0.548,0,0,239,0,1407,0,827,605,60,1.372,1,2162,0,560.755,16.709,-155.813,-538.188,22.875,-0.484,-0.309,1.582,-4.840,15.992,2.637,1.918,1.888,1.388,1.365,3,NULL,NULL,,3,0,2,7,255,1036,250,0,0
stim,102172,132293,0,132293,3329604.454,-0.741,-0.297,-0.266,-0.539,0,0,121,0,1041,0,263,496,60,1.372,1,2162,0,562.916,16.529,-57.375,-556.625,61.250,-0.645,-0.148,1.684,-4.828,15.809,-1.523,2.022,1.994,1.388,1.365,3,NULL,NULL,,3,0,2,7,255,1036,250,0,0
stim,102172,132293,0,132293,3329609.455,-0.737,-0.312,-0.283,-0.529,0,0,105,0,638,0,9,423,60,1.372,1,2162,0,570.897,16.292,-3.625,-564.438,85.563,-0.844,0.109,2.188,-3.938,15.809,-2.445,2.132,2.102,1.388,1.365,3,NULL,NULL,,3,0,2,7,255,1036,250,0,0
stim,102172,132293,0,132293,3329614.453,-0.733,-0.327,-0.299,-0.516,0,0,71,0,205,0,0,365,60,1.372,1,2162,0,592.009,21.771,-15.813,-575.000,140.000,-1.293,0.266,2.383,-2.922,21.574,-2.914,2.238,2.208,1.388,1.365,3,NULL,NULL,,3,0,2,7,255,1036,250,0,0
stim,102191,132312,0,132312,3329619.455,-0.728,-0.346,-0.311,-0.504,0,0,21,0,0,0,0,284,60,1.372,1,2162,0,595.308,25.128,-115.063,-563.688,153.000,-1.355,0.938,1.988,-2.613,24.992,-6.051,2.338,2.310,1.388,1.365,3,NULL,NULL,,3,0,2,7,255,1036,250,0,0
stim,102191,132312,0,132312,3329624.454,-0.720,-0.365,-0.322,-0.495,0,0,25,0,0,0,0,218,60,1.372,1,2162,0,567.207,25.198,-188.125,-527.188,91.688,-1.141,1.461,1.473,3.211,24.992,-11.422,2.422,2.396,1.388,1.365,3,NULL,NULL,,3,0,2,7,255,1036,250,0,0
stim,102191,132312,0,132312,3329629.457,-0.712,-0.383,-0.331,-0.487,0,0,25,0,0,0,0,149,60,1.372,1,2162,0,532.286,22.579,-208.125,-484.375,73.438,-0.871,1.723,1.355,9.055,20.684,-14.645,2.486,2.462,1.388,1.365,4,NULL,NULL,,3,0,2,7,255,1036,250,0,0
stim,102191,132312,0,132312,3329634.454,-0.704,-0.403,-0.335,-0.480,0,0,30,0,0,0,0,133,60,1.372,1,2162,0,532.185,21.176,-299.063,-415.313,145.938,-1.027,1.477,1.219,9.773,18.785,-14.727,2.536,2.512,1.388,1.365,0,NULL,NULL,,3,0,2,7,255,1036,250,0,0
stim,102191,132312,0,132312,3329639.457,-0.695,-0.425,-0.332,-0.475,0,0,24,0,0,0,0,118,60,1.372,1,2162,0,549.425,20.631,-428.938,-310.188,147.188,-0.770,1.480,0.496,11.031,17.434,-16.891,2.592,2.568,1.388,1.365,0,NULL,NULL,,3,0,2,7,255,1036,250,0,0
stim,102191,132312,0,132312,3329644.453,-0.687,-0.439,-0.331,-0.475,0,0,26,0,0,0,0,131,60,1.372,1,2162,0,388.498,13.660,-333.063,-195.500,42.188,-0.484,0.766,-0.102,9.773,9.543,-16.891,2.662,2.636,1.388,1.365,0,NULL,NULL,,3,0,2,7,255,1036,250,0,0
stim,102213,132334,0,132334,3329649.455,-0.683,-0.445,-0.331,-0.475,0,0,28,0,0,0,0,151,60,1.372,1,2162,0,157.885,6.788,-123.438,-98.313,5.063,-0.551,-0.555,0.316,5.438,4.063,-16.586,2.736,2.710,1.388,1.365,0,NULL,NULL,,3,0,2,7,255,1036,250,0,0
stim,102213,132334,0,132334,3329654.453,-0.682,-0.447,-0.330,-0.475,0,0,21,0,0,0,0,138,60,1.372,1,2162,0,58.226,8.104,-53.875,-14.750,16.438,-0.875,-0.965,1.215,-7.012,4.063,-11.695,2.802,2.776,1.388,1.365,0,NULL,NULL,,3,0,2,7,255,1036,250,0,0
stim,102213,132334,0,132334,3329659.455,-0.680,-0.450,-0.324,-0.479,0,0,22,0,0,0,0,109,60,1.372,1,2162,0,176.820,14.664,-157.313,80.688,2.750,-1.113,-0.320,1.180,-7.012,12.879,-11.695,2.864,2.838,1.388,1.365,0,NULL,NULL,,3,0,2,7,255,1036,250,0,0
stim,102213,132334,0,132334,3329664.454,-0.678,-0.453,-0.315,-0.485,0,0,20,0,0,0,0,103,60,1.372,1,2162,0,270.173,14.396,-214.313,164.125,-11.250,-1.055,0.754,0.148,-6.434,12.879,-14.012,2.920,2.894,1.388,1.365,0,NULL,NULL,,3,0,2,7,255,1036,250,0,0
stim,102236,132357,0,132357,3329669.456,-0.679,-0.452,-0.306,-0.491,0,0,21,0,0,0,0,75,60,1.372,1,2162,0,245.097,6.783,-118.313,214.625,-3.313,-0.980,1.430,-0.305,3.535,5.789,-20.602,2.976,2.950,1.388,1.365,0,NULL,NULL,,3,0,2,7,255,1036,250,0,0
stim,102236,132357,0,132357,3329674.454,-0.681,-0.447,-0.299,-0.497,0,0,23,0,0,0,0,43,60,1.372,1,2162,0,243.275,10.935,-13.750,242.313,-16.688,-1.156,1.391,0.313,9.277,5.789,-22.621,3.024,2.998,1.388,1.365,0,NULL,NULL,,3,0,2,7,255,1036,250,0,0
stim,102236,132357,0,132357,3329679.456,-0.684,-0.440,-0.292,-0.503,0,0,21,0,0,0,0,40,60,1.372,1,2162,0,262.156,12.543,7.250,260.563,-27.938,-0.887,0.246,0.586,9.277,8.441,-22.621,3.064,3.036,1.388,1.365,0,NULL,NULL,,3,0,2,7,255,1036,250,0,0
stim,102236,132357,0,132357,3329684.453,-0.687,-0.435,-0.284,-0.509,0,0,20,0,0,0,0,39,60,1.372,1,2162,0,273.657,9.049,-22.000,272.750,3.438,-0.852,-0.031,0.746,-0.195,9.047,-15.418,3.090,3.062,1.388,1.365,0,NULL,NULL,,3,0,2,7,255,1036,250,0,0
stim,102288,132409,0,132409,3329689.456,-0.689,-0.431,-0.274,-0.514,0,0,22,0,0,0,0,41,60,1.372,1,2162,0,289.713,9.052,-69.875,279.813,27.500,-0.820,0.215,0.410,-0.297,9.047,-15.223,3.112,3.084,1.388,1.365,0,NULL,NULL,,3,0,2,7,255,1036,250,0,0
stim,102288,132409,0,132409,3329694.454,-0.692,-0.427,-0.263,-0.520,0,0,16,0,0,0,0,41,60,1.372,1,2162,0,291.849,7.443,-65.313,282.438,33.750,-0.816,0.586,-0.070,-0.297,7.438,-15.223,3.130,3.104,1.388,1.365,0,NULL,NULL,,3,0,2,7,255,1036,250,0,0
stim,102288,132409,0,132409,3329699.455,-0.695,-0.421,-0.254,-0.524,0,0,13,0,0,0,0,44,60,1.372,1,2162,0,283.653,4.509,-14.313,281.563,31.250,-0.703,0.570,-0.293,2.605,3.680,-18.520,3.148,3.122,1.388,1.365,0,NULL,NULL,,3,0,2,7,255,1036,250,0,0
stim,102288,132409,0,132409,3329704.453,-0.700,-0.414,-0.246,-0.528,0,0,13,0,0,0,0,49,60,1.372,1,2162,0,286.642,3.311,36.688,281.750,37.875,-0.613,0.430,-0.176,2.605,2.043,-18.520,3.166,3.140,1.388,1.365,0,NULL,NULL,,3,0,2,7,255,1036,250,0,0
stim,102288,132409,0,132409,3329709.455,-0.705,-0.406,-0.237,-0.531,0,0,16,0,0,0,0,51,60,1.372,1,2162,0,294.434,2.670,58.000,284.313,49.938,-0.578,0.348,-0.039,1.719,2.043,-16.824,3.190,3.162,1.388,1.365,0,NULL,NULL,,3,0,2,7,255,1036,250,0,0
stim,102288,132409,0,132409,3329714.453,-0.710,-0.398,-0.229,-0.535,0,0,13,0,0,0,0,47,60,1.372,1,2162,0,301.353,3.455,61.875,290.813,49.125,-0.602,0.379,0.109,1.629,3.047,-15.500,3.214,3.186,1.388,1.365,0,NULL,NULL,,3,0,2,7,255,1036,250,0,0
stim,102288,132409,0,132409,3329719.456,-0.715,-0.389,-0.221,-0.538,0,0,17,0,0,0,0,46,60,1.372,1,2162,0,309.322,3.283,74.000,294.563,58.625,-0.430,0.238,0.027,1.223,3.047,-14.891,3.242,3.216,1.388,1.365,0,NULL,NULL,,3,0,2,7,255,1036,250,0,0
stim,102288,132409,0,132409,3329724.454,-0.721,-0.379,-0.213,-0.539,0,0,17,0,0,0,0,41,60,1.372,1,2162,0,324.208,3.976,106.500,296.000,78.438,-0.480,0.270,0.098,0.957,3.859,-13.531,3.276,3.248,1.388,1.365,0,NULL,NULL,,3,0,2,7,255,1036,250,0,0
stim,102288,132409,0,132409,3329729.455,-0.727,-0.369,-0.205,-0.541,0,0,16,0,0,0,0,33,60,1.372,1,2162,0,332.534,3.976,126.063,300.063,68.188,-0.656,0.391,0.426,0.957,3.859,-13.492,3.312,3.284,1.388,1.365,0,NULL,NULL,,3,0,2,7,255,1036,250,0,0
stim,102288,132409,0,132409,3329734.454,-0.733,-0.358,-0.198,-0.544,0,0,17,0,0,0,0,30,60,1.372,1,2162,0,332.940,7.751,127.063,304.188,46.625,-0.570,0.270,0.531,1.211,7.656,-12.938,3.352,3.324,1.388,1.365,0,NULL,NULL,,3,0,2,7,255,1036,250,0,0
stim,102288,132409,0,132409,3329739.456,-0.738,-0.346,-0.191,-0.547,0,0,17,0,0,0,0,30,60,1.372,1,2162,0,339.722,7.916,129.688,311.625,38.500,-0.469,0.230,0.645,1.297,7.809,-11.074,3.396,3.368,1.388,1.365,0,NULL,NULL,,3,0,2,7,255,1036,250,0,0
stim,102288,132409,0,132409,3329744.454,-0.743,-0.335,-0.183,-0.550,0,0,18,0,0,0,0,36,60,1.372,1,2162,0,346.978,8.043,130.938,319.625,33.000,-0.469,0.273,0.762,1.297,7.938,-9.270,3.442,3.414,1.388,1.365,0,NULL,NULL,,3,0,2,7,255,1036,250,0,0
stim,102310,132431,0,132431,3329749.455,-0.748,-0.322,-0.175,-0.553,0,0,17,0,0,0,0,39,60,1.372,1,2162,0,357.034,8.889,133.250,330.438,23.000,-0.395,0.250,0.836,1.863,8.691,-8.367,3.490,3.462,1.388,1.365,0,NULL,NULL,,3,0,2,7,255,1036,250,0,0
stim,102310,132431,0,132431,3329754.454,-0.753,-0.310,-0.167,-0.556,0,0,10,0,0,0,0,43,60,1.372,1,2162,0,366.248,8.993,134.250,340.250,18.563,-0.473,0.340,1.012,1.941,8.781,-7.043,3.538,3.510,1.388,1.365,0,NULL,NULL,,3,0,2,7,255,1036,250,0,0
stim,102310,132431,0,132431,3329759.455,-0.756,-0.297,-0.159,-0.561,0,0,13,0,0,0,0,45,60,1.372,1,2162,0,371.672,10.788,118.250,352.313,-5.750,-0.500,0.359,1.156,2.727,10.438,-6.215,3.586,3.558,1.388,1.365,0,NULL,NULL,,3,0,2,7,255,1036,250,0,0
stim,102310,132431,0,132431,3329764.453,-0.759,-0.285,-0.150,-0.566,0,0,8,0,0,0,0,47,60,1.372,1,2162,0,375.495,10.982,102.375,360.688,-20.500,-0.418,0.309,1.168,2.895,10.594,-5.008,3.630,3.602,1.388,1.365,0,NULL,NULL,,3,0,2,7,255,1036,250,0,0
stim,102332,132453,0,132453,3329769.455,-0.762,-0.273,-0.140,-0.571,0,0,9,0,0,0,0,51,60,1.372,1,2162,0,380.794,10.982,88.313,369.250,-29.313,-0.371,0.281,1.180,2.895,10.594,-3.961,3.676,3.648,1.388,1.365,0,NULL,NULL,,3,0,2,7,255,1036,250,0,0
stim,102332,132453,0,132453,3329774.454,-0.764,-0.260,-0.130,-0.576,0,0,5,0,0,0,0,52,60,1.372,1,2162,0,384.456,10.415,75.563,375.375,-34.500,-0.324,0.262,1.133,2.844,10.020,-3.184,3.718,3.690,1.388,1.365,0,NULL,NULL,,3,0,2,7,255,1036,250,0,0
stim,102332,132453,0,132453,3329779.455,-0.765,-0.248,-0.120,-0.582,0,0,2,0,0,0,0,50,60,1.372,1,2162,0,388.007,9.550,70.313,379.500,-39.813,-0.250,0.258,1.023,2.844,9.117,-3.184,3.754,3.728,1.388,1.365,0,NULL,NULL,,3,0,2,7,255,1036,250,0,0
stim,102332,132453,0,132453,3329784.454,-0.766,-0.236,-0.110,-0.587,0,0,4,0,0,0,0,53,60,1.372,1,2162,0,390.849,8.252,76.813,380.750,-43.500,-0.152,0.254,0.934,2.938,7.711,-3.223,3.788,3.762,1.388,1.365,0,NULL,NULL,,3,0,2,7,255,1036,250,0,0
stim,102370,132491,0,132491,3329789.455,-0.768,-0.223,-0.100,-0.592,0,0,2,0,0,0,0,54,60,1.372,1,2162,0,392.624,6.864,91.313,379.563,-41.813,-0.051,0.195,0.887,2.938,6.203,-3.223,3.816,3.790,1.388,1.365,0,NULL,NULL,,3,0,2,7,255,1036,250,0,0
stim,102370,132491,0,132491,3329794.455,-0.769,-0.209,-0.091,-0.597,0,0,0,0,0,0,0,52,60,1.372,1,2162,0,391.739,5.536,110.938,374.063,-35.063,0.000,0.176,0.887,2.805,4.773,-2.887,3.840,3.814,1.388,1.365,0,NULL,NULL,,3,0,2,7,255,1036,250,0,0
stim,102370,132491,0,132491,3329799.457,-0.771,-0.195,-0.082,-0.601,0,0,2,0,0,0,0,69,60,1.372,1,2162,0,391.114,4.908,129.063,368.438,-23.813,0.078,0.156,0.930,2.805,4.027,-2.512,3.860,3.836,1.388,1.365,0,NULL,NULL,,3,0,2,7,255,1036,250,0,0
stim,102370,132491,0,132491,3329804.454,-0.773,-0.181,-0.074,-0.604,0,0,0,0,0,0,0,69,60,1.372,1,2162,0,389.844,4.283,143.313,362.500,-5.813,0.141,0.148,0.949,2.816,3.227,-1.641,3.880,3.854,1.388,1.365,0,NULL,NULL,,3,0,2,7,255,1036,250,0,0
stim,102370,132491,0,132491,3329809.456,-0.775,-0.166,-0.066,-0.606,0,0,0,0,0,0,0,76,60,1.372,1,2162,0,391.070,3.791,158.500,357.313,11.875,0.133,0.188,0.996,2.887,2.457,-1.137,3.898,3.874,1.388,1.365,0,NULL,NULL,,3,0,2,7,255,1036,250,0,0
stim,102370,132491,0,132491,3329814.453,-0.778,-0.150,-0.059,-0.608,0,0,0,0,0,0,0,71,60,1.372,1,2162,0,396.049,4.096,180.125,351.375,30.750,0.121,0.211,1.055,3.277,2.457,-0.699,3.918,3.894,1.388,1.365,0,NULL,NULL,,3,0,2,7,255,1036,250,0,0
stim,102370,132491,0,132491,3329819.457,-0.781,-0.134,-0.052,-0.608,0,0,0,0,0,0,0,73,60,1.372,1,2162,0,403.579,4.250,202.875,346.313,42.250,0.023,0.273,1.199,3.445,2.488,-0.152,3.940,3.918,1.388,1.365,0,NULL,NULL,,3,0,2,7,255,1036,250,0,0
stim,102370,132491,0,132491,3329824.454,-0.783,-0.118,-0.046,-0.608,0,0,0,0,0,0,0,70,60,1.372,1,2162,0,406.772,5.283,215.938,342.125,42.250,-0.074,0.316,1.438,3.883,3.582,0.996,3.964,3.940,1.388,1.365,0,NULL,NULL,,3,0,2,7,255,1036,250,0,0
stim,102393,132514,0,132514,3329829.457,-0.786,-0.101,-0.040,-0.609,0,0,1,0,0,0,0,69,60,1.372,1,2162,0,407.041,5.941,221.625,338.438,45.000,-0.070,0.246,1.598,3.883,4.496,3.117,3.986,3.964,1.388,1.365,0,NULL,NULL,,3,0,2,7,255,1036,250,0,0
stim,102393,132514,0,132514,3329834.454,-0.789,-0.085,-0.034,-0.608,0,0,3,0,0,0,0,73,60,1.372,1,2162,0,405.123,6.089,222.250,334.875,50.875,-0.148,0.297,1.805,3.750,4.797,4.961,4.010,3.990,1.388,1.365,0,NULL,NULL,,3,0,2,7,255,1036,250,0,0
stim,102393,132514,0,132514,3329839.455,-0.791,-0.069,-0.028,-0.608,0,0,5,0,0,0,0,71,60,1.372,1,2162,0,397.627,6.452,213.688,331.875,48.000,-0.215,0.344,1.984,3.750,5.250,6.949,4.034,4.012,1.388,1.365,0,NULL,NULL,,3,0,2,7,255,1036,250,0,0
stim,102393,132514,0,132514,3329844.453,-0.792,-0.053,-0.022,-0.607,0,0,8,0,0,0,0,69,60,1.372,1,2162,0,387.021,6.581,199.500,328.938,42.250,-0.230,0.340,2.109,3.781,5.387,8.742,4.052,4.030,1.388,1.365,0,NULL,NULL,,3,0,2,7,255,1036,250,0,0
stim,102415,132536,0,132536,3329849.455,-0.794,-0.038,-0.016,-0.607,0,0,11,0,0,0,0,72,60,1.372,1,2162,0,375.392,6.581,182.875,325.625,38.000,-0.215,0.309,2.172,3.781,5.387,10.160,4.066,4.046,1.388,1.365,0,NULL,NULL,,3,0,2,7,255,1036,250,0,0
stim,102415,132536,0,132536,3329854.453,-0.795,-0.023,-0.009,-0.606,0,0,9,0,0,0,0,75,60,1.372,1,2162,0,365.300,5.698,168.750,322.125,34.688,-0.199,0.254,2.172,3.371,4.594,10.992,4.074,4.054,1.388,1.365,0,NULL,NULL,,3,0,2,7,255,1036,250,0,0
stim,102415,132536,0,132536,3329859.456,-0.796,-0.009,-0.002,-0.606,0,0,9,0,0,0,0,71,60,1.372,1,2162,0,359.102,4.570,162.500,318.938,28.750,-0.172,0.180,2.148,2.762,3.641,11.148,4.078,4.056,1.388,1.365,0,NULL,NULL,,3,0,2,7,255,1036,250,0,0
stim,102415,132536,0,132536,3329864.454,-0.796,0.005,0.005,-0.605,0,0,11,0,0,0,0,72,60,1.372,1,2162,0,357.044,3.204,162.625,317.125,21.563,-0.129,0.051,2.117,1.969,2.527,11.148,4.074,4.054,1.388,1.365,0,NULL,NULL,,3,0,2,7,255,1036,250,0,0
stim,102415,132536,0,132536,3329869.455,-0.796,0.019,0.011,-0.605,0,0,13,0,0,0,0,69,60,1.372,1,2162,0,358.051,1.353,167.313,316.125,16.500,-0.086,-0.074,2.070,0.703,1.156,10.926,4.062,4.042,1.388,1.365,0,NULL,NULL,,3,0,2,7,255,1036,250,0,0
stim,102415,132536,0,132536,3329874.454,-0.795,0.034,0.018,-0.605,0,0,8,0,0,0,0,72,60,1.372,1,2162,0,362.614,0.521,177.750,315.875,10.813,-0.051,-0.156,2.016,-0.492,-0.172,10.523,4.042,4.020,1.388,1.365,0,NULL,NULL,,3,0,2,7,255,1036,250,0,0
stim,102468,132589,0,132589,3329879.456,-0.795,0.049,0.023,-0.605,0,0,8,0,0,0,0,73,60,1.372,1,2162,0,372.142,1.895,198.125,315.000,3.375,0.004,-0.227,1.988,-1.359,-1.320,9.918,4.008,3.986,1.388,1.365,0,NULL,NULL,,3,0,2,7,255,1036,250,0,0
stim,102468,132589,0,132589,3329884.454,-0.793,0.064,0.028,-0.605,0,0,10,0,0,0,0,79,60,1.372,1,2162,0,385.944,3.327,225.125,313.438,-5.313,0.113,-0.289,2.047,-2.055,-2.617,9.852,3.962,3.938,1.388,1.365,0,NULL,NULL,,3,0,2,7,255,1036,250,0,0
stim,102468,132589,0,132589,3329889.455,-0.791,0.081,0.033,-0.605,0,0,17,0,0,0,0,84,60,1.372,1,2162,0,400.897,5.129,251.063,312.250,-13.625,0.285,-0.301,2.160,-2.531,-4.461,9.852,3.900,3.878,1.388,1.365,0,NULL,NULL,,3,0,2,7,255,1036,250,0,0
stim,102468,132589,0,132589,3329894.454,-0.789,0.099,0.036,-0.605,0,0,11,0,0,0,0,79,60,1.372,1,2162,0,415.475,7.348,273.938,311.750,-19.750,0.508,-0.281,2.289,-2.531,-6.898,10.508,3.826,3.804,1.388,1.365,0,NULL,NULL,,3,0,2,7,255,1036,250,0,0
stim,102468,132589,0,132589,3329899.455,-0.786,0.117,0.039,-0.605,0,0,18,0,0,0,0,85,60,1.372,1,2162,0,429.189,10.057,293.188,312.563,-23.438,0.695,-0.301,2.445,-2.324,-9.785,11.098,3.738,3.716,1.388,1.365,0,NULL,NULL,,3,0,2,7,255,1036,250,0,0
stim,102468,132589,0,132589,3329904.453,-0.783,0.136,0.042,-0.605,0,0,19,0,0,0,0,87,60,1.372,1,2162,0,439.929,12.806,308.813,312.438,-23.563,0.848,-0.355,2.574,-2.324,-12.594,11.832,3.640,3.616,1.388,1.365,0,NULL,NULL,,3,0,2,7,255,1036,250,0,0
stim,102468,132589,0,132589,3329909.455,-0.780,0.155,0.044,-0.605,0,0,17,0,0,0,0,95,60,1.372,1,2162,0,449.844,15.457,323.250,311.875,-24.563,0.949,-0.316,2.738,-2.973,-15.168,12.129,3.526,3.504,1.388,1.365,0,NULL,NULL,,3,0,2,7,255,1036,250,0,0
stim,102468,132589,0,132589,3329914.454,-0.776,0.174,0.046,-0.605,0,0,18,0,0,0,0,99,60,1.372,1,2162,0,454.573,17.458,329.563,311.438,-32.125,1.043,-0.188,2.961,-2.973,-17.203,12.898,3.400,3.380,1.388,1.365,0,NULL,NULL,,3,0,2,7,255,1036,250,0,0
stim,102490,132611,0,132611,3329919.456,-0.771,0.193,0.049,-0.605,0,0,17,0,0,0,0,103,60,1.372,1,2162,0,448.979,19.341,322.000,309.688,-44.625,1.121,-0.039,3.223,-2.305,-19.203,14.266,3.262,3.242,1.388,1.365,0,NULL,NULL,,3,0,2,7,255,1036,250,0,0
stim,102490,132611,0,132611,3329924.454,-0.766,0.211,0.051,-0.605,0,0,19,0,0,0,0,107,60,1.372,1,2162,0,433.008,21.356,305.375,302.313,-53.375,1.262,0.137,3.547,-1.637,-21.293,16.023,3.112,3.096,1.388,1.365,0,NULL,NULL,,3,0,2,7,255,1036,250,0,0
stim,102490,132611,0,132611,3329929.457,-0.761,0.227,0.056,-0.606,0,0,18,0,0,0,0,121,60,1.372,1,2162,0,388.282,24.259,231.563,301.563,-78.750,1.504,0.254,3.551,-0.668,-24.250,16.801,2.956,2.940,1.388,1.365,0,NULL,NULL,,3,0,2,7,255,1036,250,0,0
stim,102490,132611,0,132611,3329934.453,-0.756,0.240,0.062,-0.606,0,0,16,0,0,0,0,157,60,1.372,1,2162,0,349.461,27.057,177.375,290.313,-79.875,1.820,0.262,3.367,0.566,-27.051,16.801,2.794,2.780,1.388,1.365,0,NULL,NULL,,3,0,2,7,255,1036,250,0,0
stim,102490,132611,0,132611,3329939.455,-0.751,0.251,0.068,-0.606,0,0,12,0,0,0,0,163,60,1.372,1,2162,0,316.423,29.819,134.750,277.063,-72.125,2.125,0.168,3.133,1.418,-29.785,13.227,2.626,2.614,1.388,1.365,0,NULL,NULL,,3,0,2,7,255,1036,250,0,0
stim,102490,132611,0,132611,3329944.454,-0.748,0.261,0.075,-0.606,0,0,12,0,0,0,0,184,60,1.372,1,2162,0,283.034,32.145,92.500,259.938,-63.125,2.383,-0.043,2.828,1.418,-32.113,8.953,2.460,2.448,1.388,1.365,0,NULL,NULL,,3,0,2,7,255,1036,250,0,0
stim,102513,132634,0,132634,3329949.456,-0.745,0.269,0.082,-0.605,0,0,8,0,0,0,0,213,60,1.372,1,2162,0,253.133,33.619,57.188,240.688,-53.625,2.641,-0.207,2.387,0.613,-33.613,3.930,2.290,2.282,1.388,1.365,0,NULL,NULL,,3,0,2,7,255,1036,250,0,0
stim,102513,132634,0,132634,3329954.453,-0.742,0.276,0.088,-0.605,0,0,0,0,0,0,0,255,60,1.372,1,2162,0,228.044,34.142,42.813,219.688,-43.688,2.906,-0.309,1.930,0.613,-34.137,-2.086,2.120,2.112,1.388,1.365,0,NULL,NULL,,3,0,2,7,255,1036,250,0,0
stim,102513,132634,0,132634,3329959.456,-0.740,0.283,0.094,-0.604,0,0,0,0,0,0,0,299,60,1.372,1,2162,0,204.772,34.366,49.375,196.500,-29.688,3.195,-0.426,1.520,1.004,-34.352,-8.000,1.942,1.938,1.388,1.365,0,NULL,NULL,,3,0,2,7,255,1036,250,0,0
stim,102513,132634,0,132634,3329964.454,-0.738,0.289,0.098,-0.602,0,0,0,0,0,0,0,341,60,1.372,1,2162,0,184.530,34.804,66.563,171.688,-12.000,3.500,-0.648,1.172,1.004,-34.789,-13.645,1.764,1.758,1.388,1.365,0,NULL,NULL,,3,0,2,7,255,1036,250,0,0
stim,102540,132661,0,132661,3329969.455,-0.736,0.296,0.100,-0.601,0,0,0,0,0,0,0,371,60,1.372,1,2162,0,173.249,35.634,91.313,146.875,10.250,3.754,-1.031,0.852,0.625,-35.629,-19.082,1.578,1.574,1.388,1.365,0,NULL,NULL,,3,0,2,7,255,1036,250,0,0
stim,102540,132661,0,132661,3329974.454,-0.734,0.304,0.100,-0.599,0,0,0,0,0,0,0,375,60,1.372,1,2162,0,183.858,36.277,133.063,122.063,34.625,3.895,-1.551,0.613,-1.668,-36.238,-24.465,1.390,1.388,1.388,1.365,0,NULL,NULL,,3,0,2,7,255,1036,250,0,0
stim,102540,132661,0,132661,3329979.457,-0.733,0.313,0.097,-0.596,0,0,0,0,0,0,0,365,60,1.372,1,2162,0,227.676,36.899,198.750,94.250,58.750,3.895,-2.066,0.563,-5.539,-36.480,-29.070,1.200,1.198,1.388,1.365,0,NULL,NULL,,3,0,2,7,255,1036,250,0,0
stim,102540,132661,0,132661,3329984.453,-0.731,0.324,0.091,-0.594,0,0,5,0,0,0,0,349,60,1.372,1,2162,0,305.512,37.840,286.875,61.938,84.875,3.707,-2.262,0.855,-9.980,-36.500,-29.648,1.008,1.008,1.388,1.365,0,NULL,NULL,,3,0,2,7,255,1036,250,0,0
stim,102576,132697,0,132697,3329989.457,-0.728,0.337,0.081,-0.592,0,0,9,0,0,0,0,347,60,1.372,1,2162,0,377.976,38.367,364.250,26.563,97.375,3.355,-1.879,1.551,-11.516,-36.598,-29.648,0.812,0.814,1.388,1.365,0,NULL,NULL,,3,0,2,7,255,1036,250,0,0
stim,102576,132697,0,132697,3329994.454,-0.724,0.349,0.069,-0.591,0,0,7,0,0,0,0,344,60,1.372,1,2162,0,396.515,38.904,386.500,-11.438,87.813,2.977,-1.180,2.441,-11.516,-37.160,-21.895,0.614,0.616,1.388,1.365,0,NULL,NULL,,3,0,2,7,255,1036,250,0,0
stim,102576,132697,0,132697,3329999.457,-0.721,0.359,0.058,-0.590,0,0,0,0,0,0,0,328,60,1.372,1,2162,0,351.979,39.532,341.125,-46.938,72.938,2.582,-0.355,3.160,-8.891,-38.520,-11.227,0.424,0.420,1.388,1.365,0,NULL,NULL,,3,0,2,7,255,1036,250,0,0
stim,102576,132697,0,132697,3330004.453,-0.718,0.365,0.048,-0.590,0,0,0,5,0,0,0,493,60,1.372,1,2162,0,280.751,39.532,265.438,-80.750,42.938,1.914,-0.250,3.805,-8.891,-38.520,-0.934,0.278,0.284,1.388,1.365,0,NULL,NULL,,3,0,2,7,255,1036,250,0,0
stim,102576,132697,0,132697,3330009.456,-0.719,0.378,0.018,-0.584,339,0,0,563,0,57,0,543,60,1.372,1,2162,0,753.046,39.923,597.500,-272.375,368.625,1.313,0.301,8.016,-9.137,-38.863,7.422,0.214,0.262,1.388,1.365,0,NULL,NULL,,3,0,2,7,255,1036,250,0,0
stim,102576,132697,0,132697,3330014.453,-0.724,0.374,0.004,-0.579,1067,0,0,1319,0,277,0,611,60,1.372,1,2162,0,371.799,58.959,81.625,-251.375,261.500,0.508,1.984,10.148,-21.699,-54.820,42.984,0.234,0.306,1.388,1.365,0,NULL,NULL,,3,0,2,7,255,1036,250,0,0
stim,102576,132697,0,132697,3330019.455,-0.749,0.331,0.026,-0.573,1641,0,0,1753,0,541,0,676,60,1.372,1,2162,0,1255.171,58.959,-1220.875,-157.875,244.938,0.219,2.414,3.582,-21.699,-54.820,42.984,0.292,0.364,1.388,1.365,0,NULL,NULL,,3,0,2,7,255,1036,250,0,0
stim,102576,132697,0,132697,3330024.454,-0.775,0.282,0.049,-0.564,2043,0,0,1926,0,860,0,749,60,1.372,1,2163,0,1400.601,19.972,-1354.313,-221.000,280.500,-0.391,4.070,-1.633,10.645,-16.898,27.594,0.342,0.414,1.388,1.365,1,1000.000,-36.000,,3,0,2,7,255,1036,250,0,0
stim,102596,132717,0,132717,3330029.457,-0.790,0.253,0.059,-0.555,2339,0,0,2122,0,1107,0,819,60,1.372,1,2163,0,805.760,28.964,-749.250,-152.625,254.125,-1.645,2.434,-3.590,21.156,19.781,-7.727,0.382,0.456,1.388,1.365,1,NULL,NULL,,3,0,2,7,255,1036,250,0,0
stim,102596,132717,0,132717,3330034.453,-0.796,0.241,0.058,-0.552,2510,0,0,2253,0,1289,0,919,60,1.372,1,2163,0,302.848,30.893,-233.500,-162.375,104.063,-2.000,-0.590,-1.750,21.156,22.512,-19.648,0.418,0.490,1.388,1.365,1,NULL,NULL,,3,0,2,7,255,1036,250,0,0
stim,102596,132717,1,132717,3330039.457,-0.795,0.239,0.052,-0.554,2612,0,0,2351,0,1449,0,1023,60,1.372,1,2163,0,153.943,23.119,36.750,-147.125,-26.500,-0.563,-0.180,0.984,-5.266,22.512,-19.648,0.462,0.520,1.388,1.365,1,NULL,NULL,,3,1,2,7,255,1036,250,0,0
stim,102596,132717,1,132717,3330044.454,-0.796,0.238,0.047,-0.554,2769,0,0,2557,0,1587,0,1123,60,1.372,1,2163,0,129.100,5.266,38.563,-114.938,44.375,0.668,2.438,1.734,-5.266,0.000,0.172,0.502,0.540,1.388,1.365,2,NULL,NULL,,3,1,2,7,255,1036,250,0,0
stim,102596,132717,1,132717,3330049.455,-0.802,0.232,0.043,-0.548,2887,0,0,2730,0,1643,0,1228,60,1.372,1,2163,0,236.002,15.155,-85.000,-116.000,187.125,0.004,2.074,2.273,14.836,-3.094,10.297,0.522,0.542,1.388,1.365,2,NULL,NULL,,3,1,2,7,255,1036,250,0,0
stim,102596,132717,1,132717,3330054.454,-0.813,0.218,0.042,-0.539,2961,0,0,2857,0,1679,0,1325,60,1.372,1,2163,0,471.853,15.155,-318.063,-180.563,298.125,-2.105,-0.793,1.395,14.836,-3.094,10.297,0.504,0.514,1.388,1.365,2,NULL,NULL,,3,1,2,7,255,1036,250,0,0
stim,102626,132747,1,132747,3330059.456,-0.818,0.200,0.045,-0.537,3005,0,0,2940,0,1716,0,1448,60,1.372,1,2163,0,438.873,20.070,-400.313,-168.750,62.313,-2.684,-1.434,0.164,-17.570,9.699,6.734,0.456,0.450,1.388,1.365,2,NULL,NULL,,3,1,2,7,255,1036,250,0,0
stim,102626,132747,1,132747,3330064.453,-0.817,0.187,0.045,-0.543,3049,0,0,3013,0,1752,0,1571,60,1.372,1,2163,0,325.768,20.197,-227.188,-180.625,-147.938,-1.285,-0.828,-0.563,-17.570,9.961,-4.262,0.392,0.366,1.388,1.365,2,NULL,NULL,,3,1,2,7,255,1036,250,0,0
stim,102626,132747,1,132747,3330069.458,-0.813,0.181,0.040,-0.552,3079,0,0,3065,0,1789,0,1636,60,1.372,1,2163,0,275.750,15.599,-29.063,-174.000,-211.938,0.199,-0.590,0.703,-12.004,9.961,-5.152,0.346,0.284,1.388,1.365,2,NULL,NULL,,3,1,2,7,255,1036,250,0,0
stim,102626,132747,1,132747,3330074.454,-0.810,0.177,0.036,-0.558,3095,0,0,3111,0,1831,0,1651,60,1.372,1,2163,0,207.560,9.226,-1.000,-148.875,-144.625,1.324,-1.078,1.875,-7.012,-5.996,-5.152,0.334,0.234,1.388,1.365,2,NULL,NULL,,3,1,2,7,255,1036,250,0,0
stim,102626,132747,1,132747,3330079.455,-0.811,0.171,0.033,-0.559,3113,0,0,3144,0,1871,0,1643,60,1.372,1,2163,0,155.051,22.040,-79.438,-133.125,2.875,1.668,-1.551,2.105,-7.012,-20.895,1.855,0.340,0.216,1.388,1.365,2,NULL,NULL,,3,1,2,7,255,1036,250,0,0
stim,102626,132747,1,132747,3330084.453,-0.817,0.162,0.033,-0.553,3124,0,0,3171,0,1915,47,1619,60,1.372,1,2163,0,279.308,23.266,-186.750,-118.875,170.313,1.121,-1.684,1.766,-10.234,-20.895,1.855,0.350,0.210,1.388,1.365,2,NULL,NULL,,3,1,2,7,255,1036,250,0,0
stim,102675,132796,1,132796,3330089.457,-0.824,0.152,0.033,-0.544,3130,0,0,3189,0,1991,126,1637,60,1.372,1,2163,0,355.635,23.182,-222.500,-105.875,256.438,-0.109,-1.051,0.875,-10.613,-20.609,0.797,0.354,0.204,1.388,1.365,2,NULL,NULL,,3,1,2,7,255,1036,250,0,0
stim,102675,132796,1,132796,3330094.453,-0.830,0.143,0.032,-0.538,3133,0,0,3197,0,2067,197,1675,60,1.372,1,2163,0,284.010,11.855,-188.875,-110.063,181.313,-1.406,-0.125,0.539,-10.613,-5.281,-2.059,0.354,0.196,1.388,1.365,2,NULL,NULL,,3,1,2,7,255,1036,250,0,0
stim,102675,132796,1,132796,3330099.455,-0.832,0.137,0.030,-0.536,3135,0,0,3208,0,2141,210,1726,60,1.372,1,2163,0,166.694,11.527,-95.625,-124.750,55.500,-0.859,0.500,0.199,-7.379,8.855,-3.277,0.340,0.180,1.388,1.365,2,NULL,NULL,,3,1,2,7,255,1036,250,0,0
stim,102675,132796,1,132796,3330104.454,-0.833,0.132,0.026,-0.537,3135,0,0,3211,0,2227,215,1828,60,1.372,1,2163,0,144.437,8.860,-48.688,-135.875,-5.438,-0.566,0.398,1.168,0.297,8.855,-2.059,0.320,0.156,1.388,1.365,2,NULL,NULL,,3,1,2,7,255,1036,250,0,0
stim,102675,132796,1,132796,3330109.455,-0.833,0.125,0.023,-0.539,3133,0,0,3213,0,2295,264,1947,60,1.372,1,2163,0,162.035,3.707,-93.000,-130.500,-24.000,-0.203,0.188,1.395,0.297,3.695,2.941,0.300,0.132,1.388,1.365,2,NULL,NULL,,3,1,2,7,255,1036,250,0,0
stim,102675,132796,1,132796,3330114.453,-0.833,0.119,0.022,-0.540,3132,0,0,3213,56,2348,283,2085,60,1.372,1,2163,0,151.882,0.613,-102.375,-107.250,-32.938,0.203,0.043,1.668,0.063,-0.609,4.129,0.286,0.116,1.388,1.365,2,NULL,NULL,,3,1,2,7,255,1036,250,0,0
stim,102675,132796,1,132796,3330119.455,-0.832,0.114,0.022,-0.542,3131,0,0,3211,309,2377,287,2147,60,1.372,1,2163,0,120.950,5.106,-89.750,-58.813,-55.813,0.594,-0.176,1.363,-0.039,-5.105,4.129,0.276,0.102,1.388,1.365,2,NULL,NULL,,3,1,2,7,255,1036,250,0,0
stim,102675,132796,1,132796,3330124.454,-0.832,0.111,0.021,-0.543,3128,0,0,3213,541,2402,295,2205,60,1.372,1,2163,0,77.756,8.028,-50.688,-54.188,-23.250,0.793,0.215,0.926,0.063,-8.027,2.082,0.274,0.092,1.388,1.365,2,NULL,NULL,,3,1,2,7,255,1036,250,0,0
stim,102693,132814,1,132814,3330129.455,-0.832,0.109,0.021,-0.544,3126,0,0,3211,695,2425,311,2263,60,1.372,1,2163,0,54.123,8.029,-35.313,-38.688,-13.625,0.023,0.117,1.645,0.148,-8.027,2.082,0.272,0.084,1.388,1.365,2,NULL,NULL,,3,1,2,7,255,1036,250,0,0
stim,102693,132814,1,132814,3330134.454,-0.832,0.104,0.023,-0.545,3125,0,0,3209,867,2443,327,2309,60,1.372,1,2163,0,116.798,2.922,-110.000,-23.188,-31.688,-0.078,-0.266,1.148,0.148,-2.918,1.059,0.268,0.076,1.388,1.365,2,NULL,NULL,,3,1,2,7,255,1036,250,0,0
stim,102693,132814,1,132814,3330139.455,-0.832,0.100,0.024,-0.546,3123,0,0,3208,1019,2453,327,2341,60,1.372,1,2163,0,93.756,3.237,-89.938,-19.313,-18.125,-0.020,-0.180,0.652,-2.051,-2.504,1.059,0.264,0.068,1.388,1.365,2,NULL,NULL,,3,1,2,7,255,1036,250,0,0
stim,102693,132814,1,132814,3330144.453,-0.831,0.099,0.025,-0.547,3119,19,0,3208,1115,2460,333,2375,60,1.372,1,2163,0,54.674,2.686,-34.125,-18.375,-38.563,-0.250,-0.039,0.863,-2.051,-1.734,-1.168,0.262,0.062,1.388,1.365,2,NULL,NULL,,3,1,2,7,255,1036,250,0,0
stim,102724,132845,1,132845,3330149.455,-0.829,0.098,0.024,-0.550,3116,26,0,3205,1209,2467,332,2391,60,1.372,1,2163,0,68.388,1.907,-9.438,-13.188,-66.438,-0.074,0.148,1.074,-1.762,-0.730,-1.168,0.264,0.052,1.388,1.365,2,NULL,NULL,,3,1,2,7,255,1036,250,0,0
stim,102724,132845,1,132845,3330154.453,-0.828,0.096,0.025,-0.552,3119,35,0,3197,1285,2477,329,2407,60,1.372,1,2163,0,68.312,0.932,-28.000,-9.625,-61.563,0.059,0.148,1.227,0.578,-0.730,0.801,0.264,0.048,1.388,1.365,2,NULL,NULL,,3,1,2,7,255,1036,250,0,0
stim,102724,132845,1,132845,3330159.456,-0.827,0.094,0.026,-0.553,3117,41,0,3197,1341,2483,329,2423,60,1.372,1,2163,0,75.502,1.955,-61.125,-6.688,-43.813,0.000,0.027,1.125,0.578,-1.867,1.074,0.266,0.042,1.388,1.365,2,NULL,NULL,,3,1,2,7,255,1036,250,0,0
stim,102724,132845,1,132845,3330164.454,-0.827,0.091,0.028,-0.555,3116,61,0,3193,1413,2491,317,2441,60,1.372,1,2163,0,79.558,1.875,-67.125,-1.250,-42.688,-0.121,-0.016,0.938,-0.176,-1.867,1.074,0.266,0.034,1.388,1.365,2,NULL,NULL,,3,1,2,7,255,1036,250,0,0
stim,102724,132845,1,132845,3330169.456,-0.825,0.089,0.029,-0.557,3125,93,0,3193,1471,2493,313,2453,60,1.372,1,2163,0,71.413,0.802,-47.813,-2.188,-53.000,-0.141,0.031,0.863,-0.512,-0.617,-0.590,0.266,0.028,1.388,1.365,2,NULL,NULL,,3,1,2,7,255,1036,250,0,0
stim,102724,132845,1,132845,3330174.454,-0.824,0.088,0.030,-0.559,3113,110,0,3191,1541,2495,305,2461,60,1.372,1,2163,0,65.230,0.802,-28.375,-2.375,-58.688,-0.082,0.035,0.953,-0.512,-0.617,-0.590,0.266,0.018,1.388,1.365,2,NULL,NULL,,3,1,2,7,255,1036,250,0,0
stim,102771,132892,1,132892,3330179.458,-0.823,0.087,0.030,-0.561,3114,125,0,3191,1575,2502,301,2469,60,1.372,1,2163,0,58.511,0.815,-25.125,-1.750,-52.813,-0.020,0.051,1.035,-0.246,-0.777,-0.461,0.270,0.012,1.388,1.365,2,NULL,NULL,,3,1,2,7,255,1036,250,0,0
stim,102771,132892,1,132892,3330184.453,-0.822,0.085,0.031,-0.562,3113,135,0,3189,1591,2504,277,2469,60,1.372,1,2163,0,51.320,1.400,-29.313,0.063,-42.125,0.008,0.082,1.039,0.129,-1.395,0.270,0.272,0.006,1.388,1.365,2,NULL,NULL,,3,1,2,7,255,1036,250,0,0
stim,102771,132892,1,132892,3330189.455,-0.821,0.084,0.032,-0.563,3103,135,0,3189,1636,2509,245,2467,60,1.372,1,2163,0,44.545,1.462,-30.625,1.500,-32.313,-0.020,0.078,1.012,0.438,-1.395,0.270,0.000,0.000,1.388,1.365,2,NULL,NULL,,3,1,2,7,255,1036,250,0,0
stim,102771,132892,1,132892,3330194.454,-0.821,0.083,0.033,-0.564,3108,143,0,3188,1661,2505,236,2477,60,1.372,1,2163,0,38.169,1.321,-27.688,2.125,-26.188,-0.070,0.047,1.000,0.438,-1.246,0.043,0.000,0.000,1.388,1.365,2,NULL,NULL,,3,1,2,7,255,1036,250,0,0
stim,102771,132892,1,132892,3330199.455,-0.820,0.082,0.033,-0.565,3100,155,0,3177,1703,2495,233,2475,60,1.372,1,2163,0,33.735,0.868,-23.063,2.438,-24.500,-0.105,0.035,1.000,-0.039,-0.867,0.039,0.000,0.000,1.388,1.365,2,NULL,NULL,,3,1,2,7,255,1036,250,0,0
stim,102771,132892,1,132892,3330204.453,-0.820,0.082,0.034,-0.566,3099,159,13,3177,1718,2496,205,2473,60,1.372,1,2163,0,30.042,0.584,-17.125,2.438,-24.563,-0.113,0.055,1.000,-0.047,-0.582,0.039,0.000,0.000,1.388,1.365,2,NULL,NULL,,3,1,2,7,255,1036,250,0,0
stim,102771,132892,1,132892,3330209.455,-0.819,0.081,0.034,-0.567,3099,169,43,3175,1722,2502,182,2473,60,1.372,1,2163,0,27.103,0.432,-12.563,1.938,-23.938,-0.109,0.078,1.020,-0.047,-0.430,0.059,0.000,0.000,1.388,1.365,2,NULL,NULL,,3,1,2,7,255,1036,250,0,0
stim,102771,132892,1,132892,3330214.453,-0.819,0.081,0.035,-0.567,3096,175,57,3172,1738,2500,155,2473,60,1.411,1,2163,1,25.081,0.470,-11.563,1.750,-22.188,-0.105,0.086,1.035,0.191,-0.430,0.262,0.000,0.000,1.316,1.432,2,NULL,NULL,,3,1,2,7,255,1036,250,0,0
stim,102792,132913,1,132913,3330219.455,-0.818,0.080,0.035,-0.568,3089,173,105,3165,1757,2507,147,2470,60,1.411,1,2163,1,22.831,0.474,-12.750,1.563,-18.875,-0.105,0.070,1.027,0.191,-0.434,0.316,0.004,0.004,1.316,1.432,2,NULL,NULL,,3,1,2,7,255,1036,250,0,0
stim,102792,132913,1,132913,3330224.454,-0.818,0.080,0.035,-0.569,3069,167,139,3160,1767,2489,149,2464,60,1.411,1,2163,1,19.186,0.453,-13.438,0.438,-13.688,-0.137,0.035,0.992,0.133,-0.434,0.316,0.008,0.006,1.316,1.432,2,NULL,NULL,,3,1,2,7,255,1036,250,0,0
stim,102792,132913,1,132913,3330229.456,-0.818,0.079,0.036,-0.569,3067,167,159,3154,1790,2493,146,2473,60,1.411,1,2163,1,16.512,0.370,-11.750,-0.938,-11.563,-0.172,0.016,0.969,-0.262,-0.262,0.004,0.012,0.008,1.316,1.432,2,NULL,NULL,,3,1,2,7,255,1036,250,0,0
stim,102792,132913,1,132913,3330234.453,-0.818,0.079,0.036,-0.569,3059,167,168,3139,1817,2483,148,2471,60,1.411,1,2163,1,15.064,0.579,-8.375,-3.125,-12.125,-0.195,0.020,0.957,-0.578,0.035,-0.160,0.014,0.008,1.316,1.432,2,NULL,NULL,,3,1,2,7,255,1036,250,0,0
stim,102792,132913,1,132913,3330239.455,-0.817,0.078,0.036,-0.570,3047,167,185,3126,1838,2503,148,2489,60,1.411,1,2163,1,14.675,0.646,-4.500,-5.563,-12.813,-0.203,0.035,0.965,-0.578,0.289,-0.164,0.016,0.010,1.316,1.432,2,NULL,NULL,,3,1,2,7,255,1036,250,0,0
stim,102792,132913,1,132913,3330244.453,-0.817,0.078,0.036,-0.570,3035,167,247,3114,1865,2485,148,2485,60,1.411,1,2163,1,15.436,0.607,-2.438,-7.750,-13.125,-0.207,0.051,0.988,-0.465,0.391,-0.164,0.016,0.010,1.316,1.432,2,NULL,NULL,,3,1,2,7,255,1036,250,0,0
stim,102813,132934,1,132934,3330249.455,-0.817,0.078,0.035,-0.571,3022,165,279,3108,1885,2479,143,2491,60,1.411,1,2163,1,17.333,0.516,-2.313,-9.500,-14.313,-0.191,0.074,0.992,-0.328,0.398,0.066,0.018,0.012,1.316,1.432,2,NULL,NULL,,3,1,2,7,255,1036,250,0,0
stim,102813,132934,1,132934,3330254.454,-0.816,0.078,0.035,-0.571,3000,163,308,3090,1914,2476,165,2495,60,1.411,1,2163,1,18.391,0.405,-1.938,-10.813,-14.750,-0.164,0.086,0.988,-0.070,0.398,0.066,0.020,0.012,1.316,1.432,2,NULL,NULL,,3,1,2,7,255,1036,250,0,0
stim,102813,132934,1,132934,3330259.455,-0.816,0.077,0.035,-0.572,2986,163,339,3069,1952,2483,191,2509,60,1.411,1,2163,1,18.067,0.195,-2.750,-11.688,-13.500,-0.148,0.070,0.980,0.035,0.191,0.031,0.020,0.014,1.316,1.432,2,NULL,NULL,,3,1,2,7,255,1036,250,0,0
stim,102813,132934,1,132934,3330264.453,-0.816,0.077,0.035,-0.572,2967,159,403,3051,1991,2479,219,2521,60,1.411,1,2163,1,17.851,0.168,-3.688,-12.750,-11.938,-0.164,0.059,0.969,0.035,0.164,-0.066,0.022,0.014,1.316,1.432,2,NULL,NULL,,3,1,2,7,255,1036,250,0,0
stim,102842,132963,1,132963,3330269.457,-0.815,0.076,0.034,-0.573,2951,159,440,3035,2011,2479,271,2539,60,1.411,1,2163,1,19.489,0.206,-3.688,-13.688,-13.375,-0.191,0.066,0.973,-0.125,0.164,-0.086,0.020,0.016,1.316,1.432,2,NULL,NULL,,3,1,2,7,255,1036,250,0,0
stim,102842,132963,1,132963,3330274.454,-0.815,0.076,0.034,-0.573,2927,158,503,3019,2036,2485,287,2549,60,1.411,1,2163,1,23.738,0.436,-2.125,-14.563,-18.625,-0.184,0.090,0.977,-0.125,0.418,-0.086,0.020,0.016,1.316,1.432,2,NULL,NULL,,3,1,2,7,255,1036,250,0,0
stim,102842,132963,1,132963,3330279.456,-0.814,0.075,0.033,-0.574,2907,178,575,3003,2069,2483,313,2569,60,1.411,1,2163,1,26.250,0.432,-0.625,-15.313,-21.313,-0.141,0.105,0.992,0.109,0.418,-0.031,0.018,0.018,1.316,1.432,2,NULL,NULL,,3,1,2,7,255,1036,250,0,0
stim,102842,132963,1,132963,3330284.454,-0.814,0.075,0.033,-0.575,2879,179,652,2975,2107,2485,343,2582,60,1.411,1,2163,1,24.694,0.403,-1.875,-15.813,-18.875,-0.102,0.105,1.012,0.395,0.082,0.055,0.016,0.020,1.316,1.432,2,NULL,NULL,,3,1,2,7,255,1036,250,0,0
stim,102875,132996,0,132996,3330289.455,-0.814,0.074,0.032,-0.576,2851,184,713,2962,2163,2485,392,2600,60,1.411,1,2163,1,22.491,0.484,-4.188,-15.688,-15.563,-0.105,0.098,1.016,0.414,-0.250,0.199,0.014,0.022,1.316,1.432,2,NULL,NULL,,3,0,2,7,255,1040,250,0,0
stim,102875,132996,0,132996,3330294.453,-0.813,0.074,0.032,-0.576,2829,189,783,2935,2211,2487,415,2615,60,1.411,1,2163,1,21.580,0.563,-4.875,-16.063,-13.563,-0.148,0.125,1.004,0.504,-0.250,0.199,0.014,0.026,1.316,1.432,2,NULL,NULL,,3,0,2,7,255,1040,250,0,0
stim,102875,132996,0,132996,3330299.455,-0.813,0.073,0.031,-0.577,2793,223,867,2917,2263,2493,467,2636,60,1.411,1,2163,1,23.543,0.576,-2.750,-16.813,-16.250,-0.180,0.164,1.008,0.527,0.230,0.211,0.012,0.028,1.316,1.432,2,NULL,NULL,,3,0,2,7,255,1040,250,0,0
stim,102875,132996,0,132996,3330304.454,-0.813,0.073,0.031,-0.577,2768,237,955,2893,2307,2500,579,2645,60,1.411,1,2163,1,27.009,1.014,-2.188,-17.375,-20.563,-0.168,0.184,1.020,0.805,0.617,0.293,0.012,0.032,1.316,1.432,2,NULL,NULL,,3,0,2,7,255,1040,250,0,0
stim,102875,132996,0,132996,3330309.456,-0.812,0.072,0.030,-0.578,2734,236,1053,2869,2343,2501,695,2655,60,1.411,1,2163,1,28.856,1.198,-4.375,-18.000,-22.125,-0.152,0.184,1.023,1.027,0.617,0.375,0.014,0.036,1.316,1.432,2,NULL,NULL,,3,0,2,7,255,1040,250,0,0
stim,102875,132996,0,132996,3330314.454,-0.812,0.072,0.030,-0.579,2679,237,1159,2847,2390,2501,841,2676,60,1.411,1,2163,1,32.894,1.199,-8.688,-18.000,-26.125,-0.156,0.191,1.031,1.063,0.555,0.398,0.018,0.042,1.316,1.432,2,NULL,NULL,,3,0,2,7,255,1040,250,0,0
stim,102875,132996,0,132996,3330319.455,-0.811,0.071,0.029,-0.580,2630,243,1269,2825,2429,2504,927,2685,60,1.411,1,2163,1,40.845,1.173,-12.688,-17.188,-34.813,-0.156,0.176,1.031,1.063,0.496,0.500,0.022,0.048,1.316,1.432,2,NULL,NULL,,3,0,2,7,255,1040,250,0,0
stim,102875,132996,0,132996,3330324.454,-0.810,0.070,0.029,-0.582,2519,245,1389,2807,2463,2501,1067,2710,60,1.411,1,2163,1,47.061,1.109,-15.750,-16.750,-41.063,-0.129,0.113,1.004,0.992,0.496,0.500,0.028,0.054,1.316,1.432,2,NULL,NULL,,3,0,2,7,255,1040,250,0,0
stim,102901,133022,0,133022,3330329.456,-0.809,0.069,0.029,-0.583,2517,250,1503,2795,2515,2507,1199,2716,60,1.411,1,2163,1,48.770,0.519,-18.188,-17.000,-41.938,-0.129,0.055,0.996,0.508,0.109,0.152,0.032,0.062,1.316,1.432,2,NULL,NULL,,3,0,2,7,255,1040,250,0,0
stim,102901,133022,0,133022,3330334.454,-0.808,0.068,0.029,-0.585,2453,273,1641,2771,2541,2505,1290,2733,60,1.411,1,2163,1,51.520,0.113,-20.750,-17.125,-43.938,-0.152,0.035,0.996,-0.027,0.109,0.070,0.038,0.068,1.316,1.432,2,NULL,NULL,,3,0,2,7,255,1040,250,0,0
stim,102901,133022,0,133022,3330339.455,-0.807,0.066,0.029,-0.587,2405,295,1753,2729,2583,2505,1435,2749,60,1.411,1,2163,1,56.335,0.288,-23.500,-17.125,-48.250,-0.160,0.012,1.000,-0.258,0.129,0.070,0.040,0.072,1.316,1.432,2,NULL,NULL,,3,0,2,7,255,1040,250,0,0
stim,102901,133022,0,133022,3330344.453,-0.805,0.064,0.030,-0.588,2317,302,1865,2693,2620,2509,1530,2752,60,1.411,1,2163,1,63.594,0.490,-30.250,-18.438,-52.813,-0.160,-0.027,1.023,-0.473,0.129,0.109,0.042,0.074,1.316,1.432,2,NULL,NULL,,3,0,2,7,255,1040,250,0,0
stim,102901,133022,0,133022,3330349.456,-0.804,0.062,0.030,-0.590,2223,333,1976,2665,2659,2521,1653,2779,60,1.411,1,2163,1,71.480,0.801,-38.813,-18.625,-57.063,-0.152,-0.070,1.035,-0.801,0.027,0.332,0.042,0.076,1.316,1.432,2,NULL,NULL,,3,0,2,7,255,1040,250,0,0
stim,102901,133022,0,133022,3330354.453,-0.803,0.060,0.031,-0.593,2159,332,2083,2617,2696,2520,1767,2797,60,1.411,1,2163,1,84.185,1.141,-54.563,-21.563,-60.375,-0.191,-0.082,1.094,-1.141,0.027,0.430,0.042,0.076,1.316,1.432,2,NULL,NULL,,3,0,2,7,255,1040,250,0,0
stim,102926,133047,0,133047,3330359.455,-0.801,0.057,0.032,-0.595,2066,342,2173,2577,2713,2520,1843,2800,60,1.411,1,2163,1,100.448,1.151,-69.938,-22.500,-68.500,-0.184,-0.008,1.051,-1.141,0.156,0.613,0.042,0.078,1.316,1.432,2,NULL,NULL,,3,0,2,7,255,1040,250,0,0
stim,102926,133047,0,133047,3330364.454,-0.800,0.053,0.033,-0.597,1949,338,2283,2525,2740,2525,1952,2829,60,1.411,1,2163,0,99.936,0.550,-67.125,-23.188,-70.313,-0.102,0.051,0.898,-0.527,0.156,0.613,0.042,0.078,1.316,1.432,2,NULL,NULL,,3,0,2,7,255,1040,250,0,0
stim,102926,133047,0,133047,3330369.457,-0.798,0.051,0.034,-0.599,1845,345,2357,2455,2765,2533,2043,2835,60,1.411,1,2163,0,86.846,0.227,-53.313,-24.250,-64.125,-0.078,-0.016,0.902,-0.227,-0.008,-0.930,0.042,0.080,1.316,1.432,2,NULL,NULL,,3,0,2,7,255,1040,250,0,0
stim,102926,133047,0,133047,3330374.454,-0.797,0.048,0.034,-0.601,1707,343,2430,2377,2781,2532,2120,2845,60,1.411,1,2163,0,74.148,0.455,-41.125,-25.625,-56.125,-0.082,-0.102,0.973,-0.227,-0.395,-0.930,0.040,0.078,1.316,1.432,2,NULL,NULL,,3,0,2,7,255,1040,250,0,0
stim,102926,133047,0,133047,3330379.455,-0.796,0.046,0.034,-0.603,1547,334,2509,2284,2807,2532,2198,2860,60,1.411,1,2163,0,72.178,1.193,-41.875,-27.188,-52.125,-0.098,-0.156,1.035,-1.012,-0.633,-0.266,0.040,0.078,1.316,1.432,2,NULL,NULL,,3,0,2,7,255,1040,250,0,0
stim,102926,133047,0,133047,3330384.454,-0.794,0.043,0.035,-0.605,1391,327,2553,2199,2827,2533,2275,2873,60,1.411,1,2163,0,70.962,1.233,-44.875,-27.563,-47.563,-0.094,-0.113,1.016,-1.059,-0.633,0.172,0.040,0.078,1.316,1.432,2,NULL,NULL,,3,0,2,7,255,1040,250,0,0
stim,102980,133101,0,133101,3330389.456,-0.793,0.041,0.035,-0.606,1189,301,2600,2079,2851,2523,2335,2893,60,1.411,1,2163,0,67.596,1.177,-42.875,-27.500,-44.438,-0.129,-0.043,0.992,-1.059,-0.516,0.172,0.038,0.078,1.316,1.432,2,NULL,NULL,,3,0,2,7,255,1040,250,0,0
stim,102980,133101,0,133101,3330394.454,-0.792,0.039,0.035,-0.608,1041,271,2638,1946,2863,2524,2393,2887,60,1.411,1,2163,0,68.293,0.471,-40.063,-29.750,-46.625,-0.137,0.012,1.008,-0.469,0.047,0.160,0.038,0.078,1.316,1.432,2,NULL,NULL,,3,0,2,7,255,1040,250,0,0
stim,102980,133101,0,133101,3330399.457,-0.791,0.037,0.035,-0.609,835,260,2671,1763,2879,2519,2447,2909,60,1.411,1,2163,0,65.450,0.066,-35.125,-32.875,-44.375,-0.063,0.051,1.000,0.047,0.047,0.012,0.038,0.078,1.316,1.432,2,NULL,NULL,,3,0,2,7,255,1040,250,0,0
stim,102980,133101,0,133101,3330404.453,-0.791,0.035,0.034,-0.610,671,231,2715,1543,2906,2519,2493,2917,60,1.411,1,2163,0,53.851,0.372,-27.750,-33.375,-31.875,-0.086,0.027,1.023,0.363,-0.078,0.160,0.036,0.078,1.316,1.432,2,NULL,NULL,,3,0,2,7,255,1040,250,0,0
stim,102980,133101,0,133101,3330409.457,-0.790,0.033,0.034,-0.612,437,189,2741,1321,2915,2501,2543,2915,60,1.411,1,2163,0,57.423,0.372,-28.188,-35.625,-35.125,-0.172,-0.020,1.102,0.363,-0.078,0.238,0.036,0.078,1.316,1.432,2,NULL,NULL,,3,0,2,7,255,1040,250,0,0
stim,102980,133101,0,133101,3330414.454,-0.789,0.031,0.034,-0.613,281,148,2777,1045,2937,2485,2597,2935,60,1.411,1,2163,0,61.041,0.218,-32.125,-39.750,-33.375,-0.074,-0.070,1.047,-0.203,-0.078,0.504,0.036,0.078,1.316,1.432,2,NULL,NULL,,3,0,2,7,255,1040,250,0,0
stim,102980,133101,0,133101,3330419.456,-0.788,0.028,0.033,-0.614,117,88,2809,811,2957,2473,2629,2939,60,1.411,1,2163,0,55.377,0.551,-26.688,-40.063,-27.375,-0.074,-0.074,1.008,-0.457,-0.309,0.504,0.036,0.080,1.316,1.432,2,NULL,NULL,,3,0,2,7,255,1040,250,0,0
stim,102980,133101,0,133101,3330424.454,-0.788,0.027,0.032,-0.615,25,53,2824,595,2964,2453,2659,2950,60,1.411,1,2163,0,55.883,0.551,-17.375,-44.375,-29.188,-0.129,0.020,1.074,-0.457,-0.309,0.504,0.036,0.082,1.316,1.432,2,NULL,NULL,,3,0,2,7,255,1040,250,0,0
stim,102980,133101,0,133101,3330429.457,-0.787,0.025,0.031,-0.616,1,31,2847,371,2974,2426,2687,2951,60,1.411,1,2163,0,60.367,0.349,-18.000,-47.750,-32.250,-0.074,0.113,1.102,0.309,0.164,0.770,0.036,0.084,1.316,1.432,2,NULL,NULL,,3,0,2,7,255,1040,250,0,0
stim,102980,133101,0,133101,3330434.453,-0.786,0.023,0.029,-0.617,0,5,2873,228,2987,2403,2731,2959,60,1.411,1,2163,0,64.055,1.044,-19.125,-49.500,-35.875,-0.023,0.074,1.035,1.031,0.164,0.770,0.038,0.086,1.316,1.432,2,NULL,NULL,,3,0,2,7,255,1040,250,0,0
stim,103004,133125,0,133125,3330439.455,-0.786,0.022,0.027,-0.617,0,2,2875,175,2997,2376,2747,2963,60,1.411,1,2163,0,58.386,1.044,6.688,-56.625,-12.563,-0.199,-0.043,1.141,1.031,0.164,0.965,0.042,0.092,1.316,1.432,2,NULL,NULL,,3,0,2,7,255,1040,250,0,0
stim,103004,133125,0,133125,3330444.454,-0.786,0.021,0.024,-0.618,0,0,2902,157,3003,2355,2777,2975,60,1.411,1,2163,0,71.205,1.135,26.688,-65.688,-6.563,-0.367,-0.078,1.379,-0.438,1.047,1.484,0.050,0.100,1.316,1.432,2,NULL,NULL,,3,0,2,7,255,1040,250,0,0
stim,103004,133125,0,133125,3330449.456,-0.786,0.021,0.021,-0.618,0,0,2915,140,3019,2321,2813,2974,60,1.411,1,2163,0,92.794,2.715,52.313,-76.250,-7.750,-0.504,-0.203,1.703,-1.086,2.488,3.934,0.060,0.108,1.316,1.432,2,NULL,NULL,,3,0,2,7,255,1040,250,0,0
stim,103004,133125,0,133125,3330454.453,-0.786,0.019,0.018,-0.618,0,0,2918,89,3029,2279,2837,2972,60,1.411,1,2163,0,87.517,2.715,8.750,-86.625,-8.875,-0.211,0.020,1.746,-1.086,2.488,7.203,0.068,0.116,1.316,1.432,3,NULL,NULL,,3,0,2,7,255,1040,250,0,0
stim,103024,133145,0,133145,3330459.457,-0.785,0.014,0.016,-0.619,0,0,2919,69,3031,2236,2848,2973,60,1.411,1,2163,0,103.775,1.243,-64.000,-80.938,-11.063,-0.090,0.004,1.359,0.199,1.227,7.203,0.076,0.122,1.316,1.432,3,NULL,NULL,,3,0,2,7,255,1040,250,0,0
stim,103024,133145,0,133145,3330464.453,-0.786,0.010,0.015,-0.618,0,0,2927,0,3039,2167,2875,2987,60,1.411,1,2163,0,105.032,1.202,-54.250,-89.688,6.688,-0.141,0.078,1.109,0.270,1.172,3.531,0.084,0.132,1.316,1.432,3,NULL,NULL,,3,0,2,7,255,1040,250,0,0
stim,103024,133145,0,133145,3330469.455,-0.787,0.008,0.012,-0.617,0,0,2935,0,3052,2093,2886,2980,60,1.411,1,2163,0,105.670,1.408,-9.438,-100.938,29.813,-0.262,0.172,1.172,0.781,1.172,1.672,0.092,0.142,1.316,1.432,3,NULL,NULL,,3,0,2,7,255,1040,250,0,0
stim,103024,133145,0,133145,3330474.454,-0.787,0.005,0.008,-0.617,0,0,2925,0,3059,2003,2915,2984,60,1.411,1,2163,0,108.518,2.952,-0.688,-107.938,11.188,-0.316,0.184,1.301,1.387,2.605,1.672,0.102,0.154,1.316,1.432,3,NULL,NULL,,3,0,2,7,255,1040,250,0,0
stim,103076,133197,0,133197,3330479.457,-0.787,0.002,0.004,-0.616,0,0,2931,0,3062,1903,2917,2984,60,1.411,1,2163,0,114.776,3.337,-4.000,-114.688,2.063,-0.316,0.051,1.406,1.387,3.035,2.938,0.112,0.164,1.316,1.432,3,NULL,NULL,,3,0,2,7,255,1040,250,0,0
stim,103076,133197,0,133197,3330484.453,-0.787,-0.002,0.001,-0.616,0,0,2925,0,3065,1771,2931,2980,60,1.411,1,2163,0,121.944,3.038,-15.625,-120.938,-0.625,-0.223,-0.066,1.395,0.121,3.035,3.855,0.124,0.176,1.316,1.432,3,NULL,NULL,,3,0,2,7,255,1040,250,0,0
stim,103076,133197,0,133197,3330489.455,-0.788,-0.006,-0.003,-0.616,0,0,2909,0,3077,1643,2941,2973,60,1.411,1,2163,0,128.996,2.171,-25.875,-126.188,6.875,-0.176,-0.172,1.281,-0.766,2.031,3.855,0.134,0.186,1.316,1.432,3,NULL,NULL,,3,0,2,7,255,1040,250,0,0
stim,103076,133197,0,133197,3330494.454,-0.788,-0.011,-0.006,-0.615,0,0,2901,0,3087,1450,2963,2967,60,1.411,1,2163,0,135.941,2.433,-25.500,-132.625,15.500,-0.195,-0.188,1.211,-1.711,1.730,2.781,0.146,0.198,1.316,1.432,3,NULL,NULL,,3,0,2,7,255,1040,250,0,0
stim,103076,133197,0,133197,3330499.455,-0.789,-0.015,-0.010,-0.614,0,0,2877,0,3091,1246,2967,2954,60,1.411,1,2163,0,141.245,2.464,-25.188,-137.875,17.500,-0.219,-0.160,1.164,-1.754,1.730,2.063,0.160,0.210,1.316,1.432,3,NULL,NULL,,3,0,2,7,255,1040,250,0,0
stim,103076,133197,0,133197,3330504.453,-0.789,-0.020,-0.014,-0.614,0,0,2867,0,3089,1047,2981,2952,60,1.411,1,2163,0,146.499,2.881,-18.938,-144.688,13.000,-0.293,-0.219,1.137,-1.938,2.133,1.578,0.174,0.224,1.316,1.432,3,NULL,NULL,,3,0,2,7,255,1040,250,0,0
stim,103076,133197,0,133197,3330509.455,-0.789,-0.024,-0.019,-0.613,0,0,2851,0,3089,813,2989,2927,60,1.411,1,2163,0,153.081,3.008,-6.125,-152.813,6.688,-0.207,-0.188,1.168,-2.031,2.219,1.574,0.186,0.236,1.316,1.432,3,NULL,NULL,,3,0,2,7,255,1040,250,0,0
stim,103076,133197,0,133197,3330514.453,-0.790,-0.028,-0.024,-0.613,0,0,2811,0,3090,613,2991,2915,60,1.411,1,2163,0,158.856,3.008,-7.563,-158.563,6.000,-0.172,-0.168,1.160,-2.031,2.219,1.477,0.200,0.248,1.316,1.432,3,NULL,NULL,,3,0,2,7,255,1040,250,0,0
stim,103076,133197,0,133197,3330519.457,-0.790,-0.033,-0.030,-0.612,0,0,2775,0,3087,455,2995,2905,60,1.411,1,2163,0,169.157,2.923,-0.375,-168.000,19.750,-0.215,-0.164,1.176,-1.902,2.219,1.559,0.214,0.262,1.316,1.432,3,NULL,NULL,,3,0,2,7,255,1040,250,0,0
stim,103076,133197,0,133197,3330524.454,-0.790,-0.037,-0.036,-0.611,0,0,2751,0,3090,276,3015,2875,60,1.411,1,2163,0,173.122,2.866,-0.875,-172.813,10.313,-0.133,-0.082,1.145,-1.805,2.227,1.477,0.228,0.274,1.316,1.432,3,NULL,NULL,,3,0,2,7,255,1040,250,0,0
stim,103076,133197,0,133197,3330529.455,-0.790,-0.042,-0.042,-0.610,0,0,2700,0,3099,169,3020,2842,60,1.411,1,2163,0,179.989,3.103,-2.938,-179.375,14.563,-0.184,-0.133,1.074,-1.637,2.637,1.230,0.240,0.288,1.316,1.432,3,NULL,NULL,,3,0,2,7,255,1040,250,0,0
stim,103076,133197,0,133197,3330534.453,-0.791,-0.047,-0.048,-0.609,0,0,2665,0,3091,83,3028,2827,60,1.411,1,2163,0,190.445,2.812,18.625,-188.813,16.500,-0.137,-0.059,1.141,-0.988,2.633,1.105,0.254,0.304,1.316,1.432,3,NULL,NULL,,3,0,2,7,255,1040,250,0,0
stim,103108,133229,0,133229,3330539.455,-0.791,-0.051,-0.055,-0.607,0,0,2605,0,3081,18,3035,2788,60,1.411,1,2163,0,196.147,2.774,16.500,-194.875,15.000,-0.035,0.035,1.234,-0.875,2.633,1.105,0.268,0.320,1.316,1.432,3,NULL,NULL,,3,0,2,7,255,1040,250,0,0
stim,103108,133229,0,133229,3330544.453,-0.791,-0.055,-0.063,-0.606,0,0,2539,0,3087,7,3031,2757,60,1.411,1,2163,0,202.650,2.640,27.250,-199.438,23.438,-0.008,0.125,1.379,0.199,2.633,2.074,0.284,0.338,1.316,1.432,3,NULL,NULL,,3,0,2,7,255,1040,250,0,0
stim,103108,133229,0,133229,3330549.455,-0.792,-0.059,-0.071,-0.604,0,0,2441,0,3067,45,3033,2705,60,1.411,1,2163,0,212.132,2.828,50.500,-203.938,29.313,-0.059,0.273,1.684,1.023,2.637,3.457,0.306,0.362,1.316,1.432,3,NULL,NULL,,3,0,2,7,255,1040,250,0,0
stim,103108,133229,0,133229,3330554.454,-0.792,-0.063,-0.079,-0.602,0,0,2341,0,3056,71,3032,2651,60,1.411,1,2163,0,216.460,4.783,44.438,-209.750,29.750,-0.184,0.383,2.063,2.180,4.258,6.184,0.336,0.396,1.316,1.432,3,NULL,NULL,,3,0,2,7,255,1040,250,0,0
stim,103108,133229,0,133229,3330559.455,-0.793,-0.068,-0.087,-0.599,0,0,2220,0,3053,73,3021,2603,60,1.411,1,2163,0,231.385,7.045,16.250,-225.688,48.375,-0.438,0.313,2.316,2.180,6.699,9.480,0.380,0.440,1.316,1.432,3,NULL,NULL,,3,0,2,7,255,1040,250,0,0
stim,103108,133229,0,133229,3330564.453,-0.793,-0.076,-0.095,-0.597,0,0,2043,0,3043,90,3016,2535,60,1.411,1,2163,0,255.396,9.860,-18.125,-249.125,53.250,-0.645,0.301,2.535,1.113,9.797,11.289,0.434,0.498,1.316,1.432,3,NULL,NULL,,3,0,2,7,255,1040,250,0,0
stim,103136,133257,0,133257,3330569.456,-0.793,-0.085,-0.103,-0.594,0,0,1885,0,3023,99,3003,2437,60,1.411,1,2163,0,285.874,12.640,-61.125,-275.375,46.438,-0.785,0.324,2.559,0.277,12.637,12.184,0.496,0.562,1.316,1.432,3,NULL,NULL,,3,0,2,7,255,1040,250,0,0
stim,103136,133257,0,133257,3330574.454,-0.793,-0.096,-0.111,-0.592,0,0,1726,0,2995,105,2983,2323,60,1.411,1,2163,0,318.526,14.589,-81.688,-305.813,35.563,-0.773,0.496,2.465,0.277,14.586,12.184,0.564,0.634,1.316,1.432,3,NULL,NULL,,3,0,2,7,255,1040,250,0,0
stim,103136,133257,0,133257,3330579.455,-0.791,-0.108,-0.120,-0.590,0,0,1613,0,2981,113,2939,2208,60,1.411,1,2163,0,346.002,15.371,-86.500,-334.500,18.563,-0.711,0.730,2.453,1.727,15.273,10.840,0.638,0.710,1.316,1.432,3,NULL,NULL,,3,0,2,7,255,1040,250,0,0
stim,103136,133257,0,133257,3330584.454,-0.790,-0.120,-0.130,-0.587,0,0,1481,0,2937,125,2899,2115,60,1.411,1,2163,0,374.462,16.422,-88.875,-363.438,15.375,-0.691,0.848,2.629,4.066,15.910,10.840,0.720,0.794,1.316,1.432,3,NULL,NULL,,3,0,2,7,255,1040,250,0,0
stim,103174,133295,0,133295,3330589.455,-0.788,-0.134,-0.141,-0.585,0,0,1379,0,2904,123,2839,1994,60,1.411,1,2163,0,400.168,18.060,-99.688,-387.000,20.688,-0.738,0.953,2.805,5.141,17.313,11.387,0.810,0.888,1.316,1.432,3,NULL,NULL,,3,0,2,7,255,1040,250,0,0
stim,103174,133295,0,133295,3330594.453,-0.785,-0.149,-0.152,-0.582,0,0,1276,0,2844,135,2771,1875,60,1.411,1,2163,0,429.393,20.091,-121.875,-411.375,17.188,-0.746,0.891,2.906,5.273,19.387,12.121,0.910,0.990,1.316,1.432,3,NULL,NULL,,3,0,2,7,255,1040,250,0,0
stim,103174,133295,0,133295,3330599.457,-0.782,-0.165,-0.163,-0.579,0,0,1191,0,2777,127,2676,1743,60,1.411,1,2163,0,459.284,21.198,-138.938,-437.438,16.938,-0.832,0.684,2.945,5.273,20.531,12.121,1.022,1.104,1.316,1.432,3,NULL,NULL,,3,0,2,7,255,1040,250,0,0
stim,103174,133295,0,133295,3330604.453,-0.778,-0.182,-0.174,-0.575,0,0,1019,0,2700,116,2548,1613,60,1.411,1,2163,0,485.862,22.009,-156.313,-459.563,20.750,-0.953,0.734,2.859,3.316,21.758,11.605,1.140,1.222,1.316,1.432,3,NULL,NULL,,3,0,2,7,255,1040,250,0,0
stim,103174,133295,0,133295,3330609.455,-0.773,-0.199,-0.187,-0.572,0,0,907,0,2611,85,2392,1453,60,1.411,1,2163,0,495.852,23.536,-148.313,-473.125,-5.063,-1.020,0.699,2.969,3.094,23.332,9.316,1.262,1.346,1.316,1.432,3,NULL,NULL,,3,0,2,7,255,1040,250,0,0
stim,103174,133295,0,133295,3330614.454,-0.767,-0.216,-0.200,-0.570,0,0,755,0,2455,73,2181,1307,60,1.411,1,2163,0,506.929,25.322,-146.125,-483.750,-40.125,-0.918,0.457,3.141,2.824,25.164,9.316,1.380,1.466,1.316,1.432,3,NULL,NULL,,3,0,2,7,255,1040,250,0,0
stim,103174,133295,0,133295,3330619.456,-0.761,-0.233,-0.212,-0.567,0,0,565,0,2268,9,1911,1117,60,1.411,1,2163,0,529.463,25.178,-168.188,-500.125,-43.813,-0.738,0.008,3.008,0.852,25.164,9.457,1.490,1.578,1.316,1.432,3,NULL,NULL,,3,0,2,7,255,1040,250,0,0
stim,103174,133295,0,133295,3330624.454,-0.754,-0.253,-0.224,-0.563,0,0,413,0,2019,0,1559,966,60,1.411,1,2163,0,555.882,23.432,-206.125,-516.250,-1.688,-0.547,-0.371,2.496,-2.754,23.270,9.457,1.592,1.678,1.316,1.432,3,NULL,NULL,,3,0,2,7,255,1040,250,0,0
stim,103196,133317,0,133317,3330629.458,-0.747,-0.273,-0.236,-0.558,0,0,268,0,1725,0,1117,823,60,1.411,1,2163,0,560.984,19.598,-194.063,-525.813,23.750,-0.410,-0.492,1.777,-5.559,18.793,6.180,1.686,1.774,1.316,1.432,3,NULL,NULL,,3,0,2,7,255,1040,250,0,0
stim,103196,133317,0,133317,3330634.453,-0.742,-0.290,-0.250,-0.551,0,0,206,0,1391,0,653,654,60,1.411,1,2163,0,553.921,14.768,-109.438,-541.500,40.375,-0.480,-0.441,1.469,-5.844,13.563,1.164,1.780,1.868,1.316,1.432,3,NULL,NULL,,3,0,2,7,255,1040,250,0,0
stim,103196,133317,0,133317,3330639.457,-0.737,-0.305,-0.267,-0.541,0,0,119,0,1017,0,197,535,60,1.411,1,2163,0,559.350,14.768,-17.313,-555.188,65.875,-0.613,-0.180,1.660,-5.844,13.563,-2.195,1.882,1.970,1.316,1.432,3,NULL,NULL,,3,0,2,7,255,1040,250,0,0
stim,103196,133317,0,133317,3330644.454,-0.733,-0.318,-0.284,-0.529,0,0,107,0,555,0,0,453,60,1.411,1,2163,0,572.712,16.001,34.563,-564.125,92.563,-0.813,0.031,2.137,-3.973,15.500,-2.637,1.990,2.078,1.316,1.432,3,NULL,NULL,,3,0,2,7,255,1040,250,0,0
stim,103196,133317,0,133317,3330649.455,-0.730,-0.333,-0.300,-0.516,0,0,59,0,167,0,0,391,60,1.411,1,2163,0,588.588,21.166,7.875,-570.250,145.563,-1.168,0.375,2.188,-3.047,20.945,-2.977,2.100,2.190,1.316,1.432,3,NULL,NULL,,3,0,2,7,255,1040,250,0,0
stim,103196,133317,0,133317,3330654.453,-0.725,-0.349,-0.313,-0.505,0,0,27,0,0,0,0,364,60,1.411,1,2163,0,564.682,22.805,-92.000,-543.063,124.438,-1.078,1.141,1.836,-1.270,22.770,-6.727,2.206,2.298,1.316,1.432,3,NULL,NULL,,3,0,2,7,255,1040,250,0,0
stim,103227,133348,0,133348,3330659.457,-0.717,-0.366,-0.324,-0.497,0,0,24,0,0,0,0,297,60,1.411,1,2163,0,527.178,23.590,-161.063,-497.438,67.313,-0.805,1.629,1.523,6.168,22.770,-10.684,2.308,2.400,1.316,1.432,4,NULL,NULL,,3,0,2,7,255,1040,250,0,0
stim,103227,133348,0,133348,3330664.454,-0.710,-0.384,-0.331,-0.489,0,0,21,0,0,0,0,205,60,1.411,1,2163,0,502.415,23.047,-201.313,-450.750,93.375,-0.773,1.656,1.469,11.734,19.836,-12.148,2.396,2.492,1.316,1.432,0,NULL,NULL,,3,0,2,7,255,1040,250,0,0
stim,103227,133348,0,133348,3330669.455,-0.703,-0.405,-0.332,-0.481,0,0,28,0,0,0,0,183,60,1.411,1,2163,0,538.992,22.431,-343.750,-368.375,191.438,-1.070,1.387,1.199,11.734,19.117,-13.152,2.468,2.566,1.316,1.432,0,NULL,NULL,,3,0,2,7,255,1040,250,0,0
stim,103227,133348,0,133348,3330674.454,-0.694,-0.426,-0.327,-0.479,0,0,27,0,0,0,0,151,60,1.411,1,2163,0,535.263,20.335,-447.938,-254.625,145.000,-0.699,1.426,0.133,10.867,17.188,-17.172,2.524,2.622,1.316,1.432,0,NULL,NULL,,3,0,2,7,255,1040,250,0,0
stim,103227,133348,0,133348,3330679.455,-0.688,-0.438,-0.325,-0.479,0,0,22,0,0,0,0,153,60,1.411,1,2163,0,326.785,10.678,-293.750,-139.875,30.563,-0.453,0.410,-0.387,8.930,5.855,-17.172,2.574,2.674,1.316,1.432,0,NULL,NULL,,3,0,2,7,255,1040,250,0,0
stim,103227,133348,0,133348,3330684.453,-0.686,-0.441,-0.325,-0.478,0,0,19,0,0,0,0,165,60,1.411,1,2163,0,72.604,4.525,-41.125,-57.063,18.000,-0.617,-0.883,0.316,2.230,3.938,-16.375,2.626,2.728,1.316,1.432,0,NULL,NULL,,3,0,2,7,255,1040,250,0,0
stim,103278,133399,0,133399,3330689.457,-0.687,-0.442,-0.323,-0.478,0,0,20,0,0,0,0,139,60,1.411,1,2163,0,43.617,10.984,-15.813,22.750,33.688,-1.023,-0.988,1.445,-10.254,3.938,-11.199,2.678,2.780,1.316,1.432,0,NULL,NULL,,3,0,2,7,255,1040,250,0,0
stim,103278,133399,0,133399,3330694.454,-0.686,-0.444,-0.317,-0.482,0,0,22,0,0,0,0,109,60,1.411,1,2163,0,191.395,18.322,-155.688,110.250,15.438,-1.215,-0.098,1.203,-10.254,15.184,-11.199,2.722,2.824,1.316,1.432,0,NULL,NULL,,3,0,2,7,255,1040,250,0,0
stim,103278,133399,0,133399,3330699.457,-0.684,-0.446,-0.307,-0.488,0,0,22,0,0,0,0,93,60,1.411,1,2163,0,269.632,15.893,-198.875,182.063,1.813,-1.074,1.020,0.098,-4.695,15.184,-15.098,2.764,2.870,1.316,1.432,0,NULL,NULL,,3,0,2,7,255,1040,250,0,0
stim,103278,133399,0,133399,3330704.454,-0.686,-0.444,-0.298,-0.493,0,0,24,0,0,0,0,50,60,1.411,1,2163,0,238.832,8.328,-92.063,220.125,10.500,-0.980,1.480,-0.203,5.844,5.934,-21.660,2.808,2.914,1.316,1.432,0,NULL,NULL,,3,0,2,7,255,1040,250,0,0
stim,103278,133399,0,133399,3330709.458,-0.689,-0.439,-0.291,-0.498,0,0,22,0,0,0,0,45,60,1.411,1,2163,0,239.891,8.573,9.063,239.250,15.000,-1.047,1.027,0.371,6.188,5.934,-21.660,2.852,2.958,1.316,1.432,0,NULL,NULL,,3,0,2,7,255,1040,250,0,0
stim,103278,133399,0,133399,3330714.453,-0.692,-0.433,-0.284,-0.502,0,0,21,0,0,0,0,39,60,1.411,1,2163,0,253.289,10.545,2.500,253.125,8.750,-1.078,0.324,0.898,6.188,8.539,-20.168,2.894,3.002,1.316,1.432,0,NULL,NULL,,3,0,2,7,255,1040,250,0,0
stim,103278,133399,0,133399,3330719.455,-0.694,-0.429,-0.274,-0.508,0,0,21,0,0,0,0,41,60,1.411,1,2163,0,269.576,11.195,-63.625,261.875,6.688,-0.969,0.051,0.781,0.012,11.195,-15.609,2.932,3.042,1.316,1.432,0,NULL,NULL,,3,0,2,7,255,1040,250,0,0
stim,103278,133399,0,133399,3330724.454,-0.696,-0.426,-0.264,-0.514,0,0,23,0,0,0,0,57,60,1.411,1,2163,0,283.631,11.205,-97.188,266.063,14.563,-0.793,0.219,0.203,-0.465,11.195,-15.609,2.960,3.072,1.316,1.432,0,NULL,NULL,,3,0,2,7,255,1040,250,0,0
stim,103279,133400,0,133400,3330729.457,-0.698,-0.423,-0.254,-0.519,0,0,22,0,0,0,0,63,60,1.411,1,2163,0,276.367,5.683,-66.375,266.813,28.000,-0.684,0.453,-0.254,-0.465,5.664,-15.828,2.984,3.096,1.316,1.432,0,NULL,NULL,,3,0,2,7,255,1040,250,0,0
stim,103279,133400,0,133400,3330734.454,-0.701,-0.417,-0.245,-0.523,0,0,19,0,0,0,0,61,60,1.411,1,2163,0,270.458,2.196,-7.500,267.688,37.875,-0.656,0.508,-0.348,1.551,1.555,-17.895,3.004,3.116,1.316,1.432,0,NULL,NULL,,3,0,2,7,255,1040,250,0,0
stim,103308,133429,0,133429,3330739.455,-0.706,-0.410,-0.237,-0.527,0,0,17,0,0,0,0,59,60,1.411,1,2163,0,276.638,2.196,36.375,271.125,41.188,-0.633,0.398,-0.195,1.551,1.555,-17.895,3.022,3.136,1.316,1.432,0,NULL,NULL,,3,0,2,7,255,1040,250,0,0
stim,103308,133429,0,133429,3330744.453,-0.710,-0.402,-0.229,-0.530,0,0,19,0,0,0,0,61,60,1.411,1,2163,0,286.113,2.435,54.813,277.375,43.813,-0.563,0.270,-0.059,1.270,2.078,-16.949,3.040,3.156,1.316,1.432,0,NULL,NULL,,3,0,2,7,255,1040,250,0,0
stim,103308,133429,0,133429,3330749.455,-0.715,-0.394,-0.221,-0.533,0,0,23,0,0,0,0,59,60,1.411,1,2163,0,299.737,3.037,64.375,287.625,54.500,-0.387,0.250,0.094,1.055,2.848,-15.211,3.060,3.176,1.316,1.432,0,NULL,NULL,,3,0,2,7,255,1040,250,0,0
stim,103308,133429,0,133429,3330754.454,-0.721,-0.386,-0.212,-0.535,0,0,21,0,0,0,0,53,60,1.411,1,2163,0,312.552,3.072,73.625,291.875,84.125,-0.441,0.199,0.035,0.473,3.035,-13.383,3.082,3.200,1.316,1.432,0,NULL,NULL,,3,0,2,7,255,1040,250,0,0
stim,103308,133429,0,133429,3330759.455,-0.727,-0.376,-0.204,-0.537,0,0,19,0,0,0,0,53,60,1.411,1,2163,0,323.816,3.212,106.938,297.063,71.938,-0.754,0.340,0.156,0.711,3.133,-13.383,3.110,3.230,1.316,1.432,0,NULL,NULL,,3,0,2,7,255,1040,250,0,0
stim,103308,133429,0,133429,3330764.453,-0.732,-0.365,-0.197,-0.540,0,0,19,0,0,0,0,53,60,1.411,1,2163,0,332.428,6.173,130.188,304.000,33.813,-0.641,0.250,0.363,0.555,6.148,-13.383,3.142,3.264,1.316,1.432,0,NULL,NULL,,3,0,2,7,255,1040,250,0,0
stim,103330,133451,0,133451,3330769.456,-0.738,-0.353,-0.190,-0.543,0,0,17,0,0,0,0,45,60,1.411,1,2163,0,342.647,7.048,136.438,313.250,25.813,-0.445,0.219,0.605,0.711,7.012,-12.633,3.178,3.300,1.316,1.432,0,NULL,NULL,,3,0,2,7,255,1040,250,0,0
stim,103330,133451,0,133451,3330774.454,-0.743,-0.341,-0.182,-0.546,0,0,16,0,0,0,0,45,60,1.411,1,2163,0,349.271,7.604,128.625,322.688,36.313,-0.426,0.285,0.801,1.207,7.508,-9.457,3.216,3.340,1.316,1.432,0,NULL,NULL,,3,0,2,7,255,1040,250,0,0
stim,103370,133491,0,133491,3330779.456,-0.748,-0.330,-0.174,-0.550,0,0,17,0,0,0,0,45,60,1.411,1,2163,0,355.557,9.038,118.125,333.438,35.875,-0.488,0.348,0.930,2.156,8.777,-7.996,3.260,3.384,1.316,1.432,0,NULL,NULL,,3,0,2,7,255,1040,250,0,0
stim,103370,133491,0,133491,3330784.454,-0.752,-0.318,-0.165,-0.553,0,0,16,0,0,0,0,45,60,1.411,1,2163,0,360.692,10.466,108.375,343.188,24.000,-0.512,0.328,1.016,2.574,10.145,-7.391,3.306,3.430,1.316,1.432,0,NULL,NULL,,3,0,2,7,255,1040,250,0,0
stim,103370,133491,0,133491,3330789.455,-0.756,-0.306,-0.156,-0.557,0,0,19,0,0,0,0,47,60,1.411,1,2163,0,366.411,10.959,100.063,352.375,8.750,-0.477,0.270,1.074,2.574,10.652,-6.559,3.354,3.482,1.316,1.432,0,NULL,NULL,,3,0,2,7,255,1040,250,0,0
stim,103370,133491,0,133491,3330794.453,-0.759,-0.294,-0.146,-0.562,0,0,9,0,0,0,0,43,60,1.411,1,2163,0,370.537,11.048,90.125,359.375,-5.000,-0.484,0.285,1.152,2.551,10.750,-5.371,3.404,3.532,1.316,1.432,0,NULL,NULL,,3,0,2,7,255,1040,250,0,0
stim,103370,133491,0,133491,3330799.455,-0.761,-0.283,-0.136,-0.567,0,0,13,0,0,0,0,51,60,1.411,1,2163,0,375.134,10.953,76.688,366.688,-19.625,-0.371,0.238,1.148,2.551,10.652,-4.543,3.454,3.582,1.316,1.432,0,NULL,NULL,,3,0,2,7,255,1040,250,0,0
stim,103370,133491,0,133491,3330804.453,-0.764,-0.271,-0.126,-0.572,0,0,10,0,0,0,0,45,60,1.411,1,2163,0,378.766,10.200,66.375,372.188,-23.125,-0.281,0.215,1.094,2.555,9.875,-3.492,3.500,3.632,1.316,1.432,0,NULL,NULL,,3,0,2,7,255,1040,250,0,0
stim,103370,133491,0,133491,3330809.457,-0.765,-0.259,-0.116,-0.578,0,0,11,0,0,0,0,47,60,1.411,1,2163,0,384.210,8.978,62.563,377.813,-31.000,-0.230,0.219,0.980,2.598,8.594,-3.492,3.544,3.676,1.316,1.432,0,NULL,NULL,,3,0,2,7,255,1040,250,0,0
stim,103370,133491,0,133491,3330814.454,-0.767,-0.247,-0.105,-0.583,0,0,9,0,0,0,0,53,60,1.411,1,2163,0,389.495,7.790,70.188,381.500,-35.188,-0.090,0.141,0.867,2.598,7.344,-3.410,3.582,3.716,1.316,1.432,0,NULL,NULL,,3,0,2,7,255,1040,250,0,0
stim,103391,133512,0,133512,3330819.457,-0.768,-0.234,-0.095,-0.588,0,0,2,0,0,0,0,51,60,1.411,1,2163,0,391.182,5.733,88.938,379.813,-29.250,-0.078,0.145,0.832,2.320,5.242,-3.488,3.616,3.750,1.316,1.432,0,NULL,NULL,,3,0,2,7,255,1040,250,0,0
stim,103391,133512,0,133512,3330824.454,-0.770,-0.221,-0.086,-0.593,0,0,3,0,0,0,0,55,60,1.411,1,2163,0,393.146,5.272,110.250,376.563,-24.688,-0.047,0.137,0.906,2.320,4.734,-3.410,3.644,3.780,1.316,1.432,0,NULL,NULL,,3,0,2,7,255,1040,250,0,0
stim,103391,133512,0,133512,3330829.457,-0.772,-0.207,-0.077,-0.597,0,0,2,0,0,0,0,52,60,1.411,1,2163,0,391.979,5.168,123.875,371.563,-15.625,0.008,0.109,0.980,2.449,4.551,-2.527,3.668,3.806,1.316,1.432,0,NULL,NULL,,3,0,2,7,255,1040,250,0,0
stim,103391,133512,0,133512,3330834.453,-0.773,-0.193,-0.068,-0.600,0,0,0,0,0,0,0,53,60,1.411,1,2163,0,390.882,4.781,134.250,367.063,-5.563,0.012,0.141,1.020,2.477,4.090,-1.461,3.690,3.828,1.316,1.432,0,NULL,NULL,,3,0,2,7,255,1040,250,0,0
stim,103391,133512,0,133512,3330839.456,-0.775,-0.178,-0.060,-0.603,0,0,3,0,0,0,0,68,60,1.411,1,2163,0,391.776,4.843,147.500,362.938,2.875,0.020,0.184,1.066,2.809,3.945,-1.039,3.708,3.848,1.316,1.432,0,NULL,NULL,,3,0,2,7,255,1040,250,0,0
stim,103391,133512,0,133512,3330844.454,-0.778,-0.163,-0.052,-0.605,0,0,1,0,0,0,0,79,60,1.411,1,2163,0,395.769,5.029,168.250,358.000,12.688,0.090,0.168,1.090,3.262,3.828,-0.547,3.726,3.868,1.316,1.432,0,NULL,NULL,,3,0,2,7,255,1040,250,0,0
stim,103414,133535,0,133535,3330849.456,-0.780,-0.147,-0.046,-0.607,0,0,3,0,0,0,0,69,60,1.411,1,2163,0,402.929,4.694,200.813,349.125,11.750,0.043,0.000,1.344,3.262,3.375,0.055,3.746,3.888,1.316,1.432,0,NULL,NULL,,3,0,2,7,255,1040,250,0,0
stim,103414,133535,0,133535,3330854.453,-0.782,-0.131,-0.039,-0.608,0,0,8,0,0,0,0,78,60,1.411,1,2163,0,406.100,4.408,203.813,350.563,22.000,-0.035,0.113,1.566,2.836,3.375,2.781,3.768,3.912,1.316,1.432,0,NULL,NULL,,3,0,2,7,255,1040,250,0,0
stim,103414,133535,0,133535,3330859.457,-0.784,-0.115,-0.032,-0.609,0,0,6,0,0,0,0,73,60,1.411,1,2163,0,392.598,5.286,178.750,348.500,27.000,-0.039,0.383,1.570,2.836,4.461,4.367,3.792,3.938,1.316,1.432,0,NULL,NULL,,3,0,2,7,255,1040,250,0,0
stim,103414,133535,0,133535,3330864.454,-0.786,-0.100,-0.024,-0.610,0,0,6,0,0,0,0,71,60,1.411,1,2163,0,394.935,5.570,182.438,348.875,31.250,-0.074,0.199,1.551,3.336,4.461,4.594,3.816,3.964,1.316,1.432,0,NULL,NULL,,3,0,2,7,255,1040,250,0,0
stim,103441,133562,0,133562,3330869.456,-0.787,-0.083,-0.018,-0.611,0,0,5,0,0,0,0,72,60,1.411,1,2163,0,404.763,6.455,208.000,345.500,34.625,-0.262,0.363,1.816,4.516,4.613,4.594,3.844,3.992,1.316,1.432,0,NULL,NULL,,3,0,2,7,255,1040,250,0,0
stim,103441,133562,0,133562,3330874.454,-0.789,-0.068,-0.012,-0.611,0,0,7,0,0,0,0,67,60,1.411,1,2163,0,393.087,7.591,197.063,339.000,27.625,-0.301,0.391,2.105,4.516,6.102,6.855,3.870,4.020,1.316,1.432,0,NULL,NULL,,3,0,2,7,255,1040,250,0,0
stim,103441,133562,0,133562,3330879.456,-0.789,-0.053,-0.005,-0.612,0,0,5,0,0,0,0,68,60,1.411,1,2163,0,375.045,7.591,169.875,334.188,10.938,-0.254,0.160,2.168,4.516,6.102,9.805,3.896,4.046,1.316,1.432,0,NULL,NULL,,3,0,2,7,255,1040,250,0,0
stim,103441,133562,0,133562,3330884.453,-0.790,-0.039,0.003,-0.612,0,0,7,0,0,0,0,70,60,1.411,1,2163,0,362.971,5.449,153.688,328.688,9.625,-0.180,0.012,2.133,2.656,4.758,10.887,3.918,4.070,1.316,1.432,0,NULL,NULL,,3,0,2,7,255,1040,250,0,0
stim,103475,133596,0,133596,3330889.456,-0.790,-0.025,0.010,-0.613,0,0,9,0,0,0,0,72,60,1.411,1,2163,0,353.508,3.743,144.063,322.438,15.750,-0.191,0.133,2.051,2.223,3.012,10.887,3.936,4.090,1.316,1.432,0,NULL,NULL,,3,0,2,7,255,1040,250,0,0
stim,103475,133596,0,133596,3330894.454,-0.790,-0.011,0.017,-0.613,0,0,7,0,0,0,0,71,60,1.411,1,2163,0,350.292,3.533,147.813,317.375,11.375,-0.207,0.156,1.977,2.223,2.746,10.082,3.948,4.104,1.316,1.432,0,NULL,NULL,,3,0,2,7,255,1040,250,0,0
stim,103475,133596,0,133596,3330899.457,-0.789,0.003,0.024,-0.614,0,0,10,0,0,0,0,73,60,1.411,1,2163,0,352.762,3.241,161.250,313.750,-0.750,-0.172,0.039,1.984,2.223,2.359,9.629,3.956,4.112,1.316,1.432,0,NULL,NULL,,3,0,2,7,255,1040,250,0,0
stim,103475,133596,0,133596,3330904.453,-0.788,0.018,0.030,-0.614,0,0,11,0,0,0,0,71,60,1.411,1,2163,0,357.284,1.575,174.688,311.563,-8.063,-0.098,-0.133,2.020,1.086,1.141,9.629,3.956,4.114,1.316,1.432,0,NULL,NULL,,3,0,2,7,255,1040,250,0,0
stim,103475,133596,0,133596,3330909.455,-0.787,0.032,0.035,-0.615,0,0,8,0,0,0,0,77,60,1.411,1,2163,0,362.395,0.781,186.250,310.750,-8.688,-0.020,-0.215,2.020,-0.488,-0.609,9.945,3.950,4.108,1.316,1.432,0,NULL,NULL,,3,0,2,7,255,1040,250,0,0
stim,103475,133596,0,133596,3330914.453,-0.786,0.047,0.040,-0.615,0,0,9,0,0,0,0,82,60,1.411,1,2163,0,371.879,2.474,206.063,309.375,-10.938,0.043,-0.203,1.965,-1.246,-2.137,9.945,3.934,4.094,1.316,1.432,0,NULL,NULL,,3,0,2,7,255,1040,250,0,0
stim,103475,133596,0,133596,3330919.456,-0.784,0.063,0.045,-0.616,0,0,11,0,0,0,0,85,60,1.411,1,2163,0,390.681,3.459,234.938,311.688,-16.938,0.156,-0.234,2.105,-1.266,-3.219,9.945,3.910,4.070,1.316,1.432,0,NULL,NULL,,3,0,2,7,255,1040,250,0,0
stim,103475,133596,0,133596,3330924.454,-0.782,0.080,0.049,-0.617,0,0,11,0,0,0,0,101,60,1.411,1,2163,0,401.968,5.336,252.625,311.813,-23.063,0.336,-0.266,2.230,-1.512,-5.117,10.340,3.874,4.036,1.316,1.432,0,NULL,NULL,,3,0,2,7,255,1040,250,0,0
stim,103497,133618,0,133618,3330929.457,-0.779,0.098,0.052,-0.617,0,0,13,0,0,0,0,101,60,1.411,1,2163,0,417.292,7.873,274.375,313.375,-25.438,0.539,-0.254,2.336,-1.512,-7.727,11.023,3.826,3.988,1.316,1.432,0,NULL,NULL,,3,0,2,7,255,1040,250,0,0
stim,103497,133618,0,133618,3330934.453,-0.776,0.116,0.055,-0.618,0,0,12,0,0,0,0,107,60,1.411,1,2163,0,432.384,10.580,295.313,314.875,-24.500,0.711,-0.234,2.504,-1.500,-10.473,11.379,3.766,3.930,1.316,1.432,0,NULL,NULL,,3,0,2,7,255,1040,250,0,0
stim,103497,133618,0,133618,3330939.457,-0.773,0.135,0.057,-0.618,0,0,16,0,0,0,0,105,60,1.411,1,2163,0,442.576,13.203,308.250,316.688,-23.750,0.859,-0.227,2.695,-1.500,-13.117,12.191,3.696,3.860,1.316,1.432,0,NULL,NULL,,3,0,2,7,255,1040,250,0,0
stim,103497,133618,0,133618,3330944.454,-0.769,0.154,0.060,-0.618,0,0,17,0,0,0,0,105,60,1.411,1,2163,0,445.673,15.760,311.125,318.188,-24.125,0.984,-0.238,2.859,-1.590,-15.680,13.156,3.614,3.780,1.316,1.432,0,NULL,NULL,,3,0,2,7,255,1040,250,0,0
stim,103497,133618,0,133618,3330949.455,-0.765,0.173,0.063,-0.617,0,0,12,0,0,0,0,107,60,1.411,1,2163,0,442.542,18.203,305.500,319.063,-26.688,1.055,-0.211,3.016,-2.059,-18.086,13.762,3.520,3.688,1.316,1.432,0,NULL,NULL,,3,0,2,7,255,1040,250,0,0
stim,103497,133618,0,133618,3330954.454,-0.760,0.191,0.065,-0.617,0,0,12,0,0,0,0,110,60,1.411,1,2163,0,432.221,20.043,291.875,317.188,-31.875,1.090,-0.078,3.199,-2.059,-19.938,14.383,3.416,3.586,1.316,1.432,0,NULL,NULL,,3,0,2,7,255,1040,250,0,0
stim,103526,133647,0,133647,3330959.455,-0.756,0.208,0.069,-0.617,0,0,19,0,0,0,0,121,60,1.411,1,2163,0,413.022,21.523,269.688,309.438,-45.875,1.234,0.109,3.406,-1.684,-21.457,15.461,3.300,3.470,1.316,1.432,0,NULL,NULL,,3,0,2,7,255,1040,250,0,0
stim,103526,133647,0,133647,3330964.453,-0.751,0.223,0.073,-0.617,0,0,11,0,0,0,0,149,60,1.411,1,2163,0,380.226,24.011,226.938,298.500,-63.000,1.527,0.203,3.477,-0.363,-24.008,15.461,3.170,3.342,1.316,1.432,0,NULL,NULL,,3,0,2,7,255,1040,250,0,0
stim,103526,133647,0,133647,3330969.457,-0.746,0.236,0.079,-0.618,0,0,15,0,0,0,0,159,60,1.411,1,2163,0,337.237,27.557,168.063,284.625,-66.875,1.887,0.168,3.336,0.605,-27.551,15.406,3.032,3.206,1.316,1.432,0,NULL,NULL,,3,0,2,7,255,1040,250,0,0
stim,103526,133647,0,133647,3330974.454,-0.742,0.247,0.085,-0.617,0,0,11,0,0,0,0,186,60,1.411,1,2163,0,294.850,30.795,112.563,267.000,-54.563,2.219,0.051,2.988,0.922,-30.781,11.883,2.882,3.058,1.316,1.432,0,NULL,NULL,,3,0,2,7,255,1040,250,0,0
stim,103526,133647,0,133647,3330979.455,-0.739,0.256,0.091,-0.616,0,0,12,0,0,0,0,217,60,1.411,1,2163,0,260.893,32.743,75.688,247.000,-36.438,2.473,-0.121,2.543,0.922,-32.730,6.465,2.728,2.906,1.316,1.432,0,NULL,NULL,,3,0,2,7,255,1040,250,0,0
stim,103526,133647,0,133647,3330984.453,-0.737,0.263,0.097,-0.615,0,0,7,0,0,0,0,263,60,1.411,1,2163,0,234.203,33.315,60.125,225.313,-21.688,2.699,-0.270,2.117,0.441,-33.313,0.418,2.568,2.748,1.316,1.432,0,NULL,NULL,,3,0,2,7,255,1040,250,0,0
stim,103574,133695,0,133695,3330989.455,-0.735,0.271,0.102,-0.613,0,0,9,0,0,0,0,311,60,1.411,1,2163,0,212.310,33.486,57.563,204.125,-9.750,2.980,-0.387,1.723,0.320,-33.484,-5.191,2.404,2.588,1.316,1.432,0,NULL,NULL,,3,0,2,7,255,1040,250,0,0
stim,103574,133695,0,133695,3330994.453,-0.733,0.278,0.107,-0.611,0,0,0,0,0,0,0,339,60,1.411,1,2163,0,194.924,34.021,66.250,183.250,5.063,3.316,-0.535,1.348,0.297,-34.020,-10.668,2.238,2.424,1.316,1.432,0,NULL,NULL,,3,0,2,7,255,1040,250,0,0
stim,103574,133695,0,133695,3330999.457,-0.732,0.285,0.109,-0.609,0,0,0,0,0,0,0,367,60,1.411,1,2163,0,186.107,34.954,86.188,162.875,26.063,3.652,-0.805,0.980,0.297,-34.953,-16.309,2.066,2.254,1.316,1.432,0,NULL,NULL,,3,0,2,7,255,1040,250,0,0
stim,103574,133695,0,133695,3331004.454,-0.731,0.293,0.110,-0.606,0,0,2,0,0,0,0,391,60,1.411,1,2163,0,197.315,35.907,123.500,143.188,56.375,3.859,-1.250,0.691,-0.773,-35.898,-22.129,1.890,2.082,1.316,1.432,0,NULL,NULL,,3,0,2,7,255,1040,250,0,0
stim,103574,133695,0,133695,3331009.455,-0.730,0.302,0.108,-0.603,0,0,9,0,0,0,0,389,60,1.411,1,2163,0,239.168,36.506,184.125,120.750,93.375,3.879,-1.766,0.605,-3.832,-36.305,-27.168,1.710,1.904,1.316,1.432,0,NULL,NULL,,3,0,2,7,255,1040,250,0,0
stim,103574,133695,0,133695,3331014.453,-0.730,0.314,0.103,-0.599,0,0,11,0,3,0,0,387,60,1.411,1,2163,0,300.794,37.199,257.875,96.313,121.250,3.574,-1.922,0.836,-8.109,-36.305,-27.605,1.524,1.720,1.316,1.432,0,NULL,NULL,,3,0,2,7,255,1040,250,0,0
stim,103574,133695,0,133695,3331019.457,-0.728,0.326,0.095,-0.595,0,0,9,0,11,0,0,358,60,1.411,1,2163,0,343.907,37.742,310.625,62.813,133.563,3.504,-1.957,1.500,-10.316,-36.305,-27.605,1.336,1.534,1.316,1.432,0,NULL,NULL,,3,0,2,7,255,1040,250,0,0
stim,103574,133695,0,133695,3331024.454,-0.727,0.338,0.085,-0.591,0,0,11,0,21,0,0,357,60,1.411,1,2163,0,366.150,38.539,331.688,30.438,152.063,2.965,-1.523,2.125,-10.703,-37.023,-22.941,1.146,1.346,1.316,1.432,0,NULL,NULL,,3,0,2,7,255,1040,250,0,0
stim,103593,133714,0,133714,3331029.456,-0.726,0.348,0.075,-0.588,0,0,7,0,13,0,0,349,60,1.411,1,2163,0,325.122,38.990,302.875,-9.563,117.813,2.434,-0.797,3.043,-10.703,-37.492,-14.535,0.950,1.152,1.316,1.432,0,NULL,NULL,,3,0,2,7,255,1040,250,0,0
stim,103593,133714,0,133714,3331034.454,-0.724,0.354,0.068,-0.588,0,0,15,0,13,0,0,363,60,1.411,1,2163,0,225.571,37.935,219.250,-32.688,41.750,2.000,-0.129,3.613,-8.266,-37.023,-2.641,0.736,0.940,1.316,1.432,0,NULL,NULL,,3,0,2,7,255,1040,250,0,0
stim,103593,133714,0,133714,3331039.455,-0.723,0.355,0.064,-0.590,0,0,9,0,3,0,0,359,60,1.411,1,2163,0,108.144,38.233,81.125,-71.500,1.250,2.211,-0.316,3.773,-7.492,-37.492,5.648,0.504,0.712,1.316,1.432,0,NULL,NULL,,3,0,2,7,255,1040,250,0,0
stim,103593,133714,0,133714,3331044.453,-0.724,0.351,0.061,-0.590,0,0,0,0,0,0,0,471,60,1.411,1,2163,0,103.834,37.621,-36.375,-96.313,13.500,1.789,-0.340,3.500,-7.492,-36.867,6.000,0.304,0.516,1.316,1.432,0,NULL,NULL,,3,0,2,7,255,1040,250,0,0
stim,103623,133744,0,133744,3331049.455,-0.727,0.352,0.047,-0.588,275,0,0,583,0,39,0,557,60,1.411,1,2163,0,334.159,35.412,171.000,-211.625,194.000,0.352,-0.273,5.348,-8.137,-34.465,6.000,0.194,0.404,1.316,1.432,0,NULL,NULL,,3,0,2,7,255,1040,250,0,0
stim,103623,133744,0,133744,3331054.454,-0.740,0.344,0.038,-0.577,947,0,0,1272,0,255,0,589,60,1.411,1,2163,0,465.047,35.412,-120.500,-208.313,397.938,0.254,1.563,7.031,-8.137,-34.465,27.293,0.180,0.382,1.316,1.432,0,NULL,NULL,,3,0,2,7,255,1040,250,0,0
stim,103623,133744,0,133744,3331059.455,-0.764,0.310,0.052,-0.563,1515,0,0,1677,0,499,0,639,60,1.411,1,2163,0,1063.475,33.554,-963.500,-145.500,426.000,-0.488,2.750,2.789,-7.215,-32.770,27.293,0.204,0.404,1.316,1.432,0,NULL,NULL,,3,0,2,7,255,1040,250,0,0
stim,103623,133744,0,133744,3331064.453,-0.785,0.273,0.067,-0.552,1991,0,0,1917,0,715,0,723,60,1.411,1,2164,0,1050.004,16.765,-993.063,-164.000,299.063,-1.484,3.293,-1.055,15.883,-5.367,25.039,0.228,0.430,1.316,1.432,1,1047.000,7.000,,3,0,2,7,255,1040,250,0,0
stim,103623,133744,0,133744,3331069.457,-0.796,0.253,0.074,-0.546,2237,0,0,2087,0,910,0,794,60,1.411,1,2164,0,587.213,29.952,-549.250,-105.688,178.813,-2.227,2.012,-2.273,15.883,25.395,-2.102,0.252,0.456,1.316,1.432,1,NULL,NULL,,3,0,2,7,255,1040,250,0,0
stim,103623,133744,0,133744,3331074.454,-0.798,0.243,0.075,-0.546,2421,0,0,2205,0,1131,0,861,60,1.411,1,2164,0,229.131,28.144,-191.563,-125.625,-4.813,-1.473,0.305,-0.789,12.133,25.395,-10.219,0.280,0.482,1.316,1.432,1,NULL,NULL,,3,0,2,7,255,1040,250,0,0
stim,103669,133790,1,133790,3331079.455,-0.798,0.239,0.072,-0.549,2538,0,0,2297,0,1275,0,986,60,1.411,1,2164,0,123.543,16.614,-27.813,-108.500,-52.125,-0.023,0.414,0.996,2.359,16.445,-10.219,0.298,0.502,1.316,1.432,1,NULL,NULL,,3,1,2,7,255,1040,250,0,0
stim,103669,133790,1,133790,3331084.454,-0.800,0.234,0.069,-0.548,2725,0,0,2538,0,1429,0,1075,60,1.411,1,2164,0,142.139,3.888,-75.563,-107.125,54.938,0.496,1.957,1.453,2.359,-3.090,0.035,0.298,0.508,1.316,1.432,2,NULL,NULL,,3,1,2,7,255,1040,250,0,0
stim,103669,133790,1,133790,3331089.455,-0.806,0.226,0.068,-0.542,2839,0,0,2703,0,1486,0,1157,60,1.411,1,2164,0,266.235,9.434,-169.313,-115.938,169.625,-0.559,1.426,1.426,8.914,-3.090,6.285,0.284,0.502,1.316,1.432,2,NULL,NULL,,3,1,2,7,255,1040,250,0,0
stim,103669,133790,1,133790,3331094.453,-0.815,0.212,0.067,-0.535,2931,0,0,2845,0,1555,0,1299,60,1.411,1,2164,0,429.930,9.432,-320.500,-174.250,227.500,-2.199,-1.008,0.758,8.914,3.082,6.285,0.266,0.490,1.316,1.432,2,NULL,NULL,,3,1,2,7,255,1040,250,0,0
stim,103669,133790,1,133790,3331099.456,-0.818,0.197,0.069,-0.536,2989,0,0,2927,0,1579,0,1428,60,1.411,1,2164,0,338.727,22.043,-298.813,-158.938,-13.625,-2.328,-1.426,-0.371,-18.719,11.641,1.781,0.232,0.458,1.316,1.432,2,NULL,NULL,,3,1,2,7,255,1040,250,0,0
stim,103669,133790,1,133790,3331104.453,-0.816,0.189,0.066,-0.543,3029,0,0,2995,0,1596,0,1531,60,1.411,1,2164,0,255.279,22.043,-87.375,-171.688,-167.500,-0.801,-0.867,-0.395,-18.719,11.641,-8.848,0.178,0.404,1.316,1.432,2,NULL,NULL,,3,1,2,7,255,1040,250,0,0
stim,103669,133790,1,133790,3331109.456,-0.812,0.188,0.059,-0.550,3065,0,0,3055,0,1618,0,1607,60,1.411,1,2164,0,249.064,11.907,81.000,-162.813,-170.188,0.457,-0.730,1.031,-10.742,5.137,-8.848,0.104,0.334,1.316,1.432,2,NULL,NULL,,3,1,2,7,255,1040,250,0,0
stim,103669,133790,1,133790,3331114.454,-0.810,0.186,0.053,-0.554,3089,0,0,3098,0,1661,0,1621,60,1.411,1,2164,0,171.644,12.124,48.375,-148.625,-70.938,1.043,-0.973,2.121,-6.867,-9.992,-3.297,0.038,0.260,1.316,1.432,2,NULL,NULL,,3,1,2,7,255,1040,250,0,0
stim,103691,133812,1,133812,3331119.455,-0.812,0.179,0.050,-0.553,3102,0,0,3132,0,1721,0,1623,60,1.411,1,2164,0,184.204,20.641,-95.438,-150.438,46.813,0.992,-1.180,2.180,-6.867,-19.465,4.563,0.030,0.206,1.316,1.432,2,NULL,NULL,,3,1,2,7,255,1040,250,0,0
stim,103691,133812,1,133812,3331124.454,-0.818,0.168,0.049,-0.548,3117,0,0,3155,0,1805,1,1626,60,1.411,1,2164,0,294.026,21.389,-214.813,-136.875,146.875,0.430,-1.387,1.344,-8.867,-19.465,4.563,0.068,0.178,1.316,1.432,2,NULL,NULL,,3,1,2,7,255,1040,250,0,0
stim,103691,133812,1,133812,3331129.455,-0.824,0.159,0.048,-0.542,3128,0,0,3175,0,1891,90,1641,60,1.411,1,2164,0,306.747,17.418,-201.750,-132.750,189.125,-0.234,-1.293,0.316,-11.875,-12.742,-1.109,0.090,0.172,1.316,1.432,2,NULL,NULL,,3,1,2,7,255,1040,250,0,0
stim,103691,133812,1,133812,3331134.454,-0.829,0.153,0.044,-0.536,3141,0,0,3190,0,1991,118,1689,60,1.411,1,2164,0,231.928,12.439,-89.250,-138.250,163.438,-0.816,-0.773,0.266,-11.875,-3.703,-6.770,0.104,0.172,1.316,1.432,2,NULL,NULL,,3,1,2,7,255,1040,250,0,0
stim,103691,133812,1,133812,3331139.455,-0.831,0.148,0.039,-0.535,3144,0,0,3195,0,2076,155,1741,60,1.411,1,2164,0,163.411,10.981,-24.438,-145.563,70.125,-0.844,0.074,0.973,-10.480,3.277,-6.770,0.114,0.170,1.316,1.432,2,NULL,NULL,,3,1,2,7,255,1040,250,0,0
stim,103691,133812,1,133812,3331144.454,-0.832,0.144,0.034,-0.534,3147,0,0,3205,0,2153,171,1775,60,1.411,1,2164,0,146.552,4.861,-19.000,-143.688,21.688,-0.148,0.621,1.223,-3.590,3.277,1.301,0.124,0.158,1.316,1.432,2,NULL,NULL,,3,1,2,7,255,1040,250,0,0
stim,103713,133834,1,133834,3331149.456,-0.833,0.139,0.030,-0.535,3153,0,0,3207,0,2213,199,1815,60,1.411,1,2164,0,154.690,0.931,-68.875,-137.750,14.500,-0.109,0.277,1.609,0.824,0.434,3.086,0.134,0.138,1.316,1.432,2,NULL,NULL,,3,1,2,7,255,1040,250,0,0
stim,103713,133834,1,133834,3331154.453,-0.835,0.132,0.028,-0.534,3148,0,0,3207,0,2285,227,1917,60,1.411,1,2164,0,173.907,2.174,-116.813,-127.313,19.750,0.070,-0.180,1.168,0.824,-2.012,3.086,0.148,0.116,1.316,1.432,2,NULL,NULL,,3,1,2,7,255,1040,250,0,0
stim,103713,133834,1,133834,3331159.457,-0.836,0.125,0.026,-0.534,3149,0,0,3207,29,2335,359,2013,60,1.411,1,2164,0,162.288,4.369,-104.375,-120.688,29.625,0.020,-0.414,0.871,-2.133,-3.813,0.863,0.162,0.098,1.316,1.432,2,NULL,NULL,,3,1,2,7,255,1040,250,0,0
stim,103713,133834,1,133834,3331164.454,-0.836,0.122,0.024,-0.534,3149,0,0,3207,232,2364,375,2109,60,1.411,1,2164,0,95.236,5.315,-28.813,-90.688,3.938,0.168,-0.359,1.375,-3.375,-4.105,0.863,0.176,0.080,1.316,1.432,2,NULL,NULL,,3,1,2,7,255,1040,250,0,0
stim,103740,133861,1,133861,3331169.457,-0.836,0.121,0.022,-0.534,3150,0,0,3206,445,2395,382,2159,60,1.411,1,2164,0,52.407,6.789,0.188,-50.688,-13.313,0.664,0.148,1.203,-3.375,-5.891,0.809,0.190,0.068,1.316,1.432,2,NULL,NULL,,3,1,2,7,255,1040,250,0,0
stim,103740,133861,1,133861,3331174.454,-0.837,0.120,0.019,-0.534,3151,0,0,3205,611,2411,423,2201,60,1.411,1,2164,0,58.468,6.724,26.188,-48.375,19.813,0.594,0.867,1.355,3.242,-5.891,2.500,0.200,0.058,1.316,1.432,2,NULL,NULL,,3,1,2,7,255,1040,250,0,0
stim,103740,133861,1,133861,3331179.457,-0.837,0.119,0.019,-0.534,3148,0,0,3204,715,2431,437,2239,60,1.411,1,2164,0,45.835,5.600,-33.500,-30.750,5.750,-0.301,0.559,2.047,3.242,-4.566,3.469,0.210,0.050,1.316,1.432,2,NULL,NULL,,3,1,2,7,255,1040,250,0,0
stim,103740,133861,1,133861,3331184.453,-0.837,0.114,0.021,-0.534,3148,0,0,3198,851,2449,445,2293,60,1.411,1,2164,0,118.301,2.268,-115.813,-17.438,-16.688,-0.043,0.270,0.918,2.227,-0.430,3.469,0.218,0.042,1.316,1.432,2,NULL,NULL,,3,1,2,7,255,1040,250,0,0
stim,103776,133897,1,133897,3331189.455,-0.837,0.111,0.022,-0.535,3147,0,0,3195,979,2459,455,2329,60,1.411,1,2164,0,79.530,1.721,-74.750,-17.063,-21.125,-0.277,0.090,0.727,1.598,0.641,-0.566,0.224,0.036,1.316,1.432,2,NULL,NULL,,3,1,2,7,255,1040,250,0,0
stim,103776,133897,1,133897,3331194.454,-0.836,0.110,0.023,-0.537,3148,0,0,3195,1067,2463,467,2349,60,1.411,1,2164,0,69.002,0.710,-29.500,-15.438,-60.438,-0.223,0.113,0.953,-0.496,0.508,-0.566,0.230,0.030,1.316,1.432,2,NULL,NULL,,3,1,2,7,255,1040,250,0,0
stim,103776,133897,1,133897,3331199.456,-0.834,0.108,0.023,-0.540,3147,0,0,3194,1161,2469,469,2379,60,1.411,1,2164,0,81.457,0.710,-23.938,-13.813,-76.625,0.059,0.246,1.141,-0.496,0.508,-0.176,0.234,0.026,1.316,1.432,2,NULL,NULL,,3,1,2,7,255,1040,250,0,0
stim,103776,133897,1,133897,3331204.453,-0.833,0.106,0.024,-0.542,3145,0,0,3193,1231,2473,469,2397,60,1.411,1,2164,0,71.196,2.214,-48.813,-8.125,-51.188,0.164,0.141,1.191,1.293,-1.797,1.367,0.240,0.022,1.316,1.432,2,NULL,NULL,,3,1,2,7,255,1040,250,0,0
stim,103776,133897,1,133897,3331209.457,-0.833,0.103,0.025,-0.543,3145,16,0,3194,1289,2479,471,2413,60,1.411,1,2164,0,77.150,2.214,-72.438,-5.375,-26.000,-0.020,0.086,1.070,1.293,-1.797,1.367,0.244,0.018,1.316,1.432,2,NULL,NULL,,3,1,2,7,255,1040,250,0,0
stim,103776,133897,1,133897,3331214.453,-0.832,0.101,0.027,-0.544,3145,21,0,3195,1338,2488,472,2427,60,1.411,1,2164,0,72.509,1.623,-64.188,-1.625,-33.688,-0.160,0.172,0.910,0.492,-1.547,0.590,0.250,0.012,1.316,1.432,2,NULL,NULL,,3,1,2,7,255,1040,250,0,0
stim,103776,133897,1,133897,3331219.455,-0.831,0.099,0.028,-0.546,3145,31,0,3195,1389,2491,475,2442,60,1.411,1,2164,0,68.149,0.512,-41.625,-1.563,-53.938,-0.098,0.203,0.949,0.492,-0.141,-0.305,0.254,0.008,1.316,1.432,2,NULL,NULL,,3,1,2,7,255,1040,250,0,0
stim,103776,133897,1,133897,3331224.454,-0.830,0.098,0.029,-0.548,3123,44,0,3200,1439,2495,475,2456,60,1.411,1,2164,0,63.448,0.859,-35.250,0.750,-52.750,0.039,0.121,1.070,0.848,-0.141,-0.305,0.258,0.002,1.316,1.432,2,NULL,NULL,,3,1,2,7,255,1040,250,0,0
stim,103796,133917,1,133917,3331229.456,-0.830,0.096,0.030,-0.549,3143,71,0,3197,1475,2503,475,2457,60,1.411,1,2164,0,55.858,2.054,-44.688,2.250,-33.438,0.035,0.066,1.070,0.848,-1.871,0.516,0.000,0.000,1.316,1.432,2,NULL,NULL,,3,1,2,7,255,1040,250,0,0
stim,103796,133917,1,133917,3331234.453,-0.829,0.094,0.031,-0.550,3142,92,0,3197,1522,2505,475,2462,60,1.411,1,2164,0,53.390,1.905,-49.063,2.750,-20.875,-0.090,0.066,0.984,0.355,-1.871,0.516,0.000,0.000,1.316,1.432,2,NULL,NULL,,3,1,2,7,255,1040,250,0,0
stim,103796,133917,1,133917,3331239.456,-0.829,0.093,0.032,-0.551,3133,104,0,3195,1554,2506,443,2461,60,1.411,1,2164,0,47.718,0.757,-41.000,2.813,-24.250,-0.164,0.059,0.953,-0.066,-0.754,-0.109,0.000,0.000,1.316,1.432,2,NULL,NULL,,3,1,2,7,255,1040,250,0,0
stim,103796,133917,1,133917,3331244.453,-0.828,0.091,0.033,-0.552,3133,111,0,3194,1567,2506,438,2469,60,1.411,1,2164,0,43.475,0.342,-29.125,3.125,-32.125,-0.129,0.082,0.992,-0.066,-0.336,-0.109,0.000,0.000,1.316,1.432,2,NULL,NULL,,3,1,2,7,255,1040,250,0,0
stim,103796,133917,1,133917,3331249.455,-0.828,0.091,0.034,-0.553,3133,136,0,3197,1592,2505,429,2461,60,1.411,1,2164,0,39.228,0.336,-23.313,3.313,-31.375,-0.070,0.137,1.059,-0.004,-0.336,0.035,0.000,0.000,1.316,1.432,2,NULL,NULL,,3,1,2,7,255,1040,250,0,0
stim,103796,133917,1,133917,3331254.454,-0.827,0.090,0.035,-0.554,3127,138,5,3191,1617,2506,414,2463,60,1.411,1,2164,0,36.370,0.968,-26.875,3.938,-24.188,-0.082,0.148,1.094,0.715,-0.652,0.609,0.000,0.000,1.316,1.432,2,NULL,NULL,,3,1,2,7,255,1040,250,0,0
stim,103827,133948,1,133948,3331259.456,-0.827,0.089,0.035,-0.554,3130,141,17,3190,1643,2505,410,2467,60,1.411,1,2164,0,40.072,0.968,-34.813,3.688,-19.500,-0.145,0.102,1.059,0.715,-0.652,0.707,0.000,0.000,1.316,1.432,2,NULL,NULL,,3,1,2,7,255,1040,250,0,0
stim,103827,133948,1,133948,3331264.453,-0.827,0.087,0.037,-0.555,3117,143,30,3187,1673,2505,397,2469,60,1.411,1,2164,0,42.200,0.282,-36.688,2.625,-20.688,-0.188,0.055,0.965,0.188,-0.211,0.707,0.000,0.000,1.316,1.432,2,NULL,NULL,,3,1,2,7,255,1040,250,0,0
stim,103827,133948,1,133948,3331269.457,-0.826,0.086,0.038,-0.556,3104,147,29,3183,1701,2501,367,2469,60,1.411,1,2164,0,37.864,0.418,-30.125,-0.063,-22.938,-0.203,-0.008,0.918,-0.383,0.168,-0.156,0.000,0.000,1.316,1.432,2,NULL,NULL,,3,1,2,7,255,1040,250,0,0
stim,103827,133948,1,133948,3331274.454,-0.826,0.085,0.038,-0.557,3101,142,55,3141,1717,2505,372,2479,60,1.411,1,2164,0,33.183,0.964,-22.188,-1.563,-24.625,-0.176,-0.055,0.941,-0.949,0.168,-0.492,0.000,0.000,1.316,1.432,2,NULL,NULL,,3,1,2,7,255,1040,250,0,0
stim,103827,133948,1,133948,3331279.455,-0.825,0.084,0.039,-0.557,3096,146,77,3163,1747,2500,349,2479,60,1.411,1,2164,0,28.779,1.306,-18.438,-3.125,-21.875,-0.152,-0.078,0.945,-1.277,-0.273,-0.492,0.000,0.000,1.316,1.432,2,NULL,NULL,,3,1,2,7,255,1040,250,0,0
stim,103827,133948,1,133948,3331284.454,-0.825,0.083,0.039,-0.558,3089,150,85,3153,1764,2493,335,2487,60,1.411,1,2164,0,24.508,1.433,-16.188,-5.688,-17.500,-0.164,-0.082,0.934,-1.363,-0.441,-0.492,0.000,0.000,1.316,1.432,2,NULL,NULL,,3,1,2,7,255,1040,250,0,0
stim,103873,133994,1,133994,3331289.456,-0.824,0.082,0.039,-0.559,3079,151,121,3145,1800,2493,343,2488,60,1.309,1,2164,1,20.766,1.433,-11.313,-6.875,-16.000,-0.168,-0.070,0.922,-1.363,-0.441,-0.598,0.000,0.000,1.261,1.381,2,NULL,NULL,,3,1,2,7,255,1040,250,0,0
stim,103873,133994,1,133994,3331294.454,-0.824,0.082,0.039,-0.559,3062,150,133,3133,1823,2489,341,2505,60,1.309,1,2164,1,18.647,1.360,-5.750,-8.625,-15.500,-0.176,-0.039,0.930,-1.320,-0.328,-0.598,0.004,0.002,1.261,1.381,2,NULL,NULL,,3,1,2,7,255,1040,250,0,0
stim,103873,133994,1,133994,3331299.455,-0.824,0.081,0.039,-0.560,3051,149,159,3123,1848,2489,347,2511,60,1.309,1,2164,1,19.149,1.064,-1.563,-10.500,-15.938,-0.172,0.004,0.949,-1.055,-0.137,-0.590,0.006,0.004,1.261,1.381,2,NULL,NULL,,3,1,2,7,255,1040,250,0,0
stim,103873,133994,1,133994,3331304.453,-0.823,0.081,0.039,-0.560,3037,147,179,3108,1879,2487,329,2521,60,1.309,1,2164,1,19.494,0.647,0.188,-11.313,-15.875,-0.160,0.047,0.980,-0.645,-0.055,-0.371,0.010,0.006,1.261,1.381,2,NULL,NULL,,3,1,2,7,255,1040,250,0,0
stim,103873,133994,1,133994,3331309.456,-0.823,0.081,0.038,-0.561,3025,149,232,3096,1913,2485,338,2527,60,1.309,1,2164,1,19.055,0.247,-1.875,-11.438,-15.125,-0.168,0.082,1.016,-0.242,-0.051,-0.055,0.012,0.008,1.261,1.381,2,NULL,NULL,,3,1,2,7,255,1040,250,0,0
stim,103873,133994,1,133994,3331314.454,-0.823,0.080,0.038,-0.562,3013,151,283,3080,1945,2489,345,2535,60,1.309,1,2164,1,21.113,0.119,-4.563,-12.188,-16.625,-0.188,0.098,1.008,0.082,0.086,0.262,0.014,0.008,1.261,1.381,2,NULL,NULL,,3,1,2,7,255,1040,250,0,0
stim,103873,133994,1,133994,3331319.455,-0.822,0.080,0.038,-0.562,2991,159,315,3059,1981,2480,351,2552,60,1.309,1,2164,1,24.810,0.270,-4.688,-12.563,-20.875,-0.168,0.102,0.988,0.141,0.230,0.262,0.014,0.008,1.261,1.381,2,NULL,NULL,,3,1,2,7,255,1040,250,0,0
stim,103873,133994,1,133994,3331324.454,-0.822,0.079,0.037,-0.563,2972,165,355,3047,2007,2487,365,2569,60,1.309,1,2164,1,25.944,0.320,-3.750,-13.125,-22.063,-0.137,0.086,0.977,0.223,0.230,0.070,0.014,0.006,1.261,1.381,2,NULL,NULL,,3,1,2,7,255,1040,250,0,0
stim,103894,134015,0,134015,3331329.457,-0.821,0.079,0.037,-0.564,2951,164,437,3028,2029,2491,371,2575,60,1.309,1,2164,1,23.580,0.243,-3.375,-14.063,-18.625,-0.125,0.074,0.984,0.223,-0.098,-0.070,0.014,0.004,1.261,1.381,2,NULL,NULL,,3,0,2,7,255,1045,250,0,0
stim,103894,134015,0,134015,3331334.453,-0.821,0.078,0.036,-0.565,2909,173,505,2987,2063,2493,405,2588,60,1.309,1,2164,1,23.692,0.243,-2.563,-14.813,-18.313,-0.137,0.133,0.984,0.223,-0.098,-0.070,0.014,0.004,1.261,1.381,2,NULL,NULL,,3,0,2,7,255,1045,250,0,0
stim,103894,134015,0,134015,3331339.455,-0.820,0.078,0.036,-0.565,2917,176,597,2989,2117,2507,431,2617,60,1.309,1,2164,1,24.713,0.647,-0.938,-15.313,-19.375,-0.137,0.172,1.004,0.641,0.090,-0.016,0.012,0.002,1.261,1.381,2,NULL,NULL,,3,0,2,7,255,1045,250,0,0
stim,103894,134015,0,134015,3331344.454,-0.820,0.078,0.035,-0.566,2892,181,659,2972,2163,2501,457,2629,60,1.309,1,2164,1,25.376,0.786,-1.688,-15.688,-19.875,-0.125,0.145,1.023,0.781,0.090,0.184,0.012,0.002,1.261,1.381,2,NULL,NULL,,3,0,2,7,255,1045,250,0,0
stim,103939,134060,0,134060,3331349.455,-0.820,0.077,0.035,-0.567,2859,191,726,2953,2219,2515,523,2645,60,1.309,1,2164,1,23.666,0.781,-5.063,-16.000,-16.688,-0.113,0.125,1.012,0.781,-0.012,0.203,0.012,0.004,1.261,1.381,2,NULL,NULL,,3,0,2,7,255,1045,250,0,0
stim,103939,134060,0,134060,3331354.453,-0.819,0.077,0.034,-0.567,2839,207,798,2927,2263,2516,593,2664,60,1.309,1,2164,1,22.146,0.774,-6.563,-16.125,-13.688,-0.133,0.145,0.992,0.773,-0.012,0.203,0.012,0.006,1.261,1.381,2,NULL,NULL,,3,0,2,7,255,1045,250,0,0
stim,103939,134060,0,134060,3331359.455,-0.819,0.076,0.034,-0.568,2805,235,921,2909,2297,2505,685,2664,60,1.309,1,2164,1,23.334,0.784,-5.813,-16.563,-15.375,-0.172,0.168,1.008,0.773,0.129,0.203,0.010,0.008,1.261,1.381,2,NULL,NULL,,3,0,2,7,255,1045,250,0,0
stim,103939,134060,0,134060,3331364.454,-0.819,0.075,0.033,-0.568,2771,237,1043,2888,2335,2517,841,2685,60,1.309,1,2164,1,28.323,1.014,-6.500,-16.938,-21.750,-0.195,0.199,1.031,0.836,0.574,0.277,0.010,0.010,1.261,1.381,2,NULL,NULL,,3,0,2,7,255,1045,250,0,0
stim,103939,134060,0,134060,3331369.455,-0.818,0.075,0.033,-0.570,2744,244,1173,2869,2389,2523,915,2693,60,1.309,1,2164,1,36.048,1.286,-9.188,-16.875,-30.500,-0.180,0.203,1.039,1.051,0.742,0.543,0.008,0.012,1.261,1.381,2,NULL,NULL,,3,0,2,7,255,1045,250,0,0
stim,103939,134060,0,134060,3331374.454,-0.817,0.074,0.033,-0.571,2697,261,1269,2847,2437,2511,1045,2715,60,1.309,1,2164,1,44.063,1.286,-14.000,-16.375,-38.438,-0.160,0.180,1.059,1.051,0.742,0.617,0.006,0.014,1.261,1.381,2,NULL,NULL,,3,0,2,7,255,1045,250,0,0
stim,103971,134092,0,134092,3331379.457,-0.816,0.073,0.033,-0.573,2638,269,1420,2823,2483,2515,1179,2733,60,1.309,1,2164,1,51.225,1.090,-21.000,-14.813,-44.313,-0.145,0.098,1.039,0.984,0.469,0.617,0.006,0.014,1.261,1.381,2,NULL,NULL,,3,0,2,7,255,1045,250,0,0
stim,103971,134092,0,134092,3331384.453,-0.815,0.071,0.033,-0.574,2592,301,1560,2807,2519,2521,1289,2735,60,1.309,1,2164,1,55.904,0.345,-27.313,-15.500,-46.250,-0.164,0.027,0.984,0.316,0.137,0.504,0.004,0.018,1.261,1.381,2,NULL,NULL,,3,0,2,7,255,1045,250,0,0
stim,103971,134092,0,134092,3331389.456,-0.814,0.070,0.033,-0.576,2516,312,1679,2788,2554,2531,1423,2749,60,1.309,1,2164,1,58.736,0.403,-28.813,-17.938,-47.938,-0.191,0.023,0.965,-0.379,0.137,-0.023,0.002,0.022,1.261,1.381,2,NULL,NULL,,3,0,2,7,255,1045,250,0,0
stim,103971,134092,0,134092,3331394.454,-0.813,0.068,0.034,-0.578,2459,317,1816,2743,2592,2525,1533,2766,60,1.309,1,2164,1,65.583,0.620,-27.125,-18.375,-56.813,-0.195,0.008,0.980,-0.461,0.414,-0.027,0.006,0.026,1.261,1.381,2,NULL,NULL,,3,0,2,7,255,1045,250,0,0
stim,103971,134092,0,134092,3331399.455,-0.811,0.066,0.034,-0.580,2379,339,1935,2719,2642,2537,1647,2779,60,1.309,1,2164,1,74.083,0.724,-29.688,-19.750,-64.938,-0.160,-0.031,1.012,-0.594,0.414,-0.027,0.010,0.032,1.261,1.381,2,NULL,NULL,,3,0,2,7,255,1045,250,0,0
stim,103971,134092,0,134092,3331404.453,-0.810,0.064,0.034,-0.583,2307,341,2063,2668,2676,2535,1749,2804,60,1.309,1,2164,1,78.035,0.777,-34.875,-20.438,-66.750,-0.148,-0.035,1.004,-0.773,-0.070,0.113,0.014,0.038,1.261,1.381,2,NULL,NULL,,3,0,2,7,255,1045,250,0,0
stim,103971,134092,0,134092,3331409.455,-0.808,0.062,0.035,-0.585,2201,343,2173,2644,2699,2533,1843,2809,60,1.309,1,2164,1,84.764,0.809,-41.500,-20.750,-70.938,-0.141,-0.074,1.063,-0.801,-0.117,0.188,0.020,0.042,1.261,1.381,2,NULL,NULL,,3,0,2,7,255,1045,250,0,0
stim,103971,134092,0,134092,3331414.453,-0.806,0.059,0.035,-0.587,2119,344,2291,2577,2743,2527,1962,2823,60,1.309,1,2164,0,89.995,1.142,-55.563,-23.938,-66.625,-0.117,-0.098,1.035,-1.074,-0.387,0.355,0.022,0.048,1.261,1.381,2,NULL,NULL,,3,0,2,7,255,1045,250,0,0
stim,103992,134113,0,134113,3331419.455,-0.805,0.057,0.036,-0.590,1994,320,2361,2517,2749,2537,2037,2835,60,1.309,1,2164,0,90.704,1.142,-55.875,-23.250,-67.563,-0.133,-0.039,0.953,-1.074,-0.387,0.355,0.026,0.050,1.261,1.381,2,NULL,NULL,,3,0,2,7,255,1045,250,0,0
stim,103992,134113,0,134113,3331424.454,-0.803,0.054,0.037,-0.592,1889,343,2460,2458,2785,2531,2137,2861,60,1.309,1,2164,0,86.744,0.717,-47.750,-23.500,-68.500,-0.125,-0.051,0.945,-0.691,-0.191,-0.379,0.026,0.052,1.261,1.381,2,NULL,NULL,,3,0,2,7,255,1045,250,0,0
stim,103992,134113,0,134113,3331429.456,-0.802,0.051,0.037,-0.594,1725,337,2539,2363,2807,2535,2215,2869,60,1.309,1,2164,0,85.858,0.661,-45.688,-27.750,-67.188,-0.105,-0.043,1.027,-0.633,-0.191,-0.379,0.026,0.054,1.261,1.381,2,NULL,NULL,,3,0,2,7,255,1045,250,0,0
stim,103992,134113,0,134113,3331434.453,-0.800,0.049,0.037,-0.596,1573,331,2587,2263,2827,2532,2297,2889,60,1.309,1,2164,0,77.733,0.653,-47.750,-29.438,-53.813,-0.055,-0.004,1.020,-0.512,-0.406,0.172,0.024,0.054,1.261,1.381,2,NULL,NULL,,3,0,2,7,255,1045,250,0,0
stim,103992,134113,0,134113,3331439.455,-0.799,0.046,0.038,-0.598,1337,302,2635,2156,2851,2531,2359,2893,60,1.309,1,2164,0,75.551,0.409,-46.563,-27.875,-52.563,-0.148,0.027,1.012,0.051,-0.406,0.207,0.022,0.054,1.261,1.381,2,NULL,NULL,,3,0,2,7,255,1045,250,0,0
stim,103992,134113,0,134113,3331444.454,-0.798,0.044,0.038,-0.600,1176,281,2670,2024,2862,2532,2424,2895,60,1.309,1,2164,0,79.377,0.086,-45.375,-30.938,-57.313,-0.109,0.039,1.027,0.086,-0.004,0.207,0.020,0.054,1.261,1.381,2,NULL,NULL,,3,0,2,7,255,1045,250,0,0
stim,104014,134135,0,134135,3331449.455,-0.797,0.041,0.038,-0.602,995,267,2719,1829,2897,2521,2471,2915,60,1.309,1,2164,0,74.188,0.102,-43.625,-32.313,-50.563,-0.070,-0.004,1.023,0.102,-0.004,0.234,0.018,0.054,1.261,1.381,2,NULL,NULL,,3,0,2,7,255,1045,250,0,0
stim,104014,134135,0,134135,3331454.454,-0.796,0.039,0.038,-0.603,777,237,2751,1619,2903,2526,2527,2926,60,1.309,1,2164,0,73.566,0.476,-47.688,-32.500,-45.625,-0.039,-0.152,1.031,0.102,-0.465,0.301,0.016,0.052,1.261,1.381,2,NULL,NULL,,3,0,2,7,255,1045,250,0,0
stim,104014,134135,0,134135,3331459.455,-0.795,0.036,0.038,-0.604,594,202,2775,1403,2915,2507,2571,2921,60,1.309,1,2164,0,60.299,1.622,-42.813,-34.813,-24.313,-0.031,-0.168,0.996,-1.172,-1.121,0.234,0.014,0.052,1.261,1.381,2,NULL,NULL,,3,0,2,7,255,1045,250,0,0
stim,104014,134135,0,134135,3331464.453,-0.795,0.034,0.038,-0.605,375,153,2813,1109,2932,2505,2613,2933,60,1.309,1,2164,0,55.544,1.676,-40.125,-34.563,-16.750,-0.148,-0.137,1.074,-1.246,-1.121,0.313,0.012,0.050,1.261,1.381,2,NULL,NULL,,3,0,2,7,255,1045,250,0,0
stim,104039,134160,0,134160,3331469.457,-0.795,0.031,0.038,-0.605,203,77,2828,879,2957,2479,2651,2955,60,1.309,1,2164,0,62.282,1.246,-41.313,-39.688,-24.438,-0.176,-0.004,0.961,-1.246,-0.008,-0.043,0.010,0.048,1.261,1.381,2,NULL,NULL,,3,0,2,7,255,1045,250,0,0
stim,104039,134160,0,134160,3331474.454,-0.794,0.029,0.037,-0.606,92,35,2860,629,2971,2463,2681,2963,60,1.309,1,2164,0,56.784,0.854,-21.625,-41.188,-32.563,-0.180,-0.039,0.953,-0.430,0.738,-0.254,0.010,0.048,1.261,1.381,2,NULL,NULL,,3,0,2,7,255,1045,250,0,0
stim,104039,134160,0,134160,3331479.455,-0.793,0.028,0.035,-0.608,21,31,2869,416,2981,2451,2713,2969,60,1.309,1,2164,0,63.583,0.745,-9.188,-46.563,-42.313,-0.074,0.004,1.012,-0.098,0.738,-0.254,0.010,0.046,1.261,1.381,2,NULL,NULL,,3,0,2,7,255,1045,250,0,0
stim,104039,134160,0,134160,3331484.453,-0.792,0.026,0.034,-0.609,0,0,2895,216,2983,2419,2743,2971,60,1.309,1,2164,0,57.774,0.302,-2.625,-48.563,-31.188,-0.023,0.070,1.066,0.273,-0.129,0.129,0.012,0.046,1.261,1.381,2,NULL,NULL,,3,0,2,7,255,1045,250,0,0
stim,104075,134196,0,134196,3331489.455,-0.791,0.024,0.032,-0.610,0,0,2904,155,3001,2399,2767,2972,60,1.309,1,2164,0,62.954,0.367,-6.375,-52.313,-34.438,-0.074,0.008,1.055,0.344,-0.129,0.551,0.012,0.046,1.261,1.381,2,NULL,NULL,,3,0,2,7,255,1045,250,0,0
stim,104075,134196,0,134196,3331494.453,-0.791,0.024,0.029,-0.610,0,0,2903,109,3015,2379,2803,2981,60,1.309,1,2164,0,65.490,0.353,25.375,-60.250,-3.875,-0.305,-0.086,1.215,0.344,-0.082,0.594,0.012,0.048,1.261,1.381,2,NULL,NULL,,3,0,2,7,255,1045,250,0,0
stim,104075,134196,0,134196,3331499.455,-0.791,0.023,0.026,-0.611,0,0,2919,73,3027,2343,2815,2991,60,1.309,1,2164,0,80.144,2.115,35.875,-70.500,-12.875,-0.465,-0.211,1.449,-1.090,1.813,2.313,0.012,0.048,1.261,1.381,3,NULL,NULL,,3,0,2,7,255,1045,250,0,0
stim,104075,134196,0,134196,3331504.454,-0.790,0.023,0.023,-0.612,0,0,2923,45,3029,2317,2847,2989,60,1.309,1,2164,0,98.305,3.607,49.438,-78.688,-32.063,-0.453,-0.164,1.656,-2.125,2.914,4.730,0.014,0.048,1.261,1.381,3,NULL,NULL,,3,0,2,7,255,1045,250,0,0
stim,104075,134196,0,134196,3331509.456,-0.790,0.021,0.019,-0.613,0,0,2924,0,3029,2285,2860,3002,60,1.309,1,2164,0,91.194,3.607,11.500,-87.688,-22.250,-0.125,0.105,1.598,-2.125,2.914,5.883,0.014,0.048,1.261,1.381,3,NULL,NULL,,3,0,2,7,255,1045,250,0,0
stim,104075,134196,0,134196,3331514.453,-0.790,0.017,0.017,-0.613,0,0,2923,0,3052,2227,2880,2995,60,1.309,1,2164,0,96.045,1.298,-40.563,-85.125,-18.250,-0.027,0.188,1.336,1.148,0.605,5.883,0.014,0.048,1.261,1.381,3,NULL,NULL,,3,0,2,7,255,1045,250,0,0
stim,104075,134196,0,134196,3331519.457,-0.790,0.014,0.015,-0.613,0,0,2940,0,3047,2159,2907,3003,60,1.309,1,2164,0,97.725,1.745,-27.938,-92.875,12.000,-0.125,0.172,1.160,1.637,0.605,3.246,0.012,0.050,1.261,1.381,3,NULL,NULL,,3,0,2,7,255,1045,250,0,0
stim,104075,134196,0,134196,3331524.454,-0.791,0.012,0.011,-0.612,0,0,2927,0,3051,2077,2905,3001,60,1.309,1,2164,0,101.711,1.999,-4.000,-100.375,15.938,-0.215,0.133,1.160,1.637,1.148,1.582,0.010,0.054,1.261,1.381,3,NULL,NULL,,3,0,2,7,255,1045,250,0,0
stim,104097,134218,0,134218,3331529.457,-0.791,0.009,0.008,-0.612,0,0,2935,0,3077,1988,2919,2999,60,1.309,1,2164,0,108.704,2.278,12.250,-107.000,14.750,-0.313,0.016,1.270,1.031,2.031,1.582,0.012,0.058,1.261,1.381,3,NULL,NULL,,3,0,2,7,255,1045,250,0,0
stim,104097,134218,0,134218,3331534.454,-0.791,0.007,0.004,-0.612,0,0,2916,0,3068,1867,2939,2997,60,1.309,1,2164,0,113.003,2.290,6.938,-112.750,-3.000,-0.254,0.012,1.359,-0.242,2.277,2.688,0.018,0.064,1.261,1.381,3,NULL,NULL,,3,0,2,7,255,1045,250,0,0
stim,104097,134218,0,134218,3331539.456,-0.791,0.003,-0.000,-0.611,0,0,2917,0,3067,1741,2944,2997,60,1.309,1,2164,0,119.293,2.304,-6.125,-119.125,1.625,-0.219,-0.117,1.352,-0.352,2.277,3.469,0.026,0.074,1.261,1.381,3,NULL,NULL,,3,0,2,7,255,1045,250,0,0
stim,104097,134218,0,134218,3331544.453,-0.792,-0.000,-0.004,-0.611,0,0,2916,0,3068,1587,2966,2990,60,1.309,1,2164,0,123.552,1.989,-8.625,-123.063,6.813,-0.168,-0.078,1.285,-0.953,1.746,3.469,0.032,0.080,1.261,1.381,3,NULL,NULL,,3,0,2,7,255,1045,250,0,0
stim,104097,134218,0,134218,3331549.455,-0.792,-0.004,-0.008,-0.611,0,0,2897,0,3081,1399,2973,2983,60,1.309,1,2164,0,129.668,2.109,-20.000,-127.813,8.813,-0.188,-0.094,1.242,-1.184,1.746,2.801,0.038,0.090,1.261,1.381,3,NULL,NULL,,3,0,2,7,255,1045,250,0,0
stim,104097,134218,0,134218,3331554.454,-0.792,-0.008,-0.012,-0.610,0,0,2887,0,3078,1205,2988,2969,60,1.309,1,2164,0,135.527,2.013,-14.438,-134.000,14.250,-0.203,-0.063,1.184,-0.953,1.773,2.363,0.044,0.098,1.261,1.381,3,NULL,NULL,,3,0,2,7,255,1045,250,0,0
stim,104127,134248,0,134248,3331559.455,-0.793,-0.012,-0.016,-0.609,0,0,2871,0,3087,1003,2991,2975,60,1.309,1,2164,0,141.574,2.414,-7.938,-140.625,14.313,-0.230,-0.074,1.172,-1.152,2.121,1.730,0.054,0.110,1.261,1.381,3,NULL,NULL,,3,0,2,7,255,1045,250,0,0
stim,104127,134248,0,134248,3331564.453,-0.793,-0.016,-0.021,-0.609,0,0,2851,0,3087,721,3001,2956,60,1.309,1,2164,0,146.799,2.721,-6.563,-146.500,6.688,-0.227,-0.105,1.160,-1.152,2.465,1.605,0.064,0.122,1.261,1.381,3,NULL,NULL,,3,0,2,7,255,1045,250,0,0
stim,104127,134248,0,134248,3331569.456,-0.793,-0.020,-0.026,-0.609,0,0,2815,0,3095,554,3011,2950,60,1.309,1,2164,0,152.225,2.882,-4.500,-152.000,-6.938,-0.227,-0.133,1.129,-1.461,2.484,1.465,0.076,0.136,1.261,1.381,3,NULL,NULL,,3,0,2,7,255,1045,250,0,0
stim,104127,134248,0,134248,3331574.454,-0.792,-0.024,-0.031,-0.609,0,0,2787,0,3093,402,3021,2922,60,1.309,1,2164,0,159.256,3.048,3.938,-159.125,-5.125,-0.145,-0.180,1.121,-1.766,2.484,1.125,0.088,0.148,1.261,1.381,3,NULL,NULL,,3,0,2,7,255,1045,250,0,0
stim,104127,134248,0,134248,3331579.455,-0.792,-0.028,-0.037,-0.608,0,0,2749,0,3103,185,3017,2913,60,1.309,1,2164,0,165.677,2.497,5.875,-165.563,1.875,-0.078,-0.113,1.105,-1.766,1.766,1.094,0.098,0.158,1.261,1.381,3,NULL,NULL,,3,0,2,7,255,1045,250,0,0
stim,104127,134248,0,134248,3331584.454,-0.793,-0.032,-0.042,-0.607,0,0,2707,0,3091,115,3036,2885,60,1.309,1,2164,0,172.330,2.188,6.813,-171.875,10.500,-0.090,-0.098,1.152,-1.293,1.766,1.094,0.110,0.170,1.261,1.381,3,NULL,NULL,,3,0,2,7,255,1045,250,0,0
stim,104171,134292,0,134292,3331589.455,-0.793,-0.036,-0.049,-0.606,0,0,2661,0,3091,37,3036,2853,60,1.309,1,2164,0,180.081,2.150,16.313,-178.813,13.750,-0.141,-0.008,1.266,-1.203,1.781,1.355,0.120,0.180,1.261,1.381,3,NULL,NULL,,3,0,2,7,255,1045,250,0,0
stim,104171,134292,0,134292,3331594.453,-0.793,-0.041,-0.055,-0.606,0,0,2597,0,3096,0,3034,2811,60,1.309,1,2164,0,183.052,2.854,13.375,-182.563,0.438,-0.105,0.141,1.273,-0.547,2.801,2.324,0.132,0.192,1.261,1.381,3,NULL,NULL,,3,0,2,7,255,1045,250,0,0
stim,104171,134292,0,134292,3331599.457,-0.792,-0.045,-0.062,-0.606,0,0,2525,0,3093,2,3044,2777,60,1.309,1,2164,0,188.325,3.148,13.813,-187.625,-8.500,-0.039,0.266,1.379,0.875,3.023,2.352,0.144,0.204,1.261,1.381,3,NULL,NULL,,3,0,2,7,255,1045,250,0,0
stim,104171,134292,0,134292,3331604.453,-0.792,-0.049,-0.070,-0.605,0,0,2443,0,3089,0,3035,2735,60,1.309,1,2164,0,195.632,3.541,36.813,-192.125,2.125,-0.090,0.262,1.773,1.785,3.059,3.418,0.158,0.216,1.261,1.381,3,NULL,NULL,,3,0,2,7,255,1045,250,0,0
stim,104193,134314,0,134314,3331609.456,-0.792,-0.053,-0.078,-0.603,0,0,2345,0,3063,7,3031,2677,60,1.309,1,2164,0,212.148,4.732,32.000,-207.500,30.438,-0.242,0.156,2.199,1.785,4.383,7.129,0.172,0.230,1.261,1.381,3,NULL,NULL,,3,0,2,7,255,1045,250,0,0
stim,104193,134314,0,134314,3331614.454,-0.793,-0.060,-0.085,-0.601,0,0,2210,0,3053,68,3033,2616,60,1.309,1,2164,0,233.815,6.599,-4.625,-228.563,49.063,-0.590,0.125,2.492,0.141,6.598,10.871,0.184,0.242,1.261,1.381,3,NULL,NULL,,3,0,2,7,255,1045,250,0,0
stim,104193,134314,0,134314,3331619.457,-0.793,-0.068,-0.093,-0.598,0,0,2063,0,3038,83,3023,2553,60,1.309,1,2164,0,264.846,10.735,-42.625,-255.938,53.125,-0.828,0.289,2.492,-0.414,10.727,12.027,0.198,0.256,1.261,1.381,3,NULL,NULL,,3,0,2,7,255,1045,250,0,0
stim,104193,134314,0,134314,3331624.454,-0.793,-0.078,-0.101,-0.596,0,0,1885,0,3021,91,3002,2458,60,1.309,1,2164,0,295.260,13.846,-69.563,-284.875,34.438,-0.789,0.648,2.484,-0.414,13.840,12.027,0.212,0.270,1.261,1.381,3,NULL,NULL,,3,0,2,7,255,1045,250,0,0
stim,104193,134314,0,134314,3331629.457,-0.792,-0.089,-0.109,-0.594,0,0,1765,0,2992,119,2993,2355,60,1.309,1,2164,0,323.396,14.833,-81.375,-312.375,19.625,-0.648,0.766,2.445,3.035,14.520,11.590,0.224,0.286,1.261,1.381,3,NULL,NULL,,3,0,2,7,255,1045,250,0,0
stim,104193,134314,0,134314,3331634.453,-0.791,-0.101,-0.119,-0.592,0,0,1643,0,2971,117,2949,2227,60,1.309,1,2164,0,350.661,15.407,-84.563,-339.313,26.063,-0.609,0.719,2.508,4.113,14.848,11.387,0.238,0.300,1.261,1.381,3,NULL,NULL,,3,0,2,7,255,1045,250,0,0
stim,104193,134314,0,134314,3331639.455,-0.790,-0.114,-0.128,-0.589,0,0,1520,0,2938,134,2923,2109,60,1.309,1,2164,0,380.891,15.469,-106.375,-364.063,34.938,-0.672,0.766,2.656,4.340,14.848,11.387,0.256,0.320,1.261,1.381,3,NULL,NULL,,3,0,2,7,255,1045,250,0,0
stim,104193,134314,0,134314,3331644.454,-0.788,-0.129,-0.138,-0.586,0,0,1433,0,2899,133,2859,1988,60,1.309,1,2164,0,407.325,17.288,-133.688,-383.813,27.000,-0.750,0.844,2.648,4.340,16.734,11.387,0.280,0.346,1.261,1.381,3,NULL,NULL,,3,0,2,7,255,1045,250,0,0
stim,104218,134339,0,134339,3331649.456,-0.785,-0.144,-0.148,-0.584,0,0,1337,0,2847,137,2807,1851,60,1.309,1,2164,0,427.803,18.900,-127.688,-408.063,14.000,-0.711,0.789,2.676,4.520,18.352,10.988,0.316,0.386,1.261,1.381,3,NULL,NULL,,3,0,2,7,255,1045,250,0,0
stim,104218,134339,0,134339,3331654.453,-0.782,-0.159,-0.160,-0.581,0,0,1254,0,2795,133,2720,1739,60,1.309,1,2164,0,451.209,19.272,-110.688,-436.875,21.875,-0.805,0.781,2.887,4.520,18.734,10.988,0.362,0.434,1.261,1.381,3,NULL,NULL,,3,0,2,7,255,1045,250,0,0
stim,104218,134339,0,134339,3331659.455,-0.779,-0.175,-0.172,-0.577,0,0,1121,0,2711,101,2604,1587,60,1.309,1,2164,0,477.120,21.714,-141.750,-454.625,29.438,-0.973,0.949,2.949,4.520,21.238,10.711,0.418,0.492,1.261,1.381,3,NULL,NULL,,3,0,2,7,255,1045,250,0,0
stim,104218,134339,0,134339,3331664.453,-0.775,-0.193,-0.183,-0.574,0,0,969,0,2604,75,2459,1431,60,1.309,1,2164,0,494.211,24.540,-160.625,-467.375,-2.250,-1.055,0.844,3.016,4.098,24.195,10.117,0.482,0.558,1.261,1.381,3,NULL,NULL,,3,0,2,7,255,1045,250,0,0
stim,104218,134339,0,134339,3331669.455,-0.769,-0.210,-0.196,-0.572,0,0,787,0,2475,59,2268,1258,60,1.309,1,2164,0,509.536,25.021,-166.000,-480.500,-34.500,-0.906,0.492,3.039,4.047,24.691,9.586,0.552,0.630,1.261,1.381,3,NULL,NULL,,3,0,2,7,255,1045,250,0,0
stim,104218,134339,0,134339,3331674.454,-0.762,-0.228,-0.208,-0.569,0,0,634,0,2285,9,2005,1067,60,1.309,1,2164,0,526.329,24.722,-168.688,-497.250,-36.188,-0.730,0.027,2.973,1.234,24.691,9.520,0.630,0.708,1.261,1.381,3,NULL,NULL,,3,0,2,7,255,1045,250,0,0
stim,104277,134398,0,134398,3331679.457,-0.756,-0.247,-0.220,-0.565,0,0,456,0,2043,0,1687,923,60,1.309,1,2164,0,550.926,22.927,-197.000,-514.500,0.313,-0.598,-0.305,2.637,-2.543,22.785,9.520,0.716,0.796,1.261,1.381,3,NULL,NULL,,3,0,2,7,255,1045,250,0,0
stim,104277,134398,0,134398,3331684.453,-0.749,-0.267,-0.232,-0.560,0,0,287,0,1743,0,1292,807,60,1.309,1,2164,0,559.548,20.503,-206.313,-519.938,13.938,-0.410,-0.359,1.945,-4.895,19.910,7.141,0.808,0.892,1.261,1.381,3,NULL,NULL,,3,0,2,7,255,1045,250,0,0
stim,104277,134398,0,134398,3331689.455,-0.743,-0.285,-0.245,-0.554,0,0,214,0,1423,0,797,630,60,1.309,1,2164,0,551.400,15.622,-140.063,-532.813,23.125,-0.383,-0.410,1.500,-5.102,14.766,2.383,0.908,0.994,1.261,1.381,3,NULL,NULL,,3,0,2,7,255,1045,250,0,0
stim,104277,134398,0,134398,3331694.453,-0.738,-0.301,-0.261,-0.545,0,0,120,0,1051,0,213,539,60,1.309,1,2164,0,552.939,15.374,-46.375,-547.625,60.813,-0.508,-0.227,1.648,-4.895,14.574,-1.188,1.016,1.104,1.261,1.381,3,NULL,NULL,,3,0,2,7,255,1045,250,0,0
stim,104277,134398,0,134398,3331699.455,-0.734,-0.314,-0.277,-0.534,0,0,97,0,537,0,0,454,60,1.309,1,2164,0,563.167,15.119,12.438,-555.000,94.750,-0.789,-0.031,2.094,-4.023,14.574,-2.012,1.130,1.218,1.261,1.381,3,NULL,NULL,,3,0,2,7,255,1045,250,0,0
stim,104277,134398,0,134398,3331704.454,-0.731,-0.329,-0.293,-0.520,0,0,27,0,118,0,0,371,60,1.309,1,2164,0,588.035,20.629,12.188,-567.313,154.250,-1.215,0.102,2.293,-3.832,20.270,-2.297,1.246,1.334,1.261,1.381,3,NULL,NULL,,3,0,2,7,255,1045,250,0,0
stim,104277,134398,0,134398,3331709.456,-0.727,-0.346,-0.306,-0.508,0,0,25,0,0,0,0,357,60,1.309,1,2164,0,575.054,23.726,-80.500,-549.313,149.875,-1.172,0.906,1.930,-3.379,23.484,-5.563,1.356,1.446,1.261,1.381,3,NULL,NULL,,3,0,2,7,255,1045,250,0,0
stim,104277,134398,0,134398,3331714.453,-0.719,-0.364,-0.317,-0.500,0,0,19,0,0,0,0,274,60,1.309,1,2164,0,530.462,23.783,-173.000,-496.938,67.188,-0.773,1.609,1.496,3.754,23.484,-10.090,1.458,1.548,1.261,1.381,3,NULL,NULL,,3,0,2,7,255,1045,250,0,0
stim,104277,134398,0,134398,3331719.455,-0.711,-0.382,-0.324,-0.494,0,0,17,0,0,0,0,197,60,1.309,1,2164,0,500.357,22.666,-245.563,-431.875,59.500,-0.520,1.844,1.156,11.762,19.375,-11.770,1.548,1.638,1.261,1.381,4,NULL,NULL,,3,0,2,7,255,1045,250,0,0
stim,104277,134398,0,134398,3331724.454,-0.704,-0.404,-0.322,-0.488,0,0,21,0,0,0,0,163,60,1.309,1,2164,0,550.073,20.157,-393.375,-338.625,182.125,-0.828,1.676,0.582,12.758,15.605,-12.785,1.632,1.722,1.261,1.381,0,NULL,NULL,,3,0,2,7,255,1045,250,0,0
stim,104277,134398,0,134398,3331729.455,-0.696,-0.424,-0.316,-0.485,0,0,17,0,0,0,0,133,60,1.309,1,2164,0,531.906,17.652,-451.500,-227.063,165.875,-0.570,1.676,-0.484,13.586,11.270,-18.473,1.718,1.808,1.261,1.381,0,NULL,NULL,,3,0,2,7,255,1045,250,0,0
stim,104277,134398,0,134398,3331734.454,-0.691,-0.434,-0.314,-0.484,0,0,19,0,0,0,0,115,60,1.309,1,2164,0,258.116,12.760,-222.938,-119.938,50.375,-0.523,0.305,-0.609,12.758,0.258,-18.473,1.812,1.904,1.261,1.381,0,NULL,NULL,,3,0,2,7,255,1045,250,0,0
stim,104306,134427,0,134427,3331739.455,-0.692,-0.434,-0.316,-0.482,0,0,17,0,0,0,0,126,60,1.309,1,2164,0,72.117,0.953,51.125,-47.500,18.188,-0.707,-1.086,0.570,0.918,0.258,-17.625,1.912,2.006,1.261,1.381,0,NULL,NULL,,3,0,2,7,255,1045,250,0,0
stim,104306,134427,0,134427,3331744.453,-0.694,-0.433,-0.316,-0.481,0,0,16,0,0,0,0,117,60,1.309,1,2164,0,45.287,13.926,28.938,24.000,25.250,-1.035,-1.148,1.836,-12.391,6.355,-10.133,2.014,2.108,1.261,1.381,0,NULL,NULL,,3,0,2,7,255,1045,250,0,0
stim,104306,134427,0,134427,3331749.457,-0.692,-0.436,-0.309,-0.485,0,0,19,0,0,0,0,107,60,1.309,1,2164,0,186.839,21.545,-155.813,100.438,23.313,-1.125,-0.164,1.512,-12.391,17.625,-10.133,2.116,2.212,1.261,1.381,0,NULL,NULL,,3,0,2,7,255,1045,250,0,0
stim,104306,134427,0,134427,3331754.453,-0.691,-0.440,-0.299,-0.490,0,0,16,0,0,0,0,87,60,1.309,1,2164,0,282.514,18.316,-227.500,165.375,26.625,-0.980,1.078,0.195,-4.984,17.625,-12.465,2.212,2.310,1.261,1.381,0,NULL,NULL,,3,0,2,7,255,1045,250,0,0
stim,104306,134427,0,134427,3331759.455,-0.692,-0.439,-0.289,-0.495,0,0,11,0,0,0,0,70,60,1.309,1,2164,0,238.140,9.491,-122.250,200.250,40.813,-0.918,1.648,-0.355,6.660,6.762,-20.566,2.296,2.394,1.261,1.381,0,NULL,NULL,,3,0,2,7,255,1045,250,0,0
stim,104306,134427,0,134427,3331764.454,-0.695,-0.435,-0.282,-0.498,0,0,13,0,0,0,0,45,60,1.309,1,2164,0,221.409,9.797,7.875,217.438,41.000,-1.008,1.195,0.090,7.516,6.285,-21.543,2.362,2.462,1.261,1.381,0,NULL,NULL,,3,0,2,7,255,1045,250,0,0
stim,104339,134460,0,134460,3331769.455,-0.699,-0.429,-0.275,-0.501,0,0,11,0,0,0,0,43,60,1.309,1,2164,0,235.944,9.797,23.375,233.063,28.375,-1.027,0.316,0.707,7.516,6.285,-21.543,2.414,2.516,1.261,1.381,0,NULL,NULL,,3,0,2,7,255,1045,250,0,0
stim,104339,134460,0,134460,3331774.454,-0.702,-0.425,-0.266,-0.506,0,0,9,0,0,0,0,47,60,1.309,1,2164,0,250.933,9.931,-40.250,246.188,27.188,-0.918,-0.082,0.672,-0.129,9.930,-15.797,2.464,2.566,1.261,1.381,0,NULL,NULL,,3,0,2,7,255,1045,250,0,0
stim,104339,134460,0,134460,3331779.457,-0.704,-0.422,-0.256,-0.510,0,0,13,0,0,0,0,57,60,1.309,1,2164,0,266.996,10.071,-76.188,252.750,40.000,-0.785,0.105,0.137,-1.684,9.930,-15.602,2.518,2.620,1.261,1.381,0,NULL,NULL,,3,0,2,7,255,1045,250,0,0
stim,104339,134460,0,134460,3331784.453,-0.707,-0.419,-0.247,-0.514,0,0,10,0,0,0,0,57,60,1.309,1,2164,0,264.311,5.320,-45.188,255.188,51.938,-0.727,0.445,-0.285,-1.684,5.047,-15.602,2.570,2.674,1.261,1.381,0,NULL,NULL,,3,0,2,7,255,1045,250,0,0
stim,104374,134495,0,134495,3331789.457,-0.711,-0.413,-0.238,-0.517,0,0,9,0,0,0,0,59,60,1.309,1,2164,0,263.377,2.061,13.188,257.313,54.625,-0.699,0.555,-0.324,1.160,1.703,-18.363,2.620,2.724,1.261,1.381,0,NULL,NULL,,3,0,2,7,255,1045,250,0,0
stim,104374,134495,0,134495,3331794.454,-0.716,-0.406,-0.230,-0.520,0,0,19,0,0,0,0,60,60,1.309,1,2164,0,273.750,2.189,52.500,263.250,53.688,-0.629,0.422,-0.148,1.375,1.703,-18.363,2.664,2.770,1.261,1.381,0,NULL,NULL,,3,0,2,7,255,1045,250,0,0
stim,104374,134495,0,134495,3331799.457,-0.721,-0.398,-0.222,-0.523,0,0,20,0,0,0,0,62,60,1.309,1,2164,0,284.743,2.956,65.313,270.813,58.938,-0.578,0.281,0.000,1.375,2.617,-16.730,2.710,2.818,1.261,1.381,0,NULL,NULL,,3,0,2,7,255,1045,250,0,0
stim,104374,134495,0,134495,3331804.453,-0.726,-0.390,-0.214,-0.525,0,0,17,0,0,0,0,55,60,1.309,1,2164,0,294.844,3.535,73.813,278.000,64.813,-0.582,0.254,0.059,0.438,3.508,-14.980,2.760,2.868,1.261,1.381,0,NULL,NULL,,3,0,2,7,255,1045,250,0,0
stim,104374,134495,0,134495,3331809.455,-0.731,-0.381,-0.206,-0.527,0,0,18,0,0,0,0,52,60,1.309,1,2164,0,304.544,4.103,90.438,283.563,64.500,-0.605,0.270,0.145,0.418,4.082,-14.473,2.806,2.914,1.261,1.381,0,NULL,NULL,,3,0,2,7,255,1045,250,0,0
stim,104374,134495,0,134495,3331814.453,-0.737,-0.371,-0.199,-0.529,0,0,16,0,0,0,0,47,60,1.309,1,2164,0,313.370,5.068,107.188,288.688,58.063,-0.605,0.277,0.316,0.418,5.051,-14.063,2.842,2.952,1.261,1.381,0,NULL,NULL,,3,0,2,7,255,1045,250,0,0
stim,104374,134495,0,134495,3331819.455,-0.742,-0.361,-0.191,-0.532,0,0,18,0,0,0,0,35,60,1.309,1,2164,0,319.476,6.480,111.625,295.125,50.063,-0.563,0.285,0.504,0.703,6.441,-12.867,2.870,2.982,1.261,1.381,0,NULL,NULL,,3,0,2,7,255,1045,250,0,0
stim,104374,134495,0,134495,3331824.454,-0.747,-0.351,-0.183,-0.535,0,0,16,0,0,0,0,37,60,1.309,1,2164,0,323.524,7.717,106.375,302.250,44.688,-0.523,0.293,0.625,1.160,7.629,-11.234,2.890,3.004,1.261,1.381,0,NULL,NULL,,3,0,2,7,255,1045,250,0,0
stim,104374,134495,0,134495,3331829.455,-0.751,-0.340,-0.175,-0.538,0,0,12,0,0,0,0,28,60,1.309,1,2164,0,327.830,8.437,100.938,309.313,40.125,-0.516,0.305,0.707,1.512,8.301,-9.996,2.908,3.022,1.261,1.381,0,NULL,NULL,,3,0,2,7,255,1045,250,0,0
stim,104374,134495,0,134495,3331834.453,-0.756,-0.330,-0.166,-0.541,0,0,12,0,0,0,0,28,60,1.309,1,2164,0,332.276,8.962,97.750,316.000,31.563,-0.516,0.293,0.789,1.750,8.789,-9.184,2.926,3.040,1.261,1.381,0,NULL,NULL,,3,0,2,7,255,1045,250,0,0
stim,104406,134527,0,134527,3331839.455,-0.760,-0.319,-0.158,-0.544,0,0,9,0,0,0,0,27,60,1.309,1,2164,0,336.725,9.472,94.188,322.688,19.625,-0.496,0.262,0.879,1.750,9.309,-8.320,2.942,3.058,1.261,1.381,0,NULL,NULL,,3,0,2,7,255,1045,250,0,0
stim,104406,134527,0,134527,3331844.454,-0.763,-0.308,-0.149,-0.548,0,0,18,0,0,0,0,29,60,1.309,1,2164,0,340.793,9.786,87.063,329.375,8.500,-0.461,0.230,0.949,1.703,9.637,-7.184,2.962,3.078,1.261,1.381,0,NULL,NULL,,3,0,2,7,255,1045,250,0,0
stim,104406,134527,0,134527,3331849.456,-0.766,-0.298,-0.140,-0.553,0,0,10,0,0,0,0,27,60,1.309,1,2164,0,344.748,9.786,78.250,335.750,-0.313,-0.426,0.211,0.961,1.703,9.637,-6.094,2.986,3.104,1.261,1.381,0,NULL,NULL,,3,0,2,7,255,1045,250,0,0
stim,104406,134527,0,134527,3331854.454,-0.768,-0.287,-0.130,-0.557,0,0,10,0,0,0,0,29,60,1.309,1,2164,0,349.487,9.488,74.188,341.438,-7.625,-0.383,0.215,0.926,1.734,9.328,-5.449,3.014,3.132,1.261,1.381,0,NULL,NULL,,3,0,2,7,255,1045,250,0,0
stim,104426,134547,0,134547,3331859.455,-0.770,-0.276,-0.121,-0.562,0,0,13,0,0,0,0,37,60,1.309,1,2164,0,355.804,8.852,75.688,347.313,-15.563,-0.371,0.191,0.914,1.797,8.668,-5.230,3.046,3.168,1.261,1.381,0,NULL,NULL,,3,0,2,7,255,1045,250,0,0
stim,104426,134547,0,134547,3331864.453,-0.772,-0.264,-0.111,-0.567,0,0,11,0,0,0,0,41,60,1.309,1,2164,0,361.320,8.485,80.188,351.500,-23.875,-0.320,0.152,0.863,1.797,8.293,-4.965,3.084,3.206,1.261,1.381,0,NULL,NULL,,3,0,2,7,255,1045,250,0,0
stim,104426,134547,0,134547,3331869.455,-0.774,-0.252,-0.102,-0.572,0,0,10,0,0,0,0,42,60,1.309,1,2164,0,367.630,7.580,90.438,355.125,-29.313,-0.305,0.160,0.863,1.750,7.375,-4.766,3.128,3.250,1.261,1.381,0,NULL,NULL,,3,0,2,7,255,1045,250,0,0
stim,104426,134547,0,134547,3331874.454,-0.775,-0.240,-0.093,-0.577,0,0,9,0,0,0,0,42,60,1.309,1,2164,0,372.829,7.295,102.125,356.875,-34.813,-0.223,0.148,0.848,1.750,7.082,-4.488,3.174,3.298,1.261,1.381,0,NULL,NULL,,3,0,2,7,255,1045,250,0,0
stim,104426,134547,0,134547,3331879.455,-0.777,-0.226,-0.085,-0.581,0,0,11,0,0,0,0,44,60,1.309,1,2164,0,378.460,6.407,118.125,357.625,-37.188,-0.129,0.145,0.859,1.906,6.117,-4.016,3.224,3.348,1.261,1.381,0,NULL,NULL,,3,0,2,7,255,1045,250,0,0
stim,104426,134547,0,134547,3331884.454,-0.778,-0.213,-0.076,-0.586,0,0,1,0,0,0,0,43,60,1.309,1,2164,0,382.760,5.585,133.250,356.813,-37.875,-0.070,0.117,0.836,2.109,5.172,-3.336,3.274,3.400,1.261,1.381,0,NULL,NULL,,3,0,2,7,255,1045,250,0,0
stim,104472,134593,0,134593,3331889.455,-0.780,-0.198,-0.069,-0.590,0,0,4,0,0,0,0,47,60,1.309,1,2164,0,388.393,4.766,157.500,353.500,-32.875,0.043,0.051,0.867,2.109,4.273,-3.090,3.322,3.450,1.261,1.381,0,NULL,NULL,,3,0,2,7,255,1045,250,0,0
stim,104472,134593,0,134593,3331894.453,-0.781,-0.183,-0.062,-0.593,0,0,3,0,0,0,0,53,60,1.309,1,2164,0,390.883,3.703,175.563,349.125,-8.875,0.105,0.098,1.043,2.109,3.043,-2.121,3.370,3.498,1.261,1.381,0,NULL,NULL,,3,0,2,7,255,1045,250,0,0
stim,104472,134593,0,134593,3331899.455,-0.784,-0.168,-0.055,-0.595,0,0,1,0,0,0,0,51,60,1.309,1,2164,0,391.097,4.021,186.813,343.438,10.438,0.031,0.176,1.191,2.629,3.043,-0.344,3.412,3.542,1.261,1.381,0,NULL,NULL,,3,0,2,7,255,1045,250,0,0
stim,104472,134593,0,134593,3331904.454,-0.786,-0.152,-0.048,-0.597,0,0,0,0,0,0,0,52,60,1.309,1,2164,0,391.315,5.169,192.313,340.250,19.313,0.012,0.172,1.320,3.313,3.969,0.742,3.448,3.580,1.261,1.381,0,NULL,NULL,,3,0,2,7,255,1045,250,0,0
stim,104472,134593,0,134593,3331909.455,-0.788,-0.137,-0.042,-0.598,0,0,4,0,0,0,0,58,60,1.309,1,2164,0,391.369,5.215,195.938,338.063,22.188,-0.016,0.164,1.340,3.313,4.027,2.051,3.480,3.612,1.261,1.381,0,NULL,NULL,,3,0,2,7,255,1045,250,0,0
stim,104472,134593,0,134593,3331914.453,-0.790,-0.121,-0.035,-0.600,0,0,9,0,0,0,0,60,60,1.309,1,2164,0,396.123,5.160,208.813,335.813,23.250,-0.023,0.188,1.398,3.227,4.027,2.367,3.508,3.642,1.261,1.381,0,NULL,NULL,,3,0,2,7,255,1045,250,0,0
stim,104494,134615,0,134615,3331919.457,-0.792,-0.104,-0.030,-0.600,0,0,7,0,0,0,0,56,60,1.309,1,2164,0,401.228,5.088,220.813,334.063,25.063,-0.039,0.203,1.543,3.227,3.934,3.031,3.534,3.670,1.261,1.381,0,NULL,NULL,,3,0,2,7,255,1045,250,0,0
stim,104494,134615,0,134615,3331924.454,-0.794,-0.088,-0.024,-0.601,0,0,6,0,0,0,0,56,60,1.309,1,2164,0,404.645,5.178,228.750,332.375,30.625,-0.086,0.215,1.742,3.367,3.934,4.516,3.558,3.694,1.261,1.381,0,NULL,NULL,,3,0,2,7,255,1045,250,0,0
stim,104494,134615,0,134615,3331929.457,-0.796,-0.071,-0.018,-0.601,0,0,7,0,0,0,0,58,60,1.309,1,2164,0,401.141,5.453,224.625,330.938,30.625,-0.160,0.227,1.945,3.367,4.289,6.512,3.582,3.718,1.261,1.381,0,NULL,NULL,,3,0,2,7,255,1045,250,0,0
stim,104494,134615,0,134615,3331934.454,-0.797,-0.055,-0.012,-0.601,0,0,7,0,0,0,0,61,60,1.309,1,2164,0,391.060,5.760,210.000,328.875,25.875,-0.215,0.227,2.094,3.258,4.750,8.551,3.602,3.740,1.261,1.381,0,NULL,NULL,,3,0,2,7,255,1045,250,0,0
stim,104494,134615,0,134615,3331939.458,-0.798,-0.040,-0.006,-0.602,0,0,11,0,0,0,0,59,60,1.309,1,2164,0,378.398,5.650,191.625,325.688,19.813,-0.227,0.219,2.172,3.059,4.750,10.102,3.624,3.764,1.261,1.381,0,NULL,NULL,,3,0,2,7,255,1045,250,0,0
stim,104494,134615,0,134615,3331944.453,-0.798,-0.025,0.001,-0.602,0,0,9,0,0,0,0,60,60,1.309,1,2164,0,366.305,5.153,174.938,321.500,14.625,-0.211,0.184,2.188,2.809,4.320,11.059,3.646,3.788,1.261,1.381,0,NULL,NULL,,3,0,2,7,255,1045,250,0,0
stim,104522,134643,0,134643,3331949.455,-0.798,-0.011,0.008,-0.602,0,0,13,0,0,0,0,61,60,1.309,1,2164,0,357.493,4.202,164.375,317.313,9.750,-0.188,0.121,2.160,2.406,3.445,11.277,3.670,3.812,1.261,1.381,0,NULL,NULL,,3,0,2,7,255,1045,250,0,0
stim,104522,134643,0,134643,3331954.453,-0.798,0.003,0.014,-0.603,0,0,13,0,0,0,0,59,60,1.309,1,2164,0,352.589,2.927,160.938,313.688,4.250,-0.148,0.027,2.129,1.727,2.363,11.277,3.696,3.840,1.261,1.381,0,NULL,NULL,,3,0,2,7,255,1045,250,0,0
stim,104522,134643,0,134643,3331959.457,-0.797,0.017,0.021,-0.603,0,0,11,0,0,0,0,68,60,1.309,1,2164,0,350.917,1.381,162.188,311.188,-0.750,-0.102,-0.066,2.090,0.813,1.117,11.078,3.724,3.868,1.261,1.381,0,NULL,NULL,,3,0,2,7,255,1045,250,0,0
stim,104522,134643,0,134643,3331964.454,-0.797,0.031,0.027,-0.603,0,0,12,0,0,0,0,76,60,1.309,1,2164,0,352.802,0.218,169.063,309.625,-4.438,-0.039,-0.133,2.035,-0.117,-0.184,10.699,3.752,3.896,1.261,1.381,0,NULL,NULL,,3,0,2,7,255,1045,250,0,0
stim,104522,134643,0,134643,3331969.455,-0.795,0.045,0.033,-0.604,0,0,9,0,0,0,0,75,60,1.309,1,2164,0,359.527,1.676,184.438,308.500,-8.375,0.047,-0.168,1.996,-0.715,-1.516,10.109,3.776,3.924,1.261,1.381,0,NULL,NULL,,3,0,2,7,255,1045,250,0,0
stim,104522,134643,0,134643,3331974.454,-0.794,0.060,0.038,-0.604,0,0,11,0,0,0,0,81,60,1.309,1,2164,0,371.253,3.133,207.563,307.563,-12.313,0.168,-0.207,2.023,-0.988,-2.973,9.609,3.800,3.948,1.261,1.381,0,NULL,NULL,,3,0,2,7,255,1045,250,0,0
stim,104577,134698,0,134698,3331979.457,-0.792,0.076,0.043,-0.604,0,0,11,0,0,0,0,85,60,1.309,1,2164,0,385.906,5.001,234.063,306.438,-15.313,0.340,-0.230,2.121,-1.246,-4.844,9.609,3.820,3.968,1.261,1.381,0,NULL,NULL,,3,0,2,7,255,1045,250,0,0
stim,104577,134698,0,134698,3331984.454,-0.790,0.093,0.046,-0.605,0,0,13,0,0,0,0,85,60,1.309,1,2164,0,401.164,7.364,259.313,305.625,-16.813,0.535,-0.227,2.266,-1.246,-7.258,10.086,3.836,3.986,1.261,1.381,0,NULL,NULL,,3,0,2,7,255,1045,250,0,0
stim,104577,134698,0,134698,3331989.455,-0.787,0.111,0.050,-0.605,0,0,12,0,0,0,0,87,60,1.309,1,2164,0,414.664,10.004,280.375,305.125,-15.313,0.719,-0.223,2.422,-1.043,-9.949,10.852,3.848,3.998,1.261,1.381,0,NULL,NULL,,3,0,2,7,255,1045,250,0,0
stim,104577,134698,0,134698,3331994.454,-0.784,0.129,0.052,-0.605,0,0,11,0,0,0,0,85,60,1.309,1,2164,0,424.978,12.676,296.125,304.625,-10.938,0.879,-0.227,2.578,-1.043,-12.633,11.621,3.852,4.004,1.261,1.381,0,NULL,NULL,,3,0,2,7,255,1045,250,0,0
stim,104577,134698,0,134698,3331999.455,-0.781,0.147,0.055,-0.604,0,0,13,0,0,0,0,83,60,1.309,1,2164,0,432.550,15.228,306.313,305.313,-7.500,1.020,-0.223,2.734,-1.051,-15.191,12.301,3.850,4.004,1.261,1.381,0,NULL,NULL,,3,0,2,7,255,1045,250,0,0
stim,104577,134698,0,134698,3332004.453,-0.778,0.166,0.057,-0.603,0,0,11,0,0,0,0,85,60,1.309,1,2164,0,435.508,17.639,308.813,307.000,-7.313,1.121,-0.195,2.883,-1.207,-17.598,12.863,3.840,3.996,1.261,1.381,0,NULL,NULL,,3,0,2,7,255,1045,250,0,0
stim,104577,134698,0,134698,3332009.455,-0.774,0.184,0.060,-0.602,0,0,19,0,0,0,0,83,60,1.309,1,2164,0,430.846,19.701,300.938,308.125,-11.125,1.164,-0.102,3.039,-1.207,-19.664,13.379,3.822,3.978,1.261,1.381,0,NULL,NULL,,3,0,2,7,255,1045,250,0,0
stim,104577,134698,0,134698,3332014.454,-0.770,0.201,0.063,-0.602,0,0,13,0,0,0,0,98,60,1.309,1,2164,0,416.069,21.154,278.813,308.125,-20.875,1.238,0.086,3.188,-0.945,-21.133,14.164,3.794,3.952,1.261,1.381,0,NULL,NULL,,3,0,2,7,255,1045,250,0,0
stim,104577,134698,0,134698,3332019.457,-0.766,0.218,0.067,-0.601,0,0,11,0,0,0,0,105,60,1.309,1,2164,0,395.982,22.725,256.125,300.063,-34.125,1.469,0.242,3.375,0.352,-22.723,14.914,3.754,3.914,1.261,1.381,0,NULL,NULL,,3,0,2,7,255,1045,250,0,0
stim,104577,134698,0,134698,3332024.454,-0.762,0.232,0.071,-0.601,0,0,10,0,0,0,0,124,60,1.309,1,2164,0,361.020,26.001,209.438,289.875,-49.438,1.805,0.258,3.414,1.758,-25.941,14.914,3.704,3.864,1.261,1.381,0,NULL,NULL,,3,0,2,7,255,1045,250,0,0
stim,104577,134698,0,134698,3332029.455,-0.758,0.244,0.077,-0.600,0,0,10,0,0,0,0,147,60,1.309,1,2164,0,312.189,29.810,141.750,274.313,-46.063,2.172,0.105,3.172,2.063,-29.738,13.730,3.642,3.802,1.261,1.381,0,NULL,NULL,,3,0,2,7,255,1045,250,0,0
stim,104577,134698,0,134698,3332034.453,-0.755,0.253,0.084,-0.599,0,0,9,0,0,0,0,167,60,1.309,1,2164,0,270.670,32.737,84.000,256.125,-24.625,2.457,-0.129,2.637,2.063,-32.672,8.977,3.568,3.730,1.261,1.381,0,NULL,NULL,,3,0,2,7,255,1045,250,0,0
stim,104607,134728,0,134728,3332039.455,-0.753,0.261,0.090,-0.597,0,0,9,0,0,0,0,209,60,1.309,1,2164,0,243.738,32.889,64.500,235.000,-4.813,2.637,-0.359,2.094,1.391,-32.859,1.867,3.484,3.646,1.261,1.381,0,NULL,NULL,,3,0,2,7,255,1045,250,0,0
stim,104607,134728,0,134728,3332044.454,-0.752,0.269,0.095,-0.595,0,0,5,0,0,0,0,235,60,1.309,1,2164,0,224.868,32.864,73.563,212.438,4.938,2.828,-0.527,1.684,0.570,-32.859,-4.766,3.388,3.554,1.261,1.381,0,NULL,NULL,,3,0,2,7,255,1045,250,0,0
stim,104607,134728,0,134728,3332049.455,-0.750,0.277,0.099,-0.593,0,0,0,0,0,0,0,269,60,1.309,1,2164,0,210.377,32.860,90.500,189.500,12.563,3.102,-0.680,1.383,0.188,-32.859,-10.098,3.282,3.448,1.261,1.381,0,NULL,NULL,,3,0,2,7,255,1045,250,0,0
stim,104607,134728,0,134728,3332054.453,-0.748,0.285,0.101,-0.590,0,0,0,0,0,0,0,297,60,1.309,1,2164,0,202.477,33.645,111.063,167.563,24.188,3.414,-0.906,1.117,0.000,-33.645,-14.836,3.164,3.332,1.261,1.381,0,NULL,NULL,,3,0,2,7,255,1045,250,0,0
stim,104607,134728,0,134728,3332059.455,-0.747,0.294,0.102,-0.588,0,0,0,0,0,0,0,313,60,1.309,1,2164,0,206.223,35.036,139.250,146.250,41.813,3.664,-1.273,0.887,-0.766,-35.027,-19.629,3.034,3.202,1.261,1.381,0,NULL,NULL,,3,0,2,7,255,1045,250,0,0
stim,104607,134728,0,134728,3332064.453,-0.745,0.303,0.101,-0.585,0,0,6,0,0,0,0,318,60,1.309,1,2164,0,229.948,36.315,181.688,125.063,65.000,3.785,-1.734,0.762,-2.941,-36.195,-24.293,2.892,3.062,1.261,1.381,0,NULL,NULL,,3,0,2,7,255,1045,250,0,0
stim,104638,134759,0,134759,3332069.455,-0.744,0.314,0.097,-0.582,0,0,12,0,0,0,0,325,60,1.309,1,2164,0,281.881,37.097,246.188,102.188,91.688,3.648,-1.957,0.875,-6.434,-36.535,-27.605,2.742,2.914,1.261,1.381,0,NULL,NULL,,3,0,2,7,255,1045,250,0,0
stim,104638,134759,0,134759,3332074.454,-0.741,0.327,0.090,-0.579,0,0,9,0,5,0,0,324,60,1.309,1,2164,0,334.191,37.941,312.563,72.188,93.688,3.391,-2.117,1.398,-8.766,-36.914,-27.605,2.588,2.762,1.261,1.381,0,NULL,NULL,,3,0,2,7,255,1045,250,0,0
stim,104638,134759,0,134759,3332079.455,-0.740,0.339,0.081,-0.576,0,0,9,0,20,0,0,325,60,1.309,1,2164,0,355.091,38.997,329.438,32.375,128.500,3.563,-1.809,2.500,-10.891,-37.445,-23.523,2.430,2.604,1.261,1.381,0,NULL,NULL,,3,0,2,7,255,1045,250,0,0
stim,104638,134759,0,134759,3332084.453,-0.741,0.348,0.072,-0.570,0,0,9,0,23,0,0,333,60,1.309,1,2164,0,321.357,43.733,257.875,-1.750,191.750,2.938,-1.180,3.082,-10.891,-42.355,-15.594,2.266,2.442,1.261,1.381,0,NULL,NULL,,3,0,2,7,255,1045,250,0,0
stim,104674,134795,0,134795,3332089.457,-0.741,0.354,0.064,-0.567,0,0,8,0,23,0,0,335,60,1.309,1,2164,0,241.979,43.238,201.500,-37.938,128.500,1.914,-0.613,3.250,-8.691,-42.355,-6.086,2.096,2.274,1.261,1.381,0,NULL,NULL,,3,0,2,7,255,1045,250,0,0
stim,104674,134795,0,134795,3332094.454,-0.740,0.356,0.058,-0.568,0,0,0,0,7,0,0,490,60,1.309,1,2164,0,133.265,36.808,110.063,-69.625,28.250,1.797,-0.121,3.754,-7.816,-35.969,2.336,1.924,2.102,1.261,1.381,0,NULL,NULL,,3,0,2,7,255,1045,250,0,0
stim,104674,134795,0,134795,3332099.457,-0.741,0.360,0.044,-0.565,181,0,0,423,1,37,0,575,60,1.309,1,2164,0,360.717,36.808,263.375,-175.438,173.125,1.039,-0.559,5.828,-7.816,-35.969,8.770,1.746,1.926,1.261,1.381,0,NULL,NULL,,3,0,2,7,255,1045,250,0,0
stim,104674,134795,0,134795,3332104.453,-0.746,0.363,0.025,-0.558,896,0,0,1133,0,205,0,629,60,1.309,1,2164,0,472.129,43.746,230.625,-245.438,330.875,0.602,1.676,8.441,-11.922,-42.090,25.758,1.564,1.746,1.261,1.381,0,NULL,NULL,,3,0,2,7,255,1045,250,0,0
stim,104674,134795,0,134795,3332109.457,-0.766,0.330,0.040,-0.550,1375,0,0,1561,0,471,0,681,60,1.309,1,2164,0,954.986,43.746,-915.438,-105.938,250.500,-0.785,2.227,4.184,-11.922,-42.090,35.512,1.378,1.562,1.261,1.381,0,NULL,NULL,,3,0,2,7,255,1045,250,0,0
stim,104674,134795,0,134795,3332114.453,-0.787,0.287,0.061,-0.542,1907,0,0,1880,0,744,0,764,60,1.309,1,2164,0,1226.514,12.859,-1199.375,-157.250,202.750,-0.535,3.367,-0.582,4.781,-11.938,35.512,1.190,1.376,1.261,1.381,0,NULL,NULL,,3,0,2,7,255,1045,250,0,0
stim,104674,134795,0,134795,3332119.455,-0.801,0.260,0.072,-0.535,2197,0,0,2055,0,936,0,841,59,1.309,1,2165,0,750.911,24.301,-718.063,-109.813,190.250,-1.398,2.320,-2.895,18.449,15.816,-0.586,1.002,1.188,1.261,1.381,1,1051.000,6.000,,3,0,2,7,255,1045,250,0,0
stim,104674,134795,1,134795,3332124.454,-0.807,0.249,0.072,-0.532,2357,0,0,2188,0,1163,0,911,59,1.309,1,2165,0,298.899,27.118,-249.250,-126.250,106.188,-1.547,-0.066,-1.676,18.449,19.875,-18.633,0.816,1.002,1.261,1.381,1,NULL,NULL,,3,1,2,7,255,1045,250,0,0
stim,104699,134820,1,134820,3332129.457,-0.808,0.246,0.067,-0.532,2517,0,0,2277,0,1299,0,1004,59,1.309,1,2165,0,128.054,20.513,2.063,-124.563,29.625,-0.602,-0.168,0.813,-5.074,19.875,-18.633,0.630,0.820,1.261,1.381,1,NULL,NULL,,3,1,2,7,255,1045,250,0,0
stim,104699,134820,1,134820,3332134.453,-0.809,0.244,0.064,-0.530,2639,0,0,2421,0,1464,0,1096,59,1.309,1,2165,0,109.136,5.112,-13.438,-91.188,58.438,0.344,1.926,1.621,-5.074,0.617,-1.117,0.452,0.642,1.261,1.381,2,NULL,NULL,,3,1,2,7,255,1045,250,0,0
stim,104699,134820,1,134820,3332139.458,-0.815,0.238,0.061,-0.525,2791,0,0,2643,0,1559,0,1167,59,1.309,1,2165,0,211.502,16.262,-106.688,-89.500,159.188,0.148,2.363,1.832,16.223,-1.133,8.648,0.292,0.478,1.261,1.381,2,NULL,NULL,,3,1,2,7,255,1045,250,0,0
stim,104699,134820,1,134820,3332144.453,-0.823,0.227,0.061,-0.518,2895,0,0,2777,0,1595,0,1243,59,1.309,1,2165,0,371.058,16.262,-267.375,-120.750,227.188,-1.637,-0.285,1.379,16.223,-1.133,8.648,0.186,0.358,1.261,1.381,2,NULL,NULL,,3,1,2,7,255,1045,250,0,0
stim,104699,134821,1,134821,3332149.456,-0.830,0.210,0.063,-0.512,2967,0,0,2887,0,1620,0,1325,59,1.309,1,2165,0,436.941,13.000,-382.188,-150.188,149.313,-2.266,-1.672,0.223,-11.336,6.363,6.949,0.166,0.310,1.261,1.381,2,NULL,NULL,,3,1,2,7,255,1045,250,0,0
stim,104699,134821,1,134821,3332154.454,-0.831,0.199,0.063,-0.515,3015,0,0,2972,0,1630,0,1427,59,1.309,1,2165,0,270.891,19.267,-217.125,-147.563,-66.813,-1.629,-1.043,-0.766,-15.941,10.820,-4.895,0.198,0.328,1.261,1.381,2,NULL,NULL,,3,1,2,7,255,1045,250,0,0
stim,104726,134847,1,134847,3332159.457,-0.829,0.195,0.058,-0.522,3043,0,0,3027,0,1643,0,1496,59,1.309,1,2165,0,210.236,19.267,-0.063,-155.375,-141.625,-0.242,-0.328,0.375,-15.941,10.820,-6.445,0.232,0.372,1.261,1.381,2,NULL,NULL,,3,1,2,7,255,1045,250,0,0
stim,104726,134847,1,134847,3332164.453,-0.826,0.193,0.053,-0.527,3070,0,0,3079,0,1678,0,1559,59,1.309,1,2165,0,187.829,4.373,44.625,-143.688,-112.438,0.582,-0.445,1.773,-4.313,-0.723,-6.445,0.266,0.414,1.261,1.381,2,NULL,NULL,,3,1,2,7,255,1045,250,0,0
stim,104726,134847,1,134847,3332169.457,-0.826,0.188,0.050,-0.528,3093,0,0,3115,0,1719,0,1597,59,1.309,1,2165,0,142.687,13.604,-55.188,-129.875,-21.125,0.922,-0.746,2.059,-4.313,-12.902,3.629,0.296,0.448,1.261,1.381,2,NULL,NULL,,3,1,2,7,255,1045,250,0,0
stim,104726,134847,1,134847,3332174.454,-0.830,0.179,0.049,-0.526,3104,0,0,3143,0,1790,0,1623,59,1.309,1,2165,0,231.341,16.142,-176.625,-124.688,82.313,0.641,-1.223,1.625,-4.480,-15.508,3.629,0.330,0.482,1.261,1.381,2,NULL,NULL,,3,1,2,7,255,1045,250,0,0
stim,104726,134847,1,134847,3332179.455,-0.835,0.168,0.049,-0.521,3117,0,0,3165,0,1873,0,1647,59,1.309,1,2165,0,283.171,18.075,-221.063,-114.125,135.250,-0.238,-1.359,0.926,-9.285,-15.508,0.836,0.346,0.504,1.261,1.381,2,NULL,NULL,,3,1,2,7,255,1045,250,0,0
stim,104726,134847,1,134847,3332184.454,-0.839,0.160,0.048,-0.518,3131,0,0,3187,0,1945,0,1685,59,1.309,1,2165,0,226.281,13.188,-174.188,-114.438,88.125,-0.762,-0.898,0.309,-11.512,-6.434,-3.332,0.338,0.506,1.261,1.381,2,NULL,NULL,,3,1,2,7,255,1045,250,0,0
stim,104773,134894,1,134894,3332189.456,-0.841,0.154,0.044,-0.517,3131,0,0,3193,0,2037,30,1738,59,1.309,1,2165,0,156.700,11.585,-72.625,-130.063,48.625,-0.445,-0.254,0.457,-11.512,1.305,-4.973,0.318,0.500,1.261,1.381,2,NULL,NULL,,3,1,2,7,255,1045,250,0,0
stim,104773,134894,1,134894,3332194.453,-0.842,0.150,0.040,-0.517,3133,0,0,3199,0,2109,42,1769,59,1.309,1,2165,0,142.224,4.764,-41.125,-133.938,24.438,-0.387,0.105,1.234,-4.582,1.305,-4.973,0.294,0.484,1.261,1.381,2,NULL,NULL,,3,1,2,7,255,1045,250,0,0
stim,104773,134894,1,134894,3332199.455,-0.843,0.144,0.037,-0.517,3139,0,0,3206,0,2181,67,1800,59,1.309,1,2165,0,152.104,1.658,-81.938,-127.500,12.875,-0.137,0.289,1.336,-1.641,0.238,2.801,0.254,0.450,1.261,1.381,2,NULL,NULL,,3,1,2,7,255,1045,250,0,0
stim,104773,134894,1,134894,3332204.454,-0.844,0.137,0.035,-0.517,3141,0,0,3208,0,2245,87,1877,59,1.309,1,2165,0,164.936,1.641,-107.625,-124.375,12.313,-0.113,0.008,1.137,-1.129,-1.191,2.801,0.198,0.396,1.261,1.381,2,NULL,NULL,,3,1,2,7,255,1045,250,0,0
stim,104773,134894,1,134894,3332209.455,-0.845,0.130,0.033,-0.517,3141,0,0,3209,107,2303,191,1973,59,1.309,1,2165,0,165.273,2.226,-115.313,-118.188,7.063,-0.090,-0.266,0.945,-1.129,-1.918,1.168,0.132,0.330,1.261,1.381,2,NULL,NULL,,3,1,2,7,255,1045,250,0,0
stim,104773,134894,1,134894,3332214.454,-0.846,0.125,0.031,-0.517,3141,0,0,3209,340,2351,275,2079,59,1.309,1,2165,0,128.728,4.235,-71.000,-107.375,-0.688,0.059,-0.430,1.125,-3.273,-2.688,0.160,0.064,0.266,1.261,1.381,2,NULL,NULL,,3,1,2,7,255,1045,250,0,0
stim,104794,134915,1,134915,3332219.455,-0.845,0.123,0.029,-0.519,3135,0,0,3209,567,2387,261,2152,59,1.309,1,2165,0,70.838,5.947,-20.063,-60.063,-31.750,0.480,-0.195,1.336,-3.273,-4.965,0.160,0.028,0.214,1.261,1.381,2,NULL,NULL,,3,1,2,7,255,1045,250,0,0
stim,104794,134915,1,134915,3332224.454,-0.846,0.122,0.027,-0.519,3135,0,0,3209,745,2409,254,2195,59,1.309,1,2165,0,55.274,6.249,-1.188,-55.250,1.125,0.676,0.484,1.145,-0.285,-6.242,0.672,0.044,0.184,1.261,1.381,2,NULL,NULL,,3,1,2,7,255,1045,250,0,0
stim,104794,134915,1,134915,3332229.457,-0.846,0.120,0.026,-0.519,3135,0,0,3208,915,2429,253,2235,59,1.309,1,2165,0,38.787,7.813,-4.813,-38.375,-2.938,-0.016,0.664,1.750,4.699,-6.242,1.820,0.078,0.170,1.261,1.381,2,NULL,NULL,,3,1,2,7,255,1045,250,0,0
stim,104794,134915,1,134915,3332234.454,-0.845,0.117,0.027,-0.520,3135,0,0,3207,1007,2453,253,2287,59,1.309,1,2165,0,90.568,4.766,-82.063,-20.500,-32.375,-0.172,0.289,1.320,4.699,-0.797,3.500,0.100,0.164,1.261,1.381,2,NULL,NULL,,3,1,2,7,255,1045,250,0,0
stim,104794,134915,1,134915,3332239.455,-0.845,0.113,0.028,-0.522,3133,0,0,3205,1127,2461,253,2326,59,1.309,1,2165,0,92.757,1.113,-84.625,-19.125,-32.813,-0.113,0.023,0.711,1.023,-0.438,3.500,0.116,0.156,1.261,1.381,2,NULL,NULL,,3,1,2,7,255,1045,250,0,0
stim,104794,134915,1,134915,3332244.454,-0.844,0.111,0.029,-0.524,3133,0,0,3205,1213,2471,252,2349,59,1.309,1,2165,0,62.685,0.763,-35.313,-17.313,-48.813,-0.180,-0.027,0.855,-0.680,-0.348,-1.367,0.134,0.148,1.261,1.381,2,NULL,NULL,,3,1,2,7,255,1045,250,0,0
stim,104820,134941,1,134941,3332249.455,-0.843,0.111,0.029,-0.526,3133,0,0,3205,1303,2478,240,2375,59,1.309,1,2165,0,64.259,0.808,-7.563,-12.875,-62.500,0.016,0.215,1.039,-0.680,-0.438,-1.367,0.154,0.136,1.261,1.381,2,NULL,NULL,,3,1,2,7,255,1045,250,0,0
stim,104820,134941,1,134941,3332254.453,-0.842,0.109,0.029,-0.528,3135,12,0,3205,1362,2489,239,2399,59,1.309,1,2165,0,59.608,2.020,-21.250,-8.750,-55.000,0.051,0.266,1.223,1.477,-1.379,0.402,0.174,0.122,1.261,1.381,2,NULL,NULL,,3,1,2,7,255,1045,250,0,0
stim,104820,134941,1,134941,3332259.455,-0.841,0.107,0.030,-0.529,3139,23,0,3205,1433,2502,236,2420,59,1.309,1,2165,0,69.825,2.020,-55.125,-3.813,-42.688,-0.063,0.121,1.148,1.477,-1.379,1.445,0.188,0.104,1.261,1.381,2,NULL,NULL,,3,1,2,7,255,1045,250,0,0
stim,104820,134941,1,134941,3332264.454,-0.840,0.105,0.031,-0.531,3135,52,0,3197,1509,2508,229,2443,59,1.309,1,2165,0,81.950,1.318,-62.563,-4.375,-52.750,-0.191,0.133,0.938,0.324,-1.277,1.445,0.196,0.086,1.261,1.381,2,NULL,NULL,,3,1,2,7,255,1045,250,0,0
stim,104820,134941,1,134941,3332269.455,-0.839,0.103,0.032,-0.534,3135,55,0,3199,1565,2517,217,2455,59,1.309,1,2165,0,84.472,0.385,-41.563,-3.875,-73.438,-0.105,0.156,0.898,0.324,-0.207,-0.363,0.200,0.074,1.261,1.381,2,NULL,NULL,,3,1,2,7,255,1045,250,0,0
stim,104820,134941,1,134941,3332274.454,-0.837,0.102,0.033,-0.537,3139,70,0,3199,1595,2527,206,2467,59,1.309,1,2165,0,76.419,0.415,-26.000,-2.625,-71.813,0.066,0.047,1.012,0.359,-0.207,-0.363,0.202,0.066,1.261,1.381,2,NULL,NULL,,3,1,2,7,255,1045,250,0,0
stim,104878,134999,1,134999,3332279.455,-0.836,0.100,0.034,-0.538,3135,92,0,3205,1623,2532,199,2473,59,1.309,1,2165,0,55.260,2.398,-29.063,0.188,-47.000,0.102,-0.016,1.074,0.359,-2.371,-0.133,0.204,0.062,1.261,1.381,2,NULL,NULL,,3,1,2,7,255,1045,250,0,0
stim,104878,134999,1,134999,3332284.453,-0.836,0.099,0.035,-0.539,3131,107,0,3203,1655,2532,197,2479,59,1.309,1,2165,0,43.859,2.372,-35.813,1.875,-25.250,-0.016,0.047,1.023,0.051,-2.371,0.090,0.206,0.058,1.261,1.381,2,NULL,NULL,,3,1,2,7,255,1045,250,0,0
stim,104878,134999,1,134999,3332289.457,-0.835,0.098,0.036,-0.540,3135,119,19,3205,1688,2537,191,2475,59,1.309,1,2165,0,39.899,1.641,-31.688,3.438,-24.000,-0.129,0.109,0.980,0.051,-1.641,0.090,0.208,0.052,1.261,1.381,2,NULL,NULL,,3,1,2,7,255,1045,250,0,0
stim,104878,134999,1,134999,3332294.454,-0.835,0.097,0.036,-0.541,3131,123,39,3205,1703,2536,177,2475,59,1.309,1,2165,0,40.288,0.377,-23.250,3.750,-32.688,-0.141,0.121,1.012,0.199,-0.320,0.090,0.210,0.046,1.261,1.381,2,NULL,NULL,,3,1,2,7,255,1045,250,0,0
stim,104878,134999,1,134999,3332299.455,-0.834,0.096,0.037,-0.542,3132,138,40,3204,1721,2539,165,2473,59,1.309,1,2165,0,40.842,0.426,-20.500,3.750,-35.125,-0.086,0.133,1.063,0.281,-0.320,0.281,0.212,0.040,1.261,1.381,2,NULL,NULL,,3,1,2,7,255,1045,250,0,0
stim,104878,134999,1,134999,3332304.454,-0.833,0.095,0.038,-0.543,3131,144,44,3196,1741,2539,133,2474,59,1.309,1,2165,0,36.416,0.908,-24.000,3.313,-27.188,-0.070,0.109,1.059,0.488,-0.766,0.598,0.214,0.034,1.261,1.381,2,NULL,NULL,,3,1,2,7,255,1045,250,0,0
stim,104878,134999,1,134999,3332309.455,-0.833,0.094,0.038,-0.544,3127,147,73,3195,1752,2540,121,2474,59,1.309,1,2165,0,32.304,0.908,-26.875,2.500,-17.750,-0.129,0.059,1.020,0.488,-0.766,0.598,0.216,0.028,1.261,1.381,2,NULL,NULL,,3,1,2,7,255,1045,250,0,0
stim,104878,134999,1,134999,3332314.453,-0.833,0.093,0.039,-0.544,3119,147,85,3191,1767,2539,121,2475,59,1.309,1,2165,0,29.889,0.602,-26.063,0.438,-14.625,-0.195,0.027,0.984,-0.180,-0.574,0.277,0.220,0.022,1.261,1.381,2,NULL,NULL,,3,1,2,7,255,1045,250,0,0
stim,104878,134999,1,134999,3332319.455,-0.832,0.092,0.040,-0.545,3115,147,119,3188,1777,2539,120,2477,59,1.309,1,2165,0,28.802,0.688,-23.063,-1.500,-17.188,-0.199,0.012,0.965,-0.688,-0.031,-0.008,0.224,0.018,1.261,1.381,2,NULL,NULL,,3,1,2,7,255,1045,250,0,0
stim,104878,134999,1,134999,3332324.454,-0.832,0.091,0.040,-0.545,3108,147,123,3179,1799,2535,123,2485,59,1.309,1,2165,0,25.847,0.821,-20.000,-3.750,-15.938,-0.168,-0.020,0.957,-0.820,-0.031,-0.180,0.228,0.012,1.261,1.381,2,NULL,NULL,,3,1,2,7,255,1045,250,0,0
stim,104878,134999,1,134999,3332329.455,-0.832,0.090,0.040,-0.546,3101,147,125,3175,1813,2537,122,2487,59,1.283,1,2165,1,21.570,1.029,-17.375,-5.313,-11.625,-0.160,-0.027,0.953,-0.957,-0.379,-0.340,0.000,0.000,1.212,1.347,2,NULL,NULL,,3,1,2,7,255,1045,250,0,0
stim,104878,134999,1,134999,3332334.454,-0.832,0.090,0.041,-0.546,3097,146,131,3169,1824,2534,123,2488,59,1.283,1,2165,1,18.245,1.052,-14.938,-6.375,-8.313,-0.160,-0.023,0.953,-0.957,-0.438,-0.391,0.002,0.002,1.212,1.347,2,NULL,NULL,,3,1,2,7,255,1045,250,0,0
stim,104909,135030,1,135030,3332339.458,-0.832,0.089,0.041,-0.546,3087,141,133,3157,1840,2531,125,2496,59,1.283,1,2165,1,16.343,1.038,-11.688,-8.563,-7.563,-0.164,-0.016,0.945,-0.941,-0.438,-0.395,0.002,0.002,1.212,1.347,2,NULL,NULL,,3,1,2,7,255,1045,250,0,0
stim,104909,135030,1,135030,3332344.453,-0.832,0.088,0.041,-0.547,3076,137,159,3155,1863,2527,125,2505,59,1.283,1,2165,1,13.587,0.985,-6.500,-9.125,-7.688,-0.133,-0.020,0.945,-0.883,-0.438,-0.434,0.004,0.002,1.212,1.347,2,NULL,NULL,,3,1,2,7,255,1045,250,0,0
stim,104909,135030,1,135030,3332349.456,-0.832,0.088,0.040,-0.547,3063,139,168,3139,1879,2531,125,2515,59,1.283,1,2165,1,10.519,1.008,-1.125,-9.500,-4.375,-0.121,-0.023,0.945,-0.781,-0.637,-0.504,0.008,0.004,1.212,1.347,2,NULL,NULL,,3,1,2,7,255,1045,250,0,0
stim,104909,135030,1,135030,3332354.454,-0.832,0.088,0.040,-0.547,3053,135,192,3125,1897,2530,125,2520,59,1.283,1,2165,1,10.151,0.993,2.813,-9.750,0.250,-0.129,0.035,0.973,-0.762,-0.637,-0.504,0.012,0.008,1.212,1.347,2,NULL,NULL,,3,1,2,7,255,1045,250,0,0
stim,104909,135030,1,135030,3332359.456,-0.832,0.087,0.039,-0.547,3039,133,220,3115,1915,2527,123,2525,59,1.283,1,2165,1,11.383,0.555,0.813,-11.188,1.938,-0.176,0.086,1.000,-0.285,-0.477,-0.215,0.018,0.014,1.212,1.347,2,NULL,NULL,,3,1,2,7,255,1045,250,0,0
stim,104909,135030,1,135030,3332364.454,-0.832,0.087,0.039,-0.547,3023,137,271,3101,1948,2525,134,2535,59,1.283,1,2165,1,12.300,0.079,-0.938,-11.938,-2.813,-0.207,0.117,0.996,-0.008,0.078,0.180,0.022,0.018,1.212,1.347,2,NULL,NULL,,3,1,2,7,255,1045,250,0,0
stim,104937,135058,1,135058,3332369.457,-0.831,0.087,0.039,-0.547,3007,138,312,3087,1981,2525,149,2551,59,1.283,1,2165,1,15.793,0.515,0.188,-13.188,-8.688,-0.211,0.129,0.980,0.137,0.496,0.180,0.028,0.024,1.212,1.347,2,NULL,NULL,,3,1,2,7,255,1045,250,0,0
stim,104937,135058,0,135058,3332374.454,-0.831,0.087,0.038,-0.548,2991,137,332,3075,2011,2524,153,2567,59,1.283,1,2165,1,19.136,0.561,1.938,-14.625,-12.188,-0.188,0.156,0.988,0.246,0.504,0.141,0.032,0.028,1.212,1.347,2,NULL,NULL,,3,0,2,7,255,1050,250,0,0
stim,104937,135058,0,135058,3332379.457,-0.831,0.087,0.037,-0.548,2971,139,380,3053,2039,2525,181,2578,59,1.283,1,2165,1,19.832,0.755,0.813,-15.063,-12.875,-0.164,0.184,1.016,0.563,0.504,0.141,0.034,0.030,1.212,1.347,2,NULL,NULL,,3,0,2,7,255,1050,250,0,0
stim,104937,135058,0,135058,3332384.454,-0.831,0.086,0.037,-0.549,2953,153,461,3034,2078,2532,207,2595,59,1.283,1,2165,1,20.974,0.948,-2.375,-16.813,-12.313,-0.164,0.184,1.023,0.879,0.355,0.355,0.036,0.032,1.212,1.347,2,NULL,NULL,,3,0,2,7,255,1050,250,0,0
stim,104982,135103,0,135103,3332389.455,-0.830,0.086,0.036,-0.549,2927,155,503,3029,2117,2531,245,2615,59,1.283,1,2165,1,21.915,0.951,-3.750,-17.000,-13.313,-0.156,0.188,1.023,0.887,0.344,0.457,0.038,0.032,1.212,1.347,2,NULL,NULL,,3,0,2,7,255,1050,250,0,0
stim,104982,135103,0,135103,3332394.454,-0.830,0.085,0.036,-0.550,2903,167,603,3014,2181,2535,276,2623,59,1.283,1,2165,1,22.578,1.001,-3.750,-17.313,-14.000,-0.141,0.184,1.012,0.949,0.316,0.457,0.038,0.032,1.212,1.347,2,NULL,NULL,,3,0,2,7,255,1050,250,0,0
stim,104982,135103,0,135103,3332399.456,-0.830,0.085,0.035,-0.550,2898,173,655,2983,2227,2537,281,2649,59,1.283,1,2165,1,22.643,0.968,-2.875,-16.938,-14.750,-0.109,0.164,1.004,0.949,0.188,0.289,0.036,0.032,1.212,1.347,2,NULL,NULL,,3,0,2,7,255,1050,250,0,0
stim,104982,135103,0,135103,3332404.453,-0.830,0.084,0.035,-0.551,2855,173,729,2969,2269,2540,317,2661,59,1.283,1,2165,1,22.190,0.906,-3.750,-16.750,-14.063,-0.109,0.129,1.000,0.898,-0.113,0.148,0.036,0.030,1.212,1.347,2,NULL,NULL,,3,0,2,7,255,1050,250,0,0
stim,104982,135103,0,135103,3332409.456,-0.829,0.084,0.034,-0.552,2831,189,795,2953,2304,2543,359,2679,59,1.283,1,2165,1,22.111,0.620,-5.188,-16.875,-13.313,-0.137,0.129,0.992,0.609,-0.113,0.086,0.034,0.028,1.212,1.347,2,NULL,NULL,,3,0,2,7,255,1050,250,0,0
stim,104982,135103,0,135103,3332414.454,-0.829,0.083,0.034,-0.552,2797,217,889,2923,2347,2549,412,2693,59,1.283,1,2165,1,25.702,0.576,-6.063,-17.250,-18.063,-0.168,0.152,0.996,0.574,0.051,0.086,0.032,0.026,1.212,1.347,2,NULL,NULL,,3,0,2,7,255,1050,250,0,0
stim,104982,135103,0,135103,3332419.455,-0.828,0.082,0.033,-0.553,2774,237,983,2905,2390,2548,459,2701,59,1.283,1,2165,1,32.840,0.665,-7.875,-17.250,-26.813,-0.188,0.156,1.027,0.523,0.410,0.184,0.028,0.024,1.212,1.347,2,NULL,NULL,,3,0,2,7,255,1050,250,0,0
stim,104982,135103,0,135103,3332424.454,-0.828,0.081,0.033,-0.555,2713,245,1109,2900,2424,2543,539,2717,59,1.283,1,2165,1,42.996,0.665,-14.313,-17.125,-36.750,-0.180,0.133,1.047,0.523,0.410,0.488,0.026,0.022,1.212,1.347,2,NULL,NULL,,3,0,2,7,255,1050,250,0,0
stim,104982,135103,0,135103,3332429.456,-0.827,0.080,0.033,-0.556,2695,247,1210,2874,2468,2553,664,2730,59,1.283,1,2165,1,48.843,0.537,-20.375,-17.313,-40.875,-0.129,0.086,1.004,0.355,0.402,0.488,0.022,0.020,1.212,1.347,2,NULL,NULL,,3,0,2,7,255,1050,250,0,0
stim,104982,135103,0,135103,3332434.453,-0.826,0.079,0.033,-0.558,2647,250,1303,2853,2509,2569,803,2747,59,1.283,1,2165,1,49.667,0.232,-22.375,-17.188,-40.875,-0.133,0.039,0.988,0.172,-0.156,0.125,0.018,0.020,1.212,1.347,2,NULL,NULL,,3,0,2,7,255,1050,250,0,0
stim,105004,135125,0,135125,3332439.457,-0.825,0.077,0.033,-0.559,2582,261,1423,2827,2547,2569,885,2765,59,1.283,1,2165,1,52.696,0.315,-25.563,-18.250,-42.313,-0.160,0.012,1.000,-0.273,-0.156,0.109,0.012,0.022,1.212,1.347,2,NULL,NULL,,3,0,2,7,255,1050,250,0,0
stim,105004,135125,0,135125,3332444.454,-0.824,0.076,0.033,-0.561,2515,259,1564,2792,2583,2579,1005,2772,59,1.283,1,2165,1,58.752,0.604,-30.938,-19.313,-46.063,-0.168,0.012,1.008,-0.598,-0.086,0.109,0.008,0.024,1.212,1.347,2,NULL,NULL,,3,0,2,7,255,1050,250,0,0
stim,105004,135125,0,135125,3332449.456,-0.823,0.074,0.033,-0.562,2467,255,1653,2776,2611,2580,1135,2789,59,1.283,1,2165,1,61.942,0.604,-33.875,-20.375,-47.688,-0.141,0.016,0.980,-0.598,-0.086,0.109,0.004,0.028,1.212,1.347,2,NULL,NULL,,3,0,2,7,255,1050,250,0,0
stim,105004,135125,0,135125,3332454.453,-0.822,0.072,0.034,-0.564,2403,283,1785,2739,2647,2584,1255,2803,59,1.283,1,2165,1,60.074,0.461,-33.313,-21.250,-45.250,-0.125,0.008,0.957,-0.426,-0.176,-0.102,0.002,0.032,1.212,1.347,2,NULL,NULL,,3,0,2,7,255,1050,250,0,0
stim,105027,135148,0,135148,3332459.457,-0.821,0.070,0.034,-0.566,2333,291,1867,2697,2671,2575,1367,2811,59,1.283,1,2165,1,59.982,0.472,-32.063,-21.438,-45.938,-0.145,-0.023,0.980,-0.426,-0.203,-0.137,0.002,0.034,1.212,1.347,2,NULL,NULL,,3,0,2,7,255,1050,250,0,0
stim,105027,135148,0,135148,3332464.453,-0.820,0.068,0.034,-0.567,2234,293,1951,2659,2707,2581,1478,2828,59,1.283,1,2165,1,63.430,0.817,-35.313,-24.188,-46.813,-0.156,-0.063,1.016,-0.773,-0.262,-0.137,0.004,0.038,1.212,1.347,2,NULL,NULL,,3,0,2,7,255,1050,250,0,0
stim,105027,135148,0,135148,3332469.457,-0.819,0.065,0.034,-0.569,2141,293,2040,2606,2740,2586,1617,2844,59,1.283,1,2165,1,70.596,0.996,-44.813,-26.375,-47.750,-0.148,-0.051,1.059,-0.961,-0.262,0.211,0.006,0.040,1.212,1.347,2,NULL,NULL,,3,0,2,7,255,1050,250,0,0
stim,105027,135148,0,135148,3332474.454,-0.818,0.063,0.035,-0.571,2030,287,2148,2537,2757,2595,1725,2867,59,1.283,1,2165,1,76.616,0.996,-52.313,-27.063,-49.000,-0.141,-0.004,1.000,-0.961,-0.262,0.211,0.006,0.042,1.212,1.347,2,NULL,NULL,,3,0,2,7,255,1050,250,0,0
stim,105027,135148,0,135148,3332479.455,-0.817,0.060,0.035,-0.573,1929,263,2235,2475,2770,2588,1829,2876,59,1.283,1,2165,1,75.053,0.502,-48.500,-27.375,-50.313,-0.105,0.023,0.914,-0.469,-0.180,0.098,0.008,0.042,1.212,1.347,2,NULL,NULL,,3,0,2,7,255,1050,250,0,0
stim,105027,135148,0,135148,3332484.453,-0.816,0.058,0.035,-0.574,1811,264,2310,2391,2805,2591,1933,2897,59,1.283,1,2165,0,65.381,0.295,-37.438,-30.250,-44.250,-0.078,-0.008,0.938,-0.234,-0.180,-0.617,0.012,0.044,1.212,1.347,2,NULL,NULL,,3,0,2,7,255,1050,250,0,0
stim,105071,135192,0,135192,3332489.457,-0.815,0.056,0.035,-0.575,1638,261,2365,2267,2823,2589,2013,2901,59,1.283,1,2165,0,52.865,0.489,-26.500,-32.688,-32.000,-0.098,-0.023,0.980,-0.234,-0.430,-0.617,0.014,0.044,1.212,1.347,2,NULL,NULL,,3,0,2,7,255,1050,250,0,0
stim,105071,135192,0,135192,3332494.453,-0.815,0.054,0.034,-0.576,1455,237,2429,2157,2843,2599,2103,2919,59,1.283,1,2165,0,52.937,0.608,-27.063,-33.125,-31.188,-0.148,-0.066,1.039,-0.430,-0.430,-0.184,0.018,0.044,1.212,1.347,2,NULL,NULL,,3,0,2,7,255,1050,250,0,0
stim,105071,135192,0,135192,3332499.455,-0.814,0.052,0.034,-0.577,1228,229,2495,1993,2872,2597,2187,2921,59,1.283,1,2165,0,56.213,0.451,-32.438,-35.438,-29.188,-0.125,-0.012,1.039,-0.430,-0.137,0.441,0.022,0.046,1.212,1.347,2,NULL,NULL,,3,0,2,7,255,1050,250,0,0
stim,105071,135192,0,135192,3332504.454,-0.813,0.050,0.033,-0.579,1080,188,2525,1803,2891,2589,2259,2940,59,1.283,1,2165,0,55.093,0.362,-26.375,-36.813,-31.375,-0.172,0.020,1.023,-0.348,-0.102,0.441,0.024,0.046,1.212,1.347,2,NULL,NULL,,3,0,2,7,255,1050,250,0,0
stim,105071,135192,0,135192,3332509.455,-0.813,0.048,0.033,-0.580,877,155,2553,1591,2904,2591,2327,2942,59,1.283,1,2165,0,61.518,0.195,-27.938,-38.125,-39.375,-0.125,0.012,1.035,-0.191,0.035,0.391,0.026,0.046,1.212,1.347,2,NULL,NULL,,3,0,2,7,255,1050,250,0,0
stim,105071,135192,0,135192,3332514.453,-0.812,0.046,0.032,-0.581,663,100,2588,1332,2921,2596,2395,2953,59,1.283,1,2165,0,56.983,0.126,-25.563,-41.063,-30.125,-0.047,0.016,1.043,-0.121,0.035,0.391,0.028,0.046,1.212,1.347,2,NULL,NULL,,3,0,2,7,255,1050,250,0,0
stim,105095,135216,0,135216,3332519.455,-0.811,0.044,0.031,-0.582,416,72,2619,1052,2931,2587,2459,2975,59,1.283,1,2165,0,56.140,0.560,-23.375,-41.250,-30.063,-0.082,-0.070,1.051,-0.121,-0.547,0.406,0.028,0.046,1.212,1.347,2,NULL,NULL,,3,0,2,7,255,1050,250,0,0
stim,105095,135216,0,135216,3332524.454,-0.811,0.042,0.030,-0.583,211,3,2651,814,2955,2579,2511,2975,59,1.283,1,2165,0,57.995,0.819,-32.313,-44.063,-19.438,-0.012,-0.074,1.051,-0.520,-0.633,0.457,0.028,0.046,1.212,1.347,2,NULL,NULL,,3,0,2,7,255,1050,250,0,0
stim,105095,135216,0,135216,3332529.456,-0.811,0.039,0.029,-0.583,74,0,2662,606,2963,2572,2571,2983,59,1.283,1,2165,0,53.355,0.897,-27.125,-44.625,-10.938,-0.090,-0.105,0.988,-0.711,-0.547,0.457,0.032,0.046,1.212,1.347,2,NULL,NULL,,3,0,2,7,255,1050,250,0,0
stim,105095,135216,0,135216,3332534.454,-0.811,0.038,0.028,-0.584,11,0,2682,383,2979,2547,2613,2989,59,1.283,1,2165,0,53.835,0.664,-17.250,-47.375,-18.875,-0.125,0.012,1.004,-0.520,-0.414,0.098,0.036,0.046,1.212,1.347,2,NULL,NULL,,3,0,2,7,255,1050,250,0,0
stim,105095,135216,0,135216,3332539.455,-0.810,0.036,0.027,-0.585,0,0,2704,185,2990,2527,2643,2995,59,1.283,1,2165,0,58.460,0.108,-9.438,-49.875,-29.000,-0.063,0.117,1.023,-0.078,0.074,0.098,0.040,0.048,1.212,1.347,2,NULL,NULL,,3,0,2,7,255,1050,250,0,0
stim,105095,135216,0,135216,3332544.453,-0.809,0.035,0.025,-0.586,0,0,2725,109,3003,2519,2676,3005,59,1.283,1,2165,0,62.127,1.141,-0.250,-53.063,-32.313,-0.121,0.156,1.105,1.102,0.297,0.238,0.044,0.050,1.212,1.347,2,NULL,NULL,,3,0,2,7,255,1050,250,0,0
stim,105116,135237,0,135237,3332549.455,-0.809,0.034,0.022,-0.587,0,0,2760,46,3007,2491,2711,3015,59,1.283,1,2165,0,64.693,1.305,12.500,-58.813,-23.875,-0.211,0.098,1.262,1.102,0.699,1.066,0.046,0.052,1.212,1.347,2,NULL,NULL,,3,0,2,7,255,1050,250,0,0
stim,105116,135237,0,135237,3332554.454,-0.808,0.033,0.020,-0.588,0,0,2769,0,3028,2456,2734,3017,59,1.283,1,2165,0,71.110,1.376,14.813,-65.938,-22.125,-0.359,-0.086,1.398,0.492,1.285,2.672,0.046,0.054,1.212,1.347,3,NULL,NULL,,3,0,2,7,255,1050,250,0,0
stim,105116,135237,0,135237,3332559.457,-0.807,0.031,0.017,-0.589,0,0,2776,0,3029,2439,2761,3019,59,1.283,1,2165,0,83.552,2.450,8.375,-73.938,-38.000,-0.328,-0.098,1.496,-1.648,1.813,4.129,0.046,0.056,1.212,1.347,3,NULL,NULL,,3,0,2,7,255,1050,250,0,0
stim,105116,135237,0,135237,3332564.454,-0.807,0.029,0.014,-0.590,0,0,2791,0,3051,2405,2795,3029,59,1.283,1,2165,0,88.371,2.646,15.563,-81.813,-29.563,-0.320,0.008,1.625,-1.648,2.070,5.023,0.046,0.058,1.212,1.347,3,NULL,NULL,,3,0,2,7,255,1050,250,0,0
stim,105116,135237,0,135237,3332569.455,-0.807,0.028,0.010,-0.590,0,0,2796,0,3054,2355,2823,3033,59,1.283,1,2165,0,94.917,2.188,18.063,-92.938,-6.750,-0.215,0.383,1.703,-0.707,2.070,6.289,0.050,0.064,1.212,1.347,3,NULL,NULL,,3,0,2,7,255,1050,250,0,0
stim,105116,135237,0,135237,3332574.454,-0.807,0.024,0.008,-0.591,0,0,2821,0,3055,2299,2837,3028,59,1.283,1,2165,0,105.456,3.690,-46.750,-94.438,-4.125,-0.121,0.402,1.539,3.055,2.070,6.289,0.054,0.074,1.212,1.347,3,NULL,NULL,,3,0,2,7,255,1050,250,0,0
stim,105152,135273,0,135273,3332579.457,-0.807,0.020,0.006,-0.590,0,0,2811,0,3061,2237,2871,3023,59,1.283,1,2165,0,115.571,3.536,-57.750,-100.063,3.000,-0.137,0.316,1.293,3.055,1.781,5.293,0.060,0.084,1.212,1.347,3,NULL,NULL,,3,0,2,7,255,1050,250,0,0
stim,105152,135273,0,135273,3332584.454,-0.807,0.016,0.003,-0.590,0,0,2822,0,3069,2169,2885,3031,59,1.283,1,2165,0,118.268,3.192,-41.188,-109.125,19.563,-0.207,0.117,1.176,2.648,1.781,2.895,0.062,0.092,1.212,1.347,3,NULL,NULL,,3,0,2,7,255,1050,250,0,0
stim,105176,135297,0,135297,3332589.455,-0.808,0.012,-0.000,-0.589,0,0,2809,0,3080,2070,2888,3025,59,1.283,1,2165,0,120.397,2.068,-16.563,-116.813,24.000,-0.281,-0.023,1.238,0.555,1.992,2.363,0.062,0.098,1.212,1.347,3,NULL,NULL,,3,0,2,7,255,1050,250,0,0
stim,105176,135297,0,135297,3332594.453,-0.809,0.008,-0.004,-0.588,0,0,2807,0,3095,1952,2903,3021,59,1.283,1,2165,0,125.314,2.558,-24.063,-122.688,8.500,-0.313,-0.141,1.285,-0.969,2.367,2.363,0.062,0.104,1.212,1.347,3,NULL,NULL,,3,0,2,7,255,1050,250,0,0
stim,105176,135297,0,135297,3332599.456,-0.809,0.004,-0.007,-0.588,0,0,2791,0,3089,1813,2917,3013,59,1.283,1,2165,0,131.393,3.213,-25.938,-128.688,5.563,-0.230,-0.246,1.266,-2.172,2.367,2.629,0.064,0.110,1.212,1.347,3,NULL,NULL,,3,0,2,7,255,1050,250,0,0
stim,105176,135297,0,135297,3332604.453,-0.809,-0.000,-0.011,-0.588,0,0,2787,0,3094,1660,2924,3001,59,1.283,1,2165,0,137.203,3.116,-24.563,-134.563,10.688,-0.219,-0.223,1.227,-2.691,1.570,2.629,0.070,0.120,1.212,1.347,3,NULL,NULL,,3,0,2,7,255,1050,250,0,0
stim,105176,135297,0,135297,3332609.457,-0.810,-0.005,-0.015,-0.587,0,0,2763,0,3093,1449,2935,3001,59,1.283,1,2165,0,144.025,3.064,-24.563,-140.938,16.625,-0.168,-0.160,1.188,-2.691,1.465,2.219,0.076,0.130,1.212,1.347,3,NULL,NULL,,3,0,2,7,255,1050,250,0,0
stim,105176,135297,0,135297,3332614.454,-0.810,-0.009,-0.020,-0.586,0,0,2735,0,3095,1223,2943,2987,59,1.283,1,2165,0,150.456,2.509,-25.500,-146.563,22.500,-0.160,-0.094,1.125,-1.957,1.570,1.820,0.086,0.142,1.212,1.347,3,NULL,NULL,,3,0,2,7,255,1050,250,0,0
stim,105176,135297,0,135297,3332619.455,-0.811,-0.014,-0.024,-0.585,0,0,2707,0,3099,965,2971,2980,59,1.283,1,2165,0,156.247,2.242,-15.563,-153.313,25.813,-0.238,-0.082,1.113,-1.523,1.645,1.172,0.094,0.152,1.212,1.347,3,NULL,NULL,,3,0,2,7,255,1050,250,0,0
stim,105176,135297,0,135297,3332624.454,-0.811,-0.018,-0.029,-0.584,0,0,2681,0,3101,725,2973,2979,59,1.283,1,2165,0,161.602,2.552,-7.875,-160.438,17.688,-0.180,-0.070,1.117,-1.340,2.172,1.000,0.104,0.162,1.212,1.347,3,NULL,NULL,,3,0,2,7,255,1050,250,0,0
stim,105176,135297,0,135297,3332629.455,-0.811,-0.022,-0.035,-0.583,0,0,2651,0,3111,520,2981,2959,59,1.283,1,2165,0,167.059,2.653,-3.750,-166.188,16.625,-0.160,-0.152,1.078,-1.523,2.172,0.957,0.116,0.176,1.212,1.347,3,NULL,NULL,,3,0,2,7,255,1050,250,0,0
stim,105176,135297,0,135297,3332634.455,-0.812,-0.026,-0.041,-0.582,0,0,2607,0,3110,379,2975,2949,59,1.283,1,2165,0,177.175,2.785,8.688,-174.938,26.688,-0.145,-0.152,1.133,-2.023,1.914,1.000,0.128,0.188,1.212,1.347,3,NULL,NULL,,3,0,2,7,255,1050,250,0,0
stim,105209,135330,0,135330,3332639.453,-0.812,-0.030,-0.047,-0.581,0,0,2551,0,3116,169,2983,2887,59,1.283,1,2165,0,180.371,2.785,9.875,-179.438,15.438,-0.129,-0.020,1.168,-2.023,1.914,1.141,0.140,0.202,1.212,1.347,3,NULL,NULL,,3,0,2,7,255,1050,250,0,0
stim,105209,135330,0,135330,3332644.455,-0.812,-0.034,-0.054,-0.580,0,0,2489,0,3111,99,3001,2904,59,1.283,1,2165,0,184.791,2.440,9.188,-184.375,8.313,-0.086,0.059,1.117,-0.813,2.301,1.141,0.152,0.214,1.212,1.347,3,NULL,NULL,,3,0,2,7,255,1050,250,0,0
stim,105209,135330,0,135330,3332649.453,-0.812,-0.038,-0.061,-0.579,0,0,2394,0,3098,25,2992,2859,59,1.283,1,2165,0,192.692,2.359,26.063,-190.688,9.438,-0.098,0.230,1.301,0.008,2.359,1.430,0.166,0.228,1.212,1.347,3,NULL,NULL,,3,0,2,7,255,1050,250,0,0
stim,105209,135330,0,135330,3332654.455,-0.812,-0.043,-0.069,-0.578,0,0,2295,0,3093,6,2997,2829,59,1.283,1,2165,0,196.758,3.647,22.750,-195.438,0.500,-0.098,0.324,1.563,1.410,3.363,2.633,0.178,0.240,1.212,1.347,3,NULL,NULL,,3,0,2,7,255,1050,250,0,0
stim,105210,135331,0,135331,3332659.454,-0.811,-0.046,-0.077,-0.578,0,0,2167,0,3087,50,2991,2787,59,1.283,1,2165,0,204.237,4.515,35.000,-200.750,-13.688,-0.238,0.195,1.813,1.410,4.289,5.078,0.190,0.254,1.212,1.347,3,NULL,NULL,,3,0,2,7,255,1050,250,0,0
stim,105210,135331,0,135331,3332664.455,-0.811,-0.050,-0.085,-0.577,0,0,2035,0,3087,67,3000,2733,59,1.283,1,2165,0,220.257,5.810,39.625,-216.625,4.063,-0.379,0.000,2.273,0.250,5.805,7.238,0.202,0.266,1.212,1.347,3,NULL,NULL,,3,0,2,7,255,1050,250,0,0
stim,105237,135358,0,135358,3332669.453,-0.810,-0.056,-0.094,-0.575,0,0,1887,0,3055,62,2981,2646,59,1.283,1,2165,0,240.753,8.000,7.438,-239.500,23.375,-0.625,0.102,2.684,-2.395,7.633,11.301,0.214,0.280,1.212,1.347,3,NULL,NULL,,3,0,2,7,255,1050,250,0,0
stim,105237,135358,0,135358,3332674.455,-0.810,-0.065,-0.102,-0.574,0,0,1717,0,3046,72,2965,2603,59,1.283,1,2165,0,273.912,11.659,-50.563,-267.563,29.688,-0.813,0.383,2.637,-2.395,11.410,13.313,0.226,0.296,1.212,1.347,3,NULL,NULL,,3,0,2,7,255,1050,250,0,0
stim,105237,135358,0,135358,3332679.453,-0.809,-0.075,-0.110,-0.572,0,0,1583,0,3015,93,2957,2495,59,1.283,1,2165,0,309.545,14.470,-84.313,-297.313,17.750,-0.809,0.699,2.578,-0.695,14.453,13.313,0.242,0.316,1.212,1.347,3,NULL,NULL,,3,0,2,7,255,1050,250,0,0
stim,105237,135358,0,135358,3332684.455,-0.808,-0.087,-0.119,-0.571,0,0,1481,0,2997,91,2919,2387,59,1.283,1,2165,0,339.156,16.051,-96.375,-325.125,5.688,-0.742,0.773,2.566,2.262,15.891,12.277,0.268,0.344,1.212,1.347,3,NULL,NULL,,3,0,2,7,255,1050,250,0,0
stim,105275,135396,0,135396,3332689.454,-0.806,-0.100,-0.129,-0.570,0,0,1373,0,2959,99,2893,2271,59,1.283,1,2165,0,367.169,16.329,-105.250,-351.750,2.750,-0.734,0.672,2.609,2.262,16.172,11.867,0.304,0.382,1.212,1.347,3,NULL,NULL,,3,0,2,7,255,1050,250,0,0
stim,105275,135396,0,135396,3332694.455,-0.803,-0.114,-0.139,-0.568,0,0,1293,0,2931,105,2844,2139,59,1.283,1,2165,0,398.748,16.765,-131.313,-376.500,2.188,-0.711,0.695,2.648,2.496,16.578,11.809,0.352,0.432,1.212,1.347,3,NULL,NULL,,3,0,2,7,255,1050,250,0,0
stim,105275,135396,0,135396,3332699.454,-0.800,-0.128,-0.150,-0.567,0,0,1213,0,2873,120,2777,2019,59,1.283,1,2165,0,419.158,17.469,-131.875,-397.813,-6.875,-0.723,0.633,2.594,2.211,17.328,11.629,0.406,0.490,1.212,1.347,3,NULL,NULL,,3,0,2,7,255,1050,250,0,0
stim,105275,135396,0,135396,3332704.455,-0.797,-0.143,-0.162,-0.564,0,0,1139,0,2819,117,2697,1907,59,1.283,1,2165,0,443.848,17.894,-109.875,-430.000,5.313,-0.840,0.641,2.656,1.934,17.789,10.512,0.466,0.554,1.212,1.347,3,NULL,NULL,,3,0,2,7,255,1050,250,0,0
stim,105275,135396,0,135396,3332709.453,-0.793,-0.158,-0.174,-0.561,0,0,1031,0,2747,106,2571,1783,59,1.283,1,2165,0,469.790,19.911,-118.313,-454.625,4.563,-0.977,0.758,2.793,1.934,19.816,9.871,0.532,0.622,1.212,1.347,3,NULL,NULL,,3,0,2,7,255,1050,250,0,0
stim,105275,135396,0,135396,3332714.455,-0.789,-0.174,-0.188,-0.559,0,0,861,0,2645,77,2423,1655,59,1.283,1,2165,0,485.584,22.742,-127.375,-468.188,-19.188,-0.988,0.648,2.867,1.574,22.688,9.527,0.606,0.698,1.212,1.347,3,NULL,NULL,,3,0,2,7,255,1050,250,0,0
stim,105275,135396,0,135396,3332719.454,-0.783,-0.190,-0.201,-0.557,0,0,777,0,2512,61,2231,1507,59,1.283,1,2165,0,498.189,23.002,-125.063,-481.000,-34.500,-0.855,0.336,2.965,0.996,22.980,9.527,0.688,0.782,1.212,1.347,3,NULL,NULL,,3,0,2,7,255,1050,250,0,0
stim,105275,135396,0,135396,3332724.455,-0.777,-0.206,-0.215,-0.554,0,0,624,0,2363,18,1967,1339,59,1.283,1,2165,0,515.478,23.036,-135.500,-496.438,-30.125,-0.695,0.070,2.945,-1.598,22.980,9.953,0.776,0.872,1.212,1.347,3,NULL,NULL,,3,0,2,7,255,1050,250,0,0
stim,105303,135424,0,135424,3332729.453,-0.771,-0.224,-0.228,-0.550,0,0,442,0,2147,0,1705,1150,59,1.283,1,2165,0,540.461,22.097,-162.000,-515.563,7.000,-0.629,-0.191,2.586,-3.605,21.801,9.953,0.874,0.970,1.212,1.347,3,NULL,NULL,,3,0,2,7,255,1050,250,0,0
stim,105303,135424,0,135424,3332734.455,-0.765,-0.243,-0.241,-0.545,0,0,296,0,1896,0,1350,997,59,1.283,1,2165,0,555.719,20.160,-172.750,-527.250,31.438,-0.559,-0.305,1.945,-5.559,19.379,6.820,0.980,1.078,1.212,1.347,3,NULL,NULL,,3,0,2,7,255,1050,250,0,0
stim,105303,135424,0,135424,3332739.454,-0.759,-0.260,-0.256,-0.539,0,0,221,0,1607,0,849,843,59,1.283,1,2165,0,549.447,16.384,-117.438,-535.875,30.625,-0.563,-0.305,1.566,-5.734,15.348,1.660,1.092,1.192,1.212,1.347,3,NULL,NULL,,3,0,2,7,255,1050,250,0,0
stim,105303,135424,0,135424,3332744.455,-0.754,-0.275,-0.272,-0.531,0,0,137,0,1243,0,349,651,59,1.283,1,2165,0,553.604,15.368,-40.313,-550.125,47.063,-0.648,-0.230,1.543,-5.734,14.258,-1.852,1.206,1.306,1.212,1.347,3,NULL,NULL,,3,0,2,7,255,1050,250,0,0
stim,105303,135424,0,135424,3332749.454,-0.749,-0.289,-0.289,-0.521,0,0,105,0,861,0,55,521,59,1.283,1,2165,0,562.507,15.251,-2.375,-558.438,67.500,-0.648,-0.055,1.738,-5.414,14.258,-3.125,1.316,1.418,1.212,1.347,3,NULL,NULL,,3,0,2,7,255,1050,250,0,0
stim,105303,135424,0,135424,3332754.455,-0.745,-0.303,-0.306,-0.510,0,0,78,0,372,0,0,453,59,1.283,1,2165,0,579.463,17.243,20.313,-567.813,113.813,-1.012,-0.074,1.895,-5.414,16.371,-3.395,1.418,1.520,1.212,1.347,3,NULL,NULL,,3,0,2,7,255,1050,250,0,0
stim,105327,135448,0,135448,3332759.453,-0.741,-0.318,-0.323,-0.495,0,0,24,0,20,0,0,373,59,1.283,1,2165,0,608.612,20.275,8.688,-584.250,170.250,-1.293,0.184,1.754,-4.516,19.766,-5.672,1.510,1.614,1.212,1.347,3,NULL,NULL,,3,0,2,7,255,1050,250,0,0
stim,105327,135448,0,135448,3332764.455,-0.735,-0.333,-0.338,-0.484,0,0,22,0,0,0,0,295,59,1.283,1,2165,0,579.085,20.275,-50.250,-563.813,122.188,-1.188,0.711,1.430,-4.516,19.766,-10.117,1.598,1.702,1.212,1.347,4,NULL,NULL,,3,0,2,7,255,1050,250,0,0
stim,105327,135448,0,135448,3332769.453,-0.728,-0.348,-0.351,-0.475,0,0,21,0,0,0,0,221,59,1.283,1,2165,0,529.255,19.173,-95.938,-517.750,53.313,-0.723,1.113,1.223,0.891,19.152,-11.762,1.686,1.792,1.212,1.347,4,NULL,NULL,,3,0,2,7,255,1050,250,0,0
stim,105327,135448,0,135448,3332774.455,-0.720,-0.363,-0.361,-0.468,0,0,24,0,0,0,0,189,59,1.283,1,2165,0,486.259,17.500,-141.688,-459.563,71.938,-0.555,1.188,1.258,6.266,16.340,-11.762,1.780,1.886,1.212,1.347,0,NULL,NULL,,3,0,2,7,255,1050,250,0,0
stim,105327,135448,0,135448,3332779.454,-0.714,-0.383,-0.364,-0.460,0,0,22,0,0,0,0,187,59,1.283,1,2165,0,497.908,17.426,-271.250,-372.500,188.625,-0.957,1.215,1.031,6.766,16.059,-11.762,1.880,1.988,1.212,1.347,0,NULL,NULL,,3,0,2,7,255,1050,250,0,0
stim,105327,135448,0,135448,3332784.455,-0.707,-0.400,-0.363,-0.457,0,0,25,0,0,0,0,181,59,1.283,1,2165,0,436.035,17.186,-336.750,-247.375,124.625,-0.555,1.438,0.211,7.383,15.520,-16.262,1.984,2.092,1.212,1.347,0,NULL,NULL,,3,0,2,7,255,1050,250,0,0
stim,105372,135493,0,135493,3332789.453,-0.702,-0.407,-0.363,-0.457,0,0,25,0,0,0,0,189,59,1.283,1,2165,0,201.240,9.789,-165.188,-114.938,-0.313,-0.422,0.258,0.133,6.766,7.074,-16.262,2.082,2.192,1.212,1.347,0,NULL,NULL,,3,0,2,7,255,1050,250,0,0
stim,105372,135493,0,135493,3332794.455,-0.702,-0.409,-0.363,-0.457,0,0,20,0,0,0,0,188,59,1.283,1,2165,0,34.323,7.124,-22.000,-26.313,-1.313,-0.484,-0.668,1.070,0.844,7.074,-13.598,2.168,2.280,1.212,1.347,0,NULL,NULL,,3,0,2,7,255,1050,250,0,0
stim,105372,135493,0,135493,3332799.454,-0.701,-0.410,-0.359,-0.459,0,0,21,0,0,0,0,166,59,1.283,1,2165,0,115.280,13.172,-87.688,72.938,16.750,-0.723,-0.590,1.500,-8.883,9.727,-8.691,2.238,2.352,1.212,1.347,0,NULL,NULL,,3,0,2,7,255,1050,250,0,0
stim,105372,135493,0,135493,3332804.455,-0.701,-0.413,-0.350,-0.465,0,0,17,0,0,0,0,105,59,1.283,1,2165,0,259.646,13.172,-201.688,162.188,20.813,-0.930,0.074,0.676,-8.883,9.727,-8.691,2.284,2.400,1.212,1.347,0,NULL,NULL,,3,0,2,7,255,1050,250,0,0
stim,105372,135493,0,135493,3332809.454,-0.701,-0.414,-0.339,-0.471,0,0,13,0,0,0,0,91,59,1.283,1,2165,0,276.558,9.838,-165.313,220.000,27.500,-1.027,0.840,-0.145,-2.855,9.414,-15.285,2.320,2.438,1.212,1.347,0,NULL,NULL,,3,0,2,7,255,1050,250,0,0
stim,105372,135493,0,135493,3332814.455,-0.704,-0.411,-0.330,-0.475,0,0,12,0,0,0,0,77,59,1.283,1,2165,0,251.500,7.671,-47.125,245.938,23.375,-1.113,1.074,0.000,4.469,6.234,-21.379,2.364,2.484,1.212,1.347,0,NULL,NULL,,3,0,2,7,255,1050,250,0,0
stim,105395,135516,0,135516,3332819.453,-0.708,-0.405,-0.323,-0.480,0,0,9,0,0,0,0,81,59,1.283,1,2165,0,260.684,7.671,8.813,260.500,4.250,-1.078,0.641,0.633,4.469,6.234,-21.379,2.420,2.540,1.212,1.347,0,NULL,NULL,,3,0,2,7,255,1050,250,0,0
stim,105396,135517,0,135517,3332824.455,-0.711,-0.400,-0.314,-0.486,0,0,7,0,0,0,0,85,59,1.283,1,2165,0,271.954,11.235,-28.063,270.500,-1.063,-0.898,0.137,0.887,2.109,11.035,-17.676,2.478,2.598,1.212,1.347,0,NULL,NULL,,3,0,2,7,255,1050,250,0,0
stim,105396,135517,0,135517,3332829.453,-0.714,-0.397,-0.303,-0.491,0,0,4,0,0,0,0,84,59,1.283,1,2165,0,290.572,11.214,-84.875,277.313,18.063,-0.719,0.047,0.563,-1.996,11.035,-13.391,2.530,2.650,1.212,1.347,0,NULL,NULL,,3,0,2,7,255,1050,250,0,0
stim,105396,135517,0,135517,3332834.455,-0.717,-0.394,-0.292,-0.496,0,0,4,0,0,0,0,85,59,1.283,1,2165,0,299.083,8.295,-92.875,281.188,41.938,-0.656,0.266,-0.008,-1.996,8.051,-13.391,2.574,2.698,1.212,1.347,0,NULL,NULL,,3,0,2,7,255,1050,250,0,0
stim,105396,135517,0,135517,3332839.454,-0.720,-0.390,-0.281,-0.500,0,0,3,0,0,0,0,75,59,1.283,1,2165,0,291.960,3.431,-46.625,283.438,52.250,-0.672,0.426,-0.316,0.195,3.426,-15.820,2.618,2.742,1.212,1.347,0,NULL,NULL,,3,0,2,7,255,1050,250,0,0
stim,105396,135517,0,135517,3332844.455,-0.725,-0.384,-0.272,-0.504,0,0,0,0,0,0,0,75,59,1.283,1,2165,0,290.360,2.061,11.313,285.875,49.563,-0.656,0.387,-0.277,1.184,1.688,-17.441,2.664,2.788,1.212,1.347,0,NULL,NULL,,3,0,2,7,255,1050,250,0,0
stim,105404,135525,0,135525,3332849.453,-0.730,-0.376,-0.263,-0.507,0,0,0,0,0,0,0,75,59,1.283,1,2165,0,298.417,2.061,44.188,291.125,48.438,-0.566,0.262,-0.070,1.184,1.688,-17.441,2.704,2.830,1.212,1.347,0,NULL,NULL,,3,0,2,7,255,1050,250,0,0
stim,105404,135525,0,135525,3332854.455,-0.735,-0.368,-0.253,-0.510,0,0,0,0,0,0,0,75,59,1.283,1,2165,0,308.115,2.869,54.188,298.063,56.188,-0.484,0.211,0.051,0.348,2.848,-15.195,2.738,2.866,1.212,1.347,0,NULL,NULL,,3,0,2,7,255,1050,250,0,0
stim,105424,135545,0,135545,3332859.453,-0.741,-0.360,-0.244,-0.512,0,0,1,0,0,0,0,72,59,1.283,1,2165,0,317.879,3.416,64.875,304.000,66.500,-0.477,0.223,0.086,0.301,3.402,-13.684,2.764,2.892,1.212,1.347,0,NULL,NULL,,3,0,2,7,255,1050,250,0,0
stim,105424,135545,0,135545,3332864.455,-0.747,-0.351,-0.235,-0.514,0,0,0,0,0,0,0,63,59,1.283,1,2165,0,327.664,3.747,84.438,308.875,69.500,-0.508,0.223,0.156,0.195,3.742,-13.387,2.784,2.914,1.212,1.347,0,NULL,NULL,,3,0,2,7,255,1050,250,0,0
stim,105424,135545,0,135545,3332869.454,-0.753,-0.341,-0.226,-0.516,0,0,0,0,0,0,0,61,59,1.283,1,2165,0,336.090,4.582,103.625,313.000,65.188,-0.543,0.211,0.332,0.195,4.578,-13.039,2.804,2.936,1.212,1.347,0,NULL,NULL,,3,0,2,7,255,1050,250,0,0
stim,105424,135545,0,135545,3332874.455,-0.758,-0.331,-0.218,-0.518,0,0,0,0,0,0,0,57,59,1.283,1,2165,0,340.958,6.148,113.000,316.313,58.563,-0.559,0.238,0.555,0.195,6.145,-11.969,2.822,2.956,1.212,1.347,0,NULL,NULL,,3,0,2,7,255,1050,250,0,0
stim,105454,135575,0,135575,3332879.453,-0.764,-0.320,-0.209,-0.520,0,0,0,0,0,0,0,59,59,1.283,1,2165,0,342.595,7.971,112.250,319.750,50.313,-0.551,0.281,0.742,0.305,7.965,-10.488,2.842,2.976,1.212,1.347,0,NULL,NULL,,3,0,2,7,255,1050,250,0,0
stim,105454,135575,0,135575,3332884.455,-0.769,-0.309,-0.200,-0.522,0,0,0,0,0,0,0,59,59,1.283,1,2165,0,343.881,9.366,108.875,323.500,41.813,-0.512,0.285,0.879,0.793,9.332,-9.043,2.866,3.002,1.212,1.347,0,NULL,NULL,,3,0,2,7,255,1050,250,0,0
stim,105477,135598,0,135598,3332889.454,-0.774,-0.299,-0.191,-0.525,0,0,0,0,0,0,0,57,59,1.283,1,2165,0,344.870,10.027,100.000,328.125,35.625,-0.496,0.281,1.027,1.000,9.977,-7.586,2.894,3.030,1.212,1.347,0,NULL,NULL,,3,0,2,7,255,1050,250,0,0
stim,105477,135598,0,135598,3332894.455,-0.778,-0.288,-0.181,-0.528,0,0,0,0,0,0,0,51,59,1.283,1,2165,0,345.021,10.812,82.500,334.188,23.500,-0.520,0.266,1.098,1.000,10.766,-6.113,2.926,3.064,1.212,1.347,0,NULL,NULL,,3,0,2,7,255,1050,250,0,0
stim,105477,135598,0,135598,3332899.454,-0.781,-0.278,-0.171,-0.532,0,0,0,0,0,0,0,48,59,1.283,1,2165,0,347.612,10.808,65.000,341.375,8.500,-0.465,0.223,1.105,0.961,10.766,-5.340,2.962,3.100,1.212,1.347,0,NULL,NULL,,3,0,2,7,255,1050,250,0,0
stim,105477,135598,0,135598,3332904.455,-0.784,-0.268,-0.161,-0.536,0,0,0,0,0,0,0,53,59,1.283,1,2165,0,352.131,10.661,53.375,348.063,-0.313,-0.402,0.215,1.070,0.961,10.617,-4.555,3.000,3.140,1.212,1.347,0,NULL,NULL,,3,0,2,7,255,1050,250,0,0
stim,105477,135598,0,135598,3332909.453,-0.787,-0.258,-0.150,-0.541,0,0,0,0,0,0,0,51,59,1.283,1,2165,0,357.672,9.830,47.313,354.438,-8.063,-0.383,0.234,1.047,1.055,9.773,-4.137,3.042,3.184,1.212,1.347,0,NULL,NULL,,3,0,2,7,255,1050,250,0,0
stim,105477,135598,0,135598,3332914.455,-0.789,-0.248,-0.139,-0.545,0,0,0,0,0,0,0,53,59,1.283,1,2165,0,363.523,9.433,44.313,360.438,-16.438,-0.320,0.184,1.008,1.234,9.352,-4.016,3.086,3.230,1.212,1.347,0,NULL,NULL,,3,0,2,7,255,1050,250,0,0
stim,105477,135598,0,135598,3332919.454,-0.790,-0.237,-0.128,-0.550,0,0,0,0,0,0,0,47,59,1.283,1,2165,0,368.836,8.460,45.000,365.188,-25.563,-0.316,0.191,0.961,1.348,8.352,-3.762,3.132,3.276,1.212,1.347,0,NULL,NULL,,3,0,2,7,255,1050,250,0,0
stim,105477,135598,0,135598,3332924.455,-0.792,-0.226,-0.117,-0.555,0,0,0,0,0,0,0,55,59,1.283,1,2165,0,373.190,7.960,55.313,367.375,-35.313,-0.238,0.148,0.848,1.234,7.863,-3.762,3.178,3.324,1.212,1.347,0,NULL,NULL,,3,0,2,7,255,1050,250,0,0
stim,105477,135598,0,135598,3332929.453,-0.793,-0.215,-0.107,-0.560,0,0,0,0,0,0,0,50,59,1.283,1,2165,0,378.996,6.507,75.188,369.875,-34.313,-0.086,0.082,0.863,1.227,6.391,-3.762,3.222,3.370,1.212,1.347,0,NULL,NULL,,3,0,2,7,255,1050,250,0,0
stim,105477,135598,0,135598,3332934.455,-0.795,-0.202,-0.096,-0.564,0,0,0,0,0,0,0,51,59,1.283,1,2165,0,380.042,4.985,85.063,369.750,-21.938,0.051,0.113,0.855,1.227,4.832,-2.938,3.266,3.414,1.212,1.347,0,NULL,NULL,,3,0,2,7,255,1050,250,0,0
stim,105506,135627,0,135627,3332939.454,-0.797,-0.190,-0.086,-0.568,0,0,0,0,0,0,0,52,59,1.283,1,2165,0,383.870,3.822,100.000,370.500,-9.250,0.207,0.020,0.762,1.570,3.484,-2.414,3.306,3.456,1.212,1.347,0,NULL,NULL,,3,0,2,7,255,1050,250,0,0
stim,105506,135627,0,135627,3332944.455,-0.799,-0.176,-0.076,-0.570,0,0,0,0,0,0,0,51,59,1.283,1,2165,0,386.220,2.142,123.938,365.250,19.938,0.195,0.035,0.797,1.723,1.273,-2.383,3.344,3.494,1.212,1.347,0,NULL,NULL,,3,0,2,7,255,1050,250,0,0
stim,105506,135627,0,135627,3332949.454,-0.802,-0.162,-0.067,-0.571,0,0,0,0,0,0,0,53,59,1.283,1,2165,0,390.728,2.142,151.563,358.125,38.000,0.125,0.195,0.879,1.723,1.273,-2.094,3.380,3.532,1.212,1.347,0,NULL,NULL,,3,0,2,7,255,1050,250,0,0
stim,105506,135627,0,135627,3332954.455,-0.805,-0.147,-0.059,-0.572,0,0,0,0,0,0,0,55,59,1.283,1,2165,0,395.700,3.768,176.313,351.250,46.000,0.086,0.188,1.023,2.941,2.355,-1.824,3.410,3.564,1.212,1.347,0,NULL,NULL,,3,0,2,7,255,1050,250,0,0
stim,105506,135627,0,135627,3332959.453,-0.808,-0.132,-0.051,-0.572,0,0,0,0,0,0,0,60,59,1.283,1,2165,0,399.199,4.097,193.500,344.125,59.125,0.059,0.156,1.191,2.941,2.852,-0.484,3.438,3.592,1.212,1.347,0,NULL,NULL,,3,0,2,7,255,1050,250,0,0
stim,105506,135627,0,135627,3332964.455,-0.811,-0.116,-0.044,-0.571,0,0,0,0,0,0,0,61,59,1.283,1,2165,0,401.238,4.256,203.625,338.813,68.813,-0.039,0.207,1.344,2.859,3.152,1.176,3.462,3.616,1.212,1.347,0,NULL,NULL,,3,0,2,7,255,1050,250,0,0
stim,105541,135662,0,135662,3332969.453,-0.815,-0.101,-0.037,-0.570,0,0,0,0,0,0,0,57,59,1.283,1,2165,0,400.156,5.093,208.750,334.125,70.063,-0.141,0.242,1.527,2.859,4.215,2.484,3.484,3.640,1.212,1.347,0,NULL,NULL,,3,0,2,7,255,1050,250,0,0
stim,105541,135662,0,135662,3332974.455,-0.817,-0.085,-0.030,-0.569,0,0,0,0,0,0,0,59,59,1.283,1,2165,0,395.654,5.947,207.875,330.063,66.250,-0.203,0.246,1.711,2.859,5.215,4.137,3.506,3.664,1.212,1.347,0,NULL,NULL,,3,0,2,7,255,1050,250,0,0
stim,105541,135662,0,135662,3332979.454,-0.820,-0.070,-0.023,-0.568,0,0,0,0,0,0,0,57,59,1.283,1,2165,0,387.411,6.298,199.063,326.500,62.125,-0.242,0.234,1.871,2.754,5.664,6.000,3.528,3.686,1.212,1.347,0,NULL,NULL,,3,0,2,7,255,1050,250,0,0
stim,105541,135662,0,135662,3332984.455,-0.822,-0.055,-0.016,-0.567,0,0,0,0,0,0,0,59,59,1.283,1,2165,0,375.928,6.201,184.500,322.250,58.625,-0.281,0.230,1.984,2.523,5.664,7.707,3.550,3.710,1.212,1.347,0,NULL,NULL,,3,0,2,7,255,1050,250,0,0
stim,105574,135695,0,135695,3332989.453,-0.823,-0.042,-0.009,-0.566,0,0,0,0,0,0,0,59,59,1.283,1,2165,0,362.570,6.071,167.688,317.188,52.250,-0.309,0.215,2.051,2.293,5.621,8.977,3.570,3.732,1.212,1.347,0,NULL,NULL,,3,0,2,7,255,1050,250,0,0
stim,105574,135695,0,135695,3332994.455,-0.824,-0.028,-0.001,-0.565,0,0,0,0,0,0,0,69,59,1.283,1,2165,0,349.624,5.670,152.500,311.625,43.250,-0.301,0.176,2.059,2.043,5.289,9.801,3.592,3.756,1.212,1.347,0,NULL,NULL,,3,0,2,7,255,1050,250,0,0
stim,105574,135695,0,135695,3332999.454,-0.825,-0.015,0.006,-0.565,0,0,0,0,0,0,0,71,59,1.283,1,2165,0,339.946,4.764,143.438,306.188,35.188,-0.262,0.121,2.027,1.652,4.469,9.949,3.616,3.780,1.212,1.347,0,NULL,NULL,,3,0,2,7,255,1050,250,0,0
stim,105574,135695,0,135695,3333004.455,-0.825,-0.003,0.014,-0.564,0,0,2,0,0,0,0,64,59,1.283,1,2165,0,335.497,3.542,143.313,302.000,28.563,-0.219,0.086,2.008,1.234,3.320,9.949,3.640,3.806,1.212,1.347,0,NULL,NULL,,3,0,2,7,255,1050,250,0,0
stim,105574,135695,0,135695,3333009.454,-0.825,0.010,0.021,-0.564,0,0,1,0,0,0,0,71,59,1.283,1,2165,0,335.084,2.432,148.813,299.500,20.875,-0.160,0.008,2.008,1.004,2.215,9.914,3.662,3.830,1.212,1.347,0,NULL,NULL,,3,0,2,7,255,1050,250,0,0
stim,105574,135695,0,135695,3333014.455,-0.825,0.023,0.028,-0.564,0,0,2,0,0,0,0,75,59,1.283,1,2165,0,337.365,0.966,156.563,298.438,15.438,-0.094,-0.094,2.000,0.449,0.855,9.855,3.686,3.854,1.212,1.347,0,NULL,NULL,,3,0,2,7,255,1050,250,0,0
stim,105574,135695,0,135695,3333019.453,-0.825,0.037,0.034,-0.563,0,0,3,0,0,0,0,78,59,1.283,1,2165,0,342.876,0.750,167.313,299.063,11.500,-0.012,-0.148,1.953,-0.301,-0.688,9.832,3.706,3.874,1.212,1.347,0,NULL,NULL,,3,0,2,7,255,1050,250,0,0
stim,105574,135695,0,135695,3333024.455,-0.824,0.050,0.041,-0.563,0,0,2,0,0,0,0,83,59,1.283,1,2165,0,353.018,2.284,186.500,299.625,8.000,0.086,-0.191,1.918,-0.629,-2.195,9.277,3.722,3.892,1.212,1.347,0,NULL,NULL,,3,0,2,7,255,1050,250,0,0
stim,105603,135724,0,135724,3333029.454,-0.822,0.065,0.046,-0.563,0,0,1,0,0,0,0,85,59,1.283,1,2165,0,368.326,3.799,214.000,299.750,4.250,0.230,-0.199,1.949,-0.629,-3.746,8.723,3.734,3.906,1.212,1.347,0,NULL,NULL,,3,0,2,7,255,1050,250,0,0
stim,105603,135724,0,135724,3333034.455,-0.821,0.082,0.051,-0.563,0,0,3,0,0,0,0,87,59,1.283,1,2165,0,387.512,5.702,244.750,300.438,-0.188,0.422,-0.207,2.051,-0.504,-5.680,8.723,3.740,3.914,1.212,1.347,0,NULL,NULL,,3,0,2,7,255,1050,250,0,0
stim,105603,135724,0,135724,3333039.454,-0.819,0.099,0.055,-0.563,0,0,3,0,0,0,0,81,59,1.283,1,2165,0,407.905,8.231,274.188,302.000,-2.000,0.641,-0.211,2.207,-0.066,-8.230,9.125,3.738,3.914,1.212,1.347,0,NULL,NULL,,3,0,2,7,255,1050,250,0,0
stim,105603,135724,0,135724,3333044.455,-0.816,0.117,0.059,-0.563,0,0,5,0,0,0,0,87,59,1.283,1,2165,0,425.003,11.130,296.813,304.188,0.375,0.844,-0.227,2.371,0.434,-11.121,9.898,3.730,3.908,1.212,1.347,0,NULL,NULL,,3,0,2,7,255,1050,250,0,0
stim,105603,135724,0,135724,3333049.453,-0.814,0.135,0.062,-0.562,0,0,1,0,0,0,0,88,59,1.283,1,2165,0,437.629,14.050,312.250,306.563,6.188,1.004,-0.258,2.520,0.559,-14.039,10.629,3.716,3.892,1.212,1.347,0,NULL,NULL,,3,0,2,7,255,1050,250,0,0
stim,105603,135724,0,135724,3333054.455,-0.811,0.154,0.065,-0.561,0,0,3,0,0,0,0,84,59,1.283,1,2165,0,446.911,16.685,322.688,309.000,11.000,1.121,-0.262,2.664,0.559,-16.676,11.105,3.690,3.868,1.212,1.347,0,NULL,NULL,,3,0,2,7,255,1050,250,0,0
stim,105627,135748,0,135748,3333059.454,-0.808,0.174,0.068,-0.559,0,0,1,0,0,0,0,89,59,1.283,1,2165,0,450.316,18.907,325.500,311.000,10.625,1.199,-0.207,2.809,0.559,-18.898,11.535,3.654,3.834,1.212,1.347,0,NULL,NULL,,3,0,2,7,255,1050,250,0,0
stim,105627,135748,0,135748,3333064.455,-0.804,0.192,0.071,-0.558,0,0,2,0,0,0,0,97,59,1.283,1,2165,0,444.713,20.641,315.563,313.313,5.063,1.215,-0.137,2.949,0.809,-20.625,12.051,3.606,3.786,1.212,1.347,0,NULL,NULL,,3,0,2,7,255,1050,250,0,0
stim,105627,135748,0,135748,3333069.453,-0.800,0.210,0.075,-0.557,0,0,2,0,0,0,0,107,59,1.283,1,2165,0,433.626,21.852,303.688,309.500,-3.938,1.277,-0.008,3.188,1.016,-21.828,12.660,3.546,3.728,1.212,1.347,0,NULL,NULL,,3,0,2,7,255,1050,250,0,0
stim,105627,135748,0,135748,3333074.455,-0.796,0.227,0.079,-0.556,0,0,4,0,0,0,0,131,59,1.283,1,2165,0,407.974,23.782,272.313,302.938,-22.750,1.477,0.152,3.395,1.789,-23.715,14.070,3.476,3.658,1.212,1.347,0,NULL,NULL,,3,0,2,7,255,1050,250,0,0
stim,105627,135748,0,135748,3333079.453,-0.791,0.241,0.085,-0.555,0,0,3,0,0,0,0,139,59,1.283,1,2165,0,366.388,26.811,214.563,294.500,-38.375,1.777,0.168,3.410,3.406,-26.594,14.070,3.394,3.578,1.212,1.347,0,NULL,NULL,,3,0,2,7,255,1050,250,0,0
stim,105627,135748,0,135748,3333084.455,-0.788,0.253,0.091,-0.554,0,0,5,0,0,0,0,159,59,1.283,1,2165,0,319.970,30.066,147.938,281.375,-36.375,2.090,-0.047,3.184,3.680,-29.840,12.926,3.304,3.490,1.212,1.347,0,NULL,NULL,,3,0,2,7,255,1050,250,0,0
stim,105673,135794,0,135794,3333089.454,-0.785,0.263,0.098,-0.553,0,0,7,0,0,0,0,199,59,1.283,1,2165,0,281.878,32.677,93.250,265.000,-23.125,2.305,-0.320,2.785,3.680,-32.469,8.316,3.202,3.390,1.212,1.347,0,NULL,NULL,,3,0,2,7,255,1050,250,0,0
stim,105673,135794,0,135794,3333094.455,-0.782,0.271,0.105,-0.551,0,0,6,0,0,0,0,217,59,1.283,1,2165,0,253.789,33.183,64.625,244.938,-15.438,2.457,-0.492,2.375,2.426,-33.094,2.531,3.088,3.278,1.212,1.347,0,NULL,NULL,,3,0,2,7,255,1050,250,0,0
stim,105673,135794,0,135794,3333099.454,-0.780,0.278,0.112,-0.550,0,0,3,0,0,0,0,263,59,1.283,1,2165,0,229.090,33.389,55.438,221.625,-17.063,2.672,-0.555,2.047,2.426,-33.301,-2.766,2.962,3.152,1.212,1.347,0,NULL,NULL,,3,0,2,7,255,1050,250,0,0
stim,105673,135794,0,135794,3333104.455,-0.778,0.284,0.118,-0.548,0,0,0,0,0,0,0,283,59,1.283,1,2165,0,205.344,33.398,52.438,197.625,-19.000,2.980,-0.609,1.785,2.547,-33.301,-7.285,2.824,3.014,1.212,1.347,0,NULL,NULL,,3,0,2,7,255,1050,250,0,0
stim,105673,135794,0,135794,3333109.454,-0.776,0.290,0.122,-0.547,0,0,0,0,0,0,0,315,59,1.283,1,2165,0,180.840,34.582,52.563,172.500,-13.563,3.352,-0.719,1.527,3.520,-34.402,-11.652,2.678,2.870,1.212,1.347,0,NULL,NULL,,3,0,2,7,255,1050,250,0,0
stim,105673,135794,0,135794,3333114.455,-0.774,0.295,0.126,-0.546,0,0,0,0,0,0,0,329,59,1.283,1,2165,0,158.400,36.211,58.063,147.375,-0.188,3.691,-0.965,1.250,3.520,-36.039,-16.402,2.526,2.720,1.212,1.347,0,NULL,NULL,,3,0,2,7,255,1050,250,0,0
stim,105701,135822,0,135822,3333119.454,-0.773,0.301,0.128,-0.544,0,0,0,0,0,0,0,335,59,1.283,1,2165,0,151.016,37.657,83.563,121.750,31.625,3.898,-1.262,1.000,3.473,-37.496,-21.516,2.372,2.568,1.212,1.347,0,NULL,NULL,,3,0,2,7,255,1050,250,0,0
stim,105701,135822,0,135822,3333124.455,-0.772,0.308,0.127,-0.541,0,0,0,0,0,0,0,337,59,1.283,1,2165,0,168.507,38.169,129.625,89.938,59.188,3.809,-1.758,1.023,1.914,-38.121,-25.836,2.212,2.410,1.212,1.347,0,NULL,NULL,,3,0,2,7,255,1050,250,0,0
stim,105701,135822,0,135822,3333129.453,-0.771,0.315,0.124,-0.539,0,0,1,0,0,0,0,339,59,1.283,1,2165,0,181.651,38.697,159.500,52.875,69.000,3.727,-2.063,1.430,-2.723,-38.602,-25.836,2.048,2.246,1.212,1.347,0,NULL,NULL,,3,0,2,7,255,1050,250,0,0
stim,105701,135822,0,135822,3333134.455,-0.771,0.323,0.119,-0.536,0,0,0,0,0,0,0,327,59,1.283,1,2165,0,215.779,40.311,185.000,27.188,107.688,3.547,-1.832,1.594,-4.676,-40.039,-24.938,1.878,2.076,1.212,1.347,0,NULL,NULL,,3,0,2,7,255,1050,250,0,0
stim,105701,135822,0,135822,3333139.454,-0.771,0.331,0.112,-0.533,0,0,1,0,0,0,0,317,59,1.283,1,2165,0,273.335,40.311,234.375,-14.063,139.938,3.039,-1.211,2.160,-4.676,-40.039,-22.398,1.702,1.902,1.212,1.347,0,NULL,NULL,,3,0,2,7,255,1050,250,0,0
stim,105701,135822,0,135822,3333144.455,-0.771,0.337,0.104,-0.531,0,0,2,0,0,0,0,309,59,1.283,1,2165,0,219.046,38.471,190.188,-48.250,97.375,2.348,-0.895,3.113,-3.527,-38.309,-13.578,1.520,1.722,1.212,1.347,0,NULL,NULL,,3,0,2,7,255,1050,250,0,0
stim,105701,135822,0,135822,3333149.453,-0.771,0.339,0.099,-0.531,0,0,0,0,0,0,0,475,59,1.283,1,2165,0,139.061,38.455,106.250,-76.875,46.250,2.027,-0.906,3.246,-3.527,-38.293,-1.805,1.330,1.534,1.212,1.347,0,NULL,NULL,,3,0,2,7,255,1050,250,0,0
stim,105701,135822,0,135822,3333154.455,-0.773,0.351,0.075,-0.524,281,0,0,647,0,41,0,559,59,1.283,1,2165,0,626.016,38.691,462.000,-237.188,349.563,0.363,-0.301,6.762,-5.426,-38.309,0.785,1.134,1.338,1.212,1.347,0,NULL,NULL,,3,0,2,7,255,1050,250,0,0
stim,105724,135845,0,135845,3333159.453,-0.781,0.348,0.063,-0.514,953,0,0,1303,0,270,0,627,59,1.283,1,2165,0,408.615,44.469,25.375,-190.688,360.500,0.098,1.672,8.473,-5.426,-44.137,37.359,0.936,1.140,1.212,1.347,0,NULL,NULL,,3,0,2,7,255,1050,250,0,0
stim,105724,135845,0,135845,3333164.455,-0.803,0.311,0.077,-0.502,1559,0,0,1735,0,547,0,665,59,1.283,1,2165,0,1083.586,44.423,-1034.813,-121.875,297.438,-0.609,3.129,3.246,-5.035,-44.137,37.359,0.742,0.948,1.212,1.347,0,NULL,NULL,,3,0,2,7,255,1050,250,0,0
stim,105724,135845,0,135845,3333169.454,-0.823,0.269,0.094,-0.492,1997,0,0,1927,0,805,0,729,58,1.283,1,2166,0,1159.480,18.687,-1128.250,-150.438,220.938,-0.996,3.371,-1.160,18.297,-3.801,30.664,0.548,0.754,1.212,1.347,1,1050.000,0.000,,3,0,2,7,255,1050,250,0,0
stim,105724,135845,1,135845,3333174.455,-0.834,0.245,0.102,-0.484,2221,0,0,2078,0,957,0,803,58,1.283,1,2166,0,663.114,31.898,-630.813,-92.875,182.125,-1.805,2.105,-2.934,18.297,26.129,-4.652,0.356,0.558,1.212,1.347,1,NULL,NULL,,3,1,2,7,255,1050,250,0,0
stim,105765,135886,1,135886,3333179.453,-0.838,0.236,0.100,-0.482,2395,0,0,2187,0,1172,0,884,58,1.283,1,2166,0,221.035,27.879,-170.438,-128.063,58.375,-1.660,0.195,-1.656,9.723,26.129,-17.055,0.200,0.390,1.212,1.347,1,NULL,NULL,,3,1,2,7,255,1050,250,0,0
stim,105765,135886,1,135886,3333184.455,-0.837,0.237,0.094,-0.484,2555,0,0,2356,0,1275,0,944,58,1.283,1,2166,0,160.836,20.959,105.313,-120.438,-16.500,-0.445,0.215,1.102,-1.031,20.934,-17.055,0.146,0.294,1.212,1.347,1,NULL,NULL,,3,1,2,7,255,1050,250,0,0
stim,105765,135886,1,135886,3333189.453,-0.838,0.236,0.090,-0.483,2713,0,0,2580,0,1341,0,1006,58,1.283,1,2166,0,98.137,1.410,3.625,-85.625,47.813,0.227,1.855,2.137,-1.031,-0.961,1.945,0.174,0.286,1.212,1.347,1,NULL,NULL,,3,1,2,7,255,1050,250,0,0
stim,105765,135886,1,135886,3333194.455,-0.845,0.227,0.088,-0.476,2824,0,0,2723,0,1372,0,1095,58,1.283,1,2166,0,316.428,2.598,-201.250,-140.000,200.063,-1.160,1.109,1.648,2.414,-0.961,11.668,0.204,0.316,1.212,1.347,2,NULL,NULL,,3,1,2,7,255,1050,250,0,0
stim,105765,135886,1,135886,3333199.454,-0.852,0.210,0.088,-0.471,2905,0,0,2829,0,1395,0,1203,58,1.283,1,2166,0,440.349,6.736,-385.000,-159.188,142.625,-2.156,-0.680,0.516,2.414,6.289,11.668,0.214,0.340,1.212,1.347,2,NULL,NULL,,3,1,2,7,255,1050,250,0,0
stim,105765,135886,1,135886,3333204.455,-0.854,0.195,0.089,-0.474,2955,0,0,2915,0,1400,0,1305,58,1.283,1,2166,0,346.896,20.316,-291.938,-172.250,-73.750,-1.965,-1.277,-0.621,-17.246,10.738,0.488,0.236,0.366,1.212,1.347,2,NULL,NULL,,3,1,2,7,255,1050,250,0,0
stim,105765,135886,1,135886,3333209.453,-0.852,0.187,0.085,-0.482,2995,0,0,2973,0,1419,0,1383,58,1.283,1,2166,0,271.072,20.316,-83.375,-174.438,-190.000,-0.484,-1.090,0.055,-17.246,10.738,-10.004,0.270,0.398,1.212,1.347,2,NULL,NULL,,3,1,2,7,255,1050,250,0,0
stim,105765,135886,1,135886,3333214.455,-0.849,0.183,0.080,-0.489,3025,0,0,3027,0,1439,0,1433,58,1.283,1,2166,0,242.925,11.806,7.250,-169.813,-173.563,0.504,-0.809,1.359,-11.691,-1.641,-10.004,0.296,0.426,1.212,1.347,2,NULL,NULL,,3,1,2,7,255,1050,250,0,0
stim,105791,135912,1,135912,3333219.454,-0.848,0.178,0.075,-0.493,3047,0,0,3075,0,1480,0,1461,58,1.283,1,2166,0,177.994,13.530,-37.125,-152.438,-84.063,1.051,-0.754,1.813,-4.625,-12.715,-0.645,0.296,0.438,1.212,1.347,2,NULL,NULL,,3,1,2,7,255,1050,250,0,0
stim,105791,135912,1,135912,3333224.455,-0.850,0.171,0.072,-0.493,3063,0,0,3103,0,1519,0,1481,58,1.283,1,2166,0,195.119,18.857,-123.563,-146.563,36.375,1.098,-1.309,1.750,-4.625,-18.281,0.691,0.278,0.438,1.212,1.347,2,NULL,NULL,,3,1,2,7,255,1050,250,0,0
stim,105791,135912,1,135912,3333229.454,-0.855,0.162,0.071,-0.487,3082,0,0,3129,0,1625,0,1495,58,1.283,1,2166,0,270.829,19.252,-186.063,-131.750,146.188,0.594,-1.656,1.074,-6.035,-18.281,0.691,0.256,0.434,1.212,1.347,2,NULL,NULL,,3,1,2,7,255,1050,250,0,0
stim,105791,135912,1,135912,3333234.455,-0.861,0.154,0.068,-0.480,3091,0,0,3155,0,1745,0,1518,58,1.283,1,2166,0,283.812,19.491,-148.750,-130.813,203.250,-0.227,-1.164,0.371,-10.973,-16.109,-4.414,0.228,0.418,1.212,1.347,2,NULL,NULL,,3,1,2,7,255,1050,250,0,0
stim,105791,135912,1,135912,3333239.454,-0.865,0.149,0.063,-0.474,3101,0,0,3170,0,1847,0,1556,58,1.283,1,2166,0,225.310,12.124,-68.750,-134.563,167.125,-1.012,-0.297,0.617,-10.973,-5.156,-4.414,0.194,0.388,1.212,1.347,2,NULL,NULL,,3,1,2,7,255,1050,250,0,0
stim,105791,135912,1,135912,3333244.455,-0.867,0.145,0.058,-0.473,3107,0,0,3177,0,1942,20,1655,58,1.283,1,2166,0,158.905,9.171,-46.438,-144.375,47.438,-0.898,0.461,1.027,-7.949,4.574,-2.031,0.150,0.340,1.212,1.347,2,NULL,NULL,,3,1,2,7,255,1050,250,0,0
stim,105820,135941,1,135941,3333249.454,-0.868,0.140,0.054,-0.473,3111,0,0,3183,0,2042,41,1724,58,1.283,1,2166,0,146.713,4.728,-41.750,-140.625,2.500,-0.148,0.598,1.156,-1.195,4.574,2.348,0.100,0.286,1.212,1.347,2,NULL,NULL,,3,1,2,7,255,1050,250,0,0
stim,105820,135941,1,135941,3333254.455,-0.869,0.134,0.050,-0.474,3112,0,0,3183,0,2125,54,1779,58,1.283,1,2166,0,157.863,1.490,-79.813,-136.188,1.938,-0.066,0.211,1.539,1.090,1.016,2.688,0.058,0.238,1.212,1.347,2,NULL,NULL,,3,1,2,7,255,1050,250,0,0
stim,105820,135941,1,135941,3333259.454,-0.870,0.127,0.048,-0.474,3113,0,0,3189,184,2227,99,1926,58,1.283,1,2166,0,182.458,2.699,-129.750,-127.438,14.688,0.012,-0.043,1.191,1.090,-2.469,2.348,0.038,0.202,1.212,1.347,2,NULL,NULL,,3,1,2,7,255,1050,250,0,0
stim,105820,135941,1,135941,3333264.455,-0.871,0.120,0.046,-0.473,3112,0,0,3191,419,2277,237,2023,58,1.283,1,2166,0,165.889,3.332,-115.375,-118.813,9.563,0.043,-0.242,1.039,-0.512,-3.293,1.414,0.050,0.182,1.212,1.347,2,NULL,NULL,,3,1,2,7,255,1050,250,0,0
stim,105820,135941,1,135941,3333269.453,-0.871,0.116,0.044,-0.475,3113,0,0,3193,633,2331,212,2131,58,1.283,1,2166,0,93.528,4.204,-53.813,-72.188,-25.313,0.316,-0.309,1.523,-1.035,-4.074,1.414,0.072,0.172,1.212,1.347,2,NULL,NULL,,3,1,2,7,255,1050,250,0,0
stim,105820,135941,1,135941,3333274.455,-0.871,0.114,0.043,-0.475,3115,0,0,3199,902,2360,231,2183,58,1.283,1,2166,0,59.217,7.432,-36.500,-42.500,-19.188,0.723,0.156,1.039,-1.035,-7.359,-0.332,0.090,0.166,1.212,1.347,2,NULL,NULL,,3,1,2,7,255,1050,250,0,0
stim,105844,135965,1,135965,3333279.454,-0.871,0.114,0.041,-0.476,3104,0,0,3194,1048,2378,247,2228,58,1.283,1,2166,0,43.747,8.884,8.063,-42.875,3.250,0.453,0.773,1.336,4.977,-7.359,3.117,0.108,0.158,1.212,1.347,2,NULL,NULL,,3,1,2,7,255,1050,250,0,0
stim,105844,135965,1,135965,3333284.455,-0.871,0.111,0.042,-0.476,3111,0,0,3195,1143,2405,252,2278,58,1.283,1,2166,0,62.325,5.612,-55.313,-25.250,-13.688,-0.328,0.398,1.930,4.977,-2.594,3.117,0.128,0.150,1.212,1.347,2,NULL,NULL,,3,1,2,7,255,1050,250,0,0
stim,105873,135994,1,135994,3333289.454,-0.871,0.106,0.043,-0.477,3111,4,0,3195,1251,2424,253,2325,58,1.283,1,2166,0,126.927,1.575,-120.813,-15.813,-35.563,-0.016,0.188,0.867,1.379,-0.762,3.117,0.150,0.138,1.212,1.347,2,NULL,NULL,,3,1,2,7,255,1050,250,0,0
stim,105873,135994,1,135994,3333294.455,-0.871,0.102,0.045,-0.478,3111,23,0,3193,1310,2441,253,2351,58,1.283,1,2166,0,91.214,1.332,-82.313,-15.188,-36.250,-0.199,-0.008,0.758,1.332,-0.016,-1.273,0.168,0.120,1.212,1.347,2,NULL,NULL,,3,1,2,7,255,1050,250,0,0
stim,105873,135994,1,135994,3333299.454,-0.870,0.100,0.046,-0.481,3110,43,0,3196,1407,2451,261,2389,58,1.283,1,2166,0,77.511,1.317,-42.563,-11.500,-63.750,-0.203,-0.066,0.922,-1.168,-0.609,-1.273,0.182,0.102,1.212,1.347,2,NULL,NULL,,3,1,2,7,255,1050,250,0,0
stim,105873,135994,1,135994,3333304.455,-0.868,0.098,0.046,-0.484,3110,53,0,3197,1487,2461,267,2412,58,1.283,1,2166,0,84.410,1.317,-33.813,-13.313,-76.188,0.008,0.082,1.043,-1.168,-0.609,-0.664,0.190,0.086,1.212,1.347,2,NULL,NULL,,3,1,2,7,255,1050,250,0,0
stim,105873,135994,1,135994,3333309.454,-0.867,0.096,0.047,-0.486,3111,69,0,3197,1559,2474,275,2437,58,1.283,1,2166,0,73.619,1.889,-45.125,-9.188,-57.438,0.121,0.051,1.066,0.730,-1.742,0.277,0.196,0.074,1.212,1.347,2,NULL,NULL,,3,1,2,7,255,1050,250,0,0
stim,105873,135994,1,135994,3333314.455,-0.867,0.094,0.048,-0.487,3111,108,0,3197,1595,2487,273,2456,58,1.283,1,2166,0,65.778,2.410,-56.125,-4.063,-34.063,0.031,-0.008,1.027,0.730,-2.297,0.277,0.200,0.068,1.212,1.347,2,NULL,NULL,,3,1,2,7,255,1050,250,0,0
stim,105873,135994,1,135994,3333319.454,-0.867,0.091,0.049,-0.488,3109,108,0,3197,1629,2503,273,2469,58,1.283,1,2166,0,61.776,2.303,-52.000,-3.875,-33.125,-0.137,0.070,0.949,0.168,-2.297,-0.008,0.206,0.062,1.212,1.347,2,NULL,NULL,,3,1,2,7,255,1050,250,0,0
stim,105873,135994,1,135994,3333324.455,-0.866,0.090,0.049,-0.490,3103,139,0,3199,1672,2508,274,2513,58,1.283,1,2166,0,59.145,0.404,-36.813,-3.938,-46.125,-0.137,0.086,0.934,0.168,-0.367,-0.398,0.210,0.054,1.212,1.347,2,NULL,NULL,,3,1,2,7,255,1050,250,0,0
stim,105898,136019,1,136019,3333329.453,-0.865,0.089,0.050,-0.492,3111,163,0,3207,1716,2517,277,2490,58,1.283,1,2166,0,55.643,0.367,-25.563,-3.313,-49.313,-0.035,0.000,0.984,-0.004,-0.367,-0.398,0.214,0.048,1.212,1.347,2,NULL,NULL,,3,1,2,7,255,1050,250,0,0
stim,105898,136019,1,136019,3333334.455,-0.864,0.087,0.050,-0.493,3109,171,0,3199,1741,2523,283,2494,58,1.283,1,2166,0,42.058,1.563,-24.000,-1.625,-34.500,0.020,-0.047,1.012,-0.004,-1.563,-0.258,0.218,0.042,1.212,1.347,2,NULL,NULL,,3,1,2,7,255,1050,250,0,0
stim,105898,136019,1,136019,3333339.454,-0.864,0.086,0.051,-0.494,3107,179,6,3205,1757,2523,277,2502,58,1.283,1,2166,0,30.877,1.641,-24.625,-0.313,-18.625,-0.039,-0.016,1.004,-0.117,-1.637,-0.125,0.220,0.038,1.212,1.347,2,NULL,NULL,,3,1,2,7,255,1050,250,0,0
stim,105898,136019,1,136019,3333344.455,-0.864,0.085,0.051,-0.494,3109,197,16,3197,1775,2524,279,2504,58,1.283,1,2166,0,26.673,1.641,-22.625,0.250,-14.125,-0.113,-0.004,0.992,-0.121,-1.637,-0.082,0.226,0.034,1.212,1.347,2,NULL,NULL,,3,1,2,7,255,1050,250,0,0
stim,105898,136019,1,136019,3333349.454,-0.863,0.084,0.052,-0.495,3103,213,41,3199,1790,2525,278,2503,58,1.283,1,2166,0,24.756,0.993,-17.750,0.500,-17.250,-0.137,-0.023,0.992,-0.348,-0.930,-0.055,0.232,0.028,1.212,1.347,2,NULL,NULL,,3,1,2,7,255,1050,250,0,0
stim,105898,136019,1,136019,3333354.455,-0.863,0.084,0.052,-0.495,3103,216,90,3198,1803,2526,263,2505,58,1.283,1,2166,0,22.710,1.089,-12.625,0.313,-18.875,-0.102,-0.035,1.000,-0.566,-0.930,-0.027,0.238,0.020,1.212,1.347,2,NULL,NULL,,3,1,2,7,255,1050,250,0,0
stim,105926,136047,1,136047,3333359.453,-0.863,0.083,0.052,-0.496,3097,205,120,3195,1820,2526,262,2503,58,1.300,1,2166,1,15.454,1.307,-8.250,-0.375,-13.063,-0.082,-0.055,1.000,-0.602,-1.160,-0.027,0.000,0.000,1.160,1.358,2,NULL,NULL,,3,1,2,7,255,1050,250,0,0
stim,105926,136047,1,136047,3333364.455,-0.863,0.083,0.052,-0.496,3096,200,147,3193,1833,2525,246,2505,58,1.300,1,2166,1,6.692,1.307,-5.938,-1.125,-2.875,-0.117,-0.063,0.992,-0.602,-1.160,-0.086,0.002,0.000,1.160,1.358,2,NULL,NULL,,3,1,2,7,255,1050,250,0,0
stim,105926,136047,1,136047,3333369.454,-0.863,0.082,0.052,-0.496,3087,184,158,3191,1843,2521,231,2507,58,1.300,1,2166,1,5.610,1.413,-4.500,-2.688,2.000,-0.191,-0.043,0.973,-0.828,-1.145,-0.102,0.004,0.002,1.160,1.358,2,NULL,NULL,,3,1,2,7,255,1050,250,0,0
stim,105926,136047,1,136047,3333374.455,-0.863,0.082,0.052,-0.496,3083,178,165,3181,1845,2525,229,2510,58,1.300,1,2166,1,4.609,1.020,-0.188,-4.375,-1.438,-0.215,-0.016,0.953,-0.934,-0.410,-0.133,0.008,0.002,1.160,1.358,2,NULL,NULL,,3,1,2,7,255,1050,250,0,0
stim,105926,136047,1,136047,3333379.454,-0.863,0.082,0.052,-0.496,3078,174,171,3176,1863,2522,229,2514,58,1.300,1,2166,1,9.189,0.982,4.875,-6.125,-4.813,-0.172,0.000,0.957,-0.934,-0.305,-0.281,0.012,0.006,1.160,1.358,2,NULL,NULL,,3,1,2,7,255,1050,250,0,0
stim,105926,136047,1,136047,3333384.455,-0.863,0.082,0.052,-0.496,3065,173,179,3167,1868,2519,228,2517,58,1.300,1,2166,1,9.978,0.671,6.625,-7.188,-2.000,-0.133,-0.004,0.984,-0.598,-0.305,-0.281,0.016,0.008,1.160,1.358,2,NULL,NULL,,3,1,2,7,255,1050,250,0,0
stim,105972,136093,1,136093,3333389.453,-0.863,0.082,0.051,-0.496,3057,159,203,3160,1875,2515,221,2519,58,1.300,1,2166,1,9.932,0.724,5.125,-7.938,3.063,-0.141,0.008,0.992,-0.441,-0.574,-0.109,0.018,0.012,1.160,1.358,2,NULL,NULL,,3,1,2,7,255,1050,250,0,0
stim,105972,136093,1,136093,3333394.455,-0.863,0.082,0.051,-0.496,3051,154,214,3155,1881,2515,219,2523,58,1.300,1,2166,1,10.538,0.690,4.688,-8.688,3.688,-0.160,0.031,0.977,-0.383,-0.574,-0.109,0.024,0.016,1.160,1.358,2,NULL,NULL,,3,1,2,7,255,1050,250,0,0
stim,105972,136093,1,136093,3333399.454,-0.863,0.082,0.050,-0.496,3041,148,219,3141,1887,2507,217,2525,58,1.300,1,2166,1,12.523,0.392,7.938,-9.375,2.438,-0.152,0.039,0.973,-0.281,-0.273,-0.109,0.028,0.020,1.160,1.358,2,NULL,NULL,,3,1,2,7,255,1050,250,0,0
stim,105972,136093,1,136093,3333404.455,-0.863,0.082,0.050,-0.496,3029,139,231,3129,1895,2504,214,2531,58,1.300,1,2166,1,14.592,0.327,10.313,-10.000,2.563,-0.145,0.070,0.984,-0.195,-0.262,-0.109,0.032,0.022,1.160,1.358,2,NULL,NULL,,3,1,2,7,255,1050,250,0,0
stim,105972,136093,1,136093,3333409.453,-0.863,0.082,0.049,-0.496,3015,138,239,3116,1899,2500,217,2535,58,1.300,1,2166,1,14.795,0.224,9.750,-10.563,3.500,-0.152,0.105,1.000,0.086,-0.207,-0.055,0.036,0.024,1.160,1.358,2,NULL,NULL,,3,1,2,7,255,1050,250,0,0
stim,105972,136093,1,136093,3333414.455,-0.863,0.083,0.048,-0.496,3001,139,253,3104,1917,2494,219,2539,58,1.300,1,2166,1,13.603,0.332,7.375,-11.125,2.625,-0.172,0.117,1.004,0.332,-0.016,0.133,0.038,0.026,1.160,1.358,2,NULL,NULL,,3,1,2,7,255,1050,250,0,0
stim,105994,136115,1,136115,3333419.453,-0.863,0.083,0.048,-0.496,2987,133,283,3089,1941,2491,245,2542,58,1.300,1,2166,1,13.551,0.391,6.250,-12.000,-0.750,-0.191,0.113,0.992,0.332,0.207,0.160,0.038,0.026,1.160,1.358,2,NULL,NULL,,3,1,2,7,255,1050,250,0,0
stim,105994,136115,0,136115,3333424.455,-0.863,0.083,0.047,-0.496,2975,132,299,3079,1956,2495,265,2555,58,1.300,1,2166,1,15.689,0.394,7.063,-13.063,-5.063,-0.188,0.109,0.984,0.199,0.340,0.160,0.038,0.024,1.160,1.358,2,NULL,NULL,,3,0,2,7,255,1055,250,0,0
stim,105994,136115,0,136115,3333429.454,-0.863,0.083,0.046,-0.497,2959,131,341,3059,1989,2495,277,2569,58,1.300,1,2166,1,17.946,0.394,8.250,-14.063,-7.500,-0.160,0.113,0.988,0.199,0.340,0.059,0.036,0.024,1.160,1.358,2,NULL,NULL,,3,0,2,7,255,1055,250,0,0
stim,105994,136115,0,136115,3333434.455,-0.863,0.083,0.046,-0.497,2939,135,383,3046,2005,2495,291,2587,58,1.300,1,2166,1,18.310,0.361,8.063,-14.875,-7.000,-0.141,0.137,1.008,0.336,0.133,0.059,0.032,0.022,1.160,1.358,2,NULL,NULL,,3,0,2,7,255,1055,250,0,0
stim,105994,136115,0,136115,3333439.454,-0.863,0.083,0.045,-0.497,2923,135,439,3035,2035,2507,311,2591,58,1.300,1,2166,1,17.914,0.635,6.063,-15.500,-6.625,-0.145,0.164,1.020,0.621,0.133,0.207,0.030,0.020,1.160,1.358,2,NULL,NULL,,3,0,2,7,255,1055,250,0,0
stim,105994,136115,0,136115,3333444.455,-0.862,0.083,0.044,-0.498,2907,145,505,3007,2055,2504,331,2608,58,1.300,1,2166,1,18.372,0.847,5.063,-16.188,-7.063,-0.160,0.195,1.020,0.820,0.211,0.371,0.026,0.020,1.160,1.358,2,NULL,NULL,,3,0,2,7,255,1055,250,0,0
stim,106024,136145,0,136145,3333449.453,-0.862,0.083,0.043,-0.498,2873,157,537,2991,2099,2504,360,2592,58,1.300,1,2166,1,19.808,1.111,5.563,-16.813,-8.875,-0.160,0.219,1.020,0.992,0.500,0.406,0.022,0.020,1.160,1.358,2,NULL,NULL,,3,0,2,7,255,1055,250,0,0
stim,106024,136145,0,136145,3333454.455,-0.862,0.082,0.042,-0.498,2853,157,639,2983,2139,2518,384,2636,58,1.300,1,2166,1,20.619,1.340,4.000,-17.438,-10.250,-0.156,0.227,1.020,1.184,0.629,0.430,0.018,0.022,1.160,1.358,2,NULL,NULL,,3,0,2,7,255,1055,250,0,0
stim,106024,136145,0,136145,3333459.454,-0.862,0.082,0.042,-0.499,2825,177,694,2953,2207,2520,455,2661,58,1.300,1,2166,1,22.089,1.340,1.313,-17.625,-13.250,-0.160,0.184,1.016,1.184,0.629,0.430,0.016,0.022,1.160,1.358,2,NULL,NULL,,3,0,2,7,255,1055,250,0,0
stim,106024,136145,0,136145,3333464.455,-0.861,0.082,0.041,-0.499,2789,183,745,2930,2265,2517,520,2677,58,1.300,1,2166,1,24.324,0.974,-0.188,-17.813,-16.563,-0.168,0.141,1.000,0.855,0.465,0.367,0.014,0.024,1.160,1.358,2,NULL,NULL,,3,0,2,7,255,1055,250,0,0
stim,106024,136145,0,136145,3333469.453,-0.861,0.081,0.040,-0.500,2761,213,843,2915,2303,2530,565,2685,58,1.300,1,2166,1,28.460,0.641,-1.188,-19.375,-20.813,-0.211,0.137,1.020,0.441,0.465,0.367,0.012,0.028,1.160,1.358,2,NULL,NULL,,3,0,2,7,255,1055,250,0,0
stim,106024,136145,0,136145,3333474.455,-0.860,0.081,0.040,-0.502,2725,237,967,2895,2350,2521,679,2695,58,1.300,1,2166,1,38.122,0.824,-4.563,-19.500,-32.438,-0.215,0.180,1.039,0.441,0.695,0.434,0.012,0.032,1.160,1.358,2,NULL,NULL,,3,0,2,7,255,1055,250,0,0
stim,106052,136173,0,136173,3333479.453,-0.860,0.080,0.039,-0.503,2676,251,1115,2863,2395,2523,806,2709,58,1.300,1,2166,1,46.051,0.894,-8.313,-19.250,-41.000,-0.156,0.191,1.031,0.563,0.695,0.508,0.010,0.036,1.160,1.358,2,NULL,NULL,,3,0,2,7,255,1055,250,0,0
stim,106052,136173,0,136173,3333484.455,-0.859,0.079,0.039,-0.505,2623,247,1214,2857,2453,2533,924,2729,58,1.300,1,2166,1,50.737,0.848,-15.188,-19.063,-44.500,-0.145,0.152,1.070,0.688,0.496,0.668,0.010,0.040,1.160,1.358,2,NULL,NULL,,3,0,2,7,255,1055,250,0,0
stim,106077,136198,0,136198,3333489.454,-0.858,0.078,0.039,-0.507,2577,253,1327,2829,2479,2537,1069,2745,58,1.300,1,2166,1,57.104,0.709,-27.375,-18.375,-46.625,-0.137,0.102,1.055,0.688,0.172,0.648,0.010,0.042,1.160,1.358,2,NULL,NULL,,3,0,2,7,255,1055,250,0,0
stim,106077,136198,0,136198,3333494.455,-0.857,0.076,0.039,-0.508,2509,253,1479,2797,2533,2539,1188,2760,58,1.300,1,2166,1,61.932,0.298,-35.125,-17.938,-47.750,-0.137,0.059,1.016,0.289,-0.074,0.648,0.010,0.042,1.160,1.358,2,NULL,NULL,,3,0,2,7,255,1055,250,0,0
stim,106077,136198,0,136198,3333499.454,-0.856,0.074,0.039,-0.510,2461,279,1609,2778,2567,2539,1320,2780,58,1.300,1,2166,1,62.958,0.206,-37.250,-18.375,-47.313,-0.125,0.035,0.957,-0.066,-0.195,0.254,0.010,0.044,1.160,1.358,2,NULL,NULL,,3,0,2,7,255,1055,250,0,0
stim,106077,136198,0,136198,3333504.455,-0.855,0.072,0.040,-0.512,2405,312,1728,2747,2601,2543,1445,2792,58,1.300,1,2166,1,60.671,0.315,-34.938,-19.313,-45.688,-0.141,0.000,0.965,-0.176,-0.262,-0.277,0.010,0.044,1.160,1.358,2,NULL,NULL,,3,0,2,7,255,1055,250,0,0
stim,106077,136198,0,136198,3333509.453,-0.854,0.070,0.040,-0.514,2323,313,1878,2709,2647,2540,1577,2795,58,1.300,1,2166,1,66.900,0.603,-38.000,-19.313,-51.563,-0.223,-0.039,1.000,-0.543,-0.262,-0.277,0.010,0.046,1.160,1.358,2,NULL,NULL,,3,0,2,7,255,1055,250,0,0
stim,106077,136198,0,136198,3333514.455,-0.853,0.067,0.040,-0.516,2244,309,1963,2682,2681,2550,1675,2815,58,1.300,1,2166,1,77.276,1.260,-44.875,-22.500,-58.750,-0.113,-0.121,1.035,-1.230,-0.273,0.176,0.012,0.046,1.160,1.358,2,NULL,NULL,,3,0,2,7,255,1055,250,0,0
stim,106077,136198,0,136198,3333519.454,-0.852,0.065,0.041,-0.518,2157,312,2101,2641,2713,2551,1772,2824,58,1.300,1,2166,1,78.645,1.383,-53.313,-22.375,-53.313,-0.152,-0.090,1.031,-1.262,-0.566,0.316,0.014,0.046,1.160,1.358,2,NULL,NULL,,3,0,2,7,255,1055,250,0,0
stim,106077,136198,0,136198,3333524.455,-0.851,0.062,0.042,-0.520,2042,314,2203,2584,2741,2567,1881,2853,58,1.300,1,2166,0,91.329,1.383,-60.125,-22.563,-64.938,-0.203,-0.027,1.043,-1.262,-0.566,0.363,0.018,0.046,1.160,1.358,2,NULL,NULL,,3,0,2,7,255,1055,250,0,0
stim,106077,136198,0,136198,3333529.453,-0.849,0.059,0.042,-0.523,1945,327,2293,2531,2757,2551,1957,2855,58,1.300,1,2166,0,99.707,0.978,-63.125,-24.688,-73.125,-0.082,0.035,0.973,-0.879,-0.430,0.363,0.020,0.048,1.160,1.358,2,NULL,NULL,,3,0,2,7,255,1055,250,0,0
stim,106077,136198,0,136198,3333534.455,-0.848,0.056,0.042,-0.525,1843,327,2381,2472,2781,2565,2057,2869,58,1.300,1,2166,0,83.885,0.477,-50.938,-25.688,-61.500,-0.008,0.043,0.918,0.207,-0.430,-0.258,0.022,0.048,1.160,1.358,2,NULL,NULL,,3,0,2,7,255,1055,250,0,0
stim,106106,136227,0,136227,3333539.454,-0.847,0.053,0.042,-0.527,1687,315,2457,2381,2809,2556,2147,2812,58,1.300,1,2166,0,70.400,0.585,-43.000,-26.688,-48.938,-0.090,-0.016,1.004,0.207,-0.547,-0.258,0.026,0.048,1.160,1.358,2,NULL,NULL,,3,0,2,7,255,1055,250,0,0
stim,106106,136227,0,136227,3333544.455,-0.846,0.051,0.042,-0.528,1524,307,2517,2287,2835,2555,2213,2893,58,1.300,1,2166,0,72.476,0.571,-49.000,-27.750,-45.625,-0.121,-0.016,1.086,-0.164,-0.547,0.043,0.028,0.048,1.160,1.358,2,NULL,NULL,,3,0,2,7,255,1055,250,0,0
stim,106106,136227,0,136227,3333549.454,-0.846,0.048,0.043,-0.530,1339,270,2567,2197,2845,2552,2286,2899,58,1.300,1,2166,0,73.403,0.417,-51.313,-29.188,-43.625,-0.152,-0.016,1.012,-0.242,-0.340,0.207,0.030,0.050,1.160,1.358,2,NULL,NULL,,3,0,2,7,255,1055,250,0,0
stim,106106,136227,0,136227,3333554.455,-0.844,0.046,0.043,-0.532,1150,249,2616,2069,2875,2551,2359,2918,58,1.300,1,2166,0,77.966,0.398,-46.500,-29.625,-55.125,-0.160,-0.039,0.996,-0.391,0.078,0.207,0.032,0.050,1.160,1.358,2,NULL,NULL,,3,0,2,7,255,1055,250,0,0
stim,106106,136227,0,136227,3333559.453,-0.844,0.043,0.043,-0.534,981,231,2650,1907,2885,2539,2421,2917,58,1.300,1,2166,0,75.112,0.398,-44.438,-32.750,-50.938,-0.035,-0.004,1.008,-0.391,0.078,0.090,0.034,0.052,1.160,1.358,2,NULL,NULL,,3,0,2,7,255,1055,250,0,0
stim,106106,136227,0,136227,3333564.455,-0.843,0.041,0.042,-0.535,764,222,2696,1713,2907,2537,2479,2929,58,1.300,1,2166,0,62.777,0.344,-35.688,-33.125,-39.625,-0.090,-0.012,1.016,-0.020,-0.344,0.090,0.036,0.054,1.160,1.358,2,NULL,NULL,,3,0,2,7,255,1055,250,0,0
stim,106137,136258,0,136258,3333569.454,-0.842,0.039,0.042,-0.537,523,169,2731,1429,2927,2532,2528,2938,58,1.300,1,2166,0,64.971,0.344,-36.125,-35.000,-41.125,-0.105,-0.031,1.047,-0.020,-0.344,0.164,0.036,0.054,1.160,1.358,2,NULL,NULL,,3,0,2,7,255,1055,250,0,0
stim,106137,136258,0,136258,3333574.455,-0.841,0.036,0.041,-0.538,365,103,2759,1163,2937,2519,2581,2955,58,1.300,1,2166,0,59.336,0.384,-34.750,-37.938,-29.563,-0.086,-0.039,1.039,-0.172,-0.344,0.391,0.040,0.054,1.160,1.358,2,NULL,NULL,,3,0,2,7,255,1055,250,0,0
stim,106137,136258,0,136258,3333579.453,-0.841,0.034,0.041,-0.539,171,77,2793,887,2951,2509,2614,2951,58,1.300,1,2166,0,59.016,0.347,-30.875,-38.438,-32.438,-0.117,-0.066,1.020,-0.223,-0.266,0.391,0.042,0.054,1.160,1.358,2,NULL,NULL,,3,0,2,7,255,1055,250,0,0
stim,106137,136258,0,136258,3333584.455,-0.840,0.032,0.040,-0.540,61,31,2827,613,2973,2487,2655,2973,58,1.300,1,2166,0,59.483,0.249,-26.000,-42.875,-32.000,-0.086,-0.008,1.027,-0.172,-0.180,0.305,0.046,0.054,1.160,1.358,2,NULL,NULL,,3,0,2,7,255,1055,250,0,0
stim,106174,136295,0,136295,3333589.453,-0.840,0.030,0.038,-0.541,12,7,2840,428,2976,2468,2695,2973,58,1.300,1,2166,0,59.172,0.194,-21.438,-44.375,-32.750,-0.055,0.098,1.043,0.098,-0.168,0.305,0.046,0.056,1.160,1.358,2,NULL,NULL,,3,0,2,7,255,1055,250,0,0
stim,106174,136295,0,136295,3333594.455,-0.839,0.028,0.037,-0.542,0,0,2848,277,2986,2441,2723,2975,58,1.300,1,2166,0,65.320,1.183,-23.375,-46.688,-39.250,-0.012,0.141,1.023,1.172,-0.160,0.305,0.044,0.058,1.160,1.358,2,NULL,NULL,,3,0,2,7,255,1055,250,0,0
stim,106174,136295,0,136295,3333599.454,-0.838,0.027,0.035,-0.543,0,0,2868,167,3001,2415,2763,2983,58,1.300,1,2166,0,58.025,1.172,-4.375,-51.938,-25.500,-0.109,0.039,1.086,1.172,-0.012,0.402,0.042,0.060,1.160,1.358,2,NULL,NULL,,3,0,2,7,255,1055,250,0,0
stim,106174,136295,0,136295,3333604.455,-0.838,0.026,0.033,-0.544,0,0,2875,125,3007,2397,2777,2989,58,1.300,1,2166,0,65.335,0.554,21.313,-61.438,-6.313,-0.324,-0.152,1.258,0.465,0.301,0.867,0.040,0.066,1.160,1.358,2,NULL,NULL,,3,0,2,7,255,1055,250,0,0
stim,106174,136295,0,136295,3333609.453,-0.838,0.026,0.029,-0.544,0,0,2899,103,3035,2363,2793,2985,58,1.300,1,2166,0,84.213,2.505,42.063,-72.375,-9.188,-0.480,-0.250,1.531,-2.078,1.398,2.777,0.038,0.074,1.160,1.358,2,NULL,NULL,,3,0,2,7,255,1055,250,0,0
stim,106174,136295,0,136295,3333614.455,-0.838,0.026,0.025,-0.545,0,0,2905,60,3039,2335,2809,2999,58,1.300,1,2166,0,97.250,3.080,47.875,-81.500,-22.875,-0.441,-0.063,1.801,-2.078,2.273,5.559,0.038,0.084,1.160,1.358,3,NULL,NULL,,3,0,2,7,255,1055,250,0,0
stim,106174,136295,0,136295,3333619.453,-0.837,0.023,0.022,-0.546,0,0,2915,17,3037,2283,2853,2995,58,1.300,1,2166,0,91.514,2.810,-16.750,-88.250,-17.500,-0.109,0.203,1.688,-1.652,2.273,6.727,0.036,0.094,1.160,1.358,3,NULL,NULL,,3,0,2,7,255,1055,250,0,0
stim,106174,136295,0,136295,3333624.455,-0.837,0.019,0.021,-0.546,0,0,2903,0,3043,2229,2861,2995,58,1.300,1,2166,0,111.282,2.139,-68.750,-85.813,-17.125,-0.047,0.223,1.289,1.957,0.863,6.727,0.032,0.104,1.160,1.358,3,NULL,NULL,,3,0,2,7,255,1055,250,0,0
stim,106203,136324,0,136324,3333629.454,-0.838,0.015,0.018,-0.545,0,0,2908,0,3051,2157,2879,3000,58,1.300,1,2166,0,106.953,2.268,-42.063,-96.188,20.438,-0.121,0.246,1.152,2.098,0.863,2.797,0.030,0.114,1.160,1.358,3,NULL,NULL,,3,0,2,7,255,1055,250,0,0
stim,106203,136324,0,136324,3333634.455,-0.839,0.013,0.014,-0.544,0,0,2919,0,3065,2071,2894,3003,58,1.300,1,2166,0,111.360,2.642,-9.875,-105.938,32.875,-0.258,0.238,1.211,2.098,1.605,2.086,0.030,0.124,1.160,1.358,3,NULL,NULL,,3,0,2,7,255,1055,250,0,0
stim,106203,136324,0,136324,3333639.454,-0.839,0.010,0.011,-0.543,0,0,2911,0,3080,1961,2909,3001,58,1.300,1,2166,0,112.327,3.232,-5.813,-110.938,16.625,-0.332,0.086,1.313,1.469,2.879,2.086,0.036,0.136,1.160,1.358,3,NULL,NULL,,3,0,2,7,255,1055,250,0,0
stim,106203,136324,0,136324,3333644.455,-0.840,0.007,0.007,-0.543,0,0,2909,0,3065,1828,2931,2991,58,1.300,1,2166,0,118.778,2.885,-12.125,-118.063,4.750,-0.332,-0.082,1.391,-0.191,2.879,3.102,0.046,0.148,1.160,1.358,3,NULL,NULL,,3,0,2,7,255,1055,250,0,0
stim,106203,136324,0,136324,3333649.454,-0.840,0.003,0.003,-0.543,0,0,2903,0,3069,1705,2939,2984,58,1.300,1,2166,0,126.216,3.000,-21.313,-124.250,6.188,-0.230,-0.141,1.387,-1.699,2.473,3.855,0.058,0.160,1.160,1.358,3,NULL,NULL,,3,0,2,7,255,1055,250,0,0
stim,106203,136324,0,136324,3333654.455,-0.840,-0.001,-0.001,-0.542,0,0,2894,0,3091,1527,2951,2986,58,1.300,1,2166,0,134.048,2.373,-36.500,-128.750,7.750,-0.176,-0.180,1.258,-1.852,1.484,3.855,0.068,0.172,1.160,1.358,3,NULL,NULL,,3,0,2,7,255,1055,250,0,0
stim,106227,136348,0,136348,3333659.454,-0.841,-0.006,-0.004,-0.541,0,0,2925,0,3087,1311,2952,2951,58,1.300,1,2166,0,140.923,2.453,-32.250,-135.438,21.813,-0.215,-0.195,1.188,-2.047,1.352,2.551,0.080,0.182,1.160,1.358,3,NULL,NULL,,3,0,2,7,255,1055,250,0,0
stim,106227,136348,0,136348,3333664.455,-0.841,-0.010,-0.009,-0.540,0,0,2871,0,3089,1101,2964,2969,58,1.300,1,2166,0,145.626,2.453,-27.188,-141.688,19.813,-0.195,-0.121,1.141,-2.047,1.352,1.855,0.090,0.192,1.160,1.358,3,NULL,NULL,,3,0,2,7,255,1055,250,0,0
stim,106227,136348,0,136348,3333669.453,-0.842,-0.014,-0.013,-0.539,0,0,2848,0,3099,874,2971,2952,58,1.300,1,2166,0,151.303,2.785,-25.188,-147.625,21.563,-0.230,-0.168,1.094,-2.273,1.609,1.348,0.102,0.204,1.160,1.358,3,NULL,NULL,,3,0,2,7,255,1055,250,0,0
stim,106227,136348,0,136348,3333674.455,-0.842,-0.018,-0.019,-0.538,0,0,2841,0,3098,639,2988,2936,58,1.300,1,2166,0,157.195,2.925,-4.875,-155.500,22.500,-0.270,-0.160,1.133,-2.273,1.840,1.219,0.114,0.216,1.160,1.358,3,NULL,NULL,,3,0,2,7,255,1055,250,0,0
stim,106227,136348,0,136348,3333679.454,-0.843,-0.022,-0.024,-0.538,0,0,2803,0,3097,487,2992,2917,58,1.300,1,2166,0,162.913,3.072,-1.563,-162.563,10.563,-0.211,-0.145,1.145,-2.273,2.066,1.219,0.128,0.230,1.160,1.358,3,NULL,NULL,,3,0,2,7,255,1055,250,0,0
stim,106227,136348,0,136348,3333684.455,-0.843,-0.026,-0.030,-0.537,0,0,2767,0,3095,315,3013,2910,58,1.300,1,2166,0,170.344,3.201,2.125,-170.063,9.563,-0.164,-0.199,1.117,-2.445,2.066,1.219,0.140,0.242,1.160,1.358,3,NULL,NULL,,3,0,2,7,255,1055,250,0,0
stim,106288,136409,0,136409,3333689.454,-0.843,-0.029,-0.037,-0.536,0,0,2728,0,3101,136,3005,2873,58,1.300,1,2166,0,178.560,2.742,14.750,-177.063,17.750,-0.117,-0.102,1.176,-2.137,1.719,1.320,0.152,0.254,1.160,1.358,3,NULL,NULL,,3,0,2,7,255,1055,250,0,0
stim,106288,136409,0,136409,3333694.455,-0.843,-0.033,-0.044,-0.535,0,0,2683,0,3098,57,3007,2839,58,1.300,1,2166,0,185.046,2.281,18.250,-183.375,16.813,-0.141,0.066,1.215,-1.500,1.719,1.578,0.164,0.268,1.160,1.358,3,NULL,NULL,,3,0,2,7,255,1055,250,0,0
stim,106288,136409,0,136409,3333699.454,-0.843,-0.036,-0.051,-0.534,0,0,2622,0,3091,7,3015,2811,58,1.300,1,2166,0,191.902,2.811,24.500,-189.938,12.250,-0.188,0.133,1.309,-0.195,2.805,1.832,0.176,0.282,1.160,1.358,3,NULL,NULL,,3,0,2,7,255,1055,250,0,0
stim,106288,136409,0,136409,3333704.455,-0.843,-0.040,-0.059,-0.533,0,0,2543,0,3089,1,3015,2769,58,1.300,1,2166,0,200.418,3.789,27.000,-198.500,6.000,-0.164,0.199,1.477,0.039,3.789,2.617,0.190,0.298,1.160,1.358,3,NULL,NULL,,3,0,2,7,255,1055,250,0,0
stim,106288,136409,0,136409,3333709.454,-0.843,-0.044,-0.067,-0.532,0,0,2464,0,3079,19,3027,2727,58,1.300,1,2166,0,204.926,4.335,20.375,-203.875,-3.813,-0.133,0.293,1.762,0.574,4.297,4.207,0.206,0.318,1.160,1.358,3,NULL,NULL,,3,0,2,7,255,1055,250,0,0
stim,106288,136409,0,136409,3333714.455,-0.842,-0.048,-0.075,-0.531,0,0,2373,0,3063,61,3013,2661,58,1.300,1,2166,0,211.157,5.079,18.000,-210.375,2.375,-0.211,0.242,2.105,0.574,5.047,6.941,0.228,0.344,1.160,1.358,3,NULL,NULL,,3,0,2,7,255,1055,250,0,0
stim,106288,136409,0,136409,3333719.453,-0.842,-0.053,-0.084,-0.530,0,0,2229,0,3047,76,3017,2590,58,1.300,1,2166,0,231.349,6.382,13.750,-229.500,25.750,-0.422,0.191,2.465,0.207,6.379,10.063,0.260,0.378,1.160,1.358,3,NULL,NULL,,3,0,2,7,255,1055,250,0,0
stim,106288,136409,0,136409,3333724.455,-0.843,-0.060,-0.093,-0.527,0,0,2079,0,3037,85,2997,2521,58,1.300,1,2166,0,262.653,9.151,-29.500,-256.563,47.875,-0.691,0.301,2.691,-1.547,9.020,12.977,0.302,0.424,1.160,1.358,3,NULL,NULL,,3,0,2,7,255,1055,250,0,0
stim,106288,136409,0,136409,3333729.453,-0.842,-0.070,-0.101,-0.525,0,0,1920,0,3012,103,2981,2397,58,1.300,1,2166,0,299.120,12.843,-75.500,-285.563,47.188,-0.855,0.539,2.660,-1.547,12.750,13.223,0.354,0.480,1.160,1.358,3,NULL,NULL,,3,0,2,7,255,1055,250,0,0
stim,106288,136409,0,136409,3333734.455,-0.842,-0.081,-0.110,-0.523,0,0,1809,0,2996,107,2959,2280,58,1.300,1,2166,0,331.179,15.701,-98.813,-314.813,28.438,-0.824,0.836,2.590,-0.730,15.684,13.223,0.416,0.544,1.160,1.358,3,NULL,NULL,,3,0,2,7,255,1055,250,0,0
stim,106288,136409,0,136409,3333739.454,-0.840,-0.093,-0.120,-0.521,0,0,1677,0,2967,119,2937,2137,58,1.300,1,2166,0,361.394,17.240,-116.563,-341.938,9.875,-0.699,0.914,2.590,1.957,17.129,12.008,0.482,0.614,1.160,1.358,3,NULL,NULL,,3,0,2,7,255,1055,250,0,0
stim,106288,136409,0,136409,3333744.455,-0.838,-0.106,-0.131,-0.519,0,0,1547,0,2933,126,2891,2009,58,1.300,1,2166,0,389.184,17.420,-127.688,-367.500,10.188,-0.637,0.906,2.613,3.109,17.141,11.773,0.556,0.690,1.160,1.358,3,NULL,NULL,,3,0,2,7,255,1055,250,0,0
stim,106319,136440,0,136440,3333749.453,-0.836,-0.120,-0.141,-0.517,0,0,1443,0,2872,127,2837,1860,58,1.300,1,2166,0,414.376,17.670,-139.375,-389.688,20.625,-0.734,0.980,2.727,3.195,17.379,11.637,0.634,0.770,1.160,1.358,3,NULL,NULL,,3,0,2,7,255,1055,250,0,0
stim,106319,136440,0,136440,3333754.455,-0.833,-0.135,-0.153,-0.515,0,0,1358,0,2815,124,2771,1717,58,1.300,1,2166,0,436.741,19.903,-141.375,-413.063,11.625,-0.832,0.914,2.867,3.195,19.645,11.637,0.716,0.858,1.160,1.358,3,NULL,NULL,,3,0,2,7,255,1055,250,0,0
stim,106319,136440,0,136440,3333759.453,-0.829,-0.150,-0.166,-0.513,0,0,1230,0,2744,104,2667,1565,58,1.300,1,2166,0,462.565,21.561,-143.813,-439.625,3.750,-0.980,0.730,2.980,2.070,21.461,11.621,0.806,0.950,1.160,1.358,3,NULL,NULL,,3,0,2,7,255,1055,250,0,0
stim,106319,136440,0,136440,3333764.455,-0.825,-0.167,-0.178,-0.510,0,0,1091,0,2647,78,2531,1415,58,1.300,1,2166,0,491.688,23.209,-171.875,-460.625,-6.375,-1.020,0.832,3.008,0.309,23.207,11.527,0.906,1.050,1.160,1.358,3,NULL,NULL,,3,0,2,7,255,1055,250,0,0
stim,106319,136440,0,136440,3333769.454,-0.819,-0.183,-0.191,-0.509,0,0,907,0,2521,67,2376,1255,58,1.300,1,2166,0,504.550,24.922,-179.625,-470.188,-35.063,-0.938,0.770,3.020,0.063,24.922,10.469,1.010,1.158,1.160,1.358,3,NULL,NULL,,3,0,2,7,255,1055,250,0,0
stim,106319,136440,0,136440,3333774.455,-0.813,-0.200,-0.205,-0.508,0,0,747,0,2371,18,2155,1077,58,1.300,1,2166,0,514.629,24.922,-174.875,-481.688,-47.313,-0.785,0.461,3.117,0.063,24.922,10.469,1.118,1.268,1.160,1.358,3,NULL,NULL,,3,0,2,7,255,1055,250,0,0
stim,106353,136474,0,136474,3333779.454,-0.806,-0.218,-0.219,-0.505,0,0,551,0,2141,0,1837,928,58,1.300,1,2166,0,540.136,24.176,-198.063,-501.813,-26.500,-0.727,-0.031,2.988,-2.176,24.078,9.961,1.224,1.374,1.160,1.358,3,NULL,NULL,,3,0,2,7,255,1055,250,0,0
stim,106353,136474,0,136474,3333784.455,-0.799,-0.238,-0.231,-0.501,0,0,389,0,1875,0,1469,786,58,1.300,1,2166,0,573.189,22.916,-245.875,-517.500,16.875,-0.590,-0.352,2.328,-6.211,22.059,9.750,1.324,1.476,1.160,1.358,3,NULL,NULL,,3,0,2,7,255,1055,250,0,0
stim,106377,136498,0,136498,3333789.453,-0.792,-0.258,-0.244,-0.497,0,0,238,0,1563,0,951,633,58,1.300,1,2166,0,573.478,18.273,-232.938,-523.688,19.188,-0.426,-0.414,1.512,-6.914,16.914,4.984,1.414,1.568,1.160,1.358,3,NULL,NULL,,3,0,2,7,255,1055,250,0,0
stim,106377,136498,0,136498,3333794.455,-0.786,-0.275,-0.259,-0.490,0,0,184,0,1204,0,440,523,58,1.300,1,2166,0,554.239,13.059,-133.188,-537.000,32.750,-0.398,-0.359,1.137,-6.914,11.078,-0.688,1.500,1.656,1.160,1.358,3,NULL,NULL,,3,0,2,7,255,1055,250,0,0
stim,106377,136498,0,136498,3333799.454,-0.781,-0.288,-0.276,-0.481,0,0,110,0,859,0,85,441,58,1.300,1,2166,0,553.573,12.604,-13.313,-549.250,67.750,-0.555,-0.078,1.559,-6.012,11.078,-3.160,1.584,1.740,1.160,1.358,3,NULL,NULL,,3,0,2,7,255,1055,250,0,0
stim,106377,136498,0,136498,3333804.455,-0.777,-0.300,-0.294,-0.469,0,0,103,0,395,0,0,362,58,1.300,1,2166,0,574.173,15.233,38.563,-561.125,115.438,-0.996,0.109,2.215,-6.012,13.996,-3.305,1.670,1.828,1.160,1.358,3,NULL,NULL,,3,0,2,7,255,1055,250,0,0
stim,106377,136498,0,136498,3333809.454,-0.773,-0.314,-0.310,-0.455,0,0,31,0,18,0,0,282,58,1.300,1,2166,0,594.654,22.600,-29.375,-569.875,167.313,-1.359,0.504,2.246,-4.793,22.086,-3.305,1.762,1.920,1.160,1.358,3,NULL,NULL,,3,0,2,7,255,1055,250,0,0
stim,106377,136498,0,136498,3333814.455,-0.766,-0.332,-0.323,-0.445,0,0,24,0,0,0,0,230,58,1.300,1,2166,0,575.821,23.630,-144.125,-543.313,124.938,-1.191,1.199,1.715,-4.492,23.199,-7.813,1.854,2.014,1.160,1.358,4,NULL,NULL,,3,0,2,7,255,1055,250,0,0
stim,106377,136498,0,136498,3333819.453,-0.758,-0.349,-0.335,-0.438,0,0,21,0,0,0,0,182,58,1.300,1,2166,0,541.723,23.395,-201.938,-498.563,64.188,-0.750,1.598,1.262,3.023,23.199,-12.371,1.944,2.106,1.160,1.358,4,NULL,NULL,,3,0,2,7,255,1055,250,0,0
stim,106377,136498,0,136498,3333824.455,-0.750,-0.367,-0.343,-0.431,0,0,21,0,0,0,0,125,58,1.300,1,2166,0,513.417,20.491,-234.125,-447.813,90.813,-0.660,1.410,1.055,8.078,18.832,-13.258,2.032,2.196,1.160,1.358,0,NULL,NULL,,3,0,2,7,255,1055,250,0,0
stim,106377,136498,0,136498,3333829.454,-0.742,-0.388,-0.345,-0.424,0,0,24,0,0,0,0,108,58,1.300,1,2166,0,535.605,17.889,-348.688,-362.125,184.813,-0.832,1.254,0.691,8.078,15.961,-13.863,2.112,2.278,1.160,1.358,0,NULL,NULL,,3,0,2,7,255,1055,250,0,0
stim,106377,136498,0,136498,3333834.455,-0.734,-0.406,-0.344,-0.421,0,0,22,0,0,0,0,105,58,1.300,1,2166,0,469.550,14.930,-374.813,-257.125,117.813,-0.547,1.137,-0.098,7.895,12.672,-17.258,2.184,2.352,1.160,1.358,0,NULL,NULL,,3,0,2,7,255,1055,250,0,0
stim,106407,136528,0,136528,3333839.454,-0.729,-0.415,-0.345,-0.420,0,0,21,0,0,0,0,105,58,1.300,1,2166,0,223.751,7.822,-173.063,-140.563,18.875,-0.453,-0.086,-0.313,6.660,4.102,-17.258,2.246,2.416,1.160,1.358,0,NULL,NULL,,3,0,2,7,255,1055,250,0,0
stim,106407,136528,0,136528,3333844.455,-0.729,-0.416,-0.347,-0.419,0,0,19,0,0,0,0,115,58,1.300,1,2166,0,63.611,4.688,13.250,-61.313,10.563,-0.672,-1.047,0.770,-2.270,4.102,-14.574,2.300,2.472,1.160,1.358,0,NULL,NULL,,3,0,2,7,255,1055,250,0,0
stim,106407,136528,0,136528,3333849.453,-0.729,-0.416,-0.345,-0.419,0,0,18,0,0,0,0,102,58,1.300,1,2166,0,45.426,14.300,-32.000,30.375,10.813,-0.980,-0.785,1.590,-12.957,6.051,-9.121,2.352,2.528,1.160,1.358,0,NULL,NULL,,3,0,2,7,255,1055,250,0,0
stim,106407,136528,0,136528,3333854.455,-0.728,-0.419,-0.338,-0.424,0,0,16,0,0,0,0,87,58,1.300,1,2166,0,209.900,18.044,-170.875,121.813,-4.625,-1.043,0.238,0.969,-12.957,12.559,-9.121,2.404,2.580,1.160,1.358,0,NULL,NULL,,3,0,2,7,255,1055,250,0,0
stim,106407,136528,0,136528,3333859.454,-0.727,-0.421,-0.329,-0.431,0,0,17,0,0,0,0,59,58,1.300,1,2166,0,253.563,12.959,-167.125,190.625,-5.063,-0.938,1.176,-0.020,-3.195,12.559,-15.383,2.450,2.630,1.160,1.358,0,NULL,NULL,,3,0,2,7,255,1055,250,0,0
stim,106407,136528,0,136528,3333864.455,-0.729,-0.418,-0.321,-0.436,0,0,16,0,0,0,0,45,58,1.300,1,2166,0,230.824,9.159,-48.375,225.688,2.188,-0.961,1.332,-0.027,6.613,6.336,-21.563,2.494,2.674,1.160,1.358,0,NULL,NULL,,3,0,2,7,255,1055,250,0,0
stim,106436,136557,0,136557,3333869.454,-0.733,-0.413,-0.314,-0.440,0,0,17,0,0,0,0,25,58,1.300,1,2166,0,247.737,9.159,22.563,246.625,-6.375,-1.027,0.746,0.648,6.613,6.336,-21.563,2.534,2.716,1.160,1.358,0,NULL,NULL,,3,0,2,7,255,1055,250,0,0
stim,106436,136557,0,136557,3333874.455,-0.736,-0.408,-0.306,-0.446,0,0,13,0,0,0,0,29,58,1.300,1,2166,0,262.389,11.444,-14.000,261.375,-18.313,-0.965,0.176,1.012,1.922,11.281,-17.730,2.580,2.764,1.160,1.358,0,NULL,NULL,,3,0,2,7,255,1055,250,0,0
stim,106436,136557,0,136557,3333879.453,-0.737,-0.405,-0.296,-0.452,0,0,15,0,0,0,0,31,58,1.300,1,2166,0,282.329,11.606,-81.313,270.000,-14.063,-0.789,0.098,0.715,-2.727,11.281,-13.434,2.628,2.814,1.160,1.358,0,NULL,NULL,,3,0,2,7,255,1055,250,0,0
stim,106436,136557,0,136557,3333884.455,-0.739,-0.402,-0.286,-0.459,0,0,9,0,0,0,0,37,58,1.300,1,2166,0,290.198,9.981,-99.375,272.625,3.875,-0.641,0.328,0.113,-2.727,9.602,-13.434,2.668,2.854,1.160,1.358,0,NULL,NULL,,3,0,2,7,255,1055,250,0,0
stim,106475,136596,0,136596,3333889.454,-0.741,-0.399,-0.275,-0.464,0,0,7,0,0,0,0,48,58,1.300,1,2166,0,278.864,4.461,-59.375,271.688,20.625,-0.598,0.480,-0.254,0.191,4.457,-15.336,2.698,2.888,1.160,1.358,0,NULL,NULL,,3,0,2,7,255,1055,250,0,0
stim,106475,136596,0,136596,3333894.455,-0.745,-0.394,-0.266,-0.468,0,0,8,0,0,0,0,61,58,1.300,1,2166,0,271.430,2.131,-4.875,269.938,28.000,-0.590,0.441,-0.293,1.406,1.602,-17.320,2.722,2.912,1.160,1.358,0,NULL,NULL,,3,0,2,7,255,1055,250,0,0
stim,106475,136596,0,136596,3333899.454,-0.749,-0.388,-0.258,-0.471,0,0,9,0,0,0,0,60,58,1.300,1,2166,0,275.338,2.131,30.125,271.938,30.875,-0.500,0.305,-0.152,1.406,1.602,-17.320,2.740,2.934,1.160,1.358,0,NULL,NULL,,3,0,2,7,255,1055,250,0,0
stim,106475,136596,0,136596,3333904.455,-0.754,-0.381,-0.249,-0.474,0,0,7,0,0,0,0,61,58,1.300,1,2166,0,283.082,1.942,43.875,275.500,48.063,-0.395,0.238,-0.074,0.520,1.871,-15.367,2.758,2.952,1.160,1.358,0,NULL,NULL,,3,0,2,7,255,1055,250,0,0
stim,106475,136596,0,136596,3333909.453,-0.759,-0.374,-0.240,-0.477,0,0,7,0,0,0,0,55,58,1.300,1,2166,0,290.740,1.982,60.438,278.438,57.875,-0.449,0.262,-0.082,0.359,1.949,-14.363,2.776,2.972,1.160,1.358,0,NULL,NULL,,3,0,2,7,255,1055,250,0,0
stim,106475,136596,0,136596,3333914.455,-0.764,-0.365,-0.232,-0.479,0,0,6,0,0,0,0,59,58,1.300,1,2166,0,298.664,2.341,88.375,279.563,56.875,-0.535,0.293,0.016,0.309,2.320,-14.363,2.794,2.994,1.160,1.358,0,NULL,NULL,,3,0,2,7,255,1055,250,0,0
stim,106475,136596,0,136596,3333919.454,-0.769,-0.356,-0.224,-0.481,0,0,10,0,0,0,0,53,58,1.300,1,2166,0,308.621,3.744,111.875,283.938,45.938,-0.465,0.230,0.203,0.211,3.738,-14.363,2.818,3.018,1.160,1.358,0,NULL,NULL,,3,0,2,7,255,1055,250,0,0
stim,106475,136596,0,136596,3333924.455,-0.775,-0.346,-0.216,-0.483,0,0,12,0,0,0,0,51,58,1.300,1,2166,0,315.790,4.712,119.938,287.563,51.438,-0.414,0.234,0.438,0.211,4.707,-12.453,2.844,3.046,1.160,1.358,0,NULL,NULL,,3,0,2,7,255,1055,250,0,0
stim,106498,136619,0,136619,3333929.453,-0.780,-0.337,-0.208,-0.484,0,0,9,0,0,0,0,49,58,1.300,1,2166,0,319.380,6.222,115.688,292.625,54.688,-0.453,0.301,0.617,0.289,6.215,-10.500,2.876,3.080,1.160,1.358,0,NULL,NULL,,3,0,2,7,255,1055,250,0,0
stim,106498,136619,0,136619,3333934.455,-0.785,-0.327,-0.199,-0.486,0,0,11,0,0,0,0,43,58,1.300,1,2166,0,320.481,7.982,110.875,296.875,47.750,-0.516,0.336,0.715,0.762,7.945,-9.637,2.912,3.120,1.160,1.358,0,NULL,NULL,,3,0,2,7,255,1055,250,0,0
stim,106498,136619,0,136619,3333939.454,-0.790,-0.317,-0.191,-0.489,0,0,13,0,0,0,0,41,58,1.300,1,2166,0,323.106,9.161,108.000,302.688,33.375,-0.504,0.289,0.816,0.762,9.129,-9.258,2.956,3.164,1.160,1.358,0,NULL,NULL,,3,0,2,7,255,1055,250,0,0
stim,106498,136619,0,136619,3333944.455,-0.794,-0.307,-0.182,-0.492,0,0,11,0,0,0,0,41,58,1.300,1,2166,0,325.610,9.604,99.688,309.125,22.938,-0.461,0.242,0.926,0.523,9.590,-8.039,3.002,3.212,1.160,1.358,0,NULL,NULL,,3,0,2,7,255,1055,250,0,0
stim,106498,136619,0,136619,3333949.454,-0.798,-0.297,-0.173,-0.495,0,0,7,0,0,0,0,41,58,1.300,1,2166,0,327.460,9.851,87.563,315.000,18.375,-0.441,0.234,0.973,0.469,9.840,-6.586,3.050,3.262,1.160,1.358,0,NULL,NULL,,3,0,2,7,255,1055,250,0,0
stim,106498,136619,0,136619,3333954.455,-0.801,-0.287,-0.163,-0.499,0,0,9,0,0,0,0,43,58,1.300,1,2166,0,330.766,9.894,76.313,321.688,10.000,-0.457,0.266,1.012,0.469,9.883,-5.844,3.098,3.314,1.160,1.358,0,NULL,NULL,,3,0,2,7,255,1055,250,0,0
stim,106526,136647,0,136647,3333959.453,-0.804,-0.278,-0.154,-0.503,0,0,12,0,0,0,0,44,58,1.300,1,2166,0,335.468,9.911,65.750,328.938,-3.938,-0.402,0.230,0.988,0.742,9.883,-5.473,3.148,3.364,1.160,1.358,0,NULL,NULL,,3,0,2,7,255,1055,250,0,0
stim,106526,136647,0,136647,3333964.455,-0.806,-0.268,-0.143,-0.507,0,0,13,0,0,0,0,45,58,1.300,1,2166,0,341.787,9.471,60.250,336.125,-14.438,-0.344,0.184,0.938,0.742,9.441,-4.973,3.194,3.412,1.160,1.358,0,NULL,NULL,,3,0,2,7,255,1055,250,0,0
stim,106526,136647,0,136647,3333969.453,-0.808,-0.258,-0.133,-0.512,0,0,9,0,0,0,0,45,58,1.300,1,2166,0,350.086,8.446,61.875,343.938,-20.938,-0.289,0.156,0.871,0.688,8.418,-4.668,3.240,3.460,1.160,1.358,0,NULL,NULL,,3,0,2,7,255,1055,250,0,0
stim,106526,136647,0,136647,3333974.455,-0.810,-0.248,-0.123,-0.517,0,0,5,0,0,0,0,47,58,1.300,1,2166,0,358.858,7.438,67.375,351.313,-28.625,-0.246,0.141,0.836,0.688,7.406,-4.617,3.280,3.502,1.160,1.358,0,NULL,NULL,,3,0,2,7,255,1055,250,0,0
stim,106526,136647,0,136647,3333979.454,-0.812,-0.237,-0.112,-0.522,0,0,0,0,0,0,0,50,58,1.300,1,2166,0,366.776,6.728,80.688,356.813,-26.438,-0.168,0.113,0.813,0.805,6.680,-4.457,3.318,3.542,1.160,1.358,0,NULL,NULL,,3,0,2,7,255,1055,250,0,0
stim,106526,136647,0,136647,3333984.455,-0.814,-0.225,-0.102,-0.526,0,0,0,0,0,0,0,51,58,1.300,1,2166,0,373.891,5.753,94.875,360.625,-27.250,-0.102,0.105,0.816,0.938,5.676,-4.051,3.350,3.574,1.160,1.358,0,NULL,NULL,,3,0,2,7,255,1055,250,0,0
stim,106572,136693,0,136693,3333989.453,-0.816,-0.213,-0.092,-0.530,0,0,0,0,0,0,0,53,58,1.300,1,2166,0,378.053,5.096,108.500,361.438,-22.688,-0.043,0.113,0.855,1.199,4.953,-3.527,3.374,3.600,1.160,1.358,0,NULL,NULL,,3,0,2,7,255,1055,250,0,0
stim,106572,136693,0,136693,3333994.455,-0.818,-0.200,-0.082,-0.534,0,0,0,0,0,0,0,51,58,1.300,1,2166,0,380.922,4.737,124.813,359.688,-12.188,-0.012,0.125,0.879,1.594,4.461,-2.859,3.392,3.620,1.160,1.358,0,NULL,NULL,,3,0,2,7,255,1055,250,0,0
stim,106572,136693,0,136693,3333999.454,-0.820,-0.186,-0.073,-0.537,0,0,0,0,0,0,0,53,58,1.300,1,2166,0,383.026,4.522,142.563,355.500,-2.063,0.004,0.137,0.945,1.895,4.105,-2.453,3.406,3.638,1.160,1.358,0,NULL,NULL,,3,0,2,7,255,1055,250,0,0
stim,106572,136693,0,136693,3334004.455,-0.822,-0.172,-0.064,-0.539,0,0,0,0,0,0,0,55,58,1.300,1,2166,0,385.069,4.634,157.875,351.063,10.438,0.008,0.172,1.043,2.148,4.105,-1.680,3.420,3.654,1.160,1.358,0,NULL,NULL,,3,0,2,7,255,1055,250,0,0
stim,106602,136723,0,136723,3334009.454,-0.824,-0.158,-0.056,-0.541,0,0,0,0,0,0,0,51,58,1.300,1,2166,0,387.341,4.890,169.813,347.625,18.813,0.004,0.207,1.133,2.582,4.152,-0.742,3.434,3.670,1.160,1.358,0,NULL,NULL,,3,0,2,7,255,1055,250,0,0
stim,106602,136723,0,136723,3334014.455,-0.827,-0.143,-0.047,-0.542,0,0,0,0,0,0,0,51,58,1.300,1,2166,0,390.276,5.157,181.438,344.375,28.313,-0.012,0.203,1.195,2.910,4.258,0.145,3.452,3.688,1.160,1.358,0,NULL,NULL,,3,0,2,7,255,1055,250,0,0
stim,106602,136723,0,136723,3334019.453,-0.829,-0.128,-0.040,-0.543,0,0,0,0,0,0,0,53,58,1.300,1,2166,0,395.399,5.196,197.563,340.750,34.625,-0.090,0.227,1.316,2.910,4.305,0.859,3.470,3.708,1.160,1.358,0,NULL,NULL,,3,0,2,7,255,1055,250,0,0
stim,106602,136723,0,136723,3334024.455,-0.831,-0.113,-0.032,-0.544,0,0,0,0,0,0,0,57,58,1.300,1,2166,0,398.171,5.743,208.250,337.688,33.750,-0.152,0.234,1.504,2.887,4.965,1.945,3.492,3.732,1.160,1.358,0,NULL,NULL,,3,0,2,7,255,1055,250,0,0
stim,106602,136723,0,136723,3334029.453,-0.833,-0.097,-0.025,-0.544,0,0,0,0,0,0,0,52,58,1.300,1,2166,0,396.656,6.245,210.000,335.063,31.125,-0.184,0.223,1.676,2.809,5.578,3.758,3.516,3.758,1.160,1.358,0,NULL,NULL,,3,0,2,7,255,1055,250,0,0
stim,106602,136723,0,136723,3334034.455,-0.835,-0.082,-0.018,-0.544,0,0,0,0,0,0,0,54,58,1.300,1,2166,0,391.652,6.234,204.938,332.375,30.313,-0.203,0.227,1.828,2.711,5.613,5.605,3.540,3.786,1.160,1.358,0,NULL,NULL,,3,0,2,7,255,1055,250,0,0
stim,106602,136723,0,136723,3334039.454,-0.836,-0.067,-0.010,-0.545,0,0,1,0,0,0,0,55,58,1.300,1,2166,0,384.410,6.234,196.750,329.000,28.625,-0.238,0.246,1.938,2.711,5.613,7.215,3.566,3.814,1.160,1.358,0,NULL,NULL,,3,0,2,7,255,1055,250,0,0
stim,106602,136723,0,136723,3334044.455,-0.837,-0.052,-0.003,-0.545,0,0,4,0,0,0,0,55,58,1.300,1,2166,0,375.371,6.217,187.063,324.563,23.875,-0.254,0.258,2.023,2.777,5.563,8.418,3.592,3.840,1.160,1.358,0,NULL,NULL,,3,0,2,7,255,1055,250,0,0
stim,106602,136723,0,136723,3334049.453,-0.837,-0.038,0.005,-0.545,0,0,3,0,0,0,0,55,58,1.300,1,2166,0,365.993,5.922,177.563,319.563,17.375,-0.234,0.227,2.059,2.777,5.230,9.410,3.614,3.866,1.160,1.358,0,NULL,NULL,,3,0,2,7,255,1055,250,0,0
stim,106602,136723,0,136723,3334054.455,-0.837,-0.024,0.012,-0.546,0,0,3,0,0,0,0,55,58,1.300,1,2166,0,359.224,5.047,172.938,314.625,12.063,-0.188,0.176,2.066,2.582,4.336,9.961,3.634,3.888,1.160,1.358,0,NULL,NULL,,3,0,2,7,255,1055,250,0,0
stim,106624,136745,0,136745,3334059.453,-0.837,-0.010,0.019,-0.546,0,0,2,0,0,0,0,55,58,1.300,1,2166,0,356.465,3.831,174.188,310.938,6.625,-0.129,0.113,2.086,2.266,3.090,10.238,3.650,3.906,1.160,1.358,0,NULL,NULL,,3,0,2,7,255,1055,250,0,0
stim,106624,136745,0,136745,3334064.455,-0.837,0.004,0.026,-0.547,0,0,3,0,0,0,0,56,58,1.300,1,2166,0,356.683,2.546,177.938,309.125,1.750,-0.059,0.023,2.094,1.910,1.684,10.523,3.660,3.918,1.160,1.358,0,NULL,NULL,,3,0,2,7,255,1055,250,0,0
stim,106624,136745,0,136745,3334069.454,-0.836,0.018,0.033,-0.547,0,0,4,0,0,0,0,59,58,1.300,1,2166,0,358.493,1.318,182.500,308.563,-0.438,0.020,-0.051,2.063,1.316,0.074,10.523,3.664,3.924,1.160,1.358,0,NULL,NULL,,3,0,2,7,255,1055,250,0,0
stim,106624,136745,0,136745,3334074.455,-0.835,0.032,0.040,-0.548,0,0,3,0,0,0,0,59,58,1.300,1,2166,0,365.098,1.741,194.250,309.125,-2.313,0.102,-0.117,1.984,0.828,-1.531,10.324,3.662,3.922,1.160,1.358,0,NULL,NULL,,3,0,2,7,255,1055,250,0,0
stim,106649,136770,0,136770,3334079.453,-0.834,0.047,0.046,-0.548,0,0,3,0,0,0,0,57,58,1.300,1,2166,0,378.444,3.102,218.000,309.313,-4.625,0.191,-0.184,1.945,0.414,-3.074,9.445,3.652,3.916,1.160,1.358,0,NULL,NULL,,3,0,2,7,255,1055,250,0,0
stim,106649,136770,0,136770,3334084.455,-0.832,0.064,0.051,-0.549,0,0,3,0,0,0,0,63,58,1.300,1,2166,0,397.282,4.727,250.188,308.500,-8.188,0.324,-0.230,2.004,0.004,-4.727,9.063,3.634,3.898,1.160,1.358,0,NULL,NULL,,3,0,2,7,255,1055,250,0,0
stim,106680,136801,0,136801,3334089.454,-0.830,0.081,0.055,-0.549,0,0,5,0,0,0,0,71,58,1.300,1,2166,0,418.531,6.813,283.563,307.563,-12.875,0.520,-0.234,2.156,0.004,-6.813,9.063,3.606,3.872,1.160,1.358,0,NULL,NULL,,3,0,2,7,255,1055,250,0,0
stim,106680,136801,0,136801,3334094.455,-0.827,0.100,0.059,-0.550,0,0,4,0,0,0,0,71,58,1.300,1,2166,0,437.683,9.445,311.313,307.188,-16.938,0.742,-0.199,2.340,0.465,-9.434,9.914,3.564,3.832,1.160,1.358,0,NULL,NULL,,3,0,2,7,255,1055,250,0,0
stim,106680,136801,0,136801,3334099.454,-0.824,0.119,0.062,-0.550,0,0,2,0,0,0,0,70,58,1.300,1,2166,0,452.220,12.436,331.750,306.875,-16.500,0.945,-0.172,2.527,1.344,-12.363,10.910,3.510,3.780,1.160,1.358,0,NULL,NULL,,3,0,2,7,255,1055,250,0,0
stim,106680,136801,0,136801,3334104.455,-0.821,0.139,0.065,-0.550,0,0,2,0,0,0,0,71,58,1.300,1,2166,0,460.178,15.374,343.875,305.563,-12.063,1.098,-0.160,2.703,1.945,-15.250,11.805,3.446,3.716,1.160,1.358,0,NULL,NULL,,3,0,2,7,255,1055,250,0,0
stim,106680,136801,0,136801,3334109.453,-0.817,0.158,0.068,-0.550,0,0,2,0,0,0,0,71,58,1.300,1,2166,0,462.548,17.937,347.063,305.563,-11.375,1.219,-0.152,2.844,2.176,-17.805,12.551,3.368,3.640,1.160,1.358,0,NULL,NULL,,3,0,2,7,255,1055,250,0,0
stim,106680,136801,0,136801,3334114.455,-0.813,0.178,0.070,-0.549,0,0,2,0,0,0,0,71,58,1.300,1,2166,0,459.735,20.192,346.250,302.125,-13.688,1.266,-0.105,3.000,2.180,-20.074,12.926,3.280,3.554,1.160,1.358,0,NULL,NULL,,3,0,2,7,255,1055,250,0,0
stim,106680,136801,0,136801,3334119.454,-0.809,0.197,0.073,-0.549,0,0,1,0,0,0,0,81,58,1.300,1,2166,0,448.092,21.788,336.500,295.063,-22.188,1.324,-0.035,3.195,2.207,-21.676,13.566,3.182,3.460,1.160,1.358,0,NULL,NULL,,3,0,2,7,255,1055,250,0,0
stim,106680,136801,0,136801,3334124.455,-0.804,0.214,0.076,-0.549,0,0,0,0,0,0,0,88,58,1.300,1,2166,0,422.014,23.654,309.438,284.438,-37.938,1.508,0.125,3.375,2.445,-23.527,14.566,3.076,3.354,1.160,1.358,0,NULL,NULL,,3,0,2,7,255,1055,250,0,0
stim,106680,136801,0,136801,3334129.453,-0.799,0.230,0.080,-0.550,0,0,0,0,0,0,0,93,58,1.300,1,2166,0,383.213,26.394,263.438,272.688,-55.625,1.852,0.258,3.375,3.941,-26.098,14.566,2.956,3.238,1.160,1.358,0,NULL,NULL,,3,0,2,7,255,1055,250,0,0
stim,106680,136801,0,136801,3334134.455,-0.794,0.243,0.084,-0.550,0,0,0,0,0,0,0,109,58,1.300,1,2166,0,338.855,29.953,210.250,259.375,-57.813,2.238,0.195,3.180,6.012,-29.344,13.348,2.826,3.110,1.160,1.358,0,NULL,NULL,,3,0,2,7,255,1055,250,0,0
stim,106707,136828,0,136828,3334139.454,-0.791,0.254,0.089,-0.550,0,0,0,0,0,0,0,126,58,1.300,1,2166,0,296.086,33.013,162.438,243.563,-44.250,2.547,-0.039,2.867,6.012,-32.461,9.207,2.684,2.970,1.160,1.358,0,NULL,NULL,,3,0,2,7,255,1055,250,0,0
stim,106707,136828,0,136828,3334144.455,-0.787,0.264,0.094,-0.549,0,0,0,0,0,0,0,160,58,1.300,1,2166,0,261.639,35.091,126.438,227.063,-30.188,2.777,-0.266,2.469,5.934,-34.586,3.836,2.534,2.822,1.160,1.358,0,NULL,NULL,,3,0,2,7,255,1055,250,0,0
stim,106707,136828,0,136828,3334149.454,-0.785,0.272,0.099,-0.548,0,0,0,0,0,0,0,184,58,1.300,1,2166,0,236.020,35.728,105.375,210.188,-20.563,3.004,-0.414,2.043,5.121,-35.359,-1.902,2.380,2.670,1.160,1.358,0,NULL,NULL,,3,0,2,7,255,1055,250,0,0
stim,106707,136828,0,136828,3334154.455,-0.782,0.280,0.104,-0.547,0,0,0,0,0,0,0,213,58,1.300,1,2166,0,217.496,35.852,101.375,192.125,-10.750,3.266,-0.520,1.652,5.121,-35.484,-7.551,2.220,2.514,1.160,1.358,0,NULL,NULL,,3,0,2,7,255,1055,250,0,0
stim,106707,136828,0,136828,3334159.453,-0.780,0.288,0.107,-0.545,0,0,0,0,0,0,0,245,58,1.300,1,2166,0,203.396,36.138,109.250,171.563,0.875,3.551,-0.703,1.313,5.359,-35.738,-12.898,2.056,2.352,1.160,1.358,0,NULL,NULL,,3,0,2,7,255,1055,250,0,0
stim,106707,136828,0,136828,3334164.455,-0.778,0.296,0.109,-0.543,0,0,0,0,0,0,0,267,58,1.300,1,2166,0,204.744,36.880,134.813,152.500,22.125,3.777,-0.949,0.977,5.359,-36.488,-18.137,1.886,2.184,1.160,1.358,0,NULL,NULL,,3,0,2,7,255,1055,250,0,0
stim,106737,136858,0,136858,3334169.454,-0.776,0.305,0.109,-0.542,0,0,0,0,0,0,0,281,58,1.300,1,2166,0,215.984,37.048,172.813,124.688,35.188,3.801,-1.480,0.969,4.504,-36.773,-23.234,1.712,2.010,1.160,1.358,0,NULL,NULL,,3,0,2,7,255,1055,250,0,0
stim,106737,136858,0,136858,3334174.455,-0.774,0.314,0.107,-0.540,0,0,0,0,0,0,0,293,58,1.300,1,2166,0,222.588,38.000,196.625,91.938,49.313,3.898,-2.004,1.066,-0.039,-38.000,-25.648,1.532,1.832,1.160,1.358,0,NULL,NULL,,3,0,2,7,255,1055,250,0,0
stim,106737,136858,0,136858,3334179.454,-0.772,0.324,0.102,-0.538,0,0,0,0,0,0,0,299,58,1.300,1,2166,0,250.987,39.024,235.375,53.938,68.438,3.582,-1.801,1.328,-4.055,-38.813,-25.648,1.346,1.650,1.160,1.358,0,NULL,NULL,,3,0,2,7,255,1055,250,0,0
stim,106737,136858,0,136858,3334184.455,-0.769,0.335,0.095,-0.536,0,0,0,0,0,0,0,298,58,1.300,1,2166,0,317.231,39.280,302.250,25.813,92.813,3.539,-1.313,1.633,-4.055,-39.070,-23.895,1.156,1.462,1.160,1.358,0,NULL,NULL,,3,0,2,7,255,1055,250,0,0
stim,106775,136896,0,136896,3334189.453,-0.768,0.346,0.085,-0.533,0,0,0,0,0,0,0,285,58,1.300,1,2166,0,339.726,39.110,315.125,-15.813,125.938,3.211,-1.109,2.523,-1.758,-39.070,-20.063,0.964,1.272,1.160,1.358,0,NULL,NULL,,3,0,2,7,255,1055,250,0,0
stim,106775,136896,0,136896,3334194.455,-0.767,0.353,0.076,-0.530,0,0,0,0,0,0,0,271,58,1.300,1,2166,0,266.908,40.421,233.563,-52.438,118.063,2.512,-0.539,3.391,-1.758,-40.383,-11.297,0.774,1.084,1.160,1.358,0,NULL,NULL,,3,0,2,7,255,1055,250,0,0
stim,106775,136896,0,136896,3334199.454,-0.768,0.354,0.070,-0.530,0,0,0,0,0,0,0,425,58,1.300,1,2166,0,136.929,40.421,78.250,-91.438,65.313,1.984,-0.023,3.762,-1.758,-40.383,0.793,0.584,0.894,1.160,1.358,0,NULL,NULL,,3,0,2,7,255,1055,250,0,0
stim,106775,136896,0,136896,3334204.455,-0.770,0.359,0.053,-0.525,49,0,0,319,0,85,0,501,58,1.300,1,2166,0,426.024,40.071,266.688,-209.000,258.250,0.648,-0.988,5.586,-1.863,-40.027,8.469,0.392,0.702,1.160,1.358,0,NULL,NULL,,3,0,2,7,255,1055,250,0,0
stim,106775,136896,0,136896,3334209.453,-0.778,0.363,0.031,-0.513,743,0,0,997,0,275,0,557,58,1.300,1,2166,0,605.558,41.177,253.250,-271.188,478.563,0.270,1.793,8.719,-9.660,-40.027,23.836,0.210,0.510,1.160,1.358,0,NULL,NULL,,3,0,2,7,255,1055,250,0,0
stim,106775,136896,0,136896,3334214.455,-0.798,0.330,0.043,-0.502,1237,0,0,1415,0,527,0,611,58,1.300,1,2166,0,938.195,41.177,-884.438,-104.313,295.125,-1.309,2.656,4.660,-9.660,-40.027,43.523,0.150,0.364,1.160,1.358,0,NULL,NULL,,3,0,2,7,255,1055,250,0,0
stim,106775,136896,0,136896,3334219.453,-0.818,0.285,0.062,-0.496,1708,0,0,1765,0,842,0,668,58,1.300,1,2166,0,1228.241,9.357,-1210.688,-150.313,142.188,-0.957,3.988,-0.273,4.578,-8.160,43.523,0.194,0.316,1.160,1.358,0,NULL,NULL,,3,0,2,7,255,1055,250,0,0
stim,106775,136896,0,136896,3334224.455,-0.829,0.255,0.075,-0.493,2055,0,0,1925,0,1035,0,749,57,1.300,1,2167,0,793.918,28.162,-785.938,-91.250,65.438,-1.633,2.637,-2.648,16.637,22.723,6.352,0.236,0.334,1.160,1.358,1,1051.000,-4.000,,3,0,2,7,255,1055,250,0,0
stim,106806,136927,1,136927,3334229.454,-0.832,0.240,0.078,-0.493,2246,0,0,2071,0,1255,0,825,57,1.300,1,2167,0,348.892,28.162,-325.875,-123.188,-18.875,-1.391,0.148,-2.039,16.637,22.723,-18.039,0.258,0.376,1.160,1.358,1,NULL,NULL,,3,1,2,7,255,1055,250,0,0
stim,106806,136927,1,136927,3334234.455,-0.832,0.235,0.075,-0.497,2406,0,0,2157,0,1419,0,924,57,1.300,1,2167,0,153.563,20.929,-56.875,-129.000,-60.875,-0.273,-0.387,0.621,-4.059,20.531,-18.039,0.270,0.414,1.160,1.358,1,NULL,NULL,,3,1,2,7,255,1055,250,0,0
stim,106806,136927,1,136927,3334239.454,-0.833,0.231,0.072,-0.497,2509,0,0,2231,0,1575,0,1070,57,1.300,1,2167,0,116.634,4.660,-46.563,-106.750,6.313,0.395,1.430,1.410,-4.059,-2.289,-4.543,0.280,0.446,1.160,1.358,2,NULL,NULL,,3,1,2,7,255,1055,250,0,0
stim,106806,136927,1,136927,3334244.455,-0.836,0.225,0.070,-0.495,2675,0,0,2459,0,1699,0,1125,57,1.300,1,2167,0,181.909,12.992,-129.313,-100.688,78.938,0.035,2.082,1.602,12.789,-2.289,5.160,0.288,0.468,1.160,1.358,2,NULL,NULL,,3,1,2,7,255,1055,250,0,0
stim,106806,136927,1,136927,3334249.453,-0.840,0.214,0.071,-0.493,2813,0,0,2661,0,1736,0,1223,57,1.300,1,2167,0,270.170,12.875,-242.250,-106.313,54.813,-1.043,0.570,1.316,12.789,1.488,6.746,0.282,0.484,1.160,1.358,2,NULL,NULL,,3,1,2,7,255,1055,250,0,0
stim,106806,136927,1,136927,3334254.455,-0.846,0.199,0.071,-0.490,2909,0,0,2789,0,1771,0,1363,57,1.300,1,2167,0,373.112,5.312,-326.375,-159.250,85.625,-1.918,-1.617,0.160,-1.246,5.164,6.746,0.256,0.490,1.160,1.358,2,NULL,NULL,,3,1,2,7,255,1055,250,0,0
stim,106826,136947,1,136947,3334259.454,-0.847,0.186,0.072,-0.493,2969,0,0,2892,0,1805,0,1515,57,1.300,1,2167,0,304.318,23.946,-253.000,-155.063,-67.500,-1.559,-1.887,-0.211,-23.383,5.164,-6.203,0.220,0.486,1.160,1.358,2,NULL,NULL,,3,1,2,7,255,1055,250,0,0
stim,106826,136947,1,136947,3334264.455,-0.846,0.178,0.068,-0.499,3014,0,0,2961,0,1833,0,1597,57,1.300,1,2167,0,236.418,23.826,-96.125,-171.063,-131.875,-0.477,-1.445,0.176,-23.383,4.574,-9.707,0.182,0.470,1.160,1.358,2,NULL,NULL,,3,1,2,7,255,1055,250,0,0
stim,106826,136947,1,136947,3334269.453,-0.844,0.173,0.063,-0.504,3038,0,0,3019,0,1865,0,1631,57,1.300,1,2167,0,202.690,15.113,-18.375,-170.375,-108.250,0.238,-0.918,1.180,-14.766,-3.223,-9.707,0.140,0.436,1.160,1.358,2,NULL,NULL,,3,1,2,7,255,1055,250,0,0
stim,106826,136947,1,136947,3334274.455,-0.843,0.169,0.059,-0.507,3059,0,0,3061,0,1899,0,1644,57,1.300,1,2167,0,166.919,12.326,-35.188,-151.438,-60.750,0.746,-1.020,1.676,-7.293,-9.938,-1.414,0.098,0.382,1.160,1.358,2,NULL,NULL,,3,1,2,7,255,1055,250,0,0
stim,106826,136947,1,136947,3334279.453,-0.845,0.161,0.055,-0.506,3081,0,0,3099,0,1947,0,1627,57,1.300,1,2167,0,184.509,17.577,-108.000,-145.625,34.250,1.055,-1.445,1.727,-7.293,-15.992,0.914,0.076,0.316,1.160,1.358,2,NULL,NULL,,3,1,2,7,255,1055,250,0,0
stim,106826,136947,1,136947,3334284.455,-0.851,0.152,0.053,-0.500,3093,0,0,3124,0,2022,0,1624,57,1.300,1,2167,0,281.760,19.352,-180.813,-140.125,164.500,0.809,-1.574,1.262,-8.219,-17.520,0.914,0.102,0.252,1.160,1.358,2,NULL,NULL,,3,1,2,7,255,1055,250,0,0
stim,106871,136992,1,136992,3334289.454,-0.857,0.144,0.051,-0.492,3103,0,0,3147,0,2089,37,1662,57,1.300,1,2167,0,315.281,19.641,-167.000,-132.563,232.250,-0.125,-0.953,0.527,-8.879,-17.520,-2.648,0.142,0.204,1.160,1.358,2,NULL,NULL,,3,1,2,7,255,1055,250,0,0
stim,106871,136992,1,136992,3334294.455,-0.862,0.138,0.047,-0.486,3109,0,0,3161,0,2156,58,1700,57,1.300,1,2167,0,243.507,10.196,-103.625,-134.563,174.500,-1.012,-0.234,0.750,-8.879,-5.012,-2.648,0.170,0.182,1.160,1.358,2,NULL,NULL,,3,1,2,7,255,1055,250,0,0
stim,106871,136992,1,136992,3334299.454,-0.864,0.132,0.043,-0.484,3115,0,0,3161,0,2261,85,1838,57,1.300,1,2167,0,168.025,8.970,-67.813,-137.938,67.875,-0.590,0.539,0.746,-7.441,5.008,-0.973,0.188,0.178,1.160,1.358,2,NULL,NULL,,3,1,2,7,255,1055,250,0,0
stim,106871,136992,1,136992,3334304.455,-0.865,0.128,0.038,-0.483,3113,0,0,3177,0,2329,255,2007,57,1.300,1,2167,0,151.444,5.139,-54.063,-138.500,28.813,-0.273,0.539,1.328,1.152,5.008,-0.750,0.198,0.176,1.160,1.358,2,NULL,NULL,,3,1,2,7,255,1055,250,0,0
stim,106871,136992,1,136992,3334309.453,-0.866,0.122,0.036,-0.483,3113,0,0,3177,3,2375,281,2123,57,1.300,1,2167,0,137.290,2.403,-80.188,-111.438,0.500,-0.039,0.316,2.125,1.715,1.684,4.133,0.210,0.172,1.160,1.358,2,NULL,NULL,,3,1,2,7,255,1055,250,0,0
stim,106871,136992,1,136992,3334314.455,-0.866,0.118,0.036,-0.485,3119,0,0,3179,246,2403,279,2203,57,1.300,1,2167,0,110.610,3.908,-90.125,-51.375,-38.375,0.707,0.195,1.375,2.555,-2.957,4.133,0.224,0.162,1.160,1.358,2,NULL,NULL,,3,1,2,7,255,1055,250,0,0
stim,106902,137023,1,137023,3334319.454,-0.866,0.115,0.035,-0.485,3116,0,0,3181,489,2423,302,2259,57,1.300,1,2167,0,64.054,6.922,-41.563,-48.188,-7.313,0.773,0.762,1.102,4.855,-4.934,2.375,0.242,0.148,1.160,1.358,2,NULL,NULL,,3,1,2,7,255,1055,250,0,0
stim,106902,137023,1,137023,3334324.455,-0.866,0.113,0.034,-0.487,3117,0,0,3183,637,2443,343,2315,57,1.300,1,2167,0,63.166,6.922,-43.563,-32.500,-32.188,-0.066,0.422,1.934,4.855,-4.934,2.375,0.262,0.128,1.160,1.358,2,NULL,NULL,,3,1,2,7,255,1055,250,0,0
stim,106902,137023,1,137023,3334329.453,-0.865,0.107,0.037,-0.488,3115,0,0,3183,821,2458,351,2363,57,1.300,1,2167,0,145.578,5.377,-136.688,-14.750,-47.875,0.172,-0.176,1.145,2.668,-4.668,0.691,0.280,0.106,1.160,1.358,2,NULL,NULL,,3,1,2,7,255,1055,250,0,0
stim,106902,137023,1,137023,3334334.455,-0.866,0.102,0.039,-0.489,3115,0,0,3183,987,2463,347,2397,57,1.300,1,2167,0,124.805,2.439,-123.313,-15.188,-11.813,-0.086,-0.336,0.637,-0.852,-2.285,0.691,0.294,0.086,1.160,1.358,2,NULL,NULL,,3,1,2,7,255,1055,250,0,0
stim,106902,137023,1,137023,3334339.454,-0.865,0.099,0.040,-0.490,3116,21,0,3183,1135,2473,363,2425,57,1.300,1,2167,0,71.947,3.576,-60.500,-12.688,-36.813,-0.297,-0.137,0.703,-2.750,-2.285,-2.695,0.302,0.072,1.160,1.358,2,NULL,NULL,,3,1,2,7,255,1055,250,0,0
stim,106902,137023,1,137023,3334344.455,-0.864,0.098,0.040,-0.492,3114,31,0,3187,1223,2479,373,2457,57,1.300,1,2167,0,66.612,2.968,-21.438,-13.125,-61.688,-0.035,0.086,0.934,-2.750,-1.117,-2.695,0.310,0.062,1.160,1.358,2,NULL,NULL,,3,1,2,7,255,1055,250,0,0
stim,106902,137023,1,137023,3334349.454,-0.863,0.096,0.040,-0.494,3113,47,0,3187,1305,2491,380,2459,57,1.300,1,2167,0,64.619,1.123,-33.438,-10.375,-54.313,0.043,-0.004,1.180,0.109,-1.117,-0.688,0.316,0.056,1.160,1.358,2,NULL,NULL,,3,1,2,7,255,1055,250,0,0
stim,106902,137023,1,137023,3334354.455,-0.863,0.094,0.042,-0.496,3113,87,0,3187,1397,2503,380,2487,57,1.300,1,2167,0,73.622,2.623,-64.563,-5.188,-35.000,0.008,-0.109,1.070,0.109,-2.621,0.379,0.322,0.052,1.160,1.358,2,NULL,NULL,,3,1,2,7,255,1055,250,0,0
stim,106924,137045,1,137045,3334359.453,-0.862,0.091,0.043,-0.497,3117,109,0,3191,1459,2508,379,2507,57,1.300,1,2167,0,72.273,2.692,-64.625,-3.313,-32.188,-0.109,-0.008,0.887,-0.613,-2.621,0.379,0.330,0.044,1.160,1.358,2,NULL,NULL,,3,1,2,7,255,1055,250,0,0
stim,106924,137045,1,137045,3334364.455,-0.861,0.089,0.044,-0.498,3115,117,0,3189,1553,2517,373,2518,57,1.300,1,2167,0,62.101,0.996,-42.625,-3.000,-45.063,-0.152,0.070,0.883,-0.613,-0.785,-1.012,0.338,0.038,1.160,1.358,2,NULL,NULL,,3,1,2,7,255,1055,250,0,0
stim,106924,137045,1,137045,3334369.453,-0.860,0.088,0.044,-0.500,3117,133,0,3192,1607,2520,367,2530,57,1.300,1,2167,0,58.403,0.793,-26.000,-3.375,-52.188,-0.078,0.043,0.996,-0.113,-0.785,-1.012,0.344,0.032,1.160,1.358,2,NULL,NULL,,3,1,2,7,255,1055,250,0,0
stim,106924,137045,1,137045,3334374.455,-0.859,0.086,0.045,-0.502,3117,147,0,3191,1647,2524,371,2537,57,1.300,1,2167,0,52.861,0.955,-26.438,-1.500,-45.750,0.043,0.000,1.094,0.059,-0.953,-0.063,0.350,0.026,1.160,1.358,2,NULL,NULL,,3,1,2,7,255,1055,250,0,0
stim,106946,137067,1,137067,3334379.454,-0.859,0.085,0.046,-0.503,3115,158,0,3191,1689,2527,362,2543,57,1.300,1,2167,0,42.345,2.024,-31.875,-0.313,-27.875,0.027,0.016,1.027,0.313,-2.000,0.074,0.356,0.022,1.160,1.358,2,NULL,NULL,,3,1,2,7,255,1055,250,0,0
stim,106946,137067,1,137067,3334384.455,-0.859,0.084,0.046,-0.504,3116,169,0,3189,1715,2531,335,2549,57,1.300,1,2167,0,35.766,2.024,-30.125,1.063,-19.250,-0.063,-0.004,0.988,0.313,-2.000,0.074,0.362,0.018,1.160,1.358,2,NULL,NULL,,3,1,2,7,255,1055,250,0,0
stim,106985,137106,1,137106,3334389.454,-0.858,0.083,0.047,-0.504,3116,173,0,3191,1741,2533,329,2551,57,1.300,1,2167,0,31.018,1.279,-24.063,1.688,-19.500,-0.117,-0.055,0.953,-0.211,-1.262,-0.191,0.370,0.014,1.160,1.358,2,NULL,NULL,,3,1,2,7,255,1055,250,0,0
stim,106985,137106,1,137106,3334394.455,-0.858,0.082,0.047,-0.505,3115,175,2,3189,1751,2533,335,2549,57,1.300,1,2167,0,26.566,1.325,-15.063,1.750,-21.813,-0.109,-0.055,0.965,-0.816,-1.043,-0.340,0.376,0.008,1.160,1.358,2,NULL,NULL,,3,1,2,7,255,1055,250,0,0
stim,106985,137106,1,137106,3334399.454,-0.858,0.081,0.048,-0.506,3112,182,7,3189,1769,2531,326,2549,57,1.300,1,2167,0,20.833,1.321,-8.125,1.500,-19.125,-0.086,0.000,0.996,-0.816,-1.039,-0.340,0.382,0.004,1.160,1.358,2,NULL,NULL,,3,1,2,7,255,1055,250,0,0
stim,106985,137106,1,137106,3334404.455,-0.857,0.081,0.048,-0.506,3111,183,42,3183,1781,2531,307,2549,57,1.300,1,2167,0,15.076,1.061,-4.813,1.688,-14.188,-0.082,0.023,1.020,-0.215,-1.039,-0.066,0.000,0.000,1.160,1.358,2,NULL,NULL,,3,1,2,7,255,1055,250,0,0
stim,106985,137106,1,137106,3334409.454,-0.857,0.081,0.048,-0.507,3109,173,61,3181,1791,2529,303,2547,57,1.300,1,2167,0,10.793,0.993,-5.375,0.938,-9.313,-0.098,0.027,1.031,-0.039,-0.992,0.176,0.000,0.000,1.160,1.358,2,NULL,NULL,,3,1,2,7,255,1055,250,0,0
stim,106985,137106,1,137106,3334414.455,-0.857,0.081,0.048,-0.507,3103,175,112,3177,1802,2524,286,2544,57,1.297,1,2167,1,9.549,0.863,-5.500,0.938,-7.750,-0.113,0.047,1.016,0.016,-0.863,0.207,0.000,0.000,1.163,1.369,2,NULL,NULL,,3,1,2,7,255,1055,250,0,0
stim,106985,137106,1,137106,3334419.454,-0.857,0.080,0.048,-0.507,3099,173,137,3173,1803,2521,271,2546,57,1.297,1,2167,1,7.091,0.603,-3.625,0.625,-6.063,-0.129,0.043,1.000,-0.039,-0.602,0.207,0.006,0.004,1.163,1.369,2,NULL,NULL,,3,1,2,7,255,1055,250,0,0
stim,106985,137106,1,137106,3334424.455,-0.857,0.080,0.048,-0.507,3095,171,150,3165,1815,2517,269,2543,57,1.297,1,2167,1,4.960,0.457,-1.063,-0.563,-4.813,-0.152,0.043,0.992,-0.059,-0.453,0.082,0.012,0.010,1.163,1.369,2,NULL,NULL,,3,1,2,7,255,1055,250,0,0
stim,106985,137106,1,137106,3334429.453,-0.857,0.080,0.048,-0.507,3089,167,157,3159,1819,2515,265,2542,57,1.297,1,2167,1,5.509,0.272,0.750,-1.875,-5.125,-0.160,0.059,0.996,-0.059,-0.266,0.082,0.018,0.014,1.163,1.369,2,NULL,NULL,,3,1,2,7,255,1055,250,0,0
stim,106985,137106,1,137106,3334434.455,-0.856,0.080,0.048,-0.508,3079,165,169,3151,1826,2511,269,2543,57,1.297,1,2167,1,6.894,0.181,1.688,-3.188,-5.875,-0.156,0.055,0.996,-0.066,-0.168,0.086,0.024,0.018,1.163,1.369,2,NULL,NULL,,3,1,2,7,255,1055,250,0,0
stim,107006,137127,1,137127,3334439.454,-0.856,0.080,0.048,-0.508,3063,149,180,3143,1831,2506,275,2549,57,1.297,1,2167,1,6.714,0.181,1.625,-4.250,-4.938,-0.141,0.047,0.992,-0.066,-0.168,0.086,0.028,0.020,1.163,1.369,2,NULL,NULL,,3,1,2,7,255,1055,250,0,0
stim,107006,137127,1,137127,3334444.455,-0.856,0.080,0.047,-0.508,3053,143,200,3131,1836,2495,268,2543,57,1.297,1,2167,1,6.233,0.334,1.750,-5.313,-2.750,-0.137,0.039,0.980,-0.094,-0.320,0.035,0.032,0.024,1.163,1.369,2,NULL,NULL,,3,1,2,7,255,1055,250,0,0
stim,107006,137127,1,137127,3334449.454,-0.856,0.080,0.047,-0.508,3049,136,199,3125,1836,2495,268,2540,57,1.297,1,2167,1,6.976,0.345,3.063,-6.188,-1.000,-0.141,0.043,0.973,-0.129,-0.320,-0.105,0.036,0.026,1.163,1.369,2,NULL,NULL,,3,1,2,7,255,1055,250,0,0
stim,107006,137127,1,137127,3334454.455,-0.856,0.080,0.047,-0.508,3033,125,207,3110,1843,2477,275,2548,57,1.297,1,2167,1,8.167,0.331,4.063,-7.063,-0.563,-0.148,0.047,0.977,-0.129,-0.305,-0.117,0.040,0.030,1.163,1.369,2,NULL,NULL,,3,1,2,7,255,1055,250,0,0
stim,107035,137156,1,137156,3334459.453,-0.856,0.080,0.046,-0.508,3015,126,207,3119,1861,2477,271,2541,57,1.297,1,2167,1,9.672,0.251,5.125,-8.188,-0.500,-0.156,0.051,0.980,-0.137,-0.211,-0.117,0.042,0.030,1.163,1.369,2,NULL,NULL,,3,1,2,7,255,1055,250,0,0
stim,107035,137156,1,137156,3334464.455,-0.856,0.080,0.046,-0.508,3004,117,211,3087,1875,2475,282,2555,57,1.297,1,2167,1,11.317,0.177,6.250,-9.375,-1.063,-0.176,0.070,0.984,-0.125,-0.125,-0.059,0.044,0.032,1.163,1.369,2,NULL,NULL,,3,1,2,7,255,1055,250,0,0
stim,107035,137156,1,137156,3334469.453,-0.856,0.080,0.045,-0.508,2990,109,232,3066,1890,2471,291,2567,57,1.297,1,2167,1,13.370,0.129,7.438,-10.625,-3.250,-0.191,0.094,0.984,-0.074,0.105,0.000,0.046,0.032,1.163,1.369,2,NULL,NULL,,3,1,2,7,255,1055,250,0,0
stim,107035,137156,1,137156,3334474.455,-0.856,0.080,0.045,-0.509,2971,105,245,3051,1908,2471,301,2575,57,1.297,1,2167,1,15.247,0.347,7.688,-11.875,-5.688,-0.180,0.117,0.996,0.047,0.344,0.059,0.048,0.030,1.163,1.369,2,NULL,NULL,,3,1,2,7,255,1055,250,0,0
stim,107035,137156,0,137156,3334479.454,-0.856,0.080,0.044,-0.509,2953,110,292,3033,1929,2464,325,2581,57,1.297,1,2167,1,16.005,0.475,6.000,-12.875,-7.375,-0.172,0.145,1.012,0.297,0.371,0.152,0.046,0.030,1.163,1.369,2,NULL,NULL,,3,0,2,7,255,1060,250,0,0
stim,107035,137156,0,137156,3334484.455,-0.856,0.080,0.043,-0.509,2931,119,341,3013,1957,2468,337,2589,57,1.297,1,2167,1,17.053,0.681,3.563,-13.750,-9.438,-0.172,0.184,1.027,0.555,0.395,0.320,0.046,0.028,1.163,1.369,2,NULL,NULL,,3,0,2,7,255,1060,250,0,0
stim,107035,137156,0,137156,3334489.453,-0.855,0.080,0.043,-0.510,2909,125,403,2997,1995,2471,352,2614,57,1.297,1,2167,1,19.102,1.043,1.563,-14.250,-12.625,-0.160,0.219,1.043,0.891,0.543,0.504,0.044,0.026,1.163,1.369,2,NULL,NULL,,3,0,2,7,255,1060,250,0,0
stim,107086,137207,0,137207,3334494.454,-0.855,0.080,0.042,-0.510,2887,137,477,2987,2031,2475,399,2621,57,1.297,1,2167,1,20.551,1.349,0.000,-14.625,-14.438,-0.137,0.219,1.039,1.234,0.543,0.566,0.042,0.022,1.163,1.369,2,NULL,NULL,,3,0,2,7,255,1060,250,0,0
stim,107086,137207,0,137207,3334499.455,-0.855,0.079,0.042,-0.511,2857,141,549,2963,2075,2478,407,2629,57,1.297,1,2167,1,20.332,1.424,-2.250,-14.750,-13.813,-0.129,0.223,1.023,1.359,0.426,0.566,0.040,0.020,1.163,1.369,2,NULL,NULL,,3,0,2,7,255,1060,250,0,0
stim,107086,137207,0,137207,3334504.455,-0.855,0.079,0.041,-0.511,2830,153,617,2940,2121,2483,470,2638,57,1.297,1,2167,1,20.877,1.424,-4.313,-14.875,-14.000,-0.148,0.215,1.027,1.359,0.426,0.477,0.040,0.018,1.163,1.369,2,NULL,NULL,,3,0,2,7,255,1060,250,0,0
stim,107086,137207,0,137207,3334509.454,-0.854,0.079,0.041,-0.512,2792,169,697,2913,2183,2477,509,2653,57,1.297,1,2167,1,24.813,1.359,-6.250,-14.438,-19.188,-0.160,0.191,1.020,1.246,0.543,0.422,0.036,0.014,1.163,1.369,2,NULL,NULL,,3,0,2,7,255,1060,250,0,0
stim,107086,137207,0,137207,3334514.455,-0.854,0.078,0.040,-0.513,2765,180,789,2892,2247,2475,564,2667,57,1.297,1,2167,1,28.502,1.134,-7.313,-14.375,-23.500,-0.148,0.180,1.008,0.996,0.543,0.414,0.032,0.010,1.163,1.369,2,NULL,NULL,,3,0,2,7,255,1060,250,0,0
stim,107086,137207,0,137207,3334519.453,-0.853,0.077,0.040,-0.514,2731,203,896,2868,2299,2477,693,2684,57,1.297,1,2167,1,31.571,1.026,-8.438,-14.375,-26.813,-0.148,0.164,1.004,0.926,0.441,0.250,0.028,0.012,1.163,1.369,2,NULL,NULL,,3,0,2,7,255,1060,250,0,0
stim,107086,137207,0,137207,3334524.455,-0.853,0.077,0.040,-0.515,2684,231,1056,2847,2341,2475,823,2687,57,1.297,1,2167,1,35.556,0.929,-9.750,-14.563,-30.938,-0.156,0.156,1.016,0.828,0.422,0.250,0.024,0.016,1.163,1.369,2,NULL,NULL,,3,0,2,7,255,1060,250,0,0
stim,107086,137207,0,137207,3334529.453,-0.852,0.076,0.039,-0.517,2643,245,1181,2833,2392,2484,930,2713,57,1.297,1,2167,1,43.304,0.833,-14.625,-14.250,-38.188,-0.188,0.168,1.039,0.719,0.422,0.340,0.022,0.020,1.163,1.369,2,NULL,NULL,,3,0,2,7,255,1060,250,0,0
stim,107086,137207,0,137207,3334534.455,-0.851,0.075,0.039,-0.518,2582,261,1324,2811,2451,2484,1098,2729,57,1.297,1,2167,1,56.109,0.986,-22.500,-14.500,-49.313,-0.191,0.168,1.027,0.680,0.715,0.484,0.020,0.026,1.163,1.369,2,NULL,NULL,,3,0,2,7,255,1060,250,0,0
stim,107104,137225,0,137225,3334539.454,-0.850,0.073,0.040,-0.521,2511,263,1477,2788,2493,2503,1207,2735,57,1.297,1,2167,1,66.522,0.984,-28.500,-15.313,-58.125,-0.168,0.125,1.016,0.676,0.715,0.484,0.018,0.032,1.163,1.369,2,NULL,NULL,,3,0,2,7,255,1060,250,0,0
stim,107104,137225,0,137225,3334544.455,-0.848,0.072,0.040,-0.523,2447,283,1638,2758,2540,2491,1363,2765,57,1.297,1,2167,1,72.472,0.624,-33.250,-16.000,-62.375,-0.152,0.047,0.992,0.449,0.434,0.348,0.018,0.036,1.163,1.369,2,NULL,NULL,,3,0,2,7,255,1060,250,0,0
stim,107104,137225,0,137225,3334549.453,-0.847,0.070,0.040,-0.525,2381,305,1768,2724,2585,2503,1467,2767,57,1.297,1,2167,1,74.841,0.160,-35.938,-17.125,-63.375,-0.145,-0.047,0.984,-0.160,-0.008,0.043,0.020,0.040,1.163,1.369,2,NULL,NULL,,3,0,2,7,255,1060,250,0,0
stim,107104,137225,0,137225,3334554.454,-0.846,0.067,0.041,-0.528,2309,317,1909,2697,2633,2509,1597,2790,57,1.297,1,2167,1,78.035,1.021,-40.125,-18.313,-64.375,-0.141,-0.117,0.984,-0.926,-0.430,-0.082,0.020,0.044,1.163,1.369,2,NULL,NULL,,3,0,2,7,255,1060,250,0,0
stim,107148,137269,0,137269,3334559.455,-0.845,0.065,0.041,-0.530,2203,327,2032,2645,2666,2509,1711,2799,57,1.297,1,2167,0,78.448,1.527,-43.500,-20.250,-62.063,-0.129,-0.109,1.004,-1.328,-0.754,-0.082,0.022,0.046,1.163,1.369,2,NULL,NULL,,3,0,2,7,255,1060,250,0,0
stim,107148,137269,0,137269,3334564.455,-0.843,0.062,0.042,-0.532,2123,337,2181,2605,2709,2513,1837,2821,57,1.297,1,2167,0,84.735,1.527,-52.000,-20.875,-63.563,-0.168,-0.090,1.059,-1.328,-0.754,0.063,0.022,0.048,1.163,1.369,2,NULL,NULL,,3,0,2,7,255,1060,250,0,0
stim,107148,137269,0,137269,3334569.454,-0.842,0.059,0.043,-0.535,1998,337,2263,2547,2731,2519,1919,2839,57,1.297,1,2167,0,101.052,1.325,-67.813,-22.375,-71.500,-0.199,-0.063,1.047,-1.266,-0.391,0.621,0.020,0.050,1.163,1.369,2,NULL,NULL,,3,0,2,7,255,1060,250,0,0
stim,107148,137269,0,137269,3334574.455,-0.840,0.056,0.044,-0.538,1887,332,2343,2477,2759,2515,2027,2859,57,1.297,1,2167,0,110.223,1.110,-71.188,-24.313,-80.563,-0.133,-0.016,0.941,-1.102,-0.137,0.621,0.018,0.048,1.163,1.369,2,NULL,NULL,,3,0,2,7,255,1060,250,0,0
stim,107172,137293,0,137293,3334579.453,-0.839,0.052,0.044,-0.540,1747,327,2443,2409,2781,2525,2133,2859,57,1.297,1,2167,0,97.218,0.388,-60.375,-27.500,-71.063,-0.035,-0.043,0.914,-0.363,-0.137,-0.488,0.018,0.046,1.163,1.369,2,NULL,NULL,,3,0,2,7,255,1060,250,0,0
stim,107172,137293,0,137293,3334584.455,-0.838,0.050,0.044,-0.542,1593,313,2519,2297,2811,2519,2221,2874,57,1.297,1,2167,0,81.054,0.428,-50.438,-28.625,-56.625,-0.137,-0.066,0.941,-0.363,-0.227,-0.488,0.018,0.046,1.163,1.369,2,NULL,NULL,,3,0,2,7,255,1060,250,0,0
stim,107172,137293,0,137293,3334589.453,-0.836,0.047,0.044,-0.544,1363,287,2569,2184,2841,2521,2295,2899,57,1.297,1,2167,0,81.895,0.798,-44.313,-30.875,-61.563,-0.152,-0.070,0.988,-0.766,-0.227,-0.480,0.020,0.046,1.163,1.369,2,NULL,NULL,,3,0,2,7,255,1060,250,0,0
stim,107172,137293,0,137293,3334594.455,-0.835,0.044,0.044,-0.546,1175,265,2604,2035,2855,2521,2363,2899,57,1.297,1,2167,0,78.414,0.798,-41.938,-34.813,-56.375,-0.059,-0.082,1.055,-0.766,-0.227,-0.004,0.022,0.046,1.163,1.369,2,NULL,NULL,,3,0,2,7,255,1060,250,0,0
stim,107172,137293,0,137293,3334599.454,-0.834,0.042,0.044,-0.548,997,251,2653,1866,2883,2516,2449,2915,57,1.297,1,2167,0,72.980,0.850,-42.813,-33.688,-48.563,-0.078,-0.063,1.035,-0.516,-0.676,0.348,0.024,0.044,1.163,1.369,2,NULL,NULL,,3,0,2,7,255,1060,250,0,0
stim,107172,137293,0,137293,3334604.455,-0.833,0.039,0.044,-0.550,787,233,2693,1655,2901,2513,2489,2926,57,1.297,1,2167,0,72.803,0.874,-46.375,-35.688,-43.313,-0.043,-0.023,1.027,-0.383,-0.785,0.348,0.026,0.044,1.163,1.369,2,NULL,NULL,,3,0,2,7,255,1060,250,0,0
stim,107172,137293,0,137293,3334609.453,-0.833,0.037,0.043,-0.551,541,181,2716,1397,2909,2495,2539,2925,57,1.297,1,2167,0,59.550,0.679,-36.250,-37.250,-29.063,-0.109,0.000,0.992,0.063,-0.676,0.258,0.028,0.044,1.163,1.369,2,NULL,NULL,,3,0,2,7,255,1060,250,0,0
stim,107172,137293,0,137293,3334614.455,-0.832,0.035,0.043,-0.552,351,125,2763,1119,2927,2499,2601,2940,57,1.297,1,2167,0,62.958,0.068,-31.813,-37.500,-39.313,-0.172,-0.043,1.031,0.063,-0.027,0.258,0.030,0.044,1.163,1.369,2,NULL,NULL,,3,0,2,7,255,1060,250,0,0
stim,107202,137323,0,137323,3334619.453,-0.831,0.033,0.042,-0.553,188,77,2780,873,2951,2487,2639,2959,57,1.297,1,2167,0,63.413,0.162,-28.938,-42.438,-37.188,-0.059,-0.051,1.012,-0.160,-0.027,0.109,0.032,0.046,1.163,1.369,2,NULL,NULL,,3,0,2,7,255,1060,250,0,0
stim,107202,137323,0,137323,3334624.455,-0.831,0.031,0.041,-0.554,83,33,2807,622,2958,2469,2669,2956,57,1.297,1,2167,0,58.152,0.730,-21.188,-42.000,-34.188,-0.086,-0.113,0.988,-0.500,-0.531,0.109,0.032,0.046,1.163,1.369,2,NULL,NULL,,3,0,2,7,255,1060,250,0,0
stim,107202,137323,0,137323,3334629.454,-0.830,0.029,0.040,-0.556,21,6,2831,424,2981,2451,2709,2967,57,1.297,1,2167,0,60.688,0.623,-15.875,-46.875,-35.125,-0.047,-0.055,1.031,-0.160,-0.602,0.109,0.034,0.046,1.163,1.369,2,NULL,NULL,,3,0,2,7,255,1060,250,0,0
stim,107202,137323,0,137323,3334634.455,-0.829,0.027,0.038,-0.557,0,0,2853,247,2995,2427,2733,2975,57,1.297,1,2167,0,57.536,0.544,-8.125,-48.688,-29.563,-0.031,0.055,1.027,-0.117,-0.531,0.215,0.036,0.048,1.163,1.369,2,NULL,NULL,,3,0,2,7,255,1060,250,0,0
stim,107202,137323,0,137323,3334639.454,-0.829,0.026,0.036,-0.558,0,0,2868,151,3003,2405,2766,2983,57,1.297,1,2167,0,60.582,0.968,0.250,-51.938,-31.188,-0.090,0.113,1.023,0.902,-0.352,0.242,0.036,0.048,1.163,1.369,2,NULL,NULL,,3,0,2,7,255,1060,250,0,0
stim,107202,137323,0,137323,3334644.455,-0.828,0.026,0.033,-0.558,0,0,2873,93,3007,2368,2789,2993,57,1.297,1,2167,0,71.375,1.011,33.250,-61.500,-14.375,-0.297,-0.059,1.191,0.902,0.457,0.242,0.038,0.048,1.163,1.369,2,NULL,NULL,,3,0,2,7,255,1060,250,0,0
stim,107202,137323,0,137323,3334649.453,-0.828,0.026,0.030,-0.559,0,0,2879,75,3017,2347,2823,2996,57,1.297,1,2167,0,89.284,1.923,50.750,-72.563,-11.438,-0.473,-0.254,1.488,-1.059,1.605,2.090,0.040,0.050,1.163,1.369,2,NULL,NULL,,3,0,2,7,255,1060,250,0,0
stim,107202,137323,0,137323,3334654.455,-0.828,0.026,0.026,-0.560,0,0,2899,27,3027,2300,2850,3003,57,1.297,1,2167,0,100.375,3.035,48.500,-81.063,-33.938,-0.406,-0.160,1.742,-2.270,2.016,5.145,0.040,0.050,1.163,1.369,3,NULL,NULL,,3,0,2,7,255,1060,250,0,0
stim,107223,137344,0,137344,3334659.454,-0.827,0.024,0.022,-0.561,0,0,2907,0,3041,2261,2875,2997,57,1.297,1,2167,0,90.783,3.035,10.125,-88.313,-18.438,-0.188,0.102,1.719,-2.270,2.016,7.098,0.038,0.052,1.163,1.369,3,NULL,NULL,,3,0,2,7,255,1060,250,0,0
stim,107223,137344,0,137344,3334664.457,-0.827,0.020,0.020,-0.562,0,0,2905,0,3052,2205,2888,3001,57,1.297,1,2167,0,102.007,1.392,-49.000,-87.625,-18.063,-0.012,0.250,1.375,0.820,1.125,7.098,0.038,0.054,1.163,1.369,3,NULL,NULL,,3,0,2,7,255,1060,250,0,0
stim,107223,137344,0,137344,3334669.453,-0.827,0.016,0.018,-0.561,0,0,2916,0,3047,2147,2898,3001,57,1.297,1,2167,0,103.065,2.059,-41.875,-93.375,12.250,-0.098,0.191,1.121,1.734,1.109,3.586,0.034,0.060,1.163,1.369,3,NULL,NULL,,3,0,2,7,255,1060,250,0,0
stim,107223,137344,0,137344,3334674.455,-0.828,0.014,0.014,-0.560,0,0,2917,0,3055,2058,2916,3012,57,1.297,1,2167,0,106.266,2.059,-3.750,-103.438,24.063,-0.215,0.199,1.160,1.734,1.109,1.570,0.030,0.070,1.163,1.369,3,NULL,NULL,,3,0,2,7,255,1060,250,0,0
stim,107250,137371,0,137371,3334679.454,-0.829,0.012,0.010,-0.559,0,0,2903,0,3063,1930,2933,3000,57,1.297,1,2167,0,112.111,2.661,12.688,-109.875,18.313,-0.332,0.078,1.281,1.336,2.301,1.570,0.026,0.078,1.163,1.369,3,NULL,NULL,,3,0,2,7,255,1060,250,0,0
stim,107250,137371,0,137371,3334684.455,-0.829,0.010,0.006,-0.559,0,0,2905,0,3063,1809,2937,3005,57,1.297,1,2167,0,116.908,2.533,8.125,-116.625,-0.375,-0.289,0.035,1.410,-0.215,2.523,2.840,0.020,0.086,1.163,1.369,3,NULL,NULL,,3,0,2,7,255,1060,250,0,0
stim,107285,137406,0,137406,3334689.454,-0.829,0.007,0.002,-0.559,0,0,2886,0,3063,1685,2955,2989,57,1.297,1,2167,0,121.430,2.565,-10.063,-120.938,-4.250,-0.223,-0.055,1.395,-0.461,2.523,3.906,0.014,0.094,1.163,1.369,3,NULL,NULL,,3,0,2,7,255,1060,250,0,0
stim,107285,137406,0,137406,3334694.455,-0.829,0.003,-0.002,-0.559,0,0,2879,0,3079,1513,2957,2995,57,1.297,1,2167,0,127.531,2.027,-18.063,-126.188,3.813,-0.156,-0.094,1.297,-1.074,1.719,3.906,0.006,0.104,1.163,1.369,3,NULL,NULL,,3,0,2,7,255,1060,250,0,0
stim,107285,137406,0,137406,3334699.454,-0.830,-0.001,-0.006,-0.558,0,0,2869,0,3083,1301,2967,2983,57,1.297,1,2167,0,134.512,1.920,-21.313,-131.688,17.250,-0.191,-0.117,1.230,-1.223,1.480,2.930,0.010,0.116,1.163,1.369,3,NULL,NULL,,3,0,2,7,255,1060,250,0,0
stim,107285,137406,0,137406,3334704.455,-0.830,-0.005,-0.011,-0.558,0,0,2855,0,3087,1077,2980,2981,57,1.297,1,2167,0,139.992,2.161,-21.813,-137.375,15.813,-0.215,-0.098,1.152,-1.574,1.480,2.262,0.022,0.128,1.163,1.369,3,NULL,NULL,,3,0,2,7,255,1060,250,0,0
stim,107285,137406,0,137406,3334709.454,-0.830,-0.009,-0.015,-0.557,0,0,2847,0,3095,869,2989,2969,57,1.297,1,2167,0,145.927,2.487,-15.625,-144.125,16.688,-0.230,-0.137,1.141,-1.625,1.883,1.469,0.032,0.142,1.163,1.369,3,NULL,NULL,,3,0,2,7,255,1060,250,0,0
stim,107285,137406,0,137406,3334714.455,-0.831,-0.013,-0.020,-0.556,0,0,2827,0,3096,623,2995,2966,57,1.297,1,2167,0,150.701,2.564,-8.563,-150.125,10.000,-0.207,-0.094,1.148,-1.590,2.012,1.344,0.042,0.152,1.163,1.369,3,NULL,NULL,,3,0,2,7,255,1060,250,0,0
stim,107285,137406,0,137406,3334719.454,-0.831,-0.017,-0.025,-0.556,0,0,2799,0,3100,475,3017,2938,57,1.297,1,2167,0,154.827,2.856,-13.125,-154.250,-2.438,-0.164,-0.160,1.070,-2.027,2.012,1.313,0.052,0.162,1.163,1.369,3,NULL,NULL,,3,0,2,7,255,1060,250,0,0
stim,107285,137406,0,137406,3334724.455,-0.831,-0.021,-0.031,-0.555,0,0,2761,0,3091,295,3017,2925,57,1.297,1,2167,0,161.487,2.580,-2.875,-161.313,6.938,-0.148,-0.238,1.082,-2.070,1.539,0.746,0.062,0.174,1.163,1.369,3,NULL,NULL,,3,0,2,7,255,1060,250,0,0
stim,107285,137406,0,137406,3334729.454,-0.831,-0.025,-0.037,-0.555,0,0,2723,0,3096,141,3023,2899,57,1.297,1,2167,0,166.685,2.580,7.188,-166.375,7.188,-0.141,-0.141,1.082,-2.070,1.539,0.656,0.074,0.186,1.163,1.369,3,NULL,NULL,,3,0,2,7,255,1060,250,0,0
stim,107285,137406,0,137406,3334734.455,-0.831,-0.029,-0.043,-0.554,0,0,2691,0,3102,46,3021,2885,57,1.297,1,2167,0,172.535,2.543,9.813,-172.250,-1.438,-0.152,-0.070,1.070,-1.934,1.652,0.656,0.086,0.196,1.163,1.369,3,NULL,NULL,,3,0,2,7,255,1060,250,0,0
stim,107305,137426,0,137426,3334739.454,-0.830,-0.032,-0.050,-0.554,0,0,2634,0,3092,2,3037,2851,57,1.297,1,2167,0,181.160,2.563,29.000,-178.625,-8.438,-0.141,0.043,1.207,-1.398,2.148,0.656,0.098,0.210,1.163,1.369,3,NULL,NULL,,3,0,2,7,255,1060,250,0,0
stim,107305,137426,0,137426,3334744.455,-0.830,-0.035,-0.057,-0.554,0,0,2571,0,3092,0,3033,2811,57,1.297,1,2167,0,188.904,2.828,29.063,-186.125,-14.063,-0.055,0.234,1.371,-0.441,2.793,1.773,0.112,0.222,1.163,1.369,3,NULL,NULL,,3,0,2,7,255,1060,250,0,0
stim,107305,137426,0,137426,3334749.454,-0.829,-0.039,-0.065,-0.554,0,0,2493,0,3093,0,3031,2779,57,1.297,1,2167,0,190.918,3.388,18.875,-189.375,-15.188,0.035,0.355,1.582,1.457,3.059,3.367,0.126,0.236,1.163,1.369,3,NULL,NULL,,3,0,2,7,255,1060,250,0,0
stim,107305,137426,0,137426,3334754.455,-0.828,-0.043,-0.072,-0.554,0,0,2413,0,3079,1,3036,2726,57,1.297,1,2167,0,195.050,3.575,24.000,-193.563,-1.375,-0.078,0.301,1.895,1.539,3.227,5.484,0.138,0.250,1.163,1.369,3,NULL,NULL,,3,0,2,7,255,1060,250,0,0
stim,107333,137454,0,137454,3334759.453,-0.829,-0.047,-0.080,-0.552,0,0,2299,0,3067,4,3033,2670,57,1.297,1,2167,0,214.173,4.978,14.188,-211.313,31.875,-0.262,0.227,2.254,1.539,4.734,8.297,0.152,0.264,1.163,1.369,3,NULL,NULL,,3,0,2,7,255,1060,250,0,0
stim,107333,137454,0,137454,3334764.456,-0.829,-0.054,-0.088,-0.549,0,0,2176,0,3052,59,3037,2605,57,1.297,1,2167,0,238.702,7.064,-19.938,-232.500,50.250,-0.566,0.277,2.512,-0.137,7.063,11.391,0.166,0.282,1.163,1.369,3,NULL,NULL,,3,0,2,7,255,1060,250,0,0
stim,107333,137454,0,137454,3334769.454,-0.829,-0.062,-0.096,-0.547,0,0,2039,0,3038,72,3022,2539,57,1.297,1,2167,0,270.583,10.837,-57.000,-259.375,51.875,-0.746,0.504,2.484,-0.137,10.836,12.129,0.182,0.300,1.163,1.369,3,NULL,NULL,,3,0,2,7,255,1060,250,0,0
stim,107333,137454,0,137454,3334774.455,-0.829,-0.072,-0.104,-0.545,0,0,1907,0,3020,93,2998,2443,57,1.297,1,2167,0,301.095,13.731,-87.688,-286.125,33.188,-0.707,0.813,2.465,0.141,13.730,12.129,0.202,0.324,1.163,1.369,3,NULL,NULL,,3,0,2,7,255,1060,250,0,0
stim,107333,137454,0,137454,3334779.454,-0.828,-0.084,-0.113,-0.543,0,0,1773,0,2998,108,2983,2325,57,1.297,1,2167,0,331.290,15.109,-99.063,-314.688,30.188,-0.605,0.840,2.414,3.016,14.805,11.543,0.228,0.354,1.163,1.369,3,NULL,NULL,,3,0,2,7,255,1060,250,0,0
stim,107333,137454,0,137454,3334784.455,-0.827,-0.095,-0.122,-0.540,0,0,1614,0,2974,119,2955,2195,57,1.297,1,2167,0,358.835,15.400,-100.250,-342.375,38.625,-0.602,0.770,2.516,3.016,15.102,11.438,0.264,0.392,1.163,1.369,3,NULL,NULL,,3,0,2,7,255,1060,250,0,0
stim,107374,137495,0,137495,3334789.453,-0.826,-0.109,-0.132,-0.537,0,0,1511,0,2941,134,2913,2086,57,1.297,1,2167,0,389.616,15.718,-130.313,-364.688,42.688,-0.660,0.789,2.656,2.832,15.461,11.438,0.312,0.442,1.163,1.369,3,NULL,NULL,,3,0,2,7,255,1060,250,0,0
stim,107374,137495,0,137495,3334794.455,-0.824,-0.124,-0.142,-0.535,0,0,1400,0,2903,135,2863,1981,57,1.297,1,2167,0,417.325,17.384,-159.813,-384.125,32.688,-0.730,0.785,2.574,2.629,17.184,11.438,0.370,0.504,1.163,1.369,3,NULL,NULL,,3,0,2,7,255,1060,250,0,0
stim,107374,137495,0,137495,3334799.454,-0.821,-0.139,-0.153,-0.532,0,0,1361,0,2856,141,2789,1843,57,1.297,1,2167,0,435.874,18.407,-143.750,-410.875,22.438,-0.723,0.703,2.625,2.367,18.254,10.344,0.436,0.574,1.163,1.369,3,NULL,NULL,,3,0,2,7,255,1060,250,0,0
stim,107374,137495,0,137495,3334804.455,-0.818,-0.153,-0.166,-0.528,0,0,1227,0,2785,137,2712,1699,57,1.297,1,2167,0,453.584,18.908,-113.313,-438.313,27.938,-0.848,0.734,2.953,1.563,18.844,10.344,0.508,0.648,1.163,1.369,3,NULL,NULL,,3,0,2,7,255,1060,250,0,0
stim,107374,137495,0,137495,3334809.454,-0.815,-0.169,-0.179,-0.525,0,0,1135,0,2701,99,2599,1545,57,1.297,1,2167,0,478.945,22.172,-139.500,-457.438,26.063,-1.012,1.023,3.164,1.563,22.117,11.574,0.588,0.732,1.163,1.369,3,NULL,NULL,,3,0,2,7,255,1060,250,0,0
stim,107374,137495,0,137495,3334814.455,-0.810,-0.186,-0.191,-0.522,0,0,948,0,2587,77,2441,1386,57,1.297,1,2167,0,499.968,26.436,-171.875,-469.375,-10.688,-1.020,0.988,3.266,2.250,26.340,11.574,0.674,0.820,1.163,1.369,3,NULL,NULL,,3,0,2,7,255,1060,250,0,0
stim,107374,137495,0,137495,3334819.453,-0.804,-0.203,-0.204,-0.521,0,0,795,0,2447,55,2245,1226,57,1.297,1,2167,0,517.903,26.436,-188.563,-480.813,-38.563,-0.844,0.605,3.242,2.250,26.340,11.305,0.770,0.918,1.163,1.369,3,NULL,NULL,,3,0,2,7,255,1060,250,0,0
stim,107374,137495,0,137495,3334824.456,-0.797,-0.222,-0.217,-0.519,0,0,637,0,2248,0,1945,1033,57,1.297,1,2167,0,538.543,25.801,-200.625,-498.688,-33.000,-0.730,0.090,3.105,-0.465,25.797,11.285,0.874,1.024,1.163,1.369,3,NULL,NULL,,3,0,2,7,255,1060,250,0,0
stim,107401,137523,0,137523,3334829.454,-0.790,-0.241,-0.230,-0.515,0,0,463,0,2008,0,1623,895,57,1.297,1,2167,0,568.523,23.847,-233.688,-518.250,5.063,-0.637,-0.297,2.645,-4.563,23.406,10.418,0.984,1.138,1.163,1.369,3,NULL,NULL,,3,0,2,7,255,1060,250,0,0
stim,107401,137523,0,137523,3334834.455,-0.782,-0.262,-0.242,-0.511,0,0,296,0,1685,0,1173,757,57,1.297,1,2167,0,576.250,20.717,-236.438,-525.438,8.750,-0.418,-0.387,1.855,-6.590,19.641,6.934,1.100,1.254,1.163,1.369,3,NULL,NULL,,3,0,2,7,255,1060,250,0,0
stim,107401,137523,0,137523,3334839.454,-0.775,-0.279,-0.257,-0.505,0,0,211,0,1333,0,635,606,57,1.297,1,2167,0,559.425,15.096,-156.438,-536.938,13.500,-0.289,-0.387,1.352,-6.590,13.582,1.723,1.214,1.370,1.163,1.369,3,NULL,NULL,,3,0,2,7,255,1060,250,0,0
stim,107401,137523,0,137523,3334844.455,-0.770,-0.293,-0.273,-0.497,0,0,119,0,965,0,171,481,57,1.297,1,2167,0,552.619,14.077,-44.063,-548.563,50.250,-0.352,-0.164,1.578,-5.770,12.840,-1.527,1.324,1.482,1.163,1.369,3,NULL,NULL,,3,0,2,7,255,1060,250,0,0
stim,107419,137540,0,137540,3334849.453,-0.766,-0.306,-0.291,-0.485,0,0,93,0,475,0,0,399,57,1.297,1,2167,0,566.614,13.912,28.938,-556.375,103.250,-0.762,0.008,2.246,-5.355,12.840,-1.527,1.420,1.580,1.163,1.369,3,NULL,NULL,,3,0,2,7,255,1060,250,0,0
stim,107419,137540,0,137540,3334854.455,-0.763,-0.320,-0.307,-0.470,0,0,43,0,56,0,0,347,57,1.297,1,2167,0,600.975,21.596,7.875,-572.938,181.250,-1.305,0.184,2.523,-5.355,20.922,-1.527,1.504,1.666,1.163,1.369,3,NULL,NULL,,3,0,2,7,255,1060,250,0,0
stim,107419,137540,0,137540,3334859.453,-0.758,-0.337,-0.321,-0.457,0,0,28,0,0,0,0,295,57,1.297,1,2167,0,600.969,27.051,-93.188,-564.813,182.938,-1.438,0.887,2.125,-5.355,26.516,-5.172,1.582,1.744,1.163,1.369,3,NULL,NULL,,3,0,2,7,255,1060,250,0,0
stim,107419,137540,0,137540,3334864.455,-0.750,-0.355,-0.332,-0.448,0,0,28,0,0,0,0,219,57,1.297,1,2167,0,556.508,26.522,-192.938,-512.313,100.063,-1.031,1.633,1.500,-0.578,26.516,-11.371,1.666,1.830,1.163,1.369,4,NULL,NULL,,3,0,2,7,255,1060,250,0,0
stim,107419,137540,0,137540,3334869.454,-0.741,-0.373,-0.340,-0.443,0,0,24,0,0,0,0,180,57,1.297,1,2167,0,516.472,23.429,-262.500,-441.375,55.000,-0.582,1.895,1.086,8.512,21.828,-14.387,1.760,1.924,1.163,1.369,0,NULL,NULL,,3,0,2,7,255,1060,250,0,0
stim,107419,137540,0,137540,3334874.455,-0.733,-0.395,-0.341,-0.438,0,0,25,0,0,0,0,176,57,1.297,1,2167,0,543.540,20.654,-390.313,-343.438,158.563,-0.750,1.699,0.527,11.668,17.043,-14.438,1.860,2.026,1.163,1.369,0,NULL,NULL,,3,0,2,7,255,1060,250,0,0
stim,107473,137594,0,137594,3334879.453,-0.724,-0.415,-0.337,-0.435,0,0,26,0,0,0,0,171,57,1.297,1,2167,0,514.868,17.529,-436.438,-230.938,145.875,-0.449,1.602,-0.391,12.887,11.883,-18.602,1.960,2.128,1.163,1.369,0,NULL,NULL,,3,0,2,7,255,1060,250,0,0
stim,107473,137594,0,137594,3334884.455,-0.720,-0.425,-0.335,-0.435,0,0,22,0,0,0,0,159,57,1.297,1,2167,0,241.155,11.826,-212.000,-105.500,45.625,-0.531,0.125,-0.637,11.668,1.930,-18.602,2.054,2.224,1.163,1.369,0,NULL,NULL,,3,0,2,7,255,1060,250,0,0
stim,107473,137594,0,137594,3334889.453,-0.721,-0.424,-0.337,-0.433,0,0,23,0,0,0,0,171,57,1.297,1,2167,0,67.015,1.997,54.938,-31.875,21.375,-0.902,-1.188,0.617,-0.516,1.930,-17.199,2.138,2.310,1.163,1.369,0,NULL,NULL,,3,0,2,7,255,1060,250,0,0
stim,107473,137594,0,137594,3334894.455,-0.722,-0.422,-0.336,-0.433,0,0,18,0,0,0,0,134,57,1.297,1,2167,0,50.768,15.837,14.688,48.313,5.250,-1.230,-1.086,1.797,-14.793,5.656,-11.035,2.206,2.382,1.163,1.369,0,NULL,NULL,,3,0,2,7,255,1060,250,0,0
stim,107473,137594,0,137594,3334899.454,-0.720,-0.425,-0.329,-0.439,0,0,18,0,0,0,0,103,57,1.297,1,2167,0,206.345,21.885,-159.188,130.000,-18.375,-1.195,0.016,1.348,-14.793,16.129,-11.035,2.260,2.438,1.163,1.369,0,NULL,NULL,,3,0,2,7,255,1060,250,0,0
stim,107473,137594,0,137594,3334904.455,-0.719,-0.427,-0.319,-0.446,0,0,20,0,0,0,0,87,57,1.297,1,2167,0,276.528,17.071,-198.875,191.500,-15.625,-0.957,1.215,0.156,-5.594,16.129,-14.320,2.308,2.488,1.163,1.369,0,NULL,NULL,,3,0,2,7,255,1060,250,0,0
stim,107473,137594,0,137594,3334909.453,-0.720,-0.425,-0.311,-0.451,0,0,13,0,0,0,0,58,57,1.297,1,2167,0,236.290,10.109,-86.750,219.688,6.688,-0.895,1.586,-0.168,6.996,7.297,-21.109,2.354,2.536,1.163,1.369,0,NULL,NULL,,3,0,2,7,255,1060,250,0,0
stim,107473,137594,0,137594,3334914.455,-0.724,-0.420,-0.304,-0.455,0,0,12,0,0,0,0,53,57,1.297,1,2167,0,233.347,10.109,18.313,232.250,13.250,-1.000,1.027,0.363,6.996,7.297,-21.109,2.406,2.588,1.163,1.369,0,NULL,NULL,,3,0,2,7,255,1060,250,0,0
stim,107495,137616,0,137616,3334919.453,-0.727,-0.415,-0.296,-0.459,0,0,12,0,0,0,0,51,57,1.297,1,2167,0,244.444,10.468,7.000,244.313,3.938,-1.020,0.262,0.840,5.094,9.145,-19.738,2.456,2.640,1.163,1.369,0,NULL,NULL,,3,0,2,7,255,1060,250,0,0
stim,107495,137616,0,137616,3334924.455,-0.729,-0.412,-0.287,-0.465,0,0,15,0,0,0,0,63,57,1.297,1,2167,0,259.739,9.464,-58.688,253.000,3.313,-0.891,0.016,0.633,-1.930,9.266,-14.938,2.500,2.686,1.163,1.369,0,NULL,NULL,,3,0,2,7,255,1060,250,0,0
stim,107495,137616,0,137616,3334929.454,-0.731,-0.409,-0.277,-0.470,0,0,8,0,0,0,0,72,57,1.297,1,2167,0,268.810,9.464,-80.250,256.000,16.813,-0.691,0.258,0.059,-1.930,9.266,-14.938,2.544,2.732,1.163,1.369,0,NULL,NULL,,3,0,2,7,255,1060,250,0,0
stim,107495,137616,0,137616,3334934.455,-0.734,-0.406,-0.267,-0.474,0,0,9,0,0,0,0,71,57,1.297,1,2167,0,261.427,4.104,-40.188,255.125,40.500,-0.594,0.496,-0.285,-0.523,4.070,-15.781,2.590,2.780,1.163,1.369,0,NULL,NULL,,3,0,2,7,255,1060,250,0,0
stim,107495,137616,0,137616,3334939.454,-0.738,-0.400,-0.259,-0.477,0,0,12,0,0,0,0,73,57,1.297,1,2167,0,259.125,2.536,18.563,253.188,51.938,-0.676,0.523,-0.297,1.805,1.781,-17.504,2.640,2.832,1.163,1.369,0,NULL,NULL,,3,0,2,7,255,1060,250,0,0
stim,107495,137616,0,137616,3334944.455,-0.743,-0.393,-0.251,-0.480,0,0,10,0,0,0,0,73,57,1.297,1,2167,0,266.290,2.536,55.438,257.375,39.938,-0.676,0.398,-0.109,1.805,1.781,-17.504,2.684,2.878,1.163,1.369,0,NULL,NULL,,3,0,2,7,255,1060,250,0,0
stim,107515,137636,0,137636,3334949.453,-0.748,-0.386,-0.244,-0.483,0,0,7,0,0,0,0,69,57,1.297,1,2167,0,274.498,3.113,67.188,263.625,36.563,-0.516,0.262,-0.020,0.676,3.039,-16.793,2.718,2.914,1.163,1.369,0,NULL,NULL,,3,0,2,7,255,1060,250,0,0
stim,107515,137636,0,137636,3334954.455,-0.753,-0.378,-0.236,-0.485,0,0,8,0,0,0,0,69,57,1.297,1,2167,0,286.971,3.063,81.750,270.000,52.625,-0.422,0.246,0.020,0.379,3.039,-14.570,2.744,2.942,1.163,1.369,0,NULL,NULL,,3,0,2,7,255,1060,250,0,0
stim,107515,137636,0,137636,3334959.454,-0.758,-0.369,-0.228,-0.486,0,0,9,0,0,0,0,69,57,1.297,1,2167,0,301.855,3.063,102.125,275.625,68.688,-0.469,0.297,0.145,0.379,3.039,-13.547,2.762,2.962,1.163,1.369,0,NULL,NULL,,3,0,2,7,255,1060,250,0,0
stim,107515,137636,0,137636,3334964.455,-0.764,-0.360,-0.220,-0.488,0,0,10,0,0,0,0,63,57,1.297,1,2167,0,313.133,4.390,117.563,281.813,69.375,-0.543,0.336,0.340,0.660,4.340,-13.227,2.778,2.980,1.163,1.369,0,NULL,NULL,,3,0,2,7,255,1060,250,0,0
stim,107538,137659,0,137659,3334969.453,-0.770,-0.350,-0.212,-0.489,0,0,16,0,0,0,0,60,57,1.297,1,2167,0,318.818,6.478,120.313,289.188,59.500,-0.543,0.340,0.539,0.754,6.434,-12.551,2.792,2.996,1.163,1.369,0,NULL,NULL,,3,0,2,7,255,1060,250,0,0
stim,107538,137659,0,137659,3334974.455,-0.775,-0.340,-0.204,-0.491,0,0,19,0,0,0,0,54,57,1.297,1,2167,0,321.670,8.017,114.250,296.000,52.938,-0.504,0.316,0.629,0.840,7.973,-11.094,2.808,3.012,1.163,1.369,0,NULL,NULL,,3,0,2,7,255,1060,250,0,0
stim,107538,137659,0,137659,3334979.453,-0.781,-0.330,-0.195,-0.493,0,0,11,0,0,0,0,53,57,1.297,1,2167,0,328.343,8.405,114.625,303.688,49.438,-0.473,0.281,0.688,0.840,8.363,-9.949,2.824,3.032,1.163,1.369,0,NULL,NULL,,3,0,2,7,255,1060,250,0,0
stim,107538,137659,0,137659,3334984.455,-0.786,-0.320,-0.186,-0.496,0,0,13,0,0,0,0,53,57,1.297,1,2167,0,335.171,8.513,116.688,311.125,43.875,-0.516,0.293,0.801,0.695,8.484,-8.977,2.846,3.054,1.163,1.369,0,NULL,NULL,,3,0,2,7,255,1060,250,0,0
stim,107579,137700,0,137700,3334989.454,-0.790,-0.309,-0.178,-0.499,0,0,11,0,0,0,0,46,57,1.297,1,2167,0,340.072,9.579,113.250,319.313,29.375,-0.520,0.270,0.902,0.676,9.555,-8.266,2.870,3.082,1.163,1.369,0,NULL,NULL,,3,0,2,7,255,1060,250,0,0
stim,107579,137700,0,137700,3334994.455,-0.794,-0.298,-0.169,-0.502,0,0,8,0,0,0,0,48,57,1.297,1,2167,0,344.384,10.056,105.688,327.250,18.375,-0.477,0.223,0.973,0.516,10.043,-7.191,2.902,3.114,1.163,1.369,0,NULL,NULL,,3,0,2,7,255,1060,250,0,0
stim,107579,137700,0,137700,3334999.454,-0.798,-0.288,-0.159,-0.506,0,0,12,0,0,0,0,45,57,1.297,1,2167,0,348.123,10.056,95.688,334.563,10.063,-0.457,0.219,1.008,0.516,10.043,-5.977,2.938,3.154,1.163,1.369,0,NULL,NULL,,3,0,2,7,255,1060,250,0,0
stim,107579,137700,0,137700,3335004.455,-0.801,-0.277,-0.149,-0.510,0,0,11,0,0,0,0,53,57,1.297,1,2167,0,352.990,10.053,88.125,341.813,-0.500,-0.430,0.207,1.000,0.523,10.039,-5.293,2.980,3.196,1.163,1.369,0,NULL,NULL,,3,0,2,7,255,1060,250,0,0
stim,107579,137700,0,137700,3335009.453,-0.804,-0.266,-0.139,-0.514,0,0,6,0,0,0,0,52,57,1.297,1,2167,0,359.407,9.596,86.563,348.688,-9.875,-0.371,0.164,0.961,0.523,9.582,-4.863,3.022,3.240,1.163,1.369,0,NULL,NULL,,3,0,2,7,255,1060,250,0,0
stim,107579,137700,0,137700,3335014.455,-0.806,-0.255,-0.129,-0.518,0,0,0,0,0,0,0,53,57,1.297,1,2167,0,367.044,8.653,90.438,355.313,-17.188,-0.324,0.164,0.938,0.586,8.633,-4.488,3.068,3.288,1.163,1.369,0,NULL,NULL,,3,0,2,7,255,1060,250,0,0
stim,107579,137700,0,137700,3335019.454,-0.808,-0.243,-0.119,-0.523,0,0,0,0,0,0,0,54,57,1.297,1,2167,0,375.179,8.021,96.813,361.375,-28.188,-0.258,0.180,0.918,0.770,7.984,-4.203,3.114,3.336,1.163,1.369,0,NULL,NULL,,3,0,2,7,255,1060,250,0,0
stim,107579,137700,0,137700,3335024.455,-0.810,-0.231,-0.109,-0.528,0,0,0,0,0,0,0,55,57,1.297,1,2167,0,383.007,7.322,105.938,366.188,-37.125,-0.168,0.129,0.891,1.180,7.227,-3.844,3.160,3.384,1.163,1.369,0,NULL,NULL,,3,0,2,7,255,1060,250,0,0
stim,107579,137700,0,137700,3335029.453,-0.812,-0.218,-0.099,-0.533,0,0,0,0,0,0,0,55,57,1.297,1,2167,0,388.743,6.134,122.000,367.563,-33.688,-0.117,0.055,0.910,1.180,6.020,-3.332,3.204,3.430,1.163,1.369,0,NULL,NULL,,3,0,2,7,255,1060,250,0,0
stim,107579,137700,0,137700,3335034.455,-0.814,-0.204,-0.090,-0.537,0,0,0,0,0,0,0,57,57,1.297,1,2167,0,390.276,5.476,139.438,363.875,-21.625,-0.098,0.094,1.004,1.180,5.348,-2.582,3.244,3.472,1.163,1.369,0,NULL,NULL,,3,0,2,7,255,1060,250,0,0
stim,107608,137729,0,137729,3335039.454,-0.816,-0.190,-0.081,-0.540,0,0,0,0,0,0,0,51,57,1.297,1,2167,0,390.429,5.393,146.188,361.750,-14.188,-0.070,0.125,1.066,1.344,5.223,-1.613,3.280,3.510,1.163,1.369,0,NULL,NULL,,3,0,2,7,255,1060,250,0,0
stim,107608,137729,0,137729,3335044.455,-0.818,-0.176,-0.072,-0.543,0,0,0,0,0,0,0,52,57,1.297,1,2167,0,390.791,5.503,154.375,358.938,-7.063,-0.043,0.125,1.074,1.836,5.188,-0.863,3.314,3.546,1.163,1.369,0,NULL,NULL,,3,0,2,7,255,1060,250,0,0
stim,107608,137729,0,137729,3335049.454,-0.820,-0.162,-0.063,-0.545,0,0,0,0,0,0,0,59,57,1.297,1,2167,0,392.939,5.071,170.250,354.125,3.375,-0.023,0.117,1.086,1.934,4.688,-0.531,3.344,3.576,1.163,1.369,0,NULL,NULL,,3,0,2,7,255,1060,250,0,0
stim,107608,137729,0,137729,3335054.455,-0.822,-0.147,-0.055,-0.547,0,0,0,0,0,0,0,69,57,1.297,1,2167,0,398.006,4.934,189.375,349.813,13.313,-0.059,0.121,1.207,1.934,4.539,-0.203,3.370,3.606,1.163,1.369,0,NULL,NULL,,3,0,2,7,255,1060,250,0,0
stim,107633,137754,0,137754,3335059.453,-0.824,-0.131,-0.048,-0.549,0,0,0,0,0,0,0,69,57,1.297,1,2167,0,399.688,4.934,198.313,346.750,13.688,-0.109,0.172,1.340,1.934,4.539,0.980,3.396,3.632,1.163,1.369,0,NULL,NULL,,3,0,2,7,255,1060,250,0,0
stim,107633,137754,0,137754,3335064.455,-0.826,-0.116,-0.040,-0.550,0,0,0,0,0,0,0,71,57,1.297,1,2167,0,398.011,5.438,200.813,343.500,9.750,-0.113,0.164,1.426,2.219,4.965,2.164,3.418,3.658,1.163,1.369,0,NULL,NULL,,3,0,2,7,255,1060,250,0,0
stim,107633,137754,0,137754,3335069.454,-0.828,-0.100,-0.033,-0.551,0,0,0,0,0,0,0,71,57,1.297,1,2167,0,398.872,5.438,209.438,339.125,15.125,-0.125,0.156,1.543,2.219,4.965,3.160,3.440,3.682,1.163,1.369,0,NULL,NULL,,3,0,2,7,255,1060,250,0,0
stim,107633,137754,0,137754,3335074.455,-0.829,-0.084,-0.026,-0.552,0,0,0,0,0,0,0,67,57,1.297,1,2167,0,398.511,5.397,214.125,335.625,17.813,-0.191,0.176,1.699,2.117,4.965,4.457,3.462,3.706,1.163,1.369,0,NULL,NULL,,3,0,2,7,255,1060,250,0,0
stim,107633,137754,0,137754,3335079.454,-0.830,-0.069,-0.019,-0.553,0,0,3,0,0,0,0,55,57,1.297,1,2167,0,393.857,5.643,211.063,332.250,13.625,-0.258,0.195,1.855,2.078,5.246,6.035,3.484,3.730,1.163,1.369,0,NULL,NULL,,3,0,2,7,255,1060,250,0,0
stim,107633,137754,0,137754,3335084.455,-0.831,-0.053,-0.012,-0.554,0,0,3,0,0,0,0,59,57,1.297,1,2167,0,386.434,5.819,203.438,328.500,5.688,-0.285,0.203,2.000,2.020,5.457,7.633,3.508,3.756,1.163,1.369,0,NULL,NULL,,3,0,2,7,255,1060,250,0,0
stim,107674,137795,0,137795,3335089.453,-0.831,-0.039,-0.005,-0.555,0,0,5,0,0,0,0,58,57,1.297,1,2167,0,376.346,5.812,191.250,324.125,-1.625,-0.277,0.199,2.109,2.000,5.457,9.188,3.534,3.782,1.163,1.369,0,NULL,NULL,,3,0,2,7,255,1060,250,0,0
stim,107674,137795,0,137795,3335094.455,-0.831,-0.024,0.003,-0.556,0,0,6,0,0,0,0,58,57,1.297,1,2167,0,365.497,5.216,176.438,320.000,-7.625,-0.258,0.176,2.168,1.984,4.824,10.469,3.560,3.810,1.163,1.369,0,NULL,NULL,,3,0,2,7,255,1060,250,0,0
stim,107674,137795,0,137795,3335099.454,-0.830,-0.010,0.010,-0.557,0,0,4,0,0,0,0,57,57,1.297,1,2167,0,356.725,4.331,164.938,316.000,-13.875,-0.242,0.148,2.188,1.805,3.938,11.184,3.586,3.838,1.163,1.369,0,NULL,NULL,,3,0,2,7,255,1060,250,0,0
stim,107674,137795,0,137795,3335104.455,-0.829,0.003,0.018,-0.559,0,0,5,0,0,0,0,56,57,1.297,1,2167,0,352.052,3.433,159.375,313.063,-23.063,-0.211,0.102,2.191,1.574,3.051,11.520,3.614,3.868,1.163,1.369,0,NULL,NULL,,3,0,2,7,255,1060,250,0,0
stim,107674,137795,0,137795,3335109.454,-0.828,0.017,0.025,-0.560,0,0,5,0,0,0,0,59,57,1.297,1,2167,0,351.041,2.267,158.250,311.625,-32.813,-0.145,0.016,2.191,1.227,1.906,11.660,3.638,3.894,1.163,1.369,0,NULL,NULL,,3,0,2,7,255,1060,250,0,0
stim,107674,137795,0,137795,3335114.455,-0.826,0.030,0.032,-0.562,0,0,7,0,0,0,0,67,57,1.297,1,2167,0,352.753,0.737,160.375,311.688,-39.563,-0.070,-0.047,2.184,0.652,0.344,11.660,3.662,3.920,1.163,1.369,0,NULL,NULL,,3,0,2,7,255,1060,250,0,0
stim,107700,137821,0,137821,3335119.454,-0.824,0.043,0.039,-0.564,0,0,7,0,0,0,0,63,57,1.297,1,2167,0,357.712,1.220,167.438,312.750,-45.938,0.016,-0.074,2.164,0.281,-1.188,11.574,3.682,3.942,1.163,1.369,0,NULL,NULL,,3,0,2,7,255,1060,250,0,0
stim,107700,137821,0,137821,3335124.455,-0.822,0.057,0.046,-0.565,0,0,9,0,0,0,0,69,57,1.297,1,2167,0,365.638,2.695,181.313,313.125,-52.625,0.125,-0.113,2.164,0.246,-2.684,11.234,3.696,3.958,1.163,1.369,0,NULL,NULL,,3,0,2,7,255,1060,250,0,0
stim,107700,137821,0,137821,3335129.454,-0.819,0.072,0.052,-0.567,0,0,5,0,0,0,0,62,57,1.297,1,2167,0,376.188,4.468,200.875,312.500,-59.250,0.297,-0.141,2.211,0.246,-4.461,11.023,3.704,3.966,1.163,1.369,0,NULL,NULL,,3,0,2,7,255,1060,250,0,0
stim,107700,137821,0,137821,3335134.455,-0.815,0.088,0.058,-0.570,0,0,7,0,0,0,0,67,57,1.297,1,2167,0,389.518,6.874,223.313,312.250,-66.000,0.535,-0.121,2.305,0.375,-6.863,11.023,3.704,3.970,1.163,1.369,0,NULL,NULL,,3,0,2,7,255,1060,250,0,0
stim,107700,137821,0,137821,3335139.454,-0.811,0.104,0.063,-0.572,0,0,9,0,0,0,0,70,57,1.297,1,2167,0,403.067,9.848,244.813,312.625,-69.250,0.789,-0.098,2.430,1.145,-9.781,11.250,3.698,3.964,1.163,1.369,0,NULL,NULL,,3,0,2,7,255,1060,250,0,0
stim,107700,137821,0,137821,3335144.455,-0.807,0.121,0.068,-0.574,0,0,9,0,0,0,0,71,57,1.297,1,2167,0,413.990,13.108,262.563,313.250,-65.750,1.023,-0.098,2.570,1.957,-12.961,11.590,3.684,3.952,1.163,1.369,0,NULL,NULL,,3,0,2,7,255,1060,250,0,0
stim,107719,137840,0,137840,3335149.453,-0.803,0.138,0.073,-0.575,0,0,13,0,0,0,0,72,57,1.297,1,2167,0,420.377,16.305,272.625,314.688,-58.000,1.211,-0.098,2.703,2.363,-16.133,11.934,3.660,3.930,1.163,1.369,0,NULL,NULL,,3,0,2,7,255,1060,250,0,0
stim,107719,137840,0,137840,3335154.455,-0.799,0.155,0.077,-0.576,0,0,9,0,0,0,0,70,57,1.297,1,2167,0,422.008,19.091,276.500,314.813,-50.313,1.355,-0.090,2.789,2.594,-18.914,11.934,3.624,3.898,1.163,1.369,0,NULL,NULL,,3,0,2,7,255,1060,250,0,0
stim,107719,137840,0,137840,3335159.454,-0.794,0.172,0.081,-0.577,0,0,3,0,0,0,0,73,57,1.297,1,2167,0,418.341,21.373,274.063,312.875,-44.813,1.414,-0.090,2.855,2.594,-21.215,11.887,3.578,3.854,1.163,1.369,0,NULL,NULL,,3,0,2,7,255,1060,250,0,0
stim,107719,137840,0,137840,3335164.455,-0.790,0.189,0.086,-0.577,0,0,9,0,0,0,0,83,57,1.297,1,2167,0,406.860,22.844,263.313,307.500,-40.563,1.398,-0.051,2.922,2.422,-22.715,11.609,3.520,3.796,1.163,1.369,0,NULL,NULL,,3,0,2,7,255,1060,250,0,0
stim,107719,137840,0,137840,3335169.453,-0.785,0.205,0.090,-0.577,0,0,7,0,0,0,0,86,57,1.297,1,2167,0,391.092,23.551,248.563,298.438,-45.875,1.492,0.148,3.031,2.422,-23.426,11.609,3.448,3.726,1.163,1.369,0,NULL,NULL,,3,0,2,7,255,1060,250,0,0
stim,107719,137840,0,137840,3335174.455,-0.780,0.219,0.095,-0.578,0,0,5,0,0,0,0,105,57,1.297,1,2167,0,367.732,25.149,220.750,287.813,-60.500,1.738,0.297,3.070,3.980,-24.832,11.570,3.366,3.646,1.163,1.369,0,NULL,NULL,,3,0,2,7,255,1060,250,0,0
stim,107784,137905,0,137905,3335179.453,-0.776,0.232,0.100,-0.579,0,0,0,0,0,0,0,115,57,1.297,1,2167,0,333.089,27.992,179.438,273.563,-62.563,2.055,0.219,2.945,5.734,-27.398,10.785,3.274,3.556,1.163,1.369,0,NULL,NULL,,3,0,2,7,255,1060,250,0,0
stim,107784,137905,0,137905,3335184.455,-0.772,0.243,0.106,-0.578,0,0,0,0,0,0,0,151,57,1.297,1,2167,0,293.916,30.770,135.000,256.813,-47.000,2.309,-0.039,2.641,5.734,-30.230,7.500,3.170,3.454,1.163,1.369,0,NULL,NULL,,3,0,2,7,255,1060,250,0,0
stim,107784,137905,0,137905,3335189.454,-0.768,0.252,0.112,-0.578,0,0,0,0,0,0,0,160,57,1.297,1,2167,0,262.352,32.197,102.875,239.438,-30.250,2.488,-0.289,2.211,4.285,-31.910,2.480,3.054,3.340,1.163,1.369,0,NULL,NULL,,3,0,2,7,255,1060,250,0,0
stim,107784,137905,0,137905,3335194.455,-0.766,0.260,0.117,-0.576,0,0,0,0,0,0,0,189,57,1.297,1,2167,0,242.174,32.150,93.688,222.188,-22.438,2.715,-0.445,1.781,2.809,-32.027,-3.219,2.926,3.214,1.163,1.369,0,NULL,NULL,,3,0,2,7,255,1060,250,0,0
stim,107784,137905,0,137905,3335199.454,-0.763,0.269,0.122,-0.576,0,0,0,0,0,0,0,219,57,1.297,1,2167,0,232.431,32.212,104.250,206.625,-21.500,3.047,-0.559,1.422,2.617,-32.105,-8.891,2.786,3.076,1.163,1.369,0,NULL,NULL,,3,0,2,7,255,1060,250,0,0
stim,107784,137905,0,137905,3335204.455,-0.759,0.278,0.125,-0.575,0,0,0,0,0,0,0,251,57,1.297,1,2167,0,229.727,33.164,126.750,190.813,-17.313,3.414,-0.773,1.129,2.387,-33.078,-14.359,2.634,2.926,1.163,1.369,0,NULL,NULL,,3,0,2,7,255,1060,250,0,0
stim,107784,137905,0,137905,3335209.453,-0.756,0.287,0.127,-0.574,0,0,0,0,0,0,0,282,57,1.297,1,2167,0,238.561,34.750,162.188,174.938,1.813,3.652,-0.949,0.965,1.949,-34.695,-19.707,2.476,2.770,1.163,1.369,0,NULL,NULL,,3,0,2,7,255,1060,250,0,0
stim,107784,137905,0,137905,3335214.455,-0.754,0.298,0.127,-0.572,0,0,0,0,0,0,0,310,57,1.297,1,2167,0,242.721,35.794,190.625,148.813,20.750,3.883,-1.395,1.023,1.199,-35.773,-23.305,2.312,2.606,1.163,1.369,0,NULL,NULL,,3,0,2,7,255,1060,250,0,0
stim,107784,137905,0,137905,3335219.454,-0.751,0.308,0.125,-0.571,0,0,0,0,0,0,0,317,57,1.297,1,2167,0,249.681,38.517,213.313,122.188,43.688,3.840,-2.008,0.969,-2.281,-38.449,-25.887,2.144,2.440,1.163,1.369,0,NULL,NULL,,3,0,2,7,255,1060,250,0,0
stim,107784,137905,0,137905,3335224.455,-0.749,0.319,0.120,-0.568,0,0,0,0,0,0,0,319,57,1.297,1,2167,0,290.371,39.358,265.375,85.500,81.125,3.738,-2.008,1.137,-7.855,-38.566,-27.340,1.972,2.272,1.163,1.369,0,NULL,NULL,,3,0,2,7,255,1060,250,0,0
stim,107784,137905,0,137905,3335229.453,-0.746,0.331,0.113,-0.566,0,0,0,0,0,0,0,326,57,1.297,1,2167,0,340.193,39.434,324.500,46.125,91.125,2.996,-1.676,1.715,-8.227,-38.566,-27.340,1.800,2.098,1.163,1.369,0,NULL,NULL,,3,0,2,7,255,1060,250,0,0
stim,107784,137905,0,137905,3335234.455,-0.742,0.342,0.104,-0.567,0,0,0,0,0,0,0,325,57,1.297,1,2167,0,333.887,37.629,333.063,-1.813,23.375,2.461,-0.922,2.754,-8.227,-36.719,-18.574,1.620,1.920,1.163,1.369,0,NULL,NULL,,3,0,2,7,255,1060,250,0,0
stim,107816,137937,0,137937,3335239.454,-0.738,0.349,0.097,-0.569,0,0,0,0,0,0,0,310,57,1.297,1,2167,0,243.581,37.181,239.000,-43.063,-18.875,2.539,-0.422,3.656,-5.844,-36.719,-5.844,1.438,1.738,1.163,1.369,0,NULL,NULL,,3,0,2,7,255,1060,250,0,0
stim,107816,137937,0,137937,3335244.455,-0.736,0.350,0.093,-0.572,0,0,0,0,0,0,0,331,57,1.297,1,2167,0,126.620,40.374,101.625,-72.063,-22.625,2.316,-0.723,3.527,-5.844,-39.949,1.172,1.252,1.554,1.163,1.369,0,NULL,NULL,,3,0,2,7,255,1060,250,0,0
stim,107816,137937,0,137937,3335249.454,-0.736,0.352,0.082,-0.572,123,0,0,383,0,6,0,461,57,1.297,1,2167,0,236.213,40.598,167.250,-144.438,83.438,1.457,-1.180,4.371,-7.227,-39.949,1.996,1.066,1.366,1.163,1.369,0,NULL,NULL,,3,0,2,7,255,1060,250,0,0
stim,107816,137937,0,137937,3335254.455,-0.737,0.360,0.054,-0.569,901,0,0,1174,0,83,0,499,57,1.297,1,2167,0,676.422,40.746,494.625,-365.438,281.688,1.836,1.438,8.996,-8.020,-39.949,10.215,0.880,1.178,1.163,1.369,0,NULL,NULL,,3,0,2,7,255,1060,250,0,0
stim,107816,137937,0,137937,3335259.454,-0.754,0.335,0.060,-0.561,1529,0,0,1647,0,360,0,567,57,1.297,1,2167,0,734.590,39.598,-657.500,-183.313,271.500,-0.086,0.902,5.875,-8.020,-38.777,39.227,0.696,0.990,1.163,1.369,0,NULL,NULL,,3,0,2,7,255,1060,250,0,0
stim,107816,137937,0,137937,3335264.455,-0.780,0.288,0.078,-0.550,2025,0,0,1873,0,585,0,651,57,1.297,1,2168,0,1319.713,31.608,-1253.813,-261.063,318.500,-0.238,4.543,0.305,-7.281,-30.758,39.227,0.518,0.802,1.163,1.369,1,1041.000,-19.000,,3,0,2,7,255,1060,250,0,0
stim,107845,137966,0,137966,3335269.454,-0.797,0.255,0.088,-0.540,2300,0,0,2074,0,855,0,731,57,1.297,1,2168,0,910.705,31.565,-845.500,-211.625,264.063,-1.293,3.613,-2.375,29.512,11.199,8.773,0.364,0.620,1.163,1.369,1,NULL,NULL,,3,0,2,7,255,1060,250,0,0
stim,107845,137966,0,137966,3335274.455,-0.805,0.240,0.089,-0.536,2491,0,0,2197,0,1017,0,819,57,1.297,1,2168,0,410.810,39.059,-352.875,-172.625,120.188,-1.863,0.906,-1.684,29.512,25.586,-14.535,0.270,0.472,1.163,1.369,1,NULL,NULL,,3,0,2,7,255,1060,250,0,0
stim,107845,137966,0,137966,3335279.453,-0.806,0.231,0.086,-0.538,2605,0,0,2298,0,1242,0,927,57,1.297,1,2168,0,214.824,25.655,-119.500,-176.625,-25.938,-0.848,-0.539,1.141,1.879,25.586,-14.535,0.266,0.400,1.163,1.369,1,NULL,NULL,,3,0,2,7,255,1060,250,0,0
stim,107845,137966,0,137966,3335284.455,-0.808,0.225,0.083,-0.538,2765,0,0,2515,0,1403,0,1031,57,1.297,1,2168,0,168.523,1.879,-94.250,-139.000,14.000,0.488,1.957,1.434,1.879,-0.027,1.992,0.300,0.402,1.163,1.369,1,NULL,NULL,,3,0,2,7,255,1060,250,0,0
stim,107880,138001,1,138001,3335289.454,-0.813,0.218,0.079,-0.533,2873,0,0,2693,0,1459,0,1114,57,1.297,1,2168,0,239.551,18.219,-99.750,-143.313,164.000,0.246,2.652,1.676,18.219,-0.027,5.664,0.326,0.438,1.163,1.369,2,NULL,NULL,,3,1,2,7,255,1060,250,0,0
stim,107880,138001,1,138001,3335294.455,-0.824,0.206,0.075,-0.522,2953,0,0,2823,0,1511,0,1241,57,1.297,1,2168,0,467.187,18.219,-262.625,-207.500,325.938,-1.848,-0.547,1.461,18.219,-0.023,8.137,0.336,0.470,1.163,1.369,2,NULL,NULL,,3,1,2,7,255,1060,250,0,0
stim,107880,138001,1,138001,3335299.454,-0.832,0.187,0.075,-0.518,3003,0,0,2921,0,1580,0,1370,57,1.297,1,2168,0,477.180,15.554,-409.625,-203.500,136.000,-2.617,-1.898,0.551,-13.836,7.105,8.137,0.354,0.494,1.163,1.369,2,NULL,NULL,,3,1,2,7,255,1060,250,0,0
stim,107880,138001,1,138001,3335304.455,-0.832,0.172,0.075,-0.522,3043,0,0,2988,0,1625,0,1513,57,1.297,1,2168,0,359.389,20.612,-275.938,-206.000,-102.875,-1.711,-1.094,-0.645,-16.965,11.707,-0.402,0.384,0.526,1.163,1.369,2,NULL,NULL,,3,1,2,7,255,1060,250,0,0
stim,107880,138001,1,138001,3335309.453,-0.828,0.165,0.070,-0.531,3063,0,0,3046,0,1683,0,1606,57,1.297,1,2168,0,307.519,20.612,-40.188,-201.063,-229.188,0.137,-0.199,0.227,-16.965,11.707,-8.434,0.412,0.556,1.163,1.369,2,NULL,NULL,,3,1,2,7,255,1060,250,0,0
stim,107880,138001,1,138001,3335314.455,-0.824,0.162,0.063,-0.539,3081,0,0,3091,0,1733,0,1645,57,1.297,1,2168,0,263.832,4.216,53.813,-173.938,-190.938,1.313,-0.863,1.758,-3.219,-2.723,-8.434,0.410,0.566,1.163,1.369,2,NULL,NULL,,3,1,2,7,255,1060,250,0,0
stim,107880,138002,1,138002,3335319.453,-0.823,0.157,0.059,-0.543,3096,0,0,3123,0,1779,0,1636,57,1.297,1,2168,0,159.466,20.265,-23.625,-143.000,-66.500,1.664,-1.629,2.387,-3.219,-20.008,1.430,0.374,0.550,1.163,1.369,2,NULL,NULL,,3,1,2,7,255,1060,250,0,0
stim,107880,138002,1,138002,3335324.455,-0.826,0.149,0.058,-0.540,3103,0,0,3148,0,1833,103,1620,57,1.297,1,2168,0,221.759,26.101,-162.938,-130.000,75.688,1.293,-1.906,2.109,-9.148,-24.445,3.797,0.320,0.522,1.163,1.369,2,NULL,NULL,,3,1,2,7,255,1060,250,0,0
stim,107880,138002,1,138002,3335329.454,-0.833,0.138,0.059,-0.533,3112,0,0,3170,0,1911,158,1630,57,1.297,1,2168,0,334.034,26.429,-248.125,-111.250,194.000,0.504,-1.336,0.988,-10.047,-24.445,3.797,0.264,0.484,1.163,1.369,2,NULL,NULL,,3,1,2,7,255,1060,250,0,0
stim,107880,138002,1,138002,3335334.455,-0.840,0.129,0.058,-0.524,3115,0,0,3180,0,2009,220,1670,57,1.297,1,2168,0,327.896,15.919,-191.563,-113.000,240.938,-0.438,-0.355,0.082,-10.047,-12.348,-3.531,0.208,0.438,1.163,1.369,2,NULL,NULL,,3,1,2,7,255,1060,250,0,0
stim,107907,138028,1,138028,3335339.454,-0.845,0.123,0.055,-0.518,3116,0,0,3187,5,2111,249,1753,57,1.297,1,2168,0,237.465,5.507,-95.500,-123.313,179.063,-1.008,0.117,0.375,-5.145,1.965,-3.941,0.162,0.378,1.163,1.369,2,NULL,NULL,,3,1,2,7,255,1060,250,0,0
stim,107907,138028,1,138028,3335344.455,-0.847,0.119,0.051,-0.516,3117,0,0,3192,331,2215,333,1959,57,1.297,1,2168,0,159.741,8.713,-54.125,-134.375,67.313,-1.105,0.281,1.090,-3.602,7.934,-3.941,0.136,0.308,1.163,1.369,2,NULL,NULL,,3,1,2,7,255,1060,250,0,0
stim,107907,138028,1,138028,3335349.453,-0.847,0.113,0.048,-0.518,3115,0,0,3195,544,2271,421,2103,57,1.297,1,2168,0,145.246,8.390,-70.938,-121.375,-36.500,-0.391,0.406,1.699,-2.730,7.934,3.164,0.142,0.242,1.163,1.369,2,NULL,NULL,,3,1,2,7,255,1060,250,0,0
stim,107907,138028,1,138028,3335354.455,-0.845,0.109,0.047,-0.522,3112,0,0,3196,811,2328,393,2196,57,1.297,1,2168,0,145.075,1.988,-66.750,-65.875,-110.688,0.227,0.355,1.809,1.570,1.219,7.410,0.162,0.194,1.163,1.369,2,NULL,NULL,,3,1,2,7,255,1060,250,0,0
stim,107934,138055,1,138055,3335359.454,-0.842,0.104,0.048,-0.527,3110,0,0,3199,1061,2359,437,2268,57,1.297,1,2168,0,172.156,5.873,-83.375,-54.438,-140.438,0.711,0.398,1.234,3.922,-4.371,7.410,0.178,0.172,1.163,1.369,2,NULL,NULL,,3,1,2,7,255,1060,250,0,0
stim,107934,138055,1,138055,3335364.455,-0.840,0.102,0.048,-0.530,3110,23,0,3199,1191,2387,459,2328,57,1.297,1,2168,0,105.989,8.637,-42.750,-39.250,-88.688,0.922,0.129,1.152,4.973,-7.063,1.039,0.188,0.166,1.163,1.369,2,NULL,NULL,,3,1,2,7,255,1060,250,0,0
stim,107934,138055,1,138055,3335369.453,-0.841,0.098,0.049,-0.530,3111,53,0,3209,1291,2406,483,2379,57,1.297,1,2168,0,85.210,9.949,-81.625,-22.375,9.875,0.344,-0.715,1.301,4.973,-8.617,1.039,0.194,0.162,1.163,1.369,2,NULL,NULL,,3,1,2,7,255,1060,250,0,0
stim,107934,138055,1,138055,3335374.455,-0.843,0.093,0.051,-0.528,3109,61,0,3199,1407,2418,489,2419,57,1.297,1,2168,0,138.196,9.903,-131.750,-16.500,38.313,-0.273,-0.859,0.996,-4.879,-8.617,-0.344,0.204,0.154,1.163,1.369,2,NULL,NULL,,3,1,2,7,255,1060,250,0,0
stim,107934,138055,1,138055,3335379.453,-0.843,0.089,0.052,-0.529,3109,91,0,3199,1468,2427,521,2443,57,1.297,1,2168,0,90.058,5.873,-87.813,-13.063,-15.125,-0.449,-0.277,0.488,-4.879,-3.270,-0.344,0.216,0.142,1.163,1.369,2,NULL,NULL,,3,1,2,7,255,1060,250,0,0
stim,107934,138055,1,138055,3335384.455,-0.841,0.089,0.052,-0.531,3110,110,0,3199,1549,2439,533,2463,57,1.297,1,2168,0,75.509,4.362,1.313,-17.250,-73.500,-0.137,-0.008,0.645,-4.359,-0.137,-3.387,0.232,0.126,1.163,1.369,2,NULL,NULL,,3,1,2,7,255,1060,250,0,0
stim,107974,138095,1,138095,3335389.454,-0.839,0.089,0.051,-0.534,3109,121,0,3205,1608,2450,525,2479,57,1.297,1,2168,0,66.439,0.621,21.000,-14.625,-61.313,0.211,-0.047,1.180,-0.605,-0.137,-3.387,0.250,0.112,1.163,1.369,2,NULL,NULL,,3,1,2,7,255,1060,250,0,0
stim,107974,138095,1,138095,3335394.455,-0.839,0.088,0.051,-0.534,3109,141,0,3197,1641,2456,489,2493,57,1.297,1,2168,0,30.418,3.847,-27.188,-12.125,-6.250,0.117,-0.102,1.262,-0.230,-3.840,1.113,0.264,0.098,1.163,1.369,2,NULL,NULL,,3,1,2,7,255,1060,250,0,0
stim,107974,138095,1,138095,3335399.454,-0.840,0.086,0.052,-0.533,3111,155,0,3193,1679,2463,480,2505,57,1.297,1,2168,0,52.918,3.847,-51.875,-5.813,8.688,-0.195,-0.020,1.008,-0.230,-3.840,1.113,0.278,0.088,1.163,1.369,2,NULL,NULL,,3,1,2,7,255,1060,250,0,0
stim,107974,138095,1,138095,3335404.455,-0.840,0.084,0.053,-0.534,3109,166,0,3193,1707,2471,473,2515,57,1.297,1,2168,0,44.070,0.447,-40.250,-5.563,-17.063,-0.297,0.082,0.891,-0.348,-0.281,0.230,0.290,0.078,1.163,1.369,2,NULL,NULL,,3,1,2,7,255,1060,250,0,0
stim,107974,138095,1,138095,3335409.453,-0.839,0.083,0.054,-0.535,3109,173,0,3191,1747,2475,469,2521,57,1.297,1,2168,0,43.929,0.447,-20.563,-6.250,-38.313,-0.148,0.020,0.910,-0.348,-0.281,-0.680,0.300,0.070,1.163,1.369,2,NULL,NULL,,3,1,2,7,255,1060,250,0,0
stim,107974,138095,1,138095,3335414.455,-0.838,0.082,0.054,-0.537,3107,181,0,3187,1771,2477,452,2527,57,1.297,1,2168,0,36.279,0.492,-13.688,-6.313,-33.000,-0.020,-0.070,1.012,-0.348,-0.348,-0.680,0.310,0.060,1.163,1.369,2,NULL,NULL,,3,1,2,7,255,1060,250,0,0
stim,107997,138118,1,138118,3335419.454,-0.838,0.081,0.054,-0.537,3107,181,3,3183,1789,2477,427,2535,57,1.297,1,2168,0,23.796,1.802,-16.750,-4.188,-16.375,-0.027,-0.023,1.055,-0.246,-1.785,-0.055,0.320,0.052,1.163,1.369,2,NULL,NULL,,3,1,2,7,255,1060,250,0,0
stim,107997,138118,1,138118,3335424.455,-0.838,0.080,0.054,-0.537,3103,175,12,3181,1821,2479,423,2537,57,1.297,1,2168,0,21.495,1.787,-18.125,-3.125,-11.125,-0.082,0.113,1.023,-0.078,-1.785,0.250,0.328,0.044,1.163,1.369,2,NULL,NULL,,3,1,2,7,255,1060,250,0,0
stim,107997,138118,1,138118,3335429.453,-0.837,0.080,0.054,-0.538,3103,173,59,3182,1836,2479,414,2541,57,1.297,1,2168,0,20.227,1.192,-12.250,-1.750,-16.000,-0.063,0.129,1.004,0.914,-0.766,0.250,0.336,0.040,1.163,1.369,2,NULL,NULL,,3,1,2,7,255,1060,250,0,0
stim,107997,138118,1,138118,3335434.455,-0.837,0.079,0.054,-0.539,3100,170,105,3177,1845,2479,377,2539,57,1.344,1,2168,1,15.258,1.192,-7.188,-1.500,-13.375,-0.008,0.027,1.031,0.914,-0.766,0.141,0.000,0.000,1.260,1.371,2,NULL,NULL,,3,1,2,7,255,1060,250,0,0
stim,107997,138118,1,138118,3335439.454,-0.837,0.079,0.054,-0.539,3099,171,123,3174,1853,2478,373,2539,57,1.344,1,2168,1,4.954,1.592,-4.250,-1.063,-2.313,-0.031,0.016,1.027,0.461,-1.523,0.141,0.004,0.004,1.260,1.371,2,NULL,NULL,,3,1,2,7,255,1060,250,0,0
stim,107997,138118,1,138118,3335444.455,-0.837,0.079,0.054,-0.539,3096,167,143,3172,1861,2475,363,2535,57,1.344,1,2168,1,2.620,1.592,-0.375,-0.688,2.500,-0.113,0.109,1.027,0.461,-1.523,0.145,0.008,0.006,1.260,1.371,2,NULL,NULL,,3,1,2,7,255,1060,250,0,0
stim,108019,138140,1,138140,3335449.454,-0.837,0.079,0.054,-0.539,3091,153,154,3166,1861,2471,349,2535,57,1.344,1,2168,1,4.725,0.875,3.938,-0.938,-2.438,-0.160,0.168,1.063,0.762,-0.430,0.324,0.012,0.008,1.260,1.371,2,NULL,NULL,,3,1,2,7,255,1060,250,0,0
stim,108019,138140,1,138140,3335454.455,-0.837,0.079,0.054,-0.539,3087,151,173,3159,1864,2463,349,2533,57,1.344,1,2168,1,8.874,1.112,2.438,-0.750,-8.500,-0.141,0.168,1.094,1.109,-0.078,0.773,0.014,0.010,1.260,1.371,2,NULL,NULL,,3,1,2,7,255,1060,250,0,0
stim,108019,138140,1,138140,3335459.453,-0.837,0.079,0.053,-0.539,3079,148,179,3147,1867,2456,345,2532,57,1.344,1,2168,1,8.008,1.198,-0.938,-0.500,-7.938,-0.109,0.164,1.074,1.195,-0.078,0.789,0.016,0.012,1.260,1.371,2,NULL,NULL,,3,1,2,7,255,1060,250,0,0
stim,108019,138140,1,138140,3335464.455,-0.837,0.079,0.053,-0.539,3065,147,183,3145,1867,2449,343,2525,57,1.344,1,2168,1,4.331,1.204,-2.438,-1.000,-3.438,-0.129,0.160,1.066,1.195,-0.148,0.789,0.018,0.012,1.260,1.371,2,NULL,NULL,,3,1,2,7,255,1060,250,0,0
stim,108019,138140,1,138140,3335469.453,-0.837,0.079,0.053,-0.539,3055,143,185,3139,1871,2440,341,2523,57,1.344,1,2168,1,6.276,1.170,-5.250,-1.125,-3.250,-0.152,0.168,1.063,1.160,-0.148,0.766,0.020,0.014,1.260,1.371,2,NULL,NULL,,3,1,2,7,255,1060,250,0,0
stim,108019,138140,1,138140,3335474.455,-0.837,0.079,0.053,-0.540,3047,139,203,3125,1875,2431,357,2531,57,1.344,1,2168,1,8.783,1.129,-7.750,-1.438,-3.875,-0.148,0.133,1.016,1.129,-0.016,0.750,0.022,0.014,1.260,1.371,2,NULL,NULL,,3,1,2,7,255,1060,250,0,0
stim,108079,138200,1,138200,3335479.454,-0.836,0.079,0.053,-0.540,3035,135,203,3117,1877,2423,343,2525,57,1.344,1,2168,1,7.764,0.828,-5.813,-2.500,-4.500,-0.156,0.082,0.977,0.828,-0.016,0.305,0.024,0.016,1.260,1.371,2,NULL,NULL,,3,1,2,7,255,1060,250,0,0
stim,108079,138200,1,138200,3335484.455,-0.836,0.078,0.053,-0.540,3021,127,229,3107,1892,2419,345,2521,57,1.344,1,2168,1,6.173,0.353,-3.438,-3.688,-3.563,-0.156,0.043,0.965,0.348,-0.063,-0.102,0.024,0.016,1.260,1.371,2,NULL,NULL,,3,1,2,7,255,1060,250,0,0
stim,108079,138200,1,138200,3335489.453,-0.836,0.078,0.053,-0.540,3003,125,255,3097,1899,2415,359,2523,57,1.344,1,2168,1,6.201,0.156,-2.625,-4.750,-3.000,-0.164,0.035,0.961,0.000,-0.156,-0.219,0.026,0.018,1.260,1.371,2,NULL,NULL,,3,1,2,7,255,1060,250,0,0
stim,108079,138200,1,138200,3335494.455,-0.836,0.078,0.053,-0.540,2988,135,281,3087,1909,2411,362,2527,57,1.344,1,2168,1,6.949,0.198,-1.438,-5.938,-3.313,-0.172,0.023,0.945,-0.121,-0.156,-0.270,0.026,0.018,1.260,1.371,2,NULL,NULL,,3,1,2,7,255,1060,250,0,0
stim,108079,138200,1,138200,3335499.454,-0.836,0.078,0.053,-0.540,2974,135,311,3064,1926,2409,361,2533,57,1.344,1,2168,1,8.243,0.308,1.063,-7.500,-3.250,-0.168,0.000,0.941,-0.266,-0.156,-0.395,0.026,0.016,1.260,1.371,2,NULL,NULL,,3,1,2,7,255,1060,250,0,0
stim,108079,138200,1,138200,3335504.455,-0.836,0.078,0.052,-0.540,2963,137,327,3052,1933,2412,375,2539,57,1.344,1,2168,1,9.721,0.490,2.750,-9.000,-2.438,-0.164,-0.016,0.938,-0.453,-0.188,-0.434,0.024,0.014,1.260,1.371,2,NULL,NULL,,3,1,2,7,255,1060,250,0,0
stim,108079,138200,1,138200,3335509.454,-0.836,0.077,0.052,-0.540,2949,133,359,3037,1951,2411,393,2547,57,1.344,1,2168,1,11.662,0.657,4.625,-10.688,-0.625,-0.172,-0.039,0.934,-0.598,-0.273,-0.512,0.022,0.012,1.260,1.371,2,NULL,NULL,,3,1,2,7,255,1060,250,0,0
stim,108079,138200,1,138200,3335514.455,-0.836,0.077,0.052,-0.540,2925,135,442,3023,1975,2413,410,2567,57,1.344,1,2168,1,13.591,0.887,6.000,-12.188,-0.438,-0.191,-0.055,0.930,-0.844,-0.273,-0.527,0.020,0.010,1.260,1.371,2,NULL,NULL,,3,1,2,7,255,1060,250,0,0
stim,108079,138200,1,138200,3335519.453,-0.836,0.077,0.051,-0.541,2905,138,477,3001,2003,2415,437,2579,57,1.344,1,2168,1,16.748,0.959,7.813,-14.750,-1.375,-0.207,-0.031,0.930,-0.941,-0.184,-0.527,0.018,0.006,1.260,1.371,2,NULL,NULL,,3,1,2,7,255,1060,250,0,0
stim,108079,138200,1,138200,3335524.455,-0.836,0.077,0.050,-0.541,2886,138,539,2987,2031,2421,467,2588,57,1.344,1,2168,1,20.978,0.944,11.250,-17.125,-4.500,-0.223,0.023,0.953,-0.941,0.066,-0.516,0.018,0.004,1.260,1.371,2,NULL,NULL,,3,1,2,7,255,1060,250,0,0
stim,108079,138200,1,138200,3335529.453,-0.836,0.077,0.049,-0.541,2857,146,611,2963,2069,2424,523,2611,57,1.344,1,2168,1,24.570,0.621,12.813,-18.875,-9.125,-0.230,0.109,1.008,-0.492,0.379,-0.242,0.020,0.008,1.260,1.371,2,NULL,NULL,,3,1,2,7,255,1060,250,0,0
stim,108079,138200,1,138200,3335534.455,-0.836,0.077,0.048,-0.542,2835,150,697,2934,2119,2430,562,2629,57,1.344,1,2168,1,26.688,0.601,10.313,-20.500,-13.625,-0.203,0.145,1.043,0.223,0.559,0.324,0.024,0.014,1.260,1.371,2,NULL,NULL,,3,1,2,7,255,1060,250,0,0
stim,108117,138238,0,138238,3335539.454,-0.835,0.077,0.047,-0.542,2799,152,750,2904,2183,2431,667,2645,57,1.344,1,2168,1,26.104,0.871,5.625,-22.000,-12.875,-0.168,0.156,1.039,0.668,0.559,0.563,0.026,0.020,1.260,1.371,2,NULL,NULL,,3,0,2,7,255,1065,250,0,0
stim,108117,138238,0,138238,3335544.455,-0.835,0.077,0.046,-0.543,2769,167,865,2876,2238,2443,793,2664,57,1.344,1,2168,1,25.778,0.975,2.438,-22.750,-11.875,-0.172,0.164,1.023,0.871,0.438,0.563,0.030,0.026,1.260,1.371,2,NULL,NULL,,3,0,2,7,255,1065,250,0,0
stim,108117,138238,0,138238,3335549.453,-0.835,0.076,0.045,-0.543,2727,175,987,2859,2293,2447,911,2685,57,1.344,1,2168,1,28.621,1.027,1.688,-23.500,-16.250,-0.199,0.180,1.020,0.930,0.438,0.430,0.036,0.030,1.260,1.371,2,NULL,NULL,,3,0,2,7,255,1065,250,0,0
stim,108117,138238,0,138238,3335554.455,-0.834,0.076,0.044,-0.544,2693,197,1115,2828,2343,2467,1051,2702,57,1.344,1,2168,1,33.220,1.223,3.188,-23.938,-22.813,-0.195,0.234,1.035,0.953,0.766,0.430,0.040,0.036,1.260,1.371,2,NULL,NULL,,3,0,2,7,255,1065,250,0,0
stim,108117,138238,0,138238,3335559.453,-0.834,0.076,0.043,-0.545,2633,227,1199,2799,2389,2456,1163,2716,57,1.344,1,2168,1,38.078,1.639,3.375,-23.125,-30.063,-0.145,0.285,1.066,1.449,0.766,0.605,0.044,0.040,1.260,1.371,2,NULL,NULL,,3,0,2,7,255,1065,250,0,0
stim,108117,138238,0,138238,3335564.455,-0.833,0.075,0.042,-0.547,2578,240,1359,2776,2439,2463,1261,2738,57,1.344,1,2168,1,41.556,2.200,-1.875,-21.313,-35.625,-0.086,0.277,1.090,2.102,0.652,0.871,0.048,0.046,1.260,1.371,2,NULL,NULL,,3,0,2,7,255,1065,250,0,0
stim,108138,138259,0,138259,3335569.454,-0.832,0.074,0.042,-0.548,2513,245,1472,2760,2483,2467,1389,2743,57,1.344,1,2168,1,43.681,2.103,-12.063,-19.000,-37.438,-0.070,0.180,1.086,2.102,0.082,0.887,0.050,0.050,1.260,1.371,2,NULL,NULL,,3,0,2,7,255,1065,250,0,0
stim,108138,138259,0,138259,3335574.455,-0.831,0.073,0.042,-0.549,2450,250,1627,2723,2519,2464,1512,2751,57,1.344,1,2168,1,46.820,1.514,-22.000,-17.375,-37.500,-0.105,0.074,1.047,1.449,-0.438,0.887,0.050,0.052,1.260,1.371,2,NULL,NULL,,3,0,2,7,255,1065,250,0,0
stim,108138,138259,0,138259,3335579.453,-0.830,0.071,0.042,-0.551,2377,251,1753,2695,2572,2479,1629,2775,57,1.344,1,2168,1,51.607,0.574,-26.250,-17.125,-41.000,-0.164,0.031,0.992,0.371,-0.438,0.492,0.048,0.050,1.260,1.371,2,NULL,NULL,,3,0,2,7,255,1065,250,0,0
stim,108138,138259,0,138259,3335584.455,-0.829,0.070,0.042,-0.553,2303,285,1885,2660,2603,2472,1720,2797,57,1.344,1,2168,1,59.116,0.063,-25.188,-16.875,-50.750,-0.195,0.063,0.996,-0.063,0.008,0.129,0.044,0.048,1.260,1.371,2,NULL,NULL,,3,0,2,7,255,1065,250,0,0
stim,108179,138300,0,138300,3335589.453,-0.828,0.068,0.042,-0.555,2197,308,2004,2628,2649,2472,1837,2794,57,1.344,1,2168,1,72.379,0.269,-27.750,-17.563,-64.500,-0.176,0.078,1.055,-0.063,0.262,0.129,0.040,0.044,1.260,1.371,2,NULL,NULL,,3,0,2,7,255,1065,250,0,0
stim,108179,138300,0,138300,3335594.455,-0.826,0.066,0.043,-0.558,2115,319,2154,2579,2677,2475,1939,2815,57,1.344,1,2168,1,84.867,0.262,-40.750,-18.188,-72.188,-0.133,0.035,1.125,0.012,0.262,0.672,0.036,0.042,1.260,1.371,2,NULL,NULL,,3,0,2,7,255,1065,250,0,0
stim,108179,138300,0,138300,3335599.454,-0.825,0.063,0.044,-0.560,2007,318,2261,2533,2713,2483,2021,2829,57,1.344,1,2168,1,99.069,0.356,-63.563,-18.063,-73.813,-0.113,-0.004,1.129,0.012,-0.355,1.293,0.032,0.038,1.260,1.371,2,NULL,NULL,,3,0,2,7,255,1065,250,0,0
stim,108179,138300,0,138300,3335604.455,-0.823,0.060,0.045,-0.563,1909,345,2363,2479,2737,2471,2107,2841,57,1.344,1,2168,0,108.838,0.673,-78.063,-17.688,-73.750,-0.105,-0.035,1.047,-0.207,-0.641,1.293,0.028,0.038,1.260,1.371,2,NULL,NULL,,3,0,2,7,255,1065,250,0,0
stim,108179,138300,0,138300,3335609.453,-0.822,0.056,0.047,-0.565,1787,350,2471,2412,2759,2471,2189,2846,57,1.344,1,2168,0,108.861,0.793,-83.438,-20.000,-67.000,-0.109,-0.109,0.980,-0.422,-0.672,0.484,0.024,0.036,1.260,1.371,2,NULL,NULL,,3,0,2,7,255,1065,250,0,0
stim,108179,138300,0,138300,3335614.455,-0.821,0.052,0.048,-0.567,1641,356,2537,2344,2793,2473,2269,2863,57,1.344,1,2168,0,104.660,1.247,-80.750,-23.125,-62.438,-0.152,-0.113,0.965,-1.051,-0.672,-0.152,0.022,0.036,1.260,1.371,2,NULL,NULL,,3,0,2,7,255,1065,250,0,0
stim,108179,138300,0,138300,3335619.453,-0.819,0.049,0.049,-0.569,1440,346,2592,2249,2823,2461,2335,2861,57,1.344,1,2168,0,104.511,1.097,-76.125,-24.250,-67.375,-0.160,-0.082,0.961,-1.051,-0.316,-0.234,0.018,0.036,1.260,1.371,2,NULL,NULL,,3,0,2,7,255,1065,250,0,0
stim,108179,138300,0,138300,3335624.455,-0.818,0.045,0.050,-0.572,1255,339,2653,2163,2835,2459,2407,2879,57,1.344,1,2168,0,99.162,0.886,-64.750,-26.563,-70.250,-0.113,-0.035,0.934,-0.852,-0.246,-0.254,0.016,0.034,1.260,1.371,2,NULL,NULL,,3,0,2,7,255,1065,250,0,0
stim,108179,138300,0,138300,3335629.454,-0.816,0.042,0.050,-0.574,1095,341,2705,2055,2847,2455,2471,2887,57,1.344,1,2168,0,91.268,0.340,-55.625,-28.375,-66.563,-0.098,-0.031,0.980,-0.234,-0.246,-0.254,0.016,0.034,1.260,1.371,2,NULL,NULL,,3,0,2,7,255,1065,250,0,0
stim,108179,138300,0,138300,3335634.455,-0.815,0.040,0.050,-0.576,911,307,2749,1909,2887,2447,2517,2905,57,1.344,1,2168,0,84.617,0.262,-48.750,-29.750,-62.438,-0.117,-0.008,1.035,-0.090,-0.246,-0.141,0.018,0.034,1.260,1.371,2,NULL,NULL,,3,0,2,7,255,1065,250,0,0
stim,108206,138327,0,138327,3335639.454,-0.813,0.037,0.050,-0.578,700,281,2780,1705,2888,2438,2569,2907,57,1.344,1,2168,0,83.764,0.208,-49.313,-33.000,-59.125,-0.137,0.027,1.070,0.137,-0.156,0.398,0.018,0.034,1.260,1.371,2,NULL,NULL,,3,0,2,7,255,1065,250,0,0
stim,108206,138327,0,138327,3335644.455,-0.812,0.034,0.050,-0.580,483,233,2815,1471,2918,2421,2621,2909,57,1.344,1,2168,0,81.107,0.396,-46.313,-34.313,-57.063,-0.109,0.008,1.035,0.383,-0.102,0.398,0.018,0.034,1.260,1.371,2,NULL,NULL,,3,0,2,7,255,1065,250,0,0
stim,108206,138327,0,138327,3335649.454,-0.811,0.032,0.050,-0.582,347,186,2859,1229,2921,2409,2655,2919,57,1.344,1,2168,0,79.821,0.396,-43.000,-36.375,-56.563,-0.090,-0.082,1.012,0.383,-0.102,0.395,0.018,0.034,1.260,1.371,2,NULL,NULL,,3,0,2,7,255,1065,250,0,0
stim,108206,138327,0,138327,3335654.455,-0.810,0.029,0.050,-0.584,157,151,2867,932,2934,2387,2696,2927,57,1.344,1,2168,0,72.148,0.620,-34.688,-41.063,-48.125,-0.016,-0.125,1.016,-0.371,-0.496,0.148,0.020,0.034,1.260,1.371,2,NULL,NULL,,3,0,2,7,255,1065,250,0,0
stim,108231,138352,0,138352,3335659.453,-0.809,0.027,0.049,-0.585,55,91,2892,701,2964,2359,2718,2931,57,1.344,1,2168,0,62.907,1.319,-27.313,-41.813,-38.250,0.020,-0.070,0.961,-0.371,-1.266,0.141,0.022,0.032,1.260,1.371,2,NULL,NULL,,3,0,2,7,255,1065,250,0,0
stim,108231,138352,0,138352,3335664.455,-0.809,0.025,0.047,-0.586,3,43,2910,498,2968,2323,2751,2951,57,1.344,1,2168,0,53.790,1.267,-15.750,-42.563,-28.875,-0.020,0.023,0.984,0.055,-1.266,-0.230,0.024,0.032,1.260,1.371,2,NULL,NULL,,3,0,2,7,255,1065,250,0,0
stim,108231,138352,0,138352,3335669.453,-0.808,0.024,0.046,-0.587,0,17,2919,303,2975,2291,2775,2943,57,1.344,1,2168,0,54.537,1.037,-6.625,-47.063,-26.750,-0.070,0.066,1.035,0.797,-0.664,-0.230,0.024,0.034,1.260,1.371,2,NULL,NULL,,3,0,2,7,255,1065,250,0,0
stim,108231,138352,0,138352,3335674.455,-0.807,0.023,0.044,-0.588,0,0,2927,245,2987,2259,2795,2952,57,1.344,1,2168,0,59.485,0.798,6.625,-51.688,-28.688,-0.152,-0.016,1.086,0.797,-0.039,0.305,0.020,0.038,1.260,1.371,2,NULL,NULL,,3,0,2,7,255,1065,250,0,0
stim,108231,138352,0,138352,3335679.454,-0.807,0.023,0.041,-0.588,0,0,2937,213,2991,2247,2823,2959,57,1.344,1,2168,0,81.179,0.480,50.438,-63.563,-2.438,-0.348,-0.176,1.422,0.082,0.473,0.914,0.014,0.048,1.260,1.371,2,NULL,NULL,,3,0,2,7,255,1065,250,0,0
stim,108231,138352,0,138352,3335684.455,-0.808,0.023,0.036,-0.588,0,0,2959,175,3019,2217,2845,2971,57,1.344,1,2168,0,104.815,2.386,67.188,-77.875,20.188,-0.535,-0.195,1.844,-1.789,1.578,4.449,0.008,0.056,1.260,1.371,2,NULL,NULL,,3,0,2,7,255,1065,250,0,0
stim,108276,138397,0,138397,3335689.453,-0.808,0.020,0.034,-0.588,0,0,2955,139,3015,2172,2867,2969,57,1.344,1,2168,0,86.075,2.386,-28.750,-79.625,-15.563,-0.242,-0.098,1.645,-1.789,1.578,6.457,0.004,0.064,1.260,1.371,2,NULL,NULL,,3,0,2,7,255,1065,250,0,0
stim,108276,138397,0,138397,3335694.455,-0.807,0.015,0.034,-0.589,0,0,2958,103,3031,2119,2887,2983,57,1.344,1,2168,0,123.170,2.422,-92.875,-76.063,-27.563,0.000,-0.309,1.074,-2.262,0.867,6.457,0.006,0.070,1.260,1.371,3,NULL,NULL,,3,0,2,7,255,1065,250,0,0
stim,108276,138397,0,138397,3335699.454,-0.808,0.011,0.032,-0.588,0,0,2963,71,3043,2043,2885,2979,57,1.344,1,2168,0,97.779,1.506,-41.750,-85.063,24.125,-0.008,-0.176,0.844,-1.188,-0.926,0.836,0.014,0.076,1.260,1.371,3,NULL,NULL,,3,0,2,7,255,1065,250,0,0
stim,108276,138397,0,138397,3335704.455,-0.810,0.009,0.029,-0.586,0,0,2962,42,3044,1969,2909,2979,57,1.344,1,2168,0,105.284,1.506,13.375,-93.938,45.625,-0.227,0.125,0.973,-1.188,-0.926,-0.254,0.022,0.084,1.260,1.371,3,NULL,NULL,,3,0,2,7,255,1065,250,0,0
stim,108276,138397,0,138397,3335709.454,-0.810,0.008,0.025,-0.586,0,0,2965,0,3050,1881,2915,2975,57,1.344,1,2168,0,102.762,2.269,28.813,-97.375,15.750,-0.336,0.176,1.180,1.004,2.035,-0.254,0.032,0.094,1.260,1.371,3,NULL,NULL,,3,0,2,7,255,1065,250,0,0
stim,108276,138397,0,138397,3335714.455,-0.810,0.006,0.020,-0.586,0,0,2958,0,3059,1782,2937,2972,57,1.344,1,2168,0,106.864,2.464,27.188,-103.313,-2.688,-0.277,0.020,1.367,1.004,2.250,1.809,0.042,0.106,1.260,1.371,3,NULL,NULL,,3,0,2,7,255,1065,250,0,0
stim,108296,138417,0,138417,3335719.453,-0.811,0.004,0.016,-0.585,0,0,2959,0,3055,1681,2949,2981,57,1.344,1,2168,0,109.479,2.250,12.500,-108.750,1.688,-0.184,-0.137,1.422,-0.020,2.250,3.656,0.052,0.116,1.260,1.371,3,NULL,NULL,,3,0,2,7,255,1065,250,0,0
stim,108296,138417,0,138417,3335724.455,-0.811,0.001,0.013,-0.585,0,0,2937,0,3059,1541,2943,2972,57,1.344,1,2168,0,113.869,1.569,-7.688,-113.000,11.750,-0.148,-0.176,1.332,-1.203,1.008,3.656,0.060,0.128,1.260,1.371,3,NULL,NULL,,3,0,2,7,255,1065,250,0,0
stim,108296,138417,0,138417,3335729.453,-0.812,-0.002,0.009,-0.584,0,0,2939,0,3065,1372,2952,2966,57,1.344,1,2168,0,122.558,1.569,-10.500,-119.813,23.563,-0.199,-0.055,1.301,-1.203,1.008,3.352,0.068,0.138,1.260,1.371,3,NULL,NULL,,3,0,2,7,255,1065,250,0,0
stim,108296,138417,0,138417,3335734.455,-0.812,-0.006,0.005,-0.583,0,0,2925,0,3069,1204,2959,2957,57,1.344,1,2168,0,126.974,1.754,-12.563,-125.063,18.000,-0.238,0.078,1.258,-0.609,1.645,2.980,0.078,0.150,1.260,1.371,3,NULL,NULL,,3,0,2,7,255,1065,250,0,0
stim,108296,138417,0,138417,3335739.454,-0.813,-0.009,0.000,-0.582,0,0,2916,0,3067,995,2983,2953,57,1.344,1,2168,0,134.775,2.606,-1.375,-133.313,19.750,-0.246,0.090,1.273,0.430,2.570,2.578,0.088,0.162,1.260,1.371,3,NULL,NULL,,3,0,2,7,255,1065,250,0,0
stim,108296,138417,0,138417,3335744.455,-0.813,-0.013,-0.004,-0.582,0,0,2901,0,3087,779,2987,2943,57,1.344,1,2168,0,140.672,2.606,-7.563,-139.750,14.188,-0.203,0.066,1.332,0.430,2.570,2.578,0.100,0.174,1.260,1.371,3,NULL,NULL,,3,0,2,7,255,1065,250,0,0
stim,108296,138417,0,138417,3335749.453,-0.814,-0.017,-0.009,-0.581,0,0,2899,0,3087,607,3007,2927,57,1.344,1,2168,0,147.039,2.609,-13.188,-145.313,18.188,-0.250,-0.086,1.297,0.348,2.586,2.828,0.110,0.186,1.260,1.371,3,NULL,NULL,,3,0,2,7,255,1065,250,0,0
stim,108296,138417,0,138417,3335754.455,-0.814,-0.021,-0.014,-0.580,0,0,2869,0,3087,461,3007,2907,57,1.344,1,2168,0,153.998,2.785,-15.563,-152.938,9.125,-0.172,-0.129,1.223,-1.266,2.480,2.828,0.122,0.200,1.260,1.371,3,NULL,NULL,,3,0,2,7,255,1065,250,0,0
stim,108332,138453,0,138453,3335759.454,-0.815,-0.026,-0.019,-0.579,0,0,2858,0,3083,281,3019,2888,57,1.344,1,2168,0,161.032,2.327,-19.125,-159.250,14.313,-0.168,-0.211,1.125,-1.449,1.820,2.133,0.134,0.212,1.260,1.371,3,NULL,NULL,,3,0,2,7,255,1065,250,0,0
stim,108332,138453,0,138453,3335764.455,-0.815,-0.030,-0.024,-0.578,0,0,2823,0,3080,147,3022,2857,57,1.344,1,2168,0,167.833,2.287,-6.375,-166.750,17.938,-0.125,-0.098,1.172,-1.449,1.770,1.586,0.146,0.226,1.260,1.371,3,NULL,NULL,,3,0,2,7,255,1065,250,0,0
stim,108332,138453,0,138453,3335769.454,-0.815,-0.034,-0.030,-0.577,0,0,2788,0,3081,48,3035,2826,57,1.344,1,2168,0,173.165,2.080,-8.688,-172.188,16.188,-0.156,-0.008,1.137,-1.094,1.770,1.203,0.158,0.240,1.260,1.371,3,NULL,NULL,,3,0,2,7,255,1065,250,0,0
stim,108332,138453,0,138453,3335774.455,-0.816,-0.038,-0.036,-0.576,0,0,2759,0,3087,5,3044,2803,57,1.344,1,2168,0,177.913,2.514,6.688,-177.250,13.813,-0.160,0.012,1.129,-0.434,2.477,1.148,0.170,0.252,1.260,1.371,3,NULL,NULL,,3,0,2,7,255,1065,250,0,0
stim,108387,138508,0,138508,3335779.453,-0.816,-0.042,-0.043,-0.575,0,0,2723,0,3087,0,3038,2765,57,1.344,1,2168,0,190.829,2.739,20.688,-189.125,14.813,-0.164,0.023,1.297,-0.359,2.715,1.148,0.184,0.268,1.260,1.371,3,NULL,NULL,,3,0,2,7,255,1065,250,0,0
stim,108387,138508,0,138508,3335784.455,-0.816,-0.046,-0.050,-0.574,0,0,2668,0,3081,0,3040,2715,57,1.344,1,2168,0,198.066,3.174,20.938,-196.375,15.125,-0.125,0.055,1.496,-0.301,3.160,2.590,0.204,0.288,1.260,1.371,3,NULL,NULL,,3,0,2,7,255,1065,250,0,0
stim,108387,138508,0,138508,3335789.454,-0.816,-0.050,-0.058,-0.573,0,0,2590,0,3068,0,3050,2663,57,1.344,1,2168,0,201.640,3.363,23.438,-200.063,9.188,-0.078,0.164,1.688,0.000,3.363,4.512,0.232,0.316,1.260,1.371,3,NULL,NULL,,3,0,2,7,255,1065,250,0,0
stim,108387,138508,0,138508,3335794.455,-0.816,-0.055,-0.066,-0.571,0,0,2523,0,3059,1,3044,2600,57,1.344,1,2168,0,209.243,3.951,16.813,-207.500,21.063,-0.074,0.289,1.957,1.035,3.813,6.344,0.270,0.356,1.260,1.371,3,NULL,NULL,,3,0,2,7,255,1065,250,0,0
stim,108387,138508,0,138508,3335799.454,-0.817,-0.060,-0.073,-0.569,0,0,2437,0,3049,21,3047,2536,57,1.344,1,2168,0,222.794,5.328,-3.688,-218.375,44.000,-0.250,0.398,2.195,2.051,4.918,8.832,0.320,0.406,1.260,1.371,3,NULL,NULL,,3,0,2,7,255,1065,250,0,0
stim,108387,138508,0,138508,3335804.455,-0.817,-0.068,-0.081,-0.566,0,0,2340,0,3036,59,3043,2436,57,1.344,1,2168,0,248.671,7.900,-34.250,-239.375,58.000,-0.480,0.438,2.297,2.051,7.629,10.652,0.376,0.462,1.260,1.371,3,NULL,NULL,,3,0,2,7,255,1065,250,0,0
stim,108387,138508,0,138508,3335809.453,-0.818,-0.076,-0.089,-0.563,0,0,2219,0,3026,72,3031,2309,57,1.344,1,2168,0,275.502,10.653,-50.250,-263.938,60.938,-0.719,0.469,2.484,1.727,10.512,10.988,0.440,0.526,1.260,1.371,3,NULL,NULL,,3,0,2,7,255,1065,250,0,0
stim,108387,138508,0,138508,3335814.455,-0.818,-0.086,-0.097,-0.560,0,0,2084,0,3012,91,3027,2186,57,1.344,1,2168,0,307.238,13.753,-75.813,-293.750,48.563,-0.766,0.645,2.582,1.727,13.645,11.992,0.510,0.596,1.260,1.371,3,NULL,NULL,,3,0,2,7,255,1065,250,0,0
stim,108387,138508,0,138508,3335819.454,-0.817,-0.098,-0.106,-0.558,0,0,1938,0,2981,107,2995,2035,57,1.344,1,2168,0,336.517,15.657,-100.125,-320.313,24.875,-0.629,0.891,2.535,2.367,15.477,11.992,0.586,0.674,1.260,1.371,3,NULL,NULL,,3,0,2,7,255,1065,250,0,0
stim,108387,138508,0,138508,3335824.455,-0.816,-0.111,-0.115,-0.556,0,0,1802,0,2943,119,2957,1908,57,1.344,1,2168,0,368.412,16.437,-121.125,-346.813,27.875,-0.559,0.938,2.574,5.055,15.641,11.645,0.670,0.756,1.260,1.371,3,NULL,NULL,,3,0,2,7,255,1065,250,0,0
stim,108387,138508,0,138508,3335829.453,-0.814,-0.125,-0.125,-0.553,0,0,1705,0,2909,123,2911,1787,57,1.344,1,2168,0,394.618,16.961,-131.063,-369.813,42.250,-0.652,0.969,2.715,5.551,16.027,11.645,0.760,0.846,1.260,1.371,3,NULL,NULL,,3,0,2,7,255,1065,250,0,0
stim,108387,138508,0,138508,3335834.455,-0.813,-0.139,-0.135,-0.549,0,0,1631,0,2869,121,2862,1663,57,1.344,1,2168,0,420.596,18.967,-140.938,-394.313,39.438,-0.836,0.996,2.938,5.551,18.137,12.027,0.860,0.948,1.260,1.371,3,NULL,NULL,,3,0,2,7,255,1065,250,0,0
stim,108416,138537,0,138537,3335839.454,-0.810,-0.156,-0.145,-0.546,0,0,1532,0,2805,119,2790,1529,57,1.344,1,2168,0,452.927,22.020,-167.688,-419.938,26.000,-0.984,1.051,3.121,5.016,21.441,12.664,0.970,1.058,1.260,1.371,3,NULL,NULL,,3,0,2,7,255,1065,250,0,0
stim,108416,138537,0,138537,3335844.455,-0.806,-0.174,-0.156,-0.544,0,0,1426,0,2739,97,2707,1387,57,1.344,1,2168,0,488.900,24.948,-206.875,-442.875,9.375,-0.992,0.984,3.020,4.926,24.457,12.664,1.088,1.178,1.260,1.371,3,NULL,NULL,,3,0,2,7,255,1065,250,0,0
stim,108416,138537,0,138537,3335849.454,-0.801,-0.191,-0.167,-0.542,0,0,1268,0,2641,77,2581,1257,57,1.344,1,2168,0,501.762,25.159,-197.500,-460.688,-22.938,-0.980,0.758,3.098,4.434,24.766,10.875,1.208,1.298,1.260,1.371,3,NULL,NULL,,3,0,2,7,255,1065,250,0,0
stim,108416,138537,0,138537,3335854.455,-0.795,-0.209,-0.180,-0.540,0,0,1092,0,2501,62,2426,1061,57,1.344,1,2168,0,516.871,25.314,-192.688,-477.813,-41.500,-0.914,0.656,3.289,2.449,25.195,10.875,1.324,1.416,1.260,1.371,3,NULL,NULL,,3,0,2,7,255,1065,250,0,0
stim,108416,138537,0,138537,3335859.454,-0.789,-0.228,-0.192,-0.538,0,0,867,0,2327,9,2211,943,57,1.344,1,2168,0,535.991,26.249,-209.500,-491.375,-44.125,-0.816,0.457,3.340,1.789,26.188,11.762,1.428,1.520,1.260,1.371,3,NULL,NULL,,3,0,2,7,255,1065,250,0,0
stim,108416,138537,0,138537,3335864.455,-0.781,-0.248,-0.204,-0.535,0,0,654,0,2077,0,1903,829,57,1.344,1,2168,0,567.002,26.191,-247.313,-509.250,-31.500,-0.754,0.102,3.102,0.410,26.188,11.762,1.518,1.612,1.260,1.371,3,NULL,NULL,,3,0,2,7,255,1065,250,0,0
stim,108439,138560,0,138560,3335869.453,-0.774,-0.270,-0.215,-0.531,0,0,419,0,1815,0,1555,692,57,1.344,1,2168,0,594.899,24.472,-281.875,-523.875,2.500,-0.516,-0.262,2.383,-2.430,24.352,9.668,1.600,1.698,1.260,1.371,3,NULL,NULL,,3,0,2,7,255,1065,250,0,0
stim,108439,138560,0,138560,3335874.455,-0.766,-0.291,-0.227,-0.526,0,0,267,0,1455,0,1053,567,57,1.344,1,2168,0,584.529,18.685,-239.313,-533.063,15.750,-0.391,-0.449,1.715,-4.617,18.105,5.285,1.686,1.784,1.260,1.371,3,NULL,NULL,,3,0,2,7,255,1065,250,0,0
stim,108439,138560,0,138560,3335879.454,-0.760,-0.308,-0.241,-0.518,0,0,203,0,1115,0,410,478,57,1.344,1,2168,0,562.912,14.345,-139.938,-543.375,45.063,-0.430,-0.199,1.605,-4.617,13.582,0.824,1.782,1.882,1.260,1.371,3,NULL,NULL,,3,0,2,7,255,1065,250,0,0
stim,108439,138560,0,138560,3335884.455,-0.756,-0.323,-0.257,-0.508,0,0,111,0,776,0,35,425,57,1.344,1,2168,0,559.210,14.066,-33.313,-552.688,78.375,-0.762,0.121,2.199,-3.656,13.582,-1.398,1.890,1.992,1.260,1.371,3,NULL,NULL,,3,0,2,7,255,1065,250,0,0
stim,108483,138604,0,138604,3335889.453,-0.753,-0.337,-0.273,-0.495,0,0,104,0,306,0,0,356,57,1.344,1,2168,0,585.732,21.303,-13.188,-569.000,138.375,-1.320,0.309,2.781,-3.246,21.055,-1.406,2.000,2.104,1.260,1.371,3,NULL,NULL,,3,0,2,7,255,1065,250,0,0
stim,108483,138604,0,138604,3335894.455,-0.748,-0.356,-0.285,-0.483,0,0,45,0,0,0,0,294,57,1.344,1,2168,0,589.600,29.522,-144.375,-551.313,151.125,-1.504,1.145,2.590,-2.285,29.434,-3.410,2.106,2.210,1.260,1.371,3,NULL,NULL,,3,0,2,7,255,1065,250,0,0
stim,108483,138604,0,138604,3335899.454,-0.739,-0.376,-0.294,-0.475,0,0,28,0,0,0,0,237,57,1.344,1,2168,0,576.121,29.636,-273.688,-501.688,72.938,-1.246,1.820,1.863,3.461,29.434,-9.625,2.198,2.302,1.260,1.371,3,NULL,NULL,,3,0,2,7,255,1065,250,0,0
stim,108483,138604,0,138604,3335904.455,-0.728,-0.397,-0.301,-0.471,0,0,30,0,0,0,0,171,57,1.344,1,2168,0,559.293,27.739,-333.125,-448.313,29.188,-0.734,2.109,1.469,10.973,25.477,-14.934,2.270,2.374,1.260,1.371,4,NULL,NULL,,3,0,2,7,255,1065,250,0,0
stim,108483,138604,0,138604,3335909.454,-0.718,-0.419,-0.302,-0.466,0,0,35,0,0,0,0,157,57,1.344,1,2168,0,571.236,22.918,-416.438,-375.000,110.750,-1.098,1.629,1.078,10.973,20.121,-14.934,2.324,2.428,1.260,1.371,0,NULL,NULL,,3,0,2,7,255,1065,250,0,0
stim,108483,138604,0,138604,3335914.455,-0.708,-0.444,-0.296,-0.462,0,0,33,0,0,0,0,151,57,1.344,1,2168,0,643.349,20.272,-556.313,-270.750,176.375,-0.941,1.676,-0.098,11.297,16.832,-19.219,2.368,2.474,1.260,1.371,0,NULL,NULL,,3,0,2,7,255,1065,250,0,0
stim,108483,138604,0,138604,3335919.453,-0.699,-0.461,-0.292,-0.463,0,0,29,0,0,0,0,140,57,1.344,1,2168,0,448.668,11.587,-415.938,-165.188,31.813,-0.691,0.480,-1.199,10.383,5.145,-21.930,2.414,2.522,1.260,1.371,0,NULL,NULL,,3,0,2,7,255,1065,250,0,0
stim,108483,138604,0,138604,3335924.455,-0.695,-0.464,-0.293,-0.465,0,0,27,0,0,0,0,147,57,1.344,1,2168,0,128.678,4.430,-95.000,-70.000,-51.313,-0.715,-1.230,-0.617,0.945,-4.328,-21.930,2.470,2.578,1.260,1.371,0,NULL,NULL,,3,0,2,7,255,1065,250,0,0
stim,108483,138604,0,138604,3335929.453,-0.695,-0.462,-0.295,-0.465,0,0,28,0,0,0,0,117,57,1.344,1,2168,0,67.762,14.870,47.188,-7.813,-48.000,-0.879,-1.445,0.973,-14.227,-4.328,-13.375,2.526,2.636,1.260,1.371,0,NULL,NULL,,3,0,2,7,255,1065,250,0,0
stim,108483,138604,0,138604,3335934.455,-0.693,-0.463,-0.292,-0.469,0,0,23,0,0,0,0,103,57,1.344,1,2168,0,122.031,17.603,-80.000,80.063,-45.625,-0.906,-0.242,1.316,-14.227,10.367,-11.320,2.578,2.688,1.260,1.371,0,NULL,NULL,,3,0,2,7,255,1065,250,0,0
stim,108506,138627,0,138627,3335939.454,-0.691,-0.464,-0.284,-0.476,0,0,29,0,0,0,0,85,57,1.344,1,2168,0,245.156,11.490,-183.063,160.125,-30.813,-0.785,1.160,0.281,-4.953,10.367,-11.320,2.624,2.736,1.260,1.371,0,NULL,NULL,,3,0,2,7,255,1065,250,0,0
stim,108506,138627,0,138627,3335944.455,-0.691,-0.463,-0.276,-0.481,0,0,25,0,0,0,0,45,57,1.344,1,2168,0,228.875,10.002,-103.125,204.250,5.563,-0.816,1.688,-0.336,7.625,6.473,-19.508,2.672,2.784,1.260,1.371,0,NULL,NULL,,3,0,2,7,255,1065,250,0,0
stim,108506,138627,0,138627,3335949.453,-0.695,-0.458,-0.270,-0.485,0,0,26,0,0,0,0,37,57,1.344,1,2168,0,225.186,9.749,33.188,222.188,15.500,-1.059,1.160,0.086,7.625,6.074,-22.367,2.716,2.830,1.260,1.371,0,NULL,NULL,,3,0,2,7,255,1065,250,0,0
stim,108506,138627,0,138627,3335954.455,-0.698,-0.451,-0.264,-0.489,0,0,30,0,0,0,0,33,57,1.344,1,2168,0,244.740,8.859,65.625,235.688,-6.500,-1.168,0.336,0.820,6.449,6.074,-22.367,2.758,2.872,1.260,1.371,0,NULL,NULL,,3,0,2,7,255,1065,250,0,0
stim,108532,138653,0,138653,3335959.453,-0.700,-0.445,-0.257,-0.495,0,0,27,0,0,0,0,27,57,1.344,1,2168,0,247.603,12.507,4.313,246.375,-24.250,-1.031,0.070,0.961,-0.605,12.492,-16.777,2.790,2.906,1.260,1.371,0,NULL,NULL,,3,0,2,7,255,1065,250,0,0
stim,108532,138653,0,138653,3335964.455,-0.702,-0.441,-0.249,-0.501,0,0,27,0,0,0,0,35,57,1.344,1,2168,0,258.001,12.507,-49.250,252.813,-15.000,-0.723,0.250,0.500,-0.605,12.492,-14.016,2.816,2.932,1.260,1.371,0,NULL,NULL,,3,0,2,7,255,1065,250,0,0
stim,108532,138653,0,138653,3335969.454,-0.704,-0.436,-0.240,-0.506,0,0,27,0,0,0,0,34,57,1.344,1,2168,0,257.186,7.833,-36.375,254.188,14.500,-0.680,0.551,-0.008,0.109,7.832,-14.016,2.836,2.954,1.260,1.371,0,NULL,NULL,,3,0,2,7,255,1065,250,0,0
stim,108532,138653,0,138653,3335974.455,-0.707,-0.430,-0.233,-0.511,0,0,23,0,0,0,0,41,57,1.344,1,2168,0,258.723,4.357,17.438,257.125,22.813,-0.699,0.590,-0.133,2.375,3.652,-17.113,2.854,2.974,1.260,1.371,0,NULL,NULL,,3,0,2,7,255,1065,250,0,0
stim,108532,138653,0,138653,3335979.453,-0.711,-0.423,-0.225,-0.515,0,0,21,0,0,0,0,55,57,1.344,1,2168,0,268.841,4.357,56.000,262.438,16.313,-0.703,0.484,0.012,2.375,3.652,-17.113,2.872,2.992,1.260,1.371,0,NULL,NULL,,3,0,2,7,255,1065,250,0,0
stim,108532,138653,0,138653,3335984.455,-0.715,-0.414,-0.219,-0.519,0,0,22,0,0,0,0,55,57,1.344,1,2168,0,279.852,4.532,68.500,271.188,9.063,-0.617,0.387,0.133,1.762,4.176,-16.781,2.890,3.012,1.260,1.371,0,NULL,NULL,,3,0,2,7,255,1065,250,0,0
stim,108582,138703,0,138703,3335989.453,-0.719,-0.406,-0.211,-0.523,0,0,22,0,0,0,0,55,57,1.344,1,2168,0,291.162,4.394,75.063,280.875,15.813,-0.469,0.305,0.156,1.367,4.176,-15.035,2.912,3.034,1.260,1.371,0,NULL,NULL,,3,0,2,7,255,1065,250,0,0
stim,108582,138703,0,138703,3335994.455,-0.724,-0.396,-0.204,-0.527,0,0,21,0,0,0,0,47,57,1.344,1,2168,0,304.689,4.879,89.438,289.313,33.688,-0.461,0.316,0.219,1.367,4.684,-13.426,2.938,3.060,1.260,1.371,0,NULL,NULL,,3,0,2,7,255,1065,250,0,0
stim,108582,138703,0,138703,3335999.454,-0.729,-0.386,-0.196,-0.530,0,0,26,0,0,0,0,47,57,1.344,1,2168,0,317.807,4.906,104.688,297.500,39.188,-0.527,0.355,0.344,1.461,4.684,-12.938,2.968,3.092,1.260,1.371,0,NULL,NULL,,3,0,2,7,255,1065,250,0,0
stim,108582,138703,0,138703,3336004.455,-0.734,-0.376,-0.189,-0.533,0,0,24,0,0,0,0,43,57,1.344,1,2168,0,328.594,6.423,112.500,307.250,30.250,-0.535,0.363,0.488,1.750,6.180,-12.645,3.004,3.130,1.260,1.371,0,NULL,NULL,,3,0,2,7,255,1065,250,0,0
stim,108582,138703,0,138703,3336009.453,-0.739,-0.365,-0.181,-0.537,0,0,19,0,0,0,0,41,57,1.344,1,2168,0,338.733,7.639,114.563,318.063,21.250,-0.484,0.344,0.602,2.020,7.367,-11.633,3.042,3.168,1.260,1.371,0,NULL,NULL,,3,0,2,7,255,1065,250,0,0
stim,108582,138703,0,138703,3336014.455,-0.743,-0.353,-0.173,-0.541,0,0,21,0,0,0,0,37,57,1.344,1,2168,0,348.843,8.182,114.000,329.188,18.188,-0.445,0.336,0.699,2.234,7.871,-10.297,3.084,3.212,1.260,1.371,0,NULL,NULL,,3,0,2,7,255,1065,250,0,0
stim,108582,138703,0,138703,3336019.453,-0.747,-0.342,-0.164,-0.545,0,0,21,0,0,0,0,38,57,1.344,1,2168,0,358.947,8.667,113.500,340.250,13.813,-0.469,0.352,0.805,2.453,8.313,-9.121,3.130,3.258,1.260,1.371,0,NULL,NULL,,3,0,2,7,255,1065,250,0,0
stim,108582,138703,0,138703,3336024.455,-0.751,-0.330,-0.156,-0.550,0,0,21,0,0,0,0,43,57,1.344,1,2168,0,368.021,9.554,110.375,351.063,3.500,-0.453,0.359,0.918,2.703,9.164,-8.305,3.176,3.306,1.260,1.371,0,NULL,NULL,,3,0,2,7,255,1065,250,0,0
stim,108603,138724,0,138724,3336029.454,-0.755,-0.317,-0.147,-0.555,0,0,21,0,0,0,0,45,57,1.344,1,2168,0,375.385,10.232,103.875,360.625,-8.563,-0.418,0.387,1.004,3.055,9.766,-7.168,3.222,3.354,1.260,1.371,0,NULL,NULL,,3,0,2,7,255,1065,250,0,0
stim,108603,138724,0,138724,3336034.455,-0.758,-0.305,-0.137,-0.560,0,0,21,0,0,0,0,46,57,1.344,1,2168,0,380.890,10.411,93.438,368.813,-18.000,-0.332,0.398,1.082,3.609,9.766,-6.098,3.270,3.402,1.260,1.371,0,NULL,NULL,,3,0,2,7,255,1065,250,0,0
stim,108603,138724,0,138724,3336039.454,-0.760,-0.293,-0.127,-0.566,0,0,22,0,0,0,0,43,57,1.344,1,2168,0,385.245,10.526,81.313,375.813,-23.813,-0.230,0.371,1.078,4.172,9.664,-4.766,3.316,3.448,1.260,1.371,0,NULL,NULL,,3,0,2,7,255,1065,250,0,0
stim,108603,138724,0,138724,3336044.455,-0.762,-0.281,-0.117,-0.572,0,0,17,0,0,0,0,45,57,1.344,1,2168,0,388.916,9.567,73.375,381.063,-25.750,-0.145,0.289,1.008,4.172,8.609,-3.891,3.358,3.492,1.260,1.371,0,NULL,NULL,,3,0,2,7,255,1065,250,0,0
stim,108603,138724,0,138724,3336049.453,-0.764,-0.269,-0.106,-0.577,0,0,21,0,0,0,0,49,57,1.344,1,2168,0,390.927,8.117,74.375,383.063,-23.563,-0.133,0.238,0.922,3.816,7.164,-3.738,3.398,3.532,1.260,1.371,0,NULL,NULL,,3,0,2,7,255,1065,250,0,0
stim,108603,138724,0,138724,3336054.455,-0.765,-0.256,-0.096,-0.582,0,0,19,0,0,0,0,45,57,1.344,1,2168,0,391.956,7.162,82.688,382.375,-24.125,-0.148,0.258,0.898,3.441,6.281,-3.738,3.432,3.568,1.260,1.371,0,NULL,NULL,,3,0,2,7,255,1065,250,0,0
stim,108630,138751,0,138751,3336059.454,-0.767,-0.243,-0.086,-0.587,0,0,17,0,0,0,0,43,57,1.344,1,2168,0,391.882,6.992,93.688,379.625,-26.063,-0.117,0.270,0.910,3.441,6.086,-3.738,3.464,3.602,1.260,1.371,0,NULL,NULL,,3,0,2,7,255,1065,250,0,0
stim,108630,138751,0,138751,3336064.455,-0.768,-0.230,-0.077,-0.592,0,0,21,0,0,0,0,45,57,1.344,1,2168,0,390.618,6.940,107.375,374.563,-27.500,-0.129,0.320,0.973,3.688,5.879,-3.441,3.496,3.632,1.260,1.371,0,NULL,NULL,,3,0,2,7,255,1065,250,0,0
stim,108630,138751,0,138751,3336069.453,-0.770,-0.216,-0.068,-0.597,0,0,18,0,0,0,0,45,57,1.344,1,2168,0,389.707,7.079,118.625,370.000,-30.000,-0.047,0.273,1.074,4.230,5.676,-2.887,3.524,3.662,1.260,1.371,0,NULL,NULL,,3,0,2,7,255,1065,250,0,0
stim,108630,138751,0,138751,3336074.455,-0.771,-0.203,-0.059,-0.601,0,0,17,0,0,0,0,46,57,1.344,1,2168,0,385.935,6.739,123.000,365.125,-22.375,0.020,0.223,1.133,4.230,5.246,-1.359,3.550,3.690,1.260,1.371,0,NULL,NULL,,3,0,2,7,255,1065,250,0,0
stim,108649,138770,0,138770,3336079.454,-0.772,-0.189,-0.051,-0.604,0,0,9,0,0,0,0,43,57,1.344,1,2168,0,382.409,6.049,125.813,360.938,-11.500,0.035,0.219,1.148,4.051,4.492,-0.324,3.574,3.716,1.260,1.371,0,NULL,NULL,,3,0,2,7,255,1065,250,0,0
stim,108649,138770,0,138770,3336084.455,-0.774,-0.175,-0.042,-0.607,0,0,9,0,0,0,0,44,57,1.344,1,2168,0,381.875,5.734,134.375,357.438,-3.250,0.012,0.266,1.156,4.051,4.059,0.039,3.600,3.742,1.260,1.371,0,NULL,NULL,,3,0,2,7,255,1065,250,0,0
stim,108683,138804,0,138804,3336089.454,-0.775,-0.160,-0.034,-0.610,0,0,10,0,0,0,0,51,57,1.344,1,2168,0,384.387,5.993,148.000,354.750,-1.438,-0.008,0.297,1.219,4.410,4.059,0.109,3.626,3.768,1.260,1.371,0,NULL,NULL,,3,0,2,7,255,1065,250,0,0
stim,108683,138804,0,138804,3336094.455,-0.776,-0.146,-0.027,-0.613,0,0,9,0,0,0,0,46,57,1.344,1,2168,0,386.937,6.122,158.313,353.063,-2.063,-0.027,0.270,1.320,4.531,4.117,0.711,3.650,3.794,1.260,1.371,0,NULL,NULL,,3,0,2,7,255,1065,250,0,0
stim,108683,138804,0,138804,3336099.454,-0.777,-0.130,-0.020,-0.615,0,0,9,0,0,0,0,46,57,1.344,1,2168,0,388.924,6.122,167.250,351.125,-0.688,-0.047,0.223,1.438,4.531,4.117,1.852,3.676,3.820,1.260,1.371,0,NULL,NULL,,3,0,2,7,255,1065,250,0,0
stim,108683,138804,0,138804,3336104.455,-0.778,-0.115,-0.012,-0.617,0,0,8,0,0,0,0,46,57,1.344,1,2168,0,389.466,6.130,170.063,350.375,-0.063,-0.074,0.266,1.566,4.531,4.129,3.180,3.702,3.846,1.260,1.371,0,NULL,NULL,,3,0,2,7,255,1065,250,0,0
stim,108683,138804,0,138804,3336109.454,-0.779,-0.100,-0.005,-0.619,0,0,9,0,0,0,0,51,57,1.344,1,2168,0,388.583,6.239,171.250,348.813,-0.125,-0.133,0.293,1.676,4.574,4.242,4.414,3.728,3.874,1.260,1.371,0,NULL,NULL,,3,0,2,7,255,1065,250,0,0
stim,108683,138804,0,138804,3336114.455,-0.779,-0.085,0.002,-0.621,0,0,11,0,0,0,0,45,57,1.344,1,2168,0,387.307,6.593,172.375,346.813,-3.875,-0.172,0.316,1.805,4.785,4.535,5.535,3.754,3.900,1.260,1.371,0,NULL,NULL,,3,0,2,7,255,1065,250,0,0
stim,108683,138804,0,138804,3336119.453,-0.779,-0.070,0.009,-0.623,0,0,11,0,0,0,0,47,57,1.344,1,2168,0,383.231,6.713,166.938,344.813,-10.125,-0.199,0.316,1.910,4.949,4.535,6.875,3.780,3.926,1.260,1.371,0,NULL,NULL,,3,0,2,7,255,1065,250,0,0
stim,108683,138804,0,138804,3336124.455,-0.779,-0.055,0.016,-0.625,0,0,11,0,0,0,0,44,57,1.344,1,2168,0,377.251,6.637,159.625,341.500,-14.688,-0.211,0.273,1.961,4.949,4.422,8.059,3.800,3.950,1.260,1.371,0,NULL,NULL,,3,0,2,7,255,1065,250,0,0
stim,108683,138804,0,138804,3336129.454,-0.778,-0.041,0.023,-0.627,0,0,9,0,0,0,0,47,57,1.344,1,2168,0,371.783,5.891,156.188,336.813,-19.625,-0.207,0.254,1.992,4.430,3.883,8.770,3.820,3.970,1.260,1.371,0,NULL,NULL,,3,0,2,7,255,1065,250,0,0
stim,108683,138804,0,138804,3336134.455,-0.777,-0.026,0.030,-0.629,0,0,13,0,0,0,0,49,57,1.344,1,2168,0,367.201,5.289,155.313,331.750,-25.625,-0.195,0.234,1.980,4.191,3.227,9.250,3.834,3.984,1.260,1.371,0,NULL,NULL,,3,0,2,7,255,1065,250,0,0
stim,108712,138833,0,138833,3336139.454,-0.775,-0.012,0.037,-0.631,0,0,7,0,0,0,0,53,57,1.344,1,2168,0,366.489,4.616,163.563,326.438,-31.625,-0.168,0.215,2.000,3.910,2.453,9.270,3.842,3.994,1.260,1.371,0,NULL,NULL,,3,0,2,7,255,1065,250,0,0
stim,108712,138833,0,138833,3336144.455,-0.773,0.003,0.043,-0.633,0,0,10,0,0,0,0,51,57,1.344,1,2168,0,369.088,3.941,174.938,322.625,-39.188,-0.125,0.172,2.047,3.625,1.547,9.543,3.844,3.998,1.260,1.371,0,NULL,NULL,,3,0,2,7,255,1065,250,0,0
stim,108712,138833,0,138833,3336149.453,-0.771,0.018,0.048,-0.635,0,0,8,0,0,0,0,55,57,1.344,1,2168,0,372.553,3.202,185.625,319.875,-44.938,-0.063,0.098,2.090,3.176,0.410,10.090,3.840,3.994,1.260,1.371,0,NULL,NULL,,3,0,2,7,255,1065,250,0,0
stim,108712,138833,0,138833,3336154.455,-0.769,0.034,0.053,-0.637,0,0,10,0,0,0,0,53,57,1.344,1,2168,0,377.220,2.602,196.688,318.313,-47.813,0.020,0.023,2.090,2.410,-0.980,10.469,3.826,3.980,1.260,1.371,0,NULL,NULL,,3,0,2,7,255,1065,250,0,0
stim,108712,138833,0,138833,3336159.454,-0.766,0.049,0.058,-0.639,0,0,14,0,0,0,0,57,57,1.344,1,2168,0,385.818,2.983,214.063,317.000,-50.438,0.129,-0.035,2.074,1.578,-2.531,10.469,3.802,3.958,1.260,1.371,0,NULL,NULL,,3,0,2,7,255,1065,250,0,0
stim,108712,138833,0,138833,3336164.455,-0.763,0.066,0.061,-0.641,0,0,17,0,0,0,0,61,57,1.344,1,2168,0,400.968,4.370,240.938,316.063,-53.188,0.281,-0.070,2.102,0.934,-4.270,10.098,3.768,3.924,1.260,1.371,0,NULL,NULL,,3,0,2,7,255,1065,250,0,0
stim,108739,138860,0,138860,3336169.454,-0.759,0.084,0.064,-0.643,0,0,21,0,0,0,0,61,57,1.344,1,2168,0,421.478,6.485,273.438,315.938,-55.313,0.480,-0.078,2.219,0.555,-6.461,10.098,3.720,3.878,1.260,1.371,0,NULL,NULL,,3,0,2,7,255,1065,250,0,0
stim,108739,138860,0,138860,3336174.455,-0.755,0.102,0.067,-0.644,0,0,19,0,0,0,0,69,57,1.344,1,2168,0,443.073,9.188,304.563,316.813,-56.438,0.684,-0.070,2.410,0.395,-9.180,10.484,3.660,3.816,1.260,1.371,0,NULL,NULL,,3,0,2,7,255,1065,250,0,0
stim,108739,138860,0,138860,3336179.453,-0.751,0.122,0.068,-0.646,0,0,20,0,0,0,0,73,57,1.344,1,2168,0,459.061,12.188,325.938,318.500,-55.313,0.875,-0.063,2.625,0.320,-12.184,11.551,3.584,3.744,1.260,1.371,0,NULL,NULL,,3,0,2,7,255,1065,250,0,0
stim,108739,138860,0,138860,3336184.455,-0.746,0.141,0.069,-0.647,0,0,13,0,0,0,0,71,57,1.344,1,2168,0,467.118,15.207,335.750,320.813,-50.500,1.016,-0.047,2.816,0.043,-15.207,12.703,3.498,3.658,1.260,1.371,0,NULL,NULL,,3,0,2,7,255,1065,250,0,0
stim,108782,138903,0,138903,3336189.454,-0.741,0.161,0.071,-0.648,0,0,18,0,0,0,0,71,57,1.344,1,2168,0,470.056,17.773,339.313,321.625,-48.750,1.152,-0.008,2.996,-0.340,-17.770,13.609,3.402,3.562,1.260,1.371,0,NULL,NULL,,3,0,2,7,255,1065,250,0,0
stim,108782,138903,0,138903,3336194.455,-0.736,0.181,0.072,-0.648,0,0,17,0,0,0,0,79,57,1.344,1,2168,0,463.322,20.298,328.250,323.063,-50.500,1.211,0.059,3.148,-0.617,-20.289,14.289,3.298,3.460,1.260,1.371,0,NULL,NULL,,3,0,2,7,255,1065,250,0,0
stim,108782,138903,0,138903,3336199.454,-0.731,0.199,0.074,-0.649,0,0,21,0,0,0,0,85,57,1.344,1,2168,0,447.601,22.039,308.000,320.500,-52.563,1.211,0.160,3.313,-0.707,-22.027,14.887,3.186,3.348,1.260,1.371,0,NULL,NULL,,3,0,2,7,255,1065,250,0,0
stim,108782,138903,0,138903,3336204.455,-0.725,0.217,0.077,-0.649,0,0,21,0,0,0,0,88,57,1.344,1,2168,0,425.529,23.370,282.875,311.125,-65.250,1.352,0.305,3.531,-0.707,-23.359,15.770,3.064,3.226,1.260,1.371,0,NULL,NULL,,3,0,2,7,255,1065,250,0,0
stim,108782,138903,0,138903,3336209.453,-0.719,0.232,0.080,-0.650,0,0,19,0,0,0,0,106,57,1.344,1,2168,0,389.781,26.129,233.063,300.625,-85.063,1.660,0.410,3.566,-0.102,-26.129,15.770,2.932,3.094,1.260,1.371,0,NULL,NULL,,3,0,2,7,255,1065,250,0,0
stim,108782,138903,0,138903,3336214.455,-0.713,0.245,0.085,-0.651,0,0,14,0,0,0,0,119,57,1.344,1,2168,0,346.935,29.734,173.188,287.313,-88.438,2.059,0.305,3.379,0.055,-29.734,15.168,2.792,2.954,1.260,1.371,0,NULL,NULL,,3,0,2,7,255,1065,250,0,0
stim,108782,138903,0,138903,3336219.454,-0.709,0.256,0.091,-0.651,0,0,12,0,0,0,0,151,57,1.344,1,2168,0,302.637,33.074,117.000,270.250,-69.750,2.359,0.074,2.996,0.055,-33.074,10.777,2.646,2.808,1.260,1.371,0,NULL,NULL,,3,0,2,7,255,1065,250,0,0
stim,108782,138903,0,138903,3336224.455,-0.705,0.266,0.097,-0.650,0,0,16,0,0,0,0,185,57,1.344,1,2168,0,265.111,34.272,77.625,249.375,-45.500,2.566,-0.168,2.516,-1.340,-34.246,4.852,2.496,2.656,1.260,1.371,0,NULL,NULL,,3,0,2,7,255,1065,250,0,0
stim,108782,138903,0,138903,3336229.453,-0.703,0.274,0.103,-0.649,0,0,10,0,0,0,0,233,57,1.344,1,2168,0,237.652,34.349,61.000,227.563,-31.188,2.789,-0.359,2.023,-2.656,-34.246,-1.438,2.342,2.502,1.260,1.371,0,NULL,NULL,,3,0,2,7,255,1065,250,0,0
stim,108782,138903,0,138903,3336234.455,-0.700,0.281,0.108,-0.647,0,0,12,0,0,0,0,266,57,1.344,1,2168,0,217.892,34.409,66.125,206.500,-21.500,3.117,-0.508,1.586,-3.348,-34.246,-7.730,2.180,2.340,1.260,1.371,0,NULL,NULL,,3,0,2,7,255,1065,250,0,0
stim,108808,138929,0,138929,3336239.454,-0.698,0.289,0.111,-0.646,0,0,11,0,0,0,0,303,57,1.344,1,2168,0,205.369,34.465,86.688,186.063,-6.500,3.512,-0.699,1.207,-3.551,-34.281,-13.891,2.014,2.172,1.260,1.371,0,NULL,NULL,,3,0,2,7,255,1065,250,0,0
stim,108808,138929,0,138929,3336244.455,-0.696,0.298,0.112,-0.644,0,0,11,0,0,0,0,325,57,1.344,1,2168,0,206.545,35.711,122.500,165.313,18.063,3.855,-1.055,0.941,-4.117,-35.473,-20.004,1.836,1.994,1.260,1.371,0,NULL,NULL,,3,0,2,7,255,1065,250,0,0
stim,108808,138929,0,138929,3336249.454,-0.694,0.307,0.111,-0.641,0,0,11,0,0,0,0,331,57,1.344,1,2168,0,230.646,37.221,171.750,144.375,53.438,4.047,-1.531,0.848,-6.438,-36.660,-25.363,1.654,1.812,1.260,1.371,0,NULL,NULL,,3,0,2,7,255,1065,250,0,0
stim,108808,138929,0,138929,3336254.455,-0.693,0.318,0.108,-0.638,0,0,18,0,0,0,0,333,57,1.344,1,2168,0,271.838,38.887,224.938,121.563,92.313,4.047,-1.918,0.934,-10.277,-37.504,-28.914,1.468,1.624,1.260,1.371,0,NULL,NULL,,3,0,2,7,255,1065,250,0,0
stim,108831,138952,0,138952,3336259.453,-0.692,0.330,0.101,-0.634,0,0,13,0,12,0,0,327,57,1.344,1,2168,0,320.987,39.949,280.688,97.000,121.813,3.816,-1.977,1.207,-13.762,-37.504,-28.914,1.282,1.438,1.260,1.371,0,NULL,NULL,,3,0,2,7,255,1065,250,0,0
stim,108831,138952,0,138952,3336264.455,-0.690,0.342,0.092,-0.631,0,0,13,0,38,0,0,327,57,1.344,1,2168,0,363.915,39.997,332.313,63.875,133.875,3.359,-1.711,1.813,-14.617,-37.230,-27.512,1.094,1.250,1.260,1.371,0,NULL,NULL,,3,0,2,7,255,1065,250,0,0
stim,108831,138952,0,138952,3336269.454,-0.688,0.353,0.082,-0.628,0,0,19,0,37,0,0,327,57,1.344,1,2168,0,338.637,40.127,318.063,20.375,114.438,2.969,-1.379,2.973,-14.969,-37.230,-20.328,0.902,1.058,1.260,1.371,0,NULL,NULL,,3,0,2,7,255,1065,250,0,0
stim,108831,138952,0,138952,3336274.455,-0.689,0.359,0.075,-0.625,0,0,17,0,35,0,0,328,57,1.344,1,2168,0,245.229,43.090,211.125,-11.875,124.188,2.965,-1.055,3.570,-14.777,-40.477,-9.082,0.708,0.860,1.260,1.371,0,NULL,NULL,,3,0,2,7,255,1065,250,0,0
stim,108832,138953,0,138953,3336279.454,-0.690,0.362,0.068,-0.623,0,0,17,0,25,0,0,319,57,1.344,1,2168,0,166.070,43.090,116.250,-46.000,109.313,1.891,-0.109,3.734,-14.777,-40.477,-3.809,0.514,0.664,1.260,1.371,0,NULL,NULL,,3,0,2,7,255,1065,250,0,0
stim,108832,138953,0,138953,3336284.455,-0.691,0.359,0.066,-0.624,0,0,17,0,1,0,0,315,57,1.344,1,2168,0,89.486,37.896,-22.000,-86.063,10.813,1.801,-0.254,3.566,-10.105,-36.523,5.738,0.340,0.482,1.260,1.371,0,NULL,NULL,,3,0,2,7,255,1065,250,0,0
stim,108882,139003,0,139003,3336289.453,-0.693,0.353,0.066,-0.625,0,0,3,0,0,0,0,309,57,1.344,1,2168,0,147.290,36.122,-107.000,-100.813,9.063,1.918,-0.668,3.238,-10.105,-34.680,5.738,0.238,0.352,1.260,1.371,0,NULL,NULL,,3,0,2,7,255,1065,250,0,0
stim,108882,139003,0,139003,3336294.455,-0.697,0.345,0.067,-0.626,40,0,0,263,0,6,0,489,57,1.344,1,2168,0,217.211,35.182,-175.938,-126.438,15.500,1.223,-0.367,3.145,-10.465,-33.590,5.738,0.242,0.310,1.260,1.371,0,NULL,NULL,,3,0,2,7,255,1065,250,0,0
stim,108882,139003,0,139003,3336299.454,-0.704,0.341,0.052,-0.621,812,0,0,1119,0,84,0,519,57,1.344,1,2168,0,388.748,31.174,80.063,-259.875,277.813,-0.129,0.301,5.543,-12.383,-28.609,6.152,0.292,0.336,1.260,1.371,0,NULL,NULL,,3,0,2,7,255,1065,250,0,0
stim,108882,139003,0,139003,3336304.455,-0.726,0.322,0.052,-0.606,1461,0,0,1653,0,403,0,559,57,1.344,1,2168,0,753.331,29.267,-489.750,-203.375,535.063,-0.906,2.488,4.965,-10.465,-27.332,34.059,0.342,0.380,1.260,1.371,0,NULL,NULL,,3,0,2,7,255,1065,250,0,0
stim,108882,139003,0,139003,3336309.453,-0.749,0.286,0.069,-0.593,1970,0,0,1931,0,589,0,647,57,1.344,1,2168,0,1098.950,17.563,-1025.063,-162.313,361.375,-1.352,3.238,0.914,6.164,-16.445,34.059,0.392,0.424,1.260,1.371,0,NULL,NULL,,3,0,2,7,255,1065,250,0,0
stim,108882,139003,0,139003,3336314.455,-0.764,0.258,0.081,-0.585,2237,0,0,2106,0,795,0,711,57,1.344,1,2169,0,785.636,22.823,-741.250,-149.500,213.125,-2.340,2.629,-1.734,19.789,11.371,13.758,0.446,0.470,1.260,1.371,1,1066.000,1.000,,3,0,2,7,255,1065,250,0,0
stim,108882,139003,0,139003,3336319.453,-0.770,0.243,0.085,-0.584,2449,0,0,2219,0,966,0,823,57,1.344,1,2169,0,380.191,32.559,-356.875,-128.000,28.313,-1.840,1.699,-1.504,19.789,25.855,-7.633,0.488,0.510,1.260,1.371,1,NULL,NULL,,3,0,2,7,255,1065,250,0,0
stim,108882,139003,0,139003,3336324.455,-0.769,0.237,0.083,-0.588,2583,0,0,2388,0,1181,0,935,57,1.344,1,2169,0,170.895,28.513,-79.625,-131.938,-73.875,-0.172,0.430,0.520,12.020,25.855,-7.633,0.500,0.530,1.260,1.371,1,NULL,NULL,,3,0,2,7,255,1065,250,0,0
stim,108882,139003,0,139003,3336329.454,-0.771,0.232,0.081,-0.587,2765,0,0,2619,0,1257,0,987,57,1.344,1,2169,0,142.823,12.020,-70.875,-119.813,31.938,0.609,1.340,1.391,12.020,-0.039,-3.645,0.492,0.540,1.260,1.371,1,NULL,NULL,,3,0,2,7,255,1065,250,0,0
stim,108882,139003,0,139003,3336334.455,-0.780,0.223,0.077,-0.580,2867,0,0,2766,0,1305,0,1079,57,1.344,1,2169,0,333.854,5.254,-155.250,-172.500,240.000,-0.801,0.980,1.172,5.254,-0.039,2.988,0.476,0.540,1.260,1.371,2,NULL,NULL,,3,0,2,7,255,1065,250,0,0
stim,108905,139026,0,139026,3336339.454,-0.790,0.208,0.076,-0.572,2949,0,0,2873,0,1352,0,1221,57,1.344,1,2169,0,469.723,6.692,-335.063,-208.125,255.063,-2.328,-0.871,0.996,5.254,4.145,5.441,0.448,0.522,1.260,1.371,2,NULL,NULL,,3,0,2,7,255,1065,250,0,0
stim,108905,139026,0,139026,3336344.455,-0.793,0.191,0.077,-0.573,2999,0,0,2952,0,1401,0,1354,57,1.344,1,2169,0,391.233,21.407,-332.250,-205.875,-17.000,-2.539,-1.148,-0.258,-16.582,13.539,5.441,0.402,0.476,1.260,1.371,2,NULL,NULL,,3,0,2,7,255,1065,250,0,0
stim,108905,139026,0,139026,3336349.453,-0.791,0.180,0.075,-0.580,3046,0,0,3019,0,1459,0,1469,57,1.344,1,2169,0,308.823,21.407,-136.188,-208.063,-183.125,-0.711,-0.625,-0.371,-16.582,13.539,-5.730,0.342,0.404,1.260,1.371,2,NULL,NULL,,3,0,2,7,255,1065,250,0,0
stim,108905,139026,1,139026,3336354.455,-0.786,0.176,0.068,-0.589,3067,0,0,3087,0,1508,0,1560,57,1.344,1,2169,0,293.998,9.755,50.188,-194.625,-214.563,0.496,-0.660,0.895,-7.852,5.789,-5.730,0.282,0.326,1.260,1.371,2,NULL,NULL,,3,1,2,7,255,1065,250,0,0
stim,108929,139050,1,139050,3336359.454,-0.782,0.174,0.062,-0.595,3096,0,0,3141,0,1567,0,1613,57,1.344,1,2169,0,227.521,12.059,70.250,-163.625,-141.625,1.352,-1.160,1.898,-7.852,-9.152,-4.242,0.232,0.258,1.260,1.371,2,NULL,NULL,,3,1,2,7,255,1065,250,0,0
stim,108929,139050,1,139050,3336364.455,-0.782,0.169,0.057,-0.597,3109,0,0,3147,0,1659,0,1625,57,1.344,1,2169,0,153.023,22.866,-29.000,-149.625,-13.688,1.594,-1.770,2.207,-8.695,-21.148,1.668,0.198,0.216,1.260,1.371,2,NULL,NULL,,3,1,2,7,255,1065,250,0,0
stim,108929,139050,1,139050,3336369.453,-0.788,0.160,0.056,-0.592,3119,0,0,3171,0,1767,0,1629,57,1.344,1,2169,0,267.413,25.404,-162.188,-142.063,158.188,1.105,-1.887,1.727,-14.074,-21.148,1.668,0.172,0.198,1.260,1.371,2,NULL,NULL,,3,1,2,7,255,1065,250,0,0
stim,108929,139050,1,139050,3336374.455,-0.797,0.151,0.055,-0.583,3128,0,0,3187,0,1863,47,1656,57,1.344,1,2169,0,358.737,24.481,-205.688,-133.563,261.813,-0.082,-1.117,0.836,-14.074,-20.031,0.293,0.154,0.194,1.260,1.371,2,NULL,NULL,,3,1,2,7,255,1065,250,0,0
stim,108949,139070,1,139070,3336379.453,-0.804,0.142,0.052,-0.575,3134,0,0,3196,0,1963,95,1687,57,1.344,1,2169,0,318.526,12.227,-156.313,-141.188,238.938,-0.938,-0.195,0.371,-11.215,-4.871,-3.410,0.146,0.192,1.260,1.371,2,NULL,NULL,,3,1,2,7,255,1065,250,0,0
stim,108949,139070,1,139070,3336384.455,-0.808,0.136,0.048,-0.571,3139,0,0,3207,7,2063,147,1739,57,1.344,1,2169,0,206.175,8.429,-71.500,-149.375,122.813,-1.168,0.344,0.668,-5.137,6.684,-3.410,0.150,0.184,1.260,1.371,2,NULL,NULL,,3,1,2,7,255,1065,250,0,0
stim,108979,139100,1,139100,3336389.454,-0.809,0.131,0.044,-0.572,3141,0,0,3209,102,2153,200,1822,57,1.344,1,2169,0,155.677,6.784,-40.188,-150.375,-2.750,-0.633,0.430,1.156,-1.160,6.684,-0.379,0.164,0.168,1.260,1.371,2,NULL,NULL,,3,1,2,7,255,1065,250,0,0
stim,108979,139100,1,139100,3336394.455,-0.809,0.126,0.040,-0.573,3141,0,0,3209,443,2251,243,1991,57,1.344,1,2169,0,151.481,4.221,-50.875,-141.063,-21.438,0.168,0.172,1.305,1.172,4.055,2.469,0.178,0.146,1.260,1.371,2,NULL,NULL,,3,1,2,7,255,1065,250,0,0
stim,108979,139100,1,139100,3336399.454,-0.810,0.120,0.038,-0.573,3141,0,0,3209,663,2301,342,2117,57,1.344,1,2169,0,150.428,4.284,-81.688,-126.063,8.000,0.289,-0.051,1.770,1.172,-4.121,3.059,0.188,0.120,1.260,1.371,2,NULL,NULL,,3,1,2,7,255,1065,250,0,0
stim,108979,139100,1,139100,3336404.455,-0.810,0.115,0.038,-0.574,3141,0,0,3208,969,2351,335,2195,57,1.344,1,2169,0,115.147,6.793,-90.000,-66.063,-28.188,0.359,-0.109,1.855,-0.398,-6.781,6.441,0.194,0.098,1.260,1.371,2,NULL,NULL,,3,1,2,7,255,1065,250,0,0
stim,108979,139100,1,139100,3336409.453,-0.809,0.110,0.039,-0.576,3132,0,0,3209,1125,2377,363,2254,57,1.344,1,2169,0,121.016,6.793,-93.625,-52.375,-56.000,0.641,0.449,0.953,-0.398,-6.781,6.441,0.196,0.080,1.260,1.371,2,NULL,NULL,,3,1,2,7,255,1065,250,0,0
stim,108979,139100,1,139100,3336414.455,-0.808,0.109,0.038,-0.578,3141,0,0,3210,1229,2398,395,2312,57,1.344,1,2169,0,52.036,9.077,-11.313,-38.875,-32.688,0.703,0.523,1.039,5.820,-6.965,-0.617,0.200,0.066,1.260,1.371,2,NULL,NULL,,3,1,2,7,255,1065,250,0,0
stim,108979,139100,1,139100,3336419.454,-0.809,0.107,0.038,-0.577,3139,1,0,3211,1311,2422,409,2351,57,1.344,1,2169,0,51.768,8.693,-40.438,-20.938,24.625,0.078,-0.383,1.633,5.820,-6.457,-0.617,0.208,0.050,1.260,1.371,2,NULL,NULL,,3,1,2,7,255,1065,250,0,0
stim,108979,139100,1,139100,3336424.455,-0.810,0.102,0.040,-0.576,3141,21,0,3209,1407,2437,411,2393,57,1.344,1,2169,0,119.990,6.549,-117.438,-17.250,17.563,-0.492,-0.207,1.168,-3.867,-5.285,2.102,0.216,0.038,1.260,1.371,2,NULL,NULL,,3,1,2,7,255,1065,250,0,0
stim,108979,139100,1,139100,3336429.453,-0.809,0.099,0.042,-0.578,3133,31,0,3211,1470,2445,423,2424,57,1.344,1,2169,0,99.875,4.124,-82.688,-12.125,-54.688,-0.441,0.305,0.570,-3.867,1.434,2.102,0.222,0.028,1.260,1.371,2,NULL,NULL,,3,1,2,7,255,1065,250,0,0
stim,108979,139100,1,139100,3336434.455,-0.807,0.098,0.042,-0.581,3135,53,0,3207,1551,2454,441,2451,57,1.344,1,2169,0,99.939,1.832,-13.063,-18.313,-97.375,-0.008,0.148,0.809,1.141,1.434,-1.906,0.228,0.022,1.260,1.371,2,NULL,NULL,,3,1,2,7,255,1065,250,0,0
stim,109019,139140,1,139140,3336439.454,-0.805,0.097,0.042,-0.584,3134,68,0,3207,1611,2458,453,2463,57,1.344,1,2169,0,74.702,1.586,-6.438,-12.813,-73.313,0.289,-0.121,1.254,1.141,-1.102,-1.906,0.232,0.016,1.260,1.371,2,NULL,NULL,,3,1,2,7,255,1065,250,0,0
stim,109019,139140,1,139140,3336444.455,-0.804,0.095,0.043,-0.585,3133,90,0,3207,1662,2468,448,2477,57,1.344,1,2169,0,52.995,3.540,-47.125,-9.625,-22.250,0.129,0.012,1.223,0.246,-3.531,1.637,0.238,0.010,1.260,1.371,2,NULL,NULL,,3,1,2,7,255,1065,250,0,0
stim,109019,139140,1,139140,3336449.454,-0.804,0.093,0.044,-0.585,3133,109,0,3209,1687,2473,447,2491,57,1.344,1,2169,0,66.197,3.540,-63.375,-1.500,-19.063,-0.199,0.125,0.996,0.246,-3.531,1.637,0.244,0.004,1.260,1.371,2,NULL,NULL,,3,1,2,7,255,1065,250,0,0
stim,109019,139140,1,139140,3336454.455,-0.803,0.091,0.046,-0.587,3131,110,0,3205,1713,2483,447,2507,57,1.344,1,2169,0,65.333,0.335,-50.500,-2.500,-41.375,-0.223,0.102,0.918,0.246,0.227,0.211,0.250,0.000,1.260,1.371,2,NULL,NULL,,3,1,2,7,255,1065,250,0,0
stim,109019,139140,1,139140,3336459.453,-0.802,0.089,0.046,-0.589,3131,141,0,3198,1741,2487,439,2515,57,1.344,1,2169,0,63.834,0.280,-32.500,-3.750,-54.813,-0.121,-0.020,0.910,0.164,0.227,-0.527,0.000,0.000,1.260,1.371,2,NULL,NULL,,3,1,2,7,255,1065,250,0,0
stim,109019,139140,1,139140,3336464.455,-0.801,0.088,0.047,-0.590,3131,146,3,3198,1765,2489,436,2517,57,1.344,1,2169,0,55.092,0.785,-22.563,-2.688,-50.188,0.016,-0.039,0.977,-0.379,-0.688,-0.527,0.000,0.000,1.260,1.371,2,NULL,NULL,,3,1,2,7,255,1065,250,0,0
stim,109039,139160,1,139160,3336469.453,-0.800,0.087,0.047,-0.591,3131,151,11,3199,1783,2495,425,2521,57,1.344,1,2169,0,36.716,2.162,-21.625,-3.188,-29.500,0.074,0.000,1.031,-0.379,-2.129,-0.445,0.000,0.000,1.260,1.371,2,NULL,NULL,,3,1,2,7,255,1065,250,0,0
stim,109039,139160,1,139160,3336474.456,-0.800,0.086,0.048,-0.592,3128,147,21,3197,1800,2495,423,2523,57,1.344,1,2169,0,25.635,2.129,-22.063,-1.188,-13.000,-0.004,0.008,1.020,0.008,-2.129,-0.008,0.000,0.000,1.260,1.371,2,NULL,NULL,,3,1,2,7,255,1065,250,0,0
stim,109039,139160,1,139160,3336479.454,-0.800,0.085,0.048,-0.592,3128,157,35,3193,1813,2492,405,2521,57,1.344,1,2169,0,21.177,1.848,-19.063,0.813,-9.188,-0.109,-0.008,0.992,0.008,-1.848,-0.008,0.000,0.000,1.260,1.371,2,NULL,NULL,,3,1,2,7,255,1065,250,0,0
stim,109039,139160,1,139160,3336484.455,-0.800,0.085,0.049,-0.592,3123,169,61,3191,1823,2494,379,2521,57,1.344,1,2169,0,17.199,0.960,-12.125,0.500,-12.188,-0.152,0.008,0.992,-0.387,-0.879,-0.004,0.000,0.000,1.260,1.371,2,NULL,NULL,,3,1,2,7,255,1065,250,0,0
stim,109077,139198,1,139198,3336489.454,-0.799,0.084,0.049,-0.593,3119,165,71,3190,1833,2489,365,2519,57,1.362,1,2169,1,15.823,0.629,-5.188,-0.563,-14.938,-0.137,0.055,1.023,-0.387,-0.496,-0.004,0.000,0.000,1.214,1.437,2,NULL,NULL,,3,1,2,7,255,1065,250,0,0
stim,109077,139198,1,139198,3336494.455,-0.799,0.084,0.049,-0.593,3115,163,107,3183,1838,2488,367,2519,57,1.362,1,2169,1,14.566,0.505,-3.625,-1.125,-14.063,-0.113,0.078,1.063,0.094,-0.496,0.328,0.006,0.004,1.214,1.437,2,NULL,NULL,,3,1,2,7,255,1065,250,0,0
stim,109077,139198,1,139198,3336499.455,-0.799,0.084,0.049,-0.594,3109,157,117,3179,1839,2481,374,2514,57,1.362,1,2169,1,12.803,0.837,-6.188,-0.688,-11.188,-0.098,0.082,1.066,0.402,-0.734,0.648,0.014,0.008,1.214,1.437,2,NULL,NULL,,3,1,2,7,255,1065,250,0,0
stim,109077,139198,1,139198,3336504.455,-0.799,0.084,0.049,-0.594,3103,149,143,3177,1843,2476,367,2514,57,1.362,1,2169,1,11.576,0.837,-8.750,-0.500,-7.563,-0.113,0.066,1.035,0.402,-0.734,0.648,0.018,0.014,1.214,1.437,2,NULL,NULL,,3,1,2,7,255,1065,250,0,0
stim,109077,139198,1,139198,3336509.454,-0.798,0.083,0.049,-0.594,3097,141,151,3171,1845,2469,365,2509,57,1.362,1,2169,1,10.105,0.750,-8.188,-0.750,-5.875,-0.141,0.043,1.000,0.301,-0.688,0.402,0.024,0.016,1.214,1.437,2,NULL,NULL,,3,1,2,7,255,1065,250,0,0
stim,109077,139198,1,139198,3336514.455,-0.798,0.083,0.049,-0.594,3089,138,157,3159,1845,2455,361,2507,57,1.362,1,2169,1,7.839,0.461,-5.625,-1.500,-5.250,-0.156,0.023,0.984,0.000,-0.461,0.098,0.028,0.020,1.214,1.437,2,NULL,NULL,,3,1,2,7,255,1065,250,0,0
stim,109077,139198,1,139198,3336519.454,-0.798,0.083,0.049,-0.595,3079,133,167,3147,1845,2446,360,2505,57,1.362,1,2169,1,7.260,0.394,-3.500,-2.438,-5.875,-0.168,0.027,0.984,-0.199,-0.340,-0.004,0.034,0.022,1.214,1.437,2,NULL,NULL,,3,1,2,7,255,1065,250,0,0
stim,109077,139198,1,139198,3336524.455,-0.798,0.082,0.049,-0.595,3067,122,167,3143,1849,2437,359,2509,57,1.362,1,2169,1,8.512,0.302,-2.500,-3.438,-7.375,-0.160,0.039,0.980,-0.199,-0.227,-0.031,0.038,0.026,1.214,1.437,2,NULL,NULL,,3,1,2,7,255,1065,250,0,0
stim,109077,139198,1,139198,3336529.453,-0.798,0.082,0.049,-0.595,3059,121,170,3123,1854,2424,355,2503,57,1.362,1,2169,1,8.480,0.277,-1.938,-4.063,-7.188,-0.152,0.027,0.980,-0.160,-0.227,-0.082,0.042,0.030,1.214,1.437,2,NULL,NULL,,3,1,2,7,255,1065,250,0,0
stim,109077,139198,1,139198,3336534.455,-0.798,0.082,0.049,-0.595,3043,111,173,3123,1860,2419,355,2502,57,1.362,1,2169,1,7.901,0.376,-2.313,-4.750,-5.875,-0.148,0.008,0.973,-0.160,-0.340,-0.082,0.046,0.032,1.214,1.437,2,NULL,NULL,,3,1,2,7,255,1065,250,0,0
stim,109105,139226,1,139226,3336539.454,-0.798,0.082,0.049,-0.596,3031,107,202,3101,1866,2409,357,2508,57,1.362,1,2169,1,7.264,0.424,-1.125,-6.000,-3.938,-0.156,0.020,0.961,-0.254,-0.340,-0.184,0.050,0.036,1.214,1.437,2,NULL,NULL,,3,1,2,7,255,1065,250,0,0
stim,109105,139226,1,139226,3336544.455,-0.798,0.082,0.049,-0.596,3019,106,226,3091,1885,2405,365,2510,57,1.362,1,2169,1,8.214,0.356,0.813,-7.500,-3.250,-0.184,0.047,0.969,-0.254,-0.250,-0.184,0.052,0.038,1.214,1.437,2,NULL,NULL,,3,1,2,7,255,1065,250,0,0
stim,109105,139226,1,139226,3336549.454,-0.798,0.081,0.048,-0.596,3003,105,264,3077,1898,2405,375,2515,57,1.362,1,2169,1,10.874,0.103,1.750,-9.063,-5.750,-0.207,0.098,0.988,-0.082,0.063,-0.148,0.054,0.040,1.214,1.437,2,NULL,NULL,,3,1,2,7,255,1065,250,0,0
stim,109105,139226,1,139226,3336554.455,-0.797,0.081,0.048,-0.596,2984,105,299,3053,1916,2398,389,2531,57,1.362,1,2169,1,14.413,0.518,1.188,-10.250,-10.063,-0.207,0.141,1.012,0.340,0.391,0.105,0.056,0.040,1.214,1.437,2,NULL,NULL,,3,1,2,7,255,1065,250,0,0
stim,109128,139249,1,139249,3336559.453,-0.797,0.081,0.047,-0.597,2968,107,329,3043,1945,2393,391,2535,57,1.362,1,2169,1,18.091,0.764,-1.500,-11.125,-14.188,-0.180,0.125,1.012,0.656,0.391,0.301,0.056,0.040,1.214,1.437,2,NULL,NULL,,3,1,2,7,255,1065,250,0,0
stim,109128,139249,1,139249,3336564.455,-0.797,0.081,0.047,-0.597,2949,115,403,3027,1973,2393,413,2543,57,1.362,1,2169,1,18.684,0.681,-3.813,-12.063,-13.750,-0.164,0.090,0.988,0.656,0.184,0.301,0.056,0.038,1.214,1.437,2,NULL,NULL,,3,1,2,7,255,1065,250,0,0
stim,109128,139249,1,139249,3336569.454,-0.796,0.080,0.047,-0.598,2924,120,485,3005,2001,2391,437,2553,57,1.362,1,2169,1,18.535,0.406,-4.563,-13.313,-12.063,-0.172,0.070,0.965,0.402,0.051,0.027,0.056,0.036,1.214,1.437,2,NULL,NULL,,3,1,2,7,255,1065,250,0,0
stim,109128,139249,1,139249,3336574.455,-0.796,0.080,0.046,-0.598,2901,126,567,2987,2031,2393,461,2571,57,1.362,1,2169,1,19.637,0.217,-3.688,-15.000,-12.125,-0.195,0.082,0.965,0.211,0.051,-0.141,0.054,0.034,1.214,1.437,2,NULL,NULL,,3,1,2,7,255,1065,250,0,0
stim,109128,139249,1,139249,3336579.454,-0.796,0.079,0.046,-0.599,2876,134,681,2967,2065,2393,499,2584,57,1.362,1,2169,1,23.579,0.374,-0.750,-16.125,-17.188,-0.191,0.121,0.996,0.211,0.309,-0.141,0.052,0.030,1.214,1.437,2,NULL,NULL,,3,1,2,7,255,1065,250,0,0
stim,109128,139249,1,139249,3336584.455,-0.795,0.079,0.045,-0.600,2855,139,747,2951,2130,2394,541,2607,57,1.362,1,2169,1,27.588,0.687,1.438,-16.500,-22.063,-0.141,0.191,1.023,0.613,0.309,0.152,0.050,0.026,1.214,1.437,2,NULL,NULL,,3,1,2,7,255,1065,250,0,0
stim,109181,139302,1,139302,3336589.453,-0.795,0.078,0.044,-0.600,2827,157,837,2927,2186,2396,649,2618,57,1.362,1,2169,1,25.418,1.422,0.125,-16.813,-19.063,-0.098,0.195,1.039,1.422,0.027,0.371,0.048,0.024,1.214,1.437,2,NULL,NULL,,3,1,2,7,255,1065,250,0,0
stim,109181,139302,1,139302,3336594.455,-0.794,0.078,0.044,-0.601,2795,175,985,2905,2236,2397,717,2633,57,1.362,1,2169,1,22.195,1.438,-5.563,-16.563,-13.688,-0.121,0.168,1.039,1.422,-0.215,0.473,0.046,0.024,1.214,1.437,2,NULL,NULL,,3,1,2,7,255,1065,250,0,0
stim,109181,139302,1,139302,3336599.454,-0.794,0.077,0.043,-0.601,2760,203,1135,2880,2291,2402,851,2651,57,1.362,1,2169,1,24.195,1.241,-9.313,-16.313,-15.250,-0.164,0.160,0.996,1.223,-0.215,0.473,0.046,0.026,1.214,1.437,2,NULL,NULL,,3,1,2,7,255,1065,250,0,0
stim,109181,139302,0,139302,3336604.455,-0.794,0.077,0.043,-0.602,2725,229,1245,2861,2331,2407,969,2663,57,1.362,1,2169,1,29.141,1.112,-7.375,-16.125,-23.125,-0.168,0.168,0.977,1.086,0.238,0.148,0.046,0.030,1.214,1.437,2,NULL,NULL,,3,0,2,7,255,1070,250,0,0
stim,109182,139303,0,139303,3336609.454,-0.793,0.076,0.043,-0.603,2683,247,1392,2845,2385,2411,1103,2680,57,1.362,1,2169,1,34.882,1.097,-5.063,-16.500,-30.313,-0.164,0.160,0.996,1.063,0.273,0.141,0.046,0.034,1.214,1.437,2,NULL,NULL,,3,0,2,7,255,1070,250,0,0
stim,109182,139303,0,139303,3336614.455,-0.792,0.075,0.042,-0.604,2643,247,1525,2835,2431,2425,1199,2701,57,1.362,1,2169,1,39.782,1.086,-6.000,-16.250,-35.813,-0.152,0.145,1.031,1.051,0.273,0.141,0.048,0.040,1.214,1.437,2,NULL,NULL,,3,0,2,7,255,1070,250,0,0
stim,109183,139304,0,139304,3336619.453,-0.791,0.074,0.042,-0.606,2583,251,1683,2811,2479,2425,1353,2708,57,1.362,1,2169,1,45.304,0.954,-11.250,-15.813,-40.938,-0.141,0.117,1.043,0.949,0.094,0.438,0.052,0.048,1.214,1.437,2,NULL,NULL,,3,0,2,7,255,1070,250,0,0
stim,109183,139304,0,139304,3336624.455,-0.790,0.073,0.042,-0.607,2535,281,1819,2793,2523,2431,1479,2728,57,1.362,1,2169,1,52.076,0.705,-19.063,-15.250,-46.000,-0.148,0.074,1.035,0.699,-0.094,0.453,0.056,0.056,1.214,1.437,2,NULL,NULL,,3,0,2,7,255,1070,250,0,0
stim,109183,139304,0,139304,3336629.454,-0.789,0.072,0.042,-0.609,2467,301,1938,2766,2571,2429,1604,2735,57,1.362,1,2169,1,59.508,0.352,-26.250,-15.438,-51.125,-0.156,0.023,1.016,0.332,-0.117,0.453,0.062,0.064,1.214,1.437,2,NULL,NULL,,3,0,2,7,255,1070,250,0,0
stim,109183,139304,0,139304,3336634.455,-0.787,0.070,0.043,-0.611,2397,333,2091,2735,2610,2437,1707,2749,57,1.362,1,2169,1,65.046,0.202,-31.375,-16.625,-54.500,-0.172,-0.023,1.008,-0.164,-0.117,0.277,0.070,0.070,1.214,1.437,2,NULL,NULL,,3,0,2,7,255,1070,250,0,0
stim,109205,139326,0,139326,3336639.454,-0.786,0.068,0.043,-0.613,2329,359,2231,2713,2643,2445,1822,2765,57,1.362,1,2169,1,72.284,0.621,-37.500,-17.125,-59.375,-0.176,-0.035,1.031,-0.617,-0.066,0.277,0.074,0.074,1.214,1.437,2,NULL,NULL,,3,0,2,7,255,1070,250,0,0
stim,109205,139326,0,139326,3336644.455,-0.784,0.066,0.044,-0.615,2221,379,2347,2669,2678,2443,1918,2779,57,1.362,1,2169,1,82.353,0.698,-47.875,-18.813,-64.313,-0.172,-0.043,1.051,-0.695,-0.066,0.430,0.076,0.078,1.214,1.437,2,NULL,NULL,,3,0,2,7,255,1070,250,0,0
stim,109205,139326,0,139326,3336649.453,-0.783,0.063,0.045,-0.617,2127,397,2445,2641,2715,2452,2019,2797,57,1.362,1,2169,1,89.536,0.701,-56.000,-20.000,-66.938,-0.148,-0.047,1.043,-0.695,-0.090,0.512,0.078,0.082,1.214,1.437,2,NULL,NULL,,3,0,2,7,255,1070,250,0,0
stim,109205,139326,0,139326,3336654.454,-0.781,0.060,0.046,-0.620,2011,421,2525,2584,2741,2451,2125,2820,57,1.362,1,2169,0,96.244,0.682,-63.125,-20.750,-69.625,-0.137,-0.047,1.020,-0.621,-0.281,0.512,0.080,0.084,1.214,1.437,2,NULL,NULL,,3,0,2,7,255,1070,250,0,0
stim,109227,139348,0,139348,3336659.455,-0.780,0.057,0.047,-0.622,1897,431,2597,2522,2769,2444,2207,2829,57,1.362,1,2169,0,96.176,0.697,-64.250,-22.313,-68.000,-0.133,-0.066,1.008,-0.621,-0.316,0.266,0.082,0.084,1.214,1.437,2,NULL,NULL,,3,0,2,7,255,1070,250,0,0
stim,109227,139348,0,139348,3336664.455,-0.778,0.054,0.048,-0.624,1775,439,2657,2459,2789,2443,2271,2847,57,1.362,1,2169,0,95.010,0.739,-66.438,-25.063,-63.125,-0.133,-0.070,1.012,-0.668,-0.316,0.180,0.080,0.084,1.214,1.437,2,NULL,NULL,,3,0,2,7,255,1070,250,0,0
stim,109227,139348,0,139348,3336669.454,-0.777,0.051,0.049,-0.626,1595,429,2709,2367,2816,2445,2343,2857,57,1.362,1,2169,0,99.014,0.739,-70.000,-28.563,-63.938,-0.176,-0.027,1.051,-0.668,-0.316,0.180,0.080,0.084,1.214,1.437,2,NULL,NULL,,3,0,2,7,255,1070,250,0,0
stim,109227,139348,0,139348,3336674.455,-0.775,0.047,0.050,-0.628,1367,403,2759,2308,2845,2443,2415,2877,57,1.362,1,2169,0,101.264,0.287,-67.938,-29.188,-69.188,-0.145,0.020,0.980,-0.270,0.098,0.180,0.078,0.080,1.214,1.437,2,NULL,NULL,,3,0,2,7,255,1070,250,0,0
stim,109248,139369,0,139369,3336679.453,-0.773,0.044,0.051,-0.630,1169,377,2795,2140,2869,2429,2487,2875,57,1.362,1,2169,0,96.618,0.287,-59.313,-31.688,-69.375,-0.109,0.008,0.988,0.270,0.098,-0.066,0.076,0.078,1.214,1.437,2,NULL,NULL,,3,0,2,7,255,1070,250,0,0
stim,109248,139369,0,139369,3336684.455,-0.772,0.041,0.051,-0.633,1001,364,2841,2007,2887,2416,2539,2888,57,1.362,1,2169,0,90.725,0.352,-51.250,-32.375,-67.500,-0.105,-0.031,1.012,0.270,-0.227,-0.066,0.074,0.076,1.214,1.437,2,NULL,NULL,,3,0,2,7,255,1070,250,0,0
stim,109282,139403,0,139403,3336689.454,-0.770,0.038,0.051,-0.635,739,327,2879,1802,2906,2407,2591,2909,57,1.362,1,2169,0,83.348,0.360,-47.875,-36.625,-57.563,-0.086,-0.082,1.059,-0.027,-0.359,0.148,0.072,0.074,1.214,1.437,2,NULL,NULL,,3,0,2,7,255,1070,250,0,0
stim,109282,139403,0,139403,3336694.455,-0.769,0.036,0.051,-0.636,501,279,2909,1553,2918,2398,2645,2905,57,1.362,1,2169,0,75.125,0.645,-44.625,-38.375,-46.688,-0.063,-0.051,1.055,-0.027,-0.645,0.527,0.072,0.074,1.214,1.437,2,NULL,NULL,,3,0,2,7,255,1070,250,0,0
stim,109282,139403,0,139403,3336699.453,-0.768,0.033,0.051,-0.637,319,192,2920,1278,2941,2383,2679,2917,57,1.362,1,2169,0,68.331,0.672,-38.375,-40.813,-39.125,-0.102,-0.063,1.031,-0.191,-0.645,0.527,0.072,0.074,1.214,1.437,2,NULL,NULL,,3,0,2,7,255,1070,250,0,0
stim,109282,139403,0,139403,3336704.455,-0.767,0.031,0.050,-0.638,138,169,2940,989,2957,2355,2716,2921,57,1.362,1,2169,0,66.830,0.365,-32.438,-45.875,-36.188,-0.121,-0.059,1.059,-0.133,-0.340,0.527,0.072,0.074,1.214,1.437,2,NULL,NULL,,3,0,2,7,255,1070,250,0,0
stim,109282,139403,0,139403,3336709.454,-0.767,0.028,0.049,-0.640,47,115,2955,711,2969,2312,2744,2935,57,1.362,1,2169,0,66.997,0.365,-26.313,-47.750,-38.938,-0.027,0.035,1.020,-0.133,-0.340,0.371,0.072,0.076,1.214,1.437,2,NULL,NULL,,3,0,2,7,255,1070,250,0,0
stim,109282,139403,0,139403,3336714.455,-0.766,0.026,0.048,-0.641,2,62,2975,475,2982,2276,2776,2937,57,1.362,1,2169,0,59.956,1.162,-11.188,-49.813,-31.438,-0.012,0.055,1.008,0.895,-0.742,0.137,0.074,0.074,1.214,1.437,2,NULL,NULL,,3,0,2,7,255,1070,250,0,0
stim,109282,139403,0,139403,3336719.454,-0.765,0.025,0.046,-0.642,0,37,2995,317,3001,2249,2792,2951,57,1.362,1,2169,0,60.700,1.341,-5.813,-52.938,-29.125,-0.031,0.094,1.063,1.117,-0.742,0.137,0.076,0.072,1.214,1.437,2,NULL,NULL,,3,0,2,7,255,1070,250,0,0
stim,109282,139403,0,139403,3336724.455,-0.765,0.024,0.043,-0.642,0,12,3000,314,3007,2235,2831,2954,57,1.362,1,2169,0,66.774,1.246,23.063,-60.813,-15.125,-0.250,0.023,1.297,1.117,-0.551,0.535,0.078,0.072,1.214,1.437,2,NULL,NULL,,3,0,2,7,255,1070,250,0,0
stim,109282,139403,0,139403,3336729.453,-0.766,0.025,0.039,-0.641,0,3,3002,287,3007,2183,2846,2935,57,1.362,1,2169,0,116.450,1.386,80.188,-79.688,27.938,-0.539,-0.016,1.840,0.574,1.262,3.039,0.080,0.072,1.214,1.437,2,NULL,NULL,,3,0,2,7,255,1070,250,0,0
stim,109282,139403,0,139403,3336734.455,-0.766,0.023,0.036,-0.641,0,0,3019,233,3021,2135,2875,2957,57,1.362,1,2169,0,88.618,2.453,4.375,-86.750,17.563,-0.418,-0.031,1.934,-0.039,2.453,8.617,0.084,0.072,1.214,1.437,2,NULL,NULL,,3,0,2,7,255,1070,250,0,0
stim,109320,139441,0,139441,3336739.453,-0.766,0.017,0.036,-0.642,0,0,3019,175,3037,2082,2889,2969,57,1.362,1,2169,0,131.906,2.455,-100.500,-79.563,-31.125,-0.188,-0.266,1.348,-0.094,2.453,8.617,0.082,0.074,1.214,1.437,2,NULL,NULL,,3,0,2,7,255,1070,250,0,0
stim,109320,139441,0,139441,3336744.455,-0.766,0.011,0.036,-0.642,0,0,3029,132,3034,1981,2905,2964,57,1.362,1,2169,0,124.029,2.153,-86.375,-88.875,-4.875,-0.035,-0.277,0.902,-2.121,0.371,3.625,0.078,0.076,1.214,1.437,2,NULL,NULL,,3,0,2,7,255,1070,250,0,0
stim,109320,139441,0,139441,3336749.454,-0.767,0.008,0.033,-0.640,0,0,3027,87,3053,1897,2923,2969,57,1.362,1,2169,0,105.671,2.153,-15.938,-98.313,35.313,-0.172,0.016,0.941,-2.121,0.371,-0.512,0.070,0.078,1.214,1.437,3,NULL,NULL,,3,0,2,7,255,1070,250,0,0
stim,109320,139441,0,139441,3336754.455,-0.768,0.006,0.029,-0.640,0,0,3023,57,3064,1787,2935,2967,57,1.362,1,2169,0,106.647,1.224,13.188,-104.063,19.250,-0.371,0.156,1.176,0.402,1.156,-0.512,0.064,0.078,1.214,1.437,3,NULL,NULL,,3,0,2,7,255,1070,250,0,0
stim,109320,139441,0,139441,3336759.454,-0.768,0.004,0.025,-0.640,0,0,3025,8,3055,1657,2952,2963,57,1.362,1,2169,0,113.742,3.342,19.875,-111.875,-5.125,-0.328,0.188,1.445,1.535,2.969,1.781,0.060,0.080,1.214,1.437,3,NULL,NULL,,3,0,2,7,255,1070,250,0,0
stim,109320,139441,0,139441,3336764.455,-0.768,0.000,0.021,-0.640,0,0,3034,0,3079,1533,2954,2967,57,1.362,1,2169,0,117.419,3.342,0.000,-117.313,-5.000,-0.262,0.016,1.543,1.535,2.969,4.355,0.056,0.080,1.214,1.437,3,NULL,NULL,,3,0,2,7,255,1070,250,0,0
stim,109338,139459,0,139459,3336769.453,-0.768,-0.004,0.017,-0.640,0,0,3017,0,3079,1354,2980,2952,57,1.362,1,2169,0,125.399,2.204,-23.438,-123.188,0.625,-0.156,-0.066,1.449,0.523,2.141,4.441,0.052,0.086,1.214,1.437,3,NULL,NULL,,3,0,2,7,255,1070,250,0,0
stim,109338,139459,0,139459,3336774.455,-0.769,-0.009,0.015,-0.639,0,0,3020,0,3081,1180,2991,2949,57,1.362,1,2169,0,138.298,1.146,-45.000,-129.375,19.063,-0.152,-0.152,1.305,-0.109,1.141,4.441,0.048,0.096,1.214,1.437,3,NULL,NULL,,3,0,2,7,255,1070,250,0,0
stim,109338,139459,0,139459,3336779.454,-0.770,-0.014,0.011,-0.638,0,0,3016,0,3087,973,3001,2934,57,1.362,1,2169,0,144.599,1.509,-42.000,-135.438,28.313,-0.254,-0.125,1.191,-0.988,1.141,3.047,0.042,0.104,1.214,1.437,3,NULL,NULL,,3,0,2,7,255,1070,250,0,0
stim,109338,139459,0,139459,3336784.455,-0.771,-0.019,0.007,-0.636,0,0,3001,0,3090,732,3015,2919,57,1.362,1,2169,0,148.582,2.501,-27.500,-143.438,27.313,-0.320,-0.141,1.129,-1.016,2.285,1.918,0.038,0.112,1.214,1.437,3,NULL,NULL,,3,0,2,7,255,1070,250,0,0
stim,109381,139502,0,139502,3336789.453,-0.771,-0.023,0.003,-0.636,0,0,2995,0,3097,571,3022,2913,57,1.362,1,2169,0,152.113,3.285,-14.000,-151.063,11.063,-0.328,-0.172,1.133,-1.285,3.023,1.309,0.032,0.120,1.214,1.437,3,NULL,NULL,,3,0,2,7,255,1070,250,0,0
stim,109381,139502,0,139502,3336794.455,-0.772,-0.028,-0.002,-0.636,0,0,2979,0,3089,393,3032,2889,57,1.362,1,2169,0,157.551,3.436,-7.375,-157.313,-4.563,-0.223,-0.238,1.141,-1.633,3.023,1.309,0.030,0.130,1.214,1.437,3,NULL,NULL,,3,0,2,7,255,1070,250,0,0
stim,109381,139502,0,139502,3336799.453,-0.772,-0.033,-0.008,-0.635,0,0,2961,0,3100,185,3035,2856,57,1.362,1,2169,0,165.193,3.029,-1.000,-165.188,0.813,-0.215,-0.309,1.121,-2.078,2.203,1.309,0.030,0.142,1.214,1.437,3,NULL,NULL,,3,0,2,7,255,1070,250,0,0
stim,109381,139502,0,139502,3336804.455,-0.772,-0.037,-0.013,-0.635,0,0,2949,0,3099,69,3037,2835,57,1.362,1,2169,0,172.107,2.995,6.688,-171.938,3.688,-0.176,-0.230,1.137,-2.078,2.156,1.313,0.036,0.154,1.214,1.437,3,NULL,NULL,,3,0,2,7,255,1070,250,0,0
stim,109381,139502,0,139502,3336809.454,-0.772,-0.042,-0.019,-0.634,0,0,2909,0,3087,9,3043,2790,57,1.362,1,2169,0,180.680,2.938,10.625,-179.875,13.313,-0.211,-0.180,1.184,-1.996,2.156,1.313,0.042,0.168,1.214,1.437,3,NULL,NULL,,3,0,2,7,255,1070,250,0,0
stim,109381,139502,0,139502,3336814.455,-0.773,-0.046,-0.026,-0.633,0,0,2872,0,3093,0,3059,2747,57,1.362,1,2169,0,187.818,2.952,18.688,-186.625,9.875,-0.121,0.020,1.270,-1.613,2.473,1.668,0.050,0.182,1.214,1.437,3,NULL,NULL,,3,0,2,7,255,1070,250,0,0
stim,109381,139502,0,139502,3336819.453,-0.773,-0.051,-0.032,-0.632,0,0,2837,0,3089,0,3060,2707,57,1.362,1,2169,0,193.495,2.716,8.500,-193.063,9.750,-0.168,0.004,1.273,0.160,2.711,2.375,0.058,0.194,1.214,1.437,3,NULL,NULL,,3,0,2,7,255,1070,250,0,0
stim,109381,139502,0,139502,3336824.455,-0.773,-0.055,-0.040,-0.631,0,0,2789,0,3089,0,3055,2660,57,1.362,1,2169,0,204.078,3.133,24.813,-202.063,14.250,-0.121,0.066,1.488,0.469,3.098,2.434,0.066,0.206,1.214,1.437,3,NULL,NULL,,3,0,2,7,255,1070,250,0,0
stim,109381,139502,0,139502,3336829.454,-0.773,-0.060,-0.047,-0.629,0,0,2732,0,3067,0,3061,2592,57,1.362,1,2169,0,209.754,3.387,29.938,-207.125,14.125,-0.082,0.219,1.781,0.871,3.273,4.438,0.076,0.218,1.214,1.437,3,NULL,NULL,,3,0,2,7,255,1070,250,0,0
stim,109381,139502,0,139502,3336834.455,-0.774,-0.065,-0.055,-0.627,0,0,2659,0,3079,0,3064,2519,57,1.362,1,2169,0,220.014,4.573,24.250,-216.375,31.625,-0.160,0.285,2.105,2.391,3.898,7.180,0.086,0.232,1.214,1.437,3,NULL,NULL,,3,0,2,7,255,1070,250,0,0
stim,109406,139527,0,139527,3336839.454,-0.775,-0.071,-0.063,-0.625,0,0,2571,0,3055,0,3063,2405,57,1.362,1,2169,0,236.691,6.294,3.875,-231.438,49.438,-0.402,0.402,2.332,2.863,5.605,10.059,0.098,0.248,1.214,1.437,3,NULL,NULL,,3,0,2,7,255,1070,250,0,0
stim,109406,139527,0,139527,3336844.455,-0.776,-0.079,-0.070,-0.622,0,0,2463,0,3037,43,3051,2267,57,1.362,1,2169,0,265.837,9.567,-38.313,-255.438,62.875,-0.613,0.441,2.523,3.309,8.977,11.621,0.112,0.264,1.214,1.437,3,NULL,NULL,,3,0,2,7,255,1070,250,0,0
stim,109406,139527,0,139527,3336849.453,-0.777,-0.089,-0.078,-0.619,0,0,2354,0,3017,73,3037,2135,57,1.362,1,2169,0,295.367,12.424,-60.250,-283.125,58.750,-0.797,0.559,2.645,3.414,11.945,12.816,0.126,0.282,1.214,1.437,3,NULL,NULL,,3,0,2,7,255,1070,250,0,0
stim,109406,139527,0,139527,3336854.455,-0.777,-0.101,-0.086,-0.616,0,0,2208,0,2991,85,3031,1966,57,1.362,1,2169,0,328.480,15.292,-95.938,-311.313,42.188,-0.789,0.766,2.535,4.035,14.750,12.816,0.144,0.300,1.214,1.437,3,NULL,NULL,,3,0,2,7,255,1070,250,0,0
stim,109430,139551,0,139551,3336859.454,-0.776,-0.114,-0.094,-0.614,0,0,2075,0,2981,106,2999,1833,57,1.362,1,2169,0,356.076,16.609,-105.875,-338.938,26.500,-0.684,0.945,2.578,6.008,15.484,11.543,0.168,0.326,1.214,1.437,3,NULL,NULL,,3,0,2,7,255,1070,250,0,0
stim,109430,139552,0,139552,3336864.455,-0.775,-0.128,-0.103,-0.611,0,0,1960,0,2941,111,2973,1717,57,1.362,1,2169,0,386.379,17.611,-128.500,-363.500,25.375,-0.668,1.000,2.621,8.012,15.684,11.523,0.200,0.358,1.214,1.437,3,NULL,NULL,,3,0,2,7,255,1070,250,0,0
stim,109430,139552,0,139552,3336869.454,-0.773,-0.143,-0.112,-0.608,0,0,1829,0,2897,123,2925,1605,57,1.362,1,2169,0,413.923,18.625,-137.063,-389.000,35.000,-0.762,1.020,2.727,8.625,16.508,11.367,0.242,0.402,1.214,1.437,3,NULL,NULL,,3,0,2,7,255,1070,250,0,0
stim,109430,139552,0,139552,3336874.455,-0.771,-0.159,-0.122,-0.604,0,0,1751,0,2846,116,2862,1487,57,1.362,1,2169,0,439.413,20.482,-148.125,-412.813,27.000,-0.852,1.227,3.035,8.699,18.543,11.367,0.294,0.456,1.214,1.437,3,NULL,NULL,,3,0,2,7,255,1070,250,0,0
stim,109430,139552,0,139552,3336879.453,-0.768,-0.177,-0.131,-0.601,0,0,1644,0,2782,101,2781,1367,57,1.362,1,2169,0,474.173,24.210,-189.500,-434.500,11.813,-0.945,1.273,3.070,10.625,21.754,11.645,0.356,0.518,1.214,1.437,3,NULL,NULL,,3,0,2,7,255,1070,250,0,0
stim,109430,139552,0,139552,3336884.455,-0.764,-0.197,-0.140,-0.599,0,0,1503,0,2708,89,2695,1225,57,1.362,1,2169,0,510.497,25.566,-229.750,-455.875,-0.563,-0.926,1.051,2.914,10.625,23.254,11.645,0.424,0.588,1.214,1.437,3,NULL,NULL,,3,0,2,7,255,1070,250,0,0
stim,109476,139597,0,139597,3336889.454,-0.758,-0.216,-0.150,-0.596,0,0,1337,0,2585,73,2535,1035,57,1.362,1,2169,0,516.994,25.197,-211.563,-470.625,-32.188,-0.855,0.641,3.059,9.172,23.469,10.711,0.500,0.666,1.214,1.437,3,NULL,NULL,,3,0,2,7,255,1070,250,0,0
stim,109476,139597,0,139597,3336894.455,-0.753,-0.235,-0.162,-0.594,0,0,1115,0,2437,43,2375,910,57,1.362,1,2169,0,525.866,24.158,-198.688,-485.125,-41.375,-0.824,0.473,3.207,5.730,23.469,10.711,0.586,0.752,1.214,1.437,3,NULL,NULL,,3,0,2,7,255,1070,250,0,0
stim,109476,139597,0,139597,3336899.454,-0.746,-0.255,-0.172,-0.590,0,0,869,0,2224,0,2104,797,57,1.362,1,2169,0,549.496,24.874,-224.063,-500.875,-29.438,-0.738,0.289,3.180,4.516,24.461,10.711,0.682,0.850,1.214,1.437,3,NULL,NULL,,3,0,2,7,255,1070,250,0,0
stim,109476,139597,0,139597,3336904.455,-0.739,-0.277,-0.182,-0.586,0,0,617,0,1976,0,1799,686,57,1.362,1,2169,0,585.109,24.672,-265.313,-521.500,-0.188,-0.668,-0.125,2.766,3.223,24.461,10.672,0.788,0.958,1.214,1.437,3,NULL,NULL,,3,0,2,7,255,1070,250,0,0
stim,109476,139597,0,139597,3336909.454,-0.733,-0.300,-0.192,-0.580,0,0,399,0,1678,0,1370,573,57,1.362,1,2169,0,594.505,21.812,-268.750,-529.938,19.375,-0.449,-0.344,2.020,-0.570,21.805,7.527,0.902,1.074,1.214,1.437,3,NULL,NULL,,3,0,2,7,255,1070,250,0,0
stim,109476,139597,0,139597,3336914.455,-0.726,-0.320,-0.203,-0.573,0,0,264,0,1343,0,749,455,57,1.362,1,2169,0,572.841,16.126,-197.750,-537.000,25.938,-0.363,-0.379,1.566,-2.535,15.926,2.863,1.020,1.192,1.214,1.437,3,NULL,NULL,,3,0,2,7,255,1070,250,0,0
stim,109497,139618,0,139618,3336919.454,-0.722,-0.337,-0.217,-0.564,0,0,197,0,1035,0,219,379,57,1.362,1,2169,0,552.977,16.126,-95.875,-542.250,50.563,-0.492,-0.109,1.797,-2.535,15.926,-0.379,1.142,1.318,1.214,1.437,3,NULL,NULL,,3,0,2,7,255,1070,250,0,0
stim,109497,139618,0,139618,3336924.455,-0.719,-0.353,-0.232,-0.553,0,0,111,0,649,0,0,331,57,1.362,1,2169,0,566.136,15.996,-31.375,-557.000,96.313,-0.902,0.129,2.426,-0.703,15.980,-1.055,1.264,1.442,1.214,1.437,3,NULL,NULL,,3,0,2,7,255,1070,250,0,0
stim,109497,139618,0,139618,3336929.454,-0.716,-0.370,-0.245,-0.539,0,0,105,0,249,0,0,263,57,1.362,1,2169,0,598.001,23.936,-79.000,-569.188,165.500,-1.449,0.535,2.605,0.688,23.926,-1.414,1.380,1.562,1.214,1.437,3,NULL,NULL,,3,0,2,7,255,1070,250,0,0
stim,109497,139618,0,139618,3336934.455,-0.710,-0.392,-0.254,-0.527,0,0,61,0,0,0,0,185,57,1.362,1,2169,0,609.391,26.103,-214.688,-548.250,157.125,-1.535,1.305,2.012,2.648,25.969,-6.680,1.482,1.666,1.214,1.437,3,NULL,NULL,,3,0,2,7,255,1070,250,0,0
stim,109497,139618,0,139618,3336939.453,-0.702,-0.413,-0.261,-0.518,0,0,34,0,0,0,0,153,57,1.362,1,2169,0,585.933,27.432,-283.500,-507.063,76.375,-1.164,1.844,1.297,8.840,25.969,-14.387,1.570,1.758,1.214,1.437,3,NULL,NULL,,3,0,2,7,255,1070,250,0,0
stim,109497,139618,0,139618,3336944.455,-0.692,-0.433,-0.267,-0.512,0,0,35,0,0,0,0,85,57,1.362,1,2169,0,547.969,23.324,-300.125,-456.438,43.125,-0.750,1.801,1.016,14.371,18.371,-17.090,1.660,1.850,1.214,1.437,4,NULL,NULL,,3,0,2,7,255,1070,250,0,0
stim,109519,139640,0,139640,3336949.454,-0.684,-0.453,-0.269,-0.504,0,0,30,0,0,0,0,105,57,1.362,1,2169,0,521.048,19.728,-324.688,-391.063,114.625,-1.020,1.289,0.965,14.371,13.516,-18.219,1.762,1.954,1.214,1.437,0,NULL,NULL,,3,0,2,7,255,1070,250,0,0
stim,109519,139640,0,139640,3336954.455,-0.676,-0.473,-0.266,-0.499,0,0,29,0,0,0,0,121,57,1.362,1,2169,0,535.683,16.401,-420.375,-302.188,137.563,-0.738,1.258,0.281,9.324,13.492,-18.520,1.878,2.072,1.214,1.437,0,NULL,NULL,,3,0,2,7,255,1070,250,0,0
stim,109519,139640,0,139640,3336959.454,-0.667,-0.487,-0.264,-0.498,0,0,31,0,0,0,0,139,57,1.362,1,2169,0,364.594,10.769,-317.938,-178.438,2.188,-0.445,-0.004,-0.594,9.059,5.824,-18.520,2.000,2.198,1.214,1.437,0,NULL,NULL,,3,0,2,7,255,1070,250,0,0
stim,109519,139640,0,139640,3336964.455,-0.664,-0.491,-0.266,-0.498,0,0,29,0,0,0,0,150,57,1.362,1,2169,0,126.078,2.668,-86.750,-84.188,-35.813,-0.582,-1.324,-0.223,-2.648,0.324,-15.621,2.122,2.320,1.214,1.437,0,NULL,NULL,,3,0,2,7,255,1070,250,0,0
stim,109519,139640,0,139640,3336969.453,-0.663,-0.491,-0.266,-0.499,0,0,33,0,0,0,0,125,57,1.362,1,2169,0,17.411,10.919,-4.000,-2.563,-16.750,-0.863,-1.016,0.852,-10.914,0.324,-10.238,2.232,2.434,1.214,1.437,0,NULL,NULL,,3,0,2,7,255,1070,250,0,0
stim,109519,139640,0,139640,3336974.455,-0.661,-0.491,-0.262,-0.503,0,0,21,0,0,0,0,96,57,1.362,1,2169,0,147.245,15.543,-103.938,98.250,-35.000,-0.984,0.219,0.816,-10.914,11.066,-10.238,2.324,2.526,1.214,1.437,0,NULL,NULL,,3,0,2,7,255,1070,250,0,0
stim,109550,139671,0,139671,3336979.454,-0.659,-0.490,-0.254,-0.510,0,0,23,0,0,0,0,71,57,1.362,1,2169,0,227.718,11.067,-133.625,180.563,-37.375,-0.906,1.277,-0.039,-0.141,11.066,-15.836,2.388,2.592,1.214,1.437,0,NULL,NULL,,3,0,2,7,255,1070,250,0,0
stim,109550,139671,0,139671,3336984.455,-0.661,-0.486,-0.248,-0.516,0,0,24,0,0,0,0,43,57,1.362,1,2169,0,226.970,8.732,-29.813,223.938,-21.875,-0.926,1.453,-0.172,8.203,2.992,-22.402,2.428,2.632,1.214,1.437,0,NULL,NULL,,3,0,2,7,255,1070,250,0,0
stim,109580,139701,0,139701,3336989.454,-0.664,-0.478,-0.243,-0.521,0,0,30,0,0,0,0,38,57,1.362,1,2169,0,254.692,8.732,60.313,246.188,-24.938,-1.055,0.793,0.477,8.203,2.992,-22.402,2.454,2.662,1.214,1.437,0,NULL,NULL,,3,0,2,7,255,1070,250,0,0
stim,109580,139701,0,139701,3336994.455,-0.666,-0.471,-0.237,-0.528,0,0,29,0,0,0,0,37,57,1.362,1,2169,0,268.103,9.710,45.250,261.250,-39.750,-1.051,0.195,0.949,4.512,8.598,-19.434,2.486,2.696,1.214,1.437,0,NULL,NULL,,3,0,2,7,255,1070,250,0,0
stim,109580,139701,0,139701,3336999.453,-0.667,-0.464,-0.230,-0.535,0,0,24,0,0,0,0,37,57,1.362,1,2169,0,275.592,10.748,-18.813,271.375,-44.188,-0.871,0.117,0.773,0.215,10.746,-14.879,2.520,2.732,1.214,1.437,0,NULL,NULL,,3,0,2,7,255,1070,250,0,0
stim,109580,139701,0,139701,3337004.455,-0.668,-0.459,-0.222,-0.542,0,0,21,0,0,0,0,50,57,1.362,1,2169,0,283.430,10.748,-46.938,277.875,-30.250,-0.652,0.402,0.195,0.215,10.746,-14.879,2.556,2.770,1.214,1.437,0,NULL,NULL,,3,0,2,7,255,1070,250,0,0
stim,109580,139701,0,139701,3337009.454,-0.670,-0.452,-0.214,-0.548,0,0,23,0,0,0,0,55,57,1.362,1,2169,0,281.539,5.149,-15.000,281.063,-6.563,-0.559,0.629,-0.238,1.949,4.766,-15.531,2.590,2.808,1.214,1.437,0,NULL,NULL,,3,0,2,7,255,1070,250,0,0
stim,109580,139701,0,139701,3337014.455,-0.674,-0.444,-0.206,-0.553,0,0,18,0,0,0,0,57,57,1.362,1,2169,0,285.797,3.347,44.000,282.188,10.688,-0.582,0.648,-0.328,3.266,0.734,-17.637,2.630,2.848,1.214,1.437,0,NULL,NULL,,3,0,2,7,255,1070,250,0,0
stim,109580,139701,0,139701,3337019.454,-0.678,-0.435,-0.200,-0.558,0,0,11,0,0,0,0,59,57,1.362,1,2169,0,298.256,3.347,90.000,283.938,15.375,-0.602,0.496,-0.160,3.266,0.734,-17.637,2.678,2.898,1.214,1.437,0,NULL,NULL,,3,0,2,7,255,1070,250,0,0
stim,109580,139701,0,139701,3337024.455,-0.683,-0.425,-0.194,-0.562,0,0,12,0,0,0,0,60,57,1.362,1,2169,0,307.485,3.002,108.875,287.000,18.000,-0.531,0.332,0.023,2.266,1.969,-16.961,2.724,2.948,1.214,1.437,0,NULL,NULL,,3,0,2,7,255,1070,250,0,0
stim,109580,139701,0,139701,3337029.453,-0.688,-0.414,-0.188,-0.565,0,0,12,0,0,0,0,55,57,1.362,1,2169,0,313.745,3.521,116.313,289.688,31.438,-0.441,0.277,0.117,1.461,3.203,-14.785,2.766,2.990,1.214,1.437,0,NULL,NULL,,3,0,2,7,255,1070,250,0,0
stim,109580,139701,0,139701,3337034.455,-0.694,-0.404,-0.181,-0.568,0,0,16,0,0,0,0,56,57,1.362,1,2169,0,321.081,3.811,128.813,290.125,48.250,-0.465,0.344,0.184,1.461,3.520,-13.320,2.800,3.026,1.214,1.437,0,NULL,NULL,,3,0,2,7,255,1070,250,0,0
stim,109614,139735,0,139735,3337039.454,-0.699,-0.392,-0.175,-0.571,0,0,18,0,0,0,0,55,57,1.362,1,2169,0,328.976,4.757,146.188,290.188,51.438,-0.520,0.430,0.297,2.129,4.254,-13.234,2.830,3.058,1.214,1.437,0,NULL,NULL,,3,0,2,7,255,1070,250,0,0
stim,109614,139735,0,139735,3337044.455,-0.705,-0.380,-0.170,-0.574,0,0,19,0,0,0,0,51,57,1.362,1,2169,0,335.313,6.324,159.125,291.938,43.438,-0.473,0.445,0.469,3.051,5.539,-13.094,2.856,3.086,1.214,1.437,0,NULL,NULL,,3,0,2,7,255,1070,250,0,0
stim,109614,139735,0,139735,3337049.454,-0.711,-0.368,-0.164,-0.576,0,0,18,0,0,0,0,47,57,1.362,1,2169,0,339.071,7.578,160.000,295.938,42.313,-0.352,0.422,0.660,3.715,6.605,-11.574,2.882,3.114,1.214,1.437,0,NULL,NULL,,3,0,2,7,255,1070,250,0,0
stim,109614,139735,0,139735,3337054.455,-0.716,-0.356,-0.158,-0.579,0,0,19,0,0,0,0,41,57,1.362,1,2169,0,342.311,8.296,153.188,302.063,49.688,-0.305,0.398,0.797,4.223,7.141,-9.250,2.908,3.142,1.214,1.437,0,NULL,NULL,,3,0,2,7,255,1070,250,0,0
stim,109614,139735,0,139735,3337059.454,-0.722,-0.344,-0.151,-0.581,0,0,19,0,0,0,0,41,57,1.362,1,2169,0,347.052,8.868,144.938,310.938,52.500,-0.305,0.387,0.879,4.406,7.695,-7.711,2.934,3.170,1.214,1.437,0,NULL,NULL,,3,0,2,7,255,1070,250,0,0
stim,109614,139735,0,139735,3337064.455,-0.727,-0.331,-0.144,-0.584,0,0,23,0,0,0,0,38,57,1.362,1,2169,0,351.607,9.322,135.750,320.875,47.313,-0.313,0.375,0.953,4.449,8.191,-6.863,2.962,3.202,1.214,1.437,0,NULL,NULL,,3,0,2,7,255,1070,250,0,0
stim,109651,139772,0,139772,3337069.454,-0.731,-0.319,-0.136,-0.587,0,0,20,0,0,0,0,39,57,1.362,1,2169,0,356.119,9.705,124.000,331.375,40.438,-0.305,0.336,1.004,4.449,8.625,-6.066,2.994,3.236,1.214,1.437,0,NULL,NULL,,3,0,2,7,255,1070,250,0,0
stim,109651,139772,0,139772,3337074.455,-0.736,-0.307,-0.128,-0.590,0,0,20,0,0,0,0,39,57,1.362,1,2169,0,361.227,9.607,114.125,340.875,35.563,-0.297,0.281,1.027,4.230,8.625,-5.223,3.030,3.274,1.214,1.437,0,NULL,NULL,,3,0,2,7,255,1070,250,0,0
stim,109651,139772,0,139772,3337079.453,-0.739,-0.295,-0.119,-0.594,0,0,21,0,0,0,0,45,57,1.362,1,2169,0,366.143,9.378,105.688,349.250,30.250,-0.289,0.219,1.031,3.781,8.582,-4.570,3.070,3.314,1.214,1.437,0,NULL,NULL,,3,0,2,7,255,1070,250,0,0
stim,109651,139772,0,139772,3337084.455,-0.743,-0.282,-0.110,-0.597,0,0,18,0,0,0,0,41,57,1.362,1,2169,0,370.448,8.932,99.688,356.000,23.625,-0.281,0.156,1.012,3.219,8.332,-4.000,3.112,3.358,1.214,1.437,0,NULL,NULL,,3,0,2,7,255,1070,250,0,0
stim,109681,139802,0,139802,3337089.453,-0.746,-0.270,-0.100,-0.601,0,0,20,0,0,0,0,44,57,1.362,1,2169,0,373.522,8.313,96.188,360.438,18.750,-0.281,0.145,0.977,2.652,7.879,-3.645,3.156,3.406,1.214,1.437,0,NULL,NULL,,3,0,2,7,255,1070,250,0,0
stim,109681,139802,0,139802,3337094.455,-0.748,-0.257,-0.091,-0.605,0,0,22,0,0,0,0,41,57,1.362,1,2169,0,375.733,7.922,97.750,362.500,14.625,-0.281,0.180,0.941,2.652,7.465,-3.645,3.204,3.454,1.214,1.437,0,NULL,NULL,,3,0,2,7,255,1070,250,0,0
stim,109681,139802,0,139802,3337099.454,-0.751,-0.244,-0.082,-0.608,0,0,19,0,0,0,0,43,57,1.362,1,2169,0,376.805,7.645,104.313,361.938,10.125,-0.270,0.199,0.938,2.762,7.129,-3.637,3.252,3.504,1.214,1.437,0,NULL,NULL,,3,0,2,7,255,1070,250,0,0
stim,109681,139802,0,139802,3337104.455,-0.753,-0.231,-0.073,-0.612,0,0,22,0,0,0,0,41,57,1.362,1,2169,0,377.218,7.340,113.875,359.563,6.375,-0.238,0.160,0.961,2.762,6.801,-3.609,3.298,3.550,1.214,1.437,0,NULL,NULL,,3,0,2,7,255,1070,250,0,0
stim,109681,139802,0,139802,3337109.454,-0.755,-0.217,-0.065,-0.615,0,0,19,0,0,0,0,43,57,1.362,1,2169,0,376.005,6.943,121.813,355.688,5.313,-0.207,0.094,0.980,2.742,6.379,-2.938,3.338,3.594,1.214,1.437,0,NULL,NULL,,3,0,2,7,255,1070,250,0,0
stim,109681,139802,0,139802,3337114.455,-0.757,-0.203,-0.057,-0.618,0,0,21,0,0,0,0,43,57,1.362,1,2169,0,375.126,6.241,133.063,350.688,5.688,-0.160,0.063,0.969,2.211,5.836,-2.270,3.378,3.636,1.214,1.437,0,NULL,NULL,,3,0,2,7,255,1070,250,0,0
stim,109681,139802,0,139802,3337119.453,-0.759,-0.189,-0.050,-0.621,0,0,19,0,0,0,0,45,57,1.362,1,2169,0,376.660,5.468,146.000,347.125,7.813,-0.113,0.059,0.941,1.969,5.102,-1.910,3.414,3.674,1.214,1.437,0,NULL,NULL,,3,0,2,7,255,1070,250,0,0
stim,109681,139802,0,139802,3337124.455,-0.761,-0.174,-0.043,-0.623,0,0,12,0,0,0,0,46,57,1.362,1,2169,0,382.300,4.730,168.688,342.813,13.313,-0.102,0.074,0.973,1.969,4.301,-1.840,3.450,3.710,1.214,1.437,0,NULL,NULL,,3,0,2,7,255,1070,250,0,0
stim,109681,139802,0,139802,3337129.454,-0.763,-0.159,-0.037,-0.625,0,0,12,0,0,0,0,51,57,1.362,1,2169,0,389.442,4.792,190.438,339.250,17.563,-0.117,0.113,1.082,2.137,4.289,-1.410,3.482,3.744,1.214,1.437,0,NULL,NULL,,3,0,2,7,255,1070,250,0,0
stim,109681,139802,0,139802,3337134.455,-0.766,-0.142,-0.031,-0.627,0,0,17,0,0,0,0,51,57,1.362,1,2169,0,395.110,5.004,206.125,336.500,19.813,-0.141,0.137,1.195,2.578,4.289,-0.371,3.514,3.778,1.214,1.437,0,NULL,NULL,,3,0,2,7,255,1070,250,0,0
stim,109709,139830,0,139830,3337139.453,-0.768,-0.126,-0.026,-0.628,0,0,14,0,0,0,0,50,57,1.362,1,2169,0,399.929,5.241,218.063,334.625,20.438,-0.164,0.121,1.305,2.641,4.527,0.766,3.542,3.808,1.214,1.437,0,NULL,NULL,,3,0,2,7,255,1070,250,0,0
stim,109709,139830,0,139830,3337144.455,-0.769,-0.109,-0.021,-0.629,0,0,21,0,0,0,0,46,57,1.362,1,2169,0,405.372,5.326,230.813,332.625,20.313,-0.195,0.082,1.430,2.641,4.625,1.953,3.570,3.838,1.214,1.437,0,NULL,NULL,,3,0,2,7,255,1070,250,0,0
stim,109709,139830,0,139830,3337149.454,-0.771,-0.092,-0.016,-0.630,0,0,18,0,0,0,0,52,57,1.362,1,2169,0,409.648,5.225,241.625,330.188,20.125,-0.230,0.102,1.582,2.285,4.699,3.313,3.596,3.866,1.214,1.437,0,NULL,NULL,,3,0,2,7,255,1070,250,0,0
stim,109709,139830,0,139830,3337154.455,-0.772,-0.075,-0.012,-0.631,0,0,21,0,0,0,0,55,57,1.362,1,2169,0,410.502,5.402,245.000,328.938,16.938,-0.273,0.152,1.727,2.285,4.895,4.895,3.622,3.892,1.214,1.437,0,NULL,NULL,,3,0,2,7,255,1070,250,0,0
stim,109728,139849,0,139849,3337159.454,-0.773,-0.057,-0.008,-0.632,0,0,20,0,0,0,0,52,57,1.362,1,2169,0,410.064,5.750,246.750,327.313,11.563,-0.305,0.184,1.883,2.629,5.113,6.359,3.648,3.920,1.214,1.437,0,NULL,NULL,,3,0,2,7,255,1070,250,0,0
stim,109728,139849,0,139849,3337164.455,-0.773,-0.040,-0.003,-0.633,0,0,21,0,0,0,0,53,57,1.362,1,2169,0,407.501,5.750,245.125,325.500,4.563,-0.332,0.188,2.047,2.629,5.113,8.012,3.672,3.946,1.214,1.437,0,NULL,NULL,,3,0,2,7,255,1070,250,0,0
stim,109728,139849,0,139849,3337169.453,-0.773,-0.023,0.001,-0.633,0,0,24,0,0,0,0,53,57,1.362,1,2169,0,401.298,5.549,237.688,323.313,-3.688,-0.344,0.168,2.195,2.563,4.922,9.801,3.698,3.972,1.214,1.437,0,NULL,NULL,,3,0,2,7,255,1070,250,0,0
stim,109728,139849,0,139849,3337174.455,-0.773,-0.006,0.006,-0.634,0,0,22,0,0,0,0,55,57,1.362,1,2169,0,393.024,4.932,226.125,321.188,-13.188,-0.336,0.133,2.297,2.168,4.430,11.449,3.724,4.002,1.214,1.437,0,NULL,NULL,,3,0,2,7,255,1070,250,0,0
stim,109728,139849,0,139849,3337179.454,-0.772,0.010,0.010,-0.636,0,0,21,0,0,0,0,55,57,1.362,1,2169,0,385.997,3.932,215.250,319.563,-23.250,-0.305,0.070,2.355,1.605,3.590,12.617,3.750,4.028,1.214,1.437,0,NULL,NULL,,3,0,2,7,255,1070,250,0,0
stim,109728,139849,0,139849,3337184.455,-0.770,0.026,0.015,-0.637,0,0,22,0,0,0,0,57,57,1.362,1,2169,0,381.088,2.602,206.500,318.688,-32.000,-0.250,-0.012,2.379,0.809,2.473,13.344,3.776,4.056,1.214,1.437,0,NULL,NULL,,3,0,2,7,255,1070,250,0,0
stim,109778,139899,0,139899,3337189.453,-0.768,0.041,0.021,-0.638,0,0,25,0,0,0,0,55,57,1.362,1,2169,0,378.961,1.083,200.688,318.938,-40.188,-0.176,-0.078,2.348,-0.168,1.070,13.344,3.800,4.082,1.214,1.437,0,NULL,NULL,,3,0,2,7,255,1070,250,0,0
stim,109778,139899,0,139899,3337194.455,-0.766,0.057,0.026,-0.640,0,0,22,0,0,0,0,53,57,1.362,1,2169,0,382.156,1.038,203.188,320.000,-48.563,-0.078,-0.125,2.301,-0.930,-0.461,13.273,3.824,4.106,1.214,1.437,0,NULL,NULL,,3,0,2,7,255,1070,250,0,0
stim,109778,139899,0,139899,3337199.453,-0.763,0.073,0.030,-0.641,0,0,22,0,0,0,0,55,57,1.362,1,2169,0,391.545,2.603,216.563,321.250,-56.625,0.063,-0.188,2.293,-1.492,-2.133,12.641,3.842,4.128,1.214,1.437,0,NULL,NULL,,3,0,2,7,255,1070,250,0,0
stim,109778,139899,0,139899,3337204.455,-0.760,0.089,0.035,-0.643,0,0,22,0,0,0,0,58,57,1.362,1,2169,0,403.823,4.746,235.688,321.813,-62.938,0.234,-0.230,2.367,-2.145,-4.234,12.484,3.858,4.144,1.214,1.437,0,NULL,NULL,,3,0,2,7,255,1070,250,0,0
stim,109778,139899,0,139899,3337209.454,-0.756,0.107,0.039,-0.645,0,0,22,0,0,0,0,62,57,1.362,1,2169,0,415.196,7.242,252.875,322.313,-67.500,0.457,-0.254,2.473,-2.664,-6.734,12.484,3.868,4.156,1.214,1.437,0,NULL,NULL,,3,0,2,7,255,1070,250,0,0
stim,109778,139899,0,139899,3337214.455,-0.752,0.124,0.042,-0.646,0,0,25,0,0,0,0,71,57,1.362,1,2169,0,426.559,10.206,270.188,322.813,-68.875,0.680,-0.281,2.590,-2.953,-9.770,12.789,3.874,4.162,1.214,1.437,0,NULL,NULL,,3,0,2,7,255,1070,250,0,0
stim,109797,139918,0,139918,3337219.453,-0.748,0.143,0.045,-0.647,0,0,20,0,0,0,0,63,57,1.362,1,2169,0,435.669,13.352,285.813,322.313,-65.063,0.879,-0.313,2.742,-3.438,-12.902,13.020,3.870,4.162,1.214,1.437,0,NULL,NULL,,3,0,2,7,255,1070,250,0,0
stim,109797,139918,0,139918,3337224.455,-0.743,0.161,0.047,-0.648,0,0,21,0,0,0,0,69,57,1.362,1,2169,0,440.172,16.391,294.625,321.500,-59.875,1.047,-0.324,2.910,-4.066,-15.879,13.453,3.860,4.152,1.214,1.437,0,NULL,NULL,,3,0,2,7,255,1070,250,0,0
stim,109797,139918,0,139918,3337229.453,-0.738,0.179,0.050,-0.648,0,0,25,0,0,0,0,69,57,1.362,1,2169,0,438.981,19.237,293.438,321.313,-57.938,1.180,-0.301,3.039,-4.676,-18.660,13.895,3.840,4.134,1.214,1.437,0,NULL,NULL,,3,0,2,7,255,1070,250,0,0
stim,109797,139918,0,139918,3337234.455,-0.733,0.197,0.053,-0.649,0,0,21,0,0,0,0,67,57,1.362,1,2169,0,433.894,21.563,284.813,321.750,-60.188,1.234,-0.238,3.164,-5.027,-20.969,14.035,3.808,4.104,1.214,1.437,0,NULL,NULL,,3,0,2,7,255,1070,250,0,0
stim,109797,139918,0,139918,3337239.454,-0.728,0.215,0.056,-0.649,0,0,21,0,0,0,0,75,57,1.362,1,2169,0,423.395,23.131,272.313,317.313,-66.500,1.289,-0.063,3.363,-5.027,-22.578,14.305,3.766,4.064,1.214,1.437,0,NULL,NULL,,3,0,2,7,255,1070,250,0,0
stim,109797,139918,0,139918,3337244.455,-0.722,0.231,0.059,-0.650,0,0,20,0,0,0,0,83,57,1.362,1,2169,0,405.556,24.744,244.875,311.875,-85.125,1.492,0.180,3.582,-4.281,-24.371,15.465,3.710,4.008,1.214,1.437,0,NULL,NULL,,3,0,2,7,255,1070,250,0,0
stim,109818,139939,0,139939,3337249.453,-0.716,0.245,0.065,-0.651,0,0,22,0,0,0,0,93,57,1.362,1,2169,0,374.665,27.794,190.563,305.188,-104.500,1.855,0.289,3.637,-2.684,-27.664,15.465,3.642,3.942,1.214,1.437,0,NULL,NULL,,3,0,2,7,255,1070,250,0,0
stim,109818,139939,0,139939,3337254.455,-0.711,0.257,0.072,-0.651,0,0,17,0,0,0,0,115,57,1.362,1,2169,0,332.754,31.875,118.875,293.188,-103.125,2.273,0.164,3.426,-2.176,-31.801,14.703,3.562,3.864,1.214,1.437,0,NULL,NULL,,3,0,2,7,255,1070,250,0,0
stim,109818,139939,0,139939,3337259.454,-0.706,0.266,0.080,-0.651,0,0,13,0,0,0,0,149,57,1.362,1,2169,0,293.321,35.259,52.688,276.875,-81.250,2.598,0.000,2.957,-2.176,-35.191,9.902,3.470,3.774,1.214,1.437,0,NULL,NULL,,3,0,2,7,255,1070,250,0,0
stim,109818,139939,0,139939,3337264.455,-0.704,0.273,0.088,-0.650,0,0,11,0,0,0,0,185,57,1.362,1,2169,0,264.824,35.988,11.125,258.000,-58.688,2.859,-0.113,2.359,-2.176,-35.922,3.230,3.370,3.674,1.214,1.437,0,NULL,NULL,,3,0,2,7,255,1070,250,0,0
stim,109818,139939,0,139939,3337269.454,-0.701,0.280,0.096,-0.649,0,0,4,0,0,0,0,237,57,1.362,1,2169,0,240.196,36.012,-1.125,236.438,-42.313,3.191,-0.191,1.793,-1.926,-35.961,-4.020,3.258,3.564,1.214,1.437,0,NULL,NULL,,3,0,2,7,255,1070,250,0,0
stim,109818,139939,0,139939,3337274.455,-0.699,0.286,0.102,-0.647,0,0,5,0,0,0,0,275,57,1.362,1,2169,0,215.097,35.976,4.813,213.188,-28.188,3.641,-0.367,1.262,-1.027,-35.961,-11.188,3.134,3.438,1.214,1.437,0,NULL,NULL,,3,0,2,7,255,1070,250,0,0
stim,109849,139970,0,139970,3337279.453,-0.698,0.292,0.108,-0.645,0,0,7,0,0,0,0,323,57,1.362,1,2169,0,189.418,36.932,24.688,187.750,-4.438,4.090,-0.777,0.715,-1.027,-36.918,-18.824,2.998,3.302,1.214,1.437,0,NULL,NULL,,3,0,2,7,255,1070,250,0,0
stim,109849,139970,0,139970,3337284.455,-0.697,0.299,0.110,-0.643,0,0,4,0,0,0,0,328,57,1.362,1,2169,0,181.807,37.394,72.125,162.313,38.813,4.395,-1.445,0.230,-3.094,-37.266,-27.109,2.850,3.156,1.214,1.437,0,NULL,NULL,,3,0,2,7,255,1070,250,0,0
stim,109880,140001,0,140001,3337289.454,-0.697,0.308,0.109,-0.639,0,0,9,0,0,0,0,319,57,1.362,1,2169,0,230.731,38.069,159.250,136.250,96.500,4.395,-2.086,-0.008,-7.781,-37.266,-34.719,2.698,3.002,1.214,1.437,0,NULL,NULL,,3,0,2,7,255,1070,250,0,0
stim,109880,140001,0,140001,3337294.455,-0.697,0.320,0.102,-0.634,0,0,19,0,0,0,0,311,57,1.362,1,2169,0,338.180,37.963,283.625,103.000,152.688,4.211,-2.512,0.176,-12.859,-35.719,-38.328,2.540,2.844,1.214,1.437,0,NULL,NULL,,3,0,2,7,255,1070,250,0,0
stim,109880,140001,0,140001,3337299.453,-0.696,0.335,0.090,-0.629,0,0,20,0,0,0,0,287,57,1.362,1,2169,0,456.568,38.843,404.875,67.313,200.000,3.625,-2.305,1.016,-16.773,-35.035,-38.328,2.378,2.682,1.214,1.437,0,NULL,NULL,,3,0,2,7,255,1070,250,0,0
stim,109880,140001,0,140001,3337304.455,-0.694,0.351,0.076,-0.624,0,0,17,0,0,0,0,279,57,1.362,1,2169,0,493.096,38.843,458.625,29.625,178.688,2.938,-1.688,2.184,-16.773,-35.035,-29.090,2.212,2.514,1.214,1.437,0,NULL,NULL,,3,0,2,7,255,1070,250,0,0
stim,109880,140001,0,140001,3337309.454,-0.690,0.364,0.063,-0.622,0,0,21,0,0,0,0,269,57,1.362,1,2169,0,443.123,39.203,427.188,-7.938,117.500,2.273,-0.625,3.355,-15.957,-35.809,-15.465,2.040,2.340,1.214,1.437,0,NULL,NULL,,3,0,2,7,255,1070,250,0,0
stim,109880,140001,0,140001,3337314.455,-0.686,0.373,0.052,-0.623,0,0,21,0,0,0,0,268,57,1.362,1,2169,0,325.068,39.079,320.875,-42.125,30.563,2.063,-0.129,4.090,-11.949,-37.207,0.039,1.862,2.160,1.214,1.437,0,NULL,NULL,,3,0,2,7,255,1070,250,0,0
stim,109880,140001,0,140001,3337319.454,-0.685,0.375,0.045,-0.623,0,0,21,0,0,0,0,263,57,1.362,1,2169,0,162.640,41.466,136.438,-82.563,31.938,2.617,-0.438,4.594,-11.949,-39.707,7.551,1.676,1.974,1.214,1.437,0,NULL,NULL,,3,0,2,7,255,1070,250,0,0
stim,109880,140001,0,140001,3337324.455,-0.690,0.369,0.043,-0.621,0,0,4,0,0,0,0,285,57,1.362,1,2169,0,186.097,42.505,-99.375,-105.688,116.563,2.020,-0.066,4.395,-12.219,-40.711,8.086,1.486,1.782,1.214,1.437,0,NULL,NULL,,3,0,2,7,255,1070,250,0,0
stim,109880,140001,0,140001,3337329.453,-0.697,0.360,0.042,-0.619,33,0,2,252,0,7,0,461,57,1.362,1,2169,0,255.760,43.066,-183.375,-132.313,119.500,0.711,-0.371,3.480,-14.047,-40.711,10.707,1.290,1.586,1.214,1.437,0,NULL,NULL,,3,0,2,7,255,1070,250,0,0
stim,109880,140001,0,140001,3337334.455,-0.706,0.358,0.025,-0.610,760,0,0,1016,0,117,0,521,57,1.362,1,2169,0,502.387,33.455,118.375,-265.875,409.500,-0.379,0.617,6.383,-14.047,-30.363,11.406,1.094,1.386,1.214,1.437,0,NULL,NULL,,3,0,2,7,255,1070,250,0,0
stim,109909,140030,0,140030,3337339.453,-0.730,0.335,0.028,-0.595,1354,0,0,1557,0,439,0,581,57,1.362,1,2169,0,844.636,28.486,-622.625,-167.250,545.688,-1.195,2.578,5.047,-14.047,-24.781,42.051,0.898,1.186,1.214,1.437,0,NULL,NULL,,3,0,2,7,255,1070,250,0,0
stim,109909,140030,0,140030,3337344.455,-0.754,0.296,0.047,-0.584,1881,0,0,1874,0,617,0,651,57,1.362,1,2169,0,1162.221,14.034,-1105.875,-153.063,323.063,-1.773,3.484,0.406,2.883,-13.734,42.051,0.712,0.992,1.214,1.437,0,NULL,NULL,,3,0,2,7,255,1070,250,0,0
stim,109909,140030,0,140030,3337349.454,-0.768,0.268,0.061,-0.579,2169,0,0,2031,0,892,0,723,57,1.362,1,2170,0,782.359,27.544,-758.188,-126.250,145.938,-2.461,2.715,-2.098,20.695,18.176,13.227,0.542,0.804,1.214,1.437,1,1027.000,-43.000,,3,0,2,7,255,1070,250,0,0
stim,109909,140030,0,140030,3337354.455,-0.772,0.253,0.066,-0.580,2358,0,0,2151,0,1099,0,824,57,1.362,1,2170,0,373.463,30.456,-352.688,-122.500,-8.938,-1.480,1.453,-1.516,20.695,22.344,-9.340,0.394,0.626,1.214,1.437,1,NULL,NULL,,3,0,2,7,255,1070,250,0,0
stim,109909,140030,0,140030,3337359.454,-0.772,0.247,0.064,-0.582,2489,0,0,2237,0,1299,0,931,57,1.362,1,2170,0,162.392,24.896,-87.938,-125.063,-54.750,0.125,0.344,0.547,10.980,22.344,-9.340,0.292,0.460,1.214,1.437,1,NULL,NULL,,3,0,2,7,255,1070,250,0,0
stim,109909,140030,0,140030,3337364.455,-0.775,0.241,0.062,-0.581,2613,0,0,2361,0,1463,0,1041,57,1.362,1,2170,0,156.680,11.331,-86.938,-114.625,62.063,0.742,1.289,1.457,10.980,-2.797,-4.637,0.268,0.320,1.214,1.437,1,NULL,NULL,,3,0,2,7,255,1070,250,0,0
stim,109958,140079,0,140079,3337369.454,-0.781,0.233,0.060,-0.576,2787,0,0,2605,0,1587,0,1111,57,1.362,1,2170,0,261.433,12.236,-164.313,-117.000,166.313,0.023,1.813,1.711,11.824,-3.148,3.566,0.318,0.240,1.214,1.437,2,NULL,NULL,,3,0,2,7,255,1070,250,0,0
stim,109958,140079,0,140079,3337374.455,-0.789,0.221,0.061,-0.570,2908,0,0,2763,0,1627,0,1197,57,1.362,1,2170,0,371.127,12.236,-290.438,-131.188,190.188,-1.766,-0.141,1.090,11.824,-3.148,5.543,0.360,0.252,1.214,1.437,2,NULL,NULL,,3,0,2,7,255,1070,250,0,0
stim,109958,140079,0,140079,3337379.454,-0.796,0.203,0.064,-0.567,2968,0,0,2877,0,1651,0,1314,57,1.362,1,2170,0,439.696,13.428,-390.125,-173.750,104.625,-2.277,-1.801,0.164,-8.633,10.285,5.543,0.386,0.304,1.214,1.437,2,NULL,NULL,,3,0,2,7,255,1070,250,0,0
stim,109958,140079,0,140079,3337384.455,-0.795,0.191,0.065,-0.571,3028,0,0,2964,0,1681,11,1445,57,1.362,1,2170,0,300.202,22.542,-222.563,-160.938,-121.188,-1.418,-1.711,-0.559,-20.059,10.285,-4.840,0.412,0.368,1.214,1.437,2,NULL,NULL,,3,0,2,7,255,1070,250,0,0
stim,109984,140105,0,140105,3337389.454,-0.792,0.186,0.061,-0.578,3049,0,0,3028,0,1696,117,1517,57,1.362,1,2170,0,225.628,22.170,-6.875,-162.625,-156.250,0.137,-0.789,0.316,-20.059,9.441,-8.867,0.448,0.424,1.214,1.437,2,NULL,NULL,,3,0,2,7,255,1070,250,0,0
stim,109984,140105,0,140105,3337394.455,-0.789,0.185,0.055,-0.583,3067,0,0,3068,0,1719,211,1553,57,1.362,1,2170,0,188.367,8.504,70.813,-139.438,-105.000,0.777,-0.645,1.844,-7.223,-4.488,-8.867,0.476,0.468,1.214,1.437,2,NULL,NULL,,3,0,2,7,255,1070,250,0,0
stim,109984,140105,0,140105,3337399.454,-0.790,0.180,0.051,-0.584,3091,0,0,3119,0,1763,406,1531,57,1.362,1,2170,0,131.506,16.160,-37.063,-125.375,-14.188,1.105,-0.785,2.352,-6.277,-14.891,3.461,0.482,0.498,1.214,1.437,2,NULL,NULL,,3,0,2,7,255,1070,250,0,0
stim,109984,140105,0,140105,3337404.455,-0.794,0.171,0.051,-0.581,3112,0,0,3144,0,1833,557,1527,57,1.362,1,2170,0,253.855,17.957,-196.000,-123.750,103.500,0.859,-1.086,1.953,-6.277,-16.824,3.926,0.462,0.512,1.214,1.437,2,NULL,NULL,,3,0,2,7,255,1070,250,0,0
stim,109984,140105,0,140105,3337409.454,-0.801,0.159,0.053,-0.574,3124,0,0,3167,0,1923,680,1553,57,1.362,1,2170,0,347.129,19.134,-270.375,-108.813,188.563,0.113,-1.293,0.824,-9.113,-16.824,3.926,0.428,0.518,1.214,1.437,2,NULL,NULL,,3,0,2,7,255,1070,250,0,0
stim,109984,140105,0,140105,3337414.455,-0.808,0.150,0.053,-0.567,3127,0,0,3188,0,2023,731,1603,57,1.362,1,2170,0,304.306,12.790,-202.813,-113.063,196.688,-0.695,-0.871,-0.031,-10.461,-7.359,-4.516,0.392,0.512,1.214,1.437,2,NULL,NULL,,3,0,2,7,255,1070,250,0,0
stim,109984,140105,0,140105,3337419.453,-0.811,0.144,0.050,-0.564,3139,0,0,3194,0,2105,739,1663,57,1.362,1,2170,0,188.652,11.012,-88.500,-127.125,107.688,-1.254,-0.039,0.379,-10.461,3.441,-4.516,0.354,0.482,1.214,1.437,2,NULL,NULL,,3,0,2,7,255,1070,250,0,0
stim,109984,140105,1,140105,3337424.455,-0.812,0.139,0.046,-0.565,3130,0,0,3204,0,2201,721,1747,57,1.362,1,2170,0,140.544,7.554,-32.250,-136.250,-12.188,-0.668,0.617,0.848,-5.047,5.621,-3.301,0.316,0.426,1.214,1.437,2,NULL,NULL,,3,1,2,7,255,1070,250,0,0
stim,109984,140105,1,140105,3337429.454,-0.811,0.135,0.043,-0.567,3127,0,0,3208,0,2285,723,1883,57,1.362,1,2170,0,145.932,5.998,-37.313,-133.000,-47.063,-0.156,0.379,1.402,2.094,5.621,0.578,0.282,0.350,1.214,1.437,2,NULL,NULL,,3,1,2,7,255,1070,250,0,0
stim,109985,140106,1,140106,3337434.454,-0.811,0.128,0.041,-0.569,3127,0,0,3205,0,2347,837,1995,57,1.362,1,2170,0,167.711,2.319,-104.375,-126.313,-35.750,0.129,-0.211,1.555,2.094,-0.996,4.316,0.264,0.272,1.214,1.437,2,NULL,NULL,,3,1,2,7,255,1070,250,0,0
stim,110013,140134,1,140134,3337439.455,-0.811,0.122,0.040,-0.570,3131,0,0,3211,0,2389,873,2101,57,1.362,1,2170,0,134.617,6.069,-100.313,-86.625,-23.563,0.473,-0.586,1.598,-2.336,-5.602,4.316,0.258,0.214,1.214,1.437,2,NULL,NULL,,3,1,2,7,255,1070,250,0,0
stim,110013,140134,1,140134,3337444.455,-0.812,0.118,0.040,-0.571,3129,0,0,3214,39,2419,877,2167,57,1.362,1,2170,0,83.192,9.681,-60.875,-55.250,-12.750,0.699,-0.398,0.797,-2.336,-9.395,3.730,0.250,0.188,1.214,1.437,2,NULL,NULL,,3,1,2,7,255,1070,250,0,0
stim,110013,140134,1,140134,3337449.453,-0.812,0.118,0.037,-0.571,3131,0,0,3215,261,2444,855,2221,57,1.362,1,2170,0,57.035,9.550,19.688,-53.375,4.063,0.398,0.324,1.129,-1.715,-9.395,0.566,0.242,0.184,1.214,1.437,2,NULL,NULL,,3,1,2,7,255,1070,250,0,0
stim,110013,140134,1,140134,3337454.455,-0.811,0.116,0.037,-0.572,3131,0,0,3213,437,2459,814,2280,57,1.362,1,2170,0,44.203,5.104,-17.625,-33.250,-23.188,-0.148,0.184,1.781,0.316,-5.094,0.566,0.236,0.184,1.214,1.437,2,NULL,NULL,,3,1,2,7,255,1070,250,0,0
stim,110013,140134,1,140134,3337459.454,-0.811,0.113,0.038,-0.572,3133,0,0,3213,585,2475,807,2327,57,1.362,1,2170,0,90.694,3.153,-85.875,-22.500,-18.563,0.063,-0.180,0.906,0.316,-3.137,0.566,0.242,0.178,1.214,1.437,2,NULL,NULL,,3,1,2,7,255,1070,250,0,0
stim,110013,140134,1,140134,3337464.455,-0.811,0.110,0.039,-0.573,3132,3,0,3212,719,2485,787,2359,57,1.362,1,2170,0,53.045,2.730,-46.688,-21.750,-12.688,-0.266,-0.152,0.754,-1.867,-1.992,-1.441,0.260,0.162,1.214,1.437,2,NULL,NULL,,3,1,2,7,255,1070,250,0,0
stim,110036,140157,1,140157,3337469.453,-0.810,0.110,0.038,-0.575,3131,21,0,3209,869,2493,763,2391,57,1.362,1,2170,0,51.784,1.887,3.063,-19.188,-48.000,-0.195,0.180,0.926,-1.867,0.273,-1.441,0.282,0.140,1.214,1.437,2,NULL,NULL,,3,1,2,7,255,1070,250,0,0
stim,110036,140157,1,140157,3337474.455,-0.809,0.110,0.037,-0.577,3131,29,0,3209,997,2505,743,2413,57,1.362,1,2170,0,64.049,0.675,12.625,-14.375,-61.125,0.035,0.297,1.180,0.617,0.273,-0.418,0.310,0.116,1.214,1.437,2,NULL,NULL,,3,1,2,7,255,1070,250,0,0
stim,110036,140157,1,140157,3337479.453,-0.808,0.108,0.037,-0.579,3124,36,0,3197,1079,2510,679,2427,57,1.362,1,2170,0,55.334,2.000,-23.125,-10.375,-49.188,0.051,0.035,1.246,0.617,-1.902,1.711,0.338,0.092,1.214,1.437,2,NULL,NULL,,3,1,2,7,255,1070,250,0,0
stim,110036,140157,1,140157,3337484.455,-0.807,0.106,0.038,-0.580,3131,41,0,3207,1161,2523,639,2453,57,1.362,1,2170,0,61.040,2.227,-51.250,-6.563,-32.500,-0.043,-0.180,0.992,-0.055,-2.227,1.711,0.358,0.072,1.214,1.437,2,NULL,NULL,,3,1,2,7,255,1070,250,0,0
stim,110079,140200,1,140200,3337489.454,-0.806,0.105,0.039,-0.581,3131,55,0,3199,1241,2525,601,2461,57,1.362,1,2170,0,51.495,2.729,-36.625,-6.063,-35.688,-0.152,-0.086,0.824,-1.578,-2.227,-0.398,0.370,0.062,1.214,1.437,2,NULL,NULL,,3,1,2,7,255,1070,250,0,0
stim,110079,140200,1,140200,3337494.455,-0.805,0.104,0.040,-0.582,3131,68,0,3197,1303,2530,589,2473,57,1.362,1,2170,0,43.150,1.718,-14.563,-7.063,-40.000,-0.129,0.000,0.895,-1.578,-0.680,-0.992,0.378,0.056,1.214,1.437,2,NULL,NULL,,3,1,2,7,255,1070,250,0,0
stim,110079,140200,1,140200,3337499.453,-0.804,0.103,0.040,-0.584,3133,87,0,3197,1355,2533,556,2479,57,1.362,1,2170,0,42.830,0.992,-9.063,-6.750,-41.313,-0.027,-0.012,1.031,-0.723,-0.680,-0.992,0.388,0.048,1.214,1.437,2,NULL,NULL,,3,1,2,7,255,1070,250,0,0
stim,110079,140200,1,140200,3337504.455,-0.804,0.102,0.040,-0.585,3133,91,0,3197,1421,2535,533,2484,57,1.362,1,2170,0,30.356,1.997,-14.938,-5.063,-25.938,0.012,-0.020,1.027,-0.543,-1.922,0.004,0.398,0.040,1.214,1.437,2,NULL,NULL,,3,1,2,7,255,1070,250,0,0
stim,110097,140218,1,140218,3337509.454,-0.803,0.101,0.040,-0.585,3133,102,0,3195,1461,2537,495,2486,57,1.362,1,2170,0,23.272,1.985,-13.813,-2.500,-18.563,-0.008,0.078,1.012,-0.496,-1.922,0.004,0.408,0.032,1.214,1.437,2,NULL,NULL,,3,1,2,7,255,1070,250,0,0
stim,110097,140218,1,140218,3337514.455,-0.803,0.101,0.040,-0.586,3131,106,0,3194,1491,2537,457,2484,57,1.362,1,2170,0,13.256,1.795,-8.313,-1.250,-10.250,-0.055,0.145,1.031,0.363,-1.758,0.004,0.416,0.028,1.214,1.437,2,NULL,NULL,,3,1,2,7,255,1070,250,0,0
stim,110097,140218,1,140218,3337519.454,-0.803,0.101,0.040,-0.586,3131,105,0,3192,1507,2537,413,2483,57,1.362,1,2170,0,16.298,1.296,-6.438,2.188,-14.813,-0.117,0.133,1.070,0.563,-1.168,0.289,0.420,0.024,1.214,1.437,2,NULL,NULL,,3,1,2,7,255,1070,250,0,0
stim,110097,140218,1,140218,3337524.455,-0.803,0.100,0.040,-0.587,3125,108,0,3181,1513,2536,381,2485,57,1.387,1,2170,1,18.269,1.140,-7.750,1.875,-16.438,-0.094,0.199,1.082,0.852,-0.758,0.797,0.000,0.000,1.207,1.422,2,NULL,NULL,,3,1,2,7,255,1070,250,0,0
stim,110097,140218,1,140218,3337529.454,-0.802,0.100,0.041,-0.587,3118,105,1,3191,1520,2527,346,2477,57,1.387,1,2170,1,14.226,1.322,-7.688,1.938,-11.813,-0.102,0.188,1.055,1.117,-0.707,0.797,0.004,0.002,1.207,1.422,2,NULL,NULL,,3,1,2,7,255,1070,250,0,0
stim,110097,140218,1,140218,3337534.455,-0.802,0.100,0.041,-0.587,3123,103,5,3181,1528,2535,297,2477,57,1.387,1,2170,1,13.836,1.298,-9.063,2.063,-10.250,-0.141,0.117,1.047,1.117,-0.660,0.645,0.008,0.004,1.207,1.422,2,NULL,NULL,,3,1,2,7,255,1070,250,0,0
stim,110097,140218,1,140218,3337539.453,-0.802,0.099,0.041,-0.588,3117,103,11,3179,1533,2524,299,2463,57,1.387,1,2170,1,13.231,0.607,-10.375,0.625,-8.188,-0.148,0.090,1.023,0.371,-0.480,0.582,0.014,0.006,1.207,1.422,2,NULL,NULL,,3,1,2,7,255,1070,250,0,0
stim,110097,140218,1,140218,3337544.455,-0.802,0.099,0.041,-0.588,3111,105,21,3171,1551,2525,287,2475,57,1.387,1,2170,1,10.013,0.455,-9.000,-1.313,-4.188,-0.145,0.094,0.996,0.148,-0.430,0.355,0.018,0.008,1.207,1.422,2,NULL,NULL,,3,1,2,7,255,1070,250,0,0
stim,110120,140241,1,140241,3337549.454,-0.802,0.099,0.041,-0.588,3103,95,29,3167,1559,2521,267,2471,57,1.387,1,2170,1,6.903,0.418,-6.313,-2.125,-1.813,-0.168,0.066,0.977,0.082,-0.410,0.086,0.020,0.008,1.207,1.422,2,NULL,NULL,,3,1,2,7,255,1070,250,0,0
stim,110120,140241,1,140241,3337554.455,-0.802,0.099,0.041,-0.588,3096,87,37,3157,1574,2517,265,2471,57,1.387,1,2170,1,5.279,0.302,-3.063,-3.625,-2.313,-0.191,0.047,0.969,-0.176,-0.246,-0.074,0.024,0.010,1.207,1.422,2,NULL,NULL,,3,1,2,7,255,1070,250,0,0
stim,110120,140241,1,140241,3337559.453,-0.802,0.098,0.041,-0.588,3091,78,35,3147,1587,2511,265,2473,57,1.387,1,2170,1,6.463,0.302,-1.188,-6.125,-1.688,-0.168,0.070,0.992,-0.176,-0.246,-0.074,0.026,0.010,1.207,1.422,2,NULL,NULL,,3,1,2,7,255,1070,250,0,0
stim,110120,140241,1,140241,3337564.455,-0.802,0.098,0.041,-0.588,3083,77,38,3135,1597,2505,265,2475,57,1.387,1,2170,1,8.110,0.299,-2.438,-7.563,1.625,-0.145,0.066,1.004,-0.145,-0.262,0.086,0.028,0.010,1.207,1.422,2,NULL,NULL,,3,1,2,7,255,1070,250,0,0
stim,110120,140241,1,140241,3337569.454,-0.802,0.098,0.041,-0.588,3065,73,35,3125,1611,2501,279,2476,57,1.387,1,2170,1,10.375,0.454,-3.125,-8.500,5.063,-0.145,0.066,0.984,-0.090,-0.445,0.086,0.030,0.010,1.207,1.422,2,NULL,NULL,,3,1,2,7,255,1070,250,0,0
stim,110120,140241,1,140241,3337574.455,-0.802,0.097,0.040,-0.588,3053,70,37,3111,1625,2491,295,2485,57,1.387,1,2170,1,11.121,0.454,-0.438,-9.313,6.063,-0.152,0.094,0.973,-0.086,-0.445,-0.031,0.032,0.010,1.207,1.422,2,NULL,NULL,,3,1,2,7,255,1070,250,0,0
stim,110120,140241,1,140241,3337579.454,-0.802,0.097,0.040,-0.588,3043,67,45,3099,1643,2489,299,2490,57,1.387,1,2170,1,11.600,0.276,2.125,-10.188,5.125,-0.168,0.129,0.988,0.133,-0.242,-0.031,0.034,0.010,1.207,1.422,2,NULL,NULL,,3,1,2,7,255,1070,250,0,0
stim,110151,140272,1,140272,3337584.455,-0.802,0.097,0.039,-0.587,3026,69,69,3087,1671,2487,299,2500,57,1.387,1,2170,1,11.591,0.411,1.188,-11.063,3.250,-0.191,0.152,1.004,0.410,-0.031,0.074,0.034,0.010,1.207,1.422,2,NULL,NULL,,3,1,2,7,255,1070,250,0,0
stim,110179,140300,1,140300,3337589.453,-0.802,0.097,0.039,-0.587,3013,69,82,3067,1689,2487,301,2515,57,1.387,1,2170,1,12.317,0.584,-1.688,-12.188,-0.563,-0.207,0.168,1.004,0.543,0.215,0.301,0.036,0.008,1.207,1.422,2,NULL,NULL,,3,1,2,7,255,1070,250,0,0
stim,110179,140300,1,140300,3337594.455,-0.802,0.096,0.039,-0.588,2996,68,89,3051,1707,2485,309,2519,57,1.387,1,2170,1,14.717,0.759,-3.438,-13.313,-5.250,-0.199,0.176,1.000,0.648,0.395,0.301,0.034,0.006,1.207,1.422,2,NULL,NULL,,3,1,2,7,255,1070,250,0,0
stim,110179,140300,1,140300,3337599.453,-0.802,0.096,0.038,-0.588,2975,76,123,3036,1746,2485,329,2531,57,1.387,1,2170,1,17.019,0.823,-4.000,-14.000,-8.813,-0.188,0.172,1.004,0.723,0.395,0.305,0.034,0.006,1.207,1.422,2,NULL,NULL,,3,1,2,7,255,1070,250,0,0
stim,110179,140300,1,140300,3337604.455,-0.802,0.096,0.038,-0.588,2955,77,137,3023,1780,2487,361,2541,57,1.387,1,2170,1,19.756,0.783,-5.500,-14.750,-11.938,-0.180,0.176,1.012,0.727,0.293,0.305,0.034,0.006,1.207,1.422,2,NULL,NULL,,3,1,2,7,255,1070,250,0,0
stim,110179,140300,1,140300,3337609.454,-0.802,0.095,0.037,-0.589,2927,77,179,3001,1833,2489,377,2555,57,1.387,1,2170,1,22.169,0.841,-7.313,-15.500,-14.063,-0.176,0.207,1.020,0.797,0.270,0.375,0.034,0.006,1.207,1.422,2,NULL,NULL,,3,1,2,7,255,1070,250,0,0
stim,110179,140300,1,140300,3337614.455,-0.801,0.094,0.037,-0.590,2901,77,247,2981,1892,2493,392,2577,57,1.387,1,2170,1,25.407,1.138,-9.125,-16.000,-17.500,-0.188,0.246,1.023,1.105,0.270,0.438,0.032,0.010,1.207,1.422,2,NULL,NULL,,3,1,2,7,255,1070,250,0,0
stim,110179,140300,1,140300,3337619.453,-0.801,0.094,0.037,-0.590,2874,93,303,2963,1951,2495,399,2591,57,1.387,1,2170,1,29.539,1.469,-10.688,-16.563,-22.000,-0.168,0.262,1.031,1.422,0.367,0.527,0.032,0.012,1.207,1.422,2,NULL,NULL,,3,1,2,7,255,1070,250,0,0
stim,110179,140300,1,140300,3337624.455,-0.800,0.093,0.036,-0.591,2851,119,389,2941,2004,2503,423,2613,57,1.387,1,2170,1,32.869,1.469,-13.750,-16.125,-25.125,-0.141,0.215,1.031,1.422,0.367,0.527,0.032,0.016,1.207,1.422,2,NULL,NULL,,3,1,2,7,255,1070,250,0,0
stim,110179,140300,1,140300,3337629.454,-0.800,0.092,0.036,-0.592,2825,135,472,2924,2060,2503,477,2628,57,1.387,1,2170,1,32.512,1.285,-16.750,-16.438,-22.500,-0.117,0.129,0.996,1.285,-0.027,0.516,0.034,0.020,1.207,1.422,2,NULL,NULL,,3,1,2,7,255,1070,250,0,0
stim,110179,140300,1,140300,3337634.455,-0.799,0.091,0.036,-0.593,2793,151,621,2899,2139,2505,548,2649,57,1.387,1,2170,1,29.953,0.581,-16.500,-16.813,-18.500,-0.148,0.098,0.961,0.570,-0.109,0.055,0.036,0.024,1.207,1.422,2,NULL,NULL,,3,1,2,7,255,1070,250,0,0
stim,110213,140334,1,140334,3337639.454,-0.799,0.090,0.036,-0.594,2750,169,723,2877,2212,2505,615,2668,57,1.387,1,2170,1,32.041,0.245,-14.188,-16.875,-23.250,-0.176,0.105,0.965,0.219,-0.109,-0.152,0.038,0.028,1.207,1.422,2,NULL,NULL,,3,1,2,7,255,1070,250,0,0
stim,110213,140334,1,140334,3337644.455,-0.798,0.089,0.036,-0.595,2713,184,861,2861,2269,2515,756,2682,57,1.387,1,2170,1,37.614,0.245,-12.375,-17.000,-31.188,-0.180,0.094,0.984,0.191,0.152,-0.152,0.042,0.034,1.207,1.422,2,NULL,NULL,,3,1,2,7,255,1070,250,0,0
stim,110213,140334,1,140334,3337649.453,-0.797,0.088,0.036,-0.596,2671,236,992,2841,2317,2515,843,2697,57,1.387,1,2170,1,46.890,0.235,-17.813,-17.500,-39.688,-0.195,0.105,1.035,0.160,0.172,0.035,0.046,0.038,1.207,1.422,2,NULL,NULL,,3,1,2,7,255,1070,250,0,0
stim,110213,140334,1,140334,3337654.455,-0.796,0.086,0.036,-0.598,2620,238,1140,2820,2381,2515,999,2713,57,1.387,1,2170,1,57.368,0.221,-25.125,-17.188,-48.625,-0.164,0.133,1.027,0.160,0.152,0.461,0.050,0.044,1.207,1.422,2,NULL,NULL,,3,1,2,7,255,1070,250,0,0
stim,110213,140334,1,140334,3337659.454,-0.795,0.085,0.036,-0.600,2565,249,1253,2794,2429,2517,1125,2730,57,1.387,1,2170,1,63.613,0.434,-31.188,-16.875,-52.813,-0.133,0.109,1.031,0.426,0.086,0.461,0.052,0.050,1.207,1.422,2,NULL,NULL,,3,1,2,7,255,1070,250,0,0
stim,110213,140334,1,140334,3337664.455,-0.794,0.083,0.037,-0.601,2490,260,1421,2769,2483,2520,1237,2743,57,1.387,1,2170,1,68.251,0.494,-39.250,-17.188,-53.125,-0.141,0.059,1.012,0.426,-0.250,0.414,0.056,0.054,1.207,1.422,2,NULL,NULL,,3,1,2,7,255,1070,250,0,0
stim,110213,140334,1,140334,3337669.453,-0.793,0.081,0.037,-0.603,2427,267,1558,2740,2525,2523,1369,2760,57,1.387,1,2170,1,70.657,0.251,-43.375,-18.125,-52.750,-0.156,0.016,0.965,-0.027,-0.250,0.203,0.060,0.058,1.207,1.422,2,NULL,NULL,,3,1,2,7,255,1070,250,0,0
stim,110241,140362,0,140362,3337674.455,-0.791,0.078,0.038,-0.605,2361,276,1707,2708,2577,2527,1482,2775,57,1.387,1,2170,1,73.953,0.458,-42.813,-19.125,-57.188,-0.164,-0.020,0.961,-0.438,-0.137,-0.254,0.060,0.060,1.207,1.422,2,NULL,NULL,,3,0,2,7,255,1075,250,0,0
stim,110241,140362,0,140362,3337679.453,-0.790,0.076,0.039,-0.607,2285,283,1837,2669,2616,2533,1607,2793,57,1.387,1,2170,1,77.510,0.755,-41.813,-20.000,-62.125,-0.145,-0.066,0.980,-0.742,-0.137,-0.254,0.060,0.060,1.207,1.422,2,NULL,NULL,,3,0,2,7,255,1075,250,0,0
stim,110241,140362,0,140362,3337684.455,-0.788,0.074,0.039,-0.609,2195,304,1979,2643,2660,2541,1712,2813,57,1.387,1,2170,0,81.470,1.156,-47.563,-22.188,-62.313,-0.125,-0.090,1.027,-1.078,-0.418,-0.148,0.058,0.060,1.207,1.422,2,NULL,NULL,,3,0,2,7,255,1075,250,0,0
stim,110293,140414,0,140414,3337689.454,-0.787,0.071,0.040,-0.611,2111,311,2088,2588,2692,2548,1819,2827,57,1.387,1,2170,0,85.643,1.232,-58.438,-24.625,-57.563,-0.137,-0.078,1.082,-1.082,-0.590,0.285,0.056,0.060,1.207,1.422,2,NULL,NULL,,3,0,2,7,255,1075,250,0,0
stim,110293,140414,0,140414,3337694.455,-0.786,0.067,0.041,-0.614,1983,314,2202,2523,2728,2549,1931,2853,57,1.387,1,2170,0,99.307,1.232,-72.938,-23.938,-63.000,-0.141,-0.027,1.027,-1.082,-0.590,0.352,0.056,0.060,1.207,1.422,2,NULL,NULL,,3,0,2,7,255,1075,250,0,0
stim,110293,140414,0,140414,3337699.453,-0.784,0.064,0.042,-0.616,1879,315,2294,2471,2746,2549,2022,2855,57,1.387,1,2170,0,96.458,0.773,-68.813,-25.438,-62.625,-0.090,-0.004,0.906,-0.555,-0.539,0.352,0.054,0.060,1.207,1.422,2,NULL,NULL,,3,0,2,7,255,1075,250,0,0
stim,110293,140414,0,140414,3337704.455,-0.783,0.061,0.043,-0.617,1751,309,2379,2394,2776,2555,2120,2875,57,1.387,1,2170,0,82.082,0.771,-55.750,-27.938,-53.375,-0.074,-0.051,0.918,-0.551,-0.539,-0.828,0.052,0.058,1.207,1.422,2,NULL,NULL,,3,0,2,7,255,1075,250,0,0
stim,110293,140414,0,140414,3337709.454,-0.782,0.059,0.043,-0.619,1591,291,2461,2275,2797,2543,2198,2884,57,1.387,1,2170,0,71.855,0.771,-46.688,-30.500,-45.313,-0.113,-0.082,0.977,-0.551,-0.539,-0.828,0.052,0.058,1.207,1.422,2,NULL,NULL,,3,0,2,7,255,1075,250,0,0
stim,110293,140414,0,140414,3337714.455,-0.781,0.056,0.044,-0.620,1395,275,2537,2160,2826,2543,2270,2901,57,1.387,1,2170,0,67.891,1.026,-42.250,-31.313,-42.938,-0.109,-0.086,0.996,-0.863,-0.555,-0.188,0.050,0.058,1.207,1.422,2,NULL,NULL,,3,0,2,7,255,1075,250,0,0
stim,110293,140414,0,140414,3337719.454,-0.780,0.054,0.044,-0.622,1199,261,2585,2035,2852,2540,2335,2903,57,1.387,1,2170,0,66.701,1.002,-39.375,-32.063,-43.250,-0.113,-0.070,1.016,-0.863,-0.508,0.016,0.050,0.060,1.207,1.422,2,NULL,NULL,,3,0,2,7,255,1075,250,0,0
stim,110293,140414,0,140414,3337724.455,-0.779,0.051,0.043,-0.623,1035,239,2624,1847,2870,2541,2409,2919,57,1.387,1,2170,0,63.726,0.806,-36.938,-34.000,-39.250,-0.109,-0.008,1.027,-0.672,-0.445,0.188,0.050,0.060,1.207,1.422,2,NULL,NULL,,3,0,2,7,255,1075,250,0,0
stim,110293,140414,0,140414,3337729.453,-0.778,0.049,0.043,-0.624,839,213,2668,1662,2887,2535,2463,2924,57,1.387,1,2170,0,63.925,0.337,-36.625,-35.125,-38.875,-0.117,0.031,1.051,-0.031,-0.336,0.293,0.050,0.062,1.207,1.422,2,NULL,NULL,,3,0,2,7,255,1075,250,0,0
stim,110293,140414,0,140414,3337734.455,-0.778,0.047,0.043,-0.626,623,181,2707,1399,2909,2532,2519,2942,57,1.387,1,2170,0,62.459,0.179,-34.438,-37.188,-36.500,-0.113,-0.004,1.016,0.031,-0.176,0.293,0.052,0.062,1.207,1.422,2,NULL,NULL,,3,0,2,7,255,1075,250,0,0
stim,110293,140414,0,140414,3337739.454,-0.777,0.044,0.042,-0.627,399,123,2756,1115,2936,2530,2571,2951,57,1.387,1,2170,0,58.561,0.179,-29.500,-40.313,-30.563,-0.121,-0.055,1.039,0.031,-0.176,0.457,0.054,0.062,1.207,1.422,2,NULL,NULL,,3,0,2,7,255,1075,250,0,0
stim,110293,140414,0,140414,3337744.455,-0.776,0.042,0.042,-0.628,217,87,2787,869,2941,2517,2616,2961,57,1.387,1,2170,0,59.220,0.495,-27.750,-42.188,-30.938,-0.105,-0.074,1.047,-0.449,-0.207,0.457,0.054,0.062,1.207,1.422,2,NULL,NULL,,3,0,2,7,255,1075,250,0,0
stim,110313,140434,0,140434,3337749.454,-0.776,0.040,0.041,-0.629,79,34,2804,604,2957,2495,2653,2968,57,1.387,1,2170,0,58.061,0.578,-22.438,-44.938,-29.125,-0.078,-0.055,1.035,-0.449,-0.363,0.457,0.058,0.062,1.207,1.422,2,NULL,NULL,,3,0,2,7,255,1075,250,0,0
stim,110313,140434,0,140434,3337754.455,-0.775,0.038,0.040,-0.630,17,10,2847,405,2983,2483,2676,2983,57,1.387,1,2170,0,59.732,0.628,-20.875,-48.313,-28.250,-0.047,0.008,1.043,-0.328,-0.535,0.414,0.060,0.062,1.207,1.422,2,NULL,NULL,,3,0,2,7,255,1075,250,0,0
stim,110313,140434,0,140434,3337759.454,-0.774,0.036,0.038,-0.631,0,0,2855,217,2989,2451,2717,2987,57,1.387,1,2170,0,60.410,0.692,-17.250,-50.500,-28.313,-0.027,0.090,1.027,0.328,-0.609,0.375,0.064,0.062,1.207,1.422,2,NULL,NULL,,3,0,2,7,255,1075,250,0,0
stim,110313,140434,0,140434,3337764.455,-0.774,0.034,0.037,-0.632,0,0,2873,144,3002,2425,2743,2991,57,1.387,1,2170,0,62.127,1.086,-11.500,-52.375,-31.375,-0.098,0.074,1.039,0.898,-0.609,0.391,0.066,0.064,1.207,1.422,2,NULL,NULL,,3,0,2,7,255,1075,250,0,0
stim,110345,140466,0,140466,3337769.454,-0.774,0.033,0.034,-0.632,0,0,2895,109,3007,2406,2783,2995,57,1.387,1,2170,0,69.945,0.900,28.625,-63.500,-6.375,-0.352,-0.047,1.258,0.898,0.051,0.391,0.066,0.070,1.207,1.422,2,NULL,NULL,,3,0,2,7,255,1075,250,0,0
stim,110345,140466,0,140466,3337774.455,-0.773,0.033,0.031,-0.632,0,0,2907,73,3027,2381,2806,2992,57,1.387,1,2170,0,90.683,2.220,48.313,-75.875,-11.500,-0.547,-0.160,1.566,-0.703,2.105,2.805,0.064,0.076,1.207,1.422,3,NULL,NULL,,3,0,2,7,255,1075,250,0,0
stim,110345,140466,0,140466,3337779.453,-0.772,0.033,0.026,-0.634,0,0,2926,47,3033,2341,2835,3003,57,1.387,1,2170,0,105.132,3.230,50.688,-84.938,-35.625,-0.484,-0.004,1.828,-0.703,3.152,6.000,0.060,0.084,1.207,1.422,3,NULL,NULL,,3,0,2,7,255,1075,250,0,0
stim,110345,140466,0,140466,3337784.455,-0.772,0.030,0.023,-0.635,0,0,2921,0,3045,2287,2863,2999,57,1.387,1,2170,0,96.543,3.193,1.375,-92.250,-28.438,-0.141,0.305,1.785,-0.508,3.152,7.719,0.054,0.090,1.207,1.422,3,NULL,NULL,,3,0,2,7,255,1075,250,0,0
stim,110378,140499,0,140499,3337789.453,-0.772,0.026,0.021,-0.635,0,0,2931,0,3059,2229,2868,3005,57,1.387,1,2170,0,112.073,3.123,-61.563,-92.813,-12.500,0.012,0.316,1.465,3.059,0.629,7.719,0.048,0.096,1.207,1.422,3,NULL,NULL,,3,0,2,7,255,1075,250,0,0
stim,110378,140499,0,140499,3337794.455,-0.773,0.021,0.020,-0.634,0,0,2937,0,3053,2167,2887,3013,57,1.387,1,2170,0,117.457,3.108,-58.125,-99.750,21.625,-0.078,0.250,1.199,3.059,0.555,4.434,0.044,0.104,1.207,1.422,3,NULL,NULL,,3,0,2,7,255,1075,250,0,0
stim,110378,140499,0,140499,3337799.454,-0.774,0.018,0.017,-0.633,0,0,2935,0,3062,2075,2909,3005,57,1.387,1,2170,0,119.541,2.626,-26.313,-109.188,40.938,-0.281,0.156,1.215,2.566,0.555,2.188,0.042,0.116,1.207,1.422,3,NULL,NULL,,3,0,2,7,255,1075,250,0,0
stim,110378,140499,0,140499,3337804.455,-0.775,0.014,0.013,-0.632,0,0,2951,0,3081,1956,2916,2999,57,1.387,1,2170,0,120.736,2.747,-15.688,-116.938,25.625,-0.387,0.043,1.293,1.289,2.426,2.188,0.044,0.128,1.207,1.422,3,NULL,NULL,,3,0,2,7,255,1075,250,0,0
stim,110378,140499,0,140499,3337809.454,-0.775,0.010,0.010,-0.631,0,0,2939,0,3089,1810,2941,2995,57,1.387,1,2170,0,124.557,2.738,-13.625,-123.500,8.750,-0.336,-0.070,1.355,-0.004,2.738,3.004,0.046,0.140,1.207,1.422,3,NULL,NULL,,3,0,2,7,255,1075,250,0,0
stim,110378,140499,0,140499,3337814.455,-0.776,0.006,0.006,-0.631,0,0,2939,0,3081,1675,2944,3001,57,1.387,1,2170,0,131.937,2.909,-23.000,-129.875,3.313,-0.285,-0.180,1.363,-0.980,2.738,3.566,0.048,0.150,1.207,1.422,3,NULL,NULL,,3,0,2,7,255,1075,250,0,0
stim,110397,140518,0,140518,3337819.454,-0.776,0.001,0.003,-0.631,0,0,2922,0,3095,1477,2963,2989,57,1.387,1,2170,0,139.107,2.515,-28.438,-135.938,7.938,-0.137,-0.141,1.301,-1.301,2.152,3.566,0.050,0.162,1.207,1.422,3,NULL,NULL,,3,0,2,7,255,1075,250,0,0
stim,110397,140518,0,140518,3337824.455,-0.777,-0.004,-0.001,-0.630,0,0,2915,0,3089,1255,2967,2987,57,1.387,1,2170,0,146.566,2.255,-33.813,-140.188,26.188,-0.172,-0.184,1.156,-1.809,1.348,2.984,0.054,0.174,1.207,1.422,3,NULL,NULL,,3,0,2,7,255,1075,250,0,0
stim,110397,140518,0,140518,3337829.454,-0.778,-0.008,-0.005,-0.629,0,0,2900,0,3095,1011,2987,2981,57,1.387,1,2170,0,151.024,2.049,-28.000,-146.188,25.563,-0.246,-0.137,1.133,-1.543,1.348,1.578,0.060,0.186,1.207,1.422,3,NULL,NULL,,3,0,2,7,255,1075,250,0,0
stim,110397,140518,0,140518,3337834.455,-0.778,-0.013,-0.009,-0.628,0,0,2888,0,3099,723,2997,2964,57,1.387,1,2170,0,155.597,2.914,-19.500,-152.813,21.875,-0.277,-0.164,1.105,-1.809,2.285,1.301,0.068,0.200,1.207,1.422,3,NULL,NULL,,3,0,2,7,255,1075,250,0,0
stim,110397,140518,0,140518,3337839.453,-0.778,-0.018,-0.014,-0.627,0,0,2869,0,3099,542,3001,2947,57,1.387,1,2170,0,159.746,3.196,-12.750,-158.938,9.750,-0.258,-0.180,1.082,-1.895,2.574,1.008,0.076,0.214,1.207,1.422,3,NULL,NULL,,3,0,2,7,255,1075,250,0,0
stim,110397,140518,0,140518,3337844.455,-0.778,-0.023,-0.020,-0.627,0,0,2835,0,3111,347,3002,2921,57,1.387,1,2170,0,164.989,3.272,-2.750,-164.938,-3.063,-0.219,-0.211,1.070,-2.020,2.574,0.723,0.084,0.228,1.207,1.422,3,NULL,NULL,,3,0,2,7,255,1075,250,0,0
stim,110419,140540,0,140540,3337849.454,-0.778,-0.027,-0.026,-0.627,0,0,2807,0,3097,145,3007,2903,57,1.387,1,2170,0,171.726,3.041,8.250,-171.438,-5.563,-0.133,-0.141,1.090,-2.020,2.273,0.723,0.094,0.242,1.207,1.422,3,NULL,NULL,,3,0,2,7,255,1075,250,0,0
stim,110419,140540,0,140540,3337854.455,-0.778,-0.031,-0.032,-0.626,0,0,2759,0,3098,49,3016,2873,57,1.387,1,2170,0,179.139,2.700,16.438,-178.375,-1.688,-0.160,-0.102,1.141,-1.457,2.273,0.801,0.106,0.258,1.207,1.422,3,NULL,NULL,,3,0,2,7,255,1075,250,0,0
stim,110419,140540,0,140540,3337859.454,-0.778,-0.035,-0.039,-0.626,0,0,2727,0,3109,4,3027,2843,57,1.387,1,2170,0,187.590,2.478,24.750,-185.938,2.125,-0.063,0.121,1.316,-1.164,2.188,1.207,0.120,0.272,1.207,1.422,3,NULL,NULL,,3,0,2,7,255,1075,250,0,0
stim,110419,140540,0,140540,3337864.455,-0.778,-0.040,-0.046,-0.625,0,0,2654,0,3096,0,3029,2796,57,1.387,1,2170,0,190.299,2.584,10.375,-190.000,-2.500,-0.156,0.223,1.371,1.121,2.328,2.891,0.134,0.290,1.207,1.422,3,NULL,NULL,,3,0,2,7,255,1075,250,0,0
stim,110419,140540,0,140540,3337869.453,-0.778,-0.045,-0.053,-0.625,0,0,2601,0,3097,0,3033,2760,57,1.387,1,2170,0,198.995,4.011,11.875,-198.563,-5.563,-0.082,0.332,1.578,1.828,3.570,3.250,0.148,0.306,1.207,1.422,3,NULL,NULL,,3,0,2,7,255,1075,250,0,0
stim,110419,140540,0,140540,3337874.455,-0.777,-0.050,-0.060,-0.625,0,0,2520,0,3087,0,3035,2687,57,1.387,1,2170,0,203.509,4.086,14.375,-202.813,-8.750,-0.203,0.254,1.922,1.922,3.605,5.258,0.168,0.326,1.207,1.422,3,NULL,NULL,,3,0,2,7,255,1075,250,0,0
stim,110449,140570,0,140570,3337879.454,-0.777,-0.056,-0.068,-0.623,0,0,2424,0,3081,3,3041,2616,57,1.387,1,2170,0,222.882,5.716,17.688,-221.063,22.250,-0.316,0.113,2.371,1.922,5.383,8.398,0.192,0.354,1.207,1.422,3,NULL,NULL,,3,0,2,7,255,1075,250,0,0
stim,110449,140570,0,140570,3337884.455,-0.778,-0.063,-0.076,-0.621,0,0,2325,0,3055,40,3021,2543,57,1.387,1,2170,0,247.356,7.335,-19.313,-243.063,41.625,-0.602,0.258,2.617,0.887,7.281,12.473,0.228,0.390,1.207,1.422,3,NULL,NULL,,3,0,2,7,255,1075,250,0,0
stim,110480,140601,0,140601,3337889.453,-0.778,-0.073,-0.083,-0.618,0,0,2175,0,3045,68,3017,2439,57,1.387,1,2170,0,283.290,11.230,-69.000,-270.500,48.188,-0.773,0.574,2.590,0.887,11.195,13.047,0.276,0.440,1.207,1.422,3,NULL,NULL,,3,0,2,7,255,1075,250,0,0
stim,110480,140601,0,140601,3337894.455,-0.778,-0.084,-0.090,-0.616,0,0,2015,0,3023,81,3003,2295,57,1.387,1,2170,0,315.085,14.416,-91.000,-299.875,32.750,-0.824,0.926,2.594,3.500,13.984,13.047,0.334,0.498,1.207,1.422,3,NULL,NULL,,3,0,2,7,255,1075,250,0,0
stim,110480,140601,0,140601,3337899.453,-0.777,-0.097,-0.098,-0.614,0,0,1900,0,3003,101,2972,2139,57,1.387,1,2170,0,345.925,16.961,-110.313,-327.188,21.063,-0.703,1.035,2.563,6.789,15.543,12.418,0.400,0.566,1.207,1.422,3,NULL,NULL,,3,0,2,7,255,1075,250,0,0
stim,110480,140601,0,140601,3337904.455,-0.775,-0.111,-0.107,-0.613,0,0,1788,0,2975,111,2937,2001,57,1.387,1,2170,0,374.426,17.152,-128.563,-351.500,10.688,-0.609,0.910,2.551,7.254,15.543,11.859,0.476,0.640,1.207,1.422,3,NULL,NULL,,3,0,2,7,255,1075,250,0,0
stim,110480,140601,0,140601,3337909.454,-0.774,-0.126,-0.115,-0.610,0,0,1703,0,2928,115,2911,1865,57,1.387,1,2170,0,404.304,17.152,-142.938,-377.375,24.875,-0.641,0.824,2.699,7.254,15.543,11.859,0.558,0.722,1.207,1.422,3,NULL,NULL,,3,0,2,7,255,1075,250,0,0
stim,110480,140601,0,140601,3337914.455,-0.772,-0.142,-0.124,-0.608,0,0,1591,0,2891,118,2853,1723,57,1.387,1,2170,0,428.324,17.963,-161.750,-396.063,20.813,-0.738,0.938,2.711,7.254,16.434,11.559,0.650,0.816,1.207,1.422,3,NULL,NULL,,3,0,2,7,255,1075,250,0,0
stim,110480,140601,0,140601,3337919.453,-0.769,-0.159,-0.133,-0.605,0,0,1464,0,2815,109,2771,1591,57,1.387,1,2170,0,455.609,19.561,-172.688,-421.500,9.813,-0.824,0.855,2.695,6.633,18.402,11.309,0.752,0.918,1.207,1.422,3,NULL,NULL,,3,0,2,7,255,1075,250,0,0
stim,110480,140601,0,140601,3337924.455,-0.765,-0.176,-0.144,-0.602,0,0,1356,0,2745,91,2671,1463,57,1.387,1,2170,0,475.568,20.812,-164.688,-446.063,8.438,-0.871,0.738,2.813,6.633,19.727,10.238,0.864,1.030,1.207,1.422,3,NULL,NULL,,3,0,2,7,255,1075,250,0,0
stim,110481,140602,0,140602,3337929.454,-0.761,-0.194,-0.155,-0.599,0,0,1173,0,2657,74,2521,1288,57,1.387,1,2170,0,491.957,21.978,-166.875,-462.750,-6.063,-0.926,0.770,2.906,5.871,21.180,10.133,0.978,1.148,1.207,1.422,3,NULL,NULL,,3,0,2,7,255,1075,250,0,0
stim,110481,140602,0,140602,3337934.455,-0.756,-0.212,-0.166,-0.596,0,0,1011,0,2516,58,2341,1127,57,1.387,1,2170,0,503.799,23.649,-170.625,-473.313,-26.000,-0.934,0.605,3.113,5.566,22.984,10.238,1.096,1.266,1.207,1.422,3,NULL,NULL,,3,0,2,7,255,1075,250,0,0
stim,110508,140629,0,140629,3337939.454,-0.750,-0.230,-0.178,-0.594,0,0,791,0,2352,3,2099,968,57,1.387,1,2170,0,517.349,25.034,-173.000,-486.313,-34.938,-0.891,0.320,3.313,4.527,24.621,10.664,1.214,1.386,1.207,1.422,3,NULL,NULL,,3,0,2,7,255,1075,250,0,0
stim,110508,140629,0,140629,3337944.455,-0.744,-0.250,-0.189,-0.590,0,0,599,0,2123,0,1811,858,57,1.387,1,2170,0,549.665,24.713,-210.125,-507.375,-23.438,-0.809,-0.137,3.090,2.133,24.621,10.664,1.330,1.504,1.207,1.422,3,NULL,NULL,,3,0,2,7,255,1075,250,0,0
stim,110508,140629,0,140629,3337949.453,-0.737,-0.272,-0.199,-0.586,0,0,406,0,1832,0,1453,718,57,1.387,1,2170,0,580.775,24.183,-256.063,-521.188,9.750,-0.555,-0.398,2.363,-1.891,24.109,10.082,1.436,1.614,1.207,1.422,3,NULL,NULL,,3,0,2,7,255,1075,250,0,0
stim,110508,140629,0,140629,3337954.455,-0.731,-0.293,-0.210,-0.580,0,0,248,0,1507,0,960,591,57,1.387,1,2170,0,573.422,18.619,-223.500,-527.813,16.563,-0.402,-0.383,1.574,-3.688,18.250,5.414,1.532,1.714,1.207,1.422,3,NULL,NULL,,3,0,2,7,255,1075,250,0,0
stim,110508,140629,0,140629,3337959.454,-0.725,-0.310,-0.223,-0.572,0,0,120,0,1106,0,407,459,57,1.387,1,2170,0,554.898,13.243,-116.250,-541.313,37.125,-0.395,-0.180,1.422,-3.688,12.719,-0.230,1.622,1.808,1.207,1.422,3,NULL,NULL,,3,0,2,7,255,1075,250,0,0
stim,110508,140629,0,140629,3337964.455,-0.722,-0.325,-0.239,-0.562,0,0,108,0,639,0,39,396,57,1.387,1,2170,0,556.636,12.857,-4.563,-552.063,71.063,-0.660,-0.004,2.000,-1.883,12.719,-1.301,1.716,1.904,1.207,1.422,3,NULL,NULL,,3,0,2,7,255,1075,250,0,0
stim,110542,140663,0,140663,3337969.454,-0.720,-0.339,-0.256,-0.549,0,0,51,0,181,0,0,360,57,1.387,1,2170,0,583.661,18.825,32.938,-567.438,132.625,-1.133,0.000,2.590,-1.883,18.730,-1.977,1.818,2.010,1.207,1.422,3,NULL,NULL,,3,0,2,7,255,1075,250,0,0
stim,110542,140663,0,140663,3337974.455,-0.717,-0.356,-0.269,-0.535,0,0,27,0,0,0,0,272,57,1.387,1,2170,0,592.710,26.449,-56.250,-566.000,166.688,-1.324,0.578,2.473,-0.766,26.438,-1.977,1.930,2.124,1.207,1.422,3,NULL,NULL,,3,0,2,7,255,1075,250,0,0
stim,110542,140663,0,140663,3337979.453,-0.711,-0.376,-0.279,-0.526,0,0,21,0,0,0,0,213,57,1.387,1,2170,0,559.158,26.536,-189.125,-516.938,98.313,-1.055,1.410,1.816,2.289,26.438,-6.734,2.044,2.238,1.207,1.422,3,NULL,NULL,,3,0,2,7,255,1075,250,0,0
stim,110542,140663,0,140663,3337984.455,-0.702,-0.395,-0.286,-0.520,0,0,18,0,0,0,0,133,57,1.387,1,2170,0,530.804,24.636,-275.875,-451.000,47.375,-0.543,1.844,1.250,10.625,22.227,-11.660,2.152,2.348,1.207,1.422,4,NULL,NULL,,3,0,2,7,255,1075,250,0,0
stim,110576,140697,0,140697,3337989.453,-0.694,-0.416,-0.286,-0.513,0,0,19,0,0,0,0,125,57,1.387,1,2170,0,532.776,20.632,-363.875,-368.750,124.375,-0.840,1.719,0.813,13.836,15.305,-12.742,2.250,2.448,1.207,1.422,0,NULL,NULL,,3,0,2,7,255,1075,250,0,0
stim,110576,140697,0,140697,3337994.455,-0.686,-0.438,-0.280,-0.509,0,0,22,0,0,0,0,100,57,1.387,1,2170,0,570.038,19.301,-480.625,-257.938,165.563,-0.621,1.836,-0.215,14.699,12.508,-17.801,2.334,2.532,1.207,1.422,0,NULL,NULL,,3,0,2,7,255,1075,250,0,0
stim,110576,140697,0,140697,3337999.454,-0.679,-0.452,-0.276,-0.509,0,0,16,0,0,0,0,63,57,1.387,1,2170,0,353.349,13.992,-318.250,-146.063,47.313,-0.480,0.648,-0.891,13.836,2.082,-19.699,2.394,2.596,1.207,1.422,0,NULL,NULL,,3,0,2,7,255,1075,250,0,0
stim,110576,140697,0,140697,3338004.455,-0.678,-0.453,-0.278,-0.507,0,0,16,0,0,0,0,57,57,1.387,1,2170,0,67.914,3.909,12.125,-66.750,3.125,-0.684,-0.977,-0.031,3.309,2.082,-19.699,2.436,2.638,1.207,1.422,0,NULL,NULL,,3,0,2,7,255,1075,250,0,0
stim,110576,140697,0,140697,3338009.454,-0.680,-0.451,-0.280,-0.506,0,0,9,0,0,0,0,91,57,1.387,1,2170,0,74.863,11.510,74.625,-4.250,4.188,-1.020,-1.230,1.656,-11.305,2.164,-12.238,2.466,2.672,1.207,1.422,0,NULL,NULL,,3,0,2,7,255,1075,250,0,0
stim,110576,140697,0,140697,3338014.455,-0.679,-0.452,-0.275,-0.509,0,0,13,0,0,0,0,87,57,1.387,1,2170,0,127.878,21.444,-103.750,74.375,-7.563,-1.133,-0.352,1.824,-11.305,18.223,-10.203,2.502,2.710,1.207,1.422,0,NULL,NULL,,3,0,2,7,255,1075,250,0,0
stim,110576,140697,0,140697,3338019.453,-0.676,-0.455,-0.266,-0.515,0,0,12,0,0,0,0,59,57,1.387,1,2170,0,264.607,18.870,-223.500,141.625,-2.625,-0.984,0.918,0.551,-4.898,18.223,-10.203,2.538,2.748,1.207,1.422,0,NULL,NULL,,3,0,2,7,255,1075,250,0,0
stim,110576,140697,0,140697,3338024.455,-0.675,-0.456,-0.257,-0.520,0,0,11,0,0,0,0,37,57,1.387,1,2170,0,234.960,11.092,-150.125,179.750,18.938,-0.941,1.578,-0.219,5.922,9.379,-18.672,2.570,2.784,1.207,1.422,0,NULL,NULL,,3,0,2,7,255,1075,250,0,0
stim,110576,140697,0,140697,3338029.454,-0.677,-0.452,-0.251,-0.523,0,0,10,0,0,0,0,36,57,1.387,1,2170,0,197.631,10.180,-13.313,196.000,21.563,-1.094,1.297,0.063,8.336,5.844,-22.895,2.604,2.818,1.207,1.422,0,NULL,NULL,,3,0,2,7,255,1075,250,0,0
stim,110576,140697,0,140697,3338034.455,-0.680,-0.447,-0.245,-0.527,0,0,9,0,0,0,0,29,57,1.387,1,2170,0,210.454,10.180,21.875,209.313,-0.875,-1.156,0.543,0.770,8.336,5.844,-22.895,2.644,2.860,1.207,1.422,0,NULL,NULL,,3,0,2,7,255,1075,250,0,0
stim,110611,140732,0,140732,3338039.453,-0.681,-0.442,-0.238,-0.533,0,0,10,0,0,0,0,25,57,1.387,1,2170,0,227.542,12.475,-46.500,221.688,-21.625,-1.012,0.137,0.875,2.457,12.230,-17.305,2.688,2.906,1.207,1.422,0,NULL,NULL,,3,0,2,7,255,1075,250,0,0
stim,110611,140732,0,140732,3338044.455,-0.681,-0.440,-0.230,-0.539,0,0,9,0,0,0,0,29,57,1.387,1,2170,0,245.872,12.240,-91.375,228.250,-2.375,-0.656,0.066,0.238,-0.473,12.230,-14.051,2.730,2.950,1.207,1.422,0,NULL,NULL,,3,0,2,7,255,1075,250,0,0
stim,110611,140732,0,140732,3338049.453,-0.683,-0.437,-0.221,-0.543,0,0,7,0,0,0,0,33,57,1.387,1,2170,0,241.138,5.353,-65.500,230.000,30.938,-0.656,0.398,-0.223,-0.473,5.332,-14.051,2.762,2.986,1.207,1.422,0,NULL,NULL,,3,0,2,7,255,1075,250,0,0
stim,110611,140732,0,140732,3338054.455,-0.685,-0.431,-0.213,-0.547,0,0,13,0,0,0,0,39,57,1.387,1,2170,0,236.941,1.986,-11.688,234.375,32.750,-0.727,0.563,-0.316,1.102,1.652,-17.371,2.786,3.012,1.207,1.422,0,NULL,NULL,,3,0,2,7,255,1075,250,0,0
stim,110628,140749,0,140749,3338059.454,-0.688,-0.425,-0.206,-0.550,0,0,9,0,0,0,0,37,57,1.387,1,2170,0,244.397,2.052,30.875,240.938,26.938,-0.602,0.426,-0.246,1.453,1.449,-17.371,2.806,3.034,1.207,1.422,0,NULL,NULL,,3,0,2,7,255,1075,250,0,0
stim,110628,140749,0,140749,3338064.455,-0.692,-0.418,-0.199,-0.554,0,0,11,0,0,0,0,39,57,1.387,1,2170,0,258.188,2.052,52.188,250.563,34.000,-0.543,0.344,-0.082,1.453,1.449,-17.125,2.824,3.052,1.207,1.422,0,NULL,NULL,,3,0,2,7,255,1075,250,0,0
stim,110628,140749,0,140749,3338069.453,-0.696,-0.410,-0.192,-0.557,0,0,7,0,0,0,0,41,57,1.387,1,2170,0,268.549,2.806,61.250,258.750,37.625,-0.559,0.320,-0.031,1.219,2.527,-15.465,2.842,3.072,1.207,1.422,0,NULL,NULL,,3,0,2,7,255,1075,250,0,0
stim,110628,140749,0,140749,3338074.455,-0.701,-0.401,-0.186,-0.560,0,0,8,0,0,0,0,38,57,1.387,1,2170,0,281.733,3.319,83.313,266.125,40.125,-0.520,0.277,0.016,1.086,3.137,-15.145,2.862,3.094,1.207,1.422,0,NULL,NULL,,3,0,2,7,255,1075,250,0,0
stim,110628,140749,0,140749,3338079.454,-0.706,-0.391,-0.179,-0.563,0,0,7,0,0,0,0,37,57,1.387,1,2170,0,296.115,3.542,105.625,272.625,46.938,-0.461,0.262,0.160,1.086,3.371,-14.348,2.884,3.118,1.207,1.422,0,NULL,NULL,,3,0,2,7,255,1075,250,0,0
stim,110628,140749,0,140749,3338084.455,-0.711,-0.381,-0.173,-0.565,0,0,6,0,0,0,0,36,57,1.387,1,2170,0,309.952,4.358,121.250,279.563,56.688,-0.461,0.320,0.336,1.285,4.164,-12.914,2.910,3.146,1.207,1.422,0,NULL,NULL,,3,0,2,7,255,1075,250,0,0
stim,110675,140796,0,140796,3338089.454,-0.716,-0.370,-0.166,-0.568,0,0,7,0,0,0,0,33,57,1.387,1,2170,0,319.012,5.959,123.875,288.813,54.875,-0.508,0.391,0.543,2.156,5.555,-11.930,2.940,3.178,1.207,1.422,0,NULL,NULL,,3,0,2,7,255,1075,250,0,0
stim,110675,140796,0,140796,3338094.455,-0.721,-0.359,-0.159,-0.571,0,0,5,0,0,0,0,30,57,1.387,1,2170,0,325.027,8.051,119.688,298.875,44.625,-0.500,0.359,0.656,3.063,7.445,-10.980,2.974,3.214,1.207,1.422,0,NULL,NULL,,3,0,2,7,255,1075,250,0,0
stim,110675,140796,0,140796,3338099.453,-0.726,-0.348,-0.152,-0.574,0,0,6,0,0,0,0,30,57,1.387,1,2170,0,332.876,8.727,116.875,309.313,38.375,-0.453,0.305,0.750,3.063,8.172,-9.813,3.012,3.254,1.207,1.422,0,NULL,NULL,,3,0,2,7,255,1075,250,0,0
stim,110675,140796,0,140796,3338104.455,-0.730,-0.337,-0.144,-0.577,0,0,5,0,0,0,0,29,57,1.387,1,2170,0,341.399,8.958,113.313,320.125,35.125,-0.445,0.301,0.855,3.063,8.418,-8.453,3.054,3.296,1.207,1.422,0,NULL,NULL,,3,0,2,7,255,1075,250,0,0
stim,110675,140796,0,140796,3338109.454,-0.734,-0.325,-0.136,-0.580,0,0,0,0,0,0,0,31,57,1.387,1,2170,0,348.677,9.526,106.188,330.938,27.938,-0.457,0.305,0.949,3.121,9.000,-7.398,3.096,3.342,1.207,1.422,0,NULL,NULL,,3,0,2,7,255,1075,250,0,0
stim,110675,140796,0,140796,3338114.455,-0.738,-0.313,-0.127,-0.584,0,0,1,0,0,0,0,37,57,1.387,1,2170,0,354.832,10.144,96.938,340.875,17.688,-0.434,0.285,1.004,3.340,9.578,-6.504,3.140,3.388,1.207,1.422,0,NULL,NULL,,3,0,2,7,255,1075,250,0,0
stim,110696,140817,0,140817,3338119.454,-0.741,-0.301,-0.118,-0.589,0,0,0,0,0,0,0,40,57,1.387,1,2170,0,360.861,10.144,88.438,349.750,8.625,-0.383,0.250,1.012,3.340,9.578,-5.617,3.184,3.434,1.207,1.422,0,NULL,NULL,,3,0,2,7,255,1075,250,0,0
stim,110696,140817,0,140817,3338124.455,-0.743,-0.289,-0.109,-0.593,0,0,0,0,0,0,0,41,57,1.387,1,2170,0,367.060,9.607,83.438,357.438,3.063,-0.332,0.227,0.988,3.242,9.043,-4.875,3.228,3.480,1.207,1.422,0,NULL,NULL,,3,0,2,7,255,1075,250,0,0
stim,110696,140817,0,140817,3338129.453,-0.746,-0.277,-0.099,-0.598,0,0,0,0,0,0,0,41,57,1.387,1,2170,0,372.267,8.868,81.438,363.250,0.250,-0.293,0.215,0.945,3.152,8.289,-4.445,3.272,3.524,1.207,1.422,0,NULL,NULL,,3,0,2,7,255,1075,250,0,0
stim,110696,140817,0,140817,3338134.455,-0.748,-0.265,-0.090,-0.602,0,0,0,0,0,0,0,41,57,1.387,1,2170,0,376.206,8.162,84.063,366.688,-2.250,-0.258,0.211,0.887,3.090,7.555,-4.340,3.314,3.568,1.207,1.422,0,NULL,NULL,,3,0,2,7,255,1075,250,0,0
stim,110696,140817,0,140817,3338139.454,-0.750,-0.252,-0.080,-0.606,0,0,0,0,0,0,0,43,57,1.387,1,2170,0,378.966,7.424,92.625,367.438,-5.063,-0.172,0.203,0.844,3.090,6.750,-4.301,3.352,3.610,1.207,1.422,0,NULL,NULL,,3,0,2,7,255,1075,250,0,0
stim,110696,140817,0,140817,3338144.455,-0.752,-0.239,-0.071,-0.610,0,0,1,0,0,0,0,44,57,1.387,1,2170,0,380.731,6.389,105.250,365.875,-3.750,-0.063,0.145,0.805,3.051,5.613,-4.109,3.392,3.650,1.207,1.422,0,NULL,NULL,,3,0,2,7,255,1075,250,0,0
stim,110718,140839,0,140839,3338149.454,-0.754,-0.225,-0.063,-0.614,0,0,0,0,0,0,0,47,57,1.387,1,2170,0,380.770,5.054,122.000,360.625,7.188,-0.023,0.105,0.801,2.789,4.215,-3.625,3.428,3.688,1.207,1.422,0,NULL,NULL,,3,0,2,7,255,1075,250,0,0
stim,110718,140839,0,140839,3338154.455,-0.756,-0.211,-0.055,-0.617,0,0,0,0,0,0,0,45,57,1.387,1,2170,0,380.527,4.636,140.375,353.188,18.813,-0.027,0.145,0.867,2.789,3.703,-3.262,3.462,3.724,1.207,1.422,0,NULL,NULL,,3,0,2,7,255,1075,250,0,0
stim,110718,140839,0,140839,3338159.454,-0.759,-0.197,-0.047,-0.619,0,0,0,0,0,0,0,45,57,1.387,1,2170,0,379.908,4.708,154.625,346.000,26.563,-0.020,0.168,0.938,2.938,3.680,-2.688,3.492,3.758,1.207,1.422,0,NULL,NULL,,3,0,2,7,255,1075,250,0,0
stim,110718,140839,0,140839,3338164.455,-0.762,-0.182,-0.040,-0.621,0,0,0,0,0,0,0,48,57,1.387,1,2170,0,380.522,4.920,168.375,339.313,36.250,-0.008,0.180,0.992,3.266,3.680,-1.965,3.522,3.788,1.207,1.422,0,NULL,NULL,,3,0,2,7,255,1075,250,0,0
stim,110718,140839,0,140839,3338169.454,-0.765,-0.167,-0.034,-0.622,0,0,0,0,0,0,0,47,57,1.387,1,2170,0,383.525,5.060,185.000,332.938,44.938,-0.027,0.195,1.074,3.473,3.680,-1.309,3.548,3.818,1.207,1.422,0,NULL,NULL,,3,0,2,7,255,1075,250,0,0
stim,110718,140839,0,140839,3338174.455,-0.768,-0.151,-0.028,-0.622,0,0,0,0,0,0,0,45,57,1.387,1,2170,0,388.798,5.185,203.438,327.250,51.813,-0.070,0.199,1.230,3.641,3.691,-0.504,3.576,3.846,1.207,1.422,0,NULL,NULL,,3,0,2,7,255,1075,250,0,0
stim,110749,140870,0,140870,3338179.453,-0.770,-0.135,-0.023,-0.623,0,0,0,0,0,0,0,45,57,1.387,1,2170,0,389.559,5.603,210.063,323.750,53.063,-0.117,0.211,1.402,3.723,4.188,0.992,3.600,3.872,1.207,1.422,0,NULL,NULL,,3,0,2,7,255,1075,250,0,0
stim,110749,140870,0,140870,3338184.455,-0.773,-0.120,-0.017,-0.623,0,0,0,0,0,0,0,45,57,1.387,1,2170,0,386.231,6.017,208.313,321.125,51.563,-0.156,0.191,1.523,3.723,4.727,2.688,3.626,3.900,1.207,1.422,0,NULL,NULL,,3,0,2,7,255,1075,250,0,0
stim,110779,140900,0,140900,3338189.453,-0.775,-0.104,-0.012,-0.623,0,0,0,0,0,0,0,48,57,1.387,1,2170,0,384.328,6.114,208.813,318.188,53.500,-0.191,0.184,1.645,3.648,4.906,3.980,3.652,3.930,1.207,1.422,0,NULL,NULL,,3,0,2,7,255,1075,250,0,0
stim,110779,140900,0,140900,3338194.455,-0.778,-0.088,-0.007,-0.623,0,0,0,0,0,0,0,43,57,1.387,1,2170,0,380.807,6.224,206.313,315.938,51.313,-0.258,0.223,1.777,3.648,5.043,5.289,3.680,3.958,1.207,1.422,0,NULL,NULL,,3,0,2,7,255,1075,250,0,0
stim,110779,140900,0,140900,3338199.454,-0.779,-0.073,-0.001,-0.623,0,0,0,0,0,0,0,48,57,1.387,1,2170,0,373.691,6.481,198.563,313.500,44.000,-0.305,0.219,1.887,3.508,5.449,6.609,3.706,3.986,1.207,1.422,0,NULL,NULL,,3,0,2,7,255,1075,250,0,0
stim,110779,140900,0,140900,3338204.455,-0.780,-0.058,0.004,-0.623,0,0,0,0,0,0,0,45,57,1.387,1,2170,0,365.415,6.481,189.625,310.500,34.063,-0.309,0.191,1.969,3.508,5.449,7.832,3.734,4.016,1.207,1.422,0,NULL,NULL,,3,0,2,7,255,1075,250,0,0
stim,110779,140900,0,140900,3338209.454,-0.781,-0.044,0.010,-0.623,0,0,1,0,0,0,0,45,57,1.387,1,2170,0,356.386,5.959,178.875,307.188,25.500,-0.305,0.152,2.000,3.156,5.055,8.875,3.760,4.044,1.207,1.422,0,NULL,NULL,,3,0,2,7,255,1075,250,0,0
stim,110779,140900,0,140900,3338214.455,-0.781,-0.029,0.016,-0.623,0,0,4,0,0,0,0,41,57,1.387,1,2170,0,350.240,5.136,173.313,303.813,18.125,-0.305,0.113,1.996,2.652,4.398,9.371,3.786,4.072,1.207,1.422,0,NULL,NULL,,3,0,2,7,255,1075,250,0,0
stim,110802,140923,0,140923,3338219.453,-0.781,-0.015,0.021,-0.624,0,0,4,0,0,0,0,36,57,1.387,1,2170,0,348.370,4.277,175.313,300.938,8.000,-0.301,0.070,2.004,2.105,3.723,9.539,3.808,4.096,1.207,1.422,0,NULL,NULL,,3,0,2,7,255,1075,250,0,0
stim,110802,140923,0,140923,3338224.455,-0.781,-0.000,0.026,-0.624,0,0,6,0,0,0,0,41,57,1.387,1,2170,0,350.023,3.363,181.625,299.188,-3.938,-0.273,0.008,2.035,1.520,3.000,9.750,3.826,4.116,1.207,1.422,0,NULL,NULL,,3,0,2,7,255,1075,250,0,0
stim,110802,140923,0,140923,3338229.454,-0.780,0.014,0.031,-0.625,0,0,3,0,0,0,0,41,57,1.387,1,2170,0,353.617,2.200,189.125,298.438,-14.563,-0.230,-0.043,2.066,0.816,2.043,10.188,3.836,4.128,1.207,1.422,0,NULL,NULL,,3,0,2,7,255,1075,250,0,0
stim,110802,140923,0,140923,3338234.455,-0.778,0.029,0.036,-0.626,0,0,3,0,0,0,0,43,57,1.387,1,2170,0,358.992,0.937,198.000,298.438,-24.625,-0.168,-0.078,2.082,0.254,0.902,10.543,3.842,4.136,1.207,1.422,0,NULL,NULL,,3,0,2,7,255,1075,250,0,0
stim,110802,140923,0,140923,3338239.453,-0.776,0.044,0.040,-0.628,0,0,0,0,0,0,0,44,57,1.387,1,2170,0,367.246,0.397,211.625,298.188,-34.188,-0.070,-0.129,2.090,-0.160,-0.363,10.609,3.838,4.134,1.207,1.422,0,NULL,NULL,,3,0,2,7,255,1075,250,0,0
stim,110802,140923,0,140923,3338244.455,-0.774,0.060,0.044,-0.629,0,0,1,0,0,0,0,47,57,1.387,1,2170,0,378.016,2.103,230.063,296.938,-42.375,0.078,-0.172,2.109,-0.684,-1.988,10.609,3.824,4.122,1.207,1.422,0,NULL,NULL,,3,0,2,7,255,1075,250,0,0
stim,110802,140923,0,140923,3338249.454,-0.771,0.077,0.047,-0.631,0,0,1,0,0,0,0,50,57,1.387,1,2170,0,392.206,4.234,254.000,294.750,-49.313,0.301,-0.180,2.117,-1.082,-4.094,10.520,3.800,4.102,1.207,1.422,0,NULL,NULL,,3,0,2,7,255,1075,250,0,0
stim,110802,140923,0,140923,3338254.455,-0.767,0.094,0.049,-0.632,0,0,3,0,0,0,0,57,57,1.387,1,2170,0,411.858,6.932,284.125,293.625,-51.813,0.551,-0.223,2.254,-1.102,-6.844,10.520,3.764,4.068,1.207,1.422,0,NULL,NULL,,3,0,2,7,255,1075,250,0,0
stim,110829,140951,0,140951,3338259.454,-0.764,0.112,0.051,-0.634,0,0,0,0,0,0,0,57,57,1.387,1,2170,0,425.237,10.214,305.563,291.125,-52.000,0.773,-0.215,2.402,-1.434,-10.113,10.648,3.714,4.020,1.207,1.422,0,NULL,NULL,,3,0,2,7,255,1075,250,0,0
stim,110829,140951,0,140951,3338264.455,-0.760,0.131,0.052,-0.635,0,0,0,0,0,0,0,59,57,1.387,1,2170,0,437.207,13.209,324.313,288.750,-50.938,1.004,-0.207,2.504,-1.484,-13.125,11.246,3.652,3.958,1.207,1.422,0,NULL,NULL,,3,0,2,7,255,1075,250,0,0
stim,110830,140951,0,140951,3338269.453,-0.755,0.150,0.052,-0.636,0,0,0,0,0,0,0,69,57,1.387,1,2170,0,449.730,16.211,341.438,289.000,-46.438,1.211,-0.191,2.617,-1.633,-16.129,11.246,3.576,3.884,1.207,1.422,0,NULL,NULL,,3,0,2,7,255,1075,250,0,0
stim,110830,140951,0,140951,3338274.455,-0.751,0.169,0.052,-0.636,0,0,0,0,0,0,0,61,57,1.387,1,2170,0,460.103,19.059,354.375,290.625,-40.625,1.355,-0.172,2.766,-1.813,-18.973,11.246,3.486,3.798,1.207,1.422,0,NULL,NULL,,3,0,2,7,255,1075,250,0,0
stim,110830,140951,0,140951,3338279.454,-0.746,0.189,0.052,-0.637,0,0,0,0,0,0,0,68,57,1.387,1,2170,0,465.854,21.485,360.313,292.625,-39.563,1.398,-0.184,2.965,-2.172,-21.375,11.547,3.388,3.700,1.207,1.422,0,NULL,NULL,,3,0,2,7,255,1075,250,0,0
stim,110830,140951,0,140951,3338284.455,-0.741,0.208,0.052,-0.637,0,0,0,0,0,0,0,70,57,1.387,1,2170,0,460.498,23.310,352.438,293.000,-44.688,1.371,-0.094,3.238,-3.168,-23.094,12.484,3.278,3.592,1.207,1.422,0,NULL,NULL,,3,0,2,7,255,1075,250,0,0
stim,110878,140999,0,140999,3338289.453,-0.735,0.227,0.053,-0.637,0,0,0,0,0,0,0,71,57,1.387,1,2170,0,441.799,24.576,325.500,291.938,-63.313,1.488,0.152,3.508,-3.168,-24.371,14.402,3.156,3.470,1.207,1.422,0,NULL,NULL,,3,0,2,7,255,1075,250,0,0
stim,110878,140999,0,140999,3338294.455,-0.729,0.243,0.056,-0.638,0,0,0,0,0,0,0,77,57,1.387,1,2170,0,409.665,27.042,274.625,290.625,-89.125,1.805,0.254,3.637,-2.195,-26.953,15.367,3.020,3.336,1.207,1.422,0,NULL,NULL,,3,0,2,7,255,1075,250,0,0
stim,110878,140999,0,140999,3338299.453,-0.723,0.257,0.060,-0.638,0,0,0,0,0,0,0,93,57,1.387,1,2170,0,362.659,31.003,203.125,285.063,-94.875,2.164,0.203,3.535,-1.750,-30.953,15.367,2.872,3.190,1.207,1.422,0,NULL,NULL,,3,0,2,7,255,1075,250,0,0
stim,110878,140999,0,140999,3338304.455,-0.718,0.269,0.066,-0.639,0,0,0,0,0,0,0,123,57,1.387,1,2170,0,314.495,34.408,125.750,275.750,-84.000,2.484,0.016,3.145,-1.750,-34.363,12.000,2.718,3.034,1.207,1.422,0,NULL,NULL,,3,0,2,7,255,1075,250,0,0
stim,110899,141020,0,141020,3338309.454,-0.714,0.278,0.073,-0.638,0,0,0,0,0,0,0,150,57,1.387,1,2170,0,281.062,36.013,71.000,262.750,-70.125,2.727,-0.188,2.602,-2.391,-35.934,5.934,2.558,2.874,1.207,1.422,0,NULL,NULL,,3,0,2,7,255,1075,250,0,0
stim,110899,141020,0,141020,3338314.455,-0.711,0.286,0.080,-0.637,0,0,0,0,0,0,0,207,57,1.387,1,2170,0,256.882,36.084,48.313,244.625,-61.750,3.016,-0.316,2.102,-2.461,-36.000,-1.113,2.396,2.708,1.207,1.422,0,NULL,NULL,,3,0,2,7,255,1075,250,0,0
stim,110899,141020,0,141020,3338319.453,-0.708,0.293,0.087,-0.637,0,0,0,0,0,0,0,248,57,1.387,1,2170,0,234.843,36.166,45.000,223.188,-57.563,3.418,-0.402,1.676,-2.461,-36.082,-7.707,2.230,2.542,1.207,1.422,0,NULL,NULL,,3,0,2,7,255,1075,250,0,0
stim,110899,141020,0,141020,3338324.455,-0.705,0.300,0.092,-0.636,0,0,0,0,0,0,0,304,57,1.387,1,2170,0,210.117,37.365,50.625,197.938,-49.063,3.883,-0.586,1.262,-1.742,-37.324,-14.055,2.060,2.368,1.207,1.422,0,NULL,NULL,,3,0,2,7,255,1075,250,0,0
stim,110899,141020,0,141020,3338329.453,-0.702,0.307,0.096,-0.635,0,0,0,0,0,0,0,335,57,1.387,1,2170,0,194.822,38.731,76.500,176.688,-29.750,4.160,-0.820,0.828,-1.742,-38.691,-20.902,1.886,2.192,1.207,1.422,0,NULL,NULL,,3,0,2,7,255,1075,250,0,0
stim,110899,141020,0,141020,3338334.455,-0.700,0.314,0.097,-0.634,0,0,0,0,0,0,0,345,57,1.387,1,2170,0,171.552,38.987,109.188,132.250,-4.250,4.664,-1.719,0.602,-2.508,-38.906,-27.023,1.708,2.012,1.207,1.422,0,NULL,NULL,,3,0,2,7,255,1075,250,0,0
stim,110899,141020,0,141020,3338339.454,-0.699,0.322,0.094,-0.631,0,0,0,0,0,0,0,339,57,1.387,1,2170,0,218.321,41.438,170.563,100.313,92.250,4.621,-2.176,0.492,-9.508,-40.332,-34.508,1.526,1.828,1.207,1.422,0,NULL,NULL,,3,0,2,7,255,1075,250,0,0
stim,110899,141020,0,141020,3338344.455,-0.700,0.333,0.087,-0.626,0,0,0,0,0,0,0,331,57,1.387,1,2170,0,315.308,42.402,268.438,60.688,153.875,4.012,-2.180,0.711,-13.086,-40.332,-34.508,1.340,1.640,1.207,1.422,0,NULL,NULL,,3,0,2,7,255,1075,250,0,0
stim,110899,141020,0,141020,3338349.453,-0.698,0.345,0.075,-0.623,0,0,0,0,0,0,0,317,57,1.387,1,2170,0,390.743,38.764,367.875,17.375,130.563,3.078,-1.547,1.520,-13.086,-36.488,-32.758,1.156,1.452,1.207,1.422,0,NULL,NULL,,3,0,2,7,255,1075,250,0,0
stim,110899,141020,0,141020,3338354.455,-0.693,0.356,0.064,-0.623,0,0,0,0,0,0,0,318,57,1.387,1,2170,0,381.626,38.481,377.688,-20.375,50.750,2.855,-0.824,2.977,-12.223,-36.488,-20.176,0.970,1.258,1.207,1.422,0,NULL,NULL,,3,0,2,7,255,1075,250,0,0
stim,110930,141051,0,141051,3338359.454,-0.691,0.363,0.054,-0.623,0,0,0,0,0,0,0,293,57,1.387,1,2170,0,277.353,41.486,263.563,-57.438,64.500,3.020,-0.805,3.539,-12.223,-39.645,-6.023,0.784,1.062,1.207,1.422,0,NULL,NULL,,3,0,2,7,255,1075,250,0,0
stim,110930,141051,0,141051,3338364.455,-0.691,0.366,0.045,-0.622,0,0,0,0,0,0,0,472,57,1.387,1,2170,0,211.490,41.692,167.563,-89.063,93.375,2.160,-0.641,3.781,-12.906,-39.645,-2.879,0.606,0.864,1.207,1.422,0,NULL,NULL,,3,0,2,7,255,1075,250,0,0
stim,110930,141051,0,141051,3338369.454,-0.694,0.373,0.021,-0.615,333,0,0,570,0,93,0,571,57,1.387,1,2170,0,598.176,40.967,418.188,-249.875,347.125,-0.109,-0.688,7.012,-14.539,-38.301,4.027,0.450,0.668,1.207,1.422,0,NULL,NULL,,3,0,2,7,255,1075,250,0,0
stim,110930,141051,0,141051,3338374.455,-0.704,0.373,0.001,-0.604,991,0,0,1277,0,325,0,615,57,1.387,1,2170,0,587.814,44.435,204.625,-239.563,496.250,0.309,1.965,9.625,-22.527,-38.301,38.164,0.342,0.490,1.207,1.422,0,NULL,NULL,,3,0,2,7,255,1075,250,0,0
stim,110930,141051,0,141051,3338379.453,-0.730,0.338,0.019,-0.594,1583,0,0,1735,0,574,0,681,57,1.387,1,2170,0,1103.773,42.895,-1043.375,-109.313,343.125,-1.141,2.871,4.387,-22.527,-36.504,41.305,0.316,0.344,1.207,1.422,0,NULL,NULL,,3,0,2,7,255,1075,250,0,0
stim,110930,141051,0,141051,3338384.455,-0.753,0.292,0.045,-0.588,2053,0,0,1939,0,885,0,752,57,1.387,1,2171,0,1319.937,12.387,-1295.688,-155.875,197.813,-1.352,4.613,-1.055,6.832,-10.332,41.305,0.350,0.274,1.207,1.422,1,1021.000,-54.000,,3,0,2,7,255,1075,250,0,0
stim,110974,141095,0,141095,3338389.454,-0.765,0.265,0.060,-0.583,2291,0,0,2118,0,1152,0,840,57,1.387,1,2171,0,775.110,38.234,-761.938,-98.563,102.625,-2.004,3.289,-3.504,30.293,23.328,3.379,0.386,0.284,1.207,1.422,1,NULL,NULL,,3,0,2,7,255,1075,250,0,0
stim,110974,141095,0,141095,3338394.455,-0.768,0.252,0.062,-0.585,2472,0,0,2237,0,1327,0,937,57,1.387,1,2171,0,303.940,38.234,-269.125,-137.875,-30.688,-1.445,-0.316,-1.719,30.293,23.328,-19.887,0.410,0.334,1.207,1.422,1,NULL,NULL,,3,0,2,7,255,1075,250,0,0
stim,110974,141095,0,141095,3338399.453,-0.767,0.248,0.060,-0.589,2583,0,0,2335,0,1515,0,1053,57,1.387,1,2171,0,144.889,19.771,-30.063,-124.563,-67.625,-0.023,-0.578,0.770,-4.492,19.254,-19.887,0.438,0.392,1.207,1.422,1,NULL,NULL,,3,0,2,7,255,1075,250,0,0
stim,110974,141095,0,141095,3338404.455,-0.769,0.245,0.055,-0.588,2747,0,0,2558,0,1647,0,1119,57,1.387,1,2171,0,123.370,6.254,-4.375,-110.500,54.688,0.785,1.855,1.293,-4.492,-4.352,-4.711,0.478,0.446,1.207,1.422,2,NULL,NULL,,3,0,2,7,255,1075,250,0,0
stim,110974,141095,0,141095,3338409.454,-0.775,0.240,0.052,-0.583,2885,0,0,2744,0,1705,0,1221,57,1.387,1,2171,0,221.691,12.132,-85.063,-110.250,172.500,-0.285,1.680,1.848,11.324,-4.352,3.684,0.524,0.494,1.207,1.422,2,NULL,NULL,,3,0,2,7,255,1075,250,0,0
stim,110974,141095,0,141095,3338414.455,-0.784,0.227,0.052,-0.575,2967,0,0,2873,0,1741,0,1333,57,1.387,1,2171,0,422.125,11.457,-294.688,-171.313,249.000,-2.195,-1.031,1.309,11.324,-1.738,6.395,0.552,0.530,1.207,1.422,2,NULL,NULL,,3,0,2,7,255,1075,250,0,0
stim,110996,141117,0,141117,3338419.454,-0.789,0.210,0.055,-0.575,3018,0,0,2965,0,1761,0,1441,57,1.387,1,2171,0,396.891,21.668,-363.938,-157.563,15.688,-2.383,-1.738,0.164,-18.602,11.113,6.395,0.546,0.544,1.207,1.422,2,NULL,NULL,,3,0,2,7,255,1075,250,0,0
stim,110996,141117,0,141117,3338424.455,-0.787,0.199,0.055,-0.581,3053,0,0,3043,0,1768,0,1551,57,1.387,1,2171,0,301.117,21.668,-193.813,-172.000,-153.375,-1.070,-1.137,-0.297,-18.602,11.113,-4.742,0.510,0.534,1.207,1.422,2,NULL,NULL,,3,0,2,7,255,1075,250,0,0
stim,110996,141117,0,141117,3338429.453,-0.783,0.193,0.052,-0.589,3083,0,0,3091,0,1788,0,1583,57,1.387,1,2171,0,249.279,15.527,-27.000,-166.688,-183.375,0.363,-0.836,0.988,-13.582,7.523,-4.742,0.462,0.514,1.207,1.422,2,NULL,NULL,,3,0,2,7,255,1075,250,0,0
stim,110996,141117,0,141117,3338434.455,-0.782,0.188,0.048,-0.593,3109,0,0,3129,0,1823,0,1593,57,1.387,1,2171,0,176.731,11.778,-36.000,-149.563,-87.000,1.160,-0.969,1.855,-7.906,-8.730,-3.676,0.422,0.482,1.207,1.422,2,NULL,NULL,,3,0,2,7,255,1075,250,0,0
stim,110996,141117,0,141117,3338439.453,-0.785,0.180,0.046,-0.592,3115,0,0,3158,0,1861,0,1567,57,1.387,1,2171,0,193.255,20.489,-124.125,-138.625,52.188,1.277,-1.348,1.961,-7.906,-18.902,1.773,0.390,0.438,1.207,1.422,2,NULL,NULL,,3,0,2,7,255,1075,250,0,0
stim,110996,141117,0,141117,3338444.455,-0.791,0.170,0.046,-0.586,3126,0,0,3180,0,1917,97,1573,57,1.387,1,2171,0,303.178,21.898,-212.063,-125.500,176.625,0.684,-1.617,1.461,-11.055,-18.902,1.773,0.368,0.380,1.207,1.422,2,NULL,NULL,,3,0,2,7,255,1075,250,0,0
stim,111027,141148,0,141148,3338449.454,-0.798,0.160,0.046,-0.579,3145,0,0,3193,0,2007,205,1611,57,1.387,1,2171,0,334.381,19.481,-227.688,-116.313,215.500,-0.559,-1.090,0.773,-12.547,-14.902,-1.051,0.354,0.318,1.207,1.422,2,NULL,NULL,,3,0,2,7,255,1075,250,0,0
stim,111027,141148,0,141148,3338454.455,-0.803,0.151,0.045,-0.574,3143,0,0,3219,0,2086,229,1677,57,1.387,1,2171,0,244.506,12.555,-166.375,-123.563,129.750,-1.023,0.004,0.145,-12.547,-0.441,-3.039,0.342,0.264,1.207,1.422,2,NULL,NULL,,3,0,2,7,255,1075,250,0,0
stim,111027,141148,0,141148,3338459.454,-0.805,0.145,0.042,-0.574,3148,0,0,3237,0,2172,242,1733,57,1.387,1,2171,0,161.168,7.377,-65.375,-141.125,42.250,-0.730,0.535,0.605,-3.539,6.473,-3.039,0.326,0.224,1.207,1.422,2,NULL,NULL,,3,0,2,7,255,1075,250,0,0
stim,111027,141148,0,141148,3338464.455,-0.805,0.140,0.039,-0.575,3143,0,0,3231,0,2255,263,1840,57,1.387,1,2171,0,158.545,6.638,-68.375,-142.313,-14.438,-0.527,0.461,1.402,1.473,6.473,-1.609,0.310,0.206,1.207,1.422,2,NULL,NULL,,3,0,2,7,255,1075,250,0,0
stim,111027,141148,0,141148,3338469.453,-0.806,0.132,0.037,-0.576,3149,0,0,3227,0,2341,325,1999,57,1.387,1,2171,0,184.684,2.895,-121.063,-135.750,-32.000,-0.090,0.246,1.371,1.473,2.492,3.707,0.300,0.198,1.207,1.422,2,NULL,NULL,,3,0,2,7,255,1075,250,0,0
stim,111027,141148,0,141148,3338474.455,-0.806,0.124,0.036,-0.578,3143,0,0,3223,141,2377,447,2125,57,1.387,1,2171,0,176.523,2.101,-130.063,-114.750,-32.813,0.141,-0.152,1.602,1.043,-1.824,4.965,0.298,0.190,1.207,1.422,2,NULL,NULL,,3,0,2,7,255,1075,250,0,0
stim,111049,141170,0,141170,3338479.454,-0.805,0.119,0.037,-0.580,3133,0,0,3222,447,2407,455,2212,57,1.387,1,2171,0,127.452,5.788,-94.188,-56.250,-64.875,0.684,-0.391,1.328,-1.906,-5.465,3.707,0.306,0.174,1.207,1.422,2,NULL,NULL,,3,0,2,7,255,1075,250,0,0
stim,111049,141170,0,141170,3338484.455,-0.805,0.117,0.036,-0.581,3155,0,0,3240,661,2439,487,2269,57,1.387,1,2171,0,68.554,9.954,-38.500,-51.188,-24.438,0.906,0.129,0.859,-1.906,-9.770,1.082,0.324,0.148,1.207,1.422,2,NULL,NULL,,3,0,2,7,255,1075,250,0,0
stim,111081,141202,0,141202,3338489.453,-0.804,0.115,0.035,-0.582,3133,0,0,3223,855,2458,508,2331,57,1.387,1,2171,0,46.832,9.868,-13.625,-38.188,-23.438,0.086,0.219,1.746,1.391,-9.770,1.082,0.348,0.122,1.207,1.422,2,NULL,NULL,,3,0,2,7,255,1075,250,0,0
stim,111081,141202,0,141202,3338494.455,-0.804,0.111,0.037,-0.583,3141,12,0,3231,1041,2473,509,2377,57,1.387,1,2171,0,112.062,4.143,-103.063,-19.000,-39.688,-0.012,-0.141,1.230,1.391,-3.902,1.852,0.370,0.098,1.207,1.422,2,NULL,NULL,,3,0,2,7,255,1075,250,0,0
stim,111081,141202,1,141202,3338499.454,-0.804,0.107,0.039,-0.584,3133,24,0,3221,1129,2491,521,2411,57,1.387,1,2171,0,100.497,3.495,-96.875,-18.938,-18.875,-0.094,-0.254,0.641,-1.906,-2.930,1.852,0.390,0.078,1.207,1.422,2,NULL,NULL,,3,1,2,7,255,1075,250,0,0
stim,111081,141202,1,141202,3338504.455,-0.803,0.105,0.040,-0.586,3135,37,0,3221,1237,2500,529,2437,57,1.387,1,2171,0,60.977,2.664,-37.375,-17.375,-44.938,-0.305,-0.117,0.809,-2.340,-1.273,-1.598,0.404,0.064,1.207,1.422,2,NULL,NULL,,3,1,2,7,255,1075,250,0,0
stim,111081,141202,1,141202,3338509.454,-0.801,0.104,0.039,-0.588,3131,59,0,3221,1307,2501,524,2456,57,1.387,1,2171,0,69.419,2.664,1.000,-15.375,-67.688,-0.008,0.164,0.992,-2.340,-1.273,-1.598,0.412,0.054,1.207,1.422,2,NULL,NULL,,3,1,2,7,255,1075,250,0,0
stim,111081,141202,1,141202,3338514.455,-0.800,0.103,0.039,-0.590,3129,97,0,3219,1407,2508,505,2477,57,1.387,1,2171,0,61.461,1.861,-12.375,-10.313,-59.313,0.086,0.156,1.254,1.102,-1.500,-0.148,0.420,0.048,1.207,1.422,2,NULL,NULL,,3,1,2,7,255,1075,250,0,0
stim,111081,141202,1,141202,3338519.453,-0.799,0.101,0.040,-0.591,3131,111,0,3215,1465,2514,493,2489,57,1.387,1,2171,0,68.096,2.811,-53.250,-6.125,-42.000,0.027,0.016,1.188,1.102,-2.586,1.539,0.428,0.040,1.207,1.422,2,NULL,NULL,,3,1,2,7,255,1075,250,0,0
stim,111081,141202,1,141202,3338524.455,-0.798,0.099,0.042,-0.593,3129,124,0,3215,1543,2519,485,2503,57,1.387,1,2171,0,75.229,2.591,-65.500,-3.063,-36.875,-0.109,-0.051,0.930,-0.168,-2.586,1.539,0.436,0.034,1.207,1.422,2,NULL,NULL,,3,1,2,7,255,1075,250,0,0
stim,111081,141202,1,141202,3338529.453,-0.797,0.097,0.043,-0.594,3127,137,0,3213,1581,2523,473,2507,57,1.387,1,2171,0,62.583,1.288,-42.938,-3.750,-45.375,-0.168,-0.008,0.836,-0.781,-1.023,-0.711,0.444,0.026,1.207,1.422,2,NULL,NULL,,3,1,2,7,255,1075,250,0,0
stim,111081,141202,1,141202,3338534.455,-0.796,0.096,0.043,-0.596,3128,149,0,3211,1619,2527,463,2515,57,1.387,1,2171,0,57.670,1.122,-20.188,-4.750,-53.813,-0.113,0.012,0.945,-0.781,-0.805,-0.711,0.450,0.020,1.207,1.422,2,NULL,NULL,,3,1,2,7,255,1075,250,0,0
stim,111111,141232,1,141232,3338539.454,-0.795,0.095,0.044,-0.598,3127,165,0,3209,1661,2533,447,2519,57,1.387,1,2171,0,53.069,0.910,-16.500,-3.563,-50.313,-0.023,-0.004,1.039,-0.426,-0.805,-0.531,0.456,0.014,1.207,1.422,2,NULL,NULL,,3,1,2,7,255,1075,250,0,0
stim,111111,141232,1,141232,3338544.455,-0.794,0.094,0.044,-0.599,3125,180,0,3207,1691,2531,423,2521,57,1.387,1,2171,0,43.647,1.863,-20.625,-1.500,-38.438,0.016,0.008,1.043,-0.316,-1.836,0.207,0.464,0.006,1.207,1.422,2,NULL,NULL,,3,1,2,7,255,1075,250,0,0
stim,111111,141232,1,141232,3338549.453,-0.793,0.093,0.045,-0.600,3119,183,22,3206,1717,2533,420,2515,57,1.387,1,2171,0,34.014,1.839,-22.000,0.438,-25.938,-0.020,0.031,1.035,-0.102,-1.836,0.207,0.470,0.000,1.207,1.422,2,NULL,NULL,,3,1,2,7,255,1075,250,0,0
stim,111111,141232,1,141232,3338554.455,-0.793,0.092,0.045,-0.601,3119,184,38,3205,1735,2535,395,2521,57,1.387,1,2171,0,28.937,1.757,-21.375,1.625,-19.438,-0.082,0.027,1.027,-0.102,-1.754,0.207,0.000,0.000,1.207,1.422,2,NULL,NULL,,3,1,2,7,255,1075,250,0,0
stim,111111,141232,1,141232,3338559.454,-0.793,0.091,0.046,-0.601,3115,181,41,3196,1741,2531,377,2520,57,1.387,1,2171,0,24.734,1.161,-16.500,1.375,-18.375,-0.109,0.063,1.016,0.055,-1.160,0.191,0.000,0.000,1.207,1.422,2,NULL,NULL,,3,1,2,7,255,1075,250,0,0
stim,111111,141232,1,141232,3338564.455,-0.792,0.091,0.046,-0.602,3112,179,54,3192,1747,2525,368,2519,57,1.387,1,2171,0,21.916,0.815,-12.313,1.563,-18.063,-0.125,0.066,1.023,0.129,-0.805,0.219,0.000,0.000,1.207,1.422,2,NULL,NULL,,3,1,2,7,255,1075,250,0,0
stim,111140,141261,1,141261,3338569.454,-0.792,0.090,0.046,-0.602,3103,181,62,3189,1755,2523,355,2515,57,1.387,1,2171,0,18.739,0.820,-9.438,0.250,-16.188,-0.105,0.070,1.020,0.156,-0.805,0.238,0.000,0.000,1.207,1.422,2,NULL,NULL,,3,1,2,7,255,1075,250,0,0
stim,111140,141261,1,141261,3338574.455,-0.791,0.090,0.047,-0.603,3097,175,109,3181,1769,2519,360,2513,57,1.327,1,2171,1,15.037,0.808,-8.875,0.563,-12.125,-0.113,0.055,1.023,0.156,-0.793,0.285,0.000,0.000,1.173,1.407,2,NULL,NULL,,3,1,2,7,255,1075,250,0,0
stim,111140,141261,1,141261,3338579.454,-0.791,0.089,0.047,-0.603,3093,173,119,3175,1771,2514,359,2508,57,1.327,1,2171,1,11.606,0.807,-7.438,-1.313,-8.813,-0.137,0.066,1.000,0.148,-0.793,0.238,0.008,0.006,1.173,1.407,2,NULL,NULL,,3,1,2,7,255,1075,250,0,0
stim,111140,141261,1,141261,3338584.455,-0.791,0.089,0.047,-0.603,3081,168,141,3164,1775,2506,345,2509,57,1.327,1,2171,1,10.891,0.507,-5.625,-1.188,-9.250,-0.168,0.078,1.004,0.148,-0.484,0.184,0.016,0.010,1.173,1.407,2,NULL,NULL,,3,1,2,7,255,1075,250,0,0
stim,111178,141299,1,141299,3338589.454,-0.791,0.089,0.047,-0.604,3065,153,157,3157,1788,2495,330,2507,57,1.327,1,2171,1,10.175,0.252,-4.000,-3.625,-8.625,-0.180,0.105,1.004,0.164,-0.191,0.184,0.020,0.014,1.173,1.407,2,NULL,NULL,,3,1,2,7,255,1075,250,0,0
stim,111178,141299,1,141299,3338594.455,-0.791,0.089,0.047,-0.604,3053,151,167,3146,1813,2489,329,2509,57,1.327,1,2171,1,12.844,0.360,-3.375,-3.938,-11.750,-0.191,0.102,1.012,0.359,-0.012,0.230,0.026,0.018,1.173,1.407,2,NULL,NULL,,3,1,2,7,255,1075,250,0,0
stim,111178,141299,1,141299,3338599.454,-0.790,0.088,0.047,-0.604,3043,151,173,3133,1829,2485,327,2510,57,1.327,1,2171,1,14.716,0.418,-5.563,-5.563,-12.438,-0.160,0.102,1.000,0.418,-0.012,0.230,0.030,0.020,1.173,1.407,2,NULL,NULL,,3,1,2,7,255,1075,250,0,0
stim,111178,141299,1,141299,3338604.455,-0.790,0.088,0.047,-0.605,3027,147,205,3127,1834,2479,329,2515,57,1.327,1,2171,1,13.662,0.393,-4.750,-6.125,-11.250,-0.141,0.070,0.984,0.359,-0.160,0.168,0.034,0.022,1.173,1.407,2,NULL,NULL,,3,1,2,7,255,1075,250,0,0
stim,111178,141299,1,141299,3338609.454,-0.790,0.088,0.046,-0.605,3007,142,245,3108,1845,2471,331,2515,57,1.327,1,2171,1,12.764,0.391,-3.625,-6.875,-10.125,-0.152,0.035,0.969,0.180,-0.348,-0.051,0.038,0.024,1.173,1.407,2,NULL,NULL,,3,1,2,7,255,1075,250,0,0
stim,111178,141299,1,141299,3338614.455,-0.790,0.087,0.046,-0.606,2991,140,265,3095,1867,2463,333,2519,57,1.327,1,2171,1,12.934,0.391,-1.813,-8.000,-10.000,-0.168,0.020,0.957,-0.180,-0.348,-0.207,0.042,0.024,1.173,1.407,2,NULL,NULL,,3,1,2,7,255,1075,250,0,0
stim,111200,141321,1,141321,3338619.453,-0.789,0.087,0.046,-0.606,2975,136,284,3078,1883,2460,331,2523,57,1.327,1,2171,1,14.719,0.268,1.063,-9.125,-11.500,-0.168,0.047,0.957,-0.180,-0.199,-0.297,0.044,0.024,1.173,1.407,2,NULL,NULL,,3,1,2,7,255,1075,250,0,0
stim,111200,141321,1,141321,3338624.455,-0.789,0.087,0.046,-0.606,2957,137,306,3061,1907,2456,340,2537,57,1.327,1,2171,1,15.725,0.206,3.000,-9.938,-11.813,-0.160,0.063,0.965,-0.113,-0.172,-0.297,0.046,0.024,1.173,1.407,2,NULL,NULL,,3,1,2,7,255,1075,250,0,0
stim,111200,141321,1,141321,3338629.454,-0.789,0.087,0.045,-0.607,2939,137,349,3045,1933,2455,350,2534,57,1.327,1,2171,1,15.902,0.162,2.938,-10.375,-11.688,-0.164,0.051,0.969,-0.055,-0.152,-0.215,0.046,0.024,1.173,1.407,2,NULL,NULL,,3,1,2,7,255,1075,250,0,0
stim,111200,141321,1,141321,3338634.455,-0.788,0.086,0.045,-0.607,2919,139,407,3026,1962,2455,369,2540,57,1.327,1,2171,1,16.803,0.162,1.625,-11.250,-12.375,-0.176,0.047,0.965,-0.055,-0.152,-0.195,0.048,0.022,1.173,1.407,2,NULL,NULL,,3,1,2,7,255,1075,250,0,0
stim,111200,141321,1,141321,3338639.454,-0.788,0.086,0.044,-0.608,2899,139,444,3007,1988,2455,393,2553,57,1.327,1,2171,1,17.996,0.177,1.188,-13.188,-12.188,-0.168,0.039,0.969,-0.129,-0.121,-0.176,0.050,0.022,1.173,1.407,2,NULL,NULL,,3,1,2,7,255,1075,250,0,0
stim,111200,141321,1,141321,3338644.455,-0.788,0.086,0.044,-0.608,2875,140,521,2989,2013,2456,410,2570,57,1.327,1,2171,1,19.070,0.155,1.750,-14.563,-12.188,-0.168,0.047,0.965,-0.129,-0.086,-0.195,0.052,0.022,1.173,1.407,2,NULL,NULL,,3,1,2,7,255,1075,250,0,0
stim,111200,141321,1,141321,3338649.453,-0.788,0.085,0.043,-0.609,2847,155,615,2968,2043,2457,445,2584,57,1.327,1,2171,1,21.288,0.148,4.438,-16.313,-12.938,-0.172,0.086,0.961,-0.121,-0.086,-0.203,0.054,0.020,1.173,1.407,2,NULL,NULL,,3,1,2,7,255,1075,250,0,0
stim,111200,141321,1,141321,3338654.455,-0.787,0.085,0.042,-0.609,2823,165,676,2943,2092,2460,491,2604,57,1.327,1,2171,1,22.735,0.223,6.750,-17.750,-12.500,-0.156,0.141,0.988,0.223,-0.004,-0.203,0.054,0.020,1.173,1.407,2,NULL,NULL,,3,1,2,7,255,1075,250,0,0
stim,111231,141352,1,141352,3338659.454,-0.787,0.085,0.041,-0.610,2788,168,741,2923,2153,2461,541,2617,57,1.327,1,2171,1,23.333,0.772,4.813,-17.688,-14.438,-0.168,0.160,1.020,0.770,0.063,0.066,0.054,0.020,1.173,1.407,2,NULL,NULL,,3,1,2,7,255,1075,250,0,0
stim,111231,141352,1,141352,3338664.455,-0.786,0.085,0.041,-0.610,2757,174,831,2901,2213,2468,621,2636,57,1.327,1,2171,1,25.434,0.924,0.750,-18.500,-17.438,-0.168,0.160,1.027,0.918,0.109,0.371,0.054,0.020,1.173,1.407,2,NULL,NULL,,3,1,2,7,255,1075,250,0,0
stim,111231,141352,1,141352,3338669.454,-0.786,0.084,0.040,-0.611,2725,188,921,2876,2267,2469,755,2659,57,1.327,1,2171,1,28.131,0.938,-2.625,-18.813,-20.750,-0.164,0.168,1.027,0.930,0.125,0.465,0.054,0.022,1.173,1.407,2,NULL,NULL,,3,1,2,7,255,1075,250,0,0
stim,111231,141352,1,141352,3338674.455,-0.785,0.083,0.040,-0.612,2680,212,1045,2856,2311,2473,844,2667,57,1.327,1,2171,1,32.695,1.019,-6.938,-19.250,-25.500,-0.172,0.188,1.039,1.012,0.125,0.473,0.054,0.026,1.173,1.407,2,NULL,NULL,,3,1,2,7,255,1075,250,0,0
stim,111232,141353,1,141353,3338679.454,-0.785,0.082,0.039,-0.613,2632,243,1160,2837,2348,2477,973,2680,57,1.327,1,2171,1,39.463,1.197,-12.688,-18.875,-32.250,-0.164,0.199,1.047,1.184,0.176,0.578,0.056,0.030,1.173,1.407,2,NULL,NULL,,3,1,2,7,255,1075,250,0,0
stim,111232,141353,1,141353,3338684.455,-0.784,0.081,0.039,-0.615,2580,247,1269,2813,2403,2481,1112,2697,57,1.327,1,2171,1,46.517,1.266,-18.625,-18.938,-38.188,-0.148,0.188,1.047,1.254,0.176,0.629,0.058,0.036,1.173,1.407,2,NULL,NULL,,3,1,2,7,255,1075,250,0,0
stim,111282,141403,1,141403,3338689.454,-0.783,0.080,0.039,-0.616,2520,246,1401,2796,2449,2485,1226,2713,57,1.327,1,2171,1,52.685,1.254,-23.188,-18.000,-43.750,-0.137,0.156,1.027,1.254,0.012,0.629,0.062,0.042,1.173,1.407,2,NULL,NULL,,3,1,2,7,255,1075,250,0,0
stim,111282,141403,1,141403,3338694.455,-0.782,0.079,0.039,-0.618,2463,260,1533,2775,2491,2491,1349,2731,57,1.327,1,2171,1,55.648,1.006,-25.688,-17.750,-46.063,-0.141,0.125,1.016,1.000,-0.105,0.387,0.066,0.048,1.173,1.407,2,NULL,NULL,,3,1,2,7,255,1075,250,0,0
stim,111282,141403,1,141403,3338699.453,-0.780,0.077,0.040,-0.619,2403,266,1671,2748,2533,2493,1489,2743,57,1.327,1,2171,1,61.405,0.723,-30.563,-18.000,-50.125,-0.168,0.098,1.027,0.715,-0.105,0.387,0.070,0.052,1.173,1.407,2,NULL,NULL,,3,1,2,7,255,1075,250,0,0
stim,111282,141403,1,141403,3338704.455,-0.779,0.075,0.040,-0.621,2328,287,1823,2723,2588,2495,1582,2761,57,1.327,1,2171,1,68.901,0.419,-38.000,-18.438,-54.438,-0.164,0.063,1.047,0.418,-0.035,0.426,0.072,0.056,1.173,1.407,2,NULL,NULL,,3,1,2,7,255,1075,250,0,0
stim,111282,141403,1,141403,3338709.454,-0.778,0.073,0.041,-0.623,2245,308,1955,2695,2620,2503,1719,2776,57,1.327,1,2171,1,82.638,0.156,-50.875,-18.500,-62.438,-0.172,0.023,1.098,0.152,-0.035,0.605,0.074,0.058,1.173,1.407,2,NULL,NULL,,3,1,2,7,255,1075,250,0,0
stim,111282,141403,1,141403,3338714.455,-0.776,0.069,0.042,-0.625,2165,318,2072,2660,2657,2503,1829,2791,57,1.327,1,2171,1,100.593,0.215,-69.750,-19.938,-69.688,-0.168,-0.055,1.113,-0.188,-0.105,1.063,0.074,0.060,1.173,1.407,2,NULL,NULL,,3,1,2,7,255,1075,250,0,0
stim,111282,141403,1,141403,3338719.454,-0.774,0.066,0.044,-0.628,2085,315,2193,2619,2694,2505,1920,2803,57,1.327,1,2171,0,112.686,0.912,-84.188,-20.438,-72.063,-0.133,-0.078,1.016,-0.867,-0.281,1.063,0.076,0.064,1.173,1.407,2,NULL,NULL,,3,1,2,7,255,1075,250,0,0
stim,111282,141403,1,141403,3338724.455,-0.773,0.062,0.046,-0.630,1970,328,2301,2575,2723,2507,2023,2815,57,1.327,1,2171,0,106.852,0.990,-79.938,-21.313,-67.625,-0.094,-0.047,0.902,-0.867,-0.477,0.219,0.078,0.066,1.173,1.407,2,NULL,NULL,,3,1,2,7,255,1075,250,0,0
stim,111282,141403,1,141403,3338729.453,-0.771,0.059,0.047,-0.632,1868,335,2395,2515,2745,2508,2109,2835,57,1.327,1,2171,0,96.841,0.714,-67.563,-23.750,-65.188,-0.109,-0.035,0.898,-0.531,-0.477,-0.941,0.078,0.068,1.173,1.407,2,NULL,NULL,,3,1,2,7,255,1075,250,0,0
stim,111282,141403,1,141403,3338734.455,-0.770,0.056,0.048,-0.634,1749,343,2485,2455,2773,2508,2197,2851,57,1.327,1,2171,0,87.906,0.514,-50.938,-26.500,-66.563,-0.133,0.008,0.871,-0.375,-0.352,-0.949,0.080,0.070,1.173,1.407,2,NULL,NULL,,3,1,2,7,255,1075,250,0,0
stim,111307,141428,1,141428,3338739.453,-0.768,0.054,0.048,-0.636,1591,337,2555,2364,2797,2509,2275,2855,57,1.327,1,2171,0,80.249,0.514,-39.250,-27.188,-64.500,-0.102,-0.109,0.977,-0.375,-0.352,-0.941,0.080,0.070,1.173,1.407,2,NULL,NULL,,3,1,2,7,255,1075,250,0,0
stim,111307,141428,1,141428,3338744.455,-0.766,0.052,0.048,-0.638,1431,334,2611,2267,2833,2514,2345,2878,57,1.327,1,2171,0,76.520,1.061,-37.313,-29.250,-60.063,-0.133,-0.148,1.020,-0.977,-0.414,-0.176,0.078,0.068,1.173,1.407,2,NULL,NULL,,3,1,2,7,255,1075,250,0,0
stim,111307,141428,0,141428,3338749.454,-0.765,0.049,0.048,-0.640,1207,319,2653,2171,2851,2511,2413,2889,57,1.327,1,2171,0,72.413,1.516,-42.625,-32.500,-48.688,-0.078,-0.180,1.094,-1.383,-0.621,0.281,0.076,0.066,1.173,1.407,2,NULL,NULL,,3,0,2,7,255,1080,250,0,0
stim,111307,141428,0,141428,3338754.455,-0.764,0.046,0.049,-0.641,1065,288,2703,2023,2869,2507,2472,2901,57,1.327,1,2171,0,71.288,1.560,-50.750,-32.813,-37.813,-0.086,-0.063,1.086,-1.383,-0.723,0.871,0.074,0.062,1.173,1.407,2,NULL,NULL,,3,0,2,7,255,1080,250,0,0
stim,111332,141453,0,141453,3338759.454,-0.764,0.043,0.049,-0.642,853,263,2748,1833,2889,2503,2524,2916,57,1.327,1,2171,0,71.238,0.799,-52.563,-34.063,-33.938,-0.121,0.027,1.043,-0.340,-0.723,0.871,0.072,0.058,1.173,1.407,2,NULL,NULL,,3,0,2,7,255,1080,250,0,0
stim,111332,141453,0,141453,3338764.455,-0.763,0.041,0.049,-0.643,665,205,2785,1621,2919,2495,2589,2919,57,1.327,1,2171,0,69.560,0.501,-48.375,-36.813,-33.813,-0.141,0.063,1.008,0.488,-0.113,0.457,0.072,0.056,1.173,1.407,2,NULL,NULL,,3,0,2,7,255,1080,250,0,0
stim,111332,141453,0,141453,3338769.454,-0.762,0.038,0.049,-0.645,427,172,2813,1359,2927,2488,2621,2933,57,1.327,1,2171,0,67.136,0.489,-38.438,-37.813,-40.000,-0.121,-0.004,0.992,0.488,-0.023,0.148,0.070,0.052,1.173,1.407,2,NULL,NULL,,3,0,2,7,255,1080,250,0,0
stim,111332,141453,0,141453,3338774.455,-0.761,0.036,0.048,-0.646,247,127,2847,1065,2953,2475,2655,2937,57,1.327,1,2171,0,62.047,0.236,-28.813,-41.625,-35.875,-0.074,-0.078,0.996,0.234,-0.023,-0.016,0.070,0.050,1.173,1.407,2,NULL,NULL,,3,0,2,7,255,1080,250,0,0
stim,111332,141453,0,141453,3338779.454,-0.761,0.034,0.047,-0.647,87,61,2862,829,2961,2459,2696,2951,57,1.327,1,2171,0,57.337,0.662,-21.938,-44.250,-29.125,-0.047,-0.078,1.035,-0.316,-0.582,-0.016,0.070,0.046,1.173,1.407,2,NULL,NULL,,3,0,2,7,255,1080,250,0,0
stim,111332,141453,0,141453,3338784.455,-0.760,0.032,0.046,-0.647,17,29,2899,569,2984,2425,2731,2958,57,1.327,1,2171,0,56.721,0.825,-19.313,-46.875,-25.438,-0.043,-0.043,1.039,-0.316,-0.762,0.355,0.070,0.044,1.173,1.407,2,NULL,NULL,,3,0,2,7,255,1080,250,0,0
stim,111379,141500,0,141500,3338789.453,-0.760,0.030,0.045,-0.648,0,4,2903,358,2985,2404,2751,2966,57,1.327,1,2171,0,55.834,0.763,-14.375,-48.625,-23.375,-0.039,0.008,1.027,0.035,-0.762,0.355,0.070,0.042,1.173,1.407,2,NULL,NULL,,3,0,2,7,255,1080,250,0,0
stim,111379,141500,0,141500,3338794.455,-0.759,0.028,0.044,-0.649,0,3,2916,253,2999,2366,2779,2983,57,1.327,1,2171,0,59.676,0.853,-13.688,-51.688,-26.500,-0.074,0.059,1.023,0.531,-0.668,0.234,0.072,0.042,1.173,1.407,2,NULL,NULL,,3,0,2,7,255,1080,250,0,0
stim,111379,141500,0,141500,3338799.454,-0.759,0.027,0.041,-0.650,0,0,2931,171,3007,2354,2815,2973,57,1.327,1,2171,0,64.137,0.575,20.250,-59.438,-13.063,-0.285,0.000,1.180,0.531,-0.219,0.234,0.072,0.042,1.173,1.407,2,NULL,NULL,,3,0,2,7,255,1080,250,0,0
stim,111379,141500,0,141500,3338804.455,-0.759,0.027,0.037,-0.650,0,0,2939,155,3031,2325,2831,2976,57,1.327,1,2171,0,92.205,1.643,57.125,-72.375,-0.563,-0.473,-0.137,1.555,0.145,1.637,1.969,0.074,0.042,1.173,1.407,2,NULL,NULL,,3,0,2,7,255,1080,250,0,0
stim,111379,141500,0,141500,3338809.454,-0.759,0.027,0.033,-0.650,0,0,2953,87,3035,2281,2853,2983,57,1.327,1,2171,0,109.692,3.106,68.000,-85.875,5.813,-0.512,-0.090,1.930,-0.875,2.980,5.816,0.074,0.042,1.173,1.407,2,NULL,NULL,,3,0,2,7,255,1080,250,0,0
stim,111379,141500,0,141500,3338814.455,-0.759,0.023,0.031,-0.650,0,0,2956,71,3047,2245,2874,2985,57,1.327,1,2171,0,98.185,3.106,-41.750,-85.938,-22.625,-0.164,0.023,1.699,-0.875,2.980,6.918,0.076,0.040,1.173,1.407,3,NULL,NULL,,3,0,2,7,255,1080,250,0,0
stim,111379,141500,0,141500,3338819.453,-0.758,0.018,0.031,-0.651,0,0,2968,7,3046,2181,2905,2995,57,1.327,1,2171,0,120.915,0.363,-82.938,-85.625,-20.250,-0.078,-0.043,1.160,0.012,0.363,6.918,0.076,0.040,1.173,1.407,3,NULL,NULL,,3,0,2,7,255,1080,250,0,0
stim,111379,141500,0,141500,3338824.455,-0.759,0.014,0.028,-0.650,0,0,2969,0,3053,2109,2911,2996,57,1.327,1,2171,0,106.106,0.774,-35.250,-97.688,21.750,-0.090,0.074,1.016,0.684,0.363,1.582,0.078,0.040,1.173,1.407,3,NULL,NULL,,3,0,2,7,255,1080,250,0,0
stim,111379,141500,0,141500,3338829.454,-0.760,0.012,0.025,-0.649,0,0,2966,0,3060,2018,2922,2999,57,1.327,1,2171,0,110.445,1.097,2.688,-105.188,33.563,-0.230,0.164,1.113,1.035,0.363,1.137,0.080,0.040,1.173,1.407,3,NULL,NULL,,3,0,2,7,255,1080,250,0,0
stim,111379,141500,0,141500,3338834.455,-0.761,0.009,0.021,-0.648,0,0,2969,0,3076,1911,2934,2989,57,1.327,1,2171,0,113.068,2.225,13.625,-110.750,18.250,-0.336,0.109,1.293,1.094,1.938,1.137,0.080,0.044,1.173,1.407,3,NULL,NULL,,3,0,2,7,255,1080,250,0,0
stim,111408,141529,0,141529,3338839.454,-0.762,0.006,0.017,-0.648,0,0,2975,0,3081,1787,2941,2995,57,1.327,1,2171,0,119.472,2.768,10.000,-118.688,9.313,-0.309,0.008,1.473,1.094,2.543,2.953,0.076,0.050,1.173,1.407,3,NULL,NULL,,3,0,2,7,255,1080,250,0,0
stim,111408,141529,0,141529,3338844.455,-0.762,0.003,0.013,-0.647,0,0,2957,0,3083,1645,2975,2985,57,1.327,1,2171,0,125.579,2.551,-10.000,-124.750,10.375,-0.238,-0.086,1.461,0.199,2.543,4.574,0.068,0.060,1.173,1.407,3,NULL,NULL,,3,0,2,7,255,1080,250,0,0
stim,111408,141529,0,141529,3338849.453,-0.763,-0.002,0.010,-0.647,0,0,2944,0,3097,1479,2980,2975,57,1.327,1,2171,0,133.371,1.954,-30.063,-129.063,15.063,-0.199,-0.148,1.301,-0.625,1.852,4.574,0.062,0.072,1.173,1.407,3,NULL,NULL,,3,0,2,7,255,1080,250,0,0
stim,111408,141529,0,141529,3338854.455,-0.763,-0.007,0.006,-0.646,0,0,2937,0,3100,1280,2985,2971,57,1.327,1,2171,0,139.787,2.187,-31.375,-134.563,21.188,-0.223,-0.133,1.207,-1.164,1.852,3.023,0.060,0.082,1.173,1.407,3,NULL,NULL,,3,0,2,7,255,1080,250,0,0
stim,111408,141529,0,141529,3338859.454,-0.764,-0.011,0.002,-0.645,0,0,2922,0,3101,1077,2995,2971,57,1.327,1,2171,0,145.595,2.257,-21.750,-142.375,21.313,-0.254,-0.109,1.145,-1.164,1.934,2.059,0.060,0.092,1.173,1.407,3,NULL,NULL,,3,0,2,7,255,1080,250,0,0
stim,111408,141529,0,141529,3338864.455,-0.765,-0.016,-0.002,-0.644,0,0,2916,0,3101,815,3015,2963,57,1.327,1,2171,0,149.821,2.659,-11.063,-148.625,15.313,-0.258,-0.113,1.109,-1.105,2.418,1.430,0.064,0.104,1.173,1.407,3,NULL,NULL,,3,0,2,7,255,1080,250,0,0
stim,111444,141565,0,141565,3338869.454,-0.765,-0.020,-0.007,-0.644,0,0,2895,0,3107,620,3017,2949,57,1.327,1,2171,0,154.970,2.737,-1.313,-154.875,5.250,-0.238,-0.133,1.125,-1.105,2.504,1.168,0.066,0.116,1.173,1.407,3,NULL,NULL,,3,0,2,7,255,1080,250,0,0
stim,111444,141565,0,141565,3338874.455,-0.765,-0.024,-0.012,-0.643,0,0,2873,0,3103,442,3020,2925,57,1.327,1,2171,0,162.155,2.807,3.063,-162.125,-0.625,-0.188,-0.207,1.117,-1.270,2.504,1.121,0.066,0.128,1.173,1.407,3,NULL,NULL,,3,0,2,7,255,1080,250,0,0
stim,111444,141565,0,141565,3338879.453,-0.765,-0.029,-0.017,-0.643,0,0,2853,0,3112,215,3037,2913,57,1.327,1,2171,0,168.038,2.791,5.875,-167.875,4.500,-0.137,-0.242,1.082,-1.918,2.027,1.121,0.064,0.142,1.173,1.407,3,NULL,NULL,,3,0,2,7,255,1080,250,0,0
stim,111444,141565,0,141565,3338884.455,-0.766,-0.033,-0.023,-0.642,0,0,2813,0,3111,127,3037,2886,57,1.327,1,2171,0,175.274,2.791,18.188,-174.000,10.688,-0.152,-0.191,1.121,-1.918,2.027,1.094,0.062,0.152,1.173,1.407,3,NULL,NULL,,3,0,2,7,255,1080,250,0,0
stim,111476,141597,0,141597,3338889.454,-0.766,-0.037,-0.030,-0.641,0,0,2782,0,3109,37,3038,2839,57,1.327,1,2171,0,182.314,2.696,22.063,-180.875,6.000,-0.125,-0.004,1.180,-1.777,2.027,1.094,0.060,0.162,1.173,1.407,3,NULL,NULL,,3,0,2,7,255,1080,250,0,0
stim,111476,141597,0,141597,3338894.455,-0.766,-0.041,-0.037,-0.641,0,0,2728,0,3113,0,3047,2811,57,1.327,1,2171,0,188.396,2.274,25.750,-186.625,1.125,-0.082,0.188,1.273,0.035,2.273,1.594,0.056,0.170,1.173,1.407,3,NULL,NULL,,3,0,2,7,255,1080,250,0,0
stim,111476,141597,0,141597,3338899.454,-0.766,-0.046,-0.044,-0.640,0,0,2671,0,3103,0,3054,2777,57,1.327,1,2171,0,195.688,3.143,24.250,-194.125,4.625,-0.086,0.223,1.410,1.926,2.484,2.398,0.056,0.182,1.173,1.407,3,NULL,NULL,,3,0,2,7,255,1080,250,0,0
stim,111476,141597,0,141597,3338904.455,-0.766,-0.051,-0.051,-0.639,0,0,2592,0,3097,0,3053,2725,57,1.327,1,2171,0,200.151,3.632,24.875,-198.563,3.813,0.012,0.355,1.684,2.219,2.875,3.695,0.058,0.194,1.173,1.407,3,NULL,NULL,,3,0,2,7,255,1080,250,0,0
stim,111476,141597,0,141597,3338909.454,-0.766,-0.056,-0.059,-0.638,0,0,2501,0,3095,3,3048,2659,57,1.327,1,2171,0,206.661,3.859,25.000,-204.000,21.625,-0.125,0.266,1.996,2.484,2.953,6.363,0.062,0.206,1.173,1.407,3,NULL,NULL,,3,0,2,7,255,1080,250,0,0
stim,111476,141597,0,141597,3338914.455,-0.767,-0.061,-0.066,-0.635,0,0,2411,0,3079,53,3048,2607,57,1.327,1,2171,0,227.004,5.426,13.938,-221.500,47.688,-0.375,0.191,2.348,2.484,4.824,9.195,0.070,0.220,1.173,1.407,3,NULL,NULL,,3,0,2,7,255,1080,250,0,0
stim,111498,141619,0,141619,3338919.453,-0.768,-0.069,-0.074,-0.632,0,0,2297,0,3063,73,3049,2520,57,1.327,1,2171,0,255.113,8.178,-24.000,-246.188,62.438,-0.652,0.266,2.590,1.371,8.063,12.086,0.080,0.234,1.173,1.407,3,NULL,NULL,,3,0,2,7,255,1080,250,0,0
stim,111498,141619,0,141619,3338924.455,-0.769,-0.079,-0.081,-0.630,0,0,2170,0,3048,85,3029,2414,57,1.327,1,2171,0,286.919,11.834,-72.938,-272.250,53.688,-0.809,0.527,2.539,1.371,11.754,12.395,0.090,0.248,1.173,1.407,3,NULL,NULL,,3,0,2,7,255,1080,250,0,0
stim,111498,141619,0,141619,3338929.454,-0.768,-0.091,-0.088,-0.628,0,0,2011,0,3030,115,3015,2295,57,1.327,1,2171,0,316.066,14.618,-92.563,-300.563,31.500,-0.781,0.773,2.441,3.629,14.160,12.395,0.104,0.262,1.173,1.407,3,NULL,NULL,,3,0,2,7,255,1080,250,0,0
stim,111498,141619,0,141619,3338934.455,-0.768,-0.103,-0.096,-0.625,0,0,1885,0,2999,115,2984,2157,57,1.327,1,2171,0,345.598,15.819,-102.250,-329.125,25.688,-0.664,0.852,2.512,6.059,14.613,11.434,0.118,0.280,1.173,1.407,3,NULL,NULL,,3,0,2,7,255,1080,250,0,0
stim,111498,141619,0,141619,3338939.453,-0.766,-0.117,-0.104,-0.623,0,0,1761,0,2979,124,2941,2035,57,1.327,1,2171,0,373.499,16.047,-117.813,-353.813,20.938,-0.617,0.758,2.543,6.375,14.727,11.410,0.136,0.300,1.173,1.407,3,NULL,NULL,,3,0,2,7,255,1080,250,0,0
stim,111498,141619,0,141619,3338944.455,-0.765,-0.132,-0.113,-0.620,0,0,1639,0,2941,137,2907,1916,57,1.327,1,2171,0,403.079,16.152,-130.063,-379.875,35.375,-0.715,0.773,2.680,6.441,14.813,11.434,0.160,0.324,1.173,1.407,3,NULL,NULL,,3,0,2,7,255,1080,250,0,0
stim,111498,141619,0,141619,3338949.453,-0.763,-0.148,-0.122,-0.617,0,0,1519,0,2885,136,2843,1807,57,1.327,1,2171,0,428.455,18.117,-147.688,-401.375,25.688,-0.832,0.941,2.785,6.441,16.934,11.473,0.192,0.358,1.173,1.407,3,NULL,NULL,,3,0,2,7,255,1080,250,0,0
stim,111498,141619,0,141619,3338954.455,-0.761,-0.165,-0.132,-0.614,0,0,1422,0,2840,134,2772,1677,57,1.327,1,2171,0,455.898,20.967,-157.375,-427.563,16.313,-0.879,0.922,2.828,7.813,19.457,11.473,0.234,0.402,1.173,1.407,3,NULL,NULL,,3,0,2,7,255,1080,250,0,0
stim,111528,141649,0,141649,3338959.454,-0.757,-0.182,-0.143,-0.611,0,0,1305,0,2759,119,2669,1547,57,1.327,1,2171,0,479.772,22.249,-162.938,-451.250,-2.375,-0.855,0.797,2.887,7.813,20.832,10.852,0.288,0.458,1.173,1.407,3,NULL,NULL,,3,0,2,7,255,1080,250,0,0
stim,111528,141649,0,141649,3338964.455,-0.753,-0.200,-0.153,-0.608,0,0,1161,0,2667,89,2521,1404,57,1.327,1,2171,0,498.484,22.538,-169.375,-468.813,-3.625,-0.891,0.719,2.938,6.824,21.480,10.688,0.352,0.522,1.173,1.407,3,NULL,NULL,,3,0,2,7,255,1080,250,0,0
stim,111528,141649,0,141649,3338969.453,-0.748,-0.218,-0.165,-0.605,0,0,939,0,2539,69,2347,1253,57,1.327,1,2171,0,506.846,23.575,-158.313,-480.938,-23.000,-0.902,0.691,3.156,6.152,22.758,10.688,0.422,0.594,1.173,1.407,3,NULL,NULL,,3,0,2,7,255,1080,250,0,0
stim,111528,141649,0,141649,3338974.455,-0.742,-0.237,-0.177,-0.602,0,0,781,0,2387,44,2088,1067,57,1.327,1,2171,0,523.556,25.511,-173.813,-492.250,-39.875,-0.828,0.391,3.285,6.105,24.770,10.828,0.500,0.672,1.173,1.407,3,NULL,NULL,,3,0,2,7,255,1080,250,0,0
stim,111528,141649,0,141649,3338979.453,-0.735,-0.257,-0.188,-0.599,0,0,615,0,2167,2,1752,927,57,1.327,1,2171,0,552.208,25.034,-208.750,-510.313,-30.625,-0.703,-0.109,3.016,3.629,24.770,10.828,0.582,0.754,1.173,1.407,3,NULL,NULL,,3,0,2,7,255,1080,250,0,0
stim,111528,141649,0,141649,3338984.455,-0.728,-0.278,-0.198,-0.594,0,0,453,0,1881,0,1357,789,57,1.327,1,2171,0,581.800,23.142,-246.250,-527.063,7.563,-0.480,-0.465,2.281,-0.789,23.129,9.801,0.670,0.844,1.173,1.407,3,NULL,NULL,,3,0,2,7,255,1080,250,0,0
stim,111582,141703,0,141703,3338989.454,-0.722,-0.299,-0.209,-0.588,0,0,265,0,1558,0,781,627,57,1.327,1,2171,0,576.954,17.790,-214.813,-535.125,19.313,-0.301,-0.551,1.414,-3.910,17.355,5.195,0.766,0.942,1.173,1.407,3,NULL,NULL,,3,0,2,7,255,1080,250,0,0
stim,111582,141703,0,141703,3338994.455,-0.717,-0.317,-0.223,-0.580,0,0,205,0,1199,0,211,505,57,1.327,1,2171,0,557.833,11.612,-108.000,-545.750,40.875,-0.293,-0.336,1.145,-3.910,10.934,-0.520,0.868,1.046,1.173,1.407,3,NULL,NULL,,3,0,2,7,255,1080,250,0,0
stim,111582,141703,0,141703,3338999.454,-0.714,-0.331,-0.239,-0.569,0,0,117,0,858,0,0,431,57,1.327,1,2171,0,561.896,11.348,17.625,-555.938,79.688,-0.582,-0.082,1.707,-3.039,10.934,-2.660,0.978,1.156,1.173,1.407,3,NULL,NULL,,3,0,2,7,255,1080,250,0,0
stim,111582,141703,0,141703,3339004.455,-0.712,-0.345,-0.256,-0.555,0,0,109,0,363,0,0,349,57,1.327,1,2171,0,592.483,16.156,60.938,-572.563,139.625,-1.055,0.031,2.375,-1.277,16.105,-3.035,1.090,1.272,1.173,1.407,3,NULL,NULL,,3,0,2,7,255,1080,250,0,0
stim,111582,141703,0,141703,3339009.454,-0.710,-0.362,-0.270,-0.540,0,0,67,0,19,0,0,261,57,1.327,1,2171,0,610.510,24.506,-16.813,-581.063,186.563,-1.340,0.367,2.289,-1.109,24.480,-3.035,1.204,1.388,1.173,1.407,3,NULL,NULL,,3,0,2,7,255,1080,250,0,0
stim,111582,141703,0,141703,3339014.455,-0.706,-0.380,-0.281,-0.527,0,0,27,0,0,0,0,185,57,1.327,1,2171,0,584.276,24.489,-124.000,-550.500,151.500,-1.191,1.012,1.648,0.660,24.480,-7.691,1.312,1.498,1.173,1.407,4,NULL,NULL,,3,0,2,7,255,1080,250,0,0
stim,111582,141703,0,141703,3339019.454,-0.699,-0.398,-0.291,-0.518,0,0,31,0,0,0,0,115,57,1.327,1,2171,0,531.970,21.969,-176.125,-494.438,86.625,-0.621,1.648,1.281,6.629,20.945,-12.809,1.408,1.598,1.173,1.407,0,NULL,NULL,,3,0,2,7,255,1080,250,0,0
stim,111582,141703,0,141703,3339024.455,-0.692,-0.416,-0.296,-0.510,0,0,39,0,0,0,0,149,57,1.327,1,2171,0,483.706,21.048,-220.375,-420.063,94.625,-0.566,1.762,1.172,14.016,15.703,-12.852,1.494,1.686,1.173,1.407,0,NULL,NULL,,3,0,2,7,255,1080,250,0,0
stim,111582,141703,0,141703,3339029.454,-0.686,-0.435,-0.295,-0.504,0,0,35,0,0,0,0,163,57,1.327,1,2171,0,502.407,20.138,-352.375,-316.625,167.313,-0.449,1.508,0.598,14.016,14.461,-13.977,1.578,1.774,1.173,1.407,0,NULL,NULL,,3,0,2,7,255,1080,250,0,0
stim,111582,141703,0,141703,3339034.455,-0.679,-0.450,-0.291,-0.501,0,0,39,0,0,0,0,155,57,1.327,1,2171,0,379.321,15.343,-313.563,-188.813,99.563,-0.301,0.742,0.016,12.863,8.363,-14.664,1.670,1.870,1.173,1.407,0,NULL,NULL,,3,0,2,7,255,1080,250,0,0
stim,111611,141732,0,141732,3339039.453,-0.678,-0.455,-0.290,-0.499,0,0,35,0,0,0,0,167,57,1.327,1,2171,0,132.832,7.454,-96.813,-78.125,46.563,-0.719,-0.602,0.246,5.805,4.676,-14.664,1.772,1.976,1.173,1.407,0,NULL,NULL,,3,0,2,7,255,1080,250,0,0
stim,111611,141732,0,141732,3339044.455,-0.679,-0.456,-0.290,-0.498,0,0,38,0,0,0,0,167,57,1.327,1,2171,0,41.595,9.061,7.813,-5.375,40.500,-1.199,-0.898,1.422,-7.762,4.676,-12.797,1.882,2.088,1.173,1.407,0,NULL,NULL,,3,0,2,7,255,1080,250,0,0
stim,111611,141732,0,141732,3339049.454,-0.677,-0.457,-0.285,-0.501,0,0,35,0,0,0,0,107,57,1.327,1,2171,0,141.349,18.624,-111.500,86.875,-0.250,-1.332,-0.285,1.633,-7.762,16.930,-12.797,1.990,2.198,1.173,1.407,0,NULL,NULL,,3,0,2,7,255,1080,250,0,0
stim,111611,141732,0,141732,3339054.455,-0.674,-0.459,-0.276,-0.508,0,0,28,0,0,0,0,89,57,1.327,1,2171,0,273.882,17.793,-215.188,167.313,-26.688,-1.125,0.688,0.613,-5.477,16.930,-13.281,2.090,2.298,1.173,1.407,0,NULL,NULL,,3,0,2,7,255,1080,250,0,0
stim,111611,141732,0,141732,3339059.454,-0.673,-0.459,-0.267,-0.515,0,0,33,0,0,0,0,77,57,1.327,1,2171,0,262.074,10.875,-153.063,212.250,-14.313,-0.949,1.324,-0.074,3.309,10.359,-18.957,2.172,2.382,1.173,1.407,0,NULL,NULL,,3,0,2,7,255,1080,250,0,0
stim,111611,141732,0,141732,3339064.455,-0.675,-0.454,-0.259,-0.520,0,0,25,0,0,0,0,70,57,1.327,1,2171,0,235.261,9.478,-37.063,232.313,-2.250,-0.988,1.117,0.168,7.223,6.137,-20.977,2.234,2.444,1.173,1.407,0,NULL,NULL,,3,0,2,7,255,1080,250,0,0
stim,111634,141755,0,141755,3339069.453,-0.677,-0.449,-0.252,-0.525,0,0,27,0,0,0,0,75,57,1.327,1,2171,0,245.768,9.478,-7.438,245.563,-6.750,-1.039,0.438,0.715,7.223,6.137,-20.977,2.276,2.488,1.173,1.407,0,NULL,NULL,,3,0,2,7,255,1080,250,0,0
stim,111634,141755,0,141755,3339074.455,-0.679,-0.445,-0.244,-0.531,0,0,25,0,0,0,0,85,57,1.327,1,2171,0,262.730,10.710,-59.500,255.625,-11.938,-0.949,0.016,0.703,1.746,10.566,-16.426,2.318,2.532,1.173,1.407,0,NULL,NULL,,3,0,2,7,255,1080,250,0,0
stim,111634,141755,0,141755,3339079.453,-0.679,-0.441,-0.234,-0.538,0,0,17,0,0,0,0,75,57,1.327,1,2171,0,277.030,10.697,-95.625,260.000,-1.188,-0.781,0.059,0.141,-1.668,10.566,-15.398,2.370,2.588,1.173,1.407,0,NULL,NULL,,3,0,2,7,255,1080,250,0,0
stim,111634,141755,0,141755,3339084.455,-0.681,-0.437,-0.224,-0.543,0,0,15,0,0,0,0,77,57,1.327,1,2171,0,267.243,5.401,-64.188,258.813,17.750,-0.680,0.348,-0.375,-1.668,5.137,-15.398,2.428,2.648,1.173,1.407,0,NULL,NULL,,3,0,2,7,255,1080,250,0,0
stim,111680,141801,0,141801,3339089.454,-0.684,-0.431,-0.216,-0.547,0,0,7,0,0,0,0,74,57,1.327,1,2171,0,260.751,0.576,1.125,258.313,35.563,-0.621,0.453,-0.477,0.305,0.488,-18.105,2.482,2.704,1.173,1.407,0,NULL,NULL,,3,0,2,7,255,1080,250,0,0
stim,111680,141801,0,141801,3339094.455,-0.688,-0.424,-0.209,-0.550,0,0,12,0,0,0,0,74,57,1.327,1,2171,0,266.861,1.012,53.688,257.938,42.438,-0.676,0.402,-0.324,0.887,0.488,-18.105,2.532,2.756,1.173,1.407,0,NULL,NULL,,3,0,2,7,255,1080,250,0,0
stim,111680,141801,0,141801,3339099.453,-0.693,-0.415,-0.202,-0.554,0,0,6,0,0,0,0,69,57,1.327,1,2171,0,276.861,1.539,78.250,262.563,39.875,-0.609,0.277,-0.125,0.887,1.258,-18.000,2.582,2.808,1.173,1.407,0,NULL,NULL,,3,0,2,7,255,1080,250,0,0
stim,111680,141801,0,141801,3339104.455,-0.698,-0.406,-0.196,-0.556,0,0,9,0,0,0,0,61,57,1.327,1,2171,0,286.874,2.609,90.625,267.375,50.938,-0.527,0.215,-0.027,0.348,2.586,-15.906,2.632,2.862,1.173,1.407,0,NULL,NULL,,3,0,2,7,255,1080,250,0,0
stim,111680,141801,0,141801,3339109.454,-0.703,-0.397,-0.189,-0.559,0,0,5,0,0,0,0,57,57,1.327,1,2171,0,298.046,2.993,105.250,272.188,60.563,-0.574,0.273,0.063,0.348,2.973,-14.512,2.680,2.912,1.173,1.407,0,NULL,NULL,,3,0,2,7,255,1080,250,0,0
stim,111680,141801,0,141801,3339114.455,-0.709,-0.387,-0.183,-0.561,0,0,7,0,0,0,0,47,57,1.327,1,2171,0,308.079,4.145,126.500,276.125,51.625,-0.645,0.336,0.207,0.805,4.066,-14.414,2.718,2.952,1.173,1.407,0,NULL,NULL,,3,0,2,7,255,1080,250,0,0
stim,111680,141801,0,141801,3339119.454,-0.714,-0.376,-0.177,-0.564,0,0,8,0,0,0,0,45,57,1.327,1,2171,0,319.906,5.940,142.750,282.375,47.188,-0.492,0.273,0.426,1.461,5.758,-14.117,2.748,2.982,1.173,1.407,0,NULL,NULL,,3,0,2,7,255,1080,250,0,0
stim,111680,141801,0,141801,3339124.455,-0.720,-0.364,-0.171,-0.566,0,0,7,0,0,0,0,53,57,1.327,1,2171,0,326.833,6.675,139.375,290.938,52.438,-0.465,0.316,0.664,1.793,6.430,-11.352,2.770,3.006,1.173,1.407,0,NULL,NULL,,3,0,2,7,255,1080,250,0,0
stim,111680,141801,0,141801,3339129.453,-0.725,-0.353,-0.163,-0.568,0,0,6,0,0,0,0,44,57,1.327,1,2171,0,330.306,8.444,126.688,300.250,53.875,-0.473,0.328,0.777,2.691,8.004,-9.555,2.788,3.026,1.173,1.407,0,NULL,NULL,,3,0,2,7,255,1080,250,0,0
stim,111680,141801,0,141801,3339134.455,-0.730,-0.342,-0.156,-0.571,0,0,11,0,0,0,0,46,57,1.327,1,2171,0,333.934,9.275,117.500,309.250,45.500,-0.512,0.316,0.832,2.867,8.820,-8.664,2.804,3.046,1.173,1.407,0,NULL,NULL,,3,0,2,7,255,1080,250,0,0
stim,111710,141831,0,141831,3339139.453,-0.734,-0.331,-0.148,-0.574,0,0,18,0,0,0,0,46,57,1.327,1,2171,0,340.141,9.621,114.375,318.313,35.938,-0.461,0.223,0.875,2.867,9.184,-8.191,2.822,3.064,1.173,1.407,0,NULL,NULL,,3,0,2,7,255,1080,250,0,0
stim,111710,141831,0,141831,3339144.455,-0.738,-0.319,-0.140,-0.577,0,0,11,0,0,0,0,43,57,1.327,1,2171,0,345.322,9.667,108.875,326.125,32.188,-0.441,0.195,0.957,2.230,9.406,-7.008,2.840,3.084,1.173,1.407,0,NULL,NULL,,3,0,2,7,255,1080,250,0,0
stim,111710,141831,0,141831,3339149.454,-0.742,-0.307,-0.132,-0.581,0,0,12,0,0,0,0,43,57,1.327,1,2171,0,347.572,9.694,97.063,332.938,23.188,-0.488,0.250,1.012,2.230,9.434,-5.910,2.860,3.108,1.173,1.407,0,NULL,NULL,,3,0,2,7,255,1080,250,0,0
stim,111710,141831,0,141831,3339154.455,-0.745,-0.296,-0.123,-0.585,0,0,8,0,0,0,0,43,57,1.327,1,2171,0,352.438,9.697,84.750,342.000,8.125,-0.387,0.168,0.980,2.246,9.434,-5.656,2.886,3.136,1.173,1.407,0,NULL,NULL,,3,0,2,7,255,1080,250,0,0
stim,111710,141831,0,141831,3339159.454,-0.748,-0.284,-0.113,-0.589,0,0,7,0,0,0,0,43,57,1.327,1,2171,0,358.220,9.117,80.063,349.063,8.188,-0.293,0.102,0.887,2.246,8.836,-4.797,2.918,3.168,1.173,1.407,0,NULL,NULL,,3,0,2,7,255,1080,250,0,0
stim,111710,141831,0,141831,3339164.455,-0.750,-0.273,-0.104,-0.593,0,0,8,0,0,0,0,45,57,1.327,1,2171,0,365.394,7.524,85.000,355.188,11.375,-0.313,0.121,0.836,1.805,7.305,-4.797,2.952,3.206,1.173,1.407,0,NULL,NULL,,3,0,2,7,255,1080,250,0,0
stim,111743,141864,0,141864,3339169.453,-0.753,-0.260,-0.095,-0.597,0,0,9,0,0,0,0,45,57,1.327,1,2171,0,372.248,7.316,95.938,359.625,5.875,-0.344,0.141,0.820,1.805,7.090,-4.914,2.992,3.246,1.173,1.407,0,NULL,NULL,,3,0,2,7,255,1080,250,0,0
stim,111743,141864,0,141864,3339174.455,-0.755,-0.247,-0.086,-0.601,0,0,8,0,0,0,0,46,57,1.327,1,2171,0,378.665,7.296,106.688,363.313,-2.938,-0.316,0.121,0.867,1.875,7.051,-4.914,3.034,3.292,1.173,1.407,0,NULL,NULL,,3,0,2,7,255,1080,250,0,0
stim,111743,141864,0,141864,3339179.454,-0.757,-0.233,-0.077,-0.605,0,0,7,0,0,0,0,53,57,1.327,1,2171,0,383.398,7.134,115.875,365.438,-4.750,-0.258,0.074,0.867,1.875,6.883,-4.207,3.078,3.338,1.173,1.407,0,NULL,NULL,,3,0,2,7,255,1080,250,0,0
stim,111743,141864,0,141864,3339184.455,-0.759,-0.219,-0.068,-0.609,0,0,6,0,0,0,0,47,57,1.327,1,2171,0,388.089,6.313,129.063,366.000,0.375,-0.223,0.066,0.883,1.637,6.098,-3.613,3.124,3.386,1.173,1.407,0,NULL,NULL,,3,0,2,7,255,1080,250,0,0
stim,111777,141898,0,141898,3339189.454,-0.762,-0.205,-0.060,-0.612,0,0,0,0,0,0,0,48,57,1.327,1,2171,0,391.966,5.866,142.375,365.188,2.125,-0.195,0.102,0.934,1.637,5.633,-3.137,3.170,3.434,1.173,1.407,0,NULL,NULL,,3,0,2,7,255,1080,250,0,0
stim,111777,141898,0,141898,3339194.455,-0.764,-0.190,-0.052,-0.615,0,0,0,0,0,0,0,61,57,1.327,1,2171,0,395.420,5.657,154.750,363.875,2.125,-0.086,0.039,0.906,1.715,5.391,-2.504,3.216,3.482,1.173,1.407,0,NULL,NULL,,3,0,2,7,255,1080,250,0,0
stim,111777,141898,0,141898,3339199.453,-0.766,-0.175,-0.045,-0.617,0,0,3,0,0,0,0,63,57,1.327,1,2171,0,399.398,4.500,174.750,358.813,15.313,-0.055,0.078,0.926,2.121,3.969,-2.035,3.258,3.526,1.173,1.407,0,NULL,NULL,,3,0,2,7,255,1080,250,0,0
stim,111777,141898,0,141898,3339204.455,-0.768,-0.158,-0.038,-0.619,0,0,0,0,0,0,0,67,57,1.327,1,2171,0,404.940,4.170,197.375,352.500,27.625,-0.055,0.145,1.004,2.121,3.590,-1.707,3.298,3.566,1.173,1.407,0,NULL,NULL,,3,0,2,7,255,1080,250,0,0
stim,111777,141898,0,141898,3339209.454,-0.771,-0.142,-0.032,-0.620,0,0,0,0,0,0,0,69,57,1.327,1,2171,0,409.478,4.544,214.938,346.250,39.813,-0.059,0.141,1.133,2.785,3.590,-1.027,3.332,3.604,1.173,1.407,0,NULL,NULL,,3,0,2,7,255,1080,250,0,0
stim,111777,141898,0,141898,3339214.455,-0.774,-0.125,-0.027,-0.620,0,0,0,0,0,0,0,64,57,1.327,1,2171,0,412.245,4.645,225.875,341.250,49.750,-0.109,0.145,1.262,2.824,3.688,0.348,3.364,3.636,1.173,1.407,0,NULL,NULL,,3,0,2,7,255,1080,250,0,0
stim,111800,141921,0,141921,3339219.454,-0.777,-0.108,-0.021,-0.620,0,0,0,0,0,0,0,60,57,1.327,1,2171,0,415.914,4.986,239.063,336.250,52.625,-0.176,0.164,1.434,2.852,4.090,1.609,3.392,3.666,1.173,1.407,0,NULL,NULL,,3,0,2,7,255,1080,250,0,0
stim,111800,141921,0,141921,3339224.455,-0.779,-0.091,-0.017,-0.620,0,0,0,0,0,0,0,62,57,1.327,1,2171,0,415.878,5.552,244.813,332.438,50.063,-0.227,0.180,1.633,2.906,4.730,3.273,3.416,3.694,1.173,1.407,0,NULL,NULL,,3,0,2,7,255,1080,250,0,0
stim,111800,141921,0,141921,3339229.453,-0.781,-0.073,-0.012,-0.620,0,0,0,0,0,0,0,69,57,1.327,1,2171,0,410.696,5.907,240.125,329.625,48.563,-0.273,0.191,1.820,2.965,5.109,5.289,3.442,3.720,1.173,1.407,0,NULL,NULL,,3,0,2,7,255,1080,250,0,0
stim,111800,141921,0,141921,3339234.455,-0.783,-0.057,-0.007,-0.620,0,0,1,0,0,0,0,70,57,1.327,1,2171,0,401.775,6.108,229.563,326.500,46.063,-0.320,0.199,1.977,2.965,5.340,7.223,3.464,3.746,1.173,1.407,0,NULL,NULL,,3,0,2,7,255,1080,250,0,0
stim,111800,141921,0,141921,3339239.454,-0.784,-0.041,-0.001,-0.619,0,0,10,0,0,0,0,71,57,1.327,1,2171,0,390.069,6.043,215.000,323.000,40.000,-0.359,0.207,2.105,2.828,5.340,8.914,3.488,3.770,1.173,1.407,0,NULL,NULL,,3,0,2,7,255,1080,250,0,0
stim,111800,141921,0,141921,3339244.455,-0.785,-0.025,0.004,-0.619,0,0,7,0,0,0,0,67,57,1.327,1,2171,0,376.133,5.952,196.750,318.938,32.313,-0.367,0.176,2.168,2.699,5.305,10.328,3.514,3.798,1.173,1.407,0,NULL,NULL,,3,0,2,7,255,1080,250,0,0
stim,111800,141921,0,141921,3339249.453,-0.785,-0.010,0.010,-0.619,0,0,8,0,0,0,0,68,57,1.327,1,2171,0,363.550,5.194,179.750,315.063,24.375,-0.359,0.090,2.156,2.180,4.715,11.152,3.538,3.824,1.173,1.407,0,NULL,NULL,,3,0,2,7,255,1080,250,0,0
stim,111800,141921,0,141921,3339254.455,-0.785,0.004,0.017,-0.619,0,0,11,0,0,0,0,71,57,1.327,1,2171,0,356.238,3.958,170.938,312.125,16.250,-0.344,-0.020,2.113,1.207,3.770,11.152,3.566,3.854,1.173,1.407,0,NULL,NULL,,3,0,2,7,255,1080,250,0,0
stim,111829,141950,0,141950,3339259.454,-0.785,0.018,0.023,-0.619,0,0,13,0,0,0,0,71,57,1.327,1,2171,0,354.911,2.742,171.750,310.500,7.313,-0.336,-0.117,2.082,-0.012,2.742,10.980,3.594,3.884,1.173,1.407,0,NULL,NULL,,3,0,2,7,255,1080,250,0,0
stim,111829,141950,0,141950,3339264.456,-0.784,0.033,0.029,-0.619,0,0,10,0,0,0,0,72,57,1.327,1,2171,0,357.634,2.119,177.875,310.250,-2.688,-0.316,-0.184,2.078,-1.078,1.824,10.777,3.622,3.914,1.173,1.407,0,NULL,NULL,,3,0,2,7,255,1080,250,0,0
stim,111829,141950,0,141950,3339269.454,-0.783,0.048,0.034,-0.620,0,0,11,0,0,0,0,73,57,1.327,1,2171,0,363.181,2.055,187.063,311.000,-13.688,-0.262,-0.238,2.078,-1.863,0.867,10.773,3.652,3.944,1.173,1.407,0,NULL,NULL,,3,0,2,7,255,1080,250,0,0
stim,111829,141950,0,141950,3339274.455,-0.781,0.063,0.040,-0.620,0,0,17,0,0,0,0,73,57,1.327,1,2171,0,372.742,2.473,202.125,312.250,-24.125,-0.180,-0.285,2.098,-2.445,-0.367,10.754,3.680,3.974,1.173,1.407,0,NULL,NULL,,3,0,2,7,255,1080,250,0,0
stim,111829,141950,0,141950,3339279.453,-0.778,0.078,0.045,-0.621,0,0,19,0,0,0,0,76,57,1.327,1,2171,0,385.036,3.450,221.500,313.125,-33.813,-0.059,-0.336,2.168,-2.891,-1.883,10.754,3.706,4.002,1.173,1.407,0,NULL,NULL,,3,0,2,7,255,1080,250,0,0
stim,111829,141950,0,141950,3339284.455,-0.775,0.095,0.049,-0.622,0,0,19,0,0,0,0,77,57,1.327,1,2171,0,397.530,4.855,241.500,312.875,-42.625,0.121,-0.297,2.277,-2.945,-3.859,11.109,3.730,4.028,1.173,1.407,0,NULL,NULL,,3,0,2,7,255,1080,250,0,0
stim,111882,142003,0,142003,3339289.453,-0.772,0.112,0.052,-0.624,0,0,17,0,0,0,0,79,57,1.327,1,2171,0,410.911,6.976,261.938,312.313,-51.938,0.336,-0.297,2.410,-2.945,-6.324,11.648,3.750,4.050,1.173,1.407,0,NULL,NULL,,3,0,2,7,255,1080,250,0,0
stim,111882,142003,0,142003,3339294.455,-0.768,0.130,0.055,-0.625,0,0,20,0,0,0,0,83,57,1.327,1,2171,0,423.292,9.722,280.750,311.188,-59.313,0.582,-0.379,2.586,-2.945,-9.266,12.195,3.766,4.068,1.173,1.407,0,NULL,NULL,,3,0,2,7,255,1080,250,0,0
stim,111882,142003,0,142003,3339299.454,-0.764,0.148,0.058,-0.626,0,0,13,0,0,0,0,85,57,1.327,1,2171,0,432.809,13.355,299.438,308.750,-48.313,0.887,-0.492,2.699,-3.672,-12.840,12.457,3.776,4.080,1.173,1.407,0,NULL,NULL,,3,0,2,7,255,1080,250,0,0
stim,111882,142003,0,142003,3339304.455,-0.759,0.166,0.060,-0.626,0,0,17,0,0,0,0,84,57,1.327,1,2171,0,437.008,17.297,310.125,305.500,-38.313,1.023,-0.352,2.906,-3.832,-16.867,12.828,3.780,4.088,1.173,1.407,0,NULL,NULL,,3,0,2,7,255,1080,250,0,0
stim,111882,142003,0,142003,3339309.454,-0.755,0.185,0.062,-0.626,0,0,17,0,0,0,0,77,57,1.327,1,2171,0,435.657,19.578,308.438,304.750,-42.313,1.191,-0.230,3.043,-3.832,-19.199,13.504,3.780,4.088,1.173,1.407,0,NULL,NULL,,3,0,2,7,255,1080,250,0,0
stim,111882,142003,0,142003,3339314.455,-0.750,0.203,0.064,-0.627,0,0,18,0,0,0,0,85,57,1.327,1,2171,0,433.482,21.928,304.438,304.750,-48.500,1.355,-0.184,3.180,-3.078,-21.711,13.719,3.766,4.078,1.173,1.407,0,NULL,NULL,,3,0,2,7,255,1080,250,0,0
stim,111882,142003,0,142003,3339319.453,-0.745,0.221,0.066,-0.627,0,0,19,0,0,0,0,77,57,1.327,1,2171,0,426.700,24.541,294.063,304.563,-53.313,1.473,-0.137,3.391,-3.078,-24.348,13.734,3.744,4.058,1.173,1.407,0,NULL,NULL,,3,0,2,7,255,1080,250,0,0
stim,111882,142003,0,142003,3339324.455,-0.739,0.237,0.070,-0.627,0,0,16,0,0,0,0,89,57,1.327,1,2171,0,408.669,27.051,267.563,302.500,-62.563,1.652,0.109,3.660,-3.078,-26.875,14.414,3.708,4.024,1.173,1.407,0,NULL,NULL,,3,0,2,7,255,1080,250,0,0
stim,111882,142003,0,142003,3339329.454,-0.733,0.252,0.074,-0.627,0,0,18,0,0,0,0,109,57,1.327,1,2171,0,373.714,30.065,207.188,300.375,-80.688,2.008,0.309,3.734,-1.645,-30.020,14.422,3.660,3.978,1.173,1.407,0,NULL,NULL,,3,0,2,7,255,1080,250,0,0
stim,111882,142003,0,142003,3339334.455,-0.728,0.264,0.081,-0.627,0,0,16,0,0,0,0,135,57,1.327,1,2171,0,331.403,33.973,130.313,293.813,-80.750,2.383,0.199,3.547,0.145,-33.973,14.422,3.598,3.918,1.173,1.407,0,NULL,NULL,,3,0,2,7,255,1080,250,0,0
stim,111909,142030,0,142030,3339339.453,-0.725,0.273,0.089,-0.626,0,0,9,0,0,0,0,159,57,1.327,1,2171,0,293.408,37.075,58.563,281.188,-59.938,2.703,0.008,3.102,0.145,-37.074,9.961,3.524,3.844,1.173,1.407,0,NULL,NULL,,3,0,2,7,255,1080,250,0,0
stim,111909,142030,0,142030,3339344.455,-0.722,0.280,0.098,-0.625,0,0,0,0,0,0,0,210,57,1.327,1,2171,0,268.104,37.571,9.250,264.875,-40.438,2.945,-0.156,2.512,-0.176,-37.570,3.344,3.438,3.760,1.173,1.407,0,NULL,NULL,,3,0,2,7,255,1080,250,0,0
stim,111909,142030,0,142030,3339349.453,-0.720,0.286,0.106,-0.623,0,0,0,0,0,0,0,252,57,1.327,1,2171,0,244.503,37.571,-10.563,242.813,-26.688,3.227,-0.289,1.941,-0.176,-37.570,-3.926,3.340,3.664,1.173,1.407,0,NULL,NULL,,3,0,2,7,255,1080,250,0,0
stim,111909,142030,0,142030,3339354.455,-0.719,0.292,0.114,-0.621,0,0,0,0,0,0,0,303,57,1.327,1,2171,0,217.887,37.442,-9.938,217.063,-16.125,3.621,-0.434,1.414,0.270,-37.441,-11.020,3.232,3.556,1.173,1.407,0,NULL,NULL,,3,0,2,7,255,1080,250,0,0
stim,111909,142030,0,142030,3339359.454,-0.718,0.297,0.119,-0.618,0,0,0,0,0,0,0,327,57,1.327,1,2171,0,188.626,37.442,6.813,188.500,1.125,4.031,-0.742,0.887,0.270,-37.441,-18.297,3.112,3.438,1.173,1.407,0,NULL,NULL,,3,0,2,7,255,1080,250,0,0
stim,111909,142030,0,142030,3339364.455,-0.717,0.303,0.123,-0.616,0,0,0,0,0,0,0,330,57,1.327,1,2171,0,179.625,37.443,59.688,165.563,35.938,4.230,-1.094,0.406,-0.383,-37.441,-25.996,2.978,3.306,1.173,1.407,0,NULL,NULL,,3,0,2,7,255,1080,250,0,0
stim,111933,142054,0,142054,3339369.453,-0.716,0.310,0.122,-0.613,0,0,0,0,0,0,0,331,57,1.327,1,2171,0,162.374,37.950,105.938,108.125,58.750,4.277,-1.906,0.609,-2.262,-37.883,-32.246,2.834,3.162,1.173,1.407,0,NULL,NULL,,3,0,2,7,255,1080,250,0,0
stim,111933,142054,0,142054,3339374.455,-0.717,0.317,0.120,-0.609,0,0,0,0,0,0,0,326,57,1.327,1,2171,0,199.647,39.892,138.625,82.500,117.625,4.414,-2.352,0.719,-9.914,-38.641,-33.461,2.680,3.008,1.173,1.407,0,NULL,NULL,,3,0,2,7,255,1080,250,0,0
stim,111933,142054,0,142054,3339379.453,-0.718,0.328,0.112,-0.603,0,0,12,0,0,0,0,303,57,1.327,1,2171,0,326.397,40.926,254.438,49.438,198.375,4.008,-2.656,0.566,-13.484,-38.641,-35.090,2.520,2.848,1.173,1.407,0,NULL,NULL,,3,0,2,7,255,1080,250,0,0
stim,111933,142054,0,142054,3339384.455,-0.718,0.341,0.100,-0.599,0,0,13,0,0,0,0,295,57,1.327,1,2171,0,434.050,38.959,386.438,12.563,197.250,3.051,-1.863,1.586,-13.484,-36.551,-35.090,2.356,2.684,1.173,1.407,0,NULL,NULL,,3,0,2,7,255,1080,250,0,0
stim,111980,142101,0,142101,3339389.454,-0.716,0.353,0.087,-0.596,0,0,19,0,1,0,0,295,57,1.327,1,2171,0,418.968,38.786,394.375,-26.438,138.938,2.594,-0.832,3.223,-12.977,-36.551,-20.883,2.188,2.514,1.173,1.407,0,NULL,NULL,,3,0,2,7,255,1080,250,0,0
stim,111980,142101,0,142101,3339394.455,-0.714,0.359,0.077,-0.596,0,0,10,0,0,0,0,296,57,1.327,1,2171,0,252.530,40.902,232.250,-68.500,71.688,2.367,-0.156,4.367,-9.125,-39.871,-3.184,2.016,2.338,1.173,1.407,0,NULL,NULL,,3,0,2,7,255,1080,250,0,0
stim,111980,142101,0,142101,3339399.453,-0.715,0.360,0.072,-0.595,0,0,0,0,0,0,0,405,57,1.327,1,2171,0,123.520,42.602,73.313,-81.750,56.563,2.383,-0.523,3.848,-9.125,-41.613,3.742,1.840,2.158,1.173,1.407,0,NULL,NULL,,3,0,2,7,255,1080,250,0,0
stim,111980,142101,0,142101,3339404.455,-0.717,0.362,0.058,-0.593,249,0,0,543,0,31,0,554,57,1.327,1,2171,0,342.149,42.662,212.938,-184.563,194.063,0.340,-0.789,5.199,-9.402,-41.613,8.840,1.656,1.970,1.173,1.407,0,NULL,NULL,,3,0,2,7,255,1080,250,0,0
stim,111980,142101,0,142101,3339409.454,-0.726,0.366,0.035,-0.582,953,0,0,1300,0,238,0,583,57,1.327,1,2171,0,624.283,44.398,284.313,-268.500,486.625,0.352,1.492,8.621,-15.477,-41.613,23.121,1.470,1.780,1.173,1.407,0,NULL,NULL,,3,0,2,7,255,1080,250,0,0
stim,111980,142101,0,142101,3339414.455,-0.750,0.336,0.046,-0.568,1607,0,0,1787,0,540,0,629,57,1.327,1,2171,0,965.262,36.530,-856.750,-111.750,430.375,-0.824,2.871,4.402,-15.477,-33.090,39.672,1.284,1.588,1.173,1.407,0,NULL,NULL,,3,0,2,7,255,1080,250,0,0
stim,111980,142101,0,142101,3339419.454,-0.773,0.295,0.065,-0.558,2059,0,0,1973,0,765,0,693,58,1.327,1,2172,0,1197.296,16.491,-1151.750,-176.813,275.188,-1.574,4.438,-0.535,9.871,-13.211,39.672,1.100,1.396,1.173,1.407,1,1050.000,-30.000,,3,0,2,7,255,1080,250,0,0
stim,111980,142101,0,142101,3339424.455,-0.786,0.270,0.077,-0.551,2293,0,0,2135,0,954,0,768,58,1.327,1,2172,0,711.597,32.977,-687.313,-96.250,157.188,-2.438,3.008,-2.617,21.555,24.957,8.031,0.918,1.202,1.173,1.407,1,NULL,NULL,,3,0,2,7,255,1080,250,0,0
stim,111980,142101,0,142101,3339429.453,-0.789,0.257,0.079,-0.552,2461,0,0,2236,0,1182,0,851,58,1.327,1,2172,0,313.652,32.977,-285.000,-130.250,-13.688,-1.535,0.531,-1.320,21.555,24.957,-12.457,0.740,1.006,1.173,1.407,1,NULL,NULL,,3,0,2,7,255,1080,250,0,0
stim,111980,142101,0,142101,3339434.455,-0.789,0.252,0.077,-0.555,2571,0,0,2328,0,1329,0,942,58,1.327,1,2172,0,139.032,20.209,-59.563,-118.813,-40.813,-0.023,0.305,0.863,1.461,20.156,-12.457,0.574,0.806,1.173,1.407,1,NULL,NULL,,3,0,2,7,255,1080,250,0,0
stim,112021,142142,0,142142,3339439.453,-0.792,0.247,0.074,-0.553,2711,0,0,2520,0,1483,0,1031,58,1.327,1,2172,0,153.537,3.400,-64.188,-115.500,78.188,0.410,2.176,1.379,1.461,-3.070,-1.516,0.436,0.612,1.173,1.407,1,NULL,NULL,,3,0,2,7,255,1080,250,0,0
stim,112021,142142,0,142142,3339444.455,-0.798,0.240,0.072,-0.548,2839,0,0,2693,0,1553,0,1107,58,1.327,1,2172,0,236.871,14.936,-143.563,-115.875,148.563,-0.469,2.074,1.773,14.617,-3.070,6.496,0.366,0.458,1.173,1.407,2,NULL,NULL,,3,0,2,7,255,1080,250,0,0
stim,112021,142142,0,142142,3339449.454,-0.806,0.225,0.072,-0.542,2937,0,0,2823,0,1581,0,1239,58,1.327,1,2172,0,412.528,14.752,-331.688,-161.625,184.500,-2.234,-0.590,1.195,14.617,1.992,7.105,0.376,0.382,1.173,1.407,2,NULL,NULL,,3,0,2,7,255,1080,250,0,0
stim,112021,142142,0,142142,3339454.455,-0.811,0.207,0.076,-0.542,2999,0,0,2933,0,1610,0,1364,58,1.327,1,2172,0,446.474,19.119,-415.438,-163.250,-10.000,-2.238,-1.488,-0.113,-15.320,11.438,7.105,0.420,0.394,1.173,1.407,2,NULL,NULL,,3,0,2,7,255,1080,250,0,0
stim,112021,142142,0,142142,3339459.454,-0.809,0.194,0.076,-0.549,3041,0,0,2996,0,1620,0,1465,58,1.327,1,2172,0,330.364,19.119,-218.938,-175.313,-174.563,-0.996,-1.207,-0.703,-15.320,11.438,-6.445,0.456,0.442,1.173,1.407,2,NULL,NULL,,3,0,2,7,255,1080,250,0,0
stim,112021,142142,0,142142,3339464.455,-0.805,0.189,0.072,-0.558,3064,0,0,3055,0,1621,0,1543,58,1.327,1,2172,0,269.343,15.964,2.375,-167.625,-210.813,0.336,-0.875,0.473,-14.320,7.055,-8.301,0.474,0.482,1.173,1.407,2,NULL,NULL,,3,0,2,7,255,1080,250,0,0
stim,112039,142160,0,142160,3339469.453,-0.802,0.187,0.067,-0.564,3092,0,0,3113,0,1651,0,1553,58,1.327,1,2172,0,199.750,11.287,45.500,-141.625,-133.313,1.207,-1.230,1.953,-8.531,-7.391,-8.301,0.492,0.508,1.173,1.407,2,NULL,NULL,,3,0,2,7,255,1080,250,0,0
stim,112039,142160,0,142160,3339474.455,-0.802,0.182,0.064,-0.565,3117,0,0,3145,0,1695,0,1517,58,1.327,1,2172,0,141.809,22.822,-58.000,-128.938,-11.000,1.496,-1.543,2.211,-8.531,-21.168,1.813,0.524,0.540,1.173,1.407,2,NULL,NULL,,3,0,2,7,255,1080,250,0,0
stim,112039,142160,0,142160,3339479.454,-0.808,0.172,0.063,-0.560,3117,0,0,3175,0,1770,0,1501,58,1.327,1,2172,0,271.955,23.671,-191.250,-121.688,150.250,1.105,-1.684,1.668,-10.594,-21.168,1.813,0.536,0.558,1.173,1.407,2,NULL,NULL,,3,0,2,7,255,1080,250,0,0
stim,112039,142160,0,142160,3339484.455,-0.816,0.163,0.063,-0.551,3141,0,0,3195,0,1867,0,1514,58,1.327,1,2172,0,364.944,23.514,-223.375,-113.125,265.500,-0.020,-1.215,0.590,-11.406,-20.563,-0.621,0.510,0.554,1.173,1.407,2,NULL,NULL,,3,0,2,7,255,1080,250,0,0
stim,112076,142197,0,142197,3339489.453,-0.823,0.154,0.061,-0.542,3149,0,0,3213,0,1976,0,1579,58,1.327,1,2172,0,314.189,12.872,-172.813,-122.938,231.813,-1.520,-0.359,0.461,-11.406,-5.965,-2.063,0.464,0.542,1.173,1.407,2,NULL,NULL,,3,0,2,7,255,1080,250,0,0
stim,112076,142197,0,142197,3339494.455,-0.826,0.148,0.058,-0.541,3143,0,0,3219,0,2085,0,1663,58,1.327,1,2172,0,183.935,13.984,-104.063,-139.375,59.813,-1.328,0.527,0.336,-9.496,10.266,-2.551,0.418,0.520,1.173,1.407,2,NULL,NULL,,3,0,2,7,255,1080,250,0,0
stim,112076,142197,0,142197,3339499.453,-0.826,0.143,0.054,-0.542,3150,0,0,3223,0,2181,0,1737,58,1.327,1,2172,0,155.211,10.298,-40.188,-149.000,-16.563,-0.438,0.625,1.016,-0.816,10.266,-2.063,0.374,0.482,1.173,1.407,2,NULL,NULL,,3,0,2,7,255,1080,250,0,0
stim,112076,142197,0,142197,3339504.455,-0.826,0.136,0.051,-0.544,3147,0,0,3229,0,2263,21,1847,58,1.327,1,2172,0,169.176,3.265,-77.125,-143.750,-44.813,-0.281,0.246,1.590,0.449,3.234,1.668,0.340,0.424,1.173,1.407,2,NULL,NULL,,3,0,2,7,255,1080,250,0,0
stim,112099,142220,0,142220,3339509.454,-0.827,0.128,0.049,-0.546,3147,0,0,3228,105,2329,106,1978,58,1.327,1,2172,0,189.382,1.008,-130.625,-131.625,-38.438,0.152,-0.188,1.203,0.449,-0.902,1.668,0.312,0.354,1.173,1.407,2,NULL,NULL,,3,0,2,7,255,1080,250,0,0
stim,112099,142220,0,142220,3339514.455,-0.827,0.122,0.048,-0.547,3145,0,0,3232,346,2391,227,2117,58,1.327,1,2172,0,157.161,5.315,-108.313,-110.188,-28.750,0.293,-0.637,1.492,-1.543,-5.086,3.035,0.294,0.290,1.173,1.407,2,NULL,NULL,,3,0,2,7,255,1080,250,0,0
stim,112099,142220,0,142220,3339519.453,-0.826,0.118,0.048,-0.549,3140,0,0,3224,645,2421,243,2193,58,1.327,1,2172,0,92.493,9.081,-58.438,-55.813,-45.000,0.699,-0.602,1.051,-3.059,-8.551,1.020,0.282,0.242,1.173,1.407,2,NULL,NULL,,3,0,2,7,255,1080,250,0,0
stim,112099,142220,0,142220,3339524.455,-0.826,0.117,0.045,-0.549,3135,0,0,3224,855,2441,253,2237,58,1.327,1,2172,0,58.427,9.081,7.188,-57.938,-2.313,0.777,0.266,0.992,-3.059,-8.551,-1.602,0.270,0.218,1.173,1.407,2,NULL,NULL,,3,0,2,7,255,1080,250,0,0
stim,112099,142220,0,142220,3339529.453,-0.826,0.116,0.044,-0.550,3145,0,0,3227,1042,2469,275,2302,58,1.327,1,2172,0,41.694,8.711,0.313,-40.250,-10.875,-0.035,0.418,1.906,3.039,-8.164,-1.602,0.258,0.214,1.173,1.407,2,NULL,NULL,,3,0,2,7,255,1080,250,0,0
stim,112099,142220,0,142220,3339534.455,-0.826,0.112,0.045,-0.551,3133,21,0,3231,1135,2476,283,2343,58,1.327,1,2172,0,99.395,3.943,-92.875,-23.125,-26.813,-0.031,0.070,1.176,3.039,-2.512,1.570,0.250,0.214,1.173,1.407,2,NULL,NULL,,3,0,2,7,255,1080,250,0,0
stim,112099,142220,0,142220,3339539.454,-0.826,0.108,0.046,-0.551,3131,26,0,3223,1247,2489,283,2387,58,1.327,1,2172,0,85.216,2.109,-80.563,-21.313,-17.813,-0.199,-0.176,0.699,0.180,-2.102,1.570,0.252,0.208,1.173,1.407,2,NULL,NULL,,3,0,2,7,255,1080,250,0,0
stim,112099,142220,0,142220,3339544.455,-0.825,0.107,0.046,-0.553,3141,43,0,3229,1307,2503,309,2412,58,1.327,1,2172,0,56.825,1.867,-23.188,-19.375,-48.125,-0.211,-0.090,0.836,-1.816,-0.434,-1.500,0.262,0.194,1.173,1.407,2,NULL,NULL,,3,0,2,7,255,1080,250,0,0
stim,112099,142220,0,142220,3339549.454,-0.824,0.106,0.046,-0.555,3127,53,0,3220,1399,2505,339,2445,58,1.327,1,2172,0,63.537,1.867,6.125,-16.688,-61.000,0.043,0.172,1.059,-1.816,-0.434,-1.500,0.286,0.168,1.173,1.407,2,NULL,NULL,,3,0,2,7,255,1080,250,0,0
stim,112099,142220,0,142220,3339554.455,-0.823,0.105,0.046,-0.557,3129,85,0,3215,1479,2516,350,2463,58,1.327,1,2172,0,50.070,2.396,-19.063,-11.875,-44.750,0.109,0.117,1.254,1.219,-2.063,0.383,0.314,0.142,1.173,1.407,2,NULL,NULL,,3,0,2,7,255,1080,250,0,0
stim,112099,142220,0,142220,3339559.454,-0.822,0.103,0.047,-0.558,3135,110,0,3227,1530,2533,350,2477,58,1.327,1,2172,0,62.352,2.473,-56.438,-8.625,-25.063,-0.031,-0.027,1.102,1.219,-2.152,0.777,0.338,0.118,1.173,1.407,2,NULL,NULL,,3,0,2,7,255,1080,250,0,0
stim,112129,142250,0,142250,3339564.455,-0.822,0.100,0.048,-0.559,3131,121,0,3211,1577,2541,343,2501,58,1.327,1,2172,0,62.370,2.224,-55.375,-6.563,-27.938,-0.176,-0.008,0.863,-0.559,-2.152,0.777,0.356,0.100,1.173,1.407,2,NULL,NULL,,3,0,2,7,255,1080,250,0,0
stim,112129,142250,0,142250,3339569.454,-0.821,0.099,0.049,-0.560,3135,133,0,3209,1621,2538,345,2507,58,1.327,1,2172,0,50.993,0.634,-26.313,-6.938,-43.125,-0.160,0.086,0.871,-0.559,-0.301,-1.105,0.370,0.086,1.173,1.407,2,NULL,NULL,,3,0,2,7,255,1080,250,0,0
stim,112129,142250,0,142250,3339574.455,-0.820,0.098,0.049,-0.562,3131,149,0,3212,1653,2550,347,2513,58,1.327,1,2172,0,51.103,0.320,-11.438,-7.000,-49.313,-0.043,0.086,1.031,0.109,-0.301,-1.105,0.382,0.074,1.173,1.407,2,NULL,NULL,,3,0,2,7,255,1080,250,0,0
stim,112129,142250,1,142250,3339579.454,-0.819,0.097,0.049,-0.563,3123,149,0,3211,1691,2547,348,2517,58,1.327,1,2172,0,41.614,1.488,-18.125,-5.438,-37.063,0.043,0.031,1.102,0.336,-1.449,0.219,0.394,0.064,1.173,1.407,2,NULL,NULL,,3,1,2,7,255,1080,250,0,0
stim,112129,142250,1,142250,3339584.455,-0.819,0.096,0.049,-0.564,3119,168,13,3205,1715,2551,351,2519,58,1.327,1,2172,0,32.766,2.229,-25.563,-2.750,-20.313,0.016,0.016,1.035,0.336,-2.203,0.219,0.404,0.054,1.173,1.407,2,NULL,NULL,,3,1,2,7,255,1080,250,0,0
stim,112129,142250,1,142250,3339589.453,-0.819,0.095,0.050,-0.564,3119,175,27,3199,1733,2541,355,2515,58,1.327,1,2172,0,24.125,2.206,-20.875,-0.875,-12.063,-0.074,0.039,0.980,0.105,-2.203,0.090,0.416,0.046,1.173,1.407,2,NULL,NULL,,3,1,2,7,255,1080,250,0,0
stim,112182,142303,1,142303,3339594.455,-0.818,0.094,0.050,-0.565,3116,183,25,3196,1746,2541,353,2515,58,1.327,1,2172,0,18.592,1.188,-12.375,0.063,-13.875,-0.141,0.063,1.012,0.043,-1.188,0.090,0.424,0.040,1.173,1.407,2,NULL,NULL,,3,1,2,7,255,1080,250,0,0
stim,112182,142303,1,142303,3339599.453,-0.818,0.094,0.050,-0.565,3113,181,45,3193,1753,2539,347,2514,58,1.327,1,2172,0,20.465,0.599,-8.875,0.313,-18.438,-0.141,0.090,1.051,0.043,-0.598,0.207,0.432,0.034,1.173,1.407,2,NULL,NULL,,3,1,2,7,255,1080,250,0,0
stim,112182,142303,1,142303,3339604.455,-0.817,0.094,0.050,-0.566,3107,179,63,3189,1765,2537,331,2511,58,1.374,1,2172,1,19.777,0.666,-10.000,0.063,-17.063,-0.109,0.094,1.055,0.293,-0.598,0.570,0.000,0.000,1.163,1.408,2,NULL,NULL,,3,1,2,7,255,1080,250,0,0
stim,112182,142303,1,142303,3339609.454,-0.817,0.093,0.051,-0.566,3101,179,111,3183,1781,2535,329,2511,58,1.374,1,2172,1,16.511,0.780,-12.063,-0.750,-11.250,-0.125,0.070,1.035,0.293,-0.723,0.570,0.004,0.002,1.163,1.408,2,NULL,NULL,,3,1,2,7,255,1080,250,0,0
stim,112182,142303,1,142303,3339614.455,-0.817,0.093,0.051,-0.567,3096,179,122,3179,1786,2532,326,2511,58,1.374,1,2172,1,15.148,0.750,-12.250,-1.688,-8.750,-0.164,0.059,1.008,0.199,-0.723,0.395,0.008,0.004,1.163,1.408,2,NULL,NULL,,3,1,2,7,255,1080,250,0,0
stim,112182,142303,1,142303,3339619.453,-0.817,0.092,0.051,-0.567,3087,172,154,3173,1810,2530,319,2513,58,1.374,1,2172,1,14.639,0.352,-8.875,-2.750,-11.313,-0.176,0.066,0.988,-0.016,-0.352,0.195,0.012,0.004,1.163,1.408,2,NULL,NULL,,3,1,2,7,255,1080,250,0,0
stim,112182,142303,1,142303,3339624.455,-0.817,0.092,0.051,-0.568,3078,167,165,3163,1821,2524,325,2515,58,1.374,1,2172,1,14.380,0.352,-4.938,-3.875,-12.938,-0.156,0.066,0.992,-0.016,-0.352,0.039,0.014,0.006,1.163,1.408,2,NULL,NULL,,3,1,2,7,255,1080,250,0,0
stim,112182,142303,1,142303,3339629.453,-0.816,0.092,0.051,-0.568,3061,158,170,3155,1839,2520,319,2523,58,1.374,1,2172,1,11.556,0.376,-3.750,-5.063,-9.688,-0.156,0.063,1.000,0.027,-0.375,0.039,0.016,0.006,1.163,1.408,2,NULL,NULL,,3,1,2,7,255,1080,250,0,0
stim,112182,142303,1,142303,3339634.455,-0.816,0.091,0.051,-0.568,3047,151,191,3143,1853,2516,327,2521,58,1.374,1,2172,1,12.055,0.376,-6.000,-6.000,-8.563,-0.188,0.043,0.996,0.027,-0.375,0.133,0.018,0.006,1.163,1.408,2,NULL,NULL,,3,1,2,7,255,1080,250,0,0
stim,112182,142303,1,142303,3339639.454,-0.816,0.091,0.051,-0.569,3033,151,237,3123,1880,2506,327,2515,58,1.374,1,2172,1,15.947,0.277,-6.438,-7.313,-12.625,-0.203,0.027,0.961,-0.238,-0.141,0.133,0.020,0.006,1.163,1.408,2,NULL,NULL,,3,1,2,7,255,1080,250,0,0
stim,112206,142327,1,142327,3339644.455,-0.816,0.090,0.051,-0.569,3021,149,275,3113,1898,2509,326,2525,58,1.374,1,2172,1,16.475,0.305,-2.188,-9.000,-13.625,-0.191,0.039,0.941,-0.305,-0.008,-0.195,0.022,0.006,1.163,1.408,2,NULL,NULL,,3,1,2,7,255,1080,250,0,0
stim,112206,142327,1,142327,3339649.453,-0.815,0.090,0.050,-0.570,3001,149,298,3099,1927,2503,331,2534,58,1.374,1,2172,1,19.827,0.305,1.000,-10.563,-16.750,-0.180,0.031,0.969,-0.305,-0.008,-0.195,0.022,0.008,1.163,1.408,2,NULL,NULL,,3,1,2,7,255,1080,250,0,0
stim,112226,142347,1,142347,3339654.455,-0.815,0.090,0.050,-0.570,2983,147,331,3081,1961,2501,332,2537,58,1.374,1,2172,1,18.319,0.308,1.813,-11.750,-13.938,-0.180,0.078,0.984,-0.305,-0.043,-0.152,0.024,0.008,1.163,1.408,2,NULL,NULL,,3,1,2,7,255,1080,250,0,0
stim,112226,142347,1,142347,3339659.454,-0.815,0.089,0.049,-0.571,2964,143,402,3059,1983,2495,344,2539,58,1.374,1,2172,1,22.606,0.147,1.188,-12.938,-18.500,-0.168,0.094,0.996,0.098,-0.109,0.039,0.024,0.008,1.163,1.408,2,NULL,NULL,,3,1,2,7,255,1080,250,0,0
stim,112226,142347,1,142347,3339664.455,-0.814,0.089,0.049,-0.572,2941,145,443,3043,2009,2492,371,2555,58,1.374,1,2172,1,20.833,0.262,0.188,-13.563,-15.813,-0.164,0.086,0.988,0.238,-0.109,0.039,0.026,0.008,1.163,1.408,2,NULL,NULL,,3,1,2,7,255,1080,250,0,0
stim,112226,142347,1,142347,3339669.454,-0.814,0.089,0.048,-0.572,2911,148,526,3015,2043,2490,377,2577,58,1.374,1,2172,1,24.218,0.264,-0.500,-14.438,-19.438,-0.172,0.070,0.988,0.238,-0.113,0.063,0.026,0.008,1.163,1.408,2,NULL,NULL,,3,1,2,7,255,1080,250,0,0
stim,112226,142347,1,142347,3339674.455,-0.813,0.088,0.048,-0.573,2891,143,635,2997,2077,2493,414,2590,58,1.374,1,2172,1,25.169,0.264,-0.250,-16.063,-19.375,-0.164,0.094,0.980,0.238,-0.113,0.031,0.028,0.010,1.163,1.408,2,NULL,NULL,,3,1,2,7,255,1080,250,0,0
stim,112226,142347,1,142347,3339679.453,-0.813,0.088,0.047,-0.574,2863,163,683,2973,2133,2491,430,2603,58,1.374,1,2172,1,26.471,0.308,0.938,-16.250,-20.875,-0.160,0.109,0.977,0.297,-0.082,-0.023,0.028,0.010,1.163,1.408,2,NULL,NULL,,3,1,2,7,255,1080,250,0,0
stim,112248,142369,1,142369,3339684.455,-0.812,0.087,0.047,-0.575,2829,166,760,2953,2185,2494,448,2616,58,1.374,1,2172,1,28.593,0.472,1.688,-17.563,-22.500,-0.145,0.137,1.004,0.465,-0.082,-0.023,0.028,0.012,1.163,1.408,2,NULL,NULL,,3,1,2,7,255,1080,250,0,0
stim,112248,142369,1,142369,3339689.453,-0.812,0.087,0.046,-0.576,2798,167,831,2920,2245,2491,517,2636,58,1.374,1,2172,1,28.982,0.733,2.938,-18.563,-22.063,-0.141,0.184,1.020,0.730,-0.059,0.195,0.028,0.014,1.163,1.408,2,NULL,NULL,,3,1,2,7,255,1080,250,0,0
stim,112279,142400,1,142400,3339694.455,-0.811,0.087,0.045,-0.576,2765,175,939,2893,2291,2493,591,2649,58,1.374,1,2172,1,29.947,1.180,0.625,-18.313,-23.688,-0.160,0.203,1.023,1.180,-0.031,0.355,0.030,0.018,1.163,1.408,2,NULL,NULL,,3,1,2,7,255,1080,250,0,0
stim,112279,142400,1,142400,3339699.454,-0.811,0.086,0.044,-0.577,2727,185,1064,2871,2331,2495,711,2663,58,1.374,1,2172,1,32.403,1.194,-5.688,-19.250,-25.438,-0.172,0.188,1.031,1.180,0.188,0.434,0.030,0.020,1.163,1.408,2,NULL,NULL,,3,1,2,7,255,1080,250,0,0
stim,112279,142400,1,142400,3339704.455,-0.810,0.085,0.044,-0.578,2679,207,1175,2842,2379,2503,822,2679,58,1.374,1,2172,1,36.417,1.120,-9.625,-19.813,-29.000,-0.168,0.172,1.020,1.098,0.223,0.434,0.030,0.026,1.163,1.408,2,NULL,NULL,,3,1,2,7,255,1080,250,0,0
stim,112279,142400,1,142400,3339709.454,-0.809,0.084,0.044,-0.580,2617,215,1273,2821,2424,2504,935,2697,58,1.374,1,2172,1,42.232,1.120,-12.438,-20.313,-34.875,-0.164,0.180,1.023,1.098,0.223,0.438,0.032,0.030,1.163,1.408,2,NULL,NULL,,3,1,2,7,255,1080,250,0,0
stim,112279,142400,1,142400,3339714.455,-0.808,0.083,0.043,-0.581,2555,235,1395,2793,2469,2507,1061,2709,58,1.374,1,2172,1,48.786,1.013,-15.250,-19.313,-42.125,-0.152,0.156,1.027,0.992,0.203,0.426,0.036,0.036,1.163,1.408,2,NULL,NULL,,3,1,2,7,255,1080,250,0,0
stim,112279,142400,1,142400,3339719.453,-0.807,0.082,0.043,-0.583,2492,240,1519,2771,2508,2509,1178,2725,58,1.374,1,2172,1,54.958,0.892,-20.688,-19.125,-47.188,-0.121,0.105,1.020,0.891,0.051,0.426,0.040,0.040,1.163,1.408,2,NULL,NULL,,3,1,2,7,255,1080,250,0,0
stim,112279,142400,1,142400,3339724.455,-0.806,0.080,0.043,-0.585,2431,249,1655,2739,2543,2511,1276,2740,58,1.374,1,2172,1,58.281,0.690,-25.000,-18.438,-49.313,-0.121,0.066,1.012,0.574,-0.383,0.289,0.044,0.046,1.163,1.408,2,NULL,NULL,,3,1,2,7,255,1080,250,0,0
stim,112279,142400,1,142400,3339729.454,-0.805,0.079,0.043,-0.586,2373,247,1783,2708,2588,2511,1389,2747,58,1.374,1,2172,1,61.602,0.444,-29.875,-18.250,-50.688,-0.141,0.027,1.023,0.211,-0.391,0.289,0.048,0.052,1.163,1.408,2,NULL,NULL,,3,1,2,7,255,1080,250,0,0
stim,112279,142400,1,142400,3339734.455,-0.804,0.077,0.044,-0.588,2285,245,1898,2683,2619,2515,1511,2771,58,1.374,1,2172,1,67.769,0.440,-38.313,-18.500,-52.750,-0.172,0.012,1.059,-0.203,-0.391,0.316,0.050,0.056,1.163,1.408,2,NULL,NULL,,3,1,2,7,255,1080,250,0,0
stim,112279,142400,1,142400,3339739.453,-0.803,0.074,0.045,-0.590,2204,251,2012,2647,2655,2517,1617,2780,58,1.374,1,2172,1,83.385,0.427,-53.813,-18.750,-60.875,-0.203,-0.004,1.102,-0.391,-0.172,0.695,0.054,0.060,1.163,1.408,2,NULL,NULL,,3,1,2,7,255,1080,250,0,0
stim,112309,142430,1,142430,3339744.455,-0.801,0.071,0.046,-0.593,2123,263,2136,2605,2686,2517,1728,2795,58,1.374,1,2172,1,103.079,0.483,-72.500,-19.063,-70.750,-0.180,-0.008,1.082,-0.469,-0.117,0.938,0.056,0.062,1.163,1.408,2,NULL,NULL,,3,1,2,7,255,1080,250,0,0
stim,112309,142430,1,142430,3339749.453,-0.799,0.067,0.048,-0.595,2027,265,2248,2555,2716,2519,1821,2808,58,1.374,1,2172,1,112.261,0.483,-80.688,-19.313,-75.625,-0.113,0.008,0.965,-0.469,-0.117,0.938,0.056,0.064,1.163,1.408,2,NULL,NULL,,3,1,2,7,255,1080,250,0,0
stim,112309,142430,1,142430,3339754.455,-0.798,0.064,0.049,-0.598,1913,264,2331,2504,2741,2517,1927,2823,58,1.374,1,2172,0,104.125,0.470,-73.750,-20.375,-70.625,-0.051,0.008,0.902,-0.070,-0.465,-0.316,0.056,0.064,1.163,1.408,2,NULL,NULL,,3,1,2,7,255,1080,250,0,0
stim,112309,142430,1,142430,3339759.454,-0.796,0.061,0.050,-0.600,1815,266,2413,2455,2761,2517,2019,2835,58,1.374,1,2172,0,92.409,0.917,-64.250,-22.125,-62.625,-0.066,-0.047,0.934,-0.070,-0.914,-0.688,0.054,0.064,1.163,1.408,2,NULL,NULL,,3,1,2,7,255,1080,250,0,0
stim,112309,142430,1,142430,3339764.455,-0.795,0.058,0.051,-0.601,1682,253,2493,2379,2781,2517,2094,2840,58,1.374,1,2172,0,81.613,0.995,-59.250,-21.875,-51.688,-0.070,-0.117,0.969,-0.375,-0.922,-0.688,0.054,0.062,1.163,1.408,2,NULL,NULL,,3,1,2,7,255,1080,250,0,0
stim,112309,142430,1,142430,3339769.453,-0.794,0.055,0.052,-0.603,1541,247,2548,2284,2807,2519,2175,2860,58,1.374,1,2172,0,78.509,1.349,-51.563,-23.563,-54.313,-0.199,-0.117,0.906,-0.984,-0.922,-0.688,0.052,0.062,1.163,1.408,2,NULL,NULL,,3,1,2,7,255,1080,250,0,0
stim,112341,142462,1,142462,3339774.455,-0.793,0.053,0.052,-0.605,1389,243,2595,2207,2833,2513,2251,2871,58,1.374,1,2172,0,75.769,1.528,-39.438,-26.125,-59.188,-0.105,-0.164,0.961,-1.301,-0.801,-0.328,0.052,0.060,1.163,1.408,2,NULL,NULL,,3,1,2,7,255,1080,250,0,0
stim,112341,142462,1,142462,3339779.453,-0.791,0.050,0.052,-0.607,1197,239,2634,2117,2847,2511,2319,2885,58,1.374,1,2172,0,69.261,1.528,-34.688,-28.250,-52.875,-0.082,-0.074,1.008,-1.301,-0.801,-0.309,0.052,0.060,1.163,1.408,2,NULL,NULL,,3,1,2,7,255,1080,250,0,0
stim,112341,142462,1,142462,3339784.455,-0.790,0.048,0.052,-0.609,1067,228,2680,1992,2863,2505,2375,2891,58,1.374,1,2172,0,64.056,0.936,-32.875,-28.313,-47.125,-0.074,0.055,1.047,-0.484,-0.801,0.090,0.050,0.056,1.163,1.408,2,NULL,NULL,,3,1,2,7,255,1080,250,0,0
stim,112341,142462,1,142462,3339789.454,-0.789,0.046,0.052,-0.610,893,191,2719,1823,2877,2503,2429,2901,58,1.374,1,2172,0,60.388,1.038,-34.625,-29.625,-39.625,-0.066,0.051,1.070,0.785,-0.680,0.438,0.050,0.054,1.163,1.408,2,NULL,NULL,,3,1,2,7,255,1080,250,0,0
stim,112376,142497,1,142497,3339794.455,-0.789,0.044,0.052,-0.611,713,167,2751,1645,2899,2492,2483,2907,58,1.374,1,2172,0,60.003,0.980,-39.625,-30.063,-33.563,-0.090,0.023,1.063,0.785,-0.586,0.629,0.050,0.052,1.163,1.408,2,NULL,NULL,,3,1,2,7,255,1080,250,0,0
stim,112376,142497,1,142497,3339799.453,-0.788,0.042,0.052,-0.612,503,153,2791,1431,2913,2483,2531,2917,58,1.374,1,2172,0,62.297,0.706,-41.625,-31.500,-34.000,-0.125,-0.027,1.031,0.527,-0.469,0.629,0.050,0.052,1.163,1.408,2,NULL,NULL,,3,1,2,7,255,1080,250,0,0
stim,112408,142529,1,142529,3339804.455,-0.787,0.039,0.051,-0.613,348,85,2815,1199,2925,2472,2575,2923,58,1.374,1,2172,0,59.688,0.465,-36.125,-34.125,-33.063,-0.098,-0.066,1.012,-0.016,-0.465,0.383,0.052,0.054,1.163,1.408,2,NULL,NULL,,3,1,2,7,255,1080,250,0,0
stim,112408,142529,1,142529,3339809.454,-0.787,0.037,0.051,-0.614,171,57,2847,959,2941,2459,2605,2933,58,1.374,1,2172,0,57.495,0.545,-31.875,-35.688,-31.875,-0.070,-0.070,0.992,-0.285,-0.465,0.152,0.054,0.054,1.163,1.408,2,NULL,NULL,,3,1,2,7,255,1080,250,0,0
stim,112408,142529,1,142529,3339814.455,-0.786,0.035,0.050,-0.615,67,35,2869,762,2956,2443,2639,2939,58,1.374,1,2172,0,52.294,0.662,-23.188,-39.000,-26.000,-0.070,-0.039,1.012,-0.285,-0.598,0.125,0.056,0.056,1.163,1.408,2,NULL,NULL,,3,1,2,7,255,1080,250,0,0
stim,112408,142529,1,142529,3339819.454,-0.786,0.033,0.049,-0.616,11,25,2885,535,2971,2420,2667,2949,58,1.374,1,2172,0,50.563,0.599,-18.625,-41.375,-22.313,-0.055,0.035,1.035,0.047,-0.598,0.125,0.058,0.054,1.163,1.408,2,NULL,NULL,,3,1,2,7,255,1080,250,0,0
stim,112408,142529,1,142529,3339824.455,-0.785,0.032,0.048,-0.617,0,1,2903,313,2983,2397,2693,2967,58,1.374,1,2172,0,53.500,0.946,-18.063,-42.938,-26.313,-0.055,0.066,1.035,0.777,-0.539,0.289,0.060,0.054,1.163,1.408,2,NULL,NULL,,3,1,2,7,255,1080,250,0,0
stim,112408,142529,0,142529,3339829.453,-0.785,0.030,0.047,-0.617,0,0,2911,205,2991,2363,2723,2964,58,1.374,1,2172,0,53.311,0.883,-10.313,-47.188,-22.563,-0.098,0.008,1.043,0.777,-0.418,0.297,0.062,0.054,1.163,1.408,2,NULL,NULL,,3,0,2,7,255,1085,250,0,0
stim,112408,142529,0,142529,3339834.455,-0.785,0.029,0.044,-0.618,0,0,2924,167,3004,2345,2751,2969,58,1.374,1,2172,0,58.372,0.477,18.875,-55.063,-4.375,-0.297,-0.023,1.223,0.457,-0.137,0.434,0.064,0.056,1.163,1.408,2,NULL,NULL,,3,0,2,7,255,1085,250,0,0
stim,112408,142529,0,142529,3339839.453,-0.785,0.029,0.041,-0.618,0,0,2939,154,3015,2327,2781,2987,58,1.374,1,2172,0,78.825,1.576,41.125,-67.188,2.813,-0.449,-0.152,1.598,-0.207,1.563,2.410,0.060,0.062,1.163,1.408,2,NULL,NULL,,3,0,2,7,255,1085,250,0,0
stim,112408,142529,0,142529,3339844.455,-0.785,0.028,0.038,-0.617,0,0,2951,93,3033,2303,2811,2975,58,1.374,1,2172,0,84.485,2.388,30.938,-77.938,10.313,-0.387,-0.172,1.770,-1.637,1.738,6.246,0.054,0.070,1.163,1.408,3,NULL,NULL,,3,0,2,7,255,1085,250,0,0
stim,112408,142530,0,142530,3339849.454,-0.785,0.024,0.037,-0.618,0,0,2971,71,3031,2263,2825,2983,58,1.374,1,2172,0,98.557,2.388,-61.813,-75.500,-13.875,-0.090,-0.184,1.375,-1.637,1.738,6.246,0.046,0.080,1.163,1.408,3,NULL,NULL,,3,0,2,7,255,1085,250,0,0
stim,112408,142530,0,142530,3339854.455,-0.785,0.019,0.036,-0.618,0,0,2961,29,3044,2229,2855,2997,58,1.374,1,2172,0,106.160,1.421,-72.813,-77.250,0.875,-0.043,-0.164,0.957,-1.258,-0.660,3.758,0.040,0.088,1.163,1.408,3,NULL,NULL,,3,0,2,7,255,1085,250,0,0
stim,112408,142530,0,142530,3339859.454,-0.787,0.016,0.034,-0.616,0,0,2954,0,3051,2173,2877,2999,58,1.374,1,2172,0,94.241,1.308,-17.938,-86.313,33.313,-0.129,0.035,0.895,-1.129,-0.660,-0.383,0.036,0.096,1.163,1.408,3,NULL,NULL,,3,0,2,7,255,1085,250,0,0
stim,112429,142550,0,142550,3339864.455,-0.788,0.015,0.030,-0.615,0,0,2957,0,3056,2105,2887,2999,58,1.374,1,2172,0,98.717,0.866,20.188,-92.313,28.563,-0.262,0.113,1.027,0.500,0.707,-0.383,0.036,0.104,1.163,1.408,3,NULL,NULL,,3,0,2,7,255,1085,250,0,0
stim,112429,142550,0,142550,3339869.453,-0.788,0.013,0.026,-0.615,0,0,2968,0,3064,2025,2903,3001,58,1.374,1,2172,0,102.287,2.187,30.438,-97.375,7.375,-0.273,0.063,1.266,0.531,2.121,0.352,0.034,0.114,1.163,1.408,3,NULL,NULL,,3,0,2,7,255,1085,250,0,0
stim,112429,142550,0,142550,3339874.455,-0.788,0.011,0.022,-0.615,0,0,2970,0,3077,1929,2911,2988,58,1.374,1,2172,0,104.811,2.187,21.188,-102.500,5.500,-0.203,-0.020,1.434,0.531,2.121,2.707,0.034,0.126,1.163,1.408,3,NULL,NULL,,3,0,2,7,255,1085,250,0,0
stim,112429,142550,0,142550,3339879.454,-0.789,0.009,0.018,-0.614,0,0,2963,0,3069,1811,2931,2985,58,1.374,1,2172,0,107.750,1.278,2.688,-106.875,13.438,-0.191,-0.031,1.422,-0.043,1.277,4.211,0.034,0.138,1.163,1.408,3,NULL,NULL,,3,0,2,7,255,1085,250,0,0
stim,112429,142550,0,142550,3339884.455,-0.789,0.005,0.015,-0.614,0,0,2951,0,3091,1717,2936,2991,58,1.374,1,2172,0,114.741,1.278,-17.000,-112.250,16.625,-0.172,0.008,1.352,-0.043,1.277,4.211,0.034,0.148,1.163,1.408,3,NULL,NULL,,3,0,2,7,255,1085,250,0,0
stim,112429,142550,0,142550,3339889.453,-0.790,0.002,0.012,-0.613,0,0,2953,0,3091,1578,2939,2985,58,1.374,1,2172,0,121.784,1.332,-25.000,-116.938,23.063,-0.152,0.023,1.281,0.180,1.320,3.473,0.036,0.160,1.163,1.408,3,NULL,NULL,,3,0,2,7,255,1085,250,0,0
stim,112482,142603,0,142603,3339894.455,-0.791,-0.002,0.008,-0.612,0,0,2939,0,3099,1413,2965,2976,58,1.374,1,2172,0,127.287,1.354,-18.688,-122.938,27.188,-0.234,0.043,1.219,0.281,1.324,2.758,0.040,0.172,1.163,1.408,3,NULL,NULL,,3,0,2,7,255,1085,250,0,0
stim,112482,142603,0,142603,3339899.453,-0.792,-0.006,0.004,-0.611,0,0,2921,0,3097,1235,2971,2974,58,1.374,1,2172,0,131.295,2.279,-11.813,-129.375,19.000,-0.230,0.027,1.211,0.281,2.262,2.145,0.048,0.184,1.163,1.408,3,NULL,NULL,,3,0,2,7,255,1085,250,0,0
stim,112482,142603,0,142603,3339904.455,-0.792,-0.010,0.000,-0.610,0,0,2907,0,3097,1039,2976,2971,58,1.374,1,2172,0,135.419,2.265,-10.563,-134.500,11.688,-0.215,-0.051,1.227,0.125,2.262,2.145,0.056,0.198,1.163,1.408,3,NULL,NULL,,3,0,2,7,255,1085,250,0,0
stim,112482,142603,0,142603,3339909.454,-0.793,-0.014,-0.004,-0.610,0,0,2902,0,3096,795,2997,2942,58,1.374,1,2172,0,140.803,2.217,-9.500,-140.000,11.625,-0.211,-0.129,1.207,-0.590,2.137,2.043,0.066,0.212,1.163,1.408,3,NULL,NULL,,3,0,2,7,255,1085,250,0,0
stim,112482,142603,0,142603,3339914.455,-0.793,-0.018,-0.009,-0.609,0,0,2891,0,3100,613,3003,2933,58,1.374,1,2172,0,147.169,2.421,-8.500,-146.688,8.313,-0.195,-0.152,1.188,-1.359,2.004,2.016,0.076,0.226,1.163,1.408,3,NULL,NULL,,3,0,2,7,255,1085,250,0,0
stim,112482,142603,0,142603,3339919.453,-0.793,-0.022,-0.014,-0.608,0,0,2860,0,3104,426,3001,2917,58,1.374,1,2172,0,154.332,2.446,-12.188,-153.625,8.313,-0.152,-0.148,1.145,-1.488,1.941,1.820,0.086,0.238,1.163,1.408,3,NULL,NULL,,3,0,2,7,255,1085,250,0,0
stim,112482,142603,0,142603,3339924.455,-0.793,-0.027,-0.019,-0.608,0,0,2840,0,3115,265,3013,2907,58,1.374,1,2172,0,159.644,2.238,-9.375,-159.063,9.875,-0.098,-0.152,1.082,-1.488,1.672,1.379,0.096,0.252,1.163,1.408,3,NULL,NULL,,3,0,2,7,255,1085,250,0,0
stim,112482,142603,0,142603,3339929.453,-0.794,-0.031,-0.024,-0.607,0,0,2811,0,3107,153,3029,2877,58,1.374,1,2172,0,162.873,2.173,-2.375,-162.500,10.750,-0.125,-0.145,1.027,-1.465,1.605,0.789,0.108,0.266,1.163,1.408,3,NULL,NULL,,3,0,2,7,255,1085,250,0,0
stim,112482,142603,0,142603,3339934.455,-0.794,-0.035,-0.030,-0.607,0,0,2779,0,3108,46,3032,2845,58,1.374,1,2172,0,167.673,2.147,7.188,-167.500,2.500,-0.125,-0.063,1.047,-1.426,1.605,0.313,0.120,0.280,1.163,1.408,3,NULL,NULL,,3,0,2,7,255,1085,250,0,0
stim,112482,142603,0,142603,3339939.454,-0.794,-0.039,-0.036,-0.606,0,0,2748,0,3104,12,3037,2825,58,1.374,1,2172,0,173.523,2.123,18.875,-172.438,-4.375,-0.105,0.016,1.129,-0.754,1.984,0.313,0.132,0.294,1.163,1.408,3,NULL,NULL,,3,0,2,7,255,1085,250,0,0
stim,112509,142630,0,142630,3339944.455,-0.793,-0.043,-0.043,-0.606,0,0,2709,0,3103,0,3032,2789,58,1.374,1,2172,0,179.480,2.222,20.875,-178.063,-8.438,-0.090,0.004,1.273,-0.117,2.219,1.063,0.148,0.312,1.163,1.408,3,NULL,NULL,,3,0,2,7,255,1085,250,0,0
stim,112509,142630,0,142630,3339949.453,-0.793,-0.047,-0.050,-0.606,0,0,2639,0,3107,0,3039,2739,58,1.374,1,2172,0,184.926,2.219,18.688,-183.563,-12.375,0.016,0.125,1.473,0.000,2.219,2.445,0.168,0.336,1.163,1.408,3,NULL,NULL,,3,0,2,7,255,1085,250,0,0
stim,112509,142630,0,142630,3339954.455,-0.792,-0.051,-0.057,-0.605,0,0,2571,0,3098,0,3047,2697,58,1.374,1,2172,0,187.974,2.691,19.688,-186.938,0.938,0.020,0.191,1.730,1.250,2.383,4.434,0.200,0.370,1.163,1.408,3,NULL,NULL,,3,0,2,7,255,1085,250,0,0
stim,112509,142630,0,142630,3339959.454,-0.793,-0.055,-0.064,-0.603,0,0,2486,0,3097,5,3039,2613,58,1.374,1,2172,0,200.229,3.131,13.750,-197.500,29.938,-0.164,0.168,1.992,1.250,2.871,6.883,0.244,0.416,1.163,1.408,3,NULL,NULL,,3,0,2,7,255,1085,250,0,0
stim,112526,142647,0,142647,3339964.455,-0.794,-0.061,-0.071,-0.601,0,0,2399,0,3091,51,3043,2579,58,1.374,1,2172,0,223.073,5.338,5.313,-217.375,49.813,-0.477,0.199,2.328,0.984,5.246,9.094,0.298,0.472,1.163,1.408,3,NULL,NULL,,3,0,2,7,255,1085,250,0,0
stim,112526,142647,0,142647,3339969.454,-0.794,-0.069,-0.078,-0.598,0,0,2271,0,3063,67,3027,2486,58,1.374,1,2172,0,251.591,9.233,-41.688,-243.125,49.500,-0.688,0.313,2.414,0.742,9.203,11.648,0.362,0.536,1.163,1.408,3,NULL,NULL,,3,0,2,7,255,1085,250,0,0
stim,112526,142647,0,142647,3339974.455,-0.794,-0.078,-0.086,-0.596,0,0,2150,0,3055,84,3025,2378,58,1.374,1,2172,0,275.662,12.109,-62.438,-266.688,31.125,-0.723,0.574,2.398,0.742,12.086,11.648,0.430,0.606,1.163,1.408,3,NULL,NULL,,3,0,2,7,255,1085,250,0,0
stim,112526,142647,0,142647,3339979.453,-0.794,-0.089,-0.094,-0.595,0,0,1997,0,3035,109,2999,2259,58,1.374,1,2172,0,307.868,13.941,-82.813,-295.750,21.375,-0.691,0.688,2.438,3.074,13.598,11.148,0.504,0.682,1.163,1.408,3,NULL,NULL,,3,0,2,7,255,1085,250,0,0
stim,112552,142673,0,142673,3339984.455,-0.793,-0.100,-0.102,-0.593,0,0,1878,0,3013,117,2973,2135,58,1.374,1,2172,0,333.800,14.768,-92.938,-320.250,15.000,-0.559,0.813,2.492,4.207,14.156,11.148,0.588,0.766,1.163,1.408,3,NULL,NULL,,3,0,2,7,255,1085,250,0,0
stim,112552,142673,0,142673,3339989.453,-0.791,-0.113,-0.111,-0.590,0,0,1762,0,2983,121,2963,2021,58,1.374,1,2172,0,367.045,14.948,-113.563,-347.875,28.438,-0.594,0.691,2.543,4.516,14.250,11.496,0.678,0.858,1.163,1.408,3,NULL,NULL,,3,0,2,7,255,1085,250,0,0
stim,112580,142701,0,142701,3339994.455,-0.790,-0.128,-0.120,-0.588,0,0,1649,0,2938,135,2919,1915,58,1.374,1,2172,0,392.353,15.875,-129.125,-369.750,23.500,-0.680,0.793,2.645,5.242,14.984,11.512,0.776,0.958,1.163,1.408,3,NULL,NULL,,3,0,2,7,255,1085,250,0,0
stim,112580,142701,0,142701,3339999.454,-0.788,-0.143,-0.130,-0.585,0,0,1528,0,2903,138,2861,1810,58,1.374,1,2172,0,418.566,17.827,-139.063,-393.938,25.938,-0.785,0.801,2.750,5.074,17.090,11.496,0.882,1.066,1.163,1.408,3,NULL,NULL,,3,0,2,7,255,1085,250,0,0
stim,112580,142701,0,142701,3340004.455,-0.785,-0.158,-0.141,-0.582,0,0,1443,0,2847,135,2793,1679,58,1.374,1,2172,0,444.097,19.872,-144.750,-419.813,5.188,-0.797,0.859,2.844,5.242,19.168,11.418,0.992,1.178,1.163,1.408,3,NULL,NULL,,3,0,2,7,255,1085,250,0,0
stim,112580,142701,0,142701,3340009.454,-0.781,-0.175,-0.151,-0.580,0,0,1334,0,2787,117,2715,1556,58,1.374,1,2172,0,470.753,21.232,-159.500,-442.875,5.500,-0.758,0.781,2.867,5.074,20.617,11.387,1.106,1.294,1.163,1.408,3,NULL,NULL,,3,0,2,7,255,1085,250,0,0
stim,112580,142701,0,142701,3340014.455,-0.777,-0.193,-0.163,-0.577,0,0,1191,0,2697,91,2599,1403,58,1.374,1,2172,0,489.430,21.773,-167.313,-459.938,-2.438,-0.828,0.852,2.879,5.605,21.039,10.965,1.222,1.412,1.163,1.408,3,NULL,NULL,,3,0,2,7,255,1085,250,0,0
stim,112580,142701,0,142701,3340019.453,-0.772,-0.210,-0.175,-0.574,0,0,975,0,2572,66,2429,1260,58,1.374,1,2172,0,500.162,23.280,-167.813,-470.750,-19.875,-0.832,0.750,3.023,5.047,22.727,10.031,1.328,1.522,1.163,1.408,3,NULL,NULL,,3,0,2,7,255,1085,250,0,0
stim,112580,142701,0,142701,3340024.455,-0.766,-0.227,-0.187,-0.571,0,0,827,0,2410,45,2247,1085,58,1.374,1,2172,0,510.540,24.562,-159.563,-483.750,-34.313,-0.801,0.395,3.258,4.734,24.102,10.031,1.422,1.618,1.163,1.408,3,NULL,NULL,,3,0,2,7,255,1085,250,0,0
stim,112580,142701,0,142701,3340029.454,-0.760,-0.246,-0.199,-0.568,0,0,681,0,2189,0,1931,936,58,1.374,1,2172,0,539.343,24.150,-196.000,-501.688,-28.000,-0.703,-0.051,3.141,1.531,24.102,10.738,1.502,1.702,1.163,1.408,3,NULL,NULL,,3,0,2,7,255,1085,250,0,0
stim,112580,142701,0,142701,3340034.455,-0.753,-0.267,-0.210,-0.564,0,0,487,0,1919,0,1613,821,58,1.374,1,2172,0,572.037,23.882,-244.625,-517.063,5.625,-0.547,-0.375,2.496,-2.230,23.777,10.738,1.578,1.782,1.163,1.408,3,NULL,NULL,,3,0,2,7,255,1085,250,0,0
stim,112580,142701,0,142701,3340039.454,-0.746,-0.288,-0.221,-0.558,0,0,325,0,1629,0,1166,669,58,1.374,1,2172,0,574.369,19.526,-229.188,-526.500,13.063,-0.344,-0.461,1.645,-4.711,18.949,6.262,1.662,1.868,1.163,1.408,3,NULL,NULL,,3,0,2,7,255,1085,250,0,0
stim,112618,142739,0,142739,3340044.455,-0.740,-0.306,-0.234,-0.551,0,0,240,0,1287,0,623,532,58,1.374,1,2172,0,556.869,13.314,-142.063,-537.313,34.875,-0.289,-0.363,1.203,-4.711,12.453,0.727,1.756,1.966,1.163,1.408,3,NULL,NULL,,3,0,2,7,255,1085,250,0,0
stim,112618,142739,0,142739,3340049.453,-0.736,-0.321,-0.250,-0.541,0,0,123,0,920,0,143,435,58,1.374,1,2172,0,551.902,13.093,-28.250,-546.000,75.375,-0.488,-0.094,1.602,-4.043,12.453,-2.617,1.856,2.068,1.163,1.408,3,NULL,NULL,,3,0,2,7,255,1085,250,0,0
stim,112618,142739,0,142739,3340054.455,-0.733,-0.334,-0.266,-0.528,0,0,109,0,440,0,0,355,58,1.374,1,2172,0,571.964,14.950,35.500,-558.625,117.563,-0.941,-0.027,2.313,-3.277,14.586,-2.617,1.956,2.172,1.163,1.408,3,NULL,NULL,,3,0,2,7,255,1085,250,0,0
stim,112618,142739,0,142739,3340059.454,-0.731,-0.350,-0.281,-0.514,0,0,57,0,35,0,0,270,58,1.374,1,2172,0,602.150,23.275,-17.813,-573.750,181.875,-1.355,0.109,2.410,-3.277,23.043,-2.617,2.052,2.268,1.163,1.408,3,NULL,NULL,,3,0,2,7,255,1085,250,0,0
stim,112618,142739,0,142739,3340064.455,-0.726,-0.368,-0.294,-0.501,0,0,30,0,0,0,0,169,58,1.374,1,2172,0,598.602,23.333,-115.563,-563.063,167.125,-1.332,0.715,1.840,-3.277,23.102,-6.371,2.138,2.356,1.163,1.408,4,NULL,NULL,,3,0,2,7,255,1085,250,0,0
stim,112618,142739,0,142739,3340069.454,-0.719,-0.387,-0.304,-0.491,0,0,22,0,0,0,0,91,58,1.374,1,2172,0,552.965,23.170,-182.375,-514.500,88.313,-0.859,1.406,1.203,1.777,23.102,-12.094,2.208,2.428,1.163,1.408,0,NULL,NULL,,3,0,2,7,255,1085,250,0,0
stim,112640,142761,0,142761,3340074.455,-0.711,-0.404,-0.312,-0.484,0,0,22,0,0,0,0,57,58,1.374,1,2172,0,506.505,19.349,-205.813,-457.500,69.875,-0.492,1.637,0.945,9.773,16.699,-14.078,2.266,2.488,1.163,1.408,0,NULL,NULL,,3,0,2,7,255,1085,250,0,0
stim,112640,142761,0,142761,3340079.453,-0.704,-0.422,-0.316,-0.476,0,0,20,0,0,0,0,104,58,1.374,1,2172,0,487.204,17.600,-265.813,-383.938,138.938,-0.598,1.523,0.867,11.766,13.090,-14.449,2.320,2.542,1.163,1.408,0,NULL,NULL,,3,0,2,7,255,1085,250,0,0
stim,112640,142761,0,142761,3340084.455,-0.697,-0.440,-0.315,-0.471,0,0,25,0,0,0,0,108,58,1.374,1,2172,0,468.305,17.087,-335.063,-301.938,126.000,-0.379,1.066,0.406,11.766,12.391,-14.824,2.378,2.604,1.163,1.408,0,NULL,NULL,,3,0,2,7,255,1085,250,0,0
stim,112640,142761,0,142761,3340089.454,-0.691,-0.451,-0.316,-0.469,0,0,18,0,0,0,0,123,58,1.374,1,2172,0,277.689,10.570,-206.938,-180.813,39.938,-0.355,-0.152,-0.125,8.359,6.469,-14.824,2.438,2.668,1.163,1.408,0,NULL,NULL,,3,0,2,7,255,1085,250,0,0
stim,112676,142797,0,142797,3340094.455,-0.690,-0.454,-0.318,-0.466,0,0,19,0,0,0,0,138,58,1.374,1,2172,0,110.162,6.753,-20.938,-104.500,27.875,-0.676,-1.098,0.574,-2.758,6.164,-12.758,2.494,2.726,1.163,1.408,0,NULL,NULL,,3,0,2,7,255,1085,250,0,0
stim,112676,142797,0,142797,3340099.454,-0.690,-0.455,-0.317,-0.465,0,0,17,0,0,0,0,109,58,1.374,1,2172,0,34.021,13.435,-17.125,-17.063,23.938,-1.059,-0.906,1.496,-11.938,6.164,-10.191,2.546,2.778,1.163,1.408,0,NULL,NULL,,3,0,2,7,255,1085,250,0,0
stim,112676,142797,0,142797,3340104.455,-0.688,-0.458,-0.312,-0.469,0,0,22,0,0,0,0,89,58,1.374,1,2172,0,166.238,19.030,-145.000,80.938,-7.688,-1.145,0.055,1.188,-11.938,14.820,-10.191,2.592,2.828,1.163,1.408,0,NULL,NULL,,3,0,2,7,255,1085,250,0,0
stim,112676,142797,0,142797,3340109.454,-0.686,-0.459,-0.305,-0.475,0,0,20,0,0,0,0,66,58,1.374,1,2172,0,236.937,15.192,-170.500,162.625,-24.938,-0.988,1.090,0.207,-3.340,14.820,-15.242,2.642,2.882,1.163,1.408,0,NULL,NULL,,3,0,2,7,255,1085,250,0,0
stim,112676,142797,0,142797,3340114.455,-0.687,-0.456,-0.298,-0.481,0,0,16,0,0,0,0,52,58,1.374,1,2172,0,222.578,9.140,-63.375,211.813,-25.688,-0.941,1.352,0.094,6.441,6.484,-21.086,2.688,2.928,1.163,1.408,0,NULL,NULL,,3,0,2,7,255,1085,250,0,0
stim,112676,142797,0,142797,3340119.455,-0.689,-0.450,-0.291,-0.487,0,0,16,0,0,0,0,27,58,1.374,1,2172,0,246.268,9.140,12.688,243.500,-34.563,-0.992,0.813,0.781,6.441,6.484,-21.086,2.722,2.964,1.163,1.408,0,NULL,NULL,,3,0,2,7,255,1085,250,0,0
stim,112707,142828,0,142828,3340124.455,-0.691,-0.444,-0.284,-0.495,0,0,19,0,0,0,0,28,58,1.374,1,2172,0,272.727,12.405,-24.000,266.875,-50.813,-0.938,0.227,1.191,4.391,11.602,-17.590,2.744,2.990,1.163,1.408,0,NULL,NULL,,3,0,2,7,255,1085,250,0,0
stim,112707,142828,0,142828,3340129.454,-0.691,-0.441,-0.275,-0.503,0,0,10,0,0,0,0,31,58,1.374,1,2172,0,302.057,11.606,-99.000,280.813,-50.813,-0.770,0.078,0.922,-0.336,11.602,-13.164,2.760,3.010,1.163,1.408,0,NULL,NULL,,3,0,2,7,255,1085,250,0,0
stim,112707,142828,0,142828,3340134.455,-0.691,-0.438,-0.264,-0.511,0,0,13,0,0,0,0,41,58,1.374,1,2172,0,315.718,11.454,-128.063,286.750,-32.438,-0.617,0.273,0.285,-0.336,11.449,-13.164,2.776,3.026,1.163,1.408,0,NULL,NULL,,3,0,2,7,255,1085,250,0,0
stim,112707,142828,0,142828,3340139.453,-0.692,-0.434,-0.254,-0.518,0,0,9,0,0,0,0,47,58,1.374,1,2172,0,304.239,5.469,-95.375,288.500,-15.250,-0.551,0.477,-0.164,0.684,5.426,-14.352,2.790,3.042,1.163,1.408,0,NULL,NULL,,3,0,2,7,255,1085,250,0,0
stim,112707,142828,0,142828,3340144.455,-0.694,-0.428,-0.244,-0.525,0,0,9,0,0,0,0,53,58,1.374,1,2172,0,292.300,2.715,-41.250,289.250,-8.500,-0.484,0.504,-0.277,2.250,1.520,-16.547,2.806,3.060,1.163,1.408,0,NULL,NULL,,3,0,2,7,255,1085,250,0,0
stim,112707,142828,0,142828,3340149.453,-0.697,-0.422,-0.235,-0.531,0,0,8,0,0,0,0,61,58,1.374,1,2172,0,292.886,2.282,-1.563,292.875,2.000,-0.363,0.367,-0.207,2.250,0.379,-16.547,2.826,3.082,1.163,1.408,0,NULL,NULL,,3,0,2,7,255,1085,250,0,0
stim,112707,142828,0,142828,3340154.455,-0.700,-0.414,-0.227,-0.535,0,0,11,0,0,0,0,62,58,1.374,1,2172,0,299.771,1.858,21.625,298.000,24.313,-0.250,0.160,-0.211,1.820,0.371,-14.918,2.848,3.108,1.163,1.408,0,NULL,NULL,,3,0,2,7,255,1085,250,0,0
stim,112707,142828,0,142828,3340159.454,-0.705,-0.406,-0.218,-0.539,0,0,7,0,0,0,0,59,58,1.374,1,2172,0,306.741,1.080,43.375,300.938,40.563,-0.457,0.301,-0.137,1.012,0.379,-14.918,2.876,3.138,1.163,1.408,0,NULL,NULL,,3,0,2,7,255,1085,250,0,0
stim,112729,142850,0,142850,3340164.455,-0.709,-0.397,-0.210,-0.543,0,0,8,0,0,0,0,59,58,1.374,1,2172,0,316.315,1.941,72.625,306.375,30.250,-0.395,0.277,-0.094,1.012,1.656,-14.129,2.910,3.176,1.163,1.408,0,NULL,NULL,,3,0,2,7,255,1085,250,0,0
stim,112729,142850,0,142850,3340169.453,-0.715,-0.386,-0.202,-0.547,0,0,5,0,0,0,0,57,58,1.374,1,2172,0,328.273,2.051,103.938,308.125,44.938,-0.266,0.227,0.102,1.043,1.766,-14.129,2.948,3.216,1.163,1.408,0,NULL,NULL,,3,0,2,7,255,1085,250,0,0
stim,112729,142850,0,142850,3340174.455,-0.721,-0.376,-0.194,-0.549,0,0,8,0,0,0,0,53,58,1.374,1,2172,0,336.638,2.834,116.063,310.688,57.688,-0.395,0.355,0.391,1.328,2.504,-11.832,2.990,3.260,1.163,1.408,0,NULL,NULL,,3,0,2,7,255,1085,250,0,0
stim,112729,142850,0,142850,3340179.453,-0.726,-0.365,-0.186,-0.552,0,0,7,0,0,0,0,51,58,1.374,1,2172,0,340.801,6.189,114.500,316.438,53.875,-0.383,0.363,0.551,2.539,5.645,-11.270,3.034,3.306,1.163,1.408,0,NULL,NULL,,3,0,2,7,255,1085,250,0,0
stim,112729,142850,0,142850,3340184.455,-0.732,-0.354,-0.178,-0.555,0,0,11,0,0,0,0,53,58,1.374,1,2172,0,345.795,7.385,111.813,323.250,50.813,-0.367,0.332,0.676,2.859,6.809,-10.031,3.080,3.354,1.163,1.408,0,NULL,NULL,,3,0,2,7,255,1085,250,0,0
stim,112729,142850,0,142850,3340189.454,-0.737,-0.342,-0.169,-0.558,0,0,11,0,0,0,0,51,58,1.374,1,2172,0,351.366,8.050,109.188,330.375,48.875,-0.398,0.324,0.809,2.895,7.512,-8.785,3.126,3.402,1.163,1.408,0,NULL,NULL,,3,0,2,7,255,1085,250,0,0
stim,112782,142903,0,142903,3340194.455,-0.741,-0.331,-0.160,-0.561,0,0,13,0,0,0,0,49,58,1.374,1,2172,0,356.225,9.085,102.625,338.688,40.688,-0.441,0.309,0.949,2.891,8.613,-7.820,3.170,3.448,1.163,1.408,0,NULL,NULL,,3,0,2,7,255,1085,250,0,0
stim,112782,142903,0,142903,3340199.454,-0.745,-0.320,-0.151,-0.565,0,0,8,0,0,0,0,45,58,1.374,1,2172,0,361.240,10.158,90.438,348.688,27.063,-0.441,0.277,1.047,2.891,9.738,-6.766,3.212,3.492,1.163,1.408,0,NULL,NULL,,3,0,2,7,255,1085,250,0,0
stim,112782,142903,0,142903,3340204.455,-0.749,-0.308,-0.141,-0.570,0,0,7,0,0,0,0,44,58,1.374,1,2172,0,367.653,10.509,76.125,359.375,14.938,-0.418,0.258,1.090,2.801,10.129,-5.637,3.252,3.534,1.163,1.408,0,NULL,NULL,,3,0,2,7,255,1085,250,0,0
stim,112782,142903,0,142903,3340209.454,-0.752,-0.297,-0.131,-0.574,0,0,9,0,0,0,0,44,58,1.374,1,2172,0,374.688,10.509,64.125,369.125,5.063,-0.406,0.270,1.098,2.801,10.129,-4.797,3.290,3.576,1.163,1.408,0,NULL,NULL,,3,0,2,7,255,1085,250,0,0
stim,112782,142903,0,142903,3340214.455,-0.754,-0.286,-0.120,-0.579,0,0,10,0,0,0,0,47,58,1.374,1,2172,0,380.774,10.380,55.750,376.625,-5.875,-0.395,0.285,1.098,3.023,9.930,-4.402,3.326,3.614,1.163,1.408,0,NULL,NULL,,3,0,2,7,255,1085,250,0,0
stim,112782,142903,0,142903,3340219.454,-0.756,-0.274,-0.109,-0.585,0,0,7,0,0,0,0,52,58,1.374,1,2172,0,385.766,10.160,48.750,382.250,-18.000,-0.320,0.250,1.063,3.242,9.629,-4.063,3.362,3.652,1.163,1.408,0,NULL,NULL,,3,0,2,7,255,1085,250,0,0
stim,112782,142903,0,142903,3340224.455,-0.757,-0.263,-0.098,-0.590,0,0,9,0,0,0,0,51,58,1.374,1,2172,0,389.165,9.170,44.938,385.813,-24.063,-0.184,0.172,0.953,3.242,8.578,-3.586,3.394,3.686,1.163,1.408,0,NULL,NULL,,3,0,2,7,255,1085,250,0,0
stim,112782,142903,0,142903,3340229.454,-0.758,-0.251,-0.087,-0.595,0,0,6,0,0,0,0,47,58,1.374,1,2172,0,389.179,7.091,50.875,385.250,-21.313,-0.141,0.164,0.844,2.762,6.531,-3.586,3.424,3.718,1.163,1.408,0,NULL,NULL,,3,0,2,7,255,1085,250,0,0
stim,112782,142903,0,142903,3340234.455,-0.759,-0.239,-0.076,-0.600,0,0,0,0,0,0,0,50,58,1.374,1,2172,0,388.127,6.057,66.313,381.750,-22.625,-0.117,0.199,0.797,2.762,5.391,-3.863,3.450,3.748,1.163,1.408,0,NULL,NULL,,3,0,2,7,255,1085,250,0,0
stim,112782,142903,0,142903,3340239.453,-0.761,-0.226,-0.067,-0.605,0,0,1,0,0,0,0,51,58,1.374,1,2172,0,386.048,5.660,84.813,375.875,-23.625,-0.063,0.199,0.813,2.992,4.805,-3.863,3.476,3.774,1.163,1.408,0,NULL,NULL,,3,0,2,7,255,1085,250,0,0
stim,112809,142930,0,142930,3340244.455,-0.762,-0.213,-0.057,-0.609,0,0,1,0,0,0,0,54,58,1.374,1,2172,0,383.314,5.159,101.313,369.188,-19.125,0.016,0.125,0.805,2.992,4.203,-3.605,3.498,3.800,1.163,1.408,0,NULL,NULL,,3,0,2,7,255,1085,250,0,0
stim,112809,142930,0,142930,3340249.454,-0.763,-0.199,-0.049,-0.613,0,0,1,0,0,0,0,55,58,1.374,1,2172,0,381.736,4.129,121.875,361.688,-7.125,0.043,0.098,0.828,2.703,3.121,-3.059,3.522,3.826,1.163,1.408,0,NULL,NULL,,3,0,2,7,255,1085,250,0,0
stim,112809,142930,0,142930,3340254.455,-0.765,-0.185,-0.041,-0.616,0,0,0,0,0,0,0,53,58,1.374,1,2172,0,381.323,3.915,142.625,353.625,3.875,0.027,0.148,0.883,2.703,2.832,-2.563,3.544,3.852,1.163,1.408,0,NULL,NULL,,3,0,2,7,255,1085,250,0,0
stim,112809,142930,0,142930,3340259.454,-0.767,-0.170,-0.034,-0.618,0,0,0,0,0,0,0,48,58,1.374,1,2172,0,382.894,4.166,162.063,346.750,10.375,0.000,0.215,0.988,3.055,2.832,-2.141,3.570,3.878,1.163,1.408,0,NULL,NULL,,3,0,2,7,255,1085,250,0,0
stim,112810,142931,0,142931,3340264.455,-0.769,-0.155,-0.027,-0.620,0,0,0,0,0,0,0,54,58,1.374,1,2172,0,385.999,4.927,181.563,340.250,16.125,-0.020,0.195,1.137,3.699,3.254,-1.285,3.596,3.906,1.163,1.408,0,NULL,NULL,,3,0,2,7,255,1085,250,0,0
stim,112810,142931,0,142931,3340269.454,-0.770,-0.139,-0.021,-0.622,0,0,0,0,0,0,0,51,58,1.374,1,2172,0,388.280,5.111,193.688,335.938,19.813,-0.066,0.188,1.301,3.699,3.527,0.199,3.624,3.936,1.163,1.408,0,NULL,NULL,,3,0,2,7,255,1085,250,0,0
stim,112839,142960,0,142960,3340274.455,-0.772,-0.123,-0.015,-0.623,0,0,1,0,0,0,0,53,58,1.374,1,2172,0,388.421,5.466,198.563,333.313,18.625,-0.125,0.203,1.398,3.699,4.023,1.844,3.652,3.966,1.163,1.408,0,NULL,NULL,,3,0,2,7,255,1085,250,0,0
stim,112839,142960,0,142960,3340279.454,-0.773,-0.107,-0.010,-0.625,0,0,0,0,0,0,0,51,58,1.374,1,2172,0,390.471,5.816,208.500,329.688,17.375,-0.180,0.254,1.570,3.773,4.426,2.793,3.678,3.996,1.163,1.408,0,NULL,NULL,,3,0,2,7,255,1085,250,0,0
stim,112839,142960,0,142960,3340284.455,-0.774,-0.091,-0.004,-0.626,0,0,0,0,0,0,0,48,58,1.374,1,2172,0,388.861,6.485,210.375,326.813,12.188,-0.227,0.285,1.766,4.219,4.926,4.418,3.704,4.024,1.163,1.408,0,NULL,NULL,,3,0,2,7,255,1085,250,0,0
stim,112839,142960,0,142960,3340289.454,-0.775,-0.076,0.001,-0.627,0,0,5,0,0,0,0,51,58,1.374,1,2172,0,382.168,6.774,202.125,324.313,4.375,-0.234,0.285,1.938,4.535,5.031,6.391,3.726,4.048,1.163,1.408,0,NULL,NULL,,3,0,2,7,255,1085,250,0,0
stim,112880,143001,0,143001,3340294.455,-0.775,-0.060,0.007,-0.629,0,0,7,0,0,0,0,51,58,1.374,1,2172,0,371.403,6.774,186.375,321.250,-1.688,-0.227,0.270,2.043,4.535,5.031,8.273,3.746,4.070,1.163,1.408,0,NULL,NULL,,3,0,2,7,255,1085,250,0,0
stim,112880,143001,0,143001,3340299.453,-0.775,-0.046,0.013,-0.630,0,0,6,0,0,0,0,51,58,1.374,1,2172,0,359.797,6.215,169.188,317.438,-7.938,-0.211,0.266,2.086,4.344,4.445,9.500,3.760,4.084,1.163,1.408,0,NULL,NULL,,3,0,2,7,255,1085,250,0,0
stim,112880,143001,0,143001,3340304.455,-0.774,-0.032,0.019,-0.632,0,0,9,0,0,0,0,54,58,1.374,1,2172,0,350.746,5.628,156.500,313.500,-15.750,-0.184,0.234,2.070,4.238,3.703,10.098,3.768,4.096,1.163,1.408,0,NULL,NULL,,3,0,2,7,255,1085,250,0,0
stim,112880,143001,0,143001,3340309.454,-0.773,-0.018,0.025,-0.633,0,0,8,0,0,0,0,53,58,1.374,1,2172,0,346.295,4.744,152.938,310.000,-20.750,-0.133,0.172,2.059,3.844,2.781,10.102,3.770,4.100,1.163,1.408,0,NULL,NULL,,3,0,2,7,255,1085,250,0,0
stim,112880,143001,0,143001,3340314.455,-0.772,-0.004,0.031,-0.635,0,0,13,0,0,0,0,55,58,1.374,1,2172,0,344.370,3.538,152.250,307.688,-27.188,-0.121,0.141,2.078,3.168,1.574,10.156,3.764,4.098,1.163,1.408,0,NULL,NULL,,3,0,2,7,255,1085,250,0,0
stim,112880,143001,0,143001,3340319.454,-0.770,0.009,0.037,-0.637,0,0,11,0,0,0,0,53,58,1.374,1,2172,0,345.144,2.851,152.750,307.313,-36.750,-0.082,0.082,2.082,2.734,0.809,10.426,3.752,4.088,1.163,1.408,0,NULL,NULL,,3,0,2,7,255,1085,250,0,0
stim,112880,143001,0,143001,3340324.455,-0.768,0.023,0.043,-0.638,0,0,12,0,0,0,0,55,58,1.374,1,2172,0,348.112,2.135,157.563,307.438,-42.875,0.000,0.020,2.055,2.117,-0.277,10.426,3.728,4.066,1.163,1.408,0,NULL,NULL,,3,0,2,7,255,1085,250,0,0
stim,112880,143001,0,143001,3340329.453,-0.766,0.037,0.048,-0.640,0,0,9,0,0,0,0,58,58,1.374,1,2172,0,354.019,2.263,169.250,307.500,-46.125,0.082,-0.035,2.043,1.453,-1.734,10.223,3.692,4.034,1.163,1.408,0,NULL,NULL,,3,0,2,7,255,1085,250,0,0
stim,112880,143001,0,143001,3340334.455,-0.763,0.051,0.053,-0.642,0,0,10,0,0,0,0,69,58,1.374,1,2172,0,363.006,3.312,186.500,307.250,-50.875,0.207,-0.102,2.051,0.855,-3.199,9.977,3.644,3.986,1.163,1.408,0,NULL,NULL,,3,0,2,7,255,1085,250,0,0
stim,112880,143001,0,143001,3340339.454,-0.760,0.067,0.058,-0.644,0,0,10,0,0,0,0,77,58,1.374,1,2172,0,374.767,5.075,208.375,306.625,-54.875,0.422,-0.125,2.094,0.215,-5.070,9.805,3.578,3.924,1.163,1.408,0,NULL,NULL,,3,0,2,7,255,1085,250,0,0
stim,112908,143029,0,143029,3340344.455,-0.757,0.083,0.062,-0.646,0,0,13,0,0,0,0,83,58,1.374,1,2172,0,390.276,7.795,233.625,307.750,-55.000,0.695,-0.121,2.156,0.172,-7.793,9.691,3.500,3.848,1.163,1.408,0,NULL,NULL,,3,0,2,7,255,1085,250,0,0
stim,112908,143029,0,143029,3340349.454,-0.753,0.100,0.065,-0.647,0,0,10,0,0,0,0,84,58,1.374,1,2172,0,408.680,11.086,262.125,309.750,-48.625,0.953,-0.129,2.266,0.074,-11.086,9.637,3.408,3.760,1.163,1.408,0,NULL,NULL,,3,0,2,7,255,1085,250,0,0
stim,112908,143029,0,143029,3340354.455,-0.750,0.118,0.067,-0.648,0,0,10,0,0,0,0,81,58,1.374,1,2172,0,425.621,14.340,285.813,313.188,-37.125,1.164,-0.145,2.414,0.059,-14.340,9.637,3.304,3.658,1.163,1.408,0,NULL,NULL,,3,0,2,7,255,1085,250,0,0
stim,112908,143029,0,143029,3340359.454,-0.746,0.137,0.069,-0.648,0,0,10,0,0,0,0,87,58,1.374,1,2172,0,439.728,17.307,303.188,317.625,-23.500,1.309,-0.145,2.570,-0.293,-17.305,10.039,3.188,3.542,1.163,1.408,0,NULL,NULL,,3,0,2,7,255,1085,250,0,0
stim,112908,143029,0,143029,3340364.455,-0.742,0.156,0.070,-0.648,0,0,13,0,0,0,0,87,58,1.374,1,2172,0,451.993,19.734,316.813,322.125,-12.750,1.387,-0.094,2.754,-0.668,-19.723,10.543,3.056,3.412,1.163,1.408,0,NULL,NULL,,3,0,2,7,255,1085,250,0,0
stim,112908,143029,0,143029,3340369.454,-0.738,0.176,0.072,-0.647,0,0,13,0,0,0,0,83,58,1.374,1,2172,0,455.926,21.607,318.563,326.063,-8.375,1.410,-0.039,2.934,-0.766,-21.594,11.422,2.912,3.270,1.163,1.408,0,NULL,NULL,,3,0,2,7,255,1085,250,0,0
stim,112942,143063,0,143063,3340374.455,-0.734,0.194,0.074,-0.646,0,0,13,0,0,0,0,93,58,1.374,1,2172,0,446.460,23.073,303.875,327.000,-7.563,1.363,0.039,3.086,-0.926,-23.055,12.344,2.754,3.114,1.163,1.408,0,NULL,NULL,,3,0,2,7,255,1085,250,0,0
stim,112942,143063,0,143063,3340379.454,-0.730,0.212,0.077,-0.645,0,0,17,0,0,0,0,103,58,1.374,1,2172,0,423.606,23.799,275.563,321.563,-10.250,1.348,0.164,3.207,-0.926,-23.781,13.203,2.590,2.950,1.163,1.408,0,NULL,NULL,,3,0,2,7,255,1085,250,0,0
stim,112942,143063,0,143063,3340384.455,-0.726,0.229,0.080,-0.644,0,0,14,0,0,0,0,111,58,1.374,1,2172,0,395.662,24.733,243.063,311.438,-21.813,1.527,0.340,3.316,-0.566,-24.727,13.594,2.420,2.782,1.163,1.408,0,NULL,NULL,,3,0,2,7,255,1085,250,0,0
stim,112942,143063,0,143063,3340389.454,-0.722,0.243,0.085,-0.643,0,0,13,0,0,0,0,133,58,1.374,1,2172,0,358.060,27.326,194.688,298.563,-34.125,1.875,0.344,3.289,0.738,-27.316,13.594,2.248,2.608,1.163,1.408,0,NULL,NULL,,3,0,2,7,255,1085,250,0,0
stim,112976,143097,0,143097,3340394.455,-0.718,0.255,0.090,-0.641,0,0,0,0,0,0,0,155,58,1.374,1,2172,0,313.935,30.899,134.375,282.375,-27.625,2.250,0.129,3.023,0.738,-30.891,11.125,2.074,2.436,1.163,1.408,0,NULL,NULL,,3,0,2,7,255,1085,250,0,0
stim,112976,143097,0,143097,3340399.454,-0.716,0.265,0.096,-0.639,0,0,0,0,0,0,0,191,58,1.374,1,2172,0,276.548,33.536,84.250,263.375,-3.813,2.539,-0.125,2.547,-0.234,-33.535,5.930,1.900,2.260,1.163,1.408,0,NULL,NULL,,3,0,2,7,255,1085,250,0,0
stim,112976,143097,0,143097,3340404.455,-0.714,0.274,0.102,-0.636,0,0,0,0,0,0,0,239,58,1.374,1,2172,0,251.274,33.838,62.500,242.688,18.313,2.785,-0.305,2.023,-1.406,-33.809,-0.777,1.722,2.080,1.163,1.408,0,NULL,NULL,,3,0,2,7,255,1085,250,0,0
stim,112976,143097,0,143097,3340409.454,-0.713,0.282,0.107,-0.633,0,0,0,0,0,0,0,275,58,1.374,1,2172,0,235.459,33.986,68.875,222.938,31.563,3.066,-0.461,1.578,-1.750,-33.941,-7.406,1.538,1.894,1.163,1.408,0,NULL,NULL,,3,0,2,7,255,1085,250,0,0
stim,112976,143097,0,143097,3340414.455,-0.712,0.291,0.110,-0.629,0,0,0,0,0,0,0,306,58,1.374,1,2172,0,228.195,33.992,93.625,203.250,44.688,3.387,-0.691,1.238,-1.859,-33.941,-13.453,1.350,1.706,1.163,1.408,0,NULL,NULL,,3,0,2,7,255,1085,250,0,0
stim,112976,143097,0,143097,3340419.453,-0.711,0.300,0.111,-0.626,0,0,0,0,0,0,0,317,58,1.374,1,2172,0,232.309,34.877,127.875,181.938,67.188,3.660,-1.027,1.016,-2.738,-34.770,-18.996,1.162,1.514,1.163,1.408,0,NULL,NULL,,3,0,2,7,255,1085,250,0,0
stim,113007,143128,0,143128,3340424.455,-0.711,0.310,0.111,-0.621,0,0,0,0,0,0,0,329,58,1.374,1,2172,0,256.299,36.094,169.688,162.250,102.813,3.770,-1.316,0.906,-4.770,-35.777,-23.664,0.972,1.322,1.163,1.408,0,NULL,NULL,,3,0,2,7,255,1085,250,0,0
stim,113007,143128,0,143128,3340429.454,-0.710,0.322,0.108,-0.617,0,0,0,0,0,0,0,337,58,1.374,1,2172,0,290.535,36.390,223.063,144.438,117.438,3.383,-1.246,0.988,-6.648,-35.777,-24.176,0.784,1.126,1.163,1.408,0,NULL,NULL,,3,0,2,7,255,1085,250,0,0
stim,113007,143128,0,143128,3340434.455,-0.709,0.331,0.104,-0.614,0,0,0,0,0,0,0,342,58,1.374,1,2172,0,249.282,36.591,212.813,96.125,87.250,3.824,-1.840,1.805,-6.719,-35.969,-24.176,0.598,0.926,1.163,1.408,0,NULL,NULL,,3,0,2,7,255,1085,250,0,0
stim,113007,143128,0,143128,3340439.453,-0.711,0.340,0.098,-0.608,0,0,0,0,7,0,0,339,58,1.374,1,2172,0,285.494,43.414,194.625,75.500,194.750,3.996,-2.066,1.766,-12.813,-41.480,-24.176,0.426,0.724,1.163,1.408,0,NULL,NULL,,3,0,2,7,255,1085,250,0,0
stim,113007,143128,0,143128,3340444.455,-0.713,0.350,0.090,-0.600,0,0,7,0,36,0,0,335,58,1.374,1,2172,0,350.312,43.735,244.625,42.500,247.125,2.879,-1.938,1.840,-13.859,-41.480,-22.742,0.298,0.528,1.163,1.408,0,NULL,NULL,,3,0,2,7,255,1085,250,0,0
stim,113007,143128,0,143128,3340449.453,-0.714,0.359,0.080,-0.596,0,0,0,0,36,0,0,345,58,1.374,1,2172,0,310.895,37.441,261.313,-0.375,168.438,2.188,-1.227,2.871,-13.859,-34.781,-18.789,0.276,0.366,1.163,1.408,0,NULL,NULL,,3,0,2,7,255,1085,250,0,0
stim,113007,143128,0,143128,3340454.455,-0.713,0.364,0.074,-0.595,0,0,0,0,23,0,0,339,58,1.374,1,2172,0,189.079,37.199,170.750,-39.313,71.063,2.160,-0.492,3.547,-13.191,-34.781,-5.324,0.330,0.294,1.163,1.408,0,NULL,NULL,,3,0,2,7,255,1085,250,0,0
stim,113007,143128,0,143128,3340459.454,-0.713,0.365,0.069,-0.595,0,0,0,0,0,0,0,499,58,1.374,1,2172,0,111.952,37.839,87.500,-56.938,40.438,2.094,-0.605,3.359,-9.789,-36.551,1.035,0.372,0.310,1.163,1.408,0,NULL,NULL,,3,0,2,7,255,1085,250,0,0
stim,113029,143150,0,143150,3340464.455,-0.715,0.372,0.050,-0.590,357,0,0,652,0,43,0,579,58,1.374,1,2172,0,475.265,39.418,337.625,-187.688,276.875,0.738,-1.137,6.070,-9.789,-38.184,2.465,0.390,0.362,1.163,1.408,0,NULL,NULL,,3,0,2,7,255,1085,250,0,0
stim,113029,143150,0,143150,3340469.453,-0.725,0.373,0.031,-0.579,1021,0,0,1323,0,269,0,611,58,1.374,1,2172,0,555.137,44.521,187.813,-234.250,466.938,0.176,1.809,9.031,-15.898,-41.586,25.074,0.402,0.406,1.163,1.408,0,NULL,NULL,,3,0,2,7,255,1085,250,0,0
stim,113029,143150,0,143150,3340474.455,-0.750,0.339,0.048,-0.566,1629,0,0,1803,0,556,0,677,58,1.374,1,2172,0,1083.909,44.521,-1014.125,-94.375,370.813,-0.930,3.289,3.836,-15.898,-41.586,37.527,0.426,0.446,1.163,1.408,0,NULL,NULL,,3,0,2,7,255,1085,250,0,0
stim,113029,143150,0,143150,3340479.453,-0.774,0.296,0.068,-0.556,2074,0,0,1975,0,811,0,740,58,1.374,1,2172,0,1243.772,17.174,-1204.750,-161.188,263.750,-1.234,4.207,-1.000,14.680,-8.914,37.527,0.464,0.490,1.163,1.408,0,NULL,NULL,,3,0,2,7,255,1085,250,0,0
stim,113029,143150,0,143150,3340484.455,-0.787,0.271,0.080,-0.548,2300,0,0,2133,0,971,0,811,58,1.374,1,2173,0,729.622,30.736,-697.375,-91.938,193.813,-2.121,2.551,-3.043,18.945,24.203,2.023,0.484,0.524,1.163,1.408,1,1049.000,-36.000,,3,0,2,7,255,1085,250,0,0
stim,113029,143150,0,143150,3340489.454,-0.792,0.259,0.081,-0.547,2463,0,0,2251,0,1195,0,884,58,1.374,1,2173,0,299.697,30.736,-260.313,-138.875,52.625,-1.797,0.004,-1.680,18.945,24.203,-16.758,0.470,0.538,1.163,1.408,1,NULL,NULL,,3,0,2,7,255,1085,250,0,0
stim,113081,143202,0,143202,3340494.455,-0.792,0.256,0.076,-0.549,2575,0,0,2341,0,1327,0,983,58,1.374,1,2173,0,126.805,22.607,10.938,-124.313,-22.500,-0.406,0.070,0.688,-1.895,22.527,-16.758,0.434,0.538,1.163,1.408,1,NULL,NULL,,3,0,2,7,255,1085,250,0,0
stim,113081,143202,0,143202,3340499.453,-0.794,0.253,0.072,-0.548,2745,0,0,2569,0,1467,0,1059,58,1.374,1,2173,0,127.782,1.905,-1.063,-109.750,65.438,0.508,2.113,1.594,-1.895,0.199,-2.176,0.394,0.526,1.163,1.408,2,NULL,NULL,,3,0,2,7,255,1085,250,0,0
stim,113081,143202,0,143202,3340504.455,-0.800,0.247,0.069,-0.542,2863,0,0,2729,0,1519,0,1133,58,1.374,1,2173,0,261.943,10.928,-135.250,-124.188,186.813,-0.594,1.777,1.922,10.926,0.199,7.977,0.356,0.490,1.163,1.408,2,NULL,NULL,,3,0,2,7,255,1085,250,0,0
stim,113081,143202,0,143202,3340509.454,-0.810,0.231,0.069,-0.535,2955,0,0,2861,0,1563,0,1285,58,1.374,1,2173,0,464.851,11.018,-359.563,-178.438,234.438,-2.246,-0.750,1.129,10.926,1.426,7.977,0.326,0.432,1.163,1.408,2,NULL,NULL,,3,0,2,7,255,1085,250,0,0
stim,113081,143202,0,143202,3340514.455,-0.814,0.213,0.072,-0.535,3005,0,0,2949,0,1589,0,1383,58,1.374,1,2173,0,419.574,20.348,-383.688,-169.500,-9.813,-2.293,-1.586,-0.293,-17.121,10.996,5.957,0.312,0.358,1.163,1.408,2,NULL,NULL,,3,0,2,7,255,1085,250,0,0
stim,113081,143202,0,143202,3340519.454,-0.813,0.202,0.071,-0.542,3046,0,0,3028,0,1607,0,1487,58,1.374,1,2173,0,295.207,20.348,-168.375,-175.688,-167.125,-0.762,-1.004,-0.527,-17.121,10.996,-8.414,0.312,0.284,1.163,1.408,2,NULL,NULL,,3,0,2,7,255,1085,250,0,0
stim,113081,143202,0,143202,3340524.455,-0.808,0.199,0.066,-0.550,3069,0,0,3087,0,1617,0,1542,58,1.374,1,2173,0,253.907,12.682,33.063,-162.750,-192.063,0.582,-0.785,0.988,-11.668,4.969,-8.414,0.314,0.226,1.163,1.408,2,NULL,NULL,,3,0,2,7,255,1085,250,0,0
stim,113081,143202,0,143202,3340529.453,-0.806,0.197,0.061,-0.555,3091,0,0,3116,0,1645,0,1555,58,1.374,1,2173,0,170.172,12.660,32.500,-134.125,-99.563,1.305,-0.965,2.074,-5.836,-11.234,-4.477,0.304,0.196,1.163,1.408,2,NULL,NULL,,3,0,2,7,255,1085,250,0,0
stim,113081,143202,0,143202,3340534.455,-0.808,0.190,0.058,-0.554,3112,0,0,3154,0,1699,0,1548,58,1.374,1,2173,0,161.098,22.636,-87.188,-130.438,36.563,1.363,-1.355,2.219,-5.836,-21.871,2.813,0.292,0.188,1.163,1.408,2,NULL,NULL,,3,0,2,7,255,1085,250,0,0
stim,113081,143202,0,143202,3340539.453,-0.815,0.181,0.058,-0.548,3133,0,0,3183,0,1783,0,1554,58,1.374,1,2173,0,300.245,23.729,-211.813,-115.750,178.563,0.672,-1.410,1.496,-9.203,-21.871,2.813,0.282,0.188,1.163,1.408,2,NULL,NULL,,3,0,2,7,255,1085,250,0,0
stim,113103,143224,0,143224,3340544.455,-0.822,0.170,0.058,-0.540,3128,0,0,3196,0,1877,49,1591,58,1.374,1,2173,0,345.114,19.307,-241.938,-110.938,219.688,-0.797,-0.918,0.789,-11.293,-15.660,-0.844,0.280,0.186,1.163,1.408,2,NULL,NULL,,3,0,2,7,255,1085,250,0,0
stim,113103,143224,0,143224,3340549.454,-0.826,0.161,0.057,-0.537,3151,0,0,3224,0,1978,69,1673,58,1.374,1,2173,0,245.718,11.324,-180.938,-121.125,113.875,-1.230,-0.094,0.082,-11.293,0.832,-2.039,0.290,0.174,1.163,1.408,2,NULL,NULL,,3,0,2,7,255,1085,250,0,0
stim,113103,143224,0,143224,3340554.455,-0.828,0.156,0.053,-0.536,3143,0,0,3222,0,2085,84,1741,58,1.374,1,2173,0,152.355,8.743,-54.875,-139.625,26.563,-0.730,0.371,0.402,-5.996,6.363,-3.621,0.310,0.154,1.163,1.408,2,NULL,NULL,,3,0,2,7,255,1085,250,0,0
stim,113103,143224,0,143224,3340559.454,-0.828,0.152,0.049,-0.538,3153,0,0,3231,0,2155,81,1764,58,1.374,1,2173,0,150.063,6.363,-32.500,-143.813,-27.938,-0.484,0.398,1.469,0.008,6.363,-3.621,0.336,0.128,1.163,1.408,2,NULL,NULL,,3,0,2,7,255,1085,250,0,0
stim,113126,143247,0,143247,3340564.455,-0.828,0.145,0.047,-0.540,3153,0,0,3227,0,2245,119,1849,58,1.374,1,2173,0,167.117,1.545,-97.563,-129.438,-40.688,0.020,0.277,1.492,0.719,1.367,4.621,0.364,0.102,1.163,1.408,2,NULL,NULL,,3,0,2,7,255,1085,250,0,0
stim,113126,143247,0,143247,3340569.454,-0.829,0.137,0.046,-0.541,3143,0,0,3239,88,2316,218,1975,58,1.374,1,2173,0,190.887,3.351,-142.250,-125.375,-22.000,0.070,-0.152,1.176,0.719,-3.273,4.621,0.388,0.082,1.163,1.408,2,NULL,NULL,,3,0,2,7,255,1085,250,0,0
stim,113126,143247,0,143247,3340574.455,-0.829,0.129,0.045,-0.542,3140,0,0,3227,325,2361,288,2089,58,1.374,1,2173,0,173.611,4.619,-131.813,-111.625,-17.500,0.090,-0.645,1.121,-1.684,-4.301,0.910,0.404,0.068,1.163,1.408,2,NULL,NULL,,3,0,2,7,255,1085,250,0,0
stim,113126,143247,0,143247,3340579.454,-0.829,0.125,0.044,-0.544,3142,0,0,3239,593,2405,269,2160,58,1.374,1,2173,0,97.610,7.475,-56.875,-67.063,-42.375,0.488,-0.652,1.141,-4.379,-6.059,-0.234,0.416,0.058,1.163,1.408,2,NULL,NULL,,3,0,2,7,255,1085,250,0,0
stim,113158,143279,0,143279,3340584.455,-0.829,0.124,0.042,-0.544,3145,0,0,3235,777,2429,281,2227,58,1.374,1,2173,0,59.991,9.368,-1.375,-58.813,-11.750,0.738,0.098,0.906,-4.379,-8.281,-0.801,0.426,0.050,1.163,1.408,2,NULL,NULL,,3,0,2,7,255,1085,250,0,0
stim,113158,143279,0,143279,3340589.454,-0.828,0.124,0.040,-0.545,3133,0,0,3216,964,2451,281,2279,58,1.374,1,2173,0,49.383,8.944,20.063,-44.375,-8.188,0.105,0.648,1.734,3.379,-8.281,-0.801,0.436,0.042,1.163,1.408,2,NULL,NULL,,3,0,2,7,255,1085,250,0,0
stim,113178,143299,0,143299,3340594.455,-0.828,0.120,0.041,-0.546,3141,0,0,3227,1095,2471,292,2327,58,1.374,1,2173,0,84.500,4.241,-72.938,-25.188,-34.438,-0.156,0.313,1.535,3.379,-2.563,5.520,0.446,0.034,1.163,1.408,2,NULL,NULL,,3,0,2,7,255,1085,250,0,0
stim,113178,143299,0,143299,3340599.454,-0.828,0.116,0.042,-0.547,3143,10,0,3228,1181,2487,286,2363,58,1.374,1,2173,0,99.019,2.109,-91.438,-20.688,-31.875,-0.055,-0.070,0.715,1.551,-1.430,5.520,0.456,0.028,1.163,1.408,2,NULL,NULL,,3,0,2,7,255,1085,250,0,0
stim,113178,143299,0,143299,3340604.455,-0.827,0.114,0.043,-0.549,3135,21,0,3224,1290,2499,287,2404,58,1.374,1,2173,0,61.495,1.521,-40.125,-17.813,-43.063,-0.203,-0.164,0.816,-1.125,-1.023,-1.805,0.462,0.024,1.163,1.408,2,NULL,NULL,,3,0,2,7,255,1085,250,0,0
stim,113178,143299,0,143299,3340609.454,-0.826,0.113,0.042,-0.551,3129,37,0,3219,1367,2506,303,2423,58,1.374,1,2173,0,61.461,1.819,-3.688,-16.375,-59.125,-0.012,0.133,0.965,-1.125,-1.430,-1.805,0.468,0.020,1.163,1.408,2,NULL,NULL,,3,0,2,7,255,1085,250,0,0
stim,113178,143299,0,143299,3340614.455,-0.825,0.113,0.042,-0.553,3127,51,0,3223,1461,2517,309,2456,58,1.374,1,2173,0,54.083,1.773,-9.375,-11.250,-52.063,0.066,0.227,1.172,0.809,-1.578,-0.414,0.474,0.016,1.163,1.408,2,NULL,NULL,,3,0,2,7,255,1085,250,0,0
stim,113178,143299,0,143299,3340619.454,-0.824,0.110,0.043,-0.554,3133,71,0,3221,1553,2527,308,2471,58,1.374,1,2173,0,60.397,2.347,-45.250,-8.625,-39.063,-0.020,0.047,1.156,0.809,-2.203,1.332,0.482,0.010,1.163,1.408,2,NULL,NULL,,3,0,2,7,255,1085,250,0,0
stim,113178,143299,0,143299,3340624.455,-0.823,0.108,0.044,-0.555,3130,110,0,3224,1595,2539,293,2484,58,1.374,1,2173,0,67.346,2.203,-56.188,-7.125,-36.438,-0.121,-0.004,0.938,-0.008,-2.203,1.332,0.492,0.004,1.163,1.408,2,NULL,NULL,,3,0,2,7,255,1085,250,0,0
stim,113178,143299,0,143299,3340629.453,-0.822,0.106,0.045,-0.557,3126,111,0,3227,1623,2538,277,2507,58,1.374,1,2173,0,58.500,0.988,-36.188,-6.938,-45.438,-0.133,0.102,0.895,-0.008,-0.988,-0.621,0.498,0.000,1.163,1.408,2,NULL,NULL,,3,0,2,7,255,1085,250,0,0
stim,113178,143299,0,143299,3340634.455,-0.821,0.105,0.045,-0.559,3124,123,0,3217,1677,2551,263,2504,58,1.374,1,2173,0,55.391,1.012,-20.063,-6.250,-51.250,-0.047,0.129,1.016,0.219,-0.988,-0.621,0.000,0.000,1.163,1.408,2,NULL,NULL,,3,0,2,7,255,1085,250,0,0
stim,113178,143299,0,143299,3340639.453,-0.820,0.104,0.046,-0.560,3129,141,1,3213,1715,2551,267,2517,58,1.374,1,2173,0,48.642,1.327,-24.188,-4.125,-42.000,0.027,0.027,1.090,0.219,-1.309,0.121,0.000,0.000,1.163,1.408,2,NULL,NULL,,3,0,2,7,255,1085,250,0,0
stim,113209,143330,0,143330,3340644.455,-0.820,0.103,0.046,-0.561,3140,152,20,3223,1746,2567,262,2515,58,1.374,1,2173,0,40.582,2.218,-31.125,-2.313,-25.938,0.004,-0.004,1.027,0.121,-2.215,0.121,0.000,0.000,1.163,1.408,2,NULL,NULL,,3,0,2,7,255,1085,250,0,0
stim,113209,143330,0,143330,3340649.454,-0.820,0.101,0.047,-0.562,3123,159,33,3209,1755,2568,261,2517,58,1.374,1,2173,0,31.468,2.216,-25.938,-0.438,-17.813,-0.070,0.055,0.973,0.066,-2.215,0.008,0.000,0.000,1.163,1.408,2,NULL,NULL,,3,0,2,7,255,1085,250,0,0
stim,113209,143330,0,143330,3340654.455,-0.819,0.101,0.047,-0.562,3123,180,39,3217,1773,2569,245,2521,58,1.374,1,2173,0,25.918,1.228,-17.625,0.313,-19.000,-0.125,0.098,1.020,0.066,-1.227,0.008,0.000,0.000,1.163,1.408,2,NULL,NULL,,3,0,2,7,255,1085,250,0,0
stim,113209,143330,0,143330,3340659.454,-0.819,0.100,0.048,-0.563,3116,181,53,3199,1773,2552,231,2508,58,1.374,1,2173,0,28.306,0.770,-15.625,1.375,-23.563,-0.129,0.105,1.063,0.277,-0.719,0.273,0.000,0.000,1.163,1.408,2,NULL,NULL,,3,0,2,7,255,1085,250,0,0
stim,113209,143330,1,143330,3340664.455,-0.818,0.099,0.048,-0.564,3113,179,106,3197,1798,2564,183,2491,58,1.374,1,2173,0,29.572,0.798,-17.000,1.875,-24.125,-0.105,0.094,1.055,0.348,-0.719,0.559,0.000,0.000,1.163,1.408,2,NULL,NULL,,3,1,2,7,255,1085,250,0,0
stim,113240,143361,1,143361,3340669.453,-0.818,0.099,0.049,-0.565,3123,175,116,3207,1819,2549,169,2512,58,1.330,1,2173,1,26.028,0.996,-17.188,2.063,-19.438,-0.094,0.059,1.027,0.348,-0.934,0.559,0.000,0.000,1.118,1.423,2,NULL,NULL,,3,1,2,7,255,1085,250,0,0
stim,113240,143361,1,143361,3340674.455,-0.818,0.098,0.049,-0.565,3103,175,126,3188,1832,2549,157,2505,58,1.330,1,2173,1,21.232,0.938,-16.313,1.563,-13.500,-0.133,0.027,0.996,0.090,-0.934,0.258,0.006,0.002,1.118,1.423,2,NULL,NULL,,3,1,2,7,255,1085,250,0,0
stim,113240,143361,1,143361,3340679.454,-0.817,0.097,0.049,-0.566,3097,175,156,3181,1847,2543,145,2505,58,1.330,1,2173,1,18.888,0.847,-13.688,0.625,-13.000,-0.184,0.035,0.984,-0.328,-0.781,0.016,0.010,0.004,1.118,1.423,2,NULL,NULL,,3,1,2,7,255,1085,250,0,0
stim,113240,143361,1,143361,3340684.455,-0.817,0.097,0.050,-0.566,3089,173,169,3176,1853,2543,132,2504,58,1.330,1,2173,1,19.279,0.484,-9.313,-0.438,-16.875,-0.184,0.035,0.973,-0.391,-0.285,-0.012,0.014,0.006,1.118,1.423,2,NULL,NULL,,3,1,2,7,255,1085,250,0,0
stim,113240,143361,1,143361,3340689.453,-0.817,0.097,0.050,-0.567,3080,166,191,3169,1873,2542,119,2505,58,1.330,1,2173,1,17.946,0.490,-6.313,-1.938,-16.688,-0.152,0.008,0.969,-0.398,-0.285,-0.098,0.018,0.008,1.118,1.423,2,NULL,NULL,,3,1,2,7,255,1085,250,0,0
stim,113277,143398,1,143398,3340694.455,-0.816,0.096,0.050,-0.567,3067,149,215,3159,1883,2540,101,2515,58,1.330,1,2173,1,13.023,0.810,-5.063,-3.625,-11.438,-0.164,-0.027,0.957,-0.543,-0.602,-0.227,0.022,0.008,1.118,1.423,2,NULL,NULL,,3,1,2,7,255,1085,250,0,0
stim,113277,143398,1,143398,3340699.453,-0.816,0.096,0.050,-0.568,3055,147,247,3147,1897,2538,89,2509,58,1.330,1,2173,1,11.133,1.020,-3.688,-5.313,-9.063,-0.191,-0.012,0.949,-0.824,-0.602,-0.332,0.024,0.008,1.118,1.423,2,NULL,NULL,,3,1,2,7,255,1085,250,0,0
stim,113277,143398,1,143398,3340704.455,-0.816,0.095,0.050,-0.568,3047,143,271,3133,1913,2535,62,2510,58,1.330,1,2173,1,12.867,0.896,-1.500,-6.813,-10.813,-0.176,0.004,0.953,-0.824,-0.352,-0.344,0.028,0.008,1.118,1.423,2,NULL,NULL,,3,1,2,7,255,1085,250,0,0
stim,113277,143398,1,143398,3340709.454,-0.816,0.095,0.050,-0.568,3032,141,281,3119,1933,2533,61,2517,58,1.330,1,2173,1,12.582,0.842,1.375,-8.813,-8.875,-0.160,-0.016,0.945,-0.766,-0.352,-0.344,0.028,0.008,1.118,1.423,2,NULL,NULL,,3,1,2,7,255,1085,250,0,0
stim,113277,143398,1,143398,3340714.455,-0.816,0.095,0.049,-0.569,3017,135,291,3109,1950,2532,62,2522,58,1.330,1,2173,1,13.065,0.752,5.000,-10.250,-6.375,-0.164,0.016,0.949,-0.633,-0.406,-0.391,0.030,0.006,1.118,1.423,2,NULL,NULL,,3,1,2,7,255,1085,250,0,0
stim,113277,143398,1,143398,3340719.454,-0.815,0.095,0.048,-0.569,2999,126,295,3093,1973,2527,74,2527,58,1.330,1,2173,1,16.058,0.626,8.500,-11.688,-7.000,-0.180,0.066,0.965,-0.477,-0.406,-0.391,0.032,0.004,1.118,1.423,2,NULL,NULL,,3,1,2,7,255,1085,250,0,0
stim,113306,143427,1,143427,3340724.455,-0.815,0.095,0.048,-0.569,2982,123,310,3067,1993,2526,75,2539,58,1.330,1,2173,1,17.374,0.168,9.313,-12.750,-7.250,-0.188,0.086,0.980,-0.098,-0.137,-0.188,0.032,0.002,1.118,1.423,2,NULL,NULL,,3,1,2,7,255,1085,250,0,0
stim,113306,143427,1,143427,3340729.453,-0.815,0.095,0.047,-0.570,2969,123,333,3053,2011,2526,81,2543,58,1.330,1,2173,1,18.931,0.055,7.688,-14.375,-9.625,-0.195,0.102,0.988,0.055,0.004,0.023,0.032,0.002,1.118,1.423,2,NULL,NULL,,3,1,2,7,255,1085,250,0,0
stim,113306,143427,1,143427,3340734.455,-0.815,0.095,0.046,-0.570,2953,123,391,3035,2034,2527,87,2557,58,1.330,1,2173,1,19.582,0.193,5.563,-14.938,-11.375,-0.207,0.113,0.980,0.156,0.113,0.066,0.034,0.004,1.118,1.423,2,NULL,NULL,,3,1,2,7,255,1085,250,0,0
stim,113306,143427,1,143427,3340739.454,-0.814,0.095,0.046,-0.571,2927,125,425,3015,2065,2532,108,2571,58,1.330,1,2173,1,24.386,0.247,5.188,-16.438,-17.250,-0.180,0.141,0.980,0.211,0.129,0.066,0.034,0.006,1.118,1.423,2,NULL,NULL,,3,1,2,7,255,1085,250,0,0
stim,113306,143427,1,143427,3340744.455,-0.814,0.094,0.045,-0.571,2905,133,485,2996,2105,2533,123,2589,58,1.330,1,2173,1,24.348,0.566,5.625,-16.938,-16.563,-0.145,0.133,0.992,0.551,0.129,0.059,0.034,0.008,1.118,1.423,2,NULL,NULL,,3,1,2,7,255,1085,250,0,0
stim,113306,143427,1,143427,3340749.454,-0.814,0.094,0.044,-0.572,2879,134,589,2969,2159,2535,168,2611,58,1.330,1,2173,1,25.348,0.641,5.000,-18.125,-17.000,-0.117,0.137,0.992,0.598,-0.230,0.047,0.034,0.010,1.118,1.423,2,NULL,NULL,,3,1,2,7,255,1085,250,0,0
stim,113306,143427,1,143427,3340754.455,-0.813,0.094,0.043,-0.572,2855,135,651,2951,2208,2537,190,2617,58,1.330,1,2173,1,21.879,0.755,5.188,-19.563,-8.313,-0.125,0.188,1.000,0.719,-0.230,0.059,0.036,0.012,1.118,1.423,2,NULL,NULL,,3,1,2,7,255,1085,250,0,0
stim,113306,143427,1,143427,3340759.454,-0.813,0.094,0.042,-0.573,2829,137,713,2924,2259,2540,220,2645,58,1.330,1,2173,1,23.372,0.852,4.375,-18.750,-13.250,-0.172,0.172,1.008,0.824,-0.215,0.141,0.036,0.014,1.118,1.423,2,NULL,NULL,,3,1,2,7,255,1085,250,0,0
stim,113329,143450,1,143450,3340764.455,-0.813,0.093,0.041,-0.574,2793,141,757,2895,2287,2549,281,2660,58,1.330,1,2173,1,26.440,1.188,4.188,-19.813,-17.000,-0.117,0.211,1.023,1.168,-0.215,0.320,0.036,0.018,1.118,1.423,2,NULL,NULL,,3,1,2,7,255,1085,250,0,0
stim,113329,143450,1,143450,3340769.453,-0.812,0.093,0.041,-0.574,2769,153,823,2877,2327,2550,295,2679,58,1.330,1,2173,1,23.937,0.899,3.125,-20.250,-12.375,-0.121,0.160,0.992,0.867,-0.238,0.320,0.038,0.022,1.118,1.423,2,NULL,NULL,,3,1,2,7,255,1085,250,0,0
stim,113329,143450,1,143450,3340774.455,-0.812,0.092,0.040,-0.575,2735,157,933,2854,2377,2555,342,2687,58,1.330,1,2173,1,23.976,0.899,-0.375,-18.750,-14.938,-0.152,0.125,0.996,0.867,-0.238,0.129,0.040,0.026,1.118,1.423,2,NULL,NULL,,3,1,2,7,255,1085,250,0,0
stim,113329,143450,1,143450,3340779.454,-0.812,0.092,0.039,-0.575,2697,171,1032,2836,2414,2559,404,2707,58,1.330,1,2173,1,26.513,0.728,-2.000,-21.813,-14.938,-0.148,0.156,1.020,0.723,-0.090,0.129,0.040,0.032,1.118,1.423,2,NULL,NULL,,3,1,2,7,255,1085,250,0,0
stim,113329,143450,1,143450,3340784.455,-0.811,0.091,0.039,-0.576,2649,181,1127,2809,2451,2568,469,2720,58,1.330,1,2173,1,32.097,0.593,-5.188,-21.375,-23.375,-0.203,0.160,1.031,0.590,-0.059,0.371,0.044,0.038,1.118,1.423,2,NULL,NULL,,3,1,2,7,255,1085,250,0,0
stim,113329,143450,1,143450,3340789.453,-0.811,0.090,0.038,-0.577,2601,189,1221,2791,2485,2571,491,2735,58,1.330,1,2173,1,41.031,0.593,-9.250,-19.313,-35.000,-0.137,0.129,1.008,0.590,-0.059,0.371,0.046,0.042,1.118,1.423,2,NULL,NULL,,3,1,2,7,255,1085,250,0,0
stim,113384,143505,1,143505,3340794.455,-0.810,0.089,0.038,-0.579,2551,212,1303,2767,2521,2581,653,2749,58,1.330,1,2173,1,43.258,0.560,-13.625,-19.625,-36.063,-0.090,0.078,1.023,0.527,-0.188,0.250,0.048,0.048,1.118,1.423,2,NULL,NULL,,3,1,2,7,255,1085,250,0,0
stim,113384,143505,1,143505,3340799.454,-0.809,0.088,0.038,-0.580,2495,220,1375,2744,2551,2583,788,2775,58,1.330,1,2173,1,43.034,0.715,-20.625,-20.063,-32.000,-0.109,0.059,1.039,0.234,-0.676,0.250,0.052,0.052,1.118,1.423,2,NULL,NULL,,3,1,2,7,255,1085,250,0,0
stim,113384,143505,1,143505,3340804.455,-0.808,0.086,0.038,-0.581,2442,247,1515,2713,2588,2586,889,2781,58,1.330,1,2173,1,46.988,0.676,-27.063,-19.125,-33.313,-0.125,0.043,1.004,-0.023,-0.676,0.250,0.054,0.054,1.118,1.423,2,NULL,NULL,,3,1,2,7,255,1085,250,0,0
stim,113384,143505,1,143505,3340809.454,-0.808,0.085,0.038,-0.582,2387,249,1619,2684,2617,2588,1015,2797,58,1.330,1,2173,1,46.186,0.536,-27.813,-18.750,-31.750,-0.117,0.031,0.957,-0.184,-0.504,0.086,0.056,0.056,1.118,1.423,2,NULL,NULL,,3,1,2,7,255,1085,250,0,0
stim,113384,143505,1,143505,3340814.455,-0.807,0.083,0.038,-0.583,2325,252,1719,2662,2648,2591,1135,2811,58,1.330,1,2173,1,43.456,0.557,-25.063,-19.750,-29.500,-0.152,0.035,0.961,-0.246,-0.500,-0.258,0.056,0.056,1.118,1.423,2,NULL,NULL,,3,1,2,7,255,1085,250,0,0
stim,113384,143505,1,143505,3340819.453,-0.806,0.082,0.038,-0.585,2239,251,1819,2619,2674,2596,1261,2825,58,1.330,1,2173,1,47.399,0.345,-25.000,-20.875,-34.438,-0.168,0.012,0.996,-0.301,-0.168,-0.258,0.058,0.058,1.118,1.423,2,NULL,NULL,,3,1,2,7,255,1085,250,0,0
stim,113384,143505,1,143505,3340824.455,-0.806,0.080,0.038,-0.586,2169,248,1895,2581,2701,2597,1374,2839,58,1.330,1,2173,1,51.622,0.580,-27.188,-22.375,-37.750,-0.145,-0.020,1.012,-0.555,-0.168,0.066,0.058,0.058,1.118,1.423,2,NULL,NULL,,3,1,2,7,255,1085,250,0,0
stim,113384,143505,1,143505,3340829.453,-0.805,0.078,0.038,-0.587,2087,246,1959,2523,2723,2599,1503,2855,58,1.330,1,2173,1,57.330,0.757,-34.563,-23.063,-39.500,-0.125,-0.016,1.055,-0.617,-0.438,0.160,0.058,0.060,1.118,1.423,2,NULL,NULL,,3,1,2,7,255,1085,250,0,0
stim,113384,143505,1,143505,3340834.455,-0.804,0.075,0.039,-0.588,1984,245,2059,2475,2743,2598,1612,2867,58,1.330,1,2173,1,65.498,0.964,-49.438,-24.563,-35.250,-0.066,-0.051,1.086,-0.727,-0.633,0.578,0.058,0.058,1.118,1.423,2,NULL,NULL,,3,1,2,7,255,1085,250,0,0
stim,113384,143505,1,143505,3340839.454,-0.804,0.073,0.039,-0.589,1899,251,2147,2421,2771,2603,1724,2879,58,1.330,1,2173,1,66.981,0.884,-55.500,-24.000,-28.813,-0.191,0.063,0.930,-0.617,-0.633,0.578,0.060,0.056,1.118,1.423,2,NULL,NULL,,3,1,2,7,255,1085,250,0,0
stim,113412,143533,1,143533,3340844.455,-0.803,0.070,0.039,-0.591,1785,245,2220,2342,2782,2606,1815,2869,58,1.330,1,2173,1,63.939,0.353,-39.000,-26.188,-43.375,-0.172,0.039,0.875,-0.129,0.328,-0.508,0.062,0.054,1.118,1.423,2,NULL,NULL,,3,1,2,7,255,1085,250,0,0
stim,113412,143533,1,143533,3340849.453,-0.802,0.069,0.039,-0.592,1655,247,2274,2251,2811,2607,1915,2903,58,1.330,1,2173,1,56.851,0.353,-25.125,-29.375,-41.688,-0.086,-0.082,0.953,-0.129,0.328,-0.508,0.062,0.050,1.118,1.423,2,NULL,NULL,,3,1,2,7,255,1085,250,0,0
stim,113412,143533,1,143533,3340854.455,-0.801,0.067,0.039,-0.594,1512,237,2335,2165,2829,2611,2004,2910,58,1.330,1,2173,1,49.862,1.316,-23.000,-29.813,-32.688,-0.063,-0.090,1.027,-0.969,-0.891,-0.477,0.064,0.048,1.118,1.423,2,NULL,NULL,,3,1,2,7,255,1085,250,0,0
stim,113412,143533,1,143533,3340859.454,-0.801,0.065,0.038,-0.594,1323,199,2398,2045,2845,2607,2076,2921,58,1.330,1,2173,1,45.381,1.316,-25.500,-29.813,-22.813,-0.082,-0.023,1.043,-0.969,-0.891,0.199,0.068,0.046,1.118,1.423,2,NULL,NULL,,3,1,2,7,255,1085,250,0,0
stim,113412,143534,1,143534,3340864.455,-0.800,0.063,0.038,-0.595,1178,173,2443,1885,2861,2611,2151,2932,58,1.330,1,2173,1,47.734,0.910,-30.188,-30.563,-20.813,-0.129,0.047,1.051,-0.395,-0.820,0.398,0.070,0.044,1.118,1.423,2,NULL,NULL,,3,1,2,7,255,1085,250,0,0
stim,113412,143534,1,143534,3340869.454,-0.800,0.061,0.038,-0.596,1011,152,2490,1735,2876,2611,2224,2940,58,1.330,1,2173,1,52.409,0.221,-32.438,-30.688,-27.438,-0.129,0.047,1.012,0.152,-0.160,0.398,0.074,0.044,1.118,1.423,2,NULL,NULL,,3,1,2,7,255,1085,250,0,0
stim,113440,143561,1,143561,3340874.455,-0.799,0.059,0.038,-0.597,855,111,2535,1515,2899,2605,2293,2952,58,1.330,1,2173,1,52.035,0.221,-27.938,-31.813,-30.250,-0.098,-0.012,0.980,0.152,-0.160,0.203,0.076,0.044,1.118,1.423,2,NULL,NULL,,3,1,2,7,255,1085,250,0,0
stim,113440,143561,1,143561,3340879.453,-0.799,0.057,0.037,-0.598,675,85,2552,1317,2915,2601,2352,2957,58,1.330,1,2173,1,47.188,0.528,-21.063,-33.563,-25.625,-0.090,-0.047,1.004,-0.277,-0.449,0.039,0.080,0.044,1.118,1.423,2,NULL,NULL,,3,1,2,7,255,1085,250,0,0
stim,113440,143561,1,143561,3340884.455,-0.798,0.056,0.036,-0.599,463,71,2591,1076,2925,2601,2409,2967,58,1.330,1,2173,1,44.637,0.633,-18.188,-35.625,-19.813,-0.117,-0.027,1.051,-0.445,-0.449,0.039,0.082,0.044,1.118,1.423,2,NULL,NULL,,3,1,2,7,255,1085,250,0,0
stim,113440,143561,1,143561,3340889.453,-0.798,0.054,0.036,-0.600,301,3,2616,858,2939,2595,2459,2987,58,1.330,1,2173,1,46.102,0.555,-19.188,-36.875,-19.938,-0.160,-0.016,1.074,-0.445,-0.332,0.531,0.084,0.044,1.118,1.423,2,NULL,NULL,,3,1,2,7,255,1085,250,0,0
stim,113482,143603,1,143603,3340894.455,-0.797,0.052,0.035,-0.600,123,0,2646,658,2956,2585,2502,2983,58,1.330,1,2173,1,51.849,0.555,-22.688,-39.313,-25.063,-0.102,-0.043,1.035,-0.445,-0.332,0.531,0.088,0.044,1.118,1.423,2,NULL,NULL,,3,1,2,7,255,1085,250,0,0
stim,113482,143603,1,143603,3340899.454,-0.797,0.050,0.034,-0.601,40,0,2661,471,2966,2575,2548,2989,58,1.330,1,2173,1,50.091,0.599,-17.000,-40.875,-23.438,-0.090,-0.031,1.031,-0.426,-0.422,0.363,0.090,0.044,1.118,1.423,2,NULL,NULL,,3,1,2,7,255,1085,250,0,0
stim,113482,143603,1,143603,3340904.455,-0.796,0.049,0.033,-0.602,11,0,2683,251,2976,2554,2587,2996,58,1.330,1,2173,1,52.636,0.574,-11.688,-43.875,-26.625,-0.070,0.023,1.031,-0.367,-0.441,0.328,0.092,0.046,1.118,1.423,2,NULL,NULL,,3,1,2,7,255,1085,250,0,0
stim,113482,143603,1,143603,3340909.454,-0.795,0.047,0.031,-0.603,0,0,2703,127,2987,2537,2621,3002,58,1.330,1,2173,1,57.365,0.474,-9.563,-47.063,-31.375,-0.055,0.105,1.063,0.172,-0.441,0.328,0.094,0.050,1.118,1.423,2,NULL,NULL,,3,1,2,7,255,1085,250,0,0
stim,113482,143603,0,143603,3340914.455,-0.795,0.046,0.030,-0.604,0,0,2731,77,2999,2519,2651,3007,58,1.330,1,2173,1,59.069,0.908,-5.438,-50.813,-29.625,-0.105,0.102,1.082,0.832,-0.363,0.594,0.090,0.054,1.118,1.423,2,NULL,NULL,,3,0,2,7,255,1091,250,0,0
stim,113482,143603,0,143603,3340919.453,-0.795,0.045,0.027,-0.605,0,0,2743,24,3007,2493,2681,3017,58,1.330,1,2173,1,61.194,0.840,14.500,-57.688,-14.375,-0.266,0.012,1.219,0.832,0.117,0.855,0.086,0.060,1.118,1.423,2,NULL,NULL,,3,0,2,7,255,1091,250,0,0
stim,113482,143603,0,143603,3340924.455,-0.794,0.043,0.025,-0.606,0,0,2759,0,3031,2464,2713,3027,58,1.330,1,2173,0,70.766,1.370,13.875,-64.313,-26.063,-0.328,-0.039,1.340,-0.441,1.297,2.320,0.080,0.064,1.118,1.423,3,NULL,NULL,,3,0,2,7,255,1091,250,0,0
stim,113482,143603,0,143603,3340929.454,-0.793,0.042,0.022,-0.608,0,0,2765,0,3032,2445,2735,3029,58,1.330,1,2173,0,81.113,1.794,5.813,-68.688,-42.750,-0.297,-0.063,1.367,-1.094,1.422,3.555,0.078,0.068,1.118,1.423,3,NULL,NULL,,3,0,2,7,255,1091,250,0,0
stim,113482,143603,0,143603,3340934.455,-0.792,0.040,0.019,-0.609,0,0,2781,0,3037,2419,2759,3036,58,1.330,1,2173,0,86.466,1.794,19.125,-76.313,-35.875,-0.246,0.066,1.465,-1.094,1.422,3.805,0.076,0.072,1.118,1.423,3,NULL,NULL,,3,0,2,7,255,1091,250,0,0
stim,113482,143603,0,143603,3340939.453,-0.792,0.039,0.015,-0.609,0,0,2793,0,3051,2381,2783,3027,58,1.330,1,2173,0,94.316,1.269,35.813,-87.188,-3.375,-0.156,0.336,1.629,0.094,1.266,4.715,0.072,0.078,1.118,1.423,3,NULL,NULL,,3,0,2,7,255,1091,250,0,0
stim,113509,143630,0,143630,3340944.455,-0.792,0.036,0.013,-0.609,0,0,2797,0,3059,2333,2809,3041,58,1.330,1,2173,0,93.890,2.985,-25.938,-89.875,8.063,-0.043,0.406,1.535,2.789,1.063,5.270,0.066,0.086,1.118,1.423,3,NULL,NULL,,3,0,2,7,255,1091,250,0,0
stim,113509,143630,0,143630,3340949.453,-0.793,0.032,0.011,-0.608,0,0,2789,0,3062,2255,2841,3031,58,1.330,1,2173,0,106.551,2.985,-52.938,-91.375,14.188,-0.145,0.188,1.254,2.789,1.063,5.270,0.060,0.096,1.118,1.423,3,NULL,NULL,,3,0,2,7,255,1091,250,0,0
stim,113509,143630,0,143630,3340954.455,-0.794,0.029,0.008,-0.607,0,0,2791,0,3063,2203,2856,3027,58,1.330,1,2173,0,109.661,1.790,-32.375,-100.625,29.188,-0.234,0.070,1.180,1.426,1.082,2.551,0.052,0.106,1.118,1.423,3,NULL,NULL,,3,0,2,7,255,1091,250,0,0
stim,113509,143630,0,143630,3340959.454,-0.795,0.026,0.005,-0.607,0,0,2791,0,3078,2123,2862,3029,58,1.330,1,2173,0,109.717,1.774,-14.563,-106.625,21.375,-0.301,0.023,1.199,0.051,1.773,2.039,0.048,0.114,1.118,1.423,3,NULL,NULL,,3,0,2,7,255,1091,250,0,0
stim,113509,143630,0,143630,3340964.455,-0.795,0.022,0.002,-0.606,0,0,2797,0,3081,2010,2888,2997,58,1.330,1,2173,0,113.025,2.256,-11.313,-112.375,4.313,-0.289,-0.047,1.230,-0.566,2.184,2.039,0.040,0.124,1.118,1.423,3,NULL,NULL,,3,0,2,7,255,1091,250,0,0
stim,113509,143630,0,143630,3340969.453,-0.795,0.019,-0.002,-0.606,0,0,2781,0,3083,1880,2895,3019,58,1.330,1,2173,0,118.931,2.497,-8.500,-118.625,0.688,-0.242,-0.078,1.289,-1.211,2.184,2.328,0.034,0.134,1.118,1.423,3,NULL,NULL,,3,0,2,7,255,1091,250,0,0
stim,113538,143659,0,143659,3340974.455,-0.795,0.015,-0.006,-0.606,0,0,2773,0,3087,1739,2917,3014,58,1.330,1,2173,0,125.369,2.131,-11.750,-124.688,5.688,-0.191,-0.066,1.301,-1.211,1.754,2.859,0.028,0.146,1.118,1.423,3,NULL,NULL,,3,0,2,7,255,1091,250,0,0
stim,113538,143659,0,143659,3340979.453,-0.796,0.011,-0.010,-0.606,0,0,2751,0,3093,1577,2923,3019,58,1.330,1,2173,0,130.967,1.888,-18.000,-129.438,8.625,-0.164,-0.051,1.250,-1.195,1.461,2.859,0.020,0.158,1.118,1.423,3,NULL,NULL,,3,0,2,7,255,1091,250,0,0
stim,113538,143659,0,143659,3340984.455,-0.796,0.007,-0.013,-0.605,0,0,2745,0,3092,1339,2924,3005,58,1.330,1,2173,0,137.118,1.715,-23.500,-134.625,11.188,-0.156,-0.051,1.164,-0.977,1.410,2.453,0.014,0.170,1.118,1.423,3,NULL,NULL,,3,0,2,7,255,1091,250,0,0
stim,113538,143659,0,143659,3340989.454,-0.796,0.003,-0.018,-0.605,0,0,2709,0,3101,1097,2939,3001,58,1.330,1,2173,0,141.851,1.680,-20.938,-139.750,12.375,-0.141,-0.086,1.078,-0.977,1.367,1.578,0.012,0.182,1.118,1.423,3,NULL,NULL,,3,0,2,7,255,1091,250,0,0
stim,113578,143699,0,143699,3340994.455,-0.797,-0.001,-0.022,-0.604,0,0,2681,0,3099,857,2955,2991,58,1.330,1,2173,0,146.806,1.891,-8.938,-145.875,13.875,-0.156,-0.145,1.004,-1.273,1.398,0.711,0.016,0.194,1.118,1.423,3,NULL,NULL,,3,0,2,7,255,1091,250,0,0
stim,113578,143699,0,143699,3340999.453,-0.797,-0.005,-0.027,-0.603,0,0,2659,0,3109,651,2955,2975,58,1.330,1,2173,0,152.536,2.342,5.750,-151.688,15.000,-0.156,-0.164,1.008,-1.879,1.398,0.004,0.024,0.206,1.118,1.423,3,NULL,NULL,,3,0,2,7,255,1091,250,0,0
stim,113578,143699,0,143699,3341004.455,-0.797,-0.009,-0.033,-0.603,0,0,2617,0,3103,461,2957,2971,58,1.330,1,2173,0,158.317,2.356,18.563,-156.813,11.375,-0.121,-0.113,1.094,-1.879,1.422,0.004,0.034,0.218,1.118,1.423,3,NULL,NULL,,3,0,2,7,255,1091,250,0,0
stim,113578,143699,0,143699,3341009.454,-0.797,-0.012,-0.039,-0.602,0,0,2574,0,3102,316,2973,2943,58,1.330,1,2173,0,161.963,2.171,19.188,-160.750,4.813,-0.102,-0.031,1.156,-1.605,1.461,0.840,0.044,0.232,1.118,1.423,3,NULL,NULL,,3,0,2,7,255,1091,250,0,0
stim,113578,143699,0,143699,3341014.455,-0.797,-0.016,-0.045,-0.602,0,0,2524,0,3103,135,2975,2932,58,1.330,1,2173,0,165.695,1.836,14.813,-165.000,-3.250,-0.094,0.035,1.207,-0.832,1.637,1.434,0.054,0.244,1.118,1.423,3,NULL,NULL,,3,0,2,7,255,1091,250,0,0
stim,113578,143699,0,143699,3341019.454,-0.797,-0.020,-0.051,-0.602,0,0,2467,0,3103,52,2981,2911,58,1.330,1,2173,0,170.421,1.952,8.938,-170.125,-4.563,-0.043,0.180,1.262,-0.270,1.934,1.879,0.066,0.256,1.118,1.423,3,NULL,NULL,,3,0,2,7,255,1091,250,0,0
stim,113615,143736,0,143736,3341024.455,-0.796,-0.024,-0.057,-0.602,0,0,2383,0,3099,3,2989,2877,58,1.330,1,2173,0,173.575,2.372,8.563,-173.188,-7.813,-0.066,0.313,1.340,1.145,2.078,2.438,0.076,0.270,1.118,1.423,3,NULL,NULL,,3,0,2,7,255,1091,250,0,0
stim,113615,143736,0,143736,3341029.453,-0.796,-0.029,-0.064,-0.602,0,0,2297,0,3095,3,2985,2847,58,1.330,1,2173,0,182.022,3.114,8.500,-181.625,-8.500,-0.203,0.250,1.570,1.148,2.895,3.133,0.086,0.284,1.118,1.423,3,NULL,NULL,,3,0,2,7,255,1091,250,0,0
stim,113615,143736,0,143736,3341034.455,-0.795,-0.033,-0.071,-0.602,0,0,2213,0,3091,9,2985,2807,58,1.330,1,2173,0,194.434,4.648,6.188,-193.813,-14.250,-0.273,0.121,1.922,1.148,4.504,5.160,0.102,0.302,1.118,1.423,3,NULL,NULL,,3,0,2,7,255,1091,250,0,0
stim,113615,143736,0,143736,3341039.453,-0.794,-0.039,-0.078,-0.601,0,0,2089,0,3081,39,2983,2763,58,1.330,1,2173,0,210.064,5.570,-0.750,-210.063,-0.250,-0.309,0.113,2.215,-0.457,5.551,8.426,0.124,0.326,1.118,1.423,3,NULL,NULL,,3,0,2,7,255,1091,250,0,0
stim,113615,143736,0,143736,3341044.455,-0.794,-0.046,-0.085,-0.600,0,0,1943,0,3083,69,2984,2725,58,1.330,1,2173,0,232.972,6.660,-28.250,-230.063,23.438,-0.445,0.336,2.344,-0.457,6.645,11.090,0.156,0.362,1.118,1.423,3,NULL,NULL,,3,0,2,7,255,1091,250,0,0
stim,113615,143736,0,143736,3341049.454,-0.794,-0.055,-0.092,-0.598,0,0,1829,0,3051,74,2967,2647,58,1.330,1,2173,0,263.332,9.197,-54.500,-255.500,33.063,-0.598,0.633,2.418,0.777,9.164,11.910,0.200,0.408,1.118,1.423,3,NULL,NULL,,3,0,2,7,255,1091,250,0,0
stim,113615,143736,0,143736,3341054.455,-0.794,-0.065,-0.100,-0.596,0,0,1677,0,3042,87,2965,2587,58,1.330,1,2173,0,296.593,12.420,-91.875,-280.438,29.688,-0.598,0.801,2.363,3.113,12.023,11.910,0.252,0.464,1.118,1.423,3,NULL,NULL,,3,0,2,7,255,1091,250,0,0
stim,113615,143736,0,143736,3341059.454,-0.793,-0.077,-0.107,-0.595,0,0,1559,0,3014,93,2926,2488,58,1.330,1,2173,0,322.604,13.329,-108.438,-303.063,21.625,-0.586,0.691,2.242,3.848,12.762,11.191,0.312,0.526,1.118,1.423,3,NULL,NULL,,3,0,2,7,255,1091,250,0,0
stim,113615,143736,0,143736,3341064.455,-0.792,-0.090,-0.115,-0.593,0,0,1455,0,2987,105,2901,2391,58,1.330,1,2173,0,350.410,13.449,-115.188,-329.563,30.125,-0.531,0.617,2.316,3.848,12.887,10.195,0.378,0.594,1.118,1.423,3,NULL,NULL,,3,0,2,7,255,1091,250,0,0
stim,113615,143736,0,143736,3341069.453,-0.791,-0.104,-0.124,-0.591,0,0,1339,0,2959,115,2867,2291,58,1.330,1,2173,0,374.071,13.299,-129.313,-349.875,28.188,-0.590,0.551,2.270,3.285,12.887,9.727,0.450,0.666,1.118,1.423,3,NULL,NULL,,3,0,2,7,255,1091,250,0,0
stim,113636,143757,0,143757,3341074.455,-0.789,-0.117,-0.133,-0.588,0,0,1229,0,2923,119,2823,2163,58,1.330,1,2173,0,390.168,13.950,-120.938,-370.125,24.750,-0.617,0.527,2.395,2.551,13.715,9.746,0.528,0.748,1.118,1.423,3,NULL,NULL,,3,0,2,7,255,1091,250,0,0
stim,113636,143757,0,143757,3341079.453,-0.787,-0.131,-0.144,-0.586,0,0,1174,0,2887,119,2745,2071,58,1.330,1,2173,0,405.792,15.149,-99.438,-393.250,11.563,-0.781,0.383,2.645,2.230,14.984,9.746,0.616,0.836,1.118,1.423,3,NULL,NULL,,3,0,2,7,255,1091,250,0,0
stim,113636,143757,0,143757,3341084.455,-0.784,-0.145,-0.156,-0.583,0,0,1116,0,2807,126,2651,1955,58,1.330,1,2173,0,429.834,17.762,-81.063,-421.938,12.438,-0.797,0.625,3.039,2.230,17.621,10.953,0.710,0.934,1.118,1.423,3,NULL,NULL,,3,0,2,7,255,1091,250,0,0
stim,113636,143757,0,143757,3341089.454,-0.780,-0.160,-0.168,-0.580,0,0,987,0,2745,115,2537,1813,58,1.330,1,2173,0,458.490,20.892,-118.625,-442.875,1.625,-0.883,0.809,3.180,2.293,20.766,13.422,0.810,1.036,1.118,1.423,3,NULL,NULL,,3,0,2,7,255,1091,250,0,0
stim,113690,143811,0,143811,3341094.455,-0.776,-0.177,-0.180,-0.578,0,0,857,0,2629,74,2373,1656,58,1.330,1,2173,0,479.014,23.826,-158.438,-451.875,-12.688,-0.867,0.934,3.078,3.734,23.531,13.422,0.918,1.146,1.118,1.423,3,NULL,NULL,,3,0,2,7,255,1091,250,0,0
stim,113690,143811,0,143811,3341099.453,-0.770,-0.194,-0.191,-0.577,0,0,755,0,2515,57,2195,1490,58,1.330,1,2173,0,497.388,23.826,-179.313,-462.875,-31.438,-0.848,0.582,2.863,3.734,23.531,11.488,1.030,1.260,1.118,1.423,3,NULL,NULL,,3,0,2,7,255,1091,250,0,0
stim,113690,143811,0,143811,3341104.455,-0.764,-0.212,-0.203,-0.574,0,0,597,0,2349,5,1911,1299,58,1.330,1,2173,0,505.633,22.993,-163.500,-477.500,-30.438,-0.688,0.234,2.820,2.121,22.895,9.098,1.144,1.376,1.118,1.423,3,NULL,NULL,,3,0,2,7,255,1091,250,0,0
stim,113690,143811,0,143811,3341109.454,-0.758,-0.230,-0.215,-0.571,0,0,420,0,2106,0,1610,1077,58,1.330,1,2173,0,527.811,21.411,-171.375,-499.063,-12.313,-0.570,-0.184,2.516,-0.613,21.402,9.016,1.252,1.488,1.118,1.423,3,NULL,NULL,,3,0,2,7,255,1091,250,0,0
stim,113690,143811,0,143811,3341114.455,-0.752,-0.249,-0.228,-0.566,0,0,279,0,1835,0,1183,923,58,1.330,1,2173,0,542.854,19.115,-173.688,-514.250,8.375,-0.348,-0.395,1.984,-4.074,18.676,6.813,1.348,1.588,1.118,1.423,3,NULL,NULL,,3,0,2,7,255,1091,250,0,0
stim,113690,143811,0,143811,3341119.454,-0.746,-0.266,-0.241,-0.561,0,0,219,0,1519,0,653,763,58,1.330,1,2173,0,535.060,14.615,-128.813,-519.188,11.875,-0.234,-0.297,1.508,-4.074,14.035,3.582,1.432,1.676,1.118,1.423,3,NULL,NULL,,3,0,2,7,255,1091,250,0,0
stim,113690,143811,0,143811,3341124.455,-0.741,-0.282,-0.256,-0.554,0,0,121,0,1115,0,239,589,58,1.330,1,2173,0,531.819,11.600,-66.625,-526.125,39.813,-0.234,-0.059,1.367,-3.930,10.914,0.008,1.512,1.760,1.118,1.423,3,NULL,NULL,,3,0,2,7,255,1091,250,0,0
stim,113690,143811,0,143811,3341129.453,-0.737,-0.295,-0.271,-0.544,0,0,107,0,657,0,0,459,58,1.330,1,2173,0,532.084,11.049,-8.563,-527.000,72.875,-0.414,0.086,1.695,-1.723,10.914,-1.688,1.596,1.848,1.118,1.423,3,NULL,NULL,,3,0,2,7,255,1091,250,0,0
stim,113690,143811,0,143811,3341134.455,-0.734,-0.309,-0.287,-0.532,0,0,51,0,218,0,0,351,58,1.330,1,2173,0,553.257,15.083,17.438,-536.750,133.000,-0.863,0.020,2.074,-1.723,14.984,-1.816,1.690,1.944,1.118,1.423,3,NULL,NULL,,3,0,2,7,255,1091,250,0,0
stim,113690,143811,0,143811,3341139.453,-0.732,-0.325,-0.301,-0.518,0,0,31,0,0,0,0,243,58,1.330,1,2173,0,596.539,20.968,-11.500,-562.250,199.000,-1.297,0.105,2.035,-3.441,20.684,-3.191,1.788,2.046,1.118,1.423,3,NULL,NULL,,3,0,2,7,255,1091,250,0,0
stim,113690,143811,0,143811,3341144.455,-0.729,-0.342,-0.315,-0.503,0,0,22,0,0,0,0,117,58,1.330,1,2173,0,613.370,22.078,-34.938,-574.438,212.188,-1.504,0.352,1.664,-3.441,21.809,-7.867,1.888,2.148,1.118,1.423,4,NULL,NULL,,3,0,2,7,255,1091,250,0,0
stim,113690,143811,0,143811,3341149.454,-0.723,-0.359,-0.328,-0.491,0,0,10,0,0,0,0,33,58,1.330,1,2173,0,565.988,21.962,-96.563,-539.375,141.750,-0.996,1.070,1.137,-2.590,21.809,-13.160,1.982,2.244,1.118,1.423,0,NULL,NULL,,3,0,2,7,255,1091,250,0,0
stim,113726,143847,0,143847,3341154.455,-0.716,-0.374,-0.339,-0.482,0,0,17,0,0,0,0,42,58,1.330,1,2173,0,502.578,17.512,-133.938,-478.813,73.375,-0.383,1.574,0.906,5.867,16.500,-13.160,2.066,2.330,1.118,1.423,0,NULL,NULL,,3,0,2,7,255,1091,250,0,0
stim,113726,143847,0,143847,3341159.454,-0.709,-0.391,-0.344,-0.476,0,0,17,0,0,0,0,73,58,1.330,1,2173,0,457.402,17.952,-231.750,-385.063,85.063,0.047,1.617,0.672,12.559,12.828,-12.164,2.140,2.408,1.118,1.423,0,NULL,NULL,,3,0,2,7,255,1091,250,0,0
stim,113726,143847,0,143847,3341164.455,-0.702,-0.406,-0.346,-0.472,0,0,12,0,0,0,0,87,58,1.330,1,2173,0,385.587,15.448,-242.500,-282.125,101.375,0.035,0.875,0.316,12.559,8.996,-10.398,2.202,2.470,1.118,1.423,0,NULL,NULL,,3,0,2,7,255,1091,250,0,0
stim,113726,143847,0,143847,3341169.453,-0.701,-0.414,-0.347,-0.466,0,0,16,0,0,0,0,99,58,1.330,1,2173,0,233.687,10.123,-88.688,-181.000,118.250,-0.547,0.082,0.477,7.914,6.313,-10.398,2.250,2.522,1.118,1.423,0,NULL,NULL,,3,0,2,7,255,1091,250,0,0
stim,113726,143847,0,143847,3341174.455,-0.701,-0.417,-0.349,-0.462,0,0,17,0,0,0,0,102,58,1.330,1,2173,0,133.693,6.469,5.250,-104.875,82.750,-1.148,-0.336,1.578,-1.414,6.313,-12.551,2.298,2.572,1.118,1.423,0,NULL,NULL,,3,0,2,7,255,1091,250,0,0
stim,113726,143847,0,143847,3341179.454,-0.699,-0.420,-0.347,-0.463,0,0,18,0,0,0,0,117,58,1.330,1,2173,0,93.138,19.206,-91.750,-14.250,-7.313,-1.309,-0.391,2.066,-8.066,17.430,-12.551,2.352,2.630,1.118,1.423,0,NULL,NULL,,3,0,2,7,255,1091,250,0,0
stim,113753,143874,0,143874,3341184.455,-0.695,-0.425,-0.341,-0.469,0,0,16,0,0,0,0,98,58,1.330,1,2173,0,250.334,19.206,-234.125,75.625,-46.188,-0.969,-0.004,1.219,-8.066,17.430,-12.551,2.406,2.686,1.118,1.423,0,NULL,NULL,,3,0,2,7,255,1091,250,0,0
stim,113753,143874,0,143874,3341189.454,-0.692,-0.429,-0.332,-0.476,0,0,12,0,0,0,0,91,58,1.330,1,2173,0,289.227,14.804,-248.375,145.750,-26.813,-0.719,0.762,0.160,-3.754,14.320,-13.332,2.454,2.738,1.118,1.423,0,NULL,NULL,,3,0,2,7,255,1091,250,0,0
stim,113780,143901,0,143901,3341194.455,-0.691,-0.429,-0.324,-0.483,0,0,11,0,0,0,0,77,58,1.330,1,2173,0,236.314,6.916,-139.313,190.563,-11.063,-0.793,1.082,-0.090,4.656,5.113,-17.480,2.504,2.790,1.118,1.423,0,NULL,NULL,,3,0,2,7,255,1091,250,0,0
stim,113780,143901,0,143901,3341199.453,-0.693,-0.426,-0.317,-0.488,0,0,9,0,0,0,0,67,58,1.330,1,2173,0,224.286,6.916,-46.063,218.250,-23.438,-0.902,0.762,0.449,4.656,5.113,-17.688,2.554,2.844,1.118,1.423,0,NULL,NULL,,3,0,2,7,255,1091,250,0,0
stim,113780,143901,0,143901,3341204.455,-0.694,-0.422,-0.309,-0.495,0,0,7,0,0,0,0,72,58,1.330,1,2173,0,252.375,9.474,-61.500,240.938,-43.125,-0.785,0.297,0.855,4.152,8.516,-17.688,2.608,2.898,1.118,1.423,0,NULL,NULL,,3,0,2,7,255,1091,250,0,0
stim,113780,143901,0,143901,3341209.454,-0.694,-0.419,-0.300,-0.503,0,0,7,0,0,0,0,75,58,1.330,1,2173,0,286.887,8.524,-124.313,256.063,-35.813,-0.555,0.125,0.656,0.379,8.516,-13.461,2.654,2.950,1.118,1.423,0,NULL,NULL,,3,0,2,7,255,1091,250,0,0
stim,113780,143901,0,143901,3341214.455,-0.695,-0.418,-0.289,-0.510,0,0,3,0,0,0,0,78,58,1.330,1,2173,0,300.371,8.212,-146.625,262.125,-3.750,-0.438,0.211,0.117,0.379,8.203,-13.449,2.694,2.990,1.118,1.423,0,NULL,NULL,,3,0,2,7,255,1091,250,0,0
stim,113780,143901,0,143901,3341219.454,-0.696,-0.415,-0.278,-0.515,0,0,4,0,0,0,0,83,58,1.330,1,2173,0,285.187,3.235,-109.375,262.438,22.250,-0.469,0.332,-0.273,0.594,3.180,-13.449,2.722,3.020,1.118,1.423,0,NULL,NULL,,3,0,2,7,255,1091,250,0,0
stim,113780,143901,0,143901,3341224.455,-0.699,-0.411,-0.269,-0.520,0,0,5,0,0,0,0,75,58,1.330,1,2173,0,267.087,1.313,-47.813,261.375,27.063,-0.480,0.340,-0.359,1.301,0.176,-15.867,2.740,3.042,1.118,1.423,0,NULL,NULL,,3,0,2,7,255,1091,250,0,0
stim,113780,143901,0,143901,3341229.453,-0.702,-0.405,-0.260,-0.524,0,0,0,0,0,0,0,76,58,1.330,1,2173,0,263.464,1.313,-1.063,261.875,28.875,-0.383,0.281,-0.223,1.301,0.176,-15.867,2.754,3.060,1.118,1.423,0,NULL,NULL,,3,0,2,7,255,1091,250,0,0
stim,113780,143901,0,143901,3341234.455,-0.706,-0.399,-0.252,-0.527,0,0,0,0,0,0,0,72,58,1.330,1,2173,0,269.490,1.180,20.750,265.063,44.000,-0.281,0.234,-0.090,1.133,0.332,-14.797,2.764,3.074,1.118,1.423,0,NULL,NULL,,3,0,2,7,255,1091,250,0,0
stim,113780,143901,0,143901,3341239.453,-0.711,-0.392,-0.243,-0.530,0,0,0,0,0,0,0,63,58,1.330,1,2173,0,279.400,1.475,37.250,269.438,63.875,-0.285,0.250,-0.031,1.133,0.945,-13.176,2.776,3.086,1.118,1.423,0,NULL,NULL,,3,0,2,7,255,1091,250,0,0
stim,113809,143930,0,143930,3341244.455,-0.717,-0.385,-0.235,-0.532,0,0,0,0,0,0,0,61,58,1.330,1,2173,0,290.043,1.990,60.625,273.438,75.375,-0.352,0.270,0.063,1.285,1.520,-12.891,2.786,3.098,1.118,1.423,0,NULL,NULL,,3,0,2,7,255,1091,250,0,0
stim,113809,143930,0,143930,3341249.454,-0.723,-0.376,-0.227,-0.534,0,0,0,0,0,0,0,61,58,1.330,1,2173,0,299.010,3.014,81.688,276.875,77.938,-0.395,0.227,0.203,1.285,2.727,-12.887,2.800,3.116,1.118,1.423,0,NULL,NULL,,3,0,2,7,255,1091,250,0,0
stim,113809,143930,0,143930,3341254.455,-0.728,-0.367,-0.219,-0.535,0,0,0,0,0,0,0,59,58,1.330,1,2173,0,306.881,4.222,95.063,281.063,78.375,-0.402,0.188,0.348,0.953,4.113,-12.137,2.822,3.140,1.118,1.423,0,NULL,NULL,,3,0,2,7,255,1091,250,0,0
stim,113809,143930,0,143930,3341259.454,-0.734,-0.358,-0.211,-0.537,0,0,0,0,0,0,0,60,58,1.330,1,2173,0,314.313,5.340,103.188,286.750,76.938,-0.406,0.211,0.488,0.953,5.254,-11.098,2.848,3.170,1.118,1.423,0,NULL,NULL,,3,0,2,7,255,1091,250,0,0
stim,113809,143930,0,143930,3341264.455,-0.740,-0.348,-0.203,-0.538,0,0,0,0,0,0,0,46,58,1.330,1,2173,0,321.122,6.466,106.188,294.563,71.250,-0.414,0.258,0.645,0.984,6.391,-10.168,2.880,3.204,1.118,1.423,0,NULL,NULL,,3,0,2,7,255,1091,250,0,0
stim,113809,143930,0,143930,3341269.453,-0.746,-0.338,-0.195,-0.540,0,0,0,0,0,0,0,51,58,1.330,1,2173,0,326.583,7.796,103.188,303.250,63.625,-0.441,0.254,0.793,1.551,7.641,-9.148,2.918,3.242,1.118,1.423,0,NULL,NULL,,3,0,2,7,255,1091,250,0,0
stim,113839,143960,0,143960,3341274.455,-0.751,-0.328,-0.186,-0.542,0,0,0,0,0,0,0,47,58,1.330,1,2173,0,330.304,9.006,95.313,311.500,54.625,-0.484,0.227,0.953,1.551,8.871,-8.094,2.960,3.286,1.118,1.423,0,NULL,NULL,,3,0,2,7,255,1091,250,0,0
stim,113839,143960,0,143960,3341279.454,-0.755,-0.318,-0.177,-0.545,0,0,0,0,0,0,0,46,58,1.330,1,2173,0,333.311,10.255,80.250,321.000,40.188,-0.477,0.234,1.074,1.551,10.137,-6.930,3.004,3.334,1.118,1.423,0,NULL,NULL,,3,0,2,7,255,1091,250,0,0
stim,113839,143960,0,143960,3341284.455,-0.759,-0.308,-0.168,-0.549,0,0,0,0,0,0,0,51,58,1.330,1,2173,0,338.101,10.530,59.563,331.938,24.125,-0.406,0.238,1.105,1.586,10.410,-5.750,3.052,3.384,1.118,1.423,0,NULL,NULL,,3,0,2,7,255,1091,250,0,0
stim,113839,143960,0,143960,3341289.453,-0.762,-0.299,-0.157,-0.553,0,0,0,0,0,0,0,49,58,1.330,1,2173,0,345.380,10.593,40.688,342.625,15.500,-0.344,0.215,1.055,1.961,10.410,-4.797,3.100,3.436,1.118,1.423,0,NULL,NULL,,3,0,2,7,255,1091,250,0,0
stim,113877,143998,0,143998,3341294.455,-0.765,-0.289,-0.146,-0.557,0,0,0,0,0,0,0,47,58,1.330,1,2173,0,352.972,9.608,29.938,351.500,11.875,-0.340,0.191,0.969,1.961,9.406,-4.758,3.148,3.486,1.118,1.423,0,NULL,NULL,,3,0,2,7,255,1091,250,0,0
stim,113877,143998,0,143998,3341299.453,-0.767,-0.279,-0.135,-0.562,0,0,0,0,0,0,0,48,58,1.330,1,2173,0,359.228,8.825,27.813,358.125,4.250,-0.340,0.160,0.891,1.758,8.648,-4.758,3.192,3.534,1.118,1.423,0,NULL,NULL,,3,0,2,7,255,1091,250,0,0
stim,113901,144022,0,144022,3341304.455,-0.769,-0.269,-0.124,-0.567,0,0,1,0,0,0,0,47,58,1.330,1,2173,0,364.266,8.111,31.938,362.813,-6.063,-0.293,0.125,0.832,1.469,7.977,-4.934,3.234,3.578,1.118,1.423,0,NULL,NULL,,3,0,2,7,255,1091,250,0,0
stim,113901,144022,0,144022,3341309.454,-0.771,-0.259,-0.113,-0.571,0,0,0,0,0,0,0,48,58,1.330,1,2173,0,367.962,7.174,40.313,365.563,-11.625,-0.211,0.094,0.785,1.281,7.059,-4.934,3.270,3.616,1.118,1.423,0,NULL,NULL,,3,0,2,7,255,1091,250,0,0
stim,113901,144022,0,144022,3341314.455,-0.772,-0.248,-0.102,-0.576,0,0,0,0,0,0,0,53,58,1.330,1,2173,0,370.739,6.074,54.375,366.563,-11.063,-0.156,0.074,0.730,1.262,5.941,-4.656,3.302,3.650,1.118,1.423,0,NULL,NULL,,3,0,2,7,255,1091,250,0,0
stim,113901,144022,0,144022,3341319.454,-0.774,-0.236,-0.092,-0.580,0,0,1,0,0,0,0,53,58,1.330,1,2173,0,373.132,5.129,75.000,365.438,-7.625,-0.141,0.066,0.727,1.227,4.980,-4.602,3.328,3.680,1.118,1.423,0,NULL,NULL,,3,0,2,7,255,1091,250,0,0
stim,113901,144022,0,144022,3341324.455,-0.776,-0.223,-0.082,-0.584,0,0,0,0,0,0,0,51,58,1.330,1,2173,0,374.391,5.095,94.250,362.313,-3.938,-0.168,0.074,0.777,1.227,4.945,-4.406,3.354,3.706,1.118,1.423,0,NULL,NULL,,3,0,2,7,255,1091,250,0,0
stim,113901,144022,0,144022,3341329.453,-0.778,-0.210,-0.073,-0.587,0,0,0,0,0,0,0,57,58,1.330,1,2173,0,374.484,5.039,111.063,357.625,-2.813,-0.145,0.109,0.840,1.348,4.855,-3.945,3.374,3.730,1.118,1.423,0,NULL,NULL,,3,0,2,7,255,1091,250,0,0
stim,113901,144022,0,144022,3341334.455,-0.780,-0.197,-0.064,-0.590,0,0,0,0,0,0,0,61,58,1.330,1,2173,0,375.974,5.191,127.000,353.875,0.313,-0.078,0.109,0.859,1.836,4.855,-3.273,3.394,3.754,1.118,1.423,0,NULL,NULL,,3,0,2,7,255,1091,250,0,0
stim,113901,144022,0,144022,3341339.454,-0.782,-0.183,-0.056,-0.593,0,0,0,0,0,0,0,67,58,1.330,1,2173,0,379.306,4.629,147.813,349.188,9.625,-0.074,0.105,0.918,2.055,4.148,-2.711,3.416,3.776,1.118,1.423,0,NULL,NULL,,3,0,2,7,255,1091,250,0,0
stim,113901,144022,0,144022,3341344.455,-0.784,-0.168,-0.049,-0.595,0,0,0,0,0,0,0,75,58,1.330,1,2173,0,384.131,4.654,168.063,345.000,16.938,-0.109,0.121,1.023,2.109,4.148,-2.020,3.436,3.798,1.118,1.423,0,NULL,NULL,,3,0,2,7,255,1091,250,0,0
stim,113901,144022,0,144022,3341349.454,-0.787,-0.153,-0.042,-0.597,0,0,3,0,0,0,0,73,58,1.330,1,2173,0,388.980,5.030,184.125,342.125,18.813,-0.145,0.152,1.145,2.285,4.480,-1.023,3.458,3.824,1.118,1.423,0,NULL,NULL,,3,0,2,7,255,1091,250,0,0
stim,113901,144022,0,144022,3341354.455,-0.789,-0.137,-0.035,-0.598,0,0,0,0,0,0,0,79,58,1.330,1,2173,0,392.887,5.532,195.750,340.063,20.000,-0.164,0.164,1.281,2.555,4.906,0.086,3.482,3.850,1.118,1.423,0,NULL,NULL,,3,0,2,7,255,1091,250,0,0
stim,113901,144022,0,144022,3341359.454,-0.791,-0.122,-0.029,-0.600,0,0,0,0,0,0,0,77,58,1.330,1,2173,0,395.932,5.838,203.125,339.188,21.313,-0.199,0.180,1.438,2.730,5.160,1.496,3.506,3.876,1.118,1.423,0,NULL,NULL,,3,0,2,7,255,1091,250,0,0
stim,113929,144050,0,144050,3341364.455,-0.792,-0.106,-0.022,-0.601,0,0,7,0,0,0,0,87,58,1.330,1,2173,0,396.364,6.195,205.375,338.375,20.688,-0.238,0.199,1.605,2.859,5.496,3.066,3.532,3.906,1.118,1.423,0,NULL,NULL,,3,0,2,7,255,1091,250,0,0
stim,113929,144050,0,144050,3341369.454,-0.793,-0.090,-0.016,-0.602,0,0,5,0,0,0,0,88,58,1.330,1,2173,0,393.390,6.561,201.375,337.500,17.250,-0.262,0.223,1.762,3.035,5.816,4.777,3.560,3.934,1.118,1.423,0,NULL,NULL,,3,0,2,7,255,1091,250,0,0
stim,113929,144050,0,144050,3341374.455,-0.794,-0.074,-0.009,-0.603,0,0,9,0,0,0,0,91,58,1.330,1,2173,0,387.118,6.623,190.688,336.625,13.500,-0.266,0.219,1.867,3.168,5.816,6.434,3.586,3.962,1.118,1.423,0,NULL,NULL,,3,0,2,7,255,1091,250,0,0
stim,113929,144050,0,144050,3341379.454,-0.795,-0.059,-0.002,-0.604,0,0,10,0,0,0,0,95,58,1.330,1,2173,0,380.041,6.340,179.375,334.875,10.688,-0.258,0.195,1.930,3.168,5.492,7.668,3.610,3.990,1.118,1.423,0,NULL,NULL,,3,0,2,7,255,1091,250,0,0
stim,113929,144050,0,144050,3341384.455,-0.795,-0.045,0.005,-0.604,0,0,8,0,0,0,0,107,58,1.330,1,2173,0,372.803,5.664,168.875,332.250,8.563,-0.246,0.168,1.961,2.910,4.859,8.504,3.630,4.012,1.118,1.423,0,NULL,NULL,,3,0,2,7,255,1091,250,0,0
stim,113929,144050,0,144050,3341389.453,-0.795,-0.030,0.012,-0.605,0,0,8,0,0,0,0,106,58,1.330,1,2173,0,366.063,4.858,160.750,328.813,6.625,-0.230,0.133,1.949,2.598,4.105,8.984,3.646,4.030,1.118,1.423,0,NULL,NULL,,3,0,2,7,255,1091,250,0,0
stim,113985,144106,0,144106,3341394.455,-0.795,-0.016,0.019,-0.606,0,0,12,0,0,0,0,105,58,1.330,1,2173,0,361.144,3.894,158.938,324.250,5.063,-0.211,0.090,1.926,2.180,3.227,8.984,3.658,4.044,1.118,1.423,0,NULL,NULL,,3,0,2,7,255,1091,250,0,0
stim,113985,144106,0,144106,3341399.454,-0.795,-0.001,0.026,-0.606,0,0,8,0,0,0,0,105,58,1.330,1,2173,0,359.620,2.901,164.688,319.688,2.188,-0.188,0.023,1.926,1.699,2.352,9.063,3.664,4.054,1.118,1.423,0,NULL,NULL,,3,0,2,7,255,1091,250,0,0
stim,113985,144106,0,144106,3341404.455,-0.794,0.013,0.032,-0.607,0,0,10,0,0,0,0,103,58,1.330,1,2173,0,360.170,1.692,173.500,315.625,-0.875,-0.160,-0.090,1.949,1.008,1.359,9.070,3.664,4.056,1.118,1.423,0,NULL,NULL,,3,0,2,7,255,1091,250,0,0
stim,113985,144106,0,144106,3341409.454,-0.793,0.027,0.038,-0.607,0,0,16,0,0,0,0,104,58,1.330,1,2173,0,361.876,0.224,182.250,312.625,-2.250,-0.117,-0.168,1.965,-0.086,0.207,9.379,3.658,4.052,1.118,1.423,0,NULL,NULL,,3,0,2,7,255,1091,250,0,0
stim,113985,144106,0,144106,3341414.455,-0.792,0.042,0.044,-0.608,0,0,12,0,0,0,0,105,58,1.330,1,2173,0,366.521,1.312,193.688,311.125,-4.875,-0.059,-0.203,1.949,-0.867,-0.984,9.379,3.642,4.038,1.118,1.423,0,NULL,NULL,,3,0,2,7,255,1091,250,0,0
stim,113985,144106,0,144106,3341419.453,-0.790,0.058,0.049,-0.608,0,0,17,0,0,0,0,103,58,1.330,1,2173,0,377.209,2.530,214.188,310.375,-8.813,0.020,-0.254,1.961,-1.250,-2.199,9.246,3.616,4.014,1.118,1.423,0,NULL,NULL,,3,0,2,7,255,1091,250,0,0
stim,113985,144106,0,144106,3341424.455,-0.788,0.074,0.053,-0.609,0,0,11,0,0,0,0,103,58,1.330,1,2173,0,393.299,4.028,241.250,310.313,-13.750,0.141,-0.320,2.063,-1.715,-3.645,9.246,3.578,3.978,1.118,1.423,0,NULL,NULL,,3,0,2,7,255,1091,250,0,0
stim,113985,144106,0,144106,3341429.454,-0.786,0.091,0.057,-0.609,0,0,17,0,0,0,0,99,58,1.330,1,2173,0,411.045,6.155,267.625,311.375,-19.500,0.313,-0.348,2.234,-2.305,-5.707,9.773,3.526,3.928,1.118,1.423,0,NULL,NULL,,3,0,2,7,255,1091,250,0,0
stim,113985,144106,0,144106,3341434.455,-0.783,0.110,0.060,-0.610,0,0,10,0,0,0,0,100,58,1.330,1,2173,0,426.428,8.630,287.938,313.500,-25.500,0.520,-0.320,2.430,-2.305,-8.316,10.840,3.460,3.866,1.118,1.423,0,NULL,NULL,,3,0,2,7,255,1091,250,0,0
stim,113985,144106,0,144106,3341439.454,-0.779,0.128,0.063,-0.610,0,0,11,0,0,0,0,86,58,1.330,1,2173,0,436.952,11.454,300.938,315.438,-29.375,0.723,-0.281,2.625,-2.066,-11.266,11.965,3.384,3.792,1.118,1.423,0,NULL,NULL,,3,0,2,7,255,1091,250,0,0
stim,114004,144125,0,144125,3341444.455,-0.775,0.147,0.066,-0.611,0,0,12,0,0,0,0,87,58,1.330,1,2173,0,443.233,14.382,308.250,316.938,-31.438,0.918,-0.238,2.813,-1.703,-14.281,12.898,3.296,3.706,1.118,1.423,0,NULL,NULL,,3,0,2,7,255,1091,250,0,0
stim,114004,144125,0,144125,3341449.453,-0.771,0.165,0.068,-0.611,0,0,11,0,0,0,0,88,58,1.330,1,2173,0,443.659,17.289,307.250,318.375,-32.688,1.078,-0.172,2.984,-1.426,-17.230,13.652,3.198,3.610,1.118,1.423,0,NULL,NULL,,3,0,2,7,255,1091,250,0,0
stim,114004,144125,0,144125,3341454.455,-0.767,0.184,0.071,-0.611,0,0,16,0,0,0,0,88,58,1.330,1,2173,0,437.232,19.912,299.750,316.563,-33.313,1.199,-0.105,3.156,-1.074,-19.883,14.227,3.094,3.508,1.118,1.423,0,NULL,NULL,,3,0,2,7,255,1091,250,0,0
stim,114004,144125,0,144125,3341459.454,-0.762,0.201,0.075,-0.611,0,0,11,0,0,0,0,93,58,1.330,1,2173,0,422.847,22.240,281.063,313.750,-36.938,1.281,-0.070,3.293,-0.973,-22.219,14.777,2.982,3.396,1.118,1.423,0,NULL,NULL,,3,0,2,7,255,1091,250,0,0
stim,114027,144148,0,144148,3341464.455,-0.758,0.218,0.079,-0.610,0,0,12,0,0,0,0,103,58,1.330,1,2173,0,399.798,24.225,250.688,308.500,-42.688,1.359,0.043,3.438,-0.832,-24.211,15.035,2.860,3.276,1.118,1.423,0,NULL,NULL,,3,0,2,7,255,1091,250,0,0
stim,114027,144148,0,144148,3341469.454,-0.753,0.232,0.084,-0.610,0,0,14,0,0,0,0,119,58,1.330,1,2173,0,369.583,26.073,206.750,301.250,-55.625,1.570,0.223,3.520,-0.371,-26.070,15.035,2.728,3.144,1.118,1.423,0,NULL,NULL,,3,0,2,7,255,1091,250,0,0
stim,114027,144148,0,144148,3341474.455,-0.748,0.245,0.090,-0.610,0,0,12,0,0,0,0,133,58,1.330,1,2173,0,333.742,28.726,149.875,290.500,-67.313,1.883,0.270,3.441,1.332,-28.695,14.906,2.586,3.004,1.118,1.423,0,NULL,NULL,,3,0,2,7,255,1091,250,0,0
stim,114027,144148,0,144148,3341479.453,-0.744,0.255,0.097,-0.610,0,0,9,0,0,0,0,153,58,1.330,1,2173,0,298.963,31.711,91.688,277.063,-64.875,2.223,0.141,3.168,2.164,-31.637,12.195,2.438,2.856,1.118,1.423,0,NULL,NULL,,3,0,2,7,255,1091,250,0,0
stim,114056,144177,0,144177,3341484.455,-0.741,0.263,0.105,-0.609,0,0,8,0,0,0,0,197,58,1.330,1,2173,0,269.892,33.975,42.875,261.563,-50.875,2.488,-0.066,2.754,2.164,-33.906,7.270,2.284,2.702,1.118,1.423,0,NULL,NULL,,3,0,2,7,255,1091,250,0,0
stim,114056,144177,0,144177,3341489.454,-0.738,0.269,0.113,-0.608,0,0,0,0,0,0,0,204,58,1.330,1,2173,0,245.755,34.630,14.438,242.563,-36.750,2.711,-0.242,2.301,1.410,-34.602,1.277,2.128,2.544,1.118,1.423,0,NULL,NULL,,3,0,2,7,255,1091,250,0,0
stim,114078,144199,0,144199,3341494.455,-0.736,0.275,0.120,-0.607,0,0,0,0,0,0,0,245,58,1.330,1,2173,0,223.427,34.692,8.563,221.500,-28.000,2.957,-0.352,1.902,1.063,-34.676,-4.648,1.968,2.384,1.118,1.423,0,NULL,NULL,,3,0,2,7,255,1091,250,0,0
stim,114078,144199,0,144199,3341499.454,-0.734,0.281,0.127,-0.605,0,0,0,0,0,0,0,267,58,1.330,1,2173,0,199.945,34.692,16.500,198.313,-19.438,3.262,-0.449,1.578,1.063,-34.676,-10.039,1.804,2.218,1.118,1.423,0,NULL,NULL,,3,0,2,7,255,1091,250,0,0
stim,114078,144199,0,144199,3341504.455,-0.732,0.287,0.132,-0.603,0,0,0,0,0,0,0,292,58,1.330,1,2173,0,195.570,34.700,40.750,191.125,-7.625,3.418,-0.391,1.176,1.297,-34.676,-15.020,1.636,2.048,1.118,1.423,0,NULL,NULL,,3,0,2,7,255,1091,250,0,0
stim,114078,144199,0,144199,3341509.454,-0.731,0.293,0.135,-0.602,0,0,0,0,0,0,0,311,58,1.330,1,2173,0,159.999,35.477,60.625,148.063,1.375,3.973,-0.961,1.121,1.297,-35.453,-19.496,1.460,1.868,1.118,1.423,0,NULL,NULL,,3,0,2,7,255,1091,250,0,0
stim,114078,144199,0,144199,3341514.455,-0.730,0.298,0.137,-0.599,0,0,0,0,0,0,0,318,58,1.330,1,2173,0,144.780,38.844,51.375,126.250,48.813,4.102,-1.660,0.969,-1.238,-38.824,-24.746,1.276,1.680,1.118,1.423,0,NULL,NULL,,3,0,2,7,255,1091,250,0,0
stim,114078,144199,0,144199,3341519.454,-0.731,0.304,0.137,-0.596,0,0,0,0,0,0,0,327,58,1.330,1,2173,0,161.103,39.472,91.000,96.500,91.438,3.844,-1.777,0.652,-7.121,-38.824,-28.734,1.088,1.486,1.118,1.423,0,NULL,NULL,,3,0,2,7,255,1091,250,0,0
stim,114106,144227,0,144227,3341524.455,-0.731,0.312,0.134,-0.592,0,0,0,0,0,0,0,327,58,1.330,1,2173,0,206.419,36.675,165.500,74.188,98.563,3.559,-2.016,0.754,-8.098,-35.770,-29.203,0.904,1.296,1.118,1.423,0,NULL,NULL,,3,0,2,7,255,1091,250,0,0
stim,114106,144227,0,144227,3341529.454,-0.729,0.322,0.127,-0.591,0,0,0,0,0,0,0,319,58,1.330,1,2173,0,266.601,36.531,250.938,41.188,80.063,3.238,-1.973,1.301,-10.848,-34.883,-29.203,0.728,1.108,1.118,1.423,0,NULL,NULL,,3,0,2,7,255,1091,250,0,0
stim,114106,144227,0,144227,3341534.455,-0.727,0.331,0.119,-0.590,0,0,0,0,0,0,0,325,58,1.330,1,2173,0,285.064,36.531,275.375,0.625,73.688,2.738,-1.379,2.406,-10.848,-34.883,-23.664,0.562,0.922,1.118,1.423,0,NULL,NULL,,3,0,2,7,255,1091,250,0,0
stim,114106,144227,0,144227,3341539.453,-0.725,0.336,0.113,-0.591,0,0,0,0,0,0,0,331,58,1.330,1,2173,0,195.676,38.288,190.750,-35.625,25.188,2.438,-0.961,3.371,-9.863,-36.996,-11.246,0.418,0.728,1.118,1.423,0,NULL,NULL,,3,0,2,7,255,1091,250,0,0
stim,114106,144227,0,144227,3341544.455,-0.724,0.337,0.108,-0.591,0,0,0,0,0,0,0,332,58,1.330,1,2173,0,114.421,38.761,93.063,-63.688,19.375,2.258,-0.887,3.230,-9.043,-37.691,-1.250,0.338,0.538,1.118,1.423,0,NULL,NULL,,3,0,2,7,255,1091,250,0,0
stim,114106,144227,0,144227,3341549.454,-0.724,0.336,0.105,-0.593,0,0,0,0,0,0,0,388,58,1.330,1,2173,0,102.717,38.711,27.875,-97.313,-17.438,1.617,-0.258,3.090,-8.824,-37.691,-1.016,0.352,0.392,1.118,1.423,0,NULL,NULL,,3,0,2,7,255,1091,250,0,0
stim,114106,144227,0,144227,3341554.455,-0.724,0.335,0.097,-0.595,237,0,0,685,0,10,0,557,58,1.330,1,2173,0,174.834,32.461,84.813,-151.563,20.063,0.832,-0.602,3.957,-8.824,-31.238,3.711,0.406,0.326,1.118,1.423,0,NULL,NULL,,3,0,2,7,255,1091,250,0,0
stim,114106,144227,0,144227,3341559.454,-0.733,0.336,0.077,-0.587,989,0,0,1405,0,158,0,561,58,1.330,1,2173,0,542.365,31.587,220.813,-279.500,409.000,-0.086,1.629,6.809,-4.680,-31.238,13.555,0.444,0.332,1.118,1.423,0,NULL,NULL,,3,0,2,7,255,1091,250,0,0
stim,114124,144245,0,144245,3341564.455,-0.756,0.311,0.084,-0.570,1641,0,0,1851,0,506,0,631,58,1.330,1,2173,0,881.058,30.391,-720.000,-147.813,485.813,-0.734,3.090,4.160,-2.531,-30.285,37.023,0.456,0.370,1.118,1.423,0,NULL,NULL,,3,0,2,7,255,1091,250,0,0
stim,114124,144245,0,144245,3341569.453,-0.776,0.276,0.098,-0.558,2101,0,0,2065,0,668,0,699,58,1.330,1,2173,0,1022.351,20.962,-963.250,-178.313,292.500,-1.883,3.270,-0.285,17.258,-11.898,37.023,0.456,0.410,1.118,1.423,0,NULL,NULL,,3,0,2,7,255,1091,250,0,0
stim,114124,144245,0,144245,3341574.455,-0.788,0.254,0.106,-0.551,2343,0,0,2204,0,891,0,789,57,1.330,1,2174,0,616.049,29.810,-578.813,-121.125,172.688,-2.613,2.781,-2.223,17.488,24.141,5.758,0.462,0.446,1.118,1.423,1,1095.000,4.000,,3,0,2,7,255,1091,250,0,0
stim,114124,144245,0,144245,3341579.454,-0.789,0.245,0.107,-0.553,2500,0,0,2329,0,1101,0,885,57,1.330,1,2174,0,226.821,29.810,-178.875,-129.563,-51.625,-1.414,1.285,-0.883,17.488,24.141,-8.148,0.474,0.480,1.118,1.423,1,NULL,NULL,,3,0,2,7,255,1091,250,0,0
stim,114146,144267,0,144267,3341584.455,-0.788,0.242,0.103,-0.557,2675,0,0,2515,0,1253,0,953,57,1.330,1,2174,0,134.077,20.488,0.813,-117.438,-64.688,0.285,0.684,1.238,7.184,19.188,-8.148,0.476,0.506,1.118,1.423,1,NULL,NULL,,3,0,2,7,255,1091,250,0,0
stim,114146,144267,0,144267,3341589.454,-0.792,0.237,0.099,-0.554,2824,0,0,2697,0,1311,0,1031,57,1.330,1,2174,0,184.055,8.446,-68.688,-127.188,113.938,0.379,1.957,1.469,7.184,-4.441,1.125,0.448,0.516,1.118,1.423,1,NULL,NULL,,3,0,2,7,255,1091,250,0,0
stim,114176,144297,0,144297,3341594.455,-0.803,0.226,0.095,-0.543,2910,0,0,2811,0,1356,0,1115,57,1.330,1,2174,0,434.387,7.632,-215.313,-198.625,320.750,-1.512,0.453,1.203,6.207,-4.441,5.820,0.404,0.516,1.118,1.423,2,NULL,NULL,,3,0,2,7,255,1091,250,0,0
stim,114176,144297,0,144297,3341599.453,-0.811,0.210,0.095,-0.538,2987,0,0,2917,0,1397,0,1227,57,1.330,1,2174,0,440.094,8.648,-363.500,-194.313,154.250,-2.711,-1.199,0.625,-2.594,8.250,5.820,0.360,0.506,1.118,1.423,2,NULL,NULL,,3,0,2,7,255,1091,250,0,0
stim,114176,144297,0,144297,3341604.455,-0.812,0.195,0.095,-0.542,3027,0,0,2987,0,1456,0,1325,57,1.330,1,2174,0,353.207,22.639,-274.500,-201.563,-93.688,-1.934,-1.031,-0.773,-16.668,15.320,3.340,0.332,0.470,1.118,1.423,2,NULL,NULL,,3,0,2,7,255,1091,250,0,0
stim,114176,144297,0,144297,3341609.454,-0.808,0.188,0.090,-0.551,3064,0,0,3048,0,1529,0,1425,57,1.330,1,2174,0,296.388,22.639,-32.188,-200.250,-216.125,-0.301,-0.465,-0.160,-16.668,15.320,-11.008,0.326,0.410,1.118,1.423,2,NULL,NULL,,3,0,2,7,255,1091,250,0,0
stim,114205,144327,0,144327,3341614.455,-0.804,0.186,0.083,-0.559,3103,0,0,3099,0,1607,0,1507,57,1.330,1,2174,0,291.661,5.591,88.563,-189.438,-203.313,0.836,-0.637,1.203,-5.375,1.539,-11.008,0.334,0.338,1.118,1.423,2,NULL,NULL,,3,0,2,7,255,1091,250,0,0
stim,114205,144327,0,144327,3341619.454,-0.802,0.183,0.076,-0.563,3119,0,0,3141,0,1701,6,1561,57,1.330,1,2174,0,184.280,14.672,38.125,-165.938,-70.500,1.516,-1.363,2.063,-5.375,-13.652,-2.824,0.348,0.274,1.118,1.423,2,NULL,NULL,,3,0,2,7,255,1091,250,0,0
stim,114205,144327,0,144327,3341624.455,-0.806,0.175,0.072,-0.561,3128,0,0,3165,0,1805,119,1575,57,1.330,1,2174,0,215.000,25.904,-101.625,-168.375,86.875,1.281,-2.020,2.031,-8.402,-24.504,1.422,0.354,0.228,1.118,1.423,2,NULL,NULL,,3,0,2,7,255,1091,250,0,0
stim,114205,144327,0,144327,3341629.453,-0.813,0.166,0.070,-0.554,3143,0,0,3205,0,1907,235,1607,57,1.330,1,2174,0,329.256,28.615,-191.313,-155.750,218.063,0.320,-1.703,1.043,-14.777,-24.504,1.422,0.352,0.206,1.118,1.423,2,NULL,NULL,,3,0,2,7,255,1091,250,0,0
stim,114206,144327,0,144327,3341634.455,-0.820,0.157,0.066,-0.546,3159,0,0,3208,0,2007,330,1650,57,1.330,1,2174,0,320.785,19.021,-143.625,-160.375,237.813,-0.691,-0.809,0.332,-14.777,-11.977,-3.824,0.348,0.200,1.118,1.423,2,NULL,NULL,,3,0,2,7,255,1091,250,0,0
stim,114206,144327,0,144327,3341639.453,-0.825,0.152,0.060,-0.541,3163,0,0,3221,0,2101,428,1684,57,1.330,1,2174,0,237.012,10.336,-47.125,-170.438,157.813,-1.000,-0.137,0.547,-10.156,1.918,-3.824,0.346,0.198,1.118,1.423,2,NULL,NULL,,3,0,2,7,255,1091,250,0,0
stim,114206,144327,0,144327,3341644.455,-0.827,0.148,0.055,-0.540,3173,0,0,3218,0,2197,505,1725,57,1.330,1,2174,0,178.670,5.943,-10.438,-170.250,53.188,-0.664,0.117,1.340,-5.504,2.242,-2.313,0.350,0.192,1.118,1.423,2,NULL,NULL,,3,0,2,7,255,1091,250,0,0
stim,114206,144327,0,144327,3341649.454,-0.828,0.143,0.050,-0.540,3165,0,0,3225,0,2265,551,1821,57,1.330,1,2174,0,168.864,3.176,-43.813,-162.313,15.813,0.090,0.281,1.406,-2.250,2.242,3.637,0.362,0.180,1.118,1.423,2,NULL,NULL,,3,0,2,7,255,1091,250,0,0
stim,114206,144327,0,144327,3341654.455,-0.830,0.137,0.046,-0.539,3165,0,0,3220,67,2344,653,1948,57,1.330,1,2174,0,173.365,3.761,-74.563,-151.875,37.813,0.188,0.105,1.383,1.031,-3.617,3.637,0.382,0.160,1.118,1.423,2,NULL,NULL,,3,0,2,7,255,1091,250,0,0
stim,114206,144327,0,144327,3341659.454,-0.831,0.130,0.043,-0.538,3178,0,0,3225,297,2381,715,2104,57,1.330,1,2174,0,161.660,4.991,-89.500,-130.438,33.313,0.105,-0.148,1.656,1.031,-4.883,3.637,0.408,0.136,1.118,1.423,2,NULL,NULL,,3,0,2,7,255,1091,250,0,0
stim,114229,144350,0,144350,3341664.455,-0.832,0.127,0.042,-0.539,3173,0,0,3225,539,2425,729,2170,57,1.330,1,2174,0,90.818,5.630,-60.375,-66.563,-13.125,0.406,-0.066,1.539,0.383,-5.617,3.906,0.436,0.112,1.118,1.423,2,NULL,NULL,,3,0,2,7,255,1091,250,0,0
stim,114229,144350,0,144350,3341669.453,-0.831,0.124,0.041,-0.540,3167,0,0,3198,695,2453,741,2223,57,1.330,1,2174,0,66.803,5.880,-29.000,-54.063,-26.438,0.730,0.770,1.027,0.383,-5.867,3.906,0.458,0.092,1.118,1.423,2,NULL,NULL,,3,0,2,7,255,1091,250,0,0
stim,114229,144350,0,144350,3341674.455,-0.831,0.124,0.038,-0.541,3171,0,0,3231,867,2459,733,2279,57,1.330,1,2174,0,56.722,11.026,30.875,-46.438,-10.375,0.555,0.938,1.527,9.336,-5.867,3.906,0.474,0.080,1.118,1.423,2,NULL,NULL,,3,0,2,7,255,1091,250,0,0
stim,114229,144350,0,144350,3341679.454,-0.832,0.121,0.039,-0.540,3163,0,0,3223,965,2485,717,2321,57,1.330,1,2174,0,64.108,10.519,-58.375,-23.125,12.938,-0.160,0.016,2.023,9.336,-4.848,4.891,0.488,0.068,1.118,1.423,2,NULL,NULL,,3,0,2,7,255,1091,250,0,0
stim,114229,144350,0,144350,3341684.455,-0.832,0.116,0.042,-0.541,3159,0,0,3214,1072,2477,699,2323,57,1.330,1,2174,0,150.009,3.236,-147.563,-16.938,-21.000,-0.371,0.172,1.039,-0.336,-3.219,4.891,0.498,0.060,1.118,1.423,2,NULL,NULL,,3,0,2,7,255,1091,250,0,0
stim,114229,144350,0,144350,3341689.454,-0.831,0.112,0.044,-0.543,3161,12,0,3220,1163,2488,710,2375,57,1.330,1,2174,0,115.292,1.583,-92.125,-12.813,-68.125,-0.250,0.223,0.508,-0.336,1.547,1.020,0.508,0.052,1.118,1.423,2,NULL,NULL,,3,0,2,7,255,1091,250,0,0
stim,114289,144410,0,144410,3341694.455,-0.829,0.110,0.044,-0.546,3160,22,0,3215,1243,2489,699,2404,57,1.330,1,2174,0,91.722,1.583,-26.500,-14.750,-86.563,0.066,-0.129,0.852,-0.336,1.547,-1.922,0.520,0.044,1.118,1.423,2,NULL,NULL,,3,0,2,7,255,1091,250,0,0
stim,114289,144410,0,144410,3341699.453,-0.828,0.109,0.045,-0.548,3159,35,0,3211,1321,2501,698,2421,57,1.330,1,2174,0,64.519,3.161,-31.438,-11.938,-55.063,0.168,-0.191,1.160,-1.137,-2.949,-1.922,0.530,0.038,1.118,1.423,2,NULL,NULL,,3,0,2,7,255,1091,250,0,0
stim,114289,144410,0,144410,3341704.455,-0.828,0.106,0.046,-0.549,3165,57,0,3219,1387,2518,691,2431,57,1.330,1,2174,0,66.838,3.161,-60.688,-7.875,-26.875,-0.020,-0.051,1.039,-1.137,-2.949,0.121,0.536,0.034,1.118,1.423,2,NULL,NULL,,3,0,2,7,255,1091,250,0,0
stim,114289,144410,0,144410,3341709.454,-0.827,0.104,0.047,-0.550,3163,69,0,3221,1455,2511,683,2447,57,1.330,1,2174,0,66.346,2.396,-57.063,-6.000,-33.313,-0.195,0.031,0.879,-0.746,-2.277,0.121,0.544,0.028,1.118,1.423,2,NULL,NULL,,3,0,2,7,255,1091,250,0,0
stim,114289,144410,0,144410,3341714.455,-0.826,0.102,0.048,-0.552,3161,102,0,3219,1497,2517,649,2460,57,1.330,1,2174,0,62.542,0.937,-32.250,-4.750,-53.375,-0.133,0.012,0.902,-0.605,-0.715,-0.898,0.554,0.022,1.118,1.423,2,NULL,NULL,,3,0,2,7,255,1091,250,0,0
stim,114289,144410,0,144410,3341719.454,-0.825,0.101,0.048,-0.554,3158,117,0,3209,1545,2519,636,2469,57,1.330,1,2174,0,59.475,0.884,-17.625,-4.500,-56.625,0.012,0.004,1.004,-0.520,-0.715,-0.898,0.562,0.018,1.118,1.423,2,NULL,NULL,,3,0,2,7,255,1091,250,0,0
stim,114289,144410,0,144410,3341724.455,-0.824,0.100,0.049,-0.556,3155,115,0,3205,1591,2529,621,2463,57,1.330,1,2174,0,45.372,2.215,-17.938,-2.063,-41.625,0.059,0.039,1.066,-0.047,-2.215,-0.211,0.570,0.010,1.118,1.423,2,NULL,NULL,,3,0,2,7,255,1091,250,0,0
stim,114289,144410,0,144410,3341729.453,-0.823,0.099,0.049,-0.557,3149,117,0,3195,1615,2521,571,2475,57,1.330,1,2174,0,35.669,2.261,-23.438,-0.813,-26.875,-0.023,0.070,1.055,0.453,-2.215,0.336,0.578,0.006,1.118,1.423,2,NULL,NULL,,3,0,2,7,255,1091,250,0,0
stim,114289,144410,0,144410,3341734.455,-0.823,0.098,0.050,-0.558,3145,125,0,3204,1644,2520,542,2472,57,1.330,1,2174,0,33.286,1.793,-23.313,0.625,-23.750,-0.109,0.074,1.004,0.453,-1.734,0.336,0.584,0.002,1.118,1.423,2,NULL,NULL,,3,0,2,7,255,1091,250,0,0
stim,114289,144410,0,144410,3341739.453,-0.822,0.097,0.050,-0.558,3153,135,2,3195,1657,2521,504,2461,57,1.330,1,2174,0,30.883,0.885,-16.250,0.813,-26.250,-0.121,0.082,0.984,0.254,-0.848,0.094,0.590,0.000,1.118,1.423,2,NULL,NULL,,3,0,2,7,255,1091,250,0,0
stim,114289,144410,0,144410,3341744.455,-0.822,0.097,0.050,-0.559,3135,137,16,3187,1673,2523,474,2437,57,1.330,1,2174,0,25.882,0.885,-8.875,-0.063,-24.313,-0.094,0.117,1.020,0.254,-0.848,0.094,0.000,0.000,1.118,1.423,2,NULL,NULL,,3,0,2,7,255,1091,250,0,0
stim,114289,144410,0,144410,3341749.454,-0.821,0.097,0.050,-0.560,3141,141,25,3192,1685,2523,439,2461,57,1.330,1,2174,0,19.370,1.052,-8.250,-0.938,-17.500,-0.098,0.148,1.066,0.664,-0.816,0.211,0.000,0.000,1.118,1.423,2,NULL,NULL,,3,0,2,7,255,1091,250,0,0
stim,114322,144443,0,144443,3341754.455,-0.821,0.096,0.050,-0.560,3125,127,36,3188,1699,2515,422,2459,57,1.330,1,2174,1,17.606,1.177,-12.938,-1.750,-11.813,-0.129,0.148,1.074,0.848,-0.816,0.691,0.000,0.000,1.091,1.423,2,NULL,NULL,,3,0,2,7,255,1091,250,0,0
stim,114322,144443,1,144443,3341759.454,-0.821,0.095,0.051,-0.561,3117,126,36,3170,1716,2511,405,2406,57,1.330,1,2174,1,19.248,0.992,-16.563,-2.875,-9.375,-0.160,0.133,1.035,0.848,-0.516,0.691,0.006,0.002,1.091,1.423,2,NULL,NULL,,3,1,2,7,255,1091,250,0,0
stim,114322,144443,1,144443,3341764.455,-0.821,0.095,0.051,-0.561,3125,122,47,3175,1741,2509,377,2462,57,1.330,1,2174,1,18.660,0.646,-16.188,-4.375,-8.188,-0.180,0.109,1.000,0.613,-0.203,0.504,0.010,0.004,1.091,1.423,2,NULL,NULL,,3,1,2,7,255,1091,250,0,0
stim,114322,144443,1,144443,3341769.453,-0.821,0.094,0.051,-0.561,3101,120,47,3154,1757,2505,345,2471,57,1.330,1,2174,1,17.446,0.336,-14.688,-6.563,-6.750,-0.191,0.078,0.988,0.328,-0.070,0.180,0.014,0.006,1.091,1.423,2,NULL,NULL,,3,1,2,7,255,1091,250,0,0
stim,114322,144443,1,144443,3341774.455,-0.821,0.093,0.051,-0.561,3091,117,60,3142,1772,2503,350,2473,57,1.330,1,2174,1,17.059,0.070,-12.875,-8.250,-7.563,-0.191,0.055,0.988,0.000,-0.070,0.090,0.018,0.006,1.091,1.423,2,NULL,NULL,,3,1,2,7,255,1091,250,0,0
stim,114322,144443,1,144443,3341779.454,-0.821,0.093,0.051,-0.562,3081,105,117,3127,1791,2495,328,2485,57,1.330,1,2174,1,16.897,0.135,-10.625,-9.688,-8.875,-0.168,0.059,0.984,-0.074,-0.113,0.074,0.020,0.006,1.091,1.423,2,NULL,NULL,,3,1,2,7,255,1091,250,0,0
stim,114359,144480,1,144480,3341784.455,-0.820,0.092,0.051,-0.562,3063,104,123,3113,1813,2491,311,2492,57,1.330,1,2174,1,16.042,0.306,-8.813,-10.938,-7.750,-0.141,0.055,0.980,-0.074,-0.297,-0.008,0.024,0.006,1.091,1.423,2,NULL,NULL,,3,1,2,7,255,1091,250,0,0
stim,114359,144480,1,144480,3341789.454,-0.820,0.091,0.051,-0.562,3051,90,125,3095,1837,2491,297,2501,57,1.330,1,2174,1,14.980,0.507,-7.938,-11.625,-5.125,-0.145,0.051,0.984,-0.059,-0.504,-0.070,0.026,0.008,1.091,1.423,2,NULL,NULL,,3,1,2,7,255,1091,250,0,0
stim,114378,144499,1,144499,3341794.455,-0.820,0.091,0.050,-0.562,3035,85,165,3087,1870,2489,285,2508,57,1.330,1,2174,1,14.602,0.504,-6.375,-11.750,-5.875,-0.156,0.082,0.980,-0.008,-0.504,-0.070,0.030,0.010,1.091,1.423,2,NULL,NULL,,3,1,2,7,255,1091,250,0,0
stim,114378,144499,1,144499,3341799.453,-0.820,0.090,0.050,-0.563,3019,84,180,3063,1899,2488,288,2518,57,1.330,1,2174,1,15.505,0.326,-3.875,-12.063,-8.938,-0.164,0.125,0.984,0.184,-0.270,-0.051,0.032,0.012,1.091,1.423,2,NULL,NULL,,3,1,2,7,255,1091,250,0,0
stim,114378,144499,1,144499,3341804.455,-0.820,0.090,0.050,-0.563,3000,92,220,3045,1943,2488,281,2531,57,1.330,1,2174,1,17.008,0.564,-3.750,-12.688,-10.688,-0.188,0.148,1.008,0.563,-0.039,0.004,0.036,0.014,1.091,1.423,2,NULL,NULL,,3,1,2,7,255,1091,250,0,0
stim,114378,144499,1,144499,3341809.454,-0.820,0.089,0.049,-0.564,2981,109,278,3029,1979,2488,277,2541,57,1.330,1,2174,1,21.664,0.719,-7.000,-13.125,-15.750,-0.211,0.180,1.023,0.684,0.223,0.313,0.038,0.018,1.091,1.423,2,NULL,NULL,,3,1,2,7,255,1091,250,0,0
stim,114378,144499,1,144499,3341814.455,-0.819,0.089,0.049,-0.565,2961,121,307,3007,2013,2492,281,2552,57,1.330,1,2174,1,29.093,0.932,-8.875,-13.625,-24.125,-0.180,0.180,1.008,0.891,0.273,0.313,0.040,0.020,1.091,1.423,2,NULL,NULL,,3,1,2,7,255,1091,250,0,0
stim,114378,144499,1,144499,3341819.454,-0.819,0.088,0.049,-0.566,2935,123,351,2987,2042,2495,283,2568,57,1.330,1,2174,1,29.959,0.932,-8.438,-13.625,-25.313,-0.121,0.129,0.992,0.891,0.273,0.301,0.042,0.020,1.091,1.423,2,NULL,NULL,,3,1,2,7,255,1091,250,0,0
stim,114405,144526,1,144526,3341824.455,-0.818,0.087,0.048,-0.566,2903,135,431,2967,2085,2503,305,2587,57,1.330,1,2174,1,27.930,0.826,-9.063,-14.438,-22.125,-0.086,0.051,0.969,0.738,-0.371,0.043,0.042,0.020,1.091,1.423,2,NULL,NULL,,3,1,2,7,255,1091,250,0,0
stim,114405,144526,1,144526,3341829.453,-0.818,0.087,0.048,-0.567,2875,136,492,2943,2126,2501,331,2603,57,1.330,1,2174,1,21.324,0.684,-6.875,-15.063,-13.438,-0.113,0.020,0.934,0.148,-0.668,-0.316,0.042,0.020,1.091,1.423,2,NULL,NULL,,3,1,2,7,255,1091,250,0,0
stim,114405,144526,1,144526,3341834.455,-0.818,0.086,0.047,-0.567,2848,141,630,2922,2187,2505,375,2616,57,1.330,1,2174,1,21.400,0.699,-2.125,-16.313,-13.688,-0.160,0.035,0.938,-0.207,-0.668,-0.484,0.042,0.022,1.091,1.423,2,NULL,NULL,,3,1,2,7,255,1091,250,0,0
stim,114405,144526,1,144526,3341839.453,-0.817,0.086,0.047,-0.568,2823,156,690,2894,2247,2508,419,2635,57,1.330,1,2174,1,24.306,0.287,4.125,-16.875,-17.000,-0.168,0.070,0.934,-0.207,-0.199,-0.496,0.042,0.020,1.091,1.423,2,NULL,NULL,,3,1,2,7,255,1091,250,0,0
stim,114405,144526,1,144526,3341844.455,-0.817,0.086,0.046,-0.569,2791,155,765,2871,2291,2511,447,2651,57,1.330,1,2174,1,29.177,0.172,9.188,-18.688,-20.438,-0.141,0.098,0.961,0.063,-0.160,-0.484,0.040,0.020,1.091,1.423,2,NULL,NULL,,3,1,2,7,255,1091,250,0,0
stim,114405,144526,1,144526,3341849.454,-0.816,0.085,0.045,-0.569,2747,171,864,2845,2329,2517,523,2669,57,1.330,1,2174,1,26.016,0.399,8.750,-20.063,-14.063,-0.156,0.145,0.996,0.398,0.016,-0.258,0.040,0.020,1.091,1.423,2,NULL,NULL,,3,1,2,7,255,1091,250,0,0
stim,114405,144526,1,144526,3341854.455,-0.816,0.085,0.044,-0.570,2713,179,975,2823,2377,2521,591,2679,57,1.330,1,2174,1,29.981,0.555,5.063,-19.375,-22.313,-0.195,0.137,1.023,0.551,0.070,0.129,0.040,0.020,1.091,1.423,2,NULL,NULL,,3,1,2,7,255,1091,250,0,0
stim,114405,144526,1,144526,3341859.454,-0.815,0.085,0.043,-0.571,2664,199,1118,2796,2419,2525,725,2698,57,1.330,1,2174,1,35.207,0.754,1.750,-20.938,-28.250,-0.156,0.156,1.035,0.750,0.082,0.445,0.040,0.022,1.091,1.423,2,NULL,NULL,,3,1,2,7,255,1091,250,0,0
stim,114424,144545,1,144545,3341864.455,-0.814,0.084,0.043,-0.572,2601,222,1226,2770,2463,2533,861,2699,57,1.330,1,2174,1,38.908,0.566,-3.625,-20.188,-33.063,-0.180,0.082,1.000,0.551,0.129,0.445,0.042,0.022,1.091,1.423,2,NULL,NULL,,3,1,2,7,255,1091,250,0,0
stim,114424,144545,1,144545,3341869.453,-0.814,0.083,0.042,-0.574,2547,231,1322,2741,2507,2537,953,2730,57,1.330,1,2174,1,46.944,0.134,-10.063,-19.500,-41.500,-0.160,0.047,1.012,0.105,0.082,0.254,0.042,0.026,1.091,1.423,2,NULL,NULL,,3,1,2,7,255,1091,250,0,0
stim,114424,144545,1,144545,3341874.455,-0.813,0.082,0.042,-0.576,2471,228,1464,2703,2541,2539,1114,2747,57,1.330,1,2174,1,49.113,0.241,-13.500,-22.063,-41.750,-0.152,0.035,1.004,-0.156,-0.184,0.191,0.044,0.028,1.091,1.423,2,NULL,NULL,,3,1,2,7,255,1091,250,0,0
stim,114424,144545,1,144545,3341879.454,-0.812,0.081,0.042,-0.577,2402,242,1597,2668,2585,2543,1239,2773,57,1.330,1,2174,1,54.060,0.298,-17.313,-21.188,-46.625,-0.184,-0.004,0.988,-0.234,-0.184,0.156,0.046,0.032,1.091,1.423,2,NULL,NULL,,3,1,2,7,255,1091,250,0,0
stim,114446,144567,1,144567,3341884.455,-0.810,0.079,0.042,-0.579,2328,243,1721,2639,2620,2544,1363,2781,57,1.330,1,2174,1,62.604,0.694,-22.188,-21.688,-54.375,-0.176,-0.023,1.012,-0.664,-0.203,0.156,0.048,0.036,1.091,1.423,2,NULL,NULL,,3,1,2,7,255,1091,250,0,0
stim,114446,144567,1,144567,3341889.453,-0.809,0.077,0.042,-0.581,2236,251,1847,2591,2652,2551,1477,2795,57,1.330,1,2174,1,70.252,0.694,-31.375,-24.375,-57.938,-0.152,-0.012,1.059,-0.664,-0.203,0.238,0.050,0.038,1.091,1.423,2,NULL,NULL,,3,1,2,7,255,1091,250,0,0
stim,114487,144608,1,144608,3341894.455,-0.808,0.075,0.042,-0.583,2137,251,1945,2532,2683,2553,1615,2809,57,1.330,1,2174,1,81.042,0.716,-44.250,-25.000,-63.125,-0.156,-0.012,1.086,-0.609,-0.375,0.648,0.052,0.038,1.091,1.423,2,NULL,NULL,,3,1,2,7,255,1091,250,0,0
stim,114487,144608,1,144608,3341899.453,-0.806,0.072,0.043,-0.586,2029,247,2040,2479,2708,2567,1737,2825,57,1.330,1,2174,1,91.455,0.702,-57.563,-23.875,-66.938,-0.117,0.012,1.055,-0.566,-0.414,0.648,0.054,0.038,1.091,1.423,2,NULL,NULL,,3,1,2,7,255,1091,250,0,0
stim,114487,144608,1,144608,3341904.455,-0.805,0.069,0.044,-0.588,1941,247,2159,2413,2739,2557,1846,2843,57,1.330,1,2174,0,93.752,0.593,-64.875,-22.375,-63.875,-0.074,0.043,1.000,-0.164,-0.570,0.563,0.056,0.040,1.091,1.423,2,NULL,NULL,,3,1,2,7,255,1091,250,0,0
stim,114487,144608,1,144608,3341909.454,-0.804,0.066,0.045,-0.590,1805,245,2259,2331,2764,2567,1947,2855,57,1.330,1,2174,0,86.812,0.668,-60.375,-24.625,-57.313,-0.082,0.004,0.930,-0.074,-0.664,0.008,0.058,0.040,1.091,1.423,2,NULL,NULL,,3,1,2,7,255,1091,250,0,0
stim,114487,144608,1,144608,3341914.455,-0.802,0.063,0.045,-0.592,1655,237,2329,2247,2789,2567,2042,2868,57,1.330,1,2174,0,79.022,0.668,-52.875,-26.063,-52.625,-0.133,-0.051,0.961,-0.074,-0.664,-0.313,0.058,0.040,1.091,1.423,2,NULL,NULL,,3,1,2,7,255,1091,250,0,0
stim,114487,144608,1,144608,3341919.453,-0.801,0.060,0.046,-0.594,1478,237,2405,2147,2811,2565,2131,2879,57,1.330,1,2174,0,81.816,0.763,-49.625,-28.313,-58.563,-0.168,-0.059,1.000,-0.664,-0.375,-0.313,0.060,0.040,1.091,1.423,2,NULL,NULL,,3,1,2,7,255,1091,250,0,0
stim,114487,144608,1,144608,3341924.455,-0.800,0.058,0.046,-0.596,1275,221,2475,2037,2837,2566,2213,2891,57,1.330,1,2174,0,87.394,0.763,-47.813,-28.500,-67.375,-0.102,-0.063,0.977,-0.664,-0.375,-0.199,0.062,0.040,1.091,1.423,2,NULL,NULL,,3,1,2,7,255,1091,250,0,0
stim,114487,144608,1,144608,3341929.453,-0.798,0.055,0.046,-0.598,1098,204,2527,1895,2853,2557,2295,2903,57,1.330,1,2174,0,80.814,0.881,-44.688,-30.313,-60.125,-0.012,-0.043,0.980,-0.621,-0.625,-0.199,0.064,0.040,1.091,1.423,2,NULL,NULL,,3,1,2,7,255,1091,250,0,0
stim,114487,144608,1,144608,3341934.455,-0.797,0.052,0.046,-0.600,950,189,2571,1761,2870,2555,2359,2907,57,1.330,1,2174,0,68.838,1.287,-39.813,-29.250,-47.938,-0.012,-0.027,0.984,-0.156,-1.277,-0.242,0.064,0.042,1.091,1.423,2,NULL,NULL,,3,1,2,7,255,1091,250,0,0
stim,114487,144608,1,144608,3341939.454,-0.796,0.050,0.046,-0.601,719,153,2605,1559,2891,2552,2421,2917,57,1.330,1,2174,0,61.400,1.281,-36.750,-30.375,-38.688,-0.066,-0.027,1.000,-0.102,-1.277,-0.242,0.064,0.044,1.091,1.423,2,NULL,NULL,,3,1,2,7,255,1091,250,0,0
stim,114506,144627,1,144627,3341944.455,-0.796,0.048,0.046,-0.602,547,107,2641,1366,2906,2552,2477,2923,57,1.330,1,2174,0,57.976,0.799,-34.000,-30.813,-35.438,-0.074,-0.070,1.004,-0.102,-0.793,-0.027,0.066,0.044,1.091,1.423,2,NULL,NULL,,3,1,2,7,255,1091,250,0,0
stim,114506,144627,1,144627,3341949.453,-0.795,0.046,0.046,-0.603,343,75,2671,1091,2922,2541,2533,2939,57,1.330,1,2174,0,53.564,0.918,-30.563,-32.688,-29.438,-0.109,-0.105,1.000,-0.512,-0.762,0.047,0.070,0.044,1.091,1.423,2,NULL,NULL,,3,1,2,7,255,1091,250,0,0
stim,114506,144627,1,144627,3341954.455,-0.794,0.044,0.045,-0.604,184,57,2708,905,2927,2537,2577,2948,57,1.330,1,2174,0,51.022,0.882,-24.250,-35.188,-27.875,-0.133,-0.082,1.012,-0.719,-0.512,0.059,0.072,0.046,1.091,1.423,2,NULL,NULL,,3,1,2,7,255,1091,250,0,0
stim,114506,144627,1,144627,3341959.454,-0.794,0.042,0.044,-0.605,79,25,2734,708,2953,2525,2615,2958,57,1.330,1,2174,0,52.116,0.743,-20.375,-38.813,-28.188,-0.137,-0.055,1.031,-0.719,-0.188,0.207,0.074,0.046,1.091,1.423,2,NULL,NULL,,3,1,2,7,255,1091,250,0,0
stim,114534,144655,1,144655,3341964.455,-0.793,0.041,0.043,-0.606,29,0,2764,501,2968,2509,2650,2966,57,1.330,1,2174,0,52.450,0.457,-10.938,-43.500,-27.188,-0.160,-0.008,1.055,-0.449,-0.082,0.375,0.076,0.048,1.091,1.423,2,NULL,NULL,,3,1,2,7,255,1091,250,0,0
stim,114534,144655,1,144655,3341969.454,-0.792,0.039,0.042,-0.607,0,0,2789,247,2976,2492,2684,2984,57,1.330,1,2174,0,59.195,0.103,-9.188,-47.125,-34.625,-0.090,0.047,1.086,-0.063,-0.082,0.621,0.078,0.048,1.091,1.423,2,NULL,NULL,,3,1,2,7,255,1091,250,0,0
stim,114534,144655,1,144655,3341974.455,-0.792,0.037,0.040,-0.609,0,0,2799,158,2987,2472,2707,2979,57,1.330,1,2174,0,64.034,0.692,-16.250,-49.438,-37.313,-0.008,0.039,1.051,0.656,-0.219,0.621,0.080,0.048,1.091,1.423,2,NULL,NULL,,3,1,2,7,255,1091,250,0,0
stim,114534,144655,1,144655,3341979.453,-0.791,0.036,0.039,-0.609,0,0,2813,111,2999,2453,2735,2985,57,1.330,1,2174,0,58.331,0.692,4.500,-54.813,-19.438,-0.215,-0.023,1.141,0.656,-0.219,0.855,0.082,0.050,1.091,1.423,2,NULL,NULL,,3,1,2,7,255,1091,250,0,0
stim,114534,144655,1,144655,3341984.455,-0.791,0.035,0.036,-0.609,0,0,2833,75,3007,2427,2761,2987,57,1.330,1,2174,0,72.984,0.895,30.750,-66.125,-2.938,-0.332,-0.094,1.324,-0.320,0.836,1.531,0.084,0.052,1.091,1.423,2,NULL,NULL,,3,1,2,7,255,1091,250,0,0
stim,114534,144655,1,144655,3341989.453,-0.791,0.034,0.033,-0.610,0,0,2841,45,3019,2409,2787,2999,57,1.330,1,2174,0,74.876,1.927,14.375,-70.438,-20.938,-0.336,-0.176,1.398,-1.238,1.477,3.457,0.088,0.052,1.091,1.423,2,NULL,NULL,,3,1,2,7,255,1091,250,0,0
stim,114589,144710,1,144710,3341994.455,-0.790,0.032,0.030,-0.611,0,0,2847,0,3031,2381,2809,2999,57,1.330,1,2174,0,84.740,2.311,24.750,-75.750,-28.813,-0.293,-0.160,1.418,-1.777,1.477,4.176,0.090,0.054,1.091,1.423,3,NULL,NULL,,3,1,2,7,255,1091,250,0,0
stim,114589,144710,1,144710,3341999.454,-0.790,0.031,0.027,-0.611,0,0,2856,0,3043,2348,2833,3007,57,1.330,1,2174,0,86.013,2.133,13.875,-84.688,-5.813,-0.102,0.109,1.434,-1.777,1.180,4.254,0.092,0.054,1.091,1.423,3,NULL,NULL,,3,1,2,7,255,1091,250,0,0
stim,114589,144710,1,144710,3342004.455,-0.790,0.028,0.024,-0.612,0,0,2855,0,3043,2291,2855,3005,57,1.330,1,2174,0,86.394,1.202,-23.250,-82.938,-6.688,-0.055,0.152,1.254,1.195,0.125,4.254,0.092,0.056,1.091,1.423,3,NULL,NULL,,3,1,2,7,255,1091,250,0,0
stim,114589,144710,0,144710,3342009.454,-0.791,0.025,0.021,-0.611,0,0,2860,0,3052,2250,2869,3005,57,1.330,1,2174,0,90.925,1.455,-14.438,-89.125,10.750,-0.090,0.145,1.141,1.449,0.125,2.477,0.092,0.060,1.091,1.423,3,NULL,NULL,,3,0,2,7,255,1096,250,0,0
stim,114589,144710,0,144710,3342014.455,-0.791,0.023,0.018,-0.611,0,0,2861,0,3061,2197,2879,3007,57,1.330,1,2174,0,99.460,1.532,7.813,-96.313,23.563,-0.188,0.164,1.227,1.449,0.496,2.258,0.090,0.064,1.091,1.423,3,NULL,NULL,,3,0,2,7,255,1096,250,0,0
stim,114589,144710,0,144710,3342019.453,-0.792,0.021,0.014,-0.610,0,0,2858,0,3064,2127,2897,3007,57,1.330,1,2174,0,103.704,2.039,9.750,-101.938,16.375,-0.254,0.121,1.301,1.355,1.523,2.258,0.086,0.072,1.091,1.423,3,NULL,NULL,,3,0,2,7,255,1096,250,0,0
stim,114589,144710,0,144710,3342024.455,-0.792,0.018,0.010,-0.610,0,0,2855,0,3069,2031,2909,3006,57,1.330,1,2174,0,107.928,1.967,4.438,-107.563,7.688,-0.227,0.070,1.344,0.781,1.805,3.020,0.082,0.080,1.091,1.423,3,NULL,NULL,,3,0,2,7,255,1096,250,0,0
stim,114589,144710,0,144710,3342029.454,-0.793,0.015,0.007,-0.609,0,0,2857,0,3080,1909,2927,3007,57,1.330,1,2174,0,113.651,1.834,-4.375,-113.063,10.688,-0.172,0.023,1.344,0.328,1.805,3.383,0.076,0.088,1.091,1.423,3,NULL,NULL,,3,0,2,7,255,1096,250,0,0
stim,114589,144710,0,144710,3342034.455,-0.793,0.012,0.003,-0.609,0,0,2847,0,3094,1785,2934,3013,57,1.330,1,2174,0,119.283,1.285,-8.500,-117.750,17.063,-0.156,-0.016,1.285,0.008,1.285,3.383,0.070,0.094,1.091,1.423,3,NULL,NULL,,3,0,2,7,255,1096,250,0,0
stim,114589,144710,0,144710,3342039.453,-0.794,0.008,-0.001,-0.608,0,0,2841,0,3098,1653,2941,3015,57,1.330,1,2174,0,125.658,1.344,-11.188,-123.438,20.688,-0.180,-0.020,1.258,-0.395,1.285,2.828,0.064,0.104,1.091,1.423,3,NULL,NULL,,3,0,2,7,255,1096,250,0,0
stim,114589,144710,0,144710,3342044.455,-0.795,0.005,-0.005,-0.607,0,0,2835,0,3093,1463,2963,2972,57,1.330,1,2174,0,130.574,1.566,-12.750,-128.313,20.563,-0.207,0.016,1.246,-0.395,1.516,2.543,0.058,0.112,1.091,1.423,3,NULL,NULL,,3,0,2,7,255,1096,250,0,0
stim,114589,144710,0,144710,3342049.453,-0.795,0.001,-0.009,-0.606,0,0,2811,0,3097,1267,2968,2991,57,1.330,1,2174,0,136.140,2.030,-13.000,-134.375,17.563,-0.199,0.016,1.234,-0.297,2.008,2.383,0.050,0.122,1.091,1.423,3,NULL,NULL,,3,0,2,7,255,1096,250,0,0
stim,114634,144755,0,144755,3342054.455,-0.796,-0.003,-0.013,-0.605,0,0,2791,0,3099,1014,2972,2979,57,1.330,1,2174,0,142.098,2.030,-13.438,-140.375,17.500,-0.164,-0.023,1.215,-0.297,2.008,2.254,0.042,0.134,1.091,1.423,3,NULL,NULL,,3,0,2,7,255,1096,250,0,0
stim,114634,144755,0,144755,3342059.454,-0.796,-0.007,-0.018,-0.605,0,0,2782,0,3103,756,2987,2925,57,1.330,1,2174,0,148.102,1.864,-14.938,-146.125,18.938,-0.148,-0.063,1.191,-0.598,1.766,2.066,0.032,0.146,1.091,1.423,3,NULL,NULL,,3,0,2,7,255,1096,250,0,0
stim,114634,144755,0,144755,3342064.455,-0.797,-0.012,-0.023,-0.604,0,0,2735,0,3104,569,2990,2957,57,1.330,1,2174,0,153.096,2.010,-17.063,-151.125,17.563,-0.160,-0.105,1.137,-0.961,1.766,1.828,0.024,0.156,1.091,1.423,3,NULL,NULL,,3,0,2,7,255,1096,250,0,0
stim,114634,144755,0,144755,3342069.453,-0.797,-0.017,-0.027,-0.603,0,0,2707,0,3099,413,2999,2939,57,1.330,1,2174,0,158.271,2.181,-14.875,-156.750,16.063,-0.137,-0.133,1.070,-1.410,1.664,1.254,0.016,0.168,1.091,1.423,3,NULL,NULL,,3,0,2,7,255,1096,250,0,0
stim,114634,144755,0,144755,3342074.455,-0.797,-0.021,-0.032,-0.602,0,0,2681,0,3108,227,3016,2899,57,1.330,1,2174,0,162.529,2.122,-8.563,-161.688,14.125,-0.109,-0.113,1.039,-1.418,1.578,0.605,0.012,0.178,1.091,1.423,3,NULL,NULL,,3,0,2,7,255,1096,250,0,0
stim,114634,144755,0,144755,3342079.453,-0.797,-0.025,-0.038,-0.602,0,0,2649,0,3119,99,3017,2920,57,1.330,1,2174,0,164.721,2.122,3.375,-164.563,6.375,-0.145,-0.094,1.004,-1.418,1.578,0.289,0.014,0.190,1.091,1.423,3,NULL,NULL,,3,0,2,7,255,1096,250,0,0
stim,114634,144755,0,144755,3342084.455,-0.797,-0.029,-0.044,-0.601,0,0,2598,0,3107,39,3017,2879,57,1.330,1,2174,0,171.171,2.285,15.563,-170.375,-5.438,-0.102,-0.063,1.066,-1.355,1.840,0.289,0.020,0.200,1.091,1.423,3,NULL,NULL,,3,0,2,7,255,1096,250,0,0
stim,114634,144755,0,144755,3342089.454,-0.797,-0.033,-0.051,-0.601,0,0,2535,0,3116,0,3029,2862,57,1.330,1,2174,0,174.930,2.088,18.000,-173.438,-14.000,-0.043,0.012,1.180,-0.988,1.840,0.484,0.030,0.210,1.091,1.423,3,NULL,NULL,,3,0,2,7,255,1096,250,0,0
stim,114679,144800,0,144800,3342094.455,-0.796,-0.037,-0.057,-0.602,0,0,2473,0,3103,0,3021,2820,57,1.330,1,2174,0,178.397,1.854,11.188,-177.250,-16.813,0.000,0.109,1.285,-0.230,1.840,1.625,0.040,0.222,1.091,1.423,3,NULL,NULL,,3,0,2,7,255,1096,250,0,0
stim,114679,144800,0,144800,3342099.454,-0.795,-0.041,-0.064,-0.602,0,0,2395,0,3099,0,3022,2783,57,1.330,1,2174,0,181.880,2.059,12.813,-180.813,-14.938,-0.031,0.145,1.559,0.738,1.922,2.660,0.048,0.232,1.091,1.423,3,NULL,NULL,,3,0,2,7,255,1096,250,0,0
stim,114679,144800,0,144800,3342104.455,-0.795,-0.045,-0.070,-0.601,0,0,2291,0,3095,5,3025,2735,57,1.330,1,2174,0,192.742,2.976,21.063,-191.563,3.125,-0.164,0.047,1.910,0.738,2.883,5.227,0.058,0.244,1.091,1.423,3,NULL,NULL,,3,0,2,7,255,1096,250,0,0
stim,114679,144800,0,144800,3342109.454,-0.795,-0.051,-0.078,-0.599,0,0,2187,0,3087,38,3021,2683,57,1.330,1,2174,0,211.610,4.690,2.813,-209.813,27.375,-0.363,0.074,2.203,-0.594,4.652,8.398,0.066,0.256,1.091,1.423,3,NULL,NULL,,3,0,2,7,255,1096,250,0,0
stim,114679,144800,0,144800,3342114.455,-0.795,-0.057,-0.085,-0.597,0,0,2054,0,3077,63,3015,2631,57,1.330,1,2174,0,234.773,7.453,-20.063,-231.375,34.375,-0.621,0.258,2.328,-0.594,7.430,10.758,0.074,0.270,1.091,1.423,3,NULL,NULL,,3,0,2,7,255,1096,250,0,0
stim,114679,144800,0,144800,3342119.454,-0.795,-0.066,-0.093,-0.596,0,0,1897,0,3061,66,2999,2555,57,1.330,1,2174,0,266.753,10.938,-56.813,-259.125,28.000,-0.660,0.570,2.371,-0.141,10.938,11.227,0.082,0.286,1.091,1.423,3,NULL,NULL,,3,0,2,7,255,1096,250,0,0
stim,114703,144824,0,144824,3342124.455,-0.794,-0.076,-0.100,-0.594,0,0,1767,0,3045,87,2984,2484,57,1.330,1,2174,0,295.055,13.004,-79.938,-283.563,16.125,-0.598,0.758,2.313,2.637,12.734,11.227,0.098,0.304,1.091,1.423,3,NULL,NULL,,3,0,2,7,255,1096,250,0,0
stim,114703,144824,0,144824,3342129.454,-0.793,-0.088,-0.108,-0.592,0,0,1609,0,3029,101,2955,2413,57,1.330,1,2174,0,323.494,13.598,-89.313,-310.313,19.438,-0.551,0.695,2.277,4.137,12.953,10.441,0.118,0.330,1.091,1.423,3,NULL,NULL,,3,0,2,7,255,1096,250,0,0
stim,114703,144824,0,144824,3342134.455,-0.792,-0.100,-0.117,-0.590,0,0,1517,0,3003,108,2925,2315,57,1.330,1,2174,0,351.093,13.713,-98.250,-336.250,23.438,-0.555,0.617,2.395,4.137,13.074,10.441,0.144,0.362,1.091,1.423,3,NULL,NULL,,3,0,2,7,255,1096,250,0,0
stim,114703,144824,0,144824,3342139.453,-0.791,-0.113,-0.126,-0.588,0,0,1396,0,2983,121,2875,2221,57,1.330,1,2174,0,380.347,14.106,-120.250,-359.563,30.313,-0.586,0.598,2.398,3.332,13.707,10.051,0.178,0.400,1.091,1.423,3,NULL,NULL,,3,0,2,7,255,1096,250,0,0
stim,114703,144824,0,144824,3342144.455,-0.789,-0.128,-0.136,-0.586,0,0,1301,0,2939,133,2827,2130,57,1.330,1,2174,0,400.505,14.934,-123.188,-380.500,21.188,-0.660,0.480,2.387,3.098,14.609,10.051,0.222,0.448,1.091,1.423,3,NULL,NULL,,3,0,2,7,255,1096,250,0,0
stim,114703,144824,0,144824,3342149.453,-0.786,-0.141,-0.148,-0.583,0,0,1209,0,2899,135,2759,2044,57,1.330,1,2174,0,417.991,15.701,-92.563,-407.375,13.938,-0.672,0.473,2.625,1.828,15.594,10.051,0.272,0.502,1.091,1.423,3,NULL,NULL,,3,0,2,7,255,1096,250,0,0
stim,114703,144824,0,144824,3342154.455,-0.784,-0.155,-0.160,-0.579,0,0,1163,0,2835,133,2649,1941,57,1.330,1,2174,0,441.326,17.385,-81.313,-433.438,17.000,-0.727,0.789,2.918,1.828,17.289,10.742,0.326,0.560,1.091,1.423,3,NULL,NULL,,3,0,2,7,255,1096,250,0,0
stim,114703,144824,0,144824,3342159.454,-0.780,-0.170,-0.173,-0.576,0,0,1003,0,2757,132,2521,1803,57,1.330,1,2174,0,463.745,21.056,-98.438,-453.063,10.188,-0.777,1.008,3.203,4.199,20.633,12.160,0.386,0.622,1.091,1.423,3,NULL,NULL,,3,0,2,7,255,1096,250,0,0
stim,114724,144845,0,144845,3342164.455,-0.776,-0.186,-0.185,-0.573,0,0,889,0,2654,91,2373,1639,57,1.330,1,2174,0,481.553,24.168,-131.813,-463.063,-9.563,-0.867,0.777,3.266,4.199,23.801,12.641,0.452,0.690,1.091,1.423,3,NULL,NULL,,3,0,2,7,255,1096,250,0,0
stim,114724,144845,0,144845,3342169.453,-0.770,-0.203,-0.198,-0.571,0,0,767,0,2527,67,2157,1485,57,1.330,1,2174,0,501.528,24.615,-156.125,-476.000,-24.063,-0.785,0.496,3.188,3.508,24.363,12.641,0.524,0.764,1.091,1.423,3,NULL,NULL,,3,0,2,7,255,1096,250,0,0
stim,114724,144845,0,144845,3342174.455,-0.764,-0.221,-0.210,-0.568,0,0,622,0,2373,27,1909,1315,57,1.330,1,2174,0,517.343,24.392,-164.688,-489.438,-31.188,-0.766,0.043,3.039,1.184,24.363,11.645,0.602,0.848,1.091,1.423,3,NULL,NULL,,3,0,2,7,255,1096,250,0,0
stim,114724,144845,0,144845,3342179.453,-0.758,-0.240,-0.223,-0.565,0,0,437,0,2140,0,1595,1079,57,1.330,1,2174,0,540.736,23.431,-178.438,-510.375,-8.563,-0.527,-0.230,2.652,-2.844,23.258,10.004,0.692,0.940,1.091,1.423,3,NULL,NULL,,3,0,2,7,255,1096,250,0,0
stim,114755,144876,0,144876,3342184.455,-0.751,-0.258,-0.235,-0.560,0,0,287,0,1854,0,1175,927,57,1.330,1,2174,0,550.178,19.978,-177.688,-520.688,-2.688,-0.348,-0.484,2.016,-4.566,19.449,7.695,0.792,1.044,1.091,1.423,3,NULL,NULL,,3,0,2,7,255,1096,250,0,0
stim,114755,144876,0,144876,3342189.454,-0.745,-0.275,-0.249,-0.555,0,0,205,0,1540,0,685,772,57,1.330,1,2174,0,542.790,15.138,-115.375,-530.313,8.875,-0.211,-0.375,1.637,-4.734,14.379,3.555,0.900,1.152,1.091,1.423,3,NULL,NULL,,3,0,2,7,255,1096,250,0,0
stim,114786,144907,0,144907,3342194.455,-0.739,-0.291,-0.264,-0.547,0,0,119,0,1148,0,217,587,57,1.330,1,2174,0,538.381,13.582,-60.500,-533.000,45.875,-0.301,-0.070,1.547,-4.734,12.730,0.898,1.008,1.262,1.091,1.423,3,NULL,NULL,,3,0,2,7,255,1096,250,0,0
stim,114786,144907,0,144907,3342199.453,-0.735,-0.305,-0.280,-0.537,0,0,107,0,683,0,0,493,57,1.330,1,2174,0,535.891,12.913,-10.750,-530.813,72.813,-0.504,0.203,1.949,-2.164,12.730,-1.316,1.110,1.370,1.091,1.423,3,NULL,NULL,,3,0,2,7,255,1096,250,0,0
stim,114786,144907,0,144907,3342204.455,-0.732,-0.319,-0.295,-0.525,0,0,48,0,221,0,0,383,57,1.330,1,2174,0,562.444,18.006,7.625,-543.875,143.125,-1.082,0.027,2.273,-2.164,17.875,-1.379,1.206,1.468,1.091,1.423,3,NULL,NULL,,3,0,2,7,255,1096,250,0,0
stim,114786,144907,0,144907,3342209.454,-0.730,-0.336,-0.309,-0.510,0,0,33,0,0,0,0,266,57,1.330,1,2174,0,606.197,23.970,-32.063,-566.000,214.688,-1.441,0.199,2.176,-4.008,23.633,-4.211,1.290,1.554,1.091,1.423,3,NULL,NULL,,3,0,2,7,255,1096,250,0,0
stim,114786,144907,0,144907,3342214.455,-0.725,-0.353,-0.322,-0.495,0,0,23,0,0,0,0,135,57,1.330,1,2174,0,602.392,23.970,-72.563,-565.125,195.563,-1.531,0.645,1.742,-4.008,23.633,-9.047,1.364,1.632,1.091,1.423,4,NULL,NULL,,3,0,2,7,255,1096,250,0,0
stim,114786,144907,0,144907,3342219.454,-0.719,-0.370,-0.333,-0.485,0,0,22,0,0,0,0,69,57,1.330,1,2174,0,545.363,23.133,-137.438,-515.875,111.375,-1.004,1.340,1.215,-0.098,23.133,-14.199,1.438,1.708,1.091,1.423,0,NULL,NULL,,3,0,2,7,255,1096,250,0,0
stim,114786,144907,0,144907,3342224.455,-0.710,-0.386,-0.342,-0.479,0,0,23,0,0,0,0,115,57,1.330,1,2174,0,479.961,19.497,-189.375,-437.938,52.063,-0.344,1.949,1.102,8.254,17.664,-14.199,1.514,1.788,1.091,1.423,0,NULL,NULL,,3,0,2,7,255,1096,250,0,0
stim,114786,144907,0,144907,3342229.454,-0.702,-0.404,-0.344,-0.476,0,0,17,0,0,0,0,133,57,1.330,1,2174,0,459.622,21.191,-318.563,-326.688,55.188,0.137,1.629,0.723,14.961,15.008,-12.219,1.600,1.878,1.091,1.423,0,NULL,NULL,,3,0,2,7,255,1096,250,0,0
stim,114786,144907,0,144907,3342234.455,-0.695,-0.418,-0.343,-0.474,0,0,19,0,0,0,0,135,57,1.330,1,2174,0,361.721,17.401,-286.188,-205.188,82.688,0.059,0.633,0.266,14.961,8.887,-9.914,1.694,1.974,1.091,1.423,0,NULL,NULL,,3,0,2,7,255,1096,250,0,0
stim,114786,144907,0,144907,3342239.453,-0.694,-0.426,-0.341,-0.470,0,0,14,0,0,0,0,142,57,1.330,1,2174,0,202.996,8.499,-124.625,-106.750,119.500,-0.613,-0.141,0.477,5.848,6.168,-9.914,1.788,2.070,1.091,1.423,0,NULL,NULL,,3,0,2,7,255,1096,250,0,0
stim,114807,144928,0,144928,3342244.455,-0.694,-0.429,-0.339,-0.468,0,0,21,0,0,0,0,151,57,1.330,1,2174,0,94.908,7.125,-55.313,-21.938,73.938,-1.199,-0.422,1.414,-3.566,6.168,-12.828,1.874,2.162,1.091,1.423,0,NULL,NULL,,3,0,2,7,255,1096,250,0,0
stim,114807,144928,0,144928,3342249.454,-0.692,-0.432,-0.334,-0.472,0,0,18,0,0,0,0,110,57,1.330,1,2174,0,167.109,18.110,-150.813,71.750,-5.750,-1.301,-0.371,1.457,-8.082,16.207,-13.402,1.952,2.242,1.091,1.423,0,NULL,NULL,,3,0,2,7,255,1096,250,0,0
stim,114807,144928,0,144928,3342254.455,-0.689,-0.435,-0.325,-0.479,0,0,17,0,0,0,0,84,57,1.330,1,2174,0,271.111,18.110,-224.125,149.500,-30.313,-0.938,0.270,0.559,-8.082,16.207,-14.191,2.018,2.310,1.091,1.423,0,NULL,NULL,,3,0,2,7,255,1096,250,0,0
stim,114807,144928,0,144928,3342259.454,-0.688,-0.436,-0.316,-0.486,0,0,13,0,0,0,0,59,57,1.330,1,2174,0,262.086,8.810,-168.750,200.063,-13.688,-0.730,0.988,0.000,-0.613,8.789,-16.363,2.072,2.366,1.091,1.423,0,NULL,NULL,,3,0,2,7,255,1096,250,0,0
stim,114832,144953,0,144953,3342264.455,-0.690,-0.433,-0.308,-0.491,0,0,17,0,0,0,0,52,57,1.330,1,2174,0,234.748,8.928,-65.063,225.313,10.375,-0.793,1.027,0.180,6.727,5.871,-18.773,2.128,2.424,1.091,1.423,0,NULL,NULL,,3,0,2,7,255,1096,250,0,0
stim,114832,144953,0,144953,3342269.453,-0.693,-0.429,-0.300,-0.496,0,0,9,0,0,0,0,54,57,1.330,1,2174,0,247.153,8.928,-33.750,244.438,14.000,-0.863,0.586,0.660,6.727,5.871,-18.773,2.192,2.492,1.091,1.423,0,NULL,NULL,,3,0,2,7,255,1096,250,0,0
stim,114832,144953,0,144953,3342274.455,-0.695,-0.425,-0.290,-0.502,0,0,9,0,0,0,0,67,57,1.330,1,2174,0,270.941,9.818,-76.563,259.813,6.688,-0.785,0.156,0.672,2.801,9.410,-15.832,2.260,2.562,1.091,1.423,0,NULL,NULL,,3,0,2,7,255,1096,250,0,0
stim,114832,144953,0,144953,3342279.453,-0.697,-0.423,-0.279,-0.508,0,0,8,0,0,0,0,63,57,1.330,1,2174,0,290.862,9.445,-107.938,269.438,18.813,-0.629,0.066,0.180,-0.809,9.410,-14.230,2.320,2.626,1.091,1.423,0,NULL,NULL,,3,0,2,7,255,1096,250,0,0
stim,114832,144953,0,144953,3342284.455,-0.699,-0.420,-0.269,-0.513,0,0,3,0,0,0,0,56,57,1.330,1,2174,0,288.711,4.530,-83.500,273.563,39.313,-0.578,0.355,-0.281,-0.809,4.457,-14.230,2.372,2.680,1.091,1.423,0,NULL,NULL,,3,0,2,7,255,1096,250,0,0
stim,114832,144953,0,144953,3342289.454,-0.703,-0.415,-0.259,-0.517,0,0,1,0,0,0,0,59,57,1.330,1,2174,0,280.421,1.280,-24.188,275.625,45.625,-0.570,0.477,-0.414,1.082,0.684,-16.887,2.418,2.730,1.091,1.423,0,NULL,NULL,,3,0,2,7,255,1096,250,0,0
stim,114888,145009,0,145009,3342294.455,-0.707,-0.408,-0.250,-0.520,0,0,2,0,0,0,0,40,57,1.330,1,2174,0,284.137,1.280,29.375,277.813,51.875,-0.613,0.363,-0.230,1.082,0.684,-16.887,2.462,2.776,1.091,1.423,0,NULL,NULL,,3,0,2,7,255,1096,250,0,0
stim,114888,145009,0,145009,3342299.453,-0.712,-0.400,-0.242,-0.524,0,0,0,0,0,0,0,38,57,1.330,1,2174,0,292.329,1.891,49.750,283.813,49.313,-0.488,0.172,-0.070,1.035,1.582,-16.883,2.504,2.822,1.091,1.423,0,NULL,NULL,,3,0,2,7,255,1096,250,0,0
stim,114888,145009,0,145009,3342304.455,-0.718,-0.392,-0.233,-0.526,0,0,0,0,0,0,0,30,57,1.330,1,2174,0,304.825,1.593,60.063,287.750,80.688,-0.313,0.098,-0.035,-0.188,1.582,-14.395,2.542,2.862,1.091,1.423,0,NULL,NULL,,3,0,2,7,255,1096,250,0,0
stim,114888,145009,0,145009,3342309.454,-0.724,-0.384,-0.224,-0.527,0,0,0,0,0,0,0,25,57,1.330,1,2174,0,318.477,2.199,78.750,289.188,107.688,-0.543,0.328,0.051,-0.188,2.191,-14.395,2.570,2.894,1.091,1.423,0,NULL,NULL,,3,0,2,7,255,1096,250,0,0
stim,114888,145009,0,145009,3342314.455,-0.731,-0.375,-0.216,-0.528,0,0,0,0,0,0,0,23,57,1.330,1,2174,0,320.618,4.047,100.688,290.750,90.125,-0.684,0.402,0.215,1.129,3.887,-14.496,2.590,2.916,1.091,1.423,0,NULL,NULL,,3,0,2,7,255,1096,250,0,0
stim,114888,145009,0,145009,3342319.454,-0.737,-0.365,-0.208,-0.530,0,0,0,0,0,0,0,23,57,1.330,1,2174,0,322.571,6.317,115.063,294.625,63.313,-0.570,0.270,0.383,1.129,6.215,-14.496,2.602,2.932,1.091,1.423,0,NULL,NULL,,3,0,2,7,255,1096,250,0,0
stim,114888,145009,0,145009,3342324.455,-0.742,-0.355,-0.200,-0.532,0,0,0,0,0,0,0,21,57,1.330,1,2174,0,327.381,6.777,120.813,298.438,59.313,-0.449,0.156,0.527,0.824,6.727,-12.184,2.612,2.944,1.091,1.423,0,NULL,NULL,,3,0,2,7,255,1096,250,0,0
stim,114888,145009,0,145009,3342329.453,-0.748,-0.344,-0.192,-0.534,0,0,0,0,0,0,0,18,57,1.330,1,2174,0,332.293,6.940,121.625,302.000,66.500,-0.492,0.211,0.707,0.824,6.891,-9.898,2.622,2.956,1.091,1.423,0,NULL,NULL,,3,0,2,7,255,1096,250,0,0
stim,114888,145009,0,145009,3342334.455,-0.753,-0.334,-0.184,-0.536,0,0,0,0,0,0,0,17,57,1.330,1,2174,0,331.637,8.568,113.875,306.500,55.438,-0.590,0.336,0.902,0.875,8.523,-8.941,2.630,2.968,1.091,1.423,0,NULL,NULL,,3,0,2,7,255,1096,250,0,0
stim,114888,145009,0,145009,3342339.453,-0.758,-0.323,-0.176,-0.539,0,0,0,0,0,0,0,19,57,1.330,1,2174,0,328.766,10.886,98.875,312.125,29.813,-0.555,0.371,1.039,1.855,10.727,-8.379,2.644,2.984,1.091,1.423,0,NULL,NULL,,3,0,2,7,255,1096,250,0,0
stim,114888,145009,0,145009,3342344.455,-0.761,-0.313,-0.167,-0.543,0,0,1,0,0,0,0,13,57,1.330,1,2174,0,328.629,10.970,79.000,318.750,12.438,-0.430,0.289,1.102,2.297,10.727,-6.996,2.660,3.004,1.091,1.423,0,NULL,NULL,,3,0,2,7,255,1096,250,0,0
stim,114888,145009,0,145009,3342349.454,-0.764,-0.303,-0.158,-0.547,0,0,0,0,0,0,0,19,57,1.330,1,2174,0,330.842,10.947,58.688,325.438,10.125,-0.371,0.203,1.090,2.297,10.703,-5.238,2.680,3.028,1.091,1.423,0,NULL,NULL,,3,0,2,7,255,1096,250,0,0
stim,114921,145042,0,145042,3342354.455,-0.767,-0.294,-0.148,-0.551,0,0,0,0,0,0,0,24,57,1.330,1,2174,0,335.487,10.028,42.563,332.688,7.688,-0.395,0.191,1.023,1.746,9.875,-4.746,2.708,3.056,1.091,1.423,0,NULL,NULL,,3,0,2,7,255,1096,250,0,0
stim,114921,145042,0,145042,3342359.454,-0.769,-0.284,-0.137,-0.556,0,0,0,0,0,0,0,17,57,1.330,1,2174,0,341.816,9.632,35.313,339.938,-5.813,-0.398,0.223,0.926,1.746,9.473,-4.746,2.738,3.090,1.091,1.423,0,NULL,NULL,,3,0,2,7,255,1096,250,0,0
stim,114921,145042,0,145042,3342364.455,-0.771,-0.275,-0.127,-0.561,0,0,0,0,0,0,0,31,57,1.330,1,2174,0,348.779,8.982,37.125,346.188,-20.563,-0.297,0.215,0.840,1.797,8.801,-5.277,2.776,3.130,1.091,1.423,0,NULL,NULL,,3,0,2,7,255,1096,250,0,0
stim,114921,145042,0,145042,3342369.453,-0.772,-0.264,-0.117,-0.566,0,0,0,0,0,0,0,43,57,1.330,1,2174,0,354.583,7.665,43.438,351.063,-24.438,-0.152,0.188,0.781,2.063,7.383,-5.277,2.818,3.176,1.091,1.423,0,NULL,NULL,,3,0,2,7,255,1096,250,0,0
stim,114921,145042,0,145042,3342374.455,-0.774,-0.254,-0.106,-0.571,0,0,0,0,0,0,0,39,57,1.330,1,2174,0,357.640,6.139,52.063,353.250,-20.250,-0.094,0.180,0.703,2.242,5.715,-4.945,2.862,3.224,1.091,1.423,0,NULL,NULL,,3,0,2,7,255,1096,250,0,0
stim,114921,145042,0,145042,3342379.454,-0.775,-0.242,-0.097,-0.575,0,0,0,0,0,0,0,51,57,1.330,1,2174,0,360.780,5.150,70.563,353.250,-19.938,-0.070,0.117,0.629,2.242,4.637,-4.945,2.910,3.274,1.091,1.423,0,NULL,NULL,,3,0,2,7,255,1096,250,0,0
stim,114954,145075,0,145075,3342384.455,-0.777,-0.230,-0.088,-0.579,0,0,0,0,0,0,0,48,57,1.330,1,2174,0,363.439,4.191,98.563,349.500,-14.938,-0.047,0.086,0.605,1.750,3.809,-5.055,2.956,3.322,1.091,1.423,0,NULL,NULL,,3,0,2,7,255,1096,250,0,0
stim,114954,145075,0,145075,3342389.454,-0.779,-0.217,-0.079,-0.583,0,0,0,0,0,0,0,52,57,1.330,1,2174,0,368.132,3.708,127.125,345.375,-8.750,0.004,0.078,0.715,1.750,3.270,-5.055,3.002,3.370,1.091,1.423,0,NULL,NULL,,3,0,2,7,255,1096,250,0,0
stim,114987,145108,0,145108,3342394.455,-0.781,-0.203,-0.071,-0.586,0,0,0,0,0,0,0,57,57,1.330,1,2174,0,370.357,3.672,144.438,341.000,4.563,0.031,0.117,0.824,1.754,3.227,-3.816,3.046,3.418,1.091,1.423,0,NULL,NULL,,3,0,2,7,255,1096,250,0,0
stim,114987,145108,0,145108,3342399.453,-0.784,-0.189,-0.064,-0.588,0,0,0,0,0,0,0,55,57,1.330,1,2174,0,374.416,3.909,160.000,337.875,20.688,0.066,0.129,0.859,2.344,3.129,-2.746,3.084,3.460,1.091,1.423,0,NULL,NULL,,3,0,2,7,255,1096,250,0,0
stim,114987,145108,0,145108,3342404.455,-0.787,-0.175,-0.057,-0.589,0,0,0,0,0,0,0,59,57,1.330,1,2174,0,382.465,3.964,179.563,335.375,39.500,0.043,0.156,0.914,2.559,3.027,-2.242,3.118,3.498,1.091,1.423,0,NULL,NULL,,3,0,2,7,255,1096,250,0,0
stim,114987,145108,0,145108,3342409.454,-0.790,-0.159,-0.050,-0.590,0,0,0,0,0,0,0,60,57,1.330,1,2174,0,391.727,4.111,199.750,333.563,47.813,-0.086,0.242,1.059,2.781,3.027,-1.770,3.150,3.532,1.091,1.423,0,NULL,NULL,,3,0,2,7,255,1096,250,0,0
stim,114987,145108,0,145108,3342414.455,-0.793,-0.143,-0.044,-0.590,0,0,0,0,0,0,0,60,57,1.330,1,2174,0,398.232,5.659,214.875,332.125,45.938,-0.133,0.242,1.223,3.320,4.582,-0.813,3.180,3.564,1.091,1.423,0,NULL,NULL,,3,0,2,7,255,1096,250,0,0
stim,114987,145108,0,145108,3342419.454,-0.796,-0.127,-0.038,-0.590,0,0,0,0,0,0,0,61,57,1.330,1,2174,0,400.981,6.141,221.375,331.375,44.375,-0.172,0.246,1.406,3.324,5.164,0.781,3.208,3.594,1.091,1.423,0,NULL,NULL,,3,0,2,7,255,1096,250,0,0
stim,114987,145108,0,145108,3342424.455,-0.799,-0.111,-0.032,-0.591,0,0,0,0,0,0,0,69,57,1.330,1,2174,0,399.331,6.541,219.250,330.813,44.250,-0.199,0.227,1.559,3.324,5.633,2.617,3.234,3.624,1.091,1.423,0,NULL,NULL,,3,0,2,7,255,1096,250,0,0
stim,114987,145108,0,145108,3342429.453,-0.801,-0.095,-0.025,-0.591,0,0,0,0,0,0,0,61,57,1.330,1,2174,0,395.808,6.560,213.625,330.250,44.313,-0.242,0.227,1.684,3.129,5.766,4.270,3.258,3.652,1.091,1.423,0,NULL,NULL,,3,0,2,7,255,1096,250,0,0
stim,114987,145108,0,145108,3342434.455,-0.803,-0.079,-0.019,-0.591,0,0,0,0,0,0,0,71,57,1.330,1,2174,0,390.278,6.654,205.688,329.125,41.063,-0.293,0.242,1.785,2.980,5.949,5.605,3.284,3.678,1.091,1.423,0,NULL,NULL,,3,0,2,7,255,1096,250,0,0
stim,114987,145108,0,145108,3342439.453,-0.804,-0.064,-0.013,-0.591,0,0,0,0,0,0,0,67,57,1.330,1,2174,0,383.307,6.623,196.750,327.125,34.688,-0.324,0.234,1.867,2.910,5.949,6.715,3.308,3.706,1.091,1.423,0,NULL,NULL,,3,0,2,7,255,1096,250,0,0
stim,115008,145129,0,145129,3342444.455,-0.805,-0.049,-0.006,-0.591,0,0,0,0,0,0,0,63,57,1.330,1,2174,0,375.602,6.516,187.750,324.188,27.000,-0.332,0.195,1.926,2.684,5.938,7.719,3.332,3.734,1.091,1.423,0,NULL,NULL,,3,0,2,7,255,1096,250,0,0
stim,115008,145129,0,145129,3342449.454,-0.806,-0.034,0.001,-0.591,0,0,0,0,0,0,0,62,57,1.330,1,2174,0,368.600,5.809,180.313,320.875,19.813,-0.324,0.137,1.969,2.223,5.367,8.527,3.358,3.762,1.091,1.423,0,NULL,NULL,,3,0,2,7,255,1096,250,0,0
stim,115008,145129,0,145129,3342454.455,-0.806,-0.020,0.007,-0.591,0,0,0,0,0,0,0,70,57,1.330,1,2174,0,363.300,4.866,176.125,317.500,12.688,-0.320,0.094,2.000,1.617,4.590,9.145,3.386,3.792,1.091,1.423,0,NULL,NULL,,3,0,2,7,255,1096,250,0,0
stim,115008,145129,0,145129,3342459.454,-0.806,-0.005,0.014,-0.592,0,0,0,0,0,0,0,69,57,1.330,1,2174,0,360.463,3.988,175.313,314.938,3.625,-0.305,0.051,2.027,1.133,3.824,9.645,3.414,3.824,1.091,1.423,0,NULL,NULL,,3,0,2,7,255,1096,250,0,0
stim,115008,145129,0,145129,3342464.455,-0.805,0.009,0.021,-0.593,0,0,3,0,0,0,0,59,57,1.330,1,2174,0,360.438,3.013,177.750,313.500,-6.188,-0.270,-0.016,2.051,0.652,2.941,10.066,3.444,3.856,1.091,1.423,0,NULL,NULL,,3,0,2,7,255,1096,250,0,0
stim,115008,145129,0,145129,3342469.453,-0.804,0.024,0.027,-0.593,0,0,3,0,0,0,0,64,57,1.330,1,2174,0,363.607,1.801,183.375,313.563,-16.188,-0.223,-0.082,2.070,0.012,1.801,10.391,3.472,3.886,1.091,1.423,0,NULL,NULL,,3,0,2,7,255,1096,250,0,0
stim,115039,145160,0,145160,3342474.455,-0.802,0.039,0.033,-0.595,0,0,4,0,0,0,0,61,57,1.330,1,2174,0,370.020,0.772,192.875,314.688,-26.188,-0.152,-0.145,2.082,-0.578,0.512,10.586,3.498,3.916,1.091,1.423,0,NULL,NULL,,3,0,2,7,255,1096,250,0,0
stim,115039,145160,0,145160,3342479.454,-0.800,0.054,0.039,-0.596,0,0,3,0,0,0,0,68,57,1.330,1,2174,0,379.761,1.461,207.188,316.250,-35.750,-0.059,-0.215,2.109,-1.121,-0.938,10.676,3.522,3.944,1.091,1.423,0,NULL,NULL,,3,0,2,7,255,1096,250,0,0
stim,115039,145160,0,145160,3342484.455,-0.798,0.070,0.044,-0.597,0,0,0,0,0,0,0,71,57,1.330,1,2174,0,391.684,3.177,225.188,317.375,-44.500,0.070,-0.246,2.156,-1.707,-2.680,10.754,3.544,3.966,1.091,1.423,0,NULL,NULL,,3,0,2,7,255,1096,250,0,0
stim,115039,145160,0,145160,3342489.453,-0.795,0.086,0.049,-0.599,0,0,0,0,0,0,0,69,57,1.330,1,2174,0,405.852,5.000,246.313,318.188,-52.938,0.262,-0.246,2.223,-1.707,-4.699,10.910,3.560,3.986,1.091,1.423,0,NULL,NULL,,3,0,2,7,255,1096,250,0,0
stim,115087,145208,0,145208,3342494.455,-0.791,0.104,0.053,-0.601,0,0,0,0,0,0,0,68,57,1.330,1,2174,0,422.367,7.400,271.125,318.313,-59.688,0.492,-0.246,2.324,-1.594,-7.227,11.000,3.572,4.002,1.091,1.423,0,NULL,NULL,,3,0,2,7,255,1096,250,0,0
stim,115087,145208,0,145208,3342499.453,-0.787,0.122,0.056,-0.602,0,0,0,0,0,0,0,72,57,1.330,1,2174,0,438.381,10.324,295.625,317.563,-62.750,0.707,-0.250,2.457,-1.328,-10.238,11.227,3.580,4.012,1.091,1.423,0,NULL,NULL,,3,0,2,7,255,1096,250,0,0
stim,115087,145208,0,145208,3342504.455,-0.782,0.141,0.059,-0.604,0,0,0,0,0,0,0,72,57,1.330,1,2174,0,452.466,13.301,317.313,316.313,-63.125,0.891,-0.262,2.633,-1.328,-13.234,11.629,3.582,4.016,1.091,1.423,0,NULL,NULL,,3,0,2,7,255,1096,250,0,0
stim,115087,145208,0,145208,3342509.454,-0.777,0.160,0.061,-0.605,0,0,0,0,0,0,0,71,57,1.330,1,2174,0,462.774,16.225,332.188,315.688,-64.438,1.055,-0.219,2.848,-1.359,-16.168,12.301,3.578,4.014,1.091,1.423,0,NULL,NULL,,3,0,2,7,255,1096,250,0,0
stim,115087,145208,0,145208,3342514.455,-0.772,0.180,0.064,-0.606,0,0,0,0,0,0,0,69,57,1.330,1,2174,0,466.433,18.975,337.000,315.063,-68.750,1.195,-0.125,3.066,-1.359,-18.926,13.277,3.566,4.006,1.091,1.423,0,NULL,NULL,,3,0,2,7,255,1096,250,0,0
stim,115087,145208,0,145208,3342519.453,-0.766,0.199,0.066,-0.608,0,0,0,0,0,0,0,71,57,1.330,1,2174,0,461.980,21.556,329.938,314.250,-76.250,1.301,-0.039,3.293,-0.957,-21.535,14.289,3.546,3.988,1.091,1.423,0,NULL,NULL,,3,0,2,7,255,1096,250,0,0
stim,115087,145208,0,145208,3342524.455,-0.760,0.217,0.069,-0.609,0,0,0,0,0,0,0,79,57,1.330,1,2174,0,445.630,23.970,305.438,312.938,-85.813,1.398,0.082,3.523,-0.785,-23.957,15.395,3.516,3.962,1.091,1.423,0,NULL,NULL,,3,0,2,7,255,1096,250,0,0
stim,115087,145208,0,145208,3342529.453,-0.753,0.233,0.074,-0.610,0,0,0,0,0,0,0,79,57,1.330,1,2174,0,416.859,26.362,260.313,310.313,-98.563,1.582,0.305,3.711,-0.375,-26.359,16.480,3.474,3.922,1.091,1.423,0,NULL,NULL,,3,0,2,7,255,1096,250,0,0
stim,115087,145208,0,145208,3342534.455,-0.747,0.247,0.080,-0.612,0,0,0,0,0,0,0,93,57,1.330,1,2174,0,379.736,29.276,194.250,305.000,-115.938,1.934,0.477,3.695,1.324,-29.246,16.480,3.420,3.872,1.091,1.423,0,NULL,NULL,,3,0,2,7,255,1096,250,0,0
stim,115087,145208,0,145208,3342539.454,-0.741,0.259,0.087,-0.613,0,0,0,0,0,0,0,120,57,1.330,1,2174,0,341.169,32.950,120.875,296.688,-117.313,2.316,0.379,3.438,3.332,-32.781,14.945,3.352,3.806,1.091,1.423,0,NULL,NULL,,3,0,2,7,255,1096,250,0,0
stim,115108,145229,0,145229,3342544.455,-0.737,0.268,0.096,-0.614,0,0,0,0,0,0,0,154,57,1.330,1,2174,0,305.568,35.800,56.250,283.188,-100.063,2.645,0.141,3.000,3.332,-35.645,9.914,3.270,3.728,1.091,1.423,0,NULL,NULL,,3,0,2,7,255,1096,250,0,0
stim,115108,145229,0,145229,3342549.453,-0.733,0.275,0.105,-0.614,0,0,0,0,0,0,0,190,57,1.330,1,2174,0,279.380,37.052,12.813,266.125,-84.063,2.910,-0.078,2.488,2.539,-36.965,3.234,3.176,3.636,1.091,1.423,0,NULL,NULL,,3,0,2,7,255,1096,250,0,0
stim,115108,145229,0,145229,3342554.455,-0.730,0.281,0.114,-0.613,0,0,0,0,0,0,0,247,57,1.330,1,2174,0,256.167,37.139,-8.813,245.125,-73.875,3.238,-0.195,1.988,2.258,-37.070,-3.672,3.070,3.534,1.091,1.423,0,NULL,NULL,,3,0,2,7,255,1096,250,0,0
stim,115108,145229,0,145229,3342559.454,-0.727,0.286,0.122,-0.613,0,0,0,0,0,0,0,295,57,1.330,1,2174,0,231.239,37.369,-12.875,221.688,-64.500,3.680,-0.297,1.492,2.258,-37.301,-10.449,2.956,3.422,1.091,1.423,0,NULL,NULL,,3,0,2,7,255,1096,250,0,0
stim,115136,145258,0,145258,3342564.455,-0.724,0.290,0.129,-0.612,0,0,0,0,0,0,0,347,57,1.330,1,2174,0,202.073,38.279,-3.250,197.000,-44.875,4.176,-0.543,0.949,2.414,-38.203,-17.652,2.828,3.298,1.091,1.423,0,NULL,NULL,,3,0,2,7,255,1096,250,0,0
stim,115136,145258,0,145258,3342569.454,-0.723,0.296,0.134,-0.610,0,0,0,0,0,0,0,367,57,1.330,1,2174,0,180.861,38.279,38.625,176.688,-0.500,4.469,-0.910,0.340,2.414,-38.203,-25.832,2.690,3.162,1.091,1.423,0,NULL,NULL,,3,0,2,7,255,1096,250,0,0
stim,115136,145258,0,145258,3342574.455,-0.721,0.303,0.135,-0.608,0,0,0,0,0,0,0,367,57,1.330,1,2174,0,161.398,38.893,89.188,131.313,29.188,4.547,-1.945,0.266,0.465,-38.891,-33.676,2.542,3.016,1.091,1.423,0,NULL,NULL,,3,0,2,7,255,1096,250,0,0
stim,115136,145258,0,145258,3342579.453,-0.721,0.311,0.134,-0.605,0,0,0,0,0,0,0,335,57,1.330,1,2174,0,196.717,39.887,146.750,98.000,86.938,4.527,-2.406,0.398,-8.859,-38.891,-37.652,2.388,2.864,1.091,1.423,0,NULL,NULL,,3,0,2,7,255,1096,250,0,0
stim,115137,145258,0,145258,3342584.455,-0.720,0.322,0.127,-0.601,0,0,0,0,0,0,0,314,57,1.330,1,2174,0,306.761,41.015,266.375,67.188,136.500,3.953,-2.578,0.559,-13.027,-38.891,-37.652,2.228,2.706,1.091,1.423,0,NULL,NULL,,3,0,2,7,255,1096,250,0,0
stim,115137,145258,0,145258,3342589.454,-0.718,0.336,0.115,-0.598,0,0,0,0,0,0,0,302,57,1.330,1,2174,0,426.581,39.933,399.250,31.313,146.938,3.395,-2.211,1.520,-15.051,-36.988,-34.953,2.066,2.544,1.091,1.423,0,NULL,NULL,,3,0,2,7,255,1096,250,0,0
stim,115182,145303,0,145303,3342594.455,-0.715,0.349,0.102,-0.597,0,0,0,0,0,0,0,296,57,1.330,1,2174,0,434.331,39.933,422.000,-25.188,99.625,2.152,-0.594,3.406,-15.051,-36.988,-24.418,1.900,2.380,1.091,1.423,0,NULL,NULL,,3,0,2,7,255,1096,250,0,0
stim,115182,145303,0,145303,3342599.454,-0.711,0.355,0.093,-0.599,0,0,0,56,0,0,0,435,57,1.330,1,2174,0,272.023,39.965,263.625,-66.438,9.188,2.023,-0.711,4.660,-13.398,-37.652,1.172,1.732,2.212,1.091,1.423,0,NULL,NULL,,3,0,2,7,255,1096,250,0,0
stim,115182,145303,0,145303,3342604.455,-0.712,0.368,0.063,-0.595,525,0,0,910,0,35,0,476,57,1.330,1,2174,0,758.471,46.141,610.625,-299.688,335.563,1.992,0.359,8.547,-13.398,-44.152,10.391,1.556,2.036,1.091,1.423,0,NULL,NULL,,3,0,2,7,255,1096,250,0,0
stim,115182,145303,0,145303,3342609.455,-0.718,0.364,0.052,-0.591,1203,0,0,1481,0,227,0,567,57,1.330,1,2174,0,318.997,67.287,23.125,-223.938,226.000,1.430,0.211,9.355,-18.207,-64.777,42.926,1.376,1.858,1.091,1.423,0,NULL,NULL,,3,0,2,7,255,1096,250,0,0
stim,115182,145303,0,145303,3342614.455,-0.747,0.322,0.070,-0.577,1823,0,0,1866,0,520,0,619,57,1.330,1,2174,0,1277.202,67.287,-1193.188,-186.000,415.875,0.547,3.184,3.004,-18.207,-64.777,42.926,1.196,1.678,1.091,1.423,0,NULL,NULL,,3,0,2,7,255,1096,250,0,0
stim,115182,145303,0,145303,3342619.453,-0.774,0.279,0.087,-0.561,2187,0,0,2036,0,763,0,662,57,1.330,1,2174,0,1297.887,28.454,-1197.625,-239.875,438.938,-0.641,5.246,-1.695,23.223,-16.441,22.730,1.016,1.498,1.091,1.423,0,NULL,NULL,,3,0,2,7,255,1096,250,0,0
stim,115182,145303,0,145303,3342624.455,-0.790,0.256,0.092,-0.549,2438,0,0,2197,0,939,0,739,57,1.330,1,2175,0,697.138,34.608,-585.375,-154.813,345.500,-2.262,3.047,-2.891,23.223,25.660,-5.105,0.834,1.318,1.091,1.423,1,1058.000,-38.000,,3,0,2,7,255,1096,250,0,0
stim,115182,145303,0,145303,3342629.454,-0.796,0.246,0.089,-0.546,2580,0,0,2316,0,1161,0,845,57,1.330,1,2175,0,280.304,33.770,-189.563,-175.875,108.188,-2.453,-0.465,-0.504,21.953,25.660,-5.449,0.650,1.134,1.091,1.423,1,NULL,NULL,,3,0,2,7,255,1096,250,0,0
stim,115182,145304,0,145304,3342634.455,-0.797,0.241,0.086,-0.548,2712,0,0,2443,0,1325,0,974,57,1.330,1,2175,0,142.715,20.794,-46.063,-133.625,-19.750,-0.266,0.359,1.441,0.738,20.781,-5.449,0.470,0.948,1.091,1.423,1,NULL,NULL,,3,0,2,7,255,1096,250,0,0
stim,115182,145304,0,145304,3342639.453,-0.800,0.238,0.081,-0.545,2857,0,0,2659,0,1443,0,1047,57,1.330,1,2175,0,153.439,3.577,-25.875,-114.875,98.375,0.914,3.234,1.570,0.738,-3.500,4.555,0.300,0.768,1.091,1.423,2,NULL,NULL,,3,0,2,7,255,1096,250,0,0
stim,115218,145339,0,145339,3342644.455,-0.808,0.232,0.077,-0.536,2951,0,0,2799,0,1479,0,1109,57,1.330,1,2175,0,345.367,10.824,-115.000,-129.188,298.938,-0.512,1.598,1.867,10.242,-3.500,8.652,0.184,0.594,1.091,1.423,2,NULL,NULL,,3,0,2,7,255,1096,250,0,0
stim,115218,145339,0,145339,3342649.453,-0.821,0.216,0.075,-0.523,3015,0,0,2919,0,1519,0,1241,57,1.330,1,2175,0,550.346,10.302,-373.125,-201.250,350.938,-2.367,-1.242,1.137,10.242,1.109,8.652,0.182,0.434,1.091,1.423,2,NULL,NULL,,3,0,2,7,255,1096,250,0,0
stim,115218,145339,0,145339,3342654.455,-0.827,0.198,0.076,-0.521,3051,0,0,2997,0,1596,0,1355,57,1.330,1,2175,0,420.512,24.176,-370.750,-186.438,67.938,-2.797,-1.602,-0.434,-22.055,9.902,5.359,0.274,0.310,1.091,1.423,2,NULL,NULL,,3,0,2,7,255,1096,250,0,0
stim,115218,145339,0,145339,3342659.454,-0.825,0.188,0.074,-0.528,3080,0,0,3045,0,1640,0,1452,57,1.330,1,2175,0,288.359,24.405,-144.563,-193.000,-158.125,-1.211,-0.336,-0.477,-22.055,10.449,-8.004,0.356,0.252,1.091,1.423,2,NULL,NULL,,3,0,2,7,255,1096,250,0,0
stim,115220,145341,0,145341,3342664.455,-0.819,0.185,0.068,-0.538,3111,0,0,3096,0,1704,0,1549,57,1.330,1,2175,0,311.298,13.134,56.563,-178.063,-249.000,0.473,-0.012,0.984,-7.957,10.449,-8.004,0.394,0.266,1.091,1.423,2,NULL,NULL,,3,0,2,7,255,1096,250,0,0
stim,115220,145341,0,145341,3342669.453,-0.815,0.183,0.063,-0.546,3123,0,0,3143,0,1775,0,1608,57,1.330,1,2175,0,225.956,7.881,39.938,-137.563,-174.750,1.387,-0.660,2.262,-2.121,-7.590,-2.316,0.402,0.322,1.091,1.423,2,NULL,NULL,,3,0,2,7,255,1096,250,0,0
stim,115220,145341,0,145341,3342674.455,-0.816,0.176,0.061,-0.547,3127,0,0,3161,0,1849,112,1619,57,1.330,1,2175,0,170.945,22.098,-107.125,-131.313,-22.438,1.652,-1.578,2.473,-2.121,-21.996,5.223,0.408,0.378,1.091,1.423,2,NULL,NULL,,3,0,2,7,255,1096,250,0,0
stim,115220,145341,0,145341,3342679.453,-0.822,0.164,0.062,-0.542,3149,0,0,3187,0,1937,171,1653,57,1.330,1,2175,0,317.801,23.934,-260.375,-112.375,143.438,1.004,-2.090,1.680,-9.434,-21.996,5.223,0.428,0.422,1.091,1.423,2,NULL,NULL,,3,0,2,7,255,1096,250,0,0
stim,115249,145370,0,145370,3342684.455,-0.830,0.153,0.063,-0.533,3145,0,0,3195,0,2028,188,1677,57,1.330,1,2175,0,383.913,24.832,-275.063,-110.563,243.938,-0.219,-1.270,0.242,-12.336,-21.551,-0.582,0.444,0.456,1.091,1.423,2,NULL,NULL,,3,0,2,7,255,1096,250,0,0
stim,115249,145370,0,145370,3342689.454,-0.835,0.144,0.062,-0.527,3156,0,0,3251,0,2103,216,1711,57,1.330,1,2175,0,264.693,12.922,-161.000,-122.938,170.375,-1.547,-0.125,0.137,-12.336,-3.848,-4.844,0.428,0.476,1.091,1.423,2,NULL,NULL,,3,0,2,7,255,1096,250,0,0
stim,115286,145407,0,145407,3342694.455,-0.836,0.139,0.058,-0.528,3149,0,0,3208,2,2184,230,1747,57,1.330,1,2175,0,150.967,12.178,-58.938,-137.750,-18.500,-1.090,0.348,0.473,-7.852,9.309,-4.844,0.382,0.490,1.091,1.423,2,NULL,NULL,,3,0,2,7,255,1096,250,0,0
stim,115286,145407,0,145407,3342699.453,-0.835,0.135,0.053,-0.531,3149,0,0,3212,185,2280,251,1898,57,1.330,1,2175,0,153.674,9.476,-8.250,-137.625,-67.875,-0.082,0.031,1.090,-1.773,9.309,-2.281,0.334,0.500,1.091,1.423,2,NULL,NULL,,3,0,2,7,255,1096,250,0,0
stim,115286,145407,0,145407,3342704.455,-0.835,0.130,0.050,-0.533,3149,0,0,3223,429,2331,431,2023,57,1.330,1,2175,0,151.317,2.774,-58.000,-134.688,-37.313,0.160,-0.305,1.691,-1.773,-2.133,0.684,0.296,0.494,1.091,1.423,2,NULL,NULL,,3,0,2,7,255,1096,250,0,0
stim,115286,145407,0,145407,3342709.454,-0.835,0.125,0.048,-0.534,3149,0,0,3221,695,2379,393,2134,57,1.330,1,2175,0,123.186,6.976,-78.188,-92.875,-20.875,0.461,-0.258,1.828,-0.895,-6.918,5.457,0.278,0.460,1.091,1.423,2,NULL,NULL,,3,0,2,7,255,1096,250,0,0
stim,115286,145407,0,145407,3342714.455,-0.835,0.121,0.048,-0.535,3135,0,0,3219,968,2409,379,2210,57,1.330,1,2175,0,99.195,7.635,-76.875,-59.000,-21.188,0.582,-0.012,1.035,-0.895,-7.582,5.457,0.282,0.396,1.091,1.423,2,NULL,NULL,,3,0,2,7,255,1096,250,0,0
stim,115286,145407,0,145407,3342719.454,-0.835,0.118,0.047,-0.536,3153,0,0,3224,1097,2432,375,2267,57,1.330,1,2175,0,60.994,7.851,-20.313,-56.313,-11.688,0.531,0.406,1.023,2.039,-7.582,-0.664,0.306,0.320,1.091,1.423,2,NULL,NULL,,3,0,2,7,255,1096,250,0,0
stim,115286,145407,0,145407,3342724.455,-0.835,0.117,0.046,-0.536,3142,0,0,3217,1197,2457,379,2325,57,1.330,1,2175,0,37.823,5.785,-18.125,-32.438,-7.063,-0.016,-0.039,1.613,2.039,-5.414,-0.664,0.336,0.254,1.091,1.423,2,NULL,NULL,,3,0,2,7,255,1096,250,0,0
stim,115286,145407,0,145407,3342729.454,-0.835,0.112,0.047,-0.537,3133,0,0,3211,1299,2467,365,2359,57,1.330,1,2175,0,102.118,3.850,-95.438,-25.750,-25.625,-0.203,-0.164,1.168,-0.801,-3.766,1.570,0.360,0.214,1.091,1.423,2,NULL,NULL,,3,0,2,7,255,1096,250,0,0
stim,115286,145407,0,145407,3342734.455,-0.834,0.109,0.048,-0.538,3145,16,0,3208,1380,2479,352,2383,57,1.330,1,2175,0,85.708,1.735,-72.250,-21.688,-40.688,-0.145,0.012,0.754,-0.801,-1.539,1.570,0.378,0.194,1.091,1.423,2,NULL,NULL,,3,0,2,7,255,1096,250,0,0
stim,115286,145407,0,145407,3342739.453,-0.833,0.107,0.048,-0.541,3140,22,0,3213,1459,2487,341,2411,57,1.330,1,2175,0,69.064,1.496,-24.125,-18.750,-61.938,-0.086,-0.023,0.895,-0.711,-1.316,-1.125,0.394,0.186,1.091,1.423,2,NULL,NULL,,3,0,2,7,255,1096,250,0,0
stim,115286,145407,0,145407,3342744.455,-0.832,0.106,0.048,-0.543,3134,33,0,3207,1534,2507,327,2426,57,1.330,1,2175,0,63.519,1.461,-18.813,-18.000,-57.938,0.043,0.008,1.094,-0.633,-1.316,-1.125,0.410,0.178,1.091,1.423,2,NULL,NULL,,3,0,2,7,255,1096,250,0,0
stim,115286,145407,0,145407,3342749.453,-0.831,0.104,0.049,-0.544,3128,37,0,3190,1605,2504,313,2459,57,1.330,1,2175,0,56.727,2.584,-38.563,-13.063,-39.500,0.020,-0.016,1.090,-0.168,-2.578,0.570,0.430,0.166,1.091,1.423,2,NULL,NULL,,3,0,2,7,255,1096,250,0,0
stim,115321,145442,0,145442,3342754.455,-0.831,0.101,0.050,-0.545,3129,58,0,3190,1643,2522,297,2471,57,1.330,1,2175,0,56.547,2.584,-47.188,-9.063,-29.813,-0.078,0.008,0.969,-0.168,-2.578,0.570,0.454,0.150,1.091,1.423,2,NULL,NULL,,3,0,2,7,255,1096,250,0,0
stim,115321,145442,0,145442,3342759.454,-0.830,0.100,0.050,-0.546,3131,62,0,3183,1695,2518,301,2475,57,1.330,1,2175,0,53.542,1.374,-38.375,-6.938,-36.688,-0.148,0.070,0.938,-0.168,-1.363,-0.363,0.476,0.128,1.091,1.423,2,NULL,NULL,,3,0,2,7,255,1096,250,0,0
stim,115321,145442,0,145442,3342764.455,-0.829,0.098,0.051,-0.548,3125,97,0,3180,1741,2531,299,2455,57,1.330,1,2175,0,53.619,0.547,-26.875,-5.563,-46.063,-0.133,0.086,0.977,-0.008,-0.547,-0.363,0.500,0.098,1.091,1.423,2,NULL,NULL,,3,0,2,7,255,1096,250,0,0
stim,115321,145442,0,145442,3342769.453,-0.828,0.097,0.051,-0.550,3127,106,0,3191,1763,2531,296,2491,57,1.330,1,2175,0,52.297,0.582,-22.438,-4.750,-47.000,-0.094,0.086,1.023,0.199,-0.547,-0.148,0.520,0.074,1.091,1.423,2,NULL,NULL,,3,0,2,7,255,1096,250,0,0
stim,115338,145459,0,145459,3342774.455,-0.827,0.096,0.052,-0.551,3123,113,11,3179,1775,2531,256,2501,57,1.330,1,2175,0,49.018,1.066,-23.063,-4.063,-43.063,-0.047,0.113,1.039,0.379,-0.996,0.242,0.536,0.058,1.091,1.423,2,NULL,NULL,,3,0,2,7,255,1096,250,0,0
stim,115338,145459,0,145459,3342779.453,-0.826,0.095,0.052,-0.553,3128,111,35,3221,1803,2535,245,2503,57,1.330,1,2175,0,44.396,1.553,-22.625,-2.375,-38.125,0.004,0.117,1.027,0.848,-1.301,0.242,0.546,0.052,1.091,1.423,2,NULL,NULL,,3,0,2,7,255,1096,250,0,0
stim,115338,145459,0,145459,3342784.455,-0.826,0.094,0.052,-0.554,3123,105,36,3171,1823,2537,212,2501,57,1.330,1,2175,0,36.596,1.916,-20.000,-1.188,-30.625,0.027,0.082,1.004,0.871,-1.707,0.121,0.554,0.048,1.091,1.423,2,NULL,NULL,,3,0,2,7,255,1096,250,0,0
stim,115338,145459,0,145459,3342789.454,-0.825,0.093,0.053,-0.554,3131,99,51,3173,1845,2536,185,2502,57,1.330,1,2175,0,25.859,2.067,-16.313,-0.313,-20.063,0.000,0.043,1.004,0.871,-1.875,-0.133,0.564,0.042,1.091,1.423,2,NULL,NULL,,3,0,2,7,255,1096,250,0,0
stim,115338,145459,0,145459,3342794.455,-0.825,0.093,0.053,-0.555,3115,100,52,3165,1849,2538,149,2491,57,1.330,1,2175,0,16.968,1.920,-12.750,0.438,-11.188,-0.070,0.055,1.004,0.414,-1.875,-0.133,0.574,0.034,1.091,1.423,2,NULL,NULL,,3,0,2,7,255,1096,250,0,0
stim,115338,145459,0,145459,3342799.453,-0.825,0.092,0.053,-0.555,3113,108,70,3174,1869,2533,147,2506,57,1.330,1,2175,0,12.828,1.261,-7.625,0.250,-10.313,-0.129,0.113,1.004,0.414,-1.191,-0.016,0.582,0.026,1.091,1.423,2,NULL,NULL,,3,0,2,7,255,1096,250,0,0
stim,115387,145508,0,145508,3342804.457,-0.825,0.092,0.053,-0.556,3111,108,95,3172,1875,2539,142,2495,57,1.354,1,2175,1,13.987,0.753,-2.875,-0.188,-13.688,-0.125,0.148,1.039,0.586,-0.473,0.156,0.000,0.000,1.084,1.441,2,NULL,NULL,,3,0,2,7,255,1096,250,0,0
stim,115387,145508,0,145508,3342809.454,-0.824,0.092,0.053,-0.556,3104,111,115,3157,1880,2545,116,2491,57,1.354,1,2175,1,14.563,1.033,-3.000,0.125,-14.250,-0.090,0.152,1.070,0.918,-0.473,0.484,0.006,0.004,1.084,1.441,2,NULL,NULL,,3,0,2,7,255,1096,250,0,0
stim,115387,145508,0,145508,3342814.455,-0.824,0.092,0.053,-0.556,3109,114,125,3156,1896,2535,93,2495,57,1.354,1,2175,1,11.449,1.223,-7.063,0.438,-9.000,-0.086,0.129,1.063,0.918,-0.809,0.637,0.014,0.006,1.084,1.441,2,NULL,NULL,,3,0,2,7,255,1096,250,0,0
stim,115387,145508,0,145508,3342819.454,-0.824,0.092,0.053,-0.556,3099,109,126,3143,1898,2535,75,2503,57,1.354,1,2175,1,10.860,1.217,-10.438,-0.063,-3.000,-0.137,0.090,1.023,0.910,-0.809,0.637,0.018,0.010,1.084,1.441,2,NULL,NULL,,3,0,2,7,255,1096,250,0,0
stim,115387,145508,0,145508,3342824.455,-0.824,0.091,0.053,-0.557,3090,112,151,3142,1903,2531,57,2495,57,1.354,1,2175,1,9.988,0.641,-9.625,-1.438,-2.250,-0.191,0.070,0.980,0.387,-0.512,0.316,0.024,0.014,1.084,1.441,2,NULL,NULL,,3,0,2,7,255,1096,250,0,0
stim,115387,145508,0,145508,3342829.454,-0.824,0.091,0.053,-0.557,3089,109,165,3129,1907,2537,53,2496,57,1.354,1,2175,1,8.719,0.011,-6.000,-3.125,-5.500,-0.199,0.063,0.969,-0.008,-0.008,0.012,0.028,0.016,1.084,1.441,2,NULL,NULL,,3,0,2,7,255,1096,250,0,0
stim,115387,145508,0,145508,3342834.455,-0.824,0.091,0.053,-0.557,3064,103,175,3125,1914,2527,47,2502,57,1.354,1,2175,1,8.943,0.110,-3.563,-4.750,-6.688,-0.164,0.043,0.977,-0.109,-0.008,-0.094,0.032,0.018,1.084,1.441,2,NULL,NULL,,3,0,2,7,255,1096,250,0,0
stim,115387,145508,0,145508,3342839.453,-0.824,0.090,0.053,-0.557,3061,103,179,3109,1930,2535,43,2505,57,1.354,1,2175,1,7.634,0.368,-3.063,-6.125,-3.375,-0.141,0.027,0.973,-0.141,-0.340,-0.113,0.034,0.020,1.084,1.441,2,NULL,NULL,,3,0,2,7,255,1096,250,0,0
stim,115406,145527,0,145527,3342844.455,-0.824,0.090,0.053,-0.557,3053,85,185,3100,1941,2522,45,2511,57,1.354,1,2175,1,7.998,0.549,-2.875,-7.438,0.625,-0.152,0.016,0.965,-0.199,-0.512,-0.172,0.036,0.020,1.084,1.441,2,NULL,NULL,,3,0,2,7,255,1096,250,0,0
stim,115406,145527,0,145527,3342849.454,-0.824,0.090,0.053,-0.557,3045,86,213,3093,1945,2521,39,2521,57,1.354,1,2175,1,8.815,0.621,-0.938,-8.625,1.563,-0.168,0.020,0.953,-0.352,-0.512,-0.258,0.038,0.022,1.084,1.441,2,NULL,NULL,,3,0,2,7,255,1096,250,0,0
stim,115406,145527,1,145527,3342854.455,-0.824,0.089,0.052,-0.557,3027,78,233,3067,1965,2520,43,2477,57,1.354,1,2175,1,9.977,0.476,2.625,-9.625,-0.063,-0.164,0.035,0.953,-0.352,-0.320,-0.324,0.038,0.022,1.084,1.441,2,NULL,NULL,,3,1,2,7,255,1096,250,0,0
stim,115406,145527,1,145527,3342859.454,-0.824,0.089,0.052,-0.557,3015,79,252,3059,1993,2521,43,2459,57,1.354,1,2175,1,11.949,0.414,4.625,-11.000,0.625,-0.156,0.027,0.965,-0.262,-0.320,-0.324,0.040,0.022,1.084,1.441,2,NULL,NULL,,3,1,2,7,255,1096,250,0,0
stim,115436,145558,1,145558,3342864.455,-0.824,0.089,0.051,-0.557,2999,81,284,3044,2005,2521,47,2541,57,1.354,1,2175,1,12.983,0.380,4.125,-12.125,2.125,-0.172,0.039,0.969,-0.242,-0.293,-0.219,0.042,0.024,1.084,1.441,2,NULL,NULL,,3,1,2,7,255,1096,250,0,0
stim,115436,145558,1,145558,3342869.453,-0.824,0.089,0.051,-0.557,2983,83,301,3025,2021,2523,72,2553,57,1.354,1,2175,1,14.637,0.329,4.188,-13.938,1.563,-0.203,0.059,0.961,-0.242,-0.223,-0.160,0.044,0.024,1.084,1.441,2,NULL,NULL,,3,1,2,7,255,1096,250,0,0
stim,115436,145558,1,145558,3342874.455,-0.824,0.089,0.050,-0.557,2967,85,315,3013,2041,2524,86,2571,57,1.354,1,2175,1,16.836,0.247,5.750,-15.625,-2.500,-0.223,0.078,0.973,-0.188,0.160,-0.160,0.046,0.026,1.084,1.441,2,NULL,NULL,,3,1,2,7,255,1096,250,0,0
stim,115436,145558,1,145558,3342879.453,-0.824,0.089,0.049,-0.558,2942,91,377,2991,2071,2525,107,2587,57,1.354,1,2175,1,19.960,0.275,6.500,-17.063,-8.063,-0.199,0.109,0.988,-0.070,0.266,-0.012,0.048,0.030,1.084,1.441,2,NULL,NULL,,3,1,2,7,255,1096,250,0,0
stim,115436,145558,1,145558,3342884.455,-0.824,0.088,0.048,-0.558,2922,104,458,2971,2104,2531,118,2601,57,1.354,1,2175,1,22.093,0.378,6.250,-18.188,-10.875,-0.152,0.141,0.992,0.270,0.266,0.082,0.048,0.034,1.084,1.441,2,NULL,NULL,,3,1,2,7,255,1096,250,0,0
stim,115436,145558,1,145558,3342889.454,-0.824,0.088,0.047,-0.558,2905,107,507,2953,2157,2535,155,2619,57,1.354,1,2175,1,21.758,0.747,5.375,-19.125,-8.875,-0.129,0.156,1.008,0.746,-0.035,0.109,0.050,0.038,1.084,1.441,2,NULL,NULL,,3,1,2,7,255,1096,250,0,0
stim,115488,145609,1,145609,3342894.455,-0.823,0.088,0.046,-0.559,2887,115,541,2933,2207,2537,183,2636,57,1.354,1,2175,1,21.214,0.888,3.750,-19.313,-7.938,-0.133,0.148,1.027,0.859,-0.223,0.207,0.052,0.042,1.084,1.441,2,NULL,NULL,,3,1,2,7,255,1096,250,0,0
stim,115488,145609,1,145609,3342899.453,-0.823,0.088,0.046,-0.559,2857,123,655,2905,2251,2539,213,2649,57,1.354,1,2175,1,21.796,0.969,3.000,-19.000,-10.250,-0.113,0.164,1.012,0.941,-0.230,0.246,0.056,0.044,1.084,1.441,2,NULL,NULL,,3,1,2,7,255,1096,250,0,0
stim,115488,145609,1,145609,3342904.455,-0.823,0.087,0.045,-0.560,2837,127,696,2889,2292,2543,255,2661,57,1.354,1,2175,1,21.537,1.072,4.563,-18.938,-9.188,-0.078,0.148,0.996,1.031,-0.293,0.246,0.058,0.046,1.084,1.441,2,NULL,NULL,,3,1,2,7,255,1096,250,0,0
stim,115488,145609,1,145609,3342909.454,-0.823,0.087,0.044,-0.560,2807,138,743,2863,2325,2550,297,2679,57,1.354,1,2175,1,19.853,1.111,4.750,-19.000,-3.250,-0.105,0.133,0.992,1.031,-0.414,0.004,0.058,0.048,1.084,1.441,2,NULL,NULL,,3,1,2,7,255,1096,250,0,0
stim,115488,145609,1,145609,3342914.455,-0.823,0.087,0.043,-0.560,2779,149,827,2844,2373,2552,333,2697,57,1.354,1,2175,1,20.242,0.895,4.750,-19.438,-3.063,-0.156,0.156,1.000,0.793,-0.414,0.004,0.060,0.050,1.084,1.441,2,NULL,NULL,,3,1,2,7,255,1096,250,0,0
stim,115488,145609,1,145609,3342919.454,-0.823,0.087,0.042,-0.560,2745,151,937,2825,2408,2556,395,2712,57,1.354,1,2175,1,22.749,0.806,6.000,-19.750,-9.563,-0.172,0.203,1.004,0.793,0.145,0.188,0.060,0.052,1.084,1.441,2,NULL,NULL,,3,1,2,7,255,1096,250,0,0
stim,115488,145609,1,145609,3342924.455,-0.822,0.086,0.041,-0.561,2713,179,1075,2804,2447,2568,472,2726,57,1.354,1,2175,1,25.519,0.944,4.875,-19.063,-16.250,-0.160,0.176,1.020,0.922,0.203,0.293,0.062,0.056,1.084,1.441,2,NULL,NULL,,3,1,2,7,255,1096,250,0,0
stim,115488,145609,1,145609,3342929.453,-0.822,0.086,0.040,-0.562,2667,175,1158,2782,2479,2569,547,2741,57,1.354,1,2175,1,28.253,0.967,3.250,-20.063,-19.625,-0.141,0.168,1.043,0.945,0.203,0.395,0.064,0.060,1.084,1.441,2,NULL,NULL,,3,1,2,7,255,1096,250,0,0
stim,115488,145609,1,145609,3342934.455,-0.821,0.085,0.040,-0.563,2615,205,1257,2765,2517,2571,681,2750,57,1.354,1,2175,1,31.182,0.925,-3.688,-18.438,-24.875,-0.168,0.113,1.039,0.922,0.078,0.559,0.066,0.064,1.084,1.441,2,NULL,NULL,,3,1,2,7,255,1096,250,0,0
stim,115488,145609,1,145609,3342939.453,-0.821,0.085,0.039,-0.564,2578,229,1354,2733,2552,2572,817,2772,57,1.354,1,2175,1,36.168,0.465,-8.500,-19.313,-29.375,-0.152,0.121,1.043,0.465,-0.012,0.566,0.066,0.066,1.084,1.441,2,NULL,NULL,,3,1,2,7,255,1096,250,0,0
stim,115488,145609,1,145609,3342944.455,-0.820,0.084,0.039,-0.565,2503,243,1459,2707,2585,2579,957,2733,57,1.354,1,2175,1,45.528,0.339,-13.688,-17.188,-39.875,-0.172,0.039,1.004,0.336,-0.043,0.559,0.068,0.068,1.084,1.441,2,NULL,NULL,,3,1,2,7,255,1096,250,0,0
stim,115488,145609,1,145609,3342949.454,-0.819,0.082,0.039,-0.567,2451,246,1588,2679,2619,2585,1087,2796,57,1.354,1,2175,1,48.127,0.057,-19.313,-19.188,-39.688,-0.094,0.043,1.000,-0.016,-0.055,0.164,0.068,0.070,1.084,1.441,2,NULL,NULL,,3,1,2,7,255,1096,250,0,0
stim,115518,145639,1,145639,3342954.455,-0.818,0.081,0.039,-0.568,2393,248,1693,2653,2649,2588,1222,2813,57,1.354,1,2175,1,48.533,0.681,-18.000,-17.875,-41.375,-0.137,-0.051,0.965,-0.348,-0.586,0.035,0.066,0.072,1.084,1.441,2,NULL,NULL,,3,1,2,7,255,1096,250,0,0
stim,115518,145639,1,145639,3342959.454,-0.817,0.079,0.039,-0.570,2326,252,1813,2612,2679,2588,1315,2826,57,1.354,1,2175,1,51.153,1.234,-22.000,-18.500,-42.313,-0.094,-0.082,0.984,-1.012,-0.707,-0.211,0.066,0.072,1.084,1.441,2,NULL,NULL,,3,1,2,7,255,1096,250,0,0
stim,115518,145639,1,145639,3342964.455,-0.816,0.078,0.039,-0.571,2239,254,1895,2571,2703,2591,1469,2839,57,1.354,1,2175,1,46.739,1.429,-23.000,-20.750,-35.000,-0.105,-0.074,0.984,-1.102,-0.910,-0.211,0.066,0.072,1.084,1.441,2,NULL,NULL,,3,1,2,7,255,1096,250,0,0
stim,115518,145639,1,145639,3342969.453,-0.816,0.076,0.039,-0.572,2155,252,1949,2515,2725,2592,1583,2847,57,1.354,1,2175,1,49.248,1.438,-26.500,-20.000,-36.375,-0.160,-0.059,0.996,-1.113,-0.910,-0.164,0.066,0.070,1.084,1.441,2,NULL,NULL,,3,1,2,7,255,1096,250,0,0
stim,115518,145639,1,145639,3342974.455,-0.815,0.074,0.039,-0.574,2075,251,2035,2463,2746,2596,1700,2847,57,1.354,1,2175,1,57.413,1.157,-35.063,-22.063,-39.750,-0.156,-0.027,1.043,-1.102,-0.355,0.035,0.066,0.070,1.084,1.441,2,NULL,NULL,,3,1,2,7,255,1096,250,0,0
stim,115518,145639,1,145639,3342979.454,-0.814,0.072,0.040,-0.575,1976,252,2139,2397,2765,2600,1800,2873,57,1.354,1,2175,1,67.845,0.843,-45.313,-24.438,-44.188,-0.145,0.008,1.066,-0.770,-0.344,0.508,0.068,0.070,1.084,1.441,2,NULL,NULL,,3,1,2,7,255,1096,250,0,0
stim,115553,145674,1,145674,3342984.455,-0.813,0.069,0.040,-0.577,1877,248,2208,2317,2787,2601,1890,2885,57,1.354,1,2175,1,69.510,0.500,-46.500,-24.125,-45.688,-0.098,0.039,0.973,-0.363,-0.344,0.508,0.070,0.070,1.084,1.441,2,NULL,NULL,,3,1,2,7,255,1096,250,0,0
stim,115553,145674,1,145674,3342989.454,-0.812,0.067,0.040,-0.578,1741,251,2267,2231,2807,2600,1978,2893,57,1.354,1,2175,1,61.982,0.463,-39.625,-25.625,-40.188,-0.078,0.023,0.934,0.039,-0.461,-0.238,0.070,0.070,1.084,1.441,2,NULL,NULL,,3,1,2,7,255,1096,250,0,0
stim,115587,145708,1,145708,3342994.455,-0.811,0.065,0.040,-0.579,1613,249,2321,2159,2827,2601,2061,2903,57,1.354,1,2175,1,55.787,0.622,-32.188,-26.938,-36.750,-0.078,-0.012,0.992,0.039,-0.621,-0.238,0.072,0.068,1.084,1.441,2,NULL,NULL,,3,1,2,7,255,1096,250,0,0
stim,115587,145708,1,145708,3342999.453,-0.811,0.063,0.040,-0.581,1429,229,2367,2045,2843,2601,2131,2909,57,1.354,1,2175,1,53.186,0.737,-31.250,-27.625,-33.000,-0.094,-0.039,1.004,-0.266,-0.688,-0.066,0.074,0.068,1.084,1.441,2,NULL,NULL,,3,1,2,7,255,1096,250,0,0
stim,115587,145708,1,145708,3343004.455,-0.810,0.061,0.040,-0.582,1269,197,2424,1907,2859,2600,2207,2919,57,1.354,1,2175,1,50.897,0.903,-31.188,-27.938,-28.938,-0.094,-0.051,1.012,-0.563,-0.707,0.047,0.078,0.066,1.084,1.441,2,NULL,NULL,,3,1,2,7,255,1096,250,0,0
stim,115587,145708,1,145708,3343009.454,-0.810,0.059,0.039,-0.583,1106,171,2470,1791,2873,2599,2279,2927,57,1.354,1,2175,1,51.621,0.919,-31.688,-28.438,-29.188,-0.113,-0.059,1.012,-0.609,-0.688,0.117,0.082,0.064,1.084,1.441,2,NULL,NULL,,3,1,2,7,255,1096,250,0,0
stim,115587,145708,1,145708,3343014.455,-0.809,0.057,0.039,-0.584,949,137,2504,1621,2893,2597,2335,2935,57,1.354,1,2175,1,50.627,0.793,-29.313,-29.063,-29.313,-0.105,-0.043,0.984,-0.609,-0.508,0.117,0.084,0.062,1.084,1.441,2,NULL,NULL,,3,1,2,7,255,1096,250,0,0
stim,115587,145708,1,145708,3343019.454,-0.808,0.056,0.039,-0.585,730,93,2534,1381,2905,2592,2397,2943,57,1.354,1,2175,1,47.963,0.744,-24.438,-31.375,-26.813,-0.129,-0.020,0.996,-0.578,-0.469,0.012,0.088,0.060,1.084,1.441,2,NULL,NULL,,3,1,2,7,255,1096,250,0,0
stim,115587,145708,1,145708,3343024.455,-0.808,0.054,0.038,-0.586,552,73,2568,1143,2920,2587,2451,2952,57,1.354,1,2175,1,48.809,0.443,-20.313,-32.063,-30.688,-0.141,0.004,1.031,-0.410,-0.168,0.012,0.092,0.058,1.084,1.441,2,NULL,NULL,,3,1,2,7,255,1096,250,0,0
stim,115587,145708,1,145708,3343029.453,-0.807,0.052,0.038,-0.587,371,29,2601,936,2933,2582,2491,2956,57,1.354,1,2175,1,48.293,0.203,-16.688,-34.563,-29.313,-0.148,0.043,1.051,-0.203,0.004,0.402,0.094,0.058,1.084,1.441,2,NULL,NULL,,3,1,2,7,255,1096,250,0,0
stim,115587,145708,1,145708,3343034.455,-0.806,0.051,0.037,-0.588,198,0,2623,710,2949,2573,2537,2968,57,1.354,1,2175,1,54.722,0.206,-19.375,-36.375,-36.000,-0.156,0.031,1.109,0.066,0.195,0.605,0.094,0.058,1.084,1.441,2,NULL,NULL,,3,1,2,7,255,1096,250,0,0
stim,115587,145708,1,145708,3343039.454,-0.805,0.049,0.036,-0.589,85,0,2647,486,2963,2555,2577,2973,57,1.354,1,2175,1,59.676,0.206,-23.438,-37.375,-40.188,-0.105,-0.016,1.070,0.066,0.195,0.734,0.094,0.060,1.084,1.441,2,NULL,NULL,,3,1,2,7,255,1096,250,0,0
stim,115587,145709,1,145709,3343044.455,-0.805,0.047,0.035,-0.591,25,0,2661,238,2968,2541,2615,2981,57,1.354,1,2175,1,61.064,0.312,-22.438,-39.750,-40.563,-0.070,-0.012,1.035,-0.066,-0.305,0.734,0.096,0.062,1.084,1.441,2,NULL,NULL,,3,1,2,7,255,1096,250,0,0
stim,115587,145709,1,145709,3343049.454,-0.804,0.045,0.034,-0.592,4,0,2683,136,2979,2523,2642,2985,57,1.354,1,2175,1,65.411,0.543,-20.813,-43.188,-44.500,-0.039,0.023,1.000,-0.066,-0.539,0.363,0.096,0.066,1.084,1.441,2,NULL,NULL,,3,1,2,7,255,1096,250,0,0
stim,115621,145742,1,145742,3343054.455,-0.803,0.043,0.033,-0.594,0,0,2695,83,2989,2505,2675,2990,57,1.354,1,2175,1,67.835,0.644,-14.563,-46.188,-47.500,-0.047,-0.031,0.969,-0.066,-0.641,-0.008,0.094,0.070,1.084,1.441,2,NULL,NULL,,3,1,2,7,255,1096,250,0,0
stim,115621,145742,1,145742,3343059.454,-0.802,0.042,0.031,-0.595,0,0,2711,44,2999,2485,2705,2996,57,1.354,1,2175,1,61.577,0.678,18.438,-54.750,-21.313,-0.238,-0.105,1.109,-0.223,-0.641,-0.008,0.090,0.074,1.084,1.441,2,NULL,NULL,,3,1,2,7,255,1096,250,0,0
stim,115621,145742,1,145742,3343064.455,-0.801,0.041,0.028,-0.596,0,0,2724,0,3012,2455,2728,3000,57,1.354,1,2175,0,72.457,1.580,24.625,-61.000,-30.375,-0.359,-0.063,1.313,-1.359,0.805,1.258,0.086,0.080,1.084,1.441,3,NULL,NULL,,3,1,2,7,255,1096,250,0,0
stim,115621,145742,1,145742,3343069.454,-0.800,0.040,0.026,-0.598,0,0,2733,0,3017,2428,2759,3005,57,1.354,1,2175,0,86.453,2.244,16.375,-64.500,-55.188,-0.324,-0.020,1.340,-1.359,1.785,3.316,0.082,0.086,1.084,1.441,3,NULL,NULL,,3,1,2,7,255,1096,250,0,0
stim,115639,145760,1,145760,3343074.455,-0.798,0.039,0.023,-0.600,0,0,2745,0,3031,2392,2777,3007,57,1.354,1,2175,0,96.044,1.992,18.500,-72.000,-60.813,-0.195,0.039,1.301,-0.883,1.785,3.316,0.078,0.094,1.084,1.441,3,NULL,NULL,,3,1,2,7,255,1096,250,0,0
stim,115639,145760,1,145760,3343079.454,-0.798,0.039,0.019,-0.602,0,0,2761,0,3034,2359,2795,3013,57,1.354,1,2175,0,103.060,0.867,52.438,-81.688,-34.625,-0.152,0.242,1.551,-0.016,0.867,3.539,0.076,0.100,1.084,1.441,3,NULL,NULL,,3,1,2,7,255,1096,250,0,0
stim,115639,145760,1,145760,3343084.455,-0.798,0.037,0.015,-0.602,0,0,2765,0,3045,2315,2815,3014,57,1.354,1,2175,0,92.637,2.160,20.875,-90.250,-0.875,-0.051,0.441,1.652,1.988,0.844,5.496,0.072,0.106,1.084,1.441,3,NULL,NULL,,3,1,2,7,255,1096,250,0,0
stim,115639,145760,1,145760,3343089.453,-0.798,0.034,0.012,-0.602,0,0,2765,0,3047,2251,2841,3015,57,1.354,1,2175,0,94.751,2.393,-36.500,-87.438,-0.438,-0.113,0.266,1.395,2.230,0.867,5.496,0.068,0.116,1.084,1.441,3,NULL,NULL,,3,1,2,7,255,1096,250,0,0
stim,115639,145760,1,145760,3343094.455,-0.798,0.030,0.010,-0.601,0,0,2769,0,3053,2193,2853,3007,57,1.354,1,2175,0,103.357,2.396,-39.688,-94.500,13.313,-0.164,0.098,1.223,2.230,0.875,3.930,0.062,0.126,1.084,1.441,3,NULL,NULL,,3,1,2,7,255,1096,250,0,0
stim,115639,145760,1,145760,3343099.454,-0.799,0.027,0.007,-0.601,0,0,2769,0,3061,2115,2872,3012,57,1.354,1,2175,0,105.236,1.236,-21.813,-100.813,20.875,-0.223,0.012,1.176,0.512,1.125,2.254,0.056,0.136,1.084,1.441,3,NULL,NULL,,3,1,2,7,255,1096,250,0,0
stim,115685,145806,0,145806,3343104.455,-0.799,0.024,0.004,-0.600,0,0,2767,0,3063,2010,2889,3013,57,1.354,1,2175,0,107.502,1.632,-8.875,-106.625,10.438,-0.270,-0.059,1.145,-0.484,1.559,1.805,0.050,0.146,1.084,1.441,3,NULL,NULL,,3,0,2,7,255,1102,250,0,0
stim,115685,145806,0,145806,3343109.454,-0.800,0.021,0.000,-0.600,0,0,2761,0,3067,1884,2903,3007,57,1.354,1,2175,0,112.371,2.051,-3.438,-112.313,-1.125,-0.234,-0.051,1.219,-1.137,1.707,1.805,0.046,0.156,1.084,1.441,3,NULL,NULL,,3,0,2,7,255,1102,250,0,0
stim,115685,145806,0,145806,3343114.455,-0.800,0.018,-0.003,-0.600,0,0,2760,0,3077,1765,2911,3003,57,1.354,1,2175,0,117.364,2.051,-5.125,-117.250,-0.625,-0.195,-0.027,1.273,-1.137,1.707,2.195,0.038,0.166,1.084,1.441,3,NULL,NULL,,3,0,2,7,255,1102,250,0,0
stim,115685,145806,0,145806,3343119.453,-0.800,0.014,-0.007,-0.600,0,0,2743,0,3082,1607,2923,3001,57,1.354,1,2175,0,122.366,1.712,-7.250,-122.125,2.500,-0.156,-0.020,1.238,-0.824,1.500,2.348,0.030,0.178,1.084,1.441,3,NULL,NULL,,3,0,2,7,255,1102,250,0,0
stim,115685,145806,0,145806,3343124.455,-0.800,0.011,-0.011,-0.600,0,0,2732,0,3087,1401,2933,2997,57,1.354,1,2175,0,127.424,1.464,-12.688,-126.688,5.125,-0.137,-0.012,1.199,-0.680,1.297,2.348,0.022,0.190,1.084,1.441,3,NULL,NULL,,3,0,2,7,255,1102,250,0,0
stim,115685,145806,0,145806,3343129.454,-0.800,0.007,-0.015,-0.599,0,0,2715,0,3091,1181,2941,2990,57,1.354,1,2175,0,132.740,1.464,-17.688,-131.313,8.000,-0.137,-0.023,1.180,-0.680,1.297,1.930,0.016,0.200,1.084,1.441,3,NULL,NULL,,3,0,2,7,255,1102,250,0,0
stim,115685,145806,0,145806,3343134.455,-0.800,0.003,-0.019,-0.599,0,0,2693,0,3030,947,2953,2984,57,1.354,1,2175,0,136.903,1.501,-16.125,-135.750,7.375,-0.184,-0.070,1.094,-0.707,1.324,1.723,0.012,0.212,1.084,1.441,3,NULL,NULL,,3,0,2,7,255,1102,250,0,0
stim,115685,145806,0,145806,3343139.454,-0.800,-0.001,-0.024,-0.599,0,0,2669,0,3103,703,2971,2985,57,1.354,1,2175,0,142.552,2.074,-7.000,-142.375,1.188,-0.168,-0.102,1.063,-1.289,1.625,0.875,0.014,0.222,1.084,1.441,3,NULL,NULL,,3,0,2,7,255,1102,250,0,0
stim,115707,145828,0,145828,3343144.455,-0.800,-0.005,-0.029,-0.599,0,0,2646,0,3100,527,2979,2967,57,1.354,1,2175,0,147.463,2.260,1.063,-147.438,-2.500,-0.109,-0.117,1.102,-1.570,1.625,0.875,0.020,0.234,1.084,1.441,3,NULL,NULL,,3,0,2,7,255,1102,250,0,0
stim,115707,145828,0,145828,3343149.453,-0.800,-0.009,-0.034,-0.599,0,0,2607,0,3097,375,2981,2955,57,1.354,1,2175,0,151.825,1.959,5.688,-151.688,-3.063,-0.078,-0.098,1.113,-1.570,1.172,0.938,0.028,0.244,1.084,1.441,3,NULL,NULL,,3,0,2,7,255,1102,250,0,0
stim,115707,145829,0,145829,3343154.455,-0.800,-0.013,-0.040,-0.599,0,0,2568,0,3099,197,2999,2917,57,1.354,1,2175,0,155.698,1.797,4.313,-155.625,-2.063,-0.039,-0.012,1.148,-1.395,1.133,1.039,0.038,0.256,1.084,1.441,3,NULL,NULL,,3,0,2,7,255,1102,250,0,0
stim,115707,145829,0,145829,3343159.454,-0.800,-0.016,-0.045,-0.598,0,0,2508,0,3097,98,2991,2921,57,1.354,1,2175,0,159.281,1.248,3.625,-159.188,-4.063,-0.086,0.109,1.148,-0.523,1.133,1.324,0.048,0.268,1.084,1.441,3,NULL,NULL,,3,0,2,7,255,1102,250,0,0
stim,115734,145855,0,145855,3343164.455,-0.799,-0.020,-0.051,-0.599,0,0,2453,0,3097,25,2997,2900,57,1.354,1,2175,0,165.072,2.082,10.188,-164.188,-13.688,-0.043,0.246,1.168,0.441,2.035,1.371,0.056,0.280,1.084,1.441,3,NULL,NULL,,3,0,2,7,255,1102,250,0,0
stim,115734,145855,0,145855,3343169.454,-0.798,-0.024,-0.058,-0.599,0,0,2382,0,3093,0,3003,2873,57,1.354,1,2175,0,171.307,2.817,16.813,-169.375,-19.375,-0.012,0.293,1.344,1.789,2.176,1.512,0.066,0.294,1.084,1.441,3,NULL,NULL,,3,0,2,7,255,1102,250,0,0
stim,115734,145855,0,145855,3343174.455,-0.798,-0.028,-0.064,-0.599,0,0,2279,0,3089,0,3001,2834,57,1.354,1,2175,0,177.121,2.955,9.125,-176.750,-6.938,-0.027,0.230,1.637,1.789,2.352,3.238,0.080,0.310,1.084,1.441,3,NULL,NULL,,3,0,2,7,255,1102,250,0,0
stim,115734,145855,0,145855,3343179.453,-0.798,-0.032,-0.070,-0.598,0,0,2189,0,3080,3,3011,2797,57,1.354,1,2175,0,185.863,3.192,4.063,-185.563,9.750,-0.148,0.121,1.938,1.363,2.887,6.063,0.100,0.332,1.084,1.441,3,NULL,NULL,,3,0,2,7,255,1102,250,0,0
stim,115734,145855,0,145855,3343184.455,-0.798,-0.038,-0.077,-0.596,0,0,2063,0,3078,13,3013,2733,57,1.354,1,2175,0,205.248,4.362,-15.625,-202.125,32.063,-0.344,0.148,2.129,-0.164,4.359,8.738,0.126,0.364,1.084,1.441,3,NULL,NULL,,3,0,2,7,255,1102,250,0,0
stim,115734,145855,0,145855,3343189.453,-0.799,-0.045,-0.084,-0.594,0,0,1919,0,3061,69,2995,2707,57,1.354,1,2175,0,229.641,6.877,-35.438,-223.063,41.500,-0.500,0.332,2.191,-0.164,6.875,10.191,0.166,0.406,1.084,1.441,3,NULL,NULL,,3,0,2,7,255,1102,250,0,0
stim,115785,145906,0,145906,3343194.455,-0.799,-0.054,-0.090,-0.592,0,0,1775,0,3049,78,2980,2649,57,1.354,1,2175,0,256.399,9.363,-59.250,-246.313,39.500,-0.582,0.563,2.250,0.605,9.344,10.387,0.212,0.456,1.084,1.441,3,NULL,NULL,,3,0,2,7,255,1102,250,0,0
stim,115785,145906,0,145906,3343199.454,-0.798,-0.064,-0.098,-0.591,0,0,1643,0,3033,77,2979,2577,57,1.354,1,2175,0,284.530,11.571,-82.563,-270.125,34.250,-0.555,0.641,2.215,2.484,11.301,10.387,0.266,0.514,1.084,1.441,3,NULL,NULL,,3,0,2,7,255,1102,250,0,0
stim,115785,145906,0,145906,3343204.455,-0.798,-0.075,-0.105,-0.589,0,0,1517,0,3025,87,2951,2495,57,1.354,1,2175,0,308.360,12.147,-87.063,-293.875,33.813,-0.527,0.629,2.207,3.254,11.703,9.953,0.326,0.578,1.084,1.441,3,NULL,NULL,,3,0,2,7,255,1102,250,0,0
stim,115785,145906,0,145906,3343209.454,-0.797,-0.087,-0.114,-0.586,0,0,1415,0,2997,100,2921,2405,57,1.354,1,2175,0,337.563,12.388,-103.688,-318.875,38.938,-0.500,0.570,2.270,3.254,11.953,9.941,0.388,0.644,1.084,1.441,3,NULL,NULL,,3,0,2,7,255,1102,250,0,0
stim,115785,145906,0,145906,3343214.455,-0.796,-0.100,-0.122,-0.584,0,0,1307,0,2971,111,2877,2301,57,1.354,1,2175,0,360.544,12.578,-119.875,-337.938,37.688,-0.527,0.508,2.223,2.750,12.273,9.621,0.458,0.716,1.084,1.441,3,NULL,NULL,,3,0,2,7,255,1102,250,0,0
stim,115785,145906,0,145906,3343219.453,-0.795,-0.113,-0.131,-0.581,0,0,1242,0,2939,115,2831,2203,57,1.354,1,2175,0,377.214,12.997,-115.563,-357.563,32.938,-0.590,0.453,2.258,2.133,12.820,9.031,0.532,0.792,1.084,1.441,3,NULL,NULL,,3,0,2,7,255,1102,250,0,0
stim,115785,145906,0,145906,3343224.455,-0.793,-0.126,-0.142,-0.578,0,0,1183,0,2901,116,2777,2102,57,1.354,1,2175,0,392.533,14.024,-89.500,-381.125,28.563,-0.688,0.535,2.523,1.723,13.918,9.031,0.614,0.878,1.084,1.441,3,NULL,NULL,,3,0,2,7,255,1102,250,0,0
stim,115785,145906,0,145906,3343229.454,-0.791,-0.139,-0.154,-0.576,0,0,1117,0,2845,125,2698,1991,57,1.354,1,2175,0,413.903,16.706,-85.188,-404.688,16.938,-0.750,0.699,2.789,1.723,16.617,10.293,0.706,0.974,1.084,1.441,3,NULL,NULL,,3,0,2,7,255,1102,250,0,0
stim,115785,145906,0,145906,3343234.455,-0.788,-0.154,-0.166,-0.573,0,0,989,0,2771,121,2599,1874,57,1.354,1,2175,0,438.636,19.578,-105.688,-425.625,8.688,-0.738,0.883,3.012,2.867,19.367,11.707,0.806,1.078,1.084,1.441,3,NULL,NULL,,3,0,2,7,255,1102,250,0,0
stim,115785,145906,0,145906,3343239.454,-0.784,-0.170,-0.177,-0.570,0,0,891,0,2695,93,2453,1756,57,1.354,1,2175,0,462.098,21.793,-142.938,-439.375,7.313,-0.766,0.758,2.988,3.266,21.547,11.707,0.916,1.190,1.084,1.441,3,NULL,NULL,,3,0,2,7,255,1102,250,0,0
stim,115805,145926,0,145926,3343244.455,-0.780,-0.186,-0.188,-0.568,0,0,787,0,2579,73,2279,1576,57,1.354,1,2175,0,477.861,22.438,-156.000,-451.625,-7.063,-0.852,0.375,2.887,3.266,22.199,11.707,1.026,1.304,1.084,1.441,3,NULL,NULL,,3,0,2,7,255,1102,250,0,0
stim,115805,145926,0,145926,3343249.453,-0.774,-0.203,-0.200,-0.565,0,0,677,0,2425,39,2059,1407,57,1.354,1,2175,0,488.597,22.203,-150.938,-464.313,-18.938,-0.742,0.230,2.883,-0.426,22.199,9.875,1.136,1.416,1.084,1.441,3,NULL,NULL,,3,0,2,7,255,1102,250,0,0
stim,115805,145926,0,145926,3343254.455,-0.769,-0.220,-0.213,-0.562,0,0,505,0,2246,0,1791,1201,57,1.354,1,2175,0,507.751,21.870,-146.813,-485.938,-11.063,-0.746,-0.156,2.746,-1.414,21.824,9.613,1.236,1.520,1.084,1.441,3,NULL,NULL,,3,0,2,7,255,1102,250,0,0
stim,115805,145926,0,145926,3343259.454,-0.762,-0.238,-0.226,-0.558,0,0,363,0,1997,0,1445,998,57,1.354,1,2175,0,527.758,21.400,-166.375,-500.813,-5.875,-0.457,-0.219,2.336,-4.500,20.922,7.973,1.324,1.612,1.084,1.441,3,NULL,NULL,,3,0,2,7,255,1102,250,0,0
stim,115827,145948,0,145948,3343264.455,-0.756,-0.255,-0.239,-0.553,0,0,237,0,1725,0,966,875,57,1.354,1,2175,0,528.695,17.701,-146.188,-508.000,9.125,-0.313,-0.348,1.832,-4.973,16.988,5.648,1.404,1.694,1.084,1.441,3,NULL,NULL,,3,0,2,7,255,1102,250,0,0
stim,115827,145948,0,145948,3343269.454,-0.751,-0.271,-0.253,-0.547,0,0,160,0,1383,0,463,701,57,1.354,1,2175,0,524.764,13.882,-94.250,-515.563,26.250,-0.324,-0.137,1.621,-4.500,13.133,2.230,1.484,1.776,1.084,1.441,3,NULL,NULL,,3,0,2,7,255,1102,250,0,0
stim,115827,145948,0,145948,3343274.455,-0.746,-0.286,-0.268,-0.539,0,0,109,0,1001,0,88,559,57,1.354,1,2175,0,526.999,13.493,-49.688,-520.625,64.875,-0.445,0.074,1.758,-3.098,13.133,-0.285,1.570,1.868,1.084,1.441,3,NULL,NULL,,3,0,2,7,255,1102,250,0,0
stim,115827,145948,0,145948,3343279.453,-0.742,-0.300,-0.282,-0.529,0,0,87,0,511,0,0,471,57,1.354,1,2175,0,530.513,15.615,-23.313,-521.188,96.250,-0.797,0.133,2.105,-2.547,15.406,-1.133,1.668,1.968,1.084,1.441,3,NULL,NULL,,3,0,2,7,255,1102,250,0,0
stim,115851,145972,0,145972,3343284.455,-0.739,-0.315,-0.297,-0.516,0,0,43,0,91,0,0,362,57,1.354,1,2175,0,565.449,20.700,-32.313,-540.875,161.688,-1.219,0.098,2.195,-2.547,20.543,-2.227,1.772,2.074,1.084,1.441,3,NULL,NULL,,3,0,2,7,255,1102,250,0,0
stim,115851,145972,0,145972,3343289.453,-0.736,-0.333,-0.310,-0.502,0,0,25,0,0,0,0,210,57,1.354,1,2175,0,590.937,24.020,-69.000,-553.000,196.563,-1.484,0.367,1.957,-2.840,23.852,-5.746,1.874,2.178,1.084,1.441,3,NULL,NULL,,3,0,2,7,255,1102,250,0,0
stim,115887,146008,0,146008,3343294.455,-0.730,-0.351,-0.321,-0.492,0,0,25,0,0,0,0,127,57,1.354,1,2175,0,566.811,24.020,-151.750,-527.688,140.688,-1.125,1.098,1.387,-2.840,23.852,-10.836,1.970,2.278,1.084,1.441,4,NULL,NULL,,3,0,2,7,255,1102,250,0,0
stim,115887,146008,0,146008,3343299.454,-0.721,-0.368,-0.331,-0.485,0,0,22,0,0,0,0,91,57,1.354,1,2175,0,514.770,20.107,-178.063,-480.000,53.688,-0.633,1.566,1.121,5.402,19.367,-12.902,2.052,2.364,1.084,1.441,0,NULL,NULL,,3,0,2,7,255,1102,250,0,0
stim,115887,146008,0,146008,3343304.458,-0.713,-0.385,-0.338,-0.479,0,0,26,0,0,0,0,125,57,1.354,1,2175,0,472.887,19.554,-229.500,-407.750,68.500,-0.406,1.734,1.102,11.508,15.809,-12.902,2.122,2.438,1.084,1.441,0,NULL,NULL,,3,0,2,7,255,1102,250,0,0
stim,115887,146008,0,146008,3343309.454,-0.705,-0.403,-0.338,-0.475,0,0,24,0,0,0,0,136,57,1.354,1,2175,0,481.370,18.782,-342.000,-322.813,102.688,-0.160,1.270,0.703,11.508,14.844,-12.191,2.182,2.500,1.084,1.441,0,NULL,NULL,,3,0,2,7,255,1102,250,0,0
stim,115887,146008,0,146008,3343314.455,-0.699,-0.417,-0.338,-0.473,0,0,21,0,0,0,0,169,57,1.354,1,2175,0,348.917,14.126,-273.313,-207.938,61.688,-0.168,0.398,0.465,10.727,9.191,-11.398,2.240,2.562,1.084,1.441,0,NULL,NULL,,3,0,2,7,255,1102,250,0,0
stim,115887,146008,0,146008,3343319.453,-0.696,-0.425,-0.338,-0.471,0,0,25,0,0,0,0,185,57,1.354,1,2175,0,194.554,9.620,-138.063,-126.125,53.688,-0.512,-0.387,0.902,2.840,9.191,-10.426,2.302,2.626,1.084,1.441,0,NULL,NULL,,3,0,2,7,255,1102,250,0,0
stim,115887,146008,0,146008,3343324.455,-0.693,-0.430,-0.336,-0.471,0,0,23,0,0,0,0,199,57,1.354,1,2175,0,138.008,10.850,-127.563,-42.938,30.500,-0.754,-0.383,1.617,-5.684,9.242,-9.523,2.362,2.690,1.084,1.441,0,NULL,NULL,,3,0,2,7,255,1102,250,0,0
stim,115887,146008,0,146008,3343329.454,-0.689,-0.436,-0.329,-0.476,0,0,23,0,0,0,0,169,57,1.354,1,2175,0,249.771,14.479,-244.188,51.875,-8.188,-0.719,-0.109,1.211,-5.684,13.316,-9.523,2.416,2.748,1.084,1.441,0,NULL,NULL,,3,0,2,7,255,1102,250,0,0
stim,115887,146008,0,146008,3343334.455,-0.686,-0.442,-0.319,-0.482,0,0,21,0,0,0,0,119,57,1.354,1,2175,0,316.186,13.781,-288.375,129.250,10.375,-0.586,0.422,0.113,-3.547,13.316,-10.938,2.464,2.798,1.084,1.441,0,NULL,NULL,,3,0,2,7,255,1102,250,0,0
stim,115887,146008,0,146008,3343339.453,-0.685,-0.444,-0.309,-0.488,0,0,23,0,0,0,0,89,57,1.354,1,2175,0,265.317,4.093,-189.188,182.938,33.688,-0.676,0.949,-0.461,1.938,3.605,-15.645,2.508,2.846,1.084,1.441,0,NULL,NULL,,3,0,2,7,255,1102,250,0,0
stim,115887,146008,0,146008,3343344.457,-0.687,-0.442,-0.301,-0.492,0,0,20,0,0,0,0,83,57,1.354,1,2175,0,223.726,6.106,-56.063,214.500,30.000,-0.883,0.871,-0.094,5.012,3.488,-20.285,2.552,2.892,1.084,1.441,0,NULL,NULL,,3,0,2,7,255,1102,250,0,0
stim,115887,146008,0,146008,3343349.454,-0.690,-0.437,-0.294,-0.497,0,0,14,0,0,0,0,73,57,1.354,1,2175,0,238.182,6.106,-14.125,237.563,9.750,-0.855,0.398,0.578,5.012,3.488,-20.285,2.592,2.936,1.084,1.441,0,NULL,NULL,,3,0,2,7,255,1102,250,0,0
stim,115919,146040,0,146040,3343354.455,-0.692,-0.433,-0.285,-0.502,0,0,18,0,0,0,0,71,57,1.354,1,2175,0,259.532,9.051,-55.875,253.438,2.125,-0.668,0.070,0.734,1.098,8.984,-15.641,2.624,2.970,1.084,1.441,0,NULL,NULL,,3,0,2,7,255,1102,250,0,0
stim,115919,146040,0,146040,3343359.454,-0.694,-0.430,-0.274,-0.508,0,0,13,0,0,0,0,60,57,1.354,1,2175,0,281.114,9.001,-96.625,262.063,31.813,-0.543,0.109,0.379,-0.539,8.984,-12.781,2.646,2.996,1.084,1.441,0,NULL,NULL,,3,0,2,7,255,1102,250,0,0
stim,115919,146040,0,146040,3343364.455,-0.697,-0.428,-0.263,-0.512,0,0,8,0,0,0,0,49,57,1.354,1,2175,0,285.125,5.830,-86.938,265.750,55.813,-0.652,0.531,0.016,-0.539,5.805,-12.781,2.662,3.016,1.084,1.441,0,NULL,NULL,,3,0,2,7,255,1102,250,0,0
stim,115919,146040,0,146040,3343369.453,-0.699,-0.423,-0.254,-0.517,0,0,8,0,0,0,0,59,57,1.354,1,2175,0,273.935,4.485,-50.938,267.813,26.875,-0.684,0.594,-0.145,2.641,3.625,-16.648,2.676,3.032,1.084,1.441,0,NULL,NULL,,3,0,2,7,255,1102,250,0,0
stim,115939,146060,0,146060,3343374.455,-0.703,-0.417,-0.245,-0.521,0,0,7,0,0,0,0,55,57,1.354,1,2175,0,273.223,3.712,6.750,269.313,45.563,-0.371,0.063,-0.184,2.641,2.609,-16.648,2.690,3.048,1.084,1.441,0,NULL,NULL,,3,0,2,7,255,1102,250,0,0
stim,115939,146060,0,146060,3343379.453,-0.708,-0.411,-0.236,-0.523,0,0,3,0,0,0,0,41,57,1.354,1,2175,0,285.505,2.612,31.063,271.688,82.063,-0.438,0.180,0.039,0.125,2.609,-13.793,2.704,3.066,1.084,1.441,0,NULL,NULL,,3,0,2,7,255,1102,250,0,0
stim,115939,146060,0,146060,3343384.455,-0.713,-0.404,-0.227,-0.526,0,0,6,0,0,0,0,43,57,1.354,1,2175,0,290.365,2.765,30.500,277.438,80.063,-0.617,0.512,0.180,0.125,2.762,-13.793,2.720,3.086,1.084,1.441,0,NULL,NULL,,3,0,2,7,255,1102,250,0,0
stim,115939,146060,0,146060,3343389.454,-0.718,-0.397,-0.218,-0.529,0,0,0,0,0,0,0,35,57,1.354,1,2175,0,290.248,5.349,40.688,281.313,58.750,-0.574,0.418,0.168,2.000,4.961,-14.441,2.744,3.112,1.084,1.441,0,NULL,NULL,,3,0,2,7,255,1102,250,0,0
stim,115939,146060,0,146060,3343394.455,-0.723,-0.389,-0.210,-0.532,0,0,0,0,0,0,0,20,57,1.354,1,2175,0,296.041,5.349,60.250,284.688,54.438,-0.441,0.195,0.227,2.000,4.961,-14.441,2.770,3.142,1.084,1.441,0,NULL,NULL,,3,0,2,7,255,1102,250,0,0
stim,115939,146060,0,146060,3343399.454,-0.728,-0.380,-0.201,-0.534,0,0,0,0,0,0,0,29,57,1.354,1,2175,0,303.911,4.986,72.313,288.625,61.875,-0.441,0.168,0.367,0.500,4.961,-12.254,2.800,3.176,1.084,1.441,0,NULL,NULL,,3,0,2,7,255,1102,250,0,0
stim,115986,146107,0,146107,3343404.455,-0.733,-0.372,-0.193,-0.537,0,0,0,0,0,0,0,29,57,1.354,1,2175,0,309.150,5.632,77.375,293.375,59.313,-0.527,0.262,0.516,0.500,5.609,-11.188,2.838,3.216,1.084,1.441,0,NULL,NULL,,3,0,2,7,255,1102,250,0,0
stim,115986,146107,0,146107,3343409.454,-0.737,-0.362,-0.184,-0.540,0,0,0,0,0,0,0,27,57,1.354,1,2175,0,313.373,7.510,79.563,300.250,41.500,-0.535,0.289,0.637,1.199,7.414,-11.016,2.880,3.262,1.084,1.441,0,NULL,NULL,,3,0,2,7,255,1102,250,0,0
stim,115986,146107,0,146107,3343414.455,-0.741,-0.352,-0.176,-0.544,0,0,0,0,0,0,0,27,57,1.354,1,2175,0,319.754,8.482,79.063,308.875,24.250,-0.438,0.254,0.727,1.648,8.320,-10.176,2.928,3.312,1.084,1.441,0,NULL,NULL,,3,0,2,7,255,1102,250,0,0
stim,115986,146107,0,146107,3343419.454,-0.745,-0.342,-0.167,-0.548,0,0,0,0,0,0,0,29,57,1.354,1,2175,0,327.937,8.512,76.500,318.250,20.188,-0.379,0.234,0.793,1.797,8.320,-8.613,2.976,3.364,1.084,1.441,0,NULL,NULL,,3,0,2,7,255,1102,250,0,0
stim,115986,146107,0,146107,3343424.455,-0.748,-0.332,-0.158,-0.552,0,0,0,0,0,0,0,33,57,1.354,1,2175,0,336.392,8.546,74.375,327.563,18.188,-0.418,0.277,0.855,1.949,8.320,-7.500,3.026,3.416,1.084,1.441,0,NULL,NULL,,3,0,2,7,255,1102,250,0,0
stim,115986,146107,0,146107,3343429.454,-0.752,-0.322,-0.149,-0.556,0,0,0,0,0,0,0,42,57,1.354,1,2175,0,345.007,9.270,72.688,337.250,3.000,-0.430,0.340,0.926,2.344,8.969,-7.203,3.072,3.466,1.084,1.441,0,NULL,NULL,,3,0,2,7,255,1102,250,0,0
stim,115986,146107,0,146107,3343434.455,-0.754,-0.311,-0.140,-0.561,0,0,0,0,0,0,0,53,57,1.354,1,2175,0,354.255,9.478,67.625,347.313,-17.250,-0.301,0.344,0.977,3.066,8.969,-6.719,3.118,3.514,1.084,1.441,0,NULL,NULL,,3,0,2,7,255,1102,250,0,0
stim,115986,146107,0,146107,3343439.453,-0.756,-0.300,-0.130,-0.567,0,0,0,0,0,0,0,52,57,1.354,1,2175,0,362.082,9.444,59.625,356.438,-22.375,-0.145,0.281,0.938,3.629,8.719,-5.336,3.158,3.558,1.084,1.441,0,NULL,NULL,,3,0,2,7,255,1102,250,0,0
stim,116006,146127,0,146127,3343444.455,-0.758,-0.289,-0.120,-0.572,0,0,0,0,0,0,0,56,57,1.354,1,2175,0,367.445,7.923,57.063,362.750,-13.125,-0.109,0.254,0.859,3.629,7.043,-4.473,3.194,3.598,1.084,1.441,0,NULL,NULL,,3,0,2,7,255,1102,250,0,0
stim,116006,146127,0,146127,3343449.454,-0.760,-0.277,-0.110,-0.577,0,0,0,0,0,0,0,53,57,1.354,1,2175,0,372.343,6.959,62.938,366.875,-9.000,-0.148,0.266,0.785,3.375,6.086,-4.473,3.226,3.634,1.084,1.441,0,NULL,NULL,,3,0,2,7,255,1102,250,0,0
stim,116006,146127,0,146127,3343454.455,-0.762,-0.266,-0.100,-0.582,0,0,0,0,0,0,0,47,57,1.354,1,2175,0,376.910,6.710,75.563,369.000,-13.813,-0.145,0.270,0.754,3.324,5.828,-5.090,3.254,3.664,1.084,1.441,0,NULL,NULL,,3,0,2,7,255,1102,250,0,0
stim,116006,146127,0,146127,3343459.454,-0.764,-0.253,-0.090,-0.587,0,0,0,0,0,0,0,57,57,1.354,1,2175,0,380.415,6.370,91.875,368.813,-15.875,-0.074,0.258,0.777,3.324,5.434,-5.090,3.276,3.690,1.084,1.441,0,NULL,NULL,,3,0,2,7,255,1102,250,0,0
stim,116036,146157,0,146157,3343464.455,-0.766,-0.240,-0.081,-0.591,0,0,0,0,0,0,0,55,57,1.354,1,2175,0,382.022,5.909,107.750,366.375,-10.000,-0.023,0.234,0.840,3.504,4.758,-4.441,3.298,3.714,1.084,1.441,0,NULL,NULL,,3,0,2,7,255,1102,250,0,0
stim,116036,146157,0,146157,3343469.453,-0.768,-0.226,-0.072,-0.595,0,0,0,0,0,0,0,57,57,1.354,1,2175,0,381.015,5.829,120.750,361.375,-0.500,-0.039,0.227,0.922,3.559,4.617,-3.492,3.318,3.738,1.084,1.441,0,NULL,NULL,,3,0,2,7,255,1102,250,0,0
stim,116036,146157,0,146157,3343474.455,-0.770,-0.213,-0.063,-0.598,0,0,0,0,0,0,0,55,57,1.354,1,2175,0,379.324,5.846,130.563,356.125,3.875,-0.059,0.270,0.980,3.586,4.617,-2.672,3.336,3.760,1.084,1.441,0,NULL,NULL,,3,0,2,7,255,1102,250,0,0
stim,116036,146157,0,146157,3343479.454,-0.772,-0.199,-0.055,-0.601,0,0,0,0,0,0,0,60,57,1.354,1,2175,0,378.774,6.167,141.125,351.500,1.125,-0.043,0.305,1.012,4.043,4.656,-2.160,3.356,3.782,1.084,1.441,0,NULL,NULL,,3,0,2,7,255,1102,250,0,0
stim,116036,146157,0,146157,3343484.455,-0.774,-0.185,-0.048,-0.604,0,0,0,0,0,0,0,51,57,1.354,1,2175,0,380.391,6.167,153.438,347.938,9.688,0.086,0.176,1.078,4.043,4.656,-1.758,3.378,3.806,1.084,1.441,0,NULL,NULL,,3,0,2,7,255,1102,250,0,0
stim,116036,146157,0,146157,3343489.454,-0.777,-0.170,-0.040,-0.605,0,0,0,0,0,0,0,57,57,1.354,1,2175,0,382.009,5.119,161.250,344.750,32.813,0.070,0.203,1.152,3.926,3.285,-0.301,3.402,3.834,1.084,1.441,0,NULL,NULL,,3,0,2,7,255,1102,250,0,0
stim,116081,146202,0,146202,3343494.455,-0.779,-0.155,-0.033,-0.606,0,0,0,0,0,0,0,53,57,1.354,1,2175,0,384.306,5.119,169.313,342.688,39.875,-0.059,0.320,1.238,3.926,3.285,0.422,3.428,3.864,1.084,1.441,0,NULL,NULL,,3,0,2,7,255,1102,250,0,0
stim,116081,146202,0,146202,3343499.453,-0.781,-0.140,-0.026,-0.608,0,0,0,0,0,0,0,56,57,1.354,1,2175,0,385.493,6.571,177.313,340.688,33.125,-0.105,0.309,1.352,4.660,4.633,0.781,3.456,3.894,1.084,1.441,0,NULL,NULL,,3,0,2,7,255,1102,250,0,0
stim,116081,146202,0,146202,3343504.455,-0.783,-0.125,-0.019,-0.609,0,0,0,0,0,0,0,61,57,1.354,1,2175,0,385.328,6.571,180.563,338.938,31.563,-0.094,0.262,1.473,4.660,4.633,1.945,3.486,3.926,1.084,1.441,0,NULL,NULL,,3,0,2,7,255,1102,250,0,0
stim,116081,146202,0,146202,3343509.454,-0.785,-0.110,-0.012,-0.609,0,0,0,0,0,0,0,61,57,1.354,1,2175,0,383.568,6.374,179.625,336.938,36.500,-0.113,0.266,1.605,4.402,4.609,3.410,3.516,3.960,1.084,1.441,0,NULL,NULL,,3,0,2,7,255,1102,250,0,0
stim,116081,146202,0,146202,3343514.455,-0.787,-0.095,-0.005,-0.610,0,0,0,0,0,0,0,67,57,1.354,1,2175,0,379.227,6.339,172.313,335.625,38.438,-0.172,0.273,1.699,4.352,4.609,4.793,3.544,3.992,1.084,1.441,0,NULL,NULL,,3,0,2,7,255,1102,250,0,0
stim,116081,146202,0,146202,3343519.454,-0.788,-0.080,0.003,-0.610,0,0,0,0,0,0,0,67,57,1.354,1,2175,0,373.336,6.453,166.375,332.563,33.188,-0.203,0.270,1.797,4.352,4.766,5.805,3.572,4.024,1.084,1.441,0,NULL,NULL,,3,0,2,7,255,1102,250,0,0
stim,116081,146202,0,146202,3343524.455,-0.789,-0.066,0.010,-0.611,0,0,0,0,0,0,0,70,57,1.354,1,2175,0,364.706,6.388,155.375,328.688,28.875,-0.195,0.215,1.809,4.254,4.766,6.910,3.598,4.054,1.084,1.441,0,NULL,NULL,,3,0,2,7,255,1102,250,0,0
stim,116081,146202,0,146202,3343529.453,-0.790,-0.052,0.017,-0.611,0,0,0,0,0,0,0,70,57,1.354,1,2175,0,357.943,5.489,148.875,324.313,27.938,-0.180,0.195,1.777,3.699,4.055,7.129,3.622,4.078,1.084,1.441,0,NULL,NULL,,3,0,2,7,255,1102,250,0,0
stim,116101,146223,0,146223,3343534.455,-0.790,-0.039,0.024,-0.611,0,0,0,0,0,0,0,75,57,1.354,1,2175,0,353.967,4.762,150.563,319.188,27.250,-0.188,0.176,1.730,3.414,3.320,7.129,3.640,4.100,1.084,1.441,0,NULL,NULL,,3,0,2,7,255,1102,250,0,0
stim,116101,146223,0,146223,3343539.453,-0.790,-0.025,0.031,-0.611,0,0,0,0,0,0,0,74,57,1.354,1,2175,0,353.377,4.152,160.500,313.938,23.625,-0.207,0.145,1.742,3.051,2.816,7.039,3.656,4.118,1.084,1.441,0,NULL,NULL,,3,0,2,7,255,1102,250,0,0
stim,116101,146223,0,146223,3343544.455,-0.790,-0.010,0.037,-0.612,0,0,2,0,0,0,0,60,57,1.354,1,2175,0,354.978,3.567,174.000,308.938,17.063,-0.223,0.105,1.813,2.633,2.406,7.039,3.664,4.130,1.084,1.441,0,NULL,NULL,,3,0,2,7,255,1102,250,0,0
stim,116101,146223,0,146223,3343549.454,-0.790,0.005,0.042,-0.612,0,0,2,0,0,0,0,75,57,1.354,1,2175,0,357.184,2.873,185.688,305.000,8.688,-0.219,0.047,1.906,2.152,1.902,7.871,3.666,4.136,1.084,1.441,0,NULL,NULL,,3,0,2,7,255,1102,250,0,0
stim,116119,146240,0,146240,3343554.455,-0.789,0.020,0.047,-0.613,0,0,3,0,0,0,0,81,57,1.354,1,2175,0,359.578,1.909,194.875,302.188,1.563,-0.211,-0.020,1.988,1.520,1.156,8.914,3.662,4.134,1.084,1.441,0,NULL,NULL,,3,0,2,7,255,1102,250,0,0
stim,116119,146240,0,146240,3343559.454,-0.787,0.035,0.052,-0.613,0,0,7,0,0,0,0,67,57,1.354,1,2175,0,363.278,0.838,203.688,300.750,-5.625,-0.184,-0.070,2.031,0.789,0.281,9.777,3.648,4.124,1.084,1.441,0,NULL,NULL,,3,0,2,7,255,1102,250,0,0
stim,116119,146240,0,146240,3343564.455,-0.786,0.050,0.057,-0.614,0,0,6,0,0,0,0,79,57,1.354,1,2175,0,370.550,0.753,216.813,300.188,-13.688,-0.133,-0.117,2.055,0.211,-0.723,10.176,3.622,4.102,1.084,1.441,0,NULL,NULL,,3,0,2,7,255,1102,250,0,0
stim,116119,146240,0,146240,3343569.454,-0.784,0.066,0.061,-0.615,0,0,7,0,0,0,0,86,57,1.354,1,2175,0,381.057,1.996,234.188,299.813,-21.750,-0.031,-0.148,2.105,-0.352,-1.965,10.324,3.586,4.068,1.084,1.441,0,NULL,NULL,,3,0,2,7,255,1102,250,0,0
stim,116119,146240,0,146240,3343574.455,-0.781,0.082,0.064,-0.616,0,0,7,0,0,0,0,79,57,1.354,1,2175,0,393.830,3.709,253.500,299.938,-29.625,0.125,-0.168,2.164,-0.645,-3.652,10.547,3.534,4.020,1.084,1.441,0,NULL,NULL,,3,0,2,7,255,1102,250,0,0
stim,116119,146240,0,146240,3343579.454,-0.778,0.099,0.067,-0.617,0,0,3,0,0,0,0,86,57,1.354,1,2175,0,408.619,5.917,275.125,300.063,-35.188,0.336,-0.184,2.250,-0.793,-5.863,10.699,3.472,3.960,1.084,1.441,0,NULL,NULL,,3,0,2,7,255,1102,250,0,0
stim,116148,146269,0,146269,3343584.455,-0.774,0.117,0.069,-0.618,0,0,1,0,0,0,0,91,57,1.354,1,2175,0,424.170,8.712,297.000,300.438,-38.063,0.570,-0.168,2.359,-0.793,-8.676,10.840,3.394,3.886,1.084,1.441,0,NULL,NULL,,3,0,2,7,255,1102,250,0,0
stim,116148,146269,0,146269,3343589.453,-0.770,0.136,0.071,-0.619,0,0,0,0,0,0,0,87,57,1.354,1,2175,0,437.484,11.726,314.813,301.375,-38.188,0.793,-0.141,2.484,-0.598,-11.711,11.012,3.306,3.800,1.084,1.441,0,NULL,NULL,,3,0,2,7,255,1102,250,0,0
stim,116187,146308,0,146308,3343594.455,-0.766,0.155,0.073,-0.620,0,0,0,0,0,0,0,85,57,1.354,1,2175,0,448.215,14.710,329.000,302.375,-35.000,0.973,-0.125,2.613,-0.438,-14.703,11.172,3.202,3.700,1.084,1.441,0,NULL,NULL,,3,0,2,7,255,1102,250,0,0
stim,116187,146308,0,146308,3343599.454,-0.761,0.174,0.074,-0.620,0,0,1,0,0,0,0,90,57,1.354,1,2175,0,457.713,17.392,342.563,301.875,-32.000,1.117,-0.086,2.809,-0.438,-17.387,11.359,3.088,3.590,1.084,1.441,0,NULL,NULL,,3,0,2,7,255,1102,250,0,0
stim,116187,146308,0,146308,3343604.455,-0.757,0.194,0.075,-0.620,0,0,6,0,0,0,0,93,57,1.354,1,2175,0,457.553,19.968,342.938,301.000,-33.875,1.191,-0.043,3.020,-0.531,-19.961,12.148,2.962,3.466,1.084,1.441,0,NULL,NULL,,3,0,2,7,255,1102,250,0,0
stim,116187,146308,0,146308,3343609.454,-0.751,0.212,0.076,-0.620,0,0,3,0,0,0,0,93,57,1.354,1,2175,0,442.281,22.042,325.500,297.250,-36.125,1.211,0.027,3.234,-0.801,-22.027,13.199,2.822,3.328,1.084,1.441,0,NULL,NULL,,3,0,2,7,255,1102,250,0,0
stim,116187,146308,0,146308,3343614.455,-0.746,0.229,0.078,-0.620,0,0,0,0,0,0,0,95,57,1.354,1,2175,0,413.381,23.678,290.500,290.750,-44.250,1.313,0.203,3.395,-0.801,-23.664,14.453,2.670,3.180,1.084,1.441,0,NULL,NULL,,3,0,2,7,255,1102,250,0,0
stim,116187,146308,0,146308,3343619.453,-0.741,0.245,0.081,-0.620,0,0,0,0,0,0,0,121,57,1.354,1,2175,0,378.622,25.738,243.438,284.000,-58.625,1.535,0.367,3.406,0.094,-25.738,14.453,2.508,3.022,1.084,1.441,0,NULL,NULL,,3,0,2,7,255,1102,250,0,0
stim,116187,146308,0,146308,3343624.455,-0.736,0.258,0.086,-0.620,0,0,0,0,0,0,0,155,57,1.354,1,2175,0,341.723,28.262,191.313,275.500,-65.375,1.828,0.328,3.293,1.566,-28.219,13.859,2.342,2.856,1.084,1.441,0,NULL,NULL,,3,0,2,7,255,1102,250,0,0
stim,116187,146308,0,146308,3343629.454,-0.731,0.269,0.091,-0.620,0,0,0,0,0,0,0,173,57,1.354,1,2175,0,303.551,30.930,136.688,264.438,-59.438,2.098,0.141,3.059,1.566,-30.891,10.730,2.170,2.686,1.084,1.441,0,NULL,NULL,,3,0,2,7,255,1102,250,0,0
stim,116187,146308,0,146308,3343634.455,-0.728,0.278,0.098,-0.619,0,0,0,0,0,0,0,207,57,1.354,1,2175,0,270.867,32.700,87.563,251.375,-50.125,2.324,-0.051,2.688,0.570,-32.695,6.305,1.996,2.514,1.084,1.441,0,NULL,NULL,,3,0,2,7,255,1102,250,0,0
stim,116187,146308,0,146308,3343639.454,-0.725,0.286,0.104,-0.618,0,0,0,0,0,0,0,235,57,1.354,1,2175,0,246.814,33.032,56.500,236.313,-43.375,2.547,-0.203,2.242,-0.223,-33.031,0.926,1.820,2.338,1.084,1.441,0,NULL,NULL,,3,0,2,7,255,1102,250,0,0
stim,116187,146308,0,146308,3343644.455,-0.722,0.293,0.110,-0.617,0,0,0,0,0,0,0,287,57,1.354,1,2175,0,226.888,33.034,46.250,219.063,-36.750,2.797,-0.328,1.828,-0.391,-33.031,-4.859,1.638,2.158,1.084,1.441,0,NULL,NULL,,3,0,2,7,255,1102,250,0,0
stim,116187,146308,0,146308,3343649.454,-0.719,0.300,0.116,-0.616,0,0,0,0,0,0,0,343,57,1.354,1,2175,0,207.405,33.034,49.875,199.500,-27.000,3.090,-0.449,1.477,-0.391,-33.031,-10.402,1.452,1.972,1.084,1.441,0,NULL,NULL,,3,0,2,7,255,1102,250,0,0
stim,116219,146340,0,146340,3343654.455,-0.717,0.307,0.120,-0.614,0,0,0,0,0,0,0,365,57,1.354,1,2175,0,192.284,33.436,66.563,180.125,-9.875,3.418,-0.609,1.121,-0.391,-33.434,-15.637,1.260,1.782,1.084,1.441,0,NULL,NULL,,3,0,2,7,255,1102,250,0,0
stim,116219,146340,0,146340,3343659.454,-0.715,0.314,0.122,-0.612,0,0,0,0,0,0,0,375,57,1.354,1,2175,0,187.756,33.640,97.563,159.750,14.625,3.535,-0.859,0.902,-0.480,-33.637,-21.145,1.068,1.590,1.084,1.441,0,NULL,NULL,,3,0,2,7,255,1102,250,0,0
stim,116219,146340,0,146340,3343664.455,-0.713,0.322,0.122,-0.611,0,0,0,0,0,0,0,367,57,1.354,1,2175,0,181.523,33.702,125.938,129.063,20.813,3.547,-1.445,0.840,-2.098,-33.637,-24.633,0.872,1.396,1.084,1.441,0,NULL,NULL,,3,0,2,7,255,1102,250,0,0
stim,116219,146340,0,146340,3343669.454,-0.711,0.330,0.121,-0.609,0,0,0,0,0,0,0,381,57,1.354,1,2175,0,194.295,34.437,163.188,99.563,34.750,3.691,-2.012,0.867,-7.379,-33.637,-27.254,0.666,1.190,1.084,1.441,0,NULL,NULL,,3,0,2,7,255,1102,250,0,0
stim,116240,146361,0,146361,3343674.455,-0.709,0.339,0.116,-0.607,0,0,0,0,0,0,0,381,57,1.354,1,2175,0,247.412,35.716,228.188,62.563,72.313,3.348,-1.957,1.090,-12.289,-33.535,-27.254,0.438,0.960,1.084,1.441,0,NULL,NULL,,3,0,2,7,255,1102,250,0,0
stim,116240,146361,0,146361,3343679.453,-0.707,0.348,0.108,-0.606,0,0,0,0,0,0,0,378,57,1.354,1,2175,0,284.810,36.653,275.063,20.188,71.063,2.934,-1.410,1.871,-12.289,-34.531,-26.742,0.234,0.712,1.084,1.441,0,NULL,NULL,,3,0,2,7,255,1102,250,0,0
stim,116240,146361,0,146361,3343684.455,-0.705,0.356,0.100,-0.605,0,0,0,0,0,0,0,379,57,1.354,1,2175,0,263.944,36.099,253.438,-15.000,72.188,2.734,-1.027,2.691,-10.523,-34.531,-17.402,0.182,0.498,1.084,1.441,0,NULL,NULL,,3,0,2,7,255,1102,250,0,0
stim,116240,146361,0,146361,3343689.454,-0.703,0.360,0.093,-0.606,0,0,0,0,0,0,0,375,57,1.354,1,2175,0,190.689,35.922,180.563,-55.500,26.063,1.840,-0.625,3.176,-9.898,-34.531,-9.313,0.278,0.372,1.084,1.441,0,NULL,NULL,,3,0,2,7,255,1102,250,0,0
stim,116241,146362,0,146362,3343694.455,-0.701,0.361,0.088,-0.609,0,0,0,0,0,0,0,371,57,1.354,1,2175,0,135.768,35.718,94.000,-91.875,-34.000,1.832,-0.477,3.332,-9.715,-34.371,0.527,0.350,0.348,1.084,1.441,0,NULL,NULL,,3,0,2,7,255,1102,250,0,0
stim,116241,146362,0,146362,3343699.454,-0.701,0.357,0.086,-0.612,0,0,0,0,0,0,0,379,57,1.354,1,2175,0,122.567,35.155,-7.125,-110.375,-52.813,1.777,-0.141,3.355,-9.387,-33.879,2.352,0.378,0.382,1.084,1.441,0,NULL,NULL,,3,0,2,7,255,1102,250,0,0
stim,116286,146407,0,146407,3343704.455,-0.701,0.351,0.085,-0.614,0,0,0,0,0,0,0,401,57,1.354,1,2175,0,159.575,34.657,-91.188,-124.875,-39.438,1.563,-0.316,2.836,-7.305,-33.879,2.352,0.388,0.422,1.084,1.441,0,NULL,NULL,,3,0,2,7,255,1102,250,0,0
stim,116286,146407,0,146407,3343709.454,-0.703,0.342,0.085,-0.618,47,0,0,350,0,44,0,573,57,1.354,1,2175,0,222.065,29.902,-155.688,-143.563,-66.813,0.785,-0.227,2.813,-7.305,-28.996,4.344,0.406,0.454,1.084,1.441,0,NULL,NULL,,3,0,2,7,255,1102,250,0,0
stim,116286,146407,0,146407,3343714.455,-0.708,0.339,0.072,-0.615,878,0,0,1240,0,200,0,574,57,1.354,1,2175,0,348.676,24.875,95.000,-259.500,212.625,-0.422,0.105,4.832,-7.996,-23.555,6.246,0.432,0.488,1.084,1.441,0,NULL,NULL,,3,0,2,7,255,1102,250,0,0
stim,116286,146407,0,146407,3343719.454,-0.730,0.322,0.069,-0.599,1531,0,0,1769,0,507,0,638,57,1.354,1,2175,0,742.862,23.904,-423.500,-212.688,572.063,-0.758,3.000,4.703,-7.996,-22.527,29.246,0.434,0.508,1.084,1.441,0,NULL,NULL,,3,0,2,7,255,1102,250,0,0
stim,116286,146407,0,146407,3343724.455,-0.752,0.290,0.083,-0.586,2071,0,0,2021,0,731,0,722,57,1.354,1,2175,0,982.692,21.232,-907.563,-160.813,340.813,-1.902,3.078,0.730,13.289,-16.559,29.246,0.396,0.504,1.084,1.441,0,NULL,NULL,,3,0,2,7,255,1102,250,0,0
stim,116286,146407,0,146407,3343729.454,-0.764,0.266,0.092,-0.581,2349,0,0,2183,0,934,0,819,57,1.354,1,2176,0,676.727,23.420,-641.750,-153.063,150.625,-2.879,2.504,-1.699,16.598,16.523,14.262,0.342,0.500,1.084,1.441,1,1104.000,2.000,,3,0,2,7,255,1102,250,0,0
stim,116286,146407,0,146407,3343734.455,-0.766,0.253,0.096,-0.583,2518,0,0,2292,0,1191,0,937,57,1.354,1,2176,0,318.033,28.713,-283.438,-127.250,-67.938,-1.527,1.902,-1.438,16.598,23.430,-4.559,0.302,0.494,1.084,1.441,1,NULL,NULL,,3,0,2,7,255,1102,250,0,0
stim,116286,146407,0,146407,3343739.453,-0.764,0.248,0.094,-0.589,2712,0,0,2531,0,1337,0,1003,57,1.354,1,2176,0,184.773,27.661,-27.375,-123.563,-134.625,0.203,0.723,0.805,14.703,23.430,-4.559,0.286,0.470,1.084,1.441,1,NULL,NULL,,3,0,2,7,255,1102,250,0,0
stim,116307,146428,0,146428,3343744.455,-0.766,0.243,0.090,-0.588,2852,0,0,2713,0,1407,0,1077,57,1.354,1,2176,0,157.852,15.247,-53.688,-136.375,58.625,0.598,1.551,1.203,14.664,-4.176,-2.133,0.300,0.420,1.084,1.441,2,NULL,NULL,,3,0,2,7,255,1102,250,0,0
stim,116307,146428,0,146428,3343749.454,-0.777,0.233,0.084,-0.578,2957,0,0,2847,0,1459,0,1179,57,1.354,1,2176,0,423.833,7.526,-176.313,-220.125,316.375,-1.418,0.191,1.008,6.262,-4.176,1.629,0.334,0.352,1.084,1.441,2,NULL,NULL,,3,0,2,7,255,1102,250,0,0
stim,116307,146428,0,146428,3343754.455,-0.786,0.218,0.082,-0.573,3013,0,0,2939,0,1508,0,1241,57,1.354,1,2176,0,417.284,8.727,-306.750,-222.813,174.313,-2.691,-1.508,0.801,-3.809,7.852,4.023,0.374,0.280,1.084,1.441,2,NULL,NULL,,3,0,2,7,255,1102,250,0,0
stim,116307,146428,0,146428,3343759.454,-0.787,0.203,0.082,-0.576,3051,0,0,3019,0,1548,0,1365,57,1.354,1,2176,0,348.215,24.200,-262.875,-220.375,-59.875,-2.059,-1.379,-0.188,-19.219,14.707,4.023,0.404,0.228,1.084,1.441,2,NULL,NULL,,3,0,2,7,255,1102,250,0,0
stim,116333,146454,0,146454,3343764.455,-0.784,0.194,0.078,-0.584,3090,0,0,3087,0,1582,0,1445,57,1.354,1,2176,0,305.621,24.200,-82.750,-221.563,-193.563,-0.152,-0.727,0.250,-19.219,14.707,-6.820,0.414,0.202,1.084,1.441,2,NULL,NULL,,3,0,2,7,255,1102,250,0,0
stim,116333,146454,0,146454,3343769.453,-0.780,0.189,0.071,-0.592,3113,0,0,3125,0,1615,0,1491,57,1.354,1,2176,0,261.046,7.654,34.375,-195.750,-169.250,1.059,-0.840,1.309,-7.508,-1.488,-6.820,0.418,0.194,1.084,1.441,2,NULL,NULL,,3,0,2,7,255,1102,250,0,0
stim,116333,146454,0,146454,3343774.455,-0.780,0.185,0.066,-0.595,3144,0,0,3157,0,1677,0,1497,57,1.354,1,2176,0,171.429,17.794,16.625,-162.938,-50.625,1.598,-1.512,2.121,-7.508,-16.133,-2.941,0.426,0.186,1.084,1.441,2,NULL,NULL,,3,0,2,7,255,1102,250,0,0
stim,116333,146454,0,146454,3343779.454,-0.784,0.178,0.062,-0.592,3145,0,0,3191,0,1741,38,1465,57,1.354,1,2176,0,221.500,27.720,-108.000,-161.625,106.188,1.602,-2.074,2.195,-11.609,-25.172,1.734,0.444,0.170,1.084,1.441,2,NULL,NULL,,3,0,2,7,255,1102,250,0,0
stim,116333,146454,0,146454,3343784.455,-0.793,0.168,0.060,-0.582,3155,0,0,3208,0,1831,188,1452,57,1.354,1,2176,0,373.741,27.993,-198.750,-145.188,281.250,0.563,-1.402,1.238,-12.246,-25.172,1.734,0.470,0.150,1.084,1.441,2,NULL,NULL,,3,0,2,7,255,1102,250,0,0
stim,116333,146454,0,146454,3343789.454,-0.803,0.160,0.058,-0.572,3160,0,0,3221,0,1908,261,1547,57,1.354,1,2176,0,389.185,17.743,-179.563,-146.188,312.813,-0.809,-0.293,0.605,-12.246,-12.840,-2.293,0.498,0.126,1.084,1.441,2,NULL,NULL,,3,0,2,7,255,1102,250,0,0
stim,116381,146502,0,146502,3343794.455,-0.808,0.152,0.055,-0.567,3172,0,0,3241,0,2013,332,1603,57,1.354,1,2176,0,260.167,7.256,-125.750,-153.375,168.375,-1.676,0.512,0.797,-5.832,4.316,-2.293,0.522,0.104,1.084,1.441,2,NULL,NULL,,3,0,2,7,255,1102,250,0,0
stim,116381,146502,0,146502,3343799.453,-0.809,0.146,0.051,-0.567,3167,0,0,3281,0,2091,364,1692,57,1.354,1,2176,0,167.039,5.650,-65.313,-153.688,4.063,-0.563,0.766,0.691,-1.629,5.410,-0.836,0.544,0.086,1.084,1.441,2,NULL,NULL,,3,0,2,7,255,1102,250,0,0
stim,116381,146502,0,146502,3343804.455,-0.809,0.140,0.046,-0.568,3180,0,0,3229,0,2172,381,1774,57,1.354,1,2176,0,155.639,5.608,-42.375,-148.875,-16.250,0.000,0.258,1.453,1.477,5.410,2.715,0.560,0.072,1.084,1.441,2,NULL,NULL,,3,0,2,7,255,1102,250,0,0
stim,116381,146502,0,146502,3343809.454,-0.811,0.133,0.044,-0.569,3173,0,0,3243,135,2265,469,1959,57,1.354,1,2176,0,178.880,3.446,-113.813,-138.000,0.938,0.117,0.012,1.629,1.477,-3.113,4.223,0.574,0.062,1.084,1.441,2,NULL,NULL,,3,0,2,7,255,1102,250,0,0
stim,116381,146502,0,146502,3343814.455,-0.812,0.125,0.044,-0.569,3178,0,0,3241,371,2315,551,2091,57,1.354,1,2176,0,180.404,5.202,-138.625,-115.000,10.188,0.184,-0.086,1.363,-0.391,-5.188,4.223,0.586,0.054,1.084,1.441,2,NULL,NULL,,3,0,2,7,255,1102,250,0,0
stim,116381,146502,0,146502,3343819.454,-0.812,0.120,0.044,-0.570,3172,0,0,3231,622,2347,591,2171,57,1.354,1,2176,0,114.162,5.283,-90.313,-60.063,-35.625,0.289,-0.348,1.555,-0.797,-5.223,4.008,0.598,0.046,1.084,1.441,2,NULL,NULL,,3,0,2,7,255,1102,250,0,0
stim,116381,146502,0,146502,3343824.455,-0.811,0.117,0.045,-0.572,3171,0,0,3231,787,2365,614,2220,57,1.354,1,2176,0,90.285,7.399,-61.375,-29.563,-59.250,0.707,0.227,0.988,-0.797,-7.355,2.656,0.610,0.040,1.084,1.441,2,NULL,NULL,,3,0,2,7,255,1102,250,0,0
stim,116381,146502,0,146502,3343829.453,-0.810,0.116,0.043,-0.573,3165,0,0,3229,951,2401,617,2279,57,1.354,1,2176,0,47.293,8.755,2.938,-39.313,-26.125,0.738,0.516,1.188,4.066,-7.754,0.563,0.618,0.034,1.084,1.441,2,NULL,NULL,,3,0,2,7,255,1102,250,0,0
stim,116381,146502,0,146502,3343834.455,-0.811,0.114,0.044,-0.572,3175,0,0,3243,1077,2421,616,2329,57,1.354,1,2176,0,63.307,8.755,-50.563,-21.875,31.188,-0.039,-0.238,1.672,4.066,-7.754,0.563,0.626,0.032,1.084,1.441,2,NULL,NULL,,3,0,2,7,255,1102,250,0,0
stim,116381,146502,0,146502,3343839.453,-0.812,0.109,0.046,-0.572,3177,9,0,3231,1183,2429,639,2359,57,1.354,1,2176,0,126.009,5.097,-124.375,-19.000,6.938,-0.582,-0.148,1.070,-2.906,-4.188,1.414,0.632,0.028,1.084,1.441,2,NULL,NULL,,3,0,2,7,255,1102,250,0,0
stim,116403,146524,0,146524,3343844.455,-0.811,0.106,0.048,-0.574,3160,23,0,3224,1273,2429,651,2343,57,1.354,1,2176,0,106.019,3.748,-78.313,-16.375,-69.563,-0.449,0.145,0.520,-2.906,2.367,1.414,0.638,0.026,1.084,1.441,2,NULL,NULL,,3,0,2,7,255,1102,250,0,0
stim,116403,146524,0,146524,3343849.454,-0.808,0.105,0.047,-0.578,3161,44,0,3231,1349,2450,669,2419,57,1.354,1,2176,0,108.102,2.389,-5.688,-20.438,-106.000,0.043,0.035,0.820,-0.320,2.367,-2.027,0.644,0.022,1.084,1.441,2,NULL,NULL,,3,0,2,7,255,1102,250,0,0
stim,116403,146524,0,146524,3343854.455,-0.806,0.104,0.047,-0.580,3159,61,0,3222,1419,2453,664,2444,57,1.354,1,2176,0,71.224,2.087,-4.750,-15.688,-69.313,0.289,-0.105,1.250,-0.320,-2.063,-2.027,0.650,0.016,1.084,1.441,2,NULL,NULL,,3,0,2,7,255,1102,250,0,0
stim,116403,146524,0,146524,3343859.454,-0.806,0.102,0.048,-0.581,3165,61,0,3225,1481,2453,655,2419,57,1.354,1,2176,0,51.807,3.329,-47.188,-9.813,-19.000,0.086,0.004,1.211,0.082,-3.328,1.512,0.658,0.010,1.084,1.441,2,NULL,NULL,,3,0,2,7,255,1102,250,0,0
stim,116433,146554,0,146554,3343864.455,-0.806,0.100,0.049,-0.581,3159,92,0,3215,1529,2472,651,2472,57,1.354,1,2176,0,63.879,3.329,-61.688,-4.375,-16.000,-0.207,0.148,0.969,0.082,-3.328,1.512,0.666,0.004,1.084,1.441,2,NULL,NULL,,3,0,2,7,255,1102,250,0,0
stim,116433,146554,0,146554,3343869.453,-0.805,0.098,0.051,-0.583,3163,113,0,3211,1591,2476,648,2477,57,1.354,1,2176,0,61.168,0.395,-44.250,-3.000,-42.125,-0.246,0.125,0.883,0.270,0.289,-0.020,0.672,0.000,1.084,1.441,2,NULL,NULL,,3,0,2,7,255,1102,250,0,0
stim,116433,146554,0,146554,3343874.455,-0.804,0.097,0.051,-0.585,3149,118,0,3208,1638,2478,633,2457,57,1.354,1,2176,0,64.517,0.431,-24.688,-5.250,-59.375,-0.094,0.074,0.945,0.320,0.289,-0.512,0.000,0.000,1.084,1.441,2,NULL,NULL,,3,0,2,7,255,1102,250,0,0
stim,116433,146554,0,146554,3343879.454,-0.803,0.096,0.051,-0.587,3150,136,0,3220,1657,2476,629,2495,57,1.354,1,2176,0,57.258,0.961,-16.813,-5.688,-54.438,0.047,0.090,1.043,0.320,-0.906,-0.512,0.000,0.000,1.084,1.441,2,NULL,NULL,,3,0,2,7,255,1102,250,0,0
stim,116433,146554,0,146554,3343884.455,-0.802,0.095,0.051,-0.588,3157,135,0,3199,1679,2480,617,2505,57,1.354,1,2176,0,42.660,2.496,-19.938,-4.563,-37.438,0.055,0.129,1.086,0.891,-2.332,0.164,0.000,0.000,1.084,1.441,2,NULL,NULL,,3,0,2,7,255,1102,250,0,0
stim,116433,146554,0,146554,3343889.454,-0.801,0.094,0.052,-0.589,3141,141,0,3197,1715,2488,594,2507,57,1.354,1,2176,0,35.943,2.496,-26.813,-2.438,-23.813,-0.043,0.113,1.082,0.891,-2.332,0.598,0.000,0.000,1.084,1.441,2,NULL,NULL,,3,0,2,7,255,1102,250,0,0
stim,116485,146606,0,146606,3343894.455,-0.801,0.092,0.053,-0.589,3150,153,7,3205,1735,2487,566,2503,57,1.354,1,2176,0,36.261,1.738,-29.875,-1.438,-20.500,-0.133,0.070,1.031,0.871,-1.504,0.598,0.000,0.000,1.084,1.441,2,NULL,NULL,,3,0,2,7,255,1102,250,0,0
stim,116485,146606,0,146606,3343899.453,-0.800,0.091,0.053,-0.590,3143,151,21,3195,1753,2483,540,2507,57,1.354,1,2176,0,33.644,0.707,-24.250,-1.813,-23.250,-0.172,0.063,0.988,0.230,-0.668,0.371,0.000,0.000,1.084,1.441,2,NULL,NULL,,3,0,2,7,255,1102,250,0,0
stim,116485,146606,0,146606,3343904.455,-0.800,0.091,0.054,-0.591,3125,169,41,3204,1763,2480,536,2519,57,1.354,1,2176,0,30.411,0.437,-15.625,-2.813,-25.938,-0.160,0.078,1.020,0.230,-0.371,0.309,0.000,0.000,1.084,1.441,2,NULL,NULL,,3,0,2,7,255,1102,250,0,0
stim,116485,146606,0,146606,3343909.454,-0.799,0.090,0.054,-0.592,3120,180,43,3179,1779,2478,535,2514,57,1.354,1,2176,0,28.543,0.459,-12.875,-3.813,-25.188,-0.148,0.129,1.074,0.270,-0.371,0.309,0.000,0.000,1.084,1.441,2,NULL,NULL,,3,0,2,7,255,1102,250,0,0
stim,116485,146606,0,146606,3343914.455,-0.799,0.090,0.054,-0.593,3112,183,38,3173,1789,2474,531,2517,57,1.354,1,2176,0,29.344,0.883,-16.188,-4.125,-24.125,-0.152,0.188,1.102,0.801,-0.371,0.840,0.000,0.000,1.084,1.441,2,NULL,NULL,,3,0,2,7,255,1102,250,0,0
stim,116485,146606,0,146606,3343919.454,-0.798,0.089,0.054,-0.593,3097,179,51,3173,1815,2475,525,2515,57,1.354,1,2176,0,33.197,1.366,-21.375,-4.125,-25.063,-0.156,0.199,1.094,1.340,-0.266,1.098,0.000,0.000,1.084,1.441,2,NULL,NULL,,3,0,2,7,255,1102,250,0,0
stim,116485,146606,0,146606,3343924.455,-0.798,0.088,0.055,-0.594,3099,179,123,3163,1850,2475,531,2523,57,1.354,1,2176,0,37.148,1.357,-26.375,-4.250,-25.813,-0.160,0.156,1.063,1.340,-0.215,1.098,0.000,0.000,1.084,1.441,2,NULL,NULL,,3,0,2,7,255,1102,250,0,0
stim,116485,146606,0,146606,3343929.453,-0.797,0.086,0.055,-0.595,3065,177,159,3143,1883,2457,530,2533,57,1.354,1,2176,0,39.386,1.096,-29.125,-4.875,-26.063,-0.172,0.102,1.012,1.078,-0.195,0.758,0.000,0.000,1.084,1.441,2,NULL,NULL,,3,0,2,7,255,1102,250,0,0
stim,116485,146606,0,146606,3343934.455,-0.796,0.085,0.056,-0.596,3051,183,199,3129,1927,2469,537,2535,57,1.322,1,2176,1,39.491,0.565,-27.938,-6.313,-27.188,-0.195,0.074,0.980,0.543,-0.156,0.273,0.000,0.000,1.129,1.454,2,NULL,NULL,,3,0,2,7,255,1102,250,0,0
stim,116485,146606,0,146606,3343939.454,-0.796,0.084,0.056,-0.597,3043,191,252,3118,1955,2453,539,2539,57,1.322,1,2176,1,40.035,0.237,-24.125,-6.938,-31.188,-0.195,0.063,0.977,0.230,0.055,0.016,0.006,0.004,1.129,1.454,2,NULL,NULL,,3,0,2,7,255,1102,250,0,0
stim,116486,146607,0,146607,3343944.455,-0.795,0.083,0.057,-0.598,3017,205,303,3099,1977,2441,537,2543,57,1.322,1,2176,1,41.997,0.237,-20.063,-7.500,-36.125,-0.160,0.070,0.980,0.230,0.055,-0.027,0.012,0.006,1.129,1.454,2,NULL,NULL,,3,0,2,7,255,1102,250,0,0
stim,116486,146607,0,146607,3343949.454,-0.794,0.082,0.057,-0.600,2997,205,371,3075,2007,2441,535,2551,57,1.322,1,2176,1,42.154,0.397,-17.438,-7.250,-37.688,-0.121,0.078,0.996,0.320,-0.234,-0.027,0.018,0.010,1.129,1.454,2,NULL,NULL,,3,0,2,7,255,1102,250,0,0
stim,116516,146637,1,146637,3343954.455,-0.793,0.081,0.057,-0.601,2981,207,448,3059,2021,2431,539,2547,57,1.322,1,2176,1,41.536,0.819,-18.000,-6.438,-36.875,-0.105,0.082,1.008,0.547,-0.609,0.000,0.022,0.012,1.129,1.454,2,NULL,NULL,,3,1,2,7,255,1102,250,0,0
stim,116516,146637,1,146637,3343959.454,-0.792,0.080,0.057,-0.602,2955,210,509,3051,2043,2426,553,2551,57,1.322,1,2176,1,43.217,0.869,-20.250,-4.813,-37.875,-0.117,0.059,0.988,0.547,-0.676,0.000,0.026,0.016,1.129,1.454,2,NULL,NULL,,3,1,2,7,255,1102,250,0,0
stim,116516,146637,1,146637,3343964.455,-0.791,0.079,0.058,-0.603,2933,215,622,3021,2067,2419,621,2519,57,1.322,1,2176,1,43.131,0.826,-20.875,-3.688,-37.563,-0.102,-0.035,0.949,0.379,-0.734,-0.070,0.030,0.016,1.129,1.454,2,NULL,NULL,,3,1,2,7,255,1102,250,0,0
stim,116516,146637,1,146637,3343969.453,-0.791,0.078,0.058,-0.605,2909,211,661,3003,2084,2415,663,2551,57,1.322,1,2176,1,38.736,1.042,-19.938,-4.250,-32.938,-0.109,-0.133,0.898,-0.422,-0.953,-0.500,0.032,0.016,1.129,1.454,2,NULL,NULL,,3,1,2,7,255,1102,250,0,0
stim,116539,146660,1,146660,3343974.455,-0.790,0.077,0.059,-0.606,2891,207,717,2987,2107,2411,668,2555,57,1.322,1,2176,1,32.608,1.683,-14.563,-5.313,-28.688,-0.133,-0.156,0.859,-1.387,-0.953,-0.984,0.032,0.016,1.129,1.454,2,NULL,NULL,,3,1,2,7,255,1102,250,0,0
stim,116539,146660,1,146660,3343979.454,-0.789,0.077,0.059,-0.606,2869,213,780,2965,2136,2407,718,2559,57,1.322,1,2176,1,28.920,1.617,-5.500,-7.063,-27.500,-0.148,-0.129,0.863,-1.418,-0.777,-1.262,0.034,0.014,1.129,1.454,2,NULL,NULL,,3,1,2,7,255,1102,250,0,0
stim,116539,146660,1,146660,3343984.455,-0.789,0.076,0.059,-0.607,2846,211,851,2950,2171,2408,774,2577,57,1.322,1,2176,1,27.793,1.564,1.875,-8.750,-26.313,-0.141,-0.105,0.902,-1.418,-0.660,-1.262,0.036,0.012,1.129,1.454,2,NULL,NULL,,3,1,2,7,255,1102,250,0,0
stim,116539,146660,1,146660,3343989.453,-0.788,0.076,0.058,-0.608,2825,217,928,2931,2214,2408,823,2589,57,1.322,1,2176,1,24.144,1.348,3.625,-10.625,-21.375,-0.137,-0.070,0.941,-1.176,-0.660,-0.891,0.036,0.012,1.129,1.454,2,NULL,NULL,,3,1,2,7,255,1102,250,0,0
stim,116539,146660,1,146660,3343994.455,-0.788,0.075,0.058,-0.609,2795,219,1001,2904,2248,2409,876,2599,57,1.322,1,2176,1,20.767,1.041,3.313,-12.500,-16.250,-0.160,-0.008,0.949,-0.805,-0.660,-0.516,0.038,0.010,1.129,1.454,2,NULL,NULL,,3,1,2,7,255,1102,250,0,0
stim,116539,146660,1,146660,3343999.453,-0.787,0.075,0.057,-0.609,2769,215,1096,2887,2279,2410,931,2613,57,1.322,1,2176,1,21.044,0.384,3.375,-14.563,-14.813,-0.188,0.043,0.965,-0.270,-0.273,-0.371,0.038,0.008,1.129,1.454,2,NULL,NULL,,3,1,2,7,255,1102,250,0,0
stim,116585,146706,1,146706,3344004.455,-0.787,0.075,0.057,-0.610,2741,237,1193,2863,2323,2414,1004,2631,57,1.322,1,2176,1,24.438,0.171,3.438,-15.813,-18.313,-0.211,0.125,1.000,0.141,0.098,-0.164,0.040,0.008,1.129,1.454,2,NULL,NULL,,3,1,2,7,255,1102,250,0,0
stim,116585,146706,1,146706,3344009.454,-0.786,0.074,0.056,-0.611,2713,244,1260,2841,2347,2419,1113,2646,57,1.322,1,2176,1,30.377,0.849,-0.125,-16.313,-25.625,-0.164,0.113,1.035,0.844,0.098,0.230,0.040,0.008,1.129,1.454,2,NULL,NULL,,3,1,2,7,255,1102,250,0,0
stim,116585,146706,1,146706,3344014.455,-0.786,0.074,0.055,-0.612,2674,243,1338,2825,2389,2420,1181,2657,57,1.322,1,2176,1,28.873,0.845,-4.688,-16.813,-23.000,-0.113,0.078,1.004,0.844,-0.051,0.230,0.040,0.010,1.129,1.454,2,NULL,NULL,,3,1,2,7,255,1102,250,0,0
stim,116585,146706,1,146706,3344019.454,-0.785,0.073,0.055,-0.612,2633,249,1466,2803,2425,2424,1276,2667,57,1.322,1,2176,1,27.252,0.928,-6.313,-16.500,-20.750,-0.133,0.121,1.027,0.875,-0.309,0.348,0.040,0.012,1.129,1.454,2,NULL,NULL,,3,1,2,7,255,1102,250,0,0
stim,116585,146706,1,146706,3344024.455,-0.785,0.072,0.055,-0.613,2585,261,1588,2785,2461,2428,1363,2680,57,1.322,1,2176,1,33.151,1.047,-10.688,-15.563,-27.250,-0.188,0.141,1.012,1.000,-0.309,0.285,0.040,0.016,1.129,1.454,2,NULL,NULL,,3,1,2,7,255,1102,250,0,0
stim,116585,146706,1,146706,3344029.453,-0.784,0.071,0.054,-0.614,2543,263,1695,2770,2495,2429,1469,2698,57,1.322,1,2176,1,36.170,1.106,-12.938,-17.000,-29.188,-0.066,0.109,1.039,1.063,-0.309,0.332,0.042,0.018,1.129,1.454,2,NULL,NULL,,3,1,2,7,255,1102,250,0,0
stim,116585,146706,1,146706,3344034.455,-0.783,0.070,0.054,-0.615,2493,267,1815,2741,2527,2438,1555,2716,57,1.322,1,2176,1,39.436,1.068,-20.875,-14.813,-30.000,-0.172,0.047,1.055,1.063,-0.109,0.332,0.044,0.022,1.129,1.454,2,NULL,NULL,,3,1,2,7,255,1102,250,0,0
stim,116585,146706,1,146706,3344039.454,-0.782,0.069,0.055,-0.617,2443,299,1913,2717,2571,2441,1631,2727,57,1.322,1,2176,1,49.896,0.284,-31.938,-16.188,-34.750,-0.191,0.039,1.020,0.262,-0.109,0.367,0.046,0.024,1.129,1.454,2,NULL,NULL,,3,1,2,7,255,1102,250,0,0
stim,116607,146728,1,146728,3344044.455,-0.781,0.067,0.055,-0.618,2389,310,2039,2697,2604,2445,1739,2739,57,1.322,1,2176,1,62.748,0.224,-29.188,-14.938,-53.500,-0.211,-0.027,0.965,0.168,0.148,0.367,0.050,0.028,1.129,1.454,2,NULL,NULL,,3,1,2,7,255,1102,250,0,0
stim,116607,146728,1,146728,3344049.454,-0.780,0.065,0.055,-0.620,2331,315,2173,2666,2630,2445,1831,2747,57,1.322,1,2176,1,64.805,0.224,-29.375,-17.063,-55.188,-0.074,0.031,0.957,0.168,0.148,-0.137,0.054,0.032,1.129,1.454,2,NULL,NULL,,3,1,2,7,255,1102,250,0,0
stim,116607,146728,1,146728,3344054.455,-0.779,0.064,0.055,-0.622,2258,339,2271,2635,2661,2447,1911,2761,57,1.322,1,2176,1,52.523,0.670,-17.875,-16.813,-46.438,-0.105,0.039,0.984,0.398,-0.539,-0.137,0.056,0.036,1.129,1.454,2,NULL,NULL,,3,1,2,7,255,1102,250,0,0
stim,116607,146728,1,146728,3344059.454,-0.778,0.063,0.055,-0.623,2175,347,2359,2607,2693,2447,2005,2777,57,1.322,1,2176,1,53.919,0.731,-24.438,-17.375,-44.813,-0.113,0.051,1.086,0.410,-0.605,-0.117,0.060,0.040,1.129,1.454,2,NULL,NULL,,3,1,2,7,255,1102,250,0,0
stim,116633,146754,1,146754,3344064.455,-0.777,0.061,0.056,-0.625,2101,357,2449,2573,2716,2449,2093,2789,57,1.322,1,2176,1,56.002,0.771,-32.875,-18.813,-41.250,-0.109,0.082,1.082,0.551,-0.539,0.813,0.062,0.046,1.129,1.454,2,NULL,NULL,,3,1,2,7,255,1102,250,0,0
stim,116633,146754,1,146754,3344069.454,-0.775,0.059,0.056,-0.626,2011,379,2521,2525,2739,2452,2159,2803,57,1.322,1,2176,1,63.310,0.763,-40.063,-16.250,-46.250,-0.148,0.043,1.023,0.551,-0.527,0.813,0.066,0.050,1.129,1.454,2,NULL,NULL,,3,1,2,7,255,1102,250,0,0
stim,116633,146754,1,146754,3344074.455,-0.774,0.057,0.057,-0.628,1933,393,2573,2487,2760,2453,2233,2813,57,1.322,1,2176,1,69.741,0.688,-43.375,-17.813,-51.625,-0.109,-0.051,1.012,0.441,-0.527,0.309,0.068,0.054,1.129,1.454,2,NULL,NULL,,3,1,2,7,255,1102,250,0,0
stim,116633,146754,1,146754,3344079.454,-0.773,0.055,0.057,-0.629,1831,405,2623,2439,2777,2451,2295,2827,57,1.322,1,2176,1,67.003,0.465,-43.000,-19.750,-47.438,-0.137,-0.078,0.973,-0.305,-0.352,0.137,0.070,0.058,1.129,1.454,2,NULL,NULL,,3,1,2,7,255,1102,250,0,0
stim,116633,146755,1,146755,3344084.455,-0.772,0.052,0.058,-0.631,1700,407,2664,2373,2797,2451,2355,2839,57,1.322,1,2176,1,70.990,0.724,-44.063,-22.438,-50.938,-0.172,-0.117,1.027,-0.633,-0.352,0.137,0.072,0.060,1.129,1.454,2,NULL,NULL,,3,1,2,7,255,1102,250,0,0
stim,116633,146755,1,146755,3344089.453,-0.770,0.050,0.059,-0.633,1583,408,2707,2287,2821,2451,2418,2851,57,1.322,1,2176,1,80.785,0.771,-50.813,-23.938,-58.063,-0.164,-0.098,1.020,-0.754,-0.160,0.336,0.072,0.060,1.129,1.454,2,NULL,NULL,,3,1,2,7,255,1102,250,0,0
stim,116685,146806,1,146806,3344094.455,-0.769,0.047,0.059,-0.635,1388,397,2745,2217,2839,2446,2471,2861,57,1.322,1,2176,0,78.472,0.771,-49.250,-25.938,-55.313,-0.043,-0.074,0.965,-0.754,-0.160,0.336,0.072,0.058,1.129,1.454,2,NULL,NULL,,3,1,2,7,255,1102,250,0,0
stim,116685,146806,1,146806,3344099.453,-0.768,0.045,0.059,-0.636,1241,379,2787,2111,2857,2444,2519,2871,57,1.322,1,2176,0,62.465,0.946,-42.063,-25.875,-38.250,-0.059,-0.051,0.969,-0.285,-0.902,-0.324,0.072,0.056,1.129,1.454,2,NULL,NULL,,3,1,2,7,255,1102,250,0,0
stim,116685,146806,1,146806,3344104.455,-0.768,0.042,0.060,-0.637,1081,365,2821,2005,2871,2441,2569,2885,57,1.322,1,2176,0,55.106,0.917,-37.000,-28.625,-29.125,-0.129,-0.055,1.020,-0.164,-0.902,-0.324,0.072,0.052,1.129,1.454,2,NULL,NULL,,3,1,2,7,255,1102,250,0,0
stim,116685,146806,1,146806,3344109.454,-0.767,0.040,0.060,-0.637,927,355,2847,1861,2891,2431,2613,2891,57,1.322,1,2176,0,54.881,0.313,-37.563,-29.813,-26.688,-0.184,-0.031,1.047,-0.055,-0.309,0.281,0.070,0.050,1.129,1.454,2,NULL,NULL,,3,1,2,7,255,1102,250,0,0
stim,116685,146806,1,146806,3344114.455,-0.766,0.038,0.059,-0.639,695,317,2873,1644,2907,2425,2649,2901,57,1.322,1,2176,0,57.234,0.275,-31.625,-32.813,-34.625,-0.207,0.016,1.027,0.031,0.273,0.414,0.070,0.050,1.129,1.454,2,NULL,NULL,,3,1,2,7,255,1102,250,0,0
stim,116685,146806,1,146806,3344119.453,-0.765,0.036,0.059,-0.640,535,277,2901,1476,2919,2413,2679,2907,57,1.322,1,2176,0,59.441,0.275,-30.875,-35.063,-36.750,-0.129,-0.047,1.094,0.031,0.273,0.590,0.070,0.048,1.129,1.454,2,NULL,NULL,,3,1,2,7,255,1102,250,0,0
stim,116685,146806,1,146806,3344124.455,-0.765,0.034,0.059,-0.641,355,221,2917,1222,2931,2403,2707,2917,57,1.322,1,2176,0,61.999,0.236,-30.500,-37.188,-39.125,-0.164,-0.043,0.996,0.027,0.234,0.414,0.072,0.048,1.129,1.454,2,NULL,NULL,,3,1,2,7,255,1102,250,0,0
stim,116685,146806,1,146806,3344129.453,-0.764,0.032,0.058,-0.642,211,187,2933,966,2951,2390,2727,2924,57,1.322,1,2176,0,59.696,0.272,-23.875,-38.438,-38.938,-0.086,-0.113,1.039,-0.039,-0.270,0.426,0.072,0.048,1.129,1.454,2,NULL,NULL,,3,1,2,7,255,1102,250,0,0
stim,116685,146806,1,146806,3344134.455,-0.763,0.030,0.057,-0.644,99,139,2943,739,2963,2359,2748,2923,57,1.322,1,2176,0,58.410,0.810,-16.000,-40.250,-39.188,-0.059,-0.109,0.965,-0.480,-0.652,0.105,0.074,0.046,1.129,1.454,2,NULL,NULL,,3,1,2,7,255,1102,250,0,0
stim,116685,146806,1,146806,3344139.454,-0.762,0.028,0.056,-0.645,26,59,2950,526,2975,2340,2775,2938,57,1.322,1,2176,0,52.761,0.911,-7.813,-43.125,-29.375,0.004,-0.113,0.977,-0.480,-0.773,-0.258,0.076,0.046,1.129,1.454,2,NULL,NULL,,3,1,2,7,255,1102,250,0,0
stim,116703,146824,1,146824,3344144.455,-0.762,0.027,0.054,-0.645,6,37,2959,325,2991,2300,2796,2917,57,1.322,1,2176,0,48.394,1.264,4.688,-46.125,-13.875,-0.008,-0.078,1.039,-0.422,-1.191,-0.258,0.078,0.046,1.129,1.454,2,NULL,NULL,,3,1,2,7,255,1102,250,0,0
stim,116703,146824,1,146824,3344149.454,-0.762,0.026,0.052,-0.645,0,27,2967,211,2989,2271,2823,2951,57,1.322,1,2176,0,50.872,1.192,6.875,-49.313,-10.438,-0.105,-0.012,1.059,-0.051,-1.191,0.352,0.080,0.046,1.129,1.454,2,NULL,NULL,,3,1,2,7,255,1102,250,0,0
stim,116703,146824,1,146824,3344154.455,-0.762,0.025,0.050,-0.646,0,0,2972,175,3001,2259,2843,2955,57,1.322,1,2176,0,62.102,0.128,27.625,-55.438,-4.500,-0.293,-0.102,1.176,-0.051,-0.117,0.586,0.082,0.046,1.129,1.454,2,NULL,NULL,,3,1,2,7,255,1102,250,0,0
stim,116703,146824,1,146824,3344159.454,-0.762,0.026,0.046,-0.645,0,0,2982,165,3014,2233,2862,2959,57,1.322,1,2176,0,96.811,1.608,67.188,-69.125,8.938,-0.523,-0.211,1.570,-0.672,1.461,2.008,0.082,0.048,1.129,1.454,2,NULL,NULL,,3,1,2,7,255,1102,250,0,0
stim,116735,146856,1,146856,3344164.455,-0.762,0.025,0.042,-0.645,0,0,2982,133,3021,2201,2876,2967,57,1.322,1,2176,0,90.235,2.058,41.125,-80.250,3.313,-0.375,-0.059,1.746,-0.672,1.945,6.113,0.084,0.050,1.129,1.454,3,NULL,NULL,,3,1,2,7,255,1102,250,0,0
stim,116735,146856,1,146856,3344169.454,-0.762,0.021,0.041,-0.646,0,0,2984,88,3027,2155,2893,2967,57,1.322,1,2176,0,91.369,1.953,-47.375,-74.125,-24.688,-0.109,0.004,1.387,-0.172,1.945,6.113,0.084,0.052,1.129,1.454,3,NULL,NULL,,3,1,2,7,255,1102,250,0,0
stim,116735,146856,1,146856,3344174.455,-0.762,0.018,0.039,-0.646,0,0,2983,69,3033,2101,2907,2968,57,1.322,1,2176,0,90.157,0.681,-39.188,-81.000,-5.625,-0.078,0.078,1.039,0.676,0.082,3.801,0.084,0.054,1.129,1.454,3,NULL,NULL,,3,1,2,7,255,1102,250,0,0
stim,116735,146856,1,146856,3344179.453,-0.763,0.016,0.036,-0.645,0,0,2985,1,3037,2020,2919,2971,57,1.322,1,2176,0,91.630,1.222,3.875,-89.063,21.188,-0.121,0.133,1.082,1.219,0.082,0.762,0.084,0.056,1.129,1.454,3,NULL,NULL,,3,1,2,7,255,1102,250,0,0
stim,116735,146856,1,146856,3344184.455,-0.763,0.014,0.032,-0.645,0,0,2983,0,3046,1945,2933,2973,57,1.322,1,2176,0,97.425,1.375,17.813,-94.500,15.625,-0.211,0.063,1.191,1.219,0.637,0.762,0.086,0.058,1.129,1.454,3,NULL,NULL,,3,1,2,7,255,1102,250,0,0
stim,116735,146856,1,146856,3344189.453,-0.764,0.011,0.029,-0.645,0,0,2983,0,3049,1847,2940,2971,57,1.322,1,2176,0,100.521,1.657,13.250,-99.000,11.313,-0.250,-0.004,1.352,0.883,1.402,1.926,0.088,0.060,1.129,1.454,3,NULL,NULL,,3,1,2,7,255,1102,250,0,0
stim,116785,146906,1,146906,3344194.455,-0.764,0.009,0.025,-0.644,0,0,2973,0,3059,1743,2952,2969,57,1.322,1,2176,0,104.880,1.698,2.375,-104.375,10.000,-0.242,-0.031,1.355,0.250,1.680,3.559,0.088,0.062,1.129,1.454,3,NULL,NULL,,3,1,2,7,255,1102,250,0,0
stim,116785,146906,1,146906,3344199.454,-0.765,0.006,0.022,-0.644,0,0,2969,0,3061,1627,2958,2967,57,1.322,1,2176,0,108.372,1.680,-4.625,-108.188,4.313,-0.219,-0.059,1.254,-0.023,1.680,3.559,0.088,0.066,1.129,1.454,3,NULL,NULL,,3,1,2,7,255,1102,250,0,0
stim,116785,146906,0,146906,3344204.455,-0.765,0.002,0.018,-0.644,0,0,2963,0,3065,1493,2969,2963,57,1.322,1,2176,0,112.931,1.573,-6.250,-112.750,-1.313,-0.129,-0.074,1.184,-0.305,1.543,2.559,0.082,0.074,1.129,1.454,3,NULL,NULL,,3,0,2,7,255,1108,250,0,0
stim,116785,146906,0,146906,3344209.454,-0.765,-0.001,0.015,-0.644,0,0,2955,0,3068,1319,2981,2957,57,1.322,1,2176,0,116.929,1.045,-3.313,-116.688,6.750,-0.133,-0.035,1.207,-0.305,1.000,2.031,0.078,0.082,1.129,1.454,3,NULL,NULL,,3,0,2,7,255,1108,250,0,0
stim,116785,146906,0,146906,3344214.455,-0.766,-0.004,0.011,-0.643,0,0,2951,0,3079,1159,2991,2944,57,1.322,1,2176,0,123.203,1.000,0.688,-122.500,13.125,-0.180,-0.016,1.191,-0.004,1.000,1.867,0.072,0.090,1.129,1.454,3,NULL,NULL,,3,0,2,7,255,1108,250,0,0
stim,116785,146906,0,146906,3344219.453,-0.766,-0.008,0.007,-0.642,0,0,2925,0,3089,977,3001,2951,57,1.322,1,2176,0,128.614,1.629,2.125,-128.000,12.375,-0.199,-0.016,1.215,0.023,1.629,2.031,0.068,0.096,1.129,1.454,3,NULL,NULL,,3,0,2,7,255,1108,250,0,0
stim,116785,146906,0,146906,3344224.455,-0.767,-0.011,0.002,-0.642,0,0,2923,0,3083,740,3005,2933,57,1.322,1,2176,0,133.239,1.805,-2.313,-132.875,9.563,-0.176,-0.043,1.234,0.023,1.805,2.109,0.064,0.102,1.129,1.454,3,NULL,NULL,,3,0,2,7,255,1108,250,0,0
stim,116785,146907,0,146907,3344229.454,-0.767,-0.015,-0.002,-0.641,0,0,2903,0,3081,610,3013,2911,57,1.322,1,2176,0,137.739,1.817,-6.438,-137.500,4.938,-0.168,-0.094,1.172,-0.215,1.805,2.109,0.062,0.108,1.129,1.454,3,NULL,NULL,,3,0,2,7,255,1108,250,0,0
stim,116786,146907,0,146907,3344234.455,-0.767,-0.019,-0.006,-0.641,0,0,2893,0,3097,457,3020,2901,57,1.322,1,2176,0,143.293,1.914,-5.438,-143.125,4.313,-0.141,-0.133,1.133,-0.758,1.758,1.672,0.058,0.116,1.129,1.454,3,NULL,NULL,,3,0,2,7,255,1108,250,0,0
stim,116786,146907,0,146907,3344239.454,-0.768,-0.024,-0.011,-0.640,0,0,2863,0,3096,278,3026,2889,57,1.322,1,2176,0,149.682,1.891,-4.438,-149.438,7.313,-0.117,-0.141,1.105,-1.094,1.543,1.293,0.052,0.126,1.129,1.454,3,NULL,NULL,,3,0,2,7,255,1108,250,0,0
stim,116821,146942,0,146942,3344244.456,-0.768,-0.028,-0.016,-0.640,0,0,2834,0,3096,146,3036,2855,57,1.322,1,2176,0,153.821,1.797,0.438,-153.625,7.750,-0.098,-0.121,1.102,-1.094,1.426,1.016,0.046,0.136,1.129,1.454,3,NULL,NULL,,3,0,2,7,255,1108,250,0,0
stim,116821,146942,0,146942,3344249.454,-0.768,-0.032,-0.021,-0.639,0,0,2811,0,3094,52,3039,2839,57,1.322,1,2176,0,158.533,1.722,1.688,-158.375,6.875,-0.090,-0.070,1.102,-0.965,1.426,0.945,0.038,0.146,1.129,1.454,3,NULL,NULL,,3,0,2,7,255,1108,250,0,0
stim,116821,146942,0,146942,3344254.455,-0.768,-0.036,-0.027,-0.639,0,0,2775,0,3095,9,3038,2804,57,1.322,1,2176,0,162.572,1.620,7.438,-162.375,2.938,-0.082,0.004,1.164,-0.480,1.547,0.945,0.030,0.156,1.129,1.454,3,NULL,NULL,,3,0,2,7,255,1108,250,0,0
stim,116821,146942,0,146942,3344259.454,-0.768,-0.040,-0.032,-0.638,0,0,2735,0,3091,0,3047,2766,57,1.322,1,2176,0,168.009,1.812,4.000,-167.938,2.813,-0.059,0.066,1.258,0.230,1.797,1.484,0.024,0.166,1.129,1.454,3,NULL,NULL,,3,0,2,7,255,1108,250,0,0
stim,116821,146943,0,146943,3344264.455,-0.768,-0.045,-0.038,-0.638,0,0,2687,0,3091,0,3049,2692,57,1.322,1,2176,0,172.554,2.137,7.688,-172.375,1.625,-0.051,0.094,1.281,0.840,1.965,2.336,0.016,0.176,1.129,1.454,3,NULL,NULL,,3,0,2,7,255,1108,250,0,0
stim,116821,146943,0,146943,3344269.454,-0.768,-0.049,-0.045,-0.637,0,0,2635,0,3069,0,3050,2692,57,1.322,1,2176,0,178.611,2.290,12.813,-178.063,5.625,0.020,0.152,1.473,1.086,2.016,2.527,0.010,0.188,1.129,1.454,3,NULL,NULL,,3,0,2,7,255,1108,250,0,0
stim,116822,146943,0,146943,3344274.455,-0.768,-0.054,-0.051,-0.636,0,0,2547,0,3079,0,3055,2641,57,1.322,1,2176,0,182.812,2.762,7.500,-181.750,18.188,0.008,0.246,1.715,1.750,2.137,4.441,0.006,0.198,1.129,1.454,3,NULL,NULL,,3,0,2,7,255,1108,250,0,0
stim,116822,146943,0,146943,3344279.453,-0.769,-0.059,-0.057,-0.634,0,0,2479,0,3055,0,3052,2580,57,1.322,1,2176,0,192.198,3.858,-11.500,-189.250,31.500,-0.152,0.273,1.914,2.590,2.859,6.691,0.012,0.210,1.129,1.454,3,NULL,NULL,,3,0,2,7,255,1108,250,0,0
stim,116845,146966,0,146966,3344284.455,-0.770,-0.066,-0.063,-0.632,0,0,2409,0,3049,0,3053,2516,57,1.322,1,2176,0,213.090,5.673,-30.625,-206.250,43.938,-0.340,0.250,2.023,2.590,5.047,8.316,0.020,0.220,1.129,1.454,3,NULL,NULL,,3,0,2,7,255,1108,250,0,0
stim,116845,146966,0,146966,3344289.454,-0.770,-0.074,-0.069,-0.630,0,0,2323,0,3048,52,3050,2411,57,1.322,1,2176,0,236.199,7.743,-53.250,-225.563,45.563,-0.418,0.387,2.047,2.590,7.297,8.793,0.028,0.230,1.129,1.454,3,NULL,NULL,,3,0,2,7,255,1108,250,0,0
stim,116845,146966,0,146966,3344294.455,-0.771,-0.083,-0.075,-0.628,0,0,2213,0,3031,75,3038,2285,57,1.322,1,2176,0,254.570,9.270,-70.063,-242.188,35.250,-0.445,0.531,1.988,3.172,8.711,8.793,0.036,0.242,1.129,1.454,3,NULL,NULL,,3,0,2,7,255,1108,250,0,0
stim,116845,146966,0,146966,3344299.454,-0.770,-0.093,-0.081,-0.625,0,0,2093,0,3017,77,3017,2199,57,1.322,1,2176,0,275.271,10.546,-78.063,-262.188,30.625,-0.406,0.605,2.047,4.531,9.523,8.219,0.044,0.252,1.129,1.454,3,NULL,NULL,,3,0,2,7,255,1108,250,0,0
stim,116888,147009,0,147009,3344304.455,-0.770,-0.104,-0.088,-0.623,0,0,1960,0,2995,95,2997,2079,57,1.322,1,2176,0,298.348,11.125,-86.563,-283.688,32.250,-0.406,0.574,2.105,5.109,9.883,8.219,0.052,0.264,1.129,1.454,3,NULL,NULL,,3,0,2,7,255,1108,250,0,0
stim,116888,147009,0,147009,3344309.454,-0.770,-0.116,-0.095,-0.621,0,0,1853,0,2976,115,2969,1997,57,1.322,1,2176,0,325.561,11.666,-105.250,-305.688,38.313,-0.383,0.570,2.145,5.172,10.457,8.527,0.060,0.276,1.129,1.454,3,NULL,NULL,,3,0,2,7,255,1108,250,0,0
stim,116888,147009,0,147009,3344314.455,-0.769,-0.129,-0.102,-0.618,0,0,1727,0,2952,118,2939,1909,57,1.322,1,2176,0,350.183,12.049,-126.250,-323.938,41.875,-0.406,0.602,2.125,5.172,10.883,8.527,0.074,0.292,1.129,1.454,3,NULL,NULL,,3,0,2,7,255,1108,250,0,0
stim,116888,147009,0,147009,3344319.453,-0.768,-0.143,-0.110,-0.614,0,0,1625,0,2915,124,2890,1820,57,1.322,1,2176,0,368.158,12.878,-126.313,-343.313,41.500,-0.430,0.633,2.184,5.500,11.645,7.992,0.092,0.314,1.129,1.454,3,NULL,NULL,,3,0,2,7,255,1108,250,0,0
stim,116888,147009,0,147009,3344324.455,-0.767,-0.157,-0.119,-0.611,0,0,1531,0,2887,133,2813,1719,57,1.322,1,2176,0,383.240,13.976,-122.625,-360.938,39.500,-0.527,0.652,2.367,5.828,12.703,7.992,0.118,0.342,1.129,1.454,3,NULL,NULL,,3,0,2,7,255,1108,250,0,0
stim,116888,147009,0,147009,3344329.454,-0.765,-0.171,-0.128,-0.608,0,0,1451,0,2835,115,2751,1607,57,1.322,1,2176,0,402.030,16.001,-123.750,-381.438,28.625,-0.676,0.594,2.582,5.828,14.902,8.789,0.154,0.380,1.129,1.454,3,NULL,NULL,,3,0,2,7,255,1108,250,0,0
stim,116906,147027,0,147027,3344334.455,-0.762,-0.186,-0.138,-0.604,0,0,1408,0,2759,90,2664,1477,57,1.322,1,2176,0,417.746,18.401,-119.625,-400.188,7.188,-0.637,0.586,2.863,5.340,17.609,9.641,0.196,0.424,1.129,1.454,3,NULL,NULL,,3,0,2,7,255,1108,250,0,0
stim,116906,147027,0,147027,3344339.454,-0.759,-0.201,-0.148,-0.601,0,0,1240,0,2675,73,2541,1325,57,1.322,1,2176,0,432.953,19.962,-123.563,-414.938,-2.688,-0.707,0.605,3.180,5.340,19.234,11.625,0.244,0.474,1.129,1.454,3,NULL,NULL,,3,0,2,7,255,1108,250,0,0
stim,116906,147027,0,147027,3344344.455,-0.754,-0.217,-0.158,-0.599,0,0,1095,0,2551,59,2407,1162,57,1.322,1,2176,0,455.102,22.853,-156.938,-426.313,-27.313,-0.762,0.672,3.320,5.555,22.168,13.102,0.298,0.528,1.129,1.454,3,NULL,NULL,,3,0,2,7,255,1108,250,0,0
stim,116906,147027,0,147027,3344349.454,-0.748,-0.235,-0.168,-0.597,0,0,887,0,2409,11,2208,999,57,1.322,1,2176,0,482.070,24.448,-199.938,-436.750,-40.813,-0.688,0.551,3.207,5.555,23.809,13.102,0.356,0.586,1.129,1.454,3,NULL,NULL,,3,0,2,7,255,1108,250,0,0
stim,116906,147027,0,147027,3344354.455,-0.742,-0.254,-0.176,-0.595,0,0,713,0,2214,0,1941,891,57,1.322,1,2176,0,511.190,24.432,-236.438,-451.500,-39.500,-0.516,0.203,2.809,5.484,23.809,11.719,0.416,0.648,1.129,1.454,3,NULL,NULL,,3,0,2,7,255,1108,250,0,0
stim,116906,147027,0,147027,3344359.454,-0.736,-0.275,-0.185,-0.591,0,0,532,0,1951,0,1613,745,57,1.322,1,2176,0,532.518,20.719,-246.438,-472.063,-1.188,-0.398,-0.277,2.219,2.637,20.551,9.074,0.482,0.718,1.129,1.454,3,NULL,NULL,,3,0,2,7,255,1108,250,0,0
stim,116935,147056,0,147056,3344364.455,-0.729,-0.294,-0.194,-0.586,0,0,377,0,1653,0,1184,605,57,1.322,1,2176,0,530.498,16.307,-224.188,-480.750,6.875,-0.121,-0.348,1.559,-1.840,16.203,5.301,0.558,0.796,1.129,1.454,3,NULL,NULL,,3,0,2,7,255,1108,250,0,0
stim,116935,147056,0,147056,3344369.454,-0.724,-0.311,-0.206,-0.580,0,0,249,0,1323,0,631,463,57,1.322,1,2176,0,510.577,10.754,-136.188,-491.625,21.125,-0.109,-0.371,1.273,-2.289,10.508,1.574,0.644,0.884,1.129,1.454,3,NULL,NULL,,3,0,2,7,255,1108,250,0,0
stim,116935,147056,0,147056,3344374.455,-0.721,-0.326,-0.220,-0.571,0,0,165,0,985,0,163,397,57,1.322,1,2176,0,501.318,10.754,-35.375,-498.063,44.750,-0.168,0.098,1.598,-2.289,10.508,-0.434,0.738,0.980,1.129,1.454,3,NULL,NULL,,3,0,2,7,255,1108,250,0,0
stim,116935,147056,0,147056,3344379.453,-0.719,-0.339,-0.235,-0.560,0,0,110,0,557,0,0,331,57,1.322,1,2176,0,515.316,12.549,13.250,-506.875,91.938,-0.605,0.113,2.336,1.063,12.504,-0.434,0.836,1.082,1.129,1.454,3,NULL,NULL,,3,0,2,7,255,1108,250,0,0
stim,116935,147056,0,147056,3344384.455,-0.717,-0.354,-0.247,-0.548,0,0,93,0,189,0,0,243,57,1.322,1,2176,0,541.894,21.234,-32.250,-518.438,154.375,-0.957,0.313,2.625,1.770,21.160,-0.434,0.938,1.188,1.129,1.454,3,NULL,NULL,,3,0,2,7,255,1108,250,0,0
stim,116935,147056,0,147056,3344389.453,-0.713,-0.372,-0.257,-0.535,0,0,47,0,0,0,0,133,57,1.322,1,2176,0,561.262,25.163,-143.500,-514.750,171.625,-1.180,0.734,2.223,1.867,25.094,-1.617,1.040,1.294,1.129,1.454,3,NULL,NULL,,3,0,2,7,255,1108,250,0,0
stim,116982,147103,0,147103,3344394.455,-0.708,-0.392,-0.264,-0.525,0,0,29,0,0,0,0,61,57,1.322,1,2176,0,551.575,25.534,-221.688,-486.688,135.000,-1.098,1.340,1.578,4.719,25.094,-7.926,1.140,1.396,1.129,1.454,4,NULL,NULL,,3,0,2,7,255,1108,250,0,0
stim,116982,147103,0,147103,3344399.454,-0.701,-0.411,-0.270,-0.517,0,0,30,0,0,0,0,22,57,1.322,1,2176,0,521.224,22.562,-243.313,-450.438,97.875,-0.828,1.770,1.164,10.113,20.168,-13.691,1.232,1.490,1.129,1.454,0,NULL,NULL,,3,0,2,7,255,1108,250,0,0
stim,116982,147103,0,147103,3344404.455,-0.694,-0.429,-0.275,-0.509,0,0,33,0,0,0,0,43,57,1.322,1,2176,0,486.043,20.083,-257.625,-402.063,90.625,-0.789,1.555,1.180,12.680,15.574,-15.738,1.314,1.576,1.129,1.454,0,NULL,NULL,,3,0,2,7,255,1108,250,0,0
stim,116982,147103,0,147103,3344409.454,-0.686,-0.447,-0.276,-0.503,0,0,30,0,0,0,0,71,57,1.322,1,2176,0,479.092,19.689,-315.938,-347.875,93.250,-0.668,0.957,1.059,12.680,15.063,-15.738,1.392,1.658,1.129,1.454,0,NULL,NULL,,3,0,2,7,255,1108,250,0,0
stim,116982,147103,0,147103,3344414.455,-0.677,-0.463,-0.276,-0.501,0,0,31,0,0,0,0,86,57,1.322,1,2176,0,410.541,14.773,-316.750,-258.938,34.125,-0.387,0.227,0.742,7.516,12.719,-13.980,1.474,1.746,1.129,1.454,0,NULL,NULL,,3,0,2,7,255,1108,250,0,0
stim,116982,147103,0,147103,3344419.453,-0.671,-0.473,-0.277,-0.499,0,0,30,0,0,0,0,135,57,1.322,1,2176,0,277.414,8.369,-210.125,-181.125,0.000,-0.480,-0.566,0.664,1.539,8.227,-10.805,1.568,1.840,1.129,1.454,0,NULL,NULL,,3,0,2,7,255,1108,250,0,0
stim,116982,147103,0,147103,3344424.455,-0.667,-0.480,-0.277,-0.498,0,0,30,0,0,0,0,169,57,1.322,1,2176,0,183.022,10.203,-141.813,-115.688,1.625,-0.699,-0.594,1.078,-6.035,8.227,-9.492,1.668,1.944,1.129,1.454,0,NULL,NULL,,3,0,2,7,255,1108,250,0,0
stim,116982,147103,0,147103,3344429.453,-0.662,-0.486,-0.274,-0.501,0,0,29,0,0,0,0,151,57,1.322,1,2176,0,204.801,13.688,-201.250,-32.125,-20.250,-0.750,-0.164,1.055,-6.035,12.285,-9.492,1.770,2.050,1.129,1.454,0,NULL,NULL,,3,0,2,7,255,1108,250,0,0
stim,116982,147103,0,147103,3344434.455,-0.656,-0.492,-0.267,-0.506,0,0,34,0,0,0,0,109,57,1.322,1,2176,0,265.412,12.547,-257.250,56.938,-32.000,-0.594,0.551,0.141,-2.551,12.285,-11.648,1.868,2.150,1.129,1.454,0,NULL,NULL,,3,0,2,7,255,1108,250,0,0
stim,116982,147103,0,147103,3344439.454,-0.653,-0.495,-0.260,-0.512,0,0,33,0,0,0,0,106,57,1.322,1,2176,0,238.573,4.614,-199.313,128.688,-25.125,-0.516,1.043,-0.629,3.125,3.395,-16.336,1.958,2.242,1.129,1.454,0,NULL,NULL,,3,0,2,7,255,1108,250,0,0
stim,117004,147125,0,147125,3344444.455,-0.653,-0.492,-0.254,-0.517,0,0,25,0,0,0,0,91,57,1.322,1,2176,0,186.393,5.016,-59.000,176.375,-12.375,-0.613,0.816,-0.566,4.102,-2.887,-20.086,2.040,2.326,1.129,1.454,0,NULL,NULL,,3,0,2,7,255,1108,250,0,0
stim,117004,147125,0,147125,3344449.454,-0.655,-0.486,-0.249,-0.522,0,0,25,0,0,0,0,87,57,1.322,1,2176,0,212.987,5.016,25.625,210.438,-20.563,-0.719,0.309,0.145,4.102,-2.887,-20.086,2.110,2.400,1.129,1.454,0,NULL,NULL,,3,0,2,7,255,1108,250,0,0
stim,117004,147125,0,147125,3344454.455,-0.657,-0.480,-0.243,-0.528,0,0,23,0,0,0,0,83,57,1.322,1,2176,0,237.009,4.245,11.438,235.500,-24.125,-0.715,0.023,0.500,0.645,4.195,-16.320,2.174,2.464,1.129,1.454,0,NULL,NULL,,3,0,2,7,255,1108,250,0,0
stim,117004,147125,0,147125,3344459.454,-0.659,-0.475,-0.236,-0.533,0,0,23,0,0,0,0,69,57,1.322,1,2176,0,252.266,5.241,-22.500,251.188,-6.063,-0.609,0.133,0.293,-0.156,5.238,-13.984,2.232,2.526,1.129,1.454,0,NULL,NULL,,3,0,2,7,255,1108,250,0,0
stim,117031,147152,0,147152,3344464.455,-0.661,-0.469,-0.228,-0.539,0,0,19,0,0,0,0,67,57,1.322,1,2176,0,260.591,5.241,-12.000,260.125,9.938,-0.539,0.375,-0.098,-0.156,5.238,-13.984,2.294,2.590,1.129,1.454,0,NULL,NULL,,3,0,2,7,255,1108,250,0,0
stim,117031,147152,0,147152,3344469.454,-0.665,-0.462,-0.221,-0.543,0,0,19,0,0,0,0,63,57,1.322,1,2176,0,266.841,2.108,37.125,263.125,24.313,-0.551,0.465,-0.227,1.402,1.574,-15.930,2.346,2.646,1.129,1.454,0,NULL,NULL,,3,0,2,7,255,1108,250,0,0
stim,117031,147152,0,147152,3344474.455,-0.670,-0.454,-0.215,-0.547,0,0,18,0,0,0,0,51,57,1.322,1,2176,0,279.861,2.448,79.938,266.125,33.313,-0.590,0.504,-0.098,1.875,1.574,-16.727,2.388,2.690,1.129,1.454,0,NULL,NULL,,3,0,2,7,255,1108,250,0,0
stim,117031,147152,0,147152,3344479.454,-0.675,-0.444,-0.209,-0.551,0,0,18,0,0,0,0,61,57,1.322,1,2176,0,289.215,3.134,98.438,269.938,33.000,-0.563,0.445,0.055,2.363,2.059,-16.727,2.424,2.728,1.129,1.454,0,NULL,NULL,,3,0,2,7,255,1108,250,0,0
stim,117049,147170,0,147170,3344484.455,-0.680,-0.435,-0.203,-0.554,0,0,21,0,0,0,0,59,57,1.322,1,2176,0,296.081,4.107,108.438,272.563,40.188,-0.508,0.320,0.129,2.363,3.359,-15.477,2.458,2.766,1.129,1.454,0,NULL,NULL,,3,0,2,7,255,1108,250,0,0
stim,117049,147170,0,147170,3344489.453,-0.686,-0.425,-0.196,-0.557,0,0,20,0,0,0,0,57,57,1.322,1,2176,0,303.843,4.136,118.813,274.938,51.125,-0.504,0.305,0.191,1.613,3.809,-14.117,2.494,2.804,1.129,1.454,0,NULL,NULL,,3,0,2,7,255,1108,250,0,0
stim,117084,147205,0,147205,3344494.455,-0.692,-0.415,-0.190,-0.560,0,0,21,0,0,0,0,56,57,1.322,1,2176,0,310.737,4.663,129.500,277.438,53.063,-0.523,0.359,0.297,1.613,4.375,-13.598,2.530,2.844,1.129,1.454,0,NULL,NULL,,3,0,2,7,255,1108,250,0,0
stim,117084,147205,0,147205,3344499.454,-0.697,-0.404,-0.184,-0.562,0,0,17,0,0,0,0,55,57,1.322,1,2176,0,315.680,5.878,133.813,281.125,52.125,-0.492,0.363,0.488,2.289,5.414,-13.203,2.564,2.878,1.129,1.454,0,NULL,NULL,,3,0,2,7,255,1108,250,0,0
stim,117084,147205,0,147205,3344504.455,-0.703,-0.393,-0.178,-0.565,0,0,16,0,0,0,0,55,57,1.322,1,2176,0,318.325,7.124,138.375,281.688,53.250,-0.492,0.242,0.516,2.289,6.746,-11.746,2.590,2.908,1.129,1.454,0,NULL,NULL,,3,0,2,7,255,1108,250,0,0
stim,117084,147205,0,147205,3344509.454,-0.709,-0.382,-0.173,-0.568,0,0,16,0,0,0,0,51,57,1.322,1,2176,0,324.102,7.325,148.125,286.000,36.125,-0.539,0.270,0.648,2.207,6.984,-10.945,2.614,2.934,1.129,1.454,0,NULL,NULL,,3,0,2,7,255,1108,250,0,0
stim,117084,147205,0,147205,3344514.455,-0.713,-0.370,-0.167,-0.571,0,0,20,0,0,0,0,53,57,1.322,1,2176,0,330.407,8.567,146.313,295.875,14.813,-0.395,0.227,0.797,2.207,8.277,-10.305,2.632,2.956,1.129,1.454,0,NULL,NULL,,3,0,2,7,255,1108,250,0,0
stim,117084,147205,0,147205,3344519.453,-0.718,-0.358,-0.161,-0.575,0,0,18,0,0,0,0,46,57,1.322,1,2176,0,334.344,8.733,133.625,306.125,14.750,-0.332,0.203,0.934,2.516,8.363,-8.008,2.652,2.978,1.129,1.454,0,NULL,NULL,,3,0,2,7,255,1108,250,0,0
stim,117084,147205,0,147205,3344524.455,-0.722,-0.347,-0.154,-0.579,0,0,18,0,0,0,0,52,57,1.322,1,2176,0,339.740,9.214,118.250,318.125,15.375,-0.414,0.258,1.027,2.766,8.789,-6.367,2.674,3.002,1.129,1.454,0,NULL,NULL,,3,0,2,7,255,1108,250,0,0
stim,117084,147205,0,147205,3344529.454,-0.725,-0.335,-0.146,-0.584,0,0,19,0,0,0,0,47,57,1.322,1,2176,0,346.382,10.418,103.875,330.438,-1.125,-0.488,0.320,1.105,3.227,9.906,-6.133,2.696,3.028,1.129,1.454,0,NULL,NULL,,3,0,2,7,255,1108,250,0,0
stim,117085,147206,0,147206,3344534.455,-0.728,-0.323,-0.138,-0.589,0,0,19,0,0,0,0,52,57,1.322,1,2176,0,353.390,11.346,87.313,341.750,-21.625,-0.457,0.289,1.141,3.730,10.715,-5.898,2.722,3.054,1.129,1.454,0,NULL,NULL,,3,0,2,7,255,1108,250,0,0
stim,117085,147206,0,147206,3344539.454,-0.730,-0.312,-0.129,-0.595,0,0,21,0,0,0,0,51,57,1.322,1,2176,0,359.472,11.346,70.813,351.063,-31.000,-0.402,0.223,1.121,3.730,10.715,-5.031,2.748,3.086,1.129,1.454,0,NULL,NULL,,3,0,2,7,255,1108,250,0,0
stim,117108,147229,0,147229,3344544.455,-0.731,-0.300,-0.120,-0.601,0,0,18,0,0,0,0,51,57,1.322,1,2176,0,365.279,10.454,57.375,359.000,-35.438,-0.395,0.215,1.059,3.270,9.930,-4.434,2.780,3.120,1.129,1.454,0,NULL,NULL,,3,0,2,7,255,1108,250,0,0
stim,117108,147229,0,147229,3344549.454,-0.732,-0.289,-0.110,-0.607,0,0,19,0,0,0,0,48,57,1.322,1,2176,0,371.693,9.849,51.188,365.375,-45.125,-0.375,0.227,0.969,3.219,9.309,-4.434,2.816,3.156,1.129,1.454,0,NULL,NULL,,3,0,2,7,255,1108,250,0,0
stim,117108,147229,0,147229,3344554.455,-0.733,-0.277,-0.101,-0.613,0,0,19,0,0,0,0,47,57,1.322,1,2176,0,377.500,9.031,53.250,369.563,-55.625,-0.293,0.203,0.887,3.148,8.465,-4.711,2.854,3.196,1.129,1.454,0,NULL,NULL,,3,0,2,7,255,1108,250,0,0
stim,117108,147229,0,147229,3344559.454,-0.733,-0.265,-0.091,-0.620,0,0,19,0,0,0,0,52,57,1.322,1,2176,0,381.056,7.782,62.063,371.250,-59.375,-0.180,0.168,0.828,3.094,7.141,-4.711,2.892,3.240,1.129,1.454,0,NULL,NULL,,3,0,2,7,255,1108,250,0,0
stim,117108,147229,0,147229,3344564.455,-0.733,-0.252,-0.083,-0.626,0,0,9,0,0,0,0,43,57,1.322,1,2176,0,382.756,6.361,75.125,370.813,-57.938,-0.063,0.129,0.781,2.918,5.652,-4.336,2.934,3.284,1.129,1.454,0,NULL,NULL,,3,0,2,7,255,1108,250,0,0
stim,117108,147229,0,147229,3344569.454,-0.734,-0.239,-0.074,-0.631,0,0,6,0,0,0,0,59,57,1.322,1,2176,0,383.605,5.003,93.813,368.375,-51.500,0.023,0.113,0.746,2.719,4.199,-3.922,2.978,3.328,1.129,1.454,0,NULL,NULL,,3,0,2,7,255,1108,250,0,0
stim,117139,147260,0,147260,3344574.455,-0.735,-0.225,-0.066,-0.637,0,0,9,0,0,0,0,69,57,1.322,1,2176,0,385.161,4.104,118.938,363.813,-42.938,0.047,0.176,0.734,2.719,3.074,-3.770,3.020,3.374,1.129,1.454,0,NULL,NULL,,3,0,2,7,255,1108,250,0,0
stim,117139,147260,0,147260,3344579.454,-0.736,-0.210,-0.059,-0.641,0,0,6,0,0,0,0,66,57,1.322,1,2176,0,391.839,4.257,148.938,359.563,-45.500,0.035,0.203,0.797,3.203,2.805,-3.707,3.060,3.416,1.129,1.454,0,NULL,NULL,,3,0,2,7,255,1108,250,0,0
stim,117139,147260,0,147260,3344584.455,-0.737,-0.194,-0.053,-0.645,0,0,3,0,0,0,0,71,57,1.322,1,2176,0,395.592,4.161,170.375,355.500,-32.938,0.219,-0.012,0.898,3.203,2.656,-3.199,3.096,3.454,1.129,1.454,0,NULL,NULL,,3,0,2,7,255,1108,250,0,0
stim,117139,147260,0,147260,3344589.453,-0.739,-0.178,-0.047,-0.648,0,0,5,0,0,0,0,73,57,1.322,1,2176,0,397.167,2.413,184.625,351.563,7.688,0.246,0.008,0.961,2.164,1.066,-1.055,3.130,3.492,1.129,1.454,0,NULL,NULL,,3,0,2,7,255,1108,250,0,0
stim,117139,147260,0,147260,3344594.455,-0.742,-0.162,-0.042,-0.650,0,0,0,0,0,0,0,59,57,1.322,1,2176,0,403.741,2.413,203.438,347.438,30.125,0.031,0.262,1.035,2.164,1.066,-0.750,3.162,3.526,1.129,1.454,0,NULL,NULL,,3,0,2,7,255,1108,250,0,0
stim,117139,147260,0,147260,3344599.454,-0.744,-0.145,-0.037,-0.651,0,0,13,0,0,0,0,74,57,1.322,1,2176,0,413.040,5.143,228.500,343.313,22.938,-0.094,0.332,1.230,4.254,2.891,-0.402,3.192,3.558,1.129,1.454,0,NULL,NULL,,3,0,2,7,255,1108,250,0,0
stim,117185,147306,0,147306,3344604.455,-0.746,-0.127,-0.032,-0.653,0,0,12,0,0,0,0,74,57,1.322,1,2176,0,417.732,5.861,239.750,341.813,13.563,-0.055,0.207,1.465,4.254,4.031,0.762,3.220,3.588,1.129,1.454,0,NULL,NULL,,3,0,2,7,255,1108,250,0,0
stim,117185,147306,0,147306,3344609.454,-0.748,-0.110,-0.028,-0.654,0,0,16,0,0,0,0,75,57,1.322,1,2176,0,413.606,5.643,233.313,341.000,18.813,-0.023,0.160,1.645,3.949,4.031,3.504,3.248,3.618,1.129,1.454,0,NULL,NULL,,3,0,2,7,255,1108,250,0,0
stim,117185,147306,0,147306,3344614.455,-0.750,-0.093,-0.023,-0.655,0,0,18,0,0,0,0,75,57,1.322,1,2176,0,405.794,5.500,220.438,339.563,27.813,-0.102,0.199,1.762,3.742,4.031,5.543,3.274,3.646,1.129,1.454,0,NULL,NULL,,3,0,2,7,255,1108,250,0,0
stim,117185,147306,0,147306,3344619.453,-0.751,-0.076,-0.018,-0.655,0,0,20,0,0,0,0,78,57,1.322,1,2176,0,399.420,5.567,212.188,337.125,29.313,-0.188,0.273,1.891,3.742,4.121,6.648,3.300,3.674,1.129,1.454,0,NULL,NULL,,3,0,2,7,255,1108,250,0,0
stim,117185,147306,0,147306,3344624.455,-0.753,-0.060,-0.013,-0.656,0,0,20,0,0,0,0,85,57,1.322,1,2176,0,391.137,5.982,201.500,334.563,21.313,-0.223,0.250,2.031,3.832,4.594,7.875,3.322,3.700,1.129,1.454,0,NULL,NULL,,3,0,2,7,255,1108,250,0,0
stim,117185,147306,0,147306,3344629.453,-0.753,-0.045,-0.007,-0.656,0,0,17,0,0,0,0,87,57,1.322,1,2176,0,379.300,5.982,181.688,332.688,13.313,-0.199,0.211,2.133,3.832,4.594,9.426,3.346,3.724,1.129,1.454,0,NULL,NULL,,3,0,2,7,255,1108,250,0,0
stim,117185,147306,0,147306,3344634.455,-0.754,-0.030,-0.001,-0.657,0,0,27,0,0,0,0,97,57,1.322,1,2176,0,365.263,5.062,155.938,330.063,12.625,-0.184,0.148,2.129,3.320,3.820,10.641,3.370,3.752,1.129,1.454,0,NULL,NULL,,3,0,2,7,255,1108,250,0,0
stim,117185,147306,0,147306,3344639.454,-0.754,-0.016,0.006,-0.657,0,0,18,0,0,0,0,96,57,1.322,1,2176,0,354.030,3.896,136.813,326.250,13.438,-0.199,0.121,2.055,2.551,2.945,10.641,3.396,3.778,1.129,1.454,0,NULL,NULL,,3,0,2,7,255,1108,250,0,0
stim,117208,147329,0,147329,3344644.455,-0.754,-0.002,0.013,-0.657,0,0,18,0,0,0,0,103,57,1.322,1,2176,0,347.245,3.179,130.438,321.688,9.063,-0.207,0.102,1.973,2.059,2.422,10.203,3.420,3.806,1.129,1.454,0,NULL,NULL,,3,0,2,7,255,1108,250,0,0
stim,117208,147329,0,147329,3344649.454,-0.753,0.011,0.020,-0.657,0,0,18,0,0,0,0,101,57,1.322,1,2176,0,343.354,2.495,134.125,316.063,2.688,-0.184,0.023,1.949,1.633,1.887,9.469,3.446,3.834,1.129,1.454,0,NULL,NULL,,3,0,2,7,255,1108,250,0,0
stim,117208,147329,0,147329,3344654.455,-0.753,0.025,0.026,-0.658,0,0,19,0,0,0,0,88,57,1.322,1,2176,0,340.484,1.255,139.563,310.563,-1.563,-0.137,-0.070,1.977,0.754,1.004,9.469,3.472,3.862,1.129,1.454,0,NULL,NULL,,3,0,2,7,255,1108,250,0,0
stim,117208,147329,0,147329,3344659.454,-0.752,0.038,0.032,-0.658,0,0,16,0,0,0,0,97,57,1.322,1,2176,0,337.929,0.280,143.625,305.875,-2.875,-0.074,-0.129,1.973,-0.227,-0.164,9.527,3.498,3.890,1.129,1.454,0,NULL,NULL,,3,0,2,7,255,1108,250,0,0
stim,117234,147355,0,147355,3344664.455,-0.750,0.052,0.037,-0.658,0,0,19,0,0,0,0,97,57,1.322,1,2176,0,339.065,1.626,153.000,302.563,-3.438,0.004,-0.133,1.938,-0.887,-1.363,9.527,3.524,3.916,1.129,1.454,0,NULL,NULL,,3,0,2,7,255,1108,250,0,0
stim,117234,147355,0,147355,3344669.454,-0.749,0.066,0.042,-0.658,0,0,13,0,0,0,0,93,57,1.322,1,2176,0,346.055,2.809,172.313,300.063,-5.000,0.105,-0.156,1.938,-1.020,-2.617,9.051,3.546,3.942,1.129,1.454,0,NULL,NULL,,3,0,2,7,255,1108,250,0,0
stim,117234,147355,0,147355,3344674.455,-0.747,0.081,0.046,-0.658,0,0,16,0,0,0,0,99,57,1.322,1,2176,0,356.657,4.336,196.938,297.313,-5.000,0.242,-0.199,2.027,-1.336,-4.125,9.051,3.566,3.962,1.129,1.454,0,NULL,NULL,,3,0,2,7,255,1108,250,0,0
stim,117234,147355,0,147355,3344679.453,-0.746,0.096,0.050,-0.658,0,0,19,0,0,0,0,101,57,1.322,1,2176,0,368.047,6.390,218.500,296.125,-5.125,0.438,-0.172,2.168,-1.668,-6.168,9.266,3.582,3.982,1.129,1.454,0,NULL,NULL,,3,0,2,7,255,1108,250,0,0
stim,117234,147355,0,147355,3344684.455,-0.743,0.113,0.053,-0.657,0,0,16,0,0,0,0,89,57,1.322,1,2176,0,379.672,8.980,235.938,297.438,-3.938,0.652,-0.125,2.305,-1.668,-8.824,10.051,3.596,3.998,1.129,1.454,0,NULL,NULL,,3,0,2,7,255,1108,250,0,0
stim,117234,147355,0,147355,3344689.453,-0.741,0.129,0.055,-0.656,0,0,22,0,0,0,0,99,57,1.322,1,2176,0,390.273,11.771,250.438,299.313,2.500,0.844,-0.121,2.438,-1.527,-11.672,10.598,3.608,4.012,1.129,1.454,0,NULL,NULL,,3,0,2,7,255,1108,250,0,0
stim,117281,147402,0,147402,3344694.455,-0.739,0.146,0.057,-0.655,0,0,19,0,0,0,0,97,57,1.322,1,2176,0,398.667,14.456,260.813,301.250,12.688,0.984,-0.141,2.574,-1.527,-14.375,11.016,3.614,4.020,1.129,1.454,0,NULL,NULL,,3,0,2,7,255,1108,250,0,0
stim,117281,147402,0,147402,3344699.454,-0.737,0.164,0.060,-0.653,0,0,20,0,0,0,0,102,57,1.322,1,2176,0,404.156,16.810,266.125,303.500,20.188,1.090,-0.125,2.715,-2.059,-16.684,11.453,3.616,4.026,1.129,1.454,0,NULL,NULL,,3,0,2,7,255,1108,250,0,0
stim,117281,147402,0,147402,3344704.455,-0.734,0.181,0.062,-0.651,0,0,21,0,0,0,0,103,57,1.322,1,2176,0,403.723,18.827,261.375,306.875,22.438,1.164,-0.094,2.824,-2.348,-18.680,11.941,3.612,4.024,1.129,1.454,0,NULL,NULL,,3,0,2,7,255,1108,250,0,0
stim,117281,147402,0,147402,3344709.454,-0.732,0.198,0.064,-0.649,0,0,20,0,0,0,0,105,57,1.322,1,2176,0,397.959,20.487,250.938,307.938,24.000,1.188,-0.070,2.914,-2.484,-20.336,12.117,3.602,4.016,1.129,1.454,0,NULL,NULL,,3,0,2,7,255,1108,250,0,0
stim,117281,147402,0,147402,3344714.455,-0.729,0.214,0.068,-0.647,0,0,20,0,0,0,0,105,57,1.322,1,2176,0,384.335,21.645,233.063,304.688,23.688,1.207,0.004,3.023,-2.602,-21.488,12.246,3.584,4.000,1.129,1.454,0,NULL,NULL,,3,0,2,7,255,1108,250,0,0
stim,117281,147402,0,147402,3344719.453,-0.727,0.229,0.071,-0.644,0,0,18,0,0,0,0,122,57,1.322,1,2176,0,360.607,22.805,203.188,297.500,15.688,1.332,0.109,3.090,-2.602,-22.656,12.246,3.554,3.972,1.129,1.454,0,NULL,NULL,,3,0,2,7,255,1108,250,0,0
stim,117281,147402,0,147402,3344724.455,-0.724,0.242,0.076,-0.642,0,0,19,0,0,0,0,135,57,1.322,1,2176,0,330.323,24.634,163.313,287.063,6.125,1.559,0.117,3.051,-1.824,-24.566,12.230,3.510,3.932,1.129,1.454,0,NULL,NULL,,3,0,2,7,255,1108,250,0,0
stim,117281,147402,0,147402,3344729.454,-0.722,0.253,0.081,-0.639,0,0,20,0,0,0,0,151,57,1.322,1,2176,0,297.294,27.011,118.000,272.750,8.188,1.805,-0.051,2.820,-1.824,-26.949,10.289,3.454,3.878,1.129,1.454,0,NULL,NULL,,3,0,2,7,255,1108,250,0,0
stim,117281,147402,0,147402,3344734.455,-0.720,0.263,0.087,-0.636,0,0,20,0,0,0,0,167,57,1.322,1,2176,0,269.034,28.704,82.313,255.375,19.688,1.965,-0.313,2.426,-2.426,-28.602,6.211,3.384,3.810,1.129,1.454,0,NULL,NULL,,3,0,2,7,255,1108,250,0,0
stim,117281,147402,0,147402,3344739.453,-0.719,0.272,0.092,-0.633,0,0,13,0,0,0,0,201,57,1.322,1,2176,0,246.615,28.871,68.688,235.313,27.000,2.066,-0.547,1.996,-3.938,-28.602,0.898,3.304,3.732,1.129,1.454,0,NULL,NULL,,3,0,2,7,255,1108,250,0,0
stim,117304,147425,0,147425,3344744.455,-0.718,0.280,0.096,-0.630,0,0,17,0,0,0,0,201,57,1.322,1,2176,0,229.634,28.213,79.250,213.875,26.625,2.199,-0.699,1.684,-5.133,-27.742,-4.289,3.214,3.644,1.129,1.454,0,NULL,NULL,,3,0,2,7,255,1108,250,0,0
stim,117304,147425,0,147425,3344749.454,-0.716,0.289,0.099,-0.628,0,0,11,0,0,0,0,229,57,1.322,1,2176,0,219.170,28.323,101.125,192.750,25.625,2.387,-0.813,1.523,-5.707,-27.742,-8.426,3.112,3.544,1.129,1.454,0,NULL,NULL,,3,0,2,7,255,1108,250,0,0
stim,117304,147425,0,147425,3344754.455,-0.715,0.297,0.101,-0.625,0,0,11,0,0,0,0,243,57,1.322,1,2176,0,215.443,28.856,122.000,174.688,31.875,2.605,-0.855,1.438,-5.863,-28.254,-11.461,3.000,3.434,1.129,1.454,0,NULL,NULL,,3,0,2,7,255,1108,250,0,0
stim,117304,147425,0,147425,3344759.454,-0.714,0.306,0.102,-0.622,0,0,9,0,0,0,0,263,57,1.322,1,2176,0,211.295,30.150,126.875,154.813,67.688,2.934,-0.746,1.723,-5.863,-29.574,-13.488,2.878,3.312,1.129,1.454,0,NULL,NULL,,3,0,2,7,255,1108,250,0,0
stim,117329,147450,0,147450,3344764.455,-0.714,0.312,0.103,-0.618,0,0,9,0,0,0,0,283,57,1.322,1,2176,0,167.603,32.460,62.313,134.188,78.750,2.738,-1.359,1.625,-5.863,-31.926,-13.879,2.748,3.182,1.129,1.454,0,NULL,NULL,,3,0,2,7,255,1108,250,0,0
stim,117329,147450,0,147450,3344769.453,-0.714,0.318,0.104,-0.615,0,0,4,0,0,0,0,304,57,1.322,1,2176,0,155.749,33.560,92.250,117.500,44.063,2.781,-1.621,0.848,-10.344,-31.926,-15.418,2.606,3.042,1.129,1.454,0,NULL,NULL,,3,0,2,7,255,1108,250,0,0
stim,117329,147450,0,147450,3344774.455,-0.712,0.326,0.102,-0.614,0,0,7,0,5,0,0,304,57,1.322,1,2176,0,192.257,30.664,165.375,94.875,24.750,2.855,-1.664,0.891,-10.965,-28.637,-22.824,2.460,2.894,1.129,1.454,0,NULL,NULL,,3,0,2,7,255,1108,250,0,0
stim,117329,147450,0,147450,3344779.453,-0.708,0.335,0.098,-0.614,0,0,13,0,29,0,0,323,57,1.322,1,2176,0,230.884,30.749,220.438,67.563,12.250,2.898,-1.891,1.227,-11.199,-28.637,-22.824,2.310,2.744,1.129,1.454,0,NULL,NULL,,3,0,2,7,255,1108,250,0,0
stim,117348,147469,0,147469,3344784.455,-0.705,0.343,0.093,-0.614,0,0,7,0,33,0,0,317,57,1.322,1,2176,0,247.000,33.852,243.688,38.750,11.125,2.805,-1.809,1.727,-14.020,-30.813,-22.344,2.158,2.590,1.129,1.454,0,NULL,NULL,,3,0,2,7,255,1108,250,0,0
stim,117348,147469,0,147469,3344789.454,-0.702,0.350,0.086,-0.614,0,0,9,0,41,0,0,327,57,1.322,1,2176,0,229.724,35.617,229.375,2.625,12.375,2.637,-1.324,2.340,-14.020,-32.742,-18.320,2.004,2.434,1.129,1.454,0,NULL,NULL,,3,0,2,7,255,1108,250,0,0
stim,117384,147505,0,147505,3344794.455,-0.699,0.355,0.081,-0.616,0,0,11,0,41,0,0,331,57,1.322,1,2176,0,174.831,36.970,171.813,-32.250,-2.500,2.336,-0.887,2.816,-12.660,-34.734,-11.590,1.850,2.276,1.129,1.454,0,NULL,NULL,,3,0,2,7,255,1108,250,0,0
stim,117384,147505,0,147505,3344799.453,-0.697,0.356,0.076,-0.617,0,0,9,0,26,0,0,338,57,1.322,1,2176,0,123.942,36.842,107.063,-61.688,-9.688,2.289,-0.973,2.836,-12.281,-34.734,-5.039,1.692,2.116,1.129,1.454,0,NULL,NULL,,3,0,2,7,255,1108,250,0,0
stim,117402,147523,0,147523,3344804.455,-0.697,0.355,0.073,-0.619,0,0,1,0,13,0,0,362,57,1.322,1,2176,0,102.027,36.342,38.250,-93.688,-13.000,1.762,-0.445,2.996,-11.027,-34.629,-4.957,1.532,1.952,1.129,1.454,0,NULL,NULL,,3,0,2,7,255,1108,250,0,0
stim,117402,147523,0,147523,3344809.454,-0.697,0.350,0.071,-0.622,0,0,0,0,0,0,0,447,57,1.322,1,2176,0,137.002,32.613,-56.750,-113.250,-52.188,1.551,-0.211,2.922,-9.344,-31.246,1.191,1.366,1.784,1.129,1.454,0,NULL,NULL,,3,0,2,7,255,1108,250,0,0
stim,117402,147523,0,147523,3344814.455,-0.698,0.346,0.065,-0.623,310,0,0,616,0,37,0,593,57,1.322,1,2176,0,170.909,30.476,26.875,-165.438,33.438,0.660,-1.109,3.668,-9.344,-29.008,2.961,1.198,1.612,1.129,1.454,0,NULL,NULL,,3,0,2,7,255,1108,250,0,0
stim,117402,147523,0,147523,3344819.454,-0.710,0.346,0.044,-0.612,1017,0,0,1327,0,273,0,616,57,1.322,1,2176,0,601.559,30.840,181.313,-276.688,502.438,-0.285,1.340,6.641,-10.473,-29.008,10.141,1.028,1.438,1.129,1.454,0,NULL,NULL,,3,0,2,7,255,1108,250,0,0
stim,117402,147523,0,147523,3344824.455,-0.733,0.321,0.052,-0.597,1669,0,0,1829,0,555,0,679,57,1.322,1,2176,0,886.049,27.784,-726.688,-145.313,485.688,-1.238,3.105,3.938,-10.473,-25.734,38.363,0.858,1.264,1.129,1.454,0,NULL,NULL,,3,0,2,7,255,1108,250,0,0
stim,117402,147523,0,147523,3344829.454,-0.752,0.287,0.068,-0.589,2115,0,0,2021,0,799,0,775,55,1.322,1,2177,0,978.031,15.583,-936.000,-160.563,233.813,-2.168,3.148,-0.281,13.723,-7.383,38.363,0.696,1.088,1.129,1.454,1,1116.000,8.000,,3,0,2,7,255,1108,250,0,0
stim,117402,147523,0,147523,3344834.455,-0.762,0.266,0.078,-0.586,2357,0,0,2175,0,999,0,853,55,1.322,1,2177,0,578.109,31.304,-563.250,-106.063,75.563,-2.281,2.539,-2.074,19.867,24.191,7.309,0.544,0.916,1.129,1.454,1,NULL,NULL,,3,0,2,7,255,1108,250,0,0
stim,117402,147523,0,147523,3344839.453,-0.762,0.256,0.080,-0.589,2506,0,0,2271,0,1237,0,955,55,1.322,1,2177,0,249.364,31.304,-196.500,-123.000,-91.875,-0.844,1.023,-0.824,19.867,24.191,-10.398,0.420,0.750,1.129,1.454,1,NULL,NULL,,3,0,2,7,255,1108,250,0,0
stim,117402,147523,0,147523,3344844.455,-0.761,0.252,0.078,-0.592,2669,0,0,2479,0,1369,0,1019,55,1.322,1,2177,0,118.703,15.213,-25.188,-104.188,-51.000,0.461,0.441,1.059,8.195,12.816,-10.398,0.338,0.596,1.129,1.454,1,NULL,NULL,,3,0,2,7,255,1108,250,0,0
stim,117402,147523,0,147523,3344849.454,-0.766,0.247,0.074,-0.589,2807,0,0,2665,0,1453,0,1095,55,1.322,1,2177,0,199.827,10.755,-75.188,-129.375,132.438,0.543,1.711,1.250,8.195,-6.965,-1.516,0.318,0.456,1.129,1.454,2,NULL,NULL,,3,0,2,7,255,1108,250,0,0
stim,117402,147523,0,147523,3344854.455,-0.777,0.237,0.070,-0.579,2915,0,0,2811,0,1492,0,1197,55,1.322,1,2177,0,416.725,7.907,-185.063,-186.438,323.500,-1.641,0.063,1.254,3.742,-6.965,3.191,0.354,0.346,1.129,1.454,2,NULL,NULL,,3,0,2,7,255,1108,250,0,0
stim,117402,147523,0,147523,3344859.454,-0.786,0.222,0.070,-0.573,2981,0,0,2907,0,1509,0,1299,55,1.322,1,2177,0,431.147,10.684,-342.688,-190.938,178.875,-2.734,-1.195,0.789,-6.375,8.574,4.117,0.410,0.286,1.129,1.454,2,NULL,NULL,,3,0,2,7,255,1108,250,0,0
stim,117424,147545,0,147545,3344864.455,-0.787,0.208,0.070,-0.577,3022,0,0,2975,0,1533,0,1373,55,1.322,1,2177,0,336.430,21.582,-260.813,-195.688,-82.875,-1.980,-0.895,-0.379,-14.266,16.195,4.117,0.452,0.292,1.129,1.454,2,NULL,NULL,,3,0,2,7,255,1108,250,0,0
stim,117424,147545,0,147545,3344869.453,-0.783,0.200,0.067,-0.585,3059,0,0,3053,0,1561,0,1495,55,1.322,1,2177,0,285.069,21.582,-60.188,-192.063,-201.875,-0.148,-0.422,0.313,-14.266,16.195,-7.359,0.474,0.344,1.129,1.454,2,NULL,NULL,,3,0,2,7,255,1108,250,0,0
stim,117424,147545,0,147545,3344874.455,-0.779,0.196,0.062,-0.593,3087,0,0,3103,0,1583,0,1557,55,1.322,1,2177,0,246.864,6.016,23.500,-168.438,-178.938,0.926,-0.727,1.648,-5.938,-0.969,-7.359,0.500,0.412,1.129,1.454,2,NULL,NULL,,3,0,2,7,255,1108,250,0,0
stim,117424,147545,0,147545,3344879.453,-0.778,0.191,0.058,-0.596,3102,0,0,3164,0,1623,0,1575,55,1.322,1,2177,0,162.384,16.938,-34.688,-145.563,-63.063,1.656,-1.148,2.113,-5.938,-15.863,0.660,0.542,0.468,1.129,1.454,2,NULL,NULL,,3,0,2,7,255,1108,250,0,0
stim,117446,147567,0,147567,3344884.455,-0.782,0.182,0.057,-0.593,3129,0,0,3171,0,1691,0,1568,55,1.322,1,2177,0,222.793,24.027,-143.438,-136.875,101.625,1.359,-1.609,1.926,-8.449,-22.492,0.734,0.566,0.506,1.129,1.454,2,NULL,NULL,,3,0,2,7,255,1108,250,0,0
stim,117446,147567,0,147567,3344889.454,-0.790,0.173,0.056,-0.585,3130,0,0,3189,0,1790,39,1568,55,1.322,1,2177,0,337.776,26.018,-215.688,-119.813,230.688,0.309,-1.406,1.102,-13.078,-22.492,0.734,0.556,0.528,1.129,1.454,2,NULL,NULL,,3,0,2,7,255,1108,250,0,0
stim,117446,147567,0,147567,3344894.455,-0.797,0.164,0.056,-0.578,3133,0,0,3199,0,1878,75,1589,55,1.322,1,2177,0,315.552,16.487,-196.813,-118.063,216.563,-1.152,-0.637,0.723,-13.078,-10.039,-1.016,0.518,0.538,1.129,1.454,2,NULL,NULL,,3,0,2,7,255,1108,250,0,0
stim,117446,147567,0,147567,3344899.453,-0.801,0.156,0.054,-0.576,3145,0,0,3215,0,1976,159,1677,55,1.322,1,2177,0,200.776,11.827,-131.938,-129.313,78.625,-1.137,0.207,0.258,-10.137,6.094,-3.000,0.470,0.538,1.129,1.454,2,NULL,NULL,,3,0,2,7,255,1108,250,0,0
stim,117488,147609,0,147609,3344904.455,-0.802,0.151,0.050,-0.576,3151,0,0,3223,0,2073,199,1737,55,1.322,1,2177,0,148.305,6.426,-40.563,-142.313,9.813,-0.488,0.422,0.762,-2.039,6.094,-1.016,0.428,0.520,1.129,1.454,2,NULL,NULL,,3,0,2,7,255,1108,250,0,0
stim,117488,147609,0,147609,3344909.454,-0.802,0.146,0.047,-0.577,3144,0,0,3227,0,2147,216,1785,55,1.322,1,2177,0,151.979,3.399,-55.750,-140.250,-17.875,-0.285,0.285,1.563,0.652,3.336,-0.840,0.396,0.474,1.129,1.454,2,NULL,NULL,,3,0,2,7,255,1108,250,0,0
stim,117488,147609,0,147609,3344914.455,-0.803,0.138,0.045,-0.578,3145,0,0,3225,0,2231,244,1867,55,1.322,1,2177,0,172.187,1.161,-115.000,-127.063,-16.688,0.105,0.117,1.336,0.652,-0.961,2.703,0.382,0.402,1.129,1.454,2,NULL,NULL,,3,0,2,7,255,1108,250,0,0
stim,117488,147609,0,147609,3344919.454,-0.804,0.130,0.045,-0.579,3149,0,0,3229,123,2291,283,1993,55,1.322,1,2177,0,182.653,4.036,-137.875,-119.750,-3.563,0.043,-0.281,1.090,0.594,-3.992,2.703,0.384,0.320,1.129,1.454,2,NULL,NULL,,3,0,2,7,255,1108,250,0,0
stim,117488,147609,0,147609,3344924.455,-0.804,0.124,0.044,-0.579,3148,0,0,3235,336,2344,367,2089,55,1.322,1,2177,0,146.071,5.152,-105.500,-100.313,-12.000,0.148,-0.594,1.191,-3.066,-4.141,0.492,0.394,0.250,1.129,1.454,2,NULL,NULL,,3,0,2,7,255,1108,250,0,0
stim,117488,147609,0,147609,3344929.454,-0.804,0.121,0.043,-0.581,3144,0,0,3237,587,2375,377,2155,55,1.322,1,2177,0,77.747,6.823,-43.688,-55.125,-33.125,0.527,-0.473,1.141,-3.277,-5.984,0.082,0.400,0.208,1.129,1.454,2,NULL,NULL,,3,0,2,7,255,1108,250,0,0
stim,117488,147609,0,147609,3344934.455,-0.804,0.120,0.041,-0.581,3140,0,0,3229,744,2393,397,2205,55,1.322,1,2177,0,50.497,8.038,4.063,-50.313,-1.438,0.660,0.316,0.988,-3.277,-7.340,-0.563,0.398,0.198,1.129,1.454,2,NULL,NULL,,3,0,2,7,255,1108,250,0,0
stim,117488,147609,0,147609,3344939.453,-0.804,0.119,0.039,-0.581,3143,0,0,3229,899,2415,407,2249,55,1.322,1,2177,0,40.165,8.304,6.563,-39.188,-5.875,-0.082,0.547,1.836,3.883,-7.340,-0.563,0.398,0.194,1.129,1.454,2,NULL,NULL,,3,0,2,7,255,1108,250,0,0
stim,117506,147627,0,147627,3344944.455,-0.804,0.116,0.041,-0.582,3147,0,0,3225,1031,2445,395,2301,55,1.322,1,2177,0,93.557,4.288,-85.813,-20.313,-31.250,-0.105,0.281,1.305,3.883,-1.820,3.145,0.404,0.186,1.129,1.454,2,NULL,NULL,,3,0,2,7,255,1108,250,0,0
stim,117506,147627,0,147627,3344949.454,-0.803,0.112,0.042,-0.583,3153,4,0,3235,1117,2452,413,2344,55,1.322,1,2177,0,93.018,2.050,-87.875,-18.000,-24.625,-0.109,0.020,0.777,1.695,-1.152,3.145,0.418,0.174,1.129,1.454,2,NULL,NULL,,3,0,2,7,255,1108,250,0,0
stim,117506,147627,0,147627,3344954.455,-0.803,0.110,0.044,-0.585,3135,21,0,3219,1227,2461,428,2325,55,1.322,1,2177,0,67.790,0.858,-48.250,-15.750,-44.938,-0.254,-0.129,0.867,-0.492,-0.703,-1.141,0.436,0.154,1.129,1.454,2,NULL,NULL,,3,0,2,7,255,1108,250,0,0
stim,117506,147627,0,147627,3344959.454,-0.801,0.108,0.044,-0.587,3153,24,0,3229,1295,2464,443,2399,55,1.322,1,2177,0,72.246,0.858,-18.625,-14.938,-68.188,-0.070,0.121,0.953,-0.492,-0.703,-1.141,0.462,0.132,1.129,1.454,2,NULL,NULL,,3,0,2,7,255,1108,250,0,0
stim,117533,147654,0,147654,3344964.455,-0.799,0.107,0.044,-0.590,3149,51,0,3223,1379,2483,453,2427,55,1.322,1,2177,0,70.946,1.244,-22.063,-12.875,-66.188,0.078,0.215,1.133,0.563,-1.109,-0.465,0.492,0.104,1.129,1.454,2,NULL,NULL,,3,0,2,7,255,1108,250,0,0
stim,117533,147654,0,147654,3344969.453,-0.799,0.105,0.045,-0.591,3135,60,0,3213,1451,2489,454,2443,55,1.322,1,2177,0,66.955,2.601,-47.938,-7.188,-46.188,0.063,0.055,1.152,0.563,-2.539,1.074,0.522,0.078,1.129,1.454,2,NULL,NULL,,3,0,2,7,255,1108,250,0,0
stim,117533,147654,0,147654,3344974.455,-0.798,0.102,0.046,-0.592,3147,87,0,3227,1518,2502,445,2455,55,1.322,1,2177,0,69.555,2.560,-59.688,-3.875,-35.500,-0.078,0.031,0.988,0.328,-2.539,1.074,0.542,0.060,1.129,1.454,2,NULL,NULL,,3,0,2,7,255,1108,250,0,0
stim,117533,147654,0,147654,3344979.453,-0.797,0.101,0.047,-0.594,3144,100,0,3227,1575,2513,439,2477,55,1.322,1,2177,0,63.477,1.357,-44.813,-4.313,-44.750,-0.160,0.117,0.895,0.328,-1.316,-0.160,0.552,0.050,1.129,1.454,2,NULL,NULL,,3,0,2,7,255,1108,250,0,0
stim,117533,147654,0,147654,3344984.455,-0.796,0.099,0.048,-0.596,3135,122,0,3214,1623,2507,429,2441,55,1.322,1,2177,0,62.126,1.067,-24.625,-3.375,-56.938,-0.086,0.102,0.965,0.438,-0.973,-0.316,0.558,0.048,1.129,1.454,2,NULL,NULL,,3,0,2,7,255,1108,250,0,0
stim,117533,147654,0,147654,3344989.454,-0.794,0.098,0.048,-0.597,3147,133,0,3225,1650,2519,415,2487,55,1.322,1,2177,0,58.369,1.067,-21.000,-1.563,-54.438,0.020,0.023,1.063,0.438,-0.973,-0.316,0.566,0.042,1.129,1.454,2,NULL,NULL,,3,0,2,7,255,1108,250,0,0
stim,117583,147704,0,147704,3344994.455,-0.794,0.097,0.049,-0.599,3132,139,0,3219,1673,2519,393,2488,55,1.322,1,2177,0,45.842,2.317,-27.563,0.625,-36.625,0.043,-0.004,1.059,0.059,-2.316,0.250,0.576,0.034,1.129,1.454,2,NULL,NULL,,3,0,2,7,255,1108,250,0,0
stim,117583,147704,0,147704,3344999.454,-0.793,0.096,0.050,-0.599,3147,157,10,3243,1707,2524,391,2489,55,1.322,1,2177,0,37.005,2.316,-29.813,2.188,-21.813,-0.051,0.031,1.012,0.020,-2.316,0.250,0.586,0.028,1.129,1.454,2,NULL,NULL,,3,0,2,7,255,1108,250,0,0
stim,117583,147704,0,147704,3345004.455,-0.793,0.095,0.051,-0.600,3135,171,28,3225,1720,2525,376,2486,55,1.322,1,2177,0,32.913,1.547,-24.500,2.688,-21.813,-0.141,0.063,1.004,0.020,-1.547,0.117,0.592,0.024,1.129,1.454,2,NULL,NULL,,3,0,2,7,255,1108,250,0,0
stim,117583,147704,0,147704,3345009.454,-0.792,0.094,0.051,-0.601,3129,181,37,3209,1725,2520,369,2483,55,1.322,1,2177,0,33.573,0.725,-17.813,3.438,-28.250,-0.129,0.074,1.027,0.094,-0.719,0.117,0.596,0.022,1.129,1.454,2,NULL,NULL,,3,0,2,7,255,1108,250,0,0
stim,117583,147704,0,147704,3345014.455,-0.791,0.094,0.052,-0.602,3127,189,45,3207,1735,2519,364,2475,55,1.322,1,2177,0,32.154,0.757,-15.625,3.563,-27.875,-0.086,0.078,1.051,0.238,-0.719,0.355,0.604,0.020,1.129,1.454,2,NULL,NULL,,3,0,2,7,255,1108,250,0,0
stim,117583,147704,0,147704,3345019.453,-0.791,0.093,0.052,-0.603,3124,189,45,3207,1741,2519,361,2473,55,1.322,1,2177,0,26.557,1.204,-17.250,3.563,-19.875,-0.086,0.043,1.051,0.238,-1.180,0.445,0.610,0.014,1.129,1.454,2,NULL,NULL,,3,0,2,7,255,1108,250,0,0
stim,117583,147704,0,147704,3345024.455,-0.791,0.092,0.053,-0.603,3117,186,72,3196,1746,2517,343,2469,55,1.285,1,2177,1,23.386,1.185,-18.938,3.063,-13.375,-0.145,-0.004,1.012,0.117,-1.180,0.445,0.000,0.000,1.118,1.439,2,NULL,NULL,,3,0,2,7,255,1108,250,0,0
stim,117583,147704,0,147704,3345029.454,-0.790,0.092,0.054,-0.603,3111,179,92,3193,1751,2513,341,2466,55,1.285,1,2177,1,20.675,0.878,-16.188,1.125,-12.813,-0.195,-0.031,0.961,-0.480,-0.734,0.160,0.004,0.002,1.118,1.439,2,NULL,NULL,,3,0,2,7,255,1108,250,0,0
stim,117604,147725,0,147725,3345034.455,-0.790,0.091,0.054,-0.604,3108,181,125,3187,1763,2510,335,2471,55,1.285,1,2177,1,17.316,0.885,-9.625,-0.750,-14.375,-0.191,-0.047,0.938,-0.848,-0.254,-0.219,0.008,0.004,1.118,1.439,2,NULL,NULL,,3,0,2,7,255,1108,250,0,0
stim,117604,147725,0,147725,3345039.453,-0.790,0.091,0.054,-0.604,3111,181,131,3180,1777,2495,327,2459,55,1.285,1,2177,1,13.839,0.885,-3.938,-2.938,-12.938,-0.172,-0.035,0.953,-0.848,-0.254,-0.359,0.014,0.006,1.118,1.439,2,NULL,NULL,,3,0,2,7,255,1108,250,0,0
stim,117604,147725,0,147725,3345044.455,-0.789,0.091,0.054,-0.605,3092,174,133,3183,1781,2491,328,2467,55,1.285,1,2177,1,11.313,0.911,-2.125,-4.438,-10.188,-0.164,-0.012,0.977,-0.797,-0.441,-0.359,0.018,0.010,1.118,1.439,2,NULL,NULL,,3,0,2,7,255,1108,250,0,0
stim,117604,147725,0,147725,3345049.454,-0.789,0.090,0.054,-0.605,3079,157,139,3172,1787,2487,325,2473,55,1.285,1,2177,1,10.485,0.752,-2.313,-5.688,-8.500,-0.160,0.000,0.969,-0.578,-0.480,-0.188,0.022,0.014,1.118,1.439,2,NULL,NULL,,3,0,2,7,255,1108,250,0,0
stim,117604,147725,0,147725,3345054.455,-0.789,0.090,0.054,-0.605,3087,152,166,3157,1801,2487,326,2467,55,1.285,1,2177,1,9.493,0.675,-0.813,-6.750,-6.625,-0.152,0.004,0.957,-0.453,-0.500,-0.188,0.026,0.018,1.118,1.439,2,NULL,NULL,,3,0,2,7,255,1108,250,0,0
stim,117604,147725,0,147725,3345059.454,-0.789,0.090,0.053,-0.606,3059,147,169,3143,1809,2471,315,2459,55,1.285,1,2177,1,9.239,0.624,1.688,-7.625,-4.938,-0.152,0.020,0.965,-0.398,-0.480,-0.242,0.030,0.022,1.118,1.439,2,NULL,NULL,,3,0,2,7,255,1108,250,0,0
stim,117633,147754,1,147754,3345064.455,-0.789,0.090,0.053,-0.606,3047,143,183,3127,1819,2461,316,2472,55,1.285,1,2177,1,10.461,0.543,3.625,-8.875,-4.188,-0.164,0.059,0.980,-0.254,-0.480,-0.242,0.034,0.024,1.118,1.439,2,NULL,NULL,,3,1,2,7,255,1108,250,0,0
stim,117633,147754,1,147754,3345069.454,-0.789,0.089,0.052,-0.606,3032,139,211,3114,1831,2457,317,2475,55,1.285,1,2177,1,11.241,0.318,4.063,-9.375,-4.688,-0.172,0.105,0.992,0.078,-0.309,-0.047,0.036,0.026,1.118,1.439,2,NULL,NULL,,3,1,2,7,255,1108,250,0,0
stim,117633,147754,1,147754,3345074.455,-0.789,0.089,0.052,-0.606,3017,134,250,3100,1860,2452,315,2479,55,1.285,1,2177,1,12.087,0.519,2.500,-10.000,-6.313,-0.188,0.129,1.012,0.504,-0.125,0.105,0.038,0.030,1.118,1.439,2,NULL,NULL,,3,1,2,7,255,1108,250,0,0
stim,117633,147754,1,147754,3345079.453,-0.788,0.089,0.052,-0.606,3001,137,275,3087,1880,2451,317,2489,55,1.285,1,2177,1,14.055,0.678,-0.500,-10.938,-8.813,-0.199,0.133,1.012,0.676,0.059,0.320,0.042,0.032,1.118,1.439,2,NULL,NULL,,3,1,2,7,255,1108,250,0,0
stim,117634,147755,1,147755,3345084.455,-0.788,0.089,0.051,-0.607,2985,139,307,3067,1911,2447,319,2503,55,1.285,1,2177,1,17.404,0.727,-2.375,-11.875,-12.500,-0.203,0.137,1.000,0.703,0.184,0.320,0.044,0.034,1.118,1.439,2,NULL,NULL,,3,1,2,7,255,1108,250,0,0
stim,117634,147755,1,147755,3345089.454,-0.788,0.088,0.051,-0.607,2967,141,349,3051,1948,2445,335,2510,55,1.285,1,2177,1,20.967,0.744,-3.375,-12.813,-16.250,-0.191,0.148,1.004,0.719,0.191,0.262,0.048,0.034,1.118,1.439,2,NULL,NULL,,3,1,2,7,255,1108,250,0,0
stim,117687,147808,1,147808,3345094.455,-0.787,0.088,0.050,-0.608,2943,148,435,3033,1981,2445,354,2521,55,1.285,1,2177,1,23.563,0.877,-4.188,-13.813,-18.625,-0.176,0.160,1.020,0.855,0.191,0.262,0.048,0.032,1.118,1.439,2,NULL,NULL,,3,1,2,7,255,1108,250,0,0
stim,117687,147808,1,147808,3345099.454,-0.787,0.087,0.050,-0.609,2921,154,506,3015,2011,2445,361,2531,55,1.285,1,2177,1,25.956,1.008,-5.688,-14.063,-21.063,-0.145,0.176,1.027,1.008,0.020,0.391,0.050,0.030,1.118,1.439,2,NULL,NULL,,3,1,2,7,255,1108,250,0,0
stim,117687,147808,1,147808,3345104.455,-0.786,0.087,0.050,-0.610,2900,167,616,3000,2043,2445,403,2543,55,1.285,1,2177,1,26.000,1.272,-7.313,-14.313,-20.438,-0.125,0.176,1.023,1.254,-0.211,0.391,0.050,0.024,1.118,1.439,2,NULL,NULL,,3,1,2,7,255,1108,250,0,0
stim,117687,147808,1,147808,3345109.454,-0.786,0.086,0.049,-0.610,2873,171,677,2982,2087,2447,430,2556,55,1.285,1,2177,1,25.261,1.310,-10.188,-14.188,-18.250,-0.133,0.133,1.020,1.254,-0.379,0.355,0.050,0.020,1.118,1.439,2,NULL,NULL,,3,1,2,7,255,1108,250,0,0
stim,117687,147808,1,147808,3345114.455,-0.786,0.085,0.049,-0.611,2848,185,735,2964,2124,2449,477,2568,55,1.285,1,2177,1,26.903,0.961,-12.375,-14.313,-19.125,-0.145,0.117,0.992,0.883,-0.379,0.316,0.050,0.014,1.118,1.439,2,NULL,NULL,,3,1,2,7,255,1108,250,0,0
stim,117687,147808,1,147808,3345119.455,-0.785,0.084,0.049,-0.612,2825,207,811,2950,2181,2451,501,2589,55,1.285,1,2177,1,28.742,0.884,-11.313,-14.250,-22.250,-0.133,0.125,0.980,0.828,-0.309,0.059,0.052,0.010,1.118,1.439,2,NULL,NULL,,3,1,2,7,255,1108,250,0,0
stim,117687,147808,1,147808,3345124.455,-0.785,0.084,0.049,-0.612,2791,231,941,2931,2235,2453,601,2605,55,1.285,1,2177,1,29.071,0.840,-10.188,-13.750,-23.500,-0.129,0.121,0.984,0.781,-0.309,-0.047,0.052,0.008,1.118,1.439,2,NULL,NULL,,3,1,2,7,255,1108,250,0,0
stim,117687,147808,1,147808,3345129.454,-0.784,0.083,0.048,-0.613,2763,247,1055,2911,2279,2453,714,2619,55,1.285,1,2177,1,32.076,0.854,-11.063,-13.938,-26.688,-0.125,0.102,1.000,0.781,-0.344,-0.047,0.054,0.010,1.118,1.439,2,NULL,NULL,,3,1,2,7,255,1108,250,0,0
stim,117687,147808,1,147808,3345134.455,-0.783,0.082,0.048,-0.614,2735,251,1189,2895,2325,2457,829,2635,55,1.285,1,2177,1,32.579,0.717,-14.313,-13.438,-26.000,-0.152,0.078,0.996,0.629,-0.344,0.070,0.054,0.012,1.118,1.439,2,NULL,NULL,,3,1,2,7,255,1108,250,0,0
stim,117687,147808,1,147808,3345139.453,-0.783,0.081,0.048,-0.615,2699,253,1279,2887,2357,2461,935,2648,55,1.285,1,2177,1,39.318,0.413,-17.188,-13.938,-32.500,-0.156,0.078,0.992,0.355,-0.211,0.070,0.056,0.014,1.118,1.439,2,NULL,NULL,,3,1,2,7,255,1108,250,0,0
stim,117711,147832,1,147832,3345144.455,-0.782,0.080,0.048,-0.617,2662,265,1407,2855,2395,2456,1047,2665,55,1.285,1,2177,1,42.272,0.392,-18.688,-14.125,-35.188,-0.184,0.047,0.977,0.355,-0.164,0.063,0.058,0.016,1.118,1.439,2,NULL,NULL,,3,1,2,7,255,1108,250,0,0
stim,117711,147832,1,147832,3345149.454,-0.781,0.079,0.048,-0.618,2619,287,1549,2845,2445,2467,1165,2651,55,1.285,1,2177,1,47.282,0.392,-18.875,-15.625,-40.438,-0.102,0.086,0.973,0.355,-0.164,-0.063,0.060,0.020,1.118,1.439,2,NULL,NULL,,3,1,2,7,255,1108,250,0,0
stim,117711,147832,1,147832,3345154.455,-0.780,0.077,0.048,-0.619,2571,297,1677,2829,2477,2469,1277,2687,55,1.285,1,2177,1,38.133,0.398,-16.438,-15.563,-30.688,-0.156,0.074,1.012,0.359,-0.172,-0.063,0.064,0.022,1.118,1.439,2,NULL,NULL,,3,1,2,7,255,1108,250,0,0
stim,117711,147832,1,147832,3345159.454,-0.779,0.076,0.049,-0.621,2510,315,1815,2808,2521,2471,1389,2707,55,1.285,1,2177,1,55.023,0.398,-27.375,-13.813,-45.688,-0.230,0.066,1.059,0.359,-0.172,0.246,0.066,0.026,1.118,1.439,2,NULL,NULL,,3,1,2,7,255,1108,250,0,0
stim,117733,147854,1,147854,3345164.455,-0.778,0.074,0.049,-0.622,2461,331,1927,2793,2565,2473,1503,2718,55,1.285,1,2177,1,66.977,0.163,-34.938,-15.938,-54.875,-0.191,0.020,1.020,0.148,0.066,0.340,0.068,0.030,1.118,1.439,2,NULL,NULL,,3,1,2,7,255,1108,250,0,0
stim,117733,147854,1,147854,3345169.453,-0.776,0.072,0.050,-0.625,2415,358,2045,2773,2597,2474,1603,2734,55,1.285,1,2177,1,76.044,0.177,-37.875,-14.000,-64.438,-0.145,-0.098,0.973,-0.164,0.066,0.340,0.068,0.034,1.118,1.439,2,NULL,NULL,,3,1,2,7,255,1108,250,0,0
stim,117733,147854,1,147854,3345174.455,-0.775,0.070,0.051,-0.626,2356,377,2156,2745,2623,2477,1709,2746,55,1.285,1,2177,1,73.200,1.271,-44.000,-17.125,-55.938,-0.059,-0.137,1.008,-1.156,-0.527,0.023,0.070,0.036,1.118,1.439,2,NULL,NULL,,3,1,2,7,255,1108,250,0,0
stim,117733,147854,1,147854,3345179.453,-0.774,0.067,0.052,-0.628,2279,397,2273,2711,2651,2477,1785,2761,55,1.285,1,2177,1,70.401,1.370,-51.688,-18.375,-44.125,-0.125,-0.102,1.035,-1.156,-0.734,0.023,0.072,0.038,1.118,1.439,2,NULL,NULL,,3,1,2,7,255,1108,250,0,0
stim,117733,147854,1,147854,3345184.455,-0.773,0.065,0.053,-0.629,2196,416,2359,2679,2683,2478,1913,2776,55,1.285,1,2177,0,77.661,1.269,-57.625,-17.938,-48.875,-0.176,-0.027,1.008,-1.035,-0.734,0.199,0.076,0.040,1.118,1.439,2,NULL,NULL,,3,1,2,7,255,1108,250,0,0
stim,117733,147854,1,147854,3345189.454,-0.772,0.062,0.054,-0.631,2130,435,2443,2643,2713,2479,2005,2787,55,1.285,1,2177,0,77.617,0.728,-56.938,-19.688,-48.938,-0.094,0.031,0.957,-0.387,-0.617,0.199,0.078,0.042,1.118,1.439,2,NULL,NULL,,3,1,2,7,255,1108,250,0,0
stim,117785,147906,1,147906,3345194.455,-0.770,0.060,0.054,-0.632,2035,441,2517,2599,2739,2483,2089,2761,55,1.285,1,2177,0,69.031,0.350,-44.250,-21.188,-48.563,-0.137,0.043,0.883,0.348,-0.043,-0.395,0.082,0.044,1.118,1.439,2,NULL,NULL,,3,1,2,7,255,1108,250,0,0
stim,117785,147906,1,147906,3345199.453,-0.769,0.058,0.054,-0.634,1931,447,2572,2547,2749,2483,2163,2813,55,1.285,1,2177,0,62.708,0.445,-31.750,-22.875,-49.000,-0.145,-0.043,0.992,0.348,-0.277,-0.395,0.084,0.044,1.118,1.439,2,NULL,NULL,,3,1,2,7,255,1108,250,0,0
stim,117785,147906,1,147906,3345204.457,-0.768,0.056,0.055,-0.636,1827,457,2613,2486,2777,2485,2221,2823,55,1.285,1,2177,0,72.021,0.373,-37.875,-23.063,-56.750,-0.180,-0.063,1.082,-0.367,-0.066,0.020,0.086,0.044,1.118,1.439,2,NULL,NULL,,3,1,2,7,255,1108,250,0,0
stim,117785,147906,1,147906,3345209.454,-0.767,0.053,0.055,-0.638,1700,459,2667,2425,2799,2485,2295,2838,55,1.285,1,2177,0,75.152,0.548,-46.563,-25.250,-53.313,-0.023,-0.086,1.047,-0.473,-0.277,0.371,0.086,0.046,1.118,1.439,2,NULL,NULL,,3,1,2,7,255,1108,250,0,0
stim,117785,147906,1,147906,3345214.455,-0.766,0.051,0.056,-0.639,1563,445,2711,2333,2824,2479,2359,2855,55,1.285,1,2177,0,65.284,1.443,-49.500,-25.188,-34.313,-0.020,-0.031,1.012,-0.473,-1.363,0.371,0.088,0.044,1.118,1.439,2,NULL,NULL,,3,1,2,7,255,1108,250,0,0
stim,117785,147906,1,147906,3345219.454,-0.765,0.048,0.056,-0.639,1362,427,2749,2248,2842,2475,2425,2868,55,1.285,1,2177,0,58.997,1.367,-48.500,-26.563,-20.563,-0.109,0.012,1.000,0.094,-1.363,0.027,0.088,0.044,1.118,1.439,2,NULL,NULL,,3,1,2,7,255,1108,250,0,0
stim,117785,147906,1,147906,3345224.455,-0.765,0.046,0.056,-0.640,1194,391,2787,2137,2856,2471,2473,2877,55,1.285,1,2177,0,57.625,0.375,-42.563,-27.313,-27.625,-0.195,-0.008,0.980,0.094,-0.363,0.012,0.090,0.042,1.118,1.439,2,NULL,NULL,,3,1,2,7,255,1108,250,0,0
stim,117785,147906,1,147906,3345229.454,-0.764,0.044,0.057,-0.641,1049,364,2823,2009,2875,2467,2519,2889,55,1.285,1,2177,0,59.179,0.235,-37.750,-28.813,-35.313,-0.145,-0.105,1.020,0.063,-0.227,0.027,0.090,0.042,1.118,1.439,2,NULL,NULL,,3,1,2,7,255,1108,250,0,0
stim,117785,147906,1,147906,3345234.455,-0.763,0.042,0.057,-0.642,854,340,2859,1837,2892,2459,2572,2901,55,1.285,1,2177,0,56.082,0.358,-33.375,-30.563,-33.125,-0.141,-0.066,1.000,-0.332,-0.133,0.113,0.092,0.042,1.118,1.439,2,NULL,NULL,,3,1,2,7,255,1108,250,0,0
stim,117785,147906,1,147906,3345239.453,-0.763,0.040,0.056,-0.643,647,302,2875,1628,2907,2449,2613,2907,55,1.285,1,2177,0,53.545,0.402,-29.000,-32.813,-30.813,-0.098,-0.051,1.066,-0.332,-0.227,0.309,0.094,0.044,1.118,1.439,2,NULL,NULL,,3,1,2,7,255,1108,250,0,0
stim,117807,147928,1,147928,3345244.458,-0.762,0.038,0.056,-0.644,415,263,2899,1398,2923,2432,2647,2915,55,1.285,1,2177,0,53.492,0.145,-29.000,-33.750,-29.688,-0.145,0.008,1.039,-0.059,-0.133,0.441,0.094,0.046,1.118,1.439,2,NULL,NULL,,3,1,2,7,255,1108,250,0,0
stim,117807,147928,1,147928,3345249.454,-0.761,0.036,0.055,-0.645,271,181,2919,1126,2936,2421,2681,2922,55,1.285,1,2177,0,55.488,0.263,-24.813,-36.563,-33.563,-0.152,-0.012,1.039,0.258,0.051,0.461,0.094,0.048,1.118,1.439,2,NULL,NULL,,3,1,2,7,255,1108,250,0,0
stim,117807,147928,1,147928,3345254.455,-0.760,0.034,0.055,-0.647,133,147,2935,869,2953,2405,2713,2908,55,1.285,1,2177,0,56.881,0.409,-16.313,-40.063,-36.938,-0.102,-0.004,1.035,0.406,0.051,0.441,0.094,0.050,1.118,1.439,2,NULL,NULL,,3,1,2,7,255,1108,250,0,0
stim,117807,147928,1,147928,3345259.454,-0.759,0.032,0.053,-0.648,52,103,2952,632,2968,2379,2735,2937,55,1.285,1,2177,0,57.159,0.494,-11.563,-42.813,-36.063,-0.074,0.059,1.117,0.406,-0.281,0.461,0.094,0.050,1.118,1.439,2,NULL,NULL,,3,1,2,7,255,1108,250,0,0
stim,117832,147953,1,147953,3345264.456,-0.759,0.031,0.052,-0.649,11,45,2962,439,2984,2345,2763,2941,55,1.285,1,2177,0,57.869,1.251,-15.125,-45.563,-32.313,-0.027,0.066,1.121,1.137,-0.523,1.094,0.096,0.050,1.118,1.439,2,NULL,NULL,,3,1,2,7,255,1108,250,0,0
stim,117832,147953,1,147953,3345269.453,-0.758,0.029,0.051,-0.649,0,30,2970,303,2989,2309,2791,2943,55,1.285,1,2177,0,53.930,1.384,-11.375,-48.750,-20.063,-0.055,0.129,1.121,1.281,-0.523,1.094,0.100,0.048,1.118,1.439,2,NULL,NULL,,3,1,2,7,255,1108,250,0,0
stim,117832,147953,1,147953,3345274.455,-0.758,0.027,0.049,-0.650,0,1,2984,251,2999,2281,2815,2955,55,1.285,1,2177,0,57.896,1.523,-11.188,-51.250,-24.500,-0.109,0.098,1.102,1.441,-0.492,1.082,0.102,0.048,1.118,1.439,2,NULL,NULL,,3,1,2,7,255,1108,250,0,0
stim,117832,147953,1,147953,3345279.454,-0.758,0.026,0.046,-0.651,0,0,2989,237,3013,2261,2840,2959,55,1.285,1,2177,0,68.068,1.442,28.000,-61.500,-8.188,-0.336,-0.043,1.359,1.441,0.047,1.082,0.104,0.050,1.118,1.439,2,NULL,NULL,,3,1,2,7,255,1108,250,0,0
stim,117852,147973,1,147973,3345284.457,-0.758,0.027,0.042,-0.650,0,0,2999,169,3021,2222,2863,2955,55,1.285,1,2177,0,107.966,1.833,70.875,-78.000,23.438,-0.512,-0.031,1.859,-0.047,1.832,3.777,0.100,0.054,1.118,1.439,2,NULL,NULL,,3,1,2,7,255,1108,250,0,0
stim,117852,147973,1,147973,3345289.454,-0.759,0.024,0.040,-0.650,0,0,2997,126,3019,2168,2874,2971,55,1.285,1,2177,0,84.515,1.833,-24.375,-80.875,-2.813,-0.227,0.004,1.730,-0.047,1.832,7.273,0.096,0.060,1.118,1.439,2,NULL,NULL,,3,1,2,7,255,1108,250,0,0
stim,117883,148004,1,148004,3345294.455,-0.758,0.018,0.040,-0.650,0,0,3012,85,3033,2125,2903,2971,55,1.285,1,2177,0,120.591,0.701,-91.313,-76.938,-16.875,-0.090,-0.148,1.195,-0.047,0.699,7.273,0.092,0.068,1.118,1.439,3,NULL,NULL,,3,1,2,7,255,1108,250,0,0
stim,117883,148004,1,148004,3345299.453,-0.759,0.014,0.039,-0.649,0,0,3003,61,3046,2053,2910,2953,55,1.285,1,2177,0,106.900,0.607,-56.750,-87.625,23.000,-0.141,-0.078,1.023,-0.332,0.508,2.004,0.088,0.076,1.118,1.439,3,NULL,NULL,,3,1,2,7,255,1108,250,0,0
stim,117883,148004,1,148004,3345304.455,-0.760,0.011,0.036,-0.648,0,0,3005,16,3049,1946,2921,2968,55,1.285,1,2177,0,101.585,0.607,-14.250,-95.313,32.125,-0.273,0.059,1.020,-0.332,0.508,0.324,0.086,0.082,1.118,1.439,3,NULL,NULL,,3,1,2,7,255,1108,250,0,0
stim,117883,148004,1,148004,3345309.454,-0.761,0.009,0.033,-0.648,0,0,3006,3,3055,1821,2936,2968,55,1.285,1,2177,0,102.236,2.126,2.375,-101.313,13.500,-0.277,0.027,1.172,0.531,2.059,0.324,0.084,0.088,1.118,1.439,3,NULL,NULL,,3,1,2,7,255,1108,250,0,0
stim,117883,148004,0,148004,3345314.455,-0.761,0.006,0.029,-0.648,0,0,3003,0,3063,1737,2951,2966,55,1.285,1,2177,0,106.055,2.126,-0.688,-105.938,4.938,-0.254,-0.023,1.344,0.531,2.059,1.785,0.080,0.096,1.118,1.439,3,NULL,NULL,,3,0,2,7,255,1113,250,0,0
stim,117883,148004,0,148004,3345319.454,-0.762,0.002,0.026,-0.647,0,0,3000,0,3066,1624,2958,2965,55,1.285,1,2177,0,111.928,1.805,-14.813,-110.563,9.188,-0.215,-0.148,1.336,0.172,1.797,3.445,0.076,0.106,1.118,1.439,3,NULL,NULL,,3,0,2,7,255,1113,250,0,0
stim,117903,148024,0,148024,3345324.457,-0.763,-0.002,0.023,-0.646,0,0,3005,0,3067,1463,2983,2962,55,1.285,1,2177,0,119.076,1.666,-28.500,-114.563,15.563,-0.188,-0.238,1.199,-0.984,1.344,3.445,0.072,0.114,1.118,1.439,3,NULL,NULL,,3,0,2,7,255,1113,250,0,0
stim,117903,148024,0,148024,3345329.453,-0.763,-0.006,0.021,-0.646,0,0,2991,0,3087,1299,2975,2963,55,1.285,1,2177,0,123.239,2.275,-27.000,-119.250,15.438,-0.215,-0.223,1.074,-1.836,1.344,2.137,0.068,0.124,1.118,1.439,3,NULL,NULL,,3,0,2,7,255,1113,250,0,0
stim,117903,148024,0,148024,3345334.455,-0.764,-0.010,0.017,-0.645,0,0,2987,0,3095,1122,2989,2951,55,1.285,1,2177,0,125.940,2.395,-11.250,-124.813,12.500,-0.203,-0.242,1.043,-1.879,1.484,0.871,0.062,0.132,1.118,1.439,3,NULL,NULL,,3,0,2,7,255,1113,250,0,0
stim,117903,148024,0,148024,3345339.453,-0.764,-0.013,0.013,-0.645,0,0,2983,0,3089,912,3005,2939,55,1.285,1,2177,0,130.055,2.497,5.000,-129.625,9.313,-0.230,-0.230,1.063,-1.996,1.500,0.723,0.058,0.142,1.118,1.439,3,NULL,NULL,,3,0,2,7,255,1113,250,0,0
stim,117903,148024,0,148024,3345344.456,-0.765,-0.017,0.008,-0.644,0,0,2954,0,3095,697,3023,2923,55,1.285,1,2177,0,137.147,2.717,10.250,-136.688,4.563,-0.207,-0.184,1.133,-1.996,1.844,0.723,0.052,0.152,1.118,1.439,3,NULL,NULL,,3,0,2,7,255,1113,250,0,0
stim,117903,148024,0,148024,3345349.454,-0.765,-0.020,0.003,-0.644,0,0,2939,0,3102,554,3016,2917,55,1.285,1,2177,0,140.612,2.390,12.188,-140.000,-4.813,-0.211,-0.137,1.180,-1.477,1.879,1.359,0.048,0.162,1.118,1.439,3,NULL,NULL,,3,0,2,7,255,1113,250,0,0
stim,117903,148024,0,148024,3345354.455,-0.765,-0.024,-0.001,-0.644,0,0,2920,0,3091,363,3020,2889,55,1.285,1,2177,0,145.699,2.312,6.875,-145.250,-9.125,-0.156,-0.180,1.160,-1.395,1.844,1.578,0.044,0.174,1.118,1.439,3,NULL,NULL,,3,0,2,7,255,1113,250,0,0
stim,117903,148024,0,148024,3345359.454,-0.764,-0.028,-0.006,-0.644,0,0,2899,0,3099,187,3029,2859,55,1.285,1,2177,0,151.155,1.990,7.250,-150.813,-7.125,-0.105,-0.156,1.145,-1.121,1.645,1.578,0.038,0.184,1.118,1.439,3,NULL,NULL,,3,0,2,7,255,1113,250,0,0
stim,117926,148047,0,148047,3345364.457,-0.765,-0.032,-0.012,-0.644,0,0,2875,0,3092,69,3031,2843,55,1.285,1,2177,0,158.407,1.735,7.938,-158.188,2.563,-0.066,-0.105,1.168,-1.121,1.324,1.578,0.034,0.196,1.118,1.439,3,NULL,NULL,,3,0,2,7,255,1113,250,0,0
stim,117926,148047,0,148047,3345369.453,-0.765,-0.036,-0.018,-0.643,0,0,2845,0,3101,21,3043,2814,55,1.285,1,2177,0,162.096,1.453,14.438,-161.438,2.125,-0.094,0.027,1.164,-0.598,1.324,1.453,0.032,0.206,1.118,1.439,3,NULL,NULL,,3,0,2,7,255,1113,250,0,0
stim,117926,148047,0,148047,3345374.457,-0.765,-0.040,-0.024,-0.643,0,0,2799,0,3096,0,3039,2724,55,1.285,1,2177,0,169.124,1.917,18.875,-168.063,-1.250,-0.082,0.145,1.258,0.590,1.824,1.617,0.030,0.216,1.118,1.439,3,NULL,NULL,,3,0,2,7,255,1113,250,0,0
stim,117926,148047,0,148047,3345379.454,-0.765,-0.044,-0.030,-0.642,0,0,2763,0,3089,0,3048,2749,55,1.285,1,2177,0,175.337,2.760,18.250,-174.375,1.813,-0.063,0.242,1.387,1.742,2.141,2.309,0.032,0.228,1.118,1.439,3,NULL,NULL,,3,0,2,7,255,1113,250,0,0
stim,117948,148069,0,148069,3345384.456,-0.765,-0.049,-0.037,-0.642,0,0,2713,0,3083,0,3060,2697,55,1.285,1,2177,0,181.757,3.642,20.250,-180.625,0.000,-0.078,0.305,1.496,2.695,2.449,3.492,0.038,0.238,1.118,1.439,3,NULL,NULL,,3,0,2,7,255,1113,250,0,0
stim,117948,148069,0,148069,3345389.454,-0.764,-0.053,-0.043,-0.641,0,0,2648,0,3091,0,3053,2650,55,1.285,1,2177,0,185.342,4.312,16.750,-184.563,-2.813,-0.047,0.277,1.742,3.070,3.027,4.477,0.046,0.250,1.118,1.439,3,NULL,NULL,,3,0,2,7,255,1113,250,0,0
stim,117988,148109,0,148109,3345394.456,-0.765,-0.058,-0.050,-0.640,0,0,2583,0,3061,0,3051,2583,55,1.285,1,2177,0,194.142,4.482,0.938,-193.438,16.500,-0.105,0.227,1.957,3.070,3.266,6.871,0.056,0.264,1.118,1.439,3,NULL,NULL,,3,0,2,7,255,1113,250,0,0
stim,117988,148109,0,148109,3345399.453,-0.766,-0.064,-0.056,-0.638,0,0,2487,0,3061,0,3051,2515,55,1.285,1,2177,0,213.327,4.990,-16.313,-208.750,40.813,-0.285,0.250,2.164,2.484,4.328,8.855,0.070,0.278,1.118,1.439,3,NULL,NULL,,3,0,2,7,255,1113,250,0,0
stim,117988,148109,0,148109,3345404.455,-0.766,-0.072,-0.062,-0.635,0,0,2408,0,3049,21,3049,2343,55,1.285,1,2177,0,239.783,7.229,-49.188,-228.563,53.250,-0.465,0.406,2.184,2.484,6.789,10.078,0.086,0.294,1.118,1.439,3,NULL,NULL,,3,0,2,7,255,1113,250,0,0
stim,117988,148109,0,148109,3345409.454,-0.767,-0.082,-0.068,-0.633,0,0,2311,0,3029,56,3031,2285,55,1.285,1,2177,0,260.359,9.871,-69.813,-247.625,39.938,-0.559,0.570,2.145,3.590,9.195,10.078,0.108,0.318,1.118,1.439,3,NULL,NULL,,3,0,2,7,255,1113,250,0,0
stim,117988,148109,0,148109,3345414.457,-0.767,-0.092,-0.075,-0.631,0,0,2200,0,3017,76,3021,2147,55,1.285,1,2177,0,284.309,11.856,-85.875,-269.500,28.750,-0.504,0.680,2.180,4.984,10.758,9.270,0.138,0.348,1.118,1.439,3,NULL,NULL,,3,0,2,7,255,1113,250,0,0
stim,117988,148109,0,148109,3345419.454,-0.766,-0.103,-0.082,-0.629,0,0,2066,0,3001,87,2999,2017,55,1.285,1,2177,0,308.349,12.425,-96.438,-291.563,27.750,-0.430,0.660,2.176,6.184,10.777,9.176,0.172,0.384,1.118,1.439,3,NULL,NULL,,3,0,2,7,255,1113,250,0,0
stim,117988,148109,0,148109,3345424.455,-0.766,-0.116,-0.089,-0.626,0,0,1959,0,2978,102,2987,1908,55,1.285,1,2177,0,335.000,12.429,-111.750,-314.063,33.188,-0.363,0.676,2.188,6.191,10.777,9.090,0.214,0.426,1.118,1.439,3,NULL,NULL,,3,0,2,7,255,1113,250,0,0
stim,117988,148109,0,148109,3345429.453,-0.765,-0.130,-0.096,-0.623,0,0,1831,0,2936,117,2939,1819,55,1.285,1,2177,0,360.033,12.614,-130.625,-333.063,40.375,-0.379,0.695,2.199,6.555,10.777,9.023,0.262,0.474,1.118,1.439,3,NULL,NULL,,3,0,2,7,255,1113,250,0,0
stim,117988,148109,0,148109,3345434.457,-0.764,-0.144,-0.104,-0.620,0,0,1735,0,2908,117,2895,1685,55,1.285,1,2177,0,378.250,13.414,-130.063,-352.063,47.000,-0.484,0.754,2.277,6.801,11.563,8.680,0.314,0.528,1.118,1.439,3,NULL,NULL,,3,0,2,7,255,1113,250,0,0
stim,117988,148109,0,148109,3345439.453,-0.763,-0.158,-0.113,-0.616,0,0,1652,0,2856,110,2841,1595,55,1.285,1,2177,0,393.604,15.324,-119.938,-372.375,43.313,-0.656,0.781,2.578,7.258,13.496,8.680,0.370,0.584,1.118,1.439,3,NULL,NULL,,3,0,2,7,255,1113,250,0,0
stim,118017,148138,0,148138,3345444.455,-0.761,-0.173,-0.122,-0.613,0,0,1543,0,2807,97,2778,1469,55,1.285,1,2177,0,417.780,18.362,-139.500,-393.000,25.125,-0.801,0.766,2.805,7.258,16.867,10.129,0.430,0.646,1.118,1.439,3,NULL,NULL,,3,0,2,7,255,1113,250,0,0
stim,118017,148138,0,148138,3345449.454,-0.758,-0.190,-0.131,-0.610,0,0,1431,0,2733,73,2680,1317,55,1.285,1,2177,0,442.406,21.017,-167.625,-409.375,6.063,-0.695,0.738,2.844,7.207,19.742,10.938,0.496,0.712,1.118,1.439,3,NULL,NULL,,3,0,2,7,255,1113,250,0,0
stim,118017,148138,0,148138,3345454.455,-0.754,-0.206,-0.140,-0.607,0,0,1277,0,2637,61,2549,1207,55,1.285,1,2177,0,454.711,20.979,-159.750,-425.313,-18.750,-0.770,0.477,3.004,7.098,19.742,10.949,0.568,0.786,1.118,1.439,3,NULL,NULL,,3,0,2,7,255,1113,250,0,0
stim,118017,148138,0,148138,3345459.454,-0.749,-0.223,-0.150,-0.605,0,0,1099,0,2513,43,2411,1039,55,1.285,1,2177,0,470.564,22.474,-172.500,-436.375,-35.375,-0.672,0.613,3.098,6.570,21.492,11.559,0.648,0.870,1.118,1.439,3,NULL,NULL,,3,0,2,7,255,1113,250,0,0
stim,118018,148139,0,148139,3345464.455,-0.744,-0.242,-0.160,-0.602,0,0,884,0,2343,3,2180,918,55,1.285,1,2177,0,492.904,22.796,-199.875,-449.813,-25.938,-0.637,0.430,3.063,5.113,22.215,11.559,0.736,0.962,1.118,1.439,3,NULL,NULL,,3,0,2,7,255,1113,250,0,0
stim,118018,148139,0,148139,3345469.453,-0.738,-0.262,-0.169,-0.599,0,0,687,0,2125,0,1886,809,55,1.285,1,2177,0,522.826,22.796,-239.250,-464.313,-22.813,-0.520,0.082,2.668,5.113,22.215,10.906,0.834,1.062,1.118,1.439,3,NULL,NULL,,3,0,2,7,255,1113,250,0,0
stim,118038,148159,0,148159,3345474.455,-0.732,-0.282,-0.177,-0.594,0,0,474,0,1859,0,1519,663,55,1.285,1,2177,0,543.858,19.672,-249.875,-482.875,13.250,-0.289,-0.375,1.973,2.031,19.566,8.098,0.940,1.172,1.118,1.439,3,NULL,NULL,,3,0,2,7,255,1113,250,0,0
stim,118038,148159,0,148159,3345479.454,-0.726,-0.302,-0.187,-0.588,0,0,303,0,1531,0,1033,536,55,1.285,1,2177,0,533.206,14.019,-208.313,-490.063,27.438,-0.098,-0.469,1.293,-2.234,13.840,4.258,1.046,1.282,1.118,1.439,3,NULL,NULL,,3,0,2,7,255,1113,250,0,0
stim,118038,148159,0,148159,3345484.455,-0.722,-0.318,-0.199,-0.581,0,0,223,0,1178,0,415,435,55,1.285,1,2177,0,509.698,8.853,-100.625,-498.500,34.125,-0.047,-0.316,1.199,-2.234,8.566,0.109,1.144,1.386,1.118,1.439,3,NULL,NULL,,3,0,2,7,255,1113,250,0,0
stim,118038,148159,0,148159,3345489.454,-0.720,-0.331,-0.214,-0.571,0,0,115,0,861,0,83,358,55,1.285,1,2177,0,507.861,8.766,5.813,-502.563,72.938,-0.328,0.039,1.789,-1.859,8.566,-0.156,1.232,1.476,1.118,1.439,3,NULL,NULL,,3,0,2,7,255,1113,250,0,0
stim,118087,148208,0,148208,3345494.456,-0.719,-0.345,-0.229,-0.559,0,0,108,0,419,0,0,273,55,1.285,1,2177,0,531.009,14.913,15.375,-517.375,118.563,-0.703,0.133,2.469,1.219,14.863,-0.156,1.306,1.556,1.118,1.439,3,NULL,NULL,,3,0,2,7,255,1113,250,0,0
stim,118087,148208,0,148208,3345499.453,-0.717,-0.361,-0.240,-0.545,0,0,94,0,63,0,0,172,55,1.285,1,2177,0,556.396,22.837,-55.563,-523.750,179.375,-1.102,0.375,2.512,1.418,22.793,-0.156,1.376,1.628,1.118,1.439,3,NULL,NULL,,3,0,2,7,255,1113,250,0,0
stim,118087,148208,0,148208,3345504.457,-0.713,-0.381,-0.249,-0.534,0,0,31,0,0,0,0,95,55,1.285,1,2177,0,563.974,22.905,-183.625,-506.563,166.563,-1.105,1.070,1.887,2.258,22.793,-3.629,1.450,1.708,1.118,1.439,4,NULL,NULL,,3,0,2,7,255,1113,250,0,0
stim,118087,148208,0,148208,3345509.454,-0.707,-0.400,-0.256,-0.524,0,0,31,0,0,0,0,25,55,1.285,1,2177,0,543.887,23.799,-233.938,-475.688,121.688,-0.949,1.531,1.262,8.043,22.398,-10.469,1.536,1.798,1.118,1.439,0,NULL,NULL,,3,0,2,7,255,1113,250,0,0
stim,118087,148208,0,148208,3345514.455,-0.701,-0.418,-0.262,-0.515,0,0,31,0,0,0,0,14,55,1.285,1,2177,0,505.561,20.776,-227.938,-439.625,101.813,-0.820,1.766,1.098,12.168,16.840,-15.117,1.634,1.900,1.118,1.439,0,NULL,NULL,,3,0,2,7,255,1113,250,0,0
stim,118087,148208,0,148208,3345519.454,-0.694,-0.436,-0.266,-0.507,0,0,33,0,0,0,0,42,55,1.285,1,2177,0,477.614,20.132,-240.750,-397.125,111.563,-0.898,1.313,1.270,12.168,16.039,-15.648,1.742,2.008,1.118,1.439,0,NULL,NULL,,3,0,2,7,255,1113,250,0,0
stim,118087,148208,0,148208,3345524.457,-0.687,-0.454,-0.268,-0.501,0,0,33,0,0,0,0,67,55,1.285,1,2177,0,468.931,17.971,-305.750,-345.375,84.438,-0.586,0.734,1.227,10.137,14.840,-15.648,1.846,2.116,1.118,1.439,0,NULL,NULL,,3,0,2,7,255,1113,250,0,0
stim,118087,148208,0,148208,3345529.453,-0.678,-0.469,-0.268,-0.499,0,0,28,0,0,0,0,110,55,1.285,1,2177,0,398.018,14.892,-315.813,-242.063,9.313,-0.281,-0.125,0.695,5.949,13.652,-11.973,1.944,2.216,1.118,1.439,0,NULL,NULL,,3,0,2,7,255,1113,250,0,0
stim,118087,148208,0,148208,3345534.455,-0.672,-0.478,-0.268,-0.498,0,0,30,0,0,0,0,159,55,1.285,1,2177,0,266.295,7.323,-209.188,-164.750,3.313,-0.379,-0.773,0.367,-1.277,7.211,-8.871,2.036,2.310,1.118,1.439,0,NULL,NULL,,3,0,2,7,255,1113,250,0,0
stim,118087,148208,0,148208,3345539.453,-0.668,-0.485,-0.267,-0.497,0,0,31,0,0,0,0,153,55,1.285,1,2177,0,168.475,10.145,-142.500,-88.313,16.688,-0.676,-0.641,0.754,-7.137,7.211,-8.871,2.116,2.390,1.118,1.439,0,NULL,NULL,,3,0,2,7,255,1113,250,0,0
stim,118106,148227,0,148227,3345544.457,-0.664,-0.490,-0.263,-0.500,0,0,27,0,0,0,0,121,55,1.285,1,2177,0,189.701,11.033,-189.250,8.188,-10.188,-0.781,0.070,0.598,-7.137,8.414,-10.113,2.182,2.460,1.118,1.439,0,NULL,NULL,,3,0,2,7,255,1113,250,0,0
stim,118106,148227,0,148227,3345549.454,-0.660,-0.493,-0.256,-0.506,0,0,29,0,0,0,0,107,55,1.285,1,2177,0,236.384,8.502,-211.000,99.938,-37.000,-0.648,0.766,-0.258,-1.219,8.414,-14.348,2.240,2.522,1.118,1.439,0,NULL,NULL,,3,0,2,7,255,1113,250,0,0
stim,118106,148227,0,148227,3345554.456,-0.658,-0.493,-0.250,-0.511,0,0,27,0,0,0,0,91,55,1.285,1,2177,0,202.424,4.032,-113.688,165.313,-26.875,-0.598,0.965,-0.668,4.031,0.094,-19.102,2.296,2.580,1.118,1.439,0,NULL,NULL,,3,0,2,7,255,1113,250,0,0
stim,118106,148227,0,148227,3345559.454,-0.660,-0.487,-0.245,-0.516,0,0,22,0,0,0,0,76,55,1.285,1,2177,0,207.190,4.032,11.875,205.438,-24.125,-0.695,0.637,-0.117,4.031,0.094,-19.102,2.346,2.634,1.118,1.439,0,NULL,NULL,,3,0,2,7,255,1113,250,0,0
stim,118132,148253,0,148253,3345564.455,-0.662,-0.481,-0.240,-0.522,0,0,23,0,0,0,0,56,55,1.285,1,2177,0,238.716,3.459,40.438,232.750,-34.313,-0.773,0.152,0.555,3.016,1.695,-18.430,2.380,2.670,1.118,1.439,0,NULL,NULL,,3,0,2,7,255,1113,250,0,0
stim,118132,148253,0,148253,3345569.453,-0.664,-0.475,-0.233,-0.528,0,0,25,0,0,0,0,55,55,1.285,1,2177,0,251.217,8.196,-3.625,249.625,-28.000,-0.715,0.051,0.633,-0.133,8.195,-14.406,2.400,2.692,1.118,1.439,0,NULL,NULL,,3,0,2,7,255,1113,250,0,0
stim,118132,148253,0,148253,3345574.455,-0.665,-0.469,-0.226,-0.535,0,0,25,0,0,0,0,57,55,1.285,1,2177,0,260.799,8.196,-34.000,258.063,-16.250,-0.605,0.258,0.250,-0.133,8.195,-14.406,2.416,2.710,1.118,1.439,0,NULL,NULL,,3,0,2,7,255,1113,250,0,0
stim,118132,148253,0,148253,3345579.454,-0.668,-0.464,-0.218,-0.540,0,0,19,0,0,0,0,57,55,1.285,1,2177,0,258.882,5.001,-8.188,258.750,-1.125,-0.555,0.418,-0.105,0.863,4.926,-14.480,2.432,2.730,1.118,1.439,0,NULL,NULL,,3,0,2,7,255,1113,250,0,0
stim,118151,148272,0,148272,3345584.457,-0.671,-0.456,-0.211,-0.545,0,0,19,0,0,0,0,47,55,1.285,1,2177,0,259.517,2.417,39.563,256.250,10.938,-0.555,0.504,-0.141,1.684,1.734,-16.223,2.452,2.754,1.118,1.439,0,NULL,NULL,,3,0,2,7,255,1113,250,0,0
stim,118151,148272,0,148272,3345589.454,-0.675,-0.448,-0.205,-0.549,0,0,13,0,0,0,0,60,55,1.285,1,2177,0,265.041,2.950,68.938,255.500,14.625,-0.527,0.473,-0.043,2.387,1.734,-16.223,2.470,2.774,1.118,1.439,0,NULL,NULL,,3,0,2,7,255,1113,250,0,0
stim,118181,148302,0,148302,3345594.456,-0.679,-0.440,-0.200,-0.553,0,0,18,0,0,0,0,61,55,1.285,1,2177,0,269.663,3.334,82.875,255.563,23.188,-0.477,0.355,0.023,2.387,2.328,-15.828,2.488,2.794,1.118,1.439,0,NULL,NULL,,3,0,2,7,255,1113,250,0,0
stim,118181,148302,0,148302,3345599.453,-0.684,-0.431,-0.194,-0.556,0,0,16,0,0,0,0,59,55,1.285,1,2177,0,275.778,3.237,94.938,256.688,33.938,-0.445,0.309,0.059,1.738,2.730,-14.609,2.502,2.812,1.118,1.439,0,NULL,NULL,,3,0,2,7,255,1113,250,0,0
stim,118181,148302,0,148302,3345604.457,-0.689,-0.422,-0.188,-0.559,0,0,14,0,0,0,0,59,55,1.285,1,2177,0,283.244,3.395,110.125,257.875,40.000,-0.430,0.313,0.109,1.715,2.930,-13.930,2.518,2.828,1.118,1.439,0,NULL,NULL,,3,0,2,7,255,1113,250,0,0
stim,118181,148302,0,148302,3345609.454,-0.694,-0.412,-0.183,-0.562,0,0,13,0,0,0,0,59,55,1.285,1,2177,0,291.712,3.768,126.813,258.625,46.125,-0.426,0.289,0.219,1.715,3.355,-13.477,2.534,2.848,1.118,1.439,0,NULL,NULL,,3,0,2,7,255,1113,250,0,0
stim,118181,148302,0,148302,3345614.455,-0.699,-0.401,-0.177,-0.564,0,0,10,0,0,0,0,58,55,1.285,1,2177,0,299.227,4.578,137.688,261.063,49.250,-0.441,0.281,0.375,1.758,4.227,-12.641,2.552,2.868,1.118,1.439,0,NULL,NULL,,3,0,2,7,255,1113,250,0,0
stim,118181,148302,0,148302,3345619.454,-0.705,-0.391,-0.172,-0.567,0,0,9,0,0,0,0,53,55,1.285,1,2177,0,303.698,5.948,138.688,266.688,43.313,-0.418,0.301,0.531,2.023,5.594,-11.680,2.574,2.894,1.118,1.439,0,NULL,NULL,,3,0,2,7,255,1113,250,0,0
stim,118205,148326,0,148326,3345624.457,-0.710,-0.380,-0.166,-0.569,0,0,16,0,0,0,0,51,55,1.285,1,2177,0,307.886,7.130,134.500,274.438,37.250,-0.363,0.285,0.637,2.617,6.633,-10.500,2.600,2.922,1.118,1.439,0,NULL,NULL,,3,0,2,7,255,1113,250,0,0
stim,118205,148326,0,148326,3345629.453,-0.715,-0.369,-0.160,-0.572,0,0,22,0,0,0,0,51,55,1.285,1,2177,0,314.699,7.521,131.500,283.438,37.500,-0.355,0.246,0.719,2.680,7.027,-9.223,2.628,2.952,1.118,1.439,0,NULL,NULL,,3,0,2,7,255,1113,250,0,0
stim,118205,148326,0,148326,3345634.457,-0.719,-0.358,-0.154,-0.575,0,0,19,0,0,0,0,51,55,1.285,1,2177,0,323.067,7.983,129.063,294.188,34.188,-0.418,0.238,0.816,2.680,7.520,-8.285,2.662,2.988,1.118,1.439,0,NULL,NULL,,3,0,2,7,255,1113,250,0,0
stim,118205,148326,0,148326,3345639.453,-0.723,-0.346,-0.147,-0.579,0,0,20,0,0,0,0,51,55,1.285,1,2177,0,329.572,8.979,121.125,305.813,20.625,-0.461,0.266,0.945,2.680,8.570,-7.730,2.698,3.026,1.118,1.439,0,NULL,NULL,,3,0,2,7,255,1113,250,0,0
stim,118205,148326,0,148326,3345644.456,-0.727,-0.335,-0.140,-0.583,0,0,18,0,0,0,0,52,55,1.285,1,2177,0,334.681,10.152,105.313,317.625,5.938,-0.441,0.266,1.016,3.074,9.676,-6.949,2.736,3.068,1.118,1.439,0,NULL,NULL,,3,0,2,7,255,1113,250,0,0
stim,118205,148326,0,148326,3345649.454,-0.730,-0.324,-0.132,-0.588,0,0,22,0,0,0,0,54,55,1.285,1,2177,0,340.580,10.152,89.438,328.625,-1.188,-0.418,0.215,1.016,3.074,9.676,-6.031,2.780,3.112,1.118,1.439,0,NULL,NULL,,3,0,2,7,255,1113,250,0,0
stim,118205,148326,0,148326,3345654.456,-0.732,-0.312,-0.123,-0.592,0,0,23,0,0,0,0,51,55,1.285,1,2177,0,347.684,9.978,77.813,338.813,-5.938,-0.445,0.176,0.988,2.926,9.539,-5.457,2.826,3.162,1.118,1.439,0,NULL,NULL,,3,0,2,7,255,1113,250,0,0
stim,118205,148326,0,148326,3345659.454,-0.734,-0.301,-0.114,-0.597,0,0,21,0,0,0,0,53,55,1.285,1,2177,0,355.449,9.722,71.313,347.813,-16.875,-0.465,0.180,0.957,2.488,9.398,-5.453,2.876,3.214,1.118,1.439,0,NULL,NULL,,3,0,2,7,255,1113,250,0,0
stim,118232,148353,0,148353,3345664.455,-0.736,-0.289,-0.105,-0.603,0,0,17,0,0,0,0,51,55,1.285,1,2177,0,362.904,9.568,68.625,355.000,-31.063,-0.426,0.184,0.926,2.488,9.238,-5.395,2.928,3.268,1.118,1.439,0,NULL,NULL,,3,0,2,7,255,1113,250,0,0
stim,118232,148353,0,148353,3345669.453,-0.737,-0.277,-0.096,-0.609,0,0,17,0,0,0,0,53,55,1.285,1,2177,0,369.068,8.937,69.938,360.188,-39.813,-0.348,0.156,0.898,2.508,8.578,-5.207,2.978,3.322,1.118,1.439,0,NULL,NULL,,3,0,2,7,255,1113,250,0,0
stim,118232,148353,0,148353,3345674.455,-0.738,-0.265,-0.087,-0.615,0,0,19,0,0,0,0,46,55,1.285,1,2177,0,373.063,7.982,74.750,362.938,-43.188,-0.277,0.125,0.871,2.508,7.578,-4.723,3.028,3.374,1.118,1.439,0,NULL,NULL,,3,0,2,7,255,1113,250,0,0
stim,118232,148353,0,148353,3345679.454,-0.739,-0.252,-0.079,-0.620,0,0,7,0,0,0,0,63,55,1.285,1,2177,0,376.489,7.072,84.063,363.938,-47.188,-0.184,0.090,0.828,2.379,6.660,-4.289,3.074,3.424,1.118,1.439,0,NULL,NULL,,3,0,2,7,255,1113,250,0,0
stim,118233,148354,0,148354,3345684.455,-0.739,-0.239,-0.070,-0.626,0,0,9,0,0,0,0,71,55,1.285,1,2177,0,379.274,5.891,99.375,362.813,-48.375,-0.098,0.090,0.777,2.266,5.438,-3.930,3.118,3.468,1.118,1.439,0,NULL,NULL,,3,0,2,7,255,1113,250,0,0
stim,118233,148354,0,148354,3345689.454,-0.740,-0.225,-0.063,-0.631,0,0,9,0,0,0,0,76,55,1.285,1,2177,0,384.086,4.820,124.375,359.688,-51.750,-0.082,0.176,0.781,2.266,4.254,-3.840,3.156,3.510,1.118,1.439,0,NULL,NULL,,3,0,2,7,255,1113,250,0,0
stim,118288,148409,0,148409,3345694.456,-0.740,-0.210,-0.056,-0.636,0,0,7,0,0,0,0,75,55,1.285,1,2177,0,389.646,4.597,146.188,357.688,-50.125,0.031,0.051,0.879,2.293,3.984,-3.820,3.188,3.544,1.118,1.439,0,NULL,NULL,,3,0,2,7,255,1113,250,0,0
stim,118288,148409,0,148409,3345699.453,-0.742,-0.195,-0.049,-0.640,0,0,8,0,0,0,0,72,55,1.285,1,2177,0,390.350,3.779,161.063,354.625,-25.938,0.145,-0.035,0.949,2.293,3.004,-2.098,3.214,3.574,1.118,1.439,0,NULL,NULL,,3,0,2,7,255,1113,250,0,0
stim,118288,148409,0,148409,3345704.455,-0.743,-0.180,-0.043,-0.643,0,0,9,0,0,0,0,61,55,1.285,1,2177,0,393.331,2.962,173.813,352.813,4.688,0.133,0.055,0.973,2.293,1.875,-0.785,3.238,3.600,1.118,1.439,0,NULL,NULL,,3,0,2,7,255,1113,250,0,0
stim,118288,148409,0,148409,3345709.454,-0.746,-0.164,-0.037,-0.645,0,0,9,0,0,0,0,75,55,1.285,1,2177,0,401.499,3.153,196.500,349.750,16.250,-0.035,0.258,1.023,2.535,1.875,-0.785,3.258,3.622,1.118,1.439,0,NULL,NULL,,3,0,2,7,255,1113,250,0,0
stim,118288,148409,0,148409,3345714.456,-0.748,-0.146,-0.032,-0.647,0,0,11,0,0,0,0,77,55,1.285,1,2177,0,413.841,5.437,225.125,347.188,6.625,-0.090,0.266,1.223,4.180,3.477,-0.742,3.274,3.640,1.118,1.439,0,NULL,NULL,,3,0,2,7,255,1113,250,0,0
stim,118288,148409,0,148409,3345719.454,-0.749,-0.129,-0.027,-0.649,0,0,20,0,0,0,0,73,55,1.285,1,2177,0,418.728,5.615,234.813,346.688,1.938,-0.039,0.145,1.441,4.180,3.750,0.801,3.292,3.658,1.118,1.439,0,NULL,NULL,,3,0,2,7,255,1113,250,0,0
stim,118288,148409,0,148409,3345724.456,-0.751,-0.112,-0.023,-0.651,0,0,18,0,0,0,0,75,55,1.285,1,2177,0,415.184,5.092,230.500,345.125,11.688,-0.047,0.129,1.598,3.445,3.750,3.410,3.310,3.678,1.118,1.439,0,NULL,NULL,,3,0,2,7,255,1113,250,0,0
stim,118288,148409,0,148409,3345729.453,-0.752,-0.095,-0.018,-0.652,0,0,18,0,0,0,0,77,55,1.285,1,2177,0,409.078,5.092,222.938,342.438,19.500,-0.137,0.199,1.719,3.445,3.750,5.098,3.330,3.700,1.118,1.439,0,NULL,NULL,,3,0,2,7,255,1113,250,0,0
stim,118288,148409,0,148409,3345734.457,-0.754,-0.078,-0.013,-0.653,0,0,20,0,0,0,0,74,55,1.285,1,2177,0,403.346,5.763,217.625,339.125,17.938,-0.215,0.250,1.844,3.773,4.355,6.168,3.350,3.724,1.118,1.439,0,NULL,NULL,,3,0,2,7,255,1113,250,0,0
stim,118288,148409,0,148409,3345739.453,-0.754,-0.061,-0.007,-0.654,0,0,19,0,0,0,0,99,55,1.285,1,2177,0,395.803,6.144,207.688,336.813,9.125,-0.238,0.266,1.984,4.035,4.633,7.406,3.374,3.750,1.118,1.439,0,NULL,NULL,,3,0,2,7,255,1113,250,0,0
stim,118315,148436,0,148436,3345744.455,-0.755,-0.046,-0.002,-0.654,0,0,20,0,0,0,0,99,55,1.285,1,2177,0,384.421,6.144,190.188,334.063,3.188,-0.223,0.207,2.082,4.035,4.633,8.941,3.400,3.776,1.118,1.439,0,NULL,NULL,,3,0,2,7,255,1113,250,0,0
stim,118315,148436,0,148436,3345749.454,-0.755,-0.030,0.004,-0.655,0,0,19,0,0,0,0,101,55,1.285,1,2177,0,372.311,5.175,170.938,330.750,0.313,-0.211,0.160,2.148,3.395,3.906,10.145,3.424,3.804,1.118,1.439,0,NULL,NULL,,3,0,2,7,255,1113,250,0,0
stim,118315,148436,0,148436,3345754.455,-0.754,-0.016,0.011,-0.656,0,0,21,0,0,0,0,107,55,1.285,1,2177,0,359.142,4.181,150.688,326.000,-0.688,-0.207,0.102,2.109,2.773,3.129,10.727,3.450,3.830,1.118,1.439,0,NULL,NULL,,3,0,2,7,255,1113,250,0,0
stim,118315,148436,0,148436,3345759.454,-0.754,-0.002,0.017,-0.657,0,0,17,0,0,0,0,105,55,1.285,1,2177,0,349.390,3.109,138.938,320.563,-3.125,-0.195,0.078,2.008,2.020,2.363,10.727,3.474,3.856,1.118,1.439,0,NULL,NULL,,3,0,2,7,255,1113,250,0,0
stim,118315,148436,0,148436,3345764.456,-0.753,0.012,0.023,-0.657,0,0,19,0,0,0,0,101,55,1.285,1,2177,0,344.762,2.249,140.813,314.625,-6.625,-0.156,0.051,1.930,1.570,1.609,9.852,3.494,3.880,1.118,1.439,0,NULL,NULL,,3,0,2,7,255,1113,250,0,0
stim,118315,148436,0,148436,3345769.453,-0.752,0.026,0.029,-0.658,0,0,21,0,0,0,0,105,55,1.285,1,2177,0,344.457,1.331,151.875,309.000,-10.188,-0.102,-0.008,1.941,1.148,0.672,9.234,3.514,3.900,1.118,1.439,0,NULL,NULL,,3,0,2,7,255,1113,250,0,0
stim,118339,148460,0,148460,3345774.456,-0.751,0.040,0.034,-0.658,0,0,20,0,0,0,0,103,55,1.285,1,2177,0,345.009,0.691,161.813,304.500,-11.313,-0.039,-0.090,1.988,0.488,-0.488,9.234,3.528,3.918,1.118,1.439,0,NULL,NULL,,3,0,2,7,255,1113,250,0,0
stim,118339,148460,0,148460,3345779.454,-0.749,0.054,0.039,-0.659,0,0,20,0,0,0,0,105,55,1.285,1,2177,0,346.709,1.821,170.750,301.563,-10.563,0.047,-0.129,2.000,-0.414,-1.773,9.570,3.540,3.932,1.118,1.439,0,NULL,NULL,,3,0,2,7,255,1113,250,0,0
stim,118339,148460,0,148460,3345784.455,-0.748,0.068,0.044,-0.659,0,0,21,0,0,0,0,107,55,1.285,1,2177,0,352.292,3.323,184.313,300.063,-10.063,0.156,-0.148,1.992,-0.914,-3.195,9.570,3.544,3.940,1.118,1.439,0,NULL,NULL,,3,0,2,7,255,1113,250,0,0
stim,118339,148460,0,148460,3345789.453,-0.746,0.083,0.048,-0.659,0,0,21,0,0,0,0,103,55,1.285,1,2177,0,363.066,4.943,205.688,299.063,-8.438,0.297,-0.141,2.027,-1.207,-4.793,9.211,3.544,3.942,1.118,1.439,0,NULL,NULL,,3,0,2,7,255,1113,250,0,0
stim,118385,148506,0,148506,3345794.457,-0.744,0.100,0.051,-0.659,0,0,20,0,0,0,0,91,55,1.285,1,2177,0,378.614,6.855,232.188,299.000,-6.063,0.484,-0.141,2.133,-1.258,-6.738,9.211,3.536,3.938,1.118,1.439,0,NULL,NULL,,3,0,2,7,255,1113,250,0,0
stim,118385,148506,0,148506,3345799.453,-0.742,0.116,0.053,-0.658,0,0,18,0,0,0,0,101,55,1.285,1,2177,0,393.568,9.369,254.813,299.938,-1.875,0.664,-0.105,2.301,-1.277,-9.281,9.563,3.522,3.924,1.118,1.439,0,NULL,NULL,,3,0,2,7,255,1113,250,0,0
stim,118385,148506,0,148506,3345804.455,-0.739,0.134,0.055,-0.657,0,0,20,0,0,0,0,100,55,1.285,1,2177,0,403.284,11.940,268.000,301.313,4.938,0.824,-0.086,2.461,-1.383,-11.859,10.477,3.500,3.904,1.118,1.439,0,NULL,NULL,,3,0,2,7,255,1113,250,0,0
stim,118385,148506,0,148506,3345809.454,-0.737,0.151,0.057,-0.656,0,0,21,0,0,0,0,103,55,1.285,1,2177,0,409.408,14.416,275.563,302.438,14.563,0.941,-0.070,2.613,-1.402,-14.348,11.207,3.466,3.874,1.118,1.439,0,NULL,NULL,,3,0,2,7,255,1113,250,0,0
stim,118385,148506,0,148506,3345814.456,-0.735,0.169,0.059,-0.654,0,0,21,0,0,0,0,100,55,1.285,1,2177,0,412.874,16.555,278.500,304.063,21.188,1.035,-0.047,2.762,-1.684,-16.469,11.863,3.424,3.834,1.118,1.439,0,NULL,NULL,,3,0,2,7,255,1113,250,0,0
stim,118385,148506,0,148506,3345819.453,-0.732,0.186,0.061,-0.652,0,0,21,0,0,0,0,103,55,1.285,1,2177,0,410.598,18.498,273.188,305.563,24.313,1.094,-0.016,2.898,-1.957,-18.395,12.465,3.370,3.782,1.118,1.439,0,NULL,NULL,,3,0,2,7,255,1113,250,0,0
stim,118385,148506,0,148506,3345824.456,-0.730,0.203,0.063,-0.650,0,0,22,0,0,0,0,105,55,1.285,1,2177,0,400.353,20.146,259.188,304.063,25.500,1.117,0.012,3.035,-2.219,-20.023,12.977,3.304,3.718,1.118,1.439,0,NULL,NULL,,3,0,2,7,255,1113,250,0,0
stim,118385,148506,0,148506,3345829.453,-0.727,0.219,0.066,-0.647,0,0,24,0,0,0,0,121,55,1.285,1,2177,0,378.408,21.518,230.688,298.938,24.750,1.152,0.070,3.125,-2.508,-21.371,13.523,3.230,3.644,1.118,1.439,0,NULL,NULL,,3,0,2,7,255,1113,250,0,0
stim,118385,148506,0,148506,3345834.455,-0.725,0.234,0.069,-0.645,0,0,25,0,0,0,0,137,55,1.285,1,2177,0,349.182,22.771,193.938,289.750,19.000,1.301,0.188,3.145,-2.508,-22.633,13.523,3.144,3.560,1.118,1.439,0,NULL,NULL,,3,0,2,7,255,1113,250,0,0
stim,118385,148506,0,148506,3345839.454,-0.722,0.246,0.074,-0.642,0,0,21,0,0,0,0,153,55,1.285,1,2177,0,317.728,24.616,152.375,278.625,10.063,1.574,0.172,3.012,-1.504,-24.570,12.871,3.050,3.468,1.118,1.439,0,NULL,NULL,,3,0,2,7,255,1113,250,0,0
stim,118406,148527,0,148527,3345844.456,-0.720,0.257,0.079,-0.639,0,0,20,0,0,0,0,170,55,1.285,1,2177,0,287.642,26.999,113.313,263.875,16.375,1.816,-0.039,2.746,-1.504,-26.957,9.902,2.948,3.368,1.118,1.439,0,NULL,NULL,,3,0,2,7,255,1113,250,0,0
stim,118406,148527,0,148527,3345849.454,-0.719,0.267,0.084,-0.636,0,0,18,0,0,0,0,202,55,1.285,1,2177,0,262.341,28.378,82.375,247.000,32.063,1.965,-0.316,2.344,-2.391,-28.277,5.418,2.840,3.260,1.118,1.439,0,NULL,NULL,,3,0,2,7,255,1113,250,0,0
stim,118406,148527,0,148527,3345854.457,-0.718,0.276,0.089,-0.632,0,0,19,0,0,0,0,199,55,1.285,1,2177,0,242.971,28.559,72.000,228.063,42.875,2.047,-0.563,1.906,-4.004,-28.277,0.066,2.724,3.144,1.118,1.439,0,NULL,NULL,,3,0,2,7,255,1113,250,0,0
stim,118406,148527,0,148527,3345859.454,-0.718,0.284,0.093,-0.629,0,0,18,0,0,0,0,233,55,1.285,1,2177,0,229.899,27.672,87.313,207.625,46.063,2.148,-0.730,1.582,-5.258,-27.168,-5.098,2.602,3.020,1.118,1.439,0,NULL,NULL,,3,0,2,7,255,1113,250,0,0
stim,118432,148553,0,148553,3345864.455,-0.717,0.293,0.095,-0.626,0,0,17,0,0,0,0,250,55,1.285,1,2177,0,224.671,27.662,115.250,186.563,48.875,2.289,-0.836,1.434,-5.945,-27.016,-9.188,2.474,2.892,1.118,1.439,0,NULL,NULL,,3,0,2,7,255,1113,250,0,0
stim,118432,148553,0,148553,3345869.454,-0.715,0.302,0.096,-0.623,0,0,21,0,0,0,0,269,55,1.285,1,2177,0,223.140,27.740,138.875,165.813,54.875,2.449,-0.918,1.410,-6.297,-27.016,-11.852,2.344,2.762,1.118,1.439,0,NULL,NULL,,3,0,2,7,255,1113,250,0,0
stim,118432,148553,0,148553,3345874.455,-0.714,0.312,0.095,-0.619,0,0,19,0,0,0,0,275,55,1.285,1,2177,0,226.587,28.898,155.875,151.250,64.563,2.566,-0.883,1.367,-6.297,-28.203,-13.566,2.212,2.628,1.118,1.439,0,NULL,NULL,,3,0,2,7,255,1113,250,0,0
stim,118432,148553,0,148553,3345879.453,-0.713,0.320,0.094,-0.617,0,0,17,0,0,0,0,302,55,1.285,1,2177,0,217.151,29.603,166.313,127.625,56.625,2.598,-1.082,1.539,-6.629,-28.852,-14.797,2.076,2.490,1.118,1.439,0,NULL,NULL,,3,0,2,7,255,1113,250,0,0
stim,118451,148572,0,148572,3345884.455,-0.712,0.328,0.093,-0.614,0,0,15,0,1,0,0,309,55,1.285,1,2177,0,176.433,31.156,133.438,106.813,43.750,3.023,-1.527,1.723,-7.977,-30.117,-14.910,1.936,2.348,1.118,1.439,0,NULL,NULL,,3,0,2,7,255,1113,250,0,0
stim,118451,148572,0,148572,3345889.453,-0.712,0.334,0.092,-0.611,0,0,13,0,12,0,0,316,55,1.285,1,2177,0,165.596,35.988,106.000,85.938,93.813,3.148,-1.617,1.461,-11.191,-34.203,-17.465,1.790,2.200,1.118,1.439,0,NULL,NULL,,3,0,2,7,255,1113,250,0,0
stim,118482,148603,0,148603,3345894.455,-0.712,0.340,0.089,-0.608,0,0,13,0,35,0,0,333,55,1.285,1,2177,0,178.256,36.087,140.000,62.313,91.063,2.582,-1.730,1.219,-11.508,-34.203,-20.379,1.642,2.048,1.118,1.439,0,NULL,NULL,,3,0,2,7,255,1113,250,0,0
stim,118482,148603,0,148603,3345899.454,-0.710,0.347,0.084,-0.606,0,0,13,0,39,0,0,333,55,1.285,1,2177,0,209.524,31.559,202.500,34.000,41.688,2.488,-1.742,1.457,-12.781,-28.855,-20.379,1.492,1.896,1.118,1.439,0,NULL,NULL,,3,0,2,7,255,1113,250,0,0
stim,118505,148626,0,148626,3345904.456,-0.707,0.355,0.078,-0.607,0,0,17,0,40,0,0,343,55,1.285,1,2177,0,238.301,31.788,238.188,3.563,6.438,2.391,-1.449,2.098,-13.336,-28.855,-18.527,1.340,1.742,1.118,1.439,0,NULL,NULL,,3,0,2,7,255,1113,250,0,0
stim,118505,148626,0,148626,3345909.454,-0.703,0.359,0.073,-0.609,0,0,7,0,23,0,0,352,55,1.285,1,2177,0,184.099,34.257,177.938,-30.938,-35.688,2.043,-0.660,2.992,-13.336,-31.555,-12.578,1.184,1.582,1.118,1.439,0,NULL,NULL,,3,0,2,7,255,1113,250,0,0
stim,118505,148626,0,148626,3345914.455,-0.701,0.360,0.069,-0.612,0,0,6,0,21,0,0,373,55,1.285,1,2177,0,102.792,35.810,73.875,-59.938,-38.938,2.531,-0.953,3.051,-12.047,-33.723,-4.629,1.024,1.416,1.118,1.439,0,NULL,NULL,,3,0,2,7,255,1113,250,0,0
stim,118505,148626,0,148626,3345919.453,-0.703,0.357,0.066,-0.612,0,0,7,0,6,0,0,377,55,1.285,1,2177,0,96.644,35.409,-12.688,-89.500,34.188,2.027,-0.758,2.816,-10.797,-33.723,-2.676,0.862,1.246,1.118,1.439,0,NULL,NULL,,3,0,2,7,255,1113,250,0,0
stim,118505,148626,0,148626,3345924.456,-0.704,0.352,0.065,-0.613,0,0,0,6,0,0,0,523,55,1.285,1,2177,0,135.256,34.187,-72.688,-114.063,0.688,1.223,-0.441,2.531,-10.797,-32.438,-2.676,0.704,1.072,1.118,1.439,0,NULL,NULL,,3,0,2,7,255,1113,250,0,0
stim,118505,148626,0,148626,3345929.454,-0.707,0.353,0.050,-0.611,461,0,0,763,0,61,0,601,55,1.285,1,2177,0,356.364,28.091,209.188,-218.250,188.688,0.047,-0.848,4.605,-10.797,-25.934,0.957,0.562,0.900,1.118,1.439,0,NULL,NULL,,3,0,2,7,255,1113,250,0,0
stim,118505,148626,0,148626,3345934.457,-0.720,0.348,0.036,-0.600,1130,0,0,1391,0,340,0,635,55,1.285,1,2177,0,530.909,27.428,-20.313,-244.875,470.625,-0.566,1.770,6.602,-8.930,-25.934,20.730,0.450,0.734,1.118,1.439,0,NULL,NULL,,3,0,2,7,255,1113,250,0,0
stim,118505,148626,0,148626,3345939.453,-0.741,0.318,0.048,-0.589,1735,0,0,1855,0,569,0,715,55,1.285,1,2177,0,907.431,27.094,-829.000,-138.813,341.938,-1.293,3.012,2.922,-7.844,-25.934,30.449,0.384,0.576,1.118,1.439,0,NULL,NULL,,3,0,2,7,255,1113,250,0,0
stim,118505,148626,0,148626,3345944.458,-0.757,0.286,0.064,-0.584,2140,0,0,2028,0,847,0,799,54,1.285,1,2178,0,907.437,15.199,-880.688,-157.313,151.938,-1.918,2.781,-0.910,15.172,-0.910,30.449,0.376,0.430,1.118,1.439,1,1103.000,-10.000,,3,0,2,7,255,1113,250,0,0
stim,118505,148626,0,148626,3345949.454,-0.764,0.267,0.072,-0.582,2367,0,0,2170,0,1061,0,879,54,1.285,1,2178,0,502.187,29.766,-490.000,-106.188,28.563,-1.816,1.973,-2.172,16.102,25.035,-0.094,0.416,0.322,1.118,1.439,1,NULL,NULL,,3,0,2,7,255,1113,250,0,0
stim,118505,148626,0,148626,3345954.455,-0.764,0.259,0.072,-0.586,2517,0,0,2265,0,1268,0,980,54,1.285,1,2178,0,207.728,29.766,-130.375,-136.125,-87.313,-0.520,0.398,-0.609,16.102,25.035,-11.762,0.468,0.278,1.118,1.439,1,NULL,NULL,,3,0,2,7,255,1113,250,0,0
stim,118505,148626,0,148626,3345959.454,-0.764,0.256,0.068,-0.588,2634,0,0,2387,0,1459,0,1102,54,1.285,1,2178,0,115.001,10.074,7.688,-112.875,-20.625,0.559,0.711,1.117,6.238,7.910,-11.762,0.500,0.300,1.118,1.439,1,NULL,NULL,,3,0,2,7,255,1113,250,0,0
stim,118537,148658,0,148658,3345964.457,-0.768,0.252,0.064,-0.585,2803,0,0,2629,0,1587,0,1180,54,1.285,1,2178,0,192.292,9.812,-44.438,-127.875,136.563,0.535,2.070,1.586,6.238,-7.574,-0.531,0.516,0.358,1.118,1.439,1,NULL,NULL,,3,0,2,7,255,1113,250,0,0
stim,118537,148658,0,148658,3345969.453,-0.777,0.244,0.061,-0.578,2911,0,0,2776,0,1619,0,1267,54,1.285,1,2178,0,322.462,9.812,-172.563,-139.875,233.750,-1.270,0.613,1.707,6.238,-7.574,7.527,0.538,0.410,1.118,1.439,2,NULL,NULL,,3,0,2,7,255,1113,250,0,0
stim,118537,148658,0,148658,3345974.457,-0.786,0.228,0.061,-0.571,2984,0,0,2891,0,1643,0,1343,54,1.285,1,2178,0,445.772,4.832,-344.438,-186.938,212.438,-2.406,-1.258,0.832,-1.156,4.691,7.527,0.568,0.448,1.118,1.439,2,NULL,NULL,,3,0,2,7,255,1113,250,0,0
stim,118537,148658,0,148658,3345979.453,-0.788,0.214,0.063,-0.574,3037,0,0,2986,0,1653,0,1468,54,1.285,1,2178,0,324.102,22.556,-273.313,-165.813,-53.375,-1.914,-1.301,-0.406,-17.809,13.844,2.695,0.580,0.472,1.118,1.439,2,NULL,NULL,,3,0,2,7,255,1113,250,0,0
stim,118537,148658,0,148658,3345984.457,-0.786,0.207,0.059,-0.580,3066,0,0,3043,0,1659,0,1563,54,1.285,1,2178,0,238.204,22.556,-65.813,-178.375,-143.500,-0.191,-0.695,0.121,-17.809,13.844,-9.656,0.566,0.486,1.118,1.439,2,NULL,NULL,,3,0,2,7,255,1113,250,0,0
stim,118537,148658,0,148658,3345989.454,-0.783,0.204,0.054,-0.585,3092,0,0,3093,0,1687,0,1607,54,1.285,1,2178,0,200.784,7.267,44.875,-162.750,-108.688,0.805,-0.652,1.574,-7.242,-0.598,-9.656,0.528,0.494,1.118,1.439,2,NULL,NULL,,3,0,2,7,255,1113,250,0,0
stim,118557,148678,0,148678,3345994.455,-0.784,0.200,0.049,-0.586,3111,0,0,3129,0,1711,0,1611,54,1.285,1,2178,0,139.898,15.535,-19.063,-138.563,-2.938,1.211,-0.703,2.160,-5.656,-14.469,0.332,0.484,0.496,1.118,1.439,2,NULL,NULL,,3,0,2,7,255,1113,250,0,0
stim,118557,148678,0,148678,3345999.454,-0.788,0.192,0.048,-0.583,3139,0,0,3173,0,1774,0,1603,54,1.285,1,2178,0,232.431,18.139,-153.938,-133.250,112.125,0.859,-1.023,2.035,-5.656,-17.234,4.020,0.448,0.484,1.118,1.439,2,NULL,NULL,,3,0,2,7,255,1113,250,0,0
stim,118588,148709,0,148709,3346004.455,-0.795,0.181,0.049,-0.577,3133,0,0,3188,0,1850,0,1583,54,1.285,1,2178,0,324.234,19.552,-250.750,-113.125,171.625,-0.184,-1.223,1.375,-9.234,-17.234,4.020,0.428,0.448,1.118,1.439,2,NULL,NULL,,3,0,2,7,255,1113,250,0,0
stim,118588,148709,0,148709,3346009.454,-0.800,0.170,0.050,-0.573,3146,0,0,3207,0,1930,42,1644,54,1.285,1,2178,0,288.522,11.782,-237.688,-109.625,121.375,-0.734,-0.777,0.332,-9.953,-6.305,0.902,0.424,0.384,1.118,1.439,2,NULL,NULL,,3,0,2,7,255,1113,250,0,0
stim,118588,148709,0,148709,3346014.455,-0.803,0.163,0.048,-0.571,3151,0,0,3223,0,2025,58,1695,54,1.285,1,2178,0,185.166,10.428,-112.438,-125.438,76.875,-0.609,-0.172,0.223,-9.953,3.109,-6.191,0.432,0.306,1.118,1.439,2,NULL,NULL,,3,0,2,7,255,1113,250,0,0
stim,118588,148709,0,148709,3346019.453,-0.804,0.158,0.045,-0.571,3159,0,0,3227,0,2100,85,1742,54,1.285,1,2178,0,147.876,5.137,-51.000,-136.250,26.500,-0.637,0.309,1.074,-3.879,3.367,-6.191,0.436,0.246,1.118,1.439,2,NULL,NULL,,3,0,2,7,255,1113,250,0,0
stim,118588,148709,0,148709,3346024.456,-0.805,0.152,0.042,-0.572,3155,0,0,3237,0,2189,101,1787,54,1.285,1,2178,0,153.824,3.377,-78.188,-131.938,-11.875,-0.301,0.496,1.410,-0.262,3.367,2.324,0.432,0.210,1.118,1.439,2,NULL,NULL,,3,0,2,7,255,1113,250,0,0
stim,118588,148709,0,148709,3346029.454,-0.806,0.144,0.040,-0.573,3155,0,0,3241,0,2245,112,1833,54,1.285,1,2178,0,178.808,0.469,-127.438,-123.625,-21.188,-0.070,0.180,1.293,0.434,0.180,2.777,0.424,0.196,1.118,1.439,2,NULL,NULL,,3,0,2,7,255,1113,250,0,0
stim,118588,148709,0,148709,3346034.455,-0.807,0.136,0.040,-0.574,3151,0,0,3231,0,2311,160,1918,54,1.285,1,2178,0,189.607,2.353,-147.000,-118.563,-16.875,-0.059,-0.387,0.953,0.434,-2.313,2.777,0.420,0.192,1.118,1.439,2,NULL,NULL,,3,0,2,7,255,1113,250,0,0
stim,118588,148709,0,148709,3346039.453,-0.807,0.130,0.039,-0.575,3161,0,0,3243,199,2359,267,2056,54,1.285,1,2178,0,158.044,5.400,-109.688,-112.688,-15.750,0.039,-0.734,0.824,-4.418,-3.105,-1.223,0.420,0.188,1.118,1.439,2,NULL,NULL,,3,0,2,7,255,1113,250,0,0
stim,118610,148731,0,148731,3346044.457,-0.806,0.127,0.037,-0.576,3154,0,0,3239,489,2393,243,2147,54,1.285,1,2178,0,86.528,6.413,-22.688,-74.063,-38.563,0.352,-0.500,1.297,-4.418,-4.648,-1.223,0.426,0.178,1.118,1.439,2,NULL,NULL,,3,0,2,7,255,1113,250,0,0
stim,118610,148731,0,148731,3346049.454,-0.806,0.125,0.035,-0.577,3145,0,0,3227,717,2421,249,2169,54,1.285,1,2178,0,60.922,8.885,1.188,-57.313,-20.625,0.711,0.211,1.105,-4.297,-7.777,-0.430,0.438,0.166,1.118,1.439,2,NULL,NULL,,3,0,2,7,255,1113,250,0,0
stim,118610,148731,0,148731,3346054.455,-0.806,0.124,0.033,-0.578,3146,0,0,3225,913,2443,255,2247,54,1.285,1,2178,0,48.202,8.543,8.938,-46.563,-8.688,0.188,0.691,1.648,3.535,-7.777,1.152,0.456,0.150,1.118,1.439,2,NULL,NULL,,3,0,2,7,255,1113,250,0,0
stim,118610,148731,0,148731,3346059.454,-0.805,0.121,0.034,-0.579,3144,0,0,3227,1031,2459,263,2299,54,1.285,1,2178,0,83.481,4.909,-71.875,-26.875,-32.875,-0.184,0.262,1.551,3.535,-3.406,5.668,0.482,0.126,1.118,1.439,2,NULL,NULL,,3,0,2,7,255,1113,250,0,0
stim,118631,148752,0,148752,3346064.455,-0.805,0.117,0.036,-0.580,3143,0,0,3221,1163,2471,253,2316,54,1.285,1,2178,0,98.310,1.854,-89.000,-23.250,-34.688,-0.031,-0.133,0.664,0.906,-1.617,5.668,0.506,0.106,1.118,1.439,2,NULL,NULL,,3,0,2,7,255,1113,250,0,0
stim,118631,148752,0,148752,3346069.454,-0.804,0.116,0.036,-0.582,3141,5,0,3222,1257,2484,251,2376,54,1.285,1,2178,0,57.438,2.020,-31.938,-22.813,-41.938,-0.184,-0.121,0.793,-1.730,-1.043,-2.031,0.526,0.088,1.118,1.439,2,NULL,NULL,,3,0,2,7,255,1113,250,0,0
stim,118631,148752,0,148752,3346074.457,-0.803,0.115,0.035,-0.584,3143,17,0,3233,1349,2495,254,2399,54,1.285,1,2178,0,60.343,2.369,2.125,-18.375,-57.438,-0.004,0.180,1.020,-1.730,-1.617,-2.031,0.540,0.076,1.118,1.439,2,NULL,NULL,,3,0,2,7,255,1113,250,0,0
stim,118631,148752,0,148752,3346079.453,-0.802,0.114,0.035,-0.586,3135,22,0,3217,1437,2515,265,2408,54,1.285,1,2178,0,53.297,1.996,-8.938,-14.063,-50.625,0.074,0.285,1.203,1.078,-1.680,0.117,0.552,0.068,1.118,1.439,2,NULL,NULL,,3,0,2,7,255,1113,250,0,0
stim,118631,148752,0,148752,3346084.455,-0.801,0.112,0.036,-0.587,3140,35,0,3217,1525,2511,246,2449,54,1.285,1,2178,0,59.972,2.149,-44.125,-11.125,-39.063,-0.039,0.098,1.164,1.078,-1.859,1.496,0.560,0.062,1.118,1.439,2,NULL,NULL,,3,0,2,7,255,1113,250,0,0
stim,118631,148752,0,148752,3346089.454,-0.800,0.110,0.037,-0.588,3147,56,0,3223,1591,2535,235,2475,54,1.285,1,2178,0,68.292,1.870,-53.313,-8.563,-41.813,-0.113,0.051,0.961,0.195,-1.859,1.496,0.570,0.056,1.118,1.439,2,NULL,NULL,,3,0,2,7,255,1113,250,0,0
stim,118684,148805,0,148805,3346094.456,-0.799,0.108,0.038,-0.590,3135,76,0,3212,1655,2541,237,2415,54,1.285,1,2178,0,62.667,0.912,-35.750,-6.938,-51.000,-0.082,0.156,0.934,0.195,-0.891,-0.359,0.580,0.050,1.118,1.439,2,NULL,NULL,,3,0,2,7,255,1113,250,0,0
stim,118684,148805,0,148805,3346099.454,-0.798,0.107,0.038,-0.592,3149,111,0,3224,1683,2543,235,2493,54,1.285,1,2178,0,58.889,1.174,-27.000,-6.438,-51.938,-0.012,0.141,1.043,0.766,-0.891,-0.359,0.590,0.042,1.118,1.439,2,NULL,NULL,,3,0,2,7,255,1113,250,0,0
stim,118684,148805,0,148805,3346104.455,-0.797,0.105,0.039,-0.593,3133,109,0,3213,1717,2539,219,2493,54,1.285,1,2178,0,51.750,1.864,-29.438,-3.250,-42.438,0.027,0.027,1.055,0.766,-1.699,0.254,0.598,0.036,1.118,1.439,2,NULL,NULL,,3,0,2,7,255,1113,250,0,0
stim,118684,148805,0,148805,3346109.454,-0.796,0.104,0.040,-0.594,3133,118,4,3211,1746,2541,205,2501,54,1.285,1,2178,0,42.107,1.983,-32.063,-1.563,-27.250,-0.008,0.012,1.004,-0.102,-1.980,0.254,0.606,0.032,1.118,1.439,2,NULL,NULL,,3,0,2,7,255,1113,250,0,0
stim,118684,148805,0,148805,3346114.455,-0.796,0.103,0.040,-0.595,3133,139,22,3209,1767,2543,175,2501,54,1.285,1,2178,0,34.390,1.983,-27.500,-1.000,-20.625,-0.090,0.078,0.988,-0.102,-1.980,-0.117,0.614,0.026,1.118,1.439,2,NULL,NULL,,3,0,2,7,255,1113,250,0,0
stim,118684,148805,0,148805,3346119.453,-0.796,0.102,0.041,-0.596,3129,147,35,3210,1781,2547,149,2504,54,1.285,1,2178,0,32.827,1.001,-22.125,-0.063,-24.250,-0.137,0.133,1.031,0.129,-0.992,-0.117,0.622,0.022,1.118,1.439,2,NULL,NULL,,3,0,2,7,255,1113,250,0,0
stim,118684,148805,0,148805,3346124.455,-0.795,0.101,0.041,-0.597,3125,151,39,3208,1791,2543,138,2503,54,1.285,1,2178,0,35.771,0.838,-20.938,0.438,-29.000,-0.125,0.141,1.074,0.496,-0.676,0.426,0.632,0.014,1.118,1.439,2,NULL,NULL,,3,0,2,7,255,1113,250,0,0
stim,118684,148805,0,148805,3346129.454,-0.794,0.100,0.042,-0.598,3119,151,55,3197,1813,2543,133,2503,54,1.285,1,2178,0,37.764,0.918,-23.313,1.125,-29.688,-0.094,0.145,1.078,0.621,-0.676,0.816,0.640,0.010,1.118,1.439,2,NULL,NULL,,3,0,2,7,255,1113,250,0,0
stim,118684,148805,0,148805,3346134.455,-0.794,0.099,0.043,-0.599,3116,152,89,3199,1831,2541,122,2494,54,1.285,1,2178,0,35.785,1.112,-24.625,1.188,-25.938,-0.098,0.113,1.047,0.621,-0.922,0.816,0.646,0.006,1.118,1.439,2,NULL,NULL,,3,0,2,7,255,1113,250,0,0
stim,118684,148805,0,148805,3346139.453,-0.793,0.099,0.043,-0.599,3112,152,123,3191,1861,2541,111,2502,54,1.285,1,2178,0,33.697,1.045,-24.375,0.875,-23.250,-0.137,0.059,1.004,0.492,-0.922,0.504,0.652,0.002,1.118,1.439,2,NULL,NULL,,3,0,2,7,255,1113,250,0,0
stim,118715,148836,0,148836,3346144.457,-0.793,0.098,0.044,-0.600,3107,151,125,3187,1873,2539,92,2495,54,1.285,1,2178,0,31.477,0.642,-21.688,0.125,-22.813,-0.145,0.016,0.973,-0.082,-0.637,0.125,0.000,0.000,1.118,1.439,2,NULL,NULL,,3,0,2,7,255,1113,250,0,0
stim,118715,148836,0,148836,3346149.454,-0.792,0.097,0.044,-0.601,3097,147,135,3181,1882,2535,78,2495,54,1.259,1,2178,1,26.729,0.810,-17.438,-0.563,-20.250,-0.129,-0.023,0.953,-0.500,-0.637,-0.211,0.000,0.000,1.122,1.410,2,NULL,NULL,,3,0,2,7,255,1113,250,0,0
stim,118715,148836,0,148836,3346154.455,-0.792,0.096,0.045,-0.601,3090,141,151,3173,1899,2534,73,2441,54,1.259,1,2178,1,21.520,1.047,-14.313,-2.063,-15.938,-0.141,-0.031,0.953,-0.789,-0.688,-0.430,0.006,0.002,1.122,1.410,2,NULL,NULL,,3,0,2,7,255,1113,250,0,0
stim,118715,148836,0,148836,3346159.454,-0.792,0.095,0.045,-0.602,3082,139,169,3163,1908,2532,48,2503,54,1.259,1,2178,1,19.141,1.047,-11.938,-3.438,-14.563,-0.156,-0.020,0.945,-0.789,-0.688,-0.445,0.010,0.004,1.122,1.410,2,NULL,NULL,,3,0,2,7,255,1113,250,0,0
stim,118716,148837,0,148837,3346164.455,-0.791,0.095,0.045,-0.602,3067,137,189,3155,1925,2530,45,2505,54,1.259,1,2178,1,16.521,1.007,-7.938,-4.375,-13.813,-0.148,-0.023,0.938,-0.824,-0.578,-0.461,0.014,0.006,1.122,1.410,2,NULL,NULL,,3,0,2,7,255,1113,250,0,0
stim,118716,148837,0,148837,3346169.454,-0.791,0.094,0.045,-0.603,3059,134,197,3145,1939,2525,37,2489,54,1.259,1,2178,1,13.356,0.978,-5.000,-5.313,-11.188,-0.137,-0.023,0.953,-0.789,-0.578,-0.461,0.018,0.010,1.122,1.410,2,NULL,NULL,,3,0,2,7,255,1113,250,0,0
stim,118737,148858,1,148858,3346174.455,-0.791,0.094,0.045,-0.603,3049,133,217,3131,1951,2525,36,2511,54,1.259,1,2178,1,11.494,0.969,-3.000,-6.313,-9.125,-0.152,-0.016,0.949,-0.777,-0.578,-0.422,0.020,0.012,1.122,1.410,2,NULL,NULL,,3,1,2,7,255,1113,250,0,0
stim,118737,148858,1,148858,3346179.453,-0.790,0.094,0.045,-0.604,3035,121,245,3117,1963,2523,12,2515,54,1.259,1,2178,1,13.949,0.914,1.563,-6.938,-12.000,-0.164,0.004,0.941,-0.746,-0.527,-0.422,0.024,0.016,1.122,1.410,2,NULL,NULL,,3,1,2,7,255,1113,250,0,0
stim,118737,148858,1,148858,3346184.457,-0.790,0.094,0.045,-0.604,3023,117,259,3103,1977,2521,10,2484,54,1.259,1,2178,1,16.367,0.803,5.750,-7.250,-13.500,-0.129,0.035,0.969,-0.605,-0.527,-0.422,0.028,0.018,1.122,1.410,2,NULL,NULL,,3,1,2,7,255,1113,250,0,0
stim,118737,148858,1,148858,3346189.453,-0.790,0.093,0.044,-0.604,3007,103,281,3092,1991,2519,5,2519,54,1.259,1,2178,1,12.563,0.666,3.375,-9.188,-7.875,-0.133,0.031,0.992,-0.270,-0.609,-0.234,0.032,0.022,1.122,1.410,2,NULL,NULL,,3,1,2,7,255,1113,250,0,0
stim,118782,148903,1,148903,3346194.455,-0.790,0.093,0.044,-0.605,2995,91,292,3077,2007,2517,2,2523,54,1.259,1,2178,1,11.450,0.642,1.625,-9.875,-5.563,-0.172,0.051,0.969,-0.203,-0.609,-0.168,0.034,0.022,1.122,1.410,2,NULL,NULL,,3,1,2,7,255,1113,250,0,0
stim,118782,148903,1,148903,3346199.454,-0.790,0.093,0.043,-0.605,2976,87,311,3055,2022,2517,3,2511,54,1.259,1,2178,1,15.219,0.236,4.000,-11.250,-9.438,-0.195,0.082,0.949,-0.180,-0.152,-0.168,0.036,0.024,1.122,1.410,2,NULL,NULL,,3,1,2,7,255,1113,250,0,0
stim,118782,148903,1,148903,3346204.455,-0.789,0.093,0.043,-0.606,2963,84,339,3037,2036,2517,17,2536,54,1.259,1,2178,1,19.441,0.098,6.688,-12.688,-13.125,-0.168,0.082,0.953,0.059,-0.078,-0.277,0.036,0.024,1.122,1.410,2,NULL,NULL,,3,1,2,7,255,1113,250,0,0
stim,118782,148903,1,148903,3346209.454,-0.789,0.093,0.042,-0.606,2951,84,381,3027,2057,2519,21,2547,54,1.259,1,2178,1,20.248,0.125,7.688,-14.063,-12.375,-0.148,0.105,0.980,0.098,-0.078,-0.277,0.036,0.022,1.122,1.410,2,NULL,NULL,,3,1,2,7,255,1113,250,0,0
stim,118782,148903,1,148903,3346214.455,-0.789,0.093,0.041,-0.606,2927,99,421,3005,2088,2522,59,2569,54,1.259,1,2178,1,18.914,0.437,5.750,-14.688,-10.438,-0.141,0.160,0.996,0.383,-0.211,-0.043,0.036,0.020,1.122,1.410,2,NULL,NULL,,3,1,2,7,255,1113,250,0,0
stim,118782,148903,1,148903,3346219.453,-0.788,0.092,0.041,-0.607,2907,109,472,2987,2136,2525,72,2583,54,1.259,1,2178,1,18.837,0.934,4.188,-16.313,-8.438,-0.148,0.180,0.996,0.910,-0.211,0.141,0.034,0.018,1.122,1.410,2,NULL,NULL,,3,1,2,7,255,1113,250,0,0
stim,118803,148924,1,148924,3346224.457,-0.788,0.092,0.040,-0.607,2891,121,565,2969,2187,2527,87,2603,54,1.259,1,2178,1,19.510,1.055,3.875,-17.563,-7.563,-0.148,0.191,0.996,1.051,-0.094,0.156,0.032,0.016,1.122,1.410,2,NULL,NULL,,3,1,2,7,255,1113,250,0,0
stim,118803,148924,1,148924,3346229.454,-0.788,0.092,0.039,-0.607,2863,125,633,2955,2228,2531,120,2623,54,1.259,1,2178,1,20.274,1.160,2.875,-18.000,-8.875,-0.152,0.195,1.012,1.160,-0.016,0.168,0.032,0.014,1.122,1.410,2,NULL,NULL,,3,1,2,7,255,1113,250,0,0
stim,118803,148924,1,148924,3346234.455,-0.788,0.092,0.038,-0.608,2843,132,709,2936,2267,2535,167,2638,54,1.259,1,2178,1,21.630,1.184,1.313,-18.688,-10.813,-0.137,0.207,1.016,1.184,-0.016,0.324,0.032,0.014,1.122,1.410,2,NULL,NULL,,3,1,2,7,255,1113,250,0,0
stim,118803,148924,1,148924,3346239.454,-0.788,0.091,0.037,-0.608,2821,136,759,2915,2299,2541,215,2653,54,1.259,1,2178,1,21.625,1.336,-1.063,-18.000,-11.938,-0.117,0.207,1.012,1.332,-0.105,0.324,0.034,0.014,1.122,1.410,2,NULL,NULL,,3,1,2,7,255,1113,250,0,0
stim,118803,148924,1,148924,3346244.456,-0.787,0.091,0.037,-0.609,2790,147,828,2899,2341,2543,276,2668,54,1.259,1,2178,1,22.732,1.360,-1.188,-18.250,-13.500,-0.121,0.188,1.023,1.332,-0.273,0.348,0.036,0.016,1.122,1.410,2,NULL,NULL,,3,1,2,7,255,1113,250,0,0
stim,118803,148924,1,148924,3346249.454,-0.787,0.090,0.036,-0.609,2765,155,937,2885,2388,2549,298,2681,54,1.259,1,2178,1,23.329,1.204,-5.563,-17.250,-14.688,-0.121,0.176,1.023,1.168,-0.293,0.355,0.040,0.018,1.122,1.410,2,NULL,NULL,,3,1,2,7,255,1113,250,0,0
stim,118803,148924,1,148924,3346254.457,-0.787,0.089,0.036,-0.610,2735,182,1060,2867,2423,2551,349,2702,54,1.259,1,2178,1,27.390,1.095,-7.688,-17.563,-19.563,-0.156,0.148,1.043,1.055,-0.293,0.363,0.042,0.020,1.122,1.410,2,NULL,NULL,,3,1,2,7,255,1113,250,0,0
stim,118803,148924,1,148924,3346259.454,-0.786,0.088,0.036,-0.611,2707,199,1173,2851,2467,2567,412,2711,54,1.259,1,2178,1,39.028,0.709,-20.375,-16.563,-28.875,-0.180,0.125,1.043,0.707,-0.059,0.594,0.046,0.024,1.122,1.410,2,NULL,NULL,,3,1,2,7,255,1113,250,0,0
stim,118831,148952,1,148952,3346264.458,-0.785,0.087,0.036,-0.612,2667,226,1263,2836,2501,2571,479,2731,54,1.259,1,2178,1,41.493,0.453,-20.063,-17.750,-31.688,-0.141,0.098,0.980,0.449,-0.059,0.594,0.048,0.026,1.122,1.410,2,NULL,NULL,,3,1,2,7,255,1113,250,0,0
stim,118831,148952,1,148952,3346269.454,-0.784,0.086,0.036,-0.613,2623,237,1355,2815,2534,2571,621,2743,54,1.259,1,2178,1,47.286,0.348,-20.125,-16.750,-39.375,-0.141,0.066,0.992,0.293,-0.188,0.012,0.050,0.028,1.122,1.410,2,NULL,NULL,,3,1,2,7,255,1113,250,0,0
stim,118831,148952,1,148952,3346274.458,-0.783,0.084,0.036,-0.615,2573,247,1499,2799,2572,2579,763,2713,54,1.259,1,2178,1,46.810,0.401,-24.500,-17.938,-35.625,-0.113,0.102,1.043,0.293,-0.273,0.012,0.054,0.032,1.122,1.410,2,NULL,NULL,,3,1,2,7,255,1113,250,0,0
stim,118831,148952,1,148952,3346279.453,-0.782,0.083,0.036,-0.616,2523,247,1613,2785,2600,2581,867,2773,54,1.259,1,2178,1,52.145,0.391,-28.313,-16.188,-40.688,-0.133,0.023,1.000,0.020,-0.391,0.070,0.056,0.034,1.122,1.410,2,NULL,NULL,,3,1,2,7,255,1113,250,0,0
stim,118849,148970,1,148970,3346284.457,-0.782,0.081,0.037,-0.618,2470,249,1711,2763,2628,2580,1003,2783,54,1.259,1,2178,1,57.767,0.575,-35.250,-17.438,-42.313,-0.098,-0.008,1.016,-0.316,-0.480,0.137,0.058,0.036,1.122,1.410,2,NULL,NULL,,3,1,2,7,255,1113,250,0,0
stim,118849,148970,1,148970,3346289.453,-0.781,0.079,0.037,-0.619,2422,253,1815,2731,2659,2583,1123,2779,54,1.259,1,2178,1,56.155,0.905,-38.188,-18.563,-36.750,-0.102,-0.039,0.973,-0.512,-0.746,0.070,0.060,0.038,1.122,1.410,2,NULL,NULL,,3,1,2,7,255,1113,250,0,0
stim,118849,148970,1,148970,3346294.455,-0.780,0.077,0.038,-0.620,2375,264,1891,2703,2680,2589,1229,2809,54,1.259,1,2178,1,52.993,1.066,-34.438,-17.813,-36.125,-0.125,-0.070,0.926,-0.762,-0.746,-0.270,0.060,0.040,1.122,1.410,2,NULL,NULL,,3,1,2,7,255,1113,250,0,0
stim,118849,148970,1,148970,3346299.454,-0.779,0.075,0.038,-0.621,2313,263,1947,2677,2709,2591,1351,2827,54,1.259,1,2178,1,50.875,1.165,-29.250,-19.313,-36.875,-0.117,-0.066,0.949,-1.012,-0.578,-0.492,0.062,0.040,1.122,1.410,2,NULL,NULL,,3,1,2,7,255,1113,250,0,0
stim,118892,149013,1,149013,3346304.456,-0.778,0.073,0.038,-0.622,2231,261,2035,2643,2730,2595,1448,2792,54,1.259,1,2178,1,47.899,1.165,-25.875,-21.750,-33.938,-0.090,-0.059,0.969,-1.012,-0.578,-0.492,0.062,0.040,1.122,1.410,2,NULL,NULL,,3,1,2,7,255,1113,250,0,0
stim,118892,149013,1,149013,3346309.454,-0.778,0.072,0.038,-0.623,2165,268,2101,2599,2744,2599,1581,2851,54,1.259,1,2178,1,43.619,1.194,-26.625,-23.313,-25.500,-0.047,-0.055,0.988,-0.879,-0.809,-0.320,0.062,0.038,1.122,1.410,2,NULL,NULL,,3,1,2,7,255,1113,250,0,0
stim,118892,149013,1,149013,3346314.455,-0.777,0.070,0.038,-0.624,2087,266,2183,2541,2763,2599,1672,2861,54,1.259,1,2178,1,44.641,1.116,-31.750,-22.500,-21.875,-0.125,-0.047,1.012,-0.770,-0.809,-0.191,0.062,0.036,1.122,1.410,2,NULL,NULL,,3,1,2,7,255,1113,250,0,0
stim,118892,149013,1,149013,3346319.453,-0.777,0.068,0.038,-0.625,1981,261,2235,2488,2780,2602,1753,2873,54,1.259,1,2178,1,45.710,0.872,-32.313,-24.313,-21.313,-0.129,-0.039,0.957,-0.723,-0.488,-0.191,0.062,0.036,1.122,1.410,2,NULL,NULL,,3,1,2,7,255,1113,250,0,0
stim,118892,149013,1,149013,3346324.457,-0.777,0.066,0.038,-0.625,1891,250,2283,2424,2802,2603,1867,2888,54,1.259,1,2178,1,39.049,0.767,-22.375,-26.875,-17.375,-0.113,-0.008,0.930,-0.695,-0.324,-0.379,0.064,0.036,1.122,1.410,2,NULL,NULL,,3,1,2,7,255,1113,250,0,0
stim,118892,149013,1,149013,3346329.454,-0.776,0.065,0.037,-0.626,1764,243,2335,2323,2822,2611,1955,2899,54,1.259,1,2178,1,33.991,0.459,-11.938,-29.188,-12.688,-0.133,0.012,0.980,-0.328,-0.320,-0.379,0.064,0.036,1.122,1.410,2,NULL,NULL,,3,1,2,7,255,1113,250,0,0
stim,118892,149013,1,149013,3346334.455,-0.776,0.064,0.037,-0.626,1611,231,2381,2215,2841,2608,2020,2903,54,1.259,1,2178,1,34.662,0.227,-10.688,-31.063,-11.063,-0.156,0.020,1.066,-0.172,-0.148,-0.121,0.064,0.038,1.122,1.410,2,NULL,NULL,,3,1,2,7,255,1113,250,0,0
stim,118892,149013,1,149013,3346339.454,-0.776,0.062,0.036,-0.627,1417,221,2415,2093,2852,2607,2100,2917,54,1.259,1,2178,1,40.007,0.137,-16.813,-31.875,-17.375,-0.152,0.027,1.078,-0.137,-0.004,0.754,0.066,0.038,1.122,1.410,2,NULL,NULL,,3,1,2,7,255,1113,250,0,0
stim,118909,149030,1,149030,3346344.456,-0.775,0.061,0.036,-0.628,1214,173,2471,1914,2863,2603,2172,2925,54,1.259,1,2178,1,45.945,0.055,-23.938,-33.000,-21.188,-0.117,0.020,1.055,-0.055,-0.004,0.754,0.070,0.036,1.122,1.410,2,NULL,NULL,,3,1,2,7,255,1113,250,0,0
stim,118909,149030,1,149030,3346349.454,-0.775,0.059,0.035,-0.628,1053,170,2496,1749,2888,2602,2239,2920,54,1.259,1,2178,1,46.046,0.306,-24.438,-33.438,-20.125,-0.102,0.004,1.023,-0.055,-0.301,0.605,0.074,0.036,1.122,1.410,2,NULL,NULL,,3,1,2,7,255,1113,250,0,0
stim,118909,149030,1,149030,3346354.454,-0.774,0.057,0.035,-0.629,867,114,2527,1523,2901,2603,2299,2951,54,1.259,1,2178,1,46.040,0.413,-21.875,-33.813,-22.313,-0.098,0.000,1.008,-0.145,-0.387,0.266,0.076,0.036,1.122,1.410,2,NULL,NULL,,3,1,2,7,255,1113,250,0,0
stim,118909,149030,1,149030,3346359.455,-0.774,0.055,0.034,-0.630,662,72,2550,1301,2915,2599,2357,2958,54,1.259,1,2178,1,44.311,0.413,-16.813,-34.313,-22.438,-0.105,0.016,1.020,-0.145,-0.387,0.227,0.078,0.036,1.122,1.410,2,NULL,NULL,,3,1,2,7,255,1113,250,0,0
stim,118931,149052,1,149052,3346364.453,-0.773,0.054,0.033,-0.631,437,63,2587,1053,2925,2595,2407,2965,54,1.259,1,2178,1,46.628,0.280,-16.313,-35.375,-25.625,-0.109,0.008,1.039,-0.109,-0.258,0.227,0.080,0.036,1.122,1.410,2,NULL,NULL,,3,1,2,7,255,1113,250,0,0
stim,118931,149052,1,149052,3346369.455,-0.773,0.052,0.032,-0.632,263,1,2605,845,2939,2585,2463,2973,54,1.259,1,2178,1,45.378,0.280,-14.188,-37.250,-21.688,-0.082,-0.012,1.063,-0.109,-0.258,0.410,0.082,0.036,1.122,1.410,2,NULL,NULL,,3,1,2,7,255,1113,250,0,0
stim,118931,149052,1,149052,3346374.454,-0.772,0.050,0.032,-0.632,104,0,2629,607,2955,2579,2509,2980,54,1.259,1,2178,1,47.638,0.327,-19.563,-37.563,-21.813,-0.098,0.008,1.074,-0.109,-0.309,0.605,0.082,0.038,1.122,1.410,2,NULL,NULL,,3,1,2,7,255,1113,250,0,0
stim,118931,149052,1,149052,3346379.455,-0.772,0.049,0.031,-0.633,31,0,2651,421,2966,2566,2547,2975,54,1.259,1,2178,1,49.405,0.309,-19.563,-39.250,-22.750,-0.105,0.035,1.070,-0.023,-0.309,0.730,0.082,0.040,1.122,1.410,2,NULL,NULL,,3,1,2,7,255,1113,250,0,0
stim,118955,149076,1,149076,3346384.454,-0.771,0.047,0.030,-0.634,6,0,2667,237,2973,2541,2587,2995,54,1.259,1,2178,1,53.359,0.246,-16.938,-42.188,-27.938,-0.094,0.098,1.078,0.219,-0.113,0.746,0.084,0.042,1.122,1.410,2,NULL,NULL,,3,1,2,7,255,1113,250,0,0
stim,118955,149076,1,149076,3346389.455,-0.770,0.045,0.029,-0.635,0,0,2685,118,2987,2523,2627,2999,54,1.259,1,2178,1,64.663,0.878,-19.063,-44.313,-43.063,-0.066,0.184,1.066,0.871,-0.113,0.730,0.086,0.044,1.122,1.410,2,NULL,NULL,,3,1,2,7,255,1113,250,0,0
stim,118984,149105,1,149105,3346394.453,-0.769,0.043,0.027,-0.637,0,0,2719,77,3000,2503,2663,2983,54,1.259,1,2178,1,66.370,1.554,-12.125,-48.750,-43.375,-0.078,0.164,1.109,1.551,-0.102,0.797,0.088,0.044,1.122,1.410,2,NULL,NULL,,3,1,2,7,255,1113,250,0,0
stim,118984,149105,1,149105,3346399.455,-0.769,0.042,0.025,-0.638,0,0,2741,9,3017,2475,2685,3002,54,1.259,1,2178,1,61.087,1.552,3.750,-55.750,-24.688,-0.238,0.070,1.262,1.551,-0.059,1.086,0.090,0.046,1.122,1.410,2,NULL,NULL,,3,1,2,7,255,1113,250,0,0
stim,118984,149105,1,149105,3346404.454,-0.768,0.040,0.023,-0.639,0,0,2761,0,3021,2447,2716,3013,54,1.259,1,2178,0,69.778,1.259,0.250,-61.313,-33.313,-0.348,0.059,1.426,0.359,1.207,2.707,0.094,0.048,1.122,1.410,3,NULL,NULL,,3,1,2,7,255,1113,250,0,0
stim,118984,149105,1,149105,3346409.455,-0.767,0.038,0.021,-0.641,0,0,2776,0,3032,2419,2749,3015,54,1.259,1,2178,0,84.361,2.091,-8.250,-67.813,-49.500,-0.336,0.035,1.445,0.066,2.090,4.418,0.094,0.052,1.122,1.410,3,NULL,NULL,,3,1,2,7,255,1113,250,0,0
stim,118984,149105,1,149105,3346414.454,-0.765,0.037,0.019,-0.642,0,0,2788,0,3037,2387,2773,3016,54,1.259,1,2178,0,89.008,2.091,9.500,-77.000,-43.625,-0.262,0.109,1.586,0.066,2.090,4.594,0.094,0.058,1.122,1.410,3,NULL,NULL,,3,1,2,7,255,1113,250,0,0
stim,118984,149105,1,149105,3346419.455,-0.765,0.034,0.016,-0.643,0,0,2800,0,3044,2340,2799,3017,54,1.259,1,2178,0,88.485,1.623,3.125,-87.688,-11.438,-0.121,0.309,1.645,0.707,1.461,5.879,0.092,0.066,1.122,1.410,3,NULL,NULL,,3,1,2,7,255,1113,250,0,0
stim,118984,149105,0,149105,3346424.454,-0.765,0.030,0.014,-0.643,0,0,2813,0,3051,2283,2822,3019,54,1.259,1,2178,0,105.771,2.827,-60.313,-86.688,-5.938,-0.039,0.285,1.414,2.773,0.547,5.879,0.088,0.072,1.122,1.410,3,NULL,NULL,,3,0,2,7,255,1119,250,0,0
stim,118984,149105,0,149105,3346429.455,-0.766,0.025,0.013,-0.642,0,0,2823,0,3060,2223,2847,3017,54,1.259,1,2178,0,115.308,2.827,-68.750,-91.938,10.813,-0.137,0.145,1.176,2.773,0.547,4.051,0.084,0.078,1.122,1.410,3,NULL,NULL,,3,0,2,7,255,1119,250,0,0
stim,118984,149105,0,149105,3346434.454,-0.767,0.021,0.011,-0.642,0,0,2829,0,3063,2152,2861,3017,54,1.259,1,2178,0,109.865,1.562,-38.688,-100.063,23.688,-0.246,0.039,1.129,1.270,0.910,1.738,0.080,0.086,1.122,1.410,3,NULL,NULL,,3,0,2,7,255,1119,250,0,0
stim,118984,149105,0,149105,3346439.455,-0.767,0.018,0.008,-0.641,0,0,2827,0,3068,2075,2895,3020,54,1.259,1,2178,0,110.172,1.908,-23.563,-106.938,12.125,-0.293,-0.070,1.176,0.086,1.906,1.738,0.076,0.094,1.122,1.410,3,NULL,NULL,,3,0,2,7,255,1119,250,0,0
stim,119021,149142,0,149142,3346444.454,-0.767,0.014,0.005,-0.641,0,0,2828,0,3080,1944,2908,3008,54,1.259,1,2178,0,115.180,2.169,-22.250,-113.000,1.563,-0.254,-0.145,1.250,-1.035,1.906,1.801,0.072,0.104,1.122,1.410,3,NULL,NULL,,3,0,2,7,255,1119,250,0,0
stim,119021,149142,0,149142,3346449.455,-0.768,0.010,0.002,-0.641,0,0,2829,0,3082,1811,2907,3018,54,1.259,1,2178,0,121.006,2.492,-23.188,-118.688,4.250,-0.207,-0.172,1.277,-1.676,1.844,2.508,0.066,0.114,1.122,1.410,3,NULL,NULL,,3,0,2,7,255,1119,250,0,0
stim,119021,149142,0,149142,3346454.453,-0.768,0.006,-0.001,-0.640,0,0,2825,0,3095,1676,2925,3005,54,1.259,1,2178,0,126.635,2.431,-24.000,-124.125,7.313,-0.219,-0.152,1.258,-1.676,1.762,2.543,0.060,0.124,1.122,1.410,3,NULL,NULL,,3,0,2,7,255,1119,250,0,0
stim,119021,149142,0,149142,3346459.455,-0.768,0.001,-0.005,-0.640,0,0,2795,0,3101,1461,2933,2999,54,1.259,1,2178,0,132.248,2.429,-24.813,-129.813,4.750,-0.219,-0.105,1.195,-1.672,1.762,2.543,0.052,0.132,1.122,1.410,3,NULL,NULL,,3,0,2,7,255,1119,250,0,0
stim,119021,149142,0,149142,3346464.453,-0.768,-0.003,-0.008,-0.640,0,0,2776,0,3101,1243,2955,2990,54,1.259,1,2178,0,138.083,2.158,-23.875,-136.000,0.938,-0.172,-0.074,1.160,-1.246,1.762,1.902,0.042,0.142,1.122,1.410,3,NULL,NULL,,3,0,2,7,255,1119,250,0,0
stim,119021,149142,0,149142,3346469.455,-0.768,-0.008,-0.012,-0.640,0,0,2759,0,3103,996,2955,2920,54,1.259,1,2178,0,142.892,1.981,-16.750,-141.875,3.000,-0.164,-0.086,1.090,-0.965,1.730,1.555,0.032,0.152,1.122,1.410,3,NULL,NULL,,3,0,2,7,255,1119,250,0,0
stim,119021,149142,0,149142,3346474.454,-0.769,-0.012,-0.017,-0.639,0,0,2735,0,3100,727,2970,2983,54,1.259,1,2178,0,149.581,1.957,-3.750,-149.438,5.375,-0.148,-0.090,1.086,-0.965,1.703,0.855,0.022,0.164,1.122,1.410,3,NULL,NULL,,3,0,2,7,255,1119,250,0,0
stim,119052,149173,0,149173,3346479.455,-0.769,-0.016,-0.022,-0.639,0,0,2687,0,3113,546,2981,2963,54,1.259,1,2178,0,157.326,1.957,9.063,-156.750,9.938,-0.125,-0.078,1.133,-0.965,1.703,0.855,0.014,0.176,1.122,1.410,3,NULL,NULL,,3,0,2,7,255,1119,250,0,0
stim,119052,149173,0,149173,3346484.453,-0.769,-0.020,-0.028,-0.638,0,0,2660,0,3100,399,2981,2941,54,1.259,1,2178,0,164.416,1.917,12.625,-163.500,11.875,-0.109,-0.051,1.141,-0.887,1.699,1.227,0.014,0.188,1.122,1.410,3,NULL,NULL,,3,0,2,7,255,1119,250,0,0
stim,119052,149173,0,149173,3346489.455,-0.769,-0.024,-0.034,-0.637,0,0,2613,0,3111,187,2995,2933,54,1.259,1,2178,0,169.394,1.768,12.500,-168.625,10.188,-0.055,0.004,1.152,-0.617,1.656,1.266,0.020,0.200,1.122,1.410,3,NULL,NULL,,3,0,2,7,255,1119,250,0,0
stim,119081,149202,0,149202,3346494.453,-0.770,-0.028,-0.040,-0.637,0,0,2552,0,3111,103,2991,2905,54,1.259,1,2178,0,174.359,1.700,11.875,-173.375,14.188,-0.051,0.086,1.164,-0.043,1.699,1.391,0.028,0.210,1.122,1.410,3,NULL,NULL,,3,0,2,7,255,1119,250,0,0
stim,119081,149202,0,149202,3346499.455,-0.770,-0.032,-0.046,-0.636,0,0,2491,0,3117,35,3005,2807,54,1.259,1,2178,0,180.773,1.837,18.625,-179.313,13.375,-0.094,0.164,1.234,0.699,1.699,1.469,0.036,0.222,1.122,1.410,3,NULL,NULL,,3,0,2,7,255,1119,250,0,0
stim,119103,149224,0,149224,3346504.454,-0.770,-0.037,-0.053,-0.635,0,0,2410,0,3101,0,3005,2829,54,1.259,1,2178,0,185.628,2.846,20.000,-184.438,6.375,-0.098,0.258,1.402,1.324,2.520,2.074,0.044,0.232,1.122,1.410,3,NULL,NULL,,3,0,2,7,255,1119,250,0,0
stim,119103,149224,0,149224,3346509.455,-0.770,-0.041,-0.060,-0.634,0,0,2315,0,3103,7,3005,2797,54,1.259,1,2178,0,191.960,3.773,18.250,-191.063,3.250,-0.098,0.277,1.695,2.148,3.102,3.633,0.052,0.244,1.122,1.410,3,NULL,NULL,,3,0,2,7,255,1119,250,0,0
stim,119103,149224,0,149224,3346514.454,-0.770,-0.046,-0.067,-0.633,0,0,2212,0,3083,29,3006,2757,54,1.259,1,2178,0,203.384,4.346,24.000,-201.438,14.563,-0.246,0.145,2.066,2.148,3.777,6.461,0.064,0.256,1.122,1.410,3,NULL,NULL,,3,0,2,7,255,1119,250,0,0
stim,119103,149224,0,149224,3346519.455,-0.770,-0.052,-0.075,-0.631,0,0,2071,0,3069,67,2991,2699,54,1.259,1,2178,0,224.230,5.845,-1.375,-221.438,35.250,-0.465,0.102,2.371,0.531,5.820,9.758,0.078,0.270,1.122,1.410,3,NULL,NULL,,3,0,2,7,255,1119,250,0,0
stim,119103,149224,0,149224,3346524.454,-0.771,-0.060,-0.082,-0.629,0,0,1894,0,3063,71,2988,2629,54,1.259,1,2178,0,248.873,8.739,-35.813,-242.750,41.563,-0.656,0.281,2.453,0.531,8.723,12.203,0.094,0.288,1.122,1.410,3,NULL,NULL,,3,0,2,7,255,1119,250,0,0
stim,119103,149224,0,149224,3346529.455,-0.771,-0.070,-0.089,-0.627,0,0,1751,0,3049,91,2973,2495,54,1.259,1,2178,0,283.110,11.541,-74.188,-270.438,38.875,-0.711,0.539,2.387,0.871,11.508,12.203,0.118,0.312,1.122,1.410,3,NULL,NULL,,3,0,2,7,255,1119,250,0,0
stim,119103,149224,0,149224,3346534.454,-0.770,-0.082,-0.096,-0.625,0,0,1591,0,3035,89,2949,2463,54,1.259,1,2178,0,313.498,13.322,-101.563,-295.750,22.313,-0.664,0.633,2.289,3.285,12.910,11.273,0.146,0.340,1.122,1.410,3,NULL,NULL,,3,0,2,7,255,1119,250,0,0
stim,119103,149224,0,149224,3346539.455,-0.769,-0.095,-0.103,-0.624,0,0,1485,0,2995,102,2924,2379,54,1.259,1,2178,0,338.733,13.635,-108.813,-320.063,21.438,-0.555,0.617,2.164,4.387,12.910,10.059,0.184,0.378,1.122,1.410,3,NULL,NULL,,3,0,2,7,255,1119,250,0,0
stim,119103,149224,0,149224,3346544.454,-0.768,-0.108,-0.112,-0.621,0,0,1365,0,2979,107,2889,2281,54,1.259,1,2178,0,362.047,13.698,-103.375,-345.813,28.375,-0.590,0.492,2.277,4.387,12.977,9.363,0.230,0.422,1.122,1.410,3,NULL,NULL,,3,0,2,7,255,1119,250,0,0
stim,119103,149224,0,149224,3346549.455,-0.767,-0.121,-0.121,-0.619,0,0,1251,0,2939,120,2827,2171,54,1.259,1,2178,0,385.837,13.678,-114.938,-367.500,24.563,-0.629,0.531,2.410,3.629,13.188,9.363,0.280,0.474,1.122,1.410,3,NULL,NULL,,3,0,2,7,255,1119,250,0,0
stim,119103,149224,0,149224,3346554.453,-0.765,-0.136,-0.131,-0.617,0,0,1178,0,2885,116,2759,2067,54,1.259,1,2178,0,399.350,15.063,-107.813,-384.438,8.063,-0.652,0.480,2.500,3.289,14.699,9.992,0.334,0.528,1.122,1.410,3,NULL,NULL,,3,0,2,7,255,1119,250,0,0
stim,119103,149224,0,149224,3346559.455,-0.762,-0.150,-0.142,-0.614,0,0,1128,0,2835,115,2667,1961,54,1.259,1,2178,0,422.946,16.130,-83.063,-414.688,4.250,-0.766,0.410,2.773,3.164,15.816,10.238,0.394,0.586,1.122,1.410,3,NULL,NULL,,3,0,2,7,255,1119,250,0,0
stim,119134,149255,0,149255,3346564.453,-0.759,-0.164,-0.154,-0.611,0,0,990,0,2757,105,2547,1835,54,1.259,1,2178,0,447.075,18.765,-95.625,-436.625,9.500,-0.820,0.793,2.977,3.164,18.496,11.703,0.458,0.650,1.122,1.410,3,NULL,NULL,,3,0,2,7,255,1119,250,0,0
stim,119134,149255,0,149255,3346569.456,-0.755,-0.181,-0.166,-0.608,0,0,887,0,2664,75,2391,1719,54,1.259,1,2178,0,468.923,22.098,-123.625,-452.188,-11.500,-0.938,0.785,3.043,5.578,21.383,11.703,0.530,0.722,1.122,1.410,3,NULL,NULL,,3,0,2,7,255,1119,250,0,0
stim,119134,149255,0,149255,3346574.454,-0.750,-0.197,-0.177,-0.606,0,0,765,0,2544,64,2205,1527,54,1.259,1,2178,0,483.330,23.117,-145.438,-459.000,-42.125,-0.785,0.645,2.961,5.578,22.434,11.309,0.610,0.804,1.122,1.410,3,NULL,NULL,,3,0,2,7,255,1119,250,0,0
stim,119134,149255,0,149255,3346579.455,-0.744,-0.215,-0.189,-0.604,0,0,623,0,2405,12,1939,1384,54,1.259,1,2178,0,496.651,22.916,-149.875,-472.000,-37.625,-0.629,0.199,2.867,4.680,22.434,10.496,0.698,0.894,1.122,1.410,3,NULL,NULL,,3,0,2,7,255,1119,250,0,0
stim,119134,149255,0,149255,3346584.453,-0.738,-0.233,-0.200,-0.600,0,0,438,0,2221,0,1655,1183,54,1.259,1,2178,0,515.358,20.854,-160.563,-489.563,-11.938,-0.551,-0.148,2.582,0.867,20.836,10.082,0.792,0.992,1.122,1.410,3,NULL,NULL,,3,0,2,7,255,1119,250,0,0
stim,119134,149255,0,149255,3346589.455,-0.733,-0.252,-0.212,-0.596,0,0,303,0,1975,0,1256,998,54,1.259,1,2178,0,537.175,19.031,-169.688,-509.438,15.375,-0.387,-0.395,2.051,-2.211,18.902,7.723,0.894,1.094,1.122,1.410,3,NULL,NULL,,3,0,2,7,255,1119,250,0,0
stim,119187,149308,0,149308,3346594.453,-0.727,-0.270,-0.224,-0.590,0,0,246,0,1693,0,733,879,54,1.259,1,2178,0,534.458,15.342,-140.063,-515.188,24.688,-0.305,-0.359,1.473,-3.832,14.855,4.109,0.998,1.202,1.122,1.410,3,NULL,NULL,,3,0,2,7,255,1119,250,0,0
stim,119187,149308,0,149308,3346599.456,-0.722,-0.286,-0.238,-0.583,0,0,137,0,1326,0,269,700,54,1.259,1,2178,0,530.278,11.833,-74.063,-524.063,32.688,-0.242,-0.199,1.238,-3.832,11.195,-0.395,1.102,1.310,1.122,1.410,3,NULL,NULL,,3,0,2,7,255,1119,250,0,0
stim,119187,149308,0,149308,3346604.454,-0.719,-0.300,-0.253,-0.573,0,0,111,0,950,0,0,567,54,1.259,1,2178,0,529.817,11.420,-1.813,-524.813,72.625,-0.375,0.000,1.469,-2.254,11.195,-2.387,1.194,1.406,1.122,1.410,3,NULL,NULL,,3,0,2,7,255,1119,250,0,0
stim,119187,149308,0,149308,3346609.455,-0.717,-0.314,-0.269,-0.562,0,0,95,0,483,0,0,460,54,1.259,1,2178,0,547.489,12.918,35.500,-535.188,109.813,-0.637,0.055,1.898,-1.008,12.879,-2.387,1.274,1.488,1.122,1.410,3,NULL,NULL,,3,0,2,7,255,1119,250,0,0
stim,119187,149308,0,149308,3346614.453,-0.715,-0.329,-0.284,-0.547,0,0,27,0,77,0,0,360,54,1.259,1,2178,0,585.491,18.114,26.188,-554.375,186.500,-1.156,-0.012,1.922,-1.008,18.086,-2.516,1.340,1.560,1.122,1.410,3,NULL,NULL,,3,0,2,7,255,1119,250,0,0
stim,119187,149308,0,149308,3346619.455,-0.713,-0.345,-0.298,-0.533,0,0,26,0,0,0,0,249,54,1.259,1,2178,0,592.534,19.998,-23.938,-559.125,194.688,-1.219,0.430,1.590,-1.008,19.973,-6.840,1.406,1.628,1.122,1.410,3,NULL,NULL,,3,0,2,7,255,1119,250,0,0
stim,119187,149308,0,149308,3346624.454,-0.708,-0.361,-0.310,-0.522,0,0,20,0,0,0,0,155,54,1.259,1,2178,0,543.305,19.979,-83.813,-524.625,113.688,-0.836,0.977,1.105,0.512,19.973,-11.039,1.478,1.706,1.122,1.410,3,NULL,NULL,,3,0,2,7,255,1119,250,0,0
stim,119187,149308,0,149308,3346629.455,-0.702,-0.376,-0.321,-0.513,0,0,23,0,0,0,0,109,54,1.259,1,2178,0,488.637,16.302,-102.938,-472.625,69.250,-0.313,1.398,1.027,6.660,14.879,-11.039,1.564,1.794,1.122,1.410,4,NULL,NULL,,3,0,2,7,255,1119,250,0,0
stim,119187,149308,0,149308,3346634.454,-0.696,-0.392,-0.327,-0.504,0,0,28,0,0,0,0,141,54,1.259,1,2178,0,450.728,17.676,-156.313,-402.813,128.313,-0.293,1.523,1.094,11.977,13.000,-10.629,1.658,1.892,1.122,1.410,0,NULL,NULL,,3,0,2,7,255,1119,250,0,0
stim,119187,149308,0,149308,3346639.455,-0.691,-0.408,-0.329,-0.498,0,0,25,0,0,0,0,166,54,1.259,1,2178,0,417.511,17.177,-233.188,-315.563,142.688,-0.086,1.172,0.859,11.977,12.313,-10.230,1.758,1.994,1.122,1.410,0,NULL,NULL,,3,0,2,7,255,1119,250,0,0
stim,119214,149335,0,149335,3346644.454,-0.688,-0.419,-0.329,-0.493,0,0,27,0,0,0,0,185,54,1.259,1,2178,0,275.338,14.161,-158.250,-203.250,97.250,-0.273,0.152,0.895,10.516,9.484,-9.660,1.856,2.096,1.122,1.410,0,NULL,NULL,,3,0,2,7,255,1119,250,0,0
stim,119214,149335,0,149335,3346649.455,-0.687,-0.425,-0.330,-0.490,0,0,27,0,0,0,0,187,54,1.259,1,2178,0,166.427,9.494,-79.938,-118.313,85.500,-0.586,-0.430,1.535,0.438,9.484,-8.813,1.952,2.192,1.122,1.410,0,NULL,NULL,,3,0,2,7,255,1119,250,0,0
stim,119214,149335,0,149335,3346654.453,-0.685,-0.430,-0.326,-0.490,0,0,27,0,0,0,0,199,54,1.259,1,2178,0,154.347,16.020,-144.875,-21.813,48.563,-0.758,-0.254,1.813,-4.645,15.332,-8.293,2.040,2.282,1.122,1.410,0,NULL,NULL,,3,0,2,7,255,1119,250,0,0
stim,119214,149335,0,149335,3346659.457,-0.681,-0.437,-0.318,-0.494,0,0,21,0,0,0,0,161,54,1.259,1,2178,0,276.684,16.020,-264.313,75.938,30.438,-0.715,0.039,1.012,-4.645,15.332,-8.293,2.116,2.360,1.122,1.410,0,NULL,NULL,,3,0,2,7,255,1119,250,0,0
stim,119232,149353,0,149353,3346664.454,-0.679,-0.442,-0.306,-0.500,0,0,21,0,0,0,0,95,54,1.259,1,2178,0,315.315,11.909,-271.500,153.438,46.563,-0.688,0.617,-0.031,-1.629,11.797,-11.922,2.178,2.424,1.122,1.410,0,NULL,NULL,,3,0,2,7,255,1119,250,0,0
stim,119232,149353,0,149353,3346669.455,-0.680,-0.443,-0.296,-0.504,0,0,20,0,0,0,0,93,54,1.259,1,2178,0,261.165,4.560,-154.813,203.563,52.938,-0.848,0.883,-0.414,3.527,2.891,-17.582,2.228,2.476,1.122,1.410,0,NULL,NULL,,3,0,2,7,255,1119,250,0,0
stim,119232,149353,0,149353,3346674.454,-0.683,-0.439,-0.288,-0.508,0,0,20,0,0,0,0,85,54,1.259,1,2178,0,237.644,4.560,-40.500,231.125,37.625,-0.996,0.633,0.125,3.527,2.891,-19.457,2.272,2.524,1.122,1.410,0,NULL,NULL,,3,0,2,7,255,1119,250,0,0
stim,119232,149353,0,149353,3346679.455,-0.685,-0.435,-0.279,-0.513,0,0,20,0,0,0,0,69,54,1.259,1,2178,0,253.527,6.421,-34.125,251.000,10.500,-0.891,0.203,0.695,2.770,5.793,-19.457,2.308,2.562,1.122,1.410,0,NULL,NULL,,3,0,2,7,255,1119,250,0,0
stim,119254,149375,0,149375,3346684.453,-0.687,-0.431,-0.269,-0.519,0,0,13,0,0,0,0,81,54,1.259,1,2178,0,275.758,8.597,-87.688,261.125,12.938,-0.680,-0.039,0.637,-0.352,8.590,-14.586,2.336,2.592,1.122,1.410,0,NULL,NULL,,3,0,2,7,255,1119,250,0,0
stim,119254,149375,0,149375,3346689.457,-0.689,-0.429,-0.258,-0.524,0,0,13,0,0,0,0,59,54,1.259,1,2178,0,291.171,8.637,-114.938,263.563,45.875,-0.574,0.086,0.145,-0.898,8.590,-13.930,2.356,2.616,1.122,1.410,0,NULL,NULL,,3,0,2,7,255,1119,250,0,0
stim,119285,149406,0,149406,3346694.453,-0.691,-0.426,-0.247,-0.529,0,0,19,0,0,0,0,61,54,1.259,1,2178,0,282.202,4.111,-84.625,261.313,64.750,-0.633,0.344,-0.242,-0.898,4.012,-13.930,2.378,2.640,1.122,1.410,0,NULL,NULL,,3,0,2,7,255,1119,250,0,0
stim,119285,149406,0,149406,3346699.455,-0.695,-0.422,-0.238,-0.532,0,0,21,0,0,0,0,68,54,1.259,1,2178,0,265.523,1.700,-28.750,257.313,58.875,-0.672,0.383,-0.262,0.754,1.523,-17.094,2.406,2.670,1.122,1.410,0,NULL,NULL,,3,0,2,7,255,1119,250,0,0
stim,119285,149406,0,149406,3346704.454,-0.698,-0.416,-0.229,-0.535,0,0,18,0,0,0,0,59,54,1.259,1,2178,0,261.556,1.700,6.125,256.438,51.125,-0.566,0.285,-0.098,0.754,1.523,-17.094,2.434,2.700,1.122,1.410,0,NULL,NULL,,3,0,2,7,255,1119,250,0,0
stim,119285,149406,0,149406,3346709.455,-0.702,-0.410,-0.221,-0.539,0,0,17,0,0,0,0,59,54,1.259,1,2178,0,265.579,2.407,14.438,259.125,56.375,-0.430,0.227,-0.020,0.598,2.332,-15.543,2.458,2.728,1.122,1.410,0,NULL,NULL,,3,0,2,7,255,1119,250,0,0
stim,119285,149406,0,149406,3346714.453,-0.707,-0.404,-0.212,-0.541,0,0,20,0,0,0,0,54,54,1.259,1,2178,0,272.083,2.406,26.750,261.375,70.688,-0.418,0.223,-0.031,0.594,2.332,-13.875,2.480,2.752,1.122,1.410,0,NULL,NULL,,3,0,2,7,255,1119,250,0,0
stim,119285,149406,0,149406,3346719.455,-0.712,-0.396,-0.204,-0.543,0,0,19,0,0,0,0,49,54,1.259,1,2178,0,279.444,2.400,51.750,263.813,76.250,-0.504,0.234,0.055,0.566,2.332,-13.875,2.498,2.772,1.122,1.410,0,NULL,NULL,,3,0,2,7,255,1119,250,0,0
stim,119285,149406,0,149406,3346724.454,-0.716,-0.388,-0.196,-0.545,0,0,18,0,0,0,0,47,54,1.259,1,2178,0,284.211,3.595,71.000,267.625,64.125,-0.539,0.211,0.246,0.508,3.559,-13.781,2.516,2.792,1.122,1.410,0,NULL,NULL,,3,0,2,7,255,1119,250,0,0
stim,119285,149406,0,149406,3346729.455,-0.721,-0.380,-0.189,-0.548,0,0,20,0,0,0,0,46,54,1.259,1,2178,0,287.483,5.309,76.250,272.313,51.750,-0.480,0.148,0.410,0.508,5.285,-12.797,2.532,2.810,1.122,1.410,0,NULL,NULL,,3,0,2,7,255,1119,250,0,0
stim,119315,149436,0,149436,3346734.454,-0.726,-0.371,-0.181,-0.551,0,0,16,0,0,0,0,41,54,1.259,1,2178,0,292.269,6.197,75.875,277.625,50.875,-0.457,0.148,0.520,0.508,6.176,-11.043,2.548,2.830,1.122,1.410,0,NULL,NULL,,3,0,2,7,255,1119,250,0,0
stim,119315,149436,0,149436,3346739.455,-0.730,-0.362,-0.173,-0.553,0,0,18,0,0,0,0,48,54,1.259,1,2178,0,298.519,6.880,76.188,284.750,47.188,-0.500,0.207,0.621,0.664,6.848,-10.035,2.568,2.850,1.122,1.410,0,NULL,NULL,,3,0,2,7,255,1119,250,0,0
stim,119315,149436,0,149436,3346744.453,-0.734,-0.352,-0.165,-0.557,0,0,14,0,0,0,0,52,54,1.259,1,2178,0,305.542,7.996,76.063,294.188,32.000,-0.516,0.238,0.727,1.270,7.895,-9.684,2.588,2.874,1.122,1.410,0,NULL,NULL,,3,0,2,7,255,1119,250,0,0
stim,119315,149436,0,149436,3346749.455,-0.737,-0.343,-0.157,-0.561,0,0,17,0,0,0,0,51,54,1.259,1,2178,0,313.761,8.908,72.563,304.813,16.438,-0.473,0.215,0.809,1.711,8.742,-8.949,2.614,2.902,1.122,1.410,0,NULL,NULL,,3,0,2,7,255,1119,250,0,0
stim,119315,149436,0,149436,3346754.453,-0.740,-0.333,-0.149,-0.565,0,0,12,0,0,0,0,50,54,1.259,1,2178,0,322.738,9.086,66.813,315.625,8.750,-0.445,0.191,0.852,1.797,8.906,-7.816,2.642,2.932,1.122,1.410,0,NULL,NULL,,3,0,2,7,255,1119,250,0,0
stim,119315,149436,0,149436,3346759.455,-0.743,-0.323,-0.140,-0.569,0,0,9,0,0,0,0,53,54,1.259,1,2178,0,332.428,9.125,61.813,326.625,2.000,-0.449,0.191,0.863,1.820,8.941,-7.020,2.674,2.968,1.122,1.410,0,NULL,NULL,,3,0,2,7,255,1119,250,0,0
stim,119315,149436,0,149436,3346764.454,-0.745,-0.312,-0.131,-0.574,0,0,9,0,0,0,0,49,54,1.259,1,2178,0,342.848,9.100,58.875,337.625,-9.375,-0.434,0.207,0.859,1.867,8.906,-6.688,2.710,3.006,1.122,1.410,0,NULL,NULL,,3,0,2,7,255,1119,250,0,0
stim,119315,149436,0,149436,3346769.455,-0.747,-0.301,-0.121,-0.580,0,0,6,0,0,0,0,39,54,1.259,1,2178,0,352.797,8.975,58.563,347.313,-20.250,-0.375,0.215,0.828,2.129,8.719,-6.449,2.750,3.048,1.122,1.410,0,NULL,NULL,,3,0,2,7,255,1119,250,0,0
stim,119315,149436,0,149436,3346774.454,-0.749,-0.290,-0.112,-0.585,0,0,5,0,0,0,0,47,54,1.259,1,2178,0,361.208,8.293,61.688,355.000,-25.313,-0.297,0.199,0.781,2.391,7.941,-6.129,2.794,3.092,1.122,1.410,0,NULL,NULL,,3,0,2,7,255,1119,250,0,0
stim,119347,149468,0,149468,3346779.455,-0.751,-0.279,-0.102,-0.590,0,0,6,0,0,0,0,51,54,1.259,1,2178,0,368.476,7.318,69.688,360.813,-27.063,-0.211,0.188,0.734,2.453,6.895,-5.836,2.840,3.142,1.122,1.410,0,NULL,NULL,,3,0,2,7,255,1119,250,0,0
stim,119347,149468,0,149468,3346784.453,-0.752,-0.266,-0.093,-0.596,0,0,5,0,0,0,0,51,54,1.259,1,2178,0,375.155,6.297,80.938,365.125,-29.563,-0.063,0.148,0.680,2.496,5.781,-5.531,2.888,3.192,1.122,1.410,0,NULL,NULL,,3,0,2,7,255,1119,250,0,0
stim,119347,149468,0,149468,3346789.455,-0.754,-0.253,-0.084,-0.601,0,0,8,0,0,0,0,60,54,1.259,1,2178,0,379.095,4.781,97.875,365.563,-22.313,0.020,0.082,0.617,2.496,4.078,-5.020,2.934,3.240,1.122,1.410,0,NULL,NULL,,3,0,2,7,255,1119,250,0,0
stim,119383,149504,0,149504,3346794.454,-0.756,-0.240,-0.075,-0.605,0,0,7,0,0,0,0,61,54,1.259,1,2178,0,380.975,3.815,123.750,360.250,-6.938,0.023,0.129,0.664,2.480,2.898,-4.855,2.982,3.290,1.122,1.410,0,NULL,NULL,,3,0,2,7,255,1119,250,0,0
stim,119383,149504,0,149504,3346799.455,-0.758,-0.226,-0.068,-0.608,0,0,8,0,0,0,0,61,54,1.259,1,2178,0,382.243,3.815,145.250,353.563,2.438,0.020,0.152,0.789,2.480,2.898,-4.473,3.026,3.338,1.122,1.410,0,NULL,NULL,,3,0,2,7,255,1119,250,0,0
stim,119383,149504,0,149504,3346804.454,-0.761,-0.211,-0.060,-0.611,0,0,5,0,0,0,0,74,54,1.259,1,2178,0,381.060,4.410,159.500,345.813,13.438,-0.008,0.184,0.906,2.934,3.293,-3.375,3.070,3.382,1.122,1.410,0,NULL,NULL,,3,0,2,7,255,1119,250,0,0
stim,119383,149504,0,149504,3346809.455,-0.763,-0.196,-0.054,-0.613,0,0,7,0,0,0,0,73,54,1.259,1,2178,0,380.227,5.069,170.438,339.563,14.875,-0.027,0.297,0.961,3.340,3.813,-2.379,3.108,3.424,1.122,1.410,0,NULL,NULL,,3,0,2,7,255,1119,250,0,0
stim,119383,149504,0,149504,3346814.453,-0.766,-0.181,-0.047,-0.615,0,0,4,0,0,0,0,71,54,1.259,1,2178,0,383.462,5.069,184.750,335.063,25.375,0.098,0.137,1.027,3.340,3.813,-2.090,3.144,3.460,1.122,1.410,0,NULL,NULL,,3,0,2,7,255,1119,250,0,0
stim,119383,149504,0,149504,3346819.455,-0.769,-0.166,-0.041,-0.616,0,0,3,0,0,0,0,72,54,1.259,1,2178,0,389.480,4.479,199.188,330.688,51.625,0.063,0.074,1.176,3.242,3.090,-0.574,3.174,3.494,1.122,1.410,0,NULL,NULL,,3,0,2,7,255,1119,250,0,0
stim,119403,149524,0,149524,3346824.454,-0.772,-0.150,-0.035,-0.616,0,0,4,0,0,0,0,77,54,1.259,1,2178,0,392.212,4.479,205.688,327.250,66.563,-0.078,0.172,1.363,3.242,3.090,0.965,3.200,3.522,1.122,1.410,0,NULL,NULL,,3,0,2,7,255,1119,250,0,0
stim,119403,149524,0,149524,3346829.455,-0.776,-0.135,-0.029,-0.616,0,0,3,0,0,0,0,68,54,1.259,1,2178,0,388.063,5.861,204.188,324.500,60.000,-0.184,0.297,1.539,3.477,4.719,2.270,3.224,3.548,1.122,1.410,0,NULL,NULL,,3,0,2,7,255,1119,250,0,0
stim,119403,149524,0,149524,3346834.454,-0.778,-0.119,-0.024,-0.616,0,0,5,0,0,0,0,72,54,1.259,1,2178,0,382.172,7.122,198.313,323.063,48.563,-0.164,0.266,1.688,4.328,5.656,3.645,3.242,3.570,1.122,1.410,0,NULL,NULL,,3,0,2,7,255,1119,250,0,0
stim,119403,149524,0,149524,3346839.455,-0.780,-0.104,-0.017,-0.616,0,0,4,0,0,0,0,77,54,1.259,1,2178,0,375.241,7.122,185.000,322.750,49.125,-0.129,0.184,1.820,4.328,5.656,5.367,3.262,3.590,1.122,1.410,0,NULL,NULL,,3,0,2,7,255,1119,250,0,0
stim,119403,149524,0,149524,3346844.453,-0.782,-0.090,-0.010,-0.616,0,0,5,0,0,0,0,78,54,1.259,1,2178,0,367.172,6.177,165.938,322.875,55.063,-0.176,0.180,1.902,3.695,4.949,7.035,3.282,3.612,1.122,1.410,0,NULL,NULL,,3,0,2,7,255,1119,250,0,0
stim,119403,149524,0,149524,3346849.455,-0.784,-0.076,-0.003,-0.616,0,0,8,0,0,0,0,77,54,1.259,1,2178,0,357.389,6.071,144.375,322.625,52.875,-0.238,0.195,1.910,3.516,4.949,7.941,3.304,3.636,1.122,1.410,0,NULL,NULL,,3,0,2,7,255,1119,250,0,0
stim,119403,149524,0,149524,3346854.453,-0.785,-0.063,0.005,-0.616,0,0,5,0,0,0,0,82,54,1.259,1,2178,0,348.896,6.019,128.125,321.375,45.063,-0.250,0.156,1.852,3.426,4.949,7.941,3.326,3.660,1.122,1.410,0,NULL,NULL,,3,0,2,7,255,1119,250,0,0
stim,119403,149524,0,149524,3346859.455,-0.786,-0.050,0.012,-0.615,0,0,9,0,0,0,0,77,54,1.259,1,2178,0,343.344,5.351,121.750,318.563,39.750,-0.227,0.063,1.781,2.895,4.500,7.750,3.350,3.686,1.122,1.410,0,NULL,NULL,,3,0,2,7,255,1119,250,0,0
stim,119434,149555,0,149555,3346864.454,-0.787,-0.037,0.020,-0.615,0,0,10,0,0,0,0,79,54,1.259,1,2178,0,339.092,3.938,122.188,313.938,38.688,-0.211,-0.008,1.742,1.914,3.441,7.340,3.374,3.712,1.122,1.410,0,NULL,NULL,,3,0,2,7,255,1119,250,0,0
stim,119434,149555,0,149555,3346869.457,-0.788,-0.024,0.027,-0.615,0,0,7,0,0,0,0,81,54,1.259,1,2178,0,335.546,2.864,126.438,308.625,36.813,-0.215,-0.023,1.707,1.164,2.617,7.121,3.400,3.738,1.122,1.410,0,NULL,NULL,,3,0,2,7,255,1119,250,0,0
stim,119434,149555,0,149555,3346874.454,-0.788,-0.011,0.034,-0.614,0,0,11,0,0,0,0,68,54,1.259,1,2178,0,334.038,2.305,136.688,303.000,33.000,-0.207,-0.035,1.688,0.902,2.121,6.883,3.426,3.766,1.122,1.410,0,NULL,NULL,,3,0,2,7,255,1119,250,0,0
stim,119434,149555,0,149555,3346879.455,-0.788,0.002,0.040,-0.614,0,0,10,0,0,0,0,83,54,1.259,1,2178,0,336.137,1.680,153.000,297.938,28.500,-0.184,-0.086,1.707,0.699,1.527,6.883,3.450,3.792,1.122,1.410,0,NULL,NULL,,3,0,2,7,255,1119,250,0,0
stim,119434,149555,0,149555,3346884.454,-0.788,0.016,0.046,-0.614,0,0,8,0,0,0,0,78,54,1.259,1,2178,0,340.962,0.703,170.625,294.063,25.875,-0.164,-0.172,1.754,0.180,0.680,7.023,3.472,3.816,1.122,1.410,0,NULL,NULL,,3,0,2,7,255,1119,250,0,0
stim,119434,149555,0,149555,3346889.455,-0.788,0.030,0.051,-0.613,0,0,12,0,0,0,0,77,54,1.259,1,2178,0,347.657,0.724,188.188,291.313,24.250,-0.148,-0.219,1.801,-0.691,-0.215,7.520,3.490,3.836,1.122,1.410,0,NULL,NULL,,3,0,2,7,255,1119,250,0,0
stim,119488,149609,0,149609,3346894.454,-0.787,0.045,0.055,-0.613,0,0,8,0,0,0,0,87,54,1.259,1,2178,0,357.908,1.572,208.750,290.125,18.688,-0.109,-0.238,1.859,-1.203,-1.012,7.988,3.504,3.852,1.122,1.410,0,NULL,NULL,,3,0,2,7,255,1119,250,0,0
stim,119488,149609,0,149609,3346899.457,-0.786,0.061,0.059,-0.613,0,0,12,0,0,0,0,85,54,1.259,1,2178,0,371.384,2.515,232.500,289.375,11.500,-0.020,-0.273,1.961,-1.488,-2.027,8.434,3.514,3.866,1.122,1.410,0,NULL,NULL,,3,0,2,7,255,1119,250,0,0
stim,119488,149609,0,149609,3346904.453,-0.784,0.077,0.062,-0.613,0,0,13,0,0,0,0,95,54,1.259,1,2178,0,386.286,3.998,255.000,290.125,4.438,0.129,-0.273,2.102,-1.695,-3.621,9.203,3.520,3.872,1.122,1.410,0,NULL,NULL,,3,0,2,7,255,1119,250,0,0
stim,119488,149609,0,149609,3346909.455,-0.782,0.094,0.065,-0.613,0,0,13,0,0,0,0,101,54,1.259,1,2178,0,399.017,6.081,271.938,292.000,0.438,0.336,-0.281,2.250,-1.695,-5.840,10.105,3.518,3.874,1.122,1.410,0,NULL,NULL,,3,0,2,7,255,1119,250,0,0
stim,119488,149609,0,149609,3346914.453,-0.780,0.111,0.067,-0.613,0,0,16,0,0,0,0,101,54,1.259,1,2178,0,411.079,8.825,287.188,294.125,0.188,0.531,-0.277,2.375,-1.617,-8.676,10.879,3.510,3.868,1.122,1.410,0,NULL,NULL,,3,0,2,7,255,1119,250,0,0
stim,119488,149609,0,149609,3346919.455,-0.777,0.130,0.069,-0.612,0,0,19,0,0,0,0,100,54,1.259,1,2178,0,422.260,11.524,301.375,295.750,2.938,0.703,-0.301,2.516,-1.617,-11.410,11.305,3.494,3.854,1.122,1.410,0,NULL,NULL,,3,0,2,7,255,1119,250,0,0
stim,119488,149609,0,149609,3346924.454,-0.774,0.148,0.071,-0.611,0,0,20,0,0,0,0,105,54,1.259,1,2178,0,429.835,14.186,309.063,298.688,4.938,0.871,-0.301,2.648,-1.777,-14.074,11.746,3.468,3.832,1.122,1.410,0,NULL,NULL,,3,0,2,7,255,1119,250,0,0
stim,119488,149609,0,149609,3346929.455,-0.771,0.167,0.073,-0.610,0,0,21,0,0,0,0,109,54,1.259,1,2178,0,435.615,16.784,313.750,302.125,6.438,1.016,-0.281,2.781,-1.934,-16.672,12.043,3.434,3.798,1.122,1.410,0,NULL,NULL,,3,0,2,7,255,1119,250,0,0
stim,119488,149609,0,149609,3346934.453,-0.767,0.185,0.075,-0.609,0,0,19,0,0,0,0,114,54,1.259,1,2178,0,437.226,19.166,311.813,306.438,6.000,1.098,-0.270,2.914,-1.992,-19.063,12.219,3.390,3.756,1.122,1.410,0,NULL,NULL,,3,0,2,7,255,1119,250,0,0
stim,119488,149609,0,149609,3346939.455,-0.764,0.204,0.077,-0.608,0,0,18,0,0,0,0,125,54,1.259,1,2178,0,433.633,21.042,305.813,307.375,6.063,1.063,-0.207,3.137,-2.277,-20.918,12.531,3.336,3.704,1.122,1.410,0,NULL,NULL,,3,0,2,7,255,1119,250,0,0
stim,119509,149630,0,149630,3346944.453,-0.760,0.221,0.079,-0.606,0,0,16,0,0,0,0,133,54,1.259,1,2178,0,419.586,22.203,296.313,297.063,2.250,1.203,0.063,3.520,-2.277,-22.086,14.020,3.270,3.640,1.122,1.410,0,NULL,NULL,,3,0,2,7,255,1119,250,0,0
stim,119509,149630,0,149630,3346949.455,-0.755,0.235,0.085,-0.606,0,0,20,0,0,0,0,141,54,1.259,1,2178,0,363.458,25.216,192.125,305.375,-44.000,1.371,-0.094,3.230,-1.617,-25.164,14.020,3.196,3.566,1.122,1.410,0,NULL,NULL,,3,0,2,7,255,1119,250,0,0
stim,119509,149630,0,149630,3346954.454,-0.751,0.248,0.090,-0.605,0,0,19,0,0,0,0,163,54,1.259,1,2178,0,335.146,26.377,161.375,291.813,-33.563,1.730,-0.059,2.980,-0.578,-26.371,12.340,3.112,3.484,1.122,1.410,0,NULL,NULL,,3,0,2,7,255,1119,250,0,0
stim,119509,149630,0,149630,3346959.457,-0.748,0.260,0.096,-0.603,0,0,17,0,0,0,0,195,54,1.259,1,2178,0,312.062,28.796,138.250,278.563,-25.938,1.938,-0.184,2.781,-0.797,-28.785,8.016,3.020,3.394,1.122,1.410,0,NULL,NULL,,3,0,2,7,255,1119,250,0,0
stim,119531,149652,0,149652,3346964.453,-0.745,0.270,0.102,-0.602,0,0,17,0,0,0,0,200,54,1.259,1,2178,0,281.830,30.221,107.000,259.750,-22.563,2.078,-0.426,2.574,-0.797,-30.211,4.332,2.920,3.294,1.122,1.410,0,NULL,NULL,,3,0,2,7,255,1119,250,0,0
stim,119531,149652,0,149652,3346969.455,-0.742,0.279,0.108,-0.600,0,0,12,0,0,0,0,247,54,1.259,1,2178,0,251.406,31.073,76.000,238.375,-24.625,2.281,-0.586,2.215,-2.496,-30.973,0.625,2.812,3.186,1.122,1.410,0,NULL,NULL,,3,0,2,7,255,1119,250,0,0
stim,119531,149652,0,149652,3346974.455,-0.739,0.286,0.114,-0.599,0,0,9,0,0,0,0,273,54,1.259,1,2178,0,226.558,31.276,64.250,215.688,-26.063,2.574,-0.625,1.836,-2.496,-31.176,-4.387,2.698,3.070,1.122,1.410,0,NULL,NULL,,3,0,2,7,255,1119,250,0,0
stim,119531,149652,0,149652,3346979.455,-0.736,0.293,0.119,-0.598,0,0,0,0,0,0,0,294,54,1.259,1,2178,0,207.110,31.670,73.500,192.375,-22.000,2.914,-0.625,1.531,-2.082,-31.602,-9.633,2.576,2.948,1.122,1.410,0,NULL,NULL,,3,0,2,7,255,1119,250,0,0
stim,119556,149677,0,149677,3346984.454,-0.734,0.301,0.122,-0.597,0,0,0,0,0,0,0,349,54,1.259,1,2178,0,191.981,32.604,90.438,169.125,-8.625,3.238,-0.656,1.285,-0.809,-32.594,-14.336,2.450,2.822,1.122,1.410,0,NULL,NULL,,3,0,2,7,255,1119,250,0,0
stim,119556,149677,0,149677,3346989.458,-0.732,0.308,0.124,-0.596,0,0,0,0,0,0,0,367,54,1.259,1,2178,0,183.126,33.709,111.250,145.438,-2.563,3.430,-0.887,1.141,-0.809,-33.699,-18.582,2.322,2.694,1.122,1.410,0,NULL,NULL,,3,0,2,7,255,1119,250,0,0
stim,119585,149706,0,149706,3346994.453,-0.730,0.315,0.125,-0.594,0,0,0,0,0,0,0,375,54,1.259,1,2178,0,162.443,34.512,112.125,117.250,8.250,3.816,-1.750,0.988,-1.371,-34.484,-21.891,2.192,2.562,1.122,1.410,0,NULL,NULL,,3,0,2,7,255,1119,250,0,0
stim,119585,149706,0,149706,3346999.455,-0.729,0.322,0.123,-0.592,0,0,0,0,0,0,0,376,54,1.259,1,2178,0,177.074,36.709,141.750,87.875,59.500,3.750,-2.000,0.793,-8.148,-35.793,-28.004,2.060,2.428,1.122,1.410,0,NULL,NULL,,3,0,2,7,255,1119,250,0,0
stim,119585,149706,0,149706,3347004.454,-0.728,0.330,0.118,-0.589,0,0,1,0,0,0,0,375,54,1.259,1,2178,0,234.913,37.200,208.563,56.250,92.313,3.461,-2.027,0.879,-10.133,-35.793,-28.629,1.926,2.294,1.122,1.410,0,NULL,NULL,,3,0,2,7,255,1119,250,0,0
stim,119585,149706,0,149706,3347009.455,-0.726,0.340,0.110,-0.587,0,0,5,0,5,0,0,374,54,1.259,1,2178,0,296.874,36.798,277.375,16.250,104.563,3.059,-1.734,1.660,-10.832,-35.168,-28.629,1.788,2.152,1.122,1.410,0,NULL,NULL,,3,0,2,7,255,1119,250,0,0
stim,119585,149706,0,149706,3347014.454,-0.724,0.349,0.101,-0.586,0,0,0,0,0,0,0,381,54,1.259,1,2178,0,284.315,36.798,273.625,-20.125,74.563,2.516,-1.246,2.488,-10.832,-35.168,-20.125,1.642,2.002,1.122,1.410,0,NULL,NULL,,3,0,2,7,255,1119,250,0,0
stim,119585,149706,0,149706,3347019.455,-0.721,0.356,0.091,-0.587,0,0,0,76,0,0,0,532,54,1.259,1,2178,0,295.505,36.798,279.000,-84.688,48.063,1.207,-1.039,3.801,-10.832,-35.168,-9.750,1.490,1.846,1.122,1.410,0,NULL,NULL,,3,0,2,7,255,1119,250,0,0
stim,119585,149706,0,149706,3347024.454,-0.719,0.372,0.055,-0.585,505,0,0,840,0,60,0,559,54,1.259,1,2178,0,905.765,38.796,769.688,-351.313,323.375,2.340,0.809,9.246,-15.613,-35.516,7.441,1.334,1.686,1.122,1.410,0,NULL,NULL,,3,0,2,7,255,1119,250,0,0
stim,119585,149706,0,149706,3347029.455,-0.722,0.363,0.052,-0.587,1131,0,0,1391,0,271,0,603,54,1.259,1,2178,0,239.370,60.680,-131.250,-199.563,15.688,1.063,-0.320,8.719,-15.629,-58.633,47.246,1.178,1.526,1.122,1.410,0,NULL,NULL,,3,0,2,7,255,1119,250,0,0
stim,119585,149706,0,149706,3347034.454,-0.747,0.321,0.071,-0.578,1671,0,0,1785,0,521,0,649,54,1.259,1,2178,0,1225.011,60.680,-1173.813,-209.750,280.750,0.777,2.859,2.395,-15.629,-58.633,47.246,1.024,1.364,1.122,1.410,0,NULL,NULL,,3,0,2,7,255,1119,250,0,0
stim,119585,149706,0,149706,3347039.455,-0.771,0.280,0.087,-0.565,2085,0,0,1940,0,800,0,693,54,1.259,1,2179,0,1174.152,27.239,-1103.813,-225.375,330.813,-0.055,4.293,-1.969,22.504,-15.348,15.699,0.870,1.200,1.122,1.410,1,1080.000,-39.000,,3,0,2,7,255,1119,250,0,0
stim,119614,149735,0,149735,3347044.454,-0.785,0.260,0.091,-0.555,2324,0,0,2103,0,959,0,757,54,1.259,1,2179,0,621.191,29.954,-516.938,-169.938,299.625,-1.574,1.957,-2.906,22.504,19.770,-12.789,0.718,1.034,1.122,1.410,1,NULL,NULL,,3,0,2,7,255,1119,250,0,0
stim,119614,149735,0,149735,3347049.455,-0.791,0.253,0.085,-0.551,2484,0,0,2227,0,1172,0,836,54,1.259,1,2179,0,266.252,25.070,-97.563,-192.750,155.625,-2.301,-0.871,-0.770,15.266,19.887,-12.789,0.580,0.866,1.122,1.410,1,NULL,NULL,,3,0,2,7,255,1119,250,0,0
stim,119614,149735,0,149735,3347054.453,-0.791,0.252,0.077,-0.553,2599,0,0,2330,0,1301,0,940,54,1.259,1,2179,0,184.036,19.936,78.125,-166.250,11.250,-0.934,0.449,1.520,-1.402,19.887,-9.418,0.470,0.706,1.122,1.410,1,NULL,NULL,,3,0,2,7,255,1119,250,0,0
stim,119614,149735,0,149735,3347059.455,-0.792,0.250,0.072,-0.553,2760,0,0,2554,0,1402,0,1015,54,1.259,1,2179,0,116.597,2.224,28.688,-110.875,21.875,0.375,3.125,2.145,-1.402,1.727,8.090,0.400,0.554,1.122,1.410,2,NULL,NULL,,3,0,2,7,255,1119,250,0,0
stim,119614,149735,0,149735,3347064.453,-0.797,0.243,0.069,-0.549,2855,0,0,2702,0,1446,0,1113,54,1.259,1,2179,0,230.668,13.086,-121.375,-129.375,147.438,-0.348,1.914,2.141,13.027,-1.242,15.324,0.386,0.422,1.122,1.410,2,NULL,NULL,,3,0,2,7,255,1119,250,0,0
stim,119614,149735,0,149735,3347069.455,-0.807,0.227,0.069,-0.541,2934,0,0,2811,0,1491,0,1194,54,1.259,1,2179,0,465.552,13.086,-363.375,-183.438,225.938,-1.844,-1.027,1.168,13.027,-1.242,15.324,0.416,0.330,1.122,1.410,2,NULL,NULL,,3,0,2,7,255,1119,250,0,0
stim,119645,149766,0,149766,3347074.454,-0.812,0.210,0.071,-0.541,2990,0,0,2904,0,1533,0,1334,54,1.259,1,2179,0,416.917,19.090,-373.313,-183.125,30.375,-2.004,-1.633,-0.453,-17.781,6.945,4.258,0.454,0.300,1.122,1.410,2,NULL,NULL,,3,0,2,7,255,1119,250,0,0
stim,119645,149766,0,149766,3347079.456,-0.811,0.199,0.068,-0.545,3033,0,0,2969,0,1587,0,1437,54,1.259,1,2179,0,267.387,19.090,-149.813,-199.500,-96.188,-0.816,-0.773,-0.543,-17.781,6.945,-10.867,0.478,0.326,1.122,1.410,2,NULL,NULL,,3,0,2,7,255,1119,250,0,0
stim,119645,149766,0,149766,3347084.453,-0.809,0.195,0.062,-0.551,3047,0,0,3021,0,1618,0,1530,54,1.259,1,2179,0,235.764,11.646,21.500,-193.563,-132.875,0.340,-0.383,1.102,-9.789,6.309,-10.867,0.492,0.376,1.122,1.410,2,NULL,NULL,,3,0,2,7,255,1119,250,0,0
stim,119645,149766,0,149766,3347089.455,-0.807,0.191,0.057,-0.556,3087,0,0,3064,0,1675,0,1591,54,1.259,1,2179,0,187.544,8.828,-6.625,-160.750,-96.375,0.883,-0.477,2.156,-3.172,-8.238,-1.711,0.512,0.422,1.122,1.410,2,NULL,NULL,,3,0,2,7,255,1119,250,0,0
stim,119683,149804,0,149804,3347094.453,-0.808,0.183,0.055,-0.557,3087,0,0,3097,0,1733,0,1619,54,1.259,1,2179,0,184.801,17.078,-120.188,-138.875,-20.500,1.152,-1.094,2.137,-3.172,-16.781,4.215,0.542,0.454,1.122,1.410,2,NULL,NULL,,3,0,2,7,255,1119,250,0,0
stim,119683,149804,0,149804,3347099.455,-0.812,0.173,0.055,-0.554,3095,0,0,3122,0,1813,0,1595,54,1.259,1,2179,0,258.132,20.641,-207.438,-122.188,93.125,1.023,-1.660,1.473,-7.590,-19.195,4.215,0.562,0.476,1.122,1.410,2,NULL,NULL,,3,0,2,7,255,1119,250,0,0
stim,119683,149804,0,149804,3347104.454,-0.819,0.164,0.055,-0.548,3112,0,0,3153,0,1887,0,1644,54,1.259,1,2179,0,293.909,22.035,-195.625,-109.063,190.313,0.273,-1.270,0.625,-10.820,-19.195,-2.156,0.554,0.486,1.122,1.410,2,NULL,NULL,,3,0,2,7,255,1119,250,0,0
stim,119683,149804,0,149804,3347109.455,-0.824,0.158,0.052,-0.541,3109,0,0,3161,0,1961,28,1679,54,1.259,1,2179,0,255.837,13.952,-111.875,-112.188,200.875,-0.676,-0.316,0.371,-10.820,-8.809,-5.176,0.518,0.484,1.122,1.410,2,NULL,NULL,,3,0,2,7,255,1119,250,0,0
stim,119683,149804,0,149804,3347114.453,-0.827,0.153,0.049,-0.539,3116,0,0,3175,0,2053,45,1714,54,1.259,1,2179,0,157.878,6.783,-69.438,-120.250,75.125,-1.309,0.336,1.086,-5.824,3.477,-5.176,0.474,0.472,1.122,1.410,2,NULL,NULL,,3,0,2,7,255,1119,250,0,0
stim,119683,149804,0,149804,3347119.455,-0.827,0.148,0.047,-0.540,3116,0,0,3179,19,2125,57,1753,54,1.259,1,2179,0,137.471,4.600,-65.938,-119.500,-16.438,-0.203,0.473,0.918,-3.012,3.477,0.027,0.436,0.452,1.122,1.410,2,NULL,NULL,,3,0,2,7,255,1119,250,0,0
stim,119710,149831,0,149831,3347124.454,-0.828,0.142,0.044,-0.541,3125,0,0,3179,175,2217,73,1869,54,1.259,1,2179,0,139.748,1.029,-71.438,-119.813,-8.438,-0.086,0.180,1.344,0.473,0.914,3.313,0.412,0.416,1.122,1.410,2,NULL,NULL,,3,0,2,7,255,1119,250,0,0
stim,119710,149831,0,149831,3347129.455,-0.829,0.135,0.043,-0.541,3112,0,0,3179,374,2265,169,1944,54,1.259,1,2179,0,156.649,2.253,-111.938,-109.500,-4.313,-0.016,-0.059,1.285,0.473,-2.203,2.301,0.402,0.364,1.122,1.410,2,NULL,NULL,,3,0,2,7,255,1119,250,0,0
stim,119710,149831,0,149831,3347134.454,-0.829,0.130,0.042,-0.542,3111,0,0,3180,559,2297,189,2077,54,1.259,1,2179,0,119.737,3.516,-85.000,-82.250,-18.625,0.199,-0.102,1.449,-0.824,-3.418,3.313,0.402,0.302,1.122,1.410,2,NULL,NULL,,3,0,2,7,255,1119,250,0,0
stim,119710,149831,0,149831,3347139.455,-0.829,0.127,0.042,-0.544,3111,0,0,3183,766,2339,191,2137,54,1.259,1,2179,0,85.620,5.789,-59.313,-44.375,-42.938,0.508,-0.023,1.098,-0.824,-5.730,2.301,0.400,0.250,1.122,1.410,2,NULL,NULL,,3,0,2,7,255,1119,250,0,0
stim,119710,149831,0,149831,3347144.454,-0.828,0.125,0.041,-0.544,3110,0,0,3183,919,2360,207,2185,54,1.259,1,2179,0,51.764,6.028,-21.563,-44.688,-14.750,0.543,0.379,1.066,1.297,-5.887,-0.281,0.392,0.218,1.122,1.410,2,NULL,NULL,,3,0,2,7,255,1119,250,0,0
stim,119710,149831,0,149831,3347149.455,-0.829,0.123,0.040,-0.545,3107,0,0,3187,1050,2381,222,2228,54,1.259,1,2179,0,46.427,6.028,-36.188,-26.688,-11.563,-0.121,0.180,1.691,1.297,-5.887,-0.281,0.382,0.202,1.122,1.410,2,NULL,NULL,,3,0,2,7,255,1119,250,0,0
stim,119710,149831,0,149831,3347154.453,-0.829,0.119,0.042,-0.546,3116,0,0,3189,1127,2403,229,2276,54,1.259,1,2179,0,110.563,2.288,-106.063,-16.813,-26.313,-0.102,0.004,1.047,0.391,-2.254,0.363,0.376,0.194,1.122,1.410,2,NULL,NULL,,3,0,2,7,255,1119,250,0,0
stim,119710,149831,0,149831,3347159.455,-0.828,0.115,0.044,-0.546,3102,0,0,3181,1200,2410,221,2302,54,1.259,1,2179,0,82.300,1.712,-77.313,-14.938,-23.938,-0.145,-0.004,0.715,-0.766,-1.531,0.363,0.372,0.190,1.122,1.410,2,NULL,NULL,,3,0,2,7,255,1119,250,0,0
stim,119734,149855,0,149855,3347164.453,-0.827,0.113,0.044,-0.548,3103,5,0,3182,1274,2423,221,2331,54,1.259,1,2179,0,61.678,0.966,-32.938,-13.000,-50.500,-0.227,0.016,0.973,-0.871,-0.418,-0.055,0.374,0.184,1.122,1.410,2,NULL,NULL,,3,0,2,7,255,1119,250,0,0
stim,119734,149855,0,149855,3347169.456,-0.826,0.112,0.045,-0.551,3101,22,0,3183,1325,2429,233,2351,54,1.259,1,2179,0,78.095,0.966,-28.000,-12.563,-71.813,-0.051,0.141,1.082,-0.871,-0.418,-0.055,0.378,0.174,1.122,1.410,2,NULL,NULL,,3,0,2,7,255,1119,250,0,0
stim,119734,149855,0,149855,3347174.454,-0.825,0.110,0.046,-0.553,3101,24,0,3180,1418,2445,239,2332,54,1.259,1,2179,0,75.968,1.567,-47.188,-10.375,-58.625,0.070,0.059,1.031,0.535,-1.473,-0.027,0.390,0.158,1.122,1.410,2,NULL,NULL,,3,0,2,7,255,1119,250,0,0
stim,119734,149855,0,149855,3347179.455,-0.824,0.107,0.047,-0.554,3101,44,0,3181,1481,2453,245,2403,54,1.259,1,2179,0,69.391,2.706,-60.125,-7.250,-33.875,0.012,-0.125,0.957,0.535,-2.652,-0.027,0.412,0.136,1.122,1.410,2,NULL,NULL,,3,0,2,7,255,1119,250,0,0
stim,119734,149855,0,149855,3347184.453,-0.824,0.105,0.048,-0.555,3102,59,0,3183,1531,2469,247,2419,54,1.259,1,2179,0,59.353,2.947,-53.125,-6.375,-25.688,-0.121,-0.094,0.883,-1.285,-2.652,-0.781,0.436,0.114,1.122,1.410,2,NULL,NULL,,3,0,2,7,255,1119,250,0,0
stim,119734,149855,0,149855,3347189.455,-0.823,0.103,0.049,-0.556,3100,59,0,3179,1590,2475,250,2393,54,1.259,1,2179,0,47.741,1.763,-31.438,-6.625,-35.313,-0.129,0.051,0.855,-1.285,-1.207,-1.227,0.458,0.096,1.122,1.410,2,NULL,NULL,,3,0,2,7,255,1119,250,0,0
stim,119734,149855,0,149855,3347194.453,-0.822,0.103,0.049,-0.558,3110,76,0,3188,1623,2485,253,2456,54,1.259,1,2179,0,42.720,1.216,-16.438,-5.813,-39.000,-0.039,0.102,0.988,-0.145,-1.207,-1.227,0.474,0.082,1.122,1.410,2,NULL,NULL,,3,0,2,7,255,1119,250,0,0
stim,119786,149907,0,149907,3347199.455,-0.822,0.101,0.049,-0.559,3108,103,0,3183,1647,2501,270,2471,54,1.259,1,2179,0,35.595,1.486,-19.313,-4.875,-29.500,0.004,0.063,1.070,0.457,-1.414,-0.199,0.486,0.072,1.122,1.410,2,NULL,NULL,,3,0,2,7,255,1119,250,0,0
stim,119786,149907,0,149907,3347204.454,-0.821,0.100,0.050,-0.559,3101,112,0,3181,1685,2506,265,2441,54,1.259,1,2179,0,32.227,1.869,-25.938,-2.688,-18.938,-0.023,0.055,1.039,0.457,-1.813,0.234,0.498,0.062,1.122,1.410,2,NULL,NULL,,3,0,2,7,255,1119,250,0,0
stim,119786,149907,0,149907,3347209.455,-0.821,0.099,0.050,-0.560,3111,119,0,3191,1705,2509,271,2479,54,1.259,1,2179,0,27.962,1.840,-24.375,-1.438,-13.625,-0.063,0.066,0.973,0.316,-1.813,0.234,0.508,0.056,1.122,1.410,2,NULL,NULL,,3,0,2,7,255,1119,250,0,0
stim,119786,149907,0,149907,3347214.453,-0.821,0.098,0.051,-0.560,3109,119,2,3193,1735,2524,261,2479,54,1.259,1,2179,0,21.199,1.289,-17.375,-0.688,-12.125,-0.094,0.031,0.969,0.281,-1.258,-0.313,0.518,0.048,1.122,1.410,2,NULL,NULL,,3,0,2,7,255,1119,250,0,0
stim,119786,149907,0,149907,3347219.455,-0.821,0.098,0.051,-0.560,3107,133,5,3183,1746,2526,249,2491,54,1.259,1,2179,0,16.385,1.219,-13.563,-1.125,-9.125,-0.102,-0.004,0.996,-0.137,-1.211,-0.313,0.526,0.042,1.122,1.410,2,NULL,NULL,,3,0,2,7,255,1119,250,0,0
stim,119786,149907,0,149907,3347224.454,-0.821,0.097,0.051,-0.561,3099,141,12,3181,1754,2525,219,2488,54,1.259,1,2179,0,12.897,1.145,-11.438,-1.000,-5.875,-0.109,0.016,0.992,-0.313,-1.102,-0.066,0.534,0.036,1.122,1.410,2,NULL,NULL,,3,0,2,7,255,1119,250,0,0
stim,119786,149907,0,149907,3347229.455,-0.821,0.097,0.051,-0.561,3111,145,20,3191,1756,2520,225,2503,54,1.292,1,2179,1,9.335,1.096,-7.813,-1.313,-4.938,-0.125,0.039,0.996,-0.313,-1.051,-0.063,0.000,0.000,1.061,1.402,2,NULL,NULL,,3,0,2,7,255,1119,250,0,0
stim,119786,149907,0,149907,3347234.454,-0.821,0.096,0.051,-0.561,3099,143,21,3177,1767,2525,221,2471,54,1.292,1,2179,1,6.771,0.899,-5.000,-1.500,-4.313,-0.117,0.047,1.020,-0.148,-0.887,-0.004,0.004,0.000,1.061,1.402,2,NULL,NULL,,3,0,2,7,255,1119,250,0,0
stim,119786,149907,0,149907,3347239.455,-0.821,0.096,0.051,-0.561,3094,145,23,3185,1758,2521,227,2491,54,1.292,1,2179,1,5.010,0.833,-4.563,-1.813,-1.000,-0.125,0.051,1.016,-0.031,-0.832,0.215,0.008,0.002,1.061,1.402,2,NULL,NULL,,3,0,2,7,255,1119,250,0,0
stim,119812,149934,0,149934,3347244.454,-0.821,0.096,0.051,-0.561,3099,141,51,3182,1767,2529,223,2503,54,1.292,1,2179,1,5.308,0.833,-3.875,-2.688,2.438,-0.148,0.051,1.004,-0.031,-0.832,0.215,0.012,0.004,1.061,1.402,2,NULL,NULL,,3,0,2,7,255,1119,250,0,0
stim,119812,149934,0,149934,3347249.455,-0.821,0.096,0.051,-0.561,3089,135,67,3167,1767,2525,231,2493,54,1.292,1,2179,1,6.250,0.595,-3.000,-4.000,3.750,-0.168,0.039,0.988,-0.105,-0.586,0.125,0.016,0.006,1.061,1.402,2,NULL,NULL,,3,0,2,7,255,1119,250,0,0
stim,119812,149934,0,149934,3347254.453,-0.821,0.095,0.051,-0.561,3083,125,87,3176,1779,2520,229,2509,54,1.292,1,2179,1,6.479,0.504,-1.125,-5.375,3.438,-0.176,0.027,0.977,-0.293,-0.410,0.016,0.020,0.010,1.061,1.402,2,NULL,NULL,,3,0,2,7,255,1119,250,0,0
stim,119812,149934,0,149934,3347259.457,-0.821,0.095,0.051,-0.561,3077,119,88,3160,1773,2519,231,2509,54,1.292,1,2179,1,7.948,0.479,2.313,-6.875,3.250,-0.164,0.043,0.973,-0.293,-0.379,-0.109,0.024,0.014,1.061,1.402,2,NULL,NULL,,3,0,2,7,255,1119,250,0,0
stim,119832,149953,0,149953,3347264.454,-0.821,0.095,0.050,-0.560,3063,116,86,3156,1799,2519,232,2447,54,1.292,1,2179,1,9.841,0.443,4.500,-7.938,3.688,-0.152,0.070,0.992,-0.230,-0.379,-0.109,0.028,0.016,1.061,1.402,2,NULL,NULL,,3,0,2,7,255,1119,250,0,0
stim,119832,149953,0,149953,3347269.455,-0.821,0.095,0.050,-0.560,3067,109,86,3143,1806,2519,233,2519,54,1.292,1,2179,1,10.672,0.393,4.313,-8.563,4.688,-0.152,0.082,1.004,0.039,-0.391,0.027,0.032,0.020,1.061,1.402,2,NULL,NULL,,3,0,2,7,255,1119,250,0,0
stim,119832,149953,0,149953,3347274.455,-0.821,0.095,0.049,-0.560,3053,105,85,3139,1827,2519,234,2523,54,1.292,1,2179,1,11.730,0.424,3.375,-9.688,5.688,-0.164,0.098,0.996,0.164,-0.391,0.105,0.038,0.022,1.061,1.402,2,NULL,NULL,,3,0,2,7,255,1119,250,0,0
stim,119832,149953,0,149953,3347279.455,-0.822,0.095,0.049,-0.560,3036,101,89,3124,1843,2514,239,2524,54,1.292,1,2179,1,12.412,0.323,3.188,-10.875,5.063,-0.191,0.109,0.992,0.238,-0.219,0.141,0.040,0.026,1.061,1.402,2,NULL,NULL,,3,0,2,7,255,1119,250,0,0
stim,119853,149974,0,149974,3347284.453,-0.822,0.095,0.048,-0.560,3023,95,107,3111,1853,2511,243,2547,54,1.292,1,2179,1,12.546,0.269,3.063,-12.125,1.000,-0.207,0.129,0.992,0.258,0.078,0.141,0.044,0.028,1.061,1.402,2,NULL,NULL,,3,0,2,7,255,1119,250,0,0
stim,119853,149974,0,149974,3347289.457,-0.822,0.095,0.047,-0.560,3019,100,144,3101,1895,2514,247,2551,54,1.292,1,2179,1,13.989,0.382,2.938,-13.188,-3.625,-0.188,0.141,1.000,0.352,0.148,0.188,0.046,0.030,1.061,1.402,2,NULL,NULL,,3,0,2,7,255,1119,250,0,0
stim,119885,150006,1,150006,3347294.453,-0.821,0.095,0.047,-0.560,2997,106,168,3091,1914,2518,259,2540,54,1.292,1,2179,1,15.261,0.567,2.000,-13.750,-6.313,-0.152,0.148,1.012,0.547,0.148,0.250,0.048,0.030,1.061,1.402,2,NULL,NULL,,3,1,2,7,255,1119,250,0,0
stim,119885,150006,1,150006,3347299.455,-0.821,0.094,0.046,-0.561,2985,117,174,3091,1939,2517,263,2583,54,1.292,1,2179,1,15.545,0.737,-0.188,-14.313,-6.063,-0.145,0.148,1.008,0.727,-0.121,0.250,0.048,0.030,1.061,1.402,2,NULL,NULL,,3,1,2,7,255,1119,250,0,0
stim,119885,150006,1,150006,3347304.454,-0.821,0.094,0.046,-0.561,2967,123,191,3063,1965,2517,277,2591,54,1.292,1,2179,1,16.164,0.740,-1.750,-14.750,-6.375,-0.152,0.152,1.008,0.730,-0.121,0.266,0.050,0.030,1.061,1.402,2,NULL,NULL,,3,1,2,7,255,1119,250,0,0
stim,119885,150006,1,150006,3347309.455,-0.821,0.093,0.045,-0.561,2953,133,226,3049,1997,2519,301,2605,54,1.292,1,2179,1,17.741,0.745,-2.125,-15.250,-8.813,-0.164,0.164,1.008,0.738,-0.102,0.266,0.048,0.028,1.061,1.402,2,NULL,NULL,,3,1,2,7,255,1119,250,0,0
stim,119885,150006,1,150006,3347314.453,-0.821,0.093,0.045,-0.562,2927,139,299,3032,2035,2520,310,2621,54,1.292,1,2179,1,20.164,0.809,-1.750,-15.625,-12.625,-0.160,0.191,1.012,0.805,0.082,0.293,0.048,0.026,1.061,1.402,2,NULL,NULL,,3,1,2,7,255,1119,250,0,0
stim,119885,150006,1,150006,3347319.455,-0.821,0.093,0.044,-0.562,2908,145,380,3018,2070,2522,354,2637,54,1.292,1,2179,1,22.063,1.091,-1.938,-16.063,-15.000,-0.152,0.227,1.031,1.082,0.137,0.316,0.046,0.022,1.061,1.402,2,NULL,NULL,,3,1,2,7,255,1119,250,0,0
stim,119885,150006,1,150006,3347324.454,-0.820,0.092,0.043,-0.563,2885,159,475,2999,2110,2523,373,2651,54,1.292,1,2179,1,24.744,1.417,-4.000,-15.938,-18.500,-0.164,0.230,1.059,1.406,0.176,0.523,0.046,0.020,1.061,1.402,2,NULL,NULL,,3,1,2,7,255,1119,250,0,0
stim,119885,150006,1,150006,3347329.455,-0.820,0.092,0.043,-0.564,2853,183,557,2983,2167,2525,423,2666,54,1.292,1,2179,1,28.793,1.417,-7.313,-16.063,-22.750,-0.145,0.203,1.043,1.406,0.176,0.617,0.046,0.018,1.061,1.402,2,NULL,NULL,,3,1,2,7,255,1119,250,0,0
stim,119885,150006,1,150006,3347334.454,-0.819,0.091,0.043,-0.565,2826,197,675,2968,2223,2526,471,2669,54,1.292,1,2179,1,29.869,1.211,-9.375,-15.875,-23.500,-0.129,0.148,1.012,1.211,0.027,0.617,0.046,0.018,1.061,1.402,2,NULL,NULL,,3,1,2,7,255,1119,250,0,0
stim,119885,150006,1,150006,3347339.455,-0.819,0.090,0.042,-0.566,2795,220,732,2941,2283,2532,521,2687,54,1.292,1,2179,1,30.322,0.822,-9.188,-16.000,-24.063,-0.152,0.086,0.992,0.801,-0.188,0.238,0.046,0.020,1.061,1.402,2,NULL,NULL,,3,1,2,7,255,1119,250,0,0
stim,119915,150036,1,150036,3347344.453,-0.818,0.089,0.042,-0.567,2765,248,841,2924,2327,2534,573,2703,54,1.292,1,2179,1,36.515,0.225,-10.063,-16.813,-30.813,-0.219,0.078,1.008,0.125,-0.188,0.238,0.050,0.022,1.061,1.402,2,NULL,NULL,,3,1,2,7,255,1119,250,0,0
stim,119915,150036,1,150036,3347349.455,-0.817,0.088,0.042,-0.568,2728,264,955,2902,2365,2535,671,2717,54,1.292,1,2179,1,46.949,0.319,-11.813,-17.188,-42.063,-0.195,0.102,0.988,0.125,0.293,0.094,0.052,0.026,1.061,1.402,2,NULL,NULL,,3,1,2,7,255,1119,250,0,0
stim,119915,150036,1,150036,3347354.453,-0.816,0.087,0.042,-0.570,2685,261,1109,2876,2413,2537,809,2725,54,1.292,1,2179,1,51.140,0.328,-10.500,-17.375,-46.938,-0.117,0.141,1.004,0.148,0.293,0.152,0.052,0.030,1.061,1.402,2,NULL,NULL,,3,1,2,7,255,1119,250,0,0
stim,119915,150036,1,150036,3347359.455,-0.815,0.086,0.041,-0.572,2637,255,1192,2857,2457,2537,942,2739,54,1.292,1,2179,1,53.642,0.657,-16.750,-16.938,-48.063,-0.125,0.121,1.066,0.586,-0.297,0.152,0.054,0.032,1.061,1.402,2,NULL,NULL,,3,1,2,7,255,1119,250,0,0
stim,119916,150037,1,150037,3347364.454,-0.814,0.085,0.042,-0.573,2579,263,1325,2835,2492,2538,1077,2748,54,1.292,1,2179,1,59.332,0.702,-28.750,-16.188,-49.313,-0.137,0.070,1.059,0.586,-0.387,0.656,0.056,0.034,1.061,1.402,2,NULL,NULL,,3,1,2,7,255,1119,250,0,0
stim,119916,150037,1,150037,3347369.455,-0.813,0.083,0.042,-0.575,2511,276,1467,2808,2531,2541,1175,2765,54,1.292,1,2179,1,66.185,0.448,-42.750,-16.875,-47.625,-0.121,0.035,1.039,0.098,-0.438,0.656,0.058,0.036,1.061,1.402,2,NULL,NULL,,3,1,2,7,255,1119,250,0,0
stim,119945,150066,1,150066,3347374.454,-0.812,0.080,0.043,-0.577,2455,300,1587,2788,2568,2543,1311,2781,54,1.292,1,2179,1,72.061,0.454,-46.125,-16.813,-52.750,-0.191,-0.023,0.969,-0.121,-0.438,0.418,0.060,0.038,1.061,1.402,2,NULL,NULL,,3,1,2,7,255,1119,250,0,0
stim,119945,150066,1,150066,3347379.457,-0.811,0.078,0.043,-0.579,2402,319,1705,2761,2605,2543,1431,2793,54,1.292,1,2179,1,70.663,0.446,-44.313,-18.750,-51.750,-0.117,0.035,0.945,-0.121,-0.430,-0.160,0.062,0.038,1.061,1.402,2,NULL,NULL,,3,1,2,7,255,1119,250,0,0
stim,119945,150066,1,150066,3347384.453,-0.809,0.076,0.044,-0.581,2327,327,1835,2725,2637,2543,1559,2779,54,1.292,1,2179,1,70.104,0.614,-34.188,-18.188,-58.438,-0.203,0.000,0.984,-0.613,-0.027,-0.160,0.064,0.036,1.061,1.402,2,NULL,NULL,,3,1,2,7,255,1119,250,0,0
stim,119945,150066,1,150066,3347389.455,-0.808,0.074,0.044,-0.583,2233,319,1926,2682,2669,2547,1669,2811,54,1.292,1,2179,0,82.701,0.520,-44.625,-19.813,-66.750,-0.098,-0.008,1.074,-0.293,-0.430,0.031,0.066,0.034,1.061,1.402,2,NULL,NULL,,3,1,2,7,255,1119,250,0,0
stim,119982,150103,1,150103,3347394.454,-0.807,0.071,0.045,-0.585,2156,329,2025,2645,2698,2543,1753,2828,54,1.292,1,2179,0,86.449,1.065,-57.813,-20.063,-61.063,-0.117,-0.082,1.051,-0.613,-0.871,0.523,0.068,0.034,1.061,1.402,2,NULL,NULL,,3,1,2,7,255,1119,250,0,0
stim,119982,150103,1,150103,3347399.455,-0.805,0.068,0.047,-0.587,2073,339,2151,2597,2727,2547,1864,2840,54,1.292,1,2179,0,98.865,1.317,-70.563,-19.313,-66.500,-0.137,-0.094,1.031,-0.988,-0.871,0.523,0.070,0.032,1.061,1.402,2,NULL,NULL,,3,1,2,7,255,1119,250,0,0
stim,119982,150103,1,150103,3347404.454,-0.804,0.065,0.048,-0.590,1949,341,2235,2541,2745,2547,1931,2852,54,1.292,1,2179,0,95.560,1.262,-68.563,-22.563,-62.625,-0.066,0.016,0.926,-0.988,-0.785,0.371,0.074,0.032,1.061,1.402,2,NULL,NULL,,3,1,2,7,255,1119,250,0,0
stim,119982,150103,1,150103,3347409.455,-0.802,0.062,0.048,-0.591,1854,335,2299,2485,2765,2543,2011,2859,54,1.292,1,2179,0,81.183,0.687,-53.313,-22.188,-57.063,-0.086,0.043,0.891,0.145,-0.672,-0.742,0.076,0.034,1.061,1.402,2,NULL,NULL,,3,1,2,7,255,1119,250,0,0
stim,119982,150103,1,150103,3347414.453,-0.801,0.060,0.049,-0.593,1751,329,2385,2420,2787,2543,2099,2870,54,1.292,1,2179,0,73.510,0.531,-41.188,-22.063,-56.750,-0.098,0.020,0.984,0.156,-0.508,-0.742,0.078,0.034,1.061,1.402,2,NULL,NULL,,3,1,2,7,255,1119,250,0,0
stim,119982,150103,1,150103,3347419.455,-0.800,0.057,0.049,-0.595,1599,324,2459,2329,2805,2541,2168,2879,54,1.292,1,2179,0,68.632,0.531,-39.500,-25.250,-50.125,-0.078,-0.039,1.039,0.156,-0.508,-0.137,0.080,0.036,1.061,1.402,2,NULL,NULL,,3,1,2,7,255,1119,250,0,0
stim,120011,150132,1,150132,3347424.454,-0.799,0.055,0.049,-0.597,1419,312,2507,2239,2831,2538,2236,2889,54,1.292,1,2179,0,69.361,0.659,-45.063,-25.438,-46.188,-0.109,-0.039,1.055,-0.270,-0.602,0.359,0.082,0.038,1.061,1.402,2,NULL,NULL,,3,1,2,7,255,1119,250,0,0
stim,120011,150132,1,150132,3347429.455,-0.798,0.052,0.050,-0.598,1237,281,2553,2151,2847,2535,2296,2898,54,1.292,1,2179,0,72.893,0.659,-47.375,-24.625,-49.625,-0.105,-0.020,1.016,-0.270,-0.602,0.359,0.082,0.042,1.061,1.402,2,NULL,NULL,,3,1,2,7,255,1119,250,0,0
stim,120011,150132,1,150132,3347434.454,-0.797,0.050,0.050,-0.600,1097,253,2591,2039,2855,2529,2357,2895,54,1.292,1,2179,0,72.579,0.609,-45.813,-25.250,-50.313,-0.082,-0.016,0.980,-0.094,-0.602,0.203,0.084,0.044,1.061,1.402,2,NULL,NULL,,3,1,2,7,255,1119,250,0,0
stim,120011,150132,1,150132,3347439.455,-0.796,0.048,0.050,-0.602,927,247,2633,1914,2869,2519,2409,2905,54,1.292,1,2179,0,65.176,0.602,-38.250,-26.625,-45.563,-0.074,-0.020,0.980,0.031,-0.602,-0.180,0.086,0.046,1.061,1.402,2,NULL,NULL,,3,1,2,7,255,1119,250,0,0
stim,120011,150132,1,150132,3347444.453,-0.795,0.046,0.050,-0.603,747,231,2664,1735,2890,2519,2467,2911,54,1.292,1,2179,0,60.344,0.602,-34.000,-27.813,-41.375,-0.094,-0.039,1.000,0.031,-0.602,-0.180,0.086,0.046,1.061,1.402,2,NULL,NULL,,3,1,2,7,255,1119,250,0,0
stim,120011,150132,1,150132,3347449.455,-0.794,0.044,0.050,-0.604,569,179,2692,1526,2907,2510,2503,2921,54,1.292,1,2179,0,54.586,0.544,-29.688,-30.063,-34.563,-0.117,-0.051,1.031,-0.160,-0.520,0.035,0.088,0.048,1.061,1.402,2,NULL,NULL,,3,1,2,7,255,1119,250,0,0
stim,120011,150132,1,150132,3347454.454,-0.793,0.042,0.049,-0.605,407,150,2725,1319,2921,2495,2548,2932,54,1.292,1,2179,0,56.807,0.392,-31.563,-31.438,-35.250,-0.133,-0.039,1.047,-0.188,-0.344,0.355,0.090,0.050,1.061,1.402,2,NULL,NULL,,3,1,2,7,255,1119,250,0,0
stim,120011,150133,1,150133,3347459.455,-0.793,0.040,0.049,-0.607,276,77,2752,1069,2935,2484,2583,2933,54,1.292,1,2179,0,57.419,0.279,-28.250,-33.125,-37.438,-0.113,-0.012,1.035,-0.188,-0.207,0.410,0.092,0.052,1.061,1.402,2,NULL,NULL,,3,1,2,7,255,1119,250,0,0
stim,120034,150155,1,150155,3347464.454,-0.792,0.038,0.048,-0.608,127,69,2780,854,2951,2471,2618,2943,54,1.292,1,2179,0,56.929,0.238,-26.063,-35.063,-36.500,-0.043,-0.023,1.020,0.117,-0.207,0.410,0.092,0.054,1.061,1.402,2,NULL,NULL,,3,1,2,7,255,1119,250,0,0
stim,120034,150155,1,150155,3347469.457,-0.791,0.036,0.048,-0.609,59,28,2803,603,2963,2451,2648,2953,54,1.292,1,2179,0,50.992,0.690,-18.938,-37.375,-29.063,-0.055,0.000,1.043,0.199,-0.660,0.379,0.094,0.056,1.061,1.402,2,NULL,NULL,,3,1,2,7,255,1119,250,0,0
stim,120034,150155,1,150155,3347474.454,-0.790,0.034,0.047,-0.610,16,11,2825,406,2975,2423,2678,2915,54,1.292,1,2179,0,52.200,0.775,-17.938,-39.750,-28.688,-0.043,0.027,1.043,0.406,-0.660,0.379,0.094,0.058,1.061,1.402,2,NULL,NULL,,3,1,2,7,255,1119,250,0,0
stim,120034,150155,1,150155,3347479.455,-0.790,0.033,0.045,-0.611,0,0,2840,269,2983,2397,2703,2965,54,1.292,1,2179,0,50.175,0.952,-9.750,-42.688,-24.500,-0.051,0.055,1.055,0.711,-0.633,0.383,0.096,0.058,1.061,1.402,2,NULL,NULL,,3,1,2,7,255,1119,250,0,0
stim,120034,150155,1,150155,3347484.454,-0.789,0.031,0.044,-0.612,0,0,2859,169,2990,2362,2729,2969,54,1.292,1,2179,0,53.836,1.053,-12.250,-44.438,-27.813,-0.082,0.086,1.051,0.941,-0.473,0.484,0.096,0.060,1.061,1.402,2,NULL,NULL,,3,1,2,7,255,1119,250,0,0
stim,120034,150155,1,150155,3347489.455,-0.789,0.030,0.042,-0.612,0,0,2873,117,3003,2343,2759,2971,54,1.292,1,2179,0,57.130,0.945,10.438,-51.438,-22.563,-0.242,-0.027,1.145,0.941,-0.082,0.500,0.094,0.062,1.061,1.402,2,NULL,NULL,,3,1,2,7,255,1119,250,0,0
stim,120034,150155,1,150155,3347494.454,-0.789,0.030,0.039,-0.613,0,0,2889,94,3007,2316,2774,2975,54,1.292,1,2179,0,74.234,1.166,39.938,-62.063,-8.000,-0.367,-0.105,1.438,-0.277,1.133,1.613,0.092,0.068,1.061,1.402,2,NULL,NULL,,3,1,2,7,255,1119,250,0,0
stim,120086,150207,1,150207,3347499.455,-0.789,0.030,0.035,-0.613,0,0,2895,85,3022,2287,2795,2980,54,1.292,1,2179,0,87.866,2.046,50.063,-72.125,-3.500,-0.410,-0.055,1.750,-0.762,1.898,4.578,0.086,0.076,1.061,1.402,3,NULL,NULL,,3,1,2,7,255,1119,250,0,0
stim,120086,150207,1,150207,3347504.453,-0.789,0.027,0.034,-0.613,0,0,2903,53,3031,2257,2813,2981,54,1.292,1,2179,0,83.242,2.046,-34.313,-73.750,-17.688,-0.094,0.016,1.523,-0.762,1.898,5.145,0.080,0.086,1.061,1.402,3,NULL,NULL,,3,1,2,7,255,1119,250,0,0
stim,120086,150207,1,150207,3347509.455,-0.789,0.022,0.033,-0.614,0,0,2907,0,3037,2207,2841,2984,54,1.292,1,2179,0,100.347,0.395,-69.188,-71.938,-10.375,-0.020,-0.074,1.063,-0.281,-0.277,5.145,0.074,0.096,1.061,1.402,3,NULL,NULL,,3,1,2,7,255,1119,250,0,0
stim,120086,150207,1,150207,3347514.454,-0.789,0.019,0.031,-0.613,0,0,2913,0,3045,2149,2861,2985,54,1.292,1,2179,0,89.976,0.398,-30.500,-81.375,23.313,-0.121,0.016,0.973,0.285,-0.277,0.594,0.072,0.104,1.061,1.402,3,NULL,NULL,,3,1,2,7,255,1119,250,0,0
stim,120086,150207,1,150207,3347519.455,-0.790,0.017,0.028,-0.612,0,0,2915,0,3049,2087,2877,2987,54,1.292,1,2179,0,90.803,0.603,4.438,-87.875,22.438,-0.266,0.055,1.055,0.285,0.531,0.594,0.070,0.112,1.061,1.402,3,NULL,NULL,,3,1,2,7,255,1119,250,0,0
stim,120086,150207,1,150207,3347524.454,-0.790,0.015,0.024,-0.612,0,0,2915,0,3055,1997,2892,2987,54,1.292,1,2179,0,94.576,2.067,15.563,-93.250,2.625,-0.293,0.008,1.219,0.285,2.047,0.637,0.068,0.122,1.061,1.402,3,NULL,NULL,,3,1,2,7,255,1119,250,0,0
stim,120086,150207,1,150207,3347529.455,-0.790,0.013,0.021,-0.612,0,0,2910,0,3069,1901,2905,2987,54,1.292,1,2179,0,98.801,2.052,8.750,-98.313,-4.438,-0.215,-0.047,1.359,-0.145,2.047,2.254,0.064,0.132,1.061,1.402,3,NULL,NULL,,3,1,2,7,255,1119,250,0,0
stim,120086,150207,1,150207,3347534.453,-0.791,0.010,0.018,-0.612,0,0,2904,0,3067,1797,2909,2962,54,1.292,1,2179,0,103.028,1.400,-8.188,-102.688,1.750,-0.160,-0.090,1.328,-0.441,1.328,3.277,0.060,0.142,1.061,1.402,3,NULL,NULL,,3,1,2,7,255,1119,250,0,0
stim,120086,150207,1,150207,3347539.455,-0.791,0.007,0.014,-0.612,0,0,2905,0,3063,1699,2931,2985,54,1.292,1,2179,0,109.158,1.093,-19.188,-107.250,6.688,-0.145,-0.082,1.238,-0.676,0.859,3.277,0.052,0.152,1.061,1.402,3,NULL,NULL,,3,1,2,7,255,1119,250,0,0
stim,120112,150233,0,150233,3347544.454,-0.791,0.003,0.011,-0.611,0,0,2903,0,3087,1566,2938,2974,54,1.292,1,2179,0,114.805,1.093,-23.438,-111.625,13.063,-0.129,-0.066,1.188,-0.676,0.859,2.379,0.042,0.164,1.061,1.402,3,NULL,NULL,,3,0,2,7,255,1125,250,0,0
stim,120112,150233,0,150233,3347549.455,-0.792,-0.001,0.008,-0.610,0,0,2894,0,3084,1415,2949,2971,54,1.292,1,2179,0,119.203,1.096,-20.063,-116.125,17.938,-0.195,-0.066,1.141,-0.676,0.863,1.883,0.032,0.174,1.061,1.402,3,NULL,NULL,,3,0,2,7,255,1125,250,0,0
stim,120112,150233,0,150233,3347554.454,-0.793,-0.004,0.004,-0.610,0,0,2890,0,3096,1222,2966,2971,54,1.292,1,2179,0,122.034,1.717,-12.500,-120.875,11.188,-0.188,-0.102,1.102,-0.711,1.563,1.422,0.024,0.186,1.061,1.402,3,NULL,NULL,,3,0,2,7,255,1125,250,0,0
stim,120112,150233,0,150233,3347559.457,-0.793,-0.008,0.001,-0.609,0,0,2869,0,3089,1053,2963,2963,54,1.292,1,2179,0,125.821,1.923,-6.375,-125.563,4.938,-0.195,-0.137,1.098,-1.082,1.590,1.012,0.016,0.196,1.061,1.402,3,NULL,NULL,,3,0,2,7,255,1125,250,0,0
stim,120136,150257,0,150257,3347564.453,-0.793,-0.011,-0.004,-0.609,0,0,2861,0,3092,823,2975,2911,54,1.292,1,2179,0,130.271,2.121,-1.125,-130.250,-2.063,-0.164,-0.184,1.086,-1.434,1.563,0.973,0.014,0.208,1.061,1.402,3,NULL,NULL,,3,0,2,7,255,1125,250,0,0
stim,120136,150257,0,150257,3347569.455,-0.793,-0.015,-0.008,-0.609,0,0,2841,0,3097,657,2991,2938,54,1.292,1,2179,0,134.731,2.279,4.250,-134.625,-3.250,-0.105,-0.203,1.086,-1.844,1.340,0.891,0.018,0.220,1.061,1.402,3,NULL,NULL,,3,0,2,7,255,1125,250,0,0
stim,120136,150257,0,150257,3347574.455,-0.793,-0.018,-0.013,-0.609,0,0,2821,0,3099,529,3000,2927,54,1.292,1,2179,0,140.291,2.172,6.750,-140.125,-0.938,-0.105,-0.137,1.094,-1.844,1.148,0.891,0.024,0.232,1.061,1.402,3,NULL,NULL,,3,0,2,7,255,1125,250,0,0
stim,120136,150257,0,150257,3347579.455,-0.793,-0.022,-0.018,-0.609,0,0,2794,0,3106,345,3014,2857,54,1.292,1,2179,0,143.933,1.664,11.313,-143.438,-3.813,-0.066,-0.074,1.063,-1.293,1.047,0.891,0.032,0.244,1.061,1.402,3,NULL,NULL,,3,0,2,7,255,1125,250,0,0
stim,120154,150275,0,150275,3347584.454,-0.793,-0.025,-0.024,-0.608,0,0,2759,0,3103,182,3015,2895,54,1.292,1,2179,0,148.305,1.240,17.063,-147.313,1.500,-0.016,-0.031,1.066,-0.664,1.047,0.598,0.042,0.256,1.061,1.402,3,NULL,NULL,,3,0,2,7,255,1125,250,0,0
stim,120154,150275,0,150275,3347589.457,-0.793,-0.028,-0.029,-0.608,0,0,2713,0,3100,89,3027,2875,54,1.292,1,2179,0,153.389,1.065,21.375,-151.875,2.313,-0.066,0.035,1.063,-0.195,1.047,0.574,0.050,0.268,1.061,1.402,3,NULL,NULL,,3,0,2,7,255,1125,250,0,0
stim,120184,150305,0,150305,3347594.453,-0.793,-0.031,-0.035,-0.608,0,0,2672,0,3109,39,3029,2828,54,1.292,1,2179,0,158.022,1.590,26.875,-155.438,-9.375,-0.078,0.059,1.156,0.273,1.566,0.598,0.062,0.282,1.061,1.402,3,NULL,NULL,,3,0,2,7,255,1125,250,0,0
stim,120184,150305,0,150305,3347599.455,-0.792,-0.034,-0.042,-0.608,0,0,2627,0,3101,0,3032,2827,54,1.292,1,2179,0,162.573,1.661,23.750,-160.313,-12.875,-0.012,0.070,1.266,0.395,1.613,1.359,0.074,0.298,1.061,1.402,3,NULL,NULL,,3,0,2,7,255,1125,250,0,0
stim,120184,150305,0,150305,3347604.454,-0.792,-0.038,-0.048,-0.608,0,0,2568,0,3095,0,3029,2796,54,1.292,1,2179,0,164.550,1.723,15.938,-163.563,-8.375,0.078,0.141,1.352,0.605,1.613,2.477,0.094,0.318,1.061,1.402,3,NULL,NULL,,3,0,2,7,255,1125,250,0,0
stim,120184,150305,0,150305,3347609.455,-0.792,-0.042,-0.054,-0.607,0,0,2501,0,3099,0,3035,2762,54,1.292,1,2179,0,164.941,2.166,14.375,-164.313,-0.563,0.082,0.203,1.551,1.445,1.613,3.379,0.118,0.346,1.061,1.402,3,NULL,NULL,,3,0,2,7,255,1125,250,0,0
stim,120184,150305,0,150305,3347614.454,-0.792,-0.046,-0.060,-0.606,0,0,2426,0,3098,0,3041,2713,54,1.292,1,2179,0,173.409,2.303,4.000,-171.938,22.188,-0.055,0.180,1.730,1.445,1.793,5.285,0.152,0.382,1.061,1.402,3,NULL,NULL,,3,0,2,7,255,1125,250,0,0
stim,120184,150305,0,150305,3347619.455,-0.792,-0.051,-0.066,-0.604,0,0,2347,0,3087,0,3033,2663,54,1.292,1,2179,0,188.714,3.747,-4.250,-184.813,37.938,-0.250,0.176,1.930,1.328,3.504,6.824,0.196,0.428,1.061,1.402,3,NULL,NULL,,3,0,2,7,255,1125,250,0,0
stim,120184,150305,0,150305,3347624.454,-0.793,-0.057,-0.072,-0.602,0,0,2253,0,3063,2,3032,2609,54,1.292,1,2179,0,206.626,6.015,-24.125,-201.688,37.875,-0.398,0.273,2.055,1.156,5.902,8.379,0.246,0.480,1.061,1.402,3,NULL,NULL,,3,0,2,7,255,1125,250,0,0
stim,120184,150305,0,150305,3347629.455,-0.793,-0.064,-0.079,-0.600,0,0,2157,0,3061,39,3031,2541,54,1.292,1,2179,0,226.677,8.160,-42.063,-220.625,30.625,-0.480,0.441,2.027,1.156,8.078,8.543,0.302,0.540,1.061,1.402,3,NULL,NULL,,3,0,2,7,255,1125,250,0,0
stim,120184,150305,0,150305,3347634.454,-0.793,-0.073,-0.085,-0.599,0,0,2039,0,3038,57,3013,2451,54,1.292,1,2179,0,248.533,9.892,-51.250,-242.250,21.375,-0.430,0.598,2.109,2.473,9.578,9.137,0.364,0.602,1.061,1.402,3,NULL,NULL,,3,0,2,7,255,1125,250,0,0
stim,120184,150305,0,150305,3347639.455,-0.792,-0.082,-0.093,-0.597,0,0,1917,0,3029,75,3001,2360,54,1.292,1,2179,0,271.071,10.877,-66.188,-261.875,22.813,-0.383,0.621,2.156,4.063,10.090,9.137,0.428,0.670,1.061,1.402,3,NULL,NULL,,3,0,2,7,255,1125,250,0,0
stim,120217,150338,0,150338,3347644.454,-0.792,-0.092,-0.100,-0.595,0,0,1795,0,3021,103,2989,2263,54,1.292,1,2179,0,299.808,11.189,-84.875,-284.938,38.625,-0.352,0.625,2.199,4.359,10.305,9.445,0.498,0.740,1.061,1.402,3,NULL,NULL,,3,0,2,7,255,1125,250,0,0
stim,120217,150338,0,150338,3347649.455,-0.792,-0.104,-0.107,-0.592,0,0,1655,0,2998,108,2957,2156,54,1.292,1,2179,0,330.144,11.499,-114.313,-306.000,47.875,-0.406,0.586,2.188,4.359,10.641,9.445,0.574,0.820,1.061,1.402,3,NULL,NULL,,3,0,2,7,255,1125,250,0,0
stim,120217,150338,0,150338,3347654.453,-0.791,-0.118,-0.115,-0.589,0,0,1529,0,2966,117,2919,2053,54,1.292,1,2179,0,355.901,12.226,-130.250,-327.500,49.438,-0.488,0.520,2.102,3.984,11.559,9.094,0.658,0.906,1.061,1.402,3,NULL,NULL,,3,0,2,7,255,1125,250,0,0
stim,120217,150338,0,150338,3347659.455,-0.790,-0.131,-0.123,-0.586,0,0,1435,0,2937,133,2871,1973,54,1.292,1,2179,0,369.209,12.830,-128.125,-344.188,37.875,-0.512,0.516,2.098,3.180,12.430,7.703,0.754,1.004,1.061,1.402,3,NULL,NULL,,3,0,2,7,255,1125,250,0,0
stim,120217,150338,0,150338,3347664.453,-0.788,-0.145,-0.132,-0.583,0,0,1400,0,2902,120,2825,1883,54,1.292,1,2179,0,381.993,13.535,-117.875,-362.188,29.063,-0.543,0.426,2.246,3.113,13.172,7.703,0.854,1.108,1.061,1.402,3,NULL,NULL,,3,0,2,7,255,1125,250,0,0
stim,120217,150338,0,150338,3347669.455,-0.786,-0.158,-0.143,-0.580,0,0,1338,0,2845,123,2761,1737,54,1.292,1,2179,0,396.331,14.505,-89.813,-385.375,22.313,-0.629,0.387,2.582,2.156,14.344,8.023,0.958,1.214,1.061,1.402,3,NULL,NULL,,3,0,2,7,255,1125,250,0,0
stim,120244,150365,0,150365,3347674.454,-0.784,-0.171,-0.155,-0.577,0,0,1226,0,2788,102,2665,1612,54,1.292,1,2179,0,415.645,17.101,-87.938,-406.063,11.875,-0.699,0.660,2.980,2.156,16.965,10.219,1.058,1.318,1.061,1.402,3,NULL,NULL,,3,0,2,7,255,1125,250,0,0
stim,120244,150365,0,150365,3347679.457,-0.780,-0.186,-0.166,-0.574,0,0,1125,0,2701,75,2523,1477,54,1.292,1,2179,0,435.113,21.059,-122.250,-417.500,-8.500,-0.668,0.855,3.199,3.727,20.727,12.445,1.150,1.414,1.061,1.402,3,NULL,NULL,,3,0,2,7,255,1125,250,0,0
stim,120244,150365,0,150365,3347684.454,-0.775,-0.201,-0.177,-0.572,0,0,948,0,2601,63,2393,1307,54,1.292,1,2179,0,453.494,23.242,-150.063,-427.000,-28.438,-0.672,0.699,3.258,4.199,22.859,13.191,1.234,1.500,1.061,1.402,3,NULL,NULL,,3,0,2,7,255,1125,250,0,0
stim,120244,150365,0,150365,3347689.455,-0.769,-0.218,-0.187,-0.571,0,0,775,0,2463,21,2201,1140,54,1.292,1,2179,0,475.485,23.853,-180.938,-438.313,-35.063,-0.645,0.449,3.203,4.199,23.480,13.191,1.308,1.578,1.061,1.402,3,NULL,NULL,,3,0,2,7,255,1125,250,0,0
stim,120290,150411,0,150411,3347694.453,-0.763,-0.237,-0.197,-0.568,0,0,631,0,2269,0,1916,983,54,1.292,1,2179,0,506.106,23.575,-218.438,-455.875,-24.625,-0.598,0.109,2.855,2.105,23.480,12.254,1.376,1.652,1.061,1.402,3,NULL,NULL,,3,0,2,7,255,1125,250,0,0
stim,120290,150411,0,150411,3347699.455,-0.757,-0.257,-0.207,-0.565,0,0,453,0,2027,0,1603,845,54,1.292,1,2179,0,531.794,21.313,-244.250,-472.375,2.938,-0.441,-0.211,2.195,-0.727,21.301,9.238,1.448,1.726,1.061,1.402,3,NULL,NULL,,3,0,2,7,255,1125,250,0,0
stim,120290,150411,0,150411,3347704.453,-0.750,-0.276,-0.217,-0.561,0,0,313,0,1739,0,1159,715,54,1.292,1,2179,0,529.748,16.560,-221.625,-481.125,-5.875,-0.180,-0.355,1.453,-3.090,16.270,4.719,1.528,1.808,1.061,1.402,3,NULL,NULL,,3,0,2,7,255,1125,250,0,0
stim,120290,150411,0,150411,3347709.455,-0.744,-0.292,-0.229,-0.555,0,0,231,0,1427,0,587,567,54,1.292,1,2179,0,509.390,10.425,-125.500,-493.313,19.250,-0.070,-0.297,1.137,-3.090,9.957,0.422,1.612,1.896,1.061,1.402,3,NULL,NULL,,3,0,2,7,255,1125,250,0,0
stim,120290,150411,0,150411,3347714.454,-0.740,-0.306,-0.244,-0.547,0,0,123,0,1069,0,202,455,54,1.292,1,2179,0,505.668,10.376,-22.625,-503.500,40.938,-0.211,-0.020,1.535,-2.918,9.957,-0.840,1.698,1.986,1.061,1.402,3,NULL,NULL,,3,0,2,7,255,1125,250,0,0
stim,120290,150411,0,150411,3347719.455,-0.738,-0.318,-0.260,-0.536,0,0,112,0,669,0,0,408,54,1.292,1,2179,0,516.345,12.247,30.063,-507.750,88.875,-0.578,0.094,2.273,-1.121,12.195,-0.840,1.782,2.072,1.061,1.402,3,NULL,NULL,,3,0,2,7,255,1125,250,0,0
stim,120290,150411,0,150411,3347724.454,-0.735,-0.332,-0.274,-0.524,0,0,93,0,263,0,0,343,54,1.292,1,2179,0,542.547,20.507,-19.188,-521.813,147.313,-0.961,0.141,2.512,-1.121,20.477,-0.840,1.858,2.152,1.061,1.402,3,NULL,NULL,,3,0,2,7,255,1125,250,0,0
stim,120290,150411,0,150411,3347729.455,-0.732,-0.350,-0.285,-0.511,0,0,46,0,0,0,0,233,54,1.292,1,2179,0,562.775,24.377,-107.000,-523.875,175.563,-1.176,0.496,2.152,-1.121,24.352,-1.852,1.930,2.226,1.061,1.402,3,NULL,NULL,,3,0,2,7,255,1125,250,0,0
stim,120291,150412,0,150412,3347734.453,-0.726,-0.369,-0.294,-0.501,0,0,26,0,0,0,0,151,54,1.292,1,2179,0,544.854,24.353,-191.250,-492.375,133.625,-1.000,1.145,1.418,0.250,24.352,-7.531,1.998,2.294,1.061,1.402,3,NULL,NULL,,3,0,2,7,255,1125,250,0,0
stim,120291,150412,0,150412,3347739.455,-0.718,-0.386,-0.302,-0.494,0,0,23,0,0,0,0,89,54,1.292,1,2179,0,504.728,20.062,-211.688,-451.813,76.188,-0.504,1.633,1.070,6.969,18.813,-12.840,2.062,2.362,1.061,1.402,4,NULL,NULL,,3,0,2,7,255,1125,250,0,0
stim,120310,150431,0,150431,3347744.454,-0.711,-0.403,-0.307,-0.487,0,0,27,0,0,0,0,117,54,1.292,1,2179,0,463.685,18.542,-236.438,-389.438,86.250,-0.555,1.500,1.059,11.770,14.328,-12.867,2.128,2.430,1.061,1.402,0,NULL,NULL,,3,0,2,7,255,1125,250,0,0
stim,120310,150431,0,150431,3347749.455,-0.704,-0.422,-0.308,-0.481,0,0,31,0,0,0,0,132,54,1.292,1,2179,0,472.894,18.293,-322.938,-320.063,130.000,-0.406,1.160,0.762,11.770,14.004,-13.352,2.192,2.496,1.061,1.402,0,NULL,NULL,,3,0,2,7,255,1125,250,0,0
stim,120310,150431,0,150431,3347754.454,-0.697,-0.436,-0.307,-0.479,0,0,29,0,0,0,0,153,54,1.292,1,2179,0,373.981,13.638,-294.000,-224.938,53.188,-0.227,0.383,0.508,9.227,10.043,-13.352,2.246,2.556,1.061,1.402,0,NULL,NULL,,3,0,2,7,255,1125,250,0,0
stim,120310,150431,0,150431,3347759.455,-0.692,-0.444,-0.308,-0.478,0,0,29,0,0,0,0,187,54,1.292,1,2179,0,219.968,6.571,-167.750,-140.938,19.563,-0.344,-0.563,0.602,2.723,5.980,-10.809,2.290,2.602,1.061,1.402,0,NULL,NULL,,3,0,2,7,255,1125,250,0,0
stim,120333,150454,0,150454,3347764.453,-0.690,-0.449,-0.307,-0.478,0,0,29,0,0,0,0,199,54,1.292,1,2179,0,129.426,8.662,-103.438,-75.438,19.000,-0.535,-0.660,1.203,-6.266,5.980,-8.461,2.326,2.642,1.061,1.402,0,NULL,NULL,,3,0,2,7,255,1125,250,0,0
stim,120333,150454,0,150454,3347769.457,-0.686,-0.454,-0.304,-0.480,0,0,28,0,0,0,0,173,54,1.292,1,2179,0,172.139,13.572,-172.063,5.125,0.438,-0.645,-0.324,1.277,-6.266,12.039,-8.461,2.364,2.680,1.061,1.402,0,NULL,NULL,,3,0,2,7,255,1125,250,0,0
stim,120333,150454,0,150454,3347774.454,-0.682,-0.460,-0.296,-0.485,0,0,29,0,0,0,0,116,54,1.292,1,2179,0,264.667,12.915,-250.438,85.563,3.000,-0.566,0.395,0.371,-4.676,12.039,-9.172,2.402,2.722,1.061,1.402,0,NULL,NULL,,3,0,2,7,255,1125,250,0,0
stim,120333,150454,0,150454,3347779.455,-0.681,-0.463,-0.287,-0.490,0,0,33,0,0,0,0,111,54,1.292,1,2179,0,246.502,6.035,-198.250,144.813,22.125,-0.559,0.934,-0.461,1.820,5.754,-14.457,2.436,2.760,1.061,1.402,0,NULL,NULL,,3,0,2,7,255,1125,250,0,0
stim,120333,150454,0,150454,3347784.454,-0.682,-0.461,-0.280,-0.494,0,0,27,0,0,0,0,89,54,1.292,1,2179,0,194.173,5.258,-63.063,181.938,25.000,-0.711,0.898,-0.355,5.254,0.199,-19.551,2.462,2.790,1.061,1.402,0,NULL,NULL,,3,0,2,7,255,1125,250,0,0
stim,120333,150454,0,150454,3347789.455,-0.685,-0.457,-0.274,-0.498,0,0,22,0,0,0,0,77,54,1.292,1,2179,0,207.274,5.258,4.625,207.188,3.813,-0.875,0.496,0.367,5.254,0.199,-19.551,2.484,2.814,1.061,1.402,0,NULL,NULL,,3,0,2,7,255,1125,250,0,0
stim,120389,150510,0,150510,3347794.453,-0.686,-0.452,-0.267,-0.504,0,0,21,0,0,0,0,82,54,1.292,1,2179,0,229.190,7.412,-29.938,224.688,-33.875,-0.910,0.191,0.707,1.777,7.195,-17.195,2.502,2.834,1.061,1.402,0,NULL,NULL,,3,0,2,7,255,1125,250,0,0
stim,120389,150510,0,150510,3347799.457,-0.687,-0.448,-0.259,-0.510,0,0,23,0,0,0,0,83,54,1.292,1,2179,0,248.872,7.224,-61.500,239.500,-28.188,-0.379,-0.223,0.250,-0.641,7.195,-14.793,2.518,2.854,1.061,1.402,0,NULL,NULL,,3,0,2,7,255,1125,250,0,0
stim,120389,150510,0,150510,3347804.453,-0.689,-0.445,-0.250,-0.514,0,0,23,0,0,0,0,71,54,1.292,1,2179,0,250.863,4.206,-38.563,242.813,49.875,-0.211,-0.105,-0.133,-1.949,3.727,-11.699,2.532,2.870,1.061,1.402,0,NULL,NULL,,3,0,2,7,255,1125,250,0,0
stim,120389,150510,0,150510,3347809.455,-0.694,-0.440,-0.241,-0.516,0,0,22,0,0,0,0,73,54,1.292,1,2179,0,265.608,2.892,4.563,246.250,99.438,-0.621,0.430,-0.133,-1.949,2.137,-11.699,2.546,2.888,1.061,1.402,0,NULL,NULL,,3,0,2,7,255,1125,250,0,0
stim,120389,150510,0,150510,3347814.454,-0.699,-0.434,-0.233,-0.519,0,0,23,0,0,0,0,71,54,1.292,1,2179,0,262.439,2.599,33.250,251.438,67.438,-0.832,0.684,-0.031,1.480,2.137,-16.840,2.564,2.908,1.061,1.402,0,NULL,NULL,,3,0,2,7,255,1125,250,0,0
stim,120389,150510,0,150510,3347819.455,-0.703,-0.426,-0.226,-0.523,0,0,24,0,0,0,0,71,54,1.292,1,2179,0,264.802,4.183,51.813,258.813,21.250,-0.648,0.469,0.004,1.922,3.715,-16.840,2.586,2.934,1.061,1.402,0,NULL,NULL,,3,0,2,7,255,1125,250,0,0
stim,120389,150510,0,150510,3347824.454,-0.707,-0.418,-0.219,-0.526,0,0,21,0,0,0,0,71,54,1.292,1,2179,0,275.678,4.183,67.750,265.625,29.188,-0.391,0.207,0.055,1.922,3.715,-16.398,2.610,2.960,1.061,1.402,0,NULL,NULL,,3,0,2,7,255,1125,250,0,0
stim,120389,150510,0,150510,3347829.455,-0.712,-0.410,-0.211,-0.529,0,0,21,0,0,0,0,60,54,1.292,1,2179,0,287.298,3.794,77.188,271.125,55.438,-0.461,0.238,0.176,0.770,3.715,-13.156,2.640,2.992,1.061,1.402,0,NULL,NULL,,3,0,2,7,255,1125,250,0,0
stim,120389,150510,0,150510,3347834.453,-0.717,-0.401,-0.204,-0.532,0,0,21,0,0,0,0,59,54,1.292,1,2179,0,294.288,4.159,90.500,273.875,58.375,-0.566,0.230,0.223,0.527,4.125,-13.156,2.674,3.030,1.061,1.402,0,NULL,NULL,,3,0,2,7,255,1125,250,0,0
stim,120389,150510,0,150510,3347839.455,-0.723,-0.392,-0.197,-0.534,0,0,18,0,0,0,0,60,54,1.292,1,2179,0,300.172,5.220,109.750,275.375,47.188,-0.629,0.230,0.367,0.414,5.203,-13.047,2.712,3.070,1.061,1.402,0,NULL,NULL,,3,0,2,7,255,1125,250,0,0
stim,120412,150533,0,150533,3347844.454,-0.727,-0.382,-0.191,-0.537,0,0,19,0,0,0,0,62,54,1.292,1,2179,0,302.182,6.794,112.000,279.125,29.313,-0.586,0.262,0.563,0.414,6.781,-12.797,2.752,3.114,1.061,1.402,0,NULL,NULL,,3,0,2,7,255,1125,250,0,0
stim,120412,150533,0,150533,3347849.455,-0.732,-0.372,-0.184,-0.541,0,0,19,0,0,0,0,56,54,1.292,1,2179,0,302.834,8.163,102.688,284.250,19.125,-0.484,0.281,0.668,1.172,8.078,-11.254,2.794,3.158,1.061,1.402,0,NULL,NULL,,3,0,2,7,255,1125,250,0,0
stim,120412,150533,0,150533,3347854.454,-0.736,-0.362,-0.177,-0.545,0,0,18,0,0,0,0,57,54,1.292,1,2179,0,305.897,8.473,97.125,289.438,19.125,-0.457,0.273,0.730,1.879,8.262,-9.773,2.836,3.204,1.061,1.402,0,NULL,NULL,,3,0,2,7,255,1125,250,0,0
stim,120412,150533,0,150533,3347859.455,-0.739,-0.352,-0.169,-0.548,0,0,17,0,0,0,0,52,54,1.292,1,2179,0,310.869,8.724,95.063,295.625,14.438,-0.508,0.258,0.816,1.879,8.520,-8.949,2.880,3.250,1.061,1.402,0,NULL,NULL,,3,0,2,7,255,1125,250,0,0
stim,120432,150553,0,150553,3347864.453,-0.743,-0.342,-0.162,-0.553,0,0,19,0,0,0,0,45,54,1.292,1,2179,0,316.383,9.581,89.125,303.563,-2.125,-0.523,0.250,0.895,1.918,9.387,-8.422,2.920,3.294,1.061,1.402,0,NULL,NULL,,3,0,2,7,255,1125,250,0,0
stim,120432,150553,0,150553,3347869.455,-0.745,-0.331,-0.154,-0.558,0,0,18,0,0,0,0,56,54,1.292,1,2179,0,322.897,9.845,77.750,312.813,-19.125,-0.445,0.246,0.945,1.918,9.656,-7.648,2.958,3.336,1.061,1.402,0,NULL,NULL,,3,0,2,7,255,1125,250,0,0
stim,120432,150553,0,150553,3347874.454,-0.748,-0.321,-0.146,-0.563,0,0,21,0,0,0,0,57,54,1.292,1,2179,0,331.521,9.917,67.000,323.688,-25.375,-0.371,0.234,0.918,2.258,9.656,-6.574,2.992,3.372,1.061,1.402,0,NULL,NULL,,3,0,2,7,255,1125,250,0,0
stim,120432,150553,0,150553,3347879.455,-0.750,-0.311,-0.137,-0.568,0,0,17,0,0,0,0,48,54,1.292,1,2179,0,342.417,9.133,62.875,335.500,-27.125,-0.367,0.238,0.879,2.426,8.805,-6.074,3.022,3.404,1.061,1.402,0,NULL,NULL,,3,0,2,7,255,1125,250,0,0
stim,120458,150579,0,150579,3347884.454,-0.751,-0.300,-0.128,-0.574,0,0,13,0,0,0,0,61,54,1.292,1,2179,0,354.901,8.772,63.313,347.438,-35.125,-0.371,0.246,0.844,2.480,8.414,-6.074,3.048,3.432,1.061,1.402,0,NULL,NULL,,3,0,2,7,255,1125,250,0,0
stim,120458,150579,0,150579,3347889.457,-0.753,-0.288,-0.118,-0.580,0,0,5,0,0,0,0,67,54,1.292,1,2179,0,367.702,8.512,66.563,358.625,-46.500,-0.273,0.242,0.805,2.551,8.121,-6.074,3.070,3.458,1.061,1.402,0,NULL,NULL,,3,0,2,7,255,1125,250,0,0
stim,120485,150606,0,150606,3347894.453,-0.754,-0.276,-0.109,-0.586,0,0,3,0,0,0,0,91,54,1.292,1,2179,0,378.696,7.482,73.438,367.938,-51.375,-0.094,0.188,0.738,2.742,6.961,-5.668,3.092,3.482,1.061,1.402,0,NULL,NULL,,3,0,2,7,255,1125,250,0,0
stim,120485,150606,0,150606,3347899.455,-0.755,-0.263,-0.100,-0.592,0,0,3,0,0,0,0,85,54,1.292,1,2179,0,385.059,5.614,88.125,372.563,-41.250,-0.027,0.145,0.680,2.742,4.898,-4.949,3.112,3.506,1.061,1.402,0,NULL,NULL,,3,0,2,7,255,1125,250,0,0
stim,120485,150606,0,150606,3347904.453,-0.757,-0.250,-0.091,-0.597,0,0,0,0,0,0,0,93,54,1.292,1,2179,0,389.059,5.101,111.250,371.625,-29.750,-0.066,0.262,0.715,2.742,4.301,-4.898,3.134,3.528,1.061,1.402,0,NULL,NULL,,3,0,2,7,255,1125,250,0,0
stim,120485,150606,0,150606,3347909.455,-0.758,-0.236,-0.083,-0.602,0,0,0,0,0,0,0,93,54,1.292,1,2179,0,393.359,5.533,130.625,369.188,-37.000,-0.133,0.332,0.820,3.480,4.301,-4.816,3.154,3.552,1.061,1.402,0,NULL,NULL,,3,0,2,7,255,1125,250,0,0
stim,120485,150606,0,150606,3347914.454,-0.760,-0.221,-0.075,-0.607,0,0,0,0,0,0,0,87,54,1.292,1,2179,0,395.362,5.533,146.063,365.125,-40.750,-0.008,0.164,0.871,3.480,4.301,-4.293,3.176,3.576,1.061,1.402,0,NULL,NULL,,3,0,2,7,255,1125,250,0,0
stim,120485,150606,0,150606,3347919.455,-0.761,-0.206,-0.068,-0.611,0,0,0,0,0,0,0,89,54,1.292,1,2179,0,395.070,4.946,159.750,360.688,-21.563,0.082,0.113,0.953,3.008,3.926,-2.738,3.198,3.602,1.061,1.402,0,NULL,NULL,,3,0,2,7,255,1125,250,0,0
stim,120485,150606,0,150606,3347924.454,-0.764,-0.191,-0.060,-0.614,0,0,0,0,0,0,0,83,54,1.292,1,2179,0,394.337,4.343,170.438,355.563,5.313,0.105,0.168,1.027,3.008,3.133,-1.414,3.226,3.630,1.061,1.402,0,NULL,NULL,,3,0,2,7,255,1125,250,0,0
stim,120485,150606,0,150606,3347929.455,-0.766,-0.176,-0.053,-0.616,0,0,0,0,0,0,0,81,54,1.292,1,2179,0,395.812,4.683,179.750,351.500,28.375,0.039,0.262,1.109,3.480,3.133,-0.684,3.252,3.660,1.061,1.402,0,NULL,NULL,,3,0,2,7,255,1125,250,0,0
stim,120485,150606,0,150606,3347934.453,-0.769,-0.160,-0.047,-0.617,0,0,0,0,0,0,0,77,54,1.292,1,2179,0,398.482,5.633,192.188,347.250,35.625,-0.074,0.309,1.230,4.238,3.711,-0.234,3.280,3.690,1.061,1.402,0,NULL,NULL,,3,0,2,7,255,1125,250,0,0
stim,120485,150606,0,150606,3347939.455,-0.772,-0.144,-0.040,-0.618,0,0,0,0,0,0,0,77,54,1.292,1,2179,0,400.169,6.659,202.688,343.750,29.813,-0.160,0.340,1.441,4.531,4.879,0.637,3.308,3.720,1.061,1.402,0,NULL,NULL,,3,0,2,7,255,1125,250,0,0
stim,120514,150635,0,150635,3347944.454,-0.774,-0.128,-0.034,-0.620,0,0,0,0,0,0,0,74,54,1.292,1,2179,0,394.631,7.255,195.250,342.563,16.188,-0.137,0.297,1.613,4.559,5.645,2.551,3.334,3.750,1.061,1.402,0,NULL,NULL,,3,0,2,7,255,1125,250,0,0
stim,120514,150635,0,150635,3347949.455,-0.775,-0.113,-0.027,-0.621,0,0,0,0,0,0,0,78,54,1.292,1,2179,0,385.792,7.255,179.313,341.250,15.188,-0.082,0.215,1.691,4.559,5.645,4.555,3.360,3.778,1.061,1.402,0,NULL,NULL,,3,0,2,7,255,1125,250,0,0
stim,120514,150635,0,150635,3347954.454,-0.777,-0.098,-0.020,-0.622,0,0,0,0,0,0,0,77,54,1.292,1,2179,0,380.243,6.252,167.938,340.438,22.000,-0.082,0.250,1.754,4.164,4.664,5.738,3.384,3.804,1.061,1.402,0,NULL,NULL,,3,0,2,7,255,1125,250,0,0
stim,120514,150635,0,150635,3347959.455,-0.778,-0.083,-0.013,-0.623,0,0,0,0,0,0,0,89,54,1.292,1,2179,0,374.770,6.238,157.500,339.125,25.313,-0.152,0.293,1.809,4.164,4.645,6.480,3.402,3.824,1.061,1.402,0,NULL,NULL,,3,0,2,7,255,1125,250,0,0
stim,120514,150635,0,150635,3347964.453,-0.779,-0.069,-0.005,-0.624,0,0,5,0,0,0,0,97,54,1.292,1,2179,0,369.030,6.203,147.125,337.875,19.438,-0.203,0.266,1.852,4.164,4.598,6.984,3.418,3.844,1.061,1.402,0,NULL,NULL,,3,0,2,7,255,1125,250,0,0
stim,120514,150635,0,150635,3347969.455,-0.779,-0.055,0.002,-0.624,0,0,6,0,0,0,0,93,54,1.292,1,2179,0,363.331,6.076,136.375,336.563,11.688,-0.203,0.207,1.867,3.973,4.598,7.578,3.430,3.858,1.061,1.402,0,NULL,NULL,,3,0,2,7,255,1125,250,0,0
stim,120514,150635,0,150635,3347974.454,-0.779,-0.042,0.010,-0.625,0,0,5,0,0,0,0,99,54,1.292,1,2179,0,358.811,5.141,128.000,335.125,7.250,-0.191,0.172,1.848,3.328,3.918,7.934,3.438,3.870,1.061,1.402,0,NULL,NULL,,3,0,2,7,255,1125,250,0,0
stim,120544,150665,0,150665,3347979.455,-0.779,-0.028,0.018,-0.626,0,0,8,0,0,0,0,99,54,1.292,1,2179,0,355.311,4.327,125.750,332.250,6.563,-0.219,0.152,1.832,2.918,3.195,7.934,3.442,3.876,1.061,1.402,0,NULL,NULL,,3,0,2,7,255,1125,250,0,0
stim,120544,150665,0,150665,3347984.454,-0.779,-0.015,0.026,-0.627,0,0,6,0,0,0,0,92,54,1.292,1,2179,0,352.397,3.842,128.188,328.250,1.875,-0.246,0.148,1.832,2.605,2.824,7.934,3.440,3.878,1.061,1.402,0,NULL,NULL,,3,0,2,7,255,1125,250,0,0
stim,120544,150665,0,150665,3347989.455,-0.778,-0.001,0.033,-0.628,0,0,7,0,0,0,0,99,54,1.292,1,2179,0,350.544,3.507,134.250,323.750,-6.625,-0.242,0.113,1.852,2.406,2.551,8.012,3.434,3.874,1.061,1.402,0,NULL,NULL,,3,0,2,7,255,1125,250,0,0
stim,120581,150702,0,150702,3347994.453,-0.777,0.013,0.040,-0.629,0,0,10,0,0,0,0,109,54,1.292,1,2179,0,349.504,2.731,142.313,318.938,-13.375,-0.211,0.066,1.883,1.996,1.863,8.305,3.422,3.864,1.061,1.402,0,NULL,NULL,,3,0,2,7,255,1125,250,0,0
stim,120581,150702,0,150702,3347999.455,-0.775,0.026,0.046,-0.630,0,0,10,0,0,0,0,107,54,1.292,1,2179,0,349.860,1.784,151.375,314.938,-17.375,-0.164,-0.008,1.895,1.543,0.895,8.668,3.400,3.846,1.061,1.402,0,NULL,NULL,,3,0,2,7,255,1125,250,0,0
stim,120581,150702,0,150702,3348004.453,-0.773,0.040,0.052,-0.630,0,0,10,0,0,0,0,116,54,1.292,1,2179,0,352.271,0.841,163.063,311.688,-18.875,-0.113,-0.063,1.875,0.797,-0.270,8.668,3.370,3.820,1.061,1.402,0,NULL,NULL,,3,0,2,7,255,1125,250,0,0
stim,120581,150702,0,150702,3348009.455,-0.772,0.055,0.058,-0.631,0,0,12,0,0,0,0,113,54,1.292,1,2179,0,358.854,1.372,181.250,309.000,-21.063,-0.047,-0.098,1.836,0.211,-1.355,8.570,3.328,3.780,1.061,1.402,0,NULL,NULL,,3,0,2,7,255,1125,250,0,0
stim,120581,150702,0,150702,3348014.454,-0.769,0.070,0.062,-0.632,0,0,8,0,0,0,0,112,54,1.292,1,2179,0,372.333,2.563,210.250,306.375,-23.688,0.055,-0.152,1.859,-0.211,-2.555,8.055,3.274,3.728,1.061,1.402,0,NULL,NULL,,3,0,2,7,255,1125,250,0,0
stim,120581,150702,0,150702,3348019.455,-0.767,0.086,0.066,-0.633,0,0,13,0,0,0,0,112,54,1.292,1,2179,0,388.618,4.213,240.375,304.313,-25.250,0.199,-0.137,1.984,-0.590,-4.172,8.055,3.204,3.662,1.061,1.402,0,NULL,NULL,,3,0,2,7,255,1125,250,0,0
stim,120606,150727,0,150727,3348024.454,-0.764,0.104,0.069,-0.634,0,0,13,0,0,0,0,117,54,1.292,1,2179,0,404.912,6.293,266.313,303.813,-27.000,0.391,-0.082,2.148,-0.590,-6.266,8.754,3.126,3.586,1.061,1.402,0,NULL,NULL,,3,0,2,7,255,1125,250,0,0
stim,120606,150727,0,150727,3348029.455,-0.760,0.121,0.071,-0.634,0,0,9,0,0,0,0,107,54,1.292,1,2179,0,420.429,8.922,288.938,304.313,-25.875,0.605,-0.051,2.344,-0.051,-8.922,9.711,3.038,3.500,1.061,1.402,0,NULL,NULL,,3,0,2,7,255,1125,250,0,0
stim,120606,150727,0,150727,3348034.453,-0.757,0.140,0.073,-0.634,0,0,16,0,0,0,0,114,54,1.292,1,2179,0,431.746,11.962,304.625,305.313,-19.813,0.789,-0.023,2.570,0.172,-11.961,10.730,2.938,3.404,1.061,1.402,0,NULL,NULL,,3,0,2,7,255,1125,250,0,0
stim,120606,150727,0,150727,3348039.455,-0.753,0.158,0.075,-0.634,0,0,13,0,0,0,0,112,54,1.292,1,2179,0,433.882,14.915,307.063,306.250,-13.313,0.941,0.012,2.766,0.172,-14.914,11.953,2.830,3.298,1.061,1.402,0,NULL,NULL,,3,0,2,7,255,1125,250,0,0
stim,120606,150727,0,150727,3348044.454,-0.749,0.177,0.076,-0.633,0,0,13,0,0,0,0,106,54,1.292,1,2179,0,427.964,17.555,298.125,306.938,-8.000,1.059,0.039,2.898,0.156,-17.555,12.883,2.712,3.182,1.061,1.402,0,NULL,NULL,,3,0,2,7,255,1125,250,0,0
stim,120606,150727,0,150727,3348049.455,-0.746,0.194,0.079,-0.632,0,0,11,0,0,0,0,113,54,1.292,1,2179,0,418.333,19.750,286.500,304.813,-3.063,1.125,0.043,3.016,-0.008,-19.750,13.168,2.586,3.058,1.061,1.402,0,NULL,NULL,,3,0,2,7,255,1125,250,0,0
stim,120606,150727,0,150727,3348054.453,-0.742,0.211,0.081,-0.631,0,0,9,0,0,0,0,123,54,1.292,1,2179,0,400.878,21.502,266.813,299.188,-1.063,1.141,0.027,3.121,-0.508,-21.496,13.371,2.452,2.926,1.061,1.402,0,NULL,NULL,,3,0,2,7,255,1125,250,0,0
stim,120606,150727,0,150727,3348059.455,-0.738,0.227,0.084,-0.630,0,0,11,0,0,0,0,137,54,1.292,1,2179,0,374.180,22.751,236.875,289.625,-4.313,1.215,0.133,3.203,-0.645,-22.742,13.523,2.312,2.786,1.061,1.402,0,NULL,NULL,,3,0,2,7,255,1125,250,0,0
stim,120634,150755,0,150755,3348064.453,-0.735,0.241,0.088,-0.628,0,0,12,0,0,0,0,151,54,1.292,1,2179,0,343.325,24.274,199.500,279.000,-15.188,1.418,0.250,3.184,-0.645,-24.266,13.523,2.168,2.642,1.061,1.402,0,NULL,NULL,,3,0,2,7,255,1125,250,0,0
stim,120634,150755,0,150755,3348069.457,-0.731,0.253,0.092,-0.627,0,0,8,0,0,0,0,165,54,1.292,1,2179,0,311.644,26.427,159.688,266.813,-20.813,1.684,0.180,3.070,0.293,-26.426,12.070,2.018,2.494,1.061,1.402,0,NULL,NULL,,3,0,2,7,255,1125,250,0,0
stim,120634,150755,0,150755,3348074.454,-0.728,0.263,0.097,-0.625,0,0,11,0,0,0,0,181,54,1.292,1,2179,0,279.659,28.775,117.563,253.313,-14.875,1.922,-0.020,2.836,0.293,-28.773,9.066,1.868,2.344,1.061,1.402,0,NULL,NULL,,3,0,2,7,255,1125,250,0,0
stim,120634,150755,0,150755,3348079.455,-0.726,0.272,0.103,-0.623,0,0,17,0,0,0,0,207,54,1.292,1,2179,0,251.776,30.268,81.875,238.063,-3.750,2.086,-0.254,2.473,-0.922,-30.254,4.883,1.712,2.188,1.061,1.402,0,NULL,NULL,,3,0,2,7,255,1125,250,0,0
stim,120634,150755,0,150755,3348084.453,-0.724,0.281,0.108,-0.621,0,0,11,0,0,0,0,236,54,1.292,1,2179,0,231.419,30.338,67.125,221.438,3.813,2.227,-0.426,2.086,-2.258,-30.254,-0.094,1.552,2.024,1.061,1.402,0,NULL,NULL,,3,0,2,7,255,1125,250,0,0
stim,120634,150755,0,150755,3348089.455,-0.722,0.288,0.112,-0.619,0,0,16,0,0,0,0,269,54,1.292,1,2179,0,216.212,29.901,70.875,204.125,7.563,2.402,-0.543,1.777,-2.926,-29.758,-4.957,1.384,1.856,1.061,1.402,0,NULL,NULL,,3,0,2,7,255,1125,250,0,0
stim,120687,150808,0,150808,3348094.453,-0.720,0.296,0.116,-0.616,0,0,16,0,0,0,0,299,54,1.292,1,2179,0,204.179,29.924,83.688,185.625,15.125,2.598,-0.645,1.566,-3.152,-29.758,-9.168,1.212,1.684,1.061,1.402,0,NULL,NULL,,3,0,2,7,255,1125,250,0,0
stim,120687,150808,0,150808,3348099.455,-0.719,0.304,0.118,-0.614,0,0,7,0,0,0,0,324,54,1.292,1,2179,0,195.149,30.354,98.750,166.250,26.313,2.801,-0.754,1.414,-3.324,-30.172,-12.645,1.038,1.508,1.061,1.402,0,NULL,NULL,,3,0,2,7,255,1125,250,0,0
stim,120687,150808,0,150808,3348104.454,-0.717,0.311,0.119,-0.612,0,0,7,0,0,0,0,335,54,1.292,1,2179,0,189.376,31.153,114.063,146.188,38.500,2.984,-0.895,1.309,-3.594,-30.945,-15.688,0.864,1.330,1.061,1.402,0,NULL,NULL,,3,0,2,7,255,1125,250,0,0
stim,120687,150808,0,150808,3348109.455,-0.716,0.319,0.119,-0.609,0,0,8,0,0,0,0,364,54,1.292,1,2179,0,187.278,32.073,130.000,125.563,49.063,3.047,-1.020,1.234,-4.262,-31.789,-18.336,0.682,1.144,1.061,1.402,0,NULL,NULL,,3,0,2,7,255,1125,250,0,0
stim,120687,150808,0,150808,3348114.453,-0.714,0.327,0.118,-0.607,0,0,12,0,0,0,0,369,54,1.292,1,2179,0,184.827,32.260,147.938,103.250,40.188,3.121,-1.281,1.230,-5.070,-31.859,-20.023,0.490,0.940,1.061,1.402,0,NULL,NULL,,3,0,2,7,255,1125,250,0,0
stim,120687,150808,0,150808,3348119.455,-0.713,0.334,0.115,-0.605,0,0,9,0,0,0,0,369,54,1.292,1,2179,0,186.993,33.260,158.938,71.875,67.375,3.359,-1.770,1.375,-7.266,-32.457,-21.652,0.312,0.714,1.061,1.402,0,NULL,NULL,,3,0,2,7,255,1125,250,0,0
stim,120687,150808,0,150808,3348124.454,-0.714,0.340,0.111,-0.602,0,0,17,0,3,0,0,371,54,1.292,1,2179,0,196.387,36.946,153.688,38.438,116.063,3.145,-1.582,1.727,-10.684,-35.367,-21.652,0.236,0.512,1.061,1.402,0,NULL,NULL,,3,0,2,7,255,1125,250,0,0
stim,120687,150808,0,150808,3348129.455,-0.714,0.346,0.105,-0.599,0,0,11,0,3,0,0,359,54,1.292,1,2179,0,191.038,36.983,163.563,11.250,98.063,2.445,-1.430,1.652,-10.813,-35.367,-19.688,0.306,0.390,1.061,1.402,0,NULL,NULL,,3,0,2,7,255,1125,250,0,0
stim,120688,150809,0,150809,3348134.454,-0.712,0.352,0.099,-0.599,0,0,13,0,0,0,0,347,54,1.292,1,2179,0,196.265,33.329,190.375,-27.500,39.000,2.285,-0.969,2.215,-10.684,-31.570,-16.090,0.374,0.366,1.061,1.402,0,NULL,NULL,,3,0,2,7,255,1125,250,0,0
stim,120688,150809,0,150809,3348139.455,-0.711,0.355,0.093,-0.600,0,0,11,0,0,0,0,345,54,1.292,1,2179,0,156.947,32.703,144.938,-59.438,9.625,2.199,-0.691,2.891,-8.531,-31.570,-9.684,0.404,0.394,1.061,1.402,0,NULL,NULL,,3,0,2,7,255,1125,250,0,0
stim,120711,150832,0,150832,3348144.453,-0.710,0.354,0.089,-0.602,0,0,3,0,0,0,0,341,54,1.292,1,2179,0,100.747,35.205,53.938,-85.063,2.250,2.031,-0.543,3.039,-8.211,-34.234,-3.320,0.414,0.424,1.061,1.402,0,NULL,NULL,,3,0,2,7,255,1125,250,0,0
stim,120711,150832,0,150832,3348149.455,-0.711,0.351,0.087,-0.604,0,0,3,0,0,0,0,355,54,1.292,1,2179,0,110.385,35.132,-28.875,-104.125,-22.563,1.555,-0.305,2.754,-7.891,-34.234,-0.625,0.430,0.456,1.061,1.402,0,NULL,NULL,,3,0,2,7,255,1125,250,0,0
stim,120711,150832,0,150832,3348154.453,-0.711,0.344,0.086,-0.607,0,0,0,0,0,0,0,452,54,1.292,1,2179,0,159.996,29.451,-86.688,-122.688,-55.063,1.598,-0.426,2.648,-6.988,-28.609,-0.098,0.454,0.486,1.061,1.402,0,NULL,NULL,,3,0,2,7,255,1125,250,0,0
stim,120711,150832,0,150832,3348159.455,-0.714,0.339,0.081,-0.607,268,0,0,662,0,51,0,606,54,1.292,1,2179,0,184.324,29.102,-27.188,-172.625,58.625,0.355,-1.035,3.688,-6.988,-28.250,1.008,0.462,0.506,1.061,1.402,0,NULL,NULL,,3,0,2,7,255,1125,250,0,0
stim,120731,150852,0,150852,3348164.454,-0.728,0.337,0.062,-0.594,995,0,0,1343,0,299,0,569,54,1.292,1,2179,0,622.443,26.233,82.813,-265.063,557.063,-0.863,1.535,6.063,-6.988,-25.285,12.457,0.444,0.512,1.061,1.402,0,NULL,NULL,,3,0,2,7,255,1125,250,0,0
stim,120731,150852,0,150852,3348169.455,-0.752,0.311,0.070,-0.576,1639,0,0,1821,0,550,0,652,54,1.292,1,2179,0,916.885,25.039,-740.250,-142.438,521.938,-1.551,3.543,3.516,-5.453,-24.438,37.699,0.408,0.508,1.061,1.402,0,NULL,NULL,,3,0,2,7,255,1125,250,0,0
stim,120731,150852,0,150852,3348174.454,-0.769,0.279,0.085,-0.569,2101,0,0,2025,0,811,0,731,54,1.292,1,2180,0,911.121,16.403,-881.938,-144.063,177.688,-2.668,2.723,-0.371,16.383,-0.820,37.699,0.374,0.498,1.061,1.402,1,1146.000,21.000,,3,0,2,7,255,1125,250,0,0
stim,120731,150852,0,150852,3348179.455,-0.776,0.259,0.095,-0.568,2335,0,0,2169,0,995,0,799,54,1.292,1,2180,0,546.888,33.430,-538.438,-95.500,7.188,-2.418,2.367,-2.121,16.383,29.141,7.070,0.354,0.474,1.061,1.402,1,NULL,NULL,,3,0,2,7,255,1125,250,0,0
stim,120773,150894,0,150894,3348184.453,-0.775,0.249,0.096,-0.573,2493,0,0,2278,0,1235,0,904,54,1.292,1,2180,0,257.582,33.265,-171.250,-125.250,-146.063,-0.637,1.211,-0.902,16.043,29.141,-10.945,0.352,0.428,1.061,1.402,1,NULL,NULL,,3,0,2,7,255,1125,250,0,0
stim,120773,150894,0,150894,3348189.455,-0.773,0.247,0.093,-0.577,2693,0,0,2537,0,1344,0,977,54,1.292,1,2180,0,139.185,15.840,13.625,-112.813,-80.375,0.605,0.672,1.059,9.980,12.301,-10.945,0.366,0.366,1.061,1.402,1,NULL,NULL,,3,0,2,7,255,1125,250,0,0
stim,120773,150894,0,150894,3348194.454,-0.778,0.241,0.089,-0.574,2825,0,0,2699,0,1399,0,1059,54,1.292,1,2180,0,196.692,10.544,-68.813,-135.438,124.938,0.059,1.203,1.398,9.684,-4.172,-1.707,0.390,0.292,1.061,1.402,2,NULL,NULL,,3,0,2,7,255,1125,250,0,0
stim,120773,150894,0,150894,3348199.455,-0.788,0.229,0.085,-0.565,2926,0,0,2837,0,1447,0,1181,54,1.292,1,2180,0,431.884,8.025,-254.750,-205.188,282.000,-1.930,-0.023,1.273,6.855,-4.172,4.883,0.412,0.236,1.061,1.402,2,NULL,NULL,,3,0,2,7,255,1125,250,0,0
stim,120773,150894,0,150894,3348204.454,-0.793,0.213,0.087,-0.564,2975,0,0,2919,0,1477,0,1299,54,1.292,1,2180,0,384.063,13.122,-330.750,-189.063,48.625,-2.688,-0.852,0.332,-8.055,10.359,4.883,0.422,0.202,1.061,1.402,2,NULL,NULL,,3,0,2,7,255,1125,250,0,0
stim,120773,150894,0,150894,3348209.455,-0.792,0.200,0.086,-0.570,3029,0,0,2987,0,1492,0,1391,54,1.292,1,2180,0,340.247,17.490,-211.813,-202.688,-172.688,-1.535,-0.859,-0.309,-12.859,11.855,1.316,0.426,0.186,1.061,1.402,2,NULL,NULL,,3,0,2,7,255,1125,250,0,0
stim,120773,150894,0,150894,3348214.453,-0.787,0.193,0.082,-0.581,3058,0,0,3039,0,1515,0,1461,54,1.292,1,2180,0,328.085,17.490,-29.125,-197.063,-260.688,0.195,-1.004,0.535,-12.859,11.855,-7.453,0.432,0.174,1.061,1.402,2,NULL,NULL,,3,0,2,7,255,1125,250,0,0
stim,120773,150894,0,150894,3348219.455,-0.783,0.189,0.076,-0.588,3083,0,0,3099,0,1531,0,1486,54,1.292,1,2180,0,250.957,12.216,29.375,-178.500,-173.938,1.453,-1.434,1.621,-10.426,-6.367,-7.453,0.442,0.164,1.061,1.402,2,NULL,NULL,,3,0,2,7,255,1125,250,0,0
stim,120811,150932,0,150932,3348224.454,-0.783,0.184,0.072,-0.590,3099,0,0,3135,0,1573,0,1471,54,1.292,1,2180,0,158.705,24.603,-21.938,-156.563,-13.938,1.859,-1.781,2.070,-10.426,-22.285,-2.500,0.456,0.150,1.061,1.402,2,NULL,NULL,,3,0,2,7,255,1125,250,0,0
stim,120811,150932,0,150932,3348229.455,-0.789,0.176,0.069,-0.584,3117,0,0,3159,0,1657,0,1450,54,1.292,1,2180,0,258.703,27.433,-136.438,-140.313,169.188,1.402,-1.980,1.930,-12.906,-24.207,-0.035,0.474,0.134,1.061,1.402,2,NULL,NULL,,3,0,2,7,255,1125,250,0,0
stim,120811,150932,0,150932,3348234.454,-0.798,0.167,0.068,-0.574,3115,0,0,3183,0,1745,28,1452,54,1.292,1,2180,0,375.945,27.433,-193.125,-129.438,295.438,0.168,-1.180,0.836,-12.906,-24.207,-0.035,0.496,0.114,1.061,1.402,2,NULL,NULL,,3,0,2,7,255,1125,250,0,0
stim,120811,150932,0,150932,3348239.455,-0.807,0.161,0.064,-0.565,3143,0,0,3198,0,1845,51,1500,54,1.292,1,2180,0,334.319,13.358,-121.188,-133.438,281.563,-1.004,-0.250,0.293,-10.910,-7.707,-4.449,0.516,0.096,1.061,1.402,2,NULL,NULL,,3,0,2,7,255,1125,250,0,0
stim,120811,150932,0,150932,3348244.453,-0.811,0.156,0.060,-0.561,3129,0,0,3192,0,1947,99,1573,54,1.292,1,2180,0,202.631,9.225,-59.313,-144.625,128.938,-1.660,0.438,0.910,-6.004,7.004,-4.449,0.534,0.082,1.061,1.402,2,NULL,NULL,,3,0,2,7,255,1125,250,0,0
stim,120811,150932,0,150932,3348249.455,-0.811,0.151,0.055,-0.562,3135,0,0,3218,0,2043,157,1671,54,1.292,1,2180,0,149.304,7.426,-31.813,-145.875,-0.500,-0.473,0.852,0.898,-2.469,7.004,1.063,0.548,0.070,1.061,1.402,2,NULL,NULL,,3,0,2,7,255,1125,250,0,0
stim,120811,150932,0,150932,3348254.453,-0.812,0.146,0.051,-0.563,3132,0,0,3205,0,2122,169,1699,54,1.292,1,2180,0,149.907,5.178,-39.063,-144.000,-14.500,-0.152,0.484,1.566,2.980,4.234,3.750,0.556,0.064,1.061,1.402,2,NULL,NULL,,3,0,2,7,255,1125,250,0,0
stim,120811,150932,0,150932,3348259.455,-0.813,0.139,0.049,-0.564,3143,0,0,3207,0,2195,205,1765,54,1.292,1,2180,0,172.134,3.347,-113.563,-129.000,-9.625,0.094,0.086,1.531,2.980,-1.523,4.504,0.564,0.058,1.061,1.402,2,NULL,NULL,,3,0,2,7,255,1125,250,0,0
stim,120829,150950,0,150950,3348264.454,-0.814,0.131,0.048,-0.564,3144,0,0,3206,21,2261,223,1875,54,1.292,1,2180,0,183.378,4.467,-140.000,-118.313,5.438,0.133,-0.211,1.000,0.301,-4.457,4.504,0.574,0.052,1.061,1.402,2,NULL,NULL,,3,0,2,7,255,1125,250,0,0
stim,120829,150950,0,150950,3348269.455,-0.815,0.124,0.047,-0.564,3132,0,0,3207,203,2317,315,1981,54,1.292,1,2180,0,155.276,4.855,-109.625,-109.938,2.625,0.047,-0.512,0.879,-1.926,-4.457,-0.902,0.584,0.046,1.061,1.402,2,NULL,NULL,,3,0,2,7,255,1125,250,0,0
stim,120829,150950,0,150950,3348274.454,-0.815,0.121,0.046,-0.565,3133,0,0,3209,437,2344,320,2085,54,1.292,1,2180,0,88.141,6.076,-40.500,-76.500,-16.625,0.285,-0.500,1.391,-4.129,-4.457,-0.902,0.592,0.038,1.061,1.402,2,NULL,NULL,,3,0,2,7,255,1125,250,0,0
stim,120829,150950,0,150950,3348279.455,-0.815,0.119,0.045,-0.566,3141,0,0,3207,649,2364,365,2136,54,1.292,1,2180,0,46.618,8.609,-20.625,-38.250,-16.875,0.570,0.074,1.188,-4.129,-7.555,0.422,0.602,0.032,1.061,1.402,2,NULL,NULL,,3,0,2,7,255,1125,250,0,0
stim,120853,150974,0,150974,3348284.453,-0.815,0.119,0.043,-0.566,3129,0,0,3198,776,2397,388,2151,54,1.292,1,2180,0,41.913,7.866,7.625,-41.000,4.188,0.523,0.902,1.207,2.191,-7.555,1.648,0.608,0.028,1.061,1.402,2,NULL,NULL,,3,0,2,7,255,1125,250,0,0
stim,120853,150974,0,150974,3348289.455,-0.815,0.117,0.042,-0.565,3133,0,0,3197,923,2415,381,2232,54,1.292,1,2180,0,37.094,5.373,-24.438,-27.063,6.813,-0.250,0.496,1.867,2.953,-4.488,1.648,0.616,0.022,1.061,1.402,2,NULL,NULL,,3,0,2,7,255,1125,250,0,0
stim,120898,151019,0,151019,3348294.454,-0.815,0.112,0.045,-0.566,3119,0,0,3195,1035,2421,375,2267,54,1.292,1,2180,0,127.417,2.977,-121.250,-17.188,-35.188,-0.313,0.191,1.207,2.953,-0.375,2.527,0.624,0.018,1.061,1.402,2,NULL,NULL,,3,0,2,7,255,1125,250,0,0
stim,120898,151019,0,151019,3348299.455,-0.814,0.109,0.047,-0.568,3125,7,0,3194,1126,2441,381,2295,54,1.292,1,2180,0,114.634,1.036,-96.188,-13.250,-60.938,-0.191,0.176,0.672,0.738,0.727,2.527,0.634,0.012,1.061,1.402,2,NULL,NULL,,3,0,2,7,255,1125,250,0,0
stim,120898,151019,0,151019,3348304.454,-0.812,0.106,0.048,-0.571,3129,19,0,3190,1213,2452,405,2327,54,1.292,1,2180,0,95.948,0.783,-44.063,-14.438,-84.000,-0.070,0.027,0.840,0.293,0.727,-1.609,0.642,0.008,1.061,1.402,2,NULL,NULL,,3,0,2,7,255,1125,250,0,0
stim,120898,151019,0,151019,3348309.455,-0.811,0.105,0.049,-0.574,3127,41,0,3192,1294,2455,423,2367,54,1.292,1,2180,0,83.404,1.173,-32.750,-13.188,-75.563,0.117,0.000,1.055,0.176,-1.160,-1.609,0.648,0.004,1.061,1.402,2,NULL,NULL,,3,0,2,7,255,1125,250,0,0
stim,120898,151019,0,151019,3348314.453,-0.810,0.103,0.050,-0.576,3125,58,0,3193,1365,2472,427,2391,54,1.292,1,2180,0,67.524,3.352,-51.438,-8.688,-42.875,0.113,-0.012,1.094,0.074,-3.352,0.070,0.654,0.000,1.061,1.402,2,NULL,NULL,,3,0,2,7,255,1125,250,0,0
stim,120898,151019,0,151019,3348319.455,-0.810,0.100,0.051,-0.576,3120,71,0,3197,1437,2473,426,2423,54,1.292,1,2180,0,68.800,3.355,-64.188,-6.813,-23.813,-0.070,0.055,0.977,0.156,-3.352,0.070,0.000,0.000,1.061,1.402,2,NULL,NULL,,3,0,2,7,255,1125,250,0,0
stim,120898,151019,0,151019,3348324.454,-0.809,0.098,0.052,-0.577,3133,105,0,3195,1507,2487,423,2430,54,1.292,1,2180,0,62.888,1.271,-50.250,-6.500,-37.250,-0.168,0.148,0.898,0.156,-1.262,-0.281,0.000,0.000,1.061,1.402,2,NULL,NULL,,3,0,2,7,255,1125,250,0,0
stim,120898,151019,0,151019,3348329.455,-0.808,0.097,0.053,-0.579,3123,111,0,3207,1567,2505,424,2455,54,1.292,1,2180,0,61.573,1.339,-31.313,-5.313,-52.750,-0.066,0.117,0.980,0.750,-1.109,-0.281,0.000,0.000,1.061,1.402,2,NULL,NULL,,3,0,2,7,255,1125,250,0,0
stim,120898,151019,0,151019,3348334.454,-0.807,0.095,0.053,-0.581,3129,125,0,3213,1597,2509,412,2457,54,1.292,1,2180,0,55.351,1.339,-29.875,-3.000,-46.500,0.051,0.000,1.074,0.750,-1.109,-0.211,0.000,0.000,1.061,1.402,2,NULL,NULL,,3,0,2,7,255,1125,250,0,0
stim,120898,151019,0,151019,3348339.455,-0.806,0.093,0.054,-0.582,3119,151,0,3199,1621,2510,413,2471,54,1.292,1,2180,0,45.904,2.491,-37.625,-1.563,-26.250,0.027,-0.039,1.035,0.109,-2.488,0.043,0.000,0.000,1.061,1.402,2,NULL,NULL,,3,0,2,7,255,1125,250,0,0
stim,120898,151019,0,151019,3348344.453,-0.806,0.092,0.055,-0.582,3128,171,0,3208,1655,2520,412,2474,54,1.292,1,2180,0,39.428,2.498,-36.000,-0.750,-16.063,-0.102,0.008,0.957,-0.223,-2.488,0.043,0.000,0.000,1.061,1.402,2,NULL,NULL,,3,0,2,7,255,1125,250,0,0
stim,120898,151019,0,151019,3348349.455,-0.806,0.091,0.056,-0.583,3126,183,16,3199,1691,2521,401,2480,54,1.292,1,2180,0,33.037,1.059,-26.563,-0.875,-19.625,-0.168,0.012,0.957,-0.273,-1.023,-0.297,0.000,0.000,1.061,1.402,2,NULL,NULL,,3,0,2,7,255,1125,250,0,0
stim,120920,151041,0,151041,3348354.453,-0.805,0.090,0.056,-0.584,3123,203,21,3207,1719,2529,383,2483,54,1.292,1,2180,0,31.308,0.740,-18.125,-1.188,-25.500,-0.145,0.012,1.000,-0.293,-0.680,-0.297,0.000,0.000,1.061,1.402,2,NULL,NULL,,3,0,2,7,255,1125,250,0,0
stim,120920,151041,0,151041,3348359.455,-0.804,0.089,0.056,-0.585,3117,217,23,3195,1743,2535,380,2479,54,1.292,1,2180,0,28.179,0.740,-13.875,-1.125,-24.500,-0.098,0.051,1.043,-0.293,-0.680,0.055,0.000,0.000,1.061,1.402,2,NULL,NULL,,3,0,2,7,255,1125,250,0,0
stim,120920,151041,0,151041,3348364.454,-0.804,0.089,0.057,-0.585,3123,231,58,3209,1757,2527,373,2483,54,1.292,1,2180,0,23.781,1.019,-14.188,-0.938,-19.063,-0.102,0.078,1.066,0.234,-0.992,0.398,0.000,0.000,1.061,1.402,2,NULL,NULL,,3,0,2,7,255,1125,250,0,0
stim,120920,151041,0,151041,3348369.455,-0.804,0.088,0.057,-0.586,3115,219,71,3189,1769,2521,373,2493,54,1.280,1,2180,1,23.789,1.019,-18.125,-1.000,-15.375,-0.145,0.047,1.055,0.234,-0.992,0.605,0.000,0.000,1.096,1.440,2,NULL,NULL,,3,0,2,7,255,1125,250,0,0
stim,120943,151064,0,151064,3348374.455,-0.803,0.087,0.058,-0.586,3101,219,109,3183,1783,2525,353,2479,54,1.280,1,2180,1,25.724,0.670,-20.375,-1.563,-15.625,-0.172,-0.016,1.000,0.113,-0.660,0.605,0.006,0.004,1.096,1.440,2,NULL,NULL,,3,0,2,7,255,1125,250,0,0
stim,120943,151064,0,151064,3348379.455,-0.803,0.086,0.058,-0.587,3095,219,153,3180,1801,2529,343,2503,54,1.280,1,2180,1,23.256,0.802,-16.375,-2.938,-16.250,-0.168,-0.078,0.938,-0.543,-0.590,0.098,0.010,0.006,1.096,1.440,2,NULL,NULL,,3,0,2,7,255,1125,250,0,0
stim,120943,151064,0,151064,3348384.453,-0.803,0.086,0.058,-0.587,3089,216,159,3173,1827,2521,343,2495,54,1.280,1,2180,1,17.522,1.250,-8.250,-4.625,-14.750,-0.148,-0.109,0.918,-1.102,-0.590,-0.508,0.016,0.008,1.096,1.440,2,NULL,NULL,,3,0,2,7,255,1125,250,0,0
stim,120943,151064,0,151064,3348389.455,-0.802,0.085,0.058,-0.588,3081,215,180,3163,1849,2515,343,2491,54,1.280,1,2180,1,12.520,1.494,-2.188,-6.250,-10.625,-0.152,-0.102,0.938,-1.266,-0.793,-0.539,0.020,0.010,1.096,1.440,2,NULL,NULL,,3,0,2,7,255,1125,250,0,0
stim,120994,151115,0,151115,3348394.453,-0.802,0.085,0.058,-0.588,3063,199,220,3159,1853,2521,346,2504,54,1.280,1,2180,1,11.056,1.494,0.375,-7.688,-7.938,-0.180,-0.055,0.957,-1.266,-0.793,-0.539,0.024,0.012,1.096,1.440,2,NULL,NULL,,3,0,2,7,255,1125,250,0,0
stim,120994,151115,0,151115,3348399.455,-0.802,0.085,0.058,-0.588,3061,197,260,3151,1885,2509,349,2519,54,1.280,1,2180,1,13.381,0.984,2.000,-8.875,-9.813,-0.191,-0.004,0.973,-0.895,-0.410,-0.305,0.028,0.012,1.096,1.440,2,NULL,NULL,,3,0,2,7,255,1125,250,0,0
stim,120994,151115,0,151115,3348404.454,-0.802,0.084,0.057,-0.589,3047,184,279,3135,1907,2514,350,2467,54,1.280,1,2180,1,16.106,0.553,3.125,-9.500,-12.625,-0.172,0.020,0.984,-0.453,-0.316,-0.117,0.030,0.014,1.096,1.440,2,NULL,NULL,,3,0,2,7,255,1125,250,0,0
stim,120994,151115,0,151115,3348409.455,-0.801,0.084,0.057,-0.589,3037,183,296,3129,1928,2504,359,2533,54,1.280,1,2180,1,16.895,0.370,3.438,-10.688,-12.625,-0.156,0.043,0.996,-0.191,-0.316,-0.004,0.034,0.016,1.096,1.440,2,NULL,NULL,,3,0,2,7,255,1125,250,0,0
stim,120994,151115,0,151115,3348414.453,-0.801,0.084,0.056,-0.590,3029,181,327,3117,1952,2503,360,2531,54,1.280,1,2180,1,17.080,0.326,3.750,-10.875,-12.625,-0.160,0.090,1.008,0.078,-0.316,0.078,0.034,0.016,1.096,1.440,2,NULL,NULL,,3,0,2,7,255,1125,250,0,0
stim,120994,151115,1,151115,3348419.455,-0.801,0.084,0.056,-0.590,3005,171,375,3107,1977,2504,362,2536,54,1.280,1,2180,1,18.270,0.549,2.188,-11.063,-14.375,-0.176,0.121,1.023,0.484,-0.258,0.223,0.036,0.016,1.096,1.440,2,NULL,NULL,,3,1,2,7,255,1125,250,0,0
stim,120994,151115,1,151115,3348424.454,-0.800,0.083,0.055,-0.591,2991,182,439,3087,2001,2501,368,2539,54,1.280,1,2180,1,21.147,0.724,-1.063,-11.250,-17.875,-0.172,0.117,1.027,0.723,-0.051,0.414,0.038,0.016,1.096,1.440,2,NULL,NULL,,3,1,2,7,255,1125,250,0,0
stim,120994,151115,1,151115,3348429.455,-0.800,0.083,0.055,-0.592,2972,181,500,3063,2019,2479,382,2541,54,1.280,1,2180,1,24.171,0.724,-3.750,-11.250,-21.063,-0.152,0.098,1.012,0.723,-0.051,0.414,0.040,0.014,1.096,1.440,2,NULL,NULL,,3,1,2,7,255,1125,250,0,0
stim,120994,151115,1,151115,3348434.454,-0.799,0.082,0.055,-0.592,2955,181,574,3039,2039,2477,403,2539,54,1.280,1,2180,1,24.700,0.637,-4.188,-11.875,-21.250,-0.137,0.090,0.988,0.582,-0.258,0.234,0.040,0.014,1.096,1.440,2,NULL,NULL,,3,1,2,7,255,1125,250,0,0
stim,120994,151115,1,151115,3348439.455,-0.799,0.082,0.054,-0.593,2936,183,649,3027,2065,2472,429,2556,54,1.280,1,2180,1,24.135,0.678,-2.750,-12.438,-20.500,-0.133,0.105,0.992,0.582,-0.348,0.004,0.040,0.012,1.096,1.440,2,NULL,NULL,,3,1,2,7,255,1125,250,0,0
stim,120994,151115,1,151115,3348444.453,-0.799,0.082,0.054,-0.594,2907,200,692,3002,2099,2477,447,2581,54,1.280,1,2180,1,24.442,0.784,-1.813,-12.688,-20.813,-0.133,0.121,1.004,0.703,-0.348,0.004,0.040,0.012,1.096,1.440,2,NULL,NULL,,3,1,2,7,255,1125,250,0,0
stim,120994,151115,1,151115,3348449.455,-0.798,0.081,0.053,-0.595,2890,209,757,2991,2143,2475,483,2585,54,1.280,1,2180,1,23.826,0.945,-2.313,-13.125,-19.750,-0.125,0.137,1.008,0.879,-0.348,0.141,0.040,0.012,1.096,1.440,2,NULL,NULL,,3,1,2,7,255,1125,250,0,0
stim,121023,151144,1,151144,3348454.453,-0.798,0.081,0.053,-0.595,2861,225,829,2968,2195,2477,505,2603,54,1.280,1,2180,1,23.212,1.064,-2.500,-13.625,-18.625,-0.145,0.164,1.023,1.008,-0.340,0.180,0.042,0.012,1.096,1.440,2,NULL,NULL,,3,1,2,7,255,1125,250,0,0
stim,121023,151144,1,151144,3348459.456,-0.797,0.080,0.052,-0.596,2839,247,923,2957,2237,2479,542,2613,54,1.280,1,2180,1,25.163,1.257,-3.313,-13.938,-20.688,-0.156,0.203,1.027,1.250,-0.129,0.359,0.042,0.014,1.096,1.440,2,NULL,NULL,,3,1,2,7,255,1125,250,0,0
stim,121023,151144,1,151144,3348464.454,-0.797,0.080,0.052,-0.597,2803,267,1049,2934,2285,2479,653,2629,54,1.280,1,2180,1,28.703,1.563,-5.125,-13.938,-24.563,-0.160,0.219,1.035,1.559,0.113,0.418,0.042,0.018,1.096,1.440,2,NULL,NULL,,3,1,2,7,255,1125,250,0,0
stim,121023,151144,1,151144,3348469.455,-0.796,0.079,0.052,-0.598,2777,265,1131,2916,2323,2483,745,2645,54,1.280,1,2180,1,33.272,1.563,-8.938,-13.375,-29.125,-0.156,0.176,1.027,1.559,0.113,0.430,0.046,0.022,1.096,1.440,2,NULL,NULL,,3,1,2,7,255,1125,250,0,0
stim,121023,151144,1,151144,3348474.455,-0.795,0.078,0.051,-0.599,2745,270,1243,2899,2351,2483,861,2653,54,1.280,1,2180,1,37.079,1.305,-13.375,-13.563,-31.813,-0.141,0.109,1.012,1.305,0.039,0.430,0.048,0.026,1.096,1.440,2,NULL,NULL,,3,1,2,7,255,1125,250,0,0
stim,121023,151144,1,151144,3348479.455,-0.794,0.077,0.051,-0.600,2707,282,1335,2877,2397,2483,973,2663,54,1.280,1,2180,1,40.747,0.772,-14.500,-13.938,-35.438,-0.145,0.063,0.988,0.727,-0.262,0.234,0.050,0.030,1.096,1.440,2,NULL,NULL,,3,1,2,7,255,1125,250,0,0
stim,121060,151181,1,151181,3348484.453,-0.793,0.076,0.051,-0.602,2662,285,1470,2859,2431,2485,1099,2675,54,1.280,1,2180,1,42.749,0.384,-15.563,-14.063,-37.250,-0.145,0.035,0.973,0.277,-0.266,-0.012,0.054,0.036,1.096,1.440,2,NULL,NULL,,3,1,2,7,255,1125,250,0,0
stim,121060,151181,1,151181,3348489.455,-0.792,0.075,0.051,-0.603,2613,299,1583,2839,2471,2488,1205,2685,54,1.280,1,2180,1,47.475,0.267,-12.375,-14.625,-43.438,-0.184,0.043,0.996,0.031,-0.266,-0.012,0.056,0.038,1.096,1.440,2,NULL,NULL,,3,1,2,7,255,1125,250,0,0
stim,121083,151204,1,151204,3348494.453,-0.791,0.074,0.051,-0.605,2553,327,1711,2821,2507,2489,1324,2654,54,1.280,1,2180,1,55.872,0.044,-18.250,-14.813,-50.688,-0.168,0.078,1.023,0.031,-0.031,0.113,0.058,0.042,1.096,1.440,2,NULL,NULL,,3,1,2,7,255,1125,250,0,0
stim,121083,151204,1,151204,3348499.455,-0.790,0.073,0.052,-0.607,2493,312,1833,2799,2540,2491,1449,2715,54,1.280,1,2180,1,63.243,0.044,-22.375,-15.813,-57.000,-0.168,0.012,1.023,0.031,-0.031,0.340,0.058,0.046,1.096,1.440,2,NULL,NULL,,3,1,2,7,255,1125,250,0,0
stim,121083,151204,1,151204,3348504.454,-0.789,0.071,0.052,-0.609,2441,349,1915,2781,2581,2493,1553,2729,54,1.280,1,2180,1,68.543,0.246,-36.125,-16.250,-55.938,-0.117,-0.016,1.031,-0.184,-0.164,0.340,0.060,0.050,1.096,1.440,2,NULL,NULL,,3,1,2,7,255,1125,250,0,0
stim,121083,151204,1,151204,3348509.455,-0.787,0.069,0.053,-0.611,2389,363,2039,2758,2612,2493,1642,2741,54,1.280,1,2180,1,71.908,0.362,-41.438,-16.813,-56.313,-0.172,-0.063,1.023,-0.250,-0.262,0.340,0.062,0.052,1.096,1.440,2,NULL,NULL,,3,1,2,7,255,1125,250,0,0
stim,121083,151204,1,151204,3348514.453,-0.786,0.066,0.054,-0.613,2315,367,2141,2724,2636,2495,1753,2748,54,1.280,1,2180,1,84.118,0.977,-52.750,-17.563,-63.125,-0.148,-0.078,1.047,-0.820,-0.531,0.340,0.064,0.054,1.096,1.440,2,NULL,NULL,,3,1,2,7,255,1125,250,0,0
stim,121083,151204,1,151204,3348519.455,-0.784,0.063,0.055,-0.615,2233,407,2239,2696,2665,2495,1848,2767,54,1.280,1,2180,0,86.984,0.977,-59.375,-19.313,-60.563,-0.121,-0.035,0.984,-0.820,-0.531,0.340,0.066,0.054,1.096,1.440,2,NULL,NULL,,3,1,2,7,255,1125,250,0,0
stim,121108,151229,1,151229,3348524.454,-0.783,0.061,0.056,-0.617,2168,419,2317,2657,2699,2501,1941,2779,54,1.280,1,2180,0,85.332,0.631,-57.250,-18.125,-60.625,-0.113,-0.035,0.906,-0.340,-0.531,-0.102,0.068,0.056,1.096,1.440,2,NULL,NULL,,3,1,2,7,255,1125,250,0,0
stim,121108,151229,1,151229,3348529.455,-0.782,0.058,0.056,-0.618,2093,423,2393,2617,2716,2494,2023,2792,54,1.280,1,2180,0,75.838,0.667,-47.063,-20.188,-55.938,-0.074,-0.082,0.934,-0.340,-0.574,-0.660,0.068,0.056,1.096,1.440,2,NULL,NULL,,3,1,2,7,255,1125,250,0,0
stim,121108,151229,1,151229,3348534.454,-0.780,0.056,0.057,-0.620,1991,421,2461,2577,2739,2494,2103,2797,54,1.280,1,2180,0,70.222,1.008,-43.188,-22.000,-50.813,-0.113,-0.156,0.977,-0.602,-0.809,-0.660,0.068,0.056,1.096,1.440,2,NULL,NULL,,3,1,2,7,255,1125,250,0,0
stim,121108,151229,1,151229,3348539.455,-0.779,0.054,0.057,-0.622,1901,431,2519,2527,2758,2495,2181,2813,54,1.280,1,2180,0,69.852,1.194,-42.063,-22.563,-51.000,-0.145,-0.105,0.969,-0.879,-0.809,-0.199,0.068,0.054,1.096,1.440,2,NULL,NULL,,3,1,2,7,255,1125,250,0,0
stim,121108,151229,1,151229,3348544.453,-0.778,0.051,0.058,-0.624,1813,432,2566,2479,2776,2495,2235,2829,54,1.280,1,2180,0,69.936,0.947,-36.938,-23.875,-54.375,-0.129,-0.012,0.984,-0.879,-0.352,-0.172,0.068,0.054,1.096,1.440,2,NULL,NULL,,3,1,2,7,255,1125,250,0,0
stim,121108,151229,1,151229,3348549.455,-0.777,0.049,0.058,-0.625,1695,431,2600,2423,2795,2495,2293,2841,54,1.280,1,2180,0,67.893,0.357,-34.500,-25.875,-52.438,-0.059,0.012,1.004,0.063,-0.352,-0.086,0.070,0.052,1.096,1.440,2,NULL,NULL,,3,1,2,7,255,1125,250,0,0
stim,121108,151229,1,151229,3348554.453,-0.776,0.047,0.058,-0.627,1561,430,2637,2335,2814,2494,2353,2843,54,1.280,1,2180,0,60.212,0.919,-32.188,-25.563,-44.000,-0.035,-0.031,0.996,0.152,-0.906,-0.086,0.072,0.052,1.096,1.440,2,NULL,NULL,,3,1,2,7,255,1125,250,0,0
stim,121108,151229,1,151229,3348559.455,-0.775,0.045,0.058,-0.628,1418,420,2676,2267,2837,2493,2407,2867,54,1.280,1,2180,0,52.231,1.108,-32.188,-26.000,-31.875,-0.051,-0.066,1.023,0.152,-1.098,0.004,0.074,0.052,1.096,1.440,2,NULL,NULL,,3,1,2,7,255,1125,250,0,0
stim,121129,151250,1,151250,3348564.454,-0.774,0.043,0.058,-0.629,1241,395,2712,2187,2851,2489,2457,2871,54,1.280,1,2180,0,49.135,1.113,-33.563,-25.500,-25.250,-0.098,-0.063,1.020,-0.184,-1.098,0.188,0.076,0.050,1.096,1.440,2,NULL,NULL,,3,1,2,7,255,1125,250,0,0
stim,121129,151250,1,151250,3348569.455,-0.774,0.041,0.058,-0.629,1119,367,2743,2088,2867,2485,2493,2879,54,1.280,1,2180,0,48.569,0.629,-32.625,-26.750,-24.063,-0.129,-0.063,1.008,-0.219,-0.590,0.188,0.078,0.050,1.096,1.440,2,NULL,NULL,,3,1,2,7,255,1125,250,0,0
stim,121129,151250,1,151250,3348574.454,-0.773,0.039,0.058,-0.630,995,345,2776,1977,2877,2482,2533,2892,54,1.280,1,2180,0,48.814,0.387,-30.563,-27.563,-26.250,-0.129,-0.086,1.000,-0.270,-0.277,0.176,0.080,0.050,1.096,1.440,2,NULL,NULL,,3,1,2,7,255,1125,250,0,0
stim,121129,151250,1,151250,3348579.455,-0.773,0.038,0.057,-0.631,815,327,2803,1833,2891,2475,2581,2901,54,1.280,1,2180,0,46.710,0.387,-25.500,-28.625,-26.688,-0.098,-0.055,0.977,-0.270,-0.277,0.102,0.082,0.050,1.096,1.440,2,NULL,NULL,,3,1,2,7,255,1125,250,0,0
stim,121151,151272,1,151272,3348584.453,-0.772,0.036,0.057,-0.632,650,288,2837,1637,2907,2467,2615,2871,54,1.280,1,2180,0,42.650,0.435,-17.625,-29.563,-25.188,-0.066,-0.031,0.969,-0.105,-0.422,-0.168,0.086,0.050,1.096,1.440,2,NULL,NULL,,3,1,2,7,255,1125,250,0,0
stim,121151,151272,1,151272,3348589.455,-0.772,0.035,0.056,-0.633,437,247,2851,1449,2918,2456,2639,2915,54,1.280,1,2180,0,39.257,0.435,-10.063,-31.688,-20.875,-0.117,-0.074,1.020,-0.105,-0.422,-0.168,0.088,0.050,1.096,1.440,2,NULL,NULL,,3,1,2,7,255,1125,250,0,0
stim,121151,151272,1,151272,3348594.454,-0.771,0.033,0.055,-0.633,315,185,2869,1237,2932,2443,2667,2919,54,1.280,1,2180,0,39.652,0.716,-14.875,-33.000,-16.188,-0.055,-0.121,1.102,-0.305,-0.648,0.266,0.090,0.050,1.096,1.440,2,NULL,NULL,,3,1,2,7,255,1125,250,0,0
stim,121151,151272,1,151272,3348599.455,-0.771,0.032,0.054,-0.633,185,158,2887,1020,2944,2424,2696,2926,54,1.280,1,2180,0,41.101,0.423,-17.813,-35.000,-12.125,-0.148,-0.039,1.078,-0.305,-0.293,0.867,0.092,0.052,1.096,1.440,2,NULL,NULL,,3,1,2,7,255,1125,250,0,0
stim,121192,151313,1,151313,3348604.453,-0.771,0.030,0.054,-0.634,87,117,2903,851,2956,2411,2715,2935,54,1.280,1,2180,0,45.819,0.075,-19.188,-36.313,-20.313,-0.117,0.066,1.051,0.035,0.066,0.867,0.094,0.052,1.096,1.440,2,NULL,NULL,,3,1,2,7,255,1125,250,0,0
stim,121192,151313,1,151313,3348609.458,-0.770,0.029,0.053,-0.635,27,69,2917,594,2969,2395,2741,2940,54,1.280,1,2180,1,48.352,1.088,-12.000,-38.750,-26.313,-0.098,0.098,1.035,1.086,0.066,0.512,0.096,0.054,1.096,1.440,2,NULL,NULL,,3,1,2,7,255,1125,250,0,0
stim,121192,151313,1,151313,3348614.453,-0.770,0.027,0.051,-0.636,7,39,2927,443,2981,2360,2763,2951,54,1.280,1,2180,1,47.523,1.449,-1.875,-41.750,-22.625,-0.047,0.133,1.078,1.449,-0.020,0.512,0.098,0.054,1.096,1.440,2,NULL,NULL,,3,1,2,7,255,1125,250,0,0
stim,121192,151313,1,151313,3348619.455,-0.769,0.026,0.050,-0.637,0,25,2939,303,2987,2329,2786,2955,54,1.280,1,2180,1,50.488,1.920,-7.188,-43.125,-25.250,-0.023,0.125,1.078,1.867,-0.449,0.637,0.100,0.054,1.096,1.440,2,NULL,NULL,,3,1,2,7,255,1125,250,0,0
stim,121192,151313,1,151313,3348624.454,-0.769,0.025,0.048,-0.637,0,1,2952,270,2997,2307,2809,2959,54,1.280,1,2180,1,50.011,1.920,3.250,-47.313,-15.875,-0.102,0.035,1.109,1.867,-0.449,0.645,0.104,0.056,1.096,1.440,2,NULL,NULL,,3,1,2,7,255,1125,250,0,0
stim,121192,151313,1,151313,3348629.455,-0.769,0.024,0.045,-0.637,0,0,2963,229,3005,2283,2837,2966,54,1.280,1,2180,1,60.777,0.849,24.625,-55.563,-0.500,-0.270,-0.082,1.324,0.848,-0.051,1.078,0.106,0.056,1.096,1.440,2,NULL,NULL,,3,1,2,7,255,1125,250,0,0
stim,121192,151313,1,151313,3348634.453,-0.770,0.024,0.042,-0.637,0,0,2969,173,3021,2267,2847,2960,54,1.280,1,2180,0,85.329,1.287,51.750,-66.625,12.813,-0.469,-0.117,1.699,-0.445,1.207,3.406,0.108,0.058,1.096,1.440,2,NULL,NULL,,3,1,2,7,255,1125,250,0,0
stim,121192,151313,1,151313,3348639.455,-0.770,0.022,0.040,-0.637,0,0,2988,149,3025,2233,2863,2971,54,1.280,1,2180,0,74.440,1.287,-12.750,-73.313,2.000,-0.266,-0.004,1.660,-0.445,1.207,6.625,0.106,0.064,1.096,1.440,2,NULL,NULL,,3,1,2,7,255,1125,250,0,0
stim,121214,151335,1,151335,3348644.453,-0.769,0.017,0.040,-0.637,0,0,2983,123,3030,2185,2880,2972,54,1.280,1,2180,0,104.865,1.194,-76.563,-68.625,-20.625,-0.117,-0.078,1.184,-0.227,1.172,6.625,0.102,0.070,1.096,1.440,2,NULL,NULL,,3,1,2,7,255,1125,250,0,0
stim,121214,151335,1,151335,3348649.455,-0.770,0.013,0.038,-0.637,0,0,2987,85,3033,2135,2900,2983,54,1.280,1,2180,0,92.363,0.100,-50.125,-77.250,7.125,-0.082,-0.043,0.977,0.051,0.086,1.883,0.098,0.078,1.096,1.440,3,NULL,NULL,,3,1,2,7,255,1125,250,0,0
stim,121214,151335,1,151335,3348654.454,-0.771,0.011,0.036,-0.636,0,0,2986,47,3045,2079,2915,2975,54,1.280,1,2180,0,88.515,0.100,-5.938,-85.063,23.750,-0.172,0.039,1.000,0.051,0.086,0.027,0.096,0.084,1.096,1.440,3,NULL,NULL,,3,1,2,7,255,1125,250,0,0
stim,121214,151335,1,151335,3348659.455,-0.771,0.009,0.033,-0.636,0,0,2996,5,3101,1999,2924,2971,54,1.280,1,2180,0,90.757,1.099,10.063,-89.438,11.688,-0.270,-0.004,1.125,0.145,1.090,0.027,0.094,0.090,1.096,1.440,3,NULL,NULL,,3,1,2,7,255,1125,250,0,0
stim,121244,151365,1,151365,3348664.453,-0.772,0.007,0.029,-0.635,0,0,2987,0,3060,1912,2935,2973,54,1.280,1,2180,0,95.548,1.546,9.875,-95.000,2.625,-0.238,-0.086,1.285,0.145,1.539,1.359,0.090,0.096,1.096,1.440,3,NULL,NULL,,3,1,2,7,255,1125,250,0,0
stim,121244,151365,0,151365,3348669.455,-0.772,0.004,0.026,-0.635,0,0,2986,0,3063,1818,2952,2975,54,1.280,1,2180,0,99.383,1.622,-1.813,-99.250,4.813,-0.195,-0.125,1.316,-0.512,1.539,2.941,0.086,0.104,1.096,1.440,3,NULL,NULL,,3,0,2,7,255,1131,250,0,0
stim,121244,151365,0,151365,3348674.454,-0.772,0.001,0.023,-0.635,0,0,2983,0,3083,1703,2957,2930,54,1.280,1,2180,0,104.419,1.382,-14.313,-103.188,7.125,-0.156,-0.180,1.199,-0.797,1.129,2.941,0.080,0.114,1.096,1.440,3,NULL,NULL,,3,0,2,7,255,1131,250,0,0
stim,121244,151365,0,151365,3348679.455,-0.773,-0.003,0.020,-0.634,0,0,2975,0,3081,1605,2975,2983,54,1.280,1,2180,0,108.515,1.605,-17.125,-106.688,10.000,-0.156,-0.188,1.133,-1.324,0.906,2.082,0.074,0.124,1.096,1.440,3,NULL,NULL,,3,0,2,7,255,1131,250,0,0
stim,121244,151365,0,151365,3348684.454,-0.773,-0.006,0.017,-0.634,0,0,2981,0,3091,1448,2980,2971,54,1.280,1,2180,0,112.927,1.723,-12.438,-111.563,12.313,-0.176,-0.199,1.094,-1.465,0.906,1.430,0.068,0.132,1.096,1.440,3,NULL,NULL,,3,0,2,7,255,1131,250,0,0
stim,121244,151365,0,151365,3348689.455,-0.774,-0.009,0.013,-0.633,0,0,2959,0,3093,1278,2986,2943,54,1.280,1,2180,0,116.539,2.012,1.125,-115.875,12.375,-0.195,-0.203,1.055,-1.633,1.176,1.023,0.062,0.140,1.096,1.440,3,NULL,NULL,,3,0,2,7,255,1131,250,0,0
stim,121290,151411,0,151411,3348694.454,-0.774,-0.012,0.009,-0.633,0,0,2951,0,3089,1127,3007,2953,54,1.280,1,2180,0,121.246,2.186,6.313,-120.875,7.063,-0.188,-0.180,1.117,-1.633,1.453,1.023,0.056,0.150,1.096,1.440,3,NULL,NULL,,3,0,2,7,255,1131,250,0,0
stim,121290,151411,0,151411,3348699.455,-0.774,-0.016,0.005,-0.633,0,0,2939,0,3091,919,3003,2941,54,1.280,1,2180,0,124.733,2.116,4.938,-124.625,-1.563,-0.172,-0.180,1.113,-1.492,1.500,1.184,0.048,0.160,1.096,1.440,3,NULL,NULL,,3,0,2,7,255,1131,250,0,0
stim,121290,151411,0,151411,3348704.453,-0.774,-0.019,0.001,-0.633,0,0,2915,0,3107,711,3008,2904,54,1.280,1,2180,0,128.483,2.116,6.000,-128.313,-2.813,-0.117,-0.211,1.086,-1.492,1.500,1.184,0.040,0.170,1.096,1.440,3,NULL,NULL,,3,0,2,7,255,1131,250,0,0
stim,121290,151411,0,151411,3348709.455,-0.774,-0.022,-0.004,-0.632,0,0,2900,0,3093,585,3027,2916,54,1.280,1,2180,0,133.403,2.029,9.438,-133.063,-1.313,-0.105,-0.207,1.039,-1.750,1.027,0.926,0.032,0.180,1.096,1.440,3,NULL,NULL,,3,0,2,7,255,1131,250,0,0
stim,121290,151411,0,151411,3348714.454,-0.774,-0.026,-0.008,-0.632,0,0,2885,0,3110,405,3022,2911,54,1.280,1,2180,0,138.542,2.029,14.625,-137.750,-2.250,-0.098,-0.156,1.059,-1.750,1.027,0.570,0.022,0.192,1.096,1.440,3,NULL,NULL,,3,0,2,7,255,1131,250,0,0
stim,121290,151411,0,151411,3348719.455,-0.774,-0.029,-0.014,-0.632,0,0,2861,0,3103,203,3031,2893,54,1.280,1,2180,0,143.889,1.708,25.813,-141.375,-7.125,-0.098,-0.102,1.043,-1.250,1.164,0.426,0.012,0.202,1.096,1.440,3,NULL,NULL,,3,0,2,7,255,1131,250,0,0
stim,121290,151411,0,151411,3348724.454,-0.774,-0.031,-0.020,-0.632,0,0,2827,0,3101,115,3039,2873,54,1.280,1,2180,0,150.503,1.457,33.000,-146.500,-10.000,-0.051,-0.039,1.133,-0.805,1.215,0.570,0.008,0.212,1.096,1.440,3,NULL,NULL,,3,0,2,7,255,1131,250,0,0
stim,121290,151411,0,151411,3348729.455,-0.774,-0.034,-0.026,-0.632,0,0,2783,0,3102,43,3037,2847,54,1.280,1,2180,0,154.509,1.352,31.313,-151.000,-9.563,-0.031,0.035,1.199,-0.113,1.348,1.238,0.008,0.222,1.096,1.440,3,NULL,NULL,,3,0,2,7,255,1131,250,0,0
stim,121290,151411,0,151411,3348734.453,-0.774,-0.037,-0.032,-0.632,0,0,2746,0,3104,5,3052,2791,54,1.280,1,2180,0,158.159,1.486,29.500,-155.250,-6.438,0.008,0.109,1.305,0.609,1.355,1.828,0.012,0.232,1.096,1.440,3,NULL,NULL,,3,0,2,7,255,1131,250,0,0
stim,121290,151411,0,151411,3348739.455,-0.774,-0.041,-0.038,-0.631,0,0,2713,0,3101,0,3051,2801,54,1.280,1,2180,0,164.159,1.950,22.375,-162.563,4.563,0.012,0.184,1.375,1.363,1.395,2.852,0.016,0.242,1.096,1.440,3,NULL,NULL,,3,0,2,7,255,1131,250,0,0
stim,121310,151431,0,151431,3348744.453,-0.774,-0.045,-0.044,-0.630,0,0,2643,0,3109,0,3050,2757,54,1.280,1,2180,0,167.152,2.669,13.313,-166.438,7.813,0.031,0.277,1.449,2.012,1.754,3.488,0.022,0.252,1.096,1.440,3,NULL,NULL,,3,0,2,7,255,1131,250,0,0
stim,121310,151431,0,151431,3348749.455,-0.774,-0.049,-0.050,-0.629,0,0,2569,0,3096,0,3053,2709,54,1.280,1,2180,0,169.416,3.564,2.188,-169.125,9.688,0.000,0.293,1.598,2.918,2.047,4.195,0.028,0.262,1.096,1.440,3,NULL,NULL,,3,0,2,7,255,1131,250,0,0
stim,121310,151431,0,151431,3348754.454,-0.774,-0.054,-0.055,-0.628,0,0,2493,0,3099,0,3053,2671,54,1.280,1,2180,0,179.307,4.023,-5.500,-177.625,23.875,-0.074,0.246,1.754,2.918,2.770,5.574,0.036,0.272,1.096,1.440,3,NULL,NULL,,3,0,2,7,255,1131,250,0,0
stim,121310,151431,0,151431,3348759.455,-0.775,-0.060,-0.061,-0.626,0,0,2420,0,3089,0,3053,2619,54,1.280,1,2180,0,196.674,4.498,-13.063,-192.313,39.063,-0.219,0.242,1.906,2.355,3.832,6.938,0.044,0.282,1.096,1.440,3,NULL,NULL,,3,0,2,7,255,1131,250,0,0
stim,121331,151452,0,151452,3348764.453,-0.776,-0.066,-0.068,-0.624,0,0,2343,0,3067,0,3059,2504,54,1.280,1,2180,0,213.125,6.211,-24.500,-207.875,40.125,-0.367,0.313,1.922,2.309,5.766,7.863,0.060,0.300,1.096,1.440,3,NULL,NULL,,3,0,2,7,255,1131,250,0,0
stim,121331,151452,0,151452,3348769.455,-0.776,-0.074,-0.074,-0.622,0,0,2239,0,3066,51,3053,2493,54,1.280,1,2180,0,233.373,8.004,-43.500,-226.625,34.813,-0.363,0.492,1.992,2.309,7.664,8.098,0.082,0.324,1.096,1.440,3,NULL,NULL,,3,0,2,7,255,1131,250,0,0
stim,121331,151452,0,151452,3348774.454,-0.776,-0.083,-0.080,-0.620,0,0,2132,0,3048,71,3048,2389,54,1.280,1,2180,0,252.115,9.390,-63.375,-242.500,27.188,-0.336,0.586,2.008,4.023,8.484,8.223,0.112,0.356,1.096,1.440,3,NULL,NULL,,3,0,2,7,255,1131,250,0,0
stim,121331,151452,0,151452,3348779.455,-0.776,-0.092,-0.087,-0.618,0,0,2011,0,3029,79,3037,2275,54,1.280,1,2180,0,271.426,10.146,-72.625,-259.938,28.813,-0.309,0.574,1.980,4.910,8.879,8.223,0.150,0.394,1.096,1.440,3,NULL,NULL,,3,0,2,7,255,1131,250,0,0
stim,121358,151479,0,151479,3348784.454,-0.776,-0.103,-0.094,-0.616,0,0,1892,0,3015,103,3007,2193,54,1.280,1,2180,0,296.579,10.225,-85.125,-280.875,42.688,-0.320,0.516,2.074,4.910,8.969,8.223,0.194,0.436,1.096,1.440,3,NULL,NULL,,3,0,2,7,255,1131,250,0,0
stim,121358,151479,0,151479,3348789.455,-0.775,-0.115,-0.101,-0.613,0,0,1785,0,3001,115,2995,2099,54,1.280,1,2180,0,323.311,10.608,-112.000,-299.813,45.813,-0.379,0.504,2.043,4.383,9.660,7.832,0.240,0.484,1.096,1.440,3,NULL,NULL,,3,0,2,7,255,1131,250,0,0
stim,121386,151507,0,151507,3348794.454,-0.775,-0.128,-0.108,-0.610,0,0,1651,0,2977,126,2952,2009,54,1.280,1,2180,0,344.905,11.479,-123.813,-318.938,43.688,-0.371,0.570,1.961,4.383,10.609,7.738,0.292,0.536,1.096,1.440,3,NULL,NULL,,3,0,2,7,255,1131,250,0,0
stim,121386,151507,0,151507,3348799.455,-0.774,-0.141,-0.116,-0.607,0,0,1548,0,2940,139,2915,1949,54,1.280,1,2180,0,362.418,11.713,-121.813,-338.125,46.688,-0.398,0.500,2.023,4.191,10.938,6.773,0.348,0.592,1.096,1.440,3,NULL,NULL,,3,0,2,7,255,1131,250,0,0
stim,121386,151507,0,151507,3348804.453,-0.772,-0.155,-0.124,-0.603,0,0,1451,0,2914,135,2867,1845,54,1.280,1,2180,0,371.971,12.490,-114.813,-351.875,36.938,-0.477,0.480,2.156,4.191,11.766,6.773,0.408,0.652,1.096,1.440,3,NULL,NULL,,3,0,2,7,255,1131,250,0,0
stim,121386,151507,0,151507,3348809.457,-0.771,-0.168,-0.134,-0.600,0,0,1405,0,2853,126,2806,1739,54,1.280,1,2180,0,388.490,14.004,-103.125,-373.438,28.875,-0.535,0.445,2.430,3.891,13.453,7.297,0.470,0.718,1.096,1.440,3,NULL,NULL,,3,0,2,7,255,1131,250,0,0
stim,121386,151507,0,151507,3348814.453,-0.768,-0.182,-0.144,-0.597,0,0,1325,0,2807,111,2732,1627,54,1.280,1,2180,0,403.454,16.045,-102.500,-389.875,16.313,-0.535,0.469,2.730,3.777,15.594,9.043,0.540,0.790,1.096,1.440,3,NULL,NULL,,3,0,2,7,255,1131,250,0,0
stim,121386,151507,0,151507,3348819.455,-0.766,-0.196,-0.155,-0.593,0,0,1194,0,2734,93,2631,1497,54,1.280,1,2180,0,419.814,18.083,-101.063,-407.188,15.125,-0.598,0.594,3.078,3.777,17.684,11.070,0.618,0.870,1.096,1.440,3,NULL,NULL,,3,0,2,7,255,1131,250,0,0
stim,121414,151535,0,151535,3348824.454,-0.761,-0.211,-0.165,-0.590,0,0,1039,0,2628,70,2493,1340,54,1.280,1,2180,0,439.004,21.392,-141.188,-415.563,-9.938,-0.695,0.594,3.215,4.742,20.859,12.730,0.708,0.962,1.096,1.440,3,NULL,NULL,,3,0,2,7,255,1131,250,0,0
stim,121414,151535,0,151535,3348829.455,-0.756,-0.228,-0.175,-0.588,0,0,885,0,2515,57,2347,1188,54,1.280,1,2180,0,460.534,23.687,-173.250,-426.000,-24.500,-0.660,0.543,3.191,4.742,23.207,12.730,0.806,1.064,1.096,1.440,3,NULL,NULL,,3,0,2,7,255,1131,250,0,0
stim,121414,151535,0,151535,3348834.453,-0.750,-0.246,-0.184,-0.586,0,0,744,0,2343,0,2104,1014,54,1.280,1,2180,0,489.947,23.648,-214.625,-438.750,-38.500,-0.574,0.188,2.832,4.547,23.207,11.844,0.910,1.170,1.096,1.440,3,NULL,NULL,,3,0,2,7,255,1131,250,0,0
stim,121414,151535,0,151535,3348839.455,-0.744,-0.265,-0.193,-0.582,0,0,563,0,2125,0,1835,887,54,1.280,1,2180,0,509.812,21.124,-223.250,-458.188,-11.500,-0.402,-0.117,2.367,1.500,21.070,9.086,1.016,1.280,1.096,1.440,3,NULL,NULL,,3,0,2,7,255,1131,250,0,0
stim,121414,151535,0,151535,3348844.453,-0.738,-0.284,-0.203,-0.578,0,0,415,0,1871,0,1491,745,54,1.280,1,2180,0,517.809,17.289,-215.000,-471.063,-1.313,-0.215,-0.398,1.707,-0.965,17.262,6.164,1.118,1.386,1.096,1.440,3,NULL,NULL,,3,0,2,7,255,1131,250,0,0
stim,121414,151535,0,151535,3348849.455,-0.732,-0.301,-0.214,-0.573,0,0,268,0,1560,0,1004,595,54,1.280,1,2180,0,501.532,12.297,-135.688,-482.813,3.875,-0.016,-0.391,1.367,-3.000,11.926,2.250,1.204,1.476,1.096,1.440,3,NULL,NULL,,3,0,2,7,255,1131,250,0,0
stim,121414,151535,0,151535,3348854.454,-0.728,-0.315,-0.228,-0.565,0,0,219,0,1199,0,443,447,54,1.280,1,2180,0,494.919,10.343,-48.438,-492.000,23.125,-0.020,-0.188,1.426,-3.000,9.898,0.590,1.278,1.554,1.096,1.440,3,NULL,NULL,,3,0,2,7,255,1131,250,0,0
stim,121414,151535,0,151535,3348859.455,-0.725,-0.327,-0.243,-0.556,0,0,119,0,869,0,91,392,54,1.280,1,2180,0,499.416,9.966,19.813,-495.188,61.750,-0.258,0.109,2.063,-1.160,9.898,0.590,1.348,1.628,1.096,1.440,3,NULL,NULL,,3,0,2,7,255,1131,250,0,0
stim,121414,151535,0,151535,3348864.454,-0.723,-0.340,-0.257,-0.544,0,0,108,0,413,0,0,308,54,1.280,1,2180,0,519.107,16.865,6.750,-502.938,128.375,-0.746,0.102,2.551,-0.441,16.859,0.285,1.420,1.706,1.096,1.440,3,NULL,NULL,,3,0,2,7,255,1131,250,0,0
stim,121414,151535,0,151535,3348869.455,-0.720,-0.357,-0.269,-0.531,0,0,72,0,41,0,0,226,54,1.280,1,2180,0,551.520,23.988,-68.875,-515.563,183.375,-1.063,0.281,2.492,0.020,23.988,0.285,1.506,1.794,1.096,1.440,3,NULL,NULL,,3,0,2,7,255,1131,250,0,0
stim,121443,151564,0,151564,3348874.454,-0.716,-0.375,-0.278,-0.518,0,0,30,0,0,0,0,117,54,1.280,1,2180,0,558.380,23.988,-155.375,-506.125,177.438,-1.254,0.809,1.969,0.020,23.988,-3.949,1.600,1.892,1.096,1.440,3,NULL,NULL,,3,0,2,7,255,1131,250,0,0
stim,121443,151564,0,151564,3348879.455,-0.710,-0.394,-0.285,-0.509,0,0,27,0,0,0,0,36,54,1.280,1,2180,0,534.300,24.110,-219.688,-469.063,131.125,-0.949,1.535,1.324,4.059,23.766,-10.879,1.700,1.996,1.096,1.440,4,NULL,NULL,,3,0,2,7,255,1131,250,0,0
stim,121443,151564,0,151564,3348884.454,-0.703,-0.412,-0.291,-0.502,0,0,28,0,0,0,0,11,54,1.280,1,2180,0,489.422,21.267,-235.313,-422.625,74.500,-0.598,1.930,1.117,11.547,17.859,-14.875,1.798,2.096,1.096,1.440,0,NULL,NULL,,3,0,2,7,255,1131,250,0,0
stim,121443,151564,0,151564,3348889.455,-0.695,-0.429,-0.294,-0.496,0,0,36,0,0,0,0,73,54,1.280,1,2180,0,462.204,19.960,-278.563,-359.938,80.500,-0.430,1.574,1.027,13.473,14.727,-14.875,1.888,2.188,1.096,1.440,0,NULL,NULL,,3,0,2,7,255,1131,250,0,0
stim,121444,151565,0,151565,3348894.454,-0.687,-0.447,-0.294,-0.492,0,0,38,0,0,0,0,89,54,1.280,1,2180,0,445.394,18.378,-327.188,-293.250,73.000,-0.160,0.641,0.898,13.473,12.500,-13.734,1.968,2.270,1.096,1.440,0,NULL,NULL,,3,0,2,7,255,1131,250,0,0
stim,121444,151565,0,151565,3348899.455,-0.680,-0.460,-0.293,-0.490,0,0,33,0,0,0,0,95,54,1.280,1,2180,0,339.567,10.832,-275.875,-193.813,40.438,-0.199,-0.340,0.621,5.824,9.133,-9.586,2.036,2.338,1.096,1.440,0,NULL,NULL,,3,0,2,7,255,1131,250,0,0
stim,121491,151612,0,151612,3348904.453,-0.676,-0.468,-0.292,-0.489,0,0,31,0,0,0,0,152,54,1.280,1,2180,0,220.134,9.523,-175.563,-128.125,34.938,-0.496,-0.672,0.824,-3.371,8.906,-8.520,2.094,2.398,1.096,1.440,0,NULL,NULL,,3,0,2,7,255,1131,250,0,0
stim,121491,151612,0,151612,3348909.457,-0.672,-0.474,-0.290,-0.489,0,0,28,0,0,0,0,157,54,1.280,1,2180,0,167.962,10.885,-157.625,-56.875,11.438,-0.711,-0.535,1.168,-6.258,8.906,-8.520,2.144,2.452,1.096,1.440,0,NULL,NULL,,3,0,2,7,255,1131,250,0,0
stim,121491,151612,0,151612,3348914.453,-0.667,-0.480,-0.285,-0.493,0,0,33,0,0,0,0,135,54,1.280,1,2180,0,232.398,11.226,-230.188,28.813,-13.875,-0.605,-0.039,0.785,-6.258,9.320,-9.602,2.194,2.506,1.096,1.440,0,NULL,NULL,,3,0,2,7,255,1131,250,0,0
stim,121491,151612,0,151612,3348919.455,-0.663,-0.485,-0.276,-0.499,0,0,28,0,0,0,0,101,54,1.280,1,2180,0,275.577,9.452,-253.125,108.625,-8.438,-0.426,0.668,-0.207,-1.574,9.320,-11.918,2.242,2.556,1.096,1.440,0,NULL,NULL,,3,0,2,7,255,1131,250,0,0
stim,121491,151612,0,151612,3348924.454,-0.662,-0.486,-0.268,-0.504,0,0,31,0,0,0,0,85,54,1.280,1,2180,0,225.507,4.216,-151.375,166.563,14.000,-0.457,0.957,-0.691,4.207,-0.270,-16.566,2.280,2.598,1.096,1.440,0,NULL,NULL,,3,0,2,7,255,1131,250,0,0
stim,121491,151612,0,151612,3348929.455,-0.664,-0.482,-0.262,-0.508,0,0,25,0,0,0,0,78,54,1.280,1,2180,0,204.331,4.216,-19.875,202.875,14.063,-0.645,0.656,-0.246,4.207,-0.270,-18.523,2.308,2.628,1.096,1.440,0,NULL,NULL,,3,0,2,7,255,1131,250,0,0
stim,121491,151612,0,151612,3348934.453,-0.667,-0.476,-0.256,-0.513,0,0,24,0,0,0,0,69,54,1.280,1,2180,0,229.413,3.257,14.750,228.938,-0.563,-0.707,0.125,0.371,3.234,0.387,-18.523,2.332,2.654,1.096,1.440,0,NULL,NULL,,3,0,2,7,255,1131,250,0,0
stim,121491,151612,0,151612,3348939.455,-0.669,-0.471,-0.248,-0.518,0,0,24,0,0,0,0,68,54,1.280,1,2180,0,247.628,6.295,-22.188,246.563,5.875,-0.605,-0.109,0.414,-0.684,6.258,-14.578,2.360,2.684,1.096,1.440,0,NULL,NULL,,3,0,2,7,255,1131,250,0,0
stim,121511,151632,0,151632,3348944.453,-0.671,-0.467,-0.239,-0.524,0,0,25,0,0,0,0,67,54,1.280,1,2180,0,261.938,6.362,-41.375,257.563,23.688,-0.492,0.063,0.008,-1.145,6.258,-13.945,2.386,2.714,1.096,1.440,0,NULL,NULL,,3,0,2,7,255,1131,250,0,0
stim,121511,151632,0,151632,3348949.455,-0.675,-0.461,-0.231,-0.528,0,0,23,0,0,0,0,59,54,1.280,1,2180,0,265.004,2.584,-4.438,262.063,39.125,-0.480,0.313,-0.316,-1.145,2.316,-13.945,2.410,2.740,1.096,1.440,0,NULL,NULL,,3,0,2,7,255,1131,250,0,0
stim,121511,151632,0,151632,3348954.454,-0.679,-0.454,-0.223,-0.532,0,0,21,0,0,0,0,52,54,1.280,1,2180,0,273.661,0.526,53.125,263.875,49.375,-0.535,0.441,-0.297,0.504,0.152,-16.215,2.428,2.762,1.096,1.440,0,NULL,NULL,,3,0,2,7,255,1131,250,0,0
stim,121511,151632,0,151632,3348959.455,-0.685,-0.445,-0.216,-0.535,0,0,20,0,0,0,0,52,54,1.280,1,2180,0,286.017,1.531,87.125,267.500,51.563,-0.555,0.445,-0.105,1.523,0.152,-16.238,2.446,2.784,1.096,1.440,0,NULL,NULL,,3,0,2,7,255,1131,250,0,0
stim,121541,151662,0,151662,3348964.454,-0.690,-0.437,-0.210,-0.538,0,0,21,0,0,0,0,58,54,1.280,1,2180,0,293.514,2.520,99.813,270.750,53.688,-0.516,0.344,0.023,1.523,2.008,-16.238,2.464,2.804,1.096,1.440,0,NULL,NULL,,3,0,2,7,255,1131,250,0,0
stim,121541,151662,0,151662,3348969.455,-0.696,-0.427,-0.203,-0.540,0,0,21,0,0,0,0,56,54,1.280,1,2180,0,300.289,3.298,111.313,271.875,62.188,-0.508,0.250,0.105,1.379,2.996,-14.863,2.482,2.826,1.096,1.440,0,NULL,NULL,,3,0,2,7,255,1131,250,0,0
stim,121541,151662,0,151662,3348974.454,-0.702,-0.417,-0.197,-0.543,0,0,22,0,0,0,0,48,54,1.280,1,2180,0,306.088,3.851,123.875,271.688,67.313,-0.555,0.262,0.227,0.926,3.738,-13.918,2.502,2.848,1.096,1.440,0,NULL,NULL,,3,0,2,7,255,1131,250,0,0
stim,121541,151662,0,151662,3348979.455,-0.708,-0.407,-0.190,-0.545,0,0,22,0,0,0,0,57,54,1.280,1,2180,0,307.815,5.123,131.063,271.813,60.750,-0.563,0.324,0.367,0.926,5.039,-13.527,2.522,2.870,1.096,1.440,0,NULL,NULL,,3,0,2,7,255,1131,250,0,0
stim,121541,151662,0,151662,3348984.454,-0.713,-0.397,-0.184,-0.547,0,0,22,0,0,0,0,57,54,1.280,1,2180,0,308.210,6.552,133.938,272.625,52.250,-0.504,0.301,0.504,1.711,6.324,-12.871,2.548,2.898,1.096,1.440,0,NULL,NULL,,3,0,2,7,255,1131,250,0,0
stim,121541,151662,0,151662,3348989.455,-0.719,-0.387,-0.178,-0.550,0,0,19,0,0,0,0,47,54,1.280,1,2180,0,309.924,7.336,133.250,275.438,49.313,-0.457,0.250,0.652,1.957,7.070,-11.395,2.576,2.930,1.096,1.440,0,NULL,NULL,,3,0,2,7,255,1131,250,0,0
stim,121591,151712,0,151712,3348994.454,-0.724,-0.376,-0.172,-0.552,0,0,21,0,0,0,0,51,54,1.280,1,2180,0,311.692,8.102,127.188,281.188,43.688,-0.465,0.234,0.789,1.984,7.855,-9.789,2.608,2.966,1.096,1.440,0,NULL,NULL,,3,0,2,7,255,1131,250,0,0
stim,121591,151712,0,151712,3348999.455,-0.729,-0.366,-0.165,-0.555,0,0,25,0,0,0,0,53,54,1.280,1,2180,0,313.067,9.117,116.625,288.875,31.000,-0.465,0.250,0.887,2.035,8.887,-8.715,2.646,3.004,1.096,1.440,0,NULL,NULL,,3,0,2,7,255,1131,250,0,0
stim,121591,151712,0,151712,3349004.453,-0.733,-0.355,-0.158,-0.559,0,0,21,0,0,0,0,45,54,1.280,1,2180,0,314.675,9.839,103.063,296.750,18.375,-0.445,0.266,0.980,2.363,9.551,-7.855,2.686,3.048,1.096,1.440,0,NULL,NULL,,3,0,2,7,255,1131,250,0,0
stim,121591,151712,0,151712,3349009.455,-0.736,-0.345,-0.150,-0.563,0,0,24,0,0,0,0,53,54,1.280,1,2180,0,317.028,10.373,85.563,305.125,9.188,-0.430,0.270,1.035,2.770,9.996,-6.895,2.728,3.092,1.096,1.440,0,NULL,NULL,,3,0,2,7,255,1131,250,0,0
stim,121591,151712,0,151712,3349014.453,-0.739,-0.335,-0.142,-0.568,0,0,20,0,0,0,0,53,54,1.280,1,2180,0,320.807,10.399,67.500,313.625,0.063,-0.434,0.234,1.031,2.770,10.023,-6.176,2.772,3.140,1.096,1.440,0,NULL,NULL,,3,0,2,7,255,1131,250,0,0
stim,121591,151712,0,151712,3349019.455,-0.741,-0.325,-0.133,-0.573,0,0,24,0,0,0,0,49,54,1.280,1,2180,0,326.321,10.383,51.813,322.000,-10.813,-0.426,0.180,0.988,2.707,10.023,-5.805,2.818,3.188,1.096,1.440,0,NULL,NULL,,3,0,2,7,255,1131,250,0,0
stim,121591,151712,0,151712,3349024.454,-0.742,-0.315,-0.124,-0.578,0,0,25,0,0,0,0,47,54,1.280,1,2180,0,333.391,9.748,42.313,329.938,-22.375,-0.391,0.152,0.902,2.219,9.492,-5.699,2.862,3.236,1.096,1.440,0,NULL,NULL,,3,0,2,7,255,1131,250,0,0
stim,121591,151712,0,151712,3349029.455,-0.744,-0.305,-0.115,-0.584,0,0,19,0,0,0,0,51,54,1.280,1,2180,0,341.151,8.770,40.438,337.313,-31.125,-0.340,0.137,0.801,1.984,8.543,-5.699,2.908,3.282,1.096,1.440,0,NULL,NULL,,3,0,2,7,255,1131,250,0,0
stim,121591,151712,0,151712,3349034.454,-0.745,-0.295,-0.105,-0.589,0,0,21,0,0,0,0,39,54,1.280,1,2180,0,348.866,7.632,48.750,343.563,-36.000,-0.309,0.109,0.695,1.875,7.398,-5.922,2.950,3.328,1.096,1.440,0,NULL,NULL,,3,0,2,7,255,1131,250,0,0
stim,121591,151712,0,151712,3349039.455,-0.746,-0.283,-0.096,-0.595,0,0,21,0,0,0,0,51,54,1.280,1,2180,0,356.162,6.580,64.438,348.000,-39.938,-0.289,0.109,0.672,1.598,6.383,-6.172,2.988,3.368,1.096,1.440,0,NULL,NULL,,3,0,2,7,255,1131,250,0,0
stim,121610,151731,0,151731,3349044.453,-0.747,-0.271,-0.088,-0.601,0,0,21,0,0,0,0,47,54,1.280,1,2180,0,362.781,6.194,80.313,350.938,-44.750,-0.227,0.117,0.699,1.598,5.984,-6.172,3.022,3.406,1.096,1.440,0,NULL,NULL,,3,0,2,7,255,1131,250,0,0
stim,121610,151731,0,151731,3349049.455,-0.748,-0.259,-0.079,-0.606,0,0,21,0,0,0,0,51,54,1.280,1,2180,0,366.967,5.803,94.813,352.250,-39.938,-0.012,0.063,0.691,1.941,5.469,-5.508,3.054,3.438,1.096,1.440,0,NULL,NULL,,3,0,2,7,255,1131,250,0,0
stim,121610,151731,0,151731,3349054.454,-0.749,-0.246,-0.071,-0.611,0,0,22,0,0,0,0,53,54,1.280,1,2180,0,368.954,4.469,112.438,350.500,-25.188,-0.102,0.102,0.680,1.992,4.000,-4.801,3.082,3.470,1.096,1.440,0,NULL,NULL,,3,0,2,7,255,1131,250,0,0
stim,121610,151731,0,151731,3349059.455,-0.750,-0.232,-0.064,-0.616,0,0,19,0,0,0,0,53,54,1.280,1,2180,0,374.455,4.518,135.688,347.125,-36.188,-0.164,0.156,0.723,2.102,4.000,-4.660,3.108,3.498,1.096,1.440,0,NULL,NULL,,3,0,2,7,255,1131,250,0,0
stim,121631,151752,0,151752,3349064.453,-0.751,-0.217,-0.058,-0.620,0,0,17,0,0,0,0,43,54,1.280,1,2180,0,381.132,4.734,159.750,343.688,-40.250,0.020,0.145,0.816,2.531,4.000,-4.660,3.132,3.524,1.096,1.440,0,NULL,NULL,,3,0,2,7,255,1131,250,0,0
stim,121631,151752,0,151752,3349069.455,-0.753,-0.202,-0.052,-0.624,0,0,19,0,0,0,0,54,54,1.280,1,2180,0,385.910,4.363,177.938,341.688,-22.688,0.094,0.148,0.938,3.008,3.160,-3.020,3.154,3.550,1.096,1.440,0,NULL,NULL,,3,0,2,7,255,1131,250,0,0
stim,121631,151752,0,151752,3349074.454,-0.755,-0.187,-0.046,-0.627,0,0,20,0,0,0,0,58,54,1.280,1,2180,0,391.563,4.406,193.563,340.375,0.125,0.055,0.137,1.000,3.223,3.004,-1.586,3.176,3.574,1.096,1.440,0,NULL,NULL,,3,0,2,7,255,1131,250,0,0
stim,121631,151752,0,151752,3349079.455,-0.757,-0.170,-0.041,-0.629,0,0,21,0,0,0,0,64,54,1.280,1,2180,0,400.646,4.518,212.375,339.563,10.563,-0.039,0.176,1.109,3.375,3.004,-0.984,3.200,3.598,1.096,1.440,0,NULL,NULL,,3,0,2,7,255,1131,250,0,0
stim,121659,151780,0,151780,3349084.454,-0.759,-0.153,-0.035,-0.631,0,0,18,0,0,0,0,69,54,1.280,1,2180,0,407.547,5.251,225.188,339.500,11.188,-0.074,0.211,1.289,3.465,3.945,-0.184,3.226,3.626,1.096,1.440,0,NULL,NULL,,3,0,2,7,255,1131,250,0,0
stim,121659,151780,0,151780,3349089.455,-0.761,-0.136,-0.031,-0.633,0,0,19,0,0,0,0,71,54,1.280,1,2180,0,410.776,5.964,230.125,340.063,11.688,-0.082,0.219,1.461,3.918,4.496,1.480,3.252,3.656,1.096,1.440,0,NULL,NULL,,3,0,2,7,255,1131,250,0,0
stim,121692,151813,0,151813,3349094.453,-0.763,-0.119,-0.026,-0.635,0,0,20,0,0,0,0,69,54,1.280,1,2180,0,410.456,6.110,228.375,340.813,12.875,-0.105,0.211,1.609,3.988,4.629,3.262,3.280,3.686,1.096,1.440,0,NULL,NULL,,3,0,2,7,255,1131,250,0,0
stim,121692,151813,0,151813,3349099.455,-0.765,-0.103,-0.020,-0.636,0,0,22,0,0,0,0,75,54,1.280,1,2180,0,406.595,6.175,220.500,341.313,14.313,-0.145,0.215,1.730,3.988,4.715,4.859,3.310,3.716,1.096,1.440,0,NULL,NULL,,3,0,2,7,255,1131,250,0,0
stim,121692,151813,0,151813,3349104.454,-0.766,-0.086,-0.015,-0.637,0,0,19,0,0,0,0,84,54,1.280,1,2180,0,401.269,6.217,209.938,341.688,13.875,-0.199,0.223,1.840,3.906,4.836,6.152,3.336,3.744,1.096,1.440,0,NULL,NULL,,3,0,2,7,255,1131,250,0,0
stim,121692,151813,0,151813,3349109.455,-0.767,-0.070,-0.009,-0.638,0,0,19,0,0,0,0,84,54,1.280,1,2180,0,394.545,6.233,199.188,340.438,9.625,-0.242,0.191,1.938,3.809,4.934,7.297,3.364,3.774,1.096,1.440,0,NULL,NULL,,3,0,2,7,255,1131,250,0,0
stim,121692,151813,0,151813,3349114.454,-0.767,-0.054,-0.003,-0.639,0,0,20,0,0,0,0,85,54,1.280,1,2180,0,386.484,5.956,185.938,338.813,1.875,-0.250,0.188,2.043,3.336,4.934,8.434,3.390,3.802,1.096,1.440,0,NULL,NULL,,3,0,2,7,255,1131,250,0,0
stim,121692,151813,0,151813,3349119.455,-0.767,-0.039,0.004,-0.640,0,0,18,0,0,0,0,86,54,1.280,1,2180,0,375.270,5.495,165.438,336.813,-3.875,-0.230,0.152,2.059,3.188,4.477,9.648,3.416,3.828,1.096,1.440,0,NULL,NULL,,3,0,2,7,255,1131,250,0,0
stim,121692,151813,0,151813,3349124.454,-0.767,-0.024,0.011,-0.642,0,0,23,0,0,0,0,83,54,1.280,1,2180,0,365.757,4.524,150.063,333.500,-6.125,-0.227,0.102,2.027,2.707,3.625,9.895,3.438,3.852,1.096,1.440,0,NULL,NULL,,3,0,2,7,255,1131,250,0,0
stim,121692,151813,0,151813,3349129.455,-0.766,-0.010,0.018,-0.642,0,0,22,0,0,0,0,89,54,1.280,1,2180,0,358.228,3.507,142.750,328.438,-8.875,-0.234,0.070,1.984,2.047,2.848,9.895,3.458,3.876,1.096,1.440,0,NULL,NULL,,3,0,2,7,255,1131,250,0,0
stim,121692,151813,0,151813,3349134.453,-0.765,0.004,0.025,-0.644,0,0,25,0,0,0,0,86,54,1.280,1,2180,0,352.948,2.760,142.250,322.688,-14.500,-0.215,0.020,1.941,1.570,2.270,9.582,3.474,3.896,1.096,1.440,0,NULL,NULL,,3,0,2,7,255,1131,250,0,0
stim,121692,151813,0,151813,3349139.455,-0.764,0.018,0.031,-0.645,0,0,22,0,0,0,0,99,54,1.280,1,2180,0,350.796,1.700,148.875,317.000,-20.125,-0.168,-0.051,1.934,0.938,1.418,9.246,3.490,3.912,1.096,1.440,0,NULL,NULL,,3,0,2,7,255,1131,250,0,0
stim,121692,151813,0,151813,3349144.454,-0.762,0.031,0.037,-0.646,0,0,19,0,0,0,0,104,54,1.280,1,2180,0,350.849,0.356,157.688,312.625,-22.250,-0.113,-0.109,1.945,0.207,0.289,9.246,3.500,3.924,1.096,1.440,0,NULL,NULL,,3,0,2,7,255,1131,250,0,0
stim,121692,151813,0,151813,3349149.456,-0.760,0.046,0.043,-0.646,0,0,19,0,0,0,0,104,54,1.280,1,2180,0,353.194,1.003,169.438,309.063,-22.750,-0.043,-0.125,1.969,-0.430,-0.906,9.316,3.506,3.934,1.096,1.440,0,NULL,NULL,,3,0,2,7,255,1131,250,0,0
stim,121726,151847,0,151847,3349154.454,-0.758,0.060,0.047,-0.647,0,0,20,0,0,0,0,103,54,1.280,1,2180,0,358.569,2.260,183.750,306.938,-24.438,0.063,-0.141,1.988,-0.676,-2.156,9.355,3.506,3.936,1.096,1.440,0,NULL,NULL,,3,0,2,7,255,1131,250,0,0
stim,121726,151847,0,151847,3349159.455,-0.756,0.075,0.052,-0.648,0,0,21,0,0,0,0,105,54,1.280,1,2180,0,368.800,3.853,202.750,307.000,-25.625,0.207,-0.141,2.027,-0.852,-3.758,9.359,3.500,3.932,1.096,1.440,0,NULL,NULL,,3,0,2,7,255,1131,250,0,0
stim,121726,151847,0,151847,3349164.454,-0.754,0.091,0.056,-0.648,0,0,23,0,0,0,0,105,54,1.280,1,2180,0,383.492,5.850,226.875,308.250,-24.000,0.387,-0.141,2.121,-0.895,-5.781,9.359,3.486,3.920,1.096,1.440,0,NULL,NULL,,3,0,2,7,255,1131,250,0,0
stim,121726,151847,0,151847,3349169.455,-0.751,0.108,0.059,-0.649,0,0,21,0,0,0,0,105,54,1.280,1,2180,0,399.907,8.260,250.375,311.188,-20.000,0.566,-0.109,2.273,-0.895,-8.211,9.707,3.464,3.902,1.096,1.440,0,NULL,NULL,,3,0,2,7,255,1131,250,0,0
stim,121726,151847,0,151847,3349174.454,-0.748,0.126,0.062,-0.649,0,0,22,0,0,0,0,111,54,1.280,1,2180,0,412.953,10.834,267.125,314.625,-13.625,0.715,-0.066,2.441,-0.793,-10.805,10.496,3.432,3.872,1.096,1.440,0,NULL,NULL,,3,0,2,7,255,1131,250,0,0
stim,121744,151865,0,151865,3349179.455,-0.745,0.144,0.064,-0.648,0,0,23,0,0,0,0,108,54,1.280,1,2180,0,421.780,13.219,277.250,317.813,-5.063,0.840,-0.031,2.598,-0.652,-13.203,11.391,3.390,3.832,1.096,1.440,0,NULL,NULL,,3,0,2,7,255,1131,250,0,0
stim,121744,151865,0,151865,3349184.454,-0.742,0.162,0.067,-0.647,0,0,23,0,0,0,0,93,54,1.280,1,2180,0,426.758,15.424,281.625,320.625,3.125,0.930,0.000,2.746,-0.652,-15.410,12.125,3.334,3.778,1.096,1.440,0,NULL,NULL,,3,0,2,7,255,1131,250,0,0
stim,121744,151865,0,151865,3349189.455,-0.739,0.180,0.070,-0.645,0,0,21,0,0,0,0,108,54,1.280,1,2180,0,425.958,17.374,277.500,323.063,8.063,0.977,0.063,2.891,-0.793,-17.355,12.754,3.268,3.714,1.096,1.440,0,NULL,NULL,,3,0,2,7,255,1131,250,0,0
stim,121744,151865,0,151865,3349194.453,-0.736,0.198,0.073,-0.643,0,0,21,0,0,0,0,121,54,1.280,1,2180,0,416.706,18.942,264.375,321.938,10.313,0.988,0.137,3.051,-0.793,-18.926,13.434,3.190,3.636,1.096,1.440,0,NULL,NULL,,3,0,2,7,255,1131,250,0,0
stim,121744,151865,0,151865,3349199.455,-0.733,0.214,0.076,-0.641,0,0,24,0,0,0,0,133,54,1.280,1,2180,0,395.813,20.263,237.438,316.563,8.938,1.020,0.246,3.215,-0.723,-20.250,14.344,3.100,3.548,1.096,1.440,0,NULL,NULL,,3,0,2,7,255,1131,250,0,0
stim,121792,151913,0,151913,3349204.453,-0.729,0.229,0.080,-0.639,0,0,23,0,0,0,0,151,54,1.280,1,2180,0,366.936,21.810,199.250,308.125,-0.563,1.207,0.414,3.301,-0.246,-21.809,14.891,3.002,3.452,1.096,1.440,0,NULL,NULL,,3,0,2,7,255,1131,250,0,0
stim,121792,151913,0,151913,3349209.455,-0.726,0.242,0.086,-0.638,0,0,17,0,0,0,0,165,54,1.280,1,2180,0,336.548,24.416,154.875,298.625,-10.063,1.520,0.449,3.246,1.188,-24.387,14.891,2.896,3.346,1.096,1.440,0,NULL,NULL,,3,0,2,7,255,1131,250,0,0
stim,121792,151913,0,151913,3349214.454,-0.724,0.254,0.092,-0.635,0,0,14,0,0,0,0,201,54,1.280,1,2180,0,304.949,27.502,105.438,286.125,-3.063,1.828,0.273,3.031,1.188,-27.477,12.508,2.782,3.232,1.096,1.440,0,NULL,NULL,,3,0,2,7,255,1131,250,0,0
stim,121792,151913,0,151913,3349219.455,-0.722,0.263,0.099,-0.632,0,0,5,0,0,0,0,212,54,1.280,1,2180,0,277.966,29.843,58.938,271.125,16.813,2.039,0.008,2.602,0.953,-29.828,8.215,2.660,3.110,1.096,1.440,0,NULL,NULL,,3,0,2,7,255,1131,250,0,0
stim,121792,151913,0,151913,3349224.454,-0.721,0.271,0.106,-0.628,0,0,6,0,0,0,0,253,54,1.280,1,2180,0,257.995,29.832,36.563,252.688,37.063,2.156,-0.234,2.063,-0.449,-29.828,2.371,2.530,2.978,1.096,1.440,0,NULL,NULL,,3,0,2,7,255,1131,250,0,0
stim,121792,151913,0,151913,3349229.455,-0.721,0.279,0.111,-0.625,0,0,2,0,0,0,0,277,54,1.280,1,2180,0,241.225,28.803,46.125,231.688,48.813,2.258,-0.441,1.598,-1.543,-28.762,-3.820,2.394,2.844,1.096,1.440,0,NULL,NULL,,3,0,2,7,255,1131,250,0,0
stim,121792,151913,0,151913,3349234.453,-0.720,0.288,0.115,-0.621,0,0,2,0,0,0,0,303,54,1.280,1,2180,0,229.280,27.533,75.563,208.625,57.750,2.406,-0.629,1.305,-2.426,-27.426,-9.152,2.256,2.704,1.096,1.440,0,NULL,NULL,,3,0,2,7,255,1131,250,0,0
stim,121792,151913,0,151913,3349239.455,-0.720,0.296,0.117,-0.617,0,0,7,0,0,0,0,338,54,1.280,1,2180,0,227.435,27.624,111.063,185.625,70.250,2.605,-0.762,1.121,-3.301,-27.426,-13.238,2.116,2.562,1.096,1.440,0,NULL,NULL,,3,0,2,7,255,1131,250,0,0
stim,121814,151935,0,151935,3349244.454,-0.719,0.306,0.117,-0.613,0,0,5,0,0,0,0,317,54,1.280,1,2180,0,243.819,28.012,152.250,165.125,94.875,2.781,-0.723,1.098,-3.301,-27.816,-16.559,1.974,2.418,1.096,1.440,0,NULL,NULL,,3,0,2,7,255,1131,250,0,0
stim,121814,151935,0,151935,3349249.455,-0.720,0.315,0.116,-0.608,0,0,16,0,0,0,0,333,54,1.280,1,2180,0,225.683,29.196,138.563,133.563,117.875,3.020,-1.195,1.590,-3.695,-28.961,-17.270,1.830,2.270,1.096,1.440,0,NULL,NULL,,3,0,2,7,255,1131,250,0,0
stim,121814,151935,0,151935,3349254.454,-0.721,0.323,0.115,-0.602,0,0,13,0,0,0,0,341,54,1.280,1,2180,0,226.806,31.088,129.063,117.375,144.938,2.816,-1.609,1.168,-7.234,-30.234,-18.027,1.684,2.120,1.096,1.440,0,NULL,NULL,,3,0,2,7,255,1131,250,0,0
stim,121814,151935,0,151935,3349259.455,-0.721,0.331,0.111,-0.598,0,0,19,0,9,0,0,339,54,1.280,1,2180,0,227.411,31.957,170.375,89.875,120.875,2.625,-1.574,1.180,-10.352,-30.234,-20.262,1.534,1.966,1.096,1.440,0,NULL,NULL,,3,0,2,7,255,1131,250,0,0
stim,121837,151958,0,151958,3349264.454,-0.720,0.340,0.107,-0.595,0,0,17,0,25,0,0,343,54,1.280,1,2180,0,238.406,31.990,210.438,60.875,94.063,2.637,-1.766,1.414,-10.453,-30.234,-20.262,1.378,1.806,1.096,1.440,0,NULL,NULL,,3,0,2,7,255,1131,250,0,0
stim,121837,151958,0,151958,3349269.455,-0.718,0.349,0.100,-0.594,0,0,19,0,23,0,0,345,54,1.280,1,2180,0,257.030,32.739,246.375,30.688,66.500,2.391,-1.629,1.852,-12.473,-30.270,-19.645,1.218,1.640,1.096,1.440,0,NULL,NULL,,3,0,2,7,255,1131,250,0,0
stim,121837,151959,0,151959,3349274.454,-0.715,0.357,0.094,-0.594,0,0,17,0,27,0,0,339,54,1.280,1,2180,0,247.588,33.194,246.313,1.438,25.063,2.324,-1.367,2.410,-12.473,-30.762,-15.059,1.058,1.472,1.096,1.440,0,NULL,NULL,,3,0,2,7,255,1131,250,0,0
stim,121837,151959,0,151959,3349279.455,-0.712,0.362,0.087,-0.595,0,0,17,0,21,0,0,347,54,1.280,1,2180,0,197.995,35.550,194.250,-34.625,16.438,2.172,-0.957,3.020,-12.340,-33.340,-10.094,0.900,1.304,1.096,1.440,0,NULL,NULL,,3,0,2,7,255,1131,250,0,0
stim,121837,151959,0,151959,3349284.453,-0.711,0.364,0.082,-0.596,0,0,14,0,12,0,0,351,54,1.280,1,2180,0,125.317,36.057,109.625,-60.625,3.375,1.984,-0.559,3.102,-11.043,-34.324,-3.512,0.752,1.136,1.096,1.440,0,NULL,NULL,,3,0,2,7,255,1131,250,0,0
stim,121837,151959,0,151959,3349289.455,-0.711,0.362,0.079,-0.598,0,0,6,0,0,0,0,360,54,1.280,1,2180,0,90.805,35.364,14.625,-89.500,-4.625,1.660,-0.348,3.074,-8.512,-34.324,-0.375,0.614,0.970,1.096,1.440,0,NULL,NULL,,3,0,2,7,255,1131,250,0,0
stim,121890,152011,0,152011,3349294.453,-0.712,0.356,0.078,-0.600,0,0,4,0,0,0,0,403,54,1.280,1,2180,0,138.977,32.348,-74.750,-108.688,-43.750,1.441,-0.238,2.836,-7.570,-31.449,2.207,0.502,0.806,1.096,1.440,0,NULL,NULL,,3,0,2,7,255,1131,250,0,0
stim,121890,152011,0,152011,3349299.455,-0.713,0.350,0.076,-0.603,51,0,0,304,0,10,0,547,54,1.280,1,2180,0,170.700,29.171,-78.188,-150.875,-16.188,0.719,-0.750,3.246,-7.570,-28.172,2.383,0.428,0.650,1.096,1.440,0,NULL,NULL,,3,0,2,7,255,1131,250,0,0
stim,121890,152011,0,152011,3349304.454,-0.720,0.349,0.058,-0.597,747,0,0,1045,0,125,0,546,54,1.280,1,2180,0,466.558,30.633,160.750,-280.438,336.438,0.008,0.684,6.047,-12.031,-28.172,7.664,0.404,0.504,1.096,1.440,0,NULL,NULL,,3,0,2,7,255,1131,250,0,0
stim,121890,152011,0,152011,3349309.455,-0.740,0.327,0.063,-0.584,1245,0,0,1499,0,411,0,619,54,1.280,1,2180,0,756.569,27.632,-614.563,-168.063,408.000,-1.035,2.320,4.293,-12.031,-24.875,37.066,0.430,0.374,1.096,1.440,0,NULL,NULL,,3,0,2,7,255,1131,250,0,0
stim,121890,152011,0,152011,3349314.454,-0.759,0.293,0.078,-0.576,1790,0,0,1887,0,596,0,681,54,1.280,1,2180,0,971.344,13.945,-933.813,-167.500,208.438,-1.590,2.887,0.152,6.648,-12.258,37.066,0.488,0.280,1.096,1.440,0,NULL,NULL,,3,0,2,7,255,1131,250,0,0
stim,121890,152011,0,152011,3349319.455,-0.769,0.269,0.088,-0.573,2133,0,0,2027,0,831,0,761,54,1.280,1,2181,0,636.896,22.206,-616.813,-135.813,82.063,-2.031,2.000,-1.699,14.070,17.180,7.836,0.540,0.256,1.096,1.440,1,1159.000,28.000,,3,0,2,7,255,1131,250,0,0
stim,121890,152011,0,152011,3349324.454,-0.771,0.257,0.091,-0.576,2341,0,0,2141,0,1018,0,845,54,1.280,1,2181,0,298.820,22.206,-261.000,-127.563,-70.000,-1.074,0.883,-1.297,14.070,17.180,-9.480,0.554,0.300,1.096,1.440,1,NULL,NULL,,3,0,2,7,255,1131,250,0,0
stim,121890,152011,0,152011,3349329.455,-0.770,0.252,0.088,-0.580,2477,0,0,2245,0,1237,0,939,54,1.280,1,2181,0,162.489,18.106,-38.188,-134.563,-82.688,0.145,0.191,0.586,6.262,16.988,-9.480,0.562,0.368,1.096,1.440,1,NULL,NULL,,3,0,2,7,255,1131,250,0,0
stim,121890,152011,0,152011,3349334.454,-0.772,0.247,0.085,-0.579,2653,0,0,2485,0,1349,0,966,54,1.280,1,2181,0,152.144,7.243,-58.875,-132.250,46.813,0.516,1.352,1.426,6.262,-3.641,-4.953,0.582,0.428,1.096,1.440,1,NULL,NULL,,3,0,2,7,255,1131,250,0,0
stim,121890,152011,0,152011,3349339.455,-0.778,0.239,0.083,-0.575,2803,0,0,2687,0,1369,0,1056,54,1.280,1,2181,0,253.014,9.164,-152.563,-139.438,145.938,-0.609,1.324,1.523,8.410,-3.641,3.648,0.606,0.478,1.096,1.440,2,NULL,NULL,,3,0,2,7,255,1131,250,0,0
stim,121913,152034,0,152034,3349344.453,-0.788,0.224,0.082,-0.568,2893,0,0,2799,0,1391,0,1161,54,1.280,1,2181,0,425.046,8.505,-310.563,-196.688,213.375,-2.180,-0.609,1.055,8.410,1.270,6.262,0.620,0.512,1.096,1.440,2,NULL,NULL,,3,0,2,7,255,1131,250,0,0
stim,121913,152034,0,152034,3349349.455,-0.791,0.208,0.084,-0.569,2955,0,0,2901,0,1423,0,1288,54,1.280,1,2181,0,385.425,18.507,-340.875,-178.813,-19.563,-2.297,-1.156,0.137,-13.965,12.145,6.262,0.612,0.534,1.096,1.440,2,NULL,NULL,,3,0,2,7,255,1131,250,0,0
stim,121913,152034,0,152034,3349354.454,-0.789,0.196,0.083,-0.576,3007,0,0,2971,0,1435,0,1390,54,1.280,1,2181,0,320.327,18.507,-190.125,-191.813,-172.250,-0.902,-0.723,-0.277,-13.965,12.145,-2.598,0.580,0.546,1.096,1.440,2,NULL,NULL,,3,0,2,7,255,1131,250,0,0
stim,121913,152034,0,152034,3349359.455,-0.786,0.190,0.079,-0.584,3033,0,0,3032,0,1444,0,1452,54,1.280,1,2181,0,263.614,11.663,-11.500,-187.875,-184.563,0.445,-0.684,0.664,-9.449,6.836,-6.508,0.538,0.546,1.096,1.440,2,NULL,NULL,,3,0,2,7,255,1131,250,0,0
stim,121914,152035,0,152035,3349364.454,-0.784,0.186,0.073,-0.588,3077,0,0,3087,0,1479,0,1447,54,1.280,1,2181,0,191.591,12.480,15.813,-166.125,-94.125,1.188,-1.246,1.883,-9.449,-8.152,-6.508,0.502,0.522,1.096,1.440,2,NULL,NULL,,3,0,2,7,255,1131,250,0,0
stim,121914,152035,0,152035,3349369.455,-0.786,0.179,0.070,-0.588,3081,0,0,3126,0,1503,0,1483,54,1.280,1,2181,0,172.389,22.523,-74.063,-154.313,20.500,1.348,-1.520,2.043,-9.625,-20.363,1.254,0.478,0.458,1.096,1.440,2,NULL,NULL,,3,0,2,7,255,1131,250,0,0
stim,121939,152060,0,152060,3349374.454,-0.791,0.171,0.068,-0.584,3095,0,0,3150,0,1595,0,1479,54,1.280,1,2181,0,261.539,23.082,-166.063,-138.625,147.000,0.883,-1.352,1.445,-10.867,-20.363,1.254,0.472,0.374,1.096,1.440,2,NULL,NULL,,3,0,2,7,255,1131,250,0,0
stim,121939,152060,0,152060,3349379.455,-0.798,0.162,0.067,-0.576,3107,0,0,3175,0,1725,5,1492,54,1.280,1,2181,0,310.219,19.601,-177.688,-128.813,219.250,-0.074,-0.801,0.668,-10.867,-16.313,-1.324,0.478,0.292,1.096,1.440,2,NULL,NULL,,3,0,2,7,255,1131,250,0,0
stim,121939,152060,0,152060,3349384.453,-0.805,0.155,0.064,-0.570,3125,0,0,3196,0,1847,35,1554,54,1.280,1,2181,0,264.146,8.926,-121.250,-130.000,195.375,-0.758,-0.406,0.504,-8.047,-3.863,-3.641,0.484,0.228,1.096,1.440,2,NULL,NULL,,3,0,2,7,255,1131,250,0,0
stim,121939,152060,0,152060,3349389.455,-0.808,0.150,0.060,-0.566,3133,0,0,3209,0,1957,54,1659,54,1.280,1,2181,0,191.928,7.607,-72.125,-137.813,112.438,-1.070,0.063,0.863,-6.594,3.793,-3.641,0.484,0.194,1.096,1.440,2,NULL,NULL,,3,0,2,7,255,1131,250,0,0
stim,121992,152113,0,152113,3349394.453,-0.809,0.144,0.057,-0.567,3127,0,0,3207,0,2067,102,1677,54,1.280,1,2181,0,153.512,5.196,-63.563,-139.563,6.938,-0.629,0.426,1.156,-3.551,3.793,1.137,0.476,0.182,1.096,1.440,2,NULL,NULL,,3,0,2,7,255,1131,250,0,0
stim,121992,152113,0,152113,3349399.455,-0.810,0.138,0.054,-0.568,3131,0,0,3211,0,2142,123,1773,54,1.280,1,2181,0,150.513,3.760,-68.688,-133.063,-15.188,-0.008,0.363,1.238,1.191,3.566,2.340,0.472,0.180,1.096,1.440,2,NULL,NULL,,3,0,2,7,255,1131,250,0,0
stim,121992,152113,0,152113,3349404.454,-0.811,0.131,0.052,-0.568,3139,0,0,3216,181,2239,177,1892,54,1.280,1,2181,0,165.943,2.481,-107.438,-126.000,-10.875,-0.027,-0.109,1.387,1.191,-2.176,3.188,0.474,0.178,1.096,1.440,2,NULL,NULL,,3,0,2,7,255,1131,250,0,0
stim,121992,152113,0,152113,3349409.455,-0.811,0.124,0.051,-0.569,3140,0,0,3227,414,2297,283,2022,54,1.280,1,2181,0,168.008,4.092,-121.188,-116.250,-5.125,0.152,-0.512,0.977,-1.664,-3.738,2.340,0.482,0.170,1.096,1.440,2,NULL,NULL,,3,0,2,7,255,1131,250,0,0
stim,121992,152113,0,152113,3349414.454,-0.812,0.120,0.050,-0.570,3126,0,0,3219,629,2344,283,2116,54,1.280,1,2181,0,100.310,7.119,-55.313,-82.438,-14.375,0.316,-0.633,1.418,-4.566,-5.461,2.313,0.494,0.158,1.096,1.440,2,NULL,NULL,,3,0,2,7,255,1131,250,0,0
stim,121992,152113,0,152113,3349419.455,-0.811,0.118,0.048,-0.571,3139,0,0,3225,885,2385,282,2166,54,1.280,1,2181,0,65.434,8.854,-28.500,-54.563,-22.188,0.570,-0.004,1.035,-4.566,-7.586,-1.172,0.510,0.140,1.096,1.440,2,NULL,NULL,,3,0,2,7,255,1131,250,0,0
stim,121992,152113,0,152113,3349424.453,-0.811,0.117,0.046,-0.571,3129,0,0,3219,1011,2407,295,2216,54,1.280,1,2181,0,51.716,7.740,19.688,-47.250,-7.375,0.539,0.715,1.203,1.535,-7.586,1.273,0.532,0.118,1.096,1.440,2,NULL,NULL,,3,0,2,7,255,1131,250,0,0
stim,121992,152113,0,152113,3349429.455,-0.811,0.116,0.045,-0.571,3141,0,0,3224,1127,2424,313,2264,54,1.280,1,2181,0,26.877,5.614,-6.313,-26.125,0.000,-0.125,0.293,1.816,1.660,-5.363,1.273,0.556,0.096,1.096,1.440,2,NULL,NULL,,3,0,2,7,255,1131,250,0,0
stim,121992,152113,0,152113,3349434.454,-0.811,0.112,0.048,-0.572,3125,16,0,3223,1192,2429,313,2313,54,1.280,1,2181,0,108.370,2.697,-104.313,-17.375,-23.688,-0.250,0.023,1.219,1.660,-2.125,2.348,0.578,0.078,1.096,1.440,2,NULL,NULL,,3,0,2,7,255,1131,250,0,0
stim,121992,152113,0,152113,3349439.455,-0.811,0.109,0.049,-0.573,3126,26,0,3218,1276,2455,317,2335,54,1.280,1,2181,0,91.094,1.019,-82.188,-15.438,-36.125,-0.223,0.000,0.660,-0.918,-0.441,2.348,0.594,0.064,1.096,1.440,2,NULL,NULL,,3,0,2,7,255,1131,250,0,0
stim,121992,152113,0,152113,3349444.453,-0.810,0.107,0.050,-0.575,3131,45,0,3217,1361,2459,327,2363,54,1.280,1,2181,0,70.004,1.054,-31.438,-15.875,-60.500,-0.176,-0.027,0.891,-0.957,-0.441,-0.980,0.604,0.058,1.096,1.440,2,NULL,NULL,,3,0,2,7,255,1131,250,0,0
stim,121992,152113,0,152113,3349449.455,-0.808,0.105,0.050,-0.578,3131,61,0,3223,1431,2475,329,2407,54,1.280,1,2181,0,75.022,1.051,-21.438,-16.125,-70.063,0.031,0.074,1.070,-0.918,-0.512,-0.980,0.610,0.054,1.096,1.440,2,NULL,NULL,,3,0,2,7,255,1131,250,0,0
stim,122022,152143,0,152143,3349454.454,-0.807,0.103,0.051,-0.579,3125,61,0,3211,1512,2473,339,2366,54,1.280,1,2181,0,61.249,2.419,-42.125,-11.313,-43.000,0.129,0.012,1.078,0.344,-2.395,0.250,0.618,0.050,1.096,1.440,2,NULL,NULL,,3,0,2,7,255,1131,250,0,0
stim,122022,152143,0,152143,3349459.455,-0.807,0.101,0.052,-0.580,3143,91,0,3212,1572,2489,342,2441,54,1.280,1,2181,0,58.366,2.419,-52.250,-8.000,-24.750,-0.063,-0.055,0.965,0.344,-2.395,0.250,0.628,0.042,1.096,1.440,2,NULL,NULL,,3,0,2,7,255,1131,250,0,0
stim,122022,152143,0,152143,3349464.454,-0.806,0.099,0.053,-0.581,3119,108,0,3213,1611,2502,342,2458,54,1.280,1,2181,0,49.424,1.741,-38.438,-6.813,-30.313,-0.156,0.020,0.883,-0.395,-1.695,-0.492,0.638,0.034,1.096,1.440,2,NULL,NULL,,3,0,2,7,255,1131,250,0,0
stim,122022,152143,0,152143,3349469.455,-0.805,0.098,0.053,-0.582,3125,112,0,3211,1646,2508,365,2468,54,1.280,1,2181,0,48.094,0.566,-16.000,-7.750,-44.688,-0.152,0.148,0.961,-0.395,-0.406,-0.492,0.648,0.028,1.096,1.440,2,NULL,NULL,,3,0,2,7,255,1131,250,0,0
stim,122044,152165,0,152165,3349474.454,-0.804,0.098,0.053,-0.584,3123,138,0,3213,1687,2517,367,2483,54,1.280,1,2181,0,48.005,0.912,-16.563,-4.688,-44.813,0.023,0.168,1.113,0.816,-0.406,-0.195,0.656,0.024,1.096,1.440,2,NULL,NULL,,3,0,2,7,255,1131,250,0,0
stim,122044,152165,0,152165,3349479.455,-0.804,0.096,0.053,-0.585,3133,153,1,3217,1715,2524,363,2489,54,1.280,1,2181,0,38.595,2.223,-26.938,-3.813,-27.375,0.027,0.086,1.098,0.820,-2.066,0.727,0.666,0.018,1.096,1.440,2,NULL,NULL,,3,0,2,7,255,1131,250,0,0
stim,122044,152165,0,152165,3349484.453,-0.803,0.095,0.054,-0.585,3126,159,16,3208,1738,2527,362,2426,54,1.280,1,2181,0,34.061,2.223,-30.375,-1.063,-15.375,-0.031,0.047,1.027,0.820,-2.066,0.727,0.676,0.012,1.096,1.440,2,NULL,NULL,,3,0,2,7,255,1131,250,0,0
stim,122044,152165,0,152165,3349489.455,-0.803,0.094,0.055,-0.586,3125,174,27,3213,1757,2527,361,2504,54,1.280,1,2181,0,28.661,1.758,-25.313,0.375,-13.438,-0.102,0.059,0.980,0.309,-1.730,0.125,0.684,0.006,1.096,1.440,2,NULL,NULL,,3,0,2,7,255,1131,250,0,0
stim,122044,152165,0,152165,3349494.453,-0.803,0.093,0.055,-0.586,3129,181,31,3211,1767,2523,359,2503,54,1.280,1,2181,0,24.447,0.972,-18.688,0.625,-15.750,-0.129,0.059,1.008,0.207,-0.949,0.125,0.692,0.000,1.096,1.440,2,NULL,NULL,,3,0,2,7,255,1131,250,0,0
stim,122044,152165,0,152165,3349499.455,-0.802,0.093,0.055,-0.587,3119,183,56,3207,1772,2533,349,2491,54,1.280,1,2181,0,23.318,0.773,-14.813,0.563,-18.000,-0.156,0.035,1.000,0.152,-0.758,0.105,0.000,0.000,1.096,1.440,2,NULL,NULL,,3,0,2,7,255,1131,250,0,0
stim,122091,152212,0,152212,3349504.454,-0.802,0.092,0.056,-0.587,3117,184,78,3210,1769,2531,359,2505,54,1.242,1,2181,1,20.459,0.760,-13.563,0.375,-15.313,-0.094,0.020,1.043,-0.059,-0.758,0.133,0.000,0.000,1.066,1.422,2,NULL,NULL,,3,0,2,7,255,1131,250,0,0
stim,122091,152212,0,152212,3349509.455,-0.802,0.091,0.056,-0.588,3115,183,83,3199,1771,2523,339,2495,54,1.242,1,2181,1,16.577,0.925,-14.813,-0.250,-7.438,-0.121,0.023,1.023,-0.113,-0.918,0.242,0.006,0.004,1.066,1.422,2,NULL,NULL,,3,0,2,7,255,1131,250,0,0
stim,122091,152212,0,152212,3349514.454,-0.802,0.091,0.056,-0.588,3117,183,115,3198,1787,2523,341,2489,54,1.242,1,2181,1,13.928,0.925,-11.188,-0.875,-8.250,-0.176,0.012,0.977,-0.113,-0.918,0.242,0.012,0.006,1.066,1.422,2,NULL,NULL,,3,0,2,7,255,1131,250,0,0
stim,122091,152212,0,152212,3349519.455,-0.802,0.091,0.056,-0.588,3111,188,125,3207,1799,2527,339,2505,54,1.242,1,2181,1,11.168,0.746,-4.375,-1.750,-10.125,-0.148,-0.008,0.977,-0.355,-0.656,-0.082,0.016,0.008,1.066,1.422,2,NULL,NULL,,3,0,2,7,255,1131,250,0,0
stim,122091,152212,0,152212,3349524.453,-0.801,0.090,0.056,-0.589,3103,182,124,3189,1801,2518,331,2505,54,1.242,1,2181,1,8.083,0.709,-2.563,-3.125,-7.000,-0.152,0.027,1.016,-0.355,-0.613,-0.082,0.022,0.010,1.066,1.422,2,NULL,NULL,,3,0,2,7,255,1131,250,0,0
stim,122091,152212,0,152212,3349529.455,-0.801,0.090,0.056,-0.589,3101,183,150,3189,1819,2513,329,2493,54,1.242,1,2181,1,9.757,0.627,-6.313,-3.938,-6.313,-0.180,0.051,1.012,-0.129,-0.613,0.223,0.026,0.012,1.066,1.422,2,NULL,NULL,,3,0,2,7,255,1131,250,0,0
stim,122091,152212,0,152212,3349534.454,-0.801,0.089,0.056,-0.589,3087,173,165,3177,1831,2523,337,2507,54,1.242,1,2181,1,11.053,0.371,-6.813,-5.000,-7.125,-0.176,0.012,0.969,-0.129,-0.348,0.223,0.030,0.014,1.066,1.422,2,NULL,NULL,,3,0,2,7,255,1131,250,0,0
stim,122091,152212,0,152212,3349539.455,-0.801,0.089,0.056,-0.589,3067,163,173,3171,1837,2503,335,2509,54,1.242,1,2181,1,10.105,0.480,-3.375,-6.250,-7.188,-0.180,-0.012,0.949,-0.371,-0.305,-0.160,0.034,0.016,1.066,1.422,2,NULL,NULL,,3,0,2,7,255,1131,250,0,0
stim,122111,152232,0,152232,3349544.454,-0.801,0.089,0.056,-0.590,3059,155,179,3165,1851,2496,342,2507,54,1.242,1,2181,1,12.106,0.483,1.000,-7.438,-9.500,-0.172,0.027,0.961,-0.371,-0.309,-0.254,0.038,0.018,1.066,1.422,2,NULL,NULL,,3,0,2,7,255,1131,250,0,0
stim,122111,152232,1,152232,3349549.455,-0.801,0.089,0.056,-0.590,3063,157,211,3144,1868,2505,335,2514,54,1.242,1,2181,1,13.703,0.363,4.500,-8.063,-10.125,-0.145,0.043,0.977,-0.191,-0.309,-0.254,0.044,0.022,1.066,1.422,2,NULL,NULL,,3,1,2,7,255,1131,250,0,0
stim,122111,152232,1,152232,3349554.454,-0.800,0.089,0.055,-0.590,3039,154,253,3128,1895,2493,344,2519,54,1.242,1,2181,1,12.356,0.442,3.000,-8.813,-8.125,-0.156,0.051,0.996,0.020,-0.441,-0.133,0.048,0.024,1.066,1.422,2,NULL,NULL,,3,1,2,7,255,1131,250,0,0
stim,122111,152232,1,152232,3349559.455,-0.800,0.088,0.055,-0.591,3020,153,275,3111,1903,2491,346,2520,54,1.242,1,2181,1,12.532,0.446,1.188,-10.063,-7.375,-0.191,0.063,0.980,0.066,-0.441,0.012,0.050,0.028,1.066,1.422,2,NULL,NULL,,3,1,2,7,255,1131,250,0,0
stim,122142,152263,1,152263,3349564.454,-0.800,0.088,0.054,-0.591,3005,151,303,3097,1931,2491,355,2531,54,1.242,1,2181,1,15.564,0.098,1.250,-11.125,-10.813,-0.211,0.078,0.977,0.086,-0.047,0.012,0.054,0.028,1.066,1.422,2,NULL,NULL,,3,1,2,7,255,1131,250,0,0
stim,122142,152263,1,152263,3349569.455,-0.800,0.088,0.054,-0.592,2989,151,332,3081,1961,2491,359,2539,54,1.242,1,2181,1,19.663,0.169,2.000,-12.250,-15.250,-0.195,0.090,0.980,0.141,0.094,0.012,0.056,0.030,1.066,1.422,2,NULL,NULL,,3,1,2,7,255,1131,250,0,0
stim,122142,152263,1,152263,3349574.454,-0.799,0.088,0.053,-0.592,2971,159,403,3061,1996,2491,396,2543,54,1.242,1,2181,1,20.986,0.315,1.875,-13.813,-15.688,-0.168,0.098,0.996,0.301,0.094,0.023,0.058,0.028,1.066,1.422,2,NULL,NULL,,3,1,2,7,255,1131,250,0,0
stim,122142,152263,1,152263,3349579.455,-0.799,0.087,0.053,-0.593,2953,167,468,3045,2022,2491,404,2567,54,1.242,1,2181,1,20.521,0.459,0.875,-15.375,-13.563,-0.168,0.117,1.004,0.449,-0.094,0.113,0.058,0.026,1.066,1.422,2,NULL,NULL,,3,1,2,7,255,1131,250,0,0
stim,122142,152263,1,152263,3349584.453,-0.799,0.087,0.052,-0.593,2930,171,541,3027,2060,2494,443,2581,54,1.242,1,2181,1,22.009,0.636,0.250,-16.500,-14.563,-0.176,0.168,1.012,0.629,-0.094,0.195,0.058,0.024,1.066,1.422,2,NULL,NULL,,3,1,2,7,255,1131,250,0,0
stim,122142,152263,1,152263,3349589.455,-0.798,0.086,0.051,-0.594,2904,178,651,3005,2101,2501,461,2592,54,1.242,1,2181,1,24.310,1.074,0.313,-17.375,-17.000,-0.156,0.188,1.016,1.074,-0.012,0.301,0.058,0.022,1.066,1.422,2,NULL,NULL,,3,1,2,7,255,1131,250,0,0
stim,122192,152313,1,152313,3349594.453,-0.798,0.086,0.051,-0.594,2877,187,713,2984,2157,2503,503,2617,54,1.242,1,2181,1,23.902,1.156,-0.500,-18.188,-15.500,-0.152,0.168,1.035,1.156,-0.012,0.313,0.058,0.018,1.066,1.422,2,NULL,NULL,,3,1,2,7,255,1131,250,0,0
stim,122192,152313,1,152313,3349599.455,-0.798,0.085,0.050,-0.595,2851,206,778,2965,2217,2507,555,2635,54,1.242,1,2181,1,25.066,1.306,-3.750,-18.438,-16.563,-0.152,0.188,1.039,1.305,-0.051,0.500,0.060,0.014,1.066,1.422,2,NULL,NULL,,3,1,2,7,255,1131,250,0,0
stim,122192,152313,1,152313,3349604.454,-0.797,0.085,0.050,-0.596,2823,223,885,2942,2268,2509,629,2650,54,1.242,1,2181,1,27.667,1.337,-6.313,-18.250,-19.813,-0.141,0.195,1.023,1.332,-0.117,0.500,0.060,0.012,1.066,1.422,2,NULL,NULL,,3,1,2,7,255,1131,250,0,0
stim,122192,152313,1,152313,3349609.455,-0.797,0.084,0.049,-0.596,2788,249,983,2919,2312,2509,759,2665,54,1.242,1,2181,1,28.373,1.337,-8.875,-18.063,-20.000,-0.137,0.145,1.020,1.332,-0.117,0.383,0.062,0.006,1.066,1.422,2,NULL,NULL,,3,1,2,7,255,1131,250,0,0
stim,122192,152313,1,152313,3349614.454,-0.796,0.083,0.049,-0.597,2760,260,1111,2901,2347,2509,866,2677,54,1.242,1,2181,1,31.861,1.008,-11.563,-18.063,-23.563,-0.129,0.129,1.020,0.980,-0.234,0.305,0.062,0.004,1.066,1.422,2,NULL,NULL,,3,1,2,7,255,1131,250,0,0
stim,122192,152313,1,152313,3349619.455,-0.796,0.082,0.048,-0.598,2719,255,1211,2878,2391,2513,965,2686,54,1.242,1,2181,1,34.701,0.876,-13.875,-16.813,-27.000,-0.160,0.105,0.996,0.844,-0.234,0.277,0.062,0.006,1.066,1.422,2,NULL,NULL,,3,1,2,7,255,1131,250,0,0
stim,122192,152313,1,152313,3349624.453,-0.795,0.081,0.048,-0.599,2683,263,1305,2856,2429,2515,1069,2701,54,1.242,1,2181,1,40.611,0.775,-12.438,-16.813,-34.813,-0.137,0.117,1.000,0.742,-0.223,0.125,0.064,0.012,1.066,1.422,2,NULL,NULL,,3,1,2,7,255,1131,250,0,0
stim,122192,152313,1,152313,3349629.455,-0.794,0.080,0.048,-0.601,2635,268,1439,2839,2469,2517,1172,2713,54,1.242,1,2181,1,44.460,0.587,-14.188,-15.000,-39.375,-0.145,0.074,1.008,0.543,-0.223,0.125,0.066,0.018,1.066,1.422,2,NULL,NULL,,3,1,2,7,255,1131,250,0,0
stim,122192,152313,1,152313,3349634.454,-0.793,0.079,0.048,-0.602,2583,275,1553,2815,2503,2519,1267,2693,54,1.242,1,2181,1,49.951,0.428,-18.625,-16.000,-43.500,-0.117,0.063,1.016,0.336,-0.266,0.180,0.068,0.024,1.066,1.422,2,NULL,NULL,,3,1,2,7,255,1131,250,0,0
stim,122192,152313,1,152313,3349639.455,-0.792,0.078,0.048,-0.604,2525,295,1661,2798,2535,2515,1363,2731,54,1.242,1,2181,1,52.558,0.525,-23.125,-15.000,-44.750,-0.141,0.008,0.992,0.301,-0.430,0.180,0.070,0.028,1.066,1.422,2,NULL,NULL,,3,1,2,7,255,1131,250,0,0
stim,122192,152313,1,152313,3349644.453,-0.791,0.076,0.049,-0.605,2473,308,1787,2776,2571,2523,1486,2747,54,1.242,1,2181,1,56.262,0.608,-27.188,-14.938,-46.938,-0.125,-0.004,0.992,-0.250,-0.555,-0.012,0.072,0.030,1.066,1.422,2,NULL,NULL,,3,1,2,7,255,1131,250,0,0
stim,122192,152313,1,152313,3349649.455,-0.790,0.074,0.049,-0.607,2419,313,1893,2751,2603,2523,1580,2760,54,1.242,1,2181,1,55.265,0.574,-28.438,-16.625,-44.375,-0.137,-0.035,0.977,-0.289,-0.496,-0.035,0.072,0.032,1.066,1.422,2,NULL,NULL,,3,1,2,7,255,1131,250,0,0
stim,122224,152345,1,152345,3349654.454,-0.789,0.073,0.049,-0.609,2367,330,2005,2725,2631,2521,1684,2776,54,1.242,1,2181,1,59.018,0.774,-31.000,-15.938,-47.625,-0.156,-0.070,0.996,-0.594,-0.496,-0.035,0.074,0.036,1.066,1.422,2,NULL,NULL,,3,1,2,7,255,1131,250,0,0
stim,122224,152345,1,152345,3349659.455,-0.787,0.071,0.050,-0.610,2293,329,2087,2699,2658,2523,1768,2789,54,1.242,1,2181,1,64.748,0.883,-38.313,-17.813,-49.063,-0.125,-0.059,1.027,-0.730,-0.496,0.051,0.074,0.036,1.066,1.422,2,NULL,NULL,,3,1,2,7,255,1131,250,0,0
stim,122224,152345,1,152345,3349664.454,-0.786,0.068,0.050,-0.612,2203,332,2201,2661,2687,2523,1863,2799,54,1.242,1,2181,1,68.821,0.924,-44.375,-18.813,-49.125,-0.137,-0.055,1.031,-0.730,-0.566,0.305,0.074,0.036,1.066,1.422,2,NULL,NULL,,3,1,2,7,255,1131,250,0,0
stim,122224,152345,1,152345,3349669.455,-0.785,0.066,0.051,-0.614,2139,351,2277,2623,2709,2524,1958,2809,54,1.242,1,2181,1,76.773,0.864,-51.250,-17.438,-54.438,-0.145,-0.020,1.031,-0.652,-0.566,0.379,0.076,0.036,1.066,1.422,2,NULL,NULL,,3,1,2,7,255,1131,250,0,0
stim,122224,152345,1,152345,3349674.454,-0.784,0.063,0.052,-0.616,2057,365,2350,2581,2733,2525,2034,2825,54,1.242,1,2181,1,79.281,0.651,-52.563,-18.750,-56.313,-0.086,0.016,0.961,-0.320,-0.566,0.379,0.076,0.034,1.066,1.422,2,NULL,NULL,,3,1,2,7,255,1131,250,0,0
stim,122224,152345,1,152345,3349679.455,-0.783,0.061,0.053,-0.617,1957,367,2421,2530,2749,2525,2104,2829,54,1.242,1,2181,0,67.293,0.742,-42.875,-20.250,-47.750,-0.063,0.027,0.906,0.184,-0.719,-0.367,0.078,0.034,1.066,1.422,2,NULL,NULL,,3,1,2,7,255,1131,250,0,0
stim,122259,152380,1,152380,3349684.453,-0.782,0.059,0.053,-0.618,1863,371,2491,2485,2771,2521,2172,2845,54,1.242,1,2181,0,55.556,0.818,-32.063,-20.938,-40.250,-0.086,-0.063,0.973,0.184,-0.797,-0.367,0.080,0.032,1.066,1.422,2,NULL,NULL,,3,1,2,7,255,1131,250,0,0
stim,122259,152380,1,152380,3349689.455,-0.781,0.058,0.053,-0.620,1757,371,2537,2415,2789,2520,2239,2857,54,1.242,1,2181,0,53.586,0.881,-29.313,-21.375,-39.438,-0.188,-0.031,1.023,-0.375,-0.797,-0.273,0.082,0.030,1.066,1.422,2,NULL,NULL,,3,1,2,7,255,1131,250,0,0
stim,122290,152411,1,152411,3349694.454,-0.780,0.056,0.053,-0.621,1619,363,2583,2335,2813,2519,2297,2867,54,1.242,1,2181,0,62.663,0.811,-35.000,-22.063,-47.063,-0.125,-0.082,1.094,-0.508,-0.633,0.402,0.084,0.028,1.066,1.422,2,NULL,NULL,,3,1,2,7,255,1131,250,0,0
stim,122290,152411,1,152411,3349699.455,-0.779,0.053,0.054,-0.623,1463,345,2619,2259,2829,2515,2356,2874,54,1.242,1,2181,0,67.191,0.736,-45.313,-22.188,-44.375,-0.098,-0.027,1.063,-0.375,-0.633,0.629,0.086,0.028,1.066,1.422,2,NULL,NULL,,3,1,2,7,255,1131,250,0,0
stim,122290,152411,1,152411,3349704.454,-0.778,0.051,0.054,-0.624,1285,345,2655,2171,2845,2511,2405,2887,54,1.242,1,2181,0,72.976,0.634,-51.438,-23.125,-46.313,-0.129,0.086,1.043,-0.043,-0.633,0.629,0.090,0.028,1.066,1.422,2,NULL,NULL,,3,1,2,7,255,1131,250,0,0
stim,122290,152411,1,152411,3349709.455,-0.777,0.048,0.055,-0.626,1146,329,2701,2066,2857,2505,2455,2893,54,1.242,1,2181,0,70.318,1.167,-50.688,-24.188,-42.313,0.023,0.047,0.992,0.938,-0.695,0.453,0.092,0.026,1.066,1.422,2,NULL,NULL,,3,1,2,7,255,1131,250,0,0
stim,122290,152411,1,152411,3349714.454,-0.776,0.046,0.055,-0.626,1011,299,2729,1927,2872,2500,2495,2901,54,1.242,1,2181,0,54.886,1.288,-42.063,-23.188,-26.563,-0.055,-0.074,0.910,0.938,-0.883,-0.254,0.096,0.026,1.066,1.422,2,NULL,NULL,,3,1,2,7,255,1131,250,0,0
stim,122290,152412,1,152412,3349719.455,-0.776,0.044,0.055,-0.627,851,276,2767,1773,2889,2491,2531,2904,54,1.242,1,2181,0,46.671,0.965,-31.313,-24.813,-24.125,-0.164,-0.102,1.012,-0.391,-0.883,-0.254,0.100,0.024,1.066,1.422,2,NULL,NULL,,3,1,2,7,255,1131,250,0,0
stim,122292,152413,1,152413,3349724.454,-0.775,0.042,0.055,-0.628,659,235,2797,1597,2903,2484,2579,2915,54,1.242,1,2181,0,49.316,0.583,-27.625,-26.313,-31.250,-0.168,-0.082,1.016,-0.582,-0.027,0.242,0.104,0.024,1.066,1.422,2,NULL,NULL,,3,1,2,7,255,1131,250,0,0
stim,122292,152413,1,152413,3349729.455,-0.774,0.040,0.055,-0.629,477,184,2825,1405,2917,2473,2611,2919,54,1.242,1,2181,0,55.305,0.586,-28.250,-27.813,-38.563,-0.168,0.004,1.063,-0.582,0.066,0.309,0.108,0.024,1.066,1.422,2,NULL,NULL,,3,1,2,7,255,1131,250,0,0
stim,122292,152413,1,152413,3349734.454,-0.773,0.038,0.055,-0.631,341,171,2851,1179,2924,2457,2621,2924,54,1.242,1,2181,0,60.701,0.293,-32.125,-29.000,-42.563,-0.063,-0.012,1.051,0.285,0.066,0.457,0.108,0.024,1.066,1.422,2,NULL,NULL,,3,1,2,7,255,1131,250,0,0
stim,122292,152413,1,152413,3349739.455,-0.772,0.037,0.054,-0.632,219,122,2870,957,2940,2444,2668,2931,54,1.242,1,2181,0,50.242,0.734,-24.125,-31.813,-30.500,-0.059,0.004,0.965,0.371,-0.633,0.457,0.112,0.024,1.066,1.422,2,NULL,NULL,,3,1,2,7,255,1131,250,0,0
stim,122292,152413,1,152413,3349744.453,-0.772,0.035,0.053,-0.633,94,75,2887,787,2953,2425,2695,2937,54,1.242,1,2181,0,46.236,0.769,-16.750,-33.438,-27.188,-0.105,0.004,1.035,0.438,-0.633,0.367,0.114,0.024,1.066,1.422,2,NULL,NULL,,3,1,2,7,255,1131,250,0,0
stim,122292,152413,1,152413,3349749.457,-0.771,0.034,0.053,-0.634,31,41,2901,548,2965,2409,2712,2943,54,1.242,1,2181,0,48.198,0.783,-13.125,-36.875,-28.125,-0.059,0.004,1.039,0.461,-0.633,0.363,0.116,0.024,1.066,1.422,2,NULL,NULL,,3,1,2,7,255,1131,250,0,0
stim,122324,152445,1,152445,3349754.454,-0.771,0.032,0.051,-0.635,8,29,2909,397,2975,2383,2735,2952,54,1.242,1,2181,0,47.855,0.834,-9.813,-39.125,-25.750,-0.035,-0.004,1.043,0.520,-0.652,0.367,0.118,0.026,1.066,1.422,2,NULL,NULL,,3,1,2,7,255,1131,250,0,0
stim,122324,152445,1,152445,3349759.455,-0.770,0.030,0.050,-0.635,0,1,2923,279,2983,2350,2759,2959,54,1.242,1,2181,0,46.731,1.002,-9.875,-40.563,-21.000,-0.020,0.023,1.031,0.535,-0.848,0.363,0.120,0.028,1.066,1.422,2,NULL,NULL,,3,1,2,7,255,1131,250,0,0
stim,122324,152445,1,152445,3349764.454,-0.770,0.029,0.049,-0.636,0,1,2931,179,2985,2324,2789,2957,54,1.242,1,2181,0,47.202,0.994,-0.625,-44.688,-15.188,-0.121,-0.051,1.051,0.520,-0.848,0.367,0.120,0.030,1.066,1.422,2,NULL,NULL,,3,1,2,7,255,1131,250,0,0
stim,122324,152445,1,152445,3349769.455,-0.770,0.029,0.046,-0.636,0,0,2948,158,3003,2312,2803,2957,54,1.242,1,2181,0,61.252,0.095,29.250,-53.750,2.688,-0.301,-0.141,1.227,-0.078,-0.055,0.582,0.122,0.032,1.066,1.422,2,NULL,NULL,,3,1,2,7,255,1131,250,0,0
stim,122343,152464,1,152464,3349774.454,-0.770,0.029,0.043,-0.636,0,0,2943,148,3007,2282,2827,2971,54,1.242,1,2181,0,82.855,1.847,52.625,-63.438,8.438,-0.418,-0.184,1.602,-1.215,1.391,2.512,0.122,0.034,1.066,1.422,2,NULL,NULL,,3,1,2,7,255,1131,250,0,0
stim,122343,152464,1,152464,3349779.456,-0.771,0.027,0.040,-0.635,0,0,2955,117,3016,2257,2843,2973,54,1.242,1,2181,0,71.495,1.847,8.563,-70.875,3.875,-0.227,0.023,1.621,-1.215,1.391,6.207,0.124,0.038,1.066,1.422,3,NULL,NULL,,3,1,2,7,255,1131,250,0,0
stim,122343,152464,1,152464,3349784.454,-0.771,0.023,0.039,-0.636,0,0,2957,74,3029,2221,2869,2927,54,1.242,1,2181,0,88.130,1.004,-57.188,-66.063,-11.500,-0.063,0.016,1.238,0.641,0.773,6.207,0.126,0.044,1.066,1.422,3,NULL,NULL,,3,1,2,7,255,1131,250,0,0
stim,122343,152464,1,152464,3349789.455,-0.771,0.020,0.038,-0.635,0,0,2962,57,3035,2171,2879,2980,54,1.242,1,2181,0,84.669,0.723,-40.375,-72.750,15.688,-0.098,0.043,0.984,0.684,0.234,2.293,0.124,0.048,1.066,1.422,3,NULL,NULL,,3,1,2,7,255,1131,250,0,0
stim,122343,152464,1,152464,3349794.454,-0.772,0.018,0.035,-0.634,0,0,2965,5,3043,2121,2895,2981,54,1.242,1,2181,0,86.287,0.778,-1.750,-81.000,29.688,-0.227,0.133,1.051,0.742,0.234,0.547,0.122,0.054,1.066,1.422,3,NULL,NULL,,3,1,2,7,255,1131,250,0,0
stim,122343,152464,0,152464,3349799.455,-0.773,0.017,0.032,-0.634,0,0,2966,0,3047,2043,2907,2983,54,1.242,1,2181,0,88.976,1.848,14.250,-86.438,15.563,-0.242,0.066,1.160,0.762,1.684,0.547,0.118,0.060,1.066,1.422,3,NULL,NULL,,3,0,2,7,255,1137,250,0,0
stim,122343,152464,0,152464,3349804.453,-0.773,0.015,0.029,-0.633,0,0,2964,0,3051,1965,2921,2983,54,1.242,1,2181,0,92.157,1.848,14.438,-90.750,7.000,-0.203,-0.023,1.297,0.762,1.684,1.641,0.116,0.066,1.066,1.422,3,NULL,NULL,,3,0,2,7,255,1137,250,0,0
stim,122390,152511,0,152511,3349809.455,-0.774,0.012,0.026,-0.633,0,0,2957,0,3068,1874,2933,2997,54,1.242,1,2181,0,94.787,1.156,-0.188,-94.438,8.125,-0.191,-0.078,1.340,0.020,1.156,3.008,0.112,0.070,1.066,1.422,3,NULL,NULL,,3,0,2,7,255,1137,250,0,0
stim,122390,152511,0,152511,3349814.454,-0.774,0.009,0.023,-0.633,0,0,2971,0,3062,1781,2950,2989,54,1.242,1,2181,0,101.097,1.138,-14.938,-99.188,12.625,-0.180,-0.105,1.273,-0.480,1.031,3.008,0.110,0.078,1.066,1.422,3,NULL,NULL,,3,0,2,7,255,1137,250,0,0
stim,122390,152511,0,152511,3349819.455,-0.775,0.005,0.020,-0.632,0,0,2953,0,3076,1675,2967,2982,54,1.242,1,2181,0,107.149,1.085,-22.750,-103.438,16.250,-0.133,-0.078,1.184,-0.480,0.973,2.785,0.104,0.084,1.066,1.422,3,NULL,NULL,,3,0,2,7,255,1137,250,0,0
stim,122390,152511,0,152511,3349824.454,-0.776,0.002,0.017,-0.631,0,0,2949,0,3091,1549,2971,2987,54,1.242,1,2181,0,111.202,1.078,-16.000,-107.438,23.813,-0.145,-0.055,1.133,-0.465,0.973,1.863,0.098,0.092,1.066,1.422,3,NULL,NULL,,3,0,2,7,255,1137,250,0,0
stim,122390,152511,0,152511,3349829.455,-0.776,-0.001,0.013,-0.630,0,0,2953,0,3069,1383,2981,2970,54,1.242,1,2181,0,114.715,1.113,-8.063,-112.625,20.250,-0.215,-0.066,1.148,-0.465,1.012,1.500,0.092,0.100,1.066,1.422,3,NULL,NULL,,3,0,2,7,255,1137,250,0,0
stim,122390,152511,0,152511,3349834.453,-0.777,-0.005,0.010,-0.629,0,0,2940,0,3083,1225,2985,2972,54,1.242,1,2181,0,118.274,1.591,-4.250,-117.313,14.438,-0.188,-0.129,1.156,-0.551,1.492,1.500,0.086,0.108,1.066,1.422,3,NULL,NULL,,3,0,2,7,255,1137,250,0,0
stim,122390,152511,0,152511,3349839.455,-0.777,-0.008,0.006,-0.629,0,0,2915,0,3095,1039,3001,2956,54,1.242,1,2181,0,122.888,1.922,-6.063,-122.250,10.938,-0.188,-0.148,1.211,-1.125,1.559,1.598,0.080,0.116,1.066,1.422,3,NULL,NULL,,3,0,2,7,255,1137,250,0,0
stim,122411,152532,0,152532,3349844.453,-0.778,-0.012,0.002,-0.628,0,0,2905,0,3097,819,3004,2955,54,1.242,1,2181,0,127.426,2.015,-7.313,-126.750,10.875,-0.176,-0.145,1.172,-1.277,1.559,1.723,0.074,0.122,1.066,1.422,3,NULL,NULL,,3,0,2,7,255,1137,250,0,0
stim,122411,152532,0,152532,3349849.455,-0.778,-0.015,-0.002,-0.628,0,0,2889,0,3094,657,3007,2943,54,1.242,1,2181,0,132.469,2.027,-6.750,-131.938,9.750,-0.164,-0.102,1.145,-1.277,1.574,1.723,0.066,0.132,1.066,1.422,3,NULL,NULL,,3,0,2,7,255,1137,250,0,0
stim,122411,152532,0,152532,3349854.454,-0.778,-0.019,-0.006,-0.627,0,0,2873,0,3097,527,3020,2925,54,1.242,1,2181,0,137.817,1.805,-4.063,-137.688,4.375,-0.137,-0.098,1.090,-0.883,1.574,1.426,0.060,0.142,1.066,1.422,3,NULL,NULL,,3,0,2,7,255,1137,250,0,0
stim,122411,152532,0,152532,3349859.455,-0.779,-0.023,-0.011,-0.627,0,0,2848,0,3098,343,3029,2905,54,1.242,1,2181,0,143.096,1.708,2.688,-143.000,4.500,-0.070,-0.102,1.063,-0.816,1.500,0.863,0.054,0.152,1.066,1.422,3,NULL,NULL,,3,0,2,7,255,1137,250,0,0
stim,122439,152560,0,152560,3349864.453,-0.779,-0.027,-0.016,-0.626,0,0,2827,0,3099,179,3033,2893,54,1.242,1,2181,0,147.565,1.543,12.750,-146.875,6.375,-0.086,-0.063,1.078,-0.758,1.344,0.707,0.050,0.162,1.066,1.422,3,NULL,NULL,,3,0,2,7,255,1137,250,0,0
stim,122439,152560,0,152560,3349869.458,-0.779,-0.030,-0.022,-0.626,0,0,2793,0,3108,79,3035,2874,54,1.242,1,2181,0,152.253,1.254,16.188,-151.250,6.500,-0.047,-0.059,1.133,-0.477,1.160,0.707,0.048,0.172,1.066,1.422,3,NULL,NULL,,3,0,2,7,255,1137,250,0,0
stim,122439,152560,0,152560,3349874.454,-0.779,-0.034,-0.027,-0.625,0,0,2763,0,3111,39,3037,2837,54,1.242,1,2181,0,157.679,1.393,16.188,-156.625,8.313,-0.082,-0.027,1.188,-0.367,1.344,1.242,0.046,0.182,1.066,1.422,3,NULL,NULL,,3,0,2,7,255,1137,250,0,0
stim,122439,152560,0,152560,3349879.455,-0.779,-0.037,-0.033,-0.625,0,0,2728,0,3109,0,3039,2814,54,1.242,1,2181,0,163.281,1.748,19.875,-162.063,1.250,-0.133,0.059,1.227,-0.184,1.738,1.727,0.046,0.192,1.066,1.422,3,NULL,NULL,,3,0,2,7,255,1137,250,0,0
stim,122439,152560,0,152560,3349884.454,-0.779,-0.041,-0.039,-0.624,0,0,2676,0,3101,0,3051,2779,54,1.242,1,2181,0,168.162,2.224,16.563,-167.250,-5.625,-0.031,0.188,1.344,0.480,2.172,1.988,0.044,0.202,1.066,1.422,3,NULL,NULL,,3,0,2,7,255,1137,250,0,0
stim,122439,152560,0,152560,3349889.455,-0.779,-0.045,-0.046,-0.624,0,0,2613,0,3100,0,3049,2739,54,1.242,1,2181,0,170.709,2.998,11.438,-170.250,-5.063,0.004,0.238,1.469,1.898,2.320,3.137,0.042,0.212,1.066,1.422,3,NULL,NULL,,3,0,2,7,255,1137,250,0,0
stim,122439,152560,0,152560,3349894.454,-0.779,-0.049,-0.052,-0.623,0,0,2527,0,3095,0,3045,2707,54,1.242,1,2181,0,177.038,2.998,9.438,-176.750,3.563,-0.063,0.164,1.730,1.898,2.320,4.359,0.036,0.220,1.066,1.422,3,NULL,NULL,,3,0,2,7,255,1137,250,0,0
stim,122487,152608,0,152608,3349899.455,-0.779,-0.054,-0.058,-0.622,0,0,2459,0,3095,0,3051,2652,54,1.242,1,2181,0,187.897,3.674,0.938,-187.000,18.313,-0.180,0.160,1.945,1.523,3.344,6.805,0.030,0.230,1.066,1.422,3,NULL,NULL,,3,0,2,7,255,1137,250,0,0
stim,122487,152608,0,152608,3349904.453,-0.779,-0.060,-0.064,-0.621,0,0,2398,0,3080,0,3046,2523,54,1.242,1,2181,0,204.849,5.298,-15.000,-202.000,30.563,-0.328,0.250,2.102,1.523,5.074,8.668,0.024,0.240,1.066,1.422,3,NULL,NULL,,3,0,2,7,255,1137,250,0,0
stim,122487,152608,0,152608,3349909.455,-0.780,-0.068,-0.071,-0.619,0,0,2291,0,3061,35,3036,2501,54,1.242,1,2181,0,229.608,7.477,-44.625,-222.563,34.563,-0.477,0.395,2.117,1.699,7.281,9.430,0.024,0.254,1.066,1.422,3,NULL,NULL,,3,0,2,7,255,1137,250,0,0
stim,122487,152608,0,152608,3349914.454,-0.779,-0.076,-0.077,-0.617,0,0,2195,0,3049,59,3041,2407,54,1.242,1,2181,0,250.235,9.781,-60.438,-241.625,24.125,-0.488,0.633,2.141,2.734,9.391,9.430,0.038,0.272,1.066,1.422,3,NULL,NULL,,3,0,2,7,255,1137,250,0,0
stim,122487,152608,0,152608,3349919.455,-0.779,-0.086,-0.084,-0.615,0,0,2075,0,3033,73,3019,2313,54,1.242,1,2181,0,275.137,11.595,-75.063,-263.875,20.875,-0.465,0.637,2.188,4.977,10.473,9.430,0.060,0.298,1.066,1.422,3,NULL,NULL,,3,0,2,7,255,1137,250,0,0
stim,122487,152608,0,152608,3349924.454,-0.778,-0.097,-0.091,-0.613,0,0,1956,0,3014,87,2990,2185,54,1.242,1,2181,0,302.198,11.938,-91.750,-287.125,21.563,-0.453,0.543,2.191,4.977,10.852,9.375,0.090,0.328,1.066,1.422,3,NULL,NULL,,3,0,2,7,255,1137,250,0,0
stim,122487,152608,0,152608,3349929.455,-0.778,-0.110,-0.098,-0.611,0,0,1837,0,3001,116,2969,2087,54,1.242,1,2181,0,331.082,12.105,-118.688,-307.563,30.563,-0.363,0.664,2.172,5.078,10.988,9.375,0.128,0.366,1.066,1.422,3,NULL,NULL,,3,0,2,7,255,1137,250,0,0
stim,122487,152608,0,152608,3349934.453,-0.777,-0.123,-0.105,-0.609,0,0,1726,0,2988,119,2931,1971,54,1.242,1,2181,0,354.788,12.214,-132.438,-327.375,34.063,-0.422,0.625,2.094,5.203,11.051,9.004,0.170,0.408,1.066,1.422,3,NULL,NULL,,3,0,2,7,255,1137,250,0,0
stim,122487,152608,0,152608,3349939.455,-0.776,-0.136,-0.114,-0.606,0,0,1635,0,2937,116,2899,1881,54,1.242,1,2181,0,371.779,12.872,-123.563,-348.938,34.563,-0.512,0.605,2.160,5.203,11.773,7.719,0.216,0.454,1.066,1.422,3,NULL,NULL,,3,0,2,7,255,1137,250,0,0
stim,122518,152639,0,152639,3349944.453,-0.774,-0.150,-0.123,-0.603,0,0,1547,0,2901,123,2837,1771,54,1.242,1,2181,0,381.297,14.238,-107.313,-364.938,26.313,-0.598,0.637,2.504,5.051,13.313,7.719,0.264,0.504,1.066,1.422,3,NULL,NULL,,3,0,2,7,255,1137,250,0,0
stim,122518,152639,0,152639,3349949.455,-0.772,-0.164,-0.133,-0.600,0,0,1452,0,2858,112,2777,1641,54,1.242,1,2181,0,405.120,16.753,-113.813,-388.500,15.375,-0.715,0.590,2.797,4.891,16.023,9.965,0.316,0.558,1.066,1.422,3,NULL,NULL,,3,0,2,7,255,1137,250,0,0
stim,122518,152639,0,152639,3349954.454,-0.769,-0.179,-0.143,-0.597,0,0,1388,0,2783,87,2682,1507,54,1.242,1,2181,0,426.797,19.478,-126.813,-407.500,-4.250,-0.703,0.629,3.027,4.898,18.852,11.563,0.372,0.614,1.066,1.422,3,NULL,NULL,,3,0,2,7,255,1137,250,0,0
stim,122518,152639,0,152639,3349959.457,-0.765,-0.195,-0.153,-0.595,0,0,1208,0,2701,73,2541,1357,54,1.242,1,2181,0,450.662,21.210,-148.875,-425.250,-9.750,-0.695,0.750,3.152,4.898,20.637,12.852,0.430,0.676,1.066,1.422,3,NULL,NULL,,3,0,2,7,255,1137,250,0,0
stim,122518,152640,0,152640,3349964.454,-0.760,-0.212,-0.164,-0.593,0,0,1071,0,2586,61,2381,1195,54,1.242,1,2181,0,467.105,23.025,-173.000,-432.563,-33.875,-0.750,0.707,3.145,5.863,22.266,12.852,0.494,0.742,1.066,1.422,3,NULL,NULL,,3,0,2,7,255,1137,250,0,0
stim,122518,152640,0,152640,3349969.455,-0.754,-0.230,-0.174,-0.591,0,0,852,0,2441,7,2158,1045,54,1.242,1,2181,0,487.414,23.815,-194.438,-445.313,-38.250,-0.648,0.523,3.125,5.863,23.082,11.734,0.566,0.818,1.066,1.422,3,NULL,NULL,,3,0,2,7,255,1137,250,0,0
stim,122538,152659,0,152659,3349974.454,-0.748,-0.249,-0.183,-0.588,0,0,693,0,2257,0,1875,923,54,1.242,1,2181,0,514.559,23.533,-227.500,-460.438,-31.813,-0.566,0.082,2.770,4.586,23.082,11.371,0.648,0.902,1.066,1.422,3,NULL,NULL,,3,0,2,7,255,1137,250,0,0
stim,122538,152659,0,152659,3349979.455,-0.741,-0.269,-0.192,-0.584,0,0,490,0,2010,0,1493,791,54,1.242,1,2181,0,539.180,20.547,-241.438,-482.063,6.250,-0.398,-0.281,2.172,0.695,20.535,8.727,0.740,0.998,1.066,1.422,3,NULL,NULL,,3,0,2,7,255,1137,250,0,0
stim,122538,152659,0,152659,3349984.453,-0.735,-0.289,-0.202,-0.579,0,0,359,0,1711,0,983,661,54,1.242,1,2181,0,539.684,16.060,-225.188,-490.250,14.313,-0.207,-0.391,1.430,-2.434,15.875,4.895,0.838,1.100,1.066,1.422,3,NULL,NULL,,3,0,2,7,255,1137,250,0,0
stim,122538,152659,0,152659,3349989.456,-0.730,-0.306,-0.214,-0.572,0,0,233,0,1387,0,435,501,54,1.242,1,2181,0,518.917,10.478,-139.125,-499.375,23.313,-0.078,-0.246,1.059,-2.434,10.191,0.180,0.940,1.206,1.066,1.422,3,NULL,NULL,,3,0,2,7,255,1137,250,0,0
stim,122592,152713,0,152713,3349994.454,-0.726,-0.320,-0.229,-0.564,0,0,148,0,1065,0,111,411,54,1.242,1,2181,0,511.878,10.366,-18.188,-509.250,48.500,-0.254,0.031,1.477,-1.895,10.191,-1.715,1.040,1.308,1.066,1.422,3,NULL,NULL,,3,0,2,7,255,1137,250,0,0
stim,122592,152713,0,152713,3349999.455,-0.724,-0.333,-0.244,-0.552,0,0,111,0,622,0,0,341,54,1.242,1,2181,0,527.594,12.186,21.813,-517.438,100.688,-0.563,0.156,2.145,0.402,12.180,-1.715,1.130,1.402,1.066,1.422,3,NULL,NULL,,3,0,2,7,255,1137,250,0,0
stim,122592,152713,0,152713,3350004.453,-0.722,-0.348,-0.257,-0.539,0,0,107,0,259,0,0,281,54,1.242,1,2181,0,554.965,19.586,-15.375,-530.875,161.000,-1.012,0.219,2.418,0.402,19.582,-1.715,1.204,1.480,1.066,1.422,3,NULL,NULL,,3,0,2,7,255,1137,250,0,0
stim,122592,152713,0,152713,3350009.455,-0.719,-0.366,-0.268,-0.526,0,0,53,0,0,0,0,139,54,1.242,1,2181,0,571.375,23.628,-115.875,-528.750,182.938,-1.223,0.684,1.996,0.844,23.613,-3.070,1.270,1.550,1.066,1.422,3,NULL,NULL,,3,0,2,7,255,1137,250,0,0
stim,122592,152713,0,152713,3350014.454,-0.714,-0.386,-0.276,-0.515,0,0,28,0,0,0,0,77,54,1.242,1,2181,0,554.957,23.834,-205.313,-494.125,147.188,-0.992,1.266,1.242,3.234,23.613,-9.434,1.338,1.622,1.066,1.422,3,NULL,NULL,,3,0,2,7,255,1137,250,0,0
stim,122592,152713,0,152713,3350019.455,-0.707,-0.403,-0.283,-0.507,0,0,27,0,0,0,0,13,54,1.242,1,2181,0,505.155,19.280,-205.813,-452.250,91.063,-0.582,1.711,0.895,8.984,17.059,-14.438,1.416,1.704,1.066,1.422,4,NULL,NULL,,3,0,2,7,255,1137,250,0,0
stim,122592,152713,0,152713,3350024.454,-0.701,-0.420,-0.290,-0.498,0,0,30,0,0,0,0,47,54,1.242,1,2181,0,469.547,17.841,-183.125,-419.500,104.688,-0.660,1.410,1.074,11.191,13.895,-14.527,1.506,1.798,1.066,1.422,0,NULL,NULL,,3,0,2,7,255,1137,250,0,0
stim,122592,152713,0,152713,3350029.455,-0.695,-0.436,-0.294,-0.490,0,0,35,0,0,0,0,73,54,1.242,1,2181,0,455.676,17.841,-229.500,-372.250,128.063,-0.496,0.965,1.332,11.191,13.895,-14.527,1.606,1.900,1.066,1.422,0,NULL,NULL,,3,0,2,7,255,1137,250,0,0
stim,122592,152713,0,152713,3350034.454,-0.688,-0.451,-0.295,-0.486,0,0,35,0,0,0,0,102,54,1.242,1,2181,0,389.817,15.889,-266.500,-280.063,50.000,-0.184,0.273,1.238,7.707,13.895,-11.328,1.710,2.006,1.066,1.422,0,NULL,NULL,,3,0,2,7,255,1137,250,0,0
stim,122592,152713,0,152713,3350039.455,-0.682,-0.462,-0.296,-0.484,0,0,30,0,0,0,0,157,54,1.242,1,2181,0,294.916,12.219,-217.875,-197.375,23.438,-0.250,-0.539,0.992,2.516,11.957,-7.297,1.808,2.108,1.066,1.422,0,NULL,NULL,,3,0,2,7,255,1137,250,0,0
stim,122592,152713,0,152713,3350044.453,-0.678,-0.471,-0.295,-0.482,0,0,31,0,0,0,0,185,54,1.242,1,2181,0,219.538,12.928,-170.500,-128.750,50.500,-0.480,-0.516,1.152,-5.164,11.852,-7.297,1.900,2.202,1.066,1.422,0,NULL,NULL,,3,0,2,7,255,1137,250,0,0
stim,122592,152713,0,152713,3350049.455,-0.673,-0.478,-0.291,-0.483,0,0,31,0,0,0,0,174,54,1.242,1,2181,0,224.176,12.262,-219.563,-37.375,25.500,-0.586,-0.070,1.000,-5.164,11.121,-7.781,1.982,2.286,1.066,1.422,0,NULL,NULL,,3,0,2,7,255,1137,250,0,0
stim,122625,152746,0,152746,3350054.454,-0.668,-0.485,-0.283,-0.488,0,0,37,0,0,0,0,119,54,1.242,1,2181,0,278.273,11.269,-271.750,59.563,6.313,-0.465,0.488,0.078,-1.820,11.121,-10.898,2.052,2.356,1.066,1.422,0,NULL,NULL,,3,0,2,7,255,1137,250,0,0
stim,122625,152746,0,152746,3350059.457,-0.666,-0.488,-0.274,-0.493,0,0,33,0,0,0,0,106,54,1.242,1,2181,0,260.397,3.734,-219.313,139.188,18.313,-0.391,0.941,-0.754,2.781,2.492,-15.254,2.110,2.420,1.066,1.422,0,NULL,NULL,,3,0,2,7,255,1137,250,0,0
stim,122625,152746,0,152746,3350064.454,-0.667,-0.487,-0.267,-0.498,0,0,26,0,0,0,0,89,54,1.242,1,2181,0,208.289,5.961,-76.563,191.938,26.125,-0.523,0.730,-0.770,3.430,-4.875,-19.324,2.164,2.476,1.066,1.422,0,NULL,NULL,,3,0,2,7,255,1137,250,0,0
stim,122625,152746,0,152746,3350069.455,-0.670,-0.481,-0.260,-0.502,0,0,25,0,0,0,0,74,54,1.242,1,2181,0,228.506,5.961,25.875,226.063,21.000,-0.707,0.176,-0.047,3.430,-4.875,-19.324,2.210,2.526,1.066,1.422,0,NULL,NULL,,3,0,2,7,255,1137,250,0,0
stim,122625,152746,0,152746,3350074.454,-0.673,-0.475,-0.253,-0.507,0,0,23,0,0,0,0,51,54,1.242,1,2181,0,252.114,2.674,22.063,250.938,10.250,-0.773,0.020,0.434,-1.082,2.445,-16.449,2.252,2.570,1.066,1.422,0,NULL,NULL,,3,0,2,7,255,1137,250,0,0
stim,122644,152765,0,152765,3350079.455,-0.675,-0.470,-0.246,-0.513,0,0,22,0,0,0,0,39,54,1.242,1,2181,0,267.129,7.184,-25.688,265.000,-21.750,-0.895,0.352,0.434,-1.082,7.102,-16.449,2.278,2.598,1.066,1.422,0,NULL,NULL,,3,0,2,7,255,1137,250,0,0
stim,122644,152765,0,152765,3350084.453,-0.677,-0.464,-0.238,-0.520,0,0,20,0,0,0,0,24,54,1.242,1,2181,0,275.587,7.308,-24.750,273.625,-21.563,-0.359,-0.012,-0.164,-1.727,7.102,-14.414,2.296,2.622,1.066,1.422,0,NULL,NULL,,3,0,2,7,255,1137,250,0,0
stim,122644,152765,0,152765,3350089.455,-0.682,-0.457,-0.229,-0.523,0,0,21,0,0,0,0,26,54,1.242,1,2181,0,284.654,1.741,42.875,273.375,66.750,-0.070,-0.160,-0.398,-1.727,0.227,-13.313,2.316,2.644,1.066,1.422,0,NULL,NULL,,3,0,2,7,255,1137,250,0,0
stim,122644,152765,0,152765,3350094.453,-0.689,-0.449,-0.221,-0.524,0,0,23,0,0,0,0,24,54,1.242,1,2181,0,311.646,1.741,88.313,271.188,125.625,-0.605,0.453,-0.063,-1.727,0.227,-13.313,2.338,2.668,1.066,1.422,0,NULL,NULL,,3,0,2,7,255,1137,250,0,0
stim,122644,152765,0,152765,3350099.455,-0.695,-0.441,-0.213,-0.526,0,0,22,0,0,0,0,22,54,1.242,1,2181,0,300.601,3.161,92.813,270.750,91.875,-0.922,0.770,0.125,1.750,2.633,-16.508,2.358,2.690,1.066,1.422,0,NULL,NULL,,3,0,2,7,255,1137,250,0,0
stim,122644,152765,0,152765,3350104.454,-0.700,-0.432,-0.206,-0.530,0,0,25,0,0,0,0,24,54,1.242,1,2181,0,291.009,5.674,98.563,271.125,38.250,-0.754,0.520,0.113,2.180,5.238,-16.805,2.374,2.710,1.066,1.422,0,NULL,NULL,,3,0,2,7,255,1137,250,0,0
stim,122691,152812,0,152812,3350109.455,-0.705,-0.422,-0.200,-0.533,0,0,21,0,0,0,0,22,54,1.242,1,2181,0,294.397,5.674,115.625,268.813,32.250,-0.430,0.168,0.121,2.180,5.238,-16.805,2.386,2.724,1.066,1.422,0,NULL,NULL,,3,0,2,7,255,1137,250,0,0
stim,122691,152812,0,152812,3350114.454,-0.711,-0.412,-0.194,-0.535,0,0,21,0,0,0,0,23,54,1.242,1,2181,0,301.982,4.266,130.500,265.438,60.875,-0.398,0.129,0.242,0.180,4.262,-12.914,2.396,2.736,1.066,1.422,0,NULL,NULL,,3,0,2,7,255,1137,250,0,0
stim,122691,152812,0,152812,3350119.455,-0.717,-0.403,-0.188,-0.537,0,0,21,0,0,0,0,23,54,1.242,1,2181,0,303.877,4.266,134.938,262.375,72.750,-0.574,0.273,0.402,0.180,4.262,-12.484,2.408,2.750,1.066,1.422,0,NULL,NULL,,3,0,2,7,255,1137,250,0,0
stim,122691,152812,0,152812,3350124.454,-0.723,-0.393,-0.182,-0.539,0,0,21,0,0,0,0,21,54,1.242,1,2181,0,299.108,6.787,134.625,261.813,52.875,-0.629,0.320,0.523,1.113,6.695,-12.117,2.422,2.768,1.066,1.422,0,NULL,NULL,,3,0,2,7,255,1137,250,0,0
stim,122691,152812,0,152812,3350129.455,-0.728,-0.382,-0.177,-0.541,0,0,18,0,0,0,0,26,54,1.242,1,2181,0,297.686,8.164,134.750,263.625,31.000,-0.504,0.250,0.629,1.551,8.016,-12.117,2.438,2.786,1.066,1.422,0,NULL,NULL,,3,0,2,7,255,1137,250,0,0
stim,122691,152812,0,152812,3350134.454,-0.732,-0.372,-0.171,-0.544,0,0,19,0,0,0,0,25,54,1.242,1,2181,0,299.663,8.222,132.438,267.500,26.500,-0.395,0.188,0.742,1.594,8.066,-10.160,2.460,2.810,1.066,1.422,0,NULL,NULL,,3,0,2,7,255,1137,250,0,0
stim,122691,152812,0,152812,3350139.455,-0.737,-0.361,-0.165,-0.547,0,0,16,0,0,0,0,27,54,1.242,1,2181,0,302.363,8.222,125.125,273.938,26.938,-0.418,0.195,0.852,1.594,8.066,-8.293,2.484,2.840,1.066,1.422,0,NULL,NULL,,3,0,2,7,255,1137,250,0,0
stim,122711,152832,0,152832,3350144.454,-0.741,-0.351,-0.158,-0.550,0,0,23,0,0,0,0,31,54,1.242,1,2181,0,306.060,9.133,113.938,283.625,15.750,-0.473,0.227,0.934,1.766,8.961,-7.508,2.514,2.872,1.066,1.422,0,NULL,NULL,,3,0,2,7,255,1137,250,0,0
stim,122711,152832,0,152832,3350149.455,-0.744,-0.340,-0.151,-0.555,0,0,21,0,0,0,0,39,54,1.242,1,2181,0,312.301,10.071,103.188,294.750,-2.563,-0.465,0.230,0.957,2.016,9.867,-7.168,2.548,2.908,1.066,1.422,0,NULL,NULL,,3,0,2,7,255,1137,250,0,0
stim,122711,152832,0,152832,3350154.454,-0.747,-0.330,-0.144,-0.559,0,0,19,0,0,0,0,43,54,1.242,1,2181,0,320.303,10.103,92.688,306.188,-15.875,-0.410,0.230,0.988,2.168,9.867,-6.703,2.588,2.950,1.066,1.422,0,NULL,NULL,,3,0,2,7,255,1137,250,0,0
stim,122711,152832,0,152832,3350159.455,-0.749,-0.319,-0.136,-0.564,0,0,22,0,0,0,0,45,54,1.242,1,2181,0,329.251,9.894,83.563,317.625,-23.188,-0.387,0.227,0.984,2.449,9.586,-5.891,2.630,2.996,1.066,1.422,0,NULL,NULL,,3,0,2,7,255,1137,250,0,0
stim,122741,152862,0,152862,3350164.453,-0.751,-0.308,-0.128,-0.570,0,0,21,0,0,0,0,47,54,1.242,1,2181,0,339.118,9.580,76.125,329.000,-31.063,-0.391,0.191,0.973,2.449,9.262,-5.473,2.678,3.046,1.066,1.422,0,NULL,NULL,,3,0,2,7,255,1137,250,0,0
stim,122741,152862,0,152862,3350169.456,-0.752,-0.297,-0.119,-0.575,0,0,18,0,0,0,0,47,54,1.242,1,2181,0,349.417,9.305,71.250,339.625,-40.875,-0.383,0.141,0.926,2.223,9.035,-5.211,2.726,3.096,1.066,1.422,0,NULL,NULL,,3,0,2,7,255,1137,250,0,0
stim,122741,152862,0,152862,3350174.454,-0.754,-0.286,-0.111,-0.582,0,0,13,0,0,0,0,47,54,1.242,1,2181,0,360.152,8.674,72.250,349.125,-51.000,-0.313,0.137,0.863,1.895,8.465,-5.086,2.774,3.146,1.066,1.422,0,NULL,NULL,,3,0,2,7,255,1137,250,0,0
stim,122741,152862,0,152862,3350179.455,-0.754,-0.274,-0.102,-0.588,0,0,8,0,0,0,0,51,54,1.242,1,2181,0,371.462,7.641,81.563,357.438,-59.750,-0.180,0.133,0.809,1.895,7.402,-4.996,2.820,3.196,1.066,1.422,0,NULL,NULL,,3,0,2,7,255,1137,250,0,0
stim,122741,152862,0,152862,3350184.453,-0.755,-0.261,-0.093,-0.594,0,0,8,0,0,0,0,53,54,1.242,1,2181,0,379.415,6.247,94.688,362.813,-57.938,-0.086,0.121,0.797,2.188,5.852,-4.559,2.866,3.246,1.066,1.422,0,NULL,NULL,,3,0,2,7,255,1137,250,0,0
stim,122741,152862,0,152862,3350189.455,-0.756,-0.248,-0.085,-0.600,0,0,5,0,0,0,0,52,54,1.242,1,2181,0,383.903,5.346,110.375,364.313,-49.750,-0.070,0.148,0.828,2.336,4.809,-4.016,2.910,3.290,1.066,1.422,0,NULL,NULL,,3,0,2,7,255,1137,250,0,0
stim,122786,152907,0,152907,3350194.453,-0.757,-0.234,-0.077,-0.605,0,0,9,0,0,0,0,52,54,1.242,1,2181,0,387.049,5.366,125.438,363.250,-46.063,-0.051,0.160,0.883,2.707,4.633,-3.598,2.948,3.332,1.066,1.422,0,NULL,NULL,,3,0,2,7,255,1137,250,0,0
stim,122786,152907,0,152907,3350199.455,-0.758,-0.220,-0.069,-0.610,0,0,4,0,0,0,0,53,54,1.242,1,2181,0,389.417,5.507,140.313,360.125,-47.625,-0.090,0.254,0.910,2.977,4.633,-2.930,2.982,3.370,1.066,1.422,0,NULL,NULL,,3,0,2,7,255,1137,250,0,0
stim,122786,152907,0,152907,3350204.454,-0.759,-0.205,-0.062,-0.615,0,0,5,0,0,0,0,48,54,1.242,1,2181,0,395.004,5.462,162.188,356.063,-54.250,0.035,0.148,0.941,3.102,4.496,-2.926,3.014,3.404,1.066,1.422,0,NULL,NULL,,3,0,2,7,255,1137,250,0,0
stim,122786,152907,0,152907,3350209.455,-0.761,-0.189,-0.056,-0.619,0,0,3,0,0,0,0,53,54,1.242,1,2181,0,395.780,4.650,179.438,351.688,-27.563,0.215,-0.008,1.051,3.102,3.465,-1.777,3.042,3.436,1.066,1.422,0,NULL,NULL,,3,0,2,7,255,1137,250,0,0
stim,122786,152907,0,152907,3350214.454,-0.763,-0.173,-0.049,-0.621,0,0,5,0,0,0,0,52,54,1.242,1,2181,0,393.523,4.091,186.438,346.438,9.063,0.113,0.121,1.105,3.102,2.668,0.301,3.070,3.464,1.066,1.422,0,NULL,NULL,,3,0,2,7,255,1137,250,0,0
stim,122786,152907,0,152907,3350219.455,-0.765,-0.158,-0.043,-0.623,0,0,3,0,0,0,0,56,54,1.242,1,2181,0,395.328,4.115,199.000,341.313,13.750,-0.113,0.316,1.176,3.133,2.668,0.301,3.094,3.490,1.066,1.422,0,NULL,NULL,,3,0,2,7,255,1137,250,0,0
stim,122786,152907,0,152907,3350224.453,-0.767,-0.141,-0.038,-0.625,0,0,5,0,0,0,0,58,54,1.242,1,2181,0,400.831,6.345,217.375,336.750,-3.563,-0.133,0.254,1.320,3.961,4.957,0.309,3.116,3.516,1.066,1.422,0,NULL,NULL,,3,0,2,7,255,1137,250,0,0
stim,122786,152907,0,152907,3350229.455,-0.768,-0.124,-0.033,-0.628,0,0,4,0,0,0,0,59,54,1.242,1,2181,0,402.566,6.345,224.938,333.750,-8.563,-0.051,0.152,1.504,3.961,4.957,1.715,3.138,3.540,1.066,1.422,0,NULL,NULL,,3,0,2,7,255,1137,250,0,0
stim,122786,152907,0,152907,3350234.454,-0.769,-0.108,-0.028,-0.629,0,0,1,0,0,0,0,55,54,1.242,1,2181,0,397.040,5.511,216.125,333.063,-0.500,-0.047,0.191,1.625,3.582,4.188,3.980,3.158,3.562,1.066,1.422,0,NULL,NULL,,3,0,2,7,255,1137,250,0,0
stim,122786,152907,0,152907,3350239.455,-0.770,-0.092,-0.023,-0.631,0,0,3,0,0,0,0,64,54,1.242,1,2181,0,392.636,5.511,210.813,331.188,6.000,-0.145,0.242,1.734,3.582,4.188,5.258,3.180,3.588,1.066,1.422,0,NULL,NULL,,3,0,2,7,255,1137,250,0,0
stim,122809,152930,0,152930,3350244.454,-0.771,-0.076,-0.017,-0.632,0,0,2,0,0,0,0,60,54,1.242,1,2181,0,388.801,6.070,206.688,329.313,0.250,-0.211,0.289,1.883,3.809,4.727,6.285,3.204,3.614,1.066,1.422,0,NULL,NULL,,3,0,2,7,255,1137,250,0,0
stim,122809,152930,0,152930,3350249.455,-0.771,-0.060,-0.012,-0.634,0,0,5,0,0,0,0,62,54,1.242,1,2181,0,381.546,6.070,194.375,328.125,-11.375,-0.211,0.242,1.996,3.809,4.727,7.738,3.230,3.642,1.066,1.422,0,NULL,NULL,,3,0,2,7,255,1137,250,0,0
stim,122809,152930,0,152930,3350254.454,-0.771,-0.045,-0.006,-0.635,0,0,4,0,0,0,0,67,54,1.242,1,2181,0,372.003,5.828,176.500,327.063,-16.250,-0.191,0.207,2.047,3.547,4.625,9.109,3.256,3.670,1.066,1.422,0,NULL,NULL,,3,0,2,7,255,1137,250,0,0
stim,122809,152930,0,152930,3350259.457,-0.771,-0.031,0.001,-0.637,0,0,5,0,0,0,0,61,54,1.242,1,2181,0,363.311,4.921,160.750,325.313,-18.063,-0.203,0.199,2.051,3.125,3.801,9.809,3.282,3.700,1.066,1.422,0,NULL,NULL,,3,0,2,7,255,1137,250,0,0
stim,122809,152930,0,152930,3350264.453,-0.770,-0.016,0.007,-0.638,0,0,5,0,0,0,0,63,54,1.242,1,2181,0,356.291,4.366,150.813,322.000,-22.688,-0.219,0.191,2.031,2.875,3.285,9.926,3.310,3.728,1.066,1.422,0,NULL,NULL,,3,0,2,7,255,1137,250,0,0
stim,122831,152952,0,152952,3350269.455,-0.769,-0.002,0.014,-0.640,0,0,3,0,0,0,0,68,54,1.242,1,2181,0,351.939,3.821,147.188,318.188,-30.875,-0.199,0.141,2.000,2.578,2.820,9.926,3.336,3.758,1.066,1.422,0,NULL,NULL,,3,0,2,7,255,1137,250,0,0
stim,122831,152952,0,152952,3350274.454,-0.767,0.012,0.020,-0.641,0,0,0,0,0,0,0,69,54,1.242,1,2181,0,350.383,2.760,149.875,314.438,-37.875,-0.141,0.059,1.988,1.980,1.922,9.742,3.362,3.786,1.066,1.422,0,NULL,NULL,,3,0,2,7,255,1137,250,0,0
stim,122831,152952,0,152952,3350279.455,-0.765,0.025,0.026,-0.643,0,0,0,0,0,0,0,67,54,1.242,1,2181,0,350.318,1.287,156.000,311.000,-40.813,-0.082,-0.020,1.988,1.121,0.633,9.680,3.386,3.812,1.066,1.422,0,NULL,NULL,,3,0,2,7,255,1137,250,0,0
stim,122855,152976,0,152976,3350284.453,-0.763,0.039,0.032,-0.644,0,0,3,0,0,0,0,71,54,1.242,1,2181,0,351.898,0.703,164.438,308.250,-42.125,-0.016,-0.051,1.973,0.336,-0.617,9.672,3.406,3.834,1.066,1.422,0,NULL,NULL,,3,0,2,7,255,1137,250,0,0
stim,122855,152976,0,152976,3350289.455,-0.761,0.054,0.037,-0.646,0,0,0,0,0,0,0,77,54,1.242,1,2181,0,357.469,1.868,178.438,306.563,-44.313,0.078,-0.070,1.961,-0.039,-1.867,9.449,3.422,3.854,1.066,1.422,0,NULL,NULL,,3,0,2,7,255,1137,250,0,0
stim,122891,153012,0,153012,3350294.453,-0.758,0.069,0.041,-0.647,0,0,1,0,0,0,0,71,54,1.242,1,2181,0,367.285,3.348,198.313,305.750,-45.688,0.207,-0.066,1.988,-0.289,-3.336,9.160,3.436,3.870,1.066,1.422,0,NULL,NULL,,3,0,2,7,255,1137,250,0,0
stim,122891,153012,0,153012,3350299.455,-0.755,0.084,0.045,-0.648,0,0,0,0,0,0,0,79,54,1.242,1,2181,0,380.698,5.147,222.000,305.875,-45.688,0.379,-0.074,2.070,-0.324,-5.137,9.160,3.444,3.880,1.066,1.422,0,NULL,NULL,,3,0,2,7,255,1137,250,0,0
stim,122891,153012,0,153012,3350304.454,-0.752,0.101,0.048,-0.650,0,0,0,0,0,0,0,78,54,1.242,1,2181,0,396.294,7.489,245.938,307.563,-44.375,0.582,-0.063,2.211,-0.434,-7.477,9.438,3.446,3.884,1.066,1.422,0,NULL,NULL,,3,0,2,7,255,1137,250,0,0
stim,122891,153012,0,153012,3350309.455,-0.749,0.118,0.051,-0.650,0,0,0,0,0,0,0,84,54,1.242,1,2181,0,409.258,10.240,263.813,310.250,-40.500,0.770,-0.020,2.371,-0.434,-10.230,10.164,3.442,3.884,1.066,1.422,0,NULL,NULL,,3,0,2,7,255,1137,250,0,0
stim,122891,153012,0,153012,3350314.454,-0.745,0.136,0.054,-0.651,0,0,0,0,0,0,0,86,54,1.242,1,2181,0,418.485,12.932,274.313,314.188,-34.188,0.949,0.016,2.504,-0.219,-12.930,10.961,3.430,3.874,1.066,1.422,0,NULL,NULL,,3,0,2,7,255,1137,250,0,0
stim,122891,153012,0,153012,3350319.455,-0.742,0.154,0.057,-0.650,0,0,0,0,0,0,0,86,54,1.242,1,2181,0,424.948,15.556,279.500,319.063,-25.688,1.094,0.020,2.605,-0.219,-15.555,11.402,3.410,3.858,1.066,1.422,0,NULL,NULL,,3,0,2,7,255,1137,250,0,0
stim,122916,153037,0,153037,3350324.453,-0.738,0.172,0.059,-0.650,0,0,1,0,0,0,0,90,54,1.242,1,2181,0,430.793,17.859,286.125,321.688,-15.250,1.184,-0.012,2.719,-0.508,-17.852,11.410,3.380,3.830,1.066,1.422,0,NULL,NULL,,3,0,2,7,255,1137,250,0,0
stim,122916,153037,0,153037,3350329.455,-0.734,0.191,0.061,-0.648,0,0,0,0,0,0,0,103,54,1.242,1,2181,0,430.631,19.750,285.250,322.500,-8.313,1.207,0.020,2.859,-1.305,-19.707,11.574,3.340,3.792,1.066,1.422,0,NULL,NULL,,3,0,2,7,255,1137,250,0,0
stim,122916,153037,0,153037,3350334.454,-0.731,0.208,0.064,-0.647,0,0,1,0,0,0,0,107,54,1.242,1,2181,0,417.961,21.122,267.875,320.750,-7.313,1.191,0.074,2.992,-1.641,-21.059,12.145,3.292,3.746,1.066,1.422,0,NULL,NULL,,3,0,2,7,255,1137,250,0,0
stim,122916,153037,0,153037,3350339.455,-0.727,0.224,0.068,-0.645,0,0,0,0,0,0,0,117,54,1.242,1,2181,0,393.525,22.112,237.500,313.625,-9.750,1.250,0.254,3.078,-1.641,-22.051,12.816,3.232,3.688,1.066,1.422,0,NULL,NULL,,3,0,2,7,255,1137,250,0,0
stim,122916,153037,0,153037,3350344.454,-0.723,0.239,0.072,-0.644,0,0,0,0,0,0,0,149,54,1.242,1,2181,0,366.061,23.417,203.375,303.750,-19.375,1.477,0.391,3.066,-0.578,-23.410,12.816,3.164,3.622,1.066,1.422,0,NULL,NULL,,3,0,2,7,255,1137,250,0,0
stim,122916,153037,0,153037,3350349.455,-0.720,0.253,0.077,-0.642,0,0,0,0,0,0,0,157,54,1.242,1,2181,0,334.875,25.928,166.000,290.125,-20.313,1.750,0.340,2.992,0.566,-25.922,11.602,3.084,3.544,1.066,1.422,0,NULL,NULL,,3,0,2,7,255,1137,250,0,0
stim,122916,153037,0,153037,3350354.454,-0.717,0.264,0.082,-0.640,0,0,0,0,0,0,0,160,54,1.242,1,2181,0,298.911,28.572,120.188,273.563,-8.125,1.996,0.121,2.770,0.566,-28.566,8.969,2.996,3.460,1.066,1.422,0,NULL,NULL,,3,0,2,7,255,1137,250,0,0
stim,122916,153037,0,153037,3350359.455,-0.715,0.273,0.088,-0.637,0,0,0,0,0,0,0,197,54,1.242,1,2181,0,266.243,30.129,78.938,254.063,10.313,2.160,-0.160,2.371,-0.840,-30.117,4.777,2.902,3.366,1.066,1.422,0,NULL,NULL,,3,0,2,7,255,1137,250,0,0
stim,122916,153037,0,153037,3350364.454,-0.714,0.282,0.093,-0.634,0,0,0,0,0,0,0,216,54,1.242,1,2181,0,242.378,30.216,63.500,232.625,24.500,2.293,-0.375,1.918,-2.445,-30.117,-0.680,2.798,3.262,1.066,1.422,0,NULL,NULL,,3,0,2,7,255,1137,250,0,0
stim,122916,153037,0,153037,3350369.455,-0.713,0.290,0.097,-0.631,0,0,0,0,0,0,0,235,54,1.242,1,2181,0,226.198,29.380,75.375,210.750,32.688,2.453,-0.523,1.574,-3.285,-29.195,-6.168,2.684,3.150,1.066,1.422,0,NULL,NULL,,3,0,2,7,255,1137,250,0,0
stim,122943,153064,0,153064,3350374.454,-0.712,0.299,0.100,-0.628,0,0,0,0,0,0,0,259,54,1.242,1,2181,0,218.600,29.418,101.000,189.375,41.500,2.648,-0.652,1.395,-3.613,-29.195,-10.688,2.564,3.030,1.066,1.422,0,NULL,NULL,,3,0,2,7,255,1137,250,0,0
stim,122943,153064,0,153064,3350379.456,-0.711,0.308,0.101,-0.624,0,0,5,0,0,0,0,279,54,1.242,1,2181,0,226.041,29.763,133.375,172.375,59.938,2.816,-0.660,1.258,-3.613,-29.543,-13.945,2.438,2.902,1.066,1.422,0,NULL,NULL,,3,0,2,7,255,1137,250,0,0
stim,122943,153064,0,153064,3350384.453,-0.710,0.317,0.101,-0.621,0,0,1,0,0,0,0,287,54,1.242,1,2181,0,222.577,30.372,150.938,147.875,69.938,2.980,-0.922,1.539,-4.047,-30.102,-16.336,2.308,2.772,1.066,1.422,0,NULL,NULL,,3,0,2,7,255,1137,250,0,0
stim,122943,153064,0,153064,3350389.455,-0.711,0.324,0.101,-0.616,0,0,1,0,0,0,0,313,54,1.242,1,2181,0,190.470,33.555,89.438,124.938,112.563,3.223,-1.195,1.844,-5.930,-33.027,-16.398,2.178,2.642,1.066,1.422,0,NULL,NULL,,3,0,2,7,255,1137,250,0,0
stim,122943,153064,0,153064,3350394.453,-0.712,0.330,0.100,-0.612,0,0,7,0,0,0,0,319,54,1.242,1,2181,0,184.734,34.064,97.813,110.375,111.250,2.797,-1.512,1.086,-8.340,-33.027,-16.520,2.048,2.512,1.066,1.422,0,NULL,NULL,,3,0,2,7,255,1137,250,0,0
stim,122943,153064,0,153064,3350399.455,-0.711,0.337,0.098,-0.609,0,0,7,0,0,0,0,327,54,1.242,1,2181,0,182.002,32.674,141.250,80.750,81.563,2.848,-1.371,1.402,-9.359,-31.305,-19.215,1.918,2.378,1.066,1.422,0,NULL,NULL,,3,0,2,7,255,1137,250,0,0
stim,122990,153111,0,153111,3350404.454,-0.711,0.344,0.094,-0.606,0,0,5,0,0,0,0,328,54,1.242,1,2181,0,190.756,32.923,162.813,56.813,81.563,2.887,-1.695,1.613,-10.195,-31.305,-19.320,1.782,2.242,1.066,1.422,0,NULL,NULL,,3,0,2,7,255,1137,250,0,0
stim,122990,153111,0,153111,3350409.457,-0.710,0.351,0.089,-0.604,0,0,9,0,0,0,0,329,54,1.242,1,2181,0,195.602,34.355,176.625,25.375,80.125,2.555,-1.625,1.898,-12.648,-31.941,-19.215,1.642,2.100,1.066,1.422,0,NULL,NULL,,3,0,2,7,255,1137,250,0,0
stim,122990,153111,0,153111,3350414.454,-0.708,0.356,0.083,-0.603,0,0,6,0,0,0,0,331,54,1.242,1,2181,0,190.509,34.355,186.125,-7.813,39.875,2.055,-1.145,2.246,-12.648,-31.941,-15.496,1.498,1.952,1.066,1.422,0,NULL,NULL,,3,0,2,7,255,1137,250,0,0
stim,122990,153111,0,153111,3350419.455,-0.706,0.360,0.078,-0.605,0,0,7,0,0,0,0,329,54,1.242,1,2181,0,154.627,33.947,148.375,-41.125,-14.250,1.988,-0.660,2.813,-11.496,-31.941,-8.781,1.350,1.802,1.066,1.422,0,NULL,NULL,,3,0,2,7,255,1137,250,0,0
stim,122990,153111,0,153111,3350424.453,-0.704,0.360,0.075,-0.607,0,0,3,0,0,0,0,323,54,1.242,1,2181,0,100.998,33.721,66.313,-68.750,-32.813,2.027,-0.551,3.027,-9.230,-32.434,-2.570,1.198,1.646,1.066,1.422,0,NULL,NULL,,3,0,2,7,255,1137,250,0,0
stim,122990,153111,0,153111,3350429.455,-0.705,0.357,0.072,-0.609,0,0,0,0,0,0,0,474,54,1.242,1,2181,0,93.647,33.721,-11.375,-92.875,-3.813,1.781,-0.594,2.941,-9.230,-32.434,-0.711,1.042,1.486,1.066,1.422,0,NULL,NULL,,3,0,2,7,255,1137,250,0,0
stim,122990,153111,0,153111,3350434.454,-0.708,0.361,0.053,-0.604,368,0,0,664,0,43,0,555,54,1.242,1,2181,0,465.139,35.285,292.188,-231.875,277.875,0.516,-0.488,5.832,-9.875,-33.875,0.043,0.884,1.322,1.066,1.422,0,NULL,NULL,,3,0,2,7,255,1137,250,0,0
stim,122990,153111,0,153111,3350439.455,-0.722,0.354,0.042,-0.593,989,0,0,1312,0,279,0,612,54,1.242,1,2181,0,502.075,38.250,-82.000,-213.938,446.750,-0.266,1.727,7.297,-9.875,-36.953,28.289,0.732,1.154,1.066,1.422,0,NULL,NULL,,3,0,2,7,255,1137,250,0,0
stim,123011,153132,0,153132,3350444.453,-0.746,0.320,0.058,-0.581,1567,0,0,1764,0,535,0,654,54,1.242,1,2181,0,1070.511,38.123,-1002.438,-139.438,348.813,-1.242,2.969,2.660,-9.371,-36.953,28.289,0.592,0.990,1.066,1.422,0,NULL,NULL,,3,0,2,7,255,1137,250,0,0
stim,123011,153132,0,153132,3350449.455,-0.764,0.284,0.076,-0.575,2024,0,0,1965,0,788,0,743,53,1.242,1,2182,0,1018.198,15.977,-991.688,-151.750,173.938,-1.711,3.121,-1.293,15.977,-0.102,27.848,0.476,0.830,1.066,1.422,1,1121.000,-16.000,,3,0,2,7,255,1137,250,0,0
stim,123011,153132,0,153132,3350454.454,-0.772,0.264,0.085,-0.572,2249,0,0,2111,0,973,0,813,53,1.242,1,2182,0,533.251,30.887,-520.938,-102.375,50.000,-1.754,1.859,-2.551,15.977,26.434,-3.223,0.392,0.678,1.066,1.422,1,NULL,NULL,,3,0,2,7,255,1137,250,0,0
stim,123011,153132,0,153132,3350459.455,-0.773,0.256,0.085,-0.575,2423,0,0,2215,0,1189,0,901,53,1.242,1,2182,0,204.522,30.276,-138.250,-138.125,-60.313,-0.777,-0.027,-0.852,14.762,26.434,-13.867,0.358,0.530,1.066,1.422,1,NULL,NULL,,3,0,2,7,255,1137,250,0,0
stim,123047,153168,0,153168,3350464.454,-0.772,0.253,0.080,-0.577,2567,0,0,2359,0,1310,0,996,53,1.242,1,2182,0,124.709,10.444,17.938,-122.313,-16.438,0.270,0.199,1.090,1.094,10.387,-13.867,0.390,0.418,1.066,1.422,1,NULL,NULL,,3,0,2,7,255,1137,250,0,0
stim,123047,153168,0,153168,3350469.455,-0.776,0.249,0.076,-0.574,2729,0,0,2587,0,1393,0,1056,53,1.242,1,2182,0,169.016,7.054,-48.500,-121.125,107.438,0.441,1.875,1.785,1.094,-6.969,-1.113,0.432,0.366,1.066,1.422,2,NULL,NULL,,3,0,2,7,255,1137,250,0,0
stim,123047,153168,0,153168,3350474.454,-0.784,0.240,0.074,-0.567,2839,0,0,2733,0,1419,0,1099,53,1.242,1,2182,0,325.488,7.355,-189.000,-146.125,221.063,-1.277,0.965,1.641,2.352,-6.969,8.707,0.460,0.366,1.066,1.422,2,NULL,NULL,,3,0,2,7,255,1137,250,0,0
stim,123047,153168,0,153168,3350479.455,-0.793,0.223,0.075,-0.562,2924,0,0,2854,0,1435,0,1241,53,1.242,1,2182,0,446.396,6.230,-364.813,-181.000,182.813,-2.379,-0.785,0.906,2.352,5.770,8.707,0.474,0.394,1.066,1.422,2,NULL,NULL,,3,0,2,7,255,1137,250,0,0
stim,123047,153168,0,153168,3350484.453,-0.795,0.208,0.077,-0.564,2979,0,0,2948,0,1443,0,1355,53,1.242,1,2182,0,359.684,21.597,-307.125,-172.625,-72.438,-2.035,-1.148,-0.387,-16.504,13.930,4.930,0.486,0.432,1.066,1.422,2,NULL,NULL,,3,0,2,7,255,1137,250,0,0
stim,123047,153168,0,153168,3350489.455,-0.792,0.199,0.075,-0.572,3013,0,0,2995,0,1451,0,1439,53,1.242,1,2182,0,276.356,21.597,-113.250,-179.000,-177.500,-0.520,-0.695,-0.055,-16.504,13.930,-8.547,0.506,0.466,1.066,1.422,2,NULL,NULL,,3,0,2,7,255,1137,250,0,0
stim,123047,153168,0,153168,3350494.453,-0.788,0.195,0.070,-0.579,3039,0,0,3049,0,1465,0,1497,53,1.242,1,2182,0,252.110,8.593,12.000,-173.125,-182.875,0.523,-0.766,1.258,-8.152,2.715,-8.547,0.532,0.498,1.066,1.422,2,NULL,NULL,,3,0,2,7,255,1137,250,0,0
stim,123091,153212,0,153212,3350499.455,-0.787,0.189,0.066,-0.583,3065,0,0,3106,0,1497,0,1509,53,1.242,1,2182,0,174.450,13.603,-30.875,-146.563,-89.438,1.258,-1.043,1.957,-7.602,-11.281,-1.680,0.538,0.524,1.066,1.422,2,NULL,NULL,,3,0,2,7,255,1137,250,0,0
stim,123091,153212,0,153212,3350504.454,-0.789,0.182,0.064,-0.583,3082,0,0,3135,0,1545,0,1499,53,1.242,1,2182,0,195.034,21.443,-125.813,-144.875,34.938,1.172,-1.328,1.793,-7.602,-20.051,0.578,0.512,0.532,1.066,1.422,2,NULL,NULL,,3,0,2,7,255,1137,250,0,0
stim,123091,153212,0,153212,3350509.455,-0.795,0.172,0.064,-0.578,3093,0,0,3156,0,1652,0,1543,53,1.242,1,2182,0,273.770,22.517,-193.875,-128.875,144.063,0.535,-1.426,1.156,-10.246,-20.051,0.578,0.474,0.534,1.066,1.422,2,NULL,NULL,,3,0,2,7,255,1137,250,0,0
stim,123091,153212,0,153212,3350514.454,-0.801,0.164,0.062,-0.572,3104,0,0,3180,0,1779,0,1581,53,1.242,1,2182,0,281.704,16.466,-167.750,-123.625,189.563,-0.254,-1.027,0.438,-10.645,-12.563,-3.164,0.436,0.522,1.066,1.422,2,NULL,NULL,,3,0,2,7,255,1137,250,0,0
stim,123091,153212,0,153212,3350519.455,-0.806,0.158,0.059,-0.567,3123,0,0,3205,0,1887,0,1653,53,1.242,1,2182,0,217.526,10.888,-91.813,-126.313,151.438,-0.953,-0.414,0.570,-10.645,-2.289,-3.164,0.406,0.490,1.066,1.422,2,NULL,NULL,,3,0,2,7,255,1137,250,0,0
stim,123091,153212,0,153212,3350524.453,-0.808,0.153,0.056,-0.566,3117,0,0,3209,0,1996,17,1710,53,1.242,1,2182,0,152.434,9.126,-57.438,-135.688,39.063,-0.934,0.199,1.016,-7.453,5.266,-2.594,0.394,0.436,1.066,1.422,2,NULL,NULL,,3,0,2,7,255,1137,250,0,0
stim,123091,153212,0,153212,3350529.455,-0.808,0.148,0.052,-0.567,3119,0,0,3221,0,2085,40,1764,53,1.242,1,2182,0,139.165,5.638,-45.125,-131.375,-8.438,-0.094,0.383,1.043,-2.016,5.266,0.742,0.400,0.366,1.066,1.422,2,NULL,NULL,,3,0,2,7,255,1137,250,0,0
stim,123109,153230,0,153230,3350534.454,-0.809,0.142,0.050,-0.568,3119,0,0,3209,0,2155,58,1782,53,1.242,1,2182,0,148.013,1.516,-73.125,-128.688,-0.063,-0.066,-0.012,1.473,-1.156,-0.980,2.398,0.418,0.294,1.066,1.422,2,NULL,NULL,,3,0,2,7,255,1137,250,0,0
stim,123109,153230,0,153230,3350539.455,-0.811,0.135,0.048,-0.568,3133,0,0,3212,122,2257,71,1903,53,1.242,1,2182,0,170.568,3.716,-120.938,-119.563,13.125,0.055,-0.281,1.156,-1.156,-3.531,0.742,0.430,0.242,1.066,1.422,2,NULL,NULL,,3,0,2,7,255,1137,250,0,0
stim,123109,153230,0,153230,3350544.454,-0.812,0.128,0.047,-0.567,3118,0,0,3222,345,2299,239,2018,53,1.242,1,2182,0,163.413,4.639,-113.438,-114.500,26.938,-0.016,-0.410,0.824,-3.008,-3.531,0.598,0.432,0.212,1.066,1.422,2,NULL,NULL,,3,0,2,7,255,1137,250,0,0
stim,123109,153230,0,153230,3350549.455,-0.813,0.124,0.045,-0.567,3141,0,0,3221,567,2356,253,2121,53,1.242,1,2182,0,100.730,5.926,-46.500,-89.313,-2.750,0.027,-0.371,1.340,-3.910,-4.453,0.598,0.432,0.198,1.066,1.422,2,NULL,NULL,,3,0,2,7,255,1137,250,0,0
stim,123109,153230,0,153230,3350554.454,-0.812,0.123,0.043,-0.568,3129,0,0,3207,778,2386,255,2173,53,1.242,1,2182,0,61.320,6.131,-10.688,-53.563,-27.875,0.563,0.027,1.086,-3.910,-4.723,-0.625,0.432,0.190,1.066,1.422,2,NULL,NULL,,3,0,2,7,255,1137,250,0,0
stim,123109,153230,0,153230,3350559.455,-0.812,0.122,0.041,-0.569,3125,0,0,3141,941,2403,275,2220,53,1.242,1,2182,0,56.263,6.120,26.625,-49.563,-0.438,0.570,0.695,1.285,1.672,-5.887,2.098,0.436,0.182,1.066,1.422,2,NULL,NULL,,3,0,2,7,255,1137,250,0,0
stim,123131,153252,0,153252,3350564.453,-0.812,0.121,0.040,-0.569,3124,0,0,3207,1069,2429,283,2263,53,1.242,1,2182,0,37.492,6.764,-17.625,-32.938,-3.188,-0.145,0.520,1.973,3.332,-5.887,2.098,0.446,0.170,1.066,1.422,2,NULL,NULL,,3,0,2,7,255,1137,250,0,0
stim,123131,153252,0,153252,3350569.455,-0.813,0.117,0.042,-0.570,3124,0,0,3217,1150,2451,289,2324,53,1.242,1,2182,0,109.460,3.694,-105.688,-18.250,-21.875,-0.063,0.227,1.121,3.332,-1.594,2.098,0.462,0.152,1.066,1.422,2,NULL,NULL,,3,0,2,7,255,1137,250,0,0
stim,123131,153252,0,153252,3350574.454,-0.812,0.113,0.044,-0.570,3127,2,0,3209,1241,2459,282,2343,53,1.242,1,2182,0,89.269,1.893,-84.625,-16.250,-23.313,-0.180,-0.027,0.738,1.387,-1.289,1.250,0.488,0.128,1.066,1.422,2,NULL,NULL,,3,0,2,7,255,1137,250,0,0
stim,123131,153252,0,153252,3350579.455,-0.811,0.111,0.044,-0.572,3119,13,0,3204,1301,2468,285,2376,53,1.242,1,2182,0,67.762,1.163,-41.438,-15.750,-51.250,-0.238,-0.035,0.871,-1.152,-0.160,-1.043,0.514,0.104,1.066,1.422,2,NULL,NULL,,3,0,2,7,255,1137,250,0,0
stim,123131,153252,0,153252,3350584.453,-0.810,0.110,0.044,-0.575,3125,26,0,3217,1391,2479,316,2409,53,1.242,1,2182,0,76.083,1.163,-24.125,-15.938,-70.375,-0.012,0.168,1.008,-1.152,-0.160,-1.043,0.538,0.082,1.066,1.422,2,NULL,NULL,,3,0,2,7,255,1137,250,0,0
stim,123156,153277,0,153277,3350589.455,-0.809,0.108,0.045,-0.576,3133,55,0,3213,1463,2487,328,2440,53,1.242,1,2182,0,62.909,1.987,-37.375,-11.625,-49.250,0.117,0.133,1.105,1.191,-1.590,0.012,0.556,0.068,1.066,1.422,2,NULL,NULL,,3,0,2,7,255,1137,250,0,0
stim,123192,153313,0,153313,3350594.453,-0.808,0.105,0.046,-0.577,3120,59,0,3206,1531,2505,335,2443,53,1.242,1,2182,0,61.822,2.149,-53.563,-9.688,-29.313,-0.031,0.070,1.055,1.191,-1.789,0.414,0.568,0.058,1.066,1.422,2,NULL,NULL,,3,0,2,7,255,1137,250,0,0
stim,123192,153313,0,153313,3350599.455,-0.808,0.103,0.047,-0.578,3134,83,0,3199,1585,2515,345,2483,53,1.242,1,2182,0,60.596,2.004,-49.938,-7.188,-33.563,-0.090,0.152,0.984,0.902,-1.789,0.414,0.580,0.050,1.066,1.422,2,NULL,NULL,,3,0,2,7,255,1137,250,0,0
stim,123192,153313,0,153313,3350604.454,-0.807,0.102,0.048,-0.580,3117,111,0,3219,1623,2516,345,2487,53,1.242,1,2182,0,55.713,1.214,-34.625,-5.875,-43.250,-0.082,0.211,0.969,0.902,-0.813,-0.078,0.588,0.044,1.066,1.422,2,NULL,NULL,,3,0,2,7,255,1137,250,0,0
stim,123192,153313,0,153313,3350609.455,-0.806,0.101,0.048,-0.582,3123,111,0,3207,1645,2525,348,2489,53,1.242,1,2182,0,55.347,1.279,-25.375,-3.500,-49.063,0.000,0.129,1.074,0.988,-0.813,-0.078,0.596,0.038,1.066,1.422,2,NULL,NULL,,3,0,2,7,255,1137,250,0,0
stim,123192,153313,0,153313,3350614.454,-0.805,0.099,0.049,-0.583,3124,139,0,3213,1684,2537,349,2506,53,1.242,1,2182,0,46.259,2.130,-31.500,-0.375,-33.875,0.059,0.059,1.098,0.988,-1.887,0.586,0.608,0.032,1.066,1.422,2,NULL,NULL,,3,0,2,7,255,1137,250,0,0
stim,123192,153313,0,153313,3350619.455,-0.805,0.098,0.050,-0.583,3130,156,5,3219,1715,2531,349,2509,53,1.242,1,2182,0,40.752,1.973,-36.500,1.500,-18.063,-0.066,0.098,1.023,0.578,-1.887,0.586,0.614,0.028,1.066,1.422,2,NULL,NULL,,3,0,2,7,255,1137,250,0,0
stim,123192,153313,0,153313,3350624.453,-0.804,0.097,0.051,-0.584,3125,181,12,3209,1746,2534,345,2507,53,1.242,1,2182,0,38.699,1.348,-33.375,2.438,-19.438,-0.152,0.090,1.000,0.551,-1.230,0.199,0.620,0.024,1.066,1.422,2,NULL,NULL,,3,0,2,7,255,1137,250,0,0
stim,123192,153313,0,153313,3350629.455,-0.804,0.096,0.051,-0.585,3115,187,16,3213,1761,2542,328,2515,53,1.242,1,2182,0,38.341,0.498,-28.375,2.250,-25.688,-0.172,0.047,1.004,0.258,-0.426,0.188,0.628,0.020,1.066,1.422,2,NULL,NULL,,3,0,2,7,255,1137,250,0,0
stim,123192,153313,0,153313,3350634.453,-0.803,0.095,0.052,-0.586,3115,201,26,3217,1779,2541,330,2507,53,1.242,1,2182,0,38.575,0.437,-23.375,2.750,-30.563,-0.125,0.035,1.027,-0.098,-0.426,0.188,0.634,0.014,1.066,1.422,2,NULL,NULL,,3,0,2,7,255,1137,250,0,0
stim,123192,153313,0,153313,3350639.455,-0.803,0.094,0.053,-0.587,3112,218,67,3207,1773,2543,325,2505,53,1.242,1,2182,0,35.138,0.896,-22.250,2.688,-27.063,-0.094,0.031,1.043,-0.098,-0.891,0.285,0.644,0.010,1.066,1.422,2,NULL,NULL,,3,0,2,7,255,1137,250,0,0
stim,123192,153313,0,153313,3350644.454,-0.802,0.093,0.054,-0.587,3109,223,77,3209,1788,2535,318,2508,53,1.242,1,2182,0,32.857,1.219,-24.063,2.875,-22.188,-0.098,0.000,1.027,-0.098,-1.215,0.285,0.652,0.004,1.066,1.422,2,NULL,NULL,,3,0,2,7,255,1137,250,0,0
stim,123192,153313,0,153313,3350649.455,-0.802,0.092,0.054,-0.588,3109,219,123,3207,1792,2539,313,2507,53,1.242,1,2182,0,28.064,1.255,-22.563,2.500,-16.500,-0.129,-0.059,0.973,-0.316,-1.215,0.238,0.658,0.000,1.066,1.422,2,NULL,NULL,,3,0,2,7,255,1137,250,0,0
stim,123222,153343,0,153343,3350654.454,-0.802,0.091,0.055,-0.588,3095,215,135,3193,1807,2535,303,2501,53,1.242,1,2182,0,23.281,1.360,-18.813,0.875,-13.688,-0.164,-0.102,0.945,-0.934,-0.988,-0.258,0.000,0.000,1.066,1.422,2,NULL,NULL,,3,0,2,7,255,1137,250,0,0
stim,123222,153343,0,153343,3350659.455,-0.801,0.090,0.055,-0.589,3089,219,158,3184,1823,2537,308,2507,53,1.242,1,2182,0,17.476,1.593,-12.313,-0.813,-12.375,-0.180,-0.105,0.922,-1.422,-0.719,-0.477,0.000,0.000,1.066,1.422,2,NULL,NULL,,3,0,2,7,255,1137,250,0,0
stim,123222,153343,0,153343,3350664.453,-0.801,0.090,0.056,-0.589,3087,206,170,3187,1840,2535,298,2510,53,1.259,1,2182,1,13.907,1.526,-6.063,-2.250,-12.313,-0.184,-0.082,0.934,-1.422,-0.555,-0.539,0.000,0.000,1.094,1.423,2,NULL,NULL,,3,0,2,7,255,1137,250,0,0
stim,123222,153343,0,153343,3350669.455,-0.801,0.090,0.056,-0.590,3067,197,173,3173,1853,2529,301,2503,53,1.259,1,2182,1,13.585,1.368,-1.688,-4.375,-12.750,-0.184,-0.063,0.945,-1.285,-0.469,-0.539,0.006,0.002,1.094,1.423,2,NULL,NULL,,3,0,2,7,255,1137,250,0,0
stim,123244,153365,0,153365,3350674.454,-0.800,0.089,0.055,-0.590,3065,199,221,3173,1866,2515,303,2507,53,1.259,1,2182,1,13.570,1.183,1.563,-5.625,-12.250,-0.160,-0.035,0.957,-1.086,-0.469,-0.426,0.010,0.006,1.094,1.423,2,NULL,NULL,,3,0,2,7,255,1137,250,0,0
stim,123244,153365,0,153365,3350679.455,-0.800,0.089,0.055,-0.591,3051,180,251,3160,1881,2511,313,2517,53,1.259,1,2182,1,12.436,0.913,3.000,-6.938,-9.875,-0.164,-0.008,0.977,-0.773,-0.484,-0.332,0.016,0.008,1.094,1.423,2,NULL,NULL,,3,0,2,7,255,1137,250,0,0
stim,123244,153365,0,153365,3350684.454,-0.800,0.089,0.055,-0.591,3033,175,267,3127,1897,2507,325,2478,53,1.259,1,2182,1,12.835,0.702,2.938,-8.188,-9.438,-0.188,0.039,0.988,-0.508,-0.484,-0.129,0.020,0.010,1.094,1.423,2,NULL,NULL,,3,0,2,7,255,1137,250,0,0
stim,123244,153365,1,153365,3350689.455,-0.800,0.089,0.054,-0.591,3033,175,301,3131,1913,2501,331,2520,53,1.259,1,2182,1,16.425,0.210,3.313,-9.563,-12.938,-0.207,0.078,0.984,-0.145,-0.152,0.055,0.024,0.010,1.094,1.423,2,NULL,NULL,,3,1,2,7,255,1137,250,0,0
stim,123244,153365,1,153365,3350694.453,-0.799,0.089,0.054,-0.592,3003,169,326,3117,1935,2505,327,2523,53,1.259,1,2182,1,20.584,0.174,4.188,-10.625,-17.125,-0.195,0.105,0.996,0.148,0.090,0.086,0.028,0.012,1.094,1.423,2,NULL,NULL,,3,1,2,7,255,1137,250,0,0
stim,123244,153365,1,153365,3350699.455,-0.799,0.089,0.053,-0.593,2985,169,353,3094,1961,2483,331,2527,53,1.259,1,2182,1,22.050,0.450,2.563,-11.000,-18.938,-0.172,0.113,1.016,0.441,0.090,0.168,0.032,0.012,1.094,1.423,2,NULL,NULL,,3,1,2,7,255,1137,250,0,0
stim,123290,153411,1,153411,3350704.453,-0.798,0.088,0.053,-0.593,2971,167,409,3078,1980,2487,331,2535,53,1.259,1,2182,1,22.762,0.465,-1.313,-11.875,-19.375,-0.168,0.098,1.012,0.449,-0.121,0.266,0.034,0.012,1.094,1.423,2,NULL,NULL,,3,1,2,7,255,1137,250,0,0
stim,123290,153411,1,153411,3350709.456,-0.798,0.088,0.053,-0.594,2955,166,448,3053,2003,2485,338,2543,53,1.259,1,2182,1,24.879,0.495,-3.563,-12.000,-21.500,-0.156,0.094,0.996,0.453,-0.199,0.266,0.036,0.012,1.094,1.423,2,NULL,NULL,,3,1,2,7,255,1137,250,0,0
stim,123290,153411,1,153411,3350714.454,-0.797,0.087,0.052,-0.595,2931,168,507,3035,2023,2484,346,2555,53,1.259,1,2182,1,25.727,0.522,-3.250,-12.500,-22.250,-0.137,0.086,0.984,0.449,-0.266,0.098,0.038,0.012,1.094,1.423,2,NULL,NULL,,3,1,2,7,255,1137,250,0,0
stim,123290,153411,1,153411,3350719.455,-0.797,0.087,0.052,-0.596,2907,169,612,3021,2055,2487,351,2570,53,1.259,1,2182,1,25.435,0.627,-1.438,-13.313,-21.625,-0.125,0.098,0.980,0.453,-0.434,-0.066,0.040,0.014,1.094,1.423,2,NULL,NULL,,3,1,2,7,255,1137,250,0,0
stim,123290,153411,1,153411,3350724.454,-0.796,0.086,0.051,-0.596,2889,170,667,3001,2091,2487,383,2584,53,1.259,1,2182,1,23.818,0.707,-0.500,-14.188,-19.125,-0.125,0.145,0.996,0.559,-0.434,-0.066,0.042,0.012,1.094,1.423,2,NULL,NULL,,3,1,2,7,255,1137,250,0,0
stim,123290,153411,1,153411,3350729.455,-0.796,0.086,0.051,-0.597,2859,178,723,2981,2149,2488,426,2597,53,1.259,1,2182,1,23.731,1.054,-0.750,-14.688,-18.625,-0.148,0.172,1.016,0.988,-0.367,0.055,0.044,0.012,1.094,1.423,2,NULL,NULL,,3,1,2,7,255,1137,250,0,0
stim,123290,153411,1,153411,3350734.453,-0.795,0.086,0.050,-0.598,2834,189,784,2963,2205,2493,441,2615,53,1.259,1,2182,1,25.700,1.205,-2.375,-15.063,-20.688,-0.160,0.207,1.035,1.199,-0.113,0.313,0.046,0.012,1.094,1.423,2,NULL,NULL,,3,1,2,7,255,1137,250,0,0
stim,123290,153411,1,153411,3350739.455,-0.795,0.085,0.050,-0.599,2799,211,895,2927,2259,2491,488,2631,53,1.259,1,2182,1,29.376,1.504,-5.313,-15.313,-24.500,-0.148,0.215,1.035,1.504,-0.008,0.508,0.046,0.010,1.094,1.423,2,NULL,NULL,,3,1,2,7,255,1137,250,0,0
stim,123311,153432,1,153432,3350744.453,-0.794,0.084,0.049,-0.600,2774,220,979,2919,2303,2501,553,2649,53,1.259,1,2182,1,32.290,1.504,-10.875,-15.125,-26.375,-0.148,0.160,1.020,1.504,-0.008,0.508,0.046,0.008,1.094,1.423,2,NULL,NULL,,3,1,2,7,255,1137,250,0,0
stim,123311,153432,1,153432,3350749.455,-0.794,0.083,0.049,-0.601,2741,249,1099,2899,2345,2503,629,2661,53,1.259,1,2182,1,35.656,1.082,-15.438,-16.000,-27.875,-0.176,0.125,1.008,1.082,-0.008,0.355,0.046,0.008,1.094,1.423,2,NULL,NULL,,3,1,2,7,255,1137,250,0,0
stim,123311,153432,1,153432,3350754.455,-0.793,0.082,0.049,-0.602,2707,248,1197,2879,2388,2509,747,2671,53,1.259,1,2182,1,41.498,0.760,-17.750,-16.625,-33.625,-0.168,0.129,1.000,0.758,0.051,0.262,0.048,0.006,1.094,1.423,2,NULL,NULL,,3,1,2,7,255,1137,250,0,0
stim,123311,153432,1,153432,3350759.455,-0.792,0.081,0.049,-0.603,2663,251,1269,2859,2425,2511,858,2683,53,1.259,1,2182,1,49.698,0.693,-18.938,-15.688,-43.188,-0.137,0.074,1.004,0.691,0.051,0.172,0.048,0.006,1.094,1.423,2,NULL,NULL,,3,1,2,7,255,1137,250,0,0
stim,123336,153457,1,153457,3350764.453,-0.791,0.080,0.049,-0.605,2621,264,1419,2843,2467,2515,928,2699,53,1.259,1,2182,1,50.215,0.511,-21.875,-16.063,-42.250,-0.086,0.043,0.992,0.348,-0.375,0.148,0.048,0.008,1.094,1.423,2,NULL,NULL,,3,1,2,7,255,1137,250,0,0
stim,123336,153457,1,153457,3350769.456,-0.790,0.078,0.049,-0.606,2575,263,1511,2823,2492,2517,1051,2713,53,1.259,1,2182,1,49.951,0.927,-23.125,-14.563,-41.813,-0.094,-0.035,0.957,0.195,-0.906,-0.070,0.048,0.012,1.094,1.423,2,NULL,NULL,,3,1,2,7,255,1137,250,0,0
stim,123336,153457,1,153457,3350774.454,-0.789,0.077,0.050,-0.607,2523,269,1623,2809,2529,2523,1149,2726,53,1.259,1,2182,1,42.302,1.059,-21.938,-16.000,-32.438,-0.090,-0.055,0.934,-0.535,-0.914,-0.434,0.052,0.018,1.094,1.423,2,NULL,NULL,,3,1,2,7,255,1137,250,0,0
stim,123336,153457,1,153457,3350779.455,-0.788,0.076,0.050,-0.609,2478,294,1748,2789,2557,2521,1240,2736,53,1.259,1,2182,1,40.658,1.137,-15.063,-15.500,-34.438,-0.172,-0.070,0.965,-0.676,-0.914,-0.434,0.054,0.024,1.094,1.423,2,NULL,NULL,,3,1,2,7,255,1137,250,0,0
stim,123336,153457,1,153457,3350784.454,-0.788,0.074,0.050,-0.610,2425,303,1841,2765,2598,2523,1335,2747,53,1.259,1,2182,1,45.630,1.168,-22.313,-17.625,-35.688,-0.090,-0.012,1.016,-0.676,-0.953,-0.219,0.058,0.030,1.094,1.423,2,NULL,NULL,,3,1,2,7,255,1137,250,0,0
stim,123336,153457,1,153457,3350789.455,-0.787,0.073,0.050,-0.611,2381,311,1925,2733,2620,2524,1437,2760,53,1.259,1,2182,1,42.727,0.464,-25.875,-16.688,-29.625,-0.133,0.066,1.043,-0.230,-0.402,0.152,0.060,0.034,1.094,1.423,2,NULL,NULL,,3,1,2,7,255,1137,250,0,0
stim,123395,153516,1,153516,3350794.454,-0.786,0.071,0.050,-0.612,2315,315,2019,2711,2647,2527,1547,2779,53,1.259,1,2182,1,55.110,0.452,-35.938,-16.375,-38.438,-0.203,0.016,1.035,-0.207,-0.402,0.500,0.064,0.038,1.094,1.423,2,NULL,NULL,,3,1,2,7,255,1137,250,0,0
stim,123395,153516,1,153516,3350799.457,-0.785,0.069,0.051,-0.614,2237,327,2105,2681,2676,2531,1651,2791,53,1.259,1,2182,1,66.334,0.452,-45.125,-18.563,-44.938,-0.129,-0.090,1.027,-0.207,-0.402,0.500,0.068,0.042,1.094,1.423,2,NULL,NULL,,3,1,2,7,255,1137,250,0,0
stim,123395,153516,1,153516,3350804.453,-0.784,0.066,0.052,-0.615,2169,328,2201,2648,2701,2535,1741,2803,53,1.259,1,2182,1,67.129,1.229,-52.063,-19.375,-37.688,-0.121,-0.098,1.016,-1.008,-0.703,0.305,0.070,0.044,1.094,1.423,2,NULL,NULL,,3,1,2,7,255,1137,250,0,0
stim,123395,153516,1,153516,3350809.455,-0.783,0.064,0.052,-0.616,2100,339,2275,2611,2719,2536,1827,2811,53,1.259,1,2182,1,69.529,1.229,-46.000,-18.813,-48.625,-0.262,0.094,0.883,-1.008,-0.703,0.207,0.072,0.048,1.094,1.423,2,NULL,NULL,,3,1,2,7,255,1137,250,0,0
stim,123395,153516,1,153516,3350814.454,-0.782,0.062,0.053,-0.618,2008,354,2335,2569,2741,2539,1929,2829,53,1.259,1,2182,0,74.599,0.508,-30.125,-21.563,-64.750,-0.102,0.031,0.906,0.305,-0.406,-0.867,0.074,0.048,1.094,1.423,2,NULL,NULL,,3,1,2,7,255,1137,250,0,0
stim,123395,153516,1,153516,3350819.455,-0.780,0.061,0.052,-0.620,1929,361,2397,2521,2759,2543,1999,2841,53,1.259,1,2182,0,59.910,0.508,-19.500,-24.000,-51.313,0.027,-0.070,0.988,0.305,-0.406,-0.867,0.076,0.048,1.094,1.423,2,NULL,NULL,,3,1,2,7,255,1137,250,0,0
stim,123395,153516,1,153516,3350824.454,-0.780,0.059,0.052,-0.621,1835,365,2455,2473,2776,2543,2072,2855,53,1.259,1,2182,0,43.550,1.965,-24.250,-22.438,-28.375,0.012,-0.121,1.102,-0.328,-1.938,-0.297,0.078,0.048,1.094,1.423,2,NULL,NULL,,3,1,2,7,255,1137,250,0,0
stim,123395,153516,1,153516,3350829.455,-0.779,0.057,0.052,-0.622,1741,366,2511,2413,2797,2543,2145,2867,53,1.259,1,2182,0,44.588,1.965,-35.188,-24.000,-13.188,-0.113,-0.039,1.000,-0.328,-1.938,0.059,0.078,0.046,1.094,1.423,2,NULL,NULL,,3,1,2,7,255,1137,250,0,0
stim,123395,153516,1,153516,3350834.453,-0.779,0.055,0.052,-0.622,1605,357,2549,2331,2820,2547,2203,2859,53,1.259,1,2182,0,45.774,0.614,-32.813,-23.813,-21.250,-0.223,0.016,0.988,-0.309,-0.531,0.098,0.078,0.044,1.094,1.423,2,NULL,NULL,,3,1,2,7,255,1137,250,0,0
stim,123395,153516,1,153516,3350839.455,-0.778,0.053,0.052,-0.624,1435,349,2587,2250,2837,2539,2259,2886,53,1.259,1,2182,0,56.438,0.174,-30.438,-24.563,-40.688,-0.160,-0.020,0.992,-0.172,0.027,0.059,0.080,0.042,1.094,1.423,2,NULL,NULL,,3,1,2,7,255,1137,250,0,0
stim,123395,153516,1,153516,3350844.453,-0.777,0.051,0.052,-0.625,1291,335,2621,2165,2840,2549,2319,2895,53,1.259,1,2182,0,50.030,0.174,-25.438,-26.375,-34.063,0.016,-0.082,0.973,-0.172,0.027,0.047,0.082,0.040,1.094,1.423,2,NULL,NULL,,3,1,2,7,255,1137,250,0,0
stim,123395,153516,1,153516,3350849.455,-0.777,0.050,0.052,-0.625,1149,311,2653,2069,2855,2536,2373,2905,53,1.259,1,2182,0,39.797,1.204,-25.438,-27.938,-12.500,-0.043,-0.043,1.082,-0.172,-1.191,0.047,0.084,0.038,1.094,1.423,2,NULL,NULL,,3,1,2,7,255,1137,250,0,0
stim,123424,153545,1,153545,3350854.454,-0.777,0.048,0.052,-0.626,1019,285,2683,1933,2879,2535,2425,2907,53,1.259,1,2182,0,45.023,1.251,-34.813,-26.500,-10.625,-0.168,-0.059,1.063,-0.383,-1.191,0.738,0.086,0.038,1.094,1.423,2,NULL,NULL,,3,1,2,7,255,1137,250,0,0
stim,123424,153545,1,153545,3350859.455,-0.777,0.046,0.052,-0.626,867,259,2713,1781,2889,2531,2463,2921,53,1.259,1,2182,1,43.095,0.262,-28.938,-28.125,-15.125,-0.160,-0.035,0.941,-0.262,0.012,0.738,0.090,0.036,1.094,1.423,2,NULL,NULL,,3,1,2,7,255,1137,250,0,0
stim,123424,153545,1,153545,3350864.453,-0.776,0.044,0.051,-0.627,657,227,2745,1560,2909,2531,2503,2927,53,1.259,1,2182,1,39.723,0.262,-20.625,-29.875,-16.125,-0.125,-0.035,1.059,-0.262,0.012,0.641,0.092,0.034,1.094,1.423,2,NULL,NULL,,3,1,2,7,255,1137,250,0,0
stim,123424,153545,1,153545,3350869.455,-0.776,0.043,0.051,-0.627,442,197,2777,1354,2923,2521,2549,2936,53,1.259,1,2182,1,41.680,0.184,-19.063,-32.938,-17.000,-0.180,0.051,1.047,-0.090,0.160,0.582,0.094,0.032,1.094,1.423,2,NULL,NULL,,3,1,2,7,255,1137,250,0,0
stim,123424,153545,1,153545,3350874.454,-0.775,0.041,0.050,-0.628,329,159,2799,1095,2937,2515,2595,2944,53,1.259,1,2182,1,50.400,0.426,-23.000,-34.313,-28.875,-0.164,0.020,1.113,0.375,0.203,0.641,0.096,0.032,1.094,1.423,2,NULL,NULL,,3,1,2,7,255,1137,250,0,0
stim,123424,153545,1,153545,3350879.455,-0.775,0.039,0.050,-0.629,146,91,2825,889,2952,2495,2623,2953,53,1.259,1,2182,1,52.926,0.426,-23.438,-36.563,-30.250,-0.086,0.000,1.035,0.375,0.203,0.582,0.102,0.032,1.094,1.423,2,NULL,NULL,,3,1,2,7,255,1137,250,0,0
stim,123424,153545,1,153545,3350884.454,-0.774,0.037,0.049,-0.630,74,57,2845,645,2965,2479,2657,2963,53,1.259,1,2182,1,51.590,0.585,-21.250,-37.000,-29.000,-0.070,0.000,1.070,0.375,-0.449,0.695,0.104,0.034,1.094,1.423,2,NULL,NULL,,3,1,2,7,255,1137,250,0,0
stim,123456,153577,1,153577,3350889.455,-0.774,0.036,0.048,-0.631,18,31,2861,479,2973,2459,2684,2969,53,1.259,1,2182,1,51.853,0.698,-17.188,-42.125,-24.875,-0.035,0.051,1.047,0.402,-0.570,0.395,0.108,0.032,1.094,1.423,2,NULL,NULL,,3,1,2,7,255,1137,250,0,0
stim,123492,153613,1,153613,3350894.453,-0.773,0.034,0.047,-0.632,0,24,2877,299,2985,2431,2709,2967,53,1.259,1,2182,1,50.431,1.101,-14.688,-43.000,-21.875,-0.059,0.125,1.070,0.941,-0.570,0.629,0.110,0.032,1.094,1.423,2,NULL,NULL,,3,1,2,7,255,1137,250,0,0
stim,123492,153613,1,153613,3350899.455,-0.773,0.032,0.045,-0.632,0,0,2879,191,2991,2411,2739,2980,53,1.259,1,2182,1,53.363,1.705,-12.938,-45.438,-24.813,-0.031,0.125,1.051,1.609,-0.563,0.395,0.112,0.032,1.094,1.423,2,NULL,NULL,,3,1,2,7,255,1137,250,0,0
stim,123492,153613,1,153613,3350904.453,-0.772,0.031,0.043,-0.633,0,0,2901,154,3003,2381,2771,2981,53,1.259,1,2182,1,53.694,1.654,6.250,-51.625,-13.375,-0.230,-0.004,1.145,1.609,-0.383,0.629,0.112,0.034,1.094,1.423,2,NULL,NULL,,3,1,2,7,255,1137,250,0,0
stim,123492,153613,1,153613,3350909.455,-0.772,0.031,0.040,-0.633,0,0,2908,138,3031,2355,2792,2983,53,1.259,1,2182,1,70.775,1.047,35.438,-61.188,-3.063,-0.418,-0.109,1.402,0.086,1.043,1.594,0.114,0.034,1.094,1.423,2,NULL,NULL,,3,1,2,7,255,1137,250,0,0
stim,123492,153613,1,153613,3350914.454,-0.772,0.030,0.037,-0.634,0,0,2919,91,3025,2326,2813,2987,53,1.259,1,2182,0,87.233,2.601,46.125,-72.250,-16.188,-0.469,-0.078,1.738,-0.887,2.445,4.328,0.118,0.036,1.094,1.423,3,NULL,NULL,,3,1,2,7,255,1137,250,0,0
stim,123492,153613,1,153613,3350919.455,-0.772,0.028,0.034,-0.634,0,0,2934,75,3033,2288,2841,2989,53,1.259,1,2182,0,80.388,2.601,-7.875,-78.188,-16.938,-0.172,0.137,1.734,-0.887,2.445,7.238,0.120,0.036,1.094,1.423,3,NULL,NULL,,3,1,2,7,255,1137,250,0,0
stim,123492,153613,1,153613,3350924.453,-0.772,0.023,0.034,-0.635,0,0,2941,55,3036,2247,2859,2989,53,1.259,1,2182,0,109.338,1.628,-78.000,-74.625,-17.375,-0.051,0.109,1.344,1.559,0.469,7.238,0.124,0.038,1.094,1.423,3,NULL,NULL,,3,1,2,7,255,1137,250,0,0
stim,123492,153613,1,153613,3350929.455,-0.772,0.019,0.033,-0.634,0,0,2953,5,3047,2186,2877,2991,53,1.259,1,2182,0,105.679,1.628,-67.750,-80.625,8.813,-0.145,0.098,1.063,1.559,0.469,3.297,0.128,0.038,1.094,1.423,3,NULL,NULL,,3,1,2,7,255,1137,250,0,0
stim,123492,153613,1,153613,3350934.453,-0.773,0.016,0.031,-0.634,0,0,2958,0,3052,2110,2897,2991,53,1.259,1,2182,0,96.876,1.444,-26.750,-91.625,16.563,-0.238,0.102,1.039,1.180,0.832,0.637,0.130,0.040,1.094,1.423,3,NULL,NULL,,3,1,2,7,255,1137,250,0,0
stim,123492,153613,0,153613,3350939.455,-0.773,0.013,0.028,-0.633,0,0,2961,0,3099,2023,2906,2976,53,1.259,1,2182,0,97.055,2.088,-4.063,-96.938,2.500,-0.277,0.023,1.137,1.008,1.828,0.637,0.132,0.040,1.094,1.423,3,NULL,NULL,,3,0,2,7,255,1143,250,0,0
stim,123492,153613,0,153613,3350944.454,-0.773,0.010,0.024,-0.634,0,0,2955,0,3062,1917,2919,2997,53,1.259,1,2182,0,102.265,1.842,-2.250,-101.750,-10.000,-0.230,-0.078,1.273,0.227,1.828,1.438,0.130,0.042,1.094,1.423,3,NULL,NULL,,3,0,2,7,255,1143,250,0,0
stim,123492,153613,0,153613,3350949.455,-0.773,0.007,0.021,-0.634,0,0,2971,0,3080,1815,2936,2996,53,1.259,1,2182,0,107.287,1.607,-14.313,-106.250,-4.063,-0.168,-0.168,1.332,-0.598,1.492,2.805,0.126,0.046,1.094,1.423,3,NULL,NULL,,3,0,2,7,255,1143,250,0,0
stim,123527,153648,0,153648,3350954.454,-0.774,0.003,0.019,-0.633,0,0,2953,0,3089,1699,2955,2981,53,1.259,1,2182,0,113.851,1.541,-26.188,-110.500,8.125,-0.113,-0.215,1.203,-1.316,0.801,2.805,0.122,0.050,1.094,1.423,3,NULL,NULL,,3,0,2,7,255,1143,250,0,0
stim,123527,153648,0,153648,3350959.455,-0.774,-0.001,0.016,-0.633,0,0,2943,0,3079,1555,2969,2976,53,1.259,1,2182,0,118.234,1.893,-23.438,-114.938,14.813,-0.188,-0.199,1.109,-1.715,0.801,2.109,0.122,0.054,1.094,1.423,3,NULL,NULL,,3,0,2,7,255,1143,250,0,0
stim,123527,153648,0,153648,3350964.453,-0.775,-0.005,0.012,-0.632,0,0,2939,0,3093,1373,2971,2967,53,1.259,1,2182,0,120.816,2.090,-13.438,-119.313,13.438,-0.215,-0.180,1.105,-1.715,1.195,1.203,0.118,0.060,1.094,1.423,3,NULL,NULL,,3,0,2,7,255,1143,250,0,0
stim,123527,153648,0,153648,3350969.455,-0.775,-0.008,0.008,-0.632,0,0,2937,0,3091,1181,2987,2965,53,1.259,1,2182,0,125.307,2.312,-5.250,-124.938,8.063,-0.199,-0.156,1.117,-1.648,1.621,1.203,0.116,0.070,1.094,1.423,3,NULL,NULL,,3,0,2,7,255,1143,250,0,0
stim,123527,153648,0,153648,3350974.454,-0.775,-0.012,0.004,-0.631,0,0,2927,0,3097,973,2995,2959,53,1.259,1,2182,0,130.943,2.138,-1.188,-130.875,4.063,-0.191,-0.137,1.109,-1.395,1.621,1.141,0.112,0.078,1.094,1.423,3,NULL,NULL,,3,0,2,7,255,1143,250,0,0
stim,123527,153648,0,153648,3350979.455,-0.776,-0.015,-0.000,-0.631,0,0,2907,0,3091,728,3015,2942,53,1.259,1,2182,0,136.083,2.091,2.188,-136.063,0.813,-0.172,-0.148,1.121,-1.320,1.621,1.195,0.106,0.086,1.094,1.423,3,NULL,NULL,,3,0,2,7,255,1143,250,0,0
stim,123551,153672,0,153672,3350984.454,-0.776,-0.019,-0.005,-0.631,0,0,2903,0,3097,578,3016,2860,53,1.259,1,2182,0,140.247,2.079,3.875,-140.188,-1.250,-0.125,-0.195,1.113,-1.320,1.605,1.145,0.102,0.092,1.094,1.423,3,NULL,NULL,,3,0,2,7,255,1143,250,0,0
stim,123551,153672,0,153672,3350989.455,-0.776,-0.023,-0.010,-0.631,0,0,2859,0,3103,405,3027,2927,53,1.259,1,2182,0,145.654,1.906,2.375,-145.625,1.688,-0.090,-0.176,1.102,-1.484,1.195,1.145,0.096,0.100,1.094,1.423,3,NULL,NULL,,3,0,2,7,255,1143,250,0,0
stim,123551,153672,0,153672,3350994.453,-0.776,-0.027,-0.015,-0.630,0,0,2839,0,3098,199,3021,2899,53,1.259,1,2182,0,150.393,1.830,6.063,-150.188,5.000,-0.066,-0.117,1.105,-1.484,1.070,1.031,0.092,0.106,1.094,1.423,3,NULL,NULL,,3,0,2,7,255,1143,250,0,0
stim,123551,153672,0,153672,3350999.455,-0.776,-0.031,-0.020,-0.630,0,0,2813,0,3098,108,3035,2871,53,1.259,1,2182,0,156.938,1.392,11.688,-156.375,6.313,-0.074,-0.047,1.094,-0.891,1.070,1.023,0.086,0.114,1.094,1.423,3,NULL,NULL,,3,0,2,7,255,1143,250,0,0
stim,123589,153710,0,153710,3351004.453,-0.776,-0.034,-0.026,-0.629,0,0,2769,0,3097,39,3033,2847,53,1.259,1,2182,0,162.331,1.442,17.875,-161.250,5.500,-0.066,0.043,1.160,-0.281,1.414,1.023,0.078,0.122,1.094,1.423,3,NULL,NULL,,3,0,2,7,255,1143,250,0,0
stim,123589,153710,0,153710,3351009.455,-0.776,-0.038,-0.032,-0.628,0,0,2735,0,3097,0,3038,2823,53,1.259,1,2182,0,167.013,1.801,19.688,-165.813,3.438,-0.047,0.137,1.309,0.563,1.711,1.438,0.072,0.130,1.094,1.423,3,NULL,NULL,,3,0,2,7,255,1143,250,0,0
stim,123589,153710,0,153710,3351014.454,-0.776,-0.042,-0.038,-0.628,0,0,2681,0,3094,0,3039,2781,53,1.259,1,2182,0,173.050,2.493,11.438,-172.500,7.688,-0.051,0.227,1.383,1.488,2.000,2.828,0.062,0.140,1.094,1.423,3,NULL,NULL,,3,0,2,7,255,1143,250,0,0
stim,123589,153710,0,153710,3351019.455,-0.776,-0.047,-0.045,-0.627,0,0,2619,0,3092,0,3043,2740,53,1.259,1,2182,0,177.286,3.380,14.813,-176.625,3.813,-0.031,0.305,1.477,2.301,2.477,3.473,0.054,0.150,1.094,1.423,3,NULL,NULL,,3,0,2,7,255,1143,250,0,0
stim,123589,153710,0,153710,3351024.453,-0.776,-0.051,-0.051,-0.626,0,0,2536,0,3087,0,3043,2696,53,1.259,1,2182,0,183.166,3.804,13.938,-182.375,9.750,-0.043,0.262,1.820,2.570,2.805,4.340,0.046,0.160,1.094,1.423,3,NULL,NULL,,3,0,2,7,255,1143,250,0,0
stim,123589,153710,0,153710,3351029.455,-0.777,-0.056,-0.058,-0.624,0,0,2471,0,3078,0,3044,2637,53,1.259,1,2182,0,195.176,4.377,0.063,-193.000,29.063,-0.199,0.176,2.043,2.570,3.543,7.645,0.036,0.170,1.094,1.423,3,NULL,NULL,,3,0,2,7,255,1143,250,0,0
stim,123589,153710,0,153710,3351034.453,-0.778,-0.063,-0.064,-0.622,0,0,2389,0,3062,1,3043,2579,53,1.259,1,2182,0,215.669,5.679,-18.938,-210.438,43.250,-0.406,0.230,2.211,1.430,5.496,9.559,0.028,0.178,1.094,1.423,3,NULL,NULL,,3,0,2,7,255,1143,250,0,0
stim,123589,153710,0,153710,3351039.455,-0.778,-0.071,-0.070,-0.620,0,0,2281,0,3061,39,3043,2487,53,1.259,1,2182,0,241.466,8.342,-53.250,-231.375,44.000,-0.527,0.402,2.184,1.430,8.219,9.941,0.020,0.188,1.094,1.423,3,NULL,NULL,,3,0,2,7,255,1143,250,0,0
stim,123610,153731,0,153731,3351044.454,-0.778,-0.080,-0.077,-0.618,0,0,2187,0,3041,59,3033,2395,53,1.259,1,2182,0,264.081,10.440,-73.938,-251.625,30.938,-0.551,0.578,2.125,2.781,10.063,9.941,0.014,0.198,1.094,1.423,3,NULL,NULL,,3,0,2,7,255,1143,250,0,0
stim,123610,153731,0,153731,3351049.455,-0.778,-0.090,-0.084,-0.616,0,0,2032,0,3022,79,3021,2285,53,1.259,1,2182,0,288.243,11.847,-83.625,-274.875,23.125,-0.492,0.672,2.152,4.418,10.992,9.016,0.008,0.210,1.094,1.423,3,NULL,NULL,,3,0,2,7,255,1143,250,0,0
stim,123610,153731,0,153731,3351054.454,-0.777,-0.102,-0.091,-0.614,0,0,1919,0,2999,109,2985,2169,53,1.259,1,2182,0,314.595,11.996,-92.625,-299.188,29.625,-0.422,0.582,2.164,4.805,10.992,9.016,0.012,0.220,1.094,1.423,3,NULL,NULL,,3,0,2,7,255,1143,250,0,0
stim,123610,153731,0,153731,3351059.455,-0.777,-0.114,-0.099,-0.611,0,0,1805,0,3031,116,2965,2057,53,1.259,1,2182,0,342.231,12.345,-115.750,-319.813,38.000,-0.379,0.609,2.180,5.211,11.191,9.016,0.022,0.234,1.094,1.423,3,NULL,NULL,,3,0,2,7,255,1143,250,0,0
stim,123641,153762,0,153762,3351064.453,-0.776,-0.128,-0.106,-0.608,0,0,1682,0,2961,117,2923,1974,53,1.259,1,2182,0,365.844,12.345,-134.625,-337.563,42.063,-0.441,0.629,2.145,5.211,11.191,8.918,0.034,0.248,1.094,1.423,3,NULL,NULL,,3,0,2,7,255,1143,250,0,0
stim,123641,153762,0,153762,3351069.455,-0.775,-0.142,-0.115,-0.605,0,0,1579,0,2919,122,2873,1877,53,1.259,1,2182,0,384.535,13.327,-126.313,-360.438,44.688,-0.590,0.551,2.215,5.211,12.266,8.023,0.050,0.266,1.094,1.423,3,NULL,NULL,,3,0,2,7,255,1143,250,0,0
stim,123641,153762,0,153762,3351074.454,-0.773,-0.156,-0.124,-0.602,0,0,1484,0,2876,125,2813,1765,53,1.259,1,2182,0,396.479,15.122,-117.875,-377.500,28.188,-0.680,0.637,2.477,4.973,14.281,8.023,0.072,0.290,1.094,1.423,3,NULL,NULL,,3,0,2,7,255,1143,250,0,0
stim,123641,153762,0,153762,3351079.455,-0.771,-0.171,-0.134,-0.599,0,0,1413,0,2823,115,2743,1651,53,1.259,1,2182,0,417.167,17.506,-119.500,-399.438,14.063,-0.664,0.590,2.734,4.672,16.871,9.184,0.100,0.320,1.094,1.423,3,NULL,NULL,,3,0,2,7,255,1143,250,0,0
stim,123642,153763,0,153763,3351084.454,-0.768,-0.186,-0.145,-0.596,0,0,1314,0,2751,87,2635,1519,53,1.259,1,2182,0,437.042,19.009,-127.125,-418.125,4.063,-0.727,0.430,2.914,4.672,18.426,10.945,0.136,0.360,1.094,1.423,3,NULL,NULL,,3,0,2,7,255,1143,250,0,0
stim,123642,153763,0,153763,3351089.455,-0.764,-0.202,-0.156,-0.593,0,0,1148,0,2661,74,2479,1369,53,1.259,1,2182,0,451.354,20.740,-134.875,-430.625,-9.563,-0.789,0.605,3.148,4.672,20.207,11.730,0.182,0.406,1.094,1.423,3,NULL,NULL,,3,0,2,7,255,1143,250,0,0
stim,123693,153814,0,153814,3351094.454,-0.759,-0.219,-0.166,-0.590,0,0,940,0,2536,47,2333,1203,53,1.259,1,2182,0,469.812,23.541,-161.813,-440.438,-23.563,-0.832,0.621,3.258,4.703,23.066,12.035,0.232,0.456,1.094,1.423,3,NULL,NULL,,3,0,2,7,255,1143,250,0,0
stim,123693,153814,0,153814,3351099.455,-0.753,-0.236,-0.176,-0.588,0,0,772,0,2379,0,2069,1041,53,1.259,1,2182,0,494.988,24.583,-197.438,-450.875,-52.375,-0.730,0.422,3.176,4.703,24.129,12.035,0.286,0.512,1.094,1.423,3,NULL,NULL,,3,0,2,7,255,1143,250,0,0
stim,123693,153814,0,153814,3351104.453,-0.746,-0.256,-0.186,-0.586,0,0,595,0,2168,0,1757,903,53,1.259,1,2182,0,529.815,24.381,-243.125,-469.813,-29.500,-0.500,-0.086,2.656,3.500,24.129,11.141,0.344,0.570,1.094,1.423,3,NULL,NULL,,3,0,2,7,255,1143,250,0,0
stim,123693,153814,0,153814,3351109.455,-0.739,-0.277,-0.195,-0.582,0,0,427,0,1903,0,1351,775,53,1.259,1,2182,0,547.650,19.392,-255.125,-484.563,-5.563,-0.270,-0.418,1.848,-0.715,19.379,8.199,0.404,0.634,1.094,1.423,3,NULL,NULL,,3,0,2,7,255,1143,250,0,0
stim,123693,153814,0,153814,3351114.454,-0.733,-0.296,-0.205,-0.577,0,0,274,0,1599,0,783,617,53,1.259,1,2182,0,532.662,13.394,-199.875,-493.625,10.625,-0.090,-0.473,1.191,-3.539,12.918,3.293,0.472,0.702,1.094,1.423,3,NULL,NULL,,3,0,2,7,255,1143,250,0,0
stim,123693,153814,0,153814,3351119.455,-0.728,-0.312,-0.219,-0.570,0,0,221,0,1258,0,274,485,53,1.259,1,2182,0,511.022,8.562,-84.938,-503.563,18.813,-0.063,-0.262,1.094,-3.539,7.797,-0.781,0.546,0.778,1.094,1.423,3,NULL,NULL,,3,0,2,7,255,1143,250,0,0
stim,123693,153814,0,153814,3351124.454,-0.725,-0.324,-0.234,-0.560,0,0,118,0,920,0,0,415,53,1.259,1,2182,0,511.417,8.049,16.938,-508.375,53.063,-0.289,-0.016,1.797,-2.000,7.797,-0.781,0.628,0.864,1.094,1.423,3,NULL,NULL,,3,0,2,7,255,1143,250,0,0
stim,123693,153814,0,153814,3351129.455,-0.723,-0.337,-0.249,-0.549,0,0,107,0,439,0,0,346,53,1.259,1,2182,0,531.530,14.774,27.000,-518.500,113.813,-0.703,0.074,2.402,-0.352,14.770,0.078,0.722,0.960,1.094,1.423,3,NULL,NULL,,3,0,2,7,255,1143,250,0,0
stim,123693,153814,0,153814,3351134.453,-0.721,-0.354,-0.262,-0.535,0,0,81,0,77,0,0,232,53,1.259,1,2182,0,559.651,22.426,-56.500,-529.438,172.375,-1.047,0.297,2.328,-0.020,22.426,0.078,0.824,1.066,1.094,1.423,3,NULL,NULL,,3,0,2,7,255,1143,250,0,0
stim,123693,153814,0,153814,3351139.455,-0.717,-0.372,-0.271,-0.523,0,0,29,0,0,0,0,134,53,1.259,1,2182,0,566.068,22.430,-142.625,-519.500,173.813,-1.238,0.781,1.785,0.441,22.426,-4.453,0.930,1.174,1.094,1.423,4,NULL,NULL,,3,0,2,7,255,1143,250,0,0
stim,123718,153839,0,153839,3351144.453,-0.711,-0.391,-0.280,-0.513,0,0,30,0,0,0,0,50,53,1.259,1,2182,0,539.311,22.510,-196.750,-486.125,125.813,-0.883,1.398,1.141,4.020,22.148,-11.367,1.034,1.282,1.094,1.423,4,NULL,NULL,,3,0,2,7,255,1143,250,0,0
stim,123718,153839,0,153839,3351149.455,-0.705,-0.408,-0.287,-0.505,0,0,30,0,0,0,0,41,53,1.259,1,2182,0,491.912,18.988,-192.438,-445.313,81.500,-0.586,1.625,1.027,10.523,15.805,-14.332,1.132,1.384,1.094,1.423,0,NULL,NULL,,3,0,2,7,255,1143,250,0,0
stim,123718,153839,0,153839,3351154.454,-0.698,-0.424,-0.293,-0.497,0,0,31,0,0,0,0,79,53,1.259,1,2182,0,453.063,17.509,-212.813,-389.438,91.188,-0.465,1.309,1.168,10.957,13.656,-14.332,1.220,1.474,1.094,1.423,0,NULL,NULL,,3,0,2,7,255,1143,250,0,0
stim,123718,153839,0,153839,3351159.455,-0.691,-0.440,-0.295,-0.491,0,0,37,0,0,0,0,111,53,1.259,1,2182,0,431.910,17.405,-270.375,-325.500,86.563,-0.246,0.617,1.188,10.957,13.523,-12.371,1.294,1.552,1.094,1.423,0,NULL,NULL,,3,0,2,7,255,1143,250,0,0
stim,123718,153839,0,153839,3351164.453,-0.684,-0.453,-0.295,-0.489,0,0,33,0,0,0,0,152,53,1.259,1,2182,0,335.746,13.205,-248.000,-222.188,43.063,-0.230,-0.164,0.961,5.398,12.051,-8.844,1.360,1.624,1.094,1.423,0,NULL,NULL,,3,0,2,7,255,1143,250,0,0
stim,123718,153839,0,153839,3351169.455,-0.680,-0.462,-0.295,-0.487,0,0,31,0,0,0,0,191,53,1.259,1,2182,0,234.214,11.394,-177.938,-147.750,36.938,-0.559,-0.527,1.059,-1.730,11.262,-8.613,1.430,1.698,1.094,1.423,0,NULL,NULL,,3,0,2,7,255,1143,250,0,0
stim,123739,153860,0,153860,3351174.454,-0.676,-0.469,-0.293,-0.487,0,0,29,0,0,0,0,184,53,1.259,1,2182,0,190.768,12.595,-174.875,-71.750,25.750,-0.813,-0.418,1.230,-5.641,11.262,-8.613,1.514,1.784,1.094,1.423,0,NULL,NULL,,3,0,2,7,255,1143,250,0,0
stim,123739,153860,0,153860,3351179.455,-0.671,-0.476,-0.287,-0.491,0,0,31,0,0,0,0,151,53,1.259,1,2182,0,242.620,12.595,-241.625,19.375,-10.313,-0.730,0.074,0.754,-5.641,11.262,-10.563,1.608,1.882,1.094,1.423,0,NULL,NULL,,3,0,2,7,255,1143,250,0,0
stim,123739,153860,0,153860,3351184.454,-0.667,-0.481,-0.279,-0.497,0,0,31,0,0,0,0,111,53,1.259,1,2182,0,273.846,9.621,-252.563,103.250,-23.313,-0.531,0.688,-0.148,-1.125,9.555,-13.426,1.704,1.982,1.094,1.423,0,NULL,NULL,,3,0,2,7,255,1143,250,0,0
stim,123739,153860,0,153860,3351189.455,-0.665,-0.482,-0.271,-0.502,0,0,25,0,0,0,0,105,53,1.259,1,2182,0,229.068,4.195,-160.125,163.750,-4.250,-0.504,0.898,-0.582,4.125,0.766,-17.289,1.800,2.078,1.094,1.423,0,NULL,NULL,,3,0,2,7,255,1143,250,0,0
stim,123792,153913,0,153913,3351194.454,-0.666,-0.478,-0.265,-0.507,0,0,24,0,0,0,0,79,53,1.259,1,2182,0,206.697,4.195,-43.813,202.000,0.375,-0.641,0.559,-0.199,4.125,0.766,-17.934,1.890,2.170,1.094,1.423,0,NULL,NULL,,3,0,2,7,255,1143,250,0,0
stim,123792,153913,0,153913,3351199.455,-0.668,-0.473,-0.258,-0.513,0,0,26,0,0,0,0,84,53,1.259,1,2182,0,228.266,2.601,-8.375,227.813,-11.688,-0.727,0.086,0.371,2.469,0.820,-17.934,1.974,2.256,1.094,1.423,0,NULL,NULL,,3,0,2,7,255,1143,250,0,0
stim,123792,153913,0,153913,3351204.453,-0.670,-0.469,-0.251,-0.519,0,0,21,0,0,0,0,73,53,1.259,1,2182,0,247.770,6.458,-39.875,244.313,-10.563,-0.641,-0.059,0.453,-1.125,6.359,-14.566,2.054,2.340,1.094,1.423,0,NULL,NULL,,3,0,2,7,255,1143,250,0,0
stim,123792,153913,0,153913,3351209.455,-0.671,-0.465,-0.242,-0.525,0,0,22,0,0,0,0,63,53,1.259,1,2182,0,260.796,6.458,-61.875,253.313,4.313,-0.496,0.109,0.078,-1.125,6.359,-13.844,2.128,2.414,1.094,1.423,0,NULL,NULL,,3,0,2,7,255,1143,250,0,0
stim,123792,153913,0,153913,3351214.454,-0.673,-0.460,-0.233,-0.530,0,0,23,0,0,0,0,74,53,1.259,1,2182,0,258.534,2.983,-31.313,255.500,24.063,-0.465,0.297,-0.270,-0.582,2.926,-13.844,2.190,2.480,1.094,1.423,0,NULL,NULL,,3,0,2,7,255,1143,250,0,0
stim,123792,153913,0,153913,3351219.455,-0.677,-0.454,-0.226,-0.534,0,0,23,0,0,0,0,64,53,1.259,1,2182,0,258.991,0.599,23.063,255.438,36.000,-0.523,0.422,-0.277,0.555,0.227,-15.816,2.248,2.542,1.094,1.423,0,NULL,NULL,,3,0,2,7,255,1143,250,0,0
stim,123792,153913,0,153913,3351224.454,-0.681,-0.446,-0.219,-0.537,0,0,24,0,0,0,0,61,53,1.259,1,2182,0,265.415,1.502,58.438,256.500,35.188,-0.527,0.449,-0.102,1.484,0.227,-16.016,2.296,2.592,1.094,1.423,0,NULL,NULL,,3,0,2,7,255,1143,250,0,0
stim,123792,153913,0,153913,3351229.455,-0.686,-0.438,-0.212,-0.541,0,0,21,0,0,0,0,62,53,1.259,1,2182,0,268.725,2.796,66.750,258.375,31.625,-0.547,0.516,0.133,2.070,1.879,-16.016,2.328,2.626,1.094,1.423,0,NULL,NULL,,3,0,2,7,255,1143,250,0,0
stim,123792,153913,0,153913,3351234.453,-0.690,-0.430,-0.206,-0.545,0,0,26,0,0,0,0,67,53,1.259,1,2182,0,269.600,3.464,70.938,258.313,30.438,-0.438,0.215,0.043,2.070,2.777,-15.195,2.344,2.646,1.094,1.423,0,NULL,NULL,,3,0,2,7,255,1143,250,0,0
stim,123792,153913,0,153913,3351239.455,-0.695,-0.421,-0.199,-0.547,0,0,20,0,0,0,0,57,53,1.259,1,2182,0,281.120,2.836,97.688,257.813,54.938,-0.328,0.047,0.066,0.574,2.777,-13.621,2.354,2.658,1.094,1.423,0,NULL,NULL,,3,0,2,7,255,1143,250,0,0
stim,123792,153913,0,153913,3351244.453,-0.701,-0.412,-0.193,-0.549,0,0,21,0,0,0,0,61,53,1.259,1,2182,0,292.015,2.836,117.313,254.813,81.125,-0.445,0.238,0.234,0.574,2.777,-12.539,2.366,2.674,1.094,1.423,0,NULL,NULL,,3,0,2,7,255,1143,250,0,0
stim,123792,153913,0,153913,3351249.455,-0.707,-0.403,-0.187,-0.550,0,0,16,0,0,0,0,56,53,1.259,1,2182,0,290.372,4.629,119.188,256.313,66.438,-0.605,0.449,0.449,1.133,4.488,-12.539,2.386,2.694,1.094,1.423,0,NULL,NULL,,3,0,2,7,255,1143,250,0,0
stim,123823,153944,0,153944,3351254.454,-0.712,-0.393,-0.181,-0.553,0,0,21,0,0,0,0,54,53,1.259,1,2182,0,287.482,7.484,116.000,260.000,39.875,-0.484,0.313,0.531,2.301,7.121,-12.539,2.404,2.716,1.094,1.423,0,NULL,NULL,,3,0,2,7,255,1143,250,0,0
stim,123823,153944,0,153944,3351259.455,-0.716,-0.383,-0.175,-0.556,0,0,20,0,0,0,0,53,53,1.259,1,2182,0,292.922,7.484,116.688,266.313,35.563,-0.316,0.160,0.598,2.301,7.121,-11.066,2.416,2.730,1.094,1.423,0,NULL,NULL,,3,0,2,7,255,1143,250,0,0
stim,123823,153944,0,153944,3351264.454,-0.721,-0.373,-0.169,-0.558,0,0,19,0,0,0,0,51,53,1.259,1,2182,0,301.120,7.340,115.188,274.875,43.000,-0.320,0.164,0.699,1.781,7.121,-8.785,2.426,2.744,1.094,1.423,0,NULL,NULL,,3,0,2,7,255,1143,250,0,0
stim,123823,153944,0,153944,3351269.455,-0.726,-0.363,-0.162,-0.561,0,0,18,0,0,0,0,51,53,1.259,1,2182,0,308.666,7.390,110.813,285.438,39.000,-0.430,0.230,0.797,1.781,7.172,-8.074,2.440,2.762,1.094,1.423,0,NULL,NULL,,3,0,2,7,255,1143,250,0,0
stim,123823,153944,0,153944,3351274.454,-0.730,-0.353,-0.155,-0.565,0,0,21,0,0,0,0,55,53,1.259,1,2182,0,316.987,8.921,106.438,297.813,21.438,-0.469,0.238,0.887,2.250,8.633,-8.004,2.458,2.782,1.094,1.423,0,NULL,NULL,,3,0,2,7,255,1143,250,0,0
stim,123823,153944,0,153944,3351279.455,-0.733,-0.342,-0.147,-0.569,0,0,19,0,0,0,0,50,53,1.259,1,2182,0,326.532,9.783,99.563,310.938,5.313,-0.430,0.219,0.969,2.398,9.484,-7.504,2.480,2.806,1.094,1.423,0,NULL,NULL,,3,0,2,7,255,1143,250,0,0
stim,123855,153976,0,153976,3351284.453,-0.736,-0.331,-0.139,-0.574,0,0,19,0,0,0,0,51,53,1.259,1,2182,0,335.924,9.866,87.063,324.438,-2.313,-0.391,0.211,1.023,2.535,9.535,-6.363,2.500,2.830,1.094,1.423,0,NULL,NULL,,3,0,2,7,255,1143,250,0,0
stim,123855,153976,0,153976,3351289.455,-0.739,-0.320,-0.131,-0.579,0,0,21,0,0,0,0,57,53,1.259,1,2182,0,345.194,9.866,73.000,337.313,-7.063,-0.398,0.188,1.004,2.535,9.535,-5.430,2.524,2.856,1.094,1.423,0,NULL,NULL,,3,0,2,7,255,1143,250,0,0
stim,123855,153976,0,153976,3351294.454,-0.741,-0.309,-0.121,-0.584,0,0,20,0,0,0,0,53,53,1.259,1,2182,0,354.790,9.645,64.000,348.625,-15.500,-0.414,0.160,0.949,2.512,9.313,-5.379,2.552,2.886,1.094,1.423,0,NULL,NULL,,3,0,2,7,255,1143,250,0,0
stim,123855,153976,0,153976,3351299.455,-0.743,-0.297,-0.112,-0.589,0,0,19,0,0,0,0,54,53,1.259,1,2182,0,364.381,9.162,63.063,357.875,-26.875,-0.387,0.141,0.887,2.164,8.902,-5.375,2.584,2.922,1.094,1.423,0,NULL,NULL,,3,0,2,7,255,1143,250,0,0
stim,123855,153976,0,153976,3351304.453,-0.744,-0.286,-0.102,-0.595,0,0,21,0,0,0,0,57,53,1.259,1,2182,0,372.521,8.431,67.500,364.563,-36.188,-0.293,0.129,0.855,2.121,8.160,-5.375,2.620,2.960,1.094,1.423,0,NULL,NULL,,3,0,2,7,255,1143,250,0,0
stim,123888,154009,0,154009,3351309.455,-0.745,-0.273,-0.093,-0.601,0,0,19,0,0,0,0,67,53,1.259,1,2182,0,377.548,7.382,74.188,368.000,-40.188,-0.195,0.129,0.797,2.121,7.070,-4.875,2.660,3.002,1.094,1.423,0,NULL,NULL,,3,0,2,7,255,1143,250,0,0
stim,123888,154009,0,154009,3351314.454,-0.746,-0.261,-0.084,-0.607,0,0,20,0,0,0,0,72,53,1.259,1,2182,0,380.843,6.216,88.188,368.125,-41.813,-0.129,0.125,0.777,2.305,5.773,-4.656,2.700,3.046,1.094,1.423,0,NULL,NULL,,3,0,2,7,255,1143,250,0,0
stim,123888,154009,0,154009,3351319.455,-0.747,-0.247,-0.076,-0.612,0,0,17,0,0,0,0,79,53,1.259,1,2182,0,380.645,5.973,103.563,363.813,-42.500,-0.191,0.133,0.820,2.410,5.465,-4.352,2.746,3.092,1.094,1.423,0,NULL,NULL,,3,0,2,7,255,1143,250,0,0
stim,123888,154009,0,154009,3351324.454,-0.748,-0.234,-0.068,-0.617,0,0,19,0,0,0,0,85,53,1.259,1,2182,0,383.113,5.473,120.500,361.750,-37.313,0.070,-0.152,0.828,2.410,4.914,-4.090,2.792,3.142,1.094,1.423,0,NULL,NULL,,3,0,2,7,255,1143,250,0,0
stim,123888,154009,0,154009,3351329.455,-0.750,-0.220,-0.060,-0.621,0,0,13,0,0,0,0,85,53,1.259,1,2182,0,379.450,3.981,135.188,354.500,-6.063,0.023,0.035,0.898,2.148,3.352,-2.027,2.838,3.192,1.094,1.423,0,NULL,NULL,,3,0,2,7,255,1143,250,0,0
stim,123888,154009,0,154009,3351334.453,-0.752,-0.205,-0.053,-0.624,0,0,12,0,0,0,0,91,53,1.259,1,2182,0,380.485,3.981,148.438,350.313,4.000,-0.063,0.168,0.941,2.148,3.352,-2.027,2.886,3.240,1.094,1.423,0,NULL,NULL,,3,0,2,7,255,1143,250,0,0
stim,123888,154009,0,154009,3351339.455,-0.754,-0.190,-0.046,-0.627,0,0,10,0,0,0,0,83,53,1.259,1,2182,0,383.878,5.299,165.750,346.250,-0.063,-0.113,0.191,0.988,3.262,4.176,-2.012,2.932,3.290,1.094,1.423,0,NULL,NULL,,3,0,2,7,255,1143,250,0,0
stim,123911,154032,0,154032,3351344.453,-0.756,-0.175,-0.040,-0.630,0,0,17,0,0,0,0,75,53,1.259,1,2182,0,389.639,5.299,186.000,342.375,-1.313,-0.055,0.094,1.098,3.262,4.176,-1.750,2.976,3.336,1.094,1.423,0,NULL,NULL,,3,0,2,7,255,1143,250,0,0
stim,123911,154032,0,154032,3351349.455,-0.758,-0.159,-0.034,-0.632,0,0,13,0,0,0,0,77,53,1.259,1,2182,0,393.316,5.074,198.625,339.375,8.375,-0.051,0.102,1.258,3.004,4.090,-0.199,3.016,3.380,1.094,1.423,0,NULL,NULL,,3,0,2,7,255,1143,250,0,0
stim,123911,154032,0,154032,3351354.455,-0.760,-0.143,-0.028,-0.634,0,0,21,0,0,0,0,75,53,1.259,1,2182,0,392.874,5.074,201.375,337.000,15.125,-0.105,0.152,1.395,3.004,4.090,1.449,3.054,3.418,1.094,1.423,0,NULL,NULL,,3,0,2,7,255,1143,250,0,0
stim,123911,154032,0,154032,3351359.455,-0.761,-0.127,-0.023,-0.635,0,0,17,0,0,0,0,73,53,1.259,1,2182,0,391.677,5.782,202.063,335.188,15.188,-0.148,0.164,1.504,3.449,4.641,2.641,3.086,3.454,1.094,1.423,0,NULL,NULL,,3,0,2,7,255,1143,250,0,0
stim,123937,154058,0,154058,3351364.454,-0.763,-0.111,-0.017,-0.637,0,0,20,0,0,0,0,81,53,1.259,1,2182,0,390.598,5.905,202.125,334.000,12.500,-0.160,0.145,1.625,3.449,4.793,3.777,3.118,3.488,1.094,1.423,0,NULL,NULL,,3,0,2,7,255,1143,250,0,0
stim,123937,154058,0,154058,3351369.455,-0.764,-0.095,-0.012,-0.638,0,0,20,0,0,0,0,87,53,1.259,1,2182,0,388.053,5.826,197.438,333.875,11.438,-0.172,0.145,1.750,3.313,4.793,5.129,3.146,3.520,1.094,1.423,0,NULL,NULL,,3,0,2,7,255,1143,250,0,0
stim,123937,154058,0,154058,3351374.454,-0.765,-0.080,-0.006,-0.639,0,0,18,0,0,0,0,89,53,1.259,1,2182,0,382.867,5.683,186.875,334.000,10.438,-0.207,0.160,1.859,3.313,4.617,6.508,3.172,3.548,1.094,1.423,0,NULL,NULL,,3,0,2,7,255,1143,250,0,0
stim,123937,154058,0,154058,3351379.455,-0.765,-0.064,0.001,-0.641,0,0,16,0,0,0,0,105,53,1.259,1,2182,0,375.948,5.639,172.813,333.813,6.500,-0.227,0.160,1.918,3.266,4.598,7.668,3.196,3.574,1.094,1.423,0,NULL,NULL,,3,0,2,7,255,1143,250,0,0
stim,123937,154058,0,154058,3351384.454,-0.765,-0.050,0.007,-0.642,0,0,20,0,0,0,0,107,53,1.259,1,2182,0,370.201,5.361,160.313,333.688,1.000,-0.219,0.141,1.945,3.195,4.305,8.395,3.218,3.598,1.094,1.423,0,NULL,NULL,,3,0,2,7,255,1143,250,0,0
stim,123937,154058,0,154058,3351389.455,-0.765,-0.035,0.014,-0.643,0,0,19,0,0,0,0,115,53,1.259,1,2182,0,364.435,4.652,149.875,332.188,-1.313,-0.215,0.105,1.949,2.891,3.645,8.836,3.240,3.622,1.094,1.423,0,NULL,NULL,,3,0,2,7,255,1143,250,0,0
stim,123989,154110,0,154110,3351394.454,-0.765,-0.021,0.021,-0.644,0,0,19,0,0,0,0,115,53,1.259,1,2182,0,358.491,3.829,142.063,329.125,-3.250,-0.227,0.059,1.934,2.418,2.969,9.027,3.264,3.648,1.094,1.423,0,NULL,NULL,,3,0,2,7,255,1143,250,0,0
stim,123989,154110,0,154110,3351399.455,-0.764,-0.007,0.028,-0.645,0,0,21,0,0,0,0,121,53,1.259,1,2182,0,354.027,2.998,139.375,325.375,-6.375,-0.219,0.023,1.891,1.805,2.395,9.027,3.290,3.676,1.094,1.423,0,NULL,NULL,,3,0,2,7,255,1143,250,0,0
stim,123989,154110,0,154110,3351404.453,-0.763,0.007,0.035,-0.646,0,0,19,0,0,0,0,103,53,1.259,1,2182,0,353.065,2.142,145.313,321.625,-9.813,-0.199,0.000,1.871,1.324,1.684,8.715,3.314,3.702,1.094,1.423,0,NULL,NULL,,3,0,2,7,255,1143,250,0,0
stim,123989,154110,0,154110,3351409.455,-0.762,0.021,0.041,-0.646,0,0,20,0,0,0,0,117,53,1.259,1,2182,0,354.900,1.321,157.250,317.875,-13.500,-0.180,-0.047,1.922,0.957,0.910,8.715,3.340,3.730,1.094,1.423,0,NULL,NULL,,3,0,2,7,255,1143,250,0,0
stim,123989,154110,0,154110,3351414.454,-0.760,0.036,0.047,-0.647,0,0,19,0,0,0,0,115,53,1.259,1,2182,0,358.138,0.400,167.875,315.875,-17.438,-0.129,-0.113,1.992,0.395,0.066,9.098,3.366,3.760,1.094,1.423,0,NULL,NULL,,3,0,2,7,255,1143,250,0,0
stim,123989,154110,0,154110,3351419.455,-0.758,0.050,0.052,-0.648,0,0,16,0,0,0,0,109,53,1.259,1,2182,0,362.241,1.178,176.688,315.500,-21.438,-0.059,-0.121,2.035,-0.293,-1.141,9.750,3.392,3.788,1.094,1.423,0,NULL,NULL,,3,0,2,7,255,1143,250,0,0
stim,123989,154110,0,154110,3351424.454,-0.756,0.065,0.057,-0.649,0,0,19,0,0,0,0,109,53,1.259,1,2182,0,369.685,2.515,189.563,316.438,-24.500,0.047,-0.141,2.070,-0.457,-2.473,10.051,3.418,3.816,1.094,1.423,0,NULL,NULL,,3,0,2,7,255,1143,250,0,0
stim,123989,154110,0,154110,3351429.455,-0.753,0.081,0.062,-0.650,0,0,18,0,0,0,0,110,53,1.259,1,2182,0,379.716,4.208,206.188,317.750,-26.563,0.188,-0.148,2.137,-0.727,-4.145,10.121,3.442,3.842,1.094,1.423,0,NULL,NULL,,3,0,2,7,255,1143,250,0,0
stim,124008,154129,0,154129,3351434.453,-0.751,0.097,0.066,-0.650,0,0,13,0,0,0,0,103,53,1.259,1,2182,0,392.602,6.272,225.938,319.750,-29.125,0.387,-0.156,2.234,-0.848,-6.215,10.340,3.464,3.866,1.094,1.423,0,NULL,NULL,,3,0,2,7,255,1143,250,0,0
stim,124008,154129,0,154129,3351439.455,-0.747,0.114,0.070,-0.651,0,0,17,0,0,0,0,107,53,1.259,1,2182,0,407.056,8.985,246.813,322.313,-29.875,0.637,-0.133,2.391,-0.848,-8.945,10.625,3.484,3.888,1.094,1.423,0,NULL,NULL,,3,0,2,7,255,1143,250,0,0
stim,124008,154129,0,154129,3351444.453,-0.744,0.132,0.073,-0.651,0,0,17,0,0,0,0,107,53,1.259,1,2182,0,416.936,12.264,259.875,325.000,-26.000,0.875,-0.086,2.547,-0.793,-12.238,11.180,3.500,3.906,1.094,1.423,0,NULL,NULL,,3,0,2,7,255,1143,250,0,0
stim,124008,154129,0,154129,3351449.455,-0.740,0.149,0.076,-0.651,0,0,17,0,0,0,0,105,53,1.259,1,2182,0,420.348,15.521,264.188,326.563,-15.938,1.066,-0.059,2.672,-0.531,-15.512,11.621,3.510,3.918,1.094,1.423,0,NULL,NULL,,3,0,2,7,255,1143,250,0,0
stim,124008,154129,0,154129,3351454.454,-0.737,0.167,0.079,-0.650,0,0,19,0,0,0,0,105,53,1.259,1,2182,0,420.127,18.285,264.375,326.500,-3.250,1.184,-0.047,2.773,-0.531,-18.277,11.672,3.514,3.926,1.094,1.423,0,NULL,NULL,,3,0,2,7,255,1143,250,0,0
stim,124008,154129,0,154129,3351459.455,-0.734,0.185,0.082,-0.648,0,0,13,0,0,0,0,104,53,1.259,1,2182,0,416.757,20.367,261.813,324.188,6.563,1.246,-0.027,2.887,-0.789,-20.352,11.719,3.514,3.928,1.094,1.423,0,NULL,NULL,,3,0,2,7,255,1143,250,0,0
stim,124038,154159,0,154159,3351464.453,-0.731,0.202,0.085,-0.647,0,0,10,0,0,0,0,108,53,1.259,1,2182,0,405.103,21.991,248.625,319.625,11.563,1.281,0.031,2.996,-1.000,-21.969,11.859,3.506,3.922,1.094,1.423,0,NULL,NULL,,3,0,2,7,255,1143,250,0,0
stim,124038,154159,0,154159,3351469.455,-0.728,0.218,0.089,-0.645,0,0,17,0,0,0,0,125,53,1.259,1,2182,0,382.760,23.334,222.875,310.875,13.750,1.289,0.105,3.078,-1.000,-23.313,12.094,3.488,3.908,1.094,1.423,0,NULL,NULL,,3,0,2,7,255,1143,250,0,0
stim,124038,154159,0,154159,3351474.454,-0.725,0.232,0.093,-0.642,0,0,12,0,0,0,0,149,53,1.259,1,2182,0,351.350,24.313,188.188,296.375,13.938,1.355,0.164,3.105,-0.758,-24.301,12.094,3.462,3.882,1.094,1.423,0,NULL,NULL,,3,0,2,7,255,1143,250,0,0
stim,124038,154159,0,154159,3351479.455,-0.722,0.245,0.098,-0.640,0,0,14,0,0,0,0,153,53,1.259,1,2182,0,319.041,25.543,151.750,280.563,6.625,1.570,0.227,3.070,-0.465,-25.539,11.555,3.424,3.848,1.094,1.423,0,NULL,NULL,,3,0,2,7,255,1143,250,0,0
stim,124038,154159,0,154159,3351484.454,-0.719,0.255,0.103,-0.638,0,0,16,0,0,0,0,173,53,1.259,1,2182,0,288.058,27.707,111.125,265.750,2.375,1.875,0.133,2.910,0.012,-27.707,9.742,3.378,3.802,1.094,1.423,0,NULL,NULL,,3,0,2,7,255,1143,250,0,0
stim,124038,154159,0,154159,3351489.455,-0.717,0.265,0.109,-0.635,0,0,13,0,0,0,0,203,53,1.259,1,2182,0,260.885,30.070,70.625,250.750,14.063,2.133,-0.125,2.594,0.012,-30.070,6.102,3.320,3.746,1.094,1.423,0,NULL,NULL,,3,0,2,7,255,1143,250,0,0
stim,124061,154182,0,154182,3351494.453,-0.717,0.273,0.115,-0.632,0,0,16,0,0,0,0,223,53,1.259,1,2182,0,239.884,30.457,42.125,233.750,33.625,2.277,-0.391,2.148,-1.547,-30.418,1.066,3.250,3.680,1.094,1.423,0,NULL,NULL,,3,0,2,7,255,1143,250,0,0
stim,124061,154182,0,154182,3351499.455,-0.716,0.280,0.120,-0.628,0,0,19,0,0,0,0,251,53,1.259,1,2182,0,223.600,30.570,40.250,214.813,47.250,2.379,-0.594,1.719,-3.043,-30.418,-4.500,3.170,3.602,1.094,1.423,0,NULL,NULL,,3,0,2,7,255,1143,250,0,0
stim,124092,154213,0,154213,3351504.453,-0.716,0.288,0.124,-0.624,0,0,16,0,0,0,0,269,53,1.259,1,2182,0,211.626,29.426,63.625,194.250,54.813,2.488,-0.766,1.434,-4.031,-29.148,-9.492,3.082,3.514,1.094,1.423,0,NULL,NULL,,3,0,2,7,255,1143,250,0,0
stim,124092,154213,0,154213,3351509.455,-0.715,0.296,0.126,-0.621,0,0,15,0,0,0,0,269,53,1.259,1,2182,0,206.684,29.257,95.000,171.875,64.438,2.582,-0.887,1.336,-4.898,-28.844,-13.230,2.984,3.418,1.094,1.423,0,NULL,NULL,,3,0,2,7,255,1143,250,0,0
stim,124092,154213,0,154213,3351514.454,-0.714,0.305,0.127,-0.617,0,0,19,0,0,0,0,279,53,1.259,1,2182,0,221.879,29.014,130.063,163.625,74.438,2.547,-0.691,1.324,-4.898,-28.598,-15.180,2.882,3.316,1.094,1.423,0,NULL,NULL,,3,0,2,7,255,1143,250,0,0
stim,124092,154213,0,154213,3351519.455,-0.714,0.312,0.126,-0.614,0,0,17,0,0,0,0,298,53,1.259,1,2182,0,191.265,29.378,129.063,117.938,77.563,2.840,-1.254,1.758,-5.578,-28.844,-15.281,2.770,3.204,1.094,1.423,0,NULL,NULL,,3,0,2,7,255,1143,250,0,0
stim,124092,154213,0,154213,3351524.453,-0.715,0.319,0.125,-0.610,0,0,20,0,0,0,0,308,53,1.259,1,2182,0,182.033,33.662,103.000,107.125,105.125,2.766,-1.367,1.676,-8.926,-32.457,-15.324,2.648,3.084,1.094,1.423,0,NULL,NULL,,3,0,2,7,255,1143,250,0,0
stim,124092,154213,0,154213,3351529.455,-0.715,0.325,0.124,-0.607,0,0,14,0,11,0,0,309,53,1.259,1,2182,0,161.562,33.774,103.750,83.188,91.750,2.625,-1.328,1.555,-9.340,-32.457,-16.270,2.522,2.958,1.094,1.423,0,NULL,NULL,,3,0,2,7,255,1143,250,0,0
stim,124092,154213,0,154213,3351534.453,-0.715,0.331,0.121,-0.604,0,0,17,0,11,0,0,311,53,1.259,1,2182,0,163.997,33.088,126.063,59.063,86.688,2.766,-1.445,1.535,-9.805,-31.602,-16.613,2.390,2.826,1.094,1.423,0,NULL,NULL,,3,0,2,7,255,1143,250,0,0
stim,124092,154213,0,154213,3351539.455,-0.715,0.337,0.117,-0.601,0,0,17,0,23,0,0,311,53,1.259,1,2182,0,172.252,33.131,145.313,30.875,87.188,2.625,-1.441,1.848,-9.949,-31.602,-16.613,2.256,2.690,1.094,1.423,0,NULL,NULL,,3,0,2,7,255,1143,250,0,0
stim,124092,154213,0,154213,3351544.454,-0.715,0.341,0.113,-0.599,0,0,21,0,21,0,0,313,53,1.259,1,2182,0,129.276,33.873,106.000,0.563,74.000,2.477,-1.148,2.480,-9.949,-32.379,-15.348,2.120,2.554,1.094,1.423,0,NULL,NULL,,3,0,2,7,255,1143,250,0,0
stim,124092,154213,0,154213,3351549.455,-0.716,0.342,0.111,-0.598,0,0,17,0,9,0,0,314,53,1.259,1,2182,0,76.439,35.104,47.813,-24.500,54.375,2.418,-1.469,2.270,-10.785,-33.406,-11.363,1.980,2.414,1.094,1.423,0,NULL,NULL,,3,0,2,7,255,1143,250,0,0
stim,124122,154243,0,154243,3351554.454,-0.717,0.342,0.107,-0.598,0,0,17,0,0,0,0,307,53,1.259,1,2182,0,78.181,34.955,42.563,-53.625,37.750,2.160,-1.176,2.230,-10.289,-33.406,-9.156,1.838,2.268,1.094,1.423,0,NULL,NULL,,3,0,2,7,255,1143,250,0,0
stim,124122,154243,0,154243,3351559.455,-0.717,0.341,0.104,-0.599,0,0,11,0,0,0,0,301,53,1.259,1,2182,0,85.475,32.615,26.625,-80.500,10.813,2.023,-0.707,2.406,-10.289,-30.949,-9.156,1.692,2.118,1.094,1.423,0,NULL,NULL,,3,0,2,7,255,1143,250,0,0
stim,124122,154243,0,154243,3351564.453,-0.718,0.337,0.101,-0.601,0,0,6,0,0,0,0,293,53,1.259,1,2182,0,105.981,31.418,-21.438,-102.875,-13.750,1.836,-0.625,2.598,-7.066,-30.613,-5.375,1.540,1.964,1.094,1.423,0,NULL,NULL,,3,0,2,7,255,1143,250,0,0
stim,124122,154243,0,154243,3351569.455,-0.718,0.331,0.100,-0.603,0,0,5,23,0,0,0,490,53,1.259,1,2182,0,154.084,30.966,-83.688,-120.875,-46.125,1.586,-0.723,2.465,-7.066,-30.148,-2.395,1.388,1.808,1.094,1.423,0,NULL,NULL,,3,0,2,7,255,1143,250,0,0
stim,124144,154265,0,154265,3351574.454,-0.722,0.332,0.087,-0.601,511,0,0,917,0,84,0,598,53,1.259,1,2182,0,324.649,28.653,159.438,-211.375,187.875,-0.539,-1.270,4.383,-8.320,-27.418,-1.996,1.234,1.648,1.094,1.423,0,NULL,NULL,,3,0,2,7,255,1143,250,0,0
stim,124144,154265,0,154265,3351579.455,-0.740,0.326,0.073,-0.583,1171,0,0,1461,0,409,0,604,53,1.259,1,2182,0,670.331,23.273,-78.000,-218.938,628.750,-1.441,3.164,5.688,-8.320,-21.734,21.918,1.078,1.486,1.094,1.423,0,NULL,NULL,,3,0,2,7,255,1143,250,0,0
stim,124144,154265,0,154265,3351584.454,-0.760,0.300,0.085,-0.571,1694,0,0,1828,0,611,0,651,53,1.259,1,2182,0,847.399,19.339,-770.688,-103.563,336.750,-2.113,3.652,2.469,10.504,-16.238,31.648,0.922,1.322,1.094,1.423,0,NULL,NULL,,3,0,2,7,255,1143,250,0,0
stim,124144,154265,0,154265,3351589.455,-0.770,0.274,0.099,-0.567,2086,0,0,2001,0,853,0,717,53,1.259,1,2183,0,723.279,17.131,-714.313,-102.563,48.688,-2.824,2.398,-0.953,13.727,10.250,31.648,0.774,1.158,1.094,1.423,1,1133.000,-10.000,,3,0,2,7,255,1143,250,0,0
stim,124144,154265,0,154265,3351594.453,-0.773,0.258,0.107,-0.569,2269,0,0,2105,0,1033,0,783,53,1.259,1,2183,0,403.756,33.964,-389.750,-76.000,-73.063,-2.066,1.969,-1.957,13.727,31.066,1.848,0.636,0.994,1.094,1.423,1,NULL,NULL,,3,0,2,7,255,1143,250,0,0
stim,124144,154265,0,154265,3351599.455,-0.771,0.253,0.105,-0.575,2475,0,0,2287,0,1223,0,869,53,1.259,1,2183,0,191.789,33.772,-32.750,-118.750,-147.000,-0.293,0.859,-0.121,13.246,31.066,-7.480,0.516,0.832,1.094,1.423,1,NULL,NULL,,3,0,2,7,255,1143,250,0,0
stim,124188,154309,0,154309,3351604.453,-0.771,0.251,0.101,-0.576,2641,0,0,2487,0,1260,0,909,53,1.259,1,2183,0,114.695,8.558,-1.563,-114.125,-11.313,0.297,0.625,1.320,7.059,4.840,-7.480,0.434,0.668,1.094,1.423,1,NULL,NULL,,3,0,2,7,255,1143,250,0,0
stim,124188,154309,0,154309,3351609.455,-0.779,0.242,0.097,-0.570,2743,0,0,2631,0,1271,0,959,53,1.259,1,2183,0,321.177,6.265,-166.813,-182.000,205.438,-0.973,0.496,1.223,5.266,3.395,1.512,0.414,0.516,1.094,1.423,2,NULL,NULL,,3,0,2,7,255,1143,250,0,0
stim,124188,154309,0,154309,3351614.454,-0.786,0.227,0.097,-0.566,2833,0,0,2728,0,1285,0,1033,53,1.259,1,2183,0,376.278,3.401,-299.125,-187.250,130.563,-2.281,-0.039,0.617,0.203,3.395,4.637,0.452,0.406,1.094,1.423,2,NULL,NULL,,3,0,2,7,255,1143,250,0,0
stim,124188,154309,0,154309,3351619.455,-0.787,0.213,0.098,-0.570,2889,0,0,2807,0,1253,0,1108,53,1.259,1,2183,0,350.572,18.083,-273.438,-196.938,-96.688,-2.141,-0.418,-0.047,-8.492,15.965,4.637,0.504,0.370,1.094,1.423,2,NULL,NULL,,3,0,2,7,255,1143,250,0,0
stim,124188,154309,0,154309,3351624.453,-0.784,0.201,0.097,-0.579,2935,0,0,2890,0,1245,0,1200,53,1.259,1,2183,0,348.263,18.596,-159.875,-203.063,-233.438,-0.625,-0.805,0.125,-9.535,15.965,-2.676,0.534,0.394,1.094,1.423,2,NULL,NULL,,3,0,2,7,255,1143,250,0,0
stim,124188,154309,0,154309,3351629.455,-0.780,0.193,0.093,-0.588,2982,0,0,2950,0,1263,0,1287,53,1.259,1,2183,0,301.439,11.126,-62.750,-193.375,-222.563,0.664,-1.297,0.910,-10.793,2.703,-6.156,0.542,0.440,1.094,1.423,2,NULL,NULL,,3,0,2,7,255,1143,250,0,0
stim,124188,154309,0,154309,3351634.453,-0.778,0.187,0.089,-0.593,3029,0,0,3005,0,1317,0,1318,53,1.259,1,2183,0,203.518,16.541,-27.125,-170.313,-108.063,1.535,-1.559,1.344,-10.793,-12.535,-6.156,0.550,0.472,1.094,1.423,2,NULL,NULL,,3,0,2,7,255,1143,250,0,0
stim,124188,154309,0,154309,3351639.456,-0.780,0.182,0.084,-0.592,3043,0,0,3055,0,1378,0,1343,53,1.259,1,2183,0,171.740,24.885,-37.125,-161.563,44.875,1.652,-1.836,1.543,-11.191,-22.227,-5.535,0.562,0.494,1.094,1.423,2,NULL,NULL,,3,0,2,7,255,1143,250,0,0
stim,124211,154332,0,154332,3351644.454,-0.787,0.176,0.080,-0.586,3065,0,0,3087,0,1450,0,1343,53,1.259,1,2183,0,258.517,26.023,-83.750,-148.688,194.188,0.918,-1.676,1.355,-13.535,-22.227,-4.238,0.570,0.508,1.094,1.423,2,NULL,NULL,,3,0,2,7,255,1143,250,0,0
stim,124211,154332,0,154332,3351649.455,-0.795,0.170,0.076,-0.578,3083,0,0,3115,0,1529,0,1366,53,1.259,1,2183,0,313.056,21.926,-101.188,-142.688,259.625,-0.199,-0.836,0.801,-13.535,-17.250,-3.102,0.556,0.516,1.094,1.423,2,NULL,NULL,,3,0,2,7,255,1143,250,0,0
stim,124211,154332,0,154332,3351654.454,-0.801,0.165,0.071,-0.571,3107,0,0,3127,0,1660,0,1415,53,1.259,1,2183,0,284.230,9.474,-68.750,-150.375,231.188,-0.895,-0.133,0.602,-8.844,-3.398,-2.969,0.520,0.514,1.094,1.423,2,NULL,NULL,,3,0,2,7,255,1143,250,0,0
stim,124211,154332,0,154332,3351659.455,-0.806,0.160,0.065,-0.566,3103,0,0,3147,0,1788,0,1465,53,1.259,1,2183,0,221.147,7.046,-31.250,-157.500,152.063,-1.020,0.309,0.875,-4.551,5.379,-1.813,0.470,0.506,1.094,1.423,2,NULL,NULL,,3,0,2,7,255,1143,250,0,0
stim,124235,154356,0,154356,3351664.453,-0.808,0.156,0.060,-0.565,3110,0,0,3155,0,1882,20,1571,53,1.259,1,2183,0,171.892,5.508,-20.188,-156.438,68.313,-0.660,0.543,1.266,-1.188,5.379,1.633,0.426,0.490,1.094,1.423,2,NULL,NULL,,3,0,2,7,255,1143,250,0,0
stim,124235,154356,0,154356,3351669.455,-0.810,0.151,0.055,-0.565,3127,0,0,3175,0,1997,39,1657,53,1.259,1,2183,0,153.009,4.086,-33.500,-147.813,21.000,-0.195,0.652,1.410,1.945,3.594,4.570,0.398,0.454,1.094,1.423,2,NULL,NULL,,3,0,2,7,255,1143,250,0,0
stim,124235,154356,0,154356,3351674.454,-0.810,0.146,0.052,-0.565,3116,0,0,3164,0,2083,83,1717,53,1.259,1,2183,0,146.919,3.072,-60.063,-134.063,2.250,0.063,0.402,1.465,3.051,-0.363,4.570,0.392,0.394,1.094,1.423,2,NULL,NULL,,3,0,2,7,255,1143,250,0,0
stim,124235,154356,0,154356,3351679.455,-0.811,0.139,0.050,-0.565,3129,0,0,3179,13,2153,103,1778,53,1.259,1,2183,0,154.700,4.579,-98.563,-119.188,3.438,0.160,-0.078,1.344,3.051,-3.414,4.367,0.402,0.326,1.094,1.423,2,NULL,NULL,,3,0,2,7,255,1143,250,0,0
stim,124235,154356,0,154356,3351684.454,-0.813,0.133,0.049,-0.565,3131,0,0,3171,197,2227,145,1881,53,1.259,1,2183,0,156.632,5.198,-114.500,-106.313,11.000,0.129,-0.398,1.020,-0.867,-5.125,2.359,0.414,0.262,1.094,1.423,2,NULL,NULL,,3,0,2,7,255,1143,250,0,0
stim,124235,154356,0,154356,3351689.455,-0.814,0.127,0.048,-0.565,3129,0,0,3171,399,2281,277,1977,53,1.259,1,2183,0,132.464,6.330,-87.313,-98.313,16.063,0.063,-0.418,0.848,-3.715,-5.125,-0.969,0.420,0.212,1.094,1.423,2,NULL,NULL,,3,0,2,7,255,1143,250,0,0
stim,124295,154416,0,154416,3351694.453,-0.814,0.125,0.046,-0.565,3135,0,0,3181,580,2329,280,2069,53,1.259,1,2183,0,75.616,6.330,-22.625,-71.875,-6.313,0.105,-0.215,1.438,-3.715,-5.125,-0.969,0.420,0.182,1.094,1.423,2,NULL,NULL,,3,0,2,7,255,1143,250,0,0
stim,124295,154416,0,154416,3351699.455,-0.813,0.123,0.045,-0.567,3131,0,0,3187,763,2349,293,2123,53,1.259,1,2183,0,59.171,5.528,-22.750,-42.500,-34.313,0.332,0.309,1.293,-2.211,-5.066,2.160,0.420,0.168,1.094,1.423,2,NULL,NULL,,3,0,2,7,255,1143,250,0,0
stim,124295,154416,0,154416,3351704.453,-0.813,0.122,0.043,-0.567,3139,0,0,3177,903,2385,311,2141,53,1.259,1,2183,0,46.077,6.112,0.688,-43.250,-15.875,0.484,0.945,1.090,3.418,-5.066,2.160,0.420,0.160,1.094,1.423,2,NULL,NULL,,3,0,2,7,255,1143,250,0,0
stim,124295,154416,0,154416,3351709.455,-0.814,0.121,0.042,-0.567,3132,0,0,3173,999,2407,317,2219,53,1.259,1,2183,0,32.608,5.129,-6.875,-28.125,15.000,-0.004,0.324,1.582,3.418,-3.824,2.160,0.428,0.150,1.094,1.423,2,NULL,NULL,,3,0,2,7,255,1143,250,0,0
stim,124295,154416,0,154416,3351714.454,-0.814,0.117,0.044,-0.567,3127,0,0,3174,1114,2437,329,2263,53,1.259,1,2183,0,94.717,3.457,-92.375,-20.813,-2.250,-0.488,0.004,1.406,2.254,-2.621,4.590,0.438,0.140,1.094,1.423,2,NULL,NULL,,3,0,2,7,255,1143,250,0,0
stim,124295,154416,0,154416,3351719.455,-0.813,0.113,0.046,-0.569,3143,0,0,3181,1192,2447,326,2311,53,1.259,1,2183,0,119.491,1.980,-98.813,-14.688,-65.563,-0.367,0.340,0.762,1.613,1.148,4.590,0.456,0.126,1.094,1.423,2,NULL,NULL,,3,0,2,7,255,1143,250,0,0
stim,124295,154416,0,154416,3351724.454,-0.811,0.111,0.047,-0.573,3133,9,0,3179,1271,2457,333,2343,53,1.259,1,2183,0,106.413,1.980,-36.500,-11.875,-99.250,0.078,0.191,0.762,1.613,1.148,-1.492,0.476,0.112,1.094,1.423,2,NULL,NULL,,3,0,2,7,255,1143,250,0,0
stim,124295,154416,0,154416,3351729.455,-0.809,0.110,0.047,-0.575,3130,23,0,3175,1332,2475,342,2367,53,1.259,1,2183,0,71.891,2.435,-13.563,-12.063,-69.563,0.297,0.008,1.133,1.613,-1.824,-1.492,0.498,0.096,1.094,1.423,2,NULL,NULL,,3,0,2,7,255,1143,250,0,0
stim,124295,154416,0,154416,3351734.453,-0.809,0.108,0.048,-0.576,3131,43,0,3176,1400,2487,363,2387,53,1.259,1,2183,0,49.666,3.771,-41.188,-9.875,-25.938,0.129,0.125,1.246,1.258,-3.555,0.406,0.518,0.078,1.094,1.423,2,NULL,NULL,,3,0,2,7,255,1143,250,0,0
stim,124295,154416,0,154416,3351739.455,-0.809,0.106,0.049,-0.577,3148,58,0,3179,1454,2485,364,2413,53,1.259,1,2183,0,69.033,3.771,-66.625,-5.188,-17.313,-0.109,0.215,1.070,1.258,-3.555,0.836,0.536,0.064,1.094,1.423,2,NULL,NULL,,3,0,2,7,255,1143,250,0,0
stim,124295,154416,0,154416,3351744.453,-0.808,0.104,0.051,-0.578,3133,69,0,3182,1515,2492,377,2431,53,1.259,1,2183,0,70.290,1.439,-57.563,-3.500,-40.188,-0.168,0.168,0.930,1.258,-0.699,0.836,0.548,0.054,1.094,1.423,2,NULL,NULL,,3,0,2,7,255,1143,250,0,0
stim,124295,154416,0,154416,3351749.455,-0.807,0.102,0.051,-0.580,3135,101,0,3192,1568,2505,389,2449,53,1.259,1,2183,0,64.208,1.096,-35.938,-1.500,-53.188,-0.027,0.074,0.961,0.844,-0.699,-0.461,0.556,0.048,1.094,1.423,2,NULL,NULL,,3,0,2,7,255,1143,250,0,0
stim,124295,154416,0,154416,3351754.454,-0.806,0.101,0.052,-0.581,3141,115,0,3194,1588,2519,383,2451,53,1.259,1,2183,0,48.563,1.738,-28.250,-0.188,-39.500,0.051,0.066,1.063,0.637,-1.617,-0.461,0.564,0.044,1.094,1.423,2,NULL,NULL,,3,0,2,7,255,1143,250,0,0
stim,124323,154444,0,154444,3351759.455,-0.806,0.099,0.053,-0.582,3135,123,0,3189,1608,2516,382,2453,53,1.259,1,2183,0,40.507,1.738,-35.125,1.438,-20.125,-0.059,0.113,1.098,0.637,-1.617,0.305,0.570,0.038,1.094,1.423,2,NULL,NULL,,3,0,2,7,255,1143,250,0,0
stim,124323,154444,0,154444,3351764.453,-0.805,0.098,0.054,-0.582,3133,147,4,3191,1639,2523,383,2453,53,1.259,1,2183,0,48.017,1.630,-44.063,2.813,-18.875,-0.172,0.102,1.051,0.637,-1.500,0.648,0.578,0.034,1.094,1.423,2,NULL,NULL,,3,0,2,7,255,1143,250,0,0
stim,124323,154444,0,154444,3351769.455,-0.805,0.096,0.055,-0.583,3145,155,9,3183,1672,2531,389,2467,53,1.259,1,2183,0,50.108,0.651,-42.250,3.188,-26.750,-0.164,0.008,0.973,0.340,-0.555,0.648,0.586,0.028,1.094,1.423,2,NULL,NULL,,3,0,2,7,255,1143,250,0,0
stim,124323,154444,0,154444,3351774.454,-0.804,0.095,0.056,-0.584,3131,173,22,3188,1701,2537,383,2471,53,1.259,1,2183,0,41.923,0.719,-32.438,1.750,-26.500,-0.117,-0.063,0.945,-0.457,-0.555,-0.176,0.592,0.022,1.094,1.423,2,NULL,NULL,,3,0,2,7,255,1143,250,0,0
stim,124323,154444,0,154444,3351779.455,-0.804,0.094,0.057,-0.585,3127,175,37,3189,1719,2531,388,2467,53,1.259,1,2183,0,31.243,1.458,-23.625,0.563,-20.438,-0.125,-0.082,0.969,-0.938,-1.117,-0.305,0.600,0.016,1.094,1.423,2,NULL,NULL,,3,0,2,7,255,1143,250,0,0
stim,124355,154476,0,154476,3351784.454,-0.804,0.093,0.058,-0.585,3131,183,28,3181,1726,2535,379,2475,53,1.259,1,2183,0,26.290,1.505,-20.250,-0.750,-16.750,-0.160,-0.063,0.988,-1.008,-1.117,-0.305,0.608,0.010,1.094,1.423,2,NULL,NULL,,3,0,2,7,255,1143,250,0,0
stim,124355,154476,0,154476,3351789.455,-0.803,0.092,0.058,-0.586,3131,175,61,3188,1743,2536,377,2476,53,1.259,1,2183,0,25.002,1.384,-18.875,-2.188,-16.250,-0.180,-0.082,0.965,-1.117,-0.816,-0.242,0.614,0.004,1.094,1.423,2,NULL,NULL,,3,0,2,7,255,1143,250,0,0
stim,124355,154476,0,154476,3351794.454,-0.803,0.091,0.059,-0.586,3116,183,84,3177,1751,2539,368,2453,53,1.259,1,2183,0,22.171,1.440,-15.813,-4.063,-15.000,-0.176,-0.125,0.938,-1.250,-0.715,-0.242,0.000,0.000,1.094,1.423,2,NULL,NULL,,3,0,2,7,255,1143,250,0,0
stim,124355,154476,0,154476,3351799.455,-0.803,0.090,0.059,-0.587,3108,181,100,3186,1761,2535,365,2485,53,1.203,1,2183,1,17.619,1.695,-9.563,-6.063,-13.500,-0.176,-0.121,0.918,-1.566,-0.648,-0.543,0.000,0.000,1.058,1.395,2,NULL,NULL,,3,0,2,7,255,1143,250,0,0
stim,124408,154529,0,154529,3351804.454,-0.802,0.090,0.059,-0.587,3096,183,135,3167,1771,2525,363,2493,53,1.203,1,2183,1,15.483,1.701,-2.813,-7.500,-13.250,-0.164,-0.074,0.938,-1.566,-0.664,-0.543,0.006,0.002,1.058,1.395,2,NULL,NULL,,3,0,2,7,255,1143,250,0,0
stim,124408,154529,0,154529,3351809.455,-0.802,0.090,0.058,-0.588,3095,171,138,3159,1784,2523,357,2490,53,1.203,1,2183,1,15.122,1.273,0.313,-8.125,-12.750,-0.141,-0.035,0.973,-1.086,-0.664,-0.523,0.010,0.004,1.058,1.395,2,NULL,NULL,,3,0,2,7,255,1143,250,0,0
stim,124408,154529,0,154529,3351814.454,-0.802,0.089,0.058,-0.588,3097,167,138,3156,1799,2523,349,2505,53,1.203,1,2183,1,13.589,1.055,0.125,-8.063,-10.938,-0.121,-0.008,0.988,-0.668,-0.816,-0.219,0.014,0.006,1.058,1.395,2,NULL,NULL,,3,0,2,7,255,1143,250,0,0
stim,124408,154529,0,154529,3351819.455,-0.802,0.089,0.058,-0.588,3093,160,170,3150,1815,2524,353,2505,53,1.203,1,2183,1,12.157,0.890,0.250,-8.688,-8.500,-0.145,0.023,0.984,-0.355,-0.816,-0.094,0.020,0.008,1.058,1.395,2,NULL,NULL,,3,0,2,7,255,1143,250,0,0
stim,124408,154529,0,154529,3351824.454,-0.801,0.089,0.057,-0.589,3066,167,188,3131,1833,2520,353,2515,53,1.203,1,2183,1,13.254,0.639,2.063,-8.875,-9.625,-0.176,0.082,0.996,-0.113,-0.629,-0.082,0.024,0.010,1.058,1.395,2,NULL,NULL,,3,0,2,7,255,1143,250,0,0
stim,124408,154529,1,154529,3351829.455,-0.801,0.089,0.057,-0.589,3063,171,223,3119,1854,2519,343,2522,53,1.203,1,2183,1,16.571,0.371,2.000,-9.125,-13.688,-0.191,0.121,1.020,0.320,-0.188,0.113,0.028,0.014,1.058,1.395,2,NULL,NULL,,3,1,2,7,255,1143,250,0,0
stim,124408,154529,1,154529,3351834.454,-0.801,0.088,0.057,-0.590,3051,169,267,3107,1877,2511,347,2529,53,1.203,1,2183,1,19.908,0.668,-1.125,-9.188,-17.625,-0.184,0.133,1.035,0.668,-0.008,0.410,0.034,0.016,1.058,1.395,2,NULL,NULL,,3,1,2,7,255,1143,250,0,0
stim,124408,154529,1,154529,3351839.455,-0.800,0.088,0.056,-0.591,3032,169,308,3096,1903,2509,359,2525,53,1.203,1,2183,1,22.340,0.668,-4.875,-9.750,-19.500,-0.184,0.113,1.023,0.668,-0.008,0.434,0.038,0.020,1.058,1.395,2,NULL,NULL,,3,1,2,7,255,1143,250,0,0
stim,124408,154529,1,154529,3351844.453,-0.800,0.087,0.056,-0.591,3015,167,324,3083,1933,2507,381,2535,53,1.203,1,2183,1,25.155,0.590,-6.313,-10.438,-22.000,-0.188,0.102,1.004,0.590,-0.020,0.434,0.044,0.024,1.058,1.395,2,NULL,NULL,,3,1,2,7,255,1143,250,0,0
stim,124408,154529,1,154529,3351849.455,-0.799,0.087,0.056,-0.592,3000,169,391,3059,1975,2509,420,2541,53,1.203,1,2183,1,27.493,0.592,-4.125,-11.375,-24.688,-0.176,0.121,1.000,0.590,-0.047,0.234,0.048,0.030,1.058,1.395,2,NULL,NULL,,3,1,2,7,255,1143,250,0,0
stim,124408,154529,1,154529,3351854.454,-0.798,0.086,0.056,-0.593,2983,181,445,3043,2007,2503,459,2547,53,1.203,1,2183,1,29.442,0.717,-2.063,-12.125,-26.750,-0.148,0.168,1.020,0.715,-0.051,0.234,0.052,0.034,1.058,1.395,2,NULL,NULL,,3,1,2,7,255,1143,250,0,0
stim,124408,154529,1,154529,3351859.455,-0.798,0.086,0.055,-0.594,2962,186,525,3028,2035,2509,477,2567,53,1.203,1,2183,1,28.981,1.257,-3.313,-12.625,-25.875,-0.129,0.195,1.043,1.242,-0.191,0.340,0.056,0.036,1.058,1.395,2,NULL,NULL,,3,1,2,7,255,1143,250,0,0
stim,124429,154550,1,154550,3351864.454,-0.797,0.085,0.055,-0.595,2937,199,651,3007,2084,2510,522,2581,53,1.203,1,2183,1,27.900,1.326,-8.750,-12.813,-23.188,-0.133,0.172,1.039,1.289,-0.313,0.508,0.058,0.040,1.058,1.395,2,NULL,NULL,,3,1,2,7,255,1143,250,0,0
stim,124429,154550,1,154550,3351869.455,-0.797,0.085,0.055,-0.596,2913,214,713,2991,2129,2515,582,2589,53,1.203,1,2183,1,28.564,1.326,-12.250,-13.688,-21.875,-0.148,0.129,0.992,1.289,-0.313,0.508,0.060,0.040,1.058,1.395,2,NULL,NULL,,3,1,2,7,255,1143,250,0,0
stim,124429,154550,1,154550,3351874.454,-0.796,0.084,0.054,-0.596,2891,229,777,2975,2196,2517,621,2611,53,1.203,1,2183,1,27.775,0.877,-10.375,-14.750,-21.125,-0.156,0.109,0.965,0.852,-0.211,0.070,0.060,0.040,1.058,1.395,2,NULL,NULL,,3,1,2,7,255,1143,250,0,0
stim,124429,154550,1,154550,3351879.457,-0.796,0.083,0.054,-0.597,2861,253,903,2956,2257,2518,663,2630,53,1.203,1,2183,1,28.967,0.766,-6.750,-15.438,-23.563,-0.160,0.121,0.961,0.758,-0.113,-0.188,0.060,0.038,1.058,1.395,2,NULL,NULL,,3,1,2,7,255,1143,250,0,0
stim,124451,154572,1,154572,3351884.453,-0.795,0.083,0.053,-0.598,2837,254,1015,2937,2311,2519,768,2628,53,1.203,1,2183,1,31.216,0.766,-2.938,-16.438,-26.375,-0.152,0.125,0.988,0.758,-0.113,-0.188,0.060,0.038,1.058,1.395,2,NULL,NULL,,3,1,2,7,255,1143,250,0,0
stim,124451,154572,1,154572,3351889.455,-0.795,0.082,0.053,-0.599,2799,263,1157,2915,2347,2520,871,2655,53,1.203,1,2183,1,31.141,0.793,-5.063,-16.375,-26.000,-0.160,0.121,1.031,0.781,-0.137,0.023,0.060,0.036,1.058,1.395,2,NULL,NULL,,3,1,2,7,255,1143,250,0,0
stim,124451,154572,1,154572,3351894.454,-0.794,0.081,0.053,-0.600,2773,279,1242,2893,2385,2521,979,2666,53,1.203,1,2183,1,37.954,0.793,-10.750,-15.625,-32.875,-0.160,0.094,1.027,0.781,-0.137,0.410,0.062,0.034,1.058,1.395,2,NULL,NULL,,3,1,2,7,255,1143,250,0,0
stim,124451,154572,1,154572,3351899.455,-0.793,0.080,0.053,-0.601,2741,282,1339,2871,2425,2521,1079,2679,53,1.203,1,2183,1,41.623,0.556,-14.188,-15.188,-36.063,-0.145,0.043,1.000,0.523,-0.188,0.410,0.062,0.032,1.058,1.395,2,NULL,NULL,,3,1,2,7,255,1143,250,0,0
stim,124489,154610,1,154610,3351904.454,-0.792,0.079,0.053,-0.603,2707,286,1483,2856,2461,2523,1177,2693,53,1.203,1,2183,1,46.903,0.423,-16.375,-15.000,-41.313,-0.121,0.000,0.984,0.102,-0.410,0.086,0.062,0.028,1.058,1.395,2,NULL,NULL,,3,1,2,7,255,1143,250,0,0
stim,124489,154610,1,154610,3351909.456,-0.791,0.078,0.053,-0.604,2667,297,1595,2837,2492,2524,1273,2707,53,1.203,1,2183,1,47.136,0.677,-18.625,-14.813,-40.688,-0.137,-0.063,0.965,-0.230,-0.637,-0.125,0.062,0.024,1.058,1.395,2,NULL,NULL,,3,1,2,7,255,1143,250,0,0
stim,124489,154610,1,154610,3351914.454,-0.790,0.076,0.053,-0.606,2612,325,1699,2809,2525,2526,1382,2719,53,1.203,1,2183,1,51.757,1.082,-21.000,-15.875,-44.563,-0.109,-0.074,0.957,-0.836,-0.688,-0.270,0.062,0.020,1.058,1.395,2,NULL,NULL,,3,1,2,7,255,1143,250,0,0
stim,124489,154610,1,154610,3351919.455,-0.789,0.075,0.053,-0.607,2571,329,1809,2789,2557,2525,1485,2732,53,1.203,1,2183,1,47.726,1.082,-19.688,-17.750,-39.688,-0.145,-0.113,0.926,-0.875,-0.637,-0.414,0.062,0.016,1.058,1.395,2,NULL,NULL,,3,1,2,7,255,1143,250,0,0
stim,124489,154610,1,154610,3351924.453,-0.788,0.073,0.053,-0.609,2517,329,1895,2771,2599,2531,1591,2745,53,1.203,1,2183,1,49.591,1.202,-18.250,-17.125,-42.813,-0.129,-0.086,0.926,-1.004,-0.660,-0.648,0.062,0.012,1.058,1.395,2,NULL,NULL,,3,1,2,7,255,1143,250,0,0
stim,124489,154610,1,154610,3351929.455,-0.787,0.072,0.053,-0.610,2469,339,1979,2740,2620,2531,1653,2763,53,1.203,1,2183,1,40.661,1.202,-11.063,-20.625,-33.250,-0.109,-0.031,0.941,-1.004,-0.660,-0.648,0.062,0.012,1.058,1.395,2,NULL,NULL,,3,1,2,7,255,1143,250,0,0
stim,124489,154610,1,154610,3351934.454,-0.787,0.071,0.052,-0.611,2410,347,2075,2709,2649,2535,1741,2775,53,1.203,1,2183,1,39.121,0.786,-7.688,-19.125,-33.250,-0.176,-0.012,0.992,-0.426,-0.660,-0.563,0.064,0.012,1.058,1.395,2,NULL,NULL,,3,1,2,7,255,1143,250,0,0
stim,124489,154610,1,154610,3351939.455,-0.786,0.070,0.052,-0.612,2342,357,2175,2665,2671,2535,1827,2789,53,1.203,1,2183,1,45.140,0.469,-14.688,-21.063,-37.125,-0.156,0.020,1.059,-0.363,-0.297,0.051,0.066,0.014,1.058,1.395,2,NULL,NULL,,3,1,2,7,255,1143,250,0,0
stim,124512,154633,1,154633,3351944.453,-0.785,0.069,0.052,-0.614,2269,366,2251,2641,2701,2539,1900,2799,53,1.203,1,2183,1,53.422,0.102,-27.063,-23.375,-39.688,-0.172,0.055,1.059,0.004,-0.102,0.672,0.068,0.014,1.058,1.395,2,NULL,NULL,,3,1,2,7,255,1143,250,0,0
stim,124512,154633,1,154633,3351949.455,-0.784,0.067,0.052,-0.615,2189,373,2318,2591,2719,2540,1967,2810,53,1.203,1,2183,1,67.635,0.297,-37.688,-22.688,-51.375,-0.145,-0.020,1.047,0.004,-0.297,0.672,0.070,0.014,1.058,1.395,2,NULL,NULL,,3,1,2,7,255,1143,250,0,0
stim,124512,154633,1,154633,3351954.453,-0.782,0.064,0.052,-0.617,2116,373,2379,2547,2743,2543,2040,2827,53,1.203,1,2183,1,69.070,0.491,-37.625,-22.938,-53.188,-0.066,-0.055,0.953,-0.293,-0.395,0.527,0.074,0.012,1.058,1.395,2,NULL,NULL,,3,1,2,7,255,1143,250,0,0
stim,124512,154633,1,154633,3351959.455,-0.781,0.062,0.052,-0.619,2027,377,2426,2492,2760,2541,2104,2840,53,1.203,1,2183,1,55.525,1.095,-27.188,-23.188,-42.500,-0.004,-0.023,0.934,-0.293,-1.055,-0.500,0.078,0.012,1.058,1.395,2,NULL,NULL,,3,1,2,7,255,1143,250,0,0
stim,124533,154654,1,154654,3351964.454,-0.781,0.061,0.052,-0.620,1951,373,2479,2451,2777,2543,2167,2851,53,1.203,1,2183,1,39.554,1.504,-18.375,-22.313,-27.000,0.012,-0.027,0.953,-0.008,-1.504,-0.594,0.080,0.012,1.058,1.395,2,NULL,NULL,,3,1,2,7,255,1143,250,0,0
stim,124533,154654,1,154654,3351969.455,-0.781,0.060,0.052,-0.620,1867,373,2520,2389,2795,2543,2227,2863,53,1.203,1,2183,1,31.534,1.504,-16.063,-22.938,-14.500,-0.098,-0.047,1.039,-0.008,-1.504,-0.594,0.082,0.012,1.058,1.395,2,NULL,NULL,,3,1,2,7,255,1143,250,0,0
stim,124533,154654,1,154654,3351974.454,-0.780,0.058,0.051,-0.621,1735,364,2563,2317,2813,2539,2271,2869,53,1.203,1,2183,1,36.507,0.866,-22.938,-22.563,-17.250,-0.129,-0.063,1.059,-0.391,-0.773,0.402,0.086,0.014,1.058,1.395,2,NULL,NULL,,3,1,2,7,255,1143,250,0,0
stim,124533,154654,1,154654,3351979.455,-0.780,0.056,0.051,-0.621,1619,346,2587,2251,2827,2543,2321,2879,53,1.203,1,2183,1,42.611,0.656,-27.938,-22.625,-22.875,-0.121,-0.012,1.004,-0.391,-0.527,0.402,0.088,0.016,1.058,1.395,2,NULL,NULL,,3,1,2,7,255,1143,250,0,0
stim,124533,154654,1,154654,3351984.453,-0.779,0.055,0.051,-0.622,1461,340,2615,2167,2845,2541,2360,2891,53,1.203,1,2183,1,40.661,0.531,-24.000,-24.188,-22.188,-0.086,0.008,0.973,-0.063,-0.527,0.105,0.090,0.018,1.058,1.395,2,NULL,NULL,,3,1,2,7,255,1143,250,0,0
stim,124533,154654,1,154654,3351989.455,-0.779,0.053,0.051,-0.623,1286,326,2647,2067,2859,2540,2408,2897,53,1.203,1,2183,1,40.286,0.506,-23.813,-25.563,-20.063,-0.109,0.008,1.055,0.199,-0.465,0.105,0.094,0.018,1.058,1.395,2,NULL,NULL,,3,1,2,7,255,1143,250,0,0
stim,124587,154708,1,154708,3351994.454,-0.778,0.052,0.051,-0.623,1177,287,2678,1945,2869,2539,2451,2906,53,1.203,1,2183,1,41.688,0.506,-27.000,-24.625,-20.063,-0.137,0.004,1.043,0.199,-0.465,0.480,0.098,0.020,1.058,1.395,2,NULL,NULL,,3,1,2,7,255,1143,250,0,0
stim,124587,154708,1,154708,3351999.455,-0.778,0.050,0.051,-0.624,1035,269,2709,1815,2885,2535,2489,2915,53,1.203,1,2183,1,43.616,0.213,-27.063,-25.375,-22.938,-0.137,-0.004,1.012,0.125,-0.172,0.480,0.104,0.020,1.058,1.395,2,NULL,NULL,,3,1,2,7,255,1143,250,0,0
stim,124587,154708,1,154708,3352004.454,-0.777,0.048,0.051,-0.625,876,238,2735,1645,2901,2533,2521,2917,53,1.203,1,2183,1,42.925,0.128,-22.000,-26.125,-26.000,-0.152,-0.008,1.004,0.043,-0.121,0.211,0.108,0.022,1.058,1.395,2,NULL,NULL,,3,1,2,7,255,1143,250,0,0
stim,124587,154708,1,154708,3352009.455,-0.777,0.047,0.050,-0.626,679,204,2765,1484,2913,2522,2553,2926,53,1.203,1,2183,1,44.120,0.099,-20.063,-28.250,-27.313,-0.141,-0.020,1.047,-0.016,-0.098,0.211,0.114,0.022,1.058,1.395,2,NULL,NULL,,3,1,2,7,255,1143,250,0,0
stim,124587,154708,1,154708,3352014.454,-0.776,0.045,0.050,-0.627,489,180,2789,1301,2921,2515,2587,2935,53,1.203,1,2183,1,46.149,0.099,-18.750,-30.375,-29.250,-0.133,0.000,1.063,-0.016,-0.098,0.535,0.116,0.024,1.058,1.395,2,NULL,NULL,,3,1,2,7,255,1143,250,0,0
stim,124587,154708,1,154708,3352019.455,-0.775,0.044,0.049,-0.628,338,115,2811,1075,2935,2505,2621,2939,53,1.203,1,2183,1,49.241,0.220,-20.500,-31.938,-31.375,-0.129,0.012,1.078,0.172,-0.137,0.672,0.118,0.026,1.058,1.395,2,NULL,NULL,,3,1,2,7,255,1143,250,0,0
stim,124587,154708,1,154708,3352024.454,-0.775,0.042,0.049,-0.629,203,77,2835,895,2951,2489,2645,2949,53,1.203,1,2183,1,53.408,0.311,-23.125,-33.188,-34.875,-0.070,-0.004,1.043,0.277,-0.141,0.672,0.122,0.028,1.058,1.395,2,NULL,NULL,,3,1,2,7,255,1143,250,0,0
stim,124587,154708,1,154708,3352029.455,-0.774,0.040,0.048,-0.630,103,41,2846,665,2958,2471,2668,2953,53,1.203,1,2183,1,46.039,0.701,-14.188,-34.438,-27.063,-0.039,0.012,1.023,0.324,-0.621,0.414,0.126,0.028,1.058,1.395,2,NULL,NULL,,3,1,2,7,255,1143,250,0,0
stim,124609,154730,1,154730,3352034.454,-0.774,0.039,0.047,-0.631,35,29,2861,475,2971,2447,2696,2957,53,1.203,1,2183,1,44.601,0.970,-12.625,-37.125,-21.250,-0.023,0.043,1.074,0.484,-0.840,0.414,0.128,0.030,1.058,1.395,2,NULL,NULL,,3,1,2,7,255,1143,250,0,0
stim,124609,154730,1,154730,3352039.455,-0.773,0.038,0.045,-0.631,17,1,2877,329,2976,2421,2719,2963,53,1.203,1,2183,1,43.279,1.188,-8.000,-40.313,-13.563,-0.074,0.094,1.121,0.840,-0.840,0.648,0.130,0.032,1.058,1.395,2,NULL,NULL,,3,1,2,7,255,1143,250,0,0
stim,124609,154730,1,154730,3352044.453,-0.773,0.036,0.044,-0.632,0,0,2889,269,2988,2395,2743,2967,53,1.203,1,2183,1,49.764,1.320,-16.375,-42.813,-19.375,-0.066,0.145,1.121,1.262,-0.387,1.129,0.130,0.034,1.058,1.395,2,NULL,NULL,,3,1,2,7,255,1143,250,0,0
stim,124609,154730,1,154730,3352049.455,-0.773,0.034,0.043,-0.633,0,0,2901,207,2999,2358,2751,2966,53,1.203,1,2183,1,50.783,1.294,-5.875,-47.000,-18.313,-0.215,0.043,1.141,1.262,-0.289,1.160,0.130,0.034,1.058,1.395,2,NULL,NULL,,3,1,2,7,255,1143,250,0,0
stim,124609,154730,1,154730,3352054.453,-0.772,0.034,0.040,-0.633,0,0,2905,159,3003,2332,2785,2975,53,1.203,1,2183,1,60.673,1.047,19.188,-57.000,-8.000,-0.336,-0.055,1.285,0.504,0.918,1.516,0.132,0.034,1.058,1.395,2,NULL,NULL,,3,1,2,7,255,1143,250,0,0
stim,124609,154730,1,154730,3352059.455,-0.772,0.033,0.037,-0.633,0,0,2917,136,3016,2303,2797,2980,53,1.203,1,2183,1,75.186,1.907,33.813,-65.500,-14.813,-0.379,-0.051,1.539,-0.582,1.816,3.063,0.132,0.034,1.058,1.395,2,NULL,NULL,,3,1,2,7,255,1143,250,0,0
stim,124636,154757,1,154757,3352064.454,-0.772,0.032,0.034,-0.634,0,0,2923,120,3028,2268,2824,2981,53,1.203,1,2183,0,77.835,1.907,20.438,-74.938,-5.000,-0.238,0.168,1.699,-0.582,1.816,5.570,0.132,0.032,1.058,1.395,3,NULL,NULL,,3,1,2,7,255,1143,250,0,0
stim,124636,154757,1,154757,3352069.455,-0.772,0.028,0.033,-0.634,0,0,2937,77,3033,2229,2842,2983,53,1.203,1,2183,0,89.767,2.078,-50.063,-74.438,-3.313,-0.047,0.207,1.461,1.781,1.070,5.570,0.134,0.030,1.058,1.395,3,NULL,NULL,,3,1,2,7,255,1143,250,0,0
stim,124636,154757,1,154757,3352074.454,-0.773,0.024,0.032,-0.633,0,0,2941,33,3037,2172,2861,2985,53,1.203,1,2183,0,104.034,1.782,-68.938,-77.125,11.063,-0.066,0.082,1.125,1.781,-0.051,4.438,0.138,0.026,1.058,1.395,3,NULL,NULL,,3,1,2,7,255,1143,250,0,0
stim,124636,154757,0,154757,3352079.455,-0.774,0.020,0.030,-0.632,0,0,2943,5,3044,2119,2877,2985,53,1.203,1,2183,0,102.679,1.126,-42.438,-85.813,37.125,-0.145,0.000,1.070,1.125,-0.051,1.180,0.138,0.024,1.058,1.395,3,NULL,NULL,,3,0,2,7,255,1149,250,0,0
stim,124636,154757,0,154757,3352084.453,-0.775,0.017,0.028,-0.631,0,0,2941,0,3050,2042,2894,2987,53,1.203,1,2183,0,102.359,0.694,-19.125,-92.500,39.438,-0.285,0.004,1.117,0.188,0.668,1.180,0.136,0.026,1.058,1.395,3,NULL,NULL,,3,0,2,7,255,1149,250,0,0
stim,124661,154782,0,154782,3352089.455,-0.776,0.014,0.025,-0.630,0,0,2941,0,3055,1945,2908,2985,53,1.203,1,2183,0,100.784,1.930,-11.000,-97.875,21.375,-0.273,-0.031,1.207,-0.043,1.930,1.301,0.130,0.034,1.058,1.395,3,NULL,NULL,,3,0,2,7,255,1149,250,0,0
stim,124661,154782,0,154782,3352094.454,-0.777,0.011,0.022,-0.629,0,0,2954,0,3063,1835,2931,2981,53,1.203,1,2183,0,104.345,1.959,-13.813,-102.500,13.813,-0.195,-0.105,1.262,-0.336,1.930,2.152,0.124,0.040,1.058,1.395,3,NULL,NULL,,3,0,2,7,255,1149,250,0,0
stim,124661,154782,0,154782,3352099.455,-0.778,0.008,0.019,-0.628,0,0,2934,0,3065,1737,2932,2980,53,1.203,1,2183,0,111.726,1.412,-19.375,-107.938,21.375,-0.156,-0.164,1.238,-0.879,1.105,2.441,0.120,0.048,1.058,1.395,3,NULL,NULL,,3,0,2,7,255,1149,250,0,0
stim,124691,154812,0,154812,3352104.454,-0.779,0.004,0.016,-0.627,0,0,2926,0,3067,1605,2941,2975,53,1.203,1,2183,0,120.762,1.427,-25.750,-113.313,32.875,-0.188,-0.109,1.250,-0.902,1.105,2.512,0.116,0.054,1.058,1.395,3,NULL,NULL,,3,0,2,7,255,1149,250,0,0
stim,124691,154812,0,154812,3352109.455,-0.780,-0.000,0.013,-0.626,0,0,2927,0,3096,1459,2963,2969,53,1.203,1,2183,0,125.009,1.532,-28.250,-117.813,30.813,-0.234,-0.055,1.199,-0.902,1.238,2.441,0.112,0.060,1.058,1.395,3,NULL,NULL,,3,0,2,7,255,1149,250,0,0
stim,124691,154812,0,154812,3352114.454,-0.781,-0.004,0.010,-0.625,0,0,2909,0,3081,1301,2963,2965,53,1.203,1,2183,0,127.097,1.726,-21.688,-122.875,24.188,-0.191,-0.074,1.121,-0.645,1.602,2.000,0.106,0.070,1.058,1.395,3,NULL,NULL,,3,0,2,7,255,1149,250,0,0
stim,124691,154812,0,154812,3352119.455,-0.781,-0.008,0.006,-0.624,0,0,2901,0,3087,1122,2969,2959,53,1.203,1,2183,0,130.459,1.726,-12.313,-128.000,22.000,-0.156,-0.082,1.117,-0.645,1.602,1.230,0.100,0.078,1.058,1.395,3,NULL,NULL,,3,0,2,7,255,1149,250,0,0
stim,124691,154812,0,154812,3352124.454,-0.782,-0.012,0.002,-0.623,0,0,2887,0,3087,893,2979,2949,53,1.203,1,2183,0,135.659,1.550,-9.313,-133.250,23.688,-0.156,-0.121,1.137,-0.652,1.406,1.230,0.094,0.088,1.058,1.395,3,NULL,NULL,,3,0,2,7,255,1149,250,0,0
stim,124691,154812,0,154812,3352129.455,-0.783,-0.016,-0.002,-0.622,0,0,2862,0,3087,684,2989,2933,53,1.203,1,2183,0,140.017,1.742,-4.813,-138.063,22.813,-0.184,-0.152,1.117,-1.027,1.406,1.152,0.088,0.098,1.058,1.395,3,NULL,NULL,,3,0,2,7,255,1149,250,0,0
stim,124691,154812,0,154812,3352134.454,-0.783,-0.020,-0.007,-0.621,0,0,2846,0,3093,573,2997,2919,53,1.203,1,2183,0,144.288,2.236,-1.125,-143.188,17.750,-0.188,-0.156,1.094,-1.426,1.723,1.152,0.080,0.106,1.058,1.395,3,NULL,NULL,,3,0,2,7,255,1149,250,0,0
stim,124691,154812,0,154812,3352139.455,-0.784,-0.024,-0.012,-0.620,0,0,2835,0,3093,424,3015,2907,53,1.203,1,2183,0,149.613,2.236,1.313,-149.125,12.000,-0.105,-0.129,1.117,-1.426,1.723,1.129,0.074,0.114,1.058,1.395,3,NULL,NULL,,3,0,2,7,255,1149,250,0,0
stim,124691,154812,0,154812,3352144.453,-0.784,-0.028,-0.017,-0.620,0,0,2791,0,3095,262,3016,2888,53,1.203,1,2183,0,153.297,1.706,1.125,-152.875,11.313,-0.070,-0.105,1.086,-1.113,1.293,0.918,0.066,0.126,1.058,1.395,3,NULL,NULL,,3,0,2,7,255,1149,250,0,0
stim,124691,154812,0,154812,3352149.455,-0.785,-0.032,-0.022,-0.619,0,0,2763,0,3095,148,3020,2867,53,1.203,1,2183,0,158.717,1.548,5.563,-158.000,14.000,-0.090,-0.094,1.086,-0.852,1.293,0.828,0.058,0.136,1.058,1.395,3,NULL,NULL,,3,0,2,7,255,1149,250,0,0
stim,124721,154842,0,154842,3352154.453,-0.785,-0.036,-0.028,-0.618,0,0,2741,0,3095,55,3030,2833,53,1.203,1,2183,0,161.953,1.670,9.875,-161.438,8.313,-0.070,-0.043,1.164,-0.809,1.461,0.828,0.050,0.148,1.058,1.395,3,NULL,NULL,,3,0,2,7,255,1149,250,0,0
stim,124721,154842,0,154842,3352159.455,-0.785,-0.040,-0.034,-0.617,0,0,2701,0,3099,27,3037,2821,53,1.203,1,2183,0,165.222,1.641,6.813,-164.875,8.250,-0.035,0.012,1.211,-0.320,1.609,1.508,0.044,0.160,1.058,1.395,3,NULL,NULL,,3,0,2,7,255,1149,250,0,0
stim,124721,154842,0,154842,3352164.454,-0.785,-0.044,-0.040,-0.617,0,0,2646,0,3094,0,3037,2783,53,1.203,1,2183,0,170.736,1.631,3.750,-170.438,9.375,-0.027,0.090,1.289,0.242,1.613,1.922,0.040,0.172,1.058,1.395,3,NULL,NULL,,3,0,2,7,255,1149,250,0,0
stim,124721,154842,0,154842,3352169.455,-0.785,-0.048,-0.045,-0.616,0,0,2585,0,3093,6,3046,2743,53,1.203,1,2183,0,174.395,2.217,-1.188,-174.250,7.000,-0.051,0.148,1.332,0.996,1.980,2.641,0.038,0.182,1.058,1.395,3,NULL,NULL,,3,0,2,7,255,1149,250,0,0
stim,124743,154864,0,154864,3352174.454,-0.785,-0.053,-0.052,-0.615,0,0,2521,0,3099,7,3049,2705,53,1.203,1,2183,0,179.639,2.898,-1.625,-179.625,-1.500,-0.113,0.160,1.398,1.375,2.551,2.969,0.036,0.192,1.058,1.395,3,NULL,NULL,,3,0,2,7,255,1149,250,0,0
stim,124743,154864,0,154864,3352179.455,-0.784,-0.058,-0.058,-0.615,0,0,2445,0,3083,7,3039,2654,53,1.203,1,2183,0,187.238,3.728,-10.313,-186.938,-2.438,-0.066,0.121,1.711,1.375,3.465,3.512,0.034,0.204,1.058,1.395,3,NULL,NULL,,3,0,2,7,255,1149,250,0,0
stim,124743,154865,0,154865,3352184.453,-0.784,-0.064,-0.064,-0.614,0,0,2378,0,3091,40,3039,2559,53,1.203,1,2183,0,194.668,3.828,-12.000,-194.250,4.313,-0.188,0.105,1.953,1.094,3.668,6.535,0.032,0.212,1.058,1.395,3,NULL,NULL,,3,0,2,7,255,1149,250,0,0
stim,124743,154865,0,154865,3352189.455,-0.784,-0.071,-0.070,-0.613,0,0,2283,0,3061,63,3038,2539,53,1.203,1,2183,0,215.085,5.581,-35.500,-211.438,17.188,-0.324,0.242,2.043,1.094,5.473,8.633,0.028,0.222,1.058,1.395,3,NULL,NULL,,3,0,2,7,255,1149,250,0,0
stim,124744,154865,0,154865,3352194.454,-0.784,-0.079,-0.076,-0.611,0,0,2179,0,3047,59,3031,2449,53,1.203,1,2183,0,235.426,7.775,-53.000,-228.625,18.625,-0.406,0.457,2.082,1.613,7.605,8.934,0.024,0.234,1.058,1.395,3,NULL,NULL,,3,0,2,7,255,1149,250,0,0
stim,124744,154865,0,154865,3352199.455,-0.783,-0.088,-0.083,-0.610,0,0,2055,0,3037,77,3018,2346,53,1.203,1,2183,0,256.019,9.930,-68.188,-246.625,8.500,-0.457,0.586,2.094,3.426,9.320,8.934,0.028,0.248,1.058,1.395,3,NULL,NULL,,3,0,2,7,255,1149,250,0,0
stim,124788,154909,0,154909,3352204.454,-0.782,-0.098,-0.090,-0.609,0,0,1943,0,3019,83,3015,2245,53,1.203,1,2183,0,279.759,11.474,-82.188,-267.375,4.563,-0.430,0.590,2.129,4.563,10.527,8.781,0.042,0.266,1.058,1.395,3,NULL,NULL,,3,0,2,7,255,1149,250,0,0
stim,124788,154909,0,154909,3352209.455,-0.781,-0.109,-0.097,-0.607,0,0,1821,0,2995,114,2976,2133,53,1.203,1,2183,0,305.953,11.790,-102.688,-288.188,3.250,-0.391,0.566,2.164,4.629,10.844,8.781,0.064,0.290,1.058,1.395,3,NULL,NULL,,3,0,2,7,255,1149,250,0,0
stim,124788,154909,0,154909,3352214.454,-0.779,-0.122,-0.104,-0.606,0,0,1699,0,2976,117,2951,2061,53,1.203,1,2183,0,332.743,11.906,-124.563,-308.500,5.438,-0.328,0.613,2.121,4.668,10.953,8.781,0.094,0.320,1.058,1.395,3,NULL,NULL,,3,0,2,7,255,1149,250,0,0
stim,124788,154909,0,154909,3352219.455,-0.778,-0.135,-0.111,-0.604,0,0,1575,0,2949,121,2909,1977,53,1.203,1,2183,0,356.558,12.206,-138.688,-328.000,17.750,-0.355,0.613,2.039,5.266,11.012,8.309,0.132,0.360,1.058,1.395,3,NULL,NULL,,3,0,2,7,255,1149,250,0,0
stim,124788,154909,0,154909,3352224.453,-0.776,-0.148,-0.120,-0.601,0,0,1467,0,2907,124,2859,1866,53,1.203,1,2183,0,367.511,12.598,-122.625,-346.063,16.375,-0.438,0.613,2.168,5.266,11.445,7.598,0.180,0.406,1.058,1.395,3,NULL,NULL,,3,0,2,7,255,1149,250,0,0
stim,124788,154909,0,154909,3352229.455,-0.774,-0.162,-0.129,-0.599,0,0,1391,0,2856,116,2799,1751,53,1.203,1,2183,0,384.647,14.175,-115.375,-366.875,6.688,-0.527,0.473,2.348,5.168,13.199,7.598,0.230,0.458,1.058,1.395,3,NULL,NULL,,3,0,2,7,255,1149,250,0,0
stim,124788,154909,0,154909,3352234.454,-0.771,-0.176,-0.139,-0.596,0,0,1312,0,2797,93,2703,1641,53,1.203,1,2183,0,398.721,15.475,-102.750,-385.250,-1.813,-0.570,0.496,2.684,3.879,14.980,8.539,0.286,0.512,1.058,1.395,3,NULL,NULL,,3,0,2,7,255,1149,250,0,0
stim,124788,154909,0,154909,3352239.455,-0.768,-0.190,-0.150,-0.594,0,0,1143,0,2726,76,2596,1504,53,1.203,1,2183,0,418.866,17.917,-104.625,-405.500,-8.500,-0.695,0.566,3.039,3.879,17.492,10.766,0.344,0.570,1.058,1.395,3,NULL,NULL,,3,0,2,7,255,1149,250,0,0
stim,124811,154932,0,154932,3352244.454,-0.763,-0.205,-0.161,-0.592,0,0,987,0,2627,61,2445,1339,53,1.203,1,2183,0,435.080,21.526,-131.063,-413.375,-35.188,-0.688,0.730,3.250,4.348,21.082,12.523,0.408,0.634,1.058,1.395,3,NULL,NULL,,3,0,2,7,255,1149,250,0,0
stim,124811,154932,0,154932,3352249.455,-0.757,-0.221,-0.171,-0.590,0,0,863,0,2487,45,2277,1183,53,1.203,1,2183,0,456.699,23.637,-162.438,-423.500,-53.250,-0.703,0.547,3.336,4.469,23.211,13.227,0.476,0.704,1.058,1.395,3,NULL,NULL,,3,0,2,7,255,1149,250,0,0
stim,124811,154932,0,154932,3352254.453,-0.751,-0.238,-0.180,-0.589,0,0,711,0,2314,0,2027,1033,53,1.203,1,2183,0,484.104,23.637,-203.875,-434.438,-63.688,-0.574,0.391,3.156,4.469,23.211,13.227,0.552,0.782,1.058,1.395,3,NULL,NULL,,3,0,2,7,255,1149,250,0,0
stim,124811,154932,0,154932,3352259.455,-0.744,-0.258,-0.189,-0.587,0,0,531,0,2093,0,1747,901,53,1.203,1,2183,0,516.383,23.187,-244.375,-453.875,-30.500,-0.508,-0.109,2.637,3.523,22.918,11.707,0.638,0.870,1.058,1.395,3,NULL,NULL,,3,0,2,7,255,1149,250,0,0
stim,124837,154958,0,154958,3352264.453,-0.737,-0.278,-0.198,-0.583,0,0,363,0,1817,0,1380,775,53,1.203,1,2183,0,532.091,19.436,-247.500,-471.000,-4.875,-0.281,-0.316,1.969,-1.004,19.410,7.941,0.732,0.966,1.058,1.395,3,NULL,NULL,,3,0,2,7,255,1149,250,0,0
stim,124837,154958,0,154958,3352269.455,-0.731,-0.297,-0.208,-0.578,0,0,255,0,1519,0,830,621,53,1.203,1,2183,0,524.175,14.218,-196.750,-485.750,9.813,-0.199,-0.488,1.320,-2.566,13.984,3.832,0.834,1.072,1.058,1.395,3,NULL,NULL,,3,0,2,7,255,1149,250,0,0
stim,124837,154958,0,154958,3352274.454,-0.726,-0.312,-0.221,-0.571,0,0,182,0,1203,0,307,501,53,1.203,1,2183,0,505.474,10.809,-88.375,-497.438,15.813,-0.207,-0.148,1.344,-2.566,10.500,-0.566,0.942,1.182,1.058,1.395,3,NULL,NULL,,3,0,2,7,255,1149,250,0,0
stim,124837,154958,0,154958,3352279.455,-0.723,-0.325,-0.236,-0.562,0,0,122,0,864,0,29,453,53,1.203,1,2183,0,502.075,10.563,-1.750,-500.000,45.563,-0.461,0.184,1.996,-1.152,10.500,-0.566,1.048,1.292,1.058,1.395,3,NULL,NULL,,3,0,2,7,255,1149,250,0,0
stim,124837,154958,0,154958,3352284.453,-0.720,-0.339,-0.250,-0.551,0,0,111,0,438,0,0,379,53,1.203,1,2183,0,521.232,17.681,-10.750,-510.625,104.063,-0.816,0.313,2.563,1.547,17.613,-0.367,1.144,1.392,1.058,1.395,3,NULL,NULL,,3,0,2,7,255,1149,250,0,0
stim,124837,154958,0,154958,3352289.455,-0.717,-0.356,-0.262,-0.539,0,0,63,0,55,0,0,311,53,1.203,1,2183,0,552.484,24.732,-87.063,-520.250,164.313,-1.273,0.480,2.543,1.828,24.664,-0.367,1.226,1.476,1.058,1.395,3,NULL,NULL,,3,0,2,7,255,1149,250,0,0
stim,124891,155012,0,155012,3352294.453,-0.712,-0.375,-0.270,-0.528,0,0,28,0,0,0,0,203,53,1.203,1,2183,0,560.189,24.733,-188.750,-505.875,149.250,-1.316,1.020,1.992,1.852,24.664,-5.418,1.290,1.546,1.058,1.395,3,NULL,NULL,,3,0,2,7,255,1149,250,0,0
stim,124891,155012,0,155012,3352299.455,-0.705,-0.395,-0.277,-0.520,0,0,33,0,0,0,0,134,53,1.203,1,2183,0,535.149,25.332,-257.250,-463.250,74.875,-0.828,1.547,1.387,6.426,24.504,-11.531,1.352,1.612,1.058,1.395,4,NULL,NULL,,3,0,2,7,255,1149,250,0,0
stim,124891,155012,0,155012,3352304.454,-0.696,-0.413,-0.282,-0.515,0,0,35,0,0,0,0,119,53,1.203,1,2183,0,499.724,21.520,-285.313,-409.125,30.625,-0.523,1.668,1.156,12.547,17.484,-13.348,1.426,1.688,1.058,1.395,0,NULL,NULL,,3,0,2,7,255,1149,250,0,0
stim,124891,155012,0,155012,3352309.455,-0.687,-0.433,-0.282,-0.510,0,0,29,0,0,0,0,144,53,1.203,1,2183,0,496.497,18.736,-351.063,-337.063,98.250,-0.586,1.418,0.910,12.547,13.914,-13.469,1.510,1.776,1.058,1.395,0,NULL,NULL,,3,0,2,7,255,1149,250,0,0
stim,124891,155012,0,155012,3352314.454,-0.678,-0.452,-0.279,-0.508,0,0,31,0,0,0,0,159,53,1.203,1,2183,0,496.566,16.616,-417.813,-253.875,86.938,-0.207,0.879,0.262,11.930,11.566,-13.379,1.602,1.872,1.058,1.395,0,NULL,NULL,,3,0,2,7,255,1149,250,0,0
stim,124891,155012,0,155012,3352319.455,-0.672,-0.464,-0.277,-0.507,0,0,30,0,0,0,0,189,53,1.203,1,2183,0,316.024,8.389,-278.563,-148.438,15.500,-0.145,-0.457,-0.391,7.609,3.531,-13.379,1.698,1.970,1.058,1.395,0,NULL,NULL,,3,0,2,7,255,1149,250,0,0
stim,124891,155012,0,155012,3352324.453,-0.669,-0.468,-0.277,-0.506,0,0,23,0,0,0,0,192,53,1.203,1,2183,0,120.345,6.221,-85.688,-82.938,16.188,-0.316,-1.063,0.262,-5.238,3.355,-10.965,1.790,2.064,1.058,1.395,0,NULL,NULL,,3,0,2,7,255,1149,250,0,0
stim,124891,155012,0,155012,3352329.455,-0.668,-0.471,-0.275,-0.506,0,0,22,0,0,0,0,185,53,1.203,1,2183,0,74.811,6.878,-71.438,-1.063,22.188,-0.438,-0.625,0.918,-6.004,3.355,-7.660,1.876,2.152,1.058,1.395,0,NULL,NULL,,3,0,2,7,255,1149,250,0,0
stim,124909,155030,0,155030,3352334.453,-0.666,-0.474,-0.268,-0.509,0,0,30,0,0,0,0,110,53,1.203,1,2183,0,193.657,7.965,-170.000,87.375,31.125,-0.414,0.168,0.402,-6.004,5.234,-7.660,1.956,2.232,1.058,1.395,0,NULL,NULL,,3,0,2,7,255,1149,250,0,0
stim,124909,155030,0,155030,3352339.455,-0.667,-0.476,-0.258,-0.512,0,0,21,0,0,0,0,85,53,1.203,1,2183,0,231.441,5.276,-155.188,155.500,72.813,-0.477,0.855,-0.602,0.664,5.234,-12.285,2.028,2.308,1.058,1.395,0,NULL,NULL,,3,0,2,7,255,1149,250,0,0
stim,124909,155030,0,155030,3352344.454,-0.671,-0.473,-0.251,-0.514,0,0,24,0,0,0,0,58,53,1.203,1,2183,0,216.057,5.567,-6.750,193.688,95.500,-0.766,0.992,-0.645,5.055,-2.332,-19.281,2.094,2.376,1.058,1.395,0,NULL,NULL,,3,0,2,7,255,1149,250,0,0
stim,124909,155030,0,155030,3352349.455,-0.677,-0.465,-0.245,-0.515,0,0,20,0,0,0,0,51,53,1.203,1,2183,0,249.620,5.567,102.938,215.625,72.250,-1.016,0.492,0.219,5.055,-2.332,-19.281,2.154,2.440,1.058,1.395,0,NULL,NULL,,3,0,2,7,255,1149,250,0,0
stim,124909,155030,0,155030,3352354.454,-0.682,-0.458,-0.239,-0.518,0,0,21,0,0,0,0,47,53,1.203,1,2183,0,254.639,6.681,86.625,233.875,51.375,-0.988,0.012,0.793,1.273,6.559,-18.848,2.210,2.498,1.058,1.395,0,NULL,NULL,,3,0,2,7,255,1149,250,0,0
stim,124909,155030,0,155030,3352359.455,-0.686,-0.452,-0.232,-0.521,0,0,18,0,0,0,0,37,53,1.203,1,2183,0,253.588,9.853,24.750,246.750,53.000,-0.840,0.016,0.664,-1.621,9.719,-14.066,2.256,2.548,1.058,1.395,0,NULL,NULL,,3,0,2,7,255,1149,250,0,0
stim,124936,155057,0,155057,3352364.453,-0.690,-0.447,-0.223,-0.524,0,0,13,0,0,0,0,31,53,1.203,1,2183,0,261.584,9.853,9.563,253.438,64.063,-0.766,0.285,0.230,-1.621,9.719,-14.066,2.290,2.582,1.058,1.395,0,NULL,NULL,,3,0,2,7,255,1149,250,0,0
stim,124936,155057,0,155057,3352369.455,-0.695,-0.440,-0.215,-0.527,0,0,15,0,0,0,0,28,53,1.203,1,2183,0,269.603,5.886,45.375,256.063,71.125,-0.805,0.484,0.051,0.293,5.879,-15.633,2.314,2.610,1.058,1.395,0,NULL,NULL,,3,0,2,7,255,1149,250,0,0
stim,124936,155057,0,155057,3352374.454,-0.700,-0.432,-0.208,-0.530,0,0,12,0,0,0,0,27,53,1.203,1,2183,0,278.790,6.083,79.438,259.625,63.313,-0.855,0.523,0.156,1.563,5.879,-17.328,2.336,2.634,1.058,1.395,0,NULL,NULL,,3,0,2,7,255,1149,250,0,0
stim,124936,155057,0,155057,3352379.455,-0.705,-0.423,-0.201,-0.533,0,0,9,0,0,0,0,29,53,1.203,1,2183,0,284.048,6.325,87.813,265.813,48.125,-0.820,0.426,0.305,1.563,6.129,-17.328,2.360,2.660,1.058,1.395,0,NULL,NULL,,3,0,2,7,255,1149,250,0,0
stim,124954,155075,0,155075,3352384.454,-0.709,-0.415,-0.194,-0.536,0,0,9,0,0,0,0,30,53,1.203,1,2183,0,287.852,7.406,86.313,271.500,41.188,-0.758,0.293,0.375,1.492,7.254,-15.734,2.382,2.686,1.058,1.395,0,NULL,NULL,,3,0,2,7,255,1149,250,0,0
stim,124954,155075,0,155075,3352389.455,-0.714,-0.406,-0.187,-0.539,0,0,16,0,0,0,0,39,53,1.203,1,2183,0,292.774,7.520,88.438,276.438,38.438,-0.742,0.242,0.434,0.648,7.492,-14.215,2.400,2.708,1.058,1.395,0,NULL,NULL,,3,0,2,7,255,1149,250,0,0
stim,124954,155075,0,155075,3352394.453,-0.718,-0.396,-0.180,-0.543,0,0,10,0,0,0,0,42,53,1.203,1,2183,0,296.650,7.956,91.000,280.938,28.188,-0.727,0.254,0.512,0.648,7.930,-13.375,2.414,2.724,1.058,1.395,0,NULL,NULL,,3,0,2,7,255,1149,250,0,0
stim,124954,155075,0,155075,3352399.455,-0.722,-0.387,-0.173,-0.547,0,0,16,0,0,0,0,59,53,1.203,1,2183,0,299.997,8.530,91.813,285.250,14.188,-0.672,0.262,0.586,0.711,8.500,-12.648,2.424,2.736,1.058,1.395,0,NULL,NULL,,3,0,2,7,255,1149,250,0,0
stim,124992,155113,0,155113,3352404.453,-0.726,-0.377,-0.166,-0.551,0,0,9,0,0,0,0,60,53,1.203,1,2183,0,304.761,8.863,90.688,290.938,3.250,-0.590,0.246,0.660,1.172,8.785,-11.617,2.436,2.750,1.058,1.395,0,NULL,NULL,,3,0,2,7,255,1149,250,0,0
stim,124992,155113,0,155113,3352409.455,-0.729,-0.367,-0.159,-0.556,0,0,9,0,0,0,0,61,53,1.203,1,2183,0,311.172,8.930,86.625,298.813,-5.938,-0.531,0.258,0.730,1.492,8.805,-10.328,2.448,2.766,1.058,1.395,0,NULL,NULL,,3,0,2,7,255,1149,250,0,0
stim,124992,155113,0,155113,3352414.454,-0.732,-0.356,-0.152,-0.561,0,0,10,0,0,0,0,69,53,1.203,1,2183,0,319.148,9.130,81.438,308.125,-16.813,-0.492,0.301,0.781,1.992,8.910,-9.305,2.462,2.782,1.058,1.395,0,NULL,NULL,,3,0,2,7,255,1149,250,0,0
stim,124992,155113,0,155113,3352419.455,-0.734,-0.346,-0.144,-0.567,0,0,11,0,0,0,0,58,53,1.203,1,2183,0,327.183,9.311,77.500,316.625,-28.125,-0.441,0.332,0.832,2.664,8.922,-8.625,2.478,2.800,1.058,1.395,0,NULL,NULL,,3,0,2,7,255,1149,250,0,0
stim,124992,155113,0,155113,3352424.454,-0.736,-0.335,-0.136,-0.572,0,0,12,0,0,0,0,61,53,1.203,1,2183,0,334.343,9.494,72.500,324.375,-36.188,-0.391,0.309,0.883,3.246,8.922,-7.844,2.498,2.824,1.058,1.395,0,NULL,NULL,,3,0,2,7,255,1149,250,0,0
stim,124992,155113,0,155113,3352429.455,-0.737,-0.325,-0.128,-0.578,0,0,9,0,0,0,0,61,53,1.203,1,2183,0,341.359,9.336,65.688,332.438,-41.188,-0.348,0.262,0.887,3.246,8.754,-6.844,2.524,2.850,1.058,1.395,0,NULL,NULL,,3,0,2,7,255,1149,250,0,0
stim,124992,155113,0,155113,3352434.453,-0.739,-0.314,-0.119,-0.585,0,0,8,0,0,0,0,62,53,1.203,1,2183,0,348.822,8.876,60.688,340.500,-45.313,-0.316,0.242,0.848,3.145,8.301,-6.141,2.554,2.882,1.058,1.395,0,NULL,NULL,,3,0,2,7,255,1149,250,0,0
stim,124992,155113,0,155113,3352439.455,-0.740,-0.303,-0.111,-0.591,0,0,5,0,0,0,0,61,53,1.203,1,2183,0,356.150,8.273,62.375,347.125,-49.563,-0.266,0.277,0.793,3.145,7.652,-6.020,2.586,2.918,1.058,1.395,0,NULL,NULL,,3,0,2,7,255,1149,250,0,0
stim,124992,155113,0,155113,3352444.454,-0.740,-0.291,-0.102,-0.597,0,0,7,0,0,0,0,64,53,1.203,1,2183,0,362.373,7.655,70.125,351.625,-52.500,-0.176,0.285,0.750,3.469,6.824,-5.949,2.622,2.956,1.058,1.395,0,NULL,NULL,,3,0,2,7,255,1149,250,0,0
stim,124992,155113,0,155113,3352449.455,-0.741,-0.279,-0.093,-0.603,0,0,4,0,0,0,0,67,53,1.203,1,2183,0,365.416,6.710,81.313,352.938,-48.500,-0.105,0.246,0.723,3.504,5.723,-5.734,2.662,2.998,1.058,1.395,0,NULL,NULL,,3,0,2,7,255,1149,250,0,0
stim,125021,155142,0,155142,3352454.454,-0.743,-0.266,-0.085,-0.609,0,0,3,0,0,0,0,63,53,1.203,1,2183,0,366.222,5.950,95.188,351.250,-41.000,-0.074,0.219,0.730,3.504,4.809,-5.305,2.704,3.042,1.058,1.395,0,NULL,NULL,,3,0,2,7,255,1149,250,0,0
stim,125021,155142,0,155142,3352459.455,-0.744,-0.253,-0.077,-0.614,0,0,7,0,0,0,0,71,53,1.203,1,2183,0,366.512,5.532,108.875,348.188,-35.250,-0.047,0.195,0.762,3.391,4.371,-4.863,2.748,3.090,1.058,1.395,0,NULL,NULL,,3,0,2,7,255,1149,250,0,0
stim,125021,155142,0,155142,3352464.453,-0.745,-0.240,-0.070,-0.618,0,0,6,0,0,0,0,69,53,1.203,1,2183,0,366.942,5.302,122.000,344.938,-27.938,-0.008,0.191,0.781,3.383,4.082,-4.270,2.794,3.138,1.058,1.395,0,NULL,NULL,,3,0,2,7,255,1149,250,0,0
stim,125021,155142,0,155142,3352469.455,-0.747,-0.226,-0.063,-0.622,0,0,4,0,0,0,0,85,53,1.203,1,2183,0,368.838,4.961,137.000,342.000,-17.563,0.012,0.227,0.797,3.383,3.629,-3.789,2.840,3.188,1.058,1.395,0,NULL,NULL,,3,0,2,7,255,1149,250,0,0
stim,125021,155142,0,155142,3352474.454,-0.749,-0.212,-0.056,-0.626,0,0,7,0,0,0,0,88,53,1.203,1,2183,0,372.536,5.113,154.750,338.813,-6.438,0.000,0.234,0.855,3.742,3.484,-3.512,2.886,3.236,1.058,1.395,0,NULL,NULL,,3,0,2,7,255,1149,250,0,0
stim,125043,155164,0,155164,3352479.455,-0.751,-0.197,-0.050,-0.629,0,0,3,0,0,0,0,90,53,1.203,1,2183,0,376.596,5.200,170.438,335.813,2.313,-0.027,0.223,0.965,3.859,3.484,-2.938,2.930,3.282,1.058,1.395,0,NULL,NULL,,3,0,2,7,255,1149,250,0,0
stim,125043,155164,0,155164,3352484.454,-0.753,-0.182,-0.044,-0.631,0,0,3,0,0,0,0,94,53,1.203,1,2183,0,380.097,5.475,181.938,333.625,8.188,-0.043,0.219,1.090,3.859,3.883,-1.871,2.970,3.324,1.058,1.395,0,NULL,NULL,,3,0,2,7,255,1149,250,0,0
stim,125043,155164,0,155164,3352489.455,-0.755,-0.167,-0.038,-0.633,0,0,5,0,0,0,0,100,53,1.203,1,2183,0,382.509,5.745,190.438,331.438,14.000,-0.070,0.230,1.230,3.949,4.172,-0.625,3.006,3.362,1.058,1.395,0,NULL,NULL,,3,0,2,7,255,1149,250,0,0
stim,125043,155164,0,155164,3352494.453,-0.757,-0.151,-0.033,-0.635,0,0,5,0,0,0,0,99,53,1.203,1,2183,0,382.440,6.176,194.000,329.063,18.500,-0.102,0.238,1.387,4.188,4.539,0.762,3.040,3.398,1.058,1.395,0,NULL,NULL,,3,0,2,7,255,1149,250,0,0
stim,125043,155164,0,155164,3352499.455,-0.759,-0.136,-0.027,-0.636,0,0,7,0,0,0,0,103,53,1.203,1,2183,0,379.901,6.559,191.625,327.375,20.750,-0.145,0.234,1.547,4.305,4.949,2.305,3.070,3.430,1.058,1.395,0,NULL,NULL,,3,0,2,7,255,1149,250,0,0
stim,125090,155211,0,155211,3352504.453,-0.761,-0.121,-0.021,-0.638,0,0,6,0,0,0,0,119,53,1.203,1,2183,0,375.488,6.850,184.313,326.500,20.438,-0.184,0.227,1.699,4.305,5.328,3.910,3.096,3.460,1.058,1.395,0,NULL,NULL,,3,0,2,7,255,1149,250,0,0
stim,125090,155211,0,155211,3352509.455,-0.762,-0.106,-0.015,-0.639,0,0,7,0,0,0,0,123,53,1.203,1,2183,0,366.502,7.012,165.000,326.938,14.500,-0.230,0.180,1.762,4.254,5.574,5.520,3.120,3.486,1.058,1.395,0,NULL,NULL,,3,0,2,7,255,1149,250,0,0
stim,125090,155211,0,155211,3352514.454,-0.763,-0.092,-0.008,-0.640,0,0,8,0,0,0,0,133,53,1.203,1,2183,0,357.531,6.681,149.313,324.625,12.375,-0.246,0.168,1.773,3.684,5.574,6.309,3.144,3.512,1.058,1.395,0,NULL,NULL,,3,0,2,7,255,1149,250,0,0
stim,125090,155211,0,155211,3352519.455,-0.763,-0.078,-0.001,-0.641,0,0,21,0,0,0,0,135,53,1.203,1,2183,0,352.034,6.274,134.750,325.188,4.813,-0.180,0.152,1.707,3.453,5.238,6.309,3.168,3.538,1.058,1.395,0,NULL,NULL,,3,0,2,7,255,1149,250,0,0
stim,125090,155211,0,155211,3352524.454,-0.764,-0.065,0.006,-0.642,0,0,18,0,0,0,0,133,53,1.203,1,2183,0,348.956,5.125,134.563,321.813,10.000,-0.176,0.105,1.668,3.199,4.004,6.242,3.192,3.564,1.058,1.395,0,NULL,NULL,,3,0,2,7,255,1149,250,0,0
stim,125090,155211,0,155211,3352529.455,-0.764,-0.051,0.012,-0.643,0,0,19,0,0,0,0,137,53,1.203,1,2183,0,346.728,4.287,136.875,318.313,12.750,-0.230,0.086,1.680,2.613,3.398,6.242,3.216,3.590,1.058,1.395,0,NULL,NULL,,3,0,2,7,255,1149,250,0,0
stim,125090,155211,0,155211,3352534.453,-0.764,-0.038,0.019,-0.644,0,0,23,0,0,0,0,134,53,1.203,1,2183,0,343.827,4.053,137.063,315.250,6.938,-0.266,0.051,1.695,2.250,3.371,6.297,3.242,3.616,1.058,1.395,0,NULL,NULL,,3,0,2,7,255,1149,250,0,0
stim,125090,155211,0,155211,3352539.455,-0.764,-0.024,0.026,-0.645,0,0,20,0,0,0,0,134,53,1.203,1,2183,0,340.694,3.633,139.625,310.750,3.438,-0.254,0.027,1.695,1.742,3.188,6.598,3.268,3.646,1.058,1.395,0,NULL,NULL,,3,0,2,7,255,1149,250,0,0
stim,125113,155234,0,155234,3352544.453,-0.763,-0.010,0.032,-0.645,0,0,19,0,0,0,0,137,53,1.203,1,2183,0,339.375,2.939,146.875,305.938,2.313,-0.242,0.020,1.715,1.426,2.570,6.715,3.294,3.674,1.058,1.395,0,NULL,NULL,,3,0,2,7,255,1149,250,0,0
stim,125113,155234,0,155234,3352549.455,-0.762,0.004,0.037,-0.646,0,0,19,0,0,0,0,136,53,1.203,1,2183,0,339.949,2.337,158.000,301.000,0.813,-0.238,0.012,1.777,1.266,1.965,7.004,3.320,3.702,1.058,1.395,0,NULL,NULL,,3,0,2,7,255,1149,250,0,0
stim,125113,155234,0,155234,3352554.454,-0.761,0.018,0.042,-0.647,0,0,21,0,0,0,0,135,53,1.203,1,2183,0,341.817,1.775,169.188,297.000,-2.313,-0.219,0.008,1.871,1.098,1.395,7.652,3.346,3.730,1.058,1.395,0,NULL,NULL,,3,0,2,7,255,1149,250,0,0
stim,125113,155234,0,155234,3352559.455,-0.760,0.032,0.047,-0.647,0,0,25,0,0,0,0,133,53,1.203,1,2183,0,344.637,1.166,178.813,294.563,-5.813,-0.168,-0.016,1.969,0.984,0.625,8.605,3.370,3.756,1.058,1.395,0,NULL,NULL,,3,0,2,7,255,1149,250,0,0
stim,125137,155258,0,155258,3352564.453,-0.759,0.046,0.051,-0.648,0,0,23,0,0,0,0,140,53,1.203,1,2183,0,348.243,0.839,186.313,294.125,-7.188,-0.098,-0.055,2.051,0.680,-0.492,9.559,3.392,3.782,1.058,1.395,0,NULL,NULL,,3,0,2,7,255,1149,250,0,0
stim,125137,155258,0,155258,3352569.455,-0.757,0.061,0.056,-0.648,0,0,21,0,0,0,0,148,53,1.203,1,2183,0,352.692,1.897,193.000,295.125,-6.625,-0.012,-0.063,2.117,0.234,-1.883,10.258,3.414,3.804,1.058,1.395,0,NULL,NULL,,3,0,2,7,255,1149,250,0,0
stim,125137,155258,0,155258,3352574.454,-0.755,0.076,0.060,-0.648,0,0,23,0,0,0,0,146,53,1.203,1,2183,0,359.399,3.371,201.250,297.688,-6.938,0.094,-0.023,2.164,0.234,-3.363,10.688,3.432,3.824,1.058,1.395,0,NULL,NULL,,3,0,2,7,255,1149,250,0,0
stim,125137,155258,0,155258,3352579.455,-0.753,0.091,0.064,-0.648,0,0,19,0,0,0,0,147,53,1.203,1,2183,0,369.322,4.990,214.313,300.688,-7.500,0.234,-0.012,2.223,0.301,-4.980,10.828,3.444,3.840,1.058,1.395,0,NULL,NULL,,3,0,2,7,255,1149,250,0,0
stim,125137,155258,0,155258,3352584.454,-0.751,0.107,0.067,-0.648,0,0,19,0,0,0,0,141,53,1.203,1,2183,0,381.125,7.026,229.688,304.063,-6.750,0.418,-0.023,2.332,0.301,-7.020,10.977,3.454,3.852,1.058,1.395,0,NULL,NULL,,3,0,2,7,255,1149,250,0,0
stim,125137,155258,0,155258,3352589.455,-0.749,0.124,0.070,-0.648,0,0,22,0,0,0,0,137,53,1.203,1,2183,0,390.828,9.609,240.563,308.000,-3.500,0.594,0.004,2.461,0.258,-9.605,11.371,3.460,3.860,1.058,1.395,0,NULL,NULL,,3,0,2,7,255,1149,250,0,0
stim,125186,155307,0,155307,3352594.454,-0.746,0.141,0.074,-0.647,0,0,21,0,0,0,0,137,53,1.203,1,2183,0,397.076,12.190,246.063,311.625,3.563,0.723,0.039,2.578,0.258,-12.188,11.840,3.460,3.862,1.058,1.395,0,NULL,NULL,,3,0,2,7,255,1149,250,0,0
stim,125186,155307,0,155307,3352599.455,-0.743,0.158,0.077,-0.645,0,0,22,0,0,0,0,141,53,1.203,1,2183,0,401.419,14.334,252.125,312.063,13.688,0.813,0.027,2.723,0.258,-14.332,12.215,3.454,3.860,1.058,1.395,0,NULL,NULL,,3,0,2,7,255,1149,250,0,0
stim,125186,155307,0,155307,3352604.453,-0.741,0.175,0.080,-0.644,0,0,23,0,0,0,0,133,53,1.203,1,2183,0,400.089,16.305,249.625,312.063,19.375,0.859,0.008,2.867,-0.152,-16.305,12.832,3.442,3.850,1.058,1.395,0,NULL,NULL,,3,0,2,7,255,1149,250,0,0
stim,125186,155307,0,155307,3352609.455,-0.738,0.191,0.083,-0.642,0,0,23,0,0,0,0,138,53,1.203,1,2183,0,389.256,17.932,233.875,310.438,21.250,0.891,0.016,2.945,-0.805,-17.914,13.449,3.422,3.830,1.058,1.395,0,NULL,NULL,,3,0,2,7,255,1149,250,0,0
stim,125186,155307,0,155307,3352614.454,-0.736,0.206,0.087,-0.639,0,0,19,0,0,0,0,147,53,1.203,1,2183,0,371.745,19.212,210.750,305.438,22.063,0.910,0.059,2.973,-1.117,-19.180,13.449,3.388,3.800,1.058,1.395,0,NULL,NULL,,3,0,2,7,255,1149,250,0,0
stim,125186,155307,0,155307,3352619.455,-0.733,0.221,0.091,-0.637,0,0,18,0,0,0,0,153,53,1.203,1,2183,0,351.083,20.097,187.813,296.063,18.250,0.988,0.137,2.957,-1.117,-20.066,13.164,3.342,3.756,1.058,1.395,0,NULL,NULL,,3,0,2,7,255,1149,250,0,0
stim,125209,155330,0,155330,3352624.454,-0.730,0.234,0.096,-0.635,0,0,22,0,0,0,0,184,53,1.203,1,2183,0,330.393,21.256,166.688,285.125,8.875,1.168,0.129,2.910,-0.496,-21.250,12.266,3.284,3.700,1.058,1.395,0,NULL,NULL,,3,0,2,7,255,1149,250,0,0
stim,125209,155330,0,155330,3352629.455,-0.727,0.246,0.100,-0.633,0,0,20,0,0,0,0,200,53,1.203,1,2183,0,307.900,23.193,141.125,273.625,3.938,1.391,-0.031,2.789,-0.496,-23.188,10.488,3.214,3.632,1.058,1.395,0,NULL,NULL,,3,0,2,7,255,1149,250,0,0
stim,125209,155330,0,155330,3352634.453,-0.725,0.257,0.106,-0.631,0,0,4,0,0,0,0,209,53,1.203,1,2183,0,284.669,25.239,114.500,260.500,8.125,1.578,-0.230,2.543,-1.617,-25.188,7.555,3.134,3.552,1.058,1.395,0,NULL,NULL,,3,0,2,7,255,1149,250,0,0
stim,125209,155330,0,155330,3352639.455,-0.723,0.267,0.111,-0.628,0,0,4,0,0,0,0,251,53,1.203,1,2183,0,264.979,26.062,99.250,245.250,14.688,1.711,-0.402,2.195,-2.953,-25.895,3.590,3.044,3.464,1.058,1.395,0,NULL,NULL,,3,0,2,7,255,1149,250,0,0
stim,125209,155330,0,155330,3352644.453,-0.721,0.276,0.115,-0.625,0,0,7,0,0,0,0,281,53,1.203,1,2183,0,250.461,26.187,102.688,227.688,18.563,1.820,-0.547,1.871,-3.902,-25.895,-0.891,2.944,3.366,1.058,1.395,0,NULL,NULL,,3,0,2,7,255,1149,250,0,0
stim,125209,155330,0,155330,3352649.455,-0.719,0.286,0.118,-0.623,0,0,1,0,0,0,0,300,53,1.203,1,2183,0,241.406,25.780,120.313,208.313,20.188,1.934,-0.691,1.648,-4.617,-25.363,-4.969,2.836,3.258,1.058,1.395,0,NULL,NULL,,3,0,2,7,255,1149,250,0,0
stim,125209,155330,0,155330,3352654.454,-0.716,0.295,0.120,-0.621,0,0,1,0,0,0,0,325,53,1.203,1,2183,0,236.506,25.942,142.313,187.438,23.438,2.066,-0.801,1.543,-5.449,-25.363,-8.211,2.722,3.144,1.058,1.395,0,NULL,NULL,,3,0,2,7,255,1149,250,0,0
stim,125209,155330,0,155330,3352659.455,-0.714,0.305,0.120,-0.619,0,0,1,0,0,0,0,355,53,1.203,1,2183,0,232.801,26.549,160.563,166.563,25.938,2.238,-0.863,1.500,-6.078,-25.844,-10.531,2.600,3.022,1.058,1.395,0,NULL,NULL,,3,0,2,7,255,1149,250,0,0
stim,125232,155353,0,155353,3352664.453,-0.711,0.315,0.120,-0.617,0,0,4,0,12,0,0,374,53,1.203,1,2183,0,236.073,27.592,178.000,153.563,21.563,2.289,-0.758,1.441,-6.078,-26.914,-12.406,2.472,2.894,1.058,1.395,0,NULL,NULL,,3,0,2,7,255,1149,250,0,0
stim,125232,155353,0,155353,3352669.455,-0.708,0.324,0.119,-0.616,0,0,1,0,45,0,0,409,53,1.203,1,2183,0,222.675,27.700,182.500,127.563,2.375,2.785,-1.098,1.625,-6.324,-26.969,-13.371,2.340,2.760,1.058,1.395,0,NULL,NULL,,3,0,2,7,255,1149,250,0,0
stim,125232,155353,0,155353,3352674.454,-0.707,0.331,0.118,-0.614,0,0,7,0,59,0,0,437,53,1.203,1,2183,0,173.277,32.884,123.375,107.125,57.688,3.215,-1.379,1.957,-7.785,-31.949,-16.137,2.202,2.622,1.058,1.395,0,NULL,NULL,,3,0,2,7,255,1149,250,0,0
stim,125232,155353,0,155353,3352679.455,-0.707,0.337,0.117,-0.611,0,0,1,0,71,0,0,455,53,1.203,1,2183,0,168.867,33.503,120.688,93.000,72.813,2.656,-1.719,1.172,-10.086,-31.949,-17.316,2.064,2.482,1.058,1.395,0,NULL,NULL,,3,0,2,7,255,1149,250,0,0
stim,125253,155374,0,155374,3352684.454,-0.704,0.345,0.114,-0.610,0,0,3,0,91,0,0,467,53,1.203,1,2183,0,186.571,31.483,172.563,65.250,27.813,2.621,-1.828,1.309,-12.680,-28.816,-20.988,1.924,2.342,1.058,1.395,0,NULL,NULL,,3,0,2,7,255,1149,250,0,0
stim,125253,155374,0,155374,3352689.455,-0.701,0.353,0.109,-0.611,0,0,4,0,105,0,0,477,53,1.203,1,2183,0,233.250,32.080,229.938,39.125,-1.938,2.555,-1.926,1.531,-14.098,-28.816,-20.988,1.784,2.200,1.058,1.395,0,NULL,NULL,,3,0,2,7,255,1149,250,0,0
stim,125253,155374,0,155374,3352694.453,-0.696,0.361,0.103,-0.613,0,0,3,0,109,0,0,477,53,1.203,1,2183,0,258.372,32.643,256.688,9.688,-27.813,2.453,-1.387,2.281,-14.098,-29.441,-19.770,1.640,2.054,1.058,1.395,0,NULL,NULL,,3,0,2,7,255,1149,250,0,0
stim,125253,155374,0,155374,3352699.455,-0.692,0.366,0.097,-0.614,0,0,7,0,107,0,0,491,53,1.203,1,2183,0,203.409,35.543,200.938,-20.500,-24.063,2.488,-0.910,2.953,-13.320,-32.953,-12.363,1.492,1.902,1.058,1.395,0,NULL,NULL,,3,0,2,7,255,1149,250,0,0
stim,125292,155413,0,155413,3352704.453,-0.691,0.368,0.093,-0.615,0,0,7,0,103,0,0,487,53,1.203,1,2183,0,112.903,37.891,97.438,-56.000,10.813,2.090,-0.512,3.297,-11.172,-36.207,-6.383,1.338,1.746,1.058,1.395,0,NULL,NULL,,3,0,2,7,255,1149,250,0,0
stim,125292,155413,0,155413,3352709.455,-0.691,0.366,0.091,-0.617,0,0,7,0,63,0,0,479,53,1.203,1,2183,0,76.193,37.474,2.875,-75.313,-11.188,1.637,-0.383,2.887,-9.660,-36.207,-0.176,1.184,1.588,1.058,1.395,0,NULL,NULL,,3,0,2,7,255,1149,250,0,0
stim,125292,155413,0,155413,3352714.454,-0.691,0.361,0.090,-0.619,0,0,4,0,19,0,0,454,53,1.203,1,2183,0,116.347,31.371,-49.500,-96.688,-41.688,1.477,-0.465,2.605,-8.699,-30.141,-0.176,1.028,1.426,1.058,1.395,0,NULL,NULL,,3,0,2,7,255,1149,250,0,0
stim,125292,155413,0,155413,3352719.455,-0.692,0.354,0.090,-0.623,4,0,0,159,0,0,0,551,53,1.203,1,2183,0,175.016,28.405,-115.813,-112.563,-67.438,1.156,-0.352,2.699,-8.543,-27.090,0.137,0.872,1.262,1.058,1.395,0,NULL,NULL,,3,0,2,7,255,1149,250,0,0
stim,125292,155413,0,155413,3352724.454,-0.694,0.353,0.077,-0.623,683,0,0,1036,0,38,0,583,53,1.203,1,2183,0,305.257,28.452,153.438,-238.563,112.813,0.727,-0.145,4.797,-8.699,-27.090,2.211,0.720,1.096,1.058,1.395,0,NULL,NULL,,3,0,2,7,255,1149,250,0,0
stim,125292,155413,0,155413,3352729.455,-0.708,0.342,0.070,-0.614,1365,0,0,1610,0,287,0,615,53,1.203,1,2183,0,494.828,30.506,-216.813,-241.063,373.813,-0.199,1.613,5.602,-8.543,-29.285,21.039,0.578,0.930,1.058,1.395,0,NULL,NULL,,3,0,2,7,255,1149,250,0,0
stim,125292,155413,0,155413,3352734.453,-0.730,0.311,0.084,-0.603,1955,0,0,1951,0,503,0,687,53,1.203,1,2183,0,955.056,29.346,-879.250,-165.563,334.125,-0.707,2.711,1.473,-1.883,-29.285,21.039,0.456,0.768,1.058,1.395,0,NULL,NULL,,3,0,2,7,255,1149,250,0,0
stim,125292,155413,0,155413,3352739.455,-0.747,0.285,0.093,-0.594,2245,0,0,2111,0,638,0,749,53,1.203,1,2184,0,766.009,19.877,-695.875,-182.375,263.188,-1.570,2.633,-1.074,19.875,0.273,13.949,0.372,0.610,1.058,1.395,1,1148.000,-1.000,,3,0,2,7,255,1149,250,0,0
stim,125292,155413,0,155413,3352744.454,-0.754,0.271,0.097,-0.590,2459,0,0,2238,0,827,0,851,53,1.203,1,2184,0,383.844,28.982,-347.438,-123.938,106.125,-1.520,1.590,-1.176,19.875,21.094,-3.695,0.344,0.458,1.058,1.395,1,NULL,NULL,,3,0,2,7,255,1149,250,0,0
stim,125292,155413,0,155413,3352749.455,-0.756,0.264,0.095,-0.591,2629,0,0,2415,0,1011,0,933,53,1.203,1,2184,0,166.409,24.321,-104.875,-128.875,-9.188,-0.398,0.688,0.340,12.105,21.094,-3.695,0.380,0.318,1.058,1.395,1,NULL,NULL,,3,0,2,7,255,1149,250,0,0
stim,125321,155442,0,155442,3352754.454,-0.759,0.259,0.092,-0.590,2799,0,0,2642,0,1147,0,958,53,1.203,1,2184,0,147.980,12.414,-64.438,-119.313,59.250,0.352,1.555,1.121,12.105,2.750,-3.453,0.458,0.216,1.058,1.395,1,NULL,NULL,,3,0,2,7,255,1149,250,0,0
stim,125321,155442,0,155442,3352759.455,-0.768,0.252,0.087,-0.582,2927,0,0,2783,0,1179,0,1031,53,1.203,1,2184,0,354.118,5.693,-125.688,-172.000,282.875,-0.844,0.957,0.961,4.984,2.750,2.004,0.524,0.182,1.058,1.395,1,NULL,NULL,,3,0,2,7,255,1149,250,0,0
stim,125321,155442,0,155442,3352764.453,-0.780,0.238,0.084,-0.572,2995,0,0,2899,0,1206,0,1115,53,1.203,1,2184,0,485.574,6.637,-294.000,-218.688,318.625,-2.328,-0.711,0.723,4.984,4.383,3.910,0.554,0.198,1.058,1.395,1,NULL,NULL,,3,0,2,7,255,1149,250,0,0
stim,125321,155442,0,155442,3352769.455,-0.785,0.225,0.082,-0.571,3043,0,0,2974,0,1249,0,1193,53,1.203,1,2184,0,331.557,20.805,-243.438,-213.688,70.750,-2.613,-0.789,-0.398,-14.965,14.453,3.910,0.552,0.244,1.058,1.395,2,NULL,NULL,,3,0,2,7,255,1149,250,0,0
stim,125343,155464,0,155464,3352774.454,-0.783,0.218,0.076,-0.577,3087,0,0,3047,0,1309,0,1315,53,1.203,1,2184,0,260.234,20.805,-33.563,-219.625,-135.500,-1.098,0.035,-0.090,-14.965,14.453,-5.188,0.540,0.304,1.058,1.395,2,NULL,NULL,,3,0,2,7,255,1149,250,0,0
stim,125343,155464,0,155464,3352779.455,-0.778,0.215,0.069,-0.587,3117,0,0,3089,0,1377,0,1415,53,1.203,1,2184,0,308.366,10.281,103.750,-199.313,-211.188,0.488,-0.133,1.387,-3.129,9.793,-5.188,0.536,0.362,1.058,1.395,2,NULL,NULL,,3,0,2,7,255,1149,250,0,0
stim,125343,155464,0,155464,3352784.454,-0.775,0.212,0.062,-0.592,3123,0,0,3124,83,1436,0,1469,53,1.203,1,2184,0,214.213,10.616,54.125,-168.813,-120.250,1.398,-0.797,2.324,-3.129,-10.145,0.457,0.538,0.408,1.058,1.395,2,NULL,NULL,,3,0,2,7,255,1149,250,0,0
stim,125343,155464,0,155464,3352789.455,-0.778,0.205,0.059,-0.592,3149,0,0,3164,262,1508,0,1515,53,1.203,1,2184,0,202.245,23.905,-105.188,-165.625,49.063,1.352,-1.648,2.242,-6.363,-23.043,2.355,0.524,0.442,1.058,1.395,2,NULL,NULL,,3,0,2,7,255,1149,250,0,0
stim,125343,155464,0,155464,3352794.453,-0.785,0.194,0.058,-0.586,3157,0,0,3177,415,1619,0,1527,53,1.203,1,2184,0,332.730,27.060,-225.875,-152.188,191.125,0.414,-1.828,1.336,-14.188,-23.043,2.355,0.494,0.472,1.058,1.395,2,NULL,NULL,,3,0,2,7,255,1149,250,0,0
stim,125343,155464,0,155464,3352799.455,-0.792,0.183,0.057,-0.580,3159,0,0,3191,592,1735,0,1551,53,1.203,1,2184,0,321.259,19.416,-207.125,-151.688,193.125,-0.906,-1.191,0.555,-14.449,-12.969,-2.691,0.454,0.490,1.058,1.395,2,NULL,NULL,,3,0,2,7,255,1149,250,0,0
stim,125343,155464,0,155464,3352804.453,-0.795,0.176,0.054,-0.578,3175,0,0,3199,687,1837,0,1596,53,1.203,1,2184,0,209.467,14.729,-115.563,-158.375,73.750,-0.926,-0.496,0.480,-14.449,2.855,-3.691,0.416,0.488,1.058,1.395,2,NULL,NULL,,3,0,2,7,255,1149,250,0,0
stim,125388,155509,0,155509,3352809.455,-0.797,0.171,0.049,-0.577,3167,0,0,3212,815,1919,0,1651,53,1.203,1,2184,0,170.316,8.546,-33.563,-162.313,39.188,-0.113,-0.094,0.840,-8.055,2.855,-3.691,0.384,0.458,1.058,1.395,2,NULL,NULL,,3,0,2,7,255,1149,250,0,0
stim,125388,155509,0,155509,3352814.454,-0.799,0.165,0.044,-0.577,3177,0,0,3210,905,2014,0,1707,53,1.203,1,2184,0,169.831,2.838,-37.438,-160.563,40.750,-0.129,0.070,1.516,-2.070,-1.941,-1.914,0.364,0.398,1.058,1.395,2,NULL,NULL,,3,0,2,7,255,1149,250,0,0
stim,125388,155509,0,155509,3352819.455,-0.801,0.159,0.040,-0.576,3179,0,0,3215,968,2089,0,1757,53,1.203,1,2184,0,170.220,3.482,-79.313,-145.375,39.375,0.129,0.211,1.371,-1.219,-3.262,3.059,0.364,0.320,1.058,1.395,2,NULL,NULL,,3,0,2,7,255,1149,250,0,0
stim,125388,155509,0,155509,3352824.454,-0.803,0.152,0.038,-0.575,3165,0,0,3214,1013,2152,0,1789,53,1.203,1,2184,0,172.956,3.799,-101.688,-134.250,39.375,0.070,0.055,1.191,-0.363,-3.781,3.059,0.380,0.248,1.058,1.395,2,NULL,NULL,,3,0,2,7,255,1149,250,0,0
stim,125388,155509,0,155509,3352829.455,-0.804,0.146,0.036,-0.575,3176,0,0,3224,1177,2230,0,1895,53,1.203,1,2184,0,155.929,3.799,-93.875,-121.813,25.750,0.055,-0.242,0.961,-0.363,-3.781,1.281,0.392,0.204,1.058,1.395,2,NULL,NULL,,3,0,2,7,255,1149,250,0,0
stim,125388,155509,0,155509,3352834.453,-0.805,0.141,0.033,-0.575,3177,0,0,3213,1261,2281,0,1968,53,1.203,1,2184,0,126.123,4.676,-57.375,-110.313,21.125,0.125,-0.246,1.063,-2.750,-3.781,-0.422,0.396,0.184,1.058,1.395,2,NULL,NULL,,3,0,2,7,255,1149,250,0,0
stim,125388,155509,0,155509,3352839.455,-0.806,0.139,0.031,-0.575,3175,0,0,3210,1357,2319,0,2054,53,1.203,1,2184,0,70.540,5.367,-12.750,-69.375,0.625,0.293,0.113,1.605,-2.750,-4.609,-0.422,0.394,0.184,1.058,1.395,2,NULL,NULL,,3,0,2,7,255,1149,250,0,0
stim,125412,155533,0,155533,3352844.453,-0.806,0.137,0.030,-0.575,3187,0,0,3221,1417,2349,0,2123,53,1.203,1,2184,0,47.752,5.710,-10.313,-46.625,-0.188,0.566,0.801,1.211,0.656,-5.672,1.730,0.392,0.188,1.058,1.395,2,NULL,NULL,,3,0,2,7,255,1149,250,0,0
stim,125412,155533,0,155533,3352849.455,-0.806,0.136,0.028,-0.576,3174,0,0,3211,1449,2375,0,2151,53,1.203,1,2184,0,40.660,8.895,-4.375,-40.313,-3.000,0.113,0.855,1.645,6.852,-5.672,4.938,0.394,0.188,1.058,1.395,2,NULL,NULL,,3,0,2,7,255,1149,250,0,0
stim,125412,155533,0,155533,3352854.454,-0.806,0.133,0.030,-0.577,3171,0,0,3208,1497,2401,0,2203,53,1.203,1,2184,0,87.587,7.271,-80.250,-22.188,-27.188,-0.207,0.230,1.512,6.852,-2.434,5.281,0.400,0.184,1.058,1.395,2,NULL,NULL,,3,0,2,7,255,1149,250,0,0
stim,125412,155533,0,155533,3352859.455,-0.806,0.128,0.032,-0.577,3170,0,0,3206,1527,2413,0,2223,53,1.203,1,2184,0,99.172,1.240,-95.000,-16.938,-22.875,-0.051,-0.008,0.688,0.250,-1.215,5.281,0.416,0.172,1.058,1.395,2,NULL,NULL,,3,0,2,7,255,1149,250,0,0
stim,125437,155558,0,155558,3352864.454,-0.805,0.126,0.032,-0.579,3171,0,0,3211,1577,2427,0,2252,53,1.203,1,2184,0,62.677,1.288,-47.438,-20.000,-35.750,-0.250,-0.051,0.801,-0.762,-1.039,-1.789,0.432,0.158,1.058,1.395,2,NULL,NULL,,3,0,2,7,255,1149,250,0,0
stim,125437,155558,0,155558,3352869.455,-0.804,0.125,0.032,-0.581,3173,0,0,3209,1613,2442,0,2281,53,1.203,1,2184,0,66.784,1.434,-15.875,-17.375,-62.500,-0.074,0.066,0.938,-0.762,-1.215,-1.789,0.452,0.146,1.058,1.395,2,NULL,NULL,,3,0,2,7,255,1149,250,0,0
stim,125437,155558,0,155558,3352874.454,-0.802,0.124,0.033,-0.583,3166,0,0,3199,1643,2457,0,2294,53,1.203,1,2184,0,59.210,1.340,-19.625,-15.438,-53.688,0.109,0.098,1.086,-0.289,-1.309,-0.660,0.474,0.130,1.058,1.395,2,NULL,NULL,,3,0,2,7,255,1149,250,0,0
stim,125437,155558,0,155558,3352879.455,-0.802,0.122,0.033,-0.584,3171,0,0,3197,1661,2469,0,2326,53,1.203,1,2184,0,49.127,2.341,-39.313,-12.875,-26.500,0.008,0.059,1.074,-0.160,-2.336,0.445,0.496,0.114,1.058,1.395,2,NULL,NULL,,3,0,2,7,255,1149,250,0,0
stim,125437,155558,0,155558,3352884.453,-0.802,0.120,0.034,-0.585,3167,3,0,3207,1682,2468,0,2325,53,1.203,1,2184,0,51.577,2.383,-44.375,-10.000,-24.313,-0.145,0.164,0.980,0.469,-2.336,0.445,0.516,0.096,1.058,1.395,2,NULL,NULL,,3,0,2,7,255,1149,250,0,0
stim,125437,155558,0,155558,3352889.455,-0.801,0.118,0.034,-0.586,3164,9,0,3196,1695,2479,0,2335,53,1.203,1,2184,0,53.124,0.711,-30.563,-8.750,-42.563,-0.105,0.238,0.969,0.469,-0.535,-0.004,0.532,0.084,1.058,1.395,2,NULL,NULL,,3,0,2,7,255,1149,250,0,0
stim,125510,155631,0,155631,3352894.454,-0.800,0.117,0.035,-0.588,3163,31,0,3205,1703,2489,0,2351,53,1.203,1,2184,0,52.365,1.320,-19.938,-6.375,-48.000,0.047,0.184,1.059,1.207,-0.535,-0.004,0.540,0.076,1.058,1.395,2,NULL,NULL,,3,0,2,7,255,1149,250,0,0
stim,125510,155631,0,155631,3352899.455,-0.799,0.116,0.035,-0.589,3161,43,0,3208,1703,2484,0,2350,53,1.203,1,2184,0,38.666,2.546,-23.875,-4.188,-30.125,0.082,0.156,1.094,1.207,-2.242,0.414,0.548,0.068,1.058,1.395,2,NULL,NULL,,3,0,2,7,255,1149,250,0,0
stim,125510,155631,0,155631,3352904.454,-0.799,0.115,0.036,-0.589,3164,51,0,3193,1719,2491,0,2357,53,1.203,1,2184,0,33.470,2.481,-30.375,-2.250,-13.875,-0.035,0.164,1.055,1.063,-2.242,0.516,0.556,0.060,1.058,1.395,2,NULL,NULL,,3,0,2,7,255,1149,250,0,0
stim,125510,155631,0,155631,3352909.457,-0.799,0.114,0.036,-0.590,3175,55,0,3207,1723,2503,3,2379,53,1.203,1,2184,0,33.342,1.730,-30.000,-1.188,-14.500,-0.137,0.141,0.996,0.813,-1.527,0.516,0.568,0.050,1.058,1.395,2,NULL,NULL,,3,0,2,7,255,1149,250,0,0
stim,125510,155631,0,155631,3352914.454,-0.798,0.113,0.037,-0.590,3155,57,1,3206,1719,2505,3,2377,53,1.203,1,2184,0,30.783,0.846,-22.375,-0.813,-21.125,-0.121,0.094,0.980,0.352,-0.770,0.129,0.580,0.040,1.058,1.395,2,NULL,NULL,,3,0,2,7,255,1149,250,0,0
stim,125510,155631,0,155631,3352919.455,-0.798,0.112,0.037,-0.591,3159,61,4,3193,1709,2507,4,2379,53,1.203,1,2184,0,25.841,0.798,-15.688,-1.188,-20.500,-0.078,0.102,1.016,0.211,-0.770,0.129,0.590,0.032,1.058,1.395,2,NULL,NULL,,3,0,2,7,255,1149,250,0,0
stim,125510,155631,0,155631,3352924.453,-0.798,0.112,0.038,-0.592,3159,72,7,3183,1712,2506,21,2363,53,1.264,1,2184,1,19.836,1.114,-14.875,-1.250,-13.063,-0.090,0.133,1.043,0.211,-1.094,0.145,0.000,0.000,1.102,1.428,2,NULL,NULL,,3,0,2,7,255,1149,250,0,0
stim,125510,155631,0,155631,3352929.455,-0.798,0.111,0.038,-0.592,3149,73,3,3183,1717,2515,21,2387,53,1.264,1,2184,1,20.287,1.164,-18.500,-1.813,-8.125,-0.156,0.145,1.031,0.398,-1.094,0.473,0.006,0.006,1.102,1.428,2,NULL,NULL,,3,0,2,7,255,1149,250,0,0
stim,125510,155631,0,155631,3352934.454,-0.797,0.110,0.038,-0.592,3141,70,7,3179,1733,2519,26,2360,53,1.264,1,2184,1,22.426,0.572,-20.063,-3.188,-9.500,-0.211,0.121,1.000,0.398,-0.410,0.473,0.014,0.010,1.102,1.428,2,NULL,NULL,,3,0,2,7,255,1149,250,0,0
stim,125510,155631,0,155631,3352939.455,-0.797,0.109,0.039,-0.593,3141,79,9,3175,1727,2515,26,2393,53,1.264,1,2184,1,24.245,0.089,-19.063,-4.813,-14.188,-0.219,0.070,0.988,0.059,0.066,0.262,0.020,0.018,1.102,1.428,2,NULL,NULL,,3,0,2,7,255,1149,250,0,0
stim,125510,155631,0,155631,3352944.453,-0.797,0.108,0.039,-0.593,3127,88,16,3169,1735,2511,23,2394,53,1.264,1,2184,1,25.177,0.446,-17.125,-6.563,-17.250,-0.188,0.035,0.969,-0.441,0.066,0.117,0.026,0.024,1.102,1.428,2,NULL,NULL,,3,0,2,7,255,1149,250,0,0
stim,125510,155631,0,155631,3352949.455,-0.796,0.108,0.039,-0.594,3117,86,17,3165,1751,2524,22,2413,53,1.264,1,2184,1,23.065,0.648,-14.625,-8.250,-15.813,-0.164,0.031,0.953,-0.598,-0.250,-0.145,0.034,0.030,1.102,1.428,2,NULL,NULL,,3,0,2,7,255,1149,250,0,0
stim,125510,155631,0,155631,3352954.453,-0.796,0.107,0.039,-0.594,3114,87,29,3155,1757,2519,23,2424,53,1.264,1,2184,1,20.535,0.763,-12.375,-9.813,-13.125,-0.172,0.020,0.953,-0.664,-0.375,-0.344,0.040,0.034,1.102,1.428,2,NULL,NULL,,3,0,2,7,255,1149,250,0,0
stim,125510,155631,0,155631,3352959.455,-0.796,0.106,0.039,-0.595,3101,85,39,3111,1765,2515,24,2439,53,1.264,1,2184,1,21.013,0.800,-10.875,-11.125,-14.125,-0.184,0.020,0.949,-0.707,-0.375,-0.344,0.044,0.038,1.102,1.428,2,NULL,NULL,,3,0,2,7,255,1149,250,0,0
stim,125534,155655,0,155655,3352964.454,-0.796,0.105,0.039,-0.595,3092,72,66,3123,1789,2521,23,2443,53,1.264,1,2184,1,22.168,0.790,-8.125,-12.375,-16.500,-0.164,0.039,0.938,-0.707,-0.352,-0.344,0.048,0.042,1.102,1.428,2,NULL,NULL,,3,0,2,7,255,1149,250,0,0
stim,125534,155655,0,155655,3352969.455,-0.795,0.105,0.039,-0.596,3095,73,84,3119,1812,2523,25,2457,53,1.264,1,2184,1,21.144,0.611,-4.125,-13.563,-15.688,-0.145,0.051,0.953,-0.500,-0.352,-0.359,0.050,0.042,1.102,1.428,2,NULL,NULL,,3,0,2,7,255,1149,250,0,0
stim,125534,155655,0,155655,3352974.454,-0.795,0.104,0.039,-0.596,3076,61,98,3092,1845,2523,28,2475,53,1.264,1,2184,1,20.087,0.478,-3.188,-14.813,-13.188,-0.172,0.078,0.977,-0.324,-0.352,-0.359,0.050,0.042,1.102,1.428,2,NULL,NULL,,3,0,2,7,255,1149,250,0,0
stim,125534,155655,1,155655,3352979.455,-0.795,0.104,0.038,-0.597,3051,63,136,3080,1868,2529,29,2485,53,1.264,1,2184,1,22.514,0.267,-4.625,-16.313,-14.813,-0.219,0.121,0.988,-0.152,-0.219,-0.070,0.050,0.040,1.102,1.428,2,NULL,NULL,,3,1,2,7,255,1149,250,0,0
stim,125554,155675,1,155675,3352984.453,-0.794,0.103,0.038,-0.598,3043,69,137,3061,1898,2536,29,2515,53,1.264,1,2184,1,28.647,0.340,-5.375,-17.063,-22.375,-0.211,0.164,1.000,0.133,0.313,0.184,0.048,0.038,1.102,1.428,2,NULL,NULL,,3,1,2,7,255,1149,250,0,0
stim,125554,155675,1,155675,3352989.455,-0.793,0.102,0.037,-0.599,3025,71,146,3043,1939,2533,27,2524,53,1.264,1,2184,1,33.473,0.626,-5.688,-17.438,-28.000,-0.160,0.195,1.016,0.543,0.313,0.289,0.048,0.036,1.102,1.428,2,NULL,NULL,,3,1,2,7,255,1149,250,0,0
stim,125554,155675,1,155675,3352994.453,-0.793,0.102,0.037,-0.600,3006,75,179,3027,1977,2536,27,2541,53,1.264,1,2184,1,35.245,0.978,-7.688,-17.688,-29.500,-0.109,0.199,1.027,0.977,-0.047,0.398,0.046,0.034,1.102,1.428,2,NULL,NULL,,3,1,2,7,255,1149,250,0,0
stim,125554,155675,1,155675,3352999.455,-0.792,0.101,0.036,-0.601,2989,76,245,3004,2019,2539,45,2569,53,1.264,1,2184,1,33.852,1.225,-10.688,-17.875,-26.688,-0.102,0.191,1.035,1.109,-0.520,0.410,0.044,0.030,1.102,1.428,2,NULL,NULL,,3,1,2,7,255,1149,250,0,0
stim,125593,155714,1,155714,3353004.454,-0.792,0.100,0.036,-0.602,2968,76,304,2987,2058,2540,83,2584,53,1.264,1,2184,1,34.852,1.278,-13.625,-17.125,-27.125,-0.113,0.199,1.031,1.168,-0.520,0.445,0.042,0.026,1.102,1.428,2,NULL,NULL,,3,1,2,7,255,1149,250,0,0
stim,125593,155714,1,155714,3353009.455,-0.791,0.099,0.036,-0.603,2943,85,345,2969,2093,2543,107,2600,53,1.264,1,2184,1,36.190,1.285,-13.875,-16.063,-29.313,-0.094,0.219,1.008,1.168,-0.535,0.445,0.042,0.022,1.102,1.428,2,NULL,NULL,,3,1,2,7,255,1149,250,0,0
stim,125593,155714,1,155714,3353014.454,-0.790,0.098,0.036,-0.604,2923,103,437,2953,2151,2547,142,2616,53,1.264,1,2184,1,34.469,1.399,-12.625,-15.188,-28.250,-0.074,0.203,1.027,1.293,-0.535,0.348,0.042,0.018,1.102,1.428,2,NULL,NULL,,3,1,2,7,255,1149,250,0,0
stim,125593,155714,1,155714,3353019.455,-0.790,0.097,0.035,-0.605,2902,121,527,2934,2213,2552,187,2631,53,1.264,1,2184,1,32.474,1.513,-13.938,-13.813,-25.875,-0.066,0.168,1.035,1.293,-0.785,0.348,0.042,0.016,1.102,1.428,2,NULL,NULL,,3,1,2,7,255,1149,250,0,0
stim,125593,155714,1,155714,3353024.453,-0.789,0.096,0.035,-0.605,2875,139,645,2914,2267,2553,219,2643,53,1.264,1,2184,1,29.436,1.332,-15.438,-13.188,-21.313,-0.074,0.176,1.008,1.070,-0.793,0.348,0.044,0.016,1.102,1.428,2,NULL,NULL,,3,1,2,7,255,1149,250,0,0
stim,125593,155714,1,155714,3353029.455,-0.789,0.095,0.035,-0.606,2855,143,729,2894,2313,2555,259,2653,53,1.264,1,2184,1,27.113,1.285,-15.750,-12.500,-18.188,-0.102,0.141,0.992,1.012,-0.793,0.133,0.044,0.016,1.102,1.428,2,NULL,NULL,,3,1,2,7,255,1149,250,0,0
stim,125593,155715,1,155715,3353034.454,-0.788,0.094,0.035,-0.607,2829,155,785,2876,2348,2558,313,2668,53,1.264,1,2184,1,27.521,0.902,-16.375,-12.313,-18.375,-0.137,0.098,0.977,0.676,-0.598,0.008,0.046,0.016,1.102,1.428,2,NULL,NULL,,3,1,2,7,255,1149,250,0,0
stim,125593,155715,1,155715,3353039.455,-0.788,0.093,0.035,-0.608,2799,175,891,2859,2393,2567,393,2683,53,1.264,1,2184,1,30.212,0.371,-15.438,-12.750,-22.625,-0.160,0.102,0.969,0.211,-0.305,-0.102,0.048,0.018,1.102,1.428,2,NULL,NULL,,3,1,2,7,255,1149,250,0,0
stim,125593,155715,1,155715,3353044.454,-0.787,0.093,0.035,-0.609,2767,175,1019,2841,2439,2569,453,2698,53,1.264,1,2184,1,33.774,0.211,-15.625,-12.813,-27.063,-0.168,0.102,0.973,0.207,-0.043,-0.102,0.050,0.020,1.102,1.428,2,NULL,NULL,,3,1,2,7,255,1149,250,0,0
stim,125593,155715,1,155715,3353049.455,-0.787,0.092,0.035,-0.610,2735,185,1133,2824,2472,2575,537,2709,53,1.264,1,2184,1,40.745,0.211,-14.938,-13.625,-35.375,-0.156,0.070,0.996,0.207,-0.043,-0.094,0.052,0.022,1.102,1.428,2,NULL,NULL,,3,1,2,7,255,1149,250,0,0
stim,125621,155742,1,155742,3353054.453,-0.786,0.090,0.035,-0.611,2701,221,1235,2803,2507,2577,585,2727,53,1.264,1,2184,1,45.615,0.193,-21.875,-14.000,-37.500,-0.152,0.020,1.000,-0.059,-0.184,0.078,0.054,0.022,1.102,1.428,2,NULL,NULL,,3,1,2,7,255,1149,250,0,0
stim,125621,155742,1,155742,3353059.455,-0.785,0.089,0.036,-0.613,2655,245,1321,2779,2541,2579,682,2735,53,1.264,1,2184,1,51.096,0.619,-23.250,-14.875,-43.000,-0.137,0.000,0.984,-0.504,-0.359,0.078,0.056,0.022,1.102,1.428,2,NULL,NULL,,3,1,2,7,255,1149,250,0,0
stim,125621,155742,1,155742,3353064.453,-0.784,0.087,0.036,-0.614,2603,243,1407,2757,2575,2580,807,2747,53,1.264,1,2184,1,52.223,0.793,-27.688,-14.750,-41.750,-0.105,-0.031,0.953,-0.637,-0.473,-0.082,0.058,0.022,1.102,1.428,2,NULL,NULL,,3,1,2,7,255,1149,250,0,0
stim,125621,155742,1,155742,3353069.455,-0.783,0.086,0.036,-0.615,2554,249,1571,2727,2604,2582,921,2765,53,1.264,1,2184,1,49.022,0.954,-24.063,-15.938,-39.625,-0.117,-0.020,0.965,-0.707,-0.641,-0.316,0.060,0.024,1.102,1.428,2,NULL,NULL,,3,1,2,7,255,1149,250,0,0
stim,125647,155768,1,155768,3353074.454,-0.782,0.084,0.037,-0.617,2495,253,1659,2699,2633,2585,1033,2779,53,1.264,1,2184,1,50.030,1.056,-22.938,-16.438,-41.313,-0.133,-0.031,0.957,-0.840,-0.641,-0.371,0.064,0.024,1.102,1.428,2,NULL,NULL,,3,1,2,7,255,1149,250,0,0
stim,125647,155768,1,155768,3353079.456,-0.781,0.083,0.037,-0.618,2443,253,1767,2669,2659,2585,1159,2791,53,1.264,1,2184,1,45.697,0.954,-22.688,-18.313,-35.188,-0.098,-0.020,0.949,-0.707,-0.641,-0.371,0.066,0.026,1.102,1.428,2,NULL,NULL,,3,1,2,7,255,1149,250,0,0
stim,125647,155768,1,155768,3353084.454,-0.780,0.082,0.037,-0.619,2377,253,1849,2635,2687,2589,1295,2803,53,1.264,1,2184,1,40.817,0.796,-17.000,-19.000,-31.875,-0.137,-0.008,0.953,-0.629,-0.488,-0.375,0.068,0.028,1.102,1.428,2,NULL,NULL,,3,1,2,7,255,1149,250,0,0
stim,125647,155768,1,155768,3353089.455,-0.779,0.080,0.036,-0.620,2301,251,1927,2589,2711,2589,1391,2815,53,1.264,1,2184,1,41.731,0.786,-16.500,-19.813,-32.813,-0.117,0.051,1.035,-0.594,-0.516,-0.375,0.070,0.030,1.102,1.428,2,NULL,NULL,,3,1,2,7,255,1149,250,0,0
stim,125647,155768,1,155768,3353094.453,-0.779,0.079,0.036,-0.621,2223,251,1993,2539,2731,2591,1541,2828,53,1.264,1,2184,1,44.812,0.383,-24.313,-20.125,-31.813,-0.121,0.074,1.027,-0.012,-0.383,0.352,0.072,0.032,1.102,1.428,2,NULL,NULL,,3,1,2,7,255,1149,250,0,0
stim,125647,155768,1,155768,3353099.455,-0.778,0.078,0.036,-0.623,2139,249,2091,2492,2749,2596,1611,2839,53,1.264,1,2184,1,48.583,0.402,-23.875,-21.188,-36.625,-0.156,0.066,0.965,0.121,-0.383,0.352,0.076,0.032,1.102,1.428,2,NULL,NULL,,3,1,2,7,255,1149,250,0,0
stim,125690,155811,1,155811,3353104.454,-0.777,0.076,0.036,-0.624,2057,250,2167,2441,2765,2595,1711,2853,53,1.264,1,2184,1,56.470,0.122,-20.688,-22.063,-47.688,-0.160,0.035,0.996,0.121,-0.016,0.078,0.082,0.032,1.102,1.428,2,NULL,NULL,,3,1,2,7,255,1149,250,0,0
stim,125690,155811,1,155811,3353109.455,-0.775,0.074,0.036,-0.626,1963,249,2223,2375,2782,2592,1803,2860,53,1.264,1,2184,1,63.131,0.180,-27.188,-21.688,-52.688,-0.063,-0.074,1.090,-0.180,-0.016,0.078,0.086,0.032,1.102,1.428,2,NULL,NULL,,3,1,2,7,255,1149,250,0,0
stim,125690,155811,1,155811,3353114.454,-0.774,0.072,0.037,-0.627,1865,248,2285,2281,2803,2597,1875,2869,53,1.264,1,2184,1,64.072,1.546,-42.750,-22.313,-42.188,-0.039,-0.070,1.082,-0.859,-1.285,0.703,0.092,0.032,1.102,1.428,2,NULL,NULL,,3,1,2,7,255,1149,250,0,0
stim,125690,155811,1,155811,3353119.455,-0.774,0.070,0.037,-0.629,1722,245,2345,2201,2824,2596,1957,2877,53,1.264,1,2184,1,62.068,1.546,-47.313,-21.500,-33.938,-0.047,0.020,0.973,-0.859,-1.285,0.703,0.096,0.032,1.102,1.428,2,NULL,NULL,,3,1,2,7,255,1149,250,0,0
stim,125690,155811,1,155811,3353124.453,-0.773,0.068,0.038,-0.629,1592,245,2395,2111,2837,2596,2029,2889,53,1.264,1,2184,1,51.297,0.992,-37.500,-22.500,-26.813,-0.047,0.035,0.906,-0.004,-0.992,-0.309,0.098,0.034,1.102,1.428,2,NULL,NULL,,3,1,2,7,255,1149,250,0,0
stim,125690,155811,1,155811,3353129.455,-0.773,0.066,0.038,-0.630,1400,233,2439,2011,2851,2597,2098,2892,53,1.264,1,2184,1,43.322,0.836,-28.000,-23.500,-23.250,-0.105,0.016,0.965,-0.004,-0.836,-0.309,0.102,0.034,1.102,1.428,2,NULL,NULL,,3,1,2,7,255,1149,250,0,0
stim,125690,155811,1,155811,3353134.453,-0.772,0.064,0.038,-0.631,1273,203,2475,1912,2863,2595,2167,2905,53,1.264,1,2184,1,43.873,0.395,-24.375,-23.750,-27.688,-0.141,-0.008,1.012,-0.113,-0.379,-0.293,0.104,0.034,1.102,1.428,2,NULL,NULL,,3,1,2,7,255,1149,250,0,0
stim,125690,155811,1,155811,3353139.456,-0.771,0.063,0.037,-0.632,1124,180,2509,1799,2877,2591,2228,2907,53,1.264,1,2184,1,47.013,0.528,-25.063,-24.688,-31.188,-0.117,-0.027,1.031,-0.367,-0.379,0.188,0.106,0.034,1.102,1.428,2,NULL,NULL,,3,1,2,7,255,1149,250,0,0
stim,125714,155835,1,155835,3353144.454,-0.771,0.061,0.037,-0.633,987,156,2538,1635,2895,2591,2277,2917,53,1.264,1,2184,1,48.376,0.588,-27.563,-25.500,-30.500,-0.094,-0.027,1.035,-0.418,-0.414,0.340,0.108,0.036,1.102,1.428,2,NULL,NULL,,3,1,2,7,255,1149,250,0,0
stim,125714,155835,1,155835,3353149.455,-0.770,0.059,0.037,-0.634,789,111,2567,1430,2903,2585,2333,2925,53,1.264,1,2184,1,45.864,0.588,-26.313,-26.500,-26.625,-0.102,0.008,1.008,-0.418,-0.414,0.340,0.108,0.038,1.102,1.428,2,NULL,NULL,,3,1,2,7,255,1149,250,0,0
stim,125714,155835,1,155835,3353154.453,-0.769,0.058,0.037,-0.635,581,78,2588,1237,2915,2582,2386,2931,53,1.264,1,2184,1,42.904,0.421,-20.813,-27.750,-25.250,-0.098,0.078,0.992,-0.094,-0.410,0.121,0.110,0.038,1.102,1.428,2,NULL,NULL,,3,1,2,7,255,1149,250,0,0
stim,125714,155835,1,155835,3353159.455,-0.769,0.056,0.036,-0.636,399,67,2615,1047,2925,2577,2425,2939,53,1.264,1,2184,1,42.291,0.370,-16.250,-28.500,-26.688,-0.129,0.047,1.027,0.262,-0.262,0.121,0.110,0.040,1.102,1.428,2,NULL,NULL,,3,1,2,7,255,1149,250,0,0
stim,125734,155855,1,155855,3353164.453,-0.768,0.055,0.036,-0.637,295,19,2637,847,2936,2569,2463,2942,53,1.264,1,2184,1,43.354,0.370,-17.125,-30.063,-26.125,-0.086,-0.051,1.086,0.262,-0.262,0.340,0.112,0.040,1.102,1.428,2,NULL,NULL,,3,1,2,7,255,1149,250,0,0
stim,125734,155855,1,155855,3353169.455,-0.768,0.053,0.036,-0.637,143,0,2658,627,2952,2553,2503,2952,53,1.264,1,2184,1,44.965,0.758,-26.625,-31.625,-17.688,-0.105,-0.094,1.066,-0.566,-0.504,0.676,0.114,0.040,1.102,1.428,2,NULL,NULL,,3,1,2,7,255,1149,250,0,0
stim,125734,155855,1,155855,3353174.454,-0.768,0.051,0.035,-0.638,70,0,2671,455,2961,2543,2527,2956,53,1.264,1,2184,1,47.058,0.758,-26.875,-34.438,-17.500,-0.129,-0.043,1.047,-0.566,-0.504,0.676,0.116,0.038,1.102,1.428,2,NULL,NULL,,3,1,2,7,255,1149,250,0,0
stim,125734,155855,1,155855,3353179.455,-0.767,0.049,0.035,-0.639,27,0,2685,244,2969,2531,2571,2965,53,1.264,1,2184,1,49.142,0.539,-21.000,-36.813,-24.875,-0.129,0.059,1.004,-0.527,-0.109,0.516,0.118,0.036,1.102,1.428,2,NULL,NULL,,3,1,2,7,255,1149,250,0,0
stim,125734,155855,1,155855,3353184.453,-0.766,0.048,0.034,-0.640,5,0,2707,157,2980,2516,2603,2969,53,1.264,1,2184,1,54.367,0.462,-14.188,-39.875,-34.125,-0.082,0.109,1.043,0.449,-0.109,0.422,0.120,0.034,1.102,1.428,2,NULL,NULL,,3,1,2,7,255,1149,250,0,0
stim,125734,155855,1,155855,3353189.455,-0.765,0.046,0.032,-0.641,0,0,2727,103,2985,2493,2632,2975,53,1.264,1,2184,1,57.724,0.944,-11.688,-43.375,-36.250,-0.055,0.090,1.055,0.918,-0.219,0.422,0.122,0.034,1.102,1.428,2,NULL,NULL,,3,1,2,7,255,1149,250,0,0
stim,125786,155907,1,155907,3353194.453,-0.765,0.045,0.031,-0.642,0,0,2742,53,2999,2467,2667,2983,53,1.264,1,2184,1,54.850,0.944,5.313,-49.125,-23.813,-0.191,0.000,1.117,0.918,-0.219,0.508,0.120,0.036,1.102,1.428,2,NULL,NULL,,3,1,2,7,255,1149,250,0,0
stim,125786,155907,1,155907,3353199.455,-0.764,0.044,0.029,-0.643,0,0,2759,0,3005,2443,2695,2985,53,1.264,1,2184,0,62.381,0.689,14.625,-56.438,-22.188,-0.289,-0.004,1.277,-0.211,0.656,1.262,0.116,0.042,1.102,1.428,3,NULL,NULL,,3,1,2,7,255,1149,250,0,0
stim,125786,155907,1,155907,3353204.454,-0.763,0.042,0.026,-0.644,0,0,2773,0,3017,2416,2714,2981,53,1.264,1,2184,0,71.782,1.457,7.313,-61.375,-36.500,-0.285,0.008,1.359,-0.258,1.434,2.934,0.112,0.048,1.102,1.428,3,NULL,NULL,,3,1,2,7,255,1149,250,0,0
stim,125786,155907,1,155907,3353209.455,-0.762,0.041,0.024,-0.645,0,0,2780,0,3027,2393,2741,2989,53,1.264,1,2184,0,76.786,1.457,10.563,-68.250,-33.563,-0.211,0.074,1.398,-0.258,1.434,3.715,0.108,0.054,1.102,1.428,3,NULL,NULL,,3,1,2,7,255,1149,250,0,0
stim,125786,155907,1,155907,3353214.454,-0.762,0.040,0.020,-0.646,0,0,2787,0,3035,2355,2763,2995,53,1.264,1,2184,0,84.360,1.167,31.063,-77.500,-12.063,-0.203,0.266,1.578,0.492,1.059,4.043,0.106,0.058,1.102,1.428,3,NULL,NULL,,3,1,2,7,255,1149,250,0,0
stim,125786,155907,1,155907,3353219.455,-0.762,0.037,0.018,-0.646,0,0,2793,0,3039,2317,2781,2996,53,1.264,1,2184,0,84.642,2.469,-16.500,-83.000,1.750,-0.082,0.387,1.543,2.309,0.875,5.332,0.104,0.064,1.102,1.428,3,NULL,NULL,,3,1,2,7,255,1149,250,0,0
stim,125786,155907,1,155907,3353224.453,-0.763,0.033,0.016,-0.646,0,0,2797,0,3048,2259,2798,2997,53,1.264,1,2184,0,97.914,2.320,-53.500,-81.875,4.625,-0.086,0.184,1.254,2.309,0.230,5.332,0.102,0.070,1.102,1.428,3,NULL,NULL,,3,1,2,7,255,1149,250,0,0
stim,125786,155907,0,155907,3353229.455,-0.764,0.029,0.015,-0.645,0,0,2798,0,3053,2213,2823,2997,53,1.264,1,2184,0,101.754,1.734,-39.500,-90.500,24.563,-0.156,0.043,1.105,1.719,0.230,2.504,0.096,0.078,1.102,1.428,3,NULL,NULL,,3,0,2,7,255,1155,250,0,0
stim,125810,155931,0,155931,3353234.453,-0.765,0.026,0.012,-0.644,0,0,2810,0,3059,2149,2851,2989,53,1.264,1,2184,0,102.145,0.916,-17.750,-96.188,29.438,-0.219,-0.008,1.133,0.230,0.887,1.383,0.090,0.088,1.102,1.428,3,NULL,NULL,,3,0,2,7,255,1155,250,0,0
stim,125810,155931,0,155931,3353239.455,-0.765,0.023,0.009,-0.643,0,0,2797,0,3077,2071,2863,3003,53,1.264,1,2184,0,103.115,1.519,-9.688,-101.375,16.188,-0.273,-0.066,1.184,-0.371,1.473,1.383,0.084,0.096,1.102,1.428,3,NULL,NULL,,3,0,2,7,255,1155,250,0,0
stim,125810,155931,0,155931,3353244.454,-0.766,0.020,0.006,-0.643,0,0,2805,0,3081,1975,2879,2996,53,1.264,1,2184,0,107.438,1.782,-10.813,-106.688,6.625,-0.215,-0.098,1.238,-1.004,1.473,1.914,0.078,0.106,1.102,1.428,3,NULL,NULL,,3,0,2,7,255,1155,250,0,0
stim,125810,155931,0,155931,3353249.455,-0.766,0.016,0.003,-0.643,0,0,2797,0,3087,1852,2901,2997,53,1.264,1,2184,0,113.098,1.769,-17.875,-111.188,10.438,-0.148,-0.055,1.262,-1.004,1.457,2.395,0.070,0.114,1.102,1.428,3,NULL,NULL,,3,0,2,7,255,1155,250,0,0
stim,125810,155931,0,155931,3353254.453,-0.767,0.012,-0.000,-0.642,0,0,2783,0,3093,1726,2904,2990,53,1.264,1,2184,0,119.923,1.193,-22.750,-116.313,18.313,-0.125,-0.059,1.188,-0.707,0.961,2.395,0.062,0.126,1.102,1.428,3,NULL,NULL,,3,0,2,7,255,1155,250,0,0
stim,125810,155931,0,155931,3353259.455,-0.767,0.008,-0.004,-0.641,0,0,2765,0,3090,1597,2918,2991,53,1.264,1,2184,0,122.944,1.193,-20.125,-119.625,20.000,-0.152,-0.082,1.129,-0.707,0.961,1.863,0.056,0.134,1.102,1.428,3,NULL,NULL,,3,0,2,7,255,1155,250,0,0
stim,125837,155958,0,155958,3353264.453,-0.768,0.004,-0.007,-0.641,0,0,2761,0,3107,1407,2927,2981,53,1.264,1,2184,0,127.219,1.577,-16.938,-124.875,17.438,-0.152,-0.102,1.121,-0.996,1.223,1.289,0.048,0.146,1.102,1.428,3,NULL,NULL,,3,0,2,7,255,1155,250,0,0
stim,125837,155958,0,155958,3353269.455,-0.768,0.000,-0.011,-0.640,0,0,2735,0,3101,1193,2934,2975,53,1.264,1,2184,0,130.989,1.679,-10.625,-129.438,17.063,-0.148,-0.090,1.102,-1.066,1.297,1.191,0.040,0.156,1.102,1.428,3,NULL,NULL,,3,0,2,7,255,1155,250,0,0
stim,125837,155958,0,155958,3353274.454,-0.769,-0.004,-0.015,-0.639,0,0,2713,0,3103,984,2941,2972,53,1.264,1,2184,0,135.632,1.777,-3.813,-134.500,17.063,-0.168,-0.063,1.105,-1.066,1.422,0.988,0.030,0.168,1.102,1.428,3,NULL,NULL,,3,0,2,7,255,1155,250,0,0
stim,125837,155958,0,155958,3353279.455,-0.769,-0.007,-0.020,-0.639,0,0,2683,0,3107,757,2955,2959,53,1.264,1,2184,0,142.078,1.920,-1.188,-141.375,14.063,-0.148,-0.066,1.129,-0.879,1.707,0.988,0.022,0.180,1.102,1.428,3,NULL,NULL,,3,0,2,7,255,1155,250,0,0
stim,125838,155959,0,155959,3353284.454,-0.770,-0.011,-0.024,-0.638,0,0,2659,0,3111,599,2967,2952,53,1.264,1,2184,0,146.161,1.906,4.438,-145.625,11.688,-0.098,-0.063,1.117,-0.848,1.707,1.086,0.018,0.190,1.102,1.428,3,NULL,NULL,,3,0,2,7,255,1155,250,0,0
stim,125838,155959,0,155959,3353289.457,-0.770,-0.015,-0.030,-0.637,0,0,2630,0,3101,441,2971,2941,53,1.264,1,2184,0,151.805,1.559,7.500,-151.188,11.438,-0.039,-0.012,1.113,-0.770,1.355,1.086,0.016,0.202,1.102,1.428,3,NULL,NULL,,3,0,2,7,255,1155,250,0,0
stim,125868,155989,0,155989,3353294.453,-0.770,-0.019,-0.035,-0.637,0,0,2584,0,3103,288,2975,2919,53,1.264,1,2184,0,155.976,1.217,12.313,-154.875,13.813,-0.027,0.078,1.102,-0.230,1.195,1.063,0.016,0.212,1.102,1.428,3,NULL,NULL,,3,0,2,7,255,1155,250,0,0
stim,125868,155989,0,155989,3353299.455,-0.770,-0.022,-0.041,-0.636,0,0,2522,0,3103,137,2987,2919,53,1.264,1,2184,0,161.224,1.354,20.188,-159.500,12.063,-0.047,0.133,1.125,0.637,1.195,1.063,0.022,0.224,1.102,1.428,3,NULL,NULL,,3,0,2,7,255,1155,250,0,0
stim,125893,156014,0,156014,3353304.454,-0.771,-0.026,-0.047,-0.635,0,0,2474,0,3097,93,2991,2895,53,1.264,1,2184,0,165.564,1.619,12.313,-164.500,14.125,0.035,0.160,1.301,1.043,1.238,1.125,0.026,0.234,1.102,1.428,3,NULL,NULL,,3,0,2,7,255,1155,250,0,0
stim,125893,156014,0,156014,3353309.455,-0.771,-0.031,-0.053,-0.634,0,0,2399,0,3103,35,2997,2863,53,1.264,1,2184,0,168.660,2.168,2.938,-167.813,16.625,-0.039,0.191,1.328,1.398,1.656,2.875,0.030,0.246,1.102,1.428,3,NULL,NULL,,3,0,2,7,255,1155,250,0,0
stim,125893,156014,0,156014,3353314.454,-0.771,-0.036,-0.058,-0.633,0,0,2319,0,3093,0,2997,2840,53,1.264,1,2184,0,173.370,2.684,-6.063,-172.938,10.625,-0.078,0.270,1.367,1.527,2.207,3.066,0.038,0.258,1.102,1.428,3,NULL,NULL,,3,0,2,7,255,1155,250,0,0
stim,125893,156014,0,156014,3353319.455,-0.771,-0.041,-0.064,-0.633,0,0,2223,0,3091,3,2996,2799,53,1.264,1,2184,0,177.216,3.387,-5.625,-177.125,0.688,-0.133,0.227,1.547,1.609,2.980,3.344,0.050,0.274,1.102,1.428,3,NULL,NULL,,3,0,2,7,255,1155,250,0,0
stim,125893,156014,0,156014,3353324.453,-0.770,-0.046,-0.070,-0.632,0,0,2127,0,3080,8,3003,2763,53,1.264,1,2184,0,189.278,4.200,-1.938,-189.250,2.625,-0.207,0.105,1.832,1.609,3.879,4.977,0.068,0.294,1.102,1.428,3,NULL,NULL,,3,0,2,7,255,1155,250,0,0
stim,125893,156014,0,156014,3353329.455,-0.770,-0.052,-0.077,-0.631,0,0,1991,0,3079,37,2992,2719,53,1.264,1,2184,0,203.948,5.074,-12.688,-203.188,12.188,-0.262,0.125,2.086,0.195,5.070,7.539,0.090,0.318,1.102,1.428,3,NULL,NULL,,3,0,2,7,255,1155,250,0,0
stim,125893,156014,0,156014,3353334.453,-0.770,-0.060,-0.083,-0.630,0,0,1849,0,3059,69,2996,2653,53,1.264,1,2184,0,222.812,6.394,-37.250,-218.313,24.438,-0.395,0.301,2.148,0.195,6.391,9.813,0.120,0.348,1.102,1.428,3,NULL,NULL,,3,0,2,7,255,1155,250,0,0
stim,125893,156014,0,156014,3353339.455,-0.770,-0.068,-0.089,-0.628,0,0,1719,0,3049,62,2981,2587,53,1.264,1,2184,0,249.605,8.622,-66.375,-239.063,27.313,-0.484,0.484,2.152,1.578,8.477,9.813,0.156,0.386,1.102,1.428,3,NULL,NULL,,3,0,2,7,255,1155,250,0,0
stim,125893,156014,0,156014,3353344.454,-0.769,-0.079,-0.095,-0.627,0,0,1587,0,3033,70,2957,2518,53,1.264,1,2184,0,274.645,10.611,-87.688,-259.813,15.438,-0.523,0.520,2.125,3.223,10.109,9.602,0.200,0.430,1.102,1.428,3,NULL,NULL,,3,0,2,7,255,1155,250,0,0
stim,125893,156014,0,156014,3353349.455,-0.768,-0.090,-0.102,-0.626,0,0,1471,0,3015,73,2953,2440,53,1.264,1,2184,0,296.942,11.475,-96.188,-280.625,13.125,-0.480,0.520,2.098,3.543,10.914,8.977,0.250,0.480,1.102,1.428,3,NULL,NULL,,3,0,2,7,255,1155,250,0,0
stim,125922,156043,0,156043,3353354.454,-0.767,-0.102,-0.109,-0.624,0,0,1387,0,2997,89,2915,2351,53,1.264,1,2184,0,324.715,11.478,-109.063,-305.375,17.063,-0.445,0.480,2.129,3.543,10.918,8.613,0.302,0.534,1.102,1.428,3,NULL,NULL,,3,0,2,7,255,1155,250,0,0
stim,125922,156043,0,156043,3353359.455,-0.766,-0.115,-0.116,-0.622,0,0,1291,0,2967,92,2869,2276,53,1.264,1,2184,0,350.094,11.523,-128.750,-325.188,15.563,-0.340,0.598,2.043,3.695,10.914,8.504,0.358,0.590,1.102,1.428,3,NULL,NULL,,3,0,2,7,255,1155,250,0,0
stim,125922,156043,0,156043,3353364.453,-0.764,-0.128,-0.124,-0.620,0,0,1207,0,2926,101,2835,2167,53,1.264,1,2184,0,363.462,11.628,-113.875,-344.625,19.250,-0.348,0.445,2.074,3.484,11.094,7.688,0.418,0.652,1.102,1.428,3,NULL,NULL,,3,0,2,7,255,1155,250,0,0
stim,125922,156043,0,156043,3353369.455,-0.763,-0.141,-0.134,-0.617,0,0,1166,0,2889,111,2769,2083,53,1.264,1,2184,0,375.300,11.628,-78.625,-366.250,23.000,-0.582,0.223,2.391,3.484,11.094,7.688,0.484,0.718,1.102,1.428,3,NULL,NULL,,3,0,2,7,255,1155,250,0,0
stim,125922,156043,0,156043,3353374.454,-0.761,-0.154,-0.145,-0.614,0,0,1079,0,2837,111,2668,1981,53,1.264,1,2184,0,396.675,14.745,-63.750,-390.688,25.500,-0.801,0.434,2.848,2.410,14.547,9.473,0.556,0.790,1.102,1.428,3,NULL,NULL,,3,0,2,7,255,1155,250,0,0
stim,125945,156066,0,156066,3353379.455,-0.758,-0.168,-0.157,-0.611,0,0,937,0,2767,84,2557,1845,53,1.264,1,2184,0,423.700,19.509,-87.813,-414.500,0.000,-0.957,0.598,3.137,2.410,19.359,11.984,0.636,0.872,1.102,1.428,3,NULL,NULL,,3,0,2,7,255,1155,250,0,0
stim,125945,156066,0,156066,3353384.454,-0.753,-0.183,-0.168,-0.609,0,0,877,0,2669,70,2415,1708,53,1.264,1,2184,0,444.469,23.358,-123.750,-425.563,-33.688,-0.832,0.711,3.148,3.680,23.066,12.629,0.726,0.966,1.102,1.428,3,NULL,NULL,,3,0,2,7,255,1155,250,0,0
stim,125945,156066,0,156066,3353389.455,-0.748,-0.199,-0.178,-0.608,0,0,763,0,2551,51,2245,1564,53,1.264,1,2184,0,466.044,23.358,-145.688,-440.375,-45.188,-0.703,0.434,3.031,3.680,23.066,12.629,0.828,1.070,1.102,1.428,3,NULL,NULL,,3,0,2,7,255,1155,250,0,0
stim,125945,156066,0,156066,3353394.453,-0.742,-0.216,-0.189,-0.606,0,0,623,0,2411,1,1984,1368,53,1.264,1,2184,0,478.184,22.054,-157.438,-449.250,-45.250,-0.598,0.262,2.840,2.891,21.863,11.621,0.932,1.178,1.102,1.428,3,NULL,NULL,,3,0,2,7,255,1155,250,0,0
stim,125945,156066,0,156066,3353399.455,-0.736,-0.234,-0.200,-0.603,0,0,430,0,2196,0,1717,1149,53,1.264,1,2184,0,497.218,20.629,-161.188,-469.750,-24.063,-0.480,-0.051,2.555,1.609,20.566,9.902,1.036,1.286,1.102,1.428,3,NULL,NULL,,3,0,2,7,255,1155,250,0,0
stim,125945,156066,0,156066,3353404.453,-0.731,-0.252,-0.211,-0.598,0,0,308,0,1948,0,1361,1001,53,1.264,1,2184,0,513.585,18.384,-158.250,-488.563,5.750,-0.375,-0.348,2.090,-1.023,18.355,7.766,1.130,1.384,1.102,1.428,3,NULL,NULL,,3,0,2,7,255,1155,250,0,0
stim,125996,156117,0,156117,3353409.455,-0.725,-0.269,-0.224,-0.593,0,0,234,0,1658,0,879,866,53,1.264,1,2184,0,516.569,15.383,-130.250,-499.750,11.313,-0.141,-0.309,1.605,-2.930,15.102,4.414,1.214,1.470,1.102,1.428,3,NULL,NULL,,3,0,2,7,255,1155,250,0,0
stim,125996,156117,0,156117,3353414.454,-0.720,-0.284,-0.237,-0.586,0,0,149,0,1279,0,342,665,53,1.264,1,2184,0,511.440,11.327,-63.813,-506.688,27.688,-0.219,-0.207,1.402,-2.930,10.941,1.578,1.288,1.548,1.102,1.428,3,NULL,NULL,,3,0,2,7,255,1155,250,0,0
stim,125996,156117,0,156117,3353419.455,-0.717,-0.299,-0.252,-0.578,0,0,117,0,920,0,27,535,53,1.264,1,2184,0,511.980,11.159,-20.000,-507.688,63.063,-0.199,0.215,1.504,-2.191,10.941,-1.043,1.360,1.624,1.102,1.428,3,NULL,NULL,,3,0,2,7,255,1155,250,0,0
stim,125996,156117,0,156117,3353424.454,-0.714,-0.312,-0.267,-0.567,0,0,95,0,427,0,0,414,53,1.264,1,2184,0,516.183,12.189,20.875,-508.688,85.125,-0.484,0.090,1.910,-0.168,12.188,-1.113,1.442,1.710,1.102,1.428,3,NULL,NULL,,3,0,2,7,255,1155,250,0,0
stim,125996,156117,0,156117,3353429.455,-0.712,-0.326,-0.281,-0.554,0,0,44,0,35,0,0,311,53,1.264,1,2184,0,551.721,17.204,18.625,-525.688,166.438,-0.891,0.000,2.074,-0.168,17.203,-1.328,1.538,1.810,1.102,1.428,3,NULL,NULL,,3,0,2,7,255,1155,250,0,0
stim,125996,156117,0,156117,3353434.453,-0.711,-0.342,-0.294,-0.540,0,0,29,0,0,0,0,135,53,1.264,1,2184,0,583.343,21.165,-12.313,-545.313,206.813,-1.199,0.191,1.875,-1.477,21.113,-3.742,1.646,1.918,1.102,1.428,3,NULL,NULL,,3,0,2,7,255,1155,250,0,0
stim,125996,156117,0,156117,3353439.455,-0.707,-0.359,-0.306,-0.526,0,0,17,0,0,0,0,55,53,1.264,1,2184,0,562.007,21.165,-62.875,-529.563,177.375,-1.027,0.664,1.398,-1.477,21.113,-8.621,1.752,2.028,1.102,1.428,4,NULL,NULL,,3,0,2,7,255,1155,250,0,0
stim,125996,156117,0,156117,3353444.453,-0.702,-0.374,-0.316,-0.516,0,0,23,0,0,0,0,21,53,1.264,1,2184,0,503.245,18.041,-99.688,-482.063,104.563,-0.414,1.289,1.047,3.270,17.742,-10.637,1.852,2.130,1.102,1.428,4,NULL,NULL,,3,0,2,7,255,1155,250,0,0
stim,125996,156117,0,156117,3353449.455,-0.696,-0.389,-0.324,-0.509,0,0,29,0,0,0,0,83,53,1.264,1,2184,0,436.558,16.661,-148.750,-404.125,71.688,0.191,1.656,0.980,10.734,12.742,-10.637,1.942,2.222,1.102,1.428,0,NULL,NULL,,3,0,2,7,255,1155,250,0,0
stim,126019,156140,0,156140,3353454.454,-0.690,-0.404,-0.327,-0.504,0,0,26,0,0,0,0,106,53,1.264,1,2184,0,384.933,14.652,-210.688,-311.063,83.813,0.418,0.879,0.910,10.734,9.973,-7.281,2.018,2.298,1.102,1.428,0,NULL,NULL,,3,0,2,7,255,1155,250,0,0
stim,126019,156140,0,156140,3353459.455,-0.687,-0.414,-0.327,-0.499,0,0,28,0,0,0,0,107,53,1.264,1,2184,0,279.360,11.791,-154.813,-198.313,121.438,-0.008,0.102,0.824,9.199,7.375,-6.625,2.076,2.358,1.102,1.428,0,NULL,NULL,,3,0,2,7,255,1155,250,0,0
stim,126019,156140,0,156140,3353464.454,-0.687,-0.421,-0.326,-0.494,0,0,25,0,0,0,0,125,53,1.264,1,2184,0,186.229,7.418,-81.938,-112.625,123.625,-0.707,-0.035,1.270,0.793,7.375,-6.625,2.120,2.404,1.102,1.428,0,NULL,NULL,,3,0,2,7,255,1155,250,0,0
stim,126019,156140,0,156140,3353469.457,-0.686,-0.426,-0.324,-0.494,0,0,27,0,0,0,0,106,53,1.264,1,2184,0,122.184,14.186,-108.500,-24.625,50.500,-1.008,-0.055,1.633,-2.516,13.961,-10.406,2.152,2.440,1.102,1.428,0,NULL,NULL,,3,0,2,7,255,1155,250,0,0
stim,126042,156163,0,156163,3353474.454,-0.683,-0.430,-0.317,-0.498,0,0,21,0,0,0,0,86,53,1.264,1,2184,0,208.517,14.186,-197.938,65.563,-1.313,-0.777,-0.027,1.172,-2.516,13.961,-11.453,2.178,2.470,1.102,1.428,0,NULL,NULL,,3,0,2,7,255,1155,250,0,0
stim,126042,156163,0,156163,3353479.455,-0.681,-0.434,-0.308,-0.503,0,0,21,0,0,0,0,77,53,1.264,1,2184,0,260.451,13.639,-222.438,135.125,9.875,-0.566,0.453,0.367,-2.355,13.434,-11.477,2.200,2.492,1.102,1.428,0,NULL,NULL,,3,0,2,7,255,1155,250,0,0
stim,126042,156163,0,156163,3353484.454,-0.681,-0.435,-0.299,-0.508,0,0,20,0,0,0,0,76,53,1.264,1,2184,0,236.507,6.472,-152.000,177.125,38.188,-0.703,0.793,0.086,2.629,5.914,-14.340,2.214,2.510,1.102,1.428,0,NULL,NULL,,3,0,2,7,255,1155,250,0,0
stim,126042,156163,0,156163,3353489.455,-0.683,-0.433,-0.291,-0.512,0,0,21,0,0,0,0,72,53,1.264,1,2184,0,217.336,7.157,-77.188,200.750,31.250,-0.887,0.695,0.418,4.031,5.914,-17.398,2.230,2.528,1.102,1.428,0,NULL,NULL,,3,0,2,7,255,1155,250,0,0
stim,126042,156163,0,156163,3353494.454,-0.684,-0.430,-0.283,-0.517,0,0,17,0,0,0,0,68,53,1.264,1,2184,0,230.332,8.941,-77.750,216.813,0.500,-0.801,0.320,0.758,4.031,7.980,-17.398,2.250,2.550,1.102,1.428,0,NULL,NULL,,3,0,2,7,255,1155,250,0,0
stim,126086,156207,0,156207,3353499.455,-0.684,-0.429,-0.273,-0.523,0,0,13,0,0,0,0,67,53,1.264,1,2184,0,257.202,8.063,-124.250,225.188,2.375,-0.559,0.098,0.609,1.152,7.980,-13.910,2.280,2.582,1.102,1.428,0,NULL,NULL,,3,0,2,7,255,1155,250,0,0
stim,126086,156207,0,156207,3353504.453,-0.685,-0.428,-0.263,-0.528,0,0,11,0,0,0,0,69,53,1.264,1,2184,0,273.763,7.869,-147.563,228.125,33.625,-0.422,0.191,0.121,0.574,7.848,-13.199,2.312,2.618,1.102,1.428,0,NULL,NULL,,3,0,2,7,255,1155,250,0,0
stim,126086,156207,0,156207,3353509.455,-0.686,-0.427,-0.252,-0.532,0,0,11,0,0,0,0,73,53,1.264,1,2184,0,260.251,3.170,-116.563,226.125,54.875,-0.465,0.309,-0.297,0.574,3.117,-13.199,2.344,2.652,1.102,1.428,0,NULL,NULL,,3,0,2,7,255,1155,250,0,0
stim,126086,156207,0,156207,3353514.454,-0.688,-0.424,-0.243,-0.536,0,0,8,0,0,0,0,71,53,1.264,1,2184,0,235.901,0.638,-57.063,221.813,56.500,-0.516,0.305,-0.371,0.633,-0.078,-15.930,2.374,2.688,1.102,1.428,0,NULL,NULL,,3,0,2,7,255,1155,250,0,0
stim,126086,156207,0,156207,3353519.455,-0.692,-0.420,-0.235,-0.539,0,0,9,0,0,0,0,75,53,1.264,1,2184,0,227.097,0.750,-16.813,220.438,51.938,-0.449,0.277,-0.242,0.746,-0.078,-15.930,2.408,2.722,1.102,1.428,0,NULL,NULL,,3,0,2,7,255,1155,250,0,0
stim,126086,156207,0,156207,3353524.454,-0.695,-0.415,-0.228,-0.541,0,0,8,0,0,0,0,75,53,1.264,1,2184,0,228.266,0.857,-2.188,220.813,57.813,-0.320,0.258,-0.172,0.746,0.422,-15.422,2.442,2.760,1.102,1.428,0,NULL,NULL,,3,0,2,7,255,1155,250,0,0
stim,126086,156207,0,156207,3353529.455,-0.699,-0.410,-0.220,-0.543,0,0,10,0,0,0,0,71,53,1.264,1,2184,0,233.237,0.857,13.688,220.125,75.875,-0.289,0.219,-0.191,0.746,0.422,-14.016,2.478,2.798,1.102,1.428,0,NULL,NULL,,3,0,2,7,255,1155,250,0,0
stim,126108,156229,0,156229,3353534.454,-0.704,-0.404,-0.213,-0.544,0,0,6,0,0,0,0,71,53,1.264,1,2184,0,239.728,0.820,40.063,219.188,88.438,-0.371,0.195,-0.152,0.703,0.422,-14.016,2.514,2.838,1.102,1.428,0,NULL,NULL,,3,0,2,7,255,1155,250,0,0
stim,126108,156229,0,156229,3353539.455,-0.709,-0.398,-0.206,-0.545,0,0,8,0,0,0,0,71,53,1.264,1,2184,0,243.775,1.069,63.063,219.625,84.938,-0.422,0.195,-0.023,0.332,1.016,-13.746,2.554,2.880,1.102,1.428,0,NULL,NULL,,3,0,2,7,255,1155,250,0,0
stim,126108,156229,0,156229,3353544.453,-0.714,-0.391,-0.200,-0.546,0,0,8,0,0,0,0,65,53,1.264,1,2184,0,246.979,2.421,76.000,221.563,78.313,-0.387,0.207,0.098,0.332,2.398,-13.660,2.594,2.924,1.102,1.428,0,NULL,NULL,,3,0,2,7,255,1155,250,0,0
stim,126108,156229,0,156229,3353549.455,-0.719,-0.383,-0.193,-0.547,0,0,10,0,0,0,0,71,53,1.264,1,2184,0,254.030,3.287,85.813,225.250,80.188,-0.359,0.215,0.203,0.719,3.207,-12.648,2.638,2.970,1.102,1.428,0,NULL,NULL,,3,0,2,7,255,1155,250,0,0
stim,126108,156229,0,156229,3353554.454,-0.724,-0.375,-0.187,-0.547,0,0,12,0,0,0,0,69,53,1.264,1,2184,0,263.932,4.007,95.688,231.750,82.438,-0.418,0.230,0.332,1.051,3.867,-11.785,2.682,3.016,1.102,1.428,0,NULL,NULL,,3,0,2,7,255,1155,250,0,0
stim,126108,156229,0,156229,3353559.455,-0.729,-0.367,-0.181,-0.548,0,0,19,0,0,0,0,69,53,1.264,1,2184,0,271.713,5.407,101.313,240.938,74.250,-0.504,0.242,0.492,1.195,5.273,-11.328,2.726,3.062,1.102,1.428,0,NULL,NULL,,3,0,2,7,255,1155,250,0,0
stim,126131,156252,0,156252,3353564.454,-0.734,-0.358,-0.174,-0.550,0,0,16,0,0,0,0,61,53,1.264,1,2184,0,277.576,7.138,101.125,251.500,59.750,-0.543,0.242,0.621,1.293,7.020,-10.793,2.772,3.110,1.102,1.428,0,NULL,NULL,,3,0,2,7,255,1155,250,0,0
stim,126131,156252,0,156252,3353569.455,-0.739,-0.349,-0.167,-0.552,0,0,13,0,0,0,0,58,53,1.264,1,2184,0,284.400,8.377,98.063,262.688,47.563,-0.559,0.246,0.727,1.363,8.266,-10.020,2.818,3.158,1.102,1.428,0,NULL,NULL,,3,0,2,7,255,1155,250,0,0
stim,126131,156252,0,156252,3353574.454,-0.743,-0.339,-0.160,-0.555,0,0,19,0,0,0,0,57,53,1.264,1,2184,0,291.266,9.190,90.813,274.313,36.625,-0.574,0.250,0.824,1.500,9.066,-9.199,2.860,3.204,1.102,1.428,0,NULL,NULL,,3,0,2,7,255,1155,250,0,0
stim,126131,156252,0,156252,3353579.455,-0.746,-0.330,-0.153,-0.558,0,0,18,0,0,0,0,59,53,1.264,1,2184,0,298.965,9.956,79.750,287.188,23.313,-0.578,0.234,0.879,1.637,9.820,-8.383,2.904,3.250,1.102,1.428,0,NULL,NULL,,3,0,2,7,255,1155,250,0,0
stim,126155,156276,0,156276,3353584.453,-0.749,-0.320,-0.145,-0.562,0,0,14,0,0,0,0,58,53,1.264,1,2184,0,308.566,9.956,68.813,300.688,8.063,-0.543,0.211,0.883,1.637,9.820,-7.719,2.942,3.292,1.102,1.428,0,NULL,NULL,,3,0,2,7,255,1155,250,0,0
stim,126155,156276,0,156276,3353589.456,-0.751,-0.310,-0.136,-0.566,0,0,6,0,0,0,0,55,53,1.264,1,2184,0,320.508,9.944,62.875,314.250,-4.375,-0.492,0.184,0.840,1.586,9.816,-7.176,2.980,3.330,1.102,1.428,0,NULL,NULL,,3,0,2,7,255,1155,250,0,0
stim,126155,156276,0,156276,3353594.454,-0.754,-0.300,-0.127,-0.571,0,0,7,0,0,0,0,53,53,1.264,1,2184,0,333.436,9.157,63.938,327.000,-12.750,-0.457,0.172,0.809,1.488,9.035,-6.816,3.012,3.364,1.102,1.428,0,NULL,NULL,,3,0,2,7,255,1155,250,0,0
stim,126155,156276,0,156276,3353599.455,-0.755,-0.289,-0.118,-0.576,0,0,12,0,0,0,0,55,53,1.264,1,2184,0,345.842,8.606,68.938,338.250,-21.000,-0.445,0.176,0.801,1.488,8.477,-6.605,3.042,3.396,1.102,1.428,0,NULL,NULL,,3,0,2,7,255,1155,250,0,0
stim,126191,156312,0,156312,3353604.453,-0.757,-0.278,-0.109,-0.581,0,0,6,0,0,0,0,72,53,1.264,1,2184,0,356.894,8.371,75.563,347.500,-30.125,-0.410,0.172,0.797,1.609,8.215,-6.355,3.068,3.426,1.102,1.428,0,NULL,NULL,,3,0,2,7,255,1155,250,0,0
stim,126191,156312,0,156312,3353609.455,-0.759,-0.266,-0.100,-0.587,0,0,3,0,0,0,0,71,53,1.264,1,2184,0,366.601,8.006,85.813,354.438,-37.500,-0.348,0.180,0.793,1.750,7.813,-5.969,3.094,3.452,1.102,1.428,0,NULL,NULL,,3,0,2,7,255,1155,250,0,0
stim,126191,156312,0,156312,3353614.454,-0.760,-0.253,-0.092,-0.592,0,0,0,0,0,0,0,85,53,1.264,1,2184,0,374.381,7.426,99.000,358.625,-41.813,-0.230,0.191,0.820,2.051,7.137,-5.477,3.118,3.480,1.102,1.428,0,NULL,NULL,,3,0,2,7,255,1155,250,0,0
stim,126191,156312,0,156312,3353619.455,-0.761,-0.240,-0.083,-0.597,0,0,0,0,0,0,0,91,53,1.264,1,2184,0,381.484,6.657,109.500,362.500,-46.188,-0.020,0.160,0.816,2.570,6.141,-4.570,3.142,3.506,1.102,1.428,0,NULL,NULL,,3,0,2,7,255,1155,250,0,0
stim,126191,156312,0,156312,3353624.454,-0.762,-0.226,-0.075,-0.602,0,0,0,0,0,0,0,91,53,1.264,1,2184,0,384.504,4.827,122.188,362.938,-34.500,0.066,0.000,0.723,2.570,4.086,-3.445,3.166,3.532,1.102,1.428,0,NULL,NULL,,3,0,2,7,255,1155,250,0,0
stim,126191,156312,0,156312,3353629.455,-0.764,-0.212,-0.067,-0.606,0,0,0,0,0,0,0,102,53,1.264,1,2184,0,387.137,3.816,152.625,355.625,-10.563,0.012,0.113,0.746,2.328,3.023,-3.445,3.190,3.558,1.102,1.428,0,NULL,NULL,,3,0,2,7,255,1155,250,0,0
stim,126191,156312,0,156312,3353634.454,-0.766,-0.196,-0.061,-0.609,0,0,0,0,0,0,0,103,53,1.264,1,2184,0,393.736,3.816,183.500,348.250,-8.813,-0.066,0.340,0.813,2.328,3.023,-3.527,3.216,3.586,1.102,1.428,0,NULL,NULL,,3,0,2,7,255,1155,250,0,0
stim,126191,156312,0,156312,3353639.455,-0.768,-0.180,-0.055,-0.612,0,0,0,0,0,0,0,106,53,1.264,1,2184,0,399.803,5.327,204.813,343.188,-10.813,0.004,0.219,1.051,3.672,3.859,-3.527,3.244,3.616,1.102,1.428,0,NULL,NULL,,3,0,2,7,255,1155,250,0,0
stim,126191,156312,0,156312,3353644.453,-0.770,-0.164,-0.049,-0.614,0,0,1,0,0,0,0,107,53,1.264,1,2184,0,394.415,5.327,206.000,336.188,10.250,0.109,0.094,1.148,3.672,3.859,-0.813,3.274,3.646,1.102,1.428,0,NULL,NULL,,3,0,2,7,255,1155,250,0,0
stim,126191,156312,0,156312,3353649.455,-0.773,-0.148,-0.043,-0.615,0,0,7,0,0,0,0,119,53,1.264,1,2184,0,395.530,4.094,212.313,331.625,37.313,0.098,0.137,1.180,3.102,2.672,0.797,3.304,3.678,1.102,1.428,0,NULL,NULL,,3,0,2,7,255,1155,250,0,0
stim,126221,156342,0,156342,3353654.453,-0.776,-0.132,-0.038,-0.615,0,0,10,0,0,0,0,117,53,1.264,1,2184,0,402.955,4.094,229.188,327.750,49.250,-0.066,0.270,1.297,3.102,2.672,1.102,3.332,3.710,1.102,1.428,0,NULL,NULL,,3,0,2,7,255,1155,250,0,0
stim,126221,156342,0,156342,3353659.455,-0.779,-0.115,-0.033,-0.616,0,0,8,0,0,0,0,121,53,1.264,1,2184,0,408.017,5.922,241.875,326.375,38.125,-0.137,0.309,1.516,4.000,4.367,1.707,3.362,3.740,1.102,1.428,0,NULL,NULL,,3,0,2,7,255,1155,250,0,0
stim,126221,156342,0,156342,3353664.454,-0.781,-0.098,-0.028,-0.616,0,0,11,0,0,0,0,119,53,1.264,1,2184,0,407.622,6.234,240.375,327.688,31.563,-0.109,0.250,1.742,4.000,4.781,3.801,3.388,3.770,1.102,1.428,0,NULL,NULL,,3,0,2,7,255,1155,250,0,0
stim,126221,156342,0,156342,3353669.455,-0.783,-0.081,-0.023,-0.616,0,0,13,0,0,0,0,119,53,1.264,1,2184,0,402.460,6.125,227.125,330.188,36.938,-0.133,0.238,1.941,3.828,4.781,6.293,3.412,3.796,1.102,1.428,0,NULL,NULL,,3,0,2,7,255,1155,250,0,0
stim,126248,156369,0,156369,3353674.454,-0.785,-0.065,-0.017,-0.616,0,0,9,0,0,0,0,118,53,1.264,1,2184,0,393.923,6.050,207.188,332.938,37.438,-0.211,0.270,2.113,3.707,4.781,8.406,3.434,3.820,1.102,1.428,0,NULL,NULL,,3,0,2,7,255,1155,250,0,0
stim,126248,156369,0,156369,3353679.458,-0.786,-0.050,-0.010,-0.616,0,0,12,0,0,0,0,123,53,1.264,1,2184,0,381.818,6.381,179.438,335.750,29.313,-0.273,0.277,2.211,3.645,5.238,10.145,3.456,3.844,1.102,1.428,0,NULL,NULL,,3,0,2,7,255,1155,250,0,0
stim,126248,156369,0,156369,3353684.453,-0.786,-0.036,-0.003,-0.617,0,0,11,0,0,0,0,117,53,1.264,1,2184,0,369.613,6.317,149.813,337.313,19.750,-0.277,0.227,2.203,3.531,5.238,11.215,3.472,3.862,1.102,1.428,0,NULL,NULL,,3,0,2,7,255,1155,250,0,0
stim,126248,156369,0,156369,3353689.455,-0.787,-0.022,0.005,-0.617,0,0,10,0,0,0,0,123,53,1.264,1,2184,0,361.421,5.407,127.500,337.938,12.938,-0.266,0.152,2.117,2.938,4.539,11.215,3.486,3.880,1.102,1.428,0,NULL,NULL,,3,0,2,7,255,1155,250,0,0
stim,126248,156369,0,156369,3353694.454,-0.787,-0.009,0.014,-0.617,0,0,9,0,0,0,0,125,53,1.264,1,2184,0,356.772,4.119,118.813,336.313,8.000,-0.270,0.070,2.051,2.102,3.543,10.734,3.498,3.894,1.102,1.428,0,NULL,NULL,,3,0,2,7,255,1155,250,0,0
stim,126248,156369,0,156369,3353699.455,-0.786,0.004,0.022,-0.618,0,0,17,0,0,0,0,125,53,1.264,1,2184,0,353.709,2.986,117.313,333.688,0.500,-0.266,-0.004,2.031,1.199,2.734,10.246,3.506,3.904,1.102,1.428,0,NULL,NULL,,3,0,2,7,255,1155,250,0,0
stim,126290,156411,0,156411,3353704.454,-0.785,0.017,0.030,-0.618,0,0,18,0,0,0,0,125,53,1.264,1,2184,0,350.687,1.966,116.875,330.563,-7.063,-0.242,-0.078,2.008,0.449,1.914,10.152,3.510,3.910,1.102,1.428,0,NULL,NULL,,3,0,2,7,255,1155,250,0,0
stim,126290,156411,0,156411,3353709.457,-0.784,0.030,0.038,-0.619,0,0,21,0,0,0,0,137,53,1.264,1,2184,0,348.622,0.954,119.500,327.313,-11.125,-0.207,-0.133,1.945,-0.285,0.910,10.008,3.508,3.910,1.102,1.428,0,NULL,NULL,,3,0,2,7,255,1155,250,0,0
stim,126290,156411,0,156411,3353714.454,-0.782,0.043,0.046,-0.620,0,0,21,0,0,0,0,147,53,1.264,1,2184,0,349.702,0.825,130.688,324.063,-14.000,-0.164,-0.172,1.871,-0.820,-0.090,9.418,3.500,3.906,1.102,1.428,0,NULL,NULL,,3,0,2,7,255,1155,250,0,0
stim,126290,156411,0,156411,3353719.455,-0.781,0.057,0.053,-0.620,0,0,13,0,0,0,0,155,53,1.264,1,2184,0,355.166,1.627,151.750,320.688,-16.563,-0.098,-0.223,1.828,-1.211,-1.086,8.621,3.486,3.892,1.102,1.428,0,NULL,NULL,,3,0,2,7,255,1155,250,0,0
stim,126290,156411,0,156411,3353724.454,-0.779,0.071,0.059,-0.621,0,0,20,0,0,0,0,159,53,1.264,1,2184,0,365.524,2.825,180.125,317.500,-18.875,0.012,-0.262,1.836,-1.660,-2.285,8.059,3.462,3.870,1.102,1.428,0,NULL,NULL,,3,0,2,7,255,1155,250,0,0
stim,126290,156411,0,156411,3353729.455,-0.776,0.087,0.064,-0.621,0,0,24,0,0,0,0,151,53,1.264,1,2184,0,380.406,4.402,212.625,314.813,-19.813,0.164,-0.324,1.914,-1.969,-3.938,8.059,3.426,3.838,1.102,1.428,0,NULL,NULL,,3,0,2,7,255,1155,250,0,0
stim,126290,156411,0,156411,3353734.454,-0.774,0.104,0.068,-0.621,0,0,21,0,0,0,0,155,53,1.264,1,2184,0,397.651,6.573,244.750,312.875,-18.250,0.355,-0.309,2.066,-2.164,-6.207,8.105,3.382,3.796,1.102,1.428,0,NULL,NULL,,3,0,2,7,255,1155,250,0,0
stim,126290,156411,0,156411,3353739.457,-0.771,0.121,0.071,-0.622,0,0,19,0,0,0,0,157,53,1.264,1,2184,0,414.780,9.112,271.750,313.000,-15.000,0.535,-0.234,2.234,-2.164,-8.852,8.887,3.328,3.742,1.102,1.428,0,NULL,NULL,,3,0,2,7,255,1155,250,0,0
stim,126317,156438,0,156438,3353744.453,-0.767,0.140,0.074,-0.621,0,0,23,0,0,0,0,169,53,1.264,1,2184,0,431.526,11.470,295.188,314.625,-9.500,0.684,-0.180,2.418,-1.410,-11.383,9.754,3.266,3.682,1.102,1.428,0,NULL,NULL,,3,0,2,7,255,1155,250,0,0
stim,126317,156438,0,156438,3353749.455,-0.764,0.159,0.076,-0.621,0,0,22,0,0,0,0,179,53,1.264,1,2184,0,444.833,13.862,312.250,316.813,-2.563,0.797,-0.168,2.637,-1.305,-13.801,10.684,3.194,3.610,1.102,1.428,0,NULL,NULL,,3,0,2,7,255,1155,250,0,0
stim,126317,156438,0,156438,3353754.453,-0.760,0.178,0.078,-0.620,0,0,21,0,0,0,0,174,53,1.264,1,2184,0,449.027,16.205,315.313,319.688,1.813,0.875,-0.141,2.844,-1.305,-16.152,11.887,3.114,3.532,1.102,1.428,0,NULL,NULL,,3,0,2,7,255,1155,250,0,0
stim,126317,156438,0,156438,3353759.455,-0.757,0.196,0.081,-0.618,0,0,21,0,0,0,0,181,53,1.264,1,2184,0,442.933,18.325,305.188,321.000,3.063,0.891,-0.090,3.008,-1.523,-18.262,12.996,3.028,3.446,1.102,1.428,0,NULL,NULL,,3,0,2,7,255,1155,250,0,0
stim,126318,156439,0,156439,3353764.454,-0.753,0.214,0.083,-0.617,0,0,21,0,0,0,0,184,53,1.264,1,2184,0,429.204,19.758,288.188,318.063,0.500,0.910,-0.012,3.176,-1.578,-19.695,13.848,2.934,3.354,1.102,1.428,0,NULL,NULL,,3,0,2,7,255,1155,250,0,0
stim,126318,156439,0,156439,3353769.455,-0.748,0.231,0.087,-0.616,0,0,23,0,0,0,0,199,53,1.264,1,2184,0,406.381,21.215,261.188,311.125,-11.313,1.047,0.121,3.359,-1.578,-21.156,14.723,2.834,3.254,1.102,1.428,0,NULL,NULL,,3,0,2,7,255,1155,250,0,0
stim,126341,156462,0,156462,3353774.454,-0.744,0.246,0.091,-0.615,0,0,22,0,0,0,0,205,53,1.264,1,2184,0,372.919,23.715,216.313,302.438,-28.438,1.336,0.203,3.430,-0.746,-23.703,14.723,2.726,3.146,1.102,1.428,0,NULL,NULL,,3,0,2,7,255,1155,250,0,0
stim,126341,156462,0,156462,3353779.455,-0.740,0.259,0.097,-0.613,0,0,18,0,0,0,0,253,53,1.264,1,2184,0,333.069,27.149,159.563,290.563,-32.375,1.676,0.129,3.297,0.211,-27.148,14.145,2.612,3.032,1.102,1.428,0,NULL,NULL,,3,0,2,7,255,1155,250,0,0
stim,126341,156462,0,156462,3353784.453,-0.737,0.270,0.103,-0.612,0,0,11,0,0,0,0,285,53,1.264,1,2184,0,294.864,30.126,105.000,274.875,-19.063,1.949,-0.082,2.938,0.211,-30.125,10.539,2.494,2.914,1.102,1.428,0,NULL,NULL,,3,0,2,7,255,1155,250,0,0
stim,126341,156462,0,156462,3353789.455,-0.734,0.279,0.109,-0.609,0,0,13,0,0,0,0,297,53,1.264,1,2184,0,265.103,30.876,71.063,255.375,-3.625,2.125,-0.332,2.465,-0.723,-30.867,5.000,2.372,2.792,1.102,1.428,0,NULL,NULL,,3,0,2,7,255,1155,250,0,0
stim,126387,156508,0,156508,3353794.454,-0.732,0.287,0.115,-0.607,0,0,8,0,0,0,0,345,53,1.264,1,2184,0,241.391,30.927,61.125,233.500,3.313,2.281,-0.527,2.027,-1.918,-30.867,-1.027,2.250,2.670,1.102,1.428,0,NULL,NULL,,3,0,2,7,255,1155,250,0,0
stim,126387,156508,0,156508,3353799.455,-0.730,0.295,0.120,-0.604,0,0,6,0,0,0,0,373,53,1.264,1,2184,0,221.572,30.432,69.563,210.313,4.875,2.516,-0.676,1.688,-2.695,-30.313,-6.473,2.124,2.544,1.102,1.428,0,NULL,NULL,,3,0,2,7,255,1155,250,0,0
stim,126387,156508,0,156508,3353804.453,-0.728,0.303,0.124,-0.602,0,0,7,0,0,0,0,395,53,1.264,1,2184,0,211.270,30.432,92.500,189.125,17.625,2.898,-0.676,1.402,-2.695,-30.313,-11.336,1.994,2.414,1.102,1.428,0,NULL,NULL,,3,0,2,7,255,1155,250,0,0
stim,126387,156508,0,156508,3353809.455,-0.728,0.309,0.126,-0.599,0,0,3,0,4,0,0,440,53,1.264,1,2184,0,180.512,31.732,73.625,156.500,51.688,3.465,-0.816,1.785,-1.957,-31.672,-16.141,1.858,2.278,1.102,1.428,0,NULL,NULL,,3,0,2,7,255,1155,250,0,0
stim,126387,156508,0,156508,3353814.454,-0.728,0.314,0.130,-0.595,0,0,0,0,43,0,0,460,53,1.264,1,2184,0,164.568,31.861,19.875,150.438,63.688,3.090,-1.367,1.078,-1.957,-31.801,-17.109,1.714,2.132,1.102,1.428,0,NULL,NULL,,3,0,2,7,255,1155,250,0,0
stim,126387,156508,0,156508,3353819.455,-0.726,0.320,0.131,-0.594,0,0,0,0,51,0,0,475,53,1.264,1,2184,0,141.491,32.497,77.563,118.313,2.438,3.379,-1.855,0.594,-6.691,-31.801,-22.391,1.566,1.982,1.102,1.428,0,NULL,NULL,,3,0,2,7,255,1155,250,0,0
stim,126387,156508,0,156508,3353824.454,-0.723,0.328,0.130,-0.594,0,0,0,0,61,0,0,477,53,1.264,1,2184,0,198.715,33.230,172.125,97.000,-21.250,3.449,-2.219,0.555,-9.730,-31.773,-29.418,1.414,1.830,1.102,1.428,0,NULL,NULL,,3,0,2,7,255,1155,250,0,0
stim,126387,156508,0,156508,3353829.455,-0.718,0.338,0.125,-0.596,0,0,3,0,63,0,0,472,53,1.264,1,2184,0,290.190,34.296,281.375,65.750,-26.750,3.613,-2.477,1.098,-12.910,-31.773,-30.004,1.260,1.676,1.102,1.428,0,NULL,NULL,,3,0,2,7,255,1155,250,0,0
stim,126418,156539,0,156539,3353834.454,-0.714,0.349,0.117,-0.596,0,0,3,0,73,0,0,456,53,1.264,1,2184,0,323.931,38.629,319.313,22.125,49.813,3.758,-1.988,2.324,-13.691,-36.121,-30.004,1.100,1.516,1.102,1.428,0,NULL,NULL,,3,0,2,7,255,1155,250,0,0
stim,126418,156539,0,156539,3353839.455,-0.713,0.358,0.107,-0.593,0,0,7,0,75,0,0,458,53,1.264,1,2184,0,313.259,44.822,280.688,-19.250,137.750,3.117,-1.234,2.945,-13.691,-42.680,-20.988,0.936,1.350,1.102,1.428,0,NULL,NULL,,3,0,2,7,255,1155,250,0,0
stim,126418,156539,0,156539,3353844.453,-0.713,0.363,0.098,-0.591,0,0,0,0,18,0,0,517,53,1.264,1,2184,0,251.183,43.830,212.875,-60.625,118.750,2.117,-0.520,3.402,-9.977,-42.680,-10.715,0.770,1.178,1.102,1.428,0,NULL,NULL,,3,0,2,7,255,1155,250,0,0
stim,126418,156539,0,156539,3353849.455,-0.714,0.369,0.084,-0.589,83,0,0,358,16,8,0,580,53,1.264,1,2184,0,354.268,40.532,271.188,-161.500,160.875,1.031,-0.480,5.082,-9.977,-39.285,0.707,0.612,1.006,1.102,1.428,0,NULL,NULL,,3,0,2,7,255,1155,250,0,0
stim,126418,156539,0,156539,3353854.454,-0.715,0.377,0.054,-0.587,808,0,0,1109,0,104,0,580,53,1.264,1,2184,0,705.035,40.937,525.063,-354.500,309.375,1.676,1.523,8.992,-11.512,-39.285,18.906,0.474,0.844,1.102,1.428,0,NULL,NULL,,3,0,2,7,255,1155,250,0,0
stim,126418,156539,0,156539,3353859.455,-0.731,0.353,0.063,-0.580,1419,0,0,1625,0,375,0,617,53,1.264,1,2184,0,716.445,40.937,-664.313,-158.375,216.563,-0.492,1.098,5.637,-11.512,-39.285,38.914,0.364,0.690,1.102,1.428,0,NULL,NULL,,3,0,2,7,255,1155,250,0,0
stim,126418,156539,0,156539,3353864.454,-0.756,0.310,0.081,-0.571,1919,0,0,1939,0,573,0,669,53,1.264,1,2184,0,1225.911,28.706,-1175.000,-227.688,265.313,-0.082,4.207,0.219,-7.926,-27.590,38.914,0.304,0.538,1.102,1.428,0,NULL,NULL,,3,0,2,7,255,1155,250,0,0
stim,126418,156539,0,156539,3353869.455,-0.773,0.281,0.091,-0.562,2221,0,0,2093,0,809,0,744,53,1.264,1,2185,0,828.067,29.445,-766.125,-182.063,256.125,-1.195,3.270,-2.293,28.711,6.535,6.770,0.314,0.398,1.102,1.428,1,1126.000,-29.000,,3,0,2,7,255,1155,250,0,0
stim,126438,156559,0,156559,3353874.455,-0.781,0.267,0.092,-0.558,2445,0,0,2221,0,956,0,815,53,1.264,1,2185,0,375.443,38.348,-314.500,-155.375,133.813,-1.957,0.645,-1.621,28.711,25.422,-13.000,0.374,0.298,1.102,1.428,1,NULL,NULL,,3,0,2,7,255,1155,250,0,0
stim,126438,156559,0,156559,3353879.455,-0.782,0.261,0.088,-0.559,2571,0,0,2323,0,1177,0,927,53,1.264,1,2185,0,183.376,25.435,-84.000,-162.938,4.688,-0.926,-0.516,0.875,0.824,25.422,-13.000,0.438,0.260,1.102,1.428,1,NULL,NULL,,3,0,2,7,255,1155,250,0,0
stim,126438,156559,0,156559,3353884.453,-0.784,0.256,0.085,-0.559,2686,0,0,2467,0,1299,0,1009,53,1.264,1,2185,0,142.483,2.052,-60.438,-127.750,18.125,0.387,1.934,1.285,0.824,1.879,0.008,0.474,0.286,1.102,1.428,1,NULL,NULL,,3,0,2,7,255,1155,250,0,0
stim,126438,156559,0,156559,3353889.457,-0.789,0.251,0.081,-0.556,2840,0,0,2655,0,1391,0,1047,53,1.264,1,2185,0,194.740,17.555,-67.625,-124.813,133.313,0.367,2.961,1.727,17.250,-3.258,4.766,0.496,0.340,1.102,1.428,2,NULL,NULL,,3,0,2,7,255,1155,250,0,0
stim,126463,156584,0,156584,3353894.454,-0.797,0.240,0.079,-0.548,2919,0,0,2787,0,1433,0,1113,53,1.264,1,2185,0,358.461,17.555,-219.625,-153.188,238.313,-1.461,0.324,1.676,17.250,-3.258,11.113,0.522,0.390,1.102,1.428,2,NULL,NULL,,3,0,2,7,255,1155,250,0,0
stim,126463,156584,0,156584,3353899.455,-0.806,0.222,0.080,-0.542,2988,0,0,2888,0,1487,0,1215,53,1.264,1,2185,0,484.245,6.943,-413.438,-188.375,167.563,-2.441,-1.367,0.586,-4.512,5.277,11.113,0.540,0.432,1.102,1.428,2,NULL,NULL,,3,0,2,7,255,1155,250,0,0
stim,126501,156622,0,156622,3353904.453,-0.808,0.207,0.082,-0.545,3039,0,0,2967,0,1575,0,1338,53,1.264,1,2185,0,356.786,21.344,-298.188,-181.750,-73.125,-2.020,-1.055,-0.805,-16.844,13.109,0.961,0.536,0.462,1.102,1.428,2,NULL,NULL,,3,0,2,7,255,1155,250,0,0
stim,126501,156622,0,156622,3353909.455,-0.805,0.199,0.078,-0.553,3063,0,0,3025,0,1621,0,1484,53,1.264,1,2185,0,272.619,21.344,-73.500,-187.313,-183.938,-0.410,-0.215,-0.078,-16.844,13.109,-9.566,0.508,0.482,1.102,1.428,2,NULL,NULL,,3,0,2,7,255,1155,250,0,0
stim,126501,156622,0,156622,3353914.454,-0.801,0.196,0.072,-0.561,3089,0,0,3083,0,1677,0,1555,53,1.264,1,2185,0,264.904,4.628,54.625,-177.063,-189.313,0.602,-0.367,1.301,-3.508,3.020,-9.566,0.470,0.500,1.102,1.428,2,NULL,NULL,,3,0,2,7,255,1155,250,0,0
stim,126501,156622,0,156622,3353919.455,-0.799,0.192,0.067,-0.566,3102,0,0,3115,0,1710,0,1591,53,1.264,1,2185,0,184.272,11.739,3.688,-152.500,-103.375,1.258,-1.277,2.164,-3.508,-11.203,-0.820,0.438,0.508,1.102,1.428,2,NULL,NULL,,3,0,2,7,255,1155,250,0,0
stim,126501,156622,0,156622,3353924.454,-0.801,0.185,0.065,-0.566,3127,0,0,3142,0,1772,0,1591,53,1.264,1,2185,0,186.808,24.351,-114.188,-147.188,13.938,1.176,-1.922,1.988,-9.160,-22.563,1.051,0.418,0.492,1.102,1.428,2,NULL,NULL,,3,0,2,7,255,1155,250,0,0
stim,126501,156622,0,156622,3353929.455,-0.806,0.175,0.064,-0.562,3128,0,0,3162,0,1835,0,1575,53,1.264,1,2185,0,273.889,27.154,-196.125,-130.125,140.063,0.695,-1.906,1.305,-15.109,-22.563,1.051,0.408,0.440,1.102,1.428,2,NULL,NULL,,3,0,2,7,255,1155,250,0,0
stim,126501,156622,0,156622,3353934.454,-0.813,0.167,0.063,-0.554,3133,0,0,3188,0,1895,0,1572,53,1.264,1,2185,0,303.643,22.344,-176.438,-128.125,211.313,-0.176,-1.070,0.527,-15.109,-16.461,-3.293,0.404,0.368,1.102,1.428,2,NULL,NULL,,3,0,2,7,255,1155,250,0,0
stim,126501,156622,0,156622,3353939.455,-0.819,0.160,0.059,-0.548,3141,0,0,3183,0,1979,28,1597,53,1.264,1,2185,0,259.664,11.376,-104.500,-135.313,195.438,-0.738,-0.328,0.543,-10.715,-3.820,-3.324,0.398,0.302,1.102,1.428,2,NULL,NULL,,3,0,2,7,255,1155,250,0,0
stim,126501,156622,0,156622,3353944.453,-0.822,0.155,0.055,-0.545,3147,0,0,3197,0,2063,47,1643,53,1.264,1,2185,0,187.311,7.064,-74.750,-140.125,99.313,-1.004,0.285,1.129,-6.160,3.457,-3.324,0.392,0.256,1.102,1.428,2,NULL,NULL,,3,0,2,7,255,1155,250,0,0
stim,126501,156622,0,156622,3353949.455,-0.824,0.149,0.052,-0.545,3143,0,0,3208,1,2139,83,1690,53,1.264,1,2185,0,158.695,3.994,-73.563,-137.875,27.625,-0.250,0.633,0.965,-2.000,3.457,0.820,0.386,0.226,1.102,1.428,2,NULL,NULL,,3,0,2,7,255,1155,250,0,0
stim,126521,156642,0,156642,3353954.454,-0.825,0.143,0.049,-0.545,3135,0,0,3193,175,2231,106,1811,53,1.264,1,2185,0,159.843,2.279,-82.813,-136.063,13.375,-0.223,0.348,1.313,1.574,1.648,3.582,0.390,0.208,1.102,1.428,2,NULL,NULL,,3,0,2,7,255,1155,250,0,0
stim,126521,156642,0,156642,3353959.455,-0.826,0.135,0.047,-0.545,3143,0,0,3199,431,2291,244,1955,53,1.264,1,2185,0,173.640,1.632,-120.313,-125.188,1.938,-0.035,0.039,1.242,1.574,-0.430,2.055,0.398,0.192,1.102,1.428,2,NULL,NULL,,3,0,2,7,255,1155,250,0,0
stim,126521,156642,0,156642,3353964.454,-0.827,0.129,0.046,-0.546,3135,0,0,3197,635,2334,265,2083,53,1.264,1,2185,0,135.663,2.854,-95.125,-96.125,-10.750,0.188,-0.160,1.516,-0.387,-2.828,3.582,0.410,0.180,1.102,1.428,2,NULL,NULL,,3,0,2,7,255,1155,250,0,0
stim,126521,156642,0,156642,3353969.455,-0.826,0.125,0.046,-0.547,3132,0,0,3196,922,2373,269,2139,53,1.264,1,2185,0,100.077,6.071,-73.000,-48.500,-48.313,0.434,0.000,1.293,-0.387,-6.059,2.055,0.426,0.166,1.102,1.428,2,NULL,NULL,,3,0,2,7,255,1155,250,0,0
stim,126548,156669,0,156669,3353974.454,-0.825,0.123,0.045,-0.550,3130,0,0,3199,1047,2394,285,2195,53,1.264,1,2185,0,80.151,6.171,-30.063,-49.188,-55.688,0.691,0.750,1.020,1.172,-6.059,1.555,0.442,0.154,1.102,1.428,2,NULL,NULL,,3,0,2,7,255,1155,250,0,0
stim,126548,156669,0,156669,3353979.458,-0.825,0.122,0.044,-0.550,3141,0,0,3197,1148,2409,297,2245,53,1.264,1,2185,0,33.488,7.884,-6.375,-26.375,-19.625,0.453,0.422,1.551,4.965,-6.125,1.555,0.464,0.140,1.102,1.428,2,NULL,NULL,,3,0,2,7,255,1155,250,0,0
stim,126548,156669,0,156669,3353984.453,-0.825,0.118,0.046,-0.550,3127,8,0,3199,1247,2431,300,2280,53,1.264,1,2185,0,99.915,7.618,-98.625,-16.000,0.188,-0.277,-0.230,1.613,4.965,-5.777,4.520,0.486,0.122,1.102,1.428,2,NULL,NULL,,3,0,2,7,255,1155,250,0,0
stim,126548,156669,0,156669,3353989.455,-0.825,0.113,0.050,-0.551,3141,26,0,3211,1300,2442,299,2327,53,1.264,1,2185,0,140.875,2.675,-136.250,-10.000,-34.375,-0.367,0.008,0.797,-1.539,-2.188,4.520,0.508,0.100,1.102,1.428,2,NULL,NULL,,3,0,2,7,255,1155,250,0,0
stim,126548,156669,0,156669,3353994.453,-0.824,0.110,0.051,-0.554,3125,39,0,3195,1375,2447,295,2336,53,1.264,1,2185,0,106.624,1.744,-71.063,-9.875,-78.875,-0.207,0.109,0.602,-1.539,0.820,-1.461,0.528,0.082,1.102,1.428,2,NULL,NULL,,3,0,2,7,255,1155,250,0,0
stim,126548,156669,0,156669,3353999.455,-0.822,0.109,0.052,-0.557,3125,55,0,3195,1453,2457,301,2360,53,1.264,1,2185,0,90.322,0.905,-21.063,-12.063,-87.000,0.047,-0.043,0.906,-0.383,0.820,-1.461,0.544,0.068,1.102,1.428,2,NULL,NULL,,3,0,2,7,255,1155,250,0,0
stim,126589,156710,0,156710,3354004.454,-0.820,0.107,0.052,-0.559,3129,63,0,3191,1529,2471,313,2393,53,1.264,1,2185,0,68.351,2.664,-29.938,-9.625,-60.688,0.133,-0.172,1.156,-0.383,-2.637,-1.305,0.556,0.060,1.102,1.428,2,NULL,NULL,,3,0,2,7,255,1155,250,0,0
stim,126589,156710,0,156710,3354009.457,-0.820,0.105,0.054,-0.560,3124,89,0,3193,1577,2470,329,2409,53,1.264,1,2185,0,69.983,3.468,-64.750,-5.688,-25.938,0.055,-0.121,1.086,-1.000,-3.320,0.371,0.564,0.052,1.102,1.428,2,NULL,NULL,,3,0,2,7,255,1155,250,0,0
stim,126589,156710,0,156710,3354014.454,-0.820,0.102,0.055,-0.561,3123,111,0,3192,1619,2477,338,2427,53,1.264,1,2185,0,70.336,3.468,-66.500,-4.313,-22.500,-0.191,-0.004,0.844,-1.000,-3.320,0.371,0.574,0.046,1.102,1.428,2,NULL,NULL,,3,0,2,7,255,1155,250,0,0
stim,126589,156710,0,156710,3354019.455,-0.819,0.100,0.056,-0.562,3123,109,0,3193,1651,2485,338,2443,53,1.264,1,2185,0,57.435,0.816,-39.125,-4.438,-41.813,-0.203,-0.008,0.828,-0.797,-0.176,-1.352,0.584,0.040,1.102,1.428,2,NULL,NULL,,3,0,2,7,255,1155,250,0,0
stim,126589,156710,0,156710,3354024.453,-0.818,0.099,0.057,-0.564,3123,140,0,3192,1693,2492,343,2455,53,1.264,1,2185,0,54.945,0.797,-19.688,-6.563,-50.875,-0.059,-0.004,0.969,-0.777,-0.176,-1.352,0.592,0.034,1.102,1.428,2,NULL,NULL,,3,0,2,7,255,1155,250,0,0
stim,126589,156710,0,156710,3354029.455,-0.817,0.098,0.057,-0.565,3119,148,5,3191,1721,2495,342,2460,53,1.264,1,2185,0,41.440,1.606,-16.313,-4.625,-37.813,0.051,0.023,1.039,-0.227,-1.590,-0.410,0.600,0.030,1.102,1.428,2,NULL,NULL,,3,0,2,7,255,1155,250,0,0
stim,126618,156739,0,156739,3354034.454,-0.817,0.097,0.057,-0.566,3119,153,13,3188,1748,2502,343,2467,53,1.264,1,2185,0,28.202,2.098,-20.875,-3.563,-18.625,0.004,0.074,1.059,0.426,-2.055,0.055,0.608,0.024,1.102,1.428,2,NULL,NULL,,3,0,2,7,255,1155,250,0,0
stim,126618,156739,0,156739,3354039.457,-0.817,0.096,0.057,-0.566,3119,151,31,3157,1757,2504,329,2464,53,1.264,1,2185,0,26.016,2.099,-23.063,-1.563,-11.938,-0.098,0.078,1.000,0.430,-2.055,0.055,0.616,0.018,1.102,1.428,2,NULL,NULL,,3,0,2,7,255,1155,250,0,0
stim,126618,156739,0,156739,3354044.454,-0.816,0.095,0.058,-0.567,3117,153,43,3191,1767,2506,325,2475,53,1.264,1,2185,0,23.188,1.096,-18.188,-1.438,-14.313,-0.121,0.039,0.988,0.430,-1.008,0.020,0.626,0.010,1.102,1.428,2,NULL,NULL,,3,0,2,7,255,1155,250,0,0
stim,126618,156739,0,156739,3354049.455,-0.816,0.095,0.058,-0.567,3117,154,39,3189,1768,2507,319,2477,53,1.264,1,2185,0,18.315,0.981,-12.875,-0.813,-13.000,-0.113,0.012,0.961,-0.012,-0.980,-0.098,0.634,0.004,1.102,1.428,2,NULL,NULL,,3,0,2,7,255,1155,250,0,0
stim,126618,156739,0,156739,3354054.453,-0.816,0.094,0.058,-0.568,3115,168,71,3186,1784,2509,317,2479,53,1.201,1,2185,1,14.046,1.002,-8.938,-2.125,-10.625,-0.113,0.012,1.020,-0.207,-0.980,-0.098,0.000,0.000,1.059,1.364,2,NULL,NULL,,3,0,2,7,255,1155,250,0,0
stim,126618,156739,0,156739,3354059.455,-0.816,0.094,0.058,-0.568,3111,170,79,3182,1816,2510,311,2479,53,1.201,1,2185,1,10.369,1.002,-7.688,-2.313,-6.563,-0.117,0.031,1.004,-0.207,-0.980,0.074,0.006,0.004,1.059,1.364,2,NULL,NULL,,3,0,2,7,255,1155,250,0,0
stim,126618,156739,0,156739,3354064.453,-0.816,0.093,0.058,-0.568,3113,181,119,3181,1815,2511,313,2477,53,1.201,1,2185,1,7.264,0.970,-6.063,-2.500,-3.125,-0.141,0.047,1.008,-0.043,-0.969,0.152,0.012,0.008,1.059,1.364,2,NULL,NULL,,3,0,2,7,255,1155,250,0,0
stim,126618,156739,0,156739,3354069.455,-0.816,0.093,0.058,-0.568,3099,171,121,3175,1823,2507,311,2487,53,1.201,1,2185,1,6.128,0.716,-4.313,-3.375,-2.750,-0.172,0.059,1.012,0.035,-0.715,0.152,0.018,0.010,1.059,1.364,2,NULL,NULL,,3,0,2,7,255,1155,250,0,0
stim,126641,156762,0,156762,3354074.454,-0.816,0.093,0.058,-0.568,3096,162,153,3170,1837,2506,309,2487,53,1.201,1,2185,1,7.388,0.393,-3.250,-4.875,-4.500,-0.176,0.059,1.016,0.047,-0.391,0.258,0.022,0.012,1.059,1.364,2,NULL,NULL,,3,0,2,7,255,1155,250,0,0
stim,126641,156762,0,156762,3354079.455,-0.816,0.092,0.058,-0.568,3089,158,166,3161,1845,2503,313,2494,53,1.201,1,2185,1,7.549,0.392,-3.688,-5.500,-3.625,-0.145,0.043,1.008,0.035,-0.391,0.258,0.024,0.012,1.059,1.364,2,NULL,NULL,,3,0,2,7,255,1155,250,0,0
stim,126641,156762,0,156762,3354084.453,-0.816,0.092,0.058,-0.568,3080,156,171,3156,1861,2501,333,2501,53,1.201,1,2185,1,8.147,0.465,-4.813,-6.563,0.375,-0.168,0.027,0.988,0.000,-0.465,0.137,0.026,0.012,1.059,1.364,2,NULL,NULL,,3,0,2,7,255,1155,250,0,0
stim,126641,156762,0,156762,3354089.455,-0.816,0.092,0.058,-0.568,3065,156,185,3145,1896,2503,340,2507,53,1.201,1,2185,1,8.498,0.515,-3.375,-7.688,-1.313,-0.211,0.020,0.957,-0.223,-0.465,0.000,0.026,0.010,1.059,1.364,2,NULL,NULL,,3,0,2,7,255,1155,250,0,0
stim,126686,156807,0,156807,3354094.453,-0.816,0.091,0.057,-0.569,3055,156,217,3131,1903,2495,340,2516,53,1.201,1,2185,1,10.472,0.455,0.375,-9.125,-5.125,-0.195,0.016,0.953,-0.426,-0.160,-0.215,0.028,0.008,1.059,1.364,2,NULL,NULL,,3,0,2,7,255,1155,250,0,0
stim,126686,156807,0,156807,3354099.458,-0.815,0.091,0.057,-0.569,3046,157,251,3123,1929,2495,344,2523,53,1.201,1,2185,1,12.607,0.442,2.750,-11.375,-4.688,-0.191,0.047,0.973,-0.426,-0.117,-0.215,0.028,0.006,1.059,1.364,2,NULL,NULL,,3,0,2,7,255,1155,250,0,0
stim,126686,156807,0,156807,3354104.453,-0.815,0.091,0.056,-0.569,3031,157,293,3109,1958,2495,347,2535,53,1.201,1,2185,1,14.662,0.180,3.688,-13.438,-4.563,-0.211,0.090,0.992,-0.137,-0.117,-0.082,0.030,0.006,1.059,1.364,2,NULL,NULL,,3,0,2,7,255,1155,250,0,0
stim,126686,156807,0,156807,3354109.455,-0.815,0.091,0.056,-0.569,3016,164,337,3096,1993,2501,360,2549,53,1.201,1,2185,1,16.766,0.263,2.313,-15.000,-7.125,-0.230,0.129,1.008,0.211,0.156,0.180,0.032,0.008,1.059,1.364,2,NULL,NULL,,3,0,2,7,255,1155,250,0,0
stim,126686,156807,0,156807,3354114.454,-0.815,0.091,0.055,-0.570,3000,164,397,3080,2024,2496,373,2573,53,1.201,1,2185,1,20.640,0.607,0.188,-16.375,-12.563,-0.215,0.145,1.008,0.480,0.371,0.367,0.034,0.008,1.059,1.364,2,NULL,NULL,,3,0,2,7,255,1155,250,0,0
stim,126686,156807,0,156807,3354119.455,-0.815,0.090,0.055,-0.570,2989,167,469,3061,2057,2511,406,2595,53,1.201,1,2185,1,23.769,0.761,-1.938,-16.938,-16.563,-0.184,0.145,1.023,0.664,0.371,0.383,0.036,0.010,1.059,1.364,2,NULL,NULL,,3,0,2,7,255,1155,250,0,0
stim,126686,156807,0,156807,3354124.453,-0.814,0.089,0.054,-0.571,2967,165,517,3043,2075,2507,436,2599,53,1.201,1,2185,1,26.229,0.670,-5.688,-16.813,-19.313,-0.137,0.102,1.020,0.664,0.086,0.367,0.036,0.010,1.059,1.364,2,NULL,NULL,,3,0,2,7,255,1155,250,0,0
stim,126686,156807,0,156807,3354129.455,-0.814,0.089,0.054,-0.572,2952,171,590,3035,2116,2511,453,2612,53,1.201,1,2185,1,26.194,0.704,-6.938,-16.500,-19.125,-0.094,0.070,0.992,0.535,-0.457,0.277,0.036,0.008,1.059,1.364,2,NULL,NULL,,3,0,2,7,255,1155,250,0,0
stim,126718,156839,1,156839,3354134.453,-0.813,0.088,0.053,-0.572,2918,181,680,3007,2147,2513,504,2616,53,1.201,1,2185,1,23.333,0.970,-4.500,-15.938,-16.438,-0.070,0.059,0.977,0.410,-0.879,-0.078,0.036,0.008,1.059,1.364,2,NULL,NULL,,3,1,2,7,255,1155,250,0,0
stim,126718,156839,1,156839,3354139.455,-0.813,0.087,0.053,-0.573,2903,184,708,2997,2195,2515,531,2641,53,1.201,1,2185,1,19.628,1.097,-1.438,-15.750,-11.625,-0.078,0.063,0.984,0.375,-1.031,-0.168,0.036,0.006,1.059,1.364,2,NULL,NULL,,3,1,2,7,255,1155,250,0,0
stim,126718,156839,1,156839,3354144.454,-0.813,0.087,0.052,-0.573,2873,189,785,2967,2223,2504,567,2651,53,1.201,1,2185,1,18.238,1.097,1.563,-15.750,-9.063,-0.125,0.129,1.008,0.375,-1.031,-0.168,0.038,0.006,1.059,1.364,2,NULL,NULL,,3,1,2,7,255,1155,250,0,0
stim,126718,156839,1,156839,3354149.455,-0.813,0.087,0.051,-0.574,2840,211,857,2953,2273,2503,667,2660,53,1.201,1,2185,1,19.931,0.908,2.938,-15.688,-11.938,-0.164,0.215,1.035,0.813,-0.406,0.160,0.042,0.010,1.059,1.364,2,NULL,NULL,,3,1,2,7,255,1155,250,0,0
stim,126718,156839,1,156839,3354154.454,-0.812,0.087,0.050,-0.574,2811,223,978,2925,2315,2495,764,2665,53,1.201,1,2185,1,23.402,1.516,2.188,-16.000,-16.938,-0.184,0.273,1.066,1.504,0.188,0.539,0.046,0.014,1.059,1.364,2,NULL,NULL,,3,1,2,7,255,1155,250,0,0
stim,126718,156839,1,156839,3354159.455,-0.812,0.086,0.050,-0.575,2777,267,1110,2906,2347,2503,875,2681,53,1.201,1,2185,1,28.603,2.028,-1.750,-15.750,-23.813,-0.195,0.313,1.094,1.965,0.504,0.902,0.050,0.018,1.059,1.364,2,NULL,NULL,,3,1,2,7,255,1155,250,0,0
stim,126718,156839,1,156839,3354164.453,-0.811,0.086,0.049,-0.576,2739,263,1207,2885,2391,2503,1003,2697,53,1.201,1,2185,1,37.914,2.388,-8.813,-15.000,-33.688,-0.188,0.320,1.086,2.289,0.680,1.156,0.056,0.022,1.059,1.364,2,NULL,NULL,,3,1,2,7,255,1155,250,0,0
stim,126718,156839,1,156839,3354169.455,-0.810,0.085,0.049,-0.578,2696,265,1320,2861,2437,2504,1113,2711,53,1.201,1,2185,1,47.604,2.388,-16.188,-14.438,-42.375,-0.176,0.254,1.066,2.289,0.680,1.156,0.060,0.028,1.059,1.364,2,NULL,NULL,,3,1,2,7,255,1155,250,0,0
stim,126739,156860,1,156860,3354174.454,-0.809,0.084,0.049,-0.580,2643,273,1458,2840,2475,2505,1215,2724,53,1.201,1,2185,0,57.025,1.852,-22.500,-13.750,-50.563,-0.172,0.141,1.039,1.809,0.398,0.902,0.066,0.032,1.059,1.364,2,NULL,NULL,,3,1,2,7,255,1155,250,0,0
stim,126739,156860,1,156860,3354179.455,-0.808,0.082,0.050,-0.582,2579,277,1576,2815,2509,2505,1327,2730,53,1.201,1,2185,0,66.769,0.808,-28.500,-13.125,-58.938,-0.152,0.043,1.008,0.805,0.074,0.570,0.070,0.034,1.059,1.364,2,NULL,NULL,,3,1,2,7,255,1155,250,0,0
stim,126739,156860,1,156860,3354184.454,-0.806,0.080,0.050,-0.584,2519,307,1709,2797,2539,2505,1429,2741,53,1.201,1,2185,0,75.294,0.327,-33.875,-13.188,-65.938,-0.129,-0.043,0.988,-0.039,-0.324,0.203,0.072,0.036,1.059,1.364,2,NULL,NULL,,3,1,2,7,255,1155,250,0,0
stim,126739,156860,1,156860,3354189.455,-0.805,0.078,0.051,-0.586,2467,319,1832,2779,2580,2503,1543,2748,53,1.201,1,2185,0,76.678,1.034,-38.750,-13.313,-64.813,-0.086,-0.113,0.965,-0.695,-0.766,-0.074,0.074,0.038,1.059,1.364,2,NULL,NULL,,3,1,2,7,255,1155,250,0,0
stim,126764,156885,1,156885,3354194.453,-0.803,0.076,0.052,-0.588,2412,317,1917,2759,2613,2504,1627,2760,53,1.201,1,2185,0,75.142,1.771,-41.875,-12.813,-61.063,-0.098,-0.156,0.965,-1.227,-1.277,-0.395,0.076,0.038,1.059,1.364,2,NULL,NULL,,3,1,2,7,255,1155,250,0,0
stim,126764,156885,1,156885,3354199.455,-0.802,0.074,0.053,-0.590,2341,319,2038,2719,2633,2503,1703,2775,53,1.201,1,2185,0,74.768,1.997,-46.125,-14.375,-57.063,-0.125,-0.145,1.016,-1.535,-1.277,-0.395,0.076,0.038,1.059,1.364,2,NULL,NULL,,3,1,2,7,255,1155,250,0,0
stim,126791,156912,1,156912,3354204.453,-0.801,0.071,0.054,-0.592,2263,333,2151,2687,2663,2503,1815,2783,53,1.201,1,2185,0,84.736,1.869,-60.438,-13.875,-57.750,-0.152,-0.109,1.031,-1.535,-1.066,0.180,0.078,0.036,1.059,1.364,2,NULL,NULL,,3,1,2,7,255,1155,250,0,0
stim,126791,156912,1,156912,3354209.455,-0.800,0.068,0.055,-0.594,2191,345,2250,2652,2695,2501,1895,2793,53,1.201,1,2185,0,88.156,1.417,-62.813,-16.000,-59.750,-0.176,-0.031,0.961,-1.230,-0.703,0.180,0.078,0.034,1.059,1.364,2,NULL,NULL,,3,1,2,7,255,1155,250,0,0
stim,126791,156912,1,156912,3354214.454,-0.798,0.065,0.056,-0.596,2111,359,2323,2614,2715,2501,1967,2803,53,1.201,1,2185,0,85.175,0.661,-59.563,-16.438,-58.625,-0.109,0.039,0.906,-0.539,-0.383,-0.250,0.080,0.030,1.059,1.364,2,NULL,NULL,,3,1,2,7,255,1155,250,0,0
stim,126791,156912,1,156912,3354219.455,-0.797,0.063,0.057,-0.598,2013,367,2395,2571,2736,2499,2041,2813,53,1.201,1,2185,0,80.040,0.250,-46.625,-18.063,-62.500,-0.156,-0.012,0.969,-0.191,-0.160,-0.250,0.080,0.028,1.059,1.364,2,NULL,NULL,,3,1,2,7,255,1155,250,0,0
stim,126791,156912,1,156912,3354224.454,-0.795,0.060,0.058,-0.600,1908,369,2463,2515,2752,2493,2116,2825,53,1.201,1,2185,0,84.014,0.428,-52.188,-20.125,-62.688,-0.090,-0.055,1.027,-0.191,-0.383,-0.176,0.082,0.024,1.059,1.364,2,NULL,NULL,,3,1,2,7,255,1155,250,0,0
stim,126791,156912,1,156912,3354229.455,-0.794,0.058,0.058,-0.602,1821,365,2519,2460,2773,2491,2185,2837,53,1.201,1,2185,0,78.933,0.938,-51.875,-19.375,-56.250,-0.098,-0.082,0.984,-0.348,-0.871,-0.125,0.082,0.022,1.059,1.364,2,NULL,NULL,,3,1,2,7,255,1155,250,0,0
stim,126791,156912,1,156912,3354234.453,-0.793,0.055,0.059,-0.604,1689,363,2568,2390,2789,2489,2249,2845,53,1.201,1,2185,0,77.617,0.938,-48.500,-19.500,-57.375,-0.098,-0.051,0.965,-0.348,-0.871,-0.125,0.084,0.020,1.059,1.364,2,NULL,NULL,,3,1,2,7,255,1155,250,0,0
stim,126791,156912,1,156912,3354239.455,-0.792,0.053,0.059,-0.606,1563,355,2602,2295,2807,2488,2302,2855,53,1.201,1,2185,0,69.647,0.776,-40.063,-22.125,-52.500,-0.082,-0.035,0.898,-0.273,-0.727,-0.309,0.086,0.020,1.059,1.364,2,NULL,NULL,,3,1,2,7,255,1155,250,0,0
stim,126791,156912,1,156912,3354244.454,-0.790,0.051,0.059,-0.607,1391,346,2636,2219,2827,2479,2357,2867,53,1.201,1,2185,0,60.823,0.776,-29.563,-21.188,-48.750,-0.082,-0.105,0.969,-0.273,-0.727,-0.309,0.088,0.020,1.059,1.364,2,NULL,NULL,,3,1,2,7,255,1155,250,0,0
stim,126791,156912,1,156912,3354249.455,-0.789,0.049,0.059,-0.609,1240,341,2671,2135,2843,2475,2408,2872,53,1.201,1,2185,0,56.830,1.003,-28.063,-22.375,-44.063,-0.074,-0.078,1.023,-0.367,-0.934,-0.281,0.088,0.018,1.059,1.364,2,NULL,NULL,,3,1,2,7,255,1155,250,0,0
stim,126822,156943,1,156943,3354254.454,-0.789,0.047,0.059,-0.610,1103,328,2707,2037,2857,2470,2457,2879,53,1.201,1,2185,0,52.386,1.062,-29.500,-23.375,-36.438,-0.047,-0.063,1.035,-0.367,-0.996,0.223,0.092,0.016,1.059,1.364,2,NULL,NULL,,3,1,2,7,255,1155,250,0,0
stim,126822,156943,1,156943,3354259.455,-0.788,0.045,0.059,-0.611,985,302,2735,1930,2867,2462,2491,2889,53,1.201,1,2185,0,49.965,1.003,-33.125,-23.000,-29.500,-0.090,-0.031,1.039,-0.117,-0.996,0.309,0.094,0.014,1.059,1.364,2,NULL,NULL,,3,1,2,7,255,1155,250,0,0
stim,126822,156943,1,156943,3354264.453,-0.787,0.044,0.059,-0.612,821,280,2761,1785,2885,2454,2531,2893,53,1.201,1,2185,0,49.835,0.695,-32.500,-24.063,-29.125,-0.125,0.004,1.016,0.102,-0.688,0.309,0.100,0.010,1.059,1.364,2,NULL,NULL,,3,1,2,7,255,1155,250,0,0
stim,126822,156943,1,156943,3354269.455,-0.787,0.042,0.059,-0.613,663,236,2792,1609,2897,2442,2571,2901,53,1.201,1,2185,0,49.339,0.412,-29.000,-25.375,-30.813,-0.117,0.000,0.984,0.336,-0.238,0.195,0.102,0.008,1.059,1.364,2,NULL,NULL,,3,1,2,7,255,1155,250,0,0
stim,126851,156972,1,156972,3354274.454,-0.786,0.040,0.059,-0.614,465,187,2815,1451,2911,2431,2605,2905,53,1.201,1,2185,0,45.190,0.412,-20.563,-26.250,-30.500,-0.102,-0.020,1.000,0.336,-0.238,0.016,0.106,0.006,1.059,1.364,2,NULL,NULL,,3,1,2,7,255,1155,250,0,0
stim,126851,156972,1,156972,3354279.457,-0.785,0.039,0.058,-0.615,349,167,2844,1255,2922,2420,2633,2911,53,1.201,1,2185,0,45.712,0.483,-19.000,-27.063,-31.563,-0.090,-0.023,1.039,0.262,-0.406,0.016,0.108,0.006,1.059,1.364,2,NULL,NULL,,3,1,2,7,255,1155,250,0,0
stim,126851,156972,1,156972,3354284.454,-0.785,0.037,0.058,-0.616,247,145,2871,1039,2934,2409,2664,2911,53,1.201,1,2185,0,43.824,0.624,-19.750,-28.250,-27.063,-0.074,0.008,1.051,0.262,-0.566,0.402,0.110,0.004,1.059,1.364,2,NULL,NULL,,3,1,2,7,255,1155,250,0,0
stim,126851,156972,1,156972,3354289.455,-0.784,0.036,0.057,-0.617,120,109,2889,843,2949,2389,2683,2923,53,1.201,1,2185,0,43.384,0.818,-17.125,-30.375,-25.813,-0.105,0.070,1.031,0.590,-0.566,0.402,0.112,0.004,1.059,1.364,2,NULL,NULL,,3,1,2,7,255,1155,250,0,0
stim,126851,156972,1,156972,3354294.453,-0.784,0.034,0.056,-0.618,71,54,2904,612,2957,2357,2707,2931,53,1.201,1,2185,0,43.896,0.887,-14.625,-32.938,-25.063,-0.043,0.004,1.047,0.645,-0.609,0.410,0.116,0.006,1.059,1.364,2,NULL,NULL,,3,1,2,7,255,1155,250,0,0
stim,126851,156972,1,156972,3354299.455,-0.783,0.033,0.056,-0.618,21,41,2923,457,2999,2329,2733,2933,53,1.201,1,2185,0,41.271,1.056,-15.250,-34.125,-17.500,-0.035,-0.043,1.074,0.645,-0.836,0.410,0.116,0.006,1.059,1.364,2,NULL,NULL,,3,1,2,7,255,1155,250,0,0
stim,126888,157009,1,157009,3354304.453,-0.783,0.031,0.055,-0.619,0,23,2925,304,2975,2303,2747,2939,53,1.201,1,2185,0,42.701,0.883,-18.438,-36.188,-13.188,-0.043,-0.039,1.039,0.234,-0.852,0.410,0.118,0.006,1.059,1.364,2,NULL,NULL,,3,1,2,7,255,1155,250,0,0
stim,126888,157009,1,157009,3354309.456,-0.783,0.030,0.054,-0.619,0,1,2943,241,2987,2281,2773,2949,53,1.201,1,2185,0,41.561,0.881,-10.000,-39.250,-9.313,-0.168,-0.043,1.078,0.227,-0.852,0.672,0.120,0.006,1.059,1.364,2,NULL,NULL,,3,1,2,7,255,1155,250,0,0
stim,126888,157009,1,157009,3354314.454,-0.783,0.029,0.052,-0.619,0,0,2957,197,2994,2267,2789,2950,53,1.201,1,2185,0,47.943,0.302,11.938,-46.375,-2.313,-0.305,-0.098,1.195,-0.055,0.297,0.883,0.122,0.008,1.059,1.364,2,NULL,NULL,,3,1,2,7,255,1155,250,0,0
stim,126888,157009,1,157009,3354319.455,-0.783,0.029,0.049,-0.619,0,0,2968,167,3005,2247,2807,2953,53,1.201,1,2185,0,71.236,1.618,43.125,-56.563,3.938,-0.430,-0.129,1.512,-0.820,1.395,2.211,0.124,0.010,1.059,1.364,2,NULL,NULL,,3,1,2,7,255,1155,250,0,0
stim,126888,157009,1,157009,3354324.454,-0.783,0.027,0.047,-0.619,0,0,2975,145,3015,2213,2828,2956,53,1.201,1,2185,0,63.666,1.618,-1.750,-63.500,-4.250,-0.234,-0.074,1.508,-0.820,1.395,5.168,0.124,0.012,1.059,1.364,2,NULL,NULL,,3,1,2,7,255,1155,250,0,0
stim,126888,157009,1,157009,3354329.455,-0.783,0.024,0.046,-0.620,0,0,2985,110,3022,2167,2851,2961,53,1.201,1,2185,0,80.837,0.835,-51.625,-59.313,-18.750,-0.043,-0.125,1.133,-0.570,0.609,5.168,0.126,0.012,1.059,1.364,2,NULL,NULL,,3,1,2,7,255,1155,250,0,0
stim,126916,157037,1,157037,3354334.453,-0.784,0.021,0.045,-0.619,0,0,2989,71,3031,2125,2867,2964,53,1.201,1,2185,0,73.714,0.362,-30.313,-66.563,9.188,-0.078,-0.047,0.980,-0.285,-0.223,1.316,0.126,0.014,1.059,1.364,3,NULL,NULL,,3,1,2,7,255,1155,250,0,0
stim,126916,157037,1,157037,3354339.457,-0.784,0.019,0.042,-0.619,0,0,3000,53,3036,2067,2888,2964,53,1.201,1,2185,0,77.998,0.223,3.688,-73.875,24.750,-0.203,0.090,1.078,0.004,-0.223,0.836,0.126,0.016,1.059,1.364,3,NULL,NULL,,3,1,2,7,255,1155,250,0,0
stim,126916,157037,1,157037,3354344.454,-0.785,0.018,0.039,-0.618,0,0,2997,5,3045,1993,2898,2965,53,1.201,1,2185,0,80.053,1.565,11.250,-78.625,10.000,-0.250,0.082,1.191,0.926,1.262,0.836,0.122,0.022,1.059,1.364,3,NULL,NULL,,3,1,2,7,255,1155,250,0,0
stim,126916,157037,1,157037,3354349.455,-0.785,0.016,0.036,-0.618,0,0,2999,0,3049,1931,2909,2967,53,1.201,1,2185,0,83.266,1.565,8.000,-82.875,-0.938,-0.215,-0.012,1.277,0.926,1.262,1.984,0.118,0.030,1.059,1.364,3,NULL,NULL,,3,1,2,7,255,1155,250,0,0
stim,126916,157037,1,157037,3354354.454,-0.785,0.014,0.033,-0.618,0,0,2999,0,3059,1831,2920,2966,53,1.201,1,2185,0,87.817,1.156,-0.500,-87.688,4.750,-0.148,-0.086,1.293,0.160,1.145,2.840,0.114,0.036,1.059,1.364,3,NULL,NULL,,3,1,2,7,255,1155,250,0,0
stim,126916,157037,1,157037,3354359.455,-0.786,0.011,0.030,-0.617,0,0,3003,0,3061,1747,2923,2952,53,1.201,1,2185,0,92.769,0.663,-8.250,-91.500,12.875,-0.148,-0.066,1.242,-0.270,0.605,2.840,0.110,0.042,1.059,1.364,3,NULL,NULL,,3,1,2,7,255,1155,250,0,0
stim,126935,157056,1,157056,3354364.453,-0.787,0.008,0.027,-0.617,0,0,2991,0,3065,1640,2941,2963,53,1.201,1,2185,0,99.385,0.663,-12.188,-96.813,18.875,-0.152,0.000,1.219,-0.270,0.605,2.465,0.108,0.050,1.059,1.364,3,NULL,NULL,,3,1,2,7,255,1155,250,0,0
stim,126935,157056,1,157056,3354369.457,-0.787,0.005,0.024,-0.616,0,0,2989,0,3077,1543,2955,2959,53,1.201,1,2185,0,103.736,0.941,-12.250,-100.938,20.563,-0.184,0.051,1.211,0.305,0.891,2.184,0.106,0.056,1.059,1.364,3,NULL,NULL,,3,1,2,7,255,1155,250,0,0
stim,126935,157056,1,157056,3354374.454,-0.788,0.002,0.021,-0.615,0,0,2985,0,3089,1387,2964,2951,53,1.201,1,2185,0,107.121,1.477,-10.125,-105.500,15.563,-0.184,0.020,1.172,0.340,1.438,2.078,0.104,0.064,1.059,1.364,3,NULL,NULL,,3,1,2,7,255,1155,250,0,0
stim,126935,157056,1,157056,3354379.455,-0.789,-0.001,0.018,-0.615,0,0,2982,0,3087,1257,2974,2951,53,1.201,1,2185,0,110.968,1.477,-8.875,-109.875,12.750,-0.156,-0.039,1.180,0.340,1.438,1.777,0.100,0.072,1.059,1.364,3,NULL,NULL,,3,1,2,7,255,1155,250,0,0
stim,126935,157056,0,157056,3354384.454,-0.789,-0.004,0.014,-0.614,0,0,2976,0,3087,1069,2984,2939,53,1.201,1,2185,0,115.314,1.180,-9.250,-114.000,14.688,-0.137,-0.090,1.172,-0.141,1.172,1.715,0.094,0.080,1.059,1.364,3,NULL,NULL,,3,0,2,7,255,1161,250,0,0
stim,126935,157056,0,157056,3354389.455,-0.790,-0.008,0.010,-0.613,0,0,2975,0,3103,901,2987,2931,53,1.201,1,2185,0,119.749,1.324,-8.938,-118.438,15.250,-0.168,-0.141,1.141,-0.617,1.172,1.715,0.088,0.086,1.059,1.364,3,NULL,NULL,,3,0,2,7,255,1161,250,0,0
stim,126935,157056,0,157056,3354394.453,-0.790,-0.011,0.007,-0.613,0,0,2962,0,3096,729,3012,2935,53,1.201,1,2185,0,123.534,1.752,-7.938,-122.688,12.063,-0.164,-0.160,1.141,-1.191,1.285,1.441,0.082,0.094,1.059,1.364,3,NULL,NULL,,3,0,2,7,255,1161,250,0,0
stim,126996,157117,0,157117,3354399.455,-0.791,-0.015,0.003,-0.612,0,0,2957,0,3107,597,3006,2916,53,1.201,1,2185,0,128.397,1.912,-9.500,-127.688,9.563,-0.168,-0.160,1.137,-1.391,1.313,1.418,0.076,0.102,1.059,1.364,3,NULL,NULL,,3,0,2,7,255,1161,250,0,0
stim,126996,157117,0,157117,3354404.453,-0.791,-0.019,-0.002,-0.612,0,0,2937,0,3109,427,3025,2895,53,1.201,1,2185,0,133.225,1.912,-7.750,-132.875,5.750,-0.125,-0.148,1.102,-1.391,1.313,1.391,0.070,0.110,1.059,1.364,3,NULL,NULL,,3,0,2,7,255,1161,250,0,0
stim,126996,157117,0,157117,3354409.455,-0.791,-0.023,-0.006,-0.611,0,0,2923,0,3113,252,3023,2877,53,1.201,1,2185,0,137.202,1.709,-4.938,-137.000,5.563,-0.070,-0.133,1.074,-1.258,1.156,1.031,0.062,0.118,1.059,1.364,3,NULL,NULL,,3,0,2,7,255,1161,250,0,0
stim,126996,157117,0,157117,3354414.454,-0.791,-0.026,-0.011,-0.611,0,0,2905,0,3113,165,3029,2863,53,1.201,1,2185,0,140.965,1.372,-1.250,-140.688,8.750,-0.063,-0.109,1.078,-1.023,0.914,0.758,0.054,0.128,1.059,1.364,3,NULL,NULL,,3,0,2,7,255,1161,250,0,0
stim,126996,157117,0,157117,3354419.455,-0.792,-0.030,-0.016,-0.610,0,0,2875,0,3109,55,3045,2847,53,1.201,1,2185,0,145.325,1.218,2.000,-145.063,8.500,-0.086,-0.094,1.090,-0.805,0.914,0.758,0.046,0.136,1.059,1.364,3,NULL,NULL,,3,0,2,7,255,1161,250,0,0
stim,126996,157117,0,157117,3354424.454,-0.792,-0.034,-0.021,-0.610,0,0,2853,0,3113,25,3049,2823,53,1.201,1,2185,0,149.531,1.505,7.688,-149.250,5.000,-0.086,-0.082,1.102,-0.730,1.316,0.852,0.038,0.146,1.059,1.364,3,NULL,NULL,,3,0,2,7,255,1161,250,0,0
stim,126996,157117,0,157117,3354429.455,-0.792,-0.037,-0.026,-0.609,0,0,2829,0,3102,0,3059,2795,53,1.201,1,2185,0,155.010,1.602,15.938,-154.188,-0.625,-0.102,-0.035,1.137,-0.656,1.461,0.938,0.030,0.156,1.059,1.364,3,NULL,NULL,,3,0,2,7,255,1161,250,0,0
stim,126996,157117,0,157117,3354434.453,-0.792,-0.040,-0.032,-0.609,0,0,2789,0,3108,0,3051,2763,53,1.201,1,2185,0,161.481,1.849,20.500,-160.063,-6.000,-0.047,0.035,1.250,-0.305,1.824,1.195,0.022,0.166,1.059,1.364,3,NULL,NULL,,3,0,2,7,255,1161,250,0,0
stim,126996,157117,0,157117,3354439.455,-0.791,-0.044,-0.039,-0.608,0,0,2747,0,3102,0,3049,2717,53,1.201,1,2185,0,166.915,1.918,20.688,-165.625,-1.000,0.008,0.121,1.402,0.453,1.863,2.281,0.016,0.176,1.059,1.364,3,NULL,NULL,,3,0,2,7,255,1161,250,0,0
stim,126996,157117,0,157117,3354444.453,-0.791,-0.047,-0.045,-0.608,0,0,2659,0,3108,0,3054,2666,53,1.201,1,2185,0,168.575,2.323,18.625,-167.500,3.813,0.008,0.199,1.602,1.387,1.863,3.766,0.012,0.184,1.059,1.364,3,NULL,NULL,,3,0,2,7,255,1161,250,0,0
stim,126996,157117,0,157117,3354449.455,-0.792,-0.052,-0.051,-0.607,0,0,2631,0,3089,0,3054,2621,53,1.201,1,2185,0,173.845,3.205,4.625,-173.063,15.813,-0.066,0.215,1.801,2.000,2.504,5.656,0.010,0.194,1.059,1.364,3,NULL,NULL,,3,0,2,7,255,1161,250,0,0
stim,127024,157145,0,157145,3354454.454,-0.792,-0.057,-0.057,-0.605,0,0,2571,0,3091,0,3052,2572,53,1.201,1,2185,0,186.977,4.274,-12.750,-184.313,28.750,-0.223,0.211,1.988,2.000,3.777,7.449,0.016,0.206,1.059,1.364,3,NULL,NULL,,3,0,2,7,255,1161,250,0,0
stim,127024,157145,0,157145,3354459.455,-0.793,-0.064,-0.063,-0.603,0,0,2479,0,3083,0,3050,2468,53,1.201,1,2185,0,208.782,5.995,-37.313,-201.875,38.000,-0.375,0.250,2.035,1.500,5.805,8.965,0.028,0.220,1.059,1.364,3,NULL,NULL,,3,0,2,7,255,1161,250,0,0
stim,127024,157145,0,157145,3354464.454,-0.793,-0.071,-0.069,-0.601,0,0,2419,0,3067,0,3044,2373,53,1.201,1,2185,0,228.236,7.867,-55.250,-219.250,31.125,-0.449,0.398,2.020,1.500,7.723,8.965,0.044,0.240,1.059,1.364,3,NULL,NULL,,3,0,2,7,255,1161,250,0,0
stim,127024,157145,0,157145,3354469.455,-0.793,-0.080,-0.075,-0.600,0,0,2319,0,3045,20,3047,2260,53,1.201,1,2185,0,250.007,9.509,-62.375,-241.000,23.063,-0.430,0.566,2.090,2.621,9.141,8.863,0.064,0.264,1.059,1.364,3,NULL,NULL,,3,0,2,7,255,1161,250,0,0
stim,127024,157145,0,157145,3354474.454,-0.792,-0.090,-0.082,-0.598,0,0,2214,0,3037,47,3023,2137,53,1.201,1,2185,0,273.297,10.806,-84.938,-258.938,20.688,-0.371,0.617,2.082,4.254,9.934,8.664,0.092,0.292,1.059,1.364,3,NULL,NULL,,3,0,2,7,255,1161,250,0,0
stim,127024,157145,0,157145,3354479.455,-0.792,-0.100,-0.089,-0.596,0,0,2081,0,3017,71,3016,2005,53,1.201,1,2185,0,297.233,10.879,-95.688,-279.938,28.750,-0.367,0.551,2.051,4.313,9.988,8.664,0.126,0.328,1.059,1.364,3,NULL,NULL,,3,0,2,7,255,1161,250,0,0
stim,127054,157175,0,157175,3354484.453,-0.791,-0.112,-0.096,-0.593,0,0,1975,0,2999,85,2973,1933,53,1.201,1,2185,0,324.884,11.163,-112.063,-302.938,34.938,-0.352,0.578,2.078,4.625,10.160,8.156,0.166,0.372,1.059,1.364,3,NULL,NULL,,3,0,2,7,255,1161,250,0,0
stim,127054,157175,0,157175,3354489.456,-0.790,-0.125,-0.104,-0.591,0,0,1839,0,2969,91,2939,1869,53,1.201,1,2185,0,348.431,11.652,-122.188,-323.750,40.750,-0.363,0.598,2.023,4.625,10.695,8.113,0.212,0.420,1.059,1.364,3,NULL,NULL,,3,0,2,7,255,1161,250,0,0
stim,127054,157175,0,157175,3354494.454,-0.790,-0.138,-0.112,-0.587,0,0,1741,0,2953,93,2901,1775,53,1.201,1,2185,0,363.992,12.193,-118.063,-341.563,43.438,-0.426,0.633,2.102,4.820,11.199,7.277,0.262,0.472,1.059,1.364,3,NULL,NULL,,3,0,2,7,255,1161,250,0,0
stim,127054,157175,0,157175,3354499.455,-0.788,-0.151,-0.121,-0.584,0,0,1655,0,2899,105,2839,1661,53,1.201,1,2185,0,377.489,13.554,-108.688,-359.688,36.188,-0.559,0.578,2.395,4.820,12.668,7.277,0.314,0.526,1.059,1.364,3,NULL,NULL,,3,0,2,7,255,1161,250,0,0
stim,127092,157213,0,157213,3354504.453,-0.786,-0.165,-0.132,-0.581,0,0,1551,0,2846,89,2771,1559,53,1.201,1,2185,0,397.020,15.913,-106.188,-381.875,22.813,-0.734,0.492,2.727,4.133,15.367,9.117,0.370,0.582,1.059,1.364,3,NULL,NULL,,3,0,2,7,255,1161,250,0,0
stim,127092,157213,0,157213,3354509.457,-0.783,-0.179,-0.142,-0.578,0,0,1436,0,2780,73,2681,1417,53,1.201,1,2185,0,419.142,19.119,-128.563,-398.938,0.438,-0.660,0.598,2.961,4.055,18.684,10.941,0.430,0.644,1.059,1.364,3,NULL,NULL,,3,0,2,7,255,1161,250,0,0
stim,127092,157213,0,157213,3354514.454,-0.779,-0.194,-0.153,-0.576,0,0,1333,0,2702,59,2551,1273,53,1.201,1,2185,0,436.526,20.437,-130.813,-415.625,-26.438,-0.609,0.543,3.180,3.750,20.090,12.465,0.500,0.718,1.059,1.364,3,NULL,NULL,,3,0,2,7,255,1161,250,0,0
stim,127092,157213,0,157213,3354519.455,-0.774,-0.210,-0.164,-0.574,0,0,1139,0,2577,36,2383,1131,53,1.201,1,2185,0,454.091,21.806,-157.375,-424.188,-38.688,-0.582,0.641,3.191,4.055,21.426,13.074,0.580,0.800,1.059,1.364,3,NULL,NULL,,3,0,2,7,255,1161,250,0,0
stim,127092,157213,0,157213,3354524.454,-0.769,-0.227,-0.174,-0.572,0,0,926,0,2423,0,2169,969,53,1.201,1,2185,0,476.094,22.809,-187.750,-436.250,-33.188,-0.547,0.570,3.141,4.449,22.371,13.074,0.672,0.896,1.059,1.364,3,NULL,NULL,,3,0,2,7,255,1161,250,0,0
stim,127092,157213,0,157213,3354529.455,-0.763,-0.246,-0.183,-0.569,0,0,717,0,2223,0,1881,881,53,1.201,1,2185,0,502.656,22.809,-229.438,-446.875,-18.000,-0.461,0.258,2.777,4.449,22.371,12.004,0.772,0.998,1.059,1.364,3,NULL,NULL,,3,0,2,7,255,1161,250,0,0
stim,127092,157213,0,157213,3354534.454,-0.757,-0.265,-0.193,-0.565,0,0,520,0,1977,0,1516,747,53,1.201,1,2185,0,523.286,20.150,-233.813,-468.125,4.313,-0.434,-0.359,2.215,1.875,20.063,9.164,0.874,1.102,1.059,1.364,3,NULL,NULL,,3,0,2,7,255,1161,250,0,0
stim,127092,157213,0,157213,3354539.455,-0.751,-0.285,-0.203,-0.561,0,0,377,0,1683,0,997,611,53,1.201,1,2185,0,525.260,16.499,-217.500,-477.938,12.938,-0.082,-0.457,1.516,-3.836,16.047,5.332,0.972,1.204,1.059,1.364,3,NULL,NULL,,3,0,2,7,255,1161,250,0,0
stim,127092,157213,0,157213,3354544.453,-0.746,-0.301,-0.215,-0.554,0,0,243,0,1379,0,392,487,53,1.201,1,2185,0,501.595,10.238,-118.813,-487.125,13.813,-0.008,-0.449,1.262,-3.836,9.492,1.828,1.064,1.300,1.059,1.364,3,NULL,NULL,,3,0,2,7,255,1161,250,0,0
stim,127092,157213,0,157213,3354549.455,-0.742,-0.313,-0.230,-0.547,0,0,173,0,1043,0,77,421,53,1.201,1,2185,0,491.094,10.226,-20.188,-489.438,34.875,-0.027,0.016,1.648,-3.805,9.492,1.141,1.146,1.384,1.059,1.364,3,NULL,NULL,,3,0,2,7,255,1161,250,0,0
stim,127121,157242,0,157242,3354554.453,-0.739,-0.325,-0.245,-0.536,0,0,119,0,583,0,0,331,53,1.201,1,2185,0,501.855,11.801,26.750,-494.063,83.938,-0.500,0.129,2.438,0.016,11.801,1.141,1.218,1.460,1.059,1.364,3,NULL,NULL,,3,0,2,7,255,1161,250,0,0
stim,127121,157242,0,157242,3354559.455,-0.737,-0.340,-0.257,-0.524,0,0,115,0,201,0,0,245,53,1.201,1,2185,0,527.713,21.208,-48.625,-500.875,158.875,-0.902,0.383,2.641,0.477,21.203,1.141,1.286,1.530,1.059,1.364,3,NULL,NULL,,3,0,2,7,255,1161,250,0,0
stim,127121,157242,0,157242,3354564.454,-0.734,-0.358,-0.267,-0.512,0,0,69,0,0,0,0,125,53,1.201,1,2185,0,548.658,25.607,-147.125,-498.313,176.250,-1.121,0.805,2.277,0.809,25.594,-0.977,1.358,1.604,1.059,1.364,3,NULL,NULL,,3,0,2,7,255,1161,250,0,0
stim,127121,157242,0,157242,3354569.455,-0.728,-0.378,-0.274,-0.502,0,0,31,0,0,0,0,40,53,1.201,1,2185,0,547.188,25.874,-232.000,-471.625,152.188,-1.164,1.305,1.594,3.797,25.594,-7.043,1.434,1.684,1.059,1.364,4,NULL,NULL,,3,0,2,7,255,1161,250,0,0
stim,127150,157271,0,157271,3354574.454,-0.721,-0.397,-0.280,-0.494,0,0,33,0,0,0,0,5,53,1.201,1,2185,0,520.601,22.789,-258.688,-437.438,112.938,-0.824,1.844,1.156,8.121,21.293,-13.754,1.520,1.774,1.059,1.364,0,NULL,NULL,,3,0,2,7,255,1161,250,0,0
stim,127150,157271,0,157271,3354579.457,-0.714,-0.415,-0.285,-0.487,0,0,33,0,0,0,0,30,53,1.201,1,2185,0,479.208,21.254,-262.188,-395.250,68.375,-0.684,1.684,1.137,13.168,16.684,-15.273,1.610,1.866,1.059,1.364,0,NULL,NULL,,3,0,2,7,255,1161,250,0,0
stim,127150,157271,0,157271,3354584.453,-0.705,-0.433,-0.288,-0.482,0,0,30,0,0,0,0,71,53,1.201,1,2185,0,475.129,20.193,-299.500,-361.063,75.375,-0.457,0.809,1.191,13.168,15.309,-15.273,1.696,1.954,1.059,1.364,0,NULL,NULL,,3,0,2,7,255,1161,250,0,0
stim,127150,157271,0,157271,3354589.455,-0.696,-0.449,-0.289,-0.480,0,0,31,0,0,0,0,91,53,1.201,1,2185,0,431.500,14.687,-329.063,-278.375,20.438,-0.180,-0.039,0.977,6.086,13.367,-11.000,1.772,2.034,1.059,1.364,0,NULL,NULL,,3,0,2,7,255,1161,250,0,0
stim,127150,157271,0,157271,3354594.453,-0.689,-0.462,-0.290,-0.478,0,0,38,0,0,0,0,163,53,1.201,1,2185,0,342.103,9.329,-262.375,-218.750,18.500,-0.355,-0.637,0.680,-0.547,9.313,-7.801,1.840,2.104,1.059,1.364,0,NULL,NULL,,3,0,2,7,255,1161,250,0,0
stim,127150,157271,0,157271,3354599.455,-0.683,-0.471,-0.291,-0.476,0,0,37,0,0,0,0,187,53,1.201,1,2185,0,252.257,10.845,-187.688,-167.375,19.813,-0.539,-0.461,0.891,-5.559,9.313,-7.801,1.902,2.166,1.059,1.364,0,NULL,NULL,,3,0,2,7,255,1161,250,0,0
stim,127190,157311,0,157311,3354604.454,-0.678,-0.479,-0.289,-0.477,0,0,39,0,0,0,0,195,53,1.201,1,2185,0,229.079,11.142,-207.063,-96.688,-15.938,-0.504,-0.168,0.988,-5.559,9.656,-9.273,1.960,2.226,1.059,1.364,0,NULL,NULL,,3,0,2,7,255,1161,250,0,0
stim,127190,157311,0,157311,3354609.457,-0.671,-0.487,-0.285,-0.481,0,0,33,0,0,0,0,157,53,1.201,1,2185,0,270.860,9.985,-269.500,-13.625,-23.438,-0.223,0.316,0.250,-2.543,9.656,-9.875,2.020,2.288,1.059,1.364,0,NULL,NULL,,3,0,2,7,255,1161,250,0,0
stim,127190,157311,0,157311,3354614.454,-0.667,-0.493,-0.278,-0.485,0,0,38,0,0,0,0,137,53,1.201,1,2185,0,259.441,3.857,-251.563,63.375,3.125,-0.094,0.742,-0.672,2.238,3.141,-12.020,2.080,2.350,1.059,1.364,0,NULL,NULL,,3,0,2,7,255,1161,250,0,0
stim,127190,157311,0,157311,3354619.455,-0.666,-0.494,-0.271,-0.489,0,0,40,0,0,0,0,107,53,1.201,1,2185,0,178.685,7.337,-127.063,124.000,20.188,-0.215,0.770,-0.969,4.586,-5.727,-15.781,2.138,2.412,1.059,1.364,0,NULL,NULL,,3,0,2,7,255,1161,250,0,0
stim,127190,157311,0,157311,3354624.453,-0.668,-0.491,-0.266,-0.492,0,0,35,0,0,0,0,103,53,1.201,1,2185,0,164.884,7.337,-3.063,164.125,15.500,-0.449,0.285,-0.441,4.586,-5.727,-16.215,2.186,2.462,1.059,1.364,0,NULL,NULL,,3,0,2,7,255,1161,250,0,0
stim,127190,157311,0,157311,3354629.455,-0.671,-0.486,-0.261,-0.496,0,0,35,0,0,0,0,91,53,1.201,1,2185,0,197.812,2.290,30.563,194.875,14.813,-0.531,-0.094,0.109,0.152,-2.285,-16.215,2.230,2.510,1.059,1.364,0,NULL,NULL,,3,0,2,7,255,1161,250,0,0
stim,127212,157333,0,157333,3354634.453,-0.674,-0.481,-0.254,-0.500,0,0,28,0,0,0,0,82,53,1.201,1,2185,0,217.486,3.847,9.938,216.563,17.375,-0.469,-0.094,0.184,-2.328,3.063,-13.355,2.274,2.554,1.059,1.364,0,NULL,NULL,,3,0,2,7,255,1161,250,0,0
stim,127212,157333,0,157333,3354639.457,-0.677,-0.476,-0.247,-0.504,0,0,27,0,0,0,0,73,53,1.201,1,2185,0,230.850,3.847,9.563,228.188,33.625,-0.426,0.063,-0.059,-2.328,3.063,-13.355,2.316,2.598,1.059,1.364,0,NULL,NULL,,3,0,2,7,255,1161,250,0,0
stim,127212,157333,0,157333,3354644.454,-0.682,-0.470,-0.240,-0.507,0,0,27,0,0,0,0,59,53,1.201,1,2185,0,245.117,1.767,45.125,234.813,53.938,-0.488,0.305,-0.191,-1.184,1.313,-13.695,2.350,2.636,1.059,1.364,0,NULL,NULL,,3,0,2,7,255,1161,250,0,0
stim,127212,157333,0,157333,3354649.455,-0.687,-0.463,-0.234,-0.510,0,0,23,0,0,0,0,56,53,1.201,1,2185,0,260.658,1.409,84.500,241.063,51.875,-0.551,0.430,-0.109,0.512,1.313,-15.695,2.378,2.666,1.059,1.364,0,NULL,NULL,,3,0,2,7,255,1161,250,0,0
stim,127212,157333,0,157333,3354654.453,-0.692,-0.454,-0.228,-0.512,0,0,25,0,0,0,0,43,53,1.201,1,2185,0,274.545,2.134,109.563,247.250,47.313,-0.527,0.355,0.051,1.238,1.738,-15.695,2.396,2.686,1.059,1.364,0,NULL,NULL,,3,0,2,7,255,1161,250,0,0
stim,127212,157333,0,157333,3354659.455,-0.698,-0.445,-0.222,-0.515,0,0,28,0,0,0,0,45,53,1.201,1,2185,0,284.331,3.336,117.250,253.563,52.938,-0.504,0.301,0.184,1.238,3.098,-15.039,2.410,2.702,1.059,1.364,0,NULL,NULL,,3,0,2,7,255,1161,250,0,0
stim,127233,157354,0,157354,3354664.453,-0.704,-0.436,-0.216,-0.517,0,0,26,0,0,0,0,46,53,1.201,1,2185,0,290.507,4.357,119.063,258.688,57.438,-0.543,0.313,0.273,1.191,4.191,-13.926,2.418,2.714,1.059,1.364,0,NULL,NULL,,3,0,2,7,255,1161,250,0,0
stim,127233,157354,0,157354,3354669.457,-0.710,-0.427,-0.210,-0.520,0,0,25,0,0,0,0,48,53,1.201,1,2185,0,294.750,5.347,124.813,261.000,56.375,-0.609,0.293,0.371,1.094,5.234,-13.699,2.424,2.722,1.059,1.364,0,NULL,NULL,,3,0,2,7,255,1161,250,0,0
stim,127233,157354,0,157354,3354674.454,-0.716,-0.417,-0.204,-0.522,0,0,25,0,0,0,0,51,53,1.201,1,2185,0,295.991,6.563,127.375,262.938,47.438,-0.621,0.277,0.500,0.984,6.488,-13.453,2.430,2.730,1.059,1.364,0,NULL,NULL,,3,0,2,7,255,1161,250,0,0
stim,127233,157354,0,157354,3354679.455,-0.721,-0.408,-0.198,-0.525,0,0,25,0,0,0,0,51,53,1.201,1,2185,0,293.848,7.700,121.125,265.563,33.938,-0.563,0.277,0.602,0.984,7.637,-12.605,2.438,2.740,1.059,1.364,0,NULL,NULL,,3,0,2,7,255,1161,250,0,0
stim,127233,157354,0,157354,3354684.454,-0.725,-0.398,-0.191,-0.528,0,0,22,0,0,0,0,53,53,1.201,1,2185,0,291.886,8.280,113.063,267.625,28.125,-0.512,0.258,0.668,1.355,8.168,-11.395,2.448,2.752,1.059,1.364,0,NULL,NULL,,3,0,2,7,255,1161,250,0,0
stim,127233,157354,0,157354,3354689.455,-0.730,-0.388,-0.185,-0.531,0,0,23,0,0,0,0,53,53,1.201,1,2185,0,291.439,8.539,107.875,269.500,25.875,-0.531,0.254,0.758,1.477,8.410,-10.375,2.460,2.766,1.059,1.364,0,NULL,NULL,,3,0,2,7,255,1161,250,0,0
stim,127295,157416,0,157416,3354694.453,-0.734,-0.379,-0.178,-0.535,0,0,22,0,0,0,0,56,53,1.201,1,2185,0,292.599,9.353,99.688,274.813,12.438,-0.531,0.266,0.867,1.555,9.223,-9.750,2.476,2.786,1.059,1.364,0,NULL,NULL,,3,0,2,7,255,1161,250,0,0
stim,127295,157416,0,157416,3354699.455,-0.737,-0.370,-0.172,-0.539,0,0,27,0,0,0,0,54,53,1.201,1,2185,0,294.695,10.183,84.813,282.188,-4.688,-0.461,0.230,0.945,1.859,10.012,-8.887,2.498,2.810,1.059,1.364,0,NULL,NULL,,3,0,2,7,255,1161,250,0,0
stim,127295,157416,0,157416,3354704.453,-0.740,-0.360,-0.164,-0.544,0,0,26,0,0,0,0,55,53,1.201,1,2185,0,299.064,10.206,64.063,291.875,-12.000,-0.391,0.195,0.945,1.984,10.012,-7.512,2.524,2.838,1.059,1.364,0,NULL,NULL,,3,0,2,7,255,1161,250,0,0
stim,127295,157416,0,157416,3354709.455,-0.742,-0.351,-0.156,-0.549,0,0,21,0,0,0,0,57,53,1.201,1,2185,0,307.541,9.642,50.750,302.938,-15.313,-0.402,0.219,0.895,1.992,9.434,-6.945,2.558,2.874,1.059,1.364,0,NULL,NULL,,3,0,2,7,255,1161,250,0,0
stim,127295,157416,0,157416,3354714.454,-0.744,-0.342,-0.147,-0.555,0,0,25,0,0,0,0,53,53,1.201,1,2185,0,319.377,9.389,44.563,315.125,-26.688,-0.430,0.238,0.887,2.113,9.148,-6.945,2.598,2.916,1.059,1.364,0,NULL,NULL,,3,0,2,7,255,1161,250,0,0
stim,127295,157416,0,157416,3354719.455,-0.745,-0.333,-0.138,-0.561,0,0,22,0,0,0,0,51,53,1.201,1,2185,0,331.915,9.386,38.938,327.000,-41.500,-0.391,0.215,0.891,2.262,9.109,-6.945,2.640,2.960,1.059,1.364,0,NULL,NULL,,3,0,2,7,255,1161,250,0,0
stim,127295,157416,0,157416,3354724.453,-0.746,-0.323,-0.129,-0.568,0,0,25,0,0,0,0,53,53,1.201,1,2185,0,343.275,9.060,33.188,338.063,-49.500,-0.320,0.180,0.855,2.262,8.773,-6.441,2.684,3.006,1.059,1.364,0,NULL,NULL,,3,0,2,7,255,1161,250,0,0
stim,127295,157416,0,157416,3354729.455,-0.747,-0.313,-0.120,-0.574,0,0,25,0,0,0,0,55,53,1.201,1,2185,0,353.256,8.189,34.000,347.750,-52.000,-0.297,0.152,0.781,2.219,7.883,-6.031,2.730,3.056,1.059,1.364,0,NULL,NULL,,3,0,2,7,255,1161,250,0,0
stim,127295,157416,0,157416,3354734.453,-0.748,-0.302,-0.110,-0.581,0,0,22,0,0,0,0,51,53,1.201,1,2185,0,362.912,7.329,41.625,356.063,-56.500,-0.289,0.141,0.738,2.000,7.051,-6.031,2.774,3.102,1.059,1.364,0,NULL,NULL,,3,0,2,7,255,1161,250,0,0
stim,127295,157416,0,157416,3354739.455,-0.748,-0.291,-0.101,-0.588,0,0,23,0,0,0,0,52,53,1.201,1,2185,0,372.287,6.902,51.938,363.125,-63.563,-0.246,0.141,0.723,2.000,6.605,-6.031,2.818,3.150,1.059,1.364,0,NULL,NULL,,3,0,2,7,255,1161,250,0,0
stim,127295,157416,0,157416,3354744.454,-0.748,-0.279,-0.091,-0.595,0,0,22,0,0,0,0,58,53,1.201,1,2185,0,380.409,6.372,63.938,368.688,-68.500,-0.121,0.129,0.695,2.078,6.023,-5.789,2.862,3.194,1.059,1.364,0,NULL,NULL,,3,0,2,7,255,1161,250,0,0
stim,127295,157416,0,157416,3354749.455,-0.749,-0.267,-0.082,-0.602,0,0,20,0,0,0,0,64,53,1.201,1,2185,0,386.130,5.188,79.188,372.313,-64.875,-0.004,0.094,0.652,2.199,4.699,-5.199,2.904,3.238,1.059,1.364,0,NULL,NULL,,3,0,2,7,255,1161,250,0,0
stim,127324,157445,0,157445,3354754.454,-0.749,-0.253,-0.073,-0.608,0,0,20,0,0,0,0,70,53,1.201,1,2185,0,389.427,4.004,103.813,371.375,-54.375,-0.016,0.152,0.594,2.289,3.285,-5.199,2.942,3.280,1.059,1.364,0,NULL,NULL,,3,0,2,7,255,1161,250,0,0
stim,127324,157445,0,157445,3354759.455,-0.750,-0.239,-0.066,-0.613,0,0,24,0,0,0,0,69,53,1.201,1,2185,0,399.718,4.195,145.188,367.563,-59.938,-0.125,0.258,0.672,2.609,3.285,-5.355,2.976,3.316,1.059,1.364,0,NULL,NULL,,3,0,2,7,255,1161,250,0,0
stim,127324,157445,0,157445,3354764.453,-0.751,-0.223,-0.060,-0.619,0,0,25,0,0,0,0,68,53,1.201,1,2185,0,408.426,4.945,172.750,363.438,-69.875,0.023,0.148,0.934,3.313,3.672,-5.355,3.006,3.348,1.059,1.364,0,NULL,NULL,,3,0,2,7,255,1161,250,0,0
stim,127324,157445,0,157445,3354769.455,-0.751,-0.207,-0.053,-0.624,0,0,21,0,0,0,0,73,53,1.201,1,2185,0,402.222,4.945,169.750,361.813,-45.375,0.195,0.020,1.129,3.313,3.672,-2.023,3.032,3.376,1.059,1.364,0,NULL,NULL,,3,0,2,7,255,1161,250,0,0
stim,127324,157445,0,157445,3354774.455,-0.753,-0.192,-0.046,-0.627,0,0,17,0,0,0,0,73,53,1.201,1,2185,0,394.322,3.964,161.688,359.625,-4.063,0.195,0.074,1.082,3.141,2.418,0.297,3.056,3.402,1.059,1.364,0,NULL,NULL,,3,0,2,7,255,1161,250,0,0
stim,127324,157445,0,157445,3354779.455,-0.756,-0.177,-0.039,-0.630,0,0,19,0,0,0,0,71,53,1.201,1,2185,0,399.506,3.964,180.938,355.625,19.938,-0.016,0.254,1.043,3.141,2.418,0.297,3.078,3.428,1.059,1.364,0,NULL,NULL,,3,0,2,7,255,1161,250,0,0
stim,127353,157474,0,157474,3354784.454,-0.758,-0.160,-0.033,-0.632,0,0,21,0,0,0,0,69,53,1.201,1,2185,0,411.730,5.605,211.750,353.000,8.625,-0.188,0.301,1.215,4.234,3.672,0.223,3.100,3.450,1.059,1.364,0,NULL,NULL,,3,0,2,7,255,1161,250,0,0
stim,127353,157474,0,157474,3354789.457,-0.759,-0.143,-0.028,-0.635,0,0,23,0,0,0,0,73,53,1.201,1,2185,0,417.774,6.693,223.813,352.625,-9.938,-0.137,0.195,1.461,4.234,5.184,0.223,3.120,3.472,1.059,1.364,0,NULL,NULL,,3,0,2,7,255,1161,250,0,0
stim,127353,157474,0,157474,3354794.453,-0.760,-0.126,-0.022,-0.637,0,0,20,0,0,0,0,72,53,1.201,1,2185,0,414.282,6.495,216.688,352.938,-10.563,-0.070,0.160,1.629,3.914,5.184,3.133,3.140,3.496,1.059,1.364,0,NULL,NULL,,3,0,2,7,255,1161,250,0,0
stim,127353,157474,0,157474,3354799.455,-0.761,-0.109,-0.016,-0.639,0,0,22,0,0,0,0,74,53,1.201,1,2185,0,408.381,6.095,205.875,352.688,-1.563,-0.121,0.215,1.730,3.914,4.672,5.117,3.164,3.520,1.059,1.364,0,NULL,NULL,,3,0,2,7,255,1161,250,0,0
stim,127405,157526,0,157526,3354804.453,-0.762,-0.093,-0.010,-0.641,0,0,18,0,0,0,0,73,53,1.201,1,2185,0,404.499,6.287,200.375,351.375,-2.125,-0.195,0.313,1.879,4.207,4.672,6.094,3.186,3.546,1.059,1.364,0,NULL,NULL,,3,0,2,7,255,1161,250,0,0
stim,127405,157526,0,157526,3354809.455,-0.762,-0.077,-0.004,-0.643,0,0,20,0,0,0,0,72,53,1.201,1,2185,0,396.740,6.999,185.750,350.313,-13.438,-0.219,0.313,1.988,4.930,4.969,7.473,3.212,3.572,1.059,1.364,0,NULL,NULL,,3,0,2,7,255,1161,250,0,0
stim,127405,157526,0,157526,3354814.454,-0.761,-0.061,0.003,-0.645,0,0,20,0,0,0,0,75,53,1.201,1,2185,0,387.521,6.999,167.688,348.688,-21.688,-0.168,0.254,2.059,4.930,4.969,8.730,3.238,3.600,1.059,1.364,0,NULL,NULL,,3,0,2,7,255,1161,250,0,0
stim,127405,157526,0,157526,3354819.455,-0.761,-0.047,0.010,-0.647,0,0,19,0,0,0,0,75,53,1.201,1,2185,0,377.547,5.811,148.750,346.250,-22.938,-0.129,0.211,2.070,4.352,3.852,9.719,3.266,3.630,1.059,1.364,0,NULL,NULL,,3,0,2,7,255,1161,250,0,0
stim,127405,157526,0,157526,3354824.454,-0.760,-0.032,0.017,-0.649,0,0,18,0,0,0,0,72,53,1.201,1,2185,0,368.560,4.756,134.563,342.375,-22.563,-0.125,0.203,2.047,3.875,2.758,9.945,3.294,3.660,1.059,1.364,0,NULL,NULL,,3,0,2,7,255,1161,250,0,0
stim,127405,157526,0,157526,3354829.455,-0.759,-0.018,0.025,-0.651,0,0,20,0,0,0,0,71,53,1.201,1,2185,0,362.106,4.207,128.313,337.625,-25.813,-0.125,0.195,2.027,3.660,2.074,9.945,3.318,3.686,1.059,1.364,0,NULL,NULL,,3,0,2,7,255,1161,250,0,0
stim,127405,157526,0,157526,3354834.453,-0.757,-0.004,0.032,-0.652,0,0,20,0,0,0,0,75,53,1.201,1,2185,0,358.368,3.721,127.813,333.250,-32.188,-0.086,0.164,2.020,3.441,1.414,9.828,3.340,3.712,1.059,1.364,0,NULL,NULL,,3,0,2,7,255,1161,250,0,0
stim,127405,157526,0,157526,3354839.455,-0.755,0.009,0.039,-0.654,0,0,22,0,0,0,0,71,53,1.201,1,2185,0,357.719,3.072,131.750,330.438,-37.625,-0.035,0.066,2.039,3.047,0.395,9.828,3.358,3.732,1.059,1.364,0,NULL,NULL,,3,0,2,7,255,1161,250,0,0
stim,127405,157526,0,157526,3354844.453,-0.753,0.023,0.046,-0.656,0,0,20,0,0,0,0,71,53,1.201,1,2185,0,357.817,2.211,136.875,328.250,-39.375,0.004,0.023,2.070,2.035,-0.863,10.055,3.374,3.748,1.059,1.364,0,NULL,NULL,,3,0,2,7,255,1161,250,0,0
stim,127405,157526,0,157526,3354849.455,-0.751,0.037,0.052,-0.658,0,0,22,0,0,0,0,69,53,1.201,1,2185,0,360.520,2.583,143.000,328.000,-44.063,0.063,0.051,2.086,1.734,-1.914,10.352,3.384,3.762,1.059,1.364,0,NULL,NULL,,3,0,2,7,255,1161,250,0,0
stim,127405,157526,0,157526,3354854.454,-0.748,0.051,0.058,-0.659,0,0,23,0,0,0,0,71,53,1.201,1,2185,0,367.122,3.433,155.875,328.500,-50.688,0.176,0.035,2.094,1.535,-3.070,10.352,3.390,3.770,1.059,1.364,0,NULL,NULL,,3,0,2,7,255,1161,250,0,0
stim,127405,157526,0,157526,3354859.455,-0.745,0.066,0.064,-0.661,0,0,16,0,0,0,0,83,53,1.201,1,2185,0,376.550,5.011,175.938,328.563,-53.688,0.359,-0.039,2.137,1.500,-4.781,10.184,3.390,3.772,1.059,1.364,0,NULL,NULL,,3,0,2,7,255,1161,250,0,0
stim,127434,157555,0,157555,3354864.453,-0.741,0.082,0.069,-0.663,0,0,11,0,0,0,0,78,53,1.201,1,2185,0,387.799,7.365,198.438,329.000,-52.625,0.598,-0.039,2.219,0.770,-7.324,10.184,3.384,3.768,1.059,1.364,0,NULL,NULL,,3,0,2,7,255,1161,250,0,0
stim,127434,157555,0,157555,3354869.455,-0.738,0.098,0.073,-0.664,0,0,10,0,0,0,0,81,53,1.201,1,2185,0,397.864,10.392,217.375,329.875,-47.188,0.820,0.059,2.301,0.770,-10.363,10.180,3.370,3.758,1.059,1.364,0,NULL,NULL,,3,0,2,7,255,1161,250,0,0
stim,127434,157555,0,157555,3354874.454,-0.734,0.115,0.077,-0.665,0,0,11,0,0,0,0,83,53,1.201,1,2185,0,406.636,13.279,235.188,329.688,-36.688,1.012,0.109,2.379,1.559,-13.188,10.180,3.346,3.736,1.059,1.364,0,NULL,NULL,,3,0,2,7,255,1161,250,0,0
stim,127434,157555,0,157555,3354879.456,-0.731,0.133,0.081,-0.665,0,0,5,0,0,0,0,81,53,1.201,1,2185,0,415.587,15.827,253.875,328.250,-22.625,1.164,0.105,2.477,1.559,-15.750,10.059,3.314,3.706,1.059,1.364,0,NULL,NULL,,3,0,2,7,255,1161,250,0,0
stim,127451,157572,0,157572,3354884.454,-0.727,0.151,0.083,-0.664,0,0,7,0,0,0,0,79,53,1.201,1,2185,0,423.916,18.128,270.313,326.375,-10.750,1.262,0.125,2.625,1.449,-18.070,10.059,3.270,3.664,1.059,1.364,0,NULL,NULL,,3,0,2,7,255,1161,250,0,0
stim,127451,157572,0,157572,3354889.455,-0.724,0.169,0.086,-0.664,0,0,16,0,0,0,0,83,53,1.201,1,2185,0,426.946,20.095,278.313,323.750,-3.375,1.316,0.203,2.813,1.332,-20.051,10.574,3.216,3.612,1.059,1.364,0,NULL,NULL,,3,0,2,7,255,1161,250,0,0
stim,127451,157572,0,157572,3354894.454,-0.720,0.186,0.088,-0.662,0,0,16,0,0,0,0,87,53,1.201,1,2185,0,418.677,21.806,269.313,320.563,0.750,1.348,0.352,3.016,1.332,-21.766,11.594,3.152,3.550,1.059,1.364,0,NULL,NULL,,3,0,2,7,255,1161,250,0,0
stim,127451,157572,0,157572,3354899.455,-0.717,0.203,0.091,-0.661,0,0,21,0,0,0,0,99,53,1.201,1,2185,0,394.628,23.465,239.375,313.688,5.563,1.383,0.543,3.152,2.098,-23.371,12.824,3.078,3.478,1.059,1.364,0,NULL,NULL,,3,0,2,7,255,1161,250,0,0
stim,127491,157612,0,157612,3354904.453,-0.714,0.218,0.095,-0.659,0,0,13,0,0,0,0,109,53,1.201,1,2185,0,361.534,25.018,198.563,302.000,8.688,1.496,0.742,3.168,3.352,-24.793,12.840,2.994,3.396,1.059,1.364,0,NULL,NULL,,3,0,2,7,255,1161,250,0,0
stim,127491,157612,0,157612,3354909.458,-0.711,0.231,0.099,-0.657,0,0,6,0,0,0,0,135,53,1.201,1,2185,0,327.427,26.844,157.250,287.000,10.563,1.746,0.730,3.035,4.973,-26.379,12.840,2.900,3.304,1.059,1.364,0,NULL,NULL,,3,0,2,7,255,1161,250,0,0
stim,127491,157612,0,157612,3354914.454,-0.709,0.243,0.104,-0.654,0,0,6,0,0,0,0,160,53,1.201,1,2185,0,296.089,29.015,117.938,270.563,23.563,2.051,0.438,2.754,4.973,-28.586,9.957,2.794,3.200,1.059,1.364,0,NULL,NULL,,3,0,2,7,255,1161,250,0,0
stim,127491,157612,0,157612,3354919.455,-0.708,0.253,0.109,-0.650,0,0,8,0,0,0,0,182,53,1.201,1,2185,0,272.474,30.544,87.000,253.125,51.000,2.242,0.109,2.320,2.855,-30.410,5.020,2.678,3.086,1.059,1.364,0,NULL,NULL,,3,0,2,7,255,1161,250,0,0
stim,127491,157612,0,157612,3354924.454,-0.708,0.262,0.113,-0.646,0,0,4,0,0,0,0,205,53,1.201,1,2185,0,258.301,30.415,75.875,233.500,80.250,2.344,-0.094,1.805,0.559,-30.410,-0.785,2.550,2.960,1.059,1.364,0,NULL,NULL,,3,0,2,7,255,1161,250,0,0
stim,127491,157612,0,157612,3354929.455,-0.709,0.271,0.116,-0.641,0,0,4,0,0,0,0,229,53,1.201,1,2185,0,254.332,28.885,90.313,213.500,104.625,2.426,-0.254,1.297,-0.355,-28.883,-6.559,2.416,2.826,1.059,1.364,0,NULL,NULL,,3,0,2,7,255,1161,250,0,0
stim,127516,157637,0,157637,3354934.453,-0.710,0.281,0.117,-0.635,0,0,5,0,0,0,0,267,53,1.201,1,2185,0,264.822,27.048,127.375,193.375,128.500,2.465,-0.566,0.875,-0.844,-27.035,-11.957,2.278,2.688,1.059,1.364,0,NULL,NULL,,3,0,2,7,255,1161,250,0,0
stim,127516,157637,0,157637,3354939.457,-0.711,0.293,0.116,-0.629,0,0,5,0,0,0,0,277,53,1.201,1,2185,0,294.951,25.413,184.813,172.000,152.500,2.441,-1.016,0.660,-2.871,-25.250,-16.695,2.136,2.546,1.059,1.364,0,NULL,NULL,,3,0,2,7,255,1161,250,0,0
stim,127516,157637,0,157637,3354944.453,-0.711,0.306,0.112,-0.623,0,0,10,0,0,0,0,279,53,1.201,1,2185,0,342.913,24.860,255.125,153.625,170.000,2.340,-1.313,0.688,-6.527,-23.988,-19.809,1.990,2.402,1.059,1.364,0,NULL,NULL,,3,0,2,7,255,1161,250,0,0
stim,127516,157637,0,157637,3354949.455,-0.710,0.320,0.105,-0.618,0,0,19,0,0,0,0,287,53,1.201,1,2185,0,386.397,25.701,321.250,133.313,168.313,2.227,-1.402,1.055,-9.227,-23.988,-19.809,1.844,2.254,1.059,1.364,0,NULL,NULL,,3,0,2,7,255,1161,250,0,0
stim,127516,157637,0,157637,3354954.454,-0.710,0.334,0.098,-0.613,0,0,21,0,0,0,0,309,53,1.201,1,2185,0,365.609,26.313,309.063,110.313,161.188,2.316,-1.078,2.047,-9.668,-24.473,-17.785,1.692,2.102,1.059,1.364,0,NULL,NULL,,3,0,2,7,255,1161,250,0,0
stim,127516,157637,0,157637,3354959.455,-0.710,0.345,0.092,-0.607,0,0,20,0,0,0,0,311,53,1.201,1,2185,0,319.977,31.352,255.938,103.625,161.688,2.215,-1.500,1.941,-10.734,-29.457,-12.613,1.538,1.948,1.059,1.364,0,NULL,NULL,,3,0,2,7,255,1161,250,0,0
stim,127534,157655,0,157655,3354964.453,-0.708,0.355,0.087,-0.605,0,0,19,0,0,0,0,325,53,1.201,1,2185,0,268.167,32.376,242.688,75.750,85.313,1.762,-1.348,2.180,-13.434,-29.457,-10.324,1.380,1.788,1.059,1.364,0,NULL,NULL,,3,0,2,7,255,1161,250,0,0
stim,127534,157655,0,157655,3354969.455,-0.705,0.364,0.082,-0.603,0,0,16,0,9,0,0,333,53,1.201,1,2185,0,240.077,32.551,230.625,56.625,35.250,2.371,-1.645,2.313,-13.852,-29.457,-12.395,1.210,1.620,1.059,1.364,0,NULL,NULL,,3,0,2,7,255,1161,250,0,0
stim,127534,157655,0,157655,3354974.454,-0.703,0.371,0.077,-0.602,0,0,17,0,20,0,0,360,53,1.201,1,2185,0,208.242,35.534,197.000,23.563,63.250,2.316,-1.180,2.895,-13.852,-32.723,-8.398,1.032,1.442,1.059,1.364,0,NULL,NULL,,3,0,2,7,255,1161,250,0,0
stim,127534,157655,0,157655,3354979.455,-0.703,0.374,0.073,-0.600,0,0,7,0,13,0,0,376,53,1.201,1,2185,0,115.659,38.086,101.875,3.813,54.625,2.152,-0.805,3.164,-13.449,-35.633,-6.527,0.842,1.250,1.059,1.364,0,NULL,NULL,,3,0,2,7,255,1161,250,0,0
stim,127534,157655,0,157655,3354984.454,-0.704,0.375,0.071,-0.599,0,0,5,0,4,0,0,384,53,1.201,1,2185,0,66.933,37.429,30.625,-29.938,51.438,1.977,-0.781,2.770,-11.457,-35.633,-4.074,0.648,1.052,1.059,1.364,0,NULL,NULL,,3,0,2,7,255,1161,250,0,0
stim,127534,157655,0,157655,3354989.455,-0.705,0.373,0.069,-0.600,0,0,9,0,0,0,0,381,53,1.201,1,2185,0,56.296,33.824,-5.188,-54.438,13.375,1.391,-0.570,2.477,-10.465,-32.164,-2.363,0.458,0.852,1.059,1.364,0,NULL,NULL,,3,0,2,7,255,1161,250,0,0
stim,127596,157717,0,157717,3354994.453,-0.704,0.369,0.069,-0.603,0,0,2,0,0,0,0,390,53,1.201,1,2185,0,121.514,27.381,-53.250,-85.625,-67.813,1.316,-0.352,2.539,-9.266,-25.766,-1.984,0.290,0.654,1.059,1.364,0,NULL,NULL,,3,0,2,7,255,1161,250,0,0
stim,127596,157717,0,157717,3354999.457,-0.704,0.361,0.071,-0.607,0,0,0,0,0,0,0,399,53,1.201,1,2185,0,207.267,26.915,-146.375,-108.375,-98.938,1.613,-0.242,2.512,-7.781,-25.766,-1.027,0.214,0.476,1.059,1.364,0,NULL,NULL,,3,0,2,7,255,1161,250,0,0
stim,127596,157717,0,157717,3355004.453,-0.706,0.351,0.074,-0.611,0,0,0,7,0,7,0,560,53,1.201,1,2185,0,269.482,26.267,-224.188,-125.250,-81.688,1.473,-0.461,2.031,-6.625,-25.418,-1.027,0.240,0.356,1.059,1.364,0,NULL,NULL,,3,0,2,7,255,1161,250,0,0
stim,127596,157717,0,157717,3355009.455,-0.711,0.346,0.065,-0.608,553,0,0,872,0,126,0,619,53,1.201,1,2185,0,273.247,24.446,17.125,-207.625,176.813,-0.766,-1.086,3.688,-6.625,-23.531,-1.027,0.298,0.314,1.059,1.364,0,NULL,NULL,,3,0,2,7,255,1161,250,0,0
stim,127596,157717,0,157717,3355014.454,-0.730,0.338,0.053,-0.592,1215,0,0,1431,0,485,0,633,53,1.201,1,2185,0,661.430,16.341,-164.750,-220.500,601.438,-1.551,2.680,5.102,-6.625,-14.938,17.496,0.338,0.332,1.059,1.364,0,NULL,NULL,,3,0,2,7,255,1161,250,0,0
stim,127596,157717,0,157717,3355019.455,-0.750,0.311,0.065,-0.580,1812,0,0,1851,0,687,0,726,53,1.201,1,2185,0,850.926,13.698,-772.750,-105.250,340.375,-2.207,3.039,2.117,4.699,-12.867,27.832,0.358,0.374,1.059,1.364,0,NULL,NULL,,3,0,2,7,255,1161,250,0,0
stim,127596,157717,0,157717,3355024.454,-0.761,0.285,0.079,-0.578,2164,0,0,2039,0,933,0,819,52,1.201,1,2186,0,713.388,14.686,-702.563,-113.750,48.875,-2.883,1.867,-0.926,9.500,11.199,27.832,0.382,0.416,1.059,1.364,1,1178.000,17.000,,3,0,2,7,255,1161,250,0,0
stim,127596,157717,0,157717,3355029.455,-0.764,0.269,0.087,-0.580,2377,0,0,2169,0,1191,0,919,52,1.201,1,2186,0,431.817,29.202,-411.625,-86.250,-97.938,-1.566,1.832,-1.789,14.629,25.273,1.145,0.428,0.460,1.059,1.364,1,NULL,NULL,,3,0,2,7,255,1161,250,0,0
stim,127596,157717,0,157717,3355034.453,-0.761,0.262,0.087,-0.586,2523,0,0,2283,0,1337,0,1031,52,1.201,1,2186,0,212.414,27.000,-94.000,-112.875,-153.438,0.180,0.879,-0.328,9.500,25.273,-11.020,0.462,0.498,1.059,1.364,1,NULL,NULL,,3,0,2,7,255,1161,250,0,0
stim,127596,157717,0,157717,3355039.455,-0.762,0.259,0.084,-0.587,2703,0,0,2519,0,1499,0,1098,52,1.201,1,2186,0,115.299,10.312,-10.625,-114.063,13.063,0.801,0.988,0.832,10.172,1.691,-11.020,0.464,0.520,1.059,1.364,2,NULL,NULL,,3,0,2,7,255,1161,250,0,0
stim,127596,157717,0,157717,3355044.453,-0.769,0.253,0.078,-0.582,2837,0,0,2700,0,1553,0,1161,52,1.201,1,2186,0,261.143,9.024,-74.375,-156.813,195.125,-0.484,0.785,1.223,9.023,-0.070,-3.574,0.440,0.532,1.059,1.364,2,NULL,NULL,,3,0,2,7,255,1161,250,0,0
stim,127596,157717,0,157717,3355049.455,-0.779,0.241,0.075,-0.574,2936,0,0,2821,0,1591,0,1259,52,1.201,1,2186,0,416.703,3.907,-241.375,-203.375,272.063,-2.316,-0.770,1.145,3.906,-0.070,4.645,0.406,0.536,1.059,1.364,2,NULL,NULL,,3,0,2,7,255,1161,250,0,0
stim,127625,157746,0,157746,3355054.454,-0.783,0.227,0.075,-0.574,2985,0,0,2914,0,1610,0,1355,52,1.201,1,2186,0,334.974,20.388,-278.125,-186.688,-1.250,-2.645,-1.145,0.289,-16.109,12.496,4.645,0.374,0.530,1.059,1.364,2,NULL,NULL,,3,0,2,7,255,1161,250,0,0
stim,127625,157746,0,157746,3355059.455,-0.781,0.216,0.074,-0.582,3035,0,0,2981,0,1605,0,1459,52,1.201,1,2186,0,308.007,20.388,-155.688,-194.250,-181.375,-0.898,-0.902,-0.023,-16.109,12.496,-0.152,0.348,0.500,1.059,1.364,2,NULL,NULL,,3,0,2,7,255,1161,250,0,0
stim,127625,157746,0,157746,3355064.453,-0.777,0.211,0.069,-0.590,3063,0,0,3039,0,1605,0,1511,52,1.201,1,2186,0,261.964,12.466,-4.625,-187.938,-182.438,0.750,-1.074,0.813,-11.145,5.586,-7.496,0.328,0.442,1.059,1.364,2,NULL,NULL,,3,0,2,7,255,1161,250,0,0
stim,127625,157746,0,157746,3355069.455,-0.776,0.207,0.064,-0.592,3092,0,0,3087,0,1614,0,1523,52,1.201,1,2186,0,170.826,16.512,23.188,-164.063,-41.563,1.512,-1.438,1.820,-11.145,-12.184,-7.496,0.318,0.360,1.059,1.364,2,NULL,NULL,,3,0,2,7,255,1161,250,0,0
stim,127625,157746,0,157746,3355074.455,-0.780,0.201,0.059,-0.589,3107,0,0,3117,0,1651,0,1503,52,1.201,1,2186,0,200.903,25.971,-59.000,-152.625,116.563,1.348,-1.641,2.086,-11.262,-23.402,-1.699,0.324,0.284,1.059,1.364,2,NULL,NULL,,3,0,2,7,255,1161,250,0,0
stim,127625,157746,0,157746,3355079.455,-0.788,0.193,0.056,-0.582,3117,0,0,3147,0,1708,0,1479,52,1.201,1,2186,0,316.385,26.703,-160.625,-141.250,233.125,0.473,-1.367,1.520,-12.859,-23.402,-0.285,0.332,0.228,1.059,1.364,2,NULL,NULL,,3,0,2,7,255,1161,250,0,0
stim,127654,157775,0,157775,3355084.454,-0.796,0.184,0.055,-0.574,3133,0,0,3165,0,1790,8,1495,52,1.201,1,2186,0,328.385,18.338,-184.813,-134.438,235.813,-0.887,-0.605,0.902,-12.859,-13.074,-0.160,0.338,0.196,1.059,1.364,2,NULL,NULL,,3,0,2,7,255,1161,250,0,0
stim,127654,157775,0,157775,3355089.457,-0.800,0.176,0.052,-0.571,3143,0,0,3179,0,1877,59,1557,52,1.201,1,2186,0,229.054,9.856,-131.125,-142.250,122.625,-1.078,0.113,0.359,-9.398,2.969,-0.285,0.340,0.182,1.059,1.364,2,NULL,NULL,,3,0,2,7,255,1161,250,0,0
stim,127654,157775,0,157775,3355094.454,-0.802,0.171,0.047,-0.570,3148,0,0,3187,0,1955,100,1636,52,1.201,1,2186,0,169.485,4.406,-45.438,-153.125,56.688,-0.570,0.340,0.871,-3.000,3.227,-0.160,0.342,0.176,1.059,1.364,2,NULL,NULL,,3,0,2,7,255,1161,250,0,0
stim,127654,157775,0,157775,3355099.455,-0.804,0.166,0.043,-0.569,3148,0,0,3193,0,2055,110,1699,52,1.201,1,2186,0,166.584,3.241,-59.313,-152.625,30.625,-0.305,0.512,1.508,0.309,3.227,0.402,0.348,0.172,1.059,1.364,2,NULL,NULL,,3,0,2,7,255,1161,250,0,0
stim,127699,157820,0,157820,3355104.453,-0.806,0.159,0.041,-0.570,3151,0,0,3195,0,2123,117,1751,52,1.201,1,2186,0,171.156,2.252,-100.813,-137.500,15.000,-0.102,0.570,1.375,2.223,-0.359,4.285,0.358,0.164,1.059,1.364,2,NULL,NULL,,3,0,2,7,255,1161,250,0,0
stim,127699,157820,0,157820,3355109.455,-0.807,0.151,0.039,-0.570,3153,0,0,3197,0,2183,152,1785,52,1.201,1,2186,0,175.024,2.626,-120.563,-126.813,-4.063,-0.059,0.125,1.164,2.223,-1.398,4.285,0.376,0.150,1.059,1.364,2,NULL,NULL,,3,0,2,7,255,1161,250,0,0
stim,127699,157820,0,157820,3355114.454,-0.807,0.144,0.038,-0.571,3155,0,0,3197,0,2240,217,1867,52,1.201,1,2186,0,158.862,2.329,-106.688,-116.313,-18.063,0.070,-0.320,0.879,-0.059,-2.328,1.445,0.398,0.128,1.059,1.364,2,NULL,NULL,,3,0,2,7,255,1161,250,0,0
stim,127699,157820,0,157820,3355119.455,-0.808,0.139,0.036,-0.572,3155,0,0,3199,23,2297,274,1965,52,1.201,1,2186,0,138.347,5.267,-80.625,-112.188,-7.313,0.176,-0.480,0.938,-3.445,-3.984,-2.051,0.424,0.106,1.059,1.364,2,NULL,NULL,,3,0,2,7,255,1161,250,0,0
stim,127699,157820,0,157820,3355124.454,-0.808,0.134,0.034,-0.572,3157,0,0,3197,211,2341,340,2076,52,1.201,1,2186,0,108.841,6.464,-52.063,-95.563,1.938,0.156,-0.238,1.371,-3.445,-5.469,-2.051,0.446,0.088,1.059,1.364,2,NULL,NULL,,3,0,2,7,255,1161,250,0,0
stim,127699,157820,0,157820,3355129.455,-0.808,0.132,0.033,-0.573,3155,0,0,3197,441,2365,345,2138,52,1.201,1,2186,0,63.983,6.151,-34.750,-52.000,-13.500,0.441,0.160,1.426,-2.707,-5.523,2.523,0.462,0.076,1.059,1.364,2,NULL,NULL,,3,0,2,7,255,1161,250,0,0
stim,127699,157820,0,157820,3355134.454,-0.809,0.130,0.032,-0.573,3154,0,0,3197,605,2391,354,2189,52,1.201,1,2186,0,50.750,5.839,-21.813,-45.438,5.938,0.484,0.777,1.133,1.895,-5.523,2.523,0.474,0.068,1.059,1.364,2,NULL,NULL,,3,0,2,7,255,1161,250,0,0
stim,127699,157820,0,157820,3355139.455,-0.809,0.128,0.031,-0.573,3157,0,0,3197,731,2411,357,2235,52,1.201,1,2186,0,49.654,6.465,-31.500,-36.000,-13.313,-0.211,0.699,1.766,4.480,-4.660,3.043,0.482,0.062,1.059,1.364,2,NULL,NULL,,3,0,2,7,255,1161,250,0,0
stim,127699,157820,0,157820,3355144.453,-0.808,0.124,0.033,-0.575,3153,0,0,3196,883,2431,362,2292,52,1.201,1,2186,0,116.078,4.653,-107.438,-17.500,-40.313,-0.090,0.234,1.215,4.480,-1.254,2.242,0.492,0.054,1.059,1.364,2,NULL,NULL,,3,0,2,7,255,1161,250,0,0
stim,127699,157820,0,157820,3355149.455,-0.808,0.120,0.035,-0.576,3154,0,0,3195,1017,2451,359,2331,52,1.201,1,2186,0,106.903,1.433,-100.063,-16.250,-33.938,-0.078,0.035,0.770,1.066,-0.957,2.242,0.502,0.044,1.059,1.364,2,NULL,NULL,,3,0,2,7,255,1161,250,0,0
stim,127721,157842,0,157842,3355154.454,-0.807,0.117,0.036,-0.578,3149,0,0,3195,1133,2463,359,2357,52,1.201,1,2186,0,79.630,1.038,-55.625,-13.688,-55.313,-0.152,0.004,0.883,-0.402,-0.957,-1.082,0.514,0.036,1.059,1.364,2,NULL,NULL,,3,0,2,7,255,1161,250,0,0
stim,127721,157842,0,157842,3355159.455,-0.805,0.115,0.037,-0.580,3150,0,0,3193,1237,2475,361,2391,52,1.201,1,2186,0,80.959,1.038,-35.188,-11.500,-72.000,0.035,0.117,0.992,-0.402,-0.957,-1.082,0.520,0.030,1.059,1.364,2,NULL,NULL,,3,0,2,7,255,1161,250,0,0
stim,127721,157842,0,157842,3355164.454,-0.804,0.113,0.038,-0.582,3148,3,0,3195,1305,2485,373,2419,52,1.201,1,2186,0,75.318,2.233,-43.688,-12.813,-60.000,0.074,0.098,1.094,0.609,-2.148,-0.266,0.528,0.024,1.059,1.364,2,NULL,NULL,,3,0,2,7,255,1161,250,0,0
stim,127721,157842,0,157842,3355169.455,-0.803,0.111,0.039,-0.584,3148,20,0,3195,1399,2488,373,2441,52,1.201,1,2186,0,74.199,2.233,-61.063,-8.375,-41.313,-0.008,0.051,1.059,0.609,-2.148,0.398,0.534,0.020,1.059,1.364,2,NULL,NULL,,3,0,2,7,255,1161,250,0,0
stim,127750,157871,0,157871,3355174.454,-0.803,0.108,0.041,-0.585,3147,26,0,3195,1462,2503,374,2470,52,1.201,1,2186,0,73.706,2.091,-60.438,-6.063,-41.750,-0.098,0.105,0.953,0.297,-2.070,0.398,0.542,0.014,1.059,1.364,2,NULL,NULL,,3,0,2,7,255,1161,250,0,0
stim,127750,157871,0,157871,3355179.456,-0.801,0.106,0.041,-0.587,3158,55,0,3195,1518,2509,375,2485,52,1.201,1,2186,0,69.056,1.032,-43.750,-5.688,-53.125,-0.070,0.145,0.953,0.297,-0.988,-0.391,0.550,0.008,1.059,1.364,2,NULL,NULL,,3,0,2,7,255,1161,250,0,0
stim,127750,157871,0,157871,3355184.453,-0.800,0.105,0.042,-0.589,3147,64,0,3207,1592,2519,375,2481,52,1.201,1,2186,0,62.122,1.057,-32.375,-2.938,-52.938,0.023,0.070,1.043,0.375,-0.988,-0.391,0.558,0.004,1.059,1.364,2,NULL,NULL,,3,0,2,7,255,1161,250,0,0
stim,127750,157871,0,157871,3355189.455,-0.800,0.103,0.043,-0.590,3145,100,0,3196,1638,2521,373,2504,52,1.201,1,2186,0,50.518,2.250,-35.563,-0.625,-35.875,0.043,0.043,1.094,0.375,-2.219,0.195,0.000,0.000,1.059,1.364,2,NULL,NULL,,3,0,2,7,255,1161,250,0,0
stim,127750,157871,0,157871,3355194.453,-0.799,0.102,0.044,-0.591,3147,117,0,3205,1669,2523,361,2495,52,1.201,1,2186,0,46.561,2.235,-41.500,1.438,-21.063,-0.066,0.078,1.051,0.266,-2.219,0.453,0.000,0.000,1.059,1.364,2,NULL,NULL,,3,0,2,7,255,1161,250,0,0
stim,127750,157871,0,157871,3355199.455,-0.799,0.100,0.045,-0.591,3143,115,0,3195,1695,2535,355,2495,52,1.201,1,2186,0,47.207,1.384,-41.000,2.000,-23.313,-0.172,0.098,1.000,0.188,-1.371,0.453,0.000,0.000,1.059,1.364,2,NULL,NULL,,3,0,2,7,255,1161,250,0,0
stim,127788,157909,0,157909,3355204.454,-0.798,0.099,0.046,-0.593,3143,123,3,3197,1717,2537,349,2501,52,1.201,1,2186,0,48.297,0.312,-33.938,1.875,-34.313,-0.176,0.063,0.980,0.176,-0.258,0.168,0.000,0.000,1.059,1.364,2,NULL,NULL,,3,0,2,7,255,1161,250,0,0
stim,127788,157909,0,157909,3355209.457,-0.797,0.098,0.047,-0.594,3145,133,7,3196,1737,2525,339,2503,52,1.201,1,2186,0,47.496,0.285,-26.688,1.750,-39.250,-0.117,0.035,0.996,-0.121,-0.258,0.008,0.000,0.000,1.059,1.364,2,NULL,NULL,,3,0,2,7,255,1161,250,0,0
stim,127788,157909,0,157909,3355214.454,-0.796,0.097,0.048,-0.595,3128,145,17,3195,1751,2531,335,2510,52,1.201,1,2186,0,42.360,0.897,-23.875,1.938,-34.938,-0.086,0.016,1.027,-0.215,-0.871,0.008,0.000,0.000,1.059,1.364,2,NULL,NULL,,3,0,2,7,255,1161,250,0,0
stim,127788,157909,0,157909,3355219.455,-0.796,0.096,0.049,-0.596,3127,150,36,3197,1775,2535,324,2502,52,1.201,1,2186,0,38.209,1.019,-25.000,2.188,-28.813,-0.117,0.023,1.031,-0.262,-0.984,0.207,0.000,0.000,1.059,1.364,2,NULL,NULL,,3,0,2,7,255,1161,250,0,0
stim,127788,157909,0,157909,3355224.453,-0.795,0.095,0.049,-0.597,3126,149,49,3176,1782,2533,308,2503,52,1.201,1,2186,0,38.293,1.023,-26.063,1.750,-28.000,-0.156,0.012,1.004,-0.277,-0.984,0.207,0.000,0.000,1.059,1.364,2,NULL,NULL,,3,0,2,7,255,1161,250,0,0
stim,127788,157909,0,157909,3355229.455,-0.794,0.094,0.050,-0.598,3123,155,83,3192,1781,2527,285,2507,52,1.201,1,2186,0,38.591,0.747,-24.313,1.375,-29.938,-0.160,-0.023,0.973,-0.453,-0.594,0.113,0.000,0.000,1.059,1.364,2,NULL,NULL,,3,0,2,7,255,1161,250,0,0
stim,127811,157932,0,157932,3355234.453,-0.794,0.093,0.051,-0.599,3111,155,96,3179,1798,2533,278,2504,52,1.201,1,2186,0,36.340,0.969,-20.688,0.313,-29.875,-0.145,-0.059,0.945,-0.766,-0.594,-0.203,0.000,0.000,1.059,1.364,2,NULL,NULL,,3,0,2,7,255,1161,250,0,0
stim,127811,157932,0,157932,3355239.456,-0.793,0.092,0.051,-0.600,3103,150,103,3113,1807,2516,249,2508,52,1.201,1,2186,0,31.195,1.286,-16.125,-0.938,-26.688,-0.141,-0.082,0.938,-1.051,-0.742,-0.500,0.000,0.000,1.059,1.364,2,NULL,NULL,,3,0,2,7,255,1161,250,0,0
stim,127811,157932,0,157932,3355244.454,-0.793,0.091,0.052,-0.601,3096,149,135,3163,1831,2517,245,2503,52,1.201,1,2186,0,26.176,1.443,-12.188,-2.188,-23.063,-0.148,-0.082,0.938,-1.230,-0.754,-0.578,0.000,0.000,1.059,1.364,2,NULL,NULL,,3,0,2,7,255,1161,250,0,0
stim,127811,157932,0,157932,3355249.455,-0.792,0.091,0.052,-0.601,3097,143,154,3153,1839,2507,244,2504,52,1.201,1,2186,0,23.434,1.443,-8.375,-3.375,-21.625,-0.148,-0.074,0.930,-1.230,-0.754,-0.605,0.000,0.000,1.059,1.364,2,NULL,NULL,,3,0,2,7,255,1161,250,0,0
stim,127811,157932,0,157932,3355254.453,-0.792,0.090,0.052,-0.602,3091,145,175,3135,1851,2503,231,2501,52,1.201,1,2186,0,21.018,1.359,-3.813,-4.438,-20.188,-0.141,-0.059,0.934,-1.156,-0.715,-0.598,0.000,0.000,1.059,1.364,2,NULL,NULL,,3,0,2,7,255,1161,250,0,0
stim,127811,157932,0,157932,3355259.455,-0.791,0.090,0.052,-0.603,3067,140,185,3127,1865,2495,223,2501,52,1.194,1,2186,1,18.937,1.210,-0.125,-5.688,-18.063,-0.152,-0.016,0.957,-0.984,-0.703,-0.598,0.000,0.000,1.050,1.439,2,NULL,NULL,,3,0,2,7,255,1161,250,0,0
stim,127834,157955,0,157955,3355264.454,-0.791,0.090,0.052,-0.603,3061,139,203,3113,1880,2493,219,2507,52,1.194,1,2186,1,19.064,0.802,1.500,-6.625,-17.813,-0.176,0.047,0.980,-0.594,-0.539,-0.355,0.006,0.002,1.050,1.439,2,NULL,NULL,,3,0,2,7,255,1161,250,0,0
stim,127834,157955,0,157955,3355269.457,-0.790,0.089,0.051,-0.604,3055,137,232,3099,1895,2488,217,2505,52,1.194,1,2186,1,22.257,0.238,1.000,-7.125,-21.063,-0.184,0.098,1.000,-0.074,-0.227,-0.047,0.010,0.006,1.050,1.439,2,NULL,NULL,,3,0,2,7,255,1161,250,0,0
stim,127834,157955,0,157955,3355274.454,-0.790,0.089,0.051,-0.605,3037,136,268,3091,1913,2490,225,2509,52,1.194,1,2186,1,25.336,0.458,-1.125,-7.250,-24.250,-0.160,0.117,1.012,0.406,-0.211,0.203,0.016,0.008,1.050,1.439,2,NULL,NULL,,3,0,2,7,255,1161,250,0,0
stim,127834,157955,0,157955,3355279.455,-0.789,0.089,0.051,-0.606,3029,135,296,3067,1929,2483,221,2523,52,1.194,1,2186,1,25.927,0.586,-4.438,-7.438,-24.438,-0.141,0.102,1.012,0.547,-0.211,0.207,0.020,0.010,1.050,1.439,2,NULL,NULL,,3,0,2,7,255,1161,250,0,0
stim,127834,157955,0,157955,3355284.454,-0.788,0.088,0.051,-0.607,3016,137,317,3059,1960,2476,228,2516,52,1.194,1,2186,1,25.642,0.691,-6.938,-7.938,-23.375,-0.129,0.082,0.988,0.547,-0.422,0.207,0.024,0.010,1.050,1.439,2,NULL,NULL,,3,0,2,7,255,1161,250,0,0
stim,127834,157955,0,157955,3355289.455,-0.788,0.088,0.051,-0.607,2996,135,347,3046,1983,2479,235,2523,52,1.194,1,2186,1,24.033,0.636,-6.438,-8.750,-21.438,-0.137,0.094,0.973,0.477,-0.422,-0.039,0.026,0.010,1.050,1.439,2,NULL,NULL,,3,0,2,7,255,1161,250,0,0
stim,127903,158024,1,158024,3355294.453,-0.787,0.087,0.051,-0.608,2987,133,415,3035,2006,2475,235,2527,52,1.194,1,2186,1,22.655,0.631,-4.938,-9.688,-19.875,-0.141,0.121,0.988,0.477,-0.414,-0.039,0.030,0.010,1.050,1.439,2,NULL,NULL,,3,1,2,7,255,1161,250,0,0
stim,127903,158024,1,158024,3355299.457,-0.787,0.087,0.050,-0.609,2969,141,473,3025,2013,2476,277,2549,52,1.194,1,2186,1,22.825,0.826,-4.438,-10.188,-19.938,-0.129,0.164,1.004,0.746,-0.355,-0.008,0.032,0.010,1.050,1.439,2,NULL,NULL,,3,1,2,7,255,1161,250,0,0
stim,127903,158024,1,158024,3355304.453,-0.787,0.086,0.050,-0.609,2955,143,509,3004,2037,2469,295,2543,52,1.194,1,2186,1,22.007,1.247,-5.500,-10.125,-18.750,-0.098,0.180,1.027,1.195,-0.355,0.168,0.034,0.012,1.050,1.439,2,NULL,NULL,,3,1,2,7,255,1161,250,0,0
stim,127903,158024,1,158024,3355309.455,-0.786,0.086,0.050,-0.610,2936,147,587,2998,2067,2473,313,2559,52,1.194,1,2186,1,19.848,1.401,-8.563,-9.875,-14.938,-0.078,0.156,1.027,1.250,-0.633,0.293,0.036,0.012,1.050,1.439,2,NULL,NULL,,3,1,2,7,255,1161,250,0,0
stim,127903,158024,1,158024,3355314.454,-0.786,0.085,0.050,-0.610,2919,165,651,2987,2101,2473,343,2577,52,1.194,1,2186,1,17.502,1.427,-11.625,-10.000,-8.438,-0.098,0.125,1.000,1.250,-0.688,0.293,0.036,0.014,1.050,1.439,2,NULL,NULL,,3,1,2,7,255,1161,250,0,0
stim,127903,158024,1,158024,3355319.455,-0.786,0.085,0.049,-0.610,2902,169,723,2973,2152,2475,379,2588,52,1.194,1,2186,1,16.972,1.134,-12.250,-10.313,-5.625,-0.152,0.121,0.984,0.902,-0.688,0.051,0.036,0.014,1.050,1.439,2,NULL,NULL,,3,1,2,7,255,1161,250,0,0
stim,127903,158024,1,158024,3355324.454,-0.786,0.084,0.049,-0.611,2888,191,764,2959,2200,2479,445,2603,52,1.194,1,2186,1,18.335,0.913,-10.313,-10.563,-10.875,-0.180,0.148,0.984,0.902,-0.141,0.043,0.036,0.014,1.050,1.439,2,NULL,NULL,,3,1,2,7,255,1161,250,0,0
stim,127903,158024,1,158024,3355329.455,-0.785,0.083,0.049,-0.611,2863,215,845,2953,2245,2479,494,2615,52,1.194,1,2186,1,22.193,0.940,-8.563,-10.313,-17.688,-0.148,0.164,1.008,0.934,-0.113,0.043,0.036,0.014,1.050,1.439,2,NULL,NULL,,3,1,2,7,255,1161,250,0,0
stim,127903,158024,1,158024,3355334.453,-0.785,0.083,0.049,-0.612,2847,233,935,2939,2275,2485,522,2630,52,1.194,1,2186,1,24.406,1.045,-10.688,-9.813,-19.625,-0.105,0.141,1.027,1.039,-0.113,0.211,0.036,0.014,1.050,1.439,2,NULL,NULL,,3,1,2,7,255,1161,250,0,0
stim,127903,158024,1,158024,3355339.455,-0.785,0.082,0.049,-0.613,2830,255,1036,2933,2311,2487,613,2639,52,1.194,1,2186,1,25.614,1.193,-16.125,-8.875,-17.813,-0.105,0.090,1.020,1.039,-0.586,0.250,0.036,0.016,1.050,1.439,2,NULL,NULL,,3,1,2,7,255,1161,250,0,0
stim,127903,158024,1,158024,3355344.453,-0.784,0.081,0.049,-0.613,2800,263,1144,2917,2336,2489,725,2643,52,1.194,1,2186,1,28.671,0.820,-20.875,-8.438,-17.750,-0.129,0.035,0.988,0.574,-0.586,0.250,0.038,0.014,1.050,1.439,2,NULL,NULL,,3,1,2,7,255,1161,250,0,0
stim,127903,158024,1,158024,3355349.455,-0.784,0.080,0.050,-0.614,2787,265,1222,2909,2365,2487,827,2661,52,1.194,1,2186,1,31.318,0.544,-21.250,-8.188,-21.500,-0.145,-0.012,0.957,0.031,-0.543,-0.035,0.042,0.014,1.050,1.439,2,NULL,NULL,,3,1,2,7,255,1161,250,0,0
stim,127932,158053,1,158053,3355354.454,-0.783,0.079,0.050,-0.615,2773,279,1294,2895,2403,2489,933,2675,52,1.194,1,2186,1,30.879,0.592,-18.750,-9.188,-22.750,-0.156,-0.035,0.945,-0.438,-0.398,-0.348,0.046,0.014,1.050,1.439,2,NULL,NULL,,3,1,2,7,255,1161,250,0,0
stim,127932,158053,1,158053,3355359.455,-0.783,0.078,0.050,-0.616,2751,285,1405,2895,2429,2493,1033,2680,52,1.194,1,2186,1,32.033,0.564,-15.688,-9.875,-26.125,-0.148,-0.012,0.949,-0.438,-0.355,-0.398,0.048,0.014,1.050,1.439,2,NULL,NULL,,3,1,2,7,255,1161,250,0,0
stim,127932,158053,1,158053,3355364.453,-0.782,0.077,0.050,-0.617,2735,307,1516,2885,2459,2495,1131,2686,52,1.194,1,2186,1,31.795,0.521,-14.125,-10.125,-26.625,-0.164,0.008,0.969,-0.414,-0.316,-0.398,0.052,0.016,1.050,1.439,2,NULL,NULL,,3,1,2,7,255,1161,250,0,0
stim,127932,158053,1,158053,3355369.455,-0.781,0.076,0.050,-0.618,2708,327,1618,2871,2487,2501,1223,2701,52,1.194,1,2186,1,35.862,0.439,-15.063,-11.188,-30.563,-0.133,0.016,0.988,-0.258,-0.355,-0.172,0.054,0.022,1.050,1.439,2,NULL,NULL,,3,1,2,7,255,1161,250,0,0
stim,127932,158053,1,158053,3355374.454,-0.781,0.075,0.050,-0.619,2681,333,1723,2859,2517,2504,1319,2713,52,1.194,1,2186,1,35.285,0.521,-17.063,-11.125,-28.813,-0.137,-0.043,0.973,-0.258,-0.453,-0.172,0.058,0.030,1.050,1.439,2,NULL,NULL,,3,1,2,7,255,1161,250,0,0
stim,127932,158053,1,158053,3355379.455,-0.780,0.074,0.050,-0.619,2647,348,1828,2845,2565,2509,1415,2727,52,1.194,1,2186,1,34.403,0.761,-18.438,-13.438,-25.750,-0.137,-0.035,0.973,-0.574,-0.500,-0.199,0.062,0.038,1.050,1.439,2,NULL,NULL,,3,1,2,7,255,1161,250,0,0
stim,127953,158074,1,158074,3355384.454,-0.779,0.073,0.050,-0.620,2616,371,1893,2830,2577,2509,1513,2739,52,1.194,1,2186,1,32.444,0.761,-15.000,-13.438,-25.438,-0.176,-0.016,0.969,-0.574,-0.500,-0.199,0.066,0.046,1.050,1.439,2,NULL,NULL,,3,1,2,7,255,1161,250,0,0
stim,127953,158074,1,158074,3355389.457,-0.779,0.072,0.050,-0.621,2578,383,1973,2813,2601,2515,1588,2748,52,1.194,1,2186,1,37.309,0.627,-15.625,-14.750,-30.500,-0.137,-0.012,0.984,-0.453,-0.434,-0.156,0.070,0.052,1.050,1.439,2,NULL,NULL,,3,1,2,7,255,1161,250,0,0
stim,127953,158074,1,158074,3355394.454,-0.778,0.071,0.050,-0.622,2531,414,2055,2795,2621,2515,1661,2760,52,1.194,1,2186,1,35.296,0.528,-13.938,-16.250,-28.063,-0.090,-0.020,0.984,-0.301,-0.434,-0.156,0.074,0.056,1.050,1.439,2,NULL,NULL,,3,1,2,7,255,1161,250,0,0
stim,127953,158074,1,158074,3355399.455,-0.777,0.070,0.050,-0.623,2485,429,2135,2780,2643,2515,1753,2776,52,1.194,1,2186,1,30.995,0.929,-11.688,-15.750,-24.000,-0.094,-0.051,0.980,-0.301,-0.879,-0.172,0.076,0.058,1.050,1.439,2,NULL,NULL,,3,1,2,7,255,1161,250,0,0
stim,128000,158121,1,158121,3355404.453,-0.777,0.069,0.050,-0.624,2441,439,2212,2762,2664,2517,1823,2787,52,1.194,1,2186,1,28.330,1.041,-13.500,-16.250,-18.875,-0.102,-0.059,0.988,-0.559,-0.879,-0.172,0.076,0.056,1.050,1.439,2,NULL,NULL,,3,1,2,7,255,1161,250,0,0
stim,128000,158121,1,158121,3355409.455,-0.777,0.067,0.050,-0.624,2397,455,2269,2731,2685,2518,1891,2797,52,1.194,1,2186,1,28.253,0.973,-14.313,-17.688,-16.750,-0.121,-0.031,1.004,-0.559,-0.797,-0.102,0.076,0.052,1.050,1.439,2,NULL,NULL,,3,1,2,7,255,1161,250,0,0
stim,128000,158121,1,158121,3355414.454,-0.776,0.066,0.050,-0.625,2335,471,2331,2701,2708,2521,1957,2809,52,1.194,1,2186,1,29.331,0.718,-13.688,-18.375,-18.313,-0.148,-0.023,1.000,-0.426,-0.578,0.066,0.076,0.048,1.050,1.439,2,NULL,NULL,,3,1,2,7,255,1161,250,0,0
stim,128000,158121,1,158121,3355419.455,-0.776,0.065,0.049,-0.626,2275,477,2393,2669,2727,2521,2026,2825,52,1.194,1,2186,1,32.096,0.456,-15.938,-19.000,-20.375,-0.156,-0.016,1.027,-0.371,-0.266,0.102,0.076,0.044,1.050,1.439,2,NULL,NULL,,3,1,2,7,255,1161,250,0,0
stim,128000,158121,1,158121,3355424.454,-0.775,0.064,0.049,-0.626,2194,483,2447,2635,2741,2523,2093,2835,52,1.194,1,2186,1,38.326,0.361,-22.938,-19.688,-23.563,-0.156,0.023,1.051,-0.293,-0.211,0.352,0.076,0.040,1.050,1.439,2,NULL,NULL,,3,1,2,7,255,1161,250,0,0
stim,128000,158121,1,158121,3355429.455,-0.775,0.062,0.049,-0.627,2123,485,2495,2597,2761,2525,2141,2847,52,1.194,1,2186,1,43.329,0.224,-27.563,-20.625,-26.313,-0.133,0.066,1.027,0.074,-0.211,0.352,0.076,0.040,1.050,1.439,2,NULL,NULL,,3,1,2,7,255,1161,250,0,0
stim,128000,158121,1,158121,3355434.453,-0.774,0.061,0.049,-0.628,2037,486,2537,2549,2777,2525,2197,2857,52,1.194,1,2186,1,42.456,0.493,-25.625,-21.063,-26.500,-0.109,0.047,0.984,0.438,-0.227,0.332,0.078,0.040,1.050,1.439,2,NULL,NULL,,3,1,2,7,255,1161,250,0,0
stim,128000,158121,1,158121,3355439.455,-0.774,0.059,0.049,-0.629,1957,475,2581,2495,2795,2525,2257,2867,52,1.194,1,2186,1,38.213,0.581,-21.000,-21.125,-23.938,-0.086,0.008,0.988,0.438,-0.383,-0.125,0.080,0.038,1.050,1.439,2,NULL,NULL,,3,1,2,7,255,1161,250,0,0
stim,128000,158121,1,158121,3355444.453,-0.773,0.058,0.049,-0.630,1875,475,2617,2447,2813,2523,2309,2875,52,1.194,1,2186,1,36.426,0.574,-20.125,-21.375,-21.563,-0.113,-0.039,1.035,0.113,-0.563,-0.125,0.082,0.038,1.050,1.439,2,NULL,NULL,,3,1,2,7,255,1161,250,0,0
stim,128000,158121,1,158121,3355449.455,-0.773,0.056,0.049,-0.630,1727,461,2651,2378,2834,2523,2347,2887,52,1.194,1,2186,1,40.461,0.649,-25.813,-21.813,-22.250,-0.141,-0.035,1.063,-0.324,-0.563,0.395,0.084,0.036,1.050,1.439,2,NULL,NULL,,3,1,2,7,255,1161,250,0,0
stim,128021,158142,1,158142,3355454.454,-0.772,0.055,0.049,-0.631,1606,442,2680,2287,2847,2523,2391,2893,52,1.194,1,2186,1,47.003,0.424,-32.250,-23.125,-25.188,-0.152,0.004,1.055,-0.324,-0.273,0.621,0.088,0.036,1.050,1.439,2,NULL,NULL,,3,1,2,7,255,1161,250,0,0
stim,128021,158142,1,158142,3355459.455,-0.771,0.053,0.049,-0.632,1427,437,2719,2201,2859,2519,2445,2903,52,1.194,1,2186,1,52.013,0.150,-34.125,-24.000,-31.063,-0.129,0.031,1.016,0.023,-0.148,0.621,0.092,0.034,1.050,1.439,2,NULL,NULL,,3,1,2,7,255,1161,250,0,0
stim,128021,158142,1,158142,3355464.454,-0.771,0.051,0.049,-0.633,1255,379,2750,2092,2869,2508,2485,2909,52,1.194,1,2186,1,50.607,0.396,-31.063,-25.125,-31.063,-0.086,0.031,1.004,0.367,-0.148,0.230,0.094,0.034,1.050,1.439,2,NULL,NULL,,3,1,2,7,255,1161,250,0,0
stim,128021,158142,1,158142,3355469.455,-0.770,0.049,0.049,-0.634,1117,357,2791,1965,2893,2505,2529,2917,52,1.194,1,2186,1,44.493,0.665,-25.688,-25.438,-25.938,-0.082,0.023,1.020,0.430,-0.508,0.176,0.098,0.032,1.050,1.439,2,NULL,NULL,,3,1,2,7,255,1161,250,0,0
stim,128051,158172,1,158172,3355474.454,-0.770,0.048,0.049,-0.635,965,345,2813,1815,2907,2503,2557,2917,52,1.194,1,2186,1,43.395,0.665,-25.938,-26.375,-22.688,-0.129,0.016,1.070,0.430,-0.508,0.176,0.102,0.032,1.050,1.439,2,NULL,NULL,,3,1,2,7,255,1161,250,0,0
stim,128051,158172,1,158172,3355479.455,-0.769,0.046,0.049,-0.636,787,299,2837,1651,2919,2491,2601,2931,52,1.194,1,2186,1,47.436,0.463,-29.313,-27.563,-25.125,-0.152,0.051,1.109,0.430,-0.172,0.738,0.104,0.032,1.050,1.439,2,NULL,NULL,,3,1,2,7,255,1161,250,0,0
stim,128051,158172,1,158172,3355484.453,-0.768,0.044,0.049,-0.637,557,266,2860,1461,2933,2479,2635,2936,52,1.194,1,2186,1,53.822,0.655,-34.188,-28.313,-30.438,-0.145,0.090,1.113,0.648,0.090,1.145,0.108,0.032,1.050,1.439,2,NULL,NULL,,3,1,2,7,255,1161,250,0,0
stim,128051,158172,1,158172,3355489.455,-0.768,0.042,0.049,-0.638,364,206,2879,1271,2941,2467,2667,2941,52,1.194,1,2186,1,56.604,1.059,-35.563,-30.188,-32.063,-0.109,0.102,1.098,1.055,0.090,1.145,0.110,0.032,1.050,1.439,2,NULL,NULL,,3,1,2,7,255,1161,250,0,0
stim,128051,158172,1,158172,3355494.454,-0.767,0.040,0.048,-0.639,237,179,2903,1042,2953,2441,2695,2949,52,1.194,1,2186,1,58.632,1.250,-35.813,-31.063,-34.500,-0.082,0.094,1.082,1.242,-0.137,0.973,0.112,0.034,1.050,1.439,2,NULL,NULL,,3,1,2,7,255,1161,250,0,0
stim,128051,158172,1,158172,3355499.455,-0.766,0.038,0.048,-0.640,105,145,2923,869,2976,2423,2719,2955,52,1.194,1,2186,1,56.972,1.297,-32.375,-34.375,-31.875,-0.078,0.105,1.109,1.246,-0.359,0.973,0.116,0.034,1.050,1.439,2,NULL,NULL,,3,1,2,7,255,1161,250,0,0
stim,128089,158210,1,158210,3355504.453,-0.765,0.036,0.047,-0.641,31,87,2925,619,2983,2401,2747,2963,52,1.194,1,2186,1,60.072,1.448,-31.875,-37.563,-34.375,-0.082,0.125,1.141,1.402,-0.359,1.027,0.120,0.034,1.050,1.439,2,NULL,NULL,,3,1,2,7,255,1161,250,0,0
stim,128089,158210,1,158210,3355509.457,-0.765,0.033,0.047,-0.642,7,46,2935,473,2987,2359,2771,2967,52,1.194,1,2186,1,59.162,1.659,-29.438,-40.563,-31.438,-0.066,0.145,1.121,1.625,-0.336,1.113,0.124,0.032,1.050,1.439,2,NULL,NULL,,3,1,2,7,255,1161,250,0,0
stim,128089,158210,1,158210,3355514.454,-0.764,0.031,0.046,-0.643,0,31,2953,311,3001,2317,2795,2969,52,1.194,1,2186,1,65.807,1.855,-31.313,-42.938,-38.813,-0.047,0.156,1.047,1.824,-0.336,1.113,0.128,0.032,1.050,1.439,2,NULL,NULL,,3,1,2,7,255,1161,250,0,0
stim,128089,158210,1,158210,3355519.455,-0.763,0.030,0.045,-0.644,0,2,2967,281,3013,2287,2813,2972,52,1.194,1,2186,1,59.140,1.863,-11.313,-47.625,-33.188,-0.184,0.156,1.168,1.832,-0.336,1.113,0.130,0.032,1.050,1.439,2,NULL,NULL,,3,1,2,7,255,1161,250,0,0
stim,128089,158210,1,158210,3355524.454,-0.763,0.029,0.042,-0.644,0,0,2981,271,3021,2264,2839,2974,52,1.194,1,2186,0,70.989,2.011,32.875,-62.625,-6.063,-0.371,0.117,1.582,1.832,0.828,1.695,0.130,0.036,1.050,1.439,2,NULL,NULL,,3,1,2,7,255,1161,250,0,0
stim,128089,158210,1,158210,3355529.455,-0.764,0.029,0.038,-0.644,0,0,2988,244,3027,2229,2858,2976,52,1.194,1,2186,0,85.549,2.609,36.688,-75.688,15.625,-0.457,0.086,1.926,1.328,2.246,5.918,0.128,0.040,1.050,1.439,2,NULL,NULL,,3,1,2,7,255,1161,250,0,0
stim,128114,158235,1,158235,3355534.454,-0.763,0.024,0.038,-0.644,0,0,2997,164,3033,2174,2874,2974,52,1.194,1,2186,0,110.130,2.451,-79.875,-74.563,-13.750,-0.195,-0.086,1.621,0.980,2.246,6.207,0.126,0.046,1.050,1.439,2,NULL,NULL,,3,1,2,7,255,1161,250,0,0
stim,128114,158235,1,158235,3355539.457,-0.763,0.017,0.039,-0.645,0,0,3015,111,3042,2119,2893,2981,52,1.194,1,2186,0,146.736,0.496,-126.625,-73.188,-11.875,-0.082,-0.355,1.008,-0.320,0.379,6.207,0.122,0.052,1.050,1.439,2,NULL,NULL,,3,1,2,7,255,1161,250,0,0
stim,128114,158235,0,158235,3355544.453,-0.764,0.013,0.038,-0.643,0,0,3003,61,3050,2041,2907,2979,52,1.194,1,2186,0,114.327,2.784,-72.250,-83.438,29.813,-0.141,-0.313,0.781,-2.770,0.281,0.262,0.120,0.056,1.050,1.439,2,NULL,NULL,,3,0,2,7,255,1168,250,0,0
stim,128114,158235,0,158235,3355549.455,-0.766,0.010,0.036,-0.642,0,0,3003,6,3059,1948,2919,2975,52,1.194,1,2186,0,97.451,2.784,-19.813,-90.000,31.688,-0.297,-0.180,0.844,-2.770,0.281,-1.273,0.118,0.062,1.050,1.439,3,NULL,NULL,,3,0,2,7,255,1168,250,0,0
stim,128114,158235,0,158235,3355554.454,-0.766,0.007,0.033,-0.642,0,0,3013,0,3063,1853,2943,2980,52,1.194,1,2186,0,95.807,2.735,3.125,-95.625,5.000,-0.359,-0.191,1.039,-1.832,2.031,-1.273,0.116,0.068,1.050,1.439,3,NULL,NULL,,3,0,2,7,255,1168,250,0,0
stim,128114,158235,0,158235,3355559.455,-0.766,0.005,0.029,-0.642,0,0,3004,0,3087,1759,2941,2971,52,1.194,1,2186,0,101.688,2.735,8.438,-101.188,-5.500,-0.262,-0.262,1.195,-1.832,2.031,0.668,0.112,0.074,1.050,1.439,3,NULL,NULL,,3,0,2,7,255,1168,250,0,0
stim,128153,158274,0,158274,3355564.454,-0.766,0.001,0.026,-0.642,0,0,3001,0,3089,1645,2944,2983,52,1.194,1,2186,0,104.509,2.708,-1.375,-104.500,-0.250,-0.145,-0.309,1.176,-2.238,1.523,1.941,0.108,0.082,1.050,1.439,3,NULL,NULL,,3,0,2,7,255,1168,250,0,0
stim,128153,158274,0,158274,3355569.457,-0.767,-0.002,0.023,-0.641,0,0,2991,0,3096,1495,2963,2966,52,1.194,1,2186,0,110.065,2.560,-12.625,-108.563,13.000,-0.082,-0.336,1.090,-2.523,0.430,1.941,0.106,0.088,1.050,1.439,3,NULL,NULL,,3,0,2,7,255,1168,250,0,0
stim,128153,158274,0,158274,3355574.454,-0.768,-0.006,0.020,-0.641,0,0,2986,0,3095,1359,2969,2964,52,1.194,1,2186,0,114.712,2.679,-12.250,-111.688,23.125,-0.152,-0.309,1.023,-2.645,0.430,1.074,0.102,0.096,1.050,1.439,3,NULL,NULL,,3,0,2,7,255,1168,250,0,0
stim,128153,158274,0,158274,3355579.455,-0.768,-0.009,0.016,-0.640,0,0,2981,0,3097,1184,2975,2973,52,1.194,1,2186,0,118.941,2.751,6.188,-116.875,21.188,-0.262,-0.246,1.008,-2.645,0.758,0.418,0.098,0.104,1.050,1.439,3,NULL,NULL,,3,0,2,7,255,1168,250,0,0
stim,128153,158274,0,158274,3355584.453,-0.769,-0.011,0.011,-0.639,0,0,2959,0,3107,991,2988,2956,52,1.194,1,2186,0,125.462,3.018,26.563,-122.563,3.688,-0.289,-0.176,1.090,-2.273,1.984,0.418,0.092,0.112,1.050,1.439,3,NULL,NULL,,3,0,2,7,255,1168,250,0,0
stim,128153,158274,0,158274,3355589.455,-0.769,-0.014,0.006,-0.640,0,0,2953,0,3101,755,2995,2940,52,1.194,1,2186,0,134.299,2.684,35.313,-129.063,-11.500,-0.227,-0.102,1.191,-1.629,2.133,0.973,0.088,0.120,1.050,1.439,3,NULL,NULL,,3,0,2,7,255,1168,250,0,0
stim,128153,158274,0,158274,3355594.454,-0.768,-0.016,0.001,-0.640,0,0,2923,0,3102,591,3013,2939,52,1.194,1,2186,0,143.066,2.271,41.250,-136.125,-15.375,-0.121,-0.012,1.266,-0.781,2.133,1.895,0.082,0.130,1.050,1.439,3,NULL,NULL,,3,0,2,7,255,1168,250,0,0
stim,128153,158274,0,158274,3355599.455,-0.768,-0.018,-0.005,-0.640,0,0,2903,0,3107,438,3006,2920,52,1.194,1,2186,0,149.147,1.467,40.875,-143.375,-4.188,-0.082,0.098,1.344,0.227,1.449,2.570,0.076,0.138,1.050,1.439,3,NULL,NULL,,3,0,2,7,255,1168,250,0,0
stim,128199,158320,0,158320,3355604.454,-0.769,-0.021,-0.012,-0.639,0,0,2879,0,3113,216,3007,2901,52,1.194,1,2186,0,154.921,1.945,32.875,-151.313,4.938,-0.078,0.219,1.410,1.297,1.449,3.270,0.070,0.148,1.050,1.439,3,NULL,NULL,,3,0,2,7,255,1168,250,0,0
stim,128199,158320,0,158320,3355609.455,-0.769,-0.025,-0.017,-0.638,0,0,2770,0,3099,127,3021,2877,52,1.194,1,2186,0,159.689,2.993,19.125,-157.875,14.500,-0.035,0.289,1.445,2.445,1.727,3.852,0.062,0.158,1.050,1.439,3,NULL,NULL,,3,0,2,7,255,1168,250,0,0
stim,128199,158320,0,158320,3355614.454,-0.770,-0.029,-0.023,-0.637,0,0,2813,0,3109,47,3031,2843,52,1.194,1,2186,0,166.202,3.601,4.063,-164.125,25.875,-0.027,0.336,1.430,3.125,1.789,3.965,0.054,0.168,1.050,1.439,3,NULL,NULL,,3,0,2,7,255,1168,250,0,0
stim,128199,158320,0,158320,3355619.455,-0.771,-0.034,-0.029,-0.636,0,0,2770,0,3096,3,3023,2823,52,1.194,1,2186,0,172.949,3.895,0.688,-170.563,28.625,-0.133,0.348,1.391,3.398,1.902,3.965,0.046,0.176,1.050,1.439,3,NULL,NULL,,3,0,2,7,255,1168,250,0,0
stim,128199,158320,0,158320,3355624.453,-0.771,-0.039,-0.035,-0.635,0,0,2727,0,3107,0,3036,2791,52,1.194,1,2186,0,181.373,4.614,5.813,-179.750,23.500,-0.188,0.305,1.504,3.398,3.121,3.965,0.040,0.186,1.050,1.439,3,NULL,NULL,,3,0,2,7,255,1168,250,0,0
stim,128199,158320,0,158320,3355629.455,-0.772,-0.044,-0.041,-0.633,0,0,2669,0,3095,0,3030,2743,52,1.194,1,2186,0,190.397,4.837,-4.500,-189.250,20.375,-0.129,0.309,1.676,2.996,3.797,4.496,0.034,0.196,1.050,1.439,3,NULL,NULL,,3,0,2,7,255,1168,250,0,0
stim,128199,158320,0,158320,3355634.454,-0.772,-0.050,-0.047,-0.632,0,0,2597,0,3089,0,3038,2675,52,1.194,1,2186,0,197.511,4.917,-27.250,-194.438,21.500,-0.129,0.328,1.789,2.996,3.898,6.184,0.026,0.206,1.050,1.439,3,NULL,NULL,,3,0,2,7,255,1168,250,0,0
stim,128199,158320,0,158320,3355639.455,-0.772,-0.057,-0.052,-0.630,0,0,2523,0,3087,0,3031,2619,52,1.194,1,2186,0,209.330,5.288,-41.250,-202.938,30.563,-0.168,0.324,1.953,3.125,4.266,7.230,0.020,0.216,1.050,1.439,3,NULL,NULL,,3,0,2,7,255,1168,250,0,0
stim,128199,158320,0,158320,3355644.454,-0.773,-0.065,-0.058,-0.628,0,0,2456,0,3055,0,3026,2555,52,1.194,1,2186,0,225.710,6.086,-50.125,-216.500,39.500,-0.316,0.313,2.078,3.125,5.223,8.664,0.012,0.228,1.050,1.439,3,NULL,NULL,,3,0,2,7,255,1168,250,0,0
stim,128199,158320,0,158320,3355649.455,-0.774,-0.074,-0.064,-0.626,0,0,2376,0,3053,25,3031,2439,52,1.194,1,2186,0,248.762,7.822,-71.688,-233.750,45.875,-0.410,0.371,2.074,3.121,7.172,9.094,0.006,0.238,1.050,1.439,3,NULL,NULL,,3,0,2,7,255,1168,250,0,0
stim,128242,158363,0,158363,3355654.453,-0.774,-0.084,-0.069,-0.624,0,0,2263,0,3030,45,3019,2328,52,1.194,1,2186,0,272.098,9.105,-96.500,-251.500,38.375,-0.504,0.383,2.039,3.105,8.559,9.094,0.006,0.250,1.050,1.439,3,NULL,NULL,,3,0,2,7,255,1168,250,0,0
stim,128242,158363,0,158363,3355659.457,-0.773,-0.095,-0.075,-0.622,0,0,2143,0,3021,69,2992,2197,52,1.194,1,2186,0,291.531,10.334,-113.125,-267.625,23.875,-0.480,0.430,1.953,3.121,9.852,8.348,0.018,0.264,1.050,1.439,3,NULL,NULL,,3,0,2,7,255,1168,250,0,0
stim,128242,158363,0,158363,3355664.453,-0.773,-0.107,-0.081,-0.621,0,0,2029,0,2992,77,2982,2056,52,1.194,1,2186,0,309.668,10.504,-119.625,-285.188,15.875,-0.398,0.461,1.871,3.645,9.852,7.277,0.036,0.282,1.050,1.439,3,NULL,NULL,,3,0,2,7,255,1168,250,0,0
stim,128242,158363,0,158363,3355669.455,-0.772,-0.120,-0.088,-0.618,0,0,1929,0,2983,83,2952,1952,52,1.194,1,2186,0,334.214,10.385,-126.563,-308.563,21.688,-0.336,0.480,1.863,4.160,9.516,6.391,0.060,0.306,1.050,1.439,3,NULL,NULL,,3,0,2,7,255,1168,250,0,0
stim,128242,158363,0,158363,3355674.454,-0.771,-0.133,-0.095,-0.616,0,0,1815,0,2939,83,2906,1875,52,1.194,1,2186,0,349.445,10.546,-130.125,-323.250,26.250,-0.277,0.578,1.879,4.547,9.516,6.172,0.090,0.338,1.050,1.439,3,NULL,NULL,,3,0,2,7,255,1168,250,0,0
stim,128242,158363,0,158363,3355679.455,-0.770,-0.146,-0.104,-0.613,0,0,1711,0,2903,87,2859,1752,52,1.194,1,2186,0,359.530,11.051,-108.688,-341.188,32.250,-0.375,0.563,2.113,5.465,9.605,6.172,0.128,0.376,1.050,1.439,3,NULL,NULL,,3,0,2,7,255,1168,250,0,0
stim,128261,158382,0,158382,3355684.453,-0.768,-0.159,-0.113,-0.610,0,0,1623,0,2859,77,2791,1639,52,1.194,1,2186,0,374.215,12.983,-100.688,-359.063,31.188,-0.637,0.520,2.523,5.465,11.777,7.551,0.170,0.418,1.050,1.439,3,NULL,NULL,,3,0,2,7,255,1168,250,0,0
stim,128261,158382,0,158382,3355689.457,-0.766,-0.173,-0.122,-0.606,0,0,1498,0,2809,72,2713,1511,52,1.194,1,2186,0,396.190,17.037,-115.750,-378.500,17.500,-0.746,0.637,2.859,5.465,16.137,10.000,0.216,0.464,1.050,1.439,3,NULL,NULL,,3,0,2,7,255,1168,250,0,0
stim,128261,158382,0,158382,3355694.453,-0.763,-0.189,-0.131,-0.604,0,0,1383,0,2741,56,2599,1365,52,1.194,1,2186,0,427.539,19.945,-158.563,-396.813,-13.688,-0.676,0.535,2.844,5.086,19.285,11.359,0.268,0.516,1.050,1.439,3,NULL,NULL,,3,0,2,7,255,1168,250,0,0
stim,128261,158382,0,158382,3355699.455,-0.758,-0.205,-0.140,-0.603,0,0,1209,0,2641,21,2451,1229,52,1.194,1,2186,0,441.521,19.981,-171.438,-404.438,-44.500,-0.582,0.516,2.750,5.227,19.285,11.359,0.322,0.570,1.050,1.439,3,NULL,NULL,,3,0,2,7,255,1168,250,0,0
stim,128299,158420,0,158420,3355704.454,-0.753,-0.222,-0.150,-0.601,0,0,1035,0,2507,0,2293,1067,52,1.194,1,2186,0,451.694,19.529,-176.688,-413.750,-40.250,-0.492,0.535,2.664,5.227,18.816,10.227,0.380,0.630,1.050,1.439,3,NULL,NULL,,3,0,2,7,255,1168,250,0,0
stim,128299,158420,0,158420,3355709.455,-0.748,-0.239,-0.159,-0.598,0,0,831,0,2349,0,2007,951,52,1.194,1,2186,0,462.356,19.529,-180.438,-425.188,-20.750,-0.527,0.313,2.633,5.227,18.816,9.125,0.444,0.694,1.050,1.439,3,NULL,NULL,,3,0,2,7,255,1168,250,0,0
stim,128299,158420,0,158420,3355714.454,-0.743,-0.257,-0.168,-0.595,0,0,619,0,2130,0,1715,822,52,1.194,1,2186,0,486.998,18.757,-207.125,-440.625,-10.750,-0.363,0.020,2.340,3.672,18.395,8.313,0.514,0.766,1.050,1.439,3,NULL,NULL,,3,0,2,7,255,1168,250,0,0
stim,128299,158420,0,158420,3355719.455,-0.738,-0.276,-0.177,-0.590,0,0,452,0,1861,0,1305,702,52,1.194,1,2186,0,502.412,16.274,-207.625,-457.250,15.250,-0.227,-0.469,1.727,1.238,16.227,6.672,0.594,0.848,1.050,1.439,3,NULL,NULL,,3,0,2,7,255,1168,250,0,0
stim,128299,158420,0,158420,3355724.453,-0.733,-0.293,-0.187,-0.585,0,0,283,0,1577,0,731,559,52,1.194,1,2186,0,497.863,11.917,-173.375,-466.313,19.000,0.109,-0.449,1.098,-3.008,11.531,3.102,0.684,0.942,1.050,1.439,3,NULL,NULL,,3,0,2,7,255,1168,250,0,0
stim,128299,158420,0,158420,3355729.455,-0.729,-0.308,-0.200,-0.578,0,0,232,0,1238,0,248,453,52,1.194,1,2186,0,477.971,6.351,-60.063,-473.438,26.563,0.148,-0.383,1.055,-3.008,5.594,-0.031,0.782,1.042,1.050,1.439,3,NULL,NULL,,3,0,2,7,255,1168,250,0,0
stim,128299,158420,0,158420,3355734.453,-0.727,-0.319,-0.215,-0.568,0,0,120,0,915,0,0,368,52,1.194,1,2186,0,482.165,6.066,29.000,-476.438,68.188,-0.063,-0.016,1.711,-2.348,5.594,-0.031,0.882,1.146,1.050,1.439,3,NULL,NULL,,3,0,2,7,255,1168,250,0,0
stim,128299,158420,0,158420,3355739.455,-0.726,-0.332,-0.229,-0.557,0,0,110,0,463,0,0,304,52,1.194,1,2186,0,497.005,12.309,26.063,-482.500,116.313,-0.402,0.207,2.293,0.980,12.270,1.504,0.984,1.252,1.050,1.439,3,NULL,NULL,,3,0,2,7,255,1168,250,0,0
stim,128300,158421,0,158421,3355744.454,-0.725,-0.347,-0.240,-0.545,0,0,104,0,95,0,0,223,52,1.194,1,2186,0,512.504,19.586,-51.813,-483.938,160.563,-0.762,0.383,2.309,2.277,19.453,1.504,1.082,1.354,1.050,1.439,3,NULL,NULL,,3,0,2,7,255,1168,250,0,0
stim,128300,158421,0,158421,3355749.455,-0.722,-0.364,-0.248,-0.533,0,0,58,0,0,0,0,124,52,1.194,1,2186,0,524.916,20.368,-144.250,-474.313,172.500,-0.895,0.801,1.793,2.680,20.191,-1.770,1.166,1.442,1.050,1.439,4,NULL,NULL,,3,0,2,7,255,1168,250,0,0
stim,128321,158442,0,158442,3355754.454,-0.717,-0.382,-0.256,-0.523,0,0,30,0,0,0,0,55,52,1.194,1,2186,0,505.128,20.981,-188.688,-450.313,129.500,-0.699,1.184,1.262,5.703,20.191,-7.941,1.234,1.516,1.050,1.439,0,NULL,NULL,,3,0,2,7,255,1168,250,0,0
stim,128321,158442,0,158442,3355759.455,-0.713,-0.398,-0.263,-0.514,0,0,29,0,0,0,0,9,52,1.194,1,2186,0,470.097,18.122,-177.938,-420.375,112.313,-0.637,1.238,1.113,9.453,15.461,-11.500,1.300,1.586,1.050,1.439,0,NULL,NULL,,3,0,2,7,255,1168,250,0,0
stim,128321,158442,0,158442,3355764.453,-0.708,-0.414,-0.268,-0.506,0,0,37,0,0,0,0,47,52,1.194,1,2186,0,443.827,17.790,-193.063,-381.625,118.625,-0.629,1.113,1.281,9.453,15.070,-12.004,1.372,1.662,1.050,1.439,0,NULL,NULL,,3,0,2,7,255,1168,250,0,0
stim,128321,158442,0,158442,3355769.455,-0.701,-0.431,-0.270,-0.500,0,0,39,0,0,0,0,71,52,1.194,1,2186,0,439.227,16.519,-269.375,-333.125,96.875,-0.371,0.637,1.176,8.867,13.938,-12.004,1.456,1.750,1.050,1.439,0,NULL,NULL,,3,0,2,7,255,1168,250,0,0
stim,128321,158442,0,158442,3355774.454,-0.694,-0.445,-0.270,-0.497,0,0,37,0,0,0,0,85,52,1.194,1,2186,0,371.297,13.518,-278.313,-242.688,38.813,-0.098,0.031,0.824,5.387,12.398,-9.473,1.554,1.852,1.050,1.439,0,NULL,NULL,,3,0,2,7,255,1168,250,0,0
stim,128353,158474,0,158474,3355779.455,-0.689,-0.455,-0.270,-0.495,0,0,39,0,0,0,0,117,52,1.194,1,2186,0,260.541,7.585,-196.375,-168.688,29.375,-0.242,-0.430,0.746,0.633,7.559,-7.086,1.660,1.962,1.050,1.439,0,NULL,NULL,,3,0,2,7,255,1168,250,0,0
stim,128353,158474,0,158474,3355784.454,-0.686,-0.462,-0.269,-0.493,0,0,35,0,0,0,0,126,52,1.194,1,2186,0,188.230,8.590,-149.375,-106.750,41.500,-0.605,-0.352,1.160,-4.082,7.559,-7.086,1.766,2.068,1.050,1.439,0,NULL,NULL,,3,0,2,7,255,1168,250,0,0
stim,128353,158474,0,158474,3355789.455,-0.682,-0.469,-0.266,-0.495,0,0,35,0,0,0,0,123,52,1.194,1,2186,0,200.574,13.164,-197.875,-31.938,7.438,-0.793,-0.035,1.109,-4.082,12.516,-8.664,1.866,2.170,1.050,1.439,0,NULL,NULL,,3,0,2,7,255,1168,250,0,0
stim,128353,158474,0,158474,3355794.454,-0.676,-0.475,-0.260,-0.499,0,0,36,0,0,0,0,108,52,1.194,1,2186,0,247.378,12.654,-242.875,41.250,-22.500,-0.645,0.371,0.406,-1.863,12.516,-11.664,1.958,2.264,1.050,1.439,0,NULL,NULL,,3,0,2,7,255,1168,250,0,0
stim,128353,158474,0,158474,3355799.455,-0.673,-0.479,-0.253,-0.504,0,0,36,0,0,0,0,105,52,1.194,1,2186,0,232.007,6.495,-207.000,101.750,-25.000,-0.438,0.734,-0.207,1.527,6.313,-14.859,2.040,2.348,1.050,1.439,0,NULL,NULL,,3,0,2,7,255,1168,250,0,0
stim,128353,158474,0,158474,3355804.453,-0.671,-0.479,-0.247,-0.509,0,0,35,0,0,0,0,101,52,1.194,1,2186,0,191.047,3.785,-120.563,146.750,-20.688,-0.414,0.652,-0.277,3.785,0.039,-16.828,2.110,2.420,1.050,1.439,0,NULL,NULL,,3,0,2,7,255,1168,250,0,0
stim,128399,158520,0,158520,3355809.455,-0.671,-0.476,-0.241,-0.514,0,0,29,0,0,0,0,97,52,1.194,1,2186,0,186.131,3.785,-56.625,176.813,-13.250,-0.512,0.262,0.074,3.785,0.039,-16.828,2.168,2.482,1.050,1.439,0,NULL,NULL,,3,0,2,7,255,1168,250,0,0
stim,128399,158520,0,158520,3355814.454,-0.672,-0.473,-0.234,-0.520,0,0,31,0,0,0,0,93,52,1.194,1,2186,0,206.955,2.944,-52.750,199.375,-17.250,-0.520,0.059,0.266,0.633,2.875,-14.613,2.220,2.538,1.050,1.439,0,NULL,NULL,,3,0,2,7,255,1168,250,0,0
stim,128399,158520,0,158520,3355819.455,-0.672,-0.470,-0.227,-0.525,0,0,27,0,0,0,0,85,52,1.194,1,2186,0,224.366,2.985,-66.125,213.813,-15.875,-0.414,0.035,0.074,-0.805,2.875,-13.023,2.262,2.584,1.050,1.439,0,NULL,NULL,,3,0,2,7,255,1168,250,0,0
stim,128399,158520,0,158520,3355824.454,-0.673,-0.466,-0.219,-0.530,0,0,26,0,0,0,0,75,52,1.194,1,2186,0,226.210,2.708,-49.250,220.688,6.500,-0.352,0.156,-0.250,-0.805,2.586,-13.023,2.292,2.616,1.050,1.439,0,NULL,NULL,,3,0,2,7,255,1168,250,0,0
stim,128399,158520,0,158520,3355829.455,-0.676,-0.461,-0.212,-0.534,0,0,25,0,0,0,0,75,52,1.194,1,2186,0,225.793,0.613,-3.750,224.625,22.625,-0.395,0.344,-0.367,-0.430,-0.438,-14.273,2.306,2.632,1.050,1.439,0,NULL,NULL,,3,0,2,7,255,1168,250,0,0
stim,128399,158521,0,158521,3355834.454,-0.679,-0.455,-0.206,-0.538,0,0,27,0,0,0,0,71,52,1.194,1,2186,0,231.959,0.944,42.438,226.938,22.438,-0.414,0.383,-0.266,0.836,-0.438,-15.762,2.306,2.636,1.050,1.439,0,NULL,NULL,,3,0,2,7,255,1168,250,0,0
stim,128399,158521,0,158521,3355839.455,-0.683,-0.448,-0.201,-0.541,0,0,21,0,0,0,0,67,52,1.194,1,2186,0,240.199,1.094,70.375,227.938,28.063,-0.383,0.297,-0.094,1.090,-0.090,-15.762,2.308,2.640,1.050,1.439,0,NULL,NULL,,3,0,2,7,255,1168,250,0,0
stim,128400,158521,0,158521,3355844.453,-0.687,-0.440,-0.195,-0.544,0,0,26,0,0,0,0,69,52,1.194,1,2186,0,246.142,1.680,80.188,229.063,41.063,-0.391,0.273,0.008,1.113,1.258,-14.328,2.312,2.648,1.050,1.439,0,NULL,NULL,,3,0,2,7,255,1168,250,0,0
stim,128400,158521,0,158521,3355849.455,-0.692,-0.432,-0.189,-0.546,0,0,22,0,0,0,0,62,52,1.194,1,2186,0,250.584,2.479,89.813,229.063,47.500,-0.441,0.301,0.055,1.113,2.215,-13.910,2.318,2.656,1.050,1.439,0,NULL,NULL,,3,0,2,7,255,1168,250,0,0
stim,128419,158540,0,158540,3355854.453,-0.697,-0.424,-0.184,-0.549,0,0,24,0,0,0,0,60,52,1.194,1,2186,0,256.191,3.205,107.125,228.000,46.625,-0.469,0.289,0.152,1.309,2.926,-13.742,2.326,2.666,1.050,1.439,0,NULL,NULL,,3,0,2,7,255,1168,250,0,0
stim,128419,158540,0,158540,3355859.455,-0.702,-0.415,-0.179,-0.551,0,0,23,0,0,0,0,59,52,1.194,1,2186,0,260.968,4.169,119.938,227.750,43.000,-0.477,0.273,0.336,1.313,3.957,-13.453,2.332,2.676,1.050,1.439,0,NULL,NULL,,3,0,2,7,255,1168,250,0,0
stim,128419,158540,0,158540,3355864.454,-0.706,-0.406,-0.175,-0.553,0,0,21,0,0,0,0,57,52,1.194,1,2186,0,261.660,5.704,118.375,230.500,36.375,-0.445,0.285,0.520,1.582,5.480,-12.289,2.342,2.688,1.050,1.439,0,NULL,NULL,,3,0,2,7,255,1168,250,0,0
stim,128419,158540,0,158540,3355869.456,-0.710,-0.397,-0.170,-0.556,0,0,20,0,0,0,0,57,52,1.194,1,2186,0,261.386,7.119,108.250,235.938,30.625,-0.406,0.281,0.633,2.227,6.762,-10.926,2.354,2.704,1.050,1.439,0,NULL,NULL,,3,0,2,7,255,1168,250,0,0
stim,128445,158566,0,158566,3355874.454,-0.714,-0.388,-0.164,-0.559,0,0,23,0,0,0,0,58,52,1.194,1,2186,0,265.033,7.716,99.750,244.000,27.500,-0.406,0.246,0.691,2.402,7.332,-9.781,2.372,2.724,1.050,1.439,0,NULL,NULL,,3,0,2,7,255,1168,250,0,0
stim,128445,158566,0,158566,3355879.455,-0.718,-0.379,-0.158,-0.562,0,0,22,0,0,0,0,59,52,1.194,1,2186,0,273.171,8.114,94.250,255.625,19.875,-0.449,0.223,0.766,2.402,7.750,-9.105,2.394,2.748,1.050,1.439,0,NULL,NULL,,3,0,2,7,255,1168,250,0,0
stim,128445,158566,0,158566,3355884.453,-0.721,-0.370,-0.152,-0.566,0,0,21,0,0,0,0,59,52,1.194,1,2186,0,284.141,8.852,85.875,270.813,4.688,-0.473,0.230,0.848,2.402,8.520,-8.621,2.418,2.776,1.050,1.439,0,NULL,NULL,,3,0,2,7,255,1168,250,0,0
stim,128445,158566,0,158566,3355889.455,-0.724,-0.360,-0.145,-0.571,0,0,23,0,0,0,0,59,52,1.194,1,2186,0,297.729,9.523,73.125,288.375,-11.625,-0.457,0.238,0.902,2.418,9.211,-8.074,2.448,2.810,1.050,1.439,0,NULL,NULL,,3,0,2,7,255,1168,250,0,0
stim,128445,158566,0,158566,3355894.454,-0.726,-0.350,-0.137,-0.576,0,0,19,0,0,0,0,58,52,1.194,1,2186,0,313.247,9.621,61.250,306.375,-22.500,-0.441,0.215,0.910,2.660,9.246,-7.391,2.484,2.848,1.050,1.439,0,NULL,NULL,,3,0,2,7,255,1168,250,0,0
stim,128464,158585,0,158585,3355899.455,-0.727,-0.340,-0.129,-0.582,0,0,21,0,0,0,0,55,52,1.194,1,2186,0,328.928,9.636,52.438,323.250,-30.875,-0.461,0.191,0.910,2.660,9.262,-6.891,2.524,2.890,1.050,1.439,0,NULL,NULL,,3,0,2,7,255,1168,250,0,0
stim,128494,158615,0,158615,3355904.454,-0.728,-0.330,-0.120,-0.588,0,0,19,0,0,0,0,57,52,1.194,1,2186,0,343.821,9.573,45.688,338.000,-43.375,-0.480,0.191,0.895,2.480,9.246,-6.668,2.564,2.934,1.050,1.439,0,NULL,NULL,,3,0,2,7,255,1168,250,0,0
stim,128494,158615,0,158615,3355909.455,-0.729,-0.319,-0.111,-0.595,0,0,19,0,0,0,0,60,52,1.194,1,2186,0,357.173,9.528,41.688,349.938,-58.125,-0.438,0.203,0.852,2.480,9.199,-6.629,2.610,2.982,1.050,1.439,0,NULL,NULL,,3,0,2,7,255,1168,250,0,0
stim,128494,158615,0,158615,3355914.453,-0.729,-0.308,-0.102,-0.602,0,0,19,0,0,0,0,71,52,1.194,1,2186,0,367.729,8.926,43.750,358.563,-68.875,-0.332,0.191,0.777,2.688,8.512,-6.500,2.656,3.032,1.050,1.439,0,NULL,NULL,,3,0,2,7,255,1168,250,0,0
stim,128494,158615,0,158615,3355919.455,-0.729,-0.297,-0.093,-0.610,0,0,19,0,0,0,0,84,52,1.194,1,2186,0,375.033,7.575,51.125,364.063,-74.125,-0.168,0.133,0.707,2.688,7.082,-6.211,2.702,3.080,1.050,1.439,0,NULL,NULL,,3,0,2,7,255,1168,250,0,0
stim,128494,158615,0,158615,3355924.454,-0.729,-0.285,-0.084,-0.617,0,0,17,0,0,0,0,89,52,1.194,1,2186,0,377.090,5.758,63.063,365.438,-68.375,-0.074,0.070,0.617,2.523,5.176,-5.563,2.750,3.130,1.050,1.439,0,NULL,NULL,,3,0,2,7,255,1168,250,0,0
stim,128494,158615,0,158615,3355929.455,-0.730,-0.272,-0.076,-0.623,0,0,18,0,0,0,0,87,52,1.194,1,2186,0,374.834,4.530,85.000,360.563,-57.188,-0.078,0.141,0.605,2.523,3.762,-5.563,2.796,3.180,1.050,1.439,0,NULL,NULL,,3,0,2,7,255,1168,250,0,0
stim,128494,158615,0,158615,3355934.454,-0.730,-0.259,-0.069,-0.629,0,0,22,0,0,0,0,91,52,1.194,1,2186,0,373.785,4.427,108.125,353.563,-54.938,-0.051,0.188,0.680,2.586,3.594,-5.469,2.842,3.228,1.050,1.439,0,NULL,NULL,,3,0,2,7,255,1168,250,0,0
stim,128494,158615,0,158615,3355939.455,-0.731,-0.245,-0.062,-0.634,0,0,19,0,0,0,0,91,52,1.194,1,2186,0,371.147,4.805,124.438,346.063,-50.063,0.039,0.148,0.754,3.211,3.574,-4.957,2.884,3.274,1.050,1.439,0,NULL,NULL,,3,0,2,7,255,1168,250,0,0
stim,128494,158615,0,158615,3355944.453,-0.732,-0.231,-0.055,-0.639,0,0,18,0,0,0,0,86,52,1.194,1,2186,0,368.983,4.344,140.250,339.250,-37.250,0.117,0.137,0.762,3.215,2.922,-3.746,2.924,3.318,1.050,1.439,0,NULL,NULL,,3,0,2,7,255,1168,250,0,0
stim,128494,158615,0,158615,3355949.455,-0.733,-0.217,-0.050,-0.643,0,0,19,0,0,0,0,83,52,1.194,1,2186,0,371.240,4.013,163.438,332.625,-21.625,0.078,0.164,0.816,3.215,2.402,-3.230,2.962,3.358,1.050,1.439,0,NULL,NULL,,3,0,2,7,255,1168,250,0,0
stim,128528,158649,0,158649,3355954.453,-0.735,-0.201,-0.044,-0.646,0,0,21,0,0,0,0,79,52,1.194,1,2186,0,376.056,4.210,185.250,326.938,-14.563,0.039,0.207,0.984,3.457,2.402,-2.844,2.996,3.394,1.050,1.439,0,NULL,NULL,,3,0,2,7,255,1168,250,0,0
stim,128528,158649,0,158649,3355959.458,-0.737,-0.186,-0.040,-0.649,0,0,19,0,0,0,0,73,52,1.194,1,2186,0,378.380,5.168,197.250,322.688,-11.688,0.008,0.230,1.188,4.086,3.164,-1.484,3.026,3.426,1.050,1.439,0,NULL,NULL,,3,0,2,7,255,1168,250,0,0
stim,128528,158649,0,158649,3355964.454,-0.738,-0.170,-0.035,-0.652,0,0,18,0,0,0,0,76,52,1.194,1,2186,0,376.812,5.990,199.313,319.688,-7.875,0.012,0.242,1.355,4.574,3.867,0.355,3.052,3.456,1.050,1.439,0,NULL,NULL,,3,0,2,7,255,1168,250,0,0
stim,128528,158649,0,158649,3355969.455,-0.740,-0.155,-0.031,-0.654,0,0,23,0,0,0,0,75,52,1.194,1,2186,0,372.746,6.290,195.063,317.625,-2.188,0.004,0.227,1.500,4.832,4.027,2.063,3.078,3.482,1.050,1.439,0,NULL,NULL,,3,0,2,7,255,1168,250,0,0
stim,128528,158649,0,158649,3355974.455,-0.741,-0.140,-0.026,-0.656,0,0,18,0,0,0,0,75,52,1.194,1,2186,0,368.941,6.325,188.750,317.000,1.500,-0.035,0.215,1.641,4.832,4.082,3.582,3.100,3.508,1.050,1.439,0,NULL,NULL,,3,0,2,7,255,1168,250,0,0
stim,128528,158649,0,158649,3355979.455,-0.742,-0.125,-0.021,-0.658,0,0,22,0,0,0,0,77,52,1.194,1,2186,0,364.458,6.531,176.375,318.938,-0.375,-0.078,0.234,1.777,4.832,4.395,5.020,3.122,3.532,1.050,1.439,0,NULL,NULL,,3,0,2,7,255,1168,250,0,0
stim,128556,158677,0,158677,3355984.453,-0.743,-0.111,-0.015,-0.660,0,0,20,0,0,0,0,81,52,1.194,1,2186,0,358.384,6.600,156.688,322.250,-6.563,-0.105,0.227,1.859,4.758,4.574,6.367,3.142,3.552,1.050,1.439,0,NULL,NULL,,3,0,2,7,255,1168,250,0,0
stim,128556,158677,0,158677,3355989.455,-0.743,-0.097,-0.009,-0.662,0,0,19,0,0,0,0,91,52,1.194,1,2186,0,352.090,6.600,136.625,324.313,-11.063,-0.109,0.211,1.898,4.758,4.574,7.301,3.162,3.576,1.050,1.439,0,NULL,NULL,,3,0,2,7,255,1168,250,0,0
stim,128556,158677,0,158677,3355994.453,-0.743,-0.084,-0.002,-0.664,0,0,19,0,0,0,0,98,52,1.194,1,2186,0,346.661,6.124,117.750,325.750,-14.000,-0.102,0.195,1.910,4.523,4.129,7.895,3.184,3.598,1.050,1.439,0,NULL,NULL,,3,0,2,7,255,1168,250,0,0
stim,128556,158677,0,158677,3355999.455,-0.742,-0.071,0.006,-0.666,0,0,21,0,0,0,0,105,52,1.194,1,2186,0,341.905,5.576,100.500,326.375,-16.688,-0.098,0.199,1.867,4.309,3.539,7.895,3.208,3.624,1.050,1.439,0,NULL,NULL,,3,0,2,7,255,1168,250,0,0
stim,128593,158714,0,158714,3356004.454,-0.741,-0.058,0.014,-0.668,0,0,19,0,0,0,0,106,52,1.194,1,2186,0,338.180,5.089,89.500,325.500,-20.125,-0.102,0.133,1.793,4.180,2.902,7.855,3.234,3.652,1.050,1.439,0,NULL,NULL,,3,0,2,7,255,1168,250,0,0
stim,128593,158714,0,158714,3356009.455,-0.740,-0.046,0.022,-0.670,0,0,25,0,0,0,0,113,52,1.194,1,2186,0,334.617,4.052,85.375,322.750,-22.625,-0.098,0.082,1.738,3.344,2.289,7.355,3.260,3.682,1.050,1.439,0,NULL,NULL,,3,0,2,7,255,1168,250,0,0
stim,128593,158714,0,158714,3356014.454,-0.739,-0.034,0.029,-0.672,0,0,21,0,0,0,0,115,52,1.194,1,2186,0,331.107,3.207,86.375,318.688,-24.688,-0.090,0.098,1.688,2.734,1.676,6.938,3.288,3.710,1.050,1.439,0,NULL,NULL,,3,0,2,7,255,1168,250,0,0
stim,128593,158714,0,158714,3356019.455,-0.738,-0.021,0.036,-0.674,0,0,23,0,0,0,0,111,52,1.194,1,2186,0,328.314,2.946,92.875,313.875,-25.438,-0.074,0.109,1.656,2.730,1.105,6.480,3.316,3.740,1.050,1.439,0,NULL,NULL,,3,0,2,7,255,1168,250,0,0
stim,128593,158714,0,158714,3356024.454,-0.736,-0.009,0.043,-0.675,0,0,20,0,0,0,0,114,52,1.194,1,2186,0,325.680,2.775,102.875,308.063,-24.125,-0.070,0.102,1.664,2.730,0.496,6.328,3.342,3.770,1.050,1.439,0,NULL,NULL,,3,0,2,7,255,1168,250,0,0
stim,128593,158714,0,158714,3356029.455,-0.735,0.004,0.049,-0.676,0,0,23,0,0,0,0,109,52,1.194,1,2186,0,323.705,2.563,114.625,301.813,-23.563,-0.063,0.078,1.688,2.563,0.008,6.328,3.368,3.798,1.050,1.439,0,NULL,NULL,,3,0,2,7,255,1168,250,0,0
stim,128593,158714,0,158714,3356034.453,-0.733,0.017,0.055,-0.678,0,0,22,0,0,0,0,111,52,1.194,1,2186,0,323.531,2.302,129.500,295.500,-24.125,-0.023,0.055,1.723,2.234,-0.555,6.586,3.390,3.822,1.050,1.439,0,NULL,NULL,,3,0,2,7,255,1168,250,0,0
stim,128593,158714,0,158714,3356039.455,-0.731,0.030,0.059,-0.679,0,0,23,0,0,0,0,117,52,1.194,1,2186,0,325.525,2.395,145.500,290.313,-22.688,0.043,0.039,1.762,1.934,-1.414,6.930,3.410,3.842,1.050,1.439,0,NULL,NULL,,3,0,2,7,255,1168,250,0,0
stim,128593,158714,0,158714,3356044.454,-0.730,0.043,0.064,-0.680,0,0,20,0,0,0,0,117,52,1.194,1,2186,0,330.202,3.062,162.813,286.750,-17.313,0.125,0.035,1.793,1.676,-2.563,7.199,3.424,3.860,1.050,1.439,0,NULL,NULL,,3,0,2,7,255,1168,250,0,0
stim,128593,158714,0,158714,3356049.455,-0.728,0.057,0.067,-0.680,0,0,21,0,0,0,0,124,52,1.194,1,2186,0,337.877,4.131,183.313,283.625,-10.688,0.223,0.027,1.844,1.484,-3.855,7.324,3.436,3.872,1.050,1.439,0,NULL,NULL,,3,0,2,7,255,1168,250,0,0
stim,128621,158742,0,158742,3356054.453,-0.726,0.072,0.070,-0.680,0,0,23,0,0,0,0,125,52,1.194,1,2186,0,348.537,5.471,205.188,281.688,-5.313,0.359,0.059,1.926,1.355,-5.301,7.566,3.442,3.880,1.050,1.439,0,NULL,NULL,,3,0,2,7,255,1168,250,0,0
stim,128621,158742,0,158742,3356059.455,-0.724,0.088,0.072,-0.680,0,0,26,0,0,0,0,132,52,1.194,1,2186,0,360.773,7.337,225.875,281.313,0.875,0.535,0.086,2.023,1.355,-7.211,7.977,3.442,3.884,1.050,1.439,0,NULL,NULL,,3,0,2,7,255,1168,250,0,0
stim,128621,158742,0,158742,3356064.453,-0.722,0.104,0.074,-0.680,0,0,22,0,0,0,0,131,52,1.194,1,2186,0,374.138,9.639,245.188,282.375,11.250,0.691,0.090,2.145,1.355,-9.543,8.328,3.436,3.880,1.050,1.439,0,NULL,NULL,,3,0,2,7,255,1168,250,0,0
stim,128621,158742,0,158742,3356069.455,-0.720,0.121,0.075,-0.679,0,0,25,0,0,0,0,119,52,1.194,1,2186,0,386.135,11.838,260.688,283.750,25.063,0.801,0.082,2.301,1.156,-11.781,8.875,3.422,3.866,1.050,1.439,0,NULL,NULL,,3,0,2,7,255,1168,250,0,0
stim,128650,158771,0,158771,3356074.454,-0.719,0.137,0.076,-0.677,0,0,27,0,0,0,0,111,52,1.194,1,2186,0,392.765,13.767,266.688,286.000,36.688,0.879,0.102,2.461,0.684,-13.750,9.773,3.398,3.844,1.050,1.439,0,NULL,NULL,,3,0,2,7,255,1168,250,0,0
stim,128650,158771,0,158771,3356079.455,-0.717,0.154,0.077,-0.675,0,0,27,0,0,0,0,109,52,1.194,1,2186,0,394.563,15.443,267.500,286.188,47.125,0.926,0.141,2.625,0.402,-15.438,10.711,3.364,3.812,1.050,1.439,0,NULL,NULL,,3,0,2,7,255,1168,250,0,0
stim,128650,158771,0,158771,3356084.454,-0.716,0.171,0.078,-0.673,0,0,23,0,0,0,0,109,52,1.194,1,2186,0,388.918,16.936,258.500,285.563,53.750,0.945,0.172,2.754,0.258,-16.934,11.680,3.320,3.770,1.050,1.439,0,NULL,NULL,,3,0,2,7,255,1168,250,0,0
stim,128650,158771,0,158771,3356089.455,-0.714,0.187,0.079,-0.670,0,0,23,0,0,0,0,111,52,1.194,1,2186,0,374.059,18.094,238.938,281.688,59.000,0.953,0.188,2.836,-0.004,-18.094,12.398,3.264,3.716,1.050,1.439,0,NULL,NULL,,3,0,2,7,255,1168,250,0,0
stim,128650,158771,0,158771,3356094.453,-0.713,0.202,0.081,-0.666,0,0,22,0,0,0,0,141,52,1.194,1,2186,0,349.786,19.006,207.875,274.313,62.375,0.977,0.234,2.832,-0.266,-19.004,12.398,3.196,3.648,1.050,1.439,0,NULL,NULL,,3,0,2,7,255,1168,250,0,0
stim,128650,158771,0,158771,3356099.455,-0.712,0.215,0.084,-0.663,0,0,24,0,0,0,0,153,52,1.194,1,2186,0,324.616,19.730,178.000,264.563,60.813,1.102,0.199,2.727,-0.363,-19.727,12.125,3.116,3.570,1.050,1.439,0,NULL,NULL,,3,0,2,7,255,1168,250,0,0
stim,128692,158813,0,158813,3356104.454,-0.711,0.228,0.087,-0.659,0,0,23,0,0,0,0,157,52,1.194,1,2186,0,301.390,20.962,154.813,251.125,61.688,1.266,0.109,2.590,-0.621,-20.953,10.168,3.030,3.484,1.050,1.439,0,NULL,NULL,,3,0,2,7,255,1168,250,0,0
stim,128692,158813,0,158813,3356109.457,-0.711,0.239,0.090,-0.656,0,0,22,0,0,0,0,158,52,1.194,1,2186,0,279.501,22.324,133.563,235.938,67.938,1.418,-0.086,2.367,-1.309,-22.285,7.633,2.936,3.390,1.050,1.439,0,NULL,NULL,,3,0,2,7,255,1168,250,0,0
stim,128692,158813,0,158813,3356114.454,-0.711,0.249,0.093,-0.651,0,0,19,0,0,0,0,187,52,1.194,1,2186,0,261.203,22.889,118.875,218.938,78.500,1.512,-0.336,2.043,-2.758,-22.723,4.211,2.838,3.288,1.050,1.439,0,NULL,NULL,,3,0,2,7,255,1168,250,0,0
stim,128692,158813,0,158813,3356119.455,-0.711,0.259,0.095,-0.647,0,0,24,0,0,0,0,205,52,1.194,1,2186,0,249.336,23.177,119.500,200.688,87.250,1.563,-0.559,1.695,-4.566,-22.723,0.086,2.734,3.182,1.050,1.439,0,NULL,NULL,,3,0,2,7,255,1168,250,0,0
stim,128692,158813,0,158813,3356124.454,-0.711,0.269,0.095,-0.643,0,0,23,0,0,0,0,211,52,1.194,1,2186,0,247.192,22.593,140.188,181.688,91.875,1.621,-0.719,1.434,-6.031,-21.773,-4.004,2.622,3.066,1.050,1.439,0,NULL,NULL,,3,0,2,7,255,1168,250,0,0
stim,128692,158813,0,158813,3356129.455,-0.711,0.279,0.095,-0.639,0,0,20,0,0,0,0,222,52,1.194,1,2186,0,255.527,22.575,172.375,163.250,94.500,1.699,-0.820,1.344,-6.980,-21.469,-7.238,2.502,2.942,1.050,1.439,0,NULL,NULL,,3,0,2,7,255,1168,250,0,0
stim,128712,158833,0,158833,3356134.453,-0.710,0.290,0.093,-0.635,0,0,21,0,0,0,0,223,52,1.194,1,2186,0,268.550,22.597,203.125,146.500,96.938,1.789,-0.770,1.379,-7.051,-21.469,-9.035,2.382,2.816,1.050,1.439,0,NULL,NULL,,3,0,2,7,255,1168,250,0,0
stim,128712,158833,0,158833,3356139.457,-0.709,0.301,0.089,-0.632,0,0,29,0,0,0,0,243,52,1.194,1,2186,0,282.972,23.534,231.938,133.813,91.500,1.852,-0.762,1.535,-7.211,-22.402,-9.035,2.262,2.690,1.050,1.439,0,NULL,NULL,,3,0,2,7,255,1168,250,0,0
stim,128712,158833,0,158833,3356144.454,-0.708,0.311,0.087,-0.629,0,0,22,0,0,0,0,254,52,1.194,1,2186,0,236.968,24.817,191.375,120.625,70.563,2.063,-0.926,2.078,-7.211,-23.746,-8.961,2.142,2.564,1.050,1.439,0,NULL,NULL,,3,0,2,7,255,1168,250,0,0
stim,128712,158833,0,158833,3356149.455,-0.707,0.319,0.085,-0.625,0,0,21,0,0,0,0,265,52,1.194,1,2186,0,202.464,30.011,147.125,114.563,78.875,2.465,-1.172,1.676,-9.637,-28.422,-8.961,2.026,2.442,1.050,1.439,0,NULL,NULL,,3,0,2,7,255,1168,250,0,0
stim,128712,158833,0,158833,3356154.453,-0.707,0.327,0.083,-0.621,0,0,21,0,0,0,0,273,52,1.194,1,2186,0,223.390,30.874,168.188,100.500,107.313,2.512,-1.262,1.516,-10.133,-29.164,-13.051,1.908,2.320,1.050,1.439,0,NULL,NULL,,3,0,2,7,255,1168,250,0,0
stim,128712,158833,0,158833,3356159.455,-0.707,0.335,0.080,-0.617,0,0,23,0,0,0,0,287,52,1.194,1,2186,0,207.828,31.361,160.188,85.625,101.000,2.398,-1.227,1.766,-10.301,-29.621,-13.051,1.788,2.194,1.050,1.439,0,NULL,NULL,,3,0,2,7,255,1168,250,0,0
stim,128734,158855,0,158855,3356164.453,-0.707,0.342,0.077,-0.615,0,0,22,0,3,0,0,308,52,1.194,1,2186,0,176.477,31.080,148.563,68.563,66.125,2.289,-1.430,1.582,-10.742,-29.164,-14.902,1.662,2.064,1.050,1.439,0,NULL,NULL,,3,0,2,7,255,1168,250,0,0
stim,128734,158855,0,158855,3356169.457,-0.705,0.348,0.073,-0.614,0,0,25,0,9,0,0,319,52,1.194,1,2186,0,169.996,30.837,163.188,42.563,21.375,2.270,-1.504,1.715,-12.301,-28.277,-14.422,1.530,1.926,1.050,1.439,0,NULL,NULL,,3,0,2,7,255,1168,250,0,0
stim,128734,158855,0,158855,3356174.454,-0.702,0.353,0.070,-0.614,0,0,21,0,11,0,0,319,52,1.194,1,2186,0,157.753,31.236,157.125,12.938,5.500,2.344,-1.348,2.129,-13.270,-28.277,-14.422,1.390,1.782,1.050,1.439,0,NULL,NULL,,3,0,2,7,255,1168,250,0,0
stim,128734,158855,0,158855,3356179.455,-0.701,0.356,0.066,-0.614,0,0,20,0,8,0,0,326,52,1.194,1,2186,0,119.612,33.782,117.000,-19.438,15.500,2.348,-1.148,2.445,-13.270,-31.066,-11.426,1.244,1.628,1.050,1.439,0,NULL,NULL,,3,0,2,7,255,1168,250,0,0
stim,128734,158855,0,158855,3356184.454,-0.701,0.357,0.062,-0.614,0,0,27,0,0,0,0,328,52,1.194,1,2186,0,89.980,33.841,58.438,-52.813,43.500,2.063,-0.832,2.609,-12.594,-31.410,-8.500,1.092,1.464,1.050,1.439,0,NULL,NULL,,3,0,2,7,255,1168,250,0,0
stim,128734,158855,0,158855,3356189.455,-0.703,0.355,0.059,-0.614,0,0,22,0,0,0,0,317,52,1.194,1,2186,0,88.601,33.281,-0.938,-80.063,37.938,1.531,-0.609,2.398,-11.000,-31.410,-4.520,0.942,1.294,1.050,1.439,0,NULL,NULL,,3,0,2,7,255,1168,250,0,0
stim,128734,158855,0,158855,3356194.453,-0.703,0.351,0.057,-0.616,0,0,5,0,0,0,0,393,52,1.194,1,2186,0,110.297,27.598,-33.438,-103.063,-20.625,1.207,-0.570,2.203,-9.598,-25.875,-2.285,0.802,1.126,1.050,1.439,0,NULL,NULL,,3,0,2,7,255,1168,250,0,0
stim,128763,158884,0,158884,3356199.455,-0.703,0.347,0.052,-0.618,27,0,3,283,0,11,0,535,52,1.194,1,2186,0,149.798,24.088,19.625,-148.500,1.438,0.402,-1.133,3.176,-9.598,-22.094,-1.707,0.680,0.964,1.050,1.439,0,NULL,NULL,,3,0,2,7,255,1168,250,0,0
stim,128799,158920,0,158920,3356204.454,-0.710,0.352,0.028,-0.610,659,0,0,973,0,125,0,566,52,1.194,1,2186,0,609.496,26.535,344.188,-275.375,420.938,-0.492,1.102,6.500,-14.695,-22.094,7.617,0.584,0.812,1.050,1.439,0,NULL,NULL,,3,0,2,7,255,1168,250,0,0
stim,128799,158920,0,158920,3356209.455,-0.728,0.330,0.033,-0.600,1235,0,0,1467,0,468,0,619,52,1.194,1,2186,0,688.304,25.376,-574.813,-146.063,349.313,-1.586,2.703,4.984,-14.695,-20.688,45.973,0.532,0.672,1.050,1.439,0,NULL,NULL,,3,0,2,7,255,1168,250,0,0
stim,128799,158920,0,158920,3356214.454,-0.744,0.296,0.053,-0.596,1741,0,0,1823,0,650,0,699,52,1.194,1,2186,0,988.445,10.893,-974.563,-126.500,106.063,-1.695,2.723,0.594,3.957,-10.148,45.973,0.520,0.546,1.050,1.439,0,NULL,NULL,,3,0,2,7,255,1168,250,0,0
stim,128799,158920,0,158920,3356219.455,-0.753,0.270,0.068,-0.596,2077,0,0,1960,0,913,0,783,52,1.194,1,2187,0,714.149,22.105,-705.063,-113.375,-6.500,-1.750,1.930,-1.938,16.496,14.715,11.625,0.536,0.436,1.050,1.439,1,1203.000,35.000,,3,0,2,7,255,1168,250,0,0
stim,128799,158920,0,158920,3356224.454,-0.755,0.257,0.073,-0.599,2293,0,0,2095,0,1145,0,859,52,1.194,1,2187,0,330.969,23.509,-299.375,-108.125,-90.688,-0.699,0.988,-2.004,16.496,16.750,-13.102,0.574,0.358,1.050,1.439,1,NULL,NULL,,3,0,2,7,255,1168,250,0,0
stim,128799,158920,0,158920,3356229.455,-0.753,0.254,0.069,-0.603,2445,0,0,2186,0,1307,0,967,52,1.194,1,2187,0,147.958,19.790,16.563,-128.438,-71.563,0.230,-0.012,0.391,10.539,16.750,-13.102,0.614,0.316,1.050,1.439,1,NULL,NULL,,3,0,2,7,255,1168,250,0,0
stim,128799,158920,0,158920,3356234.453,-0.755,0.251,0.065,-0.602,2613,0,0,2409,0,1451,0,1045,52,1.194,1,2187,0,128.904,9.870,-0.625,-116.313,55.563,0.551,1.129,1.586,9.094,-3.836,-7.449,0.640,0.320,1.050,1.439,1,NULL,NULL,,3,0,2,7,255,1168,250,0,0
stim,128799,158920,0,158920,3356239.455,-0.761,0.244,0.063,-0.598,2770,0,0,2618,0,1517,0,1112,52,1.194,1,2187,0,223.628,9.870,-129.813,-122.063,135.125,-0.332,1.500,1.902,9.094,-3.836,4.672,0.638,0.368,1.050,1.439,2,NULL,NULL,,3,0,2,7,255,1168,250,0,0
stim,128799,158921,0,158921,3356244.454,-0.770,0.231,0.063,-0.592,2875,0,0,2743,0,1541,0,1209,52,1.194,1,2187,0,392.884,9.515,-293.313,-161.063,205.875,-2.008,-0.449,1.117,9.094,-2.801,6.156,0.642,0.420,1.050,1.439,2,NULL,NULL,,3,0,2,7,255,1168,250,0,0
stim,128799,158921,0,158921,3356249.455,-0.774,0.215,0.066,-0.592,2939,0,0,2868,0,1557,0,1328,52,1.194,1,2187,0,377.089,16.510,-340.313,-160.563,24.563,-2.156,-1.184,0.129,-11.590,11.758,6.156,0.654,0.472,1.050,1.439,2,NULL,NULL,,3,0,2,7,255,1168,250,0,0
stim,128843,158964,0,158964,3356254.454,-0.773,0.205,0.066,-0.597,2986,0,0,2938,0,1532,0,1421,52,1.194,1,2187,0,278.897,16.980,-171.375,-169.438,-140.375,-1.059,-1.023,-0.277,-12.250,11.758,-3.746,0.668,0.514,1.050,1.439,2,NULL,NULL,,3,0,2,7,255,1168,250,0,0
stim,128843,158964,0,158964,3356259.457,-0.769,0.199,0.061,-0.604,3019,0,0,2997,0,1519,0,1470,52,1.194,1,2187,0,230.792,14.702,-9.125,-171.375,-154.313,0.219,-0.824,0.852,-12.250,8.129,-4.516,0.670,0.542,1.050,1.439,2,NULL,NULL,,3,0,2,7,255,1168,250,0,0
stim,128843,158964,0,158964,3356264.453,-0.768,0.195,0.057,-0.608,3044,0,0,3047,0,1527,0,1492,52,1.194,1,2187,0,174.792,10.666,-1.250,-157.188,-76.438,0.902,-0.840,1.848,-8.227,-6.789,-4.516,0.642,0.552,1.050,1.439,2,NULL,NULL,,3,0,2,7,255,1168,250,0,0
stim,128843,158964,0,158964,3356269.455,-0.770,0.188,0.054,-0.608,3075,0,0,3099,0,1555,0,1495,52,1.194,1,2187,0,169.171,18.163,-85.688,-144.000,23.250,1.008,-0.883,1.887,-7.996,-16.309,2.391,0.594,0.550,1.050,1.439,2,NULL,NULL,,3,0,2,7,255,1168,250,0,0
stim,128843,158964,0,158964,3356274.455,-0.775,0.180,0.053,-0.604,3077,0,0,3127,0,1635,0,1511,52,1.194,1,2187,0,245.637,18.163,-174.250,-128.750,115.750,0.617,-1.105,1.391,-7.996,-16.309,2.391,0.548,0.530,1.050,1.439,2,NULL,NULL,,3,0,2,7,255,1168,250,0,0
stim,128843,158964,0,158964,3356279.455,-0.781,0.171,0.053,-0.599,3092,0,0,3147,0,1747,0,1525,52,1.194,1,2187,0,271.238,16.241,-178.125,-118.563,166.688,-0.008,-1.145,0.582,-10.313,-12.547,-0.855,0.514,0.488,1.050,1.439,2,NULL,NULL,,3,0,2,7,255,1168,250,0,0
stim,128843,158964,0,158964,3356284.454,-0.786,0.165,0.051,-0.594,3113,0,0,3163,0,1848,18,1587,52,1.194,1,2187,0,220.198,11.236,-107.750,-118.563,151.063,-0.750,-0.672,0.621,-10.313,-4.461,-3.129,0.494,0.422,1.050,1.439,2,NULL,NULL,,3,0,2,7,255,1168,250,0,0
stim,128843,158964,0,158964,3356289.455,-0.788,0.159,0.048,-0.593,3118,0,0,3189,0,1958,43,1654,52,1.194,1,2187,0,159.604,9.563,-85.875,-123.438,53.500,-0.855,0.133,1.055,-9.031,3.145,-3.129,0.492,0.342,1.050,1.439,2,NULL,NULL,,3,0,2,7,255,1168,250,0,0
stim,128861,158982,0,158982,3356294.453,-0.789,0.153,0.046,-0.593,3113,0,0,3181,0,2059,46,1717,52,1.194,1,2187,0,142.138,3.806,-68.000,-124.125,13.125,-0.234,0.559,0.914,-2.145,3.145,0.184,0.494,0.270,1.050,1.439,2,NULL,NULL,,3,0,2,7,255,1168,250,0,0
stim,128861,158982,0,158982,3356299.455,-0.790,0.147,0.044,-0.594,3117,0,0,3188,0,2131,57,1753,52,1.194,1,2187,0,147.822,1.035,-83.000,-121.875,-10.438,-0.348,0.285,1.434,0.500,0.906,2.453,0.492,0.226,1.050,1.439,2,NULL,NULL,,3,0,2,7,255,1168,250,0,0
stim,128892,159013,0,159013,3356304.453,-0.790,0.140,0.043,-0.595,3119,0,0,3189,0,2206,70,1824,52,1.194,1,2187,0,167.887,0.507,-121.500,-113.813,-21.688,-0.008,-0.176,1.129,0.500,-0.086,0.617,0.490,0.204,1.050,1.439,2,NULL,NULL,,3,0,2,7,255,1168,250,0,0
stim,128892,159013,0,159013,3356309.457,-0.791,0.133,0.042,-0.595,3115,0,0,3192,31,2271,185,1931,52,1.194,1,2187,0,158.498,4.213,-115.313,-108.688,-3.438,0.063,-0.523,0.832,-2.500,-3.391,0.617,0.488,0.192,1.050,1.439,2,NULL,NULL,,3,0,2,7,255,1168,250,0,0
stim,128892,159013,0,159013,3356314.454,-0.792,0.128,0.041,-0.596,3119,0,0,3207,235,2315,251,2027,52,1.194,1,2187,0,118.586,6.674,-68.500,-96.750,-3.125,0.094,-0.531,1.160,-5.301,-4.055,0.336,0.490,0.186,1.050,1.439,2,NULL,NULL,,3,0,2,7,255,1168,250,0,0
stim,128892,159013,0,159013,3356319.455,-0.791,0.126,0.039,-0.597,3129,0,0,3209,488,2351,253,2100,52,1.194,1,2187,0,63.465,7.327,-16.188,-53.250,-30.500,0.418,-0.188,1.262,-5.301,-5.059,0.336,0.494,0.182,1.050,1.439,2,NULL,NULL,,3,0,2,7,255,1168,250,0,0
stim,128892,159013,0,159013,3356324.454,-0.791,0.125,0.038,-0.597,3124,0,0,3193,633,2377,260,2141,52,1.194,1,2187,0,47.048,7.148,-3.563,-46.875,-1.875,0.594,0.473,1.184,-1.406,-7.008,0.813,0.500,0.174,1.050,1.439,2,NULL,NULL,,3,0,2,7,255,1168,250,0,0
stim,128892,159013,0,159013,3356329.455,-0.792,0.123,0.037,-0.597,3116,0,0,3199,787,2404,267,2195,52,1.194,1,2187,0,38.349,8.233,-18.438,-33.563,2.063,-0.039,0.586,1.695,4.320,-7.008,1.070,0.512,0.162,1.050,1.439,2,NULL,NULL,,3,0,2,7,255,1168,250,0,0
stim,128892,159013,0,159013,3356334.453,-0.791,0.120,0.039,-0.598,3113,0,0,3193,937,2425,277,2235,52,1.194,1,2187,0,92.914,4.791,-87.188,-20.000,-25.125,-0.199,0.176,1.234,4.320,-2.070,2.527,0.528,0.144,1.050,1.439,2,NULL,NULL,,3,0,2,7,255,1168,250,0,0
stim,128892,159013,0,159013,3356339.455,-0.791,0.116,0.040,-0.599,3115,1,0,3191,1035,2430,283,2275,52,1.194,1,2187,0,84.084,0.661,-76.688,-18.063,-29.375,-0.164,-0.039,0.688,0.371,-0.547,2.527,0.546,0.126,1.050,1.439,2,NULL,NULL,,3,0,2,7,255,1168,250,0,0
stim,128892,159013,0,159013,3356344.453,-0.790,0.115,0.041,-0.601,3117,19,0,3197,1128,2453,290,2312,52,1.194,1,2187,0,60.943,1.210,-30.000,-17.000,-50.250,-0.246,-0.008,0.914,-1.199,-0.164,-0.586,0.568,0.106,1.050,1.439,2,NULL,NULL,,3,0,2,7,255,1168,250,0,0
stim,128892,159013,0,159013,3356349.455,-0.788,0.113,0.041,-0.603,3115,26,0,3193,1213,2465,292,2341,52,1.194,1,2187,0,77.249,1.210,-19.375,-13.438,-73.563,-0.047,0.191,1.125,-1.199,-0.164,-0.586,0.590,0.088,1.050,1.439,2,NULL,NULL,,3,0,2,7,255,1168,250,0,0
stim,128923,159045,0,159045,3356354.454,-0.787,0.112,0.042,-0.606,3117,47,0,3193,1291,2473,299,2359,52,1.194,1,2187,0,77.025,1.971,-42.250,-10.750,-63.500,0.094,0.180,1.129,1.133,-1.613,0.977,0.606,0.078,1.050,1.439,2,NULL,NULL,,3,0,2,7,255,1168,250,0,0
stim,128924,159045,0,159045,3356359.455,-0.786,0.109,0.043,-0.607,3118,60,0,3204,1358,2477,299,2395,52,1.194,1,2187,0,73.131,2.741,-62.125,-8.813,-37.563,0.031,-0.004,1.000,1.133,-2.496,0.977,0.618,0.070,1.050,1.439,2,NULL,NULL,,3,0,2,7,255,1168,250,0,0
stim,128924,159045,0,159045,3356364.454,-0.786,0.107,0.045,-0.608,3119,87,0,3205,1449,2489,308,2413,52,1.194,1,2187,0,63.487,2.523,-55.688,-6.938,-29.688,-0.129,0.012,0.883,-0.367,-2.496,-0.305,0.628,0.066,1.050,1.439,2,NULL,NULL,,3,0,2,7,255,1168,250,0,0
stim,128924,159045,0,159045,3356369.455,-0.785,0.105,0.045,-0.609,3117,103,0,3195,1523,2515,310,2438,52,1.194,1,2187,0,54.630,0.776,-32.875,-7.750,-42.938,-0.164,0.188,0.918,-0.367,-0.684,-0.578,0.638,0.060,1.050,1.439,2,NULL,NULL,,3,0,2,7,255,1168,250,0,0
stim,128951,159072,0,159072,3356374.454,-0.783,0.104,0.046,-0.611,3119,125,0,3213,1573,2517,312,2461,52,1.194,1,2187,0,57.870,1.241,-23.188,-5.938,-52.688,-0.055,0.188,1.047,1.035,-0.684,-0.578,0.648,0.056,1.050,1.439,2,NULL,NULL,,3,0,2,7,255,1168,250,0,0
stim,128951,159072,0,159072,3356379.456,-0.782,0.103,0.046,-0.612,3127,154,0,3206,1607,2520,317,2463,52,1.194,1,2187,0,51.863,1.656,-29.625,-4.063,-42.375,0.027,0.059,1.098,1.035,-1.293,0.453,0.658,0.050,1.050,1.439,2,NULL,NULL,,3,0,2,7,255,1168,250,0,0
stim,128951,159072,0,159072,3356384.453,-0.782,0.101,0.047,-0.613,3123,175,1,3207,1637,2527,317,2470,52,1.194,1,2187,0,43.595,2.115,-34.813,-1.688,-26.188,-0.004,0.008,1.023,0.301,-2.094,0.453,0.668,0.046,1.050,1.439,2,NULL,NULL,,3,0,2,7,255,1168,250,0,0
stim,128951,159072,0,159072,3356389.455,-0.782,0.100,0.048,-0.614,3123,204,22,3208,1655,2541,319,2480,52,1.194,1,2187,0,33.163,2.095,-26.500,0.000,-19.938,-0.109,0.047,0.965,-0.074,-2.094,0.000,0.676,0.042,1.050,1.439,2,NULL,NULL,,3,0,2,7,255,1168,250,0,0
stim,128951,159072,0,159072,3356394.454,-0.781,0.099,0.048,-0.615,3135,221,27,3212,1701,2540,311,2483,52,1.194,1,2187,0,31.072,0.917,-18.688,0.750,-24.813,-0.152,0.063,1.016,-0.074,-0.914,0.000,0.684,0.040,1.050,1.439,2,NULL,NULL,,3,0,2,7,255,1168,250,0,0
stim,128951,159072,0,159072,3356399.455,-0.780,0.099,0.049,-0.616,3119,227,37,3207,1721,2537,305,2479,52,1.194,1,2187,0,34.202,0.882,-16.938,1.250,-29.688,-0.133,0.012,1.020,-0.074,-0.879,0.227,0.692,0.038,1.050,1.439,2,NULL,NULL,,3,0,2,7,255,1168,250,0,0
stim,128996,159117,0,159117,3356404.454,-0.780,0.098,0.049,-0.617,3125,233,59,3207,1739,2541,286,2482,52,1.194,1,2187,0,30.511,0.985,-15.625,2.063,-26.125,-0.070,-0.035,1.012,-0.445,-0.879,0.227,0.702,0.034,1.050,1.439,2,NULL,NULL,,3,0,2,7,255,1168,250,0,0
stim,128996,159117,0,159117,3356409.457,-0.779,0.097,0.050,-0.617,3111,229,110,3213,1753,2540,284,2484,52,1.212,1,2187,1,19.778,1.604,-14.625,1.313,-13.250,-0.086,-0.059,1.000,-0.719,-1.434,-0.012,0.000,0.000,1.095,1.394,2,NULL,NULL,,3,0,2,7,255,1168,250,0,0
stim,128996,159117,0,159117,3356414.454,-0.779,0.097,0.050,-0.617,3123,229,119,3197,1754,2539,282,2485,52,1.212,1,2187,1,15.674,1.728,-13.688,1.063,-7.563,-0.172,-0.039,1.008,-0.965,-1.434,-0.012,0.006,0.006,1.095,1.394,2,NULL,NULL,,3,0,2,7,255,1168,250,0,0
stim,128996,159117,0,159117,3356419.455,-0.779,0.096,0.051,-0.618,3109,222,124,3211,1765,2539,265,2478,52,1.212,1,2187,1,17.184,1.121,-12.813,0.563,-11.438,-0.172,-0.004,1.000,-0.965,-0.570,0.094,0.010,0.010,1.095,1.394,2,NULL,NULL,,3,0,2,7,255,1168,250,0,0
stim,128996,159117,0,159117,3356424.453,-0.779,0.096,0.051,-0.618,3109,223,124,3195,1781,2536,255,2478,52,1.212,1,2187,1,14.518,0.933,-9.250,-0.188,-11.188,-0.148,-0.023,0.980,-0.738,-0.570,0.094,0.014,0.012,1.095,1.394,2,NULL,NULL,,3,0,2,7,255,1168,250,0,0
stim,128996,159117,0,159117,3356429.455,-0.779,0.095,0.051,-0.618,3116,217,121,3196,1779,2534,241,2479,52,1.212,1,2187,1,11.174,1.014,-7.125,-0.875,-8.563,-0.152,-0.039,0.980,-0.738,-0.695,-0.133,0.014,0.014,1.095,1.394,2,NULL,NULL,,3,0,2,7,255,1168,250,0,0
stim,128996,159117,0,159117,3356434.454,-0.778,0.095,0.052,-0.618,3099,211,125,3191,1780,2535,244,2475,52,1.212,1,2187,1,9.188,1.061,-7.000,-1.750,-5.688,-0.160,-0.031,0.969,-0.801,-0.695,-0.137,0.016,0.014,1.095,1.394,2,NULL,NULL,,3,0,2,7,255,1168,250,0,0
stim,128996,159117,0,159117,3356439.457,-0.778,0.094,0.052,-0.619,3091,203,140,3141,1783,2523,248,2477,52,1.212,1,2187,1,8.236,1.002,-5.438,-3.063,-5.375,-0.188,-0.027,0.957,-0.824,-0.570,-0.238,0.018,0.014,1.095,1.394,2,NULL,NULL,,3,0,2,7,255,1168,250,0,0
stim,128996,159117,0,159117,3356444.454,-0.778,0.094,0.052,-0.619,3091,185,149,3165,1784,2524,243,2483,52,1.212,1,2187,1,8.474,0.932,-2.500,-4.375,-6.813,-0.168,-0.027,0.953,-0.801,-0.477,-0.297,0.018,0.012,1.095,1.394,2,NULL,NULL,,3,0,2,7,255,1168,250,0,0
stim,128996,159117,0,159117,3356449.455,-0.778,0.094,0.051,-0.619,3087,173,165,3163,1784,2520,239,2483,52,1.212,1,2187,1,7.946,0.918,1.063,-5.313,-5.813,-0.145,-0.023,0.961,-0.785,-0.477,-0.305,0.018,0.012,1.095,1.394,2,NULL,NULL,,3,0,2,7,255,1168,250,0,0
stim,129019,159140,0,159140,3356454.453,-0.778,0.094,0.051,-0.619,3062,168,178,3159,1792,2522,243,2472,52,1.212,1,2187,1,7.519,0.943,3.563,-5.500,-3.688,-0.141,0.020,0.969,-0.695,-0.637,-0.305,0.020,0.010,1.095,1.394,2,NULL,NULL,,3,0,2,7,255,1168,250,0,0
stim,129019,159140,0,159140,3356459.455,-0.778,0.094,0.051,-0.619,3055,167,197,3143,1803,2509,251,2477,52,1.212,1,2187,1,8.450,0.688,5.250,-6.250,-2.188,-0.172,0.059,0.980,-0.262,-0.637,-0.219,0.022,0.008,1.095,1.394,2,NULL,NULL,,3,0,2,7,255,1168,250,0,0
stim,129019,159140,1,159140,3356464.453,-0.778,0.094,0.050,-0.619,3047,160,221,3142,1816,2510,267,2478,52,1.212,1,2187,1,9.054,0.282,4.188,-7.313,-3.313,-0.207,0.078,0.992,0.016,-0.281,-0.031,0.026,0.006,1.095,1.394,2,NULL,NULL,,3,1,2,7,255,1168,250,0,0
stim,129019,159140,1,159140,3356469.457,-0.778,0.094,0.050,-0.620,3039,153,236,3129,1827,2515,277,2486,52,1.212,1,2187,1,11.572,0.141,3.313,-8.938,-6.563,-0.227,0.086,0.984,0.117,0.078,0.105,0.030,0.006,1.095,1.394,2,NULL,NULL,,3,1,2,7,255,1168,250,0,0
stim,129042,159163,1,159163,3356474.454,-0.777,0.093,0.050,-0.620,3019,151,271,3103,1839,2503,280,2491,52,1.212,1,2187,1,15.561,0.289,3.875,-10.563,-10.750,-0.219,0.098,0.984,0.152,0.246,0.105,0.034,0.008,1.095,1.394,2,NULL,NULL,,3,1,2,7,255,1168,250,0,0
stim,129042,159163,1,159163,3356479.455,-0.777,0.093,0.049,-0.621,3005,151,294,3091,1863,2502,283,2501,52,1.212,1,2187,1,18.408,0.359,4.438,-12.188,-13.063,-0.191,0.105,0.992,0.262,0.246,0.105,0.038,0.012,1.095,1.394,2,NULL,NULL,,3,1,2,7,255,1168,250,0,0
stim,129042,159163,1,159163,3356484.453,-0.777,0.093,0.048,-0.621,2988,151,316,3069,1893,2503,298,2511,52,1.212,1,2187,1,18.794,0.395,4.438,-13.875,-11.875,-0.168,0.125,1.000,0.395,0.000,0.117,0.042,0.016,1.095,1.394,2,NULL,NULL,,3,1,2,7,255,1168,250,0,0
stim,129042,159163,1,159163,3356489.455,-0.776,0.093,0.048,-0.621,2972,165,363,3053,1932,2505,298,2521,52,1.212,1,2187,1,18.314,0.627,3.375,-15.250,-9.563,-0.176,0.164,1.012,0.625,-0.047,0.164,0.048,0.022,1.095,1.394,2,NULL,NULL,,3,1,2,7,255,1168,250,0,0
stim,129064,159185,1,159185,3356494.453,-0.776,0.092,0.047,-0.622,2955,165,421,3037,1971,2505,329,2535,52,1.212,1,2187,1,19.636,0.982,1.750,-16.500,-10.500,-0.188,0.211,1.027,0.980,-0.047,0.328,0.052,0.024,1.095,1.394,2,NULL,NULL,,3,1,2,7,255,1168,250,0,0
stim,129064,159185,1,159185,3356499.456,-0.776,0.092,0.046,-0.622,2933,175,483,3022,2008,2507,349,2549,52,1.212,1,2187,1,21.554,1.388,0.375,-17.375,-12.750,-0.168,0.254,1.035,1.387,0.055,0.504,0.056,0.028,1.095,1.394,2,NULL,NULL,,3,1,2,7,255,1168,250,0,0
stim,129097,159218,1,159218,3356504.454,-0.776,0.092,0.046,-0.623,2908,189,598,3005,2040,2509,397,2568,52,1.212,1,2187,1,21.954,1.817,-2.375,-17.438,-13.125,-0.137,0.246,1.051,1.816,0.055,0.570,0.058,0.030,1.095,1.394,2,NULL,NULL,,3,1,2,7,255,1168,250,0,0
stim,129097,159218,1,159218,3356509.455,-0.775,0.091,0.045,-0.623,2889,204,684,2991,2093,2514,424,2589,52,1.212,1,2187,1,22.234,1.834,-6.500,-17.063,-12.688,-0.125,0.203,1.039,1.816,-0.254,0.570,0.060,0.030,1.095,1.394,2,NULL,NULL,,3,1,2,7,255,1168,250,0,0
stim,129097,159218,1,159218,3356514.454,-0.775,0.090,0.045,-0.624,2859,233,727,2972,2161,2515,459,2608,52,1.212,1,2187,1,22.470,1.476,-9.375,-17.125,-11.125,-0.133,0.188,1.008,1.445,-0.301,0.527,0.062,0.028,1.095,1.394,2,NULL,NULL,,3,1,2,7,255,1168,250,0,0
stim,129097,159218,1,159218,3356519.455,-0.775,0.090,0.044,-0.624,2837,247,825,2958,2229,2517,539,2630,52,1.212,1,2187,1,23.200,1.343,-10.563,-16.813,-12.000,-0.172,0.176,1.000,1.309,-0.301,0.227,0.064,0.028,1.095,1.394,2,NULL,NULL,,3,1,2,7,255,1168,250,0,0
stim,129097,159218,1,159218,3356524.454,-0.774,0.089,0.044,-0.625,2806,253,937,2941,2279,2519,626,2644,52,1.212,1,2187,1,29.262,1.082,-11.125,-15.938,-21.875,-0.176,0.137,1.008,1.082,0.031,0.227,0.064,0.026,1.095,1.394,2,NULL,NULL,,3,1,2,7,255,1168,250,0,0
stim,129097,159218,1,159218,3356529.455,-0.774,0.088,0.044,-0.626,2778,263,1050,2925,2328,2521,739,2659,52,1.212,1,2187,1,34.150,0.727,-11.750,-15.625,-28.000,-0.145,0.129,1.012,0.727,0.031,0.234,0.064,0.024,1.095,1.394,2,NULL,NULL,,3,1,2,7,255,1168,250,0,0
stim,129117,159238,1,159238,3356534.453,-0.773,0.087,0.044,-0.627,2749,273,1173,2907,2356,2521,853,2671,52,1.212,1,2187,1,38.371,0.760,-16.250,-14.563,-31.563,-0.141,0.105,1.023,0.711,-0.270,0.258,0.064,0.022,1.095,1.394,2,NULL,NULL,,3,1,2,7,255,1168,250,0,0
stim,129117,159238,1,159238,3356539.455,-0.772,0.086,0.044,-0.628,2724,281,1263,2895,2405,2524,939,2680,52,1.212,1,2187,1,43.670,0.608,-20.938,-14.438,-35.500,-0.156,0.074,1.027,0.535,-0.289,0.332,0.066,0.022,1.095,1.394,2,NULL,NULL,,3,1,2,7,255,1168,250,0,0
stim,129117,159238,1,159238,3356544.454,-0.771,0.084,0.044,-0.629,2683,313,1396,2871,2441,2524,1041,2701,52,1.212,1,2187,1,52.999,0.423,-29.000,-13.125,-42.375,-0.152,0.008,0.996,0.211,-0.367,0.332,0.066,0.020,1.095,1.394,2,NULL,NULL,,3,1,2,7,255,1168,250,0,0
stim,129117,159238,1,159238,3356549.455,-0.770,0.082,0.045,-0.631,2648,329,1523,2861,2476,2526,1159,2707,52,1.212,1,2187,1,53.796,0.536,-31.625,-14.938,-40.875,-0.152,-0.035,0.980,-0.391,-0.367,0.070,0.068,0.018,1.095,1.394,2,NULL,NULL,,3,1,2,7,255,1168,250,0,0
stim,129117,159238,1,159238,3356554.454,-0.769,0.081,0.046,-0.632,2603,339,1624,2843,2511,2531,1253,2719,52,1.212,1,2187,1,62.372,0.856,-35.000,-13.563,-49.813,-0.172,-0.070,0.984,-0.773,-0.367,-0.031,0.070,0.016,1.095,1.394,2,NULL,NULL,,3,1,2,7,255,1168,250,0,0
stim,129117,159238,1,159238,3356559.455,-0.768,0.079,0.046,-0.634,2549,357,1743,2827,2541,2533,1355,2731,52,1.212,1,2187,1,62.185,0.870,-40.625,-16.250,-44.188,-0.121,-0.031,0.980,-0.773,-0.398,-0.102,0.072,0.014,1.095,1.394,2,NULL,NULL,,3,1,2,7,255,1168,250,0,0
stim,129117,159238,1,159238,3356564.453,-0.767,0.077,0.047,-0.635,2505,376,1839,2806,2583,2536,1452,2743,52,1.212,1,2187,1,61.236,0.671,-37.688,-15.000,-45.875,-0.156,-0.027,0.941,-0.609,-0.281,-0.145,0.076,0.014,1.095,1.394,2,NULL,NULL,,3,1,2,7,255,1168,250,0,0
stim,129117,159238,1,159238,3356569.455,-0.766,0.075,0.047,-0.637,2454,405,1941,2791,2613,2536,1571,2757,52,1.212,1,2187,1,59.196,0.879,-34.438,-17.125,-45.000,-0.109,-0.016,0.961,-0.594,-0.648,-0.367,0.078,0.014,1.095,1.394,2,NULL,NULL,,3,1,2,7,255,1168,250,0,0
stim,129146,159267,1,159267,3356574.454,-0.765,0.073,0.048,-0.638,2403,428,2035,2767,2633,2539,1656,2775,52,1.212,1,2187,1,53.217,0.879,-32.375,-18.438,-38.000,-0.117,-0.051,0.969,-0.609,-0.633,-0.367,0.080,0.014,1.095,1.394,2,NULL,NULL,,3,1,2,7,255,1168,250,0,0
stim,129146,159268,1,159268,3356579.455,-0.764,0.071,0.048,-0.639,2341,435,2124,2733,2698,2543,1747,2787,52,1.212,1,2187,1,53.459,0.937,-31.938,-17.938,-38.938,-0.152,-0.066,1.004,-0.691,-0.633,-0.266,0.080,0.014,1.095,1.394,2,NULL,NULL,,3,1,2,7,255,1168,250,0,0
stim,129146,159268,1,159268,3356584.454,-0.763,0.069,0.049,-0.641,2265,448,2205,2701,2683,2547,1849,2799,52,1.212,1,2187,1,58.426,0.781,-36.250,-19.688,-41.375,-0.164,-0.031,1.047,-0.691,-0.363,0.129,0.082,0.016,1.095,1.394,2,NULL,NULL,,3,1,2,7,255,1168,250,0,0
stim,129146,159268,1,159268,3356589.455,-0.762,0.067,0.049,-0.642,2184,466,2287,2666,2709,2547,1933,2809,52,1.212,1,2187,1,70.373,0.550,-48.125,-20.813,-46.938,-0.160,0.020,1.090,-0.488,-0.254,0.582,0.084,0.018,1.095,1.394,2,NULL,NULL,,3,1,2,7,255,1168,250,0,0
stim,129146,159268,1,159268,3356594.453,-0.761,0.064,0.050,-0.644,2111,472,2357,2631,2727,2547,1999,2815,52,1.212,1,2187,1,78.694,0.256,-54.500,-19.500,-53.313,-0.113,0.020,0.992,0.035,-0.254,0.582,0.086,0.020,1.095,1.394,2,NULL,NULL,,3,1,2,7,255,1168,250,0,0
stim,129146,159268,1,159268,3356599.455,-0.759,0.062,0.051,-0.646,2031,471,2405,2587,2744,2548,2075,2833,52,1.212,1,2187,1,69.865,0.494,-45.875,-20.000,-48.750,-0.051,-0.004,0.902,0.043,-0.492,-0.043,0.088,0.020,1.095,1.394,2,NULL,NULL,,3,1,2,7,255,1168,250,0,0
stim,129196,159317,1,159317,3356604.453,-0.759,0.060,0.051,-0.647,1940,473,2472,2539,2763,2543,2140,2843,52,1.212,1,2187,1,55.816,0.942,-33.500,-20.688,-39.563,-0.063,-0.043,0.941,0.043,-0.941,-0.582,0.090,0.020,1.095,1.394,2,NULL,NULL,,3,1,2,7,255,1168,250,0,0
stim,129196,159317,1,159317,3356609.455,-0.758,0.059,0.051,-0.648,1845,473,2521,2487,2781,2548,2191,2853,52,1.212,1,2187,1,47.673,0.944,-25.625,-21.250,-34.125,-0.133,-0.008,0.984,-0.070,-0.941,-0.582,0.092,0.022,1.095,1.394,2,NULL,NULL,,3,1,2,7,255,1168,250,0,0
stim,129196,159317,1,159317,3356614.454,-0.757,0.057,0.051,-0.649,1758,462,2555,2421,2799,2543,2249,2861,52,1.212,1,2187,1,47.244,0.290,-20.875,-21.750,-36.375,-0.125,0.039,1.000,-0.070,-0.281,-0.082,0.092,0.022,1.095,1.394,2,NULL,NULL,,3,1,2,7,255,1168,250,0,0
stim,129196,159317,1,159317,3356619.455,-0.756,0.056,0.051,-0.650,1609,452,2596,2339,2815,2541,2300,2871,52,1.212,1,2187,1,54.179,0.260,-25.875,-21.063,-42.688,-0.180,-0.043,1.102,-0.070,-0.250,0.039,0.094,0.024,1.095,1.394,2,NULL,NULL,,3,1,2,7,255,1168,250,0,0
stim,129196,159317,1,159317,3356624.454,-0.755,0.053,0.052,-0.652,1446,441,2635,2269,2835,2539,2351,2879,52,1.212,1,2187,1,60.409,0.472,-39.500,-23.313,-39.313,-0.023,-0.133,1.094,-0.379,-0.281,0.852,0.096,0.026,1.095,1.394,2,NULL,NULL,,3,1,2,7,255,1168,250,0,0
stim,129196,159317,1,159317,3356629.455,-0.754,0.051,0.052,-0.652,1284,413,2666,2183,2846,2536,2403,2892,52,1.212,1,2187,1,59.862,0.968,-49.625,-22.125,-25.125,-0.070,-0.039,1.039,-0.379,-0.891,0.852,0.098,0.026,1.095,1.394,2,NULL,NULL,,3,1,2,7,255,1168,250,0,0
stim,129196,159317,1,159317,3356634.453,-0.754,0.049,0.053,-0.653,1158,376,2687,2079,2859,2532,2451,2899,52,1.212,1,2187,1,54.707,0.897,-44.438,-22.688,-22.438,-0.117,0.047,0.930,-0.105,-0.891,0.352,0.100,0.026,1.095,1.394,2,NULL,NULL,,3,1,2,7,255,1168,250,0,0
stim,129196,159317,1,159317,3356639.455,-0.753,0.047,0.053,-0.654,1044,356,2719,1963,2871,2527,2477,2903,52,1.212,1,2187,1,50.318,0.501,-34.875,-22.750,-28.250,-0.160,0.031,0.980,0.480,-0.141,-0.102,0.102,0.028,1.095,1.394,2,NULL,NULL,,3,1,2,7,255,1168,250,0,0
stim,129196,159317,1,159317,3356644.454,-0.752,0.045,0.053,-0.655,889,331,2749,1817,2885,2521,2522,2909,52,1.212,1,2187,1,50.738,0.501,-27.875,-24.813,-34.375,-0.129,-0.047,0.965,0.480,-0.141,-0.277,0.104,0.030,1.095,1.394,2,NULL,NULL,,3,1,2,7,255,1168,250,0,0
stim,129196,159317,1,159317,3356649.455,-0.752,0.044,0.053,-0.656,713,301,2777,1659,2901,2516,2557,2917,52,1.212,1,2187,1,45.574,0.263,-22.125,-25.563,-30.563,-0.059,-0.125,1.027,-0.215,-0.152,-0.102,0.106,0.032,1.095,1.394,2,NULL,NULL,,3,1,2,7,255,1168,250,0,0
stim,129221,159342,1,159342,3356654.454,-0.751,0.042,0.053,-0.657,529,277,2797,1464,2961,2507,2589,2922,52,1.212,1,2187,1,44.544,0.263,-24.875,-25.688,-26.563,-0.152,-0.008,1.051,-0.215,-0.152,0.289,0.108,0.032,1.095,1.394,2,NULL,NULL,,3,1,2,7,255,1168,250,0,0
stim,129221,159342,1,159342,3356659.455,-0.750,0.040,0.053,-0.658,395,223,2824,1290,2920,2492,2616,2928,52,1.212,1,2187,1,51.352,0.404,-28.063,-26.813,-33.625,-0.105,-0.020,1.043,0.191,-0.355,0.445,0.112,0.036,1.095,1.394,2,NULL,NULL,,3,1,2,7,255,1168,250,0,0
stim,129221,159342,1,159342,3356664.453,-0.749,0.038,0.052,-0.659,288,187,2843,1076,2933,2484,2644,2936,52,1.212,1,2187,1,47.247,0.404,-24.563,-27.875,-29.188,-0.078,-0.008,0.988,0.191,-0.355,0.445,0.116,0.038,1.095,1.394,2,NULL,NULL,,3,1,2,7,255,1168,250,0,0
stim,129221,159342,1,159342,3356669.455,-0.749,0.037,0.052,-0.660,140,149,2863,905,2943,2471,2666,2939,52,1.212,1,2187,1,43.368,0.484,-17.688,-30.188,-25.625,-0.117,-0.004,1.039,0.328,-0.355,0.410,0.120,0.042,1.095,1.394,2,NULL,NULL,,3,1,2,7,255,1168,250,0,0
stim,129247,159368,1,159368,3356674.454,-0.748,0.035,0.051,-0.661,85,106,2877,666,2957,2455,2685,2943,52,1.212,1,2187,1,46.170,0.497,-15.438,-31.813,-29.688,-0.098,0.012,1.059,0.359,-0.344,0.410,0.126,0.050,1.095,1.394,2,NULL,NULL,,3,1,2,7,255,1168,250,0,0
stim,129247,159368,1,159368,3356679.457,-0.747,0.034,0.050,-0.662,30,59,2893,504,2965,2429,2707,2954,52,1.212,1,2187,1,46.574,0.646,-16.125,-33.750,-27.750,-0.066,0.027,1.090,0.547,-0.344,0.602,0.128,0.058,1.095,1.394,2,NULL,NULL,,3,1,2,7,255,1168,250,0,0
stim,129247,159368,1,159368,3356684.454,-0.747,0.032,0.050,-0.662,2,39,2903,363,2974,2412,2729,2955,52,1.212,1,2187,1,45.480,0.979,-15.500,-36.625,-22.063,-0.051,0.055,1.098,0.750,-0.629,0.848,0.130,0.068,1.095,1.394,2,NULL,NULL,,3,1,2,7,255,1168,250,0,0
stim,129247,159368,1,159368,3356689.455,-0.746,0.030,0.049,-0.663,0,23,2911,259,2981,2381,2747,2961,52,1.212,1,2187,1,47.526,1.256,-19.750,-37.063,-22.250,-0.004,0.063,1.039,1.035,-0.711,0.848,0.128,0.076,1.095,1.394,2,NULL,NULL,,3,1,2,7,255,1168,250,0,0
stim,129247,159368,1,159368,3356694.453,-0.746,0.029,0.048,-0.663,0,7,2923,197,2987,2357,2776,2957,52,1.212,1,2187,1,43.901,1.256,-7.063,-40.875,-14.375,-0.129,0.000,1.063,1.035,-0.711,0.660,0.126,0.082,1.095,1.394,2,NULL,NULL,,3,1,2,7,255,1168,250,0,0
stim,129247,159368,1,159368,3356699.455,-0.746,0.028,0.046,-0.663,0,0,2925,175,3000,2343,2797,2968,52,1.212,1,2187,1,53.913,0.427,21.063,-49.625,0.563,-0.348,-0.070,1.305,0.414,0.105,0.660,0.120,0.086,1.095,1.394,2,NULL,NULL,,3,1,2,7,255,1168,250,0,0
stim,129297,159418,1,159418,3356704.453,-0.746,0.028,0.042,-0.663,0,0,2936,153,3005,2313,2803,2975,52,1.212,1,2187,1,74.942,1.961,45.250,-59.625,3.688,-0.461,-0.113,1.648,-0.391,1.922,3.297,0.112,0.088,1.095,1.394,2,NULL,NULL,,3,1,2,7,255,1168,250,0,0
stim,129297,159418,1,159418,3356709.456,-0.747,0.026,0.041,-0.664,0,0,2937,119,3013,2287,2825,2973,52,1.212,1,2187,0,68.831,1.961,-20.750,-65.313,-6.438,-0.129,-0.043,1.543,-0.391,1.922,5.375,0.102,0.094,1.095,1.394,3,NULL,NULL,,3,1,2,7,255,1168,250,0,0
stim,129297,159418,0,159418,3356714.454,-0.746,0.022,0.041,-0.664,0,0,2941,79,3020,2260,2840,2975,52,1.212,1,2187,0,92.394,0.617,-69.063,-60.313,-11.375,-0.020,-0.113,1.059,-0.570,-0.234,5.375,0.092,0.100,1.095,1.394,3,NULL,NULL,,3,0,2,7,255,1174,250,0,0
stim,129297,159418,0,159418,3356719.455,-0.747,0.018,0.040,-0.663,0,0,2951,30,3027,2223,2857,2975,52,1.212,1,2187,0,81.327,0.563,-38.875,-68.063,21.688,-0.129,-0.090,0.918,-0.512,-0.234,0.586,0.080,0.108,1.095,1.394,3,NULL,NULL,,3,0,2,7,255,1174,250,0,0
stim,129297,159418,0,159418,3356724.454,-0.748,0.016,0.038,-0.662,0,0,2956,7,3039,2173,2885,2975,52,1.212,1,2187,0,79.555,0.646,-5.375,-75.250,25.250,-0.246,-0.016,0.957,-0.512,0.395,-0.270,0.070,0.116,1.095,1.394,3,NULL,NULL,,3,0,2,7,255,1174,250,0,0
stim,129297,159418,0,159418,3356729.455,-0.749,0.014,0.035,-0.662,0,0,2959,0,3041,2117,2890,2983,52,1.212,1,2187,0,80.359,1.253,9.750,-79.063,10.563,-0.207,-0.066,1.043,-0.309,1.215,-0.270,0.060,0.124,1.095,1.394,3,NULL,NULL,,3,0,2,7,255,1174,250,0,0
stim,129298,159419,0,159419,3356734.453,-0.749,0.013,0.032,-0.662,0,0,2959,0,3047,2055,2901,2983,52,1.212,1,2187,0,83.175,1.253,11.250,-82.375,2.438,-0.203,-0.102,1.199,-0.309,1.215,0.559,0.050,0.134,1.095,1.394,3,NULL,NULL,,3,0,2,7,255,1174,250,0,0
stim,129298,159419,0,159419,3356739.455,-0.749,0.010,0.029,-0.662,0,0,2967,0,3054,1974,2915,2987,52,1.212,1,2187,0,85.158,1.256,-0.500,-85.125,2.313,-0.129,-0.176,1.184,-0.590,1.109,1.930,0.040,0.146,1.095,1.394,3,NULL,NULL,,3,0,2,7,255,1174,250,0,0
stim,129298,159419,0,159419,3356744.454,-0.750,0.007,0.027,-0.661,0,0,2963,0,3061,1886,2935,2985,52,1.212,1,2187,0,88.727,1.425,-6.813,-88.000,9.063,-0.152,-0.207,1.121,-1.250,0.684,1.930,0.030,0.160,1.095,1.394,3,NULL,NULL,,3,0,2,7,255,1174,250,0,0
stim,129298,159419,0,159419,3356749.455,-0.750,0.004,0.024,-0.661,0,0,2955,0,3065,1807,2943,2987,52,1.212,1,2187,0,92.013,1.606,-6.313,-91.000,12.063,-0.137,-0.191,1.082,-1.473,0.641,1.348,0.024,0.172,1.095,1.394,3,NULL,NULL,,3,0,2,7,255,1174,250,0,0
stim,129322,159443,0,159443,3356754.454,-0.751,0.002,0.021,-0.660,0,0,2963,0,3063,1705,2943,2989,52,1.212,1,2187,0,94.973,1.624,-0.938,-94.125,12.625,-0.156,-0.145,1.070,-1.473,0.684,0.926,0.018,0.184,1.095,1.394,3,NULL,NULL,,3,0,2,7,255,1174,250,0,0
stim,129322,159443,0,159443,3356759.455,-0.751,-0.001,0.018,-0.660,0,0,2941,0,3083,1602,2959,2975,52,1.212,1,2187,0,98.517,1.428,8.000,-97.875,7.875,-0.184,-0.105,1.047,-1.031,0.988,0.773,0.010,0.194,1.095,1.394,3,NULL,NULL,,3,0,2,7,255,1174,250,0,0
stim,129322,159443,0,159443,3356764.453,-0.751,-0.003,0.014,-0.660,0,0,2935,0,3091,1447,2973,2973,52,1.212,1,2187,0,102.858,1.656,19.125,-101.063,-0.688,-0.176,-0.125,1.059,-0.945,1.359,0.645,0.008,0.202,1.095,1.394,3,NULL,NULL,,3,0,2,7,255,1174,250,0,0
stim,129322,159443,0,159443,3356769.455,-0.751,-0.005,0.010,-0.660,0,0,2920,0,3089,1309,2985,2981,52,1.212,1,2187,0,107.201,1.656,23.438,-104.500,-4.750,-0.082,-0.188,1.082,-0.945,1.359,0.645,0.014,0.212,1.095,1.394,3,NULL,NULL,,3,0,2,7,255,1174,250,0,0
stim,129342,159463,0,159463,3356774.454,-0.751,-0.008,0.006,-0.660,0,0,2920,0,3087,1157,2995,2967,52,1.212,1,2187,0,110.619,1.471,25.563,-107.625,-0.063,-0.105,-0.160,1.133,-1.219,0.824,0.871,0.028,0.222,1.095,1.394,3,NULL,NULL,,3,0,2,7,255,1174,250,0,0
stim,129342,159463,0,159463,3356779.455,-0.752,-0.010,0.002,-0.660,0,0,2899,0,3095,967,2991,2969,52,1.212,1,2187,0,114.085,1.471,23.125,-111.688,2.563,-0.105,-0.105,1.156,-1.219,0.824,1.375,0.046,0.236,1.095,1.394,3,NULL,NULL,,3,0,2,7,255,1174,250,0,0
stim,129342,159463,0,159463,3356784.454,-0.752,-0.013,-0.002,-0.659,0,0,2877,0,3091,747,3001,2949,52,1.212,1,2187,0,117.710,1.227,20.313,-115.938,-1.250,-0.141,-0.027,1.172,-0.711,1.000,1.543,0.066,0.252,1.095,1.394,3,NULL,NULL,,3,0,2,7,255,1174,250,0,0
stim,129342,159463,0,159463,3356789.455,-0.752,-0.015,-0.007,-0.659,0,0,2867,0,3099,601,3007,2937,52,1.212,1,2187,0,122.985,1.141,20.500,-121.188,-4.313,-0.082,-0.008,1.211,-0.020,1.141,1.652,0.088,0.272,1.095,1.394,3,NULL,NULL,,3,0,2,7,255,1174,250,0,0
stim,129363,159484,0,159484,3356794.454,-0.752,-0.018,-0.011,-0.659,0,0,2844,0,3105,475,3013,2933,52,1.212,1,2187,0,127.575,1.162,17.438,-126.375,0.750,-0.035,0.051,1.242,0.223,1.141,2.004,0.114,0.296,1.095,1.394,3,NULL,NULL,,3,0,2,7,255,1174,250,0,0
stim,129363,159484,0,159484,3356799.457,-0.752,-0.021,-0.016,-0.659,0,0,2825,0,3095,326,3023,2919,52,1.212,1,2187,0,131.640,1.396,11.750,-130.938,6.813,-0.039,0.121,1.250,0.805,1.141,2.293,0.142,0.324,1.095,1.394,3,NULL,NULL,,3,0,2,7,255,1174,250,0,0
stim,129395,159516,0,159516,3356804.453,-0.752,-0.025,-0.021,-0.658,0,0,2792,0,3108,157,3023,2903,52,1.212,1,2187,0,138.288,1.860,7.875,-137.563,11.750,-0.051,0.156,1.270,1.457,1.156,2.348,0.174,0.356,1.095,1.394,3,NULL,NULL,,3,0,2,7,255,1174,250,0,0
stim,129395,159516,0,159516,3356809.455,-0.753,-0.028,-0.026,-0.657,0,0,2757,0,3109,99,3030,2891,52,1.212,1,2187,0,143.510,2.318,5.688,-142.813,12.938,-0.047,0.203,1.270,1.773,1.492,2.457,0.210,0.394,1.095,1.394,3,NULL,NULL,,3,0,2,7,255,1174,250,0,0
stim,129395,159516,0,159516,3356814.453,-0.753,-0.032,-0.031,-0.657,0,0,2723,0,3099,35,3038,2857,52,1.212,1,2187,0,150.320,2.724,5.875,-149.750,11.688,-0.051,0.246,1.297,2.172,1.645,2.508,0.252,0.438,1.095,1.394,3,NULL,NULL,,3,0,2,7,255,1174,250,0,0
stim,129395,159516,0,159516,3356819.455,-0.753,-0.037,-0.036,-0.656,0,0,2683,0,3107,1,3045,2837,52,1.212,1,2187,0,154.562,3.227,2.813,-154.188,10.375,-0.043,0.266,1.340,2.586,1.930,2.711,0.298,0.486,1.095,1.394,3,NULL,NULL,,3,0,2,7,255,1174,250,0,0
stim,129395,159516,0,159516,3356824.454,-0.753,-0.041,-0.041,-0.655,0,0,2635,0,3097,0,3051,2797,52,1.212,1,2187,0,161.285,3.425,2.938,-161.125,6.563,-0.070,0.270,1.316,2.711,2.094,2.809,0.346,0.536,1.095,1.394,3,NULL,NULL,,3,0,2,7,255,1174,250,0,0
stim,129395,159516,0,159516,3356829.455,-0.753,-0.046,-0.047,-0.654,0,0,2572,0,3099,0,3049,2779,52,1.212,1,2187,0,168.682,3.450,-1.125,-168.500,7.750,0.047,0.266,1.504,2.742,2.094,3.117,0.396,0.588,1.095,1.394,3,NULL,NULL,,3,0,2,7,255,1174,250,0,0
stim,129395,159516,0,159516,3356834.453,-0.754,-0.051,-0.052,-0.653,0,0,2521,0,3089,0,3050,2723,52,1.212,1,2187,0,174.476,3.485,-13.313,-171.938,26.500,0.059,0.250,1.684,2.723,2.176,4.758,0.450,0.644,1.095,1.394,3,NULL,NULL,,3,0,2,7,255,1174,250,0,0
stim,129395,159516,0,159516,3356839.455,-0.755,-0.057,-0.057,-0.651,0,0,2457,0,3091,0,3053,2683,52,1.212,1,2187,0,189.916,3.513,-27.625,-181.000,50.438,-0.078,0.273,1.738,2.758,2.176,6.488,0.512,0.708,1.095,1.394,3,NULL,NULL,,3,0,2,7,255,1174,250,0,0
stim,129395,159516,0,159516,3356844.453,-0.756,-0.064,-0.062,-0.648,0,0,2395,0,3077,1,3050,2642,52,1.212,1,2187,0,205.409,4.714,-41.250,-193.438,55.438,-0.234,0.258,1.785,2.723,3.848,6.758,0.582,0.782,1.095,1.394,3,NULL,NULL,,3,0,2,7,255,1174,250,0,0
stim,129395,159516,0,159516,3356849.455,-0.757,-0.072,-0.067,-0.646,0,0,2326,0,3079,31,3051,2573,52,1.212,1,2187,0,218.097,6.324,-57.000,-204.750,48.938,-0.297,0.332,1.773,2.758,5.691,6.758,0.662,0.864,1.095,1.394,3,NULL,NULL,,3,0,2,7,255,1174,250,0,0
stim,129427,159548,0,159548,3356854.454,-0.757,-0.080,-0.072,-0.644,0,0,2223,0,3049,53,3058,2487,52,1.212,1,2187,0,233.124,7.330,-67.875,-218.438,45.000,-0.301,0.320,1.809,2.965,6.703,6.691,0.748,0.954,1.095,1.394,3,NULL,NULL,,3,0,2,7,255,1174,250,0,0
stim,129427,159548,0,159548,3356859.456,-0.758,-0.090,-0.077,-0.642,0,0,2125,0,3043,61,3043,2397,52,1.212,1,2187,0,248.324,7.721,-85.375,-230.813,33.188,-0.305,0.297,1.770,2.965,7.129,6.500,0.838,1.046,1.095,1.394,3,NULL,NULL,,3,0,2,7,255,1174,250,0,0
stim,129427,159548,0,159548,3356864.454,-0.758,-0.100,-0.083,-0.640,0,0,2019,0,3032,74,3039,2293,52,1.212,1,2187,0,263.916,7.888,-87.063,-246.500,36.188,-0.277,0.281,1.813,2.789,7.379,6.457,0.930,1.142,1.095,1.394,3,NULL,NULL,,3,0,2,7,255,1174,250,0,0
stim,129427,159548,0,159548,3356869.455,-0.757,-0.110,-0.088,-0.637,0,0,1917,0,3021,95,3027,2199,52,1.212,1,2187,0,285.029,8.075,-101.625,-263.063,41.375,-0.371,0.258,1.828,2.758,7.590,6.172,1.016,1.232,1.095,1.394,3,NULL,NULL,,3,0,2,7,255,1174,250,0,0
stim,129427,159548,0,159548,3356874.454,-0.757,-0.122,-0.094,-0.635,0,0,1820,0,2999,109,2999,2104,52,1.212,1,2187,0,301.075,9.271,-104.813,-280.500,31.313,-0.367,0.340,1.879,2.758,8.852,6.305,1.094,1.314,1.095,1.394,3,NULL,NULL,,3,0,2,7,255,1174,250,0,0
stim,129427,159548,0,159548,3356879.455,-0.756,-0.134,-0.100,-0.633,0,0,1722,0,2983,117,2982,2028,52,1.212,1,2187,0,324.149,9.939,-123.000,-298.188,32.063,-0.309,0.391,1.840,3.344,9.359,6.172,1.160,1.384,1.095,1.394,3,NULL,NULL,,3,0,2,7,255,1174,250,0,0
stim,129455,159576,0,159576,3356884.453,-0.755,-0.147,-0.108,-0.630,0,0,1617,0,2963,119,2953,1957,52,1.212,1,2187,0,336.082,10.330,-109.188,-316.438,29.938,-0.297,0.445,1.926,4.012,9.520,6.234,1.214,1.442,1.095,1.394,3,NULL,NULL,,3,0,2,7,255,1174,250,0,0
stim,129455,159576,0,159576,3356889.457,-0.754,-0.159,-0.115,-0.627,0,0,1500,0,2915,125,2901,1861,52,1.212,1,2187,0,348.747,11.133,-104.313,-331.375,30.563,-0.344,0.445,2.137,4.664,10.109,6.234,1.262,1.494,1.095,1.394,3,NULL,NULL,,3,0,2,7,255,1174,250,0,0
stim,129455,159576,0,159576,3356894.454,-0.753,-0.172,-0.124,-0.623,0,0,1448,0,2876,119,2859,1751,52,1.212,1,2187,0,364.694,12.689,-96.313,-350.625,28.063,-0.512,0.391,2.461,4.664,11.801,7.637,1.320,1.556,1.095,1.394,3,NULL,NULL,,3,0,2,7,255,1174,250,0,0
stim,129455,159576,0,159576,3356899.455,-0.750,-0.186,-0.133,-0.620,0,0,1367,0,2824,95,2794,1653,52,1.212,1,2187,0,386.540,15.743,-116.938,-368.125,14.938,-0.555,0.410,2.629,4.406,15.113,9.555,1.394,1.634,1.095,1.394,3,NULL,NULL,,3,0,2,7,255,1174,250,0,0
stim,129491,159612,0,159612,3356904.454,-0.747,-0.200,-0.142,-0.617,0,0,1241,0,2759,84,2707,1522,52,1.212,1,2187,0,401.690,17.395,-113.938,-385.188,1.938,-0.625,0.379,2.844,4.160,16.891,10.262,1.476,1.718,1.095,1.394,3,NULL,NULL,,3,0,2,7,255,1174,250,0,0
stim,129491,159612,0,159612,3356909.455,-0.743,-0.215,-0.151,-0.615,0,0,1095,0,2683,59,2587,1364,52,1.212,1,2187,0,418.473,19.649,-134.125,-395.813,-21.500,-0.617,0.551,2.934,4.406,19.148,11.012,1.562,1.808,1.095,1.394,3,NULL,NULL,,3,0,2,7,255,1174,250,0,0
stim,129491,159612,0,159612,3356914.453,-0.738,-0.231,-0.160,-0.613,0,0,937,0,2572,55,2442,1212,52,1.212,1,2187,0,439.902,21.110,-162.875,-406.938,-37.250,-0.563,0.469,2.879,5.492,20.383,11.012,1.648,1.896,1.095,1.394,3,NULL,NULL,,3,0,2,7,255,1174,250,0,0
stim,129491,159612,0,159612,3356919.455,-0.733,-0.248,-0.169,-0.611,0,0,797,0,2424,0,2267,1056,52,1.212,1,2187,0,455.640,21.110,-179.875,-416.125,-45.750,-0.391,0.324,2.773,5.492,20.383,10.184,1.734,1.984,1.095,1.394,3,NULL,NULL,,3,0,2,7,255,1174,250,0,0
stim,129491,159612,0,159612,3356924.454,-0.727,-0.266,-0.178,-0.608,0,0,653,0,2228,0,1995,933,52,1.212,1,2187,0,476.733,19.543,-195.688,-434.188,-21.500,-0.359,-0.145,2.406,4.605,18.992,9.660,1.814,2.066,1.095,1.394,3,NULL,NULL,,3,0,2,7,255,1174,250,0,0
stim,129491,159612,0,159612,3356929.455,-0.722,-0.284,-0.187,-0.603,0,0,475,0,1991,0,1702,799,52,1.212,1,2187,0,491.683,16.867,-197.313,-450.313,6.188,-0.148,-0.313,1.934,0.078,16.867,7.043,1.888,2.140,1.095,1.394,3,NULL,NULL,,3,0,2,7,255,1174,250,0,0
stim,129491,159612,0,159612,3356934.454,-0.716,-0.301,-0.197,-0.598,0,0,315,0,1700,0,1303,649,52,1.212,1,2187,0,486.057,12.940,-157.063,-459.938,6.375,-0.027,-0.430,1.355,-1.410,12.863,4.414,1.944,2.200,1.095,1.394,3,NULL,NULL,,3,0,2,7,255,1174,250,0,0
stim,129491,159612,0,159612,3356939.455,-0.712,-0.316,-0.209,-0.591,0,0,233,0,1391,0,742,507,52,1.212,1,2187,0,478.520,8.817,-83.500,-470.375,27.500,0.133,-0.250,1.148,-1.410,8.703,0.711,1.998,2.256,1.095,1.394,3,NULL,NULL,,3,0,2,7,255,1174,250,0,0
stim,129491,159612,0,159612,3356944.454,-0.709,-0.329,-0.223,-0.583,0,0,133,0,1047,0,228,435,52,1.212,1,2187,0,475.805,8.758,11.563,-473.813,41.938,0.020,0.020,1.590,-0.977,8.703,0.711,2.050,2.312,1.095,1.394,3,NULL,NULL,,3,0,2,7,255,1174,250,0,0
stim,129491,159612,0,159612,3356949.455,-0.708,-0.340,-0.237,-0.572,0,0,111,0,585,0,0,348,52,1.212,1,2187,0,490.642,11.207,45.125,-479.000,96.188,-0.391,0.004,2.234,0.883,11.172,0.836,2.100,2.364,1.095,1.394,3,NULL,NULL,,3,0,2,7,255,1174,250,0,0
stim,129530,159651,0,159651,3356954.453,-0.707,-0.355,-0.249,-0.559,0,0,109,0,216,0,0,285,52,1.212,1,2187,0,514.964,18.993,-12.438,-489.625,159.063,-0.730,0.012,2.453,0.883,18.973,0.836,2.140,2.408,1.095,1.394,3,NULL,NULL,,3,0,2,7,255,1174,250,0,0
stim,129530,159651,0,159651,3356959.455,-0.705,-0.371,-0.259,-0.547,0,0,47,0,0,0,0,147,52,1.212,1,2187,0,530.562,22.342,-86.813,-493.688,173.875,-0.895,0.313,2.141,0.883,22.324,-0.320,2.168,2.440,1.095,1.394,3,NULL,NULL,,3,0,2,7,255,1174,250,0,0
stim,129530,159651,0,159651,3356964.453,-0.701,-0.389,-0.267,-0.536,0,0,29,0,0,0,0,85,52,1.212,1,2187,0,518.430,22.412,-156.688,-470.188,152.125,-0.813,0.910,1.496,1.984,22.324,-5.129,2.190,2.464,1.095,1.394,3,NULL,NULL,,3,0,2,7,255,1174,250,0,0
stim,129530,159651,0,159651,3356969.455,-0.695,-0.406,-0.274,-0.526,0,0,27,0,0,0,0,9,52,1.212,1,2187,0,481.426,18.814,-181.063,-431.563,112.875,-0.457,1.559,1.086,7.227,17.371,-10.547,2.210,2.484,1.095,1.394,4,NULL,NULL,,3,0,2,7,255,1174,250,0,0
stim,129530,159651,0,159651,3356974.454,-0.690,-0.421,-0.279,-0.519,0,0,38,0,0,0,0,45,52,1.212,1,2187,0,435.113,18.867,-187.063,-382.563,89.313,-0.316,1.664,1.109,13.953,12.699,-12.137,2.226,2.504,1.095,1.394,0,NULL,NULL,,3,0,2,7,255,1174,250,0,0
stim,129530,159651,0,159651,3356979.455,-0.684,-0.437,-0.282,-0.512,0,0,37,0,0,0,0,77,52,1.212,1,2187,0,423.028,18.560,-231.063,-340.438,98.313,-0.223,0.910,1.207,13.953,12.238,-12.137,2.238,2.518,1.095,1.394,0,NULL,NULL,,3,0,2,7,255,1174,250,0,0
stim,129551,159672,0,159672,3356984.453,-0.677,-0.451,-0.282,-0.508,0,0,41,0,0,0,0,103,52,1.212,1,2187,0,366.198,14.857,-252.125,-258.063,62.750,-0.066,0.074,1.191,8.723,12.027,-9.172,2.244,2.528,1.095,1.394,0,NULL,NULL,,3,0,2,7,255,1174,250,0,0
stim,129551,159672,0,159672,3356989.455,-0.672,-0.462,-0.282,-0.506,0,0,31,0,0,0,0,135,52,1.212,1,2187,0,283.097,10.871,-213.250,-180.875,44.188,-0.250,-0.484,1.051,1.590,10.754,-6.082,2.250,2.536,1.095,1.394,0,NULL,NULL,,3,0,2,7,255,1174,250,0,0
stim,129551,159672,0,159672,3356994.453,-0.668,-0.470,-0.280,-0.504,0,0,37,0,0,0,0,148,52,1.212,1,2187,0,218.423,11.352,-179.000,-116.188,46.563,-0.531,-0.367,1.223,-3.637,10.754,-6.082,2.256,2.544,1.095,1.394,0,NULL,NULL,,3,0,2,7,255,1174,250,0,0
stim,129551,159672,0,159672,3356999.455,-0.664,-0.478,-0.276,-0.505,0,0,35,0,0,0,0,141,52,1.212,1,2187,0,216.678,12.304,-212.375,-38.813,18.438,-0.660,-0.168,1.027,-3.637,11.754,-8.266,2.262,2.552,1.095,1.394,0,NULL,NULL,,3,0,2,7,255,1174,250,0,0
stim,129602,159723,0,159723,3357004.454,-0.659,-0.484,-0.270,-0.509,0,0,38,0,0,0,0,117,52,1.212,1,2187,0,251.537,11.986,-248.563,38.375,3.875,-0.598,0.168,0.332,-2.348,11.754,-10.887,2.270,2.564,1.095,1.394,0,NULL,NULL,,3,0,2,7,255,1174,250,0,0
stim,129602,159723,0,159723,3357009.455,-0.656,-0.488,-0.262,-0.513,0,0,31,0,0,0,0,91,52,1.212,1,2187,0,233.262,5.293,-208.188,104.938,7.563,-0.555,0.625,-0.316,-0.012,5.293,-14.168,2.284,2.578,1.095,1.394,0,NULL,NULL,,3,0,2,7,255,1174,250,0,0
stim,129602,159723,0,159723,3357014.454,-0.655,-0.487,-0.255,-0.518,0,0,27,0,0,0,0,87,52,1.212,1,2187,0,186.101,3.246,-104.750,153.813,-1.688,-0.602,0.723,-0.332,3.164,-0.727,-17.918,2.300,2.598,1.095,1.394,0,NULL,NULL,,3,0,2,7,255,1174,250,0,0
stim,129602,159723,0,159723,3357019.455,-0.656,-0.484,-0.250,-0.523,0,0,27,0,0,0,0,82,52,1.212,1,2187,0,190.550,3.246,-32.875,186.875,-17.500,-0.598,0.375,0.172,3.164,-0.727,-17.918,2.324,2.624,1.095,1.394,0,NULL,NULL,,3,0,2,7,255,1174,250,0,0
stim,129602,159723,0,159723,3357024.454,-0.657,-0.480,-0.243,-0.528,0,0,23,0,0,0,0,79,52,1.212,1,2187,0,214.311,4.281,-38.500,210.188,-16.375,-0.508,0.035,0.438,1.742,3.910,-15.441,2.350,2.652,1.095,1.394,0,NULL,NULL,,3,0,2,7,255,1174,250,0,0
stim,129602,159723,0,159723,3357029.455,-0.658,-0.476,-0.235,-0.534,0,0,25,0,0,0,0,83,52,1.212,1,2187,0,235.241,3.959,-66.938,225.500,2.688,-0.438,-0.016,0.227,-0.449,3.934,-12.328,2.382,2.686,1.095,1.394,0,NULL,NULL,,3,0,2,7,255,1174,250,0,0
stim,129602,159723,0,159723,3357034.454,-0.659,-0.473,-0.227,-0.539,0,0,24,0,0,0,0,89,52,1.212,1,2187,0,242.126,3.959,-59.625,233.750,20.750,-0.441,0.172,-0.180,-0.449,3.934,-12.328,2.416,2.724,1.095,1.394,0,NULL,NULL,,3,0,2,7,255,1174,250,0,0
stim,129602,159723,0,159723,3357039.457,-0.662,-0.468,-0.219,-0.543,0,0,22,0,0,0,0,77,52,1.212,1,2187,0,238.775,0.574,-12.188,236.938,26.938,-0.453,0.328,-0.383,-0.348,0.457,-14.742,2.454,2.764,1.095,1.394,0,NULL,NULL,,3,0,2,7,255,1174,250,0,0
stim,129602,159723,0,159723,3357044.454,-0.665,-0.461,-0.213,-0.547,0,0,20,0,0,0,0,73,52,1.212,1,2187,0,243.464,0.685,39.625,238.438,29.188,-0.434,0.336,-0.297,0.539,-0.422,-15.840,2.498,2.808,1.095,1.394,0,NULL,NULL,,3,0,2,7,255,1174,250,0,0
stim,129602,159723,0,159723,3357049.455,-0.670,-0.453,-0.207,-0.551,0,0,21,0,0,0,0,71,52,1.212,1,2187,0,252.612,0.909,67.438,240.625,36.938,-0.406,0.266,-0.109,0.805,-0.422,-15.840,2.542,2.856,1.095,1.394,0,NULL,NULL,,3,0,2,7,255,1174,250,0,0
stim,129602,159723,0,159723,3357054.454,-0.674,-0.446,-0.201,-0.554,0,0,19,0,0,0,0,73,52,1.212,1,2187,0,259.200,1.374,76.563,242.938,48.000,-0.410,0.242,-0.020,0.805,1.113,-14.449,2.588,2.904,1.095,1.394,0,NULL,NULL,,3,0,2,7,255,1174,250,0,0
stim,129602,159723,0,159723,3357059.455,-0.679,-0.438,-0.195,-0.556,0,0,21,0,0,0,0,63,52,1.212,1,2187,0,264.504,2.141,87.750,243.188,55.875,-0.445,0.254,0.012,0.805,1.984,-14.012,2.634,2.952,1.095,1.394,0,NULL,NULL,,3,0,2,7,255,1174,250,0,0
stim,129634,159755,0,159755,3357064.453,-0.684,-0.429,-0.189,-0.558,0,0,24,0,0,0,0,69,52,1.212,1,2187,0,270.200,2.689,105.563,242.063,57.188,-0.484,0.254,0.102,0.887,2.539,-13.891,2.678,3.000,1.095,1.394,0,NULL,NULL,,3,0,2,7,255,1174,250,0,0
stim,129634,159755,0,159755,3357069.457,-0.690,-0.420,-0.184,-0.561,0,0,21,0,0,0,0,63,52,1.212,1,2187,0,274.152,3.707,118.625,241.313,53.438,-0.484,0.246,0.266,1.012,3.566,-13.746,2.724,3.046,1.095,1.394,0,NULL,NULL,,3,0,2,7,255,1174,250,0,0
stim,129634,159755,0,159755,3357074.454,-0.695,-0.410,-0.179,-0.563,0,0,25,0,0,0,0,65,52,1.212,1,2187,0,275.704,5.081,120.625,243.063,48.813,-0.449,0.246,0.426,1.320,4.906,-12.711,2.764,3.090,1.095,1.394,0,NULL,NULL,,3,0,2,7,255,1174,250,0,0
stim,129634,159755,0,159755,3357079.455,-0.700,-0.401,-0.173,-0.565,0,0,21,0,0,0,0,60,52,1.212,1,2187,0,276.642,6.250,115.750,247.063,45.750,-0.426,0.250,0.555,1.816,5.980,-11.414,2.800,3.128,1.095,1.394,0,NULL,NULL,,3,0,2,7,255,1174,250,0,0
stim,129634,159755,0,159755,3357084.454,-0.704,-0.392,-0.168,-0.568,0,0,21,0,0,0,0,57,52,1.212,1,2187,0,278.590,7.162,109.438,252.688,42.250,-0.430,0.246,0.660,2.234,6.805,-10.367,2.830,3.160,1.095,1.394,0,NULL,NULL,,3,0,2,7,255,1174,250,0,0
stim,129634,159755,0,159755,3357089.455,-0.709,-0.382,-0.162,-0.571,0,0,21,0,0,0,0,55,52,1.212,1,2187,0,281.154,7.994,102.438,259.563,34.375,-0.457,0.230,0.762,2.402,7.625,-9.563,2.856,3.188,1.095,1.394,0,NULL,NULL,,3,0,2,7,255,1174,250,0,0
stim,129664,159785,0,159785,3357094.453,-0.712,-0.373,-0.156,-0.574,0,0,19,0,0,0,0,61,52,1.212,1,2187,0,284.912,8.853,92.063,268.688,22.500,-0.457,0.215,0.844,2.434,8.512,-8.828,2.880,3.216,1.095,1.394,0,NULL,NULL,,3,0,2,7,255,1174,250,0,0
stim,129664,159785,0,159785,3357099.455,-0.716,-0.363,-0.149,-0.578,0,0,21,0,0,0,0,59,52,1.212,1,2187,0,291.249,9.383,79.063,280.125,10.250,-0.434,0.207,0.887,2.477,9.051,-8.043,2.902,3.240,1.095,1.394,0,NULL,NULL,,3,0,2,7,255,1174,250,0,0
stim,129696,159817,0,159817,3357104.453,-0.718,-0.354,-0.141,-0.582,0,0,21,0,0,0,0,60,52,1.212,1,2187,0,300.679,9.425,65.313,293.500,0.375,-0.402,0.195,0.898,2.629,9.051,-7.332,2.924,3.262,1.095,1.394,0,NULL,NULL,,3,0,2,7,255,1174,250,0,0
stim,129696,159817,0,159817,3357109.455,-0.720,-0.344,-0.133,-0.587,0,0,19,0,0,0,0,61,52,1.212,1,2187,0,312.349,9.260,54.688,307.438,-7.313,-0.391,0.168,0.867,2.629,8.879,-6.797,2.944,3.284,1.095,1.394,0,NULL,NULL,,3,0,2,7,255,1174,250,0,0
stim,129696,159817,0,159817,3357114.453,-0.722,-0.334,-0.125,-0.592,0,0,23,0,0,0,0,60,52,1.212,1,2187,0,324.921,8.821,49.813,320.688,-15.875,-0.395,0.148,0.820,2.426,8.480,-6.645,2.964,3.306,1.095,1.394,0,NULL,NULL,,3,0,2,7,255,1174,250,0,0
stim,129696,159817,0,159817,3357119.455,-0.724,-0.324,-0.116,-0.598,0,0,21,0,0,0,0,59,52,1.212,1,2187,0,336.994,8.402,51.125,332.063,-26.188,-0.391,0.141,0.777,2.199,8.109,-6.645,2.988,3.330,1.095,1.394,0,NULL,NULL,,3,0,2,7,255,1174,250,0,0
stim,129696,159817,0,159817,3357124.454,-0.725,-0.313,-0.108,-0.604,0,0,20,0,0,0,0,61,52,1.212,1,2187,0,347.490,7.983,56.000,341.125,-35.313,-0.363,0.129,0.762,2.094,7.703,-6.645,3.012,3.356,1.095,1.394,0,NULL,NULL,,3,0,2,7,255,1174,250,0,0
stim,129696,159817,0,159817,3357129.455,-0.726,-0.301,-0.099,-0.610,0,0,21,0,0,0,0,56,52,1.212,1,2187,0,355.499,7.556,62.500,347.500,-41.438,-0.336,0.117,0.754,2.090,7.262,-6.402,3.036,3.382,1.095,1.394,0,NULL,NULL,,3,0,2,7,255,1174,250,0,0
stim,129696,159817,0,159817,3357134.453,-0.727,-0.290,-0.091,-0.616,0,0,23,0,0,0,0,59,52,1.212,1,2187,0,361.385,7.171,71.500,351.250,-45.938,-0.301,0.098,0.750,2.078,6.863,-6.035,3.064,3.410,1.095,1.394,0,NULL,NULL,,3,0,2,7,255,1174,250,0,0
stim,129696,159817,0,159817,3357139.455,-0.728,-0.277,-0.083,-0.622,0,0,22,0,0,0,0,57,52,1.212,1,2187,0,365.910,6.749,83.563,352.625,-50.625,-0.211,0.078,0.746,2.063,6.426,-5.648,3.092,3.438,1.095,1.394,0,NULL,NULL,,3,0,2,7,255,1174,250,0,0
stim,129696,159817,0,159817,3357144.453,-0.728,-0.264,-0.075,-0.628,0,0,23,0,0,0,0,69,52,1.212,1,2187,0,369.482,5.827,96.625,352.813,-52.000,-0.043,0.020,0.703,2.023,5.465,-5.000,3.118,3.468,1.095,1.394,0,NULL,NULL,,3,0,2,7,255,1174,250,0,0
stim,129696,159817,0,159817,3357149.455,-0.729,-0.251,-0.068,-0.633,0,0,25,0,0,0,0,79,52,1.212,1,2187,0,370.533,4.015,118.063,349.125,-38.313,0.023,0.000,0.672,1.742,3.617,-4.281,3.146,3.496,1.095,1.394,0,NULL,NULL,,3,0,2,7,255,1174,250,0,0
stim,129729,159850,0,159850,3357154.454,-0.731,-0.237,-0.061,-0.637,0,0,23,0,0,0,0,77,52,1.212,1,2187,0,372.704,3.425,144.625,342.625,-24.500,0.027,0.125,0.766,1.742,2.949,-4.086,3.170,3.524,1.095,1.394,0,NULL,NULL,,3,0,2,7,255,1174,250,0,0
stim,129729,159850,0,159850,3357159.457,-0.733,-0.222,-0.055,-0.641,0,0,10,0,0,0,0,81,52,1.212,1,2187,0,374.583,4.132,162.313,337.063,-18.875,0.059,0.148,0.867,2.957,2.887,-3.531,3.194,3.548,1.095,1.394,0,NULL,NULL,,3,0,2,7,255,1174,250,0,0
stim,129729,159850,0,159850,3357164.454,-0.734,-0.207,-0.050,-0.644,0,0,18,0,0,0,0,77,52,1.212,1,2187,0,376.488,4.297,179.000,331.125,-7.625,0.105,0.109,0.941,3.184,2.887,-2.477,3.214,3.568,1.095,1.394,0,NULL,NULL,,3,0,2,7,255,1174,250,0,0
stim,129729,159850,0,159850,3357169.455,-0.737,-0.191,-0.045,-0.647,0,0,20,0,0,0,0,83,52,1.212,1,2187,0,382.986,4.192,199.125,327.125,4.063,0.129,0.133,1.012,3.383,2.477,-1.438,3.230,3.588,1.095,1.394,0,NULL,NULL,,3,0,2,7,255,1174,250,0,0
stim,129729,159850,0,159850,3357174.454,-0.739,-0.175,-0.041,-0.649,0,0,18,0,0,0,0,75,52,1.212,1,2187,0,389.424,4.253,216.438,323.375,15.313,0.105,0.148,1.168,3.457,2.477,-0.676,3.244,3.604,1.095,1.394,0,NULL,NULL,,3,0,2,7,255,1174,250,0,0
stim,129729,159850,0,159850,3357179.455,-0.742,-0.159,-0.037,-0.651,0,0,19,0,0,0,0,79,52,1.212,1,2187,0,392.622,4.610,226.500,319.813,23.875,0.063,0.180,1.352,3.742,2.691,0.754,3.256,3.616,1.095,1.394,0,NULL,NULL,,3,0,2,7,255,1174,250,0,0
stim,129761,159882,0,159882,3357184.453,-0.744,-0.143,-0.033,-0.652,0,0,19,0,0,0,0,83,52,1.212,1,2187,0,390.669,5.291,225.688,317.625,28.313,0.031,0.199,1.523,4.129,3.309,2.445,3.264,3.626,1.095,1.394,0,NULL,NULL,,3,0,2,7,255,1174,250,0,0
stim,129761,159882,0,159882,3357189.455,-0.747,-0.126,-0.028,-0.653,0,0,20,0,0,0,0,83,52,1.212,1,2187,0,386.655,5.629,219.750,316.500,32.250,-0.008,0.191,1.668,4.242,3.699,4.094,3.270,3.632,1.095,1.394,0,NULL,NULL,,3,0,2,7,255,1174,250,0,0
stim,129761,159882,0,159882,3357194.454,-0.749,-0.111,-0.024,-0.653,0,0,23,0,0,0,0,85,52,1.212,1,2187,0,379.808,5.799,207.938,316.000,34.063,-0.070,0.172,1.797,4.242,3.953,5.559,3.270,3.634,1.095,1.394,0,NULL,NULL,,3,0,2,7,255,1174,250,0,0
stim,129761,159882,0,159882,3357199.455,-0.750,-0.096,-0.019,-0.654,0,0,19,0,0,0,0,85,52,1.212,1,2187,0,369.229,5.804,188.938,316.000,27.875,-0.109,0.145,1.871,3.906,4.293,6.875,3.266,3.632,1.095,1.394,0,NULL,NULL,,3,0,2,7,255,1174,250,0,0
stim,129796,159917,0,159917,3357204.453,-0.752,-0.081,-0.013,-0.654,0,0,22,0,0,0,0,84,52,1.212,1,2187,0,359.863,5.524,171.250,315.500,25.188,-0.125,0.133,1.898,3.477,4.293,7.727,3.258,3.624,1.095,1.394,0,NULL,NULL,,3,0,2,7,255,1174,250,0,0
stim,129796,159917,0,159917,3357209.455,-0.753,-0.067,-0.007,-0.655,0,0,21,0,0,0,0,86,52,1.212,1,2187,0,352.257,5.053,158.000,313.938,23.750,-0.141,0.133,1.934,3.172,3.934,8.152,3.242,3.610,1.095,1.394,0,NULL,NULL,,3,0,2,7,255,1174,250,0,0
stim,129796,159917,0,159917,3357214.453,-0.753,-0.053,-0.001,-0.655,0,0,18,0,0,0,0,91,52,1.212,1,2187,0,342.965,4.712,141.313,311.875,19.750,-0.176,0.090,1.930,3.043,3.598,8.613,3.220,3.590,1.095,1.394,0,NULL,NULL,,3,0,2,7,255,1174,250,0,0
stim,129796,159917,0,159917,3357219.455,-0.754,-0.040,0.005,-0.656,0,0,20,0,0,0,0,94,52,1.212,1,2187,0,333.792,4.124,126.750,308.438,14.750,-0.184,0.035,1.875,2.414,3.344,8.613,3.190,3.560,1.095,1.394,0,NULL,NULL,,3,0,2,7,255,1174,250,0,0
stim,129796,159917,0,159917,3357224.454,-0.754,-0.027,0.012,-0.656,0,0,23,0,0,0,0,103,52,1.212,1,2187,0,327.847,3.244,120.813,304.625,9.563,-0.172,-0.012,1.781,1.676,2.777,8.367,3.152,3.522,1.095,1.394,0,NULL,NULL,,3,0,2,7,255,1174,250,0,0
stim,129796,159917,0,159917,3357229.455,-0.754,-0.014,0.018,-0.657,0,0,22,0,0,0,0,101,52,1.212,1,2187,0,324.752,2.308,125.375,299.500,6.688,-0.164,-0.051,1.746,1.027,2.066,7.578,3.102,3.472,1.095,1.394,0,NULL,NULL,,3,0,2,7,255,1174,250,0,0
stim,129796,159917,0,159917,3357234.454,-0.753,-0.001,0.024,-0.657,0,0,21,0,0,0,0,103,52,1.212,1,2187,0,323.098,1.569,133.125,294.375,3.688,-0.172,-0.063,1.762,0.520,1.480,7.520,3.044,3.416,1.095,1.394,0,NULL,NULL,,3,0,2,7,255,1174,250,0,0
stim,129796,159917,0,159917,3357239.455,-0.753,0.012,0.030,-0.658,0,0,21,0,0,0,0,105,52,1.212,1,2187,0,322.100,1.083,140.813,289.688,-1.250,-0.152,-0.082,1.789,0.277,1.047,7.520,2.978,3.350,1.095,1.394,0,NULL,NULL,,3,0,2,7,255,1174,250,0,0
stim,129796,159917,0,159917,3357244.453,-0.752,0.025,0.035,-0.658,0,0,24,0,0,0,0,110,52,1.212,1,2187,0,323.932,0.373,151.313,286.375,-5.063,-0.105,-0.121,1.805,-0.039,0.371,7.793,2.908,3.278,1.095,1.394,0,NULL,NULL,,3,0,2,7,255,1174,250,0,0
stim,129796,159917,0,159917,3357249.455,-0.751,0.039,0.039,-0.658,0,0,25,0,0,0,0,115,52,1.212,1,2187,0,329.291,0.819,165.500,284.625,-5.563,-0.043,-0.125,1.840,-0.520,-0.633,7.945,2.830,3.200,1.095,1.394,0,NULL,NULL,,3,0,2,7,255,1174,250,0,0
stim,129824,159945,0,159945,3357254.453,-0.749,0.053,0.043,-0.659,0,0,23,0,0,0,0,115,52,1.212,1,2187,0,338.033,1.845,182.563,284.438,-5.688,0.027,-0.113,1.906,-0.660,-1.723,8.199,2.750,3.118,1.095,1.394,0,NULL,NULL,,3,0,2,7,255,1174,250,0,0
stim,129824,159945,0,159945,3357259.455,-0.748,0.067,0.047,-0.659,0,0,27,0,0,0,0,123,52,1.212,1,2187,0,348.369,3.032,199.625,285.438,-6.000,0.129,-0.125,2.016,-0.672,-2.957,8.680,2.662,3.030,1.095,1.394,0,NULL,NULL,,3,0,2,7,255,1174,250,0,0
stim,129824,159945,0,159945,3357264.454,-0.746,0.082,0.050,-0.659,0,0,23,0,0,0,0,121,52,1.212,1,2187,0,358.963,4.663,213.250,288.688,-6.188,0.293,-0.094,2.125,-0.707,-4.609,9.480,2.570,2.936,1.095,1.394,0,NULL,NULL,,3,0,2,7,255,1174,250,0,0
stim,129824,159945,0,159945,3357269.455,-0.744,0.098,0.053,-0.659,0,0,23,0,0,0,0,141,52,1.212,1,2187,0,370.843,6.869,225.750,294.188,-3.938,0.492,-0.059,2.207,-0.707,-6.832,10.094,2.472,2.836,1.095,1.394,0,NULL,NULL,,3,0,2,7,255,1174,250,0,0
stim,129846,159967,0,159967,3357274.454,-0.742,0.114,0.056,-0.658,0,0,21,0,0,0,0,149,52,1.212,1,2187,0,384.319,9.428,238.313,301.500,2.500,0.688,-0.020,2.289,-0.441,-9.418,10.273,2.372,2.732,1.095,1.394,0,NULL,NULL,,3,0,2,7,255,1174,250,0,0
stim,129846,159967,0,159967,3357279.455,-0.740,0.131,0.059,-0.657,0,0,25,0,0,0,0,148,52,1.212,1,2187,0,395.909,12.016,248.063,308.125,16.375,0.813,-0.035,2.375,-0.441,-12.008,10.371,2.268,2.626,1.095,1.394,0,NULL,NULL,,3,0,2,7,255,1174,250,0,0
stim,129846,159967,0,159967,3357284.453,-0.738,0.149,0.062,-0.655,0,0,23,0,0,0,0,147,52,1.212,1,2187,0,406.115,14.008,258.500,311.563,32.188,0.887,-0.070,2.496,-0.664,-13.992,10.457,2.164,2.520,1.095,1.394,0,NULL,NULL,,3,0,2,7,255,1174,250,0,0
stim,129846,159967,0,159967,3357289.455,-0.737,0.166,0.064,-0.652,0,0,24,0,0,0,0,150,52,1.212,1,2187,0,409.255,15.728,259.188,314.063,40.938,0.941,-0.066,2.594,-1.371,-15.668,10.938,2.056,2.410,1.095,1.394,0,NULL,NULL,,3,0,2,7,255,1174,250,0,0
stim,129846,159967,0,159967,3357294.454,-0.735,0.183,0.067,-0.650,0,0,21,0,0,0,0,154,52,1.212,1,2187,0,405.117,17.189,251.438,314.188,46.750,0.977,-0.059,2.633,-1.770,-17.098,10.938,1.946,2.298,1.095,1.394,0,NULL,NULL,,3,0,2,7,255,1174,250,0,0
stim,129846,159967,0,159967,3357299.455,-0.733,0.200,0.069,-0.646,0,0,22,0,0,0,0,156,52,1.212,1,2187,0,403.679,18.278,256.750,305.563,60.563,0.914,-0.066,2.809,-2.039,-18.164,11.137,1.830,2.180,1.095,1.394,0,NULL,NULL,,3,0,2,7,255,1174,250,0,0
stim,129895,160016,0,160016,3357304.453,-0.732,0.217,0.071,-0.643,0,0,22,0,0,0,0,157,52,1.212,1,2187,0,386.902,18.958,252.813,285.563,65.063,1.027,0.184,3.277,-2.039,-18.848,12.055,1.704,2.050,1.095,1.394,0,NULL,NULL,,3,0,2,7,255,1174,250,0,0
stim,129895,160016,0,160016,3357309.457,-0.730,0.229,0.077,-0.640,0,0,22,0,0,0,0,157,52,1.212,1,2187,0,321.706,20.993,121.188,297.750,12.375,1.109,-0.191,2.563,-2.809,-20.805,12.055,1.572,1.912,1.095,1.394,0,NULL,NULL,,3,0,2,7,255,1174,250,0,0
stim,129895,160016,0,160016,3357314.453,-0.728,0.241,0.081,-0.636,0,0,24,0,0,0,0,169,52,1.212,1,2187,0,312.361,22.146,141.750,275.188,41.813,1.449,-0.023,2.273,-1.336,-22.105,7.758,1.436,1.770,1.095,1.394,0,NULL,NULL,,3,0,2,7,255,1174,250,0,0
stim,129895,160016,0,160016,3357319.455,-0.727,0.254,0.084,-0.633,0,0,20,0,0,0,0,183,52,1.212,1,2187,0,312.728,22.904,169.938,257.375,51.750,1.516,-0.109,2.418,-2.363,-22.781,3.828,1.296,1.624,1.095,1.394,0,NULL,NULL,,3,0,2,7,255,1174,250,0,0
stim,129895,160016,0,160016,3357324.454,-0.725,0.265,0.087,-0.629,0,0,21,0,0,0,0,211,52,1.212,1,2187,0,282.847,24.517,144.500,237.875,50.375,1.504,-0.434,2.566,-2.363,-24.402,3.770,1.158,1.476,1.095,1.394,0,NULL,NULL,,3,0,2,7,255,1174,250,0,0
stim,129895,160016,0,160016,3357329.455,-0.724,0.274,0.091,-0.626,0,0,20,0,0,0,0,213,52,1.212,1,2187,0,242.038,26.176,91.250,220.125,42.438,1.633,-0.664,2.242,-5.824,-25.520,3.770,1.018,1.324,1.095,1.394,0,NULL,NULL,,3,0,2,7,255,1174,250,0,0
stim,129912,160033,0,160033,3357334.454,-0.723,0.282,0.095,-0.623,0,0,21,0,0,0,0,233,52,1.212,1,2187,0,219.267,26.257,76.500,201.125,42.125,1.797,-0.695,1.766,-6.180,-25.520,-0.613,0.880,1.168,1.095,1.394,0,NULL,NULL,,3,0,2,7,255,1174,250,0,0
stim,129912,160033,0,160033,3357339.456,-0.722,0.291,0.098,-0.620,0,0,22,0,0,0,0,249,52,1.212,1,2187,0,212.679,25.396,103.625,179.875,46.250,1.914,-0.660,1.559,-6.180,-24.633,-5.887,0.748,1.008,1.095,1.394,0,NULL,NULL,,3,0,2,7,255,1174,250,0,0
stim,129912,160033,0,160033,3357344.453,-0.721,0.299,0.099,-0.617,0,0,21,0,0,0,0,265,52,1.212,1,2187,0,210.756,25.171,127.938,161.375,44.813,2.035,-0.633,1.535,-5.176,-24.633,-8.469,0.638,0.856,1.095,1.394,0,NULL,NULL,,3,0,2,7,255,1174,250,0,0
stim,129912,160033,0,160033,3357349.455,-0.719,0.308,0.099,-0.615,0,0,20,0,0,0,0,281,52,1.212,1,2187,0,206.723,25.943,142.375,145.750,34.938,2.184,-0.766,1.609,-5.176,-25.422,-9.598,0.554,0.714,1.095,1.394,0,NULL,NULL,,3,0,2,7,255,1174,250,0,0
stim,129912,160033,0,160033,3357354.453,-0.718,0.315,0.100,-0.613,0,0,21,0,0,0,0,307,52,1.212,1,2187,0,168.096,27.700,111.188,123.063,27.375,2.516,-1.109,1.723,-5.672,-27.113,-10.598,0.496,0.576,1.095,1.394,0,NULL,NULL,,3,0,2,7,255,1174,250,0,0
stim,129912,160033,0,160033,3357359.455,-0.717,0.321,0.100,-0.610,0,0,20,0,0,0,0,325,52,1.212,1,2187,0,148.983,31.657,93.750,106.313,45.875,2.727,-1.199,1.438,-7.988,-30.633,-12.809,0.468,0.450,1.095,1.394,0,NULL,NULL,,3,0,2,7,255,1174,250,0,0
stim,129935,160056,0,160056,3357364.454,-0.717,0.327,0.099,-0.608,0,0,21,0,2,0,0,327,52,1.212,1,2187,0,153.579,31.657,109.313,86.563,64.375,2.738,-1.234,1.266,-7.988,-30.633,-16.789,0.472,0.346,1.095,1.394,0,NULL,NULL,,3,0,2,7,255,1174,250,0,0
stim,129935,160056,0,160056,3357369.456,-0.717,0.332,0.097,-0.605,0,0,21,0,19,0,0,335,52,1.212,1,2187,0,148.988,31.759,113.250,60.438,75.625,2.754,-1.297,1.516,-7.988,-30.738,-17.266,0.500,0.288,1.095,1.394,0,NULL,NULL,,3,0,2,7,255,1174,250,0,0
stim,129935,160056,0,160056,3357374.454,-0.718,0.337,0.095,-0.602,0,0,23,0,21,0,0,334,52,1.212,1,2187,0,136.057,31.079,102.563,41.375,79.250,2.414,-1.527,1.434,-8.754,-29.820,-17.266,0.524,0.290,1.095,1.394,0,NULL,NULL,,3,0,2,7,255,1174,250,0,0
stim,129935,160056,0,160056,3357379.455,-0.716,0.342,0.091,-0.601,0,0,21,0,24,0,0,335,52,1.212,1,2187,0,156.273,30.569,150.000,15.500,41.000,2.172,-1.512,1.379,-11.391,-28.367,-17.066,0.540,0.332,1.095,1.394,0,NULL,NULL,,3,0,2,7,255,1174,250,0,0
stim,129935,160056,0,160056,3357384.453,-0.714,0.347,0.085,-0.601,0,0,24,0,24,0,0,339,52,1.212,1,2187,0,173.694,30.569,171.750,-16.250,20.188,2.063,-1.086,2.098,-11.391,-28.367,-16.367,0.560,0.378,1.095,1.394,0,NULL,NULL,,3,0,2,7,255,1174,250,0,0
stim,129935,160056,0,160056,3357389.455,-0.712,0.350,0.080,-0.603,0,0,22,0,25,0,0,339,52,1.212,1,2187,0,141.118,30.694,135.063,-40.813,-2.625,1.785,-0.781,2.488,-10.156,-28.965,-9.156,0.588,0.420,1.095,1.394,0,NULL,NULL,,3,0,2,7,255,1174,250,0,0
stim,129964,160085,0,160085,3357394.454,-0.711,0.351,0.077,-0.605,0,0,4,0,12,0,0,371,52,1.212,1,2187,0,99.162,30.587,65.563,-68.563,-28.875,1.645,-0.555,2.738,-9.391,-29.109,-3.750,0.620,0.456,1.095,1.394,0,NULL,NULL,,3,0,2,7,255,1174,250,0,0
stim,129964,160085,0,160085,3357399.455,-0.711,0.350,0.071,-0.605,0,0,0,36,10,0,0,489,52,1.212,1,2187,0,128.352,30.449,63.375,-106.625,33.000,1.109,-1.133,3.227,-9.391,-28.965,-0.250,0.636,0.482,1.095,1.394,0,NULL,NULL,,3,0,2,7,255,1174,250,0,0
stim,129996,160117,0,160117,3357404.454,-0.714,0.358,0.046,-0.600,318,0,0,645,0,26,0,534,52,1.212,1,2187,0,632.268,32.833,455.625,-283.188,334.625,1.070,0.641,7.141,-15.066,-29.172,4.098,0.626,0.496,1.095,1.394,0,NULL,NULL,,3,0,2,7,255,1174,250,0,0
stim,129996,160117,0,160117,3357409.455,-0.726,0.341,0.049,-0.595,928,0,0,1237,0,182,0,605,52,1.212,1,2187,0,495.753,31.611,-421.750,-152.375,211.375,-0.902,1.090,6.242,-15.066,-27.789,40.461,0.592,0.496,1.095,1.394,0,NULL,NULL,,3,0,2,7,255,1174,250,0,0
stim,129996,160117,0,160117,3357414.453,-0.747,0.304,0.069,-0.588,1448,0,0,1621,0,455,0,651,52,1.212,1,2187,0,1088.963,28.217,-1059.688,-156.563,195.938,-0.637,2.938,1.305,-11.695,-25.680,40.461,0.554,0.486,1.095,1.394,0,NULL,NULL,,3,0,2,7,255,1174,250,0,0
stim,129996,160117,0,160117,3357419.455,-0.762,0.272,0.084,-0.582,1848,0,0,1893,0,616,0,723,52,1.212,1,2188,0,879.286,21.978,-855.250,-147.625,141.063,-0.941,2.785,-1.848,21.844,2.426,13.508,0.524,0.456,1.095,1.394,1,1197.000,23.000,,3,0,2,7,255,1174,250,0,0
stim,129996,160117,0,160117,3357424.454,-0.769,0.257,0.088,-0.579,2123,0,0,1979,0,821,0,780,52,1.212,1,2188,0,402.712,31.069,-374.938,-125.063,77.188,-1.344,0.785,-2.629,21.844,22.094,-13.105,0.506,0.408,1.095,1.394,1,NULL,NULL,,3,0,2,7,255,1174,250,0,0
stim,129996,160117,0,160117,3357429.455,-0.769,0.254,0.083,-0.580,2319,0,0,2107,0,982,0,859,52,1.212,1,2188,0,154.721,23.017,15.125,-153.813,7.188,-0.836,-0.781,-0.379,6.453,22.094,-13.105,0.496,0.352,1.095,1.394,1,NULL,NULL,,3,0,2,7,255,1174,250,0,0
stim,129996,160117,0,160117,3357434.454,-0.770,0.253,0.076,-0.581,2462,0,0,2219,0,1179,0,937,52,1.212,1,2188,0,151.191,7.266,69.375,-132.500,22.125,0.113,0.406,1.656,1.609,7.086,-11.625,0.490,0.294,1.095,1.394,1,NULL,NULL,,3,0,2,7,255,1174,250,0,0
stim,129996,160117,0,160117,3357439.455,-0.773,0.249,0.073,-0.579,2669,0,0,2487,0,1263,0,1017,52,1.212,1,2188,0,153.469,7.602,-55.500,-112.625,88.250,0.273,2.164,2.145,1.609,-7.430,4.930,0.482,0.244,1.095,1.394,1,NULL,NULL,,3,0,2,7,255,1174,250,0,0
stim,129996,160117,0,160117,3357444.453,-0.780,0.239,0.073,-0.574,2791,0,0,2659,0,1285,0,1078,52,1.212,1,2188,0,311.917,8.376,-227.313,-124.750,173.375,-0.996,1.016,1.645,3.867,-7.430,10.840,0.470,0.208,1.095,1.394,1,NULL,NULL,,3,0,2,7,255,1174,250,0,0
stim,129996,160117,0,160117,3357449.455,-0.789,0.222,0.074,-0.567,2888,0,0,2787,0,1311,0,1175,52,1.212,1,2188,0,460.544,5.218,-383.688,-171.875,188.000,-2.027,-1.164,0.594,3.867,3.504,10.840,0.460,0.190,1.095,1.394,2,NULL,NULL,,3,0,2,7,255,1174,250,0,0
stim,130025,160146,0,160146,3357454.453,-0.792,0.208,0.076,-0.569,2955,0,0,2879,0,1307,0,1268,52,1.212,1,2188,0,338.089,21.185,-293.938,-166.000,-18.688,-1.820,-1.316,-0.586,-17.789,11.504,0.047,0.456,0.182,1.095,1.394,2,NULL,NULL,,3,0,2,7,255,1174,250,0,0
stim,130025,160146,0,160146,3357459.457,-0.791,0.201,0.072,-0.573,2983,0,0,2943,0,1298,0,1335,52,1.212,1,2188,0,217.674,21.185,-65.250,-178.313,-106.438,-0.535,-0.484,-0.176,-17.789,11.504,-10.555,0.454,0.174,1.095,1.394,2,NULL,NULL,,3,0,2,7,255,1174,250,0,0
stim,130025,160146,0,160146,3357464.454,-0.789,0.198,0.066,-0.579,3017,0,0,3000,0,1315,0,1403,52,1.212,1,2188,0,212.640,7.278,58.000,-176.500,-103.438,0.293,-0.328,1.426,-6.148,3.895,-10.555,0.456,0.164,1.095,1.394,2,NULL,NULL,,3,0,2,7,255,1174,250,0,0
stim,130025,160146,0,160146,3357469.455,-0.788,0.193,0.061,-0.581,3048,0,0,3057,0,1373,0,1445,52,1.212,1,2188,0,161.465,9.577,-10.250,-155.688,-41.563,0.738,-0.430,2.117,-3.832,-8.777,1.402,0.462,0.148,1.095,1.394,2,NULL,NULL,,3,0,2,7,255,1174,250,0,0
stim,130025,160146,0,160146,3357474.455,-0.791,0.185,0.059,-0.581,3055,0,0,3097,0,1451,0,1479,52,1.212,1,2188,0,198.101,15.686,-130.625,-145.000,34.000,0.766,-0.730,1.879,-3.832,-15.211,3.609,0.476,0.130,1.095,1.394,2,NULL,NULL,,3,0,2,7,255,1174,250,0,0
stim,130025,160146,0,160146,3357479.455,-0.795,0.175,0.059,-0.577,3077,0,0,3116,0,1539,0,1510,52,1.212,1,2188,0,268.579,16.414,-206.313,-130.750,111.688,0.434,-1.059,1.055,-6.168,-15.211,3.609,0.494,0.110,1.095,1.394,2,NULL,NULL,,3,0,2,7,255,1174,250,0,0
stim,130025,160146,0,160146,3357484.453,-0.801,0.167,0.058,-0.572,3101,0,0,3148,0,1672,0,1563,52,1.212,1,2188,0,261.493,13.886,-171.313,-125.063,152.938,-0.168,-0.988,0.418,-9.313,-10.301,-3.273,0.518,0.088,1.095,1.394,2,NULL,NULL,,3,0,2,7,255,1174,250,0,0
stim,130054,160175,0,160175,3357489.455,-0.805,0.161,0.055,-0.568,3105,0,0,3160,0,1810,0,1653,52,1.212,1,2188,0,199.197,9.727,-93.313,-127.438,121.375,-0.809,-0.520,0.676,-9.313,-2.809,-3.273,0.536,0.072,1.095,1.394,2,NULL,NULL,,3,0,2,7,255,1174,250,0,0
stim,130054,160176,0,160176,3357494.453,-0.806,0.155,0.052,-0.568,3101,0,0,3167,0,1916,0,1705,52,1.212,1,2188,0,146.241,8.718,-62.438,-130.750,19.813,-0.789,0.047,1.012,-8.031,3.391,-2.254,0.548,0.064,1.095,1.394,2,NULL,NULL,,3,0,2,7,255,1174,250,0,0
stim,130054,160176,0,160176,3357499.455,-0.807,0.150,0.048,-0.569,3116,0,0,3189,0,2020,0,1757,52,1.212,1,2188,0,139.682,4.527,-45.688,-130.875,-17.188,-0.094,0.344,1.059,-3.000,3.391,0.867,0.556,0.058,1.095,1.394,2,NULL,NULL,,3,0,2,7,255,1174,250,0,0
stim,130096,160217,0,160217,3357504.454,-0.807,0.144,0.045,-0.570,3107,0,0,3180,83,2094,38,1791,52,1.212,1,2188,0,146.555,1.252,-73.750,-126.313,-9.188,-0.039,0.074,1.477,-0.461,-1.164,1.734,0.564,0.052,1.095,1.394,2,NULL,NULL,,3,0,2,7,255,1174,250,0,0
stim,130096,160217,0,160217,3357509.455,-0.809,0.137,0.044,-0.571,3103,0,0,3183,211,2195,55,1883,52,1.212,1,2188,0,172.364,3.495,-124.188,-119.438,4.625,0.051,-0.281,1.176,-0.461,-3.465,0.867,0.572,0.046,1.095,1.394,2,NULL,NULL,,3,0,2,7,255,1174,250,0,0
stim,130096,160217,0,160217,3357514.454,-0.810,0.130,0.043,-0.570,3115,0,0,3199,455,2273,135,1995,52,1.212,1,2188,0,161.584,4.669,-111.938,-114.813,19.938,0.000,-0.449,0.738,-3.129,-3.465,0.773,0.582,0.040,1.095,1.394,2,NULL,NULL,,3,0,2,7,255,1174,250,0,0
stim,130096,160217,0,160217,3357519.455,-0.811,0.126,0.040,-0.570,3121,0,0,3196,627,2301,203,2093,52,1.212,1,2188,0,105.363,5.309,-42.563,-96.375,1.250,0.020,-0.293,1.262,-3.313,-4.148,0.773,0.590,0.034,1.095,1.394,2,NULL,NULL,,3,0,2,7,255,1174,250,0,0
stim,130096,160217,0,160217,3357524.454,-0.810,0.125,0.039,-0.572,3111,0,0,3193,887,2351,182,2165,52,1.212,1,2188,0,68.636,5.309,-10.938,-54.875,-39.750,0.445,0.191,1.309,-3.313,-4.148,1.750,0.598,0.030,1.095,1.394,2,NULL,NULL,,3,0,2,7,255,1174,250,0,0
stim,130096,160217,0,160217,3357529.455,-0.810,0.123,0.037,-0.573,3115,0,0,3207,1004,2387,197,2204,52,1.212,1,2188,0,50.709,6.969,-1.188,-49.000,-13.000,0.625,0.680,1.313,2.523,-6.496,1.965,0.604,0.026,1.095,1.394,2,NULL,NULL,,3,0,2,7,255,1174,250,0,0
stim,130096,160217,0,160217,3357534.453,-0.810,0.121,0.036,-0.573,3109,0,0,3189,1111,2403,191,2252,52,1.212,1,2188,0,44.645,7.385,-30.125,-31.125,-10.813,-0.039,0.500,1.770,3.512,-6.496,2.281,0.612,0.020,1.095,1.394,2,NULL,NULL,,3,0,2,7,255,1174,250,0,0
stim,130096,160217,0,160217,3357539.455,-0.809,0.117,0.038,-0.574,3103,2,0,3192,1177,2429,195,2298,52,1.212,1,2188,0,102.574,4.107,-96.063,-18.125,-31.063,-0.184,0.121,1.070,3.512,-2.129,2.281,0.620,0.016,1.095,1.394,2,NULL,NULL,,3,0,2,7,255,1174,250,0,0
stim,130096,160217,0,160217,3357544.454,-0.809,0.114,0.040,-0.576,3101,20,0,3205,1255,2432,191,2331,52,1.212,1,2188,0,80.461,0.391,-66.188,-18.000,-42.063,-0.203,-0.016,0.660,-0.055,-0.387,0.891,0.628,0.010,1.095,1.394,2,NULL,NULL,,3,0,2,7,255,1174,250,0,0
stim,130096,160217,0,160217,3357549.455,-0.807,0.113,0.040,-0.578,3109,22,0,3208,1331,2457,201,2367,52,1.212,1,2188,0,76.508,0.854,-20.375,-16.500,-71.875,-0.215,0.031,0.977,-0.844,-0.133,-0.039,0.634,0.006,1.095,1.394,2,NULL,NULL,,3,0,2,7,255,1174,250,0,0
stim,130129,160250,0,160250,3357554.454,-0.805,0.112,0.040,-0.581,3099,56,0,3193,1431,2461,211,2393,52,1.212,1,2188,0,91.095,0.854,-22.500,-14.188,-87.125,0.039,0.152,1.152,-0.844,-0.133,-0.039,0.640,0.004,1.095,1.394,2,NULL,NULL,,3,0,2,7,255,1174,250,0,0
stim,130129,160250,0,160250,3357559.455,-0.804,0.110,0.041,-0.583,3109,61,0,3193,1513,2478,219,2427,52,1.212,1,2188,0,73.318,2.429,-47.188,-9.813,-55.250,0.211,-0.039,1.066,-0.133,-2.426,-0.039,0.646,0.000,1.095,1.394,2,NULL,NULL,,3,0,2,7,255,1174,250,0,0
stim,130129,160250,0,160250,3357564.453,-0.804,0.107,0.042,-0.584,3109,87,0,3198,1565,2492,219,2445,52,1.212,1,2188,0,58.032,2.429,-54.188,-9.563,-18.438,-0.008,-0.137,0.906,-0.133,-2.426,-0.059,0.000,0.000,1.095,1.394,2,NULL,NULL,,3,0,2,7,255,1174,250,0,0
stim,130129,160250,0,160250,3357569.455,-0.803,0.106,0.043,-0.584,3101,106,0,3195,1613,2509,217,2463,52,1.212,1,2188,0,44.415,2.429,-39.250,-8.000,-19.188,-0.219,0.020,0.871,-0.789,-2.297,-1.055,0.000,0.000,1.095,1.394,2,NULL,NULL,,3,0,2,7,255,1174,250,0,0
stim,130129,160250,0,160250,3357574.454,-0.802,0.105,0.044,-0.586,3100,117,0,3207,1644,2518,217,2487,52,1.212,1,2188,0,50.037,0.807,-24.063,-10.125,-42.688,-0.246,0.141,0.965,-0.789,0.168,-1.055,0.000,0.000,1.095,1.394,2,NULL,NULL,,3,0,2,7,255,1174,250,0,0
stim,130129,160250,0,160250,3357579.455,-0.801,0.103,0.044,-0.588,3101,142,0,3208,1699,2523,220,2503,52,1.212,1,2188,0,61.959,0.172,-23.000,-8.250,-56.938,-0.059,0.055,1.023,0.039,0.168,0.031,0.000,0.000,1.095,1.394,2,NULL,NULL,,3,0,2,7,255,1174,250,0,0
stim,130150,160271,0,160271,3357584.454,-0.800,0.102,0.044,-0.589,3103,158,12,3197,1727,2538,235,2495,52,1.212,1,2188,0,47.767,1.465,-23.813,-8.625,-40.500,0.051,-0.078,1.012,0.039,-1.465,0.031,0.000,0.000,1.095,1.394,2,NULL,NULL,,3,0,2,7,255,1174,250,0,0
stim,130150,160271,0,160271,3357589.455,-0.800,0.101,0.045,-0.590,3104,171,29,3207,1754,2547,233,2517,52,1.212,1,2188,0,29.980,2.727,-21.313,-3.375,-20.813,0.051,-0.055,0.977,-0.633,-2.652,-0.270,0.000,0.000,1.095,1.394,2,NULL,NULL,,3,0,2,7,255,1174,250,0,0
stim,130150,160271,0,160271,3357594.454,-0.800,0.100,0.045,-0.590,3102,185,25,3206,1771,2547,220,2517,52,1.212,1,2188,0,16.404,2.727,-13.125,-4.250,-8.875,-0.063,-0.012,0.988,-0.633,-2.652,-0.270,0.000,0.000,1.095,1.394,2,NULL,NULL,,3,0,2,7,255,1174,250,0,0
stim,130150,160271,0,160271,3357599.455,-0.799,0.100,0.045,-0.591,3103,197,47,3197,1787,2551,220,2515,52,1.212,1,2188,0,15.030,1.650,-10.438,-1.188,-10.750,-0.113,-0.012,1.008,-0.633,-1.523,-0.234,0.000,0.000,1.095,1.394,2,NULL,NULL,,3,0,2,7,255,1174,250,0,0
stim,130194,160315,0,160315,3357604.453,-0.799,0.099,0.046,-0.591,3115,203,73,3213,1807,2552,199,2523,52,1.212,1,2188,0,15.411,1.326,-10.375,-0.688,-11.375,-0.109,-0.023,1.008,-0.676,-1.141,0.043,0.000,0.000,1.095,1.394,2,NULL,NULL,,3,0,2,7,255,1174,250,0,0
stim,130194,160315,0,160315,3357609.457,-0.799,0.099,0.046,-0.591,3103,201,111,3196,1812,2543,175,2519,52,1.161,1,2188,1,10.804,1.279,-9.188,-1.438,-5.500,-0.113,0.008,1.016,-0.676,-1.086,0.063,0.000,0.000,1.071,1.393,2,NULL,NULL,,3,0,2,7,255,1174,250,0,0
stim,130194,160315,0,160315,3357614.454,-0.799,0.098,0.046,-0.591,3107,189,115,3196,1830,2547,167,2515,52,1.161,1,2188,1,10.150,1.126,-9.125,-0.250,-4.438,-0.137,0.059,1.027,-0.469,-1.023,0.141,0.006,0.004,1.071,1.393,2,NULL,NULL,,3,0,2,7,255,1174,250,0,0
stim,130194,160315,0,160315,3357619.455,-0.799,0.098,0.046,-0.592,3108,182,119,3205,1829,2547,155,2515,52,1.161,1,2188,1,9.503,0.694,-7.438,-0.688,-5.875,-0.145,0.066,1.027,-0.063,-0.691,0.344,0.014,0.008,1.071,1.393,2,NULL,NULL,,3,0,2,7,255,1174,250,0,0
stim,130194,160315,0,160315,3357624.454,-0.799,0.098,0.046,-0.592,3101,183,118,3197,1831,2551,155,2521,52,1.161,1,2188,1,10.600,0.692,-6.188,0.875,-8.563,-0.117,0.055,1.016,-0.035,-0.691,0.344,0.018,0.012,1.071,1.393,2,NULL,NULL,,3,0,2,7,255,1174,250,0,0
stim,130194,160315,0,160315,3357629.455,-0.799,0.097,0.046,-0.592,3107,179,123,3193,1833,2541,143,2521,52,1.161,1,2188,1,8.824,0.868,-6.625,0.438,-5.813,-0.113,0.039,1.016,-0.035,-0.867,0.207,0.024,0.016,1.071,1.393,2,NULL,NULL,,3,0,2,7,255,1174,250,0,0
stim,130194,160315,0,160315,3357634.454,-0.799,0.097,0.047,-0.592,3097,163,125,3179,1829,2543,137,2515,52,1.161,1,2188,1,7.568,0.884,-6.875,0.500,-3.125,-0.133,0.031,0.988,-0.172,-0.867,0.168,0.030,0.020,1.071,1.393,2,NULL,NULL,,3,0,2,7,255,1174,250,0,0
stim,130194,160315,1,160315,3357639.455,-0.798,0.097,0.047,-0.592,3087,161,139,3131,1827,2531,134,2501,52,1.161,1,2188,1,6.234,0.773,-5.625,-0.063,-2.688,-0.156,0.016,0.973,-0.305,-0.711,-0.059,0.034,0.024,1.071,1.393,2,NULL,NULL,,3,1,2,7,255,1174,250,0,0
stim,130212,160333,1,160333,3357644.453,-0.798,0.097,0.047,-0.592,3083,147,144,3175,1827,2527,125,2503,52,1.161,1,2188,1,4.498,0.706,-2.688,-0.563,-3.563,-0.152,0.012,0.961,-0.469,-0.527,-0.188,0.040,0.028,1.071,1.393,2,NULL,NULL,,3,1,2,7,255,1174,250,0,0
stim,130212,160333,1,160333,3357649.455,-0.798,0.097,0.047,-0.593,3081,136,142,3163,1813,2527,126,2493,52,1.161,1,2188,1,4.621,0.706,1.000,-0.813,-4.438,-0.133,0.023,0.973,-0.469,-0.527,-0.223,0.044,0.032,1.071,1.393,2,NULL,NULL,,3,1,2,7,255,1174,250,0,0
stim,130212,160333,1,160333,3357654.453,-0.798,0.096,0.047,-0.593,3063,135,155,3153,1802,2511,119,2492,52,1.161,1,2188,1,2.581,0.783,1.813,-1.500,-1.063,-0.113,0.039,1.000,-0.336,-0.707,-0.223,0.050,0.034,1.071,1.393,2,NULL,NULL,,3,1,2,7,255,1174,250,0,0
stim,130212,160333,1,160333,3357659.455,-0.798,0.096,0.046,-0.593,3061,133,152,3153,1798,2519,117,2489,52,1.161,1,2188,1,2.130,0.720,0.750,-1.313,1.500,-0.129,0.059,0.996,-0.137,-0.707,0.016,0.054,0.038,1.071,1.393,2,NULL,NULL,,3,1,2,7,255,1174,250,0,0
stim,130242,160363,1,160363,3357664.454,-0.798,0.096,0.046,-0.593,3053,123,155,3148,1791,2515,109,2489,52,1.161,1,2188,1,2.731,0.676,0.938,-1.438,2.125,-0.141,0.070,0.992,-0.023,-0.676,0.027,0.058,0.040,1.071,1.393,2,NULL,NULL,,3,1,2,7,255,1174,250,0,0
stim,130242,160363,1,160363,3357669.456,-0.798,0.096,0.046,-0.593,3049,121,158,3141,1785,2507,101,2487,52,1.161,1,2188,1,3.008,0.513,0.688,-1.875,2.250,-0.148,0.078,0.988,0.074,-0.508,0.027,0.060,0.042,1.071,1.393,2,NULL,NULL,,3,1,2,7,255,1174,250,0,0
stim,130242,160363,1,160363,3357674.454,-0.799,0.096,0.046,-0.592,3043,109,166,3127,1786,2503,99,2487,52,1.161,1,2188,1,5.342,0.432,0.875,-2.938,4.375,-0.152,0.059,0.973,0.074,-0.426,-0.004,0.060,0.042,1.071,1.393,2,NULL,NULL,,3,1,2,7,255,1174,250,0,0
stim,130242,160363,1,160363,3357679.455,-0.799,0.096,0.046,-0.592,3033,107,170,3123,1797,2493,103,2488,52,1.161,1,2188,1,7.637,0.426,2.813,-4.250,5.688,-0.180,0.086,0.965,0.082,-0.418,-0.145,0.062,0.040,1.071,1.393,2,NULL,NULL,,3,1,2,7,255,1174,250,0,0
stim,130242,160363,1,160363,3357684.453,-0.799,0.096,0.045,-0.592,3021,111,179,3102,1809,2489,108,2486,52,1.161,1,2188,1,8.606,0.111,4.875,-5.813,4.063,-0.195,0.129,0.973,0.082,-0.074,-0.145,0.062,0.040,1.071,1.393,2,NULL,NULL,,3,1,2,7,255,1174,250,0,0
stim,130242,160363,1,160363,3357689.455,-0.799,0.096,0.045,-0.592,3012,119,187,3102,1828,2489,115,2495,52,1.161,1,2188,1,9.411,0.498,5.188,-7.625,1.875,-0.203,0.156,0.992,0.453,0.207,-0.004,0.060,0.038,1.071,1.393,2,NULL,NULL,,3,1,2,7,255,1174,250,0,0
stim,130264,160385,1,160385,3357694.453,-0.799,0.096,0.044,-0.592,3000,123,226,3093,1847,2491,131,2507,52,1.161,1,2188,1,10.103,0.740,3.188,-9.563,0.688,-0.211,0.180,1.012,0.680,0.293,0.207,0.058,0.034,1.071,1.393,2,NULL,NULL,,3,1,2,7,255,1174,250,0,0
stim,130264,160385,1,160385,3357699.455,-0.799,0.096,0.044,-0.592,2987,125,261,3083,1875,2492,141,2517,52,1.161,1,2188,1,11.144,0.942,0.188,-10.938,-2.125,-0.207,0.207,1.016,0.848,0.410,0.434,0.058,0.032,1.071,1.393,2,NULL,NULL,,3,1,2,7,255,1174,250,0,0
stim,130296,160417,1,160417,3357704.454,-0.799,0.096,0.044,-0.592,2975,135,295,3069,1897,2495,149,2523,52,1.161,1,2188,1,13.788,1.190,-1.563,-11.813,-6.938,-0.168,0.207,1.020,1.117,0.410,0.434,0.054,0.026,1.071,1.393,2,NULL,NULL,,3,1,2,7,255,1174,250,0,0
stim,130296,160417,1,160417,3357709.455,-0.799,0.096,0.043,-0.593,2967,141,329,3061,1937,2495,153,2533,52,1.161,1,2188,1,13.811,1.120,-2.625,-12.000,-6.313,-0.137,0.180,1.027,1.117,0.074,0.430,0.052,0.018,1.071,1.393,2,NULL,NULL,,3,1,2,7,255,1174,250,0,0
stim,130296,160417,1,160417,3357714.454,-0.799,0.095,0.043,-0.593,2955,147,375,3053,1975,2500,159,2541,52,1.161,1,2188,1,14.493,1.119,-5.188,-11.938,-6.375,-0.113,0.176,1.023,1.082,-0.285,0.418,0.050,0.012,1.071,1.393,2,NULL,NULL,,3,1,2,7,255,1174,250,0,0
stim,130296,160417,1,160417,3357719.455,-0.798,0.095,0.042,-0.593,2935,156,456,3045,2005,2503,187,2553,52,1.161,1,2188,1,14.147,1.104,-6.688,-11.188,-5.500,-0.137,0.160,1.008,1.066,-0.285,0.359,0.050,0.006,1.071,1.393,2,NULL,NULL,,3,1,2,7,255,1174,250,0,0
stim,130296,160417,1,160417,3357724.454,-0.798,0.094,0.042,-0.593,2920,171,521,3035,2031,2505,237,2571,52,1.161,1,2188,1,15.607,0.951,-7.938,-10.750,-8.063,-0.125,0.145,1.000,0.867,-0.391,0.219,0.050,0.004,1.071,1.393,2,NULL,NULL,,3,1,2,7,255,1174,250,0,0
stim,130296,160417,1,160417,3357729.455,-0.798,0.094,0.042,-0.594,2907,186,593,3028,2067,2505,294,2584,52,1.161,1,2188,1,15.400,0.870,-6.563,-10.688,-8.938,-0.125,0.113,0.992,0.777,-0.391,0.129,0.050,0.010,1.071,1.393,2,NULL,NULL,,3,1,2,7,255,1174,250,0,0
stim,130296,160417,1,160417,3357734.453,-0.798,0.093,0.042,-0.594,2891,211,651,3020,2105,2507,311,2598,52,1.161,1,2188,1,15.424,0.607,-7.563,-9.813,-9.188,-0.137,0.102,0.977,0.465,-0.391,0.016,0.052,0.016,1.071,1.393,2,NULL,NULL,,3,1,2,7,255,1174,250,0,0
stim,130296,160417,1,160417,3357739.455,-0.798,0.093,0.041,-0.594,2875,237,719,3015,2159,2513,348,2613,52,1.161,1,2188,1,17.336,0.574,-6.375,-10.625,-12.125,-0.156,0.133,0.988,0.465,-0.336,0.016,0.054,0.020,1.071,1.393,2,NULL,NULL,,3,1,2,7,255,1174,250,0,0
stim,130296,160417,1,160417,3357744.454,-0.797,0.092,0.041,-0.595,2859,253,793,2951,2215,2509,403,2619,52,1.161,1,2188,1,20.449,0.581,-4.688,-10.250,-17.063,-0.164,0.148,1.008,0.570,-0.109,0.063,0.056,0.024,1.071,1.393,2,NULL,NULL,,3,1,2,7,255,1174,250,0,0
stim,130296,160417,1,160417,3357749.455,-0.797,0.092,0.041,-0.596,2841,249,870,2996,2255,2515,441,2635,52,1.161,1,2188,1,27.596,0.581,-10.188,-8.875,-24.063,-0.148,0.102,1.020,0.570,-0.109,0.258,0.058,0.026,1.071,1.393,2,NULL,NULL,,3,1,2,7,255,1174,250,0,0
stim,130326,160447,1,160447,3357754.454,-0.796,0.091,0.041,-0.597,2823,264,951,2987,2293,2517,481,2649,52,1.161,1,2188,1,31.274,0.435,-17.438,-8.938,-24.375,-0.109,0.051,1.008,0.328,-0.285,0.258,0.060,0.026,1.071,1.393,2,NULL,NULL,,3,1,2,7,255,1174,250,0,0
stim,130326,160447,1,160447,3357759.457,-0.796,0.090,0.042,-0.598,2799,278,1051,2981,2330,2519,555,2660,52,1.161,1,2188,1,30.819,0.735,-19.375,-9.063,-22.188,-0.117,0.000,0.965,-0.031,-0.734,0.105,0.060,0.026,1.071,1.393,2,NULL,NULL,,3,1,2,7,255,1174,250,0,0
stim,130326,160447,1,160447,3357764.453,-0.795,0.089,0.042,-0.598,2787,281,1163,2971,2363,2521,630,2671,52,1.161,1,2188,1,29.181,0.893,-17.313,-8.875,-21.750,-0.148,-0.035,0.938,-0.508,-0.734,-0.328,0.062,0.024,1.071,1.393,2,NULL,NULL,,3,1,2,7,255,1174,250,0,0
stim,130326,160447,1,160447,3357769.455,-0.795,0.088,0.042,-0.599,2771,303,1241,2963,2390,2523,763,2679,52,1.161,1,2188,1,28.380,1.040,-14.188,-9.750,-22.563,-0.148,-0.043,0.945,-0.918,-0.488,-0.473,0.064,0.022,1.071,1.393,2,NULL,NULL,,3,1,2,7,255,1174,250,0,0
stim,130326,160447,1,160447,3357774.454,-0.794,0.087,0.042,-0.600,2747,325,1306,2953,2420,2525,858,2687,52,1.161,1,2188,1,28.770,1.071,-13.750,-10.875,-22.813,-0.148,-0.043,0.961,-0.953,-0.488,-0.473,0.064,0.022,1.071,1.393,2,NULL,NULL,,3,1,2,7,255,1174,250,0,0
stim,130326,160447,1,160447,3357779.455,-0.794,0.086,0.042,-0.601,2727,334,1403,2933,2459,2531,939,2698,52,1.161,1,2188,1,27.762,1.075,-12.813,-12.125,-21.438,-0.145,-0.023,0.969,-0.953,-0.496,-0.309,0.066,0.020,1.071,1.393,2,NULL,NULL,,3,1,2,7,255,1174,250,0,0
stim,130362,160483,1,160483,3357784.454,-0.793,0.085,0.042,-0.601,2701,347,1495,2917,2471,2527,1053,2710,52,1.161,1,2188,1,27.104,0.916,-11.563,-12.750,-20.938,-0.145,0.000,0.973,-0.770,-0.496,-0.238,0.070,0.016,1.071,1.393,2,NULL,NULL,,3,1,2,7,255,1174,250,0,0
stim,130362,160483,1,160483,3357789.457,-0.793,0.084,0.042,-0.602,2675,371,1593,2907,2501,2535,1145,2727,52,1.161,1,2188,1,26.934,0.668,-11.125,-13.750,-20.313,-0.141,0.016,0.980,-0.512,-0.430,-0.184,0.070,0.016,1.071,1.393,2,NULL,NULL,,3,1,2,7,255,1174,250,0,0
stim,130362,160483,1,160483,3357794.453,-0.792,0.083,0.042,-0.603,2646,384,1653,2891,2525,2539,1231,2735,52,1.161,1,2188,1,26.765,0.564,-12.688,-15.063,-18.125,-0.152,0.016,0.992,-0.375,-0.422,-0.098,0.072,0.016,1.071,1.393,2,NULL,NULL,,3,1,2,7,255,1174,250,0,0
stim,130362,160483,1,160483,3357799.455,-0.792,0.082,0.042,-0.603,2605,391,1739,2871,2549,2541,1321,2746,52,1.161,1,2188,1,28.578,0.478,-14.188,-15.875,-19.063,-0.160,0.039,1.004,-0.371,-0.301,0.035,0.074,0.016,1.071,1.393,2,NULL,NULL,,3,1,2,7,255,1174,250,0,0
stim,130395,160516,1,160516,3357804.453,-0.792,0.081,0.041,-0.604,2557,411,1820,2853,2583,2543,1407,2759,52,1.161,1,2188,1,31.969,0.249,-15.563,-16.875,-22.250,-0.156,0.059,1.012,-0.188,-0.164,0.148,0.078,0.014,1.071,1.393,2,NULL,NULL,,3,1,2,7,255,1174,250,0,0
stim,130395,160516,1,160516,3357809.455,-0.791,0.080,0.041,-0.605,2515,425,1886,2827,2605,2548,1519,2775,52,1.161,1,2188,1,34.718,0.168,-17.875,-17.688,-23.938,-0.129,0.051,1.020,0.035,-0.164,0.223,0.080,0.014,1.071,1.393,2,NULL,NULL,,3,1,2,7,255,1174,250,0,0
stim,130395,160516,1,160516,3357814.454,-0.791,0.079,0.041,-0.606,2473,439,1941,2807,2629,2551,1592,2785,52,1.161,1,2188,1,36.625,0.427,-22.063,-18.125,-22.938,-0.117,0.023,1.020,0.035,-0.426,0.234,0.082,0.014,1.071,1.393,2,NULL,NULL,,3,1,2,7,255,1174,250,0,0
stim,130395,160516,1,160516,3357819.455,-0.790,0.077,0.041,-0.607,2421,445,2014,2788,2651,2555,1671,2797,52,1.161,1,2188,1,36.834,0.546,-24.563,-19.063,-19.750,-0.117,0.027,0.996,-0.125,-0.531,0.234,0.086,0.014,1.071,1.393,2,NULL,NULL,,3,1,2,7,255,1174,250,0,0
stim,130395,160516,1,160516,3357824.454,-0.790,0.076,0.041,-0.607,2377,459,2086,2765,2671,2551,1757,2811,52,1.161,1,2188,1,34.795,0.546,-22.250,-19.500,-18.313,-0.121,0.031,0.969,-0.125,-0.531,0.020,0.088,0.014,1.071,1.393,2,NULL,NULL,,3,1,2,7,255,1174,250,0,0
stim,130395,160516,1,160516,3357829.455,-0.789,0.074,0.041,-0.608,2315,485,2165,2733,2697,2567,1824,2813,52,1.161,1,2188,1,33.247,0.418,-18.750,-19.938,-18.875,-0.125,0.031,0.977,-0.078,-0.410,-0.168,0.090,0.012,1.071,1.393,2,NULL,NULL,,3,1,2,7,255,1174,250,0,0
stim,130414,160535,1,160535,3357834.453,-0.789,0.073,0.041,-0.609,2247,483,2229,2695,2709,2559,1899,2831,52,1.161,1,2188,1,33.207,0.418,-17.250,-20.313,-19.813,-0.125,0.012,0.996,-0.078,-0.410,-0.168,0.094,0.012,1.071,1.393,2,NULL,NULL,,3,1,2,7,255,1174,250,0,0
stim,130414,160535,1,160535,3357839.455,-0.789,0.072,0.041,-0.609,2167,485,2296,2659,2740,2557,1978,2847,52,1.161,1,2188,1,34.943,0.438,-18.625,-20.938,-20.875,-0.133,0.008,1.031,-0.227,-0.375,0.023,0.096,0.012,1.071,1.393,2,NULL,NULL,,3,1,2,7,255,1174,250,0,0
stim,130414,160535,1,160535,3357844.453,-0.788,0.070,0.041,-0.610,2095,485,2350,2619,2757,2572,2063,2861,52,1.161,1,2188,1,40.295,0.464,-25.125,-21.188,-23.313,-0.145,0.004,1.059,-0.273,-0.375,0.371,0.098,0.012,1.071,1.393,2,NULL,NULL,,3,1,2,7,255,1174,250,0,0
stim,130414,160535,1,160535,3357849.455,-0.788,0.069,0.041,-0.611,2005,485,2411,2582,2771,2571,2123,2871,52,1.161,1,2188,1,47.527,0.401,-33.313,-21.750,-26.000,-0.148,0.031,1.063,-0.273,-0.293,0.652,0.100,0.012,1.071,1.393,2,NULL,NULL,,3,1,2,7,255,1174,250,0,0
stim,130414,160535,1,160535,3357854.454,-0.787,0.067,0.041,-0.612,1927,483,2460,2525,2790,2552,2169,2879,52,1.161,1,2188,1,51.781,0.279,-36.375,-21.750,-29.750,-0.113,0.074,1.004,-0.055,-0.273,0.652,0.102,0.014,1.071,1.393,2,NULL,NULL,,3,1,2,7,255,1174,250,0,0
stim,130414,160535,1,160535,3357859.455,-0.786,0.065,0.041,-0.613,1831,475,2510,2469,2808,2569,2231,2892,52,1.161,1,2188,1,47.592,0.533,-31.063,-22.563,-28.125,-0.082,0.074,0.965,0.457,-0.273,0.102,0.102,0.014,1.071,1.393,2,NULL,NULL,,3,1,2,7,255,1174,250,0,0
stim,130414,160535,1,160535,3357864.453,-0.786,0.063,0.041,-0.614,1687,447,2547,2394,2828,2567,2288,2893,52,1.161,1,2188,1,42.993,0.677,-25.688,-23.063,-25.625,-0.098,0.035,1.012,0.457,-0.500,0.102,0.104,0.016,1.071,1.393,2,NULL,NULL,,3,1,2,7,255,1174,250,0,0
stim,130414,160535,1,160535,3357869.455,-0.785,0.062,0.041,-0.615,1563,431,2589,2299,2851,2569,2343,2907,52,1.161,1,2188,1,43.359,0.529,-26.813,-24.250,-23.938,-0.129,0.004,1.059,0.172,-0.500,0.148,0.106,0.016,1.071,1.393,2,NULL,NULL,,3,1,2,7,255,1174,250,0,0
stim,130445,160566,1,160566,3357874.454,-0.785,0.060,0.041,-0.616,1354,403,2629,2215,2861,2568,2391,2916,52,1.161,1,2188,1,48.254,0.336,-31.875,-24.500,-26.688,-0.141,0.004,1.063,-0.172,-0.289,0.652,0.108,0.016,1.071,1.393,2,NULL,NULL,,3,1,2,7,255,1174,250,0,0
stim,130445,160566,1,160566,3357879.457,-0.784,0.058,0.041,-0.616,1223,359,2655,2119,2873,2565,2451,2924,52,1.161,1,2188,1,51.287,0.243,-34.000,-24.875,-29.250,-0.137,0.031,1.066,-0.172,-0.172,0.707,0.110,0.018,1.071,1.393,2,NULL,NULL,,3,1,2,7,255,1174,250,0,0
stim,130445,160566,1,160566,3357884.454,-0.783,0.056,0.041,-0.618,1055,354,2692,1989,2893,2553,2491,2931,52,1.161,1,2188,1,54.451,0.202,-36.125,-25.375,-31.875,-0.117,0.082,1.063,0.148,-0.137,0.707,0.112,0.018,1.071,1.393,2,NULL,NULL,,3,1,2,7,255,1174,250,0,0
stim,130445,160566,0,160566,3357889.455,-0.783,0.054,0.041,-0.619,901,309,2731,1832,2903,2547,2535,2936,52,1.161,1,2188,1,56.127,0.707,-36.500,-25.813,-33.938,-0.117,0.094,1.059,0.699,-0.105,0.684,0.114,0.020,1.071,1.393,2,NULL,NULL,,3,0,2,7,255,1180,250,0,0
stim,130445,160566,0,160566,3357894.454,-0.782,0.052,0.041,-0.620,669,283,2765,1643,2920,2537,2582,2941,52,1.161,1,2188,1,58.799,0.786,-38.500,-27.625,-34.813,-0.141,0.090,1.098,0.781,-0.082,0.684,0.116,0.022,1.071,1.393,2,NULL,NULL,,3,0,2,7,255,1180,250,0,0
stim,130445,160566,0,160566,3357899.455,-0.781,0.050,0.041,-0.621,483,207,2809,1397,2938,2532,2621,2951,52,1.161,1,2188,1,62.301,0.789,-40.500,-29.375,-37.125,-0.156,0.090,1.121,0.781,0.113,1.020,0.120,0.024,1.071,1.393,2,NULL,NULL,,3,0,2,7,255,1180,250,0,0
stim,130496,160617,0,160617,3357904.453,-0.780,0.047,0.041,-0.622,298,175,2835,1131,2963,2520,2663,2969,52,1.161,1,2188,1,65.601,0.789,-44.375,-31.438,-36.688,-0.109,0.094,1.117,0.781,0.113,1.195,0.120,0.028,1.071,1.393,2,NULL,NULL,,3,0,2,7,255,1180,250,0,0
stim,130496,160617,0,160617,3357909.457,-0.779,0.045,0.041,-0.623,139,140,2852,917,2965,2495,2683,2963,52,1.161,1,2188,1,68.946,0.795,-46.750,-33.313,-38.188,-0.137,0.074,1.102,0.781,0.148,1.195,0.116,0.032,1.071,1.393,2,NULL,NULL,,3,0,2,7,255,1180,250,0,0
stim,130496,160617,0,160617,3357914.453,-0.778,0.042,0.041,-0.625,40,71,2885,661,2985,2475,2726,2969,52,1.161,1,2188,1,73.219,0.761,-46.250,-37.125,-42.938,-0.137,0.070,1.086,0.746,0.148,1.043,0.112,0.036,1.071,1.393,2,NULL,NULL,,3,0,2,7,255,1180,250,0,0
stim,130496,160617,0,160617,3357919.455,-0.777,0.040,0.041,-0.626,4,33,2903,454,2998,2451,2744,2987,52,1.161,1,2188,0,75.564,0.761,-40.875,-40.625,-48.875,-0.098,0.086,1.070,0.746,0.148,0.898,0.110,0.040,1.071,1.393,2,NULL,NULL,,3,0,2,7,255,1180,250,0,0
stim,130496,160617,0,160617,3357924.454,-0.776,0.037,0.040,-0.628,0,6,2921,298,3007,2421,2777,2991,52,1.161,1,2188,0,74.916,1.012,-33.125,-44.750,-50.125,-0.043,0.129,1.027,1.008,-0.090,0.711,0.108,0.044,1.071,1.393,2,NULL,NULL,,3,0,2,7,255,1180,250,0,0
stim,130496,160617,0,160617,3357929.455,-0.775,0.035,0.039,-0.630,0,0,2932,199,3007,2381,2805,2984,52,1.161,1,2188,0,73.875,1.514,-25.125,-47.375,-50.813,-0.082,0.137,1.020,1.512,-0.090,0.207,0.106,0.048,1.071,1.393,2,NULL,NULL,,3,0,2,7,255,1180,250,0,0
stim,130496,160617,0,160617,3357934.454,-0.774,0.034,0.037,-0.631,0,0,2940,124,3031,2343,2814,2989,52,1.161,1,2188,0,65.745,1.512,11.938,-57.625,-29.313,-0.297,-0.016,1.242,1.512,0.016,0.207,0.102,0.052,1.071,1.393,2,NULL,NULL,,3,0,2,7,255,1180,250,0,0
stim,130496,160617,0,160617,3357939.455,-0.774,0.034,0.034,-0.631,0,0,2963,77,3037,2315,2843,2997,52,1.161,1,2188,0,89.116,1.600,52.625,-71.313,-9.313,-0.523,-0.160,1.758,-0.266,1.578,2.613,0.098,0.058,1.071,1.393,2,NULL,NULL,,3,0,2,7,255,1180,250,0,0
stim,130496,160617,0,160617,3357944.453,-0.774,0.032,0.030,-0.631,0,0,2965,41,3039,2273,2868,2985,52,1.161,1,2188,0,86.919,2.432,24.500,-83.375,-1.813,-0.410,-0.094,1.887,-1.141,2.148,7.863,0.094,0.064,1.071,1.393,2,NULL,NULL,,3,0,2,7,255,1180,250,0,0
stim,130496,160617,0,160617,3357949.455,-0.774,0.027,0.030,-0.632,0,0,2968,6,3051,2217,2890,2990,52,1.161,1,2188,0,124.870,2.783,-92.313,-77.813,-31.875,-0.117,-0.215,1.402,-1.770,2.148,7.863,0.090,0.070,1.071,1.393,3,NULL,NULL,,3,0,2,7,255,1180,250,0,0
stim,130521,160642,0,160642,3357954.454,-0.774,0.021,0.030,-0.633,0,0,2972,0,3061,2141,2900,2999,52,1.161,1,2188,0,129.216,1.810,-99.063,-82.250,-10.875,-0.074,-0.305,0.867,-1.770,-0.379,4.027,0.086,0.076,1.071,1.393,3,NULL,NULL,,3,0,2,7,255,1180,250,0,0
stim,130521,160642,0,160642,3357959.455,-0.774,0.018,0.028,-0.632,0,0,2971,0,3063,2066,2917,2987,52,1.161,1,2188,0,100.602,1.810,-33.750,-91.813,23.500,-0.168,-0.168,0.773,-1.770,-0.379,-1.176,0.082,0.084,1.071,1.393,3,NULL,NULL,,3,0,2,7,255,1180,250,0,0
stim,130521,160642,0,160642,3357964.454,-0.775,0.015,0.025,-0.631,0,0,2984,0,3067,1951,2926,2987,52,1.161,1,2188,0,99.598,1.815,8.688,-98.125,14.688,-0.285,-0.078,0.914,-1.641,0.777,-1.176,0.078,0.090,1.071,1.393,3,NULL,NULL,,3,0,2,7,255,1180,250,0,0
stim,130521,160642,0,160642,3357969.455,-0.775,0.013,0.021,-0.631,0,0,2983,0,3076,1845,2951,2989,52,1.161,1,2188,0,104.835,2.441,21.313,-102.563,-4.125,-0.285,-0.145,1.137,-1.516,1.914,-0.699,0.074,0.098,1.071,1.393,3,NULL,NULL,,3,0,2,7,255,1180,250,0,0
stim,130542,160663,0,160663,3357974.454,-0.775,0.011,0.017,-0.632,0,0,2967,0,3081,1719,2956,2983,52,1.161,1,2188,0,108.282,2.441,16.500,-106.750,-7.563,-0.223,-0.262,1.262,-1.516,1.914,1.500,0.070,0.108,1.071,1.393,3,NULL,NULL,,3,0,2,7,255,1180,250,0,0
stim,130542,160663,0,160663,3357979.455,-0.775,0.008,0.014,-0.632,0,0,2955,0,3083,1579,2965,2983,52,1.161,1,2188,0,110.781,2.756,4.125,-110.625,-4.188,-0.188,-0.324,1.211,-2.504,1.152,2.211,0.068,0.116,1.071,1.393,3,NULL,NULL,,3,0,2,7,255,1180,250,0,0
stim,130542,160663,0,160663,3357984.453,-0.775,0.005,0.010,-0.632,0,0,2941,0,3087,1401,2967,2979,52,1.161,1,2188,0,114.772,2.636,1.438,-114.750,-1.750,-0.152,-0.230,1.160,-2.504,0.824,2.211,0.066,0.124,1.071,1.393,3,NULL,NULL,,3,0,2,7,255,1180,250,0,0
stim,130542,160663,0,160663,3357989.455,-0.775,0.002,0.006,-0.631,0,0,2939,0,3092,1211,2985,2969,52,1.161,1,2188,0,120.313,2.301,4.438,-120.188,3.250,-0.121,-0.086,1.191,-2.148,0.824,1.910,0.066,0.132,1.071,1.393,3,NULL,NULL,,3,0,2,7,255,1180,250,0,0
stim,130542,160663,0,160663,3357994.454,-0.776,-0.001,0.002,-0.631,0,0,2921,0,3101,1003,2985,2979,52,1.161,1,2188,0,126.104,1.130,8.063,-125.375,10.875,-0.141,0.008,1.234,-0.695,0.891,1.910,0.064,0.140,1.071,1.393,3,NULL,NULL,,3,0,2,7,255,1180,250,0,0
stim,130563,160684,0,160684,3357999.455,-0.776,-0.004,-0.003,-0.631,0,0,2889,0,3091,741,2997,2956,52,1.161,1,2188,0,134.115,1.392,12.938,-133.313,6.875,-0.234,0.125,1.234,0.125,1.387,2.203,0.060,0.148,1.071,1.393,3,NULL,NULL,,3,0,2,7,255,1180,250,0,0
stim,130593,160714,0,160714,3358004.454,-0.776,-0.007,-0.009,-0.630,0,0,2871,0,3131,591,3001,2939,52,1.161,1,2188,0,143.055,2.145,19.250,-141.750,-1.063,-0.133,0.160,1.262,1.020,1.887,2.277,0.054,0.156,1.071,1.393,3,NULL,NULL,,3,0,2,7,255,1180,250,0,0
stim,130593,160714,0,160714,3358009.455,-0.776,-0.010,-0.014,-0.630,0,0,2841,0,3095,441,3008,2929,52,1.161,1,2188,0,149.119,2.408,23.875,-147.188,1.563,-0.082,0.152,1.332,1.496,1.887,2.477,0.048,0.162,1.071,1.393,3,NULL,NULL,,3,0,2,7,255,1180,250,0,0
stim,130593,160714,0,160714,3358014.453,-0.777,-0.014,-0.020,-0.629,0,0,2806,0,3096,233,3017,2911,52,1.161,1,2188,0,155.741,2.152,14.063,-154.438,14.375,-0.039,0.223,1.402,1.500,1.543,3.172,0.040,0.170,1.071,1.393,3,NULL,NULL,,3,0,2,7,255,1180,250,0,0
stim,130593,160714,0,160714,3358019.455,-0.777,-0.018,-0.026,-0.628,0,0,2765,0,3096,122,3023,2890,52,1.161,1,2188,0,162.715,2.690,5.563,-161.250,21.063,-0.113,0.270,1.391,2.203,1.543,3.668,0.030,0.178,1.071,1.393,3,NULL,NULL,,3,0,2,7,255,1180,250,0,0
stim,130593,160714,0,160714,3358024.454,-0.778,-0.023,-0.031,-0.628,0,0,2722,0,3096,41,3032,2853,52,1.161,1,2188,0,168.830,3.464,-7.000,-168.000,15.188,-0.094,0.305,1.344,2.438,2.461,3.668,0.016,0.188,1.071,1.393,3,NULL,NULL,,3,0,2,7,255,1180,250,0,0
stim,130593,160714,0,160714,3358029.455,-0.778,-0.028,-0.037,-0.627,0,0,2667,0,3090,2,3039,2831,52,1.161,1,2188,0,172.248,3.750,-3.688,-171.750,12.563,-0.074,0.355,1.340,2.785,2.512,3.152,0.010,0.200,1.071,1.393,3,NULL,NULL,,3,0,2,7,255,1180,250,0,0
stim,130593,160714,0,160714,3358034.454,-0.778,-0.032,-0.043,-0.626,0,0,2619,0,3090,0,3035,2789,52,1.161,1,2188,0,179.242,3.833,0.750,-179.125,6.438,-0.207,0.254,1.410,2.785,2.633,3.152,0.016,0.212,1.071,1.393,3,NULL,NULL,,3,0,2,7,255,1180,250,0,0
stim,130593,160714,0,160714,3358039.455,-0.778,-0.037,-0.049,-0.626,0,0,2551,0,3091,0,3037,2757,52,1.161,1,2188,0,188.385,4.268,-3.750,-188.313,3.625,-0.059,0.313,1.684,2.816,3.207,3.637,0.030,0.226,1.071,1.393,3,NULL,NULL,,3,0,2,7,255,1180,250,0,0
stim,130593,160714,0,160714,3358044.453,-0.778,-0.043,-0.055,-0.624,0,0,2471,0,3069,0,3043,2685,52,1.161,1,2188,0,195.822,4.418,-15.375,-194.125,20.625,-0.152,0.238,1.965,1.980,3.949,6.414,0.048,0.242,1.071,1.393,3,NULL,NULL,,3,0,2,7,255,1180,250,0,0
stim,130593,160714,0,160714,3358049.455,-0.779,-0.050,-0.061,-0.623,0,0,2392,0,3065,1,3039,2628,52,1.161,1,2188,0,214.572,5.052,-37.500,-207.938,37.375,-0.258,0.285,2.070,2.059,4.613,8.984,0.070,0.262,1.071,1.393,3,NULL,NULL,,3,0,2,7,255,1180,250,0,0
stim,130635,160756,0,160756,3358054.453,-0.779,-0.058,-0.067,-0.620,0,0,2303,0,3048,29,3043,2555,52,1.161,1,2188,0,238.583,6.539,-58.625,-225.375,51.875,-0.395,0.359,2.105,2.059,6.207,9.684,0.094,0.288,1.071,1.393,3,NULL,NULL,,3,0,2,7,255,1180,250,0,0
stim,130635,160756,0,160756,3358059.457,-0.780,-0.068,-0.072,-0.618,0,0,2200,0,3035,59,3031,2451,52,1.161,1,2188,0,263.476,8.514,-91.688,-242.688,46.000,-0.477,0.438,2.008,2.469,8.148,9.684,0.124,0.320,1.071,1.393,3,NULL,NULL,,3,0,2,7,255,1180,250,0,0
stim,130635,160756,0,160756,3358064.454,-0.780,-0.079,-0.078,-0.616,0,0,2091,0,3035,69,3029,2347,52,1.161,1,2188,0,282.650,9.764,-103.750,-260.313,36.938,-0.445,0.469,1.895,3.078,9.266,8.355,0.156,0.354,1.071,1.393,3,NULL,NULL,,3,0,2,7,255,1180,250,0,0
stim,130635,160756,0,160756,3358069.455,-0.780,-0.090,-0.085,-0.614,0,0,1981,0,3019,77,3007,2251,52,1.161,1,2188,0,302.382,9.898,-110.125,-279.125,37.375,-0.387,0.469,1.828,3.480,9.266,7.059,0.190,0.390,1.071,1.393,3,NULL,NULL,,3,0,2,7,255,1180,250,0,0
stim,130635,160756,0,160756,3358074.455,-0.779,-0.102,-0.092,-0.611,0,0,1854,0,2983,101,2979,2117,52,1.161,1,2188,0,319.770,9.964,-106.125,-299.438,36.438,-0.344,0.473,1.918,3.664,9.266,6.988,0.228,0.430,1.071,1.393,3,NULL,NULL,,3,0,2,7,255,1180,250,0,0
stim,130635,160756,0,160756,3358079.455,-0.779,-0.114,-0.099,-0.609,0,0,1756,0,2963,112,2955,1999,52,1.161,1,2188,0,336.212,10.101,-111.875,-314.813,37.625,-0.340,0.574,2.012,3.828,9.348,6.988,0.268,0.474,1.071,1.393,3,NULL,NULL,,3,0,2,7,255,1180,250,0,0
stim,130660,160781,0,160781,3358084.453,-0.778,-0.127,-0.107,-0.606,0,0,1668,0,2923,121,2923,1897,52,1.161,1,2188,0,354.173,11.049,-117.000,-332.688,32.688,-0.496,0.516,2.160,4.016,10.293,7.523,0.312,0.522,1.071,1.393,3,NULL,NULL,,3,0,2,7,255,1180,250,0,0
stim,130660,160781,0,160781,3358089.456,-0.777,-0.140,-0.116,-0.603,0,0,1583,0,2877,107,2873,1769,52,1.161,1,2188,0,366.687,13.279,-100.500,-351.063,33.375,-0.656,0.566,2.570,4.176,12.605,8.094,0.360,0.572,1.071,1.393,3,NULL,NULL,,3,0,2,7,255,1180,250,0,0
stim,130660,160781,0,160781,3358094.453,-0.775,-0.154,-0.125,-0.601,0,0,1503,0,2871,89,2815,1637,52,1.161,1,2188,0,387.268,16.695,-119.563,-368.250,8.563,-0.855,0.625,2.852,4.176,16.164,10.809,0.414,0.626,1.071,1.393,3,NULL,NULL,,3,0,2,7,255,1180,250,0,0
stim,130660,160781,0,160781,3358099.455,-0.771,-0.170,-0.134,-0.598,0,0,1404,0,2765,79,2735,1509,52,1.161,1,2188,0,424.436,20.262,-164.500,-391.250,-3.000,-0.848,0.598,2.863,4.281,19.805,11.402,0.472,0.688,1.071,1.393,3,NULL,NULL,,3,0,2,7,255,1180,250,0,0
stim,130693,160814,0,160814,3358104.454,-0.767,-0.186,-0.143,-0.597,0,0,1273,0,2686,73,2618,1361,52,1.161,1,2188,0,448.024,20.262,-189.938,-404.063,-37.188,-0.695,0.469,2.660,4.281,19.805,11.402,0.536,0.756,1.071,1.393,3,NULL,NULL,,3,0,2,7,255,1180,250,0,0
stim,130693,160814,0,160814,3358109.455,-0.762,-0.203,-0.152,-0.596,0,0,1099,0,2596,43,2478,1237,52,1.161,1,2188,0,459.101,19.133,-187.313,-417.250,-39.875,-0.574,0.305,2.465,3.570,18.797,9.625,0.612,0.834,1.071,1.393,3,NULL,NULL,,3,0,2,7,255,1180,250,0,0
stim,130693,160814,0,160814,3358114.454,-0.757,-0.220,-0.162,-0.594,0,0,887,0,2450,0,2283,1076,52,1.161,1,2188,0,460.546,18.101,-164.750,-428.938,-31.188,-0.531,0.250,2.547,2.398,17.941,8.262,0.698,0.922,1.071,1.393,3,NULL,NULL,,3,0,2,7,255,1180,250,0,0
stim,130693,160814,0,160814,3358119.455,-0.752,-0.237,-0.172,-0.590,0,0,718,0,2279,0,2007,971,52,1.161,1,2188,0,474.875,17.756,-175.875,-440.875,-14.250,-0.492,0.055,2.477,2.156,17.625,7.996,0.788,1.016,1.071,1.393,3,NULL,NULL,,3,0,2,7,255,1180,250,0,0
stim,130693,160814,0,160814,3358124.454,-0.747,-0.255,-0.182,-0.586,0,0,529,0,2037,0,1694,809,52,1.161,1,2188,0,499.652,17.632,-193.688,-460.563,4.438,-0.398,-0.293,2.078,0.488,17.625,7.484,0.882,1.112,1.071,1.393,3,NULL,NULL,,3,0,2,7,255,1180,250,0,0
stim,130693,160814,0,160814,3358129.455,-0.742,-0.273,-0.193,-0.582,0,0,391,0,1767,0,1287,669,52,1.161,1,2188,0,505.402,14.987,-183.500,-470.750,12.375,-0.172,-0.441,1.469,-2.656,14.750,4.785,0.972,1.206,1.071,1.393,3,NULL,NULL,,3,0,2,7,255,1180,250,0,0
stim,130715,160836,0,160836,3358134.453,-0.737,-0.289,-0.205,-0.576,0,0,252,0,1463,0,763,541,52,1.161,1,2188,0,490.790,10.283,-114.125,-477.000,17.938,0.035,-0.434,1.023,-3.492,9.672,1.141,1.058,1.294,1.071,1.393,3,NULL,NULL,,3,0,2,7,255,1180,250,0,0
stim,130715,160836,0,160836,3358139.455,-0.733,-0.302,-0.219,-0.568,0,0,198,0,1147,0,283,439,52,1.161,1,2188,0,485.121,9.396,-5.938,-484.250,28.438,0.023,-0.160,1.344,-3.492,8.723,0.094,1.130,1.370,1.071,1.393,3,NULL,NULL,,3,0,2,7,255,1180,250,0,0
stim,130715,160836,0,160836,3358144.454,-0.731,-0.313,-0.235,-0.558,0,0,115,0,775,0,0,367,52,1.161,1,2188,0,497.032,8.765,56.000,-489.250,67.375,-0.328,0.051,2.102,-0.855,8.723,0.094,1.190,1.434,1.071,1.393,3,NULL,NULL,,3,0,2,7,255,1180,250,0,0
stim,130715,160836,0,160836,3358149.455,-0.730,-0.326,-0.249,-0.547,0,0,103,0,359,0,0,319,52,1.161,1,2188,0,511.768,17.129,11.938,-496.375,124.000,-0.668,0.156,2.555,0.117,17.129,1.590,1.250,1.496,1.071,1.393,3,NULL,NULL,,3,0,2,7,255,1180,250,0,0
stim,130715,160836,0,160836,3358154.454,-0.727,-0.342,-0.260,-0.535,0,0,79,0,22,0,0,215,52,1.161,1,2188,0,534.234,23.248,-82.250,-501.188,165.688,-0.945,0.359,2.309,0.262,23.246,1.590,1.314,1.562,1.071,1.393,3,NULL,NULL,,3,0,2,7,255,1180,250,0,0
stim,130715,160836,0,160836,3358159.455,-0.723,-0.361,-0.269,-0.523,0,0,27,0,0,0,0,149,52,1.161,1,2188,0,542.349,23.265,-162.750,-489.188,168.375,-1.039,0.785,1.641,0.949,23.246,-3.434,1.388,1.640,1.071,1.393,4,NULL,NULL,,3,0,2,7,255,1180,250,0,0
stim,130715,160836,0,160836,3358164.453,-0.718,-0.379,-0.277,-0.514,0,0,30,0,0,0,0,61,52,1.161,1,2188,0,513.777,20.461,-188.500,-460.438,128.188,-0.793,1.242,1.156,4.406,19.980,-10.156,1.476,1.730,1.071,1.393,4,NULL,NULL,,3,0,2,7,255,1180,250,0,0
stim,130715,160836,0,160836,3358169.455,-0.712,-0.395,-0.284,-0.506,0,0,35,0,0,0,0,57,52,1.161,1,2188,0,468.019,17.991,-182.250,-422.563,85.250,-0.602,1.426,1.156,9.227,15.445,-12.762,1.568,1.824,1.071,1.393,0,NULL,NULL,,3,0,2,7,255,1180,250,0,0
stim,130744,160865,0,160865,3358174.454,-0.706,-0.412,-0.288,-0.499,0,0,31,0,0,0,0,105,52,1.161,1,2188,0,448.690,17.405,-240.500,-363.875,105.250,-0.613,1.145,1.223,9.227,14.758,-12.762,1.658,1.916,1.071,1.393,0,NULL,NULL,,3,0,2,7,255,1180,250,0,0
stim,130744,160865,0,160865,3358179.457,-0.698,-0.429,-0.288,-0.495,0,0,31,0,0,0,0,159,52,1.161,1,2188,0,441.890,17.108,-321.875,-291.125,83.125,-0.340,0.793,0.891,8.863,14.633,-12.383,1.744,2.004,1.071,1.393,0,NULL,NULL,,3,0,2,7,255,1180,250,0,0
stim,130744,160865,0,160865,3358184.454,-0.691,-0.442,-0.288,-0.494,0,0,39,0,0,0,0,188,52,1.161,1,2188,0,331.176,11.993,-272.375,-187.500,18.250,-0.242,0.059,0.480,6.508,10.074,-11.121,1.824,2.086,1.071,1.393,0,NULL,NULL,,3,0,2,7,255,1180,250,0,0
stim,130744,160865,0,160865,3358189.455,-0.687,-0.449,-0.287,-0.493,0,0,37,0,0,0,0,198,52,1.161,1,2188,0,200.910,9.051,-159.938,-120.813,13.750,-0.453,-0.473,0.859,-0.063,9.051,-9.953,1.900,2.164,1.071,1.393,0,NULL,NULL,,3,0,2,7,255,1180,250,0,0
stim,130744,160865,0,160865,3358194.453,-0.684,-0.455,-0.285,-0.494,0,0,36,0,0,0,0,201,52,1.161,1,2188,0,161.587,10.489,-153.938,-48.688,6.563,-0.688,-0.445,1.270,-5.301,9.051,-8.793,1.966,2.232,1.071,1.393,0,NULL,NULL,,3,0,2,7,255,1180,250,0,0
stim,130744,160865,0,160865,3358199.455,-0.679,-0.461,-0.280,-0.498,0,0,35,0,0,0,0,163,52,1.161,1,2188,0,237.975,11.512,-235.125,33.375,-15.313,-0.676,-0.066,0.848,-5.301,10.219,-8.793,2.026,2.296,1.071,1.393,0,NULL,NULL,,3,0,2,7,255,1180,250,0,0
stim,130797,160918,0,160918,3358204.453,-0.675,-0.466,-0.271,-0.504,0,0,39,0,0,0,0,125,52,1.161,1,2188,0,276.214,10.433,-254.625,105.813,-16.250,-0.496,0.535,-0.145,-2.102,10.219,-11.746,2.082,2.354,1.071,1.393,0,NULL,NULL,,3,0,2,7,255,1180,250,0,0
stim,130797,160918,0,160918,3358209.457,-0.673,-0.467,-0.263,-0.509,0,0,35,0,0,0,0,107,52,1.161,1,2188,0,224.177,3.047,-159.688,157.250,-5.250,-0.461,0.797,-0.598,2.906,0.914,-16.395,2.132,2.406,1.071,1.393,0,NULL,NULL,,3,0,2,7,255,1180,250,0,0
stim,130797,160918,0,160918,3358214.454,-0.674,-0.464,-0.257,-0.514,0,0,35,0,0,0,0,105,52,1.161,1,2188,0,194.202,2.941,-42.750,189.438,0.313,-0.574,0.531,-0.242,2.906,0.453,-17.410,2.170,2.448,1.071,1.393,0,NULL,NULL,,3,0,2,7,255,1180,250,0,0
stim,130797,160918,0,160918,3358219.455,-0.676,-0.459,-0.251,-0.518,0,0,28,0,0,0,0,101,52,1.161,1,2188,0,214.029,2.468,-8.250,213.813,-4.938,-0.621,0.145,0.285,2.426,0.453,-17.410,2.198,2.478,1.071,1.393,0,NULL,NULL,,3,0,2,7,255,1180,250,0,0
stim,130797,160918,0,160918,3358224.454,-0.678,-0.455,-0.243,-0.524,0,0,26,0,0,0,0,101,52,1.161,1,2188,0,234.025,5.293,-35.000,231.375,-2.875,-0.535,-0.016,0.328,-0.359,5.281,-14.082,2.220,2.500,1.071,1.393,0,NULL,NULL,,3,0,2,7,255,1180,250,0,0
stim,130797,160918,0,160918,3358229.455,-0.680,-0.451,-0.235,-0.529,0,0,24,0,0,0,0,95,52,1.161,1,2188,0,246.588,5.330,-46.313,241.688,15.750,-0.453,0.094,-0.012,-0.723,5.281,-13.766,2.238,2.522,1.071,1.393,0,NULL,NULL,,3,0,2,7,255,1180,250,0,0
stim,130797,160918,0,160918,3358234.453,-0.683,-0.446,-0.227,-0.533,0,0,24,0,0,0,0,95,52,1.161,1,2188,0,249.182,2.230,-11.813,246.438,34.938,-0.492,0.297,-0.273,-0.723,2.109,-13.766,2.258,2.544,1.071,1.393,0,NULL,NULL,,3,0,2,7,255,1180,250,0,0
stim,130797,160918,0,160918,3358239.455,-0.686,-0.439,-0.220,-0.536,0,0,27,0,0,0,0,93,52,1.161,1,2188,0,255.214,1.172,38.188,249.250,39.375,-0.566,0.395,-0.234,0.477,1.070,-16.031,2.272,2.562,1.071,1.393,0,NULL,NULL,,3,0,2,7,255,1180,250,0,0
stim,130797,160918,0,160918,3358244.453,-0.691,-0.432,-0.213,-0.540,0,0,25,0,0,0,0,83,52,1.161,1,2188,0,264.125,1.625,69.250,252.313,36.125,-0.566,0.375,-0.043,1.223,1.070,-16.031,2.284,2.574,1.071,1.393,0,NULL,NULL,,3,0,2,7,255,1180,250,0,0
stim,130797,160918,0,160918,3358249.455,-0.695,-0.423,-0.207,-0.543,0,0,25,0,0,0,0,77,52,1.161,1,2188,0,269.814,3.020,79.250,254.938,39.063,-0.531,0.305,0.098,1.223,2.762,-15.656,2.292,2.584,1.071,1.393,0,NULL,NULL,,3,0,2,7,255,1180,250,0,0
stim,130827,160948,0,160948,3358254.454,-0.700,-0.415,-0.200,-0.545,0,0,22,0,0,0,0,74,52,1.161,1,2188,0,273.919,3.969,85.375,255.938,47.313,-0.543,0.277,0.168,1.168,3.793,-14.316,2.296,2.592,1.071,1.393,0,NULL,NULL,,3,0,2,7,255,1180,250,0,0
stim,130827,160948,0,160948,3358259.455,-0.705,-0.406,-0.194,-0.548,0,0,23,0,0,0,0,73,52,1.161,1,2188,0,276.988,4.636,95.188,255.438,49.125,-0.598,0.273,0.254,1.016,4.523,-13.809,2.304,2.600,1.071,1.393,0,NULL,NULL,,3,0,2,7,255,1180,250,0,0
stim,130827,160948,0,160948,3358264.454,-0.710,-0.397,-0.188,-0.551,0,0,28,0,0,0,0,75,52,1.161,1,2188,0,277.995,5.721,103.563,254.625,41.500,-0.625,0.250,0.391,0.980,5.637,-13.590,2.312,2.612,1.071,1.393,0,NULL,NULL,,3,0,2,7,255,1180,250,0,0
stim,130827,160948,0,160948,3358269.455,-0.714,-0.388,-0.182,-0.553,0,0,25,0,0,0,0,71,52,1.161,1,2188,0,276.689,6.976,104.125,254.438,31.250,-0.594,0.238,0.543,0.980,6.906,-12.734,2.324,2.626,1.071,1.393,0,NULL,NULL,,3,0,2,7,255,1180,250,0,0
stim,130827,160948,0,160948,3358274.454,-0.718,-0.379,-0.176,-0.556,0,0,21,0,0,0,0,68,52,1.161,1,2188,0,274.856,7.983,98.188,255.688,23.000,-0.539,0.254,0.660,1.258,7.883,-11.387,2.338,2.642,1.071,1.393,0,NULL,NULL,,3,0,2,7,255,1180,250,0,0
stim,130827,160948,0,160948,3358279.455,-0.722,-0.370,-0.170,-0.560,0,0,24,0,0,0,0,66,52,1.161,1,2188,0,275.032,8.635,91.000,259.063,15.750,-0.500,0.266,0.734,1.801,8.445,-10.148,2.358,2.664,1.071,1.393,0,NULL,NULL,,3,0,2,7,255,1180,250,0,0
stim,130849,160970,0,160970,3358284.453,-0.725,-0.361,-0.164,-0.563,0,0,22,0,0,0,0,61,52,1.161,1,2188,0,278.745,8.988,83.438,265.875,6.875,-0.480,0.234,0.805,2.152,8.727,-9.250,2.382,2.690,1.071,1.393,0,NULL,NULL,,3,0,2,7,255,1180,250,0,0
stim,130849,160970,0,160970,3358289.455,-0.728,-0.351,-0.157,-0.568,0,0,21,0,0,0,0,61,52,1.161,1,2188,0,285.163,9.261,73.063,275.625,-3.250,-0.469,0.180,0.848,2.152,9.008,-8.344,2.412,2.722,1.071,1.393,0,NULL,NULL,,3,0,2,7,255,1180,250,0,0
stim,130849,160970,0,160970,3358294.454,-0.730,-0.342,-0.150,-0.572,0,0,22,0,0,0,0,64,52,1.161,1,2188,0,295.095,9.269,61.938,288.188,-13.875,-0.457,0.176,0.859,1.891,9.074,-7.555,2.446,2.758,1.071,1.393,0,NULL,NULL,,3,0,2,7,255,1180,250,0,0
stim,130849,160970,0,160970,3358299.455,-0.732,-0.333,-0.142,-0.577,0,0,24,0,0,0,0,72,52,1.161,1,2188,0,308.220,9.269,56.000,302.063,-24.938,-0.449,0.211,0.848,1.891,9.074,-7.160,2.482,2.798,1.071,1.393,0,NULL,NULL,,3,0,2,7,255,1180,250,0,0
stim,130895,161016,0,161016,3358304.453,-0.734,-0.323,-0.134,-0.583,0,0,25,0,0,0,0,83,52,1.161,1,2188,0,321.979,9.148,54.500,315.313,-35.750,-0.434,0.215,0.871,2.250,8.867,-7.086,2.524,2.840,1.071,1.393,0,NULL,NULL,,3,0,2,7,255,1180,250,0,0
stim,130895,161016,0,161016,3358309.455,-0.735,-0.312,-0.126,-0.589,0,0,21,0,0,0,0,91,52,1.161,1,2188,0,334.861,9.130,51.750,327.625,-46.000,-0.402,0.188,0.895,2.414,8.805,-6.605,2.566,2.886,1.071,1.393,0,NULL,NULL,,3,0,2,7,255,1180,250,0,0
stim,130895,161016,0,161016,3358314.453,-0.735,-0.302,-0.117,-0.595,0,0,19,0,0,0,0,101,52,1.161,1,2188,0,346.368,8.919,47.813,338.625,-54.938,-0.332,0.168,0.867,2.441,8.578,-5.906,2.610,2.932,1.071,1.393,0,NULL,NULL,,3,0,2,7,255,1180,250,0,0
stim,130895,161016,0,161016,3358319.455,-0.736,-0.291,-0.108,-0.602,0,0,23,0,0,0,0,109,52,1.161,1,2188,0,357.271,8.061,49.563,348.375,-61.813,-0.191,0.137,0.762,2.414,7.691,-5.438,2.654,2.978,1.071,1.393,0,NULL,NULL,,3,0,2,7,255,1180,250,0,0
stim,130895,161016,0,161016,3358324.454,-0.736,-0.279,-0.099,-0.608,0,0,21,0,0,0,0,114,52,1.161,1,2188,0,366.078,6.259,62.688,355.688,-59.750,-0.078,0.082,0.645,2.352,5.801,-5.277,2.696,3.022,1.071,1.393,0,NULL,NULL,,3,0,2,7,255,1180,250,0,0
stim,130895,161016,0,161016,3358329.455,-0.737,-0.267,-0.091,-0.614,0,0,21,0,0,0,0,115,52,1.161,1,2188,0,371.392,4.580,87.250,357.750,-48.313,-0.066,0.109,0.637,2.188,4.023,-5.254,2.736,3.066,1.071,1.393,0,NULL,NULL,,3,0,2,7,255,1180,250,0,0
stim,130895,161016,0,161016,3358334.454,-0.738,-0.253,-0.083,-0.619,0,0,20,0,0,0,0,116,52,1.161,1,2188,0,375.769,4.580,110.438,356.688,-42.188,-0.078,0.164,0.742,2.188,4.023,-5.234,2.776,3.108,1.071,1.393,0,NULL,NULL,,3,0,2,7,255,1180,250,0,0
stim,130895,161016,0,161016,3358339.455,-0.740,-0.239,-0.076,-0.624,0,0,17,0,0,0,0,115,52,1.161,1,2188,0,377.828,4.898,125.438,354.313,-38.500,-0.031,0.141,0.820,2.875,3.965,-4.457,2.814,3.148,1.071,1.393,0,NULL,NULL,,3,0,2,7,255,1180,250,0,0
stim,130895,161016,0,161016,3358344.453,-0.741,-0.225,-0.069,-0.629,0,0,19,0,0,0,0,116,52,1.161,1,2188,0,379.318,4.902,141.063,350.938,-28.750,0.023,0.141,0.848,2.883,3.965,-3.387,2.850,3.186,1.071,1.393,0,NULL,NULL,,3,0,2,7,255,1180,250,0,0
stim,130895,161016,0,161016,3358349.455,-0.743,-0.210,-0.062,-0.633,0,0,18,0,0,0,0,118,52,1.161,1,2188,0,383.309,4.536,158.875,348.375,-17.875,0.059,0.164,0.898,3.031,3.375,-2.797,2.882,3.218,1.071,1.393,0,NULL,NULL,,3,0,2,7,255,1180,250,0,0
stim,130924,161045,0,161045,3358354.453,-0.745,-0.195,-0.056,-0.636,0,0,21,0,0,0,0,121,52,1.161,1,2188,0,388.747,4.759,178.938,345.063,-6.125,0.004,0.188,1.027,3.355,3.375,-2.145,2.908,3.248,1.071,1.393,0,NULL,NULL,,3,0,2,7,255,1180,250,0,0
stim,130924,161045,0,161045,3358359.457,-0.747,-0.179,-0.050,-0.638,0,0,17,0,0,0,0,121,52,1.161,1,2188,0,391.837,5.251,191.125,342.063,-0.625,-0.035,0.250,1.207,3.664,3.762,-1.090,2.932,3.274,1.071,1.393,0,NULL,NULL,,3,0,2,7,255,1180,250,0,0
stim,130924,161045,0,161045,3358364.454,-0.749,-0.163,-0.045,-0.641,0,0,19,0,0,0,0,123,52,1.161,1,2188,0,389.729,6.257,192.688,338.750,3.000,-0.039,0.234,1.348,4.348,4.500,0.441,2.954,3.298,1.071,1.393,0,NULL,NULL,,3,0,2,7,255,1180,250,0,0
stim,130924,161045,0,161045,3358369.455,-0.751,-0.148,-0.039,-0.643,0,0,20,0,0,0,0,125,52,1.161,1,2188,0,384.948,6.260,190.125,334.563,10.250,-0.043,0.207,1.445,4.348,4.504,1.973,2.974,3.320,1.071,1.393,0,NULL,NULL,,3,0,2,7,255,1180,250,0,0
stim,130924,161045,0,161045,3358374.454,-0.752,-0.132,-0.033,-0.644,0,0,18,0,0,0,0,123,52,1.161,1,2188,0,380.773,6.178,187.938,330.750,16.500,-0.078,0.195,1.559,4.113,4.609,3.105,2.994,3.342,1.071,1.393,0,NULL,NULL,,3,0,2,7,255,1180,250,0,0
stim,130924,161045,0,161045,3358379.455,-0.754,-0.117,-0.028,-0.646,0,0,21,0,0,0,0,123,52,1.161,1,2188,0,376.054,6.121,183.625,327.750,16.688,-0.133,0.199,1.703,3.945,4.680,4.309,3.012,3.362,1.071,1.393,0,NULL,NULL,,3,0,2,7,255,1180,250,0,0
stim,130959,161080,0,161080,3358384.453,-0.755,-0.103,-0.022,-0.647,0,0,21,0,0,0,0,125,52,1.161,1,2188,0,365.921,6.208,164.563,326.688,9.625,-0.141,0.223,1.770,3.945,4.793,5.727,3.032,3.384,1.071,1.393,0,NULL,NULL,,3,0,2,7,255,1180,250,0,0
stim,130959,161080,0,161080,3358389.455,-0.756,-0.088,-0.015,-0.648,0,0,23,0,0,0,0,125,52,1.161,1,2188,0,357.240,6.200,149.250,324.500,6.688,-0.117,0.211,1.809,3.934,4.793,6.523,3.052,3.406,1.071,1.393,0,NULL,NULL,,3,0,2,7,255,1180,250,0,0
stim,130959,161080,0,161080,3358394.454,-0.757,-0.075,-0.008,-0.649,0,0,23,0,0,0,0,120,52,1.161,1,2188,0,349.659,5.703,137.375,321.375,10.375,-0.125,0.188,1.820,3.934,4.129,7.094,3.074,3.430,1.071,1.393,0,NULL,NULL,,3,0,2,7,255,1180,250,0,0
stim,130959,161080,0,161080,3358399.455,-0.757,-0.062,-0.001,-0.650,0,0,19,0,0,0,0,121,52,1.161,1,2188,0,342.578,5.135,126.813,318.063,10.688,-0.164,0.152,1.828,3.594,3.668,7.371,3.096,3.454,1.071,1.393,0,NULL,NULL,,3,0,2,7,255,1180,250,0,0
stim,130990,161111,0,161111,3358404.454,-0.757,-0.049,0.006,-0.651,0,0,21,0,0,0,0,125,52,1.161,1,2188,0,335.368,4.663,116.313,314.500,5.750,-0.172,0.164,1.824,3.086,3.496,7.605,3.122,3.480,1.071,1.393,0,NULL,NULL,,3,0,2,7,255,1180,250,0,0
stim,130990,161111,0,161111,3358409.455,-0.757,-0.036,0.013,-0.652,0,0,21,0,0,0,0,124,52,1.161,1,2188,0,328.188,4.356,108.250,309.813,2.375,-0.141,0.152,1.766,3.078,3.082,7.605,3.146,3.506,1.071,1.393,0,NULL,NULL,,3,0,2,7,255,1180,250,0,0
stim,130990,161111,0,161111,3358414.453,-0.757,-0.024,0.020,-0.653,0,0,19,0,0,0,0,125,52,1.161,1,2188,0,323.033,3.626,110.250,303.625,2.625,-0.117,0.094,1.727,2.844,2.250,7.219,3.168,3.532,1.071,1.393,0,NULL,NULL,,3,0,2,7,255,1180,250,0,0
stim,130990,161111,0,161111,3358419.455,-0.756,-0.011,0.026,-0.653,0,0,25,0,0,0,0,121,52,1.161,1,2188,0,319.116,2.624,116.688,297.000,3.125,-0.102,0.066,1.734,2.203,1.426,7.102,3.192,3.558,1.071,1.393,0,NULL,NULL,,3,0,2,7,255,1180,250,0,0
stim,130990,161111,0,161111,3358424.454,-0.756,0.001,0.032,-0.654,0,0,21,0,0,0,0,121,52,1.161,1,2188,0,316.547,2.015,124.125,291.188,2.188,-0.070,0.070,1.750,1.859,0.777,7.102,3.212,3.580,1.071,1.393,0,NULL,NULL,,3,0,2,7,255,1180,250,0,0
stim,130990,161111,0,161111,3358429.455,-0.755,0.014,0.038,-0.654,0,0,21,0,0,0,0,120,52,1.161,1,2188,0,316.919,1.832,134.813,286.813,1.313,-0.020,0.055,1.773,1.832,0.023,7.266,3.232,3.600,1.071,1.393,0,NULL,NULL,,3,0,2,7,255,1180,250,0,0
stim,131014,161135,0,161135,3358434.454,-0.754,0.027,0.043,-0.654,0,0,23,0,0,0,0,119,52,1.161,1,2188,0,319.840,1.872,147.438,283.813,3.188,0.023,-0.004,1.813,1.613,-0.949,7.496,3.246,3.618,1.071,1.393,0,NULL,NULL,,3,0,2,7,255,1180,250,0,0
stim,131014,161135,0,161135,3358439.455,-0.754,0.040,0.047,-0.654,0,0,21,0,0,0,0,120,52,1.161,1,2188,0,325.121,2.170,160.688,282.563,6.438,0.063,-0.039,1.852,0.977,-1.938,7.824,3.258,3.632,1.071,1.393,0,NULL,NULL,,3,0,2,7,255,1180,250,0,0
stim,131014,161135,0,161135,3358444.453,-0.753,0.054,0.051,-0.654,0,0,21,0,0,0,0,125,52,1.161,1,2188,0,333.169,2.922,175.750,282.938,7.750,0.105,-0.047,1.891,0.520,-2.875,8.109,3.268,3.644,1.071,1.393,0,NULL,NULL,,3,0,2,7,255,1180,250,0,0
stim,131014,161135,0,161135,3358449.455,-0.751,0.068,0.055,-0.654,0,0,22,0,0,0,0,124,52,1.161,1,2188,0,342.259,3.843,192.000,283.188,9.063,0.168,-0.047,1.977,0.285,-3.832,8.387,3.272,3.650,1.071,1.393,0,NULL,NULL,,3,0,2,7,255,1180,250,0,0
stim,131014,161135,0,161135,3358454.453,-0.750,0.083,0.058,-0.653,0,0,21,0,0,0,0,137,52,1.161,1,2188,0,350.647,5.046,204.563,284.625,9.813,0.281,-0.035,2.063,0.168,-5.043,8.996,3.274,3.654,1.071,1.393,0,NULL,NULL,,3,0,2,7,255,1180,250,0,0
stim,131014,161135,0,161135,3358459.455,-0.749,0.098,0.062,-0.653,0,0,23,0,0,0,0,153,52,1.161,1,2188,0,359.542,6.775,216.063,287.125,12.125,0.445,-0.055,2.121,0.145,-6.773,9.461,3.272,3.654,1.071,1.393,0,NULL,NULL,,3,0,2,7,255,1180,250,0,0
stim,131014,161135,0,161135,3358464.454,-0.747,0.114,0.064,-0.652,0,0,22,0,0,0,0,158,52,1.161,1,2188,0,370.063,8.997,228.250,290.750,17.688,0.629,-0.066,2.191,-0.129,-8.996,9.461,3.262,3.646,1.071,1.393,0,NULL,NULL,,3,0,2,7,255,1180,250,0,0
stim,131014,161135,0,161135,3358469.455,-0.745,0.130,0.067,-0.650,0,0,25,0,0,0,0,155,52,1.161,1,2188,0,380.806,11.467,239.688,294.688,26.875,0.797,-0.043,2.273,-0.219,-11.465,9.438,3.244,3.632,1.071,1.393,0,NULL,NULL,,3,0,2,7,255,1180,250,0,0
stim,131043,161164,0,161164,3358474.454,-0.744,0.147,0.070,-0.648,0,0,25,0,0,0,0,163,52,1.161,1,2188,0,390.881,13.741,250.875,297.250,38.625,0.906,-0.043,2.395,-0.297,-13.738,9.438,3.220,3.610,1.071,1.393,0,NULL,NULL,,3,0,2,7,255,1180,250,0,0
stim,131043,161164,0,161164,3358479.455,-0.742,0.164,0.072,-0.646,0,0,25,0,0,0,0,153,52,1.161,1,2188,0,396.685,15.691,256.125,299.000,48.563,0.969,-0.039,2.547,-0.492,-15.684,9.828,3.188,3.580,1.071,1.393,0,NULL,NULL,,3,0,2,7,255,1180,250,0,0
stim,131043,161164,0,161164,3358484.453,-0.741,0.181,0.074,-0.643,0,0,30,0,0,0,0,153,52,1.161,1,2188,0,394.583,17.341,250.000,300.500,53.813,1.031,-0.039,2.668,-0.852,-17.320,10.586,3.146,3.538,1.071,1.393,0,NULL,NULL,,3,0,2,7,255,1180,250,0,0
stim,131043,161164,0,161164,3358489.455,-0.739,0.197,0.077,-0.640,0,0,30,0,0,0,0,158,52,1.161,1,2188,0,386.364,18.934,235.688,300.375,59.188,1.043,-0.043,2.742,-1.219,-18.895,10.957,3.092,3.488,1.071,1.393,0,NULL,NULL,,3,0,2,7,255,1180,250,0,0
stim,131043,161164,0,161164,3358494.453,-0.738,0.212,0.080,-0.636,0,0,27,0,0,0,0,159,52,1.161,1,2188,0,372.096,19.947,214.688,296.938,64.750,1.008,-0.035,2.777,-1.645,-19.879,10.957,3.028,3.426,1.071,1.393,0,NULL,NULL,,3,0,2,7,255,1180,250,0,0
stim,131043,161164,0,161164,3358499.455,-0.736,0.227,0.084,-0.632,0,0,30,0,0,0,0,165,52,1.161,1,2188,0,351.552,20.373,189.438,289.313,63.250,1.004,-0.023,2.809,-1.977,-20.277,10.883,2.958,3.356,1.071,1.393,0,NULL,NULL,,3,0,2,7,255,1180,250,0,0
stim,131097,161218,0,161218,3358504.454,-0.735,0.240,0.088,-0.628,0,0,29,0,0,0,0,175,52,1.161,1,2188,0,325.974,21.014,160.375,278.813,52.938,1.109,-0.043,2.785,-2.125,-20.906,10.582,2.880,3.280,1.071,1.393,0,NULL,NULL,,3,0,2,7,255,1180,250,0,0
stim,131097,161218,0,161218,3358509.457,-0.733,0.251,0.093,-0.625,0,0,28,0,0,0,0,199,52,1.161,1,2188,0,299.217,22.362,128.625,266.625,43.563,1.281,-0.152,2.672,-2.234,-22.250,9.371,2.796,3.198,1.071,1.393,0,NULL,NULL,,3,0,2,7,255,1180,250,0,0
stim,131097,161218,0,161218,3358514.453,-0.732,0.261,0.098,-0.621,0,0,31,0,0,0,0,213,52,1.161,1,2188,0,274.474,23.926,99.125,252.375,42.625,1.426,-0.316,2.477,-2.867,-23.754,6.828,2.706,3.108,1.071,1.393,0,NULL,NULL,,3,0,2,7,255,1180,250,0,0
stim,131097,161218,0,161218,3358519.455,-0.731,0.270,0.103,-0.618,0,0,33,0,0,0,0,220,52,1.161,1,2188,0,252.600,24.737,78.500,236.313,42.438,1.512,-0.477,2.219,-3.863,-24.434,3.574,2.608,3.012,1.071,1.393,0,NULL,NULL,,3,0,2,7,255,1180,250,0,0
stim,131097,161218,0,161218,3358524.454,-0.730,0.279,0.107,-0.615,0,0,28,0,0,0,0,229,52,1.161,1,2188,0,232.739,24.889,72.313,218.125,36.875,1.582,-0.605,1.996,-4.738,-24.434,0.156,2.506,2.910,1.071,1.393,0,NULL,NULL,,3,0,2,7,255,1180,250,0,0
stim,131097,161218,0,161218,3358529.455,-0.729,0.287,0.111,-0.612,0,0,28,0,0,0,0,249,52,1.161,1,2188,0,214.402,25.030,75.375,198.875,27.125,1.688,-0.676,1.875,-5.430,-24.434,-2.828,2.396,2.802,1.071,1.393,0,NULL,NULL,,3,0,2,7,255,1180,250,0,0
stim,131097,161218,0,161218,3358534.454,-0.727,0.294,0.115,-0.610,0,0,29,0,0,0,0,251,52,1.161,1,2188,0,196.871,25.159,79.125,179.313,18.563,1.828,-0.676,1.793,-5.430,-24.566,-4.961,2.280,2.686,1.071,1.393,0,NULL,NULL,,3,0,2,7,255,1180,250,0,0
stim,131097,161218,0,161218,3358539.455,-0.726,0.301,0.117,-0.607,0,0,34,0,7,0,0,267,52,1.161,1,2188,0,185.432,25.865,90.063,160.938,19.313,1.961,-0.629,1.742,-5.129,-25.352,-6.762,2.162,2.568,1.071,1.393,0,NULL,NULL,,3,0,2,7,255,1180,250,0,0
stim,131097,161218,0,161218,3358544.454,-0.724,0.307,0.120,-0.606,0,0,30,0,18,0,0,275,52,1.161,1,2188,0,155.963,26.597,71.188,138.688,4.750,2.031,-0.758,1.871,-5.129,-26.098,-8.148,2.042,2.448,1.071,1.393,0,NULL,NULL,,3,0,2,7,255,1180,250,0,0
stim,131097,161218,0,161218,3358549.455,-0.722,0.311,0.123,-0.605,0,0,30,0,29,0,0,309,52,1.161,1,2188,0,126.381,27.920,32.875,121.375,-12.625,2.355,-0.762,1.695,-4.551,-27.547,-8.215,1.920,2.328,1.071,1.393,0,NULL,NULL,,3,0,2,7,255,1180,250,0,0
stim,131125,161246,0,161246,3358554.453,-0.722,0.314,0.126,-0.603,0,0,25,0,53,0,0,327,52,1.161,1,2188,0,101.464,29.432,-11.875,99.375,16.688,2.934,-0.789,1.621,-4.551,-29.078,-11.664,1.794,2.202,1.071,1.393,0,NULL,NULL,,3,0,2,7,255,1180,250,0,0
stim,131125,161246,0,161246,3358559.455,-0.723,0.315,0.129,-0.601,0,0,25,0,61,0,0,328,52,1.161,1,2188,0,94.840,29.432,-18.938,84.750,38.125,2.508,-1.305,0.879,-4.551,-29.078,-15.707,1.664,2.070,1.071,1.393,0,NULL,NULL,,3,0,2,7,255,1180,250,0,0
stim,131125,161246,0,161246,3358564.454,-0.722,0.318,0.130,-0.601,0,0,27,0,75,0,0,339,52,1.161,1,2188,0,73.268,27.042,41.938,58.750,-12.563,2.523,-1.551,0.652,-7.703,-25.922,-20.598,1.528,1.932,1.071,1.393,0,NULL,NULL,,3,0,2,7,255,1180,250,0,0
stim,131125,161246,0,161246,3358569.455,-0.719,0.322,0.129,-0.602,0,0,26,0,89,0,0,342,52,1.161,1,2188,0,122.522,27.651,111.125,37.688,-35.250,2.719,-1.820,0.738,-9.625,-25.922,-23.246,1.386,1.788,1.071,1.393,0,NULL,NULL,,3,0,2,7,255,1180,250,0,0
stim,131125,161246,0,161246,3358574.454,-0.716,0.328,0.125,-0.604,0,0,25,0,103,0,0,333,52,1.161,1,2188,0,182.536,29.432,180.313,11.000,-26.188,2.715,-1.859,1.156,-11.910,-26.914,-23.246,1.244,1.642,1.071,1.393,0,NULL,NULL,,3,0,2,7,255,1180,250,0,0
stim,131125,161246,0,161246,3358579.455,-0.713,0.334,0.119,-0.604,0,0,29,0,105,0,0,335,52,1.161,1,2188,0,203.394,31.600,202.375,-15.375,13.313,2.586,-1.453,1.938,-11.910,-29.270,-21.887,1.100,1.494,1.071,1.393,0,NULL,NULL,,3,0,2,7,255,1180,250,0,0
stim,131149,161270,0,161270,3358584.453,-0.712,0.338,0.113,-0.605,0,0,25,0,105,0,0,333,52,1.161,1,2188,0,166.056,33.348,157.688,-41.813,31.000,1.984,-0.836,2.566,-11.375,-31.348,-14.359,0.956,1.346,1.071,1.393,0,NULL,NULL,,3,0,2,7,255,1180,250,0,0
stim,131149,161270,0,161270,3358589.455,-0.711,0.339,0.109,-0.607,0,0,29,0,101,0,0,335,52,1.161,1,2188,0,108.717,32.513,83.125,-69.000,-12.188,1.496,-0.500,2.789,-8.625,-31.348,-4.531,0.816,1.198,1.071,1.393,0,NULL,NULL,,3,0,2,7,255,1180,250,0,0
stim,131149,161270,0,161270,3358594.453,-0.710,0.336,0.107,-0.610,0,0,26,0,85,0,0,345,52,1.161,1,2188,0,113.013,29.616,1.500,-91.500,-66.313,1.480,-0.441,2.781,-7.418,-28.672,0.977,0.680,1.050,1.071,1.393,0,NULL,NULL,,3,0,2,7,255,1180,250,0,0
stim,131149,161270,0,161270,3358599.455,-0.709,0.331,0.106,-0.613,0,0,23,0,27,0,0,363,52,1.161,1,2188,0,137.095,29.270,-63.813,-98.125,-71.375,1.730,-0.609,2.441,-7.320,-28.340,0.977,0.552,0.902,1.071,1.393,0,NULL,NULL,,3,0,2,7,255,1180,250,0,0
stim,131195,161316,0,161316,3358604.454,-0.711,0.324,0.106,-0.615,26,0,16,297,17,0,0,563,52,1.161,1,2188,0,172.406,29.183,-122.750,-115.875,-35.063,1.320,-0.684,2.469,-7.320,-28.250,-0.211,0.436,0.754,1.071,1.393,0,NULL,NULL,,3,0,2,7,255,1180,250,0,0
stim,131195,161316,0,161316,3358609.455,-0.718,0.325,0.090,-0.609,826,0,3,1214,0,92,0,610,52,1.161,1,2188,0,424.648,26.662,173.688,-221.438,318.000,-1.008,-0.922,4.586,-8.898,-25.133,-0.211,0.350,0.604,1.071,1.393,0,NULL,NULL,,3,0,2,7,255,1180,250,0,0
stim,131195,161316,0,161316,3358614.453,-0.739,0.316,0.082,-0.589,1443,0,0,1707,0,397,0,647,52,1.161,1,2188,0,733.232,20.532,-225.250,-184.063,673.063,-1.477,3.633,5.238,-8.898,-18.504,27.543,0.324,0.468,1.071,1.393,0,NULL,NULL,,3,0,2,7,255,1180,250,0,0
stim,131195,161316,0,161316,3358619.455,-0.758,0.290,0.095,-0.576,1935,0,0,1963,0,594,0,723,52,1.161,1,2188,0,860.211,21.435,-790.750,-94.500,325.188,-2.531,3.418,1.578,17.340,-12.602,27.543,0.346,0.380,1.071,1.393,0,NULL,NULL,,3,0,2,7,255,1180,250,0,0
stim,131195,161316,0,161316,3358624.454,-0.769,0.267,0.106,-0.572,2220,0,0,2139,0,783,0,803,50,1.161,1,2189,0,641.376,25.022,-625.750,-107.750,90.500,-2.887,2.238,-1.344,17.340,18.039,25.023,0.386,0.352,1.071,1.393,1,1199.000,19.000,,3,0,2,7,255,1180,250,0,0
stim,131195,161316,0,161316,3358629.455,-0.771,0.255,0.111,-0.573,2501,0,0,2396,0,922,0,843,50,1.161,1,2189,0,304.265,27.832,-289.563,-81.750,-45.250,-1.426,1.574,-1.914,12.836,24.695,-1.910,0.412,0.374,1.071,1.393,1,NULL,NULL,,3,0,2,7,255,1180,250,0,0
stim,131195,161316,0,161316,3358634.454,-0.772,0.253,0.105,-0.574,2663,0,0,2585,0,1003,0,885,50,1.161,1,2189,0,141.938,27.323,43.250,-135.188,0.313,-0.383,-0.066,0.141,11.691,24.695,-7.109,0.420,0.416,1.071,1.393,1,NULL,NULL,,3,0,2,7,255,1180,250,0,0
stim,131195,161316,0,161316,3358639.455,-0.779,0.246,0.098,-0.568,2789,0,0,2727,0,1034,0,951,50,1.161,1,2189,0,305.278,3.019,-83.313,-196.313,218.438,-0.734,-0.477,1.207,-2.043,2.223,-7.109,0.428,0.444,1.071,1.393,1,NULL,NULL,,3,0,2,7,255,1180,250,0,0
stim,131196,161317,0,161317,3358644.454,-0.788,0.234,0.094,-0.562,2863,0,0,2820,0,1042,0,1031,50,1.161,1,2189,0,383.005,4.638,-230.313,-213.875,218.875,-1.805,0.270,0.285,-4.070,2.223,0.566,0.444,0.462,1.071,1.393,2,NULL,NULL,,3,0,2,7,255,1180,250,0,0
stim,131196,161317,0,161317,3358649.455,-0.792,0.223,0.090,-0.561,2937,0,0,2907,0,1059,0,1108,50,1.161,1,2189,0,301.942,15.071,-183.563,-232.188,59.688,-1.914,0.207,0.035,-4.895,14.254,0.566,0.456,0.476,1.071,1.393,2,NULL,NULL,,3,0,2,7,255,1180,250,0,0
stim,131224,161345,0,161345,3358654.453,-0.791,0.213,0.086,-0.567,2975,0,0,2957,0,1096,0,1207,50,1.161,1,2189,0,275.033,15.071,-95.188,-228.500,-119.875,-1.078,-0.660,0.762,-4.895,14.254,-0.457,0.450,0.482,1.071,1.393,2,NULL,NULL,,3,0,2,7,255,1180,250,0,0
stim,131224,161345,0,161345,3358659.455,-0.788,0.204,0.082,-0.575,3014,0,0,3018,0,1133,0,1290,50,1.161,1,2189,0,295.169,10.113,-73.625,-208.938,-195.063,0.207,-0.953,1.383,-9.281,4.016,-0.457,0.416,0.478,1.071,1.393,2,NULL,NULL,,3,0,2,7,255,1180,250,0,0
stim,131224,161345,0,161345,3358664.453,-0.787,0.197,0.079,-0.580,3045,0,0,3068,0,1202,0,1343,50,1.161,1,2189,0,229.461,13.555,-80.438,-177.938,-120.500,1.336,-1.129,1.461,-9.281,-9.879,-0.457,0.368,0.468,1.071,1.393,2,NULL,NULL,,3,0,2,7,255,1180,250,0,0
stim,131224,161345,0,161345,3358669.455,-0.789,0.189,0.074,-0.580,3077,0,0,3116,0,1327,0,1385,50,1.161,1,2189,0,205.267,22.183,-88.250,-179.813,44.875,1.523,-1.449,1.305,-9.281,-20.148,-3.402,0.332,0.454,1.071,1.393,2,NULL,NULL,,3,0,2,7,255,1180,250,0,0
stim,131224,161345,0,161345,3358674.454,-0.796,0.183,0.069,-0.573,3090,0,0,3148,0,1417,0,1427,50,1.161,1,2189,0,279.327,22.368,-95.938,-168.875,200.750,0.648,-1.578,1.176,-9.715,-20.148,-3.961,0.312,0.426,1.071,1.393,2,NULL,NULL,,3,0,2,7,255,1180,250,0,0
stim,131224,161345,0,161345,3358679.455,-0.803,0.176,0.064,-0.566,3099,0,0,3159,0,1506,31,1471,50,1.161,1,2189,0,305.405,17.329,-84.313,-167.938,240.750,-0.555,-0.789,0.855,-9.781,-14.305,-3.961,0.308,0.386,1.071,1.393,2,NULL,NULL,,3,0,2,7,255,1180,250,0,0
stim,131259,161380,0,161380,3358684.453,-0.808,0.170,0.058,-0.561,3111,0,0,3181,0,1669,107,1549,50,1.161,1,2189,0,244.394,9.796,-66.438,-173.188,159.125,-1.238,-0.008,0.992,-9.781,-0.535,-1.742,0.314,0.336,1.071,1.393,2,NULL,NULL,,3,0,2,7,255,1180,250,0,0
stim,131259,161380,0,161380,3358689.455,-0.810,0.164,0.053,-0.560,3119,0,0,3196,0,1799,167,1651,50,1.161,1,2189,0,193.977,7.080,-58.438,-177.938,50.500,-0.723,0.570,1.063,-5.211,4.793,2.809,0.326,0.286,1.071,1.393,2,NULL,NULL,,3,0,2,7,255,1180,250,0,0
stim,131259,161380,0,161380,3358694.453,-0.811,0.158,0.048,-0.561,3127,0,0,3193,0,1913,186,1725,50,1.161,1,2189,0,180.754,5.121,-54.500,-171.563,16.375,-0.094,0.590,1.324,1.805,4.793,2.953,0.332,0.244,1.071,1.393,2,NULL,NULL,,3,0,2,7,255,1180,250,0,0
stim,131259,161380,0,161380,3358699.455,-0.813,0.151,0.045,-0.561,3133,0,0,3205,34,2027,196,1792,50,1.161,1,2189,0,184.702,3.221,-91.063,-160.250,11.938,0.066,0.426,1.598,2.977,-1.230,3.770,0.332,0.220,1.071,1.393,2,NULL,NULL,,3,0,2,7,255,1180,250,0,0
stim,131293,161414,0,161414,3358704.453,-0.814,0.143,0.043,-0.561,3131,0,0,3195,95,2108,213,1839,50,1.161,1,2189,0,190.571,4.779,-126.688,-142.250,5.688,0.152,0.227,1.324,2.977,-3.738,3.770,0.332,0.204,1.071,1.393,2,NULL,NULL,,3,0,2,7,255,1180,250,0,0
stim,131293,161414,0,161414,3358709.455,-0.815,0.135,0.041,-0.562,3128,0,0,3199,349,2215,229,1979,50,1.161,1,2189,0,183.548,4.510,-130.938,-128.625,-1.000,0.133,-0.133,1.043,1.695,-4.180,2.672,0.336,0.192,1.071,1.393,2,NULL,NULL,,3,0,2,7,255,1180,250,0,0
stim,131293,161414,0,161414,3358714.454,-0.816,0.129,0.040,-0.562,3131,0,0,3219,510,2273,354,2067,50,1.161,1,2189,0,159.644,4.529,-106.813,-118.438,-7.063,0.133,-0.375,0.973,-1.395,-4.309,-0.434,0.344,0.180,1.071,1.393,2,NULL,NULL,,3,0,2,7,255,1180,250,0,0
stim,131293,161414,0,161414,3358719.455,-0.816,0.125,0.038,-0.564,3128,0,0,3212,683,2317,341,2167,50,1.161,1,2189,0,97.171,5.162,-44.750,-82.000,-26.750,0.305,-0.227,1.531,-1.805,-4.836,-0.434,0.358,0.166,1.071,1.393,2,NULL,NULL,,3,0,2,7,255,1180,250,0,0
stim,131293,161414,0,161414,3358724.454,-0.815,0.123,0.037,-0.565,3131,0,0,3211,875,2355,345,2212,50,1.161,1,2189,0,60.258,7.308,-23.250,-42.625,-35.688,0.617,0.363,1.207,-1.805,-7.082,0.910,0.374,0.150,1.071,1.393,2,NULL,NULL,,3,0,2,7,255,1180,250,0,0
stim,131293,161414,0,161414,3358729.455,-0.815,0.122,0.036,-0.566,3131,0,0,3211,996,2385,341,2265,50,1.161,1,2189,0,45.527,8.578,3.250,-41.188,-19.125,0.426,0.871,1.492,4.840,-7.082,3.840,0.394,0.132,1.071,1.393,2,NULL,NULL,,3,0,2,7,255,1180,250,0,0
stim,131314,161435,0,161435,3358734.453,-0.814,0.119,0.037,-0.567,3126,0,0,3209,1113,2405,327,2303,50,1.161,1,2189,0,80.586,6.501,-67.438,-24.500,-36.688,-0.258,0.422,1.902,4.840,-4.340,4.660,0.416,0.110,1.071,1.393,2,NULL,NULL,,3,0,2,7,255,1180,250,0,0
stim,131314,161435,0,161435,3358739.455,-0.814,0.114,0.040,-0.569,3127,5,0,3207,1176,2414,327,2342,50,1.161,1,2189,0,140.831,2.580,-132.375,-13.938,-46.000,-0.004,0.047,0.797,2.020,-1.605,4.660,0.438,0.092,1.071,1.393,2,NULL,NULL,,3,0,2,7,255,1180,250,0,0
stim,131314,161435,0,161435,3358744.453,-0.813,0.110,0.041,-0.570,3124,19,0,3210,1265,2437,328,2388,50,1.161,1,2189,0,94.389,0.580,-78.563,-16.000,-49.813,-0.219,-0.219,0.594,0.043,-0.578,-2.156,0.456,0.076,1.071,1.393,2,NULL,NULL,,3,0,2,7,255,1180,250,0,0
stim,131314,161435,0,161435,3358749.455,-0.811,0.109,0.041,-0.573,3127,41,0,3213,1318,2447,347,2415,50,1.161,1,2189,0,87.515,2.334,-18.625,-16.000,-84.000,-0.152,-0.145,0.836,-2.152,-0.902,-2.156,0.468,0.068,1.071,1.393,2,NULL,NULL,,3,0,2,7,255,1180,250,0,0
stim,131314,161435,0,161435,3358754.454,-0.809,0.108,0.041,-0.577,3128,60,0,3208,1417,2467,366,2429,50,1.161,1,2189,0,90.858,2.334,-6.250,-13.125,-89.688,0.117,0.047,1.094,-2.152,-0.902,-1.676,0.476,0.062,1.071,1.393,2,NULL,NULL,,3,0,2,7,255,1180,250,0,0
stim,131314,161435,0,161435,3358759.455,-0.808,0.107,0.042,-0.578,3135,68,0,3221,1491,2483,375,2459,50,1.161,1,2189,0,67.616,3.275,-36.375,-8.813,-56.313,0.184,-0.031,1.168,-0.090,-3.273,0.469,0.484,0.056,1.071,1.393,2,NULL,NULL,,3,0,2,7,255,1180,250,0,0
stim,131314,161435,0,161435,3358764.453,-0.807,0.104,0.043,-0.579,3123,101,0,3211,1545,2494,390,2473,50,1.161,1,2189,0,63.542,3.275,-57.313,-7.563,-26.375,0.000,-0.117,0.965,-0.090,-3.273,0.469,0.494,0.050,1.071,1.393,2,NULL,NULL,,3,0,2,7,255,1180,250,0,0
stim,131314,161435,0,161435,3358769.455,-0.807,0.102,0.044,-0.580,3125,101,0,3212,1587,2503,391,2487,50,1.161,1,2189,0,49.796,2.562,-40.250,-8.063,-28.188,-0.160,-0.012,0.836,-0.836,-2.422,-0.668,0.504,0.044,1.071,1.393,2,NULL,NULL,,3,0,2,7,255,1180,250,0,0
stim,131344,161465,0,161465,3358774.454,-0.806,0.102,0.045,-0.582,3141,126,0,3215,1619,2519,398,2501,50,1.161,1,2189,0,46.765,1.095,-14.875,-7.188,-43.750,-0.117,0.059,0.934,-0.836,-0.707,-0.668,0.512,0.038,1.071,1.393,2,NULL,NULL,,3,0,2,7,255,1180,250,0,0
stim,131344,161465,0,161465,3358779.455,-0.805,0.101,0.045,-0.583,3144,147,0,3215,1645,2518,395,2496,50,1.161,1,2189,0,43.992,0.896,-9.938,-5.500,-42.500,0.004,-0.031,1.066,-0.551,-0.707,-0.602,0.516,0.034,1.071,1.393,2,NULL,NULL,,3,0,2,7,255,1180,250,0,0
stim,131344,161465,0,161465,3358784.454,-0.804,0.100,0.045,-0.584,3141,157,0,3219,1669,2524,397,2505,50,1.161,1,2189,0,32.427,2.400,-18.625,-3.500,-26.313,0.012,-0.086,1.059,-0.551,-2.336,0.262,0.522,0.030,1.071,1.393,2,NULL,NULL,,3,0,2,7,255,1180,250,0,0
stim,131344,161465,0,161465,3358789.455,-0.804,0.099,0.045,-0.585,3131,173,0,3227,1691,2523,394,2507,50,1.161,1,2189,0,24.829,2.511,-20.625,-1.938,-13.688,-0.066,-0.055,0.980,-0.922,-2.336,0.262,0.528,0.026,1.071,1.393,2,NULL,NULL,,3,0,2,7,255,1180,250,0,0
stim,131344,161465,0,161465,3358794.454,-0.804,0.098,0.046,-0.585,3123,185,10,3222,1706,2528,381,2507,50,1.161,1,2189,0,18.678,1.818,-13.000,-1.625,-13.313,-0.133,-0.008,0.965,-0.922,-1.566,-0.297,0.536,0.020,1.071,1.393,2,NULL,NULL,,3,0,2,7,255,1180,250,0,0
stim,131344,161465,0,161465,3358799.455,-0.803,0.097,0.046,-0.586,3127,199,11,3208,1721,2538,379,2505,50,1.161,1,2189,0,17.335,1.098,-6.813,-1.438,-15.875,-0.133,0.000,1.020,-0.664,-0.875,-0.297,0.546,0.012,1.071,1.393,2,NULL,NULL,,3,0,2,7,255,1180,250,0,0
stim,131396,161517,0,161517,3358804.453,-0.803,0.097,0.046,-0.586,3125,197,21,3214,1733,2535,373,2515,50,1.182,1,2189,1,15.168,1.066,-6.375,-1.438,-13.688,-0.121,-0.004,1.051,-0.609,-0.875,0.203,0.000,0.000,1.061,1.406,2,NULL,NULL,,3,0,2,7,255,1180,250,0,0
stim,131396,161517,0,161517,3358809.457,-0.803,0.097,0.046,-0.587,3123,181,31,3205,1736,2531,365,2506,50,1.182,1,2189,1,12.640,1.044,-8.250,-1.625,-9.438,-0.133,0.020,1.039,-0.570,-0.875,0.438,0.008,0.006,1.061,1.406,2,NULL,NULL,,3,0,2,7,255,1180,250,0,0
stim,131396,161517,0,161517,3358814.453,-0.803,0.096,0.046,-0.587,3115,180,40,3195,1741,2530,361,2506,50,1.182,1,2189,1,11.182,0.958,-7.375,-2.375,-8.063,-0.164,0.023,0.992,-0.469,-0.836,0.438,0.014,0.010,1.061,1.406,2,NULL,NULL,,3,0,2,7,255,1180,250,0,0
stim,131396,161517,1,161517,3358819.455,-0.802,0.096,0.046,-0.587,3111,167,40,3207,1743,2523,335,2505,50,1.182,1,2189,1,11.421,0.649,-4.063,-3.188,-10.188,-0.168,0.004,0.980,-0.469,-0.449,0.020,0.020,0.012,1.061,1.406,2,NULL,NULL,,3,1,2,7,255,1180,250,0,0
stim,131396,161517,1,161517,3358824.454,-0.802,0.096,0.046,-0.588,3103,159,40,3189,1740,2530,316,2505,50,1.182,1,2189,1,10.932,0.770,-0.688,-3.375,-10.375,-0.133,-0.012,0.973,-0.625,-0.449,-0.074,0.024,0.016,1.061,1.406,2,NULL,NULL,,3,1,2,7,255,1180,250,0,0
stim,131396,161517,1,161517,3358829.455,-0.802,0.095,0.046,-0.588,3100,149,52,3186,1747,2516,315,2501,50,1.182,1,2189,1,8.079,1.018,0.750,-4.375,-6.750,-0.125,-0.012,0.973,-0.652,-0.781,-0.234,0.028,0.018,1.061,1.406,2,NULL,NULL,,3,1,2,7,255,1180,250,0,0
stim,131396,161517,1,161517,3358834.454,-0.802,0.095,0.046,-0.588,3095,147,55,3175,1735,2514,303,2492,50,1.182,1,2189,1,7.491,1.018,3.125,-4.688,-4.938,-0.125,0.020,0.969,-0.652,-0.781,-0.250,0.032,0.020,1.061,1.406,2,NULL,NULL,,3,1,2,7,255,1180,250,0,0
stim,131396,161517,1,161517,3358839.455,-0.802,0.095,0.046,-0.588,3087,135,61,3163,1737,2502,297,2495,50,1.182,1,2189,1,9.477,0.830,6.813,-4.500,-4.813,-0.113,0.059,0.980,-0.348,-0.754,-0.250,0.036,0.022,1.061,1.406,2,NULL,NULL,,3,1,2,7,255,1180,250,0,0
stim,131396,161517,1,161517,3358844.453,-0.802,0.095,0.045,-0.588,3087,133,73,3157,1737,2503,290,2489,50,1.182,1,2189,1,9.304,0.755,7.750,-4.500,-2.500,-0.094,0.117,1.020,0.043,-0.754,-0.148,0.040,0.024,1.061,1.406,2,NULL,NULL,,3,1,2,7,255,1180,250,0,0
stim,131396,161517,1,161517,3358849.455,-0.802,0.095,0.045,-0.588,3077,131,73,3148,1724,2499,277,2491,50,1.182,1,2189,1,6.211,0.972,4.563,-3.938,1.500,-0.113,0.152,1.043,0.613,-0.754,0.246,0.044,0.026,1.061,1.406,2,NULL,NULL,,3,1,2,7,255,1180,250,0,0
stim,131427,161548,1,161548,3358854.453,-0.802,0.095,0.044,-0.588,3065,121,89,3141,1722,2483,273,2491,50,1.182,1,2189,1,4.530,1.088,1.125,-3.938,1.938,-0.156,0.176,1.027,0.898,-0.613,0.457,0.048,0.026,1.061,1.406,2,NULL,NULL,,3,1,2,7,255,1180,250,0,0
stim,131427,161548,1,161548,3358859.455,-0.802,0.095,0.044,-0.588,3055,117,93,3133,1725,2483,275,2488,50,1.182,1,2189,1,4.622,0.905,-0.313,-4.125,-2.063,-0.176,0.172,1.012,0.898,-0.109,0.457,0.052,0.028,1.061,1.406,2,NULL,NULL,,3,1,2,7,255,1180,250,0,0
stim,131427,161548,1,161548,3358864.454,-0.802,0.095,0.044,-0.589,3051,107,101,3125,1723,2478,276,2491,50,1.182,1,2189,1,7.291,0.879,-1.125,-4.500,-5.625,-0.168,0.152,1.008,0.879,-0.012,0.328,0.056,0.030,1.061,1.406,2,NULL,NULL,,3,1,2,7,255,1180,250,0,0
stim,131427,161548,1,161548,3358869.455,-0.801,0.095,0.044,-0.589,3038,105,101,3115,1735,2473,277,2493,50,1.182,1,2189,1,8.770,0.723,-2.563,-5.063,-6.688,-0.156,0.148,1.004,0.723,-0.012,0.285,0.058,0.030,1.061,1.406,2,NULL,NULL,,3,1,2,7,255,1180,250,0,0
stim,131427,161548,1,161548,3358874.454,-0.801,0.095,0.044,-0.589,3031,107,101,3103,1741,2470,275,2493,50,1.182,1,2189,1,9.310,0.729,-3.688,-5.625,-6.438,-0.156,0.156,1.004,0.723,-0.094,0.234,0.060,0.032,1.061,1.406,2,NULL,NULL,,3,1,2,7,255,1180,250,0,0
stim,131427,161548,1,161548,3358879.455,-0.801,0.095,0.043,-0.589,3019,116,121,3096,1757,2469,274,2501,50,1.182,1,2189,1,10.611,0.729,-5.063,-6.500,-6.688,-0.164,0.148,1.008,0.723,-0.094,0.234,0.062,0.030,1.061,1.406,2,NULL,NULL,,3,1,2,7,255,1180,250,0,0
stim,131449,161570,1,161570,3358884.453,-0.801,0.094,0.043,-0.589,3005,119,133,3087,1779,2469,271,2505,50,1.182,1,2189,1,12.349,0.708,-6.813,-7.438,-7.125,-0.168,0.137,0.996,0.707,-0.039,0.234,0.064,0.030,1.061,1.406,2,NULL,NULL,,3,1,2,7,255,1180,250,0,0
stim,131449,161570,1,161570,3358889.455,-0.801,0.094,0.043,-0.590,2988,123,169,3069,1805,2467,275,2513,50,1.182,1,2189,1,13.236,0.629,-6.938,-8.125,-7.813,-0.164,0.141,0.992,0.629,-0.023,0.160,0.064,0.028,1.061,1.406,2,NULL,NULL,,3,1,2,7,255,1180,250,0,0
stim,131449,161570,1,161570,3358894.453,-0.801,0.093,0.043,-0.590,2975,125,181,3063,1832,2467,283,2523,50,1.182,1,2189,1,14.354,0.590,-6.375,-9.063,-9.125,-0.164,0.129,1.000,0.590,-0.023,0.160,0.062,0.024,1.061,1.406,2,NULL,NULL,,3,1,2,7,255,1180,250,0,0
stim,131449,161570,1,161570,3358899.455,-0.801,0.093,0.043,-0.590,2961,135,225,3051,1865,2467,285,2531,50,1.182,1,2189,1,14.595,0.630,-6.063,-10.250,-8.438,-0.160,0.152,1.000,0.629,-0.043,0.168,0.062,0.020,1.061,1.406,2,NULL,NULL,,3,1,2,7,255,1180,250,0,0
stim,131474,161595,1,161595,3358904.454,-0.800,0.092,0.043,-0.591,2943,142,275,3039,1934,2464,303,2537,50,1.182,1,2189,1,16.670,0.720,-7.563,-10.188,-10.813,-0.180,0.152,1.004,0.719,-0.043,0.195,0.060,0.014,1.061,1.406,2,NULL,NULL,,3,1,2,7,255,1180,250,0,0
stim,131474,161595,1,161595,3358909.455,-0.800,0.092,0.042,-0.591,2925,151,314,3032,1960,2463,339,2549,50,1.182,1,2189,1,19.427,0.773,-7.375,-11.500,-13.813,-0.160,0.176,1.027,0.773,-0.004,0.250,0.058,0.010,1.061,1.406,2,NULL,NULL,,3,1,2,7,255,1180,250,0,0
stim,131474,161595,1,161595,3358914.454,-0.800,0.091,0.042,-0.592,2904,167,398,3018,2003,2464,367,2568,50,1.182,1,2189,1,23.156,0.719,-10.813,-9.875,-17.938,-0.168,0.125,1.000,0.719,-0.004,0.250,0.058,0.006,1.061,1.406,2,NULL,NULL,,3,1,2,7,255,1180,250,0,0
stim,131474,161595,1,161595,3358919.455,-0.799,0.091,0.042,-0.593,2889,171,495,3005,2031,2468,411,2581,50,1.182,1,2189,1,26.878,0.758,-12.188,-10.438,-21.563,-0.105,0.133,1.000,0.758,-0.016,0.199,0.060,0.002,1.061,1.406,2,NULL,NULL,,3,1,2,7,255,1180,250,0,0
stim,131510,161631,1,161631,3358924.454,-0.799,0.090,0.042,-0.593,2863,186,559,2991,2069,2458,439,2587,50,1.182,1,2189,1,24.247,0.733,-9.688,-10.438,-19.625,-0.113,0.059,0.973,0.496,-0.539,0.070,0.062,0.004,1.061,1.406,2,NULL,NULL,,3,1,2,7,255,1180,250,0,0
stim,131510,161631,1,161631,3358929.458,-0.798,0.089,0.042,-0.594,2847,203,659,2985,2108,2468,475,2602,50,1.182,1,2189,1,26.631,0.616,-11.625,-8.063,-22.563,-0.133,-0.020,0.965,0.055,-0.613,-0.195,0.064,0.008,1.061,1.406,2,NULL,NULL,,3,1,2,7,255,1180,250,0,0
stim,131510,161631,1,161631,3358934.453,-0.798,0.088,0.042,-0.595,2827,217,697,2971,2147,2463,503,2612,50,1.182,1,2189,1,27.051,0.840,-13.500,-9.625,-21.375,-0.105,-0.008,0.965,-0.539,-0.645,-0.313,0.066,0.012,1.061,1.406,2,NULL,NULL,,3,1,2,7,255,1180,250,0,0
stim,131510,161631,1,161631,3358939.455,-0.797,0.087,0.042,-0.596,2806,237,779,2967,2201,2468,582,2627,50,1.182,1,2189,1,24.547,0.882,-10.188,-9.938,-20.000,-0.129,-0.008,0.930,-0.602,-0.645,-0.355,0.068,0.014,1.061,1.406,2,NULL,NULL,,3,1,2,7,255,1180,250,0,0
stim,131510,161631,1,161631,3358944.454,-0.797,0.087,0.042,-0.596,2788,261,859,2954,2251,2468,621,2639,50,1.182,1,2189,1,24.948,0.807,-7.125,-8.750,-22.250,-0.148,-0.004,0.934,-0.582,-0.559,-0.570,0.070,0.018,1.061,1.406,2,NULL,NULL,,3,1,2,7,255,1180,250,0,0
stim,131510,161631,1,161631,3358949.455,-0.796,0.086,0.042,-0.597,2773,251,967,2941,2291,2469,646,2649,50,1.182,1,2189,1,25.929,0.688,-7.063,-9.813,-22.938,-0.148,0.023,0.977,-0.582,-0.367,-0.570,0.072,0.020,1.061,1.406,2,NULL,NULL,,3,1,2,7,255,1180,250,0,0
stim,131510,161631,1,161631,3358954.453,-0.796,0.085,0.042,-0.598,2745,252,1081,2927,2323,2463,709,2659,50,1.182,1,2189,1,27.749,0.508,-10.563,-11.250,-23.063,-0.137,0.035,0.996,-0.352,-0.367,-0.133,0.076,0.024,1.061,1.406,2,NULL,NULL,,3,1,2,7,255,1180,250,0,0
stim,131510,161631,1,161631,3358959.457,-0.795,0.085,0.042,-0.599,2739,252,1159,2921,2351,2473,808,2669,50,1.182,1,2189,1,28.882,0.494,-13.313,-11.563,-22.875,-0.133,0.027,0.984,-0.250,-0.426,-0.102,0.076,0.024,1.061,1.406,2,NULL,NULL,,3,1,2,7,255,1180,250,0,0
stim,131531,161652,1,161652,3358964.453,-0.795,0.084,0.042,-0.600,2716,265,1238,2909,2388,2478,891,2679,50,1.182,1,2189,1,29.185,0.545,-14.938,-11.438,-22.313,-0.125,0.008,0.965,-0.250,-0.484,-0.102,0.080,0.022,1.061,1.406,2,NULL,NULL,,3,1,2,7,255,1180,250,0,0
stim,131531,161652,1,161652,3358969.455,-0.794,0.083,0.042,-0.600,2697,265,1321,2901,2421,2479,978,2694,50,1.182,1,2189,1,28.079,0.666,-13.625,-11.625,-21.625,-0.117,0.000,0.953,-0.375,-0.551,-0.297,0.082,0.020,1.061,1.406,2,NULL,NULL,,3,1,2,7,255,1180,250,0,0
stim,131531,161652,1,161652,3358974.455,-0.794,0.082,0.042,-0.601,2669,276,1416,2890,2450,2485,1067,2709,50,1.182,1,2189,1,25.141,0.680,-11.313,-12.813,-18.438,-0.125,0.004,0.961,-0.398,-0.551,-0.340,0.082,0.018,1.061,1.406,2,NULL,NULL,,3,1,2,7,255,1180,250,0,0
stim,131531,161652,1,161652,3358979.455,-0.794,0.081,0.042,-0.602,2645,295,1507,2876,2477,2489,1166,2719,50,1.182,1,2189,1,24.355,0.652,-10.000,-14.063,-17.188,-0.145,0.039,0.992,-0.398,-0.516,-0.340,0.084,0.016,1.061,1.406,2,NULL,NULL,,3,1,2,7,255,1180,250,0,0
stim,131555,161676,1,161676,3358984.454,-0.793,0.080,0.041,-0.602,2619,315,1607,2863,2504,2492,1245,2731,50,1.182,1,2189,1,27.995,0.287,-11.438,-14.375,-21.125,-0.148,0.082,1.016,-0.109,-0.266,0.016,0.086,0.012,1.061,1.406,2,NULL,NULL,,3,1,2,7,255,1180,250,0,0
stim,131555,161676,1,161676,3358989.455,-0.793,0.079,0.041,-0.603,2589,329,1691,2853,2531,2495,1331,2743,50,1.182,1,2189,1,31.724,0.310,-15.250,-14.688,-23.625,-0.117,0.059,1.023,0.160,-0.266,0.258,0.086,0.012,1.061,1.406,2,NULL,NULL,,3,1,2,7,255,1180,250,0,0
stim,131555,161676,1,161676,3358994.453,-0.792,0.078,0.041,-0.604,2543,339,1774,2837,2555,2501,1413,2749,50,1.182,1,2189,1,32.925,0.518,-20.750,-15.188,-20.563,-0.102,0.016,1.016,0.160,-0.492,0.258,0.088,0.012,1.061,1.406,2,NULL,NULL,,3,1,2,7,255,1180,250,0,0
stim,131555,161676,1,161676,3358999.455,-0.792,0.077,0.042,-0.605,2511,351,1855,2821,2587,2503,1506,2769,50,1.182,1,2189,1,32.976,0.581,-23.813,-15.688,-16.563,-0.117,0.008,0.996,-0.207,-0.543,0.152,0.090,0.012,1.061,1.406,2,NULL,NULL,,3,1,2,7,255,1180,250,0,0
stim,131593,161714,1,161714,3359004.453,-0.791,0.075,0.042,-0.605,2472,379,1915,2800,2612,2505,1586,2779,50,1.182,1,2189,1,31.624,0.581,-21.188,-16.125,-17.063,-0.137,0.031,0.961,-0.207,-0.543,0.004,0.092,0.014,1.061,1.406,2,NULL,NULL,,3,1,2,7,255,1180,250,0,0
stim,131593,161714,1,161714,3359009.455,-0.791,0.074,0.041,-0.606,2426,395,1980,2781,2636,2505,1668,2792,50,1.182,1,2189,1,29.585,0.332,-15.250,-17.063,-18.750,-0.121,0.047,0.965,-0.086,-0.320,-0.289,0.092,0.016,1.061,1.406,2,NULL,NULL,,3,1,2,7,255,1180,250,0,0
stim,131593,161714,1,161714,3359014.454,-0.791,0.073,0.041,-0.606,2394,423,2087,2765,2660,2509,1735,2804,50,1.182,1,2189,1,28.095,0.324,-11.563,-17.438,-18.750,-0.105,0.027,0.988,-0.051,-0.320,-0.289,0.094,0.016,1.061,1.406,2,NULL,NULL,,3,1,2,7,255,1180,250,0,0
stim,131593,161714,1,161714,3359019.455,-0.790,0.072,0.041,-0.607,2339,435,2174,2743,2681,2513,1790,2811,50,1.182,1,2189,1,27.310,0.506,-12.563,-18.438,-15.750,-0.121,-0.004,1.020,-0.051,-0.504,-0.063,0.096,0.016,1.061,1.406,2,NULL,NULL,,3,1,2,7,255,1180,250,0,0
stim,131593,161714,1,161714,3359024.454,-0.790,0.071,0.041,-0.608,2281,445,2234,2717,2705,2517,1847,2829,50,1.182,1,2189,1,29.424,0.595,-16.250,-19.313,-15.125,-0.152,0.008,1.035,-0.316,-0.504,0.250,0.098,0.018,1.061,1.406,2,NULL,NULL,,3,1,2,7,255,1180,250,0,0
stim,131593,161714,1,161714,3359029.455,-0.790,0.070,0.041,-0.608,2216,479,2297,2681,2727,2519,1909,2840,50,1.182,1,2189,1,35.024,0.372,-21.125,-19.375,-20.125,-0.152,0.020,1.039,-0.316,-0.195,0.453,0.100,0.018,1.061,1.406,2,NULL,NULL,,3,1,2,7,255,1180,250,0,0
stim,131615,161736,1,161736,3359034.453,-0.789,0.068,0.041,-0.609,2153,489,2365,2647,2745,2520,1973,2852,50,1.182,1,2189,1,39.398,0.311,-24.500,-19.313,-24.063,-0.105,0.000,1.023,-0.242,-0.195,0.453,0.102,0.020,1.061,1.406,2,NULL,NULL,,3,1,2,7,255,1180,250,0,0
stim,131615,161736,1,161736,3359039.455,-0.789,0.067,0.041,-0.610,2077,493,2425,2606,2763,2521,2029,2859,50,1.182,1,2189,1,40.781,0.600,-27.813,-20.000,-22.125,-0.090,0.004,1.016,-0.199,-0.566,0.250,0.104,0.020,1.061,1.406,2,NULL,NULL,,3,1,2,7,255,1180,250,0,0
stim,131615,161736,1,161736,3359044.454,-0.788,0.065,0.041,-0.611,1995,489,2463,2571,2781,2523,2095,2873,50,1.182,1,2189,1,41.045,0.585,-29.313,-20.688,-19.938,-0.105,0.035,1.008,-0.145,-0.566,0.172,0.108,0.022,1.061,1.406,2,NULL,NULL,,3,1,2,7,255,1180,250,0,0
stim,131615,161736,1,161736,3359049.455,-0.788,0.064,0.041,-0.611,1915,490,2515,2519,2798,2523,2153,2885,50,1.182,1,2189,1,39.145,0.439,-26.375,-21.250,-19.625,-0.113,0.047,1.000,0.145,-0.414,0.117,0.108,0.022,1.061,1.406,2,NULL,NULL,,3,1,2,7,255,1180,250,0,0
stim,131615,161736,1,161736,3359054.454,-0.787,0.062,0.040,-0.612,1829,489,2553,2473,2815,2523,2212,2892,50,1.182,1,2189,1,37.835,0.344,-24.063,-22.063,-19.125,-0.117,0.027,1.027,0.145,-0.313,0.117,0.110,0.024,1.061,1.406,2,NULL,NULL,,3,1,2,7,255,1180,250,0,0
stim,131615,161736,1,161736,3359059.455,-0.787,0.061,0.040,-0.612,1685,485,2597,2409,2838,2521,2275,2901,50,1.182,1,2189,1,38.994,0.348,-26.313,-22.750,-17.625,-0.113,0.031,1.063,0.152,-0.313,0.328,0.112,0.026,1.061,1.406,2,NULL,NULL,,3,1,2,7,255,1180,250,0,0
stim,131615,161736,1,161736,3359064.453,-0.787,0.059,0.040,-0.613,1563,479,2637,2330,2853,2521,2330,2909,50,1.182,1,2189,1,39.915,0.348,-29.188,-23.500,-13.750,-0.113,0.082,1.070,0.152,-0.313,0.660,0.114,0.026,1.061,1.406,2,NULL,NULL,,3,1,2,7,255,1180,250,0,0
stim,131615,161736,0,161736,3359069.455,-0.787,0.057,0.040,-0.614,1359,459,2675,2251,2869,2519,2381,2918,50,1.182,1,2189,1,49.171,0.681,-37.938,-24.000,-20.063,-0.188,0.098,1.109,0.648,-0.207,0.746,0.116,0.026,1.061,1.406,2,NULL,NULL,,3,0,2,7,255,1186,250,0,0
stim,131658,161779,0,161779,3359074.454,-0.786,0.055,0.041,-0.614,1225,435,2713,2165,2887,2516,2429,2923,50,1.182,1,2189,1,58.157,0.734,-43.313,-25.438,-29.313,-0.164,0.094,1.086,0.652,0.336,0.965,0.118,0.026,1.061,1.406,2,NULL,NULL,,3,0,2,7,255,1186,250,0,0
stim,131658,161779,0,161779,3359079.455,-0.785,0.053,0.041,-0.616,1061,380,2747,2069,2901,2511,2483,2931,50,1.182,1,2189,1,61.628,0.737,-44.188,-26.500,-33.813,-0.121,0.074,1.059,0.656,0.336,0.965,0.118,0.028,1.061,1.406,2,NULL,NULL,,3,0,2,7,255,1186,250,0,0
stim,131658,161779,0,161779,3359084.454,-0.784,0.050,0.041,-0.617,895,371,2783,1935,2917,2503,2523,2937,50,1.182,1,2189,1,59.755,0.660,-41.563,-27.313,-33.125,-0.102,0.066,1.070,0.656,-0.066,0.703,0.120,0.028,1.061,1.406,2,NULL,NULL,,3,0,2,7,255,1186,250,0,0
stim,131658,161779,0,161779,3359089.455,-0.784,0.048,0.041,-0.618,668,329,2812,1765,2925,2491,2568,2940,50,1.182,1,2189,1,61.458,0.660,-42.875,-28.938,-33.188,-0.145,0.082,1.105,0.656,-0.066,0.703,0.120,0.030,1.061,1.406,2,NULL,NULL,,3,0,2,7,255,1186,250,0,0
stim,131658,161779,0,161779,3359094.453,-0.783,0.046,0.042,-0.619,473,291,2841,1556,2940,2477,2606,2951,50,1.182,1,2189,1,67.860,0.760,-47.938,-31.000,-36.688,-0.164,0.086,1.129,0.734,0.195,1.109,0.122,0.030,1.061,1.406,2,NULL,NULL,,3,0,2,7,255,1186,250,0,0
stim,131658,161779,0,161779,3359099.455,-0.782,0.043,0.042,-0.620,283,213,2863,1369,2993,2461,2651,2955,50,1.182,1,2189,1,73.614,0.809,-51.188,-33.125,-41.250,-0.125,0.082,1.109,0.785,0.195,1.137,0.122,0.032,1.061,1.406,2,NULL,NULL,,3,0,2,7,255,1186,250,0,0
stim,131697,161818,0,161818,3359104.453,-0.781,0.040,0.042,-0.622,106,175,2887,1099,2971,2441,2679,2963,50,1.182,1,2189,1,72.339,0.867,-47.563,-36.125,-40.813,-0.070,0.105,1.086,0.863,0.082,1.137,0.122,0.036,1.061,1.406,2,NULL,NULL,,3,0,2,7,255,1186,250,0,0
stim,131697,161818,0,161818,3359109.456,-0.780,0.038,0.041,-0.623,37,139,2905,871,2984,2411,2711,2968,50,1.182,1,2189,0,68.967,1.290,-42.938,-38.875,-37.438,-0.051,0.137,1.078,1.246,-0.332,0.809,0.124,0.038,1.061,1.406,2,NULL,NULL,,3,0,2,7,255,1186,250,0,0
stim,131697,161818,0,161818,3359114.454,-0.780,0.035,0.041,-0.624,3,78,2929,590,2995,2379,2749,2980,50,1.182,1,2189,0,65.079,1.659,-37.188,-42.188,-32.750,-0.055,0.176,1.074,1.625,-0.332,0.707,0.124,0.042,1.061,1.406,2,NULL,NULL,,3,0,2,7,255,1186,250,0,0
stim,131697,161818,0,161818,3359119.455,-0.779,0.033,0.040,-0.625,0,37,2931,414,3005,2339,2771,2975,50,1.182,1,2189,0,71.755,2.017,-40.125,-44.313,-39.688,-0.074,0.211,1.082,2.004,-0.230,0.707,0.124,0.044,1.061,1.406,2,NULL,NULL,,3,0,2,7,255,1186,250,0,0
stim,131697,161818,0,161818,3359124.454,-0.778,0.031,0.039,-0.627,0,17,2943,356,3018,2299,2795,2981,50,1.182,1,2189,0,68.767,2.005,-26.688,-49.563,-39.500,-0.191,0.102,1.125,2.004,0.070,0.746,0.124,0.048,1.061,1.406,2,NULL,NULL,,3,0,2,7,255,1186,250,0,0
stim,131697,161818,0,161818,3359129.455,-0.777,0.030,0.037,-0.627,0,3,2959,316,3031,2275,2821,2983,50,1.182,1,2189,0,68.814,1.458,21.438,-62.625,-18.813,-0.398,-0.016,1.488,1.082,0.977,1.293,0.126,0.052,1.061,1.406,2,NULL,NULL,,3,0,2,7,255,1186,250,0,0
stim,131697,161818,0,161818,3359134.453,-0.778,0.030,0.033,-0.627,0,0,2969,278,3036,2237,2843,2981,50,1.182,1,2189,0,93.378,2.458,48.125,-79.313,10.625,-0.547,-0.039,1.953,-0.316,2.438,5.063,0.126,0.058,1.061,1.406,2,NULL,NULL,,3,0,2,7,255,1186,250,0,0
stim,131697,161818,0,161818,3359139.455,-0.778,0.025,0.032,-0.627,0,0,2975,199,3045,2189,2859,2983,50,1.182,1,2189,0,101.838,2.545,-58.000,-83.188,-9.313,-0.277,-0.172,1.766,-0.730,2.438,7.699,0.122,0.064,1.061,1.406,2,NULL,NULL,,3,0,2,7,255,1186,250,0,0
stim,131698,161819,0,161819,3359144.453,-0.778,0.019,0.032,-0.628,0,0,2981,135,3051,2123,2877,2983,50,1.182,1,2189,0,152.667,1.760,-128.438,-79.438,-22.375,-0.121,-0.406,1.070,-1.477,0.957,7.699,0.116,0.072,1.061,1.406,2,NULL,NULL,,3,0,2,7,255,1186,250,0,0
stim,131698,161819,0,161819,3359149.455,-0.778,0.013,0.032,-0.627,0,0,2995,43,3067,2042,2900,2991,50,1.182,1,2189,0,124.511,3.622,-84.188,-90.438,15.375,-0.145,-0.406,0.777,-3.621,0.055,0.887,0.110,0.078,1.061,1.406,2,NULL,NULL,,3,0,2,7,255,1186,250,0,0
stim,131720,161841,0,161841,3359154.454,-0.779,0.010,0.029,-0.626,0,0,2980,5,3060,1940,2920,2989,50,1.182,1,2189,0,103.348,3.622,-18.000,-98.375,26.063,-0.301,-0.223,0.797,-3.621,0.055,-1.746,0.104,0.084,1.061,1.406,3,NULL,NULL,,3,0,2,7,255,1186,250,0,0
stim,131720,161841,0,161841,3359159.455,-0.779,0.008,0.025,-0.626,0,0,2989,0,3078,1828,2936,2981,50,1.182,1,2189,0,107.830,3.094,16.875,-106.438,3.688,-0.352,-0.137,1.016,-2.367,1.992,-1.746,0.100,0.088,1.061,1.406,3,NULL,NULL,,3,0,2,7,255,1186,250,0,0
stim,131720,161841,0,161841,3359164.453,-0.779,0.006,0.021,-0.626,0,0,2975,0,3079,1705,2965,2984,50,1.182,1,2189,0,114.621,2.555,23.438,-111.813,-9.313,-0.289,-0.164,1.262,-1.590,2.000,0.363,0.094,0.096,1.061,1.406,3,NULL,NULL,,3,0,2,7,255,1186,250,0,0
stim,131720,161841,0,161841,3359169.455,-0.779,0.003,0.017,-0.626,0,0,2969,0,3091,1580,2958,2971,50,1.182,1,2189,0,116.125,2.555,12.188,-115.000,-10.563,-0.223,-0.270,1.281,-1.590,2.000,2.738,0.088,0.104,1.061,1.406,3,NULL,NULL,,3,0,2,7,255,1186,250,0,0
stim,131741,161862,0,161862,3359174.454,-0.779,-0.000,0.013,-0.627,0,0,2957,0,3093,1385,2962,2975,50,1.182,1,2189,0,120.383,2.757,2.938,-120.125,-7.313,-0.148,-0.293,1.203,-2.461,1.242,2.738,0.082,0.114,1.061,1.406,3,NULL,NULL,,3,0,2,7,255,1186,250,0,0
stim,131741,161862,0,161862,3359179.455,-0.779,-0.004,0.009,-0.626,0,0,2941,0,3090,1195,2979,2973,50,1.182,1,2189,0,124.775,2.548,2.500,-124.750,0.063,-0.125,-0.227,1.160,-2.461,0.660,2.121,0.076,0.124,1.061,1.406,3,NULL,NULL,,3,0,2,7,255,1186,250,0,0
stim,131741,161862,0,161862,3359184.454,-0.780,-0.007,0.004,-0.626,0,0,2937,0,3099,977,2976,2952,50,1.182,1,2189,0,130.190,2.080,8.563,-129.688,7.563,-0.180,-0.125,1.133,-1.973,0.660,1.672,0.072,0.134,1.061,1.406,3,NULL,NULL,,3,0,2,7,255,1186,250,0,0
stim,131741,161862,0,161862,3359189.455,-0.780,-0.010,-0.001,-0.626,0,0,2911,0,3098,725,2986,2939,50,1.182,1,2189,0,138.583,1.913,22.563,-136.688,3.563,-0.207,0.004,1.184,-1.152,1.527,1.672,0.070,0.144,1.061,1.406,3,NULL,NULL,,3,0,2,7,255,1186,250,0,0
stim,131764,161885,0,161885,3359194.454,-0.780,-0.013,-0.007,-0.625,0,0,2889,0,3103,589,2996,2927,50,1.182,1,2189,0,146.559,1.903,24.750,-144.438,2.188,-0.141,0.098,1.289,-0.031,1.902,1.762,0.068,0.154,1.061,1.406,3,NULL,NULL,,3,0,2,7,255,1186,250,0,0
stim,131764,161885,0,161885,3359199.455,-0.780,-0.016,-0.012,-0.625,0,0,2857,0,3096,429,3011,2911,50,1.182,1,2189,0,150.599,2.205,21.375,-149.063,1.875,-0.141,0.086,1.285,0.820,2.047,2.664,0.064,0.164,1.061,1.406,3,NULL,NULL,,3,0,2,7,255,1186,250,0,0
stim,131795,161916,0,161916,3359204.453,-0.781,-0.019,-0.018,-0.625,0,0,2826,0,3101,189,3005,2889,50,1.182,1,2189,0,161.455,2.149,24.000,-159.563,5.625,-0.086,0.160,1.379,1.000,1.902,2.746,0.058,0.174,1.061,1.406,3,NULL,NULL,,3,0,2,7,255,1186,250,0,0
stim,131795,161916,0,161916,3359209.455,-0.781,-0.023,-0.024,-0.624,0,0,2783,0,3093,91,3014,2861,50,1.182,1,2189,0,165.091,2.492,9.188,-164.063,15.938,-0.047,0.230,1.387,1.609,1.902,3.586,0.050,0.184,1.061,1.406,3,NULL,NULL,,3,0,2,7,255,1186,250,0,0
stim,131795,161916,0,161916,3359214.453,-0.781,-0.028,-0.030,-0.623,0,0,2745,0,3092,43,3017,2839,50,1.182,1,2189,0,171.039,3.000,0.313,-169.938,19.375,-0.066,0.289,1.383,2.320,1.902,3.586,0.040,0.192,1.061,1.406,3,NULL,NULL,,3,0,2,7,255,1186,250,0,0
stim,131795,161916,0,161916,3359219.455,-0.782,-0.032,-0.036,-0.622,0,0,2687,0,3087,0,3017,2803,50,1.182,1,2189,0,178.243,3.648,0.250,-177.313,18.188,-0.148,0.324,1.414,2.789,2.352,3.629,0.030,0.200,1.061,1.406,3,NULL,NULL,,3,0,2,7,255,1186,250,0,0
stim,131795,161916,0,161916,3359224.454,-0.782,-0.037,-0.042,-0.621,0,0,2631,0,3080,0,3016,2761,50,1.182,1,2189,0,185.571,4.500,2.000,-184.875,15.938,-0.133,0.340,1.508,2.891,3.449,3.703,0.016,0.212,1.061,1.406,3,NULL,NULL,,3,0,2,7,255,1186,250,0,0
stim,131795,161916,0,161916,3359229.455,-0.782,-0.043,-0.049,-0.619,0,0,2567,0,3069,0,3031,2706,50,1.182,1,2189,0,193.870,4.676,-7.063,-192.938,17.625,-0.180,0.309,1.703,2.891,3.676,4.586,0.004,0.222,1.061,1.406,3,NULL,NULL,,3,0,2,7,255,1186,250,0,0
stim,131795,161916,0,161916,3359234.454,-0.782,-0.049,-0.055,-0.619,0,0,2486,0,3063,0,3029,2641,50,1.182,1,2189,0,201.354,5.460,-24.813,-199.563,10.125,-0.129,0.375,1.914,3.023,4.547,6.410,0.018,0.236,1.061,1.406,3,NULL,NULL,,3,0,2,7,255,1186,250,0,0
stim,131795,161916,0,161916,3359239.455,-0.783,-0.056,-0.061,-0.617,0,0,2397,0,3045,3,3029,2570,50,1.182,1,2189,0,215.373,5.449,-42.688,-209.375,26.938,-0.219,0.313,2.086,2.578,4.801,8.418,0.036,0.252,1.061,1.406,3,NULL,NULL,,3,0,2,7,255,1186,250,0,0
stim,131795,161916,0,161916,3359244.453,-0.783,-0.064,-0.067,-0.615,0,0,2315,0,3031,31,3013,2471,50,1.182,1,2189,0,236.668,6.842,-57.938,-226.625,36.000,-0.344,0.391,2.129,2.961,6.168,9.867,0.056,0.274,1.061,1.406,3,NULL,NULL,,3,0,2,7,255,1186,250,0,0
stim,131795,161916,0,161916,3359249.455,-0.784,-0.074,-0.073,-0.613,0,0,2207,0,3021,69,3002,2349,50,1.182,1,2189,0,265.138,8.501,-79.125,-246.938,55.313,-0.441,0.414,2.102,2.961,7.969,9.867,0.080,0.298,1.061,1.406,3,NULL,NULL,,3,0,2,7,255,1186,250,0,0
stim,131825,161947,0,161947,3359254.453,-0.784,-0.084,-0.079,-0.610,0,0,2091,0,3001,83,2995,2232,50,1.182,1,2189,0,284.337,9.808,-98.313,-264.125,37.688,-0.500,0.586,2.016,2.969,9.348,9.203,0.106,0.326,1.061,1.406,3,NULL,NULL,,3,0,2,7,255,1186,250,0,0
stim,131825,161947,0,161947,3359259.455,-0.783,-0.096,-0.085,-0.608,0,0,1967,0,2974,87,2991,2095,50,1.182,1,2189,0,309.168,10.962,-115.875,-284.250,36.875,-0.395,0.602,1.980,4.508,9.992,7.906,0.140,0.360,1.061,1.406,3,NULL,NULL,,3,0,2,7,255,1186,250,0,0
stim,131825,161947,0,161947,3359264.454,-0.783,-0.108,-0.092,-0.606,0,0,1863,0,2957,105,2941,1979,50,1.182,1,2189,0,325.835,11.342,-114.000,-303.625,31.375,-0.328,0.695,2.012,4.961,10.199,7.594,0.178,0.402,1.061,1.406,3,NULL,NULL,,3,0,2,7,255,1186,250,0,0
stim,131825,161947,0,161947,3359269.455,-0.782,-0.121,-0.100,-0.603,0,0,1743,0,2921,116,2901,1865,50,1.182,1,2189,0,347.301,11.825,-126.313,-321.188,38.750,-0.324,0.680,2.098,5.984,10.199,7.594,0.222,0.446,1.061,1.406,3,NULL,NULL,,3,0,2,7,255,1186,250,0,0
stim,131825,161947,0,161947,3359274.455,-0.781,-0.134,-0.108,-0.600,0,0,1619,0,2877,108,2863,1723,50,1.182,1,2189,0,362.687,12.468,-120.750,-339.250,43.250,-0.500,0.637,2.348,5.984,10.938,8.059,0.266,0.494,1.061,1.406,3,NULL,NULL,,3,0,2,7,255,1186,250,0,0
stim,131825,161947,0,161947,3359279.455,-0.780,-0.148,-0.116,-0.597,0,0,1525,0,2835,104,2797,1579,50,1.182,1,2189,0,377.975,14.804,-124.000,-355.563,32.625,-0.699,0.691,2.656,5.316,13.816,9.465,0.316,0.544,1.061,1.406,3,NULL,NULL,,3,0,2,7,255,1186,250,0,0
stim,131856,161977,0,161977,3359284.453,-0.778,-0.163,-0.125,-0.594,0,0,1435,0,2775,78,2711,1453,50,1.182,1,2189,0,405.990,18.219,-146.250,-378.250,19.125,-0.891,0.695,2.836,5.227,17.453,11.039,0.368,0.598,1.061,1.406,3,NULL,NULL,,3,0,2,7,255,1186,250,0,0
stim,131856,161977,0,161977,3359289.455,-0.774,-0.179,-0.134,-0.592,0,0,1309,0,2699,73,2613,1303,50,1.182,1,2189,0,433.601,21.258,-174.938,-396.625,-9.750,-0.801,0.703,2.879,5.316,20.582,11.164,0.428,0.660,1.061,1.406,3,NULL,NULL,,3,0,2,7,255,1186,250,0,0
stim,131856,161977,0,161977,3359294.453,-0.769,-0.196,-0.143,-0.591,0,0,1161,0,2596,43,2470,1157,50,1.182,1,2189,0,451.824,21.223,-187.250,-407.750,-53.125,-0.680,0.621,2.793,5.176,20.582,11.164,0.498,0.734,1.061,1.406,3,NULL,NULL,,3,0,2,7,255,1186,250,0,0
stim,131856,161977,0,161977,3359299.455,-0.764,-0.213,-0.153,-0.590,0,0,973,0,2453,0,2275,975,50,1.182,1,2189,0,462.188,20.632,-191.125,-418.500,-44.125,-0.582,0.469,2.766,5.176,19.973,10.270,0.580,0.818,1.061,1.406,3,NULL,NULL,,3,0,2,7,255,1186,250,0,0
stim,131892,162013,0,162013,3359304.454,-0.759,-0.231,-0.162,-0.587,0,0,759,0,2283,0,2021,895,50,1.182,1,2189,0,476.770,19.975,-202.813,-430.875,-22.875,-0.535,0.355,2.738,4.152,19.539,9.895,0.666,0.908,1.061,1.406,3,NULL,NULL,,3,0,2,7,255,1186,250,0,0
stim,131892,162013,0,162013,3359309.455,-0.753,-0.250,-0.171,-0.584,0,0,557,0,2035,0,1724,760,50,1.182,1,2189,0,507.928,19.765,-235.563,-450.000,-1.125,-0.496,-0.020,2.328,3.387,19.473,9.289,0.754,1.000,1.061,1.406,3,NULL,NULL,,3,0,2,7,255,1186,250,0,0
stim,131892,162013,0,162013,3359314.453,-0.748,-0.270,-0.179,-0.579,0,0,399,0,1767,0,1291,621,50,1.182,1,2189,0,526.082,17.035,-238.125,-468.313,27.250,-0.336,-0.402,1.668,-0.066,17.035,6.074,0.844,1.092,1.061,1.406,3,NULL,NULL,,3,0,2,7,255,1186,250,0,0
stim,131892,162013,0,162013,3359319.455,-0.743,-0.288,-0.190,-0.573,0,0,269,0,1479,0,729,505,50,1.182,1,2189,0,511.490,12.410,-183.563,-476.875,22.750,-0.082,-0.422,1.102,-3.445,11.922,1.965,0.930,1.182,1.061,1.406,3,NULL,NULL,,3,0,2,7,255,1186,250,0,0
stim,131892,162013,0,162013,3359324.454,-0.739,-0.303,-0.203,-0.566,0,0,212,0,1149,0,266,431,50,1.182,1,2189,0,490.414,7.819,-63.688,-485.563,26.063,0.016,-0.324,1.148,-3.445,7.020,-0.738,1.014,1.270,1.061,1.406,3,NULL,NULL,,3,0,2,7,255,1186,250,0,0
stim,131892,162013,0,162013,3359329.455,-0.737,-0.314,-0.219,-0.557,0,0,111,0,807,0,0,369,50,1.182,1,2189,0,498.454,7.383,36.125,-492.625,66.875,-0.215,0.020,1.984,-2.289,7.020,-0.738,1.086,1.346,1.061,1.406,3,NULL,NULL,,3,0,2,7,255,1186,250,0,0
stim,131914,162035,0,162035,3359334.453,-0.736,-0.327,-0.234,-0.545,0,0,109,0,401,0,0,325,50,1.182,1,2189,0,517.784,15.266,24.938,-502.375,122.875,-0.645,0.266,2.676,0.602,15.254,2.336,1.148,1.412,1.061,1.406,3,NULL,NULL,,3,0,2,7,255,1186,250,0,0
stim,131914,162035,0,162035,3359339.455,-0.734,-0.343,-0.245,-0.533,0,0,91,0,37,0,0,204,50,1.182,1,2189,0,533.114,23.993,-87.000,-499.313,165.313,-0.996,0.617,2.590,1.625,23.938,2.336,1.206,1.474,1.061,1.406,3,NULL,NULL,,3,0,2,7,255,1186,250,0,0
stim,131914,162035,0,162035,3359344.454,-0.729,-0.362,-0.253,-0.523,0,0,51,0,0,0,0,163,50,1.182,1,2189,0,535.081,24.196,-204.125,-473.625,142.563,-0.953,1.168,1.918,3.527,23.938,-2.293,1.266,1.538,1.061,1.406,3,NULL,NULL,,3,0,2,7,255,1186,250,0,0
stim,131914,162035,0,162035,3359349.455,-0.723,-0.381,-0.259,-0.515,0,0,29,0,0,0,0,109,50,1.182,1,2189,0,513.909,23.799,-242.500,-442.688,96.563,-0.715,1.434,1.348,8.445,22.250,-8.695,1.338,1.612,1.061,1.406,4,NULL,NULL,,3,0,2,7,255,1186,250,0,0
stim,131914,162035,0,162035,3359354.453,-0.716,-0.399,-0.265,-0.508,0,0,28,0,0,0,0,59,50,1.182,1,2189,0,482.074,18.934,-242.125,-406.438,92.625,-0.699,1.145,1.270,8.738,16.797,-11.922,1.424,1.702,1.061,1.406,0,NULL,NULL,,3,0,2,7,255,1186,250,0,0
stim,131914,162035,0,162035,3359359.455,-0.710,-0.418,-0.266,-0.500,0,0,31,0,0,0,0,89,50,1.182,1,2189,0,483.256,17.862,-311.188,-342.375,139.563,-0.898,1.027,1.180,8.738,15.578,-12.152,1.518,1.798,1.061,1.406,0,NULL,NULL,,3,0,2,7,255,1186,250,0,0
stim,131914,162035,0,162035,3359364.453,-0.702,-0.436,-0.263,-0.497,0,0,39,0,0,0,0,139,50,1.182,1,2189,0,481.596,17.282,-397.000,-260.625,80.000,-0.566,1.023,0.535,7.668,15.488,-14.480,1.610,1.894,1.061,1.406,0,NULL,NULL,,3,0,2,7,255,1186,250,0,0
stim,131914,162035,0,162035,3359369.455,-0.694,-0.449,-0.262,-0.498,0,0,40,0,0,0,0,170,50,1.182,1,2189,0,339.360,10.690,-296.500,-164.875,-8.313,-0.379,0.016,0.035,6.938,8.133,-14.480,1.702,1.988,1.061,1.406,0,NULL,NULL,,3,0,2,7,255,1186,250,0,0
stim,131944,162065,0,162065,3359374.454,-0.690,-0.455,-0.263,-0.497,0,0,35,0,0,0,0,176,50,1.182,1,2189,0,162.885,5.939,-123.375,-106.063,-7.813,-0.543,-0.863,0.461,-1.258,5.805,-12.730,1.788,2.074,1.061,1.406,0,NULL,NULL,,3,0,2,7,255,1186,250,0,0
stim,131944,162065,0,162065,3359379.455,-0.688,-0.459,-0.262,-0.498,0,0,39,0,0,0,0,189,50,1.182,1,2189,0,112.467,9.456,-105.063,-38.375,-11.750,-0.754,-0.680,1.203,-7.465,5.805,-8.969,1.868,2.156,1.061,1.406,0,NULL,NULL,,3,0,2,7,255,1186,250,0,0
stim,131944,162065,0,162065,3359384.454,-0.683,-0.464,-0.257,-0.502,0,0,35,0,0,0,0,140,50,1.182,1,2189,0,215.282,12.485,-207.625,43.125,-37.125,-0.691,0.074,0.801,-7.465,10.008,-8.969,1.940,2.230,1.061,1.406,0,NULL,NULL,,3,0,2,7,255,1186,250,0,0
stim,131944,162065,0,162065,3359389.455,-0.679,-0.468,-0.249,-0.508,0,0,37,0,0,0,0,108,50,1.182,1,2189,0,255.241,10.035,-227.063,112.313,-31.250,-0.461,0.816,-0.293,-0.734,10.008,-12.277,1.998,2.292,1.061,1.406,0,NULL,NULL,,3,0,2,7,255,1186,250,0,0
stim,131944,162065,0,162065,3359394.453,-0.678,-0.467,-0.242,-0.513,0,0,36,0,0,0,0,107,50,1.182,1,2189,0,192.418,5.192,-111.750,156.563,-5.000,-0.449,0.988,-0.699,5.176,-0.414,-17.879,2.052,2.348,1.061,1.406,0,NULL,NULL,,3,0,2,7,255,1186,250,0,0
stim,131944,162065,0,162065,3359399.455,-0.680,-0.463,-0.237,-0.516,0,0,27,0,0,0,0,103,50,1.182,1,2189,0,181.712,5.192,12.063,181.188,6.688,-0.652,0.586,-0.176,5.176,-0.414,-17.980,2.102,2.402,1.061,1.406,0,NULL,NULL,,3,0,2,7,255,1186,250,0,0
stim,131997,162118,0,162118,3359404.453,-0.683,-0.457,-0.232,-0.520,0,0,29,0,0,0,0,99,50,1.182,1,2189,0,201.809,3.032,34.188,198.875,-2.625,-0.746,0.117,0.426,2.582,1.590,-17.980,2.144,2.446,1.061,1.406,0,NULL,NULL,,3,0,2,7,255,1186,250,0,0
stim,131997,162118,0,162118,3359409.455,-0.685,-0.453,-0.226,-0.525,0,0,29,0,0,0,0,99,50,1.182,1,2189,0,209.863,7.038,-4.063,209.750,-5.563,-0.652,-0.004,0.449,-0.805,6.992,-14.137,2.176,2.480,1.061,1.406,0,NULL,NULL,,3,0,2,7,255,1186,250,0,0
stim,131997,162118,0,162118,3359414.454,-0.686,-0.448,-0.219,-0.529,0,0,30,0,0,0,0,89,50,1.182,1,2189,0,214.794,7.038,-19.313,213.688,10.063,-0.539,0.195,0.086,-0.805,6.992,-14.137,2.198,2.506,1.061,1.406,0,NULL,NULL,,3,0,2,7,255,1186,250,0,0
stim,131997,162118,0,162118,3359419.455,-0.689,-0.443,-0.213,-0.532,0,0,24,0,0,0,0,87,50,1.182,1,2189,0,215.044,3.465,12.375,212.813,28.313,-0.535,0.445,-0.156,0.027,3.465,-14.250,2.218,2.528,1.061,1.406,0,NULL,NULL,,3,0,2,7,255,1186,250,0,0
stim,131997,162118,0,162118,3359424.454,-0.693,-0.437,-0.207,-0.535,0,0,29,0,0,0,0,77,50,1.182,1,2189,0,220.460,2.946,55.813,210.500,34.313,-0.578,0.535,-0.109,1.801,2.332,-16.352,2.238,2.552,1.061,1.406,0,NULL,NULL,,3,0,2,7,255,1186,250,0,0
stim,131997,162118,0,162118,3359429.455,-0.697,-0.430,-0.202,-0.538,0,0,27,0,0,0,0,79,50,1.182,1,2189,0,226.798,3.214,79.188,209.938,33.063,-0.566,0.453,0.047,2.211,2.332,-16.352,2.258,2.572,1.061,1.406,0,NULL,NULL,,3,0,2,7,255,1186,250,0,0
stim,131997,162118,0,162118,3359434.453,-0.701,-0.422,-0.197,-0.540,0,0,24,0,0,0,0,75,50,1.182,1,2189,0,230.332,4.256,84.438,211.188,36.375,-0.504,0.328,0.145,2.211,3.637,-15.449,2.274,2.592,1.061,1.406,0,NULL,NULL,,3,0,2,7,255,1186,250,0,0
stim,131997,162118,0,162118,3359439.455,-0.705,-0.415,-0.192,-0.542,0,0,27,0,0,0,0,75,50,1.182,1,2189,0,235.166,4.372,88.750,213.063,45.063,-0.480,0.270,0.176,1.480,4.113,-13.914,2.286,2.608,1.061,1.406,0,NULL,NULL,,3,0,2,7,255,1186,250,0,0
stim,131997,162118,0,162118,3359444.453,-0.710,-0.407,-0.187,-0.544,0,0,25,0,0,0,0,69,50,1.182,1,2189,0,242.058,4.475,99.000,215.313,49.313,-0.504,0.285,0.242,1.289,4.285,-13.273,2.298,2.622,1.061,1.406,0,NULL,NULL,,3,0,2,7,255,1186,250,0,0
stim,131997,162118,0,162118,3359449.455,-0.714,-0.399,-0.182,-0.546,0,0,24,0,0,0,0,67,50,1.182,1,2189,0,248.195,5.167,108.125,218.813,45.063,-0.500,0.305,0.371,1.289,5.004,-13.004,2.312,2.638,1.061,1.406,0,NULL,NULL,,3,0,2,7,255,1186,250,0,0
stim,132029,162150,0,162150,3359454.454,-0.719,-0.390,-0.177,-0.548,0,0,22,0,0,0,0,62,50,1.182,1,2189,0,252.856,6.296,109.125,224.813,38.563,-0.449,0.297,0.508,1.727,6.055,-12.188,2.330,2.656,1.061,1.406,0,NULL,NULL,,3,0,2,7,255,1186,250,0,0
stim,132029,162150,0,162150,3359459.455,-0.723,-0.382,-0.171,-0.550,0,0,25,0,0,0,0,61,50,1.182,1,2189,0,258.288,7.105,104.688,233.313,36.313,-0.402,0.270,0.605,2.094,6.789,-10.844,2.350,2.680,1.061,1.406,0,NULL,NULL,,3,0,2,7,255,1186,250,0,0
stim,132029,162150,0,162150,3359464.454,-0.727,-0.373,-0.166,-0.552,0,0,26,0,0,0,0,59,50,1.182,1,2189,0,266.092,7.502,100.000,244.000,35.625,-0.406,0.262,0.680,2.215,7.168,-9.664,2.374,2.706,1.061,1.406,0,NULL,NULL,,3,0,2,7,255,1186,250,0,0
stim,132029,162150,0,162150,3359469.455,-0.731,-0.364,-0.159,-0.555,0,0,23,0,0,0,0,58,50,1.182,1,2189,0,274.282,8.043,94.688,255.688,29.813,-0.438,0.270,0.758,2.273,7.715,-9.004,2.402,2.736,1.061,1.406,0,NULL,NULL,,3,0,2,7,255,1186,250,0,0
stim,132030,162151,0,162151,3359474.454,-0.734,-0.355,-0.153,-0.558,0,0,26,0,0,0,0,71,50,1.182,1,2189,0,281.907,8.798,84.750,268.250,18.188,-0.434,0.258,0.832,2.383,8.469,-8.527,2.434,2.772,1.061,1.406,0,NULL,NULL,,3,0,2,7,255,1186,250,0,0
stim,132030,162151,0,162151,3359479.455,-0.737,-0.345,-0.145,-0.562,0,0,23,0,0,0,0,81,50,1.182,1,2189,0,290.760,8.872,72.438,281.500,7.188,-0.383,0.238,0.844,2.461,8.523,-7.734,2.472,2.812,1.061,1.406,0,NULL,NULL,,3,0,2,7,255,1186,250,0,0
stim,132049,162170,0,162170,3359484.453,-0.740,-0.336,-0.138,-0.566,0,0,25,0,0,0,0,83,50,1.182,1,2189,0,301.605,8.872,63.938,294.750,0.438,-0.336,0.215,0.813,2.461,8.523,-7.063,2.512,2.854,1.061,1.406,0,NULL,NULL,,3,0,2,7,255,1186,250,0,0
stim,132049,162170,0,162170,3359489.455,-0.742,-0.326,-0.129,-0.571,0,0,25,0,0,0,0,77,50,1.182,1,2189,0,312.780,8.221,61.625,306.625,-3.875,-0.328,0.172,0.777,2.438,7.852,-6.719,2.554,2.898,1.061,1.406,0,NULL,NULL,,3,0,2,7,255,1186,250,0,0
stim,132049,162170,0,162170,3359494.454,-0.744,-0.316,-0.121,-0.576,0,0,27,0,0,0,0,79,50,1.182,1,2189,0,322.937,7.725,63.563,316.438,-10.750,-0.344,0.145,0.766,2.059,7.445,-6.582,2.596,2.944,1.061,1.406,0,NULL,NULL,,3,0,2,7,255,1186,250,0,0
stim,132049,162170,0,162170,3359499.455,-0.746,-0.306,-0.113,-0.581,0,0,22,0,0,0,0,78,50,1.182,1,2189,0,331.965,7.546,68.000,324.250,-20.938,-0.313,0.129,0.758,1.785,7.332,-6.434,2.642,2.990,1.061,1.406,0,NULL,NULL,,3,0,2,7,255,1186,250,0,0
stim,132096,162217,0,162217,3359504.454,-0.748,-0.295,-0.104,-0.586,0,0,25,0,0,0,0,83,50,1.182,1,2189,0,340.207,7.148,74.875,330.563,-29.375,-0.215,0.121,0.738,1.785,6.922,-6.074,2.686,3.038,1.061,1.406,0,NULL,NULL,,3,0,2,7,255,1186,250,0,0
stim,132096,162217,0,162217,3359509.455,-0.749,-0.283,-0.096,-0.591,0,0,22,0,0,0,0,83,50,1.182,1,2189,0,346.048,6.221,84.688,334.188,-29.938,-0.125,0.125,0.719,1.977,5.898,-5.520,2.730,3.086,1.061,1.406,0,NULL,NULL,,3,0,2,7,255,1186,250,0,0
stim,132096,162217,0,162217,3359514.453,-0.751,-0.271,-0.088,-0.596,0,0,22,0,0,0,0,88,50,1.182,1,2189,0,349.835,5.410,99.250,334.500,-25.375,-0.090,0.160,0.730,2.238,4.926,-5.094,2.774,3.132,1.061,1.406,0,NULL,NULL,,3,0,2,7,255,1186,250,0,0
stim,132096,162217,0,162217,3359519.455,-0.752,-0.259,-0.081,-0.600,0,0,25,0,0,0,0,87,50,1.182,1,2189,0,353.280,5.318,115.688,332.938,-24.000,-0.063,0.160,0.785,2.699,4.582,-4.797,2.814,3.174,1.061,1.406,0,NULL,NULL,,3,0,2,7,255,1186,250,0,0
stim,132096,162217,0,162217,3359524.454,-0.754,-0.245,-0.074,-0.605,0,0,23,0,0,0,0,88,50,1.182,1,2189,0,355.557,5.177,129.563,330.375,-22.063,-0.016,0.098,0.836,2.699,4.418,-4.082,2.850,3.212,1.061,1.406,0,NULL,NULL,,3,0,2,7,255,1186,250,0,0
stim,132096,162217,0,162217,3359529.455,-0.756,-0.232,-0.067,-0.609,0,0,23,0,0,0,0,86,50,1.182,1,2189,0,358.435,4.718,143.250,328.125,-17.000,0.027,0.074,0.852,2.539,3.977,-3.129,2.882,3.246,1.061,1.406,0,NULL,NULL,,3,0,2,7,255,1186,250,0,0
stim,132096,162217,0,162217,3359534.454,-0.758,-0.218,-0.061,-0.612,0,0,23,0,0,0,0,85,50,1.182,1,2189,0,364.079,4.280,161.750,326.000,-10.688,0.031,0.117,0.898,2.539,3.445,-2.625,2.910,3.276,1.061,1.406,0,NULL,NULL,,3,0,2,7,255,1186,250,0,0
stim,132096,162217,0,162217,3359539.455,-0.760,-0.203,-0.055,-0.615,0,0,22,0,0,0,0,78,50,1.182,1,2189,0,369.781,4.497,178.563,323.750,-6.250,0.012,0.152,1.000,2.891,3.445,-2.184,2.936,3.304,1.061,1.406,0,NULL,NULL,,3,0,2,7,255,1186,250,0,0
stim,132096,162217,0,162217,3359544.453,-0.762,-0.188,-0.050,-0.618,0,0,21,0,0,0,0,76,50,1.182,1,2189,0,374.571,4.968,193.000,321.000,-3.625,0.012,0.129,1.129,3.223,3.781,-1.336,2.960,3.330,1.061,1.406,0,NULL,NULL,,3,0,2,7,255,1186,250,0,0
stim,132096,162217,0,162217,3359549.455,-0.764,-0.173,-0.045,-0.620,0,0,25,0,0,0,0,76,50,1.182,1,2189,0,377.333,5.138,201.938,318.750,-0.188,-0.008,0.129,1.266,3.297,3.941,0.035,2.982,3.356,1.061,1.406,0,NULL,NULL,,3,0,2,7,255,1186,250,0,0
stim,132124,162245,0,162245,3359554.453,-0.766,-0.158,-0.040,-0.622,0,0,20,0,0,0,0,74,50,1.182,1,2189,0,376.007,5.366,205.000,315.188,3.625,-0.055,0.141,1.410,3.301,4.230,1.414,3.006,3.380,1.061,1.406,0,NULL,NULL,,3,0,2,7,255,1186,250,0,0
stim,132124,162245,0,162245,3359559.455,-0.767,-0.142,-0.035,-0.624,0,0,20,0,0,0,0,75,50,1.182,1,2189,0,372.447,5.775,203.688,311.813,0.875,-0.090,0.125,1.547,3.301,4.738,2.746,3.028,3.404,1.061,1.406,0,NULL,NULL,,3,0,2,7,255,1186,250,0,0
stim,132124,162245,0,162245,3359564.454,-0.768,-0.127,-0.030,-0.626,0,0,23,0,0,0,0,73,50,1.182,1,2189,0,366.322,5.949,196.000,309.438,-4.938,-0.094,0.129,1.672,3.301,4.949,4.160,3.052,3.432,1.061,1.406,0,NULL,NULL,,3,0,2,7,255,1186,250,0,0
stim,132124,162245,0,162245,3359569.455,-0.769,-0.113,-0.025,-0.629,0,0,20,0,0,0,0,73,50,1.182,1,2189,0,357.616,5.947,181.250,308.063,-11.625,-0.094,0.137,1.742,3.297,4.949,5.512,3.078,3.458,1.061,1.406,0,NULL,NULL,,3,0,2,7,255,1186,250,0,0
stim,132124,162245,0,162245,3359574.454,-0.769,-0.099,-0.019,-0.631,0,0,22,0,0,0,0,73,50,1.182,1,2189,0,348.386,5.698,165.500,306.125,-16.438,-0.082,0.160,1.770,3.301,4.645,6.348,3.104,3.486,1.061,1.406,0,NULL,NULL,,3,0,2,7,255,1186,250,0,0
stim,132124,162245,0,162245,3359579.455,-0.769,-0.085,-0.013,-0.633,0,0,19,0,0,0,0,71,50,1.182,1,2189,0,340.053,5.281,152.500,303.188,-21.375,-0.063,0.148,1.750,3.297,4.125,6.730,3.130,3.516,1.061,1.406,0,NULL,NULL,,3,0,2,7,255,1186,250,0,0
stim,132158,162279,0,162279,3359584.453,-0.769,-0.072,-0.007,-0.635,0,0,23,0,0,0,0,77,50,1.182,1,2189,0,334.001,4.683,147.125,299.188,-19.938,-0.051,0.125,1.758,3.223,3.398,6.742,3.156,3.544,1.061,1.406,0,NULL,NULL,,3,0,2,7,255,1186,250,0,0
stim,132158,162279,0,162279,3359589.455,-0.769,-0.059,-0.002,-0.637,0,0,23,0,0,0,0,80,50,1.182,1,2189,0,327.764,4.044,139.875,295.625,-21.688,-0.082,0.125,1.777,2.906,2.813,6.949,3.184,3.572,1.061,1.406,0,NULL,NULL,,3,0,2,7,255,1186,250,0,0
stim,132158,162279,0,162279,3359594.453,-0.768,-0.046,0.004,-0.639,0,0,20,0,0,0,0,83,50,1.182,1,2189,0,321.252,3.791,131.438,291.875,-27.125,-0.086,0.117,1.773,2.738,2.621,7.238,3.210,3.600,1.061,1.406,0,NULL,NULL,,3,0,2,7,255,1186,250,0,0
stim,132158,162279,0,162279,3359599.455,-0.767,-0.034,0.010,-0.640,0,0,21,0,0,0,0,91,50,1.182,1,2189,0,316.140,3.367,126.250,288.188,-30.875,-0.059,0.109,1.727,2.566,2.180,7.238,3.234,3.626,1.061,1.406,0,NULL,NULL,,3,0,2,7,255,1186,250,0,0
stim,132193,162314,0,162314,3359604.454,-0.766,-0.021,0.016,-0.642,0,0,21,0,0,0,0,91,50,1.182,1,2189,0,314.211,2.750,129.813,284.375,-31.750,-0.043,0.082,1.715,2.363,1.406,6.906,3.256,3.650,1.061,1.406,0,NULL,NULL,,3,0,2,7,255,1186,250,0,0
stim,132193,162314,0,162314,3359609.455,-0.765,-0.009,0.022,-0.644,0,0,24,0,0,0,0,91,50,1.182,1,2189,0,313.675,2.161,135.813,280.750,-33.563,-0.047,0.090,1.766,2.020,0.770,6.906,3.276,3.674,1.061,1.406,0,NULL,NULL,,3,0,2,7,255,1186,250,0,0
stim,132193,162314,0,162314,3359614.453,-0.763,0.004,0.027,-0.646,0,0,22,0,0,0,0,90,50,1.182,1,2189,0,313.502,2.053,140.000,277.938,-37.875,-0.039,0.102,1.820,2.020,0.371,7.406,3.294,3.692,1.061,1.406,0,NULL,NULL,,3,0,2,7,255,1186,250,0,0
stim,132193,162314,0,162314,3359619.455,-0.761,0.016,0.032,-0.647,0,0,23,0,0,0,0,91,50,1.182,1,2189,0,315.186,2.002,145.313,276.500,-42.125,-0.012,0.094,1.879,1.996,-0.156,7.938,3.308,3.708,1.061,1.406,0,NULL,NULL,,3,0,2,7,255,1186,250,0,0
stim,132193,162314,0,162314,3359624.454,-0.759,0.029,0.036,-0.649,0,0,26,0,0,0,0,100,50,1.182,1,2189,0,318.320,2.089,150.875,276.688,-44.813,0.016,0.074,1.938,1.863,-0.945,8.496,3.320,3.722,1.061,1.406,0,NULL,NULL,,3,0,2,7,255,1186,250,0,0
stim,132193,162314,0,162314,3359629.455,-0.757,0.042,0.041,-0.651,0,0,26,0,0,0,0,105,50,1.182,1,2189,0,322.448,2.366,155.438,278.563,-47.063,0.051,0.078,2.004,1.574,-1.766,9.063,3.326,3.732,1.061,1.406,0,NULL,NULL,,3,0,2,7,255,1186,250,0,0
stim,132215,162336,0,162336,3359634.453,-0.754,0.055,0.046,-0.652,0,0,23,0,0,0,0,110,50,1.182,1,2189,0,326.512,3.035,157.688,281.438,-50.375,0.105,0.090,2.039,1.496,-2.641,9.629,3.330,3.736,1.061,1.406,0,NULL,NULL,,3,0,2,7,255,1186,250,0,0
stim,132215,162336,0,162336,3359639.455,-0.752,0.068,0.050,-0.654,0,0,28,0,0,0,0,112,50,1.182,1,2189,0,331.520,4.022,161.563,284.688,-52.500,0.230,0.063,2.012,1.484,-3.738,9.629,3.326,3.736,1.061,1.406,0,NULL,NULL,,3,0,2,7,255,1186,250,0,0
stim,132215,162336,0,162336,3359644.454,-0.749,0.082,0.055,-0.656,0,0,22,0,0,0,0,120,50,1.182,1,2189,0,340.198,5.548,171.688,289.125,-51.625,0.402,0.016,1.965,1.160,-5.426,9.258,3.320,3.730,1.061,1.406,0,NULL,NULL,,3,0,2,7,255,1186,250,0,0
stim,132215,162336,0,162336,3359649.455,-0.746,0.096,0.059,-0.657,0,0,23,0,0,0,0,136,50,1.182,1,2189,0,351.599,7.593,190.500,292.188,-44.250,0.590,0.012,1.969,0.723,-7.559,8.359,3.308,3.722,1.061,1.406,0,NULL,NULL,,3,0,2,7,255,1186,250,0,0
stim,132215,162336,0,162336,3359654.453,-0.743,0.111,0.063,-0.657,0,0,23,0,0,0,0,134,50,1.182,1,2189,0,364.529,9.876,211.000,295.188,-35.000,0.770,0.016,2.012,0.641,-9.855,7.801,3.290,3.706,1.061,1.406,0,NULL,NULL,,3,0,2,7,255,1186,250,0,0
stim,132215,162336,0,162336,3359659.455,-0.740,0.127,0.066,-0.657,0,0,25,0,0,0,0,135,50,1.182,1,2189,0,377.498,12.171,230.813,297.875,-22.375,0.926,-0.008,2.078,0.590,-12.156,7.480,3.268,3.684,1.061,1.406,0,NULL,NULL,,3,0,2,7,255,1186,250,0,0
stim,132215,162336,0,162336,3359664.453,-0.737,0.144,0.069,-0.657,0,0,23,0,0,0,0,135,50,1.182,1,2189,0,389.156,14.306,248.563,299.375,-5.813,1.027,-0.027,2.176,0.191,-14.305,7.480,3.232,3.652,1.061,1.406,0,NULL,NULL,,3,0,2,7,255,1186,250,0,0
stim,132215,162336,0,162336,3359669.455,-0.734,0.161,0.071,-0.656,0,0,23,0,0,0,0,126,50,1.182,1,2189,0,397.643,16.026,261.063,299.813,8.875,1.066,0.004,2.309,-0.289,-16.023,7.551,3.190,3.610,1.061,1.406,0,NULL,NULL,,3,0,2,7,255,1186,250,0,0
stim,132244,162365,0,162365,3359674.454,-0.732,0.178,0.073,-0.654,0,0,23,0,0,0,0,136,50,1.182,1,2189,0,399.325,17.268,264.438,298.625,18.875,1.059,0.082,2.445,-0.289,-17.266,8.219,3.136,3.560,1.061,1.406,0,NULL,NULL,,3,0,2,7,255,1186,250,0,0
stim,132244,162365,0,162365,3359679.455,-0.729,0.194,0.075,-0.652,0,0,23,0,0,0,0,137,50,1.182,1,2189,0,393.122,18.122,258.938,294.750,24.875,1.051,0.184,2.578,-0.180,-18.121,9.086,3.074,3.500,1.061,1.406,0,NULL,NULL,,3,0,2,7,255,1186,250,0,0
stim,132244,162365,0,162365,3359684.454,-0.726,0.210,0.077,-0.650,0,0,27,0,0,0,0,149,50,1.182,1,2189,0,375.938,18.993,240.688,287.500,27.250,1.082,0.273,2.684,0.223,-18.992,9.949,3.004,3.430,1.061,1.406,0,NULL,NULL,,3,0,2,7,255,1186,250,0,0
stim,132244,162365,0,162365,3359689.455,-0.724,0.225,0.080,-0.647,0,0,24,0,0,0,0,158,50,1.182,1,2189,0,350.433,20.166,212.813,277.125,26.750,1.195,0.285,2.742,0.500,-20.160,9.953,2.926,3.354,1.061,1.406,0,NULL,NULL,,3,0,2,7,255,1186,250,0,0
stim,132244,162365,0,162365,3359694.453,-0.722,0.238,0.083,-0.645,0,0,27,0,0,0,0,164,50,1.182,1,2189,0,321.290,21.889,180.438,264.438,27.250,1.395,0.211,2.691,0.500,-21.883,9.953,2.840,3.270,1.061,1.406,0,NULL,NULL,,3,0,2,7,255,1186,250,0,0
stim,132244,162365,0,162365,3359699.455,-0.720,0.250,0.086,-0.642,0,0,25,0,0,0,0,165,50,1.182,1,2189,0,293.197,23.957,148.688,250.375,34.188,1.598,0.063,2.508,-0.105,-23.957,7.996,2.748,3.178,1.061,1.406,0,NULL,NULL,,3,0,2,7,255,1186,250,0,0
stim,132297,162418,0,162418,3359704.453,-0.719,0.261,0.089,-0.638,0,0,24,0,0,0,0,201,50,1.182,1,2189,0,270.397,25.390,126.125,234.250,48.313,1.746,-0.121,2.215,-1.070,-25.367,4.664,2.652,3.082,1.061,1.406,0,NULL,NULL,,3,0,2,7,255,1186,250,0,0
stim,132297,162418,0,162418,3359709.455,-0.718,0.271,0.092,-0.634,0,0,21,0,0,0,0,217,50,1.182,1,2189,0,254.020,25.455,116.938,216.688,62.438,1.844,-0.297,1.887,-2.113,-25.367,0.590,2.552,2.982,1.061,1.406,0,NULL,NULL,,3,0,2,7,255,1186,250,0,0
stim,132297,162418,0,162418,3359714.454,-0.718,0.280,0.094,-0.630,0,0,24,0,0,0,0,231,50,1.182,1,2189,0,244.460,25.342,122.625,198.250,73.625,1.938,-0.465,1.582,-3.031,-25.160,-3.555,2.444,2.876,1.061,1.406,0,NULL,NULL,,3,0,2,7,255,1186,250,0,0
stim,132297,162418,0,162418,3359719.455,-0.717,0.290,0.095,-0.626,0,0,21,0,0,0,0,251,50,1.182,1,2189,0,243.444,24.898,141.625,179.250,84.125,2.039,-0.637,1.359,-3.828,-24.602,-7.387,2.334,2.766,1.061,1.406,0,NULL,NULL,,3,0,2,7,255,1186,250,0,0
stim,132297,162418,0,162418,3359724.454,-0.717,0.300,0.095,-0.622,0,0,23,0,0,0,0,267,50,1.182,1,2189,0,251.698,25.054,168.313,161.750,94.125,2.133,-0.781,1.242,-4.742,-24.602,-10.551,2.216,2.650,1.061,1.406,0,NULL,NULL,,3,0,2,7,255,1186,250,0,0
stim,132297,162418,0,162418,3359729.455,-0.716,0.311,0.093,-0.618,0,0,20,0,0,0,0,285,50,1.182,1,2189,0,273.040,25.287,205.813,150.375,97.875,2.195,-0.832,1.184,-5.594,-24.660,-12.824,2.098,2.532,1.061,1.406,0,NULL,NULL,,3,0,2,7,255,1186,250,0,0
stim,132297,162418,0,162418,3359734.453,-0.715,0.322,0.090,-0.614,0,0,23,0,0,0,0,302,50,1.182,1,2189,0,274.478,25.495,220.000,127.938,102.813,2.426,-1.164,1.488,-5.676,-24.855,-14.188,1.978,2.412,1.061,1.406,0,NULL,NULL,,3,0,2,7,255,1186,250,0,0
stim,132297,162418,0,162418,3359739.455,-0.715,0.332,0.086,-0.609,0,0,21,0,0,0,0,326,50,1.182,1,2189,0,266.582,29.544,207.875,116.313,119.688,2.480,-0.992,1.734,-7.609,-28.547,-14.188,1.854,2.290,1.061,1.406,0,NULL,NULL,,3,0,2,7,255,1186,250,0,0
stim,132297,162418,0,162418,3359744.454,-0.716,0.340,0.084,-0.604,0,0,23,0,0,0,0,329,50,1.182,1,2189,0,219.377,31.438,134.188,101.188,141.000,2.594,-1.066,2.090,-8.656,-30.223,-12.844,1.730,2.162,1.061,1.406,0,NULL,NULL,,3,0,2,7,255,1186,250,0,0
stim,132297,162418,0,162418,3359749.455,-0.717,0.347,0.081,-0.599,0,0,21,0,4,0,0,339,50,1.182,1,2189,0,211.663,31.438,147.938,85.750,124.750,2.223,-1.621,1.219,-8.656,-30.223,-12.844,1.600,2.034,1.061,1.406,0,NULL,NULL,,3,0,2,7,255,1186,250,0,0
stim,132322,162443,0,162443,3359754.454,-0.716,0.355,0.077,-0.596,0,0,21,0,21,0,0,351,50,1.182,1,2189,0,215.776,31.030,188.188,62.438,85.125,2.309,-1.523,1.637,-12.090,-28.578,-15.754,1.468,1.898,1.061,1.406,0,NULL,NULL,,3,0,2,7,255,1186,250,0,0
stim,132322,162443,0,162443,3359759.455,-0.714,0.362,0.072,-0.595,0,0,23,0,21,0,0,359,50,1.182,1,2189,0,206.330,31.062,195.250,37.188,55.375,2.160,-1.371,2.000,-12.172,-28.578,-15.754,1.336,1.764,1.061,1.406,0,NULL,NULL,,3,0,2,7,255,1186,250,0,0
stim,132322,162443,0,162443,3359764.453,-0.712,0.368,0.068,-0.595,0,0,21,0,23,0,0,373,50,1.182,1,2189,0,169.692,31.868,168.438,7.313,19.250,2.156,-1.258,2.406,-12.227,-29.430,-12.109,1.202,1.628,1.061,1.406,0,NULL,NULL,,3,0,2,7,255,1186,250,0,0
stim,132322,162443,0,162443,3359769.455,-0.710,0.371,0.064,-0.595,0,0,20,0,24,0,0,375,50,1.182,1,2189,0,123.305,33.921,121.313,-20.500,8.188,2.109,-1.070,2.660,-12.227,-31.641,-8.961,1.068,1.490,1.061,1.406,0,NULL,NULL,,3,0,2,7,255,1186,250,0,0
stim,132340,162461,0,162461,3359774.454,-0.709,0.372,0.060,-0.596,0,0,24,0,17,0,0,365,50,1.182,1,2189,0,85.240,33.880,69.125,-49.875,0.375,1.859,-0.836,2.598,-12.113,-31.641,-6.301,0.930,1.350,1.061,1.406,0,NULL,NULL,,3,0,2,7,255,1186,250,0,0
stim,132340,162461,0,162461,3359779.455,-0.709,0.370,0.057,-0.597,0,0,23,0,0,0,0,364,50,1.182,1,2189,0,79.870,32.001,22.125,-76.500,-6.125,1.742,-0.645,2.594,-10.707,-30.156,-4.434,0.786,1.202,1.061,1.406,0,NULL,NULL,,3,0,2,7,255,1186,250,0,0
stim,132340,162461,0,162461,3359784.454,-0.710,0.366,0.055,-0.599,0,0,22,0,0,0,0,359,50,1.182,1,2189,0,114.982,31.252,-51.188,-102.813,5.500,1.727,-0.578,2.750,-9.461,-29.785,-2.867,0.644,1.050,1.061,1.406,0,NULL,NULL,,3,0,2,7,255,1186,250,0,0
stim,132340,162461,0,162461,3359789.455,-0.713,0.358,0.056,-0.600,0,0,12,0,0,0,0,389,50,1.182,1,2189,0,198.241,30.580,-155.313,-123.063,5.750,1.293,-0.449,2.508,-9.441,-29.086,-1.098,0.512,0.898,1.061,1.406,0,NULL,NULL,,3,0,2,7,255,1186,250,0,0
stim,132340,162461,0,162461,3359794.453,-0.716,0.349,0.056,-0.602,40,0,6,295,0,51,0,629,50,1.182,1,2189,0,234.172,26.530,-185.000,-142.313,-18.938,0.660,-0.887,2.219,-9.441,-24.793,0.004,0.400,0.748,1.061,1.406,0,NULL,NULL,,3,0,2,7,255,1186,250,0,0
stim,132364,162485,0,162485,3359799.455,-0.724,0.349,0.038,-0.593,847,0,0,1135,0,261,0,633,50,1.182,1,2189,0,497.771,22.338,172.688,-247.563,395.813,-1.816,-0.406,4.922,-13.035,-18.141,0.316,0.324,0.602,1.061,1.406,0,NULL,NULL,,3,0,2,7,255,1186,250,0,0
stim,132393,162514,0,162514,3359804.453,-0.749,0.333,0.033,-0.572,1496,0,0,1653,0,583,0,683,50,1.182,1,2189,0,834.882,17.752,-411.438,-179.250,704.000,-1.969,4.148,4.797,-13.035,-12.051,33.852,0.300,0.462,1.061,1.406,0,NULL,NULL,,3,0,2,7,255,1186,250,0,0
stim,132393,162514,0,162514,3359809.455,-0.766,0.303,0.048,-0.565,2005,0,0,1924,0,886,0,763,50,1.182,1,2189,0,887.736,13.020,-856.750,-89.688,214.500,-3.098,2.938,1.031,12.605,-3.258,33.852,0.334,0.330,1.061,1.406,0,NULL,NULL,,3,0,2,7,255,1186,250,0,0
stim,132393,162514,0,162514,3359814.454,-0.774,0.279,0.061,-0.565,2279,0,0,2101,0,1111,0,859,50,1.182,1,2190,0,635.064,29.237,-627.500,-90.375,-37.188,-3.105,2.402,-1.648,13.840,25.754,22.215,0.408,0.234,1.061,1.406,1,1198.000,12.000,,3,0,2,7,255,1186,250,0,0
stim,132393,162514,0,162514,3359819.455,-0.773,0.266,0.067,-0.571,2455,0,0,2206,0,1321,0,983,50,1.182,1,2190,0,355.605,29.237,-299.313,-90.438,-169.375,-0.934,2.074,-1.324,13.840,25.754,-3.043,0.468,0.210,1.061,1.406,1,NULL,NULL,,3,0,2,7,255,1186,250,0,0
stim,132393,162514,0,162514,3359824.454,-0.771,0.262,0.066,-0.577,2552,0,0,2283,0,1501,0,1098,50,1.182,1,2190,0,176.381,23.057,-39.250,-94.750,-143.500,0.621,0.781,0.605,13.840,18.441,-4.859,0.494,0.234,1.061,1.406,1,NULL,NULL,,3,0,2,7,255,1186,250,0,0
stim,132393,162514,0,162514,3359829.455,-0.774,0.257,0.064,-0.575,2725,0,0,2505,0,1622,0,1145,50,1.182,1,2190,0,152.602,14.175,-70.250,-110.938,77.750,0.957,1.285,1.262,12.621,-6.453,-4.859,0.494,0.286,1.061,1.406,2,NULL,NULL,,3,0,2,7,255,1186,250,0,0
stim,132393,162514,0,162514,3359834.453,-0.781,0.250,0.060,-0.569,2851,0,0,2667,0,1654,0,1193,50,1.182,1,2190,0,303.731,10.266,-152.500,-138.000,223.500,-0.746,0.777,1.293,7.984,-6.453,0.996,0.486,0.340,1.061,1.406,2,NULL,NULL,,3,0,2,7,255,1186,250,0,0
stim,132393,162514,0,162514,3359839.455,-0.791,0.236,0.059,-0.562,2940,0,0,2799,0,1669,0,1297,50,1.182,1,2190,0,418.856,3.326,-297.813,-186.375,228.063,-2.563,-1.035,1.031,2.379,2.324,5.391,0.476,0.382,1.061,1.406,2,NULL,NULL,,3,0,2,7,255,1186,250,0,0
stim,132393,162514,0,162514,3359844.453,-0.793,0.221,0.062,-0.565,2985,0,0,2815,0,1667,0,1389,50,1.182,1,2190,0,358.961,24.652,-309.188,-166.563,-74.250,-2.469,-1.301,0.078,-19.984,14.434,5.391,0.456,0.412,1.061,1.406,2,NULL,NULL,,3,0,2,7,255,1186,250,0,0
stim,132393,162514,0,162514,3359849.455,-0.789,0.210,0.061,-0.574,3043,0,0,2971,0,1661,0,1481,50,1.182,1,2190,0,324.833,24.652,-160.375,-177.500,-219.750,-0.395,-0.813,-0.102,-19.984,14.434,-3.934,0.424,0.444,1.061,1.406,2,NULL,NULL,,3,0,2,7,255,1186,250,0,0
stim,132426,162547,0,162547,3359854.454,-0.786,0.205,0.057,-0.581,3067,0,0,3029,0,1669,0,1517,50,1.182,1,2190,0,241.888,8.871,-4.000,-164.750,-177.063,1.031,-1.020,1.082,-8.723,1.613,-5.703,0.390,0.468,1.061,1.406,2,NULL,NULL,,3,0,2,7,255,1186,250,0,0
stim,132426,162547,0,162547,3359859.455,-0.785,0.201,0.053,-0.583,3131,0,0,3067,0,1683,0,1511,50,1.182,1,2190,0,138.380,17.905,-11.125,-135.750,-24.438,1.547,-1.316,2.016,-8.723,-15.637,-5.703,0.358,0.474,1.061,1.406,2,NULL,NULL,,3,0,2,7,255,1186,250,0,0
stim,132426,162547,0,162547,3359864.453,-0.790,0.194,0.050,-0.579,3102,0,0,3109,0,1717,0,1491,50,1.182,1,2190,0,212.345,23.190,-112.375,-132.813,121.750,1.168,-1.375,2.023,-9.879,-20.980,0.633,0.332,0.452,1.061,1.406,2,NULL,NULL,,3,0,2,7,255,1186,250,0,0
stim,132426,162547,0,162547,3359869.455,-0.797,0.185,0.049,-0.572,3119,0,0,3143,0,1799,0,1490,50,1.182,1,2190,0,319.249,23.316,-199.375,-116.875,220.250,0.223,-1.055,1.160,-10.172,-20.980,0.633,0.320,0.406,1.061,1.406,2,NULL,NULL,,3,0,2,7,255,1186,250,0,0
stim,132426,162547,0,162547,3359874.455,-0.804,0.176,0.048,-0.565,3131,0,0,3171,0,1867,41,1511,50,1.182,1,2190,0,302.475,13.520,-185.313,-118.938,207.375,-1.043,-0.477,0.582,-10.172,-8.906,-1.992,0.328,0.340,1.061,1.406,2,NULL,NULL,,3,0,2,7,255,1186,250,0,0
stim,132426,162547,0,162547,3359879.455,-0.807,0.169,0.046,-0.563,3133,0,0,3175,0,1955,95,1575,50,1.182,1,2190,0,193.181,10.341,-123.500,-128.625,74.313,-1.297,0.078,0.434,-8.613,5.723,-2.262,0.342,0.284,1.061,1.406,2,NULL,NULL,,3,0,2,7,255,1186,250,0,0
stim,132426,162547,0,162547,3359884.454,-0.808,0.164,0.043,-0.564,3145,0,0,3195,0,2065,119,1669,50,1.182,1,2190,0,147.343,7.180,-48.750,-138.563,11.563,-0.441,0.395,0.848,-4.336,5.723,-2.262,0.350,0.248,1.061,1.406,2,NULL,NULL,,3,0,2,7,255,1186,250,0,0
stim,132453,162574,0,162574,3359889.455,-0.809,0.158,0.039,-0.565,3147,0,0,3191,0,2131,124,1721,50,1.182,1,2190,0,153.865,2.809,-68.313,-137.563,-9.188,-0.355,0.535,1.551,1.227,2.527,-0.086,0.352,0.230,1.061,1.406,2,NULL,NULL,,3,0,2,7,255,1186,250,0,0
stim,132453,162574,0,162574,3359894.454,-0.810,0.151,0.038,-0.566,3141,0,0,3190,0,2199,137,1767,50,1.182,1,2190,0,175.142,1.372,-122.063,-123.125,-24.813,-0.031,0.285,1.379,1.332,0.328,3.672,0.354,0.224,1.061,1.406,2,NULL,NULL,,3,0,2,7,255,1186,250,0,0
stim,132453,162574,0,162574,3359899.455,-0.810,0.143,0.038,-0.567,3145,0,0,3197,0,2261,197,1849,50,1.182,1,2190,0,187.065,2.958,-144.750,-115.813,-25.063,0.031,-0.246,1.043,1.332,-2.641,3.672,0.358,0.220,1.061,1.406,2,NULL,NULL,,3,0,2,7,255,1186,250,0,0
stim,132490,162611,0,162611,3359904.453,-0.811,0.136,0.037,-0.568,3143,0,0,3197,0,2324,281,1947,50,1.182,1,2190,0,168.207,4.829,-124.750,-111.000,-20.250,0.047,-0.699,0.727,-2.949,-3.824,-0.449,0.368,0.212,1.061,1.406,2,NULL,NULL,,3,0,2,7,255,1186,250,0,0
stim,132490,162611,0,162611,3359909.457,-0.811,0.131,0.035,-0.569,3140,0,0,3195,107,2375,341,2045,50,1.182,1,2190,0,124.981,8.054,-69.438,-103.313,-11.188,0.156,-0.707,1.031,-6.680,-4.500,-1.328,0.384,0.200,1.061,1.406,2,NULL,NULL,,3,0,2,7,255,1186,250,0,0
stim,132490,162611,0,162611,3359914.453,-0.811,0.128,0.033,-0.570,3134,0,0,3192,349,2399,346,2133,50,1.182,1,2190,0,70.250,9.087,-20.438,-62.563,-24.563,0.418,-0.164,1.348,-6.680,-6.160,-1.328,0.402,0.184,1.061,1.406,2,NULL,NULL,,3,0,2,7,255,1186,250,0,0
stim,132490,162611,0,162611,3359919.455,-0.811,0.126,0.032,-0.570,3143,0,0,3207,583,2415,357,2191,50,1.182,1,2190,0,57.176,6.241,-10.625,-56.000,4.500,0.566,0.527,1.184,-1.004,-6.160,1.066,0.422,0.166,1.061,1.406,2,NULL,NULL,,3,0,2,7,255,1186,250,0,0
stim,132490,162611,0,162611,3359924.454,-0.811,0.125,0.030,-0.571,3135,0,0,3205,702,2445,359,2239,50,1.182,1,2190,0,42.127,7.629,-12.375,-39.688,-6.813,-0.145,0.664,1.645,4.500,-6.160,1.930,0.448,0.142,1.061,1.406,2,NULL,NULL,,3,0,2,7,255,1186,250,0,0
stim,132490,162611,0,162611,3359929.455,-0.810,0.122,0.031,-0.572,3133,0,0,3207,873,2463,357,2301,50,1.182,1,2190,0,90.047,4.513,-71.313,-24.063,-49.438,-0.203,0.379,1.273,4.500,-0.340,3.195,0.474,0.118,1.061,1.406,2,NULL,NULL,,3,0,2,7,255,1186,250,0,0
stim,132513,162634,0,162634,3359934.454,-0.809,0.119,0.033,-0.574,3141,0,0,3199,991,2463,350,2335,50,1.182,1,2190,0,95.067,2.009,-74.688,-20.000,-55.313,-0.043,0.098,0.805,1.980,-0.340,3.195,0.500,0.098,1.061,1.406,2,NULL,NULL,,3,0,2,7,255,1186,250,0,0
stim,132513,162634,0,162634,3359939.455,-0.808,0.116,0.033,-0.577,3131,12,0,3193,1111,2487,345,2361,50,1.182,1,2190,0,79.503,1.122,-39.813,-17.938,-66.438,-0.078,-0.063,0.914,0.230,-1.098,-1.012,0.518,0.088,1.061,1.406,2,NULL,NULL,,3,0,2,7,255,1186,250,0,0
stim,132513,162634,0,162634,3359944.453,-0.806,0.115,0.034,-0.579,3135,21,0,3209,1213,2495,356,2394,50,1.182,1,2190,0,74.225,1.506,-16.125,-14.125,-71.063,0.082,0.117,1.000,0.230,-1.488,-1.012,0.530,0.080,1.061,1.406,2,NULL,NULL,,3,0,2,7,255,1186,250,0,0
stim,132513,162634,0,162634,3359949.455,-0.805,0.114,0.034,-0.581,3148,52,0,3193,1299,2503,347,2423,50,1.182,1,2190,0,62.817,2.688,-23.813,-8.938,-57.438,0.070,0.168,1.137,0.773,-2.574,-0.270,0.540,0.072,1.061,1.406,2,NULL,NULL,,3,0,2,7,255,1186,250,0,0
stim,132513,162634,0,162634,3359954.453,-0.804,0.112,0.035,-0.583,3139,64,0,3199,1375,2511,347,2441,50,1.182,1,2190,0,67.583,2.688,-46.625,-4.813,-48.688,-0.043,0.063,1.094,0.773,-2.574,0.809,0.550,0.064,1.061,1.406,2,NULL,NULL,,3,0,2,7,255,1186,250,0,0
stim,132513,162634,0,162634,3359959.455,-0.803,0.110,0.036,-0.585,3143,91,0,3197,1463,2521,351,2469,50,1.182,1,2190,0,74.143,1.778,-50.313,-4.000,-54.313,-0.102,0.098,0.965,0.133,-1.773,0.809,0.562,0.056,1.061,1.406,2,NULL,NULL,,3,0,2,7,255,1186,250,0,0
stim,132513,162634,0,162634,3359964.454,-0.802,0.108,0.037,-0.587,3141,103,0,3200,1545,2528,351,2477,50,1.182,1,2190,0,73.107,0.939,-36.313,-4.188,-63.313,-0.070,0.156,0.949,0.133,-0.930,-0.289,0.572,0.046,1.061,1.406,2,NULL,NULL,,3,0,2,7,255,1186,250,0,0
stim,132513,162634,0,162634,3359969.455,-0.800,0.107,0.038,-0.589,3132,117,0,3198,1583,2540,349,2476,50,1.182,1,2190,0,65.365,0.948,-26.125,-2.250,-59.875,0.012,0.063,1.008,0.188,-0.930,-0.289,0.582,0.036,1.061,1.406,2,NULL,NULL,,3,0,2,7,255,1186,250,0,0
stim,132543,162664,0,162664,3359974.454,-0.799,0.106,0.038,-0.591,3135,153,0,3207,1620,2539,349,2487,50,1.182,1,2190,0,51.562,2.052,-25.938,-0.250,-44.563,0.004,-0.031,1.047,0.188,-2.043,-0.105,0.592,0.028,1.061,1.406,2,NULL,NULL,,3,0,2,7,255,1186,250,0,0
stim,132543,162664,0,162664,3359979.455,-0.798,0.104,0.039,-0.592,3133,179,5,3199,1647,2541,326,2487,50,1.182,1,2190,0,43.005,2.105,-27.563,0.875,-33.000,-0.063,0.008,1.012,-0.508,-2.043,0.023,0.600,0.022,1.061,1.406,2,NULL,NULL,,3,0,2,7,255,1186,250,0,0
stim,132543,162664,0,162664,3359984.453,-0.798,0.103,0.040,-0.593,3133,199,28,3199,1676,2541,327,2487,50,1.182,1,2190,0,40.538,1.576,-26.000,1.563,-31.063,-0.117,0.039,0.988,-0.508,-1.492,0.023,0.608,0.016,1.061,1.406,2,NULL,NULL,,3,0,2,7,255,1186,250,0,0
stim,132543,162664,0,162664,3359989.455,-0.797,0.102,0.041,-0.594,3131,220,39,3211,1705,2555,308,2493,50,1.182,1,2190,0,41.055,1.042,-21.563,2.938,-34.813,-0.117,0.020,0.992,-0.508,-0.910,-0.047,0.616,0.008,1.061,1.406,2,NULL,NULL,,3,0,2,7,255,1186,250,0,0
stim,132543,162664,0,162664,3359994.453,-0.796,0.102,0.041,-0.595,3129,227,43,3199,1721,2547,296,2485,50,1.182,1,2190,0,38.692,1.042,-18.250,3.500,-33.938,-0.078,-0.012,1.020,-0.508,-0.910,-0.047,0.000,0.000,1.061,1.406,2,NULL,NULL,,3,0,2,7,255,1186,250,0,0
stim,132543,162664,0,162664,3359999.455,-0.796,0.101,0.042,-0.596,3127,220,85,3197,1754,2543,285,2483,50,1.182,1,2190,0,31.538,1.543,-18.188,3.688,-25.500,-0.074,-0.055,1.023,-0.668,-1.391,0.094,0.000,0.000,1.061,1.406,2,NULL,NULL,,3,0,2,7,255,1186,250,0,0
stim,132595,162716,1,162716,3360004.453,-0.795,0.100,0.043,-0.596,3125,229,123,3195,1755,2543,240,2483,50,1.182,1,2190,0,24.324,1.727,-19.438,2.688,-14.375,-0.121,-0.066,1.012,-1.023,-1.391,0.094,0.000,0.000,1.061,1.406,2,NULL,NULL,,3,1,2,7,255,1186,250,0,0
stim,132595,162716,1,162716,3360009.457,-0.795,0.099,0.043,-0.597,3117,226,125,3189,1772,2541,211,2479,50,1.182,1,2190,0,21.810,1.686,-19.625,1.625,-9.375,-0.199,-0.043,0.980,-1.230,-1.152,0.070,0.000,0.000,1.061,1.406,2,NULL,NULL,,3,1,2,7,255,1186,250,0,0
stim,132595,162716,1,162716,3360014.454,-0.795,0.099,0.044,-0.597,3115,207,132,3182,1785,2539,172,2482,50,1.182,1,2190,0,21.244,1.263,-16.750,-0.313,-13.063,-0.223,-0.016,0.969,-1.230,-0.285,-0.047,0.000,0.000,1.061,1.406,2,NULL,NULL,,3,1,2,7,255,1186,250,0,0
stim,132595,162716,1,162716,3360019.455,-0.795,0.098,0.044,-0.598,3111,205,124,3178,1801,2537,156,2475,50,1.177,1,2190,1,21.700,1.052,-14.250,-1.938,-16.250,-0.191,-0.020,0.965,-1.023,-0.242,-0.129,0.000,0.000,1.056,1.436,2,NULL,NULL,,3,1,2,7,255,1186,250,0,0
stim,132595,162716,1,162716,3360024.455,-0.794,0.097,0.045,-0.598,3101,179,125,3171,1811,2531,159,2475,50,1.177,1,2190,1,19.475,0.999,-11.438,-3.188,-15.438,-0.148,-0.035,0.957,-0.969,-0.242,-0.215,0.008,0.006,1.056,1.436,2,NULL,NULL,,3,1,2,7,255,1186,250,0,0
stim,132595,162716,1,162716,3360029.455,-0.794,0.097,0.045,-0.599,3095,175,147,3161,1827,2529,149,2473,50,1.177,1,2190,1,14.622,1.168,-9.188,-4.375,-10.500,-0.141,-0.047,0.957,-0.969,-0.652,-0.375,0.014,0.010,1.056,1.436,2,NULL,NULL,,3,1,2,7,255,1186,250,0,0
stim,132595,162716,1,162716,3360034.453,-0.794,0.096,0.045,-0.599,3091,171,172,3155,1831,2523,153,2475,50,1.177,1,2190,1,12.643,1.168,-7.688,-5.438,-8.438,-0.156,-0.027,0.957,-0.969,-0.652,-0.375,0.022,0.014,1.056,1.436,2,NULL,NULL,,3,1,2,7,255,1186,250,0,0
stim,132595,162716,1,162716,3360039.455,-0.794,0.096,0.045,-0.599,3081,154,200,3146,1835,2519,142,2475,50,1.177,1,2190,1,12.036,1.044,-3.750,-5.875,-9.813,-0.152,0.016,0.957,-0.895,-0.539,-0.352,0.026,0.018,1.056,1.436,2,NULL,NULL,,3,1,2,7,255,1186,250,0,0
stim,132595,162716,1,162716,3360044.453,-0.793,0.095,0.045,-0.600,3065,149,217,3133,1849,2516,138,2475,50,1.177,1,2190,1,11.267,0.671,0.313,-6.688,-9.063,-0.141,0.078,0.980,-0.469,-0.480,-0.340,0.032,0.022,1.056,1.436,2,NULL,NULL,,3,1,2,7,255,1186,250,0,0
stim,132595,162716,1,162716,3360049.455,-0.793,0.095,0.044,-0.600,3052,141,229,3123,1863,2505,113,2477,50,1.177,1,2190,1,10.872,0.489,1.188,-7.125,-8.125,-0.168,0.133,1.008,0.125,-0.473,-0.074,0.036,0.024,1.056,1.436,2,NULL,NULL,,3,1,2,7,255,1186,250,0,0
stim,132620,162741,1,162741,3360054.454,-0.793,0.095,0.044,-0.600,3047,139,255,3103,1880,2505,103,2475,50,1.177,1,2190,1,12.650,0.585,-0.563,-6.938,-10.563,-0.191,0.156,1.023,0.570,-0.129,0.277,0.040,0.026,1.056,1.436,2,NULL,NULL,,3,1,2,7,255,1186,250,0,0
stim,132620,162741,1,162741,3360059.455,-0.793,0.095,0.044,-0.601,3036,137,280,3096,1897,2503,104,2483,50,1.177,1,2190,1,16.785,0.714,-3.250,-7.688,-14.563,-0.180,0.160,1.016,0.711,0.066,0.383,0.046,0.030,1.056,1.436,2,NULL,NULL,,3,1,2,7,255,1186,250,0,0
stim,132620,162741,1,162741,3360064.453,-0.792,0.094,0.044,-0.601,3023,133,301,3083,1916,2501,105,2491,50,1.177,1,2190,1,17.809,0.788,-6.000,-8.313,-14.563,-0.152,0.160,1.020,0.785,0.066,0.383,0.050,0.032,1.056,1.436,2,NULL,NULL,,3,1,2,7,255,1186,250,0,0
stim,132620,162741,1,162741,3360069.455,-0.792,0.094,0.044,-0.602,3007,133,327,3067,1941,2493,105,2495,50,1.177,1,2190,1,18.539,0.805,-8.938,-9.125,-13.438,-0.145,0.117,0.996,0.785,-0.180,0.363,0.052,0.034,1.056,1.436,2,NULL,NULL,,3,1,2,7,255,1186,250,0,0
stim,132640,162761,1,162761,3360074.454,-0.792,0.093,0.043,-0.602,2991,135,373,3054,1967,2492,110,2508,50,1.177,1,2190,1,16.738,0.520,-7.188,-10.500,-10.875,-0.156,0.117,0.965,0.488,-0.180,0.113,0.056,0.034,1.056,1.436,2,NULL,NULL,,3,1,2,7,255,1186,250,0,0
stim,132640,162761,1,162761,3360079.455,-0.791,0.093,0.043,-0.603,2979,137,411,3043,1990,2492,133,2517,50,1.177,1,2190,1,17.576,0.508,-4.188,-11.625,-12.500,-0.168,0.141,0.969,0.488,-0.141,-0.102,0.058,0.032,1.056,1.436,2,NULL,NULL,,3,1,2,7,255,1186,250,0,0
stim,132640,162761,1,162761,3360084.454,-0.791,0.093,0.043,-0.603,2958,139,445,3022,2013,2495,167,2525,50,1.177,1,2190,1,17.795,0.677,-1.875,-13.063,-11.938,-0.160,0.184,0.992,0.676,0.035,-0.102,0.058,0.030,1.056,1.436,2,NULL,NULL,,3,1,2,7,255,1186,250,0,0
stim,132640,162761,1,162761,3360089.455,-0.791,0.092,0.042,-0.604,2941,147,535,3015,2040,2490,167,2535,50,1.177,1,2190,1,20.242,1.075,-4.063,-12.750,-15.188,-0.129,0.176,1.031,1.074,0.035,0.145,0.058,0.026,1.056,1.436,2,NULL,NULL,,3,1,2,7,255,1186,250,0,0
stim,132664,162785,1,162785,3360094.454,-0.791,0.092,0.042,-0.604,2923,147,603,3001,2079,2495,200,2550,50,1.177,1,2190,1,17.668,1.120,-8.500,-13.188,-8.125,-0.105,0.188,1.008,1.074,-0.316,0.191,0.058,0.024,1.056,1.436,2,NULL,NULL,,3,1,2,7,255,1186,250,0,0
stim,132664,162785,1,162785,3360099.455,-0.791,0.091,0.042,-0.604,2905,165,661,2989,2123,2501,218,2568,50,1.177,1,2190,1,18.827,1.120,-10.000,-12.625,-9.750,-0.152,0.137,0.984,1.074,-0.316,0.191,0.058,0.020,1.056,1.436,2,NULL,NULL,,3,1,2,7,255,1186,250,0,0
stim,132694,162815,1,162815,3360104.453,-0.790,0.090,0.041,-0.605,2889,165,713,2974,2173,2504,259,2583,50,1.177,1,2190,1,19.341,0.967,-8.938,-13.563,-10.500,-0.121,0.152,0.996,0.895,-0.367,0.090,0.058,0.016,1.056,1.436,2,NULL,NULL,,3,1,2,7,255,1186,250,0,0
stim,132694,162815,1,162815,3360109.455,-0.790,0.090,0.041,-0.605,2867,183,741,2963,2221,2507,287,2597,50,1.177,1,2190,1,19.032,0.746,-8.813,-13.000,-10.750,-0.133,0.102,0.973,0.672,-0.324,0.020,0.058,0.012,1.056,1.436,2,NULL,NULL,,3,1,2,7,255,1186,250,0,0
stim,132694,162815,1,162815,3360114.453,-0.790,0.089,0.041,-0.606,2847,183,808,2951,2261,2509,303,2611,50,1.177,1,2190,1,21.207,0.542,-9.000,-11.250,-15.563,-0.133,0.063,0.973,0.398,-0.367,-0.160,0.058,0.008,1.056,1.436,2,NULL,NULL,,3,1,2,7,255,1186,250,0,0
stim,132694,162815,1,162815,3360119.458,-0.790,0.088,0.041,-0.606,2828,201,893,2937,2287,2510,339,2623,50,1.177,1,2190,1,21.008,0.496,-9.563,-12.750,-13.688,-0.109,0.078,0.992,0.262,-0.422,-0.160,0.060,0.004,1.056,1.436,2,NULL,NULL,,3,1,2,7,255,1186,250,0,0
stim,132694,162815,1,162815,3360124.454,-0.789,0.087,0.040,-0.606,2805,221,967,2923,2325,2519,365,2638,50,1.177,1,2190,1,20.623,0.462,-9.750,-12.438,-13.250,-0.129,0.051,0.977,0.023,-0.461,-0.141,0.060,0.002,1.056,1.436,2,NULL,NULL,,3,1,2,7,255,1186,250,0,0
stim,132694,162815,1,162815,3360129.455,-0.789,0.087,0.040,-0.607,2783,227,1069,2914,2351,2518,411,2649,50,1.177,1,2190,1,22.663,0.463,-9.625,-10.813,-17.438,-0.156,0.004,0.969,-0.047,-0.461,-0.141,0.060,0.004,1.056,1.436,2,NULL,NULL,,3,1,2,7,255,1186,250,0,0
stim,132694,162815,1,162815,3360134.454,-0.788,0.086,0.040,-0.608,2766,238,1145,2898,2391,2521,472,2661,50,1.177,1,2190,1,26.044,0.615,-10.000,-11.375,-21.188,-0.156,0.004,0.980,-0.539,-0.297,-0.141,0.060,0.008,1.056,1.436,2,NULL,NULL,,3,1,2,7,255,1186,250,0,0
stim,132694,162815,1,162815,3360139.455,-0.788,0.085,0.040,-0.609,2745,245,1225,2889,2421,2524,499,2669,50,1.177,1,2190,1,26.702,0.615,-11.563,-12.813,-20.375,-0.145,0.031,0.988,-0.539,-0.297,-0.109,0.062,0.014,1.056,1.436,2,NULL,NULL,,3,1,2,7,255,1186,250,0,0
stim,132694,162815,1,162815,3360144.453,-0.787,0.084,0.040,-0.609,2719,250,1287,2869,2446,2526,584,2683,50,1.177,1,2190,1,28.246,0.463,-13.438,-13.375,-20.938,-0.168,0.027,0.984,-0.355,-0.297,-0.027,0.064,0.018,1.056,1.436,2,NULL,NULL,,3,1,2,7,255,1186,250,0,0
stim,132694,162815,1,162815,3360149.455,-0.787,0.083,0.040,-0.610,2695,250,1373,2859,2476,2533,690,2697,50,1.177,1,2190,1,32.374,0.395,-15.500,-13.750,-24.875,-0.160,0.023,0.980,-0.355,-0.172,-0.027,0.066,0.020,1.056,1.436,2,NULL,NULL,,3,1,2,7,255,1186,250,0,0
stim,132724,162845,1,162845,3360154.453,-0.786,0.082,0.040,-0.611,2667,253,1471,2843,2507,2533,775,2711,50,1.177,1,2190,1,35.939,0.395,-17.250,-14.125,-28.188,-0.133,-0.004,0.965,-0.355,-0.172,-0.066,0.068,0.022,1.056,1.436,2,NULL,NULL,,3,1,2,7,255,1186,250,0,0
stim,132724,162845,1,162845,3360159.455,-0.786,0.081,0.040,-0.612,2632,267,1576,2829,2531,2537,861,2725,50,1.177,1,2190,1,34.488,0.694,-18.250,-15.313,-24.938,-0.125,-0.035,0.969,-0.516,-0.465,-0.254,0.070,0.022,1.056,1.436,2,NULL,NULL,,3,1,2,7,255,1186,250,0,0
stim,132724,162845,1,162845,3360164.454,-0.785,0.080,0.040,-0.613,2599,273,1629,2813,2567,2542,967,2733,50,1.177,1,2190,1,33.790,0.913,-19.625,-16.000,-22.375,-0.137,-0.035,0.973,-0.781,-0.473,-0.254,0.072,0.020,1.056,1.436,2,NULL,NULL,,3,1,2,7,255,1186,250,0,0
stim,132724,162845,1,162845,3360169.455,-0.785,0.078,0.040,-0.614,2557,270,1703,2803,2581,2549,1043,2749,50,1.177,1,2190,1,34.134,0.913,-19.250,-16.813,-22.625,-0.129,-0.016,0.969,-0.781,-0.473,-0.238,0.074,0.020,1.056,1.436,2,NULL,NULL,,3,1,2,7,255,1186,250,0,0
stim,132724,162845,1,162845,3360174.455,-0.784,0.077,0.040,-0.614,2521,270,1775,2781,2601,2551,1113,2763,50,1.177,1,2190,1,32.310,0.726,-17.125,-17.063,-21.438,-0.090,-0.016,0.953,-0.551,-0.473,-0.238,0.076,0.018,1.056,1.436,2,NULL,NULL,,3,1,2,7,255,1186,250,0,0
stim,132724,162845,1,162845,3360179.455,-0.784,0.076,0.040,-0.615,2493,279,1829,2767,2620,2555,1209,2775,50,1.177,1,2190,1,27.421,0.900,-13.563,-17.375,-16.313,-0.066,-0.023,0.945,-0.461,-0.773,-0.449,0.078,0.016,1.056,1.436,2,NULL,NULL,,3,1,2,7,255,1186,250,0,0
stim,132754,162875,1,162875,3360184.453,-0.784,0.075,0.040,-0.615,2462,284,1877,2747,2637,2565,1298,2790,50,1.177,1,2190,1,21.950,1.048,-8.813,-17.750,-9.438,-0.074,-0.035,0.945,-0.461,-0.941,-0.578,0.078,0.016,1.056,1.436,2,NULL,NULL,,3,1,2,7,255,1186,250,0,0
stim,132754,162875,1,162875,3360189.455,-0.784,0.074,0.039,-0.615,2429,283,1917,2731,2657,2569,1381,2799,50,1.177,1,2190,1,19.433,1.093,-4.813,-18.438,-3.813,-0.098,-0.027,0.957,-0.555,-0.941,-0.578,0.082,0.016,1.056,1.436,2,NULL,NULL,,3,1,2,7,255,1186,250,0,0
stim,132754,162875,1,162875,3360194.453,-0.784,0.074,0.039,-0.616,2394,283,1957,2706,2678,2573,1451,2813,50,1.177,1,2190,1,19.201,0.889,-2.813,-18.875,-2.125,-0.113,-0.012,0.973,-0.555,-0.695,-0.406,0.084,0.016,1.056,1.436,2,NULL,NULL,,3,1,2,7,255,1186,250,0,0
stim,132754,162875,1,162875,3360199.455,-0.784,0.073,0.038,-0.616,2351,291,2022,2679,2695,2577,1519,2826,50,1.177,1,2190,1,19.730,0.684,-2.188,-19.500,-2.063,-0.109,-0.004,0.973,-0.449,-0.516,-0.227,0.086,0.016,1.056,1.436,2,NULL,NULL,,3,1,2,7,255,1186,250,0,0
stim,132791,162912,1,162912,3360204.454,-0.784,0.072,0.037,-0.616,2309,307,2069,2657,2713,2583,1608,2840,50,1.177,1,2190,1,20.514,0.641,-0.750,-20.500,0.000,-0.113,-0.004,0.977,-0.391,-0.508,-0.211,0.088,0.016,1.056,1.436,2,NULL,NULL,,3,1,2,7,255,1186,250,0,0
stim,132791,162912,1,162912,3360209.455,-0.784,0.072,0.037,-0.616,2260,307,2119,2631,2732,2585,1685,2851,50,1.177,1,2190,1,20.941,0.596,0.375,-20.938,0.000,-0.117,0.008,0.988,-0.383,-0.457,-0.184,0.090,0.016,1.056,1.436,2,NULL,NULL,,3,1,2,7,255,1186,250,0,0
stim,132791,162912,1,162912,3360214.454,-0.784,0.071,0.036,-0.616,2203,307,2164,2595,2741,2587,1748,2863,50,1.177,1,2190,1,21.735,0.547,1.438,-21.688,0.063,-0.109,0.008,0.996,-0.301,-0.457,-0.063,0.092,0.016,1.056,1.436,2,NULL,NULL,,3,1,2,7,255,1186,250,0,0
stim,132791,162912,1,162912,3360219.455,-0.784,0.071,0.035,-0.616,2150,305,2207,2552,2751,2589,1813,2875,50,1.177,1,2190,1,22.765,0.550,0.750,-22.563,2.938,-0.102,0.004,1.000,-0.301,-0.461,-0.012,0.094,0.016,1.056,1.436,2,NULL,NULL,,3,1,2,7,255,1186,250,0,0
stim,132791,162912,1,162912,3360224.454,-0.784,0.070,0.034,-0.616,2091,306,2239,2515,2771,2591,1880,2887,50,1.177,1,2190,1,23.422,0.560,-0.563,-22.875,5.000,-0.102,0.023,1.004,-0.301,-0.473,0.039,0.096,0.018,1.056,1.436,2,NULL,NULL,,3,1,2,7,255,1186,250,0,0
stim,132791,162912,1,162912,3360229.455,-0.784,0.069,0.033,-0.615,2008,303,2280,2468,2787,2592,1948,2894,50,1.177,1,2190,1,24.292,0.494,-1.313,-23.625,5.500,-0.105,0.027,1.004,-0.145,-0.473,0.074,0.098,0.018,1.056,1.436,2,NULL,NULL,,3,1,2,7,255,1186,250,0,0
stim,132814,162935,1,162935,3360234.454,-0.785,0.068,0.033,-0.615,1941,295,2325,2415,2801,2597,2009,2905,50,1.177,1,2190,1,25.102,0.448,-1.125,-24.438,5.625,-0.105,0.023,1.012,-0.141,-0.426,0.094,0.100,0.018,1.056,1.436,2,NULL,NULL,,3,1,2,7,255,1186,250,0,0
stim,132814,162935,1,162935,3360239.455,-0.785,0.068,0.032,-0.615,1865,279,2360,2349,2815,2600,2072,2911,50,1.177,1,2190,1,26.605,0.423,2.500,-25.250,8.000,-0.117,0.051,0.996,-0.102,-0.410,0.094,0.102,0.018,1.056,1.436,2,NULL,NULL,,3,1,2,7,255,1186,250,0,0
stim,132814,162935,1,162935,3360244.454,-0.785,0.067,0.030,-0.615,1745,269,2397,2283,2830,2603,2129,2917,50,1.177,1,2190,1,28.871,0.226,4.750,-27.438,7.625,-0.133,0.066,1.047,0.090,-0.207,0.145,0.104,0.020,1.056,1.436,2,NULL,NULL,,3,1,2,7,255,1186,250,0,0
stim,132814,162935,1,162935,3360249.455,-0.785,0.067,0.029,-0.615,1623,261,2439,2195,2851,2597,2186,2935,50,1.177,1,2190,1,28.591,0.212,2.813,-27.625,6.813,-0.117,0.098,1.055,0.180,-0.113,0.531,0.106,0.022,1.056,1.436,2,NULL,NULL,,3,1,2,7,255,1186,250,0,0
stim,132814,162935,0,162935,3360254.453,-0.785,0.066,0.028,-0.615,1447,253,2470,2077,2858,2601,2249,2933,50,1.177,1,2190,1,27.850,0.501,-1.563,-27.688,2.563,-0.133,0.141,1.094,0.496,-0.066,0.621,0.108,0.022,1.056,1.436,2,NULL,NULL,,3,0,2,7,255,1193,250,0,0
stim,132814,162935,0,162935,3360259.457,-0.785,0.065,0.028,-0.615,1273,260,2504,1959,2874,2599,2293,2949,50,1.177,1,2190,1,29.867,0.676,-10.875,-27.375,-4.938,-0.129,0.121,1.137,0.676,0.000,1.051,0.110,0.024,1.056,1.436,2,NULL,NULL,,3,0,2,7,255,1193,250,0,0
stim,132814,162935,0,162935,3360264.453,-0.785,0.064,0.027,-0.615,1167,237,2539,1833,2899,2599,2343,2957,50,1.177,1,2190,1,35.370,0.683,-21.625,-26.688,-8.438,-0.152,0.086,1.145,0.676,0.102,1.449,0.112,0.024,1.056,1.436,2,NULL,NULL,,3,0,2,7,255,1193,250,0,0
stim,132814,162935,0,162935,3360269.455,-0.785,0.062,0.027,-0.616,999,199,2583,1687,2905,2591,2399,2961,50,1.177,1,2190,1,43.106,0.691,-30.250,-26.438,-15.625,-0.141,0.137,1.109,0.676,0.145,1.449,0.114,0.026,1.056,1.436,2,NULL,NULL,,3,0,2,7,255,1193,250,0,0
stim,132848,162969,0,162969,3360274.454,-0.785,0.060,0.027,-0.616,829,201,2617,1523,2925,2591,2445,2977,50,1.177,1,2190,1,47.352,0.860,-33.000,-26.688,-21.000,-0.125,0.168,1.086,0.832,0.219,1.180,0.116,0.026,1.056,1.436,2,NULL,NULL,,3,0,2,7,255,1193,250,0,0
stim,132848,162969,0,162969,3360279.455,-0.784,0.058,0.027,-0.617,607,152,2647,1357,2927,2581,2501,2981,50,1.177,1,2190,1,52.328,1.224,-36.813,-27.188,-25.375,-0.129,0.176,1.129,1.203,0.227,1.180,0.118,0.028,1.056,1.436,2,NULL,NULL,,3,0,2,7,255,1193,250,0,0
stim,132848,162969,0,162969,3360284.454,-0.783,0.056,0.027,-0.618,397,119,2680,1142,2943,2574,2536,2981,50,1.177,1,2190,1,59.238,1.226,-42.688,-27.438,-30.563,-0.145,0.152,1.152,1.203,0.234,1.348,0.120,0.028,1.056,1.436,2,NULL,NULL,,3,0,2,7,255,1193,250,0,0
stim,132848,162969,0,162969,3360289.455,-0.783,0.054,0.028,-0.619,232,77,2727,951,2969,2569,2579,2984,50,1.177,1,2190,1,67.541,1.088,-50.625,-28.438,-34.500,-0.129,0.121,1.148,1.063,0.234,1.527,0.122,0.030,1.056,1.436,2,NULL,NULL,,3,0,2,7,255,1193,250,0,0
stim,132848,162969,0,162969,3360294.453,-0.782,0.051,0.028,-0.621,90,43,2747,715,2971,2549,2629,2995,50,1.177,1,2190,1,76.663,0.902,-58.688,-28.688,-40.125,-0.141,0.113,1.133,0.848,0.309,1.527,0.122,0.030,1.056,1.436,2,NULL,NULL,,3,0,2,7,255,1193,250,0,0
stim,132848,162969,0,162969,3360299.455,-0.781,0.048,0.029,-0.622,31,25,2791,503,2989,2517,2655,2991,50,1.177,1,2190,1,81.712,0.873,-58.563,-32.313,-46.938,-0.160,0.113,1.098,0.816,0.309,1.371,0.124,0.032,1.056,1.436,2,NULL,NULL,,3,0,2,7,255,1193,250,0,0
stim,132898,163019,0,163019,3360304.453,-0.779,0.045,0.029,-0.624,0,0,2821,311,3004,2494,2697,3011,50,1.177,1,2190,1,87.038,0.873,-56.250,-37.875,-54.563,-0.121,0.129,1.102,0.816,0.309,1.070,0.124,0.034,1.056,1.436,2,NULL,NULL,,3,0,2,7,255,1193,250,0,0
stim,132898,163019,0,163019,3360309.456,-0.778,0.042,0.029,-0.626,0,0,2833,187,3001,2455,2717,2999,50,1.177,1,2190,0,89.734,1.141,-52.375,-41.250,-60.063,-0.059,0.184,1.098,1.105,0.281,1.066,0.124,0.038,1.056,1.436,2,NULL,NULL,,3,0,2,7,255,1193,250,0,0
stim,132898,163019,0,163019,3360314.454,-0.777,0.039,0.029,-0.628,0,0,2859,94,3027,2419,2747,3005,50,1.177,1,2190,0,82.426,1.141,-40.938,-46.125,-54.688,-0.203,0.094,1.141,1.105,0.281,1.070,0.124,0.040,1.056,1.436,2,NULL,NULL,,3,0,2,7,255,1193,250,0,0
stim,132898,163019,0,163019,3360319.455,-0.776,0.038,0.027,-0.629,0,0,2879,52,3027,2397,2789,3015,50,1.177,1,2190,0,68.028,1.237,-9.500,-58.188,-33.938,-0.379,-0.051,1.289,0.672,1.039,1.520,0.124,0.044,1.056,1.436,2,NULL,NULL,,3,0,2,7,255,1193,250,0,0
stim,132898,163019,0,163019,3360324.454,-0.775,0.036,0.025,-0.630,0,0,2893,30,3041,2351,2796,3003,50,1.177,1,2190,0,79.885,2.568,14.375,-70.875,-33.938,-0.484,-0.164,1.582,-1.031,2.352,3.117,0.124,0.048,1.056,1.436,3,NULL,NULL,,3,0,2,7,255,1193,250,0,0
stim,132898,163019,0,163019,3360329.455,-0.775,0.034,0.022,-0.631,0,0,2899,4,3048,2309,2811,3014,50,1.177,1,2190,0,85.935,2.568,5.938,-82.875,-21.938,-0.344,-0.043,1.770,-1.031,2.352,6.055,0.124,0.052,1.056,1.436,3,NULL,NULL,,3,0,2,7,255,1193,250,0,0
stim,132898,163019,0,163019,3360334.453,-0.774,0.029,0.021,-0.632,0,0,2907,0,3055,2259,2845,3003,50,1.177,1,2190,0,118.933,2.036,-82.563,-81.563,-26.000,-0.098,-0.094,1.363,-0.820,1.863,6.055,0.126,0.054,1.056,1.436,3,NULL,NULL,,3,0,2,7,255,1193,250,0,0
stim,132898,163019,0,163019,3360339.455,-0.774,0.023,0.021,-0.633,0,0,2911,0,3055,2189,2859,3015,50,1.177,1,2190,0,128.052,0.848,-96.500,-82.000,-19.000,-0.094,-0.320,0.816,-0.820,-0.215,3.598,0.128,0.060,1.056,1.436,3,NULL,NULL,,3,0,2,7,255,1193,250,0,0
stim,132898,163019,0,163019,3360344.453,-0.774,0.020,0.019,-0.632,0,0,2918,0,3080,2109,2877,3005,50,1.177,1,2190,0,98.320,3.027,-34.813,-91.750,6.063,-0.164,-0.301,0.758,-3.020,-0.215,-1.699,0.132,0.066,1.056,1.436,3,NULL,NULL,,3,0,2,7,255,1193,250,0,0
stim,132898,163019,0,163019,3360349.455,-0.775,0.018,0.015,-0.632,0,0,2911,0,3077,2011,2905,3007,50,1.177,1,2190,0,103.629,3.071,20.125,-101.188,9.750,-0.254,-0.191,0.945,-3.020,0.559,-1.699,0.132,0.072,1.056,1.436,3,NULL,NULL,,3,0,2,7,255,1193,250,0,0
stim,132930,163051,0,163051,3360354.454,-0.775,0.016,0.011,-0.632,0,0,2903,0,3081,1892,2919,3003,50,1.177,1,2190,0,112.630,2.672,35.188,-106.875,-5.000,-0.277,-0.074,1.234,-2.121,1.625,-0.402,0.132,0.080,1.056,1.436,3,NULL,NULL,,3,0,2,7,255,1193,250,0,0
stim,132930,163051,0,163051,3360359.455,-0.774,0.014,0.006,-0.633,0,0,2904,0,3093,1763,2923,3001,50,1.177,1,2190,0,113.209,1.918,19.688,-110.625,-13.813,-0.207,-0.023,1.387,-1.020,1.625,2.410,0.128,0.088,1.056,1.436,3,NULL,NULL,,3,0,2,7,255,1193,250,0,0
stim,132930,163051,0,163051,3360364.453,-0.774,0.010,0.003,-0.633,0,0,2888,0,3093,1639,2928,3013,50,1.177,1,2190,0,116.579,1.592,2.188,-116.313,-7.563,-0.113,-0.031,1.348,-0.391,1.543,3.410,0.122,0.096,1.056,1.436,3,NULL,NULL,,3,0,2,7,255,1193,250,0,0
stim,132930,163051,0,163051,3360369.455,-0.775,0.007,-0.001,-0.632,0,0,2872,0,3101,1440,2935,3004,50,1.177,1,2190,0,122.879,0.849,-6.500,-122.500,7.125,-0.082,-0.004,1.266,-0.313,0.789,3.410,0.114,0.102,1.056,1.436,3,NULL,NULL,,3,0,2,7,255,1193,250,0,0
stim,132931,163052,0,163052,3360374.454,-0.775,0.003,-0.005,-0.632,0,0,2856,0,3099,1255,2957,2997,50,1.177,1,2190,0,126.787,0.719,-6.313,-125.500,16.875,-0.063,0.043,1.199,-0.027,0.719,2.609,0.106,0.104,1.056,1.436,3,NULL,NULL,,3,0,2,7,255,1193,250,0,0
stim,132931,163052,0,163052,3360379.455,-0.776,0.000,-0.010,-0.631,0,0,2827,0,3094,1019,2967,2989,50,1.177,1,2190,0,135.277,0.831,6.688,-132.438,26.750,-0.145,0.078,1.195,0.418,0.719,1.941,0.098,0.110,1.056,1.436,3,NULL,NULL,,3,0,2,7,255,1193,250,0,0
stim,132957,163078,0,163078,3360384.454,-0.777,-0.003,-0.015,-0.630,0,0,2811,0,3098,781,2973,2986,50,1.177,1,2190,0,144.003,1.780,13.938,-141.063,25.375,-0.180,0.152,1.301,0.555,1.691,1.941,0.090,0.116,1.056,1.436,3,NULL,NULL,,3,0,2,7,255,1193,250,0,0
stim,132957,163078,0,163078,3360389.455,-0.777,-0.006,-0.021,-0.629,0,0,2780,0,3101,571,2968,2963,50,1.177,1,2190,0,149.923,2.601,15.313,-147.563,21.625,-0.148,0.246,1.371,1.152,2.332,2.852,0.080,0.126,1.056,1.436,3,NULL,NULL,,3,0,2,7,255,1193,250,0,0
stim,132957,163078,0,163078,3360394.454,-0.778,-0.010,-0.026,-0.628,0,0,2739,0,3096,443,2981,2951,50,1.177,1,2190,0,157.497,3.163,8.875,-155.375,24.188,-0.156,0.254,1.402,2.035,2.422,3.508,0.072,0.136,1.056,1.436,3,NULL,NULL,,3,0,2,7,255,1193,250,0,0
stim,132957,163078,0,163078,3360399.455,-0.778,-0.014,-0.032,-0.627,0,0,2709,0,3100,241,2975,2937,50,1.177,1,2190,0,164.989,3.408,3.000,-163.438,22.375,-0.164,0.285,1.406,2.070,2.707,3.785,0.066,0.146,1.056,1.436,3,NULL,NULL,,3,0,2,7,255,1193,250,0,0
stim,132995,163116,0,163116,3360404.453,-0.779,-0.019,-0.037,-0.625,0,0,2663,0,3103,117,2981,2901,50,1.177,1,2190,0,173.956,3.545,-3.250,-171.688,27.813,-0.078,0.305,1.453,2.289,2.707,3.793,0.062,0.156,1.056,1.436,3,NULL,NULL,,3,0,2,7,255,1193,250,0,0
stim,132995,163116,0,163116,3360409.455,-0.780,-0.024,-0.043,-0.624,0,0,2600,0,3109,44,2985,2869,50,1.177,1,2190,0,182.959,3.984,-12.750,-179.188,34.688,-0.109,0.336,1.477,2.590,3.027,4.266,0.060,0.166,1.056,1.436,3,NULL,NULL,,3,0,2,7,255,1193,250,0,0
stim,132995,163116,0,163116,3360414.453,-0.780,-0.030,-0.049,-0.623,0,0,2527,0,3101,0,2985,2831,50,1.177,1,2190,0,188.274,4.064,-22.063,-185.063,26.688,-0.160,0.332,1.504,2.641,3.090,4.453,0.058,0.178,1.056,1.436,3,NULL,NULL,,3,0,2,7,255,1193,250,0,0
stim,132995,163116,0,163116,3360419.455,-0.781,-0.037,-0.054,-0.621,0,0,2475,0,3089,5,2995,2787,50,1.177,1,2190,0,199.451,4.654,-37.813,-193.813,28.063,-0.145,0.320,1.559,2.641,3.832,4.602,0.054,0.190,1.056,1.436,3,NULL,NULL,,3,0,2,7,255,1193,250,0,0
stim,132995,163116,0,163116,3360424.454,-0.781,-0.044,-0.060,-0.620,0,0,2397,0,3093,23,2989,2729,50,1.177,1,2190,0,208.914,4.740,-42.125,-202.375,30.250,-0.297,0.207,1.758,2.543,4.000,5.090,0.050,0.200,1.056,1.436,3,NULL,NULL,,3,0,2,7,255,1193,250,0,0
stim,132995,163116,0,163116,3360429.455,-0.782,-0.051,-0.066,-0.618,0,0,2327,0,3087,67,2976,2681,50,1.177,1,2190,0,223.813,5.856,-52.500,-215.438,30.375,-0.328,0.199,1.973,1.070,5.758,6.746,0.044,0.212,1.056,1.436,3,NULL,NULL,,3,0,2,7,255,1193,250,0,0
stim,132995,163116,0,163116,3360434.454,-0.782,-0.060,-0.072,-0.616,0,0,2216,0,3064,71,2973,2597,50,1.177,1,2190,0,243.047,6.765,-63.750,-231.500,37.625,-0.449,0.180,2.082,0.910,6.703,8.668,0.036,0.222,1.056,1.436,3,NULL,NULL,,3,0,2,7,255,1193,250,0,0
stim,132995,163116,0,163116,3360439.455,-0.782,-0.070,-0.078,-0.615,0,0,2119,0,3051,76,2959,2533,50,1.177,1,2190,0,265.542,8.455,-88.438,-248.313,32.125,-0.469,0.355,2.074,0.910,8.406,8.973,0.026,0.234,1.056,1.436,3,NULL,NULL,,3,0,2,7,255,1193,250,0,0
stim,132995,163116,0,163116,3360444.453,-0.782,-0.081,-0.084,-0.613,0,0,1995,0,3032,83,2935,2427,50,1.177,1,2190,0,292.371,9.631,-110.250,-268.125,37.875,-0.508,0.449,1.977,2.121,9.395,8.973,0.022,0.246,1.056,1.436,3,NULL,NULL,,3,0,2,7,255,1193,250,0,0
stim,132995,163116,0,163116,3360449.455,-0.781,-0.092,-0.090,-0.611,0,0,1897,0,3007,95,2915,2299,50,1.177,1,2190,0,309.235,10.610,-114.438,-286.313,23.563,-0.473,0.535,1.910,2.977,10.184,7.645,0.024,0.260,1.056,1.436,3,NULL,NULL,,3,0,2,7,255,1193,250,0,0
stim,133024,163145,0,163145,3360454.453,-0.780,-0.105,-0.097,-0.609,0,0,1797,0,2991,97,2879,2158,50,1.177,1,2190,0,328.588,10.929,-119.625,-305.438,19.188,-0.406,0.488,1.969,3.707,10.281,7.211,0.040,0.278,1.056,1.436,3,NULL,NULL,,3,0,2,7,255,1193,250,0,0
stim,133024,163145,0,163145,3360459.456,-0.779,-0.117,-0.105,-0.607,0,0,1700,0,2964,108,2835,2031,50,1.177,1,2190,0,342.227,11.030,-110.938,-323.625,8.875,-0.426,0.492,2.156,3.777,10.363,7.211,0.060,0.300,1.056,1.436,3,NULL,NULL,,3,0,2,7,255,1193,250,0,0
stim,133024,163145,0,163145,3360464.454,-0.777,-0.130,-0.114,-0.605,0,0,1643,0,2935,105,2779,1891,50,1.177,1,2190,0,359.725,12.149,-109.813,-342.375,11.063,-0.559,0.563,2.473,3.777,11.547,8.574,0.086,0.326,1.056,1.436,3,NULL,NULL,,3,0,2,7,255,1193,250,0,0
stim,133024,163145,0,163145,3360469.455,-0.775,-0.143,-0.123,-0.603,0,0,1561,0,2875,94,2707,1741,50,1.177,1,2190,0,377.238,15.133,-114.813,-359.313,4.563,-0.844,0.703,2.844,4.184,14.543,10.598,0.116,0.356,1.056,1.436,3,NULL,NULL,,3,0,2,7,255,1193,250,0,0
stim,133024,163145,0,163145,3360474.455,-0.772,-0.159,-0.132,-0.601,0,0,1456,0,2833,73,2588,1595,50,1.177,1,2190,0,412.516,19.886,-151.875,-383.438,-8.875,-1.078,0.688,2.980,4.410,19.391,11.902,0.152,0.392,1.056,1.436,3,NULL,NULL,,3,0,2,7,255,1193,250,0,0
stim,133024,163145,0,163145,3360479.455,-0.767,-0.176,-0.140,-0.601,0,0,1365,0,2761,67,2445,1466,50,1.177,1,2190,0,451.367,21.600,-197.188,-403.813,-42.250,-0.949,0.566,2.742,4.410,21.145,11.902,0.192,0.432,1.056,1.436,3,NULL,NULL,,3,0,2,7,255,1193,250,0,0
stim,133056,163177,0,163177,3360484.453,-0.762,-0.193,-0.150,-0.600,0,0,1191,0,2667,41,2267,1327,50,1.177,1,2190,0,471.781,21.476,-202.750,-420.750,-66.625,-0.688,0.309,2.438,3.758,21.145,9.598,0.238,0.482,1.056,1.436,3,NULL,NULL,,3,0,2,7,255,1193,250,0,0
stim,133056,163177,0,163177,3360489.455,-0.756,-0.210,-0.160,-0.599,0,0,1005,0,2537,0,1994,1199,50,1.177,1,2190,0,468.854,17.861,-166.938,-433.438,-63.938,-0.461,0.188,2.402,2.086,17.738,7.855,0.288,0.532,1.056,1.436,3,NULL,NULL,,3,0,2,7,255,1193,250,0,0
stim,133056,163177,0,163177,3360494.453,-0.751,-0.226,-0.171,-0.597,0,0,805,0,2404,0,1662,1061,50,1.177,1,2190,0,472.554,16.245,-151.750,-445.563,-41.875,-0.367,0.012,2.426,1.582,16.168,7.855,0.344,0.588,1.056,1.436,3,NULL,NULL,,3,0,2,7,255,1193,250,0,0
stim,133056,163177,0,163177,3360499.455,-0.746,-0.243,-0.182,-0.593,0,0,617,0,2169,0,1236,943,50,1.177,1,2190,0,487.085,15.943,-160.688,-459.813,1.938,-0.262,-0.273,2.242,0.219,15.941,7.855,0.402,0.648,1.056,1.436,3,NULL,NULL,,3,0,2,7,255,1193,250,0,0
stim,133092,163213,0,163213,3360504.454,-0.741,-0.261,-0.193,-0.588,0,0,435,0,1926,0,715,787,50,1.177,1,2190,0,502.320,14.552,-159.375,-475.625,26.563,-0.148,-0.480,1.703,-2.238,14.379,7.035,0.468,0.716,1.056,1.436,3,NULL,NULL,,3,0,2,7,255,1193,250,0,0
stim,133092,163213,0,163213,3360509.455,-0.737,-0.278,-0.205,-0.581,0,0,275,0,1613,0,279,628,50,1.177,1,2190,0,499.194,11.356,-114.500,-484.875,31.313,0.023,-0.465,1.164,-3.883,10.672,3.305,0.546,0.796,1.056,1.436,3,NULL,NULL,,3,0,2,7,255,1193,250,0,0
stim,133092,163213,0,163213,3360514.454,-0.733,-0.291,-0.220,-0.574,0,0,195,0,1236,0,59,501,50,1.177,1,2190,0,494.619,8.970,-9.500,-493.375,33.750,-0.016,-0.297,1.270,-3.883,8.086,-0.137,0.634,0.888,1.056,1.436,3,NULL,NULL,,3,0,2,7,255,1193,250,0,0
stim,133092,163213,0,163213,3360519.455,-0.731,-0.302,-0.236,-0.565,0,0,123,0,915,0,0,423,50,1.177,1,2190,0,499.489,8.444,53.938,-493.250,57.313,-0.164,0.215,1.910,-2.434,8.086,-0.137,0.726,0.982,1.056,1.436,3,NULL,NULL,,3,0,2,7,255,1193,250,0,0
stim,133092,163213,0,163213,3360524.454,-0.729,-0.314,-0.250,-0.555,0,0,108,0,476,0,0,355,50,1.177,1,2190,0,498.252,14.833,18.750,-490.250,86.938,-0.348,0.492,2.305,2.043,14.691,1.801,0.820,1.082,1.056,1.436,3,NULL,NULL,,3,0,2,7,255,1193,250,0,0
stim,133092,163213,0,163213,3360529.455,-0.726,-0.330,-0.262,-0.543,0,0,78,0,68,0,0,246,50,1.177,1,2190,0,517.474,19.829,-59.438,-492.000,148.938,-0.719,0.461,2.133,2.488,19.672,1.801,0.916,1.180,1.056,1.436,3,NULL,NULL,,3,0,2,7,255,1193,250,0,0
stim,133113,163234,0,163234,3360534.453,-0.724,-0.347,-0.272,-0.530,0,0,31,0,0,0,0,119,50,1.177,1,2190,0,549.288,20.247,-105.188,-500.000,201.625,-1.074,0.520,1.688,2.488,20.094,-2.621,1.012,1.278,1.056,1.436,3,NULL,NULL,,3,0,2,7,255,1193,250,0,0
stim,133113,163234,0,163234,3360539.455,-0.721,-0.364,-0.281,-0.518,0,0,33,0,0,0,0,52,50,1.177,1,2190,0,536.949,20.247,-123.750,-489.563,182.563,-1.148,0.734,1.297,2.488,20.094,-9.004,1.092,1.364,1.056,1.436,4,NULL,NULL,,3,0,2,7,255,1193,250,0,0
stim,133113,163234,0,163234,3360544.454,-0.716,-0.381,-0.291,-0.508,0,0,33,0,0,0,0,29,50,1.177,1,2190,0,497.134,18.048,-129.875,-463.938,122.625,-0.852,1.020,1.160,3.352,17.734,-13.109,1.160,1.436,1.056,1.436,0,NULL,NULL,,3,0,2,7,255,1193,250,0,0
stim,133113,163234,0,163234,3360549.455,-0.710,-0.396,-0.299,-0.500,0,0,37,0,0,0,0,71,50,1.177,1,2190,0,453.237,16.876,-153.813,-419.063,78.438,-0.477,1.148,1.234,6.773,15.457,-13.109,1.220,1.498,1.056,1.436,0,NULL,NULL,,3,0,2,7,255,1193,250,0,0
stim,133113,163234,0,163234,3360554.454,-0.703,-0.411,-0.304,-0.494,0,0,35,0,0,0,0,157,50,1.177,1,2190,0,429.708,15.947,-215.313,-364.563,73.375,-0.188,0.723,1.324,6.773,14.438,-10.730,1.278,1.560,1.056,1.436,0,NULL,NULL,,3,0,2,7,255,1193,250,0,0
stim,133113,163234,0,163234,3360559.455,-0.697,-0.425,-0.305,-0.490,0,0,38,0,0,0,0,205,50,1.177,1,2190,0,367.982,14.611,-243.813,-269.313,58.625,-0.176,0.227,1.148,6.125,13.266,-7.340,1.346,1.632,1.056,1.436,0,NULL,NULL,,3,0,2,7,255,1193,250,0,0
stim,133113,163234,0,163234,3360564.453,-0.692,-0.437,-0.305,-0.488,0,0,36,0,0,0,0,239,50,1.177,1,2190,0,289.688,11.518,-214.125,-187.313,54.625,-0.508,0.133,1.043,1.680,11.395,-7.340,1.432,1.722,1.056,1.436,0,NULL,NULL,,3,0,2,7,255,1193,250,0,0
stim,133113,163234,0,163234,3360569.455,-0.687,-0.445,-0.304,-0.488,0,0,40,0,0,0,0,254,50,1.177,1,2190,0,234.291,11.403,-207.313,-107.000,21.563,-0.711,0.258,1.145,0.430,11.395,-10.117,1.530,1.824,1.056,1.436,0,NULL,NULL,,3,0,2,7,255,1193,250,0,0
stim,133144,163265,0,163265,3360574.454,-0.681,-0.453,-0.299,-0.491,0,0,37,0,0,0,0,249,50,1.177,1,2190,0,256.466,11.395,-255.188,-19.438,-16.625,-0.551,0.156,0.840,0.078,11.395,-11.621,1.628,1.924,1.056,1.436,0,NULL,NULL,,3,0,2,7,255,1193,250,0,0
stim,133144,163265,0,163265,3360579.455,-0.676,-0.460,-0.291,-0.496,0,0,31,0,0,0,0,235,50,1.177,1,2190,0,295.589,9.752,-288.688,62.750,-9.750,-0.328,0.273,0.039,0.430,9.742,-11.965,1.726,2.024,1.056,1.436,0,NULL,NULL,,3,0,2,7,255,1193,250,0,0
stim,133144,163265,0,163265,3360584.454,-0.673,-0.464,-0.282,-0.502,0,0,31,0,0,0,0,169,50,1.177,1,2190,0,268.126,2.211,-234.000,130.688,7.500,-0.328,0.570,-0.656,1.371,1.734,-13.336,1.818,2.116,1.056,1.436,0,NULL,NULL,,3,0,2,7,255,1193,250,0,0
stim,133144,163265,0,163265,3360589.455,-0.673,-0.464,-0.274,-0.507,0,0,33,0,0,0,0,124,50,1.177,1,2190,0,208.582,4.904,-113.875,174.375,11.500,-0.457,0.555,-0.699,2.578,-4.172,-17.074,1.902,2.204,1.056,1.436,0,NULL,NULL,,3,0,2,7,255,1193,250,0,0
stim,133144,163265,0,163265,3360594.454,-0.675,-0.460,-0.268,-0.511,0,0,29,0,0,0,0,111,50,1.177,1,2190,0,202.550,4.904,-28.813,200.313,8.438,-0.520,0.254,-0.230,2.578,-4.172,-17.074,1.966,2.270,1.056,1.436,0,NULL,NULL,,3,0,2,7,255,1193,250,0,0
stim,133144,163265,0,163265,3360599.455,-0.677,-0.456,-0.261,-0.515,0,0,28,0,0,0,0,104,50,1.177,1,2190,0,219.099,0.323,-17.500,217.875,15.125,-0.465,0.016,0.039,0.219,0.238,-15.883,2.020,2.326,1.056,1.436,0,NULL,NULL,,3,0,2,7,255,1193,250,0,0
stim,133196,163317,0,163317,3360604.453,-0.680,-0.452,-0.253,-0.519,0,0,27,0,0,0,0,104,50,1.177,1,2190,0,232.190,1.715,-28.313,227.438,37.188,-0.402,0.020,-0.086,-1.344,1.066,-13.469,2.066,2.376,1.056,1.436,0,NULL,NULL,,3,0,2,7,255,1193,250,0,0
stim,133196,163317,0,163317,3360609.455,-0.683,-0.448,-0.245,-0.522,0,0,25,0,0,0,0,104,50,1.177,1,2190,0,238.725,1.715,-8.688,231.188,58.875,-0.406,0.195,-0.379,-1.344,1.066,-13.469,2.108,2.422,1.056,1.436,0,NULL,NULL,,3,0,2,7,255,1193,250,0,0
stim,133196,163317,0,163317,3360614.453,-0.688,-0.442,-0.237,-0.524,0,0,25,0,0,0,0,103,50,1.177,1,2190,0,246.456,1.293,42.313,231.563,73.000,-0.438,0.320,-0.461,-0.266,-1.266,-15.453,2.146,2.462,1.056,1.436,0,NULL,NULL,,3,0,2,7,255,1193,250,0,0
stim,133196,163317,0,163317,3360619.455,-0.694,-0.434,-0.231,-0.526,0,0,24,0,0,0,0,95,50,1.177,1,2190,0,261.531,1.406,89.063,232.000,81.500,-0.461,0.363,-0.289,0.613,-1.266,-16.086,2.172,2.490,1.056,1.436,0,NULL,NULL,,3,0,2,7,255,1193,250,0,0
stim,133196,163317,0,163317,3360624.454,-0.700,-0.426,-0.225,-0.527,0,0,25,0,0,0,0,97,50,1.177,1,2190,0,273.636,1.214,111.313,233.688,88.750,-0.480,0.352,-0.063,1.211,0.086,-16.086,2.192,2.514,1.056,1.436,0,NULL,NULL,,3,0,2,7,255,1193,250,0,0
stim,133196,163317,0,163317,3360629.455,-0.707,-0.418,-0.219,-0.527,0,0,22,0,0,0,0,92,50,1.177,1,2190,0,279.979,2.516,118.063,235.750,94.188,-0.523,0.332,0.051,1.215,2.203,-15.043,2.214,2.538,1.056,1.436,0,NULL,NULL,,3,0,2,7,255,1193,250,0,0
stim,133196,163317,0,163317,3360634.454,-0.713,-0.409,-0.213,-0.528,0,0,27,0,0,0,0,83,50,1.177,1,2190,0,286.209,3.672,127.625,238.063,94.625,-0.563,0.289,0.121,1.215,3.465,-14.633,2.238,2.564,1.056,1.436,0,NULL,NULL,,3,0,2,7,255,1193,250,0,0
stim,133196,163317,0,163317,3360639.455,-0.720,-0.400,-0.207,-0.528,0,0,25,0,0,0,0,83,50,1.177,1,2190,0,292.308,4.379,140.438,239.500,91.438,-0.609,0.246,0.246,0.758,4.313,-14.266,2.262,2.590,1.056,1.436,0,NULL,NULL,,3,0,2,7,255,1193,250,0,0
stim,133196,163317,0,163317,3360644.453,-0.726,-0.391,-0.201,-0.529,0,0,26,0,0,0,0,75,50,1.177,1,2190,0,294.905,5.660,148.688,240.688,83.250,-0.664,0.227,0.441,0.367,5.648,-13.641,2.284,2.616,1.056,1.436,0,NULL,NULL,,3,0,2,7,255,1193,250,0,0
stim,133196,163317,0,163317,3360649.455,-0.732,-0.381,-0.196,-0.529,0,0,25,0,0,0,0,69,50,1.177,1,2190,0,291.859,7.555,147.250,242.000,70.250,-0.703,0.207,0.652,0.242,7.551,-12.625,2.302,2.636,1.056,1.436,0,NULL,NULL,,3,0,2,7,255,1193,250,0,0
stim,133224,163345,0,163345,3360654.453,-0.738,-0.371,-0.190,-0.531,0,0,25,0,0,0,0,69,50,1.177,1,2190,0,286.103,9.421,138.563,244.250,54.750,-0.707,0.203,0.820,0.242,9.418,-11.324,2.320,2.658,1.056,1.436,0,NULL,NULL,,3,0,2,7,255,1193,250,0,0
stim,133224,163345,0,163345,3360659.455,-0.743,-0.362,-0.185,-0.533,0,0,26,0,0,0,0,71,50,1.177,1,2190,0,280.293,10.721,124.688,248.188,37.688,-0.676,0.223,0.965,0.352,10.715,-10.039,2.340,2.680,1.056,1.436,0,NULL,NULL,,3,0,2,7,255,1193,250,0,0
stim,133224,163345,0,163345,3360664.454,-0.746,-0.352,-0.178,-0.535,0,0,24,0,0,0,0,77,50,1.177,1,2190,0,275.258,11.616,100.875,255.188,21.688,-0.629,0.242,1.074,0.840,11.586,-8.730,2.360,2.702,1.056,1.436,0,NULL,NULL,,3,0,2,7,255,1193,250,0,0
stim,133224,163345,0,163345,3360669.455,-0.750,-0.344,-0.172,-0.539,0,0,24,0,0,0,0,77,50,1.177,1,2190,0,275.036,11.877,73.688,264.875,7.500,-0.602,0.219,1.078,1.277,11.809,-7.500,2.382,2.726,1.056,1.436,0,NULL,NULL,,3,0,2,7,255,1193,250,0,0
stim,133225,163346,0,163346,3360674.454,-0.752,-0.335,-0.164,-0.543,0,0,22,0,0,0,0,85,50,1.177,1,2190,0,282.300,11.877,51.938,277.375,-7.688,-0.578,0.184,1.023,1.277,11.809,-6.906,2.406,2.754,1.056,1.436,0,NULL,NULL,,3,0,2,7,255,1193,250,0,0
stim,133225,163346,0,163346,3360679.455,-0.754,-0.327,-0.156,-0.548,0,0,23,0,0,0,0,93,50,1.177,1,2190,0,295.298,11.182,39.438,291.688,-23.750,-0.555,0.133,0.945,1.004,11.137,-6.777,2.434,2.784,1.056,1.436,0,NULL,NULL,,3,0,2,7,255,1193,250,0,0
stim,133255,163376,0,163376,3360684.453,-0.755,-0.318,-0.147,-0.554,0,0,25,0,0,0,0,103,50,1.177,1,2190,0,311.326,10.312,33.250,307.063,-39.125,-0.516,0.109,0.898,0.625,10.293,-6.723,2.464,2.816,1.056,1.436,0,NULL,NULL,,3,0,2,7,255,1193,250,0,0
stim,133255,163376,0,163376,3360689.455,-0.756,-0.309,-0.138,-0.560,0,0,21,0,0,0,0,107,50,1.177,1,2190,0,328.726,9.622,30.688,323.063,-52.438,-0.473,0.109,0.848,0.625,9.602,-6.531,2.498,2.852,1.056,1.436,0,NULL,NULL,,3,0,2,7,255,1193,250,0,0
stim,133255,163376,0,163376,3360694.453,-0.757,-0.299,-0.129,-0.567,0,0,25,0,0,0,0,115,50,1.177,1,2190,0,345.831,8.899,33.563,338.500,-62.375,-0.434,0.109,0.785,0.746,8.867,-6.453,2.532,2.892,1.056,1.436,0,NULL,NULL,,3,0,2,7,255,1193,250,0,0
stim,133255,163376,0,163376,3360699.455,-0.757,-0.289,-0.120,-0.574,0,0,21,0,0,0,0,117,50,1.177,1,2190,0,361.602,8.125,45.750,351.813,-69.938,-0.410,0.105,0.730,0.871,8.078,-6.453,2.572,2.932,1.056,1.436,0,NULL,NULL,,3,0,2,7,255,1193,250,0,0
stim,133295,163416,0,163416,3360704.454,-0.757,-0.277,-0.110,-0.581,0,0,19,0,0,0,0,135,50,1.177,1,2190,0,375.926,7.513,61.625,362.625,-77.625,-0.359,0.148,0.758,0.918,7.457,-6.453,2.614,2.976,1.056,1.436,0,NULL,NULL,,3,0,2,7,255,1193,250,0,0
stim,133295,163416,0,163416,3360709.455,-0.757,-0.265,-0.101,-0.588,0,0,22,0,0,0,0,137,50,1.177,1,2190,0,387.943,7.320,73.250,371.000,-86.563,-0.152,0.168,0.762,1.574,7.148,-5.961,2.654,3.020,1.056,1.436,0,NULL,NULL,,3,0,2,7,255,1193,250,0,0
stim,133295,163416,0,163416,3360714.453,-0.758,-0.252,-0.092,-0.595,0,0,19,0,0,0,0,140,50,1.177,1,2190,0,395.187,5.686,85.438,377.000,-82.125,0.066,0.066,0.656,1.934,5.348,-4.801,2.696,3.064,1.056,1.436,0,NULL,NULL,,3,0,2,7,255,1193,250,0,0
stim,133295,163416,0,163416,3360719.455,-0.758,-0.238,-0.083,-0.601,0,0,21,0,0,0,0,141,50,1.177,1,2190,0,395.307,3.315,114.938,373.938,-56.813,0.090,0.074,0.629,1.988,2.652,-4.316,2.736,3.106,1.056,1.436,0,NULL,NULL,,3,0,2,7,255,1193,250,0,0
stim,133295,163416,0,163416,3360724.454,-0.760,-0.223,-0.076,-0.606,0,0,21,0,0,0,0,140,50,1.177,1,2190,0,398.736,3.315,146.688,368.250,-43.188,0.047,0.180,0.758,1.988,2.652,-4.270,2.774,3.148,1.056,1.436,0,NULL,NULL,,3,0,2,7,255,1193,250,0,0
stim,133295,163416,0,163416,3360729.455,-0.761,-0.208,-0.069,-0.610,0,0,18,0,0,0,0,137,50,1.177,1,2190,0,399.367,4.309,166.313,361.250,-36.500,0.027,0.164,0.879,3.039,3.055,-3.566,2.810,3.186,1.056,1.436,0,NULL,NULL,,3,0,2,7,255,1193,250,0,0
stim,133295,163416,0,163416,3360734.454,-0.763,-0.193,-0.062,-0.614,0,0,17,0,0,0,0,139,50,1.177,1,2190,0,400.251,4.323,185.563,353.750,-25.063,0.066,0.172,0.926,3.059,3.055,-2.434,2.844,3.222,1.056,1.436,0,NULL,NULL,,3,0,2,7,255,1193,250,0,0
stim,133295,163416,0,163416,3360739.455,-0.765,-0.176,-0.056,-0.617,0,0,21,0,0,0,0,136,50,1.177,1,2190,0,405.019,4.718,208.188,347.188,-12.625,0.047,0.250,1.063,3.219,3.449,-1.727,2.876,3.256,1.056,1.436,0,NULL,NULL,,3,0,2,7,255,1193,250,0,0
stim,133295,163416,0,163416,3360744.454,-0.767,-0.159,-0.051,-0.619,0,0,21,0,0,0,0,135,50,1.177,1,2190,0,408.402,5.151,227.000,339.500,1.813,-0.039,0.219,1.301,3.797,3.480,-0.605,2.906,3.288,1.056,1.436,0,NULL,NULL,,3,0,2,7,255,1193,250,0,0
stim,133295,163416,0,163416,3360749.455,-0.769,-0.143,-0.046,-0.621,0,0,18,0,0,0,0,137,50,1.177,1,2190,0,403.442,6.046,222.938,336.250,-0.063,-0.078,0.215,1.535,3.848,4.664,1.594,2.934,3.318,1.056,1.436,0,NULL,NULL,,3,0,2,7,255,1193,250,0,0
stim,133324,163445,0,163445,3360754.453,-0.770,-0.127,-0.041,-0.624,0,0,18,0,0,0,0,136,50,1.177,1,2190,0,393.455,6.381,208.000,333.938,-5.375,-0.090,0.188,1.633,3.797,5.129,3.891,2.958,3.346,1.056,1.436,0,NULL,NULL,,3,0,2,7,255,1193,250,0,0
stim,133324,163445,0,163445,3360759.455,-0.772,-0.111,-0.035,-0.625,0,0,19,0,0,0,0,136,50,1.177,1,2190,0,386.333,6.234,198.813,331.250,-0.563,-0.098,0.199,1.727,3.543,5.129,5.039,2.982,3.372,1.056,1.436,0,NULL,NULL,,3,0,2,7,255,1193,250,0,0
stim,133324,163445,0,163445,3360764.453,-0.773,-0.096,-0.029,-0.627,0,0,22,0,0,0,0,133,50,1.177,1,2190,0,379.021,6.208,185.625,330.438,-3.313,-0.141,0.230,1.820,3.543,5.098,6.105,3.004,3.398,1.056,1.436,0,NULL,NULL,,3,0,2,7,255,1193,250,0,0
stim,133324,163445,0,163445,3360769.455,-0.773,-0.081,-0.023,-0.629,0,0,22,0,0,0,0,133,50,1.177,1,2190,0,372.183,6.178,170.813,330.500,-10.625,-0.148,0.254,1.934,3.703,4.945,7.066,3.026,3.422,1.056,1.436,0,NULL,NULL,,3,0,2,7,255,1193,250,0,0
stim,133324,163445,0,163445,3360774.455,-0.773,-0.067,-0.016,-0.630,0,0,25,0,0,0,0,133,50,1.177,1,2190,0,363.070,6.119,151.500,329.750,-11.500,-0.156,0.246,2.027,3.738,4.844,8.309,3.050,3.448,1.056,1.436,0,NULL,NULL,,3,0,2,7,255,1193,250,0,0
stim,133324,163445,0,163445,3360779.455,-0.773,-0.053,-0.008,-0.632,0,0,25,0,0,0,0,133,50,1.177,1,2190,0,353.267,5.802,128.000,329.000,-13.125,-0.184,0.227,2.066,3.738,4.438,9.363,3.074,3.474,1.056,1.436,0,NULL,NULL,,3,0,2,7,255,1193,250,0,0
stim,133355,163476,0,163476,3360784.454,-0.772,-0.041,-0.000,-0.634,0,0,22,0,0,0,0,127,50,1.177,1,2190,0,344.930,5.380,103.375,328.500,-19.438,-0.199,0.207,2.027,3.453,4.125,9.672,3.100,3.502,1.056,1.436,0,NULL,NULL,,3,0,2,7,255,1193,250,0,0
stim,133355,163476,0,163476,3360789.455,-0.772,-0.029,0.008,-0.635,0,0,19,0,0,0,0,135,50,1.177,1,2190,0,338.618,4.792,87.438,326.188,-24.875,-0.176,0.164,1.934,3.156,3.605,9.672,3.126,3.530,1.056,1.436,0,NULL,NULL,,3,0,2,7,255,1193,250,0,0
stim,133355,163476,0,163476,3360794.453,-0.770,-0.017,0.017,-0.637,0,0,24,0,0,0,0,137,50,1.177,1,2190,0,334.230,3.781,82.313,322.750,-27.688,-0.137,0.129,1.867,2.672,2.676,8.910,3.152,3.560,1.056,1.436,0,NULL,NULL,,3,0,2,7,255,1193,250,0,0
stim,133355,163476,0,163476,3360799.455,-0.769,-0.005,0.025,-0.639,0,0,24,0,0,0,0,141,50,1.177,1,2190,0,330.227,2.850,82.500,318.500,-28.313,-0.109,0.113,1.824,2.309,1.672,8.336,3.180,3.588,1.056,1.436,0,NULL,NULL,,3,0,2,7,255,1193,250,0,0
stim,133391,163512,0,163512,3360804.453,-0.768,0.007,0.033,-0.640,0,0,21,0,0,0,0,141,50,1.177,1,2190,0,326.358,2.312,85.563,313.750,-27.375,-0.090,0.113,1.797,2.148,0.855,7.969,3.204,3.616,1.056,1.436,0,NULL,NULL,,3,0,2,7,255,1193,250,0,0
stim,133391,163512,0,163512,3360809.455,-0.766,0.018,0.041,-0.641,0,0,25,0,0,0,0,141,50,1.177,1,2190,0,323.126,2.122,93.688,308.188,-25.563,-0.063,0.098,1.777,2.117,0.148,7.715,3.228,3.640,1.056,1.436,0,NULL,NULL,,3,0,2,7,255,1193,250,0,0
stim,133391,163512,0,163512,3360814.454,-0.765,0.030,0.048,-0.642,0,0,28,0,0,0,0,151,50,1.177,1,2190,0,321.170,2.058,107.125,302.000,-21.688,-0.020,0.078,1.770,1.961,-0.625,7.504,3.248,3.664,1.056,1.436,0,NULL,NULL,,3,0,2,7,255,1193,250,0,0
stim,133391,163512,0,163512,3360819.455,-0.763,0.043,0.054,-0.643,0,0,28,0,0,0,0,157,50,1.177,1,2190,0,320.832,2.309,123.875,295.563,-15.188,0.035,0.059,1.773,1.742,-1.516,7.379,3.266,3.684,1.056,1.436,0,NULL,NULL,,3,0,2,7,255,1193,250,0,0
stim,133391,163512,0,163512,3360824.454,-0.762,0.056,0.059,-0.643,0,0,26,0,0,0,0,163,50,1.177,1,2190,0,323.559,2.998,144.375,289.500,-6.000,0.109,0.047,1.797,1.543,-2.570,7.375,3.284,3.704,1.056,1.436,0,NULL,NULL,,3,0,2,7,255,1193,250,0,0
stim,133391,163512,0,163512,3360829.455,-0.760,0.069,0.064,-0.643,0,0,25,0,0,0,0,160,50,1.177,1,2190,0,330.263,4.043,168.500,284.000,5.063,0.223,0.039,1.836,1.422,-3.785,7.375,3.298,3.720,1.056,1.436,0,NULL,NULL,,3,0,2,7,255,1193,250,0,0
stim,133414,163535,0,163535,3360834.453,-0.759,0.083,0.068,-0.642,0,0,30,0,0,0,0,172,50,1.177,1,2190,0,341.580,5.567,195.375,279.625,17.750,0.379,0.051,1.922,1.422,-5.383,7.457,3.310,3.734,1.056,1.436,0,NULL,NULL,,3,0,2,7,255,1193,250,0,0
stim,133414,163535,0,163535,3360839.455,-0.758,0.099,0.071,-0.641,0,0,35,0,0,0,0,181,50,1.177,1,2190,0,358.015,7.632,221.938,279.250,30.625,0.523,0.082,2.039,1.496,-7.484,7.832,3.316,3.744,1.056,1.436,0,NULL,NULL,,3,0,2,7,255,1193,250,0,0
stim,133414,163535,0,163535,3360844.454,-0.757,0.115,0.073,-0.639,0,0,33,0,0,0,0,186,50,1.177,1,2190,0,376.430,9.692,245.813,281.313,46.250,0.609,0.082,2.207,1.602,-9.559,8.449,3.322,3.750,1.056,1.436,0,NULL,NULL,,3,0,2,7,255,1193,250,0,0
stim,133414,163535,0,163535,3360849.455,-0.756,0.132,0.075,-0.637,0,0,33,0,0,0,0,187,50,1.177,1,2190,0,393.040,11.421,263.563,285.000,61.563,0.648,0.078,2.434,1.602,-11.309,9.555,3.324,3.756,1.056,1.436,0,NULL,NULL,,3,0,2,7,255,1193,250,0,0
stim,133414,163535,0,163535,3360854.454,-0.755,0.149,0.077,-0.634,0,0,31,0,0,0,0,183,50,1.177,1,2190,0,401.437,12.911,268.750,289.750,70.500,0.699,0.121,2.652,1.238,-12.852,11.266,3.322,3.756,1.056,1.436,0,NULL,NULL,,3,0,2,7,255,1193,250,0,0
stim,133414,163535,0,163535,3360859.455,-0.754,0.166,0.079,-0.630,0,0,29,0,0,0,0,183,50,1.177,1,2190,0,400.718,14.584,260.875,295.125,73.625,0.793,0.180,2.805,1.238,-14.531,12.867,3.318,3.754,1.056,1.436,0,NULL,NULL,,3,0,2,7,255,1193,250,0,0
stim,133414,163535,0,163535,3360864.453,-0.753,0.182,0.081,-0.627,0,0,30,0,0,0,0,187,50,1.177,1,2190,0,393.687,16.506,243.875,299.000,78.188,0.910,0.207,2.867,1.504,-16.438,13.336,3.308,3.744,1.056,1.436,0,NULL,NULL,,3,0,2,7,255,1193,250,0,0
stim,133414,163535,0,163535,3360869.455,-0.752,0.198,0.085,-0.623,0,0,35,0,0,0,0,197,50,1.177,1,2190,0,382.771,18.425,221.625,300.000,86.000,1.020,0.195,2.855,1.504,-18.363,13.336,3.288,3.728,1.056,1.436,0,NULL,NULL,,3,0,2,7,255,1193,250,0,0
stim,133414,163535,0,163535,3360874.454,-0.752,0.213,0.088,-0.618,0,0,33,0,0,0,0,204,50,1.177,1,2190,0,368.724,20.032,197.813,296.375,94.813,1.094,0.145,2.781,1.387,-19.984,12.289,3.264,3.704,1.056,1.436,0,NULL,NULL,,3,0,2,7,255,1193,250,0,0
stim,133443,163564,0,163564,3360879.455,-0.751,0.227,0.092,-0.613,0,0,33,0,0,0,0,202,50,1.177,1,2190,0,353.640,21.020,179.125,287.750,100.875,1.211,0.012,2.656,0.910,-21.000,10.711,3.230,3.672,1.056,1.436,0,NULL,NULL,,3,0,2,7,255,1193,250,0,0
stim,133443,163564,0,163564,3360884.454,-0.751,0.240,0.096,-0.607,0,0,29,0,0,0,0,237,50,1.177,1,2190,0,336.899,22.211,162.813,275.813,104.500,1.340,-0.215,2.445,-0.090,-22.211,8.320,3.186,3.632,1.056,1.436,0,NULL,NULL,,3,0,2,7,255,1193,250,0,0
stim,133443,163564,0,163564,3360889.455,-0.751,0.253,0.100,-0.602,0,0,31,0,0,0,0,262,50,1.177,1,2190,0,321.241,23.199,150.938,260.625,111.750,1.430,-0.492,2.160,-1.746,-23.133,4.926,3.134,3.580,1.056,1.436,0,NULL,NULL,,3,0,2,7,255,1193,250,0,0
stim,133443,163564,0,163564,3360894.453,-0.751,0.265,0.103,-0.596,0,0,35,0,0,0,0,278,50,1.177,1,2190,0,309.349,23.435,150.750,242.875,118.250,1.477,-0.762,1.844,-3.754,-23.133,0.914,3.070,3.520,1.056,1.436,0,NULL,NULL,,3,0,2,7,255,1193,250,0,0
stim,133443,163564,0,163564,3360899.455,-0.751,0.276,0.104,-0.590,0,0,31,0,0,0,0,295,50,1.177,1,2190,0,305.075,23.483,168.938,223.563,120.625,1.508,-0.965,1.617,-5.684,-22.785,-3.184,3.002,3.450,1.056,1.436,0,NULL,NULL,,3,0,2,7,255,1193,250,0,0
stim,133443,163564,0,163564,3360904.453,-0.750,0.289,0.105,-0.585,0,0,29,0,2,0,0,309,50,1.177,1,2190,0,307.407,23.873,197.875,205.125,115.188,1.559,-1.078,1.586,-7.125,-22.785,-6.258,2.926,3.376,1.056,1.436,0,NULL,NULL,,3,0,2,7,255,1193,250,0,0
stim,133497,163618,0,163618,3360909.455,-0.749,0.301,0.104,-0.581,0,0,30,0,36,0,0,315,50,1.177,1,2190,0,302.224,24.059,212.875,188.188,103.000,1.684,-1.027,1.789,-7.395,-22.895,-7.113,2.848,3.298,1.056,1.436,0,NULL,NULL,,3,0,2,7,255,1193,250,0,0
stim,133497,163618,0,163618,3360914.454,-0.749,0.313,0.104,-0.576,0,0,28,0,52,0,0,328,50,1.177,1,2190,0,288.204,26.052,199.375,175.125,112.438,2.074,-0.777,2.211,-7.395,-24.980,-7.113,2.762,3.214,1.056,1.436,0,NULL,NULL,,3,0,2,7,255,1193,250,0,0
stim,133497,163618,0,163618,3360919.455,-0.749,0.322,0.104,-0.570,0,0,30,0,63,0,0,355,50,1.177,1,2190,0,243.150,30.113,138.938,164.938,112.313,1.957,-1.484,1.996,-7.395,-29.191,-7.113,2.668,3.120,1.056,1.436,0,NULL,NULL,,3,0,2,7,255,1193,250,0,0
stim,133497,163618,0,163618,3360924.454,-0.747,0.331,0.105,-0.567,0,0,29,0,75,0,0,367,50,1.177,1,2190,0,220.182,30.568,151.438,150.188,54.688,2.152,-1.438,1.629,-9.070,-29.191,-9.484,2.568,3.020,1.056,1.436,0,NULL,NULL,,3,0,2,7,255,1193,250,0,0
stim,133497,163618,0,163618,3360929.455,-0.745,0.339,0.105,-0.565,0,0,25,0,74,0,0,397,50,1.177,1,2190,0,206.396,30.568,155.500,132.500,29.375,2.652,-1.289,1.762,-9.070,-29.191,-13.699,2.464,2.914,1.056,1.436,0,NULL,NULL,,3,0,2,7,255,1193,250,0,0
stim,133498,163619,0,163619,3360934.453,-0.742,0.346,0.105,-0.564,0,0,27,0,93,0,0,413,50,1.177,1,2190,0,174.469,33.606,134.250,110.125,17.000,2.738,-1.465,1.809,-7.723,-32.707,-15.352,2.354,2.804,1.056,1.436,0,NULL,NULL,,3,0,2,7,255,1193,250,0,0
stim,133498,163619,0,163619,3360939.455,-0.740,0.352,0.105,-0.563,0,0,27,0,93,0,0,430,50,1.177,1,2190,0,145.581,34.683,120.313,81.438,-9.313,2.785,-1.727,1.781,-7.723,-33.813,-16.566,2.242,2.690,1.056,1.436,0,NULL,NULL,,3,0,2,7,255,1193,250,0,0
stim,133498,163619,0,163619,3360944.453,-0.737,0.357,0.104,-0.564,0,0,26,0,102,0,0,437,50,1.177,1,2190,0,133.050,35.495,122.438,45.188,-25.875,2.715,-1.699,1.867,-9.930,-34.078,-17.609,2.130,2.574,1.056,1.436,0,NULL,NULL,,3,0,2,7,255,1193,250,0,0
stim,133498,163619,0,163619,3360949.455,-0.734,0.361,0.101,-0.566,0,0,27,0,93,0,0,440,50,1.177,1,2190,0,126.928,35.653,122.063,2.000,-34.750,2.656,-1.434,2.227,-9.930,-34.242,-17.609,2.014,2.458,1.056,1.436,0,NULL,NULL,,3,0,2,7,255,1193,250,0,0
stim,133529,163650,0,163650,3360954.454,-0.733,0.363,0.098,-0.567,0,0,28,0,75,0,0,425,50,1.177,1,2190,0,102.860,36.637,97.188,-33.688,0.000,2.563,-1.148,2.484,-9.133,-35.480,-13.875,1.896,2.338,1.056,1.436,0,NULL,NULL,,3,0,2,7,255,1193,250,0,0
stim,133529,163650,0,163650,3360959.455,-0.733,0.363,0.094,-0.568,0,0,22,0,31,0,0,421,50,1.177,1,2190,0,82.363,36.298,38.563,-71.750,12.188,1.906,-0.695,2.691,-7.660,-35.480,-10.492,1.776,2.214,1.056,1.436,0,NULL,NULL,,3,0,2,7,255,1193,250,0,0
stim,133529,163650,0,163650,3360964.453,-0.734,0.360,0.092,-0.569,0,0,11,0,12,0,0,421,50,1.177,1,2190,0,98.884,32.528,-20.188,-96.063,-11.938,1.504,-0.547,2.457,-6.410,-31.891,-3.539,1.648,2.084,1.056,1.436,0,NULL,NULL,,3,0,2,7,255,1193,250,0,0
stim,133529,163650,0,163650,3360969.455,-0.734,0.354,0.090,-0.573,0,0,13,0,0,0,0,457,50,1.177,1,2190,0,155.834,27.929,-75.438,-123.438,-57.938,1.199,-0.523,2.484,-6.410,-27.184,-2.238,1.514,1.946,1.056,1.436,0,NULL,NULL,,3,0,2,7,255,1193,250,0,0
stim,133530,163651,0,163651,3360974.454,-0.735,0.347,0.089,-0.576,45,0,6,355,0,8,0,585,50,1.177,1,2190,0,186.160,25.817,-95.438,-152.438,-48.063,0.539,-1.098,2.805,-6.855,-24.891,0.012,1.376,1.802,1.056,1.436,0,NULL,NULL,,3,0,2,7,255,1193,250,0,0
stim,133530,163651,0,163651,3360979.455,-0.742,0.348,0.069,-0.569,840,0,0,1191,0,125,0,597,50,1.177,1,2190,0,514.308,27.907,210.125,-284.438,373.438,-0.973,0.285,5.426,-14.879,-23.609,4.004,1.236,1.656,1.056,1.436,0,NULL,NULL,,3,0,2,7,255,1193,250,0,0
stim,133551,163672,0,163672,3360984.454,-0.761,0.329,0.069,-0.555,1461,0,0,1689,0,444,0,645,50,1.177,1,2190,0,671.181,26.724,-487.438,-180.063,424.813,-1.723,2.902,4.445,-14.879,-22.199,36.605,1.094,1.506,1.056,1.436,0,NULL,NULL,,3,0,2,7,255,1193,250,0,0
stim,133551,163672,0,163672,3360989.455,-0.775,0.298,0.083,-0.551,1961,0,0,1944,0,589,0,701,50,1.177,1,2190,0,858.986,10.947,-839.938,-147.313,103.250,-2.281,2.645,0.469,8.969,-6.277,36.605,0.952,1.354,1.056,1.436,0,NULL,NULL,,3,0,2,7,255,1193,250,0,0
stim,133551,163672,0,163672,3360994.454,-0.782,0.275,0.092,-0.552,2237,0,0,2101,0,839,0,799,50,1.177,1,2191,0,603.411,25.114,-587.000,-134.938,-36.438,-2.094,2.090,-1.590,13.043,21.461,13.137,0.812,1.198,1.056,1.436,1,1158.000,-35.000,,3,0,2,7,255,1193,250,0,0
stim,133551,163672,0,163672,3360999.455,-0.782,0.262,0.095,-0.557,2437,0,0,2204,0,1041,0,889,50,1.177,1,2191,0,310.486,25.471,-242.500,-132.563,-141.500,-0.414,1.484,-1.629,13.719,21.461,-7.559,0.682,1.042,1.056,1.436,1,NULL,NULL,,3,0,2,7,255,1193,250,0,0
stim,133605,163726,0,163726,3361004.453,-0.781,0.260,0.090,-0.561,2577,0,0,2349,0,1235,0,980,50,1.177,1,2191,0,170.013,19.999,35.563,-143.250,-84.375,0.492,0.449,0.773,13.043,15.160,-7.559,0.572,0.888,1.056,1.436,1,NULL,NULL,,3,0,2,7,255,1193,250,0,0
stim,133605,163726,0,163726,3361009.455,-0.783,0.256,0.086,-0.560,2743,0,0,2573,0,1323,0,1016,50,1.177,1,2191,0,155.323,13.584,-29.188,-136.250,68.625,0.563,1.344,1.883,11.781,-6.762,-4.184,0.492,0.738,1.056,1.436,1,NULL,NULL,,3,0,2,7,255,1193,250,0,0
stim,133605,163726,0,163726,3361014.453,-0.791,0.246,0.082,-0.554,2853,0,0,2712,0,1357,0,1061,50,1.177,1,2191,0,344.192,8.288,-195.063,-177.313,221.313,-1.219,0.816,1.602,4.793,-6.762,7.449,0.450,0.598,1.056,1.436,1,NULL,NULL,,3,0,2,7,255,1193,250,0,0
stim,133605,163726,0,163726,3361019.455,-0.800,0.229,0.082,-0.548,2936,0,0,2835,0,1379,0,1165,50,1.177,1,2191,0,458.280,4.849,-368.438,-207.500,176.688,-2.406,-0.727,0.895,1.012,4.742,7.449,0.446,0.468,1.056,1.436,2,NULL,NULL,,3,0,2,7,255,1193,250,0,0
stim,133605,163726,0,163726,3361024.454,-0.802,0.213,0.083,-0.551,2989,0,0,2921,0,1395,0,1231,50,1.177,1,2191,0,378.760,21.398,-315.938,-194.250,-76.875,-2.066,-1.203,-0.313,-16.516,13.605,5.246,0.474,0.356,1.056,1.436,2,NULL,NULL,,3,0,2,7,255,1193,250,0,0
stim,133605,163726,0,163726,3361029.455,-0.800,0.203,0.081,-0.559,3032,0,0,2987,0,1403,0,1305,50,1.177,1,2191,0,306.352,21.398,-127.750,-206.250,-187.063,-0.293,-0.801,-0.070,-16.516,13.605,-7.684,0.516,0.292,1.056,1.436,2,NULL,NULL,,3,0,2,7,255,1193,250,0,0
stim,133605,163726,0,163726,3361034.454,-0.797,0.198,0.075,-0.566,3053,0,0,3042,0,1429,0,1335,50,1.177,1,2191,0,244.611,8.388,11.375,-189.250,-154.563,0.828,-1.008,1.316,-8.383,0.309,-7.684,0.538,0.276,1.056,1.436,2,NULL,NULL,,3,0,2,7,255,1193,250,0,0
stim,133605,163726,0,163726,3361039.455,-0.797,0.193,0.070,-0.569,3095,0,0,3093,0,1443,0,1343,50,1.177,1,2191,0,167.852,17.265,-23.625,-160.688,-42.375,1.449,-1.395,2.156,-8.383,-15.094,-2.777,0.540,0.302,1.056,1.436,2,NULL,NULL,,3,0,2,7,255,1193,250,0,0
stim,133605,163726,0,163726,3361044.453,-0.801,0.185,0.067,-0.566,3096,0,0,3108,0,1471,0,1354,50,1.177,1,2191,0,222.228,23.319,-125.313,-154.375,99.250,1.238,-1.352,1.828,-9.508,-21.293,0.441,0.530,0.354,1.056,1.436,2,NULL,NULL,,3,0,2,7,255,1193,250,0,0
stim,133605,163726,0,163726,3361049.455,-0.808,0.176,0.065,-0.559,3109,0,0,3155,0,1563,0,1355,50,1.177,1,2191,0,312.150,23.319,-182.375,-138.875,211.875,0.406,-0.965,1.086,-9.508,-21.293,0.441,0.530,0.418,1.056,1.436,2,NULL,NULL,,3,0,2,7,255,1193,250,0,0
stim,133624,163745,0,163745,3361054.453,-0.815,0.168,0.063,-0.551,3119,0,0,3177,0,1691,39,1401,50,1.177,1,2191,0,317.108,13.104,-159.875,-137.000,237.125,-0.590,-0.465,0.664,-8.055,-10.336,-2.797,0.556,0.470,1.056,1.436,2,NULL,NULL,,3,0,2,7,255,1193,250,0,0
stim,133624,163745,0,163745,3361059.457,-0.820,0.162,0.059,-0.545,3123,0,0,3188,0,1817,70,1486,50,1.177,1,2191,0,239.747,6.978,-102.125,-140.063,165.625,-1.105,0.086,0.668,-6.863,1.258,-2.797,0.576,0.508,1.056,1.436,2,NULL,NULL,,3,0,2,7,255,1193,250,0,0
stim,133624,163745,0,163745,3361064.454,-0.822,0.156,0.055,-0.544,3128,0,0,3193,0,1907,89,1591,50,1.177,1,2191,0,164.658,8.021,-63.625,-142.938,51.313,-0.961,0.563,1.082,-3.965,6.973,-0.512,0.572,0.528,1.056,1.436,2,NULL,NULL,,3,0,2,7,255,1193,250,0,0
stim,133624,163745,0,163745,3361069.455,-0.822,0.150,0.052,-0.546,3128,0,0,3197,0,2019,153,1651,50,1.177,1,2191,0,158.609,7.002,-71.063,-136.438,-38.625,-0.340,0.551,1.336,0.637,6.973,3.641,0.538,0.532,1.056,1.436,2,NULL,NULL,,3,0,2,7,255,1193,250,0,0
stim,133624,163745,0,163745,3361074.455,-0.823,0.144,0.050,-0.548,3130,0,0,3207,27,2099,189,1717,50,1.177,1,2191,0,167.817,1.186,-100.813,-127.500,-41.750,0.164,0.047,1.309,0.637,1.000,3.641,0.486,0.524,1.056,1.436,2,NULL,NULL,,3,0,2,7,255,1193,250,0,0
stim,133624,163745,0,163745,3361079.455,-0.823,0.136,0.049,-0.549,3127,0,0,3207,109,2171,200,1768,50,1.177,1,2191,0,182.346,4.935,-136.813,-119.875,-12.750,0.156,-0.457,1.176,0.355,-4.922,2.176,0.442,0.502,1.056,1.436,2,NULL,NULL,,3,0,2,7,255,1193,250,0,0
stim,133653,163774,0,163774,3361084.453,-0.825,0.128,0.048,-0.549,3129,0,0,3209,415,2248,282,1902,50,1.177,1,2191,0,180.783,6.382,-141.063,-112.875,6.563,0.055,-0.617,0.785,-4.063,-4.922,0.293,0.420,0.454,1.056,1.436,2,NULL,NULL,,3,0,2,7,255,1193,250,0,0
stim,133653,163774,0,163774,3361089.455,-0.826,0.122,0.047,-0.549,3129,0,0,3211,620,2296,373,2031,50,1.177,1,2191,0,139.010,7.416,-88.750,-106.750,7.188,0.016,-0.613,0.855,-5.695,-4.750,-2.422,0.418,0.390,1.056,1.436,2,NULL,NULL,,3,0,2,7,255,1193,250,0,0
stim,133653,163774,0,163774,3361094.453,-0.826,0.120,0.045,-0.550,3129,0,0,3211,851,2345,339,2136,50,1.177,1,2191,0,75.805,7.416,-27.188,-68.250,-18.688,0.309,-0.336,1.426,-5.695,-4.750,-2.422,0.426,0.322,1.056,1.436,2,NULL,NULL,,3,0,2,7,255,1193,250,0,0
stim,133653,163774,0,163774,3361099.455,-0.826,0.118,0.043,-0.550,3128,0,0,3211,991,2375,373,2181,50,1.177,1,2191,0,58.387,6.004,-18.688,-54.688,-8.313,0.531,0.473,1.105,-2.344,-5.527,0.207,0.438,0.262,1.056,1.436,2,NULL,NULL,,3,0,2,7,255,1193,250,0,0
stim,133692,163813,0,163813,3361104.454,-0.826,0.117,0.042,-0.550,3127,13,0,3211,1098,2399,380,2237,50,1.177,1,2191,0,46.244,8.081,17.063,-42.938,-1.938,0.258,0.813,1.371,5.895,-5.527,2.762,0.438,0.222,1.056,1.436,2,NULL,NULL,,3,0,2,7,255,1193,250,0,0
stim,133692,163813,0,163813,3361109.456,-0.825,0.115,0.042,-0.551,3127,23,0,3208,1189,2421,399,2284,50,1.177,1,2191,0,58.784,6.373,-48.188,-26.563,-20.688,-0.320,0.156,1.809,5.895,-2.422,3.691,0.434,0.208,1.056,1.436,2,NULL,NULL,,3,0,2,7,255,1193,250,0,0
stim,133692,163813,0,163813,3361114.454,-0.825,0.110,0.044,-0.552,3125,35,0,3209,1267,2437,411,2325,50,1.177,1,2191,0,121.116,1.454,-113.313,-19.750,-37.938,-0.082,0.000,0.961,-0.410,-1.395,3.691,0.430,0.202,1.056,1.436,2,NULL,NULL,,3,0,2,7,255,1193,250,0,0
stim,133692,163813,0,163813,3361119.455,-0.824,0.107,0.045,-0.554,3142,59,0,3221,1342,2455,428,2363,50,1.177,1,2191,0,92.845,0.911,-75.313,-16.438,-51.750,-0.129,-0.035,0.777,-0.598,-0.688,-0.469,0.430,0.198,1.056,1.436,2,NULL,NULL,,3,0,2,7,255,1193,250,0,0
stim,133692,163813,0,163813,3361124.454,-0.823,0.105,0.046,-0.557,3127,79,0,3209,1406,2456,446,2379,50,1.177,1,2191,0,75.954,1.517,-34.125,-15.500,-66.063,-0.043,0.031,0.930,-0.598,-1.395,-0.809,0.434,0.192,1.056,1.436,2,NULL,NULL,,3,0,2,7,255,1193,250,0,0
stim,133692,163813,0,163813,3361129.455,-0.822,0.103,0.046,-0.559,3133,111,0,3212,1495,2477,469,2410,50,1.177,1,2191,0,66.122,1.517,-29.000,-11.750,-58.250,0.078,0.031,1.086,-0.055,-1.516,-0.809,0.444,0.180,1.056,1.436,2,NULL,NULL,,3,0,2,7,255,1193,250,0,0
stim,133723,163844,0,163844,3361134.453,-0.821,0.101,0.047,-0.560,3131,111,0,3217,1565,2486,470,2439,50,1.177,1,2191,0,58.526,1.852,-42.875,-9.500,-38.688,-0.035,0.004,1.031,-0.055,-1.852,0.125,0.458,0.162,1.056,1.436,2,NULL,NULL,,3,0,2,7,255,1193,250,0,0
stim,133723,163844,0,163844,3361139.455,-0.820,0.099,0.048,-0.561,3117,152,0,3208,1609,2495,469,2451,50,1.177,1,2191,0,59.589,1.867,-47.438,-8.438,-35.063,-0.137,0.035,0.977,-0.242,-1.852,0.125,0.478,0.142,1.056,1.436,2,NULL,NULL,,3,0,2,7,255,1193,250,0,0
stim,133723,163844,0,163844,3361144.454,-0.819,0.097,0.049,-0.563,3118,185,0,3207,1644,2493,463,2463,50,1.177,1,2191,0,57.653,0.897,-38.563,-6.813,-42.313,-0.094,0.098,0.984,-0.242,-0.863,-0.125,0.500,0.122,1.056,1.436,2,NULL,NULL,,3,0,2,7,255,1193,250,0,0
stim,133723,163844,0,163844,3361149.455,-0.819,0.096,0.049,-0.564,3117,217,0,3209,1689,2501,461,2473,50,1.177,1,2191,0,49.872,0.992,-33.188,-6.313,-36.688,-0.004,0.094,1.031,0.488,-0.863,-0.125,0.520,0.104,1.056,1.436,2,NULL,NULL,,3,0,2,7,255,1193,250,0,0
stim,133723,163844,0,163844,3361154.454,-0.818,0.094,0.050,-0.565,3115,233,5,3207,1727,2505,456,2479,50,1.177,1,2191,0,43.545,1.667,-32.938,-4.500,-28.125,-0.035,0.059,1.047,0.488,-1.594,0.145,0.538,0.090,1.056,1.436,2,NULL,NULL,,3,0,2,7,255,1193,250,0,0
stim,133723,163844,0,163844,3361159.455,-0.818,0.093,0.050,-0.566,3126,237,31,3211,1749,2517,459,2487,50,1.177,1,2191,0,39.862,1.631,-32.875,-3.625,-22.250,-0.059,0.016,1.023,0.348,-1.594,0.145,0.550,0.082,1.056,1.436,2,NULL,NULL,,3,0,2,7,255,1193,250,0,0
stim,133723,163844,0,163844,3361164.453,-0.818,0.091,0.051,-0.566,3115,255,25,3212,1768,2517,427,2491,50,1.177,1,2191,0,33.205,1.497,-28.813,-2.063,-16.375,-0.090,0.039,0.988,0.051,-1.496,0.133,0.560,0.074,1.056,1.436,2,NULL,NULL,,3,0,2,7,255,1193,250,0,0
stim,133723,163844,0,163844,3361169.455,-0.817,0.091,0.052,-0.567,3110,266,39,3198,1785,2519,435,2491,50,1.177,1,2191,0,29.349,1.025,-22.813,-1.813,-18.375,-0.164,0.082,1.004,0.051,-1.023,0.133,0.568,0.068,1.056,1.436,2,NULL,NULL,,3,0,2,7,255,1193,250,0,0
stim,133744,163865,0,163865,3361174.454,-0.817,0.090,0.052,-0.567,3113,271,105,3199,1805,2519,425,2513,50,1.177,1,2191,0,27.432,0.616,-18.188,-2.563,-20.375,-0.137,0.059,1.031,0.113,-0.605,0.180,0.580,0.062,1.056,1.436,2,NULL,NULL,,3,0,2,7,255,1193,250,0,0
stim,133744,163865,0,163865,3361179.455,-0.817,0.089,0.052,-0.568,3109,281,115,3205,1830,2523,425,2513,50,1.177,1,2191,0,25.864,0.616,-20.375,-1.938,-15.813,-0.105,0.020,1.051,0.113,-0.605,0.402,0.590,0.056,1.056,1.436,2,NULL,NULL,,3,0,2,7,255,1193,250,0,0
stim,133744,163865,0,163865,3361184.454,-0.816,0.088,0.053,-0.568,3095,271,151,3192,1853,2513,427,2506,50,1.196,1,2191,1,21.470,0.794,-19.500,-3.250,-8.375,-0.137,-0.012,1.008,-0.121,-0.785,0.402,0.000,0.000,1.069,1.394,2,NULL,NULL,,3,0,2,7,255,1193,250,0,0
stim,133744,163865,0,163865,3361189.455,-0.816,0.087,0.053,-0.569,3097,279,187,3195,1879,2515,413,2519,50,1.196,1,2191,1,19.355,0.929,-17.000,-4.313,-8.188,-0.195,0.000,1.012,-0.496,-0.785,0.277,0.006,0.006,1.069,1.394,2,NULL,NULL,,3,0,2,7,255,1193,250,0,0
stim,133744,163865,0,163865,3361194.454,-0.816,0.086,0.053,-0.569,3078,281,249,3175,1903,2515,419,2519,50,1.196,1,2191,1,21.072,0.547,-15.875,-5.125,-12.875,-0.195,0.016,0.984,-0.496,-0.230,0.141,0.012,0.010,1.069,1.394,2,NULL,NULL,,3,0,2,7,255,1193,250,0,0
stim,133744,163865,1,163865,3361199.455,-0.816,0.086,0.053,-0.569,3055,282,279,3162,1939,2504,446,2525,50,1.196,1,2191,1,17.669,0.588,-10.875,-7.375,-11.813,-0.199,-0.004,0.953,-0.582,-0.086,0.035,0.016,0.014,1.069,1.394,2,NULL,NULL,,3,1,2,7,255,1193,250,0,0
stim,133799,163920,1,163920,3361204.453,-0.816,0.085,0.053,-0.570,3043,287,315,3155,1974,2506,467,2541,50,1.196,1,2191,1,16.922,0.535,-8.375,-11.063,-9.688,-0.273,0.031,0.984,-0.531,-0.066,0.035,0.022,0.020,1.069,1.394,2,NULL,NULL,,3,1,2,7,255,1193,250,0,0
stim,133799,163920,1,163920,3361209.455,-0.815,0.085,0.053,-0.570,3023,283,390,3143,2005,2491,492,2547,50,1.196,1,2191,1,24.598,0.875,-7.250,-13.125,-19.500,-0.313,0.117,1.000,-0.531,0.695,0.156,0.028,0.022,1.069,1.394,2,NULL,NULL,,3,1,2,7,255,1193,250,0,0
stim,133799,163920,1,163920,3361214.453,-0.814,0.084,0.053,-0.572,2999,292,471,3126,2035,2489,549,2567,50,1.196,1,2191,1,36.406,0.739,-6.625,-14.313,-32.813,-0.234,0.164,1.016,0.137,0.727,0.445,0.032,0.026,1.069,1.394,2,NULL,NULL,,3,1,2,7,255,1193,250,0,0
stim,133799,163920,1,163920,3361219.455,-0.814,0.083,0.053,-0.573,2979,291,611,3109,2068,2483,597,2577,50,1.196,1,2191,1,40.426,1.087,-8.938,-14.750,-36.563,-0.156,0.133,1.047,0.809,0.727,0.457,0.034,0.026,1.069,1.394,2,NULL,NULL,,3,1,2,7,255,1193,250,0,0
stim,133799,163920,1,163920,3361224.454,-0.813,0.082,0.052,-0.574,2958,298,670,3093,2103,2479,629,2587,50,1.196,1,2191,1,40.112,0.821,-14.438,-14.500,-34.500,-0.145,0.098,1.035,0.809,-0.141,0.461,0.034,0.026,1.069,1.394,2,NULL,NULL,,3,1,2,7,255,1193,250,0,0
stim,133799,163920,1,163920,3361229.455,-0.812,0.081,0.052,-0.575,2935,309,741,3069,2150,2475,702,2597,50,1.196,1,2191,1,43.476,0.565,-19.875,-13.625,-36.188,-0.160,0.098,1.020,0.547,-0.141,0.461,0.034,0.024,1.069,1.394,2,NULL,NULL,,3,1,2,7,255,1193,250,0,0
stim,133799,163920,1,163920,3361234.454,-0.811,0.080,0.053,-0.577,2910,310,815,3053,2187,2471,745,2604,50,1.196,1,2191,1,49.692,0.571,-21.125,-12.125,-43.313,-0.141,0.086,0.996,0.492,-0.289,0.340,0.032,0.022,1.069,1.394,2,NULL,NULL,,3,1,2,7,255,1193,250,0,0
stim,133799,163920,1,163920,3361239.455,-0.810,0.079,0.053,-0.579,2887,308,889,3039,2221,2463,806,2615,50,1.196,1,2191,1,53.273,0.541,-19.875,-10.438,-48.313,-0.086,0.047,0.980,0.457,-0.289,0.051,0.032,0.020,1.069,1.394,2,NULL,NULL,,3,1,2,7,255,1193,250,0,0
stim,133799,163920,1,163920,3361244.453,-0.809,0.078,0.053,-0.580,2861,313,972,3021,2250,2461,876,2615,50,1.196,1,2191,1,51.286,0.902,-19.375,-9.000,-46.625,-0.055,0.000,0.984,0.297,-0.852,-0.180,0.030,0.018,1.069,1.394,2,NULL,NULL,,3,1,2,7,255,1193,250,0,0
stim,133799,163920,1,163920,3361249.455,-0.808,0.077,0.053,-0.582,2839,317,1041,3007,2278,2453,937,2619,50,1.196,1,2191,1,47.364,1.270,-20.188,-7.125,-42.250,-0.055,-0.031,0.973,-0.008,-1.270,-0.230,0.030,0.014,1.069,1.394,2,NULL,NULL,,3,1,2,7,255,1193,250,0,0
stim,133823,163944,1,163944,3361254.453,-0.807,0.075,0.053,-0.583,2802,325,1131,2990,2303,2451,1015,2620,50,1.196,1,2191,1,42.891,1.306,-19.813,-6.750,-37.438,-0.074,-0.043,0.953,-0.309,-1.270,-0.332,0.028,0.014,1.069,1.394,2,NULL,NULL,,3,1,2,7,255,1193,250,0,0
stim,133823,163944,1,163944,3361259.455,-0.806,0.075,0.054,-0.584,2781,327,1209,2972,2333,2449,1068,2636,50,1.196,1,2191,1,35.883,1.218,-16.813,-7.188,-30.875,-0.141,-0.016,0.934,-0.371,-1.160,-0.496,0.028,0.012,1.069,1.394,2,NULL,NULL,,3,1,2,7,255,1193,250,0,0
stim,133823,163944,1,163944,3361264.454,-0.806,0.074,0.054,-0.585,2757,339,1288,2953,2355,2445,1160,2645,50,1.196,1,2191,1,36.792,0.562,-12.938,-8.750,-33.313,-0.223,0.070,0.977,-0.371,-0.422,-0.496,0.028,0.012,1.069,1.394,2,NULL,NULL,,3,1,2,7,255,1193,250,0,0
stim,133823,163944,1,163944,3361269.455,-0.805,0.073,0.054,-0.587,2719,333,1405,2937,2381,2439,1230,2644,50,1.196,1,2191,1,45.617,0.576,-12.125,-9.500,-42.938,-0.250,0.168,1.027,0.180,0.547,-0.008,0.028,0.014,1.069,1.394,2,NULL,NULL,,3,1,2,7,255,1193,250,0,0
stim,133841,163962,1,163962,3361274.454,-0.803,0.072,0.054,-0.589,2685,344,1503,2919,2410,2430,1301,2658,50,1.196,1,2191,1,61.405,1.160,-16.688,-9.188,-58.375,-0.168,0.211,1.078,1.023,0.547,0.559,0.030,0.016,1.069,1.394,2,NULL,NULL,,3,1,2,7,255,1193,250,0,0
stim,133841,163962,1,163962,3361279.455,-0.802,0.071,0.054,-0.591,2647,362,1615,2901,2431,2431,1349,2661,50,1.196,1,2191,1,67.148,1.071,-26.688,-8.250,-61.063,-0.102,0.113,1.070,1.031,0.289,0.723,0.032,0.020,1.069,1.394,2,NULL,NULL,,3,1,2,7,255,1193,250,0,0
stim,133841,163962,1,163962,3361284.453,-0.800,0.069,0.055,-0.593,2611,375,1716,2889,2458,2425,1407,2663,50,1.196,1,2191,1,67.105,1.182,-35.438,-7.875,-56.438,-0.035,0.047,1.027,1.031,-0.578,0.723,0.034,0.022,1.069,1.394,2,NULL,NULL,,3,1,2,7,255,1193,250,0,0
stim,133841,163962,1,163962,3361289.455,-0.799,0.067,0.056,-0.594,2568,381,1796,2872,2495,2427,1493,2667,50,1.196,1,2191,1,63.751,1.102,-40.188,-6.938,-49.000,-0.094,-0.055,0.977,0.586,-0.934,0.160,0.036,0.024,1.069,1.394,2,NULL,NULL,,3,1,2,7,255,1193,250,0,0
stim,133863,163984,1,163984,3361294.453,-0.798,0.065,0.057,-0.596,2523,409,1869,2861,2504,2423,1556,2671,50,1.196,1,2191,1,67.646,1.236,-44.125,-6.375,-50.875,-0.082,-0.094,0.961,-0.512,-1.125,-0.219,0.038,0.026,1.069,1.394,2,NULL,NULL,,3,1,2,7,255,1193,250,0,0
stim,133863,163984,1,163984,3361299.455,-0.797,0.063,0.058,-0.598,2491,437,1949,2848,2522,2421,1599,2677,50,1.196,1,2191,1,63.104,1.222,-41.375,-7.438,-47.063,-0.105,-0.098,0.945,-0.789,-0.934,-0.391,0.040,0.026,1.069,1.394,2,NULL,NULL,,3,1,2,7,255,1193,250,0,0
stim,133895,164016,1,164016,3361304.454,-0.796,0.062,0.059,-0.599,2467,444,2015,2839,2543,2420,1657,2699,50,1.196,1,2191,1,67.005,1.224,-41.938,-5.188,-52.000,-0.105,-0.102,0.938,-0.867,-0.863,-0.523,0.042,0.028,1.069,1.394,2,NULL,NULL,,3,1,2,7,255,1193,250,0,0
stim,133895,164016,1,164016,3361309.455,-0.795,0.060,0.060,-0.601,2439,463,2101,2829,2557,2419,1727,2686,50,1.196,1,2191,1,59.979,1.224,-39.813,-7.375,-44.250,-0.027,-0.070,0.918,-0.867,-0.863,-0.578,0.044,0.028,1.069,1.394,2,NULL,NULL,,3,1,2,7,255,1193,250,0,0
stim,133895,164016,1,164016,3361314.454,-0.794,0.058,0.060,-0.602,2410,474,2163,2809,2579,2419,1783,2683,50,1.196,1,2191,1,41.710,1.333,-31.188,-7.625,-26.625,-0.039,-0.074,0.887,-0.406,-1.270,-0.883,0.044,0.028,1.069,1.394,2,NULL,NULL,,3,1,2,7,255,1193,250,0,0
stim,133895,164016,1,164016,3361319.455,-0.794,0.057,0.061,-0.602,2389,497,2219,2811,2589,2415,1843,2701,50,1.196,1,2191,1,32.405,1.333,-24.250,-5.125,-20.875,-0.160,-0.066,0.953,-0.406,-1.270,-0.883,0.046,0.028,1.069,1.394,2,NULL,NULL,,3,1,2,7,255,1193,250,0,0
stim,133895,164016,1,164016,3361324.454,-0.793,0.056,0.061,-0.603,2361,519,2281,2795,2602,2415,1892,2709,50,1.196,1,2191,1,39.155,0.625,-25.375,-7.688,-28.813,-0.188,-0.066,1.004,-0.594,-0.195,-0.344,0.046,0.028,1.069,1.394,2,NULL,NULL,,3,1,2,7,255,1193,250,0,0
stim,133895,164016,1,164016,3361329.455,-0.792,0.054,0.062,-0.605,2341,551,2335,2795,2615,2423,1945,2709,50,1.196,1,2191,1,47.358,0.625,-30.125,-7.563,-35.750,-0.121,-0.063,0.977,-0.594,-0.195,-0.152,0.048,0.026,1.069,1.394,2,NULL,NULL,,3,1,2,7,255,1193,250,0,0
stim,133920,164041,1,164041,3361334.453,-0.792,0.053,0.062,-0.606,2317,566,2367,2787,2623,2427,1983,2713,50,1.196,1,2191,1,43.433,0.735,-27.625,-7.125,-32.750,-0.063,-0.082,0.926,-0.449,-0.582,-0.152,0.050,0.026,1.069,1.394,2,NULL,NULL,,3,1,2,7,255,1193,250,0,0
stim,133920,164041,1,164041,3361339.455,-0.791,0.052,0.063,-0.606,2291,589,2413,2777,2639,2422,2021,2720,50,1.196,1,2191,1,33.098,1.136,-21.500,-6.250,-24.375,-0.066,-0.090,0.934,-0.449,-1.043,-0.668,0.052,0.024,1.069,1.394,2,NULL,NULL,,3,1,2,7,255,1193,250,0,0
stim,133920,164041,1,164041,3361344.454,-0.791,0.051,0.063,-0.607,2271,602,2471,2743,2658,2425,2065,2738,50,1.196,1,2191,1,27.387,1.155,-19.250,-6.813,-18.250,-0.102,-0.086,0.977,-0.496,-1.043,-0.668,0.054,0.024,1.069,1.394,2,NULL,NULL,,3,1,2,7,255,1193,250,0,0
stim,133920,164041,1,164041,3361349.455,-0.790,0.050,0.063,-0.608,2253,619,2493,2766,2675,2428,2103,2740,50,1.196,1,2191,1,28.182,0.926,-21.188,-7.063,-17.188,-0.121,-0.082,0.988,-0.504,-0.777,-0.195,0.056,0.022,1.069,1.394,2,NULL,NULL,,3,1,2,7,255,1193,250,0,0
stim,133920,164041,1,164041,3361354.453,-0.790,0.049,0.063,-0.608,2231,635,2531,2761,2687,2431,2141,2747,50,1.196,1,2191,1,28.451,0.779,-21.438,-7.938,-16.938,-0.113,-0.082,0.965,-0.504,-0.594,-0.195,0.062,0.020,1.069,1.394,2,NULL,NULL,,3,1,2,7,255,1193,250,0,0
stim,133920,164041,1,164041,3361359.455,-0.790,0.048,0.064,-0.609,2207,648,2550,2747,2702,2439,2170,2757,50,1.196,1,2191,1,23.775,0.761,-17.375,-8.313,-13.938,-0.102,-0.074,0.945,-0.477,-0.594,-0.270,0.064,0.020,1.069,1.394,2,NULL,NULL,,3,1,2,7,255,1193,250,0,0
stim,133920,164041,1,164041,3361364.453,-0.789,0.047,0.064,-0.609,2195,652,2577,2735,2727,2439,2204,2761,50,1.196,1,2191,1,17.178,0.690,-11.438,-9.125,-9.000,-0.105,-0.059,0.961,-0.352,-0.594,-0.336,0.068,0.020,1.069,1.394,2,NULL,NULL,,3,1,2,7,255,1193,250,0,0
stim,133920,164041,1,164041,3361369.455,-0.789,0.046,0.063,-0.609,2164,663,2589,2733,2723,2438,2229,2764,50,1.196,1,2191,1,13.462,0.610,-7.688,-9.438,-5.750,-0.109,-0.043,0.980,-0.195,-0.578,-0.336,0.072,0.020,1.069,1.394,2,NULL,NULL,,3,1,2,7,255,1193,250,0,0
stim,133939,164060,1,164060,3361374.454,-0.789,0.046,0.063,-0.609,2137,677,2617,2713,2729,2443,2259,2775,50,1.196,1,2191,1,12.519,0.528,-6.500,-10.688,-0.500,-0.117,-0.039,1.012,-0.066,-0.523,-0.148,0.076,0.020,1.069,1.394,2,NULL,NULL,,3,1,2,7,255,1193,250,0,0
stim,133939,164060,1,164060,3361379.455,-0.789,0.045,0.063,-0.609,2106,682,2635,2696,2741,2445,2283,2783,50,1.196,1,2191,1,14.833,0.485,-10.125,-10.563,-2.438,-0.168,-0.047,1.023,-0.066,-0.480,0.156,0.078,0.020,1.069,1.394,2,NULL,NULL,,3,1,2,7,255,1193,250,0,0
stim,133939,164060,1,164060,3361384.454,-0.789,0.044,0.063,-0.609,2069,685,2659,2675,2751,2447,2311,2791,50,1.196,1,2191,1,16.853,0.250,-10.125,-12.000,-6.125,-0.133,-0.031,0.980,0.012,-0.250,0.156,0.082,0.022,1.069,1.394,2,NULL,NULL,,3,1,2,7,255,1193,250,0,0
stim,133939,164060,1,164060,3361389.455,-0.789,0.044,0.063,-0.609,2025,686,2677,2652,2764,2450,2341,2797,50,1.196,1,2191,1,15.253,0.250,-6.500,-13.000,-4.625,-0.117,-0.039,0.977,-0.012,-0.250,-0.109,0.086,0.022,1.069,1.394,2,NULL,NULL,,3,1,2,7,255,1193,250,0,0
stim,133992,164113,1,164113,3361394.453,-0.789,0.043,0.062,-0.610,1963,693,2707,2633,2795,2451,2361,2811,50,1.196,1,2191,1,14.946,0.344,-4.563,-14.000,-2.563,-0.125,-0.047,1.000,-0.012,-0.344,-0.109,0.088,0.022,1.069,1.394,2,NULL,NULL,,3,1,2,7,255,1193,250,0,0
stim,133992,164113,1,164113,3361399.455,-0.789,0.043,0.062,-0.610,1903,695,2716,2605,2783,2452,2393,2811,50,1.196,1,2191,1,15.601,0.358,-4.875,-14.500,-3.063,-0.141,-0.063,1.000,-0.102,-0.344,0.078,0.090,0.024,1.069,1.394,2,NULL,NULL,,3,1,2,7,255,1193,250,0,0
stim,133992,164113,1,164113,3361404.453,-0.789,0.042,0.061,-0.610,1853,693,2732,2573,2797,2453,2414,2825,50,1.196,1,2191,1,16.430,0.437,-4.625,-15.250,-4.000,-0.121,-0.082,1.004,-0.270,-0.344,0.109,0.092,0.024,1.069,1.394,2,NULL,NULL,,3,1,2,7,255,1193,250,0,0
stim,133992,164113,1,164113,3361409.455,-0.789,0.041,0.061,-0.610,1797,683,2748,2537,2809,2453,2447,2838,50,1.196,1,2191,1,16.541,0.615,-4.188,-15.938,-1.438,-0.105,-0.105,0.988,-0.402,-0.465,0.109,0.094,0.024,1.069,1.394,2,NULL,NULL,,3,1,2,7,255,1193,250,0,0
stim,133992,164113,1,164113,3361414.454,-0.789,0.041,0.061,-0.610,1723,671,2765,2501,2814,2453,2461,2844,50,1.196,1,2191,1,17.835,0.750,-1.875,-17.250,4.125,-0.113,-0.098,0.980,-0.559,-0.500,-0.035,0.096,0.026,1.069,1.394,2,NULL,NULL,,3,1,2,7,255,1193,250,0,0
stim,133992,164113,1,164113,3361419.455,-0.789,0.040,0.060,-0.610,1613,665,2787,2455,2837,2455,2480,2854,50,1.196,1,2191,1,19.880,0.750,0.438,-18.625,6.938,-0.137,-0.074,0.980,-0.559,-0.500,-0.074,0.098,0.026,1.069,1.394,2,NULL,NULL,,3,1,2,7,255,1193,250,0,0
stim,133992,164113,1,164113,3361424.454,-0.790,0.040,0.059,-0.609,1510,646,2794,2377,2835,2453,2503,2858,50,1.196,1,2191,1,21.905,0.441,3.313,-20.750,6.188,-0.164,-0.059,0.992,-0.383,-0.219,-0.074,0.098,0.026,1.069,1.394,2,NULL,NULL,,3,1,2,7,255,1193,250,0,0
stim,133992,164113,1,164113,3361429.455,-0.790,0.039,0.058,-0.609,1349,619,2811,2311,2845,2445,2526,2878,50,1.196,1,2191,1,24.640,0.310,6.063,-23.313,5.188,-0.156,-0.039,1.020,-0.309,0.031,0.063,0.098,0.026,1.069,1.394,2,NULL,NULL,,3,1,2,7,255,1193,250,0,0
stim,134020,164141,1,164141,3361434.453,-0.790,0.039,0.057,-0.609,1237,572,2829,2231,2861,2451,2555,2887,50,1.196,1,2191,1,25.328,0.144,5.313,-24.375,4.375,-0.172,0.000,1.074,-0.109,0.094,0.309,0.098,0.028,1.069,1.394,2,NULL,NULL,,3,1,2,7,255,1193,250,0,0
stim,134020,164141,1,164141,3361439.455,-0.790,0.039,0.056,-0.609,1129,547,2852,2155,2869,2451,2583,2892,50,1.196,1,2191,1,24.942,0.360,-0.313,-24.938,-0.375,-0.172,0.078,1.121,0.273,0.234,0.840,0.096,0.030,1.069,1.394,2,NULL,NULL,,3,1,2,7,255,1193,250,0,0
stim,134020,164141,1,164141,3361444.454,-0.790,0.038,0.055,-0.609,1005,519,2851,2073,2885,2449,2611,2904,50,1.196,1,2191,1,27.911,0.932,-6.000,-27.250,0.688,-0.082,0.047,1.074,0.902,0.234,0.840,0.096,0.032,1.069,1.394,2,NULL,NULL,,3,1,2,7,255,1193,250,0,0
stim,134020,164141,0,164141,3361449.455,-0.791,0.037,0.054,-0.609,877,459,2873,1962,2903,2431,2633,2913,50,1.196,1,2191,1,30.203,0.903,-4.813,-28.938,7.188,-0.133,0.020,1.066,0.902,0.023,0.719,0.094,0.034,1.069,1.394,2,NULL,NULL,,3,0,2,7,255,1199,250,0,0
stim,134020,164141,0,164141,3361454.454,-0.791,0.036,0.053,-0.609,693,399,2889,1847,2904,2426,2663,2915,50,1.196,1,2191,1,31.882,0.520,-5.188,-31.125,4.563,-0.199,0.020,1.105,0.520,0.023,0.719,0.092,0.038,1.069,1.394,2,NULL,NULL,,3,0,2,7,255,1199,250,0,0
stim,134020,164141,0,164141,3361459.455,-0.791,0.035,0.053,-0.609,507,375,2892,1651,2921,2427,2684,2925,50,1.196,1,2191,1,34.842,0.767,-8.375,-33.813,-0.750,-0.211,0.035,1.113,0.477,0.602,1.184,0.092,0.042,1.069,1.394,2,NULL,NULL,,3,0,2,7,255,1199,250,0,0
stim,134020,164141,0,164141,3361464.453,-0.791,0.034,0.051,-0.609,371,328,2920,1467,2942,2413,2718,2934,50,1.196,1,2191,1,37.376,0.767,-7.125,-36.688,-0.438,-0.125,0.063,1.117,0.477,0.602,1.184,0.090,0.048,1.069,1.394,2,NULL,NULL,,3,0,2,7,255,1199,250,0,0
stim,134020,164141,0,164141,3361469.455,-0.791,0.032,0.050,-0.609,238,251,2931,1303,2957,2392,2743,2935,50,1.196,1,2191,1,40.940,1.006,-8.125,-40.063,2.250,-0.145,0.082,1.121,0.945,0.344,1.238,0.090,0.054,1.069,1.394,2,NULL,NULL,,3,0,2,7,255,1199,250,0,0
stim,134044,164165,0,164165,3361474.454,-0.791,0.031,0.049,-0.609,107,205,2940,1047,2969,2380,2771,2952,50,1.196,1,2191,1,44.063,1.099,-14.563,-41.188,-5.750,-0.121,0.074,1.125,1.090,0.141,1.227,0.088,0.058,1.069,1.394,2,NULL,NULL,,3,0,2,7,255,1199,250,0,0
stim,134044,164165,0,164165,3361479.455,-0.791,0.029,0.048,-0.609,41,139,2959,824,2985,2344,2783,2951,50,1.196,1,2191,1,47.331,1.125,-14.438,-43.938,-10.063,-0.117,0.094,1.090,1.098,0.246,1.227,0.088,0.064,1.069,1.394,2,NULL,NULL,,3,0,2,7,255,1199,250,0,0
stim,134044,164165,0,164165,3361484.454,-0.791,0.028,0.046,-0.610,7,75,2970,580,2989,2302,2808,2956,50,1.196,1,2191,1,49.619,1.262,-9.000,-46.688,-14.188,-0.121,0.098,1.125,1.238,0.246,1.227,0.086,0.070,1.069,1.394,2,NULL,NULL,,3,0,2,7,255,1199,250,0,0
stim,134044,164165,0,164165,3361489.455,-0.791,0.026,0.045,-0.610,0,57,2983,411,2991,2259,2833,2971,50,1.196,1,2191,1,51.940,1.328,-5.063,-49.563,-14.688,-0.074,0.145,1.148,1.305,0.246,1.238,0.084,0.078,1.069,1.394,2,NULL,NULL,,3,0,2,7,255,1199,250,0,0
stim,134044,164165,0,164165,3361494.453,-0.790,0.025,0.043,-0.611,0,21,2999,331,3003,2237,2860,2965,50,1.196,1,2191,1,57.608,1.885,-11.313,-52.438,-21.000,-0.160,0.184,1.211,1.863,0.285,1.375,0.076,0.086,1.069,1.394,2,NULL,NULL,,3,0,2,7,255,1199,250,0,0
stim,134044,164165,0,164165,3361499.455,-0.790,0.024,0.040,-0.611,0,4,3005,287,3015,2199,2875,2964,50,1.196,1,2191,1,70.848,2.070,30.125,-64.063,-2.813,-0.406,0.078,1.570,1.863,0.902,2.074,0.068,0.096,1.069,1.394,2,NULL,NULL,,3,0,2,7,255,1199,250,0,0
stim,134098,164219,0,164219,3361504.453,-0.791,0.024,0.036,-0.610,0,0,3019,259,3027,2137,2889,2969,50,1.196,1,2191,1,92.784,2.871,38.813,-80.125,26.125,-0.508,0.113,1.930,0.824,2.750,5.840,0.062,0.102,1.069,1.394,2,NULL,NULL,,3,0,2,7,255,1199,250,0,0
stim,134098,164219,0,164219,3361509.457,-0.791,0.020,0.035,-0.610,0,0,3014,211,3026,2085,2904,2968,50,1.196,1,2191,0,100.246,2.824,-60.063,-79.938,-7.188,-0.301,-0.066,1.680,0.641,2.750,6.859,0.056,0.106,1.069,1.394,2,NULL,NULL,,3,0,2,7,255,1199,250,0,0
stim,134098,164219,0,164219,3361514.454,-0.791,0.014,0.036,-0.611,0,0,3029,141,3043,1983,2931,2969,50,1.196,1,2191,0,138.461,1.591,-111.750,-79.938,-17.125,-0.129,-0.270,1.113,-0.445,1.527,6.859,0.052,0.110,1.069,1.394,2,NULL,NULL,,3,0,2,7,255,1199,250,0,0
stim,134098,164219,0,164219,3361519.455,-0.792,0.009,0.035,-0.610,0,0,3023,87,3049,1885,2937,2972,50,1.196,1,2191,0,113.516,2.135,-67.563,-89.750,16.313,-0.164,-0.238,0.879,-2.086,0.453,1.277,0.046,0.114,1.069,1.394,2,NULL,NULL,,3,0,2,7,255,1199,250,0,0
stim,134098,164219,0,164219,3361524.454,-0.793,0.006,0.032,-0.609,0,0,3033,21,3051,1785,2955,2959,50,1.196,1,2191,0,101.538,2.135,-15.250,-98.125,21.188,-0.293,-0.117,0.945,-2.086,0.453,-0.344,0.042,0.122,1.069,1.394,3,NULL,NULL,,3,0,2,7,255,1199,250,0,0
stim,134098,164219,0,164219,3361529.455,-0.793,0.003,0.028,-0.609,0,0,3021,6,3065,1645,2967,2968,50,1.196,1,2191,0,103.891,2.392,6.125,-103.688,2.188,-0.313,-0.102,1.164,-1.238,2.047,-0.344,0.040,0.130,1.069,1.394,3,NULL,NULL,,3,0,2,7,255,1199,250,0,0
stim,134098,164219,0,164219,3361534.453,-0.793,0.001,0.025,-0.609,0,0,3029,0,3063,1507,2968,2962,50,1.196,1,2191,0,110.454,2.317,4.750,-110.313,-2.938,-0.238,-0.137,1.332,-1.086,2.047,1.785,0.038,0.138,1.069,1.394,3,NULL,NULL,,3,0,2,7,255,1199,250,0,0
stim,134098,164219,0,164219,3361539.455,-0.793,-0.003,0.021,-0.608,0,0,3031,0,3067,1341,2983,2956,50,1.196,1,2191,0,115.806,1.874,-7.500,-115.188,9.313,-0.180,-0.188,1.332,-1.086,1.527,3.379,0.036,0.146,1.069,1.394,3,NULL,NULL,,3,0,2,7,255,1199,250,0,0
stim,134098,164219,0,164219,3361544.453,-0.794,-0.007,0.018,-0.608,0,0,3018,0,3081,1179,2985,2939,50,1.196,1,2191,0,122.944,1.883,-22.813,-119.563,17.313,-0.199,-0.215,1.246,-1.441,1.211,3.379,0.036,0.154,1.069,1.394,3,NULL,NULL,,3,0,2,7,255,1199,250,0,0
stim,134098,164219,0,164219,3361549.455,-0.795,-0.011,0.014,-0.607,0,0,3021,0,3078,959,2995,2937,50,1.196,1,2191,0,129.065,2.122,-28.375,-125.063,14.563,-0.230,-0.195,1.180,-1.742,1.211,2.551,0.034,0.162,1.069,1.394,3,NULL,NULL,,3,0,2,7,255,1199,250,0,0
stim,134130,164251,0,164251,3361554.454,-0.795,-0.015,0.010,-0.606,0,0,3001,0,3080,731,3003,2923,50,1.196,1,2191,0,133.272,2.423,-16.500,-131.625,12.813,-0.230,-0.156,1.113,-1.742,1.684,1.891,0.030,0.172,1.069,1.394,3,NULL,NULL,,3,0,2,7,255,1199,250,0,0
stim,134130,164251,0,164251,3361559.455,-0.796,-0.018,0.006,-0.606,0,0,2997,0,3081,587,3005,2901,50,1.196,1,2191,0,140.256,2.403,0.625,-139.813,11.125,-0.230,-0.113,1.125,-1.453,1.914,1.223,0.026,0.182,1.069,1.394,3,NULL,NULL,,3,0,2,7,255,1199,250,0,0
stim,134130,164251,0,164251,3361564.454,-0.796,-0.022,0.000,-0.605,0,0,2968,0,3081,409,3025,2879,50,1.196,1,2191,0,148.149,2.388,14.750,-147.250,6.938,-0.207,-0.035,1.230,-1.090,2.125,1.223,0.024,0.194,1.069,1.394,3,NULL,NULL,,3,0,2,7,255,1199,250,0,0
stim,134130,164251,0,164251,3361569.455,-0.796,-0.024,-0.006,-0.605,0,0,2943,0,3096,209,3021,2859,50,1.196,1,2191,0,158.552,2.330,27.813,-156.063,3.125,-0.227,0.039,1.246,-0.281,2.313,2.191,0.026,0.208,1.069,1.394,3,NULL,NULL,,3,0,2,7,255,1199,250,0,0
stim,134130,164251,0,164251,3361574.454,-0.796,-0.028,-0.012,-0.604,0,0,2923,0,3087,75,3031,2828,50,1.196,1,2191,0,167.067,2.331,22.188,-165.375,8.375,-0.055,0.059,1.426,0.297,2.313,2.266,0.036,0.224,1.069,1.394,3,NULL,NULL,,3,0,2,7,255,1199,250,0,0
stim,134130,164251,0,164251,3361579.455,-0.797,-0.032,-0.018,-0.602,0,0,2903,0,3084,28,3037,2796,50,1.196,1,2191,0,173.394,2.170,4.938,-170.563,30.813,-0.051,0.137,1.496,0.938,1.957,4.074,0.050,0.240,1.069,1.394,3,NULL,NULL,,3,0,2,7,255,1199,250,0,0
stim,134151,164272,0,164272,3361584.453,-0.798,-0.036,-0.024,-0.601,0,0,2861,0,3087,0,3034,2745,50,1.196,1,2191,0,183.845,2.559,6.313,-180.188,35.938,-0.242,0.227,1.465,1.648,1.957,4.141,0.066,0.258,1.069,1.394,3,NULL,NULL,,3,0,2,7,255,1199,250,0,0
stim,134151,164272,0,164272,3361589.455,-0.799,-0.042,-0.031,-0.599,0,0,2815,0,3077,0,3035,2699,50,1.196,1,2191,0,191.321,4.595,-2.500,-188.938,30.000,-0.230,0.297,1.578,1.891,4.188,4.668,0.086,0.278,1.069,1.394,3,NULL,NULL,,3,0,2,7,255,1199,250,0,0
stim,134151,164272,0,164272,3361594.454,-0.800,-0.047,-0.037,-0.598,0,0,2780,0,3061,0,3039,2639,50,1.196,1,2191,0,200.303,5.072,-13.313,-197.500,30.625,-0.242,0.254,1.758,2.090,4.621,5.156,0.108,0.302,1.069,1.394,3,NULL,NULL,,3,0,2,7,255,1199,250,0,0
stim,134151,164272,0,164272,3361599.455,-0.800,-0.054,-0.043,-0.596,0,0,2731,0,3067,0,3043,2568,50,1.196,1,2191,0,215.367,5.484,-35.500,-209.813,33.188,-0.281,0.258,1.863,2.090,5.070,6.867,0.132,0.330,1.069,1.394,3,NULL,NULL,,3,0,2,7,255,1199,250,0,0
stim,134195,164316,0,164316,3361604.454,-0.801,-0.061,-0.050,-0.594,0,0,2671,0,3047,0,3044,2479,50,1.196,1,2191,0,222.185,6.272,-32.000,-218.063,28.125,-0.313,0.324,2.055,2.090,5.914,7.742,0.162,0.362,1.069,1.394,3,NULL,NULL,,3,0,2,7,255,1199,250,0,0
stim,134195,164316,0,164316,3361609.455,-0.801,-0.069,-0.057,-0.592,0,0,2589,0,3037,0,3044,2349,50,1.196,1,2191,0,241.820,7.316,-51.063,-234.375,30.625,-0.414,0.293,2.168,2.008,7.035,9.355,0.198,0.400,1.069,1.394,3,NULL,NULL,,3,0,2,7,255,1199,250,0,0
stim,134195,164316,0,164316,3361614.453,-0.801,-0.078,-0.064,-0.590,0,0,2493,0,3019,10,3027,2221,50,1.196,1,2191,0,265.333,8.869,-70.938,-252.750,38.563,-0.375,0.461,2.238,2.531,8.500,10.148,0.238,0.442,1.069,1.394,3,NULL,NULL,,3,0,2,7,255,1199,250,0,0
stim,134195,164316,0,164316,3361619.455,-0.801,-0.088,-0.070,-0.588,0,0,2413,0,3001,55,3021,2073,50,1.196,1,2191,0,294.946,9.870,-104.250,-272.750,41.625,-0.461,0.598,2.172,3.566,9.203,10.148,0.282,0.488,1.069,1.394,3,NULL,NULL,,3,0,2,7,255,1199,250,0,0
stim,134195,164316,0,164316,3361624.454,-0.801,-0.100,-0.077,-0.585,0,0,2311,0,2975,70,2997,1895,50,1.196,1,2191,0,315.826,11.675,-114.938,-292.438,31.875,-0.324,0.848,2.152,4.609,10.727,9.406,0.330,0.540,1.069,1.394,3,NULL,NULL,,3,0,2,7,255,1199,250,0,0
stim,134195,164316,0,164316,3361629.455,-0.800,-0.113,-0.085,-0.583,0,0,2203,0,2935,73,2957,1757,50,1.196,1,2191,0,339.069,12.824,-130.750,-310.938,34.500,-0.383,0.816,2.098,6.926,10.793,8.980,0.382,0.592,1.069,1.394,3,NULL,NULL,,3,0,2,7,255,1199,250,0,0
stim,134222,164343,0,164343,3361634.454,-0.800,-0.126,-0.092,-0.580,0,0,2109,0,2899,79,2933,1619,50,1.196,1,2191,0,359.194,13.478,-134.250,-330.938,38.438,-0.508,0.828,2.223,6.926,11.563,8.375,0.440,0.654,1.069,1.394,3,NULL,NULL,,3,0,2,7,255,1199,250,0,0
stim,134222,164343,0,164343,3361639.455,-0.798,-0.140,-0.101,-0.577,0,0,2028,0,2859,75,2889,1469,50,1.196,1,2191,0,379.137,15.214,-143.500,-349.188,34.938,-0.695,0.832,2.398,6.707,13.656,8.375,0.510,0.726,1.069,1.394,3,NULL,NULL,,3,0,2,7,255,1199,250,0,0
stim,134222,164344,0,164344,3361644.454,-0.796,-0.154,-0.110,-0.574,0,0,1933,0,2803,74,2807,1355,50,1.196,1,2191,0,393.426,17.642,-139.938,-367.625,7.313,-0.836,0.824,2.703,6.223,16.508,8.910,0.590,0.808,1.069,1.394,3,NULL,NULL,,3,0,2,7,255,1199,250,0,0
stim,134222,164344,0,164344,3361649.455,-0.793,-0.170,-0.119,-0.573,0,0,1801,0,2736,57,2733,1211,50,1.196,1,2191,0,426.667,20.454,-178.313,-387.313,-15.438,-0.859,0.871,2.859,6.223,19.484,10.605,0.678,0.900,1.069,1.394,3,NULL,NULL,,3,0,2,7,255,1199,250,0,0
stim,134222,164344,0,164344,3361654.453,-0.789,-0.187,-0.127,-0.572,0,0,1671,0,2665,22,2637,1051,50,1.196,1,2191,0,456.105,22.123,-217.063,-399.125,-40.188,-0.840,0.867,2.816,6.340,21.195,10.605,0.770,0.992,1.069,1.394,3,NULL,NULL,,3,0,2,7,255,1199,250,0,0
stim,134222,164344,0,164344,3361659.455,-0.783,-0.205,-0.136,-0.571,0,0,1487,0,2554,2,2495,919,50,1.196,1,2191,0,469.900,22.520,-219.875,-411.500,-55.938,-0.781,0.707,2.898,6.340,21.609,10.246,0.858,1.086,1.069,1.394,3,NULL,NULL,,3,0,2,7,255,1199,250,0,0
stim,134222,164344,0,164344,3361664.453,-0.777,-0.223,-0.146,-0.570,0,0,1277,0,2397,0,2333,839,50,1.196,1,2191,0,493.993,22.309,-238.125,-428.063,-63.938,-0.602,0.355,2.836,5.543,21.609,10.246,0.946,1.174,1.069,1.394,3,NULL,NULL,,3,0,2,7,255,1199,250,0,0
stim,134222,164344,0,164344,3361669.455,-0.771,-0.243,-0.154,-0.568,0,0,1072,0,2220,0,2087,733,50,1.196,1,2191,0,520.905,20.290,-273.000,-442.313,-34.250,-0.383,0.027,2.445,3.004,20.066,10.246,1.024,1.258,1.069,1.394,3,NULL,NULL,,3,0,2,7,255,1199,250,0,0
stim,134255,164376,0,164376,3361674.454,-0.765,-0.264,-0.162,-0.565,0,0,797,0,1994,0,1754,648,50,1.196,1,2191,0,536.310,16.358,-285.625,-453.875,-6.625,-0.219,-0.152,1.875,0.676,16.344,8.031,1.096,1.332,1.069,1.394,3,NULL,NULL,,3,0,2,7,255,1199,250,0,0
stim,134255,164376,0,164376,3361679.455,-0.760,-0.284,-0.171,-0.559,0,0,529,0,1721,0,1339,547,50,1.196,1,2191,0,523.771,12.222,-232.063,-468.625,29.563,-0.230,-0.484,1.453,-0.688,12.203,4.109,1.158,1.396,1.069,1.394,3,NULL,NULL,,3,0,2,7,255,1199,250,0,0
stim,134255,164376,0,164376,3361684.453,-0.755,-0.300,-0.183,-0.553,0,0,313,0,1416,0,747,455,50,1.196,1,2191,0,492.817,10.220,-140.063,-471.813,25.375,-0.125,-0.395,1.496,-2.883,9.805,1.414,1.216,1.456,1.069,1.394,3,NULL,NULL,,3,0,2,7,255,1199,250,0,0
stim,134255,164376,0,164376,3361689.455,-0.751,-0.313,-0.197,-0.546,0,0,243,0,1115,0,249,373,50,1.196,1,2191,0,476.698,10.220,-53.438,-473.625,8.063,-0.230,-0.250,1.938,-2.883,9.805,1.414,1.272,1.516,1.069,1.394,3,NULL,NULL,,3,0,2,7,255,1199,250,0,0
stim,134255,164376,0,164376,3361694.453,-0.748,-0.327,-0.210,-0.538,0,0,120,0,777,0,0,331,50,1.196,1,2191,0,487.193,14.294,-54.563,-480.813,56.563,-0.383,-0.137,2.395,-1.676,14.195,3.074,1.338,1.582,1.069,1.394,3,NULL,NULL,,3,0,2,7,255,1199,250,0,0
stim,134255,164376,0,164376,3361699.455,-0.744,-0.343,-0.222,-0.528,0,0,121,0,397,0,0,291,50,1.196,1,2191,0,508.151,19.176,-109.750,-485.375,102.875,-0.633,0.195,2.434,-1.031,19.148,3.074,1.414,1.662,1.069,1.394,3,NULL,NULL,,3,0,2,7,255,1199,250,0,0
stim,134255,164376,0,164376,3361704.453,-0.741,-0.361,-0.231,-0.518,0,0,91,0,37,0,0,175,50,1.196,1,2191,0,529.630,22.153,-173.000,-481.750,136.000,-1.066,0.563,2.074,1.027,22.129,1.027,1.500,1.750,1.069,1.394,3,NULL,NULL,,3,0,2,7,255,1199,250,0,0
stim,134255,164376,0,164376,3361709.455,-0.736,-0.380,-0.239,-0.507,0,0,31,0,0,0,0,103,50,1.196,1,2191,0,532.092,22.277,-217.688,-466.125,135.875,-1.219,1.242,1.641,2.563,22.129,-6.336,1.588,1.842,1.069,1.394,4,NULL,NULL,,3,0,2,7,255,1199,250,0,0
stim,134307,164428,0,164428,3361714.454,-0.729,-0.398,-0.245,-0.500,0,0,26,0,0,0,0,45,50,1.196,1,2191,0,503.559,23.100,-246.188,-433.063,73.625,-0.988,1.684,1.430,7.770,21.754,-13.246,1.676,1.932,1.069,1.394,0,NULL,NULL,,3,0,2,7,255,1199,250,0,0
stim,134307,164428,0,164428,3361719.457,-0.721,-0.416,-0.250,-0.495,0,0,33,0,0,0,0,31,50,1.196,1,2191,0,481.526,21.865,-290.688,-382.188,36.063,-0.809,1.363,1.258,10.141,19.371,-14.473,1.762,2.020,1.069,1.394,0,NULL,NULL,,3,0,2,7,255,1199,250,0,0
stim,134307,164428,0,164428,3361724.454,-0.712,-0.436,-0.249,-0.490,0,0,30,0,0,0,0,51,50,1.196,1,2191,0,512.148,19.168,-394.063,-311.625,99.500,-0.965,1.027,0.793,10.141,16.266,-15.215,1.842,2.102,1.069,1.394,0,NULL,NULL,,3,0,2,7,255,1199,250,0,0
stim,134307,164428,0,164428,3361729.455,-0.703,-0.456,-0.246,-0.488,0,0,30,0,0,0,0,63,50,1.196,1,2191,0,504.622,13.825,-445.188,-230.750,56.625,-0.730,0.883,-0.027,6.156,12.379,-17.402,1.918,2.180,1.069,1.394,0,NULL,NULL,,3,0,2,7,255,1199,250,0,0
stim,134307,164428,0,164428,3361734.453,-0.694,-0.467,-0.245,-0.490,0,0,29,0,0,0,0,92,50,1.196,1,2191,0,329.339,6.096,-294.875,-137.750,-50.375,-0.684,-0.543,-0.633,4.836,3.711,-17.402,1.986,2.252,1.069,1.394,0,NULL,NULL,,3,0,2,7,255,1199,250,0,0
stim,134307,164428,0,164428,3361739.455,-0.690,-0.470,-0.247,-0.491,0,0,31,0,0,0,0,104,50,1.196,1,2191,0,135.955,9.268,-74.688,-83.813,-76.688,-0.773,-1.313,0.238,-8.492,3.711,-15.594,2.052,2.318,1.069,1.394,0,NULL,NULL,,3,0,2,7,255,1199,250,0,0
stim,134307,164428,0,164428,3361744.454,-0.686,-0.472,-0.248,-0.495,0,0,27,0,0,0,0,107,50,1.196,1,2191,0,125.627,9.753,-80.500,-12.563,-95.625,-0.777,-0.660,1.000,-8.492,4.797,-9.535,2.110,2.378,1.069,1.394,0,NULL,NULL,,3,0,2,7,255,1199,250,0,0
stim,134307,164428,0,164428,3361749.455,-0.681,-0.475,-0.244,-0.501,0,0,28,0,0,0,0,107,50,1.196,1,2191,0,223.701,9.931,-182.438,67.750,-110.313,-0.566,0.398,0.469,-7.402,6.621,-9.535,2.156,2.428,1.069,1.394,0,NULL,NULL,,3,0,2,7,255,1199,250,0,0
stim,134307,164428,0,164428,3361754.454,-0.677,-0.476,-0.239,-0.508,0,0,29,0,0,0,0,100,50,1.196,1,2191,0,229.486,6.961,-169.375,129.875,-84.313,-0.391,1.027,-0.465,2.148,6.621,-14.012,2.188,2.462,1.069,1.394,0,NULL,NULL,,3,0,2,7,255,1199,250,0,0
stim,134307,164428,0,164428,3361759.455,-0.676,-0.473,-0.234,-0.514,0,0,29,0,0,0,0,87,50,1.196,1,2191,0,176.237,5.924,-40.125,164.125,-50.125,-0.516,0.949,-0.496,5.590,-1.961,-18.988,2.204,2.480,1.069,1.394,0,NULL,NULL,,3,0,2,7,255,1199,250,0,0
stim,134328,164449,0,164449,3361764.453,-0.677,-0.467,-0.231,-0.519,0,0,26,0,0,0,0,83,50,1.196,1,2191,0,199.716,5.924,39.125,186.063,-61.125,-0.879,0.695,0.324,5.590,-1.961,-18.988,2.210,2.490,1.069,1.394,0,NULL,NULL,,3,0,2,7,255,1199,250,0,0
stim,134328,164449,0,164449,3361769.455,-0.677,-0.461,-0.228,-0.527,0,0,29,0,0,0,0,69,50,1.196,1,2191,0,232.437,7.845,12.250,203.750,-111.188,-0.727,0.082,0.563,3.707,6.914,-18.047,2.216,2.498,1.069,1.394,0,NULL,NULL,,3,0,2,7,255,1199,250,0,0
stim,134328,164449,0,164449,3361774.454,-0.677,-0.456,-0.223,-0.533,0,0,27,0,0,0,0,71,50,1.196,1,2191,0,226.473,6.944,-8.250,212.250,-78.563,-0.320,-0.219,0.320,-0.648,6.914,-13.254,2.220,2.504,1.069,1.394,0,NULL,NULL,,3,0,2,7,255,1199,250,0,0
stim,134328,164449,0,164449,3361779.455,-0.678,-0.451,-0.217,-0.538,0,0,21,0,0,0,0,68,50,1.196,1,2191,0,214.351,4.315,-6.563,213.813,-13.688,-0.320,0.191,0.043,-0.648,4.266,-12.773,2.222,2.508,1.069,1.394,0,NULL,NULL,,3,0,2,7,255,1199,250,0,0
stim,134355,164476,0,164476,3361784.454,-0.681,-0.445,-0.211,-0.542,0,0,21,0,0,0,0,58,50,1.196,1,2191,0,216.069,2.934,15.563,215.500,1.875,-0.617,0.762,-0.043,0.707,2.848,-12.773,2.222,2.510,1.069,1.394,0,NULL,NULL,,3,0,2,7,255,1199,250,0,0
stim,134355,164476,0,164476,3361789.455,-0.683,-0.438,-0.206,-0.547,0,0,21,0,0,0,0,61,50,1.196,1,2191,0,223.605,5.042,47.000,217.125,-25.438,-0.602,0.707,-0.070,4.281,2.664,-17.348,2.222,2.514,1.069,1.394,0,NULL,NULL,,3,0,2,7,255,1199,250,0,0
stim,134355,164476,0,164476,3361794.454,-0.685,-0.431,-0.202,-0.552,0,0,23,0,0,0,0,57,50,1.196,1,2191,0,234.005,5.042,73.875,219.563,-33.063,-0.375,0.363,0.016,4.281,2.664,-17.348,2.224,2.516,1.069,1.394,0,NULL,NULL,,3,0,2,7,255,1199,250,0,0
stim,134355,164476,0,164476,3361799.455,-0.688,-0.422,-0.198,-0.556,0,0,23,0,0,0,0,61,50,1.196,1,2191,0,238.617,3.381,84.750,222.938,-7.375,-0.273,0.223,0.148,2.082,2.664,-13.852,2.230,2.524,1.069,1.394,0,NULL,NULL,,3,0,2,7,255,1199,250,0,0
stim,134403,164524,0,164524,3361804.453,-0.692,-0.414,-0.193,-0.559,0,0,26,0,0,0,0,59,50,1.196,1,2191,0,242.943,3.412,86.563,226.375,16.813,-0.367,0.324,0.258,2.082,2.703,-12.184,2.240,2.538,1.069,1.394,0,NULL,NULL,,3,0,2,7,255,1199,250,0,0
stim,134403,164524,0,164524,3361809.455,-0.696,-0.406,-0.188,-0.562,0,0,23,0,0,0,0,55,50,1.196,1,2191,0,247.140,4.765,89.750,229.563,18.000,-0.438,0.406,0.340,2.324,4.160,-12.184,2.258,2.558,1.069,1.394,0,NULL,NULL,,3,0,2,7,255,1199,250,0,0
stim,134403,164524,0,164524,3361814.453,-0.699,-0.398,-0.183,-0.565,0,0,25,0,0,0,0,56,50,1.196,1,2191,0,252.338,6.112,95.000,233.438,12.500,-0.363,0.371,0.430,3.090,5.273,-12.184,2.280,2.584,1.069,1.394,0,NULL,NULL,,3,0,2,7,255,1199,250,0,0
stim,134403,164524,0,164524,3361819.455,-0.703,-0.389,-0.178,-0.568,0,0,24,0,0,0,0,57,50,1.196,1,2191,0,258.731,6.375,97.688,238.875,18.375,-0.273,0.324,0.531,3.176,5.527,-11.137,2.308,2.614,1.069,1.394,0,NULL,NULL,,3,0,2,7,255,1199,250,0,0
stim,134403,164524,0,164524,3361824.454,-0.707,-0.380,-0.172,-0.571,0,0,21,0,0,0,0,57,50,1.196,1,2191,0,265.743,6.540,93.625,247.000,29.063,-0.270,0.328,0.633,3.223,5.691,-9.582,2.344,2.652,1.069,1.394,0,NULL,NULL,,3,0,2,7,255,1199,250,0,0
stim,134403,164524,0,164524,3361829.455,-0.711,-0.371,-0.166,-0.574,0,0,21,0,0,0,0,51,50,1.196,1,2191,0,272.430,7.293,83.188,257.375,32.500,-0.293,0.328,0.707,3.508,6.395,-8.770,2.386,2.698,1.069,1.394,0,NULL,NULL,,3,0,2,7,255,1199,250,0,0
stim,134403,164524,0,164524,3361834.454,-0.715,-0.362,-0.159,-0.577,0,0,20,0,0,0,0,47,50,1.196,1,2191,0,280.995,7.889,73.063,269.688,29.813,-0.289,0.293,0.730,3.508,7.066,-8.281,2.434,2.746,1.069,1.394,0,NULL,NULL,,3,0,2,7,255,1199,250,0,0
stim,134403,164524,0,164524,3361839.455,-0.718,-0.353,-0.152,-0.580,0,0,21,0,0,0,0,45,50,1.196,1,2191,0,292.043,7.833,68.000,282.688,27.438,-0.266,0.273,0.758,3.363,7.074,-7.824,2.486,2.802,1.069,1.394,0,NULL,NULL,,3,0,2,7,255,1199,250,0,0
stim,134403,164524,0,164524,3361844.453,-0.721,-0.344,-0.144,-0.584,0,0,22,0,0,0,0,45,50,1.196,1,2191,0,304.235,7.890,63.813,296.313,26.188,-0.250,0.262,0.809,3.363,7.137,-7.230,2.540,2.858,1.069,1.394,0,NULL,NULL,,3,0,2,7,255,1199,250,0,0
stim,134403,164524,0,164524,3361849.455,-0.725,-0.334,-0.135,-0.588,0,0,23,0,0,0,0,51,50,1.196,1,2191,0,315.981,7.921,57.438,309.813,23.688,-0.246,0.242,0.844,3.328,7.188,-6.570,2.594,2.914,1.069,1.394,0,NULL,NULL,,3,0,2,7,255,1199,250,0,0
stim,134403,164524,0,164524,3361854.453,-0.727,-0.324,-0.126,-0.592,0,0,20,0,0,0,0,50,50,1.196,1,2191,0,326.789,7.921,50.750,322.250,19.250,-0.219,0.207,0.844,3.328,7.188,-6.000,2.646,2.970,1.069,1.394,0,NULL,NULL,,3,0,2,7,255,1199,250,0,0
stim,134403,164524,0,164524,3361859.455,-0.730,-0.314,-0.117,-0.596,0,0,24,0,0,0,0,47,50,1.196,1,2191,0,336.733,7.561,47.813,333.000,14.625,-0.145,0.133,0.785,3.121,6.887,-5.551,2.696,3.022,1.069,1.394,0,NULL,NULL,,3,0,2,7,255,1199,250,0,0
stim,134441,164562,0,164562,3361864.454,-0.732,-0.303,-0.107,-0.600,0,0,24,0,0,0,0,50,50,1.196,1,2191,0,344.591,6.328,52.438,340.125,17.563,-0.133,0.051,0.715,2.555,5.789,-5.180,2.744,3.072,1.069,1.394,0,NULL,NULL,,3,0,2,7,255,1199,250,0,0
stim,134441,164562,0,164562,3361869.455,-0.735,-0.292,-0.098,-0.604,0,0,19,0,0,0,0,48,50,1.196,1,2191,0,349.617,5.732,66.563,342.500,22.250,-0.199,0.074,0.711,1.754,5.457,-5.180,2.790,3.118,1.069,1.394,0,NULL,NULL,,3,0,2,7,255,1199,250,0,0
stim,134441,164562,0,164562,3361874.454,-0.738,-0.281,-0.089,-0.608,0,0,20,0,0,0,0,47,50,1.196,1,2191,0,352.603,5.732,80.063,343.000,16.438,-0.230,0.109,0.770,1.754,5.457,-5.180,2.830,3.162,1.069,1.394,0,NULL,NULL,,3,0,2,7,255,1199,250,0,0
stim,134441,164562,0,164562,3361879.455,-0.740,-0.269,-0.080,-0.611,0,0,20,0,0,0,0,47,50,1.196,1,2191,0,353.251,5.996,88.688,341.750,11.313,-0.188,0.109,0.813,2.168,5.590,-5.082,2.868,3.202,1.069,1.394,0,NULL,NULL,,3,0,2,7,255,1199,250,0,0
stim,134441,164562,0,164562,3361884.453,-0.742,-0.257,-0.072,-0.615,0,0,21,0,0,0,0,45,50,1.196,1,2191,0,353.007,6.078,98.000,338.875,13.188,-0.137,0.109,0.832,2.387,5.590,-4.328,2.900,3.238,1.069,1.394,0,NULL,NULL,,3,0,2,7,255,1199,250,0,0
stim,134441,164562,0,164562,3361889.455,-0.745,-0.244,-0.064,-0.618,0,0,22,0,0,0,0,45,50,1.196,1,2191,0,353.185,5.653,111.125,334.813,17.063,-0.125,0.094,0.863,2.492,5.074,-3.805,2.928,3.266,1.069,1.394,0,NULL,NULL,,3,0,2,7,255,1199,250,0,0
stim,134441,164562,0,164562,3361894.454,-0.747,-0.231,-0.056,-0.621,0,0,20,0,0,0,0,47,50,1.196,1,2191,0,353.467,5.499,124.313,330.375,18.375,-0.125,0.074,0.922,2.492,4.902,-3.266,2.950,3.292,1.069,1.394,0,NULL,NULL,,3,0,2,7,255,1199,250,0,0
stim,134464,164585,0,164585,3361899.455,-0.749,-0.218,-0.049,-0.623,0,0,22,0,0,0,0,46,50,1.196,1,2191,0,354.019,5.473,136.375,326.188,18.250,-0.105,0.066,0.977,2.473,4.883,-2.535,2.972,3.316,1.069,1.394,0,NULL,NULL,,3,0,2,7,255,1199,250,0,0
stim,134496,164617,0,164617,3361904.454,-0.752,-0.204,-0.043,-0.626,0,0,19,0,0,0,0,47,50,1.196,1,2191,0,355.389,5.320,148.938,322.063,19.875,-0.098,0.086,1.035,2.473,4.711,-1.824,2.992,3.338,1.069,1.394,0,NULL,NULL,,3,0,2,7,255,1199,250,0,0
stim,134496,164617,0,164617,3361909.455,-0.754,-0.190,-0.037,-0.628,0,0,21,0,0,0,0,43,50,1.196,1,2191,0,357.570,5.409,160.750,318.688,21.313,-0.102,0.121,1.109,2.746,4.660,-1.152,3.012,3.362,1.069,1.394,0,NULL,NULL,,3,0,2,7,255,1199,250,0,0
stim,134496,164617,0,164617,3361914.453,-0.756,-0.176,-0.031,-0.630,0,0,21,0,0,0,0,50,50,1.196,1,2191,0,359.644,5.607,170.438,315.938,21.875,-0.109,0.109,1.203,3.117,4.660,-0.426,3.034,3.386,1.069,1.394,0,NULL,NULL,,3,0,2,7,255,1199,250,0,0
stim,134496,164617,0,164617,3361919.457,-0.758,-0.161,-0.025,-0.631,0,0,19,0,0,0,0,44,50,1.196,1,2191,0,360.729,5.665,177.375,313.375,21.438,-0.121,0.078,1.297,3.117,4.730,0.574,3.058,3.412,1.069,1.394,0,NULL,NULL,,3,0,2,7,255,1199,250,0,0
stim,134496,164617,0,164617,3361924.454,-0.760,-0.147,-0.020,-0.633,0,0,18,0,0,0,0,50,50,1.196,1,2191,0,360.904,5.557,180.563,311.875,19.563,-0.137,0.078,1.383,2.902,4.738,1.668,3.084,3.438,1.069,1.394,0,NULL,NULL,,3,0,2,7,255,1199,250,0,0
stim,134496,164617,0,164617,3361929.455,-0.761,-0.132,-0.014,-0.635,0,0,19,0,0,0,0,47,50,1.196,1,2191,0,360.623,5.557,182.063,310.813,17.250,-0.152,0.098,1.457,2.902,4.738,2.609,3.110,3.468,1.069,1.394,0,NULL,NULL,,3,0,2,7,255,1199,250,0,0
stim,134522,164643,0,164643,3361934.454,-0.763,-0.117,-0.009,-0.636,0,0,19,0,0,0,0,44,50,1.196,1,2191,0,359.725,5.613,182.438,309.688,14.563,-0.176,0.121,1.531,3.059,4.707,3.395,3.136,3.496,1.069,1.394,0,NULL,NULL,,3,0,2,7,255,1199,250,0,0
stim,134522,164643,0,164643,3361939.455,-0.764,-0.103,-0.004,-0.637,0,0,19,0,0,0,0,43,50,1.196,1,2191,0,357.881,5.699,181.125,308.500,10.000,-0.195,0.129,1.605,3.219,4.703,4.199,3.164,3.526,1.069,1.394,0,NULL,NULL,,3,0,2,7,255,1199,250,0,0
stim,134522,164643,0,164643,3361944.453,-0.764,-0.088,0.001,-0.639,0,0,21,0,0,0,0,47,50,1.196,1,2191,0,354.553,5.632,177.625,306.813,4.813,-0.207,0.133,1.672,3.219,4.621,5.031,3.190,3.554,1.069,1.394,0,NULL,NULL,,3,0,2,7,255,1199,250,0,0
stim,134522,164643,0,164643,3361949.455,-0.765,-0.074,0.007,-0.640,0,0,19,0,0,0,0,47,50,1.196,1,2191,0,350.028,5.410,174.375,303.500,-0.625,-0.203,0.125,1.734,3.188,4.371,5.813,3.216,3.584,1.069,1.394,0,NULL,NULL,,3,0,2,7,255,1199,250,0,0
stim,134522,164643,0,164643,3361954.453,-0.765,-0.060,0.012,-0.642,0,0,20,0,0,0,0,41,50,1.196,1,2191,0,344.038,4.982,168.875,299.688,-5.563,-0.191,0.117,1.770,3.043,3.945,6.582,3.240,3.610,1.069,1.394,0,NULL,NULL,,3,0,2,7,255,1199,250,0,0
stim,134522,164643,0,164643,3361959.455,-0.764,-0.046,0.017,-0.643,0,0,18,0,0,0,0,47,50,1.196,1,2191,0,338.007,4.425,163.875,295.500,-8.563,-0.176,0.109,1.762,2.871,3.367,7.059,3.264,3.636,1.069,1.394,0,NULL,NULL,,3,0,2,7,255,1199,250,0,0
stim,134522,164643,0,164643,3361964.453,-0.764,-0.032,0.022,-0.644,0,0,19,0,0,0,0,50,50,1.196,1,2191,0,334.889,3.804,165.125,291.125,-11.438,-0.172,0.098,1.754,2.652,2.727,7.125,3.284,3.658,1.069,1.394,0,NULL,NULL,,3,0,2,7,255,1199,250,0,0
stim,134522,164643,0,164643,3361969.455,-0.763,-0.018,0.027,-0.646,0,0,25,0,0,0,0,53,50,1.196,1,2191,0,334.253,3.224,171.313,286.625,-14.938,-0.172,0.102,1.789,2.379,2.176,7.156,3.300,3.676,1.069,1.394,0,NULL,NULL,,3,0,2,7,255,1199,250,0,0
stim,134523,164644,0,164644,3361974.454,-0.762,-0.004,0.031,-0.647,0,0,23,0,0,0,0,57,50,1.196,1,2191,0,335.201,2.845,178.750,282.813,-20.625,-0.160,0.102,1.859,2.262,1.727,7.602,3.312,3.690,1.069,1.394,0,NULL,NULL,,3,0,2,7,255,1199,250,0,0
stim,134523,164644,0,164644,3361979.455,-0.760,0.010,0.035,-0.648,0,0,21,0,0,0,0,58,50,1.196,1,2191,0,337.075,2.428,184.875,280.563,-26.938,-0.109,0.047,1.930,2.164,1.102,8.332,3.320,3.700,1.069,1.394,0,NULL,NULL,,3,0,2,7,255,1199,250,0,0
stim,134555,164676,0,164676,3361984.454,-0.759,0.024,0.039,-0.650,0,0,21,0,0,0,0,60,50,1.196,1,2191,0,339.526,1.547,190.063,279.813,-29.313,-0.051,-0.020,1.980,1.547,-0.020,9.059,3.322,3.706,1.069,1.394,0,NULL,NULL,,3,0,2,7,255,1199,250,0,0
stim,134555,164676,0,164676,3361989.455,-0.757,0.039,0.042,-0.651,0,0,21,0,0,0,0,60,50,1.196,1,2191,0,343.373,1.464,195.438,280.750,-29.813,0.016,-0.023,1.996,0.793,-1.230,9.563,3.322,3.708,1.069,1.394,0,NULL,NULL,,3,0,2,7,255,1199,250,0,0
stim,134555,164676,0,164676,3361994.453,-0.755,0.053,0.046,-0.652,0,0,24,0,0,0,0,57,50,1.196,1,2191,0,350.317,2.475,205.250,282.125,-31.625,0.102,-0.027,1.992,0.578,-2.406,9.563,3.318,3.706,1.069,1.394,0,NULL,NULL,,3,0,2,7,255,1199,250,0,0
stim,134555,164676,0,164676,3361999.455,-0.752,0.068,0.049,-0.653,0,0,22,0,0,0,0,57,50,1.196,1,2191,0,360.727,3.746,222.063,282.375,-32.813,0.219,-0.027,2.031,0.379,-3.727,9.477,3.308,3.696,1.069,1.394,0,NULL,NULL,,3,0,2,7,255,1199,250,0,0
stim,134555,164676,0,164676,3362004.454,-0.750,0.084,0.051,-0.654,0,0,23,0,0,0,0,61,50,1.196,1,2191,0,372.825,5.447,241.063,282.375,-33.938,0.395,-0.020,2.117,0.246,-5.441,9.477,3.292,3.684,1.069,1.394,0,NULL,NULL,,3,0,2,7,255,1199,250,0,0
stim,134555,164676,0,164676,3362009.455,-0.747,0.100,0.053,-0.655,0,0,27,0,0,0,0,62,50,1.196,1,2191,0,382.247,7.777,256.125,282.063,-30.875,0.570,-0.012,2.219,0.223,-7.773,9.844,3.266,3.660,1.069,1.394,0,NULL,NULL,,3,0,2,7,255,1199,250,0,0
stim,134606,164727,0,164727,3362014.454,-0.744,0.117,0.055,-0.655,0,0,23,0,0,0,0,68,50,1.196,1,2191,0,386.868,10.200,265.813,280.313,-20.875,0.699,-0.023,2.297,0.105,-10.199,10.215,3.232,3.628,1.069,1.394,0,NULL,NULL,,3,0,2,7,255,1199,250,0,0
stim,134606,164727,0,164727,3362019.455,-0.742,0.134,0.056,-0.655,0,0,24,0,0,0,0,68,50,1.196,1,2191,0,389.269,12.149,273.813,276.625,-6.000,0.758,-0.066,2.348,-0.324,-12.145,10.316,3.190,3.590,1.069,1.394,0,NULL,NULL,,3,0,2,7,255,1199,250,0,0
stim,134606,164727,0,164727,3362024.454,-0.739,0.150,0.057,-0.654,0,0,26,0,0,0,0,71,50,1.196,1,2191,0,392.000,13.481,283.063,271.125,5.563,0.785,-0.141,2.383,-1.133,-13.434,10.316,3.142,3.542,1.069,1.394,0,NULL,NULL,,3,0,2,7,255,1199,250,0,0
stim,134606,164727,0,164727,3362029.455,-0.736,0.167,0.057,-0.653,0,0,24,0,0,0,0,67,50,1.196,1,2191,0,394.361,14.557,292.250,264.563,10.813,0.777,-0.176,2.430,-2.293,-14.375,10.117,3.084,3.486,1.069,1.394,0,NULL,NULL,,3,0,2,7,255,1199,250,0,0
stim,134606,164727,0,164727,3362034.453,-0.734,0.184,0.057,-0.652,0,0,27,0,0,0,0,71,50,1.196,1,2191,0,393.672,15.329,297.875,257.188,10.125,0.762,-0.160,2.500,-3.195,-14.992,10.117,3.018,3.422,1.069,1.394,0,NULL,NULL,,3,0,2,7,255,1199,250,0,0
stim,134606,164727,0,164727,3362039.455,-0.730,0.201,0.056,-0.650,0,0,25,0,0,0,0,67,50,1.196,1,2191,0,387.846,15.967,296.938,249.438,5.813,0.754,-0.078,2.621,-3.570,-15.563,10.344,2.946,3.352,1.069,1.394,0,NULL,NULL,,3,0,2,7,255,1199,250,0,0
stim,134606,164727,0,164727,3362044.454,-0.727,0.217,0.056,-0.649,0,0,22,0,0,0,0,61,50,1.196,1,2191,0,376.141,16.729,288.250,241.625,-3.375,0.824,0.055,2.809,-3.570,-16.344,11.133,2.864,3.272,1.069,1.394,0,NULL,NULL,,3,0,2,7,255,1199,250,0,0
stim,134606,164727,0,164727,3362049.455,-0.723,0.232,0.056,-0.648,0,0,25,0,0,0,0,87,50,1.196,1,2191,0,355.359,18.352,265.250,235.750,-18.563,1.008,0.152,3.008,-3.043,-18.098,12.328,2.774,3.184,1.069,1.394,0,NULL,NULL,,3,0,2,7,255,1199,250,0,0
stim,134606,164727,0,164727,3362054.453,-0.719,0.245,0.057,-0.648,0,0,24,0,0,0,0,96,50,1.196,1,2191,0,322.686,21.190,221.688,232.625,-29.438,1.246,0.152,3.113,-3.000,-20.977,12.551,2.680,3.090,1.069,1.394,0,NULL,NULL,,3,0,2,7,255,1199,250,0,0
stim,134606,164727,0,164727,3362059.455,-0.716,0.257,0.060,-0.647,0,0,21,0,0,0,0,105,50,1.196,1,2191,0,281.796,24.210,161.438,229.438,-26.563,1.469,0.086,2.992,-3.000,-24.023,12.551,2.578,2.990,1.069,1.394,0,NULL,NULL,,3,0,2,7,255,1199,250,0,0
stim,134628,164749,0,164749,3362064.453,-0.713,0.266,0.065,-0.645,0,0,21,0,0,0,0,137,50,1.196,1,2191,0,249.583,26.155,105.188,225.750,-16.250,1.645,-0.004,2.645,-3.309,-25.945,9.895,2.472,2.884,1.069,1.394,0,NULL,NULL,,3,0,2,7,255,1199,250,0,0
stim,134628,164749,0,164749,3362069.455,-0.711,0.275,0.070,-0.643,0,0,17,0,0,0,0,159,50,1.196,1,2191,0,232.139,26.206,70.688,221.000,-7.125,1.809,-0.098,2.199,-3.309,-25.996,5.402,2.362,2.776,1.069,1.394,0,NULL,NULL,,3,0,2,7,255,1199,250,0,0
stim,134628,164749,0,164749,3362074.454,-0.710,0.283,0.075,-0.641,0,0,12,0,0,0,0,163,50,1.196,1,2191,0,225.183,26.164,61.438,216.625,-2.500,1.984,-0.156,1.789,-2.957,-25.996,0.164,2.250,2.666,1.069,1.394,0,NULL,NULL,,3,0,2,7,255,1199,250,0,0
stim,134628,164749,0,164749,3362079.455,-0.708,0.290,0.079,-0.639,0,0,11,0,0,0,0,200,50,1.196,1,2191,0,218.835,26.164,68.563,207.813,-1.375,2.301,-0.367,1.480,-2.957,-25.996,-4.664,2.132,2.550,1.069,1.394,0,NULL,NULL,,3,0,2,7,255,1199,250,0,0
stim,134654,164775,0,164775,3362084.454,-0.707,0.298,0.083,-0.636,0,0,10,0,0,0,0,220,50,1.196,1,2191,0,214.647,27.141,75.438,200.250,16.813,2.684,-0.570,1.230,-3.016,-26.973,-9.734,2.006,2.426,1.069,1.394,0,NULL,NULL,,3,0,2,7,255,1199,250,0,0
stim,134654,164775,0,164775,3362089.455,-0.706,0.306,0.086,-0.633,0,0,7,0,0,0,0,255,50,1.196,1,2191,0,213.636,29.140,90.125,186.250,53.188,2.969,-0.762,0.957,-3.594,-28.918,-14.691,1.872,2.294,1.069,1.394,0,NULL,NULL,,3,0,2,7,255,1199,250,0,0
stim,134654,164775,0,164775,3362094.453,-0.706,0.315,0.087,-0.628,0,0,13,0,0,0,0,288,50,1.196,1,2191,0,229.243,29.542,119.813,173.938,89.125,3.070,-0.895,0.719,-4.035,-29.266,-19.316,1.732,2.154,1.069,1.394,0,NULL,NULL,,3,0,2,7,255,1199,250,0,0
stim,134654,164775,0,164775,3362099.455,-0.706,0.325,0.086,-0.623,0,0,9,0,0,0,0,296,50,1.196,1,2191,0,249.856,29.573,161.125,157.188,108.438,3.012,-1.133,0.602,-4.254,-29.266,-22.574,1.586,2.008,1.069,1.394,0,NULL,NULL,,3,0,2,7,255,1199,250,0,0
stim,134705,164826,0,164826,3362104.453,-0.706,0.336,0.083,-0.618,0,0,10,0,0,0,0,301,50,1.196,1,2191,0,276.790,29.605,210.063,133.813,120.750,3.043,-1.461,0.738,-5.938,-29.004,-24.410,1.432,1.858,1.069,1.394,0,NULL,NULL,,3,0,2,7,255,1199,250,0,0
stim,134705,164826,0,164826,3362109.455,-0.705,0.347,0.078,-0.613,0,0,12,0,0,0,0,297,50,1.196,1,2191,0,310.127,30.322,251.188,108.563,145.938,2.957,-1.625,1.090,-8.844,-29.004,-24.410,1.274,1.700,1.069,1.394,0,NULL,NULL,,3,0,2,7,255,1199,250,0,0
stim,134705,164826,0,164826,3362114.454,-0.705,0.359,0.070,-0.608,0,0,22,0,0,0,0,293,50,1.196,1,2191,0,336.474,31.383,285.938,80.688,157.938,2.543,-1.457,1.531,-11.098,-29.355,-23.137,1.108,1.534,1.069,1.394,0,NULL,NULL,,3,0,2,7,255,1199,250,0,0
stim,134705,164826,0,164826,3362119.457,-0.703,0.370,0.062,-0.604,0,0,21,0,0,0,0,292,50,1.196,1,2191,0,332.079,32.277,300.563,46.188,133.438,2.191,-1.078,2.246,-11.301,-30.234,-17.629,0.940,1.364,1.069,1.394,0,NULL,NULL,,3,0,2,7,255,1199,250,0,0
stim,134705,164826,0,164826,3362124.454,-0.703,0.377,0.054,-0.601,0,0,22,0,0,0,0,293,50,1.196,1,2191,0,272.175,32.614,239.813,6.375,128.563,1.813,-0.488,3.313,-11.301,-30.594,-9.633,0.774,1.194,1.069,1.394,0,NULL,NULL,,3,0,2,7,255,1199,250,0,0
stim,134705,164826,0,164826,3362129.455,-0.703,0.380,0.049,-0.599,0,0,21,0,0,0,0,293,50,1.196,1,2191,0,136.859,34.018,106.563,-23.188,82.688,1.477,-0.246,3.516,-10.918,-32.219,2.148,0.616,1.026,1.069,1.394,0,NULL,NULL,,3,0,2,7,255,1199,250,0,0
stim,134705,164826,0,164826,3362134.453,-0.705,0.380,0.046,-0.598,0,0,18,0,0,0,0,283,50,1.196,1,2191,0,79.148,34.018,12.063,-51.000,59.313,1.391,-0.402,3.199,-10.918,-32.219,3.938,0.472,0.866,1.069,1.394,0,NULL,NULL,,3,0,2,7,255,1199,250,0,0
stim,134705,164826,0,164826,3362139.455,-0.707,0.376,0.045,-0.597,0,0,18,0,0,0,0,279,50,1.196,1,2191,0,105.452,31.472,-66.125,-66.750,47.875,1.156,-0.332,2.969,-10.578,-29.641,4.082,0.354,0.716,1.069,1.394,0,NULL,NULL,,3,0,2,7,255,1199,250,0,0
stim,134705,164826,0,164826,3362144.454,-0.710,0.369,0.046,-0.598,0,0,10,0,0,0,0,281,50,1.196,1,2191,0,179.387,28.263,-156.063,-87.688,11.625,0.742,-0.008,2.914,-10.176,-26.367,4.082,0.268,0.576,1.069,1.394,0,NULL,NULL,,3,0,2,7,255,1199,250,0,0
stim,134705,164826,0,164826,3362149.455,-0.713,0.358,0.050,-0.600,0,0,9,0,0,0,0,372,50,1.196,1,2191,0,275.499,23.927,-253.063,-98.938,-45.500,0.656,-0.031,2.648,-8.043,-22.535,6.352,0.248,0.444,1.069,1.394,0,NULL,NULL,,3,0,2,7,255,1199,250,0,0
stim,134705,164826,0,164826,3362154.453,-0.718,0.351,0.047,-0.600,343,0,0,663,0,41,0,445,50,1.196,1,2191,0,220.451,21.727,-115.750,-169.500,80.438,-0.242,-0.352,3.871,-8.043,-20.184,7.563,0.280,0.346,1.069,1.394,0,NULL,NULL,,3,0,2,7,255,1199,250,0,0
stim,134705,164826,0,164826,3362159.455,-0.735,0.337,0.041,-0.587,980,0,0,1287,0,246,0,506,50,1.196,1,2191,0,586.828,20.760,-288.375,-205.813,467.813,-1.148,2.008,4.809,-7.195,-19.473,18.863,0.314,0.304,1.069,1.394,0,NULL,NULL,,3,0,2,7,255,1199,250,0,0
stim,134736,164857,0,164857,3362164.453,-0.756,0.307,0.055,-0.576,1530,0,0,1717,0,525,0,600,50,1.196,1,2191,0,948.978,14.242,-885.438,-112.938,322.188,-1.430,2.996,1.770,-0.336,-14.238,21.508,0.330,0.312,1.069,1.394,0,NULL,NULL,,3,0,2,7,255,1199,250,0,0
stim,134736,164857,0,164857,3362169.455,-0.768,0.279,0.069,-0.572,1957,0,0,1920,0,651,0,671,50,1.196,1,2192,0,763.326,16.016,-745.938,-116.688,112.375,-2.281,2.160,-1.270,14.203,7.402,21.508,0.334,0.352,1.069,1.394,1,1185.000,-14.000,,3,0,2,7,255,1199,250,0,0
stim,134736,164857,0,164857,3362174.454,-0.773,0.263,0.076,-0.572,2173,0,0,2065,0,841,0,775,50,1.196,1,2192,0,418.621,28.157,-407.375,-93.063,-25.063,-1.746,1.402,-1.434,14.203,24.313,-3.922,0.346,0.404,1.069,1.394,1,NULL,NULL,,3,0,2,7,255,1199,250,0,0
stim,134736,164857,0,164857,3362179.455,-0.772,0.256,0.077,-0.577,2355,0,0,2153,0,1011,0,845,50,1.196,1,2192,0,194.654,25.980,-112.875,-105.250,-118.625,-0.137,0.703,-0.141,9.156,24.313,-8.527,0.376,0.446,1.069,1.394,1,NULL,NULL,,3,0,2,7,255,1199,250,0,0
stim,134736,164857,0,164857,3362184.454,-0.772,0.252,0.075,-0.578,2470,0,0,2219,0,1200,0,949,50,1.196,1,2192,0,112.677,8.368,-57.125,-94.063,-24.188,0.672,0.824,1.309,7.711,3.250,-8.527,0.398,0.474,1.069,1.394,1,NULL,NULL,,3,0,2,7,255,1199,250,0,0
stim,134736,164857,0,164857,3362189.455,-0.777,0.244,0.074,-0.576,2635,0,0,2451,0,1301,0,967,50,1.196,1,2192,0,217.468,9.447,-160.375,-109.063,98.375,0.215,1.598,1.609,7.711,-5.457,0.891,0.392,0.490,1.069,1.394,1,NULL,NULL,,3,0,2,7,255,1199,250,0,0
stim,134772,164893,0,164893,3362194.453,-0.783,0.233,0.076,-0.571,2772,0,0,2648,0,1315,0,1029,50,1.196,1,2192,0,311.703,9.447,-262.000,-113.188,125.313,-1.078,0.914,1.246,7.711,-5.457,7.367,0.360,0.498,1.069,1.394,1,NULL,NULL,,3,0,2,7,255,1199,250,0,0
stim,134772,164893,0,164893,3362199.455,-0.791,0.217,0.078,-0.567,2861,0,0,2773,0,1317,0,1125,50,1.196,1,2192,0,411.896,6.708,-354.750,-160.375,134.500,-2.293,-1.328,0.457,3.293,5.844,7.367,0.318,0.494,1.069,1.394,2,NULL,NULL,,3,0,2,7,255,1199,250,0,0
stim,134794,164915,0,164915,3362204.453,-0.793,0.202,0.081,-0.569,2932,0,0,2870,0,1303,0,1245,50,1.196,1,2192,0,365.147,23.927,-326.813,-150.938,-61.188,-1.910,-1.570,-0.145,-20.434,12.449,-0.414,0.280,0.478,1.069,1.394,2,NULL,NULL,,3,0,2,7,255,1199,250,0,0
stim,134794,164915,0,164915,3362209.455,-0.790,0.193,0.080,-0.576,2985,0,0,2957,0,1254,0,1308,50,1.196,1,2192,0,266.779,23.927,-131.813,-160.438,-167.500,-0.590,-0.617,-0.313,-20.434,12.449,-7.445,0.254,0.438,1.069,1.394,2,NULL,NULL,,3,0,2,7,255,1199,250,0,0
stim,134817,164938,0,164938,3362214.454,-0.787,0.189,0.075,-0.582,3019,0,0,3019,0,1240,0,1355,50,1.196,1,2192,0,216.576,8.749,25.000,-157.188,-146.875,0.488,-0.578,0.945,-7.473,4.551,-7.445,0.256,0.372,1.069,1.394,2,NULL,NULL,,3,0,2,7,255,1199,250,0,0
stim,134817,164938,0,164938,3362219.455,-0.786,0.186,0.071,-0.585,3034,0,0,3049,0,1241,0,1367,50,1.196,1,2192,0,150.540,11.943,15.063,-137.188,-60.125,0.961,-1.223,1.914,-7.473,-9.316,-3.914,0.282,0.302,1.069,1.394,2,NULL,NULL,,3,0,2,7,255,1199,250,0,0
stim,134817,164938,0,164938,3362224.454,-0.789,0.179,0.068,-0.584,3048,0,0,3101,0,1336,0,1367,50,1.196,1,2192,0,183.544,21.021,-113.125,-136.313,48.063,0.906,-1.547,1.914,-10.031,-18.473,2.234,0.310,0.244,1.069,1.394,2,NULL,NULL,,3,0,2,7,255,1199,250,0,0
stim,134817,164938,0,164938,3362229.455,-0.795,0.169,0.068,-0.579,3090,0,0,3127,0,1435,0,1389,50,1.196,1,2192,0,289.629,21.586,-211.063,-128.375,151.188,0.352,-1.258,0.938,-11.168,-18.473,2.234,0.326,0.208,1.069,1.394,2,NULL,NULL,,3,0,2,7,255,1199,250,0,0
stim,134817,164938,0,164938,3362234.453,-0.801,0.160,0.067,-0.572,3093,0,0,3157,0,1525,0,1427,50,1.196,1,2192,0,301.738,14.841,-183.625,-134.625,198.000,-0.484,-0.863,0.094,-11.168,-9.773,-4.195,0.328,0.192,1.069,1.394,2,NULL,NULL,,3,0,2,7,255,1199,250,0,0
stim,134817,164938,0,164938,3362239.455,-0.806,0.154,0.063,-0.567,3107,0,0,3173,0,1664,0,1489,50,1.196,1,2192,0,230.145,9.767,-79.500,-147.250,158.000,-1.008,-0.535,0.285,-9.676,1.332,-5.191,0.326,0.188,1.069,1.394,2,NULL,NULL,,3,0,2,7,255,1199,250,0,0
stim,134817,164938,0,164938,3362244.453,-0.809,0.150,0.058,-0.566,3109,0,0,3175,0,1805,0,1562,50,1.196,1,2192,0,162.686,9.651,-9.563,-148.500,65.750,-0.891,-0.113,1.023,-8.566,4.445,-5.191,0.326,0.188,1.069,1.394,2,NULL,NULL,,3,0,2,7,255,1199,250,0,0
stim,134817,164938,0,164938,3362249.455,-0.809,0.146,0.053,-0.567,3101,0,0,3178,0,1903,0,1663,50,1.196,1,2192,0,148.875,6.452,-22.063,-147.000,-8.250,-0.375,0.336,1.422,-4.676,4.445,1.879,0.336,0.180,1.069,1.394,2,NULL,NULL,,3,0,2,7,255,1199,250,0,0
stim,134817,164938,0,164938,3362254.454,-0.809,0.140,0.049,-0.568,3111,0,0,3177,75,2022,0,1721,50,1.196,1,2192,0,149.022,1.032,-56.563,-137.125,-14.313,0.172,0.246,1.359,0.984,0.309,2.914,0.352,0.166,1.069,1.394,2,NULL,NULL,,3,0,2,7,255,1199,250,0,0
stim,134817,164938,0,164938,3362259.456,-0.811,0.134,0.047,-0.568,3123,0,0,3180,170,2095,26,1781,50,1.196,1,2192,0,163.966,4.561,-100.875,-127.813,19.313,0.113,-0.309,1.316,0.984,-4.453,2.914,0.372,0.148,1.069,1.394,2,NULL,NULL,,3,0,2,7,255,1199,250,0,0
stim,134817,164938,0,164938,3362264.454,-0.813,0.126,0.046,-0.567,3109,0,0,3181,476,2212,54,1915,50,1.196,1,2192,0,176.635,5.427,-122.938,-123.125,30.438,-0.031,-0.633,0.875,-3.102,-4.453,1.984,0.394,0.132,1.069,1.394,2,NULL,NULL,,3,0,2,7,255,1199,250,0,0
stim,134817,164938,0,164938,3362269.455,-0.814,0.121,0.043,-0.566,3122,0,0,3190,690,2267,220,2037,50,1.196,1,2192,0,141.809,6.399,-72.500,-117.375,32.813,0.004,-0.508,0.715,-5.004,-3.988,-2.227,0.416,0.114,1.069,1.394,2,NULL,NULL,,3,0,2,7,255,1199,250,0,0
stim,134839,164960,0,164960,3362274.454,-0.814,0.119,0.040,-0.567,3109,0,0,3191,927,2318,199,2142,50,1.196,1,2192,0,79.565,6.399,6.500,-78.875,-8.188,0.180,-0.105,1.590,-5.004,-3.988,-2.227,0.438,0.094,1.069,1.394,2,NULL,NULL,,3,0,2,7,255,1199,250,0,0
stim,134839,164960,0,164960,3362279.455,-0.814,0.118,0.039,-0.568,3113,0,0,3181,1082,2345,187,2195,50,1.196,1,2192,0,54.231,5.694,-1.938,-48.438,-24.313,0.563,0.660,1.320,-1.066,-5.594,2.453,0.454,0.078,1.069,1.394,2,NULL,NULL,,3,0,2,7,255,1199,250,0,0
stim,134839,164960,0,164960,3362284.454,-0.813,0.117,0.037,-0.569,3115,0,0,3179,1183,2381,203,2250,50,1.196,1,2192,0,51.452,9.244,12.500,-48.188,-13.000,0.539,1.070,1.410,7.359,-5.594,3.891,0.466,0.066,1.069,1.394,2,NULL,NULL,,3,0,2,7,255,1199,250,0,0
stim,134839,164960,0,164960,3362289.455,-0.814,0.115,0.037,-0.568,3125,0,0,3179,1277,2403,205,2296,50,1.196,1,2192,0,41.080,8.614,-33.063,-24.188,3.063,-0.129,0.285,1.750,7.359,-4.477,3.891,0.478,0.058,1.069,1.394,2,NULL,NULL,,3,0,2,7,255,1199,250,0,0
stim,134862,164983,0,164983,3362294.454,-0.814,0.111,0.039,-0.569,3109,13,0,3179,1341,2424,209,2341,50,1.196,1,2192,0,122.478,2.207,-116.625,-20.938,-31.000,-0.441,-0.027,1.141,1.355,-1.742,3.891,0.486,0.052,1.069,1.394,2,NULL,NULL,,3,0,2,7,255,1199,250,0,0
stim,134862,164983,0,164983,3362299.455,-0.812,0.107,0.041,-0.572,3125,26,0,3182,1417,2432,220,2365,50,1.196,1,2192,0,113.832,1.417,-79.875,-14.063,-79.875,-0.250,0.148,0.613,0.289,1.387,1.891,0.496,0.044,1.069,1.394,2,NULL,NULL,,3,0,2,7,255,1199,250,0,0
stim,134862,164983,0,164983,3362304.453,-0.809,0.106,0.041,-0.576,3111,51,0,3183,1512,2447,235,2395,50,1.196,1,2192,0,109.451,1.417,-19.688,-15.375,-106.563,0.059,0.234,0.871,0.289,1.387,-1.367,0.504,0.038,1.069,1.394,2,NULL,NULL,,3,0,2,7,255,1199,250,0,0
stim,134862,164983,0,164983,3362309.455,-0.808,0.105,0.042,-0.579,3111,60,0,3181,1574,2457,235,2425,50,1.196,1,2192,0,81.642,1.961,-20.313,-10.500,-78.375,0.297,0.055,1.207,1.063,-1.648,-1.367,0.512,0.032,1.069,1.394,2,NULL,NULL,,3,0,2,7,255,1199,250,0,0
stim,134900,165021,0,165021,3362314.453,-0.807,0.103,0.043,-0.580,3113,69,0,3192,1613,2477,237,2451,50,1.196,1,2192,0,63.454,4.154,-57.188,-9.125,-25.938,0.145,-0.133,1.102,1.063,-4.016,0.355,0.520,0.028,1.069,1.394,2,NULL,NULL,,3,0,2,7,255,1199,250,0,0
stim,134900,165021,0,165021,3362319.457,-0.807,0.100,0.044,-0.580,3127,95,0,3188,1659,2480,247,2477,50,1.196,1,2192,0,62.463,4.115,-61.250,-7.813,-9.438,-0.176,-0.016,0.840,-0.898,-4.016,0.355,0.526,0.022,1.069,1.394,2,NULL,NULL,,3,0,2,7,255,1199,250,0,0
stim,134900,165021,0,165021,3362324.454,-0.807,0.099,0.045,-0.581,3127,107,2,3191,1695,2501,251,2489,50,1.196,1,2192,0,48.717,0.919,-30.563,-7.813,-37.125,-0.234,0.164,0.848,-0.898,-0.195,-1.121,0.532,0.018,1.069,1.394,2,NULL,NULL,,3,0,2,7,255,1199,250,0,0
stim,134900,165021,0,165021,3362329.455,-0.805,0.098,0.045,-0.583,3119,138,4,3207,1735,2517,255,2495,50,1.196,1,2192,0,58.306,0.629,-12.063,-6.375,-56.688,-0.023,0.129,1.043,0.598,-0.195,-1.121,0.540,0.014,1.069,1.394,2,NULL,NULL,,3,0,2,7,255,1199,250,0,0
stim,134900,165021,0,165021,3362334.454,-0.804,0.097,0.046,-0.584,3128,143,18,3193,1755,2525,263,2506,50,1.196,1,2192,0,43.708,1.651,-19.125,-3.000,-39.188,0.125,-0.016,1.137,0.598,-1.539,0.352,0.546,0.008,1.069,1.394,2,NULL,NULL,,3,0,2,7,255,1199,250,0,0
stim,134900,165021,0,165021,3362339.455,-0.804,0.096,0.046,-0.585,3124,169,41,3191,1771,2521,261,2515,50,1.196,1,2192,0,30.533,2.285,-29.063,-1.438,-9.250,0.020,0.000,1.047,0.016,-2.285,0.352,0.552,0.006,1.069,1.394,2,NULL,NULL,,3,0,2,7,255,1199,250,0,0
stim,134900,165021,0,165021,3362344.453,-0.804,0.095,0.047,-0.585,3125,184,61,3194,1797,2533,255,2519,50,1.196,1,2192,0,24.889,2.285,-24.750,-0.563,-2.563,-0.164,0.070,0.965,0.016,-2.285,0.195,0.558,0.002,1.069,1.394,2,NULL,NULL,,3,0,2,7,255,1199,250,0,0
stim,134900,165021,0,165021,3362349.455,-0.804,0.094,0.047,-0.585,3119,207,107,3191,1801,2529,253,2522,50,1.196,1,2192,0,22.142,0.273,-15.688,-0.125,-15.625,-0.195,0.031,0.980,-0.125,-0.242,-0.035,0.000,0.000,1.069,1.394,2,NULL,NULL,,3,0,2,7,255,1199,250,0,0
stim,134922,165043,0,165043,3362354.453,-0.803,0.094,0.048,-0.586,3127,221,135,3195,1827,2535,251,2525,50,1.196,1,2192,0,24.358,0.500,-13.250,-0.188,-20.438,-0.098,-0.074,1.000,-0.438,-0.242,-0.086,0.000,0.000,1.069,1.394,2,NULL,NULL,,3,0,2,7,255,1199,250,0,0
stim,134922,165043,0,165043,3362359.455,-0.803,0.093,0.048,-0.586,3126,228,136,3209,1840,2540,259,2531,50,1.197,1,2192,1,15.307,1.727,-12.188,-0.438,-9.250,-0.051,-0.117,0.969,-1.090,-1.340,-0.086,0.000,0.000,1.104,1.394,2,NULL,NULL,,3,0,2,7,255,1199,250,0,0
stim,134922,165043,0,165043,3362364.457,-0.803,0.092,0.048,-0.586,3119,216,151,3191,1852,2537,239,2535,50,1.197,1,2192,1,10.083,1.911,-9.188,-1.500,3.875,-0.117,-0.098,0.977,-1.363,-1.340,-0.281,0.004,0.002,1.104,1.394,2,NULL,NULL,,3,0,2,7,255,1199,250,0,0
stim,134922,165043,0,165043,3362369.454,-0.804,0.092,0.048,-0.586,3113,207,181,3191,1873,2539,249,2525,50,1.197,1,2192,1,10.638,1.798,-7.500,-2.813,7.000,-0.211,-0.051,0.984,-1.363,-1.172,-0.281,0.008,0.004,1.104,1.394,2,NULL,NULL,,3,0,2,7,255,1199,250,0,0
stim,134943,165064,0,165064,3362374.455,-0.804,0.092,0.048,-0.586,3112,201,187,3195,1871,2535,235,2531,50,1.197,1,2192,1,6.862,1.226,-5.250,-4.375,0.625,-0.230,-0.020,0.992,-1.211,-0.191,0.008,0.010,0.006,1.104,1.394,2,NULL,NULL,,3,0,2,7,255,1199,250,0,0
stim,134943,165064,0,165064,3362379.454,-0.804,0.091,0.048,-0.586,3115,192,213,3188,1881,2540,234,2547,50,1.197,1,2192,1,7.696,0.972,-2.563,-5.375,-4.875,-0.184,-0.008,0.980,-0.953,-0.191,0.008,0.012,0.006,1.104,1.394,2,NULL,NULL,,3,0,2,7,255,1199,250,0,0
stim,134943,165064,0,165064,3362384.455,-0.803,0.091,0.048,-0.586,3107,182,238,3179,1883,2547,218,2540,50,1.197,1,2192,1,7.522,0.766,-0.875,-6.188,-4.188,-0.141,-0.016,0.992,-0.711,-0.285,-0.020,0.014,0.008,1.104,1.394,2,NULL,NULL,,3,0,2,7,255,1199,250,0,0
stim,134943,165064,0,165064,3362389.454,-0.803,0.091,0.048,-0.586,3101,179,263,3177,1891,2539,219,2547,50,1.197,1,2192,1,6.972,1.005,-1.313,-6.813,-0.688,-0.141,-0.023,0.984,-0.711,-0.711,-0.039,0.014,0.010,1.104,1.394,2,NULL,NULL,,3,0,2,7,255,1199,250,0,0
stim,134943,165064,1,165064,3362394.455,-0.804,0.090,0.048,-0.586,3093,179,268,3171,1902,2539,222,2539,50,1.197,1,2192,1,7.691,1.022,-0.500,-7.625,0.875,-0.164,-0.020,0.961,-0.734,-0.711,-0.094,0.014,0.010,1.104,1.394,2,NULL,NULL,,3,1,2,7,255,1199,250,0,0
stim,134943,165064,1,165064,3362399.454,-0.804,0.090,0.047,-0.586,3089,167,275,3159,1904,2543,232,2541,50,1.197,1,2192,1,9.427,0.855,3.625,-8.688,-0.500,-0.176,0.008,0.961,-0.734,-0.438,-0.262,0.012,0.012,1.104,1.394,2,NULL,NULL,,3,1,2,7,255,1199,250,0,0
stim,135004,165125,1,165125,3362404.455,-0.803,0.090,0.047,-0.587,3079,153,285,3149,1927,2531,247,2549,50,1.197,1,2192,1,12.712,0.599,7.813,-9.625,-2.813,-0.172,0.055,0.988,-0.551,-0.234,-0.262,0.010,0.014,1.104,1.394,2,NULL,NULL,,3,1,2,7,255,1199,250,0,0
stim,135004,165125,1,165125,3362409.454,-0.803,0.090,0.046,-0.587,3068,152,299,3142,1941,2527,261,2553,50,1.197,1,2192,1,13.809,0.210,8.438,-10.313,-3.625,-0.176,0.102,1.020,-0.094,-0.188,0.016,0.008,0.016,1.104,1.394,2,NULL,NULL,,3,1,2,7,255,1199,250,0,0
stim,135004,165125,1,165125,3362414.455,-0.803,0.090,0.046,-0.587,3059,151,303,3126,1939,2526,266,2567,50,1.197,1,2192,1,12.982,0.308,4.813,-11.000,-4.938,-0.188,0.141,1.047,0.297,-0.082,0.383,0.008,0.016,1.104,1.394,2,NULL,NULL,,3,1,2,7,255,1199,250,0,0
stim,135004,165125,1,165125,3362419.454,-0.803,0.090,0.045,-0.587,3048,150,327,3115,1975,2525,281,2571,50,1.197,1,2192,1,14.067,0.594,-0.500,-11.688,-7.813,-0.195,0.137,1.039,0.578,0.137,0.602,0.010,0.018,1.104,1.394,2,NULL,NULL,,3,1,2,7,255,1199,250,0,0
stim,135004,165125,1,165125,3362424.455,-0.803,0.090,0.045,-0.588,3035,150,355,3100,1995,2523,325,2581,50,1.197,1,2192,1,17.005,0.611,-1.875,-12.500,-11.375,-0.191,0.125,1.004,0.578,0.199,0.602,0.012,0.016,1.104,1.394,2,NULL,NULL,,3,1,2,7,255,1199,250,0,0
stim,135004,165125,1,165125,3362429.454,-0.803,0.089,0.044,-0.588,3020,151,428,3087,2011,2521,339,2591,50,1.197,1,2192,1,19.632,0.611,0.063,-13.438,-14.313,-0.168,0.129,1.004,0.578,0.199,0.266,0.016,0.016,1.104,1.394,2,NULL,NULL,,3,1,2,7,255,1199,250,0,0
stim,135004,165125,1,165125,3362434.455,-0.802,0.089,0.044,-0.589,3001,151,483,3063,2035,2522,343,2601,50,1.197,1,2192,1,21.059,0.583,0.000,-14.188,-15.563,-0.137,0.152,1.023,0.582,0.031,0.266,0.020,0.014,1.104,1.394,2,NULL,NULL,,3,1,2,7,255,1199,250,0,0
stim,135004,165125,1,165125,3362439.454,-0.802,0.089,0.043,-0.589,2984,152,527,3049,2063,2521,349,2614,50,1.197,1,2192,1,20.312,0.907,-0.813,-14.813,-13.875,-0.125,0.191,1.035,0.879,-0.223,0.359,0.024,0.012,1.104,1.394,2,NULL,NULL,,3,1,2,7,255,1199,250,0,0
stim,135004,165125,1,165125,3362444.455,-0.802,0.088,0.043,-0.590,2964,155,633,3029,2094,2520,397,2629,50,1.197,1,2192,1,19.429,1.297,-3.125,-15.438,-11.375,-0.141,0.238,1.051,1.277,-0.223,0.473,0.028,0.012,1.104,1.394,2,NULL,NULL,,3,1,2,7,255,1199,250,0,0
stim,135004,165125,1,165125,3362449.454,-0.801,0.088,0.042,-0.590,2931,165,681,3014,2136,2525,419,2639,50,1.197,1,2192,1,21.518,1.645,-6.250,-15.438,-13.625,-0.156,0.246,1.047,1.645,0.039,0.676,0.028,0.012,1.104,1.394,2,NULL,NULL,,3,1,2,7,255,1199,250,0,0
stim,135004,165125,1,165125,3362454.455,-0.801,0.087,0.042,-0.591,2917,173,725,2987,2189,2522,468,2659,50,1.197,1,2192,1,23.577,1.707,-7.438,-15.313,-16.313,-0.133,0.246,1.047,1.707,0.039,0.676,0.030,0.014,1.104,1.394,2,NULL,NULL,,3,1,2,7,255,1199,250,0,0
stim,135004,165125,1,165125,3362459.454,-0.801,0.086,0.041,-0.591,2889,191,779,2971,2245,2523,501,2666,50,1.197,1,2192,1,23.573,1.707,-10.000,-14.938,-15.250,-0.113,0.207,1.031,1.707,0.016,0.629,0.030,0.018,1.104,1.394,2,NULL,NULL,,3,1,2,7,255,1199,250,0,0
stim,135042,165163,1,165163,3362464.455,-0.800,0.086,0.041,-0.592,2861,201,885,2959,2283,2523,533,2677,50,1.197,1,2192,1,22.803,1.461,-9.688,-15.563,-13.563,-0.129,0.188,1.020,1.457,-0.113,0.426,0.032,0.020,1.104,1.394,2,NULL,NULL,,3,1,2,7,255,1199,250,0,0
stim,135042,165163,1,165163,3362469.453,-0.800,0.085,0.041,-0.592,2835,227,967,2935,2323,2523,631,2685,50,1.197,1,2192,1,24.608,1.352,-10.500,-14.438,-16.938,-0.152,0.207,1.016,1.348,-0.113,0.359,0.036,0.020,1.104,1.394,2,NULL,NULL,,3,1,2,7,255,1199,250,0,0
stim,135042,165163,1,165163,3362474.455,-0.800,0.084,0.040,-0.593,2797,253,1079,2915,2360,2523,773,2699,50,1.197,1,2192,1,29.996,1.235,-10.250,-14.375,-24.250,-0.176,0.168,1.023,1.223,0.176,0.359,0.038,0.020,1.104,1.394,2,NULL,NULL,,3,1,2,7,255,1199,250,0,0
stim,135042,165163,1,165163,3362479.454,-0.799,0.083,0.040,-0.594,2765,265,1177,2900,2403,2523,878,2707,50,1.197,1,2192,1,38.494,0.938,-15.813,-12.938,-32.625,-0.152,0.129,1.031,0.922,0.176,0.441,0.042,0.018,1.104,1.394,2,NULL,NULL,,3,1,2,7,255,1199,250,0,0
stim,135042,165163,1,165163,3362484.455,-0.798,0.082,0.041,-0.596,2732,264,1267,2874,2439,2521,973,2717,50,1.197,1,2192,1,44.341,0.635,-20.813,-12.438,-37.125,-0.160,0.074,1.020,0.633,-0.055,0.441,0.046,0.014,1.104,1.394,2,NULL,NULL,,3,1,2,7,255,1199,250,0,0
stim,135042,165163,1,165163,3362489.454,-0.797,0.081,0.041,-0.597,2695,259,1369,2857,2471,2521,1095,2728,50,1.197,1,2192,1,56.346,0.143,-27.875,-11.125,-47.688,-0.164,-0.035,0.996,0.117,-0.082,0.320,0.050,0.012,1.104,1.394,2,NULL,NULL,,3,1,2,7,255,1199,250,0,0
stim,135071,165192,1,165192,3362494.455,-0.796,0.079,0.042,-0.599,2647,268,1481,2831,2501,2523,1203,2731,50,1.197,1,2192,1,56.455,0.920,-32.313,-13.188,-44.375,-0.121,-0.059,0.949,-0.867,-0.309,0.066,0.054,0.008,1.104,1.394,2,NULL,NULL,,3,1,2,7,255,1199,250,0,0
stim,135071,165192,1,165192,3362499.454,-0.795,0.077,0.042,-0.601,2602,269,1598,2811,2533,2520,1300,2744,50,1.197,1,2192,1,57.443,1.023,-29.813,-11.438,-47.750,-0.168,-0.137,0.902,-0.969,-0.328,-0.484,0.058,0.006,1.104,1.394,2,NULL,NULL,,3,1,2,7,255,1199,250,0,0
stim,135097,165218,1,165218,3362504.455,-0.794,0.076,0.043,-0.602,2539,264,1719,2794,2567,2521,1401,2767,50,1.197,1,2192,1,56.263,1.521,-24.875,-14.375,-48.375,-0.133,-0.109,0.926,-1.402,-0.590,-0.691,0.062,0.006,1.104,1.394,2,NULL,NULL,,3,1,2,7,255,1199,250,0,0
stim,135097,165218,1,165218,3362509.454,-0.793,0.075,0.043,-0.604,2479,283,1823,2770,2597,2521,1510,2773,50,1.197,1,2192,1,49.879,1.440,-18.875,-16.813,-43.000,-0.152,-0.039,0.953,-1.402,-0.328,-0.691,0.064,0.006,1.104,1.394,2,NULL,NULL,,3,1,2,7,255,1199,250,0,0
stim,135097,165218,1,165218,3362514.455,-0.791,0.073,0.043,-0.605,2423,285,1901,2731,2619,2521,1608,2783,50,1.197,1,2192,1,53.525,0.833,-19.500,-15.500,-47.375,-0.176,0.004,1.008,-0.793,-0.254,-0.359,0.068,0.008,1.104,1.394,2,NULL,NULL,,3,1,2,7,255,1199,250,0,0
stim,135097,165218,1,165218,3362519.454,-0.790,0.072,0.043,-0.607,2373,285,1993,2703,2647,2520,1691,2793,50,1.197,1,2192,1,62.599,0.493,-28.750,-16.625,-53.063,-0.152,0.031,1.063,-0.434,-0.234,0.215,0.072,0.010,1.104,1.394,2,NULL,NULL,,3,1,2,7,255,1199,250,0,0
stim,135097,165218,1,165218,3362524.455,-0.789,0.070,0.044,-0.609,2293,299,2093,2667,2675,2520,1782,2805,50,1.197,1,2192,1,69.847,0.300,-39.688,-18.625,-54.375,-0.109,0.004,1.051,-0.188,-0.234,0.531,0.076,0.012,1.104,1.394,2,NULL,NULL,,3,1,2,7,255,1199,250,0,0
stim,135097,165218,1,165218,3362529.454,-0.788,0.067,0.044,-0.611,2205,299,2173,2623,2698,2521,1854,2815,50,1.197,1,2192,1,74.166,0.660,-48.813,-18.313,-52.750,-0.090,-0.051,1.020,-0.188,-0.633,0.531,0.082,0.016,1.104,1.394,2,NULL,NULL,,3,1,2,7,255,1199,250,0,0
stim,135123,165244,1,165244,3362534.455,-0.786,0.065,0.045,-0.613,2129,303,2251,2581,2718,2519,1946,2827,50,1.197,1,2192,1,77.841,1.048,-54.500,-17.125,-52.875,-0.090,-0.070,0.984,-0.621,-0.844,0.176,0.084,0.018,1.104,1.394,2,NULL,NULL,,3,1,2,7,255,1199,250,0,0
stim,135123,165244,1,165244,3362539.454,-0.785,0.062,0.046,-0.614,2065,299,2315,2523,2735,2519,2025,2837,50,1.197,1,2192,0,71.460,1.067,-48.875,-17.625,-49.063,-0.059,-0.023,0.910,-0.621,-0.867,-0.141,0.088,0.022,1.104,1.394,2,NULL,NULL,,3,1,2,7,255,1199,250,0,0
stim,135123,165244,1,165244,3362544.455,-0.784,0.060,0.046,-0.616,1967,306,2379,2479,2749,2519,2085,2845,50,1.197,1,2192,0,57.683,0.867,-34.750,-19.000,-41.938,-0.059,0.012,0.918,-0.199,-0.844,-0.828,0.092,0.024,1.104,1.394,2,NULL,NULL,,3,1,2,7,255,1199,250,0,0
stim,135123,165244,1,165244,3362549.454,-0.783,0.059,0.046,-0.617,1895,309,2445,2438,2769,2517,2152,2855,50,1.197,1,2192,0,51.201,0.786,-27.375,-19.500,-38.625,-0.105,0.000,1.012,-0.027,-0.785,-0.828,0.096,0.024,1.104,1.394,2,NULL,NULL,,3,1,2,7,255,1199,250,0,0
stim,135123,165244,1,165244,3362554.455,-0.783,0.057,0.047,-0.618,1797,308,2503,2375,2789,2517,2207,2863,50,1.197,1,2192,0,50.896,0.497,-28.313,-19.438,-37.563,-0.113,-0.008,1.031,-0.027,-0.496,0.145,0.098,0.026,1.104,1.394,2,NULL,NULL,,3,1,2,7,255,1199,250,0,0
stim,135123,165244,1,165244,3362559.454,-0.782,0.055,0.047,-0.619,1672,307,2539,2297,2804,2514,2259,2871,50,1.197,1,2192,0,55.961,0.438,-34.438,-19.250,-39.688,-0.113,-0.004,1.043,-0.027,-0.438,0.359,0.102,0.028,1.104,1.394,2,NULL,NULL,,3,1,2,7,255,1199,250,0,0
stim,135123,165244,1,165244,3362564.455,-0.781,0.053,0.047,-0.621,1559,291,2583,2232,2862,2505,2303,2877,50,1.197,1,2192,0,60.604,0.431,-38.688,-18.813,-42.688,-0.105,0.012,1.027,-0.027,-0.430,0.359,0.104,0.028,1.104,1.394,2,NULL,NULL,,3,1,2,7,255,1199,250,0,0
stim,135123,165244,1,165244,3362569.454,-0.780,0.051,0.048,-0.622,1399,291,2613,2154,2837,2503,2352,2887,50,1.197,1,2192,0,61.931,0.465,-39.875,-18.500,-43.625,-0.066,0.004,1.000,0.156,-0.438,0.301,0.104,0.028,1.104,1.394,2,NULL,NULL,,3,1,2,7,255,1199,250,0,0
stim,135124,165245,1,165245,3362574.455,-0.779,0.049,0.048,-0.624,1261,287,2647,2071,2847,2495,2403,2893,50,1.197,1,2192,0,55.577,0.762,-35.875,-17.875,-38.500,-0.051,-0.008,0.977,0.156,-0.746,0.000,0.108,0.028,1.104,1.394,2,NULL,NULL,,3,1,2,7,255,1199,250,0,0
stim,135124,165245,1,165245,3362579.454,-0.778,0.048,0.048,-0.625,1145,277,2693,1959,2863,2492,2440,2900,50,1.197,1,2192,0,49.408,0.759,-32.000,-18.000,-33.063,-0.074,-0.031,0.980,0.137,-0.746,-0.180,0.110,0.028,1.104,1.394,2,NULL,NULL,,3,1,2,7,255,1199,250,0,0
stim,135153,165274,1,165274,3362584.455,-0.777,0.046,0.048,-0.626,1049,260,2717,1831,2871,2487,2476,2905,50,1.197,1,2192,0,44.887,0.678,-29.625,-19.250,-27.688,-0.105,-0.055,1.000,-0.117,-0.668,-0.180,0.110,0.030,1.104,1.394,2,NULL,NULL,,3,1,2,7,255,1199,250,0,0
stim,135153,165274,1,165274,3362589.454,-0.777,0.044,0.049,-0.626,940,237,2749,1727,2887,2483,2505,2909,50,1.197,1,2192,0,45.534,0.488,-29.688,-19.938,-28.188,-0.125,-0.043,1.004,-0.246,-0.422,0.035,0.112,0.032,1.104,1.394,2,NULL,NULL,,3,1,2,7,255,1199,250,0,0
stim,135153,165274,1,165274,3362594.455,-0.776,0.043,0.049,-0.627,776,203,2776,1573,2899,2473,2543,2921,50,1.197,1,2192,0,44.249,0.312,-26.875,-20.750,-28.375,-0.125,-0.020,0.973,-0.246,-0.191,0.035,0.116,0.034,1.104,1.394,2,NULL,NULL,,3,1,2,7,255,1199,250,0,0
stim,135153,165274,1,165274,3362599.454,-0.775,0.041,0.048,-0.628,613,185,2799,1426,2908,2463,2587,2921,50,1.197,1,2192,0,42.907,0.250,-20.813,-23.500,-29.250,-0.098,-0.043,1.008,-0.160,-0.191,0.109,0.118,0.034,1.104,1.394,2,NULL,NULL,,3,1,2,7,255,1199,250,0,0
stim,135153,165274,1,165274,3362604.455,-0.775,0.040,0.048,-0.629,478,167,2835,1259,2918,2457,2611,2927,50,1.197,1,2192,0,43.827,0.422,-24.000,-23.000,-28.563,-0.082,-0.066,1.031,-0.160,-0.391,0.109,0.120,0.036,1.104,1.394,2,NULL,NULL,,3,1,2,7,255,1199,250,0,0
stim,135153,165274,1,165274,3362609.454,-0.774,0.038,0.048,-0.630,367,140,2853,1077,2925,2445,2641,2928,50,1.197,1,2192,1,40.425,0.683,-22.750,-24.875,-22.313,-0.074,-0.066,1.016,-0.316,-0.605,0.184,0.122,0.038,1.104,1.394,2,NULL,NULL,,3,1,2,7,255,1199,250,0,0
stim,135201,165322,1,165322,3362614.455,-0.774,0.037,0.048,-0.630,245,79,2863,909,2939,2428,2660,2939,50,1.197,1,2192,1,35.332,0.683,-18.375,-26.500,-14.438,-0.105,-0.039,1.016,-0.316,-0.605,0.199,0.122,0.040,1.104,1.394,2,NULL,NULL,,3,1,2,7,255,1199,250,0,0
stim,135201,165322,1,165322,3362619.454,-0.773,0.035,0.047,-0.631,134,63,2877,740,2951,2419,2677,2939,50,1.197,1,2192,1,37.710,0.269,-17.625,-26.625,-20.063,-0.141,0.016,1.043,-0.090,-0.254,0.199,0.122,0.038,1.104,1.394,2,NULL,NULL,,3,1,2,7,255,1199,250,0,0
stim,135201,165322,1,165322,3362624.455,-0.773,0.034,0.047,-0.632,73,39,2889,564,2959,2404,2699,2952,50,1.197,1,2192,1,43.070,0.442,-15.563,-29.500,-27.250,-0.094,0.039,1.047,0.402,-0.184,0.453,0.120,0.038,1.104,1.394,2,NULL,NULL,,3,1,2,7,255,1199,250,0,0
stim,135201,165322,1,165322,3362629.454,-0.772,0.033,0.046,-0.633,26,25,2903,361,2967,2378,2713,2952,50,1.197,1,2192,1,44.080,0.625,-14.313,-30.313,-28.625,-0.035,0.016,1.039,0.598,-0.184,0.453,0.120,0.036,1.104,1.394,2,NULL,NULL,,3,1,2,7,255,1199,250,0,0
stim,135201,165322,1,165322,3362634.455,-0.772,0.031,0.045,-0.634,7,0,2908,231,2975,2344,2743,2953,50,1.197,1,2192,1,41.179,0.911,-11.500,-31.938,-23.313,-0.039,0.012,1.043,0.598,-0.688,0.371,0.120,0.034,1.104,1.394,2,NULL,NULL,,3,1,2,7,255,1199,250,0,0
stim,135201,165322,1,165322,3362639.454,-0.771,0.030,0.044,-0.634,0,0,2931,169,2985,2315,2760,2967,50,1.197,1,2192,1,41.138,0.911,-9.688,-34.250,-20.625,-0.063,0.027,1.055,0.598,-0.688,0.371,0.116,0.034,1.104,1.394,2,NULL,NULL,,3,1,2,7,255,1199,250,0,0
stim,135201,165322,0,165322,3362644.455,-0.771,0.029,0.043,-0.635,0,0,2935,150,2997,2293,2777,2969,50,1.197,1,2192,1,40.814,0.705,6.563,-39.625,-7.250,-0.199,-0.039,1.160,0.563,-0.426,0.527,0.114,0.032,1.104,1.394,2,NULL,NULL,,3,0,2,7,255,1205,250,0,0
stim,135201,165322,0,165322,3362649.454,-0.771,0.029,0.040,-0.635,0,0,2941,139,2999,2276,2797,2964,50,1.197,1,2192,1,51.518,0.738,21.500,-46.813,-0.688,-0.344,-0.094,1.387,-0.148,0.723,1.711,0.112,0.032,1.104,1.394,2,NULL,NULL,,3,0,2,7,255,1205,250,0,0
stim,135229,165350,0,165350,3362654.455,-0.771,0.028,0.038,-0.635,0,0,2963,108,3003,2263,2816,2965,50,1.197,1,2192,0,59.704,1.856,22.625,-54.938,-5.875,-0.359,-0.043,1.563,-0.344,1.824,4.082,0.110,0.032,1.104,1.394,3,NULL,NULL,,3,0,2,7,255,1205,250,0,0
stim,135229,165350,0,165350,3362659.454,-0.771,0.025,0.037,-0.635,0,0,2963,89,3019,2221,2841,2969,50,1.197,1,2192,0,66.858,1.856,-32.000,-56.688,-15.250,-0.063,0.063,1.367,-0.344,1.824,4.082,0.108,0.032,1.104,1.394,3,NULL,NULL,,3,0,2,7,255,1205,250,0,0
stim,135229,165350,0,165350,3362664.456,-0.771,0.022,0.036,-0.635,0,0,2967,73,3025,2172,2861,2973,50,1.197,1,2192,0,76.713,0.979,-51.875,-56.500,-1.250,0.000,0.039,1.074,0.887,-0.414,3.543,0.106,0.034,1.104,1.394,3,NULL,NULL,,3,0,2,7,255,1205,250,0,0
stim,135229,165350,0,165350,3362669.454,-0.772,0.020,0.035,-0.635,0,0,2976,61,3035,2127,2869,2972,50,1.197,1,2192,0,72.975,0.979,-26.750,-63.000,25.313,-0.129,0.055,1.012,0.887,-0.414,0.656,0.106,0.036,1.104,1.394,3,NULL,NULL,,3,0,2,7,255,1205,250,0,0
stim,135230,165351,0,165351,3362674.455,-0.773,0.018,0.033,-0.634,0,0,2987,10,3043,2075,2885,2983,50,1.197,1,2192,0,72.575,0.991,-7.938,-68.438,22.813,-0.262,-0.004,1.066,0.805,0.578,0.656,0.104,0.040,1.104,1.394,3,NULL,NULL,,3,0,2,7,255,1205,250,0,0
stim,135230,165351,0,165351,3362679.454,-0.773,0.016,0.031,-0.634,0,0,2989,0,3053,2011,2895,2980,50,1.197,1,2192,0,72.905,1.688,-2.813,-72.688,4.875,-0.266,-0.074,1.152,0.016,1.688,0.797,0.100,0.048,1.104,1.394,3,NULL,NULL,,3,0,2,7,255,1205,250,0,0
stim,135253,165374,0,165374,3362684.455,-0.773,0.013,0.029,-0.634,0,0,2995,0,3052,1933,2915,2982,50,1.197,1,2192,0,76.718,1.804,-5.688,-76.500,-1.063,-0.148,-0.145,1.172,-0.637,1.688,1.656,0.092,0.058,1.104,1.394,3,NULL,NULL,,3,0,2,7,255,1205,250,0,0
stim,135253,165374,0,165374,3362689.454,-0.773,0.011,0.026,-0.633,0,0,2996,0,3065,1859,2918,2987,50,1.197,1,2192,0,80.453,1.194,-8.313,-79.563,8.563,-0.074,-0.180,1.125,-1.090,0.488,1.656,0.086,0.070,1.104,1.394,3,NULL,NULL,,3,0,2,7,255,1205,250,0,0
stim,135253,165374,0,165374,3362694.455,-0.774,0.008,0.024,-0.632,0,0,2996,0,3062,1775,2931,2976,50,1.197,1,2192,0,85.597,1.131,-9.250,-82.875,19.313,-0.109,-0.148,1.117,-1.090,0.301,1.313,0.080,0.080,1.104,1.394,3,NULL,NULL,,3,0,2,7,255,1205,250,0,0
stim,135253,165374,0,165374,3362699.454,-0.775,0.006,0.021,-0.632,0,0,2986,0,3065,1684,2941,2971,50,1.197,1,2192,0,89.571,1.127,-8.938,-86.188,22.688,-0.168,-0.094,1.133,-1.086,0.301,1.313,0.074,0.086,1.104,1.394,3,NULL,NULL,,3,0,2,7,255,1205,250,0,0
stim,135253,165374,0,165374,3362704.455,-0.776,0.003,0.018,-0.631,0,0,2995,0,3067,1588,2955,2969,50,1.197,1,2192,0,92.593,1.322,-6.750,-90.000,20.688,-0.164,-0.105,1.090,-0.852,1.012,1.223,0.066,0.094,1.104,1.394,3,NULL,NULL,,3,0,2,7,255,1205,250,0,0
stim,135299,165420,0,165420,3362709.454,-0.776,0.000,0.016,-0.630,0,0,2983,0,3087,1445,2954,2979,50,1.197,1,2192,0,95.336,1.368,0.063,-93.875,16.625,-0.199,-0.109,1.094,-0.852,1.070,0.996,0.058,0.102,1.104,1.394,3,NULL,NULL,,3,0,2,7,255,1205,250,0,0
stim,135299,165420,0,165420,3362714.455,-0.777,-0.002,0.012,-0.630,0,0,2975,0,3078,1307,2964,2965,50,1.197,1,2192,0,98.073,1.682,2.813,-97.750,7.438,-0.184,-0.121,1.117,-0.957,1.383,0.996,0.048,0.112,1.104,1.394,3,NULL,NULL,,3,0,2,7,255,1205,250,0,0
stim,135299,165420,0,165420,3362719.454,-0.777,-0.005,0.009,-0.630,0,0,2971,0,3080,1159,2981,2957,50,1.197,1,2192,0,101.540,1.730,6.500,-101.250,4.063,-0.133,-0.137,1.094,-1.039,1.383,0.996,0.042,0.122,1.104,1.394,3,NULL,NULL,,3,0,2,7,255,1205,250,0,0
stim,135299,165420,0,165420,3362724.455,-0.777,-0.007,0.005,-0.629,0,0,2963,0,3092,988,2991,2955,50,1.197,1,2192,0,104.808,1.469,11.000,-104.188,2.938,-0.129,-0.125,1.086,-1.039,1.039,0.988,0.034,0.132,1.104,1.394,3,NULL,NULL,,3,0,2,7,255,1205,250,0,0
stim,135299,165420,0,165420,3362729.454,-0.777,-0.010,0.001,-0.629,0,0,2953,0,3089,795,2985,2955,50,1.197,1,2192,0,109.238,1.449,11.250,-108.625,2.625,-0.105,-0.137,1.137,-1.105,0.938,0.988,0.030,0.142,1.104,1.394,3,NULL,NULL,,3,0,2,7,255,1205,250,0,0
stim,135299,165420,0,165420,3362734.455,-0.777,-0.013,-0.002,-0.629,0,0,2931,0,3099,681,3005,2936,50,1.197,1,2192,0,110.847,1.475,4.438,-110.750,1.375,-0.129,-0.121,1.109,-1.047,1.039,1.094,0.028,0.154,1.104,1.394,3,NULL,NULL,,3,0,2,7,255,1205,250,0,0
stim,135299,165420,0,165420,3362739.454,-0.777,-0.015,-0.006,-0.629,0,0,2920,0,3096,539,3016,2925,50,1.197,1,2192,0,113.882,1.622,6.250,-113.438,-7.875,-0.160,-0.113,1.063,-1.066,1.223,1.094,0.028,0.166,1.104,1.394,3,NULL,NULL,,3,0,2,7,255,1205,250,0,0
stim,135299,165420,0,165420,3362744.455,-0.777,-0.018,-0.010,-0.629,0,0,2915,0,3099,377,3019,2915,50,1.197,1,2192,0,120.308,1.636,13.375,-118.688,-14.438,-0.105,-0.102,1.113,-1.047,1.258,1.070,0.032,0.178,1.104,1.394,3,NULL,NULL,,3,0,2,7,255,1205,250,0,0
stim,135299,165420,0,165420,3362749.454,-0.777,-0.021,-0.015,-0.630,0,0,2903,0,3107,213,3013,2913,50,1.197,1,2192,0,123.929,1.528,12.188,-122.063,-17.625,-0.043,-0.074,1.145,-0.867,1.258,1.070,0.038,0.192,1.104,1.394,3,NULL,NULL,,3,0,2,7,255,1205,250,0,0
stim,135333,165454,0,165454,3362754.455,-0.776,-0.024,-0.019,-0.630,0,0,2875,0,3111,106,3031,2887,50,1.197,1,2192,0,126.598,0.996,8.000,-125.188,-17.063,0.000,-0.008,1.125,-0.523,0.848,1.195,0.042,0.204,1.104,1.394,3,NULL,NULL,,3,0,2,7,255,1205,250,0,0
stim,135333,165454,0,165454,3362759.454,-0.776,-0.027,-0.024,-0.630,0,0,2855,0,3103,41,3041,2861,50,1.197,1,2192,0,130.151,0.782,11.563,-129.250,-10.000,0.012,0.039,1.137,0.176,0.762,1.301,0.048,0.216,1.104,1.394,3,NULL,NULL,,3,0,2,7,255,1205,250,0,0
stim,135333,165454,0,165454,3362764.455,-0.776,-0.030,-0.029,-0.630,0,0,2828,0,3111,15,3037,2853,50,1.197,1,2192,0,135.210,0.985,12.500,-134.500,-5.938,-0.004,0.098,1.219,0.625,0.762,1.301,0.054,0.230,1.104,1.394,3,NULL,NULL,,3,0,2,7,255,1205,250,0,0
stim,135333,165454,0,165454,3362769.454,-0.775,-0.033,-0.034,-0.630,0,0,2793,0,3104,0,3045,2813,50,1.197,1,2192,0,137.248,1.670,9.750,-136.750,-6.438,-0.031,0.176,1.301,1.125,1.234,2.043,0.064,0.246,1.104,1.394,3,NULL,NULL,,3,0,2,7,255,1205,250,0,0
stim,135335,165456,0,165456,3362774.455,-0.775,-0.037,-0.039,-0.630,0,0,2773,0,3113,0,3036,2787,50,1.197,1,2192,0,144.532,2.594,8.500,-143.813,-11.625,-0.055,0.191,1.340,1.793,1.875,2.766,0.078,0.266,1.104,1.394,3,NULL,NULL,,3,0,2,7,255,1205,250,0,0
stim,135335,165456,0,165456,3362779.454,-0.775,-0.041,-0.044,-0.630,0,0,2733,0,3113,0,3044,2751,50,1.197,1,2192,0,148.351,2.646,-10.063,-147.813,-7.625,0.066,0.242,1.488,1.867,1.875,3.113,0.100,0.290,1.104,1.394,3,NULL,NULL,,3,0,2,7,255,1205,250,0,0
stim,135335,165456,0,165456,3362784.455,-0.775,-0.046,-0.048,-0.629,0,0,2685,0,3107,0,3045,2715,50,1.197,1,2192,0,154.196,3.386,-24.438,-152.063,7.500,0.023,0.242,1.613,2.473,2.313,4.633,0.124,0.318,1.104,1.394,3,NULL,NULL,,3,0,2,7,255,1205,250,0,0
stim,135335,165456,0,165456,3362789.454,-0.775,-0.051,-0.053,-0.628,0,0,2646,0,3100,0,3046,2663,50,1.197,1,2192,0,166.295,3.418,-33.563,-161.250,22.938,-0.109,0.227,1.645,2.473,2.359,5.770,0.156,0.350,1.104,1.394,3,NULL,NULL,,3,0,2,7,255,1205,250,0,0
stim,135335,165456,0,165456,3362794.455,-0.775,-0.058,-0.057,-0.626,0,0,2587,0,3097,0,3054,2617,50,1.197,1,2192,0,179.480,4.590,-42.875,-171.938,28.500,-0.141,0.340,1.707,2.473,3.867,5.871,0.192,0.386,1.104,1.394,3,NULL,NULL,,3,0,2,7,255,1205,250,0,0
stim,135368,165489,0,165489,3362799.454,-0.776,-0.064,-0.062,-0.625,0,0,2525,0,3082,0,3051,2544,50,1.197,1,2192,0,192.320,5.647,-49.250,-184.063,26.125,-0.230,0.355,1.711,3.090,4.727,6.102,0.232,0.430,1.104,1.394,3,NULL,NULL,,3,0,2,7,255,1205,250,0,0
stim,135394,165515,0,165515,3362804.455,-0.776,-0.072,-0.067,-0.624,0,0,2461,0,3091,0,3045,2459,50,1.197,1,2192,0,204.585,6.673,-53.563,-196.563,18.688,-0.195,0.434,1.711,3.113,5.902,6.102,0.278,0.478,1.104,1.394,3,NULL,NULL,,3,0,2,7,255,1205,250,0,0
stim,135394,165515,0,165515,3362809.454,-0.776,-0.079,-0.073,-0.622,0,0,2403,0,3066,0,3035,2372,50,1.197,1,2192,0,220.326,6.999,-58.438,-210.438,29.063,-0.184,0.398,1.840,3.617,5.992,6.102,0.332,0.532,1.104,1.394,3,NULL,NULL,,3,0,2,7,255,1205,250,0,0
stim,135394,165515,0,165515,3362814.455,-0.776,-0.088,-0.078,-0.620,0,0,2327,0,3055,0,3038,2248,50,1.197,1,2192,0,238.518,7.508,-78.063,-223.063,32.250,-0.203,0.438,1.910,3.902,6.414,7.145,0.392,0.592,1.104,1.394,3,NULL,NULL,,3,0,2,7,255,1205,250,0,0
stim,135394,165515,0,165515,3362819.454,-0.776,-0.098,-0.083,-0.618,0,0,2232,0,3035,4,3021,2124,50,1.197,1,2192,0,259.577,8.087,-95.688,-238.000,39.750,-0.340,0.434,1.832,3.723,7.180,7.145,0.462,0.662,1.104,1.394,3,NULL,NULL,,3,0,2,7,255,1205,250,0,0
stim,135394,165515,0,165515,3362824.455,-0.775,-0.108,-0.089,-0.616,0,0,2131,0,3029,37,2997,1983,50,1.197,1,2192,0,274.817,9.405,-100.250,-254.438,27.125,-0.406,0.426,1.789,3.723,8.637,6.352,0.538,0.740,1.104,1.394,3,NULL,NULL,,3,0,2,7,255,1205,250,0,0
stim,135394,165515,0,165515,3362829.454,-0.775,-0.119,-0.095,-0.614,0,0,2041,0,3017,53,2971,1885,50,1.197,1,2192,0,292.342,9.848,-104.750,-271.813,24.688,-0.332,0.352,1.828,3.555,9.184,5.949,0.626,0.828,1.104,1.394,3,NULL,NULL,,3,0,2,7,255,1205,250,0,0
stim,135420,165541,0,165541,3362834.455,-0.774,-0.131,-0.101,-0.612,0,0,1955,0,2976,71,2959,1814,50,1.197,1,2192,0,311.862,9.967,-114.563,-289.000,24.750,-0.340,0.289,1.867,3.039,9.492,5.949,0.720,0.924,1.104,1.394,3,NULL,NULL,,3,0,2,7,255,1205,250,0,0
stim,135420,165541,0,165541,3362839.454,-0.773,-0.143,-0.108,-0.609,0,0,1870,0,2961,79,2911,1737,50,1.197,1,2192,0,331.020,10.015,-115.813,-308.438,32.063,-0.340,0.289,1.934,2.570,9.680,6.102,0.820,1.026,1.104,1.394,3,NULL,NULL,,3,0,2,7,255,1205,250,0,0
stim,135420,165541,0,165541,3362844.455,-0.771,-0.155,-0.116,-0.606,0,0,1755,0,2919,77,2862,1623,50,1.197,1,2192,0,341.719,10.677,-102.063,-324.813,29.188,-0.473,0.332,2.176,2.570,10.363,6.398,0.922,1.132,1.104,1.394,3,NULL,NULL,,3,0,2,7,255,1205,250,0,0
stim,135420,165541,0,165541,3362849.454,-0.770,-0.168,-0.125,-0.603,0,0,1714,0,2883,79,2808,1497,50,1.197,1,2192,0,356.393,13.310,-100.125,-341.750,14.063,-0.578,0.367,2.520,2.801,13.012,7.734,1.020,1.230,1.104,1.394,3,NULL,NULL,,3,0,2,7,255,1205,250,0,0
stim,135420,165541,0,165541,3362854.455,-0.767,-0.181,-0.134,-0.601,0,0,1640,0,2824,70,2725,1391,50,1.197,1,2192,0,379.644,16.226,-119.375,-360.375,3.000,-0.660,0.504,2.762,3.023,15.941,9.906,1.106,1.320,1.104,1.394,3,NULL,NULL,,3,0,2,7,255,1205,250,0,0
stim,135420,165541,0,165541,3362859.454,-0.763,-0.196,-0.143,-0.599,0,0,1501,0,2749,36,2631,1270,50,1.197,1,2192,0,400.554,19.114,-141.750,-373.563,-28.313,-0.477,0.680,2.898,4.297,18.625,10.938,1.182,1.398,1.104,1.394,3,NULL,NULL,,3,0,2,7,255,1205,250,0,0
stim,135420,165541,0,165541,3362864.455,-0.758,-0.211,-0.152,-0.598,0,0,1381,0,2669,7,2487,1145,50,1.197,1,2192,0,414.964,19.740,-151.313,-383.063,-50.625,-0.301,0.617,2.934,6.539,18.625,12.012,1.248,1.468,1.104,1.394,3,NULL,NULL,,3,0,2,7,255,1205,250,0,0
stim,135420,165541,0,165541,3362869.454,-0.754,-0.227,-0.161,-0.596,0,0,1156,0,2549,0,2324,1001,50,1.197,1,2192,0,434.026,19.426,-178.500,-394.625,-28.063,-0.270,0.594,2.879,6.559,18.285,12.012,1.310,1.534,1.104,1.394,3,NULL,NULL,,3,0,2,7,255,1205,250,0,0
stim,135439,165560,0,165560,3362874.455,-0.748,-0.244,-0.168,-0.593,0,0,975,0,2411,0,2083,908,50,1.197,1,2192,0,461.567,19.232,-219.875,-405.688,-10.813,-0.336,0.434,2.578,6.539,18.086,11.551,1.378,1.604,1.104,1.394,3,NULL,NULL,,3,0,2,7,255,1205,250,0,0
stim,135439,165560,0,165560,3362879.454,-0.743,-0.263,-0.176,-0.589,0,0,783,0,2205,0,1804,805,50,1.197,1,2192,0,486.145,18.377,-234.313,-425.813,10.875,-0.398,-0.090,2.066,4.973,17.691,8.281,1.458,1.688,1.104,1.394,3,NULL,NULL,,3,0,2,7,255,1205,250,0,0
stim,135439,165560,0,165560,3362884.455,-0.738,-0.282,-0.184,-0.584,0,0,585,0,1957,0,1447,711,50,1.197,1,2192,0,490.105,15.080,-204.250,-444.750,26.125,-0.254,-0.363,1.605,-0.262,15.078,4.246,1.548,1.780,1.104,1.394,3,NULL,NULL,,3,0,2,7,255,1205,250,0,0
stim,135439,165560,0,165560,3362889.454,-0.734,-0.298,-0.195,-0.579,0,0,429,0,1685,0,893,594,50,1.197,1,2192,0,478.265,11.649,-138.813,-457.500,12.750,-0.051,-0.551,1.242,-2.766,11.316,1.570,1.646,1.880,1.104,1.394,3,NULL,NULL,,3,0,2,7,255,1205,250,0,0
stim,135462,165583,0,165583,3362894.455,-0.730,-0.311,-0.209,-0.572,0,0,280,0,1403,0,327,463,50,1.197,1,2192,0,468.370,8.207,-39.813,-466.563,10.250,0.211,-0.359,1.344,-2.766,7.727,1.570,1.746,1.984,1.104,1.394,3,NULL,NULL,,3,0,2,7,255,1205,250,0,0
stim,135462,165583,0,165583,3362899.454,-0.727,-0.321,-0.224,-0.564,0,0,215,0,1075,0,81,393,50,1.197,1,2192,0,467.953,7.953,48.750,-465.125,16.188,0.160,0.074,2.105,-1.883,7.727,1.770,1.846,2.086,1.104,1.394,3,NULL,NULL,,3,0,2,7,255,1205,250,0,0
stim,135462,165583,0,165583,3362904.455,-0.725,-0.332,-0.239,-0.555,0,0,120,0,614,0,0,309,50,1.197,1,2192,0,473.025,14.111,44.188,-465.688,70.250,-0.195,0.293,2.809,2.395,13.906,5.273,1.940,2.180,1.104,1.394,3,NULL,NULL,,3,0,2,7,255,1205,250,0,0
stim,135462,165583,0,165583,3362909.454,-0.723,-0.347,-0.249,-0.544,0,0,120,0,261,0,0,218,50,1.197,1,2192,0,491.860,22.363,-63.625,-466.313,142.938,-0.629,0.305,2.918,2.395,22.234,5.273,2.016,2.258,1.104,1.394,3,NULL,NULL,,3,0,2,7,255,1205,250,0,0
stim,135500,165621,0,165621,3362914.455,-0.720,-0.365,-0.257,-0.532,0,0,95,0,0,0,0,121,50,1.197,1,2192,0,527.043,25.681,-160.000,-465.625,188.063,-1.059,0.422,2.418,2.344,25.574,2.879,2.070,2.314,1.104,1.394,3,NULL,NULL,,3,0,2,7,255,1205,250,0,0
stim,135500,165621,0,165621,3362919.454,-0.716,-0.384,-0.263,-0.521,0,0,33,0,0,0,0,60,50,1.197,1,2192,0,530.800,25.681,-208.875,-454.938,176.500,-1.230,0.918,1.914,2.344,25.574,-4.707,2.110,2.356,1.104,1.394,3,NULL,NULL,,3,0,2,7,255,1205,250,0,0
stim,135500,165621,0,165621,3362924.455,-0.710,-0.402,-0.268,-0.512,0,0,35,0,0,0,0,2,50,1.197,1,2192,0,502.290,23.935,-244.625,-421.875,120.313,-0.969,1.559,1.563,5.590,23.273,-11.336,2.144,2.394,1.104,1.394,4,NULL,NULL,,3,0,2,7,255,1205,250,0,0
stim,135500,165621,0,165621,3362929.454,-0.702,-0.420,-0.272,-0.507,0,0,36,0,0,0,0,19,50,1.197,1,2192,0,469.242,23.144,-281.000,-371.625,55.875,-0.668,1.809,1.418,12.098,19.730,-14.105,2.176,2.428,1.104,1.394,0,NULL,NULL,,3,0,2,7,255,1205,250,0,0
stim,135500,165621,0,165621,3362934.455,-0.693,-0.438,-0.274,-0.503,0,0,35,0,0,0,0,67,50,1.197,1,2192,0,470.254,20.913,-334.813,-327.000,45.938,-0.516,1.313,1.227,12.098,17.059,-14.105,2.202,2.456,1.104,1.394,0,NULL,NULL,,3,0,2,7,255,1205,250,0,0
stim,135500,165621,0,165621,3362939.454,-0.683,-0.455,-0.273,-0.502,0,0,38,0,0,0,0,100,50,1.197,1,2192,0,458.142,17.946,-377.438,-259.063,17.938,-0.258,0.336,0.906,11.301,13.941,-12.934,2.218,2.476,1.104,1.394,0,NULL,NULL,,3,0,2,7,255,1205,250,0,0
stim,135500,165621,0,165621,3362944.455,-0.674,-0.469,-0.271,-0.502,0,0,38,0,0,0,0,137,50,1.197,1,2192,0,380.965,9.714,-331.000,-188.313,-10.563,-0.375,-0.441,0.527,3.121,9.199,-9.320,2.236,2.494,1.104,1.394,0,NULL,NULL,,3,0,2,7,255,1205,250,0,0
stim,135500,165621,0,165621,3362949.454,-0.667,-0.479,-0.270,-0.502,0,0,37,0,0,0,0,179,50,1.197,1,2192,0,280.682,8.236,-240.250,-144.063,-17.563,-0.559,-0.539,0.520,-4.680,6.777,-9.320,2.258,2.518,1.104,1.394,0,NULL,NULL,,3,0,2,7,255,1205,250,0,0
stim,135521,165642,0,165642,3362954.455,-0.661,-0.487,-0.269,-0.504,0,0,37,0,0,0,0,181,50,1.197,1,2192,0,232.771,8.236,-210.625,-89.125,-43.313,-0.520,-0.215,0.699,-4.680,6.777,-10.457,2.282,2.544,1.104,1.394,0,NULL,NULL,,3,0,2,7,255,1205,250,0,0
stim,135521,165642,0,165642,3362959.454,-0.654,-0.494,-0.266,-0.508,0,0,37,0,0,0,0,152,50,1.197,1,2192,0,253.713,7.286,-246.625,-22.063,-55.313,-0.207,0.199,0.246,-2.676,6.777,-10.793,2.302,2.568,1.104,1.394,0,NULL,NULL,,3,0,2,7,255,1205,250,0,0
stim,135521,165642,0,165642,3362964.455,-0.648,-0.499,-0.260,-0.513,0,0,35,0,0,0,0,125,50,1.197,1,2192,0,245.643,3.249,-239.688,42.250,-33.250,0.035,0.535,-0.539,1.453,2.906,-11.398,2.322,2.590,1.104,1.394,0,NULL,NULL,,3,0,2,7,255,1205,250,0,0
stim,135521,165642,0,165642,3362969.454,-0.646,-0.501,-0.254,-0.516,0,0,38,0,0,0,0,109,50,1.197,1,2192,0,174.463,6.288,-146.813,94.250,-0.625,-0.012,0.621,-0.945,3.406,-5.285,-13.438,2.342,2.612,1.104,1.394,0,NULL,NULL,,3,0,2,7,255,1205,250,0,0
stim,135544,165665,0,165665,3362974.455,-0.647,-0.499,-0.249,-0.519,0,0,33,0,0,0,0,99,50,1.197,1,2192,0,133.691,6.737,-27.375,129.938,15.500,-0.234,0.387,-0.730,3.406,-5.813,-15.629,2.360,2.632,1.104,1.394,0,NULL,NULL,,3,0,2,7,255,1205,250,0,0
stim,135544,165665,0,165665,3362979.454,-0.650,-0.495,-0.246,-0.522,0,0,29,0,0,0,0,93,50,1.197,1,2192,0,161.940,5.897,37.938,156.625,15.938,-0.363,0.066,-0.262,0.996,-5.813,-15.629,2.378,2.650,1.104,1.394,0,NULL,NULL,,3,0,2,7,255,1205,250,0,0
stim,135544,165665,0,165665,3362984.455,-0.653,-0.490,-0.241,-0.525,0,0,30,0,0,0,0,91,50,1.197,1,2192,0,184.417,1.533,49.750,176.250,21.688,-0.340,-0.063,-0.055,-1.270,-0.859,-14.039,2.396,2.672,1.104,1.394,0,NULL,NULL,,3,0,2,7,255,1205,250,0,0
stim,135544,165665,0,165665,3362989.454,-0.657,-0.484,-0.236,-0.527,0,0,25,0,0,0,0,85,50,1.197,1,2192,0,201.207,1.302,55.875,188.813,41.375,-0.301,0.051,-0.113,-1.270,0.289,-12.898,2.416,2.694,1.104,1.394,0,NULL,NULL,,3,0,2,7,255,1205,250,0,0
stim,135544,165665,0,165665,3362994.455,-0.662,-0.478,-0.231,-0.529,0,0,25,0,0,0,0,83,50,1.197,1,2192,0,223.169,0.907,83.438,197.500,61.938,-0.352,0.258,-0.227,-0.859,0.289,-12.898,2.440,2.720,1.104,1.394,0,NULL,NULL,,3,0,2,7,255,1205,250,0,0
stim,135544,165665,0,165665,3362999.454,-0.668,-0.470,-0.227,-0.530,0,0,25,0,0,0,0,71,50,1.197,1,2192,0,249.854,0.650,125.438,204.000,71.250,-0.449,0.375,-0.168,0.582,0.289,-14.559,2.466,2.748,1.104,1.394,0,NULL,NULL,,3,0,2,7,255,1205,250,0,0
stim,135544,165665,0,165665,3363004.455,-0.675,-0.461,-0.223,-0.531,0,0,23,0,0,0,0,67,50,1.197,1,2192,0,271.338,1.564,155.375,210.813,71.000,-0.516,0.387,0.031,1.445,0.598,-15.184,2.496,2.778,1.104,1.394,0,NULL,NULL,,3,0,2,7,255,1205,250,0,0
stim,135604,165725,0,165725,3363009.454,-0.682,-0.452,-0.219,-0.532,0,0,21,0,0,0,0,61,50,1.197,1,2192,0,282.278,3.240,164.813,218.375,69.500,-0.531,0.348,0.219,1.719,2.746,-15.184,2.528,2.812,1.104,1.394,0,NULL,NULL,,3,0,2,7,255,1205,250,0,0
stim,135604,165725,0,165725,3363014.455,-0.689,-0.442,-0.215,-0.533,0,0,23,0,0,0,0,53,50,1.197,1,2192,0,288.108,4.802,164.500,225.063,72.750,-0.535,0.316,0.340,1.719,4.484,-14.180,2.562,2.848,1.104,1.394,0,NULL,NULL,,3,0,2,7,255,1205,250,0,0
stim,135604,165725,0,165725,3363019.454,-0.696,-0.432,-0.210,-0.534,0,0,19,0,0,0,0,45,50,1.197,1,2192,0,292.225,5.872,164.250,230.250,73.500,-0.594,0.316,0.441,1.645,5.637,-13.359,2.596,2.886,1.104,1.394,0,NULL,NULL,,3,0,2,7,255,1205,250,0,0
stim,135604,165725,0,165725,3363024.455,-0.702,-0.422,-0.206,-0.535,0,0,21,0,0,0,0,46,50,1.197,1,2192,0,293.350,7.084,164.938,233.563,65.563,-0.648,0.293,0.535,1.645,6.891,-13.141,2.634,2.924,1.104,1.394,0,NULL,NULL,,3,0,2,7,255,1205,250,0,0
stim,135604,165725,0,165725,3363029.454,-0.708,-0.412,-0.202,-0.536,0,0,23,0,0,0,0,42,50,1.197,1,2192,0,292.717,8.142,163.125,237.813,50.188,-0.637,0.262,0.660,1.359,8.027,-12.758,2.670,2.964,1.104,1.394,0,NULL,NULL,,3,0,2,7,255,1205,250,0,0
stim,135604,165725,0,165725,3363034.455,-0.714,-0.402,-0.197,-0.539,0,0,23,0,0,0,0,47,50,1.197,1,2192,0,289.804,9.098,153.563,243.188,35.563,-0.586,0.230,0.766,1.359,8.996,-11.648,2.708,3.002,1.104,1.394,0,NULL,NULL,,3,0,2,7,255,1205,250,0,0
stim,135604,165725,0,165725,3363039.454,-0.719,-0.392,-0.192,-0.541,0,0,25,0,0,0,0,47,50,1.197,1,2192,0,285.517,9.647,136.438,249.438,26.188,-0.559,0.223,0.902,1.383,9.547,-10.352,2.744,3.042,1.104,1.394,0,NULL,NULL,,3,0,2,7,255,1205,250,0,0
stim,135604,165725,0,165725,3363044.455,-0.723,-0.382,-0.187,-0.544,0,0,23,0,0,0,0,45,50,1.197,1,2192,0,281.193,10.541,115.000,256.063,16.625,-0.566,0.223,0.980,1.633,10.414,-9.094,2.780,3.078,1.104,1.394,0,NULL,NULL,,3,0,2,7,255,1205,250,0,0
stim,135604,165725,0,165725,3363049.454,-0.727,-0.373,-0.181,-0.548,0,0,25,0,0,0,0,55,50,1.197,1,2192,0,279.493,11.130,92.813,263.625,2.000,-0.559,0.215,1.031,1.723,10.996,-8.375,2.812,3.112,1.104,1.394,0,NULL,NULL,,3,0,2,7,255,1205,250,0,0
stim,135604,165725,0,165725,3363054.455,-0.729,-0.364,-0.174,-0.553,0,0,20,0,0,0,0,57,50,1.197,1,2192,0,281.881,11.130,70.625,272.563,-13.375,-0.508,0.176,1.016,1.723,10.996,-7.707,2.842,3.146,1.104,1.394,0,NULL,NULL,,3,0,2,7,255,1205,250,0,0
stim,135604,165725,0,165725,3363059.454,-0.731,-0.355,-0.167,-0.558,0,0,20,0,0,0,0,58,50,1.197,1,2192,0,289.682,10.861,53.188,283.625,-25.375,-0.445,0.148,0.957,1.652,10.734,-7.090,2.874,3.178,1.104,1.394,0,NULL,NULL,,3,0,2,7,255,1205,250,0,0
stim,135633,165754,0,165754,3363064.455,-0.733,-0.346,-0.159,-0.563,0,0,12,0,0,0,0,67,50,1.197,1,2192,0,300.976,9.911,42.125,296.125,-33.500,-0.398,0.125,0.867,1.551,9.789,-6.746,2.904,3.210,1.104,1.394,0,NULL,NULL,,3,0,2,7,255,1205,250,0,0
stim,135633,165754,0,165754,3363069.454,-0.735,-0.337,-0.151,-0.569,0,0,12,0,0,0,0,75,50,1.197,1,2192,0,313.889,8.855,38.063,308.938,-40.438,-0.375,0.125,0.785,1.406,8.742,-6.746,2.932,3.242,1.104,1.394,0,NULL,NULL,,3,0,2,7,255,1205,250,0,0
stim,135633,165754,0,165754,3363074.455,-0.736,-0.327,-0.143,-0.575,0,0,16,0,0,0,0,91,50,1.197,1,2192,0,327.085,8.030,39.813,321.188,-47.313,-0.340,0.125,0.707,1.406,7.906,-6.941,2.962,3.272,1.104,1.394,0,NULL,NULL,,3,0,2,7,255,1205,250,0,0
stim,135633,165754,0,165754,3363079.454,-0.737,-0.317,-0.134,-0.582,0,0,11,0,0,0,0,95,50,1.197,1,2192,0,339.271,7.204,47.375,331.938,-51.750,-0.297,0.105,0.637,1.379,7.070,-7.094,2.988,3.302,1.104,1.394,0,NULL,NULL,,3,0,2,7,255,1205,250,0,0
stim,135633,165754,0,165754,3363084.455,-0.738,-0.306,-0.126,-0.588,0,0,9,0,0,0,0,97,50,1.197,1,2192,0,350.271,6.346,61.375,340.813,-52.625,-0.266,0.074,0.598,1.301,6.211,-7.094,3.016,3.330,1.104,1.394,0,NULL,NULL,,3,0,2,7,255,1205,250,0,0
stim,135633,165754,0,165754,3363089.454,-0.739,-0.294,-0.117,-0.594,0,0,12,0,0,0,0,103,50,1.197,1,2192,0,360.380,5.691,80.125,347.500,-51.938,-0.238,0.043,0.605,1.066,5.590,-6.945,3.042,3.360,1.104,1.394,0,NULL,NULL,,3,0,2,7,255,1205,250,0,0
stim,135633,165754,0,165754,3363094.455,-0.741,-0.282,-0.109,-0.600,0,0,11,0,0,0,0,107,50,1.197,1,2192,0,369.380,5.370,98.875,352.063,-52.125,-0.156,0.023,0.625,0.992,5.277,-6.488,3.070,3.388,1.104,1.394,0,NULL,NULL,,3,0,2,7,255,1205,250,0,0
stim,135669,165790,0,165790,3363099.454,-0.742,-0.268,-0.102,-0.606,0,0,9,0,0,0,0,105,50,1.197,1,2192,0,376.439,4.703,118.938,354.000,-47.375,-0.070,-0.004,0.621,0.953,4.605,-5.715,3.096,3.418,1.104,1.394,0,NULL,NULL,,3,0,2,7,255,1205,250,0,0
stim,135693,165814,0,165814,3363104.455,-0.744,-0.254,-0.095,-0.611,0,0,10,0,0,0,0,104,50,1.197,1,2192,0,381.369,4.144,144.938,351.063,-34.500,-0.070,0.066,0.703,0.992,4.023,-5.086,3.124,3.446,1.104,1.394,0,NULL,NULL,,3,0,2,7,255,1205,250,0,0
stim,135693,165814,0,165814,3363109.454,-0.746,-0.239,-0.089,-0.615,0,0,9,0,0,0,0,105,50,1.197,1,2192,0,385.768,4.380,165.750,347.125,-29.125,-0.078,0.164,0.848,1.730,4.023,-4.469,3.150,3.474,1.104,1.394,0,NULL,NULL,,3,0,2,7,255,1205,250,0,0
stim,135693,165814,0,165814,3363114.455,-0.748,-0.224,-0.082,-0.619,0,0,7,0,0,0,0,105,50,1.197,1,2192,0,386.879,5.255,175.563,343.750,-26.250,-0.023,0.141,0.945,2.875,4.398,-3.422,3.176,3.504,1.104,1.394,0,NULL,NULL,,3,0,2,7,255,1205,250,0,0
stim,135693,165814,0,165814,3363119.454,-0.750,-0.209,-0.077,-0.622,0,0,7,0,0,0,0,102,50,1.197,1,2192,0,386.617,5.255,183.813,339.875,-13.063,-0.008,0.086,0.992,2.875,4.398,-2.109,3.204,3.532,1.104,1.394,0,NULL,NULL,,3,0,2,7,255,1205,250,0,0
stim,135693,165814,0,165814,3363124.455,-0.753,-0.193,-0.071,-0.625,0,0,11,0,0,0,0,101,50,1.197,1,2192,0,389.171,5.244,195.813,336.313,-2.313,-0.035,0.137,1.063,2.855,4.398,-1.348,3.230,3.562,1.104,1.394,0,NULL,NULL,,3,0,2,7,255,1205,250,0,0
stim,135693,165814,0,165814,3363129.454,-0.755,-0.177,-0.066,-0.627,0,0,10,0,0,0,0,104,50,1.197,1,2192,0,392.576,5.251,207.000,333.563,1.750,-0.066,0.160,1.176,2.855,4.406,-0.777,3.256,3.588,1.104,1.394,0,NULL,NULL,,3,0,2,7,255,1205,250,0,0
stim,135720,165841,0,165841,3363134.455,-0.758,-0.161,-0.061,-0.629,0,0,9,0,0,0,0,100,50,1.197,1,2192,0,394.268,5.744,214.063,331.063,4.688,-0.090,0.164,1.340,3.063,4.859,0.281,3.280,3.614,1.104,1.394,0,NULL,NULL,,3,0,2,7,255,1205,250,0,0
stim,135720,165841,0,165841,3363139.454,-0.760,-0.145,-0.056,-0.631,0,0,9,0,0,0,0,99,50,1.197,1,2192,0,391.837,6.144,211.938,329.500,6.938,-0.109,0.168,1.504,3.152,5.273,1.883,3.302,3.640,1.104,1.394,0,NULL,NULL,,3,0,2,7,255,1205,250,0,0
stim,135720,165841,0,165841,3363144.455,-0.762,-0.129,-0.050,-0.633,0,0,12,0,0,0,0,101,50,1.197,1,2192,0,385.332,6.370,199.688,329.438,8.750,-0.133,0.152,1.617,3.152,5.535,3.559,3.322,3.662,1.104,1.394,0,NULL,NULL,,3,0,2,7,255,1205,250,0,0
stim,135720,165841,0,165841,3363149.454,-0.763,-0.114,-0.044,-0.634,0,0,17,0,0,0,0,105,50,1.197,1,2192,0,377.904,6.350,185.000,329.375,9.938,-0.172,0.141,1.684,2.977,5.609,4.789,3.340,3.680,1.104,1.394,0,NULL,NULL,,3,0,2,7,255,1205,250,0,0
stim,135720,165841,0,165841,3363154.455,-0.765,-0.099,-0.038,-0.636,0,0,16,0,0,0,0,109,50,1.197,1,2192,0,371.270,6.228,171.625,329.125,7.938,-0.207,0.145,1.730,2.707,5.609,5.566,3.354,3.698,1.104,1.394,0,NULL,NULL,,3,0,2,7,255,1205,250,0,0
stim,135720,165841,0,165841,3363159.454,-0.766,-0.085,-0.032,-0.637,0,0,21,0,0,0,0,115,50,1.197,1,2192,0,365.697,6.220,159.250,329.188,3.000,-0.211,0.164,1.801,2.688,5.609,6.148,3.366,3.710,1.104,1.394,0,NULL,NULL,,3,0,2,7,255,1205,250,0,0
stim,135720,165841,0,165841,3363164.455,-0.766,-0.071,-0.025,-0.638,0,0,21,0,0,0,0,119,50,1.197,1,2192,0,357.757,5.874,142.125,328.313,1.250,-0.203,0.125,1.820,2.570,5.281,6.969,3.374,3.718,1.104,1.394,0,NULL,NULL,,3,0,2,7,255,1205,250,0,0
stim,135720,165841,0,165841,3363169.454,-0.767,-0.058,-0.017,-0.639,0,0,20,0,0,0,0,121,50,1.197,1,2192,0,350.101,5.198,126.688,326.375,0.688,-0.203,0.074,1.797,2.246,4.688,7.379,3.376,3.722,1.104,1.394,0,NULL,NULL,,3,0,2,7,255,1205,250,0,0
stim,135739,165860,0,165860,3363174.455,-0.767,-0.044,-0.010,-0.640,0,0,21,0,0,0,0,121,50,1.197,1,2192,0,344.107,4.365,116.250,323.875,-0.500,-0.203,0.035,1.719,1.645,4.043,7.379,3.372,3.722,1.104,1.394,0,NULL,NULL,,3,0,2,7,255,1205,250,0,0
stim,135739,165860,0,165860,3363179.454,-0.767,-0.031,-0.002,-0.641,0,0,23,0,0,0,0,122,50,1.197,1,2192,0,340.275,3.571,115.875,319.938,-0.438,-0.211,0.008,1.656,1.098,3.398,6.766,3.362,3.714,1.104,1.394,0,NULL,NULL,,3,0,2,7,255,1205,250,0,0
stim,135739,165860,0,165860,3363184.455,-0.767,-0.018,0.005,-0.642,0,0,21,0,0,0,0,122,50,1.197,1,2192,0,337.491,2.963,121.625,314.813,-0.813,-0.219,0.008,1.656,0.715,2.875,6.359,3.346,3.698,1.104,1.394,0,NULL,NULL,,3,0,2,7,255,1205,250,0,0
stim,135739,165860,0,165860,3363189.454,-0.766,-0.005,0.012,-0.642,0,0,27,0,0,0,0,123,50,1.197,1,2192,0,335.141,2.555,129.000,309.313,-2.000,-0.207,-0.008,1.688,0.613,2.480,6.359,3.318,3.672,1.104,1.394,0,NULL,NULL,,3,0,2,7,255,1205,250,0,0
stim,135767,165888,0,165888,3363194.455,-0.766,0.008,0.018,-0.643,0,0,25,0,0,0,0,117,50,1.197,1,2192,0,334.053,1.926,137.500,304.438,-1.688,-0.195,-0.020,1.738,0.387,1.887,6.738,3.282,3.638,1.104,1.394,0,NULL,NULL,,3,0,2,7,255,1205,250,0,0
stim,135767,165888,0,165888,3363199.454,-0.765,0.021,0.024,-0.643,0,0,24,0,0,0,0,116,50,1.197,1,2192,0,334.663,1.260,148.063,300.125,-1.375,-0.184,-0.023,1.813,0.230,1.238,7.273,3.238,3.596,1.104,1.394,0,NULL,NULL,,3,0,2,7,255,1205,250,0,0
stim,135767,165888,0,165888,3363204.455,-0.764,0.035,0.030,-0.643,0,0,26,0,0,0,0,117,50,1.197,1,2192,0,336.876,0.620,159.313,296.813,-2.750,-0.148,-0.051,1.902,0.094,0.613,8.023,3.184,3.544,1.104,1.394,0,NULL,NULL,,3,0,2,7,255,1205,250,0,0
stim,135767,165888,0,165888,3363209.454,-0.763,0.049,0.035,-0.643,0,0,25,0,0,0,0,111,50,1.197,1,2192,0,340.173,0.430,169.250,295.063,-3.188,-0.082,-0.066,1.984,-0.258,-0.344,8.887,3.126,3.486,1.104,1.394,0,NULL,NULL,,3,0,2,7,255,1205,250,0,0
stim,135799,165920,0,165920,3363214.455,-0.762,0.063,0.039,-0.643,0,0,23,0,0,0,0,116,50,1.197,1,2192,0,345.618,1.688,179.750,295.188,-2.438,0.020,-0.063,2.047,-0.441,-1.629,9.590,3.060,3.424,1.104,1.394,0,NULL,NULL,,3,0,2,7,255,1205,250,0,0
stim,135799,165920,0,165920,3363219.454,-0.760,0.078,0.044,-0.643,0,0,26,0,0,0,0,111,50,1.197,1,2192,0,353.779,3.246,193.188,296.375,-0.250,0.148,-0.070,2.125,-0.449,-3.215,9.996,2.988,3.354,1.104,1.394,0,NULL,NULL,,3,0,2,7,255,1205,250,0,0
stim,135799,165920,0,165920,3363224.455,-0.759,0.093,0.048,-0.643,0,0,25,0,0,0,0,110,50,1.197,1,2192,0,363.759,5.160,206.625,299.375,1.188,0.328,-0.047,2.223,-0.449,-5.141,10.457,2.910,3.278,1.104,1.394,0,NULL,NULL,,3,0,2,7,255,1205,250,0,0
stim,135799,165920,0,165920,3363229.454,-0.757,0.109,0.052,-0.642,0,0,25,0,0,0,0,107,50,1.197,1,2192,0,375.452,7.569,220.063,304.188,2.563,0.547,-0.031,2.320,-0.324,-7.563,10.906,2.826,3.194,1.104,1.394,0,NULL,NULL,,3,0,2,7,255,1205,250,0,0
stim,135799,165920,0,165920,3363234.455,-0.755,0.125,0.055,-0.641,0,0,23,0,0,0,0,104,50,1.197,1,2192,0,387.075,10.430,233.438,308.625,9.188,0.750,-0.039,2.445,-0.301,-10.426,11.152,2.732,3.102,1.104,1.394,0,NULL,NULL,,3,0,2,7,255,1205,250,0,0
stim,135799,165920,0,165920,3363239.454,-0.753,0.142,0.059,-0.640,0,0,22,0,0,0,0,104,50,1.197,1,2192,0,395.259,13.265,240.563,313.063,18.750,0.922,-0.039,2.559,-0.301,-13.262,11.496,2.630,3.000,1.104,1.394,0,NULL,NULL,,3,0,2,7,255,1205,250,0,0
stim,135799,165920,0,165920,3363244.455,-0.751,0.159,0.062,-0.638,0,0,28,0,0,0,0,95,50,1.197,1,2192,0,399.943,15.822,244.500,314.875,32.063,1.035,-0.063,2.648,-0.430,-15.816,11.664,2.520,2.892,1.104,1.394,0,NULL,NULL,,3,0,2,7,255,1205,250,0,0
stim,135799,165920,0,165920,3363249.454,-0.750,0.175,0.066,-0.635,0,0,25,0,0,0,0,95,50,1.197,1,2192,0,401.615,17.858,246.438,314.188,43.000,1.102,-0.074,2.734,-0.895,-17.836,11.664,2.404,2.776,1.104,1.394,0,NULL,NULL,,3,0,2,7,255,1205,250,0,0
stim,135821,165942,0,165942,3363254.455,-0.748,0.192,0.069,-0.632,0,0,24,0,0,0,0,96,50,1.197,1,2192,0,396.856,19.443,241.688,311.188,47.375,1.141,-0.055,2.805,-1.309,-19.398,11.664,2.284,2.656,1.104,1.394,0,NULL,NULL,,3,0,2,7,255,1205,250,0,0
stim,135821,165942,0,165942,3363259.454,-0.746,0.208,0.072,-0.629,0,0,25,0,0,0,0,99,50,1.197,1,2192,0,383.065,20.635,226.000,305.438,48.688,1.145,-0.031,2.832,-1.473,-20.582,11.574,2.164,2.534,1.104,1.394,0,NULL,NULL,,3,0,2,7,255,1205,250,0,0
stim,135821,165942,0,165942,3363264.455,-0.744,0.223,0.076,-0.625,0,0,27,0,0,0,0,100,50,1.197,1,2192,0,362.006,21.367,205.000,294.563,47.500,1.180,0.031,2.848,-1.473,-21.316,11.215,2.038,2.408,1.104,1.394,0,NULL,NULL,,3,0,2,7,255,1205,250,0,0
stim,135821,165942,0,165942,3363269.454,-0.742,0.237,0.080,-0.622,0,0,27,0,0,0,0,105,50,1.197,1,2192,0,337.902,22.246,184.188,280.813,37.375,1.348,0.070,2.879,-1.176,-22.215,10.742,1.908,2.278,1.104,1.394,0,NULL,NULL,,3,0,2,7,255,1205,250,0,0
stim,135852,165973,0,165973,3363274.455,-0.740,0.249,0.084,-0.619,0,0,24,0,0,0,0,123,50,1.197,1,2192,0,308.889,24.326,155.438,265.438,28.188,1.582,-0.016,2.848,-1.113,-24.301,9.801,1.776,2.144,1.104,1.394,0,NULL,NULL,,3,0,2,7,255,1205,250,0,0
stim,135852,165973,0,165973,3363279.454,-0.738,0.260,0.089,-0.616,0,0,27,0,0,0,0,138,50,1.197,1,2192,0,277.670,26.769,119.500,248.875,29.688,1.809,-0.215,2.664,-1.113,-26.746,7.715,1.642,2.008,1.104,1.394,0,NULL,NULL,,3,0,2,7,255,1205,250,0,0
stim,135852,165973,0,165973,3363284.455,-0.737,0.269,0.093,-0.613,0,0,24,0,0,0,0,148,50,1.197,1,2192,0,250.672,28.510,89.375,231.375,36.250,1.957,-0.422,2.316,-2.289,-28.418,4.039,1.508,1.870,1.104,1.394,0,NULL,NULL,,3,0,2,7,255,1205,250,0,0
stim,135852,165973,0,165973,3363289.454,-0.736,0.277,0.098,-0.610,0,0,22,0,0,0,0,157,50,1.197,1,2192,0,230.119,28.610,80.000,212.438,37.750,2.082,-0.574,1.961,-3.309,-28.418,-0.621,1.366,1.726,1.104,1.394,0,NULL,NULL,,3,0,2,7,255,1205,250,0,0
stim,135852,165973,0,165973,3363294.455,-0.735,0.286,0.101,-0.607,0,0,13,0,0,0,0,168,50,1.197,1,2192,0,218.961,28.210,93.750,195.063,33.250,2.254,-0.559,1.664,-3.309,-28.016,-5.094,1.222,1.578,1.104,1.394,0,NULL,NULL,,3,0,2,7,255,1205,250,0,0
stim,135852,165973,0,165973,3363299.454,-0.733,0.294,0.104,-0.605,0,0,12,0,0,0,0,190,50,1.197,1,2192,0,212.613,28.218,116.375,177.313,14.875,2.469,-0.699,1.605,-3.375,-28.016,-8.789,1.076,1.426,1.104,1.394,0,NULL,NULL,,3,0,2,7,255,1205,250,0,0
stim,135852,165973,0,165973,3363304.455,-0.731,0.301,0.106,-0.603,0,0,18,0,0,0,0,202,50,1.197,1,2192,0,187.300,29.704,100.750,157.063,16.188,2.934,-1.031,1.625,-3.375,-29.512,-11.207,0.930,1.272,1.104,1.394,0,NULL,NULL,,3,0,2,7,255,1205,250,0,0
stim,135904,166025,0,166025,3363309.454,-0.731,0.307,0.108,-0.600,0,0,17,0,0,0,0,203,50,1.197,1,2192,0,158.772,33.860,67.375,136.125,46.250,3.258,-0.855,1.656,-3.375,-33.691,-14.824,0.784,1.114,1.104,1.394,0,NULL,NULL,,3,0,2,7,255,1205,250,0,0
stim,135904,166025,0,166025,3363314.455,-0.731,0.313,0.110,-0.597,0,0,11,0,0,0,0,235,50,1.197,1,2192,0,150.359,34.110,58.063,122.188,65.625,3.172,-1.363,0.969,-5.324,-33.691,-16.203,0.646,0.958,1.104,1.394,0,NULL,NULL,,3,0,2,7,255,1205,250,0,0
stim,135904,166025,0,166025,3363319.454,-0.730,0.319,0.109,-0.595,0,0,13,0,0,0,0,246,50,1.197,1,2192,0,162.231,32.701,123.250,96.688,42.188,3.230,-1.641,0.750,-6.254,-32.098,-22.961,0.522,0.806,1.104,1.394,0,NULL,NULL,,3,0,2,7,255,1205,250,0,0
stim,135904,166025,0,166025,3363324.455,-0.728,0.327,0.106,-0.594,0,0,17,0,0,0,0,250,50,1.197,1,2192,0,189.556,33.113,175.500,65.500,29.000,3.289,-1.918,0.961,-8.137,-32.098,-26.176,0.432,0.666,1.104,1.394,0,NULL,NULL,,3,0,2,7,255,1205,250,0,0
stim,135904,166025,0,166025,3363329.454,-0.726,0.335,0.101,-0.593,0,0,12,0,0,0,0,263,50,1.197,1,2192,0,213.923,34.932,205.625,34.313,48.000,3.438,-1.941,1.406,-10.914,-33.184,-26.176,0.380,0.540,1.104,1.394,0,NULL,NULL,,3,0,2,7,255,1205,250,0,0
stim,135904,166025,0,166025,3363334.455,-0.725,0.342,0.094,-0.590,0,0,12,0,0,0,0,263,50,1.197,1,2192,0,237.887,38.304,217.750,-4.375,95.688,3.074,-1.672,1.902,-11.164,-36.641,-24.086,0.370,0.428,1.104,1.394,0,NULL,NULL,,3,0,2,7,255,1205,250,0,0
stim,135904,166025,0,166025,3363339.454,-0.725,0.347,0.086,-0.589,0,0,11,0,0,0,0,267,50,1.197,1,2192,0,225.889,38.304,195.375,-47.250,103.063,2.430,-1.125,2.590,-11.164,-36.641,-17.863,0.394,0.342,1.104,1.394,0,NULL,NULL,,3,0,2,7,255,1205,250,0,0
stim,135904,166025,0,166025,3363344.455,-0.724,0.350,0.080,-0.589,0,0,10,0,0,0,0,243,50,1.197,1,2192,0,163.851,36.540,136.750,-79.188,43.313,1.848,-0.742,2.742,-9.750,-35.215,-7.523,0.434,0.298,1.104,1.394,0,NULL,NULL,,3,0,2,7,255,1205,250,0,0
stim,135904,166025,0,166025,3363349.454,-0.723,0.350,0.074,-0.591,0,0,0,0,0,0,0,401,50,1.197,1,2192,0,147.448,32.367,96.938,-109.500,-18.813,1.723,-0.570,2.773,-8.645,-31.191,-1.922,0.464,0.300,1.104,1.394,0,NULL,NULL,,3,0,2,7,255,1205,250,0,0
stim,135904,166025,0,166025,3363354.455,-0.723,0.353,0.058,-0.591,240,0,0,469,0,39,0,552,50,1.197,1,2192,0,359.861,31.330,261.063,-205.000,139.000,-0.137,-1.406,4.664,-8.645,-30.113,-0.234,0.468,0.338,1.104,1.394,0,NULL,NULL,,3,0,2,7,255,1205,250,0,0
stim,135904,166025,0,166025,3363359.454,-0.732,0.359,0.032,-0.578,921,0,0,1227,0,271,0,573,50,1.197,1,2192,0,713.652,31.540,360.250,-285.313,546.000,-0.500,2.297,8.238,-9.379,-30.113,19.672,0.468,0.388,1.104,1.394,0,NULL,NULL,,3,0,2,7,255,1205,250,0,0
stim,135938,166059,0,166059,3363364.455,-0.752,0.332,0.042,-0.567,1509,0,0,1685,0,565,0,631,50,1.197,1,2192,0,836.193,28.048,-756.375,-120.125,335.688,-2.102,3.426,5.152,-9.379,-26.434,53.516,0.484,0.432,1.104,1.394,0,NULL,NULL,,3,0,2,7,255,1205,250,0,0
stim,135938,166059,0,166059,3363369.454,-0.769,0.292,0.065,-0.564,1963,0,0,1911,0,858,0,717,50,1.197,1,2193,0,1126.696,9.769,-1117.375,-131.938,59.250,-2.059,3.766,-0.098,8.113,-5.441,53.516,0.508,0.470,1.104,1.394,1,1202.000,-3.000,,3,0,2,7,255,1205,250,0,0
stim,135938,166059,0,166059,3363374.455,-0.777,0.265,0.080,-0.565,2199,0,0,2075,0,1071,0,803,50,1.197,1,2193,0,745.110,34.715,-737.688,-89.063,-55.438,-1.902,2.984,-2.613,24.207,24.883,11.035,0.528,0.500,1.104,1.394,1,NULL,NULL,,3,0,2,7,255,1205,250,0,0
stim,135938,166059,0,166059,3363379.454,-0.777,0.252,0.085,-0.570,2392,0,0,2167,0,1273,0,895,50,1.197,1,2193,0,335.794,34.715,-275.625,-114.250,-154.063,-0.629,0.703,-1.863,24.207,24.883,-15.195,0.526,0.516,1.104,1.394,1,NULL,NULL,,3,0,2,7,255,1205,250,0,0
stim,135938,166059,0,166059,3363384.455,-0.776,0.249,0.082,-0.575,2537,0,0,2317,0,1431,0,1017,50,1.197,1,2193,0,149.316,16.919,-4.438,-119.438,-89.500,0.523,-0.465,0.516,6.582,15.586,-15.195,0.490,0.510,1.104,1.394,1,NULL,NULL,,3,0,2,7,255,1205,250,0,0
stim,135938,166059,0,166059,3363389.454,-0.778,0.245,0.077,-0.573,2715,0,0,2555,0,1545,0,1087,50,1.197,1,2193,0,143.455,10.269,-13.500,-118.813,79.250,0.758,1.359,1.336,6.582,-7.883,-8.734,0.436,0.496,1.104,1.394,2,NULL,NULL,,3,0,2,7,255,1205,250,0,0
stim,135938,166059,0,166059,3363394.455,-0.786,0.239,0.073,-0.566,2853,0,0,2731,0,1559,0,1145,50,1.197,1,2193,0,299.789,8.028,-127.250,-149.500,226.563,-1.090,0.789,1.492,1.520,-7.883,2.234,0.392,0.476,1.104,1.394,2,NULL,NULL,,3,0,2,7,255,1205,250,0,0
stim,135975,166096,0,166096,3363399.454,-0.795,0.223,0.073,-0.560,2927,0,0,2843,0,1565,0,1274,50,1.197,1,2193,0,431.314,4.731,-332.000,-189.625,199.625,-2.523,-0.891,1.074,1.520,4.480,6.574,0.358,0.438,1.104,1.394,2,NULL,NULL,,3,0,2,7,255,1205,250,0,0
stim,135994,166115,0,166115,3363404.455,-0.796,0.207,0.076,-0.563,2979,0,0,2932,0,1547,0,1380,50,1.197,1,2193,0,383.385,23.079,-327.375,-177.563,-91.000,-2.480,-1.496,-0.133,-18.273,14.098,6.574,0.336,0.382,1.104,1.394,2,NULL,NULL,,3,0,2,7,255,1205,250,0,0
stim,135994,166115,0,166115,3363409.454,-0.793,0.196,0.075,-0.572,3019,0,0,3007,0,1531,0,1475,50,1.197,1,2193,0,346.352,23.079,-169.313,-191.375,-233.813,-0.652,-0.992,-0.238,-18.273,14.098,-5.551,0.328,0.318,1.104,1.394,2,NULL,NULL,,3,0,2,7,255,1205,250,0,0
stim,135994,166115,0,166115,3363414.455,-0.788,0.190,0.070,-0.581,3051,0,0,3051,0,1523,0,1519,50,1.197,1,2193,0,291.200,11.792,-12.875,-190.563,-219.813,0.742,-1.094,0.918,-11.188,3.727,-5.945,0.328,0.258,1.104,1.394,2,NULL,NULL,,3,0,2,7,255,1205,250,0,0
stim,135994,166115,0,166115,3363419.454,-0.786,0.185,0.065,-0.586,3069,0,0,3095,0,1544,0,1516,50,1.197,1,2193,0,189.616,16.871,-4.125,-165.438,-92.563,1.535,-1.512,1.844,-11.102,-12.703,-5.945,0.326,0.212,1.104,1.394,2,NULL,NULL,,3,0,2,7,255,1205,250,0,0
stim,135994,166115,0,166115,3363424.455,-0.789,0.178,0.062,-0.584,3090,0,0,3127,0,1605,0,1509,50,1.197,1,2193,0,189.032,26.323,-86.063,-155.063,65.438,1.531,-1.875,2.012,-11.102,-23.867,-0.586,0.316,0.190,1.104,1.394,2,NULL,NULL,,3,0,2,7,255,1205,250,0,0
stim,135994,166115,0,166115,3363429.454,-0.797,0.169,0.060,-0.577,3112,0,0,3164,0,1721,0,1493,50,1.197,1,2193,0,312.506,27.354,-182.563,-136.438,213.813,0.727,-1.586,1.379,-13.363,-23.867,-0.586,0.312,0.184,1.104,1.394,2,NULL,NULL,,3,0,2,7,255,1205,250,0,0
stim,136019,166141,0,166141,3363434.455,-0.805,0.160,0.058,-0.568,3117,0,0,3179,0,1843,27,1529,50,1.197,1,2193,0,357.097,20.397,-185.625,-135.000,273.563,-0.566,-0.684,0.570,-13.363,-15.410,-1.844,0.312,0.178,1.104,1.394,2,NULL,NULL,,3,0,2,7,255,1205,250,0,0
stim,136019,166141,0,166141,3363439.454,-0.811,0.152,0.056,-0.563,3117,0,0,3191,0,1961,59,1611,50,1.197,1,2193,0,263.210,8.687,-150.000,-145.188,160.313,-1.695,0.125,0.699,-8.625,1.035,-1.844,0.320,0.170,1.104,1.394,2,NULL,NULL,,3,0,2,7,255,1205,250,0,0
stim,136019,166141,0,166141,3363444.455,-0.812,0.145,0.052,-0.563,3117,0,0,3184,0,2075,72,1689,50,1.197,1,2193,0,180.714,9.207,-79.188,-160.813,22.938,-0.750,0.629,0.383,-5.297,7.531,-3.496,0.334,0.160,1.104,1.394,2,NULL,NULL,,3,0,2,7,255,1205,250,0,0
stim,136019,166141,0,166141,3363449.454,-0.812,0.140,0.047,-0.564,3127,0,0,3195,0,2172,97,1754,50,1.197,1,2193,0,169.510,7.710,-34.500,-164.125,-24.625,-0.379,0.410,1.297,1.652,7.531,1.270,0.350,0.150,1.104,1.394,2,NULL,NULL,,3,0,2,7,255,1205,250,0,0
stim,136019,166141,0,166141,3363454.455,-0.812,0.133,0.044,-0.566,3124,0,0,3195,0,2277,145,1932,50,1.197,1,2193,0,182.410,2.019,-91.750,-153.750,-34.875,0.047,0.070,1.578,1.652,1.160,3.855,0.370,0.140,1.104,1.394,2,NULL,NULL,,3,0,2,7,255,1205,250,0,0
stim,136020,166141,0,166141,3363459.454,-0.813,0.125,0.042,-0.567,3115,0,0,3195,227,2343,269,2092,50,1.197,1,2193,0,188.742,4.215,-125.188,-140.313,-16.250,0.289,-0.262,1.281,-0.066,-4.215,3.855,0.392,0.122,1.104,1.394,2,NULL,NULL,,3,0,2,7,255,1205,250,0,0
stim,136020,166141,0,166141,3363464.455,-0.813,0.120,0.041,-0.569,3115,0,0,3192,551,2375,255,2191,50,1.197,1,2193,0,118.077,6.846,-71.000,-86.438,-37.813,0.512,-0.477,1.633,-2.027,-6.539,4.168,0.414,0.102,1.104,1.394,2,NULL,NULL,,3,0,2,7,255,1205,250,0,0
stim,136020,166141,0,166141,3363469.454,-0.812,0.118,0.040,-0.570,3123,0,0,3193,806,2403,264,2255,50,1.197,1,2193,0,74.501,10.115,-38.063,-55.938,-31.188,0.926,0.066,0.902,-2.027,-9.910,1.430,0.432,0.082,1.104,1.394,2,NULL,NULL,,3,0,2,7,255,1205,250,0,0
stim,136039,166160,0,166160,3363474.455,-0.812,0.117,0.038,-0.570,3116,0,0,3192,1011,2423,267,2313,50,1.197,1,2193,0,55.942,10.449,21.625,-51.125,-6.938,0.594,0.770,1.414,3.313,-9.910,3.422,0.446,0.066,1.104,1.394,2,NULL,NULL,,3,0,2,7,255,1205,250,0,0
stim,136039,166160,0,166160,3363479.454,-0.812,0.115,0.038,-0.571,3115,17,0,3195,1125,2456,285,2359,50,1.197,1,2193,0,57.814,6.864,-45.188,-25.375,-25.625,-0.246,0.258,1.957,3.313,-6.012,3.422,0.452,0.058,1.104,1.394,2,NULL,NULL,,3,0,2,7,255,1205,250,0,0
stim,136039,166160,0,166160,3363484.455,-0.812,0.110,0.040,-0.572,3127,23,0,3209,1224,2461,283,2407,50,1.197,1,2193,0,129.858,2.093,-123.688,-18.188,-35.125,0.000,-0.020,0.875,0.699,-1.973,3.422,0.458,0.054,1.104,1.394,2,NULL,NULL,,3,0,2,7,255,1205,250,0,0
stim,136039,166160,0,166160,3363489.454,-0.811,0.107,0.042,-0.574,3123,38,0,3209,1294,2470,282,2439,50,1.197,1,2193,0,76.178,1.349,-63.313,-15.938,-39.250,-0.258,0.004,0.605,-0.543,-1.234,-1.449,0.466,0.048,1.104,1.394,2,NULL,NULL,,3,0,2,7,255,1205,250,0,0
stim,136061,166182,0,166182,3363494.455,-0.809,0.106,0.042,-0.577,3113,61,0,3195,1399,2485,285,2460,50,1.197,1,2193,0,81.135,0.720,-10.188,-14.438,-79.188,-0.145,0.148,1.059,-0.543,-0.473,-1.449,0.478,0.038,1.104,1.394,2,NULL,NULL,,3,0,2,7,255,1205,250,0,0
stim,136061,166182,0,166182,3363499.454,-0.807,0.104,0.042,-0.580,3127,91,0,3195,1495,2492,285,2491,50,1.197,1,2193,0,89.899,0.726,-26.813,-12.188,-84.938,0.082,0.113,1.191,0.551,-0.473,0.742,0.488,0.028,1.104,1.394,2,NULL,NULL,,3,0,2,7,255,1205,250,0,0
stim,136061,166182,0,166182,3363504.455,-0.806,0.102,0.044,-0.581,3119,108,0,3199,1563,2509,285,2495,50,1.197,1,2193,0,78.763,2.950,-60.875,-8.500,-49.250,0.199,-0.258,1.043,0.551,-2.898,0.742,0.496,0.022,1.104,1.394,2,NULL,NULL,,3,0,2,7,255,1205,250,0,0
stim,136061,166182,0,166182,3363509.454,-0.806,0.099,0.045,-0.582,3113,123,0,3195,1613,2509,296,2507,50,1.197,1,2193,0,61.926,3.544,-59.688,-6.875,-15.000,-0.055,-0.305,0.754,-2.039,-2.898,-0.383,0.504,0.018,1.104,1.394,2,NULL,NULL,,3,0,2,7,255,1205,250,0,0
stim,136103,166224,0,166224,3363514.455,-0.806,0.098,0.046,-0.582,3115,153,0,3192,1657,2525,297,2525,50,1.197,1,2193,0,35.022,2.859,-27.063,-7.813,-20.813,-0.230,-0.023,0.805,-2.039,-2.004,-1.688,0.512,0.012,1.104,1.394,2,NULL,NULL,,3,0,2,7,255,1205,250,0,0
stim,136103,166224,0,166224,3363519.454,-0.805,0.098,0.046,-0.584,3115,187,0,3196,1708,2519,295,2537,50,1.197,1,2193,0,43.929,1.112,-9.938,-8.500,-41.938,-0.164,0.105,1.000,-1.090,-0.219,-1.688,0.520,0.006,1.104,1.394,2,NULL,NULL,,3,0,2,7,255,1205,250,0,0
stim,136103,166224,0,166224,3363524.455,-0.804,0.096,0.046,-0.585,3123,190,0,3207,1743,2531,295,2542,50,1.197,1,2193,0,46.577,0.347,-15.375,-7.188,-43.375,0.000,-0.008,1.059,-0.270,-0.219,0.172,0.528,0.000,1.104,1.394,2,NULL,NULL,,3,0,2,7,255,1205,250,0,0
stim,136103,166224,0,166224,3363529.454,-0.803,0.096,0.046,-0.586,3123,220,19,3208,1767,2535,284,2547,50,1.197,1,2193,0,31.932,2.192,-21.188,-5.750,-23.188,0.082,-0.125,1.008,-0.270,-2.176,0.172,0.000,0.000,1.104,1.394,2,NULL,NULL,,3,0,2,7,255,1205,250,0,0
stim,136103,166224,0,166224,3363534.455,-0.803,0.095,0.046,-0.586,3123,232,37,3208,1786,2543,275,2542,50,1.197,1,2193,0,15.970,2.418,-15.000,-3.813,-3.938,-0.012,-0.094,0.938,-1.055,-2.176,-0.352,0.000,0.000,1.104,1.394,2,NULL,NULL,,3,0,2,7,255,1205,250,0,0
stim,136103,166224,0,166224,3363539.454,-0.803,0.094,0.046,-0.586,3120,225,36,3213,1800,2539,260,2548,50,1.197,1,2193,0,5.203,2.303,-4.250,-2.438,-1.750,-0.105,-0.016,0.977,-1.055,-2.047,-0.352,0.000,0.000,1.104,1.394,2,NULL,NULL,,3,0,2,7,255,1205,250,0,0
stim,136103,166224,0,166224,3363544.455,-0.803,0.094,0.046,-0.587,3128,219,42,3199,1817,2547,245,2547,50,1.194,1,2193,1,5.340,1.191,-1.500,-1.375,-4.938,-0.121,-0.008,1.027,-0.602,-1.027,-0.238,0.000,0.000,1.101,1.427,2,NULL,NULL,,3,0,2,7,255,1205,250,0,0
stim,136103,166224,0,166224,3363549.454,-0.803,0.094,0.046,-0.587,3119,214,94,3195,1820,2539,245,2555,50,1.194,1,2193,1,5.496,1.185,-2.250,-0.875,-4.938,-0.102,0.008,1.023,-0.590,-1.027,0.223,0.006,0.004,1.101,1.427,2,NULL,NULL,,3,0,2,7,255,1205,250,0,0
stim,136121,166242,0,166242,3363554.455,-0.803,0.094,0.046,-0.587,3116,199,119,3199,1822,2551,248,2547,50,1.194,1,2193,1,1.724,1.160,-0.875,-0.375,-1.438,-0.094,0.023,1.020,-0.387,-1.094,0.223,0.010,0.006,1.101,1.427,2,NULL,NULL,,3,0,2,7,255,1205,250,0,0
stim,136121,166242,0,166242,3363559.454,-0.803,0.094,0.046,-0.587,3125,180,124,3197,1832,2537,229,2544,50,1.194,1,2193,1,1.951,1.114,1.125,-0.313,1.563,-0.129,0.047,1.020,-0.211,-1.094,0.223,0.016,0.010,1.101,1.427,2,NULL,NULL,,3,0,2,7,255,1205,250,0,0
stim,136121,166242,0,166242,3363564.455,-0.803,0.094,0.046,-0.587,3112,175,131,3193,1831,2535,204,2541,50,1.194,1,2193,1,1.427,0.720,1.313,-0.250,0.500,-0.148,0.051,1.027,-0.113,-0.711,0.262,0.024,0.016,1.101,1.427,2,NULL,NULL,,3,0,2,7,255,1205,250,0,0
stim,136121,166242,0,166242,3363569.454,-0.803,0.094,0.046,-0.587,3111,173,132,3181,1833,2531,183,2537,50,1.194,1,2193,1,0.948,0.532,0.625,-0.688,-0.188,-0.152,0.051,1.020,-0.113,-0.520,0.277,0.030,0.020,1.101,1.427,2,NULL,NULL,,3,0,2,7,255,1205,250,0,0
stim,136150,166272,0,166272,3363574.455,-0.803,0.093,0.046,-0.587,3109,155,133,3180,1829,2533,175,2539,50,1.194,1,2193,1,1.877,0.503,1.188,-1.313,-0.625,-0.152,0.035,1.000,-0.148,-0.480,0.277,0.036,0.026,1.101,1.427,2,NULL,NULL,,3,0,2,7,255,1205,250,0,0
stim,136150,166272,0,166272,3363579.454,-0.803,0.093,0.046,-0.587,3109,150,135,3174,1832,2535,165,2542,50,1.194,1,2193,1,3.009,0.553,2.188,-2.063,-0.125,-0.148,0.023,0.988,-0.273,-0.480,0.105,0.040,0.030,1.101,1.427,2,NULL,NULL,,3,0,2,7,255,1205,250,0,0
stim,136151,166272,0,166272,3363584.455,-0.803,0.093,0.046,-0.587,3097,142,138,3165,1823,2527,165,2534,50,1.194,1,2193,1,4.938,0.631,3.688,-3.063,1.188,-0.148,0.020,0.977,-0.391,-0.496,-0.051,0.046,0.034,1.101,1.427,2,NULL,NULL,,3,0,2,7,255,1205,250,0,0
stim,136151,166272,0,166272,3363589.454,-0.803,0.093,0.045,-0.587,3095,135,139,3171,1819,2520,167,2530,50,1.194,1,2193,1,7.215,0.646,5.500,-4.125,2.188,-0.152,0.020,0.977,-0.414,-0.496,-0.137,0.050,0.038,1.101,1.427,2,NULL,NULL,,3,0,2,7,255,1205,250,0,0
stim,136151,166272,0,166272,3363594.455,-0.803,0.094,0.045,-0.587,3087,125,138,3153,1815,2521,160,2531,50,1.194,1,2193,1,9.530,0.634,7.375,-5.125,3.188,-0.148,0.027,0.973,-0.414,-0.480,-0.156,0.056,0.042,1.101,1.427,2,NULL,NULL,,3,0,2,7,255,1205,250,0,0
stim,136151,166272,1,166272,3363599.454,-0.803,0.094,0.044,-0.587,3076,96,133,3135,1811,2517,163,2530,50,1.194,1,2193,1,12.408,0.598,9.875,-6.063,4.438,-0.145,0.035,0.973,-0.355,-0.480,-0.188,0.060,0.046,1.101,1.427,2,NULL,NULL,,3,1,2,7,255,1205,250,0,0
stim,136198,166319,1,166319,3363604.455,-0.803,0.094,0.044,-0.586,3083,77,139,3135,1811,2506,157,2531,50,1.194,1,2193,1,15.171,0.539,12.375,-6.938,5.375,-0.141,0.078,0.988,-0.266,-0.469,-0.188,0.064,0.048,1.101,1.427,2,NULL,NULL,,3,1,2,7,255,1205,250,0,0
stim,136198,166319,1,166319,3363609.454,-0.803,0.094,0.043,-0.586,3056,75,150,3119,1809,2491,153,2527,50,1.194,1,2193,1,16.284,0.461,11.625,-7.938,8.188,-0.133,0.105,1.016,0.121,-0.445,0.004,0.066,0.050,1.101,1.427,2,NULL,NULL,,3,1,2,7,255,1205,250,0,0
stim,136198,166319,1,166319,3363614.455,-0.804,0.094,0.042,-0.586,3046,75,152,3104,1813,2487,153,2533,50,1.194,1,2193,1,16.855,0.579,9.375,-8.750,10.938,-0.156,0.113,1.008,0.379,-0.438,0.250,0.066,0.052,1.101,1.427,2,NULL,NULL,,3,1,2,7,255,1205,250,0,0
stim,136198,166319,1,166319,3363619.454,-0.804,0.094,0.042,-0.586,3033,73,157,3095,1813,2483,152,2533,50,1.194,1,2193,1,16.210,0.440,8.938,-9.563,9.563,-0.188,0.148,1.000,0.395,-0.195,0.250,0.066,0.050,1.101,1.427,2,NULL,NULL,,3,1,2,7,255,1205,250,0,0
stim,136198,166319,1,166319,3363624.455,-0.804,0.095,0.041,-0.585,3023,71,167,3087,1817,2475,155,2537,50,1.194,1,2193,1,14.661,0.630,9.438,-10.250,4.563,-0.188,0.188,1.008,0.598,0.199,0.250,0.066,0.048,1.101,1.427,2,NULL,NULL,,3,1,2,7,255,1205,250,0,0
stim,136198,166319,1,166319,3363629.454,-0.804,0.095,0.040,-0.585,3013,71,181,3067,1832,2473,157,2543,50,1.194,1,2193,1,13.014,0.962,7.313,-10.750,0.563,-0.168,0.188,1.031,0.941,0.199,0.355,0.064,0.046,1.101,1.427,2,NULL,NULL,,3,1,2,7,255,1205,250,0,0
stim,136198,166319,1,166319,3363634.455,-0.804,0.095,0.040,-0.586,2996,70,184,3053,1846,2473,169,2549,50,1.194,1,2193,1,11.486,1.004,2.813,-11.125,-0.500,-0.152,0.188,1.031,1.000,0.086,0.516,0.062,0.044,1.101,1.427,2,NULL,NULL,,3,1,2,7,255,1205,250,0,0
stim,136198,166319,1,166319,3363639.454,-0.804,0.094,0.039,-0.586,2983,74,211,3045,1873,2471,184,2557,50,1.194,1,2193,1,11.606,1.031,-0.125,-11.563,-1.000,-0.160,0.207,1.020,1.027,0.086,0.516,0.060,0.040,1.101,1.427,2,NULL,NULL,,3,1,2,7,255,1205,250,0,0
stim,136198,166319,1,166319,3363644.455,-0.804,0.094,0.039,-0.586,2965,75,228,3027,1901,2471,211,2577,50,1.194,1,2193,1,12.581,1.180,-1.625,-11.938,-3.625,-0.172,0.227,1.023,1.172,0.137,0.500,0.058,0.036,1.101,1.427,2,NULL,NULL,,3,1,2,7,255,1205,250,0,0
stim,136198,166319,1,166319,3363649.454,-0.804,0.094,0.038,-0.586,2939,75,262,3015,1933,2471,236,2583,50,1.194,1,2193,1,14.981,1.328,-3.063,-12.250,-8.063,-0.148,0.254,1.039,1.320,0.145,0.500,0.056,0.030,1.101,1.427,2,NULL,NULL,,3,1,2,7,255,1205,250,0,0
stim,136220,166341,1,166341,3363654.455,-0.804,0.093,0.038,-0.586,2927,79,318,3003,1973,2471,261,2592,50,1.194,1,2193,1,16.630,1.651,-6.625,-11.625,-9.875,-0.129,0.250,1.051,1.645,0.145,0.645,0.054,0.022,1.101,1.427,2,NULL,NULL,,3,1,2,7,255,1205,250,0,0
stim,136220,166341,1,166341,3363659.454,-0.804,0.093,0.038,-0.587,2905,99,375,2989,2013,2475,309,2603,50,1.194,1,2193,1,18.159,1.647,-10.813,-11.813,-8.563,-0.145,0.242,1.035,1.645,0.094,0.645,0.050,0.018,1.101,1.427,2,NULL,NULL,,3,1,2,7,255,1205,250,0,0
stim,136220,166341,1,166341,3363664.455,-0.803,0.092,0.038,-0.587,2887,121,466,2973,2045,2474,329,2618,50,1.194,1,2193,1,20.754,1.561,-12.375,-11.813,-11.750,-0.172,0.223,1.027,1.559,0.094,0.570,0.050,0.012,1.101,1.427,2,NULL,NULL,,3,1,2,7,255,1205,250,0,0
stim,136220,166341,1,166341,3363669.454,-0.803,0.092,0.038,-0.588,2864,133,543,2963,2088,2475,367,2631,50,1.194,1,2193,1,25.261,1.325,-13.438,-11.938,-17.750,-0.191,0.176,1.012,1.289,0.305,0.543,0.050,0.012,1.101,1.427,2,NULL,NULL,,3,1,2,7,255,1205,250,0,0
stim,136241,166362,1,166362,3363674.455,-0.802,0.091,0.037,-0.589,2839,149,632,2943,2141,2475,409,2643,50,1.194,1,2193,1,29.932,1.325,-13.375,-11.875,-24.000,-0.141,0.215,1.000,1.289,0.305,0.375,0.052,0.014,1.101,1.427,2,NULL,NULL,,3,1,2,7,255,1205,250,0,0
stim,136241,166362,1,166362,3363679.454,-0.802,0.090,0.037,-0.590,2813,169,687,2932,2203,2475,467,2653,50,1.194,1,2193,1,34.171,0.829,-11.500,-10.438,-30.438,-0.125,0.121,1.004,0.824,0.086,0.188,0.052,0.018,1.101,1.427,2,NULL,NULL,,3,1,2,7,255,1205,250,0,0
stim,136241,166362,1,166362,3363684.455,-0.801,0.089,0.037,-0.591,2785,197,767,2921,2260,2475,529,2663,50,1.194,1,2193,1,37.611,0.612,-18.313,-9.938,-31.313,-0.109,0.086,1.020,0.523,-0.316,0.188,0.054,0.022,1.101,1.427,2,NULL,NULL,,3,1,2,7,255,1205,250,0,0
stim,136241,166362,1,166362,3363689.454,-0.800,0.088,0.038,-0.592,2761,243,900,2907,2316,2475,605,2669,50,1.194,1,2193,1,41.846,0.398,-20.750,-9.313,-35.125,-0.168,0.023,0.992,0.242,-0.316,0.145,0.056,0.026,1.101,1.427,2,NULL,NULL,,3,1,2,7,255,1205,250,0,0
stim,136268,166389,1,166389,3363694.455,-0.799,0.087,0.038,-0.593,2739,251,999,2894,2335,2475,695,2679,50,1.194,1,2193,1,51.236,0.762,-25.250,-8.250,-43.813,-0.105,-0.004,0.953,-0.492,-0.582,0.051,0.056,0.026,1.101,1.427,2,NULL,NULL,,3,1,2,7,255,1205,250,0,0
stim,136268,166389,1,166389,3363699.454,-0.798,0.085,0.039,-0.595,2717,259,1109,2884,2366,2477,823,2686,50,1.194,1,2193,1,44.179,0.891,-22.375,-9.313,-36.938,-0.109,-0.016,0.953,-0.527,-0.719,-0.457,0.056,0.026,1.101,1.427,2,NULL,NULL,,3,1,2,7,255,1205,250,0,0
stim,136302,166423,1,166423,3363704.455,-0.797,0.084,0.039,-0.596,2683,264,1211,2871,2408,2479,924,2699,50,1.194,1,2193,1,45.143,0.945,-19.438,-7.750,-40.000,-0.133,-0.031,0.957,-0.613,-0.719,-0.457,0.056,0.026,1.101,1.427,2,NULL,NULL,,3,1,2,7,255,1205,250,0,0
stim,136302,166423,1,166423,3363709.454,-0.797,0.083,0.039,-0.598,2657,269,1305,2859,2439,2479,1019,2708,50,1.194,1,2193,1,47.300,1.008,-22.938,-9.000,-40.375,-0.105,-0.027,0.988,-0.695,-0.730,-0.379,0.056,0.026,1.101,1.427,2,NULL,NULL,,3,1,2,7,255,1205,250,0,0
stim,136302,166423,1,166423,3363714.455,-0.796,0.082,0.040,-0.599,2617,280,1415,2844,2473,2483,1141,2718,50,1.194,1,2193,1,44.553,1.103,-26.438,-9.563,-34.563,-0.117,-0.043,0.969,-0.840,-0.715,-0.285,0.058,0.026,1.101,1.427,2,NULL,NULL,,3,1,2,7,255,1205,250,0,0
stim,136302,166423,1,166423,3363719.454,-0.795,0.080,0.041,-0.600,2581,317,1527,2827,2503,2487,1229,2728,50,1.194,1,2193,1,46.168,1.103,-29.438,-9.125,-34.375,-0.152,-0.055,0.973,-0.840,-0.715,-0.207,0.058,0.028,1.101,1.427,2,NULL,NULL,,3,1,2,7,255,1205,250,0,0
stim,136302,166423,1,166423,3363724.455,-0.794,0.079,0.041,-0.601,2535,325,1654,2810,2533,2486,1341,2736,50,1.194,1,2193,1,50.579,1.048,-33.125,-10.938,-36.625,-0.172,-0.047,0.988,-0.965,-0.410,-0.207,0.060,0.028,1.101,1.427,2,NULL,NULL,,3,1,2,7,255,1205,250,0,0
stim,136302,166423,1,166423,3363729.454,-0.793,0.077,0.042,-0.602,2489,345,1755,2795,2566,2487,1431,2747,50,1.194,1,2193,1,52.024,0.984,-34.000,-13.125,-37.125,-0.156,-0.008,0.965,-0.965,-0.195,-0.207,0.062,0.030,1.101,1.427,2,NULL,NULL,,3,1,2,7,255,1205,250,0,0
stim,136302,166423,1,166423,3363734.455,-0.793,0.075,0.042,-0.604,2445,365,1861,2775,2596,2489,1533,2761,50,1.194,1,2193,1,50.235,0.553,-29.875,-14.188,-37.813,-0.148,0.055,0.961,-0.527,-0.168,-0.250,0.066,0.030,1.101,1.427,2,NULL,NULL,,3,1,2,7,255,1205,250,0,0
stim,136302,166423,1,166423,3363739.454,-0.792,0.074,0.042,-0.605,2393,389,1943,2751,2621,2491,1623,2775,50,1.194,1,2193,1,49.349,0.194,-25.688,-14.500,-39.563,-0.137,0.066,0.988,0.098,-0.168,-0.250,0.068,0.030,1.101,1.427,2,NULL,NULL,,3,1,2,7,255,1205,250,0,0
stim,136302,166423,1,166423,3363744.455,-0.791,0.073,0.043,-0.606,2339,391,2063,2719,2649,2492,1709,2798,50,1.194,1,2193,1,50.598,0.218,-28.000,-15.188,-39.313,-0.117,0.027,1.035,0.098,-0.195,-0.035,0.072,0.030,1.101,1.427,2,NULL,NULL,,3,1,2,7,255,1205,250,0,0
stim,136302,166423,1,166423,3363749.454,-0.790,0.071,0.043,-0.608,2271,415,2163,2695,2677,2493,1799,2799,50,1.194,1,2193,1,53.514,0.501,-33.938,-15.625,-38.313,-0.121,-0.012,1.039,-0.023,-0.500,0.383,0.076,0.030,1.101,1.427,2,NULL,NULL,,3,1,2,7,255,1205,250,0,0
stim,136303,166424,1,166424,3363754.455,-0.789,0.069,0.044,-0.609,2188,430,2249,2660,2705,2495,1881,2807,50,1.194,1,2193,1,59.022,0.634,-41.688,-16.813,-38.250,-0.164,-0.012,1.063,-0.391,-0.500,0.430,0.080,0.030,1.101,1.427,2,NULL,NULL,,3,1,2,7,255,1205,250,0,0
stim,136303,166424,1,166424,3363759.454,-0.788,0.066,0.045,-0.610,2125,455,2323,2622,2727,2502,1963,2824,50,1.194,1,2193,1,72.034,0.430,-52.750,-17.375,-45.875,-0.176,0.020,1.078,-0.391,-0.180,0.711,0.082,0.030,1.101,1.427,2,NULL,NULL,,3,1,2,7,255,1205,250,0,0
stim,136336,166457,1,166457,3363764.455,-0.787,0.064,0.046,-0.612,2055,455,2413,2580,2745,2504,2036,2835,50,1.194,1,2193,1,81.213,0.165,-58.313,-17.875,-53.625,-0.141,0.051,0.996,-0.141,-0.086,0.711,0.084,0.030,1.101,1.427,2,NULL,NULL,,3,1,2,7,255,1205,250,0,0
stim,136336,166457,1,166457,3363769.454,-0.786,0.061,0.046,-0.614,1960,460,2469,2527,2767,2503,2105,2846,50,1.194,1,2193,1,76.542,0.305,-52.125,-19.125,-52.688,-0.082,0.047,0.926,0.293,-0.086,0.055,0.088,0.030,1.101,1.427,2,NULL,NULL,,3,1,2,7,255,1205,250,0,0
stim,136336,166457,1,166457,3363774.455,-0.784,0.059,0.047,-0.616,1868,460,2525,2479,2787,2503,2173,2856,50,1.194,1,2193,0,67.601,0.583,-43.688,-20.125,-47.500,-0.086,-0.023,0.961,0.293,-0.504,-0.359,0.090,0.030,1.101,1.427,2,NULL,NULL,,3,1,2,7,255,1205,250,0,0
stim,136336,166457,1,166457,3363779.454,-0.784,0.057,0.047,-0.617,1757,447,2581,2415,2811,2505,2234,2867,50,1.194,1,2193,0,61.464,0.675,-39.625,-21.063,-42.000,-0.098,-0.063,0.988,-0.199,-0.645,-0.359,0.094,0.030,1.101,1.427,2,NULL,NULL,,3,1,2,7,255,1205,250,0,0
stim,136354,166475,1,166475,3363784.455,-0.783,0.055,0.048,-0.618,1618,443,2614,2339,2828,2505,2301,2875,50,1.194,1,2193,0,58.765,0.863,-38.313,-21.438,-39.063,-0.113,-0.074,1.008,-0.574,-0.645,-0.078,0.096,0.030,1.101,1.427,2,NULL,NULL,,3,1,2,7,255,1205,250,0,0
stim,136354,166475,1,166475,3363789.454,-0.782,0.053,0.048,-0.619,1489,429,2649,2253,2845,2503,2360,2885,50,1.194,1,2193,0,59.370,0.814,-39.813,-23.500,-37.250,-0.148,-0.063,1.023,-0.617,-0.531,0.121,0.100,0.030,1.101,1.427,2,NULL,NULL,,3,1,2,7,255,1205,250,0,0
stim,136354,166475,1,166475,3363794.455,-0.781,0.051,0.048,-0.621,1285,397,2681,2157,2861,2496,2415,2895,50,1.194,1,2193,0,61.224,0.641,-39.063,-23.813,-40.688,-0.133,0.004,1.012,-0.617,-0.172,0.176,0.102,0.030,1.101,1.427,2,NULL,NULL,,3,1,2,7,255,1205,250,0,0
stim,136354,166475,1,166475,3363799.454,-0.780,0.049,0.048,-0.622,1163,379,2718,2043,2873,2492,2461,2902,50,1.194,1,2193,0,61.538,0.190,-35.750,-24.500,-43.688,-0.102,0.023,1.000,0.082,-0.172,0.176,0.104,0.032,1.101,1.427,2,NULL,NULL,,3,1,2,7,255,1205,250,0,0
stim,136354,166475,1,166475,3363804.455,-0.779,0.047,0.048,-0.624,1016,365,2749,1907,2892,2487,2502,2908,50,1.194,1,2193,0,56.843,0.364,-31.313,-24.500,-40.625,-0.051,-0.008,1.000,0.180,-0.316,0.027,0.106,0.032,1.101,1.427,2,NULL,NULL,,3,1,2,7,255,1205,250,0,0
stim,136354,166475,1,166475,3363809.454,-0.778,0.045,0.048,-0.625,845,318,2787,1735,2904,2483,2540,2915,50,1.194,1,2193,0,49.624,0.771,-28.563,-25.813,-31.313,-0.066,-0.043,1.023,0.180,-0.750,0.027,0.108,0.034,1.101,1.427,2,NULL,NULL,,3,1,2,7,255,1205,250,0,0
stim,136402,166523,1,166523,3363814.455,-0.778,0.043,0.048,-0.625,637,293,2809,1527,2919,2475,2589,2924,50,1.194,1,2193,0,46.807,0.764,-27.625,-26.813,-26.625,-0.066,-0.059,1.023,-0.145,-0.750,0.219,0.110,0.034,1.101,1.427,2,NULL,NULL,,3,1,2,7,255,1205,250,0,0
stim,136402,166523,1,166523,3363819.454,-0.777,0.041,0.048,-0.626,466,249,2843,1368,2931,2463,2619,2931,50,1.194,1,2193,0,42.838,0.764,-25.250,-28.063,-20.250,-0.105,-0.035,1.043,-0.145,-0.750,0.234,0.112,0.036,1.101,1.427,2,NULL,NULL,,3,1,2,7,255,1205,250,0,0
stim,136402,166523,1,166523,3363824.455,-0.777,0.040,0.047,-0.627,319,203,2866,1131,2941,2453,2649,2935,50,1.194,1,2193,0,45.594,0.372,-25.250,-29.000,-24.500,-0.176,0.012,1.070,-0.109,-0.355,0.465,0.114,0.036,1.101,1.427,2,NULL,NULL,,3,1,2,7,255,1205,250,0,0
stim,136402,166523,1,166523,3363829.454,-0.776,0.038,0.047,-0.628,203,157,2885,919,2959,2431,2677,2941,50,1.194,1,2193,0,49.709,0.246,-21.875,-31.375,-31.750,-0.137,0.023,1.063,0.223,0.105,0.664,0.116,0.036,1.101,1.427,2,NULL,NULL,,3,1,2,7,255,1205,250,0,0
stim,136402,166523,1,166523,3363834.455,-0.775,0.036,0.046,-0.629,87,103,2900,681,2969,2411,2699,2951,50,1.194,1,2193,0,51.661,0.446,-20.688,-32.938,-34.000,-0.063,0.031,1.059,0.434,0.105,0.664,0.118,0.034,1.101,1.427,2,NULL,NULL,,3,1,2,7,255,1205,250,0,0
stim,136402,166523,1,166523,3363839.454,-0.774,0.035,0.045,-0.630,25,55,2914,501,2983,2395,2723,2955,50,1.194,1,2193,0,49.751,0.857,-16.375,-35.625,-30.625,-0.020,0.078,1.070,0.688,-0.512,0.590,0.120,0.034,1.101,1.427,2,NULL,NULL,,3,1,2,7,255,1205,250,0,0
stim,136402,166523,1,166523,3363844.455,-0.774,0.033,0.044,-0.631,1,35,2923,311,2989,2363,2745,2959,50,1.194,1,2193,0,47.810,1.475,-15.375,-38.188,-24.313,-0.008,0.094,1.094,1.230,-0.813,0.590,0.120,0.034,1.101,1.427,2,NULL,NULL,,3,1,2,7,255,1205,250,0,0
stim,136402,166523,0,166523,3363849.454,-0.774,0.031,0.043,-0.631,0,6,2938,191,2998,2331,2779,2967,50,1.194,1,2193,0,47.092,1.497,-16.813,-41.000,-15.938,-0.035,0.086,1.066,1.258,-0.813,0.590,0.120,0.036,1.101,1.427,2,NULL,NULL,,3,0,2,7,255,1212,250,0,0
stim,136423,166544,0,166544,3363854.455,-0.773,0.030,0.042,-0.632,0,1,2953,131,2999,2296,2795,2963,50,1.194,1,2193,0,46.871,1.388,-4.500,-45.500,-10.313,-0.223,-0.020,1.117,1.258,-0.586,0.813,0.116,0.042,1.101,1.427,2,NULL,NULL,,3,0,2,7,255,1212,250,0,0
stim,136423,166544,0,166544,3363859.454,-0.774,0.030,0.039,-0.632,0,0,2965,119,3019,2276,2815,2980,50,1.194,1,2193,0,65.101,1.018,30.063,-57.688,2.563,-0.426,-0.105,1.383,-0.063,1.016,1.297,0.112,0.046,1.101,1.427,2,NULL,NULL,,3,0,2,7,255,1212,250,0,0
stim,136423,166544,0,166544,3363864.455,-0.774,0.030,0.036,-0.632,0,0,2965,99,3035,2251,2843,2976,50,1.194,1,2193,0,88.964,2.716,54.188,-70.375,5.063,-0.473,-0.070,1.758,-0.844,2.582,4.109,0.110,0.050,1.101,1.427,3,NULL,NULL,,3,0,2,7,255,1212,250,0,0
stim,136423,166544,0,166544,3363869.454,-0.774,0.027,0.034,-0.632,0,0,2975,71,3043,2217,2863,2979,50,1.194,1,2193,0,77.825,2.716,-21.125,-74.375,-8.875,-0.152,0.098,1.637,-0.844,2.582,6.277,0.108,0.052,1.101,1.427,3,NULL,NULL,,3,0,2,7,255,1212,250,0,0
stim,136449,166570,0,166570,3363874.455,-0.774,0.023,0.033,-0.632,0,0,2981,31,3043,2151,2885,2986,50,1.194,1,2193,0,102.705,0.758,-72.625,-72.063,-9.000,-0.059,0.027,1.188,0.688,0.320,6.277,0.106,0.056,1.101,1.427,3,NULL,NULL,,3,0,2,7,255,1212,250,0,0
stim,136449,166570,0,166570,3363879.454,-0.775,0.019,0.032,-0.631,0,0,2980,6,3049,2092,2901,2985,50,1.194,1,2193,0,96.360,0.961,-42.563,-82.188,26.813,-0.109,0.066,1.035,0.906,0.320,1.828,0.102,0.064,1.101,1.427,3,NULL,NULL,,3,0,2,7,255,1212,250,0,0
stim,136449,166570,0,166570,3363884.455,-0.776,0.017,0.029,-0.630,0,0,2982,0,3061,2014,2907,2987,50,1.194,1,2193,0,97.519,0.839,-9.813,-89.563,37.313,-0.230,0.066,1.090,0.688,0.480,0.961,0.096,0.072,1.101,1.427,3,NULL,NULL,,3,0,2,7,255,1212,250,0,0
stim,136449,166570,0,166570,3363889.454,-0.777,0.014,0.026,-0.629,0,0,2981,0,3065,1933,2919,2985,50,1.194,1,2193,0,96.128,1.787,-4.125,-94.000,19.688,-0.281,-0.035,1.199,0.652,1.664,0.961,0.092,0.078,1.101,1.427,3,NULL,NULL,,3,0,2,7,255,1212,250,0,0
stim,136449,166570,0,166570,3363894.455,-0.777,0.011,0.023,-0.629,0,0,2976,0,3065,1819,2931,2981,50,1.194,1,2193,0,100.403,1.704,-8.188,-99.188,13.250,-0.238,-0.098,1.258,-0.367,1.664,2.102,0.088,0.084,1.101,1.427,3,NULL,NULL,,3,0,2,7,255,1212,250,0,0
stim,136449,166570,0,166570,3363899.454,-0.778,0.008,0.020,-0.628,0,0,2981,0,3080,1719,2943,2980,50,1.194,1,2193,0,106.061,1.734,-12.563,-103.313,20.438,-0.180,-0.148,1.266,-0.855,1.508,2.664,0.086,0.092,1.101,1.427,3,NULL,NULL,,3,0,2,7,255,1212,250,0,0
stim,136449,166570,0,166570,3363904.455,-0.779,0.004,0.017,-0.627,0,0,2969,0,3068,1605,2961,2981,50,1.194,1,2193,0,112.268,1.956,-22.813,-107.625,22.375,-0.254,-0.176,1.199,-1.246,1.508,2.664,0.082,0.098,1.101,1.427,3,NULL,NULL,,3,0,2,7,255,1212,250,0,0
stim,136503,166624,0,166624,3363909.454,-0.779,0.000,0.014,-0.626,0,0,2971,0,3089,1429,2955,2974,50,1.194,1,2193,0,114.917,2.133,-22.688,-111.750,14.250,-0.203,-0.199,1.074,-1.672,1.324,2.094,0.078,0.106,1.101,1.427,3,NULL,NULL,,3,0,2,7,255,1212,250,0,0
stim,136503,166624,0,166624,3363914.455,-0.780,-0.003,0.011,-0.626,0,0,2953,0,3095,1279,2973,2969,50,1.194,1,2193,0,117.118,2.172,-7.375,-116.125,13.313,-0.191,-0.172,1.051,-1.672,1.387,0.855,0.074,0.116,1.101,1.427,3,NULL,NULL,,3,0,2,7,255,1212,250,0,0
stim,136503,166624,0,166624,3363919.454,-0.780,-0.006,0.007,-0.625,0,0,2939,0,3097,1105,2973,2959,50,1.194,1,2193,0,120.470,2.136,0.625,-120.250,7.250,-0.203,-0.137,1.082,-1.625,1.387,0.844,0.072,0.124,1.101,1.427,3,NULL,NULL,,3,0,2,7,255,1212,250,0,0
stim,136503,166624,0,166624,3363924.455,-0.780,-0.010,0.003,-0.625,0,0,2927,0,3099,887,2983,2941,50,1.194,1,2193,0,124.201,2.282,-0.188,-124.188,-1.813,-0.195,-0.188,1.051,-1.625,1.602,0.598,0.068,0.134,1.101,1.427,3,NULL,NULL,,3,0,2,7,255,1212,250,0,0
stim,136503,166624,0,166624,3363929.454,-0.780,-0.013,-0.001,-0.625,0,0,2918,0,3101,699,2991,2941,50,1.194,1,2193,0,126.299,2.416,1.438,-125.938,-9.438,-0.176,-0.266,1.043,-1.809,1.602,0.555,0.066,0.144,1.101,1.427,3,NULL,NULL,,3,0,2,7,255,1212,250,0,0
stim,136526,166647,0,166647,3363934.455,-0.780,-0.016,-0.006,-0.626,0,0,2904,0,3105,541,2999,2923,50,1.194,1,2193,0,130.454,2.854,6.688,-129.688,-12.438,-0.137,-0.297,1.063,-2.520,1.340,0.555,0.066,0.152,1.101,1.427,3,NULL,NULL,,3,0,2,7,255,1212,250,0,0
stim,136526,166647,0,166647,3363939.454,-0.780,-0.020,-0.010,-0.626,0,0,2893,0,3107,360,3013,2927,50,1.194,1,2193,0,137.189,2.854,12.375,-136.063,-12.438,-0.148,-0.234,1.098,-2.520,1.340,0.691,0.064,0.162,1.101,1.427,3,NULL,NULL,,3,0,2,7,255,1212,250,0,0
stim,136526,166647,0,166647,3363944.455,-0.779,-0.023,-0.016,-0.626,0,0,2863,0,3103,180,3007,2897,50,1.194,1,2193,0,143.205,2.501,17.063,-141.438,-14.563,-0.082,-0.105,1.160,-2.203,1.184,0.984,0.064,0.172,1.101,1.427,3,NULL,NULL,,3,0,2,7,255,1212,250,0,0
stim,136526,166647,0,166647,3363949.454,-0.779,-0.026,-0.021,-0.626,0,0,2837,0,3111,87,3017,2879,50,1.194,1,2193,0,148.077,1.647,18.875,-146.438,-11.250,-0.063,0.090,1.223,-0.883,1.391,1.520,0.064,0.180,1.101,1.427,3,NULL,NULL,,3,0,2,7,255,1212,250,0,0
stim,136526,166647,0,166647,3363954.455,-0.779,-0.029,-0.027,-0.626,0,0,2799,0,3099,21,3030,2861,50,1.194,1,2193,0,153.353,1.866,19.125,-152.000,-6.875,-0.051,0.254,1.289,0.996,1.578,2.059,0.066,0.190,1.101,1.427,3,NULL,NULL,,3,0,2,7,255,1212,250,0,0
stim,136526,166647,0,166647,3363959.454,-0.778,-0.033,-0.033,-0.626,0,0,2759,0,3096,0,3027,2823,50,1.194,1,2193,0,161.373,3.258,25.313,-158.938,-11.813,-0.121,0.320,1.324,2.563,2.012,2.633,0.064,0.196,1.101,1.427,3,NULL,NULL,,3,0,2,7,255,1212,250,0,0
stim,136526,166647,0,166647,3363964.455,-0.778,-0.037,-0.039,-0.626,0,0,2725,0,3098,0,3032,2789,50,1.194,1,2193,0,168.208,4.059,20.250,-166.375,-14.250,-0.047,0.344,1.504,3.000,2.734,2.871,0.062,0.202,1.101,1.427,3,NULL,NULL,,3,0,2,7,255,1212,250,0,0
stim,136526,166647,0,166647,3363969.454,-0.778,-0.041,-0.045,-0.626,0,0,2671,0,3110,0,3043,2744,50,1.194,1,2193,0,172.319,4.177,1.938,-172.188,-6.438,-0.035,0.281,1.672,3.000,2.906,4.648,0.058,0.210,1.101,1.427,3,NULL,NULL,,3,0,2,7,255,1212,250,0,0
stim,136526,166647,0,166647,3363974.455,-0.777,-0.046,-0.051,-0.625,0,0,2598,0,3097,0,3031,2695,50,1.194,1,2193,0,179.445,3.993,-18.938,-178.438,1.438,-0.121,0.180,1.797,2.738,2.906,6.305,0.052,0.218,1.101,1.427,3,NULL,NULL,,3,0,2,7,255,1212,250,0,0
stim,136526,166647,0,166647,3363979.454,-0.778,-0.052,-0.056,-0.624,0,0,2533,0,3087,0,3038,2645,50,1.194,1,2193,0,192.562,4.319,-29.125,-189.500,17.938,-0.191,0.223,1.902,1.809,3.922,7.398,0.044,0.226,1.101,1.427,3,NULL,NULL,,3,0,2,7,255,1212,250,0,0
stim,136552,166673,0,166673,3363984.455,-0.778,-0.059,-0.062,-0.622,0,0,2445,0,3077,0,3029,2572,50,1.194,1,2193,0,210.717,5.449,-30.875,-206.563,27.938,-0.348,0.301,1.965,1.809,5.141,8.234,0.038,0.234,1.101,1.427,3,NULL,NULL,,3,0,2,7,255,1212,250,0,0
stim,136552,166673,0,166673,3363989.454,-0.778,-0.067,-0.068,-0.621,0,0,2379,0,3078,0,3041,2479,50,1.194,1,2193,0,231.852,7.552,-47.000,-225.313,27.938,-0.371,0.535,2.039,2.191,7.227,8.438,0.036,0.246,1.101,1.427,3,NULL,NULL,,3,0,2,7,255,1212,250,0,0
stim,136552,166673,0,166673,3363994.455,-0.778,-0.076,-0.075,-0.619,0,0,2284,0,3060,0,3019,2383,50,1.194,1,2193,0,253.434,9.525,-68.063,-242.188,30.688,-0.379,0.594,2.102,4.383,8.457,8.840,0.042,0.260,1.101,1.427,3,NULL,NULL,,3,0,2,7,255,1212,250,0,0
stim,136552,166673,0,166673,3363999.454,-0.778,-0.086,-0.081,-0.617,0,0,2167,0,3035,37,3003,2265,50,1.194,1,2193,0,276.420,10.284,-91.625,-259.500,25.938,-0.422,0.566,2.043,4.613,9.191,8.840,0.058,0.282,1.101,1.427,3,NULL,NULL,,3,0,2,7,255,1212,250,0,0
stim,136603,166724,0,166724,3364004.455,-0.777,-0.097,-0.087,-0.615,0,0,2055,0,3023,61,2987,2139,50,1.194,1,2193,0,300.710,10.882,-106.438,-279.625,30.125,-0.395,0.508,2.016,4.613,9.855,8.332,0.082,0.306,1.101,1.427,3,NULL,NULL,,3,0,2,7,255,1212,250,0,0
stim,136603,166724,0,166724,3364009.454,-0.777,-0.110,-0.094,-0.613,0,0,1949,0,2999,72,2957,2013,50,1.194,1,2193,0,327.558,10.742,-126.250,-299.813,38.313,-0.391,0.500,1.953,4.172,9.898,7.895,0.112,0.334,1.101,1.427,3,NULL,NULL,,3,0,2,7,255,1212,250,0,0
stim,136603,166724,0,166724,3364014.455,-0.776,-0.123,-0.101,-0.610,0,0,1842,0,2991,88,2927,1929,50,1.194,1,2193,0,344.173,10.980,-126.000,-318.563,33.125,-0.379,0.551,1.906,4.172,10.156,7.012,0.144,0.366,1.101,1.427,3,NULL,NULL,,3,0,2,7,255,1212,250,0,0
stim,136603,166724,0,166724,3364019.454,-0.775,-0.136,-0.109,-0.607,0,0,1742,0,2961,87,2898,1855,50,1.194,1,2193,0,363.029,11.309,-124.375,-338.563,41.188,-0.426,0.496,2.016,4.152,10.520,6.773,0.180,0.402,1.101,1.427,3,NULL,NULL,,3,0,2,7,255,1212,250,0,0
stim,136603,166724,0,166724,3364024.455,-0.774,-0.149,-0.118,-0.604,0,0,1663,0,2907,95,2833,1747,50,1.194,1,2193,0,372.663,12.407,-107.750,-355.188,33.313,-0.566,0.473,2.297,4.152,11.691,6.773,0.220,0.442,1.101,1.427,3,NULL,NULL,,3,0,2,7,255,1212,250,0,0
stim,136603,166724,0,166724,3364029.454,-0.772,-0.163,-0.127,-0.601,0,0,1581,0,2857,92,2769,1628,50,1.194,1,2193,0,389.832,14.936,-112.750,-372.438,23.375,-0.715,0.504,2.605,3.723,14.465,8.445,0.264,0.488,1.101,1.427,3,NULL,NULL,,3,0,2,7,255,1212,250,0,0
stim,136603,166724,0,166724,3364034.455,-0.769,-0.178,-0.137,-0.598,0,0,1471,0,2806,75,2680,1517,50,1.194,1,2193,0,414.259,18.086,-124.188,-395.188,3.813,-0.762,0.535,2.855,3.723,17.699,10.074,0.310,0.534,1.101,1.427,3,NULL,NULL,,3,0,2,7,255,1212,250,0,0
stim,136603,166724,0,166724,3364039.454,-0.766,-0.193,-0.147,-0.596,0,0,1379,0,2731,70,2547,1359,50,1.194,1,2193,0,430.114,20.346,-126.750,-410.563,-19.250,-0.672,0.488,3.055,3.938,19.961,11.387,0.358,0.586,1.101,1.427,3,NULL,NULL,,3,0,2,7,255,1212,250,0,0
stim,136603,166724,0,166724,3364044.455,-0.761,-0.208,-0.158,-0.594,0,0,1172,0,2627,27,2367,1224,50,1.194,1,2193,0,449.600,21.191,-145.313,-424.250,-32.188,-0.676,0.527,3.180,4.027,20.805,12.789,0.410,0.640,1.101,1.427,3,NULL,NULL,,3,0,2,7,255,1212,250,0,0
stim,136603,166724,0,166724,3364049.454,-0.756,-0.225,-0.168,-0.592,0,0,985,0,2487,0,2148,1052,50,1.194,1,2193,0,470.133,22.849,-183.313,-430.750,-43.313,-0.625,0.559,3.098,4.438,22.414,12.789,0.468,0.702,1.101,1.427,3,NULL,NULL,,3,0,2,7,255,1212,250,0,0
stim,136603,166724,0,166724,3364054.455,-0.750,-0.244,-0.177,-0.589,0,0,780,0,2312,0,1845,935,50,1.194,1,2193,0,494.318,22.849,-212.688,-445.250,-29.438,-0.551,0.270,2.809,4.438,22.414,11.527,0.538,0.772,1.101,1.427,3,NULL,NULL,,3,0,2,7,255,1212,250,0,0
stim,136603,166724,0,166724,3364059.454,-0.744,-0.263,-0.186,-0.586,0,0,587,0,2059,0,1477,807,50,1.194,1,2193,0,517.841,20.815,-225.875,-465.938,-6.500,-0.387,-0.184,2.313,2.594,20.652,9.137,0.618,0.856,1.101,1.427,3,NULL,NULL,,3,0,2,7,255,1212,250,0,0
stim,136634,166755,0,166755,3364064.455,-0.738,-0.282,-0.196,-0.581,0,0,425,0,1767,0,985,661,50,1.194,1,2193,0,524.024,16.571,-215.688,-477.438,11.563,-0.188,-0.465,1.621,-1.352,16.516,6.164,0.704,0.942,1.101,1.427,3,NULL,NULL,,3,0,2,7,255,1212,250,0,0
stim,136634,166755,0,166755,3364069.454,-0.732,-0.300,-0.208,-0.575,0,0,281,0,1453,0,427,505,50,1.194,1,2193,0,507.174,11.492,-145.500,-485.625,14.938,0.043,-0.445,1.152,-3.402,10.977,2.074,0.792,1.034,1.101,1.427,3,NULL,NULL,,3,0,2,7,255,1212,250,0,0
stim,136634,166755,0,166755,3364074.455,-0.728,-0.313,-0.222,-0.568,0,0,207,0,1107,0,103,430,50,1.194,1,2193,0,492.674,10.014,-27.125,-491.750,13.188,0.063,-0.145,1.445,-3.402,9.418,0.805,0.882,1.126,1.101,1.427,3,NULL,NULL,,3,0,2,7,255,1212,250,0,0
stim,136634,166755,0,166755,3364079.454,-0.726,-0.325,-0.237,-0.558,0,0,119,0,671,0,0,339,50,1.194,1,2193,0,497.933,9.427,34.125,-492.375,65.875,-0.285,0.117,2.191,-0.406,9.418,0.805,0.970,1.214,1.101,1.427,3,NULL,NULL,,3,0,2,7,255,1212,250,0,0
stim,136654,166775,0,166775,3364084.455,-0.724,-0.339,-0.250,-0.547,0,0,109,0,260,0,0,293,50,1.194,1,2193,0,514.678,17.908,-18.188,-497.625,130.125,-0.641,0.395,2.605,1.324,17.859,0.984,1.048,1.296,1.101,1.427,3,NULL,NULL,,3,0,2,7,255,1212,250,0,0
stim,136654,166775,0,166775,3364089.455,-0.721,-0.356,-0.260,-0.535,0,0,87,0,0,0,0,148,50,1.194,1,2193,0,539.513,24.229,-114.875,-499.063,169.750,-0.949,0.586,2.320,2.871,24.059,0.984,1.112,1.364,1.101,1.427,3,NULL,NULL,,3,0,2,7,255,1212,250,0,0
stim,136654,166775,0,166775,3364094.455,-0.717,-0.376,-0.268,-0.523,0,0,31,0,0,0,0,94,50,1.194,1,2193,0,552.661,24.310,-200.875,-483.688,176.438,-1.020,0.969,1.621,3.488,24.059,-4.590,1.168,1.424,1.101,1.427,4,NULL,NULL,,3,0,2,7,255,1212,250,0,0
stim,136654,166775,0,166775,3364099.454,-0.711,-0.395,-0.274,-0.514,0,0,30,0,0,0,0,11,50,1.194,1,2193,0,525.753,20.912,-227.000,-453.125,139.875,-0.813,1.473,1.102,6.469,19.887,-11.188,1.226,1.484,1.101,1.427,0,NULL,NULL,,3,0,2,7,255,1212,250,0,0
stim,136654,166775,0,166775,3364104.455,-0.704,-0.412,-0.280,-0.506,0,0,28,0,0,0,0,46,50,1.194,1,2193,0,477.086,18.981,-221.000,-412.500,92.813,-0.539,1.734,1.000,11.473,15.121,-14.555,1.294,1.556,1.101,1.427,0,NULL,NULL,,3,0,2,7,255,1212,250,0,0
stim,136654,166775,0,166775,3364109.454,-0.697,-0.429,-0.284,-0.499,0,0,30,0,0,0,0,97,50,1.194,1,2193,0,455.290,17.391,-244.063,-376.375,77.875,-0.352,1.047,1.086,11.473,13.070,-14.555,1.376,1.640,1.101,1.427,0,NULL,NULL,,3,0,2,7,255,1212,250,0,0
stim,136699,166820,0,166820,3364114.455,-0.689,-0.444,-0.286,-0.495,0,0,37,0,0,0,0,159,50,1.194,1,2193,0,417.072,15.030,-283.563,-302.125,47.563,-0.012,0.141,1.098,9.020,12.023,-11.113,1.476,1.744,1.101,1.427,0,NULL,NULL,,3,0,2,7,255,1212,250,0,0
stim,136699,166820,0,166820,3364119.454,-0.683,-0.457,-0.286,-0.493,0,0,37,0,0,0,0,188,50,1.194,1,2193,0,341.274,9.977,-256.938,-221.938,34.563,-0.113,-0.449,0.777,1.984,9.777,-6.086,1.584,1.854,1.101,1.427,0,NULL,NULL,,3,0,2,7,255,1212,250,0,0
stim,136699,166820,0,166820,3364124.455,-0.678,-0.467,-0.286,-0.491,0,0,35,0,0,0,0,215,50,1.194,1,2193,0,259.395,9.536,-196.313,-163.313,45.563,-0.391,-0.305,0.848,-3.398,8.910,-6.086,1.694,1.966,1.101,1.427,0,NULL,NULL,,3,0,2,7,255,1212,250,0,0
stim,136699,166820,0,166820,3364129.454,-0.673,-0.475,-0.284,-0.490,0,0,35,0,0,0,0,231,50,1.194,1,2193,0,211.821,9.536,-189.875,-92.000,18.750,-0.496,-0.121,0.867,-3.398,8.910,-8.711,1.800,2.074,1.101,1.427,0,NULL,NULL,,3,0,2,7,255,1212,250,0,0
stim,136699,166820,0,166820,3364134.455,-0.668,-0.482,-0.280,-0.493,0,0,31,0,0,0,0,223,50,1.194,1,2193,0,230.395,9.126,-230.063,-12.188,2.188,-0.332,0.125,0.414,-1.973,8.910,-10.301,1.900,2.176,1.101,1.427,0,NULL,NULL,,3,0,2,7,255,1212,250,0,0
stim,136699,166820,0,166820,3364139.454,-0.664,-0.487,-0.272,-0.497,0,0,31,0,0,0,0,168,50,1.194,1,2193,0,237.167,5.000,-227.625,65.438,12.375,-0.168,0.578,-0.316,0.398,4.984,-11.531,1.990,2.268,1.101,1.427,0,NULL,NULL,,3,0,2,7,255,1212,250,0,0
stim,136699,166820,0,166820,3364144.455,-0.663,-0.489,-0.265,-0.501,0,0,31,0,0,0,0,125,50,1.194,1,2193,0,194.646,4.657,-144.688,128.188,22.813,-0.172,0.750,-0.695,4.082,-2.242,-14.535,2.060,2.340,1.101,1.427,0,NULL,NULL,,3,0,2,7,255,1212,250,0,0
stim,136699,166820,0,166820,3364149.454,-0.665,-0.487,-0.259,-0.504,0,0,29,0,0,0,0,103,50,1.194,1,2193,0,176.340,5.022,-38.813,169.313,30.375,-0.305,0.430,-0.457,4.082,-2.926,-15.672,2.116,2.398,1.101,1.427,0,NULL,NULL,,3,0,2,7,255,1212,250,0,0
stim,136722,166843,0,166843,3364154.455,-0.668,-0.482,-0.253,-0.507,0,0,29,0,0,0,0,103,50,1.194,1,2193,0,201.278,3.496,7.250,197.750,36.813,-0.414,0.055,-0.027,1.914,-2.926,-15.672,2.162,2.446,1.101,1.427,0,NULL,NULL,,3,0,2,7,255,1212,250,0,0
stim,136722,166843,0,166843,3364159.454,-0.671,-0.478,-0.246,-0.511,0,0,26,0,0,0,0,103,50,1.194,1,2193,0,220.319,1.834,1.750,216.000,43.375,-0.438,-0.066,0.078,-1.098,1.469,-13.504,2.198,2.486,1.101,1.427,0,NULL,NULL,,3,0,2,7,255,1212,250,0,0
stim,136722,166843,0,166843,3364164.455,-0.675,-0.473,-0.238,-0.514,0,0,26,0,0,0,0,95,50,1.194,1,2193,0,231.155,1.980,1.750,224.813,53.750,-0.402,0.043,-0.105,-1.328,1.469,-13.504,2.222,2.512,1.101,1.427,0,NULL,NULL,,3,0,2,7,255,1212,250,0,0
stim,136722,166843,0,166843,3364169.454,-0.679,-0.468,-0.231,-0.517,0,0,25,0,0,0,0,85,50,1.194,1,2193,0,239.482,1.599,31.875,227.625,67.250,-0.402,0.230,-0.277,-1.328,0.891,-13.617,2.232,2.524,1.101,1.427,0,NULL,NULL,,3,0,2,7,255,1212,250,0,0
stim,136722,166843,0,166843,3364174.455,-0.684,-0.461,-0.224,-0.519,0,0,22,0,0,0,0,82,50,1.194,1,2193,0,251.551,0.096,73.188,228.313,76.125,-0.449,0.367,-0.246,0.020,0.094,-15.086,2.228,2.522,1.101,1.427,0,NULL,NULL,,3,0,2,7,255,1212,250,0,0
stim,136750,166871,0,166871,3364179.454,-0.690,-0.454,-0.218,-0.520,0,0,24,0,0,0,0,76,50,1.194,1,2193,0,262.152,1.133,100.563,229.188,78.000,-0.477,0.398,-0.109,1.129,0.094,-15.570,2.222,2.516,1.101,1.427,0,NULL,NULL,,3,0,2,7,255,1212,250,0,0
stim,136750,166871,0,166871,3364184.455,-0.696,-0.446,-0.212,-0.521,0,0,24,0,0,0,0,69,50,1.194,1,2193,0,268.129,1.981,112.813,229.688,80.063,-0.480,0.344,0.000,1.238,1.547,-15.570,2.214,2.512,1.101,1.427,0,NULL,NULL,,3,0,2,7,255,1212,250,0,0
stim,136750,166871,0,166871,3364189.454,-0.702,-0.437,-0.206,-0.522,0,0,23,0,0,0,0,61,50,1.194,1,2193,0,271.779,2.874,120.625,228.438,84.438,-0.504,0.273,0.074,1.238,2.594,-14.777,2.210,2.510,1.101,1.427,0,NULL,NULL,,3,0,2,7,255,1212,250,0,0
stim,136750,166871,0,166871,3364194.455,-0.709,-0.429,-0.201,-0.523,0,0,26,0,0,0,0,61,50,1.194,1,2193,0,273.769,3.453,129.438,226.000,84.375,-0.555,0.242,0.160,0.652,3.391,-14.238,2.208,2.510,1.101,1.427,0,NULL,NULL,,3,0,2,7,255,1212,250,0,0
stim,136750,166871,0,166871,3364199.454,-0.715,-0.420,-0.196,-0.524,0,0,22,0,0,0,0,57,50,1.194,1,2193,0,271.914,4.490,135.188,223.563,75.375,-0.574,0.238,0.289,0.441,4.469,-13.934,2.208,2.512,1.101,1.427,0,NULL,NULL,,3,0,2,7,255,1212,250,0,0
stim,136750,166871,0,166871,3364204.455,-0.720,-0.411,-0.191,-0.525,0,0,27,0,0,0,0,61,50,1.194,1,2193,0,267.295,5.701,134.250,222.188,63.688,-0.547,0.219,0.414,0.441,5.684,-13.258,2.212,2.518,1.101,1.427,0,NULL,NULL,,3,0,2,7,255,1212,250,0,0
stim,136802,166923,0,166923,3364209.454,-0.725,-0.402,-0.186,-0.527,0,0,25,0,0,0,0,54,50,1.194,1,2193,0,262.101,6.610,128.313,221.625,55.813,-0.512,0.207,0.520,0.609,6.582,-12.129,2.222,2.530,1.101,1.427,0,NULL,NULL,,3,0,2,7,255,1212,250,0,0
stim,136802,166923,0,166923,3364214.455,-0.730,-0.394,-0.181,-0.528,0,0,28,0,0,0,0,60,50,1.194,1,2193,0,257.249,7.261,120.063,222.063,49.500,-0.520,0.207,0.609,0.785,7.219,-11.074,2.238,2.548,1.101,1.427,0,NULL,NULL,,3,0,2,7,255,1212,250,0,0
stim,136802,166923,0,166923,3364219.454,-0.735,-0.385,-0.175,-0.530,0,0,22,0,0,0,0,53,50,1.194,1,2193,0,252.628,8.015,110.500,224.000,37.875,-0.531,0.195,0.691,0.898,7.965,-10.414,2.258,2.572,1.101,1.427,0,NULL,NULL,,3,0,2,7,255,1212,250,0,0
stim,136802,166923,0,166923,3364224.455,-0.738,-0.377,-0.170,-0.533,0,0,25,0,0,0,0,55,50,1.194,1,2193,0,249.814,8.691,98.938,228.250,22.813,-0.520,0.172,0.750,0.898,8.645,-9.805,2.284,2.600,1.101,1.427,0,NULL,NULL,,3,0,2,7,255,1212,250,0,0
stim,136802,166923,0,166923,3364229.454,-0.742,-0.369,-0.164,-0.536,0,0,24,0,0,0,0,55,50,1.194,1,2193,0,249.919,8.805,85.063,234.813,9.313,-0.480,0.152,0.766,0.875,8.762,-9.063,2.316,2.634,1.101,1.427,0,NULL,NULL,,3,0,2,7,255,1212,250,0,0
stim,136802,166923,0,166923,3364234.455,-0.744,-0.361,-0.158,-0.539,0,0,22,0,0,0,0,56,50,1.194,1,2193,0,254.008,8.804,71.875,243.625,-0.813,-0.445,0.137,0.734,0.863,8.762,-8.434,2.354,2.674,1.101,1.427,0,NULL,NULL,,3,0,2,7,255,1212,250,0,0
stim,136802,166923,0,166923,3364239.454,-0.747,-0.352,-0.152,-0.543,0,0,22,0,0,0,0,61,50,1.194,1,2193,0,262.423,8.311,64.813,254.125,-9.250,-0.438,0.105,0.664,0.824,8.270,-8.309,2.396,2.720,1.101,1.427,0,NULL,NULL,,3,0,2,7,255,1212,250,0,0
stim,136820,166941,0,166941,3364244.455,-0.749,-0.344,-0.145,-0.548,0,0,24,0,0,0,0,77,50,1.194,1,2193,0,274.203,7.656,66.188,265.438,-18.688,-0.441,0.074,0.613,0.492,7.641,-8.309,2.442,2.768,1.101,1.427,0,NULL,NULL,,3,0,2,7,255,1212,250,0,0
stim,136820,166941,0,166941,3364249.454,-0.750,-0.335,-0.139,-0.553,0,0,24,0,0,0,0,88,50,1.194,1,2193,0,287.761,7.254,71.000,277.313,-29.375,-0.434,0.078,0.605,0.246,7.250,-8.309,2.492,2.820,1.101,1.427,0,NULL,NULL,,3,0,2,7,255,1212,250,0,0
stim,136820,166941,0,166941,3364254.455,-0.752,-0.325,-0.132,-0.558,0,0,25,0,0,0,0,91,50,1.194,1,2193,0,301.991,7.102,76.188,289.625,-38.875,-0.398,0.090,0.613,0.246,7.098,-8.227,2.542,2.872,1.101,1.427,0,NULL,NULL,,3,0,2,7,255,1212,250,0,0
stim,136820,166941,0,166941,3364259.454,-0.754,-0.314,-0.125,-0.564,0,0,24,0,0,0,0,103,50,1.194,1,2193,0,315.487,6.884,82.625,301.188,-44.625,-0.367,0.094,0.625,0.539,6.863,-7.867,2.594,2.926,1.101,1.427,0,NULL,NULL,,3,0,2,7,255,1212,250,0,0
stim,136820,166941,0,166941,3364264.455,-0.755,-0.304,-0.117,-0.569,0,0,19,0,0,0,0,102,50,1.194,1,2193,0,328.279,6.690,91.000,311.750,-47.938,-0.355,0.090,0.648,0.742,6.648,-7.434,2.644,2.978,1.101,1.427,0,NULL,NULL,,3,0,2,7,255,1212,250,0,0
stim,136820,166941,0,166941,3364269.454,-0.756,-0.292,-0.110,-0.575,0,0,21,0,0,0,0,103,50,1.194,1,2193,0,340.204,6.703,100.563,320.875,-51.625,-0.355,0.094,0.684,0.852,6.648,-6.992,2.690,3.028,1.101,1.427,0,NULL,NULL,,3,0,2,7,255,1212,250,0,0
stim,136841,166962,0,166962,3364274.455,-0.758,-0.280,-0.103,-0.581,0,0,22,0,0,0,0,104,50,1.194,1,2193,0,350.911,6.776,111.688,328.000,-55.500,-0.344,0.098,0.730,0.992,6.703,-6.547,2.734,3.074,1.101,1.427,0,NULL,NULL,,3,0,2,7,255,1212,250,0,0
stim,136841,166962,0,166962,3364279.454,-0.759,-0.267,-0.096,-0.586,0,0,25,0,0,0,0,101,50,1.194,1,2193,0,360.367,6.909,123.438,333.375,-59.063,-0.336,0.117,0.813,1.195,6.805,-5.926,2.774,3.116,1.101,1.427,0,NULL,NULL,,3,0,2,7,255,1212,250,0,0
stim,136841,166962,0,166962,3364284.455,-0.760,-0.254,-0.089,-0.592,0,0,22,0,0,0,0,105,50,1.194,1,2193,0,367.841,7.224,132.438,337.375,-62.813,-0.309,0.109,0.898,1.574,7.051,-5.078,2.812,3.156,1.101,1.427,0,NULL,NULL,,3,0,2,7,255,1212,250,0,0
stim,136841,166962,0,166962,3364289.454,-0.760,-0.240,-0.082,-0.598,0,0,25,0,0,0,0,109,50,1.194,1,2193,0,374.125,7.266,138.813,340.625,-68.375,-0.164,0.098,0.949,1.754,7.051,-4.016,2.846,3.192,1.101,1.427,0,NULL,NULL,,3,0,2,7,255,1212,250,0,0
stim,136841,166962,0,166962,3364294.455,-0.761,-0.226,-0.076,-0.603,0,0,23,0,0,0,0,111,50,1.194,1,2193,0,377.658,6.104,142.000,343.938,-64.563,-0.012,0.023,0.898,1.762,5.844,-2.719,2.876,3.226,1.101,1.427,0,NULL,NULL,,3,0,2,7,255,1212,250,0,0
stim,136867,166988,0,166988,3364299.454,-0.762,-0.211,-0.069,-0.608,0,0,20,0,0,0,0,107,50,1.194,1,2193,0,381.348,4.546,163.250,341.375,-47.313,-0.043,0.152,0.852,2.168,3.996,-2.719,2.904,3.256,1.101,1.427,0,NULL,NULL,,3,0,2,7,255,1212,250,0,0
stim,136901,167022,0,167022,3364304.455,-0.763,-0.196,-0.064,-0.612,0,0,24,0,0,0,0,109,50,1.194,1,2193,0,392.250,4.846,192.813,338.563,-45.375,-0.047,0.230,1.008,2.742,3.996,-2.203,2.928,3.284,1.101,1.427,0,NULL,NULL,,3,0,2,7,255,1212,250,0,0
stim,136901,167022,0,167022,3364309.454,-0.764,-0.180,-0.058,-0.616,0,0,20,0,0,0,0,109,50,1.194,1,2193,0,392.866,4.967,198.875,336.063,-43.063,0.027,0.117,1.176,2.949,3.996,-1.566,2.954,3.310,1.101,1.427,0,NULL,NULL,,3,0,2,7,255,1212,250,0,0
stim,136901,167022,0,167022,3364314.455,-0.766,-0.164,-0.053,-0.619,0,0,19,0,0,0,0,121,50,1.194,1,2193,0,387.973,4.910,199.375,331.875,-25.125,0.102,0.031,1.230,2.949,3.926,0.621,2.978,3.338,1.101,1.427,0,NULL,NULL,,3,0,2,7,255,1212,250,0,0
stim,136901,167022,0,167022,3364319.454,-0.767,-0.149,-0.047,-0.622,0,0,21,0,0,0,0,111,50,1.194,1,2193,0,389.839,4.574,207.375,330.000,-8.375,0.035,0.125,1.281,2.949,3.496,1.684,3.002,3.364,1.101,1.427,0,NULL,NULL,,3,0,2,7,255,1212,250,0,0
stim,136901,167022,0,167022,3364324.455,-0.769,-0.132,-0.043,-0.624,0,0,22,0,0,0,0,100,50,1.194,1,2193,0,394.864,4.576,218.313,328.938,-7.563,-0.066,0.195,1.410,2.953,3.496,1.918,3.028,3.390,1.101,1.427,0,NULL,NULL,,3,0,2,7,255,1212,250,0,0
stim,136901,167022,0,167022,3364329.454,-0.770,-0.116,-0.038,-0.626,0,0,19,0,0,0,0,92,50,1.194,1,2193,0,395.981,5.570,219.688,329.188,-13.188,-0.098,0.184,1.563,3.250,4.523,2.914,3.054,3.418,1.101,1.427,0,NULL,NULL,,3,0,2,7,255,1212,250,0,0
stim,136901,167022,0,167022,3364334.455,-0.771,-0.100,-0.033,-0.628,0,0,19,0,0,0,0,89,50,1.194,1,2193,0,394.645,5.714,217.313,329.250,-10.688,-0.117,0.164,1.734,3.250,4.699,4.488,3.080,3.446,1.101,1.427,0,NULL,NULL,,3,0,2,7,255,1212,250,0,0
stim,136901,167022,0,167022,3364339.454,-0.772,-0.084,-0.027,-0.630,0,0,22,0,0,0,0,82,50,1.194,1,2193,0,389.681,5.746,207.313,329.813,-9.813,-0.188,0.211,1.898,3.250,4.738,6.301,3.108,3.476,1.101,1.427,0,NULL,NULL,,3,0,2,7,255,1212,250,0,0
stim,136901,167022,0,167022,3364344.455,-0.772,-0.068,-0.022,-0.632,0,0,23,0,0,0,0,78,50,1.194,1,2193,0,380.880,6.142,190.625,329.375,-15.625,-0.246,0.219,2.039,3.188,5.250,7.934,3.136,3.508,1.101,1.427,0,NULL,NULL,,3,0,2,7,255,1212,250,0,0
stim,136901,167022,0,167022,3364349.454,-0.772,-0.053,-0.015,-0.634,0,0,22,0,0,0,0,77,50,1.194,1,2193,0,370.139,6.142,168.875,328.438,-24.750,-0.250,0.184,2.121,3.188,5.250,9.406,3.164,3.538,1.101,1.427,0,NULL,NULL,,3,0,2,7,255,1212,250,0,0
stim,136901,167022,0,167022,3364354.455,-0.771,-0.039,-0.008,-0.636,0,0,21,0,0,0,0,76,50,1.194,1,2193,0,359.336,5.608,146.875,326.438,-31.438,-0.230,0.148,2.137,2.723,4.902,10.414,3.194,3.570,1.101,1.427,0,NULL,NULL,,3,0,2,7,255,1212,250,0,0
stim,136901,167022,0,167022,3364359.454,-0.770,-0.025,-0.001,-0.638,0,0,25,0,0,0,0,73,50,1.194,1,2193,0,350.697,4.613,130.125,323.688,-35.813,-0.207,0.133,2.094,2.297,4.000,10.504,3.224,3.602,1.101,1.427,0,NULL,NULL,,3,0,2,7,255,1212,250,0,0
stim,136930,167051,0,167051,3364364.455,-0.769,-0.012,0.006,-0.640,0,0,24,0,0,0,0,75,50,1.194,1,2193,0,346.178,3.722,124.188,320.500,-41.188,-0.195,0.102,2.055,2.051,3.105,10.504,3.254,3.632,1.101,1.427,0,NULL,NULL,,3,0,2,7,255,1212,250,0,0
stim,136930,167051,0,167051,3364369.454,-0.767,0.001,0.013,-0.642,0,0,24,0,0,0,0,75,50,1.194,1,2193,0,344.922,2.834,126.500,317.125,-49.000,-0.160,0.035,2.074,1.645,2.309,10.504,3.280,3.662,1.101,1.427,0,NULL,NULL,,3,0,2,7,255,1212,250,0,0
stim,136930,167051,0,167051,3364374.455,-0.765,0.014,0.020,-0.644,0,0,24,0,0,0,0,77,50,1.194,1,2193,0,344.799,1.594,129.563,314.563,-56.125,-0.098,-0.023,2.121,0.969,1.266,10.508,3.304,3.688,1.101,1.427,0,NULL,NULL,,3,0,2,7,255,1212,250,0,0
stim,136930,167051,0,167051,3364379.454,-0.762,0.027,0.027,-0.646,0,0,25,0,0,0,0,83,50,1.194,1,2193,0,345.131,0.421,132.125,313.250,-59.438,0.000,-0.035,2.137,0.418,-0.047,10.984,3.328,3.712,1.101,1.427,0,NULL,NULL,,3,0,2,7,255,1212,250,0,0
stim,136930,167051,0,167051,3364384.455,-0.760,0.040,0.033,-0.648,0,0,23,0,0,0,0,84,50,1.194,1,2193,0,348.918,1.646,140.500,313.500,-61.000,0.129,-0.035,2.125,0.363,-1.605,10.984,3.346,3.734,1.101,1.427,0,NULL,NULL,,3,0,2,7,255,1212,250,0,0
stim,136953,167074,0,167074,3364389.454,-0.757,0.054,0.039,-0.650,0,0,27,0,0,0,0,84,50,1.194,1,2193,0,358.223,3.457,158.688,315.250,-61.313,0.297,-0.063,2.141,0.328,-3.441,10.762,3.362,3.752,1.101,1.427,0,NULL,NULL,,3,0,2,7,255,1212,250,0,0
stim,136953,167074,0,167074,3364394.455,-0.754,0.069,0.044,-0.652,0,0,25,0,0,0,0,84,50,1.194,1,2193,0,371.345,5.701,182.313,317.875,-60.125,0.520,-0.078,2.242,0.137,-5.699,10.762,3.374,3.768,1.101,1.427,0,NULL,NULL,,3,0,2,7,255,1212,250,0,0
stim,136953,167074,0,167074,3364399.454,-0.751,0.085,0.049,-0.653,0,0,25,0,0,0,0,89,50,1.194,1,2193,0,385.356,8.634,202.438,322.875,-57.188,0.773,-0.027,2.363,0.137,-8.633,11.066,3.384,3.780,1.101,1.427,0,NULL,NULL,,3,0,2,7,255,1212,250,0,0
stim,136953,167074,0,167074,3364404.455,-0.747,0.101,0.054,-0.654,0,0,24,0,0,0,0,93,50,1.194,1,2193,0,397.803,11.834,218.625,328.938,-47.438,1.000,0.004,2.469,0.578,-11.820,11.547,3.392,3.788,1.101,1.427,0,NULL,NULL,,3,0,2,7,255,1212,250,0,0
stim,136953,167074,0,167074,3364409.454,-0.744,0.118,0.058,-0.655,0,0,20,0,0,0,0,93,50,1.194,1,2193,0,409.932,14.824,234.875,334.563,-30.750,1.160,-0.020,2.586,0.578,-14.813,11.719,3.394,3.794,1.101,1.427,0,NULL,NULL,,3,0,2,7,255,1212,250,0,0
stim,137001,167122,0,167122,3364414.455,-0.741,0.136,0.062,-0.654,0,0,27,0,0,0,0,95,50,1.194,1,2193,0,420.941,17.331,247.813,340.000,-13.438,1.246,-0.027,2.727,0.336,-17.328,11.938,3.392,3.794,1.101,1.427,0,NULL,NULL,,3,0,2,7,255,1212,250,0,0
stim,137001,167122,0,167122,3364419.454,-0.738,0.154,0.066,-0.653,0,0,26,0,0,0,0,95,50,1.194,1,2193,0,426.382,19.223,251.063,344.625,-1.563,1.270,0.020,2.863,-0.160,-19.223,12.461,3.382,3.786,1.101,1.427,0,NULL,NULL,,3,0,2,7,255,1212,250,0,0
stim,137001,167122,0,167122,3364424.455,-0.735,0.171,0.071,-0.652,0,0,23,0,0,0,0,92,50,1.194,1,2193,0,422.743,20.520,241.063,347.250,4.250,1.250,0.137,2.945,-0.160,-20.520,13.090,3.364,3.770,1.101,1.427,0,NULL,NULL,,3,0,2,7,255,1212,250,0,0
stim,137001,167122,0,167122,3364429.454,-0.733,0.188,0.075,-0.650,0,0,23,0,0,0,0,101,50,1.194,1,2193,0,410.448,21.238,224.250,343.688,7.625,1.234,0.266,3.008,0.402,-21.234,13.379,3.338,3.746,1.101,1.427,0,NULL,NULL,,3,0,2,7,255,1212,250,0,0
stim,137001,167122,0,167122,3364434.455,-0.730,0.204,0.080,-0.648,0,0,28,0,0,0,0,115,50,1.194,1,2193,0,389.033,21.981,199.938,333.625,8.125,1.301,0.426,3.078,1.176,-21.949,13.445,3.302,3.712,1.101,1.427,0,NULL,NULL,,3,0,2,7,255,1212,250,0,0
stim,137001,167122,0,167122,3364439.454,-0.727,0.218,0.086,-0.646,0,0,27,0,0,0,0,149,50,1.194,1,2193,0,358.489,23.492,166.375,317.500,5.250,1.535,0.496,3.078,2.379,-23.371,13.445,3.254,3.666,1.101,1.427,0,NULL,NULL,,3,0,2,7,255,1212,250,0,0
stim,137001,167122,0,167122,3364444.455,-0.724,0.231,0.092,-0.643,0,0,23,0,0,0,0,159,50,1.194,1,2193,0,321.871,26.186,121.938,297.688,10.688,1.867,0.316,2.879,2.379,-26.078,11.965,3.194,3.608,1.101,1.427,0,NULL,NULL,,3,0,2,7,255,1212,250,0,0
stim,137001,167122,0,167122,3364449.454,-0.723,0.241,0.098,-0.640,0,0,24,0,0,0,0,187,50,1.194,1,2193,0,288.639,28.887,80.250,275.250,33.313,2.133,0.012,2.449,2.066,-28.813,7.801,3.122,3.536,1.101,1.427,0,NULL,NULL,,3,0,2,7,255,1212,250,0,0
stim,137020,167141,0,167141,3364454.455,-0.723,0.250,0.104,-0.636,0,0,20,0,0,0,0,204,50,1.194,1,2193,0,265.480,28.813,62.625,250.688,60.938,2.293,-0.246,1.883,0.137,-28.813,1.707,3.042,3.458,1.101,1.427,0,NULL,NULL,,3,0,2,7,255,1212,250,0,0
stim,137020,167141,0,167141,3364459.454,-0.723,0.259,0.108,-0.631,0,0,19,0,0,0,0,237,50,1.194,1,2193,0,252.131,28.836,77.000,225.625,82.063,2.426,-0.445,1.379,-1.168,-28.813,-4.969,2.954,3.372,1.101,1.427,0,NULL,NULL,,3,0,2,7,255,1212,250,0,0
stim,137020,167141,0,167141,3364464.455,-0.723,0.269,0.110,-0.626,0,0,21,0,0,0,0,265,50,1.194,1,2193,0,251.747,27.756,113.438,202.188,98.125,2.586,-0.648,1.020,-1.945,-27.688,-10.766,2.860,3.280,1.101,1.427,0,NULL,NULL,,3,0,2,7,255,1212,250,0,0
stim,137020,167141,0,167141,3364469.454,-0.723,0.280,0.110,-0.621,0,0,25,0,0,0,0,277,50,1.194,1,2193,0,283.177,27.444,174.313,186.625,122.375,2.703,-0.695,0.727,-2.387,-27.340,-15.461,2.760,3.182,1.101,1.427,0,NULL,NULL,,3,0,2,7,255,1212,250,0,0
stim,137050,167171,0,167171,3364474.455,-0.723,0.292,0.108,-0.617,0,0,22,0,0,0,0,286,50,1.194,1,2193,0,287.688,27.491,211.688,157.250,115.000,2.625,-1.262,1.051,-2.883,-27.340,-17.977,2.650,3.072,1.101,1.427,0,NULL,NULL,,3,0,2,7,255,1212,250,0,0
stim,137050,167171,0,167171,3364479.454,-0.723,0.303,0.105,-0.612,0,0,21,0,0,0,0,295,50,1.194,1,2193,0,291.672,29.338,219.188,144.625,126.938,3.000,-1.777,1.000,-8.215,-28.164,-19.031,2.534,2.956,1.101,1.427,0,NULL,NULL,,3,0,2,7,255,1212,250,0,0
stim,137050,167171,0,167171,3364484.455,-0.723,0.315,0.101,-0.607,0,0,27,0,0,0,0,309,50,1.194,1,2193,0,322.959,32.033,253.000,127.625,154.938,2.852,-1.781,0.977,-11.809,-29.777,-22.320,2.410,2.832,1.101,1.427,0,NULL,NULL,,3,0,2,7,255,1212,250,0,0
stim,137050,167171,0,167171,3364489.454,-0.722,0.328,0.095,-0.602,0,0,25,0,1,0,0,313,50,1.194,1,2193,0,341.045,32.307,287.625,108.500,147.688,2.645,-1.801,1.336,-11.852,-30.055,-22.320,2.282,2.704,1.101,1.427,0,NULL,NULL,,3,0,2,7,255,1212,250,0,0
stim,137050,167171,0,167171,3364494.455,-0.720,0.341,0.087,-0.598,0,0,28,0,37,0,0,317,50,1.194,1,2193,0,349.606,32.740,318.125,84.938,117.500,2.410,-1.910,1.684,-12.984,-30.055,-19.355,2.152,2.574,1.101,1.427,0,NULL,NULL,,3,0,2,7,255,1212,250,0,0
stim,137050,167172,0,167172,3364499.454,-0.717,0.353,0.080,-0.596,0,0,30,0,51,0,0,325,50,1.194,1,2193,0,334.439,33.674,318.188,53.188,88.188,2.328,-1.590,2.551,-15.039,-30.129,-16.613,2.018,2.440,1.101,1.427,0,NULL,NULL,,3,0,2,7,255,1212,250,0,0
stim,137050,167172,0,167172,3364504.455,-0.715,0.362,0.072,-0.594,0,0,28,0,47,0,0,331,50,1.194,1,2193,0,286.245,37.378,274.438,24.188,77.688,2.352,-1.363,3.016,-15.039,-34.219,-9.277,1.878,2.298,1.101,1.427,0,NULL,NULL,,3,0,2,7,255,1212,250,0,0
stim,137101,167222,0,167222,3364509.454,-0.714,0.368,0.065,-0.592,0,0,29,0,47,0,0,340,50,1.194,1,2193,0,211.088,39.188,191.875,-18.313,86.063,1.898,-0.570,3.598,-14.539,-36.391,-5.695,1.732,2.150,1.101,1.427,0,NULL,NULL,,3,0,2,7,255,1212,250,0,0
stim,137101,167222,0,167222,3364514.455,-0.714,0.369,0.062,-0.592,0,0,31,0,24,0,0,352,50,1.194,1,2193,0,85.176,37.959,64.063,-48.063,29.000,1.418,-0.012,3.637,-10.797,-36.391,3.848,1.582,1.998,1.101,1.427,0,NULL,NULL,,3,0,2,7,255,1212,250,0,0
stim,137101,167222,0,167222,3364519.454,-0.714,0.365,0.061,-0.594,0,0,17,0,0,0,0,382,50,1.194,1,2193,0,92.093,33.395,-49.375,-70.875,-31.938,1.512,-0.152,3.195,-7.547,-32.531,4.949,1.432,1.842,1.101,1.427,0,NULL,NULL,,3,0,2,7,255,1212,250,0,0
stim,137101,167222,0,167222,3364524.455,-0.716,0.361,0.057,-0.595,13,0,9,167,0,0,0,469,50,1.194,1,2193,0,144.615,31.959,-18.125,-138.125,38.813,0.984,-0.477,4.008,-7.547,-31.055,9.012,1.276,1.682,1.101,1.427,0,NULL,NULL,,3,0,2,7,255,1212,250,0,0
stim,137101,167222,0,167222,3364529.454,-0.724,0.357,0.043,-0.589,488,0,0,814,0,95,0,501,50,1.194,1,2193,0,397.394,32.556,48.750,-249.813,305.188,0.305,1.152,6.379,-9.773,-31.055,12.574,1.116,1.516,1.101,1.427,0,NULL,NULL,,3,0,2,7,255,1212,250,0,0
stim,137101,167222,0,167222,3364534.455,-0.745,0.330,0.053,-0.577,1001,0,0,1319,0,301,0,585,50,1.194,1,2193,0,875.676,32.556,-778.688,-151.500,370.813,-0.922,2.105,3.660,-9.773,-31.055,31.074,0.950,1.342,1.101,1.427,0,NULL,NULL,,3,0,2,7,255,1212,250,0,0
stim,137101,167222,0,167222,3364539.454,-0.765,0.294,0.069,-0.569,1486,0,0,1685,0,525,0,627,50,1.194,1,2193,0,1026.116,11.156,-984.000,-165.313,239.438,-1.383,2.898,-0.457,5.797,-9.531,31.074,0.788,1.168,1.101,1.427,0,NULL,NULL,,3,0,2,7,255,1212,250,0,0
stim,137119,167240,0,167240,3364544.455,-0.776,0.272,0.077,-0.563,1864,0,0,1895,0,635,0,668,50,1.194,1,2194,0,616.590,22.042,-588.438,-122.688,137.375,-2.023,1.676,-1.871,10.938,19.137,2.250,0.640,0.996,1.101,1.427,1,1181.000,-31.000,,3,0,2,7,255,1212,250,0,0
stim,137119,167240,0,167240,3364549.454,-0.779,0.260,0.079,-0.565,2092,0,0,1991,0,809,0,755,50,1.194,1,2194,0,274.276,22.042,-240.188,-130.000,-25.250,-1.566,0.355,-0.805,10.938,19.137,-9.172,0.512,0.830,1.101,1.427,1,NULL,NULL,,3,0,2,7,255,1212,250,0,0
stim,137119,167240,0,167240,3364554.455,-0.778,0.254,0.078,-0.569,2266,0,0,2090,0,956,0,825,50,1.194,1,2194,0,159.552,17.607,-69.938,-119.313,-79.563,-0.098,0.352,0.820,1.668,17.527,-9.172,0.414,0.670,1.101,1.427,1,NULL,NULL,,3,0,2,7,255,1212,250,0,0
stim,137119,167240,0,167240,3364559.454,-0.780,0.248,0.077,-0.569,2399,0,0,2171,0,1142,0,925,50,1.194,1,2194,0,165.207,2.826,-124.063,-109.000,4.563,0.563,1.156,1.500,1.668,-2.281,-1.488,0.364,0.520,1.101,1.427,1,NULL,NULL,,3,0,2,7,255,1212,250,0,0
stim,137119,167240,0,167240,3364564.455,-0.785,0.238,0.078,-0.566,2535,0,0,2316,0,1286,0,996,50,1.194,1,2194,0,263.273,11.027,-220.063,-114.875,87.688,0.164,1.582,1.414,10.395,-3.680,3.910,0.388,0.414,1.101,1.427,1,NULL,NULL,,3,0,2,7,255,1212,250,0,0
stim,137119,167240,0,167240,3364569.454,-0.791,0.226,0.080,-0.563,2717,0,0,2555,0,1351,0,1063,50,1.194,1,2194,0,309.344,11.027,-276.313,-110.188,84.875,-0.598,0.863,1.074,10.395,-3.680,3.910,0.428,0.384,1.101,1.427,2,NULL,NULL,,3,0,2,7,255,1212,250,0,0
stim,137142,167263,0,167263,3364574.455,-0.796,0.213,0.082,-0.561,2825,0,0,2717,0,1369,0,1107,50,1.194,1,2194,0,324.657,5.394,-286.125,-127.625,85.125,-1.477,-0.855,0.277,4.688,2.668,3.832,0.464,0.412,1.101,1.427,2,NULL,NULL,,3,0,2,7,255,1212,250,0,0
stim,137142,167263,0,167263,3364579.454,-0.801,0.200,0.082,-0.559,2915,0,0,2847,0,1387,0,1235,50,1.194,1,2194,0,319.462,15.309,-270.688,-160.063,56.250,-1.520,-1.742,-0.023,-13.281,7.613,-3.871,0.496,0.470,1.101,1.427,2,NULL,NULL,,3,0,2,7,255,1212,250,0,0
stim,137142,167263,0,167263,3364584.455,-0.800,0.192,0.080,-0.562,2970,0,0,2933,0,1405,0,1331,50,1.194,1,2194,0,205.110,16.950,-111.938,-154.188,-75.938,-0.867,-1.316,-0.039,-15.145,7.613,-8.152,0.528,0.528,1.101,1.427,2,NULL,NULL,,3,0,2,7,255,1212,250,0,0
stim,137142,167263,0,167263,3364589.454,-0.799,0.189,0.074,-0.566,3005,0,0,2986,0,1421,0,1395,50,1.194,1,2194,0,175.567,15.551,26.375,-155.188,-77.750,0.086,-0.234,0.664,-15.145,3.531,-8.152,0.562,0.568,1.101,1.427,2,NULL,NULL,,3,0,2,7,255,1212,250,0,0
stim,137163,167284,0,167284,3364594.455,-0.798,0.188,0.068,-0.569,3043,0,0,3051,0,1451,0,1437,50,1.194,1,2194,0,155.007,4.611,64.500,-137.063,-32.875,0.469,-0.215,1.660,-2.387,-3.945,-4.516,0.584,0.592,1.101,1.427,2,NULL,NULL,,3,0,2,7,255,1212,250,0,0
stim,137163,167284,0,167284,3364599.455,-0.799,0.183,0.064,-0.569,3061,0,0,3091,0,1497,0,1440,50,1.194,1,2194,0,143.029,11.000,-32.938,-137.000,24.563,0.445,-0.586,2.047,-2.387,-10.738,3.363,0.578,0.602,1.101,1.427,2,NULL,NULL,,3,0,2,7,255,1212,250,0,0
stim,137202,167323,0,167323,3364604.455,-0.803,0.174,0.063,-0.566,3067,0,0,3109,0,1583,0,1453,50,1.194,1,2194,0,227.920,12.056,-167.438,-130.750,82.563,0.250,-0.836,1.543,-5.480,-10.738,3.363,0.544,0.602,1.101,1.427,2,NULL,NULL,,3,0,2,7,255,1212,250,0,0
stim,137202,167323,0,167323,3364609.454,-0.808,0.164,0.063,-0.562,3087,0,0,3143,0,1687,0,1507,50,1.194,1,2194,0,272.855,12.702,-211.000,-125.688,118.875,-0.109,-1.027,0.691,-7.906,-9.941,2.152,0.496,0.594,1.101,1.427,2,NULL,NULL,,3,0,2,7,255,1212,250,0,0
stim,137202,167323,0,167323,3364614.455,-0.812,0.156,0.062,-0.558,3095,0,0,3161,0,1811,0,1571,50,1.194,1,2194,0,223.037,11.186,-145.875,-127.063,111.000,-0.430,-1.023,0.363,-10.199,-4.594,-4.781,0.444,0.572,1.101,1.427,2,NULL,NULL,,3,0,2,7,255,1212,250,0,0
stim,137202,167323,0,167323,3364619.454,-0.815,0.152,0.058,-0.556,3103,0,0,3165,0,1906,3,1622,50,1.194,1,2194,0,155.036,10.231,-52.938,-126.438,72.438,-0.406,-0.602,0.605,-10.199,-0.801,-4.781,0.400,0.530,1.101,1.427,2,NULL,NULL,,3,0,2,7,255,1212,250,0,0
stim,137202,167323,0,167323,3364624.455,-0.816,0.148,0.053,-0.555,3111,0,0,3175,0,1991,37,1677,50,1.194,1,2194,0,134.555,7.364,-8.125,-125.125,48.813,-0.137,0.086,1.063,-7.320,-0.801,-4.000,0.370,0.452,1.101,1.427,2,NULL,NULL,,3,0,2,7,255,1212,250,0,0
stim,137202,167323,0,167323,3364629.454,-0.818,0.145,0.049,-0.554,3113,0,0,3197,0,2085,37,1715,50,1.194,1,2194,0,131.063,1.636,-24.563,-118.688,49.875,-0.063,0.305,1.379,-0.336,-1.602,0.590,0.360,0.368,1.101,1.427,2,NULL,NULL,,3,0,2,7,255,1212,250,0,0
stim,137202,167323,0,167323,3364634.455,-0.820,0.139,0.047,-0.553,3119,0,0,3188,33,2140,57,1752,50,1.194,1,2194,0,150.515,1.636,-87.875,-114.938,41.500,-0.316,0.074,1.516,-0.336,-1.602,3.738,0.360,0.294,1.101,1.427,2,NULL,NULL,,3,0,2,7,255,1212,250,0,0
stim,137202,167323,0,167323,3364639.454,-0.822,0.132,0.046,-0.553,3123,0,0,3194,262,2237,86,1879,50,1.194,1,2194,0,167.115,2.247,-124.813,-109.125,21.000,-0.125,-0.164,0.906,-1.313,-1.824,3.738,0.360,0.244,1.101,1.427,2,NULL,NULL,,3,0,2,7,255,1212,250,0,0
stim,137202,167323,0,167323,3364644.455,-0.823,0.126,0.044,-0.552,3127,0,0,3208,479,2289,253,1994,50,1.194,1,2194,0,135.157,3.007,-79.875,-107.438,18.563,-0.102,-0.246,0.852,-2.391,-1.824,-1.176,0.356,0.222,1.101,1.427,2,NULL,NULL,,3,0,2,7,255,1212,250,0,0
stim,137202,167323,0,167323,3364649.454,-0.822,0.124,0.042,-0.554,3118,0,0,3193,719,2325,246,2077,50,1.194,1,2194,0,78.079,3.188,-14.250,-71.625,-27.625,0.117,-0.023,1.547,-2.391,-2.109,-1.176,0.346,0.218,1.101,1.427,2,NULL,NULL,,3,0,2,7,255,1212,250,0,0
stim,137202,167323,0,167323,3364654.455,-0.822,0.122,0.041,-0.555,3119,0,0,3196,922,2361,248,2139,50,1.194,1,2194,0,70.955,4.829,-19.375,-50.938,-45.438,0.496,0.551,1.254,-0.445,-4.809,1.805,0.344,0.216,1.101,1.427,2,NULL,NULL,,3,0,2,7,255,1212,250,0,0
stim,137202,167323,0,167323,3364659.454,-0.821,0.121,0.039,-0.557,3119,0,0,3210,1034,2391,250,2185,50,1.194,1,2194,0,47.690,8.086,-4.625,-38.688,-27.500,0.531,0.805,1.406,6.254,-5.125,3.527,0.352,0.204,1.101,1.427,2,NULL,NULL,,3,0,2,7,255,1212,250,0,0
stim,137234,167355,0,167355,3364664.455,-0.821,0.118,0.040,-0.556,3116,0,0,3193,1145,2410,247,2227,50,1.194,1,2194,0,60.507,8.086,-57.750,-17.875,2.563,-0.063,0.148,1.691,6.254,-5.125,3.527,0.370,0.186,1.101,1.427,2,NULL,NULL,,3,0,2,7,255,1212,250,0,0
stim,137234,167355,0,167355,3364669.454,-0.822,0.113,0.043,-0.557,3127,13,0,3207,1228,2424,239,2277,50,1.194,1,2194,0,131.507,2.811,-128.688,-13.250,-23.625,-0.418,-0.047,1.043,0.434,-2.777,3.527,0.398,0.158,1.101,1.427,2,NULL,NULL,,3,0,2,7,255,1212,250,0,0
stim,137234,167355,0,167355,3364674.455,-0.820,0.110,0.045,-0.559,3127,28,0,3199,1321,2445,234,2315,50,1.194,1,2194,0,113.429,1.197,-87.688,-13.750,-70.625,-0.320,0.129,0.578,-0.203,1.180,0.918,0.430,0.130,1.101,1.427,2,NULL,NULL,,3,0,2,7,255,1212,250,0,0
stim,137234,167355,0,167355,3364679.454,-0.818,0.108,0.045,-0.563,3117,57,0,3197,1429,2457,234,2335,50,1.194,1,2194,0,104.370,1.197,-28.188,-12.688,-99.688,-0.031,0.133,0.883,-0.203,1.180,-1.207,0.460,0.104,1.101,1.427,2,NULL,NULL,,3,0,2,7,255,1212,250,0,0
stim,137254,167375,0,167375,3364684.455,-0.816,0.106,0.046,-0.566,3120,61,0,3206,1523,2463,221,2377,50,1.194,1,2194,0,85.374,1.491,-30.063,-12.000,-79.000,0.168,0.070,1.176,0.848,-1.227,-1.207,0.482,0.088,1.101,1.427,2,NULL,NULL,,3,0,2,7,255,1212,250,0,0
stim,137254,167375,0,167375,3364689.455,-0.816,0.104,0.047,-0.567,3127,81,0,3206,1583,2479,217,2411,50,1.194,1,2194,0,76.133,3.230,-61.000,-8.188,-44.813,0.066,-0.047,1.105,0.848,-3.117,0.617,0.496,0.076,1.101,1.427,2,NULL,NULL,,3,0,2,7,255,1212,250,0,0
stim,137254,167375,0,167375,3364694.455,-0.815,0.101,0.049,-0.568,3124,112,0,3206,1635,2490,213,2424,50,1.194,1,2194,0,74.017,3.144,-65.688,-6.750,-33.438,-0.148,-0.027,0.895,-0.410,-3.117,0.617,0.508,0.066,1.101,1.427,2,NULL,NULL,,3,0,2,7,255,1212,250,0,0
stim,137254,167375,0,167375,3364699.454,-0.814,0.099,0.050,-0.570,3127,131,2,3208,1701,2519,208,2451,50,1.194,1,2194,0,67.195,0.791,-43.125,-5.938,-51.188,-0.199,0.059,0.883,-0.410,-0.676,-0.941,0.520,0.060,1.101,1.427,2,NULL,NULL,,3,0,2,7,255,1212,250,0,0
stim,137254,167375,0,167375,3364704.455,-0.813,0.098,0.051,-0.572,3127,152,19,3215,1740,2512,199,2468,50,1.194,1,2194,0,69.395,0.717,-28.250,-5.000,-63.188,-0.074,0.063,0.988,-0.238,-0.676,-0.941,0.530,0.052,1.101,1.427,2,NULL,NULL,,3,0,2,7,255,1212,250,0,0
stim,137254,167375,0,167375,3364709.454,-0.811,0.096,0.051,-0.574,3123,198,31,3207,1771,2525,188,2475,50,1.194,1,2194,0,60.774,1.196,-26.875,-3.813,-54.375,0.016,0.000,1.039,-0.023,-1.195,-0.152,0.542,0.042,1.101,1.427,2,NULL,NULL,,3,0,2,7,255,1212,250,0,0
stim,137302,167423,0,167423,3364714.455,-0.811,0.095,0.052,-0.576,3127,211,61,3209,1805,2532,183,2487,50,1.194,1,2194,0,47.938,2.156,-27.938,-1.188,-38.938,-0.004,-0.031,1.023,-0.023,-2.156,-0.020,0.550,0.034,1.101,1.427,2,NULL,NULL,,3,0,2,7,255,1212,250,0,0
stim,137302,167423,0,167423,3364719.454,-0.810,0.094,0.052,-0.577,3127,235,133,3219,1848,2531,179,2491,50,1.194,1,2194,0,39.625,2.178,-24.438,-0.500,-31.188,-0.082,0.000,1.004,-0.305,-2.156,-0.008,0.556,0.028,1.101,1.427,2,NULL,NULL,,3,0,2,7,255,1212,250,0,0
stim,137302,167423,0,167423,3364724.455,-0.809,0.093,0.053,-0.578,3125,239,141,3213,1877,2535,175,2492,50,1.194,1,2194,0,37.848,1.421,-20.250,1.563,-31.938,-0.086,-0.031,1.004,-0.359,-1.375,-0.020,0.562,0.022,1.101,1.427,2,NULL,NULL,,3,0,2,7,255,1212,250,0,0
stim,137302,167423,0,167423,3364729.454,-0.808,0.092,0.054,-0.579,3124,241,202,3221,1895,2539,135,2492,50,1.194,1,2194,0,33.092,1.470,-16.375,2.000,-28.688,-0.098,-0.078,0.973,-0.559,-1.359,-0.031,0.570,0.014,1.101,1.427,2,NULL,NULL,,3,0,2,7,255,1212,250,0,0
stim,137302,167423,0,167423,3364734.455,-0.808,0.091,0.054,-0.580,3117,235,234,3200,1904,2541,119,2487,50,1.194,1,2194,0,24.785,1.714,-13.625,1.813,-20.625,-0.098,-0.078,0.996,-1.023,-1.375,-0.098,0.578,0.008,1.101,1.427,2,NULL,NULL,,3,0,2,7,255,1212,250,0,0
stim,137302,167423,0,167423,3364739.454,-0.808,0.091,0.054,-0.580,3119,236,251,3207,1917,2541,119,2500,50,1.194,1,2194,0,21.051,1.702,-14.688,0.750,-15.063,-0.156,-0.039,1.008,-1.023,-1.359,-0.098,0.586,0.000,1.101,1.427,2,NULL,NULL,,3,0,2,7,255,1212,250,0,0
stim,137302,167423,0,167423,3364744.455,-0.807,0.090,0.055,-0.581,3115,231,286,3211,1929,2539,111,2487,50,1.194,1,2194,0,20.119,1.183,-13.188,0.438,-15.188,-0.137,-0.035,0.992,-0.805,-0.867,-0.043,0.000,0.000,1.101,1.427,2,NULL,NULL,,3,0,2,7,255,1212,250,0,0
stim,137302,167423,0,167423,3364749.454,-0.807,0.090,0.055,-0.581,3111,227,315,3197,1927,2531,103,2491,50,1.153,1,2194,1,15.704,1.050,-9.063,-0.563,-12.813,-0.141,-0.004,0.992,-0.727,-0.758,-0.004,0.000,0.000,1.063,1.389,2,NULL,NULL,,3,0,2,7,255,1212,250,0,0
stim,137321,167442,0,167442,3364754.455,-0.807,0.089,0.055,-0.581,3102,225,330,3188,1940,2535,99,2487,50,1.153,1,2194,1,14.044,0.841,-7.750,-0.750,-11.688,-0.145,0.000,1.012,-0.430,-0.723,-0.004,0.008,0.006,1.063,1.389,2,NULL,NULL,,3,0,2,7,255,1212,250,0,0
stim,137321,167442,0,167442,3364759.454,-0.807,0.089,0.056,-0.582,3111,219,330,3189,1939,2532,89,2491,50,1.153,1,2194,1,14.007,0.834,-9.438,-1.438,-10.250,-0.152,-0.016,1.000,-0.430,-0.715,0.063,0.016,0.012,1.063,1.389,2,NULL,NULL,,3,0,2,7,255,1212,250,0,0
stim,137321,167442,0,167442,3364764.455,-0.806,0.088,0.056,-0.582,3097,215,363,3177,1943,2535,73,2484,50,1.153,1,2194,1,12.829,0.846,-8.000,-1.750,-9.875,-0.148,-0.020,0.961,-0.543,-0.648,0.063,0.022,0.016,1.063,1.389,2,NULL,NULL,,3,0,2,7,255,1212,250,0,0
stim,137321,167442,0,167442,3364769.454,-0.806,0.088,0.056,-0.582,3093,197,372,3175,1945,2525,73,2477,50,1.153,1,2194,1,9.244,0.846,-4.375,-2.500,-7.750,-0.141,-0.012,0.961,-0.543,-0.648,-0.313,0.028,0.020,1.063,1.389,2,NULL,NULL,,3,0,2,7,255,1212,250,0,0
stim,137351,167472,0,167472,3364774.455,-0.806,0.088,0.056,-0.583,3087,189,380,3181,1948,2521,70,2483,50,1.153,1,2194,1,6.517,0.795,-1.563,-2.500,-5.813,-0.145,0.000,0.973,-0.465,-0.645,-0.313,0.032,0.024,1.063,1.389,2,NULL,NULL,,3,0,2,7,255,1212,250,0,0
stim,137351,167472,0,167472,3364779.454,-0.806,0.087,0.056,-0.583,3083,174,394,3164,1951,2519,55,2483,50,1.153,1,2194,1,6.413,0.731,-1.125,-3.688,-5.125,-0.156,0.016,0.973,-0.352,-0.641,-0.188,0.036,0.024,1.063,1.389,2,NULL,NULL,,3,0,2,7,255,1212,250,0,0
stim,137351,167472,0,167472,3364784.455,-0.806,0.087,0.055,-0.583,3065,179,396,3157,1949,2517,56,2474,50,1.153,1,2194,1,7.166,0.580,0.313,-4.000,-5.938,-0.145,0.027,0.969,-0.273,-0.512,-0.188,0.040,0.026,1.063,1.389,2,NULL,NULL,,3,0,2,7,255,1212,250,0,0
stim,137351,167472,0,167472,3364789.454,-0.806,0.087,0.055,-0.583,3067,171,397,3159,1949,2507,43,2477,50,1.153,1,2194,1,6.671,0.528,2.000,-4.438,-4.563,-0.133,0.023,0.973,-0.129,-0.512,-0.203,0.044,0.028,1.063,1.389,2,NULL,NULL,,3,0,2,7,255,1212,250,0,0
stim,137351,167472,0,167472,3364794.455,-0.806,0.087,0.055,-0.583,3079,167,407,3143,1957,2507,27,2476,50,1.153,1,2194,1,5.806,0.607,2.813,-4.813,-1.625,-0.137,0.027,0.980,-0.105,-0.598,-0.203,0.048,0.030,1.063,1.389,2,NULL,NULL,,3,0,2,7,255,1212,250,0,0
stim,137351,167472,0,167472,3364799.454,-0.806,0.087,0.055,-0.583,3052,149,408,3128,1957,2507,29,2475,50,1.153,1,2194,1,6.158,0.606,3.000,-5.375,0.188,-0.156,0.035,0.977,-0.102,-0.598,-0.133,0.050,0.030,1.063,1.389,2,NULL,NULL,,3,0,2,7,255,1212,250,0,0
stim,137396,167517,0,167517,3364804.455,-0.806,0.087,0.054,-0.583,3047,151,411,3123,1949,2491,26,2481,50,1.153,1,2194,1,7.575,0.415,4.188,-6.313,0.063,-0.168,0.043,0.969,-0.102,-0.402,-0.133,0.054,0.032,1.063,1.389,2,NULL,NULL,,3,0,2,7,255,1212,250,0,0
stim,137396,167517,0,167517,3364809.454,-0.806,0.087,0.054,-0.583,3037,147,421,3113,1957,2487,29,2479,50,1.153,1,2194,1,9.384,0.253,5.875,-7.313,-0.250,-0.164,0.066,0.973,-0.039,-0.250,-0.133,0.056,0.034,1.063,1.389,2,NULL,NULL,,3,0,2,7,255,1212,250,0,0
stim,137396,167517,1,167517,3364814.455,-0.806,0.087,0.053,-0.583,3034,141,433,3109,1965,2494,45,2487,50,1.153,1,2194,1,10.328,0.273,6.375,-8.125,-0.125,-0.160,0.086,0.988,0.152,-0.227,-0.113,0.060,0.034,1.063,1.389,2,NULL,NULL,,3,1,2,7,255,1212,250,0,0
stim,137396,167517,1,167517,3364819.454,-0.806,0.087,0.053,-0.583,3017,139,440,3099,1978,2492,54,2503,50,1.153,1,2194,1,10.774,0.412,5.750,-9.063,0.938,-0.152,0.109,0.992,0.352,-0.215,0.004,0.062,0.036,1.063,1.389,2,NULL,NULL,,3,1,2,7,255,1212,250,0,0
stim,137396,167517,1,167517,3364824.455,-0.806,0.087,0.052,-0.583,3001,141,448,3081,1993,2487,68,2505,50,1.153,1,2194,1,11.484,0.608,4.938,-10.063,2.500,-0.152,0.133,0.992,0.570,-0.211,0.055,0.064,0.034,1.063,1.389,2,NULL,NULL,,3,1,2,7,255,1212,250,0,0
stim,137396,167517,1,167517,3364829.454,-0.806,0.087,0.052,-0.583,2997,142,509,3063,2011,2488,92,2515,50,1.153,1,2194,1,12.336,0.804,4.125,-11.125,3.375,-0.168,0.145,1.004,0.793,-0.133,0.055,0.064,0.034,1.063,1.389,2,NULL,NULL,,3,1,2,7,255,1212,250,0,0
stim,137396,167517,1,167517,3364834.455,-0.806,0.087,0.051,-0.583,2985,151,579,3052,2031,2491,103,2521,50,1.153,1,2194,1,12.325,0.856,2.875,-11.938,1.063,-0.172,0.164,1.012,0.855,0.039,0.230,0.064,0.030,1.063,1.389,2,NULL,NULL,,3,1,2,7,255,1212,250,0,0
stim,137396,167517,1,167517,3364839.454,-0.806,0.087,0.050,-0.583,2976,165,618,3052,2063,2496,107,2531,50,1.153,1,2194,1,13.031,1.020,2.688,-12.750,-0.125,-0.148,0.176,1.016,1.020,0.039,0.297,0.064,0.026,1.063,1.389,2,NULL,NULL,,3,1,2,7,255,1212,250,0,0
stim,137420,167541,1,167541,3364844.455,-0.806,0.087,0.050,-0.583,2963,171,669,3035,2108,2501,115,2547,50,1.153,1,2194,1,13.453,1.139,1.625,-13.313,1.063,-0.133,0.168,1.023,1.137,-0.070,0.297,0.062,0.022,1.063,1.389,2,NULL,NULL,,3,1,2,7,255,1212,250,0,0
stim,137420,167541,1,167541,3364849.454,-0.806,0.086,0.049,-0.583,2941,183,712,3031,2135,2509,142,2569,50,1.153,1,2194,1,13.953,1.143,-1.063,-13.625,2.813,-0.145,0.156,1.016,1.137,-0.117,0.297,0.060,0.018,1.063,1.389,2,NULL,NULL,,3,1,2,7,255,1212,250,0,0
stim,137420,167541,1,167541,3364854.455,-0.806,0.086,0.049,-0.583,2933,197,739,3016,2183,2515,189,2583,50,1.153,1,2194,1,14.088,1.015,-2.563,-13.750,1.688,-0.160,0.145,0.996,1.008,-0.117,0.281,0.060,0.012,1.063,1.389,2,NULL,NULL,,3,1,2,7,255,1212,250,0,0
stim,137420,167541,1,167541,3364859.454,-0.806,0.086,0.048,-0.583,2921,205,778,3014,2219,2519,237,2601,50,1.153,1,2194,1,13.948,0.860,-1.625,-13.750,-1.688,-0.148,0.125,0.988,0.852,-0.117,0.145,0.060,0.008,1.063,1.389,2,NULL,NULL,,3,1,2,7,255,1212,250,0,0
stim,137421,167542,1,167542,3364864.455,-0.806,0.085,0.048,-0.583,2905,229,819,3001,2251,2521,263,2615,50,1.153,1,2194,1,14.021,0.719,-0.625,-13.563,-3.500,-0.105,0.102,0.992,0.707,-0.133,0.039,0.060,0.008,1.063,1.389,2,NULL,NULL,,3,1,2,7,255,1212,250,0,0
stim,137421,167542,1,167542,3364869.454,-0.806,0.085,0.047,-0.583,2887,243,895,2986,2277,2520,302,2628,50,1.153,1,2194,1,12.772,0.812,-0.813,-12.625,-1.750,-0.098,0.055,0.988,0.578,-0.570,-0.016,0.060,0.012,1.063,1.389,2,NULL,NULL,,3,1,2,7,255,1212,250,0,0
stim,137441,167562,1,167562,3364874.455,-0.806,0.084,0.047,-0.583,2876,254,973,2983,2311,2523,331,2642,50,1.153,1,2194,1,12.234,0.635,-1.063,-12.188,-0.125,-0.117,0.035,0.977,0.164,-0.613,-0.098,0.062,0.020,1.063,1.389,2,NULL,NULL,,3,1,2,7,255,1212,250,0,0
stim,137441,167562,1,167562,3364879.454,-0.806,0.084,0.046,-0.584,2864,263,1067,2973,2343,2535,359,2657,50,1.153,1,2194,1,12.250,0.617,0.188,-12.063,-2.125,-0.145,0.020,0.961,-0.070,-0.613,-0.180,0.064,0.026,1.063,1.389,2,NULL,NULL,,3,1,2,7,255,1212,250,0,0
stim,137441,167562,1,167562,3364884.455,-0.806,0.084,0.046,-0.584,2841,261,1148,2954,2381,2537,416,2660,50,1.153,1,2194,1,13.214,0.464,1.750,-12.688,-3.250,-0.172,0.020,0.957,-0.289,-0.363,-0.273,0.066,0.034,1.063,1.389,2,NULL,NULL,,3,1,2,7,255,1212,250,0,0
stim,137441,167562,1,167562,3364889.454,-0.806,0.083,0.045,-0.584,2831,266,1213,2951,2409,2547,448,2679,50,1.153,1,2194,1,15.982,0.397,2.313,-13.375,-8.438,-0.191,0.027,0.977,-0.375,-0.129,-0.273,0.068,0.040,1.063,1.389,2,NULL,NULL,,3,1,2,7,255,1212,250,0,0
stim,137467,167588,1,167588,3364894.455,-0.806,0.083,0.045,-0.584,2811,268,1287,2939,2440,2547,510,2696,50,1.153,1,2194,1,17.544,0.380,1.875,-14.750,-9.313,-0.188,0.043,0.996,-0.375,0.063,-0.074,0.070,0.044,1.063,1.389,2,NULL,NULL,,3,1,2,7,255,1212,250,0,0
stim,137467,167588,1,167588,3364899.454,-0.806,0.083,0.044,-0.585,2789,279,1357,2925,2469,2552,599,2707,50,1.153,1,2194,1,21.597,0.339,-2.000,-14.438,-15.938,-0.195,0.035,0.992,-0.332,0.070,0.117,0.074,0.046,1.063,1.389,2,NULL,NULL,,3,1,2,7,255,1212,250,0,0
stim,137467,167588,1,167588,3364904.455,-0.805,0.082,0.044,-0.586,2770,283,1447,2909,2513,2557,695,2719,50,1.153,1,2194,1,23.539,0.215,-2.250,-17.000,-16.125,-0.152,0.055,1.008,-0.203,0.070,0.117,0.076,0.048,1.063,1.389,2,NULL,NULL,,3,1,2,7,255,1212,250,0,0
stim,137467,167588,1,167588,3364909.454,-0.805,0.081,0.043,-0.586,2745,303,1565,2895,2523,2567,781,2735,50,1.153,1,2194,1,25.129,0.365,-5.188,-15.375,-19.188,-0.172,0.000,0.984,-0.332,-0.152,0.117,0.076,0.046,1.063,1.389,2,NULL,NULL,,3,1,2,7,255,1212,250,0,0
stim,137502,167623,1,167623,3364914.455,-0.804,0.081,0.043,-0.587,2719,308,1626,2875,2547,2570,889,2745,50,1.153,1,2194,1,26.781,0.235,-6.438,-17.875,-18.875,-0.102,0.027,0.996,-0.086,-0.219,-0.031,0.078,0.046,1.063,1.389,2,NULL,NULL,,3,1,2,7,255,1212,250,0,0
stim,137502,167623,1,167623,3364919.454,-0.804,0.080,0.042,-0.588,2693,303,1705,2856,2581,2573,984,2763,50,1.153,1,2194,1,24.612,0.175,-2.188,-19.813,-14.438,-0.152,0.047,0.957,-0.086,-0.152,-0.035,0.080,0.042,1.063,1.389,2,NULL,NULL,,3,1,2,7,255,1212,250,0,0
stim,137502,167623,1,167623,3364924.455,-0.804,0.079,0.042,-0.588,2659,333,1769,2838,2603,2581,1077,2777,50,1.153,1,2194,1,26.738,0.392,-2.750,-17.813,-19.750,-0.148,-0.020,0.996,-0.086,-0.383,-0.031,0.080,0.040,1.063,1.389,2,NULL,NULL,,3,1,2,7,255,1212,250,0,0
stim,137502,167623,1,167623,3364929.454,-0.803,0.078,0.041,-0.589,2617,349,1835,2813,2623,2585,1165,2791,50,1.153,1,2194,1,28.631,0.494,-5.438,-20.125,-19.625,-0.117,0.008,0.992,-0.313,-0.383,-0.047,0.082,0.036,1.063,1.389,2,NULL,NULL,,3,1,2,7,255,1212,250,0,0
stim,137502,167623,1,167623,3364934.455,-0.803,0.078,0.041,-0.590,2568,359,1887,2793,2647,2587,1268,2804,50,1.153,1,2194,1,24.701,0.654,0.688,-21.750,-11.688,-0.031,0.012,0.949,-0.313,-0.574,-0.047,0.082,0.032,1.063,1.389,2,NULL,NULL,,3,1,2,7,255,1212,250,0,0
stim,137502,167623,1,167623,3364939.454,-0.803,0.077,0.040,-0.590,2523,363,1949,2770,2667,2589,1359,2815,50,1.153,1,2194,1,19.687,0.709,0.000,-19.438,-3.125,-0.121,-0.004,1.055,-0.313,-0.637,-0.047,0.082,0.028,1.063,1.389,2,NULL,NULL,,3,1,2,7,255,1212,250,0,0
stim,137502,167623,1,167623,3364944.455,-0.803,0.076,0.039,-0.590,2463,373,1995,2739,2687,2590,1440,2829,50,1.153,1,2194,1,25.476,0.637,-12.000,-21.375,-6.938,-0.164,0.094,1.082,-0.027,-0.637,0.582,0.084,0.026,1.063,1.389,2,NULL,NULL,,3,1,2,7,255,1212,250,0,0
stim,137502,167623,1,167623,3364949.454,-0.803,0.075,0.039,-0.590,2411,373,2077,2705,2711,2595,1553,2845,50,1.153,1,2194,1,30.935,0.534,-21.688,-20.250,-8.750,-0.109,0.086,1.047,0.332,-0.418,0.582,0.084,0.026,1.063,1.389,2,NULL,NULL,,3,1,2,7,255,1212,250,0,0
stim,137502,167623,1,167623,3364954.455,-0.803,0.074,0.039,-0.591,2349,375,2139,2675,2729,2597,1655,2855,50,1.153,1,2194,1,31.136,0.332,-18.250,-23.188,-9.938,-0.145,0.055,0.938,0.332,0.012,0.535,0.084,0.026,1.063,1.389,2,NULL,NULL,,3,1,2,7,255,1212,250,0,0
stim,137502,167623,1,167623,3364959.454,-0.802,0.073,0.038,-0.591,2276,375,2213,2633,2744,2599,1726,2867,50,1.153,1,2194,1,25.782,0.064,-6.563,-22.250,-11.250,-0.137,0.051,0.941,0.039,-0.051,-0.492,0.086,0.024,1.063,1.389,2,NULL,NULL,,3,1,2,7,255,1212,250,0,0
stim,137532,167653,1,167653,3364964.455,-0.802,0.072,0.037,-0.592,2199,375,2269,2587,2771,2601,1815,2876,50,1.153,1,2194,1,27.365,0.064,-3.375,-23.563,-13.500,-0.129,0.051,1.055,0.039,-0.051,-0.492,0.088,0.024,1.063,1.389,2,NULL,NULL,,3,1,2,7,255,1212,250,0,0
stim,137532,167653,1,167653,3364969.454,-0.802,0.071,0.037,-0.592,2103,373,2317,2525,2779,2600,1902,2887,50,1.153,1,2194,1,31.277,0.072,-12.250,-22.750,-17.625,-0.164,0.086,1.105,0.051,-0.051,0.613,0.088,0.024,1.063,1.389,2,NULL,NULL,,3,1,2,7,255,1212,250,0,0
stim,137532,167653,1,167653,3364974.455,-0.801,0.069,0.037,-0.593,1998,373,2367,2468,2796,2601,1977,2887,50,1.153,1,2194,1,41.587,0.305,-26.813,-21.813,-23.125,-0.133,0.023,1.078,0.051,-0.301,0.848,0.090,0.024,1.063,1.389,2,NULL,NULL,,3,1,2,7,255,1212,250,0,0
stim,137532,167653,1,167653,3364979.454,-0.801,0.068,0.037,-0.594,1909,345,2415,2407,2821,2605,2056,2905,50,1.153,1,2194,1,48.558,0.368,-32.125,-24.500,-26.938,-0.129,-0.023,1.027,-0.188,-0.316,0.848,0.090,0.024,1.063,1.389,2,NULL,NULL,,3,1,2,7,255,1212,250,0,0
stim,137553,167674,1,167674,3364984.455,-0.800,0.065,0.037,-0.595,1786,340,2453,2329,2835,2603,2121,2915,50,1.153,1,2194,1,51.857,0.616,-40.250,-24.188,-22.000,-0.078,-0.031,1.078,-0.473,-0.395,0.750,0.092,0.024,1.063,1.389,2,NULL,NULL,,3,1,2,7,255,1212,250,0,0
stim,137553,167674,1,167674,3364989.455,-0.800,0.063,0.038,-0.595,1624,317,2487,2216,2847,2604,2175,2923,50,1.153,1,2194,1,51.460,0.616,-41.438,-23.875,-19.000,-0.133,0.043,0.996,-0.473,-0.395,0.320,0.094,0.024,1.063,1.389,2,NULL,NULL,,3,1,2,7,255,1212,250,0,0
stim,137553,167674,1,167674,3364994.455,-0.800,0.061,0.037,-0.596,1449,283,2517,2089,2859,2603,2231,2931,50,1.153,1,2194,1,49.135,0.239,-34.813,-27.688,-20.875,-0.105,0.051,0.969,0.086,-0.223,0.059,0.096,0.024,1.063,1.389,2,NULL,NULL,,3,1,2,7,255,1212,250,0,0
stim,137553,167674,1,167674,3364999.454,-0.799,0.059,0.037,-0.597,1233,253,2548,1919,2876,2599,2296,2937,50,1.153,1,2194,1,45.514,0.239,-34.625,-25.375,-15.125,-0.027,-0.035,1.094,0.086,-0.223,0.059,0.098,0.022,1.063,1.389,2,NULL,NULL,,3,1,2,7,255,1212,250,0,0
stim,137553,167674,1,167674,3365004.455,-0.800,0.057,0.038,-0.597,1085,239,2583,1751,2891,2596,2349,2943,50,1.153,1,2194,1,49.504,0.493,-41.750,-26.500,-2.313,-0.090,0.016,1.055,0.023,-0.492,0.543,0.100,0.022,1.063,1.389,2,NULL,NULL,,3,1,2,7,255,1212,250,0,0
stim,137553,167674,1,167674,3365009.454,-0.799,0.055,0.038,-0.597,892,207,2604,1553,2903,2591,2403,2953,50,1.153,1,2194,1,51.749,0.493,-41.938,-28.750,-9.625,-0.242,0.102,1.000,0.023,-0.492,0.543,0.102,0.022,1.063,1.389,2,NULL,NULL,,3,1,2,7,255,1212,250,0,0
stim,137598,167719,1,167719,3365014.455,-0.799,0.053,0.038,-0.598,676,169,2645,1353,2919,2585,2451,2963,50,1.153,1,2194,1,52.579,0.876,-29.688,-29.313,-32.000,-0.215,0.047,1.000,0.031,0.875,0.223,0.104,0.024,1.063,1.389,2,NULL,NULL,,3,1,2,7,255,1212,250,0,0
stim,137598,167719,1,167719,3365019.454,-0.798,0.051,0.037,-0.600,463,112,2669,1094,2933,2577,2487,2969,50,1.153,1,2194,1,57.691,0.957,-22.125,-33.875,-41.125,-0.172,0.070,1.070,0.387,0.875,0.223,0.106,0.022,1.063,1.389,2,NULL,NULL,,3,1,2,7,255,1212,250,0,0
stim,137598,167719,1,167719,3365024.455,-0.797,0.050,0.037,-0.601,294,77,2707,887,2943,2568,2532,2974,50,1.153,1,2194,1,62.403,0.611,-26.000,-32.938,-46.188,-0.137,0.063,1.164,0.387,0.473,0.824,0.110,0.022,1.063,1.389,2,NULL,NULL,,3,1,2,7,255,1212,250,0,0
stim,137598,167719,1,167719,3365029.454,-0.796,0.047,0.036,-0.603,123,34,2728,647,2961,2551,2585,2981,50,1.153,1,2194,1,69.119,0.470,-40.688,-34.438,-44.000,-0.059,0.086,1.180,0.465,0.070,1.660,0.112,0.022,1.063,1.389,2,NULL,NULL,,3,1,2,7,255,1212,250,0,0
stim,137598,167719,1,167719,3365034.455,-0.795,0.044,0.036,-0.604,39,1,2752,453,2969,2533,2617,2986,50,1.153,1,2194,1,74.395,0.846,-52.688,-35.250,-38.938,-0.074,0.074,1.102,0.781,-0.324,1.660,0.114,0.022,1.063,1.389,2,NULL,NULL,,3,1,2,7,255,1212,250,0,0
stim,137598,167719,1,167719,3365039.454,-0.794,0.042,0.036,-0.605,8,0,2777,237,2981,2513,2649,2989,50,1.153,1,2194,1,75.563,0.886,-49.000,-38.625,-42.625,-0.055,0.055,0.996,0.781,-0.418,1.004,0.116,0.022,1.063,1.389,2,NULL,NULL,,3,1,2,7,255,1212,250,0,0
stim,137598,167719,1,167719,3365044.455,-0.793,0.039,0.036,-0.607,0,0,2797,134,2991,2487,2675,2996,50,1.153,1,2194,0,73.608,0.742,-38.250,-42.750,-46.125,-0.063,0.055,1.000,0.668,-0.324,-0.027,0.116,0.024,1.063,1.389,2,NULL,NULL,,3,1,2,7,255,1212,250,0,0
stim,137598,167719,1,167719,3365049.454,-0.792,0.037,0.035,-0.608,0,0,2813,73,3000,2453,2706,2999,50,1.153,1,2194,0,67.495,0.718,-23.938,-48.188,-40.750,-0.109,0.027,1.047,0.660,-0.281,-0.027,0.120,0.026,1.063,1.389,2,NULL,NULL,,3,1,2,7,255,1212,250,0,0
stim,137621,167742,1,167742,3365054.455,-0.791,0.036,0.033,-0.609,0,0,2831,39,3017,2423,2732,3003,50,1.153,1,2194,0,61.801,0.324,5.250,-55.313,-27.063,-0.402,-0.090,1.230,0.316,0.070,0.504,0.122,0.026,1.063,1.389,2,NULL,NULL,,3,1,2,7,255,1212,250,0,0
stim,137621,167742,1,167742,3365059.454,-0.791,0.034,0.031,-0.611,0,0,2845,0,3025,2401,2759,3002,50,1.153,1,2194,0,76.845,2.269,10.625,-66.438,-37.125,-0.355,-0.090,1.453,-1.277,1.875,2.590,0.126,0.028,1.063,1.389,3,NULL,NULL,,3,1,2,7,255,1212,250,0,0
stim,137621,167742,0,167742,3365064.455,-0.790,0.033,0.028,-0.612,0,0,2855,0,3032,2364,2779,3004,50,1.153,1,2194,0,84.999,2.269,7.563,-73.688,-41.688,-0.301,-0.031,1.594,-1.277,1.875,4.707,0.128,0.032,1.063,1.389,3,NULL,NULL,,3,0,2,7,255,1218,250,0,0
stim,137621,167742,0,167742,3365069.454,-0.790,0.031,0.025,-0.612,0,0,2866,0,3038,2328,2807,3004,50,1.153,1,2194,0,83.125,1.607,2.563,-82.688,-8.125,-0.199,0.203,1.688,-0.598,1.492,6.004,0.126,0.038,1.063,1.389,3,NULL,NULL,,3,0,2,7,255,1218,250,0,0
stim,137657,167778,0,167778,3365074.455,-0.790,0.026,0.024,-0.612,0,0,2873,0,3047,2265,2829,3007,50,1.153,1,2194,0,106.140,2.205,-65.063,-83.750,-4.313,-0.090,0.258,1.441,1.887,1.141,6.004,0.120,0.044,1.063,1.389,3,NULL,NULL,,3,0,2,7,255,1218,250,0,0
stim,137657,167778,0,167778,3365079.454,-0.790,0.021,0.023,-0.612,0,0,2875,0,3053,2216,2847,3007,50,1.153,1,2194,0,119.567,1.961,-83.063,-86.000,-0.938,-0.109,0.020,1.012,1.887,0.535,4.285,0.116,0.050,1.063,1.389,3,NULL,NULL,,3,0,2,7,255,1218,250,0,0
stim,137657,167778,0,167778,3365084.455,-0.791,0.017,0.021,-0.612,0,0,2900,0,3058,2143,2863,3007,50,1.153,1,2194,0,102.981,0.581,-43.000,-91.625,19.000,-0.152,-0.148,0.895,0.227,0.535,0.145,0.110,0.058,1.063,1.389,3,NULL,NULL,,3,0,2,7,255,1218,250,0,0
stim,137657,167778,0,167778,3365089.454,-0.791,0.014,0.018,-0.611,0,0,2876,0,3063,2063,2887,3012,50,1.153,1,2194,0,103.148,1.621,-11.625,-100.250,21.313,-0.270,-0.195,1.066,-1.504,0.605,0.145,0.106,0.064,1.063,1.389,3,NULL,NULL,,3,0,2,7,255,1218,250,0,0
stim,137657,167778,0,167778,3365094.455,-0.792,0.011,0.015,-0.611,0,0,2873,0,3067,1944,2899,3005,50,1.153,1,2194,0,103.786,2.697,-6.938,-103.313,7.063,-0.277,-0.254,1.164,-2.176,1.594,0.820,0.104,0.070,1.063,1.389,3,NULL,NULL,,3,0,2,7,255,1218,250,0,0
stim,137657,167778,0,167778,3365099.454,-0.792,0.008,0.012,-0.610,0,0,2877,0,3087,1828,2920,3001,50,1.153,1,2194,0,111.346,3.162,-9.000,-110.875,4.875,-0.148,-0.332,1.188,-2.730,1.594,1.770,0.098,0.080,1.063,1.389,3,NULL,NULL,,3,0,2,7,255,1218,250,0,0
stim,137657,167778,0,167778,3365104.455,-0.792,0.005,0.008,-0.610,0,0,2875,0,3093,1720,2923,3007,50,1.153,1,2194,0,113.825,3.162,-3.688,-113.063,12.625,-0.320,-0.145,1.078,-2.730,1.594,1.770,0.092,0.088,1.063,1.389,3,NULL,NULL,,3,0,2,7,255,1218,250,0,0
stim,137699,167820,0,167820,3365109.454,-0.792,0.002,0.004,-0.610,0,0,2854,0,3083,1549,2933,2997,50,1.153,1,2194,0,121.497,2.913,4.313,-121.063,-9.313,-0.242,-0.012,1.133,-1.883,2.223,1.320,0.086,0.096,1.063,1.389,3,NULL,NULL,,3,0,2,7,255,1218,250,0,0
stim,137699,167820,0,167820,3365114.455,-0.792,-0.001,-0.001,-0.611,0,0,2843,0,3099,1349,2959,2988,50,1.153,1,2194,0,127.744,2.364,19.688,-124.438,-21.125,-0.188,-0.059,1.082,-0.805,2.223,0.871,0.078,0.102,1.063,1.389,3,NULL,NULL,,3,0,2,7,255,1218,250,0,0
stim,137699,167820,0,167820,3365119.454,-0.791,-0.004,-0.006,-0.611,0,0,2825,0,3093,1128,2953,2985,50,1.153,1,2194,0,131.552,1.870,18.563,-128.563,-20.813,-0.043,-0.117,1.211,-0.805,1.688,1.320,0.070,0.112,1.063,1.389,3,NULL,NULL,,3,0,2,7,255,1218,250,0,0
stim,137699,167820,0,167820,3365124.455,-0.791,-0.007,-0.010,-0.611,0,0,2797,0,3094,917,2959,2979,50,1.153,1,2194,0,132.852,1.245,6.313,-132.438,-8.375,-0.074,-0.109,1.242,-0.996,0.746,2.074,0.060,0.120,1.063,1.389,3,NULL,NULL,,3,0,2,7,255,1218,250,0,0
stim,137699,167820,0,167820,3365129.454,-0.791,-0.010,-0.015,-0.611,0,0,2775,0,3095,685,2965,2969,50,1.153,1,2194,0,137.497,1.245,8.688,-137.063,-6.625,-0.105,-0.090,1.020,-0.996,0.746,2.074,0.052,0.128,1.063,1.389,3,NULL,NULL,,3,0,2,7,255,1218,250,0,0
stim,137699,167820,0,167820,3365134.455,-0.791,-0.013,-0.021,-0.611,0,0,2731,0,3097,533,2973,2957,50,1.153,1,2194,0,146.731,1.512,25.688,-144.438,2.813,-0.109,-0.027,1.094,-0.992,1.141,0.855,0.044,0.138,1.063,1.389,3,NULL,NULL,,3,0,2,7,255,1218,250,0,0
stim,137699,167820,0,167820,3365139.454,-0.791,-0.015,-0.027,-0.611,0,0,2697,0,3100,359,2983,2939,50,1.153,1,2194,0,159.019,1.534,49.688,-150.188,-16.188,-0.277,0.082,1.113,-0.457,1.465,0.855,0.038,0.148,1.063,1.389,3,NULL,NULL,,3,0,2,7,255,1218,250,0,0
stim,137718,167839,0,167839,3365144.455,-0.790,-0.018,-0.034,-0.612,0,0,2651,0,3097,158,2985,2924,50,1.153,1,2194,0,168.856,1.705,53.125,-157.938,-27.313,-0.027,0.184,1.402,0.070,1.703,0.883,0.034,0.158,1.063,1.389,3,NULL,NULL,,3,0,2,7,255,1218,250,0,0
stim,137718,167839,0,167839,3365149.454,-0.790,-0.021,-0.040,-0.612,0,0,2607,0,3097,94,2997,2909,50,1.153,1,2194,0,164.252,2.303,24.750,-161.875,-12.750,0.063,0.277,1.594,1.551,1.703,3.852,0.034,0.168,1.063,1.389,3,NULL,NULL,,3,0,2,7,255,1218,250,0,0
stim,137718,167839,0,167839,3365154.455,-0.789,-0.026,-0.046,-0.612,0,0,2563,0,3107,17,2998,2886,50,1.153,1,2194,0,166.296,3.083,-16.250,-165.500,0.438,-0.027,0.320,1.523,2.570,1.703,4.977,0.038,0.180,1.063,1.389,3,NULL,NULL,,3,0,2,7,255,1218,250,0,0
stim,137718,167839,0,167839,3365159.454,-0.789,-0.031,-0.051,-0.611,0,0,2485,0,3097,0,3003,2843,50,1.153,1,2194,0,173.151,3.594,-28.313,-170.813,-1.625,-0.137,0.313,1.457,2.570,2.512,4.977,0.040,0.190,1.063,1.389,3,NULL,NULL,,3,0,2,7,255,1218,250,0,0
stim,137718,167839,0,167839,3365164.455,-0.789,-0.037,-0.056,-0.611,0,0,2419,0,3091,0,3003,2807,50,1.153,1,2194,0,182.701,4.395,-23.938,-181.125,-0.625,-0.223,0.227,1.566,2.379,3.695,4.977,0.040,0.200,1.063,1.389,3,NULL,NULL,,3,0,2,7,255,1218,250,0,0
stim,137718,167839,0,167839,3365169.454,-0.788,-0.042,-0.063,-0.610,0,0,2328,0,3083,3,3007,2765,50,1.153,1,2194,0,196.680,4.816,-4.375,-196.625,1.625,-0.297,0.191,1.883,1.328,4.629,5.074,0.038,0.210,1.063,1.389,3,NULL,NULL,,3,0,2,7,255,1218,250,0,0
stim,137761,167882,0,167882,3365174.455,-0.788,-0.048,-0.070,-0.609,0,0,2235,0,3080,3,3004,2741,50,1.153,1,2194,0,214.557,6.119,-11.688,-213.813,13.500,-0.379,0.316,2.156,1.328,5.973,7.973,0.036,0.222,1.063,1.389,3,NULL,NULL,,3,0,2,7,255,1218,250,0,0
stim,137761,167882,0,167882,3365179.454,-0.788,-0.056,-0.077,-0.608,0,0,2105,0,3065,17,2989,2643,50,1.153,1,2194,0,237.291,7.968,-35.063,-233.563,22.938,-0.445,0.516,2.262,1.547,7.816,10.332,0.038,0.236,1.063,1.389,3,NULL,NULL,,3,0,2,7,255,1218,250,0,0
stim,137761,167882,0,167882,3365184.455,-0.788,-0.065,-0.084,-0.606,0,0,1963,0,3063,53,2971,2579,50,1.153,1,2194,0,265.505,10.054,-64.938,-256.188,25.375,-0.500,0.590,2.203,3.199,9.531,10.332,0.048,0.250,1.063,1.389,3,NULL,NULL,,3,0,2,7,255,1218,250,0,0
stim,137761,167882,0,167882,3365189.454,-0.788,-0.076,-0.091,-0.604,0,0,1847,0,3035,71,2963,2483,50,1.153,1,2194,0,294.475,10.636,-97.563,-276.313,29.125,-0.395,0.621,2.086,3.781,9.941,10.066,0.064,0.270,1.063,1.389,3,NULL,NULL,,3,0,2,7,255,1218,250,0,0
stim,137761,167882,0,167882,3365194.455,-0.787,-0.087,-0.098,-0.602,0,0,1716,0,3017,77,2933,2401,50,1.153,1,2194,0,316.653,10.636,-102.563,-297.250,37.313,-0.379,0.512,2.043,3.781,9.941,8.902,0.086,0.296,1.063,1.389,3,NULL,NULL,,3,0,2,7,255,1218,250,0,0
stim,137761,167882,0,167882,3365199.454,-0.787,-0.099,-0.106,-0.599,0,0,1580,0,2991,93,2915,2277,50,1.153,1,2194,0,338.843,10.514,-106.438,-318.063,48.188,-0.477,0.453,2.125,3.422,9.941,8.512,0.116,0.326,1.063,1.389,3,NULL,NULL,,3,0,2,7,255,1218,250,0,0
stim,137801,167922,0,167922,3365204.455,-0.787,-0.112,-0.115,-0.596,0,0,1484,0,2973,104,2867,2151,50,1.153,1,2194,0,356.350,11.888,-104.563,-336.938,50.250,-0.668,0.574,2.336,3.254,11.434,8.512,0.152,0.362,1.063,1.389,3,NULL,NULL,,3,0,2,7,255,1218,250,0,0
stim,137801,167922,0,167922,3365209.454,-0.785,-0.125,-0.123,-0.594,0,0,1401,0,2917,105,2812,2056,50,1.153,1,2194,0,375.510,15.036,-117.625,-356.000,20.875,-0.789,0.613,2.488,3.254,14.680,9.438,0.194,0.404,1.063,1.389,3,NULL,NULL,,3,0,2,7,255,1218,250,0,0
stim,137801,167922,0,167922,3365214.455,-0.782,-0.139,-0.133,-0.592,0,0,1323,0,2869,107,2751,1912,50,1.153,1,2194,0,390.734,17.254,-110.125,-374.875,-3.750,-0.617,0.598,2.703,3.328,16.930,9.895,0.240,0.452,1.063,1.389,3,NULL,NULL,,3,0,2,7,255,1218,250,0,0
stim,137801,167922,0,167922,3365219.454,-0.780,-0.153,-0.144,-0.590,0,0,1204,0,2821,81,2653,1779,50,1.153,1,2194,0,414.363,17.315,-105.563,-400.688,1.688,-0.680,0.371,2.941,3.328,16.992,11.895,0.290,0.502,1.063,1.389,3,NULL,NULL,,3,0,2,7,255,1218,250,0,0
stim,137801,167922,0,167922,3365224.455,-0.777,-0.169,-0.154,-0.587,0,0,1113,0,2745,71,2516,1637,50,1.153,1,2194,0,444.008,18.992,-147.250,-418.563,16.313,-0.863,0.645,2.879,3.453,18.676,11.895,0.342,0.554,1.063,1.389,3,NULL,NULL,,3,0,2,7,255,1218,250,0,0
stim,137801,167922,0,167922,3365229.454,-0.773,-0.186,-0.165,-0.584,0,0,967,0,2641,56,2340,1509,50,1.153,1,2194,0,464.206,21.737,-172.063,-431.063,-8.188,-0.918,0.766,2.754,3.453,21.461,10.977,0.396,0.610,1.063,1.389,3,NULL,NULL,,3,0,2,7,255,1218,250,0,0
stim,137801,167922,0,167922,3365234.455,-0.767,-0.202,-0.175,-0.583,0,0,798,0,2517,4,2106,1333,50,1.153,1,2194,0,471.533,21.737,-163.438,-440.250,-42.563,-0.789,0.445,2.684,3.453,21.461,8.641,0.454,0.672,1.063,1.389,3,NULL,NULL,,3,0,2,7,255,1218,250,0,0
stim,137801,167922,0,167922,3365239.454,-0.761,-0.219,-0.187,-0.581,0,0,683,0,2344,0,1811,1127,50,1.153,1,2194,0,485.778,21.117,-158.875,-456.938,-44.125,-0.473,0.027,2.664,2.027,21.020,8.641,0.522,0.740,1.063,1.389,3,NULL,NULL,,3,0,2,7,255,1218,250,0,0
stim,137801,167922,0,167922,3365244.455,-0.756,-0.236,-0.198,-0.578,0,0,499,0,2117,0,1455,977,50,1.153,1,2194,0,501.703,18.294,-168.375,-472.375,-14.750,-0.355,-0.379,2.332,-1.012,18.266,8.168,0.600,0.820,1.063,1.389,3,NULL,NULL,,3,0,2,7,255,1218,250,0,0
stim,137801,167922,0,167922,3365249.454,-0.750,-0.254,-0.210,-0.573,0,0,323,0,1847,0,987,811,50,1.153,1,2194,0,512.746,15.982,-166.125,-484.813,16.375,-0.129,-0.395,1.730,-4.047,15.461,7.191,0.686,0.910,1.063,1.389,3,NULL,NULL,,3,0,2,7,255,1218,250,0,0
stim,137801,167922,0,167922,3365254.455,-0.745,-0.271,-0.223,-0.567,0,0,249,0,1541,0,445,637,50,1.153,1,2194,0,505.759,11.583,-112.250,-492.938,14.313,-0.090,-0.418,1.348,-4.203,10.793,3.281,0.780,1.006,1.063,1.389,3,NULL,NULL,,3,0,2,7,255,1218,250,0,0
stim,137801,167922,0,167922,3365259.454,-0.741,-0.285,-0.237,-0.560,0,0,156,0,1149,0,151,491,50,1.153,1,2194,0,501.523,10.762,-38.813,-498.063,44.188,-0.117,-0.086,1.383,-4.047,9.973,0.242,0.880,1.108,1.063,1.389,3,NULL,NULL,,3,0,2,7,255,1218,250,0,0
stim,137831,167952,0,167952,3365264.455,-0.738,-0.297,-0.252,-0.551,0,0,117,0,746,0,0,415,50,1.153,1,2194,0,498.501,10.050,-3.625,-494.688,61.438,-0.277,0.223,1.770,-1.242,9.973,-0.113,0.982,1.214,1.063,1.389,3,NULL,NULL,,3,0,2,7,255,1218,250,0,0
stim,137831,167952,0,167952,3365269.454,-0.735,-0.311,-0.266,-0.541,0,0,105,0,301,0,0,325,50,1.153,1,2194,0,510.405,14.704,-17.563,-497.000,114.875,-0.605,0.211,1.992,-0.180,14.703,-0.645,1.080,1.314,1.063,1.389,3,NULL,NULL,,3,0,2,7,255,1218,250,0,0
stim,137831,167952,0,167952,3365274.455,-0.733,-0.327,-0.278,-0.528,0,0,37,0,0,0,0,210,50,1.153,1,2194,0,549.699,18.770,-54.438,-514.063,186.938,-1.055,0.309,1.898,-0.180,18.770,-1.617,1.164,1.402,1.063,1.389,3,NULL,NULL,,3,0,2,7,255,1218,250,0,0
stim,137831,167952,0,167952,3365279.454,-0.730,-0.345,-0.289,-0.514,0,0,30,0,0,0,0,115,50,1.153,1,2194,0,569.370,19.919,-97.063,-522.438,204.500,-1.223,0.641,1.520,-0.180,19.918,-6.563,1.238,1.478,1.063,1.389,3,NULL,NULL,,3,0,2,7,255,1218,250,0,0
stim,137831,167952,0,167952,3365284.455,-0.725,-0.362,-0.299,-0.503,0,0,22,0,0,0,0,29,50,1.153,1,2194,0,538.048,19.988,-138.375,-499.250,145.250,-0.980,1.094,1.055,1.672,19.918,-11.750,1.304,1.548,1.063,1.389,4,NULL,NULL,,3,0,2,7,255,1218,250,0,0
stim,137853,167974,0,167974,3365289.454,-0.719,-0.378,-0.309,-0.494,0,0,24,0,0,0,0,12,50,1.153,1,2194,0,496.692,17.055,-137.500,-467.500,96.125,-0.512,1.414,0.855,6.645,15.707,-13.125,1.370,1.618,1.063,1.389,0,NULL,NULL,,3,0,2,7,255,1218,250,0,0
stim,137853,167974,0,167974,3365294.455,-0.713,-0.394,-0.317,-0.486,0,0,25,0,0,0,0,63,50,1.153,1,2194,0,456.700,16.556,-167.875,-416.625,82.563,-0.133,1.293,0.863,11.090,12.293,-13.125,1.446,1.696,1.063,1.389,0,NULL,NULL,,3,0,2,7,255,1218,250,0,0
stim,137853,167974,0,167974,3365299.454,-0.707,-0.409,-0.321,-0.480,0,0,27,0,0,0,0,75,50,1.153,1,2194,0,426.062,15.146,-210.563,-357.688,96.188,0.016,0.465,0.891,11.090,10.316,-10.211,1.540,1.794,1.063,1.389,0,NULL,NULL,,3,0,2,7,255,1218,250,0,0
stim,137853,167974,0,167974,3365304.455,-0.702,-0.421,-0.324,-0.475,0,0,34,0,0,0,0,123,50,1.153,1,2194,0,332.674,9.359,-178.250,-266.563,88.563,-0.176,-0.074,0.754,3.977,8.473,-7.906,1.638,1.894,1.063,1.389,0,NULL,NULL,,3,0,2,7,255,1218,250,0,0
stim,137853,167974,0,167974,3365309.454,-0.699,-0.430,-0.326,-0.470,0,0,27,0,0,0,0,165,50,1.153,1,2194,0,245.553,8.612,-116.125,-200.625,81.000,-0.629,-0.188,1.102,-1.543,8.473,-7.906,1.736,1.994,1.063,1.389,0,NULL,NULL,,3,0,2,7,255,1218,250,0,0
stim,137901,168022,0,168022,3365314.455,-0.695,-0.437,-0.326,-0.468,0,0,31,0,0,0,0,173,50,1.153,1,2194,0,189.737,12.220,-130.313,-131.750,40.750,-0.863,0.023,1.520,-3.055,11.832,-10.133,1.828,2.088,1.063,1.389,0,NULL,NULL,,3,0,2,7,255,1218,250,0,0
stim,137901,168022,0,168022,3365319.454,-0.690,-0.445,-0.324,-0.470,0,0,27,0,0,0,0,175,50,1.153,1,2194,0,221.769,14.306,-215.813,-50.500,-7.500,-0.652,0.207,1.266,-3.055,13.977,-11.211,1.914,2.174,1.063,1.389,0,NULL,NULL,,3,0,2,7,255,1218,250,0,0
stim,137901,168022,0,168022,3365324.455,-0.685,-0.453,-0.317,-0.475,0,0,27,0,0,0,0,143,50,1.153,1,2194,0,277.608,13.982,-276.188,27.813,-3.625,-0.359,0.449,0.465,-0.398,13.977,-11.324,1.990,2.254,1.063,1.389,0,NULL,NULL,,3,0,2,7,255,1218,250,0,0
stim,137901,168022,0,168022,3365329.454,-0.682,-0.458,-0.309,-0.479,0,0,29,0,0,0,0,127,50,1.153,1,2194,0,272.569,6.616,-253.813,96.438,23.938,-0.328,0.711,-0.227,2.910,5.941,-12.594,2.054,2.318,1.063,1.389,0,NULL,NULL,,3,0,2,7,255,1218,250,0,0
stim,137901,168022,0,168022,3365334.455,-0.681,-0.460,-0.300,-0.484,0,0,27,0,0,0,0,103,50,1.153,1,2194,0,221.200,3.557,-159.250,152.000,21.563,-0.457,0.605,-0.520,3.547,-0.262,-15.809,2.112,2.378,1.063,1.389,0,NULL,NULL,,3,0,2,7,255,1218,250,0,0
stim,137901,168022,0,168022,3365339.454,-0.682,-0.458,-0.293,-0.489,0,0,25,0,0,0,0,103,50,1.153,1,2194,0,204.002,3.557,-70.813,191.313,1.375,-0.531,0.223,-0.219,3.547,-0.262,-15.852,2.162,2.432,1.063,1.389,0,NULL,NULL,,3,0,2,7,255,1218,250,0,0
stim,137901,168022,0,168022,3365344.455,-0.683,-0.455,-0.286,-0.494,0,0,27,0,0,0,0,101,50,1.153,1,2194,0,227.163,0.223,-49.000,221.750,-5.375,-0.445,0.027,0.086,-0.043,0.219,-15.852,2.206,2.478,1.063,1.389,0,NULL,NULL,,3,0,2,7,255,1218,250,0,0
stim,137901,168022,0,168022,3365349.454,-0.685,-0.451,-0.277,-0.500,0,0,20,0,0,0,0,97,50,1.153,1,2194,0,251.956,1.651,-62.500,243.938,8.375,-0.305,0.055,0.031,-0.578,1.547,-13.227,2.238,2.514,1.063,1.389,0,NULL,NULL,,3,0,2,7,255,1218,250,0,0
stim,137922,168043,0,168043,3365354.455,-0.688,-0.448,-0.268,-0.505,0,0,19,0,0,0,0,91,50,1.153,1,2194,0,264.890,1.651,-52.250,257.125,36.375,-0.273,0.133,-0.223,-0.578,1.547,-13.227,2.258,2.534,1.063,1.389,0,NULL,NULL,,3,0,2,7,255,1218,250,0,0
stim,137922,168043,0,168043,3365359.454,-0.692,-0.442,-0.259,-0.509,0,0,17,0,0,0,0,82,50,1.153,1,2194,0,271.126,0.676,-9.688,265.313,55.000,-0.375,0.238,-0.324,-0.074,-0.672,-13.453,2.264,2.544,1.063,1.389,0,NULL,NULL,,3,0,2,7,255,1218,250,0,0
stim,137922,168043,0,168043,3365364.455,-0.696,-0.436,-0.250,-0.512,0,0,16,0,0,0,0,74,50,1.153,1,2194,0,278.683,0.787,32.875,271.688,52.625,-0.430,0.320,-0.219,0.410,-0.672,-15.098,2.270,2.550,1.063,1.389,0,NULL,NULL,,3,0,2,7,255,1218,250,0,0
stim,137922,168043,0,168043,3365369.454,-0.702,-0.428,-0.242,-0.515,0,0,11,0,0,0,0,63,50,1.153,1,2194,0,286.812,1.136,58.625,275.875,52.125,-0.387,0.309,-0.066,1.063,0.402,-15.098,2.274,2.558,1.063,1.389,0,NULL,NULL,,3,0,2,7,255,1218,250,0,0
stim,137922,168043,0,168043,3365374.455,-0.707,-0.420,-0.234,-0.518,0,0,19,0,0,0,0,55,50,1.153,1,2194,0,294.417,1.961,73.188,277.625,65.188,-0.391,0.277,0.051,1.148,1.590,-14.211,2.280,2.564,1.063,1.389,0,NULL,NULL,,3,0,2,7,255,1218,250,0,0
stim,137950,168071,0,168071,3365379.454,-0.713,-0.412,-0.226,-0.520,0,0,21,0,0,0,0,55,50,1.153,1,2194,0,299.426,2.890,84.313,277.750,73.500,-0.477,0.285,0.148,1.148,2.652,-13.559,2.284,2.570,1.063,1.389,0,NULL,NULL,,3,0,2,7,255,1218,250,0,0
stim,137950,168071,0,168071,3365384.455,-0.719,-0.403,-0.219,-0.523,0,0,18,0,0,0,0,47,50,1.153,1,2194,0,299.740,4.134,94.500,276.375,67.313,-0.535,0.277,0.250,1.016,4.008,-13.480,2.286,2.576,1.063,1.389,0,NULL,NULL,,3,0,2,7,255,1218,250,0,0
stim,137950,168071,0,168071,3365389.454,-0.724,-0.394,-0.212,-0.525,0,0,18,0,0,0,0,47,50,1.153,1,2194,0,297.807,5.281,102.125,273.750,57.625,-0.512,0.238,0.359,0.883,5.207,-13.281,2.290,2.582,1.063,1.389,0,NULL,NULL,,3,0,2,7,255,1218,250,0,0
stim,137950,168071,0,168071,3365394.455,-0.729,-0.385,-0.205,-0.527,0,0,19,0,0,0,0,45,50,1.153,1,2194,0,296.087,6.048,105.000,272.000,51.563,-0.488,0.203,0.480,0.727,6.004,-12.207,2.296,2.592,1.063,1.389,0,NULL,NULL,,3,0,2,7,255,1218,250,0,0
stim,137950,168071,0,168071,3365399.454,-0.734,-0.376,-0.198,-0.530,0,0,21,0,0,0,0,46,50,1.153,1,2194,0,295.039,6.826,104.063,272.375,45.063,-0.508,0.195,0.594,0.668,6.793,-11.027,2.306,2.602,1.063,1.389,0,NULL,NULL,,3,0,2,7,255,1218,250,0,0
stim,137950,168071,0,168071,3365404.455,-0.739,-0.366,-0.191,-0.532,0,0,23,0,0,0,0,45,50,1.153,1,2194,0,295.068,7.810,102.500,274.688,33.250,-0.535,0.191,0.691,0.668,7.781,-10.254,2.320,2.618,1.063,1.389,0,NULL,NULL,,3,0,2,7,255,1218,250,0,0
stim,138000,168121,0,168121,3365409.454,-0.743,-0.357,-0.184,-0.536,0,0,18,0,0,0,0,51,50,1.153,1,2194,0,296.081,8.719,97.875,278.938,16.688,-0.531,0.191,0.824,0.691,8.691,-9.613,2.336,2.636,1.063,1.389,0,NULL,NULL,,3,0,2,7,255,1218,250,0,0
stim,138000,168121,0,168121,3365414.455,-0.746,-0.347,-0.177,-0.540,0,0,23,0,0,0,0,59,50,1.153,1,2194,0,299.071,9.619,86.625,286.250,0.813,-0.500,0.188,0.930,0.883,9.578,-8.496,2.358,2.662,1.063,1.389,0,NULL,NULL,,3,0,2,7,255,1218,250,0,0
stim,138000,168121,0,168121,3365419.454,-0.749,-0.338,-0.169,-0.544,0,0,20,0,0,0,0,53,50,1.153,1,2194,0,304.919,10.159,70.188,296.438,-13.188,-0.469,0.211,0.996,1.148,10.094,-7.332,2.386,2.690,1.063,1.389,0,NULL,NULL,,3,0,2,7,255,1218,250,0,0
stim,138000,168121,0,168121,3365424.455,-0.751,-0.328,-0.161,-0.550,0,0,21,0,0,0,0,55,50,1.153,1,2194,0,315.107,10.221,52.938,309.313,-28.563,-0.398,0.230,0.996,1.605,10.094,-6.492,2.416,2.724,1.063,1.389,0,NULL,NULL,,3,0,2,7,255,1218,250,0,0
stim,138000,168121,0,168121,3365429.454,-0.753,-0.319,-0.152,-0.556,0,0,19,0,0,0,0,59,50,1.153,1,2194,0,328.857,9.923,39.625,323.625,-42.938,-0.270,0.207,0.922,2.133,9.691,-5.879,2.450,2.760,1.063,1.389,0,NULL,NULL,,3,0,2,7,255,1218,250,0,0
stim,138000,168121,0,168121,3365434.455,-0.754,-0.309,-0.143,-0.562,0,0,20,0,0,0,0,59,50,1.153,1,2194,0,341.537,8.385,35.063,336.500,-46.750,-0.195,0.164,0.809,2.133,8.109,-5.406,2.486,2.800,1.063,1.389,0,NULL,NULL,,3,0,2,7,255,1218,250,0,0
stim,138000,168121,0,168121,3365439.454,-0.755,-0.299,-0.133,-0.568,0,0,21,0,0,0,0,69,50,1.153,1,2194,0,351.084,6.992,40.188,345.688,-46.313,-0.199,0.176,0.746,2.129,6.660,-5.406,2.526,2.842,1.063,1.389,0,NULL,NULL,,3,0,2,7,255,1218,250,0,0
stim,138020,168141,0,168141,3365444.455,-0.756,-0.288,-0.123,-0.575,0,0,16,0,0,0,0,78,50,1.153,1,2194,0,359.501,6.514,49.188,352.313,-51.938,-0.195,0.184,0.738,2.129,6.156,-5.645,2.566,2.884,1.063,1.389,0,NULL,NULL,,3,0,2,7,255,1218,250,0,0
stim,138020,168141,0,168141,3365449.454,-0.757,-0.277,-0.114,-0.581,0,0,13,0,0,0,0,93,50,1.153,1,2194,0,365.488,6.357,57.438,356.438,-56.875,-0.125,0.148,0.727,2.199,5.965,-5.645,2.606,2.926,1.063,1.389,0,NULL,NULL,,3,0,2,7,255,1218,250,0,0
stim,138020,168141,0,168141,3365454.455,-0.758,-0.265,-0.105,-0.587,0,0,12,0,0,0,0,102,50,1.153,1,2194,0,369.026,5.570,69.250,358.500,-53.500,-0.047,0.121,0.699,2.199,5.117,-5.094,2.646,2.968,1.063,1.389,0,NULL,NULL,,3,0,2,7,255,1218,250,0,0
stim,138020,168141,0,168141,3365459.454,-0.759,-0.253,-0.096,-0.592,0,0,11,0,0,0,0,103,50,1.153,1,2194,0,371.627,4.688,86.125,358.563,-46.063,-0.008,0.141,0.695,2.199,4.141,-4.723,2.684,3.008,1.063,1.389,0,NULL,NULL,,3,0,2,7,255,1218,250,0,0
stim,138020,168141,0,168141,3365464.455,-0.760,-0.240,-0.087,-0.597,0,0,11,0,0,0,0,107,50,1.153,1,2194,0,373.639,4.626,105.938,356.313,-37.750,-0.035,0.156,0.742,2.453,3.922,-4.492,2.720,3.048,1.063,1.389,0,NULL,NULL,,3,0,2,7,255,1218,250,0,0
stim,138020,168141,0,168141,3365469.454,-0.761,-0.227,-0.080,-0.602,0,0,9,0,0,0,0,106,50,1.153,1,2194,0,375.851,4.715,126.500,351.938,-37.438,-0.066,0.281,0.805,2.617,3.922,-4.121,2.756,3.086,1.063,1.389,0,NULL,NULL,,3,0,2,7,255,1218,250,0,0
stim,138047,168168,0,168168,3365474.455,-0.763,-0.213,-0.072,-0.607,0,0,12,0,0,0,0,107,50,1.153,1,2194,0,377.698,5.277,141.688,348.188,-36.688,0.035,0.207,0.926,3.531,3.922,-3.918,2.790,3.122,1.063,1.389,0,NULL,NULL,,3,0,2,7,255,1218,250,0,0
stim,138047,168168,0,168168,3365479.454,-0.764,-0.199,-0.065,-0.610,0,0,9,0,0,0,0,108,50,1.153,1,2194,0,374.938,5.148,148.500,343.688,-20.125,0.105,0.152,0.996,3.531,3.746,-2.121,2.824,3.160,1.063,1.389,0,NULL,NULL,,3,0,2,7,255,1218,250,0,0
stim,138047,168168,0,168168,3365484.455,-0.766,-0.184,-0.058,-0.613,0,0,12,0,0,0,0,107,50,1.153,1,2194,0,372.192,4.504,153.500,339.063,1.188,0.090,0.148,1.059,3.262,3.105,-0.988,2.860,3.196,1.063,1.389,0,NULL,NULL,,3,0,2,7,255,1218,250,0,0
stim,138047,168168,0,168168,3365489.454,-0.768,-0.170,-0.051,-0.615,0,0,19,0,0,0,0,107,50,1.153,1,2194,0,372.319,4.504,162.875,334.625,10.938,-0.023,0.242,1.098,3.262,3.105,-0.426,2.894,3.234,1.063,1.389,0,NULL,NULL,,3,0,2,7,255,1218,250,0,0
stim,138047,168168,0,168168,3365494.455,-0.770,-0.155,-0.045,-0.617,0,0,18,0,0,0,0,107,50,1.153,1,2194,0,375.893,5.641,178.313,330.813,7.938,-0.098,0.262,1.230,3.855,4.117,-0.359,2.930,3.272,1.063,1.389,0,NULL,NULL,,3,0,2,7,255,1218,250,0,0
stim,138047,168168,0,168168,3365499.454,-0.772,-0.140,-0.039,-0.619,0,0,19,0,0,0,0,100,50,1.153,1,2194,0,375.904,6.200,182.000,328.875,4.563,-0.094,0.203,1.395,3.855,4.855,0.730,2.964,3.308,1.063,1.389,0,NULL,NULL,,3,0,2,7,255,1218,250,0,0
stim,138071,168192,0,168192,3365504.455,-0.773,-0.125,-0.032,-0.621,0,0,18,0,0,0,0,95,50,1.153,1,2194,0,371.710,6.045,173.500,328.688,5.500,-0.113,0.184,1.504,3.602,4.855,2.605,2.994,3.340,1.063,1.389,0,NULL,NULL,,3,0,2,7,255,1218,250,0,0
stim,138071,168192,0,168192,3365509.454,-0.774,-0.111,-0.026,-0.623,0,0,12,0,0,0,0,93,50,1.153,1,2194,0,367.273,6.045,165.875,327.563,8.813,-0.172,0.234,1.602,3.602,4.855,3.797,3.022,3.372,1.063,1.389,0,NULL,NULL,,3,0,2,7,255,1218,250,0,0
stim,138101,168222,0,168222,3365514.455,-0.775,-0.097,-0.019,-0.624,0,0,13,0,0,0,0,97,50,1.153,1,2194,0,362.656,6.485,158.438,326.188,4.313,-0.230,0.258,1.707,3.770,5.277,4.703,3.050,3.400,1.063,1.389,0,NULL,NULL,,3,0,2,7,255,1218,250,0,0
stim,138101,168222,0,168222,3365519.454,-0.776,-0.083,-0.012,-0.626,0,0,17,0,0,0,0,102,50,1.153,1,2194,0,356.552,6.492,147.250,324.688,-5.000,-0.242,0.223,1.801,3.770,5.285,5.781,3.074,3.428,1.063,1.389,0,NULL,NULL,,3,0,2,7,255,1218,250,0,0
stim,138101,168222,0,168222,3365524.455,-0.775,-0.069,-0.005,-0.628,0,0,17,0,0,0,0,111,50,1.153,1,2194,0,348.550,6.363,131.000,322.813,-10.875,-0.219,0.199,1.840,3.543,5.285,6.914,3.098,3.454,1.063,1.389,0,NULL,NULL,,3,0,2,7,255,1218,250,0,0
stim,138101,168222,0,168222,3365529.454,-0.775,-0.057,0.003,-0.629,0,0,18,0,0,0,0,123,50,1.153,1,2194,0,341.364,5.652,116.625,320.563,-12.938,-0.203,0.184,1.805,3.336,4.563,7.359,3.120,3.478,1.063,1.389,0,NULL,NULL,,3,0,2,7,255,1218,250,0,0
stim,138101,168222,0,168222,3365534.455,-0.775,-0.044,0.010,-0.631,0,0,17,0,0,0,0,121,50,1.153,1,2194,0,336.649,4.964,111.438,317.313,-15.063,-0.211,0.156,1.762,3.141,3.844,7.359,3.144,3.502,1.063,1.389,0,NULL,NULL,,3,0,2,7,255,1218,250,0,0
stim,138101,168222,0,168222,3365539.454,-0.774,-0.032,0.018,-0.632,0,0,17,0,0,0,0,122,50,1.153,1,2194,0,333.801,4.298,113.125,313.438,-19.563,-0.219,0.129,1.750,2.734,3.316,7.113,3.168,3.528,1.063,1.389,0,NULL,NULL,,3,0,2,7,255,1218,250,0,0
stim,138101,168222,0,168222,3365544.455,-0.773,-0.019,0.025,-0.634,0,0,17,0,0,0,0,133,50,1.153,1,2194,0,331.645,3.699,117.438,309.188,-24.500,-0.203,0.102,1.766,2.379,2.832,7.113,3.192,3.556,1.063,1.389,0,NULL,NULL,,3,0,2,7,255,1218,250,0,0
stim,138101,168222,0,168222,3365549.454,-0.771,-0.006,0.032,-0.635,0,0,22,0,0,0,0,122,50,1.153,1,2194,0,330.340,3.005,123.938,305.000,-27.188,-0.180,0.082,1.789,2.113,2.137,7.340,3.218,3.584,1.063,1.389,0,NULL,NULL,,3,0,2,7,255,1218,250,0,0
stim,138101,168222,0,168222,3365554.455,-0.770,0.007,0.038,-0.637,0,0,17,0,0,0,0,121,50,1.153,1,2194,0,330.472,2.355,133.438,301.000,-28.375,-0.164,0.070,1.824,1.906,1.383,7.664,3.246,3.612,1.063,1.389,0,NULL,NULL,,3,0,2,7,255,1218,250,0,0
stim,138101,168222,0,168222,3365559.454,-0.768,0.020,0.044,-0.638,0,0,21,0,0,0,0,117,50,1.153,1,2194,0,332.385,1.863,145.000,297.563,-30.188,-0.141,0.020,1.863,1.727,0.699,8.059,3.272,3.642,1.063,1.389,0,NULL,NULL,,3,0,2,7,255,1218,250,0,0
stim,138131,168252,0,168252,3365564.455,-0.766,0.033,0.049,-0.640,0,0,22,0,0,0,0,117,50,1.153,1,2194,0,336.174,1.201,158.188,295.000,-31.063,-0.086,-0.035,1.898,1.188,-0.180,8.477,3.298,3.670,1.063,1.389,0,NULL,NULL,,3,0,2,7,255,1218,250,0,0
stim,138131,168252,0,168252,3365569.454,-0.764,0.047,0.054,-0.641,0,0,19,0,0,0,0,119,50,1.153,1,2194,0,343.311,1.447,174.688,293.875,-31.375,-0.004,-0.074,1.918,0.602,-1.316,8.758,3.322,3.696,1.063,1.389,0,NULL,NULL,,3,0,2,7,255,1218,250,0,0
stim,138131,168252,0,168252,3365574.455,-0.762,0.062,0.058,-0.642,0,0,24,0,0,0,0,115,50,1.153,1,2194,0,354.082,2.725,196.250,293.125,-30.625,0.098,-0.105,1.980,0.191,-2.719,8.824,3.344,3.718,1.063,1.389,0,NULL,NULL,,3,0,2,7,255,1218,250,0,0
stim,138131,168252,0,168252,3365579.454,-0.759,0.077,0.062,-0.643,0,0,26,0,0,0,0,115,50,1.153,1,2194,0,367.085,4.348,217.750,294.000,-30.000,0.230,-0.086,2.086,0.000,-4.348,9.188,3.362,3.738,1.063,1.389,0,NULL,NULL,,3,0,2,7,255,1218,250,0,0
stim,138154,168275,0,168275,3365584.455,-0.757,0.093,0.065,-0.644,0,0,24,0,0,0,0,123,50,1.153,1,2194,0,380.472,6.305,236.938,296.188,-29.875,0.398,-0.066,2.199,0.000,-6.305,9.820,3.374,3.754,1.063,1.389,0,NULL,NULL,,3,0,2,7,255,1218,250,0,0
stim,138154,168275,0,168275,3365589.454,-0.754,0.110,0.068,-0.645,0,0,27,0,0,0,0,121,50,1.153,1,2194,0,394.838,8.680,255.938,299.313,-28.375,0.570,-0.074,2.332,0.000,-8.680,10.348,3.380,3.762,1.063,1.389,0,NULL,NULL,,3,0,2,7,255,1218,250,0,0
stim,138154,168275,0,168275,3365594.455,-0.750,0.127,0.070,-0.645,0,0,25,0,0,0,0,121,50,1.153,1,2194,0,407.354,11.227,271.688,302.563,-24.063,0.719,-0.078,2.500,-0.082,-11.227,10.941,3.380,3.762,1.063,1.389,0,NULL,NULL,,3,0,2,7,255,1218,250,0,0
stim,138154,168275,0,168275,3365599.454,-0.747,0.145,0.073,-0.645,0,0,29,0,0,0,0,119,50,1.153,1,2194,0,414.995,13.673,280.313,305.438,-18.813,0.832,-0.086,2.680,-0.379,-13.668,11.750,3.372,3.758,1.063,1.389,0,NULL,NULL,,3,0,2,7,255,1218,250,0,0
stim,138154,168275,0,168275,3365604.455,-0.743,0.162,0.075,-0.645,0,0,29,0,0,0,0,111,50,1.153,1,2194,0,416.737,15.922,278.875,309.125,-18.438,0.922,-0.078,2.848,-0.859,-15.898,12.664,3.354,3.744,1.063,1.389,0,NULL,NULL,,3,0,2,7,255,1218,250,0,0
stim,138154,168275,0,168275,3365609.454,-0.739,0.180,0.078,-0.644,0,0,25,0,0,0,0,110,50,1.153,1,2194,0,410.768,18.011,266.625,311.875,-19.375,0.938,-0.078,2.980,-1.293,-17.965,13.434,3.328,3.718,1.063,1.389,0,NULL,NULL,,3,0,2,7,255,1218,250,0,0
stim,138199,168320,0,168320,3365614.455,-0.735,0.196,0.081,-0.644,0,0,29,0,0,0,0,117,50,1.153,1,2194,0,401.160,19.325,252.438,310.813,-24.500,0.984,-0.008,3.156,-1.828,-19.238,13.992,3.286,3.678,1.063,1.389,0,NULL,NULL,,3,0,2,7,255,1218,250,0,0
stim,138199,168320,0,168320,3365619.454,-0.731,0.212,0.085,-0.643,0,0,31,0,0,0,0,136,50,1.153,1,2194,0,385.149,21.041,226.750,308.438,-42.313,1.125,0.137,3.320,-1.828,-20.961,14.906,3.232,3.626,1.063,1.389,0,NULL,NULL,,3,0,2,7,255,1218,250,0,0
stim,138199,168320,0,168320,3365624.455,-0.726,0.226,0.090,-0.643,0,0,24,0,0,0,0,147,50,1.153,1,2194,0,360.113,23.493,184.000,303.563,-60.625,1.387,0.215,3.402,-0.891,-23.477,14.906,3.166,3.562,1.063,1.389,0,NULL,NULL,,3,0,2,7,255,1218,250,0,0
stim,138199,168320,0,168320,3365629.454,-0.721,0.238,0.097,-0.644,0,0,25,0,0,0,0,159,50,1.153,1,2194,0,327.052,26.789,123.125,295.000,-69.125,1.707,0.152,3.285,-0.449,-26.785,14.453,3.092,3.488,1.063,1.389,0,NULL,NULL,,3,0,2,7,255,1218,250,0,0
stim,138199,168320,0,168320,3365634.455,-0.717,0.247,0.104,-0.643,0,0,25,0,0,0,0,176,50,1.153,1,2194,0,294.766,29.738,62.000,280.875,-64.438,2.023,0.008,2.891,-0.449,-29.734,11.176,3.008,3.406,1.063,1.389,0,NULL,NULL,,3,0,2,7,255,1218,250,0,0
stim,138199,168320,0,168320,3365639.454,-0.714,0.255,0.112,-0.642,0,0,24,0,0,0,0,201,50,1.153,1,2194,0,269.361,31.150,29.438,262.500,-52.750,2.281,-0.164,2.363,-0.902,-31.137,5.344,2.920,3.318,1.063,1.389,0,NULL,NULL,,3,0,2,7,255,1218,250,0,0
stim,138199,168320,0,168320,3365644.455,-0.711,0.262,0.120,-0.641,0,0,21,0,0,0,0,247,50,1.153,1,2194,0,243.858,31.184,18.563,239.125,-44.063,2.523,-0.270,2.082,-1.488,-31.148,-1.332,2.822,3.222,1.063,1.389,0,NULL,NULL,,3,0,2,7,255,1218,250,0,0
stim,138199,168320,0,168320,3365649.454,-0.709,0.268,0.127,-0.640,0,0,19,0,0,0,0,277,50,1.153,1,2194,0,216.175,31.976,4.625,214.313,-27.938,2.875,-0.203,1.707,-1.488,-31.941,-5.715,2.718,3.120,1.063,1.389,0,NULL,NULL,,3,0,2,7,255,1218,250,0,0
stim,138221,168342,0,168342,3365654.455,-0.707,0.274,0.132,-0.639,0,0,12,0,0,0,0,334,50,1.153,1,2194,0,186.761,32.127,24.688,183.750,-22.500,3.020,-0.566,1.313,-1.770,-32.078,-11.059,2.608,3.010,1.063,1.389,0,NULL,NULL,,3,0,2,7,255,1218,250,0,0
stim,138221,168342,0,168342,3365659.454,-0.705,0.279,0.136,-0.638,0,0,13,0,0,0,0,371,50,1.153,1,2194,0,165.066,32.988,30.063,160.875,-21.500,3.566,-1.047,0.871,-2.820,-32.867,-16.199,2.492,2.894,1.063,1.389,0,NULL,NULL,,3,0,2,7,255,1218,250,0,0
stim,138221,168342,0,168342,3365664.455,-0.703,0.285,0.139,-0.637,0,0,11,0,0,0,0,372,50,1.153,1,2194,0,162.576,33.658,75.750,143.813,3.313,3.898,-1.258,0.238,-6.051,-33.109,-24.039,2.370,2.770,1.063,1.389,0,NULL,NULL,,3,0,2,7,255,1218,250,0,0
stim,138221,168342,0,168342,3365669.454,-0.701,0.293,0.138,-0.635,0,0,19,0,0,0,0,375,50,1.153,1,2194,0,180.027,34.500,136.313,112.188,35.250,4.117,-1.715,0.074,-6.699,-33.844,-31.766,2.244,2.644,1.063,1.389,0,NULL,NULL,,3,0,2,7,255,1218,250,0,0
stim,138221,168342,0,168342,3365674.455,-0.700,0.303,0.133,-0.633,0,0,18,0,0,0,0,375,50,1.153,1,2194,0,254.580,34.691,227.688,84.250,76.625,4.055,-2.348,0.035,-10.355,-33.109,-35.637,2.118,2.516,1.063,1.389,0,NULL,NULL,,3,0,2,7,255,1218,250,0,0
stim,138248,168369,0,168369,3365679.454,-0.698,0.315,0.124,-0.631,0,0,21,0,31,0,0,375,50,1.153,1,2194,0,370.270,36.779,350.250,50.438,109.000,3.672,-2.480,0.613,-16.031,-33.102,-35.637,1.990,2.388,1.063,1.389,0,NULL,NULL,,3,0,2,7,255,1218,250,0,0
stim,138248,168369,0,168369,3365684.455,-0.695,0.329,0.111,-0.629,0,0,23,0,43,0,0,365,50,1.153,1,2194,0,430.965,36.783,412.938,12.063,122.750,3.250,-1.855,1.973,-16.039,-33.102,-32.055,1.860,2.254,1.063,1.389,0,NULL,NULL,,3,0,2,7,255,1218,250,0,0
stim,138248,168369,0,168369,3365689.454,-0.694,0.340,0.098,-0.627,0,0,21,0,39,0,0,371,50,1.153,1,2194,0,397.700,40.650,371.000,-37.563,138.250,2.875,-1.043,3.242,-16.039,-37.352,-18.465,1.724,2.118,1.063,1.389,0,NULL,NULL,,3,0,2,7,255,1218,250,0,0
stim,138248,168369,0,168369,3365694.455,-0.695,0.345,0.087,-0.624,0,0,25,0,27,0,0,375,50,1.153,1,2194,0,292.122,43.487,226.375,-78.875,166.938,2.480,-0.391,4.195,-12.563,-41.633,-4.875,1.580,1.974,1.063,1.389,0,NULL,NULL,,3,0,2,7,255,1218,250,0,0
stim,138248,168369,0,168369,3365699.454,-0.698,0.346,0.080,-0.622,0,0,11,0,20,0,0,390,50,1.153,1,2194,0,193.291,42.861,97.688,-100.563,133.063,1.742,-0.383,3.402,-10.188,-41.633,4.871,1.432,1.824,1.063,1.389,0,NULL,NULL,,3,0,2,7,255,1218,250,0,0
stim,138248,168369,0,168369,3365704.455,-0.699,0.346,0.073,-0.622,0,0,9,139,1,5,0,565,50,1.153,1,2194,0,161.599,34.933,84.563,-124.250,59.375,0.902,-0.512,3.242,-10.188,-33.414,6.535,1.276,1.668,1.063,1.389,0,NULL,NULL,,3,0,2,7,255,1218,250,0,0
stim,138296,168417,0,168417,3365709.454,-0.703,0.352,0.049,-0.616,613,0,4,979,0,93,0,601,50,1.153,1,2194,0,579.173,29.802,400.813,-259.875,327.500,-0.637,0.273,5.918,-12.371,-27.113,7.852,1.114,1.504,1.063,1.389,0,NULL,NULL,,3,0,2,7,255,1218,250,0,0
stim,138321,168442,0,168442,3365714.455,-0.719,0.340,0.043,-0.604,1256,0,0,1563,0,416,0,631,50,1.153,1,2194,0,567.024,28.413,-254.250,-199.875,465.750,-1.270,3.219,6.156,-12.371,-25.578,38.543,0.944,1.334,1.063,1.389,0,NULL,NULL,,3,0,2,7,255,1218,250,0,0
stim,138321,168442,0,168442,3365719.454,-0.738,0.309,0.060,-0.596,1791,0,0,1903,0,585,0,679,50,1.153,1,2194,0,939.841,21.334,-904.375,-120.063,225.813,-1.254,3.813,1.496,5.867,-20.512,38.543,0.774,1.158,1.063,1.389,0,NULL,NULL,,3,0,2,7,255,1218,250,0,0
stim,138321,168442,0,168442,3365724.455,-0.753,0.282,0.073,-0.590,2131,0,0,2075,0,825,0,731,51,1.153,1,2195,0,773.960,23.890,-743.500,-130.313,171.000,-2.125,2.902,-1.273,22.883,6.863,21.211,0.610,0.980,1.063,1.389,1,1202.000,-16.000,,3,0,2,7,255,1218,250,0,0
stim,138321,168442,0,168442,3365729.454,-0.760,0.267,0.078,-0.588,2331,0,0,2195,0,973,0,808,51,1.153,1,2195,0,416.285,34.247,-393.313,-114.188,74.563,-1.820,1.645,-1.531,22.883,25.480,-2.164,0.464,0.812,1.063,1.389,1,NULL,NULL,,3,0,2,7,255,1218,250,0,0
stim,138321,168442,0,168442,3365734.455,-0.762,0.259,0.077,-0.589,2460,0,0,2279,0,1165,0,887,51,1.153,1,2195,0,190.114,28.267,-132.813,-135.500,-12.000,-0.328,0.395,0.539,12.238,25.480,-2.816,0.354,0.648,1.063,1.389,1,NULL,NULL,,3,0,2,7,255,1218,250,0,0
stim,138321,168442,0,168442,3365739.454,-0.766,0.251,0.076,-0.587,2575,0,0,2360,0,1307,0,964,51,1.153,1,2195,0,203.316,10.755,-141.438,-120.313,82.813,0.516,1.230,1.406,10.719,0.887,-2.816,0.306,0.496,1.063,1.389,1,NULL,NULL,,3,0,2,7,255,1218,250,0,0
stim,138321,168442,0,168442,3365744.455,-0.774,0.241,0.075,-0.581,2713,0,0,2553,0,1417,0,1017,51,1.153,1,2195,0,321.061,10.863,-219.813,-129.375,195.000,0.008,2.277,1.484,10.719,-1.766,3.352,0.316,0.374,1.063,1.389,2,NULL,NULL,,3,0,2,7,255,1218,250,0,0
stim,138321,168442,0,168442,3365749.454,-0.782,0.229,0.076,-0.575,2835,0,0,2699,0,1463,0,1081,51,1.153,1,2195,0,374.923,10.863,-289.813,-140.313,192.063,-1.488,0.648,1.016,10.719,-1.766,6.168,0.362,0.304,1.063,1.389,2,NULL,NULL,,3,0,2,7,255,1218,250,0,0
stim,138321,168442,0,168442,3365754.455,-0.790,0.212,0.078,-0.570,2917,0,0,2811,0,1533,0,1187,51,1.153,1,2195,0,441.881,9.750,-379.500,-183.438,132.625,-2.293,-1.398,0.117,-0.066,9.750,6.168,0.392,0.296,1.063,1.389,2,NULL,NULL,,3,0,2,7,255,1218,250,0,0
stim,138321,168442,0,168442,3365759.454,-0.791,0.198,0.079,-0.573,2972,0,0,2903,0,1583,0,1325,51,1.153,1,2195,0,331.666,23.133,-272.000,-177.375,-67.500,-1.727,-1.414,-0.891,-18.125,14.375,-3.547,0.390,0.324,1.063,1.389,2,NULL,NULL,,3,0,2,7,255,1218,250,0,0
stim,138321,168442,0,168442,3365764.455,-0.789,0.191,0.074,-0.579,3025,0,0,2979,0,1637,0,1439,51,1.153,1,2195,0,239.803,23.133,-45.313,-193.813,-133.750,-0.281,-0.680,-0.211,-18.125,14.375,-12.039,0.390,0.352,1.063,1.389,2,NULL,NULL,,3,0,2,7,255,1218,250,0,0
stim,138321,168442,0,168442,3365769.454,-0.786,0.189,0.067,-0.584,3047,0,0,3021,0,1662,0,1500,51,1.153,1,2195,0,227.459,7.235,93.188,-174.188,-112.750,0.617,-0.516,1.426,-7.105,1.363,-12.039,0.398,0.378,1.063,1.389,2,NULL,NULL,,3,0,2,7,255,1218,250,0,0
stim,138345,168466,0,168466,3365774.455,-0.785,0.187,0.061,-0.587,3068,0,0,3063,0,1709,0,1543,51,1.153,1,2195,0,162.926,12.907,50.500,-150.750,-35.625,1.039,-0.629,2.270,-4.926,-11.930,0.184,0.420,0.406,1.063,1.389,2,NULL,NULL,,3,0,2,7,255,1218,250,0,0
stim,138345,168466,0,168466,3365779.454,-0.788,0.180,0.058,-0.586,3097,0,0,3111,0,1756,0,1547,51,1.153,1,2195,0,177.915,18.922,-92.750,-141.563,54.875,0.906,-0.992,2.266,-4.926,-18.270,6.430,0.444,0.434,1.063,1.389,2,NULL,NULL,,3,0,2,7,255,1218,250,0,0
stim,138345,168466,0,168466,3365784.455,-0.794,0.170,0.058,-0.581,3103,0,0,3130,0,1783,0,1529,51,1.153,1,2195,0,283.480,20.188,-210.625,-128.938,139.188,0.430,-1.293,1.305,-8.590,-18.270,6.430,0.452,0.452,1.063,1.389,2,NULL,NULL,,3,0,2,7,255,1218,250,0,0
stim,138345,168466,0,168466,3365789.454,-0.800,0.161,0.057,-0.575,3113,0,0,3149,0,1832,23,1532,51,1.153,1,2195,0,286.624,16.482,-188.000,-124.063,177.250,-0.227,-1.184,0.375,-11.715,-11.594,-1.227,0.426,0.450,1.063,1.389,2,NULL,NULL,,3,0,2,7,255,1218,250,0,0
stim,138363,168484,0,168484,3365794.455,-0.805,0.155,0.054,-0.570,3125,0,0,3171,0,1892,59,1577,51,1.153,1,2195,0,223.773,12.012,-84.500,-131.125,160.438,-0.617,-0.629,0.230,-11.715,-2.656,-7.035,0.390,0.438,1.063,1.389,2,NULL,NULL,,3,0,2,7,255,1218,250,0,0
stim,138363,168484,0,168484,3365799.455,-0.808,0.152,0.048,-0.567,3143,0,0,3189,0,1965,91,1647,51,1.153,1,2195,0,182.713,8.565,-11.375,-138.875,118.188,-0.563,0.102,0.746,-8.094,2.801,-7.035,0.354,0.424,1.063,1.389,2,NULL,NULL,,3,0,2,7,255,1218,250,0,0
stim,138363,168484,0,168484,3365804.455,-0.811,0.149,0.043,-0.565,3133,0,0,3187,0,2032,141,1701,51,1.153,1,2195,0,155.390,3.209,-6.188,-135.500,75.813,-0.422,0.500,1.328,-1.566,2.801,-1.281,0.328,0.402,1.063,1.389,2,NULL,NULL,,3,0,2,7,255,1218,250,0,0
stim,138363,168484,0,168484,3365809.454,-0.812,0.143,0.040,-0.564,3141,0,0,3199,0,2115,173,1753,51,1.153,1,2195,0,147.956,1.726,-70.000,-125.938,33.625,-0.379,0.344,1.672,0.613,1.613,4.445,0.318,0.372,1.063,1.389,2,NULL,NULL,,3,0,2,7,255,1218,250,0,0
stim,138402,168523,0,168523,3365814.455,-0.814,0.136,0.039,-0.564,3149,0,0,3193,0,2183,221,1811,51,1.153,1,2195,0,173.230,0.742,-126.938,-117.438,10.188,-0.086,0.195,1.102,0.742,0.000,4.445,0.318,0.332,1.063,1.389,2,NULL,NULL,,3,0,2,7,255,1218,250,0,0
stim,138402,168523,0,168523,3365819.454,-0.814,0.129,0.038,-0.564,3143,0,0,3195,0,2249,274,1933,51,1.153,1,2195,0,156.468,1.538,-109.250,-112.000,1.625,-0.047,-0.160,0.895,0.613,-1.410,1.063,0.322,0.288,1.063,1.389,2,NULL,NULL,,3,0,2,7,255,1218,250,0,0
stim,138402,168523,0,168523,3365824.455,-0.815,0.124,0.036,-0.565,3147,0,0,3193,39,2295,372,2037,51,1.153,1,2195,0,127.471,3.169,-76.813,-101.688,2.875,0.082,-0.414,1.055,-2.188,-2.293,-0.484,0.324,0.246,1.063,1.389,2,NULL,NULL,,3,0,2,7,255,1218,250,0,0
stim,138402,168523,0,168523,3365829.454,-0.815,0.121,0.034,-0.565,3161,0,0,3194,255,2334,367,2131,51,1.153,1,2195,0,77.516,5.449,-37.688,-65.438,-17.500,0.172,-0.289,1.633,-2.949,-4.582,-0.484,0.328,0.214,1.063,1.389,2,NULL,NULL,,3,0,2,7,255,1218,250,0,0
stim,138402,168523,0,168523,3365834.455,-0.815,0.118,0.035,-0.567,3143,0,0,3213,457,2350,401,2173,51,1.153,1,2195,0,71.660,6.696,-52.625,-36.188,-32.500,0.484,0.352,1.277,-2.949,-6.012,1.887,0.334,0.190,1.063,1.389,2,NULL,NULL,,3,0,2,7,255,1218,250,0,0
stim,138402,168523,0,168523,3365839.454,-0.815,0.117,0.034,-0.567,3144,0,0,3207,586,2379,427,2215,51,1.153,1,2195,0,37.690,7.340,-13.625,-33.313,-11.188,0.578,0.836,1.074,4.211,-6.012,1.887,0.342,0.174,1.063,1.389,2,NULL,NULL,,3,0,2,7,255,1218,250,0,0
stim,138402,168523,0,168523,3365844.455,-0.815,0.115,0.033,-0.566,3147,0,0,3193,713,2389,437,2261,51,1.153,1,2195,0,42.077,6.380,-23.938,-24.500,24.438,-0.043,0.148,1.566,4.211,-4.793,1.887,0.352,0.164,1.063,1.389,2,NULL,NULL,,3,0,2,7,255,1218,250,0,0
stim,138402,168523,0,168523,3365849.454,-0.816,0.112,0.035,-0.566,3143,0,0,3195,839,2393,435,2301,51,1.153,1,2195,0,99.156,2.533,-98.188,-13.813,-0.625,-0.473,0.031,1.313,0.410,-2.500,3.637,0.360,0.158,1.063,1.389,2,NULL,NULL,,3,0,2,7,255,1218,250,0,0
stim,138402,168523,0,168523,3365854.455,-0.815,0.108,0.037,-0.569,3151,0,0,3191,957,2408,437,2329,51,1.153,1,2195,0,110.323,1.619,-87.750,-9.500,-66.188,-0.355,0.395,0.770,0.410,1.566,3.637,0.372,0.150,1.063,1.389,2,NULL,NULL,,3,0,2,7,255,1218,250,0,0
stim,138402,168523,0,168523,3365859.454,-0.812,0.106,0.038,-0.572,3155,0,0,3204,1083,2416,443,2367,51,1.153,1,2195,0,114.243,2.574,-37.625,-10.313,-107.375,0.035,0.246,0.887,2.043,1.566,-1.133,0.384,0.140,1.063,1.389,2,NULL,NULL,,3,0,2,7,255,1218,250,0,0
stim,138434,168555,0,168555,3365864.455,-0.810,0.105,0.039,-0.575,3143,7,0,3191,1181,2437,453,2390,51,1.153,1,2195,0,88.842,2.476,-34.813,-7.688,-81.375,0.285,-0.027,1.156,2.043,-1.398,-1.133,0.400,0.126,1.063,1.389,2,NULL,NULL,,3,0,2,7,255,1218,250,0,0
stim,138434,168555,0,168555,3365869.454,-0.810,0.102,0.041,-0.576,3149,20,0,3193,1253,2449,460,2423,51,1.153,1,2195,0,70.947,3.631,-61.875,-5.250,-34.313,0.129,-0.070,1.086,0.273,-3.621,0.313,0.420,0.108,1.063,1.389,2,NULL,NULL,,3,0,2,7,255,1218,250,0,0
stim,138434,168555,0,168555,3365874.455,-0.810,0.100,0.042,-0.577,3153,43,0,3207,1312,2456,467,2432,51,1.153,1,2195,0,72.020,3.631,-69.063,-4.438,-19.938,-0.160,0.113,0.910,0.273,-3.621,0.313,0.440,0.090,1.063,1.389,2,NULL,NULL,,3,0,2,7,255,1218,250,0,0
stim,138434,168555,0,168555,3365879.454,-0.809,0.098,0.044,-0.579,3141,57,0,3195,1381,2459,467,2453,51,1.153,1,2195,0,68.843,0.303,-50.000,-4.313,-47.125,-0.262,0.180,0.883,0.301,-0.035,-0.688,0.452,0.080,1.063,1.389,2,NULL,NULL,,3,0,2,7,255,1218,250,0,0
stim,138454,168575,0,168575,3365884.455,-0.807,0.096,0.044,-0.581,3143,66,0,3199,1435,2459,475,2463,51,1.153,1,2195,0,74.272,0.303,-32.250,-2.000,-66.875,-0.035,0.055,0.996,0.301,-0.035,-0.688,0.462,0.074,1.063,1.389,2,NULL,NULL,,3,0,2,7,255,1218,250,0,0
stim,138454,168575,0,168575,3365889.454,-0.806,0.095,0.045,-0.583,3155,89,0,3195,1491,2471,483,2483,51,1.153,1,2195,0,61.555,1.532,-30.625,-1.500,-53.375,0.063,0.027,1.070,0.270,-1.508,-0.141,0.468,0.070,1.063,1.389,2,NULL,NULL,,3,0,2,7,255,1218,250,0,0
stim,138454,168575,0,168575,3365894.455,-0.805,0.093,0.046,-0.584,3143,109,0,3195,1542,2463,485,2482,51,1.153,1,2195,0,49.055,2.270,-35.063,2.000,-34.250,0.035,0.043,1.055,0.270,-2.254,0.305,0.474,0.066,1.063,1.389,2,NULL,NULL,,3,0,2,7,255,1218,250,0,0
stim,138454,168575,0,168575,3365899.454,-0.805,0.092,0.047,-0.584,3147,107,0,3212,1583,2472,483,2486,51,1.153,1,2195,0,46.583,2.270,-42.625,3.625,-18.438,-0.051,0.012,1.047,0.270,-2.254,0.367,0.484,0.060,1.063,1.389,2,NULL,NULL,,3,0,2,7,255,1218,250,0,0
stim,138454,168575,0,168575,3365904.455,-0.805,0.090,0.049,-0.585,3143,137,0,3191,1614,2474,486,2489,51,1.153,1,2195,0,48.167,1.561,-44.188,3.688,-18.813,-0.195,0.012,0.965,-0.137,-1.555,0.305,0.494,0.054,1.063,1.389,2,NULL,NULL,,3,0,2,7,255,1218,250,0,0
stim,138454,168575,0,168575,3365909.454,-0.804,0.089,0.050,-0.586,3135,143,0,3196,1637,2487,477,2495,51,1.153,1,2195,0,46.495,0.552,-33.125,2.875,-32.500,-0.188,-0.004,0.930,-0.539,-0.117,-0.188,0.502,0.048,1.063,1.389,2,NULL,NULL,,3,0,2,7,255,1218,250,0,0
stim,138498,168619,0,168619,3365914.455,-0.803,0.088,0.050,-0.587,3149,155,8,3199,1668,2485,481,2504,51,1.153,1,2195,0,41.430,0.552,-19.375,2.063,-36.563,-0.090,-0.023,0.961,-0.539,-0.117,-0.406,0.508,0.044,1.063,1.389,2,NULL,NULL,,3,0,2,7,255,1218,250,0,0
stim,138498,168619,0,168619,3365919.454,-0.802,0.087,0.051,-0.588,3141,149,17,3194,1702,2485,472,2513,51,1.153,1,2195,0,31.391,1.226,-13.500,1.250,-28.313,-0.074,0.000,1.039,-0.504,-1.117,-0.406,0.516,0.038,1.063,1.389,2,NULL,NULL,,3,0,2,7,255,1218,250,0,0
stim,138498,168619,0,168619,3365924.455,-0.802,0.087,0.051,-0.589,3135,149,33,3195,1725,2484,462,2507,51,1.153,1,2195,0,27.062,1.141,-16.813,0.875,-21.188,-0.125,0.027,1.059,-0.230,-1.117,0.305,0.524,0.034,1.063,1.389,2,NULL,NULL,,3,0,2,7,255,1218,250,0,0
stim,138498,168619,0,168619,3365929.454,-0.801,0.086,0.052,-0.590,3133,153,55,3190,1747,2479,437,2514,51,1.153,1,2195,0,29.794,0.833,-20.813,0.563,-21.313,-0.176,0.008,1.016,-0.230,-0.801,0.305,0.532,0.028,1.063,1.389,2,NULL,NULL,,3,0,2,7,255,1218,250,0,0
stim,138498,168619,0,168619,3365934.455,-0.801,0.085,0.052,-0.590,3123,155,69,3179,1755,2477,421,2516,51,1.153,1,2195,0,30.870,0.583,-19.563,-0.500,-23.875,-0.172,-0.051,0.953,-0.414,-0.410,0.297,0.540,0.022,1.063,1.389,2,NULL,NULL,,3,0,2,7,255,1218,250,0,0
stim,138498,168619,0,168619,3365939.454,-0.800,0.084,0.053,-0.591,3113,158,106,3181,1759,2485,402,2513,51,1.140,1,2195,1,26.620,1.023,-13.438,-2.188,-22.875,-0.148,-0.094,0.926,-0.938,-0.410,-0.340,0.000,0.000,1.049,1.351,2,NULL,NULL,,3,0,2,7,255,1218,250,0,0
stim,138498,168619,0,168619,3365944.455,-0.800,0.084,0.053,-0.592,3103,159,120,3179,1773,2471,405,2507,51,1.140,1,2195,1,21.065,1.358,-7.063,-3.688,-19.500,-0.137,-0.090,0.934,-1.180,-0.672,-0.617,0.006,0.004,1.049,1.351,2,NULL,NULL,,3,0,2,7,255,1218,250,0,0
stim,138498,168619,0,168619,3365949.455,-0.799,0.083,0.053,-0.593,3103,155,149,3167,1784,2467,399,2521,51,1.140,1,2195,1,17.570,1.358,-3.438,-4.750,-16.563,-0.141,-0.059,0.949,-1.180,-0.672,-0.617,0.012,0.008,1.049,1.351,2,NULL,NULL,,3,0,2,7,255,1218,250,0,0
stim,138521,168642,0,168642,3365954.455,-0.799,0.083,0.053,-0.593,3095,155,167,3157,1813,2470,399,2523,51,1.140,1,2195,1,15.693,1.128,-1.500,-5.813,-14.500,-0.145,-0.031,0.957,-0.906,-0.672,-0.434,0.016,0.012,1.049,1.351,2,NULL,NULL,,3,0,2,7,255,1218,250,0,0
stim,138521,168642,0,168642,3365959.454,-0.799,0.083,0.053,-0.594,3087,151,187,3161,1831,2469,403,2520,51,1.140,1,2195,1,14.760,0.846,-0.188,-6.750,-13.125,-0.152,0.000,0.973,-0.621,-0.574,-0.336,0.022,0.016,1.049,1.351,2,NULL,NULL,,3,0,2,7,255,1218,250,0,0
stim,138521,168642,0,168642,3365964.455,-0.799,0.082,0.052,-0.594,3081,153,228,3155,1836,2460,403,2529,51,1.140,1,2195,1,14.883,0.582,0.813,-7.313,-12.938,-0.160,0.031,0.988,-0.379,-0.441,-0.191,0.026,0.018,1.049,1.351,2,NULL,NULL,,3,0,2,7,255,1218,250,0,0
stim,138521,168642,0,168642,3365969.454,-0.798,0.082,0.052,-0.595,3065,150,267,3128,1860,2461,400,2525,51,1.140,1,2195,1,16.642,0.296,1.125,-7.625,-14.750,-0.156,0.078,1.008,-0.078,-0.285,-0.004,0.030,0.022,1.049,1.351,2,NULL,NULL,,3,0,2,7,255,1218,250,0,0
stim,138546,168667,0,168667,3365974.455,-0.798,0.082,0.052,-0.595,3065,150,294,3115,1877,2457,407,2535,51,1.140,1,2195,1,18.299,0.453,0.375,-7.500,-16.688,-0.141,0.102,1.020,0.352,-0.285,0.191,0.034,0.024,1.049,1.351,2,NULL,NULL,,3,0,2,7,255,1218,250,0,0
stim,138546,168667,0,168667,3365979.455,-0.797,0.082,0.052,-0.596,3051,148,310,3107,1887,2446,403,2535,51,1.140,1,2195,1,17.885,0.635,-2.563,-7.438,-16.063,-0.129,0.090,1.027,0.551,-0.316,0.293,0.038,0.028,1.049,1.351,2,NULL,NULL,,3,0,2,7,255,1218,250,0,0
stim,138546,168667,0,168667,3365984.455,-0.797,0.081,0.051,-0.596,3037,151,329,3095,1924,2453,405,2539,51,1.140,1,2195,1,17.551,0.664,-5.688,-7.625,-14.750,-0.141,0.070,1.008,0.551,-0.371,0.293,0.040,0.030,1.049,1.351,2,NULL,NULL,,3,0,2,7,255,1218,250,0,0
stim,138546,168667,0,168667,3365989.454,-0.797,0.081,0.051,-0.597,3029,154,372,3094,1949,2444,425,2544,51,1.140,1,2195,1,18.257,0.495,-6.063,-8.000,-15.250,-0.152,0.059,0.984,0.328,-0.371,0.176,0.044,0.030,1.049,1.351,2,NULL,NULL,,3,0,2,7,255,1218,250,0,0
stim,138546,168667,0,168667,3365994.455,-0.796,0.080,0.051,-0.597,3017,152,423,3069,1976,2441,441,2549,51,1.140,1,2195,1,19.346,0.406,-3.750,-8.563,-16.938,-0.148,0.078,0.984,0.328,-0.238,-0.043,0.046,0.032,1.049,1.351,2,NULL,NULL,,3,0,2,7,255,1218,250,0,0
stim,138546,168667,0,168667,3365999.454,-0.796,0.080,0.051,-0.598,3001,153,485,3054,2009,2439,461,2556,51,1.140,1,2195,1,19.756,0.458,-1.688,-9.250,-17.375,-0.133,0.113,1.004,0.391,-0.238,-0.043,0.050,0.034,1.049,1.351,2,NULL,NULL,,3,0,2,7,255,1218,250,0,0
stim,138599,168720,0,168720,3366004.455,-0.796,0.080,0.050,-0.599,2991,165,530,3047,2023,2441,487,2573,51,1.140,1,2195,1,19.112,0.823,-2.625,-9.500,-16.375,-0.129,0.137,1.035,0.762,-0.313,0.148,0.050,0.034,1.049,1.351,2,NULL,NULL,,3,0,2,7,255,1218,250,0,0
stim,138599,168720,0,168720,3366009.454,-0.795,0.079,0.050,-0.599,2974,168,614,3029,2041,2440,519,2581,51,1.140,1,2195,1,19.029,1.020,-5.688,-9.563,-15.438,-0.129,0.133,1.043,0.969,-0.320,0.445,0.052,0.034,1.049,1.351,2,NULL,NULL,,3,0,2,7,255,1218,250,0,0
stim,138599,168720,0,168720,3366014.455,-0.795,0.079,0.050,-0.600,2957,171,672,3020,2085,2439,555,2587,51,1.140,1,2195,1,18.971,1.031,-7.938,-9.688,-14.250,-0.125,0.141,1.020,0.980,-0.320,0.445,0.052,0.032,1.049,1.351,2,NULL,NULL,,3,0,2,7,255,1218,250,0,0
stim,138599,168720,0,168720,3366019.454,-0.795,0.078,0.050,-0.600,2934,187,701,3004,2111,2439,553,2598,51,1.140,1,2195,1,18.426,1.018,-8.375,-9.938,-13.063,-0.125,0.129,1.004,0.969,-0.313,0.266,0.054,0.030,1.049,1.351,2,NULL,NULL,,3,0,2,7,255,1218,250,0,0
stim,138599,168720,0,168720,3366024.455,-0.794,0.078,0.049,-0.601,2915,199,759,2995,2148,2440,569,2607,51,1.140,1,2195,1,18.889,0.963,-8.625,-9.750,-13.688,-0.133,0.117,1.000,0.922,-0.277,0.121,0.052,0.028,1.049,1.351,2,NULL,NULL,,3,0,2,7,255,1218,250,0,0
stim,138599,168720,1,168720,3366029.454,-0.794,0.077,0.049,-0.601,2903,211,850,2981,2194,2441,635,2617,51,1.140,1,2195,1,20.450,0.851,-8.938,-9.500,-15.750,-0.129,0.109,0.996,0.809,-0.266,0.105,0.052,0.024,1.049,1.351,2,NULL,NULL,,3,1,2,7,255,1218,250,0,0
stim,138599,168720,1,168720,3366034.455,-0.794,0.076,0.049,-0.602,2885,235,937,2970,2237,2443,718,2629,51,1.140,1,2195,1,21.578,0.799,-9.750,-9.375,-16.813,-0.125,0.074,0.988,0.754,-0.266,0.063,0.052,0.020,1.049,1.351,2,NULL,NULL,,3,1,2,7,255,1218,250,0,0
stim,138599,168720,1,168720,3366039.454,-0.793,0.076,0.049,-0.602,2861,239,1045,2956,2277,2445,794,2642,51,1.140,1,2195,1,21.610,0.564,-9.938,-9.250,-16.813,-0.133,0.047,0.977,0.441,-0.352,-0.031,0.052,0.016,1.049,1.351,2,NULL,NULL,,3,1,2,7,255,1218,250,0,0
stim,138619,168740,1,168740,3366044.455,-0.793,0.075,0.049,-0.603,2842,255,1127,2941,2312,2447,867,2648,51,1.140,1,2195,1,21.927,0.388,-9.125,-9.438,-17.563,-0.148,0.047,0.973,0.164,-0.352,-0.164,0.052,0.012,1.049,1.351,2,NULL,NULL,,3,1,2,7,255,1218,250,0,0
stim,138619,168740,1,168740,3366049.454,-0.792,0.075,0.049,-0.604,2814,263,1211,2926,2333,2451,955,2660,51,1.140,1,2195,1,24.385,0.212,-8.125,-9.500,-20.938,-0.160,0.047,0.973,0.113,-0.180,-0.164,0.052,0.006,1.049,1.351,2,NULL,NULL,,3,1,2,7,255,1218,250,0,0
stim,138619,168740,1,168740,3366054.455,-0.792,0.074,0.049,-0.604,2793,271,1289,2915,2363,2453,1067,2669,51,1.140,1,2195,1,27.760,0.206,-7.938,-9.750,-24.750,-0.148,0.035,0.980,0.102,-0.180,-0.148,0.052,0.002,1.049,1.351,2,NULL,NULL,,3,1,2,7,255,1218,250,0,0
stim,138619,168740,1,168740,3366059.454,-0.791,0.073,0.049,-0.605,2778,273,1395,2906,2405,2459,1157,2681,51,1.140,1,2195,1,29.344,0.200,-9.438,-10.438,-25.750,-0.148,-0.008,0.980,0.016,-0.199,-0.105,0.054,0.002,1.049,1.351,2,NULL,NULL,,3,1,2,7,255,1218,250,0,0
stim,138619,168740,1,168740,3366064.455,-0.791,0.072,0.049,-0.606,2751,280,1511,2892,2441,2458,1242,2692,51,1.140,1,2195,1,29.842,0.422,-10.813,-11.250,-25.438,-0.160,-0.027,0.973,-0.355,-0.227,-0.105,0.056,0.004,1.049,1.351,2,NULL,NULL,,3,1,2,7,255,1218,250,0,0
stim,138619,168740,1,168740,3366069.454,-0.790,0.072,0.049,-0.607,2726,303,1617,2875,2471,2460,1330,2703,51,1.140,1,2195,1,31.687,0.441,-10.500,-11.875,-27.438,-0.176,-0.004,0.973,-0.379,-0.227,-0.129,0.060,0.006,1.049,1.351,2,NULL,NULL,,3,1,2,7,255,1218,250,0,0
stim,138643,168764,1,168764,3366074.455,-0.789,0.071,0.049,-0.608,2695,306,1724,2859,2507,2463,1438,2713,51,1.140,1,2195,1,36.627,0.379,-10.438,-13.125,-32.563,-0.180,0.020,0.988,-0.379,0.012,-0.129,0.062,0.008,1.049,1.351,2,NULL,NULL,,3,1,2,7,255,1218,250,0,0
stim,138643,168764,1,168764,3366079.454,-0.788,0.070,0.049,-0.610,2659,338,1821,2843,2535,2472,1529,2731,51,1.140,1,2195,1,41.354,0.262,-13.563,-14.250,-36.375,-0.152,0.000,0.996,-0.262,0.012,0.012,0.064,0.008,1.049,1.351,2,NULL,NULL,,3,1,2,7,255,1218,250,0,0
stim,138643,168764,1,168764,3366084.455,-0.787,0.069,0.049,-0.611,2617,332,1909,2829,2571,2475,1619,2743,51,1.140,1,2195,1,41.639,0.341,-16.500,-15.938,-34.750,-0.078,-0.039,0.984,-0.262,-0.219,0.012,0.064,0.008,1.049,1.351,2,NULL,NULL,,3,1,2,7,255,1218,250,0,0
stim,138643,168764,1,168764,3366089.454,-0.787,0.067,0.048,-0.611,2577,354,1997,2807,2600,2479,1693,2751,51,1.140,1,2195,1,32.634,0.823,-18.188,-16.813,-21.250,-0.102,-0.035,0.969,-0.414,-0.711,-0.180,0.066,0.008,1.049,1.351,2,NULL,NULL,,3,1,2,7,255,1218,250,0,0
stim,138664,168785,1,168785,3366094.455,-0.786,0.066,0.048,-0.612,2524,365,2106,2790,2627,2484,1771,2769,51,1.140,1,2195,1,35.952,0.827,-14.688,-18.000,-27.438,-0.230,0.000,0.957,-0.422,-0.711,-0.199,0.066,0.008,1.049,1.351,2,NULL,NULL,,3,1,2,7,255,1218,250,0,0
stim,138664,168785,1,168785,3366099.455,-0.785,0.065,0.048,-0.614,2473,383,2199,2771,2649,2485,1865,2782,51,1.140,1,2195,1,50.325,0.545,-11.813,-18.125,-45.438,-0.211,-0.023,1.008,-0.430,0.336,-0.199,0.066,0.010,1.049,1.351,2,NULL,NULL,,3,1,2,7,255,1218,250,0,0
stim,138664,168785,1,168785,3366104.455,-0.784,0.064,0.048,-0.616,2421,409,2264,2735,2677,2487,1939,2795,51,1.140,1,2195,1,54.445,0.574,-17.188,-20.313,-47.500,-0.059,-0.055,1.016,-0.465,0.336,0.117,0.066,0.010,1.049,1.351,2,NULL,NULL,,3,1,2,7,255,1218,250,0,0
stim,138664,168785,1,168785,3366109.454,-0.783,0.063,0.048,-0.617,2364,423,2341,2708,2707,2489,2001,2807,51,1.140,1,2195,1,44.435,1.232,-18.688,-19.563,-35.250,-0.039,-0.039,0.977,-0.465,-1.141,0.117,0.066,0.012,1.049,1.351,2,NULL,NULL,,3,1,2,7,255,1218,250,0,0
stim,138702,168823,1,168823,3366114.455,-0.783,0.061,0.048,-0.618,2300,437,2403,2675,2729,2493,2070,2823,51,1.140,1,2195,1,34.570,1.177,-16.188,-21.125,-22.063,-0.066,-0.012,0.969,-0.289,-1.141,-0.316,0.066,0.014,1.049,1.351,2,NULL,NULL,,3,1,2,7,255,1218,250,0,0
stim,138702,168823,1,168823,3366119.454,-0.782,0.060,0.047,-0.618,2220,440,2459,2635,2745,2493,2136,2827,51,1.140,1,2195,1,31.705,0.922,-10.625,-22.188,-20.000,-0.160,-0.039,0.988,-0.289,-0.875,-0.316,0.068,0.016,1.049,1.351,2,NULL,NULL,,3,1,2,7,255,1218,250,0,0
stim,138702,168823,1,168823,3366124.455,-0.782,0.059,0.047,-0.619,2135,441,2508,2585,2769,2495,2200,2851,51,1.140,1,2195,1,38.505,0.518,-17.250,-22.563,-26.000,-0.152,-0.039,1.027,-0.492,-0.160,0.016,0.070,0.016,1.049,1.351,2,NULL,NULL,,3,1,2,7,255,1218,250,0,0
stim,138702,168823,1,168823,3366129.454,-0.781,0.057,0.047,-0.620,2045,439,2551,2531,2787,2502,2267,2863,51,1.140,1,2195,1,42.252,0.518,-19.938,-24.500,-28.063,-0.145,-0.031,1.020,-0.492,-0.160,0.262,0.070,0.016,1.049,1.351,2,NULL,NULL,,3,1,2,7,255,1218,250,0,0
stim,138702,168823,1,168823,3366134.455,-0.780,0.056,0.046,-0.621,1955,437,2591,2477,2807,2503,2316,2877,51,1.140,1,2195,1,44.436,0.444,-18.625,-24.813,-31.813,-0.125,-0.039,0.984,-0.398,-0.195,0.262,0.074,0.018,1.049,1.351,2,NULL,NULL,,3,1,2,7,255,1218,250,0,0
stim,138702,168823,1,168823,3366139.454,-0.780,0.055,0.046,-0.622,1845,409,2635,2409,2833,2505,2363,2890,51,1.140,1,2195,1,40.808,0.483,-18.063,-25.938,-25.813,-0.082,-0.031,1.000,-0.387,-0.289,-0.008,0.076,0.018,1.049,1.351,2,NULL,NULL,,3,1,2,7,255,1218,250,0,0
stim,138702,168823,1,168823,3366144.455,-0.779,0.053,0.046,-0.623,1679,383,2663,2323,2847,2507,2411,2899,51,1.140,1,2195,1,38.673,0.428,-17.750,-28.375,-19.375,-0.117,-0.027,1.035,-0.250,-0.348,-0.008,0.078,0.018,1.049,1.351,2,NULL,NULL,,3,1,2,7,255,1218,250,0,0
stim,138702,168823,1,168823,3366149.454,-0.779,0.051,0.045,-0.624,1513,359,2693,2213,2869,2505,2475,2907,51,1.140,1,2195,1,43.295,0.428,-21.938,-29.688,-22.625,-0.180,-0.023,1.078,-0.250,-0.348,0.402,0.080,0.018,1.049,1.351,2,NULL,NULL,,3,1,2,7,255,1218,250,0,0
stim,138702,168823,1,168823,3366154.455,-0.778,0.050,0.045,-0.625,1299,345,2726,2090,2877,2506,2516,2919,51,1.140,1,2195,1,51.168,0.315,-29.438,-29.500,-29.688,-0.121,0.012,1.043,-0.250,-0.191,0.480,0.080,0.020,1.049,1.351,2,NULL,NULL,,3,1,2,7,255,1218,250,0,0
stim,138702,168823,1,168823,3366159.454,-0.778,0.048,0.045,-0.625,1143,299,2747,1941,2903,2510,2557,2933,51,1.140,1,2195,1,48.476,0.252,-25.500,-30.938,-27.250,-0.074,0.012,0.977,0.164,-0.191,0.480,0.080,0.020,1.049,1.351,2,NULL,NULL,,3,1,2,7,255,1218,250,0,0
stim,138732,168853,1,168853,3366164.455,-0.777,0.046,0.044,-0.626,957,263,2781,1767,2919,2503,2596,2933,51,1.140,1,2195,1,41.741,0.537,-18.000,-32.625,-18.813,-0.074,-0.027,1.027,0.164,-0.512,0.273,0.082,0.022,1.049,1.351,2,NULL,NULL,,3,1,2,7,255,1218,250,0,0
stim,138732,168853,1,168853,3366169.454,-0.777,0.045,0.043,-0.627,761,219,2821,1525,2919,2491,2621,2951,51,1.140,1,2195,1,40.334,0.524,-16.250,-32.125,-18.188,-0.133,0.004,1.063,0.113,-0.512,0.273,0.084,0.024,1.049,1.351,2,NULL,NULL,,3,1,2,7,255,1218,250,0,0
stim,138732,168853,1,168853,3366174.455,-0.776,0.043,0.043,-0.627,526,178,2835,1323,2933,2485,2663,2944,51,1.140,1,2195,1,46.441,0.133,-21.813,-33.813,-23.188,-0.117,0.063,1.125,0.113,-0.070,0.676,0.084,0.024,1.049,1.351,2,NULL,NULL,,3,1,2,7,255,1218,250,0,0
stim,138732,168853,1,168853,3366179.454,-0.776,0.041,0.042,-0.628,342,147,2855,1053,2955,2472,2699,2956,51,1.140,1,2195,1,50.216,0.724,-26.375,-32.813,-27.375,-0.109,0.094,1.102,0.723,-0.039,1.008,0.086,0.026,1.049,1.351,2,NULL,NULL,,3,1,2,7,255,1218,250,0,0
stim,138753,168874,1,168874,3366184.455,-0.775,0.039,0.042,-0.629,189,87,2869,857,2967,2455,2725,2967,51,1.140,1,2195,1,52.640,1.073,-26.875,-33.500,-30.438,-0.098,0.098,1.094,1.070,-0.070,1.008,0.088,0.028,1.049,1.351,2,NULL,NULL,,3,1,2,7,255,1218,250,0,0
stim,138753,168874,1,168874,3366189.454,-0.774,0.037,0.041,-0.630,74,45,2886,591,2975,2431,2747,2979,51,1.140,1,2195,1,56.765,1.137,-28.188,-36.813,-32.750,-0.051,0.098,1.086,1.133,-0.094,0.902,0.088,0.028,1.049,1.351,2,NULL,NULL,,3,1,2,7,255,1218,250,0,0
stim,138753,168874,1,168874,3366194.455,-0.774,0.036,0.040,-0.631,22,34,2901,426,2985,2399,2772,2975,51,1.140,1,2195,1,54.684,1.341,-21.313,-39.688,-31.000,-0.031,0.098,1.098,1.254,-0.477,0.867,0.090,0.030,1.049,1.351,2,NULL,NULL,,3,1,2,7,255,1218,250,0,0
stim,138753,168874,1,168874,3366199.454,-0.773,0.034,0.039,-0.633,0,3,2910,253,2999,2367,2803,2982,51,1.140,1,2195,1,56.831,1.371,-22.500,-41.750,-31.313,-0.066,0.117,1.070,1.285,-0.477,0.785,0.092,0.030,1.049,1.351,2,NULL,NULL,,3,1,2,7,255,1218,250,0,0
stim,138753,168874,1,168874,3366204.455,-0.772,0.032,0.038,-0.633,0,1,2921,190,3007,2333,2823,2985,51,1.140,1,2195,1,54.273,1.304,-7.313,-48.188,-23.875,-0.207,0.031,1.102,1.285,-0.223,0.867,0.092,0.032,1.049,1.351,2,NULL,NULL,,3,1,2,7,255,1218,250,0,0
stim,138753,168874,1,168874,3366209.454,-0.772,0.031,0.036,-0.634,0,0,2935,175,3019,2303,2841,2986,51,1.140,1,2195,1,63.765,1.035,13.313,-55.563,-28.313,-0.410,-0.043,1.281,0.320,0.984,1.113,0.092,0.034,1.049,1.351,2,NULL,NULL,,3,1,2,7,255,1218,250,0,0
stim,138799,168920,1,168920,3366214.455,-0.771,0.031,0.032,-0.635,0,0,2951,148,3037,2271,2861,2985,51,1.140,1,2195,1,94.504,2.759,55.313,-70.375,-30.313,-0.520,-0.047,1.699,-0.688,2.672,3.086,0.090,0.038,1.049,1.351,2,NULL,NULL,,3,1,2,7,255,1218,250,0,0
stim,138799,168920,1,168920,3366219.454,-0.771,0.030,0.028,-0.636,0,0,2957,123,3035,2232,2885,2990,51,1.140,1,2195,0,94.918,2.759,40.750,-84.313,-15.500,-0.242,0.246,1.918,-0.688,2.672,7.246,0.088,0.042,1.049,1.351,3,NULL,NULL,,3,1,2,7,255,1218,250,0,0
stim,138799,168920,1,168920,3366224.455,-0.770,0.026,0.027,-0.637,0,0,2971,87,3039,2183,2900,2995,51,1.140,1,2195,0,108.617,2.505,-73.375,-77.875,-18.688,0.031,0.164,1.563,2.164,1.262,7.246,0.088,0.044,1.049,1.351,3,NULL,NULL,,3,1,2,7,255,1218,250,0,0
stim,138799,168920,1,168920,3366229.454,-0.771,0.020,0.027,-0.636,0,0,2971,33,3059,2119,2909,2988,51,1.140,1,2195,0,126.072,2.177,-96.625,-79.625,14.750,-0.055,-0.023,1.109,2.164,-0.234,5.371,0.088,0.046,1.049,1.351,3,NULL,NULL,,3,1,2,7,255,1218,250,0,0
stim,138799,168920,1,168920,3366234.455,-0.772,0.016,0.026,-0.634,0,0,2971,4,3051,2040,2927,2985,51,1.140,1,2195,0,113.702,0.255,-56.938,-89.813,40.250,-0.254,-0.078,0.984,0.102,-0.234,1.090,0.090,0.046,1.049,1.351,3,NULL,NULL,,3,1,2,7,255,1218,250,0,0
stim,138799,168920,1,168920,3366239.454,-0.773,0.013,0.024,-0.634,0,0,2973,0,3061,1943,2937,2985,51,1.140,1,2195,0,102.861,1.903,-25.625,-96.063,26.375,-0.348,-0.180,0.977,-0.816,1.719,0.004,0.090,0.048,1.049,1.351,3,NULL,NULL,,3,1,2,7,255,1218,250,0,0
stim,138799,168920,1,168920,3366244.455,-0.774,0.010,0.020,-0.633,0,0,2972,0,3061,1827,2961,2989,51,1.140,1,2195,0,103.090,3.087,-6.125,-102.813,4.438,-0.340,-0.242,1.098,-2.000,2.352,0.004,0.092,0.048,1.049,1.351,3,NULL,NULL,,3,1,2,7,255,1218,250,0,0
stim,138799,168920,1,168920,3366249.455,-0.774,0.007,0.017,-0.633,0,0,2971,0,3079,1716,2965,2983,51,1.140,1,2195,0,108.107,3.441,-2.063,-108.063,-2.313,-0.258,-0.262,1.211,-2.512,2.352,1.188,0.090,0.052,1.049,1.351,3,NULL,NULL,,3,1,2,7,255,1218,250,0,0
stim,138821,168942,1,168942,3366254.455,-0.774,0.003,0.014,-0.633,0,0,2959,0,3082,1589,2972,2981,51,1.140,1,2195,0,112.512,2.983,-9.688,-111.875,-7.000,-0.199,-0.262,1.141,-2.512,1.609,1.504,0.086,0.060,1.049,1.351,3,NULL,NULL,,3,1,2,7,255,1218,250,0,0
stim,138821,168942,1,168942,3366259.454,-0.774,-0.001,0.010,-0.634,0,0,2953,0,3087,1429,2981,2975,51,1.140,1,2195,0,115.261,2.795,-12.438,-114.438,-5.875,-0.156,-0.277,1.090,-2.535,1.176,1.504,0.080,0.066,1.049,1.351,3,NULL,NULL,,3,1,2,7,255,1218,250,0,0
stim,138821,168942,1,168942,3366264.455,-0.774,-0.004,0.007,-0.633,0,0,2941,0,3089,1237,2985,2969,51,1.140,1,2195,0,118.672,2.597,-6.375,-118.500,0.313,-0.148,-0.254,1.039,-2.434,0.906,1.016,0.076,0.074,1.049,1.351,3,NULL,NULL,,3,1,2,7,255,1218,250,0,0
stim,138821,168942,1,168942,3366269.454,-0.774,-0.007,0.003,-0.633,0,0,2931,0,3087,1043,2996,2963,51,1.140,1,2195,0,122.681,2.491,5.250,-122.563,1.188,-0.191,-0.199,1.051,-2.320,0.906,0.574,0.072,0.082,1.049,1.351,3,NULL,NULL,,3,1,2,7,255,1218,250,0,0
stim,138846,168967,1,168967,3366274.455,-0.774,-0.010,-0.002,-0.633,0,0,2916,0,3092,783,3013,2941,51,1.140,1,2195,0,128.905,2.428,13.813,-128.063,-5.063,-0.203,-0.164,1.113,-1.891,1.523,0.574,0.068,0.088,1.049,1.351,3,NULL,NULL,,3,1,2,7,255,1218,250,0,0
stim,138846,168967,0,168967,3366279.455,-0.774,-0.013,-0.007,-0.633,0,0,2893,0,3097,637,3016,2936,51,1.140,1,2195,0,137.486,2.439,22.313,-135.063,-12.750,-0.191,-0.121,1.125,-1.605,1.836,1.121,0.064,0.094,1.049,1.351,3,NULL,NULL,,3,0,2,7,255,1225,250,0,0
stim,138846,168967,0,168967,3366284.455,-0.773,-0.016,-0.012,-0.634,0,0,2879,0,3097,487,3023,2923,51,1.140,1,2195,0,147.334,2.227,37.563,-140.688,-22.438,-0.145,-0.008,1.219,-1.207,1.871,1.203,0.060,0.102,1.049,1.351,3,NULL,NULL,,3,0,2,7,255,1225,250,0,0
stim,138846,168967,0,168967,3366289.454,-0.773,-0.019,-0.018,-0.634,0,0,2843,0,3099,287,3037,2904,51,1.140,1,2195,0,152.277,1.872,34.063,-147.875,-12.688,-0.023,0.129,1.352,-0.047,1.871,2.047,0.052,0.110,1.049,1.351,3,NULL,NULL,,3,0,2,7,255,1225,250,0,0
stim,138846,168967,0,168967,3366294.455,-0.773,-0.022,-0.024,-0.634,0,0,2797,0,3101,133,3041,2887,51,1.140,1,2195,0,155.589,2.227,18.750,-154.438,2.313,-0.035,0.238,1.434,1.449,1.691,3.352,0.044,0.120,1.049,1.351,3,NULL,NULL,,3,0,2,7,255,1225,250,0,0
stim,138846,168967,0,168967,3366299.454,-0.773,-0.026,-0.029,-0.633,0,0,2781,0,3111,42,3038,2853,51,1.140,1,2195,0,160.999,2.957,1.813,-160.625,10.813,-0.082,0.285,1.414,2.426,1.691,3.832,0.036,0.132,1.049,1.351,3,NULL,NULL,,3,0,2,7,255,1225,250,0,0
stim,138846,168967,0,168967,3366304.455,-0.773,-0.031,-0.035,-0.632,0,0,2729,0,3101,5,3047,2828,51,1.140,1,2195,0,167.980,3.543,-0.938,-167.813,7.438,-0.148,0.285,1.395,2.594,2.414,3.832,0.030,0.144,1.049,1.351,3,NULL,NULL,,3,0,2,7,255,1225,250,0,0
stim,138895,169016,0,169016,3366309.454,-0.773,-0.036,-0.041,-0.632,0,0,2665,0,3095,0,3049,2783,51,1.140,1,2195,0,177.033,4.152,2.938,-177.000,1.750,-0.184,0.223,1.477,2.594,3.242,3.832,0.026,0.156,1.049,1.351,3,NULL,NULL,,3,0,2,7,255,1225,250,0,0
stim,138895,169016,0,169016,3366314.455,-0.773,-0.041,-0.047,-0.631,0,0,2611,0,3091,0,3047,2735,51,1.140,1,2195,0,186.867,4.302,-3.625,-186.813,2.688,-0.137,0.242,1.641,2.129,3.738,4.297,0.026,0.168,1.049,1.351,3,NULL,NULL,,3,0,2,7,255,1225,250,0,0
stim,138895,169016,0,169016,3366319.454,-0.773,-0.047,-0.053,-0.631,0,0,2535,0,3089,0,3055,2697,51,1.140,1,2195,0,194.428,4.326,-11.563,-194.063,2.875,-0.184,0.313,1.777,2.129,3.766,5.895,0.030,0.178,1.049,1.351,3,NULL,NULL,,3,0,2,7,255,1225,250,0,0
stim,138895,169016,0,169016,3366324.455,-0.773,-0.053,-0.060,-0.629,0,0,2457,0,3077,0,3048,2631,51,1.140,1,2195,0,210.778,5.525,-23.188,-208.813,16.938,-0.219,0.391,2.023,2.699,4.820,7.078,0.034,0.188,1.049,1.351,3,NULL,NULL,,3,0,2,7,255,1225,250,0,0
stim,138895,169016,0,169016,3366329.454,-0.773,-0.061,-0.066,-0.628,0,0,2361,0,3065,0,3033,2555,51,1.140,1,2195,0,229.340,6.864,-31.563,-224.875,32.125,-0.285,0.531,2.230,3.348,5.992,9.262,0.040,0.198,1.049,1.351,3,NULL,NULL,,3,0,2,7,255,1225,250,0,0
stim,138895,169016,0,169016,3366334.455,-0.774,-0.070,-0.073,-0.625,0,0,2264,0,3044,7,3029,2473,51,1.140,1,2195,0,256.423,8.907,-62.125,-244.375,46.625,-0.430,0.582,2.215,4.531,7.668,10.336,0.046,0.208,1.049,1.351,3,NULL,NULL,,3,0,2,7,255,1225,250,0,0
stim,138895,169016,0,169016,3366339.454,-0.774,-0.080,-0.079,-0.623,0,0,2143,0,3028,71,3005,2361,51,1.140,1,2195,0,283.516,10.662,-93.625,-263.938,44.188,-0.480,0.625,2.141,4.730,9.555,10.336,0.050,0.218,1.049,1.351,3,NULL,NULL,,3,0,2,7,255,1225,250,0,0
stim,138918,169039,0,169039,3366344.455,-0.774,-0.092,-0.085,-0.621,0,0,2014,0,3016,85,2989,2239,51,1.140,1,2195,0,308.279,11.483,-112.938,-284.000,40.313,-0.469,0.586,2.047,4.770,10.445,9.238,0.052,0.226,1.049,1.351,3,NULL,NULL,,3,0,2,7,255,1225,250,0,0
stim,138918,169039,0,169039,3366349.454,-0.774,-0.104,-0.092,-0.618,0,0,1900,0,2995,83,2972,2129,51,1.140,1,2195,0,329.982,11.611,-124.250,-302.875,41.438,-0.395,0.594,1.977,5.070,10.445,8.094,0.052,0.236,1.049,1.351,3,NULL,NULL,,3,0,2,7,255,1225,250,0,0
stim,138918,169039,0,169039,3366354.455,-0.773,-0.117,-0.099,-0.615,0,0,1786,0,2971,91,2937,2009,51,1.140,1,2195,0,349.352,11.651,-126.875,-322.563,43.625,-0.414,0.574,2.023,4.941,10.551,7.340,0.058,0.246,1.049,1.351,3,NULL,NULL,,3,0,2,7,255,1225,250,0,0
stim,138918,169039,0,169039,3366359.454,-0.772,-0.131,-0.107,-0.612,0,0,1678,0,2935,106,2901,1911,51,1.140,1,2195,0,366.443,12.093,-125.563,-341.500,43.500,-0.504,0.594,2.176,5.008,11.008,7.340,0.070,0.262,1.049,1.351,3,NULL,NULL,,3,0,2,7,255,1225,250,0,0
stim,138918,169039,0,169039,3366364.455,-0.771,-0.145,-0.115,-0.609,0,0,1583,0,2899,107,2839,1787,51,1.140,1,2195,0,379.736,13.834,-126.563,-357.000,27.063,-0.629,0.586,2.352,4.941,12.922,8.035,0.086,0.282,1.049,1.351,3,NULL,NULL,,3,0,2,7,255,1225,250,0,0
stim,138918,169039,0,169039,3366369.454,-0.769,-0.159,-0.124,-0.607,0,0,1472,0,2853,92,2767,1651,51,1.140,1,2195,0,393.978,16.005,-120.875,-374.813,11.125,-0.719,0.605,2.648,4.883,15.242,8.785,0.110,0.306,1.049,1.351,3,NULL,NULL,,3,0,2,7,255,1225,250,0,0
stim,138948,169069,0,169069,3366374.455,-0.766,-0.174,-0.134,-0.604,0,0,1391,0,2789,72,2675,1541,51,1.140,1,2195,0,418.978,18.467,-132.500,-397.438,5.438,-0.785,0.551,2.875,4.742,17.848,10.547,0.140,0.338,1.049,1.351,3,NULL,NULL,,3,0,2,7,255,1225,250,0,0
stim,138948,169069,0,169069,3366379.454,-0.762,-0.190,-0.144,-0.602,0,0,1252,0,2702,67,2529,1381,51,1.140,1,2195,0,443.090,20.484,-151.000,-416.250,-16.250,-0.875,0.461,2.973,4.336,20.020,11.398,0.178,0.376,1.049,1.351,3,NULL,NULL,,3,0,2,7,255,1225,250,0,0
stim,138948,169069,0,169069,3366384.455,-0.757,-0.207,-0.154,-0.600,0,0,1070,0,2584,22,2361,1237,51,1.140,1,2195,0,460.989,22.281,-171.063,-426.125,-40.813,-0.781,0.547,2.938,4.336,21.855,11.398,0.220,0.420,1.049,1.351,3,NULL,NULL,,3,0,2,7,255,1225,250,0,0
stim,138948,169069,0,169069,3366389.454,-0.752,-0.224,-0.164,-0.598,0,0,885,0,2441,0,2123,1068,51,1.140,1,2195,0,474.758,22.127,-177.688,-437.375,-50.250,-0.641,0.316,2.891,3.453,21.855,10.520,0.268,0.468,1.049,1.351,3,NULL,NULL,,3,0,2,7,255,1225,250,0,0
stim,138948,169069,0,169069,3366394.455,-0.746,-0.242,-0.174,-0.596,0,0,713,0,2247,0,1821,944,51,1.140,1,2195,0,495.932,21.093,-204.688,-450.125,-37.938,-0.410,0.074,2.664,2.945,20.887,10.309,0.318,0.520,1.049,1.351,3,NULL,NULL,,3,0,2,7,255,1225,250,0,0
stim,138948,169069,0,169069,3366399.454,-0.740,-0.261,-0.183,-0.592,0,0,495,0,1976,0,1437,795,51,1.140,1,2195,0,514.938,18.281,-215.500,-467.625,6.938,-0.281,-0.324,2.109,1.254,18.238,9.234,0.374,0.576,1.049,1.351,3,NULL,NULL,,3,0,2,7,255,1225,250,0,0
stim,138972,169093,0,169093,3366404.455,-0.735,-0.281,-0.193,-0.586,0,0,365,0,1685,0,937,647,51,1.140,1,2195,0,523.557,14.404,-201.063,-482.688,26.438,-0.125,-0.504,1.422,-2.395,14.203,5.578,0.438,0.642,1.049,1.351,3,NULL,NULL,,3,0,2,7,255,1225,250,0,0
stim,138972,169093,0,169093,3366409.454,-0.730,-0.297,-0.205,-0.580,0,0,252,0,1371,0,406,505,51,1.140,1,2195,0,503.017,9.531,-118.063,-488.250,26.438,0.059,-0.355,0.977,-2.605,9.168,1.090,0.510,0.716,1.049,1.351,3,NULL,NULL,,3,0,2,7,255,1225,250,0,0
stim,139001,169122,0,169122,3366414.455,-0.727,-0.310,-0.220,-0.572,0,0,139,0,1039,0,90,426,51,1.140,1,2195,0,496.824,9.531,6.688,-495.500,35.625,-0.078,-0.141,1.414,-2.605,9.168,-0.266,0.590,0.798,1.049,1.351,3,NULL,NULL,,3,0,2,7,255,1225,250,0,0
stim,139001,169122,0,169122,3366419.454,-0.725,-0.322,-0.235,-0.561,0,0,114,0,553,0,0,361,51,1.140,1,2195,0,505.063,10.110,40.875,-496.125,85.313,-0.355,0.309,2.129,-0.699,10.086,-0.266,0.678,0.886,1.049,1.351,3,NULL,NULL,,3,0,2,7,255,1225,250,0,0
stim,139001,169122,0,169122,3366424.455,-0.723,-0.336,-0.248,-0.550,0,0,109,0,203,0,0,303,51,1.140,1,2195,0,518.383,18.259,-26.000,-501.063,130.313,-0.664,0.461,2.391,2.969,18.016,-0.266,0.770,0.982,1.049,1.351,3,NULL,NULL,,3,0,2,7,255,1225,250,0,0
stim,139001,169122,0,169122,3366429.454,-0.721,-0.354,-0.258,-0.537,0,0,60,0,0,0,0,155,51,1.140,1,2195,0,548.201,22.115,-118.313,-501.625,186.813,-0.973,0.656,1.973,3.426,21.848,-0.484,0.868,1.082,1.049,1.351,3,NULL,NULL,,3,0,2,7,255,1225,250,0,0
stim,139001,169122,0,169122,3366434.455,-0.717,-0.373,-0.266,-0.525,0,0,34,0,0,0,0,103,51,1.140,1,2195,0,554.299,22.219,-172.500,-493.688,183.750,-1.102,0.941,1.383,4.043,21.848,-6.805,0.964,1.182,1.049,1.351,4,NULL,NULL,,3,0,2,7,255,1225,250,0,0
stim,139001,169122,0,169122,3366439.454,-0.712,-0.391,-0.274,-0.515,0,0,30,0,0,0,0,37,51,1.140,1,2195,0,519.300,19.298,-181.438,-465.563,141.438,-0.848,1.301,1.000,5.910,18.371,-12.938,1.058,1.278,1.049,1.351,0,NULL,NULL,,3,0,2,7,255,1225,250,0,0
stim,139001,169122,0,169122,3366444.455,-0.706,-0.407,-0.281,-0.506,0,0,31,0,0,0,0,60,51,1.140,1,2195,0,474.423,17.304,-177.313,-429.063,97.688,-0.586,1.238,1.008,9.742,14.301,-13.234,1.136,1.360,1.049,1.351,0,NULL,NULL,,3,0,2,7,255,1225,250,0,0
stim,139001,169122,0,169122,3366449.454,-0.700,-0.423,-0.286,-0.499,0,0,39,0,0,0,0,100,51,1.140,1,2195,0,446.671,16.117,-214.563,-381.063,90.938,-0.359,0.770,1.074,9.742,12.840,-13.234,1.206,1.432,1.049,1.351,0,NULL,NULL,,3,0,2,7,255,1225,250,0,0
stim,139001,169122,0,169122,3366454.455,-0.693,-0.438,-0.289,-0.494,0,0,39,0,0,0,0,165,51,1.140,1,2195,0,399.241,13.327,-243.563,-307.875,72.688,-0.164,0.168,1.059,6.348,11.719,-10.211,1.270,1.500,1.049,1.351,0,NULL,NULL,,3,0,2,7,255,1225,250,0,0
stim,139001,169122,0,169122,3366459.454,-0.688,-0.450,-0.290,-0.490,0,0,41,0,0,0,0,197,51,1.140,1,2195,0,305.392,10.359,-193.875,-230.438,50.750,-0.383,-0.164,1.000,1.551,10.242,-8.344,1.334,1.566,1.049,1.351,0,NULL,NULL,,3,0,2,7,255,1225,250,0,0
stim,139049,169170,0,169170,3366464.455,-0.684,-0.459,-0.291,-0.487,0,0,41,0,0,0,0,215,51,1.140,1,2195,0,241.765,10.336,-162.688,-172.688,46.500,-0.613,-0.023,1.359,-1.391,10.242,-8.344,1.404,1.638,1.049,1.351,0,NULL,NULL,,3,0,2,7,255,1225,250,0,0
stim,139049,169170,0,169170,3366469.454,-0.678,-0.468,-0.289,-0.487,0,0,40,0,0,0,0,238,51,1.140,1,2195,0,237.698,14.563,-214.688,-101.875,5.563,-0.598,0.012,1.402,-1.391,14.496,-9.500,1.482,1.718,1.049,1.351,0,NULL,NULL,,3,0,2,7,255,1225,250,0,0
stim,139049,169170,0,169170,3366474.455,-0.672,-0.477,-0.284,-0.490,0,0,37,0,0,0,0,237,51,1.140,1,2195,0,286.629,14.518,-285.563,-24.500,3.125,-0.340,0.191,0.570,-0.789,14.496,-9.543,1.568,1.808,1.049,1.351,0,NULL,NULL,,3,0,2,7,255,1225,250,0,0
stim,139049,169170,0,169170,3366479.454,-0.667,-0.484,-0.276,-0.494,0,0,36,0,0,0,0,200,51,1.140,1,2195,0,283.706,6.536,-279.375,45.688,18.750,-0.219,0.555,-0.344,1.105,6.441,-11.262,1.654,1.896,1.049,1.351,0,NULL,NULL,,3,0,2,7,255,1225,250,0,0
stim,139049,169170,0,169170,3366484.455,-0.665,-0.487,-0.269,-0.498,0,0,37,0,0,0,0,123,51,1.140,1,2195,0,209.721,3.904,-179.625,104.875,26.813,-0.285,0.605,-0.762,3.215,-2.215,-14.969,1.736,1.980,1.049,1.351,0,NULL,NULL,,3,0,2,7,255,1225,250,0,0
stim,139049,169170,0,169170,3366489.454,-0.666,-0.486,-0.262,-0.501,0,0,30,0,0,0,0,104,51,1.140,1,2195,0,164.886,4.993,-74.375,145.750,20.313,-0.387,0.258,-0.594,3.215,-3.820,-16.195,1.812,2.056,1.049,1.351,0,NULL,NULL,,3,0,2,7,255,1225,250,0,0
stim,139049,169170,0,169170,3366494.455,-0.668,-0.483,-0.256,-0.505,0,0,30,0,0,0,0,101,51,1.140,1,2195,0,178.823,3.822,-21.500,176.063,22.750,-0.410,-0.133,-0.227,-0.105,-3.820,-16.195,1.880,2.126,1.049,1.351,0,NULL,NULL,,3,0,2,7,255,1225,250,0,0
stim,139049,169170,0,169170,3366499.454,-0.670,-0.479,-0.250,-0.509,0,0,26,0,0,0,0,101,51,1.140,1,2195,0,201.348,3.120,-14.125,199.063,26.750,-0.402,-0.172,-0.105,-3.102,-0.340,-13.500,1.940,2.188,1.049,1.351,0,NULL,NULL,,3,0,2,7,255,1225,250,0,0
stim,139069,169190,0,169190,3366504.455,-0.673,-0.475,-0.242,-0.512,0,0,28,0,0,0,0,89,51,1.140,1,2195,0,219.081,3.120,-7.938,213.625,47.938,-0.406,-0.047,-0.281,-3.102,-0.340,-13.500,1.996,2.246,1.049,1.351,0,NULL,NULL,,3,0,2,7,255,1225,250,0,0
stim,139069,169190,0,169190,3366509.454,-0.677,-0.470,-0.235,-0.515,0,0,21,0,0,0,0,88,51,1.140,1,2195,0,233.495,2.559,30.250,223.500,60.438,-0.441,0.152,-0.449,-2.465,-0.688,-14.004,2.054,2.306,1.049,1.351,0,NULL,NULL,,3,0,2,7,255,1225,250,0,0
stim,139099,169220,0,169220,3366514.455,-0.683,-0.463,-0.229,-0.517,0,0,24,0,0,0,0,75,51,1.140,1,2195,0,253.157,1.312,87.625,229.375,61.625,-0.543,0.184,-0.309,-1.117,-0.688,-15.820,2.114,2.368,1.049,1.351,0,NULL,NULL,,3,0,2,7,255,1225,250,0,0
stim,139099,169220,0,169220,3366519.454,-0.688,-0.454,-0.224,-0.519,0,0,25,0,0,0,0,76,51,1.140,1,2195,0,270.147,0.970,116.813,236.688,57.563,-0.578,0.266,-0.031,-0.969,-0.047,-15.820,2.168,2.426,1.049,1.351,0,NULL,NULL,,3,0,2,7,255,1225,250,0,0
stim,139099,169220,0,169220,3366524.455,-0.694,-0.446,-0.218,-0.521,0,0,23,0,0,0,0,69,51,1.140,1,2195,0,276.370,2.644,121.125,242.625,53.313,-0.570,0.246,0.109,0.195,2.637,-15.449,2.212,2.472,1.049,1.351,0,NULL,NULL,,3,0,2,7,255,1225,250,0,0
stim,139099,169220,0,169220,3366529.454,-0.700,-0.436,-0.213,-0.523,0,0,23,0,0,0,0,57,51,1.140,1,2195,0,283.636,3.880,129.938,245.375,57.938,-0.617,0.195,0.219,0.195,3.875,-14.563,2.242,2.504,1.049,1.351,0,NULL,NULL,,3,0,2,7,255,1225,250,0,0
stim,139099,169220,0,169220,3366534.455,-0.706,-0.427,-0.208,-0.526,0,0,22,0,0,0,0,54,51,1.140,1,2195,0,285.912,5.137,134.438,247.750,47.875,-0.688,0.250,0.367,0.297,5.129,-14.051,2.262,2.524,1.049,1.351,0,NULL,NULL,,3,0,2,7,255,1225,250,0,0
stim,139099,169220,0,169220,3366539.454,-0.711,-0.417,-0.202,-0.528,0,0,23,0,0,0,0,56,51,1.140,1,2195,0,283.220,6.861,132.188,248.313,32.875,-0.703,0.207,0.477,0.129,6.859,-13.852,2.276,2.540,1.049,1.351,0,NULL,NULL,,3,0,2,7,255,1225,250,0,0
stim,139099,169220,0,169220,3366544.455,-0.716,-0.408,-0.197,-0.531,0,0,25,0,0,0,0,51,51,1.140,1,2195,0,280.778,7.898,129.313,248.188,22.750,-0.684,0.188,0.590,0.246,7.895,-13.047,2.286,2.554,1.049,1.351,0,NULL,NULL,,3,0,2,7,255,1225,250,0,0
stim,139099,169220,0,169220,3366549.454,-0.720,-0.398,-0.193,-0.535,0,0,24,0,0,0,0,51,51,1.140,1,2195,0,277.334,8.707,123.500,248.250,5.813,-0.656,0.199,0.738,0.246,8.703,-11.980,2.294,2.564,1.049,1.351,0,NULL,NULL,,3,0,2,7,255,1225,250,0,0
stim,139122,169243,0,169243,3366554.455,-0.724,-0.389,-0.188,-0.538,0,0,21,0,0,0,0,55,51,1.140,1,2195,0,272.672,9.763,112.750,248.125,-8.438,-0.625,0.172,0.863,0.699,9.738,-10.770,2.300,2.572,1.049,1.351,0,NULL,NULL,,3,0,2,7,255,1225,250,0,0
stim,139122,169243,0,169243,3366559.454,-0.727,-0.380,-0.182,-0.543,0,0,23,0,0,0,0,57,51,1.140,1,2195,0,268.255,10.453,93.750,250.563,-19.750,-0.555,0.199,0.914,0.813,10.422,-9.469,2.302,2.576,1.049,1.351,0,NULL,NULL,,3,0,2,7,255,1225,250,0,0
stim,139122,169243,0,169243,3366564.455,-0.729,-0.371,-0.177,-0.548,0,0,21,0,0,0,0,55,51,1.140,1,2195,0,266.719,10.518,71.313,254.938,-32.563,-0.465,0.199,0.883,1.418,10.422,-8.559,2.306,2.582,1.049,1.351,0,NULL,NULL,,3,0,2,7,255,1225,250,0,0
stim,139122,169243,0,169243,3366569.454,-0.731,-0.362,-0.171,-0.553,0,0,23,0,0,0,0,55,51,1.140,1,2195,0,269.532,9.686,57.563,260.438,-38.813,-0.398,0.148,0.813,1.418,9.582,-7.914,2.314,2.592,1.049,1.351,0,NULL,NULL,,3,0,2,7,255,1225,250,0,0
stim,139122,169243,0,169243,3366574.455,-0.732,-0.354,-0.164,-0.558,0,0,21,0,0,0,0,55,51,1.140,1,2195,0,276.935,8.679,52.750,268.188,-44.563,-0.375,0.160,0.781,1.613,8.527,-7.555,2.324,2.604,1.049,1.351,0,NULL,NULL,,3,0,2,7,255,1225,250,0,0
stim,139143,169264,0,169264,3366579.454,-0.733,-0.345,-0.158,-0.564,0,0,21,0,0,0,0,59,51,1.140,1,2195,0,287.851,8.234,47.000,278.438,-55.875,-0.320,0.195,0.766,1.613,8.074,-7.457,2.338,2.622,1.049,1.351,0,NULL,NULL,,3,0,2,7,255,1225,250,0,0
stim,139143,169264,0,169264,3366584.455,-0.734,-0.336,-0.150,-0.570,0,0,24,0,0,0,0,72,51,1.140,1,2195,0,298.166,7.807,42.125,289.000,-60.063,-0.238,0.156,0.703,1.953,7.559,-7.164,2.358,2.644,1.049,1.351,0,NULL,NULL,,3,0,2,7,255,1225,250,0,0
stim,139143,169264,0,169264,3366589.454,-0.735,-0.327,-0.143,-0.576,0,0,19,0,0,0,0,86,51,1.140,1,2195,0,308.002,6.720,44.500,299.813,-54.750,-0.219,0.113,0.621,1.953,6.430,-6.973,2.382,2.668,1.049,1.351,0,NULL,NULL,,3,0,2,7,255,1225,250,0,0
stim,139143,169264,0,169264,3366594.455,-0.736,-0.317,-0.135,-0.583,0,0,20,0,0,0,0,93,51,1.140,1,2195,0,320.698,5.840,55.313,311.188,-54.313,-0.250,0.137,0.594,1.625,5.609,-6.973,2.408,2.698,1.049,1.351,0,NULL,NULL,,3,0,2,7,255,1225,250,0,0
stim,139143,169264,0,169264,3366599.454,-0.737,-0.306,-0.128,-0.589,0,0,21,0,0,0,0,101,51,1.140,1,2195,0,334.994,5.840,69.250,322.313,-59.500,-0.238,0.164,0.621,1.625,5.609,-6.973,2.442,2.734,1.049,1.351,0,NULL,NULL,,3,0,2,7,255,1225,250,0,0
stim,139197,169318,0,169318,3366604.455,-0.738,-0.295,-0.120,-0.595,0,0,22,0,0,0,0,105,51,1.140,1,2195,0,348.125,5.954,83.063,332.938,-58.688,-0.199,0.156,0.688,1.996,5.609,-6.930,2.480,2.774,1.049,1.351,0,NULL,NULL,,3,0,2,7,255,1225,250,0,0
stim,139197,169318,0,169318,3366609.454,-0.739,-0.282,-0.112,-0.601,0,0,19,0,0,0,0,103,51,1.140,1,2195,0,359.574,6.030,95.313,342.500,-53.875,-0.219,0.199,0.742,2.203,5.613,-6.000,2.522,2.818,1.049,1.351,0,NULL,NULL,,3,0,2,7,255,1225,250,0,0
stim,139197,169318,0,169318,3366614.455,-0.741,-0.269,-0.105,-0.607,0,0,18,0,0,0,0,104,51,1.140,1,2195,0,373.452,6.527,109.438,352.438,-57.250,-0.250,0.262,0.813,2.703,5.941,-5.621,2.566,2.866,1.049,1.351,0,NULL,NULL,,3,0,2,7,255,1225,250,0,0
stim,139197,169318,0,169318,3366619.454,-0.741,-0.255,-0.097,-0.613,0,0,12,0,0,0,0,133,51,1.140,1,2195,0,388.091,6.816,124.125,360.500,-72.438,-0.137,0.305,0.832,3.340,5.941,-5.207,2.612,2.914,1.049,1.351,0,NULL,NULL,,3,0,2,7,255,1225,250,0,0
stim,139197,169318,0,169318,3366624.455,-0.742,-0.241,-0.090,-0.619,0,0,12,0,0,0,0,136,51,1.140,1,2195,0,404.365,6.553,141.250,369.563,-83.563,0.063,0.199,0.875,3.586,5.484,-4.414,2.658,2.962,1.049,1.351,0,NULL,NULL,,3,0,2,7,255,1225,250,0,0
stim,139197,169318,0,169318,3366629.454,-0.743,-0.226,-0.083,-0.625,0,0,12,0,0,0,0,136,51,1.140,1,2195,0,405.006,5.127,141.688,374.125,-63.125,0.254,0.023,0.961,3.586,3.664,-2.707,2.702,3.008,1.049,1.351,0,NULL,NULL,,3,0,2,7,255,1225,250,0,0
stim,139197,169318,0,169318,3366634.455,-0.745,-0.211,-0.075,-0.629,0,0,12,0,0,0,0,135,51,1.140,1,2195,0,398.005,3.876,140.188,372.125,-16.688,0.289,0.125,0.961,3.375,1.906,-0.641,2.742,3.048,1.049,1.351,0,NULL,NULL,,3,0,2,7,255,1225,250,0,0
stim,139197,169318,0,169318,3366639.454,-0.747,-0.196,-0.067,-0.631,0,0,9,0,0,0,0,126,51,1.140,1,2195,0,397.593,3.749,147.313,368.375,26.063,0.223,0.184,0.934,3.375,1.633,-0.641,2.778,3.088,1.049,1.351,0,NULL,NULL,,3,0,2,7,255,1225,250,0,0
stim,139220,169341,0,169341,3366644.455,-0.750,-0.180,-0.059,-0.633,0,0,8,0,0,0,0,125,51,1.140,1,2195,0,401.266,4.036,167.188,362.813,37.813,-0.004,0.273,1.000,3.691,1.633,-1.160,2.812,3.124,1.049,1.351,0,NULL,NULL,,3,0,2,7,255,1225,250,0,0
stim,139220,169341,0,169341,3366649.454,-0.753,-0.164,-0.053,-0.635,0,0,8,0,0,0,0,123,51,1.140,1,2195,0,404.629,5.384,189.125,356.563,28.625,-0.047,0.242,1.117,3.879,3.734,-1.160,2.844,3.156,1.049,1.351,0,NULL,NULL,,3,0,2,7,255,1225,250,0,0
stim,139220,169341,0,169341,3366654.455,-0.756,-0.148,-0.047,-0.636,0,0,13,0,0,0,0,121,51,1.140,1,2195,0,406.314,5.384,202.000,351.375,28.688,0.039,0.203,1.301,3.879,3.734,-0.215,2.872,3.188,1.049,1.351,0,NULL,NULL,,3,0,2,7,255,1225,250,0,0
stim,139220,169341,0,169341,3366659.454,-0.759,-0.132,-0.040,-0.637,0,0,16,0,0,0,0,111,51,1.140,1,2195,0,403.907,5.304,197.688,350.000,39.500,0.016,0.219,1.406,3.879,3.617,1.961,2.898,3.214,1.049,1.351,0,NULL,NULL,,3,0,2,7,255,1225,250,0,0
stim,139220,169341,0,169341,3366664.455,-0.761,-0.116,-0.034,-0.637,0,0,17,0,0,0,0,103,51,1.140,1,2195,0,402.822,5.267,197.875,347.063,51.563,-0.086,0.227,1.559,3.828,3.617,3.031,2.922,3.240,1.049,1.351,0,NULL,NULL,,3,0,2,7,255,1225,250,0,0
stim,139220,169341,0,169341,3366669.454,-0.764,-0.100,-0.028,-0.637,0,0,19,0,0,0,0,91,51,1.140,1,2195,0,398.723,5.923,194.563,344.375,50.313,-0.191,0.227,1.758,3.828,4.520,4.438,2.944,3.266,1.049,1.351,0,NULL,NULL,,3,0,2,7,255,1225,250,0,0
stim,139245,169366,0,169366,3366674.455,-0.766,-0.084,-0.021,-0.637,0,0,20,0,0,0,0,91,51,1.140,1,2195,0,389.036,6.580,179.875,342.750,38.938,-0.242,0.215,1.922,3.699,5.441,6.328,2.966,3.290,1.049,1.351,0,NULL,NULL,,3,0,2,7,255,1225,250,0,0
stim,139245,169366,0,169366,3366679.454,-0.767,-0.069,-0.014,-0.638,0,0,21,0,0,0,0,95,51,1.140,1,2195,0,377.792,6.472,158.750,341.750,27.063,-0.250,0.211,2.016,3.504,5.441,8.066,2.988,3.312,1.049,1.351,0,NULL,NULL,,3,0,2,7,255,1225,250,0,0
stim,139245,169366,0,169366,3366684.455,-0.768,-0.055,-0.007,-0.638,0,0,21,0,0,0,0,92,51,1.140,1,2195,0,367.986,6.244,135.750,341.500,19.063,-0.234,0.211,2.043,3.410,5.230,9.176,3.008,3.336,1.049,1.351,0,NULL,NULL,,3,0,2,7,255,1225,250,0,0
stim,139245,169366,0,169366,3366689.454,-0.768,-0.042,0.002,-0.639,0,0,23,0,0,0,0,91,51,1.140,1,2195,0,361.733,5.615,119.063,341.313,13.438,-0.250,0.203,2.027,3.348,4.508,9.609,3.030,3.358,1.049,1.351,0,NULL,NULL,,3,0,2,7,255,1225,250,0,0
stim,139264,169385,0,169385,3366694.455,-0.768,-0.028,0.010,-0.640,0,0,23,0,0,0,0,89,51,1.140,1,2195,0,357.033,5.098,109.813,339.688,5.125,-0.281,0.164,2.035,3.125,4.027,9.617,3.054,3.384,1.049,1.351,0,NULL,NULL,,3,0,2,7,255,1225,250,0,0
stim,139264,169385,0,169385,3366699.454,-0.767,-0.015,0.018,-0.641,0,0,24,0,0,0,0,80,51,1.140,1,2195,0,352.565,4.483,103.375,337.000,-6.813,-0.270,0.133,2.055,2.633,3.629,9.867,3.080,3.412,1.049,1.351,0,NULL,NULL,,3,0,2,7,255,1225,250,0,0
stim,139264,169385,0,169385,3366704.455,-0.766,-0.002,0.027,-0.642,0,0,22,0,0,0,0,77,51,1.140,1,2195,0,348.600,3.669,100.000,333.500,-17.313,-0.227,0.113,2.059,2.285,2.871,10.188,3.106,3.440,1.049,1.351,0,NULL,NULL,,3,0,2,7,255,1225,250,0,0
stim,139264,169385,0,169385,3366709.454,-0.765,0.010,0.035,-0.643,0,0,21,0,0,0,0,79,51,1.140,1,2195,0,345.407,2.761,101.188,329.375,-24.063,-0.164,0.082,2.055,2.109,1.781,10.293,3.134,3.470,1.049,1.351,0,NULL,NULL,,3,0,2,7,255,1225,250,0,0
stim,139303,169424,0,169424,3366714.455,-0.763,0.023,0.043,-0.644,0,0,21,0,0,0,0,84,51,1.140,1,2195,0,343.385,1.909,105.813,325.500,-27.688,-0.086,0.031,2.023,1.836,0.523,10.293,3.162,3.500,1.049,1.351,0,NULL,NULL,,3,0,2,7,255,1225,250,0,0
stim,139303,169424,0,169424,3366719.454,-0.761,0.036,0.050,-0.645,0,0,21,0,0,0,0,90,51,1.140,1,2195,0,343.079,1.626,116.063,321.563,-28.813,0.008,-0.004,1.945,1.375,-0.867,9.977,3.190,3.528,1.049,1.351,0,NULL,NULL,,3,0,2,7,255,1225,250,0,0
stim,139303,169424,0,169424,3366724.455,-0.759,0.049,0.056,-0.646,0,0,22,0,0,0,0,102,51,1.140,1,2195,0,347.287,2.535,137.750,317.563,-28.063,0.137,-0.031,1.855,1.055,-2.305,9.105,3.216,3.558,1.049,1.351,0,NULL,NULL,,3,0,2,7,255,1225,250,0,0
stim,139303,169424,0,169424,3366729.454,-0.757,0.064,0.062,-0.647,0,0,21,0,0,0,0,101,51,1.140,1,2195,0,358.952,4.078,174.125,312.938,-24.438,0.305,-0.094,1.824,0.773,-4.004,7.961,3.242,3.582,1.049,1.351,0,NULL,NULL,,3,0,2,7,255,1225,250,0,0
stim,139303,169424,0,169424,3366734.455,-0.755,0.079,0.066,-0.648,0,0,23,0,0,0,0,104,51,1.140,1,2195,0,377.664,6.180,217.625,308.125,-18.125,0.504,-0.129,1.930,0.234,-6.176,7.703,3.264,3.606,1.049,1.351,0,NULL,NULL,,3,0,2,7,255,1225,250,0,0
stim,139303,169424,0,169424,3366739.454,-0.752,0.096,0.069,-0.648,0,0,24,0,0,0,0,101,51,1.140,1,2195,0,399.138,8.843,256.500,305.563,-12.250,0.691,-0.086,2.117,0.234,-8.840,7.703,3.282,3.628,1.049,1.351,0,NULL,NULL,,3,0,2,7,255,1225,250,0,0
stim,139303,169424,0,169424,3366744.455,-0.750,0.114,0.071,-0.648,0,0,23,0,0,0,0,99,51,1.140,1,2195,0,419.426,11.485,288.125,304.750,-5.438,0.852,0.000,2.344,0.313,-11.480,8.816,3.300,3.646,1.049,1.351,0,NULL,NULL,,3,0,2,7,255,1225,250,0,0
stim,139303,169424,0,169424,3366749.454,-0.747,0.133,0.072,-0.648,0,0,25,0,0,0,0,85,51,1.140,1,2195,0,436.486,14.010,311.688,305.563,1.500,0.977,0.078,2.605,0.910,-13.980,10.250,3.314,3.662,1.049,1.351,0,NULL,NULL,,3,0,2,7,255,1225,250,0,0
stim,139303,169424,0,169424,3366754.455,-0.744,0.152,0.073,-0.647,0,0,22,0,0,0,0,87,51,1.140,1,2195,0,445.430,16.448,321.750,308.000,4.563,1.082,0.152,2.883,1.219,-16.402,11.984,3.322,3.674,1.049,1.351,0,NULL,NULL,,3,0,2,7,255,1225,250,0,0
stim,139303,169424,0,169424,3366759.454,-0.740,0.171,0.074,-0.646,0,0,25,0,0,0,0,93,51,1.140,1,2195,0,439.262,18.857,309.313,311.875,3.250,1.125,0.242,3.102,1.352,-18.809,13.863,3.326,3.680,1.049,1.351,0,NULL,NULL,,3,0,2,7,255,1225,250,0,0
stim,139332,169453,0,169453,3366764.455,-0.737,0.189,0.076,-0.645,0,0,23,0,0,0,0,95,51,1.140,1,2195,0,421.063,20.635,284.875,310.000,6.375,1.152,0.305,3.270,1.418,-20.586,15.250,3.326,3.682,1.049,1.351,0,NULL,NULL,,3,0,2,7,255,1225,250,0,0
stim,139332,169453,0,169453,3366769.454,-0.733,0.206,0.079,-0.643,0,0,22,0,0,0,0,101,51,1.140,1,2195,0,393.905,22.199,249.875,304.500,1.750,1.262,0.383,3.371,1.504,-22.148,16.152,3.320,3.678,1.049,1.351,0,NULL,NULL,,3,0,2,7,255,1225,250,0,0
stim,139332,169453,0,169453,3366774.455,-0.730,0.220,0.083,-0.642,0,0,25,0,0,0,0,120,51,1.140,1,2195,0,359.441,24.248,203.500,296.063,-11.500,1.500,0.379,3.332,1.648,-24.191,16.152,3.308,3.666,1.049,1.351,0,NULL,NULL,,3,0,2,7,255,1225,250,0,0
stim,139332,169453,0,169453,3366779.454,-0.727,0.233,0.088,-0.640,0,0,25,0,0,0,0,151,51,1.140,1,2195,0,322.555,26.926,152.688,283.750,-14.625,1.805,0.168,3.098,1.648,-26.875,14.180,3.288,3.648,1.049,1.351,0,NULL,NULL,,3,0,2,7,255,1225,250,0,0
stim,139332,169453,0,169453,3366784.455,-0.724,0.244,0.093,-0.638,0,0,25,0,0,0,0,167,51,1.140,1,2195,0,288.385,29.294,109.438,266.813,-0.438,2.039,-0.113,2.676,0.188,-29.293,9.766,3.256,3.618,1.049,1.351,0,NULL,NULL,,3,0,2,7,255,1225,250,0,0
stim,139332,169453,0,169453,3366789.454,-0.722,0.253,0.099,-0.636,0,0,21,0,0,0,0,201,51,1.140,1,2195,0,261.845,29.339,86.563,246.625,15.688,2.164,-0.398,2.117,-1.637,-29.293,3.828,3.214,3.578,1.049,1.351,0,NULL,NULL,,3,0,2,7,255,1225,250,0,0
stim,139362,169483,0,169483,3366794.455,-0.721,0.263,0.103,-0.633,0,0,19,0,0,0,0,227,51,1.140,1,2195,0,243.106,29.152,93.688,223.000,24.375,2.297,-0.645,1.637,-3.328,-28.961,-2.695,3.162,3.528,1.049,1.351,0,NULL,NULL,,3,0,2,7,255,1225,250,0,0
stim,139362,169483,0,169483,3366799.454,-0.719,0.272,0.106,-0.631,0,0,18,0,0,0,0,265,51,1.140,1,2195,0,232.424,28.810,115.938,199.750,26.063,2.547,-0.813,1.281,-4.691,-28.426,-8.449,3.098,3.466,1.049,1.351,0,NULL,NULL,,3,0,2,7,255,1225,250,0,0
stim,139362,169483,0,169483,3366804.455,-0.717,0.281,0.107,-0.628,0,0,16,0,0,0,0,277,51,1.140,1,2195,0,228.341,28.837,139.938,178.250,28.000,2.922,-0.883,1.055,-4.855,-28.426,-13.543,3.026,3.396,1.049,1.351,0,NULL,NULL,,3,0,2,7,255,1225,250,0,0
stim,139362,169483,0,169483,3366809.454,-0.715,0.291,0.107,-0.626,0,0,7,0,0,0,0,307,51,1.140,1,2195,0,239.292,30.759,169.625,162.813,44.500,3.309,-1.043,0.891,-5.246,-30.309,-17.949,2.944,3.316,1.049,1.351,0,NULL,NULL,,3,0,2,7,255,1225,250,0,0
stim,139400,169521,0,169521,3366814.455,-0.714,0.301,0.106,-0.623,0,0,13,0,0,0,0,316,51,1.140,1,2195,0,236.450,32.975,187.375,134.250,52.688,3.324,-1.938,1.016,-5.246,-32.555,-22.156,2.854,3.226,1.049,1.351,0,NULL,NULL,,3,0,2,7,255,1225,250,0,0
stim,139400,169521,0,169521,3366819.455,-0.711,0.311,0.103,-0.622,0,0,17,0,0,0,0,327,51,1.140,1,2195,0,257.235,35.332,226.688,117.500,31.250,3.285,-2.055,0.813,-13.730,-32.555,-24.168,2.750,3.122,1.049,1.351,0,NULL,NULL,,3,0,2,7,255,1225,250,0,0
stim,139400,169521,0,169521,3366824.455,-0.707,0.323,0.097,-0.621,0,0,21,0,0,0,0,330,51,1.140,1,2195,0,310.149,36.356,295.625,89.563,27.875,3.609,-1.961,1.039,-13.730,-33.664,-26.543,2.636,3.008,1.049,1.351,0,NULL,NULL,,3,0,2,7,255,1225,250,0,0
stim,139400,169521,0,169521,3366829.454,-0.704,0.336,0.088,-0.619,0,0,22,0,0,0,0,345,51,1.140,1,2195,0,377.917,38.059,363.688,53.000,88.000,3.469,-1.813,1.664,-13.699,-35.508,-26.543,2.510,2.884,1.049,1.351,0,NULL,NULL,,3,0,2,7,255,1225,250,0,0
stim,139400,169521,0,169521,3366834.455,-0.701,0.347,0.078,-0.618,0,0,25,0,0,0,0,358,51,1.140,1,2195,0,352.791,39.928,344.375,10.500,75.875,2.570,-0.883,2.992,-13.320,-37.641,-21.719,2.378,2.752,1.049,1.351,0,NULL,NULL,,3,0,2,7,255,1225,250,0,0
stim,139400,169521,0,169521,3366839.454,-0.700,0.353,0.071,-0.617,0,0,21,0,3,0,0,368,51,1.140,1,2195,0,222.908,39.329,205.688,-25.625,82.000,3.098,-0.602,3.852,-11.031,-37.750,-4.367,2.240,2.612,1.049,1.351,0,NULL,NULL,,3,0,2,7,255,1225,250,0,0
stim,139400,169521,0,169521,3366844.455,-0.702,0.355,0.064,-0.614,0,0,2,0,0,0,0,429,51,1.140,1,2195,0,177.010,39.329,93.563,-62.000,136.875,2.234,-1.004,3.008,-11.031,-37.750,-3.074,2.096,2.468,1.049,1.351,0,NULL,NULL,,3,0,2,7,255,1225,250,0,0
stim,139400,169521,0,169521,3366849.455,-0.704,0.358,0.052,-0.611,0,0,0,35,0,0,0,507,51,1.140,1,2195,0,285.756,37.514,189.313,-138.000,163.625,0.410,-1.227,3.777,-13.227,-35.105,0.070,1.948,2.318,1.049,1.351,0,NULL,NULL,,3,0,2,7,255,1225,250,0,0
stim,139421,169542,0,169542,3366854.455,-0.706,0.367,0.022,-0.606,359,0,0,629,0,39,0,555,51,1.140,1,2195,0,747.445,39.947,561.688,-334.938,361.938,0.508,1.293,8.313,-19.063,-35.105,10.945,1.796,2.164,1.049,1.351,0,NULL,NULL,,3,0,2,7,255,1225,250,0,0
stim,139421,169542,0,169542,3366859.454,-0.717,0.348,0.029,-0.604,909,0,0,1222,0,253,0,604,51,1.140,1,2195,0,527.090,31.389,-498.563,-134.938,105.125,-1.055,1.496,6.551,-19.063,-24.938,50.840,1.640,2.006,1.049,1.351,0,NULL,NULL,,3,0,2,7,255,1225,250,0,0
stim,139421,169542,0,169542,3366864.455,-0.737,0.308,0.053,-0.600,1351,0,0,1556,0,509,0,631,51,1.140,1,2195,0,1161.808,27.792,-1145.563,-153.875,117.500,-0.309,3.855,1.117,-12.270,-24.938,50.840,1.480,1.844,1.049,1.351,0,NULL,NULL,,3,0,2,7,255,1225,250,0,0
stim,139421,169542,0,169542,3366869.454,-0.751,0.275,0.070,-0.596,1737,0,0,1819,0,663,0,679,51,1.140,1,2195,0,933.342,29.381,-915.938,-147.500,102.125,-0.984,3.090,-1.949,29.367,0.891,14.305,1.316,1.678,1.049,1.351,0,NULL,NULL,,3,0,2,7,255,1225,250,0,0
stim,139447,169568,0,169568,3366874.455,-0.759,0.257,0.077,-0.594,2027,0,0,1945,0,883,0,749,51,1.140,1,2196,0,473.151,36.891,-451.875,-127.625,58.250,-1.504,0.797,-2.156,29.367,22.328,-12.664,1.144,1.508,1.049,1.351,1,1126.000,-99.000,,3,0,2,7,255,1225,250,0,0
stim,139447,169568,0,169568,3366879.454,-0.760,0.249,0.076,-0.595,2205,0,0,2069,0,995,0,825,51,1.140,1,2196,0,202.538,23.241,-142.000,-142.813,-21.500,-0.914,-0.715,0.055,6.449,22.328,-12.664,0.966,1.328,1.049,1.351,1,NULL,NULL,,3,0,2,7,255,1225,250,0,0
stim,139447,169568,0,169568,3366884.455,-0.761,0.243,0.075,-0.597,2363,0,0,2155,0,1193,0,917,51,1.140,1,2196,0,141.743,6.770,-74.125,-117.000,-30.125,0.105,0.480,1.340,2.730,6.195,-7.461,0.778,1.138,1.049,1.351,1,NULL,NULL,,3,0,2,7,255,1225,250,0,0
stim,139447,169568,0,169568,3366889.454,-0.763,0.236,0.075,-0.597,2577,0,0,2423,0,1297,0,966,51,1.140,1,2196,0,174.759,6.653,-139.000,-100.875,32.313,0.465,1.824,1.664,2.730,-6.066,2.488,0.592,0.944,1.049,1.351,1,NULL,NULL,,3,0,2,7,255,1225,250,0,0
stim,139447,169568,0,169568,3366894.455,-0.769,0.225,0.077,-0.594,2720,0,0,2629,0,1303,0,999,51,1.140,1,2196,0,287.192,7.551,-252.438,-101.500,91.938,-0.410,0.789,1.406,4.496,-6.066,5.809,0.418,0.752,1.049,1.351,2,NULL,NULL,,3,0,2,7,255,1225,250,0,0
stim,139447,169568,0,169568,3366899.454,-0.778,0.209,0.080,-0.587,2827,0,0,2761,0,1315,0,1082,51,1.140,1,2196,0,458.905,4.578,-388.813,-159.813,184.063,-1.859,-1.547,0.449,4.496,-0.863,5.809,0.276,0.568,1.049,1.351,2,NULL,NULL,,3,0,2,7,255,1225,250,0,0
stim,139447,169568,0,169568,3366904.455,-0.782,0.193,0.084,-0.587,2909,0,0,2873,0,1303,0,1169,51,1.140,1,2196,0,381.300,22.935,-348.750,-154.063,5.313,-2.043,-1.758,-0.598,-20.332,10.613,-2.152,0.200,0.398,1.049,1.351,2,NULL,NULL,,3,0,2,7,255,1225,250,0,0
stim,139495,169616,0,169616,3366909.454,-0.780,0.184,0.082,-0.592,2959,0,0,2941,0,1285,0,1229,51,1.140,1,2196,0,240.392,22.935,-118.750,-168.625,-123.500,-0.996,-0.914,-0.477,-20.332,10.613,-11.020,0.252,0.254,1.049,1.351,2,NULL,NULL,,3,0,2,7,255,1225,250,0,0
stim,139495,169616,0,169616,3366914.455,-0.777,0.180,0.076,-0.598,2987,0,0,2999,0,1297,75,1257,51,1.140,1,2196,0,228.515,13.879,36.875,-171.563,-146.375,0.035,-0.500,1.031,-11.172,8.234,-11.020,0.330,0.168,1.049,1.351,2,NULL,NULL,,3,0,2,7,255,1225,250,0,0
stim,139495,169616,0,169616,3366919.454,-0.775,0.176,0.071,-0.603,3032,0,0,3048,0,1340,191,1295,51,1.140,1,2196,0,184.117,8.117,-0.250,-159.375,-92.188,0.637,-0.680,1.984,-6.246,-5.184,-1.316,0.380,0.158,1.049,1.351,2,NULL,NULL,,3,0,2,7,255,1225,250,0,0
stim,139495,169616,0,169616,3366924.455,-0.777,0.167,0.069,-0.603,3043,0,0,3090,0,1430,291,1319,51,1.140,1,2196,0,199.415,15.380,-123.813,-156.313,1.813,0.871,-0.996,1.918,-6.246,-14.055,3.766,0.402,0.200,1.049,1.351,2,NULL,NULL,,3,0,2,7,255,1225,250,0,0
stim,139495,169616,0,169616,3366929.454,-0.782,0.157,0.069,-0.600,3061,0,0,3115,0,1501,421,1353,51,1.140,1,2196,0,277.340,16.405,-213.813,-144.125,102.125,0.609,-1.305,1.180,-8.461,-14.055,3.766,0.416,0.262,1.049,1.351,2,NULL,NULL,,3,0,2,7,255,1225,250,0,0
stim,139495,169616,0,169616,3366934.455,-0.787,0.147,0.068,-0.595,3065,0,0,3127,0,1619,507,1402,51,1.140,1,2196,0,285.175,16.761,-190.500,-138.688,160.625,0.008,-1.223,0.367,-11.348,-12.336,-2.352,0.440,0.322,1.049,1.351,2,NULL,NULL,,3,0,2,7,255,1225,250,0,0
stim,139495,169616,0,169616,3366939.454,-0.793,0.141,0.065,-0.590,3091,0,0,3149,0,1757,568,1483,51,1.140,1,2196,0,225.991,12.144,-87.625,-140.688,153.625,-0.531,-0.668,0.371,-11.348,-4.324,-5.691,0.476,0.376,1.049,1.351,2,NULL,NULL,,3,0,2,7,255,1225,250,0,0
stim,139518,169639,0,169639,3366944.455,-0.795,0.137,0.060,-0.587,3087,0,0,3161,0,1866,585,1557,51,1.140,1,2196,0,168.583,8.220,-24.375,-141.750,87.938,-0.664,0.098,0.945,-8.004,1.871,-5.691,0.500,0.418,1.049,1.351,2,NULL,NULL,,3,0,2,7,255,1225,250,0,0
stim,139518,169639,0,169639,3366949.454,-0.797,0.133,0.056,-0.587,3092,0,0,3177,0,1963,595,1642,51,1.140,1,2196,0,139.958,2.379,-19.750,-136.000,26.500,-0.297,0.387,1.270,-1.469,1.871,0.875,0.494,0.444,1.049,1.351,2,NULL,NULL,,3,0,2,7,255,1225,250,0,0
stim,139518,169639,0,169639,3366954.455,-0.798,0.128,0.052,-0.587,3091,0,0,3177,0,2068,589,1709,51,1.140,1,2196,0,138.026,0.837,-49.313,-128.063,14.813,-0.043,0.160,1.414,0.758,0.355,3.313,0.462,0.456,1.049,1.351,2,NULL,NULL,,3,0,2,7,255,1225,250,0,0
stim,139518,169639,0,169639,3366959.454,-0.799,0.122,0.050,-0.586,3099,0,0,3191,93,2174,597,1853,51,1.140,1,2196,0,152.274,2.901,-92.063,-119.188,22.500,0.035,-0.152,1.270,0.758,-2.801,3.313,0.418,0.458,1.049,1.351,2,NULL,NULL,,3,0,2,7,255,1225,250,0,0
stim,139518,169639,0,169639,3366964.455,-0.801,0.115,0.049,-0.586,3099,0,0,3179,341,2237,712,1983,51,1.140,1,2196,0,153.503,3.749,-100.750,-112.500,27.500,0.008,-0.273,1.039,-1.820,-3.277,1.996,0.378,0.450,1.049,1.351,2,NULL,NULL,,3,0,2,7,255,1225,250,0,0
stim,139518,169639,0,169639,3366969.454,-0.801,0.112,0.047,-0.586,3098,0,0,3181,586,2283,691,2085,51,1.140,1,2196,0,93.202,4.547,-48.688,-79.313,-5.063,0.160,-0.258,1.488,-2.379,-3.875,1.996,0.352,0.424,1.049,1.351,2,NULL,NULL,,3,0,2,7,255,1225,250,0,0
stim,139545,169666,0,169666,3366974.455,-0.800,0.109,0.047,-0.588,3101,0,0,3183,803,2325,683,2149,51,1.140,1,2196,0,75.198,6.046,-41.813,-45.000,-43.375,0.418,0.090,1.230,-2.379,-5.559,1.184,0.342,0.372,1.049,1.351,2,NULL,NULL,,3,0,2,7,255,1225,250,0,0
stim,139545,169666,0,169666,3366979.454,-0.800,0.108,0.046,-0.589,3101,0,0,3187,953,2351,653,2195,51,1.140,1,2196,0,47.089,6.528,-0.688,-39.938,-24.938,0.676,0.664,1.020,1.734,-6.293,1.184,0.340,0.312,1.049,1.351,2,NULL,NULL,,3,0,2,7,255,1225,250,0,0
stim,139545,169666,0,169666,3366984.455,-0.800,0.108,0.044,-0.588,3102,16,0,3183,1055,2379,615,2246,51,1.140,1,2196,0,34.066,7.139,9.625,-23.875,22.313,0.207,0.344,1.496,3.371,-6.293,1.184,0.340,0.252,1.049,1.351,2,NULL,NULL,,3,0,2,7,255,1225,250,0,0
stim,139545,169667,0,169667,3366989.454,-0.801,0.105,0.046,-0.587,3099,23,0,3188,1177,2393,587,2287,51,1.140,1,2196,0,79.130,5.345,-73.375,-17.625,23.813,-0.457,-0.031,1.496,3.371,-4.148,4.398,0.340,0.206,1.049,1.351,2,NULL,NULL,,3,0,2,7,255,1225,250,0,0
stim,139564,169685,0,169685,3366994.455,-0.801,0.101,0.048,-0.589,3101,43,0,3189,1259,2412,558,2321,51,1.140,1,2196,0,109.719,1.076,-99.125,-13.063,-45.188,-0.570,0.141,0.906,-0.586,0.902,4.398,0.338,0.176,1.049,1.351,2,NULL,NULL,,3,0,2,7,255,1225,250,0,0
stim,139564,169685,0,169685,3366999.455,-0.798,0.099,0.049,-0.592,3102,55,0,3189,1355,2427,525,2351,51,1.140,1,2196,0,116.062,1.076,-44.875,-11.875,-106.375,-0.125,0.172,0.684,-0.586,0.902,0.074,0.334,0.164,1.049,1.351,2,NULL,NULL,,3,0,2,7,255,1225,250,0,0
stim,139564,169685,0,169685,3367004.455,-0.796,0.098,0.049,-0.595,3101,70,0,3184,1443,2443,493,2380,51,1.140,1,2196,0,92.703,0.208,-7.188,-10.063,-91.875,0.289,-0.059,1.008,0.105,0.180,-0.742,0.332,0.164,1.049,1.351,2,NULL,NULL,,3,0,2,7,255,1225,250,0,0
stim,139564,169685,0,169685,3367009.454,-0.795,0.097,0.050,-0.596,3113,86,0,3187,1555,2457,467,2413,51,1.140,1,2196,0,42.605,4.892,-28.250,-4.125,-31.625,0.223,-0.172,1.156,0.105,-4.891,-0.742,0.334,0.162,1.049,1.351,2,NULL,NULL,,3,0,2,7,255,1225,250,0,0
stim,139601,169722,0,169722,3367014.455,-0.795,0.095,0.051,-0.597,3103,115,0,3191,1607,2463,442,2430,51,1.140,1,2196,0,57.807,5.023,-57.563,-3.938,-3.563,-0.164,-0.074,1.023,-1.145,-4.891,0.262,0.338,0.160,1.049,1.351,2,NULL,NULL,,3,0,2,7,255,1225,250,0,0
stim,139601,169722,0,169722,3367019.454,-0.795,0.093,0.053,-0.597,3107,116,0,3187,1655,2477,409,2452,51,1.140,1,2196,0,59.727,1.390,-51.250,-4.250,-30.375,-0.363,-0.004,0.824,-1.145,-0.789,0.262,0.346,0.152,1.049,1.351,2,NULL,NULL,,3,0,2,7,255,1225,250,0,0
stim,139601,169722,0,169722,3367024.455,-0.793,0.091,0.053,-0.600,3106,125,4,3190,1711,2489,397,2471,51,1.140,1,2196,0,64.555,1.154,-23.000,-6.188,-60.000,-0.176,-0.066,0.820,-1.133,-0.223,-1.215,0.358,0.142,1.049,1.351,2,NULL,NULL,,3,0,2,7,255,1225,250,0,0
stim,139601,169722,0,169722,3367029.454,-0.792,0.091,0.053,-0.601,3109,141,23,3191,1751,2503,389,2483,51,1.140,1,2196,0,53.499,1.105,-4.313,-7.813,-52.750,0.035,-0.105,0.969,-1.082,-0.223,-1.215,0.376,0.126,1.049,1.351,2,NULL,NULL,,3,0,2,7,255,1225,250,0,0
stim,139601,169722,0,169722,3367034.455,-0.791,0.090,0.053,-0.602,3111,155,41,3207,1784,2516,371,2493,51,1.140,1,2196,0,29.140,2.734,-4.875,-7.438,-27.750,0.051,-0.008,1.055,-0.922,-2.574,-0.629,0.398,0.108,1.049,1.351,2,NULL,NULL,,3,0,2,7,255,1225,250,0,0
stim,139601,169722,0,169722,3367039.454,-0.791,0.089,0.053,-0.603,3113,155,56,3193,1813,2520,357,2509,51,1.140,1,2196,0,18.113,2.574,-11.813,-4.938,-12.813,-0.051,0.063,1.066,0.031,-2.574,0.215,0.420,0.090,1.049,1.351,2,NULL,NULL,,3,0,2,7,255,1225,250,0,0
stim,139601,169722,0,169722,3367044.455,-0.791,0.089,0.053,-0.603,3117,164,105,3198,1843,2531,325,2509,51,1.140,1,2196,0,19.255,1.526,-14.813,-3.438,-11.813,-0.121,0.051,1.027,0.137,-1.520,0.309,0.434,0.076,1.049,1.351,2,NULL,NULL,,3,0,2,7,255,1225,250,0,0
stim,139601,169722,0,169722,3367049.454,-0.790,0.088,0.054,-0.604,3109,173,125,3192,1873,2538,327,2507,51,1.140,1,2196,0,19.273,0.839,-11.438,-2.063,-15.375,-0.121,0.012,0.988,0.137,-0.828,0.309,0.442,0.068,1.049,1.351,2,NULL,NULL,,3,0,2,7,255,1225,250,0,0
stim,139601,169722,0,169722,3367054.455,-0.790,0.088,0.054,-0.604,3111,173,141,3191,1883,2532,300,2513,51,1.198,1,2196,1,14.735,0.858,-5.000,-2.188,-13.688,-0.098,-0.008,0.984,-0.223,-0.828,-0.082,0.000,0.000,1.106,1.342,2,NULL,NULL,,3,0,2,7,255,1225,250,0,0
stim,139601,169722,0,169722,3367059.454,-0.790,0.088,0.054,-0.604,3109,181,179,3190,1899,2534,284,2516,51,1.198,1,2196,1,8.904,1.024,-1.563,-2.375,-8.438,-0.105,0.008,1.012,-0.223,-1.000,-0.082,0.004,0.002,1.106,1.342,2,NULL,NULL,,3,0,2,7,255,1225,250,0,0
stim,139631,169752,0,169752,3367064.455,-0.790,0.087,0.054,-0.605,3107,178,217,3190,1916,2535,247,2519,51,1.198,1,2196,1,6.372,1.022,-2.500,-2.188,-5.438,-0.133,0.020,1.023,-0.211,-1.000,0.117,0.008,0.006,1.106,1.342,2,NULL,NULL,,3,0,2,7,255,1225,250,0,0
stim,139631,169752,0,169752,3367069.454,-0.790,0.087,0.054,-0.605,3110,172,245,3204,1927,2535,228,2521,51,1.198,1,2196,1,6.440,0.757,-2.688,-2.000,-5.500,-0.148,0.012,1.004,-0.211,-0.727,0.133,0.014,0.010,1.106,1.342,2,NULL,NULL,,3,0,2,7,255,1225,250,0,0
stim,139631,169752,0,169752,3367074.455,-0.790,0.087,0.054,-0.605,3103,169,251,3181,1928,2537,211,2523,51,1.198,1,2196,1,6.654,0.647,-0.438,-2.563,-6.125,-0.148,0.004,0.996,-0.266,-0.590,0.133,0.020,0.016,1.106,1.342,2,NULL,NULL,,3,0,2,7,255,1225,250,0,0
stim,139631,169752,0,169752,3367079.454,-0.789,0.087,0.053,-0.605,3101,169,263,3179,1947,2536,172,2521,51,1.198,1,2196,1,6.851,0.671,2.125,-2.813,-5.875,-0.145,0.004,0.996,-0.320,-0.590,0.047,0.024,0.020,1.106,1.342,2,NULL,NULL,,3,0,2,7,255,1225,250,0,0
stim,139654,169775,0,169775,3367084.455,-0.789,0.087,0.053,-0.605,3099,165,281,3178,1943,2537,159,2523,51,1.198,1,2196,1,6.060,0.674,2.313,-3.250,-4.563,-0.148,0.000,1.000,-0.340,-0.582,0.047,0.030,0.024,1.106,1.342,2,NULL,NULL,,3,0,2,7,255,1225,250,0,0
stim,139654,169775,0,169775,3367089.455,-0.789,0.087,0.053,-0.606,3095,163,293,3175,1949,2535,148,2525,51,1.198,1,2196,1,6.353,0.676,2.688,-3.813,-4.313,-0.160,0.004,0.984,-0.363,-0.570,0.047,0.032,0.026,1.106,1.342,2,NULL,NULL,,3,0,2,7,255,1225,250,0,0
stim,139654,169775,0,169775,3367094.455,-0.789,0.087,0.053,-0.606,3091,159,302,3165,1980,2535,143,2527,51,1.198,1,2196,1,7.581,0.569,4.188,-4.500,-4.438,-0.156,0.016,0.980,-0.363,-0.438,-0.051,0.036,0.028,1.106,1.342,2,NULL,NULL,,3,0,2,7,255,1225,250,0,0
stim,139654,169775,0,169775,3367099.454,-0.789,0.087,0.052,-0.606,3087,157,302,3161,1965,2535,139,2531,51,1.198,1,2196,1,8.465,0.501,5.375,-5.313,-3.813,-0.160,0.016,0.984,-0.281,-0.414,-0.051,0.036,0.028,1.106,1.342,2,NULL,NULL,,3,0,2,7,255,1225,250,0,0
stim,139654,169775,0,169775,3367104.455,-0.789,0.087,0.052,-0.606,3081,159,303,3151,1973,2535,137,2533,51,1.198,1,2196,1,8.992,0.478,5.438,-6.063,-3.813,-0.168,0.012,0.980,-0.281,-0.387,-0.059,0.038,0.028,1.106,1.342,2,NULL,NULL,,3,0,2,7,255,1225,250,0,0
stim,139654,169775,0,169775,3367109.454,-0.789,0.087,0.052,-0.606,3067,151,293,3145,1989,2542,137,2534,51,1.198,1,2196,1,10.779,0.420,6.563,-6.938,-5.000,-0.168,0.027,0.977,-0.281,-0.313,-0.059,0.038,0.028,1.106,1.342,2,NULL,NULL,,3,0,2,7,255,1225,250,0,0
stim,139700,169821,0,169821,3367114.455,-0.789,0.087,0.051,-0.607,3063,141,310,3134,1991,2533,135,2539,51,1.198,1,2196,1,12.381,0.366,8.063,-7.750,-5.313,-0.156,0.043,0.984,-0.191,-0.313,-0.059,0.040,0.026,1.106,1.342,2,NULL,NULL,,3,0,2,7,255,1225,250,0,0
stim,139700,169821,0,169821,3367119.455,-0.789,0.087,0.051,-0.607,3054,143,315,3126,2001,2532,135,2541,51,1.198,1,2196,1,12.227,0.280,7.813,-8.625,-3.750,-0.164,0.055,1.000,-0.039,-0.277,-0.031,0.040,0.024,1.106,1.342,2,NULL,NULL,,3,0,2,7,255,1225,250,0,0
stim,139700,169821,0,169821,3367124.455,-0.788,0.087,0.050,-0.607,3047,141,343,3113,2007,2531,135,2547,51,1.198,1,2196,1,12.551,0.275,6.688,-9.500,-4.750,-0.180,0.070,0.996,0.055,-0.270,0.121,0.040,0.022,1.106,1.342,2,NULL,NULL,,3,0,2,7,255,1225,250,0,0
stim,139700,169821,0,169821,3367129.454,-0.788,0.087,0.050,-0.607,3035,140,351,3103,2019,2530,135,2553,51,1.198,1,2196,1,13.947,0.243,6.688,-10.250,-6.688,-0.164,0.082,0.992,0.168,-0.176,0.121,0.040,0.020,1.106,1.342,2,NULL,NULL,,3,0,2,7,255,1225,250,0,0
stim,139700,169821,0,169821,3367134.455,-0.788,0.083,0.047,-0.608,3027,139,373,3093,2025,2531,136,2559,51,1.198,1,2196,1,14.897,0.342,7.688,-11.125,-6.250,-0.141,0.090,1.000,0.293,-0.176,0.121,0.040,0.016,1.106,1.342,2,NULL,NULL,,3,0,2,7,255,1225,250,0,0
stim,139700,169821,0,169821,3367139.454,-0.788,0.083,0.047,-0.608,3015,137,409,3081,2035,2530,143,2577,51,1.198,1,2196,1,14.743,0.538,7.563,-12.125,-3.625,-0.137,0.121,1.016,0.461,-0.277,0.121,0.040,0.012,1.106,1.342,2,NULL,NULL,,3,0,2,7,255,1225,250,0,0
stim,139730,169851,0,169851,3367144.455,-0.788,0.083,0.046,-0.608,3001,139,455,3064,2054,2531,179,2584,51,1.198,1,2196,1,14.705,0.789,6.625,-12.875,-2.563,-0.156,0.172,1.031,0.738,-0.277,0.254,0.040,0.010,1.106,1.342,2,NULL,NULL,,3,0,2,7,255,1225,250,0,0
stim,139730,169851,0,169851,3367149.454,-0.788,0.083,0.045,-0.608,2988,149,502,3051,2075,2531,222,2591,51,1.198,1,2196,1,14.953,1.148,4.875,-13.125,-5.250,-0.164,0.223,1.051,1.148,0.004,0.453,0.042,0.006,1.106,1.342,2,NULL,NULL,,3,0,2,7,255,1225,250,0,0
stim,139730,169851,0,169851,3367154.455,-0.788,0.083,0.045,-0.609,2979,153,559,3043,2103,2541,252,2603,51,1.198,1,2196,1,15.546,1.598,2.000,-13.063,-8.188,-0.145,0.254,1.063,1.598,0.043,0.703,0.044,0.004,1.106,1.342,2,NULL,NULL,,3,0,2,7,255,1225,250,0,0
stim,139730,169851,0,169851,3367159.454,-0.788,0.083,0.044,-0.609,2951,157,617,3033,2142,2539,279,2629,51,1.198,1,2196,1,15.088,1.856,-3.000,-13.188,-6.688,-0.121,0.238,1.063,1.855,0.043,0.762,0.046,0.006,1.106,1.342,2,NULL,NULL,,3,0,2,7,255,1225,250,0,0
stim,139730,169851,0,169851,3367164.455,-0.788,0.082,0.044,-0.609,2937,174,703,3017,2189,2536,327,2643,51,1.198,1,2196,1,15.868,1.858,-7.875,-13.063,-4.375,-0.145,0.172,1.051,1.855,-0.098,0.762,0.048,0.008,1.106,1.342,2,NULL,NULL,,3,0,2,7,255,1225,250,0,0
stim,139730,169851,0,169851,3367169.454,-0.788,0.081,0.044,-0.609,2909,183,740,3001,2235,2539,363,2644,51,1.198,1,2196,1,17.826,1.188,-10.438,-12.938,-6.438,-0.180,0.141,1.020,1.184,-0.098,0.629,0.050,0.010,1.106,1.342,2,NULL,NULL,,3,0,2,7,255,1225,250,0,0
stim,139730,169851,0,169851,3367174.455,-0.787,0.081,0.043,-0.610,2893,205,805,2991,2279,2535,416,2659,51,1.198,1,2196,1,19.424,1.167,-7.938,-12.875,-12.188,-0.168,0.176,0.992,1.148,0.207,0.363,0.052,0.012,1.106,1.342,2,NULL,NULL,,3,0,2,7,255,1225,250,0,0
stim,139730,169851,0,169851,3367179.454,-0.787,0.080,0.043,-0.610,2875,239,888,2979,2310,2547,475,2676,51,1.198,1,2196,1,20.986,1.167,-5.688,-12.250,-16.063,-0.137,0.172,1.016,1.148,0.207,0.285,0.052,0.012,1.106,1.342,2,NULL,NULL,,3,0,2,7,255,1225,250,0,0
stim,139751,169872,0,169872,3367184.455,-0.787,0.080,0.043,-0.611,2847,247,995,2957,2344,2538,546,2681,51,1.198,1,2196,1,22.652,1.151,-9.125,-11.688,-17.125,-0.125,0.125,1.035,1.148,-0.070,0.285,0.054,0.012,1.106,1.342,2,NULL,NULL,,3,0,2,7,255,1225,250,0,0
stim,139751,169872,0,169872,3367189.454,-0.786,0.079,0.043,-0.611,2826,251,1095,2955,2377,2548,632,2687,51,1.198,1,2196,1,25.653,0.844,-14.313,-10.750,-18.375,-0.129,0.063,0.996,0.789,-0.301,0.285,0.054,0.012,1.106,1.342,2,NULL,NULL,,3,0,2,7,255,1225,250,0,0
stim,139751,169872,0,169872,3367194.455,-0.786,0.078,0.043,-0.612,2799,263,1205,2929,2408,2547,777,2699,51,1.198,1,2196,1,27.246,0.350,-14.688,-10.313,-20.500,-0.148,-0.016,0.949,0.180,-0.301,0.055,0.056,0.012,1.106,1.342,2,NULL,NULL,,3,0,2,7,255,1225,250,0,0
stim,139751,169872,0,169872,3367199.454,-0.785,0.077,0.043,-0.613,2773,267,1268,2909,2439,2551,872,2708,51,1.198,1,2196,1,28.203,0.655,-11.063,-10.438,-23.750,-0.156,-0.063,0.930,-0.590,-0.285,-0.406,0.056,0.010,1.106,1.342,2,NULL,NULL,,3,0,2,7,255,1225,250,0,0
stim,139797,169918,0,169918,3367204.455,-0.785,0.077,0.043,-0.614,2749,277,1373,2891,2464,2552,985,2722,51,1.198,1,2196,1,28.571,1.038,-5.938,-11.438,-25.500,-0.156,-0.059,0.930,-1.000,-0.277,-0.594,0.056,0.010,1.106,1.342,2,NULL,NULL,,3,0,2,7,255,1225,250,0,0
stim,139797,169918,0,169918,3367209.454,-0.784,0.076,0.043,-0.615,2719,283,1487,2877,2491,2543,1083,2731,51,1.198,1,2196,1,29.342,1.028,-3.563,-13.000,-26.063,-0.172,-0.023,0.953,-1.000,-0.238,-0.594,0.058,0.008,1.106,1.342,2,NULL,NULL,,3,0,2,7,255,1225,250,0,0
stim,139819,169940,0,169940,3367214.455,-0.783,0.075,0.042,-0.616,2679,296,1619,2855,2537,2544,1206,2741,51,1.198,1,2196,1,31.416,0.694,-3.625,-14.750,-27.500,-0.191,0.039,0.988,-0.691,-0.063,-0.336,0.058,0.008,1.106,1.342,2,NULL,NULL,,3,0,2,7,255,1225,250,0,0
stim,139819,169940,0,169940,3367219.454,-0.782,0.075,0.042,-0.617,2647,316,1710,2840,2569,2549,1319,2757,51,1.198,1,2196,1,37.444,0.264,-6.563,-15.250,-33.563,-0.188,0.082,1.023,-0.121,0.234,0.070,0.060,0.008,1.106,1.342,2,NULL,NULL,,3,0,2,7,255,1225,250,0,0
stim,139819,169940,0,169940,3367224.455,-0.781,0.074,0.042,-0.618,2581,313,1812,2821,2589,2551,1429,2774,51,1.198,1,2196,1,42.980,0.286,-12.000,-16.250,-37.938,-0.156,0.059,1.027,0.164,0.234,0.367,0.060,0.008,1.106,1.342,2,NULL,NULL,,3,0,2,7,255,1225,250,0,0
stim,139819,169940,0,169940,3367229.454,-0.781,0.073,0.042,-0.619,2525,334,1903,2791,2621,2552,1529,2781,51,1.198,1,2196,1,45.242,0.176,-17.875,-17.250,-37.813,-0.133,0.012,1.012,0.164,-0.063,0.367,0.062,0.008,1.106,1.342,2,NULL,NULL,,3,0,2,7,255,1225,250,0,0
stim,139819,169940,0,169940,3367234.455,-0.780,0.071,0.042,-0.621,2468,349,1975,2765,2649,2571,1647,2801,51,1.198,1,2196,1,45.175,0.413,-19.375,-18.500,-36.375,-0.133,-0.016,0.984,-0.211,-0.355,0.168,0.064,0.008,1.106,1.342,2,NULL,NULL,,3,0,2,7,255,1225,250,0,0
stim,139819,169940,0,169940,3367239.454,-0.779,0.070,0.042,-0.622,2405,363,2077,2724,2677,2558,1755,2808,51,1.198,1,2196,1,44.534,0.591,-18.688,-19.563,-35.375,-0.137,-0.020,0.984,-0.473,-0.355,-0.082,0.068,0.008,1.106,1.342,2,NULL,NULL,,3,0,2,7,255,1225,250,0,0
stim,139819,169940,0,169940,3367244.455,-0.778,0.069,0.042,-0.623,2331,366,2168,2686,2699,2571,1859,2815,51,1.198,1,2196,1,46.817,0.552,-19.250,-20.938,-37.188,-0.160,0.004,1.016,-0.473,-0.285,-0.082,0.070,0.008,1.106,1.342,2,NULL,NULL,,3,0,2,7,255,1225,250,0,0
stim,139819,169940,0,169940,3367249.454,-0.777,0.067,0.042,-0.625,2253,370,2261,2663,2729,2568,1939,2837,51,1.198,1,2196,1,53.305,0.289,-25.125,-22.438,-41.313,-0.176,0.027,1.063,-0.281,-0.066,0.270,0.072,0.010,1.106,1.342,2,NULL,NULL,,3,0,2,7,255,1225,250,0,0
stim,139819,169940,1,169940,3367254.455,-0.776,0.065,0.042,-0.626,2153,371,2341,2602,2744,2565,2007,2845,51,1.198,1,2196,1,64.461,0.103,-35.000,-22.188,-49.375,-0.156,0.059,1.094,-0.090,-0.051,0.738,0.076,0.012,1.106,1.342,2,NULL,NULL,,3,1,2,7,255,1225,250,0,0
stim,139819,169940,1,169940,3367259.454,-0.774,0.063,0.042,-0.628,2071,377,2391,2553,2765,2567,2089,2859,51,1.198,1,2196,1,72.795,0.305,-43.375,-21.313,-54.438,-0.094,0.063,1.055,0.301,-0.051,0.738,0.076,0.014,1.106,1.342,2,NULL,NULL,,3,1,2,7,255,1225,250,0,0
stim,139819,169940,1,169940,3367264.455,-0.773,0.061,0.043,-0.630,1957,371,2454,2493,2779,2554,2155,2861,51,1.198,1,2196,1,71.359,0.634,-46.563,-21.188,-49.750,-0.051,0.035,1.000,0.328,-0.543,0.551,0.078,0.016,1.106,1.342,2,NULL,NULL,,3,1,2,7,255,1225,250,0,0
stim,139819,169940,1,169940,3367269.454,-0.772,0.058,0.043,-0.631,1867,362,2509,2427,2797,2555,2233,2885,51,1.198,1,2196,1,64.681,0.847,-42.813,-20.500,-43.938,-0.070,-0.023,0.980,0.328,-0.781,-0.055,0.080,0.018,1.106,1.342,2,NULL,NULL,,3,1,2,7,255,1225,250,0,0
stim,139847,169968,1,169968,3367274.455,-0.771,0.056,0.044,-0.632,1721,347,2555,2357,2820,2553,2279,2886,51,1.198,1,2196,1,58.783,0.816,-39.750,-21.875,-37.375,-0.098,-0.090,1.000,-0.234,-0.781,-0.055,0.082,0.020,1.106,1.342,2,NULL,NULL,,3,1,2,7,255,1225,250,0,0
stim,139847,169968,1,169968,3367279.454,-0.771,0.054,0.044,-0.634,1586,334,2599,2277,2839,2551,2343,2893,51,1.198,1,2196,1,58.997,1.060,-40.250,-21.750,-37.250,-0.129,-0.102,1.012,-0.859,-0.621,0.012,0.084,0.020,1.106,1.342,2,NULL,NULL,,3,1,2,7,255,1225,250,0,0
stim,139847,169968,1,169968,3367284.455,-0.770,0.052,0.045,-0.635,1401,317,2641,2187,2853,2547,2396,2901,51,1.198,1,2196,1,63.971,0.927,-42.813,-23.063,-41.563,-0.148,-0.043,1.031,-0.859,-0.348,0.168,0.086,0.022,1.106,1.342,2,NULL,NULL,,3,1,2,7,255,1225,250,0,0
stim,139847,169968,1,169968,3367289.454,-0.768,0.050,0.045,-0.636,1237,296,2719,2059,2861,2539,2444,2905,51,1.198,1,2196,1,67.626,0.508,-43.813,-23.313,-45.938,-0.105,0.035,1.008,-0.438,-0.258,0.168,0.088,0.022,1.106,1.342,2,NULL,NULL,,3,1,2,7,255,1225,250,0,0
stim,139847,169968,1,169968,3367294.455,-0.767,0.047,0.045,-0.638,1107,281,2713,1913,2877,2535,2485,2916,51,1.198,1,2196,1,62.918,0.481,-40.813,-23.563,-41.688,-0.074,0.055,1.000,0.406,-0.258,0.121,0.088,0.022,1.106,1.342,2,NULL,NULL,,3,1,2,7,255,1225,250,0,0
stim,139847,169968,1,169968,3367299.455,-0.767,0.045,0.046,-0.639,943,248,2750,1759,2899,2525,2527,2921,51,1.198,1,2196,1,56.520,0.629,-35.750,-25.000,-35.938,-0.078,0.016,1.004,0.406,-0.480,0.027,0.090,0.022,1.106,1.342,2,NULL,NULL,,3,1,2,7,255,1225,250,0,0
stim,139870,169991,1,169991,3367304.455,-0.766,0.043,0.046,-0.640,759,223,2789,1559,2915,2519,2583,2927,51,1.198,1,2196,1,54.147,0.595,-34.125,-25.563,-33.375,-0.133,0.004,1.039,0.352,-0.480,0.027,0.090,0.020,1.106,1.342,2,NULL,NULL,,3,1,2,7,255,1225,250,0,0
stim,139870,169991,1,169991,3367309.454,-0.765,0.042,0.046,-0.641,543,180,2815,1357,2921,2507,2617,2935,51,1.198,1,2196,1,56.665,0.309,-33.125,-27.625,-36.750,-0.188,0.023,1.063,0.309,-0.020,0.461,0.092,0.018,1.106,1.342,2,NULL,NULL,,3,1,2,7,255,1225,250,0,0
stim,139901,170022,1,170022,3367314.455,-0.764,0.040,0.046,-0.643,370,159,2843,1119,2933,2493,2652,2937,51,1.198,1,2196,1,65.075,0.270,-34.688,-29.875,-46.250,-0.152,0.004,1.090,0.211,0.168,0.746,0.092,0.016,1.106,1.342,2,NULL,NULL,,3,1,2,7,255,1225,250,0,0
stim,139901,170022,1,170022,3367319.454,-0.763,0.037,0.046,-0.644,233,93,2885,904,2927,2483,2675,2941,51,1.198,1,2196,1,63.610,0.270,-35.250,-31.750,-42.375,-0.074,-0.023,1.023,0.211,0.168,0.746,0.094,0.014,1.106,1.342,2,NULL,NULL,,3,1,2,7,255,1225,250,0,0
stim,139901,170022,1,170022,3367324.455,-0.762,0.035,0.045,-0.645,121,47,2876,681,2958,2458,2699,2953,51,1.198,1,2196,1,56.885,0.550,-25.688,-34.875,-36.875,-0.063,0.012,1.031,0.211,-0.508,0.273,0.094,0.014,1.106,1.342,2,NULL,NULL,,3,1,2,7,255,1225,250,0,0
stim,139901,170022,1,170022,3367329.454,-0.761,0.033,0.044,-0.646,43,35,2893,509,2969,2431,2723,2959,51,1.198,1,2196,1,53.859,0.688,-25.063,-37.250,-29.750,-0.059,0.051,1.066,0.465,-0.508,0.273,0.094,0.016,1.106,1.342,2,NULL,NULL,,3,1,2,7,255,1225,250,0,0
stim,139901,170022,1,170022,3367334.455,-0.760,0.031,0.044,-0.647,13,17,2903,331,2981,2413,2747,2965,51,1.198,1,2196,1,59.088,0.894,-24.750,-39.500,-36.313,-0.035,0.027,1.039,0.707,-0.547,0.316,0.092,0.022,1.106,1.342,2,NULL,NULL,,3,1,2,7,255,1225,250,0,0
stim,139901,170022,1,170022,3367339.454,-0.760,0.029,0.043,-0.648,0,0,2917,236,2985,2377,2773,2971,51,1.198,1,2196,1,53.901,1.120,-20.188,-41.313,-28.125,0.016,0.066,1.008,0.875,-0.699,0.316,0.086,0.030,1.106,1.342,2,NULL,NULL,,3,1,2,7,255,1225,250,0,0
stim,139901,170022,1,170022,3367344.455,-0.759,0.028,0.041,-0.649,0,0,2925,166,2999,2345,2796,2973,51,1.198,1,2196,1,49.676,0.994,-4.438,-46.063,-18.063,-0.160,-0.074,1.047,0.707,-0.699,0.316,0.080,0.038,1.106,1.342,2,NULL,NULL,,3,1,2,7,255,1225,250,0,0
stim,139901,170022,1,170022,3367349.454,-0.759,0.027,0.039,-0.649,0,0,2934,145,3005,2325,2821,2975,51,1.198,1,2196,1,65.120,0.636,31.000,-57.250,1.438,-0.363,-0.199,1.281,-0.473,0.426,0.578,0.074,0.048,1.106,1.342,2,NULL,NULL,,3,1,2,7,255,1225,250,0,0
stim,139901,170022,1,170022,3367354.455,-0.760,0.027,0.035,-0.649,0,0,2935,119,3016,2291,2837,2981,51,1.198,1,2196,0,84.341,2.756,50.063,-67.875,-0.438,-0.430,-0.195,1.598,-1.867,2.027,3.109,0.072,0.054,1.106,1.342,3,NULL,NULL,,3,1,2,7,255,1225,250,0,0
stim,139901,170022,1,170022,3367359.454,-0.760,0.026,0.033,-0.649,0,0,2937,75,3027,2259,2855,2985,51,1.198,1,2196,0,74.770,2.756,11.438,-73.875,-1.500,-0.230,0.027,1.617,-1.867,2.027,6.164,0.070,0.060,1.106,1.342,3,NULL,NULL,,3,1,2,7,255,1225,250,0,0
stim,139932,170053,1,170053,3367364.455,-0.760,0.022,0.032,-0.649,0,0,2951,34,3041,2219,2887,2987,51,1.198,1,2196,0,88.613,1.118,-51.313,-71.750,-8.438,-0.070,0.039,1.277,0.559,0.969,6.164,0.064,0.068,1.106,1.342,3,NULL,NULL,,3,1,2,7,255,1225,250,0,0
stim,139932,170053,1,170053,3367369.454,-0.760,0.018,0.030,-0.649,0,0,2951,4,3037,2163,2891,2988,51,1.198,1,2196,0,91.301,0.823,-44.938,-77.875,15.875,-0.047,0.047,1.023,0.809,-0.152,2.699,0.056,0.076,1.106,1.342,3,NULL,NULL,,3,1,2,7,255,1225,250,0,0
stim,139932,170053,1,170053,3367374.455,-0.762,0.016,0.028,-0.647,0,0,2952,0,3045,2107,2905,2990,51,1.198,1,2196,0,93.660,0.823,-13.188,-84.750,37.625,-0.195,0.066,1.027,0.809,-0.152,0.309,0.044,0.086,1.106,1.342,3,NULL,NULL,,3,1,2,7,255,1225,250,0,0
stim,139932,170053,1,170053,3367379.454,-0.763,0.014,0.025,-0.646,0,0,2942,0,3052,2040,2926,2988,51,1.198,1,2196,0,98.075,1.569,8.438,-91.813,33.438,-0.246,0.012,1.148,0.770,1.367,0.309,0.034,0.096,1.106,1.342,3,NULL,NULL,,3,1,2,7,255,1225,250,0,0
stim,139953,170074,1,170074,3367384.455,-0.763,0.011,0.022,-0.646,0,0,2943,0,3053,1944,2925,2991,51,1.198,1,2196,0,96.923,1.788,2.063,-95.250,17.813,-0.258,-0.070,1.230,0.195,1.777,1.535,0.028,0.104,1.106,1.342,3,NULL,NULL,,3,1,2,7,255,1225,250,0,0
stim,139953,170074,1,170074,3367389.455,-0.764,0.008,0.019,-0.645,0,0,2941,0,3062,1849,2940,2989,51,1.198,1,2196,0,100.134,1.868,-1.125,-99.188,13.688,-0.207,-0.152,1.250,-0.574,1.777,2.379,0.026,0.114,1.106,1.342,3,NULL,NULL,,3,1,2,7,255,1225,250,0,0
stim,139953,170074,1,170074,3367394.455,-0.765,0.005,0.016,-0.644,0,0,2941,0,3077,1755,2941,2986,51,1.198,1,2196,0,104.406,1.837,-11.125,-102.250,17.938,-0.156,-0.164,1.199,-1.297,1.301,2.379,0.028,0.124,1.106,1.342,3,NULL,NULL,,3,1,2,7,255,1225,250,0,0
stim,139953,170074,1,170074,3367399.454,-0.765,0.002,0.013,-0.644,0,0,2927,0,3077,1639,2965,2984,51,1.198,1,2196,0,110.367,1.837,-11.500,-107.500,22.188,-0.180,-0.082,1.195,-1.297,1.301,2.035,0.036,0.136,1.106,1.342,3,NULL,NULL,,3,1,2,7,255,1225,250,0,0
stim,139953,170074,1,170074,3367404.456,-0.766,-0.001,0.009,-0.643,0,0,2925,0,3082,1491,2972,2981,51,1.198,1,2196,0,114.580,1.574,-5.625,-111.938,23.813,-0.199,-0.090,1.125,-0.766,1.375,1.973,0.044,0.148,1.106,1.342,3,NULL,NULL,,3,1,2,7,255,1225,250,0,0
stim,139953,170074,1,170074,3367409.454,-0.767,-0.004,0.005,-0.642,0,0,2899,0,3087,1335,2983,2975,51,1.198,1,2196,0,118.733,1.765,7.063,-116.813,20.063,-0.234,-0.020,1.164,-0.609,1.656,1.613,0.050,0.160,1.106,1.342,3,NULL,NULL,,3,1,2,7,255,1225,250,0,0
stim,140000,170121,1,170121,3367414.455,-0.767,-0.007,0.001,-0.641,0,0,2904,0,3087,1158,2991,2971,51,1.198,1,2196,0,123.604,1.718,6.813,-123.000,10.125,-0.172,-0.047,1.207,-0.340,1.684,1.613,0.056,0.172,1.106,1.342,3,NULL,NULL,,3,1,2,7,255,1225,250,0,0
stim,140000,170121,1,170121,3367419.455,-0.768,-0.011,-0.003,-0.641,0,0,2889,0,3089,967,2997,2963,51,1.198,1,2196,0,125.774,1.718,-2.813,-125.500,7.813,-0.137,-0.113,1.156,-0.340,1.684,1.613,0.058,0.180,1.106,1.342,3,NULL,NULL,,3,1,2,7,255,1225,250,0,0
stim,140000,170121,1,170121,3367424.455,-0.768,-0.015,-0.007,-0.640,0,0,2869,0,3091,729,3003,2953,51,1.198,1,2196,0,129.771,1.656,-9.438,-129.188,7.875,-0.133,-0.156,1.082,-0.957,1.352,1.535,0.058,0.190,1.106,1.342,3,NULL,NULL,,3,1,2,7,255,1225,250,0,0
stim,140000,170121,1,170121,3367429.454,-0.768,-0.019,-0.011,-0.640,0,0,2850,0,3094,605,3013,2941,51,1.198,1,2196,0,132.903,1.954,-5.625,-132.625,6.500,-0.125,-0.191,1.051,-1.422,1.340,0.816,0.060,0.200,1.106,1.342,3,NULL,NULL,,3,1,2,7,255,1225,250,0,0
stim,140000,170121,1,170121,3367434.455,-0.768,-0.022,-0.015,-0.639,0,0,2827,0,3097,471,3019,2927,51,1.198,1,2196,0,138.096,2.180,-0.813,-137.813,8.813,-0.105,-0.219,1.047,-1.746,1.305,0.504,0.066,0.214,1.106,1.342,3,NULL,NULL,,3,1,2,7,255,1225,250,0,0
stim,140000,170121,1,170121,3367439.454,-0.769,-0.026,-0.020,-0.639,0,0,2791,0,3096,279,3021,2917,51,1.198,1,2196,0,141.192,2.160,3.688,-140.938,7.625,-0.090,-0.195,1.051,-1.797,1.199,0.488,0.078,0.228,1.106,1.342,3,NULL,NULL,,3,1,2,7,255,1225,250,0,0
stim,140028,170149,1,170149,3367444.455,-0.769,-0.030,-0.025,-0.638,0,0,2762,0,3096,137,3028,2897,51,1.198,1,2196,0,147.694,2.160,11.438,-147.250,0.250,-0.125,-0.125,1.039,-1.797,1.199,0.457,0.092,0.248,1.106,1.342,3,NULL,NULL,,3,1,2,7,255,1225,250,0,0
stim,140028,170149,1,170149,3367449.455,-0.768,-0.033,-0.030,-0.638,0,0,2731,0,3099,60,3035,2873,51,1.198,1,2196,0,151.377,1.860,17.938,-150.063,-8.625,-0.039,0.004,1.172,-1.199,1.422,0.488,0.114,0.270,1.106,1.342,3,NULL,NULL,,3,1,2,7,255,1225,250,0,0
stim,140028,170149,1,170149,3367454.455,-0.768,-0.037,-0.036,-0.638,0,0,2687,0,3100,17,3037,2847,51,1.198,1,2196,0,155.246,1.763,18.813,-153.813,-9.438,-0.039,0.129,1.258,0.180,1.754,1.578,0.138,0.296,1.106,1.342,3,NULL,NULL,,3,1,2,7,255,1225,250,0,0
stim,140028,170149,1,170149,3367459.454,-0.768,-0.041,-0.042,-0.638,0,0,2632,0,3097,0,3042,2823,51,1.198,1,2196,0,162.863,2.296,23.500,-160.688,-12.313,-0.094,0.242,1.340,1.352,1.855,2.352,0.172,0.330,1.106,1.342,3,NULL,NULL,,3,1,2,7,255,1225,250,0,0
stim,140028,170149,1,170149,3367464.455,-0.767,-0.045,-0.048,-0.638,0,0,2571,0,3097,0,3039,2789,51,1.198,1,2196,0,167.717,3.569,13.938,-165.875,-20.500,-0.121,0.234,1.477,2.156,2.844,3.020,0.214,0.372,1.106,1.342,3,NULL,NULL,,3,1,2,7,255,1225,250,0,0
stim,140028,170149,1,170149,3367469.454,-0.766,-0.049,-0.054,-0.639,0,0,2504,0,3100,0,3047,2744,51,1.198,1,2196,0,176.165,4.068,12.438,-173.500,-27.875,-0.156,0.133,1.621,2.156,3.449,4.270,0.262,0.420,1.106,1.342,3,NULL,NULL,,3,1,2,7,255,1225,250,0,0
stim,140028,170149,1,170149,3367474.455,-0.765,-0.053,-0.060,-0.639,0,0,2439,0,3091,0,3043,2701,51,1.198,1,2196,0,186.842,4.200,9.125,-185.938,-15.938,-0.148,0.145,1.867,1.164,4.035,5.621,0.312,0.472,1.106,1.342,3,NULL,NULL,,3,1,2,7,255,1225,250,0,0
stim,140028,170149,1,170149,3367479.455,-0.765,-0.059,-0.067,-0.638,0,0,2345,0,3081,0,3037,2645,51,1.198,1,2196,0,201.450,4.724,-6.000,-201.250,6.688,-0.164,0.344,2.082,1.164,4.578,7.953,0.368,0.526,1.106,1.342,3,NULL,NULL,,3,1,2,7,255,1225,250,0,0
stim,140052,170173,1,170173,3367484.455,-0.765,-0.066,-0.073,-0.636,0,0,2253,0,3055,0,3033,2581,51,1.198,1,2196,0,220.077,6.519,-30.500,-216.750,22.875,-0.320,0.520,2.125,3.035,5.770,9.773,0.426,0.586,1.106,1.342,3,NULL,NULL,,3,1,2,7,255,1225,250,0,0
stim,140052,170173,1,170173,3367489.454,-0.765,-0.075,-0.080,-0.634,0,0,2141,0,3055,8,3027,2506,51,1.198,1,2196,0,245.714,9.143,-52.250,-238.125,30.688,-0.426,0.617,2.125,4.426,8.000,9.773,0.490,0.652,1.106,1.342,3,NULL,NULL,,3,1,2,7,255,1225,250,0,0
stim,140052,170173,1,170173,3367494.456,-0.765,-0.085,-0.086,-0.633,0,0,2015,0,3045,57,3015,2424,51,1.198,1,2196,0,269.592,10.892,-78.500,-256.750,24.438,-0.461,0.613,2.129,5.121,9.613,9.352,0.560,0.724,1.106,1.342,3,NULL,NULL,,3,1,2,7,255,1225,250,0,0
stim,140052,170173,1,170173,3367499.454,-0.764,-0.095,-0.092,-0.631,0,0,1909,0,3023,71,2995,2329,51,1.198,1,2196,0,293.168,11.490,-92.875,-277.063,23.625,-0.430,0.535,2.066,5.121,10.285,9.043,0.640,0.806,1.106,1.342,3,NULL,NULL,,3,1,2,7,255,1225,250,0,0
stim,140114,170235,0,170235,3367504.455,-0.764,-0.107,-0.099,-0.629,0,0,1785,0,3013,85,2961,2231,51,1.198,1,2196,0,319.237,11.383,-105.438,-299.625,31.938,-0.391,0.547,2.039,4.719,10.359,8.277,0.730,0.896,1.106,1.342,3,NULL,NULL,,3,0,2,7,255,1231,250,0,0
stim,140114,170235,0,170235,3367509.454,-0.763,-0.120,-0.106,-0.626,0,0,1661,0,2990,105,2930,2147,51,1.198,1,2196,0,341.508,11.383,-118.375,-318.500,34.250,-0.387,0.605,2.039,4.719,10.359,7.848,0.826,0.996,1.106,1.342,3,NULL,NULL,,3,0,2,7,255,1231,250,0,0
stim,140114,170235,0,170235,3367514.455,-0.762,-0.133,-0.114,-0.624,0,0,1575,0,2968,115,2893,2039,51,1.198,1,2196,0,358.840,11.898,-120.938,-336.375,31.500,-0.480,0.496,2.066,4.719,10.922,7.453,0.924,1.098,1.106,1.342,3,NULL,NULL,,3,0,2,7,255,1231,250,0,0
stim,140114,170235,0,170235,3367519.454,-0.760,-0.147,-0.122,-0.621,0,0,1460,0,2936,113,2828,1951,51,1.198,1,2196,0,372.477,12.917,-111.125,-354.625,25.125,-0.570,0.383,2.254,4.223,12.207,7.453,1.022,1.196,1.106,1.342,3,NULL,NULL,,3,0,2,7,255,1231,250,0,0
stim,140114,170235,0,170235,3367524.455,-0.758,-0.160,-0.132,-0.618,0,0,1388,0,2879,107,2751,1829,51,1.198,1,2196,0,384.021,14.419,-97.688,-371.313,7.500,-0.586,0.309,2.516,3.063,14.090,8.160,1.112,1.290,1.106,1.342,3,NULL,NULL,,3,0,2,7,255,1231,250,0,0
stim,140114,170235,0,170235,3367529.454,-0.756,-0.174,-0.143,-0.615,0,0,1301,0,2827,83,2649,1710,51,1.198,1,2196,0,402.321,16.045,-76.000,-395.063,3.438,-0.688,0.434,2.926,3.063,15.750,10.043,1.190,1.370,1.106,1.342,3,NULL,NULL,,3,0,2,7,255,1231,250,0,0
stim,140114,170235,0,170235,3367534.455,-0.752,-0.188,-0.153,-0.612,0,0,1159,0,2747,77,2509,1564,51,1.198,1,2196,0,427.419,19.615,-106.500,-413.938,-0.875,-0.793,0.727,3.176,3.520,19.297,12.500,1.258,1.440,1.106,1.342,3,NULL,NULL,,3,0,2,7,255,1231,250,0,0
stim,140114,170235,0,170235,3367539.454,-0.748,-0.204,-0.164,-0.610,0,0,1003,0,2646,51,2329,1419,51,1.198,1,2196,0,448.817,23.493,-147.938,-422.750,-28.875,-0.816,0.742,3.180,6.242,22.648,12.500,1.318,1.504,1.106,1.342,3,NULL,NULL,,3,0,2,7,255,1231,250,0,0
stim,140114,170235,0,170235,3367544.455,-0.742,-0.221,-0.173,-0.609,0,0,890,0,2521,0,2093,1251,51,1.198,1,2196,0,467.078,23.493,-174.313,-430.125,-52.625,-0.668,0.434,3.055,6.242,22.648,12.063,1.380,1.568,1.106,1.342,3,NULL,NULL,,3,0,2,7,255,1231,250,0,0
stim,140114,170235,0,170235,3367549.454,-0.736,-0.239,-0.183,-0.607,0,0,717,0,2351,0,1797,1081,51,1.198,1,2196,0,486.158,22.633,-191.875,-444.375,-45.438,-0.492,0.051,2.809,4.063,22.266,11.246,1.456,1.646,1.106,1.342,3,NULL,NULL,,3,0,2,7,255,1231,250,0,0
stim,140114,170235,0,170235,3367554.455,-0.730,-0.258,-0.192,-0.603,0,0,521,0,2120,0,1440,929,51,1.198,1,2196,0,506.592,19.816,-205.688,-462.688,-15.750,-0.340,-0.273,2.340,0.871,19.797,9.852,1.544,1.738,1.106,1.342,3,NULL,NULL,,3,0,2,7,255,1231,250,0,0
stim,140114,170235,0,170235,3367559.454,-0.724,-0.277,-0.202,-0.599,0,0,358,0,1854,0,983,768,51,1.198,1,2196,0,515.819,16.367,-199.375,-475.688,6.375,-0.117,-0.375,1.641,-1.953,16.250,6.750,1.638,1.832,1.106,1.342,3,NULL,NULL,,3,0,2,7,255,1231,250,0,0
stim,140133,170254,0,170254,3367564.455,-0.718,-0.294,-0.213,-0.593,0,0,249,0,1543,0,419,627,51,1.198,1,2196,0,504.651,11.106,-134.000,-486.500,5.875,0.035,-0.359,1.164,-2.648,10.785,2.375,1.728,1.924,1.106,1.342,3,NULL,NULL,,3,0,2,7,255,1231,250,0,0
stim,140133,170254,0,170254,3367569.454,-0.714,-0.308,-0.227,-0.586,0,0,147,0,1171,0,103,466,51,1.198,1,2196,0,492.970,8.769,-42.500,-490.063,32.438,0.023,-0.086,1.246,-2.648,8.359,-0.570,1.814,2.012,1.106,1.342,3,NULL,NULL,,3,0,2,7,255,1231,250,0,0
stim,140133,170254,0,170254,3367574.455,-0.712,-0.321,-0.241,-0.577,0,0,109,0,743,0,0,391,51,1.198,1,2196,0,489.017,8.360,5.188,-484.625,65.188,-0.176,0.262,1.770,-0.055,8.359,-0.570,1.894,2.094,1.106,1.342,3,NULL,NULL,,3,0,2,7,255,1231,250,0,0
stim,140133,170254,0,170254,3367579.454,-0.709,-0.335,-0.254,-0.566,0,0,89,0,315,0,0,330,51,1.198,1,2196,0,499.093,14.486,-17.875,-485.688,113.500,-0.496,0.379,2.094,3.055,14.160,-0.922,1.966,2.168,1.106,1.342,3,NULL,NULL,,3,0,2,7,255,1231,250,0,0
stim,140133,170254,0,170254,3367584.455,-0.707,-0.351,-0.264,-0.554,0,0,28,0,0,0,0,190,51,1.198,1,2196,0,532.438,19.391,-78.625,-497.438,172.813,-0.922,0.395,1.906,3.055,19.148,-1.016,2.032,2.236,1.106,1.342,3,NULL,NULL,,3,0,2,7,255,1231,250,0,0
stim,140133,170254,0,170254,3367589.454,-0.705,-0.370,-0.273,-0.540,0,0,29,0,0,0,0,102,51,1.198,1,2196,0,561.409,19.352,-112.438,-509.875,206.313,-1.176,0.563,1.496,2.801,19.148,-6.219,2.096,2.300,1.106,1.342,3,NULL,NULL,,3,0,2,7,255,1231,250,0,0
stim,140133,170254,0,170254,3367594.455,-0.701,-0.387,-0.282,-0.528,0,0,25,0,0,0,0,5,51,1.198,1,2196,0,543.766,19.283,-135.063,-498.750,169.375,-1.016,0.965,1.051,2.801,19.078,-11.836,2.160,2.366,1.106,1.342,4,NULL,NULL,,3,0,2,7,255,1231,250,0,0
stim,140163,170284,0,170284,3367599.454,-0.695,-0.404,-0.292,-0.518,0,0,27,0,0,0,0,0,51,1.198,1,2196,0,501.396,16.340,-132.063,-474.813,92.250,-0.414,1.391,0.895,6.613,14.941,-12.559,2.218,2.426,1.106,1.342,0,NULL,NULL,,3,0,2,7,255,1231,250,0,0
stim,140163,170284,0,170284,3367604.455,-0.689,-0.419,-0.301,-0.510,0,0,37,0,0,0,0,47,51,1.198,1,2196,0,471.795,15.356,-133.438,-447.875,64.750,0.070,1.090,0.949,10.703,11.012,-12.559,2.260,2.470,1.106,1.342,0,NULL,NULL,,3,0,2,7,255,1231,250,0,0
stim,140163,170284,0,170284,3367609.454,-0.683,-0.433,-0.307,-0.501,0,0,40,0,0,0,0,75,51,1.198,1,2196,0,433.967,14.966,-151.875,-395.875,92.438,0.336,0.316,1.313,10.703,10.461,-8.000,2.284,2.498,1.106,1.342,0,NULL,NULL,,3,0,2,7,255,1231,250,0,0
stim,140202,170323,0,170323,3367614.455,-0.678,-0.446,-0.311,-0.494,0,0,37,0,0,0,0,115,51,1.198,1,2196,0,375.885,11.369,-159.875,-319.438,117.000,0.023,-0.238,1.406,4.453,10.461,-3.395,2.296,2.510,1.106,1.342,0,NULL,NULL,,3,0,2,7,255,1231,250,0,0
stim,140202,170323,0,170323,3367619.454,-0.675,-0.459,-0.312,-0.487,0,0,37,0,0,0,0,189,51,1.198,1,2196,0,332.681,12.270,-158.563,-263.750,126.375,-0.484,0.039,1.598,-0.449,12.262,-3.395,2.300,2.516,1.106,1.342,0,NULL,NULL,,3,0,2,7,255,1231,250,0,0
stim,140202,170323,0,170323,3367624.455,-0.670,-0.470,-0.312,-0.483,0,0,39,0,0,0,0,199,51,1.198,1,2196,0,289.264,16.233,-196.563,-198.500,75.063,-0.660,0.313,1.629,-0.449,16.227,-8.211,2.300,2.518,1.106,1.342,0,NULL,NULL,,3,0,2,7,255,1231,250,0,0
stim,140202,170323,0,170323,3367629.454,-0.664,-0.480,-0.310,-0.483,0,0,35,0,0,0,0,210,51,1.198,1,2196,0,287.967,16.310,-257.813,-123.938,33.125,-0.398,0.246,1.262,1.648,16.227,-9.898,2.298,2.518,1.106,1.342,0,NULL,NULL,,3,0,2,7,255,1231,250,0,0
stim,140202,170323,0,170323,3367634.455,-0.658,-0.491,-0.304,-0.485,0,0,39,0,0,0,0,203,51,1.198,1,2196,0,313.574,13.110,-306.125,-46.000,50.000,-0.141,0.383,0.531,1.867,12.977,-10.699,2.294,2.518,1.106,1.342,0,NULL,NULL,,3,0,2,7,255,1231,250,0,0
stim,140202,170323,0,170323,3367639.454,-0.653,-0.499,-0.295,-0.487,0,0,35,0,0,0,0,167,51,1.198,1,2196,0,295.189,6.413,-285.813,30.688,67.125,-0.215,0.598,-0.258,3.480,5.387,-10.699,2.292,2.518,1.106,1.342,0,NULL,NULL,,3,0,2,7,255,1231,250,0,0
stim,140202,170323,0,170323,3367644.455,-0.651,-0.503,-0.287,-0.490,0,0,38,0,0,0,0,123,51,1.198,1,2196,0,230.465,4.010,-203.375,93.313,55.188,-0.297,0.617,-0.578,3.621,-1.723,-14.633,2.292,2.520,1.106,1.342,0,NULL,NULL,,3,0,2,7,255,1231,250,0,0
stim,140202,170323,0,170323,3367649.454,-0.651,-0.504,-0.279,-0.494,0,0,29,0,0,0,0,104,51,1.198,1,2196,0,190.152,4.942,-121.375,140.875,39.750,-0.355,0.219,-0.492,3.621,-3.363,-15.207,2.298,2.528,1.106,1.342,0,NULL,NULL,,3,0,2,7,255,1231,250,0,0
stim,140202,170323,0,170323,3367654.455,-0.652,-0.503,-0.272,-0.498,0,0,29,0,0,0,0,101,51,1.198,1,2196,0,196.102,3.367,-80.938,176.125,29.750,-0.285,-0.078,-0.285,-0.156,-3.363,-15.207,2.310,2.542,1.106,1.342,0,NULL,NULL,,3,0,2,7,255,1231,250,0,0
stim,140202,170323,0,170323,3367659.454,-0.654,-0.501,-0.264,-0.502,0,0,25,0,0,0,0,91,51,1.198,1,2196,0,221.653,3.190,-72.500,202.563,53.313,-0.238,-0.141,-0.348,-2.273,-2.238,-12.859,2.328,2.562,1.106,1.342,0,NULL,NULL,,3,0,2,7,255,1231,250,0,0
stim,140231,170352,0,170352,3367664.455,-0.657,-0.498,-0.255,-0.505,0,0,24,0,0,0,0,75,51,1.198,1,2196,0,235.247,3.301,-45.563,218.438,74.500,-0.293,-0.039,-0.496,-2.426,-2.238,-12.859,2.352,2.588,1.106,1.342,0,NULL,NULL,,3,0,2,7,255,1231,250,0,0
stim,140231,170352,0,170352,3367669.454,-0.661,-0.494,-0.247,-0.508,0,0,24,0,0,0,0,47,51,1.198,1,2196,0,244.406,4.099,-0.438,228.563,86.563,-0.395,0.121,-0.605,-2.426,-3.305,-13.828,2.382,2.620,1.106,1.342,0,NULL,NULL,,3,0,2,7,255,1231,250,0,0
stim,140231,170352,0,170352,3367674.455,-0.666,-0.488,-0.239,-0.510,0,0,20,0,0,0,0,39,51,1.198,1,2196,0,255.971,3.686,55.250,235.063,84.938,-0.410,0.199,-0.473,-1.633,-3.305,-15.742,2.418,2.656,1.106,1.342,0,NULL,NULL,,3,0,2,7,255,1231,250,0,0
stim,140231,170352,0,170352,3367679.454,-0.672,-0.481,-0.233,-0.513,0,0,28,0,0,0,0,25,51,1.198,1,2196,0,269.171,2.622,89.063,240.938,80.438,-0.418,0.152,-0.313,-0.895,-2.465,-15.742,2.458,2.698,1.106,1.342,0,NULL,NULL,,3,0,2,7,255,1231,250,0,0
stim,140260,170381,0,170381,3367684.455,-0.679,-0.473,-0.226,-0.514,0,0,21,0,0,0,0,21,51,1.198,1,2196,0,285.841,1.152,113.688,245.500,92.250,-0.410,0.246,-0.129,-0.754,-0.871,-15.023,2.502,2.746,1.106,1.342,0,NULL,NULL,,3,0,2,7,255,1231,250,0,0
stim,140260,170381,0,170381,3367689.454,-0.686,-0.464,-0.220,-0.516,0,0,21,0,0,0,0,3,51,1.198,1,2196,0,293.341,0.773,130.438,248.250,86.063,-0.523,0.219,0.027,0.008,0.773,-14.609,2.548,2.794,1.106,1.342,0,NULL,NULL,,3,0,2,7,255,1231,250,0,0
stim,140260,170381,0,170381,3367694.455,-0.693,-0.455,-0.214,-0.517,0,0,24,0,0,0,0,1,51,1.198,1,2196,0,299.703,2.786,140.188,249.563,88.813,-0.555,0.270,0.176,0.340,2.766,-14.570,2.596,2.842,1.106,1.342,0,NULL,NULL,,3,0,2,7,255,1231,250,0,0
stim,140260,170381,0,170381,3367699.454,-0.700,-0.445,-0.208,-0.519,0,0,21,0,0,0,0,0,51,1.198,1,2196,0,298.171,4.348,145.313,251.125,68.750,-0.598,0.242,0.328,0.520,4.316,-14.266,2.640,2.890,1.106,1.342,0,NULL,NULL,,3,0,2,7,255,1231,250,0,0
stim,140260,170381,0,170381,3367704.455,-0.706,-0.436,-0.203,-0.521,0,0,22,0,0,0,0,0,51,1.198,1,2196,0,296.118,5.941,143.938,251.625,60.438,-0.594,0.234,0.445,0.641,5.906,-13.609,2.684,2.934,1.106,1.342,0,NULL,NULL,,3,0,2,7,255,1231,250,0,0
stim,140260,170381,0,170381,3367709.454,-0.711,-0.426,-0.197,-0.523,0,0,10,0,0,0,0,0,51,1.198,1,2196,0,292.235,6.970,139.375,252.625,46.438,-0.613,0.254,0.582,0.676,6.938,-12.785,2.724,2.976,1.106,1.342,0,NULL,NULL,,3,0,2,7,255,1231,250,0,0
stim,140298,170419,0,170419,3367714.455,-0.717,-0.416,-0.192,-0.526,0,0,26,0,0,0,0,9,51,1.198,1,2196,0,288.626,8.273,131.938,255.188,27.875,-0.609,0.258,0.727,1.008,8.211,-12.078,2.762,3.016,1.106,1.342,0,NULL,NULL,,3,0,2,7,255,1231,250,0,0
stim,140298,170419,0,170419,3367719.454,-0.721,-0.406,-0.187,-0.530,0,0,24,0,0,0,0,17,51,1.198,1,2196,0,282.593,9.458,116.438,257.250,11.125,-0.598,0.207,0.801,1.098,9.395,-11.070,2.796,3.054,1.106,1.342,0,NULL,NULL,,3,0,2,7,255,1231,250,0,0
stim,140298,170419,0,170419,3367724.455,-0.724,-0.397,-0.181,-0.534,0,0,21,0,0,0,0,13,51,1.198,1,2196,0,281.204,9.942,104.000,261.250,-2.875,-0.582,0.191,0.879,1.156,9.875,-10.102,2.830,3.088,1.106,1.342,0,NULL,NULL,,3,0,2,7,255,1231,250,0,0
stim,140298,170419,0,170419,3367729.454,-0.727,-0.388,-0.175,-0.539,0,0,21,0,0,0,0,24,51,1.198,1,2196,0,282.013,10.412,86.688,266.875,-28.188,-0.566,0.191,0.918,1.156,10.348,-9.258,2.860,3.122,1.106,1.342,0,NULL,NULL,,3,0,2,7,255,1231,250,0,0
stim,140298,170419,0,170419,3367734.455,-0.729,-0.379,-0.169,-0.544,0,0,21,0,0,0,0,29,51,1.198,1,2196,0,284.741,10.412,73.938,271.938,-40.750,-0.535,0.117,0.918,1.156,10.348,-8.660,2.892,3.154,1.106,1.342,0,NULL,NULL,,3,0,2,7,255,1231,250,0,0
stim,140298,170419,0,170419,3367739.454,-0.731,-0.370,-0.163,-0.551,0,0,23,0,0,0,0,35,51,1.198,1,2196,0,294.706,10.303,60.625,281.688,-61.875,-0.488,0.176,0.922,1.348,10.215,-7.902,2.924,3.188,1.106,1.342,0,NULL,NULL,,3,0,2,7,255,1231,250,0,0
stim,140330,170451,0,170451,3367744.455,-0.731,-0.360,-0.156,-0.558,0,0,23,0,0,0,0,37,51,1.198,1,2196,0,308.147,10.020,50.000,292.938,-81.500,-0.438,0.125,0.871,1.340,9.930,-7.566,2.954,3.220,1.106,1.342,0,NULL,NULL,,3,0,2,7,255,1231,250,0,0
stim,140330,170451,0,170451,3367749.454,-0.732,-0.351,-0.149,-0.565,0,0,24,0,0,0,0,41,51,1.198,1,2196,0,321.684,9.209,46.813,305.563,-89.000,-0.398,0.117,0.836,1.453,9.094,-7.160,2.984,3.252,1.106,1.342,0,NULL,NULL,,3,0,2,7,255,1231,250,0,0
stim,140330,170451,0,170451,3367754.455,-0.731,-0.341,-0.142,-0.573,0,0,24,0,0,0,0,47,51,1.198,1,2196,0,341.131,8.600,45.750,321.000,-106.000,-0.371,0.145,0.824,1.453,8.477,-6.898,3.008,3.278,1.106,1.342,0,NULL,NULL,,3,0,2,7,255,1231,250,0,0
stim,140330,170451,0,170451,3367759.454,-0.731,-0.330,-0.135,-0.582,0,0,21,0,0,0,0,55,51,1.198,1,2196,0,359.636,8.334,47.625,336.438,-117.813,-0.309,0.156,0.820,1.836,8.129,-6.691,3.030,3.302,1.106,1.342,0,NULL,NULL,,3,0,2,7,255,1231,250,0,0
stim,140330,170451,0,170451,3367764.455,-0.730,-0.319,-0.127,-0.591,0,0,11,0,0,0,0,55,51,1.198,1,2196,0,378.390,7.866,48.313,352.563,-128.625,-0.137,0.223,0.793,2.230,7.543,-6.203,3.048,3.322,1.106,1.342,0,NULL,NULL,,3,0,2,7,255,1231,250,0,0
stim,140330,170451,0,170451,3367769.454,-0.729,-0.307,-0.118,-0.601,0,0,14,0,0,0,0,57,51,1.198,1,2196,0,395.288,6.368,52.813,368.250,-133.625,0.066,0.039,0.660,2.230,5.965,-5.434,3.066,3.340,1.106,1.342,0,NULL,NULL,,3,0,2,7,255,1231,250,0,0
stim,140330,170451,0,170451,3367774.455,-0.728,-0.294,-0.110,-0.609,0,0,13,0,0,0,0,74,51,1.198,1,2196,0,398.673,3.800,76.000,374.750,-112.813,0.074,0.043,0.613,1.902,3.289,-4.816,3.086,3.362,1.106,1.342,0,NULL,NULL,,3,0,2,7,255,1231,250,0,0
stim,140330,170451,0,170451,3367779.455,-0.728,-0.280,-0.102,-0.617,0,0,13,0,0,0,0,83,51,1.198,1,2196,0,407.031,3.454,95.750,380.688,-107.625,0.082,0.250,0.656,1.902,2.883,-4.816,3.106,3.384,1.106,1.342,0,NULL,NULL,,3,0,2,7,255,1231,250,0,0
stim,140352,170473,0,170473,3367784.455,-0.728,-0.266,-0.095,-0.625,0,0,11,0,0,0,0,97,51,1.198,1,2196,0,411.447,4.747,115.375,380.813,-104.688,0.137,0.246,0.648,3.855,2.770,-4.816,3.126,3.406,1.106,1.342,0,NULL,NULL,,3,0,2,7,255,1231,250,0,0
stim,140352,170473,0,170473,3367789.454,-0.728,-0.251,-0.088,-0.632,0,0,10,0,0,0,0,103,51,1.198,1,2196,0,414.741,4.423,149.125,376.438,-89.813,0.215,0.168,0.766,3.855,2.168,-4.598,3.150,3.430,1.106,1.342,0,NULL,NULL,,3,0,2,7,255,1231,250,0,0
stim,140352,170473,0,170473,3367794.456,-0.729,-0.235,-0.082,-0.638,0,0,17,0,0,0,0,101,51,1.198,1,2196,0,413.091,4.143,165.313,371.625,-72.188,0.273,0.152,0.938,3.738,1.785,-2.965,3.174,3.456,1.106,1.342,0,NULL,NULL,,3,0,2,7,255,1231,250,0,0
stim,140352,170473,0,170473,3367799.454,-0.730,-0.219,-0.076,-0.643,0,0,12,0,0,0,0,105,51,1.198,1,2196,0,406.690,4.128,168.813,366.563,-50.313,0.316,0.160,0.949,3.738,1.750,-1.109,3.200,3.484,1.106,1.342,0,NULL,NULL,,3,0,2,7,255,1231,250,0,0
stim,140352,170473,0,170473,3367804.455,-0.732,-0.203,-0.070,-0.646,0,0,13,0,0,0,0,109,51,1.198,1,2196,0,405.639,3.907,187.375,359.000,-23.500,0.277,0.145,0.926,3.738,1.137,-0.977,3.228,3.514,1.106,1.342,0,NULL,NULL,,3,0,2,7,255,1231,250,0,0
stim,140379,170500,0,170500,3367809.454,-0.735,-0.186,-0.065,-0.649,0,0,13,0,0,0,0,101,51,1.198,1,2196,0,412.542,3.975,216.000,351.438,-5.188,0.137,0.211,1.117,3.809,1.137,-0.738,3.256,3.542,1.106,1.342,0,NULL,NULL,,3,0,2,7,255,1231,250,0,0
stim,140415,170536,0,170536,3367814.455,-0.737,-0.169,-0.060,-0.652,0,0,11,0,0,0,0,95,51,1.198,1,2196,0,414.025,4.928,225.438,347.188,-7.438,0.074,0.230,1.344,4.055,2.801,0.227,3.284,3.572,1.106,1.342,0,NULL,NULL,,3,0,2,7,255,1231,250,0,0
stim,140415,170536,0,170536,3367819.454,-0.739,-0.152,-0.056,-0.654,0,0,11,0,0,0,0,93,51,1.198,1,2196,0,408.384,5.611,220.375,343.750,-6.938,0.090,0.199,1.531,4.156,3.770,2.195,3.308,3.598,1.106,1.342,0,NULL,NULL,,3,0,2,7,255,1231,250,0,0
stim,140415,170536,0,170536,3367824.455,-0.741,-0.135,-0.051,-0.656,0,0,16,0,0,0,0,89,51,1.198,1,2196,0,400.051,5.721,208.063,341.688,-0.563,0.074,0.223,1.645,4.297,3.777,4.234,3.330,3.622,1.106,1.342,0,NULL,NULL,,3,0,2,7,255,1231,250,0,0
stim,140415,170536,0,170536,3367829.454,-0.742,-0.119,-0.045,-0.658,0,0,12,0,0,0,0,89,51,1.198,1,2196,0,392.653,5.616,196.188,340.063,6.688,0.023,0.215,1.758,4.156,3.777,5.375,3.350,3.644,1.106,1.342,0,NULL,NULL,,3,0,2,7,255,1231,250,0,0
stim,140415,170536,0,170536,3367834.455,-0.744,-0.104,-0.039,-0.659,0,0,12,0,0,0,0,87,51,1.198,1,2196,0,386.236,5.768,184.250,339.313,9.875,-0.059,0.207,1.887,4.113,4.043,6.543,3.366,3.660,1.106,1.342,0,NULL,NULL,,3,0,2,7,255,1231,250,0,0
stim,140415,170536,0,170536,3367839.454,-0.745,-0.088,-0.033,-0.661,0,0,21,0,0,0,0,90,51,1.198,1,2196,0,378.317,5.971,166.250,339.813,3.500,-0.121,0.219,2.035,3.828,4.582,7.789,3.376,3.672,1.106,1.342,0,NULL,NULL,,3,0,2,7,255,1231,250,0,0
stim,140415,170536,0,170536,3367844.455,-0.745,-0.074,-0.026,-0.662,0,0,21,0,0,0,0,93,51,1.198,1,2196,0,368.017,5.966,139.688,340.438,-5.125,-0.129,0.215,2.125,3.820,4.582,9.270,3.380,3.680,1.106,1.342,0,NULL,NULL,,3,0,2,7,255,1231,250,0,0
stim,140415,170536,0,170536,3367849.454,-0.745,-0.061,-0.018,-0.664,0,0,21,0,0,0,0,107,51,1.198,1,2196,0,358.209,5.804,109.688,340.875,-9.313,-0.098,0.203,2.125,3.699,4.473,10.324,3.378,3.680,1.106,1.342,0,NULL,NULL,,3,0,2,7,255,1231,250,0,0
stim,140415,170536,0,170536,3367854.455,-0.745,-0.048,-0.010,-0.665,0,0,18,0,0,0,0,111,51,1.198,1,2196,0,351.756,4.988,86.375,340.813,-10.875,-0.078,0.152,2.031,3.512,3.543,10.324,3.370,3.672,1.106,1.342,0,NULL,NULL,,3,0,2,7,255,1231,250,0,0
stim,140415,170536,0,170536,3367859.454,-0.745,-0.035,-0.001,-0.667,0,0,19,0,0,0,0,117,51,1.198,1,2196,0,347.248,3.854,76.000,338.625,-11.750,-0.059,0.066,1.934,2.871,2.570,9.777,3.352,3.656,1.106,1.342,0,NULL,NULL,,3,0,2,7,255,1231,250,0,0
stim,140433,170554,0,170554,3367864.455,-0.744,-0.023,0.007,-0.668,0,0,23,0,0,0,0,115,51,1.198,1,2196,0,343.756,2.533,74.813,335.250,-13.375,-0.027,0.023,1.855,1.910,1.664,8.969,3.322,3.628,1.106,1.342,0,NULL,NULL,,3,0,2,7,255,1231,250,0,0
stim,140433,170554,0,170554,3367869.454,-0.743,-0.010,0.016,-0.669,0,0,20,0,0,0,0,112,51,1.198,1,2196,0,340.839,1.598,80.688,330.875,-13.500,0.023,0.023,1.809,1.426,0.723,8.297,3.282,3.588,1.106,1.342,0,NULL,NULL,,3,0,2,7,255,1231,250,0,0
stim,140433,170554,0,170554,3367874.455,-0.742,0.002,0.023,-0.670,0,0,12,0,0,0,0,117,51,1.198,1,2196,0,339.355,1.412,92.250,326.375,-11.438,0.094,0.000,1.789,1.375,-0.320,7.840,3.230,3.538,1.106,1.342,0,NULL,NULL,,3,0,2,7,255,1231,250,0,0
stim,140433,170554,0,170554,3367879.454,-0.741,0.015,0.031,-0.670,0,0,10,0,0,0,0,116,51,1.198,1,2196,0,340.089,1.897,107.188,322.688,-6.625,0.168,-0.059,1.789,1.109,-1.539,7.648,3.168,3.478,1.106,1.342,0,NULL,NULL,,3,0,2,7,255,1231,250,0,0
stim,140433,170554,0,170554,3367884.455,-0.741,0.028,0.037,-0.670,0,0,16,0,0,0,0,112,51,1.198,1,2196,0,344.001,2.874,125.125,320.438,0.000,0.246,-0.086,1.789,0.488,-2.832,7.578,3.096,3.406,1.106,1.342,0,NULL,NULL,,3,0,2,7,255,1231,250,0,0
stim,140433,170554,0,170554,3367889.454,-0.740,0.042,0.043,-0.670,0,0,16,0,0,0,0,115,51,1.198,1,2196,0,352.319,4.093,148.750,319.313,6.438,0.340,-0.090,1.801,0.164,-4.090,7.438,3.016,3.326,1.106,1.342,0,NULL,NULL,,3,0,2,7,255,1231,250,0,0
stim,140433,170554,0,170554,3367894.455,-0.739,0.057,0.048,-0.670,0,0,17,0,0,0,0,117,51,1.198,1,2196,0,365.554,5.504,178.688,318.625,13.375,0.453,-0.098,1.887,0.055,-5.504,7.438,2.926,3.236,1.106,1.342,0,NULL,NULL,,3,0,2,7,255,1231,250,0,0
stim,140463,170584,0,170584,3367899.454,-0.738,0.073,0.052,-0.669,0,0,12,0,0,0,0,113,51,1.198,1,2196,0,381.160,7.231,207.000,319.500,18.813,0.602,-0.055,2.055,0.055,-7.230,7.832,2.828,3.138,1.106,1.342,0,NULL,NULL,,3,0,2,7,255,1231,250,0,0
stim,140463,170584,0,170584,3367904.455,-0.736,0.090,0.056,-0.668,0,0,13,0,0,0,0,117,51,1.198,1,2196,0,395.932,9.419,228.438,322.563,23.063,0.750,0.016,2.238,0.160,-9.418,8.980,2.718,3.030,1.106,1.342,0,NULL,NULL,,3,0,2,7,255,1231,250,0,0
stim,140463,170584,0,170584,3367909.454,-0.735,0.108,0.059,-0.667,0,0,17,0,0,0,0,106,51,1.198,1,2196,0,408.679,11.746,244.188,326.375,29.500,0.883,0.074,2.445,0.668,-11.727,10.184,2.600,2.910,1.106,1.342,0,NULL,NULL,,3,0,2,7,255,1231,250,0,0
stim,140502,170623,0,170623,3367914.455,-0.734,0.125,0.063,-0.665,0,0,23,0,0,0,0,104,51,1.198,1,2196,0,416.618,14.027,250.625,330.938,35.188,0.992,0.117,2.660,0.930,-13.996,11.512,2.474,2.784,1.106,1.342,0,NULL,NULL,,3,0,2,7,255,1231,250,0,0
stim,140502,170623,0,170623,3367919.454,-0.732,0.143,0.066,-0.663,0,0,25,0,0,0,0,101,51,1.198,1,2196,0,417.625,16.218,249.313,332.313,42.688,1.066,0.141,2.867,0.930,-16.191,12.855,2.344,2.654,1.106,1.342,0,NULL,NULL,,3,0,2,7,255,1231,250,0,0
stim,140502,170623,0,170623,3367924.455,-0.731,0.160,0.069,-0.660,0,0,23,0,0,0,0,107,51,1.198,1,2196,0,407.920,18.166,233.688,331.125,46.313,1.129,0.172,3.027,0.695,-18.152,14.117,2.212,2.520,1.106,1.342,0,NULL,NULL,,3,0,2,7,255,1231,250,0,0
stim,140502,170623,0,170623,3367929.454,-0.729,0.176,0.074,-0.657,0,0,23,0,0,0,0,103,51,1.198,1,2196,0,386.130,19.967,200.625,326.625,46.500,1.191,0.211,3.047,0.633,-19.957,14.293,2.076,2.384,1.106,1.342,0,NULL,NULL,,3,0,2,7,255,1231,250,0,0
stim,140502,170623,0,170623,3367934.455,-0.728,0.191,0.079,-0.654,0,0,22,0,0,0,0,116,51,1.198,1,2196,0,360.717,21.298,165.125,316.938,49.000,1.266,0.250,2.926,0.633,-21.289,14.293,1.936,2.242,1.106,1.342,0,NULL,NULL,,3,0,2,7,255,1231,250,0,0
stim,140502,170623,0,170623,3367939.454,-0.727,0.204,0.084,-0.650,0,0,25,0,0,0,0,150,51,1.198,1,2196,0,336.638,22.191,139.375,302.125,51.188,1.422,0.242,2.754,1.008,-22.168,12.379,1.788,2.092,1.106,1.342,0,NULL,NULL,,3,0,2,7,255,1231,250,0,0
stim,140502,170623,0,170623,3367944.455,-0.726,0.216,0.090,-0.647,0,0,23,0,0,0,0,163,51,1.198,1,2196,0,313.093,23.502,119.250,285.000,50.813,1.629,0.051,2.527,1.008,-23.480,9.656,1.632,1.932,1.106,1.342,0,NULL,NULL,,3,0,2,7,255,1231,250,0,0
stim,140502,170623,0,170623,3367949.454,-0.725,0.227,0.095,-0.643,0,0,20,0,0,0,0,171,51,1.198,1,2196,0,290.359,24.977,101.938,265.875,56.813,1.809,-0.273,2.211,-0.184,-24.977,5.930,1.466,1.766,1.106,1.342,0,NULL,NULL,,3,0,2,7,255,1231,250,0,0
stim,140502,170623,0,170623,3367954.455,-0.725,0.237,0.099,-0.639,0,0,19,0,0,0,0,200,51,1.198,1,2196,0,271.785,25.380,96.063,244.875,68.375,1.922,-0.594,1.770,-2.637,-25.242,1.254,1.292,1.590,1.106,1.342,0,NULL,NULL,,3,0,2,7,255,1231,250,0,0
stim,140502,170623,0,170623,3367959.454,-0.725,0.247,0.102,-0.635,0,0,18,0,0,0,0,209,51,1.198,1,2196,0,262.468,25.716,115.500,222.188,78.625,1.980,-0.871,1.367,-4.914,-25.242,-4.199,1.116,1.408,1.106,1.342,0,NULL,NULL,,3,0,2,7,255,1231,250,0,0
stim,140532,170653,0,170653,3367964.455,-0.724,0.258,0.104,-0.631,0,0,23,0,0,0,0,233,51,1.198,1,2196,0,263.535,25.161,151.563,199.000,82.938,2.016,-1.055,1.180,-6.891,-24.199,-8.957,0.940,1.224,1.106,1.342,0,NULL,NULL,,3,0,2,7,255,1231,250,0,0
stim,140532,170653,0,170653,3367969.454,-0.723,0.270,0.103,-0.628,0,0,23,0,0,0,0,253,51,1.198,1,2196,0,288.912,24.752,212.125,182.625,71.563,1.941,-0.898,0.938,-6.891,-23.773,-11.625,0.768,1.040,1.106,1.342,0,NULL,NULL,,3,0,2,7,255,1231,250,0,0
stim,140532,170653,0,170653,3367974.455,-0.721,0.283,0.100,-0.625,0,0,24,0,0,0,0,269,51,1.198,1,2196,0,307.058,25.153,256.750,156.063,63.313,2.352,-1.512,1.496,-8.215,-23.773,-12.965,0.604,0.856,1.106,1.342,0,NULL,NULL,,3,0,2,7,255,1231,250,0,0
stim,140532,170653,0,170653,3367979.454,-0.719,0.294,0.098,-0.622,0,0,22,0,0,0,0,282,51,1.198,1,2196,0,273.592,30.746,221.563,141.875,75.063,2.559,-1.441,1.719,-11.746,-28.414,-12.965,0.458,0.676,1.106,1.342,0,NULL,NULL,,3,0,2,7,255,1231,250,0,0
stim,140557,170678,0,170678,3367984.455,-0.719,0.304,0.095,-0.618,0,0,25,0,11,0,0,299,51,1.198,1,2196,0,247.182,33.333,184.188,123.000,109.750,2.805,-1.348,1.703,-11.746,-31.195,-12.965,0.354,0.518,1.106,1.342,0,NULL,NULL,,3,0,2,7,255,1231,250,0,0
stim,140557,170678,0,170678,3367989.454,-0.718,0.313,0.092,-0.615,0,0,20,0,43,0,0,319,51,1.198,1,2196,0,238.879,33.333,196.250,105.813,85.750,2.449,-1.656,1.418,-11.746,-31.195,-14.313,0.326,0.406,1.106,1.342,0,NULL,NULL,,3,0,2,7,255,1231,250,0,0
stim,140557,170678,0,170678,3367994.455,-0.715,0.322,0.089,-0.614,0,0,20,0,53,0,0,329,51,1.198,1,2196,0,230.922,33.589,213.625,83.688,26.188,2.609,-1.879,1.582,-13.137,-30.914,-16.230,0.366,0.380,1.106,1.342,0,NULL,NULL,,3,0,2,7,255,1231,250,0,0
stim,140557,170678,0,170678,3367999.454,-0.712,0.330,0.085,-0.614,0,0,21,0,59,0,0,374,51,1.198,1,2196,0,227.003,34.293,218.813,58.438,-15.375,2.734,-1.750,1.941,-14.844,-30.914,-16.230,0.410,0.424,1.106,1.342,0,NULL,NULL,,3,0,2,7,255,1231,250,0,0
stim,140557,170678,0,170678,3368004.455,-0.708,0.337,0.081,-0.615,0,0,19,0,73,0,0,397,51,1.198,1,2196,0,205.135,36.826,202.313,27.063,-20.438,2.828,-1.633,2.348,-14.895,-33.680,-15.023,0.440,0.470,1.106,1.342,0,NULL,NULL,,3,0,2,7,255,1231,250,0,0
stim,140557,170678,0,170678,3368009.454,-0.705,0.342,0.076,-0.617,0,0,11,0,79,0,0,401,51,1.198,1,2196,0,178.322,39.262,176.875,-6.188,-21.813,2.555,-1.188,2.754,-14.844,-36.348,-12.445,0.466,0.506,1.106,1.342,0,NULL,NULL,,3,0,2,7,255,1231,250,0,0
stim,140600,170721,0,170721,3368014.455,-0.703,0.344,0.073,-0.618,0,0,22,0,69,0,0,412,51,1.198,1,2196,0,106.841,38.735,97.375,-42.438,-11.500,2.543,-0.617,3.188,-12.922,-36.516,-6.688,0.492,0.530,1.106,1.342,0,NULL,NULL,,3,0,2,7,255,1231,250,0,0
stim,140600,170721,0,170721,3368019.455,-0.704,0.343,0.070,-0.618,0,0,11,0,24,0,0,411,51,1.198,1,2196,0,75.498,37.510,12.625,-70.813,22.938,2.164,-0.504,2.758,-9.266,-36.348,-2.004,0.512,0.548,1.106,1.342,0,NULL,NULL,,3,0,2,7,255,1231,250,0,0
stim,140600,170721,0,170721,3368024.455,-0.705,0.339,0.068,-0.620,0,0,8,0,18,0,0,533,51,1.198,1,2196,0,110.109,34.250,-46.063,-99.188,-12.813,1.551,-0.594,2.738,-9.266,-32.973,-1.355,0.510,0.552,1.106,1.342,0,NULL,NULL,,3,0,2,7,255,1231,250,0,0
stim,140600,170721,0,170721,3368029.454,-0.707,0.338,0.057,-0.618,247,0,0,569,0,37,0,614,51,1.198,1,2196,0,257.380,29.575,118.625,-180.188,140.375,0.332,-0.746,4.445,-10.023,-27.824,0.957,0.478,0.538,1.106,1.342,0,NULL,NULL,,3,0,2,7,255,1231,250,0,0
stim,140600,170721,0,170721,3368034.455,-0.723,0.331,0.045,-0.605,902,0,0,1264,0,253,0,626,51,1.198,1,2196,0,566.752,28.687,-78.813,-227.375,513.125,-0.723,2.234,5.781,-10.023,-26.879,19.629,0.428,0.520,1.106,1.342,0,NULL,NULL,,3,0,2,7,255,1231,250,0,0
stim,140600,170721,0,170721,3368039.454,-0.745,0.303,0.057,-0.592,1489,0,0,1699,0,539,0,683,51,1.198,1,2196,0,907.673,22.811,-802.938,-126.875,403.813,-1.504,3.258,2.391,0.691,-22.801,27.441,0.378,0.500,1.106,1.342,0,NULL,NULL,,3,0,2,7,255,1231,250,0,0
stim,140624,170745,0,170745,3368044.455,-0.760,0.276,0.070,-0.585,1919,0,0,1937,0,637,0,755,51,1.198,1,2197,0,790.527,17.652,-758.000,-130.625,182.500,-2.504,2.520,-0.871,17.055,4.555,27.441,0.338,0.470,1.106,1.342,1,1177.000,-54.000,,3,0,2,7,255,1231,250,0,0
stim,140624,170745,0,170745,3368049.454,-0.766,0.260,0.076,-0.584,2149,0,0,2065,0,861,0,813,51,1.198,1,2197,0,416.291,32.475,-403.813,-94.938,34.938,-2.082,1.676,-1.484,17.055,27.637,1.160,0.302,0.426,1.106,1.342,1,NULL,NULL,,3,0,2,7,255,1231,250,0,0
stim,140624,170745,0,170745,3368054.455,-0.766,0.252,0.076,-0.587,2327,0,0,2157,0,987,0,889,51,1.198,1,2197,0,185.771,29.870,-127.063,-118.813,-65.188,-0.348,0.855,0.230,11.332,27.637,-4.191,0.272,0.370,1.106,1.342,1,NULL,NULL,,3,0,2,7,255,1231,250,0,0
stim,140624,170745,0,170745,3368059.454,-0.768,0.246,0.075,-0.586,2445,0,0,2227,0,1179,0,972,51,1.198,1,2197,0,154.638,9.287,-110.313,-104.063,30.250,0.559,0.969,1.359,8.613,3.473,-4.191,0.250,0.314,1.106,1.342,1,NULL,NULL,,3,0,2,7,255,1231,250,0,0
stim,140624,170745,0,170745,3368064.455,-0.775,0.237,0.075,-0.581,2601,0,0,2419,0,1277,0,998,51,1.198,1,2197,0,285.256,9.821,-203.938,-119.250,159.875,0.289,1.715,1.367,8.613,-4.719,2.141,0.234,0.268,1.106,1.342,1,NULL,NULL,,3,0,2,7,255,1231,250,0,0
stim,140624,170745,0,170745,3368069.454,-0.782,0.226,0.076,-0.575,2733,0,0,2612,0,1301,0,1045,51,1.198,1,2197,0,336.685,9.821,-261.750,-116.063,177.125,-0.957,0.973,1.168,8.613,-4.719,5.191,0.222,0.236,1.106,1.342,2,NULL,NULL,,3,0,2,7,255,1231,250,0,0
stim,140651,170772,0,170772,3368074.455,-0.791,0.211,0.077,-0.570,2841,0,0,2743,0,1337,0,1126,51,1.198,1,2197,0,410.912,7.093,-337.625,-160.188,170.875,-2.078,-1.055,0.488,4.508,5.477,5.191,0.218,0.218,1.106,1.342,2,NULL,NULL,,3,0,2,7,255,1231,250,0,0
stim,140651,170772,0,170772,3368079.455,-0.794,0.195,0.080,-0.569,2932,0,0,2855,0,1350,0,1235,51,1.198,1,2197,0,372.157,21.370,-334.938,-162.063,7.313,-1.852,-1.461,-0.441,-17.121,12.789,-0.328,0.218,0.208,1.106,1.342,2,NULL,NULL,,3,0,2,7,255,1231,250,0,0
stim,140651,170772,0,170772,3368084.455,-0.794,0.186,0.078,-0.574,2974,0,0,2933,0,1375,0,1315,51,1.198,1,2197,0,238.417,21.370,-120.375,-178.813,-101.875,-0.680,-0.645,-0.609,-17.121,12.789,-10.148,0.224,0.198,1.106,1.342,2,NULL,NULL,,3,0,2,7,255,1231,250,0,0
stim,140651,170772,0,170772,3368089.454,-0.791,0.184,0.071,-0.579,3019,0,0,3001,0,1407,0,1387,51,1.198,1,2197,0,212.349,10.072,74.938,-169.563,-103.563,0.281,-0.363,0.965,-7.883,6.270,-10.148,0.234,0.184,1.106,1.342,2,NULL,NULL,,3,0,2,7,255,1231,250,0,0
stim,140651,170772,0,170772,3368094.455,-0.790,0.183,0.064,-0.582,3042,0,0,3043,0,1450,0,1431,51,1.198,1,2197,0,166.841,7.701,64.188,-145.000,-51.875,0.664,-0.387,2.133,-3.344,-6.938,-2.594,0.248,0.168,1.106,1.342,2,NULL,NULL,,3,0,2,7,255,1231,250,0,0
stim,140651,170772,0,170772,3368099.454,-0.791,0.177,0.061,-0.582,3055,0,0,3087,0,1513,0,1464,51,1.198,1,2197,0,157.494,14.576,-74.625,-138.188,11.813,0.641,-0.402,2.203,-3.344,-14.188,6.902,0.268,0.148,1.106,1.342,2,NULL,NULL,,3,0,2,7,255,1231,250,0,0
stim,140679,170800,0,170800,3368104.455,-0.795,0.166,0.062,-0.580,3076,0,0,3122,0,1605,0,1500,51,1.198,1,2197,0,258.673,14.628,-211.188,-128.813,75.625,0.324,-0.695,1.410,-3.563,-14.188,6.902,0.292,0.126,1.106,1.342,2,NULL,NULL,,3,0,2,7,255,1231,250,0,0
stim,140679,170800,0,170800,3368109.455,-0.800,0.156,0.062,-0.576,3091,0,0,3134,0,1706,0,1529,51,1.198,1,2197,0,280.263,11.387,-223.938,-124.625,113.438,-0.172,-1.098,0.473,-6.430,-9.398,1.176,0.316,0.106,1.106,1.342,2,NULL,NULL,,3,0,2,7,255,1231,250,0,0
stim,140708,170829,0,170829,3368114.455,-0.804,0.148,0.060,-0.573,3103,0,0,3159,0,1830,8,1608,51,1.198,1,2197,0,207.657,11.472,-131.250,-127.250,98.500,-0.574,-1.070,0.285,-11.023,-3.176,-6.559,0.336,0.090,1.106,1.342,2,NULL,NULL,,3,0,2,7,255,1231,250,0,0
stim,140708,170829,0,170829,3368119.454,-0.806,0.144,0.057,-0.572,3110,0,0,3171,0,1925,38,1669,51,1.198,1,2197,0,148.144,11.063,-44.625,-132.813,48.125,-0.586,-0.453,0.777,-11.023,0.938,-6.559,0.348,0.080,1.106,1.342,2,NULL,NULL,,3,0,2,7,255,1231,250,0,0
stim,140708,170829,0,170829,3368124.455,-0.807,0.139,0.053,-0.572,3113,0,0,3179,0,2021,69,1711,51,1.198,1,2197,0,136.224,6.606,-30.000,-132.750,5.875,-0.230,0.164,1.211,-6.539,0.938,-1.648,0.356,0.076,1.106,1.342,2,NULL,NULL,,3,0,2,7,255,1231,250,0,0
stim,140708,170829,0,170829,3368129.454,-0.807,0.134,0.050,-0.572,3117,0,0,3183,7,2092,139,1756,51,1.198,1,2197,0,137.201,0.773,-55.938,-125.063,7.375,0.086,0.113,1.324,0.109,-0.766,2.348,0.364,0.070,1.106,1.342,2,NULL,NULL,,3,0,2,7,255,1231,250,0,0
stim,140708,170829,0,170829,3368134.455,-0.809,0.128,0.048,-0.571,3119,0,0,3187,73,2166,188,1809,51,1.198,1,2197,0,158.176,3.900,-97.750,-118.063,39.063,0.070,-0.238,1.230,0.109,-3.898,2.348,0.376,0.060,1.106,1.342,2,NULL,NULL,,3,0,2,7,255,1231,250,0,0
stim,140708,170829,0,170829,3368139.454,-0.811,0.121,0.046,-0.570,3123,0,0,3191,343,2259,237,1940,51,1.198,1,2197,0,169.446,4.644,-117.438,-112.875,46.688,-0.199,-0.367,0.984,-2.523,-3.898,1.398,0.388,0.048,1.106,1.342,2,NULL,NULL,,3,0,2,7,255,1231,250,0,0
stim,140708,170829,0,170829,3368144.455,-0.813,0.116,0.045,-0.570,3125,0,0,3191,500,2309,357,2052,51,1.198,1,2197,0,135.836,3.460,-82.563,-106.625,16.313,-0.141,-0.234,0.938,-2.980,-1.758,-0.453,0.398,0.040,1.106,1.342,2,NULL,NULL,,3,0,2,7,255,1231,250,0,0
stim,140708,170829,0,170829,3368149.454,-0.812,0.114,0.043,-0.571,3131,0,0,3199,765,2367,327,2135,51,1.198,1,2197,0,75.981,3.460,-9.000,-63.813,-40.250,0.203,-0.066,1.465,-2.980,-1.758,-0.453,0.406,0.034,1.106,1.342,2,NULL,NULL,,3,0,2,7,255,1231,250,0,0
stim,140708,170829,0,170829,3368154.455,-0.811,0.112,0.042,-0.573,3131,0,0,3207,926,2387,344,2183,51,1.198,1,2197,0,65.062,5.331,-12.438,-44.813,-45.500,0.617,0.453,1.316,-0.441,-5.313,2.055,0.414,0.026,1.106,1.342,2,NULL,NULL,,3,0,2,7,255,1231,250,0,0
stim,140708,170829,0,170829,3368159.454,-0.811,0.111,0.040,-0.574,3139,0,0,3213,1031,2409,356,2235,51,1.198,1,2197,0,35.437,8.033,6.438,-33.563,-9.375,0.578,0.816,1.383,5.727,-5.633,3.156,0.422,0.018,1.106,1.342,2,NULL,NULL,,3,0,2,7,255,1231,250,0,0
stim,140734,170855,0,170855,3368164.455,-0.811,0.109,0.041,-0.573,3129,18,0,3193,1139,2426,369,2285,51,1.198,1,2197,0,55.333,8.033,-48.625,-19.438,17.875,-0.168,0.230,1.695,5.727,-5.633,3.156,0.430,0.012,1.106,1.342,2,NULL,NULL,,3,0,2,7,255,1231,250,0,0
stim,140734,170855,0,170855,3368169.454,-0.811,0.104,0.044,-0.574,3123,23,0,3195,1208,2443,373,2317,51,1.198,1,2197,0,130.375,1.684,-127.188,-15.938,-23.813,-0.516,0.031,1.145,0.973,-1.375,3.156,0.438,0.006,1.106,1.342,2,NULL,NULL,,3,0,2,7,255,1231,250,0,0
stim,140734,170855,0,170855,3368174.455,-0.810,0.101,0.046,-0.576,3123,52,0,3197,1308,2457,375,2351,51,1.198,1,2197,0,120.992,1.885,-89.375,-12.688,-80.563,-0.297,0.105,0.531,-0.156,1.879,2.137,0.446,0.000,1.106,1.342,2,NULL,NULL,,3,0,2,7,255,1231,250,0,0
stim,140734,170855,0,170855,3368179.454,-0.807,0.099,0.046,-0.580,3126,63,0,3208,1379,2470,411,2389,51,1.198,1,2197,0,106.124,1.885,-21.250,-15.500,-102.813,0.047,0.074,0.789,-0.156,1.879,-2.254,0.000,0.000,1.106,1.342,2,NULL,NULL,,3,0,2,7,255,1231,250,0,0
stim,140734,170855,0,170855,3368184.455,-0.806,0.098,0.046,-0.582,3129,85,0,3208,1483,2491,407,2411,51,1.198,1,2197,0,74.827,1.930,-15.250,-10.063,-72.563,0.246,0.016,1.195,0.664,-1.813,-2.254,0.000,0.000,1.106,1.342,2,NULL,NULL,,3,0,2,7,255,1231,250,0,0
stim,140734,170855,0,170855,3368189.454,-0.805,0.096,0.047,-0.584,3124,109,0,3205,1561,2492,399,2443,51,1.198,1,2197,0,63.471,3.088,-53.750,-6.500,-33.125,0.074,0.031,1.207,0.664,-3.016,1.234,0.000,0.000,1.106,1.342,2,NULL,NULL,,3,0,2,7,255,1231,250,0,0
stim,140763,170884,0,170884,3368194.455,-0.805,0.093,0.049,-0.584,3131,139,0,3212,1598,2508,407,2464,51,1.198,1,2197,0,76.323,3.035,-70.813,-3.563,-28.250,-0.152,0.070,0.961,0.344,-3.016,1.234,0.000,0.000,1.106,1.342,2,NULL,NULL,,3,0,2,7,255,1231,250,0,0
stim,140763,170884,0,170884,3368199.455,-0.804,0.091,0.050,-0.586,3126,176,0,3219,1645,2531,401,2488,51,1.198,1,2197,0,69.448,0.334,-50.500,-3.250,-47.563,-0.180,0.063,0.836,0.105,-0.316,-0.242,0.000,0.000,1.106,1.342,2,NULL,NULL,,3,0,2,7,255,1231,250,0,0
stim,140763,170884,0,170884,3368204.455,-0.802,0.090,0.051,-0.588,3128,201,9,3211,1701,2539,397,2493,51,1.198,1,2197,0,63.543,0.327,-25.375,-4.750,-58.063,-0.063,0.031,0.934,0.082,-0.316,-0.719,0.000,0.000,1.106,1.342,2,NULL,NULL,,3,0,2,7,255,1231,250,0,0
stim,140763,170884,0,170884,3368209.454,-0.801,0.089,0.051,-0.590,3132,222,38,3213,1739,2547,398,2496,51,1.198,1,2197,0,52.803,1.160,-18.688,-2.688,-49.313,0.023,-0.008,1.059,-0.008,-1.160,-0.719,0.000,0.000,1.106,1.342,2,NULL,NULL,,3,0,2,7,255,1231,250,0,0
stim,140802,170924,0,170924,3368214.455,-0.800,0.087,0.051,-0.591,3130,236,51,3220,1775,2539,399,2515,51,1.198,1,2197,0,39.945,2.098,-25.813,-1.688,-30.438,0.000,0.000,1.082,0.020,-2.098,0.328,0.000,0.000,1.106,1.342,2,NULL,NULL,,3,0,2,7,255,1231,250,0,0
stim,140802,170924,0,170924,3368219.454,-0.800,0.086,0.052,-0.591,3127,239,87,3212,1803,2541,395,2509,51,1.198,1,2197,0,36.771,2.098,-29.313,0.750,-22.188,-0.078,0.004,1.023,-0.035,-2.098,0.328,0.000,0.000,1.106,1.342,2,NULL,NULL,,3,0,2,7,255,1231,250,0,0
stim,140802,170924,0,170924,3368224.455,-0.800,0.085,0.053,-0.592,3131,265,123,3213,1820,2555,379,2517,51,1.198,1,2197,0,32.395,1.261,-23.250,1.625,-22.500,-0.113,-0.066,0.961,-0.164,-1.250,0.176,0.000,0.000,1.106,1.342,2,NULL,NULL,,3,0,2,7,255,1231,250,0,0
stim,140802,170924,0,170924,3368229.454,-0.799,0.084,0.053,-0.593,3125,270,198,3223,1855,2552,365,2519,51,1.198,1,2197,0,25.078,1.451,-14.188,1.500,-20.625,-0.109,-0.113,0.953,-0.887,-1.148,-0.398,0.000,0.000,1.106,1.342,2,NULL,NULL,,3,0,2,7,255,1231,250,0,0
stim,140802,170924,0,170924,3368234.455,-0.799,0.084,0.054,-0.593,3127,269,229,3227,1867,2551,346,2522,51,1.198,1,2197,0,17.532,1.528,-9.750,0.500,-14.563,-0.133,-0.090,0.992,-1.148,-1.008,-0.398,0.000,0.000,1.106,1.342,2,NULL,NULL,,3,0,2,7,255,1231,250,0,0
stim,140802,170924,0,170924,3368239.454,-0.798,0.083,0.054,-0.594,3120,271,244,3221,1880,2553,341,2521,51,1.198,1,2197,0,15.322,1.487,-8.938,0.438,-12.438,-0.164,-0.043,1.012,-1.148,-0.945,-0.078,0.000,0.000,1.106,1.342,2,NULL,NULL,,3,0,2,7,255,1231,250,0,0
stim,140802,170924,0,170924,3368244.455,-0.798,0.083,0.054,-0.594,3117,269,285,3213,1893,2555,333,2511,51,1.141,1,2197,1,15.887,0.965,-7.250,-0.563,-14.125,-0.168,-0.020,1.012,-0.789,-0.555,0.211,0.000,0.000,1.085,1.358,2,NULL,NULL,,3,0,2,7,255,1231,250,0,0
stim,140802,170924,0,170924,3368249.454,-0.798,0.083,0.055,-0.595,3115,261,293,3205,1898,2553,324,2510,51,1.141,1,2197,1,15.293,0.871,-6.063,-1.063,-14.000,-0.141,-0.039,1.008,-0.672,-0.555,0.211,0.006,0.004,1.085,1.358,2,NULL,NULL,,3,0,2,7,255,1231,250,0,0
stim,140803,170924,0,170924,3368254.455,-0.798,0.082,0.055,-0.595,3123,263,301,3211,1901,2549,309,2519,51,1.141,1,2197,1,11.495,0.998,-5.813,-1.813,-9.750,-0.145,-0.063,0.996,-0.672,-0.738,0.141,0.012,0.008,1.085,1.358,2,NULL,NULL,,3,0,2,7,255,1231,250,0,0
stim,140803,170924,0,170924,3368259.454,-0.797,0.082,0.055,-0.595,3108,248,308,3199,1915,2547,287,2517,51,1.141,1,2197,1,9.250,1.104,-4.563,-2.750,-7.563,-0.168,-0.047,0.973,-0.820,-0.738,-0.004,0.018,0.012,1.085,1.358,2,NULL,NULL,,3,0,2,7,255,1231,250,0,0
stim,140831,170952,0,170952,3368264.455,-0.797,0.082,0.055,-0.596,3099,237,335,3183,1927,2540,268,2511,51,1.141,1,2197,1,10.386,0.924,-1.813,-3.625,-9.563,-0.184,-0.043,0.961,-0.820,-0.426,-0.168,0.022,0.014,1.085,1.358,2,NULL,NULL,,3,0,2,7,255,1231,250,0,0
stim,140831,170952,0,170952,3368269.454,-0.797,0.081,0.055,-0.596,3096,227,357,3181,1939,2543,244,2523,51,1.141,1,2197,1,12.674,0.855,1.438,-4.688,-11.688,-0.184,-0.051,0.957,-0.820,-0.242,-0.258,0.026,0.016,1.085,1.358,2,NULL,NULL,,3,0,2,7,255,1231,250,0,0
stim,140831,170952,0,170952,3368274.455,-0.797,0.081,0.054,-0.597,3087,208,371,3171,1955,2537,239,2507,51,1.141,1,2197,1,14.730,0.847,5.313,-5.563,-12.563,-0.176,-0.012,0.961,-0.813,-0.238,-0.258,0.030,0.018,1.085,1.358,2,NULL,NULL,,3,0,2,7,255,1231,250,0,0
stim,140831,170952,0,170952,3368279.454,-0.796,0.081,0.054,-0.597,3069,198,389,3157,1951,2528,237,2517,51,1.141,1,2197,1,15.068,0.554,6.063,-7.125,-11.813,-0.168,0.055,1.008,-0.500,-0.238,-0.254,0.034,0.020,1.085,1.358,2,NULL,NULL,,3,0,2,7,255,1231,250,0,0
stim,140857,170978,0,170978,3368284.455,-0.796,0.081,0.054,-0.598,3062,191,411,3147,1961,2535,247,2524,51,1.141,1,2197,1,14.472,0.238,2.500,-8.250,-11.625,-0.172,0.059,1.012,0.160,-0.176,0.207,0.036,0.022,1.085,1.358,2,NULL,NULL,,3,0,2,7,255,1231,250,0,0
stim,140857,170978,0,170978,3368289.454,-0.796,0.081,0.053,-0.598,3063,180,427,3145,1981,2521,253,2525,51,1.141,1,2197,1,15.283,0.221,1.688,-9.313,-12.000,-0.188,0.051,0.980,0.160,-0.152,0.207,0.040,0.024,1.085,1.358,2,NULL,NULL,,3,0,2,7,255,1231,250,0,0
stim,140857,170978,0,170978,3368294.455,-0.795,0.081,0.053,-0.598,3035,183,454,3115,2005,2524,264,2529,51,1.141,1,2197,1,17.820,0.105,4.000,-11.000,-13.438,-0.211,0.063,0.973,0.102,0.027,-0.023,0.042,0.026,1.085,1.358,2,NULL,NULL,,3,0,2,7,255,1231,250,0,0
stim,140857,170978,0,170978,3368299.454,-0.795,0.081,0.052,-0.599,3031,181,519,3101,2023,2523,279,2547,51,1.141,1,2197,1,21.745,0.321,5.625,-12.250,-17.063,-0.211,0.086,1.000,0.102,0.305,-0.023,0.046,0.028,1.085,1.358,2,NULL,NULL,,3,0,2,7,255,1231,250,0,0
stim,140857,170978,0,170978,3368304.455,-0.794,0.081,0.052,-0.600,3019,181,596,3089,2045,2520,296,2548,51,1.141,1,2197,1,25.110,0.442,4.188,-13.313,-20.875,-0.195,0.105,1.016,0.320,0.305,0.223,0.048,0.028,1.085,1.358,2,NULL,NULL,,3,0,2,7,255,1231,250,0,0
stim,140857,170978,0,170978,3368309.454,-0.794,0.080,0.051,-0.601,2989,183,617,3061,2068,2535,303,2553,51,1.141,1,2197,1,26.860,0.567,1.813,-14.063,-22.813,-0.164,0.121,1.012,0.520,0.227,0.270,0.050,0.028,1.085,1.358,2,NULL,NULL,,3,0,2,7,255,1231,250,0,0
stim,140899,171020,0,171020,3368314.455,-0.793,0.080,0.051,-0.601,2969,185,679,3049,2096,2525,303,2577,51,1.141,1,2197,1,27.205,0.781,0.313,-14.625,-22.938,-0.137,0.137,1.012,0.781,-0.020,0.270,0.052,0.030,1.085,1.358,2,NULL,NULL,,3,0,2,7,255,1231,250,0,0
stim,140899,171020,0,171020,3368319.454,-0.793,0.079,0.050,-0.602,2961,187,725,3036,2141,2532,333,2589,51,1.141,1,2197,1,26.762,0.990,-0.875,-14.938,-22.188,-0.121,0.152,1.012,0.965,-0.223,0.234,0.052,0.030,1.085,1.358,2,NULL,NULL,,3,0,2,7,255,1231,250,0,0
stim,140899,171020,0,171020,3368324.457,-0.792,0.079,0.049,-0.603,2934,190,756,3013,2207,2534,351,2607,51,1.141,1,2197,1,24.938,1.185,-2.563,-16.313,-18.688,-0.133,0.160,1.008,1.164,-0.223,0.207,0.054,0.030,1.085,1.358,2,NULL,NULL,,3,0,2,7,255,1231,250,0,0
stim,140899,171020,0,171020,3368329.454,-0.792,0.078,0.049,-0.604,2903,203,831,2996,2245,2525,407,2619,51,1.141,1,2197,1,25.030,1.227,-3.313,-16.875,-18.188,-0.160,0.176,1.020,1.219,-0.141,0.207,0.056,0.028,1.085,1.358,2,NULL,NULL,,3,0,2,7,255,1231,250,0,0
stim,140899,171020,0,171020,3368334.455,-0.791,0.078,0.048,-0.604,2875,228,931,2971,2295,2534,436,2636,51,1.141,1,2197,1,28.078,1.290,-3.938,-16.750,-22.188,-0.152,0.203,1.027,1.285,0.117,0.336,0.056,0.026,1.085,1.358,2,NULL,NULL,,3,0,2,7,255,1231,250,0,0
stim,140899,171020,0,171020,3368339.454,-0.791,0.077,0.048,-0.605,2857,235,1015,2955,2325,2530,483,2659,51,1.141,1,2197,1,29.812,1.579,-5.000,-16.875,-24.063,-0.117,0.211,1.035,1.574,0.117,0.434,0.056,0.024,1.085,1.358,2,NULL,NULL,,3,0,2,7,255,1231,250,0,0
stim,140924,171045,0,171045,3368344.455,-0.790,0.077,0.047,-0.606,2828,255,1131,2921,2363,2542,531,2669,51,1.141,1,2197,1,29.276,1.584,-8.250,-16.563,-22.688,-0.113,0.188,1.039,1.574,-0.176,0.441,0.056,0.020,1.085,1.358,2,NULL,NULL,,3,0,2,7,255,1231,250,0,0
stim,140924,171045,0,171045,3368349.455,-0.790,0.076,0.047,-0.607,2792,255,1215,2899,2405,2531,615,2680,51,1.141,1,2197,1,30.462,1.538,-13.250,-15.688,-22.500,-0.129,0.133,1.035,1.520,-0.234,0.434,0.056,0.016,1.085,1.358,2,NULL,NULL,,3,0,2,7,255,1231,250,0,0
stim,140924,171045,0,171045,3368354.455,-0.789,0.075,0.047,-0.608,2761,267,1315,2887,2445,2535,703,2699,51,1.141,1,2197,1,34.308,1.008,-16.500,-15.125,-26.000,-0.145,0.066,0.996,0.980,-0.234,0.422,0.056,0.010,1.085,1.358,2,NULL,NULL,,3,0,2,7,255,1231,250,0,0
stim,140924,171045,0,171045,3368359.454,-0.789,0.074,0.047,-0.609,2743,262,1412,2859,2471,2541,785,2713,51,1.141,1,2197,1,37.053,0.372,-15.625,-15.250,-29.938,-0.141,0.031,0.965,0.289,-0.234,0.070,0.058,0.008,1.085,1.358,2,NULL,NULL,,3,0,2,7,255,1231,250,0,0
stim,140924,171045,0,171045,3368364.455,-0.788,0.073,0.047,-0.610,2693,270,1533,2842,2505,2547,871,2715,51,1.141,1,2197,1,38.292,0.246,-13.250,-15.313,-32.500,-0.137,0.023,0.965,0.000,-0.246,-0.250,0.060,0.010,1.085,1.358,2,NULL,NULL,,3,0,2,7,255,1231,250,0,0
stim,140924,171045,0,171045,3368369.454,-0.787,0.072,0.047,-0.611,2650,273,1610,2821,2540,2540,971,2727,51,1.141,1,2197,1,39.915,0.297,-13.125,-15.188,-34.500,-0.133,-0.012,0.977,-0.051,-0.293,-0.250,0.060,0.014,1.085,1.358,2,NULL,NULL,,3,0,2,7,255,1231,250,0,0
stim,140943,171064,0,171064,3368374.455,-0.786,0.071,0.047,-0.612,2604,267,1719,2807,2581,2538,1043,2743,51,1.141,1,2197,1,40.459,0.495,-15.375,-15.500,-34.063,-0.148,-0.043,0.980,-0.367,-0.332,-0.180,0.064,0.020,1.085,1.358,2,NULL,NULL,,3,0,2,7,255,1231,250,0,0
stim,140943,171064,0,171064,3368379.454,-0.785,0.069,0.047,-0.613,2553,267,1817,2776,2603,2549,1181,2765,51,1.141,1,2197,1,43.840,0.763,-18.500,-16.438,-36.188,-0.164,-0.047,0.977,-0.688,-0.332,-0.121,0.066,0.024,1.085,1.358,2,NULL,NULL,,3,0,2,7,255,1231,250,0,0
stim,140943,171064,0,171064,3368384.455,-0.784,0.068,0.047,-0.615,2493,287,1894,2757,2627,2554,1271,2808,51,1.141,1,2197,1,46.397,0.722,-19.813,-17.375,-38.188,-0.156,-0.047,0.965,-0.699,-0.180,-0.121,0.070,0.028,1.085,1.358,2,NULL,NULL,,3,0,2,7,255,1231,250,0,0
stim,140943,171064,0,171064,3368389.454,-0.783,0.067,0.047,-0.616,2456,287,1967,2717,2663,2565,1368,2791,51,1.141,1,2197,1,46.196,0.722,-19.813,-18.438,-37.438,-0.137,-0.023,0.977,-0.699,-0.180,-0.145,0.072,0.032,1.085,1.358,2,NULL,NULL,,3,0,2,7,255,1231,250,0,0
stim,140943,171064,0,171064,3368394.455,-0.783,0.065,0.047,-0.617,2387,291,2059,2695,2680,2553,1479,2795,51,1.141,1,2197,1,49.211,0.488,-21.750,-18.938,-39.875,-0.145,0.004,1.023,-0.422,-0.246,-0.145,0.074,0.030,1.085,1.358,2,NULL,NULL,,3,0,2,7,255,1231,250,0,0
stim,140943,171064,0,171064,3368399.454,-0.781,0.064,0.047,-0.619,2326,283,2093,2661,2701,2567,1579,2801,51,1.141,1,2197,1,55.003,0.339,-27.438,-19.500,-43.500,-0.125,0.004,1.039,-0.156,-0.301,0.297,0.074,0.030,1.085,1.358,2,NULL,NULL,,3,0,2,7,255,1231,250,0,0
stim,140984,171105,0,171105,3368404.455,-0.780,0.062,0.047,-0.620,2255,294,2209,2635,2727,2555,1659,2810,51,1.141,1,2197,1,62.096,0.428,-38.188,-19.875,-44.750,-0.098,-0.031,1.047,-0.156,-0.398,0.430,0.072,0.028,1.085,1.358,2,NULL,NULL,,3,0,2,7,255,1231,250,0,0
stim,140984,171105,0,171105,3368409.455,-0.779,0.059,0.048,-0.622,2189,299,2264,2589,2733,2557,1735,2825,51,1.141,1,2197,1,65.567,0.779,-44.875,-19.125,-43.813,-0.074,-0.051,0.988,-0.301,-0.719,0.430,0.072,0.026,1.085,1.358,2,NULL,NULL,,3,0,2,7,255,1231,250,0,0
stim,141009,171130,0,171130,3368414.455,-0.779,0.057,0.048,-0.623,2117,308,2341,2539,2761,2567,1829,2839,51,1.141,1,2197,1,57.601,0.976,-39.438,-19.000,-37.438,-0.039,-0.051,0.898,-0.371,-0.902,-0.125,0.070,0.026,1.085,1.358,2,NULL,NULL,,3,0,2,7,255,1231,250,0,0
stim,141009,171130,0,171130,3368419.454,-0.778,0.056,0.048,-0.624,2053,313,2389,2513,2779,2571,1899,2855,51,1.141,1,2197,1,42.716,0.976,-25.188,-19.625,-28.375,-0.055,-0.051,0.898,-0.371,-0.902,-1.027,0.070,0.026,1.085,1.358,2,NULL,NULL,,3,0,2,7,255,1231,250,0,0
stim,141009,171130,0,171130,3368424.456,-0.777,0.054,0.048,-0.625,1968,313,2419,2461,2787,2568,1963,2861,51,1.141,1,2197,1,35.375,0.965,-15.625,-20.250,-24.438,-0.105,-0.039,0.980,-0.371,-0.891,-1.027,0.070,0.026,1.085,1.358,2,NULL,NULL,,3,0,2,7,255,1231,250,0,0
stim,141009,171130,0,171130,3368429.454,-0.777,0.053,0.048,-0.626,1908,315,2473,2413,2805,2567,2039,2879,51,1.141,1,2197,1,37.922,0.566,-17.313,-20.563,-26.750,-0.121,-0.031,1.031,-0.316,-0.469,-0.141,0.070,0.026,1.085,1.358,2,NULL,NULL,,3,0,2,7,255,1231,250,0,0
stim,141009,171130,0,171130,3368434.455,-0.776,0.052,0.048,-0.627,1822,313,2496,2357,2813,2568,2098,2871,51,1.141,1,2197,1,39.212,0.537,-19.750,-20.375,-27.063,-0.082,-0.020,1.000,-0.262,-0.469,0.023,0.072,0.024,1.085,1.358,2,NULL,NULL,,3,0,2,7,255,1231,250,0,0
stim,141009,171130,0,171130,3368439.454,-0.776,0.050,0.047,-0.627,1707,308,2533,2301,2837,2567,2145,2892,51,1.141,1,2197,1,33.795,0.628,-18.563,-21.813,-17.938,-0.004,-0.004,0.980,-0.059,-0.625,0.023,0.072,0.024,1.085,1.358,2,NULL,NULL,,3,0,2,7,255,1231,250,0,0
stim,141009,171130,0,171130,3368444.455,-0.776,0.049,0.047,-0.628,1611,297,2569,2235,2847,2568,2195,2895,51,1.141,1,2197,1,30.884,0.628,-20.500,-20.313,-11.000,-0.137,-0.016,1.035,-0.059,-0.625,0.023,0.072,0.024,1.085,1.358,2,NULL,NULL,,3,0,2,7,255,1231,250,0,0
stim,141009,171130,0,171130,3368449.454,-0.775,0.048,0.047,-0.628,1487,286,2601,2168,2859,2577,2247,2909,51,1.141,1,2197,1,37.634,0.132,-23.938,-20.875,-20.188,-0.156,-0.016,1.016,-0.074,-0.109,0.246,0.072,0.026,1.085,1.358,2,NULL,NULL,,3,0,2,7,255,1231,250,0,0
stim,141009,171130,0,171130,3368454.455,-0.775,0.046,0.047,-0.629,1307,267,2607,2077,2861,2527,2287,2908,51,1.141,1,2197,1,38.801,0.155,-22.938,-21.688,-22.563,-0.059,-0.078,0.961,-0.109,-0.109,0.246,0.072,0.026,1.085,1.358,2,NULL,NULL,,3,0,2,7,255,1231,250,0,0
stim,141009,171130,0,171130,3368459.454,-0.774,0.045,0.047,-0.629,1231,259,2645,1981,2873,2571,2343,2917,51,1.141,1,2197,1,30.248,0.934,-15.063,-21.563,-14.938,-0.059,-0.074,0.957,-0.461,-0.813,-0.391,0.074,0.026,1.085,1.358,2,NULL,NULL,,3,0,2,7,255,1231,250,0,0
stim,141034,171155,0,171155,3368464.455,-0.774,0.044,0.046,-0.630,1101,251,2667,1849,2888,2575,2377,2925,51,1.141,1,2197,1,26.647,0.934,-10.875,-22.500,-9.250,-0.094,-0.047,1.000,-0.461,-0.813,-0.391,0.076,0.026,1.085,1.358,2,NULL,NULL,,3,0,2,7,255,1231,250,0,0
stim,141034,171155,0,171155,3368469.454,-0.774,0.043,0.046,-0.630,994,235,2679,1747,2907,2575,2413,2937,51,1.141,1,2197,1,27.266,0.521,-11.250,-23.000,-9.375,-0.109,-0.023,1.035,-0.250,-0.457,0.023,0.078,0.026,1.085,1.358,2,NULL,NULL,,3,0,2,7,255,1231,250,0,0
stim,141034,171155,0,171155,3368474.455,-0.774,0.042,0.045,-0.630,839,201,2695,1593,2917,2557,2450,2936,51,1.141,1,2197,1,28.750,0.260,-13.375,-23.375,-10.063,-0.125,-0.004,1.039,-0.055,-0.254,0.387,0.080,0.024,1.085,1.358,2,NULL,NULL,,3,0,2,7,255,1231,250,0,0
stim,141034,171155,0,171155,3368479.454,-0.774,0.041,0.045,-0.631,695,179,2729,1439,2923,2555,2477,2951,51,1.141,1,2197,1,30.518,0.110,-14.125,-24.688,-11.063,-0.129,0.004,1.035,0.102,-0.043,0.406,0.082,0.024,1.085,1.358,2,NULL,NULL,,3,0,2,7,255,1231,250,0,0
stim,141034,171155,0,171155,3368484.455,-0.773,0.039,0.044,-0.631,540,157,2759,1293,2935,2557,2513,2951,51,1.141,1,2197,1,31.918,0.200,-13.000,-25.500,-14.125,-0.117,0.008,1.043,0.195,-0.043,0.426,0.084,0.024,1.085,1.358,2,NULL,NULL,,3,0,2,7,255,1231,250,0,0
stim,141034,171155,1,171155,3368489.454,-0.773,0.038,0.044,-0.632,397,103,2719,1108,2939,2542,2537,2953,51,1.141,1,2197,1,33.253,0.266,-12.688,-25.813,-16.688,-0.121,0.066,1.063,0.266,0.012,0.461,0.084,0.024,1.085,1.358,2,NULL,NULL,,3,1,2,7,255,1231,250,0,0
stim,141065,171186,1,171186,3368494.455,-0.772,0.037,0.043,-0.632,278,74,2788,942,2958,2547,2569,2964,51,1.141,1,2197,1,37.164,0.273,-15.313,-27.188,-20.188,-0.066,-0.008,1.023,0.266,-0.063,0.461,0.088,0.024,1.085,1.358,2,NULL,NULL,,3,1,2,7,255,1231,250,0,0
stim,141065,171186,1,171186,3368499.454,-0.772,0.036,0.043,-0.633,157,54,2791,777,2959,2520,2591,2967,51,1.141,1,2197,1,33.295,0.534,-11.938,-27.750,-14.000,-0.066,-0.066,1.023,0.207,-0.492,0.238,0.090,0.024,1.085,1.358,2,NULL,NULL,,3,1,2,7,255,1231,250,0,0
stim,141065,171186,1,171186,3368504.455,-0.772,0.034,0.042,-0.633,85,27,2799,605,2967,2511,2617,2969,51,1.141,1,2197,1,32.815,0.534,-9.625,-29.563,-10.500,-0.070,-0.051,1.020,-0.207,-0.492,0.227,0.090,0.024,1.085,1.358,2,NULL,NULL,,3,1,2,7,255,1231,250,0,0
stim,141065,171186,1,171186,3368509.454,-0.772,0.033,0.041,-0.634,39,2,2809,427,2973,2501,2637,2979,51,1.141,1,2197,1,34.238,0.530,-8.688,-31.125,-11.313,-0.090,0.004,1.035,-0.207,-0.488,0.238,0.092,0.026,1.085,1.358,2,NULL,NULL,,3,1,2,7,255,1231,250,0,0
stim,141101,171222,1,171222,3368514.455,-0.772,0.032,0.040,-0.634,17,0,2815,245,2983,2479,2659,2974,51,1.141,1,2197,1,37.041,0.569,-6.938,-34.125,-12.625,-0.047,0.039,1.031,0.305,-0.480,0.254,0.092,0.028,1.085,1.358,2,NULL,NULL,,3,1,2,7,255,1231,250,0,0
stim,141101,171222,1,171222,3368519.454,-0.771,0.031,0.039,-0.634,0,0,2807,165,2989,2457,2681,2985,51,1.141,1,2197,1,38.053,0.827,-6.938,-35.875,-10.625,-0.047,0.078,1.031,0.723,-0.402,0.254,0.094,0.028,1.085,1.358,2,NULL,NULL,,3,1,2,7,255,1231,250,0,0
stim,141101,171222,1,171222,3368524.457,-0.771,0.030,0.037,-0.635,0,0,2841,111,2998,2441,2701,2989,51,1.141,1,2197,1,39.853,0.827,2.063,-39.063,-7.625,-0.133,-0.012,1.039,0.723,-0.402,0.254,0.096,0.030,1.085,1.358,2,NULL,NULL,,3,1,2,7,255,1231,250,0,0
stim,141101,171222,1,171222,3368529.454,-0.771,0.029,0.035,-0.635,0,0,2848,81,3007,2419,2720,2992,51,1.141,1,2197,1,52.967,0.319,22.688,-47.500,5.875,-0.266,-0.074,1.176,0.082,0.309,0.434,0.098,0.030,1.085,1.358,2,NULL,NULL,,3,1,2,7,255,1231,250,0,0
stim,141101,171222,1,171222,3368534.455,-0.771,0.029,0.033,-0.635,0,0,2854,63,3015,2403,2743,2996,51,1.141,1,2197,0,55.057,1.553,15.875,-51.688,-10.375,-0.324,-0.133,1.293,-0.758,1.355,1.918,0.102,0.032,1.085,1.358,3,NULL,NULL,,3,1,2,7,255,1231,250,0,0
stim,141101,171222,1,171222,3368539.454,-0.771,0.028,0.031,-0.636,0,0,2861,40,3025,2375,2771,2999,51,1.141,1,2197,0,63.075,1.720,18.875,-56.938,-19.500,-0.281,-0.078,1.301,-0.820,1.512,3.121,0.104,0.032,1.085,1.358,3,NULL,NULL,,3,1,2,7,255,1231,250,0,0
stim,141101,171222,1,171222,3368544.455,-0.771,0.027,0.028,-0.636,0,0,2869,23,3031,2345,2788,3001,51,1.141,1,2197,0,72.880,1.720,31.875,-64.875,-9.313,-0.211,0.102,1.508,-0.820,1.512,3.137,0.104,0.034,1.085,1.358,3,NULL,NULL,,3,1,2,7,255,1231,250,0,0
stim,141101,171222,1,171222,3368549.454,-0.771,0.025,0.026,-0.636,0,0,2867,0,3035,2315,2808,3001,51,1.141,1,2197,0,68.837,1.522,-7.688,-68.250,4.625,-0.051,0.270,1.492,1.078,1.074,4.746,0.098,0.040,1.085,1.358,3,NULL,NULL,,3,1,2,7,255,1231,250,0,0
stim,141101,171222,1,171222,3368554.455,-0.771,0.022,0.025,-0.635,0,0,2877,0,3043,2267,2827,3003,51,1.141,1,2197,0,82.000,1.341,-44.375,-67.813,12.500,-0.109,0.109,1.238,1.254,0.477,4.746,0.094,0.046,1.085,1.358,3,NULL,NULL,,3,1,2,7,255,1231,250,0,0
stim,141101,171222,1,171222,3368559.454,-0.772,0.019,0.023,-0.635,0,0,2879,0,3047,2231,2843,3004,51,1.141,1,2197,0,84.565,1.341,-37.813,-73.375,18.375,-0.152,0.027,1.059,1.254,0.477,2.332,0.090,0.052,1.085,1.358,3,NULL,NULL,,3,1,2,7,255,1231,250,0,0
stim,141131,171252,1,171252,3368564.455,-0.773,0.016,0.021,-0.634,0,0,2888,0,3061,2182,2864,3003,51,1.141,1,2197,0,83.293,0.967,-15.125,-79.188,20.938,-0.277,-0.059,1.059,0.336,0.906,0.695,0.086,0.056,1.085,1.358,3,NULL,NULL,,3,1,2,7,255,1231,250,0,0
stim,141131,171252,1,171252,3368569.454,-0.773,0.014,0.019,-0.634,0,0,2887,0,3058,2117,2875,3006,51,1.141,1,2197,0,84.521,1.554,-3.250,-84.375,3.750,-0.211,-0.063,1.133,-0.637,1.418,0.695,0.084,0.062,1.085,1.358,3,NULL,NULL,,3,1,2,7,255,1231,250,0,0
stim,141131,171252,1,171252,3368574.455,-0.773,0.011,0.016,-0.634,0,0,2887,0,3063,2041,2891,3003,51,1.141,1,2197,0,87.140,1.593,-0.813,-87.125,1.375,-0.152,-0.137,1.172,-0.727,1.418,1.383,0.082,0.068,1.085,1.358,3,NULL,NULL,,3,1,2,7,255,1231,250,0,0
stim,141131,171252,1,171252,3368579.454,-0.774,0.009,0.013,-0.633,0,0,2886,0,3077,1939,2902,3003,51,1.141,1,2197,0,92.373,1.377,-7.313,-91.875,6.188,-0.102,-0.141,1.199,-1.145,0.766,1.746,0.076,0.076,1.085,1.358,3,NULL,NULL,,3,1,2,7,255,1231,250,0,0
stim,141159,171280,1,171280,3368584.455,-0.774,0.006,0.010,-0.633,0,0,2885,0,3076,1836,2914,3003,51,1.141,1,2197,0,95.533,1.377,-8.000,-94.500,11.500,-0.141,-0.074,1.148,-1.145,0.766,1.746,0.070,0.084,1.085,1.358,3,NULL,NULL,,3,1,2,7,255,1231,250,0,0
stim,141159,171280,1,171280,3368589.454,-0.775,0.003,0.007,-0.632,0,0,2877,0,3080,1739,2923,3001,51,1.141,1,2197,0,99.163,1.140,-7.500,-98.125,12.188,-0.168,-0.027,1.156,-0.637,0.945,1.543,0.062,0.092,1.085,1.358,3,NULL,NULL,,3,1,2,7,255,1231,250,0,0
stim,141159,171280,1,171280,3368594.455,-0.775,0.000,0.004,-0.632,0,0,2891,0,3087,1615,2936,2998,51,1.141,1,2197,0,101.714,1.450,-5.500,-101.500,3.625,-0.184,-0.035,1.148,-0.355,1.406,1.480,0.056,0.102,1.085,1.358,3,NULL,NULL,,3,1,2,7,255,1231,250,0,0
stim,141159,171280,1,171280,3368599.454,-0.775,-0.003,0.001,-0.632,0,0,2867,0,3089,1465,2943,2991,51,1.141,1,2197,0,105.726,1.450,-2.813,-105.688,0.375,-0.121,-0.094,1.121,-0.355,1.406,1.441,0.048,0.112,1.085,1.358,3,NULL,NULL,,3,1,2,7,255,1231,250,0,0
stim,141159,171280,1,171280,3368604.456,-0.775,-0.006,-0.003,-0.632,0,0,2861,0,3091,1303,2957,2987,51,1.141,1,2197,0,109.547,1.271,0.188,-109.500,3.188,-0.070,-0.094,1.117,-0.754,1.023,1.188,0.040,0.122,1.085,1.358,3,NULL,NULL,,3,1,2,7,255,1231,250,0,0
stim,141159,171280,1,171280,3368609.454,-0.775,-0.009,-0.007,-0.631,0,0,2822,0,3087,1115,2969,2983,51,1.141,1,2197,0,112.332,1.012,-2.500,-111.938,9.063,-0.055,-0.059,1.160,-0.754,0.676,1.188,0.032,0.132,1.085,1.358,3,NULL,NULL,,3,1,2,7,255,1231,250,0,0
stim,141200,171321,1,171321,3368614.455,-0.776,-0.013,-0.010,-0.631,0,0,2839,0,3096,927,2974,2975,51,1.141,1,2197,0,116.154,0.779,-10.125,-115.000,12.813,-0.098,-0.047,1.164,-0.387,0.676,1.559,0.024,0.142,1.085,1.358,3,NULL,NULL,,3,1,2,7,255,1231,250,0,0
stim,141200,171321,1,171321,3368619.454,-0.776,-0.016,-0.014,-0.630,0,0,2823,0,3096,701,2981,2963,51,1.141,1,2197,0,121.007,1.279,-10.250,-120.188,9.625,-0.141,-0.059,1.094,-0.387,1.219,1.559,0.016,0.152,1.085,1.358,3,NULL,NULL,,3,1,2,7,255,1231,250,0,0
stim,141200,171321,1,171321,3368624.455,-0.776,-0.019,-0.018,-0.630,0,0,2799,0,3096,573,2986,2951,51,1.141,1,2197,0,126.236,1.780,2.438,-126.188,2.500,-0.133,-0.055,1.070,-0.590,1.680,0.871,0.008,0.162,1.085,1.358,3,NULL,NULL,,3,1,2,7,255,1231,250,0,0
stim,141200,171321,1,171321,3368629.454,-0.776,-0.022,-0.023,-0.630,0,0,2779,0,3097,423,2992,2940,51,1.141,1,2197,0,131.130,1.780,13.688,-130.375,-3.188,-0.063,-0.008,1.141,-0.590,1.680,0.871,0.006,0.172,1.085,1.358,3,NULL,NULL,,3,1,2,7,255,1231,250,0,0
stim,141200,171321,1,171321,3368634.455,-0.776,-0.025,-0.027,-0.630,0,0,2747,0,3107,197,2999,2927,51,1.141,1,2197,0,136.088,1.297,12.375,-135.500,-2.563,-0.027,0.066,1.219,-0.023,1.297,1.293,0.012,0.182,1.085,1.358,3,NULL,NULL,,3,1,2,7,255,1231,250,0,0
stim,141200,171321,1,171321,3368639.454,-0.776,-0.029,-0.033,-0.629,0,0,2732,0,3109,109,3015,2919,51,1.141,1,2197,0,140.045,1.488,8.938,-139.688,-4.500,-0.027,0.164,1.219,0.730,1.297,2.000,0.022,0.192,1.085,1.358,3,NULL,NULL,,3,1,2,7,255,1231,250,0,0
stim,141230,171351,1,171351,3368644.455,-0.776,-0.032,-0.038,-0.629,0,0,2711,0,3101,47,3007,2887,51,1.141,1,2197,0,144.210,2.298,2.750,-144.125,-4.125,0.000,0.234,1.266,1.621,1.629,2.039,0.030,0.202,1.085,1.358,3,NULL,NULL,,3,1,2,7,255,1231,250,0,0
stim,141230,171351,1,171351,3368649.454,-0.775,-0.036,-0.043,-0.629,0,0,2663,0,3107,3,3020,2867,51,1.141,1,2197,0,148.445,2.841,2.688,-148.375,-3.688,-0.027,0.242,1.281,2.297,1.672,2.441,0.038,0.212,1.085,1.358,3,NULL,NULL,,3,1,2,7,255,1231,250,0,0
stim,141230,171351,1,171351,3368654.455,-0.775,-0.040,-0.048,-0.629,0,0,2617,0,3107,0,3021,2831,51,1.141,1,2197,0,155.042,3.124,2.500,-154.938,-5.125,-0.066,0.211,1.352,2.297,2.117,2.570,0.046,0.224,1.085,1.358,3,NULL,NULL,,3,1,2,7,255,1231,250,0,0
stim,141230,171351,1,171351,3368659.454,-0.775,-0.044,-0.053,-0.629,0,0,2569,0,3109,0,3025,2798,51,1.141,1,2197,0,161.048,3.272,-9.750,-160.688,-4.563,-0.066,0.152,1.504,1.883,2.676,3.195,0.056,0.236,1.085,1.358,3,NULL,NULL,,3,1,2,7,255,1231,250,0,0
stim,141230,171351,1,171351,3368664.455,-0.774,-0.049,-0.058,-0.628,0,0,2509,0,3095,0,3026,2748,51,1.141,1,2197,0,169.416,3.223,-17.563,-168.500,1.063,-0.102,0.121,1.660,1.309,2.945,4.660,0.068,0.250,1.085,1.358,3,NULL,NULL,,3,1,2,7,255,1231,250,0,0
stim,141230,171351,1,171351,3368669.454,-0.775,-0.055,-0.064,-0.627,0,0,2421,0,3097,0,3029,2708,51,1.141,1,2197,0,183.479,3.797,-23.813,-181.125,17.063,-0.160,0.141,1.785,0.953,3.676,6.059,0.082,0.268,1.085,1.358,3,NULL,NULL,,3,1,2,7,255,1231,250,0,0
stim,141230,171351,1,171351,3368674.455,-0.775,-0.062,-0.069,-0.625,0,0,2379,0,3091,0,3021,2653,51,1.141,1,2197,0,200.254,4.814,-40.750,-193.813,29.625,-0.215,0.316,1.891,0.953,4.719,7.125,0.102,0.288,1.085,1.358,3,NULL,NULL,,3,1,2,7,255,1231,250,0,0
stim,141230,171351,1,171351,3368679.455,-0.775,-0.070,-0.074,-0.624,0,0,2294,0,3087,2,3013,2591,51,1.141,1,2197,0,217.822,6.596,-56.563,-208.063,30.938,-0.324,0.387,1.887,2.523,6.094,7.480,0.130,0.316,1.085,1.358,3,NULL,NULL,,3,1,2,7,255,1231,250,0,0
stim,141252,171373,1,171373,3368684.455,-0.775,-0.078,-0.080,-0.622,0,0,2195,0,3083,44,3000,2519,51,1.141,1,2197,0,238.531,8.160,-73.188,-225.125,29.313,-0.363,0.391,1.891,2.977,7.598,7.480,0.164,0.348,1.085,1.358,3,NULL,NULL,,3,1,2,7,255,1231,250,0,0
stim,141252,171373,1,171373,3368689.454,-0.775,-0.088,-0.085,-0.620,0,0,2089,0,3061,59,2997,2432,51,1.141,1,2197,0,257.997,8.818,-89.688,-240.750,23.625,-0.344,0.359,1.867,2.977,8.301,7.242,0.204,0.388,1.085,1.358,3,NULL,NULL,,3,1,2,7,255,1231,250,0,0
stim,141252,171373,1,171373,3368694.455,-0.774,-0.098,-0.091,-0.619,0,0,1974,0,3047,71,2971,2347,51,1.141,1,2197,0,276.003,8.832,-96.375,-257.438,24.813,-0.344,0.305,1.828,2.746,8.395,6.910,0.250,0.434,1.085,1.358,3,NULL,NULL,,3,1,2,7,255,1231,250,0,0
stim,141252,171373,1,171373,3368699.454,-0.774,-0.109,-0.098,-0.616,0,0,1861,0,3035,93,2951,2247,51,1.141,1,2197,0,297.009,9.001,-101.500,-277.125,33.375,-0.355,0.344,1.852,2.676,8.594,6.363,0.300,0.484,1.085,1.358,3,NULL,NULL,,3,1,2,7,255,1231,250,0,0
stim,141282,171403,1,171403,3368704.455,-0.773,-0.121,-0.104,-0.614,0,0,1739,0,3013,107,2927,2135,51,1.141,1,2197,0,314.270,9.629,-108.188,-293.500,30.313,-0.363,0.438,1.895,2.676,9.250,6.289,0.354,0.536,1.085,1.358,3,NULL,NULL,,3,1,2,7,255,1231,250,0,0
stim,141282,171403,1,171403,3368709.455,-0.772,-0.133,-0.112,-0.612,0,0,1661,0,2982,116,2889,2037,51,1.141,1,2197,0,329.894,10.644,-102.813,-312.563,23.750,-0.422,0.418,2.016,3.355,10.102,6.289,0.410,0.594,1.085,1.358,3,NULL,NULL,,3,1,2,7,255,1231,250,0,0
stim,141312,171433,1,171433,3368714.455,-0.770,-0.145,-0.120,-0.609,0,0,1575,0,2958,119,2839,1949,51,1.141,1,2197,0,344.032,11.938,-99.125,-329.063,15.813,-0.492,0.414,2.250,3.355,11.457,6.910,0.470,0.656,1.085,1.358,3,NULL,NULL,,3,1,2,7,255,1231,250,0,0
stim,141312,171433,1,171433,3368719.454,-0.768,-0.158,-0.129,-0.607,0,0,1497,0,2909,115,2785,1831,51,1.141,1,2197,0,360.691,13.812,-103.125,-345.563,7.063,-0.582,0.410,2.500,3.242,13.426,8.445,0.538,0.724,1.085,1.358,3,NULL,NULL,,3,1,2,7,255,1231,250,0,0
stim,141312,171433,1,171433,3368724.456,-0.765,-0.171,-0.138,-0.605,0,0,1420,0,2858,83,2705,1709,51,1.141,1,2197,0,385.504,16.069,-113.000,-368.563,-2.438,-0.621,0.402,2.676,3.090,15.770,9.895,0.612,0.800,1.085,1.358,3,NULL,NULL,,3,1,2,7,255,1231,250,0,0
stim,141312,171433,1,171433,3368729.454,-0.762,-0.186,-0.148,-0.602,0,0,1336,0,2797,76,2603,1595,51,1.141,1,2197,0,408.433,17.740,-123.375,-389.188,-11.375,-0.609,0.387,2.727,3.023,17.480,10.637,0.696,0.886,1.085,1.358,3,NULL,NULL,,3,1,2,7,255,1231,250,0,0
stim,141312,171433,1,171433,3368734.455,-0.758,-0.201,-0.158,-0.600,0,0,1205,0,2723,69,2461,1471,51,1.141,1,2197,0,427.367,18.557,-140.563,-403.125,-19.375,-0.633,0.465,2.680,3.023,18.309,10.637,0.792,0.984,1.085,1.358,3,NULL,NULL,,3,1,2,7,255,1231,250,0,0
stim,141312,171433,0,171433,3368739.454,-0.753,-0.216,-0.168,-0.598,0,0,1056,0,2617,46,2293,1334,51,1.141,1,2197,0,438.452,19.426,-142.750,-413.188,-33.750,-0.648,0.402,2.707,3.270,19.148,9.297,0.894,1.088,1.085,1.358,3,NULL,NULL,,3,0,2,7,255,1237,250,0,0
stim,141312,171433,0,171433,3368744.455,-0.748,-0.232,-0.179,-0.596,0,0,917,0,2479,0,2072,1183,51,1.141,1,2197,0,450.037,20.289,-139.188,-425.500,-45.938,-0.570,0.176,2.797,3.270,20.023,9.297,0.996,1.194,1.085,1.358,3,NULL,NULL,,3,0,2,7,255,1237,250,0,0
stim,141312,171433,0,171433,3368749.454,-0.742,-0.248,-0.189,-0.593,0,0,747,0,2324,0,1803,1017,51,1.141,1,2197,0,467.582,20.073,-156.063,-439.063,-38.750,-0.395,-0.117,2.695,1.410,20.023,9.340,1.090,1.292,1.085,1.358,3,NULL,NULL,,3,0,2,7,255,1237,250,0,0
stim,141312,171433,0,171433,3368754.455,-0.736,-0.266,-0.199,-0.590,0,0,594,0,2089,0,1470,908,51,1.141,1,2197,0,488.688,18.603,-177.313,-455.188,-13.438,-0.234,-0.402,2.250,-0.883,18.582,9.340,1.176,1.380,1.085,1.358,3,NULL,NULL,,3,0,2,7,255,1237,250,0,0
stim,141312,171433,0,171433,3368759.454,-0.731,-0.283,-0.209,-0.585,0,0,436,0,1817,0,1017,736,51,1.141,1,2197,0,496.867,15.383,-173.750,-465.375,10.688,-0.043,-0.406,1.578,-3.199,15.047,6.598,1.248,1.456,1.085,1.358,3,NULL,NULL,,3,0,2,7,255,1237,250,0,0
stim,141334,171455,0,171455,3368764.455,-0.726,-0.299,-0.221,-0.579,0,0,281,0,1501,0,493,613,51,1.141,1,2197,0,488.745,10.477,-113.000,-475.188,17.313,0.055,-0.320,1.164,-3.199,9.977,2.254,1.310,1.520,1.085,1.358,3,NULL,NULL,,3,0,2,7,255,1237,250,0,0
stim,141334,171455,0,171455,3368769.454,-0.722,-0.312,-0.235,-0.571,0,0,197,0,1141,0,171,447,51,1.141,1,2197,0,484.485,10.120,-18.438,-482.188,43.375,-0.043,-0.051,1.363,-2.383,9.836,-0.613,1.370,1.584,1.085,1.358,3,NULL,NULL,,3,0,2,7,255,1237,250,0,0
stim,141334,171455,0,171455,3368774.455,-0.719,-0.324,-0.249,-0.561,0,0,113,0,760,0,0,368,51,1.141,1,2197,0,483.357,9.836,19.688,-478.313,66.813,-0.273,0.234,1.922,-0.039,9.836,-0.613,1.440,1.656,1.085,1.358,3,NULL,NULL,,3,0,2,7,255,1237,250,0,0
stim,141334,171455,0,171455,3368779.454,-0.717,-0.338,-0.262,-0.551,0,0,115,0,363,0,0,299,51,1.141,1,2197,0,491.055,16.168,-19.563,-479.625,103.500,-0.543,0.211,2.195,1.129,16.129,-0.703,1.518,1.734,1.085,1.358,3,NULL,NULL,,3,0,2,7,255,1237,250,0,0
stim,141335,171456,0,171456,3368784.456,-0.714,-0.354,-0.273,-0.540,0,0,69,0,22,0,0,145,51,1.141,1,2197,0,518.030,20.246,-83.438,-487.875,152.875,-0.836,0.277,1.957,1.129,20.215,-0.703,1.600,1.820,1.085,1.358,3,NULL,NULL,,3,0,2,7,255,1237,250,0,0
stim,141335,171456,0,171456,3368789.454,-0.710,-0.371,-0.282,-0.527,0,0,30,0,0,0,0,85,51,1.141,1,2197,0,541.534,20.246,-119.875,-496.250,180.625,-1.023,0.504,1.484,1.129,20.215,-5.359,1.684,1.906,1.085,1.358,3,NULL,NULL,,3,0,2,7,255,1237,250,0,0
stim,141335,171456,0,171456,3368794.455,-0.706,-0.389,-0.291,-0.516,0,0,26,0,0,0,0,0,51,1.141,1,2197,0,526.854,18.261,-131.813,-486.750,152.563,-0.883,0.871,1.043,2.090,18.141,-10.855,1.766,1.990,1.085,1.358,4,NULL,NULL,,3,0,2,7,255,1237,250,0,0
stim,141363,171484,0,171484,3368799.454,-0.700,-0.404,-0.300,-0.506,0,0,23,0,0,0,0,0,51,1.141,1,2197,0,489.250,15.313,-131.250,-462.250,92.000,-0.336,1.281,0.879,5.684,14.219,-11.852,1.840,2.064,1.085,1.358,0,NULL,NULL,,3,0,2,7,255,1237,250,0,0
stim,141363,171484,0,171484,3368804.455,-0.694,-0.419,-0.309,-0.498,0,0,27,0,0,0,0,17,51,1.141,1,2197,0,458.942,14.526,-127.625,-436.625,60.813,0.023,1.039,0.961,9.813,10.711,-11.852,1.910,2.136,1.085,1.358,0,NULL,NULL,,3,0,2,7,255,1237,250,0,0
stim,141363,171484,0,171484,3368809.454,-0.687,-0.433,-0.316,-0.489,0,0,29,0,0,0,0,77,51,1.141,1,2197,0,444.644,14.159,-157.000,-406.563,88.125,0.273,0.320,1.230,9.813,10.207,-8.316,1.978,2.204,1.085,1.358,0,NULL,NULL,,3,0,2,7,255,1237,250,0,0
stim,141402,171523,0,171523,3368814.455,-0.682,-0.447,-0.321,-0.483,0,0,39,0,0,0,0,127,51,1.141,1,2197,0,382.807,10.578,-173.438,-331.000,83.063,0.148,-0.402,1.195,3.980,9.801,-3.430,2.044,2.274,1.085,1.358,0,NULL,NULL,,3,0,2,7,255,1237,250,0,0
stim,141402,171523,0,171523,3368819.454,-0.677,-0.458,-0.323,-0.476,0,0,28,0,0,0,0,186,51,1.141,1,2197,0,323.354,10.649,-149.750,-270.625,94.313,-0.195,-0.336,1.156,-3.035,10.207,-3.430,2.114,2.346,1.085,1.358,0,NULL,NULL,,3,0,2,7,255,1237,250,0,0
stim,141402,171523,0,171523,3368824.455,-0.673,-0.468,-0.325,-0.472,0,0,31,0,0,0,0,216,51,1.141,1,2197,0,262.286,11.287,-143.625,-205.563,76.875,-0.441,0.156,1.277,-3.035,10.871,-6.313,2.186,2.420,1.085,1.358,0,NULL,NULL,,3,0,2,7,255,1237,250,0,0
stim,141402,171523,0,171523,3368829.454,-0.668,-0.477,-0.324,-0.471,0,0,37,0,0,0,0,221,51,1.141,1,2197,0,228.282,12.105,-185.625,-126.188,41.625,-0.398,0.266,1.156,0.289,12.102,-9.855,2.246,2.482,1.085,1.358,0,NULL,NULL,,3,0,2,7,255,1237,250,0,0
stim,141402,171523,0,171523,3368834.455,-0.663,-0.485,-0.319,-0.472,0,0,33,0,0,0,0,215,51,1.141,1,2197,0,247.721,12.196,-242.000,-40.250,34.375,-0.234,0.340,0.602,1.512,12.102,-10.441,2.290,2.528,1.085,1.358,0,NULL,NULL,,3,0,2,7,255,1237,250,0,0
stim,141402,171523,0,171523,3368839.454,-0.660,-0.491,-0.312,-0.475,0,0,37,0,0,0,0,197,51,1.141,1,2197,0,245.590,6.945,-236.938,43.188,48.063,-0.207,0.559,-0.133,2.598,6.441,-11.133,2.318,2.556,1.085,1.358,0,NULL,NULL,,3,0,2,7,255,1237,250,0,0
stim,141402,171523,0,171523,3368844.455,-0.659,-0.494,-0.305,-0.478,0,0,35,0,0,0,0,139,51,1.141,1,2197,0,196.960,2.836,-157.000,110.063,45.063,-0.383,0.512,-0.426,2.801,-0.445,-14.004,2.332,2.572,1.085,1.358,0,NULL,NULL,,3,0,2,7,255,1237,250,0,0
stim,141402,171523,0,171523,3368849.454,-0.660,-0.493,-0.298,-0.482,0,0,25,0,0,0,0,119,51,1.141,1,2197,0,178.678,2.836,-77.813,159.938,17.063,-0.438,0.219,-0.184,2.801,-0.445,-14.941,2.336,2.580,1.085,1.358,0,NULL,NULL,,3,0,2,7,255,1237,250,0,0
stim,141402,171523,0,171523,3368854.455,-0.661,-0.491,-0.291,-0.487,0,0,27,0,0,0,0,103,51,1.141,1,2197,0,205.104,0.289,-55.563,196.938,14.000,-0.320,-0.035,0.055,0.180,-0.227,-14.941,2.334,2.578,1.085,1.358,0,NULL,NULL,,3,0,2,7,255,1237,250,0,0
stim,141402,171523,0,171523,3368859.454,-0.663,-0.488,-0.283,-0.492,0,0,22,0,0,0,0,97,51,1.141,1,2197,0,232.456,1.735,-59.188,222.875,29.313,-0.348,-0.137,-0.027,-1.441,0.965,-12.305,2.326,2.574,1.085,1.358,0,NULL,NULL,,3,0,2,7,255,1237,250,0,0
stim,141431,171552,0,171552,3368864.455,-0.666,-0.485,-0.274,-0.497,0,0,23,0,0,0,0,91,51,1.141,1,2197,0,246.246,2.036,-44.750,238.563,41.500,-0.328,-0.027,-0.223,-1.793,0.965,-12.305,2.316,2.564,1.085,1.358,0,NULL,NULL,,3,0,2,7,255,1237,250,0,0
stim,141431,171552,0,171552,3368869.454,-0.670,-0.480,-0.266,-0.501,0,0,25,0,0,0,0,86,51,1.141,1,2197,0,253.312,1.954,-4.688,247.000,56.000,-0.379,0.059,-0.340,-1.793,-0.777,-13.250,2.304,2.554,1.085,1.358,0,NULL,NULL,,3,0,2,7,255,1237,250,0,0
stim,141431,171552,0,171552,3368874.455,-0.675,-0.474,-0.258,-0.504,0,0,20,0,0,0,0,75,51,1.141,1,2197,0,262.913,1.610,37.000,254.063,56.625,-0.398,0.086,-0.273,-1.410,-0.777,-14.441,2.292,2.546,1.085,1.358,0,NULL,NULL,,3,0,2,7,255,1237,250,0,0
stim,141431,171552,0,171552,3368879.454,-0.680,-0.467,-0.251,-0.507,0,0,11,0,0,0,0,53,51,1.141,1,2197,0,274.297,1.376,67.250,258.000,64.438,-0.410,0.105,-0.094,-1.156,-0.746,-14.441,2.286,2.540,1.085,1.358,0,NULL,NULL,,3,0,2,7,255,1237,250,0,0
stim,141458,171579,0,171579,3368884.455,-0.686,-0.459,-0.243,-0.510,0,0,11,0,0,0,0,39,51,1.141,1,2197,0,282.649,1.216,79.625,262.875,66.688,-0.434,0.148,0.027,-0.734,0.969,-13.887,2.282,2.540,1.085,1.358,0,NULL,NULL,,3,0,2,7,255,1237,250,0,0
stim,141458,171579,0,171579,3368889.454,-0.692,-0.451,-0.236,-0.512,0,0,17,0,0,0,0,37,51,1.141,1,2197,0,291.501,2.269,92.063,267.063,71.938,-0.465,0.191,0.160,-0.262,2.254,-13.688,2.288,2.546,1.085,1.358,0,NULL,NULL,,3,0,2,7,255,1237,250,0,0
stim,141458,171579,0,171579,3368894.455,-0.698,-0.442,-0.229,-0.515,0,0,13,0,0,0,0,38,51,1.141,1,2197,0,293.852,3.666,98.438,269.375,64.000,-0.547,0.199,0.242,0.117,3.664,-13.594,2.300,2.562,1.085,1.358,0,NULL,NULL,,3,0,2,7,255,1237,250,0,0
stim,141458,171579,0,171579,3368899.454,-0.703,-0.433,-0.222,-0.518,0,0,18,0,0,0,0,40,51,1.141,1,2197,0,297.694,4.838,105.750,273.063,53.625,-0.551,0.207,0.348,0.238,4.832,-13.426,2.320,2.584,1.085,1.358,0,NULL,NULL,,3,0,2,7,255,1237,250,0,0
stim,141458,171579,0,171579,3368904.455,-0.709,-0.424,-0.215,-0.521,0,0,13,0,0,0,0,37,51,1.141,1,2197,0,298.883,5.841,108.813,274.813,44.375,-0.539,0.145,0.473,0.117,5.840,-12.977,2.346,2.612,1.085,1.358,0,NULL,NULL,,3,0,2,7,255,1237,250,0,0
stim,141458,171579,0,171579,3368909.454,-0.714,-0.415,-0.209,-0.524,0,0,5,0,0,0,0,37,51,1.141,1,2197,0,298.305,6.818,103.938,277.688,32.750,-0.547,0.141,0.586,0.156,6.816,-11.824,2.378,2.644,1.085,1.358,0,NULL,NULL,,3,0,2,7,255,1237,250,0,0
stim,141499,171620,0,171620,3368914.455,-0.719,-0.405,-0.202,-0.528,0,0,11,0,0,0,0,39,51,1.141,1,2197,0,297.814,7.818,98.938,279.813,24.688,-0.535,0.164,0.703,0.156,7.816,-11.090,2.414,2.684,1.085,1.358,0,NULL,NULL,,3,0,2,7,255,1237,250,0,0
stim,141499,171620,0,171620,3368919.455,-0.723,-0.396,-0.195,-0.532,0,0,11,0,0,0,0,36,51,1.141,1,2197,0,295.850,8.736,92.250,281.063,4.563,-0.586,0.098,0.820,0.156,8.734,-10.219,2.456,2.728,1.085,1.358,0,NULL,NULL,,3,0,2,7,255,1237,250,0,0
stim,141499,171620,0,171620,3368924.455,-0.726,-0.387,-0.188,-0.536,0,0,17,0,0,0,0,41,51,1.141,1,2197,0,294.061,9.868,80.500,282.813,-2.938,-0.535,0.172,0.914,0.641,9.848,-9.395,2.502,2.776,1.085,1.358,0,NULL,NULL,,3,0,2,7,255,1237,250,0,0
stim,141499,171620,0,171620,3368929.454,-0.729,-0.378,-0.182,-0.542,0,0,14,0,0,0,0,44,51,1.141,1,2197,0,293.997,10.346,64.188,285.625,-27.063,-0.523,0.113,0.980,0.828,10.313,-8.516,2.550,2.826,1.085,1.358,0,NULL,NULL,,3,0,2,7,255,1237,250,0,0
stim,141499,171620,0,171620,3368934.455,-0.731,-0.369,-0.174,-0.547,0,0,17,0,0,0,0,47,51,1.141,1,2197,0,294.835,10.375,44.188,289.938,-30.188,-0.453,0.141,0.945,1.137,10.313,-7.570,2.598,2.876,1.085,1.358,0,NULL,NULL,,3,0,2,7,255,1237,250,0,0
stim,141499,171620,0,171620,3368939.454,-0.732,-0.361,-0.166,-0.554,0,0,13,0,0,0,0,55,51,1.141,1,2197,0,303.663,9.932,33.625,297.688,-49.625,-0.434,0.117,0.926,1.262,9.852,-7.164,2.646,2.926,1.085,1.358,0,NULL,NULL,,3,0,2,7,255,1237,250,0,0
stim,141526,171647,0,171647,3368944.455,-0.733,-0.352,-0.158,-0.560,0,0,12,0,0,0,0,57,51,1.141,1,2197,0,313.065,9.587,25.563,306.688,-57.438,-0.383,0.125,0.879,1.344,9.492,-6.848,2.694,2.976,1.085,1.358,0,NULL,NULL,,3,0,2,7,255,1237,250,0,0
stim,141526,171647,0,171647,3368949.454,-0.733,-0.343,-0.150,-0.568,0,0,10,0,0,0,0,55,51,1.141,1,2197,0,326.699,8.873,22.063,318.375,-69.875,-0.340,0.145,0.848,1.496,8.746,-6.641,2.738,3.024,1.085,1.358,0,NULL,NULL,,3,0,2,7,255,1237,250,0,0
stim,141526,171647,0,171647,3368954.455,-0.734,-0.333,-0.141,-0.575,0,0,11,0,0,0,0,63,51,1.141,1,2197,0,341.243,8.323,22.938,331.313,-78.438,-0.301,0.156,0.828,1.855,8.113,-6.457,2.782,3.068,1.085,1.358,0,NULL,NULL,,3,0,2,7,255,1237,250,0,0
stim,141526,171647,0,171647,3368959.454,-0.734,-0.323,-0.132,-0.583,0,0,11,0,0,0,0,60,51,1.141,1,2197,0,354.035,7.857,26.688,342.750,-84.563,-0.273,0.129,0.777,1.941,7.613,-6.184,2.822,3.110,1.085,1.358,0,NULL,NULL,,3,0,2,7,255,1237,250,0,0
stim,141526,171647,0,171647,3368964.455,-0.734,-0.313,-0.124,-0.591,0,0,9,0,0,0,0,73,51,1.141,1,2197,0,366.528,7.232,38.063,353.750,-88.063,-0.250,0.121,0.813,2.094,6.922,-6.086,2.856,3.148,1.085,1.358,0,NULL,NULL,,3,0,2,7,255,1237,250,0,0
stim,141526,171647,0,171647,3368969.454,-0.733,-0.301,-0.115,-0.599,0,0,7,0,0,0,0,103,51,1.141,1,2197,0,380.970,7.112,42.438,365.188,-99.875,-0.129,0.184,0.824,2.094,6.797,-5.480,2.886,3.178,1.085,1.358,0,NULL,NULL,,3,0,2,7,255,1237,250,0,0
stim,141543,171664,0,171664,3368974.455,-0.733,-0.289,-0.106,-0.607,0,0,13,0,0,0,0,109,51,1.141,1,2197,0,389.763,6.454,51.250,373.063,-100.563,0.090,0.121,0.711,2.805,5.813,-4.742,2.912,3.206,1.085,1.358,0,NULL,NULL,,3,0,2,7,255,1237,250,0,0
stim,141543,171664,0,171664,3368979.455,-0.732,-0.276,-0.097,-0.615,0,0,16,0,0,0,0,115,51,1.141,1,2197,0,396.788,4.240,74.375,378.938,-91.188,0.160,0.094,0.629,2.805,3.180,-4.289,2.934,3.230,1.085,1.358,0,NULL,NULL,,3,0,2,7,255,1237,250,0,0
stim,141543,171664,0,171664,3368984.455,-0.733,-0.263,-0.089,-0.621,0,0,13,0,0,0,0,119,51,1.141,1,2197,0,397.791,3.438,100.813,377.250,-75.875,0.164,0.184,0.676,2.805,1.988,-4.176,2.952,3.250,1.085,1.358,0,NULL,NULL,,3,0,2,7,255,1237,250,0,0
stim,141543,171664,0,171664,3368989.454,-0.734,-0.248,-0.081,-0.627,0,0,12,0,0,0,0,133,51,1.141,1,2197,0,397.514,3.583,125.000,372.875,-57.938,0.188,0.102,0.809,2.980,1.988,-4.086,2.970,3.268,1.085,1.358,0,NULL,NULL,,3,0,2,7,255,1237,250,0,0
stim,141543,171664,0,171664,3368994.456,-0.735,-0.234,-0.073,-0.632,0,0,11,0,0,0,0,138,51,1.141,1,2197,0,393.480,3.583,137.875,366.438,-39.250,0.227,0.055,0.891,2.980,1.988,-2.531,2.984,3.284,1.085,1.358,0,NULL,NULL,,3,0,2,7,255,1237,250,0,0
stim,141543,171664,0,171664,3368999.454,-0.737,-0.219,-0.066,-0.636,0,0,24,0,0,0,0,137,51,1.141,1,2197,0,391.273,3.494,152.375,359.938,-17.938,0.219,0.113,0.887,2.980,1.824,-1.586,2.998,3.300,1.085,1.358,0,NULL,NULL,,3,0,2,7,255,1237,250,0,0
stim,141543,171664,0,171664,3369004.455,-0.739,-0.203,-0.060,-0.639,0,0,11,0,0,0,0,139,51,1.141,1,2197,0,393.634,3.693,172.000,354.063,1.875,0.195,0.207,0.945,3.211,1.824,-1.449,3.012,3.314,1.085,1.358,0,NULL,NULL,,3,0,2,7,255,1237,250,0,0
stim,141572,171693,0,171693,3369009.454,-0.742,-0.188,-0.054,-0.642,0,0,14,0,0,0,0,139,51,1.141,1,2197,0,399.235,4.466,192.500,349.563,11.750,0.125,0.215,1.102,4.059,1.863,-1.285,3.028,3.332,1.085,1.358,0,NULL,NULL,,3,0,2,7,255,1237,250,0,0
stim,141604,171725,0,171725,3369014.455,-0.744,-0.171,-0.048,-0.644,0,0,11,0,0,0,0,133,51,1.141,1,2197,0,401.247,4.916,204.625,344.625,19.000,0.035,0.176,1.313,4.059,2.773,-0.008,3.046,3.352,1.085,1.358,0,NULL,NULL,,3,0,2,7,255,1237,250,0,0
stim,141604,171725,0,171725,3369019.454,-0.747,-0.155,-0.043,-0.646,0,0,13,0,0,0,0,125,51,1.141,1,2197,0,397.522,5.678,201.563,341.750,24.563,-0.027,0.188,1.508,4.121,3.906,1.891,3.068,3.374,1.085,1.358,0,NULL,NULL,,3,0,2,7,255,1237,250,0,0
stim,141604,171725,0,171725,3369024.455,-0.749,-0.139,-0.037,-0.647,0,0,9,0,0,0,0,126,51,1.141,1,2197,0,389.925,6.236,189.875,339.625,25.375,-0.086,0.211,1.676,4.121,4.680,3.672,3.090,3.398,1.085,1.358,0,NULL,NULL,,3,0,2,7,255,1237,250,0,0
stim,141604,171725,0,171725,3369029.454,-0.751,-0.124,-0.031,-0.648,0,0,10,0,0,0,0,123,51,1.141,1,2197,0,382.152,6.816,177.000,337.938,22.563,-0.152,0.230,1.813,4.352,5.246,5.262,3.112,3.422,1.085,1.358,0,NULL,NULL,,3,0,2,7,255,1237,250,0,0
stim,141604,171725,0,171725,3369034.455,-0.752,-0.109,-0.024,-0.649,0,0,10,0,0,0,0,124,51,1.141,1,2197,0,372.323,7.038,155.375,337.813,19.125,-0.172,0.191,1.910,4.352,5.531,6.590,3.138,3.448,1.085,1.358,0,NULL,NULL,,3,0,2,7,255,1237,250,0,0
stim,141604,171725,0,171725,3369039.454,-0.753,-0.095,-0.017,-0.651,0,0,20,0,0,0,0,123,51,1.141,1,2197,0,362.429,6.840,131.063,337.563,15.125,-0.184,0.184,1.969,4.023,5.531,7.758,3.162,3.476,1.085,1.358,0,NULL,NULL,,3,0,2,7,255,1237,250,0,0
stim,141604,171725,0,171725,3369044.455,-0.754,-0.082,-0.009,-0.652,0,0,20,0,0,0,0,127,51,1.141,1,2197,0,353.302,6.508,106.250,336.813,9.500,-0.195,0.152,1.934,3.898,5.211,8.363,3.188,3.502,1.085,1.358,0,NULL,NULL,,3,0,2,7,255,1237,250,0,0
stim,141604,171725,0,171725,3369049.454,-0.754,-0.070,-0.000,-0.653,0,0,20,0,0,0,0,135,51,1.141,1,2197,0,347.843,5.812,93.250,335.063,5.688,-0.188,0.102,1.883,3.473,4.660,8.363,3.210,3.526,1.085,1.358,0,NULL,NULL,,3,0,2,7,255,1237,250,0,0
stim,141604,171725,0,171725,3369054.456,-0.754,-0.057,0.008,-0.654,0,0,21,0,0,0,0,135,51,1.141,1,2197,0,343.716,4.828,85.875,332.813,1.500,-0.172,0.047,1.867,2.848,3.898,8.148,3.230,3.546,1.085,1.358,0,NULL,NULL,,3,0,2,7,255,1237,250,0,0
stim,141604,171725,0,171725,3369059.454,-0.754,-0.045,0.017,-0.656,0,0,21,0,0,0,0,135,51,1.141,1,2197,0,338.523,3.857,79.188,329.125,-1.938,-0.125,0.047,1.844,2.293,3.102,8.113,3.246,3.564,1.085,1.358,0,NULL,NULL,,3,0,2,7,255,1237,250,0,0
stim,141633,171754,0,171754,3369064.455,-0.753,-0.033,0.025,-0.657,0,0,22,0,0,0,0,134,51,1.141,1,2197,0,333.358,3.109,78.938,323.875,-1.188,-0.070,0.055,1.781,2.277,2.117,8.031,3.258,3.578,1.085,1.358,0,NULL,NULL,,3,0,2,7,255,1237,250,0,0
stim,141633,171754,0,171754,3369069.454,-0.753,-0.021,0.033,-0.657,0,0,23,0,0,0,0,133,51,1.141,1,2197,0,331.067,2.489,90.125,318.563,0.875,-0.031,0.047,1.777,2.266,1.031,7.477,3.264,3.586,1.085,1.358,0,NULL,NULL,,3,0,2,7,255,1237,250,0,0
stim,141633,171754,0,171754,3369074.455,-0.752,-0.008,0.040,-0.658,0,0,17,0,0,0,0,121,51,1.141,1,2197,0,331.881,2.194,104.688,314.938,-0.313,0.016,0.012,1.840,2.188,0.164,7.477,3.264,3.586,1.085,1.358,0,NULL,NULL,,3,0,2,7,255,1237,250,0,0
stim,141633,171754,0,171754,3369079.454,-0.751,0.005,0.047,-0.659,0,0,21,0,0,0,0,118,51,1.141,1,2197,0,333.635,2.059,115.000,313.188,-0.875,0.094,-0.039,1.895,1.871,-0.859,8.086,3.258,3.582,1.085,1.358,0,NULL,NULL,,3,0,2,7,255,1237,250,0,0
stim,141633,171754,0,171754,3369084.455,-0.750,0.018,0.053,-0.659,0,0,20,0,0,0,0,115,51,1.141,1,2197,0,337.376,2.624,125.125,313.313,1.250,0.191,-0.055,1.895,1.406,-2.215,8.461,3.248,3.572,1.085,1.358,0,NULL,NULL,,3,0,2,7,255,1237,250,0,0
stim,141633,171754,0,171754,3369089.454,-0.749,0.031,0.059,-0.659,0,0,13,0,0,0,0,105,51,1.141,1,2197,0,345.994,3.915,144.563,314.313,4.625,0.285,-0.066,1.898,1.234,-3.715,8.461,3.230,3.558,1.085,1.358,0,NULL,NULL,,3,0,2,7,255,1237,250,0,0
stim,141664,171785,0,171785,3369094.455,-0.748,0.046,0.064,-0.659,0,0,10,0,0,0,0,105,51,1.141,1,2197,0,359.521,5.272,171.688,315.813,6.438,0.395,-0.090,1.980,1.078,-5.160,8.461,3.204,3.534,1.085,1.358,0,NULL,NULL,,3,0,2,7,255,1237,250,0,0
stim,141664,171785,0,171785,3369099.454,-0.746,0.061,0.069,-0.659,0,0,11,0,0,0,0,104,51,1.141,1,2197,0,373.970,6.940,197.313,317.625,6.000,0.570,-0.102,2.148,0.797,-6.895,8.781,3.172,3.502,1.085,1.358,0,NULL,NULL,,3,0,2,7,255,1237,250,0,0
stim,141664,171785,0,171785,3369104.455,-0.744,0.078,0.073,-0.659,0,0,13,0,0,0,0,104,51,1.141,1,2197,0,386.135,9.440,214.625,320.938,5.938,0.801,-0.016,2.320,0.797,-9.406,9.879,3.126,3.458,1.085,1.358,0,NULL,NULL,,3,0,2,7,255,1237,250,0,0
stim,141664,171785,0,171785,3369109.454,-0.742,0.094,0.077,-0.659,0,0,8,0,0,0,0,103,51,1.141,1,2197,0,394.535,12.546,224.500,324.250,10.938,1.023,0.090,2.441,1.559,-12.449,10.742,3.074,3.406,1.085,1.358,0,NULL,NULL,,3,0,2,7,255,1237,250,0,0
stim,141703,171824,0,171824,3369114.455,-0.741,0.111,0.081,-0.658,0,0,9,0,0,0,0,95,51,1.141,1,2197,0,400.172,15.557,230.875,326.000,23.625,1.180,0.121,2.543,2.520,-15.352,11.027,3.012,3.344,1.085,1.358,0,NULL,NULL,,3,0,2,7,255,1237,250,0,0
stim,141703,171824,0,171824,3369119.454,-0.739,0.128,0.085,-0.656,0,0,3,0,0,0,0,95,51,1.141,1,2197,0,401.872,17.854,233.250,324.938,38.875,1.262,0.121,2.652,2.520,-17.676,11.148,2.942,3.274,1.085,1.358,0,NULL,NULL,,3,0,2,7,255,1237,250,0,0
stim,141703,171824,0,171824,3369124.455,-0.738,0.145,0.089,-0.653,0,0,5,0,0,0,0,101,51,1.141,1,2197,0,398.123,19.541,229.063,321.938,48.875,1.324,0.121,2.727,2.324,-19.402,11.363,2.862,3.196,1.085,1.358,0,NULL,NULL,,3,0,2,7,255,1237,250,0,0
stim,141703,171824,0,171824,3369129.454,-0.736,0.161,0.092,-0.651,0,0,9,0,0,0,0,106,51,1.141,1,2197,0,386.812,20.960,215.000,317.000,53.938,1.395,0.168,2.730,2.242,-20.840,11.363,2.778,3.110,1.085,1.358,0,NULL,NULL,,3,0,2,7,255,1237,250,0,0
stim,141703,171824,0,171824,3369134.455,-0.735,0.176,0.096,-0.648,0,0,17,0,0,0,0,103,51,1.141,1,2197,0,371.814,22.169,199.000,306.875,66.875,1.422,0.141,2.652,2.051,-22.074,10.602,2.684,3.016,1.085,1.358,0,NULL,NULL,,3,0,2,7,255,1237,250,0,0
stim,141703,171824,0,171824,3369139.454,-0.734,0.191,0.100,-0.644,0,0,9,0,0,0,0,120,51,1.141,1,2197,0,354.185,22.468,181.188,294.000,78.625,1.387,0.086,2.535,1.813,-22.395,9.152,2.584,2.916,1.085,1.358,0,NULL,NULL,,3,0,2,7,255,1237,250,0,0
stim,141703,171824,0,171824,3369144.455,-0.734,0.205,0.104,-0.640,0,0,9,0,0,0,0,151,51,1.141,1,2197,0,335.737,22.633,169.625,278.000,81.625,1.410,0.035,2.418,1.113,-22.605,7.590,2.480,2.810,1.085,1.358,0,NULL,NULL,,3,0,2,7,255,1237,250,0,0
stim,141703,171824,0,171824,3369149.454,-0.733,0.217,0.107,-0.636,0,0,8,0,0,0,0,156,51,1.141,1,2197,0,316.416,22.613,161.625,260.375,78.750,1.586,-0.070,2.309,0.578,-22.605,5.809,2.370,2.698,1.085,1.358,0,NULL,NULL,,3,0,2,7,255,1237,250,0,0
stim,141703,171824,0,171824,3369154.455,-0.732,0.229,0.110,-0.632,0,0,19,0,0,0,0,170,51,1.141,1,2197,0,296.952,24.133,149.063,244.438,78.813,1.793,-0.348,2.109,-0.137,-24.133,3.438,2.256,2.584,1.085,1.358,0,NULL,NULL,,3,0,2,7,255,1237,250,0,0
stim,141703,171824,0,171824,3369159.454,-0.732,0.240,0.113,-0.628,0,0,18,0,0,0,0,197,51,1.141,1,2197,0,281.978,25.690,141.000,227.250,89.375,1.902,-0.676,1.867,-2.348,-25.582,-0.207,2.138,2.466,1.085,1.358,0,NULL,NULL,,3,0,2,7,255,1237,250,0,0
stim,141731,171852,0,171852,3369164.455,-0.732,0.251,0.115,-0.623,0,0,25,0,0,0,0,211,51,1.141,1,2197,0,273.438,26.070,141.813,210.938,100.813,1.941,-0.953,1.570,-5.020,-25.582,-3.918,2.018,2.344,1.085,1.358,0,NULL,NULL,,3,0,2,7,255,1237,250,0,0
stim,141731,171852,0,171852,3369169.454,-0.732,0.263,0.115,-0.618,0,0,21,0,0,0,0,215,51,1.141,1,2197,0,278.715,26.195,172.688,192.438,104.063,1.934,-1.156,1.348,-7.207,-25.184,-7.707,1.890,2.216,1.085,1.358,0,NULL,NULL,,3,0,2,7,255,1237,250,0,0
stim,141731,171852,0,171852,3369174.455,-0.731,0.275,0.114,-0.615,0,0,21,0,0,0,0,241,51,1.141,1,2197,0,289.384,25.380,210.188,174.688,95.125,1.840,-0.988,1.406,-7.426,-24.270,-9.750,1.754,2.080,1.085,1.358,0,NULL,NULL,,3,0,2,7,255,1237,250,0,0
stim,141731,171852,0,171852,3369179.454,-0.728,0.287,0.112,-0.613,0,0,17,0,0,0,0,255,51,1.141,1,2197,0,288.545,25.659,234.688,161.813,44.688,1.797,-0.988,1.859,-8.328,-24.270,-9.750,1.608,1.934,1.085,1.358,0,NULL,NULL,,3,0,2,7,255,1237,250,0,0
stim,141758,171879,0,171879,3369184.455,-0.726,0.296,0.112,-0.610,0,0,24,0,0,0,0,268,51,1.141,1,2197,0,236.060,27.008,183.813,139.750,49.063,2.406,-1.809,2.031,-8.328,-25.691,-9.750,1.456,1.782,1.085,1.358,0,NULL,NULL,,3,0,2,7,255,1237,250,0,0
stim,141758,171879,0,171879,3369189.454,-0.725,0.305,0.110,-0.607,0,0,21,0,0,0,0,285,51,1.141,1,2197,0,214.487,32.521,158.750,121.563,77.625,2.352,-1.539,1.770,-12.105,-30.184,-10.855,1.300,1.624,1.085,1.358,0,NULL,NULL,,3,0,2,7,255,1237,250,0,0
stim,141758,171879,0,171879,3369194.455,-0.724,0.313,0.108,-0.605,0,0,21,0,0,0,0,294,51,1.141,1,2197,0,201.540,32.521,166.750,102.188,48.688,2.305,-1.270,1.691,-12.105,-30.184,-12.492,1.136,1.458,1.085,1.358,0,NULL,NULL,,3,0,2,7,255,1237,250,0,0
stim,141758,171879,0,171879,3369199.454,-0.722,0.320,0.107,-0.604,0,0,23,0,0,0,0,315,51,1.141,1,2197,0,176.772,31.818,157.813,79.000,10.125,2.496,-1.301,1.977,-10.066,-30.184,-12.492,0.964,1.286,1.085,1.358,0,NULL,NULL,,3,0,2,7,255,1237,250,0,0
stim,141758,171879,0,171879,3369204.456,-0.719,0.325,0.106,-0.605,0,0,16,0,1,0,0,317,51,1.141,1,2197,0,126.375,33.747,110.875,56.188,-22.813,2.625,-1.352,2.121,-10.066,-32.211,-11.930,0.790,1.106,1.085,1.358,0,NULL,NULL,,3,0,2,7,255,1237,250,0,0
stim,141758,171879,0,171879,3369209.454,-0.717,0.328,0.105,-0.605,0,0,3,0,0,0,0,329,51,1.141,1,2197,0,74.985,35.568,66.313,27.625,-21.500,2.871,-1.355,2.160,-10.355,-34.027,-11.930,0.620,0.924,1.085,1.358,0,NULL,NULL,,3,0,2,7,255,1237,250,0,0
stim,141799,171920,0,171920,3369214.455,-0.718,0.329,0.104,-0.605,0,0,9,0,0,0,0,347,51,1.141,1,2197,0,44.191,37.610,22.813,-8.250,36.938,3.086,-1.285,2.289,-10.355,-36.156,-13.113,0.464,0.746,1.085,1.358,0,NULL,NULL,,3,0,2,7,255,1237,250,0,0
stim,141799,171920,0,171920,3369219.455,-0.721,0.328,0.102,-0.602,0,0,7,0,0,0,0,345,51,1.141,1,2197,0,98.360,37.578,-12.438,-40.813,88.625,2.344,-1.273,1.973,-10.238,-36.156,-13.113,0.336,0.574,1.085,1.358,0,NULL,NULL,,3,0,2,7,255,1237,250,0,0
stim,141799,171920,0,171920,3369224.455,-0.722,0.326,0.099,-0.602,0,0,7,0,0,0,0,333,51,1.141,1,2197,0,78.518,32.330,-0.375,-70.563,34.438,1.750,-0.883,1.770,-9.398,-30.934,-11.359,0.278,0.412,1.085,1.358,0,NULL,NULL,,3,0,2,7,255,1237,250,0,0
stim,141799,171920,0,171920,3369229.454,-0.722,0.324,0.096,-0.604,0,0,2,0,0,0,0,379,51,1.141,1,2197,0,101.272,27.167,14.563,-96.938,-25.438,1.762,-0.441,2.047,-7.668,-26.063,-8.344,0.304,0.276,1.085,1.358,0,NULL,NULL,,3,0,2,7,255,1237,250,0,0
stim,141799,171920,0,171920,3369234.455,-0.722,0.321,0.091,-0.606,28,0,1,299,0,10,0,583,51,1.141,1,2197,0,142.457,26.131,37.500,-137.313,5.750,0.875,-0.977,3.063,-7.668,-24.980,-4.688,0.362,0.196,1.085,1.358,0,NULL,NULL,,3,0,2,7,255,1237,250,0,0
stim,141799,171920,0,171920,3369239.454,-0.730,0.328,0.067,-0.595,648,0,0,1006,0,133,0,568,51,1.141,1,2197,0,643.855,27.296,359.125,-250.000,472.313,-0.879,0.785,5.996,-10.984,-24.988,6.191,0.408,0.180,1.085,1.358,0,NULL,NULL,,3,0,2,7,255,1237,250,0,0
stim,141826,171947,0,171947,3369244.455,-0.750,0.311,0.068,-0.579,1211,0,0,1501,0,472,0,619,51,1.141,1,2197,0,714.768,27.289,-488.063,-146.625,501.188,-1.656,3.434,4.727,-10.984,-24.980,43.594,0.424,0.212,1.085,1.358,0,NULL,NULL,,3,0,2,7,255,1237,250,0,0
stim,141826,171947,0,171947,3369249.454,-0.767,0.281,0.083,-0.572,1677,0,0,1807,0,623,0,679,51,1.141,1,2197,0,871.505,16.450,-843.000,-116.313,188.000,-2.395,2.809,0.625,15.074,-6.586,43.594,0.428,0.268,1.085,1.358,0,NULL,NULL,,3,0,2,7,255,1237,250,0,0
stim,141826,171947,0,171947,3369254.455,-0.775,0.259,0.094,-0.569,2005,0,0,1932,0,823,0,729,51,1.141,1,2198,0,586.764,26.579,-578.313,-93.563,33.063,-2.473,2.254,-1.633,15.074,21.891,14.379,0.444,0.318,1.085,1.358,1,1202.000,-35.000,,3,0,2,7,255,1237,250,0,0
stim,141826,171947,0,171947,3369259.454,-0.775,0.249,0.097,-0.573,2166,0,0,2041,0,979,0,803,51,1.141,1,2198,0,256.137,26.197,-213.125,-106.250,-94.313,-0.992,1.508,-1.215,14.391,21.891,-6.938,0.474,0.360,1.085,1.358,1,NULL,NULL,,3,0,2,7,255,1237,250,0,0
stim,141826,171947,0,171947,3369264.455,-0.774,0.246,0.093,-0.576,2355,0,0,2171,0,1126,0,869,51,1.141,1,2198,0,128.576,21.117,13.688,-111.875,-61.875,0.289,0.465,0.945,11.910,17.438,-6.938,0.498,0.394,1.085,1.358,1,NULL,NULL,,3,0,2,7,255,1237,250,0,0
stim,141826,171947,0,171947,3369269.454,-0.778,0.240,0.090,-0.574,2525,0,0,2378,0,1221,0,901,51,1.141,1,2198,0,177.546,11.635,-87.750,-122.563,93.813,0.426,1.133,1.602,10.047,-5.867,-1.836,0.498,0.416,1.085,1.358,1,NULL,NULL,,3,0,2,7,255,1237,250,0,0
stim,141849,171970,0,171970,3369274.455,-0.786,0.230,0.088,-0.567,2650,0,0,2547,0,1211,0,949,51,1.141,1,2198,0,349.968,7.141,-221.500,-156.938,220.875,-1.188,0.648,1.023,4.070,-5.867,4.906,0.472,0.424,1.085,1.358,2,NULL,NULL,,3,0,2,7,255,1237,250,0,0
stim,141849,171970,0,171970,3369279.454,-0.794,0.214,0.089,-0.562,2745,0,0,2661,0,1213,0,1022,51,1.141,1,2198,0,415.191,7.048,-343.688,-181.813,145.625,-2.363,-0.688,0.488,0.945,6.984,4.906,0.428,0.422,1.085,1.358,2,NULL,NULL,,3,0,2,7,255,1237,250,0,0
stim,141849,171970,0,171970,3369284.455,-0.796,0.199,0.090,-0.565,2810,0,0,2743,0,1207,0,1135,51,1.141,1,2198,0,362.527,21.627,-297.000,-189.688,-85.063,-2.133,-0.871,-0.461,-14.883,15.691,1.926,0.388,0.418,1.085,1.358,2,NULL,NULL,,3,0,2,7,255,1237,250,0,0
stim,141849,171970,0,171970,3369289.454,-0.793,0.189,0.088,-0.573,2895,0,0,2840,0,1200,0,1239,51,1.141,1,2198,0,313.066,21.627,-128.563,-202.313,-201.375,-0.578,-0.633,-0.309,-14.883,15.691,-7.801,0.366,0.398,1.085,1.358,2,NULL,NULL,,3,0,2,7,255,1237,250,0,0
stim,141849,171970,0,171970,3369294.455,-0.789,0.184,0.082,-0.581,2927,0,0,2903,0,1225,0,1309,51,1.141,1,2198,0,271.048,8.779,16.750,-197.563,-184.813,0.527,-0.871,0.969,-7.641,4.324,-7.801,0.354,0.366,1.085,1.358,2,NULL,NULL,,3,0,2,7,255,1237,250,0,0
stim,141849,171970,0,171970,3369299.454,-0.787,0.179,0.076,-0.585,2969,0,0,2951,0,1241,0,1384,51,1.141,1,2198,0,199.252,13.011,19.688,-173.000,-96.875,1.145,-1.074,1.816,-7.641,-10.531,-4.215,0.350,0.324,1.085,1.358,2,NULL,NULL,,3,0,2,7,255,1237,250,0,0
stim,141874,171995,0,171995,3369304.455,-0.788,0.174,0.072,-0.586,3004,0,0,3007,0,1302,0,1415,51,1.141,1,2198,0,164.965,20.846,-42.750,-159.125,8.063,1.266,-1.172,1.922,-7.789,-19.336,1.289,0.346,0.280,1.085,1.358,2,NULL,NULL,,3,0,2,7,255,1237,250,0,0
stim,141874,171995,0,171995,3369309.454,-0.792,0.166,0.069,-0.583,3031,0,0,3045,0,1399,0,1427,51,1.141,1,2198,0,218.193,21.080,-124.125,-140.750,111.313,0.867,-1.164,1.590,-8.395,-19.336,1.289,0.338,0.240,1.085,1.358,2,NULL,NULL,,3,0,2,7,255,1237,250,0,0
stim,141904,172025,0,172025,3369314.455,-0.798,0.159,0.067,-0.577,3036,0,0,3069,0,1497,0,1443,51,1.141,1,2198,0,265.152,18.155,-147.938,-129.625,177.813,0.137,-0.883,0.836,-8.395,-16.098,0.504,0.326,0.208,1.085,1.358,2,NULL,NULL,,3,0,2,7,255,1237,250,0,0
stim,141904,172025,0,172025,3369319.454,-0.804,0.152,0.064,-0.571,3049,0,0,3095,0,1588,0,1489,51,1.141,1,2198,0,245.832,10.422,-106.000,-134.250,176.563,-0.648,-0.422,0.551,-8.188,-6.449,-3.508,0.318,0.190,1.085,1.358,2,NULL,NULL,,3,0,2,7,255,1237,250,0,0
stim,141904,172025,0,172025,3369324.457,-0.807,0.148,0.060,-0.568,3053,0,0,3100,0,1711,0,1532,51,1.141,1,2198,0,176.263,6.921,-48.688,-134.688,102.750,-0.820,-0.059,0.828,-6.371,2.703,-3.508,0.318,0.176,1.085,1.358,2,NULL,NULL,,3,0,2,7,255,1237,250,0,0
stim,141904,172025,0,172025,3369329.454,-0.809,0.144,0.056,-0.567,3061,0,0,3116,0,1831,0,1600,51,1.141,1,2198,0,142.703,4.610,-27.375,-133.188,43.313,-0.383,0.234,1.160,-3.734,2.703,-0.023,0.324,0.162,1.085,1.358,2,NULL,NULL,,3,0,2,7,255,1237,250,0,0
stim,141904,172025,0,172025,3369334.455,-0.810,0.139,0.052,-0.567,3063,0,0,3127,0,1919,12,1677,51,1.141,1,2198,0,132.665,0.852,-37.375,-124.188,27.938,-0.023,0.488,1.406,0.258,0.813,2.352,0.332,0.150,1.085,1.358,2,NULL,NULL,,3,0,2,7,255,1237,250,0,0
stim,141904,172025,0,172025,3369339.454,-0.812,0.134,0.050,-0.566,3087,0,0,3147,13,2008,21,1725,51,1.141,1,2198,0,137.958,3.758,-71.500,-114.188,29.688,0.031,0.402,1.426,3.129,-2.082,4.105,0.340,0.140,1.085,1.358,2,NULL,NULL,,3,0,2,7,255,1237,250,0,0
stim,141904,172025,0,172025,3369344.455,-0.813,0.128,0.049,-0.566,3087,0,0,3147,94,2093,58,1805,51,1.141,1,2198,0,146.381,4.077,-103.938,-101.250,19.313,-0.043,0.051,1.250,3.129,-2.613,4.105,0.350,0.130,1.085,1.358,2,NULL,NULL,,3,0,2,7,255,1237,250,0,0
stim,141904,172025,0,172025,3369349.454,-0.814,0.121,0.048,-0.566,3093,0,0,3145,357,2183,123,1909,51,1.141,1,2198,0,145.791,2.751,-112.938,-92.125,3.625,-0.035,-0.328,0.977,-0.219,-2.742,2.188,0.370,0.114,1.085,1.358,2,NULL,NULL,,3,0,2,7,255,1237,250,0,0
stim,141904,172025,0,172025,3369354.455,-0.815,0.117,0.047,-0.566,3093,0,0,3151,505,2227,204,2013,51,1.141,1,2198,0,111.657,4.715,-78.000,-79.813,-3.625,0.105,-0.426,1.063,-3.492,-3.168,-0.355,0.390,0.094,1.085,1.358,2,NULL,NULL,,3,0,2,7,255,1237,250,0,0
stim,141904,172025,0,172025,3369359.454,-0.814,0.114,0.047,-0.567,3103,0,0,3159,711,2272,205,2076,51,1.141,1,2198,0,65.423,5.975,-36.938,-44.688,-30.313,0.195,-0.156,1.352,-3.492,-4.848,-0.355,0.410,0.076,1.085,1.358,2,NULL,NULL,,3,0,2,7,255,1237,250,0,0
stim,141934,172055,0,172055,3369364.455,-0.814,0.112,0.046,-0.568,3095,0,0,3162,875,2309,232,2128,51,1.141,1,2198,0,57.468,4.986,-35.000,-37.438,-26.000,0.430,0.496,1.047,-1.168,-4.848,-0.199,0.424,0.064,1.085,1.358,2,NULL,NULL,,3,0,2,7,255,1237,250,0,0
stim,141934,172055,0,172055,3369369.455,-0.814,0.111,0.045,-0.568,3099,0,0,3164,988,2334,268,2171,51,1.141,1,2198,0,28.856,7.305,-1.250,-27.063,9.938,0.324,0.605,1.211,5.699,-4.570,1.711,0.432,0.060,1.085,1.358,2,NULL,NULL,,3,0,2,7,255,1237,250,0,0
stim,141934,172055,0,172055,3369374.455,-0.815,0.109,0.046,-0.567,3099,0,0,3165,1093,2357,279,2227,51,1.141,1,2198,0,60.213,6.740,-46.063,-14.875,35.813,-0.250,0.051,1.512,5.699,-3.598,1.711,0.436,0.058,1.085,1.358,2,NULL,NULL,,3,0,2,7,255,1237,250,0,0
stim,141934,172055,0,172055,3369379.454,-0.816,0.105,0.048,-0.567,3101,21,0,3165,1174,2393,281,2277,51,1.141,1,2198,0,102.208,1.200,-101.063,-14.563,-4.563,-0.574,0.121,1.113,-0.777,-0.914,2.070,0.444,0.054,1.085,1.358,2,NULL,NULL,,3,0,2,7,255,1237,250,0,0
stim,141934,172055,0,172055,3369384.455,-0.814,0.102,0.049,-0.569,3099,28,0,3161,1259,2403,285,2311,51,1.141,1,2198,0,105.790,2.626,-74.313,-13.563,-74.063,-0.352,0.258,0.691,-0.777,2.508,2.070,0.454,0.048,1.085,1.358,2,NULL,NULL,,3,0,2,7,255,1237,250,0,0
stim,141934,172055,0,172055,3369389.454,-0.812,0.101,0.050,-0.573,3100,53,0,3165,1334,2409,299,2341,51,1.141,1,2198,0,104.365,2.724,-22.063,-15.563,-100.813,0.074,0.113,0.863,1.063,2.508,-1.609,0.462,0.042,1.085,1.358,2,NULL,NULL,,3,0,2,7,255,1237,250,0,0
stim,141963,172084,0,172084,3369394.455,-0.810,0.100,0.050,-0.575,3110,63,0,3167,1417,2437,313,2375,51,1.141,1,2198,0,69.730,2.386,-18.000,-12.875,-66.125,0.254,-0.035,1.160,1.063,-2.137,-1.609,0.470,0.038,1.085,1.358,2,NULL,NULL,,3,0,2,7,255,1237,250,0,0
stim,141963,172084,0,172084,3369399.455,-0.810,0.097,0.051,-0.576,3113,77,0,3183,1496,2458,325,2405,51,1.141,1,2198,0,56.641,3.396,-51.688,-7.250,-22.000,0.082,-0.051,1.191,0.379,-3.375,0.809,0.476,0.034,1.085,1.358,2,NULL,NULL,,3,0,2,7,255,1237,250,0,0
stim,141963,172084,0,172084,3369404.455,-0.810,0.095,0.053,-0.576,3107,103,0,3175,1560,2457,341,2425,51,1.141,1,2198,0,71.742,3.377,-70.250,-4.188,-13.938,-0.176,0.051,0.949,-0.125,-3.375,0.809,0.482,0.032,1.085,1.358,2,NULL,NULL,,3,0,2,7,255,1237,250,0,0
stim,141963,172084,0,172084,3369409.454,-0.810,0.093,0.054,-0.577,3109,121,0,3176,1597,2471,339,2455,51,1.141,1,2198,0,60.712,0.270,-50.313,-3.938,-33.750,-0.195,0.055,0.828,-0.141,-0.230,-0.336,0.490,0.026,1.085,1.358,2,NULL,NULL,,3,0,2,7,255,1237,250,0,0
stim,142009,172130,0,172130,3369414.455,-0.809,0.091,0.055,-0.579,3113,143,0,3187,1643,2485,355,2472,51,1.141,1,2198,0,51.452,0.270,-24.688,-5.938,-44.750,-0.074,-0.008,0.914,-0.141,-0.230,-0.918,0.496,0.022,1.085,1.358,2,NULL,NULL,,3,0,2,7,255,1237,250,0,0
stim,142009,172130,0,172130,3369419.454,-0.808,0.090,0.055,-0.580,3111,167,0,3180,1691,2491,365,2477,51,1.141,1,2198,0,39.953,1.242,-16.688,-5.125,-35.938,0.012,0.012,1.043,-0.141,-1.234,-0.918,0.504,0.016,1.085,1.358,2,NULL,NULL,,3,0,2,7,255,1237,250,0,0
stim,142009,172130,0,172130,3369424.455,-0.807,0.089,0.055,-0.581,3125,197,10,3189,1721,2505,373,2489,51,1.141,1,2198,0,30.489,1.901,-23.563,-2.938,-19.125,-0.020,0.043,1.094,0.199,-1.891,0.172,0.510,0.010,1.085,1.358,2,NULL,NULL,,3,0,2,7,255,1237,250,0,0
stim,142009,172130,0,172130,3369429.454,-0.807,0.088,0.056,-0.581,3127,222,34,3187,1755,2519,374,2505,51,1.141,1,2198,0,32.727,1.925,-30.375,-1.188,-12.125,-0.121,0.070,1.059,0.363,-1.891,0.602,0.516,0.006,1.085,1.358,2,NULL,NULL,,3,0,2,7,255,1237,250,0,0
stim,142009,172130,0,172130,3369434.455,-0.807,0.087,0.057,-0.582,3113,227,42,3191,1765,2520,377,2513,51,1.141,1,2198,0,34.260,0.862,-29.563,0.250,-17.313,-0.168,0.031,1.012,0.363,-0.781,0.602,0.520,0.000,1.085,1.358,2,NULL,NULL,,3,0,2,7,255,1237,250,0,0
stim,142009,172130,0,172130,3369439.454,-0.806,0.086,0.057,-0.582,3125,234,75,3193,1785,2531,381,2507,51,1.141,1,2198,0,33.191,0.793,-23.563,0.250,-23.375,-0.141,-0.051,0.977,-0.137,-0.781,0.230,0.000,0.000,1.085,1.358,2,NULL,NULL,,3,0,2,7,255,1237,250,0,0
stim,142009,172130,0,172130,3369444.455,-0.806,0.085,0.058,-0.583,3113,243,119,3183,1811,2533,376,2507,51,1.175,1,2198,1,26.327,1.114,-15.625,0.250,-21.188,-0.094,-0.113,0.961,-0.766,-0.809,-0.168,0.000,0.000,1.098,1.404,2,NULL,NULL,,3,0,2,7,255,1237,250,0,0
stim,142009,172130,0,172130,3369449.454,-0.806,0.085,0.058,-0.583,3111,234,141,3189,1824,2539,374,2513,51,1.175,1,2198,1,16.236,1.838,-11.125,-0.563,-11.813,-0.098,-0.145,0.965,-1.188,-1.402,-0.414,0.006,0.004,1.098,1.404,2,NULL,NULL,,3,0,2,7,255,1237,250,0,0
stim,142009,172130,0,172130,3369454.455,-0.806,0.084,0.058,-0.584,3119,231,173,3187,1849,2529,375,2515,51,1.175,1,2198,1,10.005,2.045,-8.438,-1.625,-5.125,-0.164,-0.125,0.953,-1.488,-1.402,-0.414,0.010,0.010,1.098,1.404,2,NULL,NULL,,3,0,2,7,255,1237,250,0,0
stim,142009,172130,0,172130,3369459.454,-0.805,0.084,0.058,-0.584,3117,225,203,3197,1851,2531,363,2521,51,1.175,1,2198,1,8.227,1.677,-3.313,-2.438,-7.125,-0.199,-0.090,0.953,-1.488,-0.773,-0.398,0.016,0.014,1.098,1.404,2,NULL,NULL,,3,0,2,7,255,1237,250,0,0
stim,142031,172152,0,172152,3369464.455,-0.805,0.083,0.058,-0.584,3103,225,227,3183,1865,2531,363,2515,51,1.175,1,2198,1,11.192,1.422,2.313,-3.313,-10.438,-0.164,-0.074,0.969,-1.285,-0.609,-0.328,0.022,0.018,1.098,1.404,2,NULL,NULL,,3,0,2,7,255,1237,250,0,0
stim,142031,172152,0,172152,3369469.454,-0.805,0.083,0.058,-0.585,3100,223,246,3189,1869,2523,359,2519,51,1.175,1,2198,1,10.096,1.194,4.625,-4.188,-7.938,-0.133,-0.063,0.992,-1.027,-0.609,-0.219,0.026,0.022,1.098,1.404,2,NULL,NULL,,3,0,2,7,255,1237,250,0,0
stim,142031,172152,0,172152,3369474.455,-0.805,0.083,0.058,-0.585,3095,205,254,3185,1873,2523,355,2516,51,1.175,1,2198,1,6.647,1.146,3.688,-4.563,-3.125,-0.137,-0.039,0.992,-0.820,-0.801,-0.035,0.030,0.026,1.098,1.404,2,NULL,NULL,,3,0,2,7,255,1237,250,0,0
stim,142031,172152,0,172152,3369479.454,-0.805,0.083,0.058,-0.585,3096,198,261,3173,1871,2523,348,2517,51,1.175,1,2198,1,6.037,1.009,3.438,-4.750,-1.438,-0.156,-0.020,0.980,-0.613,-0.801,-0.035,0.036,0.030,1.098,1.404,2,NULL,NULL,,3,0,2,7,255,1237,250,0,0
stim,142061,172182,0,172182,3369484.455,-0.805,0.083,0.057,-0.585,3087,191,273,3177,1869,2515,324,2519,51,1.175,1,2198,1,7.511,0.763,4.875,-4.938,-2.875,-0.160,-0.020,0.977,-0.523,-0.555,-0.098,0.038,0.032,1.098,1.404,2,NULL,NULL,,3,0,2,7,255,1237,250,0,0
stim,142061,172182,0,172182,3369489.454,-0.805,0.083,0.057,-0.585,3101,181,277,3167,1867,2522,317,2518,51,1.175,1,2198,1,9.955,0.742,7.188,-5.563,-4.063,-0.145,0.004,0.977,-0.492,-0.555,-0.137,0.040,0.034,1.098,1.404,2,NULL,NULL,,3,0,2,7,255,1237,250,0,0
stim,142061,172182,0,172182,3369494.455,-0.805,0.083,0.056,-0.585,3081,171,275,3157,1869,2510,310,2519,51,1.175,1,2198,1,11.777,0.622,9.750,-5.750,-3.250,-0.129,0.043,0.996,-0.266,-0.563,-0.137,0.042,0.034,1.098,1.404,2,NULL,NULL,,3,0,2,7,255,1237,250,0,0
stim,142061,172182,0,172182,3369499.454,-0.804,0.083,0.056,-0.585,3091,168,281,3155,1863,2504,306,2523,51,1.175,1,2198,1,10.366,0.580,8.688,-5.500,-1.313,-0.133,0.063,1.023,0.141,-0.563,0.020,0.042,0.036,1.098,1.404,2,NULL,NULL,,3,0,2,7,255,1237,250,0,0
stim,142061,172182,0,172182,3369504.455,-0.804,0.083,0.056,-0.585,3087,160,282,3155,1870,2509,304,2521,51,1.175,1,2198,1,7.495,0.647,5.250,-5.313,-0.625,-0.152,0.074,1.020,0.320,-0.563,0.293,0.042,0.036,1.098,1.404,2,NULL,NULL,,3,0,2,7,255,1237,250,0,0
stim,142061,172182,0,172182,3369509.454,-0.804,0.083,0.055,-0.586,3061,155,283,3134,1867,2502,299,2520,51,1.175,1,2198,1,6.656,0.481,3.625,-5.188,-2.063,-0.164,0.070,1.000,0.320,-0.359,0.293,0.040,0.034,1.098,1.404,2,NULL,NULL,,3,0,2,7,255,1237,250,0,0
stim,142100,172221,0,172221,3369514.455,-0.804,0.083,0.055,-0.586,3052,140,301,3127,1863,2494,301,2523,51,1.175,1,2198,1,8.376,0.376,4.750,-5.750,-3.813,-0.164,0.059,0.992,0.297,-0.230,0.129,0.038,0.034,1.098,1.404,2,NULL,NULL,,3,0,2,7,255,1237,250,0,0
stim,142100,172221,0,172221,3369519.454,-0.804,0.084,0.054,-0.586,3053,147,308,3124,1862,2489,309,2521,51,1.175,1,2198,1,9.712,0.343,6.000,-6.125,-4.563,-0.156,0.066,1.000,0.254,-0.230,0.105,0.036,0.032,1.098,1.404,2,NULL,NULL,,3,0,2,7,255,1237,250,0,0
stim,142126,172247,0,172247,3369524.455,-0.804,0.084,0.054,-0.586,3045,144,318,3103,1869,2477,317,2533,51,1.175,1,2198,1,9.964,0.343,5.813,-7.000,-4.063,-0.172,0.090,1.004,0.254,-0.230,0.105,0.034,0.030,1.098,1.404,2,NULL,NULL,,3,0,2,7,255,1237,250,0,0
stim,142126,172247,0,172247,3369529.454,-0.804,0.084,0.054,-0.586,3033,149,331,3111,1883,2476,327,2531,51,1.175,1,2198,1,10.004,0.442,4.250,-8.500,-3.125,-0.191,0.113,1.012,0.434,-0.086,0.199,0.032,0.026,1.098,1.404,2,NULL,NULL,,3,0,2,7,255,1237,250,0,0
stim,142126,172247,0,172247,3369534.455,-0.804,0.084,0.053,-0.586,3015,147,363,3084,1915,2485,329,2537,51,1.175,1,2198,1,11.566,0.575,3.000,-9.500,-5.875,-0.215,0.164,1.020,0.551,0.164,0.309,0.030,0.024,1.098,1.404,2,NULL,NULL,,3,0,2,7,255,1237,250,0,0
stim,142126,172247,0,172247,3369539.454,-0.804,0.083,0.053,-0.587,3005,155,426,3067,1945,2477,360,2543,51,1.175,1,2198,1,15.705,1.004,2.000,-10.438,-11.563,-0.184,0.203,1.031,0.949,0.328,0.457,0.028,0.020,1.098,1.404,2,NULL,NULL,,3,0,2,7,255,1237,250,0,0
stim,142126,172247,0,172247,3369544.455,-0.803,0.083,0.052,-0.587,2991,160,483,3055,1975,2477,376,2549,51,1.175,1,2198,1,16.511,1.448,0.063,-11.000,-12.313,-0.129,0.203,1.047,1.410,0.328,0.543,0.028,0.020,1.098,1.404,2,NULL,NULL,,3,0,2,7,255,1237,250,0,0
stim,142126,172247,0,172247,3369549.454,-0.803,0.083,0.052,-0.588,2968,175,535,3050,2008,2485,405,2575,51,1.175,1,2198,1,14.392,1.424,-5.125,-11.875,-6.313,-0.125,0.168,1.047,1.410,-0.199,0.555,0.028,0.020,1.098,1.404,2,NULL,NULL,,3,0,2,7,255,1237,250,0,0
stim,142126,172247,0,172247,3369554.455,-0.803,0.082,0.051,-0.588,2963,191,650,3041,2024,2475,440,2577,51,1.175,1,2198,1,15.673,1.262,-8.938,-12.063,-4.500,-0.180,0.172,1.035,1.246,-0.199,0.555,0.030,0.024,1.098,1.404,2,NULL,NULL,,3,0,2,7,255,1237,250,0,0
stim,142126,172247,0,172247,3369559.454,-0.803,0.082,0.051,-0.588,2950,204,687,3029,2073,2473,483,2587,51,1.175,1,2198,1,18.751,1.269,-8.938,-11.688,-11.625,-0.184,0.191,1.020,1.246,0.238,0.531,0.034,0.026,1.098,1.404,2,NULL,NULL,,3,0,2,7,255,1237,250,0,0
stim,142126,172247,0,172247,3369564.455,-0.803,0.081,0.051,-0.589,2923,234,744,3027,2103,2485,536,2604,51,1.175,1,2198,1,21.964,1.192,-8.000,-11.188,-17.125,-0.121,0.156,1.016,1.168,0.238,0.422,0.036,0.028,1.098,1.404,2,NULL,NULL,,3,0,2,7,255,1237,250,0,0
stim,142126,172247,0,172247,3369569.454,-0.802,0.081,0.051,-0.589,2901,255,791,3007,2157,2489,569,2611,51,1.175,1,2198,1,20.712,1.202,-10.250,-10.313,-14.750,-0.090,0.102,1.016,1.168,-0.285,0.230,0.038,0.032,1.098,1.404,2,NULL,NULL,,3,0,2,7,255,1237,250,0,0
stim,142144,172265,0,172265,3369574.455,-0.802,0.080,0.051,-0.590,2889,255,893,3002,2202,2483,591,2628,51,1.175,1,2198,1,20.158,0.978,-12.625,-9.188,-12.750,-0.105,0.070,0.992,0.762,-0.613,0.164,0.040,0.032,1.098,1.404,2,NULL,NULL,,3,0,2,7,255,1237,250,0,0
stim,142144,172265,0,172265,3369579.454,-0.802,0.079,0.051,-0.590,2869,271,984,2997,2239,2483,665,2641,51,1.175,1,2198,1,21.011,0.738,-12.000,-7.938,-15.313,-0.125,0.012,0.961,0.410,-0.613,-0.047,0.042,0.034,1.098,1.404,2,NULL,NULL,,3,0,2,7,255,1237,250,0,0
stim,142144,172265,0,172265,3369584.455,-0.801,0.078,0.051,-0.591,2855,279,1075,2981,2273,2477,739,2639,51,1.175,1,2198,1,21.216,0.637,-9.813,-7.500,-17.250,-0.121,-0.039,0.945,-0.172,-0.613,-0.313,0.042,0.034,1.098,1.404,2,NULL,NULL,,3,0,2,7,255,1237,250,0,0
stim,142144,172265,0,172265,3369589.454,-0.801,0.078,0.051,-0.591,2843,285,1157,2981,2313,2485,809,2651,51,1.175,1,2198,1,19.644,0.956,-7.500,-7.438,-16.563,-0.117,-0.070,0.938,-0.648,-0.703,-0.508,0.042,0.034,1.098,1.404,2,NULL,NULL,,3,0,2,7,255,1237,250,0,0
stim,142144,172265,0,172265,3369594.456,-0.801,0.077,0.051,-0.592,2815,296,1223,2968,2329,2487,917,2663,51,1.175,1,2198,1,16.760,1.104,-4.188,-8.313,-13.938,-0.137,-0.059,0.938,-0.852,-0.703,-0.570,0.042,0.034,1.098,1.404,2,NULL,NULL,,3,0,2,7,255,1237,250,0,0
stim,142144,172265,0,172265,3369599.454,-0.800,0.077,0.050,-0.592,2795,307,1277,2955,2359,2485,1001,2667,51,1.175,1,2198,1,16.793,1.021,-1.750,-8.813,-14.188,-0.176,-0.012,0.957,-0.852,-0.563,-0.570,0.042,0.034,1.098,1.404,2,NULL,NULL,,3,0,2,7,255,1237,250,0,0
stim,142181,172302,0,172302,3369604.455,-0.800,0.076,0.050,-0.593,2780,339,1413,2939,2383,2489,1116,2679,51,1.175,1,2198,1,19.890,0.540,-2.000,-10.438,-16.813,-0.195,0.020,0.980,-0.527,-0.117,-0.297,0.042,0.034,1.098,1.404,2,NULL,NULL,,3,0,2,7,255,1237,250,0,0
stim,142181,172302,0,172302,3369609.455,-0.800,0.076,0.050,-0.594,2760,343,1491,2927,2415,2487,1196,2687,51,1.175,1,2198,1,24.012,0.309,-4.313,-11.625,-20.563,-0.199,0.031,0.996,-0.273,0.145,-0.004,0.044,0.034,1.098,1.404,2,NULL,NULL,,3,0,2,7,255,1237,250,0,0
stim,142211,172332,0,172332,3369614.455,-0.799,0.075,0.050,-0.595,2735,364,1615,2909,2453,2491,1309,2701,51,1.175,1,2198,1,27.651,0.228,-6.250,-12.938,-23.625,-0.188,0.039,0.996,-0.176,0.145,0.129,0.046,0.032,1.098,1.404,2,NULL,NULL,,3,0,2,7,255,1237,250,0,0
stim,142211,172332,0,172332,3369619.454,-0.798,0.075,0.049,-0.595,2705,383,1721,2899,2490,2496,1413,2713,51,1.175,1,2198,1,30.197,0.131,-7.625,-14.375,-25.438,-0.180,0.043,1.000,-0.066,0.113,0.137,0.048,0.032,1.098,1.404,2,NULL,NULL,,3,0,2,7,255,1237,250,0,0
stim,142211,172332,0,172332,3369624.457,-0.798,0.074,0.049,-0.596,2664,410,1802,2875,2517,2511,1482,2739,51,1.175,1,2198,1,32.009,0.035,-8.375,-15.563,-26.688,-0.172,0.043,1.004,0.000,0.035,0.156,0.052,0.030,1.098,1.404,2,NULL,NULL,,3,0,2,7,255,1237,250,0,0
stim,142211,172332,0,172332,3369629.454,-0.797,0.073,0.049,-0.597,2635,422,1893,2870,2553,2509,1600,2745,51,1.175,1,2198,1,34.510,0.056,-9.938,-16.188,-28.813,-0.168,0.055,1.020,0.055,-0.012,0.191,0.056,0.030,1.098,1.404,2,NULL,NULL,,3,0,2,7,255,1237,250,0,0
stim,142211,172332,0,172332,3369634.455,-0.796,0.072,0.049,-0.599,2591,447,1967,2845,2585,2509,1683,2750,51,1.175,1,2198,1,39.434,0.180,-12.125,-15.875,-34.000,-0.164,0.082,1.020,0.180,-0.012,0.309,0.058,0.028,1.098,1.404,2,NULL,NULL,,3,0,2,7,255,1237,250,0,0
stim,142211,172332,0,172332,3369639.454,-0.795,0.071,0.048,-0.600,2532,458,2085,2825,2601,2503,1737,2771,51,1.175,1,2198,1,44.366,0.181,-12.938,-16.438,-39.125,-0.125,0.008,0.996,0.180,-0.023,0.309,0.060,0.028,1.098,1.404,2,NULL,NULL,,3,0,2,7,255,1237,250,0,0
stim,142211,172332,0,172332,3369644.455,-0.795,0.070,0.048,-0.601,2480,496,2173,2793,2629,2507,1816,2781,51,1.175,1,2198,1,39.492,0.482,-13.250,-16.688,-33.250,-0.090,-0.055,1.008,-0.141,-0.461,0.066,0.064,0.028,1.098,1.404,2,NULL,NULL,,3,0,2,7,255,1237,250,0,0
stim,142211,172332,0,172332,3369649.454,-0.794,0.069,0.048,-0.602,2426,517,2247,2777,2647,2513,1898,2788,51,1.175,1,2198,1,37.533,0.482,-14.188,-16.875,-30.375,-0.129,0.012,1.012,-0.141,-0.461,0.066,0.066,0.028,1.098,1.404,2,NULL,NULL,,3,0,2,7,255,1237,250,0,0
stim,142211,172332,0,172332,3369654.456,-0.793,0.068,0.048,-0.603,2363,525,2343,2747,2671,2504,1967,2799,51,1.175,1,2198,1,40.223,0.423,-16.813,-17.063,-32.313,-0.141,0.023,1.055,-0.105,-0.410,0.195,0.068,0.028,1.098,1.404,2,NULL,NULL,,3,0,2,7,255,1237,250,0,0
stim,142211,172332,0,172332,3369659.454,-0.792,0.066,0.048,-0.605,2298,536,2413,2716,2703,2507,2021,2811,51,1.175,1,2198,1,48.708,0.324,-28.063,-17.000,-36.000,-0.148,0.047,1.105,0.000,-0.324,0.629,0.070,0.028,1.098,1.404,2,NULL,NULL,,3,0,2,7,255,1237,250,0,0
stim,142233,172354,0,172354,3369664.455,-0.791,0.064,0.049,-0.606,2219,543,2475,2693,2719,2509,2089,2807,51,1.175,1,2198,1,65.275,0.329,-44.313,-16.500,-45.000,-0.160,0.059,1.109,0.234,-0.230,1.121,0.072,0.028,1.098,1.404,2,NULL,NULL,,3,0,2,7,255,1237,250,0,0
stim,142233,172354,0,172354,3369669.454,-0.790,0.062,0.050,-0.607,2131,550,2532,2653,2747,2513,2152,2829,51,1.175,1,2198,1,68.880,0.437,-50.188,-16.188,-44.313,-0.066,0.070,0.977,0.371,-0.230,1.121,0.076,0.028,1.098,1.404,2,NULL,NULL,,3,0,2,7,255,1237,250,0,0
stim,142233,172354,0,172354,3369674.455,-0.790,0.060,0.050,-0.609,2067,555,2543,2607,2769,2507,2204,2837,51,1.175,1,2198,1,60.253,0.674,-43.375,-16.625,-38.375,-0.086,0.035,0.957,0.371,-0.563,-0.258,0.078,0.030,1.098,1.404,2,NULL,NULL,,3,0,2,7,255,1237,250,0,0
stim,142233,172354,0,172354,3369679.454,-0.789,0.058,0.051,-0.610,1980,555,2634,2571,2782,2503,2261,2844,51,1.175,1,2198,1,56.712,0.665,-40.188,-16.813,-36.313,-0.129,-0.031,0.996,0.355,-0.563,-0.258,0.080,0.030,1.098,1.404,2,NULL,NULL,,3,0,2,7,255,1237,250,0,0
stim,142233,172354,0,172354,3369684.455,-0.788,0.056,0.051,-0.611,1887,555,2670,2517,2804,2501,2300,2863,51,1.175,1,2198,1,60.064,0.556,-41.688,-17.313,-39.625,-0.137,-0.094,1.016,-0.328,-0.449,0.047,0.082,0.030,1.098,1.404,2,NULL,NULL,,3,0,2,7,255,1237,250,0,0
stim,142233,172354,0,172354,3369689.454,-0.787,0.053,0.052,-0.613,1787,552,2651,2467,2815,2492,2353,2862,51,1.175,1,2198,1,62.343,0.748,-44.438,-17.375,-40.125,-0.113,-0.074,1.016,-0.598,-0.449,0.215,0.082,0.032,1.098,1.404,2,NULL,NULL,,3,0,2,7,255,1237,250,0,0
stim,142264,172385,0,172385,3369694.455,-0.786,0.051,0.053,-0.614,1651,544,2751,2405,2835,2489,2403,2875,51,1.175,1,2198,1,61.819,0.748,-45.813,-18.438,-37.188,-0.113,-0.035,1.016,-0.598,-0.449,0.215,0.084,0.034,1.098,1.404,2,NULL,NULL,,3,0,2,7,255,1237,250,0,0
stim,142264,172385,0,172385,3369699.454,-0.785,0.049,0.053,-0.615,1519,537,2787,2325,2843,2471,2445,2887,51,1.175,1,2198,1,64.705,0.486,-49.250,-19.688,-37.063,-0.156,0.008,1.035,-0.203,-0.441,0.215,0.084,0.034,1.098,1.404,2,NULL,NULL,,3,0,2,7,255,1237,250,0,0
stim,142264,172385,0,172385,3369704.455,-0.784,0.047,0.054,-0.616,1307,518,2830,2249,2858,2473,2491,2888,51,1.175,1,2198,1,63.646,0.157,-45.500,-20.500,-39.500,-0.141,0.023,0.992,0.156,0.020,0.195,0.086,0.036,1.098,1.404,2,NULL,NULL,,3,0,2,7,255,1237,250,0,0
stim,142264,172385,0,172385,3369709.454,-0.783,0.045,0.054,-0.618,1175,499,2859,2159,2875,2463,2538,2901,51,1.175,1,2198,1,60.991,0.208,-40.000,-21.313,-40.813,-0.117,-0.004,1.000,0.207,0.020,0.055,0.088,0.036,1.098,1.404,2,NULL,NULL,,3,0,2,7,255,1237,250,0,0
stim,142305,172426,0,172426,3369714.456,-0.783,0.043,0.054,-0.619,1015,443,2897,2045,2894,2461,2575,2907,51,1.175,1,2198,1,56.805,0.323,-35.125,-22.813,-38.375,-0.113,-0.008,1.031,0.227,-0.230,0.055,0.088,0.036,1.098,1.404,2,NULL,NULL,,3,0,2,7,255,1237,250,0,0
stim,142305,172426,0,172426,3369719.454,-0.782,0.041,0.054,-0.620,873,402,2873,1910,2907,2440,2615,2907,51,1.175,1,2198,1,55.135,0.323,-33.563,-24.938,-35.938,-0.152,0.020,1.074,0.227,-0.230,0.344,0.092,0.036,1.098,1.404,2,NULL,NULL,,3,0,2,7,255,1237,250,0,0
stim,142305,172426,1,172426,3369724.455,-0.781,0.039,0.054,-0.621,627,389,2925,1759,2920,2431,2651,2920,51,1.175,1,2198,1,59.259,0.454,-36.438,-27.375,-37.875,-0.168,0.055,1.109,0.441,0.105,0.809,0.094,0.036,1.098,1.404,2,NULL,NULL,,3,1,2,7,255,1237,250,0,0
stim,142305,172426,1,172426,3369729.454,-0.780,0.037,0.054,-0.623,444,349,2952,1567,2940,2422,2665,2920,51,1.175,1,2198,1,64.943,0.792,-39.563,-28.813,-42.688,-0.113,0.059,1.066,0.785,0.105,0.809,0.094,0.036,1.098,1.404,2,NULL,NULL,,3,1,2,7,255,1237,250,0,0
stim,142305,172426,1,172426,3369734.455,-0.779,0.034,0.054,-0.624,295,292,2950,1387,2939,2387,2683,2916,51,1.175,1,2198,1,59.581,0.793,-34.375,-32.188,-36.500,-0.078,0.004,1.039,0.785,-0.109,0.676,0.094,0.038,1.098,1.404,2,NULL,NULL,,3,1,2,7,255,1237,250,0,0
stim,142305,172426,1,172426,3369739.454,-0.778,0.033,0.054,-0.625,176,237,2973,1139,2953,2357,2717,2927,51,1.175,1,2198,1,52.375,0.692,-25.750,-34.188,-30.188,-0.070,0.000,1.055,0.516,-0.461,0.531,0.092,0.044,1.098,1.404,2,NULL,NULL,,3,1,2,7,255,1237,250,0,0
stim,142305,172426,1,172426,3369744.455,-0.778,0.031,0.053,-0.626,83,197,2987,908,2968,2323,2743,2927,51,1.175,1,2198,1,53.778,0.692,-23.688,-37.375,-30.563,-0.094,0.055,1.074,0.516,-0.461,0.531,0.088,0.050,1.098,1.404,2,NULL,NULL,,3,1,2,7,255,1237,250,0,0
stim,142305,172426,1,172426,3369749.454,-0.777,0.029,0.052,-0.627,26,139,2991,679,2981,2295,2774,2940,51,1.175,1,2198,1,52.687,1.054,-16.750,-40.313,-29.500,-0.090,0.086,1.105,1.035,-0.199,0.703,0.082,0.058,1.098,1.404,2,NULL,NULL,,3,1,2,7,255,1237,250,0,0
stim,142305,172426,1,172426,3369754.455,-0.776,0.027,0.051,-0.628,5,88,3007,489,2991,2265,2791,2944,51,1.175,1,2198,1,55.318,1.366,-18.250,-42.875,-29.813,-0.043,0.133,1.125,1.352,-0.199,1.008,0.078,0.064,1.098,1.404,2,NULL,NULL,,3,1,2,7,255,1237,250,0,0
stim,142305,172426,1,172426,3369759.454,-0.776,0.026,0.049,-0.628,0,57,3020,399,3000,2237,2809,2952,51,1.175,1,2198,1,52.190,1.738,-7.875,-46.813,-21.688,-0.090,0.117,1.234,1.730,-0.156,1.109,0.074,0.070,1.098,1.404,2,NULL,NULL,,3,1,2,7,255,1237,250,0,0
stim,142332,172453,1,172453,3369764.455,-0.777,0.025,0.046,-0.628,0,35,3021,377,3005,2205,2830,2955,51,1.175,1,2198,1,68.188,1.734,26.938,-59.750,18.813,-0.301,0.113,1.566,1.730,-0.105,2.227,0.070,0.076,1.098,1.404,2,NULL,NULL,,3,1,2,7,255,1237,250,0,0
stim,142332,172453,1,172453,3369769.454,-0.778,0.023,0.044,-0.627,0,19,3031,343,3012,2149,2845,2956,51,1.175,1,2198,1,76.073,2.196,-6.000,-68.813,31.875,-0.379,0.047,1.730,1.469,1.633,5.699,0.066,0.082,1.098,1.404,2,NULL,NULL,,3,1,2,7,255,1237,250,0,0
stim,142332,172453,1,172453,3369774.455,-0.778,0.019,0.044,-0.626,0,5,3045,307,3027,2108,2868,2958,51,1.175,1,2198,0,99.682,1.848,-71.188,-69.250,8.563,-0.352,-0.223,1.449,0.754,1.688,5.699,0.060,0.090,1.098,1.404,2,NULL,NULL,,3,1,2,7,255,1237,250,0,0
stim,142332,172453,1,172453,3369779.454,-0.779,0.014,0.044,-0.626,0,0,3035,264,3023,2029,2889,2957,51,1.175,1,2198,0,115.091,2.523,-86.625,-75.563,5.688,-0.219,-0.344,1.051,-1.875,1.688,4.750,0.054,0.098,1.098,1.404,2,NULL,NULL,,3,1,2,7,255,1237,250,0,0
stim,142356,172477,1,172477,3369784.455,-0.779,0.010,0.043,-0.625,0,0,3051,181,3043,1946,2904,2961,51,1.175,1,2198,0,100.081,2.274,-53.750,-81.438,22.250,-0.160,-0.266,0.891,-2.207,0.547,0.813,0.050,0.104,1.098,1.404,2,NULL,NULL,,3,1,2,7,255,1237,250,0,0
stim,142356,172477,1,172477,3369789.454,-0.780,0.007,0.041,-0.624,0,0,3053,125,3048,1849,2911,2961,51,1.175,1,2198,0,93.453,2.274,-20.688,-88.563,21.500,-0.184,-0.156,0.879,-2.207,0.547,-0.844,0.044,0.112,1.098,1.404,2,NULL,NULL,,3,1,2,7,255,1237,250,0,0
stim,142356,172477,1,172477,3369794.455,-0.781,0.005,0.037,-0.623,0,0,3052,56,3059,1749,2933,2955,51,1.175,1,2198,0,98.227,1.520,6.688,-93.688,28.750,-0.293,-0.152,1.137,-1.246,0.871,-0.844,0.040,0.120,1.098,1.404,2,NULL,NULL,,3,1,2,7,255,1237,250,0,0
stim,142356,172477,1,172477,3369799.454,-0.782,0.002,0.034,-0.622,0,0,3051,12,3063,1637,2935,2956,51,1.175,1,2198,0,99.334,2.049,0.375,-97.813,17.313,-0.262,-0.137,1.266,-1.238,1.633,1.578,0.034,0.128,1.098,1.404,3,NULL,NULL,,3,1,2,7,255,1237,250,0,0
stim,142356,172477,1,172477,3369804.456,-0.783,-0.001,0.031,-0.621,0,0,3048,0,3067,1524,2943,2953,51,1.175,1,2198,0,105.191,2.054,-13.938,-102.063,21.313,-0.250,-0.273,1.266,-1.246,1.633,2.789,0.030,0.136,1.098,1.404,3,NULL,NULL,,3,1,2,7,255,1237,250,0,0
stim,142356,172477,1,172477,3369809.454,-0.783,-0.005,0.029,-0.621,0,0,2990,0,3069,1371,2957,2949,51,1.175,1,2198,0,110.651,2.747,-30.000,-105.250,16.313,-0.270,-0.297,1.129,-2.227,1.609,2.789,0.026,0.144,1.098,1.404,3,NULL,NULL,,3,1,2,7,255,1237,250,0,0
stim,142399,172520,1,172520,3369814.455,-0.784,-0.008,0.026,-0.620,0,0,3039,0,3077,1221,2966,2941,51,1.175,1,2198,0,113.667,2.821,-14.938,-112.000,12.375,-0.242,-0.266,1.016,-2.367,1.535,1.539,0.022,0.152,1.098,1.404,3,NULL,NULL,,3,1,2,7,255,1237,250,0,0
stim,142399,172520,1,172520,3369819.455,-0.784,-0.011,0.022,-0.620,0,0,3035,0,3083,1023,2972,2935,51,1.175,1,2198,0,116.819,2.977,0.063,-116.813,1.188,-0.266,-0.270,0.961,-2.504,1.609,0.379,0.020,0.160,1.098,1.404,3,NULL,NULL,,3,1,2,7,255,1237,250,0,0
stim,142422,172543,1,172543,3369824.455,-0.784,-0.014,0.017,-0.620,0,0,3027,0,3087,819,2982,2925,51,1.175,1,2198,0,125.253,2.821,24.563,-122.625,-6.938,-0.184,-0.219,1.031,-2.367,1.535,0.379,0.020,0.168,1.098,1.404,3,NULL,NULL,,3,1,2,7,255,1237,250,0,0
stim,142422,172544,1,172544,3369829.454,-0.784,-0.016,0.012,-0.620,0,0,3013,0,3087,675,2989,2915,51,1.175,1,2198,0,131.698,2.236,32.688,-127.500,-4.438,-0.137,-0.176,1.184,-1.844,1.266,0.453,0.022,0.178,1.098,1.404,3,NULL,NULL,,3,1,2,7,255,1237,250,0,0
stim,142422,172544,1,172544,3369834.455,-0.785,-0.019,0.007,-0.620,0,0,2990,0,3089,535,2995,2901,51,1.175,1,2198,0,134.125,1.776,24.125,-131.938,0.000,-0.148,-0.113,1.305,-1.246,1.266,1.863,0.024,0.186,1.098,1.404,3,NULL,NULL,,3,1,2,7,255,1237,250,0,0
stim,142422,172544,1,172544,3369839.454,-0.785,-0.022,0.002,-0.619,0,0,2971,0,3091,355,3001,2886,51,1.175,1,2198,0,138.165,1.585,10.125,-137.625,6.813,-0.137,-0.012,1.363,-0.676,1.434,3.020,0.028,0.196,1.098,1.404,3,NULL,NULL,,3,1,2,7,255,1237,250,0,0
stim,142422,172544,1,172544,3369844.455,-0.785,-0.026,-0.003,-0.619,0,0,2952,0,3091,174,3007,2861,51,1.175,1,2198,0,146.658,1.768,5.563,-146.438,5.813,-0.191,0.063,1.246,0.301,1.742,3.020,0.030,0.204,1.098,1.404,3,NULL,NULL,,3,1,2,7,255,1237,250,0,0
stim,142422,172544,1,172544,3369849.454,-0.785,-0.029,-0.009,-0.618,0,0,2932,0,3090,57,3015,2843,51,1.175,1,2198,0,155.921,2.368,18.188,-154.813,3.688,-0.137,0.109,1.242,0.762,2.242,2.254,0.032,0.212,1.098,1.404,3,NULL,NULL,,3,1,2,7,255,1237,250,0,0
stim,142422,172544,1,172544,3369854.455,-0.786,-0.032,-0.015,-0.618,0,0,2898,0,3095,21,3015,2813,51,1.175,1,2198,0,164.160,2.582,21.500,-162.500,8.938,-0.027,0.188,1.430,1.281,2.242,2.254,0.038,0.222,1.098,1.404,3,NULL,NULL,,3,1,2,7,255,1237,250,0,0
stim,142422,172544,1,172544,3369859.454,-0.786,-0.036,-0.021,-0.616,0,0,2859,0,3089,0,3023,2777,51,1.175,1,2198,0,169.388,3.215,15.500,-167.688,18.250,-0.109,0.266,1.488,2.305,2.242,4.008,0.044,0.232,1.098,1.404,3,NULL,NULL,,3,1,2,7,255,1237,250,0,0
stim,142422,172544,1,172544,3369864.455,-0.787,-0.041,-0.027,-0.615,0,0,2821,0,3087,0,3029,2733,51,1.175,1,2198,0,177.159,4.019,6.750,-176.188,17.250,-0.176,0.309,1.563,2.805,2.879,4.461,0.056,0.246,1.098,1.404,3,NULL,NULL,,3,1,2,7,255,1237,250,0,0
stim,142422,172544,1,172544,3369869.454,-0.787,-0.046,-0.033,-0.614,0,0,2779,0,3069,0,3027,2682,51,1.175,1,2198,0,185.896,4.817,-3.875,-185.188,15.750,-0.195,0.293,1.668,2.809,3.914,5.070,0.070,0.260,1.098,1.404,3,NULL,NULL,,3,1,2,7,255,1237,250,0,0
stim,142422,172544,1,172544,3369874.455,-0.787,-0.052,-0.040,-0.613,0,0,2733,0,3079,0,3031,2618,51,1.175,1,2198,0,196.042,5.252,-14.250,-194.938,15.125,-0.238,0.297,1.750,2.809,4.438,6.031,0.088,0.278,1.098,1.404,3,NULL,NULL,,3,1,2,7,255,1237,250,0,0
stim,142422,172544,1,172544,3369879.454,-0.787,-0.058,-0.046,-0.612,0,0,2678,0,3060,0,3033,2566,51,1.175,1,2198,0,208.601,5.927,-28.500,-206.063,15.500,-0.211,0.379,1.879,2.809,5.219,6.691,0.108,0.302,1.098,1.404,3,NULL,NULL,,3,1,2,7,255,1237,250,0,0
stim,142463,172584,1,172584,3369884.455,-0.787,-0.065,-0.052,-0.611,0,0,2613,0,3051,0,3035,2462,51,1.175,1,2198,0,219.496,6.673,-32.813,-216.313,17.625,-0.223,0.387,2.039,3.559,5.645,7.840,0.134,0.328,1.098,1.404,3,NULL,NULL,,3,1,2,7,255,1237,250,0,0
stim,142463,172584,1,172584,3369889.454,-0.788,-0.073,-0.059,-0.609,0,0,2527,0,3039,0,3023,2342,51,1.175,1,2198,0,243.365,7.340,-58.438,-233.250,37.500,-0.281,0.430,2.113,3.590,6.402,9.234,0.166,0.360,1.098,1.404,3,NULL,NULL,,3,1,2,7,255,1237,250,0,0
stim,142463,172584,1,172584,3369894.455,-0.788,-0.083,-0.065,-0.606,0,0,2451,0,3022,0,3013,2223,51,1.175,1,2198,0,267.426,8.524,-83.000,-250.000,46.125,-0.383,0.457,2.105,3.879,7.590,9.234,0.202,0.398,1.098,1.404,3,NULL,NULL,,3,1,2,7,255,1237,250,0,0
stim,142463,172584,1,172584,3369899.454,-0.789,-0.094,-0.071,-0.603,0,0,2327,0,2999,16,2992,2075,51,1.175,1,2198,0,291.933,9.847,-106.438,-267.875,46.250,-0.434,0.535,2.023,3.879,9.051,9.195,0.242,0.438,1.098,1.404,3,NULL,NULL,,3,1,2,7,255,1237,250,0,0
stim,142463,172584,1,172584,3369904.455,-0.788,-0.106,-0.077,-0.601,0,0,2235,0,2987,55,2975,1941,51,1.175,1,2198,0,311.721,10.959,-124.188,-283.688,35.625,-0.387,0.605,1.949,4.500,9.992,7.988,0.284,0.482,1.098,1.404,3,NULL,NULL,,3,1,2,7,255,1237,250,0,0
stim,142463,172584,1,172584,3369909.455,-0.788,-0.118,-0.084,-0.599,0,0,2125,0,2955,75,2951,1813,51,1.175,1,2198,0,328.195,11.332,-119.813,-303.688,33.625,-0.363,0.605,1.996,5.301,10.016,7.215,0.328,0.528,1.098,1.404,3,NULL,NULL,,3,1,2,7,255,1237,250,0,0
stim,142510,172631,1,172631,3369914.455,-0.787,-0.131,-0.092,-0.596,0,0,2016,0,2920,81,2915,1695,51,1.175,1,2198,0,346.014,11.767,-120.875,-322.313,35.063,-0.395,0.648,2.125,5.418,10.445,7.215,0.378,0.578,1.098,1.404,3,NULL,NULL,,3,1,2,7,255,1237,250,0,0
stim,142510,172631,1,172631,3369919.454,-0.786,-0.144,-0.100,-0.593,0,0,1911,0,2872,77,2859,1573,51,1.175,1,2198,0,362.472,13.114,-125.438,-338.750,30.000,-0.504,0.703,2.316,5.809,11.758,7.926,0.432,0.634,1.098,1.404,3,NULL,NULL,,3,1,2,7,255,1237,250,0,0
stim,142510,172631,1,172631,3369924.457,-0.785,-0.157,-0.109,-0.590,0,0,1786,0,2825,71,2797,1459,51,1.175,1,2198,0,377.660,15.359,-121.438,-356.875,22.813,-0.652,0.781,2.676,6.168,14.066,8.867,0.494,0.698,1.098,1.404,3,NULL,NULL,,3,1,2,7,255,1237,250,0,0
stim,142510,172631,1,172631,3369929.454,-0.782,-0.172,-0.118,-0.587,0,0,1683,0,2765,37,2711,1331,51,1.175,1,2198,0,404.596,18.708,-149.750,-375.625,13.375,-0.840,0.809,2.934,6.563,17.520,11.004,0.564,0.770,1.098,1.404,3,NULL,NULL,,3,1,2,7,255,1237,250,0,0
stim,142510,172631,1,172631,3369934.455,-0.778,-0.189,-0.125,-0.585,0,0,1562,0,2696,19,2599,1199,51,1.175,1,2198,0,441.244,22.021,-210.688,-387.375,-15.750,-0.871,0.918,2.852,6.641,20.996,11.004,0.640,0.850,1.098,1.404,3,NULL,NULL,,3,1,2,7,255,1237,250,0,0
stim,142510,172631,1,172631,3369939.454,-0.773,-0.207,-0.133,-0.585,0,0,1391,0,2595,0,2457,1051,51,1.175,1,2198,0,466.211,21.998,-236.188,-398.000,-56.250,-0.633,0.699,2.637,6.563,20.996,9.996,0.722,0.934,1.098,1.404,3,NULL,NULL,,3,1,2,7,255,1237,250,0,0
stim,142510,172631,1,172631,3369944.455,-0.767,-0.225,-0.142,-0.584,0,0,1179,0,2453,0,2279,936,51,1.175,1,2198,0,468.846,20.228,-216.813,-411.063,-61.938,-0.418,0.359,2.598,6.461,19.168,9.219,0.810,1.024,1.098,1.404,3,NULL,NULL,,3,1,2,7,255,1237,250,0,0
stim,142510,172631,1,172631,3369949.454,-0.762,-0.243,-0.151,-0.581,0,0,974,0,2277,0,2006,847,51,1.175,1,2198,0,488.280,17.674,-235.375,-426.750,-30.000,-0.254,0.082,2.395,4.035,17.207,8.672,0.902,1.120,1.098,1.404,3,NULL,NULL,,3,1,2,7,255,1237,250,0,0
stim,142510,172631,1,172631,3369954.456,-0.756,-0.263,-0.158,-0.578,0,0,724,0,2045,0,1689,725,51,1.175,1,2198,0,506.486,15.193,-254.438,-437.938,-0.375,-0.113,-0.180,1.938,1.961,15.066,8.219,0.996,1.214,1.098,1.404,3,NULL,NULL,,3,1,2,7,255,1237,250,0,0
stim,142510,172631,1,172631,3369959.454,-0.751,-0.282,-0.167,-0.573,0,0,523,0,1763,0,1225,589,51,1.175,1,2198,0,505.485,11.660,-219.625,-454.438,27.688,-0.098,-0.516,1.445,-0.293,11.656,5.297,1.082,1.304,1.098,1.404,3,NULL,NULL,,3,1,2,7,255,1237,250,0,0
stim,142542,172663,1,172663,3369964.455,-0.747,-0.299,-0.178,-0.566,0,0,365,0,1459,0,628,469,51,1.175,1,2198,0,487.647,9.418,-148.500,-462.750,40.125,0.051,-0.531,1.102,-3.738,8.645,1.961,1.158,1.384,1.098,1.404,3,NULL,NULL,,3,1,2,7,255,1237,250,0,0
stim,142542,172663,1,172663,3369969.454,-0.744,-0.311,-0.192,-0.559,0,0,247,0,1160,0,232,383,51,1.175,1,2198,0,464.904,8.555,-39.438,-462.813,19.625,0.102,-0.367,1.352,-3.738,7.695,1.410,1.226,1.456,1.098,1.404,3,NULL,NULL,,3,1,2,7,255,1237,250,0,0
stim,142542,172663,0,172663,3369974.455,-0.742,-0.322,-0.206,-0.550,0,0,140,0,767,0,0,291,51,1.175,1,2198,0,468.600,7.942,27.813,-465.188,49.125,-0.102,-0.070,2.066,-1.965,7.695,1.410,1.290,1.522,1.098,1.404,3,NULL,NULL,,3,0,2,7,255,1244,250,0,0
stim,142542,172663,0,172663,3369979.454,-0.740,-0.335,-0.219,-0.540,0,0,109,0,373,0,0,191,51,1.175,1,2198,0,478.695,14.920,-25.313,-467.688,98.875,-0.301,0.352,2.441,0.543,14.910,3.262,1.352,1.588,1.098,1.404,3,NULL,NULL,,3,0,2,7,255,1244,250,0,0
stim,142542,172663,0,172663,3369984.456,-0.737,-0.352,-0.229,-0.530,0,0,105,0,25,0,0,101,51,1.175,1,2198,0,498.591,20.477,-128.875,-461.938,136.375,-0.547,0.625,2.133,3.840,20.113,3.262,1.424,1.662,1.098,1.404,3,NULL,NULL,,3,0,2,7,255,1244,250,0,0
stim,142542,172663,0,172663,3369989.454,-0.733,-0.370,-0.236,-0.519,0,0,58,0,0,0,0,31,51,1.175,1,2198,0,521.140,20.785,-207.125,-450.563,160.250,-0.727,0.859,1.438,5.242,20.113,-2.039,1.506,1.746,1.098,1.404,3,NULL,NULL,,3,0,2,7,255,1244,250,0,0
stim,142564,172685,0,172685,3369994.455,-0.729,-0.388,-0.242,-0.509,0,0,33,0,0,0,0,2,51,1.175,1,2198,0,511.028,17.797,-215.938,-438.500,149.125,-0.770,1.094,0.938,6.270,16.656,-9.160,1.592,1.834,1.098,1.404,4,NULL,NULL,,3,0,2,7,255,1244,250,0,0
stim,142564,172685,0,172685,3369999.455,-0.724,-0.405,-0.249,-0.499,0,0,30,0,0,0,0,0,51,1.175,1,2198,0,483.511,15.387,-185.313,-428.188,126.875,-0.797,1.164,0.879,7.770,13.281,-13.824,1.676,1.920,1.098,1.404,0,NULL,NULL,,3,0,2,7,255,1244,250,0,0
stim,142564,172685,0,172685,3370004.455,-0.719,-0.421,-0.256,-0.490,0,0,38,0,0,0,0,0,51,1.175,1,2198,0,465.585,15.387,-165.750,-422.500,103.875,-0.844,1.016,1.184,7.770,13.281,-14.094,1.756,2.002,1.098,1.404,0,NULL,NULL,,3,0,2,7,255,1244,250,0,0
stim,142564,172685,0,172685,3370009.454,-0.713,-0.438,-0.263,-0.481,0,0,35,0,0,0,0,0,51,1.175,1,2198,0,488.170,16.189,-216.813,-426.375,97.500,-0.680,0.582,1.277,6.707,14.734,-14.094,1.828,2.076,1.098,1.404,0,NULL,NULL,,3,0,2,7,255,1244,250,0,0
stim,142606,172727,0,172727,3370014.455,-0.704,-0.454,-0.268,-0.475,0,0,38,0,0,0,0,1,51,1.175,1,2198,0,467.735,15.126,-256.188,-389.438,38.500,-0.297,-0.063,1.039,3.418,14.734,-11.453,1.894,2.144,1.098,1.404,0,NULL,NULL,,3,0,2,7,255,1244,250,0,0
stim,142606,172727,0,172727,3370019.454,-0.697,-0.468,-0.274,-0.469,0,0,31,0,0,0,0,13,51,1.175,1,2198,0,411.119,10.327,-207.563,-354.125,23.063,-0.184,-0.590,0.875,-0.973,10.281,-7.539,1.956,2.206,1.098,1.404,0,NULL,NULL,,3,0,2,7,255,1244,250,0,0
stim,142606,172727,0,172727,3370024.455,-0.691,-0.480,-0.280,-0.463,0,0,37,0,0,0,0,37,51,1.175,1,2198,0,362.320,11.245,-155.438,-323.938,46.688,-0.379,-0.445,1.195,-4.555,10.281,-6.734,2.012,2.266,1.098,1.404,0,NULL,NULL,,3,0,2,7,255,1244,250,0,0
stim,142606,172727,0,172727,3370029.454,-0.684,-0.492,-0.283,-0.458,0,0,40,0,0,0,0,83,51,1.175,1,2198,0,333.904,12.664,-179.625,-278.938,37.688,-0.645,-0.027,1.387,-4.555,11.816,-6.734,2.068,2.326,1.098,1.404,0,NULL,NULL,,3,0,2,7,255,1244,250,0,0
stim,142606,172727,0,172727,3370034.455,-0.677,-0.503,-0.285,-0.455,0,0,39,0,0,0,0,104,51,1.175,1,2198,0,320.950,11.946,-234.750,-218.813,4.750,-0.668,0.293,0.965,-1.758,11.816,-10.328,2.126,2.384,1.098,1.404,0,NULL,NULL,,3,0,2,7,255,1244,250,0,0
stim,142606,172727,0,172727,3370039.454,-0.669,-0.513,-0.285,-0.456,0,0,39,0,0,0,0,109,51,1.175,1,2198,0,296.527,11.182,-254.688,-149.500,-26.688,-0.438,0.605,0.391,0.695,11.160,-13.563,2.180,2.440,1.098,1.404,0,NULL,NULL,,3,0,2,7,255,1244,250,0,0
stim,142606,172727,0,172727,3370044.455,-0.662,-0.521,-0.283,-0.459,0,0,38,0,0,0,0,105,51,1.175,1,2198,0,255.558,6.384,-239.875,-73.188,-49.125,-0.203,0.727,-0.078,3.859,5.086,-14.859,2.220,2.482,1.098,1.404,0,NULL,NULL,,3,0,2,7,255,1244,250,0,0
stim,142606,172727,0,172727,3370049.454,-0.656,-0.526,-0.281,-0.463,0,0,39,0,0,0,0,105,51,1.175,1,2198,0,206.883,4.142,-198.875,0.563,-57.000,-0.090,0.582,-0.363,4.141,-0.098,-14.859,2.246,2.510,1.098,1.404,0,NULL,NULL,,3,0,2,7,255,1244,250,0,0
stim,142606,172727,0,172727,3370054.455,-0.652,-0.529,-0.277,-0.468,0,0,38,0,0,0,0,105,51,1.175,1,2198,0,173.419,5.249,-150.313,63.875,-58.313,-0.098,0.270,-0.434,4.141,-3.227,-14.031,2.264,2.530,1.098,1.404,0,NULL,NULL,,3,0,2,7,255,1244,250,0,0
stim,142606,172727,0,172727,3370059.454,-0.649,-0.529,-0.273,-0.473,0,0,37,0,0,0,0,105,51,1.175,1,2198,0,174.172,3.873,-115.125,117.063,-58.125,-0.129,-0.004,-0.438,1.207,-3.680,-12.957,2.276,2.546,1.098,1.404,0,NULL,NULL,,3,0,2,7,255,1244,250,0,0
stim,142631,172752,0,172752,3370064.455,-0.648,-0.527,-0.268,-0.480,0,0,28,0,0,0,0,95,51,1.175,1,2198,0,188.558,4.078,-87.000,159.000,-52.000,-0.145,-0.117,-0.516,-1.363,-3.844,-12.074,2.286,2.556,1.098,1.404,0,NULL,NULL,,3,0,2,7,255,1244,250,0,0
stim,142631,172752,0,172752,3370069.454,-0.648,-0.524,-0.263,-0.486,0,0,28,0,0,0,0,85,51,1.175,1,2198,0,199.125,4.776,-48.688,189.063,-39.188,-0.145,-0.035,-0.602,-2.109,-4.285,-12.074,2.292,2.564,1.098,1.404,0,NULL,NULL,,3,0,2,7,255,1244,250,0,0
stim,142631,172752,0,172752,3370074.455,-0.650,-0.519,-0.257,-0.492,0,0,29,0,0,0,0,75,51,1.175,1,2198,0,216.719,5.477,-4.438,214.938,-27.375,-0.078,0.273,-0.637,-2.109,-5.055,-12.629,2.292,2.568,1.098,1.404,0,NULL,NULL,,3,0,2,7,255,1244,250,0,0
stim,142631,172752,0,172752,3370079.454,-0.653,-0.513,-0.252,-0.497,0,0,18,0,0,0,0,69,51,1.175,1,2198,0,238.058,5.420,44.063,233.813,-7.875,-0.098,0.293,-0.613,0.754,-5.367,-13.582,2.292,2.570,1.098,1.404,0,NULL,NULL,,3,0,2,7,255,1244,250,0,0
stim,142654,172775,0,172775,3370084.455,-0.658,-0.505,-0.247,-0.501,0,0,26,0,0,0,0,53,51,1.175,1,2198,0,262.750,5.420,92.188,246.000,4.813,-0.168,0.211,-0.457,0.754,-5.367,-13.660,2.292,2.574,1.098,1.404,0,NULL,NULL,,3,0,2,7,255,1244,250,0,0
stim,142654,172775,0,172775,3370089.455,-0.663,-0.496,-0.242,-0.505,0,0,20,0,0,0,0,28,51,1.175,1,2198,0,284.899,3.640,124.500,255.688,17.063,-0.168,0.242,-0.313,0.820,-3.547,-13.660,2.296,2.578,1.098,1.404,0,NULL,NULL,,3,0,2,7,255,1244,250,0,0
stim,142654,172775,0,172775,3370094.455,-0.670,-0.486,-0.237,-0.509,0,0,13,0,0,0,0,27,51,1.175,1,2198,0,305.071,2.300,150.750,263.375,31.250,-0.230,0.227,-0.199,0.699,-2.191,-13.371,2.302,2.586,1.098,1.404,0,NULL,NULL,,3,0,2,7,255,1244,250,0,0
stim,142654,172775,0,172775,3370099.454,-0.677,-0.475,-0.233,-0.512,0,0,17,0,0,0,0,8,51,1.175,1,2198,0,321.924,1.155,175.375,267.625,35.438,-0.262,0.313,-0.016,0.820,-0.813,-13.332,2.314,2.600,1.098,1.404,0,NULL,NULL,,3,0,2,7,255,1244,250,0,0
stim,142654,172775,0,172775,3370104.455,-0.684,-0.464,-0.228,-0.514,0,0,11,0,0,0,0,6,51,1.175,1,2198,0,333.814,1.976,191.750,269.250,46.563,-0.301,0.344,0.168,1.699,1.008,-13.223,2.330,2.620,1.098,1.404,0,NULL,NULL,,3,0,2,7,255,1244,250,0,0
stim,142654,172775,0,172775,3370109.454,-0.692,-0.452,-0.224,-0.517,0,0,6,0,0,0,0,1,51,1.175,1,2198,0,339.630,3.617,200.000,271.313,41.688,-0.379,0.348,0.355,2.199,2.871,-12.785,2.352,2.644,1.098,1.404,0,NULL,NULL,,3,0,2,7,255,1244,250,0,0
stim,142703,172824,0,172824,3370114.455,-0.699,-0.440,-0.220,-0.519,0,0,11,0,0,0,0,2,51,1.175,1,2198,0,342.194,5.442,202.813,272.250,42.938,-0.352,0.422,0.543,2.305,4.930,-12.422,2.380,2.674,1.098,1.404,0,NULL,NULL,,3,0,2,7,255,1244,250,0,0
stim,142703,172824,0,172824,3370119.454,-0.706,-0.428,-0.215,-0.522,0,0,9,0,0,0,0,0,51,1.175,1,2198,0,339.920,6.967,197.688,273.813,38.625,-0.422,0.336,0.668,2.539,6.488,-11.414,2.412,2.708,1.098,1.404,0,NULL,NULL,,3,0,2,7,255,1244,250,0,0
stim,142703,172824,0,172824,3370124.455,-0.713,-0.416,-0.211,-0.524,0,0,11,0,0,0,0,0,51,1.175,1,2198,0,339.933,8.401,195.563,276.313,31.000,-0.434,0.367,0.766,2.926,7.875,-10.762,2.448,2.748,1.098,1.404,0,NULL,NULL,,3,0,2,7,255,1244,250,0,0
stim,142703,172824,0,172824,3370129.454,-0.719,-0.403,-0.206,-0.527,0,0,13,0,0,0,0,0,51,1.175,1,2198,0,337.143,9.228,188.313,278.813,21.625,-0.441,0.340,0.945,2.883,8.766,-10.188,2.490,2.790,1.098,1.404,0,NULL,NULL,,3,0,2,7,255,1244,250,0,0
stim,142703,172824,0,172824,3370134.455,-0.724,-0.392,-0.201,-0.531,0,0,11,0,0,0,0,0,51,1.175,1,2198,0,328.505,10.629,162.250,285.563,6.688,-0.430,0.305,1.063,2.883,10.230,-8.867,2.534,2.838,1.098,1.404,0,NULL,NULL,,3,0,2,7,255,1244,250,0,0
stim,142703,172824,0,172824,3370139.454,-0.729,-0.381,-0.195,-0.535,0,0,10,0,0,0,0,0,51,1.175,1,2198,0,323.021,10.945,131.125,295.063,-9.313,-0.340,0.281,1.090,2.883,10.559,-7.633,2.582,2.888,1.098,1.404,0,NULL,NULL,,3,0,2,7,255,1244,250,0,0
stim,142722,172843,0,172843,3370144.455,-0.732,-0.370,-0.188,-0.540,0,0,16,0,0,0,0,5,51,1.175,1,2198,0,326.127,10.920,106.563,307.750,-17.125,-0.324,0.199,1.051,2.785,10.559,-6.453,2.630,2.938,1.098,1.404,0,NULL,NULL,,3,0,2,7,255,1244,250,0,0
stim,142722,172843,0,172843,3370149.455,-0.735,-0.359,-0.180,-0.546,0,0,13,0,0,0,0,7,51,1.175,1,2198,0,335.216,10.370,90.000,321.250,-32.688,-0.289,0.273,1.059,2.910,9.953,-6.016,2.676,2.986,1.098,1.404,0,NULL,NULL,,3,0,2,7,255,1244,250,0,0
stim,142722,172843,0,172843,3370154.455,-0.738,-0.348,-0.172,-0.552,0,0,10,0,0,0,0,4,51,1.175,1,2198,0,347.749,10.053,77.688,335.563,-47.875,-0.242,0.191,1.090,2.570,9.719,-5.695,2.722,3.034,1.098,1.404,0,NULL,NULL,,3,0,2,7,255,1244,250,0,0
stim,142722,172843,0,172843,3370159.454,-0.739,-0.337,-0.164,-0.559,0,0,7,0,0,0,0,7,51,1.175,1,2198,0,359.641,9.721,58.563,349.438,-61.688,-0.125,0.125,1.047,2.570,9.375,-4.625,2.766,3.080,1.098,1.404,0,NULL,NULL,,3,0,2,7,255,1244,250,0,0
stim,142722,172843,0,172843,3370164.455,-0.741,-0.326,-0.155,-0.567,0,0,11,0,0,0,0,26,51,1.175,1,2198,0,370.565,8.340,52.313,360.438,-68.313,-0.055,-0.016,1.012,2.355,8.000,-3.695,2.806,3.124,1.098,1.404,0,NULL,NULL,,3,0,2,7,255,1244,250,0,0
stim,142722,172843,0,172843,3370169.454,-0.742,-0.315,-0.145,-0.574,0,0,2,0,0,0,0,35,51,1.175,1,2198,0,375.620,7.129,46.625,367.125,-64.313,-0.074,0.055,0.938,1.828,6.891,-3.496,2.846,3.164,1.098,1.404,0,NULL,NULL,,3,0,2,7,255,1244,250,0,0
stim,142744,172865,0,172865,3370174.455,-0.743,-0.304,-0.136,-0.581,0,0,9,0,0,0,0,47,51,1.175,1,2198,0,383.824,6.670,50.938,372.938,-75.125,-0.012,0.172,0.930,1.828,6.414,-3.398,2.882,3.204,1.098,1.404,0,NULL,NULL,,3,0,2,7,255,1244,250,0,0
stim,142744,172865,0,172865,3370179.455,-0.743,-0.292,-0.126,-0.589,0,0,10,0,0,0,0,54,51,1.175,1,2198,0,387.080,6.321,53.625,375.250,-78.375,0.082,0.094,0.840,2.539,5.789,-3.398,2.914,3.238,1.098,1.404,0,NULL,NULL,,3,0,2,7,255,1244,250,0,0
stim,142744,172865,0,172865,3370184.455,-0.744,-0.280,-0.116,-0.596,0,0,8,0,0,0,0,57,51,1.175,1,2198,0,386.149,5.176,63.438,375.750,-62.438,0.176,0.125,0.785,2.988,4.227,-3.188,2.942,3.266,1.098,1.404,0,NULL,NULL,,3,0,2,7,255,1244,250,0,0
stim,142744,172865,0,172865,3370189.454,-0.745,-0.267,-0.107,-0.602,0,0,9,0,0,0,0,77,51,1.175,1,2198,0,388.270,3.936,78.125,375.375,-61.188,0.203,0.094,0.699,2.602,2.953,-3.188,2.964,3.290,1.098,1.404,0,NULL,NULL,,3,0,2,7,255,1244,250,0,0
stim,142744,172865,0,172865,3370194.455,-0.746,-0.254,-0.099,-0.608,0,0,7,0,0,0,0,87,51,1.175,1,2198,0,387.379,3.281,104.688,370.500,-42.813,0.219,0.035,0.664,2.602,2.000,-3.461,2.982,3.310,1.098,1.404,0,NULL,NULL,,3,0,2,7,255,1244,250,0,0
stim,142744,172865,0,172865,3370199.454,-0.748,-0.239,-0.091,-0.613,0,0,3,0,0,0,0,90,51,1.175,1,2198,0,391.432,2.628,132.438,366.375,-38.063,0.234,0.047,0.719,2.207,1.426,-3.461,2.998,3.328,1.098,1.404,0,NULL,NULL,,3,0,2,7,255,1244,250,0,0
stim,142780,172901,0,172901,3370204.455,-0.750,-0.224,-0.084,-0.617,0,0,11,0,0,0,0,89,51,1.175,1,2198,0,394.648,2.463,156.188,361.438,-26.750,0.223,0.008,0.789,2.008,1.426,-2.895,3.012,3.344,1.098,1.404,0,NULL,NULL,,3,0,2,7,255,1244,250,0,0
stim,142780,172901,0,172901,3370209.454,-0.752,-0.209,-0.077,-0.620,0,0,11,0,0,0,0,89,51,1.175,1,2198,0,398.519,2.645,176.875,356.813,-14.750,0.176,0.082,0.852,2.207,1.457,-2.160,3.026,3.360,1.098,1.404,0,NULL,NULL,,3,0,2,7,255,1244,250,0,0
stim,142804,172925,0,172925,3370214.455,-0.754,-0.193,-0.071,-0.624,0,0,9,0,0,0,0,87,51,1.175,1,2198,0,404.013,2.707,197.688,352.250,-8.125,0.109,0.016,0.992,1.887,1.941,-1.887,3.042,3.376,1.098,1.404,0,NULL,NULL,,3,0,2,7,255,1244,250,0,0
stim,142804,172925,0,172925,3370219.454,-0.757,-0.176,-0.065,-0.626,0,0,11,0,0,0,0,85,51,1.175,1,2198,0,406.570,3.696,209.813,348.250,0.313,0.000,0.105,1.156,2.508,2.715,-0.648,3.058,3.394,1.098,1.404,0,NULL,NULL,,3,0,2,7,255,1244,250,0,0
stim,142804,172925,0,172925,3370224.457,-0.759,-0.160,-0.060,-0.629,0,0,9,0,0,0,0,83,51,1.175,1,2198,0,405.775,4.877,214.438,344.438,-5.750,-0.102,0.164,1.320,2.645,4.098,0.414,3.076,3.416,1.098,1.404,0,NULL,NULL,,3,0,2,7,255,1244,250,0,0
stim,142804,172925,0,172925,3370229.454,-0.760,-0.143,-0.055,-0.631,0,0,10,0,0,0,0,79,51,1.175,1,2198,0,403.818,5.920,218.563,339.375,-11.125,-0.152,0.117,1.531,2.668,5.285,1.715,3.100,3.440,1.098,1.404,0,NULL,NULL,,3,0,2,7,255,1244,250,0,0
stim,142804,172925,0,172925,3370234.455,-0.762,-0.127,-0.049,-0.634,0,0,10,0,0,0,0,79,51,1.175,1,2198,0,393.693,6.613,201.125,337.813,-20.625,-0.168,0.160,1.656,3.027,5.879,3.813,3.124,3.468,1.098,1.404,0,NULL,NULL,,3,0,2,7,255,1244,250,0,0
stim,142804,172925,0,172925,3370239.454,-0.762,-0.112,-0.043,-0.636,0,0,10,0,0,0,0,77,51,1.175,1,2198,0,381.622,6.487,181.500,334.625,-26.813,-0.184,0.145,1.699,2.742,5.879,5.105,3.152,3.496,1.098,1.404,0,NULL,NULL,,3,0,2,7,255,1244,250,0,0
stim,142804,172925,0,172925,3370244.455,-0.762,-0.097,-0.037,-0.639,0,0,9,0,0,0,0,76,51,1.175,1,2198,0,373.367,6.363,172.813,329.688,-29.063,-0.203,0.117,1.762,2.742,5.742,5.734,3.180,3.526,1.098,1.404,0,NULL,NULL,,3,0,2,7,255,1244,250,0,0
stim,142804,172925,0,172925,3370249.454,-0.762,-0.082,-0.031,-0.641,0,0,10,0,0,0,0,82,51,1.175,1,2198,0,364.890,6.108,157.188,326.688,-41.375,-0.199,0.156,1.809,2.633,5.512,6.531,3.208,3.556,1.098,1.404,0,NULL,NULL,,3,0,2,7,255,1244,250,0,0
stim,142804,172925,0,172925,3370254.455,-0.761,-0.069,-0.025,-0.644,0,0,13,0,0,0,0,91,51,1.175,1,2198,0,355.355,5.657,138.750,323.188,-50.750,-0.145,0.141,1.770,2.438,5.105,6.988,3.236,3.586,1.098,1.404,0,NULL,NULL,,3,0,2,7,255,1244,250,0,0
stim,142804,172925,0,172925,3370259.454,-0.760,-0.055,-0.018,-0.647,0,0,12,0,0,0,0,95,51,1.175,1,2198,0,347.636,4.654,130.188,318.688,-48.375,-0.102,0.105,1.699,2.438,3.965,6.988,3.260,3.610,1.098,1.404,0,NULL,NULL,,3,0,2,7,255,1244,250,0,0
stim,142842,172963,0,172963,3370264.455,-0.759,-0.042,-0.011,-0.650,0,0,16,0,0,0,0,106,51,1.175,1,2198,0,344.764,3.545,131.375,314.625,-51.125,-0.090,0.113,1.688,2.020,2.914,6.496,3.280,3.634,1.098,1.404,0,NULL,NULL,,3,0,2,7,255,1244,250,0,0
stim,142842,172963,0,172963,3370269.454,-0.757,-0.028,-0.005,-0.652,0,0,16,0,0,0,0,109,51,1.175,1,2198,0,342.285,3.045,134.125,309.688,-57.125,-0.035,0.074,1.691,1.980,2.313,6.496,3.298,3.652,1.098,1.404,0,NULL,NULL,,3,0,2,7,255,1244,250,0,0
stim,142842,172963,0,172963,3370274.455,-0.756,-0.015,0.001,-0.655,0,0,11,0,0,0,0,112,51,1.175,1,2198,0,337.618,2.014,138.063,303.625,-52.313,0.020,0.023,1.672,1.566,1.266,6.547,3.312,3.668,1.098,1.404,0,NULL,NULL,,3,0,2,7,255,1244,250,0,0
stim,142842,172963,0,172963,3370279.454,-0.754,-0.002,0.006,-0.657,0,0,12,0,0,0,0,115,51,1.175,1,2198,0,335.711,1.059,147.188,298.313,-45.250,0.031,0.039,1.668,1.039,0.207,6.547,3.322,3.680,1.098,1.404,0,NULL,NULL,,3,0,2,7,255,1244,250,0,0
stim,142842,172963,0,172963,3370284.455,-0.753,0.012,0.011,-0.658,0,0,10,0,0,0,0,114,51,1.175,1,2198,0,338.756,1.098,162.625,293.750,-44.938,0.063,0.066,1.727,1.039,-0.355,6.547,3.324,3.684,1.098,1.404,0,NULL,NULL,,3,0,2,7,255,1244,250,0,0
stim,142842,172963,0,172963,3370289.454,-0.751,0.026,0.015,-0.660,0,0,11,0,0,0,0,112,51,1.175,1,2198,0,342.764,1.503,177.000,290.125,-44.563,0.145,0.043,1.828,1.039,-1.086,7.051,3.322,3.684,1.098,1.404,0,NULL,NULL,,3,0,2,7,255,1244,250,0,0
stim,142864,172985,0,172985,3370294.455,-0.749,0.040,0.019,-0.661,0,0,10,0,0,0,0,117,51,1.175,1,2198,0,345.363,2.582,185.375,288.875,-38.250,0.230,0.031,1.902,0.875,-2.430,7.969,3.312,3.676,1.098,1.404,0,NULL,NULL,,3,0,2,7,255,1244,250,0,0
stim,142864,172985,0,172985,3370299.455,-0.747,0.055,0.023,-0.662,0,0,9,0,0,0,0,119,51,1.175,1,2198,0,349.366,3.868,193.125,289.500,-30.813,0.316,0.039,1.938,0.629,-3.816,8.570,3.296,3.662,1.098,1.404,0,NULL,NULL,,3,0,2,7,255,1244,250,0,0
stim,142864,172985,0,172985,3370304.455,-0.745,0.070,0.027,-0.663,0,0,13,0,0,0,0,121,51,1.175,1,2198,0,357.200,5.170,206.375,290.438,-25.438,0.426,0.059,1.992,0.551,-5.141,8.730,3.274,3.642,1.098,1.404,0,NULL,NULL,,3,0,2,7,255,1244,250,0,0
stim,142864,172985,0,172985,3370309.454,-0.743,0.085,0.030,-0.663,0,0,12,0,0,0,0,120,51,1.175,1,2198,0,368.071,6.796,222.938,292.125,-20.938,0.578,0.082,2.090,0.551,-6.773,8.977,3.242,3.610,1.098,1.404,0,NULL,NULL,,3,0,2,7,255,1244,250,0,0
stim,142910,173031,0,173031,3370314.455,-0.741,0.102,0.033,-0.663,0,0,13,0,0,0,0,119,51,1.175,1,2198,0,378.657,8.892,237.000,295.000,-13.688,0.723,0.090,2.219,0.551,-8.875,9.531,3.198,3.568,1.098,1.404,0,NULL,NULL,,3,0,2,7,255,1244,250,0,0
stim,142910,173031,0,173031,3370319.454,-0.739,0.118,0.035,-0.662,0,0,3,0,0,0,0,117,51,1.175,1,2198,0,385.402,11.035,244.688,297.750,-2.813,0.828,0.070,2.344,0.414,-11.027,10.277,3.140,3.512,1.098,1.404,0,NULL,NULL,,3,0,2,7,255,1244,250,0,0
stim,142910,173031,0,173031,3370324.455,-0.737,0.135,0.038,-0.661,0,0,12,0,0,0,0,114,51,1.175,1,2198,0,388.090,12.911,246.063,300.000,8.188,0.922,0.074,2.449,-0.105,-12.910,10.930,3.074,3.446,1.098,1.404,0,NULL,NULL,,3,0,2,7,255,1244,250,0,0
stim,142910,173031,0,173031,3370329.454,-0.735,0.151,0.040,-0.659,0,0,13,0,0,0,0,112,51,1.175,1,2198,0,387.019,14.625,240.500,302.813,15.750,0.992,0.094,2.480,-0.473,-14.617,11.039,3.000,3.372,1.098,1.404,0,NULL,NULL,,3,0,2,7,255,1244,250,0,0
stim,142910,173031,0,173031,3370334.455,-0.734,0.168,0.043,-0.657,0,0,11,0,0,0,0,117,51,1.175,1,2198,0,385.900,15.957,240.875,300.125,28.688,1.027,0.074,2.527,-0.598,-15.945,11.039,2.916,3.290,1.098,1.404,0,NULL,NULL,,3,0,2,7,255,1244,250,0,0
stim,142910,173031,0,173031,3370339.454,-0.732,0.184,0.046,-0.654,0,0,12,0,0,0,0,124,51,1.175,1,2198,0,378.575,17.060,233.750,295.438,37.375,1.004,0.047,2.574,-1.172,-17.020,10.875,2.828,3.202,1.098,1.404,0,NULL,NULL,,3,0,2,7,255,1244,250,0,0
stim,142910,173031,0,173031,3370344.455,-0.731,0.199,0.048,-0.651,0,0,13,0,0,0,0,135,51,1.175,1,2198,0,361.233,17.625,214.375,287.875,40.750,0.965,0.039,2.578,-1.852,-17.527,10.824,2.732,3.106,1.098,1.404,0,NULL,NULL,,3,0,2,7,255,1244,250,0,0
stim,142910,173031,0,173031,3370349.454,-0.729,0.213,0.052,-0.648,0,0,8,0,0,0,0,143,51,1.175,1,2198,0,338.849,17.849,191.438,276.813,39.313,1.012,0.094,2.551,-1.914,-17.746,10.469,2.634,3.008,1.098,1.404,0,NULL,NULL,,3,0,2,7,255,1244,250,0,0
stim,142910,173031,0,173031,3370354.455,-0.728,0.226,0.055,-0.645,0,0,21,0,0,0,0,151,51,1.175,1,2198,0,316.715,18.618,171.875,263.625,35.625,1.156,0.109,2.484,-1.914,-18.520,9.672,2.532,2.904,1.098,1.404,0,NULL,NULL,,3,0,2,7,255,1244,250,0,0
stim,142910,173031,0,173031,3370359.454,-0.726,0.238,0.058,-0.642,0,0,15,0,0,0,0,167,51,1.175,1,2198,0,295.560,20.134,153.750,249.750,36.625,1.324,-0.027,2.391,-1.914,-20.043,8.117,2.424,2.798,1.098,1.404,0,NULL,NULL,,3,0,2,7,255,1244,250,0,0
stim,142930,173051,0,173051,3370364.455,-0.725,0.249,0.062,-0.639,0,0,9,0,0,0,0,166,51,1.175,1,2198,0,273.500,21.810,131.875,235.438,44.500,1.422,-0.215,2.246,-2.621,-21.652,5.859,2.312,2.684,1.098,1.404,0,NULL,NULL,,3,0,2,7,255,1244,250,0,0
stim,142930,173051,0,173051,3370369.454,-0.725,0.258,0.065,-0.635,0,0,10,0,0,0,0,167,51,1.175,1,2198,0,253.092,22.524,112.875,220.625,51.375,1.480,-0.363,2.008,-4.012,-22.164,3.285,2.194,2.566,1.098,1.404,0,NULL,NULL,,3,0,2,7,255,1244,250,0,0
stim,142930,173051,0,173051,3370374.457,-0.724,0.268,0.068,-0.632,0,0,13,0,0,0,0,172,51,1.175,1,2198,0,237.450,22.693,109.125,204.250,52.500,1.531,-0.441,1.781,-4.871,-22.164,0.152,2.072,2.444,1.098,1.404,0,NULL,NULL,,3,0,2,7,255,1244,250,0,0
stim,142930,173051,0,173051,3370379.454,-0.724,0.277,0.071,-0.629,0,0,7,0,0,0,0,207,51,1.175,1,2198,0,221.512,22.693,108.313,187.438,46.938,1.609,-0.453,1.727,-4.871,-22.164,-2.609,1.950,2.322,1.098,1.404,0,NULL,NULL,,3,0,2,7,255,1244,250,0,0
stim,142930,173051,0,173051,3370384.455,-0.722,0.285,0.072,-0.626,0,0,12,0,0,0,0,227,51,1.175,1,2198,0,221.671,22.348,125.313,178.563,39.375,1.680,-0.277,1.406,-4.844,-21.816,-3.855,1.822,2.196,1.098,1.404,0,NULL,NULL,,3,0,2,7,255,1244,250,0,0
stim,142959,173080,0,173080,3370389.454,-0.721,0.294,0.074,-0.623,0,0,11,0,0,0,0,243,51,1.175,1,2198,0,202.960,22.886,125.438,157.625,24.750,2.023,-0.754,1.840,-4.844,-22.367,-6.555,1.690,2.062,1.098,1.404,0,NULL,NULL,,3,0,2,7,255,1244,250,0,0
stim,142959,173080,0,173080,3370394.455,-0.721,0.301,0.076,-0.620,0,0,10,0,0,0,0,265,51,1.175,1,2198,0,189.847,27.701,83.063,159.938,59.688,2.340,-0.953,1.395,-7.063,-26.785,-6.738,1.548,1.922,1.098,1.404,0,NULL,NULL,,3,0,2,7,255,1244,250,0,0
stim,142959,173080,0,173080,3370399.454,-0.721,0.309,0.076,-0.616,0,0,8,0,0,0,0,293,51,1.175,1,2198,0,199.886,27.701,111.000,136.500,94.875,2.324,-0.910,1.078,-7.063,-26.785,-12.668,1.400,1.774,1.098,1.404,0,NULL,NULL,,3,0,2,7,255,1244,250,0,0
stim,142959,173080,0,173080,3370404.455,-0.721,0.317,0.075,-0.611,0,0,11,0,0,0,0,299,51,1.175,1,2198,0,214.741,26.429,146.250,124.000,96.688,2.246,-1.023,1.129,-6.961,-25.496,-15.309,1.246,1.620,1.098,1.404,0,NULL,NULL,,3,0,2,7,255,1244,250,0,0
stim,142959,173080,0,173080,3370409.454,-0.721,0.325,0.073,-0.608,0,0,6,0,0,0,0,307,51,1.175,1,2198,0,202.776,26.429,154.875,105.063,78.063,2.258,-1.078,1.188,-6.961,-25.496,-15.375,1.088,1.460,1.098,1.404,0,NULL,NULL,,3,0,2,7,255,1244,250,0,0
stim,143009,173130,0,173130,3370414.455,-0.720,0.332,0.070,-0.605,0,0,16,0,0,0,0,311,51,1.175,1,2198,0,194.622,26.632,161.938,82.500,69.625,2.383,-1.203,1.227,-7.430,-25.574,-15.457,0.924,1.294,1.098,1.404,0,NULL,NULL,,3,0,2,7,255,1244,250,0,0
stim,143009,173130,0,173130,3370419.454,-0.719,0.340,0.066,-0.602,0,0,10,0,0,0,0,303,51,1.175,1,2198,0,201.592,28.079,175.438,56.375,81.750,2.324,-1.301,1.363,-8.273,-26.832,-15.922,0.758,1.124,1.098,1.404,0,NULL,NULL,,3,0,2,7,255,1244,250,0,0
stim,143009,173130,0,173130,3370424.455,-0.719,0.346,0.061,-0.600,0,0,9,0,0,0,0,299,51,1.175,1,2198,0,198.767,28.784,175.688,24.688,89.625,2.063,-1.105,1.801,-9.586,-27.141,-15.922,0.596,0.952,1.098,1.404,0,NULL,NULL,,3,0,2,7,255,1244,250,0,0
stim,143009,173130,0,173130,3370429.454,-0.718,0.351,0.056,-0.598,0,0,13,0,0,0,0,291,51,1.175,1,2198,0,161.668,28.837,145.813,-8.438,69.313,1.758,-0.988,2.145,-9.746,-27.141,-10.828,0.450,0.788,1.098,1.404,0,NULL,NULL,,3,0,2,7,255,1244,250,0,0
stim,143009,173130,0,173130,3370434.455,-0.718,0.353,0.052,-0.597,0,0,9,0,0,0,0,269,51,1.175,1,2198,0,124.165,28.695,104.438,-39.063,54.625,1.680,-0.820,2.313,-9.961,-26.910,-6.465,0.336,0.636,1.098,1.404,0,NULL,NULL,,3,0,2,7,255,1244,250,0,0
stim,143009,173130,0,173130,3370439.454,-0.719,0.353,0.047,-0.597,0,0,12,0,0,0,0,265,51,1.175,1,2198,0,100.306,28.515,58.250,-70.438,41.313,1.340,-0.445,2.375,-9.961,-26.719,-4.191,0.268,0.492,1.098,1.404,0,NULL,NULL,,3,0,2,7,255,1244,250,0,0
stim,143009,173130,0,173130,3370444.455,-0.719,0.351,0.044,-0.598,0,0,9,0,0,0,0,251,51,1.175,1,2198,0,96.517,25.494,7.875,-96.000,6.125,1.016,-0.281,2.371,-7.879,-24.246,-0.449,0.264,0.358,1.098,1.404,0,NULL,NULL,,3,0,2,7,255,1244,250,0,0
stim,143009,173130,0,173130,3370449.454,-0.720,0.346,0.042,-0.601,0,0,1,0,0,0,0,343,51,1.175,1,2198,0,131.214,23.115,-53.625,-116.688,-26.938,1.063,-0.359,2.379,-7.879,-21.730,1.684,0.306,0.256,1.098,1.404,0,NULL,NULL,,3,0,2,7,255,1244,250,0,0
stim,143029,173150,0,173150,3370454.455,-0.722,0.343,0.034,-0.600,37,0,0,169,0,11,0,435,51,1.175,1,2198,0,199.152,22.879,35.438,-177.500,83.063,-0.020,-0.852,3.676,-8.023,-21.426,1.922,0.358,0.208,1.098,1.404,0,NULL,NULL,,3,0,2,7,255,1244,250,0,0
stim,143029,173150,0,173150,3370459.454,-0.732,0.340,0.018,-0.590,463,0,0,749,0,120,0,438,51,1.175,1,2198,0,510.622,23.164,74.938,-251.000,438.313,-0.895,1.867,6.070,-8.023,-21.730,14.645,0.384,0.220,1.098,1.404,0,NULL,NULL,,3,0,2,7,255,1244,250,0,0
stim,143029,173150,0,173150,3370464.455,-0.750,0.314,0.027,-0.582,971,0,0,1255,0,377,0,548,51,1.175,1,2198,0,773.706,20.957,-700.813,-148.813,292.125,-1.887,2.762,3.953,-7.129,-19.707,40.477,0.388,0.276,1.098,1.404,0,NULL,NULL,,3,0,2,7,255,1244,250,0,0
stim,143029,173150,0,173150,3370469.454,-0.763,0.280,0.046,-0.581,1369,0,0,1527,0,550,0,602,51,1.175,1,2198,0,946.815,6.811,-937.063,-132.625,28.000,-1.863,2.508,-0.180,6.805,0.289,40.477,0.402,0.330,1.098,1.404,0,NULL,NULL,,3,0,2,7,255,1244,250,0,0
stim,143029,173150,0,173150,3370474.455,-0.769,0.256,0.059,-0.583,1695,0,0,1765,0,739,0,656,51,1.175,1,2199,0,627.222,24.589,-611.000,-115.375,-82.313,-1.566,1.590,-1.746,12.727,21.039,4.438,0.426,0.372,1.098,1.404,1,1203.000,-41.000,,3,0,2,7,255,1244,250,0,0
stim,143029,173150,0,173150,3370479.454,-0.768,0.244,0.062,-0.589,1936,0,0,1867,0,944,0,765,51,1.175,1,2199,0,318.832,24.589,-252.125,-126.188,-148.875,-0.375,0.668,-1.082,12.727,21.039,-14.109,0.444,0.404,1.098,1.404,1,NULL,NULL,,3,0,2,7,255,1244,250,0,0
stim,143065,173186,0,173186,3370484.455,-0.767,0.239,0.060,-0.593,2107,0,0,1925,0,1123,0,855,51,1.175,1,2199,0,162.029,11.325,-42.313,-135.063,-78.875,0.438,0.336,0.809,6.676,9.148,-14.109,0.440,0.428,1.098,1.404,1,NULL,NULL,,3,0,2,7,255,1244,250,0,0
stim,143065,173186,0,173186,3370489.454,-0.769,0.231,0.058,-0.593,2257,0,0,2029,0,1287,0,932,51,1.175,1,2199,0,175.811,9.397,-113.125,-132.813,21.750,0.406,1.168,1.594,6.676,-6.613,-3.504,0.408,0.444,1.098,1.404,1,NULL,NULL,,3,0,2,7,255,1244,250,0,0
stim,143065,173186,0,173186,3370494.455,-0.773,0.221,0.059,-0.592,2385,0,0,2131,0,1413,0,1020,51,1.175,1,2199,0,257.214,11.355,-219.438,-124.625,49.750,-0.129,1.270,1.504,9.230,-6.613,5.691,0.364,0.456,1.098,1.404,2,NULL,NULL,,3,0,2,7,255,1244,250,0,0
stim,143065,173186,0,173186,3370499.454,-0.776,0.208,0.062,-0.592,2591,0,0,2407,0,1507,0,1061,51,1.175,1,2199,0,310.553,9.497,-288.500,-114.938,0.188,-0.484,0.422,1.066,9.230,-2.234,5.691,0.324,0.450,1.098,1.404,2,NULL,NULL,,3,0,2,7,255,1244,250,0,0
stim,143065,173186,0,173186,3370504.455,-0.779,0.195,0.066,-0.592,2737,0,0,2605,0,1490,0,1121,51,1.175,1,2199,0,315.340,1.557,-290.813,-121.563,-9.500,-0.973,-0.957,0.445,1.184,1.012,2.277,0.294,0.424,1.098,1.404,2,NULL,NULL,,3,0,2,7,255,1244,250,0,0
stim,143065,173186,0,173186,3370509.454,-0.783,0.182,0.067,-0.591,2825,0,0,2745,0,1501,0,1255,51,1.175,1,2199,0,322.290,13.081,-269.938,-165.813,59.250,-1.246,-1.723,0.199,-12.215,4.680,-4.461,0.278,0.376,1.098,1.404,2,NULL,NULL,,3,0,2,7,255,1244,250,0,0
stim,143105,173226,0,173226,3370514.455,-0.783,0.173,0.066,-0.594,2890,0,0,2837,0,1497,0,1371,51,1.175,1,2199,0,234.032,17.129,-159.625,-150.563,-81.375,-1.063,-1.402,0.395,-16.473,4.695,-5.207,0.282,0.314,1.098,1.404,2,NULL,NULL,,3,0,2,7,255,1244,250,0,0
stim,143105,173226,0,173226,3370519.454,-0.781,0.166,0.064,-0.599,2948,0,0,2918,0,1497,0,1455,51,1.175,1,2199,0,205.327,17.129,-74.625,-151.813,-116.375,-0.035,-0.633,0.734,-16.473,4.695,-5.207,0.302,0.246,1.098,1.404,2,NULL,NULL,,3,0,2,7,255,1244,250,0,0
stim,143105,173226,0,173226,3370524.455,-0.780,0.161,0.060,-0.602,2965,0,0,2968,0,1511,0,1483,51,1.175,1,2199,0,162.770,7.530,-26.063,-141.188,-76.688,0.629,-0.516,1.379,-6.617,-3.594,-3.891,0.318,0.200,1.098,1.404,2,NULL,NULL,,3,0,2,7,255,1244,250,0,0
stim,143105,173226,0,173226,3370529.454,-0.781,0.155,0.057,-0.603,2998,0,0,3032,0,1557,0,1493,51,1.175,1,2199,0,142.322,13.008,-62.875,-127.625,3.750,0.824,-0.832,1.715,-6.617,-11.199,0.438,0.328,0.174,1.098,1.404,2,NULL,NULL,,3,0,2,7,255,1244,250,0,0
stim,143105,173226,0,173226,3370534.455,-0.784,0.148,0.056,-0.600,3007,0,0,3064,0,1669,0,1511,51,1.175,1,2199,0,204.232,13.789,-140.188,-119.688,87.938,0.578,-0.957,1.520,-6.902,-11.938,1.637,0.336,0.160,1.098,1.404,2,NULL,NULL,,3,0,2,7,255,1244,250,0,0
stim,143105,173226,0,173226,3370539.454,-0.789,0.139,0.057,-0.595,3029,0,0,3098,0,1797,0,1563,51,1.175,1,2199,0,261.212,14.504,-192.875,-109.563,137.938,0.004,-0.824,0.918,-8.238,-11.938,1.637,0.344,0.154,1.098,1.404,2,NULL,NULL,,3,0,2,7,255,1244,250,0,0
stim,143105,173226,0,173226,3370544.455,-0.794,0.130,0.057,-0.591,3036,0,0,3111,0,1914,0,1613,51,1.175,1,2199,0,244.446,9.496,-170.063,-111.375,135.750,-0.500,-0.520,0.359,-8.238,-4.723,-2.168,0.352,0.148,1.098,1.404,2,NULL,NULL,,3,0,2,7,255,1244,250,0,0
stim,143105,173226,0,173226,3370549.454,-0.797,0.125,0.054,-0.588,3043,0,0,3124,0,2023,0,1685,51,1.175,1,2199,0,164.458,6.868,-85.063,-116.063,79.625,-0.691,-0.180,0.418,-6.535,2.113,-4.465,0.362,0.138,1.098,1.404,2,NULL,NULL,,3,0,2,7,255,1244,250,0,0
stim,143105,173226,0,173226,3370554.455,-0.798,0.121,0.051,-0.589,3043,0,0,3133,0,2149,9,1815,51,1.175,1,2199,0,123.986,4.946,-27.438,-120.875,3.000,-0.590,0.035,1.008,-3.941,2.988,-4.465,0.374,0.128,1.098,1.404,2,NULL,NULL,,3,0,2,7,255,1244,250,0,0
stim,143105,173226,0,173226,3370559.454,-0.797,0.116,0.048,-0.591,3051,0,0,3144,83,2229,133,1917,51,1.175,1,2199,0,132.636,3.501,-36.125,-117.313,-50.250,-0.191,0.098,1.414,-1.824,2.988,1.078,0.388,0.118,1.098,1.404,2,NULL,NULL,,3,0,2,7,255,1244,250,0,0
stim,143141,173262,0,173262,3370564.455,-0.795,0.112,0.046,-0.594,3047,0,0,3155,361,2281,141,2037,51,1.175,1,2199,0,122.168,1.283,-40.375,-81.313,-81.750,0.348,-0.047,1.949,-0.184,-1.270,4.152,0.406,0.104,1.098,1.404,2,NULL,NULL,,3,0,2,7,255,1244,250,0,0
stim,143141,173262,0,173262,3370569.454,-0.794,0.108,0.047,-0.596,3043,0,0,3156,657,2317,137,2121,51,1.175,1,2199,0,126.494,7.694,-92.313,-47.813,-72.063,0.641,-0.340,1.344,-0.184,-7.691,4.152,0.426,0.090,1.098,1.404,2,NULL,NULL,,3,0,2,7,255,1244,250,0,0
stim,143141,173262,0,173262,3370574.455,-0.794,0.104,0.047,-0.597,3039,0,0,3153,869,2347,152,2165,51,1.175,1,2199,0,76.479,7.692,-61.688,-44.000,-10.375,0.641,0.047,0.828,-0.125,-7.691,1.457,0.446,0.072,1.098,1.404,2,NULL,NULL,,3,0,2,7,255,1244,250,0,0
stim,143141,173262,0,173262,3370579.454,-0.795,0.103,0.047,-0.596,3051,22,0,3161,1020,2375,173,2222,51,1.175,1,2199,0,35.190,7.561,-13.813,-28.063,16.125,0.051,0.035,1.000,0.184,-7.559,-0.301,0.464,0.052,1.098,1.404,2,NULL,NULL,,3,0,2,7,255,1244,250,0,0
stim,143141,173262,0,173262,3370584.456,-0.795,0.101,0.047,-0.596,3051,35,0,3156,1144,2391,207,2280,51,1.175,1,2199,0,48.026,2.515,-41.563,-24.063,-0.188,-0.430,-0.168,1.230,0.184,-2.508,-0.301,0.472,0.046,1.098,1.404,2,NULL,NULL,,3,0,2,7,255,1244,250,0,0
stim,143141,173262,0,173262,3370589.454,-0.794,0.098,0.049,-0.598,3044,61,0,3157,1223,2399,199,2329,51,1.175,1,2199,0,86.955,2.281,-69.250,-21.625,-47.938,-0.383,-0.090,1.082,-2.090,0.914,1.238,0.476,0.044,1.098,1.404,2,NULL,NULL,,3,0,2,7,255,1244,250,0,0
stim,143163,173284,0,173284,3370594.455,-0.792,0.095,0.049,-0.601,3042,85,0,3169,1349,2407,206,2367,51,1.175,1,2199,0,99.832,2.281,-52.250,-17.188,-83.313,-0.035,0.137,0.945,-2.090,0.914,1.238,0.480,0.042,1.098,1.404,2,NULL,NULL,,3,0,2,7,255,1244,250,0,0
stim,143163,173284,0,173284,3370599.454,-0.791,0.094,0.050,-0.603,3055,120,0,3161,1461,2421,207,2403,51,1.175,1,2199,0,72.408,1.646,-30.563,-15.125,-63.875,0.227,0.129,0.969,1.066,-1.254,-0.582,0.484,0.038,1.098,1.404,2,NULL,NULL,,3,0,2,7,255,1244,250,0,0
stim,143163,173284,0,173284,3370604.455,-0.790,0.092,0.050,-0.603,3039,117,0,3165,1531,2427,214,2439,51,1.175,1,2199,0,40.947,3.476,-34.313,-12.625,-18.438,0.105,-0.105,1.035,1.066,-3.309,-0.582,0.492,0.032,1.098,1.404,2,NULL,NULL,,3,0,2,7,255,1244,250,0,0
stim,143163,173284,0,173284,3370609.454,-0.791,0.090,0.051,-0.603,3055,150,0,3161,1589,2441,214,2457,51,1.175,1,2199,0,49.694,3.408,-48.500,-10.813,-0.563,-0.188,-0.191,0.992,-0.816,-3.309,-0.133,0.502,0.024,1.098,1.404,2,NULL,NULL,,3,0,2,7,255,1244,250,0,0
stim,143207,173328,0,173328,3370614.456,-0.790,0.088,0.052,-0.604,3052,173,12,3173,1641,2443,228,2463,51,1.175,1,2199,0,50.988,1.101,-43.063,-9.250,-25.688,-0.305,0.004,0.906,-0.816,-0.738,-0.133,0.508,0.022,1.098,1.404,2,NULL,NULL,,3,0,2,7,255,1244,250,0,0
stim,143207,173328,0,173328,3370619.454,-0.789,0.087,0.053,-0.606,3053,187,26,3164,1705,2459,221,2475,51,1.175,1,2199,0,65.261,0.790,-23.625,-6.938,-60.438,-0.152,0.148,0.930,-0.789,-0.047,-0.547,0.514,0.018,1.098,1.404,2,NULL,NULL,,3,0,2,7,255,1244,250,0,0
stim,143207,173328,0,173328,3370624.455,-0.787,0.086,0.053,-0.608,3062,218,78,3165,1751,2461,224,2489,51,1.175,1,2199,0,64.822,0.658,-13.125,-2.313,-63.438,0.074,0.051,1.051,0.656,-0.047,-0.547,0.522,0.014,1.098,1.404,2,NULL,NULL,,3,0,2,7,255,1244,250,0,0
stim,143207,173328,0,173328,3370629.454,-0.786,0.085,0.054,-0.609,3079,240,145,3167,1803,2467,217,2505,51,1.175,1,2199,0,39.492,2.694,-24.688,0.875,-30.813,0.137,-0.078,1.137,0.656,-2.613,0.160,0.528,0.008,1.098,1.404,2,NULL,NULL,,3,0,2,7,255,1244,250,0,0
stim,143207,173329,0,173329,3370634.455,-0.787,0.083,0.055,-0.609,3080,260,219,3179,1831,2472,186,2507,51,1.175,1,2199,0,40.780,2.638,-40.750,-0.063,1.563,-0.016,-0.109,1.023,-0.359,-2.613,0.160,0.536,0.004,1.098,1.404,2,NULL,NULL,,3,0,2,7,255,1244,250,0,0
stim,143207,173329,0,173329,3370639.454,-0.787,0.082,0.056,-0.609,3064,267,263,3181,1863,2479,187,2504,51,1.175,1,2199,0,31.816,2.117,-31.813,0.438,0.250,-0.188,0.055,0.891,-0.359,-2.086,0.008,0.542,0.000,1.098,1.404,2,NULL,NULL,,3,0,2,7,255,1244,250,0,0
stim,143225,173346,0,173346,3370644.455,-0.786,0.082,0.056,-0.610,3065,279,317,3176,1891,2485,173,2508,51,1.175,1,2199,0,22.766,0.169,-13.438,0.250,-18.375,-0.156,0.094,0.945,0.117,-0.121,-0.406,0.000,0.000,1.098,1.404,2,NULL,NULL,,3,0,2,7,255,1244,250,0,0
stim,143225,173346,0,173346,3370649.454,-0.786,0.081,0.056,-0.610,3077,286,366,3175,1899,2491,172,2509,51,1.175,1,2199,0,20.650,0.169,-8.375,0.188,-18.875,-0.035,-0.016,1.039,0.117,-0.121,-0.406,0.000,0.000,1.098,1.404,2,NULL,NULL,,3,0,2,7,255,1244,250,0,0
stim,143225,173346,0,173346,3370654.455,-0.786,0.081,0.057,-0.610,3079,285,407,3179,1911,2492,171,2517,51,1.175,1,2199,0,14.057,1.695,-14.000,0.688,-1.063,-0.039,-0.031,1.043,-0.117,-1.691,0.250,0.000,0.000,1.098,1.404,2,NULL,NULL,,3,0,2,7,255,1244,250,0,0
stim,143225,173346,0,173346,3370659.454,-0.786,0.080,0.057,-0.610,3078,291,439,3187,1919,2494,168,2523,51,1.124,1,2199,1,17.505,1.695,-15.063,0.875,8.875,-0.156,0.047,1.004,-0.117,-1.691,0.250,0.000,0.000,1.047,1.360,2,NULL,NULL,,3,0,2,7,255,1244,250,0,0
stim,143225,173346,0,173346,3370664.455,-0.786,0.080,0.057,-0.610,3087,285,458,3178,1939,2493,165,2523,51,1.124,1,2199,1,9.535,0.411,-9.500,0.813,-0.063,-0.215,0.086,1.004,0.176,-0.371,0.266,0.004,0.004,1.047,1.360,2,NULL,NULL,,3,0,2,7,255,1244,250,0,0
stim,143225,173346,0,173346,3370669.454,-0.786,0.080,0.057,-0.610,3092,287,491,3177,1945,2501,153,2520,51,1.124,1,2199,1,11.483,0.411,-6.313,0.750,-9.563,-0.156,0.027,1.027,0.176,-0.371,0.266,0.012,0.008,1.047,1.360,2,NULL,NULL,,3,0,2,7,255,1244,250,0,0
stim,143225,173346,0,173346,3370674.456,-0.786,0.079,0.057,-0.611,3067,285,517,3177,1959,2495,152,2519,51,1.124,1,2199,1,9.475,0.447,-7.875,0.438,-5.250,-0.090,-0.023,1.031,0.043,-0.445,0.266,0.018,0.012,1.047,1.360,2,NULL,NULL,,3,0,2,7,255,1244,250,0,0
stim,143225,173346,0,173346,3370679.454,-0.786,0.079,0.058,-0.610,3077,287,552,3175,1977,2505,151,2515,51,1.124,1,2199,1,9.214,0.838,-8.750,0.250,2.875,-0.129,-0.031,0.996,-0.293,-0.785,0.262,0.024,0.018,1.047,1.360,2,NULL,NULL,,3,0,2,7,255,1244,250,0,0
stim,143253,173374,0,173374,3370684.455,-0.786,0.079,0.058,-0.610,3079,292,588,3178,1974,2505,151,2511,51,1.124,1,2199,1,6.695,0.912,-5.938,-0.438,3.063,-0.180,-0.027,0.977,-0.465,-0.785,0.008,0.032,0.024,1.047,1.360,2,NULL,NULL,,3,0,2,7,255,1244,250,0,0
stim,143253,173374,0,173374,3370689.455,-0.786,0.079,0.058,-0.610,3063,287,603,3181,1981,2495,157,2520,51,1.124,1,2199,1,2.776,0.521,-2.063,-1.250,-1.375,-0.184,-0.016,0.980,-0.465,-0.234,-0.039,0.038,0.030,1.047,1.360,2,NULL,NULL,,3,0,2,7,255,1244,250,0,0
stim,143253,173374,0,173374,3370694.455,-0.786,0.079,0.058,-0.611,3060,286,621,3165,1990,2505,153,2517,51,1.124,1,2199,1,3.465,0.496,0.000,-2.188,-2.688,-0.160,0.008,0.996,-0.438,-0.234,-0.039,0.046,0.034,1.047,1.360,2,NULL,NULL,,3,0,2,7,255,1244,250,0,0
stim,143253,173374,0,173374,3370699.454,-0.786,0.078,0.058,-0.611,3051,281,633,3167,1994,2494,154,2527,51,1.124,1,2199,1,3.280,0.388,0.000,-2.813,-1.688,-0.160,0.023,1.008,-0.172,-0.348,0.070,0.052,0.040,1.047,1.360,2,NULL,NULL,,3,0,2,7,255,1244,250,0,0
stim,143253,173374,0,173374,3370704.455,-0.786,0.078,0.058,-0.611,3055,280,644,3165,2005,2501,157,2521,51,1.124,1,2199,1,4.164,0.388,-1.063,-3.563,-1.875,-0.164,0.004,0.996,-0.172,-0.348,0.090,0.056,0.044,1.047,1.360,2,NULL,NULL,,3,0,2,7,255,1244,250,0,0
stim,143253,173374,0,173374,3370709.454,-0.786,0.078,0.058,-0.611,3038,275,637,3147,2009,2499,159,2522,51,1.124,1,2199,1,4.986,0.384,-0.813,-4.375,-2.250,-0.172,-0.039,0.969,-0.199,-0.328,0.090,0.062,0.048,1.047,1.360,2,NULL,NULL,,3,0,2,7,255,1244,250,0,0
stim,143308,173430,0,173430,3370714.455,-0.786,0.078,0.057,-0.611,3030,269,654,3140,2025,2493,176,2525,51,1.124,1,2199,1,6.197,0.697,1.500,-5.625,-2.125,-0.180,-0.063,0.953,-0.621,-0.316,-0.180,0.066,0.052,1.047,1.360,2,NULL,NULL,,3,0,2,7,255,1244,250,0,0
stim,143308,173430,0,173430,3370719.454,-0.786,0.078,0.057,-0.611,3021,267,661,3143,2035,2484,197,2525,51,1.124,1,2199,1,8.748,0.820,4.688,-6.750,-3.000,-0.184,-0.051,0.957,-0.773,-0.273,-0.262,0.070,0.054,1.047,1.360,2,NULL,NULL,,3,0,2,7,255,1244,250,0,0
stim,143308,173430,0,173430,3370724.455,-0.786,0.078,0.057,-0.611,3013,261,661,3115,2039,2487,200,2531,51,1.124,1,2199,1,11.432,0.810,7.250,-7.750,-4.250,-0.176,-0.023,0.973,-0.773,-0.242,-0.262,0.072,0.054,1.047,1.360,2,NULL,NULL,,3,0,2,7,255,1244,250,0,0
stim,143308,173430,0,173430,3370729.454,-0.786,0.078,0.056,-0.611,3013,251,688,3107,2059,2491,211,2541,51,1.124,1,2199,1,12.765,0.542,8.250,-8.938,-3.875,-0.164,0.000,0.984,-0.484,-0.242,-0.141,0.074,0.056,1.047,1.360,2,NULL,NULL,,3,0,2,7,255,1244,250,0,0
stim,143308,173430,0,173430,3370734.455,-0.785,0.078,0.056,-0.611,2983,251,699,3091,2072,2487,225,2548,51,1.124,1,2199,1,13.036,0.357,7.875,-10.250,-1.688,-0.168,0.023,0.992,-0.262,-0.242,-0.035,0.076,0.054,1.047,1.360,2,NULL,NULL,,3,0,2,7,255,1244,250,0,0
stim,143308,173430,0,173430,3370739.454,-0.785,0.078,0.055,-0.612,2983,251,725,3078,2103,2479,249,2565,51,1.124,1,2199,1,13.597,0.211,7.125,-11.438,-1.813,-0.184,0.043,0.996,-0.059,-0.203,0.059,0.078,0.054,1.047,1.360,2,NULL,NULL,,3,0,2,7,255,1244,250,0,0
stim,143308,173430,0,173430,3370744.455,-0.785,0.078,0.054,-0.612,2959,255,763,3059,2131,2483,279,2572,51,1.124,1,2199,1,15.354,0.074,7.563,-12.750,-4.000,-0.184,0.063,0.992,0.070,-0.023,0.086,0.078,0.054,1.047,1.360,2,NULL,NULL,,3,0,2,7,255,1244,250,0,0
stim,143309,173430,0,173430,3370749.454,-0.785,0.078,0.053,-0.612,2943,261,797,3053,2165,2489,330,2579,51,1.124,1,2199,1,17.759,0.247,9.500,-14.125,-5.063,-0.172,0.113,1.004,0.246,0.020,0.109,0.078,0.052,1.047,1.360,2,NULL,NULL,,3,0,2,7,255,1244,250,0,0
stim,143309,173430,0,173430,3370754.455,-0.785,0.078,0.053,-0.612,2922,254,856,3027,2195,2488,359,2587,51,1.124,1,2199,1,19.078,0.759,10.125,-15.250,-5.375,-0.164,0.172,1.039,0.758,0.043,0.195,0.078,0.050,1.047,1.360,2,NULL,NULL,,3,0,2,7,255,1244,250,0,0
stim,143309,173430,0,173430,3370759.454,-0.785,0.078,0.052,-0.612,2907,264,887,3007,2231,2489,379,2601,51,1.124,1,2199,1,18.269,1.346,6.563,-15.813,-6.375,-0.160,0.227,1.063,1.344,0.074,0.535,0.076,0.046,1.047,1.360,2,NULL,NULL,,3,0,2,7,255,1244,250,0,0
stim,143329,173450,0,173450,3370764.455,-0.785,0.077,0.051,-0.613,2873,265,952,2989,2259,2487,429,2621,51,1.124,1,2199,1,17.808,1.852,1.938,-16.313,-6.875,-0.168,0.246,1.059,1.848,0.125,0.766,0.074,0.042,1.047,1.360,2,NULL,NULL,,3,0,2,7,255,1244,250,0,0
stim,143329,173450,0,173450,3370769.454,-0.785,0.077,0.050,-0.613,2857,265,1019,2972,2281,2484,520,2628,51,1.124,1,2199,1,19.050,1.864,-2.500,-16.500,-9.188,-0.168,0.223,1.047,1.848,0.246,0.766,0.072,0.038,1.047,1.360,2,NULL,NULL,,3,0,2,7,255,1244,250,0,0
stim,143329,173450,0,173450,3370774.455,-0.784,0.076,0.050,-0.614,2838,273,1097,2957,2323,2488,563,2642,51,1.124,1,2199,1,21.493,1.794,-4.938,-16.438,-12.938,-0.152,0.184,1.027,1.777,0.246,0.637,0.070,0.032,1.047,1.360,2,NULL,NULL,,3,0,2,7,255,1244,250,0,0
stim,143329,173450,0,173450,3370779.454,-0.784,0.076,0.049,-0.614,2803,279,1163,2952,2357,2495,647,2655,51,1.124,1,2199,1,23.068,1.446,-5.813,-16.125,-15.438,-0.137,0.141,1.004,1.445,0.051,0.391,0.068,0.026,1.047,1.360,2,NULL,NULL,,3,0,2,7,255,1244,250,0,0
stim,143362,173483,0,173483,3370784.455,-0.784,0.075,0.049,-0.615,2781,283,1229,2919,2389,2491,748,2675,51,1.124,1,2199,1,23.704,1.080,-5.625,-16.063,-16.500,-0.129,0.102,1.008,1.066,-0.168,0.152,0.066,0.020,1.047,1.360,2,NULL,NULL,,3,0,2,7,255,1244,250,0,0
stim,143362,173483,0,173483,3370789.454,-0.783,0.075,0.048,-0.615,2763,304,1338,2905,2423,2489,854,2680,51,1.124,1,2199,1,25.396,0.766,-6.688,-15.313,-19.125,-0.141,0.094,1.016,0.730,-0.230,0.152,0.066,0.014,1.047,1.360,2,NULL,NULL,,3,0,2,7,255,1244,250,0,0
stim,143362,173483,0,173483,3370794.455,-0.783,0.074,0.048,-0.616,2714,325,1435,2899,2457,2495,967,2685,51,1.124,1,2199,1,28.924,0.684,-10.125,-15.000,-22.563,-0.156,0.098,1.027,0.645,-0.230,0.262,0.066,0.008,1.047,1.360,2,NULL,NULL,,3,0,2,7,255,1244,250,0,0
stim,143362,173483,0,173483,3370799.454,-0.782,0.073,0.048,-0.617,2677,339,1492,2867,2483,2506,1046,2697,51,1.124,1,2199,1,35.621,0.608,-15.750,-14.563,-28.438,-0.176,0.078,1.039,0.605,-0.055,0.395,0.068,0.004,1.047,1.360,2,NULL,NULL,,3,0,2,7,255,1244,250,0,0
stim,143362,173483,0,173483,3370804.455,-0.781,0.072,0.048,-0.618,2637,339,1638,2847,2521,2500,1134,2707,51,1.124,1,2199,1,44.299,0.397,-23.125,-14.688,-34.813,-0.180,0.027,1.020,0.395,0.047,0.395,0.070,0.002,1.047,1.360,2,NULL,NULL,,3,0,2,7,255,1244,250,0,0
stim,143362,173483,0,173483,3370809.455,-0.780,0.070,0.049,-0.620,2588,365,1735,2826,2536,2492,1243,2718,51,1.124,1,2199,1,50.215,0.088,-27.750,-15.500,-38.875,-0.180,0.000,0.988,-0.074,0.047,0.340,0.072,0.002,1.047,1.360,2,NULL,NULL,,3,0,2,7,255,1244,250,0,0
stim,143409,173530,0,173530,3370814.455,-0.779,0.069,0.049,-0.621,2521,383,1815,2803,2585,2493,1371,2730,51,1.124,1,2199,1,53.321,0.288,-27.438,-15.875,-42.875,-0.164,-0.004,0.973,-0.285,0.039,0.027,0.076,0.002,1.047,1.360,2,NULL,NULL,,3,0,2,7,255,1244,250,0,0
stim,143409,173530,0,173530,3370819.454,-0.778,0.067,0.049,-0.622,2461,392,1927,2787,2609,2495,1481,2751,51,1.124,1,2199,1,54.127,0.291,-26.063,-16.938,-44.313,-0.152,-0.016,0.977,-0.285,-0.059,-0.117,0.078,0.004,1.047,1.360,2,NULL,NULL,,3,0,2,7,255,1244,250,0,0
stim,143409,173530,0,173530,3370824.457,-0.777,0.065,0.049,-0.624,2419,415,2018,2763,2631,2511,1581,2761,51,1.124,1,2199,1,56.347,0.393,-27.500,-17.563,-45.938,-0.145,-0.027,1.004,-0.352,-0.176,-0.117,0.080,0.006,1.047,1.360,2,NULL,NULL,,3,0,2,7,255,1244,250,0,0
stim,143409,173530,0,173530,3370829.454,-0.776,0.064,0.050,-0.626,2372,435,2109,2727,2655,2503,1659,2781,51,1.124,1,2199,1,60.297,0.487,-31.625,-17.875,-48.125,-0.129,-0.063,1.008,-0.383,-0.301,0.125,0.082,0.006,1.047,1.360,2,NULL,NULL,,3,0,2,7,255,1244,250,0,0
stim,143409,173530,0,173530,3370834.455,-0.775,0.062,0.050,-0.627,2293,447,2193,2682,2677,2515,1755,2789,51,1.124,1,2199,1,62.215,0.847,-36.438,-18.438,-46.938,-0.109,-0.094,1.004,-0.672,-0.516,0.125,0.082,0.008,1.047,1.360,2,NULL,NULL,,3,0,2,7,255,1244,250,0,0
stim,143409,173530,0,173530,3370839.454,-0.774,0.059,0.051,-0.629,2205,446,2263,2665,2711,2506,1835,2803,51,1.124,1,2199,1,65.994,1.151,-42.125,-18.500,-47.313,-0.109,-0.109,1.023,-0.902,-0.715,0.145,0.084,0.010,1.047,1.360,2,NULL,NULL,,3,0,2,7,255,1244,250,0,0
stim,143409,173530,0,173530,3370844.455,-0.773,0.057,0.052,-0.630,2147,460,2329,2626,2720,2517,1931,2809,51,1.124,1,2199,1,72.855,1.151,-49.813,-18.750,-49.750,-0.117,-0.078,1.012,-0.902,-0.715,0.168,0.084,0.012,1.047,1.360,2,NULL,NULL,,3,0,2,7,255,1244,250,0,0
stim,143409,173530,0,173530,3370849.454,-0.771,0.055,0.052,-0.632,2075,473,2367,2597,2745,2517,2010,2823,51,1.124,1,2199,1,69.520,0.995,-45.563,-18.375,-49.188,-0.063,0.004,0.906,-0.680,-0.727,0.168,0.084,0.014,1.047,1.360,2,NULL,NULL,,3,0,2,7,255,1244,250,0,0
stim,143409,173530,0,173530,3370854.456,-0.770,0.053,0.053,-0.633,1998,473,2427,2539,2746,2505,2073,2829,51,1.124,1,2199,1,54.647,0.727,-30.563,-19.000,-41.125,-0.047,-0.023,0.891,0.000,-0.727,-0.949,0.084,0.016,1.047,1.360,2,NULL,NULL,,3,0,2,7,255,1244,250,0,0
stim,143409,173530,0,173530,3370859.454,-0.770,0.052,0.052,-0.634,1907,475,2476,2493,2777,2509,2134,2847,51,1.124,1,2199,1,43.376,0.727,-21.375,-19.813,-32.125,-0.094,-0.070,0.988,0.000,-0.727,-0.949,0.084,0.016,1.047,1.360,2,NULL,NULL,,3,0,2,7,255,1244,250,0,0
stim,143439,173560,0,173560,3370864.455,-0.769,0.050,0.052,-0.635,1817,483,2524,2452,2797,2509,2188,2843,51,1.124,1,2199,1,42.196,0.796,-22.063,-19.938,-29.938,-0.129,-0.063,1.035,-0.434,-0.668,-0.090,0.084,0.018,1.047,1.360,2,NULL,NULL,,3,0,2,7,255,1244,250,0,0
stim,143439,173560,0,173560,3370869.455,-0.768,0.048,0.053,-0.636,1733,477,2555,2375,2811,2506,2251,2867,51,1.124,1,2199,1,45.632,0.568,-25.813,-20.000,-31.875,-0.125,-0.043,1.031,-0.434,-0.367,0.375,0.086,0.020,1.047,1.360,2,NULL,NULL,,3,0,2,7,255,1244,250,0,0
stim,143439,173560,0,173560,3370874.455,-0.767,0.047,0.053,-0.637,1610,466,2553,2317,2811,2515,2285,2867,51,1.124,1,2199,1,50.478,0.395,-31.188,-20.375,-34.063,-0.125,-0.031,1.035,-0.207,-0.336,0.406,0.086,0.020,1.047,1.360,2,NULL,NULL,,3,0,2,7,255,1244,250,0,0
stim,143439,173560,0,173560,3370879.454,-0.766,0.045,0.053,-0.639,1497,453,2630,2259,2839,2511,2329,2878,51,1.124,1,2199,1,55.748,0.332,-34.750,-20.563,-38.438,-0.113,-0.020,1.023,-0.086,-0.320,0.375,0.088,0.022,1.047,1.360,2,NULL,NULL,,3,0,2,7,255,1244,250,0,0
stim,143439,173560,0,173560,3370884.455,-0.765,0.043,0.053,-0.640,1339,433,2659,2195,2845,2505,2363,2879,51,1.124,1,2199,1,54.700,0.331,-33.125,-20.313,-38.500,-0.059,-0.020,0.969,0.082,-0.320,0.293,0.090,0.022,1.047,1.360,2,NULL,NULL,,3,0,2,7,255,1244,250,0,0
stim,143439,173560,0,173560,3370889.454,-0.765,0.041,0.053,-0.641,1222,405,2661,2095,2854,2503,2403,2885,51,1.124,1,2199,1,45.223,0.782,-25.125,-20.438,-31.563,-0.035,-0.051,0.945,0.082,-0.777,-0.344,0.090,0.022,1.047,1.360,2,NULL,NULL,,3,0,2,7,255,1244,250,0,0
stim,143463,173584,0,173584,3370894.455,-0.764,0.040,0.053,-0.642,1103,367,2715,1997,2875,2489,2439,2891,51,1.124,1,2199,1,35.008,0.863,-17.313,-20.688,-22.313,-0.059,-0.098,0.973,-0.074,-0.859,-0.344,0.092,0.022,1.047,1.360,2,NULL,NULL,,3,0,2,7,255,1244,250,0,0
stim,143463,173584,0,173584,3370899.454,-0.764,0.039,0.053,-0.642,1009,345,2728,1873,2885,2483,2469,2894,51,1.124,1,2199,1,31.234,1.010,-14.625,-20.813,-18.125,-0.102,-0.090,1.012,-0.531,-0.859,-0.262,0.094,0.022,1.047,1.360,2,NULL,NULL,,3,0,2,7,255,1244,250,0,0
stim,143463,173584,0,173584,3370904.455,-0.763,0.038,0.052,-0.643,892,335,2763,1765,2888,2479,2495,2902,51,1.124,1,2199,1,33.154,0.696,-16.313,-20.750,-20.063,-0.113,-0.051,1.035,-0.531,-0.449,0.184,0.096,0.022,1.047,1.360,2,NULL,NULL,,3,0,2,7,255,1244,250,0,0
stim,143463,173584,0,173584,3370909.454,-0.763,0.036,0.052,-0.644,740,302,2766,1623,2908,2475,2533,2911,51,1.124,1,2199,1,34.931,0.472,-17.875,-20.938,-21.500,-0.082,-0.023,1.027,-0.145,-0.449,0.262,0.098,0.022,1.047,1.360,2,NULL,NULL,,3,0,2,7,255,1244,250,0,0
stim,143503,173624,0,173624,3370914.456,-0.762,0.035,0.052,-0.644,616,281,2787,1479,2911,2469,2551,2909,51,1.124,1,2199,1,34.107,0.518,-19.063,-21.500,-18.375,-0.043,-0.020,1.008,0.184,-0.484,0.262,0.100,0.022,1.047,1.360,2,NULL,NULL,,3,0,2,7,255,1244,250,0,0
stim,143503,173624,0,173624,3370919.454,-0.762,0.034,0.052,-0.645,503,237,2733,1359,2911,2459,2577,2917,51,1.124,1,2199,1,29.746,0.518,-16.438,-20.875,-13.375,-0.086,-0.035,0.984,0.184,-0.484,0.031,0.104,0.024,1.047,1.360,2,NULL,NULL,,3,0,2,7,255,1244,250,0,0
stim,143503,173624,0,173624,3370924.455,-0.762,0.033,0.051,-0.645,382,189,2812,1203,2925,2445,2595,2923,51,1.124,1,2199,1,27.416,0.400,-9.188,-22.500,-12.688,-0.121,-0.027,1.008,0.129,-0.379,0.031,0.106,0.026,1.047,1.360,2,NULL,NULL,,3,0,2,7,255,1244,250,0,0
stim,143503,173624,0,173624,3370929.454,-0.761,0.032,0.051,-0.646,311,183,2842,1063,2936,2440,2615,2925,51,1.124,1,2199,1,30.653,0.302,-10.063,-22.875,-17.750,-0.098,-0.016,1.035,0.129,-0.273,0.117,0.106,0.026,1.047,1.360,2,NULL,NULL,,3,0,2,7,255,1244,250,0,0
stim,143503,173624,0,173624,3370934.455,-0.761,0.031,0.050,-0.646,200,159,2846,911,2941,2427,2627,2939,51,1.124,1,2199,1,32.471,0.348,-11.750,-22.500,-20.250,-0.094,-0.023,1.035,0.215,-0.273,0.352,0.108,0.028,1.047,1.360,2,NULL,NULL,,3,0,2,7,255,1244,250,0,0
stim,143503,173624,0,173624,3370939.454,-0.760,0.030,0.050,-0.647,115,144,2863,756,2951,2413,2648,2933,51,1.124,1,2199,1,32.067,0.412,-11.250,-23.750,-18.375,-0.078,0.008,1.039,0.285,-0.297,0.355,0.108,0.030,1.047,1.360,2,NULL,NULL,,3,0,2,7,255,1244,250,0,0
stim,143524,173645,0,173645,3370944.455,-0.760,0.028,0.049,-0.647,70,85,2872,621,2963,2397,2675,2934,51,1.124,1,2199,1,35.742,0.674,-15.188,-23.250,-22.500,-0.063,0.008,1.027,0.555,-0.383,0.355,0.108,0.030,1.047,1.360,2,NULL,NULL,,3,0,2,7,255,1244,250,0,0
stim,143524,173645,0,173645,3370949.454,-0.760,0.027,0.049,-0.648,37,59,2823,505,2967,2391,2677,2939,51,1.124,1,2199,1,32.014,0.747,-10.875,-25.188,-16.500,-0.051,-0.008,1.020,0.555,-0.500,0.227,0.110,0.030,1.047,1.360,2,NULL,NULL,,3,0,2,7,255,1244,250,0,0
stim,143524,173645,0,173645,3370954.455,-0.759,0.026,0.048,-0.648,23,43,2893,345,2973,2361,2699,2943,51,1.124,1,2199,1,31.459,0.756,-7.688,-26.563,-15.000,-0.063,0.008,1.035,0.566,-0.500,0.227,0.110,0.032,1.047,1.360,2,NULL,NULL,,3,0,2,7,255,1244,250,0,0
stim,143524,173645,0,173645,3370959.454,-0.759,0.025,0.047,-0.649,1,31,2904,227,2973,2335,2713,2949,51,1.124,1,2199,1,34.015,0.748,-9.000,-27.625,-17.688,-0.055,0.039,1.035,0.602,-0.445,0.309,0.110,0.032,1.047,1.360,2,NULL,NULL,,3,0,2,7,255,1244,250,0,0
stim,143524,173645,0,173645,3370964.455,-0.759,0.024,0.046,-0.650,0,25,2911,167,2983,2315,2729,2951,51,1.124,1,2199,1,34.013,0.746,-4.250,-29.813,-15.813,-0.105,0.000,1.074,0.602,-0.441,0.320,0.112,0.032,1.047,1.360,2,NULL,NULL,,3,0,2,7,255,1244,250,0,0
stim,143524,173645,1,173645,3370969.454,-0.759,0.024,0.045,-0.650,0,16,2922,151,2989,2291,2757,2967,51,1.124,1,2199,1,36.555,0.488,7.250,-35.625,-3.813,-0.195,-0.043,1.172,0.488,-0.008,0.742,0.112,0.032,1.047,1.360,2,NULL,NULL,,3,1,2,7,255,1244,250,0,0
stim,143524,173645,1,173645,3370974.456,-0.758,0.023,0.043,-0.650,0,0,2930,124,2995,2269,2764,2955,51,1.124,1,2199,0,41.971,0.746,13.250,-39.000,-8.063,-0.301,-0.121,1.313,-0.004,0.746,1.801,0.114,0.034,1.047,1.360,3,NULL,NULL,,3,1,2,7,255,1244,250,0,0
stim,143524,173645,1,173645,3370979.454,-0.758,0.022,0.041,-0.650,0,0,2936,111,3000,2251,2780,2957,51,1.124,1,2199,0,52.911,1.436,21.938,-48.063,-2.875,-0.289,-0.066,1.465,-0.227,1.418,3.305,0.116,0.036,1.047,1.360,3,NULL,NULL,,3,1,2,7,255,1244,250,0,0
stim,143524,173645,1,173645,3370984.455,-0.758,0.020,0.040,-0.651,0,0,2940,93,3005,2226,2794,2959,51,1.124,1,2199,0,58.188,1.436,-29.938,-48.000,-13.625,-0.070,0.008,1.313,-0.227,1.418,3.305,0.118,0.038,1.047,1.360,3,NULL,NULL,,3,1,2,7,255,1244,250,0,0
stim,143554,173675,1,173675,3370989.454,-0.758,0.017,0.040,-0.651,0,0,2949,84,3016,2195,2809,2963,51,1.124,1,2199,0,67.043,0.513,-46.688,-47.313,-8.750,-0.031,-0.023,1.023,0.332,-0.391,3.027,0.120,0.044,1.047,1.360,3,NULL,NULL,,3,1,2,7,255,1244,250,0,0
stim,143554,173675,1,173675,3370994.455,-0.759,0.015,0.039,-0.650,0,0,2943,69,3017,2155,2824,2964,51,1.124,1,2199,0,59.986,0.564,-17.750,-54.563,17.500,-0.074,-0.008,0.965,0.406,-0.391,0.199,0.118,0.050,1.047,1.360,3,NULL,NULL,,3,1,2,7,255,1244,250,0,0
stim,143554,173675,1,173675,3370999.454,-0.759,0.014,0.037,-0.649,0,0,2958,39,3026,2105,2836,2967,51,1.124,1,2199,0,61.828,0.333,1.313,-58.250,20.688,-0.195,-0.008,1.055,0.332,-0.020,0.199,0.114,0.058,1.047,1.360,3,NULL,NULL,,3,1,2,7,255,1244,250,0,0
stim,143554,173675,1,173675,3371004.455,-0.760,0.012,0.035,-0.649,0,0,2963,3,3031,2057,2845,2965,51,1.124,1,2199,0,61.721,1.181,1.250,-61.500,5.063,-0.230,-0.059,1.148,0.273,1.148,0.609,0.110,0.064,1.047,1.360,3,NULL,NULL,,3,1,2,7,255,1244,250,0,0
stim,143554,173675,1,173675,3371009.454,-0.760,0.010,0.033,-0.649,0,0,2965,0,3034,1989,2857,2965,51,1.124,1,2199,0,64.882,1.169,-3.875,-64.688,-3.188,-0.129,-0.105,1.160,-0.219,1.148,1.578,0.104,0.070,1.047,1.360,3,NULL,NULL,,3,1,2,7,255,1244,250,0,0
stim,143608,173729,1,173729,3371014.455,-0.760,0.008,0.031,-0.649,0,0,2969,0,3039,1925,2871,2965,51,1.124,1,2199,0,67.477,0.685,-10.625,-66.625,1.188,-0.074,-0.117,1.117,-0.539,0.422,1.578,0.098,0.074,1.047,1.360,3,NULL,NULL,,3,1,2,7,255,1244,250,0,0
stim,143608,173729,1,173729,3371019.454,-0.760,0.005,0.029,-0.649,0,0,2970,0,3043,1847,2886,2965,51,1.124,1,2199,0,70.915,0.576,-11.125,-69.188,10.875,-0.078,-0.113,1.074,-0.570,0.082,1.215,0.092,0.080,1.047,1.360,3,NULL,NULL,,3,1,2,7,255,1244,250,0,0
stim,143608,173729,1,173729,3371024.455,-0.761,0.003,0.027,-0.648,0,0,2959,0,3047,1779,2893,2965,51,1.124,1,2199,0,74.878,0.576,-7.000,-72.375,17.875,-0.117,-0.086,1.078,-0.570,0.082,0.832,0.084,0.088,1.047,1.360,3,NULL,NULL,,3,1,2,7,255,1244,250,0,0
stim,143608,173729,1,173729,3371029.454,-0.762,0.001,0.025,-0.648,0,0,2969,0,3051,1699,2903,2962,51,1.124,1,2199,0,75.406,0.665,-7.750,-74.250,10.625,-0.109,-0.074,1.047,-0.379,0.547,0.781,0.076,0.098,1.047,1.360,3,NULL,NULL,,3,1,2,7,255,1244,250,0,0
stim,143608,173729,1,173729,3371034.455,-0.762,-0.001,0.022,-0.647,0,0,2967,0,3055,1599,2909,2963,51,1.124,1,2199,0,78.161,0.681,-1.188,-77.125,12.625,-0.129,-0.141,1.051,-0.379,0.566,0.598,0.068,0.108,1.047,1.360,3,NULL,NULL,,3,1,2,7,255,1244,250,0,0
stim,143608,173729,1,173729,3371039.454,-0.762,-0.003,0.020,-0.647,0,0,2965,0,3060,1515,2923,2956,51,1.124,1,2199,0,80.074,0.720,3.563,-79.375,9.938,-0.078,-0.098,1.090,-0.445,0.566,0.598,0.062,0.120,1.047,1.360,3,NULL,NULL,,3,1,2,7,255,1244,250,0,0
stim,143608,173729,1,173729,3371044.455,-0.763,-0.006,0.017,-0.646,0,0,2961,0,3061,1390,2931,2955,51,1.124,1,2199,0,82.197,1.203,-0.188,-81.250,12.438,-0.125,-0.168,1.086,-0.949,0.738,0.926,0.056,0.132,1.047,1.360,3,NULL,NULL,,3,1,2,7,255,1244,250,0,0
stim,143608,173729,1,173729,3371049.454,-0.763,-0.008,0.014,-0.646,0,0,2957,0,3065,1255,2938,2951,51,1.124,1,2199,0,84.952,0.796,6.500,-84.125,9.875,-0.082,-0.105,1.070,-0.570,0.555,0.926,0.054,0.144,1.047,1.360,3,NULL,NULL,,3,1,2,7,255,1244,250,0,0
stim,143608,173729,1,173729,3371054.455,-0.764,-0.010,0.011,-0.645,0,0,2951,0,3067,1129,2951,2940,51,1.124,1,2199,0,88.905,1.075,6.688,-87.375,15.000,-0.113,-0.117,1.102,-0.742,0.777,0.941,0.054,0.156,1.047,1.360,3,NULL,NULL,,3,1,2,7,255,1244,250,0,0
stim,143608,173729,1,173729,3371059.454,-0.764,-0.012,0.008,-0.645,0,0,2937,0,3067,995,2955,2936,51,1.124,1,2199,0,90.756,1.077,8.313,-90.250,4.750,-0.109,-0.066,1.102,-0.570,0.914,1.016,0.056,0.168,1.047,1.360,3,NULL,NULL,,3,1,2,7,255,1244,250,0,0
stim,143629,173750,1,173750,3371064.455,-0.765,-0.014,0.005,-0.644,0,0,2935,0,3079,836,2961,2931,51,1.124,1,2199,0,93.971,0.954,6.750,-93.375,8.125,-0.031,-0.063,1.098,-0.273,0.914,1.016,0.058,0.180,1.047,1.360,3,NULL,NULL,,3,1,2,7,255,1244,250,0,0
stim,143629,173750,1,173750,3371069.454,-0.765,-0.017,0.002,-0.644,0,0,2925,0,3079,701,2968,2920,51,1.124,1,2199,0,96.602,1.052,4.563,-96.000,9.750,-0.102,-0.078,1.090,-0.273,1.016,0.965,0.056,0.190,1.047,1.360,3,NULL,NULL,,3,1,2,7,255,1244,250,0,0
stim,143629,173750,1,173750,3371074.455,-0.765,-0.020,-0.002,-0.644,0,0,2917,0,3083,574,2975,2915,51,1.124,1,2199,0,100.299,0.973,5.688,-100.000,5.250,-0.074,-0.105,1.117,-0.426,0.875,0.965,0.054,0.202,1.047,1.360,3,NULL,NULL,,3,1,2,7,255,1244,250,0,0
stim,143629,173750,1,173750,3371079.454,-0.766,-0.022,-0.005,-0.643,0,0,2907,0,3087,457,2982,2905,51,1.124,1,2199,0,105.402,0.973,5.438,-104.625,11.563,-0.051,-0.051,1.172,-0.426,0.875,1.160,0.052,0.212,1.047,1.360,3,NULL,NULL,,3,1,2,7,255,1244,250,0,0
stim,143659,173780,1,173780,3371084.455,-0.766,-0.025,-0.009,-0.642,0,0,2887,0,3087,337,2987,2892,51,1.124,1,2199,0,109.654,0.880,4.125,-108.875,12.375,-0.082,0.039,1.191,-0.090,0.875,1.652,0.046,0.222,1.047,1.360,3,NULL,NULL,,3,1,2,7,255,1244,250,0,0
stim,143659,173780,1,173780,3371089.454,-0.766,-0.028,-0.013,-0.642,0,0,2876,0,3091,199,2995,2875,51,1.124,1,2199,0,112.999,1.574,1.313,-112.750,7.375,-0.063,0.059,1.207,0.723,1.398,1.770,0.046,0.236,1.047,1.360,3,NULL,NULL,,3,1,2,7,255,1244,250,0,0
stim,143659,173780,1,173780,3371094.455,-0.766,-0.031,-0.017,-0.641,0,0,2863,0,3091,110,2999,2856,51,1.124,1,2199,0,119.162,1.677,2.000,-119.063,4.438,-0.039,0.070,1.184,0.926,1.398,1.770,0.050,0.252,1.047,1.360,3,NULL,NULL,,3,1,2,7,255,1244,250,0,0
stim,143659,173780,1,173780,3371099.454,-0.767,-0.034,-0.021,-0.641,0,0,2842,0,3089,39,3004,2838,51,1.124,1,2199,0,124.747,1.647,6.938,-124.313,7.750,-0.004,0.125,1.215,1.039,1.277,1.902,0.064,0.270,1.047,1.360,3,NULL,NULL,,3,1,2,7,255,1244,250,0,0
stim,143660,173781,1,173781,3371104.455,-0.767,-0.037,-0.026,-0.640,0,0,2824,0,3091,18,3013,2815,51,1.124,1,2199,0,129.496,2.061,7.188,-128.750,11.875,-0.012,0.180,1.293,1.617,1.277,1.965,0.084,0.292,1.047,1.360,3,NULL,NULL,,3,1,2,7,255,1244,250,0,0
stim,143660,173781,1,173781,3371109.455,-0.767,-0.041,-0.030,-0.639,0,0,2790,0,3093,0,3017,2791,51,1.124,1,2199,0,134.983,2.587,0.563,-134.125,15.188,-0.012,0.176,1.320,2.070,1.551,2.676,0.108,0.318,1.047,1.360,3,NULL,NULL,,3,1,2,7,255,1244,250,0,0
stim,143707,173828,1,173828,3371114.455,-0.768,-0.045,-0.035,-0.638,0,0,2765,0,3087,0,3020,2764,51,1.124,1,2199,0,142.458,2.587,-10.750,-140.188,22.938,0.035,0.152,1.391,2.070,1.551,2.938,0.140,0.350,1.047,1.360,3,NULL,NULL,,3,1,2,7,255,1244,250,0,0
stim,143707,173828,1,173828,3371119.454,-0.769,-0.049,-0.039,-0.637,0,0,2739,0,3091,0,3025,2729,51,1.124,1,2199,0,149.752,2.595,-25.313,-143.875,32.938,0.012,0.148,1.352,1.930,1.734,3.230,0.178,0.386,1.047,1.360,3,NULL,NULL,,3,1,2,7,255,1244,250,0,0
stim,143707,173828,1,173828,3371124.457,-0.769,-0.054,-0.043,-0.635,0,0,2708,0,3089,0,3027,2684,51,1.124,1,2199,0,153.872,2.572,-31.000,-146.875,33.813,-0.016,0.145,1.383,1.805,1.832,3.480,0.218,0.428,1.047,1.360,3,NULL,NULL,,3,1,2,7,255,1244,250,0,0
stim,143707,173828,1,173828,3371129.454,-0.770,-0.059,-0.047,-0.634,0,0,2663,0,3087,0,3031,2647,51,1.124,1,2199,0,157.350,2.870,-29.938,-151.125,32.000,-0.066,0.121,1.445,1.727,2.293,3.480,0.264,0.474,1.047,1.360,3,NULL,NULL,,3,1,2,7,255,1244,250,0,0
stim,143707,173828,1,173828,3371134.455,-0.771,-0.064,-0.051,-0.632,0,0,2616,0,3082,0,3031,2595,51,1.124,1,2199,0,166.573,3.365,-29.625,-160.313,34.188,-0.086,0.129,1.582,1.508,3.008,3.988,0.314,0.524,1.047,1.360,3,NULL,NULL,,3,1,2,7,255,1244,250,0,0
stim,143707,173828,1,173828,3371139.454,-0.771,-0.070,-0.055,-0.630,0,0,2569,0,3077,0,3033,2538,51,1.124,1,2199,0,177.214,3.897,-37.250,-168.750,39.250,-0.125,0.168,1.652,1.508,3.594,5.238,0.370,0.580,1.047,1.360,3,NULL,NULL,,3,1,2,7,255,1244,250,0,0
stim,143707,173828,1,173828,3371144.455,-0.772,-0.077,-0.060,-0.628,0,0,2509,0,3065,0,3031,2457,51,1.124,1,2199,0,191.879,4.772,-59.438,-177.875,40.563,-0.191,0.191,1.660,1.805,4.418,5.613,0.432,0.642,1.047,1.360,3,NULL,NULL,,3,1,2,7,255,1244,250,0,0
stim,143707,173828,1,173828,3371149.454,-0.772,-0.085,-0.064,-0.626,0,0,2453,0,3059,0,3025,2359,51,1.124,1,2199,0,203.383,5.669,-70.688,-188.000,32.000,-0.238,0.188,1.668,1.859,5.355,5.613,0.502,0.714,1.047,1.360,3,NULL,NULL,,3,1,2,7,255,1244,250,0,0
stim,143707,173828,1,173828,3371154.456,-0.772,-0.093,-0.068,-0.625,0,0,2390,0,3047,0,3025,2275,51,1.124,1,2199,0,214.452,6.334,-74.688,-199.625,23.688,-0.254,0.160,1.648,1.859,6.055,5.500,0.582,0.794,1.047,1.360,3,NULL,NULL,,3,1,2,7,255,1244,250,0,0
stim,143707,173828,1,173828,3371159.454,-0.772,-0.102,-0.073,-0.623,0,0,2325,0,3035,0,3017,2153,51,1.124,1,2199,0,230.393,6.644,-84.500,-213.250,21.563,-0.258,0.172,1.637,1.719,6.418,5.199,0.670,0.886,1.047,1.360,3,NULL,NULL,,3,1,2,7,255,1244,250,0,0
stim,143741,173862,1,173862,3371164.455,-0.772,-0.111,-0.078,-0.622,0,0,2236,0,3027,0,3002,2040,51,1.124,1,2199,0,243.282,6.938,-84.750,-227.375,17.438,-0.277,0.168,1.688,1.715,6.723,5.195,0.766,0.982,1.047,1.360,3,NULL,NULL,,3,1,2,7,255,1244,250,0,0
stim,143741,173862,1,173862,3371169.454,-0.771,-0.120,-0.084,-0.620,0,0,2137,0,3016,18,2991,1945,51,1.124,1,2199,0,261.050,7.550,-94.375,-242.813,16.813,-0.270,0.219,1.703,1.719,7.352,5.148,0.860,1.080,1.047,1.360,3,NULL,NULL,,3,1,2,7,255,1244,250,0,0
stim,143741,173862,1,173862,3371174.455,-0.770,-0.131,-0.089,-0.618,0,0,2044,0,2997,37,2968,1863,51,1.124,1,2199,0,280.075,8.097,-107.438,-258.313,13.188,-0.281,0.230,1.652,2.266,7.773,5.148,0.948,1.170,1.047,1.360,3,NULL,NULL,,3,1,2,7,255,1244,250,0,0
stim,143741,173862,1,173862,3371179.454,-0.769,-0.142,-0.096,-0.616,0,0,1963,0,2972,40,2938,1797,51,1.124,1,2199,0,294.935,8.446,-104.313,-275.375,16.563,-0.273,0.266,1.621,2.402,8.098,4.410,1.028,1.252,1.047,1.360,3,NULL,NULL,,3,1,2,7,255,1244,250,0,0
stim,143741,173862,1,173862,3371184.455,-0.768,-0.153,-0.103,-0.614,0,0,1863,0,2956,57,2900,1727,51,1.124,1,2199,0,305.517,8.801,-84.313,-293.313,14.125,-0.293,0.270,1.758,2.789,8.348,4.410,1.098,1.324,1.047,1.360,3,NULL,NULL,,3,1,2,7,255,1244,250,0,0
stim,143741,173862,1,173862,3371189.454,-0.766,-0.163,-0.112,-0.611,0,0,1724,0,2921,55,2853,1635,51,1.124,1,2199,0,316.970,9.762,-67.063,-309.625,10.250,-0.316,0.238,2.121,2.789,9.355,4.832,1.154,1.386,1.047,1.360,3,NULL,NULL,,3,1,2,7,255,1244,250,0,0
stim,143764,173885,1,173885,3371194.455,-0.765,-0.175,-0.120,-0.608,0,0,1679,0,2872,47,2776,1545,51,1.124,1,2199,0,335.018,11.697,-68.875,-327.688,10.688,-0.426,0.328,2.551,2.852,11.344,7.797,1.204,1.440,1.047,1.360,3,NULL,NULL,,3,1,2,7,255,1244,250,0,0
stim,143764,173885,1,173885,3371199.454,-0.762,-0.187,-0.129,-0.606,0,0,1587,0,2828,36,2695,1454,51,1.124,1,2199,0,358.893,15.131,-100.750,-344.438,4.063,-0.496,0.547,2.770,3.555,14.707,10.703,1.256,1.496,1.047,1.360,3,NULL,NULL,,3,1,2,7,255,1244,250,0,0
stim,143764,173885,1,173885,3371204.455,-0.759,-0.201,-0.138,-0.604,0,0,1463,0,2763,13,2590,1337,51,1.124,1,2199,0,384.394,18.174,-135.125,-359.375,-18.688,-0.418,0.539,2.754,5.625,17.281,11.145,1.322,1.564,1.047,1.360,3,NULL,NULL,,3,1,2,7,255,1244,250,0,0
stim,143764,173885,1,173885,3371209.454,-0.755,-0.216,-0.146,-0.602,0,0,1330,0,2682,0,2437,1235,51,1.124,1,2199,0,399.050,18.174,-149.188,-368.000,-39.500,-0.277,0.352,2.648,5.625,17.281,11.145,1.396,1.642,1.047,1.360,3,NULL,NULL,,3,1,2,7,255,1244,250,0,0
stim,143807,173928,1,173928,3371214.455,-0.750,-0.231,-0.155,-0.600,0,0,1144,0,2584,0,2253,1107,51,1.124,1,2199,0,409.598,16.726,-158.375,-376.063,-35.563,-0.266,0.379,2.539,4.785,16.027,10.590,1.478,1.726,1.047,1.360,3,NULL,NULL,,3,1,2,7,255,1244,250,0,0
stim,143807,173928,0,173928,3371219.454,-0.745,-0.246,-0.163,-0.598,0,0,970,0,2457,0,2019,957,51,1.124,1,2199,0,423.601,16.631,-170.500,-387.375,-17.563,-0.285,0.316,2.434,4.441,16.027,9.105,1.562,1.810,1.047,1.360,3,NULL,NULL,,3,0,2,7,255,1250,250,0,0
stim,143807,173928,0,173928,3371224.455,-0.740,-0.263,-0.171,-0.595,0,0,761,0,2292,0,1742,903,51,1.124,1,2199,0,440.316,16.579,-183.875,-399.938,-10.875,-0.199,0.027,2.176,4.242,16.027,7.668,1.642,1.892,1.047,1.360,3,NULL,NULL,,3,0,2,7,255,1250,250,0,0
stim,143807,173928,0,173928,3371229.454,-0.736,-0.279,-0.180,-0.591,0,0,559,0,2077,0,1384,775,51,1.124,1,2199,0,451.799,14.335,-175.813,-416.188,-0.750,-0.066,-0.402,1.750,1.625,14.242,6.055,1.720,1.972,1.047,1.360,3,NULL,NULL,,3,0,2,7,255,1250,250,0,0
stim,143807,173928,0,173928,3371234.455,-0.731,-0.295,-0.189,-0.586,0,0,426,0,1834,0,901,669,51,1.124,1,2199,0,450.507,10.963,-142.438,-427.188,13.375,0.184,-0.512,1.227,-2.406,10.695,3.965,1.798,2.052,1.047,1.360,3,NULL,NULL,,3,0,2,7,255,1250,250,0,0
stim,143807,173928,0,173928,3371239.454,-0.727,-0.308,-0.201,-0.579,0,0,292,0,1525,0,341,496,51,1.124,1,2199,0,438.316,6.352,-55.813,-434.438,16.438,0.324,-0.418,1.082,-2.406,5.879,1.473,1.870,2.126,1.047,1.360,3,NULL,NULL,,3,0,2,7,255,1250,250,0,0
stim,143807,173928,0,173928,3371244.455,-0.725,-0.318,-0.216,-0.572,0,0,207,0,1205,0,101,407,51,1.124,1,2199,0,442.179,6.295,43.938,-439.063,28.563,0.211,-0.105,1.605,-2.250,5.879,1.473,1.934,2.192,1.047,1.360,3,NULL,NULL,,3,0,2,7,255,1250,250,0,0
stim,143807,173928,0,173928,3371249.454,-0.723,-0.327,-0.230,-0.563,0,0,105,0,821,0,0,317,51,1.124,1,2199,0,448.765,9.628,63.875,-440.125,60.000,-0.051,0.152,2.324,0.715,9.602,2.820,1.994,2.254,1.047,1.360,3,NULL,NULL,,3,0,2,7,255,1250,250,0,0
stim,143835,173956,0,173956,3371254.455,-0.722,-0.340,-0.242,-0.553,0,0,121,0,390,0,0,249,51,1.124,1,2199,0,449.942,17.483,-14.813,-438.750,98.625,-0.281,0.340,2.555,2.727,17.270,3.559,2.050,2.314,1.047,1.360,3,NULL,NULL,,3,0,2,7,255,1250,250,0,0
stim,143835,173956,0,173956,3371259.454,-0.719,-0.355,-0.251,-0.543,0,0,95,0,21,0,0,114,51,1.124,1,2199,0,470.989,20.220,-109.375,-437.188,136.875,-0.516,0.391,2.133,3.273,19.953,3.559,2.104,2.372,1.047,1.360,3,NULL,NULL,,3,0,2,7,255,1250,250,0,0
stim,143835,173956,0,173956,3371264.455,-0.716,-0.372,-0.258,-0.532,0,0,55,0,0,0,0,47,51,1.124,1,2199,0,490.131,20.307,-153.813,-435.938,162.875,-0.672,0.578,1.582,3.773,19.953,-1.680,2.154,2.424,1.047,1.360,4,NULL,NULL,,3,0,2,7,255,1250,250,0,0
stim,143835,173956,0,173956,3371269.454,-0.712,-0.389,-0.264,-0.522,0,0,31,0,0,0,0,5,51,1.124,1,2199,0,479.508,17.531,-166.688,-423.063,152.188,-0.742,0.930,1.188,4.203,17.020,-7.383,2.192,2.464,1.047,1.360,0,NULL,NULL,,3,0,2,7,255,1250,250,0,0
stim,143835,173956,0,173956,3371274.457,-0.707,-0.404,-0.271,-0.513,0,0,26,0,0,0,0,0,51,1.124,1,2199,0,450.488,16.251,-165.500,-403.250,113.750,-0.551,1.348,1.133,6.922,14.703,-11.777,2.218,2.492,1.047,1.360,0,NULL,NULL,,3,0,2,7,255,1250,250,0,0
stim,143835,173956,0,173956,3371279.454,-0.702,-0.419,-0.277,-0.505,0,0,25,0,0,0,0,0,51,1.124,1,2199,0,430.237,17.341,-170.750,-386.375,81.625,-0.488,1.176,1.254,9.922,14.223,-11.777,2.230,2.508,1.047,1.360,0,NULL,NULL,,3,0,2,7,255,1250,250,0,0
stim,143835,173956,0,173956,3371284.455,-0.695,-0.435,-0.282,-0.498,0,0,30,0,0,0,0,5,51,1.124,1,2199,0,444.086,16.972,-219.938,-376.750,83.063,-0.242,0.641,1.344,9.922,13.770,-11.457,2.230,2.508,1.047,1.360,0,NULL,NULL,,3,0,2,7,255,1250,250,0,0
stim,143853,173974,0,173974,3371289.454,-0.688,-0.450,-0.285,-0.493,0,0,37,0,0,0,0,23,51,1.124,1,2199,0,406.660,14.573,-247.063,-320.688,38.625,-0.063,-0.094,1.172,5.902,13.324,-7.922,2.224,2.504,1.047,1.360,0,NULL,NULL,,3,0,2,7,255,1250,250,0,0
stim,143853,173974,0,173974,3371294.455,-0.681,-0.463,-0.288,-0.489,0,0,34,0,0,0,0,43,51,1.124,1,2199,0,353.379,10.721,-211.438,-280.188,40.813,-0.191,-0.344,1.145,-0.219,10.719,-5.762,2.210,2.492,1.047,1.360,0,NULL,NULL,,3,0,2,7,255,1250,250,0,0
stim,143853,173974,0,173974,3371299.454,-0.675,-0.475,-0.290,-0.485,0,0,42,0,0,0,0,81,51,1.124,1,2199,0,316.159,10.747,-193.250,-245.875,46.438,-0.512,-0.031,1.449,-0.777,10.719,-5.762,2.192,2.478,1.047,1.360,0,NULL,NULL,,3,0,2,7,255,1250,250,0,0
stim,143853,173974,0,173974,3371304.455,-0.668,-0.486,-0.290,-0.483,0,0,39,0,0,0,0,119,51,1.124,1,2199,0,309.322,14.973,-234.500,-201.125,15.438,-0.645,0.215,1.477,-0.777,14.953,-8.719,2.174,2.460,1.047,1.360,0,NULL,NULL,,3,0,2,7,255,1250,250,0,0
stim,143853,173974,0,173974,3371309.454,-0.660,-0.497,-0.288,-0.484,0,0,37,0,0,0,0,123,51,1.124,1,2199,0,326.319,14.997,-292.000,-145.438,-8.250,-0.430,0.352,0.965,1.141,14.953,-11.000,2.154,2.442,1.047,1.360,0,NULL,NULL,,3,0,2,7,255,1250,250,0,0
stim,143908,174029,0,174029,3371314.455,-0.652,-0.508,-0.284,-0.486,0,0,37,0,0,0,0,125,51,1.124,1,2199,0,318.353,10.685,-307.625,-81.375,-9.688,-0.223,0.477,0.203,2.781,10.316,-11.676,2.136,2.426,1.047,1.360,0,NULL,NULL,,3,0,2,7,255,1250,250,0,0
stim,143908,174029,0,174029,3371319.455,-0.645,-0.516,-0.280,-0.489,0,0,39,0,0,0,0,122,51,1.124,1,2199,0,266.485,4.440,-265.250,-19.063,-17.125,-0.152,0.625,-0.277,3.688,2.473,-12.930,2.122,2.416,1.047,1.360,0,NULL,NULL,,3,0,2,7,255,1250,250,0,0
stim,143908,174029,0,174029,3371324.455,-0.641,-0.520,-0.275,-0.494,0,0,39,0,0,0,0,121,51,1.124,1,2199,0,210.237,4.821,-204.000,40.375,-30.875,-0.043,0.598,-0.488,4.211,-2.348,-13.949,2.116,2.410,1.047,1.360,0,NULL,NULL,,3,0,2,7,255,1250,250,0,0
stim,143908,174029,0,174029,3371329.454,-0.638,-0.522,-0.270,-0.498,0,0,37,0,0,0,0,107,51,1.124,1,2199,0,179.293,6.330,-152.750,90.063,-26.500,0.035,0.246,-0.555,4.211,-4.727,-13.949,2.114,2.410,1.047,1.360,0,NULL,NULL,,3,0,2,7,255,1250,250,0,0
stim,143908,174029,0,174029,3371334.455,-0.636,-0.522,-0.264,-0.503,0,0,31,0,0,0,0,106,51,1.124,1,2199,0,173.692,5.524,-111.563,132.250,-15.250,0.078,0.043,-0.578,1.137,-5.406,-12.117,2.120,2.418,1.047,1.360,0,NULL,NULL,,3,0,2,7,255,1250,250,0,0
stim,143908,174029,0,174029,3371339.454,-0.636,-0.521,-0.258,-0.507,0,0,33,0,0,0,0,105,51,1.124,1,2199,0,182.383,5.676,-77.875,164.625,9.875,0.090,-0.055,-0.684,-0.695,-5.633,-11.063,2.136,2.436,1.047,1.360,0,NULL,NULL,,3,0,2,7,255,1250,250,0,0
stim,143908,174029,0,174029,3371344.455,-0.638,-0.518,-0.251,-0.511,0,0,27,0,0,0,0,100,51,1.124,1,2199,0,195.920,6.751,-32.313,189.625,37.188,0.000,-0.070,-0.824,-1.781,-6.512,-11.063,2.160,2.462,1.047,1.360,0,NULL,NULL,,3,0,2,7,255,1250,250,0,0
stim,143908,174029,0,174029,3371349.454,-0.642,-0.513,-0.245,-0.515,0,0,27,0,0,0,0,93,51,1.124,1,2199,0,218.841,7.598,27.563,211.188,50.313,-0.074,0.125,-0.852,-1.781,-7.387,-12.176,2.190,2.494,1.047,1.360,0,NULL,NULL,,3,0,2,7,255,1250,250,0,0
stim,143908,174029,0,174029,3371354.455,-0.648,-0.505,-0.239,-0.517,0,0,25,0,0,0,0,77,51,1.124,1,2199,0,251.748,7.493,93.750,225.938,59.500,-0.160,0.250,-0.695,-1.258,-7.387,-13.801,2.228,2.532,1.047,1.360,0,NULL,NULL,,3,0,2,7,255,1250,250,0,0
stim,143908,174029,0,174029,3371359.454,-0.655,-0.497,-0.234,-0.519,0,0,19,0,0,0,0,71,51,1.124,1,2199,0,285.494,5.711,138.875,240.688,65.500,-0.164,0.238,-0.426,-0.059,-5.711,-13.801,2.270,2.578,1.047,1.360,0,NULL,NULL,,3,0,2,7,255,1250,250,0,0
stim,143928,174049,0,174049,3371364.455,-0.663,-0.487,-0.229,-0.521,0,0,16,0,0,0,0,43,51,1.124,1,2199,0,314.302,3.237,166.875,252.625,84.375,-0.168,0.270,-0.168,0.496,-3.199,-13.711,2.316,2.626,1.047,1.360,0,NULL,NULL,,3,0,2,7,255,1250,250,0,0
stim,143928,174049,0,174049,3371369.454,-0.671,-0.476,-0.223,-0.522,0,0,8,0,0,0,0,27,51,1.124,1,2199,0,334.482,1.609,179.250,262.375,104.438,-0.293,0.281,0.004,1.367,-0.848,-13.227,2.366,2.678,1.047,1.360,0,NULL,NULL,,3,0,2,7,255,1250,250,0,0
stim,143928,174049,0,174049,3371374.455,-0.680,-0.465,-0.218,-0.523,0,0,17,0,0,0,0,21,51,1.124,1,2199,0,345.627,1.913,190.750,269.500,102.188,-0.461,0.352,0.160,1.398,1.305,-13.227,2.414,2.730,1.047,1.360,0,NULL,NULL,,3,0,2,7,255,1250,250,0,0
stim,143928,174049,0,174049,3371379.455,-0.689,-0.454,-0.212,-0.524,0,0,9,0,0,0,0,17,51,1.124,1,2199,0,352.588,3.971,201.000,274.688,92.000,-0.516,0.410,0.344,1.777,3.551,-13.750,2.464,2.780,1.047,1.360,0,NULL,NULL,,3,0,2,7,255,1250,250,0,0
stim,143961,174082,0,174082,3371384.455,-0.697,-0.442,-0.207,-0.526,0,0,11,0,0,0,0,18,51,1.124,1,2199,0,352.068,5.859,200.563,279.500,74.875,-0.535,0.324,0.516,1.953,5.523,-13.750,2.512,2.830,1.047,1.360,0,NULL,NULL,,3,0,2,7,255,1250,250,0,0
stim,143961,174082,0,174082,3371389.454,-0.704,-0.430,-0.202,-0.528,0,0,8,0,0,0,0,17,51,1.124,1,2199,0,350.169,7.569,191.313,284.750,70.250,-0.480,0.391,0.664,2.453,7.160,-12.508,2.556,2.878,1.047,1.360,0,NULL,NULL,,3,0,2,7,255,1250,250,0,0
stim,143961,174082,0,174082,3371394.455,-0.711,-0.418,-0.196,-0.530,0,0,11,0,0,0,0,11,51,1.124,1,2199,0,346.862,8.387,179.500,290.625,60.250,-0.539,0.289,0.715,1.953,8.156,-11.363,2.598,2.922,1.047,1.360,0,NULL,NULL,,3,0,2,7,255,1250,250,0,0
stim,143961,174082,0,174082,3371399.454,-0.718,-0.406,-0.190,-0.533,0,0,3,0,0,0,0,11,51,1.124,1,2199,0,347.121,9.179,171.063,298.125,48.500,-0.566,0.328,0.781,2.281,8.891,-10.855,2.636,2.962,1.047,1.360,0,NULL,NULL,,3,0,2,7,255,1250,250,0,0
stim,143979,174100,0,174100,3371404.455,-0.723,-0.394,-0.184,-0.536,0,0,17,0,0,0,0,19,51,1.124,1,2199,0,347.712,9.797,165.375,304.813,25.375,-0.621,0.223,0.934,1.945,9.602,-10.527,2.670,2.998,1.047,1.360,0,NULL,NULL,,3,0,2,7,255,1250,250,0,0
stim,143979,174100,0,174100,3371409.454,-0.728,-0.382,-0.177,-0.541,0,0,12,0,0,0,0,29,51,1.124,1,2199,0,341.898,11.145,140.438,311.688,4.750,-0.582,0.203,1.059,1.617,11.027,-9.277,2.700,3.030,1.047,1.360,0,NULL,NULL,,3,0,2,7,255,1250,250,0,0
stim,144003,174124,0,174124,3371414.455,-0.732,-0.371,-0.170,-0.546,0,0,14,0,0,0,0,29,51,1.124,1,2199,0,341.598,11.768,117.563,320.250,-17.563,-0.523,0.195,1.148,1.617,11.656,-7.840,2.726,3.056,1.047,1.360,0,NULL,NULL,,3,0,2,7,255,1250,250,0,0
stim,144003,174124,0,174124,3371419.454,-0.735,-0.360,-0.163,-0.552,0,0,17,0,0,0,0,42,51,1.124,1,2199,0,341.449,11.823,87.375,328.125,-35.875,-0.445,0.207,1.105,1.980,11.656,-6.520,2.746,3.080,1.047,1.360,0,NULL,NULL,,3,0,2,7,255,1250,250,0,0
stim,144003,174124,0,174124,3371424.458,-0.737,-0.349,-0.155,-0.558,0,0,12,0,0,0,0,42,51,1.124,1,2199,0,345.640,11.140,72.625,334.813,-45.750,-0.395,0.172,1.090,2.230,10.914,-6.000,2.762,3.098,1.047,1.360,0,NULL,NULL,,3,0,2,7,255,1250,250,0,0
stim,144003,174124,0,174124,3371429.454,-0.738,-0.338,-0.146,-0.566,0,0,17,0,0,0,0,51,51,1.124,1,2199,0,352.878,10.513,56.813,342.000,-65.813,-0.379,0.125,1.043,2.230,10.273,-5.363,2.776,3.114,1.047,1.360,0,NULL,NULL,,3,0,2,7,255,1250,250,0,0
stim,144003,174124,0,174124,3371434.455,-0.739,-0.328,-0.138,-0.573,0,0,16,0,0,0,0,53,51,1.124,1,2199,0,355.974,9.812,48.625,345.313,-71.500,-0.336,0.043,0.973,1.887,9.629,-5.148,2.790,3.130,1.047,1.360,0,NULL,NULL,,3,0,2,7,255,1250,250,0,0
stim,144003,174124,0,174124,3371439.454,-0.739,-0.317,-0.129,-0.581,0,0,16,0,0,0,0,53,51,1.124,1,2199,0,364.569,8.848,44.688,350.688,-89.063,-0.281,0.117,0.934,1.887,8.645,-4.836,2.804,3.144,1.047,1.360,0,NULL,NULL,,3,0,2,7,255,1250,250,0,0
stim,144003,174124,0,174124,3371444.455,-0.739,-0.306,-0.120,-0.589,0,0,12,0,0,0,0,61,51,1.124,1,2199,0,368.551,8.152,43.750,353.500,-94.625,-0.207,0.117,0.848,2.078,7.883,-4.836,2.820,3.162,1.047,1.360,0,NULL,NULL,,3,0,2,7,255,1250,250,0,0
stim,144003,174124,0,174124,3371449.454,-0.738,-0.295,-0.111,-0.596,0,0,8,0,0,0,0,91,51,1.124,1,2199,0,371.960,6.994,48.063,355.875,-96.938,-0.043,0.141,0.746,2.172,6.648,-4.836,2.840,3.184,1.047,1.360,0,NULL,NULL,,3,0,2,7,255,1250,250,0,0
stim,144003,174124,0,174124,3371454.455,-0.738,-0.283,-0.103,-0.604,0,0,9,0,0,0,0,112,51,1.124,1,2199,0,375.576,5.102,62.875,356.813,-98.938,0.082,0.016,0.629,2.172,4.617,-4.695,2.862,3.210,1.047,1.360,0,NULL,NULL,,3,0,2,7,255,1250,250,0,0
stim,144003,174124,0,174124,3371459.454,-0.738,-0.270,-0.095,-0.611,0,0,10,0,0,0,0,122,51,1.124,1,2199,0,373.259,3.199,89.500,353.500,-79.688,0.125,0.031,0.594,1.766,2.668,-4.523,2.890,3.238,1.047,1.360,0,NULL,NULL,,3,0,2,7,255,1250,250,0,0
stim,144040,174161,0,174161,3371464.455,-0.738,-0.257,-0.088,-0.617,0,0,7,0,0,0,0,125,51,1.124,1,2199,0,376.555,2.616,118.000,349.875,-73.875,0.176,0.047,0.602,1.766,1.930,-4.469,2.918,3.268,1.047,1.360,0,NULL,NULL,,3,0,2,7,255,1250,250,0,0
stim,144040,174161,0,174161,3371469.454,-0.739,-0.242,-0.082,-0.623,0,0,9,0,0,0,0,135,51,1.124,1,2199,0,381.689,2.243,149.188,345.563,-63.375,0.234,-0.074,0.625,1.766,1.383,-4.219,2.946,3.300,1.047,1.360,0,NULL,NULL,,3,0,2,7,255,1250,250,0,0
stim,144040,174161,0,174161,3371474.455,-0.741,-0.227,-0.076,-0.628,0,0,4,0,0,0,0,139,51,1.124,1,2199,0,388.664,1.676,177.938,342.688,-44.313,0.254,-0.027,0.684,1.520,0.707,-3.363,2.976,3.330,1.047,1.360,0,NULL,NULL,,3,0,2,7,255,1250,250,0,0
stim,144040,174161,0,174161,3371479.454,-0.743,-0.211,-0.072,-0.631,0,0,12,0,0,0,0,141,51,1.124,1,2199,0,399.801,1.676,206.938,340.688,-30.813,0.203,0.047,0.793,1.520,0.707,-2.871,3.004,3.360,1.047,1.360,0,NULL,NULL,,3,0,2,7,255,1250,250,0,0
stim,144040,174161,0,174161,3371484.455,-0.745,-0.194,-0.067,-0.635,0,0,13,0,0,0,0,140,51,1.124,1,2199,0,412.643,2.582,234.188,339.188,-19.563,0.121,0.078,0.969,2.207,1.340,-2.262,3.028,3.386,1.047,1.360,0,NULL,NULL,,3,0,2,7,255,1250,250,0,0
stim,144040,174161,0,174161,3371489.454,-0.747,-0.176,-0.063,-0.638,0,0,1,0,0,0,0,137,51,1.124,1,2199,0,420.072,3.585,247.000,339.375,-16.625,0.047,0.125,1.176,2.555,2.516,-0.965,3.050,3.410,1.047,1.360,0,NULL,NULL,,3,0,2,7,255,1250,250,0,0
stim,144063,174184,0,174184,3371494.455,-0.749,-0.159,-0.060,-0.640,0,0,10,0,0,0,0,135,51,1.124,1,2199,0,423.061,4.588,253.063,338.688,-15.188,-0.027,0.098,1.383,2.762,3.664,0.707,3.068,3.430,1.047,1.360,0,NULL,NULL,,3,0,2,7,255,1250,250,0,0
stim,144063,174184,0,174184,3371499.455,-0.751,-0.141,-0.056,-0.643,0,0,11,0,0,0,0,133,51,1.124,1,2199,0,422.596,5.450,254.500,337.125,-12.813,-0.117,0.121,1.625,2.914,4.605,2.641,3.082,3.446,1.047,1.360,0,NULL,NULL,,3,0,2,7,255,1250,250,0,0
stim,144063,174184,0,174184,3371504.455,-0.752,-0.124,-0.052,-0.645,0,0,17,0,0,0,0,125,51,1.124,1,2199,0,413.032,6.436,239.000,336.313,-19.188,-0.172,0.184,1.828,2.914,5.738,4.801,3.092,3.458,1.047,1.360,0,NULL,NULL,,3,0,2,7,255,1250,250,0,0
stim,144063,174184,0,174184,3371509.454,-0.753,-0.107,-0.047,-0.647,0,0,17,0,0,0,0,133,51,1.124,1,2199,0,397.038,6.819,211.688,334.688,-28.500,-0.168,0.176,1.926,3.219,6.012,6.723,3.096,3.464,1.047,1.360,0,NULL,NULL,,3,0,2,7,255,1250,250,0,0
stim,144107,174228,0,174228,3371514.455,-0.753,-0.092,-0.041,-0.650,0,0,12,0,0,0,0,137,51,1.124,1,2199,0,380.687,6.819,184.938,331.375,-30.188,-0.168,0.152,1.957,3.219,6.012,7.922,3.096,3.466,1.047,1.360,0,NULL,NULL,,3,0,2,7,255,1250,250,0,0
stim,144107,174228,0,174228,3371519.454,-0.753,-0.077,-0.035,-0.652,0,0,10,0,0,0,0,139,51,1.124,1,2199,0,366.631,6.148,161.250,327.500,-34.063,-0.180,0.145,1.945,2.801,5.473,8.477,3.092,3.464,1.047,1.360,0,NULL,NULL,,3,0,2,7,255,1250,250,0,0
stim,144107,174228,0,174228,3371524.455,-0.753,-0.063,-0.029,-0.655,0,0,11,0,0,0,0,150,51,1.124,1,2199,0,355.682,5.603,142.813,322.750,-44.125,-0.121,0.086,1.906,2.543,4.992,8.477,3.084,3.458,1.047,1.360,0,NULL,NULL,,3,0,2,7,255,1250,250,0,0
stim,144107,174228,0,174228,3371529.454,-0.752,-0.049,-0.022,-0.657,0,0,19,0,0,0,0,153,51,1.124,1,2199,0,344.296,4.186,128.563,316.313,-44.250,-0.043,0.004,1.832,1.859,3.750,8.434,3.068,3.444,1.047,1.360,0,NULL,NULL,,3,0,2,7,255,1250,250,0,0
stim,144107,174228,0,174228,3371534.455,-0.751,-0.036,-0.016,-0.659,0,0,11,0,0,0,0,155,51,1.124,1,2199,0,334.783,2.504,122.750,309.125,-38.125,-0.012,-0.020,1.766,0.996,2.297,7.965,3.044,3.422,1.047,1.360,0,NULL,NULL,,3,0,2,7,255,1250,250,0,0
stim,144107,174228,0,174228,3371539.454,-0.750,-0.023,-0.010,-0.661,0,0,10,0,0,0,0,159,51,1.124,1,2199,0,328.192,1.553,121.250,302.750,-36.750,-0.004,-0.004,1.715,0.668,1.402,7.422,3.012,3.392,1.047,1.360,0,NULL,NULL,,3,0,2,7,255,1250,250,0,0
stim,144107,174228,0,174228,3371544.455,-0.749,-0.011,-0.004,-0.663,0,0,10,0,0,0,0,156,51,1.124,1,2199,0,323.743,1.046,125.188,296.313,-36.563,0.039,-0.023,1.684,0.648,0.820,6.949,2.972,3.352,1.047,1.360,0,NULL,NULL,,3,0,2,7,255,1250,250,0,0
stim,144107,174228,0,174228,3371549.454,-0.748,0.002,0.002,-0.664,0,0,3,0,0,0,0,154,51,1.124,1,2199,0,321.121,0.394,133.813,290.188,-31.688,0.086,-0.063,1.680,0.391,-0.051,6.703,2.924,3.306,1.047,1.360,0,NULL,NULL,,3,0,2,7,255,1250,250,0,0
stim,144124,174245,0,174245,3371554.455,-0.746,0.015,0.007,-0.665,0,0,10,0,0,0,0,157,51,1.124,1,2199,0,320.928,1.018,145.438,285.063,-24.125,0.109,-0.051,1.730,-0.070,-1.016,6.703,2.868,3.250,1.047,1.360,0,NULL,NULL,,3,0,2,7,255,1250,250,0,0
stim,144124,174245,0,174245,3371559.454,-0.745,0.028,0.011,-0.666,0,0,9,0,0,0,0,155,51,1.124,1,2199,0,322.572,1.658,155.375,282.000,-19.688,0.133,-0.016,1.809,-0.070,-1.656,7.109,2.806,3.188,1.047,1.360,0,NULL,NULL,,3,0,2,7,255,1250,250,0,0
stim,144124,174245,0,174245,3371564.455,-0.744,0.041,0.016,-0.666,0,0,8,0,0,0,0,151,51,1.124,1,2199,0,324.750,2.309,162.813,280.500,-16.563,0.180,-0.008,1.891,0.016,-2.309,7.832,2.734,3.118,1.047,1.360,0,NULL,NULL,,3,0,2,7,255,1250,250,0,0
stim,144124,174245,0,174245,3371569.454,-0.743,0.055,0.020,-0.667,0,0,9,0,0,0,0,153,51,1.124,1,2199,0,326.865,3.270,168.125,280.063,-11.813,0.242,0.004,1.953,0.016,-3.270,8.512,2.658,3.042,1.047,1.360,0,NULL,NULL,,3,0,2,7,255,1250,250,0,0
stim,144124,174245,0,174245,3371574.458,-0.742,0.069,0.024,-0.667,0,0,8,0,0,0,0,153,51,1.124,1,2199,0,330.456,4.399,174.375,280.625,-6.625,0.320,0.016,2.000,-0.035,-4.398,8.973,2.578,2.964,1.047,1.360,0,NULL,NULL,,3,0,2,7,255,1250,250,0,0
stim,144124,174245,0,174245,3371579.454,-0.741,0.083,0.028,-0.666,0,0,4,0,0,0,0,151,51,1.124,1,2199,0,335.957,5.699,182.500,282.063,-1.188,0.414,0.055,2.074,-0.035,-5.699,9.238,2.494,2.880,1.047,1.360,0,NULL,NULL,,3,0,2,7,255,1250,250,0,0
stim,144157,174278,0,174278,3371584.455,-0.739,0.097,0.031,-0.665,0,0,8,0,0,0,0,155,51,1.124,1,2199,0,341.146,7.188,188.125,284.563,3.688,0.539,0.102,2.164,0.105,-7.188,9.684,2.404,2.790,1.047,1.360,0,NULL,NULL,,3,0,2,7,255,1250,250,0,0
stim,144157,174278,0,174278,3371589.454,-0.738,0.111,0.035,-0.664,0,0,7,0,0,0,0,155,51,1.124,1,2199,0,344.831,9.021,190.375,287.250,12.375,0.668,0.129,2.219,0.398,-9.012,10.137,2.310,2.696,1.047,1.360,0,NULL,NULL,,3,0,2,7,255,1250,250,0,0
stim,144157,174278,0,174278,3371594.455,-0.737,0.126,0.039,-0.663,0,0,9,0,0,0,0,163,51,1.124,1,2199,0,348.315,10.855,191.750,289.625,25.938,0.758,0.137,2.246,0.398,-10.848,10.137,2.208,2.594,1.047,1.360,0,NULL,NULL,,3,0,2,7,255,1250,250,0,0
stim,144157,174278,0,174278,3371599.454,-0.737,0.141,0.042,-0.660,0,0,5,0,0,0,0,158,51,1.124,1,2199,0,352.218,12.291,194.125,291.063,40.688,0.785,0.141,2.270,0.387,-12.285,9.984,2.106,2.492,1.047,1.360,0,NULL,NULL,,3,0,2,7,255,1250,250,0,0
stim,144157,174278,0,174278,3371604.455,-0.736,0.156,0.046,-0.657,0,0,6,0,0,0,0,164,51,1.124,1,2199,0,355.156,13.154,196.188,291.438,52.063,0.777,0.176,2.320,0.191,-13.152,9.984,2.002,2.386,1.047,1.360,0,NULL,NULL,,3,0,2,7,255,1250,250,0,0
stim,144157,174278,0,174278,3371609.454,-0.735,0.170,0.049,-0.654,0,0,4,0,0,0,0,165,51,1.124,1,2199,0,354.177,13.708,194.188,290.375,58.438,0.785,0.242,2.395,0.191,-13.707,10.000,1.894,2.278,1.047,1.360,0,NULL,NULL,,3,0,2,7,255,1250,250,0,0
stim,144206,174327,0,174327,3371614.455,-0.735,0.185,0.053,-0.651,0,0,5,0,0,0,0,168,51,1.124,1,2199,0,346.779,14.466,183.188,287.938,61.563,0.840,0.332,2.457,0.508,-14.457,10.398,1.782,2.166,1.047,1.360,0,NULL,NULL,,3,0,2,7,255,1250,250,0,0
stim,144206,174327,0,174327,3371619.454,-0.734,0.198,0.057,-0.647,0,0,8,0,0,0,0,169,51,1.124,1,2199,0,334.344,15.621,163.500,284.375,64.688,0.918,0.383,2.453,1.152,-15.578,10.398,1.664,2.046,1.047,1.360,0,NULL,NULL,,3,0,2,7,255,1250,250,0,0
stim,144206,174327,0,174327,3371624.455,-0.734,0.211,0.061,-0.643,0,0,1,0,0,0,0,167,51,1.124,1,2199,0,322.069,16.790,148.375,275.875,74.875,1.016,0.324,2.438,1.152,-16.750,9.973,1.542,1.922,1.047,1.360,0,NULL,NULL,,3,0,2,7,255,1250,250,0,0
stim,144206,174327,0,174327,3371629.454,-0.734,0.223,0.066,-0.638,0,0,0,0,0,0,0,169,51,1.124,1,2199,0,307.860,18.125,129.750,266.500,83.188,1.102,0.215,2.367,1.059,-18.094,8.980,1.418,1.796,1.047,1.360,0,NULL,NULL,,3,0,2,7,255,1250,250,0,0
stim,144206,174327,0,174327,3371634.455,-0.735,0.234,0.070,-0.633,0,0,0,0,0,0,0,191,51,1.124,1,2199,0,292.548,19.126,107.625,256.625,90.250,1.168,0.098,2.160,0.203,-19.125,7.371,1.294,1.670,1.047,1.360,0,NULL,NULL,,3,0,2,7,255,1250,250,0,0
stim,144206,174327,0,174327,3371639.454,-0.735,0.244,0.074,-0.628,0,0,0,0,0,0,0,218,51,1.124,1,2199,0,280.671,19.130,95.438,244.500,99.438,1.211,-0.035,1.848,-0.426,-19.125,4.637,1.170,1.542,1.047,1.360,0,NULL,NULL,,3,0,2,7,255,1250,250,0,0
stim,144206,174327,0,174327,3371644.455,-0.736,0.254,0.078,-0.622,0,0,1,0,0,0,0,240,51,1.124,1,2199,0,274.286,18.792,102.500,230.000,108.750,1.215,-0.215,1.547,-1.066,-18.762,1.043,1.044,1.408,1.047,1.360,0,NULL,NULL,,3,0,2,7,255,1250,250,0,0
stim,144206,174327,0,174327,3371649.454,-0.737,0.264,0.080,-0.617,0,0,0,0,0,0,0,267,51,1.124,1,2199,0,272.763,17.963,124.563,213.375,115.563,1.184,-0.422,1.352,-2.164,-17.832,-2.336,0.916,1.274,1.047,1.360,0,NULL,NULL,,3,0,2,7,255,1250,250,0,0
stim,144206,174327,0,174327,3371654.455,-0.738,0.275,0.081,-0.612,0,0,1,0,0,0,0,283,51,1.124,1,2199,0,274.040,17.438,150.563,196.000,118.375,1.152,-0.582,1.266,-3.762,-17.027,-4.742,0.790,1.138,1.047,1.360,0,NULL,NULL,,3,0,2,7,255,1250,250,0,0
stim,144206,174327,0,174327,3371659.454,-0.738,0.285,0.081,-0.606,0,0,3,0,0,0,0,295,51,1.124,1,2199,0,275.994,17.414,174.500,178.938,117.063,1.125,-0.688,1.262,-5.133,-16.641,-6.070,0.670,1.000,1.047,1.360,0,NULL,NULL,,3,0,2,7,255,1250,250,0,0
stim,144229,174350,0,174350,3371664.455,-0.738,0.296,0.080,-0.601,0,0,1,0,0,0,0,317,51,1.124,1,2199,0,277.626,17.731,195.188,162.500,112.125,1.121,-0.727,1.324,-6.121,-16.641,-6.621,0.560,0.866,1.047,1.360,0,NULL,NULL,,3,0,2,7,255,1250,250,0,0
stim,144229,174350,0,174350,3371669.454,-0.737,0.307,0.078,-0.597,0,0,0,0,0,0,0,329,51,1.124,1,2199,0,277.102,18.140,209.938,149.188,102.250,1.152,-0.680,1.406,-6.297,-17.012,-6.621,0.466,0.738,1.047,1.360,0,NULL,NULL,,3,0,2,7,255,1250,250,0,0
stim,144229,174350,0,174350,3371674.455,-0.736,0.318,0.076,-0.593,0,0,1,0,0,0,0,343,51,1.124,1,2199,0,269.969,18.930,215.938,133.938,91.188,1.281,-0.730,1.598,-6.621,-17.734,-6.355,0.398,0.616,1.047,1.360,0,NULL,NULL,,3,0,2,7,255,1250,250,0,0
stim,144229,174350,0,174350,3371679.454,-0.734,0.328,0.074,-0.589,0,0,3,0,0,0,0,361,51,1.124,1,2199,0,246.329,21.075,195.688,124.313,83.250,1.324,-0.879,1.742,-6.875,-19.922,-6.051,0.368,0.500,1.047,1.360,0,NULL,NULL,,3,0,2,7,255,1250,250,0,0
stim,144253,174374,0,174374,3371684.455,-0.733,0.337,0.072,-0.587,0,0,4,0,0,0,0,376,51,1.124,1,2199,0,215.331,22.787,174.063,111.125,61.000,1.398,-0.875,1.703,-8.176,-21.270,-6.051,0.374,0.398,1.047,1.360,0,NULL,NULL,,3,0,2,7,255,1250,250,0,0
stim,144253,174374,0,174374,3371689.454,-0.731,0.344,0.071,-0.584,0,0,0,0,0,0,0,397,51,1.124,1,2199,0,190.917,23.152,160.188,95.438,41.000,1.590,-0.867,1.711,-8.176,-21.660,-7.066,0.400,0.326,1.047,1.360,0,NULL,NULL,,3,0,2,7,255,1250,250,0,0
stim,144253,174374,0,174374,3371694.455,-0.730,0.351,0.069,-0.583,0,0,0,0,0,0,0,419,51,1.124,1,2199,0,152.830,24.451,127.688,76.875,33.813,1.750,-0.859,1.844,-7.594,-23.242,-8.262,0.428,0.298,1.047,1.360,0,NULL,NULL,,3,0,2,7,255,1250,250,0,0
stim,144253,174374,0,174374,3371699.454,-0.729,0.355,0.068,-0.582,0,0,0,0,0,0,0,431,51,1.124,1,2199,0,121.478,25.307,104.063,60.563,16.125,1.723,-1.074,1.656,-7.594,-24.141,-8.309,0.440,0.314,1.047,1.360,0,NULL,NULL,,3,0,2,7,255,1250,250,0,0
stim,144273,174394,0,174394,3371704.455,-0.727,0.360,0.067,-0.581,0,0,0,0,0,0,0,445,51,1.124,1,2199,0,111.996,26.323,105.500,37.500,-2.563,1.816,-1.086,1.645,-8.820,-24.801,-10.672,0.440,0.358,1.047,1.360,0,NULL,NULL,,3,0,2,7,255,1250,250,0,0
stim,144273,174394,0,174394,3371709.455,-0.725,0.363,0.065,-0.582,0,0,0,0,0,0,0,458,51,1.124,1,2199,0,107.446,26.323,106.313,13.875,-7.063,1.832,-0.941,1.793,-8.820,-24.801,-10.672,0.454,0.398,1.047,1.360,0,NULL,NULL,,3,0,2,7,255,1250,250,0,0
stim,144307,174428,0,174428,3371714.455,-0.723,0.366,0.062,-0.582,0,0,0,0,0,0,0,469,51,1.124,1,2199,0,86.289,26.847,85.438,-10.500,-6.000,1.711,-0.633,2.039,-8.031,-25.617,-10.035,0.480,0.432,1.047,1.360,0,NULL,NULL,,3,0,2,7,255,1250,250,0,0
stim,144307,174428,0,174428,3371719.454,-0.722,0.366,0.061,-0.583,0,0,0,0,0,0,0,468,51,1.124,1,2199,0,52.272,26.436,34.688,-33.750,-19.750,1.438,-0.324,2.207,-6.527,-25.617,-6.418,0.514,0.462,1.047,1.360,0,NULL,NULL,,3,0,2,7,255,1250,250,0,0
stim,144307,174428,0,174428,3371724.458,-0.722,0.364,0.060,-0.586,0,0,0,0,0,0,0,469,51,1.124,1,2199,0,76.030,25.304,-18.750,-52.938,-51.250,1.375,-0.480,2.043,-6.434,-24.473,-3.949,0.542,0.488,1.047,1.360,0,NULL,NULL,,3,0,2,7,255,1250,250,0,0
stim,144307,174428,0,174428,3371729.454,-0.721,0.360,0.060,-0.588,0,0,0,0,0,0,0,467,51,1.124,1,2199,0,97.051,23.969,-48.813,-70.750,-45.063,1.348,-0.668,1.859,-6.434,-23.090,-3.949,0.556,0.504,1.047,1.360,0,NULL,NULL,,3,0,2,7,255,1250,250,0,0
stim,144307,174428,0,174428,3371734.455,-0.722,0.356,0.060,-0.591,0,0,0,0,0,0,0,471,51,1.124,1,2199,0,119.599,22.809,-73.938,-83.563,-43.063,1.063,-0.387,1.762,-6.434,-21.883,-3.949,0.532,0.492,1.047,1.360,0,NULL,NULL,,3,0,2,7,255,1250,250,0,0
stim,144307,174428,0,174428,3371739.454,-0.722,0.350,0.060,-0.594,0,0,0,0,0,0,0,473,51,1.124,1,2199,0,151.196,19.662,-100.000,-92.750,-65.250,0.852,-0.316,1.691,-5.730,-18.809,-3.695,0.494,0.470,1.047,1.360,0,NULL,NULL,,3,0,2,7,255,1250,250,0,0
stim,144307,174428,0,174428,3371744.455,-0.722,0.344,0.061,-0.597,0,0,0,0,0,0,0,551,51,1.124,1,2199,0,171.003,17.755,-116.438,-96.563,-79.750,0.965,-0.512,1.555,-5.730,-16.805,-3.695,0.454,0.442,1.047,1.360,0,NULL,NULL,,3,0,2,7,255,1250,250,0,0
stim,144307,174428,0,174428,3371749.454,-0.724,0.341,0.055,-0.597,189,0,0,438,0,53,0,603,51,1.124,1,2199,0,159.280,17.855,32.188,-142.063,64.438,-0.156,-1.059,2.996,-6.512,-16.625,-2.672,0.422,0.406,1.047,1.360,0,NULL,NULL,,3,0,2,7,255,1250,250,0,0
stim,144307,174428,0,174428,3371754.455,-0.735,0.340,0.039,-0.586,823,0,0,1100,0,231,0,636,51,1.124,1,2199,0,517.578,18.022,96.125,-220.188,458.438,-1.129,1.926,5.426,-6.512,-16.805,9.477,0.402,0.364,1.047,1.360,0,NULL,NULL,,3,0,2,7,255,1250,250,0,0
stim,144307,174428,0,174428,3371759.454,-0.752,0.318,0.047,-0.576,1334,0,0,1586,0,510,0,724,51,1.124,1,2199,0,699.846,16.257,-618.438,-113.313,307.375,-1.746,2.852,3.445,-3.207,-15.938,36.063,0.398,0.314,1.047,1.360,0,NULL,NULL,,3,0,2,7,255,1250,250,0,0
stim,144337,174458,0,174458,3371764.455,-0.764,0.290,0.062,-0.573,1784,0,0,1869,0,635,0,790,50,1.124,1,2200,0,773.593,10.492,-763.938,-104.250,63.063,-2.086,1.922,-0.215,10.473,0.637,36.063,0.400,0.262,1.047,1.360,1,1308.000,58.000,,3,0,2,7,255,1250,250,0,0
stim,144337,174458,0,174458,3371769.455,-0.769,0.271,0.072,-0.575,2071,0,0,1994,0,869,0,884,50,1.124,1,2200,0,515.206,24.151,-504.500,-90.375,-52.438,-1.484,1.371,-1.391,10.473,21.762,3.699,0.402,0.220,1.047,1.360,1,NULL,NULL,,3,0,2,7,255,1250,250,0,0
stim,144337,174458,0,174458,3371774.455,-0.769,0.261,0.075,-0.579,2263,0,0,2099,0,1011,0,973,50,1.124,1,2200,0,248.134,23.930,-196.688,-96.875,-116.188,-0.066,0.902,-0.906,9.953,21.762,-11.168,0.400,0.190,1.047,1.360,1,NULL,NULL,,3,0,2,7,255,1250,250,0,0
stim,144337,174458,0,174458,3371779.454,-0.769,0.257,0.072,-0.581,2411,0,0,2185,0,1203,0,1053,50,1.124,1,2200,0,120.059,11.475,-35.563,-113.250,-18.000,0.590,0.457,0.762,9.383,6.605,-11.168,0.394,0.172,1.047,1.360,1,NULL,NULL,,3,0,2,7,255,1250,250,0,0
stim,144337,174458,0,174458,3371784.455,-0.773,0.252,0.069,-0.578,2516,0,0,2271,0,1297,0,1119,50,1.124,1,2200,0,180.567,11.620,-85.625,-113.500,111.313,0.367,1.098,1.543,8.785,-7.605,-4.422,0.390,0.164,1.047,1.360,1,NULL,NULL,,3,0,2,7,255,1250,250,0,0
stim,144337,174458,0,174458,3371789.454,-0.779,0.244,0.068,-0.573,2683,0,0,2502,0,1352,0,1115,50,1.124,1,2200,0,250.032,9.901,-172.313,-108.375,145.188,-0.418,1.129,1.773,6.340,-7.605,4.996,0.396,0.154,1.047,1.360,1,NULL,NULL,,3,0,2,7,255,1250,250,0,0
stim,144369,174490,0,174490,3371794.455,-0.785,0.233,0.070,-0.570,2805,0,0,2668,0,1316,0,1146,50,1.124,1,2200,0,294.901,6.578,-256.375,-98.875,107.063,-1.254,0.059,1.422,6.340,-1.754,7.379,0.412,0.134,1.047,1.360,2,NULL,NULL,,3,0,2,7,255,1250,250,0,0
stim,144369,174490,0,174490,3371799.454,-0.791,0.219,0.073,-0.566,2902,0,0,2799,0,1283,0,1211,50,1.124,1,2200,0,375.268,7.161,-332.813,-131.125,113.438,-1.531,-1.285,0.617,-5.520,4.563,7.379,0.434,0.112,1.047,1.360,2,NULL,NULL,,3,0,2,7,255,1250,250,0,0
stim,144369,174490,0,174490,3371804.455,-0.794,0.208,0.075,-0.567,2964,0,0,2905,0,1191,0,1268,50,1.124,1,2200,0,271.807,15.388,-243.563,-120.000,-12.500,-0.977,-1.211,-0.160,-14.375,5.492,-1.855,0.456,0.092,1.047,1.360,2,NULL,NULL,,3,0,2,7,255,1250,250,0,0
stim,144369,174490,0,174490,3371809.454,-0.794,0.202,0.073,-0.568,3007,0,0,2972,0,1129,0,1313,50,1.124,1,2200,0,144.771,15.388,-68.938,-124.813,-25.063,-0.105,-0.520,0.176,-14.375,5.492,-8.938,0.474,0.074,1.047,1.360,2,NULL,NULL,,3,0,2,7,255,1250,250,0,0
stim,144401,174522,0,174522,3371814.455,-0.794,0.201,0.068,-0.570,3035,0,0,3035,0,1084,0,1325,50,1.124,1,2200,0,121.671,5.506,42.938,-113.375,-10.313,0.348,-0.340,1.410,-5.352,-1.293,-8.938,0.484,0.064,1.047,1.360,2,NULL,NULL,,3,0,2,7,255,1250,250,0,0
stim,144401,174522,0,174522,3371819.454,-0.795,0.198,0.065,-0.570,3054,0,0,3081,0,1094,0,1325,50,1.124,1,2200,0,93.906,10.131,-17.750,-90.313,18.625,0.453,-0.375,2.098,-3.926,-9.340,1.000,0.490,0.058,1.047,1.360,2,NULL,NULL,,3,0,2,7,255,1250,250,0,0
stim,144401,174522,0,174522,3371824.455,-0.798,0.191,0.065,-0.567,3068,0,0,3123,6,1139,0,1361,50,1.124,1,2200,0,182.786,9.902,-145.563,-84.375,71.438,0.305,-0.195,1.605,-3.289,-9.340,3.418,0.500,0.052,1.047,1.360,2,NULL,NULL,,3,0,2,7,255,1250,250,0,0
stim,144401,174522,0,174522,3371829.454,-0.804,0.182,0.066,-0.563,3096,0,0,3149,81,1207,0,1391,50,1.124,1,2200,0,263.885,9.883,-217.313,-83.500,124.250,-0.234,-0.289,0.699,-3.926,-9.070,3.418,0.510,0.044,1.047,1.360,2,NULL,NULL,,3,0,2,7,255,1250,250,0,0
stim,144401,174522,0,174522,3371834.455,-0.808,0.174,0.067,-0.559,3099,0,0,3162,183,1331,0,1449,50,1.124,1,2200,0,239.567,4.260,-183.688,-91.563,123.563,-0.879,-0.609,0.227,-4.023,-1.398,-3.242,0.520,0.036,1.047,1.360,2,NULL,NULL,,3,0,2,7,255,1250,250,0,0
stim,144401,174522,0,174522,3371839.454,-0.810,0.168,0.066,-0.558,3109,0,0,3182,315,1435,0,1519,50,1.124,1,2200,0,146.530,10.151,-101.063,-99.875,35.813,-1.352,-0.617,0.555,-8.938,4.813,-3.242,0.528,0.028,1.047,1.360,2,NULL,NULL,,3,0,2,7,255,1250,250,0,0
stim,144425,174546,0,174546,3371844.455,-0.809,0.164,0.063,-0.561,3108,0,0,3181,425,1507,0,1583,50,1.124,1,2200,0,133.993,10.151,-37.000,-106.438,-72.500,-0.578,-0.230,0.766,-8.938,4.813,-1.836,0.532,0.026,1.047,1.360,2,NULL,NULL,,3,0,2,7,255,1250,250,0,0
stim,144425,174546,0,174546,3371849.454,-0.808,0.160,0.060,-0.564,3113,0,0,3193,535,1617,0,1628,50,1.124,1,2200,0,125.646,4.950,-8.375,-104.875,-68.688,0.145,-0.113,1.133,-4.621,1.773,-1.500,0.538,0.022,1.047,1.360,2,NULL,NULL,,3,0,2,7,255,1250,250,0,0
stim,144425,174546,0,174546,3371854.455,-0.809,0.155,0.058,-0.565,3119,0,0,3205,569,1721,0,1661,50,1.124,1,2200,0,125.741,6.669,-64.688,-107.313,-10.500,0.047,-0.383,1.441,-4.156,-5.215,0.137,0.546,0.016,1.047,1.360,2,NULL,NULL,,3,0,2,7,255,1250,250,0,0
stim,144425,174546,0,174546,3371859.454,-0.810,0.149,0.057,-0.564,3123,0,0,3205,636,1820,0,1689,50,1.124,1,2200,0,166.722,6.669,-128.188,-103.938,23.688,-0.133,-0.598,1.008,-4.156,-5.215,0.137,0.554,0.010,1.047,1.360,2,NULL,NULL,,3,0,2,7,255,1250,250,0,0
stim,144425,174546,0,174546,3371864.455,-0.812,0.142,0.056,-0.563,3131,0,0,3206,696,1903,0,1715,50,1.124,1,2200,0,157.869,7.012,-110.875,-106.500,35.875,-0.246,-0.523,0.504,-5.938,-3.730,-0.898,0.564,0.004,1.047,1.360,2,NULL,NULL,,3,0,2,7,255,1250,250,0,0
stim,144425,174546,0,174546,3371869.454,-0.813,0.138,0.053,-0.563,3126,0,0,3199,741,1978,0,1741,50,1.124,1,2200,0,124.328,6.026,-53.313,-110.500,20.125,-0.285,-0.352,0.633,-5.938,-1.031,-3.660,0.570,0.000,1.047,1.360,2,NULL,NULL,,3,0,2,7,255,1250,250,0,0
stim,144425,174546,0,174546,3371874.457,-0.814,0.134,0.050,-0.563,3119,0,0,3195,760,2041,0,1754,50,1.124,1,2200,0,113.812,4.674,-18.125,-112.125,7.250,-0.137,-0.133,0.902,-4.559,-1.031,-3.660,0.000,0.000,1.047,1.360,2,NULL,NULL,,3,0,2,7,255,1250,250,0,0
stim,144425,174546,0,174546,3371879.454,-0.815,0.131,0.046,-0.563,3119,0,0,3193,826,2142,0,1837,50,1.124,1,2200,0,110.660,2.709,-21.063,-108.000,11.750,-0.016,0.047,1.164,-2.156,-1.641,-1.172,0.000,0.000,1.047,1.360,2,NULL,NULL,,3,0,2,7,255,1250,250,0,0
stim,144454,174575,0,174575,3371884.455,-0.816,0.126,0.043,-0.563,3127,0,0,3193,934,2207,124,1948,50,1.124,1,2200,0,114.885,2.396,-45.938,-102.500,24.125,-0.020,0.133,1.230,-0.207,-2.387,1.289,0.000,0.000,1.047,1.360,2,NULL,NULL,,3,0,2,7,255,1250,250,0,0
stim,144454,174575,0,174575,3371889.454,-0.817,0.123,0.041,-0.562,3127,0,0,3204,1059,2253,144,2035,50,1.124,1,2200,0,89.503,2.703,-40.375,-78.875,12.625,0.027,0.207,1.543,0.520,-2.652,2.082,0.000,0.000,1.047,1.360,2,NULL,NULL,,3,0,2,7,255,1250,250,0,0
stim,144454,174575,0,174575,3371894.455,-0.816,0.121,0.041,-0.563,3131,0,0,3184,1163,2297,141,2099,50,1.124,1,2200,0,57.519,3.444,-34.875,-38.938,-24.000,0.227,0.453,1.273,1.285,-3.195,2.398,0.000,0.000,1.047,1.360,2,NULL,NULL,,3,0,2,7,255,1250,250,0,0
stim,144454,174575,0,174575,3371899.454,-0.816,0.119,0.040,-0.565,3132,0,0,3191,1215,2332,143,2141,50,1.124,1,2200,0,57.461,5.396,-12.313,-42.313,-36.875,0.352,0.902,1.133,4.348,-3.195,2.398,0.000,0.000,1.047,1.360,2,NULL,NULL,,3,0,2,7,255,1250,250,0,0
stim,144454,174575,0,174575,3371904.455,-0.815,0.118,0.039,-0.566,3119,0,0,3189,1253,2351,139,2180,50,1.124,1,2200,0,44.488,5.914,-8.500,-24.625,-36.063,0.137,0.598,1.523,5.254,-2.715,2.398,0.000,0.000,1.047,1.360,2,NULL,NULL,,3,0,2,7,255,1250,250,0,0
stim,144454,174575,0,174575,3371909.454,-0.814,0.115,0.040,-0.567,3123,5,0,3187,1305,2379,140,2215,50,1.124,1,2200,0,90.299,5.903,-79.375,-18.500,-38.875,-0.207,0.133,1.430,5.254,-2.691,4.398,0.000,0.000,1.047,1.360,2,NULL,NULL,,3,0,2,7,255,1250,250,0,0
stim,144507,174628,0,174628,3371914.455,-0.813,0.111,0.043,-0.570,3116,22,0,3192,1363,2402,139,2255,50,1.124,1,2200,0,122.041,0.914,-102.500,-13.375,-64.875,-0.273,0.160,0.891,0.223,-0.887,4.398,0.000,0.000,1.047,1.360,2,NULL,NULL,,3,0,2,7,255,1250,250,0,0
stim,144507,174628,0,174628,3371919.454,-0.811,0.108,0.044,-0.573,3123,42,0,3191,1429,2421,151,2287,50,1.124,1,2200,0,106.299,0.362,-57.750,-11.000,-88.563,-0.105,0.113,0.719,0.223,-0.285,-0.633,0.000,0.000,1.047,1.360,2,NULL,NULL,,3,0,2,7,255,1250,250,0,0
stim,144507,174628,0,174628,3371924.455,-0.810,0.106,0.045,-0.575,3125,58,0,3193,1499,2439,155,2322,50,1.124,1,2200,0,83.681,0.532,-27.188,-13.750,-77.938,0.074,0.074,0.953,0.449,-0.285,-0.770,0.000,0.000,1.047,1.360,2,NULL,NULL,,3,0,2,7,255,1250,250,0,0
stim,144507,174628,0,174628,3371929.454,-0.809,0.105,0.045,-0.577,3127,72,0,3191,1547,2459,160,2343,50,1.124,1,2200,0,63.226,2.552,-37.188,-11.813,-49.750,0.070,0.051,1.094,0.449,-2.512,-0.770,0.000,0.000,1.047,1.360,2,NULL,NULL,,3,0,2,7,255,1250,250,0,0
stim,144507,174628,0,174628,3371934.455,-0.808,0.102,0.046,-0.578,3125,85,0,3197,1579,2479,159,2375,50,1.124,1,2200,0,63.743,2.563,-52.063,-10.063,-35.375,-0.035,0.094,1.027,0.508,-2.512,0.168,0.000,0.000,1.047,1.360,2,NULL,NULL,,3,0,2,7,255,1250,250,0,0
stim,144507,174628,0,174628,3371939.454,-0.807,0.101,0.047,-0.580,3129,115,0,3195,1617,2487,165,2395,50,1.124,1,2200,0,61.631,1.647,-43.125,-7.563,-43.375,-0.109,0.117,0.934,0.508,-1.566,0.168,0.000,0.000,1.047,1.360,2,NULL,NULL,,3,0,2,7,255,1250,250,0,0
stim,144507,174628,0,174628,3371944.455,-0.806,0.099,0.048,-0.582,3129,127,5,3211,1643,2495,184,2419,50,1.124,1,2200,0,56.220,1.378,-26.563,-5.438,-49.250,-0.055,0.098,0.980,0.535,-1.270,-0.246,0.000,0.000,1.047,1.360,2,NULL,NULL,,3,0,2,7,255,1250,250,0,0
stim,144507,174628,0,174628,3371949.454,-0.805,0.098,0.048,-0.583,3130,179,19,3205,1689,2509,197,2428,50,1.124,1,2200,0,47.210,1.378,-22.000,-4.750,-41.500,-0.063,0.074,1.066,0.535,-1.270,-0.246,0.000,0.000,1.047,1.360,2,NULL,NULL,,3,0,2,7,255,1250,250,0,0
stim,144507,174628,0,174628,3371954.455,-0.804,0.097,0.049,-0.584,3123,187,43,3197,1709,2516,199,2440,50,1.124,1,2200,0,44.127,1.316,-25.625,-1.875,-35.875,-0.109,0.074,1.066,0.348,-1.270,0.598,0.000,0.000,1.047,1.360,2,NULL,NULL,,3,0,2,7,255,1250,250,0,0
stim,144507,174628,0,174628,3371959.454,-0.804,0.096,0.049,-0.585,3125,221,69,3199,1727,2525,201,2453,50,1.124,1,2200,0,46.503,0.992,-27.125,-1.313,-37.750,-0.148,0.090,1.039,0.273,-0.953,0.598,0.000,0.000,1.047,1.360,2,NULL,NULL,,3,0,2,7,255,1250,250,0,0
stim,144528,174649,0,174649,3371964.455,-0.803,0.095,0.050,-0.587,3125,236,121,3198,1757,2527,207,2459,50,1.124,1,2200,0,49.370,0.920,-25.438,0.125,-42.313,-0.121,0.023,1.020,0.215,-0.895,0.480,0.000,0.000,1.047,1.360,2,NULL,NULL,,3,0,2,7,255,1250,250,0,0
stim,144528,174649,0,174649,3371969.454,-0.802,0.094,0.051,-0.588,3123,235,134,3197,1771,2536,218,2462,50,1.124,1,2200,0,44.655,0.929,-25.000,-0.313,-37.000,-0.066,-0.109,0.980,-0.250,-0.895,0.203,0.000,0.000,1.047,1.360,2,NULL,NULL,,3,0,2,7,255,1250,250,0,0
stim,144528,174649,0,174649,3371974.455,-0.801,0.093,0.051,-0.589,3123,239,153,3197,1797,2537,219,2467,50,1.124,1,2200,0,30.900,2.162,-21.375,-1.688,-22.250,-0.063,-0.180,0.934,-1.301,-1.727,-0.328,0.000,0.000,1.047,1.360,2,NULL,NULL,,3,0,2,7,255,1250,250,0,0
stim,144528,174649,0,174649,3371979.454,-0.801,0.092,0.052,-0.589,3115,249,229,3195,1830,2539,228,2475,50,1.124,1,2200,0,19.055,2.512,-16.375,-3.063,-9.250,-0.141,-0.145,0.938,-1.824,-1.727,-0.637,0.000,0.000,1.047,1.360,2,NULL,NULL,,3,0,2,7,255,1250,250,0,0
stim,144560,174681,0,174681,3371984.455,-0.801,0.091,0.052,-0.589,3113,242,253,3193,1849,2540,227,2484,50,1.124,1,2200,0,16.087,2.094,-13.875,-5.063,-6.375,-0.215,-0.082,0.953,-1.824,-1.027,-0.637,0.000,0.000,1.047,1.360,2,NULL,NULL,,3,0,2,7,255,1250,250,0,0
stim,144560,174681,0,174681,3371989.454,-0.801,0.090,0.052,-0.590,3111,251,299,3192,1867,2541,219,2491,50,1.124,1,2200,0,17.422,1.455,-11.938,-6.938,-10.625,-0.215,-0.055,0.969,-1.441,-0.199,-0.293,0.000,0.000,1.047,1.360,2,NULL,NULL,,3,0,2,7,255,1250,250,0,0
stim,144560,174681,0,174681,3371994.456,-0.801,0.090,0.052,-0.590,3103,249,317,3183,1889,2541,214,2495,50,1.026,1,2200,1,17.325,1.189,-9.250,-8.313,-12.063,-0.180,-0.043,0.969,-1.172,-0.199,-0.191,0.000,0.000,1.017,1.380,2,NULL,NULL,,3,0,2,7,255,1250,250,0,0
stim,144560,174681,0,174681,3371999.454,-0.800,0.089,0.052,-0.591,3099,248,355,3180,1911,2550,213,2505,50,1.026,1,2200,1,15.717,1.012,-7.375,-9.625,-10.000,-0.164,-0.039,0.980,-0.934,-0.391,-0.145,0.006,0.002,1.017,1.380,2,NULL,NULL,,3,0,2,7,255,1250,250,0,0
stim,144560,174681,0,174681,3372004.455,-0.800,0.088,0.052,-0.591,3094,244,381,3174,1927,2543,213,2515,50,1.026,1,2200,1,14.898,1.028,-7.000,-10.438,-8.000,-0.156,-0.043,0.977,-0.863,-0.559,-0.156,0.012,0.006,1.017,1.380,2,NULL,NULL,,3,0,2,7,255,1250,250,0,0
stim,144560,174681,0,174681,3372009.454,-0.800,0.088,0.052,-0.591,3090,239,419,3163,1945,2543,219,2519,50,1.026,1,2200,1,13.880,1.045,-4.813,-10.938,-7.063,-0.148,-0.031,0.965,-0.844,-0.617,-0.156,0.018,0.010,1.017,1.380,2,NULL,NULL,,3,0,2,7,255,1250,250,0,0
stim,144607,174728,0,174728,3372014.455,-0.800,0.087,0.052,-0.592,3079,230,431,3155,1961,2550,223,2525,50,1.026,1,2200,1,13.371,0.956,-0.750,-11.250,-7.188,-0.152,0.008,0.977,-0.730,-0.617,-0.156,0.022,0.012,1.017,1.380,2,NULL,NULL,,3,0,2,7,255,1250,250,0,0
stim,144607,174728,0,174728,3372019.454,-0.800,0.087,0.051,-0.592,3065,231,507,3146,1981,2541,230,2535,50,1.026,1,2200,1,14.158,0.617,2.125,-10.875,-8.813,-0.160,0.055,1.008,-0.367,-0.496,-0.133,0.026,0.014,1.017,1.380,2,NULL,NULL,,3,0,2,7,255,1250,250,0,0
stim,144607,174728,0,174728,3372024.457,-0.799,0.087,0.051,-0.592,3059,221,580,3133,2005,2541,237,2539,50,1.026,1,2200,1,15.963,0.341,1.250,-11.500,-11.000,-0.172,0.090,1.031,0.059,-0.336,0.188,0.030,0.016,1.017,1.380,2,NULL,NULL,,3,0,2,7,255,1250,250,0,0
stim,144607,174728,0,174728,3372029.454,-0.799,0.087,0.050,-0.593,3048,220,612,3119,2025,2541,251,2547,50,1.026,1,2200,1,17.998,0.397,-0.500,-11.063,-14.188,-0.164,0.102,1.023,0.355,-0.176,0.391,0.032,0.016,1.017,1.380,2,NULL,NULL,,3,0,2,7,255,1250,250,0,0
stim,144607,174728,0,174728,3372034.455,-0.799,0.086,0.050,-0.593,3035,215,639,3110,2053,2539,265,2553,50,1.026,1,2200,1,19.725,0.443,-2.000,-11.000,-16.250,-0.148,0.090,1.012,0.406,-0.176,0.391,0.036,0.018,1.017,1.380,2,NULL,NULL,,3,0,2,7,255,1250,250,0,0
stim,144607,174728,0,174728,3372039.454,-0.798,0.086,0.050,-0.594,3020,215,677,3096,2077,2540,285,2571,50,1.026,1,2200,1,19.560,0.515,-2.375,-10.625,-16.250,-0.133,0.086,1.004,0.418,-0.301,0.246,0.038,0.018,1.017,1.380,2,NULL,NULL,,3,0,2,7,255,1250,250,0,0
stim,144607,174728,0,174728,3372044.455,-0.798,0.085,0.049,-0.594,3005,214,718,3080,2110,2540,297,2579,50,1.026,1,2200,1,18.231,0.510,-1.875,-11.750,-13.813,-0.145,0.082,1.000,0.406,-0.309,0.121,0.040,0.020,1.017,1.380,2,NULL,NULL,,3,0,2,7,255,1250,250,0,0
stim,144607,174728,0,174728,3372049.454,-0.798,0.085,0.049,-0.595,2989,215,743,3065,2158,2549,315,2599,50,1.026,1,2200,1,18.813,0.520,-1.125,-12.375,-14.125,-0.156,0.113,1.004,0.418,-0.309,0.121,0.042,0.020,1.017,1.380,2,NULL,NULL,,3,0,2,7,255,1250,250,0,0
stim,144607,174728,0,174728,3372054.455,-0.797,0.085,0.048,-0.596,2972,221,765,3043,2187,2539,349,2603,50,1.026,1,2200,1,20.414,0.623,-0.063,-13.063,-15.688,-0.152,0.152,1.012,0.613,-0.109,0.184,0.044,0.020,1.017,1.380,2,NULL,NULL,,3,0,2,7,255,1250,250,0,0
stim,144607,174728,0,174728,3372059.454,-0.797,0.084,0.048,-0.596,2955,222,837,3029,2217,2539,359,2617,50,1.026,1,2200,1,20.272,0.998,-0.375,-13.563,-15.063,-0.125,0.191,1.027,0.992,-0.109,0.250,0.046,0.022,1.017,1.380,2,NULL,NULL,,3,0,2,7,255,1250,250,0,0
stim,144640,174761,0,174761,3372064.455,-0.797,0.084,0.047,-0.597,2933,238,890,3013,2250,2540,376,2629,50,1.026,1,2200,1,18.576,1.409,-2.938,-14.188,-11.625,-0.137,0.203,1.039,1.406,-0.090,0.398,0.050,0.024,1.017,1.380,2,NULL,NULL,,3,0,2,7,255,1250,250,0,0
stim,144640,174761,0,174761,3372069.454,-0.797,0.083,0.047,-0.597,2911,248,967,2999,2277,2539,407,2641,50,1.026,1,2200,1,20.078,1.468,-6.688,-13.938,-12.813,-0.148,0.203,1.035,1.465,-0.090,0.520,0.052,0.026,1.017,1.380,2,NULL,NULL,,3,0,2,7,255,1250,250,0,0
stim,144640,174761,0,174761,3372074.455,-0.796,0.083,0.046,-0.598,2891,249,1007,2982,2311,2541,455,2651,50,1.026,1,2200,1,22.762,1.468,-8.875,-13.688,-15.875,-0.141,0.172,1.020,1.465,-0.090,0.520,0.054,0.028,1.017,1.380,2,NULL,NULL,,3,0,2,7,255,1250,250,0,0
stim,144640,174761,0,174761,3372079.454,-0.796,0.082,0.046,-0.598,2867,248,1135,2967,2348,2541,474,2664,50,1.026,1,2200,1,24.346,1.191,-9.938,-13.375,-17.750,-0.133,0.137,1.008,1.188,-0.094,0.344,0.056,0.030,1.017,1.380,2,NULL,NULL,,3,0,2,7,255,1250,250,0,0
stim,144640,174761,0,174761,3372084.455,-0.795,0.081,0.046,-0.599,2841,247,1196,2951,2388,2541,537,2671,50,1.026,1,2200,1,25.879,0.892,-10.750,-13.000,-19.625,-0.141,0.105,0.996,0.871,-0.191,0.180,0.058,0.032,1.017,1.380,2,NULL,NULL,,3,0,2,7,255,1250,250,0,0
stim,144640,174761,0,174761,3372089.454,-0.795,0.081,0.046,-0.600,2809,261,1259,2925,2421,2548,631,2681,50,1.026,1,2200,1,28.337,0.598,-11.688,-12.875,-22.375,-0.156,0.082,0.996,0.566,-0.191,0.105,0.060,0.032,1.017,1.380,2,NULL,NULL,,3,0,2,7,255,1250,250,0,0
stim,144658,174779,0,174779,3372094.455,-0.794,0.080,0.046,-0.601,2783,263,1361,2911,2443,2543,711,2687,50,1.026,1,2200,1,33.570,0.316,-15.000,-12.625,-27.250,-0.168,0.055,1.000,0.301,-0.098,0.105,0.060,0.032,1.017,1.380,2,NULL,NULL,,3,0,2,7,255,1250,250,0,0
stim,144658,174779,0,174779,3372099.454,-0.794,0.079,0.046,-0.602,2778,267,1481,2902,2475,2553,793,2711,50,1.026,1,2200,1,39.517,0.105,-18.750,-12.563,-32.438,-0.164,0.016,0.992,0.039,-0.098,0.105,0.060,0.032,1.017,1.380,2,NULL,NULL,,3,0,2,7,255,1250,250,0,0
stim,144658,174779,0,174779,3372104.455,-0.793,0.077,0.046,-0.603,2733,267,1523,2877,2509,2547,885,2711,50,1.026,1,2200,1,43.942,0.340,-21.563,-12.688,-36.125,-0.156,-0.023,0.977,-0.289,-0.180,0.027,0.060,0.030,1.017,1.380,2,NULL,NULL,,3,0,2,7,255,1250,250,0,0
stim,144658,174779,0,174779,3372109.454,-0.792,0.076,0.046,-0.604,2701,287,1647,2860,2530,2551,957,2726,50,1.026,1,2200,1,45.371,0.678,-23.625,-13.313,-36.375,-0.152,-0.043,0.961,-0.602,-0.313,-0.148,0.058,0.026,1.017,1.380,2,NULL,NULL,,3,0,2,7,255,1250,250,0,0
stim,144706,174827,0,174827,3372114.455,-0.791,0.075,0.047,-0.605,2667,303,1737,2843,2557,2551,1030,2735,50,1.026,1,2200,1,45.066,0.695,-23.750,-14.375,-35.500,-0.148,-0.031,0.945,-0.621,-0.313,-0.297,0.056,0.020,1.017,1.380,2,NULL,NULL,,3,0,2,7,255,1250,250,0,0
stim,144706,174827,0,174827,3372119.454,-0.790,0.073,0.047,-0.607,2631,308,1781,2824,2595,2557,1123,2745,50,1.026,1,2200,1,43.639,0.697,-20.563,-14.875,-35.500,-0.141,-0.016,0.945,-0.621,-0.316,-0.453,0.054,0.014,1.017,1.380,2,NULL,NULL,,3,0,2,7,255,1250,250,0,0
stim,144706,174827,0,174827,3372124.455,-0.789,0.072,0.047,-0.608,2591,311,1881,2805,2604,2556,1205,2761,50,1.026,1,2200,1,42.333,0.556,-17.625,-15.313,-35.313,-0.121,-0.020,0.969,-0.457,-0.316,-0.453,0.054,0.010,1.017,1.380,2,NULL,NULL,,3,0,2,7,255,1250,250,0,0
stim,144706,174827,0,174827,3372129.454,-0.789,0.071,0.047,-0.609,2543,315,1951,2789,2629,2557,1299,2773,50,1.026,1,2200,1,41.436,0.701,-18.375,-15.500,-33.750,-0.098,-0.035,0.984,-0.457,-0.531,-0.270,0.054,0.010,1.017,1.380,2,NULL,NULL,,3,0,2,7,255,1250,250,0,0
stim,144706,174827,0,174827,3372134.455,-0.788,0.070,0.047,-0.610,2503,331,2019,2771,2648,2567,1367,2781,50,1.026,1,2200,1,40.053,0.935,-20.313,-15.688,-30.750,-0.090,-0.055,0.980,-0.496,-0.793,-0.195,0.056,0.012,1.017,1.380,2,NULL,NULL,,3,0,2,7,255,1250,250,0,0
stim,144706,174827,0,174827,3372139.454,-0.787,0.068,0.047,-0.611,2461,339,2103,2749,2679,2568,1469,2793,50,1.026,1,2200,1,37.183,1.060,-20.438,-16.000,-26.625,-0.094,-0.074,0.961,-0.637,-0.848,-0.195,0.058,0.016,1.017,1.380,2,NULL,NULL,,3,0,2,7,255,1250,250,0,0
stim,144725,174846,0,174846,3372144.455,-0.787,0.067,0.047,-0.612,2421,345,2173,2725,2695,2579,1555,2807,50,1.026,1,2200,1,34.080,1.060,-17.813,-16.375,-24.000,-0.109,-0.035,0.973,-0.637,-0.848,-0.238,0.060,0.020,1.017,1.380,2,NULL,NULL,,3,0,2,7,255,1250,250,0,0
stim,144725,174846,0,174846,3372149.454,-0.786,0.066,0.047,-0.613,2377,347,2194,2696,2717,2580,1623,2809,50,1.026,1,2200,1,35.386,0.780,-17.625,-16.688,-25.750,-0.133,0.012,1.000,-0.477,-0.617,-0.238,0.062,0.024,1.017,1.380,2,NULL,NULL,,3,0,2,7,255,1250,250,0,0
stim,144725,174846,0,174846,3372154.455,-0.786,0.065,0.047,-0.614,2327,355,2277,2671,2724,2583,1671,2823,50,1.026,1,2200,1,38.434,0.408,-19.063,-16.625,-28.938,-0.113,0.051,1.020,-0.090,-0.398,0.055,0.064,0.026,1.017,1.380,2,NULL,NULL,,3,0,2,7,255,1250,250,0,0
stim,144725,174846,0,174846,3372159.454,-0.785,0.063,0.047,-0.615,2269,365,2329,2649,2735,2584,1765,2827,50,1.026,1,2200,1,40.695,0.547,-22.938,-16.000,-29.563,-0.094,0.043,1.031,0.375,-0.398,0.242,0.066,0.030,1.017,1.380,2,NULL,NULL,,3,0,2,7,255,1250,250,0,0
stim,144725,174846,0,174846,3372164.455,-0.784,0.062,0.047,-0.616,2215,368,2361,2615,2759,2584,1815,2845,50,1.026,1,2200,1,41.451,0.709,-27.125,-15.813,-27.063,-0.082,0.016,1.020,0.375,-0.602,0.242,0.066,0.032,1.017,1.380,2,NULL,NULL,,3,0,2,7,255,1250,250,0,0
stim,144725,174846,0,174846,3372169.454,-0.784,0.060,0.047,-0.616,2154,376,2404,2581,2771,2579,1874,2851,50,1.026,1,2200,1,40.698,0.615,-28.813,-15.625,-24.125,-0.094,-0.008,0.992,0.129,-0.602,0.191,0.066,0.032,1.017,1.380,2,NULL,NULL,,3,0,2,7,255,1250,250,0,0
stim,144725,174846,0,174846,3372174.457,-0.783,0.059,0.047,-0.617,2100,393,2444,2535,2783,2581,1931,2855,50,1.026,1,2200,1,36.738,0.607,-25.125,-15.750,-21.688,-0.094,-0.008,0.953,-0.082,-0.602,-0.047,0.066,0.032,1.017,1.380,2,NULL,NULL,,3,0,2,7,255,1250,250,0,0
stim,144725,174846,0,174846,3372179.454,-0.783,0.058,0.047,-0.618,2027,393,2468,2504,2795,2584,2002,2863,50,1.026,1,2200,1,30.449,0.538,-17.313,-16.250,-19.063,-0.102,-0.004,0.957,-0.082,-0.531,-0.406,0.066,0.032,1.017,1.380,2,NULL,NULL,,3,0,2,7,255,1250,250,0,0
stim,144754,174875,0,174875,3372184.455,-0.782,0.057,0.047,-0.618,1959,394,2515,2463,2808,2578,2031,2883,50,1.026,1,2200,1,28.483,0.457,-13.375,-16.688,-18.813,-0.117,-0.008,1.000,-0.082,-0.449,-0.406,0.066,0.032,1.017,1.380,2,NULL,NULL,,3,0,2,7,255,1250,250,0,0
stim,144754,174875,0,174875,3372189.454,-0.782,0.056,0.047,-0.619,1903,393,2541,2425,2823,2585,2079,2879,50,1.026,1,2200,1,29.823,0.405,-15.000,-17.000,-19.375,-0.121,-0.031,1.023,-0.105,-0.391,0.059,0.066,0.030,1.017,1.380,2,NULL,NULL,,3,0,2,7,255,1250,250,0,0
stim,144754,174875,0,174875,3372194.455,-0.782,0.055,0.047,-0.620,1817,377,2565,2375,2835,2585,2126,2898,50,1.026,1,2200,1,32.472,0.493,-19.438,-17.000,-19.688,-0.117,-0.043,1.027,-0.301,-0.391,0.293,0.068,0.028,1.017,1.380,2,NULL,NULL,,3,0,2,7,255,1250,250,0,0
stim,144754,174875,0,174875,3372199.454,-0.781,0.053,0.047,-0.620,1733,370,2592,2312,2843,2584,2187,2899,50,1.026,1,2200,1,35.056,0.493,-22.625,-17.375,-20.375,-0.113,-0.023,1.004,-0.301,-0.391,0.293,0.070,0.028,1.017,1.380,2,NULL,NULL,,3,0,2,7,255,1250,250,0,0
stim,144754,174875,0,174875,3372204.455,-0.781,0.052,0.047,-0.621,1639,362,2621,2253,2857,2577,2233,2899,50,1.026,1,2200,1,33.663,0.451,-21.313,-17.563,-19.250,-0.086,-0.027,0.969,-0.188,-0.410,0.070,0.074,0.026,1.017,1.380,2,NULL,NULL,,3,0,2,7,255,1250,250,0,0
stim,144754,174875,0,174875,3372209.454,-0.780,0.051,0.047,-0.622,1527,349,2634,2185,2872,2585,2269,2903,50,1.026,1,2200,1,29.448,0.604,-17.500,-17.688,-15.750,-0.082,-0.031,0.984,-0.188,-0.574,-0.160,0.076,0.026,1.017,1.380,2,NULL,NULL,,3,0,2,7,255,1250,250,0,0
stim,144808,174929,0,174929,3372214.455,-0.780,0.050,0.046,-0.622,1397,344,2668,2106,2872,2571,2301,2917,50,1.026,1,2200,1,28.020,0.605,-16.688,-17.625,-14.000,-0.098,-0.035,1.008,-0.191,-0.574,-0.160,0.078,0.024,1.017,1.380,2,NULL,NULL,,3,0,2,7,255,1250,250,0,0
stim,144808,174929,1,174929,3372219.455,-0.780,0.048,0.046,-0.622,1277,317,2693,2035,2888,2581,2333,2925,50,1.026,1,2200,1,28.223,0.545,-17.250,-17.938,-13.313,-0.105,-0.035,1.004,-0.234,-0.492,0.078,0.080,0.024,1.017,1.380,2,NULL,NULL,,3,1,2,7,255,1250,250,0,0
stim,144808,174929,1,174929,3372224.455,-0.780,0.047,0.046,-0.623,1203,292,2648,1934,2901,2577,2365,2922,50,1.026,1,2200,1,28.247,0.469,-16.250,-17.938,-14.563,-0.102,-0.031,0.988,-0.234,-0.406,0.078,0.084,0.026,1.017,1.380,2,NULL,NULL,,3,1,2,7,255,1250,250,0,0
stim,144808,174929,1,174929,3372229.454,-0.779,0.046,0.046,-0.623,1084,268,2718,1839,2901,2569,2390,2925,50,1.026,1,2200,1,26.666,0.441,-13.188,-18.375,-14.125,-0.086,-0.016,0.980,-0.172,-0.406,-0.078,0.084,0.026,1.017,1.380,2,NULL,NULL,,3,1,2,7,255,1250,250,0,0
stim,144808,174929,1,174929,3372234.455,-0.779,0.045,0.045,-0.624,995,254,2735,1743,2906,2567,2422,2928,50,1.026,1,2200,1,24.387,0.482,-10.000,-18.688,-12.063,-0.078,-0.023,0.992,-0.043,-0.480,-0.078,0.088,0.026,1.017,1.380,2,NULL,NULL,,3,1,2,7,255,1250,250,0,0
stim,144808,174929,1,174929,3372239.454,-0.779,0.044,0.045,-0.624,877,231,2747,1608,2915,2557,2455,2936,50,1.026,1,2200,1,22.832,0.482,-8.750,-19.188,-8.750,-0.090,-0.031,1.020,-0.043,-0.480,-0.078,0.090,0.026,1.017,1.380,2,NULL,NULL,,3,1,2,7,255,1250,250,0,0
stim,144808,174929,1,174929,3372244.455,-0.779,0.043,0.045,-0.624,774,205,2765,1476,2923,2555,2477,2940,50,1.026,1,2200,1,24.242,0.466,-11.125,-18.875,-10.375,-0.094,-0.023,1.027,-0.066,-0.461,0.223,0.092,0.026,1.017,1.380,2,NULL,NULL,,3,1,2,7,255,1250,250,0,0
stim,144808,174929,1,174929,3372249.454,-0.778,0.042,0.044,-0.625,613,191,2778,1358,2932,2551,2503,2943,50,1.026,1,2200,1,25.327,0.431,-12.313,-19.313,-10.813,-0.086,-0.027,1.000,-0.066,-0.426,0.223,0.096,0.026,1.017,1.380,2,NULL,NULL,,3,1,2,7,255,1250,250,0,0
stim,144808,174929,1,174929,3372254.455,-0.778,0.042,0.044,-0.625,523,167,2793,1184,2939,2547,2525,2951,50,1.026,1,2200,1,23.141,0.396,-8.938,-19.938,-7.625,-0.090,-0.023,0.992,-0.066,-0.391,0.031,0.098,0.026,1.017,1.380,2,NULL,NULL,,3,1,2,7,255,1250,250,0,0
stim,144808,174929,1,174929,3372259.454,-0.778,0.041,0.043,-0.625,375,148,2805,1065,2949,2541,2549,2956,50,1.026,1,2200,1,22.915,0.376,-6.188,-20.750,-7.500,-0.109,-0.004,1.023,-0.027,-0.375,0.031,0.102,0.026,1.017,1.380,2,NULL,NULL,,3,1,2,7,255,1250,250,0,0
stim,144828,174949,1,174949,3372264.455,-0.778,0.040,0.043,-0.626,281,101,2821,903,2955,2532,2571,2962,50,1.026,1,2200,1,24.429,0.199,-6.688,-21.625,-9.188,-0.117,0.016,1.047,0.137,-0.145,0.258,0.104,0.026,1.017,1.380,2,NULL,NULL,,3,1,2,7,255,1250,250,0,0
stim,144828,174949,1,174949,3372269.454,-0.778,0.039,0.042,-0.626,184,73,2829,747,2964,2523,2589,2964,50,1.026,1,2200,1,26.911,0.283,-7.875,-22.563,-12.375,-0.121,0.031,1.063,0.281,-0.035,0.504,0.108,0.026,1.017,1.380,2,NULL,NULL,,3,1,2,7,255,1250,250,0,0
stim,144828,174949,1,174949,3372274.455,-0.777,0.038,0.042,-0.627,120,52,2843,611,2969,2514,2612,2967,50,1.026,1,2200,1,28.630,0.446,-7.875,-23.625,-14.125,-0.125,0.055,1.078,0.445,0.020,0.652,0.108,0.026,1.017,1.380,2,NULL,NULL,,3,1,2,7,255,1250,250,0,0
stim,144828,174949,1,174949,3372279.454,-0.777,0.037,0.041,-0.627,63,35,2855,473,2975,2501,2630,2971,50,1.026,1,2200,1,31.899,0.690,-11.188,-25.188,-16.063,-0.113,0.063,1.082,0.688,0.063,0.801,0.110,0.026,1.017,1.380,2,NULL,NULL,,3,1,2,7,255,1250,250,0,0
stim,144855,174976,1,174976,3372284.455,-0.777,0.036,0.040,-0.628,31,24,2870,297,2981,2479,2650,2975,50,1.026,1,2200,1,35.367,0.716,-11.938,-26.938,-19.563,-0.117,0.055,1.094,0.711,0.082,0.840,0.112,0.026,1.017,1.380,2,NULL,NULL,,3,1,2,7,255,1250,250,0,0
stim,144855,174976,1,174976,3372289.454,-0.776,0.035,0.040,-0.628,18,5,2873,191,2991,2459,2669,2982,50,1.026,1,2200,1,39.350,0.764,-12.938,-29.813,-22.188,-0.102,0.090,1.094,0.762,0.063,0.910,0.114,0.026,1.017,1.380,2,NULL,NULL,,3,1,2,7,255,1250,250,0,0
stim,144855,174976,1,174976,3372294.456,-0.775,0.033,0.039,-0.629,0,0,2889,125,2997,2431,2687,2982,50,1.026,1,2200,1,44.427,0.981,-12.125,-32.875,-27.313,-0.098,0.078,1.086,0.980,0.031,0.910,0.116,0.026,1.017,1.380,2,NULL,NULL,,3,1,2,7,255,1250,250,0,0
stim,144855,174976,1,174976,3372299.454,-0.775,0.032,0.038,-0.630,0,0,2897,94,3006,2413,2711,2985,50,1.026,1,2200,1,45.802,0.981,-10.063,-36.250,-26.125,-0.117,0.031,1.082,0.980,0.031,0.855,0.118,0.026,1.017,1.380,2,NULL,NULL,,3,1,2,7,255,1250,250,0,0
stim,144874,174995,1,174995,3372304.455,-0.774,0.031,0.036,-0.631,0,0,2905,74,3014,2379,2730,2986,50,1.026,1,2200,0,45.423,0.505,4.063,-41.000,-19.125,-0.230,-0.070,1.141,0.488,0.129,0.855,0.122,0.026,1.017,1.380,3,NULL,NULL,,3,1,2,7,255,1250,250,0,0
stim,144874,174995,1,174995,3372309.454,-0.774,0.030,0.035,-0.632,0,0,2911,60,3022,2355,2750,2987,50,1.026,1,2200,0,53.883,1.211,13.313,-46.813,-23.125,-0.289,-0.086,1.258,-0.672,1.008,1.559,0.124,0.024,1.017,1.380,3,NULL,NULL,,3,1,2,7,255,1250,250,0,0
stim,144905,175026,1,175026,3372314.455,-0.773,0.029,0.032,-0.633,0,0,2909,43,3026,2331,2772,2987,50,1.026,1,2200,0,61.817,1.419,17.875,-53.250,-25.813,-0.258,-0.023,1.406,-0.672,1.250,2.750,0.126,0.024,1.017,1.380,3,NULL,NULL,,3,1,2,7,255,1250,250,0,0
stim,144905,175026,1,175026,3372319.454,-0.773,0.028,0.030,-0.633,0,0,2921,0,3031,2296,2783,2989,50,1.026,1,2200,0,61.583,1.268,9.250,-59.813,-11.375,-0.113,0.125,1.492,-0.211,1.250,4.141,0.126,0.026,1.017,1.380,3,NULL,NULL,,3,1,2,7,255,1250,250,0,0
stim,144905,175026,1,175026,3372324.457,-0.773,0.025,0.029,-0.633,0,0,2927,0,3036,2261,2795,2991,50,1.026,1,2200,0,73.888,1.138,-45.250,-58.375,-2.063,0.031,0.066,1.219,1.125,0.172,4.141,0.126,0.030,1.017,1.380,3,NULL,NULL,,3,1,2,7,255,1250,250,0,0
stim,144905,175026,1,175026,3372329.454,-0.774,0.022,0.028,-0.632,0,0,2927,0,3039,2222,2813,2991,50,1.026,1,2200,0,77.686,1.158,-46.875,-59.625,16.813,-0.055,-0.082,0.934,1.125,-0.273,2.063,0.122,0.034,1.017,1.380,3,NULL,NULL,,3,1,2,7,255,1250,250,0,0
stim,144905,175026,1,175026,3372334.455,-0.775,0.020,0.027,-0.631,0,0,2933,0,3048,2171,2831,2995,50,1.026,1,2200,0,74.656,0.622,-15.188,-66.313,30.750,-0.195,-0.113,0.945,-0.559,-0.273,-0.422,0.120,0.040,1.017,1.380,3,NULL,NULL,,3,1,2,7,255,1250,250,0,0
stim,144905,175026,1,175026,3372339.454,-0.775,0.018,0.025,-0.631,0,0,2933,0,3053,2115,2845,2991,50,1.026,1,2200,0,72.793,1.526,3.500,-70.063,19.438,-0.270,-0.129,1.031,-1.113,1.043,-0.422,0.118,0.044,1.017,1.380,3,NULL,NULL,,3,1,2,7,255,1250,250,0,0
stim,144905,175026,1,175026,3372344.455,-0.776,0.016,0.022,-0.631,0,0,2935,0,3055,2041,2859,2992,50,1.026,1,2200,0,73.961,1.992,8.750,-73.438,0.813,-0.242,-0.156,1.117,-1.387,1.430,0.457,0.118,0.046,1.017,1.380,3,NULL,NULL,,3,1,2,7,255,1250,250,0,0
stim,144905,175026,1,175026,3372349.454,-0.776,0.014,0.019,-0.631,0,0,2932,0,3063,1957,2867,2991,50,1.026,1,2200,0,78.134,1.992,5.063,-77.688,-6.625,-0.145,-0.137,1.199,-1.387,1.430,1.281,0.116,0.050,1.017,1.380,3,NULL,NULL,,3,1,2,7,255,1250,250,0,0
stim,144905,175026,1,175026,3372354.455,-0.776,0.012,0.017,-0.631,0,0,2931,0,3063,1875,2879,2991,50,1.026,1,2200,0,80.225,1.300,-3.625,-80.125,1.688,-0.055,-0.113,1.160,-1.176,0.555,1.586,0.114,0.054,1.017,1.380,3,NULL,NULL,,3,1,2,7,255,1250,250,0,0
stim,144905,175026,1,175026,3372359.454,-0.776,0.009,0.014,-0.630,0,0,2925,0,3067,1781,2891,2988,50,1.026,1,2200,0,83.536,0.873,-6.688,-82.125,13.750,-0.078,-0.047,1.090,-0.824,0.289,1.586,0.110,0.060,1.017,1.380,3,NULL,NULL,,3,1,2,7,255,1250,250,0,0
stim,144937,175058,1,175058,3372364.455,-0.777,0.007,0.012,-0.630,0,0,2919,0,3069,1693,2902,2985,50,1.026,1,2200,0,87.877,0.387,-2.938,-85.938,18.125,-0.133,-0.016,1.078,-0.258,0.289,0.914,0.108,0.066,1.017,1.380,3,NULL,NULL,,3,1,2,7,255,1250,250,0,0
stim,144937,175058,1,175058,3372369.454,-0.777,0.005,0.008,-0.629,0,0,2915,0,3081,1565,2909,2985,50,1.026,1,2200,0,90.227,1.010,4.375,-89.500,10.563,-0.180,-0.023,1.078,-0.258,0.977,0.805,0.106,0.070,1.017,1.380,3,NULL,NULL,,3,1,2,7,255,1250,250,0,0
stim,144937,175058,1,175058,3372374.455,-0.777,0.003,0.005,-0.629,0,0,2899,0,3079,1433,2915,2984,50,1.026,1,2200,0,94.438,1.015,9.688,-93.938,0.688,-0.109,-0.078,1.098,-0.277,0.977,0.805,0.104,0.074,1.017,1.380,3,NULL,NULL,,3,1,2,7,255,1250,250,0,0
stim,144937,175058,1,175058,3372379.454,-0.778,0.000,0.002,-0.629,0,0,2897,0,3087,1299,2925,2981,50,1.026,1,2200,0,96.911,1.027,9.250,-96.438,2.438,-0.055,-0.086,1.133,-0.648,0.797,0.961,0.102,0.078,1.017,1.380,3,NULL,NULL,,3,1,2,7,255,1250,250,0,0
stim,144937,175058,1,175058,3372384.456,-0.778,-0.002,-0.002,-0.628,0,0,2887,0,3089,1131,2934,2975,50,1.026,1,2200,0,100.069,0.723,4.000,-99.375,11.063,-0.035,-0.082,1.176,-0.648,0.320,1.309,0.100,0.084,1.017,1.380,3,NULL,NULL,,3,1,2,7,255,1250,250,0,0
stim,144937,175058,1,175058,3372389.454,-0.778,-0.005,-0.005,-0.628,0,0,2854,0,3091,980,2941,2970,50,1.026,1,2200,0,104.159,0.658,0.625,-102.750,17.063,-0.070,-0.016,1.168,-0.574,0.320,1.637,0.096,0.090,1.017,1.380,3,NULL,NULL,,3,1,2,7,255,1250,250,0,0
stim,144971,175092,1,175092,3372394.455,-0.779,-0.008,-0.009,-0.627,0,0,2857,0,3095,819,2952,2966,50,1.026,1,2200,0,108.815,0.799,0.938,-107.563,16.438,-0.098,0.023,1.082,-0.055,0.797,1.637,0.092,0.094,1.017,1.380,3,NULL,NULL,,3,1,2,7,255,1250,250,0,0
stim,144971,175092,1,175092,3372399.454,-0.779,-0.010,-0.013,-0.627,0,0,2833,0,3095,651,2959,2955,50,1.026,1,2200,0,112.338,1.255,15.563,-111.125,5.375,-0.098,0.074,1.086,0.207,1.238,0.781,0.090,0.100,1.017,1.380,3,NULL,NULL,,3,1,2,7,255,1250,250,0,0
stim,144971,175092,1,175092,3372404.455,-0.779,-0.013,-0.017,-0.626,0,0,2809,0,3093,538,2967,2942,50,1.026,1,2200,0,117.898,1.411,20.625,-115.938,5.750,0.023,0.094,1.191,0.676,1.238,0.781,0.086,0.106,1.017,1.380,3,NULL,NULL,,3,1,2,7,255,1250,250,0,0
stim,144971,175092,1,175092,3372409.454,-0.780,-0.015,-0.022,-0.625,0,0,2779,0,3096,415,2971,2933,50,1.026,1,2200,0,122.607,1.250,17.063,-119.938,18.875,0.035,0.148,1.258,1.078,0.633,1.844,0.080,0.114,1.017,1.380,3,NULL,NULL,,3,1,2,7,255,1250,250,0,0
stim,145006,175127,1,175127,3372414.455,-0.781,-0.018,-0.026,-0.624,0,0,2757,0,3096,254,2979,2922,50,1.026,1,2200,0,126.816,1.715,1.000,-123.625,28.250,-0.008,0.207,1.313,1.594,0.633,2.488,0.078,0.120,1.017,1.380,3,NULL,NULL,,3,1,2,7,255,1250,250,0,0
stim,145006,175127,1,175127,3372419.454,-0.781,-0.022,-0.030,-0.623,0,0,2725,0,3099,133,2983,2904,50,1.026,1,2200,0,129.286,2.209,-11.250,-126.000,26.688,-0.066,0.199,1.246,1.777,1.313,2.488,0.072,0.128,1.017,1.380,3,NULL,NULL,,3,1,2,7,255,1250,250,0,0
stim,145006,175127,1,175127,3372424.455,-0.782,-0.025,-0.034,-0.622,0,0,2700,0,3097,77,2987,2885,50,1.026,1,2200,0,132.799,2.644,-12.188,-131.125,17.125,-0.113,0.148,1.203,1.777,1.957,2.270,0.068,0.134,1.017,1.380,3,NULL,NULL,,3,1,2,7,255,1250,250,0,0
stim,145006,175127,1,175127,3372429.454,-0.782,-0.029,-0.039,-0.622,0,0,2661,0,3095,27,2987,2856,50,1.026,1,2200,0,136.045,2.361,-11.250,-135.375,7.438,-0.016,0.145,1.277,1.320,1.957,2.270,0.064,0.142,1.017,1.380,3,NULL,NULL,,3,1,2,7,255,1250,250,0,0
stim,145006,175127,1,175127,3372434.455,-0.782,-0.034,-0.043,-0.621,0,0,2623,0,3096,0,2991,2829,50,1.026,1,2200,0,140.470,2.121,-19.688,-138.750,9.625,0.012,0.145,1.348,1.320,1.660,2.594,0.060,0.150,1.017,1.380,3,NULL,NULL,,3,1,2,7,255,1250,250,0,0
stim,145006,175127,1,175127,3372439.454,-0.782,-0.038,-0.047,-0.620,0,0,2572,0,3093,0,2995,2796,50,1.026,1,2200,0,147.914,2.121,-27.500,-144.500,15.563,-0.066,0.137,1.355,1.320,1.660,3.266,0.054,0.156,1.017,1.380,3,NULL,NULL,,3,1,2,7,255,1250,250,0,0
stim,145024,175145,1,175145,3372444.455,-0.782,-0.043,-0.051,-0.619,0,0,2519,0,3087,0,2997,2759,50,1.026,1,2200,0,153.473,2.858,-31.875,-149.563,13.000,-0.086,0.172,1.500,1.363,2.512,3.289,0.048,0.164,1.017,1.380,3,NULL,NULL,,3,1,2,7,255,1250,250,0,0
stim,145024,175145,1,175145,3372449.454,-0.782,-0.049,-0.055,-0.619,0,0,2459,0,3081,0,2987,2713,50,1.026,1,2200,0,162.937,3.333,-42.625,-156.688,13.438,-0.168,0.141,1.605,1.137,3.133,4.566,0.042,0.172,1.017,1.380,3,NULL,NULL,,3,1,2,7,255,1250,250,0,0
stim,145024,175145,1,175145,3372454.455,-0.782,-0.055,-0.060,-0.618,0,0,2410,0,3079,0,2996,2665,50,1.026,1,2200,0,175.104,4.323,-47.688,-167.688,16.375,-0.180,0.141,1.680,0.961,4.215,5.434,0.036,0.178,1.017,1.380,3,NULL,NULL,,3,1,2,7,255,1250,250,0,0
stim,145024,175145,1,175145,3372459.454,-0.782,-0.062,-0.064,-0.617,0,0,2348,0,3067,0,2989,2611,50,1.026,1,2200,0,187.250,4.781,-55.125,-178.000,18.438,-0.223,0.188,1.730,0.961,4.684,6.082,0.034,0.188,1.017,1.380,3,NULL,NULL,,3,1,2,7,255,1250,250,0,0
stim,145024,175145,1,175145,3372464.455,-0.782,-0.069,-0.069,-0.615,0,0,2267,0,3060,0,2987,2549,50,1.026,1,2200,0,202.825,5.699,-63.750,-191.563,19.438,-0.289,0.211,1.684,1.309,5.547,6.082,0.034,0.196,1.017,1.380,3,NULL,NULL,,3,1,2,7,255,1250,250,0,0
stim,145024,175145,0,175145,3372469.454,-0.782,-0.077,-0.074,-0.614,0,0,2167,0,3049,0,2973,2467,50,1.026,1,2200,0,217.568,6.539,-71.813,-204.813,15.188,-0.273,0.227,1.691,1.387,6.391,5.703,0.038,0.206,1.017,1.380,3,NULL,NULL,,3,0,2,7,255,1256,250,0,0
stim,145024,175145,0,175145,3372474.457,-0.781,-0.086,-0.079,-0.613,0,0,2056,0,3035,19,2966,2385,50,1.026,1,2200,0,233.380,6.723,-83.188,-217.750,11.438,-0.273,0.188,1.688,1.387,6.578,5.660,0.044,0.218,1.017,1.380,3,NULL,NULL,,3,0,2,7,255,1256,250,0,0
stim,145024,175145,0,175145,3372479.454,-0.781,-0.095,-0.084,-0.612,0,0,1931,0,3021,33,2965,2279,50,1.026,1,2200,0,248.868,6.935,-86.938,-232.813,13.250,-0.285,0.172,1.688,1.258,6.820,5.527,0.052,0.230,1.017,1.380,3,NULL,NULL,,3,0,2,7,255,1256,250,0,0
stim,145068,175189,0,175189,3372484.455,-0.780,-0.105,-0.090,-0.610,0,0,1865,0,2999,44,2927,2189,50,1.026,1,2200,0,264.419,7.313,-91.500,-247.688,14.000,-0.324,0.184,1.691,1.168,7.219,5.359,0.064,0.246,1.017,1.380,3,NULL,NULL,,3,0,2,7,255,1256,250,0,0
stim,145068,175189,0,175189,3372489.454,-0.779,-0.115,-0.097,-0.609,0,0,1757,0,2993,57,2905,2095,50,1.026,1,2200,0,280.306,8.046,-91.625,-264.688,10.813,-0.324,0.219,1.730,1.168,7.961,5.223,0.078,0.264,1.017,1.380,3,NULL,NULL,,3,0,2,7,255,1256,250,0,0
stim,145068,175189,0,175189,3372494.455,-0.778,-0.125,-0.104,-0.607,0,0,1655,0,2956,58,2875,1991,50,1.026,1,2200,0,294.532,8.638,-87.625,-281.125,6.313,-0.301,0.277,1.824,1.559,8.496,5.223,0.094,0.284,1.017,1.380,3,NULL,NULL,,3,0,2,7,255,1256,250,0,0
stim,145068,175189,0,175189,3372499.454,-0.776,-0.136,-0.112,-0.605,0,0,1575,0,2933,59,2830,1887,50,1.026,1,2200,0,307.761,9.396,-78.563,-297.563,1.250,-0.316,0.285,2.039,2.223,9.129,5.883,0.114,0.310,1.017,1.380,3,NULL,NULL,,3,0,2,7,255,1256,250,0,0
stim,145068,175189,0,175189,3372504.455,-0.774,-0.147,-0.120,-0.604,0,0,1461,0,2891,54,2760,1805,50,1.026,1,2200,0,320.925,10.680,-73.813,-312.313,-2.313,-0.391,0.313,2.285,2.297,10.430,7.547,0.138,0.338,1.017,1.380,3,NULL,NULL,,3,0,2,7,255,1256,250,0,0
stim,145068,175189,0,175189,3372509.454,-0.772,-0.158,-0.129,-0.602,0,0,1389,0,2834,45,2676,1674,50,1.026,1,2200,0,339.991,12.771,-81.250,-330.063,-7.125,-0.406,0.379,2.461,2.422,12.539,9.172,0.164,0.370,1.017,1.380,3,NULL,NULL,,3,0,2,7,255,1256,250,0,0
stim,145106,175227,0,175227,3372514.455,-0.769,-0.171,-0.139,-0.600,0,0,1259,0,2775,21,2547,1563,50,1.026,1,2200,0,358.587,14.423,-95.125,-345.500,-12.875,-0.398,0.473,2.574,3.047,14.098,10.250,0.194,0.404,1.017,1.380,3,NULL,NULL,,3,0,2,7,255,1256,250,0,0
stim,145106,175227,0,175227,3372519.454,-0.766,-0.184,-0.147,-0.598,0,0,1145,0,2703,0,2411,1451,50,1.026,1,2200,0,376.590,15.818,-118.563,-356.938,-18.938,-0.391,0.566,2.520,4.027,15.297,10.250,0.228,0.440,1.017,1.380,3,NULL,NULL,,3,0,2,7,255,1256,250,0,0
stim,145106,175227,0,175227,3372524.455,-0.762,-0.198,-0.156,-0.596,0,0,985,0,2613,0,2251,1326,50,1.026,1,2200,0,392.600,16.134,-140.375,-365.688,-26.500,-0.371,0.488,2.395,4.355,15.535,9.609,0.262,0.478,1.017,1.380,3,NULL,NULL,,3,0,2,7,255,1256,250,0,0
stim,145106,175227,0,175227,3372529.454,-0.758,-0.212,-0.165,-0.595,0,0,845,0,2493,0,2019,1179,50,1.026,1,2200,0,403.299,16.134,-147.688,-374.313,-27.000,-0.309,0.258,2.281,4.355,15.535,8.199,0.300,0.520,1.017,1.380,3,NULL,NULL,,3,0,2,7,255,1256,250,0,0
stim,145106,175227,0,175227,3372534.455,-0.753,-0.227,-0.174,-0.592,0,0,699,0,2358,0,1749,1034,50,1.026,1,2200,0,413.333,14.854,-146.750,-386.063,-16.250,-0.254,-0.074,2.145,2.391,14.660,7.324,0.342,0.562,1.017,1.380,3,NULL,NULL,,3,0,2,7,255,1256,250,0,0
stim,145106,175227,0,175227,3372539.454,-0.749,-0.243,-0.183,-0.589,0,0,503,0,2172,0,1449,935,50,1.026,1,2200,0,427.217,13.483,-148.188,-400.688,2.063,-0.141,-0.297,1.844,-0.609,13.469,6.473,0.388,0.612,1.017,1.380,3,NULL,NULL,,3,0,2,7,255,1256,250,0,0
stim,145106,175227,0,175227,3372544.455,-0.745,-0.258,-0.193,-0.584,0,0,375,0,1944,0,1018,781,50,1.026,1,2200,0,437.313,11.351,-138.938,-414.188,19.688,0.043,-0.375,1.328,-2.492,11.074,4.574,0.442,0.668,1.017,1.380,3,NULL,NULL,,3,0,2,7,255,1256,250,0,0
stim,145106,175227,0,175227,3372549.454,-0.741,-0.272,-0.204,-0.579,0,0,275,0,1671,0,535,671,50,1.026,1,2200,0,431.988,7.452,-87.563,-422.563,19.688,0.242,-0.289,0.949,-2.492,7.023,1.367,0.502,0.732,1.017,1.380,3,NULL,NULL,,3,0,2,7,255,1256,250,0,0
stim,145106,175227,0,175227,3372554.455,-0.738,-0.283,-0.217,-0.572,0,0,191,0,1365,0,203,503,50,1.026,1,2200,0,432.961,5.292,10.125,-432.000,27.000,0.277,-0.230,1.117,-1.852,4.957,0.469,0.574,0.808,1.017,1.380,3,NULL,NULL,,3,0,2,7,255,1256,250,0,0
stim,145106,175227,0,175227,3372559.454,-0.737,-0.292,-0.232,-0.564,0,0,111,0,1017,0,0,431,50,1.026,1,2200,0,438.166,5.111,58.688,-431.063,52.250,0.180,0.109,1.648,-1.246,4.957,0.469,0.652,0.886,1.017,1.380,3,NULL,NULL,,3,0,2,7,255,1256,250,0,0
stim,145138,175259,0,175259,3372564.455,-0.735,-0.302,-0.245,-0.556,0,0,109,0,581,0,0,369,50,1.026,1,2200,0,435.174,10.297,38.750,-426.563,76.938,-0.023,0.238,2.074,1.676,10.160,2.727,0.732,0.968,1.017,1.380,3,NULL,NULL,,3,0,2,7,255,1256,250,0,0
stim,145138,175259,0,175259,3372569.454,-0.733,-0.314,-0.257,-0.546,0,0,103,0,246,0,0,293,50,1.026,1,2200,0,446.377,15.280,-16.188,-429.500,120.500,-0.270,0.215,2.090,1.676,15.188,2.727,0.812,1.052,1.017,1.380,3,NULL,NULL,,3,0,2,7,255,1256,250,0,0
stim,145138,175259,0,175259,3372574.455,-0.732,-0.329,-0.266,-0.534,0,0,56,0,0,0,0,167,50,1.026,1,2200,0,475.748,17.344,-65.688,-437.813,174.188,-0.543,0.266,1.813,1.164,17.305,1.484,0.890,1.132,1.017,1.380,3,NULL,NULL,,3,0,2,7,255,1256,250,0,0
stim,145138,175260,0,175260,3372579.454,-0.730,-0.344,-0.275,-0.523,0,0,28,0,0,0,0,99,50,1.026,1,2200,0,478.049,17.344,-98.688,-432.250,178.750,-0.707,0.609,1.434,1.164,17.305,-3.012,0.958,1.204,1.017,1.380,3,NULL,NULL,,3,0,2,7,255,1256,250,0,0
stim,145138,175260,0,175260,3372584.455,-0.726,-0.359,-0.283,-0.514,0,0,23,0,0,0,0,42,50,1.026,1,2200,0,448.483,16.592,-129.875,-409.563,128.563,-0.457,1.063,1.121,3.352,16.250,-7.984,1.018,1.268,1.017,1.380,4,NULL,NULL,,3,0,2,7,255,1256,250,0,0
stim,145138,175260,0,175260,3372589.454,-0.721,-0.373,-0.290,-0.506,0,0,25,0,0,0,0,29,50,1.026,1,2200,0,418.697,15.703,-141.375,-382.625,94.438,-0.184,1.160,1.012,8.285,13.340,-8.824,1.070,1.322,1.017,1.380,0,NULL,NULL,,3,0,2,7,255,1256,250,0,0
stim,145160,175281,0,175281,3372594.455,-0.717,-0.388,-0.295,-0.499,0,0,30,0,0,0,0,67,50,1.026,1,2200,0,399.843,13.972,-175.063,-342.875,108.000,-0.180,0.961,0.984,8.285,11.250,-8.852,1.114,1.370,1.017,1.380,0,NULL,NULL,,3,0,2,7,255,1256,250,0,0
stim,145160,175281,0,175281,3372599.454,-0.711,-0.402,-0.297,-0.494,0,0,24,0,0,0,0,73,50,1.026,1,2200,0,385.946,13.464,-226.313,-295.500,102.063,0.027,0.469,0.852,8.199,10.680,-8.824,1.170,1.428,1.017,1.380,0,NULL,NULL,,3,0,2,7,255,1256,250,0,0
stim,145160,175281,0,175281,3372604.455,-0.707,-0.414,-0.298,-0.490,0,0,30,0,0,0,0,104,50,1.026,1,2200,0,302.644,8.950,-196.688,-220.438,65.688,-0.035,-0.211,0.637,4.359,7.816,-6.836,1.234,1.496,1.017,1.380,0,NULL,NULL,,3,0,2,7,255,1256,250,0,0
stim,145160,175281,0,175281,3372609.454,-0.704,-0.422,-0.299,-0.487,0,0,28,0,0,0,0,145,50,1.026,1,2200,0,215.200,8.078,-126.188,-163.875,59.438,-0.176,-0.254,0.871,-2.039,7.816,-6.578,1.310,1.574,1.017,1.380,0,NULL,NULL,,3,0,2,7,255,1256,250,0,0
stim,145205,175326,0,175326,3372614.455,-0.701,-0.429,-0.299,-0.485,0,0,27,0,0,0,0,147,50,1.026,1,2200,0,170.363,8.188,-124.875,-103.250,52.625,-0.297,-0.012,1.176,-2.039,7.930,-6.578,1.394,1.660,1.017,1.380,0,NULL,NULL,,3,0,2,7,255,1256,250,0,0
stim,145205,175326,0,175326,3372619.454,-0.698,-0.436,-0.295,-0.486,0,0,33,0,0,0,0,137,50,1.026,1,2200,0,189.467,9.278,-183.500,-32.375,34.313,-0.273,0.152,0.906,-0.902,9.234,-7.102,1.478,1.746,1.017,1.380,0,NULL,NULL,,3,0,2,7,255,1256,250,0,0
stim,145205,175326,0,175326,3372624.455,-0.695,-0.442,-0.289,-0.488,0,0,30,0,0,0,0,126,50,1.026,1,2200,0,222.776,9.261,-216.313,32.125,42.500,-0.199,0.355,0.266,0.703,9.234,-8.688,1.560,1.830,1.017,1.380,0,NULL,NULL,,3,0,2,7,255,1256,250,0,0
stim,145205,175326,0,175326,3372629.454,-0.694,-0.446,-0.281,-0.490,0,0,27,0,0,0,0,108,50,1.026,1,2200,0,208.021,4.357,-180.063,88.188,55.438,-0.270,0.508,-0.207,2.621,3.480,-11.547,1.642,1.914,1.017,1.380,0,NULL,NULL,,3,0,2,7,255,1256,250,0,0
stim,145205,175326,0,175326,3372634.455,-0.695,-0.447,-0.274,-0.492,0,0,24,0,0,0,0,104,50,1.026,1,2200,0,169.566,2.636,-96.875,128.938,52.375,-0.375,0.336,-0.262,2.621,-0.281,-14.664,1.720,1.994,1.017,1.380,0,NULL,NULL,,3,0,2,7,255,1256,250,0,0
stim,145205,175326,0,175326,3372639.454,-0.697,-0.445,-0.268,-0.495,0,0,23,0,0,0,0,99,50,1.026,1,2200,0,167.393,1.430,-34.000,157.188,46.438,-0.465,0.184,0.043,1.402,-0.281,-14.664,1.794,2.068,1.017,1.380,0,NULL,NULL,,3,0,2,7,255,1256,250,0,0
stim,145205,175326,0,175326,3372644.455,-0.699,-0.442,-0.261,-0.497,0,0,22,0,0,0,0,95,50,1.026,1,2200,0,180.230,2.508,-21.063,175.688,34.250,-0.457,0.039,0.320,-0.059,2.508,-14.000,1.862,2.138,1.017,1.380,0,NULL,NULL,,3,0,2,7,255,1256,250,0,0
stim,145205,175326,0,175326,3372649.454,-0.701,-0.440,-0.254,-0.500,0,0,21,0,0,0,0,92,50,1.026,1,2200,0,194.859,4.039,-34.438,187.875,38.563,-0.387,0.027,0.250,-0.949,3.926,-12.133,1.926,2.204,1.017,1.380,0,NULL,NULL,,3,0,2,7,255,1256,250,0,0
stim,145227,175348,0,175348,3372654.455,-0.704,-0.437,-0.247,-0.503,0,0,18,0,0,0,0,91,50,1.026,1,2200,0,202.940,4.057,-27.188,193.813,53.688,-0.375,0.043,0.059,-1.023,3.926,-12.133,1.992,2.274,1.017,1.380,0,NULL,NULL,,3,0,2,7,255,1256,250,0,0
stim,145227,175348,0,175348,3372659.454,-0.707,-0.433,-0.240,-0.505,0,0,17,0,0,0,0,85,50,1.026,1,2200,0,205.225,2.485,-0.625,198.313,52.813,-0.426,0.113,-0.047,-0.949,2.297,-12.594,2.056,2.338,1.017,1.380,0,NULL,NULL,,3,0,2,7,255,1256,250,0,0
stim,145227,175348,0,175348,3372664.455,-0.711,-0.428,-0.233,-0.507,0,0,22,0,0,0,0,75,50,1.026,1,2200,0,211.420,2.400,28.750,200.938,59.125,-0.461,0.164,0.000,-0.695,2.297,-13.691,2.110,2.396,1.017,1.380,0,NULL,NULL,,3,0,2,7,255,1256,250,0,0
stim,145227,175348,0,175348,3372669.454,-0.715,-0.422,-0.227,-0.509,0,0,22,0,0,0,0,83,50,1.026,1,2200,0,215.500,2.488,45.000,205.875,45.063,-0.449,0.199,0.148,-0.336,2.465,-13.691,2.148,2.436,1.017,1.380,0,NULL,NULL,,3,0,2,7,255,1256,250,0,0
stim,145227,175348,0,175348,3372674.455,-0.719,-0.417,-0.221,-0.511,0,0,13,0,0,0,0,70,50,1.026,1,2200,0,220.443,3.734,51.813,207.625,52.938,-0.457,0.094,0.207,-0.336,3.719,-13.125,2.168,2.456,1.017,1.380,0,NULL,NULL,,3,0,2,7,255,1256,250,0,0
stim,145227,175348,0,175348,3372679.454,-0.723,-0.410,-0.214,-0.513,0,0,26,0,0,0,0,71,50,1.026,1,2200,0,224.071,4.191,59.500,210.250,49.625,-0.496,0.156,0.273,-0.180,4.188,-12.457,2.174,2.466,1.017,1.380,0,NULL,NULL,,3,0,2,7,255,1256,250,0,0
stim,145250,175371,0,175371,3372684.455,-0.727,-0.404,-0.209,-0.515,0,0,26,0,0,0,0,62,50,1.026,1,2200,0,226.128,5.090,70.938,211.313,38.063,-0.590,0.063,0.359,-0.664,5.047,-12.402,2.172,2.464,1.017,1.380,0,NULL,NULL,,3,0,2,7,255,1256,250,0,0
stim,145250,175371,0,175371,3372689.454,-0.730,-0.397,-0.203,-0.518,0,0,12,0,0,0,0,69,50,1.026,1,2200,0,226.066,6.272,76.375,211.188,25.938,-0.598,0.074,0.516,-0.926,6.203,-12.176,2.156,2.450,1.017,1.380,0,NULL,NULL,,3,0,2,7,255,1256,250,0,0
stim,145250,175371,0,175371,3372694.455,-0.733,-0.390,-0.198,-0.521,0,0,21,0,0,0,0,69,50,1.026,1,2200,0,224.736,7.580,72.500,212.500,9.688,-0.598,0.055,0.672,-0.926,7.523,-11.258,2.134,2.430,1.017,1.380,0,NULL,NULL,,3,0,2,7,255,1256,250,0,0
stim,145250,175371,0,175371,3372699.454,-0.736,-0.383,-0.193,-0.524,0,0,23,0,0,0,0,71,50,1.026,1,2200,0,224.429,8.779,58.188,216.750,-1.375,-0.563,0.148,0.770,-0.887,8.734,-10.121,2.108,2.406,1.017,1.380,0,NULL,NULL,,3,0,2,7,255,1256,250,0,0
stim,145271,175392,0,175392,3372704.455,-0.738,-0.376,-0.187,-0.528,0,0,24,0,0,0,0,70,50,1.026,1,2200,0,227.100,9.383,44.188,222.250,-15.063,-0.535,0.137,0.805,0.277,9.379,-9.453,2.080,2.380,1.017,1.380,0,NULL,NULL,,3,0,2,7,255,1256,250,0,0
stim,145271,175392,0,175392,3372709.454,-0.740,-0.369,-0.181,-0.532,0,0,21,0,0,0,0,62,50,1.026,1,2200,0,233.629,9.470,33.313,230.000,-23.938,-0.535,0.117,0.836,0.309,9.465,-8.828,2.056,2.356,1.017,1.380,0,NULL,NULL,,3,0,2,7,255,1256,250,0,0
stim,145304,175425,0,175425,3372714.456,-0.741,-0.363,-0.174,-0.538,0,0,25,0,0,0,0,73,50,1.026,1,2200,0,244.664,9.551,18.563,240.750,-39.438,-0.527,0.172,0.828,0.383,9.543,-8.383,2.036,2.340,1.017,1.380,0,NULL,NULL,,3,0,2,7,255,1256,250,0,0
stim,145304,175425,0,175425,3372719.454,-0.742,-0.356,-0.167,-0.543,0,0,19,0,0,0,0,85,50,1.026,1,2200,0,256.434,9.569,12.875,250.750,-52.125,-0.492,0.125,0.828,0.707,9.543,-8.375,2.026,2.330,1.017,1.380,0,NULL,NULL,,3,0,2,7,255,1256,250,0,0
stim,145304,175425,0,175425,3372724.455,-0.742,-0.349,-0.160,-0.550,0,0,22,0,0,0,0,111,50,1.026,1,2200,0,270.996,9.289,6.063,262.938,-65.313,-0.422,0.133,0.844,0.887,9.246,-7.816,2.020,2.326,1.017,1.380,0,NULL,NULL,,3,0,2,7,255,1256,250,0,0
stim,145304,175425,0,175425,3372729.454,-0.741,-0.342,-0.153,-0.557,0,0,25,0,0,0,0,121,50,1.026,1,2200,0,286.924,8.861,-5.313,276.625,-76.000,-0.336,0.109,0.758,1.129,8.789,-7.094,2.028,2.338,1.017,1.380,0,NULL,NULL,,3,0,2,7,255,1256,250,0,0
stim,145304,175425,0,175425,3372734.455,-0.741,-0.335,-0.144,-0.564,0,0,21,0,0,0,0,124,50,1.026,1,2200,0,298.237,7.584,-3.688,289.063,-73.313,-0.301,0.094,0.652,1.129,7.500,-7.094,2.046,2.356,1.017,1.380,0,NULL,NULL,,3,0,2,7,255,1256,250,0,0
stim,145304,175425,0,175425,3372739.454,-0.741,-0.326,-0.136,-0.571,0,0,23,0,0,0,0,121,50,1.026,1,2200,0,312.905,6.561,8.313,302.375,-80.063,-0.293,0.129,0.617,1.184,6.453,-7.258,2.068,2.380,1.017,1.380,0,NULL,NULL,,3,0,2,7,255,1256,250,0,0
stim,145324,175445,0,175445,3372744.455,-0.741,-0.317,-0.128,-0.578,0,0,20,0,0,0,0,122,50,1.026,1,2200,0,326.522,6.284,21.250,313.563,-88.563,-0.242,0.094,0.621,1.297,6.148,-7.258,2.098,2.412,1.017,1.380,0,NULL,NULL,,3,0,2,7,255,1256,250,0,0
stim,145324,175445,0,175445,3372749.454,-0.740,-0.308,-0.120,-0.585,0,0,14,0,0,0,0,125,50,1.026,1,2200,0,333.977,5.807,33.625,321.875,-82.500,-0.223,0.066,0.625,1.297,5.660,-6.863,2.136,2.452,1.017,1.380,0,NULL,NULL,,3,0,2,7,255,1256,250,0,0
stim,145324,175445,0,175445,3372754.455,-0.740,-0.297,-0.112,-0.592,0,0,21,0,0,0,0,126,50,1.026,1,2200,0,342.802,5.807,48.188,329.375,-81.875,-0.238,0.117,0.664,1.297,5.660,-6.461,2.178,2.498,1.017,1.380,0,NULL,NULL,,3,0,2,7,255,1256,250,0,0
stim,145324,175445,0,175445,3372759.454,-0.740,-0.286,-0.104,-0.600,0,0,21,0,0,0,0,145,50,1.026,1,2200,0,352.879,5.696,65.250,334.625,-91.063,-0.125,0.148,0.727,1.770,5.414,-6.266,2.224,2.546,1.017,1.380,0,NULL,NULL,,3,0,2,7,255,1256,250,0,0
stim,145324,175445,0,175445,3372764.455,-0.740,-0.274,-0.097,-0.607,0,0,21,0,0,0,0,149,50,1.026,1,2200,0,358.230,5.503,78.125,338.188,-88.625,0.082,0.063,0.723,2.246,5.023,-5.180,2.276,2.598,1.017,1.380,0,NULL,NULL,,3,0,2,7,255,1256,250,0,0
stim,145324,175445,0,175445,3372769.454,-0.740,-0.262,-0.089,-0.613,0,0,23,0,0,0,0,151,50,1.026,1,2200,0,355.136,3.828,92.688,336.813,-63.938,0.121,0.066,0.703,2.313,3.051,-3.813,2.328,2.654,1.017,1.380,0,NULL,NULL,,3,0,2,7,255,1256,250,0,0
stim,145324,175445,0,175445,3372774.457,-0.741,-0.249,-0.082,-0.618,0,0,21,0,0,0,0,146,50,1.026,1,2200,0,355.569,3.702,112.688,333.438,-50.500,0.074,0.219,0.730,2.313,2.891,-3.813,2.382,2.710,1.017,1.380,0,NULL,NULL,,3,0,2,7,255,1256,250,0,0
stim,145324,175445,0,175445,3372779.454,-0.742,-0.236,-0.076,-0.623,0,0,11,0,0,0,0,147,50,1.026,1,2200,0,357.612,4.429,133.813,328.375,-46.375,0.078,0.172,0.805,3.355,2.891,-3.727,2.434,2.764,1.017,1.380,0,NULL,NULL,,3,0,2,7,255,1256,250,0,0
stim,145355,175476,0,175476,3372784.455,-0.744,-0.222,-0.070,-0.627,0,0,22,0,0,0,0,149,50,1.026,1,2200,0,357.644,4.429,150.813,322.563,-33.438,0.129,0.121,0.914,3.355,2.891,-3.145,2.484,2.818,1.017,1.380,0,NULL,NULL,,3,0,2,7,255,1256,250,0,0
stim,145355,175476,0,175476,3372789.454,-0.745,-0.208,-0.064,-0.630,0,0,20,0,0,0,0,146,50,1.026,1,2200,0,357.164,4.311,159.250,319.063,-20.125,0.152,0.172,0.984,3.355,2.707,-1.746,2.532,2.866,1.017,1.380,0,NULL,NULL,,3,0,2,7,255,1256,250,0,0
stim,145355,175476,0,175476,3372794.455,-0.747,-0.194,-0.059,-0.633,0,0,21,0,0,0,0,149,50,1.026,1,2200,0,357.229,4.622,168.688,314.813,-7.063,0.129,0.227,1.082,3.746,2.707,-1.043,2.576,2.912,1.017,1.380,0,NULL,NULL,,3,0,2,7,255,1256,250,0,0
stim,145355,175476,0,175476,3372799.454,-0.749,-0.180,-0.053,-0.635,0,0,23,0,0,0,0,151,50,1.026,1,2200,0,358.060,5.185,177.000,311.250,1.125,0.105,0.238,1.227,4.281,2.926,-0.270,2.614,2.954,1.017,1.380,0,NULL,NULL,,3,0,2,7,255,1256,250,0,0
stim,145355,175476,0,175476,3372804.456,-0.751,-0.165,-0.048,-0.637,0,0,20,0,0,0,0,151,50,1.026,1,2200,0,357.052,5.559,179.375,308.625,7.813,0.066,0.219,1.414,4.449,3.332,1.086,2.648,2.988,1.017,1.380,0,NULL,NULL,,3,0,2,7,255,1256,250,0,0
stim,145355,175476,0,175476,3372809.454,-0.753,-0.151,-0.043,-0.639,0,0,20,0,0,0,0,147,50,1.026,1,2200,0,350.672,5.969,170.625,306.125,12.063,0.035,0.254,1.602,4.496,3.926,2.848,2.672,3.016,1.017,1.380,0,NULL,NULL,,3,0,2,7,255,1256,250,0,0
stim,145411,175532,0,175532,3372814.455,-0.754,-0.138,-0.037,-0.641,0,0,20,0,0,0,0,149,50,1.026,1,2200,0,339.955,6.467,150.125,304.750,12.625,0.039,0.246,1.719,4.867,4.258,4.605,2.694,3.040,1.017,1.380,0,NULL,NULL,,3,0,2,7,255,1256,250,0,0
stim,145411,175532,0,175532,3372819.455,-0.756,-0.125,-0.031,-0.642,0,0,21,0,0,0,0,154,50,1.026,1,2200,0,329.086,6.467,127.063,303.125,16.375,0.047,0.215,1.758,4.867,4.258,5.895,2.710,3.058,1.017,1.380,0,NULL,NULL,,3,0,2,7,255,1256,250,0,0
stim,145411,175532,0,175532,3372824.455,-0.757,-0.113,-0.024,-0.643,0,0,18,0,0,0,0,151,50,1.026,1,2200,0,320.914,5.889,106.125,302.125,21.063,0.031,0.188,1.734,4.512,3.785,6.379,2.722,3.072,1.017,1.380,0,NULL,NULL,,3,0,2,7,255,1256,250,0,0
stim,145411,175532,0,175532,3372829.454,-0.758,-0.102,-0.016,-0.644,0,0,24,0,0,0,0,155,50,1.026,1,2200,0,315.031,5.355,89.063,301.313,22.875,-0.004,0.164,1.680,4.129,3.410,6.379,2.734,3.086,1.017,1.380,0,NULL,NULL,,3,0,2,7,255,1256,250,0,0
stim,145411,175532,0,175532,3372834.455,-0.759,-0.091,-0.008,-0.645,0,0,24,0,0,0,0,156,50,1.026,1,2200,0,311.614,4.882,77.250,301.125,21.438,-0.020,0.152,1.613,3.715,3.168,5.969,2.746,3.098,1.017,1.380,0,NULL,NULL,,3,0,2,7,255,1256,250,0,0
stim,145411,175532,0,175532,3372839.454,-0.760,-0.079,-0.000,-0.646,0,0,23,0,0,0,0,165,50,1.026,1,2200,0,309.466,4.434,73.000,300.063,20.063,-0.020,0.098,1.574,3.469,2.762,5.430,2.758,3.114,1.017,1.380,0,NULL,NULL,,3,0,2,7,255,1256,250,0,0
stim,145411,175532,0,175532,3372844.455,-0.760,-0.068,0.008,-0.646,0,0,23,0,0,0,0,169,50,1.026,1,2200,0,306.361,3.599,70.750,297.313,21.375,-0.027,0.059,1.563,2.852,2.195,5.188,2.778,3.134,1.017,1.380,0,NULL,NULL,,3,0,2,7,255,1256,250,0,0
stim,145411,175532,0,175532,3372849.454,-0.760,-0.057,0.015,-0.647,0,0,25,0,0,0,0,171,50,1.026,1,2200,0,303.186,2.998,69.313,294.313,22.313,-0.031,0.043,1.520,2.406,1.789,5.180,2.800,3.158,1.017,1.380,0,NULL,NULL,,3,0,2,7,255,1256,250,0,0
stim,145411,175532,0,175532,3372854.455,-0.761,-0.046,0.023,-0.647,0,0,27,0,0,0,0,169,50,1.026,1,2200,0,300.978,2.715,75.500,290.375,23.875,-0.039,0.066,1.500,2.332,1.391,4.852,2.824,3.184,1.017,1.380,0,NULL,NULL,,3,0,2,7,255,1256,250,0,0
stim,145411,175532,0,175532,3372859.454,-0.761,-0.035,0.030,-0.647,0,0,23,0,0,0,0,171,50,1.026,1,2200,0,299.322,2.574,84.250,286.125,25.063,-0.055,0.098,1.527,2.332,1.090,4.852,2.852,3.214,1.017,1.380,0,NULL,NULL,,3,0,2,7,255,1256,250,0,0
stim,145436,175557,0,175557,3372864.455,-0.761,-0.024,0.037,-0.647,0,0,25,0,0,0,0,156,50,1.026,1,2200,0,297.631,2.547,92.125,281.875,25.375,-0.066,0.082,1.559,2.371,0.930,4.918,2.880,3.244,1.017,1.380,0,NULL,NULL,,3,0,2,7,255,1256,250,0,0
stim,145436,175557,0,175557,3372869.454,-0.761,-0.013,0.043,-0.647,0,0,18,0,0,0,0,155,50,1.026,1,2200,0,296.332,2.452,101.313,277.188,26.750,-0.070,0.066,1.590,2.371,0.625,5.289,2.910,3.274,1.017,1.380,0,NULL,NULL,,3,0,2,7,255,1256,250,0,0
stim,145436,175557,0,175557,3372874.455,-0.761,-0.001,0.049,-0.646,0,0,23,0,0,0,0,155,50,1.026,1,2200,0,297.029,2.275,114.313,272.813,27.063,-0.059,0.078,1.637,2.262,0.242,5.613,2.938,3.304,1.017,1.380,0,NULL,NULL,,3,0,2,7,255,1256,250,0,0
stim,145436,175557,0,175557,3372879.454,-0.761,0.011,0.054,-0.646,0,0,24,0,0,0,0,157,50,1.026,1,2200,0,300.090,2.249,129.563,269.500,25.250,-0.016,0.070,1.715,2.230,-0.289,6.078,2.962,3.330,1.017,1.380,0,NULL,NULL,,3,0,2,7,255,1256,250,0,0
stim,145438,175559,0,175559,3372884.455,-0.761,0.023,0.058,-0.646,0,0,23,0,0,0,0,153,50,1.026,1,2200,0,304.374,2.523,141.438,268.313,25.438,0.047,0.035,1.785,2.230,-1.180,6.816,2.980,3.350,1.017,1.380,0,NULL,NULL,,3,0,2,7,255,1256,250,0,0
stim,145438,175559,0,175559,3372889.454,-0.761,0.036,0.063,-0.645,0,0,25,0,0,0,0,153,50,1.026,1,2200,0,309.830,2.992,151.500,268.750,28.563,0.102,0.031,1.820,1.895,-2.316,7.453,2.994,3.366,1.017,1.380,0,NULL,NULL,,3,0,2,7,255,1256,250,0,0
stim,145459,175580,0,175580,3372894.455,-0.760,0.049,0.067,-0.644,0,0,21,0,0,0,0,153,50,1.026,1,2200,0,318.462,3.793,166.063,270.125,29.563,0.160,0.035,1.844,1.805,-3.336,7.664,3.006,3.378,1.017,1.380,0,NULL,NULL,,3,0,2,7,255,1256,250,0,0
stim,145459,175580,0,175580,3372899.454,-0.760,0.063,0.071,-0.644,0,0,18,0,0,0,0,156,50,1.026,1,2200,0,330.318,4.705,185.688,271.688,28.563,0.254,0.012,1.914,1.770,-4.359,7.707,3.012,3.388,1.017,1.380,0,NULL,NULL,,3,0,2,7,255,1256,250,0,0
stim,145459,175580,0,175580,3372904.455,-0.759,0.077,0.074,-0.643,0,0,23,0,0,0,0,157,50,1.026,1,2200,0,341.481,6.109,202.000,273.875,28.250,0.398,0.027,2.016,1.676,-5.875,8.137,3.012,3.390,1.017,1.380,0,NULL,NULL,,3,0,2,7,255,1256,250,0,0
stim,145459,175580,0,175580,3372909.454,-0.757,0.092,0.077,-0.642,0,0,25,0,0,0,0,157,50,1.026,1,2200,0,351.049,8.070,214.188,276.438,30.688,0.555,0.074,2.090,1.676,-7.895,8.664,3.010,3.390,1.017,1.380,0,NULL,NULL,,3,0,2,7,255,1256,250,0,0
stim,145505,175626,0,175626,3372914.455,-0.756,0.108,0.080,-0.640,0,0,19,0,0,0,0,158,50,1.026,1,2200,0,358.904,10.162,224.375,277.625,37.313,0.676,0.074,2.156,2.012,-9.961,8.828,3.004,3.386,1.017,1.380,0,NULL,NULL,,3,0,2,7,255,1256,250,0,0
stim,145505,175626,0,175626,3372919.454,-0.755,0.123,0.082,-0.638,0,0,25,0,0,0,0,164,50,1.026,1,2200,0,364.031,11.933,231.750,276.875,46.375,0.750,0.039,2.215,2.012,-11.762,8.902,2.994,3.378,1.017,1.380,0,NULL,NULL,,3,0,2,7,255,1256,250,0,0
stim,145505,175626,0,175626,3372924.455,-0.754,0.139,0.085,-0.636,0,0,23,0,0,0,0,159,50,1.026,1,2200,0,364.685,13.247,233.625,275.000,52.813,0.785,0.027,2.258,1.512,-13.160,8.902,2.978,3.364,1.017,1.380,0,NULL,NULL,,3,0,2,7,255,1256,250,0,0
stim,145505,175626,0,175626,3372929.454,-0.753,0.154,0.087,-0.634,0,0,23,0,0,0,0,163,50,1.026,1,2200,0,362.301,14.186,233.250,270.688,59.875,0.762,-0.027,2.270,1.133,-14.141,8.871,2.958,3.344,1.017,1.380,0,NULL,NULL,,3,0,2,7,255,1256,250,0,0
stim,145505,175626,0,175626,3372934.455,-0.752,0.169,0.089,-0.631,0,0,24,0,0,0,0,160,50,1.026,1,2200,0,358.673,14.572,234.250,263.813,64.625,0.707,-0.094,2.328,0.250,-14.570,8.871,2.932,3.320,1.017,1.380,0,NULL,NULL,,3,0,2,7,255,1256,250,0,0
stim,145505,175626,0,175626,3372939.454,-0.751,0.184,0.091,-0.628,0,0,23,0,0,0,0,163,50,1.026,1,2200,0,346.607,14.858,226.500,255.188,60.938,0.637,-0.145,2.391,-0.816,-14.836,8.902,2.898,3.288,1.017,1.380,0,NULL,NULL,,3,0,2,7,255,1256,250,0,0
stim,145505,175626,0,175626,3372944.455,-0.749,0.198,0.093,-0.625,0,0,25,0,0,0,0,163,50,1.026,1,2200,0,326.092,15.116,208.938,245.125,50.938,0.645,-0.152,2.379,-1.770,-15.012,8.902,2.856,3.248,1.017,1.380,0,NULL,NULL,,3,0,2,7,255,1256,250,0,0
stim,145505,175626,0,175626,3372949.454,-0.747,0.211,0.095,-0.623,0,0,26,0,0,0,0,173,50,1.026,1,2200,0,307.686,15.658,194.813,234.688,40.500,0.734,-0.246,2.309,-2.109,-15.516,8.727,2.810,3.202,1.017,1.380,0,NULL,NULL,,3,0,2,7,255,1256,250,0,0
stim,145506,175627,0,175627,3372954.455,-0.745,0.223,0.097,-0.621,0,0,27,0,0,0,0,192,50,1.026,1,2200,0,293.887,16.829,187.000,224.375,32.500,0.816,-0.395,2.262,-3.004,-16.559,7.219,2.760,3.152,1.017,1.380,0,NULL,NULL,,3,0,2,7,255,1256,250,0,0
stim,145506,175627,0,175627,3372959.454,-0.743,0.235,0.099,-0.619,0,0,26,0,0,0,0,207,50,1.026,1,2200,0,280.138,18.165,180.000,213.188,25.063,0.871,-0.523,2.258,-4.426,-17.617,5.781,2.702,3.096,1.017,1.380,0,NULL,NULL,,3,0,2,7,255,1256,250,0,0
stim,145538,175659,0,175659,3372964.455,-0.741,0.246,0.101,-0.617,0,0,24,0,0,0,0,219,50,1.026,1,2200,0,262.939,19.454,166.625,203.000,12.813,0.945,-0.582,2.227,-5.734,-18.590,4.832,2.640,3.034,1.017,1.380,0,NULL,NULL,,3,0,2,7,255,1256,250,0,0
stim,145538,175659,0,175659,3372969.455,-0.738,0.256,0.103,-0.616,0,0,28,0,0,0,0,237,50,1.026,1,2200,0,245.536,20.374,152.813,192.188,0.438,1.059,-0.586,2.160,-6.191,-19.410,3.652,2.576,2.970,1.017,1.380,0,NULL,NULL,,3,0,2,7,255,1256,250,0,0
stim,145538,175659,0,175659,3372974.455,-0.735,0.265,0.105,-0.615,0,0,20,0,0,0,0,261,50,1.026,1,2200,0,229.551,21.202,141.375,180.563,-10.188,1.180,-0.582,2.094,-6.191,-20.277,2.141,2.508,2.902,1.017,1.380,0,NULL,NULL,,3,0,2,7,255,1256,250,0,0
stim,145538,175659,0,175659,3372979.454,-0.732,0.274,0.107,-0.615,0,0,29,0,0,0,0,281,50,1.026,1,2200,0,212.903,21.944,129.063,168.063,-20.625,1.316,-0.570,2.059,-5.926,-21.129,0.617,2.432,2.826,1.017,1.380,0,NULL,NULL,,3,0,2,7,255,1256,250,0,0
stim,145538,175659,0,175659,3372984.455,-0.729,0.281,0.109,-0.614,0,0,26,0,2,0,0,311,50,1.026,1,2200,0,193.226,22.910,111.688,154.563,-31.188,1.484,-0.555,2.008,-5.617,-22.211,-0.695,2.354,2.746,1.017,1.380,0,NULL,NULL,,3,0,2,7,255,1256,250,0,0
stim,145538,175659,0,175659,3372989.454,-0.726,0.287,0.112,-0.614,0,0,21,0,17,0,0,339,50,1.026,1,2200,0,171.023,24.003,91.063,140.500,-34.875,1.770,-0.445,1.816,-5.160,-23.441,-2.281,2.274,2.664,1.017,1.380,0,NULL,NULL,,3,0,2,7,255,1256,250,0,0
stim,145570,175691,0,175691,3372994.455,-0.723,0.293,0.114,-0.614,0,0,26,0,27,0,0,373,50,1.026,1,2200,0,154.407,24.932,88.500,122.688,-30.938,1.887,-0.344,1.777,-3.316,-24.711,-5.316,2.192,2.580,1.017,1.380,0,NULL,NULL,,3,0,2,7,255,1256,250,0,0
stim,145570,175691,0,175691,3372999.454,-0.721,0.297,0.117,-0.615,0,0,27,0,29,0,0,397,50,1.026,1,2200,0,123.080,25.595,29.188,110.625,-45.375,2.145,-0.785,1.703,-3.316,-25.379,-6.293,2.110,2.496,1.017,1.380,0,NULL,NULL,,3,0,2,7,255,1256,250,0,0
stim,145570,175691,0,175691,3373004.455,-0.720,0.300,0.120,-0.615,0,0,27,0,30,0,0,416,50,1.026,1,2200,0,100.098,27.710,13.688,94.188,-31.000,2.555,-1.004,1.039,-5.703,-27.117,-9.629,2.026,2.412,1.017,1.380,0,NULL,NULL,,3,0,2,7,255,1256,250,0,0
stim,145570,175691,0,175691,3373009.454,-0.718,0.304,0.121,-0.614,0,0,27,0,61,0,0,434,50,1.026,1,2200,0,99.961,27.738,63.313,77.313,-2.563,2.559,-1.102,0.605,-5.836,-27.117,-17.805,1.942,2.328,1.017,1.380,0,NULL,NULL,,3,0,2,7,255,1256,250,0,0
stim,145602,175723,0,175723,3373014.455,-0.717,0.309,0.119,-0.614,0,0,25,0,82,0,0,444,50,1.026,1,2200,0,134.380,25.381,123.750,51.688,8.500,2.473,-1.125,0.703,-6.039,-24.652,-20.723,1.856,2.242,1.017,1.380,0,NULL,NULL,,3,0,2,7,255,1256,250,0,0
stim,145602,175723,0,175723,3373019.454,-0.715,0.315,0.116,-0.614,0,0,22,0,87,0,0,439,50,1.026,1,2200,0,160.452,25.528,157.250,29.938,11.000,2.355,-1.188,0.996,-6.629,-24.652,-20.723,1.770,2.154,1.017,1.380,0,NULL,NULL,,3,0,2,7,255,1256,250,0,0
stim,145602,175723,0,175723,3373024.455,-0.713,0.321,0.111,-0.614,0,0,27,0,91,0,0,437,50,1.026,1,2200,0,172.976,26.417,169.375,8.000,34.188,2.313,-1.262,1.367,-8.027,-25.168,-18.211,1.678,2.062,1.017,1.380,0,NULL,NULL,,3,0,2,7,255,1256,250,0,0
stim,145602,175723,0,175723,3373029.454,-0.712,0.326,0.105,-0.613,0,0,27,0,99,0,0,429,50,1.026,1,2200,0,176.948,27.310,167.125,-14.688,56.250,1.934,-1.246,1.648,-9.602,-25.566,-15.563,1.582,1.966,1.017,1.380,0,NULL,NULL,,3,0,2,7,255,1256,250,0,0
stim,145602,175723,0,175723,3373034.455,-0.712,0.330,0.099,-0.612,0,0,30,0,99,0,0,421,50,1.026,1,2200,0,168.758,27.395,156.188,-38.438,51.063,1.512,-0.934,1.980,-9.840,-25.566,-11.500,1.480,1.864,1.017,1.380,0,NULL,NULL,,3,0,2,7,255,1256,250,0,0
stim,145602,175723,0,175723,3373039.454,-0.710,0.332,0.094,-0.613,0,0,30,0,91,0,0,424,50,1.026,1,2200,0,134.793,25.859,120.938,-58.500,11.000,1.191,-0.500,2.391,-9.840,-23.914,-5.871,1.374,1.756,1.017,1.380,0,NULL,NULL,,3,0,2,7,255,1256,250,0,0
stim,145624,175745,0,175745,3373044.455,-0.710,0.331,0.091,-0.615,0,0,23,0,24,0,0,453,50,1.026,1,2200,0,85.494,25.141,42.563,-73.938,-5.563,1.438,-0.438,2.676,-7.758,-23.914,0.352,1.264,1.642,1.017,1.380,0,NULL,NULL,,3,0,2,7,255,1256,250,0,0
stim,145624,175745,0,175745,3373049.454,-0.712,0.331,0.083,-0.613,0,0,5,101,25,0,0,537,50,1.026,1,2200,0,183.971,25.680,80.813,-126.750,106.063,0.594,-1.090,3.410,-7.758,-24.480,1.508,1.150,1.526,1.017,1.380,0,NULL,NULL,,3,0,2,7,255,1256,250,0,0
stim,145624,175745,0,175745,3373054.455,-0.717,0.336,0.061,-0.608,416,0,7,747,23,30,0,560,50,1.026,1,2200,0,547.693,28.886,355.375,-266.000,320.813,0.363,0.852,6.570,-10.348,-26.969,9.453,1.032,1.404,1.017,1.380,0,NULL,NULL,,3,0,2,7,255,1256,250,0,0
stim,145624,175745,0,175745,3373059.454,-0.730,0.317,0.068,-0.602,927,0,0,1256,0,133,0,613,50,1.026,1,2200,0,576.289,26.578,-529.313,-127.063,189.188,-1.277,1.020,4.445,-10.348,-24.480,34.680,0.916,1.280,1.017,1.380,0,NULL,NULL,,3,0,2,7,255,1256,250,0,0
stim,145624,175745,0,175745,3373064.455,-0.746,0.286,0.084,-0.596,1393,0,0,1623,0,412,0,648,50,1.026,1,2200,0,888.759,13.364,-862.250,-152.125,152.563,-0.559,2.688,0.293,-5.121,-12.344,34.680,0.800,1.154,1.017,1.380,0,NULL,NULL,,3,0,2,7,255,1256,250,0,0
stim,145624,175745,0,175745,3373069.454,-0.757,0.264,0.093,-0.591,1770,0,0,1877,0,554,0,713,49,1.026,1,2201,0,602.545,21.897,-568.500,-136.875,145.375,-0.715,2.230,-1.570,20.816,6.793,3.047,0.690,1.028,1.017,1.380,1,1287.000,31.000,,3,0,2,7,255,1256,250,0,0
stim,145624,175745,0,175745,3373074.457,-0.763,0.254,0.093,-0.588,2031,0,0,1979,0,683,0,757,49,1.026,1,2201,0,274.281,25.431,-217.750,-131.563,102.500,-1.074,0.398,-1.031,20.816,14.609,-12.891,0.592,0.906,1.017,1.380,1,NULL,NULL,,3,0,2,7,255,1256,250,0,0
stim,145624,175745,0,175745,3373079.454,-0.765,0.250,0.088,-0.586,2203,0,0,2109,0,824,0,809,49,1.026,1,2201,0,160.808,14.722,-24.000,-141.000,73.500,-0.668,-0.250,0.598,1.820,14.609,-12.891,0.510,0.788,1.017,1.380,1,NULL,NULL,,3,0,2,7,255,1256,250,0,0
stim,145666,175787,0,175787,3373084.455,-0.768,0.246,0.084,-0.585,2396,0,0,2237,0,948,0,872,49,1.026,1,2201,0,156.694,2.879,-43.313,-129.563,76.750,-0.148,0.922,1.523,1.820,2.230,-2.543,0.446,0.676,1.017,1.380,1,NULL,NULL,,3,0,2,7,255,1256,250,0,0
stim,145666,175787,0,175787,3373089.454,-0.773,0.239,0.082,-0.582,2577,0,0,2458,0,1019,0,902,49,1.026,1,2201,0,205.331,6.531,-135.313,-111.125,107.250,-0.133,1.793,1.645,6.070,-2.410,6.105,0.402,0.570,1.017,1.380,1,NULL,NULL,,3,0,2,7,255,1256,250,0,0
stim,145666,175787,0,175787,3373094.455,-0.780,0.228,0.082,-0.576,2701,0,0,2611,0,1055,0,937,49,1.026,1,2201,0,328.397,6.531,-242.625,-137.938,173.063,-1.262,0.297,1.145,6.070,-2.410,6.105,0.392,0.474,1.017,1.380,1,NULL,NULL,,3,0,2,7,255,1256,250,0,0
stim,145666,175787,0,175787,3373099.454,-0.788,0.213,0.084,-0.572,2802,0,0,2725,0,1071,0,1011,49,1.026,1,2201,0,407.460,6.822,-346.938,-166.188,134.313,-1.848,-1.133,0.238,-2.520,6.340,5.711,0.406,0.386,1.017,1.380,2,NULL,NULL,,3,0,2,7,255,1256,250,0,0
stim,145666,175787,0,175787,3373104.456,-0.790,0.201,0.084,-0.573,2858,0,0,2805,0,1063,0,1106,49,1.026,1,2201,0,282.669,16.699,-222.438,-174.125,-10.188,-1.473,-0.820,-0.672,-11.977,11.637,-3.254,0.434,0.306,1.017,1.380,2,NULL,NULL,,3,0,2,7,255,1256,250,0,0
stim,145666,175787,0,175787,3373109.454,-0.789,0.195,0.078,-0.577,2917,0,0,2879,0,1069,0,1179,49,1.026,1,2201,0,202.186,16.699,-14.750,-181.250,-88.375,-0.484,-0.203,0.109,-11.977,11.637,-7.539,0.476,0.248,1.017,1.380,2,NULL,NULL,,3,0,2,7,255,1256,250,0,0
stim,145709,175830,0,175830,3373114.455,-0.787,0.193,0.071,-0.582,2963,0,0,2933,0,1093,0,1253,49,1.026,1,2201,0,208.591,4.764,70.500,-173.125,-92.563,0.191,-0.164,1.520,-3.559,3.168,-7.539,0.496,0.252,1.017,1.380,2,NULL,NULL,,3,0,2,7,255,1256,250,0,0
stim,145709,175830,0,175830,3373119.455,-0.786,0.188,0.067,-0.585,2988,0,0,2996,0,1114,0,1310,49,1.026,1,2201,0,161.738,8.429,-11.688,-153.813,-48.625,0.582,-0.328,2.188,-3.211,-7.793,2.961,0.502,0.280,1.017,1.380,2,NULL,NULL,,3,0,2,7,255,1256,250,0,0
stim,145709,175830,0,175830,3373124.455,-0.788,0.180,0.065,-0.585,3007,0,0,3026,0,1163,0,1331,49,1.026,1,2201,0,198.918,13.972,-136.500,-143.813,15.938,0.641,-0.574,1.855,-3.211,-13.598,4.156,0.502,0.322,1.017,1.380,2,NULL,NULL,,3,0,2,7,255,1256,250,0,0
stim,145709,175830,0,175830,3373129.454,-0.792,0.170,0.065,-0.582,3031,0,0,3055,0,1229,0,1369,49,1.026,1,2201,0,245.772,14.461,-194.063,-128.500,78.938,0.352,-0.848,1.027,-4.922,-13.598,4.156,0.514,0.366,1.017,1.380,2,NULL,NULL,,3,0,2,7,255,1256,250,0,0
stim,145709,175830,0,175830,3373134.455,-0.797,0.162,0.064,-0.579,3049,0,0,3091,0,1379,0,1417,49,1.026,1,2201,0,231.066,11.632,-158.250,-125.938,111.750,-0.137,-0.969,0.477,-7.551,-8.848,-2.762,0.542,0.400,1.017,1.380,2,NULL,NULL,,3,0,2,7,255,1256,250,0,0
stim,145709,175830,0,175830,3373139.454,-0.800,0.156,0.061,-0.576,3055,0,0,3103,0,1471,0,1459,49,1.026,1,2201,0,183.844,9.184,-83.063,-129.563,100.563,-0.531,-0.711,0.520,-8.645,-3.102,-4.582,0.570,0.428,1.017,1.380,2,NULL,NULL,,3,0,2,7,255,1256,250,0,0
stim,145709,175830,0,175830,3373144.455,-0.802,0.152,0.057,-0.574,3061,0,0,3111,0,1567,0,1515,49,1.026,1,2201,0,145.311,8.673,-34.250,-130.250,54.563,-0.496,-0.254,0.980,-8.645,0.703,-4.582,0.588,0.446,1.017,1.380,2,NULL,NULL,,3,0,2,7,255,1256,250,0,0
stim,145709,175830,0,175830,3373149.454,-0.804,0.147,0.053,-0.574,3079,0,0,3133,36,1699,0,1583,49,1.026,1,2201,0,134.462,4.613,-39.188,-125.063,30.063,-0.156,0.121,1.293,-4.559,0.703,0.250,0.584,0.450,1.017,1.380,2,NULL,NULL,,3,0,2,7,255,1256,250,0,0
stim,145709,175830,0,175830,3373154.455,-0.805,0.142,0.050,-0.573,3077,0,0,3131,92,1804,0,1648,49,1.026,1,2201,0,143.750,1.994,-69.250,-120.938,35.250,-0.047,0.266,1.313,-0.156,-1.988,2.863,0.556,0.436,1.017,1.380,2,NULL,NULL,,3,0,2,7,255,1256,250,0,0
stim,145709,175830,0,175830,3373159.454,-0.807,0.136,0.048,-0.572,3087,0,0,3150,166,1887,0,1695,49,1.026,1,2201,0,148.271,1.994,-90.313,-112.813,33.188,-0.102,0.086,1.141,-0.156,-1.988,2.863,0.526,0.416,1.017,1.380,2,NULL,NULL,,3,0,2,7,255,1256,250,0,0
stim,145735,175856,0,175856,3373164.455,-0.809,0.130,0.047,-0.572,3082,0,0,3143,285,1976,0,1735,49,1.026,1,2201,0,140.401,2.198,-89.875,-105.875,20.625,-0.098,-0.152,1.008,-0.172,-2.191,1.301,0.500,0.394,1.017,1.380,2,NULL,NULL,,3,0,2,7,255,1256,250,0,0
stim,145735,175856,0,175856,3373169.454,-0.810,0.125,0.045,-0.572,3087,0,0,3148,422,2077,0,1815,49,1.026,1,2201,0,130.977,3.146,-82.250,-100.688,15.875,-0.039,-0.250,0.973,-2.258,-2.191,-0.246,0.488,0.364,1.017,1.380,2,NULL,NULL,,3,0,2,7,255,1256,250,0,0
stim,145735,175856,0,175856,3373174.455,-0.811,0.120,0.043,-0.571,3089,0,0,3160,618,2149,34,1929,49,1.026,1,2201,0,123.677,3.558,-75.938,-95.375,20.813,-0.008,-0.176,0.957,-2.258,-2.750,-0.777,0.488,0.330,1.017,1.380,2,NULL,NULL,,3,0,2,7,255,1256,250,0,0
stim,145735,175856,0,175856,3373179.455,-0.812,0.116,0.042,-0.571,3095,0,0,3157,779,2213,115,2020,49,1.026,1,2201,0,92.984,3.510,-47.813,-77.875,17.188,0.090,-0.035,1.367,-2.063,-2.840,-0.777,0.486,0.298,1.017,1.380,2,NULL,NULL,,3,0,2,7,255,1256,250,0,0
stim,145735,175856,0,175856,3373184.455,-0.812,0.114,0.041,-0.572,3094,0,0,3159,947,2251,115,2100,49,1.026,1,2201,0,55.248,3.743,-34.875,-38.438,-18.938,0.121,0.180,1.434,-0.598,-3.695,2.996,0.482,0.270,1.017,1.380,2,NULL,NULL,,3,0,2,7,255,1256,250,0,0
stim,145735,175856,0,175856,3373189.454,-0.811,0.112,0.041,-0.573,3096,0,0,3175,1059,2292,139,2150,49,1.026,1,2201,0,59.843,3.988,-32.438,-39.500,-31.125,0.344,0.844,1.070,1.500,-3.695,2.996,0.464,0.248,1.017,1.380,2,NULL,NULL,,3,0,2,7,255,1256,250,0,0
stim,145759,175880,0,175880,3373194.455,-0.811,0.111,0.040,-0.574,3103,0,0,3163,1143,2327,152,2198,49,1.026,1,2201,0,35.263,7.054,-5.438,-29.563,-18.438,0.227,0.676,1.328,6.484,-2.777,3.133,0.444,0.230,1.017,1.380,2,NULL,NULL,,3,0,2,7,255,1256,250,0,0
stim,145759,175880,0,175880,3373199.454,-0.811,0.108,0.041,-0.574,3097,7,0,3163,1222,2357,163,2245,49,1.026,1,2201,0,67.377,7.048,-64.875,-18.000,-2.625,-0.215,0.004,1.516,6.484,-2.762,3.133,0.430,0.214,1.017,1.380,2,NULL,NULL,,3,0,2,7,255,1256,250,0,0
stim,145759,175880,0,175880,3373204.455,-0.811,0.104,0.044,-0.575,3108,26,0,3173,1287,2363,180,2291,49,1.026,1,2201,0,117.510,1.637,-111.813,-14.750,-33.000,-0.395,0.059,1.035,-1.023,-1.277,3.133,0.422,0.198,1.017,1.380,2,NULL,NULL,,3,0,2,7,255,1256,250,0,0
stim,145759,175880,0,175880,3373209.455,-0.809,0.101,0.045,-0.577,3097,53,0,3180,1352,2388,187,2317,49,1.026,1,2201,0,108.370,1.093,-73.500,-9.000,-79.125,-0.152,0.164,0.727,-1.023,0.383,0.875,0.424,0.178,1.017,1.380,2,NULL,NULL,,3,0,2,7,255,1256,250,0,0
stim,145804,175925,0,175925,3373214.455,-0.807,0.099,0.046,-0.580,3097,63,0,3173,1435,2404,211,2346,49,1.026,1,2201,0,86.399,0.888,-29.250,-9.938,-80.688,0.137,0.063,0.918,0.801,0.383,-1.230,0.426,0.162,1.017,1.380,2,NULL,NULL,,3,0,2,7,255,1256,250,0,0
stim,145804,175925,0,175925,3373219.454,-0.806,0.098,0.047,-0.582,3108,78,0,3183,1513,2413,223,2381,49,1.026,1,2201,0,58.516,3.045,-31.000,-8.625,-48.875,0.129,0.027,1.152,0.801,-2.938,-1.230,0.428,0.150,1.017,1.380,2,NULL,NULL,,3,0,2,7,255,1256,250,0,0
stim,145804,175925,0,175925,3373224.456,-0.806,0.095,0.048,-0.583,3107,115,0,3187,1565,2437,239,2399,49,1.026,1,2201,0,66.078,2.974,-60.313,-4.063,-26.688,-0.066,0.063,1.137,0.465,-2.938,1.035,0.432,0.144,1.017,1.380,2,NULL,NULL,,3,0,2,7,255,1256,250,0,0
stim,145804,175925,0,175925,3373229.454,-0.805,0.093,0.050,-0.584,3115,119,0,3177,1606,2440,253,2437,49,1.026,1,2201,0,78.277,1.533,-69.313,-3.000,-36.250,-0.195,0.098,0.957,0.254,-1.512,1.035,0.440,0.140,1.017,1.380,2,NULL,NULL,,3,0,2,7,255,1256,250,0,0
stim,145804,175925,0,175925,3373234.455,-0.804,0.091,0.051,-0.586,3098,170,0,3181,1637,2453,267,2445,49,1.026,1,2201,0,77.231,0.326,-52.000,-2.125,-57.063,-0.156,0.031,0.891,0.219,-0.242,-0.203,0.448,0.134,1.017,1.380,2,NULL,NULL,,3,0,2,7,255,1256,250,0,0
stim,145804,175925,0,175925,3373239.454,-0.802,0.089,0.052,-0.588,3099,199,3,3189,1684,2467,279,2461,49,1.026,1,2201,0,69.393,0.324,-35.563,-1.750,-59.563,-0.023,-0.035,0.949,-0.215,-0.242,-0.684,0.458,0.128,1.017,1.380,2,NULL,NULL,,3,0,2,7,255,1256,250,0,0
stim,145804,175925,0,175925,3373244.455,-0.802,0.088,0.053,-0.589,3104,231,18,3195,1737,2475,285,2475,49,1.026,1,2201,0,53.525,1.786,-31.500,-1.438,-43.250,0.000,-0.023,1.035,-0.215,-1.773,-0.684,0.472,0.118,1.017,1.380,2,NULL,NULL,,3,0,2,7,255,1256,250,0,0
stim,145804,175925,0,175925,3373249.454,-0.801,0.086,0.054,-0.590,3111,259,39,3197,1765,2486,307,2473,49,1.026,1,2201,0,46.387,1.784,-35.313,1.000,-30.063,-0.055,0.012,1.051,-0.191,-1.773,0.113,0.486,0.104,1.017,1.380,2,NULL,NULL,,3,0,2,7,255,1256,250,0,0
stim,145804,175925,0,175925,3373254.456,-0.800,0.085,0.055,-0.591,3101,269,106,3189,1789,2485,337,2479,49,1.026,1,2201,0,45.847,1.539,-36.313,1.688,-27.938,-0.105,-0.012,1.008,-0.191,-1.527,0.113,0.502,0.090,1.017,1.380,2,NULL,NULL,,3,0,2,7,255,1256,250,0,0
stim,145804,175925,0,175925,3373259.454,-0.800,0.083,0.056,-0.592,3115,280,137,3193,1827,2502,319,2485,49,1.026,1,2201,0,41.062,1.423,-30.875,2.688,-26.938,-0.090,-0.129,0.949,-0.336,-1.383,0.059,0.516,0.076,1.017,1.380,2,NULL,NULL,,3,0,2,7,255,1256,250,0,0
stim,145839,175960,0,175960,3373264.455,-0.799,0.082,0.057,-0.592,3111,279,201,3205,1861,2507,319,2486,49,1.026,1,2201,0,29.031,1.928,-23.375,1.000,-17.188,-0.105,-0.195,0.930,-1.355,-1.371,-0.559,0.526,0.068,1.017,1.380,2,NULL,NULL,,3,0,2,7,255,1256,250,0,0
stim,145839,175960,0,175960,3373269.454,-0.799,0.081,0.057,-0.593,3109,278,253,3197,1867,2513,320,2493,49,1.026,1,2201,0,19.381,2.168,-16.250,0.063,-10.563,-0.176,-0.141,0.930,-1.680,-1.371,-0.586,0.534,0.062,1.017,1.380,2,NULL,NULL,,3,0,2,7,255,1256,250,0,0
stim,145839,175960,0,175960,3373274.455,-0.799,0.081,0.057,-0.593,3097,277,284,3192,1877,2517,315,2489,49,1.026,1,2201,0,17.516,1.774,-8.438,-1.063,-15.313,-0.211,-0.063,0.961,-1.680,-0.570,-0.586,0.542,0.058,1.017,1.380,2,NULL,NULL,,3,0,2,7,255,1256,250,0,0
stim,145839,175960,0,175960,3373279.454,-0.798,0.081,0.058,-0.594,3107,279,309,3196,1901,2513,311,2502,49,1.026,1,2201,0,20.959,1.161,-3.938,-1.875,-20.500,-0.156,-0.070,0.988,-1.012,-0.570,-0.215,0.552,0.052,1.017,1.380,2,NULL,NULL,,3,0,2,7,255,1256,250,0,0
stim,145839,175960,0,175960,3373284.455,-0.798,0.080,0.058,-0.595,3097,288,365,3196,1915,2507,311,2491,49,1.034,1,2201,1,15.845,1.208,-4.750,-2.688,-14.875,-0.109,-0.113,0.988,-1.012,-0.660,-0.121,0.000,0.000,1.016,1.334,2,NULL,NULL,,3,0,2,7,255,1256,250,0,0
stim,145839,175960,0,175960,3373289.454,-0.798,0.080,0.058,-0.595,3089,286,383,3187,1925,2515,316,2493,49,1.034,1,2201,1,8.669,1.489,-5.188,-3.500,-6.000,-0.137,-0.105,0.965,-1.207,-0.871,-0.121,0.006,0.006,1.016,1.334,2,NULL,NULL,,3,0,2,7,255,1256,250,0,0
stim,145870,175991,0,175991,3373294.455,-0.798,0.079,0.058,-0.595,3089,285,409,3181,1935,2513,325,2507,49,1.034,1,2201,1,6.680,1.489,-1.875,-4.375,-4.688,-0.191,-0.063,0.961,-1.207,-0.871,-0.246,0.012,0.012,1.016,1.334,2,NULL,NULL,,3,0,2,7,255,1256,250,0,0
stim,145870,175991,0,175991,3373299.455,-0.797,0.079,0.058,-0.595,3093,276,428,3179,1949,2503,331,2508,49,1.034,1,2201,1,11.688,0.963,2.125,-4.813,-10.438,-0.191,-0.023,0.980,-0.938,-0.219,-0.246,0.018,0.018,1.016,1.334,2,NULL,NULL,,3,0,2,7,255,1256,250,0,0
stim,145870,175991,0,175991,3373304.455,-0.797,0.079,0.057,-0.596,3069,264,460,3173,1956,2510,337,2503,49,1.034,1,2201,1,14.806,0.600,3.750,-5.125,-13.375,-0.148,-0.004,1.004,-0.559,-0.219,-0.043,0.024,0.022,1.016,1.334,2,NULL,NULL,,3,0,2,7,255,1256,250,0,0
stim,145870,175991,0,175991,3373309.454,-0.797,0.079,0.057,-0.596,3066,263,521,3179,1973,2492,345,2515,49,1.034,1,2201,1,12.087,0.610,2.375,-5.250,-10.625,-0.129,0.012,1.016,-0.270,-0.547,0.113,0.030,0.026,1.016,1.334,2,NULL,NULL,,3,0,2,7,255,1256,250,0,0
stim,145902,176023,0,176023,3373314.455,-0.797,0.079,0.057,-0.597,3063,255,567,3158,1987,2489,344,2509,49,1.034,1,2201,1,9.693,0.550,-0.125,-5.188,-8.188,-0.156,0.027,1.012,-0.055,-0.547,0.215,0.032,0.028,1.016,1.334,2,NULL,NULL,,3,0,2,7,255,1256,250,0,0
stim,145902,176023,0,176023,3373319.454,-0.796,0.079,0.057,-0.597,3048,249,607,3155,1993,2501,347,2508,49,1.034,1,2201,1,11.392,0.398,-0.938,-5.375,-10.000,-0.188,0.035,1.000,-0.004,-0.398,0.215,0.034,0.030,1.016,1.334,2,NULL,NULL,,3,0,2,7,255,1256,250,0,0
stim,145902,176023,0,176023,3373324.455,-0.796,0.078,0.057,-0.597,3051,250,634,3146,2002,2489,353,2509,49,1.034,1,2201,1,15.582,0.055,0.438,-5.688,-14.500,-0.188,0.047,1.000,0.000,-0.055,0.156,0.036,0.032,1.016,1.334,2,NULL,NULL,,3,0,2,7,255,1256,250,0,0
stim,145902,176023,0,176023,3373329.454,-0.796,0.078,0.056,-0.598,3032,249,659,3148,2017,2487,357,2515,49,1.034,1,2201,1,19.533,0.099,1.313,-5.938,-18.563,-0.168,0.059,1.012,0.082,-0.055,0.156,0.036,0.032,1.016,1.334,2,NULL,NULL,,3,0,2,7,255,1256,250,0,0
stim,145902,176023,0,176023,3373334.455,-0.795,0.078,0.056,-0.599,3018,249,697,3127,2029,2479,363,2521,49,1.034,1,2201,1,20.216,0.332,0.688,-5.938,-19.313,-0.137,0.070,1.020,0.273,-0.188,0.250,0.038,0.030,1.016,1.334,2,NULL,NULL,,3,0,2,7,255,1256,250,0,0
stim,145902,176023,0,176023,3373339.454,-0.795,0.078,0.056,-0.599,3004,247,723,3127,2053,2483,365,2525,49,1.034,1,2201,1,18.083,0.542,-1.125,-6.563,-16.813,-0.145,0.070,1.012,0.426,-0.336,0.250,0.038,0.030,1.016,1.334,2,NULL,NULL,,3,0,2,7,255,1256,250,0,0
stim,145923,176044,0,176044,3373344.455,-0.794,0.077,0.056,-0.600,2991,246,755,3109,2065,2479,382,2523,49,1.034,1,2201,1,17.179,0.542,-2.313,-7.688,-15.188,-0.184,0.078,1.008,0.426,-0.336,0.230,0.036,0.028,1.016,1.334,2,NULL,NULL,,3,0,2,7,255,1256,250,0,0
stim,145923,176044,0,176044,3373349.454,-0.794,0.077,0.055,-0.601,2976,248,783,3089,2088,2482,407,2525,49,1.034,1,2201,1,20.861,0.430,-2.125,-8.625,-18.875,-0.207,0.113,1.004,0.426,0.059,0.230,0.036,0.024,1.016,1.334,2,NULL,NULL,,3,0,2,7,255,1256,250,0,0
stim,145923,176044,0,176044,3373354.455,-0.793,0.077,0.055,-0.601,2971,244,857,3087,2125,2469,411,2531,49,1.034,1,2201,1,26.115,0.678,-0.813,-9.500,-24.313,-0.172,0.141,1.012,0.668,0.113,0.266,0.034,0.022,1.016,1.334,2,NULL,NULL,,3,0,2,7,255,1256,250,0,0
stim,145923,176044,0,176044,3373359.454,-0.793,0.077,0.055,-0.602,2963,248,901,3061,2162,2471,415,2551,49,1.034,1,2201,1,26.879,1.041,-1.313,-9.625,-25.063,-0.121,0.137,1.031,1.035,0.113,0.285,0.032,0.016,1.016,1.334,2,NULL,NULL,,3,0,2,7,255,1256,250,0,0
stim,145923,176044,0,176044,3373364.455,-0.792,0.076,0.054,-0.603,2937,251,955,3052,2195,2471,438,2553,49,1.034,1,2201,1,24.072,1.109,-5.813,-9.563,-21.313,-0.102,0.109,1.031,1.035,-0.398,0.316,0.032,0.010,1.016,1.334,2,NULL,NULL,,3,0,2,7,255,1256,250,0,0
stim,145923,176044,0,176044,3373369.454,-0.792,0.076,0.054,-0.604,2915,249,1011,3047,2207,2474,471,2557,49,1.034,1,2201,1,22.786,1.051,-9.375,-9.313,-18.563,-0.121,0.070,0.996,0.922,-0.504,0.316,0.032,0.006,1.016,1.334,2,NULL,NULL,,3,0,2,7,255,1256,250,0,0
stim,145923,176044,0,176044,3373374.457,-0.791,0.075,0.054,-0.604,2903,253,1087,3028,2239,2467,537,2568,49,1.034,1,2201,1,21.577,0.710,-9.125,-9.875,-16.875,-0.133,0.035,0.969,0.500,-0.504,0.031,0.032,0.006,1.016,1.334,2,NULL,NULL,,3,0,2,7,255,1256,250,0,0
stim,145923,176044,0,176044,3373379.454,-0.791,0.074,0.054,-0.605,2877,261,1161,3007,2275,2468,587,2579,49,1.034,1,2201,1,20.767,0.435,-5.813,-10.313,-17.063,-0.141,0.023,0.957,0.156,-0.406,-0.246,0.034,0.008,1.016,1.334,2,NULL,NULL,,3,0,2,7,255,1256,250,0,0
stim,145954,176075,0,176075,3373384.455,-0.791,0.074,0.054,-0.606,2859,269,1237,3013,2299,2475,652,2595,49,1.034,1,2201,1,20.996,0.367,-1.875,-10.750,-17.938,-0.137,0.047,0.980,0.156,-0.332,-0.246,0.036,0.012,1.016,1.334,2,NULL,NULL,,3,0,2,7,255,1256,250,0,0
stim,145954,176075,0,176075,3373389.455,-0.790,0.074,0.053,-0.606,2845,270,1285,2991,2331,2471,722,2602,49,1.034,1,2201,1,21.456,0.411,-0.750,-10.625,-18.625,-0.125,0.070,1.004,0.242,-0.332,-0.125,0.038,0.016,1.016,1.334,2,NULL,NULL,,3,0,2,7,255,1256,250,0,0
stim,145954,176075,0,176075,3373394.455,-0.790,0.073,0.053,-0.607,2808,269,1349,2969,2349,2473,804,2611,49,1.034,1,2201,1,21.114,0.534,-2.750,-10.688,-18.000,-0.137,0.063,1.008,0.418,-0.332,0.098,0.038,0.016,1.016,1.334,2,NULL,NULL,,3,0,2,7,255,1256,250,0,0
stim,145954,176075,0,176075,3373399.454,-0.789,0.073,0.053,-0.607,2791,279,1455,2965,2389,2475,876,2629,49,1.034,1,2201,1,22.320,0.527,-6.250,-11.125,-18.313,-0.164,0.043,0.996,0.418,-0.320,0.098,0.040,0.018,1.016,1.334,2,NULL,NULL,,3,0,2,7,255,1256,250,0,0
stim,145954,176075,0,176075,3373404.456,-0.789,0.072,0.052,-0.608,2763,295,1547,2940,2406,2473,954,2637,49,1.034,1,2201,1,25.210,0.193,-7.438,-11.688,-21.063,-0.184,0.023,0.980,0.156,-0.113,0.094,0.040,0.018,1.016,1.334,2,NULL,NULL,,3,0,2,7,255,1256,250,0,0
stim,145954,176075,0,176075,3373409.454,-0.788,0.071,0.052,-0.609,2741,307,1615,2923,2437,2471,1032,2647,49,1.034,1,2201,1,28.889,0.100,-7.813,-12.188,-25.000,-0.172,0.000,0.973,-0.078,-0.063,-0.031,0.040,0.016,1.016,1.334,2,NULL,NULL,,3,0,2,7,255,1256,250,0,0
stim,146008,176129,0,176129,3373414.455,-0.788,0.071,0.052,-0.610,2725,313,1705,2919,2459,2476,1115,2660,49,1.034,1,2201,1,31.839,0.269,-8.500,-12.688,-27.938,-0.148,-0.016,0.973,-0.262,-0.063,-0.137,0.042,0.016,1.016,1.334,2,NULL,NULL,,3,0,2,7,255,1256,250,0,0
stim,146008,176129,0,176129,3373419.455,-0.787,0.070,0.052,-0.611,2697,331,1783,2915,2480,2473,1209,2669,49,1.034,1,2201,1,31.811,0.409,-9.125,-13.000,-27.563,-0.129,-0.016,0.973,-0.285,-0.293,-0.191,0.042,0.016,1.016,1.334,2,NULL,NULL,,3,0,2,7,255,1256,250,0,0
stim,146008,176129,0,176129,3373424.455,-0.786,0.069,0.052,-0.612,2665,334,1829,2890,2513,2483,1293,2678,49,1.034,1,2201,1,31.525,0.562,-10.688,-12.938,-26.688,-0.129,-0.016,0.984,-0.285,-0.484,-0.191,0.044,0.014,1.016,1.334,2,NULL,NULL,,3,0,2,7,255,1256,250,0,0
stim,146008,176129,0,176129,3373429.454,-0.786,0.068,0.052,-0.613,2643,354,1912,2877,2541,2477,1356,2701,49,1.034,1,2201,1,31.620,0.565,-13.313,-13.250,-25.438,-0.125,-0.031,0.984,-0.285,-0.488,-0.102,0.046,0.014,1.016,1.334,2,NULL,NULL,,3,0,2,7,255,1256,250,0,0
stim,146008,176129,0,176129,3373434.455,-0.785,0.067,0.052,-0.614,2613,379,1995,2858,2555,2489,1439,2704,49,1.034,1,2201,1,31.800,0.650,-15.000,-13.750,-24.438,-0.125,-0.043,0.977,-0.391,-0.520,-0.102,0.048,0.012,1.016,1.334,2,NULL,NULL,,3,0,2,7,255,1256,250,0,0
stim,146008,176129,0,176129,3373439.454,-0.785,0.066,0.052,-0.614,2582,415,2085,2853,2589,2485,1501,2725,49,1.034,1,2201,1,31.001,0.713,-14.688,-14.000,-23.438,-0.129,-0.043,0.961,-0.488,-0.520,-0.176,0.052,0.012,1.016,1.334,2,NULL,NULL,,3,0,2,7,255,1256,250,0,0
stim,146008,176129,0,176129,3373444.455,-0.784,0.065,0.052,-0.615,2533,429,2156,2839,2605,2494,1583,2729,49,1.034,1,2201,1,29.799,0.674,-13.063,-14.625,-22.438,-0.125,-0.023,0.977,-0.488,-0.465,-0.176,0.056,0.012,1.016,1.334,2,NULL,NULL,,3,0,2,7,255,1256,250,0,0
stim,146008,176129,0,176129,3373449.454,-0.783,0.064,0.052,-0.616,2505,435,2210,2825,2629,2491,1675,2745,49,1.034,1,2201,1,30.598,0.547,-13.125,-14.750,-23.375,-0.125,0.000,1.008,-0.289,-0.465,-0.172,0.058,0.012,1.016,1.334,2,NULL,NULL,,3,0,2,7,255,1256,250,0,0
stim,146008,176129,0,176129,3373454.455,-0.783,0.063,0.051,-0.617,2463,468,2248,2797,2649,2496,1725,2747,49,1.034,1,2201,1,32.831,0.425,-16.688,-15.438,-23.688,-0.129,0.020,1.027,-0.055,-0.422,0.125,0.060,0.010,1.016,1.334,2,NULL,NULL,,3,0,2,7,255,1256,250,0,0
stim,146008,176129,0,176129,3373459.454,-0.782,0.062,0.051,-0.618,2440,487,2333,2789,2661,2495,1783,2759,49,1.034,1,2201,1,36.946,0.400,-22.000,-15.500,-25.313,-0.129,0.035,1.043,0.148,-0.371,0.324,0.064,0.010,1.016,1.334,2,NULL,NULL,,3,0,2,7,255,1256,250,0,0
stim,146037,176158,0,176158,3373464.455,-0.782,0.060,0.052,-0.619,2405,493,2399,2776,2687,2503,1865,2772,49,1.034,1,2201,1,40.192,0.475,-26.250,-15.188,-26.375,-0.113,0.035,1.020,0.297,-0.371,0.324,0.066,0.010,1.016,1.334,2,NULL,NULL,,3,0,2,7,255,1256,250,0,0
stim,146037,176158,0,176158,3373469.454,-0.781,0.059,0.052,-0.619,2351,517,2439,2751,2702,2508,1933,2782,49,1.034,1,2201,1,39.524,0.519,-26.125,-15.250,-25.438,-0.105,0.020,0.988,0.297,-0.426,0.219,0.070,0.010,1.016,1.334,2,NULL,NULL,,3,0,2,7,255,1256,250,0,0
stim,146037,176158,1,176158,3373474.455,-0.781,0.058,0.052,-0.620,2308,533,2502,2729,2727,2517,1980,2793,49,1.034,1,2201,1,35.678,0.535,-21.750,-15.063,-23.938,-0.105,-0.016,0.969,0.227,-0.484,-0.078,0.072,0.010,1.016,1.334,2,NULL,NULL,,3,1,2,7,255,1256,250,0,0
stim,146037,176158,1,176158,3373479.454,-0.780,0.056,0.052,-0.621,2245,551,2537,2711,2735,2510,2039,2807,49,1.034,1,2201,1,32.330,0.490,-18.063,-15.938,-21.563,-0.125,-0.043,0.977,-0.074,-0.484,-0.152,0.074,0.010,1.016,1.334,2,NULL,NULL,,3,1,2,7,255,1256,250,0,0
stim,146037,176158,1,176158,3373484.455,-0.780,0.055,0.052,-0.622,2173,551,2554,2679,2745,2507,2085,2809,49,1.034,1,2201,1,31.868,0.547,-16.125,-16.563,-21.938,-0.145,-0.043,1.000,-0.387,-0.387,-0.152,0.076,0.010,1.016,1.334,2,NULL,NULL,,3,1,2,7,255,1256,250,0,0
stim,146037,176158,1,176158,3373489.454,-0.779,0.054,0.052,-0.622,2127,565,2602,2648,2769,2509,2135,2823,49,1.034,1,2201,1,35.062,0.439,-18.563,-17.313,-24.188,-0.141,-0.023,1.020,-0.387,-0.207,0.109,0.078,0.010,1.016,1.334,2,NULL,NULL,,3,1,2,7,255,1256,250,0,0
stim,146058,176179,1,176179,3373494.456,-0.779,0.053,0.052,-0.623,2069,567,2635,2611,2781,2511,2181,2833,49,1.034,1,2201,1,33.297,0.285,-18.375,-17.875,-21.250,-0.078,0.000,1.004,-0.195,-0.207,0.109,0.082,0.012,1.016,1.334,2,NULL,NULL,,3,1,2,7,255,1256,250,0,0
stim,146058,176179,1,176179,3373499.454,-0.778,0.052,0.052,-0.624,1997,568,2653,2579,2796,2515,2207,2841,49,1.034,1,2201,1,34.278,0.343,-22.125,-17.188,-19.750,-0.125,-0.023,1.039,-0.086,-0.332,0.266,0.084,0.014,1.016,1.334,2,NULL,NULL,,3,1,2,7,255,1256,250,0,0
stim,146058,176179,1,176179,3373504.455,-0.778,0.050,0.052,-0.624,1913,566,2699,2542,2809,2513,2261,2851,49,1.034,1,2201,1,38.317,0.343,-27.188,-17.125,-20.875,-0.129,-0.059,1.023,-0.086,-0.332,0.320,0.086,0.014,1.016,1.334,2,NULL,NULL,,3,1,2,7,255,1256,250,0,0
stim,146058,176179,1,176179,3373509.455,-0.777,0.048,0.052,-0.625,1839,565,2732,2502,2827,2513,2299,2859,49,1.034,1,2201,1,40.622,0.529,-28.750,-18.125,-22.250,-0.129,-0.070,0.996,-0.418,-0.324,0.320,0.088,0.014,1.016,1.334,2,NULL,NULL,,3,1,2,7,255,1256,250,0,0
stim,146104,176225,1,176225,3373514.455,-0.777,0.047,0.052,-0.626,1767,557,2709,2453,2836,2509,2335,2863,49,1.034,1,2201,1,39.770,0.506,-26.063,-18.313,-23.813,-0.125,-0.047,0.984,-0.418,-0.285,0.027,0.092,0.016,1.016,1.334,2,NULL,NULL,,3,1,2,7,255,1256,250,0,0
stim,146104,176225,1,176225,3373519.454,-0.776,0.046,0.052,-0.627,1663,553,2780,2399,2847,2507,2375,2873,49,1.034,1,2201,1,39.105,0.406,-23.188,-18.125,-25.750,-0.105,-0.031,0.992,-0.289,-0.285,-0.020,0.094,0.018,1.016,1.334,2,NULL,NULL,,3,1,2,7,255,1256,250,0,0
stim,146104,176225,1,176225,3373524.457,-0.776,0.044,0.052,-0.628,1563,535,2803,2330,2859,2503,2409,2879,49,1.034,1,2201,1,37.240,0.410,-21.188,-18.375,-24.500,-0.063,-0.047,0.980,-0.125,-0.391,-0.078,0.096,0.018,1.016,1.334,2,NULL,NULL,,3,1,2,7,255,1256,250,0,0
stim,146104,176225,1,176225,3373529.454,-0.775,0.043,0.052,-0.628,1417,525,2825,2275,2870,2501,2439,2888,49,1.034,1,2201,1,31.208,0.777,-16.875,-18.438,-18.688,-0.063,-0.043,0.980,-0.074,-0.773,-0.188,0.098,0.018,1.016,1.334,2,NULL,NULL,,3,1,2,7,255,1256,250,0,0
stim,146104,176225,1,176225,3373534.455,-0.775,0.042,0.052,-0.629,1295,496,2844,2208,2879,2495,2461,2895,49,1.034,1,2201,1,27.354,0.782,-14.188,-18.250,-14.625,-0.094,-0.043,0.992,-0.117,-0.773,-0.188,0.100,0.020,1.016,1.334,2,NULL,NULL,,3,1,2,7,255,1256,250,0,0
stim,146104,176225,1,176225,3373539.454,-0.775,0.041,0.051,-0.629,1181,483,2861,2137,2891,2492,2491,2899,49,1.034,1,2201,1,27.455,0.450,-12.438,-19.438,-14.875,-0.117,-0.016,1.035,-0.066,-0.445,-0.051,0.104,0.020,1.016,1.334,2,NULL,NULL,,3,1,2,7,255,1256,250,0,0
stim,146126,176247,1,176247,3373544.455,-0.774,0.040,0.051,-0.630,1071,454,2875,2042,2903,2488,2521,2905,49,1.034,1,2201,1,28.920,0.295,-15.438,-18.813,-15.625,-0.105,0.004,1.035,0.129,-0.266,0.371,0.106,0.022,1.016,1.334,2,NULL,NULL,,3,1,2,7,255,1256,250,0,0
stim,146126,176247,1,176247,3373549.454,-0.774,0.039,0.051,-0.630,955,395,2891,1935,2909,2483,2547,2909,49,1.034,1,2201,1,30.119,0.369,-14.250,-20.000,-17.438,-0.109,-0.004,1.039,0.285,-0.234,0.387,0.108,0.022,1.016,1.334,2,NULL,NULL,,3,1,2,7,255,1256,250,0,0
stim,146126,176247,1,176247,3373554.455,-0.773,0.037,0.050,-0.631,837,371,2900,1805,2917,2473,2581,2915,49,1.034,1,2201,1,32.541,0.390,-18.625,-19.813,-17.875,-0.082,-0.020,1.039,0.285,-0.266,0.371,0.110,0.022,1.016,1.334,2,NULL,NULL,,3,1,2,7,255,1256,250,0,0
stim,146126,176247,1,176247,3373559.454,-0.773,0.036,0.050,-0.631,663,349,2913,1647,2931,2467,2605,2920,49,1.034,1,2201,1,28.888,0.313,-14.875,-21.000,-13.125,-0.129,-0.020,1.059,0.207,-0.234,0.406,0.110,0.022,1.016,1.334,2,NULL,NULL,,3,1,2,7,255,1256,250,0,0
stim,146126,176247,1,176247,3373564.455,-0.773,0.035,0.050,-0.632,521,309,2923,1493,2939,2454,2621,2925,49,1.034,1,2201,1,35.894,0.215,-22.188,-21.250,-18.563,-0.129,0.016,1.074,0.207,-0.059,0.645,0.112,0.020,1.016,1.334,2,NULL,NULL,,3,1,2,7,255,1256,250,0,0
stim,146126,176247,1,176247,3373569.454,-0.772,0.034,0.050,-0.632,394,280,2934,1373,2951,2440,2637,2927,49,1.034,1,2201,1,36.568,0.477,-21.938,-22.563,-18.625,-0.125,0.039,1.035,0.477,0.008,0.645,0.112,0.020,1.016,1.334,2,NULL,NULL,,3,1,2,7,255,1256,250,0,0
stim,146126,176247,1,176247,3373574.455,-0.772,0.032,0.050,-0.633,302,217,2924,1173,2959,2427,2659,2933,49,1.034,1,2201,1,37.636,0.477,-18.313,-23.250,-23.250,-0.117,0.000,1.031,0.477,0.008,0.375,0.112,0.018,1.016,1.334,2,NULL,NULL,,3,1,2,7,255,1256,250,0,0
stim,146126,176247,1,176247,3373579.454,-0.771,0.031,0.049,-0.634,183,203,2955,971,2967,2411,2677,2937,49,1.034,1,2201,1,36.898,0.445,-15.313,-25.938,-21.313,-0.105,0.004,1.055,0.445,-0.008,0.375,0.112,0.016,1.016,1.334,2,NULL,NULL,,3,1,2,7,255,1256,250,0,0
stim,146152,176273,1,176273,3373584.455,-0.771,0.030,0.048,-0.635,108,144,2967,808,2974,2389,2695,2939,49,1.034,1,2201,1,41.169,0.460,-16.813,-27.313,-25.813,-0.094,0.016,1.082,0.445,-0.117,0.578,0.112,0.016,1.016,1.334,2,NULL,NULL,,3,1,2,7,255,1256,250,0,0
stim,146152,176273,1,176273,3373589.454,-0.770,0.028,0.048,-0.635,43,133,2965,617,2981,2357,2724,2943,49,1.034,1,2201,1,39.725,0.655,-16.188,-29.625,-20.938,-0.063,0.059,1.082,0.617,-0.219,0.742,0.112,0.014,1.016,1.334,2,NULL,NULL,,3,1,2,7,255,1256,250,0,0
stim,146152,176273,1,176273,3373594.455,-0.770,0.027,0.047,-0.636,19,73,2985,431,2989,2324,2734,2951,49,1.034,1,2201,1,40.100,1.085,-13.438,-30.625,-22.125,-0.113,0.066,1.066,1.063,-0.219,0.742,0.112,0.014,1.016,1.334,2,NULL,NULL,,3,1,2,7,255,1256,250,0,0
stim,146152,176273,1,176273,3373599.455,-0.769,0.026,0.046,-0.637,1,56,2989,328,2999,2291,2751,2952,49,1.034,1,2201,1,43.604,1.094,-8.438,-34.625,-25.125,-0.086,0.113,1.059,1.094,0.012,0.668,0.110,0.018,1.016,1.334,2,NULL,NULL,,3,1,2,7,255,1256,250,0,0
stim,146171,176292,1,176292,3373604.455,-0.768,0.025,0.045,-0.638,0,37,2991,291,3005,2271,2770,2955,49,1.034,1,2201,1,48.265,1.238,-5.500,-37.000,-30.500,-0.090,0.078,1.098,1.238,0.012,0.668,0.108,0.022,1.016,1.334,2,NULL,NULL,,3,1,2,7,255,1256,250,0,0
stim,146171,176292,1,176292,3373609.454,-0.768,0.024,0.043,-0.638,0,17,3003,271,3015,2249,2793,2955,49,1.034,1,2201,1,50.602,1.238,19.313,-45.000,-12.750,-0.242,-0.023,1.301,1.238,0.012,0.922,0.104,0.028,1.016,1.334,2,NULL,NULL,,3,1,2,7,255,1256,250,0,0
stim,146210,176331,1,176331,3373614.455,-0.769,0.024,0.040,-0.638,0,4,3007,232,3019,2219,2811,2956,49,1.034,1,2201,1,74.841,1.124,46.500,-56.625,15.250,-0.379,-0.047,1.664,0.082,1.121,3.113,0.100,0.034,1.016,1.334,2,NULL,NULL,,3,1,2,7,255,1256,250,0,0
stim,146210,176331,1,176331,3373619.454,-0.769,0.022,0.039,-0.638,0,1,2983,191,3025,2171,2829,2958,49,1.034,1,2201,1,65.558,1.145,-27.438,-59.500,2.188,-0.234,-0.070,1.570,-0.230,1.121,5.738,0.098,0.038,1.016,1.334,2,NULL,NULL,,3,1,2,7,255,1256,250,0,0
stim,146210,176331,1,176331,3373624.455,-0.769,0.017,0.039,-0.638,0,0,3017,156,3031,2131,2843,2961,49,1.034,1,2201,0,100.805,0.899,-82.438,-55.313,-17.500,-0.098,-0.203,1.082,-0.238,0.867,5.738,0.096,0.040,1.016,1.334,2,NULL,NULL,,3,1,2,7,255,1256,250,0,0
stim,146210,176331,1,176331,3373629.454,-0.769,0.014,0.039,-0.638,0,0,3019,112,3036,2068,2857,2958,49,1.034,1,2201,0,83.333,1.494,-53.125,-63.188,11.375,-0.078,-0.203,0.863,-1.477,-0.227,0.930,0.096,0.044,1.016,1.334,3,NULL,NULL,,3,1,2,7,255,1256,250,0,0
stim,146210,176331,1,176331,3373634.455,-0.770,0.012,0.037,-0.637,0,0,3021,59,3039,1993,2871,2963,49,1.034,1,2201,0,73.838,1.494,-11.500,-68.875,24.000,-0.199,-0.086,0.926,-1.477,-0.227,-0.590,0.092,0.050,1.016,1.334,3,NULL,NULL,,3,1,2,7,255,1256,250,0,0
stim,146210,176331,1,176331,3373639.454,-0.770,0.010,0.034,-0.637,0,0,3023,11,3045,1913,2886,2961,49,1.034,1,2201,0,71.911,1.297,4.438,-71.563,5.500,-0.258,-0.063,1.035,-0.609,1.145,-0.590,0.088,0.056,1.016,1.334,3,NULL,NULL,,3,1,2,7,255,1256,250,0,0
stim,146210,176331,1,176331,3373644.455,-0.770,0.008,0.032,-0.637,0,0,3019,2,3051,1833,2897,2955,49,1.034,1,2201,0,76.626,1.297,8.125,-76.000,-5.438,-0.191,-0.125,1.180,-0.609,1.145,0.484,0.082,0.064,1.016,1.334,3,NULL,NULL,,3,1,2,7,255,1256,250,0,0
stim,146210,176331,1,176331,3373649.454,-0.771,0.006,0.029,-0.637,0,0,3019,0,3059,1737,2907,2955,49,1.034,1,2201,0,78.514,1.282,0.875,-78.500,1.188,-0.141,-0.184,1.215,-0.816,0.988,1.891,0.078,0.070,1.016,1.334,3,NULL,NULL,,3,1,2,7,255,1256,250,0,0
stim,146210,176331,1,176331,3373654.455,-0.771,0.003,0.027,-0.636,0,0,3019,0,3063,1644,2917,2955,49,1.034,1,2201,0,83.352,1.404,-10.188,-82.250,8.875,-0.141,-0.219,1.145,-1.309,0.508,1.891,0.076,0.076,1.016,1.334,3,NULL,NULL,,3,1,2,7,255,1256,250,0,0
stim,146210,176331,1,176331,3373659.455,-0.771,0.000,0.025,-0.636,0,0,3015,0,3063,1545,2924,2944,49,1.034,1,2201,0,87.432,1.528,-14.063,-85.438,12.125,-0.168,-0.184,1.078,-1.441,0.508,1.566,0.074,0.082,1.016,1.334,3,NULL,NULL,,3,1,2,7,255,1256,250,0,0
stim,146237,176358,1,176358,3373664.455,-0.772,-0.002,0.022,-0.635,0,0,3007,0,3065,1398,2932,2949,49,1.034,1,2201,0,90.251,1.707,-6.313,-89.500,9.750,-0.191,-0.141,1.059,-1.441,0.914,0.895,0.070,0.088,1.016,1.334,3,NULL,NULL,,3,1,2,7,255,1256,250,0,0
stim,146237,176358,1,176358,3373669.454,-0.772,-0.005,0.019,-0.635,0,0,3001,0,3068,1275,2937,2939,49,1.034,1,2201,0,92.705,1.695,1.750,-92.688,-0.313,-0.180,-0.141,1.027,-1.109,1.281,0.680,0.068,0.094,1.016,1.334,3,NULL,NULL,,3,1,2,7,255,1256,250,0,0
stim,146237,176358,1,176358,3373674.455,-0.772,-0.007,0.016,-0.635,0,0,2996,0,3077,1139,2951,2937,49,1.034,1,2201,0,97.128,1.687,7.938,-96.625,-5.875,-0.121,-0.145,1.090,-1.098,1.281,0.680,0.064,0.100,1.016,1.334,3,NULL,NULL,,3,1,2,7,255,1256,250,0,0
stim,146237,176358,1,176358,3373679.454,-0.772,-0.010,0.012,-0.635,0,0,2969,0,3067,983,2963,2927,49,1.034,1,2201,0,100.879,1.320,11.688,-99.875,-8.063,-0.109,-0.117,1.082,-1.031,0.824,0.863,0.062,0.106,1.016,1.334,3,NULL,NULL,,3,1,2,7,255,1256,250,0,0
stim,146255,176376,1,176376,3373684.455,-0.772,-0.012,0.008,-0.635,0,0,2975,0,3079,775,2967,2920,49,1.034,1,2201,0,105.159,1.086,17.813,-103.563,-4.000,-0.078,-0.094,1.113,-0.746,0.789,0.949,0.060,0.112,1.016,1.334,3,NULL,NULL,,3,1,2,7,255,1256,250,0,0
stim,146255,176376,1,176376,3373689.454,-0.772,-0.014,0.004,-0.635,0,0,2967,0,3083,657,2975,2910,49,1.034,1,2201,0,109.859,0.829,19.750,-108.000,3.875,-0.059,-0.051,1.211,-0.512,0.652,1.117,0.058,0.118,1.016,1.334,3,NULL,NULL,,3,1,2,7,255,1256,250,0,0
stim,146255,176376,1,176376,3373694.455,-0.773,-0.017,0.000,-0.635,0,0,2939,0,3081,543,2981,2900,49,1.034,1,2201,0,113.165,0.654,9.000,-112.500,8.313,-0.102,0.008,1.309,-0.043,0.652,2.047,0.054,0.124,1.016,1.334,3,NULL,NULL,,3,1,2,7,255,1256,250,0,0
stim,146255,176376,1,176376,3373699.454,-0.773,-0.020,-0.004,-0.634,0,0,2931,0,3080,389,2983,2876,49,1.034,1,2201,0,116.548,1.255,-5.188,-115.813,12.000,-0.070,0.027,1.258,0.469,1.164,2.465,0.048,0.130,1.016,1.334,3,NULL,NULL,,3,1,2,7,255,1256,250,0,0
stim,146255,176376,1,176376,3373704.455,-0.773,-0.023,-0.008,-0.634,0,0,2917,0,3081,219,2997,2869,49,1.034,1,2201,0,123.380,1.481,-4.188,-122.938,9.563,-0.125,0.051,1.070,0.648,1.332,2.465,0.044,0.134,1.016,1.334,3,NULL,NULL,,3,1,2,7,255,1256,250,0,0
stim,146255,176376,1,176376,3373709.454,-0.773,-0.026,-0.013,-0.633,0,0,2897,0,3089,145,2999,2851,49,1.034,1,2201,0,131.233,1.591,19.938,-129.688,2.375,-0.066,0.109,1.074,0.664,1.445,0.594,0.038,0.140,1.016,1.334,3,NULL,NULL,,3,1,2,7,255,1256,250,0,0
stim,146307,176428,1,176428,3373714.455,-0.774,-0.029,-0.018,-0.633,0,0,2871,0,3087,45,3003,2829,49,1.034,1,2201,0,137.233,1.931,25.438,-134.625,7.875,0.035,0.160,1.313,1.281,1.445,0.594,0.030,0.146,1.016,1.334,3,NULL,NULL,,3,1,2,7,255,1256,250,0,0
stim,146307,176428,1,176428,3373719.455,-0.774,-0.032,-0.023,-0.632,0,0,2851,0,3087,21,3013,2799,49,1.034,1,2201,0,139.549,2.298,7.125,-138.125,18.563,0.039,0.207,1.414,2.004,1.125,2.945,0.022,0.154,1.016,1.334,3,NULL,NULL,,3,1,2,7,255,1256,250,0,0
stim,146307,176428,0,176428,3373724.455,-0.775,-0.036,-0.027,-0.630,0,0,2797,0,3091,0,3015,2776,49,1.034,1,2201,0,145.800,2.394,-16.563,-142.000,28.625,-0.043,0.191,1.410,2.113,1.125,3.785,0.016,0.164,1.016,1.334,3,NULL,NULL,,3,0,2,7,255,1263,250,0,0
stim,146307,176428,0,176428,3373729.454,-0.776,-0.041,-0.031,-0.629,0,0,2783,0,3083,0,3019,2743,49,1.034,1,2201,0,153.592,2.947,-29.938,-147.500,30.625,-0.098,0.148,1.363,2.113,2.055,3.785,0.014,0.174,1.016,1.334,3,NULL,NULL,,3,0,2,7,255,1263,250,0,0
stim,146307,176428,0,176428,3373734.455,-0.776,-0.046,-0.035,-0.628,0,0,2759,0,3091,0,3027,2707,49,1.034,1,2201,0,158.048,3.070,-31.313,-152.813,25.438,-0.105,0.113,1.332,1.605,2.617,3.301,0.020,0.184,1.016,1.334,3,NULL,NULL,,3,0,2,7,255,1263,250,0,0
stim,146307,176428,0,176428,3373739.454,-0.777,-0.051,-0.040,-0.626,0,0,2725,0,3089,0,3023,2662,49,1.034,1,2201,0,163.061,3.116,-30.250,-158.563,23.063,-0.074,0.133,1.383,1.473,2.746,3.301,0.028,0.198,1.016,1.334,3,NULL,NULL,,3,0,2,7,255,1263,250,0,0
stim,146307,176428,0,176428,3373744.455,-0.777,-0.057,-0.044,-0.625,0,0,2676,0,3067,0,3033,2615,49,1.034,1,2201,0,165.974,3.123,-28.125,-162.688,17.000,-0.082,0.191,1.484,1.473,2.754,3.426,0.040,0.214,1.016,1.334,3,NULL,NULL,,3,0,2,7,255,1263,250,0,0
stim,146307,176428,0,176428,3373749.454,-0.777,-0.062,-0.049,-0.624,0,0,2629,0,3075,0,3023,2571,49,1.034,1,2201,0,172.560,3.827,-26.063,-169.750,16.813,-0.102,0.184,1.625,1.949,3.293,4.324,0.058,0.232,1.016,1.334,3,NULL,NULL,,3,0,2,7,255,1263,250,0,0
stim,146307,176428,0,176428,3373754.455,-0.778,-0.068,-0.055,-0.623,0,0,2551,0,3051,0,3033,2477,49,1.034,1,2201,0,185.796,4.348,-33.375,-180.750,27.125,-0.184,0.160,1.742,1.949,3.887,5.633,0.076,0.254,1.016,1.334,3,NULL,NULL,,3,0,2,7,255,1263,250,0,0
stim,146307,176428,0,176428,3373759.454,-0.778,-0.075,-0.059,-0.621,0,0,2489,0,3048,0,3024,2391,49,1.034,1,2201,0,203.969,5.324,-59.313,-192.313,33.188,-0.223,0.160,1.777,1.586,5.082,6.570,0.100,0.280,1.016,1.334,3,NULL,NULL,,3,0,2,7,255,1263,250,0,0
stim,146336,176457,0,176457,3373764.455,-0.778,-0.084,-0.064,-0.619,0,0,2423,0,3035,0,3021,2279,49,1.034,1,2201,0,218.189,6.010,-75.938,-202.750,27.063,-0.258,0.199,1.703,1.586,5.797,6.570,0.124,0.308,1.016,1.334,3,NULL,NULL,,3,0,2,7,255,1263,250,0,0
stim,146336,176457,0,176457,3373769.454,-0.778,-0.092,-0.069,-0.618,0,0,2350,0,3017,2,3015,2167,49,1.034,1,2201,0,233.360,6.629,-84.500,-216.125,24.625,-0.270,0.215,1.609,1.805,6.379,5.824,0.154,0.340,1.016,1.334,3,NULL,NULL,,3,0,2,7,255,1263,250,0,0
stim,146336,176457,0,176457,3373774.455,-0.778,-0.102,-0.074,-0.616,0,0,2269,0,3013,18,2995,2055,49,1.034,1,2201,0,247.545,6.891,-87.563,-230.500,21.938,-0.242,0.238,1.629,1.938,6.613,4.836,0.186,0.374,1.016,1.334,3,NULL,NULL,,3,0,2,7,255,1263,250,0,0
stim,146336,176457,0,176457,3373779.455,-0.777,-0.111,-0.080,-0.614,0,0,2183,0,2991,37,2983,1941,49,1.034,1,2201,0,259.277,7.084,-87.063,-243.438,19.563,-0.258,0.223,1.672,2.137,6.754,4.836,0.220,0.410,1.016,1.334,3,NULL,NULL,,3,0,2,7,255,1263,250,0,0
stim,146336,176457,0,176457,3373784.455,-0.777,-0.122,-0.086,-0.612,0,0,2070,0,2973,45,2966,1845,49,1.034,1,2201,0,278.583,7.640,-97.500,-259.938,23.125,-0.266,0.254,1.680,2.277,7.293,4.883,0.256,0.448,1.016,1.334,3,NULL,NULL,,3,0,2,7,255,1263,250,0,0
stim,146336,176457,0,176457,3373789.454,-0.776,-0.132,-0.093,-0.610,0,0,1991,0,2953,68,2926,1759,49,1.034,1,2201,0,292.043,8.207,-96.250,-275.000,20.000,-0.277,0.309,1.719,2.477,7.824,4.906,0.296,0.490,1.016,1.334,3,NULL,NULL,,3,0,2,7,255,1263,250,0,0
stim,146359,176480,0,176480,3373794.455,-0.775,-0.143,-0.100,-0.608,0,0,1881,0,2914,70,2893,1677,49,1.034,1,2201,0,303.499,8.985,-86.688,-290.500,14.375,-0.301,0.281,1.836,2.758,8.551,4.906,0.340,0.536,1.016,1.334,3,NULL,NULL,,3,0,2,7,255,1263,250,0,0
stim,146359,176480,0,176480,3373799.454,-0.773,-0.154,-0.108,-0.605,0,0,1757,0,2877,67,2846,1577,49,1.034,1,2201,0,314.551,9.935,-75.063,-305.000,16.813,-0.391,0.305,2.133,2.895,9.504,5.723,0.388,0.588,1.016,1.334,3,NULL,NULL,,3,0,2,7,255,1263,250,0,0
stim,146359,176480,0,176480,3373804.455,-0.772,-0.165,-0.117,-0.603,0,0,1704,0,2847,58,2779,1499,49,1.034,1,2201,0,333.101,12.223,-80.563,-322.938,13.313,-0.508,0.434,2.488,2.895,11.875,7.797,0.444,0.644,1.016,1.334,3,NULL,NULL,,3,0,2,7,255,1263,250,0,0
stim,146359,176480,0,176480,3373809.455,-0.769,-0.178,-0.125,-0.601,0,0,1591,0,2788,40,2697,1399,49,1.034,1,2201,0,357.199,15.575,-113.063,-338.813,-3.750,-0.527,0.641,2.652,3.992,15.055,10.008,0.504,0.708,1.016,1.334,3,NULL,NULL,,3,0,2,7,255,1263,250,0,0
stim,146406,176527,0,176527,3373814.455,-0.766,-0.192,-0.133,-0.599,0,0,1453,0,2724,9,2589,1277,49,1.034,1,2201,0,382.257,16.829,-147.188,-351.500,-30.063,-0.375,0.566,2.578,5.793,15.801,10.105,0.574,0.778,1.016,1.334,3,NULL,NULL,,3,0,2,7,255,1263,250,0,0
stim,146406,176527,0,176527,3373819.454,-0.762,-0.206,-0.141,-0.598,0,0,1331,0,2643,1,2462,1183,49,1.034,1,2201,0,395.172,16.829,-157.875,-360.313,-37.563,-0.207,0.301,2.477,5.793,15.801,10.105,0.646,0.852,1.016,1.334,3,NULL,NULL,,3,0,2,7,255,1263,250,0,0
stim,146406,176527,0,176527,3373824.458,-0.758,-0.221,-0.150,-0.596,0,0,1172,0,2535,0,2293,1050,49,1.034,1,2201,0,402.448,15.460,-157.188,-369.875,-21.188,-0.289,0.270,2.406,3.758,14.996,9.863,0.718,0.928,1.016,1.334,3,NULL,NULL,,3,0,2,7,255,1263,250,0,0
stim,146406,176527,0,176527,3373829.454,-0.753,-0.237,-0.158,-0.593,0,0,981,0,2405,0,2075,953,49,1.034,1,2201,0,420.548,15.371,-174.563,-382.500,-9.063,-0.359,0.227,2.328,3.375,14.996,8.414,0.792,1.002,1.016,1.334,3,NULL,NULL,,3,0,2,7,255,1263,250,0,0
stim,146406,176527,0,176527,3373834.455,-0.749,-0.253,-0.165,-0.590,0,0,764,0,2219,0,1781,876,49,1.034,1,2201,0,439.941,15.272,-193.875,-394.813,-9.125,-0.230,0.016,1.980,2.891,14.996,6.953,0.858,1.072,1.016,1.334,3,NULL,NULL,,3,0,2,7,255,1263,250,0,0
stim,146406,176527,0,176527,3373839.454,-0.744,-0.270,-0.174,-0.586,0,0,549,0,2000,0,1449,733,49,1.034,1,2201,0,445.171,13.049,-177.313,-408.313,-4.313,-0.047,-0.355,1.520,1.090,13.004,4.660,0.914,1.130,1.016,1.334,3,NULL,NULL,,3,0,2,7,255,1263,250,0,0
stim,146426,176547,0,176547,3373844.455,-0.740,-0.285,-0.184,-0.581,0,0,394,0,1755,0,967,607,49,1.034,1,2201,0,443.378,9.138,-136.500,-421.375,19.875,0.195,-0.512,1.070,-2.270,8.852,2.434,0.962,1.182,1.016,1.334,3,NULL,NULL,,3,0,2,7,255,1263,250,0,0
stim,146426,176547,0,176547,3373849.454,-0.736,-0.298,-0.196,-0.575,0,0,281,0,1459,0,421,499,49,1.034,1,2201,0,430.419,5.294,-48.625,-427.000,23.813,0.273,-0.449,0.953,-2.820,4.480,0.520,1.004,1.226,1.016,1.334,3,NULL,NULL,,3,0,2,7,255,1263,250,0,0
stim,146426,176547,0,176547,3373854.455,-0.734,-0.307,-0.210,-0.568,0,0,212,0,1142,0,167,429,49,1.034,1,2201,0,436.968,5.294,50.938,-432.938,30.188,0.238,-0.109,1.523,-2.820,4.480,0.520,1.044,1.268,1.016,1.334,3,NULL,NULL,,3,0,2,7,255,1263,250,0,0
stim,146426,176547,0,176547,3373859.454,-0.733,-0.316,-0.225,-0.559,0,0,126,0,780,0,0,333,49,1.034,1,2201,0,444.669,8.538,71.500,-435.000,58.250,-0.012,0.129,2.270,0.555,8.520,2.664,1.094,1.320,1.016,1.334,3,NULL,NULL,,3,0,2,7,255,1263,250,0,0
stim,146426,176547,0,176547,3373864.455,-0.731,-0.328,-0.237,-0.549,0,0,111,0,403,0,0,279,49,1.034,1,2201,0,443.840,16.401,-5.438,-433.438,95.375,-0.250,0.242,2.527,2.273,16.242,4.395,1.152,1.380,1.016,1.334,3,NULL,NULL,,3,0,2,7,255,1263,250,0,0
stim,146426,176547,0,176547,3373869.454,-0.729,-0.343,-0.246,-0.539,0,0,117,0,69,0,0,165,49,1.034,1,2201,0,461.984,19.608,-99.313,-431.250,132.625,-0.418,0.391,2.164,2.551,19.441,4.395,1.220,1.450,1.016,1.334,3,NULL,NULL,,3,0,2,7,255,1263,250,0,0
stim,146426,176547,0,176547,3373874.455,-0.726,-0.359,-0.253,-0.529,0,0,72,0,0,0,0,75,49,1.034,1,2201,0,478.139,19.707,-160.125,-422.313,156.938,-0.574,0.602,1.574,3.227,19.441,-0.258,1.292,1.526,1.016,1.334,4,NULL,NULL,,3,0,2,7,255,1263,250,0,0
stim,146426,176547,0,176547,3373879.454,-0.722,-0.376,-0.260,-0.520,0,0,51,0,0,0,0,28,49,1.034,1,2201,0,462.014,17.016,-171.938,-407.438,133.750,-0.570,0.973,1.215,4.414,16.434,-6.285,1.368,1.602,1.016,1.334,0,NULL,NULL,,3,0,2,7,255,1263,250,0,0
stim,146449,176570,0,176570,3373884.455,-0.717,-0.391,-0.266,-0.512,0,0,34,0,0,0,0,2,49,1.034,1,2201,0,438.426,16.161,-173.188,-385.250,117.500,-0.574,1.152,1.105,7.652,14.234,-10.031,1.440,1.676,1.016,1.334,0,NULL,NULL,,3,0,2,7,255,1263,250,0,0
stim,146449,176570,0,176570,3373889.454,-0.712,-0.406,-0.271,-0.504,0,0,47,0,0,0,0,2,49,1.034,1,2201,0,419.393,16.404,-180.188,-366.063,97.063,-0.613,1.051,1.266,8.152,14.234,-11.535,1.508,1.746,1.016,1.334,0,NULL,NULL,,3,0,2,7,255,1263,250,0,0
stim,146449,176570,0,176570,3373894.455,-0.706,-0.422,-0.275,-0.498,0,0,69,0,0,0,0,27,49,1.034,1,2201,0,425.614,16.184,-225.125,-351.313,83.938,-0.488,0.590,1.293,8.152,13.980,-11.535,1.572,1.810,1.016,1.334,0,NULL,NULL,,3,0,2,7,255,1263,250,0,0
stim,146449,176570,0,176570,3373899.454,-0.699,-0.436,-0.278,-0.494,0,0,69,0,0,0,0,51,49,1.034,1,2201,0,394.480,14.653,-246.813,-306.063,32.000,-0.168,0.047,1.227,4.387,13.980,-9.500,1.626,1.866,1.016,1.334,0,NULL,NULL,,3,0,2,7,255,1263,250,0,0
stim,146472,176593,0,176593,3373904.455,-0.692,-0.449,-0.281,-0.491,0,0,67,0,0,0,0,85,49,1.034,1,2201,0,336.329,11.426,-216.563,-257.000,13.000,-0.141,-0.328,1.141,0.609,11.410,-5.887,1.674,1.916,1.016,1.334,0,NULL,NULL,,3,0,2,7,255,1263,250,0,0
stim,146472,176593,0,176593,3373909.454,-0.686,-0.460,-0.282,-0.487,0,0,69,0,0,0,0,127,49,1.034,1,2201,0,297.467,11.466,-199.313,-217.875,35.938,-0.309,-0.125,1.371,-1.133,11.410,-5.887,1.720,1.966,1.016,1.334,0,NULL,NULL,,3,0,2,7,255,1263,250,0,0
stim,146509,176630,0,176630,3373914.456,-0.680,-0.471,-0.282,-0.486,0,0,63,0,0,0,0,125,49,1.034,1,2201,0,292.164,13.349,-240.438,-165.063,17.438,-0.469,0.137,1.309,-1.133,13.301,-6.422,1.766,2.012,1.016,1.334,0,NULL,NULL,,3,0,2,7,255,1263,250,0,0
stim,146509,176630,0,176630,3373919.454,-0.673,-0.482,-0.278,-0.487,0,0,60,0,0,0,0,135,49,1.034,1,2201,0,311.486,13.325,-293.313,-104.313,10.500,-0.414,0.277,0.719,0.805,13.301,-9.223,1.806,2.056,1.016,1.334,0,NULL,NULL,,3,0,2,7,255,1263,250,0,0
stim,146509,176630,0,176630,3373924.455,-0.666,-0.491,-0.273,-0.490,0,0,67,0,0,0,0,133,49,1.034,1,2201,0,296.064,8.294,-293.688,-35.688,-11.313,-0.238,0.555,-0.051,1.793,8.098,-11.715,1.836,2.086,1.016,1.334,0,NULL,NULL,,3,0,2,7,255,1263,250,0,0
stim,146509,176630,0,176630,3373929.454,-0.661,-0.497,-0.268,-0.494,0,0,54,0,0,0,0,117,49,1.034,1,2201,0,231.792,3.518,-229.563,27.000,-17.313,-0.156,0.559,-0.535,3.492,0.426,-14.117,1.856,2.108,1.016,1.334,0,NULL,NULL,,3,0,2,7,255,1263,250,0,0
stim,146509,176630,0,176630,3373934.455,-0.658,-0.499,-0.263,-0.498,0,0,37,0,0,0,0,109,49,1.034,1,2201,0,166.965,5.577,-144.625,81.563,-17.563,-0.082,0.477,-0.578,3.492,-4.348,-14.383,1.874,2.126,1.016,1.334,0,NULL,NULL,,3,0,2,7,255,1263,250,0,0
stim,146509,176630,0,176630,3373939.454,-0.657,-0.499,-0.258,-0.503,0,0,37,0,0,0,0,107,49,1.034,1,2201,0,152.325,5.217,-83.750,125.438,-21.313,-0.133,0.164,-0.410,2.883,-4.348,-14.383,1.888,2.144,1.016,1.334,0,NULL,NULL,,3,0,2,7,255,1263,250,0,0
stim,146509,176630,0,176630,3373944.455,-0.658,-0.497,-0.253,-0.507,0,0,39,0,0,0,0,105,49,1.034,1,2201,0,167.366,3.276,-53.438,158.438,-7.313,-0.105,-0.043,-0.336,0.137,-3.273,-12.992,1.904,2.162,1.016,1.334,0,NULL,NULL,,3,0,2,7,255,1263,250,0,0
stim,146509,176630,0,176630,3373949.454,-0.659,-0.493,-0.247,-0.511,0,0,31,0,0,0,0,102,49,1.034,1,2201,0,185.559,3.235,-31.688,182.375,12.938,-0.141,-0.086,-0.391,-1.477,-2.879,-12.047,1.920,2.178,1.016,1.334,0,NULL,NULL,,3,0,2,7,255,1263,250,0,0
stim,146509,176630,0,176630,3373954.455,-0.662,-0.489,-0.240,-0.515,0,0,28,0,0,0,0,91,49,1.034,1,2201,0,202.301,3.237,1.688,199.438,33.875,-0.160,0.020,-0.484,-1.480,-2.879,-12.047,1.934,2.196,1.016,1.334,0,NULL,NULL,,3,0,2,7,255,1263,250,0,0
stim,146509,176630,0,176630,3373959.454,-0.666,-0.483,-0.234,-0.517,0,0,27,0,0,0,0,83,49,1.034,1,2201,0,221.314,3.405,51.000,210.250,46.625,-0.230,0.148,-0.461,-1.480,-3.066,-13.063,1.946,2.210,1.016,1.334,0,NULL,NULL,,3,0,2,7,255,1263,250,0,0
stim,146536,176657,0,176657,3373964.455,-0.671,-0.476,-0.229,-0.520,0,0,24,0,0,0,0,72,49,1.034,1,2201,0,244.764,3.116,96.250,218.063,55.625,-0.297,0.215,-0.234,-0.555,-3.066,-14.020,1.960,2.226,1.016,1.334,0,NULL,NULL,,3,0,2,7,255,1263,250,0,0
stim,146536,176657,0,176657,3373969.454,-0.677,-0.468,-0.224,-0.522,0,0,23,0,0,0,0,61,49,1.034,1,2201,0,260.961,0.777,113.625,227.250,59.563,-0.285,0.320,-0.066,0.285,-0.723,-14.020,1.976,2.246,1.016,1.334,0,NULL,NULL,,3,0,2,7,255,1263,250,0,0
stim,146536,176657,0,176657,3373974.455,-0.684,-0.459,-0.219,-0.523,0,0,21,0,0,0,0,56,49,1.034,1,2201,0,275.724,1.689,129.875,233.375,68.500,-0.328,0.301,0.027,1.516,0.746,-13.609,1.994,2.266,1.016,1.334,0,NULL,NULL,,3,0,2,7,255,1263,250,0,0
stim,146536,176657,0,176657,3373979.454,-0.690,-0.450,-0.214,-0.525,0,0,19,0,0,0,0,55,49,1.034,1,2201,0,289.703,2.381,147.938,237.125,76.250,-0.414,0.301,0.188,1.516,1.836,-13.414,2.016,2.288,1.016,1.334,0,NULL,NULL,,3,0,2,7,255,1263,250,0,0
stim,146536,176657,0,176657,3373984.455,-0.697,-0.440,-0.209,-0.526,0,0,20,0,0,0,0,54,49,1.034,1,2201,0,294.477,4.009,154.000,241.875,67.063,-0.477,0.324,0.344,1.516,3.711,-13.227,2.040,2.316,1.016,1.334,0,NULL,NULL,,3,0,2,7,255,1263,250,0,0
stim,146554,176675,0,176675,3373989.454,-0.703,-0.431,-0.203,-0.528,0,0,23,0,0,0,0,47,49,1.034,1,2201,0,296.044,5.636,153.438,245.500,61.875,-0.488,0.273,0.453,1.512,5.430,-12.898,2.072,2.348,1.016,1.334,0,NULL,NULL,,3,0,2,7,255,1263,250,0,0
stim,146554,176675,0,176675,3373994.455,-0.709,-0.421,-0.198,-0.530,0,0,12,0,0,0,0,47,49,1.034,1,2201,0,298.038,6.612,153.375,248.625,59.063,-0.512,0.266,0.555,1.543,6.430,-12.102,2.106,2.386,1.016,1.334,0,NULL,NULL,,3,0,2,7,255,1263,250,0,0
stim,146554,176675,0,176675,3373999.454,-0.715,-0.410,-0.193,-0.532,0,0,24,0,0,0,0,46,49,1.034,1,2201,0,298.629,7.604,153.000,252.688,43.813,-0.531,0.262,0.676,1.543,7.445,-11.492,2.146,2.426,1.016,1.334,0,NULL,NULL,,3,0,2,7,255,1263,250,0,0
stim,146554,176675,0,176675,3374004.455,-0.721,-0.400,-0.188,-0.534,0,0,26,0,0,0,0,48,49,1.034,1,2201,0,297.111,8.685,147.063,256.500,29.250,-0.539,0.234,0.832,1.625,8.531,-10.750,2.186,2.470,1.016,1.334,0,NULL,NULL,,3,0,2,7,255,1263,250,0,0
stim,146554,176675,0,176675,3374009.454,-0.725,-0.390,-0.183,-0.538,0,0,25,0,0,0,0,47,49,1.034,1,2201,0,292.097,9.900,126.875,262.500,17.813,-0.535,0.230,0.969,1.625,9.766,-9.516,2.230,2.516,1.016,1.334,0,NULL,NULL,,3,0,2,7,255,1263,250,0,0
stim,146607,176728,0,176728,3374014.455,-0.729,-0.380,-0.177,-0.542,0,0,23,0,0,0,0,46,49,1.034,1,2201,0,289.138,10.929,101.125,270.875,1.000,-0.520,0.207,1.020,1.816,10.777,-8.414,2.276,2.564,1.016,1.334,0,NULL,NULL,,3,0,2,7,255,1263,250,0,0
stim,146607,176728,0,176728,3374019.454,-0.732,-0.371,-0.170,-0.546,0,0,27,0,0,0,0,52,49,1.034,1,2201,0,291.821,10.929,81.188,279.875,-15.438,-0.496,0.145,1.023,1.816,10.777,-7.633,2.320,2.610,1.016,1.334,0,NULL,NULL,,3,0,2,7,255,1263,250,0,0
stim,146607,176728,0,176728,3374024.455,-0.734,-0.361,-0.163,-0.552,0,0,16,0,0,0,0,53,49,1.034,1,2201,0,298.786,10.819,65.625,290.000,-29.438,-0.477,0.145,1.031,1.523,10.711,-6.930,2.364,2.656,1.016,1.334,0,NULL,NULL,,3,0,2,7,255,1263,250,0,0
stim,146607,176728,0,176728,3374029.454,-0.735,-0.352,-0.156,-0.558,0,0,23,0,0,0,0,61,49,1.034,1,2201,0,309.417,10.676,49.063,301.875,-46.938,-0.445,0.184,1.027,1.523,10.566,-6.492,2.406,2.698,1.016,1.334,0,NULL,NULL,,3,0,2,7,255,1263,250,0,0
stim,146607,176728,0,176728,3374034.455,-0.736,-0.343,-0.148,-0.565,0,0,27,0,0,0,0,76,49,1.034,1,2201,0,321.375,10.440,35.250,313.250,-62.563,-0.379,0.176,0.984,2.063,10.234,-6.211,2.442,2.738,1.016,1.334,0,NULL,NULL,,3,0,2,7,255,1263,250,0,0
stim,146607,176728,0,176728,3374039.454,-0.736,-0.334,-0.139,-0.572,0,0,23,0,0,0,0,99,49,1.034,1,2201,0,332.434,9.589,27.438,323.438,-71.750,-0.324,0.137,0.934,2.070,9.363,-5.813,2.478,2.776,1.016,1.334,0,NULL,NULL,,3,0,2,7,255,1263,250,0,0
stim,146607,176728,0,176728,3374044.455,-0.736,-0.324,-0.130,-0.579,0,0,23,0,0,0,0,103,49,1.034,1,2201,0,343.669,8.711,23.500,333.250,-80.625,-0.277,0.121,0.883,2.070,8.461,-5.480,2.510,2.810,1.016,1.334,0,NULL,NULL,,3,0,2,7,255,1263,250,0,0
stim,146607,176728,0,176728,3374049.454,-0.736,-0.314,-0.121,-0.587,0,0,25,0,0,0,0,109,49,1.034,1,2201,0,354.960,7.890,22.125,342.250,-91.500,-0.152,0.102,0.793,2.070,7.613,-5.313,2.542,2.844,1.016,1.334,0,NULL,NULL,,3,0,2,7,255,1263,250,0,0
stim,146607,176728,0,176728,3374054.455,-0.736,-0.304,-0.113,-0.595,0,0,18,0,0,0,0,115,49,1.034,1,2201,0,361.596,6.274,28.750,348.563,-91.813,-0.012,0.035,0.652,2.039,5.934,-5.043,2.572,2.876,1.016,1.334,0,NULL,NULL,,3,0,2,7,255,1263,250,0,0
stim,146607,176728,0,176728,3374059.454,-0.735,-0.293,-0.104,-0.602,0,0,20,0,0,0,0,121,49,1.034,1,2201,0,362.080,4.131,50.125,349.938,-78.313,0.023,0.043,0.555,1.645,3.789,-5.043,2.598,2.904,1.016,1.334,0,NULL,NULL,,3,0,2,7,255,1263,250,0,0
stim,146635,176756,0,176756,3374064.455,-0.736,-0.281,-0.096,-0.609,0,0,21,0,0,0,0,139,49,1.034,1,2201,0,365.077,3.272,79.313,349.188,-71.125,0.012,0.094,0.555,1.645,2.828,-5.500,2.622,2.930,1.016,1.334,0,NULL,NULL,,3,0,2,7,255,1263,250,0,0
stim,146635,176756,0,176756,3374069.454,-0.736,-0.268,-0.089,-0.615,0,0,18,0,0,0,0,137,49,1.034,1,2201,0,369.382,3.427,107.750,346.688,-68.125,0.043,0.059,0.633,1.953,2.816,-5.500,2.644,2.952,1.016,1.334,0,NULL,NULL,,3,0,2,7,255,1263,250,0,0
stim,146635,176756,0,176756,3374074.455,-0.737,-0.254,-0.082,-0.621,0,0,22,0,0,0,0,137,49,1.034,1,2201,0,371.484,3.430,130.438,342.813,-58.875,0.113,0.043,0.730,2.055,2.746,-4.633,2.664,2.974,1.016,1.334,0,NULL,NULL,,3,0,2,7,255,1263,250,0,0
stim,146635,176756,0,176756,3374079.454,-0.739,-0.240,-0.076,-0.626,0,0,20,0,0,0,0,139,49,1.034,1,2201,0,372.932,3.261,148.063,339.375,-44.500,0.145,0.090,0.793,2.152,2.449,-3.375,2.682,2.994,1.016,1.334,0,NULL,NULL,,3,0,2,7,255,1263,250,0,0
stim,146635,176756,0,176756,3374084.455,-0.740,-0.225,-0.070,-0.630,0,0,23,0,0,0,0,140,49,1.034,1,2201,0,376.971,3.688,166.938,336.625,-30.375,0.117,0.133,0.852,2.758,2.449,-2.754,2.700,3.014,1.016,1.334,0,NULL,NULL,,3,0,2,7,255,1263,250,0,0
stim,146635,176756,0,176756,3374089.454,-0.742,-0.210,-0.064,-0.633,0,0,21,0,0,0,0,136,49,1.034,1,2201,0,382.746,4.061,185.250,334.250,-21.313,0.051,0.137,0.949,3.141,2.574,-2.398,2.718,3.034,1.016,1.334,0,NULL,NULL,,3,0,2,7,255,1263,250,0,0
stim,146659,176780,0,176780,3374094.455,-0.744,-0.194,-0.060,-0.637,0,0,21,0,0,0,0,127,49,1.034,1,2201,0,388.666,4.568,200.938,332.250,-17.188,-0.035,0.113,1.117,3.141,3.316,-1.637,2.736,3.054,1.016,1.334,0,NULL,NULL,,3,0,2,7,255,1263,250,0,0
stim,146659,176780,0,176780,3374099.454,-0.746,-0.178,-0.055,-0.640,0,0,19,0,0,0,0,125,49,1.034,1,2201,0,390.384,5.407,207.500,330.188,-17.875,-0.098,0.156,1.324,3.145,4.398,-0.230,2.756,3.076,1.016,1.334,0,NULL,NULL,,3,0,2,7,255,1263,250,0,0
stim,146659,176780,0,176780,3374104.455,-0.747,-0.162,-0.050,-0.643,0,0,25,0,0,0,0,125,49,1.034,1,2201,0,386.024,6.445,202.375,328.125,-19.813,-0.141,0.195,1.512,3.508,5.406,1.535,2.778,3.098,1.016,1.334,0,NULL,NULL,,3,0,2,7,255,1263,250,0,0
stim,146659,176780,0,176780,3374109.454,-0.748,-0.147,-0.045,-0.646,0,0,21,0,0,0,0,123,49,1.034,1,2201,0,376.804,7.232,187.875,325.875,-22.125,-0.160,0.211,1.648,3.973,6.043,3.277,2.800,3.122,1.016,1.334,0,NULL,NULL,,3,0,2,7,255,1263,250,0,0
stim,146659,176780,0,176780,3374114.455,-0.749,-0.132,-0.039,-0.648,0,0,10,0,0,0,0,121,49,1.034,1,2201,0,365.478,7.281,169.000,323.063,-25.375,-0.180,0.188,1.723,3.973,6.102,4.691,2.824,3.146,1.016,1.334,0,NULL,NULL,,3,0,2,7,255,1263,250,0,0
stim,146703,176824,0,176824,3374119.454,-0.749,-0.118,-0.033,-0.651,0,0,21,0,0,0,0,127,49,1.034,1,2201,0,354.255,7.213,150.250,319.438,-29.688,-0.176,0.172,1.750,3.848,6.102,5.625,2.846,3.170,1.016,1.334,0,NULL,NULL,,3,0,2,7,255,1263,250,0,0
stim,146703,176824,0,176824,3374124.455,-0.749,-0.105,-0.027,-0.654,0,0,21,0,0,0,0,135,49,1.034,1,2201,0,345.250,6.721,132.125,316.938,-35.938,-0.141,0.152,1.734,3.625,5.660,6.133,2.868,3.194,1.016,1.334,0,NULL,NULL,,3,0,2,7,255,1263,250,0,0
stim,146703,176824,0,176824,3374129.454,-0.748,-0.092,-0.021,-0.657,0,0,20,0,0,0,0,145,49,1.034,1,2201,0,337.793,5.826,121.188,313.000,-38.063,-0.109,0.141,1.719,3.352,4.766,6.250,2.890,3.216,1.016,1.334,0,NULL,NULL,,3,0,2,7,255,1263,250,0,0
stim,146703,176824,0,176824,3374134.455,-0.747,-0.080,-0.014,-0.659,0,0,22,0,0,0,0,143,49,1.034,1,2201,0,329.732,5.076,108.375,308.938,-39.188,-0.102,0.121,1.668,3.160,3.973,6.250,2.908,3.238,1.016,1.334,0,NULL,NULL,,3,0,2,7,255,1263,250,0,0
stim,146703,176824,0,176824,3374139.454,-0.746,-0.067,-0.007,-0.662,0,0,23,0,0,0,0,149,49,1.034,1,2201,0,324.049,4.369,103.500,304.500,-39.688,-0.059,0.070,1.590,2.816,3.340,5.973,2.926,3.256,1.016,1.334,0,NULL,NULL,,3,0,2,7,255,1263,250,0,0
stim,146736,176857,0,176857,3374144.455,-0.745,-0.055,-0.001,-0.664,0,0,24,0,0,0,0,153,49,1.034,1,2201,0,320.984,3.219,107.438,300.313,-36.063,-0.039,0.070,1.527,2.207,2.344,5.441,2.940,3.272,1.016,1.334,0,NULL,NULL,,3,0,2,7,255,1263,250,0,0
stim,146736,176857,0,176857,3374149.454,-0.744,-0.042,0.005,-0.666,0,0,26,0,0,0,0,154,49,1.034,1,2201,0,319.236,2.678,117.375,295.063,-32.750,-0.059,0.078,1.547,2.098,1.664,5.160,2.954,3.286,1.016,1.334,0,NULL,NULL,,3,0,2,7,255,1263,250,0,0
stim,146736,176857,0,176857,3374154.455,-0.743,-0.029,0.011,-0.668,0,0,23,0,0,0,0,151,49,1.034,1,2201,0,316.753,2.512,125.375,289.063,-32.500,-0.063,0.043,1.594,2.043,1.461,5.160,2.964,3.300,1.016,1.334,0,NULL,NULL,,3,0,2,7,255,1263,250,0,0
stim,146736,176857,0,176857,3374159.454,-0.742,-0.017,0.016,-0.670,0,0,23,0,0,0,0,151,49,1.034,1,2201,0,314.467,1.967,132.500,283.500,-31.000,-0.035,0.035,1.625,1.633,1.098,5.707,2.974,3.310,1.016,1.334,0,NULL,NULL,,3,0,2,7,255,1263,250,0,0
stim,146736,176857,0,176857,3374164.455,-0.741,-0.004,0.021,-0.671,0,0,23,0,0,0,0,149,49,1.034,1,2201,0,314.299,1.684,143.188,278.500,-26.813,-0.012,0.070,1.672,1.633,0.414,6.059,2.982,3.320,1.016,1.334,0,NULL,NULL,,3,0,2,7,255,1263,250,0,0
stim,146736,176857,0,176857,3374169.454,-0.740,0.009,0.025,-0.672,0,0,26,0,0,0,0,148,49,1.034,1,2201,0,316.749,1.700,156.688,274.313,-23.063,0.004,0.098,1.758,1.688,-0.207,6.480,2.988,3.328,1.016,1.334,0,NULL,NULL,,3,0,2,7,255,1263,250,0,0
stim,146736,176857,0,176857,3374174.455,-0.738,0.023,0.029,-0.673,0,0,21,0,0,0,0,149,49,1.034,1,2201,0,320.567,1.848,168.438,271.875,-21.813,0.039,0.074,1.875,1.688,-0.754,7.332,2.992,3.332,1.016,1.334,0,NULL,NULL,,3,0,2,7,255,1263,250,0,0
stim,146736,176857,0,176857,3374179.454,-0.737,0.036,0.032,-0.674,0,0,25,0,0,0,0,151,49,1.034,1,2201,0,323.796,2.207,174.938,271.750,-19.813,0.113,0.051,1.977,1.477,-1.641,8.453,2.992,3.334,1.016,1.334,0,NULL,NULL,,3,0,2,7,255,1263,250,0,0
stim,146736,176857,0,176857,3374184.455,-0.736,0.050,0.035,-0.675,0,0,25,0,0,0,0,150,49,1.034,1,2201,0,328.182,3.150,179.313,274.438,-15.313,0.215,0.063,2.031,1.086,-2.957,9.355,2.988,3.332,1.016,1.334,0,NULL,NULL,,3,0,2,7,255,1263,250,0,0
stim,146736,176857,0,176857,3374189.454,-0.734,0.064,0.039,-0.675,0,0,25,0,0,0,0,147,49,1.034,1,2201,0,336.003,4.575,187.750,278.500,-9.250,0.328,0.074,2.078,1.031,-4.457,9.688,2.980,3.326,1.016,1.334,0,NULL,NULL,,3,0,2,7,255,1263,250,0,0
stim,146766,176887,0,176887,3374194.455,-0.733,0.079,0.042,-0.675,0,0,29,0,0,0,0,150,49,1.034,1,2201,0,346.168,6.170,199.500,282.875,-3.688,0.453,0.086,2.172,0.941,-6.098,9.910,2.966,3.314,1.016,1.334,0,NULL,NULL,,3,0,2,7,255,1263,250,0,0
stim,146766,176887,0,176887,3374199.454,-0.731,0.094,0.045,-0.674,0,0,27,0,0,0,0,155,49,1.034,1,2201,0,355.422,8.034,208.188,288.063,1.563,0.594,0.117,2.289,0.895,-7.984,10.449,2.948,3.296,1.016,1.334,0,NULL,NULL,,3,0,2,7,255,1263,250,0,0
stim,146766,176887,0,176887,3374204.455,-0.730,0.109,0.048,-0.673,0,0,26,0,0,0,0,158,49,1.034,1,2201,0,361.262,10.110,210.750,293.250,9.938,0.723,0.125,2.383,0.855,-10.074,11.117,2.922,3.272,1.016,1.334,0,NULL,NULL,,3,0,2,7,255,1263,250,0,0
stim,146766,176887,0,176887,3374209.454,-0.728,0.124,0.052,-0.672,0,0,27,0,0,0,0,157,49,1.034,1,2201,0,364.459,12.086,209.813,297.125,22.938,0.813,0.109,2.457,0.695,-12.066,11.469,2.886,3.236,1.016,1.334,0,NULL,NULL,,3,0,2,7,255,1263,250,0,0
stim,146812,176933,0,176933,3374214.455,-0.727,0.140,0.055,-0.670,0,0,27,0,0,0,0,159,49,1.034,1,2201,0,365.352,13.674,206.813,299.000,36.188,0.848,0.113,2.523,0.238,-13.672,11.621,2.844,3.196,1.016,1.334,0,NULL,NULL,,3,0,2,7,255,1263,250,0,0
stim,146812,176933,0,176933,3374219.454,-0.726,0.155,0.058,-0.667,0,0,25,0,0,0,0,158,49,1.034,1,2201,0,362.113,14.774,198.750,299.563,43.438,0.875,0.141,2.563,-0.078,-14.773,11.680,2.796,3.148,1.016,1.334,0,NULL,NULL,,3,0,2,7,255,1263,250,0,0
stim,146812,176933,0,176933,3374224.455,-0.725,0.170,0.062,-0.664,0,0,27,0,0,0,0,159,49,1.034,1,2201,0,354.396,15.688,188.125,295.938,51.250,0.883,0.156,2.574,-0.125,-15.688,11.680,2.742,3.094,1.016,1.334,0,NULL,NULL,,3,0,2,7,255,1263,250,0,0
stim,146812,176933,0,176933,3374229.454,-0.724,0.184,0.066,-0.661,0,0,27,0,0,0,0,165,49,1.034,1,2201,0,342.883,16.384,175.188,289.125,57.313,0.910,0.191,2.617,-0.203,-16.383,11.359,2.680,3.034,1.016,1.334,0,NULL,NULL,,3,0,2,7,255,1263,250,0,0
stim,146812,176933,0,176933,3374234.455,-0.724,0.197,0.070,-0.658,0,0,29,0,0,0,0,165,49,1.034,1,2201,0,323.795,17.291,151.375,280.125,58.813,0.965,0.195,2.602,-0.246,-17.289,11.273,2.616,2.970,1.016,1.334,0,NULL,NULL,,3,0,2,7,255,1263,250,0,0
stim,146812,176933,0,176933,3374239.454,-0.723,0.209,0.074,-0.654,0,0,29,0,0,0,0,167,49,1.034,1,2201,0,302.780,18.263,125.125,268.813,61.313,1.090,0.137,2.477,-0.246,-18.262,10.516,2.548,2.902,1.016,1.334,0,NULL,NULL,,3,0,2,7,255,1263,250,0,0
stim,146812,176933,0,176933,3374244.455,-0.723,0.220,0.079,-0.650,0,0,27,0,0,0,0,165,49,1.034,1,2201,0,285.228,19.412,107.125,255.250,68.750,1.211,-0.012,2.254,-0.602,-19.402,8.391,2.476,2.832,1.016,1.334,0,NULL,NULL,,3,0,2,7,255,1263,250,0,0
stim,146812,176933,0,176933,3374249.454,-0.723,0.230,0.083,-0.646,0,0,27,0,0,0,0,184,49,1.034,1,2201,0,271.941,20.125,100.688,240.250,78.063,1.281,-0.199,2.016,-1.629,-20.059,5.242,2.398,2.756,1.016,1.334,0,NULL,NULL,,3,0,2,7,255,1263,250,0,0
stim,146812,176933,0,176933,3374254.455,-0.724,0.240,0.086,-0.641,0,0,28,0,0,0,0,202,49,1.034,1,2201,0,260.814,20.278,103.750,224.063,84.000,1.336,-0.375,1.793,-2.977,-20.059,2.066,2.316,2.674,1.016,1.334,0,NULL,NULL,,3,0,2,7,255,1263,250,0,0
stim,146812,176933,0,176933,3374259.454,-0.724,0.250,0.089,-0.637,0,0,27,0,0,0,0,211,49,1.034,1,2201,0,252.876,20.447,115.375,207.313,87.500,1.398,-0.523,1.617,-4.234,-20.004,-0.855,2.226,2.586,1.016,1.334,0,NULL,NULL,,3,0,2,7,255,1263,250,0,0
stim,146831,176952,0,176952,3374264.455,-0.724,0.260,0.090,-0.633,0,0,24,0,0,0,0,229,49,1.034,1,2201,0,249.950,20.670,133.375,190.563,91.500,1.477,-0.613,1.516,-5.207,-20.004,-3.363,2.134,2.494,1.016,1.334,0,NULL,NULL,,3,0,2,7,255,1263,250,0,0
stim,146831,176952,0,176952,3374269.454,-0.724,0.270,0.091,-0.628,0,0,29,0,0,0,0,247,49,1.034,1,2201,0,249.909,21.191,150.813,174.625,96.000,1.555,-0.676,1.488,-5.754,-20.395,-5.164,2.036,2.398,1.016,1.334,0,NULL,NULL,,3,0,2,7,255,1263,250,0,0
stim,146831,176952,0,176952,3374274.455,-0.724,0.280,0.090,-0.624,0,0,27,0,0,0,0,265,49,1.034,1,2201,0,248.833,21.901,163.000,160.375,98.125,1.641,-0.711,1.500,-6.098,-21.035,-6.293,1.932,2.296,1.016,1.334,0,NULL,NULL,,3,0,2,7,255,1263,250,0,0
stim,146831,176952,0,176952,3374279.454,-0.724,0.289,0.090,-0.620,0,0,23,0,0,0,0,275,49,1.034,1,2201,0,244.594,22.805,169.000,148.125,96.563,1.746,-0.762,1.512,-6.270,-21.926,-7.133,1.824,2.188,1.016,1.334,0,NULL,NULL,,3,0,2,7,255,1263,250,0,0
stim,146831,176952,0,176952,3374284.455,-0.723,0.299,0.088,-0.616,0,0,27,0,0,0,0,284,49,1.034,1,2201,0,241.135,23.813,174.125,138.188,93.438,1.859,-0.738,1.445,-6.270,-22.973,-8.066,1.714,2.078,1.016,1.334,0,NULL,NULL,,3,0,2,7,255,1263,250,0,0
stim,146853,176974,0,176974,3374289.454,-0.722,0.309,0.086,-0.613,0,0,25,0,0,0,0,306,49,1.034,1,2201,0,240.919,24.418,188.813,125.375,81.688,1.949,-0.918,1.531,-6.508,-23.535,-9.484,1.600,1.964,1.016,1.334,0,NULL,NULL,,3,0,2,7,255,1263,250,0,0
stim,146853,176974,0,176974,3374294.455,-0.722,0.317,0.085,-0.609,0,0,17,0,0,0,0,329,49,1.034,1,2201,0,202.338,25.996,151.188,110.938,76.000,2.176,-1.293,1.672,-7.488,-24.895,-10.211,1.480,1.844,1.016,1.334,0,NULL,NULL,,3,0,2,7,255,1263,250,0,0
stim,146853,176974,0,176974,3374299.454,-0.722,0.323,0.083,-0.606,0,0,25,0,0,0,0,347,49,1.034,1,2201,0,171.798,28.733,123.875,93.438,73.750,2.258,-1.238,1.449,-9.363,-27.164,-11.816,1.356,1.718,1.016,1.334,0,NULL,NULL,,3,0,2,7,255,1263,250,0,0
stim,146853,176974,0,176974,3374304.455,-0.721,0.330,0.081,-0.604,0,0,25,0,0,0,0,351,49,1.034,1,2201,0,174.042,28.883,140.500,71.688,73.563,2.309,-1.367,1.238,-9.816,-27.164,-14.129,1.232,1.594,1.016,1.334,0,NULL,NULL,,3,0,2,7,255,1263,250,0,0
stim,146853,176974,0,176974,3374309.454,-0.720,0.337,0.077,-0.601,0,0,24,0,0,0,0,351,49,1.034,1,2201,0,179.462,28.520,161.125,43.563,65.938,2.172,-1.289,1.508,-9.816,-26.777,-14.129,1.108,1.468,1.016,1.334,0,NULL,NULL,,3,0,2,7,255,1263,250,0,0
stim,146906,177027,0,177027,3374314.455,-0.719,0.342,0.073,-0.601,0,0,25,0,0,0,0,355,49,1.034,1,2201,0,168.734,28.610,164.500,20.750,31.313,2.121,-1.199,1.738,-10.074,-26.777,-14.039,0.986,1.340,1.016,1.334,0,NULL,NULL,,3,0,2,7,255,1263,250,0,0
stim,146906,177027,0,177027,3374319.454,-0.718,0.347,0.068,-0.600,0,0,23,0,0,0,0,360,49,1.034,1,2201,0,161.700,29.357,155.688,-5.688,43.313,2.281,-0.973,1.988,-10.074,-27.574,-11.969,0.860,1.212,1.016,1.334,0,NULL,NULL,,3,0,2,7,255,1263,250,0,0
stim,146906,177027,0,177027,3374324.455,-0.717,0.350,0.063,-0.599,0,0,16,0,0,0,0,365,49,1.034,1,2201,0,129.732,29.488,115.125,-37.375,46.688,1.719,-0.328,2.527,-8.430,-28.258,-10.227,0.736,1.082,1.016,1.334,0,NULL,NULL,,3,0,2,7,255,1263,250,0,0
stim,146906,177027,0,177027,3374329.454,-0.717,0.350,0.061,-0.600,0,0,19,0,0,0,0,371,49,1.034,1,2201,0,67.257,29.274,32.625,-58.813,-0.500,1.504,-0.441,2.563,-7.645,-28.258,-0.902,0.612,0.952,1.016,1.334,0,NULL,NULL,,3,0,2,7,255,1263,250,0,0
stim,146906,177027,0,177027,3374334.455,-0.717,0.347,0.059,-0.602,0,0,17,0,0,0,0,379,49,1.034,1,2201,0,84.641,27.802,-30.625,-77.688,-13.813,1.699,-0.605,2.250,-7.645,-26.730,-0.902,0.494,0.822,1.016,1.334,0,NULL,NULL,,3,0,2,7,255,1263,250,0,0
stim,146906,177027,0,177027,3374339.454,-0.719,0.342,0.058,-0.602,0,0,9,0,0,0,0,474,49,1.034,1,2201,0,115.456,27.667,-66.438,-93.500,13.188,1.449,-0.406,2.121,-7.645,-26.590,-2.391,0.388,0.694,1.016,1.334,0,NULL,NULL,,3,0,2,7,255,1263,250,0,0
stim,146906,177027,0,177027,3374344.455,-0.722,0.342,0.048,-0.600,36,0,0,282,0,11,0,557,49,1.034,1,2201,0,247.587,24.912,105.500,-159.750,157.000,-0.141,-0.887,3.727,-7.715,-23.688,-2.391,0.302,0.566,1.016,1.334,0,NULL,NULL,,3,0,2,7,255,1263,250,0,0
stim,146906,177027,0,177027,3374349.454,-0.734,0.340,0.033,-0.587,538,0,0,869,0,133,0,584,49,1.034,1,2201,0,536.773,24.479,62.125,-202.563,493.188,-0.535,2.027,6.207,-6.176,-23.688,15.578,0.252,0.438,1.016,1.334,0,NULL,NULL,,3,0,2,7,255,1263,250,0,0
stim,146906,177027,0,177027,3374354.455,-0.753,0.316,0.042,-0.576,1044,0,0,1315,0,429,0,633,49,1.034,1,2201,0,773.577,19.860,-690.000,-100.063,335.125,-1.789,2.746,3.777,-3.578,-19.535,38.477,0.250,0.318,1.016,1.334,0,NULL,NULL,,3,0,2,7,255,1263,250,0,0
stim,146906,177027,0,177027,3374359.454,-0.767,0.283,0.061,-0.572,1505,0,0,1653,0,583,0,717,49,1.034,1,2201,0,920.112,8.325,-910.625,-90.688,95.625,-1.914,2.379,-0.180,8.313,-0.465,38.477,0.296,0.254,1.016,1.334,0,NULL,NULL,,3,0,2,7,255,1263,250,0,0
stim,146933,177054,0,177054,3374364.455,-0.774,0.262,0.073,-0.572,1847,0,0,1844,0,825,0,797,46,1.034,1,2202,0,590.847,23.187,-585.500,-75.688,-23.688,-1.688,1.285,-1.969,9.078,21.336,4.484,0.334,0.248,1.016,1.334,1,1309.000,46.000,,3,0,2,7,255,1263,250,0,0
stim,146933,177054,0,177054,3374369.454,-0.775,0.252,0.076,-0.575,2067,0,0,1941,0,1004,0,859,46,1.034,1,2202,0,255.631,23.187,-216.313,-97.750,-94.875,-0.602,0.332,-1.664,9.078,21.336,-15.879,0.356,0.270,1.016,1.334,1,NULL,NULL,,3,0,2,7,255,1263,250,0,0
stim,146933,177054,0,177054,3374374.455,-0.774,0.250,0.072,-0.578,2238,0,0,2067,0,1211,0,965,46,1.034,1,2202,0,124.740,13.797,35.313,-113.188,-38.750,0.250,-0.047,0.406,3.355,13.383,-15.879,0.368,0.302,1.016,1.334,1,NULL,NULL,,3,0,2,7,255,1263,250,0,0
stim,146933,177054,0,177054,3374379.454,-0.776,0.247,0.068,-0.576,2405,0,0,2197,0,1321,0,1055,46,1.034,1,2202,0,133.802,5.299,-13.875,-111.313,72.938,0.297,1.012,1.395,3.355,-4.102,-7.465,0.380,0.330,1.016,1.334,1,NULL,NULL,,3,0,2,7,255,1263,250,0,0
stim,146952,177073,0,177073,3374384.455,-0.781,0.240,0.066,-0.573,2605,0,0,2441,0,1417,0,1099,46,1.034,1,2202,0,207.311,9.039,-135.375,-114.375,107.563,-0.355,1.402,1.602,8.055,-4.102,3.789,0.396,0.352,1.016,1.334,2,NULL,NULL,,3,0,2,7,255,1263,250,0,0
stim,146952,177073,0,177073,3374389.454,-0.786,0.229,0.067,-0.571,2749,0,0,2619,0,1455,0,1146,46,1.034,1,2202,0,280.149,8.086,-236.563,-121.563,88.000,-1.457,0.020,1.039,8.055,-0.715,4.598,0.404,0.372,1.016,1.334,2,NULL,NULL,,3,0,2,7,255,1263,250,0,0
stim,146952,177073,0,177073,3374394.455,-0.791,0.216,0.068,-0.569,2835,0,0,2743,0,1469,0,1242,46,1.034,1,2202,0,335.598,10.031,-288.125,-156.688,71.125,-1.684,-1.176,0.242,-6.051,8.000,4.598,0.396,0.386,1.016,1.334,2,NULL,NULL,,3,0,2,7,255,1263,250,0,0
stim,146952,177073,0,177073,3374399.454,-0.792,0.206,0.067,-0.572,2908,0,0,2840,0,1477,0,1359,46,1.034,1,2202,0,239.519,15.905,-169.875,-158.000,-59.563,-1.266,-1.004,-0.125,-13.371,8.613,-4.563,0.368,0.396,1.016,1.334,2,NULL,NULL,,3,0,2,7,255,1263,250,0,0
stim,146974,177095,0,177095,3374404.455,-0.790,0.200,0.064,-0.576,2967,0,0,2919,0,1467,0,1448,46,1.034,1,2202,0,191.936,15.905,-45.875,-165.313,-86.063,-0.383,-0.508,0.625,-13.371,8.613,-4.563,0.330,0.402,1.016,1.334,2,NULL,NULL,,3,0,2,7,255,1263,250,0,0
stim,146974,177095,0,177095,3374409.455,-0.789,0.195,0.059,-0.579,2987,0,0,2973,0,1481,0,1499,46,1.034,1,2202,0,178.255,6.616,-18.250,-165.000,-64.938,0.133,-0.492,1.578,-6.602,-0.434,-4.008,0.304,0.398,1.016,1.334,2,NULL,NULL,,3,0,2,7,255,1263,250,0,0
stim,147004,177125,0,177125,3374414.455,-0.790,0.188,0.056,-0.581,3013,0,0,3017,0,1497,0,1520,46,1.034,1,2202,0,171.477,10.177,-79.000,-150.875,-20.000,0.453,-0.613,1.703,-6.023,-8.203,3.055,0.286,0.384,1.016,1.334,2,NULL,NULL,,3,0,2,7,255,1263,250,0,0
stim,147004,177125,0,177125,3374419.454,-0.792,0.180,0.054,-0.580,3041,0,0,3063,0,1531,0,1543,46,1.034,1,2202,0,201.899,13.044,-137.688,-144.625,29.813,0.520,-0.930,1.449,-6.023,-11.570,3.055,0.280,0.354,1.016,1.334,2,NULL,NULL,,3,0,2,7,255,1263,250,0,0
stim,147004,177125,0,177125,3374424.457,-0.796,0.171,0.053,-0.578,3046,0,0,3087,0,1619,0,1551,46,1.034,1,2202,0,227.584,14.272,-165.125,-132.063,84.188,0.352,-1.207,1.027,-8.355,-11.570,0.219,0.286,0.312,1.016,1.334,2,NULL,NULL,,3,0,2,7,255,1263,250,0,0
stim,147004,177125,0,177125,3374429.454,-0.801,0.163,0.051,-0.574,3067,0,0,3101,0,1723,0,1576,46,1.034,1,2202,0,224.980,13.764,-139.125,-127.250,122.750,-0.047,-0.969,0.664,-9.641,-9.824,-3.453,0.290,0.270,1.016,1.334,2,NULL,NULL,,3,0,2,7,255,1263,250,0,0
stim,147004,177125,0,177125,3374434.455,-0.805,0.158,0.048,-0.571,3067,0,0,3130,0,1831,0,1614,46,1.034,1,2202,0,189.691,10.642,-81.500,-125.688,116.375,-0.414,-0.344,0.723,-9.641,-4.508,-3.453,0.292,0.234,1.016,1.334,2,NULL,NULL,,3,0,2,7,255,1263,250,0,0
stim,147004,177125,0,177125,3374439.454,-0.807,0.153,0.045,-0.569,3091,0,0,3142,0,1927,0,1675,46,1.034,1,2202,0,149.852,5.167,-55.500,-124.688,61.875,-0.590,0.152,1.180,-5.148,0.438,-2.605,0.292,0.206,1.016,1.334,2,NULL,NULL,,3,0,2,7,255,1263,250,0,0
stim,147035,177156,0,177156,3374444.455,-0.808,0.147,0.042,-0.569,3091,0,0,3151,0,2021,0,1735,46,1.034,1,2202,0,139.626,1.585,-71.563,-119.375,11.125,-0.184,0.324,1.230,-1.523,0.438,2.695,0.294,0.190,1.016,1.334,2,NULL,NULL,,3,0,2,7,255,1263,250,0,0
stim,147035,177156,0,177156,3374449.454,-0.809,0.141,0.040,-0.569,3089,0,0,3155,0,2093,9,1769,46,1.034,1,2202,0,144.182,0.758,-86.000,-115.063,12.375,-0.027,0.105,1.188,0.031,-0.758,2.695,0.300,0.178,1.016,1.334,2,NULL,NULL,,3,0,2,7,255,1263,250,0,0
stim,147035,177156,0,177156,3374454.455,-0.810,0.135,0.039,-0.569,3091,0,0,3155,0,2171,44,1847,46,1.034,1,2202,0,154.283,1.973,-105.563,-111.625,14.125,-0.137,-0.129,1.102,0.031,-1.973,1.598,0.308,0.168,1.016,1.334,2,NULL,NULL,,3,0,2,7,255,1263,250,0,0
stim,147035,177156,0,177156,3374459.454,-0.811,0.129,0.037,-0.569,3095,0,0,3170,87,2247,87,1942,46,1.034,1,2202,0,145.288,3.233,-98.188,-106.750,8.500,-0.070,-0.246,0.832,-2.395,-2.172,0.723,0.318,0.158,1.016,1.334,2,NULL,NULL,,3,0,2,7,255,1263,250,0,0
stim,147035,177156,0,177156,3374464.455,-0.812,0.124,0.035,-0.569,3093,0,0,3163,315,2295,200,2043,46,1.034,1,2202,0,111.109,3.682,-55.938,-96.000,-0.313,-0.004,-0.242,1.238,-2.973,-2.172,0.723,0.328,0.150,1.016,1.334,2,NULL,NULL,,3,0,2,7,255,1263,250,0,0
stim,147035,177156,0,177156,3374469.454,-0.811,0.122,0.034,-0.571,3095,0,0,3177,559,2335,149,2121,46,1.034,1,2202,0,63.252,4.691,-25.313,-48.125,-32.313,0.398,-0.020,1.418,-2.973,-3.629,1.656,0.340,0.140,1.016,1.334,2,NULL,NULL,,3,0,2,7,255,1263,250,0,0
stim,147035,177156,0,177156,3374474.455,-0.811,0.120,0.033,-0.571,3097,0,0,3161,757,2375,170,2159,46,1.034,1,2202,0,49.199,5.836,-24.563,-42.500,-3.313,0.574,0.590,1.129,0.313,-5.828,1.656,0.352,0.130,1.016,1.334,2,NULL,NULL,,3,0,2,7,255,1263,250,0,0
stim,147035,177156,0,177156,3374479.454,-0.812,0.119,0.033,-0.571,3097,0,0,3164,919,2394,215,2217,46,1.034,1,2202,0,38.096,8.138,-17.625,-33.000,7.188,0.074,0.688,1.539,5.680,-5.828,2.918,0.368,0.118,1.016,1.334,2,NULL,NULL,,3,0,2,7,255,1263,250,0,0
stim,147035,177156,0,177156,3374484.455,-0.812,0.115,0.034,-0.572,3096,0,0,3173,1044,2405,227,2267,46,1.034,1,2202,0,96.614,5.980,-91.063,-20.188,-25.188,-0.332,0.145,1.441,5.680,-1.871,4.758,0.384,0.104,1.016,1.334,2,NULL,NULL,,3,0,2,7,255,1263,250,0,0
stim,147035,177156,0,177156,3374489.454,-0.811,0.111,0.036,-0.573,3097,0,0,3166,1135,2431,230,2311,46,1.034,1,2202,0,107.107,0.754,-97.938,-17.750,-39.563,-0.102,0.004,0.672,-0.531,-0.535,4.758,0.398,0.090,1.016,1.334,2,NULL,NULL,,3,0,2,7,255,1263,250,0,0
stim,147069,177190,0,177190,3374494.455,-0.810,0.109,0.037,-0.575,3101,19,0,3174,1233,2444,229,2345,46,1.034,1,2202,0,73.436,0.681,-42.438,-16.250,-57.688,-0.176,0.004,0.848,-0.648,-0.207,-1.375,0.412,0.078,1.016,1.334,2,NULL,NULL,,3,0,2,7,255,1263,250,0,0
stim,147069,177190,0,177190,3374499.454,-0.808,0.107,0.037,-0.578,3097,25,0,3177,1309,2452,233,2367,46,1.034,1,2202,0,77.234,0.841,-21.500,-13.188,-73.000,-0.012,0.168,1.113,-0.648,-0.535,-1.375,0.422,0.070,1.016,1.334,2,NULL,NULL,,3,0,2,7,255,1263,250,0,0
stim,147069,177190,0,177190,3374504.455,-0.807,0.106,0.038,-0.580,3100,53,0,3171,1381,2471,236,2403,46,1.034,1,2202,0,73.754,2.017,-40.563,-8.563,-61.000,0.109,0.195,1.188,1.063,-1.715,1.039,0.430,0.066,1.016,1.334,2,NULL,NULL,,3,0,2,7,255,1263,250,0,0
stim,147069,177190,0,177190,3374509.454,-0.807,0.103,0.040,-0.581,3103,60,0,3176,1485,2470,239,2431,46,1.034,1,2202,0,76.858,2.524,-67.938,-5.188,-35.563,0.020,0.012,1.059,1.063,-2.289,1.039,0.436,0.064,1.016,1.334,2,NULL,NULL,,3,0,2,7,255,1263,250,0,0
stim,147069,177190,0,177190,3374514.456,-0.806,0.100,0.041,-0.582,3103,83,0,3172,1556,2476,245,2447,46,1.034,1,2202,0,73.391,2.296,-66.875,-5.375,-29.750,-0.164,-0.016,0.871,-0.184,-2.289,0.324,0.444,0.058,1.016,1.334,2,NULL,NULL,,3,0,2,7,255,1263,250,0,0
stim,147069,177190,0,177190,3374519.454,-0.805,0.098,0.042,-0.583,3101,107,0,3175,1589,2493,261,2462,46,1.034,1,2202,0,62.208,0.376,-40.938,-6.125,-46.438,-0.180,0.102,0.875,-0.184,-0.328,-1.012,0.454,0.052,1.016,1.334,2,NULL,NULL,,3,0,2,7,255,1263,250,0,0
stim,147109,177230,0,177230,3374524.455,-0.804,0.097,0.043,-0.585,3101,121,0,3183,1635,2507,264,2483,46,1.034,1,2202,0,62.505,0.367,-25.438,-5.000,-56.875,-0.035,0.105,1.012,0.164,-0.328,-1.012,0.462,0.048,1.016,1.334,2,NULL,NULL,,3,0,2,7,255,1263,250,0,0
stim,147109,177230,0,177230,3374529.454,-0.803,0.096,0.044,-0.587,3103,150,3,3177,1675,2511,264,2489,46,1.034,1,2202,0,52.276,1.398,-31.500,-2.813,-41.625,0.059,0.027,1.078,0.203,-1.383,0.035,0.468,0.044,1.016,1.334,2,NULL,NULL,,3,0,2,7,255,1263,250,0,0
stim,147109,177230,0,177230,3374534.455,-0.803,0.094,0.044,-0.587,3097,174,18,3183,1727,2519,265,2504,46,1.034,1,2202,0,44.586,1.707,-38.938,-1.188,-21.688,-0.023,0.039,1.027,0.203,-1.695,0.125,0.474,0.042,1.016,1.334,2,NULL,NULL,,3,0,2,7,255,1263,250,0,0
stim,147109,177230,0,177230,3374539.454,-0.802,0.093,0.045,-0.588,3109,200,45,3189,1756,2524,261,2505,46,1.034,1,2202,0,40.250,1.707,-35.875,-0.125,-18.250,-0.137,0.098,0.980,0.203,-1.695,0.125,0.480,0.038,1.016,1.334,2,NULL,NULL,,3,0,2,7,255,1263,250,0,0
stim,147109,177230,0,177230,3374544.455,-0.802,0.092,0.046,-0.589,3113,228,102,3191,1788,2539,260,2511,46,1.034,1,2202,0,39.565,0.393,-29.313,0.750,-26.563,-0.164,0.074,0.996,0.105,-0.379,0.094,0.488,0.036,1.016,1.334,2,NULL,NULL,,3,0,2,7,255,1263,250,0,0
stim,147109,177230,0,177230,3374549.454,-0.801,0.091,0.047,-0.590,3101,243,125,3195,1827,2535,259,2511,46,1.034,1,2202,0,40.765,0.388,-25.375,1.375,-31.875,-0.102,-0.008,1.016,0.082,-0.379,0.094,0.494,0.030,1.016,1.334,2,NULL,NULL,,3,0,2,7,255,1263,250,0,0
stim,147109,177230,0,177230,3374554.455,-0.800,0.090,0.048,-0.591,3109,248,179,3193,1850,2535,267,2520,46,1.034,1,2202,0,35.204,1.160,-23.438,2.063,-26.188,-0.059,-0.066,0.996,-0.457,-1.066,0.094,0.502,0.026,1.016,1.334,2,NULL,NULL,,3,0,2,7,255,1263,250,0,0
stim,147109,177230,0,177230,3374559.454,-0.800,0.089,0.048,-0.591,3100,249,243,3183,1874,2533,265,2521,46,1.034,1,2202,0,26.203,1.528,-22.063,1.438,-14.063,-0.098,-0.094,0.973,-0.891,-1.242,-0.148,0.508,0.020,1.016,1.334,2,NULL,NULL,,3,0,2,7,255,1263,250,0,0
stim,147140,177261,0,177261,3374564.455,-0.800,0.088,0.049,-0.592,3112,248,283,3187,1894,2540,264,2521,46,1.034,1,2202,0,22.462,1.676,-20.063,0.875,-10.063,-0.180,-0.059,0.969,-1.125,-1.242,-0.207,0.512,0.012,1.016,1.334,2,NULL,NULL,,3,0,2,7,255,1263,250,0,0
stim,147140,177261,0,177261,3374569.454,-0.800,0.087,0.050,-0.592,3109,253,303,3195,1909,2547,250,2523,46,1.034,1,2202,0,22.170,1.187,-16.875,0.313,-14.375,-0.184,-0.035,0.977,-1.125,-0.379,-0.207,0.518,0.006,1.016,1.334,2,NULL,NULL,,3,0,2,7,255,1263,250,0,0
stim,147140,177261,0,177261,3374574.456,-0.799,0.086,0.050,-0.593,3097,269,339,3183,1939,2543,245,2531,46,1.051,1,2202,1,21.994,0.957,-13.875,-0.313,-17.063,-0.152,-0.039,0.984,-0.879,-0.379,-0.105,0.000,0.000,1.013,1.355,2,NULL,NULL,,3,0,2,7,255,1263,250,0,0
stim,147140,177261,0,177261,3374579.454,-0.799,0.086,0.050,-0.593,3089,269,403,3179,1963,2549,245,2527,46,1.051,1,2202,1,18.088,1.054,-14.188,-1.875,-11.063,-0.133,-0.082,0.984,-0.879,-0.582,-0.105,0.006,0.006,1.013,1.355,2,NULL,NULL,,3,0,2,7,255,1263,250,0,0
stim,147140,177262,0,177262,3374584.455,-0.799,0.085,0.051,-0.593,3081,267,428,3179,1978,2541,253,2539,46,1.051,1,2202,1,13.772,1.246,-12.438,-3.688,-4.625,-0.180,-0.063,0.957,-1.102,-0.582,-0.145,0.014,0.012,1.013,1.355,2,NULL,NULL,,3,0,2,7,255,1263,250,0,0
stim,147140,177262,0,177262,3374589.455,-0.799,0.085,0.051,-0.594,3083,263,475,3173,1995,2527,260,2533,46,1.051,1,2202,1,11.836,1.155,-7.625,-5.250,-7.375,-0.223,0.008,0.965,-1.102,-0.348,-0.145,0.020,0.018,1.013,1.355,2,NULL,NULL,,3,0,2,7,255,1263,250,0,0
stim,147168,177289,0,177289,3374594.455,-0.798,0.084,0.051,-0.594,3067,261,523,3162,2011,2527,281,2539,46,1.051,1,2202,1,17.294,0.544,-4.063,-5.875,-15.750,-0.195,0.051,0.996,-0.539,0.070,-0.137,0.026,0.024,1.013,1.355,2,NULL,NULL,,3,0,2,7,255,1263,250,0,0
stim,147168,177289,0,177289,3374599.454,-0.798,0.084,0.051,-0.595,3067,266,611,3161,2034,2526,296,2551,46,1.051,1,2202,1,18.527,0.089,-4.375,-6.438,-16.813,-0.156,0.043,1.016,-0.055,0.070,0.148,0.032,0.028,1.013,1.355,2,NULL,NULL,,3,0,2,7,255,1263,250,0,0
stim,147168,177289,0,177289,3374604.455,-0.798,0.083,0.051,-0.595,3059,263,660,3157,2055,2537,313,2551,46,1.051,1,2202,1,17.893,0.197,-6.500,-6.875,-15.188,-0.168,0.059,1.016,-0.023,-0.195,0.254,0.034,0.030,1.013,1.355,2,NULL,NULL,,3,0,2,7,255,1263,250,0,0
stim,147168,177289,0,177289,3374609.454,-0.797,0.083,0.050,-0.596,3039,263,695,3141,2077,2533,315,2553,46,1.051,1,2202,1,20.575,0.222,-6.750,-6.688,-18.250,-0.188,0.098,1.012,0.105,-0.195,0.281,0.038,0.032,1.013,1.355,2,NULL,NULL,,3,0,2,7,255,1263,250,0,0
stim,147207,177328,0,177328,3374614.455,-0.797,0.083,0.050,-0.597,3031,261,730,3125,2095,2523,319,2565,46,1.051,1,2202,1,26.402,0.416,-6.500,-6.500,-24.750,-0.172,0.098,1.023,0.414,-0.039,0.293,0.040,0.034,1.013,1.355,2,NULL,NULL,,3,0,2,7,255,1263,250,0,0
stim,147207,177328,0,177328,3374619.455,-0.796,0.082,0.050,-0.598,3017,259,744,3117,2124,2525,329,2579,46,1.051,1,2202,1,29.989,0.416,-7.938,-6.188,-28.250,-0.133,0.070,1.031,0.414,-0.039,0.371,0.042,0.034,1.013,1.355,2,NULL,NULL,,3,0,2,7,255,1263,250,0,0
stim,147207,177328,0,177328,3374624.455,-0.795,0.081,0.050,-0.599,3013,265,748,3115,2134,2525,337,2569,46,1.051,1,2202,1,29.650,0.594,-10.375,-5.375,-27.250,-0.105,0.035,1.012,0.320,-0.500,0.371,0.042,0.036,1.013,1.355,2,NULL,NULL,,3,0,2,7,255,1263,250,0,0
stim,147207,177328,0,177328,3374629.454,-0.795,0.081,0.051,-0.599,2995,265,800,3109,2154,2516,334,2580,46,1.051,1,2202,1,27.433,0.784,-10.188,-4.875,-25.000,-0.105,0.016,0.984,0.070,-0.781,0.133,0.044,0.034,1.013,1.355,2,NULL,NULL,,3,0,2,7,255,1263,250,0,0
stim,147207,177328,0,177328,3374634.455,-0.794,0.080,0.051,-0.600,2989,261,829,3099,2173,2517,347,2572,46,1.051,1,2202,1,25.178,0.782,-7.688,-4.750,-23.500,-0.121,0.023,0.973,-0.043,-0.781,-0.137,0.044,0.034,1.013,1.355,2,NULL,NULL,,3,0,2,7,255,1263,250,0,0
stim,147207,177328,0,177328,3374639.454,-0.794,0.080,0.051,-0.601,2973,261,887,3069,2199,2507,360,2579,46,1.051,1,2202,1,24.109,0.607,-4.938,-5.000,-23.063,-0.125,0.047,0.977,-0.043,-0.605,-0.172,0.042,0.032,1.013,1.355,2,NULL,NULL,,3,0,2,7,255,1263,250,0,0
stim,147207,177328,0,177328,3374644.455,-0.793,0.079,0.050,-0.602,2956,263,913,3067,2203,2496,391,2587,46,1.051,1,2202,1,22.859,0.504,-2.750,-5.313,-22.063,-0.129,0.078,0.988,0.141,-0.484,-0.172,0.042,0.030,1.013,1.355,2,NULL,NULL,,3,0,2,7,255,1263,250,0,0
stim,147207,177328,0,177328,3374649.454,-0.793,0.079,0.050,-0.603,2940,263,966,3047,2217,2501,405,2589,46,1.051,1,2202,1,21.134,0.606,-2.063,-5.688,-20.250,-0.129,0.113,1.004,0.457,-0.398,-0.039,0.040,0.028,1.013,1.355,2,NULL,NULL,,3,0,2,7,255,1263,250,0,0
stim,147207,177328,0,177328,3374654.455,-0.792,0.079,0.050,-0.603,2919,265,1005,3037,2240,2505,408,2587,46,1.051,1,2202,1,20.276,0.852,-3.313,-6.063,-19.063,-0.145,0.133,1.016,0.793,-0.313,0.145,0.038,0.024,1.013,1.355,2,NULL,NULL,,3,0,2,7,255,1263,250,0,0
stim,147207,177328,0,177328,3374659.454,-0.792,0.079,0.050,-0.604,2906,267,1070,3023,2259,2491,413,2591,46,1.051,1,2202,1,21.147,0.942,-5.438,-6.500,-19.375,-0.156,0.137,1.020,0.934,-0.125,0.273,0.038,0.022,1.013,1.355,2,NULL,NULL,,3,0,2,7,255,1263,250,0,0
stim,147232,177354,0,177354,3374664.455,-0.791,0.078,0.050,-0.605,2892,267,1132,3013,2289,2490,425,2600,46,1.051,1,2202,1,23.657,0.942,-7.688,-6.188,-21.500,-0.148,0.109,1.012,0.934,-0.125,0.273,0.038,0.018,1.013,1.355,2,NULL,NULL,,3,0,2,7,255,1263,250,0,0
stim,147232,177354,0,177354,3374669.454,-0.791,0.078,0.050,-0.605,2869,262,1181,2999,2307,2491,471,2605,46,1.051,1,2202,1,24.935,0.726,-9.125,-6.375,-22.313,-0.133,0.063,0.996,0.707,-0.164,0.219,0.038,0.016,1.013,1.355,2,NULL,NULL,,3,0,2,7,255,1263,250,0,0
stim,147232,177354,0,177354,3374674.455,-0.790,0.077,0.050,-0.606,2855,275,1241,2984,2330,2485,509,2616,46,1.051,1,2202,1,24.659,0.503,-9.000,-6.563,-22.000,-0.125,0.031,0.977,0.313,-0.395,0.027,0.038,0.014,1.013,1.355,2,NULL,NULL,,3,0,2,7,255,1263,250,0,0
stim,147232,177354,0,177354,3374679.454,-0.790,0.076,0.050,-0.607,2845,273,1275,2983,2357,2487,565,2619,46,1.051,1,2202,1,23.969,0.499,-8.750,-6.813,-21.250,-0.121,0.008,0.965,0.055,-0.496,-0.168,0.040,0.012,1.013,1.355,2,NULL,NULL,,3,0,2,7,255,1263,250,0,0
stim,147251,177372,0,177372,3374684.455,-0.789,0.076,0.050,-0.608,2809,276,1309,2965,2377,2495,603,2623,46,1.051,1,2202,1,23.245,0.591,-8.875,-6.813,-20.375,-0.121,-0.027,0.957,-0.180,-0.563,-0.281,0.042,0.012,1.013,1.355,2,NULL,NULL,,3,0,2,7,255,1263,250,0,0
stim,147251,177372,0,177372,3374689.454,-0.789,0.075,0.050,-0.608,2807,279,1397,2963,2390,2485,664,2631,46,1.051,1,2202,1,22.609,0.792,-8.875,-6.875,-19.625,-0.121,-0.043,0.949,-0.492,-0.621,-0.363,0.044,0.010,1.013,1.355,2,NULL,NULL,,3,0,2,7,255,1263,250,0,0
stim,147251,177372,0,177372,3374694.455,-0.788,0.075,0.050,-0.609,2795,275,1456,2953,2410,2486,729,2636,46,1.051,1,2202,1,21.084,0.876,-7.938,-7.125,-18.188,-0.113,-0.043,0.938,-0.613,-0.625,-0.457,0.044,0.010,1.013,1.355,2,NULL,NULL,,3,0,2,7,255,1263,250,0,0
stim,147251,177372,0,177372,3374699.454,-0.788,0.074,0.050,-0.609,2772,281,1507,2933,2420,2490,789,2645,46,1.051,1,2202,1,17.309,0.915,-6.063,-7.375,-14.438,-0.109,-0.047,0.941,-0.613,-0.680,-0.555,0.046,0.010,1.013,1.355,2,NULL,NULL,,3,0,2,7,255,1263,250,0,0
stim,147273,177394,0,177394,3374704.455,-0.788,0.073,0.050,-0.610,2769,302,1572,2926,2443,2491,857,2653,46,1.051,1,2202,1,14.857,0.915,-5.375,-7.813,-11.438,-0.133,-0.043,0.957,-0.613,-0.680,-0.555,0.048,0.012,1.013,1.355,2,NULL,NULL,,3,0,2,7,255,1263,250,0,0
stim,147273,177394,0,177394,3374709.455,-0.787,0.073,0.050,-0.610,2747,299,1606,2917,2457,2491,901,2661,46,1.051,1,2202,1,14.714,0.809,-5.875,-8.313,-10.625,-0.145,-0.023,0.961,-0.613,-0.527,-0.375,0.048,0.012,1.013,1.355,2,NULL,NULL,,3,0,2,7,255,1263,250,0,0
stim,147305,177426,0,177426,3374714.455,-0.787,0.072,0.050,-0.611,2735,312,1641,2907,2477,2513,955,2667,46,1.051,1,2202,1,15.152,0.594,-5.563,-9.188,-10.688,-0.152,0.012,0.965,-0.473,-0.359,-0.285,0.050,0.014,1.013,1.355,2,NULL,NULL,,3,0,2,7,255,1263,250,0,0
stim,147305,177426,0,177426,3374719.454,-0.787,0.072,0.049,-0.611,2726,319,1739,2905,2506,2507,1020,2677,46,1.051,1,2202,1,16.392,0.235,-5.500,-9.563,-12.125,-0.148,0.035,0.980,-0.156,-0.176,-0.234,0.050,0.016,1.013,1.355,2,NULL,NULL,,3,0,2,7,255,1263,250,0,0
stim,147305,177426,0,177426,3374724.457,-0.787,0.071,0.049,-0.611,2703,331,1785,2898,2525,2513,1076,2685,46,1.051,1,2202,1,17.187,0.191,-7.063,-10.000,-12.063,-0.133,0.035,0.992,0.074,-0.176,-0.070,0.052,0.016,1.013,1.355,2,NULL,NULL,,3,0,2,7,255,1263,250,0,0
stim,147305,177426,0,177426,3374729.454,-0.786,0.071,0.049,-0.612,2694,341,1821,2892,2533,2513,1136,2698,46,1.051,1,2202,1,16.658,0.359,-8.500,-10.438,-9.813,-0.121,0.020,0.984,0.074,-0.352,-0.070,0.054,0.016,1.013,1.355,2,NULL,NULL,,3,0,2,7,255,1263,250,0,0
stim,147305,177426,0,177426,3374734.455,-0.786,0.070,0.049,-0.612,2683,358,1877,2875,2557,2509,1238,2708,46,1.051,1,2202,1,15.887,0.434,-8.313,-11.188,-7.625,-0.125,0.012,0.977,0.000,-0.434,-0.117,0.058,0.018,1.013,1.355,2,NULL,NULL,,3,0,2,7,255,1263,250,0,0
stim,147305,177426,1,177426,3374739.454,-0.786,0.070,0.049,-0.612,2668,377,1913,2875,2583,2511,1306,2719,46,1.051,1,2202,1,14.716,0.434,-5.938,-11.688,-6.688,-0.129,0.023,0.980,0.000,-0.434,-0.137,0.060,0.020,1.013,1.355,2,NULL,NULL,,3,1,2,7,255,1263,250,0,0
stim,147332,177453,1,177453,3374744.455,-0.786,0.069,0.048,-0.613,2653,409,1967,2861,2587,2523,1370,2727,46,1.051,1,2202,1,14.533,0.365,-4.438,-11.938,-7.000,-0.129,0.035,0.992,0.035,-0.363,-0.137,0.062,0.020,1.013,1.355,2,NULL,NULL,,3,1,2,7,255,1263,250,0,0
stim,147332,177453,1,177453,3374749.454,-0.786,0.069,0.048,-0.613,2623,429,2005,2847,2601,2516,1445,2731,46,1.051,1,2202,1,15.109,0.377,-4.750,-12.188,-7.563,-0.125,0.027,1.000,0.102,-0.363,-0.020,0.064,0.020,1.013,1.355,2,NULL,NULL,,3,1,2,7,255,1263,250,0,0
stim,147332,177453,1,177453,3374754.455,-0.786,0.068,0.048,-0.613,2607,441,2079,2841,2613,2520,1517,2757,46,1.051,1,2202,1,15.335,0.400,-5.625,-12.250,-7.313,-0.121,0.012,0.992,0.102,-0.387,-0.012,0.066,0.022,1.013,1.355,2,NULL,NULL,,3,1,2,7,255,1263,250,0,0
stim,147332,177453,1,177453,3374759.454,-0.786,0.067,0.047,-0.613,2584,469,2126,2835,2633,2531,1589,2759,46,1.051,1,2202,1,14.781,0.452,-4.625,-12.750,-5.875,-0.117,0.008,0.984,-0.051,-0.449,-0.012,0.068,0.022,1.013,1.355,2,NULL,NULL,,3,1,2,7,255,1263,250,0,0
stim,147332,177453,1,177453,3374764.455,-0.785,0.067,0.047,-0.613,2551,496,2169,2825,2649,2535,1647,2773,46,1.051,1,2202,1,14.333,0.452,-2.250,-13.313,-4.813,-0.129,0.027,0.988,-0.051,-0.449,-0.043,0.070,0.022,1.013,1.355,2,NULL,NULL,,3,1,2,7,255,1263,250,0,0
stim,147332,177453,1,177453,3374769.454,-0.785,0.067,0.047,-0.614,2525,505,2215,2809,2667,2541,1703,2779,46,1.051,1,2202,1,14.845,0.320,-1.625,-13.563,-5.813,-0.133,0.043,1.008,0.098,-0.305,-0.043,0.072,0.022,1.013,1.355,2,NULL,NULL,,3,1,2,7,255,1263,250,0,0
stim,147332,177453,1,177453,3374774.455,-0.785,0.066,0.046,-0.614,2495,519,2265,2799,2684,2547,1771,2790,46,1.051,1,2202,1,15.747,0.320,-3.250,-13.563,-7.313,-0.125,0.020,1.008,0.098,-0.305,0.141,0.074,0.022,1.013,1.355,2,NULL,NULL,,3,1,2,7,255,1263,250,0,0
stim,147332,177453,1,177453,3374779.454,-0.785,0.065,0.046,-0.614,2474,535,2303,2791,2700,2549,1851,2799,46,1.051,1,2202,1,16.252,0.348,-4.563,-14.063,-6.750,-0.125,-0.016,0.996,0.004,-0.348,0.141,0.076,0.022,1.013,1.355,2,NULL,NULL,,3,1,2,7,255,1263,250,0,0
stim,147357,177478,1,177478,3374784.455,-0.785,0.065,0.045,-0.614,2441,552,2345,2775,2712,2553,1903,2806,46,1.051,1,2202,1,16.144,0.538,-4.000,-14.688,-5.375,-0.121,-0.031,0.984,-0.328,-0.426,0.004,0.078,0.024,1.013,1.355,2,NULL,NULL,,3,1,2,7,255,1263,250,0,0
stim,147357,177478,1,177478,3374789.454,-0.785,0.064,0.045,-0.615,2411,565,2375,2760,2716,2557,1963,2815,46,1.051,1,2202,1,15.877,0.625,-2.875,-15.188,-3.625,-0.129,-0.031,0.984,-0.457,-0.426,-0.109,0.080,0.024,1.013,1.355,2,NULL,NULL,,3,1,2,7,255,1263,250,0,0
stim,147357,177478,1,177478,3374794.455,-0.785,0.064,0.044,-0.615,2379,568,2413,2739,2735,2567,2003,2827,46,1.051,1,2202,1,16.329,0.579,-1.438,-15.438,-5.125,-0.141,-0.012,0.996,-0.457,-0.355,-0.109,0.082,0.026,1.013,1.355,2,NULL,NULL,,3,1,2,7,255,1263,250,0,0
stim,147357,177478,1,177478,3374799.454,-0.785,0.063,0.044,-0.615,2328,569,2451,2707,2757,2559,2056,2843,46,1.051,1,2202,1,17.445,0.381,-2.063,-16.250,-6.000,-0.137,0.008,1.016,-0.320,-0.207,0.059,0.084,0.026,1.013,1.355,2,NULL,NULL,,3,1,2,7,255,1263,250,0,0
stim,147357,177478,1,177478,3374804.455,-0.785,0.062,0.044,-0.615,2280,574,2483,2684,2761,2571,2101,2851,46,1.051,1,2202,1,18.843,0.282,-6.500,-16.188,-7.125,-0.141,0.000,1.023,-0.191,-0.207,0.246,0.084,0.028,1.013,1.355,2,NULL,NULL,,3,1,2,7,255,1263,250,0,0
stim,147357,177478,1,177478,3374809.454,-0.784,0.062,0.043,-0.616,2221,583,2517,2659,2777,2572,2143,2859,46,1.051,1,2202,1,20.719,0.279,-8.313,-17.000,-8.438,-0.145,-0.004,1.027,-0.191,-0.203,0.301,0.086,0.030,1.013,1.355,2,NULL,NULL,,3,1,2,7,255,1263,250,0,0
stim,147383,177504,1,177504,3374814.455,-0.784,0.061,0.043,-0.616,2156,574,2542,2629,2791,2572,2185,2867,46,1.051,1,2202,1,24.184,0.277,-13.500,-17.250,-10.250,-0.145,-0.016,1.027,-0.227,-0.160,0.359,0.090,0.032,1.013,1.355,2,NULL,NULL,,3,1,2,7,255,1263,250,0,0
stim,147383,177504,1,177504,3374819.454,-0.784,0.060,0.043,-0.616,2103,575,2569,2587,2803,2575,2221,2875,46,1.051,1,2202,1,26.569,0.277,-15.250,-17.938,-12.313,-0.133,0.004,1.016,-0.227,-0.160,0.359,0.092,0.032,1.013,1.355,2,NULL,NULL,,3,1,2,7,255,1263,250,0,0
stim,147420,177541,1,177541,3374824.455,-0.784,0.059,0.043,-0.617,2023,573,2596,2541,2821,2572,2263,2885,46,1.051,1,2202,1,26.536,0.222,-12.625,-18.438,-14.313,-0.117,0.031,1.000,-0.105,-0.195,0.230,0.094,0.034,1.013,1.355,2,NULL,NULL,,3,1,2,7,255,1263,250,0,0
stim,147420,177541,1,177541,3374829.454,-0.784,0.058,0.042,-0.617,1947,567,2620,2503,2835,2573,2313,2893,46,1.051,1,2202,1,25.351,0.292,-12.313,-18.750,-11.813,-0.094,0.059,1.008,0.168,-0.238,0.117,0.096,0.034,1.013,1.355,2,NULL,NULL,,3,1,2,7,255,1263,250,0,0
stim,147420,177541,1,177541,3374834.455,-0.783,0.057,0.042,-0.618,1875,553,2650,2441,2843,2569,2350,2897,46,1.051,1,2202,1,24.367,0.438,-8.938,-20.375,-9.938,-0.129,0.051,1.027,0.367,-0.238,0.117,0.100,0.034,1.013,1.355,2,NULL,NULL,,3,1,2,7,255,1263,250,0,0
stim,147420,177541,1,177541,3374839.454,-0.783,0.056,0.041,-0.618,1771,529,2675,2364,2855,2569,2381,2905,46,1.051,1,2202,1,25.875,0.378,-10.063,-20.375,-12.375,-0.152,0.023,1.047,0.367,-0.090,0.348,0.100,0.034,1.013,1.355,2,NULL,NULL,,3,1,2,7,255,1263,250,0,0
stim,147420,177541,1,177541,3374844.455,-0.783,0.055,0.041,-0.619,1635,501,2699,2293,2867,2568,2413,2911,46,1.051,1,2202,1,29.626,0.223,-13.875,-21.875,-14.375,-0.133,0.035,1.070,0.207,-0.082,0.547,0.102,0.034,1.013,1.355,2,NULL,NULL,,3,1,2,7,255,1263,250,0,0
stim,147420,177541,1,177541,3374849.454,-0.782,0.054,0.041,-0.619,1487,469,2729,2217,2876,2565,2451,2921,46,1.051,1,2202,1,33.687,0.223,-18.500,-21.750,-17.875,-0.125,0.063,1.070,0.207,-0.082,0.730,0.104,0.034,1.013,1.355,2,NULL,NULL,,3,1,2,7,255,1263,250,0,0
stim,147420,177541,1,177541,3374854.455,-0.782,0.052,0.040,-0.620,1311,431,2749,2124,2892,2555,2485,2925,46,1.051,1,2202,1,36.558,0.509,-21.313,-21.375,-20.625,-0.102,0.074,1.063,0.500,-0.098,0.730,0.106,0.034,1.013,1.355,2,NULL,NULL,,3,1,2,7,255,1263,250,0,0
stim,147420,177541,1,177541,3374859.454,-0.782,0.051,0.040,-0.620,1188,366,2779,1979,2903,2552,2521,2930,46,1.051,1,2202,1,38.814,0.654,-25.813,-22.000,-18.875,-0.117,0.070,1.082,0.645,-0.109,0.730,0.106,0.034,1.013,1.355,2,NULL,NULL,,3,1,2,7,255,1263,250,0,0
stim,147420,177541,1,177541,3374864.455,-0.781,0.049,0.040,-0.621,1033,349,2805,1847,2915,2547,2559,2936,46,1.051,1,2202,1,45.836,0.654,-33.688,-22.625,-21.313,-0.148,0.047,1.078,0.645,-0.109,0.840,0.106,0.034,1.013,1.355,2,NULL,NULL,,3,1,2,7,255,1263,250,0,0
stim,147420,177541,1,177541,3374869.454,-0.781,0.047,0.041,-0.622,863,301,2827,1683,2925,2537,2597,2941,46,1.051,1,2202,1,48.534,0.438,-33.688,-23.750,-25.625,-0.160,0.051,1.043,0.406,0.164,0.840,0.106,0.034,1.013,1.355,2,NULL,NULL,,3,1,2,7,255,1263,250,0,0
stim,147438,177559,1,177559,3374874.456,-0.780,0.046,0.041,-0.623,619,266,2847,1493,2935,2531,2621,2951,46,1.051,1,2202,1,50.629,0.469,-33.250,-24.688,-29.125,-0.145,0.051,1.055,0.406,0.234,0.605,0.106,0.034,1.013,1.355,2,NULL,NULL,,3,1,2,7,255,1263,250,0,0
stim,147438,177559,1,177559,3374879.454,-0.779,0.044,0.041,-0.624,458,192,2847,1285,2949,2519,2649,2955,46,1.051,1,2202,1,53.179,0.535,-30.625,-26.125,-34.750,-0.176,0.035,1.086,0.406,0.348,0.605,0.108,0.034,1.013,1.355,2,NULL,NULL,,3,1,2,7,255,1263,250,0,0
stim,147438,177559,1,177559,3374884.455,-0.778,0.042,0.040,-0.625,293,171,2875,1066,2956,2505,2670,2961,46,1.051,1,2202,1,56.550,0.528,-32.750,-28.563,-36.188,-0.086,0.043,1.086,0.473,0.234,0.832,0.108,0.034,1.013,1.355,2,NULL,NULL,,3,1,2,7,255,1263,250,0,0
stim,147438,177559,1,177559,3374889.455,-0.777,0.040,0.040,-0.626,163,136,2889,863,2968,2487,2693,2965,46,1.051,1,2202,1,56.502,0.567,-33.875,-28.938,-34.750,-0.133,0.047,1.094,0.543,0.164,0.953,0.108,0.034,1.013,1.355,2,NULL,NULL,,3,1,2,7,255,1263,250,0,0
stim,147466,177587,1,177587,3374894.455,-0.777,0.038,0.040,-0.628,53,69,2871,607,2975,2461,2714,2967,46,1.051,1,2202,1,62.072,0.580,-35.750,-31.063,-40.125,-0.105,0.094,1.082,0.578,0.043,0.832,0.108,0.034,1.013,1.355,2,NULL,NULL,,3,1,2,7,255,1263,250,0,0
stim,147466,177587,1,177587,3374899.454,-0.776,0.036,0.040,-0.629,23,38,2913,431,2986,2429,2739,2975,46,1.051,1,2202,1,60.917,0.923,-32.563,-34.250,-38.438,-0.059,0.066,1.051,0.922,0.043,0.824,0.108,0.036,1.013,1.355,2,NULL,NULL,,3,1,2,7,255,1263,250,0,0
stim,147466,177587,1,177587,3374904.456,-0.775,0.034,0.039,-0.630,0,25,2921,283,2997,2403,2765,2979,46,1.051,1,2202,1,62.648,0.991,-28.688,-37.625,-41.063,-0.063,0.047,1.047,0.922,-0.363,0.473,0.108,0.038,1.013,1.355,2,NULL,NULL,,3,1,2,7,255,1263,250,0,0
stim,147466,177587,1,177587,3374909.454,-0.774,0.032,0.038,-0.632,0,0,2927,143,3005,2361,2789,2980,46,1.051,1,2202,1,62.627,1.007,-20.313,-40.750,-43.000,-0.027,0.082,0.988,0.922,-0.406,0.426,0.106,0.044,1.013,1.355,2,NULL,NULL,,3,1,2,7,255,1263,250,0,0
stim,147507,177628,1,177628,3374914.455,-0.773,0.031,0.037,-0.633,0,0,2939,99,3015,2331,2809,2983,46,1.051,1,2202,1,56.255,0.833,8.563,-47.438,-29.000,-0.234,-0.043,1.098,0.750,-0.363,0.426,0.104,0.048,1.013,1.355,2,NULL,NULL,,3,1,2,7,255,1263,250,0,0
stim,147507,177628,1,177628,3374919.454,-0.773,0.030,0.034,-0.633,0,0,2951,85,3020,2296,2829,2984,46,1.051,1,2202,1,74.316,1.239,41.875,-60.813,-8.438,-0.422,-0.102,1.496,-0.414,1.168,1.129,0.100,0.054,1.013,1.355,2,NULL,NULL,,3,1,2,7,255,1263,250,0,0
stim,147507,177628,1,177628,3374924.455,-0.773,0.030,0.030,-0.633,0,0,2957,57,3028,2265,2845,2985,46,1.051,1,2202,1,88.975,2.580,51.063,-72.688,-5.063,-0.441,-0.012,1.848,-0.414,2.547,5.184,0.098,0.056,1.013,1.355,2,NULL,NULL,,3,1,2,7,255,1263,250,0,0
stim,147507,177628,1,177628,3374929.454,-0.772,0.027,0.028,-0.634,0,0,2957,10,3035,2215,2861,2989,46,1.051,1,2202,0,84.303,2.570,-37.250,-74.188,-14.688,-0.113,0.125,1.641,-0.348,2.547,6.266,0.096,0.062,1.013,1.355,3,NULL,NULL,,3,1,2,7,255,1263,250,0,0
stim,147507,177628,1,177628,3374934.455,-0.773,0.022,0.028,-0.634,0,0,2964,1,3039,2146,2875,2987,46,1.051,1,2202,0,117.141,0.094,-92.250,-71.750,-8.000,0.008,-0.047,1.152,-0.008,0.094,6.266,0.092,0.068,1.013,1.355,3,NULL,NULL,,3,1,2,7,255,1263,250,0,0
stim,147507,177628,1,177628,3374939.454,-0.774,0.018,0.028,-0.633,0,0,2964,0,3044,2080,2893,2987,46,1.051,1,2202,0,106.459,0.094,-63.063,-79.875,31.250,-0.098,-0.070,0.910,-0.008,0.094,1.453,0.088,0.074,1.013,1.355,3,NULL,NULL,,3,1,2,7,255,1263,250,0,0
stim,147507,177628,1,177628,3374944.455,-0.775,0.015,0.025,-0.631,0,0,2962,0,3050,1981,2903,2984,46,1.051,1,2202,0,97.159,0.543,-16.125,-86.625,40.938,-0.262,-0.082,0.883,-0.484,0.246,-0.824,0.084,0.080,1.013,1.355,3,NULL,NULL,,3,1,2,7,255,1263,250,0,0
stim,147507,177628,1,177628,3374949.454,-0.776,0.013,0.022,-0.631,0,0,2964,0,3047,1875,2906,2989,46,1.051,1,2202,0,96.834,2.098,9.000,-93.813,22.250,-0.309,-0.109,1.094,-0.941,1.875,-0.824,0.082,0.086,1.013,1.355,3,NULL,NULL,,3,1,2,7,255,1263,250,0,0
stim,147507,177628,1,177628,3374954.455,-0.776,0.010,0.019,-0.630,0,0,2935,0,3052,1783,2917,2983,46,1.051,1,2202,0,97.754,2.234,7.250,-97.063,9.063,-0.242,-0.176,1.246,-1.215,1.875,1.082,0.080,0.094,1.013,1.355,3,NULL,NULL,,3,1,2,7,255,1263,250,0,0
stim,147507,177628,1,177628,3374959.454,-0.776,0.007,0.016,-0.630,0,0,2942,0,3061,1673,2936,2982,46,1.051,1,2202,0,101.398,2.243,-4.625,-101.000,7.688,-0.184,-0.219,1.223,-1.668,1.500,2.305,0.076,0.102,1.013,1.355,3,NULL,NULL,,3,1,2,7,255,1263,250,0,0
stim,147532,177653,1,177653,3374964.455,-0.777,0.004,0.013,-0.629,0,0,2931,0,3063,1553,2941,2979,46,1.051,1,2202,0,105.829,2.018,-12.313,-104.438,11.875,-0.148,-0.199,1.133,-1.781,0.949,2.305,0.074,0.110,1.013,1.355,3,NULL,NULL,,3,1,2,7,255,1263,250,0,0
stim,147532,177653,1,177653,3374969.454,-0.778,0.001,0.010,-0.629,0,0,2919,0,3067,1383,2951,2975,46,1.051,1,2202,0,109.750,2.018,-11.938,-108.063,15.000,-0.168,-0.125,1.105,-1.781,0.949,1.387,0.072,0.120,1.013,1.355,3,NULL,NULL,,3,1,2,7,255,1263,250,0,0
stim,147532,177653,1,177653,3374974.455,-0.778,-0.002,0.006,-0.628,0,0,2905,0,3077,1203,2958,2969,46,1.051,1,2202,0,115.591,1.658,-3.563,-114.250,17.188,-0.160,-0.094,1.098,-1.137,1.207,1.082,0.070,0.128,1.013,1.355,3,NULL,NULL,,3,1,2,7,255,1263,250,0,0
stim,147532,177653,1,177653,3374979.454,-0.779,-0.005,0.002,-0.627,0,0,2892,0,3066,1001,2968,2963,46,1.051,1,2202,0,119.206,1.565,4.500,-118.125,15.375,-0.148,-0.063,1.141,-0.840,1.320,1.082,0.068,0.136,1.013,1.355,3,NULL,NULL,,3,1,2,7,255,1263,250,0,0
stim,147551,177672,1,177672,3374984.455,-0.779,-0.009,-0.002,-0.627,0,0,2870,0,3079,768,2975,2951,46,1.051,1,2202,0,123.370,1.452,1.938,-122.688,12.813,-0.137,-0.031,1.215,-0.551,1.344,1.387,0.068,0.142,1.013,1.355,3,NULL,NULL,,3,1,2,7,255,1263,250,0,0
stim,147551,177672,0,177672,3374989.454,-0.779,-0.012,-0.006,-0.626,0,0,2847,0,3079,607,2985,2939,46,1.051,1,2202,0,127.623,1.464,0.000,-127.250,9.750,-0.160,-0.031,1.168,-0.297,1.434,1.582,0.066,0.150,1.013,1.355,3,NULL,NULL,,3,0,2,7,255,1269,250,0,0
stim,147551,177672,0,177672,3374994.455,-0.780,-0.015,-0.011,-0.626,0,0,2826,0,3080,507,2987,2927,46,1.051,1,2202,0,134.232,1.487,5.125,-133.688,10.938,-0.109,-0.012,1.203,-0.230,1.469,1.922,0.062,0.156,1.013,1.355,3,NULL,NULL,,3,0,2,7,255,1269,250,0,0
stim,147551,177672,0,177672,3374999.454,-0.780,-0.019,-0.016,-0.625,0,0,2777,0,3092,345,3003,2915,46,1.051,1,2202,0,142.297,1.496,5.500,-140.750,20.188,-0.078,0.055,1.266,-0.023,1.496,1.922,0.058,0.164,1.013,1.355,3,NULL,NULL,,3,0,2,7,255,1269,250,0,0
stim,147574,177696,0,177696,3375004.455,-0.781,-0.022,-0.020,-0.624,0,0,2751,0,3089,166,3001,2895,46,1.051,1,2202,0,145.193,1.617,-0.875,-143.875,19.500,-0.133,0.125,1.277,0.613,1.496,2.523,0.052,0.170,1.013,1.355,3,NULL,NULL,,3,0,2,7,255,1269,250,0,0
stim,147574,177696,0,177696,3375009.454,-0.781,-0.027,-0.025,-0.623,0,0,2717,0,3077,75,2998,2863,46,1.051,1,2202,0,148.618,2.558,-1.063,-148.563,3.938,-0.195,0.141,1.230,1.125,2.297,2.523,0.044,0.176,1.013,1.355,3,NULL,NULL,,3,0,2,7,255,1269,250,0,0
stim,147604,177725,0,177725,3375014.455,-0.781,-0.030,-0.031,-0.623,0,0,2633,0,3087,40,3005,2837,46,1.051,1,2202,0,154.853,2.750,3.188,-154.438,-10.875,-0.117,0.141,1.266,1.137,2.504,2.387,0.036,0.184,1.013,1.355,3,NULL,NULL,,3,0,2,7,255,1269,250,0,0
stim,147604,177725,0,177725,3375019.454,-0.780,-0.034,-0.037,-0.623,0,0,2621,0,3065,0,3001,2803,46,1.051,1,2202,0,160.783,2.849,10.188,-159.938,-12.938,-0.105,0.129,1.355,1.145,2.609,2.387,0.026,0.190,1.013,1.355,3,NULL,NULL,,3,0,2,7,255,1269,250,0,0
stim,147604,177725,0,177725,3375024.457,-0.780,-0.038,-0.042,-0.623,0,0,2555,0,3061,0,3000,2767,46,1.051,1,2202,0,167.318,2.902,2.500,-167.125,-7.625,-0.074,0.168,1.500,1.270,2.609,3.230,0.016,0.200,1.013,1.355,3,NULL,NULL,,3,0,2,7,255,1269,250,0,0
stim,147604,177725,0,177725,3375029.455,-0.780,-0.043,-0.048,-0.623,0,0,2501,0,3053,0,3003,2712,46,1.051,1,2202,0,172.409,3.161,-15.500,-171.625,-5.438,-0.117,0.188,1.629,1.551,2.754,4.641,0.012,0.210,1.013,1.355,3,NULL,NULL,,3,0,2,7,255,1269,250,0,0
stim,147604,177725,0,177725,3375034.455,-0.779,-0.049,-0.053,-0.623,0,0,2431,0,3053,0,3005,2663,46,1.051,1,2202,0,182.489,3.903,-37.625,-178.500,-4.938,-0.203,0.145,1.711,1.551,3.582,5.805,0.018,0.224,1.013,1.355,3,NULL,NULL,,3,0,2,7,255,1269,250,0,0
stim,147604,177725,0,177725,3375039.454,-0.779,-0.056,-0.058,-0.622,0,0,2359,0,3047,0,3007,2613,46,1.051,1,2202,0,194.722,4.760,-42.875,-189.938,-1.438,-0.227,0.113,1.801,1.023,4.648,6.441,0.032,0.238,1.013,1.355,3,NULL,NULL,,3,0,2,7,255,1269,250,0,0
stim,147635,177756,0,177756,3375044.455,-0.778,-0.063,-0.063,-0.621,0,0,2273,0,3030,0,2989,2533,46,1.051,1,2202,0,210.229,5.349,-52.875,-203.375,6.250,-0.316,0.180,1.797,1.023,5.250,6.852,0.050,0.256,1.013,1.355,3,NULL,NULL,,3,0,2,7,255,1269,250,0,0
stim,147635,177756,0,177756,3375049.454,-0.778,-0.071,-0.069,-0.620,0,0,2157,0,3015,0,2979,2431,46,1.051,1,2202,0,227.163,6.616,-62.000,-218.375,8.438,-0.367,0.238,1.801,1.148,6.516,6.852,0.070,0.274,1.013,1.355,3,NULL,NULL,,3,0,2,7,255,1269,250,0,0
stim,147635,177756,0,177756,3375054.456,-0.777,-0.080,-0.075,-0.620,0,0,2028,0,2997,0,2983,2329,46,1.051,1,2202,0,242.498,7.644,-68.688,-232.563,1.375,-0.426,0.254,1.816,1.590,7.477,6.648,0.092,0.298,1.013,1.355,3,NULL,NULL,,3,0,2,7,255,1269,250,0,0
stim,147635,177756,0,177756,3375059.454,-0.776,-0.089,-0.081,-0.619,0,0,1926,0,2979,19,2943,2207,46,1.051,1,2202,0,261.011,8.570,-75.313,-249.875,-4.125,-0.418,0.258,1.902,1.668,8.406,6.648,0.116,0.324,1.013,1.355,3,NULL,NULL,,3,0,2,7,255,1269,250,0,0
stim,147635,177756,0,177756,3375064.455,-0.775,-0.100,-0.088,-0.618,0,0,1815,0,2969,28,2924,2087,46,1.051,1,2202,0,280.856,9.103,-93.000,-264.875,-8.500,-0.367,0.328,1.941,1.727,8.938,7.125,0.146,0.354,1.013,1.355,3,NULL,NULL,,3,0,2,7,255,1269,250,0,0
stim,147635,177756,0,177756,3375069.454,-0.773,-0.111,-0.095,-0.617,0,0,1747,0,2940,40,2892,1967,46,1.051,1,2202,0,300.999,9.488,-96.875,-284.875,-7.875,-0.344,0.402,1.938,2.598,9.125,7.125,0.176,0.386,1.013,1.355,3,NULL,NULL,,3,0,2,7,255,1269,250,0,0
stim,147635,177756,0,177756,3375074.455,-0.772,-0.122,-0.103,-0.616,0,0,1669,0,2901,52,2853,1837,46,1.051,1,2202,0,315.050,10.083,-89.000,-302.063,-9.688,-0.348,0.516,2.055,3.391,9.496,7.355,0.208,0.422,1.013,1.355,3,NULL,NULL,,3,0,2,7,255,1269,250,0,0
stim,147635,177756,0,177756,3375079.454,-0.770,-0.133,-0.111,-0.615,0,0,1603,0,2847,53,2793,1738,46,1.051,1,2202,0,326.554,11.491,-82.313,-315.750,-12.813,-0.395,0.555,2.273,4.516,10.566,7.770,0.244,0.458,1.013,1.355,3,NULL,NULL,,3,0,2,7,255,1269,250,0,0
stim,147635,177756,0,177756,3375084.455,-0.767,-0.145,-0.120,-0.613,0,0,1515,0,2800,23,2727,1589,46,1.051,1,2202,0,347.089,13.235,-94.500,-333.750,-12.313,-0.418,0.590,2.477,4.855,12.313,9.273,0.282,0.498,1.013,1.355,3,NULL,NULL,,3,0,2,7,255,1269,250,0,0
stim,147635,177756,0,177756,3375089.454,-0.765,-0.158,-0.128,-0.612,0,0,1382,0,2749,6,2629,1471,46,1.051,1,2202,0,371.845,14.842,-118.375,-352.313,-11.500,-0.434,0.633,2.492,5.270,13.875,10.145,0.324,0.542,1.013,1.355,3,NULL,NULL,,3,0,2,7,255,1269,250,0,0
stim,147664,177786,0,177786,3375094.455,-0.761,-0.173,-0.137,-0.610,0,0,1261,0,2677,0,2501,1365,46,1.051,1,2202,0,392.649,15.803,-141.625,-366.063,-10.688,-0.430,0.668,2.316,5.691,14.742,10.145,0.370,0.590,1.013,1.355,3,NULL,NULL,,3,0,2,7,255,1269,250,0,0
stim,147664,177786,0,177786,3375099.454,-0.758,-0.188,-0.145,-0.608,0,0,1127,0,2592,0,2334,1245,46,1.051,1,2202,0,402.750,15.839,-147.313,-374.500,-16.000,-0.441,0.516,2.230,5.691,14.781,8.047,0.424,0.644,1.013,1.355,3,NULL,NULL,,3,0,2,7,255,1269,250,0,0
stim,147664,177786,0,177786,3375104.455,-0.754,-0.203,-0.154,-0.605,0,0,939,0,2483,0,2137,1141,46,1.051,1,2202,0,412.705,15.516,-143.563,-386.750,-11.813,-0.418,0.262,2.234,4.730,14.777,6.906,0.488,0.712,1.013,1.355,3,NULL,NULL,,3,0,2,7,255,1269,250,0,0
stim,147664,177786,0,177786,3375109.454,-0.750,-0.218,-0.163,-0.602,0,0,757,0,2340,0,1875,997,46,1.051,1,2202,0,424.844,14.980,-153.063,-396.313,0.750,-0.395,-0.023,2.133,2.453,14.777,6.832,0.558,0.782,1.013,1.355,3,NULL,NULL,,3,0,2,7,255,1269,250,0,0
stim,147664,177786,0,177786,3375114.455,-0.746,-0.234,-0.172,-0.599,0,0,601,0,2141,0,1545,925,46,1.051,1,2202,0,441.564,14.173,-154.125,-413.500,15.563,-0.355,-0.336,1.871,-0.156,14.172,5.996,0.632,0.858,1.013,1.355,3,NULL,NULL,,3,0,2,7,255,1269,250,0,0
stim,147664,177786,0,177786,3375119.454,-0.743,-0.250,-0.182,-0.594,0,0,439,0,1933,0,1162,781,46,1.051,1,2202,0,448.357,12.906,-133.125,-427.563,22.188,-0.223,-0.449,1.488,-3.102,12.527,4.027,0.708,0.936,1.013,1.355,3,NULL,NULL,,3,0,2,7,255,1269,250,0,0
stim,147731,177852,0,177852,3375124.455,-0.739,-0.264,-0.195,-0.588,0,0,286,0,1637,0,605,629,46,1.051,1,2202,0,445.310,10.405,-65.625,-440.125,16.875,-0.020,-0.465,1.258,-3.895,9.648,1.449,0.782,1.012,1.013,1.355,3,NULL,NULL,,3,0,2,7,255,1269,250,0,0
stim,147731,177852,0,177852,3375129.455,-0.736,-0.275,-0.209,-0.582,0,0,231,0,1325,0,251,475,46,1.051,1,2202,0,451.357,8.782,15.625,-451.000,8.813,0.145,-0.348,1.484,-3.895,7.871,1.449,0.854,1.086,1.013,1.355,3,NULL,NULL,,3,0,2,7,255,1269,250,0,0
stim,147731,177852,0,177852,3375134.455,-0.733,-0.285,-0.225,-0.575,0,0,169,0,943,0,0,394,46,1.051,1,2202,0,456.382,8.247,60.000,-451.438,29.813,0.098,0.023,1.984,-2.461,7.871,2.711,0.918,1.154,1.013,1.355,3,NULL,NULL,,3,0,2,7,255,1269,250,0,0
stim,147731,177852,0,177852,3375139.453,-0.731,-0.296,-0.238,-0.566,0,0,111,0,511,0,0,326,46,1.051,1,2202,0,450.213,12.582,25.313,-444.813,64.750,-0.043,0.352,2.410,0.891,12.551,5.016,0.972,1.210,1.013,1.355,3,NULL,NULL,,3,0,2,7,255,1269,250,0,0
stim,147731,177852,0,177852,3375144.455,-0.729,-0.309,-0.249,-0.557,0,0,104,0,201,0,0,243,46,1.051,1,2202,0,457.370,17.730,-51.875,-441.688,106.813,-0.395,0.379,2.367,2.801,17.508,5.016,1.016,1.256,1.013,1.355,3,NULL,NULL,,3,0,2,7,255,1269,250,0,0
stim,147731,177852,0,177852,3375149.454,-0.727,-0.326,-0.258,-0.547,0,0,75,0,0,0,0,126,46,1.051,1,2202,0,490.032,20.077,-127.125,-444.688,161.938,-0.688,0.586,1.961,3.543,19.762,2.484,1.054,1.300,1.013,1.355,3,NULL,NULL,,3,0,2,7,255,1269,250,0,0
stim,147731,177852,0,177852,3375154.455,-0.723,-0.343,-0.265,-0.537,0,0,25,0,0,0,0,59,46,1.051,1,2202,0,495.989,20.134,-166.625,-439.250,159.063,-0.973,0.820,1.516,3.855,19.762,-3.496,1.104,1.350,1.013,1.355,4,NULL,NULL,,3,0,2,7,255,1269,250,0,0
stim,147731,177852,0,177852,3375159.454,-0.718,-0.361,-0.272,-0.529,0,0,31,0,0,0,0,12,46,1.051,1,2202,0,481.409,19.321,-196.438,-422.000,122.813,-0.820,1.145,1.129,5.152,18.621,-9.672,1.162,1.412,1.013,1.355,0,NULL,NULL,,3,0,2,7,255,1269,250,0,0
stim,147731,177852,0,177852,3375164.455,-0.713,-0.377,-0.279,-0.522,0,0,26,0,0,0,0,5,46,1.051,1,2202,0,454.099,17.410,-188.313,-405.688,78.500,-0.664,1.184,1.117,8.504,15.191,-11.988,1.234,1.486,1.013,1.355,0,NULL,NULL,,3,0,2,7,255,1269,250,0,0
stim,147731,177852,0,177852,3375169.453,-0.706,-0.393,-0.284,-0.515,0,0,27,0,0,0,0,13,46,1.051,1,2202,0,447.056,16.581,-209.125,-387.750,76.000,-0.551,0.898,1.164,8.504,14.234,-11.988,1.314,1.570,1.013,1.355,0,NULL,NULL,,3,0,2,7,255,1269,250,0,0
stim,147731,177852,0,177852,3375174.457,-0.699,-0.410,-0.289,-0.510,0,0,29,0,0,0,0,37,46,1.051,1,2202,0,440.066,15.271,-243.000,-361.625,61.938,-0.297,0.508,1.273,7.004,13.570,-10.691,1.394,1.652,1.013,1.355,0,NULL,NULL,,3,0,2,7,255,1269,250,0,0
stim,147731,177852,0,177852,3375179.454,-0.692,-0.425,-0.292,-0.506,0,0,31,0,0,0,0,83,46,1.051,1,2202,0,393.186,13.499,-251.000,-302.125,17.750,-0.188,-0.043,1.094,4.273,12.805,-7.563,1.474,1.732,1.013,1.355,0,NULL,NULL,,3,0,2,7,255,1269,250,0,0
stim,147753,177874,0,177874,3375184.455,-0.685,-0.437,-0.294,-0.503,0,0,37,0,0,0,0,117,46,1.051,1,2202,0,340.687,10.530,-224.000,-254.875,30.500,-0.215,-0.152,1.113,-0.480,10.520,-6.371,1.554,1.814,1.013,1.355,0,NULL,NULL,,3,0,2,7,255,1269,250,0,0
stim,147753,177874,0,177874,3375189.454,-0.679,-0.449,-0.294,-0.502,0,0,36,0,0,0,0,137,46,1.051,1,2202,0,306.022,10.530,-229.938,-200.438,24.563,-0.344,0.020,1.148,-0.480,10.520,-6.371,1.632,1.892,1.013,1.355,0,NULL,NULL,,3,0,2,7,255,1269,250,0,0
stim,147753,177874,0,177874,3375194.455,-0.672,-0.460,-0.291,-0.502,0,0,31,0,0,0,0,141,46,1.051,1,2202,0,304.424,10.520,-271.938,-135.563,18.625,-0.383,0.180,0.836,-0.086,10.520,-8.082,1.704,1.966,1.013,1.355,0,NULL,NULL,,3,0,2,7,255,1269,250,0,0
stim,147753,177874,0,177874,3375199.454,-0.665,-0.471,-0.286,-0.504,0,0,39,0,0,0,0,131,46,1.051,1,2202,0,311.402,9.103,-304.938,-62.875,5.563,-0.277,0.453,0.270,1.168,9.027,-10.363,1.770,2.036,1.013,1.355,0,NULL,NULL,,3,0,2,7,255,1269,250,0,0
stim,147753,177874,0,177874,3375204.455,-0.660,-0.478,-0.280,-0.508,0,0,35,0,0,0,0,127,46,1.051,1,2202,0,280.562,5.002,-280.438,8.250,1.250,-0.168,0.539,-0.430,3.527,3.547,-12.676,1.836,2.102,1.013,1.355,0,NULL,NULL,,3,0,2,7,255,1269,250,0,0
stim,147753,177874,0,177874,3375209.454,-0.656,-0.482,-0.274,-0.511,0,0,31,0,0,0,0,112,46,1.051,1,2202,0,200.336,4.812,-188.000,69.188,1.938,-0.117,0.527,-0.797,3.527,-3.273,-14.703,1.900,2.170,1.013,1.355,0,NULL,NULL,,3,0,2,7,255,1269,250,0,0
stim,147807,177928,0,177928,3375214.455,-0.656,-0.482,-0.269,-0.515,0,0,33,0,0,0,0,109,46,1.051,1,2202,0,143.944,5.778,-85.125,116.000,4.188,-0.148,0.285,-0.602,3.090,-4.883,-14.703,1.956,2.230,1.013,1.355,0,NULL,NULL,,3,0,2,7,255,1269,250,0,0
stim,147807,177928,0,177928,3375219.454,-0.657,-0.480,-0.263,-0.518,0,0,27,0,0,0,0,114,46,1.051,1,2202,0,156.507,4.988,-34.938,152.438,6.063,-0.176,0.082,-0.242,1.020,-4.883,-14.348,2.002,2.276,1.013,1.355,0,NULL,NULL,,3,0,2,7,255,1269,250,0,0
stim,147807,177928,0,177928,3375224.455,-0.659,-0.477,-0.257,-0.522,0,0,17,0,0,0,0,104,46,1.051,1,2202,0,179.825,1.509,-24.750,176.750,22.000,-0.242,-0.043,-0.164,-0.328,-1.473,-12.508,2.032,2.310,1.013,1.355,0,NULL,NULL,,3,0,2,7,255,1269,250,0,0
stim,147807,177928,0,177928,3375229.454,-0.662,-0.473,-0.251,-0.525,0,0,24,0,0,0,0,95,46,1.051,1,2202,0,199.017,1.926,-10.938,193.813,43.875,-0.230,-0.016,-0.258,-1.438,-1.281,-12.508,2.050,2.328,1.013,1.355,0,NULL,NULL,,3,0,2,7,255,1269,250,0,0
stim,147807,177928,0,177928,3375234.455,-0.666,-0.468,-0.244,-0.527,0,0,19,0,0,0,0,85,46,1.051,1,2202,0,213.017,1.926,20.813,204.313,56.563,-0.266,0.121,-0.355,-1.438,-1.281,-12.676,2.050,2.332,1.013,1.355,0,NULL,NULL,,3,0,2,7,255,1269,250,0,0
stim,147807,177928,0,177928,3375239.454,-0.671,-0.462,-0.238,-0.529,0,0,19,0,0,0,0,76,46,1.051,1,2202,0,231.867,1.387,65.313,210.313,72.563,-0.313,0.203,-0.293,-0.531,-1.281,-13.922,2.046,2.330,1.013,1.355,0,NULL,NULL,,3,0,2,7,255,1269,250,0,0
stim,147807,177928,0,177928,3375244.455,-0.676,-0.455,-0.233,-0.531,0,0,19,0,0,0,0,73,46,1.051,1,2202,0,248.838,1.076,95.813,216.625,76.250,-0.359,0.301,-0.125,0.172,-1.063,-14.344,2.040,2.324,1.013,1.355,0,NULL,NULL,,3,0,2,7,255,1269,250,0,0
stim,147807,177928,0,177928,3375249.453,-0.683,-0.447,-0.227,-0.532,0,0,18,0,0,0,0,63,46,1.051,1,2202,0,261.284,1.243,113.063,222.375,77.688,-0.348,0.246,0.023,1.059,0.652,-14.344,2.028,2.316,1.013,1.355,0,NULL,NULL,,3,0,2,7,255,1269,250,0,0
stim,147807,177928,0,177928,3375254.455,-0.689,-0.439,-0.222,-0.532,0,0,8,0,0,0,0,55,46,1.051,1,2202,0,273.182,2.246,121.750,227.438,89.875,-0.395,0.254,0.137,1.156,1.926,-13.301,2.016,2.306,1.013,1.355,0,NULL,NULL,,3,0,2,7,255,1269,250,0,0
stim,147807,177928,0,177928,3375259.453,-0.696,-0.430,-0.216,-0.533,0,0,20,0,0,0,0,53,46,1.051,1,2202,0,279.836,3.402,129.500,231.625,88.813,-0.488,0.309,0.223,1.156,3.199,-13.301,2.006,2.296,1.013,1.355,0,NULL,NULL,,3,0,2,7,255,1269,250,0,0
stim,147834,177955,0,177955,3375264.455,-0.702,-0.421,-0.211,-0.534,0,0,18,0,0,0,0,45,46,1.051,1,2202,0,284.031,4.688,141.000,233.563,79.000,-0.543,0.238,0.340,1.156,4.543,-13.070,2.000,2.292,1.013,1.355,0,NULL,NULL,,3,0,2,7,255,1269,250,0,0
stim,147834,177955,0,177955,3375269.454,-0.708,-0.412,-0.206,-0.535,0,0,17,0,0,0,0,47,46,1.051,1,2202,0,287.849,5.891,148.625,236.875,68.250,-0.547,0.199,0.461,0.855,5.828,-12.887,1.998,2.292,1.013,1.355,0,NULL,NULL,,3,0,2,7,255,1269,250,0,0
stim,147834,177955,0,177955,3375274.455,-0.714,-0.402,-0.201,-0.537,0,0,20,0,0,0,0,51,46,1.051,1,2202,0,287.271,6.913,146.000,241.688,52.875,-0.523,0.246,0.613,0.855,6.859,-11.926,2.000,2.296,1.013,1.355,0,NULL,NULL,,3,0,2,7,255,1269,250,0,0
stim,147834,177955,0,177955,3375279.454,-0.720,-0.392,-0.196,-0.539,0,0,25,0,0,0,0,47,46,1.051,1,2202,0,284.698,8.116,136.000,246.563,42.000,-0.523,0.234,0.762,1.414,7.992,-10.902,2.014,2.312,1.013,1.355,0,NULL,NULL,,3,0,2,7,255,1269,250,0,0
stim,147852,177973,0,177973,3375284.455,-0.724,-0.382,-0.190,-0.541,0,0,17,0,0,0,0,49,46,1.051,1,2202,0,282.243,9.265,123.688,251.375,34.250,-0.566,0.211,0.914,1.418,9.156,-9.750,2.032,2.332,1.013,1.355,0,NULL,NULL,,3,0,2,7,255,1269,250,0,0
stim,147852,177973,0,177973,3375289.454,-0.728,-0.373,-0.184,-0.544,0,0,25,0,0,0,0,47,46,1.051,1,2202,0,277.604,10.630,102.063,257.688,15.625,-0.590,0.230,1.043,1.531,10.520,-8.785,2.056,2.358,1.013,1.355,0,NULL,NULL,,3,0,2,7,255,1269,250,0,0
stim,147852,177973,0,177973,3375294.455,-0.731,-0.364,-0.178,-0.549,0,0,22,0,0,0,0,48,46,1.051,1,2202,0,275.576,11.569,74.875,265.125,-6.688,-0.539,0.230,1.074,1.766,11.434,-7.961,2.084,2.388,1.013,1.355,0,NULL,NULL,,3,0,2,7,255,1269,250,0,0
stim,147852,177973,0,177973,3375299.454,-0.733,-0.356,-0.171,-0.553,0,0,22,0,0,0,0,51,46,1.051,1,2202,0,279.429,11.588,50.813,274.000,-20.563,-0.461,0.188,1.027,1.883,11.434,-7.141,2.120,2.428,1.013,1.355,0,NULL,NULL,,3,0,2,7,255,1269,250,0,0
stim,147874,177995,0,177995,3375304.455,-0.735,-0.348,-0.163,-0.559,0,0,21,0,0,0,0,59,46,1.051,1,2202,0,289.153,10.633,34.375,285.438,-30.875,-0.422,0.160,0.957,1.883,10.465,-6.531,2.162,2.472,1.013,1.355,0,NULL,NULL,,3,0,2,7,255,1269,250,0,0
stim,147874,177995,0,177995,3375309.454,-0.736,-0.339,-0.155,-0.565,0,0,23,0,0,0,0,89,46,1.051,1,2202,0,303.752,9.744,25.563,299.188,-45.813,-0.391,0.152,0.898,1.727,9.590,-6.434,2.208,2.518,1.013,1.355,0,NULL,NULL,,3,0,2,7,255,1269,250,0,0
stim,147904,178025,0,178025,3375314.455,-0.737,-0.330,-0.147,-0.572,0,0,12,0,0,0,0,93,46,1.051,1,2202,0,319.970,9.022,22.188,313.688,-59.063,-0.332,0.137,0.844,1.727,8.855,-6.395,2.256,2.568,1.013,1.355,0,NULL,NULL,,3,0,2,7,255,1269,250,0,0
stim,147904,178025,0,178025,3375319.454,-0.737,-0.321,-0.138,-0.578,0,0,25,0,0,0,0,102,46,1.051,1,2202,0,335.559,8.131,22.813,328.250,-65.813,-0.297,0.113,0.789,1.727,7.945,-6.180,2.306,2.622,1.013,1.355,0,NULL,NULL,,3,0,2,7,255,1269,250,0,0
stim,147904,178025,0,178025,3375324.457,-0.738,-0.311,-0.129,-0.586,0,0,22,0,0,0,0,107,46,1.051,1,2202,0,350.253,7.394,27.813,341.813,-71.188,-0.277,0.117,0.742,1.703,7.195,-6.145,2.358,2.676,1.013,1.355,0,NULL,NULL,,3,0,2,7,255,1269,250,0,0
stim,147904,178025,0,178025,3375329.454,-0.738,-0.300,-0.119,-0.593,0,0,21,0,0,0,0,119,46,1.051,1,2202,0,364.478,6.852,37.250,353.563,-80.313,-0.164,0.117,0.688,1.703,6.637,-6.078,2.408,2.728,1.013,1.355,0,NULL,NULL,,3,0,2,7,255,1269,250,0,0
stim,147904,178025,0,178025,3375334.455,-0.738,-0.289,-0.110,-0.600,0,0,25,0,0,0,0,117,46,1.051,1,2202,0,375.173,5.571,52.063,362.438,-81.750,0.008,0.039,0.570,1.703,5.305,-5.785,2.456,2.778,1.013,1.355,0,NULL,NULL,,3,0,2,7,255,1269,250,0,0
stim,147904,178025,0,178025,3375339.453,-0.738,-0.276,-0.102,-0.607,0,0,25,0,0,0,0,137,46,1.051,1,2202,0,379.687,3.402,82.125,365.000,-64.750,0.043,0.035,0.504,1.465,3.070,-5.668,2.504,2.828,1.013,1.355,0,NULL,NULL,,3,0,2,7,255,1269,250,0,0
stim,147932,178053,0,178053,3375344.455,-0.740,-0.262,-0.094,-0.613,0,0,22,0,0,0,0,141,46,1.051,1,2202,0,386.855,3.367,118.125,364.250,-55.000,-0.004,0.125,0.594,1.465,3.031,-5.414,2.544,2.870,1.013,1.355,0,NULL,NULL,,3,0,2,7,255,1269,250,0,0
stim,147932,178053,0,178053,3375349.454,-0.741,-0.248,-0.087,-0.618,0,0,23,0,0,0,0,149,46,1.051,1,2202,0,392.770,3.820,145.125,360.750,-55.375,0.004,0.145,0.719,2.324,3.031,-5.316,2.580,2.910,1.013,1.355,0,NULL,NULL,,3,0,2,7,255,1269,250,0,0
stim,147932,178053,0,178053,3375354.457,-0.742,-0.233,-0.081,-0.623,0,0,21,0,0,0,0,141,46,1.051,1,2202,0,394.626,4.082,163.500,355.813,-48.938,0.078,0.125,0.809,2.734,3.031,-4.176,2.612,2.942,1.013,1.355,0,NULL,NULL,,3,0,2,7,255,1269,250,0,0
stim,147932,178053,0,178053,3375359.454,-0.744,-0.217,-0.075,-0.628,0,0,25,0,0,0,0,148,46,1.051,1,2202,0,394.819,4.091,177.813,350.875,-33.938,0.168,0.156,0.879,2.848,2.938,-2.930,2.638,2.970,1.013,1.355,0,NULL,NULL,,3,0,2,7,255,1269,250,0,0
stim,147932,178053,0,178053,3375364.455,-0.746,-0.201,-0.069,-0.631,0,0,23,0,0,0,0,139,46,1.051,1,2202,0,395.519,4.024,190.563,346.375,-12.063,0.172,0.156,0.930,3.352,2.227,-1.953,2.660,2.994,1.013,1.355,0,NULL,NULL,,3,0,2,7,255,1269,250,0,0
stim,147932,178053,0,178053,3375369.453,-0.749,-0.185,-0.064,-0.633,0,0,21,0,0,0,0,143,46,1.051,1,2202,0,399.395,4.024,208.500,340.563,7.813,0.066,0.164,1.027,3.352,2.227,-1.375,2.678,3.016,1.013,1.355,0,NULL,NULL,,3,0,2,7,255,1269,250,0,0
stim,147932,178053,0,178053,3375374.455,-0.751,-0.168,-0.059,-0.635,0,0,20,0,0,0,0,135,46,1.051,1,2202,0,404.365,4.625,224.250,336.313,10.813,-0.047,0.203,1.219,3.352,3.188,-0.730,2.698,3.036,1.013,1.355,0,NULL,NULL,,3,0,2,7,255,1269,250,0,0
stim,147932,178053,0,178053,3375379.454,-0.754,-0.152,-0.054,-0.637,0,0,24,0,0,0,0,137,46,1.051,1,2202,0,403.198,5.846,226.813,333.250,8.313,-0.066,0.207,1.418,3.621,4.590,0.730,2.714,3.054,1.013,1.355,0,NULL,NULL,,3,0,2,7,255,1269,250,0,0
stim,147932,178053,0,178053,3375384.455,-0.756,-0.135,-0.049,-0.639,0,0,21,0,0,0,0,124,46,1.051,1,2202,0,398.438,6.277,221.750,330.938,7.750,-0.090,0.219,1.566,3.758,5.027,2.742,2.732,3.074,1.013,1.355,0,NULL,NULL,,3,0,2,7,255,1269,250,0,0
stim,147932,178053,0,178053,3375389.454,-0.758,-0.119,-0.044,-0.640,0,0,21,0,0,0,0,125,46,1.051,1,2202,0,391.587,6.440,210.938,329.813,8.313,-0.109,0.199,1.734,3.758,5.230,4.270,2.752,3.096,1.013,1.355,0,NULL,NULL,,3,0,2,7,255,1269,250,0,0
stim,147965,178086,0,178086,3375394.455,-0.759,-0.104,-0.039,-0.642,0,0,22,0,0,0,0,128,46,1.051,1,2202,0,380.492,6.458,191.063,328.938,8.313,-0.152,0.191,1.844,3.621,5.348,6.047,2.774,3.120,1.013,1.355,0,NULL,NULL,,3,0,2,7,255,1269,250,0,0
stim,147965,178086,0,178086,3375399.454,-0.760,-0.089,-0.033,-0.643,0,0,23,0,0,0,0,124,46,1.051,1,2202,0,369.081,6.564,169.188,328.000,3.563,-0.191,0.230,1.926,3.613,5.480,7.191,2.800,3.148,1.013,1.355,0,NULL,NULL,,3,0,2,7,255,1269,250,0,0
stim,147965,178086,0,178086,3375404.455,-0.760,-0.075,-0.026,-0.644,0,0,20,0,0,0,0,127,46,1.051,1,2202,0,357.359,6.564,145.313,326.438,-5.313,-0.223,0.270,1.953,3.613,5.480,8.066,2.828,3.178,1.013,1.355,0,NULL,NULL,,3,0,2,7,255,1269,250,0,0
stim,147965,178086,0,178086,3375409.454,-0.760,-0.062,-0.019,-0.646,0,0,25,0,0,0,0,135,46,1.051,1,2202,0,346.339,6.477,121.313,324.063,-14.750,-0.168,0.094,1.918,3.613,5.375,8.469,2.860,3.210,1.013,1.355,0,NULL,NULL,,3,0,2,7,255,1269,250,0,0
stim,147965,178086,0,178086,3375414.455,-0.760,-0.049,-0.011,-0.648,0,0,25,0,0,0,0,139,46,1.051,1,2202,0,336.315,4.509,103.125,319.875,-12.375,-0.102,0.023,1.813,2.082,4.000,8.469,2.892,3.242,1.013,1.355,0,NULL,NULL,,3,0,2,7,255,1269,250,0,0
stim,147965,178086,0,178086,3375419.454,-0.760,-0.037,-0.003,-0.649,0,0,20,0,0,0,0,139,46,1.051,1,2202,0,329.964,3.125,96.625,315.375,-8.875,-0.125,0.082,1.699,1.719,2.609,7.715,2.922,3.276,1.013,1.355,0,NULL,NULL,,3,0,2,7,255,1269,250,0,0
stim,148021,178142,0,178142,3375424.455,-0.760,-0.024,0.004,-0.650,0,0,22,0,0,0,0,140,46,1.051,1,2202,0,325.516,2.714,100.625,309.313,-12.688,-0.133,0.055,1.645,1.348,2.355,6.629,2.952,3.306,1.013,1.355,0,NULL,NULL,,3,0,2,7,255,1269,250,0,0
stim,148021,178142,0,178142,3375429.455,-0.759,-0.012,0.011,-0.651,0,0,24,0,0,0,0,139,46,1.051,1,2202,0,321.530,2.312,107.000,302.875,-14.125,-0.094,-0.020,1.617,1.320,1.898,6.184,2.978,3.336,1.013,1.355,0,NULL,NULL,,3,0,2,7,255,1269,250,0,0
stim,148021,178142,0,178142,3375434.455,-0.758,0.000,0.017,-0.652,0,0,25,0,0,0,0,133,46,1.051,1,2202,0,317.838,1.117,114.938,296.188,-9.125,-0.074,-0.039,1.602,0.602,0.941,6.031,3.000,3.360,1.013,1.355,0,NULL,NULL,,3,0,2,7,255,1269,250,0,0
stim,148021,178142,0,178142,3375439.453,-0.758,0.013,0.023,-0.652,0,0,22,0,0,0,0,136,46,1.051,1,2202,0,316.458,0.441,127.750,289.500,-3.938,-0.090,-0.031,1.613,0.336,0.285,6.016,3.020,3.380,1.013,1.355,0,NULL,NULL,,3,0,2,7,255,1269,250,0,0
stim,148021,178142,0,178142,3375444.455,-0.757,0.026,0.029,-0.653,0,0,25,0,0,0,0,126,46,1.051,1,2202,0,317.507,0.275,143.688,283.125,-2.188,-0.094,-0.027,1.672,0.273,0.027,6.016,3.038,3.400,1.013,1.355,0,NULL,NULL,,3,0,2,7,255,1269,250,0,0
stim,148021,178142,0,178142,3375449.453,-0.756,0.039,0.033,-0.653,0,0,23,0,0,0,0,117,46,1.051,1,2202,0,319.523,0.433,158.063,277.688,-1.000,-0.059,-0.035,1.758,0.188,-0.391,6.605,3.052,3.416,1.013,1.355,0,NULL,NULL,,3,0,2,7,255,1269,250,0,0
stim,148021,178142,0,178142,3375454.455,-0.755,0.052,0.037,-0.653,0,0,26,0,0,0,0,109,46,1.051,1,2202,0,322.828,1.235,170.688,274.000,2.750,-0.008,-0.047,1.836,0.020,-1.234,7.383,3.062,3.428,1.013,1.355,0,NULL,NULL,,3,0,2,7,255,1269,250,0,0
stim,148021,178142,0,178142,3375459.454,-0.754,0.066,0.041,-0.652,0,0,25,0,0,0,0,103,46,1.051,1,2202,0,327.955,2.266,183.688,271.563,8.188,0.039,-0.043,1.926,-0.191,-2.258,8.039,3.070,3.438,1.013,1.355,0,NULL,NULL,,3,0,2,7,255,1269,250,0,0
stim,148021,178142,0,178142,3375464.455,-0.753,0.080,0.044,-0.652,0,0,24,0,0,0,0,111,46,1.051,1,2202,0,333.634,3.291,194.938,270.500,11.875,0.102,0.020,2.035,-0.191,-3.285,8.781,3.076,3.446,1.013,1.355,0,NULL,NULL,,3,0,2,7,255,1269,250,0,0
stim,148021,178142,0,178142,3375469.454,-0.752,0.094,0.047,-0.651,0,0,27,0,0,0,0,107,46,1.051,1,2202,0,340.365,4.458,205.000,271.375,13.375,0.211,0.055,2.152,0.105,-4.457,9.684,3.078,3.450,1.013,1.355,0,NULL,NULL,,3,0,2,7,255,1269,250,0,0
stim,148038,178159,0,178159,3375474.457,-0.751,0.109,0.050,-0.650,0,0,27,0,0,0,0,103,46,1.051,1,2202,0,347.623,6.178,213.688,273.688,16.563,0.352,0.055,2.293,0.148,-6.176,10.496,3.076,3.450,1.013,1.355,0,NULL,NULL,,3,0,2,7,255,1269,250,0,0
stim,148038,178159,0,178159,3375479.454,-0.749,0.124,0.053,-0.648,0,0,23,0,0,0,0,103,46,1.051,1,2202,0,352.420,8.365,216.313,277.313,22.500,0.484,0.051,2.430,0.148,-8.363,11.355,3.068,3.442,1.013,1.355,0,NULL,NULL,,3,0,2,7,255,1269,250,0,0
stim,148038,178159,0,178159,3375484.455,-0.748,0.139,0.056,-0.647,0,0,28,0,0,0,0,103,46,1.051,1,2202,0,354.346,10.496,213.125,281.500,29.938,0.586,0.055,2.543,-0.059,-10.496,12.117,3.056,3.432,1.013,1.355,0,NULL,NULL,,3,0,2,7,255,1269,250,0,0
stim,148038,178159,0,178159,3375489.454,-0.747,0.154,0.059,-0.644,0,0,29,0,0,0,0,105,46,1.051,1,2202,0,354.001,12.362,206.188,285.375,36.938,0.672,0.063,2.629,-0.270,-12.359,12.625,3.038,3.416,1.013,1.355,0,NULL,NULL,,3,0,2,7,255,1269,250,0,0
stim,148064,178185,0,178185,3375494.455,-0.745,0.168,0.063,-0.642,0,0,23,0,0,0,0,105,46,1.051,1,2202,0,351.173,14.015,194.875,289.188,41.438,0.754,0.070,2.668,-0.457,-14.008,12.625,3.010,3.390,1.013,1.355,0,NULL,NULL,,3,0,2,7,255,1269,250,0,0
stim,148064,178185,0,178185,3375499.454,-0.744,0.182,0.067,-0.639,0,0,28,0,0,0,0,105,46,1.051,1,2202,0,345.896,15.494,180.438,291.438,46.375,0.805,0.051,2.660,-0.559,-15.484,12.574,2.974,3.354,1.013,1.355,0,NULL,NULL,,3,0,2,7,255,1269,250,0,0
stim,148064,178185,0,178185,3375504.455,-0.743,0.196,0.072,-0.636,0,0,31,0,0,0,0,119,46,1.051,1,2202,0,339.253,16.571,167.938,289.875,53.500,0.836,0.043,2.660,-0.887,-16.547,11.859,2.930,3.312,1.013,1.355,0,NULL,NULL,,3,0,2,7,255,1269,250,0,0
stim,148064,178185,0,178185,3375509.454,-0.742,0.209,0.076,-0.632,0,0,29,0,0,0,0,131,46,1.051,1,2202,0,327.632,17.450,150.500,286.188,52.813,0.898,0.066,2.648,-0.926,-17.426,11.285,2.878,3.262,1.013,1.355,0,NULL,NULL,,3,0,2,7,255,1269,250,0,0
stim,148108,178229,0,178229,3375514.455,-0.741,0.221,0.082,-0.629,0,0,27,0,0,0,0,153,46,1.051,1,2202,0,310.960,18.498,127.125,279.438,49.500,1.016,0.020,2.551,-1.105,-18.465,10.523,2.822,3.206,1.013,1.355,0,NULL,NULL,,3,0,2,7,255,1269,250,0,0
stim,148108,178229,0,178229,3375519.454,-0.740,0.232,0.087,-0.625,0,0,28,0,0,0,0,159,46,1.051,1,2202,0,292.128,19.676,102.688,268.875,50.000,1.125,-0.086,2.438,-1.105,-19.645,8.613,2.756,3.140,1.013,1.355,0,NULL,NULL,,3,0,2,7,255,1269,250,0,0
stim,148108,178229,0,178229,3375524.455,-0.740,0.242,0.093,-0.621,0,0,23,0,0,0,0,164,46,1.051,1,2202,0,275.026,20.737,81.500,257.063,54.000,1.254,-0.293,2.188,-1.785,-20.660,6.492,2.686,3.072,1.013,1.355,0,NULL,NULL,,3,0,2,7,255,1269,250,0,0
stim,148108,178229,0,178229,3375529.454,-0.740,0.251,0.098,-0.617,0,0,28,0,0,0,0,181,46,1.051,1,2202,0,263.702,21.468,83.938,238.313,75.500,1.426,-0.426,1.832,-3.129,-21.238,2.895,2.612,2.998,1.013,1.355,0,NULL,NULL,,3,0,2,7,255,1269,250,0,0
stim,148108,178229,0,178229,3375534.455,-0.739,0.261,0.101,-0.612,0,0,28,0,0,0,0,205,46,1.051,1,2202,0,256.767,21.518,100.000,223.500,77.313,1.148,-0.605,1.758,-3.457,-21.238,-1.641,2.534,2.920,1.013,1.355,0,NULL,NULL,,3,0,2,7,255,1269,250,0,0
stim,148108,178229,0,178229,3375539.454,-0.738,0.270,0.105,-0.609,0,0,31,0,0,0,0,222,46,1.051,1,2202,0,237.149,20.008,112.313,205.063,39.688,1.250,-0.750,1.539,-5.605,-19.207,-1.852,2.452,2.836,1.013,1.355,0,NULL,NULL,,3,0,2,7,255,1269,250,0,0
stim,148108,178229,0,178229,3375544.455,-0.736,0.280,0.107,-0.607,0,0,28,0,0,0,0,224,46,1.051,1,2202,0,232.001,20.257,136.875,185.375,26.938,1.492,-0.809,1.527,-6.438,-19.207,-4.883,2.364,2.748,1.013,1.355,0,NULL,NULL,,3,0,2,7,255,1269,250,0,0
stim,148108,178229,0,178229,3375549.454,-0.734,0.289,0.108,-0.605,0,0,27,0,0,0,0,247,46,1.051,1,2202,0,221.421,22.249,143.375,165.500,32.875,1.758,-0.781,1.641,-6.438,-21.297,-6.715,2.272,2.658,1.013,1.355,0,NULL,NULL,,3,0,2,7,255,1269,250,0,0
stim,148108,178229,0,178229,3375554.455,-0.733,0.297,0.109,-0.603,0,0,24,0,4,0,0,265,46,1.051,1,2202,0,200.589,24.777,129.438,148.563,37.563,1.883,-0.816,1.586,-5.777,-24.094,-7.469,2.178,2.564,1.013,1.355,0,NULL,NULL,,3,0,2,7,255,1269,250,0,0
stim,148108,178229,0,178229,3375559.454,-0.731,0.304,0.110,-0.601,0,0,29,0,16,0,0,283,46,1.051,1,2202,0,178.502,25.510,115.188,134.688,21.313,2.105,-0.918,1.383,-5.777,-24.848,-9.023,2.082,2.468,1.013,1.355,0,NULL,NULL,,3,0,2,7,255,1269,250,0,0
stim,148128,178250,0,178250,3375564.455,-0.729,0.311,0.111,-0.600,0,0,28,0,25,0,0,303,46,1.051,1,2202,0,164.831,26.241,111.250,121.625,0.188,2.367,-1.215,1.168,-5.793,-25.594,-12.445,1.982,2.366,1.013,1.355,0,NULL,NULL,,3,0,2,7,255,1269,250,0,0
stim,148128,178250,0,178250,3375569.454,-0.726,0.318,0.111,-0.599,0,0,25,0,43,0,0,318,46,1.051,1,2202,0,162.271,27.727,122.688,105.875,-8.375,2.609,-1.625,0.949,-7.520,-26.688,-16.707,1.878,2.264,1.013,1.355,0,NULL,NULL,,3,0,2,7,255,1269,250,0,0
stim,148128,178250,0,178250,3375574.455,-0.724,0.325,0.110,-0.599,0,0,25,0,58,0,0,329,46,1.051,1,2202,0,177.482,29.463,157.500,81.813,-0.625,2.730,-1.906,0.934,-10.359,-27.582,-21.250,1.772,2.156,1.013,1.355,0,NULL,NULL,,3,0,2,7,255,1269,250,0,0
stim,148128,178250,0,178250,3375579.455,-0.721,0.332,0.106,-0.599,0,0,27,0,56,0,0,345,46,1.051,1,2202,0,203.968,31.209,196.000,51.125,23.938,2.703,-1.875,1.258,-12.656,-28.527,-21.250,1.662,2.046,1.013,1.355,0,NULL,NULL,,3,0,2,7,255,1269,250,0,0
stim,148151,178272,0,178272,3375584.454,-0.719,0.340,0.100,-0.598,0,0,21,0,73,0,0,351,46,1.051,1,2202,0,230.052,32.316,225.125,20.500,42.688,2.395,-1.504,1.688,-12.656,-29.734,-21.016,1.546,1.930,1.013,1.355,0,NULL,NULL,,3,0,2,7,255,1269,250,0,0
stim,148151,178272,0,178272,3375589.455,-0.716,0.347,0.094,-0.599,0,0,29,0,83,0,0,361,46,1.051,1,2202,0,232.070,31.891,231.063,-14.438,16.063,1.844,-0.914,2.230,-11.527,-29.734,-15.301,1.426,1.808,1.013,1.355,0,NULL,NULL,,3,0,2,7,255,1269,250,0,0
stim,148151,178272,0,178272,3375594.454,-0.712,0.352,0.088,-0.601,0,0,25,0,61,0,0,365,46,1.051,1,2202,0,194.460,30.994,186.188,-45.250,-33.188,1.660,-0.465,2.762,-9.148,-29.613,-6.555,1.300,1.680,1.013,1.355,0,NULL,NULL,,3,0,2,7,255,1269,250,0,0
stim,148151,178272,0,178272,3375599.455,-0.710,0.353,0.084,-0.604,0,0,27,0,30,0,0,372,46,1.051,1,2202,0,139.494,30.497,102.688,-71.313,-61.875,1.590,-0.277,2.926,-7.289,-29.613,-0.168,1.170,1.548,1.013,1.355,0,NULL,NULL,,3,0,2,7,255,1269,250,0,0
stim,148174,178295,0,178295,3375604.453,-0.708,0.350,0.081,-0.608,0,0,25,0,19,0,0,371,46,1.051,1,2202,0,113.162,30.342,7.063,-94.688,-61.563,1.395,-0.176,2.820,-6.609,-29.613,2.148,1.038,1.414,1.013,1.355,0,NULL,NULL,,3,0,2,7,255,1269,250,0,0
stim,148174,178295,0,178295,3375609.457,-0.708,0.344,0.081,-0.611,0,0,23,0,10,0,0,443,46,1.051,1,2202,0,153.129,28.329,-74.063,-113.125,-71.875,1.125,-0.309,2.668,-6.609,-27.547,2.953,0.904,1.274,1.013,1.355,0,NULL,NULL,,3,0,2,7,255,1269,250,0,0
stim,148203,178324,0,178324,3375614.453,-0.710,0.342,0.071,-0.612,227,0,3,509,0,9,0,483,46,1.051,1,2202,0,233.298,28.554,86.438,-202.000,78.438,0.629,-0.344,4.063,-7.516,-27.547,3.051,0.774,1.136,1.013,1.355,0,NULL,NULL,,3,0,2,7,255,1269,250,0,0
stim,148203,178324,0,178324,3375619.455,-0.722,0.333,0.062,-0.604,886,0,0,1184,0,119,0,549,46,1.051,1,2202,0,449.306,25.556,-130.188,-239.000,357.500,-0.449,1.762,5.086,-7.516,-24.426,16.297,0.648,0.994,1.013,1.355,0,NULL,NULL,,3,0,2,7,255,1269,250,0,0
stim,148203,178324,0,178324,3375624.454,-0.741,0.306,0.072,-0.593,1337,0,0,1593,0,370,0,615,46,1.051,1,2202,0,831.007,22.896,-751.250,-161.688,316.313,-1.012,2.637,1.926,0.512,-22.891,19.051,0.530,0.856,1.013,1.355,0,NULL,NULL,,3,0,2,7,255,1269,250,0,0
stim,148203,178324,0,178324,3375629.455,-0.755,0.281,0.081,-0.587,1770,0,0,1875,0,533,0,659,46,1.051,1,2202,0,694.572,16.927,-648.188,-170.563,182.188,-1.742,2.418,-0.754,16.875,1.332,19.051,0.434,0.720,1.013,1.355,0,NULL,NULL,,3,0,2,7,255,1269,250,0,0
stim,148203,178324,0,178324,3375634.454,-0.761,0.267,0.085,-0.586,2042,0,0,1997,0,637,0,733,46,1.051,1,2203,0,370.300,25.266,-343.875,-129.313,46.375,-1.594,1.188,-0.711,16.875,18.805,-1.074,0.372,0.588,1.013,1.355,1,1270.000,1.000,,3,0,2,7,255,1269,250,0,0
stim,148203,178324,0,178324,3375639.455,-0.761,0.259,0.085,-0.588,2215,0,0,2099,0,805,0,808,46,1.051,1,2203,0,190.402,20.164,-131.375,-126.313,-55.125,-0.375,0.750,0.457,7.277,18.805,-2.383,0.350,0.466,1.013,1.355,1,NULL,NULL,,3,0,2,7,255,1269,250,0,0
stim,148240,178361,0,178361,3375644.453,-0.763,0.252,0.084,-0.589,2361,0,0,2163,0,953,0,884,46,1.051,1,2203,0,169.939,7.623,-122.125,-118.000,6.375,0.469,0.957,1.266,7.277,2.270,-2.383,0.370,0.356,1.013,1.355,1,NULL,NULL,,3,0,2,7,255,1269,250,0,0
stim,148240,178361,0,178361,3375649.455,-0.769,0.243,0.084,-0.585,2525,0,0,2331,0,1095,0,941,46,1.051,1,2203,0,258.837,10.206,-194.875,-122.688,118.188,0.309,1.410,1.320,8.422,-5.766,1.434,0.420,0.290,1.013,1.355,1,NULL,NULL,,3,0,2,7,255,1269,250,0,0
stim,148240,178361,0,178361,3375654.453,-0.776,0.232,0.084,-0.580,2677,0,0,2535,0,1135,0,969,46,1.051,1,2203,0,316.621,10.206,-247.938,-123.500,153.375,-0.605,0.883,1.105,8.422,-5.766,3.688,0.450,0.274,1.013,1.355,1,NULL,NULL,,3,0,2,7,255,1269,250,0,0
stim,148240,178361,0,178361,3375659.455,-0.784,0.219,0.085,-0.574,2796,0,0,2680,0,1135,0,1017,46,1.051,1,2203,0,380.153,5.512,-292.125,-158.625,184.438,-1.766,-0.855,0.336,5.063,2.180,3.688,0.460,0.288,1.013,1.355,2,NULL,NULL,,3,0,2,7,255,1269,250,0,0
stim,148240,178361,0,178361,3375664.454,-0.790,0.205,0.085,-0.572,2877,0,0,2787,0,1144,0,1127,46,1.051,1,2203,0,355.636,17.929,-296.125,-176.625,87.125,-1.898,-1.543,-0.113,-13.926,11.293,-2.023,0.454,0.320,1.013,1.355,2,NULL,NULL,,3,0,2,7,255,1269,250,0,0
stim,148240,178361,0,178361,3375669.455,-0.791,0.195,0.083,-0.574,2943,0,0,2879,0,1160,0,1224,46,1.051,1,2203,0,239.261,17.929,-141.125,-184.000,-58.938,-1.137,-0.719,-0.387,-13.926,11.293,-6.938,0.448,0.356,1.013,1.355,2,NULL,NULL,,3,0,2,7,255,1269,250,0,0
stim,148240,178361,0,178361,3375674.454,-0.789,0.191,0.076,-0.579,2981,0,0,2941,0,1177,0,1301,46,1.051,1,2203,0,209.292,13.719,30.625,-184.375,-94.188,-0.043,0.078,0.547,-10.117,9.266,-6.938,0.460,0.384,1.013,1.355,2,NULL,NULL,,3,0,2,7,255,1269,250,0,0
stim,148240,178361,0,178361,3375679.455,-0.787,0.189,0.069,-0.583,3019,0,0,3017,0,1227,0,1367,46,1.051,1,2203,0,192.075,2.163,74.313,-165.125,-64.063,0.563,-0.184,1.789,-1.516,-1.543,-4.594,0.474,0.412,1.013,1.355,2,NULL,NULL,,3,0,2,7,255,1269,250,0,0
stim,148240,178361,0,178361,3375684.453,-0.788,0.185,0.065,-0.584,3041,0,0,3051,0,1272,0,1390,46,1.051,1,2203,0,145.664,12.037,-17.000,-144.625,-3.563,0.813,-0.711,2.246,-1.516,-11.941,4.262,0.484,0.432,1.013,1.355,2,NULL,NULL,,3,0,2,7,255,1269,250,0,0
stim,148240,178361,0,178361,3375689.455,-0.791,0.177,0.063,-0.582,3055,0,0,3083,0,1372,0,1431,46,1.051,1,2203,0,211.706,15.642,-148.125,-131.813,74.188,0.641,-0.957,1.816,-6.094,-14.406,4.262,0.476,0.444,1.013,1.355,2,NULL,NULL,,3,0,2,7,255,1269,250,0,0
stim,148266,178387,0,178387,3375694.453,-0.797,0.167,0.063,-0.577,3080,0,0,3113,0,1455,0,1465,46,1.051,1,2203,0,274.443,16.640,-202.438,-121.688,139.750,0.141,-0.902,0.809,-8.328,-14.406,3.246,0.438,0.442,1.013,1.355,2,NULL,NULL,,3,0,2,7,255,1269,250,0,0
stim,148266,178387,0,178387,3375699.455,-0.802,0.160,0.062,-0.572,3092,0,0,3135,0,1527,0,1499,46,1.051,1,2203,0,238.502,10.671,-139.563,-121.625,150.375,-0.457,-0.750,0.309,-8.484,-6.473,-4.199,0.400,0.432,1.013,1.355,2,NULL,NULL,,3,0,2,7,255,1269,250,0,0
stim,148266,178387,0,178387,3375704.454,-0.805,0.155,0.058,-0.569,3093,0,0,3148,0,1654,0,1547,46,1.051,1,2203,0,173.622,8.520,-52.188,-127.688,105.438,-0.711,-0.496,0.652,-8.484,0.773,-4.199,0.368,0.418,1.013,1.355,2,NULL,NULL,,3,0,2,7,255,1269,250,0,0
stim,148266,178387,0,178387,3375709.455,-0.807,0.152,0.054,-0.568,3103,0,0,3163,0,1779,0,1625,46,1.051,1,2203,0,134.623,7.496,-16.500,-126.938,41.688,-0.543,-0.035,1.164,-7.391,1.250,-2.590,0.344,0.392,1.013,1.355,2,NULL,NULL,,3,0,2,7,255,1269,250,0,0
stim,148266,178387,0,178387,3375714.454,-0.808,0.147,0.050,-0.569,3101,0,0,3173,5,1873,0,1683,46,1.051,1,2203,0,125.358,3.178,-34.125,-120.375,7.750,-0.152,0.289,1.359,-2.922,1.250,2.398,0.334,0.352,1.013,1.355,2,NULL,NULL,,3,0,2,7,255,1269,250,0,0
stim,148266,178387,0,178387,3375719.455,-0.809,0.142,0.048,-0.569,3103,0,0,3165,77,1946,25,1727,46,1.051,1,2203,0,133.464,1.812,-70.563,-112.500,13.313,0.039,0.160,1.309,0.801,-1.625,2.625,0.334,0.302,1.013,1.355,2,NULL,NULL,,3,0,2,7,255,1269,250,0,0
stim,148322,178443,0,178443,3375724.454,-0.810,0.136,0.047,-0.568,3111,0,0,3167,151,2026,41,1765,46,1.051,1,2203,0,148.762,2.954,-102.250,-105.438,23.625,-0.102,-0.215,1.164,0.801,-2.844,2.625,0.338,0.256,1.013,1.355,2,NULL,NULL,,3,0,2,7,255,1269,250,0,0
stim,148322,178443,0,178443,3375729.457,-0.812,0.130,0.045,-0.568,3115,0,0,3172,280,2093,51,1797,46,1.051,1,2203,0,143.456,4.114,-101.375,-100.313,15.500,-0.109,-0.410,0.813,-2.973,-2.844,1.133,0.346,0.214,1.013,1.355,2,NULL,NULL,,3,0,2,7,255,1269,250,0,0
stim,148322,178443,0,178443,3375734.454,-0.813,0.125,0.043,-0.568,3114,0,0,3167,467,2180,72,1893,46,1.051,1,2203,0,117.463,4.811,-62.500,-98.438,14.188,-0.059,-0.387,0.707,-4.125,-2.477,-2.395,0.352,0.186,1.013,1.355,2,NULL,NULL,,3,0,2,7,255,1269,250,0,0
stim,148322,178443,0,178443,3375739.455,-0.813,0.122,0.041,-0.567,3119,0,0,3172,652,2235,202,1995,46,1.051,1,2203,0,103.911,4.811,-32.625,-97.500,15.063,-0.047,-0.234,1.004,-4.125,-2.477,-2.395,0.358,0.172,1.013,1.355,2,NULL,NULL,,3,0,2,7,255,1269,250,0,0
stim,148322,178443,0,178443,3375744.454,-0.813,0.120,0.038,-0.568,3118,0,0,3171,863,2275,210,2071,46,1.051,1,2203,0,69.491,3.906,-1.813,-68.938,-8.563,0.105,0.055,1.582,-2.813,-2.711,-0.430,0.364,0.162,1.013,1.355,2,NULL,NULL,,3,0,2,7,255,1269,250,0,0
stim,148322,178443,0,178443,3375749.455,-0.813,0.118,0.037,-0.569,3117,0,0,3181,1003,2311,213,2137,46,1.051,1,2203,0,57.250,4.254,-25.500,-44.063,-26.188,0.316,0.477,1.316,0.059,-4.254,2.711,0.372,0.152,1.013,1.355,2,NULL,NULL,,3,0,2,7,255,1269,250,0,0
stim,148322,178443,0,178443,3375754.454,-0.813,0.116,0.036,-0.570,3112,0,0,3165,1125,2336,229,2167,46,1.051,1,2203,0,47.263,6.411,-11.563,-42.250,-17.750,0.383,0.926,1.148,4.797,-4.254,2.711,0.380,0.144,1.013,1.355,2,NULL,NULL,,3,0,2,7,255,1269,250,0,0
stim,148322,178443,0,178443,3375759.456,-0.813,0.115,0.036,-0.570,3113,0,0,3171,1187,2363,219,2172,46,1.051,1,2203,0,31.736,5.666,-20.500,-24.188,-1.375,-0.012,0.359,1.492,4.797,-3.016,2.711,0.392,0.134,1.013,1.355,2,NULL,NULL,,3,0,2,7,255,1269,250,0,0
stim,148322,178443,0,178443,3375764.453,-0.813,0.111,0.037,-0.571,3113,0,0,3165,1276,2391,197,2264,46,1.051,1,2203,0,90.786,3.211,-87.313,-18.500,-16.625,-0.387,0.012,1.313,2.539,-1.965,3.457,0.408,0.122,1.013,1.355,2,NULL,NULL,,3,0,2,7,255,1269,250,0,0
stim,148322,178443,0,178443,3375769.455,-0.812,0.108,0.040,-0.573,3127,0,0,3180,1349,2413,167,2296,46,1.051,1,2203,0,110.792,1.008,-88.625,-12.438,-65.313,-0.297,0.219,0.840,0.703,0.723,3.457,0.426,0.106,1.013,1.355,2,NULL,NULL,,3,0,2,7,255,1269,250,0,0
stim,148322,178443,0,178443,3375774.454,-0.810,0.106,0.040,-0.576,3118,11,0,3171,1424,2427,165,2323,46,1.051,1,2203,0,104.102,1.008,-42.438,-12.375,-94.250,0.012,0.207,0.816,0.703,0.723,-1.016,0.446,0.086,1.013,1.355,2,NULL,NULL,,3,0,2,7,255,1269,250,0,0
stim,148322,178443,0,178443,3375779.455,-0.808,0.105,0.041,-0.579,3115,23,0,3173,1501,2441,151,2343,46,1.051,1,2203,0,79.469,1.408,-24.375,-11.563,-74.750,0.184,0.059,1.078,0.762,-1.184,-1.016,0.462,0.074,1.013,1.355,2,NULL,NULL,,3,0,2,7,255,1269,250,0,0
stim,148354,178475,0,178475,3375784.453,-0.807,0.103,0.041,-0.580,3125,41,0,3173,1561,2451,155,2361,46,1.051,1,2203,0,58.422,3.038,-44.938,-8.125,-36.438,0.066,0.020,1.168,0.762,-2.941,0.238,0.472,0.064,1.013,1.355,2,NULL,NULL,,3,0,2,7,255,1269,250,0,0
stim,148354,178475,0,178475,3375789.455,-0.807,0.100,0.043,-0.581,3127,57,0,3180,1593,2457,151,2391,46,1.051,1,2203,0,70.677,3.009,-62.313,-6.625,-32.688,-0.156,0.148,1.004,0.633,-2.941,0.238,0.482,0.058,1.013,1.355,2,NULL,NULL,,3,0,2,7,255,1269,250,0,0
stim,148354,178475,0,178475,3375794.454,-0.805,0.098,0.044,-0.583,3119,62,0,3177,1633,2477,152,2407,46,1.051,1,2203,0,72.393,0.615,-48.750,-4.688,-53.313,-0.133,0.133,0.871,0.594,-0.160,0.230,0.490,0.054,1.013,1.355,2,NULL,NULL,,3,0,2,7,255,1269,250,0,0
stim,148354,178475,0,178475,3375799.455,-0.804,0.097,0.045,-0.585,3125,71,0,3183,1673,2485,152,2423,46,1.051,1,2203,0,64.834,0.615,-26.625,-3.688,-59.000,0.020,0.008,0.949,0.594,-0.160,-0.719,0.496,0.048,1.013,1.355,2,NULL,NULL,,3,0,2,7,255,1269,250,0,0
stim,148354,178475,0,178475,3375804.454,-0.803,0.096,0.045,-0.586,3131,86,1,3179,1714,2493,148,2439,46,1.051,1,2203,0,43.729,2.088,-21.563,-1.813,-38.000,0.074,0.012,1.035,0.160,-2.082,-0.719,0.506,0.042,1.013,1.355,2,NULL,NULL,,3,0,2,7,255,1269,250,0,0
stim,148354,178475,0,178475,3375809.455,-0.803,0.095,0.046,-0.587,3123,107,7,3181,1741,2504,149,2443,46,1.051,1,2203,0,31.869,2.088,-26.625,-0.688,-17.500,-0.059,0.094,1.055,0.160,-2.082,0.000,0.514,0.036,1.013,1.355,2,NULL,NULL,,3,0,2,7,255,1269,250,0,0
stim,148408,178529,0,178529,3375814.453,-0.803,0.094,0.046,-0.587,3125,118,19,3196,1765,2520,142,2455,46,1.051,1,2203,0,33.197,1.328,-28.688,0.750,-16.688,-0.168,0.109,1.004,0.363,-1.277,0.211,0.520,0.032,1.013,1.355,2,NULL,NULL,,3,0,2,7,255,1269,250,0,0
stim,148408,178529,0,178529,3375819.457,-0.802,0.093,0.047,-0.588,3131,123,37,3184,1785,2522,141,2460,46,1.051,1,2203,0,35.584,0.390,-22.500,0.500,-27.563,-0.195,0.055,0.973,0.363,-0.141,0.211,0.526,0.028,1.013,1.355,2,NULL,NULL,,3,0,2,7,255,1269,250,0,0
stim,148408,178529,0,178529,3375824.454,-0.801,0.092,0.048,-0.589,3127,145,47,3189,1797,2531,134,2473,46,1.051,1,2203,0,37.436,0.247,-18.688,0.250,-32.438,-0.117,-0.027,1.004,-0.203,-0.141,0.027,0.532,0.026,1.013,1.355,2,NULL,NULL,,3,0,2,7,255,1269,250,0,0
stim,148408,178529,0,178529,3375829.455,-0.801,0.091,0.048,-0.590,3139,155,87,3183,1807,2536,110,2471,46,1.051,1,2203,0,30.207,1.201,-17.750,0.438,-24.438,-0.066,-0.078,0.988,-0.699,-0.977,-0.082,0.538,0.022,1.013,1.355,2,NULL,NULL,,3,0,2,7,255,1269,250,0,0
stim,148408,178529,0,178529,3375834.454,-0.800,0.090,0.049,-0.591,3127,148,103,3189,1831,2543,108,2483,46,1.051,1,2203,0,21.754,1.464,-15.625,-0.563,-15.125,-0.121,-0.090,0.969,-1.016,-1.055,-0.246,0.544,0.018,1.013,1.355,2,NULL,NULL,,3,0,2,7,255,1269,250,0,0
stim,148408,178529,0,178529,3375839.455,-0.800,0.090,0.049,-0.591,3128,149,147,3183,1843,2541,104,2487,46,1.072,1,2203,1,17.661,1.656,-13.188,-1.188,-11.688,-0.160,-0.090,0.953,-1.277,-1.055,-0.332,0.000,0.000,1.030,1.340,2,NULL,NULL,,3,0,2,7,255,1269,250,0,0
stim,148408,178529,0,178529,3375844.454,-0.800,0.089,0.049,-0.591,3120,153,149,3183,1861,2549,105,2485,46,1.072,1,2203,1,16.125,1.515,-9.500,-2.000,-12.875,-0.160,-0.090,0.953,-1.367,-0.652,-0.387,0.006,0.004,1.030,1.340,2,NULL,NULL,,3,0,2,7,255,1269,250,0,0
stim,148408,178529,0,178529,3375849.455,-0.800,0.089,0.050,-0.592,3119,155,151,3189,1867,2549,100,2487,46,1.072,1,2203,1,12.632,1.515,-7.000,-3.438,-9.938,-0.133,-0.098,0.953,-1.367,-0.652,-0.402,0.012,0.010,1.030,1.340,2,NULL,NULL,,3,0,2,7,255,1269,250,0,0
stim,148408,178529,0,178529,3375854.453,-0.800,0.088,0.050,-0.592,3114,150,141,3179,1875,2539,89,2485,46,1.072,1,2203,1,8.511,1.619,-5.000,-4.063,-5.563,-0.133,-0.098,0.957,-1.344,-0.902,-0.426,0.016,0.014,1.030,1.340,2,NULL,NULL,,3,0,2,7,255,1269,250,0,0
stim,148408,178529,0,178529,3375859.455,-0.799,0.088,0.050,-0.592,3113,145,153,3191,1882,2539,67,2499,46,1.072,1,2203,1,5.927,1.615,-2.313,-4.750,-2.688,-0.148,-0.066,0.953,-1.340,-0.902,-0.426,0.020,0.018,1.030,1.340,2,NULL,NULL,,3,0,2,7,255,1269,250,0,0
stim,148430,178551,0,178551,3375864.453,-0.799,0.088,0.049,-0.592,3109,143,181,3189,1883,2552,57,2488,46,1.072,1,2203,1,6.221,1.264,1.500,-4.875,-3.563,-0.148,-0.020,0.961,-1.070,-0.672,-0.422,0.024,0.022,1.030,1.340,2,NULL,NULL,,3,0,2,7,255,1269,250,0,0
stim,148430,178551,0,178551,3375869.455,-0.799,0.087,0.049,-0.592,3111,139,198,3172,1888,2547,45,2491,46,1.072,1,2203,1,7.484,0.923,3.938,-4.500,-4.500,-0.133,-0.012,0.980,-0.633,-0.672,-0.301,0.028,0.026,1.030,1.340,2,NULL,NULL,,3,0,2,7,255,1269,250,0,0
stim,148430,178551,0,178551,3375874.454,-0.799,0.087,0.049,-0.593,3103,139,214,3173,1891,2539,43,2489,46,1.072,1,2203,1,7.371,0.870,4.063,-4.875,-3.750,-0.129,0.008,0.996,-0.523,-0.695,-0.133,0.030,0.026,1.030,1.340,2,NULL,NULL,,3,0,2,7,255,1269,250,0,0
stim,148430,178551,0,178551,3375879.455,-0.799,0.087,0.049,-0.593,3103,135,231,3165,1895,2551,20,2491,46,1.072,1,2203,1,7.873,0.772,5.250,-4.563,-3.688,-0.137,0.039,0.996,-0.336,-0.695,0.004,0.030,0.028,1.030,1.340,2,NULL,NULL,,3,0,2,7,255,1269,250,0,0
stim,148451,178572,0,178572,3375884.454,-0.799,0.087,0.048,-0.593,3100,135,227,3157,1891,2545,23,2493,46,1.072,1,2203,1,8.610,0.532,5.750,-4.500,-4.563,-0.152,0.063,1.004,-0.070,-0.527,0.027,0.030,0.028,1.030,1.340,2,NULL,NULL,,3,0,2,7,255,1269,250,0,0
stim,148451,178572,0,178572,3375889.455,-0.799,0.087,0.048,-0.593,3099,133,243,3148,1903,2548,19,2507,46,1.072,1,2203,1,9.370,0.372,5.188,-4.500,-6.375,-0.156,0.074,1.008,0.098,-0.359,0.156,0.030,0.028,1.030,1.340,2,NULL,NULL,,3,0,2,7,255,1269,250,0,0
stim,148451,178572,0,178572,3375894.453,-0.799,0.087,0.048,-0.594,3092,132,250,3143,1899,2537,21,2494,46,1.072,1,2203,1,9.949,0.320,4.188,-4.625,-7.750,-0.160,0.082,1.008,0.172,-0.270,0.207,0.030,0.026,1.030,1.340,2,NULL,NULL,,3,0,2,7,255,1269,250,0,0
stim,148451,178572,0,178572,3375899.455,-0.798,0.087,0.047,-0.594,3083,132,269,3130,1912,2539,18,2501,46,1.072,1,2203,1,10.445,0.285,3.563,-5.125,-8.375,-0.164,0.078,1.000,0.191,-0.211,0.207,0.032,0.026,1.030,1.340,2,NULL,NULL,,3,0,2,7,255,1269,250,0,0
stim,148476,178597,0,178597,3375904.453,-0.798,0.087,0.047,-0.594,3079,123,285,3132,1917,2539,10,2507,46,1.072,1,2203,1,12.376,0.288,3.625,-6.125,-10.125,-0.168,0.094,0.988,0.242,-0.156,0.164,0.032,0.026,1.030,1.340,2,NULL,NULL,,3,0,2,7,255,1269,250,0,0
stim,148476,178597,0,178597,3375909.457,-0.798,0.087,0.047,-0.595,3067,125,297,3124,1934,2535,7,2513,46,1.072,1,2203,1,13.823,0.360,5.063,-7.063,-10.750,-0.152,0.109,0.992,0.324,-0.156,0.063,0.034,0.026,1.030,1.340,2,NULL,NULL,,3,0,2,7,255,1269,250,0,0
stim,148503,178624,0,178624,3375914.454,-0.798,0.087,0.046,-0.595,3061,123,298,3101,1951,2537,8,2517,46,1.072,1,2203,1,13.075,0.540,5.125,-8.188,-8.813,-0.141,0.129,1.008,0.512,-0.172,0.063,0.036,0.026,1.030,1.340,2,NULL,NULL,,3,0,2,7,255,1269,250,0,0
stim,148503,178624,0,178624,3375919.455,-0.798,0.087,0.046,-0.595,3051,131,319,3107,1973,2539,10,2522,46,1.072,1,2203,1,11.484,0.758,3.438,-9.000,-6.250,-0.148,0.152,1.020,0.738,-0.172,0.211,0.036,0.024,1.030,1.340,2,NULL,NULL,,3,0,2,7,255,1269,250,0,0
stim,148503,178624,0,178624,3375924.455,-0.797,0.087,0.045,-0.595,3044,133,342,3087,1996,2546,11,2534,46,1.072,1,2203,1,11.532,0.913,1.875,-10.063,-5.313,-0.148,0.172,1.020,0.902,-0.137,0.336,0.038,0.020,1.030,1.340,2,NULL,NULL,,3,0,2,7,255,1269,250,0,0
stim,148503,178624,0,178624,3375929.455,-0.797,0.087,0.045,-0.596,3044,134,378,3078,2015,2537,16,2549,46,1.072,1,2203,1,11.555,1.118,0.313,-10.813,-4.063,-0.133,0.180,1.023,1.109,-0.137,0.344,0.038,0.018,1.030,1.340,2,NULL,NULL,,3,0,2,7,255,1269,250,0,0
stim,148530,178651,0,178651,3375934.454,-0.797,0.087,0.044,-0.596,3032,138,421,3075,2044,2547,22,2552,46,1.072,1,2203,1,11.710,1.131,-2.625,-11.188,-2.250,-0.133,0.172,1.020,1.117,-0.176,0.344,0.038,0.016,1.030,1.340,2,NULL,NULL,,3,0,2,7,255,1269,250,0,0
stim,148530,178651,0,178651,3375939.455,-0.797,0.086,0.044,-0.596,3027,142,485,3056,2077,2547,36,2579,46,1.072,1,2203,1,12.838,1.131,-4.875,-11.875,-0.188,-0.148,0.164,1.004,1.117,-0.176,0.324,0.038,0.012,1.030,1.340,2,NULL,NULL,,3,0,2,7,255,1269,250,0,0
stim,148530,178651,0,178651,3375944.453,-0.797,0.086,0.043,-0.596,3013,147,565,3043,2121,2552,46,2589,46,1.072,1,2203,1,13.211,1.016,-5.125,-12.000,-2.063,-0.152,0.156,1.016,1.016,-0.035,0.309,0.040,0.010,1.030,1.340,2,NULL,NULL,,3,0,2,7,255,1269,250,0,0
stim,148530,178651,0,178651,3375949.455,-0.797,0.085,0.043,-0.596,3007,164,627,3039,2165,2548,76,2610,46,1.072,1,2203,1,14.090,0.923,-6.250,-11.750,-4.625,-0.133,0.141,1.016,0.922,-0.035,0.285,0.042,0.010,1.030,1.340,2,NULL,NULL,,3,0,2,7,255,1269,250,0,0
stim,148530,178651,0,178651,3375954.454,-0.797,0.085,0.043,-0.596,2987,168,699,3029,2207,2547,79,2617,46,1.072,1,2203,1,13.891,0.878,-6.875,-11.625,-3.250,-0.109,0.105,1.008,0.844,-0.242,0.285,0.044,0.010,1.030,1.340,2,NULL,NULL,,3,0,2,7,255,1269,250,0,0
stim,148530,178651,0,178651,3375959.455,-0.797,0.084,0.043,-0.596,2969,187,735,3021,2247,2551,123,2629,46,1.072,1,2203,1,14.344,0.650,-8.563,-11.500,-0.438,-0.137,0.078,1.000,0.570,-0.313,0.160,0.046,0.010,1.030,1.340,2,NULL,NULL,,3,0,2,7,255,1269,250,0,0
stim,148530,178651,0,178651,3375964.454,-0.797,0.084,0.042,-0.596,2953,197,790,3015,2279,2555,173,2643,46,1.072,1,2203,1,15.445,0.379,-10.000,-11.313,-3.250,-0.184,0.051,0.980,0.215,-0.313,0.105,0.048,0.012,1.030,1.340,2,NULL,NULL,,3,0,2,7,255,1269,250,0,0
stim,148530,178651,0,178651,3375969.455,-0.797,0.083,0.042,-0.597,2937,210,852,3003,2313,2565,213,2653,46,1.072,1,2203,1,17.696,0.180,-8.813,-11.250,-10.438,-0.191,0.027,0.957,-0.160,0.082,-0.035,0.052,0.014,1.030,1.340,2,NULL,NULL,,3,0,2,7,255,1269,250,0,0
stim,148530,178651,0,178651,3375974.454,-0.797,0.082,0.042,-0.597,2923,233,922,2991,2348,2611,237,2665,46,1.072,1,2203,1,19.743,0.395,-5.875,-11.813,-14.688,-0.168,0.004,0.961,-0.387,0.082,-0.266,0.056,0.016,1.030,1.340,2,NULL,NULL,,3,0,2,7,255,1269,250,0,0
stim,148530,178651,0,178651,3375979.455,-0.796,0.082,0.042,-0.598,2909,250,1021,2989,2387,2580,284,2681,46,1.072,1,2203,1,20.116,0.487,-4.250,-12.563,-15.125,-0.160,0.008,0.980,-0.473,-0.117,-0.266,0.058,0.018,1.030,1.340,2,NULL,NULL,,3,0,2,7,255,1269,250,0,0
stim,148548,178669,0,178669,3375984.453,-0.796,0.081,0.042,-0.598,2895,251,1133,2965,2415,2573,339,2687,46,1.072,1,2203,1,20.937,0.487,-5.000,-13.375,-15.313,-0.164,0.043,0.988,-0.473,-0.117,-0.074,0.062,0.022,1.030,1.340,2,NULL,NULL,,3,0,2,7,255,1269,250,0,0
stim,148548,178669,0,178669,3375989.455,-0.796,0.081,0.041,-0.599,2873,253,1205,2951,2455,2578,368,2701,46,1.072,1,2203,1,23.061,0.189,-6.813,-13.938,-17.063,-0.172,0.047,0.992,-0.156,-0.105,0.016,0.064,0.022,1.030,1.340,2,NULL,NULL,,3,0,2,7,255,1269,250,0,0
stim,148548,178669,0,178669,3375994.454,-0.795,0.080,0.041,-0.600,2853,263,1270,2939,2479,2587,467,2715,46,1.072,1,2203,1,26.551,0.178,-9.375,-14.563,-20.125,-0.168,0.020,0.980,-0.156,-0.086,0.016,0.066,0.024,1.030,1.340,2,NULL,NULL,,3,0,2,7,255,1269,250,0,0
stim,148548,178669,0,178669,3375999.455,-0.795,0.079,0.041,-0.600,2841,251,1354,2915,2506,2585,487,2729,46,1.072,1,2203,1,28.692,0.370,-9.188,-15.250,-22.500,-0.141,-0.004,0.957,-0.359,-0.086,-0.055,0.066,0.024,1.030,1.340,2,NULL,NULL,,3,0,2,7,255,1269,250,0,0
stim,148571,178692,1,178692,3376004.454,-0.794,0.078,0.041,-0.601,2816,267,1397,2899,2543,2590,565,2740,46,1.072,1,2203,1,28.479,0.533,-6.750,-16.188,-22.438,-0.125,0.000,0.965,-0.426,-0.320,-0.289,0.068,0.026,1.030,1.340,2,NULL,NULL,,3,1,2,7,255,1269,250,0,0
stim,148571,178692,1,178692,3376009.455,-0.794,0.077,0.040,-0.602,2797,265,1555,2879,2555,2589,683,2749,46,1.072,1,2203,1,27.925,0.645,-5.750,-16.625,-21.688,-0.098,0.023,0.984,-0.426,-0.484,-0.289,0.072,0.026,1.030,1.340,2,NULL,NULL,,3,1,2,7,255,1269,250,0,0
stim,148571,178692,1,178692,3376014.453,-0.793,0.077,0.040,-0.603,2773,267,1618,2861,2582,2589,765,2765,46,1.072,1,2203,1,26.616,0.679,-5.938,-16.375,-20.125,-0.074,0.035,0.992,-0.141,-0.664,-0.133,0.072,0.026,1.030,1.340,2,NULL,NULL,,3,1,2,7,255,1269,250,0,0
stim,148571,178692,1,178692,3376019.455,-0.793,0.076,0.039,-0.603,2747,274,1691,2843,2605,2597,875,2776,46,1.072,1,2203,1,23.195,0.839,-6.188,-16.688,-14.875,-0.078,0.016,0.984,-0.133,-0.828,-0.133,0.074,0.026,1.030,1.340,2,NULL,NULL,,3,1,2,7,255,1269,250,0,0
stim,148621,178742,1,178742,3376024.454,-0.793,0.075,0.039,-0.604,2725,277,1757,2827,2629,2599,955,2789,46,1.072,1,2203,1,21.235,0.839,-5.438,-16.875,-11.688,-0.125,0.027,0.988,-0.133,-0.828,-0.078,0.076,0.026,1.030,1.340,2,NULL,NULL,,3,1,2,7,255,1269,250,0,0
stim,148621,178742,1,178742,3376029.456,-0.792,0.075,0.038,-0.604,2696,285,1817,2807,2649,2601,1041,2800,46,1.072,1,2203,1,23.099,0.383,-3.625,-17.188,-15.000,-0.148,0.086,0.996,-0.133,-0.359,-0.051,0.078,0.026,1.030,1.340,2,NULL,NULL,,3,1,2,7,255,1269,250,0,0
stim,148621,178742,1,178742,3376034.454,-0.792,0.074,0.038,-0.605,2659,309,1877,2792,2665,2603,1134,2811,46,1.072,1,2203,1,26.536,0.434,-1.500,-17.375,-20.000,-0.109,0.121,1.008,0.352,-0.254,0.102,0.080,0.026,1.030,1.340,2,NULL,NULL,,3,1,2,7,255,1269,250,0,0
stim,148621,178742,1,178742,3376039.455,-0.792,0.074,0.037,-0.606,2618,303,1939,2770,2685,2603,1233,2822,46,1.072,1,2203,1,24.782,0.653,-1.938,-17.688,-17.250,-0.074,0.094,1.023,0.602,-0.254,0.172,0.082,0.026,1.030,1.340,2,NULL,NULL,,3,1,2,7,255,1269,250,0,0
stim,148621,178742,1,178742,3376044.454,-0.791,0.073,0.037,-0.606,2573,303,1979,2739,2709,2605,1331,2831,46,1.072,1,2203,1,22.041,0.813,-5.000,-16.938,-13.188,-0.098,0.063,1.027,0.602,-0.547,0.242,0.084,0.026,1.030,1.340,2,NULL,NULL,,3,1,2,7,255,1269,250,0,0
stim,148621,178742,1,178742,3376049.455,-0.791,0.072,0.036,-0.606,2529,313,2037,2712,2723,2605,1414,2843,46,1.072,1,2203,1,22.457,0.597,-7.750,-17.063,-12.375,-0.129,0.012,1.000,0.238,-0.547,0.242,0.086,0.026,1.030,1.340,2,NULL,NULL,,3,1,2,7,255,1269,250,0,0
stim,148621,178742,1,178742,3376054.453,-0.791,0.071,0.036,-0.607,2485,333,2108,2685,2735,2605,1482,2848,46,1.072,1,2203,1,24.010,0.417,-6.313,-17.438,-15.250,-0.133,-0.012,0.969,-0.301,-0.289,0.082,0.088,0.028,1.030,1.340,2,NULL,NULL,,3,1,2,7,255,1269,250,0,0
stim,148621,178742,1,178742,3376059.457,-0.790,0.071,0.035,-0.608,2425,341,2165,2658,2748,2605,1592,2855,46,1.072,1,2203,1,24.966,0.518,-2.000,-17.938,-17.250,-0.113,-0.008,0.961,-0.430,-0.289,-0.250,0.090,0.030,1.030,1.340,2,NULL,NULL,,3,1,2,7,255,1269,250,0,0
stim,148649,178770,1,178770,3376064.453,-0.790,0.070,0.035,-0.608,2373,343,2220,2619,2763,2611,1672,2867,46,1.072,1,2203,1,24.329,0.586,0.750,-18.313,-16.000,-0.098,0.012,0.980,-0.430,-0.398,-0.250,0.092,0.030,1.030,1.340,2,NULL,NULL,,3,1,2,7,255,1269,250,0,0
stim,148649,178770,1,178770,3376069.455,-0.789,0.070,0.034,-0.609,2311,340,2264,2581,2778,2607,1733,2877,46,1.072,1,2203,1,24.950,0.570,1.250,-18.563,-16.625,-0.094,0.039,1.020,-0.242,-0.516,-0.152,0.094,0.032,1.030,1.340,2,NULL,NULL,,3,1,2,7,255,1269,250,0,0
stim,148649,178770,1,178770,3376074.455,-0.789,0.069,0.034,-0.609,2251,345,2309,2533,2790,2611,1799,2885,46,1.072,1,2203,1,23.361,0.573,-3.125,-17.688,-14.938,-0.102,0.008,1.016,-0.242,-0.520,0.160,0.094,0.034,1.030,1.340,2,NULL,NULL,,3,1,2,7,255,1269,250,0,0
stim,148649,178770,1,178770,3376079.455,-0.789,0.068,0.033,-0.610,2184,345,2351,2489,2807,2613,1874,2892,46,1.072,1,2203,1,23.210,0.589,-5.188,-18.688,-12.750,-0.109,0.008,1.008,-0.277,-0.520,0.160,0.096,0.036,1.030,1.340,2,NULL,NULL,,3,1,2,7,255,1269,250,0,0
stim,148649,178770,1,178770,3376084.454,-0.788,0.067,0.033,-0.610,2094,337,2393,2431,2823,2613,1944,2901,46,1.072,1,2203,1,23.868,0.493,-5.375,-17.875,-14.875,-0.137,0.008,0.996,-0.285,-0.402,0.102,0.098,0.038,1.030,1.340,2,NULL,NULL,,3,1,2,7,255,1269,250,0,0
stim,148649,178770,1,178770,3376089.455,-0.788,0.067,0.032,-0.611,2013,333,2426,2379,2829,2608,2005,2905,46,1.072,1,2203,1,25.920,0.304,-5.313,-19.938,-15.688,-0.133,0.047,1.023,-0.277,-0.125,0.102,0.100,0.038,1.030,1.340,2,NULL,NULL,,3,1,2,7,255,1269,250,0,0
stim,148649,178770,1,178770,3376094.453,-0.788,0.066,0.032,-0.612,1931,265,2422,2308,2843,2619,2063,2913,46,1.072,1,2203,1,30.404,0.075,-7.125,-19.313,-22.375,-0.152,0.063,1.066,0.008,-0.074,0.316,0.100,0.040,1.030,1.340,2,NULL,NULL,,3,1,2,7,255,1269,250,0,0
stim,148649,178770,1,178770,3376099.455,-0.787,0.065,0.031,-0.613,1823,300,2488,2235,2855,2611,2121,2911,46,1.072,1,2203,1,38.831,0.156,-19.000,-19.500,-27.688,-0.113,0.102,1.109,0.137,-0.074,0.746,0.102,0.040,1.030,1.340,2,NULL,NULL,,3,1,2,7,255,1269,250,0,0
stim,148668,178789,1,178789,3376104.453,-0.786,0.063,0.032,-0.614,1707,275,2523,2141,2869,2611,2169,2923,46,1.072,1,2203,1,46.949,0.546,-30.500,-19.625,-29.813,-0.117,0.090,1.113,0.523,-0.156,1.137,0.102,0.040,1.030,1.340,2,NULL,NULL,,3,1,2,7,255,1269,250,0,0
stim,148668,178789,1,178789,3376109.455,-0.785,0.061,0.032,-0.615,1545,263,2551,2019,2877,2605,2223,2927,46,1.072,1,2203,1,55.765,0.564,-38.125,-18.125,-36.438,-0.102,0.035,1.027,0.523,-0.211,1.137,0.102,0.040,1.030,1.340,2,NULL,NULL,,3,1,2,7,255,1269,250,0,0
stim,148716,178837,1,178837,3376114.454,-0.785,0.059,0.032,-0.616,1367,245,2579,1931,2893,2604,2264,2935,46,1.072,1,2203,1,49.228,0.459,-34.875,-20.313,-28.188,0.000,0.039,0.938,0.336,-0.313,0.305,0.104,0.040,1.030,1.340,2,NULL,NULL,,3,1,2,7,255,1269,250,0,0
stim,148716,178837,1,178837,3376119.457,-0.784,0.058,0.032,-0.617,1234,244,2599,1817,2904,2601,2311,2935,46,1.072,1,2203,1,35.122,0.625,-21.688,-19.188,-19.875,-0.063,0.004,0.945,0.070,-0.621,-0.551,0.104,0.040,1.030,1.340,2,NULL,NULL,,3,1,2,7,255,1269,250,0,0
stim,148716,178837,1,178837,3376124.454,-0.784,0.057,0.032,-0.617,1101,235,2619,1687,2911,2599,2357,2940,46,1.072,1,2203,1,34.013,0.632,-17.375,-18.750,-22.438,-0.141,-0.027,1.031,-0.117,-0.621,-0.551,0.104,0.038,1.030,1.340,2,NULL,NULL,,3,1,2,7,255,1269,250,0,0
stim,148716,178837,1,178837,3376129.455,-0.783,0.055,0.032,-0.618,939,201,2646,1519,2921,2591,2397,2951,46,1.072,1,2203,1,40.588,0.490,-22.688,-21.063,-26.250,-0.129,-0.023,1.059,-0.473,-0.129,0.363,0.104,0.038,1.030,1.340,2,NULL,NULL,,3,1,2,7,255,1269,250,0,0
stim,148716,178837,1,178837,3376134.454,-0.783,0.054,0.032,-0.619,800,155,2667,1339,2930,2589,2427,2955,46,1.072,1,2203,1,47.920,0.487,-30.125,-21.938,-30.125,-0.125,-0.012,1.063,-0.473,-0.117,0.645,0.104,0.038,1.030,1.340,2,NULL,NULL,,3,1,2,7,255,1269,250,0,0
stim,148716,178837,1,178837,3376139.455,-0.782,0.052,0.032,-0.620,607,117,2685,1160,2939,2585,2467,2961,46,1.072,1,2203,1,50.262,0.356,-33.313,-22.563,-30.125,-0.129,0.020,1.020,-0.336,-0.117,0.645,0.104,0.038,1.030,1.340,2,NULL,NULL,,3,1,2,7,255,1269,250,0,0
stim,148716,178837,1,178837,3376144.454,-0.781,0.050,0.032,-0.621,443,78,2712,969,2953,2579,2505,2967,46,1.072,1,2203,1,49.685,0.020,-29.875,-23.750,-31.813,-0.109,0.051,0.992,-0.016,0.012,0.262,0.102,0.038,1.030,1.340,2,NULL,NULL,,3,1,2,7,255,1269,250,0,0
stim,148716,178837,1,178837,3376149.455,-0.780,0.049,0.032,-0.622,282,61,2731,780,2963,2569,2541,2971,46,1.072,1,2203,1,46.900,0.338,-23.500,-26.125,-31.063,-0.121,0.082,1.051,0.332,0.063,0.262,0.100,0.038,1.030,1.340,2,NULL,NULL,,3,1,2,7,255,1269,250,0,0
stim,148716,178837,1,178837,3376154.454,-0.780,0.047,0.032,-0.623,175,27,2736,591,2971,2552,2571,2973,46,1.072,1,2203,1,48.080,0.335,-24.563,-28.563,-29.875,-0.121,0.043,1.090,0.332,0.043,0.551,0.100,0.040,1.030,1.340,2,NULL,NULL,,3,1,2,7,255,1269,250,0,0
stim,148716,178837,1,178837,3376159.455,-0.779,0.045,0.031,-0.624,83,0,2773,395,2980,2537,2600,2979,46,1.072,1,2203,1,51.278,0.304,-29.938,-29.500,-29.375,-0.129,-0.008,1.117,0.301,0.043,0.926,0.100,0.040,1.030,1.340,2,NULL,NULL,,3,1,2,7,255,1269,250,0,0
stim,148716,178837,1,178837,3376164.453,-0.778,0.043,0.031,-0.626,37,0,2787,226,2985,2520,2629,2984,46,1.072,1,2203,1,57.845,0.192,-34.188,-31.000,-34.875,-0.156,-0.027,1.082,-0.188,0.043,0.926,0.098,0.042,1.030,1.340,2,NULL,NULL,,3,1,2,7,255,1269,250,0,0
stim,148716,178837,1,178837,3376169.455,-0.777,0.041,0.031,-0.627,11,0,2799,117,2992,2504,2650,2986,46,1.072,1,2203,1,59.418,0.190,-29.500,-36.063,-36.875,-0.105,0.020,1.012,-0.188,0.031,0.891,0.098,0.042,1.030,1.340,2,NULL,NULL,,3,1,2,7,255,1269,250,0,0
stim,148749,178870,1,178870,3376174.454,-0.776,0.039,0.030,-0.628,0,0,2811,82,3003,2475,2671,2991,46,1.072,1,2203,1,63.985,0.038,-21.875,-41.250,-43.750,-0.082,-0.004,0.980,-0.035,0.016,0.172,0.098,0.044,1.030,1.340,2,NULL,NULL,,3,1,2,7,255,1269,250,0,0
stim,148749,178870,1,178870,3376179.455,-0.775,0.037,0.029,-0.630,0,0,2815,9,3016,2449,2701,2991,46,1.072,1,2203,1,58.998,0.038,-3.000,-46.500,-36.188,-0.145,-0.066,1.055,-0.035,0.016,0.172,0.100,0.044,1.030,1.340,2,NULL,NULL,,3,1,2,7,255,1269,250,0,0
stim,148749,178870,1,178870,3376184.454,-0.775,0.036,0.027,-0.630,0,0,2771,0,3023,2423,2725,3000,46,1.072,1,2203,0,60.332,0.766,12.688,-53.625,-24.563,-0.238,-0.055,1.207,-0.719,0.266,0.613,0.100,0.046,1.030,1.340,3,NULL,NULL,,3,1,2,7,255,1269,250,0,0
stim,148749,178870,1,178870,3376189.455,-0.774,0.035,0.025,-0.632,0,0,2830,0,3029,2386,2741,2999,46,1.072,1,2203,0,68.414,1.315,16.063,-59.063,-30.563,-0.285,-0.035,1.266,-0.719,1.102,2.164,0.096,0.052,1.030,1.340,3,NULL,NULL,,3,1,2,7,255,1269,250,0,0
stim,148749,178870,1,178870,3376194.453,-0.773,0.034,0.022,-0.633,0,0,2835,0,3033,2355,2763,3001,46,1.072,1,2203,0,78.298,1.675,22.063,-65.938,-36.000,-0.266,0.031,1.363,-0.680,1.531,2.785,0.090,0.060,1.030,1.340,3,NULL,NULL,,3,1,2,7,255,1269,250,0,0
stim,148749,178870,1,178870,3376199.455,-0.773,0.034,0.018,-0.634,0,0,2827,0,3037,2323,2786,3003,46,1.072,1,2203,0,84.983,1.531,37.000,-74.125,-18.938,-0.207,0.207,1.594,-0.012,1.531,3.703,0.084,0.068,1.030,1.340,3,NULL,NULL,,3,1,2,7,255,1269,250,0,0
stim,148774,178895,1,178895,3376204.453,-0.773,0.031,0.016,-0.634,0,0,2835,0,3043,2268,2798,3003,46,1.072,1,2203,0,79.805,2.151,-17.625,-77.563,-6.500,-0.020,0.254,1.473,1.754,1.246,4.586,0.080,0.074,1.030,1.340,3,NULL,NULL,,3,1,2,7,255,1269,250,0,0
stim,148774,178895,1,178895,3376209.455,-0.773,0.027,0.015,-0.634,0,0,2837,0,3048,2219,2823,3005,46,1.072,1,2203,0,90.047,1.756,-48.875,-75.625,0.750,-0.055,0.035,1.105,1.754,-0.082,4.586,0.076,0.080,1.030,1.340,3,NULL,NULL,,3,1,2,7,255,1269,250,0,0
stim,148805,178926,1,178926,3376214.453,-0.774,0.024,0.013,-0.633,0,0,2835,0,3057,2165,2841,3004,46,1.072,1,2203,0,91.341,0.361,-28.563,-83.875,22.188,-0.129,-0.043,1.039,0.352,-0.082,1.047,0.072,0.086,1.030,1.340,3,NULL,NULL,,3,1,2,7,255,1269,250,0,0
stim,148805,178926,1,178926,3376219.455,-0.775,0.022,0.010,-0.632,0,0,2828,0,3055,2087,2855,3003,46,1.072,1,2203,0,92.276,0.807,-2.813,-88.438,26.188,-0.230,-0.055,1.070,-0.543,0.598,0.770,0.066,0.094,1.030,1.340,3,NULL,NULL,,3,1,2,7,255,1269,250,0,0
stim,148805,178926,1,178926,3376224.454,-0.775,0.019,0.007,-0.632,0,0,2823,0,3061,1996,2863,3003,46,1.072,1,2203,0,93.917,1.763,5.938,-92.875,12.625,-0.219,-0.063,1.176,-0.887,1.523,0.770,0.060,0.104,1.030,1.340,3,NULL,NULL,,3,1,2,7,255,1269,250,0,0
stim,148805,178926,1,178926,3376229.455,-0.775,0.017,0.004,-0.632,0,0,2811,0,3063,1879,2878,3001,46,1.072,1,2203,0,95.362,1.763,-5.750,-95.188,-0.313,-0.152,-0.035,1.234,-0.887,1.523,1.801,0.052,0.112,1.030,1.340,3,NULL,NULL,,3,1,2,7,255,1269,250,0,0
stim,148805,178926,1,178926,3376234.454,-0.775,0.014,0.001,-0.631,0,0,2808,0,3065,1787,2893,2999,46,1.072,1,2203,0,98.808,1.208,-14.688,-97.688,2.125,-0.094,-0.055,1.168,-0.609,1.043,1.801,0.048,0.122,1.030,1.340,3,NULL,NULL,,3,1,2,7,255,1269,250,0,0
stim,148805,178926,1,178926,3376239.455,-0.776,0.010,-0.002,-0.631,0,0,2799,0,3067,1695,2903,2999,46,1.072,1,2203,0,103.651,0.824,-12.500,-102.063,13.063,-0.074,-0.070,1.098,-0.609,0.555,1.652,0.044,0.132,1.030,1.340,3,NULL,NULL,,3,1,2,7,255,1269,250,0,0
stim,148828,178949,1,178949,3376244.453,-0.776,0.007,-0.005,-0.630,0,0,2781,0,3077,1541,2915,2996,46,1.072,1,2203,0,108.509,0.824,-10.688,-105.625,22.438,-0.125,-0.039,1.105,-0.609,0.555,1.039,0.042,0.140,1.030,1.340,3,NULL,NULL,,3,1,2,7,255,1269,250,0,0
stim,148828,178949,1,178949,3376249.455,-0.777,0.004,-0.009,-0.630,0,0,2761,0,3078,1372,2921,2989,46,1.072,1,2203,0,111.817,1.223,-6.688,-110.500,15.750,-0.145,-0.012,1.117,-0.570,1.082,1.039,0.040,0.150,1.030,1.340,3,NULL,NULL,,3,1,2,7,255,1269,250,0,0
stim,148828,178949,0,178949,3376254.454,-0.777,0.001,-0.012,-0.629,0,0,2739,0,3079,1211,2932,2983,46,1.072,1,2203,0,113.109,1.216,-0.125,-112.688,9.750,-0.094,-0.039,1.105,-0.555,1.082,1.039,0.040,0.160,1.030,1.340,3,NULL,NULL,,3,0,2,7,255,1275,250,0,0
stim,148828,178949,0,178949,3376259.455,-0.778,-0.002,-0.016,-0.629,0,0,2711,0,3083,1006,2937,2981,46,1.072,1,2203,0,117.974,1.037,1.375,-117.563,9.750,-0.078,-0.020,1.176,-0.359,0.973,1.145,0.040,0.170,1.030,1.340,3,NULL,NULL,,3,0,2,7,255,1275,250,0,0
stim,148828,178949,0,178949,3376264.454,-0.778,-0.006,-0.020,-0.628,0,0,2693,0,3093,807,2943,2983,46,1.072,1,2203,0,123.427,1.028,-2.625,-122.438,15.375,-0.055,0.027,1.227,-0.332,0.973,1.676,0.040,0.178,1.030,1.340,3,NULL,NULL,,3,0,2,7,255,1275,250,0,0
stim,148828,178949,0,178949,3376269.455,-0.778,-0.009,-0.024,-0.627,0,0,2651,0,3087,624,2961,2969,46,1.072,1,2203,0,128.760,1.007,-7.125,-126.938,20.375,-0.074,0.082,1.191,0.121,1.000,1.816,0.040,0.188,1.030,1.340,3,NULL,NULL,,3,0,2,7,255,1275,250,0,0
stim,148828,178949,0,178949,3376274.454,-0.779,-0.012,-0.029,-0.626,0,0,2611,0,3092,510,2969,2952,46,1.072,1,2203,0,135.366,1.527,13.375,-133.563,17.500,-0.129,0.121,1.047,0.613,1.398,1.816,0.040,0.198,1.030,1.340,3,NULL,NULL,,3,0,2,7,255,1275,250,0,0
stim,148828,178949,0,178949,3376279.455,-0.779,-0.015,-0.034,-0.626,0,0,2579,0,3095,379,2967,2935,46,1.072,1,2203,0,141.862,1.611,18.625,-139.625,16.813,-0.004,0.184,1.363,0.801,1.398,1.816,0.040,0.208,1.030,1.340,3,NULL,NULL,,3,0,2,7,255,1275,250,0,0
stim,148855,178976,0,178976,3376284.453,-0.780,-0.019,-0.039,-0.625,0,0,2523,0,3081,225,2981,2923,46,1.072,1,2203,0,143.420,2.613,0.625,-141.750,21.813,-0.090,0.207,1.422,1.594,2.070,3.484,0.042,0.220,1.030,1.340,3,NULL,NULL,,3,0,2,7,255,1275,250,0,0
stim,148855,178976,0,178976,3376289.455,-0.780,-0.023,-0.044,-0.624,0,0,2463,0,3087,107,2975,2895,46,1.072,1,2203,0,149.432,2.893,-17.063,-147.563,16.250,-0.125,0.211,1.355,1.594,2.414,3.484,0.048,0.232,1.030,1.340,3,NULL,NULL,,3,0,2,7,255,1275,250,0,0
stim,148855,178976,0,178976,3376294.454,-0.780,-0.028,-0.048,-0.623,0,0,2411,0,3067,60,2989,2863,46,1.072,1,2203,0,153.899,3.222,-21.750,-152.313,3.563,-0.102,0.219,1.324,1.594,2.801,3.254,0.056,0.244,1.030,1.340,3,NULL,NULL,,3,0,2,7,255,1275,250,0,0
stim,148855,178976,0,178976,3376299.455,-0.780,-0.032,-0.053,-0.623,0,0,2335,0,3065,11,2989,2831,46,1.072,1,2203,0,159.807,3.258,-19.375,-158.625,-1.063,-0.109,0.215,1.324,1.598,2.840,2.941,0.066,0.260,1.030,1.340,3,NULL,NULL,,3,0,2,7,255,1275,250,0,0
stim,148855,178976,0,178976,3376304.454,-0.779,-0.037,-0.058,-0.623,0,0,2201,0,3061,0,2987,2794,46,1.072,1,2203,0,166.709,3.423,-13.875,-166.063,-4.750,-0.152,0.191,1.457,1.598,3.027,2.941,0.080,0.276,1.030,1.340,3,NULL,NULL,,3,0,2,7,255,1275,250,0,0
stim,148855,178976,0,178976,3376309.455,-0.779,-0.042,-0.064,-0.623,0,0,2163,0,3063,0,2975,2763,46,1.072,1,2203,0,176.041,3.943,-9.625,-175.688,-5.625,-0.227,0.113,1.707,1.219,3.750,4.090,0.098,0.298,1.030,1.340,3,NULL,NULL,,3,0,2,7,255,1275,250,0,0
stim,148883,179004,0,179004,3376314.453,-0.778,-0.048,-0.070,-0.622,0,0,2067,0,3059,3,2979,2701,46,1.072,1,2203,0,190.043,4.850,-18.563,-189.125,1.875,-0.238,0.105,1.922,0.238,4.844,6.363,0.122,0.322,1.030,1.340,3,NULL,NULL,,3,0,2,7,255,1275,250,0,0
stim,148883,179004,0,179004,3376319.455,-0.778,-0.055,-0.075,-0.621,0,0,1931,0,3035,13,2973,2645,46,1.072,1,2203,0,206.445,5.583,-44.250,-201.438,9.188,-0.320,0.148,2.000,0.238,5.578,8.352,0.150,0.352,1.030,1.340,3,NULL,NULL,,3,0,2,7,255,1275,250,0,0
stim,148917,179039,0,179039,3376324.454,-0.778,-0.064,-0.081,-0.620,0,0,1799,0,3023,53,2965,2587,46,1.072,1,2203,0,232.363,6.908,-73.688,-219.438,20.250,-0.344,0.262,1.918,0.273,6.902,8.352,0.182,0.384,1.030,1.340,3,NULL,NULL,,3,0,2,7,255,1275,250,0,0
stim,148917,179039,0,179039,3376329.456,-0.778,-0.073,-0.086,-0.619,0,0,1656,0,3004,61,2943,2514,46,1.072,1,2203,0,251.829,7.682,-89.063,-234.688,20.188,-0.355,0.348,1.781,1.371,7.559,7.809,0.216,0.420,1.030,1.340,3,NULL,NULL,,3,0,2,7,255,1275,250,0,0
stim,148917,179039,0,179039,3376334.454,-0.777,-0.083,-0.092,-0.617,0,0,1533,0,2987,71,2933,2421,46,1.072,1,2203,0,268.470,8.206,-87.688,-252.813,21.750,-0.359,0.320,1.746,2.020,7.953,6.273,0.256,0.462,1.030,1.340,3,NULL,NULL,,3,0,2,7,255,1275,250,0,0
stim,148917,179039,0,179039,3376339.455,-0.776,-0.093,-0.099,-0.615,0,0,1463,0,2973,71,2906,2323,46,1.072,1,2203,0,283.113,8.506,-80.750,-270.813,17.125,-0.348,0.340,1.848,2.234,8.207,6.273,0.300,0.506,1.030,1.340,3,NULL,NULL,,3,0,2,7,255,1275,250,0,0
stim,148918,179039,0,179039,3376344.454,-0.775,-0.104,-0.107,-0.614,0,0,1367,0,2937,77,2873,2215,46,1.072,1,2203,0,298.062,9.075,-77.813,-287.438,12.875,-0.355,0.363,1.996,2.246,8.793,6.520,0.346,0.554,1.030,1.340,3,NULL,NULL,,3,0,2,7,255,1275,250,0,0
stim,148918,179039,0,179039,3376349.455,-0.774,-0.114,-0.115,-0.612,0,0,1261,0,2906,71,2831,2123,46,1.072,1,2203,0,314.294,10.087,-76.875,-304.563,10.625,-0.414,0.391,2.230,2.465,9.781,7.625,0.398,0.606,1.030,1.340,3,NULL,NULL,,3,0,2,7,255,1275,250,0,0
stim,148918,179039,0,179039,3376354.453,-0.772,-0.126,-0.123,-0.611,0,0,1184,0,2867,71,2781,2003,46,1.072,1,2203,0,329.477,11.849,-81.938,-319.125,-0.938,-0.492,0.336,2.457,2.465,11.590,9.316,0.454,0.664,1.030,1.340,3,NULL,NULL,,3,0,2,7,255,1275,250,0,0
stim,148918,179039,0,179039,3376359.455,-0.770,-0.138,-0.132,-0.609,0,0,1103,0,2809,61,2709,1865,46,1.072,1,2203,0,352.681,13.640,-87.813,-341.563,-2.813,-0.609,0.383,2.578,2.078,13.480,10.859,0.518,0.730,1.030,1.340,3,NULL,NULL,,3,0,2,7,255,1275,250,0,0
stim,148918,179039,0,179039,3376364.453,-0.767,-0.151,-0.142,-0.607,0,0,1059,0,2746,48,2598,1782,46,1.072,1,2203,0,382.218,15.859,-113.625,-364.938,0.563,-0.688,0.598,2.539,2.078,15.723,10.859,0.588,0.800,1.030,1.340,3,NULL,NULL,,3,0,2,7,255,1275,250,0,0
stim,148918,179039,0,179039,3376369.455,-0.764,-0.166,-0.151,-0.605,0,0,965,0,2683,20,2472,1685,46,1.072,1,2203,0,402.506,17.606,-132.375,-379.813,-15.188,-0.688,0.555,2.379,3.727,17.207,9.664,0.660,0.872,1.030,1.340,3,NULL,NULL,,3,0,2,7,255,1275,250,0,0
stim,148938,179059,0,179059,3376374.455,-0.760,-0.180,-0.161,-0.604,0,0,843,0,2595,3,2297,1545,46,1.072,1,2203,0,411.268,17.606,-126.625,-390.250,-28.500,-0.578,0.336,2.309,3.727,17.207,7.672,0.732,0.948,1.030,1.340,3,NULL,NULL,,3,0,2,7,255,1275,250,0,0
stim,148938,179059,0,179059,3376379.455,-0.756,-0.194,-0.171,-0.602,0,0,727,0,2475,0,2085,1413,46,1.072,1,2203,0,420.088,16.269,-111.188,-403.938,-30.750,-0.500,0.059,2.395,1.980,16.148,7.672,0.806,1.022,1.030,1.340,3,NULL,NULL,,3,0,2,7,255,1275,250,0,0
stim,148938,179059,0,179059,3376384.454,-0.751,-0.209,-0.182,-0.599,0,0,586,0,2329,0,1838,1240,46,1.072,1,2203,0,432.273,16.045,-120.250,-414.813,-18.188,-0.355,0.008,2.336,-0.445,16.039,7.672,0.874,1.092,1.030,1.340,3,NULL,NULL,,3,0,2,7,255,1275,250,0,0
stim,148938,179059,0,179059,3376389.455,-0.747,-0.225,-0.192,-0.595,0,0,423,0,2125,0,1547,1085,46,1.072,1,2203,0,448.722,15.164,-129.875,-429.438,8.188,-0.266,-0.184,2.027,-0.602,15.152,7.672,0.936,1.156,1.030,1.340,3,NULL,NULL,,3,0,2,7,255,1275,250,0,0
stim,148965,179086,0,179086,3376394.453,-0.743,-0.240,-0.203,-0.591,0,0,279,0,1882,0,1117,937,46,1.072,1,2203,0,462.879,13.235,-117.438,-447.250,20.813,-0.168,-0.398,1.602,-2.180,13.055,5.320,0.990,1.214,1.030,1.340,3,NULL,NULL,,3,0,2,7,255,1275,250,0,0
stim,148965,179086,0,179086,3376399.455,-0.739,-0.255,-0.216,-0.585,0,0,231,0,1613,0,590,800,46,1.072,1,2203,0,461.164,10.822,-63.125,-455.188,38.625,-0.129,-0.395,1.352,-4.012,10.051,2.301,1.040,1.268,1.030,1.340,3,NULL,NULL,,3,0,2,7,255,1275,250,0,0
stim,148965,179086,0,179086,3376404.453,-0.736,-0.267,-0.230,-0.578,0,0,157,0,1235,0,231,617,46,1.072,1,2203,0,458.507,10.262,-11.313,-457.438,29.188,-0.066,-0.094,1.414,-4.012,9.445,0.273,1.090,1.320,1.030,1.340,3,NULL,NULL,,3,0,2,7,255,1275,250,0,0
stim,148965,179086,0,179086,3376409.455,-0.733,-0.278,-0.244,-0.571,0,0,118,0,867,0,0,520,46,1.072,1,2203,0,458.933,9.510,24.563,-456.438,41.000,-0.160,0.117,1.668,-1.105,9.445,0.273,1.150,1.384,1.030,1.340,3,NULL,NULL,,3,0,2,7,255,1275,250,0,0
stim,149006,179127,0,179127,3376414.454,-0.731,-0.290,-0.258,-0.562,0,0,109,0,438,0,0,415,46,1.072,1,2203,0,461.653,12.573,16.313,-454.188,81.063,-0.215,0.316,1.980,0.508,12.563,0.773,1.222,1.456,1.030,1.340,3,NULL,NULL,,3,0,2,7,255,1275,250,0,0
stim,149006,179127,0,179127,3376419.455,-0.729,-0.303,-0.270,-0.552,0,0,75,0,45,0,0,287,46,1.072,1,2203,0,477.747,15.868,-17.188,-458.375,133.563,-0.613,0.250,2.012,0.508,15.859,0.773,1.300,1.538,1.030,1.340,3,NULL,NULL,,3,0,2,7,255,1275,250,0,0
stim,149006,179127,0,179127,3376424.454,-0.727,-0.318,-0.281,-0.539,0,0,25,0,0,0,0,151,46,1.072,1,2203,0,511.714,18.962,-48.813,-473.938,186.688,-0.957,0.375,1.793,0.414,18.957,-1.445,1.386,1.626,1.030,1.340,3,NULL,NULL,,3,0,2,7,255,1275,250,0,0
stim,149006,179127,0,179127,3376429.455,-0.724,-0.334,-0.291,-0.528,0,0,24,0,0,0,0,76,46,1.072,1,2203,0,506.823,19.126,-76.688,-472.313,167.063,-1.090,0.566,1.535,0.414,19.121,-6.355,1.474,1.716,1.030,1.340,4,NULL,NULL,,3,0,2,7,255,1275,250,0,0
stim,149006,179127,0,179127,3376434.454,-0.720,-0.349,-0.301,-0.519,0,0,22,0,0,0,0,47,46,1.072,1,2203,0,482.561,19.201,-119.313,-453.750,112.875,-0.633,1.051,1.250,1.750,19.121,-9.945,1.558,1.802,1.030,1.340,0,NULL,NULL,,3,0,2,7,255,1275,250,0,0
stim,149006,179127,0,179127,3376439.455,-0.714,-0.365,-0.309,-0.512,0,0,25,0,0,0,0,71,46,1.072,1,2203,0,449.052,17.066,-167.563,-410.250,72.563,-0.285,1.250,1.133,7.535,15.313,-9.945,1.640,1.884,1.030,1.340,0,NULL,NULL,,3,0,2,7,255,1275,250,0,0
stim,149006,179127,0,179127,3376444.453,-0.707,-0.381,-0.312,-0.507,0,0,31,0,0,0,0,123,46,1.072,1,2203,0,426.519,16.202,-246.563,-339.063,78.500,-0.035,1.078,0.844,9.727,12.957,-8.832,1.718,1.962,1.030,1.340,0,NULL,NULL,,3,0,2,7,255,1275,250,0,0
stim,149006,179127,0,179127,3376449.455,-0.702,-0.395,-0.314,-0.503,0,0,28,0,0,0,0,169,46,1.072,1,2203,0,351.675,13.254,-218.375,-264.375,78.063,-0.125,0.531,0.691,9.727,9.004,-8.832,1.790,2.036,1.030,1.340,0,NULL,NULL,,3,0,2,7,255,1275,250,0,0
stim,149006,179127,0,179127,3376454.454,-0.698,-0.404,-0.315,-0.499,0,0,26,0,0,0,0,199,46,1.072,1,2203,0,247.087,10.040,-141.125,-191.125,67.875,-0.441,0.027,1.023,4.441,9.004,-8.848,1.854,2.104,1.030,1.340,0,NULL,NULL,,3,0,2,7,255,1275,250,0,0
stim,149006,179127,0,179127,3376459.455,-0.695,-0.412,-0.315,-0.498,0,0,27,0,0,0,0,215,46,1.072,1,2203,0,190.366,10.835,-136.813,-123.625,47.313,-0.730,-0.086,1.547,-1.223,10.766,-8.848,1.914,2.164,1.030,1.340,0,NULL,NULL,,3,0,2,7,255,1275,250,0,0
stim,149030,179151,0,179151,3376464.453,-0.691,-0.420,-0.311,-0.500,0,0,25,0,0,0,0,223,46,1.072,1,2203,0,230.890,14.540,-226.688,-43.625,4.438,-0.605,0.090,1.355,-1.223,14.488,-8.848,1.968,2.220,1.030,1.340,0,NULL,NULL,,3,0,2,7,255,1275,250,0,0
stim,149030,179151,0,179151,3376469.455,-0.686,-0.428,-0.304,-0.504,0,0,27,0,0,0,0,215,46,1.072,1,2203,0,294.175,14.511,-292.500,30.063,8.875,-0.398,0.277,0.520,-0.820,14.488,-9.207,2.014,2.270,1.030,1.340,0,NULL,NULL,,3,0,2,7,255,1275,250,0,0
stim,149030,179151,0,179151,3376474.454,-0.683,-0.435,-0.295,-0.508,0,0,25,0,0,0,0,167,46,1.072,1,2203,0,285.274,6.644,-267.250,90.813,41.375,-0.398,0.656,-0.152,1.531,6.465,-11.691,2.048,2.306,1.030,1.340,0,NULL,NULL,,3,0,2,7,255,1275,250,0,0
stim,149030,179151,0,179151,3376479.455,-0.682,-0.437,-0.286,-0.512,0,0,19,0,0,0,0,127,46,1.072,1,2203,0,233.875,3.874,-182.625,138.250,47.250,-0.566,0.645,-0.418,3.785,0.824,-15.742,2.064,2.322,1.030,1.340,0,NULL,NULL,,3,0,2,7,255,1275,250,0,0
stim,149051,179172,0,179172,3376484.454,-0.683,-0.437,-0.278,-0.515,0,0,18,0,0,0,0,117,46,1.072,1,2203,0,197.503,3.874,-94.500,169.000,38.938,-0.645,0.340,-0.203,3.785,0.824,-17.063,2.066,2.328,1.030,1.340,0,NULL,NULL,,3,0,2,7,255,1275,250,0,0
stim,149051,179172,0,179172,3376489.455,-0.685,-0.434,-0.270,-0.519,0,0,21,0,0,0,0,109,46,1.072,1,2203,0,200.653,1.568,-56.750,190.688,26.063,-0.582,0.121,0.113,0.875,1.301,-17.063,2.064,2.326,1.030,1.340,0,NULL,NULL,,3,0,2,7,255,1275,250,0,0
stim,149051,179172,0,179172,3376494.454,-0.687,-0.432,-0.262,-0.522,0,0,19,0,0,0,0,107,46,1.072,1,2203,0,216.772,3.511,-60.813,204.125,40.313,-0.469,0.094,0.145,-0.520,3.473,-14.363,2.058,2.322,1.030,1.340,0,NULL,NULL,,3,0,2,7,255,1275,250,0,0
stim,149051,179172,0,179172,3376499.455,-0.690,-0.429,-0.253,-0.525,0,0,17,0,0,0,0,107,46,1.072,1,2203,0,229.367,3.511,-58.250,212.188,64.750,-0.422,0.227,-0.066,-0.520,3.473,-14.195,2.052,2.318,1.030,1.340,0,NULL,NULL,,3,0,2,7,255,1275,250,0,0
stim,149079,179200,0,179200,3376504.453,-0.693,-0.426,-0.245,-0.527,0,0,17,0,0,0,0,104,46,1.072,1,2203,0,230.197,1.651,-23.000,214.875,79.313,-0.500,0.262,-0.203,0.445,1.590,-14.195,2.046,2.314,1.030,1.340,0,NULL,NULL,,3,0,2,7,255,1275,250,0,0
stim,149079,179200,0,179200,3376509.457,-0.697,-0.421,-0.237,-0.529,0,0,17,0,0,0,0,103,46,1.072,1,2203,0,233.257,1.690,15.250,218.000,81.563,-0.547,0.301,-0.133,0.574,1.590,-15.586,2.040,2.310,1.030,1.340,0,NULL,NULL,,3,0,2,7,255,1275,250,0,0
stim,149104,179225,0,179225,3376514.453,-0.702,-0.416,-0.230,-0.531,0,0,13,0,0,0,0,99,46,1.072,1,2203,0,239.106,2.051,32.688,222.875,80.188,-0.504,0.332,-0.039,0.715,1.922,-15.586,2.038,2.310,1.030,1.340,0,NULL,NULL,,3,0,2,7,255,1275,250,0,0
stim,149104,179225,0,179225,3376519.455,-0.707,-0.410,-0.222,-0.532,0,0,17,0,0,0,0,94,46,1.072,1,2203,0,248.223,2.771,48.750,226.063,90.188,-0.496,0.301,0.023,1.055,2.563,-14.941,2.038,2.310,1.030,1.340,0,NULL,NULL,,3,0,2,7,255,1275,250,0,0
stim,149104,179225,0,179225,3376524.454,-0.712,-0.403,-0.215,-0.532,0,0,16,0,0,0,0,87,46,1.072,1,2203,0,256.581,3.298,66.500,229.625,93.188,-0.559,0.293,0.141,1.055,3.125,-14.414,2.040,2.316,1.030,1.340,0,NULL,NULL,,3,0,2,7,255,1275,250,0,0
stim,149104,179225,0,179225,3376529.455,-0.718,-0.396,-0.208,-0.534,0,0,21,0,0,0,0,83,46,1.072,1,2203,0,260.084,4.598,77.250,233.688,84.063,-0.582,0.223,0.246,0.926,4.504,-14.098,2.052,2.330,1.030,1.340,0,NULL,NULL,,3,0,2,7,255,1275,250,0,0
stim,149104,179225,0,179225,3376534.454,-0.723,-0.388,-0.201,-0.535,0,0,18,0,0,0,0,77,46,1.072,1,2203,0,265.341,5.475,84.813,238.688,79.000,-0.586,0.133,0.332,0.328,5.465,-13.297,2.068,2.348,1.030,1.340,0,NULL,NULL,,3,0,2,7,255,1275,250,0,0
stim,149104,179225,0,179225,3376539.455,-0.728,-0.380,-0.195,-0.536,0,0,19,0,0,0,0,73,46,1.072,1,2203,0,271.244,6.165,91.188,245.625,70.188,-0.645,0.125,0.465,-0.391,6.152,-12.383,2.090,2.372,1.030,1.340,0,NULL,NULL,,3,0,2,7,255,1275,250,0,0
stim,149130,179251,0,179251,3376544.453,-0.733,-0.372,-0.188,-0.538,0,0,23,0,0,0,0,71,46,1.072,1,2203,0,275.063,7.569,94.625,253.438,49.750,-0.680,0.148,0.652,-0.391,7.559,-11.785,2.116,2.400,1.030,1.340,0,NULL,NULL,,3,0,2,7,255,1275,250,0,0
stim,149130,179251,0,179251,3376549.455,-0.737,-0.363,-0.181,-0.541,0,0,21,0,0,0,0,70,46,1.072,1,2203,0,278.707,9.262,88.063,262.875,28.625,-0.656,0.164,0.824,-0.102,9.262,-10.723,2.148,2.434,1.030,1.340,0,NULL,NULL,,3,0,2,7,255,1275,250,0,0
stim,149130,179251,0,179251,3376554.453,-0.740,-0.354,-0.174,-0.545,0,0,20,0,0,0,0,67,46,1.072,1,2203,0,284.860,10.398,72.000,275.313,12.813,-0.625,0.199,0.941,0.391,10.391,-9.289,2.188,2.476,1.030,1.340,0,NULL,NULL,,3,0,2,7,255,1275,250,0,0
stim,149130,179251,0,179251,3376559.456,-0.743,-0.345,-0.166,-0.549,0,0,20,0,0,0,0,71,46,1.072,1,2203,0,294.918,11.050,53.750,289.938,-4.875,-0.617,0.234,1.012,1.055,11.000,-8.195,2.232,2.522,1.030,1.340,0,NULL,NULL,,3,0,2,7,255,1275,250,0,0
stim,149130,179251,0,179251,3376564.454,-0.745,-0.336,-0.158,-0.554,0,0,22,0,0,0,0,85,46,1.072,1,2203,0,308.932,11.533,38.688,305.438,-25.500,-0.602,0.215,1.063,1.570,11.426,-7.492,2.280,2.572,1.030,1.340,0,NULL,NULL,,3,0,2,7,255,1275,250,0,0
stim,149130,179251,0,179251,3376569.455,-0.746,-0.327,-0.149,-0.561,0,0,24,0,0,0,0,99,46,1.072,1,2203,0,326.587,11.540,24.500,322.375,-46.188,-0.555,0.180,1.078,1.617,11.426,-6.695,2.332,2.626,1.030,1.340,0,NULL,NULL,,3,0,2,7,255,1275,250,0,0
stim,149130,179251,0,179251,3376574.454,-0.746,-0.318,-0.139,-0.568,0,0,20,0,0,0,0,105,46,1.072,1,2203,0,346.956,11.307,10.875,340.688,-64.750,-0.477,0.176,1.027,1.641,11.188,-5.895,2.382,2.678,1.030,1.340,0,NULL,NULL,,3,0,2,7,255,1275,250,0,0
stim,149130,179251,0,179251,3376579.455,-0.746,-0.309,-0.129,-0.576,0,0,24,0,0,0,0,111,46,1.072,1,2203,0,366.102,10.319,3.500,357.625,-78.250,-0.371,0.199,0.914,1.867,10.148,-5.594,2.432,2.730,1.030,1.340,0,NULL,NULL,,3,0,2,7,255,1275,250,0,0
stim,149148,179269,0,179269,3376584.453,-0.746,-0.299,-0.118,-0.584,0,0,20,0,0,0,0,112,46,1.072,1,2203,0,381.178,8.863,6.750,370.938,-87.500,-0.211,0.203,0.777,2.359,8.543,-5.578,2.480,2.780,1.030,1.340,0,NULL,NULL,,3,0,2,7,255,1275,250,0,0
stim,149148,179269,0,179269,3376589.455,-0.745,-0.288,-0.108,-0.592,0,0,20,0,0,0,0,119,46,1.072,1,2203,0,390.819,6.754,20.188,380.000,-89.063,-0.063,0.133,0.641,2.359,6.328,-5.578,2.524,2.826,1.030,1.340,0,NULL,NULL,,3,0,2,7,255,1275,250,0,0
stim,149148,179269,0,179269,3376594.453,-0.745,-0.276,-0.098,-0.599,0,0,23,0,0,0,0,123,46,1.072,1,2203,0,392.347,4.734,45.250,381.625,-79.063,-0.012,0.137,0.574,2.336,4.117,-5.578,2.564,2.868,1.030,1.340,0,NULL,NULL,,3,0,2,7,255,1275,250,0,0
stim,149148,179269,0,179269,3376599.455,-0.745,-0.263,-0.089,-0.606,0,0,19,0,0,0,0,143,46,1.072,1,2203,0,392.296,3.942,73.875,378.250,-73.250,0.031,0.168,0.590,2.336,3.176,-5.531,2.602,2.910,1.030,1.340,0,NULL,NULL,,3,0,2,7,255,1275,250,0,0
stim,149171,179292,0,179292,3376604.454,-0.746,-0.250,-0.080,-0.612,0,0,10,0,0,0,0,143,46,1.072,1,2203,0,389.580,3.801,100.500,370.563,-66.000,0.098,0.117,0.633,2.578,2.793,-5.348,2.634,2.944,1.030,1.340,0,NULL,NULL,,3,0,2,7,255,1275,250,0,0
stim,149171,179292,0,179292,3376609.455,-0.747,-0.236,-0.072,-0.618,0,0,17,0,0,0,0,145,46,1.072,1,2203,0,385.396,3.485,125.063,360.875,-51.563,0.160,0.113,0.664,2.723,2.176,-4.484,2.660,2.972,1.030,1.340,0,NULL,NULL,,3,0,2,7,255,1275,250,0,0
stim,149171,179292,0,179292,3376614.453,-0.748,-0.222,-0.065,-0.622,0,0,17,0,0,0,0,142,46,1.072,1,2203,0,384.050,3.139,148.813,352.313,-35.000,0.188,0.164,0.676,2.723,1.563,-3.859,2.684,2.998,1.030,1.340,0,NULL,NULL,,3,0,2,7,255,1275,250,0,0
stim,149171,179292,0,179292,3376619.455,-0.750,-0.206,-0.059,-0.626,0,0,17,0,0,0,0,139,46,1.072,1,2203,0,387.593,3.585,176.375,344.625,-18.813,0.148,0.199,0.750,3.227,1.563,-3.703,2.706,3.020,1.030,1.340,0,NULL,NULL,,3,0,2,7,255,1275,250,0,0
stim,149214,179335,0,179335,3376624.454,-0.752,-0.191,-0.054,-0.629,0,0,17,0,0,0,0,140,46,1.072,1,2203,0,393.964,3.925,202.750,337.688,-8.188,0.082,0.227,0.934,3.551,1.672,-3.207,2.726,3.042,1.030,1.340,0,NULL,NULL,,3,0,2,7,255,1275,250,0,0
stim,149214,179335,0,179335,3376629.456,-0.754,-0.174,-0.049,-0.632,0,0,19,0,0,0,0,142,46,1.072,1,2203,0,398.680,4.813,220.125,332.375,-4.188,0.016,0.227,1.172,3.941,2.762,-1.750,2.744,3.062,1.030,1.340,0,NULL,NULL,,3,0,2,7,255,1275,250,0,0
stim,149214,179335,0,179335,3376634.454,-0.756,-0.158,-0.045,-0.634,0,0,21,0,0,0,0,140,46,1.072,1,2203,0,397.915,5.646,225.000,328.188,-2.063,-0.023,0.234,1.422,4.113,3.867,0.395,2.762,3.082,1.030,1.340,0,NULL,NULL,,3,0,2,7,255,1275,250,0,0
stim,149214,179335,0,179335,3376639.455,-0.758,-0.141,-0.040,-0.636,0,0,22,0,0,0,0,141,46,1.072,1,2203,0,392.267,6.362,219.188,325.313,-1.313,-0.066,0.258,1.664,4.348,4.645,2.750,2.780,3.102,1.030,1.340,0,NULL,NULL,,3,0,2,7,255,1275,250,0,0
stim,149214,179335,0,179335,3376644.454,-0.759,-0.126,-0.035,-0.638,0,0,22,0,0,0,0,141,46,1.072,1,2203,0,381.807,7.076,202.375,323.750,-2.688,-0.117,0.305,1.875,4.688,5.301,5.070,2.800,3.122,1.030,1.340,0,NULL,NULL,,3,0,2,7,255,1275,250,0,0
stim,149214,179335,0,179335,3376649.455,-0.760,-0.111,-0.029,-0.640,0,0,19,0,0,0,0,147,46,1.072,1,2203,0,368.131,7.809,176.250,323.125,-6.813,-0.152,0.328,2.027,5.141,5.879,7.078,2.820,3.144,1.030,1.340,0,NULL,NULL,,3,0,2,7,255,1275,250,0,0
stim,149214,179335,0,179335,3376654.453,-0.760,-0.097,-0.023,-0.642,0,0,21,0,0,0,0,151,46,1.072,1,2203,0,354.831,7.809,145.000,323.563,-13.688,-0.172,0.297,2.109,5.141,5.879,8.660,2.846,3.172,1.030,1.340,0,NULL,NULL,,3,0,2,7,255,1275,250,0,0
stim,149214,179335,0,179335,3376659.457,-0.760,-0.084,-0.015,-0.644,0,0,25,0,0,0,0,151,46,1.072,1,2203,0,343.957,7.581,109.563,325.250,-22.688,-0.168,0.234,2.078,4.945,5.746,9.637,2.872,3.200,1.030,1.340,0,NULL,NULL,,3,0,2,7,255,1275,250,0,0
stim,149232,179353,0,179353,3376664.453,-0.759,-0.072,-0.007,-0.647,0,0,22,0,0,0,0,159,46,1.072,1,2203,0,337.504,6.541,85.688,325.000,-30.688,-0.117,0.184,2.012,4.254,4.969,9.637,2.900,3.228,1.030,1.340,0,NULL,NULL,,3,0,2,7,255,1275,250,0,0
stim,149232,179353,0,179353,3376669.455,-0.758,-0.061,0.002,-0.649,0,0,25,0,0,0,0,166,46,1.072,1,2203,0,332.981,5.284,66.563,324.688,-32.000,-0.082,0.176,1.883,3.727,3.746,9.289,2.930,3.260,1.030,1.340,0,NULL,NULL,,3,0,2,7,255,1275,250,0,0
stim,149232,179353,0,179353,3376674.455,-0.757,-0.049,0.010,-0.651,0,0,19,0,0,0,0,181,46,1.072,1,2203,0,331.210,4.470,58.250,324.250,-34.188,-0.063,0.148,1.762,3.539,2.730,8.172,2.960,3.292,1.030,1.340,0,NULL,NULL,,3,0,2,7,255,1275,250,0,0
stim,149232,179353,0,179353,3376679.455,-0.756,-0.038,0.019,-0.654,0,0,20,0,0,0,0,178,46,1.072,1,2203,0,330.627,3.662,60.625,323.063,-35.625,-0.039,0.102,1.691,3.152,1.863,7.098,2.986,3.320,1.030,1.340,0,NULL,NULL,,3,0,2,7,255,1275,250,0,0
stim,149263,179384,0,179384,3376684.454,-0.754,-0.027,0.028,-0.656,0,0,19,0,0,0,0,180,46,1.072,1,2203,0,329.115,3.037,65.125,320.750,-34.563,-0.020,0.125,1.656,2.844,1.066,6.547,3.012,3.346,1.030,1.340,0,NULL,NULL,,3,0,2,7,255,1275,250,0,0
stim,149263,179384,0,179384,3376689.455,-0.753,-0.015,0.036,-0.657,0,0,19,0,0,0,0,181,46,1.072,1,2203,0,328.627,2.742,72.188,318.813,-33.813,0.004,0.117,1.613,2.707,0.434,6.211,3.032,3.370,1.030,1.340,0,NULL,NULL,,3,0,2,7,255,1275,250,0,0
stim,149263,179384,0,179384,3376694.453,-0.751,-0.003,0.043,-0.659,0,0,16,0,0,0,0,185,46,1.072,1,2203,0,328.791,2.719,84.500,316.375,-29.500,0.020,0.098,1.578,2.707,-0.258,5.805,3.052,3.390,1.030,1.340,0,NULL,NULL,,3,0,2,7,255,1275,250,0,0
stim,149263,179384,0,179384,3376699.455,-0.749,0.009,0.051,-0.660,0,0,8,0,0,0,0,179,46,1.072,1,2203,0,330.918,2.572,101.750,313.938,-24.438,0.027,0.098,1.555,2.422,-0.867,5.449,3.066,3.406,1.030,1.340,0,NULL,NULL,,3,0,2,7,255,1275,250,0,0
stim,149263,179384,0,179384,3376704.453,-0.748,0.022,0.057,-0.661,0,0,10,0,0,0,0,181,46,1.072,1,2203,0,336.383,2.789,124.063,312.000,-20.438,0.043,0.129,1.570,2.422,-1.383,5.277,3.076,3.418,1.030,1.340,0,NULL,NULL,,3,0,2,7,255,1275,250,0,0
stim,149263,179384,0,179384,3376709.455,-0.746,0.036,0.063,-0.662,0,0,9,0,0,0,0,185,46,1.072,1,2203,0,345.783,3.196,148.375,311.875,-16.875,0.078,0.137,1.621,2.539,-1.941,5.277,3.084,3.428,1.030,1.340,0,NULL,NULL,,3,0,2,7,255,1275,250,0,0
stim,149307,179428,0,179428,3376714.454,-0.744,0.050,0.068,-0.663,0,0,6,0,0,0,0,185,46,1.072,1,2203,0,356.453,3.760,170.000,313.125,-10.563,0.121,0.113,1.684,2.539,-2.773,5.695,3.088,3.434,1.030,1.340,0,NULL,NULL,,3,0,2,7,255,1275,250,0,0
stim,149307,179428,0,179428,3376719.455,-0.742,0.066,0.072,-0.663,0,0,5,0,0,0,0,191,46,1.072,1,2203,0,368.566,4.432,190.000,315.813,-1.875,0.156,0.148,1.727,2.375,-3.742,6.199,3.090,3.438,1.030,1.340,0,NULL,NULL,,3,0,2,7,255,1275,250,0,0
stim,149307,179428,0,179428,3376724.454,-0.740,0.082,0.076,-0.663,0,0,2,0,0,0,0,212,46,1.072,1,2203,0,382.656,5.168,212.688,318.063,5.125,0.191,0.238,1.793,2.375,-4.590,6.461,3.088,3.438,1.030,1.340,0,NULL,NULL,,3,0,2,7,255,1275,250,0,0
stim,149307,179428,0,179428,3376729.455,-0.738,0.099,0.080,-0.662,0,0,0,0,0,0,0,223,46,1.072,1,2203,0,397.016,6.252,236.063,319.063,9.750,0.266,0.297,1.914,3.059,-5.453,6.875,3.082,3.434,1.030,1.340,0,NULL,NULL,,3,0,2,7,255,1275,250,0,0
stim,149307,179428,0,179428,3376734.454,-0.736,0.116,0.083,-0.662,0,0,2,0,0,0,0,233,46,1.072,1,2203,0,408.264,7.696,254.125,319.188,14.813,0.352,0.316,2.070,3.379,-6.914,7.730,3.070,3.424,1.030,1.340,0,NULL,NULL,,3,0,2,7,255,1275,250,0,0
stim,149307,179428,0,179428,3376739.455,-0.734,0.134,0.085,-0.660,0,0,0,0,0,0,0,237,46,1.072,1,2203,0,413.592,9.311,263.625,317.938,21.813,0.406,0.336,2.230,3.379,-8.676,8.828,3.054,3.410,1.030,1.340,0,NULL,NULL,,3,0,2,7,255,1275,250,0,0
stim,149307,179428,0,179428,3376744.453,-0.732,0.151,0.088,-0.659,0,0,0,0,0,0,0,245,46,1.072,1,2203,0,413.481,10.703,266.688,314.750,27.875,0.434,0.371,2.387,3.207,-10.211,9.980,3.034,3.392,1.030,1.340,0,NULL,NULL,,3,0,2,7,255,1275,250,0,0
stim,149307,179428,0,179428,3376749.455,-0.729,0.169,0.090,-0.657,0,0,0,0,0,0,0,269,46,1.072,1,2203,0,407.839,11.940,263.125,310.188,29.688,0.473,0.426,2.531,3.141,-11.520,11.082,3.002,3.362,1.030,1.340,0,NULL,NULL,,3,0,2,7,255,1275,250,0,0
stim,149332,179453,0,179453,3376754.454,-0.726,0.185,0.092,-0.655,0,0,0,0,0,0,0,302,46,1.072,1,2203,0,395.078,13.328,250.875,303.938,27.750,0.551,0.473,2.645,3.141,-12.953,12.063,2.962,3.322,1.030,1.340,0,NULL,NULL,,3,0,2,7,255,1275,250,0,0
stim,149332,179453,0,179453,3376759.455,-0.724,0.201,0.095,-0.653,0,0,0,0,0,0,0,339,46,1.072,1,2203,0,378.336,15.027,234.750,295.375,28.000,0.625,0.457,2.734,3.141,-14.695,12.520,2.914,3.276,1.030,1.340,0,NULL,NULL,,3,0,2,7,255,1275,250,0,0
stim,149332,179453,0,179453,3376764.453,-0.722,0.217,0.096,-0.650,0,0,0,0,0,0,0,364,46,1.072,1,2203,0,368.354,16.637,245.750,270.563,45.688,0.777,0.574,3.129,3.004,-16.363,12.621,2.860,3.224,1.030,1.340,0,NULL,NULL,,3,0,2,7,255,1275,250,0,0
stim,149332,179453,0,179453,3376769.455,-0.719,0.229,0.102,-0.649,0,0,0,0,0,0,0,405,46,1.072,1,2203,0,310.420,19.701,119.625,286.438,-2.000,0.945,0.289,2.547,2.582,-19.531,12.621,2.798,3.162,1.030,1.340,0,NULL,NULL,,3,0,2,7,255,1275,250,0,0
stim,149332,179453,0,179453,3376774.454,-0.717,0.240,0.107,-0.646,0,0,0,0,0,0,0,435,46,1.072,1,2203,0,297.938,19.557,116.438,272.500,30.875,1.160,0.141,1.797,0.996,-19.531,8.523,2.728,3.092,1.030,1.340,0,NULL,NULL,,3,0,2,7,255,1275,250,0,0
stim,149332,179453,0,179453,3376779.455,-0.715,0.254,0.109,-0.642,0,0,0,0,0,0,0,461,46,1.072,1,2203,0,325.585,18.952,188.375,258.188,62.125,1.215,0.250,1.773,0.996,-18.926,0.445,2.650,3.018,1.030,1.340,0,NULL,NULL,,3,0,2,7,255,1275,250,0,0
stim,149351,179472,0,179472,3376784.454,-0.713,0.268,0.110,-0.639,0,0,0,0,0,0,0,481,46,1.072,1,2203,0,330.794,18.938,215.375,243.188,62.438,1.109,-0.016,2.137,0.676,-18.926,0.445,2.568,2.936,1.030,1.340,0,NULL,NULL,,3,0,2,7,255,1275,250,0,0
stim,149351,179472,0,179472,3376789.455,-0.711,0.280,0.112,-0.635,0,0,1,0,0,0,0,509,46,1.072,1,2203,0,298.075,20.311,180.938,228.938,60.813,1.176,-0.281,2.055,-1.723,-20.238,0.250,2.482,2.850,1.030,1.340,0,NULL,NULL,,3,0,2,7,255,1275,250,0,0
stim,149351,179472,0,179472,3376794.454,-0.710,0.291,0.113,-0.631,0,0,2,0,0,0,0,549,46,1.072,1,2203,0,277.822,20.662,163.563,212.375,73.000,1.273,-0.391,1.621,-4.164,-20.238,0.250,2.392,2.760,1.030,1.340,0,NULL,NULL,,3,0,2,7,255,1275,250,0,0
stim,149351,179472,0,179472,3376799.455,-0.709,0.303,0.112,-0.627,0,0,1,0,0,0,0,559,46,1.072,1,2203,0,290.570,19.951,198.875,192.563,88.313,1.238,-0.465,1.367,-4.379,-19.465,-4.438,2.294,2.664,1.030,1.340,0,NULL,NULL,,3,0,2,7,255,1275,250,0,0
stim,149377,179498,0,179498,3376804.453,-0.707,0.316,0.110,-0.623,0,0,0,0,0,0,0,581,46,1.072,1,2203,0,312.537,19.330,245.813,171.500,88.563,1.191,-0.531,1.570,-4.762,-18.734,-5.617,2.196,2.566,1.030,1.340,0,NULL,NULL,,3,0,2,7,255,1275,250,0,0
stim,149377,179498,0,179498,3376809.457,-0.706,0.328,0.107,-0.619,0,0,0,0,0,0,0,593,46,1.072,1,2203,0,305.588,19.656,243.625,149.375,108.250,1.477,-0.434,2.191,-5.949,-18.734,-5.617,2.096,2.466,1.030,1.340,0,NULL,NULL,,3,0,2,7,255,1275,250,0,0
stim,149415,179536,0,179536,3376814.453,-0.705,0.338,0.104,-0.615,0,0,0,0,4,0,0,612,46,1.072,1,2203,0,257.313,21.632,190.625,136.563,105.938,0.977,-0.742,2.172,-5.965,-20.793,-2.602,1.994,2.366,1.030,1.340,0,NULL,NULL,,3,0,2,7,255,1275,250,0,0
stim,149415,179536,0,179536,3376819.455,-0.702,0.347,0.102,-0.613,0,0,0,0,17,0,0,628,46,1.072,1,2203,0,229.454,23.039,195.438,118.063,22.688,1.063,-0.836,1.883,-9.922,-20.793,-2.602,1.888,2.262,1.030,1.340,0,NULL,NULL,,3,0,2,7,255,1275,250,0,0
stim,149415,179536,0,179536,3376824.454,-0.698,0.356,0.100,-0.613,0,0,1,0,24,0,0,650,46,1.072,1,2203,0,229.738,23.039,205.875,101.938,-2.000,1.703,-0.770,2.098,-9.922,-20.793,-4.734,1.774,2.148,1.030,1.340,0,NULL,NULL,,3,0,2,7,255,1275,250,0,0
stim,149415,179536,0,179536,3376829.455,-0.695,0.364,0.098,-0.612,0,0,1,0,55,0,0,667,46,1.072,1,2203,0,198.696,27.562,177.500,87.875,15.875,1.871,-0.750,2.309,-9.023,-26.043,-6.730,1.656,2.030,1.030,1.340,0,NULL,NULL,,3,0,2,7,255,1275,250,0,0
stim,149415,179536,0,179536,3376834.454,-0.693,0.370,0.097,-0.611,0,0,5,0,85,0,0,680,46,1.072,1,2203,0,147.592,29.498,126.000,75.688,13.375,1.875,-0.750,2.230,-8.906,-28.121,-6.953,1.532,1.908,1.030,1.340,0,NULL,NULL,,3,0,2,7,255,1275,250,0,0
stim,149415,179536,0,179536,3376839.455,-0.691,0.374,0.096,-0.611,0,0,7,0,94,0,0,691,46,1.072,1,2203,0,109.343,29.498,91.750,58.000,-13.188,1.906,-0.754,2.043,-8.906,-28.121,-7.621,1.404,1.780,1.030,1.340,0,NULL,NULL,,3,0,2,7,255,1275,250,0,0
stim,149415,179536,0,179536,3376844.453,-0.689,0.377,0.096,-0.612,0,0,5,0,91,0,0,699,46,1.072,1,2203,0,92.341,29.222,73.313,40.688,-38.688,2.117,-0.953,1.902,-8.906,-27.832,-9.355,1.268,1.644,1.030,1.340,0,NULL,NULL,,3,0,2,7,255,1275,250,0,0
stim,149415,179536,0,179536,3376849.455,-0.687,0.380,0.095,-0.613,0,0,9,0,93,0,0,697,46,1.072,1,2203,0,79.383,29.397,68.625,16.125,-36.500,2.199,-1.031,1.902,-9.465,-27.832,-12.508,1.124,1.500,1.030,1.340,0,NULL,NULL,,3,0,2,7,255,1275,250,0,0
stim,149415,179536,0,179536,3376854.454,-0.685,0.381,0.094,-0.614,0,0,8,0,93,0,0,697,46,1.072,1,2203,0,63.156,29.908,55.938,-7.625,-28.313,2.246,-0.898,2.000,-9.465,-28.371,-12.539,0.974,1.354,1.030,1.340,0,NULL,NULL,,3,0,2,7,255,1275,250,0,0
stim,149415,179536,0,179536,3376859.455,-0.685,0.381,0.092,-0.614,0,0,5,0,59,0,0,685,46,1.072,1,2203,0,40.106,30.012,23.000,-32.750,2.625,2.031,-0.648,2.129,-9.262,-28.547,-12.539,0.822,1.204,1.030,1.340,0,NULL,NULL,,3,0,2,7,255,1275,250,0,0
stim,149415,179536,0,179536,3376864.454,-0.686,0.379,0.091,-0.615,0,0,6,0,51,0,0,687,46,1.072,1,2203,0,57.654,29.632,-25.188,-51.813,2.250,1.648,-0.422,2.117,-7.945,-28.547,-9.422,0.672,1.052,1.030,1.340,0,NULL,NULL,,3,0,2,7,255,1275,250,0,0
stim,149415,179536,0,179536,3376869.455,-0.686,0.375,0.091,-0.617,0,0,4,0,20,0,0,679,46,1.072,1,2203,0,93.275,26.572,-51.750,-74.250,-22.563,1.344,-0.453,1.938,-7.117,-25.602,-6.273,0.526,0.902,1.030,1.340,0,NULL,NULL,,3,0,2,7,255,1275,250,0,0
stim,149447,179568,0,179568,3376874.454,-0.687,0.371,0.090,-0.619,0,0,5,0,12,0,0,670,46,1.072,1,2203,0,108.611,23.253,-61.625,-83.125,-33.000,1.445,-0.750,1.703,-7.117,-22.137,-6.273,0.388,0.754,1.030,1.340,0,NULL,NULL,,3,0,2,7,255,1275,250,0,0
stim,149447,179568,0,179568,3376879.455,-0.688,0.366,0.090,-0.621,0,0,0,0,0,11,0,687,46,1.072,1,2203,0,128.146,22.971,-78.625,-99.000,-20.938,1.078,-0.566,1.840,-8.422,-21.371,-5.699,0.270,0.610,1.030,1.340,0,NULL,NULL,,3,0,2,7,255,1275,250,0,0
stim,149447,179568,0,179568,3376884.453,-0.690,0.365,0.080,-0.620,267,0,0,621,0,51,0,687,46,1.072,1,2203,0,242.430,21.633,109.188,-174.500,128.063,-0.090,-0.957,3.461,-8.922,-19.707,-4.852,0.198,0.470,1.030,1.340,0,NULL,NULL,,3,0,2,7,255,1275,250,0,0
stim,149447,179568,0,179568,3376889.455,-0.701,0.362,0.064,-0.611,931,0,0,1291,0,266,0,701,46,1.072,1,2203,0,476.341,21.431,62.938,-251.375,399.688,-0.559,1.531,5.816,-8.422,-19.707,11.949,0.196,0.340,1.030,1.340,0,NULL,NULL,,3,0,2,7,255,1275,250,0,0
stim,149466,179587,0,179587,3376894.454,-0.719,0.339,0.073,-0.602,1503,0,0,1753,0,442,0,763,46,1.072,1,2203,0,726.683,20.644,-651.563,-140.313,289.563,-1.559,2.246,2.938,-6.148,-19.707,28.543,0.268,0.240,1.030,1.340,0,NULL,NULL,,3,0,2,7,255,1275,250,0,0
stim,149466,179587,0,179587,3376899.455,-0.735,0.311,0.085,-0.597,1949,0,0,1980,0,595,0,815,46,1.072,1,2204,0,795.008,8.757,-761.250,-167.813,156.125,-1.691,2.383,-0.418,8.316,-2.742,28.543,0.316,0.220,1.030,1.340,1,1263.000,-12.000,,3,0,2,7,255,1275,250,0,0
stim,149466,179587,0,179587,3376904.453,-0.743,0.293,0.092,-0.595,2187,0,0,2125,0,758,0,903,46,1.072,1,2204,0,492.323,22.650,-470.875,-137.188,42.875,-1.520,1.559,-1.586,13.063,18.504,2.855,0.340,0.240,1.030,1.340,1,NULL,NULL,,3,0,2,7,255,1275,250,0,0
stim,149466,179587,0,179587,3376909.455,-0.745,0.283,0.092,-0.597,2368,0,0,2229,0,888,0,973,46,1.072,1,2204,0,232.439,22.650,-172.625,-151.375,-36.250,-0.703,0.543,-0.785,13.063,18.504,-10.777,0.358,0.274,1.030,1.340,1,NULL,NULL,,3,0,2,7,255,1275,250,0,0
stim,149466,179587,0,179587,3376914.453,-0.746,0.277,0.089,-0.599,2503,0,0,2317,0,1067,0,1033,46,1.072,1,2204,0,173.833,11.431,-68.500,-159.750,2.375,0.047,0.547,0.969,4.426,10.539,-10.777,0.378,0.310,1.030,1.340,1,NULL,NULL,,3,0,2,7,255,1275,250,0,0
stim,149466,179587,0,179587,3376919.455,-0.751,0.269,0.086,-0.597,2661,0,0,2515,0,1163,0,1065,46,1.072,1,2204,0,209.836,6.356,-108.438,-158.063,85.375,0.121,1.773,1.359,4.426,-4.563,-0.543,0.410,0.342,1.030,1.340,1,NULL,NULL,,3,0,2,7,255,1275,250,0,0
stim,149516,179637,0,179637,3376924.454,-0.757,0.260,0.083,-0.593,2791,0,0,2667,0,1183,0,1085,46,1.072,1,2204,0,286.230,7.531,-170.813,-170.000,154.438,-0.949,1.156,1.348,5.992,-4.563,5.754,0.436,0.368,1.030,1.340,1,NULL,NULL,,3,0,2,7,255,1275,250,0,0
stim,149516,179637,0,179637,3376929.455,-0.766,0.245,0.082,-0.588,2897,0,0,2779,0,1213,0,1144,46,1.072,1,2204,0,408.201,6.912,-305.500,-205.563,176.188,-2.008,-0.688,0.895,5.992,3.445,5.754,0.442,0.384,1.030,1.340,2,NULL,NULL,,3,0,2,7,255,1275,250,0,0
stim,149516,179637,0,179637,3376934.454,-0.770,0.230,0.083,-0.589,2965,0,0,2883,0,1214,0,1215,46,1.072,1,2204,0,361.767,17.656,-304.250,-195.625,-6.188,-1.848,-0.902,-0.250,-13.438,11.453,4.316,0.422,0.392,1.030,1.340,2,NULL,NULL,,3,0,2,7,255,1275,250,0,0
stim,149516,179637,0,179637,3376939.455,-0.769,0.220,0.080,-0.594,3014,0,0,2951,0,1221,0,1299,46,1.072,1,2204,0,258.851,17.656,-119.250,-206.750,-100.188,-0.637,-0.582,-0.492,-13.438,11.453,-6.766,0.386,0.394,1.030,1.340,2,NULL,NULL,,3,0,2,7,255,1275,250,0,0
stim,149516,179637,0,179637,3376944.453,-0.767,0.216,0.073,-0.599,3034,0,0,3000,0,1198,0,1362,46,1.072,1,2204,0,236.845,10.802,53.813,-206.500,-102.750,0.297,-0.902,0.902,-8.785,6.285,-6.766,0.346,0.394,1.030,1.340,2,NULL,NULL,,3,0,2,7,255,1275,250,0,0
stim,149516,179637,0,179637,3376949.455,-0.766,0.213,0.065,-0.603,3063,0,0,3047,0,1202,0,1380,46,1.072,1,2204,0,192.611,11.924,55.000,-179.938,-41.188,0.781,-1.066,2.078,-8.785,-8.063,-4.832,0.326,0.384,1.030,1.340,2,NULL,NULL,,3,0,2,7,255,1275,250,0,0
stim,149516,179637,0,179637,3376954.453,-0.768,0.207,0.061,-0.603,3081,0,0,3087,0,1208,0,1355,46,1.072,1,2204,0,184.966,19.237,-70.438,-167.500,34.563,0.754,-0.828,2.316,-8.785,-17.113,3.641,0.316,0.358,1.030,1.340,2,NULL,NULL,,3,0,2,7,255,1275,250,0,0
stim,149516,179637,0,179637,3376959.455,-0.773,0.196,0.061,-0.600,3089,0,0,3110,0,1243,0,1317,46,1.072,1,2204,0,273.656,19.212,-198.563,-155.000,106.938,0.320,-0.621,1.621,-8.730,-17.113,3.641,0.316,0.318,1.030,1.340,2,NULL,NULL,,3,0,2,7,255,1275,250,0,0
stim,149516,179637,0,179637,3376964.454,-0.780,0.185,0.060,-0.595,3099,0,0,3131,0,1317,0,1349,46,1.072,1,2204,0,306.609,13.096,-226.250,-150.813,141.688,-0.223,-0.746,0.691,-8.344,-10.094,2.586,0.324,0.268,1.030,1.340,2,NULL,NULL,,3,0,2,7,255,1275,250,0,0
stim,149516,179637,0,179637,3376969.455,-0.785,0.177,0.058,-0.591,3117,0,0,3151,0,1382,11,1388,46,1.072,1,2204,0,251.980,8.625,-152.625,-152.375,130.313,-0.563,-0.785,0.336,-8.344,-2.184,-4.184,0.330,0.224,1.030,1.340,2,NULL,NULL,,3,0,2,7,255,1275,250,0,0
stim,149540,179661,0,179661,3376974.455,-0.788,0.171,0.054,-0.589,3125,0,0,3164,0,1469,41,1435,46,1.072,1,2204,0,194.331,8.566,-65.875,-157.625,92.625,-0.574,-0.293,0.645,-8.344,1.938,-4.184,0.332,0.192,1.030,1.340,2,NULL,NULL,,3,0,2,7,255,1275,250,0,0
stim,149540,179661,0,179661,3376979.455,-0.790,0.166,0.049,-0.588,3125,0,0,3175,0,1613,59,1509,46,1.072,1,2204,0,165.546,5.413,-30.563,-154.563,50.813,-0.316,0.328,1.180,-5.055,1.938,-2.750,0.332,0.172,1.030,1.340,2,NULL,NULL,,3,0,2,7,255,1275,250,0,0
stim,149540,179661,0,179661,3376984.453,-0.792,0.160,0.045,-0.588,3142,0,0,3189,0,1735,101,1592,46,1.072,1,2204,0,157.010,0.992,-58.438,-142.188,31.938,-0.047,0.391,1.508,0.992,-0.012,2.543,0.332,0.160,1.030,1.340,2,NULL,NULL,,3,0,2,7,255,1275,250,0,0
stim,149540,179661,0,179661,3376989.455,-0.794,0.153,0.043,-0.587,3139,0,0,3189,0,1831,175,1643,46,1.072,1,2204,0,172.499,3.201,-109.125,-130.813,27.125,-0.020,0.223,1.363,0.992,-3.043,3.348,0.336,0.152,1.030,1.340,2,NULL,NULL,,3,0,2,7,255,1275,250,0,0
stim,149564,179685,0,179685,3376994.453,-0.795,0.145,0.042,-0.587,3141,0,0,3194,7,1927,212,1693,46,1.072,1,2204,0,178.440,3.195,-130.750,-119.500,21.563,0.047,-0.145,1.109,0.828,-3.086,3.348,0.346,0.142,1.030,1.340,2,NULL,NULL,,3,0,2,7,255,1275,250,0,0
stim,149564,179685,0,179685,3376999.455,-0.797,0.139,0.041,-0.587,3145,0,0,3208,41,1991,237,1723,46,1.072,1,2204,0,159.164,3.879,-112.750,-111.000,17.313,0.008,-0.332,0.863,-2.117,-3.250,0.277,0.356,0.134,1.030,1.340,2,NULL,NULL,,3,0,2,7,255,1275,250,0,0
stim,149564,179685,0,179685,3377004.454,-0.798,0.133,0.039,-0.587,3155,0,0,3195,59,2071,275,1752,46,1.072,1,2204,0,130.257,5.026,-75.313,-105.563,12.313,0.023,-0.359,0.852,-3.738,-3.359,-2.133,0.366,0.128,1.030,1.340,2,NULL,NULL,,3,0,2,7,255,1275,250,0,0
stim,149564,179685,0,179685,3377009.455,-0.799,0.129,0.036,-0.587,3149,0,0,3198,187,2167,307,1855,46,1.072,1,2204,0,113.850,5.026,-49.438,-101.250,16.313,0.039,-0.258,0.984,-3.738,-3.359,-2.133,0.378,0.122,1.030,1.340,2,NULL,NULL,,3,0,2,7,255,1275,250,0,0
stim,149615,179736,0,179736,3377014.454,-0.800,0.125,0.034,-0.586,3149,0,0,3197,318,2197,425,1962,46,1.072,1,2204,0,109.544,4.483,-46.375,-95.500,27.000,0.012,-0.098,1.184,-2.969,-3.359,-0.891,0.392,0.118,1.030,1.340,2,NULL,NULL,,3,0,2,7,255,1275,250,0,0
stim,149615,179736,0,179736,3377019.455,-0.800,0.122,0.032,-0.586,3155,0,0,3199,411,2237,455,2045,46,1.072,1,2204,0,71.727,3.833,-27.688,-65.500,9.375,0.027,0.020,1.566,-1.680,-3.445,1.297,0.408,0.106,1.030,1.340,2,NULL,NULL,,3,0,2,7,255,1275,250,0,0
stim,149615,179736,0,179736,3377024.454,-0.800,0.120,0.032,-0.587,3155,0,0,3199,509,2277,471,2095,46,1.072,1,2204,0,58.809,3.542,-37.625,-38.063,-24.375,0.223,0.465,1.238,-0.773,-3.457,2.160,0.424,0.092,1.030,1.340,2,NULL,NULL,,3,0,2,7,255,1275,250,0,0
stim,149615,179736,0,179736,3377029.455,-0.799,0.119,0.031,-0.588,3159,0,0,3205,584,2309,487,2147,46,1.072,1,2204,0,48.901,5.584,-4.063,-36.313,-32.500,0.418,0.875,1.121,4.176,-3.707,2.160,0.440,0.076,1.030,1.340,2,NULL,NULL,,3,0,2,7,255,1275,250,0,0
stim,149615,179736,0,179736,3377034.454,-0.799,0.117,0.031,-0.588,3159,0,0,3197,629,2325,493,2174,46,1.072,1,2204,0,30.860,5.426,-18.563,-24.250,-4.438,0.070,0.180,1.547,4.176,-3.465,2.160,0.450,0.064,1.030,1.340,2,NULL,NULL,,3,0,2,7,255,1275,250,0,0
stim,149615,179736,0,179736,3377039.455,-0.800,0.114,0.032,-0.589,3156,0,0,3199,671,2340,507,2215,46,1.072,1,2204,0,89.910,3.576,-87.250,-20.000,-8.438,-0.367,-0.066,1.246,0.883,-3.465,2.695,0.458,0.056,1.030,1.340,2,NULL,NULL,,3,0,2,7,255,1275,250,0,0
stim,149615,179736,0,179736,3377044.454,-0.799,0.111,0.034,-0.590,3160,0,0,3205,735,2348,531,2235,46,1.072,1,2204,0,94.020,0.743,-76.375,-15.188,-52.688,-0.301,0.195,0.734,0.516,0.535,2.695,0.464,0.050,1.030,1.340,2,NULL,NULL,,3,0,2,7,255,1275,250,0,0
stim,149615,179736,0,179736,3377049.455,-0.797,0.109,0.034,-0.593,3165,0,0,3198,807,2365,542,2265,46,1.072,1,2204,0,81.179,0.743,-22.063,-16.438,-76.375,0.043,0.129,0.848,0.516,0.535,-1.648,0.470,0.044,1.030,1.340,2,NULL,NULL,,3,0,2,7,255,1275,250,0,0
stim,149615,179736,0,179736,3377054.453,-0.796,0.108,0.034,-0.595,3153,0,0,3195,850,2385,544,2283,46,1.072,1,2204,0,51.847,1.881,-12.438,-13.000,-48.625,0.223,0.027,1.145,0.516,-1.809,-1.648,0.480,0.036,1.030,1.340,2,NULL,NULL,,3,0,2,7,255,1275,250,0,0
stim,149615,179736,0,179736,3377059.455,-0.796,0.107,0.035,-0.595,3155,5,0,3198,909,2383,547,2303,46,1.072,1,2204,0,42.028,2.623,-39.125,-9.250,-12.250,0.047,0.117,1.180,0.660,-2.539,0.773,0.488,0.028,1.030,1.340,2,NULL,NULL,,3,0,2,7,255,1275,250,0,0
stim,149615,179736,0,179736,3377064.453,-0.796,0.105,0.036,-0.596,3153,20,0,3197,971,2395,549,2323,46,1.072,1,2204,0,54.171,2.623,-53.125,-3.313,-10.063,-0.172,0.211,1.023,0.660,-2.539,0.773,0.494,0.022,1.030,1.340,2,NULL,NULL,,3,0,2,7,255,1275,250,0,0
stim,149615,179736,0,179736,3377069.455,-0.795,0.103,0.037,-0.597,3161,24,0,3205,1013,2403,563,2341,46,1.072,1,2204,0,54.923,1.013,-44.063,-2.563,-32.688,-0.211,0.219,0.949,1.012,0.059,0.508,0.500,0.018,1.030,1.340,2,NULL,NULL,,3,0,2,7,255,1275,250,0,0
stim,149648,179769,0,179769,3377074.454,-0.794,0.102,0.038,-0.598,3151,51,0,3206,1055,2410,572,2352,46,1.072,1,2204,0,55.714,1.013,-31.688,-2.625,-45.750,-0.094,0.141,1.004,1.012,0.059,0.121,0.508,0.012,1.030,1.340,2,NULL,NULL,,3,0,2,7,255,1275,250,0,0
stim,149648,179769,0,179769,3377079.455,-0.793,0.100,0.038,-0.599,3149,59,0,3199,1070,2414,586,2359,46,1.072,1,2204,0,48.298,1.030,-31.813,-1.438,-36.313,-0.016,0.098,1.070,0.652,-0.797,0.121,0.516,0.008,1.030,1.340,2,NULL,NULL,,3,0,2,7,255,1275,250,0,0
stim,149648,179769,0,179769,3377084.454,-0.793,0.099,0.039,-0.600,3148,61,0,3199,1095,2423,583,2366,46,1.072,1,2204,0,45.129,1.230,-37.438,-0.813,-25.188,-0.078,0.133,1.063,0.652,-1.043,0.563,0.522,0.004,1.030,1.340,2,NULL,NULL,,3,0,2,7,255,1275,250,0,0
stim,149648,179769,0,179769,3377089.455,-0.792,0.098,0.040,-0.601,3149,75,0,3205,1115,2425,579,2383,46,1.072,1,2204,0,46.465,1.150,-38.875,0.813,-25.438,-0.129,0.098,1.023,0.484,-1.043,0.563,0.000,0.000,1.030,1.340,2,NULL,NULL,,3,0,2,7,255,1275,250,0,0
stim,149648,179769,0,179769,3377094.453,-0.792,0.096,0.042,-0.602,3148,89,0,3205,1136,2428,581,2387,46,1.072,1,2204,0,47.283,0.738,-37.938,1.375,-28.188,-0.129,0.016,0.977,0.246,-0.695,0.336,0.000,0.000,1.030,1.340,2,NULL,NULL,,3,0,2,7,255,1275,250,0,0
stim,149648,179769,0,179769,3377099.455,-0.791,0.095,0.043,-0.603,3143,92,0,3199,1163,2431,568,2393,46,1.072,1,2204,0,42.139,0.836,-32.750,0.938,-26.500,-0.121,-0.047,0.941,-0.465,-0.695,-0.195,0.000,0.000,1.030,1.340,2,NULL,NULL,,3,0,2,7,255,1275,250,0,0
stim,149679,179800,0,179800,3377104.453,-0.791,0.094,0.043,-0.603,3135,102,0,3199,1183,2437,560,2398,46,1.072,1,2204,0,34.619,1.262,-26.625,-0.188,-22.125,-0.133,-0.070,0.938,-1.000,-0.770,-0.570,0.000,0.000,1.030,1.340,2,NULL,NULL,,3,0,2,7,255,1275,250,0,0
stim,149679,179800,0,179800,3377109.457,-0.790,0.093,0.044,-0.604,3139,107,0,3196,1204,2437,551,2405,46,1.072,1,2204,0,28.820,1.458,-21.563,-1.500,-19.063,-0.145,-0.090,0.945,-1.238,-0.770,-0.570,0.000,0.000,1.030,1.340,2,NULL,NULL,,3,0,2,7,255,1275,250,0,0
stim,149716,179837,0,179837,3377114.453,-0.790,0.092,0.044,-0.605,3133,109,0,3193,1226,2449,550,2409,46,1.072,1,2204,0,23.846,1.502,-16.375,-2.688,-17.125,-0.145,-0.082,0.934,-1.316,-0.723,-0.598,0.000,0.000,1.030,1.340,2,NULL,NULL,,3,0,2,7,255,1275,250,0,0
stim,149716,179837,0,179837,3377119.455,-0.790,0.091,0.045,-0.605,3143,112,0,3205,1252,2431,549,2415,46,1.072,1,2204,0,18.887,1.483,-10.375,-4.063,-15.250,-0.141,-0.063,0.945,-1.316,-0.684,-0.527,0.000,0.000,1.030,1.340,2,NULL,NULL,,3,0,2,7,255,1275,250,0,0
stim,149716,179837,0,179837,3377124.454,-0.789,0.091,0.045,-0.606,3129,107,0,3183,1256,2437,542,2415,46,1.040,1,2204,1,15.957,1.322,-6.688,-4.750,-13.688,-0.148,-0.051,0.965,-1.137,-0.676,-0.504,0.000,0.000,1.004,1.352,2,NULL,NULL,,3,0,2,7,255,1275,250,0,0
stim,149716,179837,0,179837,3377129.455,-0.789,0.090,0.045,-0.606,3125,107,3,3180,1287,2439,531,2421,46,1.040,1,2204,1,15.160,1.176,-4.500,-5.688,-13.313,-0.152,-0.020,0.969,-1.016,-0.594,-0.297,0.004,0.002,1.004,1.352,2,NULL,NULL,,3,0,2,7,255,1275,250,0,0
stim,149716,179837,0,179837,3377134.454,-0.789,0.090,0.045,-0.607,3123,102,4,3183,1309,2439,533,2428,46,1.040,1,2204,1,14.690,0.913,-2.625,-6.188,-13.063,-0.141,0.004,0.973,-0.734,-0.543,-0.230,0.008,0.004,1.004,1.352,2,NULL,NULL,,3,0,2,7,255,1275,250,0,0
stim,149716,179837,0,179837,3377139.455,-0.788,0.090,0.045,-0.607,3115,104,5,3187,1327,2432,535,2439,46,1.040,1,2204,1,13.136,0.735,-1.313,-6.438,-11.375,-0.137,0.008,0.980,-0.496,-0.543,-0.219,0.014,0.008,1.004,1.352,2,NULL,NULL,,3,0,2,7,255,1275,250,0,0
stim,149716,179837,0,179837,3377144.453,-0.788,0.089,0.044,-0.607,3119,103,6,3180,1351,2431,547,2439,46,1.040,1,2204,1,12.763,0.707,-0.813,-6.313,-11.063,-0.137,0.039,0.992,-0.453,-0.543,-0.129,0.020,0.012,1.004,1.352,2,NULL,NULL,,3,0,2,7,255,1275,250,0,0
stim,149716,179837,0,179837,3377149.455,-0.788,0.089,0.044,-0.608,3113,107,4,3161,1383,2431,535,2449,46,1.040,1,2204,1,12.414,0.560,-0.313,-5.625,-11.063,-0.133,0.055,1.000,-0.164,-0.535,-0.012,0.026,0.016,1.004,1.352,2,NULL,NULL,,3,0,2,7,255,1275,250,0,0
stim,149716,179837,0,179837,3377154.454,-0.788,0.089,0.044,-0.608,3099,102,10,3149,1403,2430,529,2447,46,1.040,1,2204,1,13.032,0.512,-0.938,-5.938,-11.563,-0.148,0.078,1.008,0.008,-0.512,0.086,0.032,0.022,1.004,1.352,2,NULL,NULL,,3,0,2,7,255,1275,250,0,0
stim,149716,179837,0,179837,3377159.455,-0.787,0.089,0.044,-0.609,3095,102,11,3146,1439,2438,521,2447,46,1.040,1,2204,1,14.396,0.384,-1.000,-5.688,-13.188,-0.148,0.098,1.012,0.199,-0.328,0.180,0.040,0.028,1.004,1.352,2,NULL,NULL,,3,0,2,7,255,1275,250,0,0
stim,149716,179837,0,179837,3377164.454,-0.787,0.088,0.044,-0.609,3081,104,19,3141,1464,2428,509,2467,46,1.040,1,2204,1,14.766,0.477,-2.313,-5.813,-13.375,-0.156,0.102,1.023,0.379,-0.289,0.230,0.046,0.034,1.004,1.352,2,NULL,NULL,,3,0,2,7,255,1275,250,0,0
stim,149716,179837,0,179837,3377169.455,-0.787,0.088,0.044,-0.610,3077,105,35,3128,1503,2427,507,2471,46,1.040,1,2204,1,15.321,0.456,-5.313,-6.125,-13.000,-0.176,0.121,1.027,0.406,-0.207,0.383,0.052,0.040,1.004,1.352,2,NULL,NULL,,3,0,2,7,255,1275,250,0,0
stim,149747,179868,0,179868,3377174.454,-0.786,0.088,0.043,-0.610,3063,106,68,3113,1549,2427,509,2473,46,1.040,1,2204,1,17.588,0.539,-6.750,-8.125,-14.063,-0.215,0.145,1.008,0.539,0.004,0.383,0.058,0.044,1.004,1.352,2,NULL,NULL,,3,0,2,7,255,1275,250,0,0
stim,149747,179868,0,179868,3377179.455,-0.786,0.087,0.043,-0.611,3052,110,88,3111,1595,2429,524,2493,46,1.040,1,2204,1,21.094,0.822,-6.438,-10.500,-17.125,-0.250,0.184,1.023,0.664,0.484,0.434,0.064,0.048,1.004,1.352,2,NULL,NULL,,3,0,2,7,255,1275,250,0,0
stim,149747,179868,0,179868,3377184.453,-0.785,0.087,0.043,-0.612,3043,125,135,3087,1655,2428,525,2496,46,1.040,1,2204,1,26.953,1.311,-8.125,-12.188,-22.625,-0.262,0.273,1.082,0.969,0.883,0.570,0.068,0.052,1.004,1.352,2,NULL,NULL,,3,0,2,7,255,1275,250,0,0
stim,149747,179868,0,179868,3377189.455,-0.785,0.086,0.043,-0.613,3028,126,167,3077,1713,2426,529,2519,46,1.040,1,2204,1,36.191,1.992,-14.313,-12.625,-30.750,-0.219,0.367,1.125,1.785,0.883,1.188,0.070,0.054,1.004,1.352,2,NULL,NULL,,3,0,2,7,255,1275,250,0,0
stim,149764,179885,0,179885,3377194.454,-0.784,0.085,0.043,-0.614,3005,141,219,3063,1769,2421,534,2536,46,1.040,1,2204,1,44.683,2.933,-23.813,-11.750,-35.938,-0.129,0.387,1.148,2.801,0.871,1.574,0.074,0.054,1.004,1.352,2,NULL,NULL,,3,0,2,7,255,1275,250,0,0
stim,149764,179885,0,179885,3377199.455,-0.783,0.083,0.044,-0.615,3007,167,305,3049,1821,2425,537,2553,46,1.040,1,2204,1,50.889,2.801,-35.688,-9.313,-35.063,-0.051,0.266,1.121,2.801,0.027,1.574,0.074,0.054,1.004,1.352,2,NULL,NULL,,3,0,2,7,255,1275,250,0,0
stim,149764,179885,0,179885,3377204.454,-0.782,0.082,0.045,-0.616,2983,171,373,3044,1878,2429,543,2567,46,1.040,1,2204,0,53.841,2.463,-44.125,-6.938,-30.063,-0.031,0.109,1.027,2.289,-0.910,1.227,0.076,0.054,1.004,1.352,2,NULL,NULL,,3,0,2,7,255,1275,250,0,0
stim,149764,179885,0,179885,3377209.455,-0.782,0.080,0.046,-0.617,2965,189,472,3037,1945,2420,538,2571,46,1.040,1,2204,0,49.800,1.562,-42.875,-5.688,-24.688,-0.043,-0.027,0.918,0.871,-1.297,0.184,0.078,0.052,1.004,1.352,2,NULL,NULL,,3,0,2,7,255,1275,250,0,0
stim,149764,179885,0,179885,3377214.453,-0.781,0.078,0.046,-0.617,2950,217,619,3019,2003,2421,542,2587,46,1.040,1,2204,0,39.137,1.357,-32.625,-6.063,-20.750,-0.074,-0.094,0.859,-0.398,-1.297,-0.895,0.078,0.052,1.004,1.352,2,NULL,NULL,,3,0,2,7,255,1275,250,0,0
stim,149764,179885,0,179885,3377219.455,-0.781,0.077,0.047,-0.618,2931,253,712,3015,2041,2422,567,2591,46,1.040,1,2204,0,28.553,1.381,-20.375,-6.625,-18.875,-0.094,-0.070,0.875,-0.918,-1.031,-1.227,0.076,0.050,1.004,1.352,2,NULL,NULL,,3,0,2,7,255,1275,250,0,0
stim,149808,179929,0,179929,3377224.454,-0.781,0.076,0.047,-0.619,2925,255,787,3002,2097,2427,634,2603,46,1.040,1,2204,0,21.895,1.226,-12.063,-6.375,-17.125,-0.105,-0.035,0.926,-0.918,-0.813,-1.227,0.076,0.046,1.004,1.352,2,NULL,NULL,,3,0,2,7,255,1275,250,0,0
stim,149808,179929,0,179929,3377229.455,-0.780,0.076,0.047,-0.619,2903,260,913,3003,2139,2421,711,2613,46,1.040,1,2204,0,21.160,0.891,-10.688,-5.813,-17.313,-0.121,0.000,0.973,-0.566,-0.688,-0.719,0.074,0.042,1.004,1.352,2,NULL,NULL,,3,0,2,7,255,1275,250,0,0
stim,149808,179929,0,179929,3377234.454,-0.780,0.075,0.047,-0.620,2897,275,1007,2999,2189,2421,765,2619,46,1.040,1,2204,0,22.895,0.698,-13.375,-5.500,-17.750,-0.137,-0.020,0.977,-0.457,-0.527,-0.211,0.074,0.038,1.004,1.352,2,NULL,NULL,,3,0,2,7,255,1275,250,0,0
stim,149808,179929,0,179929,3377239.455,-0.779,0.074,0.047,-0.620,2877,276,1125,2991,2237,2427,823,2634,46,1.040,1,2204,1,23.288,0.644,-15.000,-6.063,-16.750,-0.148,-0.043,0.953,-0.457,-0.453,-0.211,0.072,0.034,1.004,1.352,2,NULL,NULL,,3,0,2,7,255,1275,250,0,0
stim,149808,179929,0,179929,3377244.453,-0.779,0.073,0.048,-0.621,2863,292,1213,2983,2291,2420,905,2649,46,1.040,1,2204,1,22.726,0.774,-14.125,-6.688,-16.500,-0.176,-0.039,0.938,-0.695,-0.340,-0.375,0.070,0.028,1.004,1.352,2,NULL,NULL,,3,0,2,7,255,1275,250,0,0
stim,149808,179929,0,179929,3377249.455,-0.779,0.073,0.048,-0.621,2853,311,1304,2973,2331,2428,1002,2653,46,1.040,1,2204,1,23.595,0.696,-11.313,-7.938,-19.125,-0.188,-0.020,0.949,-0.695,-0.039,-0.375,0.068,0.024,1.004,1.352,2,NULL,NULL,,3,0,2,7,255,1275,250,0,0
stim,149808,179929,0,179929,3377254.453,-0.778,0.072,0.048,-0.622,2824,332,1417,2959,2358,2429,1061,2671,46,1.040,1,2204,1,26.672,0.566,-9.188,-8.813,-23.438,-0.180,-0.020,0.965,-0.566,0.004,-0.348,0.068,0.018,1.004,1.352,2,NULL,NULL,,3,0,2,7,255,1275,250,0,0
stim,149808,179929,0,179929,3377259.457,-0.777,0.071,0.048,-0.623,2803,355,1541,2943,2392,2427,1159,2631,46,1.040,1,2204,1,27.529,0.531,-8.500,-9.563,-24.375,-0.160,-0.023,0.977,-0.531,0.004,-0.207,0.068,0.014,1.004,1.352,2,NULL,NULL,,3,0,2,7,255,1275,250,0,0
stim,149831,179952,0,179952,3377264.453,-0.777,0.071,0.048,-0.624,2781,393,1641,2927,2421,2430,1237,2686,46,1.040,1,2204,1,28.371,0.530,-9.438,-10.313,-24.688,-0.152,0.012,0.992,-0.496,-0.188,-0.117,0.068,0.012,1.004,1.352,2,NULL,NULL,,3,0,2,7,255,1275,250,0,0
stim,149831,179952,0,179952,3377269.455,-0.776,0.070,0.048,-0.625,2771,403,1738,2919,2456,2431,1317,2701,46,1.040,1,2204,1,30.399,0.230,-10.750,-10.625,-26.375,-0.148,0.031,0.996,-0.133,-0.188,0.031,0.070,0.010,1.004,1.352,2,NULL,NULL,,3,0,2,7,255,1275,250,0,0
stim,149831,179952,0,179952,3377274.455,-0.775,0.069,0.048,-0.626,2745,421,1815,2903,2493,2439,1407,2707,46,1.040,1,2204,1,32.167,0.195,-11.750,-11.250,-27.750,-0.129,0.012,0.996,-0.055,-0.188,0.039,0.070,0.008,1.004,1.352,2,NULL,NULL,,3,0,2,7,255,1275,250,0,0
stim,149831,179952,1,179952,3377279.455,-0.775,0.068,0.048,-0.627,2715,455,1884,2889,2518,2451,1471,2715,46,1.040,1,2204,1,31.895,0.383,-12.938,-11.875,-26.625,-0.121,-0.004,0.988,-0.055,-0.379,0.039,0.070,0.006,1.004,1.352,2,NULL,NULL,,3,1,2,7,255,1275,250,0,0
stim,149854,179975,1,179975,3377284.453,-0.774,0.067,0.048,-0.628,2683,475,1967,2876,2548,2443,1560,2725,46,1.040,1,2204,1,30.570,0.485,-12.313,-12.188,-25.188,-0.125,-0.012,0.984,-0.191,-0.445,-0.078,0.070,0.006,1.004,1.352,2,NULL,NULL,,3,1,2,7,255,1275,250,0,0
stim,149854,179975,1,179975,3377289.455,-0.774,0.067,0.048,-0.628,2649,509,2075,2859,2573,2445,1627,2739,46,1.040,1,2204,1,31.303,0.509,-11.750,-12.750,-26.063,-0.129,-0.012,0.984,-0.246,-0.445,-0.078,0.072,0.006,1.004,1.352,2,NULL,NULL,,3,1,2,7,255,1275,250,0,0
stim,149854,179975,1,179975,3377294.453,-0.773,0.066,0.047,-0.629,2607,534,2156,2840,2598,2451,1695,2747,46,1.040,1,2204,1,32.041,0.462,-11.563,-13.688,-26.563,-0.133,-0.008,0.988,-0.246,-0.391,-0.074,0.072,0.006,1.004,1.352,2,NULL,NULL,,3,1,2,7,255,1275,250,0,0
stim,149854,179975,1,179975,3377299.455,-0.772,0.065,0.047,-0.630,2573,538,2231,2823,2617,2453,1775,2759,46,1.040,1,2204,1,32.135,0.400,-11.563,-14.375,-26.313,-0.129,0.008,1.000,-0.211,-0.340,-0.055,0.072,0.006,1.004,1.352,2,NULL,NULL,,3,1,2,7,255,1275,250,0,0
stim,149854,179975,1,179975,3377304.454,-0.772,0.064,0.047,-0.631,2525,552,2300,2803,2641,2453,1851,2766,46,1.040,1,2204,1,34.515,0.345,-14.188,-15.063,-27.625,-0.141,0.000,1.016,-0.129,-0.320,0.051,0.074,0.008,1.004,1.352,2,NULL,NULL,,3,1,2,7,255,1275,250,0,0
stim,149854,179975,1,179975,3377309.455,-0.771,0.063,0.047,-0.632,2475,560,2367,2785,2662,2453,1919,2779,46,1.040,1,2204,1,37.986,0.246,-18.375,-15.688,-29.313,-0.148,0.008,1.016,-0.074,-0.234,0.230,0.074,0.010,1.004,1.352,2,NULL,NULL,,3,1,2,7,255,1275,250,0,0
stim,149914,180035,1,180035,3377314.454,-0.770,0.061,0.047,-0.633,2425,579,2429,2769,2686,2455,1983,2791,46,1.040,1,2204,1,40.344,0.195,-19.625,-16.188,-31.313,-0.137,0.020,0.996,-0.055,-0.188,0.230,0.076,0.012,1.004,1.352,2,NULL,NULL,,3,1,2,7,255,1275,250,0,0
stim,149914,180035,1,180035,3377319.455,-0.769,0.060,0.047,-0.634,2380,589,2477,2740,2710,2455,2045,2803,46,1.040,1,2204,1,39.635,0.213,-18.438,-16.313,-31.063,-0.117,0.020,0.988,0.102,-0.188,0.051,0.080,0.012,1.004,1.352,2,NULL,NULL,,3,1,2,7,255,1275,250,0,0
stim,149914,180035,1,180035,3377324.454,-0.769,0.059,0.047,-0.635,2315,595,2523,2707,2727,2457,2101,2811,46,1.040,1,2204,1,38.582,0.343,-18.563,-16.875,-29.313,-0.125,-0.012,1.008,0.102,-0.328,0.051,0.082,0.012,1.004,1.352,2,NULL,NULL,,3,1,2,7,255,1275,250,0,0
stim,149914,180035,1,180035,3377329.455,-0.768,0.058,0.047,-0.636,2239,597,2572,2676,2743,2457,2157,2823,46,1.040,1,2204,1,39.160,0.355,-20.250,-17.125,-28.813,-0.133,-0.031,1.016,-0.137,-0.328,0.148,0.086,0.014,1.004,1.352,2,NULL,NULL,,3,1,2,7,255,1275,250,0,0
stim,149914,180035,1,180035,3377334.454,-0.767,0.056,0.047,-0.637,2167,597,2611,2643,2763,2457,2211,2835,46,1.040,1,2204,1,41.224,0.398,-22.000,-17.000,-30.438,-0.129,-0.027,1.000,-0.270,-0.293,0.148,0.088,0.014,1.004,1.352,2,NULL,NULL,,3,1,2,7,255,1275,250,0,0
stim,149914,180035,1,180035,3377339.455,-0.766,0.055,0.047,-0.638,2095,596,2647,2599,2777,2456,2268,2844,46,1.040,1,2204,1,42.066,0.398,-22.000,-17.688,-31.188,-0.121,-0.027,0.996,-0.270,-0.293,0.074,0.090,0.014,1.004,1.352,2,NULL,NULL,,3,1,2,7,255,1275,250,0,0
stim,149914,180035,1,180035,3377344.454,-0.766,0.054,0.047,-0.639,2007,595,2677,2552,2795,2457,2317,2853,46,1.040,1,2204,1,40.150,0.402,-20.125,-18.250,-29.563,-0.105,-0.020,0.996,-0.238,-0.324,0.016,0.092,0.012,1.004,1.352,2,NULL,NULL,,3,1,2,7,255,1275,250,0,0
stim,149914,180035,1,180035,3377349.455,-0.765,0.052,0.047,-0.640,1931,587,2715,2504,2813,2454,2349,2862,46,1.040,1,2204,1,40.490,0.367,-21.813,-18.063,-28.938,-0.121,-0.023,1.039,-0.148,-0.336,0.016,0.094,0.010,1.004,1.352,2,NULL,NULL,,3,1,2,7,255,1275,250,0,0
stim,149914,180035,1,180035,3377354.453,-0.764,0.051,0.047,-0.641,1836,583,2719,2444,2824,2453,2395,2871,46,1.040,1,2204,1,43.096,0.360,-26.375,-19.875,-27.688,-0.145,-0.020,1.055,-0.129,-0.336,0.430,0.096,0.008,1.004,1.352,2,NULL,NULL,,3,1,2,7,255,1275,250,0,0
stim,149914,180035,1,180035,3377359.455,-0.764,0.049,0.048,-0.642,1701,573,2780,2379,2845,2451,2451,2878,46,1.040,1,2204,1,47.006,0.150,-31.250,-20.250,-28.688,-0.133,0.016,1.035,-0.117,-0.094,0.430,0.098,0.008,1.004,1.352,2,NULL,NULL,,3,1,2,7,255,1275,250,0,0
stim,149914,180035,1,180035,3377364.453,-0.763,0.047,0.048,-0.643,1571,553,2813,2297,2856,2447,2494,2889,46,1.040,1,2204,1,51.945,0.263,-32.938,-21.875,-33.688,-0.152,0.023,1.059,0.250,-0.082,0.625,0.100,0.008,1.004,1.352,2,NULL,NULL,,3,1,2,7,255,1275,250,0,0
stim,149914,180035,1,180035,3377369.455,-0.762,0.046,0.048,-0.644,1385,540,2840,2207,2871,2443,2535,2897,46,1.040,1,2204,1,58.348,0.349,-37.125,-21.813,-39.375,-0.109,0.023,1.027,0.336,-0.094,0.414,0.102,0.010,1.004,1.352,2,NULL,NULL,,3,1,2,7,255,1275,250,0,0
stim,149947,180068,1,180068,3377374.454,-0.761,0.044,0.048,-0.645,1229,511,2863,2109,2887,2439,2577,2904,46,1.040,1,2204,1,52.134,0.493,-34.875,-24.063,-30.375,-0.066,0.035,1.012,0.430,-0.242,0.305,0.104,0.012,1.004,1.352,2,NULL,NULL,,3,1,2,7,255,1275,250,0,0
stim,149947,180068,1,180068,3377379.455,-0.761,0.042,0.048,-0.646,1077,473,2887,1978,2901,2429,2612,2908,46,1.040,1,2204,1,47.853,0.493,-30.375,-24.438,-27.750,-0.160,-0.004,1.059,0.430,-0.242,0.305,0.108,0.012,1.004,1.352,2,NULL,NULL,,3,1,2,7,255,1275,250,0,0
stim,149947,180068,1,180068,3377384.454,-0.760,0.040,0.049,-0.647,906,422,2888,1815,2913,2423,2645,2917,46,1.040,1,2204,1,54.832,0.283,-38.250,-25.875,-29.563,-0.145,0.004,1.086,0.273,0.074,0.688,0.110,0.012,1.004,1.352,2,NULL,NULL,,3,1,2,7,255,1275,250,0,0
stim,149947,180068,1,180068,3377389.455,-0.759,0.038,0.049,-0.648,685,380,2921,1613,2921,2405,2667,2923,46,1.040,1,2204,1,57.390,0.353,-38.750,-28.000,-31.750,-0.152,0.027,1.063,0.273,0.223,0.688,0.112,0.014,1.004,1.352,2,NULL,NULL,,3,1,2,7,255,1275,250,0,0
stim,149947,180068,1,180068,3377394.453,-0.758,0.036,0.049,-0.649,462,347,2933,1437,2936,2391,2700,2927,46,1.040,1,2204,1,57.409,0.569,-33.625,-30.375,-35.250,-0.172,0.031,1.070,0.523,0.223,0.785,0.112,0.016,1.004,1.352,2,NULL,NULL,,3,1,2,7,255,1275,250,0,0
stim,149947,180068,1,180068,3377399.455,-0.757,0.034,0.048,-0.650,327,285,2949,1234,2952,2376,2727,2937,46,1.040,1,2204,1,57.538,0.601,-29.313,-32.688,-37.188,-0.129,0.059,1.051,0.559,0.223,0.680,0.114,0.016,1.004,1.352,2,NULL,NULL,,3,1,2,7,255,1275,250,0,0
stim,149978,180099,1,180099,3377404.454,-0.757,0.032,0.048,-0.651,188,211,2968,959,2965,2357,2759,2939,46,1.040,1,2204,1,54.646,0.900,-21.500,-36.813,-34.188,-0.113,0.059,1.082,0.891,0.129,0.785,0.114,0.016,1.004,1.352,2,NULL,NULL,,3,1,2,7,255,1275,250,0,0
stim,149978,180099,1,180099,3377409.457,-0.756,0.030,0.047,-0.653,89,157,2980,759,2976,2317,2780,2943,46,1.040,1,2204,1,55.876,0.954,-15.188,-39.313,-36.688,-0.102,0.055,1.098,0.953,-0.027,0.828,0.116,0.014,1.004,1.352,2,NULL,NULL,,3,1,2,7,255,1275,250,0,0
stim,150019,180140,1,180140,3377414.454,-0.755,0.029,0.046,-0.654,25,99,2985,511,2986,2279,2797,2951,46,1.040,1,2204,1,57.876,0.991,-12.563,-44.000,-35.438,-0.070,0.055,1.117,0.984,-0.113,0.969,0.116,0.014,1.004,1.352,2,NULL,NULL,,3,1,2,7,255,1275,250,0,0
stim,150019,180140,1,180140,3377419.455,-0.754,0.027,0.044,-0.655,0,63,3001,329,2995,2236,2825,2957,46,1.040,1,2204,1,54.676,1.063,-10.188,-46.938,-26.125,-0.070,0.109,1.164,1.016,-0.313,1.105,0.118,0.012,1.004,1.352,2,NULL,NULL,,3,1,2,7,255,1275,250,0,0
stim,150019,180140,1,180140,3377424.454,-0.754,0.025,0.043,-0.656,0,31,3005,292,3005,2211,2842,2958,46,1.040,1,2204,1,60.576,1.605,-17.625,-49.125,-30.750,-0.098,0.117,1.164,1.574,-0.313,1.539,0.120,0.012,1.004,1.352,2,NULL,NULL,,3,1,2,7,255,1275,250,0,0
stim,150019,180140,1,180140,3377429.455,-0.753,0.024,0.041,-0.656,0,10,3016,280,3017,2182,2863,2963,46,1.040,1,2204,1,62.005,1.575,15.938,-58.125,-14.563,-0.332,-0.020,1.418,1.574,0.031,1.555,0.122,0.012,1.004,1.352,2,NULL,NULL,,3,1,2,7,255,1275,250,0,0
stim,150019,180140,1,180140,3377434.454,-0.754,0.024,0.037,-0.655,0,0,3021,242,3021,2133,2877,2964,46,1.040,1,2204,1,92.279,1.925,44.125,-76.438,26.938,-0.445,-0.016,1.844,0.160,1.918,4.305,0.122,0.014,1.004,1.352,2,NULL,NULL,,3,1,2,7,255,1275,250,0,0
stim,150019,180140,1,180140,3377439.455,-0.754,0.020,0.036,-0.655,0,0,3026,156,3030,2083,2897,2967,46,1.040,1,2204,0,92.355,1.922,-54.375,-74.625,2.000,-0.277,-0.168,1.613,0.117,1.918,6.215,0.124,0.014,1.004,1.352,2,NULL,NULL,,3,1,2,7,255,1275,250,0,0
stim,150019,180140,1,180140,3377444.454,-0.754,0.014,0.037,-0.655,0,0,3027,118,3037,2003,2915,2966,46,1.040,1,2204,0,130.342,1.677,-106.563,-73.063,-17.188,-0.129,-0.379,1.004,-1.148,1.223,6.215,0.126,0.016,1.004,1.352,2,NULL,NULL,,3,1,2,7,255,1275,250,0,0
stim,150019,180140,1,180140,3377449.455,-0.755,0.010,0.036,-0.655,0,0,3029,71,3041,1907,2923,2967,46,1.040,1,2204,0,102.137,2.810,-57.313,-82.750,17.313,-0.156,-0.313,0.813,-2.758,0.539,0.293,0.126,0.018,1.004,1.352,2,NULL,NULL,,3,1,2,7,255,1275,250,0,0
stim,150019,180140,1,180140,3377454.454,-0.756,0.007,0.033,-0.654,0,0,3029,24,3048,1801,2930,2965,46,1.040,1,2204,0,93.658,2.810,-2.813,-90.250,24.875,-0.262,-0.117,0.891,-2.758,0.539,-0.875,0.126,0.018,1.004,1.352,3,NULL,NULL,,3,1,2,7,255,1275,250,0,0
stim,150019,180140,1,180140,3377459.455,-0.756,0.005,0.030,-0.654,0,0,3023,0,3043,1717,2943,2962,46,1.040,1,2204,0,96.040,2.088,14.375,-94.813,5.250,-0.297,-0.074,1.102,-0.973,1.848,-0.875,0.126,0.020,1.004,1.352,3,NULL,NULL,,3,1,2,7,255,1275,250,0,0
stim,150019,180140,1,180140,3377464.453,-0.756,0.003,0.026,-0.654,0,0,3020,0,3055,1613,2951,2957,46,1.040,1,2204,0,99.567,2.088,9.313,-98.938,-6.188,-0.234,-0.156,1.238,-0.973,1.848,1.160,0.126,0.020,1.004,1.352,3,NULL,NULL,,3,1,2,7,255,1275,250,0,0
stim,150019,180140,1,180140,3377469.455,-0.756,-0.000,0.023,-0.654,0,0,3008,0,3064,1480,2957,2951,46,1.040,1,2204,0,102.664,1.919,0.188,-102.625,-2.813,-0.176,-0.266,1.195,-1.125,1.555,2.098,0.126,0.022,1.004,1.352,3,NULL,NULL,,3,1,2,7,255,1275,250,0,0
stim,150042,180163,1,180163,3377474.454,-0.757,-0.004,0.020,-0.653,0,0,3015,0,3065,1322,2963,2952,46,1.040,1,2204,0,105.880,2.321,-5.938,-105.625,4.313,-0.113,-0.277,1.125,-2.121,0.941,2.098,0.126,0.024,1.004,1.352,3,NULL,NULL,,3,1,2,7,255,1275,250,0,0
stim,150042,180163,1,180163,3377479.455,-0.757,-0.007,0.017,-0.653,0,0,2999,0,3065,1165,2972,2943,46,1.040,1,2204,0,112.605,2.179,-6.063,-111.188,16.750,-0.098,-0.211,1.137,-2.121,0.500,1.469,0.126,0.026,1.004,1.352,3,NULL,NULL,,3,1,2,7,255,1275,250,0,0
stim,150042,180163,1,180163,3377484.454,-0.758,-0.010,0.013,-0.652,0,0,2991,0,3068,989,2976,2936,46,1.040,1,2204,0,117.320,1.607,-1.438,-114.250,26.625,-0.148,-0.105,1.191,-1.527,0.500,1.469,0.126,0.028,1.004,1.352,3,NULL,NULL,,3,1,2,7,255,1275,250,0,0
stim,150042,180163,1,180163,3377489.455,-0.759,-0.013,0.009,-0.651,0,0,2970,0,3080,752,2983,2924,46,1.040,1,2204,0,123.050,1.391,-1.500,-120.813,23.313,-0.215,-0.004,1.266,-0.578,1.266,1.898,0.126,0.032,1.004,1.352,3,NULL,NULL,,3,1,2,7,255,1275,250,0,0
stim,150064,180185,1,180185,3377494.453,-0.760,-0.017,0.005,-0.650,0,0,2955,0,3079,649,2995,2917,46,1.040,1,2204,0,126.379,2.178,-4.813,-125.438,14.625,-0.203,0.055,1.234,0.336,2.152,2.215,0.122,0.038,1.004,1.352,3,NULL,NULL,,3,1,2,7,255,1275,250,0,0
stim,150064,180185,1,180185,3377499.455,-0.760,-0.020,0.001,-0.650,0,0,2936,0,3068,505,3000,2899,46,1.040,1,2204,0,133.178,2.407,-2.063,-133.125,3.125,-0.242,0.090,1.305,0.855,2.250,2.559,0.118,0.044,1.004,1.352,3,NULL,NULL,,3,1,2,7,255,1275,250,0,0
stim,150064,180185,1,180185,3377504.453,-0.760,-0.024,-0.004,-0.650,0,0,2885,0,3067,315,3015,2873,46,1.040,1,2204,0,139.230,2.407,7.750,-138.938,-4.625,-0.152,0.031,1.180,0.855,2.250,2.215,0.112,0.052,1.004,1.352,3,NULL,NULL,,3,1,2,7,255,1275,250,0,0
stim,150064,180185,1,180185,3377509.455,-0.760,-0.027,-0.009,-0.649,0,0,2893,0,3077,147,3012,2847,46,1.040,1,2204,0,149.631,2.282,22.438,-147.938,-0.625,-0.117,0.074,1.320,1.133,1.980,2.852,0.108,0.058,1.004,1.352,3,NULL,NULL,,3,1,2,7,255,1275,250,0,0
stim,150064,180185,1,180185,3377514.454,-0.760,-0.031,-0.015,-0.649,0,0,2860,0,3067,47,3016,2815,46,1.040,1,2204,0,155.682,2.282,16.625,-154.688,5.688,-0.129,0.164,1.426,1.133,1.980,2.992,0.104,0.062,1.004,1.352,3,NULL,NULL,,3,1,2,7,255,1275,250,0,0
stim,150064,180185,1,180185,3377519.455,-0.760,-0.035,-0.020,-0.648,0,0,2824,0,3060,23,3029,2781,46,1.040,1,2204,0,161.940,3.092,14.375,-161.250,-4.063,-0.223,0.281,1.441,1.961,2.391,3.938,0.102,0.066,1.004,1.352,3,NULL,NULL,,3,1,2,7,255,1275,250,0,0
stim,150112,180233,1,180233,3377524.454,-0.760,-0.039,-0.026,-0.648,0,0,2782,0,3059,0,3019,2733,46,1.040,1,2204,0,168.935,4.610,5.563,-168.313,-13.375,-0.176,0.301,1.547,2.922,3.566,3.949,0.098,0.072,1.004,1.352,3,NULL,NULL,,3,1,2,7,255,1275,250,0,0
stim,150112,180233,0,180233,3377529.455,-0.759,-0.045,-0.032,-0.648,0,0,2741,0,3051,0,3019,2685,46,1.040,1,2204,0,176.342,4.633,-8.813,-175.875,-9.313,-0.137,0.270,1.645,2.957,3.566,4.953,0.094,0.078,1.004,1.352,3,NULL,NULL,,3,0,2,7,255,1281,250,0,0
stim,150112,180233,0,180233,3377534.454,-0.759,-0.051,-0.037,-0.648,0,0,2692,0,3037,0,3019,2632,46,1.040,1,2204,0,185.882,4.633,-24.563,-184.250,-0.875,-0.152,0.254,1.719,2.957,3.566,5.902,0.088,0.086,1.004,1.352,3,NULL,NULL,,3,0,2,7,255,1281,250,0,0
stim,150112,180233,0,180233,3377539.455,-0.759,-0.057,-0.042,-0.647,0,0,2617,0,3038,0,3031,2551,46,1.040,1,2204,0,196.597,4.844,-39.750,-192.438,6.188,-0.176,0.230,1.797,2.805,3.949,6.539,0.084,0.092,1.004,1.352,3,NULL,NULL,,3,0,2,7,255,1281,250,0,0
stim,150112,180233,0,180233,3377544.453,-0.759,-0.064,-0.048,-0.646,0,0,2555,0,3029,0,3019,2464,46,1.040,1,2204,0,206.737,5.211,-39.438,-202.563,12.375,-0.273,0.230,1.848,2.574,4.531,7.238,0.082,0.100,1.004,1.352,3,NULL,NULL,,3,0,2,7,255,1281,250,0,0
stim,150112,180233,0,180233,3377549.455,-0.759,-0.072,-0.054,-0.644,0,0,2477,0,3007,0,3020,2330,46,1.040,1,2204,0,226.764,6.400,-50.313,-219.813,23.938,-0.344,0.301,1.945,2.574,5.859,7.480,0.078,0.106,1.004,1.352,3,NULL,NULL,,3,0,2,7,255,1281,250,0,0
stim,150112,180233,0,180233,3377554.454,-0.760,-0.081,-0.059,-0.643,0,0,2396,0,2996,0,2995,2219,46,1.040,1,2204,0,246.420,7.811,-70.125,-234.938,24.688,-0.379,0.367,2.004,3.086,7.176,8.105,0.076,0.114,1.004,1.352,3,NULL,NULL,,3,0,2,7,255,1281,250,0,0
stim,150112,180233,0,180233,3377559.457,-0.759,-0.091,-0.065,-0.641,0,0,2295,0,2975,0,2984,2031,46,1.040,1,2204,0,267.263,8.915,-90.563,-250.375,23.250,-0.406,0.418,1.926,3.738,8.094,8.105,0.072,0.120,1.004,1.352,3,NULL,NULL,,3,0,2,7,255,1281,250,0,0
stim,150151,180272,0,180272,3377564.454,-0.759,-0.102,-0.071,-0.639,0,0,2185,0,2938,3,2967,1907,46,1.040,1,2204,0,286.323,9.647,-100.438,-267.438,19.250,-0.398,0.426,1.949,4.203,8.684,7.355,0.070,0.128,1.004,1.352,3,NULL,NULL,,3,0,2,7,255,1281,250,0,0
stim,150151,180272,0,180272,3377569.455,-0.758,-0.114,-0.077,-0.637,0,0,2099,0,2923,17,2937,1756,46,1.040,1,2204,0,304.872,10.106,-104.813,-285.813,16.500,-0.391,0.453,2.020,4.367,9.113,7.355,0.066,0.134,1.004,1.352,3,NULL,NULL,,3,0,2,7,255,1281,250,0,0
stim,150151,180272,0,180272,3377574.454,-0.757,-0.126,-0.084,-0.635,0,0,2007,0,2872,17,2907,1603,46,1.040,1,2204,0,323.938,10.824,-113.313,-303.000,16.938,-0.402,0.531,2.066,4.758,9.723,7.734,0.062,0.142,1.004,1.352,3,NULL,NULL,,3,0,2,7,255,1281,250,0,0
stim,150151,180272,0,180272,3377579.455,-0.756,-0.139,-0.091,-0.633,0,0,1907,0,2834,17,2851,1455,46,1.040,1,2204,0,340.258,11.968,-115.813,-319.688,12.750,-0.473,0.629,2.223,5.613,10.570,7.750,0.056,0.150,1.004,1.352,3,NULL,NULL,,3,0,2,7,255,1281,250,0,0
stim,150151,180272,0,180272,3377584.453,-0.754,-0.152,-0.099,-0.631,0,0,1810,0,2777,12,2789,1321,46,1.040,1,2204,0,354.991,14.034,-115.625,-335.563,6.875,-0.570,0.762,2.465,6.605,12.383,8.508,0.050,0.158,1.004,1.352,3,NULL,NULL,,3,0,2,7,255,1281,250,0,0
stim,150151,180272,0,180272,3377589.455,-0.752,-0.166,-0.107,-0.629,0,0,1699,0,2715,0,2719,1183,46,1.040,1,2204,0,380.874,16.844,-140.688,-353.938,-0.500,-0.621,0.863,2.602,7.969,14.840,9.789,0.040,0.168,1.004,1.352,3,NULL,NULL,,3,0,2,7,255,1281,250,0,0
stim,150151,180272,0,180272,3377594.454,-0.749,-0.182,-0.114,-0.627,0,0,1508,0,2634,0,2595,1065,46,1.040,1,2204,0,410.732,17.900,-185.688,-365.875,-18.875,-0.500,0.797,2.480,8.816,15.578,9.789,0.030,0.180,1.004,1.352,3,NULL,NULL,,3,0,2,7,255,1281,250,0,0
stim,150151,180272,0,180272,3377599.455,-0.745,-0.199,-0.121,-0.626,0,0,1379,0,2533,0,2475,956,46,1.040,1,2204,0,420.694,17.900,-190.375,-373.375,-36.500,-0.367,0.438,2.348,8.816,15.578,8.949,0.020,0.192,1.004,1.352,3,NULL,NULL,,3,0,2,7,255,1281,250,0,0
stim,150170,180291,0,180291,3377604.454,-0.741,-0.215,-0.128,-0.623,0,0,1199,0,2409,0,2315,891,46,1.040,1,2204,0,426.838,15.437,-181.688,-386.000,-13.563,-0.391,0.285,2.277,5.715,14.340,8.336,0.016,0.208,1.004,1.352,3,NULL,NULL,,3,0,2,7,255,1281,250,0,0
stim,150170,180291,0,180291,3377609.455,-0.737,-0.233,-0.136,-0.620,0,0,1063,0,2248,0,2071,798,46,1.040,1,2204,0,452.193,14.752,-205.188,-402.750,13.000,-0.418,0.152,2.090,4.320,14.105,7.355,0.022,0.224,1.004,1.352,3,NULL,NULL,,3,0,2,7,255,1281,250,0,0
stim,150215,180336,0,180336,3377614.453,-0.733,-0.251,-0.143,-0.616,0,0,811,0,2033,0,1768,718,46,1.040,1,2204,0,468.730,14.426,-217.813,-414.688,17.313,-0.305,-0.055,1.668,3.023,14.105,5.285,0.038,0.242,1.004,1.352,3,NULL,NULL,,3,0,2,7,255,1281,250,0,0
stim,150215,180336,0,180336,3377619.455,-0.729,-0.268,-0.151,-0.611,0,0,611,0,1768,0,1365,584,46,1.040,1,2204,0,464.769,11.331,-176.313,-429.563,20.000,-0.180,-0.438,1.273,0.926,11.293,2.281,0.058,0.266,1.004,1.352,3,NULL,NULL,,3,0,2,7,255,1281,250,0,0
stim,150215,180336,0,180336,3377624.454,-0.726,-0.284,-0.162,-0.605,0,0,393,0,1499,0,844,500,46,1.040,1,2204,0,451.987,8.716,-107.938,-437.625,33.563,0.086,-0.496,1.082,-2.902,8.219,0.254,0.084,0.292,1.004,1.352,3,NULL,NULL,,3,0,2,7,255,1281,250,0,0
stim,150215,180336,0,180336,3377629.455,-0.724,-0.296,-0.174,-0.598,0,0,295,0,1195,0,345,407,46,1.040,1,2204,0,440.045,7.076,-19.875,-438.313,33.563,0.211,-0.336,1.340,-2.902,6.453,0.254,0.112,0.322,1.004,1.352,3,NULL,NULL,,3,0,2,7,255,1281,250,0,0
stim,150215,180336,0,180336,3377634.454,-0.723,-0.306,-0.189,-0.590,0,0,210,0,877,0,91,317,46,1.040,1,2204,0,449.149,6.539,49.688,-443.625,49.625,-0.051,-0.066,2.047,-1.059,6.453,2.180,0.142,0.356,1.004,1.352,3,NULL,NULL,,3,0,2,7,255,1281,250,0,0
stim,150215,180336,0,180336,3377639.454,-0.722,-0.319,-0.202,-0.580,0,0,104,0,471,0,0,245,46,1.040,1,2204,0,458.154,13.735,7.500,-449.438,88.625,-0.215,0.262,2.539,1.543,13.648,4.773,0.178,0.392,1.004,1.352,3,NULL,NULL,,3,0,2,7,255,1281,250,0,0
stim,150215,180336,0,180336,3377644.454,-0.720,-0.334,-0.211,-0.571,0,0,118,0,227,0,0,173,46,1.040,1,2204,0,469.469,19.588,-96.563,-443.313,120.625,-0.422,0.406,2.348,4.590,19.043,4.773,0.218,0.434,1.004,1.352,3,NULL,NULL,,3,0,2,7,255,1281,250,0,0
stim,150215,180336,0,180336,3377649.455,-0.717,-0.351,-0.218,-0.561,0,0,95,0,0,0,0,91,46,1.040,1,2204,0,489.076,19.726,-180.813,-434.813,132.063,-0.629,0.621,1.770,5.145,19.043,1.980,0.260,0.478,1.004,1.352,4,NULL,NULL,,3,0,2,7,255,1281,250,0,0
stim,150215,180336,0,180336,3377654.453,-0.713,-0.370,-0.223,-0.552,0,0,63,0,0,0,0,47,46,1.040,1,2204,0,496.712,18.600,-220.875,-421.188,143.313,-0.617,1.047,1.191,5.988,17.609,-4.605,0.306,0.526,1.004,1.352,4,NULL,NULL,,3,0,2,7,255,1281,250,0,0
stim,150215,180336,0,180336,3377659.454,-0.709,-0.387,-0.228,-0.544,0,0,33,0,0,0,0,21,46,1.040,1,2204,0,472.130,16.589,-215.625,-404.000,114.875,-0.727,1.148,0.953,9.293,13.742,-10.082,0.358,0.580,1.004,1.352,0,NULL,NULL,,3,0,2,7,255,1281,250,0,0
stim,150215,180336,0,180336,3377664.453,-0.704,-0.404,-0.234,-0.535,0,0,31,0,0,0,0,3,46,1.040,1,2204,0,452.754,16.357,-195.500,-394.188,106.688,-0.820,0.984,1.023,9.293,13.461,-13.227,0.420,0.644,1.004,1.352,0,NULL,NULL,,3,0,2,7,255,1281,250,0,0
stim,150215,180336,0,180336,3377669.455,-0.699,-0.420,-0.238,-0.527,0,0,37,0,0,0,0,12,46,1.040,1,2204,0,444.756,15.529,-206.313,-380.375,102.750,-0.902,0.754,1.281,7.742,13.461,-13.227,0.488,0.714,1.004,1.352,0,NULL,NULL,,3,0,2,7,255,1281,250,0,0
stim,150243,180364,0,180364,3377674.454,-0.692,-0.437,-0.242,-0.521,0,0,51,0,0,0,0,26,46,1.040,1,2204,0,451.475,14.617,-257.813,-363.625,71.688,-0.613,0.488,1.215,5.633,13.488,-12.715,0.560,0.788,1.004,1.352,0,NULL,NULL,,3,0,2,7,255,1281,250,0,0
stim,150243,180364,0,180364,3377679.455,-0.684,-0.453,-0.245,-0.517,0,0,61,0,0,0,0,55,46,1.040,1,2204,0,415.279,14.087,-267.375,-317.563,11.000,-0.223,-0.086,1.031,4.063,13.488,-10.496,0.638,0.868,1.004,1.352,0,NULL,NULL,,3,0,2,7,255,1281,250,0,0
stim,150243,180364,0,180364,3377684.454,-0.677,-0.466,-0.247,-0.513,0,0,58,0,0,0,0,105,46,1.040,1,2204,0,353.118,9.793,-227.375,-269.938,11.250,-0.152,-0.363,0.988,0.020,9.793,-6.613,0.716,0.950,1.004,1.352,0,NULL,NULL,,3,0,2,7,255,1281,250,0,0
stim,150243,180364,0,180364,3377689.455,-0.671,-0.477,-0.249,-0.510,0,0,70,0,0,0,0,132,46,1.040,1,2204,0,311.228,9.823,-210.313,-227.438,30.063,-0.402,-0.152,1.176,-0.762,9.793,-6.613,0.794,1.030,1.004,1.352,0,NULL,NULL,,3,0,2,7,255,1281,250,0,0
stim,150243,180364,0,180364,3377694.453,-0.665,-0.488,-0.247,-0.508,0,0,59,0,0,0,0,151,46,1.040,1,2204,0,304.175,9.986,-253.813,-167.125,13.063,-0.520,0.219,0.891,-0.762,9.957,-7.750,0.868,1.106,1.004,1.352,0,NULL,NULL,,3,0,2,7,255,1281,250,0,0
stim,150243,180364,0,180364,3377699.455,-0.657,-0.498,-0.245,-0.510,0,0,61,0,0,0,0,165,46,1.040,1,2204,0,295.126,10.106,-277.750,-97.563,-20.875,-0.371,0.391,0.227,1.727,9.957,-11.512,0.938,1.178,1.004,1.352,0,NULL,NULL,,3,0,2,7,255,1281,250,0,0
stim,150281,180402,0,180402,3377704.453,-0.651,-0.506,-0.240,-0.512,0,0,53,0,0,0,0,167,46,1.040,1,2204,0,249.803,4.185,-246.813,-29.750,-24.500,-0.176,0.555,-0.348,2.547,3.320,-13.602,0.996,1.238,1.004,1.352,0,NULL,NULL,,3,0,2,7,255,1281,250,0,0
stim,150281,180402,0,180402,3377709.456,-0.647,-0.510,-0.236,-0.516,0,0,37,0,0,0,0,149,46,1.040,1,2204,0,182.521,4.393,-177.250,36.938,-23.063,-0.012,0.598,-0.625,3.410,-2.770,-14.598,1.054,1.298,1.004,1.352,0,NULL,NULL,,3,0,2,7,255,1281,250,0,0
stim,150281,180402,0,180402,3377714.454,-0.645,-0.510,-0.232,-0.519,0,0,35,0,0,0,0,138,46,1.040,1,2204,0,137.117,6.218,-99.938,90.875,-23.563,-0.121,0.250,-0.617,3.410,-5.199,-14.598,1.110,1.356,1.004,1.352,0,NULL,NULL,,3,0,2,7,255,1281,250,0,0
stim,150281,180402,0,180402,3377719.455,-0.645,-0.509,-0.227,-0.523,0,0,33,0,0,0,0,134,46,1.040,1,2204,0,143.867,5.201,-51.125,134.188,-8.813,-0.129,-0.012,-0.445,0.145,-5.199,-14.020,1.170,1.418,1.004,1.352,0,NULL,NULL,,3,0,2,7,255,1281,250,0,0
stim,150313,180434,0,180434,3377724.455,-0.646,-0.505,-0.222,-0.527,0,0,38,0,0,0,0,103,46,1.040,1,2204,0,169.520,3.813,-22.750,167.938,-4.063,-0.211,-0.188,-0.418,-1.797,-3.363,-12.391,1.240,1.492,1.004,1.352,0,NULL,NULL,,3,0,2,7,255,1281,250,0,0
stim,150313,180434,0,180434,3377729.455,-0.648,-0.501,-0.216,-0.531,0,0,31,0,0,0,0,88,46,1.040,1,2204,0,190.876,3.983,9.938,188.938,25.250,-0.246,-0.051,-0.477,-2.668,-2.957,-12.391,1.320,1.572,1.004,1.352,0,NULL,NULL,,3,0,2,7,255,1281,250,0,0
stim,150313,180434,0,180434,3377734.454,-0.652,-0.495,-0.211,-0.534,0,0,27,0,0,0,0,77,46,1.040,1,2204,0,215.335,3.694,56.875,204.938,33.688,-0.348,0.156,-0.449,-2.668,-2.555,-13.383,1.404,1.658,1.004,1.352,0,NULL,NULL,,3,0,2,7,255,1281,250,0,0
stim,150313,180434,0,180434,3377739.455,-0.657,-0.487,-0.207,-0.537,0,0,30,0,0,0,0,70,46,1.040,1,2204,0,240.860,2.616,102.188,215.313,34.813,-0.395,0.250,-0.301,-1.121,-2.363,-15.027,1.488,1.744,1.004,1.352,0,NULL,NULL,,3,0,2,7,255,1281,250,0,0
stim,150313,180434,0,180434,3377744.453,-0.663,-0.478,-0.203,-0.540,0,0,25,0,0,0,0,61,46,1.040,1,2204,0,263.322,0.821,132.313,223.875,41.375,-0.375,0.203,-0.066,-0.020,-0.820,-15.027,1.570,1.828,1.004,1.352,0,NULL,NULL,,3,0,2,7,255,1281,250,0,0
stim,150313,180434,0,180434,3377749.455,-0.669,-0.469,-0.199,-0.542,0,0,23,0,0,0,0,54,46,1.040,1,2204,0,277.138,1.201,141.750,232.313,52.375,-0.395,0.281,0.086,0.297,1.164,-13.855,1.642,1.902,1.004,1.352,0,NULL,NULL,,3,0,2,7,255,1281,250,0,0
stim,150313,180434,0,180434,3377754.453,-0.675,-0.459,-0.194,-0.544,0,0,26,0,0,0,0,49,46,1.040,1,2204,0,286.502,2.909,150.250,237.250,56.750,-0.480,0.293,0.172,1.324,2.590,-13.797,1.708,1.970,1.004,1.352,0,NULL,NULL,,3,0,2,7,255,1281,250,0,0
stim,150313,180434,0,180434,3377759.455,-0.681,-0.449,-0.190,-0.546,0,0,25,0,0,0,0,50,46,1.040,1,2204,0,296.730,4.103,165.000,240.313,55.438,-0.586,0.328,0.340,1.371,3.867,-13.766,1.770,2.034,1.004,1.352,0,NULL,NULL,,3,0,2,7,255,1281,250,0,0
stim,150313,180434,0,180434,3377764.454,-0.687,-0.439,-0.186,-0.548,0,0,26,0,0,0,0,52,46,1.040,1,2204,0,295.985,6.131,162.500,244.500,37.688,-0.598,0.371,0.488,1.793,5.863,-13.766,1.830,2.098,1.004,1.352,0,NULL,NULL,,3,0,2,7,255,1281,250,0,0
stim,150313,180434,0,180434,3377769.455,-0.693,-0.428,-0.182,-0.551,0,0,26,0,0,0,0,52,46,1.040,1,2204,0,294.221,7.456,158.625,245.875,30.813,-0.578,0.266,0.578,1.836,7.227,-13.090,1.892,2.162,1.004,1.352,0,NULL,NULL,,3,0,2,7,255,1281,250,0,0
stim,150347,180468,0,180468,3377774.454,-0.698,-0.418,-0.178,-0.554,0,0,23,0,0,0,0,47,46,1.040,1,2204,0,294.070,8.185,156.875,247.875,20.625,-0.566,0.262,0.711,2.160,7.895,-11.820,1.950,2.222,1.004,1.352,0,NULL,NULL,,3,0,2,7,255,1281,250,0,0
stim,150347,180468,0,180468,3377779.455,-0.702,-0.407,-0.174,-0.558,0,0,23,0,0,0,0,52,46,1.040,1,2204,0,290.592,9.157,145.875,251.250,6.125,-0.570,0.242,0.820,2.160,8.898,-10.785,1.998,2.270,1.004,1.352,0,NULL,NULL,,3,0,2,7,255,1281,250,0,0
stim,150347,180468,0,180468,3377784.453,-0.706,-0.397,-0.169,-0.561,0,0,22,0,0,0,0,51,46,1.040,1,2204,0,285.698,10.015,128.063,255.375,-2.625,-0.559,0.246,0.938,2.223,9.766,-9.863,2.032,2.308,1.004,1.352,0,NULL,NULL,,3,0,2,7,255,1281,250,0,0
stim,150347,180468,0,180468,3377789.455,-0.709,-0.387,-0.164,-0.566,0,0,22,0,0,0,0,49,46,1.040,1,2204,0,284.000,10.819,107.313,261.938,-23.000,-0.512,0.207,1.008,2.578,10.508,-8.828,2.054,2.332,1.004,1.352,0,NULL,NULL,,3,0,2,7,255,1281,250,0,0
stim,150348,180469,0,180469,3377794.454,-0.711,-0.377,-0.159,-0.571,0,0,21,0,0,0,0,55,46,1.040,1,2204,0,286.567,10.819,88.563,269.938,-37.563,-0.457,0.102,1.047,2.578,10.508,-7.680,2.076,2.354,1.004,1.352,0,NULL,NULL,,3,0,2,7,255,1281,250,0,0
stim,150348,180469,0,180469,3377799.455,-0.713,-0.368,-0.153,-0.577,0,0,21,0,0,0,0,71,46,1.040,1,2204,0,293.393,10.673,65.188,282.438,-45.375,-0.426,0.113,1.012,2.078,10.469,-6.422,2.094,2.374,1.004,1.352,0,NULL,NULL,,3,0,2,7,255,1281,250,0,0
stim,150372,180493,0,180493,3377804.454,-0.714,-0.358,-0.146,-0.584,0,0,11,0,0,0,0,83,46,1.040,1,2204,0,307.115,10.141,49.063,297.313,-59.313,-0.418,0.148,0.922,2.078,9.926,-6.422,2.110,2.394,1.004,1.352,0,NULL,NULL,,3,0,2,7,255,1281,250,0,0
stim,150372,180493,0,180493,3377809.455,-0.715,-0.348,-0.139,-0.591,0,0,21,0,0,0,0,89,46,1.040,1,2204,0,323.783,9.451,49.438,311.563,-72.938,-0.410,0.145,0.902,2.297,9.168,-6.500,2.124,2.410,1.004,1.352,0,NULL,NULL,,3,0,2,7,255,1281,250,0,0
stim,150372,180493,0,180493,3377814.453,-0.715,-0.338,-0.131,-0.598,0,0,22,0,0,0,0,99,46,1.040,1,2204,0,341.958,9.231,48.313,326.688,-88.750,-0.367,0.160,0.980,2.324,8.934,-6.500,2.136,2.424,1.004,1.352,0,NULL,NULL,,3,0,2,7,255,1281,250,0,0
stim,150372,180493,0,180493,3377819.455,-0.714,-0.327,-0.123,-0.606,0,0,21,0,0,0,0,103,46,1.040,1,2204,0,357.927,9.318,36.250,341.500,-100.875,-0.293,0.137,1.008,2.852,8.871,-5.492,2.148,2.438,1.004,1.352,0,NULL,NULL,,3,0,2,7,255,1281,250,0,0
stim,150414,180535,0,180535,3377824.454,-0.713,-0.316,-0.115,-0.615,0,0,24,0,0,0,0,106,46,1.040,1,2204,0,369.471,8.810,27.875,354.125,-101.625,-0.258,0.102,0.934,2.852,8.336,-4.563,2.162,2.452,1.004,1.352,0,NULL,NULL,,3,0,2,7,255,1281,250,0,0
stim,150414,180535,0,180535,3377829.455,-0.712,-0.305,-0.106,-0.623,0,0,25,0,0,0,0,121,46,1.040,1,2204,0,382.513,7.871,30.188,366.000,-107.000,-0.227,0.109,0.848,2.621,7.422,-4.563,2.176,2.470,1.004,1.352,0,NULL,NULL,,3,0,2,7,255,1281,250,0,0
stim,150414,180535,0,180535,3377834.454,-0.711,-0.293,-0.097,-0.632,0,0,23,0,0,0,0,135,46,1.040,1,2204,0,396.405,7.001,37.938,376.313,-118.688,-0.051,0.047,0.730,2.609,6.496,-4.563,2.196,2.492,1.004,1.352,0,NULL,NULL,,3,0,2,7,255,1281,250,0,0
stim,150414,180535,0,180535,3377839.455,-0.710,-0.280,-0.089,-0.640,0,0,23,0,0,0,0,137,46,1.040,1,2204,0,399.602,4.753,59.813,380.000,-108.188,0.039,0.008,0.563,2.145,4.242,-4.844,2.218,2.516,1.004,1.352,0,NULL,NULL,,3,0,2,7,255,1281,250,0,0
stim,150414,180535,0,180535,3377844.454,-0.709,-0.266,-0.081,-0.647,0,0,20,0,0,0,0,143,46,1.040,1,2204,0,401.507,3.615,97.500,378.438,-92.125,-0.008,0.094,0.613,2.145,2.910,-5.109,2.244,2.544,1.004,1.352,0,NULL,NULL,,3,0,2,7,255,1281,250,0,0
stim,150414,180535,0,180535,3377849.455,-0.709,-0.251,-0.074,-0.655,0,0,10,0,0,0,0,148,46,1.040,1,2204,0,405.237,3.720,125.688,373.813,-93.188,-0.008,0.094,0.738,2.316,2.910,-5.109,2.274,2.578,1.004,1.352,0,NULL,NULL,,3,0,2,7,255,1281,250,0,0
stim,150414,180535,0,180535,3377854.453,-0.709,-0.236,-0.068,-0.661,0,0,18,0,0,0,0,155,46,1.040,1,2204,0,402.553,3.720,138.875,368.313,-84.313,0.137,-0.012,0.879,2.316,2.910,-3.910,2.314,2.618,1.004,1.352,0,NULL,NULL,,3,0,2,7,255,1281,250,0,0
stim,150414,180535,0,180535,3377859.457,-0.709,-0.221,-0.062,-0.666,0,0,16,0,0,0,0,146,46,1.040,1,2204,0,394.584,3.408,146.688,361.563,-58.750,0.156,0.039,0.855,2.418,2.402,-1.906,2.356,2.664,1.004,1.352,0,NULL,NULL,,3,0,2,7,255,1281,250,0,0
stim,150432,180553,0,180553,3377864.453,-0.710,-0.206,-0.056,-0.671,0,0,23,0,0,0,0,152,46,1.040,1,2204,0,395.420,3.408,168.625,355.313,-40.938,0.055,0.145,0.859,2.418,2.402,-1.906,2.404,2.712,1.004,1.352,0,NULL,NULL,,3,0,2,7,255,1281,250,0,0
stim,150432,180553,0,180553,3377869.455,-0.712,-0.189,-0.051,-0.675,0,0,23,0,0,0,0,152,46,1.040,1,2204,0,400.645,4.117,193.250,349.125,-35.813,-0.016,0.145,1.016,3.238,2.543,-1.906,2.454,2.766,1.004,1.352,0,NULL,NULL,,3,0,2,7,255,1281,250,0,0
stim,150432,180553,0,180553,3377874.454,-0.713,-0.173,-0.047,-0.678,0,0,21,0,0,0,0,151,46,1.040,1,2204,0,401.925,4.859,205.750,343.875,-31.000,-0.039,0.133,1.227,3.414,3.457,-1.051,2.508,2.820,1.004,1.352,0,NULL,NULL,,3,0,2,7,255,1281,250,0,0
stim,150432,180553,0,180553,3377879.455,-0.714,-0.156,-0.043,-0.681,0,0,21,0,0,0,0,149,46,1.040,1,2204,0,398.684,5.375,208.063,339.125,-25.563,-0.094,0.152,1.434,3.516,4.066,0.992,2.560,2.876,1.004,1.352,0,NULL,NULL,,3,0,2,7,255,1281,250,0,0
stim,150462,180583,0,180583,3377884.453,-0.715,-0.140,-0.039,-0.684,0,0,19,0,0,0,0,149,46,1.040,1,2204,0,391.898,6.167,201.125,335.375,-25.625,-0.180,0.215,1.613,3.871,4.801,2.902,2.612,2.928,1.004,1.352,0,NULL,NULL,,3,0,2,7,255,1281,250,0,0
stim,150462,180583,0,180583,3377889.455,-0.715,-0.124,-0.034,-0.687,0,0,19,0,0,0,0,147,46,1.040,1,2204,0,383.296,7.254,187.250,332.813,-33.000,-0.211,0.230,1.770,4.508,5.684,4.457,2.658,2.978,1.004,1.352,0,NULL,NULL,,3,0,2,7,255,1281,250,0,0
stim,150462,180583,0,180583,3377894.453,-0.715,-0.109,-0.029,-0.690,0,0,17,0,0,0,0,149,46,1.040,1,2204,0,372.926,7.274,164.813,332.063,-40.563,-0.188,0.223,1.867,4.539,5.684,6.082,2.698,3.020,1.004,1.352,0,NULL,NULL,,3,0,2,7,255,1281,250,0,0
stim,150462,180583,0,180583,3377899.455,-0.714,-0.094,-0.024,-0.693,0,0,19,0,0,0,0,151,46,1.040,1,2204,0,363.104,7.044,143.500,330.688,-43.563,-0.168,0.219,1.941,4.539,5.387,7.293,2.732,3.054,1.004,1.352,0,NULL,NULL,,3,0,2,7,255,1281,250,0,0
stim,150462,180583,0,180583,3377904.454,-0.713,-0.081,-0.017,-0.696,0,0,18,0,0,0,0,153,46,1.040,1,2204,0,352.723,6.501,117.750,329.438,-44.938,-0.172,0.234,1.953,4.418,4.770,8.250,2.758,3.084,1.004,1.352,0,NULL,NULL,,3,0,2,7,255,1281,250,0,0
stim,150462,180583,0,180583,3377909.455,-0.712,-0.068,-0.010,-0.699,0,0,23,0,0,0,0,151,46,1.040,1,2204,0,344.620,6.155,93.438,328.063,-49.063,-0.145,0.172,1.887,4.410,4.293,8.250,2.782,3.108,1.004,1.352,0,NULL,NULL,,3,0,2,7,255,1281,250,0,0
stim,150514,180635,0,180635,3377914.454,-0.710,-0.055,-0.003,-0.702,0,0,25,0,0,0,0,172,46,1.040,1,2204,0,339.289,4.985,79.250,326.188,-49.375,-0.086,0.109,1.770,3.633,3.414,8.121,2.802,3.130,1.004,1.352,0,NULL,NULL,,3,0,2,7,255,1281,250,0,0
stim,150514,180635,0,180635,3377919.455,-0.709,-0.043,0.005,-0.704,0,0,22,0,0,0,0,175,46,1.040,1,2204,0,336.539,3.614,77.938,324.063,-46.563,-0.059,0.137,1.688,2.859,2.211,7.207,2.816,3.148,1.004,1.352,0,NULL,NULL,,3,0,2,7,255,1281,250,0,0
stim,150514,180635,0,180635,3377924.454,-0.707,-0.030,0.012,-0.706,0,0,21,0,0,0,0,170,46,1.040,1,2204,0,334.654,3.094,81.375,321.563,-44.375,-0.031,0.109,1.668,2.770,1.379,6.465,2.830,3.164,1.004,1.352,0,NULL,NULL,,3,0,2,7,255,1281,250,0,0
stim,150514,180635,0,180635,3377929.455,-0.705,-0.017,0.019,-0.708,0,0,22,0,0,0,0,175,46,1.040,1,2204,0,332.185,2.535,85.000,318.688,-39.500,-0.004,0.066,1.652,2.445,0.668,6.359,2.846,3.180,1.004,1.352,0,NULL,NULL,,3,0,2,7,255,1281,250,0,0
stim,150514,180635,0,180635,3377934.454,-0.704,-0.005,0.026,-0.710,0,0,24,0,0,0,0,176,46,1.040,1,2204,0,330.424,1.908,92.438,315.625,-31.875,0.012,0.066,1.625,1.906,-0.070,6.281,2.860,3.198,1.004,1.352,0,NULL,NULL,,3,0,2,7,255,1281,250,0,0
stim,150514,180635,0,180635,3377939.455,-0.702,0.008,0.032,-0.711,0,0,22,0,0,0,0,175,46,1.040,1,2204,0,330.019,2.014,106.125,311.563,-24.063,0.012,0.102,1.641,1.906,-0.648,6.129,2.880,3.220,1.004,1.352,0,NULL,NULL,,3,0,2,7,255,1281,250,0,0
stim,150514,180635,0,180635,3377944.454,-0.701,0.021,0.037,-0.712,0,0,28,0,0,0,0,169,46,1.040,1,2204,0,330.512,2.217,121.375,306.938,-17.188,0.031,0.137,1.699,1.922,-1.105,6.129,2.904,3.244,1.004,1.352,0,NULL,NULL,,3,0,2,7,255,1281,250,0,0
stim,150514,180636,0,180636,3377949.455,-0.700,0.035,0.042,-0.712,0,0,22,0,0,0,0,169,46,1.040,1,2204,0,331.824,2.627,135.813,302.563,-10.875,0.086,0.137,1.777,1.941,-1.770,6.672,2.928,3.272,1.004,1.352,0,NULL,NULL,,3,0,2,7,255,1281,250,0,0
stim,150514,180636,0,180636,3377954.454,-0.698,0.049,0.046,-0.712,0,0,13,0,0,0,0,167,46,1.040,1,2204,0,334.523,3.437,150.250,298.875,-2.125,0.168,0.098,1.855,1.941,-2.836,7.348,2.956,3.302,1.004,1.352,0,NULL,NULL,,3,0,2,7,255,1281,250,0,0
stim,150514,180636,0,180636,3377959.455,-0.697,0.063,0.050,-0.712,0,0,26,0,0,0,0,171,46,1.040,1,2204,0,338.813,4.351,163.250,296.750,9.125,0.258,0.082,1.938,1.313,-4.148,7.957,2.986,3.332,1.004,1.352,0,NULL,NULL,,3,0,2,7,255,1281,250,0,0
stim,150514,180636,0,180636,3377964.453,-0.697,0.077,0.054,-0.711,0,0,23,0,0,0,0,175,46,1.040,1,2204,0,345.270,5.733,175.125,296.938,19.250,0.371,0.137,1.992,1.109,-5.625,8.527,3.016,3.364,1.004,1.352,0,NULL,NULL,,3,0,2,7,255,1281,250,0,0
stim,150514,180636,0,180636,3377969.455,-0.696,0.092,0.057,-0.710,0,0,25,0,0,0,0,171,46,1.040,1,2204,0,355.256,7.347,190.813,298.250,29.063,0.488,0.172,2.063,1.094,-7.266,8.703,3.046,3.394,1.004,1.352,0,NULL,NULL,,3,0,2,7,255,1281,250,0,0
stim,150547,180668,0,180668,3377974.454,-0.695,0.108,0.059,-0.708,0,0,24,0,0,0,0,173,46,1.040,1,2204,0,367.212,9.117,206.688,300.688,41.375,0.578,0.156,2.191,1.094,-9.051,8.980,3.072,3.422,1.004,1.352,0,NULL,NULL,,3,0,2,7,255,1281,250,0,0
stim,150547,180668,0,180668,3377979.455,-0.695,0.124,0.062,-0.706,0,0,23,0,0,0,0,175,46,1.040,1,2204,0,375.953,10.685,214.813,303.688,54.500,0.621,0.141,2.348,0.539,-10.672,9.777,3.092,3.446,1.004,1.352,0,NULL,NULL,,3,0,2,7,255,1281,250,0,0
stim,150547,180668,0,180668,3377984.454,-0.694,0.140,0.064,-0.703,0,0,22,0,0,0,0,174,46,1.040,1,2204,0,379.126,11.989,214.125,306.188,64.313,0.645,0.168,2.477,-0.078,-11.988,10.832,3.110,3.466,1.004,1.352,0,NULL,NULL,,3,0,2,7,255,1281,250,0,0
stim,150547,180668,0,180668,3377989.455,-0.694,0.156,0.067,-0.700,0,0,25,0,0,0,0,173,46,1.040,1,2204,0,377.574,13.115,207.813,307.313,70.250,0.672,0.227,2.578,-0.207,-13.113,11.695,3.124,3.482,1.004,1.352,0,NULL,NULL,,3,0,2,7,255,1281,250,0,0
stim,150547,180668,0,180668,3377994.453,-0.693,0.172,0.070,-0.696,0,0,22,0,0,0,0,205,46,1.040,1,2204,0,369.565,14.263,194.188,305.375,74.938,0.707,0.301,2.656,-0.207,-14.262,12.246,3.134,3.494,1.004,1.352,0,NULL,NULL,,3,0,2,7,255,1281,250,0,0
stim,150547,180668,0,180668,3377999.455,-0.693,0.187,0.072,-0.692,0,0,22,0,0,0,0,221,46,1.040,1,2204,0,370.759,15.388,210.875,289.938,94.500,0.652,0.254,2.980,-0.207,-15.387,12.520,3.142,3.504,1.004,1.352,0,NULL,NULL,,3,0,2,7,255,1281,250,0,0
stim,150576,180697,0,180697,3378004.453,-0.694,0.202,0.072,-0.688,0,0,25,0,0,0,0,229,46,1.040,1,2204,0,350.593,16.578,213.000,257.688,105.563,0.891,0.586,3.664,0.070,-16.578,15.211,3.146,3.508,1.004,1.352,0,NULL,NULL,,3,0,2,7,255,1281,250,0,0
stim,150576,180697,0,180697,3378009.457,-0.693,0.210,0.082,-0.685,0,0,20,0,0,0,0,249,46,1.040,1,2204,0,292.739,18.621,-20.875,291.375,19.000,1.012,-0.078,2.391,-1.203,-18.582,15.211,3.146,3.510,1.004,1.352,0,NULL,NULL,,3,0,2,7,255,1281,250,0,0
stim,150576,180697,0,180697,3378014.454,-0.694,0.218,0.090,-0.680,0,0,17,0,0,0,0,271,46,1.040,1,2204,0,285.169,18.602,-17.000,278.063,60.938,1.430,0.000,1.148,-0.859,-18.582,7.250,3.144,3.510,1.004,1.352,0,NULL,NULL,,3,0,2,7,255,1281,250,0,0
stim,150576,180697,0,180697,3378019.455,-0.695,0.230,0.092,-0.675,0,0,22,0,0,0,0,295,46,1.040,1,2204,0,312.496,18.239,148.000,250.250,114.563,1.473,0.125,1.195,-0.859,-18.219,-5.617,3.138,3.506,1.004,1.352,0,NULL,NULL,,3,0,2,7,255,1281,250,0,0
stim,150611,180732,0,180732,3378024.454,-0.695,0.244,0.092,-0.670,0,0,18,0,0,0,0,331,46,1.040,1,2204,0,340.982,18.239,223.938,225.438,123.688,1.219,-0.383,2.047,-0.859,-18.219,-5.617,3.128,3.496,1.004,1.352,0,NULL,NULL,,3,0,2,7,255,1281,250,0,0
stim,150611,180732,0,180732,3378029.455,-0.695,0.256,0.092,-0.665,0,0,18,0,0,0,0,351,46,1.040,1,2204,0,284.160,20.872,156.813,208.500,112.625,1.230,-0.797,2.160,-6.164,-19.941,1.109,3.114,3.484,1.004,1.352,0,NULL,NULL,,3,0,2,7,255,1281,250,0,0
stim,150611,180732,0,180732,3378034.453,-0.697,0.265,0.094,-0.660,0,0,21,0,0,0,0,373,46,1.040,1,2204,0,249.774,21.308,103.563,195.500,115.938,1.457,-0.668,1.406,-7.508,-19.941,1.109,3.096,3.468,1.004,1.352,0,NULL,NULL,,3,0,2,7,255,1281,250,0,0
stim,150611,180732,0,180732,3378039.455,-0.698,0.276,0.093,-0.655,0,0,20,0,0,0,0,393,46,1.040,1,2204,0,276.618,20.710,160.938,177.688,138.000,1.484,-0.410,0.945,-7.508,-19.301,-6.438,3.074,3.448,1.004,1.352,0,NULL,NULL,,3,0,2,7,255,1281,250,0,0
stim,150611,180732,0,180732,3378044.453,-0.698,0.288,0.090,-0.649,0,0,23,0,0,0,0,407,46,1.040,1,2204,0,324.900,18.675,244.000,161.250,141.500,1.348,-0.504,1.258,-5.684,-17.789,-7.531,3.044,3.420,1.004,1.352,0,NULL,NULL,,3,0,2,7,255,1281,250,0,0
stim,150611,180732,0,180732,3378049.455,-0.697,0.301,0.086,-0.645,0,0,20,0,0,0,0,411,46,1.040,1,2204,0,322.501,18.675,259.375,149.938,119.375,1.301,-0.797,1.801,-5.684,-17.789,-7.531,3.008,3.384,1.004,1.352,0,NULL,NULL,,3,0,2,7,255,1281,250,0,0
stim,150611,180732,0,180732,3378054.454,-0.696,0.312,0.083,-0.641,0,0,21,0,16,0,0,415,46,1.040,1,2204,0,280.642,22.525,223.000,139.688,97.563,1.453,-0.938,1.957,-9.840,-20.262,-4.578,2.966,3.344,1.004,1.352,0,NULL,NULL,,3,0,2,7,255,1281,250,0,0
stim,150611,180732,0,180732,3378059.455,-0.696,0.322,0.080,-0.637,0,0,21,0,22,0,0,425,46,1.040,1,2204,0,253.334,24.757,199.563,126.188,91.813,1.621,-0.887,1.848,-10.453,-22.441,-4.578,2.918,3.298,1.004,1.352,0,NULL,NULL,,3,0,2,7,255,1281,250,0,0
stim,150611,180732,0,180732,3378064.453,-0.695,0.331,0.077,-0.634,0,0,21,0,29,0,0,443,46,1.040,1,2204,0,234.588,25.706,190.750,109.375,81.750,1.703,-0.945,1.855,-10.906,-23.277,-6.594,2.862,3.244,1.004,1.352,0,NULL,NULL,,3,0,2,7,255,1281,250,0,0
stim,150611,180732,0,180732,3378069.455,-0.693,0.339,0.074,-0.632,0,0,25,0,53,0,0,471,46,1.040,1,2204,0,206.884,26.373,176.375,91.500,57.625,1.738,-0.980,1.926,-10.906,-24.012,-7.563,2.798,3.180,1.004,1.352,0,NULL,NULL,,3,0,2,7,255,1281,250,0,0
stim,150647,180768,0,180768,3378074.454,-0.692,0.346,0.072,-0.630,0,0,19,0,59,0,0,485,46,1.040,1,2204,0,163.007,27.212,144.188,70.313,28.938,1.953,-1.156,1.969,-11.422,-24.699,-7.738,2.726,3.108,1.004,1.352,0,NULL,NULL,,3,0,2,7,255,1281,250,0,0
stim,150647,180768,0,180768,3378079.455,-0.690,0.351,0.070,-0.629,0,0,17,0,66,0,0,495,46,1.040,1,2204,0,125.220,29.540,114.438,47.250,18.750,2.164,-1.230,1.922,-12.844,-26.602,-9.512,2.650,3.032,1.004,1.352,0,NULL,NULL,,3,0,2,7,255,1281,250,0,0
stim,150647,180768,0,180768,3378084.454,-0.690,0.354,0.067,-0.628,0,0,16,0,61,0,0,501,46,1.040,1,2204,0,99.048,30.809,90.625,19.188,35.063,2.199,-1.066,1.980,-12.844,-28.004,-10.793,2.570,2.952,1.004,1.352,0,NULL,NULL,,3,0,2,7,255,1281,250,0,0
stim,150647,180768,0,180768,3378089.455,-0.689,0.356,0.065,-0.628,0,0,17,0,55,0,0,521,46,1.040,1,2204,0,66.836,30.625,60.188,-8.000,27.938,2.012,-1.043,2.141,-12.371,-28.016,-10.793,2.486,2.868,1.004,1.352,0,NULL,NULL,,3,0,2,7,255,1281,250,0,0
stim,150647,180768,0,180768,3378094.454,-0.689,0.356,0.063,-0.628,0,0,16,0,35,0,0,525,46,1.040,1,2204,0,40.103,30.625,29.250,-27.375,1.813,1.922,-1.086,1.996,-12.371,-28.016,-9.324,2.396,2.780,1.004,1.352,0,NULL,NULL,,3,0,2,7,255,1281,250,0,0
stim,150647,180768,0,180768,3378099.455,-0.689,0.355,0.061,-0.629,0,0,10,0,13,0,0,508,46,1.040,1,2204,0,57.357,29.178,29.188,-47.750,-12.563,1.758,-0.801,1.863,-12.371,-26.426,-8.582,2.306,2.690,1.004,1.352,0,NULL,NULL,,3,0,2,7,255,1281,250,0,0
stim,150670,180791,0,180791,3378104.453,-0.688,0.356,0.056,-0.630,0,0,0,85,12,0,0,645,46,1.040,1,2204,0,117.798,27.450,82.313,-84.063,5.875,0.980,-1.047,2.676,-12.555,-24.410,-8.320,2.212,2.598,1.004,1.352,0,NULL,NULL,,3,0,2,7,255,1281,250,0,0
stim,150670,180791,0,180791,3378109.455,-0.688,0.363,0.030,-0.628,455,0,0,738,0,55,0,668,46,1.040,1,2204,0,628.655,29.510,497.688,-284.688,257.813,1.344,0.539,7.246,-16.582,-24.410,0.852,2.118,2.504,1.004,1.352,0,NULL,NULL,,3,0,2,7,255,1281,250,0,0
stim,150670,180791,0,180791,3378114.453,-0.695,0.350,0.033,-0.627,1023,0,0,1298,0,249,0,693,46,1.040,1,2204,0,345.695,38.295,-302.188,-151.313,72.750,-0.180,0.559,6.637,-19.297,-33.078,39.066,2.020,2.408,1.004,1.352,0,NULL,NULL,,3,0,2,7,255,1281,250,0,0
stim,150670,180791,0,180791,3378119.455,-0.715,0.315,0.054,-0.622,1533,0,0,1689,0,509,0,745,46,1.040,1,2204,0,1059.705,38.295,-1034.250,-154.563,171.500,0.004,2.469,1.660,-19.297,-33.078,39.066,1.918,2.306,1.004,1.352,0,NULL,NULL,,3,0,2,7,255,1281,250,0,0
stim,150714,180835,0,180835,3378124.454,-0.732,0.283,0.071,-0.616,1961,0,0,1916,0,664,0,799,46,1.040,1,2205,0,921.416,19.333,-893.875,-145.313,169.938,-0.430,2.609,-1.668,17.852,-7.422,11.977,1.814,2.202,1.004,1.352,1,1248.000,-33.000,,3,0,2,7,255,1281,250,0,0
stim,150714,180835,0,180835,3378129.457,-0.741,0.267,0.077,-0.611,2202,0,0,2070,0,857,0,866,46,1.040,1,2205,0,475.370,22.815,-434.563,-123.625,147.813,-1.211,0.734,-2.457,17.852,14.207,-13.906,1.700,2.090,1.004,1.352,1,NULL,NULL,,3,0,2,7,255,1281,250,0,0
stim,150714,180835,0,180835,3378134.454,-0.745,0.261,0.073,-0.610,2401,0,0,2190,0,999,0,939,46,1.040,1,2205,0,178.077,16.482,-57.500,-148.375,79.938,-1.375,-0.922,-0.820,8.270,14.258,-13.906,1.576,1.966,1.004,1.352,1,NULL,NULL,,3,0,2,7,255,1281,250,0,0
stim,150714,180835,0,180835,3378139.455,-0.745,0.260,0.067,-0.611,2567,0,0,2355,0,1175,0,1017,46,1.040,1,2205,0,149.479,14.258,66.125,-132.250,21.938,-0.512,0.391,1.313,-0.117,14.258,-13.434,1.448,1.838,1.004,1.352,1,NULL,NULL,,3,0,2,7,255,1281,250,0,0
stim,150714,180835,0,180835,3378144.453,-0.746,0.257,0.063,-0.611,2719,0,0,2567,0,1223,0,1074,46,1.040,1,2205,0,113.555,1.158,2.938,-108.188,34.375,0.059,2.492,1.926,-0.117,-1.152,4.469,1.314,1.704,1.004,1.352,1,NULL,NULL,,3,0,2,7,255,1281,250,0,0
stim,150714,180835,0,180835,3378149.455,-0.753,0.249,0.061,-0.606,2824,0,0,2713,0,1231,0,1145,46,1.040,1,2205,0,277.726,3.515,-170.813,-138.500,169.625,-1.043,1.008,1.887,3.320,-1.152,13.129,1.176,1.568,1.004,1.352,1,NULL,NULL,,3,0,2,7,255,1281,250,0,0
stim,150714,180835,0,180835,3378154.453,-0.762,0.232,0.064,-0.601,2911,0,0,2822,0,1211,0,1223,46,1.040,1,2205,0,442.134,4.028,-378.250,-162.875,160.875,-1.973,-0.898,0.875,3.320,2.281,13.129,1.038,1.426,1.004,1.352,2,NULL,NULL,,3,0,2,7,255,1281,250,0,0
stim,150714,180835,0,180835,3378159.455,-0.765,0.218,0.066,-0.602,2955,0,0,2905,0,1165,0,1286,46,1.040,1,2205,0,349.153,17.408,-305.938,-167.063,-20.000,-1.832,-0.930,-0.598,-12.801,11.797,2.941,0.898,1.284,1.004,1.352,2,NULL,NULL,,3,0,2,7,255,1281,250,0,0
stim,150741,180862,0,180862,3378164.454,-0.763,0.210,0.064,-0.608,2993,0,0,2970,0,1142,0,1371,46,1.040,1,2205,0,231.617,17.408,-79.938,-177.500,-125.500,-0.660,-0.387,-0.164,-12.801,11.797,-9.805,0.762,1.142,1.004,1.352,2,NULL,NULL,,3,0,2,7,255,1281,250,0,0
stim,150741,180862,0,180862,3378169.455,-0.760,0.206,0.058,-0.614,3023,0,0,3033,0,1128,0,1419,46,1.040,1,2205,0,228.913,8.594,32.000,-172.375,-147.188,0.242,-0.543,1.352,-6.426,5.707,-9.805,0.630,1.002,1.004,1.352,2,NULL,NULL,,3,0,2,7,255,1281,250,0,0
stim,150741,180862,0,180862,3378174.455,-0.758,0.201,0.054,-0.618,3037,0,0,3069,0,1151,0,1437,46,1.040,1,2205,0,178.037,10.405,-31.000,-156.000,-80.000,0.895,-0.848,2.004,-6.426,-8.184,0.355,0.516,0.870,1.004,1.352,2,NULL,NULL,,3,0,2,7,255,1281,250,0,0
stim,150741,180862,0,180862,3378179.455,-0.761,0.192,0.053,-0.618,3055,0,0,3101,0,1194,0,1447,46,1.040,1,2205,0,199.109,18.820,-135.125,-143.875,26.188,1.012,-1.230,1.734,-8.746,-16.664,0.391,0.416,0.746,1.004,1.352,2,NULL,NULL,,3,0,2,7,255,1281,250,0,0
stim,150741,180862,0,180862,3378184.453,-0.766,0.183,0.053,-0.614,3080,0,0,3132,0,1305,0,1461,46,1.040,1,2205,0,266.514,20.303,-191.250,-128.375,134.063,0.500,-1.352,1.078,-11.598,-16.664,0.391,0.336,0.626,1.004,1.352,2,NULL,NULL,,3,0,2,7,255,1281,250,0,0
stim,150741,180862,0,180862,3378189.455,-0.773,0.175,0.052,-0.608,3090,0,0,3156,0,1403,0,1484,46,1.040,1,2205,0,272.462,15.771,-163.875,-125.375,177.938,-0.332,-0.898,0.438,-11.598,-10.688,-3.914,0.284,0.514,1.004,1.352,2,NULL,NULL,,3,0,2,7,255,1281,250,0,0
stim,150760,180881,0,180881,3378194.453,-0.777,0.169,0.049,-0.604,3091,0,0,3167,0,1485,0,1524,46,1.040,1,2205,0,211.296,9.833,-83.875,-133.813,140.375,-0.887,-0.355,0.469,-9.828,-0.320,-3.914,0.286,0.412,1.004,1.352,2,NULL,NULL,,3,0,2,7,255,1281,250,0,0
stim,150760,180881,0,180881,3378199.455,-0.779,0.163,0.045,-0.604,3109,0,0,3182,0,1619,0,1613,46,1.040,1,2205,0,154.236,8.441,-47.750,-140.938,40.563,-1.023,0.070,1.133,-6.184,5.746,-3.633,0.314,0.346,1.004,1.352,2,NULL,NULL,,3,0,2,7,255,1281,250,0,0
stim,150760,180881,0,180881,3378204.454,-0.779,0.158,0.041,-0.605,3111,0,0,3193,0,1741,0,1675,46,1.040,1,2205,0,145.724,6.582,-45.063,-137.375,-18.250,-0.168,0.289,1.082,-3.211,5.746,1.172,0.344,0.318,1.004,1.352,2,NULL,NULL,,3,0,2,7,255,1281,250,0,0
stim,150760,180881,0,180881,3378209.455,-0.780,0.153,0.038,-0.606,3108,0,0,3182,4,1842,37,1726,46,1.040,1,2205,0,145.591,0.968,-57.750,-133.625,-2.438,0.027,0.152,1.379,0.145,-0.957,3.266,0.362,0.330,1.004,1.352,2,NULL,NULL,,3,0,2,7,255,1281,250,0,0
stim,150813,180934,0,180934,3378214.453,-0.781,0.146,0.037,-0.606,3115,0,0,3187,78,1913,47,1769,46,1.040,1,2205,0,159.622,3.737,-100.438,-123.875,6.813,0.039,-0.078,1.344,0.145,-3.734,2.613,0.366,0.372,1.004,1.352,2,NULL,NULL,,3,0,2,7,255,1281,250,0,0
stim,150813,180934,0,180934,3378219.455,-0.782,0.139,0.036,-0.606,3113,0,0,3195,174,1992,59,1789,46,1.040,1,2205,0,161.014,4.482,-113.125,-113.625,14.750,0.098,-0.277,0.980,-1.902,-4.059,2.613,0.376,0.406,1.004,1.352,2,NULL,NULL,,3,0,2,7,255,1281,250,0,0
stim,150813,180934,0,180934,3378224.454,-0.784,0.134,0.034,-0.606,3117,0,0,3197,295,2067,77,1831,46,1.040,1,2205,0,140.151,5.197,-89.000,-106.563,19.125,0.031,-0.367,0.844,-3.246,-4.059,-1.156,0.394,0.436,1.004,1.352,2,NULL,NULL,,3,0,2,7,255,1281,250,0,0
stim,150813,180934,0,180934,3378229.455,-0.785,0.129,0.032,-0.605,3115,0,0,3191,526,2155,163,1939,46,1.040,1,2205,0,120.901,4.577,-61.063,-102.750,18.188,-0.008,-0.262,0.895,-3.246,-3.227,-1.648,0.410,0.462,1.004,1.352,2,NULL,NULL,,3,0,2,7,255,1281,250,0,0
stim,150813,180934,0,180934,3378234.453,-0.786,0.125,0.030,-0.605,3125,0,0,3191,666,2199,255,2021,46,1.040,1,2205,0,100.357,4.470,-34.688,-93.125,14.000,0.035,0.004,1.234,-3.234,-3.086,-1.648,0.414,0.482,1.004,1.352,2,NULL,NULL,,3,0,2,7,255,1281,250,0,0
stim,150813,180934,0,180934,3378239.455,-0.785,0.123,0.028,-0.606,3117,0,0,3187,867,2232,237,2089,46,1.040,1,2205,0,56.332,3.203,-12.875,-51.375,-19.188,0.199,0.324,1.676,-0.859,-3.086,1.883,0.386,0.490,1.004,1.352,2,NULL,NULL,,3,0,2,7,255,1281,250,0,0
stim,150813,180935,0,180935,3378244.454,-0.785,0.121,0.028,-0.607,3115,0,0,3197,971,2264,251,2130,46,1.040,1,2205,0,58.992,5.143,-38.250,-35.313,-27.750,0.406,0.836,1.309,2.250,-4.625,2.922,0.350,0.490,1.004,1.352,2,NULL,NULL,,3,0,2,7,255,1281,250,0,0
stim,150813,180935,0,180935,3378249.455,-0.784,0.119,0.028,-0.608,3113,0,0,3197,1055,2295,261,2165,46,1.040,1,2205,0,47.806,9.170,-28.875,-29.438,-24.188,0.254,0.918,1.383,7.918,-4.625,4.020,0.310,0.480,1.004,1.352,2,NULL,NULL,,3,0,2,7,255,1281,250,0,0
stim,150813,180935,0,180935,3378254.453,-0.784,0.116,0.030,-0.609,3111,0,0,3187,1135,2317,249,2199,46,1.040,1,2205,0,79.648,8.524,-76.063,-13.875,-19.125,-0.191,0.195,1.523,7.918,-3.156,4.020,0.278,0.456,1.004,1.352,2,NULL,NULL,,3,0,2,7,255,1281,250,0,0
stim,150813,180935,0,180935,3378259.455,-0.784,0.111,0.033,-0.610,3115,0,0,3191,1181,2333,248,2239,46,1.040,1,2205,0,136.983,1.017,-128.188,-10.563,-47.125,-0.418,-0.012,1.035,0.297,-0.973,4.020,0.262,0.404,1.004,1.352,2,NULL,NULL,,3,0,2,7,255,1281,250,0,0
stim,150815,180936,0,180936,3378264.453,-0.782,0.108,0.036,-0.613,3119,9,0,3188,1260,2347,254,2277,46,1.040,1,2205,0,131.296,1.158,-92.500,-9.563,-92.688,-0.238,0.105,0.617,0.059,1.156,0.844,0.262,0.348,1.004,1.352,2,NULL,NULL,,3,0,2,7,255,1281,250,0,0
stim,150815,180936,0,180936,3378269.455,-0.779,0.106,0.037,-0.617,3109,30,0,3192,1323,2359,251,2299,46,1.040,1,2205,0,107.691,1.157,-36.063,-11.000,-100.875,0.090,0.020,0.820,-0.051,1.156,-2.090,0.268,0.294,1.004,1.352,2,NULL,NULL,,3,0,2,7,255,1281,250,0,0
stim,150844,180965,0,180965,3378274.454,-0.778,0.105,0.038,-0.619,3109,55,0,3189,1406,2379,253,2331,46,1.040,1,2205,0,73.294,2.504,-31.750,-10.313,-65.250,0.180,-0.016,1.102,-0.051,-2.504,-2.090,0.278,0.248,1.004,1.352,2,NULL,NULL,,3,0,2,7,255,1281,250,0,0
stim,150844,180965,0,180965,3378279.455,-0.777,0.102,0.039,-0.620,3119,61,0,3207,1491,2379,253,2351,46,1.040,1,2205,0,65.824,2.504,-56.563,-8.313,-32.625,-0.016,0.078,1.090,-0.051,-2.504,0.391,0.282,0.224,1.004,1.352,2,NULL,NULL,,3,0,2,7,255,1281,250,0,0
stim,150844,180965,0,180965,3378284.454,-0.776,0.100,0.040,-0.621,3109,73,0,3193,1553,2393,273,2375,46,1.040,1,2205,0,72.508,1.913,-62.563,-5.813,-36.188,-0.176,0.133,0.953,0.238,-1.898,0.391,0.286,0.208,1.004,1.352,2,NULL,NULL,,3,0,2,7,255,1281,250,0,0
stim,150844,180965,0,180965,3378289.455,-0.775,0.098,0.042,-0.623,3110,92,0,3199,1588,2406,267,2399,46,1.040,1,2205,0,72.871,0.515,-47.313,-4.375,-55.250,-0.129,0.070,0.910,0.238,-0.457,-0.250,0.292,0.198,1.004,1.352,2,NULL,NULL,,3,0,2,7,255,1281,250,0,0
stim,150844,180965,0,180965,3378294.454,-0.774,0.096,0.042,-0.625,3114,117,3,3205,1619,2408,269,2407,46,1.040,1,2205,0,65.025,0.460,-33.688,-3.625,-55.500,0.020,-0.012,0.977,0.055,-0.457,-0.457,0.302,0.188,1.004,1.352,2,NULL,NULL,,3,0,2,7,255,1281,250,0,0
stim,150844,180965,0,180965,3378299.455,-0.773,0.095,0.043,-0.626,3111,127,5,3195,1655,2425,276,2423,46,1.040,1,2205,0,46.549,2.170,-32.375,-2.188,-33.375,0.043,-0.023,1.035,-0.379,-2.137,-0.457,0.314,0.178,1.004,1.352,2,NULL,NULL,,3,0,2,7,255,1281,250,0,0
stim,150879,181000,0,181000,3378304.453,-0.773,0.094,0.044,-0.626,3113,139,17,3199,1695,2429,287,2444,46,1.040,1,2205,0,39.676,2.170,-35.750,-1.688,-17.125,-0.098,0.066,1.039,-0.379,-2.137,0.031,0.328,0.164,1.004,1.352,2,NULL,NULL,,3,0,2,7,255,1281,250,0,0
stim,150879,181000,0,181000,3378309.457,-0.772,0.092,0.045,-0.627,3111,184,40,3213,1721,2443,293,2451,46,1.040,1,2205,0,41.160,0.999,-35.250,-0.125,-21.250,-0.191,0.086,1.000,0.148,-0.988,0.191,0.344,0.152,1.004,1.352,2,NULL,NULL,,3,0,2,7,255,1281,250,0,0
stim,150879,181000,0,181000,3378314.453,-0.771,0.091,0.046,-0.628,3122,188,79,3195,1758,2450,295,2459,46,1.040,1,2205,0,44.906,0.255,-31.313,-0.125,-32.188,-0.176,0.039,1.000,0.148,-0.207,0.191,0.360,0.140,1.004,1.352,2,NULL,NULL,,3,0,2,7,255,1281,250,0,0
stim,150879,181000,0,181000,3378319.455,-0.771,0.090,0.047,-0.629,3104,213,96,3207,1773,2451,297,2475,46,1.040,1,2205,0,42.976,0.296,-27.375,-0.500,-33.125,-0.113,-0.031,0.988,-0.211,-0.207,0.145,0.380,0.128,1.004,1.352,2,NULL,NULL,,3,0,2,7,255,1281,250,0,0
stim,150915,181036,0,181036,3378324.454,-0.770,0.089,0.048,-0.630,3115,229,136,3211,1803,2459,297,2475,46,1.040,1,2205,0,35.842,1.160,-25.250,-0.188,-25.438,-0.086,-0.090,0.973,-0.715,-0.914,-0.121,0.396,0.118,1.004,1.352,2,NULL,NULL,,3,0,2,7,255,1281,250,0,0
stim,150915,181036,0,181036,3378329.455,-0.770,0.088,0.048,-0.630,3103,229,137,3197,1829,2467,300,2473,46,1.040,1,2205,0,27.481,1.637,-22.188,-0.938,-16.188,-0.105,-0.133,0.949,-1.207,-1.105,-0.352,0.414,0.104,1.004,1.352,2,NULL,NULL,,3,0,2,7,255,1281,250,0,0
stim,150915,181036,0,181036,3378334.453,-0.770,0.087,0.049,-0.631,3113,231,173,3194,1845,2457,302,2483,46,1.040,1,2205,0,20.304,1.975,-17.375,-2.000,-10.313,-0.145,-0.148,0.938,-1.637,-1.105,-0.543,0.430,0.090,1.004,1.352,2,NULL,NULL,,3,0,2,7,255,1281,250,0,0
stim,150915,181036,0,181036,3378339.455,-0.769,0.086,0.049,-0.631,3104,235,231,3199,1867,2459,287,2484,46,1.040,1,2205,0,14.978,1.794,-11.375,-3.063,-9.250,-0.184,-0.105,0.941,-1.637,-0.734,-0.543,0.446,0.074,1.004,1.352,2,NULL,NULL,,3,0,2,7,255,1281,250,0,0
stim,150915,181036,0,181036,3378344.453,-0.769,0.086,0.049,-0.632,3101,234,267,3197,1883,2467,294,2477,46,1.040,1,2205,0,14.669,1.502,-5.688,-3.250,-13.125,-0.184,-0.043,0.965,-1.477,-0.277,-0.445,0.458,0.060,1.004,1.352,2,NULL,NULL,,3,0,2,7,255,1281,250,0,0
stim,150915,181036,0,181036,3378349.455,-0.769,0.086,0.049,-0.632,3100,231,282,3204,1895,2458,295,2493,46,1.095,1,2205,1,15.679,0.907,-3.313,-3.688,-14.875,-0.156,-0.012,0.996,-0.863,-0.277,-0.207,0.000,0.000,1.067,1.342,2,NULL,NULL,,3,0,2,7,255,1281,250,0,0
stim,150915,181036,0,181036,3378354.454,-0.768,0.085,0.049,-0.633,3097,227,311,3179,1903,2469,294,2495,46,1.095,1,2205,1,14.307,0.800,-4.625,-4.375,-12.813,-0.152,-0.027,1.000,-0.664,-0.445,0.039,0.006,0.004,1.067,1.342,2,NULL,NULL,,3,0,2,7,255,1281,250,0,0
stim,150915,181036,0,181036,3378359.455,-0.768,0.085,0.050,-0.633,3083,230,330,3177,1925,2467,296,2489,46,1.095,1,2205,1,12.822,0.800,-6.125,-4.938,-10.125,-0.164,-0.043,0.969,-0.664,-0.445,0.039,0.012,0.010,1.067,1.342,2,NULL,NULL,,3,0,2,7,255,1281,250,0,0
stim,150915,181036,0,181036,3378364.454,-0.768,0.084,0.050,-0.633,3081,230,365,3167,1931,2455,299,2495,46,1.095,1,2205,1,12.379,0.840,-3.438,-5.813,-10.375,-0.176,-0.035,0.949,-0.746,-0.387,-0.199,0.018,0.014,1.067,1.342,2,NULL,NULL,,3,0,2,7,255,1281,250,0,0
stim,150915,181036,0,181036,3378369.455,-0.767,0.084,0.049,-0.634,3069,231,395,3178,1940,2455,299,2491,46,1.095,1,2205,1,14.533,0.787,1.250,-6.375,-13.000,-0.168,-0.008,0.965,-0.746,-0.250,-0.211,0.022,0.018,1.067,1.342,2,NULL,NULL,,3,0,2,7,255,1281,250,0,0
stim,150941,181062,0,181062,3378374.454,-0.767,0.084,0.049,-0.634,3065,229,421,3157,1948,2459,299,2495,46,1.095,1,2205,1,16.334,0.535,3.063,-6.313,-14.750,-0.145,0.031,1.000,-0.473,-0.250,-0.211,0.026,0.022,1.067,1.342,2,NULL,NULL,,3,0,2,7,255,1281,250,0,0
stim,150941,181062,0,181062,3378379.455,-0.767,0.084,0.049,-0.635,3077,233,444,3159,1958,2455,303,2509,46,1.095,1,2205,1,15.212,0.474,1.375,-5.938,-13.938,-0.133,0.055,1.016,-0.070,-0.469,0.074,0.030,0.022,1.067,1.342,2,NULL,NULL,,3,0,2,7,255,1281,250,0,0
stim,150941,181062,0,181062,3378384.453,-0.766,0.083,0.049,-0.635,3055,233,475,3143,1967,2453,302,2505,46,1.095,1,2205,1,13.741,0.499,-1.375,-5.813,-12.375,-0.145,0.055,1.012,0.172,-0.469,0.223,0.032,0.024,1.067,1.342,2,NULL,NULL,,3,0,2,7,255,1281,250,0,0
stim,150941,181062,0,181062,3378389.455,-0.766,0.083,0.048,-0.636,3045,235,505,3133,1979,2449,301,2505,46,1.095,1,2205,1,14.292,0.470,-2.938,-5.750,-12.750,-0.160,0.051,0.996,0.172,-0.438,0.223,0.034,0.024,1.067,1.342,2,NULL,NULL,,3,0,2,7,255,1281,250,0,0
stim,150963,181084,0,181084,3378394.453,-0.766,0.083,0.048,-0.636,3048,236,555,3130,1993,2447,311,2519,46,1.095,1,2205,1,16.009,0.280,-1.750,-6.125,-14.688,-0.160,0.055,0.988,0.133,-0.246,0.090,0.034,0.024,1.067,1.342,2,NULL,NULL,,3,0,2,7,255,1281,250,0,0
stim,150963,181084,0,181084,3378399.455,-0.765,0.083,0.048,-0.637,3031,236,609,3113,2007,2443,311,2519,46,1.095,1,2205,1,16.767,0.280,0.500,-6.813,-15.313,-0.148,0.074,0.996,0.133,-0.246,0.051,0.034,0.022,1.067,1.342,2,NULL,NULL,,3,0,2,7,255,1281,250,0,0
stim,150963,181084,0,181084,3378404.454,-0.765,0.082,0.048,-0.637,3021,234,651,3103,2021,2441,317,2517,46,1.095,1,2205,1,15.848,0.459,1.125,-7.688,-13.813,-0.145,0.109,1.020,0.344,-0.305,0.051,0.034,0.020,1.067,1.342,2,NULL,NULL,,3,0,2,7,255,1281,250,0,0
stim,150963,181084,0,181084,3378409.455,-0.765,0.082,0.047,-0.637,3017,235,696,3099,2029,2439,323,2527,46,1.095,1,2205,1,15.892,0.745,-0.438,-8.063,-13.688,-0.156,0.160,1.035,0.680,-0.305,0.285,0.032,0.016,1.067,1.342,2,NULL,NULL,,3,0,2,7,255,1281,250,0,0
stim,150963,181084,0,181084,3378414.454,-0.764,0.082,0.047,-0.638,2991,235,719,3080,2067,2442,339,2525,46,1.095,1,2205,1,17.063,1.167,-3.063,-8.563,-14.438,-0.156,0.188,1.039,1.156,-0.156,0.488,0.028,0.012,1.067,1.342,2,NULL,NULL,,3,0,2,7,255,1281,250,0,0
stim,150963,181084,0,181084,3378419.455,-0.764,0.082,0.047,-0.639,2980,233,756,3067,2090,2445,364,2535,46,1.095,1,2205,1,18.535,1.432,-5.813,-9.000,-15.125,-0.152,0.188,1.043,1.426,-0.129,0.539,0.022,0.010,1.067,1.342,2,NULL,NULL,,3,0,2,7,255,1281,250,0,0
stim,151013,181134,0,181134,3378424.454,-0.763,0.081,0.047,-0.639,2973,245,821,3055,2121,2445,391,2549,46,1.095,1,2205,1,19.523,1.432,-8.313,-9.125,-15.125,-0.141,0.180,1.039,1.426,-0.129,0.539,0.020,0.012,1.067,1.342,2,NULL,NULL,,3,0,2,7,255,1281,250,0,0
stim,151013,181134,0,181134,3378429.455,-0.763,0.081,0.047,-0.639,2943,245,903,3059,2165,2449,413,2565,46,1.095,1,2205,1,19.573,1.412,-10.188,-9.500,-13.750,-0.141,0.172,1.020,1.395,-0.219,0.512,0.020,0.020,1.067,1.342,2,NULL,NULL,,3,0,2,7,255,1281,250,0,0
stim,151013,181134,0,181134,3378434.453,-0.763,0.080,0.046,-0.640,2927,256,982,3034,2211,2449,437,2569,46,1.095,1,2205,1,19.730,1.327,-11.625,-10.125,-12.313,-0.152,0.145,1.008,1.309,-0.219,0.313,0.028,0.028,1.067,1.342,2,NULL,NULL,,3,0,2,7,255,1281,250,0,0
stim,151013,181134,0,181134,3378439.455,-0.763,0.079,0.046,-0.640,2920,271,1079,3021,2245,2445,553,2590,46,1.095,1,2205,1,21.478,1.023,-12.625,-10.375,-13.938,-0.172,0.109,1.004,1.016,-0.121,0.219,0.034,0.034,1.067,1.342,2,NULL,NULL,,3,0,2,7,255,1281,250,0,0
stim,151013,181134,0,181134,3378444.454,-0.762,0.079,0.046,-0.641,2893,271,1171,3015,2271,2451,616,2597,46,1.095,1,2205,1,24.668,0.652,-12.438,-10.563,-18.500,-0.168,0.090,0.988,0.652,-0.008,0.180,0.040,0.036,1.067,1.342,2,NULL,NULL,,3,0,2,7,255,1281,250,0,0
stim,151013,181134,0,181134,3378449.455,-0.762,0.078,0.046,-0.642,2879,285,1258,3003,2300,2453,714,2620,46,1.095,1,2205,1,27.169,0.504,-12.000,-10.625,-21.938,-0.148,0.074,0.992,0.504,-0.008,0.035,0.044,0.036,1.067,1.342,2,NULL,NULL,,3,0,2,7,255,1281,250,0,0
stim,151013,181134,0,181134,3378454.453,-0.761,0.077,0.046,-0.642,2862,302,1336,3001,2347,2443,798,2619,46,1.095,1,2205,1,29.608,0.432,-13.500,-10.313,-24.250,-0.141,0.035,1.000,0.379,-0.207,0.035,0.046,0.034,1.067,1.342,2,NULL,NULL,,3,0,2,7,255,1281,250,0,0
stim,151013,181134,0,181134,3378459.458,-0.760,0.076,0.047,-0.643,2835,313,1445,2975,2370,2445,886,2585,46,1.095,1,2205,1,31.584,0.351,-16.375,-10.063,-25.063,-0.133,0.000,0.988,0.047,-0.348,0.016,0.048,0.034,1.067,1.342,2,NULL,NULL,,3,0,2,7,255,1281,250,0,0
stim,151033,181154,0,181154,3378464.453,-0.760,0.075,0.047,-0.644,2813,317,1530,2963,2395,2455,942,2639,46,1.095,1,2205,1,31.765,0.487,-19.063,-10.250,-23.250,-0.141,-0.035,0.973,-0.262,-0.410,-0.035,0.050,0.032,1.067,1.342,2,NULL,NULL,,3,0,2,7,255,1281,250,0,0
stim,151033,181154,0,181154,3378469.455,-0.759,0.074,0.047,-0.645,2798,331,1617,2955,2420,2455,1021,2660,46,1.095,1,2205,1,33.066,0.725,-19.250,-10.500,-24.750,-0.164,-0.059,0.957,-0.598,-0.410,-0.191,0.050,0.030,1.067,1.342,2,NULL,NULL,,3,0,2,7,255,1281,250,0,0
stim,151033,181154,0,181154,3378474.454,-0.759,0.073,0.047,-0.646,2777,351,1715,2939,2461,2455,1095,2669,46,1.095,1,2205,1,34.336,0.850,-17.563,-11.313,-27.250,-0.164,-0.066,0.949,-0.832,-0.176,-0.316,0.052,0.028,1.067,1.342,2,NULL,NULL,,3,0,2,7,255,1281,250,0,0
stim,151033,181154,0,181154,3378479.455,-0.758,0.072,0.048,-0.647,2758,367,1806,2927,2485,2457,1175,2671,46,1.095,1,2205,1,34.071,0.850,-15.688,-12.313,-27.625,-0.156,-0.051,0.953,-0.832,-0.176,-0.363,0.052,0.024,1.067,1.342,2,NULL,NULL,,3,0,2,7,255,1281,250,0,0
stim,151053,181174,0,181174,3378484.454,-0.757,0.071,0.048,-0.648,2731,407,1885,2919,2515,2452,1271,2685,46,1.095,1,2205,1,33.173,0.770,-13.500,-12.313,-27.688,-0.137,-0.012,0.961,-0.746,-0.191,-0.363,0.052,0.022,1.067,1.342,2,NULL,NULL,,3,0,2,7,255,1281,250,0,0
stim,151053,181174,0,181174,3378489.455,-0.757,0.070,0.048,-0.648,2713,425,1968,2909,2535,2456,1363,2699,46,1.095,1,2205,1,32.059,0.411,-12.313,-13.438,-26.375,-0.152,-0.016,0.977,-0.363,-0.191,-0.293,0.052,0.020,1.067,1.342,2,NULL,NULL,,3,0,2,7,255,1281,250,0,0
stim,151053,181174,0,181174,3378494.453,-0.756,0.069,0.047,-0.649,2673,442,2059,2885,2572,2459,1449,2707,46,1.095,1,2205,1,32.497,0.388,-11.750,-14.688,-26.500,-0.148,0.008,0.996,-0.320,-0.219,-0.141,0.052,0.018,1.067,1.342,2,NULL,NULL,,3,0,2,7,255,1281,250,0,0
stim,151053,181174,0,181174,3378499.455,-0.755,0.068,0.047,-0.650,2647,471,2157,2869,2589,2468,1549,2727,46,1.095,1,2205,1,34.949,0.211,-13.250,-14.688,-28.813,-0.156,0.023,1.004,-0.117,-0.176,0.043,0.052,0.018,1.067,1.342,2,NULL,NULL,,3,0,2,7,255,1281,250,0,0
stim,151053,181174,0,181174,3378504.453,-0.754,0.067,0.047,-0.651,2599,484,2227,2848,2608,2467,1625,2731,46,1.095,1,2205,1,36.273,0.224,-15.000,-15.688,-29.063,-0.133,0.043,1.012,0.047,-0.219,0.160,0.052,0.016,1.067,1.342,2,NULL,NULL,,3,0,2,7,255,1281,250,0,0
stim,151053,181174,0,181174,3378509.455,-0.754,0.066,0.047,-0.652,2541,501,2293,2829,2629,2472,1686,2735,46,1.095,1,2205,1,38.993,0.348,-16.438,-15.563,-31.750,-0.141,0.043,1.020,0.273,-0.215,0.176,0.054,0.016,1.067,1.342,2,NULL,NULL,,3,0,2,7,255,1281,250,0,0
stim,151114,181235,0,181235,3378514.454,-0.753,0.065,0.047,-0.653,2503,521,2365,2811,2648,2467,1787,2757,46,1.095,1,2205,1,42.164,0.429,-18.375,-15.250,-34.750,-0.113,0.035,1.020,0.285,-0.320,0.234,0.056,0.016,1.067,1.342,2,NULL,NULL,,3,0,2,7,255,1281,250,0,0
stim,151114,181235,0,181235,3378519.455,-0.752,0.064,0.047,-0.655,2468,544,2413,2793,2681,2464,1867,2763,46,1.095,1,2205,1,43.403,0.572,-21.813,-15.188,-34.313,-0.098,-0.016,1.012,0.285,-0.496,0.234,0.058,0.014,1.067,1.342,2,NULL,NULL,,3,0,2,7,255,1281,250,0,0
stim,151114,181235,0,181235,3378524.454,-0.751,0.062,0.048,-0.656,2416,551,2462,2779,2711,2478,1939,2767,46,1.095,1,2205,1,43.023,0.693,-25.750,-15.063,-31.000,-0.102,-0.047,1.012,-0.184,-0.668,0.152,0.058,0.014,1.067,1.342,2,NULL,NULL,,3,0,2,7,255,1281,250,0,0
stim,151114,181235,0,181235,3378529.455,-0.750,0.061,0.048,-0.657,2367,565,2521,2758,2719,2477,1994,2777,46,1.095,1,2205,1,44.775,0.786,-29.438,-14.938,-30.250,-0.125,-0.043,1.016,-0.414,-0.668,0.152,0.060,0.014,1.067,1.342,2,NULL,NULL,,3,0,2,7,255,1281,250,0,0
stim,151114,181235,0,181235,3378534.453,-0.750,0.059,0.049,-0.658,2315,571,2567,2731,2733,2477,2065,2795,46,1.095,1,2205,1,47.819,0.594,-32.188,-15.188,-31.938,-0.133,-0.035,1.008,-0.414,-0.426,0.152,0.062,0.014,1.067,1.342,2,NULL,NULL,,3,0,2,7,255,1281,250,0,0
stim,151114,181235,0,181235,3378539.455,-0.749,0.057,0.049,-0.659,2251,573,2601,2701,2745,2468,2109,2808,46,1.095,1,2205,1,49.495,0.459,-33.750,-15.563,-32.688,-0.129,-0.023,1.000,-0.336,-0.313,0.141,0.064,0.014,1.067,1.342,2,NULL,NULL,,3,0,2,7,255,1281,250,0,0
stim,151115,181236,0,181236,3378544.453,-0.748,0.056,0.049,-0.660,2173,598,2645,2655,2762,2478,2152,2811,46,1.095,1,2205,1,46.822,0.336,-30.500,-15.813,-31.813,-0.121,0.016,0.957,-0.184,-0.281,0.051,0.064,0.014,1.067,1.342,2,NULL,NULL,,3,0,2,7,255,1281,250,0,0
stim,151115,181236,0,181236,3378549.455,-0.747,0.054,0.050,-0.660,2119,602,2675,2628,2777,2477,2202,2828,46,1.095,1,2205,1,41.573,0.342,-23.688,-16.688,-29.813,-0.117,0.012,0.973,0.195,-0.281,-0.199,0.066,0.014,1.067,1.342,2,NULL,NULL,,3,0,2,7,255,1281,250,0,0
stim,151116,181237,0,181237,3378554.454,-0.746,0.053,0.050,-0.661,2025,603,2707,2587,2791,2472,2258,2827,46,1.095,1,2205,1,40.712,0.346,-21.875,-16.813,-29.938,-0.125,-0.023,1.023,0.195,-0.285,-0.199,0.068,0.016,1.067,1.342,2,NULL,NULL,,3,0,2,7,255,1281,250,0,0
stim,151116,181237,0,181237,3378559.455,-0.746,0.052,0.050,-0.662,1945,600,2732,2543,2821,2472,2309,2841,46,1.095,1,2205,1,45.196,0.301,-27.125,-16.938,-31.938,-0.137,-0.047,1.059,-0.098,-0.285,0.273,0.070,0.016,1.067,1.342,2,NULL,NULL,,3,0,2,7,255,1281,250,0,0
stim,151116,181237,1,181237,3378564.453,-0.745,0.050,0.050,-0.663,1869,586,2767,2495,2835,2461,2345,2842,46,1.095,1,2205,1,50.258,0.354,-33.750,-17.375,-32.938,-0.121,-0.039,1.027,-0.188,-0.301,0.324,0.070,0.016,1.067,1.342,2,NULL,NULL,,3,1,2,7,255,1281,250,0,0
stim,151116,181237,1,181237,3378569.455,-0.744,0.048,0.051,-0.664,1781,568,2803,2445,2835,2467,2385,2860,46,1.095,1,2205,1,49.530,0.439,-34.375,-17.063,-31.313,-0.098,-0.051,0.980,-0.273,-0.344,0.324,0.072,0.016,1.067,1.342,2,NULL,NULL,,3,1,2,7,255,1281,250,0,0
stim,151143,181264,1,181264,3378574.454,-0.743,0.046,0.051,-0.665,1659,559,2823,2363,2849,2457,2423,2867,46,1.095,1,2205,1,45.859,0.448,-31.875,-18.375,-27.375,-0.113,-0.082,0.980,-0.273,-0.355,-0.113,0.074,0.016,1.067,1.342,2,NULL,NULL,,3,1,2,7,255,1281,250,0,0
stim,151143,181264,1,181264,3378579.455,-0.743,0.045,0.052,-0.666,1545,542,2841,2301,2862,2453,2460,2847,46,1.095,1,2205,1,45.994,0.534,-30.375,-18.563,-29.125,-0.129,-0.066,0.980,-0.398,-0.355,-0.113,0.074,0.016,1.067,1.342,2,NULL,NULL,,3,1,2,7,255,1281,250,0,0
stim,151143,181264,1,181264,3378584.454,-0.742,0.043,0.052,-0.667,1381,525,2857,2227,2861,2449,2487,2875,46,1.095,1,2205,1,43.198,0.477,-24.375,-19.188,-30.063,-0.109,-0.020,0.961,-0.398,-0.262,-0.113,0.076,0.016,1.067,1.342,2,NULL,NULL,,3,1,2,7,255,1281,250,0,0
stim,151143,181264,1,181264,3378589.455,-0.741,0.042,0.051,-0.668,1262,495,2879,2147,2876,2443,2520,2885,46,1.095,1,2205,1,39.472,0.270,-18.250,-19.688,-28.938,-0.098,-0.008,0.992,0.066,-0.262,-0.102,0.076,0.016,1.067,1.342,2,NULL,NULL,,3,1,2,7,255,1281,250,0,0
stim,151143,181264,1,181264,3378594.454,-0.741,0.041,0.051,-0.669,1117,459,2895,2031,2889,2437,2549,2890,46,1.095,1,2205,1,37.488,0.354,-16.750,-20.313,-26.688,-0.109,-0.023,1.047,0.133,-0.328,-0.039,0.078,0.016,1.067,1.342,2,NULL,NULL,,3,1,2,7,255,1281,250,0,0
stim,151143,181264,1,181264,3378599.455,-0.740,0.039,0.051,-0.670,983,407,2911,1907,2899,2424,2583,2897,46,1.095,1,2205,1,39.501,0.354,-21.438,-20.688,-25.938,-0.121,-0.031,1.066,0.133,-0.328,0.480,0.080,0.018,1.067,1.342,2,NULL,NULL,,3,1,2,7,255,1281,250,0,0
stim,151178,181299,1,181299,3378604.453,-0.739,0.038,0.051,-0.671,835,377,2927,1756,2911,2415,2607,2901,46,1.095,1,2205,1,42.032,0.259,-24.063,-20.688,-27.563,-0.121,-0.016,1.047,0.133,-0.223,0.512,0.080,0.020,1.067,1.342,2,NULL,NULL,,3,1,2,7,255,1281,250,0,0
stim,151178,181299,1,181299,3378609.455,-0.739,0.036,0.051,-0.671,633,355,2939,1599,2921,2409,2633,2907,46,1.095,1,2205,1,41.657,0.304,-24.125,-23.188,-24.813,-0.086,0.016,1.047,0.207,-0.223,0.512,0.082,0.022,1.067,1.342,2,NULL,NULL,,3,1,2,7,255,1281,250,0,0
stim,151178,181299,1,181299,3378614.453,-0.738,0.035,0.051,-0.672,499,312,2954,1399,2935,2398,2651,2909,46,1.095,1,2205,1,38.442,0.579,-22.813,-24.125,-19.375,-0.141,0.035,1.047,0.559,-0.152,0.492,0.082,0.024,1.067,1.342,2,NULL,NULL,,3,1,2,7,255,1281,250,0,0
stim,151178,181299,1,181299,3378619.455,-0.737,0.033,0.051,-0.673,355,264,2966,1187,2943,2385,2673,2919,46,1.095,1,2205,1,43.780,0.571,-23.875,-25.188,-26.688,-0.172,0.012,1.051,0.559,0.117,0.492,0.082,0.026,1.067,1.342,2,NULL,NULL,,3,1,2,7,255,1281,250,0,0
stim,151212,181333,1,181333,3378624.455,-0.737,0.032,0.051,-0.674,235,201,2975,971,2955,2365,2695,2921,46,1.095,1,2205,1,45.754,0.529,-18.563,-28.000,-31.063,-0.133,-0.008,1.055,0.516,0.117,0.598,0.080,0.030,1.067,1.342,2,NULL,NULL,,3,1,2,7,255,1281,250,0,0
stim,151212,181333,1,181333,3378629.455,-0.736,0.030,0.050,-0.675,125,165,2983,809,2964,2339,2713,2923,46,1.095,1,2205,1,46.360,0.381,-19.750,-29.375,-29.938,-0.105,-0.031,1.063,0.379,0.035,0.609,0.080,0.034,1.067,1.342,2,NULL,NULL,,3,1,2,7,255,1281,250,0,0
stim,151212,181333,1,181333,3378634.453,-0.735,0.029,0.050,-0.676,47,133,2995,584,2974,2310,2739,2932,46,1.095,1,2205,1,49.060,0.441,-16.750,-31.688,-33.500,-0.090,-0.004,1.078,0.379,-0.227,0.637,0.080,0.038,1.067,1.342,2,NULL,NULL,,3,1,2,7,255,1281,250,0,0
stim,151212,181333,1,181333,3378639.455,-0.734,0.027,0.049,-0.676,22,72,3001,413,2983,2277,2763,2935,46,1.095,1,2205,1,44.923,0.581,-12.500,-36.188,-23.500,-0.070,0.031,1.082,0.492,-0.309,0.770,0.080,0.042,1.067,1.342,2,NULL,NULL,,3,1,2,7,255,1281,250,0,0
stim,151212,181333,1,181333,3378644.453,-0.734,0.026,0.047,-0.677,0,54,3007,288,2989,2250,2783,2937,46,1.095,1,2205,1,45.954,0.913,-6.375,-38.313,-24.563,-0.078,0.039,1.059,0.852,-0.328,0.770,0.082,0.046,1.067,1.342,2,NULL,NULL,,3,1,2,7,255,1281,250,0,0
stim,151212,181333,1,181333,3378649.455,-0.734,0.025,0.046,-0.678,0,31,3015,203,2998,2227,2797,2942,46,1.095,1,2205,1,45.491,0.960,3.188,-43.000,-14.500,-0.086,0.059,1.117,0.902,-0.328,0.781,0.084,0.050,1.067,1.342,2,NULL,NULL,,3,1,2,7,255,1281,250,0,0
stim,151212,181333,1,181333,3378654.454,-0.733,0.024,0.044,-0.678,0,13,3019,197,3007,2200,2813,2949,46,1.095,1,2205,1,52.737,0.933,17.688,-47.688,-13.938,-0.258,-0.043,1.328,0.902,-0.238,1.117,0.086,0.056,1.067,1.342,2,NULL,NULL,,3,1,2,7,255,1281,250,0,0
stim,151212,181333,1,181333,3378659.455,-0.734,0.024,0.041,-0.677,0,1,3020,159,3019,2169,2828,2951,46,1.095,1,2205,1,84.868,1.247,46.500,-64.375,29.938,-0.355,-0.035,1.668,0.262,1.219,3.402,0.086,0.062,1.067,1.342,2,NULL,NULL,,3,1,2,7,255,1281,250,0,0
stim,151233,181354,1,181354,3378664.454,-0.735,0.021,0.040,-0.677,0,0,3022,90,3020,2119,2841,2953,46,1.095,1,2205,0,73.191,1.224,-31.750,-64.188,15.125,-0.246,-0.195,1.480,0.109,1.219,4.930,0.086,0.068,1.067,1.342,3,NULL,NULL,,3,1,2,7,255,1281,250,0,0
stim,151233,181354,1,181354,3378669.455,-0.735,0.017,0.040,-0.677,0,0,3026,72,3030,2071,2853,2953,46,1.095,1,2205,0,94.645,1.642,-71.188,-62.063,-6.188,-0.125,-0.301,0.992,-1.320,0.977,4.930,0.082,0.074,1.067,1.342,3,NULL,NULL,,3,1,2,7,255,1281,250,0,0
stim,151233,181354,1,181354,3378674.454,-0.736,0.014,0.039,-0.676,0,0,3022,30,3035,1997,2863,2954,46,1.095,1,2205,0,80.401,1.880,-31.688,-71.188,19.813,-0.133,-0.227,0.852,-1.828,0.438,0.148,0.076,0.078,1.067,1.342,3,NULL,NULL,,3,1,2,7,255,1281,250,0,0
stim,151233,181354,1,181354,3378679.455,-0.737,0.012,0.036,-0.675,0,0,3027,0,3042,1931,2876,2957,46,1.095,1,2205,0,81.386,1.880,12.875,-76.250,25.375,-0.242,-0.074,0.926,-1.828,0.438,-0.566,0.068,0.080,1.067,1.342,3,NULL,NULL,,3,1,2,7,255,1281,250,0,0
stim,151233,181354,1,181354,3378684.453,-0.737,0.010,0.033,-0.675,0,0,3020,0,3044,1833,2891,2955,46,1.095,1,2205,0,85.060,1.695,25.188,-80.938,7.063,-0.262,-0.082,1.066,-0.426,1.641,-0.566,0.060,0.084,1.067,1.342,3,NULL,NULL,,3,1,2,7,255,1281,250,0,0
stim,151233,181354,1,181354,3378689.455,-0.737,0.009,0.030,-0.675,0,0,3017,0,3050,1779,2897,2957,46,1.095,1,2205,0,88.357,1.695,26.063,-84.375,-2.938,-0.211,-0.137,1.199,-0.426,1.641,0.824,0.052,0.088,1.067,1.342,3,NULL,NULL,,3,1,2,7,255,1281,250,0,0
stim,151264,181385,1,181385,3378694.454,-0.737,0.007,0.026,-0.675,0,0,3017,0,3059,1661,2904,2957,46,1.095,1,2205,0,90.257,1.530,19.375,-88.063,4.000,-0.141,-0.184,1.242,-0.871,1.258,2.102,0.044,0.094,1.067,1.342,3,NULL,NULL,,3,1,2,7,255,1281,250,0,0
stim,151264,181385,1,181385,3378699.455,-0.738,0.004,0.023,-0.674,0,0,3014,0,3063,1578,2913,2953,46,1.095,1,2205,0,94.305,1.284,9.125,-92.813,14.000,-0.133,-0.164,1.211,-1.105,0.652,2.160,0.036,0.100,1.067,1.342,3,NULL,NULL,,3,1,2,7,255,1281,250,0,0
stim,151264,181385,1,181385,3378704.454,-0.739,0.002,0.020,-0.674,0,0,2975,0,3067,1459,2921,2953,46,1.095,1,2205,0,98.566,1.284,-0.688,-96.500,20.063,-0.125,-0.074,1.168,-1.105,0.652,2.160,0.030,0.108,1.067,1.342,3,NULL,NULL,,3,1,2,7,255,1281,250,0,0
stim,151264,181385,1,181385,3378709.455,-0.740,-0.001,0.017,-0.673,0,0,2991,0,3068,1325,2926,2950,46,1.095,1,2205,0,100.352,0.826,0.438,-98.313,20.125,-0.188,-0.043,1.090,-0.270,0.781,1.676,0.028,0.114,1.067,1.342,3,NULL,NULL,,3,1,2,7,255,1281,250,0,0
stim,151264,181385,1,181385,3378714.453,-0.740,-0.004,0.014,-0.672,0,0,2986,0,3079,1192,2933,2943,46,1.095,1,2205,0,103.878,1.456,9.063,-102.813,11.750,-0.172,-0.059,1.082,-0.234,1.438,0.914,0.028,0.120,1.067,1.342,3,NULL,NULL,,3,1,2,7,255,1281,250,0,0
stim,151264,181385,1,181385,3378719.455,-0.740,-0.006,0.010,-0.672,0,0,2971,0,3079,1044,2943,2939,46,1.095,1,2205,0,108.094,1.456,11.938,-107.125,8.125,-0.121,-0.094,1.125,-0.234,1.438,0.914,0.026,0.128,1.067,1.342,3,NULL,NULL,,3,1,2,7,255,1281,250,0,0
stim,151312,181433,1,181433,3378724.454,-0.741,-0.009,0.006,-0.672,0,0,2965,0,3087,867,2943,2933,46,1.095,1,2205,0,111.551,1.144,9.938,-110.875,7.188,-0.113,-0.113,1.125,-0.504,1.027,1.250,0.026,0.138,1.067,1.342,3,NULL,NULL,,3,1,2,7,255,1281,250,0,0
stim,151312,181433,1,181433,3378729.455,-0.741,-0.012,0.002,-0.671,0,0,2950,0,3089,685,2954,2927,46,1.095,1,2205,0,117.001,1.252,14.500,-115.750,9.000,-0.105,-0.109,1.105,-0.715,1.027,1.250,0.026,0.150,1.067,1.342,3,NULL,NULL,,3,1,2,7,255,1281,250,0,0
stim,151312,181433,1,181433,3378734.454,-0.742,-0.015,-0.002,-0.671,0,0,2932,0,3093,581,2957,2919,46,1.095,1,2205,0,120.520,1.255,19.688,-118.688,7.125,-0.121,-0.043,1.145,-0.715,1.031,1.250,0.026,0.160,1.067,1.342,3,NULL,NULL,,3,1,2,7,255,1281,250,0,0
stim,151312,181433,1,181433,3378739.455,-0.742,-0.018,-0.006,-0.670,0,0,2911,0,3093,469,2965,2910,46,1.095,1,2205,0,124.955,1.112,16.313,-123.688,7.000,-0.070,0.027,1.230,-0.074,1.109,1.375,0.030,0.172,1.067,1.342,3,NULL,NULL,,3,1,2,7,255,1281,250,0,0
stim,151312,181433,1,181433,3378744.453,-0.742,-0.021,-0.011,-0.670,0,0,2899,0,3095,299,2969,2895,46,1.095,1,2205,0,129.274,1.277,8.375,-128.438,12.063,-0.016,0.078,1.199,0.633,1.109,1.871,0.034,0.184,1.067,1.342,3,NULL,NULL,,3,1,2,7,255,1281,250,0,0
stim,151312,181433,1,181433,3378749.455,-0.743,-0.024,-0.016,-0.669,0,0,2869,0,3096,157,2973,2875,46,1.095,1,2205,0,134.704,1.415,11.625,-132.750,19.688,-0.004,0.141,1.168,1.156,0.816,1.871,0.044,0.198,1.067,1.342,3,NULL,NULL,,3,1,2,7,255,1281,250,0,0
stim,151312,181433,1,181433,3378754.453,-0.744,-0.028,-0.020,-0.668,0,0,2843,0,3096,83,2979,2855,46,1.095,1,2205,0,138.310,1.910,6.438,-136.125,23.625,-0.027,0.176,1.301,1.727,0.816,1.871,0.058,0.214,1.067,1.342,3,NULL,NULL,,3,1,2,7,255,1281,250,0,0
stim,151312,181433,1,181433,3378759.457,-0.744,-0.032,-0.025,-0.667,0,0,2809,0,3095,24,2989,2790,46,1.095,1,2205,0,141.030,2.343,-3.750,-139.625,19.500,-0.133,0.176,1.313,1.957,1.289,2.816,0.074,0.232,1.067,1.342,3,NULL,NULL,,3,1,2,7,255,1281,250,0,0
stim,151331,181452,1,181452,3378764.454,-0.744,-0.036,-0.029,-0.666,0,0,2775,0,3093,1,2984,2805,46,1.095,1,2205,0,145.513,3.153,-1.000,-145.250,8.688,-0.164,0.164,1.332,1.957,2.473,2.820,0.094,0.252,1.067,1.342,3,NULL,NULL,,3,1,2,7,255,1281,250,0,0
stim,151331,181452,1,181452,3378769.455,-0.744,-0.040,-0.034,-0.666,0,0,2733,0,3092,0,2983,2772,46,1.095,1,2205,0,151.910,3.535,-2.938,-151.875,-1.438,-0.137,0.176,1.414,1.949,2.949,2.969,0.114,0.274,1.067,1.342,3,NULL,NULL,,3,1,2,7,255,1281,250,0,0
stim,151331,181452,1,181452,3378774.455,-0.744,-0.044,-0.039,-0.666,0,0,2694,0,3092,0,2985,2727,46,1.095,1,2205,0,156.575,3.538,-9.000,-155.938,-10.875,-0.117,0.191,1.480,1.949,2.953,3.734,0.138,0.300,1.067,1.342,3,NULL,NULL,,3,1,2,7,255,1281,250,0,0
stim,151331,181452,1,181452,3378779.455,-0.743,-0.049,-0.044,-0.666,0,0,2619,0,3091,0,2987,2679,46,1.095,1,2205,0,163.259,3.692,-9.500,-162.563,-11.688,-0.113,0.199,1.625,2.125,3.020,4.359,0.166,0.330,1.067,1.342,3,NULL,NULL,,3,1,2,7,255,1281,250,0,0
stim,151361,181482,1,181482,3378784.453,-0.743,-0.054,-0.049,-0.665,0,0,2589,0,3069,0,2982,2629,46,1.095,1,2205,0,174.344,4.030,-11.000,-173.875,6.500,-0.137,0.203,1.820,2.227,3.359,5.719,0.200,0.364,1.067,1.342,3,NULL,NULL,,3,1,2,7,255,1281,250,0,0
stim,151361,181482,1,181482,3378789.455,-0.744,-0.061,-0.054,-0.664,0,0,2521,0,3065,0,2976,2572,46,1.095,1,2205,0,190.228,4.712,-33.375,-185.875,22.875,-0.219,0.270,1.969,2.277,4.125,7.543,0.238,0.402,1.067,1.342,3,NULL,NULL,,3,1,2,7,255,1281,250,0,0
stim,151361,181482,1,181482,3378794.453,-0.744,-0.069,-0.058,-0.662,0,0,2421,0,3047,0,2970,2477,46,1.095,1,2205,0,212.561,6.233,-66.938,-199.688,28.750,-0.328,0.301,1.914,2.910,5.512,7.883,0.280,0.446,1.067,1.342,3,NULL,NULL,,3,1,2,7,255,1281,250,0,0
stim,151361,181482,1,181482,3378799.455,-0.744,-0.078,-0.063,-0.660,0,0,2379,0,3041,0,2962,2375,46,1.095,1,2205,0,233.365,7.508,-86.375,-215.000,27.813,-0.352,0.328,1.793,3.113,6.832,7.883,0.324,0.492,1.067,1.342,3,NULL,NULL,,3,1,2,7,255,1281,250,0,0
stim,151361,181482,1,181482,3378804.454,-0.744,-0.087,-0.068,-0.659,0,0,2299,0,3029,13,2954,2258,46,1.095,1,2205,0,246.055,7.938,-87.000,-229.125,21.813,-0.363,0.324,1.770,3.395,7.176,6.512,0.374,0.542,1.067,1.342,3,NULL,NULL,,3,1,2,7,255,1281,250,0,0
stim,151361,181482,1,181482,3378809.455,-0.744,-0.097,-0.073,-0.657,0,0,2213,0,3005,47,2933,2123,46,1.095,1,2205,0,261.772,8.314,-93.688,-243.875,16.500,-0.348,0.281,1.727,3.395,7.590,6.094,0.430,0.600,1.067,1.342,3,NULL,NULL,,3,1,2,7,255,1281,250,0,0
stim,151409,181530,0,181530,3378814.454,-0.743,-0.108,-0.078,-0.656,0,0,2131,0,2994,61,2915,1983,46,1.095,1,2205,0,276.555,8.231,-89.875,-260.875,18.688,-0.352,0.250,1.801,3.070,7.637,6.070,0.494,0.666,1.067,1.342,3,NULL,NULL,,3,0,2,7,255,1287,250,0,0
stim,151409,181530,0,181530,3378819.455,-0.743,-0.119,-0.085,-0.654,0,0,2045,0,2970,71,2886,1867,46,1.095,1,2205,0,293.474,8.774,-89.125,-278.875,20.313,-0.352,0.340,1.945,3.070,8.219,6.070,0.564,0.736,1.067,1.342,3,NULL,NULL,,3,0,2,7,255,1287,250,0,0
stim,151409,181530,0,181530,3378824.454,-0.742,-0.130,-0.091,-0.652,0,0,1955,0,2939,73,2851,1748,46,1.095,1,2205,0,309.718,9.923,-97.188,-293.625,16.250,-0.383,0.406,2.051,3.918,9.117,7.117,0.640,0.814,1.067,1.342,3,NULL,NULL,,3,0,2,7,255,1287,250,0,0
stim,151409,181530,0,181530,3378829.455,-0.740,-0.143,-0.098,-0.650,0,0,1863,0,2905,72,2791,1617,46,1.095,1,2205,0,327.441,11.257,-103.000,-310.625,11.000,-0.449,0.477,2.219,4.680,10.238,7.680,0.720,0.894,1.067,1.342,3,NULL,NULL,,3,0,2,7,255,1287,250,0,0
stim,151409,181530,0,181530,3378834.453,-0.739,-0.155,-0.106,-0.647,0,0,1796,0,2855,59,2720,1511,46,1.095,1,2205,0,343.960,13.174,-106.625,-326.938,7.188,-0.523,0.609,2.453,5.480,11.980,8.598,0.796,0.974,1.067,1.342,3,NULL,NULL,,3,0,2,7,255,1287,250,0,0
stim,151409,181530,0,181530,3378839.455,-0.736,-0.169,-0.113,-0.645,0,0,1707,0,2796,54,2636,1396,46,1.095,1,2205,0,365.621,15.776,-122.813,-344.375,-1.250,-0.598,0.730,2.633,6.914,14.180,9.902,0.872,1.050,1.067,1.342,3,NULL,NULL,,3,0,2,7,255,1287,250,0,0
stim,151409,181530,0,181530,3378844.454,-0.733,-0.185,-0.120,-0.643,0,0,1587,0,2743,11,2519,1264,46,1.095,1,2205,0,397.887,17.547,-167.625,-360.500,-16.000,-0.492,0.727,2.516,8.270,15.477,9.902,0.940,1.122,1.067,1.342,3,NULL,NULL,,3,0,2,7,255,1287,250,0,0
stim,151409,181530,0,181530,3378849.455,-0.729,-0.200,-0.127,-0.642,0,0,1443,0,2665,0,2360,1161,46,1.095,1,2205,0,410.577,17.547,-176.688,-368.750,-37.125,-0.344,0.457,2.332,8.270,15.477,9.328,1.002,1.186,1.067,1.342,3,NULL,NULL,,3,0,2,7,255,1287,250,0,0
stim,151433,181554,0,181554,3378854.454,-0.725,-0.216,-0.135,-0.640,0,0,1247,0,2553,0,2179,1017,46,1.095,1,2205,0,412.803,15.381,-161.438,-378.750,-29.875,-0.324,0.355,2.324,6.195,14.078,8.168,1.054,1.240,1.067,1.342,3,NULL,NULL,,3,0,2,7,255,1287,250,0,0
stim,151433,181554,0,181554,3378859.455,-0.721,-0.232,-0.142,-0.637,0,0,1080,0,2440,0,1897,935,46,1.095,1,2205,0,428.843,15.086,-169.000,-394.125,-3.313,-0.371,0.258,2.313,5.422,14.078,7.820,1.096,1.284,1.067,1.342,3,NULL,NULL,,3,0,2,7,255,1287,250,0,0
stim,151433,181554,0,181554,3378864.453,-0.717,-0.250,-0.150,-0.633,0,0,861,0,2255,0,1587,871,46,1.095,1,2205,0,452.546,14.818,-194.313,-408.625,8.125,-0.324,0.000,2.051,4.625,14.078,7.094,1.142,1.334,1.067,1.342,3,NULL,NULL,,3,0,2,7,255,1287,250,0,0
stim,151433,181554,0,181554,3378869.455,-0.713,-0.268,-0.157,-0.629,0,0,616,0,2039,0,1171,746,46,1.095,1,2205,0,461.175,13.789,-191.188,-419.625,6.688,-0.098,-0.359,1.551,2.098,13.629,5.094,1.200,1.396,1.067,1.342,3,NULL,NULL,,3,0,2,7,255,1287,250,0,0
stim,151433,181554,0,181554,3378874.454,-0.709,-0.284,-0.166,-0.624,0,0,419,0,1787,0,683,613,46,1.095,1,2205,0,451.214,9.503,-140.188,-428.313,22.125,0.125,-0.531,1.125,-1.504,9.383,2.555,1.270,1.466,1.067,1.342,3,NULL,NULL,,3,0,2,7,255,1287,250,0,0
stim,151433,181554,0,181554,3378879.455,-0.706,-0.298,-0.177,-0.618,0,0,314,0,1485,0,264,487,46,1.095,1,2205,0,439.787,6.098,-60.125,-434.688,29.063,0.250,-0.469,1.031,-2.625,5.504,0.609,1.348,1.548,1.067,1.342,3,NULL,NULL,,3,0,2,7,255,1287,250,0,0
stim,151450,181571,0,181571,3378884.454,-0.704,-0.309,-0.191,-0.610,0,0,238,0,1183,0,41,411,46,1.095,1,2205,0,442.099,6.098,31.188,-439.813,32.313,0.172,-0.188,1.527,-2.625,5.504,0.609,1.430,1.630,1.067,1.342,3,NULL,NULL,,3,0,2,7,255,1287,250,0,0
stim,151450,181571,0,181571,3378889.455,-0.703,-0.320,-0.205,-0.601,0,0,169,0,813,0,0,311,46,1.095,1,2205,0,449.173,8.675,52.438,-441.938,60.813,-0.059,0.148,2.199,0.500,8.660,2.617,1.512,1.714,1.067,1.342,3,NULL,NULL,,3,0,2,7,255,1287,250,0,0
stim,151450,181571,0,181571,3378894.454,-0.702,-0.333,-0.216,-0.592,0,0,112,0,402,0,0,233,46,1.095,1,2205,0,454.319,15.935,-19.313,-442.500,101.125,-0.297,0.301,2.395,3.934,15.441,3.410,1.590,1.796,1.067,1.342,3,NULL,NULL,,3,0,2,7,255,1287,250,0,0
stim,151450,181571,0,181571,3378899.455,-0.700,-0.349,-0.225,-0.581,0,0,115,0,77,0,0,148,46,1.095,1,2205,0,478.374,18.970,-104.875,-444.750,141.563,-0.527,0.355,2.020,4.527,18.422,3.410,1.668,1.876,1.067,1.342,3,NULL,NULL,,3,0,2,7,255,1287,250,0,0
stim,151474,181595,0,181595,3378904.453,-0.697,-0.366,-0.231,-0.571,0,0,87,0,0,0,0,56,46,1.095,1,2205,0,494.076,19.096,-162.938,-439.375,156.563,-0.645,0.652,1.434,5.027,18.422,-1.535,1.744,1.952,1.067,1.342,3,NULL,NULL,,3,0,2,7,255,1287,250,0,0
stim,151474,181595,0,181595,3378909.455,-0.694,-0.384,-0.237,-0.562,0,0,57,0,0,0,0,29,46,1.095,1,2205,0,477.144,16.438,-180.500,-420.125,136.313,-0.594,1.047,0.949,6.309,15.180,-7.516,1.816,2.024,1.067,1.342,4,NULL,NULL,,3,0,2,7,255,1287,250,0,0
stim,151474,181595,0,181595,3378914.453,-0.690,-0.399,-0.243,-0.553,0,0,25,0,0,0,0,0,46,1.095,1,2205,0,450.099,14.790,-160.188,-405.375,112.250,-0.598,1.148,0.887,9.457,11.371,-11.723,1.876,2.088,1.067,1.342,0,NULL,NULL,,3,0,2,7,255,1287,250,0,0
stim,151474,181595,0,181595,3378919.455,-0.686,-0.415,-0.249,-0.544,0,0,36,0,0,0,0,0,46,1.095,1,2205,0,435.179,14.790,-160.125,-390.688,105.375,-0.637,0.965,1.078,9.457,11.371,-12.203,1.930,2.146,1.067,1.342,0,NULL,NULL,,3,0,2,7,255,1287,250,0,0
stim,151512,181633,0,181633,3378924.455,-0.681,-0.431,-0.253,-0.536,0,0,57,0,0,0,0,15,46,1.095,1,2205,0,440.981,15.217,-194.563,-381.813,104.063,-0.641,0.590,1.199,8.594,12.559,-12.203,1.982,2.200,1.067,1.342,0,NULL,NULL,,3,0,2,7,255,1287,250,0,0
stim,151512,181633,0,181633,3378929.455,-0.674,-0.446,-0.257,-0.530,0,0,61,0,0,0,0,27,46,1.095,1,2205,0,424.468,13.607,-228.625,-353.125,56.625,-0.324,0.180,1.094,5.238,12.559,-11.016,2.028,2.248,1.067,1.342,0,NULL,NULL,,3,0,2,7,255,1287,250,0,0
stim,151512,181633,0,181633,3378934.454,-0.667,-0.460,-0.261,-0.525,0,0,70,0,0,0,0,45,46,1.095,1,2205,0,366.380,11.115,-199.625,-306.875,14.563,-0.098,-0.266,0.980,2.258,10.883,-8.098,2.064,2.284,1.067,1.342,0,NULL,NULL,,3,0,2,7,255,1287,250,0,0
stim,151512,181633,0,181633,3378939.455,-0.662,-0.471,-0.264,-0.520,0,0,64,0,0,0,0,85,46,1.095,1,2205,0,319.830,10.913,-164.500,-271.125,41.500,-0.223,-0.230,1.246,-0.813,10.883,-5.848,2.078,2.300,1.067,1.342,0,NULL,NULL,,3,0,2,7,255,1287,250,0,0
stim,151512,181633,0,181633,3378944.453,-0.656,-0.482,-0.265,-0.516,0,0,72,0,0,0,0,125,46,1.095,1,2205,0,304.134,11.930,-196.375,-228.875,39.375,-0.543,0.063,1.457,-0.813,11.902,-5.848,2.082,2.304,1.067,1.342,0,NULL,NULL,,3,0,2,7,255,1287,250,0,0
stim,151512,181633,0,181633,3378949.455,-0.649,-0.494,-0.264,-0.515,0,0,74,0,0,0,0,125,46,1.095,1,2205,0,317.906,11.973,-264.438,-176.000,12.688,-0.531,0.445,1.105,1.297,11.902,-9.078,2.078,2.302,1.067,1.342,0,NULL,NULL,,3,0,2,7,255,1287,250,0,0
stim,151512,181633,0,181633,3378954.453,-0.641,-0.505,-0.261,-0.516,0,0,71,0,0,0,0,141,46,1.095,1,2205,0,306.857,12.245,-283.813,-116.063,-11.875,-0.359,0.445,0.352,3.500,11.734,-12.008,2.068,2.294,1.067,1.342,0,NULL,NULL,,3,0,2,7,255,1287,250,0,0
stim,151512,181633,0,181633,3378959.455,-0.635,-0.513,-0.257,-0.518,0,0,71,0,0,0,0,151,46,1.095,1,2205,0,255.386,5.881,-248.938,-53.813,-18.875,-0.070,0.539,-0.156,4.145,4.172,-12.984,2.056,2.284,1.067,1.342,0,NULL,NULL,,3,0,2,7,255,1287,250,0,0
stim,151513,181634,0,181634,3378964.454,-0.630,-0.518,-0.253,-0.521,0,0,71,0,0,0,0,147,46,1.095,1,2205,0,191.656,3.884,-191.125,8.688,-11.313,-0.035,0.445,-0.383,3.500,-1.684,-13.082,2.042,2.274,1.067,1.342,0,NULL,NULL,,3,0,2,7,255,1287,250,0,0
stim,151513,181634,0,181634,3378969.455,-0.627,-0.520,-0.248,-0.524,0,0,67,0,0,0,0,147,46,1.095,1,2205,0,153.703,4.669,-140.375,61.750,-10.313,-0.008,0.266,-0.379,2.844,-3.703,-12.984,2.032,2.264,1.067,1.342,0,NULL,NULL,,3,0,2,7,255,1287,250,0,0
stim,151557,181678,0,181678,3378974.454,-0.626,-0.520,-0.243,-0.528,0,0,59,0,0,0,0,127,46,1.095,1,2205,0,151.210,3.922,-106.813,107.000,-2.563,-0.070,0.008,-0.391,1.293,-3.703,-12.145,2.026,2.260,1.067,1.342,0,NULL,NULL,,3,0,2,7,255,1287,250,0,0
stim,151557,181678,0,181678,3378979.455,-0.626,-0.519,-0.237,-0.532,0,0,42,0,0,0,0,121,46,1.095,1,2205,0,163.946,3.925,-79.125,143.438,6.563,-0.023,-0.063,-0.473,-1.301,-3.703,-11.691,2.024,2.260,1.067,1.342,0,NULL,NULL,,3,0,2,7,255,1287,250,0,0
stim,151557,181678,0,181678,3378984.453,-0.627,-0.516,-0.231,-0.535,0,0,37,0,0,0,0,106,46,1.095,1,2205,0,177.303,4.518,-40.875,170.250,27.938,-0.117,-0.160,-0.617,-2.031,-4.035,-11.691,2.030,2.266,1.067,1.342,0,NULL,NULL,,3,0,2,7,255,1287,250,0,0
stim,151557,181678,0,181678,3378989.455,-0.630,-0.512,-0.225,-0.539,0,0,31,0,0,0,0,99,46,1.095,1,2205,0,196.391,5.148,11.438,191.313,42.875,-0.109,0.109,-0.633,-2.031,-4.730,-12.242,2.040,2.280,1.067,1.342,0,NULL,NULL,,3,0,2,7,255,1287,250,0,0
stim,151557,181678,0,181678,3378994.453,-0.635,-0.506,-0.220,-0.541,0,0,30,0,0,0,0,88,46,1.095,1,2205,0,225.129,5.036,68.000,207.563,54.563,-0.211,0.066,-0.531,-1.727,-4.730,-13.383,2.062,2.304,1.067,1.342,0,NULL,NULL,,3,0,2,7,255,1287,250,0,0
stim,151557,181678,0,181678,3378999.455,-0.641,-0.498,-0.215,-0.543,0,0,31,0,0,0,0,79,46,1.095,1,2205,0,256.420,3.962,111.063,221.938,64.500,-0.242,0.211,-0.262,-1.313,-3.738,-13.652,2.088,2.332,1.067,1.342,0,NULL,NULL,,3,0,2,7,255,1287,250,0,0
stim,151557,181678,0,181678,3379004.454,-0.647,-0.489,-0.210,-0.546,0,0,21,0,0,0,0,68,46,1.095,1,2205,0,279.515,1.380,135.000,235.063,68.188,-0.336,0.164,-0.102,0.055,-1.379,-13.652,2.120,2.366,1.067,1.342,0,NULL,NULL,,3,0,2,7,255,1287,250,0,0
stim,151557,181678,0,181678,3379009.455,-0.654,-0.479,-0.206,-0.548,0,0,27,0,0,0,0,67,46,1.095,1,2205,0,300.153,0.643,157.125,245.688,71.000,-0.387,0.250,0.105,0.266,0.586,-13.559,2.158,2.406,1.067,1.342,0,NULL,NULL,,3,0,2,7,255,1287,250,0,0
stim,151578,181699,0,181699,3379014.454,-0.662,-0.469,-0.201,-0.550,0,0,27,0,0,0,0,57,46,1.095,1,2205,0,312.247,2.845,165.750,254.938,70.938,-0.457,0.254,0.258,1.211,2.574,-13.398,2.200,2.450,1.067,1.342,0,NULL,NULL,,3,0,2,7,255,1287,250,0,0
stim,151578,181699,0,181699,3379019.455,-0.669,-0.458,-0.197,-0.552,0,0,25,0,0,0,0,51,46,1.095,1,2205,0,320.712,4.558,174.063,261.438,64.875,-0.520,0.266,0.449,1.453,4.320,-13.156,2.246,2.498,1.067,1.342,0,NULL,NULL,,3,0,2,7,255,1287,250,0,0
stim,151612,181733,0,181733,3379024.454,-0.676,-0.447,-0.192,-0.554,0,0,27,0,0,0,0,43,46,1.095,1,2205,0,324.166,6.565,174.813,266.813,57.750,-0.602,0.250,0.645,1.871,6.293,-12.641,2.296,2.550,1.067,1.342,0,NULL,NULL,,3,0,2,7,255,1287,250,0,0
stim,151612,181733,0,181733,3379029.455,-0.682,-0.436,-0.187,-0.557,0,0,26,0,0,0,0,41,46,1.095,1,2205,0,319.523,8.619,161.250,272.625,42.063,-0.590,0.313,0.777,1.988,8.387,-12.016,2.344,2.600,1.067,1.342,0,NULL,NULL,,3,0,2,7,255,1287,250,0,0
stim,151612,181733,0,181733,3379034.453,-0.687,-0.424,-0.182,-0.561,0,0,27,0,0,0,0,43,46,1.095,1,2205,0,319.008,9.678,155.750,277.250,25.313,-0.598,0.195,0.902,2.125,9.441,-11.207,2.394,2.652,1.067,1.342,0,NULL,NULL,,3,0,2,7,255,1287,250,0,0
stim,151612,181733,0,181733,3379039.455,-0.692,-0.413,-0.177,-0.565,0,0,25,0,0,0,0,42,46,1.095,1,2205,0,318.795,10.844,139.375,286.500,11.063,-0.574,0.234,0.992,2.785,10.480,-9.852,2.442,2.702,1.067,1.342,0,NULL,NULL,,3,0,2,7,255,1287,250,0,0
stim,151612,181733,0,181733,3379044.454,-0.696,-0.402,-0.171,-0.569,0,0,25,0,0,0,0,44,46,1.095,1,2205,0,319.884,11.291,121.563,295.813,-6.563,-0.570,0.180,1.043,2.441,11.023,-9.055,2.490,2.752,1.067,1.342,0,NULL,NULL,,3,0,2,7,255,1287,250,0,0
stim,151612,181733,0,181733,3379049.455,-0.699,-0.391,-0.165,-0.575,0,0,25,0,0,0,0,47,46,1.095,1,2205,0,325.938,11.645,106.750,307.000,-24.313,-0.559,0.160,1.160,2.613,11.348,-8.172,2.536,2.800,1.067,1.342,0,NULL,NULL,,3,0,2,7,255,1287,250,0,0
stim,151612,181733,0,181733,3379054.454,-0.702,-0.380,-0.158,-0.581,0,0,22,0,0,0,0,52,46,1.095,1,2205,0,333.273,12.079,79.500,320.375,-45.938,-0.516,0.203,1.180,2.613,11.793,-6.965,2.582,2.848,1.067,1.342,0,NULL,NULL,,3,0,2,7,255,1287,250,0,0
stim,151612,181733,0,181733,3379059.458,-0.703,-0.369,-0.151,-0.589,0,0,21,0,0,0,0,45,46,1.095,1,2205,0,342.790,12.191,57.500,332.875,-58.250,-0.449,0.168,1.133,3.090,11.793,-6.395,2.624,2.890,1.067,1.342,0,NULL,NULL,,3,0,2,7,255,1287,250,0,0
stim,151631,181752,0,181752,3379064.453,-0.704,-0.358,-0.143,-0.596,0,0,23,0,0,0,0,55,46,1.095,1,2205,0,357.089,11.316,47.500,345.438,-77.000,-0.383,0.156,1.113,3.195,10.855,-5.789,2.662,2.930,1.067,1.342,0,NULL,NULL,,3,0,2,7,255,1287,250,0,0
stim,151631,181752,0,181752,3379069.455,-0.704,-0.347,-0.135,-0.605,0,0,25,0,0,0,0,64,46,1.095,1,2205,0,368.781,10.564,37.063,355.625,-90.313,-0.336,0.113,1.098,3.090,10.102,-5.145,2.694,2.966,1.067,1.342,0,NULL,NULL,,3,0,2,7,255,1287,250,0,0
stim,151631,181752,0,181752,3379074.455,-0.703,-0.336,-0.126,-0.613,0,0,24,0,0,0,0,91,46,1.095,1,2205,0,376.464,9.982,25.688,363.875,-93.063,-0.285,0.141,1.031,3.195,9.457,-4.555,2.720,2.994,1.067,1.342,0,NULL,NULL,,3,0,2,7,255,1287,250,0,0
stim,151631,181752,0,181752,3379079.455,-0.703,-0.325,-0.117,-0.622,0,0,23,0,0,0,0,109,46,1.095,1,2205,0,386.886,9.078,20.688,370.875,-108.188,-0.141,0.145,0.918,3.289,8.461,-4.543,2.744,3.018,1.067,1.342,0,NULL,NULL,,3,0,2,7,255,1287,250,0,0
stim,151656,181777,0,181777,3379084.454,-0.701,-0.314,-0.108,-0.631,0,0,22,0,0,0,0,119,46,1.095,1,2205,0,391.474,7.239,25.625,374.625,-110.688,0.047,0.012,0.750,3.289,6.449,-4.301,2.764,3.042,1.067,1.342,0,NULL,NULL,,3,0,2,7,255,1287,250,0,0
stim,151656,181777,0,181777,3379089.455,-0.701,-0.302,-0.099,-0.639,0,0,24,0,0,0,0,133,46,1.095,1,2205,0,385.984,4.344,42.500,373.438,-87.875,0.074,0.043,0.586,2.117,3.793,-4.301,2.784,3.062,1.067,1.342,0,NULL,NULL,,3,0,2,7,255,1287,250,0,0
stim,151656,181777,0,181777,3379094.454,-0.701,-0.289,-0.091,-0.646,0,0,21,0,0,0,0,141,46,1.095,1,2205,0,385.650,3.267,71.313,370.500,-79.813,0.047,0.137,0.512,2.117,2.488,-5.031,2.802,3.082,1.067,1.342,0,NULL,NULL,,3,0,2,7,255,1287,250,0,0
stim,151656,181777,0,181777,3379099.455,-0.701,-0.275,-0.084,-0.653,0,0,27,0,0,0,0,149,46,1.095,1,2205,0,387.022,2.935,105.750,364.125,-77.563,0.086,0.027,0.555,2.000,2.148,-5.031,2.822,3.102,1.067,1.342,0,NULL,NULL,,3,0,2,7,255,1287,250,0,0
stim,151656,181777,0,181777,3379104.453,-0.702,-0.261,-0.078,-0.659,0,0,25,0,0,0,0,153,46,1.095,1,2205,0,386.074,2.576,133.625,356.625,-63.375,0.152,-0.016,0.656,1.746,1.895,-5.008,2.842,3.126,1.067,1.342,0,NULL,NULL,,3,0,2,7,255,1287,250,0,0
stim,151656,181777,0,181777,3379109.455,-0.703,-0.246,-0.072,-0.664,0,0,24,0,0,0,0,153,46,1.095,1,2205,0,387.302,2.393,156.063,351.125,-48.563,0.184,0.066,0.695,1.746,1.637,-3.691,2.864,3.150,1.067,1.342,0,NULL,NULL,,3,0,2,7,255,1287,250,0,0
stim,151706,181827,0,181827,3379114.453,-0.704,-0.230,-0.068,-0.668,0,0,24,0,0,0,0,153,46,1.095,1,2205,0,393.466,2.925,182.750,346.813,-33.750,0.168,0.117,0.781,2.453,1.594,-3.363,2.890,3.178,1.067,1.342,0,NULL,NULL,,3,0,2,7,255,1287,250,0,0
stim,151706,181827,0,181827,3379119.455,-0.706,-0.213,-0.063,-0.672,0,0,21,0,0,0,0,153,46,1.095,1,2205,0,402.546,3.418,207.000,344.625,-20.688,0.074,0.133,0.957,3.023,1.594,-2.727,2.920,3.208,1.067,1.342,0,NULL,NULL,,3,0,2,7,255,1287,250,0,0
stim,151728,181849,0,181849,3379124.454,-0.708,-0.196,-0.059,-0.675,0,0,21,0,0,0,0,152,46,1.095,1,2205,0,408.815,4.439,219.313,344.563,-17.563,-0.043,0.176,1.184,3.375,2.883,-1.453,2.950,3.240,1.067,1.342,0,NULL,NULL,,3,0,2,7,255,1287,250,0,0
stim,151728,181849,0,181849,3379129.455,-0.710,-0.179,-0.056,-0.679,0,0,23,0,0,0,0,151,46,1.095,1,2205,0,409.854,6.005,220.750,344.750,-19.938,-0.094,0.211,1.383,4.012,4.469,0.207,2.980,3.272,1.067,1.342,0,NULL,NULL,,3,0,2,7,255,1287,250,0,0
stim,151728,181849,0,181849,3379134.453,-0.712,-0.162,-0.051,-0.681,0,0,20,0,0,0,0,149,46,1.095,1,2205,0,406.036,6.968,214.438,344.313,-18.188,-0.125,0.207,1.559,4.523,5.301,1.988,3.010,3.304,1.067,1.342,0,NULL,NULL,,3,0,2,7,255,1287,250,0,0
stim,151728,181849,0,181849,3379139.455,-0.713,-0.146,-0.047,-0.684,0,0,20,0,0,0,0,153,46,1.095,1,2205,0,398.379,7.301,199.750,344.250,-17.250,-0.184,0.191,1.676,4.523,5.730,3.738,3.038,3.334,1.067,1.342,0,NULL,NULL,,3,0,2,7,255,1287,250,0,0
stim,151728,181849,0,181849,3379144.453,-0.714,-0.130,-0.042,-0.687,0,0,19,0,0,0,0,152,46,1.095,1,2205,0,389.941,7.551,183.813,343.250,-21.125,-0.234,0.191,1.789,4.340,6.180,4.969,3.064,3.360,1.067,1.342,0,NULL,NULL,,3,0,2,7,255,1287,250,0,0
stim,151728,181849,0,181849,3379149.455,-0.714,-0.114,-0.036,-0.690,0,0,21,0,0,0,0,151,46,1.095,1,2205,0,380.322,7.520,159.688,343.688,-32.000,-0.227,0.207,1.828,4.285,6.180,6.152,3.086,3.384,1.067,1.342,0,NULL,NULL,,3,0,2,7,255,1287,250,0,0
stim,151728,181849,0,181849,3379154.453,-0.714,-0.100,-0.030,-0.693,0,0,13,0,0,0,0,146,46,1.095,1,2205,0,370.901,7.341,137.313,342.375,-38.625,-0.172,0.203,1.805,4.258,5.980,6.781,3.102,3.402,1.067,1.342,0,NULL,NULL,,3,0,2,7,255,1287,250,0,0
stim,151728,181849,0,181849,3379159.455,-0.713,-0.086,-0.023,-0.696,0,0,24,0,0,0,0,157,46,1.095,1,2205,0,362.043,6.350,120.250,339.313,-38.500,-0.125,0.168,1.738,4.074,4.871,6.781,3.116,3.416,1.067,1.342,0,NULL,NULL,,3,0,2,7,255,1287,250,0,0
stim,151728,181849,0,181849,3379164.454,-0.712,-0.072,-0.017,-0.698,0,0,27,0,0,0,0,152,46,1.095,1,2205,0,353.864,5.189,111.813,333.938,-34.688,-0.113,0.105,1.680,3.516,3.816,6.516,3.124,3.426,1.067,1.342,0,NULL,NULL,,3,0,2,7,255,1287,250,0,0
stim,151728,181849,0,181849,3379169.455,-0.711,-0.058,-0.010,-0.700,0,0,23,0,0,0,0,156,46,1.095,1,2205,0,347.688,4.115,108.188,328.563,-35.063,-0.094,0.086,1.633,2.699,3.105,6.172,3.130,3.434,1.067,1.342,0,NULL,NULL,,3,0,2,7,255,1287,250,0,0
stim,151728,181849,0,181849,3379174.454,-0.710,-0.045,-0.003,-0.702,0,0,25,0,0,0,0,155,46,1.095,1,2205,0,342.211,3.329,108.625,322.688,-34.375,-0.051,0.098,1.598,2.305,2.402,5.867,3.134,3.440,1.067,1.342,0,NULL,NULL,,3,0,2,7,255,1287,250,0,0
stim,151728,181849,0,181849,3379179.455,-0.709,-0.032,0.003,-0.704,0,0,25,0,0,0,0,164,46,1.095,1,2205,0,337.414,2.700,113.750,316.375,-28.563,-0.020,0.086,1.570,2.242,1.504,5.629,3.132,3.440,1.067,1.342,0,NULL,NULL,,3,0,2,7,255,1287,250,0,0
stim,151750,181871,0,181871,3379184.453,-0.709,-0.018,0.009,-0.705,0,0,20,0,0,0,0,171,46,1.095,1,2205,0,334.890,2.104,122.875,310.813,-21.188,-0.031,0.059,1.566,1.957,0.773,5.477,3.126,3.436,1.067,1.342,0,NULL,NULL,,3,0,2,7,255,1287,250,0,0
stim,151750,181871,0,181871,3379189.455,-0.708,-0.004,0.014,-0.706,0,0,22,0,0,0,0,173,46,1.095,1,2205,0,334.661,1.601,134.813,305.875,-16.250,-0.055,0.059,1.605,1.539,0.441,5.477,3.116,3.426,1.067,1.342,0,NULL,NULL,,3,0,2,7,255,1287,250,0,0
stim,151750,181871,0,181871,3379194.454,-0.707,0.010,0.018,-0.707,0,0,22,0,0,0,0,167,46,1.095,1,2205,0,336.367,1.424,148.063,301.688,-14.313,-0.051,0.078,1.688,1.402,0.246,5.891,3.100,3.412,1.067,1.342,0,NULL,NULL,,3,0,2,7,255,1287,250,0,0
stim,151750,181871,0,181871,3379199.455,-0.706,0.024,0.023,-0.708,0,0,22,0,0,0,0,167,46,1.095,1,2205,0,338.994,1.388,159.813,298.688,-12.750,-0.020,0.078,1.797,1.371,-0.215,6.676,3.078,3.392,1.067,1.342,0,NULL,NULL,,3,0,2,7,255,1287,250,0,0
stim,151773,181894,0,181894,3379204.454,-0.704,0.038,0.026,-0.708,0,0,25,0,0,0,0,167,46,1.095,1,2205,0,341.412,1.565,167.250,297.500,-9.125,0.020,0.059,1.898,1.184,-1.023,7.730,3.048,3.362,1.067,1.342,0,NULL,NULL,,3,0,2,7,255,1287,250,0,0
stim,151773,181894,0,181894,3379209.455,-0.703,0.052,0.030,-0.708,0,0,23,0,0,0,0,166,46,1.095,1,2205,0,343.340,2.092,170.438,298.000,-5.438,0.070,0.063,1.961,0.770,-1.945,8.684,3.010,3.326,1.067,1.342,0,NULL,NULL,,3,0,2,7,255,1287,250,0,0
stim,151773,181894,0,181894,3379214.453,-0.702,0.067,0.034,-0.708,0,0,22,0,0,0,0,167,46,1.095,1,2205,0,347.658,3.034,175.125,300.313,-3.063,0.141,0.059,1.980,0.504,-2.992,9.180,2.966,3.282,1.067,1.342,0,NULL,NULL,,3,0,2,7,255,1287,250,0,0
stim,151773,181894,0,181894,3379219.455,-0.701,0.082,0.037,-0.708,0,0,27,0,0,0,0,169,46,1.095,1,2205,0,354.553,4.202,184.938,302.500,-0.063,0.242,0.051,2.027,0.160,-4.199,9.211,2.916,3.234,1.067,1.342,0,NULL,NULL,,3,0,2,7,255,1287,250,0,0
stim,151811,181932,0,181932,3379224.455,-0.699,0.097,0.041,-0.707,0,0,26,0,0,0,0,165,46,1.095,1,2205,0,362.973,5.763,195.875,305.563,3.750,0.387,0.063,2.105,-0.254,-5.758,9.371,2.860,3.178,1.067,1.342,0,NULL,NULL,,3,0,2,7,255,1287,250,0,0
stim,151811,181932,0,181932,3379229.455,-0.698,0.113,0.044,-0.706,0,0,24,0,0,0,0,169,46,1.095,1,2205,0,370.438,7.805,204.375,308.813,9.500,0.539,0.098,2.191,-0.504,-7.789,9.688,2.800,3.118,1.067,1.342,0,NULL,NULL,,3,0,2,7,255,1287,250,0,0
stim,151811,181932,0,181932,3379234.454,-0.696,0.129,0.047,-0.705,0,0,25,0,0,0,0,171,46,1.095,1,2205,0,376.761,10.010,210.250,312.125,17.938,0.684,0.113,2.281,-0.594,-9.992,9.996,2.730,3.050,1.067,1.342,0,NULL,NULL,,3,0,2,7,255,1287,250,0,0
stim,151811,181932,0,181932,3379239.455,-0.695,0.145,0.050,-0.703,0,0,28,0,0,0,0,171,46,1.095,1,2205,0,381.905,12.138,214.375,314.688,29.438,0.785,0.121,2.379,-0.883,-12.105,10.199,2.658,2.978,1.067,1.342,0,NULL,NULL,,3,0,2,7,255,1287,250,0,0
stim,151811,181932,0,181932,3379244.454,-0.694,0.161,0.053,-0.700,0,0,26,0,0,0,0,169,46,1.095,1,2205,0,384.363,13.905,214.563,316.375,40.063,0.848,0.125,2.477,-1.262,-13.848,10.516,2.582,2.902,1.067,1.342,0,NULL,NULL,,3,0,2,7,255,1287,250,0,0
stim,151811,181932,0,181932,3379249.455,-0.693,0.178,0.056,-0.697,0,0,27,0,0,0,0,179,46,1.095,1,2205,0,381.785,15.378,207.438,316.938,47.750,0.871,0.125,2.543,-1.727,-15.281,10.816,2.504,2.824,1.067,1.342,0,NULL,NULL,,3,0,2,7,255,1287,250,0,0
stim,151811,181932,0,181932,3379254.453,-0.692,0.193,0.059,-0.693,0,0,27,0,0,0,0,181,46,1.095,1,2205,0,373.786,16.394,197.688,311.625,59.375,0.859,0.117,2.598,-2.172,-16.250,10.891,2.422,2.742,1.067,1.342,0,NULL,NULL,,3,0,2,7,255,1287,250,0,0
stim,151811,181932,0,181932,3379259.455,-0.691,0.208,0.062,-0.690,0,0,27,0,0,0,0,203,46,1.095,1,2205,0,357.841,17.111,176.938,304.563,63.125,0.832,0.125,2.578,-2.664,-16.902,10.891,2.332,2.652,1.067,1.342,0,NULL,NULL,,3,0,2,7,255,1287,250,0,0
stim,151811,181932,0,181932,3379264.453,-0.690,0.222,0.066,-0.686,0,0,27,0,0,0,0,221,46,1.095,1,2205,0,337.015,17.345,154.063,293.125,62.625,0.828,0.109,2.484,-2.848,-17.109,10.398,2.240,2.560,1.067,1.342,0,NULL,NULL,,3,0,2,7,255,1287,250,0,0
stim,151811,181932,0,181932,3379269.455,-0.690,0.234,0.070,-0.682,0,0,25,0,0,0,0,239,46,1.095,1,2205,0,317.156,17.498,138.875,278.750,60.000,0.922,0.063,2.383,-3.070,-17.227,9.094,2.146,2.466,1.067,1.342,0,NULL,NULL,,3,0,2,7,255,1287,250,0,0
stim,151845,181966,0,181966,3379274.454,-0.689,0.246,0.073,-0.678,0,0,27,0,0,0,0,262,46,1.095,1,2205,0,298.878,18.395,129.438,263.188,57.500,1.066,-0.066,2.285,-3.441,-18.070,7.262,2.052,2.372,1.067,1.342,0,NULL,NULL,,3,0,2,7,255,1287,250,0,0
stim,151845,181966,0,181966,3379279.455,-0.688,0.257,0.077,-0.674,0,0,25,0,0,0,0,312,46,1.095,1,2205,0,281.791,19.808,120.938,247.750,58.313,1.195,-0.250,2.184,-4.520,-19.285,5.086,1.958,2.278,1.067,1.342,0,NULL,NULL,,3,0,2,7,255,1287,250,0,0
stim,151845,181966,0,181966,3379284.454,-0.688,0.268,0.080,-0.670,0,0,29,0,0,0,0,341,46,1.095,1,2205,0,265.608,21.120,112.938,232.500,61.125,1.277,-0.410,2.043,-6.078,-20.227,2.820,1.854,2.174,1.067,1.342,0,NULL,NULL,,3,0,2,7,255,1287,250,0,0
stim,151845,181966,0,181966,3379289.455,-0.687,0.278,0.082,-0.666,0,0,25,0,0,0,0,357,46,1.095,1,2205,0,251.254,21.510,110.750,216.313,63.813,1.324,-0.508,1.867,-7.266,-20.246,0.414,1.744,2.064,1.067,1.342,0,NULL,NULL,,3,0,2,7,255,1287,250,0,0
stim,151863,181984,0,181984,3379294.453,-0.687,0.287,0.084,-0.662,0,0,27,0,0,0,0,376,46,1.095,1,2205,0,239.520,21.686,116.063,199.688,63.438,1.367,-0.566,1.727,-7.770,-20.246,-1.922,1.628,1.948,1.067,1.342,0,NULL,NULL,,3,0,2,7,255,1287,250,0,0
stim,151863,181984,0,181984,3379299.455,-0.686,0.296,0.086,-0.659,0,0,28,0,0,0,0,395,46,1.095,1,2205,0,229.757,21.762,125.875,182.438,60.500,1.430,-0.633,1.656,-7.980,-20.246,-3.875,1.508,1.826,1.067,1.342,0,NULL,NULL,,3,0,2,7,255,1287,250,0,0
stim,151863,181984,0,181984,3379304.454,-0.685,0.305,0.086,-0.656,0,0,19,0,0,0,0,413,46,1.095,1,2205,0,219.966,21.813,133.625,164.688,58.375,1.527,-0.547,1.676,-7.980,-20.301,-5.340,1.382,1.700,1.067,1.342,0,NULL,NULL,,3,0,2,7,255,1287,250,0,0
stim,151863,181984,0,181984,3379309.455,-0.685,0.314,0.086,-0.652,0,0,23,0,6,0,0,434,46,1.095,1,2205,0,206.298,22.885,130.188,146.813,63.688,1.754,-0.688,1.813,-8.367,-21.301,-5.832,1.250,1.566,1.067,1.342,0,NULL,NULL,,3,0,2,7,255,1287,250,0,0
stim,151863,181984,0,181984,3379314.454,-0.685,0.320,0.086,-0.649,0,0,22,0,21,0,0,455,46,1.095,1,2205,0,175.870,25.525,90.813,130.500,75.188,1.840,-0.914,1.828,-8.871,-23.934,-6.711,1.112,1.426,1.067,1.342,0,NULL,NULL,,3,0,2,7,255,1287,250,0,0
stim,151863,181984,0,181984,3379319.455,-0.685,0.326,0.087,-0.645,0,0,19,0,25,0,0,477,46,1.095,1,2205,0,154.306,26.041,78.000,114.688,67.625,1.766,-0.965,1.422,-10.262,-23.934,-8.043,0.974,1.284,1.067,1.342,0,NULL,NULL,,3,0,2,7,255,1287,250,0,0
stim,151909,182030,0,182030,3379324.454,-0.684,0.333,0.086,-0.644,0,0,19,0,28,0,0,492,46,1.095,1,2205,0,150.939,24.403,110.688,98.438,29.000,1.902,-0.973,1.270,-10.262,-22.141,-11.227,0.840,1.142,1.067,1.342,0,NULL,NULL,,3,0,2,7,255,1287,250,0,0
stim,151909,182030,0,182030,3379329.455,-0.682,0.339,0.085,-0.643,0,0,23,0,50,0,0,501,46,1.095,1,2205,0,157.362,24.403,133.750,81.000,17.688,2.258,-1.148,1.359,-10.262,-22.141,-13.434,0.710,1.000,1.067,1.342,0,NULL,NULL,,3,0,2,7,255,1287,250,0,0
stim,151909,182030,0,182030,3379334.453,-0.681,0.345,0.082,-0.641,0,0,17,0,71,0,0,516,46,1.095,1,2205,0,154.152,27.693,136.625,62.500,34.500,2.359,-1.289,1.438,-11.027,-25.402,-15.531,0.584,0.860,1.067,1.342,0,NULL,NULL,,3,0,2,7,255,1287,250,0,0
stim,151909,182030,0,182030,3379339.455,-0.680,0.350,0.079,-0.640,0,0,17,0,81,0,0,522,46,1.095,1,2205,0,142.894,28.549,130.813,40.000,41.313,2.180,-1.250,1.551,-12.402,-25.715,-15.531,0.460,0.708,1.067,1.342,0,NULL,NULL,,3,0,2,7,255,1287,250,0,0
stim,151909,182030,0,182030,3379344.454,-0.679,0.354,0.076,-0.639,0,0,21,0,83,0,0,527,46,1.095,1,2205,0,130.139,29.406,123.313,15.750,38.500,2.180,-1.223,1.734,-12.664,-26.539,-14.543,0.366,0.560,1.067,1.342,0,NULL,NULL,,3,0,2,7,255,1287,250,0,0
stim,151909,182030,0,182030,3379349.455,-0.678,0.358,0.072,-0.638,0,0,20,0,82,0,0,529,46,1.095,1,2205,0,122.844,29.332,114.500,-7.063,43.938,1.996,-1.039,1.938,-12.664,-26.457,-13.320,0.334,0.448,1.067,1.342,0,NULL,NULL,,3,0,2,7,255,1287,250,0,0
stim,151909,182030,0,182030,3379354.454,-0.678,0.360,0.068,-0.638,0,0,20,0,77,0,0,533,46,1.095,1,2205,0,102.419,29.208,91.750,-30.188,34.063,1.691,-0.820,2.160,-12.375,-26.457,-10.273,0.350,0.388,1.067,1.342,0,NULL,NULL,,3,0,2,7,255,1287,250,0,0
stim,151909,182030,0,182030,3379359.457,-0.677,0.360,0.064,-0.639,0,0,22,0,47,0,0,495,46,1.095,1,2205,0,83.442,27.932,63.875,-53.688,-0.438,1.445,-0.645,2.332,-11.750,-25.340,-6.246,0.382,0.384,1.067,1.342,0,NULL,NULL,,3,0,2,7,255,1287,250,0,0
stim,151930,182051,0,182051,3379364.453,-0.677,0.358,0.062,-0.640,0,0,20,0,35,0,0,519,46,1.095,1,2205,0,75.785,26.896,5.750,-72.313,-21.938,1.387,-0.445,2.418,-11.293,-24.410,-2.965,0.394,0.406,1.067,1.342,0,NULL,NULL,,3,0,2,7,255,1287,250,0,0
stim,151930,182051,0,182051,3379369.455,-0.677,0.354,0.062,-0.642,0,0,16,0,17,0,0,523,46,1.095,1,2205,0,101.469,26.328,-49.625,-83.813,-28.438,1.328,-0.434,2.242,-9.961,-24.371,-1.875,0.398,0.426,1.067,1.342,0,NULL,NULL,,3,0,2,7,255,1287,250,0,0
stim,151930,182051,0,182051,3379374.455,-0.678,0.349,0.061,-0.644,0,0,17,84,7,0,0,597,46,1.095,1,2205,0,138.204,24.964,-92.000,-101.188,-19.938,0.953,-0.621,2.398,-9.961,-22.891,-1.121,0.404,0.442,1.067,1.342,0,NULL,NULL,,3,0,2,7,255,1287,250,0,0
stim,151930,182051,0,182051,3379379.455,-0.684,0.349,0.047,-0.640,509,0,8,891,0,66,0,615,46,1.095,1,2205,0,375.392,23.851,165.875,-208.750,264.250,-0.434,-0.242,4.477,-12.125,-20.539,0.855,0.408,0.456,1.067,1.342,0,NULL,NULL,,3,0,2,7,255,1287,250,0,0
stim,151965,182086,0,182086,3379384.454,-0.702,0.337,0.042,-0.626,1093,0,0,1397,0,308,0,643,46,1.095,1,2205,0,593.935,23.402,-277.813,-178.125,493.813,-1.336,2.734,4.727,-12.125,-20.016,25.012,0.402,0.466,1.067,1.342,0,NULL,NULL,,3,0,2,7,255,1287,250,0,0
stim,151965,182086,0,182086,3379389.455,-0.719,0.311,0.055,-0.619,1609,0,0,1799,0,525,0,696,46,1.095,1,2205,0,789.870,14.562,-741.938,-118.875,243.500,-1.711,2.953,1.168,6.258,-13.148,25.012,0.372,0.466,1.067,1.342,0,NULL,NULL,,3,0,2,7,255,1287,250,0,0
stim,151965,182086,0,182086,3379394.453,-0.730,0.290,0.065,-0.615,1979,0,0,1961,0,629,0,763,46,1.095,1,2205,0,594.013,17.929,-571.875,-123.188,103.125,-2.102,1.914,-0.902,14.844,10.055,17.535,0.332,0.462,1.067,1.342,0,NULL,NULL,,3,0,2,7,255,1287,250,0,0
stim,151965,182086,0,182086,3379399.455,-0.734,0.278,0.070,-0.616,2181,0,0,2077,0,809,0,841,47,1.095,1,2206,0,316.270,22.557,-298.000,-105.938,-0.500,-1.273,1.316,-1.023,14.844,16.984,-1.891,0.296,0.452,1.067,1.342,1,1251.000,-36.000,,3,0,2,7,255,1287,250,0,0
stim,151965,182086,0,182086,3379404.453,-0.735,0.272,0.068,-0.618,2324,0,0,2151,0,955,0,903,47,1.095,1,2206,0,146.524,20.444,-78.125,-121.438,-24.875,-0.133,0.980,0.535,11.379,16.984,-2.004,0.266,0.424,1.067,1.342,1,NULL,NULL,,3,0,2,7,255,1287,250,0,0
stim,151965,182086,0,182086,3379409.455,-0.738,0.265,0.067,-0.617,2421,0,0,2211,0,1109,0,965,47,1.095,1,2206,0,177.759,9.148,-115.375,-120.563,61.250,0.160,1.242,1.402,9.137,-0.453,-2.004,0.244,0.378,1.067,1.342,1,NULL,NULL,,3,0,2,7,255,1287,250,0,0
stim,152006,182127,0,182127,3379414.453,-0.744,0.256,0.067,-0.613,2571,0,0,2389,0,1223,0,1005,47,1.095,1,2206,0,262.524,9.293,-198.938,-123.875,118.313,-0.234,1.621,1.277,9.137,-1.699,4.766,0.234,0.316,1.067,1.342,1,NULL,NULL,,3,0,2,7,255,1287,250,0,0
stim,152006,182127,0,182127,3379419.455,-0.750,0.245,0.068,-0.611,2707,0,0,2555,0,1240,0,1043,47,1.095,1,2206,0,284.868,9.293,-240.688,-122.500,90.625,-0.996,0.691,0.992,9.137,-1.699,4.766,0.234,0.260,1.067,1.342,2,NULL,NULL,,3,0,2,7,255,1287,250,0,0
stim,152006,182127,0,182127,3379424.454,-0.756,0.232,0.070,-0.609,2797,0,0,2681,0,1243,0,1123,47,1.095,1,2206,0,339.683,5.721,-288.188,-155.813,89.750,-1.703,-1.078,0.461,2.387,5.199,4.387,0.234,0.222,1.067,1.342,2,NULL,NULL,,3,0,2,7,255,1287,250,0,0
stim,152006,182127,0,182127,3379429.455,-0.759,0.219,0.072,-0.609,2875,0,0,2793,0,1236,0,1227,47,1.095,1,2206,0,313.668,18.457,-268.750,-161.438,-9.938,-1.406,-1.273,-0.160,-15.023,10.723,-1.793,0.232,0.202,1.067,1.342,2,NULL,NULL,,3,0,2,7,255,1287,250,0,0
stim,152006,182127,0,182127,3379434.453,-0.758,0.210,0.070,-0.613,2933,0,0,2874,0,1221,0,1319,47,1.095,1,2206,0,213.688,18.457,-103.000,-171.438,-75.250,-0.473,-0.551,-0.262,-15.023,10.723,-8.754,0.230,0.194,1.067,1.342,2,NULL,NULL,,3,0,2,7,255,1287,250,0,0
stim,152006,182127,0,182127,3379439.455,-0.757,0.207,0.064,-0.617,2984,0,0,2953,0,1201,0,1381,47,1.095,1,2206,0,183.006,7.378,39.375,-165.938,-66.375,0.188,-0.285,0.859,-6.066,4.199,-8.754,0.232,0.190,1.067,1.342,2,NULL,NULL,,3,0,2,7,255,1287,250,0,0
stim,152006,182127,0,182127,3379444.453,-0.756,0.205,0.058,-0.619,3013,0,0,3000,0,1208,0,1417,47,1.095,1,2206,0,151.652,8.168,47.313,-140.750,-30.813,0.414,-0.590,1.914,-6.066,-5.469,-3.344,0.242,0.182,1.067,1.342,2,NULL,NULL,,3,0,2,7,255,1287,250,0,0
stim,152006,182127,0,182127,3379449.455,-0.757,0.199,0.055,-0.620,3035,0,0,3049,0,1234,0,1430,47,1.095,1,2206,0,150.746,13.870,-71.125,-132.750,6.563,0.496,-0.871,2.156,-7.301,-11.793,4.781,0.256,0.172,1.067,1.342,2,NULL,NULL,,3,0,2,7,255,1287,250,0,0
stim,152028,182149,0,182149,3379454.453,-0.761,0.190,0.056,-0.618,3049,0,0,3077,0,1287,0,1435,47,1.095,1,2206,0,232.163,14.745,-185.250,-121.813,68.875,0.426,-0.859,1.363,-8.852,-11.793,4.781,0.272,0.160,1.067,1.342,2,NULL,NULL,,3,0,2,7,255,1287,250,0,0
stim,152028,182149,0,182149,3379459.455,-0.766,0.181,0.056,-0.614,3067,0,0,3110,0,1378,0,1447,47,1.095,1,2206,0,253.899,13.431,-185.625,-118.813,126.063,-0.031,-0.801,0.500,-8.852,-10.102,-0.359,0.290,0.150,1.067,1.342,2,NULL,NULL,,3,0,2,7,255,1287,250,0,0
stim,152028,182149,0,182149,3379464.454,-0.771,0.174,0.054,-0.610,3087,0,0,3123,0,1457,0,1469,47,1.095,1,2206,0,212.450,9.027,-109.438,-125.438,132.000,-0.566,-0.711,0.344,-8.531,-2.949,-6.207,0.308,0.140,1.067,1.342,2,NULL,NULL,,3,0,2,7,255,1287,250,0,0
stim,152028,182149,0,182149,3379469.455,-0.774,0.170,0.050,-0.608,3097,0,0,3135,0,1520,0,1529,47,1.095,1,2206,0,161.017,8.621,-36.000,-129.438,88.750,-0.676,-0.395,0.668,-8.246,2.516,-6.207,0.326,0.128,1.067,1.342,2,NULL,NULL,,3,0,2,7,255,1287,250,0,0
stim,152028,182149,0,182149,3379474.454,-0.776,0.166,0.045,-0.607,3095,0,0,3161,0,1643,0,1576,47,1.095,1,2206,0,137.846,6.647,-8.500,-130.875,42.438,-0.441,0.074,1.117,-6.152,2.516,-2.430,0.342,0.110,1.067,1.342,2,NULL,NULL,,3,0,2,7,255,1287,250,0,0
stim,152028,182149,0,182149,3379479.455,-0.777,0.162,0.042,-0.607,3111,0,0,3163,0,1752,0,1654,47,1.095,1,2206,0,127.542,1.798,-27.250,-123.188,18.688,-0.160,0.262,1.430,-1.629,0.762,1.840,0.358,0.090,1.067,1.342,2,NULL,NULL,,3,0,2,7,255,1287,250,0,0
stim,152051,182172,0,182172,3379484.453,-0.778,0.156,0.040,-0.607,3117,0,0,3172,0,1847,0,1707,47,1.095,1,2206,0,138.808,2.215,-76.188,-114.250,20.250,-0.016,0.125,1.379,-0.266,-2.199,3.313,0.370,0.072,1.067,1.342,2,NULL,NULL,,3,0,2,7,255,1287,250,0,0
stim,152051,182172,0,182172,3379489.455,-0.780,0.150,0.039,-0.607,3127,0,0,3176,61,1915,0,1757,47,1.095,1,2206,0,151.475,2.681,-103.688,-106.750,28.250,-0.055,-0.105,1.074,-0.266,-2.668,3.313,0.380,0.062,1.067,1.342,2,NULL,NULL,,3,0,2,7,255,1287,250,0,0
stim,152051,182172,0,182172,3379494.453,-0.781,0.144,0.037,-0.606,3127,0,0,3181,119,2007,2,1785,47,1.095,1,2206,0,139.844,3.453,-92.125,-102.750,22.625,-0.156,-0.285,0.836,-2.191,-2.668,0.234,0.384,0.058,1.067,1.342,2,NULL,NULL,,3,0,2,7,255,1287,250,0,0
stim,152051,182172,0,182172,3379499.455,-0.782,0.140,0.035,-0.606,3119,0,0,3177,220,2075,36,1811,47,1.095,1,2206,0,117.065,4.088,-58.500,-100.438,13.938,-0.090,-0.285,0.793,-3.645,-1.852,-2.008,0.388,0.058,1.067,1.342,2,NULL,NULL,,3,0,2,7,255,1287,250,0,0
stim,152077,182198,0,182198,3379504.454,-0.783,0.136,0.033,-0.606,3124,0,0,3179,347,2135,51,1846,47,1.095,1,2206,0,106.918,4.088,-38.063,-98.313,17.813,-0.047,-0.129,0.984,-3.645,-1.852,-2.008,0.396,0.054,1.067,1.342,2,NULL,NULL,,3,0,2,7,255,1287,250,0,0
stim,152077,182198,0,182198,3379509.455,-0.784,0.132,0.031,-0.606,3133,0,0,3179,559,2218,96,1963,47,1.095,1,2206,0,107.143,2.899,-41.500,-96.313,21.938,-0.102,0.047,1.070,-2.230,-1.852,-0.566,0.404,0.048,1.067,1.342,2,NULL,NULL,,3,0,2,7,255,1287,250,0,0
stim,152077,182198,0,182198,3379514.454,-0.785,0.128,0.028,-0.605,3131,0,0,3180,721,2254,183,2037,47,1.095,1,2206,0,96.620,2.299,-37.313,-87.500,16.938,-0.047,0.148,1.297,-0.754,-2.172,0.629,0.410,0.044,1.067,1.342,2,NULL,NULL,,3,0,2,7,255,1287,250,0,0
stim,152077,182198,0,182198,3379519.455,-0.785,0.126,0.027,-0.606,3132,0,0,3184,889,2297,153,2105,47,1.095,1,2206,0,56.321,2.177,-24.875,-47.563,-17.063,0.090,0.246,1.551,0.156,-2.172,2.828,0.416,0.042,1.067,1.342,2,NULL,NULL,,3,0,2,7,255,1287,250,0,0
stim,152113,182234,0,182234,3379524.454,-0.784,0.123,0.027,-0.607,3142,0,0,3178,1016,2335,151,2154,47,1.095,1,2206,0,59.641,3.897,-33.563,-35.938,-33.750,0.344,0.730,1.109,1.262,-3.688,2.828,0.424,0.038,1.067,1.342,2,NULL,NULL,,3,0,2,7,255,1287,250,0,0
stim,152113,182234,0,182234,3379529.455,-0.784,0.122,0.026,-0.609,3131,0,0,3181,1103,2359,163,2187,47,1.095,1,2206,0,45.210,7.771,-5.125,-32.625,-30.875,0.293,0.789,1.254,6.840,-3.688,2.617,0.430,0.034,1.067,1.342,2,NULL,NULL,,3,0,2,7,255,1287,250,0,0
stim,152113,182234,0,182234,3379534.453,-0.783,0.120,0.027,-0.609,3143,0,0,3181,1182,2379,147,2220,47,1.095,1,2206,0,52.808,7.747,-46.375,-17.063,-18.625,-0.133,0.172,1.543,6.840,-3.637,2.617,0.438,0.030,1.067,1.342,2,NULL,NULL,,3,0,2,7,255,1287,250,0,0
stim,152113,182234,0,182234,3379539.455,-0.783,0.116,0.029,-0.611,3135,0,0,3189,1255,2394,152,2267,47,1.095,1,2206,0,113.402,1.677,-102.000,-14.750,-47.313,-0.352,0.137,1.117,0.055,-1.676,2.617,0.444,0.028,1.067,1.342,2,NULL,NULL,,3,0,2,7,255,1287,250,0,0
stim,152113,182234,0,182234,3379544.454,-0.781,0.113,0.031,-0.614,3131,0,0,3183,1318,2407,157,2282,47,1.095,1,2206,0,113.725,0.329,-74.938,-11.625,-84.750,-0.141,0.254,0.723,0.055,0.324,1.664,0.448,0.026,1.067,1.342,2,NULL,NULL,,3,0,2,7,255,1287,250,0,0
stim,152113,182234,0,182234,3379549.455,-0.779,0.112,0.032,-0.617,3143,7,0,3187,1387,2422,167,2315,47,1.095,1,2206,0,90.432,0.570,-29.688,-11.625,-84.625,0.145,0.078,0.898,0.469,0.324,-1.410,0.452,0.026,1.067,1.342,2,NULL,NULL,,3,0,2,7,255,1287,250,0,0
stim,152113,182234,0,182234,3379554.454,-0.778,0.111,0.032,-0.618,3140,33,0,3195,1447,2431,169,2331,47,1.095,1,2206,0,55.105,3.083,-30.188,-8.813,-45.250,0.219,-0.012,1.117,0.469,-3.047,-1.410,0.456,0.022,1.067,1.342,2,NULL,NULL,,3,0,2,7,255,1287,250,0,0
stim,152113,182234,0,182234,3379559.455,-0.778,0.108,0.034,-0.619,3141,42,0,3193,1506,2456,166,2351,47,1.095,1,2206,0,54.691,3.047,-52.063,-5.875,-15.688,-0.027,0.070,1.074,-0.043,-3.047,0.484,0.462,0.018,1.067,1.342,2,NULL,NULL,,3,0,2,7,255,1287,250,0,0
stim,152113,182234,0,182234,3379564.453,-0.777,0.107,0.035,-0.619,3145,61,0,3207,1563,2456,151,2366,47,1.095,1,2206,0,58.872,1.817,-53.250,-2.313,-25.000,-0.199,0.113,0.941,-0.043,-1.816,0.484,0.466,0.012,1.067,1.342,2,NULL,NULL,,3,0,2,7,255,1287,250,0,0
stim,152113,182234,0,182234,3379569.455,-0.776,0.105,0.036,-0.621,3147,70,0,3211,1594,2472,150,2383,47,1.095,1,2206,0,56.827,0.358,-34.000,-1.750,-45.500,-0.145,0.105,0.930,0.102,-0.344,-0.313,0.470,0.006,1.067,1.342,2,NULL,NULL,,3,0,2,7,255,1287,250,0,0
stim,152142,182263,0,182263,3379574.454,-0.775,0.104,0.036,-0.622,3145,77,0,3199,1627,2479,136,2395,47,1.095,1,2206,0,49.690,0.393,-21.563,-1.250,-44.750,-0.023,0.082,1.023,0.191,-0.344,-0.313,0.474,0.000,1.067,1.342,2,NULL,NULL,,3,0,2,7,255,1287,250,0,0
stim,152142,182263,0,182263,3379579.455,-0.774,0.103,0.037,-0.623,3151,93,3,3206,1651,2488,135,2415,47,1.095,1,2206,0,39.191,1.706,-24.375,-0.313,-30.688,-0.035,0.055,1.070,0.191,-1.695,0.125,0.000,0.000,1.067,1.342,2,NULL,NULL,,3,0,2,7,255,1287,250,0,0
stim,152142,182263,0,182263,3379584.454,-0.774,0.102,0.038,-0.624,3157,121,4,3211,1682,2492,136,2421,47,1.095,1,2206,0,37.497,1.697,-31.438,0.188,-20.438,-0.113,-0.016,1.016,-0.078,-1.695,0.125,0.000,0.000,1.067,1.342,2,NULL,NULL,,3,0,2,7,255,1287,250,0,0
stim,152142,182263,0,182263,3379589.455,-0.773,0.101,0.039,-0.625,3146,119,13,3207,1704,2505,122,2431,47,1.095,1,2206,0,35.338,1.303,-28.375,0.000,-21.063,-0.168,-0.059,0.930,-0.840,-0.996,0.121,0.000,0.000,1.067,1.342,2,NULL,NULL,,3,0,2,7,255,1287,250,0,0
stim,152163,182284,0,182284,3379594.454,-0.773,0.100,0.040,-0.625,3143,122,25,3219,1725,2507,119,2441,47,1.095,1,2206,0,30.229,1.420,-18.250,-1.313,-24.063,-0.156,-0.074,0.922,-1.320,-0.523,-0.629,0.000,0.000,1.067,1.342,2,NULL,NULL,,3,0,2,7,255,1287,250,0,0
stim,152163,182284,0,182284,3379599.455,-0.772,0.099,0.040,-0.626,3147,137,43,3219,1749,2518,119,2455,47,1.095,1,2206,0,24.109,1.420,-11.563,-2.563,-21.000,-0.129,-0.055,0.969,-1.320,-0.523,-0.629,0.000,0.000,1.067,1.342,2,NULL,NULL,,3,0,2,7,255,1287,250,0,0
stim,152163,182284,0,182284,3379604.453,-0.772,0.099,0.040,-0.627,3141,150,61,3208,1765,2521,120,2459,47,1.095,1,2206,0,18.689,1.390,-11.438,-3.438,-14.375,-0.141,-0.039,1.004,-1.176,-0.742,-0.309,0.000,0.000,1.067,1.342,2,NULL,NULL,,3,0,2,7,255,1287,250,0,0
stim,152163,182284,0,182284,3379609.455,-0.772,0.098,0.041,-0.627,3144,145,87,3212,1769,2517,119,2461,47,1.095,1,2206,0,17.842,1.319,-13.813,-4.313,-10.438,-0.176,-0.035,0.996,-1.090,-0.742,0.039,0.000,0.000,1.067,1.342,2,NULL,NULL,,3,0,2,7,255,1287,250,0,0
stim,152163,182284,0,182284,3379614.453,-0.772,0.097,0.041,-0.627,3142,150,99,3207,1789,2523,125,2470,47,1.082,1,2206,1,18.083,1.158,-13.250,-5.125,-11.188,-0.188,-0.039,0.973,-1.090,-0.391,0.039,0.000,0.000,1.044,1.368,2,NULL,NULL,,3,0,2,7,255,1287,250,0,0
stim,152163,182284,0,182284,3379619.455,-0.771,0.096,0.041,-0.628,3135,147,107,3195,1807,2531,136,2473,47,1.082,1,2206,1,17.397,1.146,-9.875,-5.875,-13.063,-0.172,-0.035,0.965,-1.090,-0.355,-0.148,0.006,0.004,1.044,1.368,2,NULL,NULL,,3,0,2,7,255,1287,250,0,0
stim,152208,182329,0,182329,3379624.454,-0.771,0.096,0.041,-0.628,3135,152,148,3203,1827,2533,139,2486,47,1.082,1,2206,1,15.780,1.083,-5.938,-6.313,-13.188,-0.148,-0.020,0.973,-1.023,-0.355,-0.223,0.012,0.010,1.044,1.368,2,NULL,NULL,,3,0,2,7,255,1287,250,0,0
stim,152208,182329,0,182329,3379629.455,-0.771,0.095,0.041,-0.629,3125,148,147,3195,1833,2518,141,2490,47,1.082,1,2206,1,13.846,0.984,-4.875,-6.750,-11.063,-0.137,0.008,0.996,-0.813,-0.555,-0.223,0.016,0.014,1.044,1.368,2,NULL,NULL,,3,0,2,7,255,1287,250,0,0
stim,152208,182329,0,182329,3379634.454,-0.770,0.095,0.041,-0.629,3129,140,149,3187,1836,2519,141,2493,47,1.082,1,2206,1,12.182,0.806,-4.625,-6.438,-9.250,-0.137,0.016,0.988,-0.527,-0.609,-0.059,0.020,0.018,1.044,1.368,2,NULL,NULL,,3,0,2,7,255,1287,250,0,0
stim,152208,182329,0,182329,3379639.455,-0.770,0.095,0.041,-0.629,3131,141,147,3182,1846,2523,137,2493,47,1.082,1,2206,1,11.377,0.769,-2.938,-6.813,-8.625,-0.137,0.051,0.984,-0.469,-0.609,-0.059,0.024,0.022,1.044,1.368,2,NULL,NULL,,3,0,2,7,255,1287,250,0,0
stim,152208,182329,0,182329,3379644.454,-0.770,0.094,0.041,-0.630,3117,141,151,3175,1863,2521,137,2500,47,1.082,1,2206,1,10.602,0.553,-1.125,-6.563,-8.250,-0.137,0.063,0.996,-0.141,-0.535,-0.059,0.028,0.024,1.044,1.368,2,NULL,NULL,,3,0,2,7,255,1287,250,0,0
stim,152208,182329,0,182329,3379649.455,-0.770,0.094,0.040,-0.630,3111,141,151,3183,1867,2511,125,2493,47,1.082,1,2206,1,11.094,0.535,0.063,-6.125,-9.250,-0.148,0.082,1.004,-0.004,-0.535,0.051,0.030,0.026,1.044,1.368,2,NULL,NULL,,3,0,2,7,255,1287,250,0,0
stim,152208,182329,0,182329,3379654.453,-0.770,0.094,0.040,-0.630,3111,136,165,3165,1868,2523,120,2495,47,1.082,1,2206,1,12.720,0.473,0.188,-5.813,-11.313,-0.137,0.117,1.023,0.137,-0.453,0.160,0.032,0.026,1.044,1.368,2,NULL,NULL,,3,0,2,7,255,1287,250,0,0
stim,152208,182329,0,182329,3379659.457,-0.769,0.094,0.040,-0.631,3100,135,185,3157,1869,2509,109,2484,47,1.082,1,2206,1,12.591,0.669,-2.813,-5.688,-10.875,-0.121,0.121,1.039,0.492,-0.453,0.359,0.034,0.028,1.044,1.368,2,NULL,NULL,,3,0,2,7,255,1287,250,0,0
stim,152231,182352,0,182352,3379664.453,-0.769,0.093,0.040,-0.631,3097,134,203,3155,1881,2509,109,2505,47,1.082,1,2206,1,11.870,0.716,-5.813,-5.625,-8.688,-0.133,0.117,1.023,0.531,-0.480,0.359,0.034,0.028,1.044,1.368,2,NULL,NULL,,3,0,2,7,255,1287,250,0,0
stim,152231,182352,0,182352,3379669.455,-0.769,0.093,0.040,-0.631,3103,136,227,3144,1895,2513,105,2505,47,1.082,1,2206,1,12.013,0.758,-5.500,-5.750,-9.000,-0.156,0.145,1.004,0.586,-0.480,0.332,0.036,0.026,1.044,1.368,2,NULL,NULL,,3,0,2,7,255,1287,250,0,0
stim,152231,182352,0,182352,3379674.454,-0.769,0.093,0.040,-0.632,3095,139,250,3147,1903,2507,104,2507,47,1.082,1,2206,1,13.788,0.772,-4.188,-5.875,-11.750,-0.152,0.164,1.020,0.750,-0.184,0.332,0.036,0.024,1.044,1.368,2,NULL,NULL,,3,0,2,7,255,1287,250,0,0
stim,152231,182352,0,182352,3379679.455,-0.768,0.092,0.039,-0.632,3068,139,283,3127,1918,2514,103,2507,47,1.082,1,2206,1,15.007,0.948,-5.875,-6.000,-12.438,-0.133,0.160,1.031,0.930,-0.184,0.352,0.034,0.022,1.044,1.368,2,NULL,NULL,,3,0,2,7,255,1287,250,0,0
stim,152257,182378,0,182378,3379684.454,-0.768,0.092,0.039,-0.632,3077,143,302,3120,1945,2507,103,2519,47,1.082,1,2206,1,15.060,0.987,-9.563,-6.250,-9.813,-0.141,0.148,1.020,0.930,-0.332,0.352,0.032,0.018,1.044,1.368,2,NULL,NULL,,3,0,2,7,255,1287,250,0,0
stim,152257,182378,0,182378,3379689.455,-0.768,0.091,0.040,-0.633,3066,145,328,3109,1971,2513,105,2529,47,1.082,1,2206,1,15.929,0.885,-11.375,-6.750,-8.875,-0.164,0.141,1.000,0.820,-0.332,0.332,0.032,0.014,1.044,1.368,2,NULL,NULL,,3,0,2,7,255,1287,250,0,0
stim,152257,182378,0,182378,3379694.453,-0.768,0.091,0.040,-0.633,3044,148,349,3103,2002,2515,111,2531,47,1.082,1,2206,1,16.759,0.718,-10.313,-7.125,-11.125,-0.160,0.141,0.992,0.711,-0.102,0.176,0.030,0.010,1.044,1.368,2,NULL,NULL,,3,0,2,7,255,1287,250,0,0
stim,152257,182378,0,182378,3379699.455,-0.767,0.090,0.039,-0.634,3047,159,408,3093,2021,2507,121,2537,47,1.082,1,2206,1,16.633,0.707,-9.563,-7.375,-11.438,-0.129,0.133,1.000,0.699,-0.102,0.121,0.030,0.008,1.044,1.368,2,NULL,NULL,,3,0,2,7,255,1287,250,0,0
stim,152257,182378,0,182378,3379704.454,-0.767,0.090,0.039,-0.634,3021,173,437,3087,2040,2517,149,2542,47,1.082,1,2206,1,15.557,0.805,-10.313,-7.688,-8.750,-0.129,0.121,1.004,0.699,-0.398,0.121,0.030,0.010,1.044,1.368,2,NULL,NULL,,3,0,2,7,255,1287,250,0,0
stim,152257,182378,0,182378,3379709.455,-0.767,0.089,0.039,-0.634,3006,187,507,3077,2059,2519,172,2553,47,1.082,1,2206,1,15.575,0.744,-11.188,-8.375,-6.875,-0.152,0.129,1.000,0.629,-0.398,0.160,0.032,0.014,1.044,1.368,2,NULL,NULL,,3,0,2,7,255,1287,250,0,0
stim,152309,182430,0,182430,3379714.454,-0.767,0.089,0.039,-0.634,2999,185,615,3069,2100,2506,201,2577,47,1.082,1,2206,1,16.701,0.650,-11.625,-8.063,-8.875,-0.168,0.133,1.000,0.629,-0.164,0.160,0.034,0.018,1.044,1.368,2,NULL,NULL,,3,0,2,7,255,1287,250,0,0
stim,152309,182430,0,182430,3379719.455,-0.767,0.088,0.039,-0.635,2987,214,663,3060,2130,2507,235,2581,47,1.082,1,2206,1,19.496,0.629,-12.875,-8.563,-11.875,-0.180,0.098,0.992,0.629,0.012,0.160,0.036,0.022,1.044,1.368,2,NULL,NULL,,3,0,2,7,255,1287,250,0,0
stim,152309,182430,0,182430,3379724.454,-0.766,0.087,0.040,-0.635,2967,235,724,3043,2186,2520,280,2592,47,1.082,1,2206,1,21.445,0.313,-12.813,-9.438,-14.375,-0.172,0.059,0.977,0.313,0.012,0.090,0.038,0.026,1.044,1.368,2,NULL,NULL,,3,0,2,7,255,1287,250,0,0
stim,152309,182430,0,182430,3379729.455,-0.766,0.087,0.040,-0.636,2953,251,779,3045,2235,2515,299,2613,47,1.082,1,2206,1,22.731,0.034,-12.188,-9.688,-16.563,-0.164,0.059,0.965,-0.020,-0.027,-0.074,0.040,0.028,1.044,1.368,2,NULL,NULL,,3,0,2,7,255,1287,250,0,0
stim,152329,182450,0,182450,3379734.453,-0.766,0.086,0.040,-0.636,2943,251,849,3031,2275,2523,347,2621,47,1.082,1,2206,1,24.043,0.069,-11.125,-10.250,-18.688,-0.164,0.035,0.969,-0.020,-0.066,-0.188,0.042,0.028,1.044,1.368,2,NULL,NULL,,3,0,2,7,255,1287,250,0,0
stim,152329,182450,0,182450,3379739.455,-0.765,0.085,0.040,-0.637,2927,267,927,3014,2303,2513,377,2642,47,1.082,1,2206,1,26.680,0.231,-11.625,-10.313,-21.688,-0.160,0.000,0.969,-0.207,-0.102,-0.191,0.042,0.028,1.044,1.368,2,NULL,NULL,,3,0,2,7,255,1287,250,0,0
stim,152329,182450,0,182450,3379744.453,-0.764,0.084,0.040,-0.638,2903,263,1003,3001,2333,2522,453,2649,47,1.082,1,2206,1,28.515,0.574,-12.625,-10.500,-23.313,-0.145,-0.027,0.957,-0.527,-0.227,-0.191,0.042,0.028,1.044,1.368,2,NULL,NULL,,3,0,2,7,255,1287,250,0,0
stim,152329,182450,0,182450,3379749.455,-0.764,0.083,0.040,-0.639,2893,270,1135,3000,2371,2523,493,2666,47,1.082,1,2206,1,28.737,0.856,-12.875,-11.063,-23.188,-0.145,-0.039,0.949,-0.770,-0.375,-0.340,0.042,0.026,1.044,1.368,2,NULL,NULL,,3,0,2,7,255,1287,250,0,0
stim,152329,182450,0,182450,3379754.454,-0.763,0.082,0.040,-0.640,2869,276,1203,2973,2394,2525,549,2669,47,1.082,1,2206,1,27.983,0.906,-12.063,-11.938,-22.250,-0.148,-0.035,0.945,-0.824,-0.375,-0.438,0.042,0.026,1.044,1.368,2,NULL,NULL,,3,0,2,7,255,1287,250,0,0
stim,152329,182450,0,182450,3379759.455,-0.763,0.082,0.040,-0.640,2853,281,1276,2973,2427,2525,665,2687,47,1.082,1,2206,1,27.737,0.883,-10.438,-12.750,-22.313,-0.152,-0.016,0.953,-0.824,-0.316,-0.438,0.042,0.026,1.044,1.368,2,NULL,NULL,,3,0,2,7,255,1287,250,0,0
stim,152329,182450,0,182450,3379764.454,-0.762,0.081,0.040,-0.641,2828,295,1374,2955,2452,2536,775,2697,47,1.082,1,2206,1,28.303,0.663,-9.563,-14.063,-22.625,-0.156,0.016,0.969,-0.617,-0.242,-0.387,0.044,0.026,1.044,1.368,2,NULL,NULL,,3,0,2,7,255,1287,250,0,0
stim,152329,182450,0,182450,3379769.455,-0.762,0.080,0.040,-0.642,2821,323,1496,2933,2489,2532,879,2719,47,1.082,1,2206,1,29.122,0.355,-10.313,-15.438,-22.438,-0.164,0.047,0.988,-0.324,-0.145,-0.199,0.044,0.026,1.044,1.368,2,NULL,NULL,,3,0,2,7,255,1287,250,0,0
stim,152329,182450,0,182450,3379774.454,-0.761,0.079,0.039,-0.643,2787,336,1599,2921,2525,2535,985,2725,47,1.082,1,2206,1,30.988,0.053,-11.563,-16.563,-23.500,-0.172,0.074,1.004,-0.031,-0.043,0.020,0.046,0.026,1.044,1.368,2,NULL,NULL,,3,0,2,7,255,1287,250,0,0
stim,152329,182450,0,182450,3379779.455,-0.760,0.078,0.039,-0.643,2760,343,1688,2893,2540,2537,1069,2696,47,1.082,1,2206,1,33.207,0.225,-11.688,-17.500,-25.688,-0.160,0.086,1.004,0.223,-0.035,0.172,0.046,0.026,1.044,1.368,2,NULL,NULL,,3,0,2,7,255,1287,250,0,0
stim,152355,182476,0,182476,3379784.453,-0.760,0.077,0.039,-0.644,2733,363,1770,2875,2586,2543,1177,2750,47,1.082,1,2206,1,35.705,0.377,-12.125,-18.063,-28.313,-0.148,0.094,1.023,0.375,-0.035,0.188,0.048,0.028,1.044,1.368,2,NULL,NULL,,3,0,2,7,255,1287,250,0,0
stim,152355,182476,0,182476,3379789.455,-0.759,0.076,0.039,-0.645,2701,384,1865,2857,2613,2553,1289,2767,47,1.082,1,2206,1,37.656,0.505,-14.188,-18.313,-29.688,-0.117,0.105,1.031,0.488,-0.129,0.332,0.050,0.028,1.044,1.368,2,NULL,NULL,,3,0,2,7,255,1287,250,0,0
stim,152355,182476,0,182476,3379794.454,-0.758,0.075,0.039,-0.646,2667,381,1935,2839,2635,2553,1373,2775,47,1.082,1,2206,1,39.070,0.638,-16.688,-17.500,-30.688,-0.098,0.055,1.012,0.488,-0.410,0.332,0.052,0.028,1.044,1.368,2,NULL,NULL,,3,0,2,7,255,1287,250,0,0
stim,152355,182476,0,182476,3379799.455,-0.758,0.074,0.039,-0.647,2622,405,1981,2821,2655,2556,1469,2789,47,1.082,1,2206,1,36.781,0.673,-17.875,-17.250,-27.125,-0.074,-0.012,0.984,0.207,-0.641,0.141,0.054,0.028,1.044,1.368,2,NULL,NULL,,3,0,2,7,255,1287,250,0,0
stim,152373,182494,0,182494,3379804.454,-0.757,0.073,0.038,-0.648,2582,415,2073,2805,2671,2559,1581,2808,47,1.082,1,2206,1,32.539,0.744,-15.750,-17.688,-22.313,-0.102,-0.043,0.961,-0.379,-0.641,-0.191,0.056,0.028,1.044,1.368,2,NULL,NULL,,3,0,2,7,255,1287,250,0,0
stim,152373,182494,0,182494,3379809.455,-0.757,0.072,0.038,-0.649,2540,437,2167,2781,2699,2571,1687,2824,47,1.082,1,2206,1,30.225,0.798,-11.500,-17.938,-21.438,-0.129,-0.020,0.965,-0.496,-0.625,-0.301,0.058,0.028,1.044,1.368,2,NULL,NULL,,3,0,2,7,255,1287,250,0,0
stim,152373,182494,0,182494,3379814.453,-0.756,0.071,0.038,-0.650,2485,445,2237,2757,2714,2575,1759,2823,47,1.082,1,2206,1,30.186,0.584,-8.625,-19.000,-21.813,-0.145,0.031,0.988,-0.496,-0.309,-0.301,0.060,0.028,1.044,1.368,2,NULL,NULL,,3,0,2,7,255,1287,250,0,0
stim,152373,182494,0,182494,3379819.455,-0.755,0.070,0.038,-0.650,2431,469,2301,2729,2743,2577,1850,2837,47,1.082,1,2206,1,32.774,0.131,-8.688,-19.250,-25.063,-0.141,0.055,1.020,-0.051,-0.121,-0.035,0.062,0.028,1.044,1.368,2,NULL,NULL,,3,0,2,7,255,1287,250,0,0
stim,152412,182533,0,182533,3379824.454,-0.755,0.069,0.037,-0.651,2380,473,2360,2688,2761,2574,1945,2855,47,1.082,1,2206,1,35.127,0.121,-12.313,-19.063,-26.813,-0.121,0.031,1.039,0.008,-0.121,0.293,0.064,0.028,1.044,1.368,2,NULL,NULL,,3,0,2,7,255,1287,250,0,0
stim,152412,182533,0,182533,3379829.455,-0.754,0.068,0.037,-0.652,2309,477,2403,2659,2773,2575,2019,2855,47,1.082,1,2206,1,37.764,0.359,-17.938,-19.375,-27.000,-0.121,0.012,1.039,0.008,-0.359,0.426,0.066,0.028,1.044,1.368,2,NULL,NULL,,3,0,2,7,255,1287,250,0,0
stim,152412,182533,0,182533,3379834.454,-0.753,0.066,0.037,-0.653,2237,478,2457,2627,2783,2573,2077,2868,47,1.082,1,2206,1,41.340,0.395,-23.438,-19.563,-27.875,-0.117,0.004,1.027,-0.164,-0.359,0.426,0.068,0.030,1.044,1.368,2,NULL,NULL,,3,0,2,7,255,1287,250,0,0
stim,152412,182533,0,182533,3379839.455,-0.753,0.064,0.037,-0.654,2160,477,2502,2584,2796,2573,2140,2878,47,1.082,1,2206,1,45.852,0.419,-29.250,-19.688,-29.313,-0.125,-0.016,1.031,-0.215,-0.359,0.355,0.068,0.030,1.044,1.368,2,NULL,NULL,,3,0,2,7,255,1287,250,0,0
stim,152412,182533,0,182533,3379844.453,-0.752,0.063,0.038,-0.655,2075,472,2543,2519,2823,2577,2195,2890,47,1.082,1,2206,1,51.029,0.484,-35.125,-19.938,-31.188,-0.133,-0.035,1.023,-0.363,-0.320,0.328,0.070,0.030,1.044,1.368,2,NULL,NULL,,3,0,2,7,255,1287,250,0,0
stim,152412,182533,1,182533,3379849.455,-0.751,0.061,0.038,-0.656,1997,471,2569,2479,2841,2583,2238,2897,47,1.082,1,2206,1,52.123,0.484,-34.438,-19.688,-33.813,-0.094,-0.008,0.957,-0.363,-0.320,0.281,0.072,0.030,1.044,1.368,2,NULL,NULL,,3,1,2,7,255,1287,250,0,0
stim,152412,182533,1,182533,3379854.453,-0.750,0.059,0.038,-0.657,1931,459,2604,2423,2847,2573,2296,2908,47,1.082,1,2206,1,43.738,0.528,-24.375,-20.000,-30.313,-0.055,-0.016,0.930,-0.227,-0.477,-0.398,0.074,0.030,1.044,1.368,2,NULL,NULL,,3,1,2,7,255,1287,250,0,0
stim,152412,182533,1,182533,3379859.455,-0.750,0.058,0.038,-0.658,1832,437,2619,2351,2855,2571,2335,2905,47,1.082,1,2206,1,34.589,0.821,-16.063,-20.375,-22.875,-0.063,-0.055,0.973,-0.227,-0.789,-0.398,0.076,0.032,1.044,1.368,2,NULL,NULL,,3,1,2,7,255,1287,250,0,0
stim,152412,182533,1,182533,3379864.453,-0.749,0.057,0.038,-0.659,1704,426,2649,2278,2863,2569,2379,2914,47,1.082,1,2206,1,30.657,0.985,-14.188,-20.250,-18.125,-0.098,-0.055,1.035,-0.590,-0.789,-0.293,0.076,0.032,1.044,1.368,2,NULL,NULL,,3,1,2,7,255,1287,250,0,0
stim,152412,182533,1,182533,3379869.455,-0.749,0.055,0.038,-0.659,1595,415,2676,2203,2873,2567,2412,2919,47,1.082,1,2206,1,36.167,0.789,-21.563,-20.375,-20.688,-0.129,-0.016,1.066,-0.590,-0.523,0.363,0.078,0.034,1.044,1.368,2,NULL,NULL,,3,1,2,7,255,1287,250,0,0
stim,152443,182564,1,182564,3379874.454,-0.748,0.054,0.038,-0.660,1423,377,2710,2095,2885,2575,2456,2923,47,1.082,1,2206,1,40.241,0.320,-25.250,-20.438,-23.750,-0.109,0.043,1.020,-0.227,-0.227,0.363,0.078,0.034,1.044,1.368,2,NULL,NULL,,3,1,2,7,255,1287,250,0,0
stim,152443,182564,1,182564,3379879.455,-0.748,0.053,0.038,-0.661,1279,343,2740,1977,2900,2555,2485,2933,47,1.082,1,2206,1,38.930,0.415,-23.313,-20.125,-23.813,-0.102,0.066,1.027,0.348,-0.227,0.281,0.080,0.034,1.044,1.368,2,NULL,NULL,,3,1,2,7,255,1287,250,0,0
stim,152443,182564,1,182564,3379884.453,-0.747,0.051,0.038,-0.662,1173,330,2764,1864,2909,2551,2518,2935,47,1.082,1,2206,1,40.167,0.646,-24.625,-20.688,-24.063,-0.125,0.070,1.066,0.605,-0.227,0.281,0.082,0.036,1.044,1.368,2,NULL,NULL,,3,1,2,7,255,1287,250,0,0
stim,152443,182564,1,182564,3379889.455,-0.746,0.050,0.038,-0.662,1006,288,2790,1755,2918,2544,2555,2940,47,1.082,1,2206,1,45.760,0.667,-28.938,-20.563,-28.875,-0.125,0.074,1.066,0.664,-0.066,0.695,0.082,0.038,1.044,1.368,2,NULL,NULL,,3,1,2,7,255,1287,250,0,0
stim,152464,182585,1,182585,3379894.453,-0.746,0.048,0.038,-0.663,851,263,2815,1573,2927,2539,2589,2943,47,1.082,1,2206,1,47.911,0.667,-30.188,-21.125,-30.625,-0.113,0.055,1.039,0.664,-0.066,0.695,0.082,0.042,1.044,1.368,2,NULL,NULL,,3,1,2,7,255,1287,250,0,0
stim,152464,182585,1,182585,3379899.455,-0.745,0.046,0.038,-0.664,661,229,2839,1389,2937,2531,2616,2953,47,1.082,1,2206,1,48.956,0.555,-30.688,-22.313,-30.938,-0.129,0.016,1.063,0.555,-0.023,0.660,0.082,0.044,1.044,1.368,2,NULL,NULL,,3,1,2,7,255,1287,250,0,0
stim,152464,182585,1,182585,3379904.454,-0.744,0.045,0.039,-0.666,493,183,2853,1191,2952,2519,2641,2957,47,1.082,1,2206,1,53.282,0.212,-31.750,-22.125,-36.625,-0.125,0.000,1.051,0.211,-0.023,0.559,0.082,0.046,1.044,1.368,2,NULL,NULL,,3,1,2,7,255,1287,250,0,0
stim,152464,182585,1,182585,3379909.455,-0.743,0.043,0.039,-0.667,343,163,2869,987,2958,2504,2660,2961,47,1.082,1,2206,1,50.713,0.212,-27.875,-24.500,-34.563,-0.102,0.016,1.055,0.211,-0.023,0.559,0.084,0.048,1.044,1.368,2,NULL,NULL,,3,1,2,7,255,1287,250,0,0
stim,152464,182585,1,182585,3379914.454,-0.742,0.041,0.039,-0.668,203,109,2879,820,2968,2488,2677,2965,47,1.082,1,2206,1,54.400,0.359,-32.375,-24.250,-36.375,-0.094,0.016,1.063,0.281,-0.223,0.559,0.086,0.050,1.044,1.368,2,NULL,NULL,,3,1,2,7,255,1287,250,0,0
stim,152464,182585,1,182585,3379919.455,-0.741,0.039,0.039,-0.669,122,77,2891,606,2981,2469,2699,2969,47,1.082,1,2206,1,51.915,0.400,-27.313,-26.500,-35.313,-0.105,0.027,1.047,0.332,-0.223,0.559,0.088,0.052,1.044,1.368,2,NULL,NULL,,3,1,2,7,255,1287,250,0,0
stim,152514,182635,1,182635,3379924.454,-0.740,0.038,0.038,-0.670,41,35,2904,445,2983,2440,2715,2971,47,1.082,1,2206,1,51.107,0.525,-27.375,-29.500,-31.500,-0.082,0.051,1.051,0.445,-0.277,0.508,0.088,0.056,1.044,1.368,2,NULL,NULL,,3,1,2,7,255,1287,250,0,0
stim,152514,182635,1,182635,3379929.455,-0.739,0.036,0.038,-0.671,22,29,2916,298,2987,2413,2734,2974,47,1.082,1,2206,1,56.266,0.559,-22.563,-31.563,-40.750,-0.102,0.035,1.063,0.547,-0.117,0.508,0.086,0.060,1.044,1.368,2,NULL,NULL,,3,1,2,7,255,1287,250,0,0
stim,152514,182635,1,182635,3379934.453,-0.739,0.034,0.037,-0.672,0,9,2924,179,2999,2379,2759,2980,47,1.082,1,2206,1,51.589,0.767,-17.250,-36.875,-31.688,-0.020,0.074,1.070,0.707,-0.297,0.598,0.084,0.066,1.044,1.368,2,NULL,NULL,,3,1,2,7,255,1287,250,0,0
stim,152514,182635,1,182635,3379939.455,-0.738,0.032,0.037,-0.673,0,0,2933,143,3003,2343,2780,2982,47,1.082,1,2206,1,54.719,0.554,-18.000,-38.188,-34.813,-0.117,-0.023,1.055,0.547,-0.086,0.598,0.080,0.070,1.044,1.368,2,NULL,NULL,,3,1,2,7,255,1287,250,0,0
stim,152514,182635,1,182635,3379944.454,-0.737,0.031,0.035,-0.674,0,0,2938,115,3007,2315,2797,2983,47,1.082,1,2206,1,49.754,0.083,6.938,-45.688,-18.438,-0.258,-0.102,1.172,0.012,0.082,0.598,0.076,0.072,1.044,1.368,2,NULL,NULL,,3,1,2,7,255,1287,250,0,0
stim,152514,182635,1,182635,3379949.455,-0.737,0.031,0.032,-0.674,0,0,2944,74,3019,2285,2813,2985,47,1.082,1,2206,0,64.931,1.541,31.938,-55.938,-8.188,-0.406,-0.125,1.422,-0.832,1.297,1.879,0.070,0.078,1.044,1.368,3,NULL,NULL,,3,1,2,7,255,1287,250,0,0
stim,152532,182653,1,182653,3379954.454,-0.737,0.030,0.030,-0.675,0,0,2953,69,3026,2253,2829,2986,47,1.082,1,2206,0,70.806,2.155,26.375,-64.063,-14.625,-0.340,0.055,1.625,-0.832,1.988,4.465,0.066,0.084,1.044,1.368,3,NULL,NULL,,3,1,2,7,255,1287,250,0,0
stim,152532,182653,1,182653,3379959.457,-0.736,0.027,0.029,-0.676,0,0,2962,33,3027,2215,2843,2984,47,1.082,1,2206,0,80.100,2.112,-40.938,-64.938,-22.875,-0.035,0.121,1.414,0.711,1.988,4.465,0.060,0.092,1.044,1.368,3,NULL,NULL,,3,1,2,7,255,1287,250,0,0
stim,152532,182653,1,182653,3379964.453,-0.737,0.022,0.028,-0.675,0,0,2956,0,3035,2160,2857,2987,47,1.082,1,2206,0,91.138,0.970,-63.688,-65.188,-0.813,0.031,-0.043,1.023,0.711,-0.660,3.996,0.054,0.098,1.044,1.368,3,NULL,NULL,,3,1,2,7,255,1287,250,0,0
stim,152532,182653,1,182653,3379969.455,-0.738,0.019,0.027,-0.674,0,0,2958,0,3043,2105,2870,2987,47,1.082,1,2206,0,85.348,0.663,-32.500,-71.688,33.000,-0.117,-0.098,0.902,-0.063,-0.660,0.160,0.048,0.106,1.044,1.368,3,NULL,NULL,,3,1,2,7,255,1287,250,0,0
stim,152532,182653,1,182653,3379974.454,-0.739,0.017,0.025,-0.673,0,0,2959,0,3045,2036,2887,2989,47,1.082,1,2206,0,83.690,0.848,-3.063,-77.500,31.438,-0.289,-0.102,0.992,-0.727,0.438,0.113,0.046,0.112,1.044,1.368,3,NULL,NULL,,3,1,2,7,255,1287,250,0,0
stim,152532,182653,1,182653,3379979.455,-0.739,0.015,0.022,-0.673,0,0,2957,0,3049,1959,2895,2988,47,1.082,1,2206,0,82.363,2.270,6.125,-81.688,8.563,-0.289,-0.125,1.109,-0.914,2.078,0.113,0.042,0.120,1.044,1.368,3,NULL,NULL,,3,1,2,7,255,1287,250,0,0
stim,152555,182676,1,182676,3379984.454,-0.739,0.013,0.020,-0.673,0,0,2957,0,3052,1875,2907,2987,47,1.082,1,2206,0,85.052,2.352,3.750,-84.875,-4.000,-0.184,-0.168,1.133,-1.102,2.078,1.219,0.036,0.128,1.044,1.368,3,NULL,NULL,,3,1,2,7,255,1287,250,0,0
stim,152555,182676,1,182676,3379989.455,-0.739,0.010,0.017,-0.673,0,0,2953,0,3059,1781,2920,2987,47,1.082,1,2206,0,87.810,1.754,1.563,-87.688,-4.375,-0.102,-0.168,1.105,-1.371,1.094,1.219,0.034,0.134,1.044,1.368,3,NULL,NULL,,3,1,2,7,255,1287,250,0,0
stim,152555,182676,1,182676,3379994.454,-0.739,0.007,0.014,-0.673,0,0,2941,0,3063,1693,2925,2985,47,1.082,1,2206,0,90.308,1.430,0.500,-90.250,3.188,-0.059,-0.152,1.055,-1.371,0.406,1.102,0.030,0.142,1.044,1.368,3,NULL,NULL,,3,1,2,7,255,1287,250,0,0
stim,152555,182676,1,182676,3379999.455,-0.740,0.005,0.011,-0.673,0,0,2935,0,3065,1587,2936,2983,47,1.082,1,2206,0,93.742,1.231,5.063,-92.750,12.625,-0.070,-0.109,1.039,-1.188,0.324,0.598,0.028,0.150,1.044,1.368,3,NULL,NULL,,3,1,2,7,255,1287,250,0,0
stim,152555,182676,1,182676,3380004.453,-0.741,0.002,0.008,-0.672,0,0,2927,0,3069,1463,2941,2980,47,1.082,1,2206,0,98.293,0.871,10.313,-96.125,17.750,-0.125,-0.051,1.109,-0.809,0.324,0.598,0.028,0.158,1.044,1.368,3,NULL,NULL,,3,1,2,7,255,1287,250,0,0
stim,152555,182676,1,182676,3380009.455,-0.741,0.000,0.004,-0.672,0,0,2917,0,3076,1335,2952,2975,47,1.082,1,2206,0,100.246,1.022,11.875,-98.938,10.938,-0.168,-0.023,1.125,-0.273,0.984,1.105,0.028,0.166,1.044,1.368,3,NULL,NULL,,3,1,2,7,255,1287,250,0,0
stim,152615,182736,1,182736,3380014.453,-0.741,-0.002,0.001,-0.671,0,0,2907,0,3077,1183,2959,2973,47,1.082,1,2206,0,104.193,0.996,13.375,-103.188,5.438,-0.090,-0.039,1.141,-0.148,0.984,1.211,0.026,0.174,1.044,1.368,3,NULL,NULL,,3,1,2,7,255,1287,250,0,0
stim,152615,182736,1,182736,3380019.455,-0.742,-0.005,-0.003,-0.671,0,0,2898,0,3083,1042,2973,2969,47,1.082,1,2206,0,108.607,0.824,15.500,-107.188,8.125,-0.063,0.004,1.195,-0.074,0.820,1.363,0.024,0.180,1.044,1.368,3,NULL,NULL,,3,1,2,7,255,1287,250,0,0
stim,152615,182736,1,182736,3380024.454,-0.742,-0.008,-0.007,-0.670,0,0,2877,0,3087,858,2981,2958,47,1.082,1,2206,0,112.538,0.863,11.563,-111.125,13.500,-0.055,0.066,1.230,0.270,0.820,1.883,0.020,0.188,1.044,1.368,3,NULL,NULL,,3,1,2,7,255,1287,250,0,0
stim,152615,182736,1,182736,3380029.455,-0.743,-0.011,-0.011,-0.669,0,0,2861,0,3087,667,2987,2951,47,1.082,1,2206,0,117.217,1.196,6.500,-115.625,18.125,-0.047,0.117,1.246,0.863,0.828,2.215,0.020,0.196,1.044,1.368,3,NULL,NULL,,3,1,2,7,255,1287,250,0,0
stim,152615,182736,1,182736,3380034.454,-0.743,-0.014,-0.015,-0.669,0,0,2843,0,3089,584,2991,2937,47,1.082,1,2206,0,123.193,1.632,1.875,-121.000,23.063,-0.063,0.148,1.277,1.352,0.914,2.344,0.024,0.208,1.044,1.368,3,NULL,NULL,,3,1,2,7,255,1287,250,0,0
stim,152615,182736,1,182736,3380039.455,-0.744,-0.018,-0.019,-0.667,0,0,2823,0,3091,473,2995,2927,47,1.082,1,2206,0,130.850,2.035,-3.250,-127.625,28.688,-0.047,0.152,1.270,1.633,1.215,2.527,0.036,0.220,1.044,1.368,3,NULL,NULL,,3,1,2,7,255,1287,250,0,0
stim,152615,182736,1,182736,3380044.453,-0.745,-0.021,-0.023,-0.666,0,0,2791,0,3091,313,2999,2915,47,1.082,1,2206,0,135.481,2.092,-5.813,-131.875,30.500,-0.039,0.191,1.250,1.684,1.242,2.527,0.050,0.236,1.044,1.368,3,NULL,NULL,,3,1,2,7,255,1287,250,0,0
stim,152615,182736,1,182736,3380049.455,-0.746,-0.026,-0.027,-0.665,0,0,2765,0,3091,156,3007,2899,47,1.082,1,2206,0,141.215,2.392,-13.750,-135.938,35.688,-0.012,0.203,1.293,2.039,1.250,2.527,0.066,0.252,1.044,1.368,3,NULL,NULL,,3,1,2,7,255,1287,250,0,0
stim,152615,182736,1,182736,3380054.453,-0.747,-0.030,-0.031,-0.663,0,0,2733,0,3089,99,3015,2870,47,1.082,1,2206,0,147.704,2.537,-18.063,-141.500,38.313,-0.078,0.207,1.305,2.156,1.336,2.738,0.084,0.272,1.044,1.368,3,NULL,NULL,,3,1,2,7,255,1287,250,0,0
stim,152615,182736,1,182736,3380059.455,-0.748,-0.034,-0.035,-0.662,0,0,2702,0,3091,39,3017,2843,47,1.082,1,2206,0,150.627,2.984,-17.000,-146.313,31.500,-0.113,0.180,1.316,2.156,2.063,2.773,0.106,0.294,1.044,1.368,3,NULL,NULL,,3,1,2,7,255,1287,250,0,0
stim,152615,182736,1,182736,3380064.454,-0.749,-0.039,-0.040,-0.661,0,0,2659,0,3087,0,3019,2805,47,1.082,1,2206,0,155.957,3.160,-13.125,-153.500,24.250,-0.133,0.172,1.344,1.832,2.574,2.840,0.132,0.322,1.044,1.368,3,NULL,NULL,,3,1,2,7,255,1287,250,0,0
stim,152615,182736,1,182736,3380069.455,-0.749,-0.044,-0.045,-0.660,0,0,2607,0,3079,0,3025,2773,47,1.082,1,2206,0,161.485,3.256,-20.188,-159.125,18.688,-0.078,0.188,1.410,1.832,2.691,3.055,0.164,0.354,1.044,1.368,3,NULL,NULL,,3,1,2,7,255,1287,250,0,0
stim,152643,182764,1,182764,3380074.454,-0.749,-0.050,-0.049,-0.659,0,0,2550,0,3079,2,3023,2725,47,1.082,1,2206,0,167.233,3.392,-31.750,-163.188,18.125,-0.082,0.148,1.520,1.703,2.934,3.723,0.196,0.388,1.044,1.368,3,NULL,NULL,,3,1,2,7,255,1287,250,0,0
stim,152643,182764,1,182764,3380079.455,-0.750,-0.056,-0.053,-0.657,0,0,2491,0,3065,0,3021,2675,47,1.082,1,2206,0,178.052,3.397,-43.625,-170.750,25.375,-0.180,0.086,1.621,1.594,3.000,4.742,0.232,0.426,1.044,1.368,3,NULL,NULL,,3,1,2,7,255,1287,250,0,0
stim,152643,182764,1,182764,3380084.453,-0.750,-0.063,-0.057,-0.656,0,0,2431,0,3058,0,3021,2617,47,1.082,1,2206,0,187.200,4.375,-47.438,-179.875,20.938,-0.258,0.031,1.766,0.918,4.277,5.582,0.270,0.466,1.044,1.368,3,NULL,NULL,,3,1,2,7,255,1287,250,0,0
stim,152643,182764,1,182764,3380089.455,-0.750,-0.070,-0.062,-0.655,0,0,2373,0,3047,0,3018,2553,47,1.082,1,2206,0,200.648,5.453,-57.375,-191.500,17.188,-0.313,0.035,1.813,0.355,5.441,6.789,0.314,0.510,1.044,1.368,3,NULL,NULL,,3,1,2,7,255,1287,250,0,0
stim,152643,182764,1,182764,3380094.453,-0.750,-0.078,-0.067,-0.654,0,0,2293,0,3036,17,3013,2462,47,1.082,1,2206,0,218.426,6.362,-70.875,-205.625,20.125,-0.355,0.129,1.797,0.355,6.352,6.789,0.360,0.558,1.044,1.368,3,NULL,NULL,,3,1,2,7,255,1287,250,0,0
stim,152643,182764,0,182764,3380099.455,-0.749,-0.087,-0.072,-0.653,0,0,2185,0,3027,35,2999,2363,47,1.082,1,2206,0,231.349,7.251,-73.875,-219.063,8.750,-0.398,0.238,1.777,1.262,7.141,6.637,0.412,0.610,1.044,1.368,3,NULL,NULL,,3,0,2,7,255,1293,250,0,0
stim,152687,182808,0,182808,3380104.454,-0.748,-0.096,-0.077,-0.652,0,0,2076,0,3005,45,2985,2261,47,1.082,1,2206,0,247.436,8.290,-81.688,-233.563,-0.563,-0.402,0.242,1.777,2.313,7.961,6.117,0.468,0.670,1.044,1.368,3,NULL,NULL,,3,0,2,7,255,1293,250,0,0
stim,152687,182808,0,182808,3380109.455,-0.747,-0.106,-0.083,-0.651,0,0,1963,0,2990,53,2967,2141,47,1.082,1,2206,0,265.293,8.587,-88.000,-250.250,-3.375,-0.336,0.293,1.820,2.449,8.230,6.117,0.536,0.738,1.044,1.368,3,NULL,NULL,,3,0,2,7,255,1293,250,0,0
stim,152687,182808,0,182808,3380114.454,-0.746,-0.117,-0.088,-0.650,0,0,1851,0,2969,61,2952,2029,47,1.082,1,2206,0,285.998,8.797,-103.688,-266.500,-4.625,-0.273,0.348,1.770,3.105,8.230,5.934,0.610,0.814,1.044,1.368,3,NULL,NULL,,3,0,2,7,255,1293,250,0,0
stim,152687,182808,0,182808,3380119.455,-0.744,-0.129,-0.094,-0.648,0,0,1787,0,2942,66,2919,1932,47,1.082,1,2206,0,304.255,8.834,-108.625,-284.188,-3.000,-0.203,0.383,1.715,3.813,7.969,5.703,0.686,0.892,1.044,1.368,3,NULL,NULL,,3,0,2,7,255,1293,250,0,0
stim,152713,182834,0,182834,3380124.454,-0.743,-0.140,-0.102,-0.647,0,0,1695,0,2909,69,2888,1833,47,1.082,1,2206,0,313.597,9.053,-87.125,-301.250,0.875,-0.238,0.383,1.898,4.297,7.969,5.703,0.762,0.970,1.044,1.368,3,NULL,NULL,,3,0,2,7,255,1293,250,0,0
stim,152713,182834,0,182834,3380129.455,-0.741,-0.151,-0.110,-0.644,0,0,1603,0,2872,69,2825,1708,47,1.082,1,2206,0,325.317,9.952,-67.250,-318.188,8.063,-0.410,0.410,2.289,4.434,8.910,6.453,0.838,1.048,1.044,1.368,3,NULL,NULL,,3,0,2,7,255,1293,250,0,0
stim,152713,182834,0,182834,3380134.453,-0.740,-0.164,-0.118,-0.642,0,0,1513,0,2823,48,2757,1611,47,1.082,1,2206,0,346.085,13.271,-83.438,-335.813,6.563,-0.613,0.512,2.617,4.703,12.410,9.117,0.910,1.124,1.044,1.368,3,NULL,NULL,,3,0,2,7,255,1293,250,0,0
stim,152713,182834,0,182834,3380139.455,-0.737,-0.178,-0.126,-0.640,0,0,1395,0,2766,23,2664,1486,47,1.082,1,2206,0,375.847,17.108,-129.063,-352.688,-14.688,-0.629,0.504,2.605,5.672,16.141,10.035,0.974,1.190,1.044,1.368,3,NULL,NULL,,3,0,2,7,255,1293,250,0,0
stim,152713,182834,0,182834,3380144.454,-0.733,-0.192,-0.134,-0.639,0,0,1242,0,2697,0,2551,1354,47,1.082,1,2206,0,395.935,17.108,-142.563,-367.438,-37.813,-0.523,0.355,2.434,5.672,16.141,10.035,1.030,1.248,1.044,1.368,3,NULL,NULL,,3,0,2,7,255,1293,250,0,0
stim,152713,182834,0,182834,3380149.455,-0.728,-0.207,-0.142,-0.637,0,0,1107,0,2603,0,2377,1243,47,1.082,1,2206,0,407.911,16.328,-146.938,-378.688,-37.375,-0.410,0.281,2.277,4.516,15.691,8.578,1.074,1.296,1.044,1.368,3,NULL,NULL,,3,0,2,7,255,1293,250,0,0
stim,152713,182834,0,182834,3380154.454,-0.724,-0.222,-0.151,-0.635,0,0,947,0,2487,0,2173,1097,47,1.082,1,2206,0,411.904,15.441,-136.563,-387.500,-29.313,-0.395,0.172,2.281,3.984,14.918,7.297,1.114,1.338,1.044,1.368,3,NULL,NULL,,3,0,2,7,255,1293,250,0,0
stim,152713,182834,0,182834,3380159.455,-0.720,-0.238,-0.160,-0.632,0,0,759,0,2330,0,1904,977,47,1.082,1,2206,0,421.970,15.241,-135.563,-399.250,-16.750,-0.375,-0.031,2.281,3.121,14.918,7.023,1.164,1.390,1.044,1.368,3,NULL,NULL,,3,0,2,7,255,1293,250,0,0
stim,152713,182834,0,182834,3380164.453,-0.716,-0.254,-0.169,-0.628,0,0,613,0,2125,0,1605,873,47,1.082,1,2206,0,441.746,14.976,-150.688,-415.250,0.063,-0.258,-0.285,1.984,1.320,14.918,6.902,1.224,1.454,1.044,1.368,3,NULL,NULL,,3,0,2,7,255,1293,250,0,0
stim,152713,182834,0,182834,3380169.455,-0.712,-0.271,-0.177,-0.623,0,0,425,0,1893,0,1206,743,47,1.082,1,2206,0,455.922,13.099,-149.813,-430.063,21.625,-0.094,-0.465,1.414,-1.121,13.051,4.992,1.294,1.526,1.044,1.368,3,NULL,NULL,,3,0,2,7,255,1293,250,0,0
stim,152741,182862,0,182862,3380174.455,-0.708,-0.286,-0.188,-0.618,0,0,287,0,1637,0,683,613,47,1.082,1,2206,0,450.571,9.326,-97.188,-439.250,25.063,0.113,-0.434,0.922,-3.008,8.828,1.398,1.370,1.606,1.044,1.368,3,NULL,NULL,,3,0,2,7,255,1293,250,0,0
stim,152741,182862,0,182862,3380179.455,-0.706,-0.298,-0.202,-0.611,0,0,223,0,1287,0,263,470,47,1.082,1,2206,0,450.210,6.538,12.688,-449.250,26.500,0.156,-0.293,1.094,-3.008,5.805,-0.352,1.448,1.684,1.044,1.368,3,NULL,NULL,,3,0,2,7,255,1293,250,0,0
stim,152741,182862,0,182862,3380184.454,-0.704,-0.308,-0.217,-0.602,0,0,127,0,981,0,24,425,47,1.082,1,2206,0,462.305,5.979,83.875,-452.375,45.250,-0.020,0.070,1.793,-1.434,5.805,-0.352,1.522,1.760,1.044,1.368,3,NULL,NULL,,3,0,2,7,255,1293,250,0,0
stim,152741,182862,0,182862,3380189.455,-0.703,-0.318,-0.231,-0.593,0,0,116,0,529,0,0,360,47,1.082,1,2206,0,461.482,12.565,55.688,-453.063,67.813,-0.168,0.316,2.320,2.242,12.363,2.438,1.596,1.836,1.044,1.368,3,NULL,NULL,,3,0,2,7,255,1293,250,0,0
stim,152764,182885,0,182885,3380194.454,-0.701,-0.332,-0.242,-0.583,0,0,109,0,219,0,0,297,47,1.082,1,2206,0,464.976,18.278,-30.500,-450.563,110.750,-0.281,0.332,2.281,4.297,17.766,2.438,1.668,1.910,1.044,1.368,3,NULL,NULL,,3,0,2,7,255,1293,250,0,0
stim,152764,182885,0,182885,3380199.455,-0.699,-0.349,-0.251,-0.572,0,0,61,0,0,0,0,182,47,1.082,1,2206,0,492.210,18.278,-103.000,-451.250,167.438,-0.594,0.426,1.820,4.297,17.766,2.195,1.738,1.980,1.044,1.368,3,NULL,NULL,,3,0,2,7,255,1293,250,0,0
stim,152764,182885,0,182885,3380204.453,-0.696,-0.365,-0.258,-0.561,0,0,27,0,0,0,0,122,47,1.082,1,2206,0,491.268,18.270,-138.375,-441.813,164.313,-0.742,0.781,1.355,4.297,17.758,-3.938,1.800,2.044,1.044,1.368,3,NULL,NULL,,3,0,2,7,255,1293,250,0,0
stim,152764,182885,0,182885,3380209.455,-0.692,-0.382,-0.264,-0.552,0,0,24,0,0,0,0,69,47,1.082,1,2206,0,459.108,16.893,-151.000,-417.375,117.375,-0.484,1.109,1.039,6.699,15.508,-9.352,1.860,2.106,1.044,1.368,4,NULL,NULL,,3,0,2,7,255,1293,250,0,0
stim,152764,182885,0,182885,3380214.453,-0.688,-0.397,-0.271,-0.544,0,0,24,0,0,0,0,63,47,1.082,1,2206,0,427.117,14.408,-150.688,-388.875,92.188,-0.426,0.906,1.020,8.250,11.813,-10.223,1.918,2.168,1.044,1.368,0,NULL,NULL,,3,0,2,7,255,1293,250,0,0
stim,152764,182885,0,182885,3380219.455,-0.683,-0.412,-0.274,-0.537,0,0,28,0,0,0,0,99,47,1.082,1,2206,0,412.632,13.894,-207.438,-339.938,108.063,-0.281,0.797,0.895,8.250,11.180,-10.223,1.976,2.228,1.044,1.368,0,NULL,NULL,,3,0,2,7,255,1293,250,0,0
stim,152809,182930,0,182930,3380224.454,-0.677,-0.427,-0.275,-0.533,0,0,27,0,0,0,0,147,47,1.082,1,2206,0,373.667,11.957,-245.188,-272.563,72.250,-0.016,0.391,0.621,7.504,9.309,-9.867,2.030,2.284,1.044,1.368,0,NULL,NULL,,3,0,2,7,255,1293,250,0,0
stim,152809,182930,0,182930,3380229.455,-0.673,-0.437,-0.275,-0.530,0,0,29,0,0,0,0,183,47,1.082,1,2206,0,257.357,6.911,-170.438,-189.500,35.688,-0.012,-0.262,0.434,4.215,5.477,-8.172,2.066,2.322,1.044,1.368,0,NULL,NULL,,3,0,2,7,255,1293,250,0,0
stim,152809,182930,0,182930,3380234.454,-0.671,-0.443,-0.276,-0.527,0,0,27,0,0,0,0,190,47,1.082,1,2206,0,161.651,5.666,-88.063,-127.938,44.813,-0.250,-0.195,0.941,-1.453,5.477,-7.164,2.088,2.346,1.044,1.368,0,NULL,NULL,,3,0,2,7,255,1293,250,0,0
stim,152809,182930,0,182930,3380239.455,-0.668,-0.448,-0.275,-0.527,0,0,29,0,0,0,0,174,47,1.082,1,2206,0,127.206,9.321,-109.938,-57.813,27.438,-0.469,-0.082,1.230,-1.453,9.207,-7.164,2.100,2.360,1.044,1.368,0,NULL,NULL,,3,0,2,7,255,1293,250,0,0
stim,152809,182930,0,182930,3380244.454,-0.665,-0.453,-0.270,-0.529,0,0,26,0,0,0,0,139,47,1.082,1,2206,0,181.257,9.226,-180.313,15.125,10.625,-0.484,0.133,0.785,-0.590,9.207,-8.109,2.102,2.364,1.044,1.368,0,NULL,NULL,,3,0,2,7,255,1293,250,0,0
stim,152809,182930,0,182930,3380249.455,-0.663,-0.456,-0.263,-0.532,0,0,30,0,0,0,0,121,47,1.082,1,2206,0,196.844,9.012,-181.125,74.813,18.563,-0.426,0.434,0.164,0.883,8.969,-10.863,2.094,2.358,1.044,1.368,0,NULL,NULL,,3,0,2,7,255,1293,250,0,0
stim,152832,182953,0,182953,3380254.453,-0.663,-0.457,-0.256,-0.535,0,0,28,0,0,0,0,110,47,1.082,1,2206,0,173.517,4.399,-119.938,122.125,28.438,-0.508,0.625,-0.078,2.934,3.277,-14.047,2.082,2.348,1.044,1.368,0,NULL,NULL,,3,0,2,7,255,1293,250,0,0
stim,152832,182953,0,182953,3380259.455,-0.664,-0.455,-0.251,-0.538,0,0,27,0,0,0,0,103,47,1.082,1,2206,0,160.461,4.399,-47.063,153.000,11.125,-0.613,0.402,0.211,2.934,3.277,-15.195,2.064,2.332,1.044,1.368,0,NULL,NULL,,3,0,2,7,255,1293,250,0,0
stim,152832,182953,0,182953,3380264.453,-0.665,-0.452,-0.245,-0.542,0,0,24,0,0,0,0,107,47,1.082,1,2206,0,181.631,5.116,-39.688,177.188,4.375,-0.527,0.223,0.508,2.219,4.609,-15.195,2.046,2.316,1.044,1.368,0,NULL,NULL,,3,0,2,7,255,1293,250,0,0
stim,152832,182953,0,182953,3380269.455,-0.665,-0.449,-0.238,-0.547,0,0,23,0,0,0,0,105,47,1.082,1,2206,0,200.318,6.617,-60.438,190.938,4.188,-0.449,0.074,0.508,1.410,6.465,-12.477,2.030,2.302,1.044,1.368,0,NULL,NULL,,3,0,2,7,255,1293,250,0,0
stim,152832,182953,0,182953,3380274.454,-0.666,-0.447,-0.230,-0.551,0,0,22,0,0,0,0,101,47,1.082,1,2206,0,216.192,6.526,-76.875,200.813,22.438,-0.414,0.184,0.223,0.895,6.465,-12.477,2.020,2.292,1.044,1.368,0,NULL,NULL,,3,0,2,7,255,1293,250,0,0
stim,152832,182953,0,182953,3380279.455,-0.668,-0.444,-0.222,-0.555,0,0,20,0,0,0,0,99,47,1.082,1,2206,0,213.899,3.940,-55.000,204.750,28.375,-0.418,0.219,-0.023,0.691,3.879,-12.648,2.016,2.292,1.044,1.368,0,NULL,NULL,,3,0,2,7,255,1293,250,0,0
stim,152860,182981,0,182981,3380284.453,-0.670,-0.439,-0.215,-0.559,0,0,18,0,0,0,0,94,47,1.082,1,2206,0,211.830,2.013,-21.063,208.688,29.625,-0.434,0.199,-0.109,0.691,1.891,-13.934,2.020,2.298,1.044,1.368,0,NULL,NULL,,3,0,2,7,255,1293,250,0,0
stim,152860,182981,0,182981,3380289.455,-0.673,-0.434,-0.208,-0.562,0,0,22,0,0,0,0,95,47,1.082,1,2206,0,214.155,1.838,7.000,210.938,36.313,-0.391,0.234,-0.043,0.691,1.703,-13.934,2.030,2.312,1.044,1.368,0,NULL,NULL,,3,0,2,7,255,1293,250,0,0
stim,152860,182981,0,182981,3380294.453,-0.676,-0.428,-0.202,-0.565,0,0,17,0,0,0,0,91,47,1.082,1,2206,0,218.014,1.781,24.875,214.250,31.750,-0.398,0.184,0.016,0.520,1.703,-13.813,2.050,2.332,1.044,1.368,0,NULL,NULL,,3,0,2,7,255,1293,250,0,0
stim,152860,182981,0,182981,3380299.455,-0.679,-0.422,-0.196,-0.567,0,0,24,0,0,0,0,93,47,1.082,1,2206,0,223.956,2.459,40.000,215.500,46.000,-0.410,0.215,0.059,0.867,2.301,-13.340,2.082,2.366,1.044,1.368,0,NULL,NULL,,3,0,2,7,255,1293,250,0,0
stim,152860,182981,0,182981,3380304.453,-0.683,-0.415,-0.190,-0.570,0,0,21,0,0,0,0,89,47,1.082,1,2206,0,226.784,2.925,55.875,216.938,35.313,-0.441,0.199,0.152,0.883,2.789,-13.285,2.118,2.404,1.044,1.368,0,NULL,NULL,,3,0,2,7,255,1293,250,0,0
stim,152860,182981,0,182981,3380309.455,-0.687,-0.408,-0.185,-0.572,0,0,23,0,0,0,0,83,47,1.082,1,2206,0,229.582,3.853,68.750,215.625,38.563,-0.461,0.117,0.273,0.883,3.750,-12.871,2.160,2.450,1.044,1.368,0,NULL,NULL,,3,0,2,7,255,1293,250,0,0
stim,152916,183037,0,183037,3380314.454,-0.690,-0.401,-0.180,-0.575,0,0,21,0,0,0,0,80,47,1.082,1,2206,0,229.835,4.938,70.250,216.438,32.313,-0.473,0.176,0.398,0.898,4.855,-11.926,2.208,2.500,1.044,1.368,0,NULL,NULL,,3,0,2,7,255,1293,250,0,0
stim,152916,183037,0,183037,3380319.455,-0.694,-0.393,-0.175,-0.578,0,0,21,0,0,0,0,89,47,1.082,1,2206,0,229.972,6.027,71.125,217.438,23.438,-0.477,0.152,0.520,1.199,5.906,-11.371,2.260,2.554,1.044,1.368,0,NULL,NULL,,3,0,2,7,255,1293,250,0,0
stim,152916,183037,0,183037,3380324.454,-0.697,-0.386,-0.169,-0.581,0,0,21,0,0,0,0,107,47,1.082,1,2206,0,230.172,6.986,64.750,220.250,16.625,-0.457,0.199,0.609,1.262,6.871,-10.453,2.314,2.610,1.044,1.368,0,NULL,NULL,,3,0,2,7,255,1293,250,0,0
stim,152916,183037,0,183037,3380329.455,-0.699,-0.378,-0.164,-0.584,0,0,22,0,0,0,0,112,47,1.082,1,2206,0,233.975,7.609,58.750,226.250,10.188,-0.469,0.172,0.691,1.902,7.367,-9.785,2.370,2.668,1.044,1.368,0,NULL,NULL,,3,0,2,7,255,1293,250,0,0
stim,152916,183037,0,183037,3380334.453,-0.702,-0.371,-0.158,-0.588,0,0,19,0,0,0,0,118,47,1.082,1,2206,0,242.319,8.256,48.188,237.438,-4.438,-0.461,0.195,0.746,1.977,8.016,-9.090,2.426,2.726,1.044,1.368,0,NULL,NULL,,3,0,2,7,255,1293,250,0,0
stim,152916,183037,0,183037,3380339.455,-0.703,-0.363,-0.152,-0.592,0,0,22,0,0,0,0,121,47,1.082,1,2206,0,253.385,8.527,40.688,249.688,-14.313,-0.469,0.113,0.770,1.902,8.313,-8.605,2.480,2.782,1.044,1.368,0,NULL,NULL,,3,0,2,7,255,1293,250,0,0
stim,152916,183037,0,183037,3380344.453,-0.705,-0.355,-0.145,-0.597,0,0,22,0,0,0,0,120,47,1.082,1,2206,0,268.761,8.732,36.313,265.313,-22.875,-0.488,0.145,0.840,2.098,8.477,-8.035,2.532,2.836,1.044,1.368,0,NULL,NULL,,3,0,2,7,255,1293,250,0,0
stim,152916,183037,0,183037,3380349.455,-0.706,-0.346,-0.138,-0.603,0,0,21,0,0,0,0,123,47,1.082,1,2206,0,288.837,9.287,25.938,284.188,-44.625,-0.488,0.199,0.883,2.098,9.047,-7.586,2.578,2.884,1.044,1.368,0,NULL,NULL,,3,0,2,7,255,1293,250,0,0
stim,152916,183037,0,183037,3380354.454,-0.706,-0.337,-0.130,-0.609,0,0,23,0,0,0,0,122,47,1.082,1,2206,0,306.757,9.432,18.375,301.563,-53.125,-0.457,0.168,0.875,2.668,9.047,-7.230,2.618,2.928,1.044,1.368,0,NULL,NULL,,3,0,2,7,255,1293,250,0,0
stim,152916,183037,0,183037,3380359.455,-0.706,-0.328,-0.122,-0.616,0,0,23,0,0,0,0,125,47,1.082,1,2206,0,326.050,9.298,14.000,319.500,-63.500,-0.430,0.188,0.859,2.797,8.867,-6.777,2.652,2.964,1.044,1.368,0,NULL,NULL,,3,0,2,7,255,1293,250,0,0
stim,152916,183037,0,183037,3380364.454,-0.705,-0.318,-0.113,-0.623,0,0,21,0,0,0,0,127,47,1.082,1,2206,0,344.035,8.846,13.063,334.938,-77.500,-0.402,0.145,0.820,2.668,8.434,-6.578,2.680,2.994,1.044,1.368,0,NULL,NULL,,3,0,2,7,255,1293,250,0,0
stim,152916,183037,0,183037,3380369.455,-0.705,-0.308,-0.104,-0.631,0,0,21,0,0,0,0,127,47,1.082,1,2206,0,356.538,8.330,18.188,346.563,-81.750,-0.363,0.152,0.793,2.762,7.859,-6.359,2.702,3.016,1.044,1.368,0,NULL,NULL,,3,0,2,7,255,1293,250,0,0
stim,152944,183066,0,183066,3380374.454,-0.704,-0.297,-0.096,-0.638,0,0,23,0,0,0,0,143,47,1.082,1,2206,0,367.850,7.773,26.188,355.000,-92.750,-0.227,0.180,0.773,2.762,7.266,-6.145,2.720,3.036,1.044,1.368,0,NULL,NULL,,3,0,2,7,255,1293,250,0,0
stim,152944,183066,0,183066,3380379.455,-0.703,-0.285,-0.087,-0.646,0,0,21,0,0,0,0,148,47,1.082,1,2206,0,373.646,6.492,37.125,358.938,-96.938,-0.027,0.063,0.691,2.762,5.875,-5.488,2.736,3.054,1.044,1.368,0,NULL,NULL,,3,0,2,7,255,1293,250,0,0
stim,152945,183066,0,183066,3380384.453,-0.702,-0.273,-0.079,-0.653,0,0,17,0,0,0,0,144,47,1.082,1,2206,0,368.286,4.322,56.688,355.563,-77.438,0.023,0.070,0.633,2.336,3.637,-4.770,2.750,3.070,1.044,1.368,0,NULL,NULL,,3,0,2,7,255,1293,250,0,0
stim,152945,183066,0,183066,3380389.455,-0.702,-0.261,-0.072,-0.659,0,0,17,0,0,0,0,143,47,1.082,1,2206,0,365.704,3.605,79.438,350.375,-68.313,0.008,0.184,0.617,2.336,2.746,-4.770,2.766,3.088,1.044,1.368,0,NULL,NULL,,3,0,2,7,255,1293,250,0,0
stim,152945,183066,0,183066,3380394.454,-0.702,-0.247,-0.065,-0.665,0,0,19,0,0,0,0,148,47,1.082,1,2206,0,365.746,3.811,107.125,343.313,-66.563,0.043,0.121,0.645,2.770,2.617,-4.770,2.784,3.110,1.044,1.368,0,NULL,NULL,,3,0,2,7,255,1293,250,0,0
stim,152945,183066,0,183066,3380399.455,-0.702,-0.233,-0.059,-0.670,0,0,17,0,0,0,0,143,47,1.082,1,2206,0,365.496,3.578,133.563,335.875,-54.188,0.109,0.094,0.727,2.770,2.266,-4.547,2.808,3.134,1.044,1.368,0,NULL,NULL,,3,0,2,7,255,1293,250,0,0
stim,152975,183096,0,183096,3380404.454,-0.703,-0.219,-0.054,-0.674,0,0,18,0,0,0,0,143,47,1.082,1,2206,0,366.566,3.329,152.438,330.813,-41.188,0.129,0.164,0.816,2.770,1.848,-3.422,2.834,3.160,1.044,1.368,0,NULL,NULL,,3,0,2,7,255,1293,250,0,0
stim,152975,183096,0,183096,3380409.455,-0.704,-0.204,-0.050,-0.678,0,0,16,0,0,0,0,147,47,1.082,1,2206,0,367.323,4.027,167.188,325.938,-27.188,0.137,0.184,0.926,3.578,1.848,-2.625,2.862,3.192,1.044,1.368,0,NULL,NULL,,3,0,2,7,255,1293,250,0,0
stim,152975,183096,0,183096,3380414.453,-0.706,-0.189,-0.045,-0.681,0,0,19,0,0,0,0,145,47,1.082,1,2206,0,369.988,4.328,182.313,321.688,-13.063,0.055,0.180,1.070,3.898,1.879,-1.602,2.894,3.226,1.044,1.368,0,NULL,NULL,,3,0,2,7,255,1293,250,0,0
stim,152975,183096,0,183096,3380419.455,-0.707,-0.173,-0.042,-0.684,0,0,17,0,0,0,0,147,47,1.082,1,2206,0,374.368,4.929,197.750,317.688,-11.000,-0.082,0.234,1.293,4.023,2.848,-0.406,2.928,3.260,1.044,1.368,0,NULL,NULL,,3,0,2,7,255,1293,250,0,0
stim,153027,183148,0,183148,3380424.454,-0.708,-0.158,-0.038,-0.687,0,0,19,0,0,0,0,142,47,1.082,1,2206,0,371.888,6.551,197.188,314.813,-17.625,-0.074,0.238,1.574,4.742,4.520,1.250,2.960,3.296,1.044,1.368,0,NULL,NULL,,3,0,2,7,255,1293,250,0,0
stim,153027,183148,0,183148,3380429.455,-0.709,-0.143,-0.034,-0.689,0,0,19,0,0,0,0,146,47,1.082,1,2206,0,360.135,6.899,177.375,313.063,-15.063,-0.035,0.227,1.781,5.141,4.602,4.070,2.992,3.328,1.044,1.368,0,NULL,NULL,,3,0,2,7,255,1293,250,0,0
stim,153027,183148,0,183148,3380434.454,-0.710,-0.129,-0.029,-0.692,0,0,20,0,0,0,0,153,47,1.082,1,2206,0,344.611,6.967,146.750,311.750,-5.750,-0.059,0.246,1.859,5.230,4.602,6.320,3.020,3.358,1.044,1.368,0,NULL,NULL,,3,0,2,7,255,1293,250,0,0
stim,153027,183148,0,183148,3380439.455,-0.711,-0.116,-0.023,-0.694,0,0,19,0,0,0,0,153,47,1.082,1,2206,0,333.862,7.043,121.688,310.813,-7.188,-0.164,0.289,1.844,5.332,4.602,6.898,3.044,3.384,1.044,1.368,0,NULL,NULL,,3,0,2,7,255,1293,250,0,0
stim,153027,183148,0,183148,3380444.454,-0.711,-0.103,-0.017,-0.696,0,0,25,0,0,0,0,153,47,1.082,1,2206,0,327.962,7.041,104.563,310.250,-19.250,-0.164,0.246,1.840,5.332,4.598,7.102,3.064,3.406,1.044,1.368,0,NULL,NULL,,3,0,2,7,255,1293,250,0,0
stim,153027,183148,0,183148,3380449.455,-0.710,-0.091,-0.010,-0.698,0,0,22,0,0,0,0,168,47,1.082,1,2206,0,322.769,6.775,84.625,310.125,-29.000,-0.082,0.172,1.793,4.977,4.598,7.039,3.080,3.424,1.044,1.368,0,NULL,NULL,,3,0,2,7,255,1293,250,0,0
stim,153027,183148,0,183148,3380454.453,-0.709,-0.079,-0.002,-0.701,0,0,23,0,0,0,0,166,47,1.082,1,2206,0,317.184,5.224,70.375,308.125,-26.688,-0.016,0.113,1.695,4.105,3.230,7.039,3.094,3.440,1.044,1.368,0,NULL,NULL,,3,0,2,7,255,1293,250,0,0
stim,153027,183148,0,183148,3380459.455,-0.708,-0.068,0.005,-0.702,0,0,21,0,0,0,0,169,47,1.082,1,2206,0,312.746,3.897,66.813,304.875,-19.938,-0.031,0.109,1.625,3.328,2.027,6.355,3.104,3.450,1.044,1.368,0,NULL,NULL,,3,0,2,7,255,1293,250,0,0
stim,153027,183148,0,183148,3380464.453,-0.708,-0.056,0.012,-0.704,0,0,20,0,0,0,0,171,47,1.082,1,2206,0,309.400,3.507,67.188,301.375,-19.688,-0.043,0.125,1.582,3.098,1.645,5.727,3.112,3.460,1.044,1.368,0,NULL,NULL,,3,0,2,7,255,1293,250,0,0
stim,153027,183148,0,183148,3380469.455,-0.707,-0.045,0.019,-0.706,0,0,23,0,0,0,0,171,47,1.082,1,2206,0,306.437,3.366,70.938,297.438,-20.063,-0.012,0.117,1.543,3.098,1.316,5.352,3.116,3.466,1.044,1.368,0,NULL,NULL,,3,0,2,7,255,1293,250,0,0
stim,153027,183148,0,183148,3380474.454,-0.706,-0.033,0.025,-0.707,0,0,23,0,0,0,0,171,47,1.082,1,2206,0,303.324,2.938,79.000,292.500,-14.438,0.004,0.129,1.551,2.879,0.586,5.137,3.118,3.470,1.044,1.368,0,NULL,NULL,,3,0,2,7,255,1293,250,0,0
stim,153027,183148,0,183148,3380479.455,-0.705,-0.021,0.031,-0.708,0,0,26,0,0,0,0,171,47,1.082,1,2206,0,300.527,2.871,87.938,287.250,-8.438,0.000,0.125,1.586,2.871,0.047,5.137,3.116,3.470,1.044,1.368,0,NULL,NULL,,3,0,2,7,255,1293,250,0,0
stim,153050,183171,0,183171,3380484.454,-0.704,-0.009,0.036,-0.709,0,0,26,0,0,0,0,171,47,1.082,1,2206,0,298.092,2.774,95.625,282.313,-3.813,0.008,0.105,1.605,2.758,-0.301,5.504,3.108,3.464,1.044,1.368,0,NULL,NULL,,3,0,2,7,255,1293,250,0,0
stim,153050,183171,0,183171,3380489.455,-0.704,0.003,0.042,-0.709,0,0,23,0,0,0,0,173,47,1.082,1,2206,0,297.355,2.568,106.000,277.813,2.000,0.031,0.102,1.613,2.453,-0.758,5.730,3.094,3.450,1.044,1.368,0,NULL,NULL,,3,0,2,7,255,1293,250,0,0
stim,153050,183171,0,183171,3380494.453,-0.703,0.015,0.046,-0.709,0,0,27,0,0,0,0,174,47,1.082,1,2206,0,299.438,2.752,121.000,273.750,9.125,0.055,0.129,1.656,2.395,-1.355,5.824,3.074,3.432,1.044,1.368,0,NULL,NULL,,3,0,2,7,255,1293,250,0,0
stim,153050,183171,0,183171,3380499.455,-0.703,0.027,0.050,-0.709,0,0,23,0,0,0,0,172,47,1.082,1,2206,0,304.569,3.105,137.438,271.375,15.125,0.098,0.145,1.738,2.355,-2.023,6.176,3.048,3.408,1.044,1.368,0,NULL,NULL,,3,0,2,7,255,1293,250,0,0
stim,153073,183194,0,183194,3380504.453,-0.702,0.040,0.053,-0.709,0,0,21,0,0,0,0,171,47,1.082,1,2206,0,311.028,3.720,151.063,271.063,21.063,0.156,0.121,1.840,2.355,-2.879,6.914,3.014,3.376,1.044,1.368,0,NULL,NULL,,3,0,2,7,255,1293,250,0,0
stim,153073,183194,0,183194,3380509.455,-0.702,0.054,0.056,-0.708,0,0,25,0,0,0,0,170,47,1.082,1,2206,0,317.367,4.420,159.875,272.625,28.938,0.230,0.102,1.922,1.938,-3.973,7.797,2.968,3.330,1.044,1.368,0,NULL,NULL,,3,0,2,7,255,1293,250,0,0
stim,153073,183194,0,183194,3380514.454,-0.702,0.068,0.060,-0.707,0,0,24,0,0,0,0,179,47,1.082,1,2206,0,324.806,5.476,167.063,276.063,37.125,0.332,0.133,1.961,1.582,-5.242,8.391,2.914,3.278,1.044,1.368,0,NULL,NULL,,3,0,2,7,255,1293,250,0,0
stim,153073,183194,0,183194,3380519.455,-0.701,0.082,0.063,-0.705,0,0,24,0,0,0,0,181,47,1.082,1,2206,0,336.090,6.894,179.063,280.875,44.750,0.449,0.160,2.000,1.527,-6.723,8.465,2.852,3.218,1.044,1.368,0,NULL,NULL,,3,0,2,7,255,1293,250,0,0
stim,153109,183230,0,183230,3380524.454,-0.701,0.097,0.065,-0.703,0,0,25,0,0,0,0,185,47,1.082,1,2206,0,349.678,8.498,193.875,286.063,53.438,0.551,0.156,2.098,1.527,-8.359,8.496,2.786,3.152,1.044,1.368,0,NULL,NULL,,3,0,2,7,255,1293,250,0,0
stim,153109,183230,0,183230,3380529.455,-0.701,0.112,0.068,-0.701,0,0,27,0,0,0,0,176,47,1.082,1,2206,0,359.453,10.072,202.250,290.250,63.688,0.609,0.133,2.227,1.168,-10.004,9.000,2.714,3.082,1.044,1.368,0,NULL,NULL,,3,0,2,7,255,1293,250,0,0
stim,153109,183230,0,183230,3380534.453,-0.701,0.127,0.070,-0.698,0,0,27,0,0,0,0,181,47,1.082,1,2206,0,363.533,11.367,203.063,292.375,73.750,0.633,0.125,2.340,0.590,-11.352,9.820,2.638,3.006,1.044,1.368,0,NULL,NULL,,3,0,2,7,255,1293,250,0,0
stim,153109,183230,0,183230,3380539.455,-0.701,0.143,0.073,-0.695,0,0,27,0,0,0,0,177,47,1.082,1,2206,0,362.706,12.399,198.688,292.313,81.438,0.648,0.141,2.414,0.121,-12.398,10.516,2.558,2.926,1.044,1.368,0,NULL,NULL,,3,0,2,7,255,1293,250,0,0
stim,153109,183230,0,183230,3380544.453,-0.701,0.158,0.075,-0.691,0,0,28,0,0,0,0,219,47,1.082,1,2206,0,360.319,13.278,196.563,288.375,89.625,0.598,0.102,2.543,-0.109,-13.277,10.863,2.474,2.842,1.044,1.368,0,NULL,NULL,,3,0,2,7,255,1293,250,0,0
stim,153109,183230,0,183230,3380549.455,-0.703,0.175,0.072,-0.686,0,0,29,0,0,0,0,233,47,1.082,1,2206,0,428.913,13.709,323.813,234.250,155.688,0.516,0.363,3.684,-0.242,-13.707,11.859,2.386,2.756,1.044,1.368,0,NULL,NULL,,3,0,2,7,255,1293,250,0,0
stim,153132,183253,0,183253,3380554.454,-0.703,0.187,0.075,-0.683,0,0,27,0,0,0,0,249,47,1.082,1,2206,0,288.167,17.282,136.375,245.375,65.063,0.695,0.262,3.992,-0.910,-17.258,22.527,2.292,2.662,1.044,1.368,0,NULL,NULL,,3,0,2,7,255,1293,250,0,0
stim,153132,183253,0,183253,3380559.455,-0.703,0.191,0.087,-0.680,0,0,26,0,0,0,0,261,47,1.082,1,2206,0,301.878,17.355,-129.375,272.625,8.250,0.969,-0.434,2.027,-1.836,-17.258,22.527,2.192,2.564,1.044,1.368,0,NULL,NULL,,3,0,2,7,255,1293,250,0,0
stim,153132,183253,0,183253,3380564.454,-0.704,0.197,0.098,-0.675,0,0,27,0,0,0,0,271,47,1.082,1,2206,0,301.454,16.668,-100.063,277.563,61.813,1.402,-0.035,0.379,-1.836,-16.566,4.230,2.090,2.464,1.044,1.368,0,NULL,NULL,,3,0,2,7,255,1293,250,0,0
stim,153132,183253,0,183253,3380569.455,-0.704,0.208,0.102,-0.671,0,0,27,0,0,0,0,269,47,1.082,1,2206,0,299.474,14.149,114.688,258.250,99.188,1.195,-0.156,0.254,-0.941,-14.117,-12.027,1.988,2.360,1.044,1.368,0,NULL,NULL,,3,0,2,7,255,1293,250,0,0
stim,153132,183253,0,183253,3380574.454,-0.704,0.225,0.099,-0.667,0,0,26,0,0,0,0,276,47,1.082,1,2206,0,397.322,14.149,304.563,224.813,120.688,0.875,-0.770,1.469,-0.941,-14.117,-12.027,1.884,2.256,1.044,1.368,0,NULL,NULL,,3,0,2,7,255,1293,250,0,0
stim,153132,183253,0,183253,3380579.455,-0.703,0.240,0.097,-0.663,0,0,26,0,0,0,0,295,47,1.082,1,2206,0,360.301,16.756,275.375,209.188,101.125,0.816,-1.141,2.449,-8.609,-14.375,-2.055,1.772,2.146,1.044,1.368,0,NULL,NULL,,3,0,2,7,255,1293,250,0,0
stim,153154,183275,0,183275,3380584.453,-0.703,0.251,0.097,-0.659,0,0,31,0,0,0,0,303,47,1.082,1,2206,0,277.393,21.186,168.500,199.938,92.625,1.043,-0.832,2.047,-10.219,-18.559,1.066,1.656,2.030,1.044,1.368,0,NULL,NULL,,3,0,2,7,255,1293,250,0,0
stim,153154,183275,0,183275,3380589.455,-0.703,0.262,0.097,-0.654,0,0,28,0,0,0,0,319,47,1.082,1,2206,0,275.774,21.186,167.750,187.500,112.938,1.180,-0.141,1.383,-10.219,-18.559,1.066,1.538,1.912,1.044,1.368,0,NULL,NULL,,3,0,2,7,255,1293,250,0,0
stim,153154,183275,0,183275,3380594.454,-0.703,0.275,0.094,-0.649,0,0,28,0,21,0,0,330,47,1.082,1,2206,0,326.603,17.714,243.563,171.438,134.000,1.113,0.145,1.633,-2.371,-17.555,-1.398,1.420,1.794,1.044,1.368,0,NULL,NULL,,3,0,2,7,255,1293,250,0,0
stim,153154,183275,0,183275,3380599.455,-0.702,0.288,0.091,-0.645,0,0,29,0,27,0,0,359,47,1.082,1,2206,0,307.807,17.714,243.563,161.438,96.750,0.777,-0.438,2.320,-2.371,-17.555,-1.398,1.298,1.672,1.044,1.368,0,NULL,NULL,,3,0,2,7,255,1293,250,0,0
stim,153154,183275,0,183275,3380604.454,-0.701,0.298,0.090,-0.642,0,0,31,0,37,0,0,377,47,1.082,1,2206,0,237.948,20.117,177.438,149.375,53.125,1.199,-0.898,2.387,-7.930,-18.488,0.852,1.170,1.542,1.044,1.368,0,NULL,NULL,,3,0,2,7,255,1293,250,0,0
stim,153154,183275,0,183275,3380609.455,-0.700,0.305,0.090,-0.640,0,0,27,0,59,0,0,398,47,1.082,1,2206,0,194.556,24.677,129.063,135.250,53.875,1.480,-0.805,2.039,-9.941,-22.586,0.852,1.040,1.410,1.044,1.368,0,NULL,NULL,,3,0,2,7,255,1293,250,0,0
stim,153214,183335,0,183335,3380614.453,-0.699,0.313,0.089,-0.637,0,0,27,0,79,0,0,411,47,1.082,1,2206,0,179.229,24.756,122.938,118.688,54.063,1.605,-0.762,1.738,-9.941,-22.672,-3.500,0.906,1.274,1.044,1.368,0,NULL,NULL,,3,0,2,7,255,1293,250,0,0
stim,153214,183335,0,183335,3380619.455,-0.698,0.320,0.089,-0.635,0,0,29,0,97,0,0,457,47,1.082,1,2206,0,166.965,24.439,126.438,103.813,33.375,1.703,-0.805,1.625,-8.645,-22.859,-6.695,0.770,1.134,1.044,1.368,0,NULL,NULL,,3,0,2,7,255,1293,250,0,0
stim,153214,183335,0,183335,3380624.454,-0.696,0.326,0.088,-0.634,0,0,24,0,105,0,0,473,47,1.082,1,2206,0,146.539,24.439,114.813,89.313,17.750,2.012,-0.961,1.586,-8.645,-22.859,-8.508,0.638,0.994,1.044,1.368,0,NULL,NULL,,3,0,2,7,255,1293,250,0,0
stim,153214,183335,0,183335,3380629.455,-0.695,0.331,0.087,-0.632,0,0,24,0,123,0,0,491,47,1.082,1,2206,0,126.924,26.865,100.250,75.313,19.688,2.164,-1.117,1.449,-9.500,-25.129,-11.215,0.514,0.856,1.044,1.368,0,NULL,NULL,,3,0,2,7,255,1293,250,0,0
stim,153214,183335,0,183335,3380634.454,-0.694,0.336,0.086,-0.631,0,0,23,0,123,0,0,495,47,1.082,1,2206,0,121.720,27.540,103.875,56.625,28.625,2.215,-1.262,1.375,-10.344,-25.523,-13.824,0.402,0.722,1.044,1.368,0,NULL,NULL,,3,0,2,7,255,1293,250,0,0
stim,153214,183335,0,183335,3380639.455,-0.693,0.340,0.083,-0.630,0,0,23,0,135,0,0,503,47,1.082,1,2206,0,129.918,27.934,119.375,36.000,36.500,2.129,-1.277,1.461,-11.352,-25.523,-14.535,0.314,0.592,1.044,1.368,0,NULL,NULL,,3,0,2,7,255,1293,250,0,0
stim,153214,183335,0,183335,3380644.454,-0.692,0.345,0.080,-0.629,0,0,27,0,151,0,0,508,47,1.082,1,2206,0,133.038,27.957,128.313,13.375,32.500,1.941,-1.148,1.738,-11.902,-25.297,-14.535,0.258,0.464,1.044,1.368,0,NULL,NULL,,3,0,2,7,255,1293,250,0,0
stim,153214,183335,0,183335,3380649.455,-0.691,0.348,0.076,-0.629,0,0,25,0,155,0,0,521,47,1.082,1,2206,0,109.701,27.957,107.750,-9.188,18.438,1.797,-0.930,2.102,-11.902,-25.297,-11.215,0.270,0.346,1.044,1.368,0,NULL,NULL,,3,0,2,7,255,1293,250,0,0
stim,153214,183335,0,183335,3380654.453,-0.690,0.349,0.073,-0.630,0,0,25,0,151,0,0,522,47,1.082,1,2206,0,71.266,28.540,63.875,-30.063,9.750,1.680,-0.809,2.273,-11.383,-26.172,-7.086,0.318,0.254,1.044,1.368,0,NULL,NULL,,3,0,2,7,255,1293,250,0,0
stim,153214,183335,0,183335,3380659.455,-0.690,0.348,0.071,-0.630,0,0,29,0,124,0,0,523,47,1.082,1,2206,0,53.467,28.435,19.250,-49.875,0.813,1.410,-0.660,2.270,-11.117,-26.172,-4.762,0.368,0.206,1.044,1.368,0,NULL,NULL,,3,0,2,7,255,1293,250,0,0
stim,153214,183335,0,183335,3380664.454,-0.690,0.346,0.070,-0.632,0,0,17,0,45,0,0,555,47,1.082,1,2206,0,74.267,26.131,-24.438,-67.125,-20.313,1.238,-0.551,2.238,-10.363,-23.988,-2.742,0.400,0.204,1.044,1.368,0,NULL,NULL,,3,0,2,7,255,1293,250,0,0
stim,153214,183335,0,183335,3380669.455,-0.691,0.346,0.061,-0.632,25,0,5,293,33,0,0,610,47,1.082,1,2206,0,217.430,26.131,137.188,-149.375,78.375,0.496,-0.992,3.758,-10.363,-23.988,-1.527,0.406,0.240,1.044,1.368,0,NULL,NULL,,3,0,2,7,255,1293,250,0,0
stim,153244,183365,0,183365,3380674.454,-0.693,0.348,0.043,-0.630,531,0,0,903,11,51,0,637,47,1.082,1,2206,0,419.693,27.727,269.063,-251.188,201.625,0.809,0.996,6.875,-13.172,-24.398,12.145,0.410,0.286,1.044,1.368,0,NULL,NULL,,3,0,2,7,255,1293,250,0,0
stim,153244,183365,0,183365,3380679.455,-0.708,0.325,0.055,-0.625,1079,0,0,1372,0,225,0,695,47,1.082,1,2206,0,693.797,27.727,-664.250,-123.375,157.813,-0.711,0.988,3.934,-13.172,-24.398,27.742,0.426,0.332,1.044,1.368,0,NULL,NULL,,3,0,2,7,255,1293,250,0,0
stim,153244,183365,0,183365,3380684.453,-0.725,0.292,0.073,-0.619,1565,0,0,1741,0,499,0,758,47,1.082,1,2206,0,946.545,14.855,-916.375,-158.625,176.188,-0.313,2.508,-0.020,-4.090,-14.281,27.742,0.448,0.376,1.044,1.368,0,NULL,NULL,,3,0,2,7,255,1293,250,0,0
stim,153244,183365,0,183365,3380689.455,-0.737,0.272,0.082,-0.613,1968,0,0,1963,0,632,0,811,47,1.082,1,2207,0,603.496,20.140,-566.750,-122.250,167.500,-0.660,1.902,-1.898,19.613,4.574,-0.957,0.470,0.414,1.044,1.368,1,1279.000,-14.000,,3,0,2,7,255,1293,250,0,0
stim,153244,183365,0,183365,3380694.453,-0.743,0.263,0.081,-0.610,2199,0,0,2102,0,786,0,883,47,1.082,1,2207,0,242.305,25.927,-173.563,-127.813,110.688,-1.230,-0.262,-1.539,19.613,16.957,-17.535,0.470,0.434,1.044,1.368,1,NULL,NULL,,3,0,2,7,255,1293,250,0,0
stim,153244,183365,0,183365,3380699.455,-0.744,0.261,0.075,-0.610,2391,0,0,2212,0,943,0,958,47,1.082,1,2207,0,152.665,17.202,46.250,-133.375,58.125,-0.727,-0.594,0.563,-2.895,16.957,-17.535,0.438,0.434,1.044,1.368,1,NULL,NULL,,3,0,2,7,255,1293,250,0,0
stim,153282,183403,0,183403,3380704.453,-0.746,0.259,0.070,-0.609,2589,0,0,2463,0,1081,0,1015,47,1.082,1,2207,0,127.609,3.955,16.938,-112.813,57.188,0.023,1.148,1.625,-2.895,2.695,-3.578,0.400,0.430,1.044,1.368,1,NULL,NULL,,3,0,2,7,255,1293,250,0,0
stim,153282,183403,0,183403,3380709.455,-0.751,0.254,0.068,-0.606,2760,0,0,2649,0,1127,0,1055,47,1.082,1,2207,0,201.829,7.978,-95.375,-110.750,139.188,-0.375,1.648,1.613,7.809,-1.637,6.969,0.364,0.418,1.044,1.368,1,NULL,NULL,,3,0,2,7,255,1293,250,0,0
stim,153282,183403,0,183403,3380714.454,-0.761,0.242,0.067,-0.598,2843,0,0,2767,0,1135,0,1125,47,1.082,1,2207,0,393.204,7.978,-260.750,-161.563,246.000,-1.672,-0.145,1.063,7.809,-1.637,6.969,0.338,0.398,1.044,1.368,2,NULL,NULL,,3,0,2,7,255,1293,250,0,0
stim,153282,183403,0,183403,3380719.455,-0.767,0.228,0.068,-0.596,2927,0,0,2864,0,1128,0,1199,47,1.082,1,2207,0,341.496,12.123,-284.813,-163.188,94.188,-2.070,-0.832,-0.043,-7.590,9.453,5.414,0.326,0.360,1.044,1.368,2,NULL,NULL,,3,0,2,7,255,1293,250,0,0
stim,153311,183432,0,183432,3380724.454,-0.767,0.220,0.066,-0.599,2979,0,0,2941,0,1117,0,1283,47,1.082,1,2207,0,212.408,13.649,-113.688,-170.500,-55.875,-1.250,-0.250,-0.250,-7.590,11.344,-4.535,0.326,0.312,1.044,1.368,2,NULL,NULL,,3,0,2,7,255,1293,250,0,0
stim,153311,183432,0,183432,3380729.455,-0.765,0.216,0.060,-0.604,3001,0,0,2989,0,1113,0,1327,47,1.082,1,2207,0,209.188,12.591,25.188,-172.875,-115.063,-0.176,-0.105,1.043,-5.465,11.344,-4.535,0.328,0.264,1.044,1.368,2,NULL,NULL,,3,0,2,7,255,1293,250,0,0
stim,153311,183432,0,183432,3380734.453,-0.763,0.211,0.055,-0.608,3031,0,0,3035,0,1143,0,1378,47,1.082,1,2207,0,180.608,5.394,-6.938,-163.313,-76.813,0.512,-0.336,1.910,-4.617,-2.789,-0.160,0.332,0.224,1.044,1.368,2,NULL,NULL,,3,0,2,7,255,1293,250,0,0
stim,153311,183432,0,183432,3380739.455,-0.765,0.203,0.053,-0.609,3067,0,0,3089,0,1187,0,1421,47,1.082,1,2207,0,190.867,13.249,-113.813,-152.813,11.188,0.703,-0.570,1.703,-4.617,-12.418,2.027,0.332,0.194,1.044,1.368,2,NULL,NULL,,3,0,2,7,255,1293,250,0,0
stim,153311,183432,0,183432,3380744.453,-0.769,0.194,0.052,-0.606,3081,0,0,3119,0,1289,0,1454,47,1.082,1,2207,0,245.073,13.776,-178.000,-143.063,88.938,0.395,-1.000,1.145,-5.965,-12.418,2.027,0.330,0.180,1.044,1.368,2,NULL,NULL,,3,0,2,7,255,1293,250,0,0
stim,153311,183432,0,183432,3380749.455,-0.774,0.185,0.051,-0.603,3095,0,0,3145,0,1396,0,1489,47,1.082,1,2207,0,237.715,13.754,-155.625,-133.188,120.625,-0.113,-1.227,0.605,-9.883,-9.566,-2.672,0.332,0.170,1.044,1.368,2,NULL,NULL,,3,0,2,7,255,1293,250,0,0
stim,153311,183432,0,183432,3380754.454,-0.778,0.179,0.048,-0.600,3107,0,0,3163,0,1479,0,1508,47,1.082,1,2207,0,191.426,10.919,-84.688,-134.000,107.313,-0.477,-0.891,0.543,-10.289,-3.656,-5.164,0.336,0.162,1.044,1.368,2,NULL,NULL,,3,0,2,7,255,1293,250,0,0
stim,153311,183432,0,183432,3380759.455,-0.781,0.175,0.044,-0.598,3110,0,0,3171,0,1581,0,1568,47,1.082,1,2207,0,157.515,10.300,-30.125,-137.438,70.813,-0.559,-0.230,0.922,-10.289,0.484,-5.164,0.344,0.154,1.044,1.368,2,NULL,NULL,,3,0,2,7,255,1293,250,0,0
stim,153311,183432,0,183432,3380764.454,-0.782,0.170,0.040,-0.598,3117,0,0,3189,0,1709,0,1643,47,1.082,1,2207,0,146.183,4.813,-34.063,-138.625,31.500,-0.441,0.164,1.375,-4.789,0.484,-0.211,0.354,0.144,1.044,1.368,2,NULL,NULL,,3,0,2,7,255,1293,250,0,0
stim,153311,183432,0,183432,3380769.455,-0.784,0.164,0.037,-0.598,3128,0,0,3189,0,1804,0,1693,47,1.082,1,2207,0,153.029,1.296,-71.438,-133.938,19.375,-0.141,0.250,1.301,-1.285,0.164,3.086,0.366,0.138,1.044,1.368,2,NULL,NULL,,3,0,2,7,255,1293,250,0,0
stim,153342,183463,0,183463,3380774.454,-0.785,0.157,0.034,-0.598,3119,0,0,3193,77,1897,9,1739,47,1.082,1,2207,0,165.548,2.081,-100.250,-129.063,26.438,-0.098,0.090,1.191,-0.738,-1.945,3.086,0.376,0.134,1.044,1.368,2,NULL,NULL,,3,0,2,7,255,1293,250,0,0
stim,153342,183463,0,183463,3380779.455,-0.787,0.151,0.033,-0.598,3135,0,0,3193,136,1983,45,1785,47,1.082,1,2207,0,161.649,2.110,-102.875,-122.875,21.188,-0.094,-0.090,0.973,-0.738,-1.977,1.727,0.388,0.128,1.044,1.368,2,NULL,NULL,,3,0,2,7,255,1293,250,0,0
stim,153342,183463,0,183463,3380784.453,-0.788,0.145,0.031,-0.598,3125,0,0,3195,267,2051,57,1811,47,1.082,1,2207,0,142.645,3.114,-80.625,-117.188,10.688,-0.039,-0.176,0.910,-2.141,-2.262,-0.621,0.398,0.124,1.044,1.368,2,NULL,NULL,,3,0,2,7,255,1293,250,0,0
stim,153342,183463,0,183463,3380789.455,-0.789,0.140,0.029,-0.598,3127,0,0,3195,365,2109,71,1835,47,1.082,1,2207,0,127.997,3.291,-62.688,-111.313,7.938,0.023,-0.137,0.996,-2.211,-2.438,-0.645,0.412,0.116,1.044,1.368,2,NULL,NULL,,3,0,2,7,255,1293,250,0,0
stim,153364,183485,0,183485,3380794.454,-0.790,0.135,0.026,-0.598,3141,0,0,3195,611,2199,105,1951,47,1.082,1,2207,0,122.320,3.621,-61.250,-105.000,13.625,0.023,-0.008,1.105,-2.211,-2.867,-0.645,0.424,0.102,1.044,1.368,2,NULL,NULL,,3,0,2,7,255,1293,250,0,0
stim,153364,183485,0,183485,3380799.455,-0.791,0.130,0.024,-0.598,3143,0,0,3197,764,2249,234,2036,47,1.082,1,2207,0,113.766,3.058,-59.688,-96.000,12.813,-0.012,0.125,1.289,-1.063,-2.867,0.594,0.438,0.086,1.044,1.368,2,NULL,NULL,,3,0,2,7,255,1293,250,0,0
stim,153364,183485,0,183485,3380804.454,-0.790,0.128,0.024,-0.599,3130,0,0,3199,940,2286,203,2109,47,1.082,1,2207,0,69.372,2.867,-36.375,-55.188,-21.063,0.156,0.301,1.590,-0.031,-2.867,2.637,0.450,0.070,1.044,1.368,2,NULL,NULL,,3,0,2,7,255,1293,250,0,0
stim,153364,183485,0,183485,3380809.455,-0.790,0.125,0.024,-0.600,3143,0,0,3197,1067,2318,189,2165,47,1.082,1,2207,0,64.620,4.597,-42.250,-36.750,-32.250,0.414,0.715,1.176,1.844,-4.211,2.637,0.460,0.060,1.044,1.368,2,NULL,NULL,,3,0,2,7,255,1293,250,0,0
stim,153364,183485,0,183485,3380814.453,-0.789,0.123,0.023,-0.601,3139,0,0,3195,1171,2345,199,2200,47,1.082,1,2207,0,51.493,7.986,-22.375,-33.688,-31.875,0.262,0.883,1.371,6.785,-4.211,3.973,0.468,0.056,1.044,1.368,2,NULL,NULL,,3,0,2,7,255,1293,250,0,0
stim,153364,183485,0,183485,3380819.455,-0.789,0.120,0.025,-0.603,3127,0,0,3197,1239,2375,176,2237,47,1.082,1,2207,0,81.057,7.488,-70.313,-16.188,-36.938,-0.215,0.211,1.574,6.785,-3.168,3.973,0.474,0.050,1.044,1.368,2,NULL,NULL,,3,0,2,7,255,1293,250,0,0
stim,153408,183529,0,183529,3380824.454,-0.787,0.116,0.028,-0.605,3128,5,0,3192,1321,2392,165,2284,47,1.082,1,2207,0,138.832,0.855,-122.125,-12.938,-64.750,-0.273,-0.020,0.973,0.141,-0.844,3.973,0.484,0.044,1.044,1.368,2,NULL,NULL,,3,0,2,7,255,1293,250,0,0
stim,153408,183529,0,183529,3380829.456,-0.785,0.112,0.030,-0.608,3141,25,0,3209,1399,2397,159,2314,47,1.082,1,2207,0,123.772,0.435,-81.938,-12.375,-91.938,-0.156,0.051,0.656,-0.391,0.191,-0.047,0.492,0.038,1.044,1.368,2,NULL,NULL,,3,0,2,7,255,1293,250,0,0
stim,153408,183529,0,183529,3380834.454,-0.783,0.111,0.031,-0.611,3138,49,0,3205,1483,2423,170,2347,47,1.082,1,2207,0,102.507,0.435,-32.750,-12.125,-96.375,0.066,0.043,0.887,-0.391,0.191,-1.391,0.502,0.032,1.044,1.368,2,NULL,NULL,,3,0,2,7,255,1293,250,0,0
stim,153408,183529,0,183529,3380839.455,-0.782,0.109,0.032,-0.613,3128,62,0,3211,1557,2439,171,2373,47,1.082,1,2207,0,76.574,2.371,-35.313,-12.688,-66.750,0.148,0.039,1.117,-0.016,-2.371,-1.391,0.508,0.030,1.044,1.368,2,NULL,NULL,,3,0,2,7,255,1293,250,0,0
stim,153408,183529,0,183529,3380844.454,-0.781,0.106,0.033,-0.615,3127,77,0,3211,1607,2443,181,2396,47,1.082,1,2207,0,69.547,2.371,-56.438,-9.813,-39.438,0.016,0.043,1.066,-0.016,-2.371,0.422,0.514,0.028,1.044,1.368,2,NULL,NULL,,3,0,2,7,255,1293,250,0,0
stim,153408,183529,0,183529,3380849.455,-0.780,0.104,0.034,-0.616,3128,103,3,3213,1651,2461,177,2413,47,1.082,1,2207,0,69.322,2.198,-56.125,-6.750,-40.125,-0.117,0.059,0.941,-0.168,-2.191,0.422,0.520,0.026,1.044,1.368,2,NULL,NULL,,3,0,2,7,255,1293,250,0,0
stim,153442,183563,0,183563,3380854.453,-0.779,0.103,0.035,-0.618,3134,117,4,3209,1693,2471,173,2429,47,1.082,1,2207,0,65.238,0.822,-39.375,-5.250,-51.750,-0.098,0.066,0.934,-0.168,-0.805,-0.504,0.528,0.022,1.044,1.368,2,NULL,NULL,,3,0,2,7,255,1293,250,0,0
stim,153442,183563,0,183563,3380859.457,-0.778,0.101,0.036,-0.620,3127,136,13,3208,1727,2479,171,2423,47,1.082,1,2207,0,59.068,0.808,-29.063,-3.375,-51.313,-0.035,0.059,1.012,-0.070,-0.805,-0.504,0.532,0.020,1.044,1.368,2,NULL,NULL,,3,0,2,7,255,1293,250,0,0
stim,153442,183563,0,183563,3380864.453,-0.777,0.100,0.037,-0.621,3127,187,37,3217,1769,2489,165,2458,47,1.082,1,2207,0,50.497,1.357,-29.813,-2.375,-40.688,-0.066,0.035,1.047,-0.070,-1.355,0.023,0.538,0.016,1.044,1.368,2,NULL,NULL,,3,0,2,7,255,1293,250,0,0
stim,153442,183563,0,183563,3380869.455,-0.776,0.098,0.038,-0.622,3129,205,67,3219,1802,2502,149,2474,47,1.082,1,2207,0,49.385,1.381,-33.125,-2.188,-36.563,-0.129,0.043,1.027,-0.262,-1.355,0.316,0.542,0.010,1.044,1.368,2,NULL,NULL,,3,0,2,7,255,1293,250,0,0
stim,153442,183563,0,183563,3380874.454,-0.775,0.097,0.038,-0.623,3123,231,101,3212,1819,2504,135,2483,47,1.082,1,2207,0,50.070,0.777,-29.750,-1.375,-40.250,-0.152,0.035,0.977,-0.313,-0.711,0.316,0.546,0.006,1.044,1.368,2,NULL,NULL,,3,0,2,7,255,1293,250,0,0
stim,153442,183563,0,183563,3380879.455,-0.774,0.096,0.039,-0.625,3127,233,137,3209,1852,2508,125,2490,47,1.082,1,2207,0,49.982,0.688,-23.688,-1.063,-44.000,-0.141,-0.004,0.977,-0.367,-0.582,-0.148,0.000,0.000,1.044,1.368,2,NULL,NULL,,3,0,2,7,255,1293,250,0,0
stim,153442,183563,0,183563,3380884.454,-0.773,0.095,0.040,-0.626,3117,234,143,3209,1891,2515,133,2501,47,1.082,1,2207,0,47.641,0.922,-19.813,-1.063,-43.313,-0.105,-0.063,0.988,-0.715,-0.582,-0.184,0.000,0.000,1.044,1.368,2,NULL,NULL,,3,0,2,7,255,1293,250,0,0
stim,153442,183563,0,183563,3380889.455,-0.772,0.094,0.040,-0.627,3115,249,217,3205,1901,2513,132,2451,47,1.082,1,2207,0,38.906,1.582,-18.500,-1.625,-34.188,-0.066,-0.109,0.996,-1.180,-1.055,-0.184,0.000,0.000,1.044,1.368,2,NULL,NULL,,3,0,2,7,255,1293,250,0,0
stim,153461,183582,0,183582,3380894.454,-0.771,0.093,0.041,-0.628,3123,252,239,3211,1911,2529,135,2505,47,1.082,1,2207,0,28.332,2.001,-20.375,-1.563,-19.625,-0.090,-0.121,0.988,-1.523,-1.297,-0.184,0.000,0.000,1.044,1.368,2,NULL,NULL,,3,0,2,7,255,1293,250,0,0
stim,153461,183582,0,183582,3380899.455,-0.771,0.092,0.042,-0.628,3109,251,293,3211,1927,2524,133,2506,47,1.082,1,2207,0,24.289,2.101,-22.000,-3.813,-9.563,-0.156,-0.109,0.973,-1.652,-1.297,-0.234,0.000,0.000,1.044,1.368,2,NULL,NULL,,3,0,2,7,255,1293,250,0,0
stim,153461,183582,0,183582,3380904.453,-0.771,0.091,0.042,-0.629,3103,263,325,3207,1943,2521,135,2507,47,1.082,1,2207,0,21.494,1.758,-17.625,-4.688,-11.375,-0.211,-0.066,0.953,-1.652,-0.602,-0.234,0.000,0.000,1.044,1.368,2,NULL,NULL,,3,0,2,7,255,1293,250,0,0
stim,153461,183582,0,183582,3380909.455,-0.771,0.091,0.042,-0.629,3097,245,346,3183,1960,2520,133,2507,47,1.082,1,2207,0,23.015,1.311,-12.313,-5.375,-18.688,-0.191,-0.027,0.969,-1.309,-0.078,-0.234,0.000,0.000,1.044,1.368,2,NULL,NULL,,3,0,2,7,255,1293,250,0,0
stim,153489,183611,0,183611,3380914.453,-0.770,0.090,0.043,-0.630,3097,236,378,3179,1961,2517,139,2523,47,1.035,1,2207,1,23.829,1.058,-11.000,-6.063,-20.250,-0.137,-0.055,0.973,-1.055,-0.078,-0.223,0.000,0.000,1.072,1.346,2,NULL,NULL,,3,0,2,7,255,1293,250,0,0
stim,153489,183611,0,183611,3380919.455,-0.770,0.089,0.043,-0.631,3087,235,409,3168,1973,2511,141,2521,47,1.035,1,2207,1,19.501,1.236,-11.375,-6.375,-14.500,-0.129,-0.082,0.957,-1.055,-0.645,-0.223,0.006,0.006,1.072,1.346,2,NULL,NULL,,3,0,2,7,255,1293,250,0,0
stim,153514,183635,0,183635,3380924.454,-0.769,0.088,0.043,-0.631,3080,237,443,3162,1993,2519,146,2521,47,1.035,1,2207,1,15.310,1.236,-8.688,-7.250,-10.313,-0.152,-0.055,0.941,-1.055,-0.645,-0.406,0.012,0.010,1.072,1.346,2,NULL,NULL,,3,0,2,7,255,1293,250,0,0
stim,153514,183635,0,183635,3380929.455,-0.769,0.088,0.043,-0.631,3080,234,460,3156,1997,2510,142,2533,47,1.035,1,2207,1,15.107,1.135,-3.063,-7.813,-12.563,-0.164,0.004,0.957,-1.051,-0.430,-0.406,0.018,0.016,1.072,1.346,2,NULL,NULL,,3,0,2,7,255,1293,250,0,0
stim,153514,183635,0,183635,3380934.454,-0.769,0.088,0.043,-0.632,3067,230,525,3147,2011,2520,146,2525,47,1.035,1,2207,1,17.286,0.641,0.313,-8.250,-15.188,-0.141,0.051,0.992,-0.496,-0.406,-0.320,0.022,0.020,1.072,1.346,2,NULL,NULL,,3,0,2,7,255,1293,250,0,0
stim,153514,183635,0,183635,3380939.455,-0.768,0.087,0.042,-0.633,3062,221,554,3143,2024,2517,149,2528,47,1.035,1,2207,1,16.421,0.407,0.063,-8.375,-14.125,-0.129,0.074,1.016,-0.020,-0.406,0.020,0.026,0.024,1.072,1.346,2,NULL,NULL,,3,0,2,7,255,1293,250,0,0
stim,153514,183635,0,183635,3380944.453,-0.768,0.087,0.042,-0.633,3053,219,600,3125,2037,2503,147,2537,47,1.035,1,2207,1,15.340,0.476,-1.250,-8.438,-12.750,-0.133,0.109,1.016,0.242,-0.410,0.230,0.030,0.028,1.072,1.346,2,NULL,NULL,,3,0,2,7,255,1293,250,0,0
stim,153514,183635,0,183635,3380949.455,-0.768,0.087,0.042,-0.633,3035,219,633,3126,2053,2513,148,2539,47,1.035,1,2207,1,15.474,0.687,-1.188,-8.688,-12.750,-0.133,0.133,1.012,0.551,-0.410,0.238,0.034,0.030,1.072,1.346,2,NULL,NULL,,3,0,2,7,255,1293,250,0,0
stim,153514,183635,0,183635,3380954.453,-0.767,0.087,0.041,-0.634,3029,217,657,3100,2069,2501,169,2549,47,1.035,1,2207,1,15.433,0.875,-1.063,-8.813,-12.625,-0.121,0.141,1.016,0.773,-0.410,0.266,0.036,0.032,1.072,1.346,2,NULL,NULL,,3,0,2,7,255,1293,250,0,0
stim,153514,183635,0,183635,3380959.455,-0.767,0.086,0.041,-0.634,3007,220,685,3091,2085,2501,179,2549,47,1.035,1,2207,1,14.164,0.986,-2.063,-9.063,-10.688,-0.117,0.141,1.020,0.871,-0.461,0.266,0.038,0.032,1.072,1.346,2,NULL,NULL,,3,0,2,7,255,1293,250,0,0
stim,153514,183635,0,183635,3380964.454,-0.767,0.086,0.041,-0.635,2995,219,713,3081,2107,2493,234,2491,47,1.035,1,2207,1,12.652,0.986,-3.000,-9.438,-7.875,-0.129,0.152,1.020,0.871,-0.461,0.273,0.040,0.032,1.072,1.346,2,NULL,NULL,,3,0,2,7,255,1293,250,0,0
stim,153514,183635,0,183635,3380969.455,-0.767,0.086,0.040,-0.635,2995,221,741,3068,2147,2495,261,2568,47,1.035,1,2207,1,12.420,1.033,-3.750,-9.938,-6.438,-0.137,0.172,1.020,0.969,-0.359,0.313,0.040,0.030,1.072,1.346,2,NULL,NULL,,3,0,2,7,255,1293,250,0,0
stim,153544,183665,0,183665,3380974.454,-0.767,0.085,0.040,-0.635,2973,229,767,3055,2181,2504,281,2573,47,1.035,1,2207,1,12.637,1.158,-3.938,-10.438,-5.938,-0.145,0.184,1.020,1.137,-0.219,0.316,0.040,0.028,1.072,1.346,2,NULL,NULL,,3,0,2,7,255,1293,250,0,0
stim,153544,183665,0,183665,3380979.455,-0.767,0.085,0.040,-0.635,2952,233,842,3045,2197,2492,299,2589,47,1.035,1,2207,1,13.251,1.248,-5.125,-10.500,-6.250,-0.141,0.184,1.031,1.238,-0.156,0.348,0.040,0.026,1.072,1.346,2,NULL,NULL,,3,0,2,7,255,1293,250,0,0
stim,153544,183665,0,183665,3380984.453,-0.767,0.084,0.039,-0.635,2932,248,908,3031,2219,2495,357,2599,47,1.035,1,2207,1,14.098,1.248,-7.250,-10.313,-6.313,-0.145,0.160,1.035,1.238,-0.156,0.453,0.040,0.024,1.072,1.346,2,NULL,NULL,,3,0,2,7,255,1293,250,0,0
stim,153544,183665,0,183665,3380989.455,-0.766,0.084,0.039,-0.636,2911,245,968,3020,2249,2493,383,2607,47,1.035,1,2207,1,16.164,1.058,-9.250,-10.375,-8.250,-0.152,0.164,1.016,1.047,-0.156,0.453,0.040,0.020,1.072,1.346,2,NULL,NULL,,3,0,2,7,255,1293,250,0,0
stim,153544,183665,0,183665,3380994.454,-0.766,0.083,0.039,-0.636,2892,253,1047,3007,2275,2493,413,2620,47,1.035,1,2207,1,17.960,1.009,-9.688,-10.313,-11.063,-0.160,0.160,1.008,1.008,-0.047,0.328,0.040,0.016,1.072,1.346,2,NULL,NULL,,3,0,2,7,255,1293,250,0,0
stim,153544,183665,0,183665,3380999.455,-0.766,0.083,0.039,-0.637,2871,263,1130,2995,2313,2493,486,2632,47,1.035,1,2207,1,21.724,1.008,-11.563,-10.188,-15.313,-0.168,0.109,1.004,1.008,0.031,0.230,0.040,0.012,1.072,1.346,2,NULL,NULL,,3,0,2,7,255,1293,250,0,0
stim,153574,183695,0,183695,3381004.453,-0.765,0.082,0.039,-0.637,2847,275,1199,2981,2339,2492,583,2643,47,1.035,1,2207,1,26.256,0.520,-14.063,-10.438,-19.563,-0.168,0.043,0.992,0.520,0.031,0.215,0.040,0.010,1.072,1.346,2,NULL,NULL,,3,0,2,7,255,1293,250,0,0
stim,153574,183695,0,183695,3381009.455,-0.765,0.081,0.039,-0.638,2827,275,1261,2969,2366,2492,667,2653,47,1.035,1,2207,1,28.484,0.140,-15.313,-11.313,-21.188,-0.145,0.012,0.973,-0.129,-0.055,0.047,0.042,0.008,1.072,1.346,2,NULL,NULL,,3,0,2,7,255,1293,250,0,0
stim,153574,183695,0,183695,3381014.454,-0.764,0.080,0.039,-0.639,2797,287,1333,2958,2395,2505,779,2665,47,1.035,1,2207,1,29.904,0.398,-15.063,-11.000,-23.375,-0.156,-0.008,0.961,-0.367,-0.152,-0.191,0.042,0.008,1.072,1.346,2,NULL,NULL,,3,0,2,7,255,1293,250,0,0
stim,153574,183695,0,183695,3381019.455,-0.764,0.079,0.039,-0.640,2777,311,1445,2939,2423,2494,872,2675,47,1.035,1,2207,1,31.985,0.556,-14.688,-11.875,-25.813,-0.164,-0.008,0.973,-0.535,-0.152,-0.191,0.044,0.008,1.072,1.346,2,NULL,NULL,,3,0,2,7,255,1293,250,0,0
stim,153612,183733,0,183733,3381024.454,-0.763,0.078,0.040,-0.641,2757,312,1543,2931,2459,2505,949,2678,47,1.035,1,2207,1,36.502,0.571,-16.938,-12.063,-30.000,-0.164,-0.016,0.984,-0.555,-0.137,-0.141,0.044,0.008,1.072,1.346,2,NULL,NULL,,3,0,2,7,255,1293,250,0,0
stim,153612,183733,0,183733,3381029.455,-0.762,0.077,0.040,-0.642,2728,319,1603,2916,2483,2500,1041,2692,47,1.035,1,2207,1,39.555,0.605,-19.375,-12.375,-32.188,-0.141,-0.023,0.984,-0.590,-0.137,-0.074,0.046,0.010,1.072,1.346,2,NULL,NULL,,3,0,2,7,255,1293,250,0,0
stim,153612,183733,0,183733,3381034.454,-0.761,0.076,0.040,-0.643,2700,339,1707,2902,2500,2494,1113,2699,47,1.035,1,2207,1,40.872,0.662,-22.125,-13.000,-31.813,-0.141,-0.020,0.980,-0.590,-0.301,-0.074,0.046,0.010,1.072,1.346,2,NULL,NULL,,3,0,2,7,255,1293,250,0,0
stim,153612,183733,0,183733,3381039.455,-0.761,0.074,0.040,-0.644,2669,359,1797,2887,2525,2494,1207,2713,47,1.035,1,2207,1,42.550,0.648,-25.188,-14.125,-31.250,-0.148,-0.008,0.988,-0.574,-0.301,-0.074,0.048,0.010,1.072,1.346,2,NULL,NULL,,3,0,2,7,255,1293,250,0,0
stim,153612,183733,0,183733,3381044.454,-0.760,0.073,0.041,-0.645,2636,371,1861,2871,2552,2495,1312,2724,47,1.035,1,2207,1,46.110,0.504,-27.500,-13.875,-34.313,-0.137,0.008,0.988,-0.426,-0.270,-0.055,0.048,0.010,1.072,1.346,2,NULL,NULL,,3,0,2,7,255,1293,250,0,0
stim,153612,183733,0,183733,3381049.455,-0.759,0.071,0.041,-0.646,2599,407,1932,2853,2581,2501,1395,2734,47,1.035,1,2207,1,45.298,0.381,-27.625,-14.563,-32.813,-0.113,0.000,0.969,-0.270,-0.270,-0.055,0.048,0.008,1.072,1.346,2,NULL,NULL,,3,0,2,7,255,1293,250,0,0
stim,153612,183733,0,183733,3381054.454,-0.758,0.070,0.042,-0.647,2551,423,2023,2837,2599,2502,1498,2743,47,1.035,1,2207,1,41.088,0.561,-24.875,-14.750,-29.188,-0.102,-0.023,0.957,-0.270,-0.492,-0.262,0.050,0.006,1.072,1.346,2,NULL,NULL,,3,0,2,7,255,1293,250,0,0
stim,153612,183733,0,183733,3381059.455,-0.758,0.069,0.042,-0.648,2508,431,2101,2813,2629,2507,1589,2749,47,1.035,1,2207,1,36.337,0.631,-20.688,-15.250,-25.688,-0.117,-0.020,0.973,-0.395,-0.492,-0.262,0.050,0.004,1.072,1.346,2,NULL,NULL,,3,0,2,7,255,1293,250,0,0
stim,153612,183733,0,183733,3381064.453,-0.757,0.068,0.042,-0.649,2474,456,2179,2799,2641,2505,1668,2776,47,1.035,1,2207,1,35.616,0.601,-19.125,-15.688,-25.625,-0.137,0.004,0.996,-0.395,-0.453,-0.215,0.050,0.002,1.072,1.346,2,NULL,NULL,,3,0,2,7,255,1293,250,0,0
stim,153612,183733,0,183733,3381069.455,-0.756,0.066,0.042,-0.650,2429,483,2246,2796,2670,2508,1747,2781,47,1.035,1,2207,1,38.103,0.291,-19.625,-16.063,-28.438,-0.141,0.031,1.012,-0.188,-0.223,0.047,0.052,0.004,1.072,1.346,2,NULL,NULL,,3,0,2,7,255,1293,250,0,0
stim,153641,183762,0,183762,3381074.454,-0.755,0.065,0.042,-0.651,2381,496,2302,2759,2684,2518,1837,2787,47,1.035,1,2207,1,42.890,0.237,-22.563,-16.188,-32.688,-0.129,0.039,1.043,0.082,-0.223,0.219,0.054,0.006,1.072,1.346,2,NULL,NULL,,3,0,2,7,255,1293,250,0,0
stim,153641,183762,0,183762,3381079.455,-0.755,0.064,0.042,-0.652,2321,519,2362,2732,2709,2509,1915,2797,47,1.035,1,2207,1,48.072,0.285,-29.813,-16.313,-34.000,-0.133,0.023,1.055,0.082,-0.273,0.477,0.054,0.008,1.072,1.346,2,NULL,NULL,,3,0,2,7,255,1293,250,0,0
stim,153641,183762,0,183762,3381084.454,-0.754,0.062,0.043,-0.653,2247,521,2413,2707,2720,2509,1979,2807,47,1.035,1,2207,1,54.442,0.286,-38.500,-16.688,-34.688,-0.129,0.016,1.055,0.051,-0.281,0.586,0.056,0.010,1.072,1.346,2,NULL,NULL,,3,0,2,7,255,1293,250,0,0
stim,153641,183762,0,183762,3381089.455,-0.753,0.060,0.044,-0.654,2183,531,2471,2670,2746,2531,2045,2813,47,1.035,1,2207,1,61.529,0.278,-45.000,-16.250,-38.688,-0.133,0.016,1.023,0.051,-0.273,0.586,0.056,0.010,1.072,1.346,2,NULL,NULL,,3,0,2,7,255,1293,250,0,0
stim,153664,183785,0,183785,3381094.454,-0.752,0.058,0.044,-0.655,2124,535,2515,2647,2750,2511,2108,2825,47,1.035,1,2207,1,58.993,0.310,-41.375,-16.625,-38.625,-0.090,0.020,0.941,0.074,-0.301,0.305,0.056,0.010,1.072,1.346,2,NULL,NULL,,3,0,2,7,255,1293,250,0,0
stim,153664,183785,0,183785,3381099.455,-0.751,0.056,0.045,-0.656,2057,547,2565,2617,2775,2515,2159,2841,47,1.035,1,2207,1,49.951,0.467,-32.000,-17.750,-34.000,-0.090,-0.027,0.941,0.074,-0.461,-0.574,0.058,0.010,1.072,1.346,2,NULL,NULL,,3,0,2,7,255,1293,250,0,0
stim,153664,183785,0,183785,3381104.453,-0.750,0.054,0.045,-0.657,1956,549,2589,2569,2787,2515,2218,2847,47,1.035,1,2207,1,45.002,0.563,-27.188,-17.813,-31.125,-0.105,-0.070,1.004,-0.250,-0.504,-0.574,0.060,0.008,1.072,1.346,2,NULL,NULL,,3,0,2,7,255,1293,250,0,0
stim,153664,183785,0,183785,3381109.455,-0.750,0.053,0.045,-0.658,1881,548,2628,2521,2799,2508,2261,2856,47,1.035,1,2207,1,45.714,0.806,-29.063,-18.375,-30.125,-0.113,-0.078,1.023,-0.629,-0.504,0.074,0.062,0.008,1.072,1.346,2,NULL,NULL,,3,0,2,7,255,1293,250,0,0
stim,153664,183785,0,183785,3381114.453,-0.749,0.051,0.045,-0.659,1799,541,2659,2473,2811,2507,2312,2861,47,1.035,1,2207,1,45.184,0.796,-30.313,-18.500,-27.938,-0.098,-0.047,1.008,-0.629,-0.488,0.109,0.064,0.008,1.072,1.346,2,NULL,NULL,,3,0,2,7,255,1293,250,0,0
stim,153664,183785,0,183785,3381119.455,-0.748,0.049,0.046,-0.660,1685,533,2685,2414,2835,2521,2356,2869,47,1.035,1,2207,1,45.944,0.546,-31.813,-18.875,-27.250,-0.117,-0.023,1.020,-0.355,-0.414,0.262,0.066,0.010,1.072,1.346,2,NULL,NULL,,3,0,2,7,255,1293,250,0,0
stim,153709,183830,0,183830,3381124.454,-0.748,0.048,0.046,-0.661,1593,521,2717,2347,2845,2515,2393,2875,47,1.035,1,2207,1,48.422,0.294,-33.750,-19.563,-28.688,-0.117,-0.027,1.004,-0.117,-0.270,0.109,0.068,0.010,1.072,1.346,2,NULL,NULL,,3,0,2,7,255,1293,250,0,0
stim,153709,183830,0,183830,3381129.455,-0.747,0.046,0.046,-0.662,1433,507,2749,2283,2867,2513,2429,2890,47,1.035,1,2207,1,45.766,0.294,-29.750,-19.750,-28.625,-0.094,-0.039,0.965,-0.117,-0.270,0.090,0.068,0.010,1.072,1.346,2,NULL,NULL,,3,0,2,7,255,1293,250,0,0
stim,153709,183830,0,183830,3381134.454,-0.746,0.044,0.046,-0.663,1307,487,2775,2207,2873,2505,2477,2902,47,1.035,1,2207,1,38.749,0.457,-22.750,-21.125,-23.188,-0.051,-0.043,0.957,-0.184,-0.418,-0.313,0.070,0.012,1.072,1.346,2,NULL,NULL,,3,0,2,7,255,1293,250,0,0
stim,153709,183830,0,183830,3381139.455,-0.746,0.043,0.046,-0.663,1175,459,2791,2131,2873,2505,2511,2903,47,1.035,1,2207,1,30.303,0.500,-17.688,-21.375,-12.188,-0.086,-0.027,1.012,-0.184,-0.465,-0.313,0.072,0.012,1.072,1.346,2,NULL,NULL,,3,0,2,7,255,1293,250,0,0
stim,153709,183830,1,183830,3381144.453,-0.746,0.042,0.046,-0.663,1061,421,2827,2007,2893,2489,2543,2916,47,1.035,1,2207,1,34.837,0.465,-21.563,-21.875,-16.438,-0.168,-0.016,1.066,-0.016,-0.465,0.121,0.074,0.012,1.072,1.346,2,NULL,NULL,,3,1,2,7,255,1293,250,0,0
stim,153709,183830,1,183830,3381149.455,-0.745,0.040,0.046,-0.664,905,376,2843,1892,2903,2479,2575,2919,47,1.035,1,2207,1,42.823,0.107,-26.375,-22.375,-25.250,-0.148,-0.039,1.043,-0.016,0.105,0.504,0.076,0.014,1.072,1.346,2,NULL,NULL,,3,1,2,7,255,1293,250,0,0
stim,153732,183853,1,183853,3381154.453,-0.744,0.039,0.046,-0.665,733,351,2853,1740,2915,2471,2592,2915,47,1.035,1,2207,1,44.445,0.202,-25.125,-22.750,-28.750,-0.102,-0.070,0.996,-0.172,0.105,0.504,0.078,0.014,1.072,1.346,2,NULL,NULL,,3,1,2,7,255,1293,250,0,0
stim,153734,183855,1,183855,3381159.456,-0.744,0.037,0.046,-0.666,575,304,2871,1561,2921,2463,2623,2917,47,1.035,1,2207,1,39.631,0.336,-19.063,-24.000,-25.125,-0.078,-0.047,0.992,-0.172,-0.289,0.031,0.080,0.016,1.072,1.346,2,NULL,NULL,,3,1,2,7,255,1293,250,0,0
stim,153734,183855,1,183855,3381164.454,-0.743,0.036,0.045,-0.667,419,276,2885,1419,2932,2459,2644,2931,47,1.035,1,2207,1,36.826,0.317,-15.813,-25.375,-21.500,-0.102,-0.023,1.023,-0.129,-0.289,0.031,0.084,0.018,1.072,1.346,2,NULL,NULL,,3,1,2,7,255,1293,250,0,0
stim,153734,183855,1,183855,3381169.455,-0.743,0.035,0.045,-0.667,315,225,2900,1191,2942,2445,2666,2935,47,1.035,1,2207,1,36.065,0.239,-12.375,-27.063,-20.375,-0.117,0.016,1.063,0.105,-0.215,0.273,0.086,0.020,1.072,1.346,2,NULL,NULL,,3,1,2,7,255,1293,250,0,0
stim,153734,183855,1,183855,3381174.454,-0.742,0.033,0.044,-0.668,179,175,2908,987,2953,2429,2685,2939,47,1.035,1,2207,1,42.405,0.348,-18.063,-27.563,-26.688,-0.113,0.000,1.070,0.340,-0.074,0.648,0.090,0.020,1.072,1.346,2,NULL,NULL,,3,1,2,7,255,1293,250,0,0
stim,153734,183855,1,183855,3381179.455,-0.741,0.032,0.044,-0.669,95,141,2919,805,2963,2393,2705,2942,47,1.035,1,2207,1,41.761,0.348,-16.438,-29.813,-24.188,-0.059,-0.027,1.051,0.340,-0.074,0.648,0.092,0.022,1.072,1.346,2,NULL,NULL,,3,1,2,7,255,1293,250,0,0
stim,153759,183880,1,183880,3381184.453,-0.741,0.030,0.043,-0.670,40,98,2927,603,2972,2399,2725,2953,47,1.035,1,2207,1,43.172,0.667,-18.125,-30.875,-24.125,-0.031,0.000,1.035,0.340,-0.574,0.496,0.092,0.022,1.072,1.346,2,NULL,NULL,,3,1,2,7,255,1293,250,0,0
stim,153759,183880,1,183880,3381189.455,-0.741,0.029,0.042,-0.670,12,45,2934,428,2980,2375,2747,2956,47,1.035,1,2207,1,36.657,0.727,-5.938,-34.125,-12.000,-0.066,0.043,1.047,0.445,-0.574,0.422,0.094,0.020,1.072,1.346,2,NULL,NULL,,3,1,2,7,255,1293,250,0,0
stim,153759,183880,1,183880,3381194.454,-0.740,0.028,0.041,-0.670,0,36,2939,293,2989,2342,2775,2961,47,1.035,1,2207,1,38.819,0.909,-2.500,-37.125,-11.063,-0.086,0.070,1.051,0.824,-0.383,0.422,0.094,0.020,1.072,1.346,2,NULL,NULL,,3,1,2,7,255,1293,250,0,0
stim,153759,183881,1,183881,3381199.455,-0.740,0.027,0.040,-0.671,0,23,2951,203,2997,2311,2795,2964,47,1.035,1,2207,1,43.984,0.870,-3.375,-38.188,-21.563,-0.102,0.051,1.055,0.863,-0.109,0.477,0.096,0.018,1.072,1.346,2,NULL,NULL,,3,1,2,7,255,1293,250,0,0
stim,153759,183881,1,183881,3381204.454,-0.740,0.026,0.038,-0.672,0,7,2957,159,3004,2294,2811,2968,47,1.035,1,2207,1,48.647,0.864,13.375,-44.063,-15.688,-0.215,-0.012,1.180,0.863,0.035,0.551,0.096,0.016,1.072,1.346,2,NULL,NULL,,3,1,2,7,255,1293,250,0,0
stim,153759,183881,1,183881,3381209.455,-0.740,0.026,0.035,-0.671,0,0,2963,121,3005,2279,2834,2970,47,1.035,1,2207,1,78.582,1.035,54.313,-55.938,9.813,-0.441,-0.098,1.590,0.199,1.016,1.875,0.096,0.016,1.072,1.346,2,NULL,NULL,,3,1,2,7,255,1293,250,0,0
stim,153791,183912,1,183912,3381214.453,-0.740,0.025,0.032,-0.671,0,0,2965,85,3020,2247,2843,2969,47,1.035,1,2207,1,67.467,1.339,14.313,-65.188,9.875,-0.277,-0.020,1.703,0.199,1.324,6.109,0.096,0.016,1.072,1.346,2,NULL,NULL,,3,1,2,7,255,1293,250,0,0
stim,153791,183912,1,183912,3381219.455,-0.740,0.021,0.033,-0.671,0,0,2973,70,3027,2216,2858,2974,47,1.035,1,2207,0,94.395,1.509,-72.063,-59.000,-15.375,-0.117,-0.203,1.227,-0.723,1.324,6.109,0.096,0.016,1.072,1.346,3,NULL,NULL,,3,1,2,7,255,1293,250,0,0
stim,153813,183934,1,183934,3381224.454,-0.740,0.017,0.032,-0.671,0,0,2975,13,3033,2167,2877,2975,47,1.035,1,2207,0,87.926,1.168,-57.750,-65.938,6.938,-0.051,-0.160,0.926,-1.168,0.008,2.320,0.098,0.014,1.072,1.346,3,NULL,NULL,,3,1,2,7,255,1293,250,0,0
stim,153813,183934,1,183934,3381229.455,-0.742,0.014,0.030,-0.670,0,0,2975,0,3039,2115,2889,2979,47,1.035,1,2207,0,81.550,1.168,-10.875,-73.438,33.750,-0.195,-0.082,0.914,-1.168,0.008,-0.660,0.098,0.014,1.072,1.346,3,NULL,NULL,,3,1,2,7,255,1293,250,0,0
stim,153813,183934,1,183934,3381234.454,-0.742,0.013,0.028,-0.669,0,0,2973,0,3046,2045,2895,2971,47,1.035,1,2207,0,79.820,1.345,9.563,-77.813,15.000,-0.242,-0.012,1.039,-0.551,1.227,-0.660,0.100,0.014,1.072,1.346,3,NULL,NULL,,3,1,2,7,255,1293,250,0,0
stim,153813,183934,1,183934,3381239.455,-0.743,0.011,0.025,-0.669,0,0,2969,0,3051,1967,2919,2981,47,1.035,1,2207,0,82.759,1.487,14.750,-81.313,4.438,-0.215,-0.082,1.191,-0.484,1.406,0.480,0.100,0.014,1.072,1.346,3,NULL,NULL,,3,1,2,7,255,1293,250,0,0
stim,153813,183934,1,183934,3381244.454,-0.743,0.009,0.022,-0.669,0,0,2972,0,3049,1879,2917,2973,47,1.035,1,2207,0,85.759,1.487,6.375,-85.250,6.813,-0.188,-0.184,1.230,-0.484,1.406,1.969,0.102,0.016,1.072,1.346,3,NULL,NULL,,3,1,2,7,255,1293,250,0,0
stim,153813,183934,1,183934,3381249.455,-0.743,0.006,0.020,-0.669,0,0,2967,0,3053,1789,2927,2972,47,1.035,1,2207,0,88.261,1.800,-1.000,-87.875,8.188,-0.148,-0.211,1.152,-1.441,1.078,1.969,0.100,0.018,1.072,1.346,3,NULL,NULL,,3,1,2,7,255,1293,250,0,0
stim,153813,183934,1,183934,3381254.453,-0.744,0.003,0.017,-0.668,0,0,2969,0,3065,1698,2943,2967,47,1.035,1,2207,0,93.227,1.894,0.875,-92.313,13.000,-0.129,-0.211,1.074,-1.715,0.805,1.621,0.098,0.024,1.072,1.346,3,NULL,NULL,,3,1,2,7,255,1293,250,0,0
stim,153813,183934,1,183934,3381259.455,-0.744,0.001,0.014,-0.668,0,0,2958,0,3067,1583,2955,2969,47,1.035,1,2207,0,98.105,1.894,3.563,-96.500,17.313,-0.133,-0.148,1.109,-1.715,0.805,1.133,0.092,0.032,1.072,1.346,3,NULL,NULL,,3,1,2,7,255,1293,250,0,0
stim,153813,183934,1,183934,3381264.453,-0.745,-0.002,0.010,-0.667,0,0,2943,0,3091,1439,2975,2950,47,1.035,1,2207,0,100.441,1.451,9.688,-98.813,15.188,-0.184,-0.113,1.039,-1.137,0.902,0.852,0.088,0.038,1.072,1.346,3,NULL,NULL,,3,1,2,7,255,1293,250,0,0
stim,153813,183934,1,183934,3381269.455,-0.745,-0.004,0.007,-0.667,0,0,2935,0,3079,1293,2972,2965,47,1.035,1,2207,0,104.683,1.787,20.375,-102.563,4.938,-0.207,-0.113,1.074,-0.934,1.523,0.781,0.086,0.042,1.072,1.346,3,NULL,NULL,,3,1,2,7,255,1293,250,0,0
stim,153844,183965,1,183965,3381274.454,-0.745,-0.006,0.003,-0.667,0,0,2926,0,3083,1133,2981,2961,47,1.035,1,2207,0,108.830,1.773,21.375,-106.500,-6.688,-0.160,-0.109,1.133,-0.906,1.523,0.781,0.084,0.044,1.072,1.346,3,NULL,NULL,,3,1,2,7,255,1293,250,0,0
stim,153844,183965,1,183965,3381279.455,-0.745,-0.009,-0.002,-0.667,0,0,2916,0,3087,951,2987,2955,47,1.035,1,2207,0,115.093,1.757,25.250,-112.125,-6.063,-0.109,-0.133,1.133,-0.934,1.488,1.309,0.080,0.050,1.072,1.346,3,NULL,NULL,,3,1,2,7,255,1293,250,0,0
stim,153844,183965,1,183965,3381284.454,-0.745,-0.011,-0.006,-0.667,0,0,2895,0,3087,731,2995,2942,47,1.035,1,2207,0,118.899,1.523,29.125,-115.250,-2.500,-0.109,-0.055,1.195,-0.824,1.281,1.336,0.074,0.056,1.072,1.346,3,NULL,NULL,,3,1,2,7,255,1293,250,0,0
stim,153844,183965,1,183965,3381289.455,-0.745,-0.014,-0.011,-0.667,0,0,2877,0,3087,598,3000,2935,47,1.035,1,2207,0,123.348,1.317,24.188,-120.938,-1.938,-0.105,0.055,1.281,-0.305,1.281,1.879,0.068,0.064,1.072,1.346,3,NULL,NULL,,3,1,2,7,255,1293,250,0,0
stim,153844,183965,1,183965,3381294.453,-0.745,-0.017,-0.015,-0.666,0,0,2863,0,3091,503,3005,2924,47,1.035,1,2207,0,127.955,1.563,17.438,-126.750,-1.688,-0.066,0.137,1.320,0.750,1.371,2.676,0.064,0.072,1.072,1.346,3,NULL,NULL,,3,1,2,7,255,1293,250,0,0
stim,153844,183965,1,183965,3381299.455,-0.745,-0.020,-0.020,-0.666,0,0,2829,0,3092,353,3021,2910,47,1.035,1,2207,0,134.239,2.091,8.813,-133.750,7.313,-0.004,0.188,1.281,1.578,1.371,2.676,0.060,0.080,1.072,1.346,3,NULL,NULL,,3,1,2,7,255,1293,250,0,0
stim,153873,183994,1,183994,3381304.453,-0.746,-0.023,-0.025,-0.665,0,0,2807,0,3091,171,3016,2892,47,1.035,1,2207,0,137.994,2.493,9.625,-137.188,11.375,-0.051,0.227,1.230,2.082,1.371,2.641,0.058,0.086,1.072,1.346,3,NULL,NULL,,3,1,2,7,255,1293,250,0,0
stim,153873,183994,1,183994,3381309.455,-0.746,-0.027,-0.030,-0.665,0,0,2777,0,3093,101,3020,2871,47,1.035,1,2207,0,145.142,2.758,3.938,-144.375,14.375,-0.035,0.219,1.313,2.305,1.516,2.641,0.056,0.092,1.072,1.346,3,NULL,NULL,,3,1,2,7,255,1293,250,0,0
stim,153873,183994,1,183994,3381314.454,-0.747,-0.031,-0.035,-0.664,0,0,2740,0,3091,31,3023,2845,47,1.035,1,2207,0,150.813,2.842,1.500,-149.750,17.813,-0.047,0.254,1.348,2.363,1.578,2.922,0.054,0.098,1.072,1.346,3,NULL,NULL,,3,1,2,7,255,1293,250,0,0
stim,153873,183994,1,183994,3381319.455,-0.747,-0.036,-0.040,-0.663,0,0,2705,0,3091,0,3029,2813,47,1.035,1,2207,0,156.448,3.117,-1.938,-155.375,18.188,-0.086,0.242,1.414,2.441,1.938,3.219,0.052,0.104,1.072,1.346,3,NULL,NULL,,3,1,2,7,255,1293,250,0,0
stim,153911,184032,1,184032,3381324.454,-0.747,-0.040,-0.044,-0.662,0,0,2653,0,3089,0,3029,2779,47,1.035,1,2207,0,164.138,3.531,-13.813,-162.563,18.000,-0.090,0.230,1.473,2.441,2.551,3.801,0.048,0.110,1.072,1.346,3,NULL,NULL,,3,1,2,7,255,1293,250,0,0
stim,153911,184032,1,184032,3381329.455,-0.748,-0.046,-0.049,-0.661,0,0,2569,0,3087,0,3037,2733,47,1.035,1,2207,0,169.287,3.677,-25.750,-166.688,14.500,-0.059,0.227,1.559,2.336,2.840,4.336,0.044,0.116,1.072,1.346,3,NULL,NULL,,3,1,2,7,255,1293,250,0,0
stim,153911,184032,1,184032,3381334.453,-0.748,-0.051,-0.054,-0.660,0,0,2531,0,3079,0,3034,2684,47,1.035,1,2207,0,179.076,3.670,-26.563,-175.375,24.625,-0.129,0.176,1.672,2.305,2.855,5.152,0.040,0.122,1.072,1.346,3,NULL,NULL,,3,1,2,7,255,1293,250,0,0
stim,153911,184032,1,184032,3381339.455,-0.749,-0.058,-0.059,-0.658,0,0,2474,0,3068,0,3031,2635,47,1.035,1,2207,0,192.436,4.380,-28.875,-186.625,37.000,-0.203,0.211,1.797,2.027,3.883,6.145,0.034,0.126,1.072,1.346,3,NULL,NULL,,3,1,2,7,255,1293,250,0,0
stim,153911,184032,1,184032,3381344.453,-0.749,-0.065,-0.064,-0.656,0,0,2407,0,3061,0,3029,2577,47,1.035,1,2207,0,207.969,5.486,-43.125,-199.688,38.938,-0.305,0.234,1.906,2.027,5.098,7.148,0.026,0.132,1.072,1.346,3,NULL,NULL,,3,1,2,7,255,1293,250,0,0
stim,153911,184032,1,184032,3381349.455,-0.750,-0.073,-0.069,-0.654,0,0,2332,0,3047,18,3023,2487,47,1.035,1,2207,0,227.062,6.930,-68.250,-213.313,37.375,-0.344,0.297,1.863,2.168,6.582,7.254,0.018,0.138,1.072,1.346,3,NULL,NULL,,3,1,2,7,255,1293,250,0,0
stim,153911,184032,1,184032,3381354.454,-0.750,-0.083,-0.074,-0.652,0,0,2237,0,3043,45,3019,2375,47,1.035,1,2207,0,243.807,7.818,-79.313,-228.375,31.563,-0.359,0.352,1.816,2.766,7.313,7.254,0.012,0.146,1.072,1.346,3,NULL,NULL,,3,1,2,7,255,1293,250,0,0
stim,153911,184032,1,184032,3381359.455,-0.750,-0.093,-0.079,-0.650,0,0,2137,0,3027,53,3015,2283,47,1.035,1,2207,0,260.699,8.401,-89.625,-243.438,25.875,-0.320,0.367,1.781,3.316,7.719,6.574,0.010,0.154,1.072,1.346,3,NULL,NULL,,3,1,2,7,255,1293,250,0,0
stim,153911,184032,1,184032,3381364.453,-0.749,-0.103,-0.085,-0.648,0,0,2031,0,3012,62,2981,2170,47,1.035,1,2207,0,280.070,8.448,-93.500,-262.063,31.938,-0.340,0.336,1.770,3.336,7.762,6.125,0.020,0.164,1.072,1.346,3,NULL,NULL,,3,1,2,7,255,1293,250,0,0
stim,153911,184032,1,184032,3381369.455,-0.749,-0.114,-0.091,-0.646,0,0,1947,0,2991,75,2957,2065,47,1.035,1,2207,0,297.373,8.969,-97.313,-279.250,31.313,-0.359,0.395,1.816,3.582,8.223,5.875,0.032,0.178,1.072,1.346,3,NULL,NULL,,3,1,2,7,255,1293,250,0,0
stim,153943,184064,1,184064,3381374.454,-0.748,-0.126,-0.098,-0.644,0,0,1838,0,2982,79,2935,1959,47,1.035,1,2207,0,315.839,9.838,-109.563,-295.313,23.250,-0.316,0.434,1.824,3.973,9.000,5.773,0.044,0.192,1.072,1.346,3,NULL,NULL,,3,1,2,7,255,1293,250,0,0
stim,153943,184064,1,184064,3381379.455,-0.747,-0.139,-0.105,-0.642,0,0,1753,0,2940,82,2892,1877,47,1.035,1,2207,0,329.158,10.028,-103.938,-311.750,18.813,-0.293,0.391,1.898,4.211,9.102,5.875,0.060,0.206,1.072,1.346,3,NULL,NULL,,3,1,2,7,255,1293,250,0,0
stim,153943,184064,1,184064,3381384.454,-0.746,-0.151,-0.113,-0.639,0,0,1684,0,2909,79,2840,1785,47,1.035,1,2207,0,340.847,10.409,-85.250,-329.250,22.438,-0.395,0.324,2.203,4.211,9.520,6.301,0.076,0.224,1.072,1.346,3,NULL,NULL,,3,1,2,7,255,1293,250,0,0
stim,153943,184064,1,184064,3381389.455,-0.744,-0.163,-0.121,-0.636,0,0,1598,0,2864,75,2781,1660,47,1.035,1,2207,0,357.099,12.641,-88.438,-345.250,22.375,-0.617,0.391,2.555,4.168,11.934,8.477,0.094,0.246,1.072,1.346,3,NULL,NULL,,3,1,2,7,255,1293,250,0,0
stim,153964,184085,0,184085,3381394.454,-0.742,-0.177,-0.129,-0.633,0,0,1471,0,2812,72,2685,1555,47,1.035,1,2207,0,384.830,16.496,-123.000,-364.438,12.250,-0.762,0.441,2.660,4.168,15.961,9.992,0.114,0.270,1.072,1.346,3,NULL,NULL,,3,0,2,7,255,1299,250,0,0
stim,153964,184085,0,184085,3381399.455,-0.739,-0.193,-0.138,-0.631,0,0,1369,0,2749,55,2571,1445,47,1.035,1,2207,0,406.739,18.039,-144.938,-379.438,-21.375,-0.641,0.332,2.586,4.168,17.551,9.992,0.138,0.298,1.072,1.346,3,NULL,NULL,,3,0,2,7,255,1299,250,0,0
stim,153964,184085,0,184085,3381404.453,-0.734,-0.208,-0.146,-0.630,0,0,1221,0,2681,18,2423,1316,47,1.035,1,2207,0,420.956,17.973,-150.063,-391.125,-41.313,-0.426,0.227,2.434,3.875,17.551,9.363,0.168,0.330,1.072,1.346,3,NULL,NULL,,3,0,2,7,255,1299,250,0,0
stim,153964,184085,0,184085,3381409.455,-0.729,-0.224,-0.155,-0.628,0,0,1072,0,2555,0,2229,1193,47,1.035,1,2207,0,429.628,15.890,-150.375,-401.188,-31.875,-0.320,0.117,2.313,3.246,15.555,8.543,0.202,0.366,1.072,1.346,3,NULL,NULL,,3,0,2,7,255,1299,250,0,0
stim,153964,184085,0,184085,3381414.454,-0.725,-0.240,-0.164,-0.624,0,0,859,0,2432,0,1963,1077,47,1.035,1,2207,0,435.468,15.019,-144.688,-410.500,-13.688,-0.316,-0.016,2.266,2.457,14.816,7.605,0.238,0.406,1.072,1.346,3,NULL,NULL,,3,0,2,7,255,1299,250,0,0
stim,153964,184085,0,184085,3381419.455,-0.721,-0.256,-0.174,-0.620,0,0,677,0,2271,0,1645,956,47,1.035,1,2207,0,448.840,14.650,-144.688,-424.875,2.000,-0.262,-0.246,2.047,1.277,14.594,6.902,0.278,0.446,1.072,1.346,3,NULL,NULL,,3,0,2,7,255,1299,250,0,0
stim,154008,184129,0,184129,3381424.454,-0.717,-0.272,-0.183,-0.615,0,0,489,0,2039,0,1243,821,47,1.035,1,2207,0,462.940,13.622,-142.875,-439.813,21.563,-0.098,-0.465,1.559,-0.934,13.590,5.297,0.320,0.490,1.072,1.346,3,NULL,NULL,,3,0,2,7,255,1299,250,0,0
stim,154008,184129,0,184129,3381429.455,-0.713,-0.288,-0.194,-0.610,0,0,337,0,1789,0,725,697,47,1.035,1,2207,0,460.914,10.273,-108.750,-447.375,21.688,0.156,-0.484,0.973,-3.129,9.785,2.402,0.364,0.536,1.072,1.346,3,NULL,NULL,,3,0,2,7,255,1299,250,0,0
stim,154008,184129,0,184129,3381434.454,-0.710,-0.301,-0.207,-0.603,0,0,251,0,1478,0,278,551,47,1.035,1,2207,0,456.780,5.607,-5.438,-456.063,25.000,0.297,-0.371,0.941,-3.129,4.652,-0.477,0.414,0.586,1.072,1.346,3,NULL,NULL,,3,0,2,7,255,1299,250,0,0
stim,154008,184129,0,184129,3381439.455,-0.708,-0.310,-0.223,-0.594,0,0,175,0,1124,0,36,455,47,1.035,1,2207,0,472.577,5.143,88.375,-461.375,51.500,0.141,-0.023,1.563,-2.191,4.652,-0.477,0.472,0.646,1.072,1.346,3,NULL,NULL,,3,0,2,7,255,1299,250,0,0
stim,154008,184129,0,184129,3381444.453,-0.707,-0.321,-0.238,-0.583,0,0,117,0,709,0,0,347,47,1.035,1,2207,0,476.691,9.858,84.063,-460.250,91.313,-0.105,0.246,2.156,1.230,9.781,1.949,0.538,0.712,1.072,1.346,3,NULL,NULL,,3,0,2,7,255,1299,250,0,0
stim,154008,184129,0,184129,3381449.455,-0.706,-0.333,-0.250,-0.572,0,0,111,0,327,0,0,300,47,1.035,1,2207,0,479.119,16.644,7.188,-461.125,129.875,-0.336,0.254,2.199,2.895,16.391,1.949,0.612,0.786,1.072,1.346,3,NULL,NULL,,3,0,2,7,255,1299,250,0,0
stim,154031,184152,0,184152,3381454.453,-0.705,-0.349,-0.260,-0.560,0,0,87,0,12,0,0,167,47,1.035,1,2207,0,500.100,18.031,-59.563,-465.125,173.813,-0.574,0.344,1.824,2.895,17.797,1.219,0.686,0.864,1.072,1.346,3,NULL,NULL,,3,0,2,7,255,1299,250,0,0
stim,154031,184152,0,184152,3381459.455,-0.703,-0.365,-0.268,-0.548,0,0,55,0,0,0,0,83,47,1.035,1,2207,0,504.310,18.031,-101.188,-458.438,184.188,-0.738,0.723,1.340,2.895,17.797,-3.793,0.760,0.942,1.072,1.346,4,NULL,NULL,,3,0,2,7,255,1299,250,0,0
stim,154031,184152,0,184152,3381464.453,-0.700,-0.381,-0.276,-0.538,0,0,26,0,0,0,0,17,47,1.035,1,2207,0,480.237,16.505,-115.563,-441.500,149.500,-0.637,1.066,1.020,5.629,15.516,-9.457,0.836,1.018,1.072,1.346,0,NULL,NULL,,3,0,2,7,255,1299,250,0,0
stim,154031,184152,0,184152,3381469.455,-0.696,-0.395,-0.284,-0.528,0,0,35,0,0,0,0,9,47,1.035,1,2207,0,448.237,15.524,-111.563,-418.313,116.125,-0.398,1.211,1.000,8.828,12.770,-11.098,0.908,1.092,1.072,1.346,0,NULL,NULL,,3,0,2,7,255,1299,250,0,0
stim,154031,184152,0,184152,3381474.454,-0.691,-0.410,-0.291,-0.519,0,0,37,0,0,0,0,33,47,1.035,1,2207,0,431.880,15.294,-125.313,-399.125,107.313,-0.324,0.824,1.195,8.828,12.488,-11.098,0.970,1.156,1.072,1.346,0,NULL,NULL,,3,0,2,7,255,1299,250,0,0
stim,154031,184152,0,184152,3381479.455,-0.686,-0.425,-0.296,-0.511,0,0,35,0,0,0,0,61,47,1.035,1,2207,0,422.423,14.478,-160.625,-375.125,109.188,-0.176,0.344,1.426,7.324,12.488,-8.992,1.022,1.210,1.072,1.346,0,NULL,NULL,,3,0,2,7,255,1299,250,0,0
stim,154058,184179,0,184179,3381484.453,-0.681,-0.438,-0.301,-0.505,0,0,55,0,0,0,0,77,47,1.035,1,2207,0,364.501,13.672,-170.750,-314.813,67.813,-0.164,-0.051,1.434,3.371,13.250,-5.898,1.068,1.260,1.072,1.346,0,NULL,NULL,,3,0,2,7,255,1299,250,0,0
stim,154058,184179,0,184179,3381489.455,-0.676,-0.449,-0.304,-0.499,0,0,59,0,0,0,0,131,47,1.035,1,2207,0,318.666,13.430,-159.063,-268.875,62.875,-0.297,-0.008,1.660,0.027,13.430,-5.715,1.110,1.306,1.072,1.346,0,NULL,NULL,,3,0,2,7,255,1299,250,0,0
stim,154058,184179,0,184179,3381494.453,-0.670,-0.461,-0.304,-0.496,0,0,59,0,0,0,0,176,47,1.035,1,2207,0,303.483,15.973,-202.000,-218.938,58.000,-0.453,0.230,1.840,0.027,15.973,-5.715,1.168,1.366,1.072,1.346,0,NULL,NULL,,3,0,2,7,255,1299,250,0,0
stim,154058,184179,0,184179,3381499.455,-0.663,-0.473,-0.302,-0.495,0,0,58,0,0,0,0,203,47,1.035,1,2207,0,326.314,16.071,-283.625,-157.563,34.813,-0.508,0.230,1.445,1.773,15.973,-7.512,1.236,1.436,1.072,1.346,0,NULL,NULL,,3,0,2,7,255,1299,250,0,0
stim,154058,184179,0,184179,3381504.454,-0.656,-0.485,-0.297,-0.497,0,0,59,0,0,0,0,221,47,1.035,1,2207,0,348.295,15.145,-335.188,-91.375,24.688,-0.383,0.410,0.758,2.031,15.008,-9.773,1.312,1.512,1.072,1.346,0,NULL,NULL,,3,0,2,7,255,1299,250,0,0
stim,154058,184179,0,184179,3381509.455,-0.649,-0.495,-0.289,-0.500,0,0,45,0,0,0,0,215,47,1.035,1,2207,0,337.324,8.910,-336.125,-21.563,18.500,-0.246,0.625,0.020,3.355,8.254,-11.961,1.390,1.592,1.072,1.346,0,NULL,NULL,,3,0,2,7,255,1299,250,0,0
stim,154089,184211,0,184211,3381514.454,-0.644,-0.502,-0.282,-0.505,0,0,37,0,0,0,0,185,47,1.035,1,2207,0,273.330,4.197,-269.750,43.875,4.375,-0.207,0.637,-0.547,4.105,0.871,-14.074,1.468,1.672,1.072,1.346,0,NULL,NULL,,3,0,2,7,255,1299,250,0,0
stim,154089,184211,0,184211,3381519.455,-0.640,-0.504,-0.276,-0.509,0,0,37,0,0,0,0,150,47,1.035,1,2207,0,205.701,6.117,-181.625,96.188,-8.563,-0.145,0.395,-0.609,4.105,-4.535,-14.441,1.542,1.746,1.072,1.346,0,NULL,NULL,,3,0,2,7,255,1299,250,0,0
stim,154115,184236,0,184236,3381524.454,-0.639,-0.505,-0.269,-0.514,0,0,33,0,0,0,0,118,47,1.035,1,2207,0,186.041,4.915,-124.500,138.000,-8.188,-0.105,0.043,-0.473,1.895,-4.535,-14.441,1.610,1.816,1.072,1.346,0,NULL,NULL,,3,0,2,7,255,1299,250,0,0
stim,154115,184236,0,184236,3381529.455,-0.639,-0.504,-0.262,-0.519,0,0,31,0,0,0,0,107,47,1.035,1,2207,0,200.958,4.077,-102.563,172.500,10.438,-0.063,-0.074,-0.461,-0.996,-3.953,-12.422,1.670,1.878,1.072,1.346,0,NULL,NULL,,3,0,2,7,255,1299,250,0,0
stim,154115,184236,0,184236,3381534.453,-0.640,-0.502,-0.254,-0.523,0,0,33,0,0,0,0,103,47,1.035,1,2207,0,211.605,4.401,-73.625,194.500,39.063,-0.098,-0.113,-0.609,-1.934,-3.953,-12.309,1.720,1.930,1.072,1.346,0,NULL,NULL,,3,0,2,7,255,1299,250,0,0
stim,154115,184236,0,184236,3381539.455,-0.643,-0.498,-0.247,-0.526,0,0,31,0,0,0,0,99,47,1.035,1,2207,0,220.766,5.406,-28.500,210.500,60.125,-0.184,0.023,-0.707,-2.121,-4.973,-12.309,1.764,1.976,1.072,1.346,0,NULL,NULL,,3,0,2,7,255,1299,250,0,0
stim,154115,184236,0,184236,3381544.453,-0.648,-0.493,-0.240,-0.529,0,0,29,0,0,0,0,83,47,1.035,1,2207,0,233.895,5.406,32.438,221.563,67.563,-0.266,0.141,-0.652,-2.121,-4.973,-13.988,1.808,2.020,1.072,1.346,0,NULL,NULL,,3,0,2,7,255,1299,250,0,0
stim,154115,184236,0,184236,3381549.455,-0.653,-0.486,-0.234,-0.531,0,0,28,0,0,0,0,78,47,1.035,1,2207,0,255.263,4.829,81.875,229.438,76.250,-0.250,0.160,-0.457,-1.207,-4.676,-14.273,1.850,2.066,1.072,1.346,0,NULL,NULL,,3,0,2,7,255,1299,250,0,0
stim,154115,184236,0,184236,3381554.454,-0.660,-0.478,-0.228,-0.533,0,0,23,0,0,0,0,70,47,1.035,1,2207,0,276.950,3.018,115.250,237.563,83.563,-0.320,0.199,-0.238,-0.520,-2.973,-14.273,1.892,2.108,1.072,1.346,0,NULL,NULL,,3,0,2,7,255,1299,250,0,0
stim,154115,184236,0,184236,3381559.455,-0.667,-0.469,-0.222,-0.534,0,0,28,0,0,0,0,57,47,1.035,1,2207,0,294.118,0.684,136.000,243.063,94.500,-0.375,0.293,-0.043,0.129,-0.672,-14.137,1.924,2.140,1.072,1.346,0,NULL,NULL,,3,0,2,7,255,1299,250,0,0
stim,154115,184236,0,184236,3381564.453,-0.675,-0.459,-0.217,-0.536,0,0,23,0,0,0,0,39,47,1.035,1,2207,0,302.745,1.583,151.375,247.438,86.688,-0.520,0.266,0.102,0.836,1.344,-14.137,1.954,2.172,1.072,1.346,0,NULL,NULL,,3,0,2,7,255,1299,250,0,0
stim,154115,184236,0,184236,3381569.455,-0.682,-0.449,-0.211,-0.537,0,0,26,0,0,0,0,43,47,1.035,1,2207,0,309.011,3.622,161.000,250.438,82.750,-0.512,0.328,0.281,1.211,3.414,-14.098,1.982,2.204,1.072,1.346,0,NULL,NULL,,3,0,2,7,255,1299,250,0,0
stim,154143,184264,0,184264,3381574.455,-0.689,-0.439,-0.207,-0.539,0,0,24,0,0,0,0,43,47,1.035,1,2207,0,309.871,5.014,165.000,253.438,67.563,-0.566,0.207,0.438,0.852,4.941,-13.605,2.012,2.236,1.072,1.346,0,NULL,NULL,,3,0,2,7,255,1299,250,0,0
stim,154143,184264,0,184264,3381579.455,-0.695,-0.429,-0.201,-0.540,0,0,22,0,0,0,0,43,47,1.035,1,2207,0,308.871,6.860,157.063,258.125,64.063,-0.527,0.281,0.570,1.781,6.625,-12.609,2.040,2.264,1.072,1.346,0,NULL,NULL,,3,0,2,7,255,1299,250,0,0
stim,154143,184264,0,184264,3381584.453,-0.701,-0.418,-0.196,-0.543,0,0,23,0,0,0,0,44,47,1.035,1,2207,0,308.631,7.645,151.250,265.375,44.188,-0.570,0.203,0.676,1.246,7.543,-11.742,2.064,2.290,1.072,1.346,0,NULL,NULL,,3,0,2,7,255,1299,250,0,0
stim,154143,184264,0,184264,3381589.455,-0.707,-0.407,-0.191,-0.546,0,0,24,0,0,0,0,43,47,1.035,1,2207,0,309.864,8.794,141.563,273.563,33.750,-0.578,0.219,0.750,1.504,8.664,-10.949,2.084,2.310,1.072,1.346,0,NULL,NULL,,3,0,2,7,255,1299,250,0,0
stim,154143,184264,0,184264,3381594.454,-0.712,-0.396,-0.185,-0.550,0,0,22,0,0,0,0,44,47,1.035,1,2207,0,315.726,9.417,138.313,283.500,13.438,-0.609,0.176,0.867,1.262,9.332,-10.383,2.100,2.328,1.072,1.346,0,NULL,NULL,,3,0,2,7,255,1299,250,0,0
stim,154143,184264,0,184264,3381599.455,-0.716,-0.385,-0.179,-0.554,0,0,21,0,0,0,0,45,47,1.035,1,2207,0,320.561,10.499,127.188,294.063,-10.500,-0.602,0.180,0.996,1.504,10.391,-9.504,2.114,2.344,1.072,1.346,0,NULL,NULL,,3,0,2,7,255,1299,250,0,0
stim,154175,184296,0,184296,3381604.453,-0.719,-0.374,-0.173,-0.560,0,0,22,0,0,0,0,53,47,1.035,1,2207,0,324.002,11.393,108.250,304.188,-27.000,-0.559,0.168,1.121,1.594,11.281,-8.367,2.128,2.360,1.072,1.346,0,NULL,NULL,,3,0,2,7,255,1299,250,0,0
stim,154175,184296,0,184296,3381609.455,-0.721,-0.363,-0.166,-0.566,0,0,22,0,0,0,0,57,47,1.035,1,2207,0,330.887,11.903,82.750,316.438,-50.063,-0.492,0.250,1.180,1.902,11.750,-6.938,2.142,2.376,1.072,1.346,0,NULL,NULL,,3,0,2,7,255,1299,250,0,0
stim,154175,184296,0,184296,3381614.453,-0.723,-0.353,-0.159,-0.573,0,0,22,0,0,0,0,54,47,1.035,1,2207,0,336.047,12.088,58.625,324.938,-62.500,-0.445,0.207,1.148,2.840,11.750,-6.063,2.160,2.396,1.072,1.346,0,NULL,NULL,,3,0,2,7,255,1299,250,0,0
stim,154175,184296,0,184296,3381619.455,-0.723,-0.343,-0.151,-0.580,0,0,23,0,0,0,0,73,47,1.035,1,2207,0,344.758,11.450,43.750,333.938,-73.688,-0.391,0.238,1.121,3.066,11.031,-5.531,2.180,2.418,1.072,1.346,0,NULL,NULL,,3,0,2,7,255,1299,250,0,0
stim,154212,184333,0,184333,3381624.454,-0.723,-0.332,-0.142,-0.588,0,0,21,0,0,0,0,92,47,1.035,1,2207,0,357.277,10.711,30.125,343.250,-94.438,-0.320,0.152,1.066,2.840,10.328,-5.152,2.206,2.446,1.072,1.346,0,NULL,NULL,,3,0,2,7,255,1299,250,0,0
stim,154212,184333,0,184333,3381629.455,-0.723,-0.322,-0.133,-0.597,0,0,22,0,0,0,0,105,47,1.035,1,2207,0,363.749,9.620,23.938,350.375,-94.750,-0.230,0.102,0.996,2.723,9.227,-4.555,2.234,2.476,1.072,1.346,0,NULL,NULL,,3,0,2,7,255,1299,250,0,0
stim,154212,184333,0,184333,3381634.454,-0.722,-0.311,-0.124,-0.605,0,0,21,0,0,0,0,121,47,1.035,1,2207,0,374.706,8.332,20.938,359.375,-104.000,-0.129,0.176,0.898,2.723,7.875,-4.316,2.266,2.510,1.072,1.346,0,NULL,NULL,,3,0,2,7,255,1299,250,0,0
stim,154212,184333,0,184333,3381639.455,-0.721,-0.300,-0.115,-0.614,0,0,22,0,0,0,0,143,47,1.035,1,2207,0,384.750,7.021,24.500,367.875,-110.000,0.086,0.129,0.746,3.000,6.348,-4.164,2.302,2.548,1.072,1.346,0,NULL,NULL,,3,0,2,7,255,1299,250,0,0
stim,154212,184333,0,184333,3381644.453,-0.721,-0.289,-0.106,-0.621,0,0,12,0,0,0,0,153,47,1.035,1,2207,0,389.098,4.634,40.500,375.000,-95.563,0.258,0.051,0.539,3.000,3.531,-4.316,2.342,2.588,1.072,1.346,0,NULL,NULL,,3,0,2,7,255,1299,250,0,0
stim,154212,184333,0,184333,3381649.455,-0.721,-0.275,-0.097,-0.628,0,0,12,0,0,0,0,163,47,1.035,1,2207,0,391.478,2.271,78.188,376.125,-75.313,0.285,0.066,0.453,2.145,0.746,-4.457,2.382,2.630,1.072,1.346,0,NULL,NULL,,3,0,2,7,255,1299,250,0,0
stim,154212,184333,0,184333,3381654.453,-0.722,-0.261,-0.089,-0.635,0,0,10,0,0,0,0,167,47,1.035,1,2207,0,398.038,2.151,117.063,375.813,-59.125,0.270,0.070,0.516,2.145,0.168,-4.547,2.424,2.674,1.072,1.346,0,NULL,NULL,,3,0,2,7,255,1299,250,0,0
stim,154212,184333,0,184333,3381659.455,-0.723,-0.246,-0.082,-0.640,0,0,12,0,0,0,0,165,47,1.035,1,2207,0,404.621,2.100,147.625,374.188,-43.688,0.277,0.031,0.605,2.094,0.168,-4.547,2.468,2.720,1.072,1.346,0,NULL,NULL,,3,0,2,7,255,1299,250,0,0
stim,154212,184333,0,184333,3381664.454,-0.725,-0.230,-0.076,-0.644,0,0,13,0,0,0,0,167,47,1.035,1,2207,0,412.520,2.179,181.063,369.875,-24.125,0.270,0.039,0.695,2.160,0.285,-3.637,2.512,2.766,1.072,1.346,0,NULL,NULL,,3,0,2,7,255,1299,250,0,0
stim,154212,184333,0,184333,3381669.455,-0.728,-0.213,-0.071,-0.648,0,0,16,0,0,0,0,158,47,1.035,1,2207,0,423.765,2.225,210.125,367.938,-6.813,0.227,0.121,0.836,2.160,0.535,-2.859,2.556,2.812,1.072,1.346,0,NULL,NULL,,3,0,2,7,255,1299,250,0,0
stim,154242,184363,0,184363,3381674.454,-0.731,-0.195,-0.066,-0.650,0,0,11,0,0,0,0,159,47,1.035,1,2207,0,431.434,3.315,228.625,365.813,6.875,0.113,0.230,1.020,3.059,1.277,-1.957,2.598,2.854,1.072,1.346,0,NULL,NULL,,3,0,2,7,255,1299,250,0,0
stim,154242,184363,0,184363,3381679.455,-0.734,-0.177,-0.061,-0.653,0,0,19,0,0,0,0,163,47,1.035,1,2207,0,435.778,5.013,240.625,363.063,13.688,-0.012,0.285,1.246,4.160,2.797,-0.879,2.638,2.896,1.072,1.346,0,NULL,NULL,,3,0,2,7,255,1299,250,0,0
stim,154242,184363,0,184363,3381684.453,-0.737,-0.159,-0.056,-0.655,0,0,19,0,0,0,0,155,47,1.035,1,2207,0,436.117,6.201,244.688,360.688,15.188,-0.098,0.238,1.492,4.344,4.426,0.836,2.674,2.934,1.072,1.346,0,NULL,NULL,,3,0,2,7,255,1299,250,0,0
stim,154242,184363,0,184363,3381689.455,-0.739,-0.141,-0.051,-0.656,0,0,20,0,0,0,0,155,47,1.035,1,2207,0,427.835,7.070,233.750,358.125,12.250,-0.145,0.223,1.727,4.344,5.578,3.191,2.702,2.964,1.072,1.346,0,NULL,NULL,,3,0,2,7,255,1299,250,0,0
stim,154263,184384,0,184384,3381694.453,-0.741,-0.124,-0.046,-0.658,0,0,20,0,0,0,0,153,47,1.035,1,2207,0,412.117,7.509,209.375,354.875,8.125,-0.172,0.215,1.887,4.227,6.207,5.531,2.728,2.990,1.072,1.346,0,NULL,NULL,,3,0,2,7,255,1299,250,0,0
stim,154263,184384,0,184384,3381699.455,-0.743,-0.108,-0.040,-0.660,0,0,23,0,0,0,0,157,47,1.035,1,2207,0,394.892,7.435,179.375,351.750,6.000,-0.180,0.227,1.969,4.094,6.207,7.246,2.750,3.014,1.072,1.346,0,NULL,NULL,,3,0,2,7,255,1299,250,0,0
stim,154263,184384,0,184384,3381704.454,-0.743,-0.093,-0.033,-0.661,0,0,21,0,0,0,0,155,47,1.035,1,2207,0,380.400,7.294,149.438,349.813,-1.938,-0.203,0.223,1.969,4.090,6.039,8.234,2.770,3.036,1.072,1.346,0,NULL,NULL,,3,0,2,7,255,1299,250,0,0
stim,154263,184384,0,184384,3381709.455,-0.744,-0.079,-0.025,-0.663,0,0,25,0,0,0,0,169,47,1.035,1,2207,0,366.360,6.857,125.125,344.125,-11.875,-0.188,0.230,1.969,3.848,5.676,8.422,2.786,3.054,1.072,1.346,0,NULL,NULL,,3,0,2,7,255,1299,250,0,0
stim,154263,184384,0,184384,3381714.454,-0.744,-0.066,-0.017,-0.665,0,0,25,0,0,0,0,175,47,1.035,1,2207,0,353.738,6.238,99.875,338.875,-17.875,-0.082,0.160,1.895,3.813,4.938,8.422,2.802,3.072,1.072,1.346,0,NULL,NULL,,3,0,2,7,255,1299,250,0,0
stim,154263,184384,0,184384,3381719.455,-0.743,-0.054,-0.009,-0.667,0,0,22,0,0,0,0,175,47,1.035,1,2207,0,342.019,4.478,83.125,331.563,-11.563,-0.047,0.078,1.758,3.117,3.215,8.262,2.820,3.090,1.072,1.346,0,NULL,NULL,,3,0,2,7,255,1299,250,0,0
stim,154310,184431,0,184431,3381724.454,-0.743,-0.041,-0.001,-0.668,0,0,20,0,0,0,0,181,47,1.035,1,2207,0,334.238,3.005,79.813,324.438,-9.250,-0.086,0.066,1.645,2.145,2.105,7.152,2.838,3.108,1.072,1.346,0,NULL,NULL,,3,0,2,7,255,1299,250,0,0
stim,154310,184431,0,184431,3381729.455,-0.742,-0.029,0.007,-0.669,0,0,23,0,0,0,0,179,47,1.035,1,2207,0,328.896,2.644,83.875,317.625,-15.875,-0.070,0.043,1.613,1.840,1.898,6.117,2.862,3.134,1.072,1.346,0,NULL,NULL,,3,0,2,7,255,1299,250,0,0
stim,154310,184431,0,184431,3381734.453,-0.742,-0.017,0.014,-0.671,0,0,21,0,0,0,0,179,47,1.035,1,2207,0,323.692,1.990,88.500,310.938,-16.188,-0.004,0.027,1.582,1.539,1.262,5.887,2.886,3.160,1.072,1.346,0,NULL,NULL,,3,0,2,7,255,1299,250,0,0
stim,154310,184431,0,184431,3381739.455,-0.741,-0.005,0.021,-0.671,0,0,27,0,0,0,0,173,47,1.035,1,2207,0,319.862,1.364,97.063,304.688,-7.500,0.008,0.035,1.563,1.355,0.148,5.625,2.914,3.188,1.072,1.346,0,NULL,NULL,,3,0,2,7,255,1299,250,0,0
stim,154310,184431,0,184431,3381744.454,-0.740,0.007,0.028,-0.672,0,0,23,0,0,0,0,174,47,1.035,1,2207,0,317.775,1.367,109.500,298.313,-0.563,-0.055,0.059,1.586,1.355,-0.180,5.625,2.942,3.218,1.072,1.346,0,NULL,NULL,,3,0,2,7,255,1299,250,0,0
stim,154310,184431,0,184431,3381749.455,-0.739,0.020,0.033,-0.672,0,0,21,0,0,0,0,173,47,1.035,1,2207,0,316.724,1.421,122.375,292.125,-1.250,-0.086,0.074,1.656,1.383,-0.328,5.699,2.970,3.246,1.072,1.346,0,NULL,NULL,,3,0,2,7,255,1299,250,0,0
stim,154333,184455,0,184455,3381754.454,-0.739,0.033,0.039,-0.672,0,0,23,0,0,0,0,173,47,1.035,1,2207,0,315.740,1.421,133.750,286.000,-2.563,-0.043,0.078,1.719,1.383,-0.328,6.371,2.998,3.276,1.072,1.346,0,NULL,NULL,,3,0,2,7,255,1299,250,0,0
stim,154333,184455,0,184455,3381759.455,-0.738,0.045,0.043,-0.672,0,0,23,0,0,0,1,173,47,1.035,1,2207,0,316.254,1.827,146.063,280.500,1.375,0.020,0.055,1.770,1.371,-1.207,6.945,3.022,3.300,1.072,1.346,0,NULL,NULL,,3,0,2,7,255,1299,250,0,0
stim,154333,184455,0,184455,3381764.453,-0.737,0.059,0.047,-0.672,0,0,23,0,0,0,0,171,47,1.035,1,2207,0,318.655,2.551,158.813,276.125,8.625,0.059,0.027,1.828,1.043,-2.328,7.375,3.044,3.324,1.072,1.346,0,NULL,NULL,,3,0,2,7,255,1299,250,0,0
stim,154334,184455,0,184455,3381769.455,-0.736,0.072,0.051,-0.671,0,0,23,0,0,0,0,176,47,1.035,1,2207,0,323.162,3.288,172.313,273.063,13.375,0.094,0.027,1.875,0.633,-3.227,7.805,3.062,3.344,1.072,1.346,0,NULL,NULL,,3,0,2,7,255,1299,250,0,0
stim,154334,184455,0,184455,3381774.454,-0.735,0.086,0.054,-0.671,0,0,22,0,0,0,0,173,47,1.035,1,2207,0,330.128,4.127,188.500,270.563,15.750,0.176,0.051,1.961,0.457,-4.102,8.117,3.076,3.358,1.072,1.346,0,NULL,NULL,,3,0,2,7,255,1299,250,0,0
stim,154334,184455,0,184455,3381779.455,-0.734,0.100,0.057,-0.670,0,0,25,0,0,0,0,183,47,1.035,1,2207,0,338.904,5.507,204.188,269.875,18.188,0.309,0.098,2.082,0.457,-5.488,8.699,3.088,3.372,1.072,1.346,0,NULL,NULL,,3,0,2,7,255,1299,250,0,0
stim,154355,184476,0,184476,3381784.454,-0.732,0.115,0.059,-0.669,0,0,26,0,0,0,0,191,47,1.035,1,2207,0,348.114,7.436,216.750,271.375,23.625,0.445,0.113,2.227,0.617,-7.410,9.453,3.098,3.382,1.072,1.346,0,NULL,NULL,,3,0,2,7,255,1299,250,0,0
stim,154355,184476,0,184476,3381789.455,-0.731,0.131,0.061,-0.667,0,0,29,0,0,0,0,199,47,1.035,1,2207,0,354.379,9.551,222.188,274.125,32.750,0.543,0.098,2.375,0.617,-9.531,10.348,3.106,3.392,1.072,1.346,0,NULL,NULL,,3,0,2,7,255,1299,250,0,0
stim,154355,184476,0,184476,3381794.454,-0.730,0.146,0.063,-0.665,0,0,27,0,0,0,0,201,47,1.035,1,2207,0,356.870,11.368,221.188,276.938,41.688,0.598,0.098,2.508,0.152,-11.367,11.246,3.110,3.396,1.072,1.346,0,NULL,NULL,,3,0,2,7,255,1299,250,0,0
stim,154355,184476,0,184476,3381799.455,-0.729,0.161,0.066,-0.662,0,0,29,0,0,0,0,204,47,1.035,1,2207,0,355.324,12.827,214.438,279.313,47.500,0.641,0.121,2.617,-0.250,-12.824,12.043,3.112,3.398,1.072,1.346,0,NULL,NULL,,3,0,2,7,255,1299,250,0,0
stim,154355,184476,0,184476,3381804.453,-0.728,0.175,0.069,-0.660,0,0,26,0,0,0,0,205,47,1.035,1,2207,0,348.107,14.084,199.313,281.313,48.125,0.703,0.156,2.664,-0.398,-14.078,12.500,3.110,3.398,1.072,1.346,0,NULL,NULL,,3,0,2,7,255,1299,250,0,0
stim,154355,184476,0,184476,3381809.455,-0.727,0.189,0.072,-0.656,0,0,25,0,0,0,0,215,47,1.035,1,2207,0,337.485,15.381,181.813,279.125,54.125,0.742,0.098,2.648,-0.414,-15.375,12.500,3.104,3.394,1.072,1.346,0,NULL,NULL,,3,0,2,7,255,1299,250,0,0
stim,154388,184509,0,184509,3381814.453,-0.726,0.203,0.076,-0.653,0,0,26,0,0,0,0,229,47,1.035,1,2207,0,324.472,16.323,164.875,272.750,60.875,0.785,0.039,2.617,-1.172,-16.281,11.738,3.094,3.386,1.072,1.346,0,NULL,NULL,,3,0,2,7,255,1299,250,0,0
stim,154388,184509,0,184509,3381819.455,-0.725,0.215,0.079,-0.649,0,0,29,0,0,0,0,233,47,1.035,1,2207,0,308.142,17.223,145.313,265.438,58.125,0.863,-0.059,2.477,-1.867,-17.121,10.762,3.080,3.372,1.072,1.346,0,NULL,NULL,,3,0,2,7,255,1299,250,0,0
stim,154419,184540,0,184540,3381824.454,-0.724,0.227,0.083,-0.646,0,0,27,0,0,0,0,239,47,1.035,1,2207,0,293.118,18.018,133.750,254.250,58.188,0.953,-0.180,2.281,-2.688,-17.816,8.617,3.060,3.352,1.072,1.346,0,NULL,NULL,,3,0,2,7,255,1299,250,0,0
stim,154419,184540,0,184540,3381829.455,-0.723,0.238,0.087,-0.642,0,0,30,0,0,0,0,267,47,1.035,1,2207,0,280.739,18.637,131.438,240.438,61.063,1.023,-0.313,2.098,-3.563,-18.293,5.891,3.032,3.326,1.072,1.346,0,NULL,NULL,,3,0,2,7,255,1299,250,0,0
stim,154419,184540,0,184540,3381834.454,-0.723,0.249,0.089,-0.639,0,0,26,0,0,0,0,288,47,1.035,1,2207,0,269.811,19.103,135.563,225.250,60.688,1.082,-0.457,1.949,-4.559,-18.551,3.281,2.998,3.292,1.072,1.346,0,NULL,NULL,,3,0,2,7,255,1299,250,0,0
stim,154419,184540,0,184540,3381839.455,-0.722,0.259,0.092,-0.635,0,0,30,0,0,0,0,316,47,1.035,1,2207,0,260.072,19.564,143.438,209.250,57.250,1.137,-0.570,1.852,-5.676,-18.723,1.039,2.956,3.252,1.072,1.346,0,NULL,NULL,,3,0,2,7,255,1299,250,0,0
stim,154419,184540,0,184540,3381844.453,-0.720,0.270,0.093,-0.632,0,0,27,0,0,0,0,340,47,1.035,1,2207,0,250.987,20.137,151.938,192.563,53.188,1.199,-0.637,1.809,-6.582,-19.031,-0.719,2.910,3.206,1.072,1.346,0,NULL,NULL,,3,0,2,7,255,1299,250,0,0
stim,154419,184540,0,184540,3381849.455,-0.719,0.280,0.094,-0.629,0,0,29,0,0,0,0,351,47,1.035,1,2207,0,240.718,20.809,157.500,175.375,48.813,1.277,-0.672,1.789,-7.082,-19.566,-1.953,2.858,3.154,1.072,1.346,0,NULL,NULL,,3,0,2,7,255,1299,250,0,0
stim,154419,184540,0,184540,3381854.453,-0.717,0.289,0.094,-0.627,0,0,27,0,0,0,0,367,47,1.035,1,2207,0,227.621,21.528,157.750,158.188,43.625,1.383,-0.680,1.773,-7.242,-20.273,-2.988,2.800,3.096,1.072,1.346,0,NULL,NULL,,3,0,2,7,255,1299,250,0,0
stim,154419,184540,0,184540,3381859.455,-0.716,0.298,0.094,-0.625,0,0,28,0,10,0,0,382,47,1.035,1,2207,0,211.396,22.384,151.688,142.563,36.813,1.582,-0.664,1.703,-7.242,-21.180,-4.063,2.734,3.030,1.072,1.346,0,NULL,NULL,,3,0,2,7,255,1299,250,0,0
stim,154419,184540,0,184540,3381864.454,-0.714,0.306,0.093,-0.623,0,0,27,0,25,0,0,404,47,1.035,1,2207,0,205.689,23.452,154.000,132.125,33.688,1.840,-0.602,1.488,-6.652,-22.488,-5.949,2.666,2.960,1.072,1.346,0,NULL,NULL,,3,0,2,7,255,1299,250,0,0
stim,154419,184540,0,184540,3381869.455,-0.712,0.315,0.093,-0.621,0,0,23,0,31,0,0,425,47,1.035,1,2207,0,197.520,24.360,157.938,117.750,14.313,2.004,-0.914,1.559,-6.652,-23.434,-9.105,2.596,2.890,1.072,1.346,0,NULL,NULL,,3,0,2,7,255,1299,250,0,0
stim,154444,184565,0,184565,3381874.454,-0.710,0.322,0.092,-0.620,0,0,21,0,48,0,0,456,47,1.035,1,2207,0,174.511,26.519,136.125,108.000,16.125,2.422,-1.297,1.504,-7.957,-25.297,-10.711,2.526,2.822,1.072,1.346,0,NULL,NULL,,3,0,2,7,255,1299,250,0,0
stim,154444,184565,0,184565,3381879.455,-0.709,0.328,0.091,-0.618,0,0,18,0,70,0,0,463,47,1.035,1,2207,0,152.788,30.204,114.063,91.938,43.375,2.559,-1.309,1.402,-10.078,-28.473,-14.875,2.454,2.750,1.072,1.346,0,NULL,NULL,,3,0,2,7,255,1299,250,0,0
stim,154444,184565,0,184565,3381884.453,-0.708,0.334,0.090,-0.616,0,0,20,0,79,0,0,485,47,1.035,1,2207,0,147.405,30.362,121.813,71.000,43.000,2.352,-1.492,1.125,-10.543,-28.473,-16.758,2.374,2.670,1.072,1.346,0,NULL,NULL,,3,0,2,7,255,1299,250,0,0
stim,154444,184565,0,184565,3381889.455,-0.706,0.341,0.086,-0.615,0,0,20,0,86,0,0,487,47,1.035,1,2207,0,183.506,28.592,174.563,49.563,27.313,2.449,-1.602,1.086,-11.469,-26.191,-18.688,2.288,2.586,1.072,1.346,0,NULL,NULL,,3,0,2,7,255,1299,250,0,0
stim,154444,184565,0,184565,3381894.454,-0.704,0.348,0.080,-0.614,0,0,23,0,83,0,0,493,47,1.035,1,2207,0,230.804,28.738,225.375,20.438,45.375,2.418,-1.414,1.563,-11.828,-26.191,-18.688,2.200,2.498,1.072,1.346,0,NULL,NULL,,3,0,2,7,255,1299,250,0,0
stim,154444,184565,0,184565,3381899.455,-0.702,0.355,0.073,-0.613,0,0,21,0,69,0,0,493,47,1.035,1,2207,0,217.566,30.871,208.500,-11.250,61.125,2.070,-0.859,2.379,-11.828,-28.516,-16.176,2.112,2.410,1.072,1.346,0,NULL,NULL,,3,0,2,7,255,1299,250,0,0
stim,154474,184595,0,184595,3381904.454,-0.701,0.358,0.068,-0.613,0,0,23,0,47,0,0,496,47,1.035,1,2207,0,140.939,30.256,132.125,-36.750,32.500,1.531,-0.418,2.695,-10.113,-28.516,-6.496,2.022,2.320,1.072,1.346,0,NULL,NULL,,3,0,2,7,255,1299,250,0,0
stim,154474,184595,0,184595,3381909.455,-0.700,0.358,0.065,-0.615,0,0,22,0,37,0,0,493,47,1.035,1,2207,0,85.552,29.134,58.750,-59.375,-18.500,1.480,-0.438,2.641,-8.910,-27.738,0.105,1.926,2.224,1.072,1.346,0,NULL,NULL,,3,0,2,7,255,1299,250,0,0
stim,154474,184595,0,184595,3381914.453,-0.700,0.356,0.063,-0.616,0,0,22,0,16,0,0,492,47,1.035,1,2207,0,81.133,28.362,-8.125,-79.875,-11.688,1.500,-0.539,2.504,-8.910,-26.926,0.105,1.822,2.120,1.072,1.346,0,NULL,NULL,,3,0,2,7,255,1299,250,0,0
stim,154474,184595,0,184595,3381919.455,-0.701,0.352,0.061,-0.618,0,0,19,0,0,0,0,491,47,1.035,1,2207,0,106.574,27.747,-50.375,-93.813,-4.438,1.133,-0.520,2.156,-8.957,-26.262,-1.207,1.712,2.010,1.072,1.346,0,NULL,NULL,,3,0,2,7,255,1299,250,0,0
stim,154512,184633,0,184633,3381924.454,-0.702,0.345,0.061,-0.620,0,0,16,0,0,0,0,559,47,1.035,1,2207,0,150.954,23.082,-101.188,-108.250,-28.813,0.816,-0.344,2.324,-8.957,-21.273,-1.207,1.598,1.896,1.072,1.346,0,NULL,NULL,,3,0,2,7,255,1299,250,0,0
stim,154512,184633,0,184633,3381929.455,-0.704,0.342,0.053,-0.620,183,0,6,441,0,14,0,591,47,1.035,1,2207,0,200.298,21.473,44.125,-174.500,87.875,-0.098,-0.641,3.734,-8.957,-19.516,2.195,1.482,1.778,1.072,1.346,0,NULL,NULL,,3,0,2,7,255,1299,250,0,0
stim,154512,184633,0,184633,3381934.454,-0.716,0.334,0.044,-0.611,822,0,0,1097,0,137,0,611,47,1.035,1,2207,0,441.608,21.244,-108.625,-210.750,372.563,-0.750,1.676,5.027,-8.547,-19.449,16.465,1.360,1.654,1.072,1.346,0,NULL,NULL,,3,0,2,7,255,1299,250,0,0
stim,154512,184633,0,184633,3381939.455,-0.734,0.310,0.055,-0.601,1287,0,0,1540,0,399,0,665,47,1.035,1,2207,0,759.664,19.489,-691.563,-124.750,288.563,-1.191,2.555,2.250,-2.496,-19.328,22.559,1.234,1.528,1.072,1.346,0,NULL,NULL,,3,0,2,7,255,1299,250,0,0
stim,154512,184633,0,184633,3381944.454,-0.747,0.285,0.067,-0.597,1699,0,0,1823,0,550,0,741,47,1.035,1,2208,0,704.901,14.139,-679.750,-134.250,129.625,-1.758,2.023,-0.629,14.109,0.914,22.559,1.106,1.396,1.072,1.346,1,1268.000,-31.000,,3,0,2,7,255,1299,250,0,0
stim,154512,184633,0,184633,3381949.455,-0.753,0.269,0.073,-0.596,2012,0,0,1964,0,681,0,809,47,1.035,1,2208,0,409.581,24.533,-392.625,-113.188,28.125,-1.531,1.078,-1.160,14.109,20.070,-1.039,0.978,1.262,1.072,1.346,1,NULL,NULL,,3,0,2,7,255,1299,250,0,0
stim,154512,184633,0,184633,3381954.453,-0.753,0.262,0.073,-0.599,2193,0,0,2077,0,864,0,877,47,1.035,1,2208,0,186.504,21.519,-129.938,-121.188,-56.688,-0.363,0.723,-0.242,7.762,20.070,-8.379,0.848,1.128,1.072,1.346,1,NULL,NULL,,3,0,2,7,255,1299,250,0,0
stim,154512,184633,0,184633,3381959.455,-0.755,0.257,0.070,-0.600,2343,0,0,2147,0,1013,0,955,47,1.035,1,2208,0,134.118,8.057,-53.063,-123.125,3.500,0.273,0.762,1.004,6.078,5.289,-8.379,0.720,0.992,1.072,1.346,1,NULL,NULL,,3,0,2,7,255,1299,250,0,0
stim,154512,184633,0,184633,3381964.453,-0.759,0.250,0.068,-0.597,2461,0,0,2233,0,1195,0,1031,47,1.035,1,2208,0,209.675,8.252,-134.125,-127.125,99.063,0.141,1.324,1.473,6.078,-5.582,-0.336,0.600,0.858,1.072,1.346,1,NULL,NULL,,3,0,2,7,255,1299,250,0,0
stim,154512,184633,0,184633,3381969.455,-0.765,0.240,0.069,-0.594,2641,0,0,2463,0,1277,0,1075,47,1.035,1,2208,0,274.517,8.990,-216.188,-123.563,115.563,-0.535,1.141,1.336,7.047,-5.582,5.766,0.488,0.724,1.072,1.346,1,NULL,NULL,,3,0,2,7,255,1299,250,0,0
stim,154551,184672,0,184672,3381974.454,-0.770,0.228,0.070,-0.592,2763,0,0,2643,0,1295,0,1128,47,1.035,1,2208,0,297.754,7.105,-256.938,-125.875,82.438,-1.234,0.051,0.746,7.047,0.910,5.766,0.394,0.592,1.072,1.346,2,NULL,NULL,,3,0,2,7,255,1299,250,0,0
stim,154551,184672,0,184672,3381979.455,-0.776,0.215,0.071,-0.589,2855,0,0,2772,0,1309,0,1245,47,1.035,1,2208,0,334.289,8.597,-270.688,-167.438,102.188,-1.551,-1.313,0.191,-4.109,7.551,1.434,0.320,0.462,1.072,1.346,2,NULL,NULL,,3,0,2,7,255,1299,250,0,0
stim,154551,184672,0,184672,3381984.454,-0.778,0.205,0.070,-0.590,2927,0,0,2873,0,1325,0,1332,47,1.035,1,2208,0,241.416,15.886,-176.125,-164.000,-19.125,-1.098,-1.160,-0.098,-13.977,7.551,-5.441,0.306,0.352,1.072,1.346,2,NULL,NULL,,3,0,2,7,255,1299,250,0,0
stim,154551,184672,0,184672,3381989.455,-0.777,0.199,0.065,-0.593,2975,0,0,2940,0,1323,0,1423,47,1.035,1,2208,0,178.971,15.747,-31.375,-169.375,-48.563,-0.180,-0.332,0.355,-13.977,7.254,-6.676,0.328,0.294,1.072,1.346,2,NULL,NULL,,3,0,2,7,255,1299,250,0,0
stim,154551,184672,0,184672,3381994.453,-0.777,0.197,0.059,-0.595,3003,0,0,2995,0,1335,0,1477,47,1.035,1,2208,0,166.020,4.084,54.125,-154.188,-29.313,0.344,-0.160,1.430,-4.047,-0.547,-6.676,0.358,0.280,1.072,1.346,2,NULL,NULL,,3,0,2,7,255,1299,250,0,0
stim,154551,184672,0,184672,3381999.455,-0.777,0.193,0.054,-0.596,3037,0,0,3052,0,1381,0,1495,47,1.035,1,2208,0,132.303,9.520,-4.000,-132.000,8.000,0.477,-0.516,2.113,-4.047,-8.617,1.684,0.378,0.300,1.072,1.346,2,NULL,NULL,,3,0,2,7,255,1299,250,0,0
stim,154573,184695,0,184695,3382004.453,-0.780,0.186,0.053,-0.595,3053,0,0,3087,0,1432,0,1499,47,1.035,1,2208,0,186.174,13.245,-127.500,-125.250,52.125,0.430,-0.688,1.875,-5.961,-11.828,4.699,0.378,0.324,1.072,1.346,2,NULL,NULL,,3,0,2,7,255,1299,250,0,0
stim,154574,184695,0,184695,3382009.455,-0.785,0.176,0.054,-0.592,3083,0,0,3117,0,1497,0,1517,47,1.035,1,2208,0,258.078,13.904,-205.438,-115.875,104.750,0.129,-0.758,1.027,-7.309,-11.828,4.699,0.384,0.344,1.072,1.346,2,NULL,NULL,,3,0,2,7,255,1299,250,0,0
stim,154574,184695,0,184695,3382014.454,-0.790,0.168,0.053,-0.588,3087,0,0,3131,0,1587,0,1547,47,1.035,1,2208,0,244.028,10.046,-174.688,-116.000,124.813,-0.375,-0.703,0.379,-7.742,-6.402,-2.090,0.392,0.366,1.072,1.346,2,NULL,NULL,,3,0,2,7,255,1299,250,0,0
stim,154574,184695,0,184695,3382019.455,-0.793,0.162,0.051,-0.585,3093,0,0,3157,0,1716,0,1605,47,1.035,1,2208,0,171.652,7.747,-85.688,-120.000,87.875,-0.672,-0.480,0.535,-7.742,0.281,-3.840,0.398,0.384,1.072,1.346,2,NULL,NULL,,3,0,2,7,255,1299,250,0,0
stim,154609,184730,0,184730,3382024.454,-0.795,0.158,0.047,-0.584,3100,0,0,3165,0,1805,0,1676,47,1.035,1,2208,0,129.990,7.045,-35.500,-119.313,37.438,-0.449,-0.137,1.020,-7.020,0.598,-3.840,0.386,0.398,1.072,1.346,2,NULL,NULL,,3,0,2,7,255,1299,250,0,0
stim,154609,184730,0,184730,3382029.455,-0.795,0.153,0.044,-0.585,3107,0,0,3175,0,1891,0,1715,47,1.035,1,2208,0,125.141,3.566,-41.688,-117.625,9.313,-0.250,0.223,1.289,-3.516,0.598,0.617,0.360,0.408,1.072,1.346,2,NULL,NULL,,3,0,2,7,255,1299,250,0,0
stim,154609,184730,0,184730,3382034.453,-0.796,0.148,0.042,-0.585,3109,0,0,3178,5,1979,9,1763,47,1.035,1,2208,0,134.095,0.990,-75.625,-110.563,-6.188,-0.156,0.109,1.301,-0.512,-0.848,2.949,0.334,0.414,1.072,1.346,2,NULL,NULL,,3,0,2,7,255,1299,250,0,0
stim,154609,184730,0,184730,3382039.455,-0.797,0.141,0.041,-0.586,3117,0,0,3183,83,2061,38,1795,47,1.035,1,2208,0,147.646,1.966,-102.688,-106.000,-4.313,-0.031,-0.234,1.070,-0.512,-1.898,2.949,0.312,0.408,1.072,1.346,2,NULL,NULL,,3,0,2,7,255,1299,250,0,0
stim,154609,184730,0,184730,3382044.453,-0.798,0.135,0.040,-0.586,3123,0,0,3179,155,2136,44,1821,47,1.035,1,2208,0,148.061,4.414,-105.125,-103.188,14.938,-0.031,-0.402,0.898,-3.098,-3.145,-0.008,0.296,0.384,1.072,1.346,2,NULL,NULL,,3,0,2,7,255,1299,250,0,0
stim,154609,184730,0,184730,3382049.455,-0.799,0.130,0.039,-0.585,3125,0,0,3192,437,2227,69,1934,47,1.035,1,2208,0,134.717,5.296,-85.063,-103.000,17.438,-0.164,-0.344,0.785,-4.262,-3.145,-1.805,0.284,0.344,1.072,1.346,2,NULL,NULL,,3,0,2,7,255,1299,250,0,0
stim,154640,184761,0,184761,3382054.454,-0.800,0.125,0.037,-0.585,3123,0,0,3189,606,2269,215,2029,47,1.035,1,2208,0,112.056,4.991,-53.000,-98.313,9.063,-0.047,-0.203,1.039,-4.262,-2.598,-1.805,0.270,0.302,1.072,1.346,2,NULL,NULL,,3,0,2,7,255,1299,250,0,0
stim,154640,184761,0,184761,3382059.455,-0.800,0.123,0.035,-0.586,3113,0,0,3187,839,2301,213,2101,47,1.035,1,2208,0,65.606,3.749,-14.688,-60.875,-19.563,0.191,0.016,1.543,-2.703,-2.598,-0.102,0.258,0.260,1.072,1.346,2,NULL,NULL,,3,0,2,7,255,1299,250,0,0
stim,154640,184761,0,184761,3382064.454,-0.800,0.121,0.034,-0.587,3117,0,0,3188,997,2343,227,2164,47,1.035,1,2208,0,62.980,4.924,-33.500,-47.813,-23.625,0.387,0.496,1.234,-0.250,-4.918,1.797,0.246,0.228,1.072,1.346,2,NULL,NULL,,3,0,2,7,255,1299,250,0,0
stim,154640,184761,0,184761,3382069.455,-0.799,0.119,0.033,-0.588,3119,0,0,3205,1124,2365,229,2213,47,1.035,1,2208,0,44.369,7.022,-15.125,-38.750,-15.438,0.324,0.793,1.246,5.012,-4.918,2.387,0.238,0.208,1.072,1.346,2,NULL,NULL,,3,0,2,7,255,1299,250,0,0
stim,154640,184761,0,184761,3382074.454,-0.799,0.117,0.033,-0.588,3127,0,0,3198,1191,2402,225,2258,47,1.035,1,2208,0,47.140,6.113,-40.375,-23.000,-7.938,-0.129,0.207,1.477,5.012,-3.500,2.387,0.238,0.196,1.072,1.346,2,NULL,NULL,,3,0,2,7,255,1299,250,0,0
stim,154640,184761,0,184761,3382079.455,-0.799,0.113,0.035,-0.589,3114,13,0,3187,1287,2419,223,2297,47,1.035,1,2208,0,102.151,1.617,-95.438,-18.813,-31.188,-0.352,-0.023,1.168,0.668,-1.473,2.387,0.240,0.184,1.072,1.346,2,NULL,NULL,,3,0,2,7,255,1299,250,0,0
stim,154640,184762,0,184762,3382084.453,-0.798,0.110,0.037,-0.592,3117,25,0,3188,1353,2421,220,2332,47,1.035,1,2208,0,108.111,0.917,-80.063,-14.500,-71.188,-0.211,0.180,0.797,0.648,0.648,1.988,0.246,0.176,1.072,1.346,2,NULL,NULL,,3,0,2,7,255,1299,250,0,0
stim,154640,184762,0,184762,3382089.455,-0.796,0.108,0.038,-0.595,3117,53,0,3189,1448,2439,220,2359,47,1.035,1,2208,0,93.668,0.917,-38.188,-13.625,-84.438,0.047,0.191,0.891,0.648,0.648,-1.172,0.254,0.166,1.072,1.346,2,NULL,NULL,,3,0,2,7,255,1299,250,0,0
stim,154661,184782,0,184782,3382094.454,-0.794,0.107,0.039,-0.597,3119,61,0,3191,1541,2451,221,2390,47,1.035,1,2208,0,71.504,1.899,-31.625,-11.313,-63.125,0.121,0.078,1.105,0.648,-1.785,-1.172,0.264,0.156,1.072,1.346,2,NULL,NULL,,3,0,2,7,255,1299,250,0,0
stim,154661,184782,0,184782,3382099.455,-0.794,0.104,0.040,-0.598,3117,77,0,3193,1593,2461,218,2415,47,1.035,1,2208,0,64.159,2.316,-51.563,-8.375,-37.250,0.004,0.035,1.117,0.578,-2.242,0.629,0.274,0.146,1.072,1.346,2,NULL,NULL,,3,0,2,7,255,1299,250,0,0
stim,154661,184782,0,184782,3382104.454,-0.793,0.102,0.041,-0.599,3117,95,0,3192,1627,2476,215,2440,47,1.035,1,2208,0,69.393,2.244,-58.563,-6.313,-36.688,-0.164,0.094,0.934,0.090,-2.242,0.629,0.288,0.136,1.072,1.346,2,NULL,NULL,,3,0,2,7,255,1299,250,0,0
stim,154661,184782,0,184782,3382109.455,-0.792,0.100,0.042,-0.601,3116,111,3,3192,1677,2507,215,2459,47,1.035,1,2208,0,67.664,0.306,-41.688,-5.000,-53.063,-0.141,0.090,0.891,0.090,-0.293,-0.492,0.302,0.124,1.072,1.346,2,NULL,NULL,,3,0,2,7,255,1299,250,0,0
stim,154685,184806,0,184806,3382114.453,-0.790,0.099,0.043,-0.603,3119,141,12,3193,1720,2501,212,2475,47,1.035,1,2208,0,62.512,0.306,-26.438,-4.063,-56.500,-0.008,0.012,0.977,0.090,-0.293,-0.492,0.318,0.108,1.072,1.346,2,NULL,NULL,,3,0,2,7,255,1299,250,0,0
stim,154685,184806,0,184806,3382119.455,-0.789,0.098,0.043,-0.604,3119,168,41,3199,1756,2509,207,2487,47,1.035,1,2208,0,47.394,1.884,-25.500,-2.438,-39.875,0.035,0.000,1.043,-0.184,-1.875,-0.398,0.336,0.092,1.072,1.346,2,NULL,NULL,,3,0,2,7,255,1299,250,0,0
stim,154716,184837,0,184837,3382124.454,-0.789,0.096,0.044,-0.605,3123,189,71,3199,1789,2515,202,2493,47,1.035,1,2208,0,37.285,1.884,-27.688,-1.313,-24.938,-0.066,0.059,1.031,-0.184,-1.875,0.129,0.352,0.080,1.072,1.346,2,NULL,NULL,,3,0,2,7,255,1299,250,0,0
stim,154716,184837,0,184837,3382129.455,-0.788,0.095,0.045,-0.606,3123,221,134,3199,1814,2520,207,2503,47,1.035,1,2208,0,35.807,1.320,-25.875,0.188,-24.750,-0.160,0.094,1.023,0.137,-1.313,0.254,0.364,0.074,1.072,1.346,2,NULL,NULL,,3,0,2,7,255,1299,250,0,0
stim,154716,184837,0,184837,3382134.454,-0.788,0.095,0.046,-0.607,3123,237,139,3204,1845,2521,203,2507,47,1.035,1,2208,0,40.784,0.370,-23.250,0.750,-33.500,-0.164,0.078,1.039,0.137,-0.344,0.367,0.372,0.072,1.072,1.346,2,NULL,NULL,,3,0,2,7,255,1299,250,0,0
stim,154716,184837,0,184837,3382139.455,-0.787,0.094,0.046,-0.608,3123,240,147,3205,1875,2525,189,2508,47,1.035,1,2208,0,44.254,0.357,-23.125,1.813,-37.688,-0.094,0.004,1.035,0.098,-0.344,0.367,0.378,0.068,1.072,1.346,2,NULL,NULL,,3,0,2,7,255,1299,250,0,0
stim,154716,184837,0,184837,3382144.454,-0.786,0.093,0.047,-0.609,3119,245,227,3205,1891,2529,188,2515,47,1.035,1,2208,0,34.560,1.237,-22.313,0.938,-26.375,-0.043,-0.121,0.973,-0.418,-1.164,0.301,0.386,0.066,1.072,1.346,2,NULL,NULL,,3,0,2,7,255,1299,250,0,0
stim,154716,184837,0,184837,3382149.455,-0.786,0.092,0.048,-0.610,3117,243,247,3205,1907,2531,189,2516,47,1.035,1,2208,0,21.406,1.897,-18.688,-0.188,-10.438,-0.102,-0.156,0.941,-1.410,-1.270,-0.457,0.396,0.060,1.072,1.346,2,NULL,NULL,,3,0,2,7,255,1299,250,0,0
stim,154716,184837,0,184837,3382154.453,-0.786,0.091,0.048,-0.610,3112,246,285,3197,1919,2531,173,2519,47,1.035,1,2208,0,15.225,2.068,-14.750,-1.688,-3.375,-0.199,-0.105,0.941,-1.633,-1.270,-0.457,0.404,0.056,1.072,1.346,2,NULL,NULL,,3,0,2,7,255,1299,250,0,0
stim,154716,184837,0,184837,3382159.455,-0.786,0.090,0.048,-0.610,3110,245,311,3195,1939,2534,159,2523,47,1.035,1,2208,0,14.354,1.652,-10.750,-3.875,-8.688,-0.238,-0.043,0.973,-1.633,-0.250,-0.449,0.412,0.052,1.072,1.346,2,NULL,NULL,,3,0,2,7,255,1299,250,0,0
stim,154716,184837,0,184837,3382164.453,-0.785,0.090,0.048,-0.611,3109,253,333,3193,1955,2533,157,2467,47,1.104,1,2208,1,17.260,1.130,-7.875,-5.063,-14.500,-0.184,-0.020,0.988,-1.102,-0.250,-0.047,0.000,0.000,1.040,1.380,2,NULL,NULL,,3,0,2,7,255,1299,250,0,0
stim,154716,184837,0,184837,3382169.455,-0.785,0.089,0.048,-0.611,3100,261,373,3187,1965,2532,158,2531,47,1.104,1,2208,1,15.501,0.809,-6.313,-5.750,-12.938,-0.145,-0.027,0.988,-0.766,-0.262,-0.047,0.006,0.006,1.040,1.380,2,NULL,NULL,,3,0,2,7,255,1299,250,0,0
stim,154743,184864,0,184864,3382174.454,-0.785,0.089,0.048,-0.611,3096,248,398,3181,1981,2531,159,2533,47,1.104,1,2208,1,11.687,0.961,-5.875,-6.250,-7.938,-0.137,-0.023,0.992,-0.727,-0.629,-0.031,0.012,0.012,1.040,1.380,2,NULL,NULL,,3,0,2,7,255,1299,250,0,0
stim,154743,184864,0,184864,3382179.455,-0.785,0.088,0.048,-0.611,3093,236,431,3175,1995,2529,165,2540,47,1.104,1,2208,1,10.658,0.920,-5.625,-7.375,-5.250,-0.172,-0.016,0.973,-0.672,-0.629,-0.074,0.018,0.016,1.040,1.380,2,NULL,NULL,,3,0,2,7,255,1299,250,0,0
stim,154743,184864,0,184864,3382184.454,-0.785,0.088,0.048,-0.612,3087,238,454,3165,2013,2531,171,2543,47,1.104,1,2208,1,12.106,0.725,-3.063,-8.188,-8.375,-0.188,-0.008,0.961,-0.656,-0.309,-0.133,0.024,0.022,1.040,1.380,2,NULL,NULL,,3,0,2,7,255,1299,250,0,0
stim,154743,184864,0,184864,3382189.455,-0.784,0.088,0.048,-0.612,3078,235,465,3159,2021,2531,183,2547,47,1.104,1,2208,1,14.709,0.673,0.500,-8.750,-11.813,-0.172,0.004,0.973,-0.617,-0.270,-0.133,0.028,0.024,1.040,1.380,2,NULL,NULL,,3,0,2,7,255,1299,250,0,0
stim,154743,184864,0,184864,3382194.453,-0.784,0.087,0.048,-0.613,3064,225,549,3161,2036,2531,203,2554,47,1.104,1,2208,1,15.385,0.541,2.375,-9.000,-12.250,-0.152,0.031,0.996,-0.469,-0.270,-0.129,0.032,0.026,1.040,1.380,2,NULL,NULL,,3,0,2,7,255,1299,250,0,0
stim,154743,184864,0,184864,3382199.455,-0.784,0.087,0.047,-0.613,3052,219,597,3132,2055,2525,220,2557,47,1.104,1,2208,1,14.891,0.320,1.875,-9.500,-11.313,-0.168,0.059,1.012,-0.172,-0.270,0.074,0.034,0.028,1.040,1.380,2,NULL,NULL,,3,0,2,7,255,1299,250,0,0
stim,154778,184899,0,184899,3382204.453,-0.783,0.087,0.047,-0.614,3044,220,627,3123,2071,2523,233,2568,47,1.104,1,2208,1,16.409,0.221,0.500,-10.000,-13.000,-0.184,0.078,1.012,0.051,-0.215,0.234,0.034,0.026,1.040,1.380,2,NULL,NULL,,3,0,2,7,255,1299,250,0,0
stim,154778,184899,0,184899,3382209.456,-0.783,0.087,0.047,-0.614,3031,219,667,3111,2093,2522,275,2579,47,1.104,1,2208,1,19.259,0.173,-0.063,-10.625,-16.063,-0.184,0.082,1.004,0.172,-0.016,0.234,0.034,0.024,1.040,1.380,2,NULL,NULL,,3,0,2,7,255,1299,250,0,0
stim,154778,184899,0,184899,3382214.453,-0.783,0.086,0.046,-0.615,3014,217,699,3094,2127,2521,303,2585,47,1.104,1,2208,1,20.992,0.219,0.125,-11.688,-17.438,-0.168,0.086,0.996,0.219,-0.016,0.203,0.034,0.022,1.040,1.380,2,NULL,NULL,,3,0,2,7,255,1299,250,0,0
stim,154778,184899,0,184899,3382219.455,-0.782,0.086,0.046,-0.615,2991,221,734,3079,2159,2520,327,2598,47,1.104,1,2208,1,21.322,0.324,0.625,-12.938,-16.938,-0.164,0.105,1.004,0.309,-0.098,0.203,0.032,0.018,1.040,1.380,2,NULL,NULL,,3,0,2,7,255,1299,250,0,0
stim,154811,184932,0,184932,3382224.454,-0.782,0.086,0.045,-0.616,2980,225,749,3055,2196,2519,345,2617,47,1.104,1,2208,1,21.693,0.513,0.750,-13.688,-16.813,-0.164,0.148,1.027,0.504,-0.098,0.207,0.032,0.014,1.040,1.380,2,NULL,NULL,,3,0,2,7,255,1299,250,0,0
stim,154811,184932,0,184932,3382229.455,-0.781,0.085,0.045,-0.617,2957,227,799,3037,2226,2523,333,2619,47,1.104,1,2208,1,23.292,0.909,-0.438,-14.063,-18.563,-0.145,0.191,1.035,0.902,-0.109,0.426,0.032,0.008,1.040,1.380,2,NULL,NULL,,3,0,2,7,255,1299,250,0,0
stim,154811,184932,0,184932,3382234.453,-0.781,0.085,0.044,-0.617,2934,243,861,3027,2253,2522,375,2637,47,1.104,1,2208,1,23.016,1.365,-2.500,-14.438,-17.750,-0.121,0.207,1.043,1.359,-0.129,0.500,0.032,0.004,1.040,1.380,2,NULL,NULL,,3,0,2,7,255,1299,250,0,0
stim,154811,184932,0,184932,3382239.455,-0.781,0.084,0.044,-0.618,2919,261,935,3006,2291,2519,409,2657,47,1.104,1,2208,1,22.352,1.424,-5.875,-14.250,-16.188,-0.121,0.191,1.043,1.391,-0.309,0.523,0.032,0.004,1.040,1.380,2,NULL,NULL,,3,0,2,7,255,1299,250,0,0
stim,154811,184932,0,184932,3382244.453,-0.780,0.084,0.043,-0.618,2892,261,1015,2991,2311,2519,435,2667,47,1.104,1,2208,1,22.516,1.424,-8.688,-14.500,-14.875,-0.129,0.164,1.020,1.391,-0.309,0.523,0.032,0.008,1.040,1.380,2,NULL,NULL,,3,0,2,7,255,1299,250,0,0
stim,154811,184932,0,184932,3382249.455,-0.780,0.083,0.043,-0.619,2861,262,1109,2975,2345,2519,475,2676,47,1.104,1,2208,1,22.980,1.167,-8.938,-14.750,-15.188,-0.152,0.156,1.004,1.141,-0.246,0.316,0.034,0.014,1.040,1.380,2,NULL,NULL,,3,0,2,7,255,1299,250,0,0
stim,154811,184932,0,184932,3382254.453,-0.779,0.082,0.043,-0.620,2839,263,1193,2956,2388,2527,569,2681,47,1.104,1,2208,1,25.844,1.141,-8.188,-14.688,-19.625,-0.172,0.176,1.012,1.141,-0.035,0.309,0.036,0.018,1.040,1.380,2,NULL,NULL,,3,0,2,7,255,1299,250,0,0
stim,154811,184932,0,184932,3382259.455,-0.779,0.082,0.042,-0.620,2796,266,1271,2924,2409,2523,649,2687,47,1.104,1,2208,1,31.250,1.106,-8.938,-14.063,-26.438,-0.152,0.164,1.031,1.105,-0.023,0.309,0.038,0.024,1.040,1.380,2,NULL,NULL,,3,0,2,7,255,1299,250,0,0
stim,154811,184932,0,184932,3382264.454,-0.778,0.081,0.042,-0.622,2775,274,1355,2908,2455,2522,751,2701,47,1.104,1,2208,1,35.731,1.106,-14.125,-13.313,-30.000,-0.133,0.098,1.031,1.105,-0.023,0.395,0.038,0.026,1.040,1.380,2,NULL,NULL,,3,0,2,7,255,1299,250,0,0
stim,154811,184932,0,184932,3382269.455,-0.777,0.080,0.042,-0.623,2749,277,1479,2894,2483,2531,837,2715,47,1.104,1,2208,1,39.002,0.623,-20.750,-12.813,-30.438,-0.145,0.031,1.008,0.527,-0.332,0.395,0.040,0.026,1.040,1.380,2,NULL,NULL,,3,0,2,7,255,1299,250,0,0
stim,154841,184962,0,184962,3382274.454,-0.777,0.078,0.043,-0.624,2707,275,1575,2870,2504,2526,927,2715,47,1.104,1,2208,1,43.810,0.355,-25.438,-12.750,-33.313,-0.172,-0.012,0.984,-0.125,-0.332,0.180,0.040,0.028,1.040,1.380,2,NULL,NULL,,3,0,2,7,255,1299,250,0,0
stim,154841,184962,0,184962,3382279.455,-0.776,0.077,0.043,-0.625,2671,295,1658,2861,2531,2533,1016,2741,47,1.104,1,2208,1,50.618,0.585,-28.688,-13.563,-39.438,-0.180,-0.047,0.965,-0.574,-0.113,-0.027,0.040,0.028,1.040,1.380,2,NULL,NULL,,3,0,2,7,255,1299,250,0,0
stim,154841,184962,0,184962,3382284.453,-0.775,0.075,0.044,-0.626,2623,315,1773,2829,2575,2523,1097,2745,47,1.104,1,2208,1,52.835,0.890,-28.313,-14.313,-42.250,-0.164,-0.051,0.934,-0.883,-0.113,-0.230,0.040,0.026,1.040,1.380,2,NULL,NULL,,3,0,2,7,255,1299,250,0,0
stim,154841,184962,0,184962,3382289.455,-0.774,0.074,0.044,-0.628,2583,317,1847,2810,2597,2534,1171,2745,47,1.104,1,2208,1,51.591,0.895,-24.750,-15.063,-42.688,-0.137,-0.043,0.930,-0.883,-0.148,-0.551,0.040,0.026,1.040,1.380,2,NULL,NULL,,3,0,2,7,255,1299,250,0,0
stim,154864,184985,0,184985,3382294.454,-0.773,0.072,0.044,-0.629,2525,316,1915,2803,2616,2532,1315,2767,47,1.104,1,2208,1,48.691,0.859,-21.875,-15.875,-40.500,-0.117,-0.055,0.953,-0.785,-0.348,-0.551,0.040,0.026,1.040,1.380,2,NULL,NULL,,3,0,2,7,255,1299,250,0,0
stim,154864,184985,0,184985,3382299.455,-0.772,0.071,0.044,-0.630,2499,335,2014,2775,2642,2527,1387,2780,47,1.104,1,2208,1,46.308,0.964,-22.188,-16.688,-37.063,-0.113,-0.066,0.980,-0.785,-0.559,-0.418,0.040,0.026,1.040,1.380,2,NULL,NULL,,3,0,2,7,255,1299,250,0,0
stim,154864,184985,0,184985,3382304.454,-0.771,0.069,0.045,-0.632,2441,343,2090,2747,2659,2533,1491,2783,47,1.104,1,2208,1,45.398,1.011,-23.375,-16.625,-35.188,-0.105,-0.051,0.980,-0.785,-0.637,-0.176,0.042,0.024,1.040,1.380,2,NULL,NULL,,3,0,2,7,255,1299,250,0,0
stim,154864,184985,0,184985,3382309.455,-0.770,0.068,0.045,-0.633,2397,359,2165,2728,2683,2534,1581,2796,47,1.104,1,2208,1,45.003,0.926,-24.438,-16.750,-33.875,-0.121,-0.039,0.980,-0.672,-0.637,-0.156,0.044,0.024,1.040,1.380,2,NULL,NULL,,3,0,2,7,255,1299,250,0,0
stim,154864,184985,0,184985,3382314.453,-0.769,0.067,0.045,-0.634,2355,365,2235,2701,2707,2539,1657,2807,47,1.104,1,2208,1,45.220,0.764,-25.000,-17.250,-33.500,-0.117,-0.016,0.996,-0.574,-0.504,-0.152,0.044,0.024,1.040,1.380,2,NULL,NULL,,3,0,2,7,255,1299,250,0,0
stim,154864,184985,0,184985,3382319.455,-0.768,0.065,0.045,-0.635,2283,371,2296,2663,2727,2537,1747,2811,47,1.104,1,2208,1,47.525,0.593,-27.000,-16.813,-35.313,-0.102,0.000,1.020,-0.313,-0.504,-0.012,0.046,0.024,1.040,1.380,2,NULL,NULL,,3,0,2,7,255,1299,250,0,0
stim,154909,185030,0,185030,3382324.454,-0.768,0.063,0.046,-0.636,2220,400,2355,2636,2741,2545,1829,2824,47,1.104,1,2208,1,50.980,0.592,-32.250,-16.625,-35.813,-0.102,0.012,1.035,-0.105,-0.582,0.195,0.048,0.024,1.040,1.380,2,NULL,NULL,,3,0,2,7,255,1299,250,0,0
stim,154909,185030,0,185030,3382329.455,-0.767,0.061,0.046,-0.637,2166,413,2405,2618,2756,2541,1909,2835,47,1.104,1,2208,1,55.615,0.584,-38.063,-15.875,-37.313,-0.098,0.023,1.020,0.051,-0.582,0.195,0.050,0.024,1.040,1.380,2,NULL,NULL,,3,0,2,7,255,1299,250,0,0
stim,154909,185030,0,185030,3382334.454,-0.766,0.060,0.046,-0.639,2109,419,2453,2570,2771,2540,1967,2841,47,1.104,1,2208,1,51.302,0.618,-34.375,-15.438,-34.813,-0.070,0.031,0.941,0.207,-0.582,0.191,0.052,0.026,1.040,1.380,2,NULL,NULL,,3,0,2,7,255,1299,250,0,0
stim,154909,185030,0,185030,3382339.455,-0.765,0.058,0.047,-0.639,2043,436,2515,2539,2781,2539,2039,2857,47,1.104,1,2208,1,41.473,0.629,-25.000,-15.938,-29.000,-0.082,0.012,0.945,0.207,-0.594,-0.531,0.052,0.026,1.040,1.380,2,NULL,NULL,,3,0,2,7,255,1299,250,0,0
stim,154909,185030,0,185030,3382344.454,-0.765,0.057,0.047,-0.640,1972,441,2545,2509,2795,2543,2099,2861,47,1.104,1,2208,1,37.011,0.612,-20.313,-16.375,-26.250,-0.125,-0.004,1.020,0.148,-0.594,-0.531,0.054,0.026,1.040,1.380,2,NULL,NULL,,3,0,2,7,255,1299,250,0,0
stim,154909,185030,0,185030,3382349.455,-0.764,0.056,0.047,-0.641,1909,448,2579,2473,2822,2537,2155,2867,47,1.104,1,2208,1,42.554,0.319,-25.438,-16.125,-30.063,-0.141,-0.023,1.063,-0.063,-0.313,0.242,0.056,0.028,1.040,1.380,2,NULL,NULL,,3,0,2,7,255,1299,250,0,0
stim,154942,185063,0,185063,3382354.453,-0.763,0.054,0.047,-0.642,1827,445,2607,2427,2835,2539,2212,2877,47,1.104,1,2208,1,46.660,0.391,-30.250,-15.813,-31.813,-0.098,-0.035,1.016,-0.234,-0.313,0.242,0.058,0.028,1.040,1.380,2,NULL,NULL,,3,0,2,7,255,1299,250,0,0
stim,154942,185063,0,185063,3382359.455,-0.762,0.052,0.047,-0.643,1750,447,2636,2363,2835,2535,2250,2877,47,1.104,1,2208,1,44.882,0.602,-30.875,-16.000,-28.375,-0.078,-0.031,0.996,-0.234,-0.555,0.172,0.060,0.028,1.040,1.380,2,NULL,NULL,,3,0,2,7,255,1299,250,0,0
stim,154942,185063,0,185063,3382364.453,-0.762,0.051,0.048,-0.644,1641,445,2665,2326,2845,2541,2295,2893,47,1.104,1,2208,1,44.388,0.607,-31.750,-16.125,-26.500,-0.102,-0.051,1.008,-0.246,-0.555,0.129,0.062,0.028,1.040,1.380,2,NULL,NULL,,3,0,2,7,255,1299,250,0,0
stim,154942,185063,0,185063,3382369.455,-0.761,0.049,0.048,-0.645,1565,455,2693,2265,2869,2537,2336,2895,47,1.104,1,2208,1,45.044,0.604,-32.688,-16.375,-26.313,-0.105,-0.047,0.996,-0.320,-0.512,-0.012,0.064,0.028,1.040,1.380,2,NULL,NULL,,3,0,2,7,255,1299,250,0,0
stim,154942,185063,0,185063,3382374.454,-0.760,0.048,0.049,-0.646,1425,433,2725,2206,2867,2543,2374,2909,47,1.104,1,2208,1,42.458,0.558,-28.875,-16.125,-26.625,-0.094,-0.039,0.957,-0.320,-0.457,-0.012,0.066,0.028,1.040,1.380,2,NULL,NULL,,3,0,2,7,255,1299,250,0,0
stim,154942,185063,0,185063,3382379.455,-0.760,0.046,0.049,-0.647,1305,415,2732,2139,2875,2539,2397,2905,47,1.104,1,2208,1,35.879,0.494,-22.000,-16.563,-23.000,-0.086,-0.031,0.961,-0.188,-0.457,-0.375,0.068,0.028,1.040,1.380,2,NULL,NULL,,3,0,2,7,255,1299,250,0,0
stim,154942,185063,0,185063,3382384.453,-0.759,0.045,0.049,-0.647,1233,379,2774,2073,2893,2536,2441,2917,47,1.104,1,2208,1,32.697,0.505,-18.313,-16.313,-21.625,-0.098,-0.043,1.012,-0.188,-0.469,-0.375,0.070,0.028,1.040,1.380,2,NULL,NULL,,3,0,2,7,255,1299,250,0,0
stim,154942,185063,0,185063,3382389.455,-0.759,0.044,0.049,-0.648,1117,353,2787,1989,2904,2529,2477,2916,47,1.104,1,2208,1,32.257,0.514,-19.688,-16.875,-19.188,-0.094,-0.043,1.023,-0.160,-0.488,0.145,0.072,0.028,1.040,1.380,2,NULL,NULL,,3,0,2,7,255,1299,250,0,0
stim,154962,185083,0,185083,3382394.453,-0.759,0.043,0.049,-0.648,1023,352,2795,1891,2919,2521,2503,2923,47,1.104,1,2208,1,34.225,0.498,-22.688,-16.625,-19.500,-0.117,-0.043,1.020,-0.168,-0.469,0.238,0.074,0.028,1.040,1.380,2,NULL,NULL,,3,0,2,7,255,1299,250,0,0
stim,154962,185083,0,185083,3382399.455,-0.758,0.041,0.049,-0.649,924,341,2822,1809,2921,2520,2523,2925,47,1.104,1,2208,1,35.512,0.415,-22.313,-16.875,-21.875,-0.098,-0.043,1.000,-0.160,-0.383,0.238,0.076,0.028,1.040,1.380,2,NULL,NULL,,3,0,2,7,255,1299,250,0,0
stim,154962,185083,0,185083,3382404.454,-0.757,0.040,0.049,-0.650,786,302,2837,1681,2932,2507,2553,2925,47,1.104,1,2208,1,33.773,0.405,-19.375,-17.250,-21.625,-0.082,-0.043,0.984,-0.133,-0.383,0.047,0.078,0.030,1.040,1.380,2,NULL,NULL,,3,0,2,7,255,1299,250,0,0
stim,154962,185083,0,185083,3382409.455,-0.757,0.039,0.049,-0.650,659,287,2845,1553,2935,2502,2577,2931,47,1.104,1,2208,1,30.216,0.506,-16.063,-17.750,-18.438,-0.078,-0.047,0.988,-0.133,-0.488,-0.082,0.078,0.032,1.040,1.380,2,NULL,NULL,,3,0,2,7,255,1299,250,0,0
stim,154988,185109,0,185109,3382414.454,-0.757,0.038,0.048,-0.651,548,271,2859,1456,2933,2504,2598,2937,47,1.104,1,2208,1,26.983,0.502,-13.500,-18.750,-13.938,-0.086,-0.043,1.004,-0.117,-0.488,-0.082,0.080,0.032,1.040,1.380,2,NULL,NULL,,3,0,2,7,255,1299,250,0,0
stim,154988,185109,0,185109,3382419.455,-0.756,0.037,0.048,-0.651,411,237,2885,1299,2955,2479,2617,2940,47,1.104,1,2208,1,26.228,0.436,-13.000,-19.125,-12.375,-0.094,-0.023,1.027,-0.094,-0.426,0.082,0.080,0.034,1.040,1.380,2,NULL,NULL,,3,0,2,7,255,1299,250,0,0
stim,155017,185138,0,185138,3382424.454,-0.756,0.036,0.048,-0.652,325,188,2887,1159,2950,2474,2622,2941,47,1.104,1,2208,1,26.355,0.347,-12.500,-20.188,-11.438,-0.117,-0.008,1.039,0.113,-0.328,0.309,0.082,0.036,1.040,1.380,2,NULL,NULL,,3,0,2,7,255,1299,250,0,0
stim,155017,185138,0,185138,3382429.455,-0.756,0.035,0.047,-0.652,237,177,2893,983,2970,2468,2648,2950,47,1.104,1,2208,1,29.683,0.408,-15.250,-20.625,-14.938,-0.090,-0.008,1.035,0.242,-0.328,0.367,0.082,0.036,1.040,1.380,2,NULL,NULL,,3,0,2,7,255,1299,250,0,0
stim,155017,185138,0,185138,3382434.454,-0.756,0.034,0.047,-0.653,140,139,2909,871,2974,2459,2665,2957,47,1.104,1,2208,1,29.645,0.368,-14.063,-21.313,-15.063,-0.094,-0.027,1.035,0.242,-0.277,0.391,0.082,0.038,1.040,1.380,2,NULL,NULL,,3,0,2,7,255,1299,250,0,0
stim,155017,185138,1,185138,3382439.455,-0.755,0.032,0.047,-0.653,89,105,2921,661,2979,2429,2686,2956,47,1.104,1,2208,1,28.788,0.442,-11.375,-23.438,-12.250,-0.082,-0.004,1.039,0.297,-0.328,0.391,0.084,0.038,1.040,1.380,2,NULL,NULL,,3,1,2,7,255,1299,250,0,0
stim,155017,185138,1,185138,3382444.454,-0.755,0.031,0.046,-0.653,39,69,2927,553,2991,2414,2695,2957,47,1.104,1,2208,1,31.365,0.505,-13.500,-24.500,-14.188,-0.066,0.023,1.035,0.359,-0.355,0.391,0.086,0.038,1.040,1.380,2,NULL,NULL,,3,1,2,7,255,1299,250,0,0
stim,155017,185138,1,185138,3382449.455,-0.755,0.030,0.045,-0.654,23,40,2923,402,2984,2399,2709,2964,47,1.104,1,2208,1,29.276,0.726,-6.438,-27.063,-9.125,-0.086,0.051,1.055,0.633,-0.355,0.395,0.088,0.040,1.040,1.380,2,NULL,NULL,,3,1,2,7,255,1299,250,0,0
stim,155017,185138,1,185138,3382454.454,-0.755,0.029,0.044,-0.654,0,36,2933,281,2987,2364,2727,2961,47,1.104,1,2208,1,31.637,0.919,-6.750,-30.000,-7.438,-0.078,0.066,1.078,0.879,-0.270,0.523,0.088,0.042,1.040,1.380,2,NULL,NULL,,3,1,2,7,255,1299,250,0,0
stim,155017,185138,1,185138,3382459.455,-0.754,0.028,0.044,-0.654,0,24,2939,185,2999,2343,2745,2971,47,1.104,1,2208,1,36.778,0.919,-14.250,-30.438,-14.938,-0.055,0.035,1.039,0.879,-0.270,0.523,0.088,0.044,1.040,1.380,2,NULL,NULL,,3,1,2,7,255,1299,250,0,0
stim,155017,185138,1,185138,3382464.453,-0.754,0.027,0.042,-0.655,0,10,2940,149,3005,2321,2771,2938,47,1.104,1,2208,1,35.110,0.830,1.625,-34.500,-6.313,-0.172,-0.039,1.066,0.785,-0.270,0.742,0.086,0.050,1.040,1.380,2,NULL,NULL,,3,1,2,7,255,1299,250,0,0
stim,155017,185138,1,185138,3382469.455,-0.754,0.027,0.041,-0.655,0,1,2955,137,3013,2302,2781,2975,47,1.104,1,2208,1,48.141,0.587,23.000,-42.125,3.750,-0.305,-0.082,1.273,-0.078,0.582,0.766,0.082,0.056,1.040,1.380,2,NULL,NULL,,3,1,2,7,255,1299,250,0,0
stim,155043,185164,1,185164,3382474.454,-0.755,0.027,0.038,-0.654,0,0,2963,106,3019,2280,2795,2979,47,1.104,1,2208,0,64.442,1.734,39.688,-50.250,7.250,-0.406,-0.070,1.570,-0.500,1.660,2.930,0.080,0.060,1.040,1.380,3,NULL,NULL,,3,1,2,7,255,1299,250,0,0
stim,155043,185164,1,185164,3382479.455,-0.755,0.024,0.037,-0.655,0,0,2966,87,3027,2259,2812,2976,47,1.104,1,2208,0,58.354,1.734,-23.375,-52.875,-7.938,-0.148,0.004,1.465,-0.500,1.660,4.609,0.076,0.064,1.040,1.380,3,NULL,NULL,,3,1,2,7,255,1299,250,0,0
stim,155043,185164,1,185164,3382484.454,-0.754,0.021,0.037,-0.655,0,0,2969,75,3032,2228,2829,2981,47,1.104,1,2208,0,82.543,0.540,-64.563,-49.250,-14.813,-0.012,-0.105,1.023,-0.500,0.203,4.609,0.074,0.068,1.040,1.380,3,NULL,NULL,,3,1,2,7,255,1299,250,0,0
stim,155043,185164,1,185164,3382489.455,-0.755,0.018,0.036,-0.654,0,0,2979,55,3035,2197,2843,2983,47,1.104,1,2208,0,67.586,0.517,-34.938,-55.563,16.125,-0.082,-0.105,0.887,-0.516,-0.031,0.227,0.070,0.074,1.040,1.380,3,NULL,NULL,,3,1,2,7,255,1299,250,0,0
stim,155043,185164,1,185164,3382494.453,-0.756,0.016,0.034,-0.653,0,0,2979,6,3043,2141,2855,2983,47,1.104,1,2208,0,66.820,0.517,0.438,-61.500,26.125,-0.230,-0.063,0.961,-0.516,-0.031,-0.234,0.066,0.082,1.040,1.380,3,NULL,NULL,,3,1,2,7,255,1299,250,0,0
stim,155043,185164,1,185164,3382499.455,-0.756,0.015,0.032,-0.653,0,0,2981,0,3049,2107,2872,2983,47,1.104,1,2208,0,65.102,1.487,8.813,-64.500,0.563,-0.223,-0.039,1.063,-0.449,1.418,-0.234,0.062,0.088,1.040,1.380,3,NULL,NULL,,3,1,2,7,255,1299,250,0,0
stim,155073,185194,1,185194,3382504.453,-0.756,0.013,0.030,-0.654,0,0,2983,0,3052,2035,2877,2985,47,1.104,1,2208,0,67.550,1.487,5.625,-66.938,-7.125,-0.172,-0.164,1.121,-0.449,1.418,0.742,0.058,0.096,1.040,1.380,3,NULL,NULL,,3,1,2,7,255,1299,250,0,0
stim,155073,185194,1,185194,3382509.455,-0.756,0.012,0.027,-0.654,0,0,2983,0,3059,1967,2891,2984,47,1.104,1,2208,0,71.947,1.276,8.563,-71.313,4.188,-0.078,-0.156,1.188,-1.035,0.746,1.344,0.056,0.104,1.040,1.380,3,NULL,NULL,,3,1,2,7,255,1299,250,0,0
stim,155073,185194,1,185194,3382514.454,-0.757,0.009,0.025,-0.653,0,0,2979,0,3060,1919,2901,2985,47,1.104,1,2208,0,72.952,1.298,-9.750,-71.688,9.375,-0.102,-0.199,1.098,-1.285,0.180,1.344,0.054,0.112,1.040,1.380,3,NULL,NULL,,3,1,2,7,255,1299,250,0,0
stim,155073,185194,1,185194,3382519.455,-0.757,0.007,0.023,-0.652,0,0,2975,0,3065,1815,2909,2983,47,1.104,1,2208,0,78.990,1.051,-2.250,-76.250,20.500,-0.094,-0.117,1.086,-1.035,0.180,1.051,0.054,0.120,1.040,1.380,3,NULL,NULL,,3,1,2,7,255,1299,250,0,0
stim,155112,185233,1,185233,3382524.454,-0.758,0.005,0.021,-0.652,0,0,2973,0,3068,1739,2919,2983,47,1.104,1,2208,0,80.622,0.907,0.500,-77.938,20.625,-0.211,-0.109,1.066,-0.859,0.289,0.906,0.054,0.128,1.040,1.380,3,NULL,NULL,,3,1,2,7,255,1299,250,0,0
stim,155112,185233,1,185233,3382529.455,-0.759,0.003,0.018,-0.651,0,0,2971,0,3077,1639,2935,2979,47,1.104,1,2208,0,84.770,1.632,13.563,-83.313,7.813,-0.191,-0.070,1.082,-0.734,1.457,0.879,0.054,0.138,1.040,1.380,3,NULL,NULL,,3,1,2,7,255,1299,250,0,0
stim,155112,185233,1,185233,3382534.453,-0.759,0.001,0.014,-0.651,0,0,2964,0,3081,1540,2939,2979,47,1.104,1,2208,0,87.940,1.540,15.750,-86.500,1.750,-0.160,-0.078,1.141,-0.500,1.457,0.879,0.056,0.148,1.040,1.380,3,NULL,NULL,,3,1,2,7,255,1299,250,0,0
stim,155112,185233,1,185233,3382539.455,-0.759,-0.001,0.011,-0.651,0,0,2955,0,3083,1416,2953,2973,47,1.104,1,2208,0,91.396,1.270,12.750,-90.500,0.688,-0.109,-0.070,1.168,-0.461,1.184,1.422,0.058,0.158,1.040,1.380,3,NULL,NULL,,3,1,2,7,255,1299,250,0,0
stim,155112,185233,1,185233,3382544.453,-0.759,-0.003,0.008,-0.651,0,0,2943,0,3087,1290,2959,2971,47,1.104,1,2208,0,93.766,0.978,10.375,-93.063,4.875,-0.109,-0.059,1.191,-0.387,0.898,1.672,0.058,0.166,1.040,1.380,3,NULL,NULL,,3,1,2,7,255,1299,250,0,0
stim,155112,185233,1,185233,3382549.455,-0.759,-0.006,0.005,-0.650,0,0,2936,0,3091,1128,2967,2968,47,1.104,1,2208,0,98.617,0.893,2.875,-98.250,8.000,-0.070,-0.078,1.168,-0.387,0.805,1.672,0.058,0.174,1.040,1.380,3,NULL,NULL,,3,1,2,7,255,1299,250,0,0
stim,155112,185233,1,185233,3382554.454,-0.760,-0.009,0.001,-0.650,0,0,2925,0,3091,971,2973,2963,47,1.104,1,2208,0,101.412,0.983,-0.375,-100.750,11.563,-0.129,-0.063,1.102,-0.398,0.898,1.648,0.054,0.182,1.040,1.380,3,NULL,NULL,,3,1,2,7,255,1299,250,0,0
stim,155112,185233,1,185233,3382559.455,-0.760,-0.011,-0.002,-0.650,0,0,2911,0,3094,773,2982,2953,47,1.104,1,2208,0,105.010,1.301,6.563,-104.563,7.125,-0.113,-0.043,1.105,-0.398,1.238,1.023,0.050,0.190,1.040,1.380,3,NULL,NULL,,3,1,2,7,255,1299,250,0,0
stim,155112,185233,1,185233,3382564.454,-0.760,-0.014,-0.006,-0.649,0,0,2903,0,3096,665,2987,2943,47,1.104,1,2208,0,110.555,1.266,11.188,-109.938,3.313,-0.109,-0.031,1.152,-0.199,1.250,1.023,0.044,0.200,1.040,1.380,3,NULL,NULL,,3,1,2,7,255,1299,250,0,0
stim,155112,185233,1,185233,3382569.455,-0.761,-0.017,-0.010,-0.649,0,0,2887,0,3097,551,2992,2935,47,1.104,1,2208,0,115.799,1.244,9.063,-115.375,4.000,-0.031,0.008,1.277,-0.117,1.238,1.457,0.042,0.208,1.040,1.380,3,NULL,NULL,,3,1,2,7,255,1299,250,0,0
stim,155141,185262,1,185262,3382574.455,-0.761,-0.020,-0.014,-0.648,0,0,2867,0,3097,415,3003,2922,47,1.104,1,2208,0,118.983,0.968,-2.750,-118.313,12.313,-0.023,0.070,1.168,0.406,0.879,1.563,0.042,0.220,1.040,1.380,3,NULL,NULL,,3,1,2,7,255,1299,250,0,0
stim,155141,185262,1,185262,3382579.455,-0.761,-0.023,-0.018,-0.648,0,0,2845,0,3095,231,3001,2918,47,1.104,1,2208,0,125.064,1.308,8.063,-124.125,13.000,-0.027,0.102,1.082,0.969,0.879,1.563,0.048,0.232,1.040,1.380,3,NULL,NULL,,3,1,2,7,255,1299,250,0,0
stim,155141,185262,1,185262,3382584.453,-0.762,-0.026,-0.023,-0.647,0,0,2823,0,3101,121,3013,2893,47,1.104,1,2208,0,129.405,1.536,10.563,-127.938,16.313,0.004,0.121,1.227,1.191,0.969,1.563,0.060,0.246,1.040,1.380,3,NULL,NULL,,3,1,2,7,255,1299,250,0,0
stim,155141,185262,1,185262,3382589.455,-0.762,-0.030,-0.027,-0.646,0,0,2791,0,3106,78,3019,2872,47,1.104,1,2208,0,132.207,1.769,1.063,-130.875,18.688,-0.035,0.129,1.273,1.438,1.031,2.141,0.076,0.264,1.040,1.380,3,NULL,NULL,,3,1,2,7,255,1299,250,0,0
stim,155167,185289,1,185289,3382594.454,-0.763,-0.033,-0.032,-0.645,0,0,2769,0,3100,19,3020,2851,47,1.104,1,2208,0,136.908,2.108,-5.688,-135.625,17.813,-0.055,0.156,1.297,1.445,1.535,2.523,0.094,0.284,1.040,1.380,3,NULL,NULL,,3,1,2,7,255,1299,250,0,0
stim,155167,185289,1,185289,3382599.455,-0.763,-0.037,-0.036,-0.644,0,0,2733,0,3099,0,3026,2827,47,1.104,1,2208,0,141.032,2.427,-8.750,-140.063,14.000,-0.070,0.133,1.293,1.445,1.949,2.641,0.116,0.310,1.040,1.380,3,NULL,NULL,,3,1,2,7,255,1299,250,0,0
stim,155167,185289,1,185289,3382604.454,-0.763,-0.042,-0.040,-0.644,0,0,2695,0,3107,0,3036,2795,47,1.104,1,2208,0,146.329,2.601,-11.750,-145.563,9.250,-0.074,0.137,1.301,1.406,2.188,2.711,0.144,0.338,1.040,1.380,3,NULL,NULL,,3,1,2,7,255,1299,250,0,0
stim,155167,185289,1,185289,3382609.455,-0.763,-0.046,-0.045,-0.643,0,0,2647,0,3097,0,3031,2761,47,1.104,1,2208,0,149.841,2.797,-10.813,-149.438,1.938,-0.066,0.156,1.379,1.406,2.418,2.715,0.176,0.372,1.040,1.380,3,NULL,NULL,,3,1,2,7,255,1299,250,0,0
stim,155167,185289,1,185289,3382614.455,-0.763,-0.050,-0.050,-0.643,0,0,2585,0,3093,0,3032,2713,47,1.104,1,2208,0,154.708,2.981,-8.875,-154.438,2.188,-0.074,0.133,1.551,1.406,2.629,3.434,0.212,0.410,1.040,1.380,3,NULL,NULL,,3,1,2,7,255,1299,250,0,0
stim,155167,185289,1,185289,3382619.455,-0.763,-0.055,-0.055,-0.642,0,0,2540,0,3096,0,3029,2667,47,1.104,1,2208,0,165.795,3.394,-13.875,-164.375,16.625,-0.102,0.145,1.719,1.430,3.078,5.063,0.252,0.450,1.040,1.380,3,NULL,NULL,,3,1,2,7,255,1299,250,0,0
stim,155210,185331,1,185331,3382624.454,-0.764,-0.061,-0.060,-0.640,0,0,2491,0,3087,0,3031,2613,47,1.104,1,2208,0,179.499,4.075,-32.125,-174.750,25.500,-0.188,0.199,1.816,1.430,3.816,6.621,0.292,0.494,1.040,1.380,3,NULL,NULL,,3,1,2,7,255,1299,250,0,0
stim,155210,185331,1,185331,3382629.455,-0.764,-0.068,-0.064,-0.639,0,0,2431,0,3067,0,3029,2551,47,1.104,1,2208,0,196.859,5.472,-58.313,-186.438,24.375,-0.258,0.242,1.758,1.832,5.156,6.621,0.336,0.538,1.040,1.380,3,NULL,NULL,,3,1,2,7,255,1299,250,0,0
stim,155210,185331,1,185331,3382634.454,-0.764,-0.076,-0.068,-0.637,0,0,2357,0,3065,0,3027,2458,47,1.104,1,2208,0,214.027,6.384,-74.188,-199.563,21.875,-0.250,0.223,1.652,2.023,6.055,6.508,0.384,0.588,1.040,1.380,3,NULL,NULL,,3,1,2,7,255,1299,250,0,0
stim,155210,185331,1,185331,3382639.455,-0.764,-0.085,-0.073,-0.636,0,0,2282,0,3060,3,3019,2375,47,1.104,1,2208,0,226.482,6.450,-76.750,-212.000,21.438,-0.223,0.242,1.652,2.168,6.074,5.402,0.436,0.642,1.040,1.380,3,NULL,NULL,,3,1,2,7,255,1299,250,0,0
stim,155234,185355,1,185355,3382644.454,-0.763,-0.094,-0.078,-0.634,0,0,2191,0,3036,29,3005,2277,47,1.104,1,2208,0,242.629,6.439,-86.250,-225.625,22.875,-0.266,0.199,1.594,2.023,6.113,5.328,0.494,0.702,1.040,1.380,3,NULL,NULL,,3,1,2,7,255,1299,250,0,0
stim,155234,185355,1,185355,3382649.455,-0.763,-0.104,-0.084,-0.632,0,0,2088,0,3035,51,2987,2185,47,1.104,1,2208,0,257.274,6.871,-85.375,-241.313,25.875,-0.293,0.184,1.652,1.820,6.625,4.875,0.560,0.772,1.040,1.380,3,NULL,NULL,,3,1,2,7,255,1299,250,0,0
stim,155234,185355,1,185355,3382654.453,-0.763,-0.114,-0.089,-0.631,0,0,2007,0,3019,59,2964,2075,47,1.104,1,2208,0,274.264,7.547,-94.375,-256.250,25.500,-0.320,0.223,1.680,1.820,7.324,4.832,0.634,0.848,1.040,1.380,3,NULL,NULL,,3,1,2,7,255,1299,250,0,0
stim,155234,185355,1,185355,3382659.455,-0.762,-0.125,-0.096,-0.629,0,0,1901,0,2995,74,2934,1987,47,1.104,1,2208,0,289.735,8.343,-97.063,-272.250,20.125,-0.305,0.250,1.668,2.102,8.074,4.832,0.712,0.930,1.040,1.380,3,NULL,NULL,,3,1,2,7,255,1299,250,0,0
stim,155234,185355,1,185355,3382664.453,-0.761,-0.136,-0.103,-0.626,0,0,1809,0,2978,75,2897,1933,47,1.104,1,2208,0,303.489,8.647,-87.563,-290.063,17.375,-0.281,0.242,1.766,2.410,8.305,4.832,0.790,1.008,1.040,1.380,3,NULL,NULL,,3,1,2,7,255,1299,250,0,0
stim,155234,185355,1,185355,3382669.455,-0.759,-0.147,-0.111,-0.624,0,0,1717,0,2949,77,2845,1865,47,1.104,1,2208,0,315.457,9.110,-73.563,-306.438,14.063,-0.336,0.230,1.984,2.410,8.785,5.273,0.866,1.088,1.040,1.380,3,NULL,NULL,,3,1,2,7,255,1299,250,0,0
stim,155234,185355,1,185355,3382674.455,-0.758,-0.158,-0.119,-0.622,0,0,1643,0,2913,75,2780,1759,47,1.104,1,2208,0,328.989,10.750,-66.250,-322.125,8.938,-0.434,0.309,2.305,2.477,10.461,6.852,0.938,1.162,1.040,1.380,3,NULL,NULL,,3,1,2,7,255,1299,250,0,0
stim,155234,185355,1,185355,3382679.455,-0.756,-0.170,-0.129,-0.619,0,0,1528,0,2869,72,2711,1655,47,1.104,1,2208,0,348.180,13.495,-75.000,-340.000,2.125,-0.480,0.465,2.609,3.074,13.141,8.992,1.006,1.232,1.040,1.380,3,NULL,NULL,,3,1,2,7,255,1299,250,0,0
stim,155254,185375,1,185375,3382684.454,-0.753,-0.183,-0.138,-0.617,0,0,1437,0,2811,53,2601,1548,47,1.104,1,2208,0,371.003,16.309,-102.688,-356.313,-11.813,-0.395,0.496,2.715,4.609,15.645,10.910,1.058,1.286,1.040,1.380,3,NULL,NULL,,3,1,2,7,255,1299,250,0,0
stim,155254,185375,0,185375,3382689.455,-0.749,-0.196,-0.146,-0.615,0,0,1321,0,2743,29,2457,1449,47,1.104,1,2208,0,387.648,16.730,-128.125,-365.375,-18.875,-0.367,0.434,2.641,4.719,16.051,10.910,1.102,1.332,1.040,1.380,3,NULL,NULL,,3,0,2,7,255,1305,250,0,0
stim,155254,185375,0,185375,3382694.453,-0.745,-0.212,-0.154,-0.613,0,0,1161,0,2663,5,2303,1337,47,1.104,1,2208,0,405.559,16.857,-157.313,-373.375,-17.938,-0.395,0.473,2.461,5.102,16.066,10.609,1.144,1.378,1.040,1.380,3,NULL,NULL,,3,0,2,7,255,1305,250,0,0
stim,155254,185375,0,185375,3382699.455,-0.741,-0.227,-0.162,-0.611,0,0,973,0,2553,0,2075,1223,47,1.104,1,2208,0,418.087,16.745,-166.500,-382.875,-21.938,-0.363,0.348,2.313,4.719,16.066,8.316,1.192,1.430,1.040,1.380,3,NULL,NULL,,3,0,2,7,255,1305,250,0,0
stim,155254,185375,0,185375,3382704.454,-0.736,-0.243,-0.171,-0.608,0,0,839,0,2431,0,1804,1097,47,1.104,1,2208,0,428.465,16.111,-167.000,-393.938,-22.500,-0.223,-0.016,2.113,4.066,15.590,6.809,1.252,1.492,1.040,1.380,3,NULL,NULL,,3,0,2,7,255,1305,250,0,0
stim,155254,185375,0,185375,3382709.455,-0.731,-0.259,-0.179,-0.605,0,0,636,0,2233,0,1481,969,47,1.104,1,2208,0,439.261,13.497,-160.438,-408.813,-9.063,-0.078,-0.410,1.770,0.871,13.469,6.004,1.326,1.566,1.040,1.380,3,NULL,NULL,,3,0,2,7,255,1305,250,0,0
stim,155302,185423,0,185423,3382714.453,-0.727,-0.274,-0.189,-0.600,0,0,458,0,2009,0,1041,849,47,1.104,1,2208,0,441.260,10.854,-134.438,-420.125,11.500,0.094,-0.520,1.344,-2.750,10.500,4.313,1.400,1.644,1.040,1.380,3,NULL,NULL,,3,0,2,7,255,1305,250,0,0
stim,155302,185423,0,185423,3382719.455,-0.723,-0.288,-0.200,-0.595,0,0,349,0,1763,0,557,697,47,1.104,1,2208,0,432.612,7.555,-74.375,-426.063,9.625,0.250,-0.445,1.063,-2.938,6.961,1.934,1.476,1.724,1.040,1.380,3,NULL,NULL,,3,0,2,7,255,1305,250,0,0
stim,155302,185423,0,185423,3382724.454,-0.720,-0.299,-0.214,-0.588,0,0,255,0,1435,0,185,542,47,1.104,1,2208,0,434.639,6.846,14.500,-434.188,13.500,0.289,-0.293,1.277,-2.938,6.184,1.707,1.552,1.800,1.040,1.380,3,NULL,NULL,,3,0,2,7,255,1305,250,0,0
stim,155302,185423,0,185423,3382729.455,-0.718,-0.309,-0.228,-0.580,0,0,173,0,1107,0,0,441,47,1.104,1,2208,0,441.205,6.326,64.563,-434.688,39.250,0.109,-0.012,1.895,-1.336,6.184,1.707,1.626,1.876,1.040,1.380,3,NULL,NULL,,3,0,2,7,255,1305,250,0,0
stim,155302,185423,0,185423,3382734.454,-0.716,-0.319,-0.241,-0.571,0,0,120,0,693,0,0,338,47,1.104,1,2208,0,439.540,12.485,29.625,-431.938,75.813,-0.105,0.188,2.301,1.172,12.430,3.938,1.698,1.950,1.040,1.380,3,NULL,NULL,,3,0,2,7,255,1305,250,0,0
stim,155302,185423,0,185423,3382739.455,-0.714,-0.333,-0.252,-0.562,0,0,117,0,296,0,0,279,47,1.104,1,2208,0,450.336,17.601,-43.875,-432.313,118.250,-0.375,0.207,2.215,1.953,17.492,3.938,1.768,2.022,1.040,1.380,3,NULL,NULL,,3,0,2,7,255,1305,250,0,0
stim,155302,185423,0,185423,3382744.453,-0.712,-0.348,-0.260,-0.551,0,0,93,0,5,0,0,139,47,1.104,1,2208,0,475.579,18.437,-95.875,-438.313,157.688,-0.645,0.305,1.840,1.965,18.332,1.098,1.840,2.096,1.040,1.380,3,NULL,NULL,,3,0,2,7,255,1305,250,0,0
stim,155302,185423,0,185423,3382749.455,-0.709,-0.364,-0.268,-0.540,0,0,43,0,0,0,0,81,47,1.104,1,2208,0,479.609,18.437,-128.188,-433.188,161.063,-0.766,0.711,1.414,1.965,18.332,-4.156,1.912,2.170,1.040,1.380,4,NULL,NULL,,3,0,2,7,255,1305,250,0,0
stim,155329,185450,0,185450,3382754.453,-0.705,-0.380,-0.275,-0.531,0,0,27,0,0,0,0,11,47,1.104,1,2208,0,458.397,17.165,-149.188,-415.250,124.250,-0.637,1.102,1.094,5.184,16.363,-9.242,1.986,2.248,1.040,1.380,4,NULL,NULL,,3,0,2,7,255,1305,250,0,0
stim,155329,185450,0,185450,3382759.455,-0.700,-0.395,-0.281,-0.524,0,0,30,0,0,0,0,1,47,1.104,1,2208,0,432.426,16.253,-158.625,-392.313,89.000,-0.363,1.309,1.027,8.980,13.547,-10.961,2.052,2.316,1.040,1.380,0,NULL,NULL,,3,0,2,7,255,1305,250,0,0
stim,155329,185450,0,185450,3382764.454,-0.695,-0.410,-0.287,-0.516,0,0,35,0,0,0,0,9,47,1.104,1,2208,0,422.010,14.820,-178.313,-374.188,79.250,-0.266,0.934,1.063,8.980,11.789,-10.961,2.104,2.370,1.040,1.380,0,NULL,NULL,,3,0,2,7,255,1305,250,0,0
stim,155329,185450,0,185450,3382769.455,-0.688,-0.426,-0.291,-0.510,0,0,40,0,0,0,0,63,47,1.104,1,2208,0,419.497,14.021,-212.875,-352.063,81.938,-0.102,0.367,1.121,8.410,11.219,-9.484,2.140,2.408,1.040,1.380,0,NULL,NULL,,3,0,2,7,255,1305,250,0,0
stim,155329,185450,0,185450,3382774.454,-0.682,-0.439,-0.294,-0.505,0,0,37,0,0,0,0,75,47,1.104,1,2208,0,363.372,11.099,-205.875,-295.500,48.313,-0.063,-0.121,1.027,3.699,10.465,-6.668,2.158,2.428,1.040,1.380,0,NULL,NULL,,3,0,2,7,255,1305,250,0,0
stim,155329,185450,0,185450,3382779.455,-0.677,-0.450,-0.297,-0.501,0,0,37,0,0,0,0,101,47,1.104,1,2208,0,310.083,10.487,-167.688,-256.375,48.000,-0.227,-0.129,1.227,-0.680,10.465,-6.391,2.162,2.434,1.040,1.380,0,NULL,NULL,,3,0,2,7,255,1305,250,0,0
stim,155360,185481,0,185481,3382784.453,-0.671,-0.461,-0.299,-0.498,0,0,58,0,0,0,0,133,47,1.104,1,2208,0,281.487,11.746,-177.375,-215.063,39.000,-0.379,0.070,1.480,-0.680,11.727,-6.391,2.156,2.430,1.040,1.380,0,NULL,NULL,,3,0,2,7,255,1305,250,0,0
stim,155360,185481,0,185481,3382789.455,-0.665,-0.471,-0.298,-0.496,0,0,55,0,0,0,0,154,47,1.104,1,2208,0,285.244,13.685,-232.563,-163.563,22.938,-0.406,0.195,1.340,0.609,13.672,-7.621,2.144,2.420,1.040,1.380,0,NULL,NULL,,3,0,2,7,255,1305,250,0,0
stim,155360,185481,0,185481,3382794.454,-0.659,-0.482,-0.294,-0.497,0,0,60,0,0,0,0,157,47,1.104,1,2208,0,298.778,13.783,-278.438,-106.250,21.250,-0.313,0.320,0.828,1.746,13.672,-9.078,2.128,2.406,1.040,1.380,0,NULL,NULL,,3,0,2,7,255,1305,250,0,0
stim,155360,185481,0,185481,3382799.455,-0.652,-0.492,-0.289,-0.499,0,0,55,0,0,0,0,156,47,1.104,1,2208,0,296.601,9.120,-292.313,-44.875,22.625,-0.207,0.512,0.262,2.824,8.672,-10.734,2.110,2.390,1.040,1.380,0,NULL,NULL,,3,0,2,7,255,1305,250,0,0
stim,155360,185481,0,185481,3382804.454,-0.647,-0.499,-0.282,-0.502,0,0,41,0,0,0,0,137,47,1.104,1,2208,0,253.983,5.226,-252.875,18.500,14.813,-0.172,0.605,-0.250,4.273,3.008,-12.551,2.090,2.372,1.040,1.380,0,NULL,NULL,,3,0,2,7,255,1305,250,0,0
stim,155360,185481,0,185481,3382809.455,-0.644,-0.502,-0.276,-0.506,0,0,35,0,0,0,0,135,47,1.104,1,2208,0,199.397,4.670,-186.813,69.625,3.563,-0.090,0.457,-0.418,4.273,-1.883,-13.617,2.076,2.360,1.040,1.380,0,NULL,NULL,,3,0,2,7,255,1305,250,0,0
stim,155389,185510,0,185510,3382814.454,-0.643,-0.504,-0.270,-0.510,0,0,37,0,0,0,0,134,47,1.104,1,2208,0,178.673,4.774,-137.125,114.313,7.313,-0.047,0.191,-0.422,3.004,-3.711,-13.617,2.066,2.354,1.040,1.380,0,NULL,NULL,,3,0,2,7,255,1305,250,0,0
stim,155389,185510,0,185510,3382819.455,-0.642,-0.503,-0.263,-0.514,0,0,38,0,0,0,0,117,47,1.104,1,2208,0,182.025,3.769,-102.063,149.750,17.063,-0.059,-0.055,-0.395,0.660,-3.711,-12.309,2.064,2.354,1.040,1.380,0,NULL,NULL,,3,0,2,7,255,1305,250,0,0
stim,155412,185533,0,185533,3382824.454,-0.644,-0.502,-0.256,-0.518,0,0,39,0,0,0,0,109,47,1.104,1,2208,0,197.553,4.130,-79.375,175.813,42.625,-0.039,-0.059,-0.512,-1.578,-3.816,-11.699,2.070,2.360,1.040,1.380,0,NULL,NULL,,3,0,2,7,255,1305,250,0,0
stim,155412,185533,0,185533,3382829.455,-0.646,-0.499,-0.248,-0.521,0,0,30,0,0,0,0,106,47,1.104,1,2208,0,207.599,4.779,-35.000,196.438,57.313,-0.172,-0.027,-0.625,-1.840,-4.410,-11.699,2.084,2.378,1.040,1.380,0,NULL,NULL,,3,0,2,7,255,1305,250,0,0
stim,155412,185533,0,185533,3382834.453,-0.650,-0.494,-0.241,-0.524,0,0,26,0,0,0,0,98,47,1.104,1,2208,0,220.613,5.127,15.875,210.375,64.500,-0.133,0.137,-0.598,-1.840,-4.785,-13.371,2.106,2.402,1.040,1.380,0,NULL,NULL,,3,0,2,7,255,1305,250,0,0
stim,155412,185533,0,185533,3382839.455,-0.655,-0.488,-0.235,-0.526,0,0,24,0,0,0,0,91,47,1.104,1,2208,0,246.259,4.832,64.625,224.375,78.250,-0.199,0.176,-0.453,-0.668,-4.785,-13.684,2.136,2.434,1.040,1.380,0,NULL,NULL,,3,0,2,7,255,1305,250,0,0
stim,155412,185533,0,185533,3382844.454,-0.662,-0.481,-0.228,-0.528,0,0,26,0,0,0,0,77,47,1.104,1,2208,0,268.033,3.191,97.250,235.750,82.500,-0.215,0.219,-0.285,-0.223,-3.184,-13.684,2.170,2.470,1.040,1.380,0,NULL,NULL,,3,0,2,7,255,1305,250,0,0
stim,155412,185533,0,185533,3382849.455,-0.669,-0.472,-0.222,-0.530,0,0,21,0,0,0,0,71,47,1.104,1,2208,0,291.739,1.655,123.125,247.875,92.250,-0.281,0.207,-0.145,0.484,-1.582,-13.586,2.208,2.510,1.040,1.380,0,NULL,NULL,,3,0,2,7,255,1305,250,0,0
stim,155412,185533,0,185533,3382854.454,-0.676,-0.463,-0.216,-0.531,0,0,27,0,0,0,0,63,47,1.104,1,2208,0,311.219,0.517,145.000,257.563,97.438,-0.344,0.246,0.012,0.516,0.039,-13.461,2.254,2.558,1.040,1.380,0,NULL,NULL,,3,0,2,7,255,1305,250,0,0
stim,155412,185533,0,185533,3382859.455,-0.684,-0.452,-0.210,-0.532,0,0,23,0,0,0,0,55,47,1.104,1,2208,0,325.032,1.924,161.750,265.750,94.125,-0.473,0.227,0.199,0.781,1.758,-13.406,2.304,2.610,1.040,1.380,0,NULL,NULL,,3,0,2,7,255,1305,250,0,0
stim,155412,185533,0,185533,3382864.453,-0.692,-0.442,-0.204,-0.534,0,0,23,0,0,0,0,43,47,1.104,1,2208,0,333.626,4.199,169.500,273.313,88.750,-0.523,0.289,0.434,0.984,4.082,-13.332,2.356,2.666,1.040,1.380,0,NULL,NULL,,3,0,2,7,255,1305,250,0,0
stim,155412,185533,0,185533,3382869.455,-0.699,-0.431,-0.198,-0.536,0,0,24,0,0,0,0,33,47,1.104,1,2208,0,331.558,6.491,161.563,280.500,71.750,-0.582,0.234,0.570,1.223,6.375,-12.648,2.410,2.722,1.040,1.380,0,NULL,NULL,,3,0,2,7,255,1305,250,0,0
stim,155442,185563,0,185563,3382874.454,-0.705,-0.420,-0.192,-0.538,0,0,23,0,0,0,0,31,47,1.104,1,2208,0,334.428,8.040,158.125,288.563,59.750,-0.590,0.277,0.723,1.641,7.871,-11.934,2.466,2.780,1.040,1.380,0,NULL,NULL,,3,0,2,7,255,1305,250,0,0
stim,155442,185563,0,185563,3382879.455,-0.711,-0.408,-0.186,-0.542,0,0,25,0,0,0,0,29,47,1.104,1,2208,0,332.885,9.265,146.188,296.313,40.500,-0.652,0.211,0.789,1.227,9.184,-11.094,2.518,2.834,1.040,1.380,0,NULL,NULL,,3,0,2,7,255,1305,250,0,0
stim,155442,185563,0,185563,3382884.453,-0.716,-0.397,-0.180,-0.545,0,0,26,0,0,0,0,37,47,1.104,1,2208,0,337.036,10.169,146.250,302.938,20.813,-0.676,0.188,0.984,1.324,10.082,-10.609,2.568,2.886,1.040,1.380,0,NULL,NULL,,3,0,2,7,255,1305,250,0,0
stim,155442,185563,0,185563,3382889.455,-0.720,-0.385,-0.173,-0.550,0,0,25,0,0,0,0,41,47,1.104,1,2208,0,334.512,11.770,123.375,310.875,-5.813,-0.699,0.184,1.152,1.324,11.695,-9.230,2.614,2.934,1.040,1.380,0,NULL,NULL,,3,0,2,7,255,1305,250,0,0
stim,155467,185588,0,185588,3382894.454,-0.723,-0.374,-0.166,-0.556,0,0,23,0,0,0,0,45,47,1.104,1,2208,0,333.507,12.952,92.125,319.188,-29.313,-0.602,0.219,1.223,1.582,12.855,-7.984,2.654,2.976,1.040,1.380,0,NULL,NULL,,3,0,2,7,255,1305,250,0,0
stim,155467,185588,0,185588,3382899.455,-0.725,-0.364,-0.158,-0.563,0,0,23,0,0,0,0,46,47,1.104,1,2208,0,337.707,13.058,66.875,326.688,-53.375,-0.555,0.168,1.250,2.289,12.855,-6.652,2.686,3.010,1.040,1.380,0,NULL,NULL,,3,0,2,7,255,1305,250,0,0
stim,155467,185588,0,185588,3382904.453,-0.726,-0.354,-0.150,-0.570,0,0,23,0,0,0,0,53,47,1.104,1,2208,0,342.808,12.784,37.938,334.625,-64.063,-0.477,0.227,1.176,2.430,12.551,-5.648,2.708,3.032,1.040,1.380,0,NULL,NULL,,3,0,2,7,255,1305,250,0,0
stim,155467,185588,0,185588,3382909.455,-0.726,-0.344,-0.141,-0.578,0,0,25,0,0,0,0,63,47,1.104,1,2208,0,353.210,11.708,22.813,341.375,-87.750,-0.379,0.156,1.094,2.641,11.406,-5.535,2.722,3.050,1.040,1.380,0,NULL,NULL,,3,0,2,7,255,1305,250,0,0
stim,155467,185588,0,185588,3382914.454,-0.726,-0.334,-0.133,-0.587,0,0,24,0,0,0,0,93,47,1.104,1,2208,0,362.847,10.297,15.625,347.938,-101.750,-0.215,0.113,1.023,2.652,9.949,-4.984,2.734,3.064,1.040,1.380,0,NULL,NULL,,3,0,2,7,255,1305,250,0,0
stim,155467,185588,0,185588,3382919.455,-0.725,-0.324,-0.123,-0.596,0,0,23,0,0,0,0,114,47,1.104,1,2208,0,371.402,8.488,3.500,355.563,-107.250,-0.055,0.109,0.844,2.652,8.063,-4.281,2.744,3.076,1.040,1.380,0,NULL,NULL,,3,0,2,7,255,1305,250,0,0
stim,155509,185630,0,185630,3382924.454,-0.724,-0.314,-0.114,-0.604,0,0,26,0,0,0,0,121,47,1.104,1,2208,0,371.164,6.141,13.750,357.625,-98.375,0.000,0.098,0.684,2.652,5.539,-4.281,2.752,3.086,1.040,1.380,0,NULL,NULL,,3,0,2,7,255,1305,250,0,0
stim,155509,185630,0,185630,3382929.455,-0.723,-0.303,-0.105,-0.612,0,0,26,0,0,0,0,137,47,1.104,1,2208,0,373.866,4.847,33.875,359.063,-98.500,0.043,0.188,0.602,2.754,3.988,-5.000,2.764,3.100,1.040,1.380,0,NULL,NULL,,3,0,2,7,255,1305,250,0,0
stim,155509,185630,0,185630,3382934.454,-0.722,-0.291,-0.097,-0.620,0,0,25,0,0,0,0,141,47,1.104,1,2208,0,373.177,3.891,57.563,357.000,-92.188,0.105,0.102,0.539,2.449,3.023,-5.383,2.780,3.118,1.040,1.380,0,NULL,NULL,,3,0,2,7,255,1305,250,0,0
stim,155509,185630,0,185630,3382939.455,-0.723,-0.279,-0.089,-0.626,0,0,24,0,0,0,0,153,47,1.104,1,2208,0,371.674,3.095,87.125,352.688,-78.500,0.172,0.051,0.559,2.379,1.980,-5.383,2.800,3.140,1.040,1.380,0,NULL,NULL,,3,0,2,7,255,1305,250,0,0
stim,155509,185630,0,185630,3382944.454,-0.723,-0.265,-0.082,-0.633,0,0,22,0,0,0,0,153,47,1.104,1,2208,0,372.949,2.730,115.563,347.438,-70.875,0.230,0.063,0.613,2.379,1.340,-4.688,2.824,3.166,1.040,1.380,0,NULL,NULL,,3,0,2,7,255,1305,250,0,0
stim,155509,185630,0,185630,3382949.455,-0.724,-0.251,-0.076,-0.638,0,0,20,0,0,0,0,151,47,1.104,1,2208,0,373.023,2.577,144.438,340.188,-50.563,0.250,0.090,0.695,2.383,0.980,-3.965,2.852,3.196,1.040,1.380,0,NULL,NULL,,3,0,2,7,255,1305,250,0,0
stim,155540,185661,0,185661,3382954.453,-0.726,-0.236,-0.071,-0.642,0,0,24,0,0,0,0,151,47,1.104,1,2208,0,375.993,2.964,166.813,335.250,-33.938,0.219,0.176,0.816,2.797,0.980,-3.199,2.884,3.230,1.040,1.380,0,NULL,NULL,,3,0,2,7,255,1305,250,0,0
stim,155540,185661,0,185661,3382959.455,-0.727,-0.221,-0.066,-0.646,0,0,22,0,0,0,0,147,47,1.104,1,2208,0,379.931,4.077,183.375,331.625,-27.313,0.188,0.191,0.930,3.766,1.563,-2.473,2.916,3.264,1.040,1.380,0,NULL,NULL,,3,0,2,7,255,1305,250,0,0
stim,155540,185661,0,185661,3382964.453,-0.729,-0.205,-0.061,-0.650,0,0,24,0,0,0,0,146,47,1.104,1,2208,0,383.703,4.314,198.250,328.188,-14.750,0.148,0.152,1.059,3.766,2.105,-1.543,2.946,3.296,1.040,1.380,0,NULL,NULL,,3,0,2,7,255,1305,250,0,0
stim,155540,185661,0,185661,3382969.455,-0.732,-0.189,-0.057,-0.652,0,0,21,0,0,0,0,148,47,1.104,1,2208,0,387.513,4.789,209.250,326.125,-4.813,0.043,0.180,1.246,3.992,2.645,-0.309,2.976,3.328,1.040,1.380,0,NULL,NULL,,3,0,2,7,255,1305,250,0,0
stim,155540,185661,0,185661,3382974.454,-0.734,-0.173,-0.053,-0.655,0,0,20,0,0,0,0,147,47,1.104,1,2208,0,387.682,5.687,211.750,324.625,-8.813,-0.035,0.262,1.477,4.047,3.996,1.094,3.002,3.356,1.040,1.380,0,NULL,NULL,,3,0,2,7,255,1305,250,0,0
stim,155540,185661,0,185661,3382979.455,-0.735,-0.158,-0.048,-0.658,0,0,21,0,0,0,0,141,47,1.104,1,2208,0,380.192,7.155,198.313,324.125,-12.688,-0.059,0.266,1.660,4.953,5.164,2.984,3.022,3.378,1.040,1.380,0,NULL,NULL,,3,0,2,7,255,1305,250,0,0
stim,155540,185661,0,185661,3382984.454,-0.736,-0.143,-0.043,-0.660,0,0,21,0,0,0,0,147,47,1.104,1,2208,0,369.170,7.278,175.500,324.563,-12.063,-0.063,0.250,1.746,4.953,5.332,4.820,3.038,3.396,1.040,1.380,0,NULL,NULL,,3,0,2,7,255,1305,250,0,0
stim,155540,185661,0,185661,3382989.455,-0.737,-0.128,-0.037,-0.663,0,0,20,0,0,0,0,139,47,1.104,1,2208,0,359.102,7.230,153.125,324.500,-14.375,-0.086,0.215,1.773,4.883,5.332,5.859,3.052,3.412,1.040,1.380,0,NULL,NULL,,3,0,2,7,255,1305,250,0,0
stim,155561,185682,0,185682,3382994.453,-0.737,-0.115,-0.031,-0.665,0,0,20,0,0,0,0,138,47,1.104,1,2208,0,350.926,6.783,136.188,322.875,-18.813,-0.109,0.199,1.797,4.430,5.137,6.332,3.062,3.424,1.040,1.380,0,NULL,NULL,,3,0,2,7,255,1305,250,0,0
stim,155561,185682,0,185682,3382999.455,-0.737,-0.101,-0.025,-0.667,0,0,23,0,0,0,0,139,47,1.104,1,2208,0,343.475,6.402,119.938,320.813,-25.875,-0.109,0.184,1.816,4.117,4.902,6.695,3.068,3.432,1.040,1.380,0,NULL,NULL,,3,0,2,7,255,1305,250,0,0
stim,155561,185682,0,185682,3383004.454,-0.737,-0.089,-0.017,-0.670,0,0,19,0,0,0,0,140,47,1.104,1,2208,0,334.624,5.953,99.563,317.875,-31.875,-0.086,0.199,1.801,3.973,4.434,7.094,3.072,3.438,1.040,1.380,0,NULL,NULL,,3,0,2,7,255,1305,250,0,0
stim,155561,185682,0,185682,3383009.455,-0.736,-0.077,-0.010,-0.673,0,0,21,0,0,0,0,147,47,1.104,1,2208,0,325.914,5.341,80.750,313.875,-34.375,-0.027,0.172,1.668,3.875,3.676,7.094,3.074,3.442,1.040,1.380,0,NULL,NULL,,3,0,2,7,255,1305,250,0,0
stim,155584,185705,0,185705,3383014.454,-0.735,-0.065,-0.003,-0.675,0,0,25,0,0,0,0,151,47,1.104,1,2208,0,321.033,4.278,81.500,308.875,-31.875,0.004,0.078,1.539,3.516,2.438,6.043,3.072,3.442,1.040,1.380,0,NULL,NULL,,3,0,2,7,255,1305,250,0,0
stim,155584,185705,0,185705,3383019.455,-0.734,-0.053,0.004,-0.677,0,0,23,0,0,0,0,151,47,1.104,1,2208,0,317.445,2.820,91.625,302.625,-28.188,-0.020,0.063,1.535,2.391,1.496,5.020,3.068,3.440,1.040,1.380,0,NULL,NULL,,3,0,2,7,255,1305,250,0,0
stim,155622,185743,0,185743,3383024.454,-0.733,-0.041,0.011,-0.679,0,0,21,0,0,0,0,153,47,1.104,1,2208,0,314.228,2.723,96.625,297.313,-31.750,-0.027,0.105,1.563,2.391,1.305,5.020,3.060,3.434,1.040,1.380,0,NULL,NULL,,3,0,2,7,255,1305,250,0,0
stim,155622,185743,0,185743,3383029.455,-0.732,-0.029,0.017,-0.681,0,0,24,0,0,0,0,153,47,1.104,1,2208,0,309.945,2.547,100.750,291.313,-32.438,0.031,0.098,1.551,2.344,0.996,5.223,3.046,3.422,1.040,1.380,0,NULL,NULL,,3,0,2,7,255,1305,250,0,0
stim,155622,185743,0,185743,3383034.454,-0.731,-0.017,0.022,-0.682,0,0,19,0,0,0,0,149,47,1.104,1,2208,0,306.178,2.344,110.688,284.313,-25.688,0.055,0.059,1.527,2.344,0.043,5.223,3.026,3.404,1.040,1.380,0,NULL,NULL,,3,0,2,7,255,1305,250,0,0
stim,155622,185743,0,185743,3383039.455,-0.730,-0.005,0.027,-0.683,0,0,21,0,0,0,0,153,47,1.104,1,2208,0,305.328,1.927,126.000,277.438,-19.438,0.027,0.059,1.543,1.832,-0.598,5.211,3.000,3.380,1.040,1.380,0,NULL,NULL,,3,0,2,7,255,1305,250,0,0
stim,155622,185743,0,185743,3383044.453,-0.728,0.008,0.032,-0.684,0,0,20,0,0,0,0,150,47,1.104,1,2208,0,307.424,1.968,142.438,271.750,-19.313,0.027,0.094,1.609,1.832,-0.719,5.211,2.968,3.350,1.040,1.380,0,NULL,NULL,,3,0,2,7,255,1305,250,0,0
stim,155622,185743,0,185743,3383049.455,-0.727,0.021,0.035,-0.685,0,0,22,0,0,0,0,151,47,1.104,1,2208,0,311.351,2.101,157.750,267.688,-19.938,0.094,0.094,1.695,1.777,-1.121,5.824,2.926,3.308,1.040,1.380,0,NULL,NULL,,3,0,2,7,255,1305,250,0,0
stim,155622,185743,0,185743,3383054.454,-0.726,0.034,0.038,-0.686,0,0,21,0,0,0,0,152,47,1.104,1,2208,0,315.382,2.815,170.438,264.938,-15.000,0.160,0.066,1.789,1.777,-2.184,6.613,2.876,3.260,1.040,1.380,0,NULL,NULL,,3,0,2,7,255,1305,250,0,0
stim,155622,185743,0,185743,3383059.455,-0.725,0.047,0.041,-0.686,0,0,25,0,0,0,0,151,47,1.104,1,2208,0,318.952,3.651,179.000,263.875,-7.688,0.223,0.098,1.859,1.430,-3.359,7.445,2.818,3.204,1.040,1.380,0,NULL,NULL,,3,0,2,7,255,1305,250,0,0
stim,155622,185743,0,185743,3383064.454,-0.723,0.061,0.044,-0.686,0,0,23,0,0,0,0,153,47,1.104,1,2208,0,324.742,4.636,188.563,264.375,-2.688,0.301,0.141,1.891,1.430,-4.410,7.992,2.756,3.144,1.040,1.380,0,NULL,NULL,,3,0,2,7,255,1305,250,0,0
stim,155622,185743,0,185743,3383069.455,-0.722,0.076,0.046,-0.686,0,0,23,0,0,0,0,164,47,1.104,1,2208,0,334.786,5.816,203.438,265.875,2.250,0.430,0.145,1.957,1.434,-5.637,8.074,2.688,3.078,1.040,1.380,0,NULL,NULL,,3,0,2,7,255,1305,250,0,0
stim,155643,185764,0,185764,3383074.454,-0.721,0.091,0.048,-0.686,0,0,24,0,0,0,0,165,47,1.104,1,2208,0,346.370,7.555,217.750,269.188,9.750,0.578,0.145,2.063,1.434,-7.418,8.375,2.614,3.004,1.040,1.380,0,NULL,NULL,,3,0,2,7,255,1305,250,0,0
stim,155643,185764,0,185764,3383079.455,-0.719,0.106,0.050,-0.685,0,0,27,0,0,0,0,166,47,1.104,1,2208,0,356.068,9.558,226.063,274.313,20.813,0.703,0.148,2.168,1.148,-9.488,8.949,2.534,2.926,1.040,1.380,0,NULL,NULL,,3,0,2,7,255,1305,250,0,0
stim,155643,185764,0,185764,3383084.453,-0.718,0.122,0.052,-0.683,0,0,24,0,0,0,0,167,47,1.104,1,2208,0,363.614,11.411,230.000,279.500,34.563,0.789,0.145,2.250,0.852,-11.379,9.465,2.450,2.842,1.040,1.380,0,NULL,NULL,,3,0,2,7,255,1305,250,0,0
stim,155643,185764,0,185764,3383089.455,-0.718,0.137,0.053,-0.681,0,0,25,0,0,0,0,167,47,1.104,1,2208,0,370.556,12.883,232.563,284.563,47.438,0.836,0.145,2.328,0.445,-12.875,9.793,2.362,2.756,1.040,1.380,0,NULL,NULL,,3,0,2,7,255,1305,250,0,0
stim,155643,185764,0,185764,3383094.454,-0.717,0.153,0.055,-0.678,0,0,23,0,0,0,0,173,47,1.104,1,2208,0,374.332,14.028,231.625,288.500,56.938,0.859,0.180,2.410,0.074,-14.027,10.055,2.272,2.668,1.040,1.380,0,NULL,NULL,,3,0,2,7,255,1305,250,0,0
stim,155643,185764,0,185764,3383099.455,-0.716,0.169,0.057,-0.675,0,0,24,0,0,0,0,171,47,1.104,1,2208,0,370.399,14.988,220.875,290.188,64.813,0.859,0.230,2.461,0.070,-14.988,10.430,2.176,2.574,1.040,1.380,0,NULL,NULL,,3,0,2,7,255,1305,250,0,0
stim,155674,185795,0,185795,3383104.454,-0.716,0.184,0.060,-0.671,0,0,25,0,0,0,0,171,47,1.104,1,2208,0,362.441,15.621,207.688,287.813,73.438,0.883,0.223,2.492,-0.012,-15.621,10.430,2.076,2.476,1.040,1.380,0,NULL,NULL,,3,0,2,7,255,1305,250,0,0
stim,155674,185795,0,185795,3383109.457,-0.716,0.199,0.063,-0.667,0,0,25,0,0,0,0,169,47,1.104,1,2208,0,348.232,16.488,188.688,281.375,80.563,0.887,0.223,2.508,-0.328,-16.484,10.363,1.974,2.374,1.040,1.380,0,NULL,NULL,,3,0,2,7,255,1305,250,0,0
stim,155674,185795,0,185795,3383114.453,-0.715,0.212,0.066,-0.662,0,0,24,0,0,0,0,175,47,1.104,1,2208,0,328.457,17.069,164.875,271.625,83.188,0.934,0.211,2.465,-0.594,-17.059,10.051,1.870,2.270,1.040,1.380,0,NULL,NULL,,3,0,2,7,255,1305,250,0,0
stim,155674,185795,0,185795,3383119.455,-0.716,0.224,0.069,-0.658,0,0,23,0,0,0,0,197,47,1.104,1,2208,0,307.116,17.814,140.938,259.250,85.125,1.035,0.086,2.309,-0.773,-17.797,9.074,1.760,2.162,1.040,1.380,0,NULL,NULL,,3,0,2,7,255,1305,250,0,0
stim,155711,185832,0,185832,3383124.454,-0.716,0.235,0.072,-0.653,0,0,25,0,0,0,0,213,47,1.104,1,2208,0,290.444,18.664,126.000,244.750,92.625,1.121,-0.145,2.082,-1.750,-18.582,6.641,1.642,2.046,1.040,1.380,0,NULL,NULL,,3,0,2,7,255,1305,250,0,0
stim,155711,185832,0,185832,3383129.455,-0.717,0.246,0.075,-0.648,0,0,24,0,0,0,0,229,47,1.104,1,2208,0,278.188,18.907,122.938,228.500,100.313,1.152,-0.371,1.848,-3.492,-18.582,3.430,1.518,1.922,1.040,1.380,0,NULL,NULL,,3,0,2,7,255,1305,250,0,0
stim,155711,185832,0,185832,3383134.454,-0.717,0.257,0.077,-0.643,0,0,23,0,0,0,0,237,47,1.104,1,2208,0,269.165,19.180,130.938,211.688,102.438,1.176,-0.543,1.672,-5.230,-18.453,0.387,1.386,1.792,1.040,1.380,0,NULL,NULL,,3,0,2,7,255,1305,250,0,0
stim,155711,185832,0,185832,3383139.455,-0.717,0.267,0.078,-0.639,0,0,26,0,0,0,0,245,47,1.104,1,2208,0,263.530,19.520,146.000,195.625,99.313,1.227,-0.656,1.578,-6.488,-18.410,-2.043,1.250,1.656,1.040,1.380,0,NULL,NULL,,3,0,2,7,255,1305,250,0,0
stim,155711,185832,0,185832,3383144.453,-0.717,0.277,0.078,-0.634,0,0,26,0,0,0,0,250,47,1.104,1,2208,0,261.836,19.812,163.625,180.000,96.875,1.277,-0.723,1.594,-7.320,-18.410,-3.715,1.112,1.518,1.040,1.380,0,NULL,NULL,,3,0,2,7,255,1305,250,0,0
stim,155711,185832,0,185832,3383149.455,-0.717,0.288,0.078,-0.630,0,0,25,0,0,0,0,273,47,1.104,1,2208,0,257.080,20.614,173.188,165.813,92.750,1.316,-0.738,1.684,-7.855,-19.059,-4.332,0.970,1.376,1.040,1.380,0,NULL,NULL,,3,0,2,7,255,1305,250,0,0
stim,155737,185858,0,185858,3383154.453,-0.717,0.298,0.077,-0.626,0,0,27,0,0,0,0,285,47,1.104,1,2208,0,243.878,21.560,169.938,152.813,85.125,1.379,-0.734,1.758,-8.129,-19.969,-4.406,0.828,1.232,1.040,1.380,0,NULL,NULL,,3,0,2,7,255,1305,250,0,0
stim,155737,185858,0,185858,3383159.455,-0.716,0.307,0.076,-0.623,0,0,25,0,0,0,0,299,47,1.104,1,2208,0,233.581,22.482,170.500,142.938,71.125,1.438,-0.543,1.688,-8.129,-20.961,-4.406,0.686,1.088,1.040,1.380,0,NULL,NULL,,3,0,2,7,255,1305,250,0,0
stim,155737,185858,0,185858,3383164.453,-0.714,0.316,0.075,-0.620,0,0,29,0,0,0,0,329,47,1.104,1,2208,0,207.404,22.581,154.313,127.625,54.000,1.707,-0.980,1.961,-8.172,-21.051,-5.059,0.550,0.946,1.040,1.380,0,NULL,NULL,,3,0,2,7,255,1305,250,0,0
stim,155737,185858,0,185858,3383169.455,-0.714,0.322,0.075,-0.617,0,0,25,0,0,0,0,347,47,1.104,1,2208,0,169.339,26.557,107.688,118.375,55.375,1.863,-0.910,1.828,-8.980,-24.992,-6.004,0.418,0.804,1.040,1.380,0,NULL,NULL,,3,0,2,7,255,1305,250,0,0
stim,155737,185858,0,185858,3383174.454,-0.714,0.328,0.075,-0.614,0,0,28,0,0,0,0,361,47,1.104,1,2208,0,144.651,26.777,86.938,102.125,54.188,1.973,-0.910,1.590,-8.980,-25.227,-7.926,0.310,0.670,1.040,1.380,0,NULL,NULL,,3,0,2,7,255,1305,250,0,0
stim,155737,185858,0,185858,3383179.455,-0.713,0.333,0.075,-0.612,0,0,26,0,0,0,0,377,47,1.104,1,2208,0,122.797,26.928,81.063,84.188,37.688,2.043,-1.059,1.504,-8.957,-25.395,-10.621,0.236,0.546,1.040,1.380,0,NULL,NULL,,3,0,2,7,255,1305,250,0,0
stim,155737,185858,0,185858,3383184.453,-0.713,0.337,0.075,-0.611,0,0,25,0,0,0,0,379,47,1.104,1,2208,0,99.280,26.928,71.125,62.250,30.375,2.145,-1.242,1.449,-8.957,-25.395,-12.391,0.212,0.428,1.040,1.380,0,NULL,NULL,,3,0,2,7,255,1305,250,0,0
stim,155737,185858,0,185858,3383189.455,-0.712,0.341,0.074,-0.610,0,0,26,0,0,0,0,381,47,1.104,1,2208,0,90.782,27.375,80.250,40.000,14.188,2.078,-1.359,1.289,-10.223,-25.395,-14.180,0.242,0.324,1.040,1.380,0,NULL,NULL,,3,0,2,7,255,1305,250,0,0
stim,155771,185892,0,185892,3383194.453,-0.710,0.344,0.071,-0.610,0,0,25,0,0,0,0,382,47,1.104,1,2208,0,113.949,26.814,113.438,9.125,5.750,2.000,-1.273,1.414,-10.816,-24.535,-14.191,0.308,0.246,1.040,1.380,0,NULL,NULL,,3,0,2,7,255,1305,250,0,0
stim,155771,185892,0,185892,3383199.455,-0.709,0.347,0.067,-0.610,0,0,28,0,0,0,0,379,47,1.104,1,2208,0,113.219,26.814,110.375,-22.813,10.750,1.980,-0.906,2.055,-10.816,-24.535,-14.191,0.340,0.240,1.040,1.380,0,NULL,NULL,,3,0,2,7,255,1305,250,0,0
stim,155771,185892,0,185892,3383204.454,-0.709,0.347,0.064,-0.610,0,0,27,0,0,0,0,373,47,1.104,1,2208,0,67.922,28.965,41.438,-50.063,19.750,1.715,-0.672,2.371,-9.543,-27.348,-7.992,0.348,0.266,1.040,1.380,0,NULL,NULL,,3,0,2,7,255,1305,250,0,0
stim,155771,185892,0,185892,3383209.455,-0.710,0.345,0.062,-0.611,0,0,29,0,0,0,0,377,47,1.104,1,2208,0,74.637,28.910,-15.063,-72.875,5.750,1.387,-0.711,2.074,-9.375,-27.348,-3.891,0.346,0.304,1.040,1.380,0,NULL,NULL,,3,0,2,7,255,1305,250,0,0
stim,155771,185892,0,185892,3383214.454,-0.710,0.341,0.061,-0.613,0,0,13,0,0,0,0,425,47,1.104,1,2208,0,102.700,24.707,-37.875,-93.688,-18.313,1.180,-0.594,1.973,-9.074,-22.980,-3.344,0.348,0.342,1.040,1.380,0,NULL,NULL,,3,0,2,7,255,1305,250,0,0
stim,155771,185892,0,185892,3383219.455,-0.710,0.338,0.057,-0.615,0,0,11,5,0,0,0,503,47,1.104,1,2208,0,125.428,22.677,-6.438,-125.125,-5.875,0.555,-0.887,2.559,-9.375,-20.648,-2.996,0.366,0.372,1.040,1.380,0,NULL,NULL,,3,0,2,7,255,1305,250,0,0
stim,155819,185940,0,185940,3383224.454,-0.714,0.344,0.035,-0.609,271,0,0,535,0,40,0,557,47,1.104,1,2208,0,549.264,25.053,379.063,-250.813,308.375,-0.191,0.605,5.680,-14.188,-20.648,3.625,0.390,0.398,1.040,1.380,0,NULL,NULL,,3,0,2,7,255,1305,250,0,0
stim,155819,185940,0,185940,3383229.455,-0.726,0.328,0.037,-0.603,901,0,0,1145,0,219,0,606,47,1.104,1,2208,0,474.338,23.447,-377.875,-148.938,245.000,-1.516,1.977,5.109,-14.188,-18.668,36.730,0.398,0.418,1.040,1.380,0,NULL,NULL,,3,0,2,7,255,1305,250,0,0
stim,155819,185940,0,185940,3383234.453,-0.740,0.298,0.053,-0.600,1303,0,0,1513,0,469,0,671,47,1.104,1,2208,0,852.748,12.210,-839.125,-120.813,91.938,-1.191,2.527,1.156,-2.215,-12.008,36.730,0.390,0.430,1.040,1.380,0,NULL,NULL,,3,0,2,7,255,1305,250,0,0
stim,155819,185940,0,185940,3383239.455,-0.750,0.273,0.067,-0.599,1657,0,0,1775,0,595,0,739,47,1.104,1,2209,0,683.625,17.821,-673.313,-117.438,14.188,-1.125,1.840,-1.270,16.324,7.148,13.391,0.362,0.428,1.040,1.380,1,1307.000,2.000,,3,0,2,7,255,1305,250,0,0
stim,155819,185940,0,185940,3383244.454,-0.753,0.260,0.072,-0.600,1939,0,0,1903,0,776,0,813,47,1.104,1,2209,0,345.175,22.146,-326.438,-107.813,-31.000,-0.797,0.809,-1.504,16.324,14.965,-10.199,0.324,0.420,1.040,1.380,1,NULL,NULL,,3,0,2,7,255,1305,250,0,0
stim,155819,185940,0,185940,3383249.455,-0.753,0.255,0.069,-0.602,2119,0,0,1973,0,951,0,872,47,1.104,1,2209,0,131.543,16.903,-33.313,-123.438,-30.938,-0.168,0.160,0.027,7.859,14.965,-10.199,0.302,0.404,1.040,1.380,1,NULL,NULL,,3,0,2,7,255,1305,250,0,0
stim,155819,185940,0,185940,3383254.454,-0.754,0.252,0.066,-0.603,2275,0,0,2085,0,1111,0,973,47,1.104,1,2209,0,119.995,4.244,-18.938,-116.188,23.250,0.137,0.676,1.512,3.969,1.504,-8.465,0.290,0.376,1.040,1.380,1,NULL,NULL,,3,0,2,7,255,1305,250,0,0
stim,155819,185940,0,185940,3383259.455,-0.758,0.245,0.065,-0.601,2503,0,0,2327,0,1245,0,1009,47,1.104,1,2209,0,188.957,6.460,-138.688,-108.250,68.938,-0.031,1.344,1.734,3.969,-5.098,4.406,0.292,0.338,1.040,1.380,1,NULL,NULL,,3,0,2,7,255,1305,250,0,0
stim,155819,185940,0,185940,3383264.453,-0.763,0.234,0.068,-0.599,2663,0,0,2535,0,1255,0,1061,47,1.104,1,2209,0,282.310,6.460,-250.438,-105.125,77.000,-0.859,0.477,1.211,3.969,-5.098,5.137,0.302,0.294,1.040,1.380,1,NULL,NULL,,3,0,2,7,255,1305,250,0,0
stim,155819,185940,0,185940,3383269.455,-0.770,0.220,0.070,-0.595,2783,0,0,2678,0,1258,0,1145,47,1.104,1,2209,0,372.242,3.113,-317.813,-151.188,121.250,-1.727,-1.320,0.297,0.313,3.098,5.137,0.312,0.254,1.040,1.380,2,NULL,NULL,,3,0,2,7,255,1305,250,0,0
stim,155848,185969,0,185969,3383274.454,-0.772,0.208,0.071,-0.596,2846,0,0,2780,0,1239,0,1245,47,1.104,1,2209,0,287.216,19.688,-244.563,-149.813,-15.438,-1.539,-1.328,-0.395,-16.297,11.047,-3.891,0.318,0.222,1.040,1.380,2,NULL,NULL,,3,0,2,7,255,1305,250,0,0
stim,155848,185969,0,185969,3383279.455,-0.771,0.201,0.068,-0.600,2907,0,0,2872,0,1203,0,1321,47,1.104,1,2209,0,192.005,19.688,-56.813,-162.750,-84.563,-0.609,-0.516,-0.023,-16.297,11.047,-8.984,0.324,0.198,1.040,1.380,2,NULL,NULL,,3,0,2,7,255,1305,250,0,0
stim,155848,185969,0,185969,3383284.454,-0.769,0.198,0.062,-0.604,2952,0,0,2936,0,1199,0,1387,47,1.104,1,2209,0,187.831,7.826,41.000,-164.063,-81.750,0.031,-0.320,1.254,-6.516,4.336,-8.984,0.330,0.182,1.040,1.380,2,NULL,NULL,,3,0,2,7,255,1305,250,0,0
stim,155848,185969,0,185969,3383289.455,-0.769,0.193,0.058,-0.607,2984,0,0,2990,0,1212,0,1413,47,1.104,1,2209,0,158.388,8.575,-21.688,-151.188,-41.938,0.340,-0.555,2.035,-6.516,-5.574,0.766,0.336,0.172,1.040,1.380,2,NULL,NULL,,3,0,2,7,255,1305,250,0,0
stim,155848,185969,0,185969,3383294.454,-0.771,0.185,0.056,-0.607,3001,0,0,3027,0,1273,0,1437,47,1.104,1,2209,0,197.799,13.085,-135.125,-144.188,8.688,0.477,-0.621,1.688,-6.516,-11.348,3.000,0.344,0.162,1.040,1.380,2,NULL,NULL,,3,0,2,7,255,1305,250,0,0
stim,155848,185969,0,185969,3383299.455,-0.774,0.175,0.056,-0.605,3033,0,0,3064,0,1394,0,1469,47,1.104,1,2209,0,241.531,13.199,-190.125,-134.063,64.938,0.352,-0.828,0.941,-6.742,-11.348,3.000,0.358,0.150,1.040,1.380,2,NULL,NULL,,3,0,2,7,255,1305,250,0,0
stim,155868,185989,0,185989,3383304.453,-0.779,0.167,0.055,-0.602,3036,0,0,3100,0,1481,0,1493,47,1.104,1,2209,0,227.931,11.257,-156.125,-129.063,104.500,0.012,-1.027,0.457,-7.859,-8.059,-3.598,0.372,0.138,1.040,1.380,2,NULL,NULL,,3,0,2,7,255,1305,250,0,0
stim,155868,185989,0,185989,3383309.455,-0.783,0.161,0.052,-0.599,3051,0,0,3109,0,1597,0,1547,47,1.104,1,2209,0,189.092,9.796,-81.438,-129.250,111.438,-0.320,-0.813,0.527,-8.992,-3.887,-5.324,0.386,0.128,1.040,1.380,2,NULL,NULL,,3,0,2,7,255,1305,250,0,0
stim,155868,185989,0,185989,3383314.453,-0.785,0.157,0.048,-0.597,3061,0,0,3133,0,1727,0,1609,47,1.104,1,2209,0,152.622,9.016,-27.438,-127.438,79.375,-0.461,-0.199,0.980,-8.992,-0.660,-5.324,0.402,0.118,1.040,1.380,2,NULL,NULL,,3,0,2,7,255,1305,250,0,0
stim,155868,185989,0,185989,3383319.455,-0.787,0.153,0.044,-0.596,3067,0,0,3155,0,1849,0,1679,47,1.104,1,2209,0,132.848,4.020,-29.375,-123.688,38.563,-0.313,0.285,1.305,-4.016,-0.188,0.211,0.422,0.104,1.040,1.380,2,NULL,NULL,,3,0,2,7,255,1305,250,0,0
stim,155926,186047,0,186047,3383324.454,-0.788,0.148,0.042,-0.596,3077,0,0,3149,0,1943,7,1736,47,1.104,1,2209,0,135.389,0.660,-59.813,-118.563,26.375,-0.121,0.246,1.277,0.633,-0.188,2.828,0.440,0.086,1.040,1.380,2,NULL,NULL,,3,0,2,7,255,1305,250,0,0
stim,155926,186047,0,186047,3383329.455,-0.790,0.142,0.040,-0.595,3087,0,0,3151,0,2039,39,1770,47,1.104,1,2209,0,146.155,1.901,-86.688,-113.750,30.125,-0.109,-0.141,1.156,0.633,-1.793,2.828,0.454,0.072,1.040,1.380,2,NULL,NULL,,3,0,2,7,255,1305,250,0,0
stim,155926,186047,0,186047,3383334.454,-0.791,0.136,0.038,-0.595,3093,0,0,3161,0,2104,45,1803,47,1.104,1,2209,0,148.571,3.268,-95.063,-111.000,26.750,-0.160,-0.387,0.977,-2.582,-2.004,1.145,0.464,0.060,1.040,1.380,2,NULL,NULL,,3,0,2,7,255,1305,250,0,0
stim,155926,186047,0,186047,3383339.455,-0.793,0.131,0.036,-0.594,3101,0,0,3172,149,2191,56,1901,47,1.104,1,2209,0,133.567,4.607,-75.875,-107.313,23.813,-0.051,-0.340,0.793,-3.957,-2.359,-0.773,0.472,0.054,1.040,1.380,2,NULL,NULL,,3,0,2,7,255,1305,250,0,0
stim,155926,186047,0,186047,3383344.453,-0.794,0.126,0.034,-0.594,3103,0,0,3163,349,2257,219,1997,47,1.104,1,2209,0,118.983,4.607,-47.313,-105.938,26.375,-0.016,-0.176,0.938,-3.957,-2.359,-1.082,0.476,0.050,1.040,1.380,2,NULL,NULL,,3,0,2,7,255,1305,250,0,0
stim,155926,186047,0,186047,3383349.455,-0.794,0.124,0.031,-0.594,3101,0,0,3165,551,2293,235,2087,47,1.104,1,2209,0,81.875,3.474,-14.938,-80.438,3.188,0.109,0.059,1.680,-2.371,-2.539,-1.082,0.482,0.046,1.040,1.380,2,NULL,NULL,,3,0,2,7,255,1305,250,0,0
stim,155926,186047,0,186047,3383354.453,-0.794,0.121,0.031,-0.595,3091,0,0,3176,759,2333,234,2148,47,1.104,1,2209,0,64.996,4.627,-38.688,-45.188,-26.188,0.336,0.426,1.379,-0.352,-4.613,3.215,0.490,0.040,1.040,1.380,2,NULL,NULL,,3,0,2,7,255,1305,250,0,0
stim,155926,186047,0,186047,3383359.455,-0.794,0.119,0.030,-0.596,3110,0,0,3167,905,2360,250,2199,47,1.104,1,2209,0,54.473,6.088,-24.750,-44.625,-19.063,0.469,0.953,1.152,3.973,-4.613,3.215,0.496,0.036,1.040,1.380,2,NULL,NULL,,3,0,2,7,255,1305,250,0,0
stim,155926,186047,0,186047,3383364.453,-0.794,0.118,0.030,-0.596,3095,0,0,3167,1005,2380,249,2215,47,1.104,1,2209,0,33.819,5.863,-23.125,-24.563,2.375,0.109,0.504,1.527,3.984,-4.301,3.215,0.504,0.034,1.040,1.380,2,NULL,NULL,,3,0,2,7,255,1305,250,0,0
stim,155926,186047,0,186047,3383369.455,-0.794,0.114,0.032,-0.596,3095,5,0,3176,1117,2399,248,2293,47,1.104,1,2209,0,99.730,4.952,-98.188,-16.625,-5.375,-0.383,-0.004,1.414,3.984,-2.941,4.406,0.508,0.030,1.040,1.380,2,NULL,NULL,,3,0,2,7,255,1305,250,0,0
stim,155943,186064,0,186064,3383374.454,-0.793,0.109,0.035,-0.598,3099,24,0,3168,1177,2415,248,2324,47,1.104,1,2209,0,125.189,0.527,-110.250,-13.500,-57.750,-0.414,0.164,0.805,-0.063,0.523,4.406,0.516,0.026,1.040,1.380,2,NULL,NULL,,3,0,2,7,255,1305,250,0,0
stim,155943,186064,0,186064,3383379.455,-0.791,0.107,0.036,-0.601,3111,38,0,3175,1263,2441,248,2351,47,1.104,1,2209,0,114.150,0.527,-52.500,-12.188,-100.625,-0.047,0.203,0.750,-0.063,0.523,-1.188,0.522,0.024,1.040,1.380,2,NULL,NULL,,3,0,2,7,255,1305,250,0,0
stim,155943,186064,0,186064,3383384.454,-0.789,0.106,0.036,-0.604,3096,59,0,3175,1327,2440,254,2377,47,1.104,1,2209,0,89.452,1.344,-26.500,-11.750,-84.625,0.230,0.117,1.094,1.188,-0.629,-1.188,0.528,0.020,1.040,1.380,2,NULL,NULL,,3,0,2,7,255,1305,250,0,0
stim,155943,186064,0,186064,3383389.455,-0.788,0.104,0.037,-0.606,3111,69,0,3179,1391,2456,269,2415,47,1.104,1,2209,0,65.638,3.941,-50.563,-7.438,-41.188,0.148,0.008,1.195,1.188,-3.758,0.348,0.534,0.018,1.040,1.380,2,NULL,NULL,,3,0,2,7,255,1305,250,0,0
stim,155943,186064,0,186064,3383394.453,-0.788,0.101,0.039,-0.606,3107,99,0,3181,1495,2462,277,2429,47,1.104,1,2209,0,76.158,3.758,-72.375,-4.625,-23.250,-0.121,0.047,0.996,-0.051,-3.758,0.348,0.538,0.018,1.040,1.380,2,NULL,NULL,,3,0,2,7,255,1305,250,0,0
stim,155943,186064,0,186064,3383399.455,-0.787,0.099,0.041,-0.608,3100,109,0,3183,1555,2485,271,2445,47,1.104,1,2209,0,72.367,0.763,-58.750,-2.375,-42.188,-0.211,0.105,0.840,-0.051,-0.762,-0.004,0.542,0.016,1.040,1.380,2,NULL,NULL,,3,0,2,7,255,1305,250,0,0
stim,155974,186095,0,186095,3383404.453,-0.786,0.097,0.042,-0.610,3113,140,1,3192,1592,2489,269,2461,47,1.104,1,2209,0,69.763,0.775,-34.125,-2.063,-60.813,-0.109,0.027,0.914,-0.246,-0.734,-0.813,0.548,0.012,1.040,1.380,2,NULL,NULL,,3,0,2,7,255,1305,250,0,0
stim,155974,186095,0,186095,3383409.455,-0.784,0.096,0.043,-0.612,3111,178,5,3192,1623,2509,279,2478,47,1.104,1,2209,0,61.615,0.751,-27.125,-1.063,-55.313,0.016,0.012,1.039,-0.156,-0.734,-0.813,0.554,0.006,1.040,1.380,2,NULL,NULL,,3,0,2,7,255,1305,250,0,0
stim,155974,186095,0,186095,3383414.454,-0.783,0.095,0.043,-0.613,3103,207,10,3193,1651,2521,281,2489,47,1.104,1,2209,0,47.481,2.153,-32.688,-0.250,-34.438,0.008,0.000,1.047,-0.230,-2.141,0.160,0.000,0.000,1.040,1.380,2,NULL,NULL,,3,0,2,7,255,1305,250,0,0
stim,155974,186095,0,186095,3383419.455,-0.783,0.093,0.044,-0.613,3103,237,30,3205,1695,2524,285,2496,47,1.104,1,2209,0,41.989,2.153,-36.250,-0.313,-21.188,-0.109,0.008,1.012,-0.230,-2.141,0.160,0.000,0.000,1.040,1.380,2,NULL,NULL,,3,0,2,7,255,1305,250,0,0
stim,156011,186132,0,186132,3383424.454,-0.782,0.092,0.045,-0.614,3099,251,55,3197,1728,2533,282,2505,47,1.104,1,2209,0,40.491,1.032,-30.875,0.688,-26.188,-0.164,0.008,0.965,-0.406,-0.949,0.121,0.000,0.000,1.040,1.380,2,NULL,NULL,,3,0,2,7,255,1305,250,0,0
stim,156011,186132,0,186132,3383429.455,-0.782,0.091,0.046,-0.615,3101,253,111,3195,1759,2528,285,2506,47,1.104,1,2209,0,39.545,0.935,-22.438,-0.125,-32.563,-0.137,-0.074,0.957,-0.531,-0.770,-0.223,0.000,0.000,1.040,1.380,2,NULL,NULL,,3,0,2,7,255,1305,250,0,0
stim,156011,186132,0,186132,3383434.453,-0.781,0.090,0.047,-0.616,3113,268,120,3198,1783,2537,285,2509,47,1.104,1,2209,0,33.462,1.438,-15.188,0.500,-29.813,-0.039,-0.180,0.969,-1.215,-0.770,-0.410,0.000,0.000,1.040,1.380,2,NULL,NULL,,3,0,2,7,255,1305,250,0,0
stim,156011,186132,0,186132,3383439.455,-0.781,0.090,0.047,-0.617,3109,277,139,3197,1802,2531,281,2519,47,1.104,1,2209,0,18.573,2.757,-16.313,-0.313,-8.875,-0.039,-0.234,0.965,-1.961,-1.938,-0.535,0.000,0.000,1.040,1.380,2,NULL,NULL,,3,0,2,7,255,1305,250,0,0
stim,156011,186132,0,186132,3383444.453,-0.781,0.089,0.048,-0.616,3099,283,168,3207,1821,2540,271,2517,47,1.104,1,2209,0,15.882,2.913,-15.375,-1.500,3.688,-0.168,-0.176,0.922,-2.176,-1.938,-0.578,0.000,0.000,1.040,1.380,2,NULL,NULL,,3,0,2,7,255,1305,250,0,0
stim,156011,186132,0,186132,3383449.455,-0.781,0.089,0.048,-0.616,3103,269,187,3209,1831,2543,264,2519,47,1.104,1,2209,0,9.074,2.261,-8.625,-2.750,-0.625,-0.230,-0.090,0.930,-2.176,-0.613,-0.578,0.000,0.000,1.040,1.380,2,NULL,NULL,,3,0,2,7,255,1305,250,0,0
stim,156036,186157,0,186157,3383454.453,-0.781,0.088,0.048,-0.617,3097,261,221,3195,1846,2536,265,2516,47,1.071,1,2209,1,9.485,1.572,-1.500,-3.500,-8.688,-0.168,-0.078,0.965,-1.500,-0.469,-0.492,0.000,0.000,1.019,1.382,2,NULL,NULL,,3,0,2,7,255,1305,250,0,0
stim,156036,186157,0,186157,3383459.455,-0.781,0.088,0.048,-0.617,3096,246,243,3191,1867,2533,267,2517,47,1.071,1,2209,1,5.882,1.317,-0.188,-4.063,-4.250,-0.090,-0.090,1.000,-1.230,-0.469,-0.277,0.006,0.004,1.019,1.382,2,NULL,NULL,,3,0,2,7,255,1305,250,0,0
stim,156036,186157,0,186157,3383464.454,-0.781,0.088,0.048,-0.617,3093,245,249,3191,1868,2541,253,2529,47,1.071,1,2209,1,6.905,1.504,-1.938,-4.125,5.188,-0.121,-0.082,0.977,-1.191,-0.918,-0.238,0.012,0.010,1.019,1.382,2,NULL,NULL,,3,0,2,7,255,1305,250,0,0
stim,156036,186157,0,186157,3383469.455,-0.781,0.087,0.048,-0.617,3097,233,263,3187,1873,2537,246,2535,47,1.071,1,2209,1,7.405,1.489,0.188,-4.813,5.625,-0.184,-0.051,0.953,-1.172,-0.918,-0.238,0.016,0.014,1.019,1.382,2,NULL,NULL,,3,0,2,7,255,1305,250,0,0
stim,156036,186157,0,186157,3383474.454,-0.781,0.087,0.047,-0.617,3095,219,279,3179,1877,2527,223,2537,47,1.071,1,2209,1,7.935,1.027,5.688,-5.375,-1.313,-0.180,-0.023,0.965,-1.004,-0.215,-0.238,0.022,0.016,1.019,1.382,2,NULL,NULL,,3,0,2,7,255,1305,250,0,0
stim,156036,186157,0,186157,3383479.455,-0.781,0.087,0.047,-0.617,3087,209,277,3187,1878,2533,207,2527,47,1.071,1,2209,1,10.455,0.791,8.438,-5.250,-3.250,-0.113,-0.008,0.992,-0.762,-0.215,-0.230,0.026,0.020,1.019,1.382,2,NULL,NULL,,3,0,2,7,255,1305,250,0,0
stim,156036,186157,0,186157,3383484.453,-0.781,0.087,0.046,-0.617,3079,191,285,3175,1880,2524,203,2533,47,1.071,1,2209,1,9.941,0.958,8.063,-5.438,2.063,-0.105,0.027,1.012,-0.469,-0.836,-0.066,0.030,0.022,1.019,1.382,2,NULL,NULL,,3,0,2,7,255,1305,250,0,0
stim,156036,186157,0,186157,3383489.455,-0.781,0.088,0.046,-0.617,3067,187,282,3161,1877,2522,191,2527,47,1.071,1,2209,1,10.611,0.847,7.438,-5.625,5.063,-0.148,0.074,1.016,-0.137,-0.836,0.133,0.032,0.024,1.019,1.382,2,NULL,NULL,,3,0,2,7,255,1305,250,0,0
stim,156069,186190,0,186190,3383494.453,-0.781,0.088,0.046,-0.617,3067,189,295,3154,1885,2523,183,2527,47,1.071,1,2209,1,9.331,0.417,6.750,-5.938,2.500,-0.188,0.098,1.020,0.219,-0.355,0.258,0.036,0.026,1.019,1.382,2,NULL,NULL,,3,0,2,7,255,1305,250,0,0
stim,156069,186190,0,186190,3383499.455,-0.781,0.088,0.045,-0.617,3063,187,300,3160,1885,2523,188,2535,47,1.071,1,2209,1,8.994,0.319,5.563,-6.563,-2.625,-0.195,0.098,1.020,0.313,0.066,0.367,0.036,0.026,1.019,1.382,2,NULL,NULL,,3,0,2,7,255,1305,250,0,0
stim,156069,186190,0,186190,3383504.454,-0.781,0.088,0.045,-0.617,3046,183,313,3148,1893,2521,203,2535,47,1.071,1,2209,1,10.771,0.335,4.813,-6.938,-6.688,-0.172,0.098,1.016,0.328,0.066,0.367,0.038,0.028,1.019,1.382,2,NULL,NULL,,3,0,2,7,255,1305,250,0,0
stim,156069,186190,0,186190,3383509.455,-0.781,0.088,0.044,-0.617,3043,183,333,3127,1898,2519,212,2535,47,1.071,1,2209,1,11.280,0.381,4.375,-7.688,-7.000,-0.156,0.113,1.020,0.375,-0.066,0.332,0.038,0.026,1.019,1.382,2,NULL,NULL,,3,0,2,7,255,1305,250,0,0
stim,156069,186190,0,186190,3383514.454,-0.780,0.088,0.044,-0.617,3027,180,351,3117,1917,2508,230,2536,47,1.071,1,2209,1,10.342,0.575,2.750,-8.625,-5.000,-0.160,0.125,1.027,0.563,-0.121,0.332,0.036,0.026,1.019,1.382,2,NULL,NULL,,3,0,2,7,255,1305,250,0,0
stim,156069,186190,0,186190,3383519.455,-0.780,0.087,0.044,-0.618,3015,181,396,3103,1940,2508,231,2543,47,1.071,1,2209,1,11.134,0.667,0.625,-9.438,-5.875,-0.184,0.152,1.031,0.656,-0.121,0.445,0.036,0.022,1.019,1.382,2,NULL,NULL,,3,0,2,7,255,1305,250,0,0
stim,156119,186240,0,186240,3383524.454,-0.780,0.087,0.043,-0.618,3005,185,422,3097,1971,2504,249,2549,47,1.071,1,2209,1,13.971,0.859,0.375,-9.938,-9.813,-0.160,0.191,1.027,0.859,0.004,0.453,0.034,0.020,1.019,1.382,2,NULL,NULL,,3,0,2,7,255,1305,250,0,0
stim,156119,186240,0,186240,3383529.455,-0.780,0.087,0.043,-0.618,3001,185,478,3087,1993,2507,291,2566,47,1.071,1,2209,1,14.236,1.262,0.313,-10.250,-9.875,-0.113,0.207,1.047,1.262,0.004,0.496,0.032,0.016,1.019,1.382,2,NULL,NULL,,3,0,2,7,255,1305,250,0,0
stim,156119,186240,0,186240,3383534.453,-0.780,0.087,0.042,-0.619,2972,197,535,3065,2012,2505,313,2568,47,1.071,1,2209,1,12.433,1.534,-4.000,-10.375,-5.563,-0.113,0.203,1.059,1.484,-0.387,0.566,0.030,0.012,1.019,1.382,2,NULL,NULL,,3,0,2,7,255,1305,250,0,0
stim,156119,186240,0,186240,3383539.455,-0.780,0.086,0.042,-0.619,2967,207,633,3063,2031,2495,337,2585,47,1.071,1,2209,1,13.940,1.534,-8.625,-10.313,-3.688,-0.141,0.203,1.039,1.484,-0.387,0.566,0.028,0.012,1.019,1.382,2,NULL,NULL,,3,0,2,7,255,1305,250,0,0
stim,156119,186240,0,186240,3383544.454,-0.780,0.086,0.042,-0.619,2953,233,688,3059,2068,2504,353,2588,47,1.071,1,2209,1,15.256,1.407,-9.313,-9.938,-6.875,-0.152,0.180,1.016,1.402,-0.117,0.543,0.028,0.012,1.019,1.382,2,NULL,NULL,,3,0,2,7,255,1305,250,0,0
stim,156119,186240,0,186240,3383549.455,-0.779,0.085,0.042,-0.619,2923,263,729,3043,2099,2492,381,2605,47,1.071,1,2209,1,16.144,1.185,-8.250,-9.813,-9.813,-0.145,0.148,1.012,1.180,-0.117,0.336,0.028,0.016,1.019,1.382,2,NULL,NULL,,3,0,2,7,255,1305,250,0,0
stim,156119,186240,0,186240,3383554.454,-0.779,0.085,0.041,-0.620,2913,267,787,3023,2140,2506,419,2611,47,1.071,1,2209,1,16.898,0.975,-7.313,-10.063,-11.438,-0.145,0.156,1.004,0.969,-0.113,0.254,0.028,0.022,1.019,1.382,2,NULL,NULL,,3,0,2,7,255,1305,250,0,0
stim,156119,186240,0,186240,3383559.455,-0.779,0.084,0.041,-0.620,2887,264,841,3029,2199,2489,447,2621,47,1.071,1,2209,1,18.281,0.913,-7.125,-9.625,-13.813,-0.148,0.148,1.016,0.906,-0.113,0.254,0.030,0.028,1.019,1.382,2,NULL,NULL,,3,0,2,7,255,1305,250,0,0
stim,156119,186240,0,186240,3383564.453,-0.778,0.084,0.041,-0.621,2867,275,923,3003,2227,2493,468,2628,47,1.071,1,2209,1,23.319,0.909,-10.125,-8.688,-19.125,-0.152,0.102,1.012,0.902,-0.113,0.266,0.032,0.032,1.019,1.382,2,NULL,NULL,,3,0,2,7,255,1305,250,0,0
stim,156119,186240,0,186240,3383569.455,-0.778,0.083,0.041,-0.622,2859,283,1023,3003,2261,2489,538,2644,47,1.071,1,2209,1,28.169,0.457,-13.125,-8.125,-23.563,-0.145,0.047,0.988,0.434,-0.145,0.266,0.034,0.034,1.019,1.382,2,NULL,NULL,,3,0,2,7,255,1305,250,0,0
stim,156138,186259,0,186259,3383574.454,-0.777,0.082,0.041,-0.622,2823,302,1123,2995,2300,2489,613,2648,47,1.071,1,2209,1,30.478,0.287,-14.438,-8.188,-25.563,-0.148,0.004,0.965,-0.055,-0.281,-0.020,0.036,0.034,1.019,1.382,2,NULL,NULL,,3,0,2,7,255,1305,250,0,0
stim,156138,186259,0,186259,3383579.455,-0.777,0.081,0.042,-0.623,2798,323,1214,2979,2332,2493,711,2654,47,1.071,1,2209,1,32.471,0.514,-15.000,-8.750,-27.438,-0.164,-0.031,0.965,-0.430,-0.281,-0.258,0.036,0.034,1.019,1.382,2,NULL,NULL,,3,0,2,7,255,1305,250,0,0
stim,156138,186259,0,186259,3383584.454,-0.776,0.080,0.042,-0.624,2789,341,1287,2979,2380,2495,841,2674,47,1.071,1,2209,1,35.891,0.838,-15.813,-9.000,-30.938,-0.172,-0.047,0.969,-0.809,-0.219,-0.258,0.036,0.034,1.019,1.382,2,NULL,NULL,,3,0,2,7,255,1305,250,0,0
stim,156138,186259,0,186259,3383589.455,-0.775,0.079,0.042,-0.626,2773,347,1417,2963,2399,2495,919,2676,47,1.071,1,2209,1,39.326,0.968,-18.063,-9.688,-33.563,-0.172,-0.059,0.973,-0.949,-0.188,-0.219,0.036,0.032,1.019,1.382,2,NULL,NULL,,3,0,2,7,255,1305,250,0,0
stim,156161,186282,0,186282,3383594.454,-0.774,0.078,0.043,-0.627,2735,392,1507,2941,2429,2495,1011,2681,47,1.071,1,2209,1,41.710,0.983,-20.875,-10.250,-34.625,-0.164,-0.055,0.977,-0.965,-0.188,-0.184,0.038,0.030,1.019,1.382,2,NULL,NULL,,3,0,2,7,255,1305,250,0,0
stim,156161,186283,0,186283,3383599.455,-0.773,0.077,0.043,-0.628,2725,402,1615,2932,2461,2506,1125,2703,47,1.071,1,2209,1,44.917,0.991,-24.313,-10.813,-36.188,-0.152,-0.047,0.977,-0.965,-0.227,-0.137,0.040,0.028,1.019,1.382,2,NULL,NULL,,3,0,2,7,255,1305,250,0,0
stim,156161,186283,0,186283,3383604.453,-0.772,0.075,0.044,-0.629,2685,429,1701,2923,2485,2503,1212,2703,47,1.071,1,2209,1,46.428,0.981,-26.750,-11.813,-36.063,-0.145,-0.063,0.973,-0.934,-0.301,-0.137,0.042,0.026,1.019,1.382,2,NULL,NULL,,3,0,2,7,255,1305,250,0,0
stim,156161,186283,0,186283,3383609.455,-0.772,0.074,0.044,-0.630,2655,441,1800,2903,2509,2503,1307,2712,47,1.071,1,2209,1,44.408,1.009,-26.875,-13.000,-32.875,-0.129,-0.066,0.953,-0.926,-0.402,-0.215,0.044,0.026,1.019,1.382,2,NULL,NULL,,3,0,2,7,255,1305,250,0,0
stim,156191,186312,0,186312,3383614.453,-0.771,0.073,0.044,-0.631,2621,457,1875,2901,2541,2507,1389,2731,47,1.071,1,2209,1,39.219,1.009,-21.500,-13.813,-29.750,-0.129,-0.031,0.941,-0.926,-0.402,-0.410,0.046,0.024,1.019,1.382,2,NULL,NULL,,3,0,2,7,255,1305,250,0,0
stim,156191,186312,0,186312,3383619.455,-0.770,0.071,0.044,-0.632,2603,495,1946,2875,2581,2505,1453,2735,47,1.071,1,2209,1,36.294,0.697,-15.500,-14.250,-29.563,-0.133,0.008,0.980,-0.574,-0.395,-0.410,0.050,0.024,1.019,1.382,2,NULL,NULL,,3,0,2,7,255,1305,250,0,0
stim,156222,186343,0,186343,3383624.454,-0.769,0.070,0.044,-0.633,2547,519,2029,2855,2591,2503,1545,2745,47,1.071,1,2209,1,36.907,0.440,-14.063,-14.125,-31.063,-0.113,0.031,1.020,-0.195,-0.395,-0.141,0.052,0.022,1.019,1.382,2,NULL,NULL,,3,0,2,7,255,1305,250,0,0
stim,156222,186343,0,186343,3383629.455,-0.769,0.069,0.044,-0.634,2509,521,2122,2845,2608,2509,1627,2751,47,1.071,1,2209,1,37.795,0.539,-17.000,-14.063,-30.688,-0.102,0.039,1.027,0.094,-0.531,0.219,0.054,0.022,1.019,1.382,2,NULL,NULL,,3,0,2,7,255,1305,250,0,0
stim,156222,186343,0,186343,3383634.454,-0.768,0.068,0.044,-0.635,2478,533,2195,2830,2630,2503,1692,2764,47,1.071,1,2209,1,38.704,0.628,-21.125,-13.875,-29.313,-0.102,0.035,1.023,0.168,-0.605,0.238,0.058,0.022,1.019,1.382,2,NULL,NULL,,3,0,2,7,255,1305,250,0,0
stim,156222,186343,0,186343,3383639.455,-0.767,0.067,0.044,-0.636,2447,556,2261,2808,2654,2503,1763,2777,47,1.071,1,2209,1,39.167,0.628,-23.313,-13.875,-28.250,-0.117,0.008,1.008,0.168,-0.605,0.238,0.060,0.022,1.019,1.382,2,NULL,NULL,,3,0,2,7,255,1305,250,0,0
stim,156222,186343,0,186343,3383644.453,-0.767,0.066,0.045,-0.637,2398,575,2331,2791,2684,2503,1836,2789,47,1.071,1,2209,1,41.536,0.442,-25.500,-14.563,-29.375,-0.141,0.008,1.020,-0.086,-0.434,0.238,0.062,0.022,1.019,1.382,2,NULL,NULL,,3,0,2,7,255,1305,250,0,0
stim,156222,186343,0,186343,3383649.455,-0.766,0.064,0.045,-0.638,2348,588,2393,2781,2712,2509,1919,2803,47,1.071,1,2209,1,47.429,0.250,-29.125,-14.375,-34.563,-0.145,0.016,1.027,-0.086,-0.234,0.266,0.066,0.022,1.019,1.382,2,NULL,NULL,,3,0,2,7,255,1305,250,0,0
stim,156222,186343,0,186343,3383654.453,-0.765,0.062,0.046,-0.640,2291,605,2453,2749,2725,2507,1975,2800,47,1.071,1,2209,1,52.841,0.236,-33.625,-14.750,-38.000,-0.125,0.012,1.031,-0.027,-0.234,0.352,0.068,0.022,1.019,1.382,2,NULL,NULL,,3,0,2,7,255,1305,250,0,0
stim,156222,186343,0,186343,3383659.455,-0.764,0.061,0.046,-0.641,2232,624,2505,2735,2735,2504,2037,2815,47,1.071,1,2209,1,54.366,0.352,-36.813,-14.750,-37.188,-0.109,0.023,1.020,0.008,-0.352,0.352,0.070,0.020,1.019,1.382,2,NULL,NULL,,3,0,2,7,255,1305,250,0,0
stim,156222,186343,0,186343,3383664.454,-0.763,0.059,0.047,-0.642,2169,625,2555,2699,2739,2501,2097,2779,47,1.071,1,2209,1,54.897,0.390,-38.625,-14.875,-36.063,-0.113,0.027,1.008,0.168,-0.352,0.234,0.074,0.020,1.019,1.382,2,NULL,NULL,,3,0,2,7,255,1305,250,0,0
stim,156222,186343,0,186343,3383669.455,-0.762,0.057,0.047,-0.643,2122,631,2592,2667,2765,2503,2151,2827,47,1.071,1,2209,1,51.241,0.487,-35.563,-15.313,-33.563,-0.094,0.004,0.961,0.168,-0.457,0.117,0.076,0.020,1.019,1.382,2,NULL,NULL,,3,0,2,7,255,1305,250,0,0
stim,156243,186364,0,186364,3383674.454,-0.762,0.055,0.048,-0.644,2063,645,2637,2643,2780,2495,2198,2841,47,1.071,1,2209,1,47.176,0.527,-31.813,-14.875,-31.500,-0.094,-0.070,0.973,0.059,-0.523,-0.258,0.078,0.020,1.019,1.382,2,NULL,NULL,,3,0,2,7,255,1305,250,0,0
stim,156243,186364,0,186364,3383679.455,-0.761,0.054,0.048,-0.645,1993,647,2662,2604,2794,2493,2236,2847,47,1.071,1,2209,1,45.385,0.800,-29.563,-15.250,-30.875,-0.113,-0.102,0.996,-0.605,-0.523,-0.258,0.080,0.018,1.019,1.382,2,NULL,NULL,,3,0,2,7,255,1305,250,0,0
stim,156243,186364,0,186364,3383684.453,-0.760,0.052,0.048,-0.646,1909,647,2695,2577,2809,2500,2282,2859,47,1.071,1,2209,1,48.487,0.913,-32.188,-15.438,-32.813,-0.117,-0.090,1.008,-0.770,-0.492,0.000,0.084,0.018,1.019,1.382,2,NULL,NULL,,3,0,2,7,255,1305,250,0,0
stim,156243,186364,0,186364,3383689.455,-0.759,0.050,0.049,-0.647,1849,646,2739,2543,2827,2491,2325,2867,47,1.071,1,2209,1,50.306,0.887,-33.813,-15.625,-33.813,-0.109,-0.051,0.996,-0.770,-0.441,0.000,0.086,0.018,1.019,1.382,2,NULL,NULL,,3,0,2,7,255,1305,250,0,0
stim,156243,186364,0,186364,3383694.453,-0.758,0.049,0.049,-0.648,1779,645,2765,2491,2834,2491,2375,2873,47,1.071,1,2209,1,47.668,0.574,-31.938,-15.625,-31.750,-0.090,-0.039,0.977,-0.367,-0.441,0.000,0.088,0.018,1.019,1.382,2,NULL,NULL,,3,0,2,7,255,1305,250,0,0
stim,156243,186364,0,186364,3383699.455,-0.758,0.047,0.050,-0.649,1679,635,2779,2445,2845,2487,2399,2871,47,1.071,1,2209,1,43.452,0.606,-28.938,-16.438,-27.938,-0.086,-0.051,0.988,-0.270,-0.543,-0.090,0.090,0.018,1.019,1.382,2,NULL,NULL,,3,0,2,7,255,1305,250,0,0
stim,156274,186395,0,186395,3383704.454,-0.757,0.046,0.050,-0.650,1589,629,2823,2389,2867,2489,2439,2889,47,1.071,1,2209,1,40.135,0.634,-26.125,-16.188,-25.813,-0.070,-0.059,0.980,-0.270,-0.574,-0.172,0.092,0.018,1.019,1.382,2,NULL,NULL,,3,0,2,7,255,1305,250,0,0
stim,156274,186395,0,186395,3383709.455,-0.757,0.044,0.050,-0.650,1493,605,2827,2330,2862,2475,2455,2886,47,1.071,1,2209,1,33.926,0.731,-21.875,-17.375,-19.250,-0.070,-0.043,0.988,-0.270,-0.680,-0.113,0.096,0.018,1.019,1.382,2,NULL,NULL,,3,0,2,7,255,1305,250,0,0
stim,156274,186395,0,186395,3383714.453,-0.756,0.043,0.050,-0.651,1339,583,2855,2269,2887,2476,2487,2892,47,1.071,1,2209,1,32.358,0.690,-19.938,-17.125,-18.875,-0.137,0.000,1.016,-0.121,-0.680,-0.113,0.098,0.018,1.019,1.382,2,NULL,NULL,,3,0,2,7,255,1305,250,0,0
stim,156274,186395,0,186395,3383719.455,-0.756,0.042,0.050,-0.652,1241,569,2875,2211,2897,2473,2519,2903,47,1.071,1,2209,1,36.186,0.236,-20.375,-17.500,-24.250,-0.125,0.008,1.035,0.203,-0.121,0.230,0.098,0.018,1.019,1.382,2,NULL,NULL,,3,0,2,7,255,1305,250,0,0
stim,156314,186435,0,186435,3383724.454,-0.755,0.041,0.050,-0.653,1119,551,2889,2133,2903,2471,2552,2901,47,1.071,1,2209,1,38.242,0.236,-22.500,-17.938,-25.188,-0.066,-0.023,1.016,0.203,-0.121,0.230,0.100,0.018,1.019,1.382,2,NULL,NULL,,3,0,2,7,255,1305,250,0,0
stim,156314,186435,0,186435,3383729.455,-0.755,0.039,0.050,-0.653,1019,525,2901,2039,2911,2456,2584,2905,47,1.071,1,2209,1,33.173,0.694,-21.563,-18.500,-17.125,-0.063,-0.043,0.992,0.141,-0.680,0.148,0.102,0.018,1.019,1.382,2,NULL,NULL,,3,0,2,7,255,1305,250,0,0
stim,156314,186435,0,186435,3383734.454,-0.754,0.038,0.050,-0.654,885,485,2919,1937,2923,2451,2607,2919,47,1.071,1,2209,1,29.853,0.682,-18.688,-19.313,-13.000,-0.113,-0.063,1.016,-0.055,-0.680,0.148,0.104,0.020,1.019,1.382,2,NULL,NULL,,3,0,2,7,255,1305,250,0,0
stim,156314,186435,0,186435,3383739.455,-0.754,0.037,0.050,-0.654,747,429,2932,1811,2936,2439,2629,2921,47,1.071,1,2209,1,32.885,0.263,-19.625,-19.750,-17.500,-0.152,-0.043,1.035,-0.141,-0.223,0.211,0.104,0.020,1.019,1.382,2,NULL,NULL,,3,0,2,7,255,1305,250,0,0
stim,156314,186435,1,186435,3383744.454,-0.753,0.035,0.050,-0.655,585,405,2943,1646,2928,2423,2661,2919,47,1.071,1,2209,1,36.146,0.148,-19.875,-20.875,-21.813,-0.133,-0.012,1.047,-0.141,0.047,0.465,0.106,0.024,1.019,1.382,2,NULL,NULL,,3,1,2,7,255,1305,250,0,0
stim,156314,186435,1,186435,3383749.455,-0.753,0.034,0.049,-0.655,435,375,2968,1498,2951,2423,2667,2935,47,1.071,1,2209,1,36.691,0.224,-18.313,-21.688,-23.250,-0.109,0.008,1.027,0.219,0.047,0.465,0.108,0.026,1.019,1.382,2,NULL,NULL,,3,1,2,7,255,1305,250,0,0
stim,156337,186458,1,186458,3383754.453,-0.752,0.033,0.049,-0.656,312,334,2969,1315,2955,2403,2685,2925,47,1.071,1,2209,1,34.534,0.456,-13.750,-23.938,-20.750,-0.094,0.020,1.055,0.438,-0.129,0.516,0.108,0.030,1.019,1.382,2,NULL,NULL,,3,1,2,7,255,1305,250,0,0
stim,156337,186458,1,186458,3383759.455,-0.752,0.032,0.048,-0.657,222,265,2975,1117,2963,2377,2703,2932,47,1.071,1,2209,1,35.367,0.646,-15.688,-24.438,-20.188,-0.102,0.020,1.082,0.617,-0.191,0.547,0.108,0.034,1.019,1.382,2,NULL,NULL,,3,1,2,7,255,1305,250,0,0
stim,156337,186458,1,186458,3383764.453,-0.751,0.031,0.048,-0.657,125,215,2988,913,2971,2348,2719,2936,47,1.071,1,2209,1,35.312,0.665,-14.438,-26.938,-17.688,-0.105,0.027,1.086,0.637,-0.191,0.813,0.108,0.038,1.019,1.382,2,NULL,NULL,,3,1,2,7,255,1305,250,0,0
stim,156337,186458,1,186458,3383769.455,-0.751,0.029,0.047,-0.658,67,168,2997,751,2975,2317,2733,2937,47,1.071,1,2209,1,39.946,0.723,-16.500,-27.875,-23.375,-0.102,0.039,1.059,0.715,-0.105,0.813,0.104,0.042,1.019,1.382,2,NULL,NULL,,3,1,2,7,255,1305,250,0,0
stim,156337,186458,1,186458,3383774.454,-0.750,0.028,0.047,-0.659,29,139,3004,557,2979,2292,2751,2941,47,1.071,1,2209,1,41.633,0.814,-10.250,-30.375,-26.563,-0.102,0.039,1.066,0.809,-0.090,0.637,0.100,0.046,1.019,1.382,2,NULL,NULL,,3,1,2,7,255,1305,250,0,0
stim,156337,186458,1,186458,3383779.455,-0.750,0.027,0.046,-0.660,11,79,3013,403,2989,2264,2775,2943,47,1.071,1,2209,1,40.741,0.814,-6.438,-32.875,-23.188,-0.070,0.016,1.086,0.809,-0.090,0.637,0.098,0.050,1.019,1.382,2,NULL,NULL,,3,1,2,7,255,1305,250,0,0
stim,156337,186458,1,186458,3383784.454,-0.749,0.026,0.044,-0.660,0,63,3019,325,2998,2233,2792,2950,47,1.071,1,2209,1,41.369,0.764,-5.750,-35.250,-20.875,-0.039,0.008,1.102,0.645,-0.410,0.805,0.096,0.052,1.019,1.382,2,NULL,NULL,,3,1,2,7,255,1305,250,0,0
stim,156337,186458,1,186458,3383789.455,-0.749,0.024,0.043,-0.661,0,53,3021,282,3005,2205,2805,2952,47,1.071,1,2209,1,40.710,0.764,-1.875,-37.750,-15.125,-0.117,0.027,1.223,0.645,-0.410,0.965,0.092,0.056,1.019,1.382,2,NULL,NULL,,3,1,2,7,255,1305,250,0,0
stim,156369,186490,1,186490,3383794.453,-0.749,0.024,0.041,-0.660,0,21,3028,264,3011,2167,2824,2953,47,1.071,1,2209,1,56.199,0.793,23.188,-48.375,16.750,-0.301,0.047,1.480,0.793,0.012,2.203,0.090,0.062,1.019,1.382,2,NULL,NULL,,3,1,2,7,255,1305,250,0,0
stim,156369,186490,1,186490,3383799.455,-0.750,0.022,0.040,-0.660,0,10,3031,220,3019,2133,2839,2955,47,1.071,1,2209,1,58.118,1.581,-16.250,-53.188,16.875,-0.281,-0.063,1.496,0.793,1.367,4.855,0.086,0.066,1.019,1.382,2,NULL,NULL,,3,1,2,7,255,1305,250,0,0
stim,156369,186490,1,186490,3383804.453,-0.750,0.018,0.040,-0.660,0,3,3034,168,3017,2104,2853,2955,47,1.071,1,2209,1,78.498,1.374,-58.063,-52.813,-1.250,-0.207,-0.273,1.137,-0.137,1.367,4.855,0.082,0.070,1.019,1.382,2,NULL,NULL,,3,1,2,7,255,1305,250,0,0
stim,156369,186490,1,186490,3383809.455,-0.750,0.015,0.040,-0.660,0,0,3038,105,3028,2008,2861,2956,47,1.071,1,2209,0,76.701,2.355,-51.938,-56.438,0.563,-0.105,-0.273,0.891,-2.242,0.719,1.598,0.082,0.074,1.019,1.382,2,NULL,NULL,,3,1,2,7,255,1305,250,0,0
stim,156369,186490,1,186490,3383814.454,-0.751,0.013,0.039,-0.659,0,0,3042,85,3033,1941,2872,2956,47,1.071,1,2209,0,65.675,2.355,-16.188,-62.188,13.563,-0.191,-0.250,0.895,-2.242,0.719,-0.809,0.080,0.080,1.019,1.382,3,NULL,NULL,,3,1,2,7,255,1305,250,0,0
stim,156369,186490,1,186490,3383819.455,-0.751,0.011,0.036,-0.659,0,0,3042,51,3037,1863,2889,2957,47,1.071,1,2209,0,66.374,2.235,4.125,-65.875,7.000,-0.164,-0.117,1.008,-2.102,0.762,-0.809,0.078,0.084,1.019,1.382,3,NULL,NULL,,3,1,2,7,255,1305,250,0,0
stim,156420,186541,1,186541,3383824.454,-0.752,0.009,0.034,-0.659,0,0,3041,5,3043,1792,2894,2956,47,1.071,1,2209,0,68.368,1.418,4.000,-68.250,-0.250,-0.211,-0.156,1.086,-1.109,0.883,0.191,0.076,0.090,1.019,1.382,3,NULL,NULL,,3,1,2,7,255,1305,250,0,0
stim,156420,186541,1,186541,3383829.455,-0.752,0.007,0.032,-0.659,0,0,3038,0,3047,1699,2904,2955,47,1.071,1,2209,0,71.126,1.229,0.875,-71.063,-2.875,-0.113,-0.156,1.117,-0.965,0.762,1.008,0.074,0.098,1.019,1.382,3,NULL,NULL,,3,1,2,7,255,1305,250,0,0
stim,156420,186541,1,186541,3383834.453,-0.752,0.005,0.030,-0.659,0,0,3035,0,3052,1629,2909,2953,47,1.071,1,2209,0,72.903,1.217,-2.875,-72.688,4.813,-0.133,-0.199,1.078,-1.109,0.500,1.008,0.072,0.106,1.019,1.382,3,NULL,NULL,,3,1,2,7,255,1305,250,0,0
stim,156420,186541,1,186541,3383839.455,-0.752,0.002,0.028,-0.658,0,0,3033,0,3055,1545,2921,2953,47,1.071,1,2209,0,75.997,1.529,-5.125,-75.813,1.313,-0.141,-0.211,1.035,-1.445,0.500,0.906,0.068,0.112,1.019,1.382,3,NULL,NULL,,3,1,2,7,255,1305,250,0,0
stim,156420,186541,1,186541,3383844.453,-0.752,0.000,0.025,-0.658,0,0,3031,0,3059,1421,2927,2951,47,1.071,1,2209,0,77.325,1.529,0.625,-77.313,1.250,-0.105,-0.188,0.992,-1.445,0.500,0.512,0.066,0.120,1.019,1.382,3,NULL,NULL,,3,1,2,7,255,1305,250,0,0
stim,156420,186541,1,186541,3383849.455,-0.752,-0.002,0.022,-0.658,0,0,3025,0,3063,1299,2933,2949,47,1.071,1,2209,0,83.402,1.524,14.875,-82.063,-0.625,-0.121,-0.148,1.023,-1.375,0.656,0.305,0.066,0.126,1.019,1.382,3,NULL,NULL,,3,1,2,7,255,1305,250,0,0
stim,156420,186541,1,186541,3383854.454,-0.752,-0.003,0.019,-0.658,0,0,3019,0,3065,1195,2939,2940,47,1.071,1,2209,0,86.868,1.192,20.875,-84.250,-3.500,-0.102,-0.098,1.070,-1.020,0.617,0.305,0.062,0.134,1.019,1.382,3,NULL,NULL,,3,1,2,7,255,1305,250,0,0
stim,156420,186541,1,186541,3383859.455,-0.752,-0.005,0.015,-0.658,0,0,3007,0,3069,1047,2949,2937,47,1.071,1,2209,0,90.469,0.785,25.000,-86.813,-4.813,-0.082,-0.039,1.148,-0.484,0.617,0.730,0.060,0.142,1.019,1.382,3,NULL,NULL,,3,1,2,7,255,1305,250,0,0
stim,156420,186541,1,186541,3383864.454,-0.752,-0.007,0.012,-0.658,0,0,3001,0,3065,893,2957,2933,47,1.071,1,2209,0,94.686,0.625,22.063,-91.938,-5.125,-0.102,0.023,1.254,0.102,0.617,1.461,0.058,0.150,1.019,1.382,3,NULL,NULL,,3,1,2,7,255,1305,250,0,0
stim,156420,186541,1,186541,3383869.455,-0.753,-0.009,0.008,-0.658,0,0,2997,0,3063,735,2966,2921,47,1.071,1,2209,0,94.986,0.934,16.000,-93.625,0.875,-0.012,0.031,1.188,0.730,0.582,1.773,0.056,0.156,1.019,1.382,3,NULL,NULL,,3,1,2,7,255,1305,250,0,0
stim,156439,186560,1,186560,3383874.454,-0.753,-0.011,0.005,-0.658,0,0,2985,0,3080,617,2971,2915,47,1.071,1,2209,0,99.770,1.030,14.188,-98.063,11.688,-0.039,0.082,1.254,0.848,0.586,2.430,0.052,0.164,1.019,1.382,3,NULL,NULL,,3,1,2,7,255,1305,250,0,0
stim,156439,186560,1,186560,3383879.455,-0.754,-0.014,0.001,-0.657,0,0,2972,0,3080,523,2983,2905,47,1.071,1,2209,0,105.028,1.427,6.500,-103.313,17.750,-0.082,0.117,1.301,1.301,0.586,2.430,0.046,0.170,1.019,1.382,3,NULL,NULL,,3,1,2,7,255,1305,250,0,0
stim,156439,186560,1,186560,3383884.453,-0.754,-0.017,-0.003,-0.656,0,0,2958,0,3083,379,2983,2891,47,1.071,1,2209,0,110.434,1.890,-6.500,-108.188,21.188,-0.051,0.137,1.348,1.586,1.027,2.859,0.040,0.178,1.019,1.382,3,NULL,NULL,,3,1,2,7,255,1305,250,0,0
stim,156439,186560,1,186560,3383889.455,-0.755,-0.021,-0.006,-0.655,0,0,2942,0,3081,248,2989,2871,47,1.071,1,2209,0,121.169,2.100,-24.500,-114.563,30.938,-0.035,0.141,1.293,1.832,1.027,2.859,0.034,0.186,1.019,1.382,3,NULL,NULL,,3,1,2,7,255,1305,250,0,0
stim,156472,186594,1,186594,3383894.454,-0.756,-0.024,-0.009,-0.654,0,0,2929,0,3087,157,2999,2856,47,1.071,1,2209,0,126.318,2.100,-20.063,-119.938,34.188,-0.070,0.129,1.141,1.832,1.027,2.738,0.030,0.198,1.019,1.382,3,NULL,NULL,,3,1,2,7,255,1305,250,0,0
stim,156472,186594,1,186594,3383899.455,-0.757,-0.028,-0.013,-0.652,0,0,2915,0,3083,59,2999,2840,47,1.071,1,2209,0,128.603,2.035,-7.688,-124.938,29.500,-0.039,0.125,1.172,1.621,1.230,1.539,0.030,0.210,1.019,1.382,3,NULL,NULL,,3,1,2,7,255,1305,250,0,0
stim,156473,186594,1,186594,3383904.454,-0.758,-0.032,-0.017,-0.651,0,0,2891,0,3081,29,3003,2813,47,1.071,1,2209,0,135.195,2.035,-7.625,-130.125,35.875,0.012,0.141,1.313,1.621,1.230,1.539,0.032,0.222,1.019,1.382,3,NULL,NULL,,3,1,2,7,255,1305,250,0,0
stim,156473,186594,1,186594,3383909.455,-0.759,-0.036,-0.021,-0.649,0,0,2871,0,3081,0,3031,2787,47,1.071,1,2209,0,141.434,2.253,-14.625,-134.625,40.813,-0.078,0.168,1.309,1.887,1.230,2.809,0.042,0.238,1.019,1.382,3,NULL,NULL,,3,1,2,7,255,1305,250,0,0
stim,156508,186629,1,186629,3383914.453,-0.760,-0.040,-0.025,-0.648,0,0,2851,0,3080,0,3015,2748,47,1.071,1,2209,0,145.644,2.792,-16.625,-140.625,34.063,-0.129,0.164,1.313,1.887,2.059,2.809,0.054,0.254,1.019,1.382,3,NULL,NULL,,3,1,2,7,255,1305,250,0,0
stim,156508,186629,1,186629,3383919.455,-0.761,-0.045,-0.029,-0.646,0,0,2826,0,3079,0,3022,2711,47,1.071,1,2209,0,149.159,3.278,-19.375,-145.375,27.188,-0.117,0.121,1.348,1.871,2.691,2.809,0.072,0.274,1.019,1.382,3,NULL,NULL,,3,1,2,7,255,1305,250,0,0
stim,156508,186629,1,186629,3383924.454,-0.762,-0.049,-0.033,-0.645,0,0,2797,0,3075,0,3017,2671,47,1.071,1,2209,0,155.523,3.077,-23.750,-151.375,26.625,-0.063,0.078,1.434,1.492,2.691,3.133,0.094,0.298,1.019,1.382,3,NULL,NULL,,3,1,2,7,255,1305,250,0,0
stim,156508,186629,1,186629,3383929.455,-0.762,-0.055,-0.037,-0.644,0,0,2776,0,3064,0,3022,2620,47,1.071,1,2209,0,161.427,3.077,-33.375,-154.625,32.188,-0.059,0.109,1.535,1.492,2.691,4.020,0.118,0.326,1.019,1.382,3,NULL,NULL,,3,1,2,7,255,1305,250,0,0
stim,156508,186629,1,186629,3383934.454,-0.763,-0.060,-0.041,-0.642,0,0,2741,0,3063,0,3017,2547,47,1.071,1,2209,0,169.330,3.129,-46.500,-159.000,35.063,-0.090,0.156,1.586,1.527,2.730,4.938,0.144,0.354,1.019,1.382,3,NULL,NULL,,3,1,2,7,255,1305,250,0,0
stim,156508,186629,1,186629,3383939.455,-0.764,-0.067,-0.045,-0.640,0,0,2706,0,3051,0,3016,2473,47,1.071,1,2209,0,176.223,3.722,-48.188,-166.125,33.688,-0.191,0.129,1.660,1.602,3.359,5.309,0.174,0.388,1.019,1.382,3,NULL,NULL,,3,1,2,7,255,1305,250,0,0
stim,156508,186629,1,186629,3383944.454,-0.764,-0.074,-0.049,-0.639,0,0,2669,0,3039,0,3021,2345,47,1.071,1,2209,0,188.455,4.967,-62.000,-175.188,31.313,-0.266,0.152,1.727,1.750,4.648,5.848,0.208,0.422,1.019,1.382,3,NULL,NULL,,3,1,2,7,255,1305,250,0,0
stim,156508,186629,1,186629,3383949.455,-0.764,-0.082,-0.053,-0.637,0,0,2627,0,3033,0,3016,2248,47,1.071,1,2209,0,203.428,6.026,-84.313,-184.188,18.688,-0.281,0.145,1.734,1.738,5.770,6.211,0.242,0.460,1.019,1.382,3,NULL,NULL,,3,1,2,7,255,1305,250,0,0
stim,156536,186657,1,186657,3383954.453,-0.764,-0.090,-0.057,-0.636,0,0,2557,0,3015,0,3004,2101,47,1.071,1,2209,0,215.765,6.423,-90.438,-195.625,10.313,-0.320,0.137,1.707,1.738,6.184,6.211,0.278,0.498,1.019,1.382,3,NULL,NULL,,3,1,2,7,255,1305,250,0,0
stim,156536,186657,1,186657,3383959.455,-0.763,-0.099,-0.061,-0.635,0,0,2495,0,2999,0,3000,1939,47,1.071,1,2209,0,231.786,6.982,-98.500,-209.625,8.938,-0.293,0.156,1.684,1.738,6.762,5.734,0.318,0.540,1.019,1.382,3,NULL,NULL,,3,1,2,7,255,1305,250,0,0
stim,156536,186657,1,186657,3383964.453,-0.763,-0.109,-0.066,-0.634,0,0,2441,0,2979,0,2988,1776,47,1.071,1,2209,0,245.585,7.077,-103.000,-222.938,-1.313,-0.316,0.207,1.707,1.918,6.813,5.418,0.364,0.586,1.019,1.382,3,NULL,NULL,,3,1,2,7,255,1305,250,0,0
stim,156536,186657,1,186657,3383969.455,-0.761,-0.119,-0.071,-0.633,0,0,2375,0,2958,0,2973,1645,47,1.071,1,2209,0,260.687,7.861,-104.000,-238.938,-7.125,-0.305,0.211,1.719,2.477,7.461,5.355,0.414,0.640,1.019,1.382,3,NULL,NULL,,3,1,2,7,255,1305,250,0,0
stim,156536,186657,1,186657,3383974.454,-0.760,-0.130,-0.076,-0.632,0,0,2279,0,2927,0,2951,1525,47,1.071,1,2209,0,278.766,8.148,-109.563,-256.313,-3.250,-0.293,0.289,1.699,2.609,7.719,5.309,0.472,0.698,1.019,1.382,3,NULL,NULL,,3,1,2,7,255,1305,250,0,0
stim,156536,186657,1,186657,3383979.455,-0.759,-0.141,-0.082,-0.631,0,0,2205,0,2897,7,2923,1421,47,1.071,1,2209,0,293.617,8.782,-111.438,-271.625,-3.500,-0.277,0.375,1.699,3.473,8.066,4.855,0.536,0.766,1.019,1.382,3,NULL,NULL,,3,1,2,7,255,1305,250,0,0
stim,156536,186657,1,186657,3383984.454,-0.757,-0.152,-0.089,-0.629,0,0,2139,0,2855,7,2895,1318,47,1.071,1,2209,0,304.076,9.477,-97.188,-288.125,-0.750,-0.309,0.402,1.898,4.375,8.406,4.855,0.610,0.842,1.019,1.382,3,NULL,NULL,,3,1,2,7,255,1305,250,0,0
stim,156536,186657,1,186657,3383989.455,-0.755,-0.163,-0.096,-0.627,0,0,2075,0,2815,3,2839,1209,47,1.071,1,2209,0,317.152,10.892,-89.750,-304.188,-0.625,-0.398,0.402,2.262,4.809,9.773,6.012,0.686,0.920,1.019,1.382,3,NULL,NULL,,3,1,2,7,255,1305,250,0,0
stim,156560,186681,0,186681,3383994.453,-0.753,-0.176,-0.104,-0.625,0,0,1977,0,2769,0,2764,1127,47,1.071,1,2209,0,339.532,13.334,-114.125,-319.625,-9.875,-0.438,0.547,2.535,4.984,12.367,8.707,0.764,1.000,1.019,1.382,3,NULL,NULL,,3,0,2,7,255,1310,250,0,0
stim,156560,186681,0,186681,3383999.455,-0.750,-0.190,-0.111,-0.624,0,0,1869,0,2703,0,2683,1005,47,1.071,1,2209,0,362.113,15.945,-146.125,-330.125,-28.125,-0.430,0.758,2.652,6.633,14.500,10.363,0.840,1.078,1.019,1.382,3,NULL,NULL,,3,0,2,7,255,1310,250,0,0
stim,156560,186681,0,186681,3384004.453,-0.746,-0.204,-0.118,-0.623,0,0,1755,0,2635,0,2585,888,47,1.071,1,2209,0,379.137,18.153,-166.375,-337.813,-44.125,-0.398,0.801,2.777,8.957,15.789,10.570,0.908,1.148,1.019,1.382,3,NULL,NULL,,3,0,2,7,255,1310,250,0,0
stim,156560,186681,0,186681,3384009.455,-0.741,-0.220,-0.124,-0.622,0,0,1607,0,2517,0,2451,825,47,1.071,1,2209,0,409.420,18.857,-204.063,-352.688,-39.938,-0.383,0.520,2.699,8.957,16.594,10.570,0.966,1.210,1.019,1.382,3,NULL,NULL,,3,0,2,7,255,1310,250,0,0
stim,156593,186714,0,186714,3384014.453,-0.736,-0.238,-0.129,-0.620,0,0,1429,0,2392,0,2283,740,47,1.071,1,2209,0,446.285,18.132,-249.813,-368.313,-33.313,-0.227,0.180,2.266,7.309,16.594,10.398,1.016,1.262,1.019,1.382,3,NULL,NULL,,3,0,2,7,255,1310,250,0,0
stim,156593,186714,0,186714,3384019.455,-0.731,-0.256,-0.135,-0.618,0,0,1229,0,2231,0,2031,683,47,1.071,1,2209,0,456.098,14.048,-249.625,-381.250,-19.000,-0.082,-0.020,1.727,4.184,13.410,7.559,1.060,1.308,1.019,1.382,3,NULL,NULL,,3,0,2,7,255,1310,250,0,0
stim,156611,186732,0,186732,3384024.454,-0.727,-0.274,-0.141,-0.613,0,0,1017,0,2044,0,1749,619,47,1.071,1,2209,0,450.086,10.037,-209.438,-398.250,10.500,0.016,-0.148,1.359,2.094,9.816,3.809,1.104,1.352,1.019,1.382,3,NULL,NULL,,3,0,2,7,255,1310,250,0,0
stim,156611,186732,0,186732,3384029.455,-0.724,-0.289,-0.150,-0.608,0,0,774,0,1811,0,1341,509,47,1.071,1,2209,0,437.253,7.908,-134.625,-414.250,38.250,0.008,-0.309,1.387,0.680,7.879,1.605,1.160,1.412,1.019,1.382,3,NULL,NULL,,3,0,2,7,255,1310,250,0,0
stim,156611,186732,0,186732,3384034.454,-0.722,-0.303,-0.161,-0.601,0,0,567,0,1541,0,793,452,47,1.071,1,2209,0,421.301,7.908,-66.938,-414.750,31.563,0.016,-0.207,1.781,0.680,7.879,1.605,1.226,1.480,1.019,1.382,3,NULL,NULL,,3,0,2,7,255,1310,250,0,0
stim,156611,186732,0,186732,3384039.455,-0.719,-0.315,-0.173,-0.595,0,0,367,0,1254,0,303,359,47,1.071,1,2209,0,414.609,10.782,-36.250,-412.813,13.125,-0.012,-0.070,2.227,0.832,10.750,4.043,1.300,1.556,1.019,1.382,3,NULL,NULL,,3,0,2,7,255,1310,250,0,0
stim,156611,186732,0,186732,3384044.453,-0.716,-0.328,-0.184,-0.589,0,0,279,0,983,0,31,307,47,1.071,1,2209,0,423.162,14.628,-59.688,-418.250,23.875,-0.039,-0.051,2.500,2.645,14.387,6.332,1.378,1.636,1.019,1.382,3,NULL,NULL,,3,0,2,7,255,1310,250,0,0
stim,156611,186732,0,186732,3384049.455,-0.712,-0.343,-0.193,-0.581,0,0,200,0,554,0,0,235,47,1.071,1,2209,0,440.774,17.332,-119.563,-419.813,61.188,-0.105,0.090,2.402,3.109,17.051,6.332,1.458,1.718,1.019,1.382,3,NULL,NULL,,3,0,2,7,255,1310,250,0,0
stim,156647,186768,0,186768,3384054.453,-0.709,-0.360,-0.199,-0.573,0,0,115,0,301,0,0,147,47,1.071,1,2209,0,467.026,17.544,-178.250,-419.188,103.063,-0.293,0.301,1.918,4.129,17.051,5.328,1.534,1.796,1.019,1.382,3,NULL,NULL,,3,0,2,7,255,1310,250,0,0
stim,156647,186768,0,186768,3384059.455,-0.706,-0.377,-0.204,-0.563,0,0,126,0,1,0,0,68,47,1.071,1,2209,0,481.733,16.738,-202.750,-414.938,137.063,-0.563,0.539,1.422,4.965,15.984,-0.418,1.606,1.872,1.019,1.382,3,NULL,NULL,,3,0,2,7,255,1310,250,0,0
stim,156647,186768,0,186768,3384064.454,-0.702,-0.395,-0.209,-0.555,0,0,105,0,0,0,0,27,47,1.071,1,2209,0,466.857,15.531,-210.000,-399.563,119.188,-0.586,0.922,1.117,5.676,14.457,-6.785,1.676,1.942,1.019,1.382,3,NULL,NULL,,3,0,2,7,255,1310,250,0,0
stim,156647,186768,0,186768,3384069.455,-0.697,-0.411,-0.214,-0.547,0,0,83,0,0,0,0,20,47,1.071,1,2209,0,438.395,15.184,-212.750,-375.188,78.500,-0.520,1.098,0.992,8.574,12.531,-10.621,1.738,2.008,1.019,1.382,4,NULL,NULL,,3,0,2,7,255,1310,250,0,0
stim,156647,186768,0,186768,3384074.454,-0.692,-0.427,-0.218,-0.540,0,0,71,0,0,0,0,0,47,1.071,1,2209,0,425.558,15.132,-218.688,-355.813,81.688,-0.559,1.047,1.035,9.602,11.695,-11.996,1.798,2.070,1.019,1.382,0,NULL,NULL,,3,0,2,7,255,1310,250,0,0
stim,156647,186768,0,186768,3384079.455,-0.687,-0.443,-0.220,-0.533,0,0,87,0,0,0,0,3,47,1.071,1,2209,0,425.804,15.132,-243.125,-336.938,93.125,-0.750,0.781,1.168,9.602,11.695,-12.438,1.860,2.134,1.019,1.382,0,NULL,NULL,,3,0,2,7,255,1310,250,0,0
stim,156647,186768,0,186768,3384084.453,-0.680,-0.460,-0.222,-0.527,0,0,88,0,0,0,0,10,47,1.071,1,2209,0,436.864,13.523,-282.313,-326.500,67.438,-0.625,0.391,1.023,6.789,11.695,-12.438,1.922,2.198,1.019,1.382,0,NULL,NULL,,3,0,2,7,255,1310,250,0,0
stim,156647,186768,0,186768,3384089.455,-0.671,-0.474,-0.224,-0.524,0,0,79,0,0,0,0,45,47,1.071,1,2209,0,399.798,12.187,-283.438,-281.625,-13.750,-0.188,-0.324,0.738,3.426,11.695,-11.488,1.982,2.260,1.019,1.382,0,NULL,NULL,,3,0,2,7,255,1310,250,0,0
stim,156648,186769,0,186769,3384094.453,-0.664,-0.486,-0.226,-0.522,0,0,85,0,0,0,0,73,47,1.071,1,2209,0,317.881,7.495,-206.188,-239.688,-32.938,-0.055,-0.816,0.520,-2.004,7.223,-6.801,2.030,2.310,1.019,1.382,0,NULL,NULL,,3,0,2,7,255,1310,250,0,0
stim,156648,186769,0,186769,3384099.455,-0.659,-0.495,-0.229,-0.519,0,0,85,0,0,0,0,112,47,1.071,1,2209,0,251.803,7.547,-148.500,-203.313,-4.063,-0.203,-0.383,0.848,-2.188,7.223,-6.590,2.064,2.348,1.019,1.382,0,NULL,NULL,,3,0,2,7,255,1310,250,0,0
stim,156671,186792,0,186792,3384104.454,-0.653,-0.503,-0.229,-0.517,0,0,76,0,0,0,0,120,47,1.071,1,2209,0,230.923,8.705,-174.875,-150.438,-10.625,-0.414,0.172,0.938,-2.188,8.426,-6.590,2.086,2.370,1.019,1.382,0,NULL,NULL,,3,0,2,7,255,1310,250,0,0
stim,156671,186792,0,186792,3384109.455,-0.647,-0.511,-0.228,-0.518,0,0,75,0,0,0,0,116,47,1.071,1,2209,0,232.670,8.721,-213.063,-86.938,-34.375,-0.344,0.492,0.383,2.250,8.426,-10.422,2.096,2.382,1.019,1.382,0,NULL,NULL,,3,0,2,7,255,1310,250,0,0
stim,156671,186792,0,186792,3384114.454,-0.641,-0.516,-0.225,-0.521,0,0,75,0,0,0,0,105,47,1.071,1,2209,0,200.060,5.931,-193.063,-21.563,-47.813,-0.195,0.641,-0.285,4.004,4.375,-13.332,2.094,2.382,1.019,1.382,0,NULL,NULL,,3,0,2,7,255,1310,250,0,0
stim,156671,186792,0,186792,3384119.455,-0.638,-0.518,-0.223,-0.525,0,0,69,0,0,0,0,103,47,1.071,1,2209,0,136.434,4.655,-119.625,37.438,-53.875,-0.117,0.348,-0.395,4.004,-2.375,-13.598,2.084,2.376,1.019,1.382,0,NULL,NULL,,3,0,2,7,255,1310,250,0,0
stim,156721,186842,0,186842,3384124.454,-0.636,-0.517,-0.220,-0.529,0,0,69,0,0,0,0,105,47,1.071,1,2209,0,114.926,2.772,-61.500,86.125,-44.813,-0.129,0.102,-0.246,1.430,-2.375,-13.598,2.070,2.364,1.019,1.382,0,NULL,NULL,,3,0,2,7,255,1310,250,0,0
stim,156721,186842,0,186842,3384129.455,-0.636,-0.515,-0.217,-0.533,0,0,56,0,0,0,0,102,47,1.071,1,2209,0,137.033,1.788,-32.563,127.438,-38.438,-0.242,-0.004,-0.070,-0.367,-1.750,-12.156,2.054,2.350,1.019,1.382,0,NULL,NULL,,3,0,2,7,255,1310,250,0,0
stim,156721,186842,0,186842,3384134.453,-0.635,-0.512,-0.213,-0.538,0,0,46,0,0,0,0,97,47,1.071,1,2209,0,165.463,0.525,-20.125,158.938,-41.375,-0.207,0.074,-0.051,-0.367,0.375,-11.996,2.036,2.334,1.019,1.382,0,NULL,NULL,,3,0,2,7,255,1310,250,0,0
stim,156721,186842,0,186842,3384139.455,-0.637,-0.507,-0.208,-0.543,0,0,36,0,0,0,0,89,47,1.071,1,2209,0,182.467,0.673,-0.563,181.625,-17.500,-0.188,0.086,-0.207,-0.559,0.375,-11.996,2.020,2.320,1.019,1.382,0,NULL,NULL,,3,0,2,7,255,1310,250,0,0
stim,156721,186842,0,186842,3384144.453,-0.639,-0.501,-0.204,-0.547,0,0,35,0,0,0,0,82,47,1.071,1,2209,0,203.049,0.797,34.313,199.750,-12.313,-0.289,0.191,-0.223,-0.258,-0.754,-12.465,2.010,2.312,1.019,1.382,0,NULL,NULL,,3,0,2,7,255,1310,250,0,0
stim,156721,186842,0,186842,3384149.455,-0.642,-0.494,-0.200,-0.551,0,0,33,0,0,0,0,83,47,1.071,1,2209,0,224.755,0.754,68.875,213.938,-1.313,-0.285,0.266,-0.191,-0.004,-0.754,-13.789,2.004,2.308,1.019,1.382,0,NULL,NULL,,3,0,2,7,255,1310,250,0,0
stim,156721,186842,0,186842,3384154.454,-0.646,-0.486,-0.196,-0.555,0,0,30,0,0,0,0,71,47,1.071,1,2209,0,245.162,0.642,99.500,224.063,0.375,-0.293,0.176,-0.082,0.324,-0.555,-13.789,2.004,2.310,1.019,1.382,0,NULL,NULL,,3,0,2,7,255,1310,250,0,0
stim,156721,186842,0,186842,3384159.455,-0.651,-0.477,-0.192,-0.559,0,0,27,0,0,0,0,70,47,1.071,1,2209,0,260.735,0.993,118.375,231.375,20.875,-0.355,0.301,0.090,0.793,0.598,-13.375,2.016,2.324,1.019,1.382,0,NULL,NULL,,3,0,2,7,255,1310,250,0,0
stim,156721,186842,0,186842,3384164.453,-0.655,-0.468,-0.188,-0.563,0,0,27,0,0,0,0,61,47,1.071,1,2209,0,270.074,2.904,128.875,236.875,14.875,-0.457,0.309,0.258,1.813,2.270,-13.324,2.036,2.346,1.019,1.382,0,NULL,NULL,,3,0,2,7,255,1310,250,0,0
stim,156721,186842,0,186842,3384169.455,-0.660,-0.458,-0.184,-0.566,0,0,28,0,0,0,0,56,47,1.071,1,2209,0,272.725,4.753,130.938,238.750,15.250,-0.484,0.336,0.355,2.113,4.258,-13.324,2.062,2.376,1.019,1.382,0,NULL,NULL,,3,0,2,7,255,1310,250,0,0
stim,156739,186860,0,186860,3384174.454,-0.665,-0.448,-0.181,-0.570,0,0,27,0,0,0,0,55,47,1.071,1,2209,0,274.868,5.837,132.375,240.688,9.938,-0.438,0.344,0.453,2.598,5.227,-13.039,2.096,2.412,1.019,1.382,0,NULL,NULL,,3,0,2,7,255,1310,250,0,0
stim,156739,186860,0,186860,3384179.455,-0.669,-0.438,-0.177,-0.573,0,0,26,0,0,0,0,56,47,1.071,1,2209,0,273.351,6.334,130.563,239.813,12.813,-0.480,0.266,0.508,2.598,5.777,-12.090,2.138,2.456,1.019,1.382,0,NULL,NULL,,3,0,2,7,255,1310,250,0,0
stim,156739,186860,0,186860,3384184.453,-0.674,-0.429,-0.173,-0.577,0,0,26,0,0,0,0,56,47,1.071,1,2209,0,272.917,7.261,127.938,240.875,9.750,-0.453,0.344,0.605,3.082,6.574,-11.656,2.188,2.508,1.019,1.382,0,NULL,NULL,,3,0,2,7,255,1310,250,0,0
stim,156739,186860,0,186860,3384189.455,-0.677,-0.419,-0.169,-0.581,0,0,22,0,0,0,0,56,47,1.071,1,2209,0,271.818,7.594,122.375,242.688,-3.500,-0.441,0.223,0.648,2.563,7.148,-11.035,2.242,2.564,1.019,1.382,0,NULL,NULL,,3,0,2,7,255,1310,250,0,0
stim,156761,186882,0,186882,3384194.454,-0.681,-0.409,-0.165,-0.585,0,0,25,0,0,0,0,58,47,1.071,1,2209,0,272.439,8.150,116.375,246.313,-3.188,-0.383,0.234,0.789,3.234,7.480,-10.074,2.298,2.624,1.019,1.382,0,NULL,NULL,,3,0,2,7,255,1310,250,0,0
stim,156761,186882,0,186882,3384199.455,-0.684,-0.399,-0.160,-0.589,0,0,27,0,0,0,0,85,47,1.071,1,2209,0,272.221,8.578,97.625,253.625,-15.750,-0.383,0.164,0.824,2.715,8.137,-8.699,2.358,2.684,1.019,1.382,0,NULL,NULL,,3,0,2,7,255,1310,250,0,0
stim,156761,186882,0,186882,3384204.453,-0.687,-0.390,-0.155,-0.594,0,0,27,0,0,0,0,93,47,1.071,1,2209,0,276.836,8.793,87.875,262.000,-16.500,-0.398,0.129,0.906,2.715,8.363,-8.023,2.414,2.744,1.019,1.382,0,NULL,NULL,,3,0,2,7,255,1310,250,0,0
stim,156761,186882,0,186882,3384209.455,-0.688,-0.380,-0.150,-0.599,0,0,25,0,0,0,0,103,47,1.071,1,2209,0,286.426,9.408,70.500,275.563,-33.688,-0.418,0.191,0.938,2.715,9.008,-7.277,2.466,2.798,1.019,1.382,0,NULL,NULL,,3,0,2,7,255,1310,250,0,0
stim,156787,186908,0,186908,3384214.453,-0.690,-0.371,-0.143,-0.605,0,0,25,0,0,0,0,107,47,1.071,1,2209,0,299.020,9.574,56.313,290.250,-44.688,-0.383,0.207,0.949,3.242,9.008,-7.188,2.514,2.848,1.019,1.382,0,NULL,NULL,,3,0,2,7,255,1310,250,0,0
stim,156787,186908,0,186908,3384219.455,-0.691,-0.361,-0.137,-0.612,0,0,28,0,0,0,0,107,47,1.071,1,2209,0,316.011,9.680,48.250,306.500,-59.938,-0.352,0.227,1.008,3.555,9.004,-6.707,2.556,2.892,1.019,1.382,0,NULL,NULL,,3,0,2,7,255,1310,250,0,0
stim,156816,186937,0,186937,3384224.454,-0.691,-0.351,-0.129,-0.619,0,0,25,0,0,0,0,111,47,1.071,1,2209,0,332.025,9.767,34.250,323.125,-68.250,-0.332,0.184,1.035,3.832,8.984,-5.938,2.588,2.926,1.019,1.382,0,NULL,NULL,,3,0,2,7,255,1310,250,0,0
stim,156816,186937,0,186937,3384229.455,-0.691,-0.341,-0.121,-0.627,0,0,29,0,0,0,0,117,47,1.071,1,2209,0,349.122,9.730,18.313,339.500,-79.313,-0.242,0.176,0.988,3.910,8.910,-5.199,2.614,2.954,1.019,1.382,0,NULL,NULL,,3,0,2,7,255,1310,250,0,0
stim,156816,186937,0,186937,3384234.454,-0.690,-0.330,-0.112,-0.635,0,0,27,0,0,0,0,118,47,1.071,1,2209,0,364.544,8.646,14.500,352.625,-91.313,-0.090,0.047,0.895,3.832,7.750,-4.754,2.636,2.978,1.019,1.382,0,NULL,NULL,,3,0,2,7,255,1310,250,0,0
stim,156816,186937,0,186937,3384239.455,-0.689,-0.319,-0.103,-0.643,0,0,30,0,0,0,0,136,47,1.071,1,2209,0,371.262,6.488,15.625,361.813,-81.750,-0.027,0.059,0.758,2.770,5.867,-4.473,2.654,2.998,1.019,1.382,0,NULL,NULL,,3,0,2,7,255,1310,250,0,0
stim,156816,186937,0,186937,3384244.453,-0.689,-0.308,-0.094,-0.650,0,0,26,0,0,0,0,139,47,1.071,1,2209,0,374.419,5.188,28.500,365.438,-76.375,-0.031,0.164,0.652,2.770,4.387,-4.473,2.668,3.014,1.019,1.382,0,NULL,NULL,,3,0,2,7,255,1310,250,0,0
stim,156816,186937,0,186937,3384249.455,-0.688,-0.295,-0.086,-0.657,0,0,25,0,0,0,0,140,47,1.071,1,2209,0,376.669,4.427,57.375,364.250,-76.875,-0.008,0.074,0.680,2.617,3.570,-4.750,2.680,3.030,1.019,1.382,0,NULL,NULL,,3,0,2,7,255,1310,250,0,0
stim,156816,186937,0,186937,3384254.453,-0.688,-0.282,-0.079,-0.664,0,0,21,0,0,0,0,141,47,1.071,1,2209,0,377.139,4.263,78.250,361.625,-73.063,0.066,0.035,0.770,2.578,3.395,-4.750,2.694,3.044,1.019,1.382,0,NULL,NULL,,3,0,2,7,255,1310,250,0,0
stim,156816,186937,0,186937,3384259.455,-0.688,-0.269,-0.071,-0.670,0,0,25,0,0,0,0,143,47,1.071,1,2209,0,373.947,4.000,89.500,357.875,-61.250,0.133,0.051,0.770,2.578,3.059,-3.402,2.708,3.062,1.019,1.382,0,NULL,NULL,,3,0,2,7,255,1310,250,0,0
stim,156816,186937,0,186937,3384264.453,-0.689,-0.255,-0.065,-0.675,0,0,22,0,0,0,0,126,47,1.071,1,2209,0,371.993,3.508,110.438,352.625,-42.875,0.129,0.078,0.766,2.688,2.254,-3.102,2.724,3.080,1.019,1.382,0,NULL,NULL,,3,0,2,7,255,1310,250,0,0
stim,156816,186937,0,186937,3384269.455,-0.690,-0.241,-0.059,-0.680,0,0,21,0,0,0,0,141,47,1.071,1,2209,0,376.287,3.662,136.625,348.563,-37.813,0.090,0.141,0.863,2.887,2.254,-3.059,2.746,3.102,1.019,1.382,0,NULL,NULL,,3,0,2,7,255,1310,250,0,0
stim,156844,186965,0,186965,3384274.454,-0.691,-0.226,-0.054,-0.685,0,0,21,0,0,0,0,140,47,1.071,1,2209,0,379.909,4.417,155.813,344.625,-35.875,0.078,0.121,1.008,3.625,2.523,-2.480,2.770,3.130,1.019,1.382,0,NULL,NULL,,3,0,2,7,255,1310,250,0,0
stim,156844,186965,0,186965,3384279.455,-0.692,-0.210,-0.049,-0.689,0,0,21,0,0,0,0,135,47,1.071,1,2209,0,379.529,4.750,166.313,340.313,-23.875,0.031,0.109,1.160,3.711,2.965,-1.102,2.798,3.158,1.019,1.382,0,NULL,NULL,,3,0,2,7,255,1310,250,0,0
stim,156844,186965,0,186965,3384284.453,-0.693,-0.195,-0.044,-0.692,0,0,21,0,0,0,0,133,47,1.071,1,2209,0,378.751,5.288,170.688,337.438,-21.313,-0.039,0.137,1.309,3.820,3.656,0.242,2.826,3.190,1.019,1.382,0,NULL,NULL,,3,0,2,7,255,1310,250,0,0
stim,156844,186965,0,186965,3384289.455,-0.694,-0.180,-0.039,-0.696,0,0,18,0,0,0,0,135,47,1.071,1,2209,0,377.450,6.180,172.313,334.563,-29.063,-0.090,0.168,1.473,4.273,4.465,1.445,2.856,3.220,1.019,1.382,0,NULL,NULL,,3,0,2,7,255,1310,250,0,0
stim,156844,186965,0,186965,3384294.453,-0.695,-0.164,-0.035,-0.699,0,0,21,0,0,0,0,133,47,1.071,1,2209,0,373.211,6.951,167.563,331.625,-35.125,-0.090,0.176,1.645,4.746,5.078,2.934,2.884,3.252,1.019,1.382,0,NULL,NULL,,3,0,2,7,255,1310,250,0,0
stim,156844,186965,0,186965,3384299.455,-0.695,-0.150,-0.030,-0.703,0,0,19,0,0,0,0,127,47,1.071,1,2209,0,364.248,7.191,151.063,329.438,-36.438,-0.121,0.180,1.777,5.012,5.156,4.691,2.912,3.280,1.019,1.382,0,NULL,NULL,,3,0,2,7,255,1310,250,0,0
stim,156873,186994,0,186994,3384304.454,-0.694,-0.136,-0.024,-0.706,0,0,21,0,0,0,0,125,47,1.071,1,2209,0,354.368,7.345,130.313,326.875,-41.813,-0.145,0.203,1.855,5.113,5.273,6.047,2.936,3.308,1.019,1.382,0,NULL,NULL,,3,0,2,7,255,1310,250,0,0
stim,156873,186994,0,186994,3384309.455,-0.693,-0.122,-0.018,-0.710,0,0,25,0,0,0,0,135,47,1.071,1,2209,0,346.139,7.433,110.063,324.188,-51.000,-0.133,0.207,1.883,5.238,5.273,6.922,2.958,3.332,1.019,1.382,0,NULL,NULL,,3,0,2,7,255,1310,250,0,0
stim,156873,186994,0,186994,3384314.454,-0.692,-0.110,-0.012,-0.714,0,0,23,0,0,0,0,148,47,1.071,1,2209,0,339.095,7.029,90.313,321.188,-60.563,-0.094,0.176,1.848,5.238,4.688,7.332,2.976,3.352,1.019,1.382,0,NULL,NULL,,3,0,2,7,255,1310,250,0,0
stim,156873,186994,0,186994,3384319.455,-0.690,-0.097,-0.005,-0.717,0,0,25,0,0,0,0,147,47,1.071,1,2209,0,333.193,6.041,75.500,317.938,-65.063,-0.043,0.148,1.785,4.727,3.762,7.332,2.990,3.368,1.019,1.382,0,NULL,NULL,,3,0,2,7,255,1310,250,0,0
stim,156920,187041,0,187041,3384324.454,-0.688,-0.086,0.002,-0.721,0,0,21,0,0,0,0,149,47,1.071,1,2209,0,329.479,5.035,65.875,315.188,-69.813,0.008,0.148,1.688,4.238,2.719,6.977,3.002,3.380,1.019,1.382,0,NULL,NULL,,3,0,2,7,255,1310,250,0,0
stim,156920,187041,0,187041,3384329.455,-0.685,-0.074,0.009,-0.725,0,0,23,0,0,0,0,153,47,1.071,1,2209,0,326.294,4.263,66.563,311.125,-72.375,0.031,0.129,1.605,3.938,1.633,6.195,3.010,3.392,1.019,1.382,0,NULL,NULL,,3,0,2,7,255,1310,250,0,0
stim,156920,187041,0,187041,3384334.453,-0.683,-0.062,0.015,-0.728,0,0,27,0,0,0,0,153,47,1.071,1,2209,0,322.383,3.609,72.688,306.125,-70.250,0.043,0.141,1.586,3.492,0.910,5.531,3.016,3.398,1.019,1.382,0,NULL,NULL,,3,0,2,7,255,1310,250,0,0
stim,156920,187041,0,187041,3384339.455,-0.680,-0.050,0.021,-0.731,0,0,24,0,0,0,0,151,47,1.071,1,2209,0,319.806,3.511,79.188,301.938,-69.563,0.051,0.168,1.594,3.492,0.363,5.473,3.018,3.404,1.019,1.382,0,NULL,NULL,,3,0,2,7,255,1310,250,0,0
stim,156920,187041,0,187041,3384344.454,-0.678,-0.038,0.027,-0.734,0,0,21,0,0,0,0,149,47,1.071,1,2209,0,317.145,3.585,86.250,297.188,-69.438,0.066,0.230,1.633,3.582,-0.152,5.473,3.018,3.406,1.019,1.382,0,NULL,NULL,,3,0,2,7,255,1310,250,0,0
stim,156920,187041,0,187041,3384349.455,-0.675,-0.026,0.033,-0.737,0,0,27,0,0,0,0,149,47,1.071,1,2209,0,313.478,4.053,90.688,292.063,-68.875,0.098,0.242,1.648,3.984,-0.742,5.793,3.016,3.406,1.019,1.382,0,NULL,NULL,,3,0,2,7,255,1310,250,0,0
stim,156920,187041,0,187041,3384354.454,-0.672,-0.014,0.037,-0.739,0,0,24,0,0,0,0,146,47,1.071,1,2209,0,308.823,4.249,97.688,285.875,-64.063,0.125,0.219,1.648,3.984,-1.477,5.957,3.006,3.398,1.019,1.382,0,NULL,NULL,,3,0,2,7,255,1310,250,0,0
stim,156920,187041,0,187041,3384359.455,-0.669,-0.002,0.042,-0.742,0,0,23,0,0,0,0,141,47,1.071,1,2209,0,305.630,4.246,109.250,279.313,-58.813,0.133,0.250,1.688,3.676,-2.125,5.984,2.994,3.388,1.019,1.382,0,NULL,NULL,,3,0,2,7,255,1310,250,0,0
stim,156920,187041,0,187041,3384364.453,-0.667,0.010,0.046,-0.744,0,0,26,0,0,0,0,140,47,1.071,1,2209,0,304.176,4.526,121.125,273.188,-56.750,0.156,0.309,1.770,3.676,-2.641,6.320,2.974,3.372,1.019,1.382,0,NULL,NULL,,3,0,2,7,255,1310,250,0,0
stim,156920,187041,0,187041,3384369.455,-0.664,0.023,0.050,-0.746,0,0,22,0,0,0,0,140,47,1.071,1,2209,0,303.591,5.223,130.188,268.625,-55.313,0.223,0.328,1.855,3.992,-3.367,7.023,2.950,3.350,1.019,1.382,0,NULL,NULL,,3,0,2,7,255,1310,250,0,0
stim,156940,187061,0,187061,3384374.454,-0.661,0.035,0.053,-0.747,0,0,24,0,0,0,0,141,47,1.071,1,2209,0,303.092,6.048,136.438,266.000,-49.938,0.305,0.301,1.918,3.992,-4.543,7.766,2.920,3.320,1.019,1.382,0,NULL,NULL,,3,0,2,7,255,1310,250,0,0
stim,156940,187061,0,187061,3384379.455,-0.659,0.048,0.056,-0.749,0,0,21,0,0,0,0,143,47,1.071,1,2209,0,302.004,6.702,139.813,264.563,-40.813,0.371,0.309,1.953,3.391,-5.781,8.246,2.878,3.280,1.019,1.382,0,NULL,NULL,,3,0,2,7,255,1310,250,0,0
stim,156940,187061,0,187061,3384384.454,-0.657,0.060,0.059,-0.750,0,0,16,0,0,0,0,143,47,1.071,1,2209,0,303.054,7.612,144.125,264.500,-33.313,0.457,0.367,1.938,3.219,-6.898,8.246,2.830,3.232,1.019,1.382,0,NULL,NULL,,3,0,2,7,255,1310,250,0,0
stim,156940,187061,0,187061,3384389.455,-0.654,0.073,0.062,-0.750,0,0,11,0,0,0,0,147,47,1.071,1,2209,0,307.609,8.725,154.813,264.563,-25.750,0.574,0.375,1.926,3.098,-8.156,8.008,2.776,3.180,1.019,1.382,0,NULL,NULL,,3,0,2,7,255,1310,250,0,0
stim,156970,187091,0,187091,3384394.454,-0.652,0.087,0.064,-0.750,0,0,18,0,0,0,0,142,47,1.071,1,2209,0,314.023,10.065,168.875,264.375,-14.063,0.695,0.340,1.953,2.840,-9.656,7.527,2.718,3.124,1.019,1.382,0,NULL,NULL,,3,0,2,7,255,1310,250,0,0
stim,156970,187091,0,187091,3384399.455,-0.651,0.100,0.065,-0.750,0,0,12,0,0,0,0,148,47,1.071,1,2209,0,319.069,11.369,179.000,264.125,1.375,0.773,0.297,1.992,1.980,-11.195,7.406,2.650,3.060,1.019,1.382,0,NULL,NULL,,3,0,2,7,255,1310,250,0,0
stim,156970,187091,0,187091,3384404.453,-0.649,0.114,0.067,-0.749,0,0,11,0,0,0,0,148,47,1.071,1,2209,0,322.907,12.371,186.625,262.938,17.438,0.816,0.285,2.016,1.113,-12.320,7.363,2.582,2.992,1.019,1.382,0,NULL,NULL,,3,0,2,7,255,1310,250,0,0
stim,156970,187091,0,187091,3384409.455,-0.648,0.128,0.068,-0.748,0,0,13,0,0,0,0,147,47,1.071,1,2209,0,326.918,13.129,192.875,262.313,29.438,0.832,0.305,2.020,0.559,-13.117,7.242,2.508,2.920,1.019,1.382,0,NULL,NULL,,3,0,2,7,255,1310,250,0,0
stim,156970,187091,0,187091,3384414.453,-0.647,0.143,0.068,-0.746,0,0,10,0,0,0,0,147,47,1.071,1,2209,0,333.231,13.646,205.063,259.375,41.438,0.840,0.316,2.094,0.391,-13.641,7.242,2.432,2.844,1.019,1.382,0,NULL,NULL,,3,0,2,7,255,1310,250,0,0
stim,156970,187091,0,187091,3384419.455,-0.646,0.157,0.068,-0.743,0,0,11,0,0,0,0,147,47,1.071,1,2209,0,335.808,14.281,210.563,256.938,49.125,0.855,0.309,2.215,0.051,-14.281,7.422,2.352,2.764,1.019,1.382,0,NULL,NULL,,3,0,2,7,255,1310,250,0,0
stim,157021,187142,0,187142,3384424.454,-0.646,0.171,0.069,-0.741,0,0,10,0,0,0,0,148,47,1.071,1,2209,0,329.387,15.112,201.688,254.625,54.625,0.883,0.320,2.293,-0.574,-15.102,8.195,2.266,2.680,1.019,1.382,0,NULL,NULL,,3,0,2,7,255,1310,250,0,0
stim,157021,187142,0,187142,3384429.455,-0.645,0.185,0.069,-0.738,0,0,12,0,0,0,0,152,47,1.071,1,2209,0,317.251,16.009,183.813,251.063,61.875,0.922,0.324,2.254,-0.953,-15.980,8.195,2.178,2.594,1.019,1.382,0,NULL,NULL,,3,0,2,7,255,1310,250,0,0
stim,157021,187142,0,187142,3384434.454,-0.645,0.198,0.070,-0.735,0,0,13,0,0,0,0,153,47,1.071,1,2209,0,307.084,16.606,171.250,244.813,71.000,0.957,0.281,2.156,-1.250,-16.559,7.695,2.088,2.504,1.019,1.382,0,NULL,NULL,,3,0,2,7,255,1310,250,0,0
stim,157021,187142,0,187142,3384439.455,-0.645,0.210,0.071,-0.731,0,0,15,0,0,0,0,159,47,1.071,1,2209,0,298.561,16.876,163.938,237.063,77.875,0.988,0.215,2.047,-1.789,-16.781,6.324,1.994,2.412,1.019,1.382,0,NULL,NULL,,3,0,2,7,255,1310,250,0,0
stim,157021,187142,0,187142,3384444.453,-0.645,0.222,0.072,-0.727,0,0,18,0,0,0,0,169,47,1.071,1,2209,0,289.658,17.009,158.188,227.438,84.563,1.027,0.109,1.918,-2.527,-16.820,4.785,1.894,2.314,1.019,1.382,0,NULL,NULL,,3,0,2,7,255,1310,250,0,0
stim,157021,187142,0,187142,3384449.455,-0.646,0.234,0.072,-0.723,0,0,11,0,0,0,0,170,47,1.071,1,2209,0,282.633,17.180,156.188,216.688,92.375,1.090,-0.016,1.762,-3.496,-16.820,2.996,1.792,2.212,1.019,1.382,0,NULL,NULL,,3,0,2,7,255,1310,250,0,0
stim,157021,187142,0,187142,3384454.453,-0.647,0.245,0.072,-0.719,0,0,12,0,0,0,0,201,47,1.071,1,2209,0,279.630,17.378,160.750,204.938,101.750,1.137,-0.160,1.598,-4.559,-16.770,0.844,1.688,2.110,1.019,1.382,0,NULL,NULL,,3,0,2,7,255,1310,250,0,0
stim,157021,187142,0,187142,3384459.455,-0.647,0.257,0.071,-0.714,0,0,16,0,0,0,0,235,47,1.071,1,2209,0,281.046,17.433,170.563,192.938,112.563,1.152,-0.313,1.434,-5.695,-16.477,-1.387,1.578,2.000,1.019,1.382,0,NULL,NULL,,3,0,2,7,255,1310,250,0,0
stim,157021,187142,0,187142,3384464.454,-0.648,0.268,0.069,-0.709,0,0,17,0,0,0,0,271,47,1.071,1,2209,0,286.824,17.249,186.125,180.438,122.750,1.137,-0.469,1.289,-6.820,-15.844,-3.488,1.460,1.884,1.019,1.382,0,NULL,NULL,,3,0,2,7,255,1310,250,0,0
stim,157021,187142,0,187142,3384469.455,-0.649,0.280,0.066,-0.704,0,0,21,0,0,0,0,285,47,1.071,1,2209,0,297.512,16.946,209.625,167.938,127.938,1.105,-0.598,1.223,-7.980,-14.949,-5.293,1.338,1.762,1.019,1.382,0,NULL,NULL,,3,0,2,7,255,1310,250,0,0
stim,157038,187159,0,187159,3384474.454,-0.649,0.291,0.062,-0.700,0,0,24,0,0,0,0,301,47,1.071,1,2209,0,310.982,17.047,237.250,155.813,127.063,1.082,-0.621,1.289,-9.059,-14.441,-6.125,1.214,1.638,1.019,1.382,0,NULL,NULL,,3,0,2,7,255,1310,250,0,0
stim,157038,187159,0,187159,3384479.455,-0.649,0.304,0.057,-0.695,0,0,25,0,0,0,0,325,47,1.071,1,2209,0,325.247,17.301,264.500,144.500,122.250,1.070,-0.629,1.531,-9.527,-14.441,-6.125,1.088,1.510,1.019,1.382,0,NULL,NULL,,3,0,2,7,255,1310,250,0,0
stim,157038,187159,0,187159,3384484.453,-0.649,0.315,0.051,-0.691,0,0,28,0,0,0,0,343,47,1.071,1,2209,0,307.513,18.676,250.938,134.625,116.063,1.133,-0.844,1.875,-10.418,-15.500,-4.531,0.960,1.382,1.019,1.382,0,NULL,NULL,,3,0,2,7,255,1310,250,0,0
stim,157038,187159,0,187159,3384489.455,-0.648,0.326,0.047,-0.686,0,0,25,0,0,0,0,356,47,1.071,1,2209,0,281.260,21.157,227.250,126.500,107.063,1.063,-0.602,1.980,-11.992,-17.430,-3.195,0.834,1.252,1.019,1.382,0,NULL,NULL,,3,0,2,7,255,1310,250,0,0
stim,157070,187191,0,187191,3384494.454,-0.648,0.335,0.043,-0.683,0,0,27,0,0,0,0,378,47,1.071,1,2209,0,244.716,21.501,199.250,117.750,79.500,1.133,-0.570,2.070,-12.129,-17.754,-1.672,0.708,1.122,1.019,1.382,0,NULL,NULL,,3,0,2,7,255,1310,250,0,0
stim,157070,187191,0,187191,3384499.455,-0.647,0.343,0.040,-0.680,0,0,25,0,0,0,0,411,47,1.071,1,2209,0,206.168,22.429,164.625,107.625,61.813,1.328,-0.652,2.125,-12.129,-18.867,-1.672,0.584,0.988,1.019,1.382,0,NULL,NULL,,3,0,2,7,255,1310,250,0,0
stim,157070,187191,0,187191,3384504.454,-0.646,0.350,0.039,-0.677,0,0,25,0,0,0,0,421,47,1.071,1,2209,0,162.523,24.516,118.875,96.500,54.500,1.422,-0.734,2.102,-13.074,-20.738,-2.832,0.468,0.856,1.019,1.382,0,NULL,NULL,,3,0,2,7,255,1310,250,0,0
stim,157070,187191,0,187191,3384509.455,-0.646,0.354,0.039,-0.675,0,0,18,0,0,0,0,435,47,1.071,1,2209,0,117.870,24.739,77.688,83.188,30.625,1.441,-0.781,1.945,-13.488,-20.738,-4.090,0.372,0.734,1.019,1.382,0,NULL,NULL,,3,0,2,7,255,1310,250,0,0
stim,157070,187191,0,187191,3384514.453,-0.645,0.358,0.039,-0.674,0,0,22,0,0,0,0,443,47,1.071,1,2209,0,80.528,25.255,45.188,66.438,5.375,1.668,-0.789,1.863,-13.488,-21.352,-5.770,0.302,0.614,1.019,1.382,0,NULL,NULL,,3,0,2,7,255,1310,250,0,0
stim,157070,187191,0,187191,3384519.455,-0.645,0.359,0.040,-0.673,0,0,18,0,0,0,0,453,47,1.071,1,2209,0,50.420,25.738,15.688,47.375,7.188,1.813,-0.852,1.754,-13.059,-22.180,-7.758,0.264,0.498,1.019,1.382,0,NULL,NULL,,3,0,2,7,255,1310,250,0,0
stim,157118,187239,0,187239,3384524.454,-0.645,0.361,0.040,-0.673,0,0,18,0,0,0,0,456,47,1.071,1,2209,0,31.142,25.730,10.063,29.000,5.250,1.805,-0.914,1.496,-13.043,-22.180,-9.672,0.268,0.394,1.019,1.382,0,NULL,NULL,,3,0,2,7,255,1310,250,0,0
stim,157118,187239,0,187239,3384529.455,-0.645,0.361,0.040,-0.673,0,0,16,0,0,0,0,461,47,1.071,1,2209,0,9.217,24.694,5.250,4.188,6.313,1.742,-0.809,1.570,-12.547,-21.270,-10.563,0.304,0.342,1.019,1.382,0,NULL,NULL,,3,0,2,7,255,1310,250,0,0
stim,157118,187239,0,187239,3384534.454,-0.645,0.360,0.040,-0.673,0,0,19,0,0,0,0,460,47,1.071,1,2209,0,24.513,24.392,-9.625,-20.750,8.813,1.523,-0.684,1.648,-11.969,-21.254,-10.563,0.330,0.342,1.019,1.382,0,NULL,NULL,,3,0,2,7,255,1310,250,0,0
stim,157118,187239,0,187239,3384539.455,-0.646,0.358,0.040,-0.673,0,0,16,0,0,0,0,457,47,1.071,1,2209,0,53.793,23.064,-32.375,-41.625,-10.625,1.422,-0.566,1.656,-11.336,-20.086,-8.297,0.342,0.366,1.019,1.382,0,NULL,NULL,,3,0,2,7,255,1310,250,0,0
stim,157118,187239,0,187239,3384544.454,-0.646,0.355,0.040,-0.675,0,0,11,0,0,0,0,447,47,1.071,1,2209,0,82.012,22.062,-50.688,-61.000,-20.875,1.242,-0.543,1.477,-10.414,-19.449,-7.328,0.350,0.400,1.019,1.382,0,NULL,NULL,,3,0,2,7,255,1310,250,0,0
stim,157118,187239,0,187239,3384549.455,-0.646,0.351,0.040,-0.677,0,0,16,0,0,0,0,455,47,1.071,1,2209,0,99.946,19.901,-52.188,-77.438,-35.625,1.129,-0.602,1.473,-10.289,-17.035,-7.164,0.360,0.430,1.019,1.382,0,NULL,NULL,,3,0,2,7,255,1310,250,0,0
stim,157118,187239,0,187239,3384554.453,-0.646,0.346,0.040,-0.679,0,0,11,0,0,0,0,455,47,1.071,1,2209,0,117.308,18.976,-66.875,-88.625,-37.875,1.063,-0.559,1.539,-10.238,-15.977,-6.852,0.378,0.452,1.019,1.382,0,NULL,NULL,,3,0,2,7,255,1310,250,0,0
stim,157118,187239,0,187239,3384559.455,-0.646,0.341,0.040,-0.682,0,0,11,0,0,0,0,467,47,1.071,1,2209,0,136.162,18.792,-80.313,-99.813,-46.125,0.777,-0.383,1.426,-10.238,-15.758,-5.695,0.388,0.466,1.019,1.382,0,NULL,NULL,,3,0,2,7,255,1310,250,0,0
stim,157118,187239,0,187239,3384564.453,-0.645,0.335,0.040,-0.685,0,0,11,160,0,1,0,555,47,1.071,1,2209,0,152.162,16.566,-76.500,-109.500,-72.875,0.488,-0.539,1.633,-10.238,-13.023,-4.258,0.382,0.472,1.019,1.382,0,NULL,NULL,,3,0,2,7,255,1310,250,0,0
stim,157118,187239,0,187239,3384569.455,-0.650,0.338,0.020,-0.680,564,0,0,919,0,102,0,605,47,1.071,1,2209,0,491.056,16.899,324.375,-229.375,288.625,-1.000,-0.488,4.797,-10.773,-13.020,-1.609,0.350,0.466,1.019,1.382,0,NULL,NULL,,3,0,2,7,255,1310,250,0,0
stim,157146,187267,0,187267,3384574.454,-0.665,0.330,0.012,-0.670,1147,0,0,1431,0,371,0,651,47,1.071,1,2209,0,494.592,16.899,-112.813,-178.813,447.125,-1.371,3.035,5.887,-10.773,-13.020,29.914,0.302,0.456,1.019,1.382,0,NULL,NULL,,3,0,2,7,255,1310,250,0,0
stim,157146,187267,0,187267,3384579.455,-0.680,0.305,0.029,-0.666,1664,0,0,1813,0,571,0,761,47,1.071,1,2209,0,796.920,13.280,-775.813,-105.125,148.813,-2.109,2.906,2.500,2.617,-13.020,29.914,0.264,0.440,1.019,1.382,0,NULL,NULL,,3,0,2,7,255,1310,250,0,0
stim,157146,187267,0,187267,3384584.454,-0.689,0.278,0.049,-0.667,2027,0,0,1967,0,805,0,855,46,1.071,1,2210,0,799.853,16.883,-791.000,-110.875,-42.313,-1.828,2.152,-0.934,15.984,5.434,29.582,0.240,0.416,1.019,1.382,1,1327.000,17.000,,3,0,2,7,255,1310,250,0,0
stim,157146,187267,0,187267,3384589.455,-0.691,0.262,0.061,-0.671,2248,0,0,2103,0,1041,0,952,46,1.071,1,2210,0,470.404,25.695,-441.875,-83.563,-138.000,-0.789,1.484,-2.465,19.016,17.281,-3.594,0.230,0.382,1.019,1.382,1,NULL,NULL,,3,0,2,7,255,1310,250,0,0
stim,157146,187267,0,187267,3384594.453,-0.687,0.257,0.059,-0.677,2442,0,0,2247,0,1234,0,1071,46,1.071,1,2210,0,182.197,25.695,-12.438,-125.625,-131.375,0.219,0.078,-1.016,19.016,17.281,-19.195,0.240,0.338,1.019,1.382,1,NULL,NULL,,3,0,2,7,255,1310,250,0,0
stim,157146,187267,0,187267,3384599.455,-0.687,0.257,0.052,-0.678,2638,0,0,2493,0,1303,0,1135,46,1.071,1,2210,0,164.155,3.943,106.250,-123.875,17.688,0.523,0.137,1.297,3.188,2.320,-19.195,0.254,0.296,1.019,1.382,1,NULL,NULL,,3,0,2,7,255,1310,250,0,0
stim,157180,187301,0,187301,3384604.453,-0.694,0.251,0.047,-0.674,2767,0,0,2669,0,1309,0,1191,46,1.071,1,2210,0,246.053,1.673,-51.563,-156.625,182.625,-0.879,0.215,1.746,-1.535,0.664,-0.555,0.272,0.258,1.019,1.382,1,NULL,NULL,,3,0,2,7,255,1310,250,0,0
stim,157180,187301,0,187301,3384609.455,-0.703,0.238,0.047,-0.669,2847,0,0,2783,0,1305,0,1285,46,1.071,1,2210,0,376.861,3.046,-256.125,-188.063,202.625,-2.090,-0.277,1.246,-2.973,0.664,8.270,0.290,0.226,1.019,1.382,2,NULL,NULL,,3,0,2,7,255,1310,250,0,0
stim,157180,187301,0,187301,3384614.454,-0.705,0.225,0.049,-0.671,2926,0,0,2875,0,1255,0,1380,46,1.071,1,2210,0,314.029,15.763,-258.500,-174.125,-38.375,-2.172,-0.801,0.246,-7.523,13.852,8.270,0.304,0.208,1.019,1.382,2,NULL,NULL,,3,0,2,7,255,1310,250,0,0
stim,157180,187301,0,187301,3384619.455,-0.702,0.215,0.050,-0.678,2963,0,0,2953,0,1215,0,1449,46,1.071,1,2210,0,299.269,17.036,-156.563,-181.500,-179.188,-0.793,-0.918,0.219,-9.918,13.852,-1.457,0.314,0.196,1.019,1.382,2,NULL,NULL,,3,0,2,7,255,1310,250,0,0
stim,157219,187340,0,187340,3384624.454,-0.697,0.207,0.047,-0.684,2989,0,0,3015,0,1179,0,1479,46,1.071,1,2210,0,260.234,12.075,-50.313,-182.438,-178.625,0.449,-1.043,0.902,-10.258,6.371,-5.273,0.326,0.186,1.019,1.382,2,NULL,NULL,,3,0,2,7,255,1310,250,0,0
stim,157219,187340,0,187340,3384629.455,-0.696,0.201,0.043,-0.688,3015,0,0,3049,0,1189,0,1485,46,1.071,1,2210,0,187.466,13.571,-27.438,-171.188,-71.313,1.164,-1.203,1.500,-11.512,-7.188,-5.273,0.340,0.176,1.019,1.382,2,NULL,NULL,,3,0,2,7,255,1310,250,0,0
stim,157219,187340,0,187340,3384634.453,-0.699,0.194,0.040,-0.687,3043,0,0,3096,0,1239,0,1495,46,1.071,1,2210,0,178.710,20.839,-70.938,-153.875,56.813,1.137,-1.367,1.680,-13.824,-15.594,-2.367,0.354,0.168,1.019,1.382,2,NULL,NULL,,3,0,2,7,255,1310,250,0,0
stim,157219,187340,0,187340,3384639.455,-0.705,0.186,0.039,-0.683,3064,0,0,3131,0,1339,0,1497,46,1.071,1,2210,0,251.852,21.262,-136.750,-139.313,159.125,0.508,-1.285,1.375,-14.453,-15.594,-1.063,0.370,0.158,1.019,1.382,2,NULL,NULL,,3,0,2,7,255,1310,250,0,0
stim,157219,187340,0,187340,3384644.453,-0.713,0.178,0.038,-0.678,3080,0,0,3140,0,1438,0,1510,46,1.071,1,2210,0,285.854,17.097,-153.938,-134.688,199.688,-0.352,-0.770,0.625,-14.453,-9.133,-1.063,0.386,0.148,1.019,1.382,2,NULL,NULL,,3,0,2,7,255,1310,250,0,0
stim,157219,187340,0,187340,3384649.455,-0.718,0.171,0.035,-0.673,3083,0,0,3164,0,1566,0,1567,46,1.071,1,2210,0,234.877,8.815,-97.063,-143.125,158.938,-1.031,-0.203,0.492,-8.738,1.160,-2.750,0.404,0.134,1.019,1.382,2,NULL,NULL,,3,0,2,7,255,1310,250,0,0
stim,157219,187340,0,187340,3384654.454,-0.720,0.166,0.031,-0.673,3093,0,0,3168,0,1703,0,1645,46,1.071,1,2210,0,164.754,8.165,-46.688,-152.125,42.688,-1.051,0.207,0.961,-3.703,7.277,-2.750,0.420,0.118,1.019,1.382,2,NULL,NULL,,3,0,2,7,255,1310,250,0,0
stim,157219,187340,0,187340,3384659.455,-0.720,0.160,0.027,-0.674,3093,0,0,3176,0,1831,5,1716,46,1.071,1,2210,0,150.064,7.290,-22.625,-147.750,-13.313,-0.109,0.367,1.148,-0.422,7.277,1.770,0.434,0.100,1.019,1.382,2,NULL,NULL,,3,0,2,7,255,1310,250,0,0
stim,157219,187340,0,187340,3384664.454,-0.721,0.155,0.024,-0.675,3100,0,0,3180,0,1932,23,1768,46,1.071,1,2210,0,152.269,1.929,-50.000,-143.813,1.938,0.094,0.188,1.570,-0.418,-1.883,2.219,0.444,0.090,1.019,1.382,2,NULL,NULL,,3,0,2,7,255,1310,250,0,0
stim,157219,187340,0,187340,3384669.455,-0.723,0.148,0.023,-0.675,3111,0,0,3187,0,2027,45,1807,46,1.071,1,2210,0,167.291,4.788,-103.313,-130.500,16.813,0.156,-0.105,1.332,-0.418,-4.770,2.199,0.452,0.082,1.019,1.382,2,NULL,NULL,,3,0,2,7,255,1310,250,0,0
stim,157241,187362,0,187362,3384674.454,-0.724,0.141,0.022,-0.675,3115,0,0,3180,0,2099,77,1831,46,1.071,1,2210,0,165.487,5.504,-110.625,-119.125,30.938,0.125,-0.359,0.938,-2.746,-4.770,2.199,0.458,0.078,1.019,1.382,2,NULL,NULL,,3,0,2,7,255,1310,250,0,0
stim,157241,187362,0,187362,3384679.455,-0.726,0.135,0.021,-0.674,3113,0,0,3191,10,2184,101,1903,46,1.071,1,2210,0,146.493,5.874,-83.313,-115.563,34.125,-0.008,-0.453,0.773,-4.641,-3.602,-1.727,0.462,0.074,1.019,1.382,2,NULL,NULL,,3,0,2,7,255,1310,250,0,0
stim,157241,187362,0,187362,3384684.453,-0.727,0.130,0.019,-0.673,3115,0,0,3191,215,2240,236,1999,46,1.071,1,2210,0,125.507,5.142,-49.000,-111.063,31.875,0.012,-0.246,0.914,-4.641,-2.215,-1.727,0.474,0.066,1.019,1.382,2,NULL,NULL,,3,0,2,7,255,1310,250,0,0
stim,157241,187362,0,187362,3384689.455,-0.728,0.127,0.016,-0.673,3111,0,0,3183,382,2287,246,2088,46,1.071,1,2210,0,94.961,4.149,-19.188,-90.813,20.063,0.105,0.113,1.551,-3.508,-2.215,-1.480,0.484,0.060,1.019,1.382,2,NULL,NULL,,3,0,2,7,255,1310,250,0,0
stim,157265,187386,0,187386,3384694.454,-0.728,0.125,0.015,-0.674,3123,0,0,3193,585,2327,243,2141,46,1.071,1,2210,0,50.129,4.153,-20.813,-44.875,-8.125,0.363,0.445,1.508,-0.676,-4.098,4.438,0.492,0.054,1.019,1.382,2,NULL,NULL,,3,0,2,7,255,1310,250,0,0
stim,157265,187386,0,187386,3384699.455,-0.728,0.123,0.015,-0.674,3112,0,0,3191,751,2350,247,2194,46,1.071,1,2210,0,46.683,6.827,-21.000,-41.688,-0.688,0.469,1.023,1.230,2.844,-6.207,4.438,0.498,0.050,1.019,1.382,2,NULL,NULL,,3,0,2,7,255,1310,250,0,0
stim,157265,187386,0,187386,3384704.454,-0.728,0.121,0.014,-0.674,3109,0,0,3182,879,2374,264,2227,46,1.071,1,2210,0,34.970,8.514,-21.500,-27.250,-4.250,-0.004,0.789,1.602,5.828,-6.207,4.438,0.506,0.046,1.019,1.382,2,NULL,NULL,,3,0,2,7,255,1310,250,0,0
stim,157265,187386,0,187386,3384709.455,-0.728,0.118,0.017,-0.675,3125,0,0,3196,979,2393,269,2267,46,1.071,1,2210,0,109.240,6.365,-101.813,-16.063,-36.188,-0.348,0.188,1.473,5.828,-2.559,5.113,0.514,0.042,1.019,1.382,2,NULL,NULL,,3,0,2,7,255,1310,250,0,0
stim,157265,187386,0,187386,3384714.453,-0.727,0.113,0.020,-0.677,3108,0,0,3189,1079,2409,268,2310,46,1.071,1,2210,0,129.580,0.289,-114.563,-12.188,-59.313,-0.172,0.113,0.762,0.180,0.227,5.113,0.522,0.038,1.019,1.382,2,NULL,NULL,,3,0,2,7,255,1310,250,0,0
stim,157265,187386,0,187386,3384719.455,-0.725,0.111,0.022,-0.680,3114,9,0,3190,1133,2425,267,2335,46,1.071,1,2210,0,101.192,0.252,-63.188,-10.688,-78.313,-0.059,0.098,0.805,0.109,0.227,-1.887,0.528,0.034,1.019,1.382,2,NULL,NULL,,3,0,2,7,255,1310,250,0,0
stim,157324,187445,0,187445,3384724.454,-0.723,0.109,0.023,-0.682,3123,23,0,3197,1229,2437,269,2359,46,1.071,1,2210,0,83.420,0.932,-38.563,-9.375,-73.375,0.102,0.102,1.035,0.109,-0.926,-1.887,0.536,0.030,1.019,1.382,2,NULL,NULL,,3,0,2,7,255,1310,250,0,0
stim,157324,187445,0,187445,3384729.455,-0.722,0.107,0.024,-0.683,3123,46,0,3195,1290,2443,269,2401,46,1.071,1,2210,0,71.933,2.846,-51.875,-8.000,-49.188,0.082,0.113,1.121,0.109,-2.844,0.016,0.542,0.024,1.019,1.382,2,NULL,NULL,,3,0,2,7,255,1310,250,0,0
stim,157324,187445,0,187445,3384734.453,-0.721,0.105,0.026,-0.684,3116,61,0,3195,1363,2457,269,2411,46,1.071,1,2210,0,74.886,2.846,-65.938,-3.625,-35.313,-0.047,0.043,1.016,0.109,-2.844,0.047,0.550,0.016,1.019,1.382,2,NULL,NULL,,3,0,2,7,255,1310,250,0,0
stim,157324,187445,0,187445,3384739.455,-0.720,0.103,0.028,-0.686,3117,99,0,3207,1443,2467,277,2423,46,1.071,1,2210,0,71.925,1.515,-59.500,-1.688,-40.375,-0.098,0.027,0.922,-0.430,-1.453,0.047,0.558,0.008,1.019,1.382,2,NULL,NULL,,3,0,2,7,255,1310,250,0,0
stim,157324,187445,0,187445,3384744.454,-0.719,0.101,0.030,-0.687,3118,107,0,3217,1512,2484,276,2443,46,1.071,1,2210,0,62.629,1.164,-40.375,-0.500,-47.875,-0.066,0.051,0.926,-0.430,-1.082,-0.754,0.000,0.000,1.019,1.382,2,NULL,NULL,,3,0,2,7,255,1310,250,0,0
stim,157324,187445,0,187445,3384749.455,-0.718,0.100,0.031,-0.689,3124,131,0,3212,1557,2479,280,2455,46,1.071,1,2210,0,54.473,1.154,-30.188,1.688,-45.313,-0.031,0.035,1.012,-0.402,-1.082,-0.754,0.000,0.000,1.019,1.382,2,NULL,NULL,,3,0,2,7,255,1310,250,0,0
stim,157324,187445,0,187445,3384754.454,-0.717,0.099,0.032,-0.690,3129,159,0,3214,1583,2489,285,2461,46,1.071,1,2210,0,47.836,1.572,-32.938,2.125,-34.625,-0.047,0.031,1.063,-0.402,-1.520,-0.020,0.000,0.000,1.019,1.382,2,NULL,NULL,,3,0,2,7,255,1310,250,0,0
stim,157324,187445,0,187445,3384759.455,-0.716,0.097,0.033,-0.690,3121,182,3,3212,1605,2503,288,2463,46,1.071,1,2210,0,46.429,1.578,-37.375,3.063,-27.375,-0.113,0.023,1.004,-0.426,-1.520,0.070,0.000,0.000,1.019,1.382,2,NULL,NULL,,3,0,2,7,255,1310,250,0,0
stim,157324,187445,0,187445,3384764.453,-0.715,0.096,0.034,-0.691,3119,223,5,3209,1639,2513,286,2472,46,1.071,1,2210,0,44.723,0.918,-34.563,2.750,-28.250,-0.152,-0.012,0.973,-0.449,-0.801,0.070,0.000,0.000,1.019,1.382,2,NULL,NULL,,3,0,2,7,255,1310,250,0,0
stim,157324,187445,0,187445,3384769.455,-0.715,0.095,0.035,-0.692,3119,240,13,3211,1660,2517,297,2483,46,1.071,1,2210,0,41.713,0.882,-27.750,2.250,-31.063,-0.145,-0.070,0.949,-0.789,-0.395,-0.188,0.000,0.000,1.019,1.382,2,NULL,NULL,,3,0,2,7,255,1310,250,0,0
stim,157324,187445,0,187445,3384774.454,-0.714,0.094,0.036,-0.693,3119,247,42,3209,1695,2515,301,2485,46,1.071,1,2210,0,35.317,1.352,-21.313,1.438,-28.125,-0.102,-0.105,0.977,-1.293,-0.395,-0.289,0.000,0.000,1.019,1.382,2,NULL,NULL,,3,0,2,7,255,1310,250,0,0
stim,157324,187445,0,187445,3384779.455,-0.713,0.094,0.037,-0.694,3113,245,77,3210,1719,2518,301,2485,46,1.071,1,2210,0,28.919,1.808,-20.313,0.938,-20.563,-0.105,-0.133,0.961,-1.617,-0.809,-0.426,0.000,0.000,1.019,1.382,2,NULL,NULL,,3,0,2,7,255,1310,250,0,0
stim,157354,187475,0,187475,3384784.454,-0.713,0.093,0.038,-0.694,3111,249,91,3211,1745,2517,302,2487,46,1.071,1,2210,0,21.236,2.024,-16.688,-0.500,-13.125,-0.117,-0.176,0.938,-1.855,-0.809,-0.426,0.000,0.000,1.019,1.382,2,NULL,NULL,,3,0,2,7,255,1310,250,0,0
stim,157354,187475,0,187475,3384789.455,-0.713,0.092,0.038,-0.694,3117,247,111,3208,1755,2519,301,2491,46,1.071,1,2210,0,14.248,2.329,-13.000,-1.938,-5.500,-0.145,-0.184,0.926,-2.234,-0.656,-0.664,0.000,0.000,1.019,1.382,2,NULL,NULL,,3,0,2,7,255,1310,250,0,0
stim,157354,187475,0,187475,3384794.454,-0.713,0.091,0.038,-0.694,3114,249,135,3196,1767,2521,307,2493,46,1.071,1,2210,0,8.216,2.266,-7.000,-3.500,-2.500,-0.168,-0.152,0.922,-2.234,-0.379,-0.723,0.000,0.000,1.019,1.382,2,NULL,NULL,,3,0,2,7,255,1310,250,0,0
stim,157354,187475,0,187475,3384799.455,-0.713,0.091,0.038,-0.695,3115,229,138,3208,1785,2516,283,2493,46,1.062,1,2210,1,5.578,2.020,-1.188,-4.875,-2.438,-0.172,-0.102,0.941,-2.016,-0.133,-0.723,0.000,0.000,1.067,1.429,2,NULL,NULL,,3,0,2,7,255,1310,250,0,0
stim,157354,187475,0,187475,3384804.454,-0.713,0.091,0.038,-0.695,3104,217,139,3205,1789,2523,275,2491,46,1.062,1,2210,1,7.493,1.529,3.375,-5.813,-3.313,-0.160,-0.070,0.961,-1.523,-0.133,-0.484,0.008,0.008,1.067,1.429,2,NULL,NULL,,3,0,2,7,255,1310,250,0,0
stim,157354,187475,0,187475,3384809.455,-0.712,0.091,0.038,-0.695,3101,214,147,3189,1801,2516,275,2491,46,1.062,1,2210,1,8.270,1.248,4.875,-6.313,-2.188,-0.137,-0.039,0.984,-1.219,-0.270,-0.305,0.018,0.014,1.067,1.429,2,NULL,NULL,,3,0,2,7,255,1310,250,0,0
stim,157386,187507,0,187507,3384814.453,-0.712,0.091,0.038,-0.695,3099,199,160,3181,1791,2515,271,2496,46,1.062,1,2210,1,8.574,1.023,5.563,-6.500,-0.563,-0.137,-0.016,0.988,-0.898,-0.488,-0.125,0.026,0.022,1.067,1.429,2,NULL,NULL,,3,0,2,7,255,1310,250,0,0
stim,157386,187507,0,187507,3384819.455,-0.712,0.091,0.037,-0.695,3108,189,172,3181,1799,2511,262,2501,46,1.062,1,2210,1,9.517,0.860,6.875,-6.563,-0.500,-0.137,0.020,0.992,-0.691,-0.512,-0.082,0.032,0.028,1.067,1.429,2,NULL,NULL,,3,0,2,7,255,1310,250,0,0
stim,157416,187537,0,187537,3384824.454,-0.712,0.091,0.037,-0.695,3087,182,175,3171,1805,2515,239,2491,46,1.062,1,2210,1,10.253,0.621,8.313,-5.813,-1.500,-0.129,0.055,1.008,-0.352,-0.512,0.004,0.038,0.032,1.067,1.429,2,NULL,NULL,,3,0,2,7,255,1310,250,0,0
stim,157416,187537,0,187537,3384829.455,-0.712,0.091,0.036,-0.695,3092,171,175,3173,1811,2501,243,2493,46,1.062,1,2210,1,10.186,0.512,8.000,-6.000,-1.938,-0.141,0.078,1.020,-0.008,-0.512,0.145,0.044,0.038,1.067,1.429,2,NULL,NULL,,3,0,2,7,255,1310,250,0,0
stim,157416,187537,0,187537,3384834.454,-0.712,0.091,0.036,-0.695,3087,167,179,3155,1819,2488,235,2503,46,1.062,1,2210,1,9.634,0.519,6.938,-5.875,-3.188,-0.164,0.105,1.023,0.215,-0.473,0.305,0.048,0.042,1.067,1.429,2,NULL,NULL,,3,0,2,7,255,1310,250,0,0
stim,157416,187537,0,187537,3384839.455,-0.712,0.091,0.035,-0.695,3083,167,191,3160,1835,2484,231,2509,46,1.062,1,2210,1,9.859,0.520,5.000,-6.313,-5.688,-0.188,0.129,1.027,0.449,-0.262,0.383,0.052,0.044,1.067,1.429,2,NULL,NULL,,3,0,2,7,255,1310,250,0,0
stim,157416,187537,0,187537,3384844.454,-0.712,0.091,0.035,-0.696,3065,158,227,3155,1845,2491,235,2509,46,1.062,1,2210,1,12.026,0.684,2.500,-6.938,-9.500,-0.199,0.133,1.027,0.684,-0.008,0.457,0.054,0.044,1.067,1.429,2,NULL,NULL,,3,0,2,7,255,1310,250,0,0
stim,157416,187537,0,187537,3384849.455,-0.711,0.091,0.035,-0.696,3055,159,267,3134,1861,2477,244,2509,46,1.062,1,2210,1,15.339,0.707,0.375,-7.500,-13.375,-0.191,0.141,1.027,0.707,0.020,0.465,0.056,0.044,1.067,1.429,2,NULL,NULL,,3,0,2,7,255,1310,250,0,0
stim,157416,187537,0,187537,3384854.453,-0.711,0.090,0.034,-0.697,3039,171,291,3115,1867,2476,254,2520,46,1.062,1,2210,1,17.774,0.758,-0.438,-8.688,-15.500,-0.168,0.152,1.020,0.758,0.020,0.465,0.056,0.042,1.067,1.429,2,NULL,NULL,,3,0,2,7,255,1310,250,0,0
stim,157416,187537,0,187537,3384859.455,-0.711,0.090,0.034,-0.697,3034,168,319,3103,1897,2483,268,2521,46,1.062,1,2210,1,17.884,0.930,-1.000,-9.688,-15.000,-0.152,0.176,1.031,0.914,-0.172,0.465,0.056,0.042,1.067,1.429,2,NULL,NULL,,3,0,2,7,255,1310,250,0,0
stim,157416,187537,0,187537,3384864.453,-0.710,0.090,0.034,-0.697,3005,169,361,3089,1928,2477,283,2535,46,1.062,1,2210,1,17.705,1.152,-3.688,-10.688,-13.625,-0.164,0.203,1.051,1.129,-0.230,0.477,0.054,0.038,1.067,1.429,2,NULL,NULL,,3,0,2,7,255,1310,250,0,0
stim,157416,187537,0,187537,3384869.455,-0.710,0.089,0.034,-0.698,3007,174,409,3087,1961,2475,298,2531,46,1.062,1,2210,1,20.575,1.425,-7.500,-11.000,-15.688,-0.164,0.246,1.055,1.402,-0.254,0.699,0.052,0.036,1.067,1.429,2,NULL,NULL,,3,0,2,7,255,1310,250,0,0
stim,157445,187566,0,187566,3384874.454,-0.709,0.089,0.033,-0.699,2976,185,488,3063,1984,2475,318,2536,46,1.062,1,2210,1,23.508,1.815,-10.438,-10.625,-18.188,-0.121,0.250,1.055,1.797,-0.254,0.699,0.050,0.032,1.067,1.429,2,NULL,NULL,,3,0,2,7,255,1310,250,0,0
stim,157445,187566,0,187566,3384879.455,-0.709,0.088,0.033,-0.699,2963,199,579,3051,2037,2468,341,2543,46,1.062,1,2210,1,23.618,1.902,-14.500,-9.875,-15.813,-0.090,0.191,1.055,1.797,-0.625,0.691,0.048,0.026,1.067,1.429,2,NULL,NULL,,3,0,2,7,255,1310,250,0,0
stim,157445,187566,0,187566,3384884.454,-0.709,0.087,0.034,-0.699,2942,213,663,3038,2041,2471,363,2555,46,1.062,1,2210,1,23.635,1.533,-18.500,-9.250,-11.438,-0.098,0.133,1.020,1.313,-0.793,0.609,0.046,0.020,1.067,1.429,2,NULL,NULL,,3,0,2,7,255,1310,250,0,0
stim,157445,187566,0,187566,3384889.455,-0.708,0.086,0.034,-0.700,2935,235,725,3032,2075,2467,401,2579,46,1.062,1,2210,1,23.048,1.110,-18.250,-8.625,-11.125,-0.129,0.109,0.980,0.777,-0.793,0.266,0.044,0.014,1.067,1.429,2,NULL,NULL,,3,0,2,7,255,1310,250,0,0
stim,157445,187566,0,187566,3384894.453,-0.708,0.085,0.034,-0.700,2911,267,779,3022,2109,2464,437,2577,46,1.062,1,2210,1,22.926,0.709,-15.438,-8.125,-14.875,-0.145,0.098,0.973,0.570,-0.422,-0.090,0.042,0.008,1.067,1.429,2,NULL,NULL,,3,0,2,7,255,1310,250,0,0
stim,157445,187566,0,187566,3384899.455,-0.708,0.085,0.034,-0.701,2893,255,851,3014,2167,2470,447,2585,46,1.062,1,2210,1,25.215,0.603,-13.375,-7.375,-20.063,-0.133,0.078,0.984,0.453,-0.398,-0.090,0.042,0.004,1.067,1.429,2,NULL,NULL,,3,0,2,7,255,1310,250,0,0
stim,157474,187595,0,187595,3384904.453,-0.707,0.084,0.034,-0.701,2873,253,941,3005,2208,2469,521,2599,46,1.062,1,2210,1,26.545,0.485,-13.938,-6.938,-21.500,-0.117,0.039,0.984,0.277,-0.398,-0.098,0.042,0.006,1.067,1.429,2,NULL,NULL,,3,0,2,7,255,1310,250,0,0
stim,157474,187595,0,187595,3384909.455,-0.706,0.083,0.035,-0.702,2857,264,1031,2995,2245,2460,589,2602,46,1.062,1,2210,1,26.644,0.406,-15.813,-6.688,-20.375,-0.137,0.008,0.980,-0.078,-0.398,-0.098,0.042,0.010,1.067,1.429,2,NULL,NULL,,3,0,2,7,255,1310,250,0,0
stim,157474,187595,0,187595,3384914.454,-0.706,0.082,0.035,-0.703,2839,281,1157,2983,2283,2469,700,2614,46,1.062,1,2210,1,29.276,0.495,-17.813,-6.688,-22.250,-0.176,-0.004,0.965,-0.363,-0.336,-0.129,0.044,0.016,1.067,1.429,2,NULL,NULL,,3,0,2,7,255,1310,250,0,0
stim,157474,187595,0,187595,3384919.455,-0.705,0.081,0.036,-0.704,2815,295,1241,2985,2323,2461,797,2623,46,1.062,1,2210,1,34.008,0.485,-18.438,-7.313,-27.625,-0.191,-0.012,0.957,-0.480,0.066,-0.195,0.044,0.020,1.067,1.429,2,NULL,NULL,,3,0,2,7,255,1310,250,0,0
stim,157520,187641,0,187641,3384924.454,-0.704,0.081,0.036,-0.705,2807,315,1339,2966,2348,2471,891,2632,46,1.062,1,2210,1,38.259,0.537,-18.313,-8.000,-32.625,-0.180,-0.031,0.961,-0.520,0.137,-0.258,0.046,0.022,1.067,1.429,2,NULL,NULL,,3,0,2,7,255,1310,250,0,0
stim,157520,187641,0,187641,3384929.455,-0.703,0.080,0.037,-0.706,2775,333,1454,2951,2389,2468,980,2646,46,1.062,1,2210,1,40.115,0.720,-18.875,-8.938,-34.250,-0.172,-0.043,0.969,-0.707,0.137,-0.258,0.046,0.024,1.067,1.429,2,NULL,NULL,,3,0,2,7,255,1310,250,0,0
stim,157520,187641,0,187641,3384934.453,-0.702,0.078,0.037,-0.707,2747,356,1575,2937,2425,2469,1063,2663,46,1.062,1,2210,1,41.791,0.709,-20.500,-10.063,-35.000,-0.172,-0.023,0.977,-0.707,0.047,-0.188,0.046,0.024,1.067,1.429,2,NULL,NULL,,3,0,2,7,255,1310,250,0,0
stim,157520,187641,0,187641,3384939.455,-0.701,0.077,0.038,-0.708,2733,393,1667,2933,2455,2477,1159,2674,46,1.062,1,2210,1,46.109,0.587,-22.438,-11.000,-38.750,-0.168,0.000,0.988,-0.586,0.039,-0.102,0.048,0.020,1.067,1.429,2,NULL,NULL,,3,0,2,7,255,1310,250,0,0
stim,157520,187641,0,187641,3384944.453,-0.700,0.076,0.038,-0.709,2710,403,1799,2905,2485,2475,1237,2677,46,1.062,1,2210,1,49.913,0.500,-25.813,-12.000,-41.000,-0.152,-0.020,0.996,-0.500,0.004,-0.008,0.048,0.020,1.067,1.429,2,NULL,NULL,,3,0,2,7,255,1310,250,0,0
stim,157520,187641,0,187641,3384949.455,-0.699,0.075,0.039,-0.710,2676,419,1877,2903,2523,2475,1340,2707,46,1.062,1,2210,1,51.507,0.530,-30.063,-12.813,-39.813,-0.133,-0.031,0.992,-0.500,-0.176,-0.008,0.050,0.018,1.067,1.429,2,NULL,NULL,,3,0,2,7,255,1310,250,0,0
stim,157520,187641,0,187641,3384954.454,-0.698,0.073,0.039,-0.712,2651,453,1974,2878,2543,2483,1407,2699,46,1.062,1,2210,1,51.881,0.594,-31.313,-13.063,-39.250,-0.121,-0.012,0.984,-0.500,-0.320,-0.012,0.050,0.016,1.067,1.429,2,NULL,NULL,,3,0,2,7,255,1310,250,0,0
stim,157520,187641,0,187641,3384959.455,-0.697,0.072,0.040,-0.713,2611,475,2072,2863,2573,2485,1477,2713,46,1.062,1,2210,1,48.761,0.551,-27.938,-12.938,-37.813,-0.102,0.004,0.965,-0.359,-0.418,-0.090,0.054,0.016,1.067,1.429,2,NULL,NULL,,3,0,2,7,255,1310,250,0,0
stim,157520,187641,0,187641,3384964.454,-0.696,0.070,0.040,-0.714,2575,505,2163,2847,2598,2475,1567,2727,46,1.062,1,2210,1,44.176,0.610,-24.063,-13.500,-34.500,-0.094,0.000,0.977,-0.184,-0.582,-0.215,0.056,0.016,1.067,1.429,2,NULL,NULL,,3,0,2,7,255,1310,250,0,0
stim,157520,187641,0,187641,3384969.455,-0.695,0.069,0.041,-0.715,2526,525,2245,2829,2616,2477,1645,2739,46,1.062,1,2210,1,41.501,0.672,-21.063,-13.000,-33.313,-0.098,0.008,0.996,-0.160,-0.652,-0.215,0.058,0.016,1.067,1.429,2,NULL,NULL,,3,0,2,7,255,1310,250,0,0
stim,157541,187662,0,187662,3384974.454,-0.694,0.068,0.041,-0.716,2491,552,2318,2812,2635,2476,1706,2745,46,1.062,1,2210,1,41.205,0.663,-19.938,-13.188,-33.563,-0.105,0.016,1.004,-0.117,-0.652,-0.027,0.060,0.016,1.067,1.429,2,NULL,NULL,,3,0,2,7,255,1310,250,0,0
stim,157541,187662,0,187662,3384979.455,-0.693,0.067,0.041,-0.717,2453,573,2383,2797,2659,2477,1787,2757,46,1.062,1,2210,1,42.186,0.578,-21.250,-13.438,-33.875,-0.105,0.031,1.012,0.016,-0.578,0.078,0.062,0.018,1.067,1.429,2,NULL,NULL,,3,0,2,7,255,1310,250,0,0
stim,157541,187662,0,187662,3384984.454,-0.692,0.066,0.041,-0.718,2413,591,2445,2782,2681,2475,1867,2763,46,1.062,1,2210,1,41.783,0.582,-21.938,-13.250,-33.000,-0.102,0.020,1.008,0.066,-0.578,0.094,0.066,0.018,1.067,1.429,2,NULL,NULL,,3,0,2,7,255,1310,250,0,0
stim,157541,187662,0,187662,3384989.455,-0.691,0.064,0.042,-0.719,2363,603,2507,2763,2707,2493,1939,2773,46,1.062,1,2210,1,43.072,0.582,-25.063,-13.375,-32.375,-0.109,-0.016,1.027,0.066,-0.578,0.160,0.068,0.016,1.067,1.429,2,NULL,NULL,,3,0,2,7,255,1310,250,0,0
stim,157573,187694,0,187694,3384994.454,-0.690,0.063,0.042,-0.720,2309,607,2552,2735,2718,2475,1991,2787,46,1.062,1,2210,1,46.405,0.556,-29.813,-12.938,-33.125,-0.117,-0.043,1.023,-0.227,-0.508,0.289,0.070,0.016,1.067,1.429,2,NULL,NULL,,3,0,2,7,255,1310,250,0,0
stim,157573,187694,0,187694,3384999.455,-0.689,0.061,0.043,-0.721,2247,627,2589,2712,2732,2474,2043,2792,46,1.062,1,2210,1,49.341,0.619,-33.750,-13.000,-33.563,-0.109,-0.059,1.004,-0.453,-0.422,0.289,0.072,0.016,1.067,1.429,2,NULL,NULL,,3,0,2,7,255,1310,250,0,0
stim,157573,187694,0,187694,3385004.454,-0.688,0.059,0.044,-0.722,2183,637,2623,2680,2747,2490,2117,2799,46,1.062,1,2210,1,51.702,0.640,-36.938,-13.188,-33.688,-0.121,-0.051,1.004,-0.484,-0.418,0.105,0.074,0.018,1.067,1.429,2,NULL,NULL,,3,0,2,7,255,1310,250,0,0
stim,157573,187694,0,187694,3385009.455,-0.687,0.058,0.045,-0.723,2134,645,2661,2653,2764,2475,2151,2808,46,1.062,1,2210,1,50.168,0.594,-35.375,-13.438,-32.938,-0.109,-0.027,0.949,-0.484,-0.344,0.086,0.076,0.018,1.067,1.429,2,NULL,NULL,,3,0,2,7,255,1310,250,0,0
stim,157573,187694,0,187694,3385014.453,-0.687,0.056,0.045,-0.723,2065,645,2701,2614,2781,2473,2195,2822,46,1.062,1,2210,1,42.157,0.492,-27.438,-14.688,-28.438,-0.102,-0.043,0.934,-0.352,-0.344,-0.453,0.076,0.018,1.067,1.429,2,NULL,NULL,,3,0,2,7,255,1310,250,0,0
stim,157573,187694,0,187694,3385019.455,-0.686,0.055,0.045,-0.724,1977,647,2728,2581,2808,2472,2239,2827,46,1.062,1,2210,1,36.633,0.492,-21.750,-15.313,-25.188,-0.133,-0.066,0.984,-0.352,-0.344,-0.453,0.078,0.018,1.067,1.429,2,NULL,NULL,,3,0,2,7,255,1310,250,0,0
stim,157617,187738,0,187738,3385024.454,-0.685,0.054,0.046,-0.725,1906,651,2767,2541,2812,2471,2283,2837,46,1.062,1,2210,1,40.283,0.378,-24.063,-16.438,-27.813,-0.160,-0.055,1.051,-0.355,-0.129,-0.055,0.080,0.018,1.067,1.429,2,NULL,NULL,,3,0,2,7,255,1310,250,0,0
stim,157617,187738,0,187738,3385029.455,-0.684,0.052,0.046,-0.726,1831,652,2792,2489,2828,2469,2327,2845,46,1.062,1,2210,1,47.258,0.378,-29.875,-16.625,-32.625,-0.137,-0.035,1.035,-0.355,-0.129,0.410,0.084,0.018,1.067,1.429,2,NULL,NULL,,3,0,2,7,255,1310,250,0,0
stim,157617,187738,0,187738,3385034.454,-0.683,0.051,0.047,-0.727,1746,651,2821,2443,2851,2468,2365,2855,46,1.062,1,2210,1,47.275,0.229,-30.625,-17.000,-31.750,-0.094,-0.023,1.000,-0.164,-0.160,0.410,0.086,0.018,1.067,1.429,2,NULL,NULL,,3,0,2,7,255,1310,250,0,0
stim,157617,187738,0,187738,3385039.455,-0.683,0.049,0.047,-0.728,1623,635,2845,2377,2853,2461,2398,2861,46,1.062,1,2210,1,42.986,0.526,-28.625,-17.688,-26.750,-0.059,-0.051,0.996,-0.164,-0.500,0.035,0.090,0.018,1.067,1.429,2,NULL,NULL,,3,0,2,7,255,1310,250,0,0
stim,157617,187738,0,187738,3385044.453,-0.682,0.048,0.047,-0.728,1509,605,2869,2313,2861,2457,2427,2871,46,1.062,1,2210,1,38.167,0.614,-27.188,-17.750,-20.063,-0.086,-0.059,0.996,-0.301,-0.535,0.004,0.092,0.020,1.067,1.429,2,NULL,NULL,,3,0,2,7,255,1310,250,0,0
stim,157617,187738,0,187738,3385049.455,-0.682,0.046,0.048,-0.729,1331,595,2888,2240,2875,2455,2460,2875,46,1.062,1,2210,1,35.033,0.614,-22.688,-19.000,-18.750,-0.113,-0.027,0.992,-0.301,-0.535,-0.039,0.094,0.020,1.067,1.429,2,NULL,NULL,,3,0,2,7,255,1310,250,0,0
stim,157617,187738,1,187738,3385054.453,-0.681,0.045,0.048,-0.729,1211,568,2901,2159,2885,2447,2501,2887,46,1.062,1,2210,1,32.759,0.274,-17.750,-19.625,-19.313,-0.117,-0.004,1.000,-0.016,-0.273,0.004,0.098,0.020,1.067,1.429,2,NULL,NULL,,3,1,2,7,255,1310,250,0,0
stim,157617,187738,1,187738,3385059.455,-0.681,0.044,0.047,-0.730,1083,544,2915,2073,2895,2441,2534,2890,46,1.062,1,2210,1,33.459,0.381,-15.813,-20.313,-21.375,-0.109,0.008,1.043,0.266,-0.273,0.055,0.100,0.022,1.067,1.429,2,NULL,NULL,,3,1,2,7,255,1310,250,0,0
stim,157617,187738,1,187738,3385064.454,-0.680,0.043,0.047,-0.730,943,505,2931,1937,2905,2429,2566,2897,46,1.062,1,2210,1,33.929,0.425,-17.813,-21.125,-19.688,-0.109,-0.016,1.066,0.266,-0.332,0.445,0.104,0.022,1.067,1.429,2,NULL,NULL,,3,1,2,7,255,1310,250,0,0
stim,157617,187738,1,187738,3385069.455,-0.680,0.041,0.047,-0.731,787,443,2951,1799,2914,2414,2591,2908,46,1.062,1,2210,1,36.039,0.513,-21.375,-21.875,-19.063,-0.121,0.004,1.082,0.391,-0.332,0.691,0.106,0.022,1.067,1.429,2,NULL,NULL,,3,1,2,7,255,1310,250,0,0
stim,157638,187759,1,187759,3385074.454,-0.679,0.040,0.047,-0.732,572,416,2955,1623,2925,2403,2623,2900,46,1.062,1,2210,1,39.374,0.481,-24.063,-22.563,-21.500,-0.148,0.004,1.063,0.422,-0.230,0.695,0.108,0.020,1.067,1.429,2,NULL,NULL,,3,1,2,7,255,1310,250,0,0
stim,157638,187759,1,187759,3385079.455,-0.678,0.038,0.047,-0.732,407,376,2971,1465,2939,2397,2647,2910,46,1.062,1,2210,1,42.859,0.459,-25.750,-23.625,-24.813,-0.152,0.012,1.063,0.457,0.047,0.695,0.110,0.020,1.067,1.429,2,NULL,NULL,,3,1,2,7,255,1310,250,0,0
stim,157638,187759,1,187759,3385084.453,-0.678,0.037,0.047,-0.733,303,342,2983,1253,2950,2378,2667,2918,46,1.062,1,2210,1,42.648,0.533,-21.375,-26.438,-25.750,-0.133,0.031,1.059,0.531,0.047,0.684,0.112,0.020,1.067,1.429,2,NULL,NULL,,3,1,2,7,255,1310,250,0,0
stim,157638,187759,1,187759,3385089.455,-0.677,0.035,0.047,-0.734,171,267,2995,1041,2961,2345,2693,2923,46,1.062,1,2210,1,43.720,0.743,-19.250,-27.125,-28.375,-0.137,0.070,1.078,0.742,-0.043,0.684,0.114,0.020,1.067,1.429,2,NULL,NULL,,3,1,2,7,255,1310,250,0,0
stim,157667,187788,1,187788,3385094.453,-0.676,0.034,0.047,-0.735,89,219,3005,853,2969,2313,2711,2927,46,1.062,1,2210,1,46.414,0.798,-17.125,-31.938,-29.000,-0.129,0.031,1.113,0.797,-0.047,0.789,0.116,0.020,1.067,1.429,2,NULL,NULL,,3,1,2,7,255,1310,250,0,0
stim,157667,187788,1,187788,3385099.455,-0.675,0.032,0.046,-0.736,37,159,3017,648,2979,2285,2731,2931,46,1.062,1,2210,1,51.430,0.803,-18.000,-33.563,-34.563,-0.094,0.027,1.078,0.797,-0.102,0.789,0.116,0.022,1.067,1.429,2,NULL,NULL,,3,1,2,7,255,1310,250,0,0
stim,157667,187788,1,187788,3385104.454,-0.674,0.031,0.045,-0.736,11,121,3027,461,2985,2259,2749,2935,46,1.062,1,2210,1,48.003,0.884,-6.375,-38.375,-28.125,-0.094,0.066,1.094,0.797,-0.383,0.883,0.116,0.022,1.067,1.429,2,NULL,NULL,,3,1,2,7,255,1310,250,0,0
stim,157667,187788,1,187788,3385109.455,-0.674,0.029,0.044,-0.737,0,71,3033,365,2995,2227,2777,2939,46,1.062,1,2210,1,47.876,1.195,-2.750,-42.625,-21.625,-0.102,0.152,1.195,1.125,-0.402,0.883,0.116,0.022,1.067,1.429,2,NULL,NULL,,3,1,2,7,255,1310,250,0,0
stim,157684,187805,1,187805,3385114.454,-0.673,0.028,0.042,-0.738,0,59,3038,317,3005,2199,2797,2941,46,1.062,1,2210,1,52.642,2.059,-4.563,-45.438,-26.188,-0.125,0.148,1.289,2.020,-0.402,1.844,0.118,0.022,1.067,1.429,2,NULL,NULL,,3,1,2,7,255,1310,250,0,0
stim,157684,187805,1,187805,3385119.455,-0.673,0.027,0.040,-0.738,0,39,3046,299,3013,2164,2815,2943,46,1.062,1,2210,1,58.622,2.040,14.500,-56.063,9.125,-0.254,0.059,1.508,2.020,-0.289,2.762,0.118,0.022,1.067,1.429,2,NULL,NULL,,3,1,2,7,255,1310,250,0,0
stim,157715,187836,1,187836,3385124.454,-0.674,0.024,0.039,-0.737,0,21,3051,263,3018,2123,2839,2949,46,1.062,1,2210,0,68.373,1.635,-16.000,-62.750,21.938,-0.277,-0.039,1.594,1.371,0.891,5.094,0.118,0.022,1.067,1.429,2,NULL,NULL,,3,1,2,7,255,1310,250,0,0
stim,157715,187836,1,187836,3385129.455,-0.675,0.020,0.040,-0.737,0,9,3055,217,3023,2045,2855,2951,46,1.062,1,2210,0,93.023,1.312,-66.938,-63.375,12.500,-0.266,-0.332,1.246,0.504,1.211,5.094,0.118,0.024,1.067,1.429,2,NULL,NULL,,3,1,2,7,255,1310,250,0,0
stim,157715,187836,1,187836,3385134.453,-0.675,0.016,0.040,-0.736,0,0,3059,149,3033,1979,2869,2952,46,1.062,1,2210,0,97.302,2.736,-70.125,-67.438,1.563,-0.184,-0.355,0.938,-2.438,1.242,2.758,0.118,0.026,1.067,1.429,2,NULL,NULL,,3,1,2,7,255,1310,250,0,0
stim,157715,187836,1,187836,3385139.455,-0.676,0.013,0.039,-0.736,0,0,3062,85,3037,1885,2879,2952,46,1.062,1,2210,0,82.384,2.879,-35.313,-73.375,12.500,-0.203,-0.313,0.863,-2.438,1.531,-0.305,0.118,0.028,1.067,1.429,2,NULL,NULL,,3,1,2,7,255,1310,250,0,0
stim,157715,187836,1,187836,3385144.454,-0.676,0.010,0.037,-0.736,0,0,3060,54,3045,1806,2897,2952,46,1.062,1,2210,0,78.731,2.869,-0.813,-78.375,7.438,-0.219,-0.148,0.953,-2.426,1.531,-0.305,0.118,0.032,1.067,1.429,3,NULL,NULL,,3,1,2,7,255,1310,250,0,0
stim,157715,187836,1,187836,3385149.455,-0.677,0.008,0.034,-0.736,0,0,3063,10,3048,1693,2905,2953,46,1.062,1,2210,0,84.398,1.705,13.438,-83.250,3.438,-0.191,-0.063,1.145,-0.750,1.531,-0.258,0.114,0.036,1.067,1.429,3,NULL,NULL,,3,1,2,7,255,1310,250,0,0
stim,157715,187836,1,187836,3385154.454,-0.677,0.005,0.031,-0.735,0,0,3063,0,3053,1615,2915,2943,46,1.062,1,2210,0,85.927,1.394,1.438,-85.875,2.625,-0.211,-0.109,1.270,-0.176,1.383,1.508,0.112,0.042,1.067,1.429,3,NULL,NULL,,3,1,2,7,255,1310,250,0,0
stim,157715,187836,1,187836,3385159.455,-0.677,0.002,0.029,-0.735,0,0,3060,0,3060,1495,2924,2941,46,1.062,1,2210,0,90.161,1.224,-12.563,-89.250,2.375,-0.176,-0.168,1.199,-0.176,1.211,2.098,0.108,0.046,1.067,1.429,3,NULL,NULL,,3,1,2,7,255,1310,250,0,0
stim,157715,187836,1,187836,3385164.453,-0.678,-0.001,0.027,-0.735,0,0,3059,0,3061,1340,2937,2900,46,1.062,1,2210,0,95.098,1.471,-17.500,-93.313,5.500,-0.160,-0.223,1.086,-0.781,1.246,2.098,0.104,0.050,1.067,1.429,3,NULL,NULL,,3,1,2,7,255,1310,250,0,0
stim,157715,187836,1,187836,3385169.455,-0.678,-0.005,0.025,-0.735,0,0,3052,0,3067,1239,2943,2934,46,1.062,1,2210,0,97.018,1.697,-9.875,-96.500,1.625,-0.188,-0.199,1.031,-1.152,1.246,1.008,0.102,0.056,1.067,1.429,3,NULL,NULL,,3,1,2,7,255,1310,250,0,0
stim,157753,187874,1,187874,3385174.454,-0.678,-0.008,0.022,-0.735,0,0,3049,0,3076,1054,2956,2927,46,1.062,1,2210,0,99.957,1.727,-0.750,-99.938,-1.813,-0.102,-0.195,1.027,-1.195,1.246,0.449,0.100,0.062,1.067,1.429,3,NULL,NULL,,3,1,2,7,255,1310,250,0,0
stim,157753,187874,1,187874,3385179.455,-0.678,-0.011,0.019,-0.734,0,0,3042,0,3080,887,2963,2920,46,1.062,1,2210,0,103.696,1.544,7.500,-103.313,4.813,-0.117,-0.148,1.070,-1.152,1.027,0.449,0.098,0.068,1.067,1.429,3,NULL,NULL,,3,1,2,7,255,1310,250,0,0
stim,157753,187874,1,187874,3385184.454,-0.679,-0.014,0.016,-0.734,0,0,3031,0,3089,713,2979,2909,46,1.062,1,2210,0,109.098,1.228,13.375,-108.250,2.313,-0.145,-0.125,1.137,-0.672,1.027,0.750,0.098,0.074,1.067,1.429,3,NULL,NULL,,3,1,2,7,255,1310,250,0,0
stim,157753,187874,1,187874,3385189.455,-0.679,-0.017,0.012,-0.734,0,0,3025,0,3080,591,2975,2900,46,1.062,1,2210,0,111.701,1.095,8.500,-111.375,0.625,-0.102,-0.098,1.215,-0.379,1.027,1.406,0.098,0.082,1.067,1.429,3,NULL,NULL,,3,1,2,7,255,1310,250,0,0
stim,157753,187874,1,187874,3385194.454,-0.679,-0.021,0.009,-0.734,0,0,3019,0,3091,447,2987,2878,46,1.062,1,2210,0,115.167,1.218,1.938,-115.063,4.500,-0.109,-0.066,1.246,-0.094,1.215,2.137,0.100,0.088,1.067,1.429,3,NULL,NULL,,3,1,2,7,255,1310,250,0,0
stim,157753,187874,1,187874,3385199.455,-0.679,-0.024,0.005,-0.733,0,0,2997,0,3081,263,2995,2859,46,1.062,1,2210,0,120.668,1.240,-2.500,-120.563,4.375,-0.129,0.004,1.211,0.250,1.215,2.137,0.100,0.094,1.067,1.429,3,NULL,NULL,,3,1,2,7,255,1310,250,0,0
stim,157774,187895,1,187895,3385204.453,-0.680,-0.028,0.001,-0.733,0,0,2981,0,3082,171,2994,2845,46,1.062,1,2210,0,127.822,1.634,3.813,-127.750,1.938,-0.109,0.039,1.148,0.906,1.359,1.992,0.100,0.102,1.067,1.429,3,NULL,NULL,,3,1,2,7,255,1310,250,0,0
stim,157774,187895,1,187895,3385209.455,-0.680,-0.032,-0.003,-0.733,0,0,2963,0,3083,62,2999,2825,46,1.062,1,2210,0,135.226,1.821,11.438,-134.563,6.938,-0.012,0.121,1.270,1.211,1.359,1.992,0.102,0.108,1.067,1.429,3,NULL,NULL,,3,1,2,7,255,1310,250,0,0
stim,157774,187895,1,187895,3385214.453,-0.681,-0.036,-0.008,-0.732,0,0,2937,0,3076,17,3013,2794,46,1.062,1,2210,0,139.390,2.188,6.313,-138.375,15.563,-0.027,0.207,1.344,2.031,0.813,2.488,0.100,0.112,1.067,1.429,3,NULL,NULL,,3,1,2,7,255,1310,250,0,0
stim,157774,187895,1,187895,3385219.455,-0.681,-0.040,-0.012,-0.731,0,0,2920,0,3080,0,3003,2759,46,1.062,1,2210,0,144.581,3.010,1.500,-143.875,14.188,-0.105,0.242,1.355,2.898,0.813,3.156,0.098,0.116,1.067,1.429,3,NULL,NULL,,3,1,2,7,255,1310,250,0,0
stim,157820,187941,1,187941,3385224.454,-0.682,-0.045,-0.016,-0.730,0,0,2891,0,3078,0,3006,2720,46,1.062,1,2210,0,149.325,3.363,-2.563,-149.000,9.500,-0.121,0.195,1.391,2.902,1.699,3.160,0.094,0.122,1.067,1.429,3,NULL,NULL,,3,1,2,7,255,1310,250,0,0
stim,157820,187941,1,187941,3385229.455,-0.682,-0.050,-0.020,-0.730,0,0,2861,0,3078,0,3015,2676,46,1.062,1,2210,0,156.671,3.579,-7.438,-156.250,8.750,-0.125,0.164,1.449,2.902,2.094,3.500,0.090,0.126,1.067,1.429,3,NULL,NULL,,3,1,2,7,255,1310,250,0,0
stim,157820,187941,1,187941,3385234.454,-0.682,-0.055,-0.025,-0.729,0,0,2830,0,3064,0,3015,2621,46,1.062,1,2210,0,162.786,3.472,-10.938,-162.125,9.750,-0.070,0.152,1.598,2.680,2.207,4.035,0.084,0.130,1.067,1.429,3,NULL,NULL,,3,1,2,7,255,1310,250,0,0
stim,157820,187941,1,187941,3385239.455,-0.683,-0.061,-0.029,-0.728,0,0,2792,0,3055,0,3015,2553,46,1.062,1,2210,0,171.106,3.581,-24.500,-167.875,22.250,-0.090,0.230,1.723,2.680,2.375,5.523,0.074,0.134,1.067,1.429,3,NULL,NULL,,3,1,2,7,255,1310,250,0,0
stim,157820,187941,1,187941,3385244.453,-0.683,-0.068,-0.033,-0.726,0,0,2757,0,3048,0,3015,2471,46,1.062,1,2210,0,183.874,4.504,-48.938,-175.125,27.313,-0.152,0.262,1.738,3.566,2.750,6.602,0.066,0.140,1.067,1.429,3,NULL,NULL,,3,1,2,7,255,1310,250,0,0
stim,157820,187941,1,187941,3385249.455,-0.684,-0.076,-0.036,-0.725,0,0,2707,0,3035,0,3015,2351,46,1.062,1,2210,0,192.174,5.183,-48.875,-184.250,24.375,-0.266,0.219,1.746,3.730,3.598,6.602,0.058,0.146,1.067,1.429,3,NULL,NULL,,3,1,2,7,255,1310,250,0,0
stim,157820,187941,1,187941,3385254.453,-0.684,-0.084,-0.040,-0.723,0,0,2666,0,3031,0,3015,2258,46,1.062,1,2210,0,212.357,6.316,-69.250,-199.000,26.438,-0.285,0.219,1.766,3.879,4.984,6.461,0.048,0.154,1.067,1.429,3,NULL,NULL,,3,1,2,7,255,1310,250,0,0
stim,157820,187941,1,187941,3385259.455,-0.685,-0.093,-0.044,-0.722,0,0,2597,0,3015,0,3015,2129,46,1.062,1,2210,0,225.503,6.733,-77.813,-210.688,20.188,-0.277,0.215,1.781,3.879,5.504,6.461,0.038,0.162,1.067,1.429,3,NULL,NULL,,3,1,2,7,255,1310,250,0,0
stim,157820,187941,1,187941,3385264.454,-0.685,-0.103,-0.048,-0.720,0,0,2517,0,2997,0,3001,1975,46,1.062,1,2210,0,243.287,7.005,-87.000,-226.000,23.313,-0.305,0.258,1.750,3.984,5.762,6.461,0.026,0.174,1.067,1.429,3,NULL,NULL,,3,1,2,7,255,1310,250,0,0
stim,157820,187941,1,187941,3385269.455,-0.685,-0.113,-0.052,-0.718,0,0,2455,0,2983,0,2985,1813,46,1.062,1,2210,0,260.621,7.680,-99.813,-240.000,19.000,-0.289,0.305,1.711,4.484,6.234,5.969,0.014,0.186,1.067,1.429,3,NULL,NULL,,3,1,2,7,255,1310,250,0,0
stim,157841,187962,1,187962,3385274.454,-0.684,-0.124,-0.056,-0.716,0,0,2360,0,2957,0,2968,1651,46,1.062,1,2210,0,274.861,8.089,-98.875,-256.000,15.375,-0.293,0.289,1.758,5.063,6.309,5.660,0.008,0.200,1.067,1.429,3,NULL,NULL,,3,1,2,7,255,1310,250,0,0
stim,157841,187962,1,187962,3385279.455,-0.684,-0.136,-0.061,-0.714,0,0,2275,0,2931,1,2940,1549,46,1.062,1,2210,0,292.542,8.508,-99.375,-274.125,23.688,-0.328,0.336,1.816,5.117,6.797,5.660,0.016,0.216,1.067,1.429,3,NULL,NULL,,3,1,2,7,255,1310,250,0,0
stim,157841,187962,1,187962,3385284.453,-0.683,-0.148,-0.066,-0.712,0,0,2199,0,2893,9,2909,1443,46,1.062,1,2210,0,309.124,9.584,-103.500,-290.250,24.500,-0.398,0.406,1.891,5.801,7.629,5.828,0.032,0.234,1.067,1.429,3,NULL,NULL,,3,1,2,7,255,1310,250,0,0
stim,157841,187962,1,187962,3385289.455,-0.683,-0.161,-0.072,-0.709,0,0,2123,0,2859,11,2877,1335,46,1.062,1,2210,0,323.814,11.135,-98.438,-307.938,18.438,-0.480,0.473,2.082,6.746,8.859,5.961,0.050,0.254,1.067,1.429,3,NULL,NULL,,3,1,2,7,255,1310,250,0,0
stim,157873,187994,1,187994,3385294.453,-0.682,-0.173,-0.079,-0.707,0,0,2053,0,2811,5,2808,1239,46,1.062,1,2210,0,337.129,13.178,-88.938,-325.125,6.313,-0.535,0.555,2.398,7.832,10.598,7.023,0.070,0.276,1.067,1.429,3,NULL,NULL,,3,1,2,7,255,1310,250,0,0
stim,157873,187994,1,187994,3385299.455,-0.680,-0.187,-0.085,-0.704,0,0,1941,0,2761,0,2732,1157,46,1.062,1,2210,0,358.725,15.649,-110.063,-341.375,-5.750,-0.512,0.758,2.715,9.289,12.594,9.234,0.094,0.302,1.067,1.429,3,NULL,NULL,,3,1,2,7,255,1310,250,0,0
stim,157873,187994,0,187994,3385304.454,-0.677,-0.202,-0.091,-0.702,0,0,1815,0,2697,0,2645,1043,46,1.062,1,2210,0,383.322,18.395,-152.438,-350.875,-24.188,-0.484,0.875,2.879,11.992,13.949,11.324,0.122,0.332,1.067,1.429,3,NULL,NULL,,3,0,2,7,255,1316,250,0,0
stim,157873,187994,0,187994,3385309.455,-0.673,-0.219,-0.096,-0.700,0,0,1677,0,2613,0,2524,911,46,1.062,1,2210,0,409.034,19.445,-197.250,-357.063,-30.125,-0.512,0.719,2.820,12.543,14.859,11.324,0.152,0.364,1.067,1.429,3,NULL,NULL,,3,0,2,7,255,1316,250,0,0
stim,157873,187994,0,187994,3385314.454,-0.668,-0.237,-0.100,-0.698,0,0,1503,0,2501,0,2380,858,46,1.062,1,2210,0,443.963,19.445,-240.250,-372.188,-29.313,-0.445,0.395,2.500,12.543,14.859,11.016,0.184,0.398,1.067,1.429,3,NULL,NULL,,3,0,2,7,255,1316,250,0,0
stim,157873,187994,0,187994,3385319.455,-0.663,-0.257,-0.103,-0.695,0,0,1325,0,2376,0,2173,765,46,1.062,1,2210,0,467.501,17.233,-258.875,-388.125,-30.000,-0.230,0.098,1.973,9.246,14.543,8.496,0.218,0.436,1.067,1.429,3,NULL,NULL,,3,0,2,7,255,1316,250,0,0
stim,157917,188038,0,188038,3385324.454,-0.659,-0.276,-0.108,-0.692,0,0,1107,0,2217,0,1915,709,46,1.062,1,2210,0,468.936,12.446,-239.500,-403.063,-9.000,-0.059,-0.113,1.469,5.664,11.082,5.102,0.256,0.476,1.067,1.429,3,NULL,NULL,,3,0,2,7,255,1316,250,0,0
stim,157917,188038,0,188038,3385329.455,-0.655,-0.294,-0.114,-0.687,0,0,869,0,2005,0,1548,601,46,1.062,1,2210,0,459.147,8.326,-188.063,-418.438,18.938,0.055,-0.348,1.184,2.727,7.867,1.922,0.298,0.518,1.067,1.429,3,NULL,NULL,,3,0,2,7,255,1316,250,0,0
stim,157917,188038,0,188038,3385334.453,-0.653,-0.310,-0.122,-0.680,0,0,601,0,1759,0,1075,525,46,1.062,1,2210,0,445.949,6.320,-114.375,-428.813,43.688,0.102,-0.461,1.184,-0.020,6.320,0.906,0.342,0.564,1.067,1.429,3,NULL,NULL,,3,0,2,7,255,1316,250,0,0
stim,157917,188038,0,188038,3385339.455,-0.652,-0.324,-0.132,-0.673,0,0,397,0,1449,0,509,458,46,1.062,1,2210,0,428.327,6.320,-39.125,-424.813,38.313,0.121,-0.305,1.492,-0.020,6.320,0.906,0.392,0.616,1.067,1.429,3,NULL,NULL,,3,0,2,7,255,1316,250,0,0
stim,157917,188038,0,188038,3385344.454,-0.651,-0.337,-0.143,-0.665,0,0,282,0,1182,0,173,364,46,1.062,1,2210,0,430.546,8.248,6.250,-428.875,37.375,0.023,-0.199,1.980,1.461,8.117,2.652,0.450,0.678,1.067,1.429,3,NULL,NULL,,3,0,2,7,255,1316,250,0,0
stim,157917,188038,0,188038,3385349.455,-0.650,-0.350,-0.154,-0.657,0,0,191,0,820,0,0,297,46,1.062,1,2210,0,440.521,12.708,-8.375,-436.438,59.250,-0.121,-0.160,2.383,3.703,12.156,4.914,0.518,0.746,1.067,1.429,3,NULL,NULL,,3,0,2,7,255,1316,250,0,0
stim,157917,188038,0,188038,3385354.454,-0.649,-0.365,-0.163,-0.647,0,0,131,0,384,0,0,235,46,1.062,1,2210,0,453.412,17.052,-69.375,-438.813,90.625,-0.188,0.043,2.297,5.043,16.289,4.914,0.592,0.822,1.067,1.429,3,NULL,NULL,,3,0,2,7,255,1316,250,0,0
stim,157917,188038,0,188038,3385359.456,-0.648,-0.382,-0.170,-0.637,0,0,121,0,93,0,0,151,46,1.062,1,2210,0,472.176,17.595,-123.125,-438.438,124.750,-0.383,0.234,1.840,6.652,16.289,3.965,0.674,0.904,1.067,1.429,3,NULL,NULL,,3,0,2,7,255,1316,250,0,0
stim,157917,188038,0,188038,3385364.453,-0.646,-0.399,-0.175,-0.627,0,0,115,0,0,0,0,72,46,1.062,1,2210,0,479.733,16.541,-157.000,-427.625,150.438,-0.492,0.605,1.383,6.938,15.016,-1.535,0.752,0.986,1.067,1.429,3,NULL,NULL,,3,0,2,7,255,1316,250,0,0
stim,157917,188038,0,188038,3385369.455,-0.644,-0.416,-0.179,-0.617,0,0,85,0,0,0,0,36,46,1.062,1,2210,0,456.148,15.197,-171.750,-403.063,126.938,-0.484,1.063,1.125,8.875,12.336,-6.895,0.826,1.060,1.067,1.429,4,NULL,NULL,,3,0,2,7,255,1316,250,0,0
stim,157938,188059,0,188059,3385374.454,-0.641,-0.432,-0.182,-0.608,0,0,79,0,0,0,0,2,46,1.062,1,2210,0,427.851,15.959,-171.438,-377.063,107.188,-0.563,1.230,1.125,12.238,10.242,-10.418,0.890,1.128,1.067,1.429,0,NULL,NULL,,3,0,2,7,255,1316,250,0,0
stim,157938,188059,0,188059,3385379.455,-0.638,-0.447,-0.185,-0.599,0,0,87,0,0,0,0,9,46,1.062,1,2210,0,416.582,16.175,-187.500,-355.750,108.750,-0.758,1.086,1.363,12.520,10.242,-12.117,0.944,1.184,1.067,1.429,0,NULL,NULL,,3,0,2,7,255,1316,250,0,0
stim,157938,188059,0,188059,3385384.453,-0.633,-0.463,-0.186,-0.592,0,0,91,0,0,0,0,36,46,1.062,1,2210,0,422.540,18.337,-231.375,-340.750,94.313,-0.828,0.703,1.480,12.520,13.398,-12.117,0.998,1.240,1.067,1.429,0,NULL,NULL,,3,0,2,7,255,1316,250,0,0
stim,157938,188059,0,188059,3385389.455,-0.626,-0.479,-0.187,-0.587,0,0,93,0,0,0,0,67,46,1.062,1,2210,0,411.815,16.299,-280.063,-301.250,20.125,-0.414,0.086,1.332,9.281,13.398,-11.691,1.054,1.298,1.067,1.429,0,NULL,NULL,,3,0,2,7,255,1316,250,0,0
stim,157964,188085,0,188085,3385394.454,-0.618,-0.492,-0.187,-0.584,0,0,87,0,0,0,0,112,46,1.062,1,2210,0,359.151,13.395,-258.500,-247.500,-30.188,-0.219,-0.461,1.113,4.352,12.668,-7.359,1.114,1.362,1.067,1.429,0,NULL,NULL,,3,0,2,7,255,1316,250,0,0
stim,157964,188085,0,188085,3385399.455,-0.611,-0.503,-0.187,-0.582,0,0,93,0,0,0,0,133,46,1.062,1,2210,0,307.962,11.747,-227.125,-207.813,-8.313,-0.270,-0.313,1.203,1.063,11.699,-5.844,1.186,1.436,1.067,1.429,0,NULL,NULL,,3,0,2,7,255,1316,250,0,0
stim,157964,188085,0,188085,3385404.453,-0.604,-0.514,-0.185,-0.580,0,0,91,0,0,0,0,155,46,1.062,1,2210,0,289.111,11.378,-241.688,-158.625,-3.250,-0.547,0.117,1.094,1.063,11.328,-5.844,1.262,1.514,1.067,1.429,0,NULL,NULL,,3,0,2,7,255,1316,250,0,0
stim,157964,188085,0,188085,3385409.455,-0.596,-0.523,-0.181,-0.581,0,0,89,0,0,0,0,175,46,1.062,1,2210,0,297.356,11.959,-277.750,-99.625,-36.750,-0.496,0.422,0.602,3.832,11.328,-10.488,1.338,1.594,1.067,1.429,0,NULL,NULL,,3,0,2,7,255,1316,250,0,0
stim,157983,188104,0,188104,3385414.453,-0.588,-0.531,-0.176,-0.584,0,0,88,0,0,0,0,169,46,1.062,1,2210,0,293.705,7.449,-286.250,-34.563,-55.938,-0.168,0.617,-0.156,4.047,6.254,-13.379,1.416,1.674,1.067,1.429,0,NULL,NULL,,3,0,2,7,255,1316,250,0,0
stim,157983,188104,0,188104,3385419.455,-0.582,-0.536,-0.171,-0.588,0,0,83,0,0,0,0,167,46,1.062,1,2210,0,237.620,4.571,-229.375,27.625,-55.563,-0.008,0.512,-0.637,4.047,-2.125,-14.258,1.490,1.750,1.067,1.429,0,NULL,NULL,,3,0,2,7,255,1316,250,0,0
stim,158020,188141,0,188141,3385424.454,-0.578,-0.537,-0.167,-0.591,0,0,98,0,0,0,0,165,46,1.062,1,2210,0,169.473,6.683,-146.813,74.813,-39.625,0.063,0.254,-0.715,1.320,-6.551,-14.258,1.564,1.826,1.067,1.429,0,NULL,NULL,,3,0,2,7,255,1316,250,0,0
stim,158020,188141,0,188141,3385429.455,-0.576,-0.536,-0.162,-0.595,0,0,71,0,0,0,0,135,46,1.062,1,2210,0,141.878,6.647,-83.625,113.250,-17.625,-0.070,0.020,-0.605,-1.129,-6.551,-12.891,1.636,1.900,1.067,1.429,0,NULL,NULL,,3,0,2,7,255,1316,250,0,0
stim,158020,188141,0,188141,3385434.454,-0.575,-0.534,-0.158,-0.599,0,0,69,0,0,0,0,134,46,1.062,1,2210,0,151.137,5.401,-46.375,143.063,-15.000,-0.121,-0.172,-0.582,-2.945,-4.527,-12.598,1.706,1.970,1.067,1.429,0,NULL,NULL,,3,0,2,7,255,1316,250,0,0
stim,158020,188141,0,188141,3385439.455,-0.576,-0.530,-0.153,-0.603,0,0,60,0,0,0,0,125,46,1.062,1,2210,0,163.426,5.954,-9.000,163.000,7.625,-0.051,-0.035,-0.703,-3.867,-4.527,-12.598,1.764,2.030,1.067,1.429,0,NULL,NULL,,3,0,2,7,255,1316,250,0,0
stim,158020,188141,0,188141,3385444.454,-0.579,-0.524,-0.150,-0.606,0,0,62,0,0,0,0,112,46,1.062,1,2210,0,186.591,6.402,49.688,177.313,30.125,-0.164,0.039,-0.770,-3.867,-5.102,-12.672,1.816,2.084,1.067,1.429,0,NULL,NULL,,3,0,2,7,255,1316,250,0,0
stim,158020,188141,0,188141,3385449.455,-0.584,-0.516,-0.147,-0.609,0,0,41,0,0,0,0,87,46,1.062,1,2210,0,220.763,6.362,109.188,186.875,43.500,-0.191,0.270,-0.590,-3.801,-5.102,-14.238,1.862,2.132,1.067,1.429,0,NULL,NULL,,3,0,2,7,255,1316,250,0,0
stim,158020,188141,0,188141,3385454.453,-0.590,-0.507,-0.145,-0.611,0,0,28,0,0,0,0,83,46,1.062,1,2210,0,256.132,4.380,156.438,194.688,56.813,-0.305,0.277,-0.340,-1.043,-4.254,-14.785,1.904,2.178,1.067,1.429,0,NULL,NULL,,3,0,2,7,255,1316,250,0,0
stim,158020,188141,0,188141,3385459.455,-0.597,-0.498,-0.143,-0.613,0,0,33,0,0,0,0,77,46,1.062,1,2210,0,275.221,1.688,178.313,202.063,55.875,-0.340,0.309,-0.117,0.000,-1.688,-14.785,1.942,2.216,1.067,1.429,0,NULL,NULL,,3,0,2,7,255,1316,250,0,0
stim,158021,188142,0,188142,3385464.453,-0.604,-0.487,-0.142,-0.615,0,0,29,0,0,0,0,68,46,1.062,1,2210,0,291.906,1.314,194.188,207.250,67.438,-0.352,0.293,0.090,1.297,0.211,-14.230,1.970,2.248,1.067,1.429,0,NULL,NULL,,3,0,2,7,255,1316,250,0,0
stim,158021,188142,0,188142,3385469.455,-0.611,-0.477,-0.140,-0.616,0,0,26,0,0,0,0,70,46,1.062,1,2210,0,299.084,2.863,195.813,213.313,74.875,-0.438,0.332,0.219,2.082,1.965,-13.391,1.990,2.270,1.067,1.429,0,NULL,NULL,,3,0,2,7,255,1316,250,0,0
stim,158052,188173,0,188173,3385474.454,-0.618,-0.466,-0.138,-0.618,0,0,25,0,0,0,0,63,46,1.062,1,2210,0,305.347,4.452,202.125,217.375,71.625,-0.523,0.395,0.379,2.848,3.422,-13.367,2.000,2.282,1.067,1.429,0,NULL,NULL,,3,0,2,7,255,1316,250,0,0
stim,158052,188173,0,188173,3385479.455,-0.625,-0.455,-0.136,-0.620,0,0,24,0,0,0,0,59,46,1.062,1,2210,0,306.058,6.425,200.250,222.875,62.438,-0.574,0.391,0.535,3.891,5.113,-13.367,2.004,2.288,1.067,1.429,0,NULL,NULL,,3,0,2,7,255,1316,250,0,0
stim,158052,188173,0,188173,3385484.454,-0.631,-0.444,-0.134,-0.622,0,0,26,0,0,0,0,57,46,1.062,1,2210,0,302.421,8.002,192.063,228.500,48.563,-0.547,0.324,0.703,4.430,6.664,-12.707,2.008,2.292,1.067,1.429,0,NULL,NULL,,3,0,2,7,255,1316,250,0,0
stim,158052,188173,0,188173,3385489.455,-0.637,-0.432,-0.132,-0.624,0,0,27,0,0,0,0,82,46,1.062,1,2210,0,299.123,9.117,178.500,236.188,42.750,-0.559,0.285,0.809,4.547,7.902,-11.133,2.008,2.296,1.067,1.429,0,NULL,NULL,,3,0,2,7,255,1316,250,0,0
stim,158052,188173,0,188173,3385494.453,-0.642,-0.421,-0.129,-0.627,0,0,27,0,0,0,0,84,46,1.062,1,2210,0,292.706,9.902,160.125,243.063,30.938,-0.563,0.223,0.855,4.547,8.797,-10.230,2.008,2.298,1.067,1.429,0,NULL,NULL,,3,0,2,7,255,1316,250,0,0
stim,158052,188173,0,188173,3385499.455,-0.646,-0.410,-0.126,-0.631,0,0,26,0,0,0,0,99,46,1.062,1,2210,0,293.259,10.194,148.875,252.188,15.438,-0.570,0.180,0.973,4.207,9.285,-9.492,2.008,2.298,1.067,1.429,0,NULL,NULL,,3,0,2,7,255,1316,250,0,0
stim,158073,188194,0,188194,3385504.453,-0.650,-0.400,-0.122,-0.635,0,0,25,0,0,0,0,107,46,1.062,1,2210,0,288.448,10.886,121.063,261.813,0.375,-0.535,0.121,0.988,4.152,10.063,-8.395,2.008,2.300,1.067,1.429,0,NULL,NULL,,3,0,2,7,255,1316,250,0,0
stim,158073,188194,0,188194,3385509.455,-0.652,-0.389,-0.117,-0.640,0,0,27,0,0,0,0,114,46,1.062,1,2210,0,292.942,10.752,104.063,273.500,-13.563,-0.461,0.090,1.004,3.789,10.063,-7.559,2.010,2.306,1.067,1.429,0,NULL,NULL,,3,0,2,7,255,1316,250,0,0
stim,158073,188194,0,188194,3385514.454,-0.654,-0.378,-0.112,-0.645,0,0,26,0,0,0,0,126,46,1.062,1,2210,0,299.818,10.296,85.375,286.250,-25.750,-0.461,0.098,0.965,3.707,9.605,-6.613,2.020,2.316,1.067,1.429,0,NULL,NULL,,3,0,2,7,255,1316,250,0,0
stim,158073,188194,0,188194,3385519.455,-0.656,-0.368,-0.107,-0.651,0,0,25,0,0,0,0,135,46,1.062,1,2210,0,308.586,9.976,73.500,297.938,-32.500,-0.414,0.113,0.922,3.707,9.262,-6.602,2.034,2.334,1.067,1.429,0,NULL,NULL,,3,0,2,7,255,1316,250,0,0
stim,158119,188240,0,188240,3385524.454,-0.656,-0.357,-0.101,-0.657,0,0,30,0,0,0,0,140,46,1.062,1,2210,0,321.876,9.255,66.813,310.625,-51.500,-0.383,0.055,0.867,3.660,8.500,-6.426,2.054,2.356,1.067,1.429,0,NULL,NULL,,3,0,2,7,255,1316,250,0,0
stim,158119,188240,0,188240,3385529.455,-0.657,-0.345,-0.094,-0.664,0,0,25,0,0,0,0,147,46,1.062,1,2210,0,329.899,8.484,63.063,320.125,-48.750,-0.355,-0.004,0.801,3.078,7.906,-6.156,2.078,2.382,1.067,1.429,0,NULL,NULL,,3,0,2,7,255,1316,250,0,0
stim,158119,188240,0,188240,3385534.453,-0.657,-0.334,-0.088,-0.670,0,0,25,0,0,0,0,157,46,1.062,1,2210,0,339.901,7.645,63.625,328.938,-57.313,-0.324,0.012,0.711,2.379,7.266,-6.156,2.108,2.414,1.067,1.429,0,NULL,NULL,,3,0,2,7,255,1316,250,0,0
stim,158119,188240,0,188240,3385539.455,-0.657,-0.322,-0.081,-0.677,0,0,23,0,0,0,0,158,46,1.062,1,2210,0,348.093,6.773,76.438,334.063,-61.063,-0.309,-0.055,0.652,2.242,6.391,-6.344,2.140,2.448,1.067,1.429,0,NULL,NULL,,3,0,2,7,255,1316,250,0,0
stim,158119,188240,0,188240,3385544.453,-0.658,-0.309,-0.075,-0.683,0,0,23,0,0,0,0,157,46,1.062,1,2210,0,354.430,6.241,90.563,337.438,-59.625,-0.258,-0.016,0.652,1.887,5.949,-6.344,2.176,2.486,1.067,1.429,0,NULL,NULL,,3,0,2,7,255,1316,250,0,0
stim,158119,188240,0,188240,3385549.455,-0.658,-0.295,-0.070,-0.689,0,0,22,0,0,0,0,158,46,1.062,1,2210,0,360.825,5.536,105.625,339.125,-63.500,-0.148,-0.117,0.609,1.488,5.332,-6.059,2.214,2.526,1.067,1.429,0,NULL,NULL,,3,0,2,7,255,1316,250,0,0
stim,158119,188240,0,188240,3385554.454,-0.659,-0.281,-0.065,-0.695,0,0,23,0,0,0,0,160,46,1.062,1,2210,0,365.194,4.315,128.563,338.000,-50.938,-0.074,-0.176,0.582,0.852,4.230,-5.355,2.256,2.570,1.067,1.429,0,NULL,NULL,,3,0,2,7,255,1316,250,0,0
stim,158119,188240,0,188240,3385559.455,-0.660,-0.267,-0.061,-0.700,0,0,22,0,0,0,0,163,46,1.062,1,2210,0,372.967,3.515,155.688,336.438,-40.938,-0.066,-0.059,0.648,0.852,3.410,-4.938,2.298,2.614,1.067,1.429,0,NULL,NULL,,3,0,2,7,255,1316,250,0,0
stim,158119,188240,0,188240,3385564.454,-0.661,-0.251,-0.057,-0.704,0,0,23,0,0,0,0,163,46,1.062,1,2210,0,381.991,3.695,181.188,334.563,-34.000,-0.063,-0.016,0.773,1.422,3.410,-4.602,2.344,2.662,1.067,1.429,0,NULL,NULL,,3,0,2,7,255,1316,250,0,0
stim,158119,188240,0,188240,3385569.455,-0.663,-0.235,-0.054,-0.708,0,0,21,0,0,0,0,157,46,1.062,1,2210,0,388.134,4.177,196.938,333.625,-23.625,-0.043,-0.004,0.887,2.102,3.609,-3.523,2.390,2.710,1.067,1.429,0,NULL,NULL,,3,0,2,7,255,1316,250,0,0
stim,158141,188262,0,188262,3385574.454,-0.665,-0.219,-0.051,-0.712,0,0,24,0,0,0,0,152,46,1.062,1,2210,0,392.861,4.388,207.250,333.438,-14.375,-0.039,-0.004,0.973,2.426,3.656,-2.359,2.436,2.758,1.067,1.429,0,NULL,NULL,,3,0,2,7,255,1316,250,0,0
stim,158141,188262,0,188262,3385579.455,-0.668,-0.202,-0.048,-0.715,0,0,23,0,0,0,0,155,46,1.062,1,2210,0,399.602,4.495,221.250,332.750,-2.813,-0.094,0.004,1.098,2.508,3.730,-1.438,2.482,2.806,1.067,1.429,0,NULL,NULL,,3,0,2,7,255,1316,250,0,0
stim,158141,188262,0,188262,3385584.453,-0.670,-0.185,-0.046,-0.718,0,0,25,0,0,0,0,167,46,1.062,1,2210,0,406.345,5.151,231.250,334.125,-0.313,-0.160,0.063,1.262,2.707,4.383,-0.375,2.526,2.852,1.067,1.429,0,NULL,NULL,,3,0,2,7,255,1316,250,0,0
stim,158141,188262,0,188262,3385589.455,-0.672,-0.167,-0.044,-0.720,0,0,23,0,0,0,0,165,46,1.062,1,2210,0,410.169,6.234,235.813,335.438,-10.625,-0.215,0.094,1.418,3.469,5.180,0.961,2.564,2.892,1.067,1.429,0,NULL,NULL,,3,0,2,7,255,1316,250,0,0
stim,158167,188288,0,188288,3385594.454,-0.673,-0.150,-0.041,-0.723,0,0,25,0,0,0,0,167,46,1.062,1,2210,0,404.996,6.332,227.875,334.750,-6.125,-0.125,-0.051,1.633,3.469,5.297,2.387,2.596,2.928,1.067,1.429,0,NULL,NULL,,3,0,2,7,255,1316,250,0,0
stim,158167,188288,0,188288,3385599.455,-0.675,-0.133,-0.038,-0.724,0,0,27,0,0,0,0,168,46,1.062,1,2210,0,394.190,6.628,207.938,334.750,9.500,-0.223,0.016,1.793,3.207,5.801,5.109,2.626,2.958,1.067,1.429,0,NULL,NULL,,3,0,2,7,255,1316,250,0,0
stim,158167,188288,0,188288,3385604.454,-0.677,-0.117,-0.034,-0.726,0,0,24,0,0,0,0,166,46,1.062,1,2210,0,381.000,6.907,182.250,334.563,3.750,-0.289,0.117,1.910,3.207,6.117,6.469,2.652,2.986,1.067,1.429,0,NULL,NULL,,3,0,2,7,255,1316,250,0,0
stim,158167,188288,0,188288,3385609.455,-0.677,-0.102,-0.029,-0.728,0,0,27,0,0,0,0,171,46,1.062,1,2210,0,367.391,7.091,153.000,333.938,-7.250,-0.254,0.098,1.879,3.586,6.117,7.504,2.676,3.010,1.067,1.429,0,NULL,NULL,,3,0,2,7,255,1316,250,0,0
stim,158167,188288,0,188288,3385614.453,-0.678,-0.088,-0.023,-0.730,0,0,22,0,0,0,0,175,46,1.062,1,2210,0,357.086,6.615,133.750,331.000,-7.750,-0.199,-0.008,1.793,3.586,5.559,7.504,2.696,3.034,1.067,1.429,0,NULL,NULL,,3,0,2,7,255,1316,250,0,0
stim,158167,188288,0,188288,3385619.455,-0.678,-0.074,-0.018,-0.731,0,0,25,0,0,0,0,179,46,1.062,1,2210,0,350.008,5.019,121.625,328.125,-6.875,-0.188,-0.043,1.738,2.215,4.504,7.117,2.716,3.056,1.067,1.429,0,NULL,NULL,,3,0,2,7,255,1316,250,0,0
stim,158215,188336,0,188336,3385624.454,-0.678,-0.060,-0.012,-0.733,0,0,27,0,0,0,0,184,46,1.062,1,2210,0,343.536,4.169,112.875,324.313,-9.875,-0.176,-0.043,1.715,1.566,3.863,6.789,2.734,3.076,1.067,1.429,0,NULL,NULL,,3,0,2,7,255,1316,250,0,0
stim,158215,188336,0,188336,3385629.455,-0.677,-0.046,-0.005,-0.734,0,0,27,0,0,0,0,200,46,1.062,1,2210,0,336.180,3.533,103.000,319.875,-9.375,-0.148,-0.055,1.645,1.348,3.266,6.715,2.756,3.098,1.067,1.429,0,NULL,NULL,,3,0,2,7,255,1316,250,0,0
stim,158215,188336,0,188336,3385634.454,-0.677,-0.033,0.001,-0.735,0,0,27,0,0,0,0,204,46,1.062,1,2210,0,331.500,2.672,101.813,315.438,-5.063,-0.117,-0.156,1.547,0.953,2.496,6.141,2.778,3.124,1.067,1.429,0,NULL,NULL,,3,0,2,7,255,1316,250,0,0
stim,158215,188336,0,188336,3385639.455,-0.677,-0.020,0.007,-0.736,0,0,31,0,0,0,0,219,46,1.062,1,2210,0,329.651,1.854,110.875,310.438,2.188,-0.145,-0.168,1.508,-0.309,1.828,5.348,2.804,3.150,1.067,1.429,0,NULL,NULL,,3,0,2,7,255,1316,250,0,0
stim,158215,188336,0,188336,3385644.454,-0.677,-0.006,0.012,-0.736,0,0,27,0,0,0,0,221,46,1.062,1,2210,0,329.166,1.719,122.313,305.563,4.625,-0.176,-0.098,1.539,-0.309,1.691,5.336,2.830,3.180,1.067,1.429,0,NULL,NULL,,3,0,2,7,255,1316,250,0,0
stim,158215,188336,0,188336,3385649.455,-0.676,0.008,0.017,-0.736,0,0,30,0,0,0,0,223,46,1.062,1,2210,0,328.820,1.570,131.563,301.313,4.938,-0.172,-0.094,1.602,-0.191,1.559,5.336,2.862,3.212,1.067,1.429,0,NULL,NULL,,3,0,2,7,255,1316,250,0,0
stim,158215,188336,0,188336,3385654.453,-0.676,0.021,0.021,-0.736,0,0,33,0,0,0,0,215,46,1.062,1,2210,0,328.349,1.107,139.625,297.000,10.438,-0.168,-0.102,1.672,-0.191,1.090,5.953,2.894,3.246,1.067,1.429,0,NULL,NULL,,3,0,2,7,255,1316,250,0,0
stim,158215,188336,0,188336,3385659.455,-0.676,0.035,0.025,-0.736,0,0,29,0,0,0,0,217,46,1.062,1,2210,0,327.551,0.770,146.250,292.688,15.313,-0.191,-0.078,1.746,-0.461,0.617,6.684,2.926,3.278,1.067,1.429,0,NULL,NULL,,3,0,2,7,255,1316,250,0,0
stim,158215,188336,0,188336,3385664.453,-0.675,0.049,0.028,-0.735,0,0,27,0,0,0,0,215,46,1.062,1,2210,0,327.744,0.604,154.375,288.688,15.625,-0.184,-0.051,1.824,-0.477,0.371,7.414,2.956,3.312,1.067,1.429,0,NULL,NULL,,3,0,2,7,255,1316,250,0,0
stim,158215,188336,0,188336,3385669.455,-0.675,0.063,0.032,-0.735,0,0,29,0,0,0,0,217,46,1.062,1,2210,0,329.459,0.532,163.375,285.688,15.313,-0.121,-0.047,1.922,-0.488,-0.211,8.180,2.984,3.342,1.067,1.429,0,NULL,NULL,,3,0,2,7,255,1316,250,0,0
stim,158238,188359,0,188359,3385674.454,-0.674,0.077,0.034,-0.734,0,0,28,0,0,0,0,222,46,1.062,1,2210,0,331.708,1.601,170.438,283.938,19.000,-0.039,-0.066,2.020,-0.793,-1.391,8.992,3.010,3.368,1.067,1.429,0,NULL,NULL,,3,0,2,7,255,1316,250,0,0
stim,158238,188359,0,188359,3385679.455,-0.674,0.091,0.037,-0.732,0,0,29,0,0,0,0,224,46,1.062,1,2210,0,334.011,3.089,174.438,283.688,25.625,0.043,-0.070,2.094,-1.391,-2.758,9.754,3.030,3.392,1.067,1.429,0,NULL,NULL,,3,0,2,7,255,1316,250,0,0
stim,158238,188359,0,188359,3385684.454,-0.673,0.105,0.039,-0.731,0,0,29,0,0,0,0,229,46,1.062,1,2210,0,337.721,4.477,178.875,284.750,31.250,0.141,-0.016,2.145,-1.785,-4.105,10.246,3.048,3.410,1.067,1.429,0,NULL,NULL,,3,0,2,7,255,1316,250,0,0
stim,158238,188359,0,188359,3385689.455,-0.673,0.120,0.042,-0.729,0,0,30,0,0,0,0,231,46,1.062,1,2210,0,344.774,5.952,187.938,286.813,35.875,0.266,0.020,2.211,-1.875,-5.648,10.434,3.062,3.426,1.067,1.429,0,NULL,NULL,,3,0,2,7,255,1316,250,0,0
stim,158263,188384,0,188384,3385694.453,-0.672,0.135,0.044,-0.727,0,0,29,0,0,0,0,230,46,1.062,1,2210,0,352.828,7.763,197.938,288.875,43.125,0.406,-0.004,2.320,-1.988,-7.504,10.613,3.074,3.438,1.067,1.429,0,NULL,NULL,,3,0,2,7,255,1316,250,0,0
stim,158263,188384,0,188384,3385699.455,-0.672,0.150,0.046,-0.724,0,0,30,0,0,0,0,223,46,1.062,1,2210,0,358.127,9.968,201.813,291.063,53.000,0.520,-0.047,2.434,-2.801,-9.566,11.066,3.082,3.448,1.067,1.429,0,NULL,NULL,,3,0,2,7,255,1316,250,0,0
stim,158263,188384,0,188384,3385704.453,-0.671,0.165,0.048,-0.721,0,0,29,0,0,0,0,229,46,1.062,1,2210,0,359.951,12.009,199.375,292.750,64.125,0.602,-0.086,2.504,-3.793,-11.395,11.496,3.088,3.456,1.067,1.429,0,NULL,NULL,,3,0,2,7,255,1316,250,0,0
stim,158263,188384,0,188384,3385709.455,-0.671,0.181,0.050,-0.717,0,0,31,0,0,0,0,226,46,1.062,1,2210,0,360.255,13.685,195.563,293.063,75.188,0.656,-0.105,2.535,-4.715,-12.848,11.496,3.090,3.460,1.067,1.429,0,NULL,NULL,,3,0,2,7,255,1316,250,0,0
stim,158283,188404,0,188404,3385714.454,-0.671,0.195,0.052,-0.713,0,0,29,0,0,0,0,229,46,1.062,1,2210,0,357.059,14.914,188.938,291.188,83.688,0.691,-0.102,2.523,-5.340,-13.926,11.160,3.092,3.462,1.067,1.429,0,NULL,NULL,,3,0,2,7,255,1316,250,0,0
stim,158283,188404,0,188404,3385719.455,-0.672,0.210,0.054,-0.708,0,0,30,0,0,0,0,229,46,1.062,1,2210,0,351.695,15.777,182.688,287.313,88.125,0.711,-0.113,2.512,-5.629,-14.738,10.520,3.088,3.462,1.067,1.429,0,NULL,NULL,,3,0,2,7,255,1316,250,0,0
stim,158319,188440,0,188440,3385724.454,-0.672,0.224,0.056,-0.704,0,0,33,0,0,0,0,244,46,1.062,1,2210,0,343.357,16.503,176.938,280.375,89.313,0.762,-0.109,2.547,-6.035,-15.359,9.836,3.082,3.456,1.067,1.429,0,NULL,NULL,,3,0,2,7,255,1316,250,0,0
stim,158319,188440,0,188440,3385729.455,-0.672,0.237,0.058,-0.699,0,0,35,0,0,0,0,266,46,1.062,1,2210,0,328.262,17.600,162.500,272.063,85.625,0.871,-0.160,2.551,-6.352,-16.414,9.500,3.070,3.444,1.067,1.429,0,NULL,NULL,,3,0,2,7,255,1316,250,0,0
stim,158319,188440,0,188440,3385734.453,-0.672,0.250,0.061,-0.695,0,0,35,0,0,0,0,287,46,1.062,1,2210,0,310.999,19.169,143.938,262.875,83.063,0.996,-0.273,2.477,-7.074,-17.816,8.520,3.054,3.430,1.067,1.429,0,NULL,NULL,,3,0,2,7,255,1316,250,0,0
stim,158319,188440,0,188440,3385739.455,-0.672,0.262,0.064,-0.690,0,0,30,0,0,0,0,315,46,1.062,1,2210,0,294.366,20.645,126.188,252.250,84.250,1.094,-0.391,2.320,-8.121,-18.980,6.641,3.034,3.410,1.067,1.429,0,NULL,NULL,,3,0,2,7,255,1316,250,0,0
stim,158319,188440,0,188440,3385744.453,-0.672,0.272,0.066,-0.685,0,0,33,0,0,0,0,337,46,1.062,1,2210,0,278.984,21.115,114.750,239.688,84.938,1.145,-0.516,2.109,-8.941,-19.129,4.090,3.006,3.382,1.067,1.429,0,NULL,NULL,,3,0,2,7,255,1316,250,0,0
stim,158319,188440,0,188440,3385749.455,-0.672,0.283,0.069,-0.681,0,0,30,0,7,0,0,345,46,1.062,1,2210,0,264.280,21.416,112.250,225.375,80.313,1.180,-0.641,1.910,-9.629,-19.129,1.336,2.972,3.348,1.067,1.429,0,NULL,NULL,,3,0,2,7,255,1316,250,0,0
stim,158319,188440,0,188440,3385754.454,-0.672,0.293,0.071,-0.676,0,0,31,0,29,0,0,372,46,1.062,1,2210,0,250.867,21.663,117.188,208.750,75.000,1.297,-0.738,1.750,-10.320,-19.047,-1.258,2.932,3.308,1.067,1.429,0,NULL,NULL,,3,0,2,7,255,1316,250,0,0
stim,158319,188440,0,188440,3385759.455,-0.672,0.302,0.072,-0.672,0,0,30,0,55,0,0,398,46,1.062,1,2210,0,244.336,21.856,128.938,190.063,83.375,1.414,-0.773,1.711,-10.719,-19.047,-3.832,2.888,3.266,1.067,1.429,0,NULL,NULL,,3,0,2,7,255,1316,250,0,0
stim,158319,188440,0,188440,3385764.453,-0.672,0.311,0.072,-0.668,0,0,30,0,75,0,0,405,46,1.062,1,2210,0,223.390,22.692,123.938,171.000,72.813,1.438,-0.777,1.730,-10.844,-19.934,-5.254,2.838,3.216,1.067,1.429,0,NULL,NULL,,3,0,2,7,255,1316,250,0,0
stim,158319,188440,0,188440,3385769.455,-0.672,0.319,0.073,-0.665,0,0,31,0,89,0,0,453,46,1.062,1,2210,0,196.208,23.019,110.313,153.188,53.500,1.660,-0.727,1.660,-10.844,-20.305,-5.656,2.784,3.162,1.067,1.429,0,NULL,NULL,,3,0,2,7,255,1316,250,0,0
stim,158349,188470,0,188470,3385774.454,-0.671,0.326,0.073,-0.662,0,0,36,0,105,0,0,473,46,1.062,1,2210,0,178.042,24.188,101.313,136.813,52.125,2.102,-0.848,1.543,-10.188,-21.938,-7.574,2.726,3.104,1.067,1.429,0,NULL,NULL,,3,0,2,7,255,1316,250,0,0
stim,158349,188470,0,188470,3385779.455,-0.671,0.333,0.073,-0.658,0,0,27,0,108,0,0,484,46,1.062,1,2210,0,171.813,26.465,100.875,120.000,70.313,2.145,-1.043,1.410,-10.188,-24.426,-11.488,2.666,3.042,1.067,1.429,0,NULL,NULL,,3,0,2,7,255,1316,250,0,0
stim,158349,188470,0,188470,3385784.454,-0.671,0.339,0.072,-0.656,0,0,26,0,119,0,0,489,46,1.062,1,2210,0,164.026,26.974,116.000,103.625,52.063,2.176,-1.215,1.246,-11.445,-24.426,-13.699,2.600,2.976,1.067,1.429,0,NULL,NULL,,3,0,2,7,255,1316,250,0,0
stim,158349,188470,0,188470,3385789.455,-0.669,0.346,0.070,-0.654,0,0,28,0,125,0,0,501,46,1.062,1,2210,0,160.581,27.396,131.250,82.563,41.750,2.387,-1.309,1.266,-12.406,-24.426,-15.992,2.532,2.908,1.067,1.429,0,NULL,NULL,,3,0,2,7,255,1316,250,0,0
stim,158349,188470,0,188470,3385794.454,-0.669,0.352,0.067,-0.652,0,0,31,0,127,0,0,499,46,1.062,1,2210,0,159.054,28.454,136.750,61.063,53.563,2.500,-1.395,1.363,-12.980,-25.320,-17.609,2.464,2.838,1.067,1.429,0,NULL,NULL,,3,0,2,7,255,1316,250,0,0
stim,158349,188470,0,188470,3385799.455,-0.668,0.357,0.063,-0.649,0,0,28,0,132,0,0,495,46,1.062,1,2210,0,169.097,29.624,148.000,34.438,74.188,2.367,-1.465,1.488,-13.863,-26.180,-17.609,2.392,2.764,1.067,1.429,0,NULL,NULL,,3,0,2,7,255,1316,250,0,0
stim,158374,188495,0,188495,3385804.453,-0.668,0.362,0.058,-0.647,0,0,27,0,125,0,0,493,46,1.062,1,2210,0,167.389,30.623,142.875,6.063,87.000,2.148,-1.250,1.969,-15.047,-26.672,-17.000,2.316,2.688,1.067,1.429,0,NULL,NULL,,3,0,2,7,255,1316,250,0,0
stim,158374,188495,0,188495,3385809.455,-0.669,0.365,0.053,-0.645,0,0,31,0,108,0,0,493,46,1.062,1,2210,0,133.420,30.196,104.563,-19.938,80.438,1.777,-0.945,2.277,-15.047,-26.180,-11.707,2.240,2.610,1.067,1.429,0,NULL,NULL,,3,0,2,7,255,1316,250,0,0
stim,158374,188495,0,188495,3385814.453,-0.669,0.365,0.050,-0.645,0,0,29,0,87,0,0,491,46,1.062,1,2210,0,83.205,29.687,61.875,-43.688,34.438,1.406,-0.719,2.395,-14.027,-26.164,-6.391,2.162,2.532,1.067,1.429,0,NULL,NULL,,3,0,2,7,255,1316,250,0,0
stim,158374,188495,0,188495,3385819.455,-0.669,0.364,0.047,-0.646,0,0,28,0,45,0,0,491,46,1.062,1,2210,0,68.587,27.421,26.250,-61.938,-13.375,1.336,-0.754,2.316,-13.355,-23.949,-2.957,2.082,2.452,1.067,1.429,0,NULL,NULL,,3,0,2,7,255,1316,250,0,0
stim,158416,188538,0,188538,3385824.454,-0.669,0.361,0.046,-0.648,0,0,25,0,25,0,0,489,46,1.062,1,2210,0,86.404,27.259,-22.188,-79.813,-24.563,1.371,-0.543,2.441,-13.125,-23.891,-2.691,2.000,2.370,1.067,1.429,0,NULL,NULL,,3,0,2,7,255,1316,250,0,0
stim,158417,188538,0,188538,3385829.455,-0.669,0.356,0.046,-0.651,0,0,23,0,6,0,0,507,46,1.062,1,2210,0,127.762,25.771,-79.875,-93.875,-33.625,0.996,-0.336,2.223,-11.922,-22.848,-1.211,1.916,2.286,1.067,1.429,0,NULL,NULL,,3,0,2,7,255,1316,250,0,0
stim,158417,188538,0,188538,3385834.454,-0.670,0.350,0.046,-0.653,20,0,24,183,5,0,0,596,46,1.062,1,2210,0,156.654,23.056,-104.188,-105.938,-49.625,0.848,-0.711,2.289,-11.922,-19.734,0.207,1.830,2.198,1.067,1.429,0,NULL,NULL,,3,0,2,7,255,1316,250,0,0
stim,158417,188538,0,188538,3385839.455,-0.676,0.350,0.031,-0.648,611,0,11,985,0,72,0,605,46,1.062,1,2210,0,384.331,23.187,163.375,-209.875,277.438,-0.508,-0.215,4.570,-13.543,-18.820,0.289,1.736,2.104,1.067,1.429,0,NULL,NULL,,3,0,2,7,255,1316,250,0,0
stim,158417,188538,0,188538,3385844.453,-0.695,0.337,0.028,-0.635,1192,0,0,1489,0,339,0,621,46,1.062,1,2210,0,633.025,22.886,-319.938,-168.375,519.625,-1.313,3.063,4.539,-13.543,-18.449,26.125,1.636,2.004,1.067,1.429,0,NULL,NULL,,3,0,2,7,255,1316,250,0,0
stim,158417,188538,0,188538,3385849.455,-0.713,0.311,0.042,-0.627,1691,0,0,1847,0,540,0,699,46,1.062,1,2210,0,809.296,14.803,-758.313,-114.313,258.563,-1.973,3.023,1.172,8.813,-11.895,26.125,1.532,1.900,1.067,1.429,0,NULL,NULL,,3,0,2,7,255,1316,250,0,0
stim,158438,188559,0,188559,3385854.453,-0.723,0.290,0.053,-0.625,2041,0,0,1981,0,688,0,776,46,1.062,1,2210,0,597.165,19.302,-582.813,-112.813,64.875,-2.359,1.875,-1.078,15.012,12.133,19.078,1.424,1.792,1.067,1.429,0,NULL,NULL,,3,0,2,7,255,1316,250,0,0
stim,158438,188559,0,188559,3385859.455,-0.725,0.277,0.059,-0.627,2215,0,0,2092,0,885,0,841,46,1.062,1,2211,0,318.056,22.507,-293.563,-102.875,-66.313,-1.160,1.363,-1.262,15.012,16.770,-2.488,1.312,1.676,1.067,1.429,1,1292.000,-24.000,,3,0,2,7,255,1316,250,0,0
stim,158438,188559,0,188559,3385864.454,-0.724,0.273,0.057,-0.631,2359,0,0,2160,0,1021,0,937,46,1.062,1,2211,0,140.372,21.319,-34.125,-116.375,-70.688,0.156,0.770,0.266,13.164,16.770,-6.004,1.198,1.560,1.067,1.429,1,NULL,NULL,,3,0,2,7,255,1316,250,0,0
stim,158438,188559,0,188559,3385869.455,-0.727,0.268,0.054,-0.630,2472,0,0,2228,0,1221,0,1021,46,1.062,1,2211,0,146.003,9.590,-49.438,-122.938,61.313,0.441,1.266,1.441,9.359,-2.090,-6.004,1.082,1.440,1.067,1.429,1,NULL,NULL,,3,0,2,7,255,1316,250,0,0
stim,158438,188559,0,188559,3385874.454,-0.733,0.260,0.053,-0.627,2617,0,0,2437,0,1288,0,1065,46,1.062,1,2211,0,250.114,9.838,-167.813,-124.250,137.688,-0.332,1.648,1.691,9.359,-3.031,4.188,0.970,1.320,1.067,1.429,1,NULL,NULL,,3,0,2,7,255,1316,250,0,0
stim,158438,188559,0,188559,3385879.455,-0.739,0.248,0.055,-0.624,2749,0,0,2611,0,1305,0,1110,46,1.062,1,2211,0,325.192,9.838,-282.375,-125.750,101.000,-1.410,0.645,1.195,9.359,-3.031,7.605,0.860,1.200,1.067,1.429,2,NULL,NULL,,3,0,2,7,255,1316,250,0,0
stim,158438,188559,0,188559,3385884.453,-0.745,0.232,0.059,-0.622,2831,0,0,2732,0,1309,0,1207,46,1.062,1,2211,0,396.140,7.972,-353.750,-165.500,66.313,-1.957,-1.164,0.262,0.652,7.945,7.605,0.758,1.084,1.067,1.429,2,NULL,NULL,,3,0,2,7,255,1316,250,0,0
stim,158438,188559,0,188559,3385889.455,-0.746,0.219,0.062,-0.626,2911,0,0,2833,0,1305,0,1321,46,1.062,1,2211,0,317.704,18.265,-260.625,-161.813,-82.625,-1.270,-1.297,-0.469,-14.281,11.387,-3.055,0.664,0.970,1.067,1.429,2,NULL,NULL,,3,0,2,7,255,1316,250,0,0
stim,158474,188595,0,188595,3385894.453,-0.744,0.212,0.059,-0.631,2973,0,0,2919,0,1255,0,1385,46,1.062,1,2211,0,218.656,18.265,-66.000,-168.938,-122.125,-0.102,-0.676,-0.012,-14.281,11.387,-10.984,0.580,0.862,1.067,1.429,2,NULL,NULL,,3,0,2,7,255,1316,250,0,0
stim,158474,188595,0,188595,3385899.455,-0.742,0.209,0.053,-0.635,3005,0,0,2980,0,1229,0,1437,46,1.062,1,2211,0,183.941,6.676,55.375,-155.813,-80.563,0.500,-0.453,1.313,-6.676,0.070,-10.984,0.516,0.762,1.067,1.429,2,NULL,NULL,,3,0,2,7,255,1316,250,0,0
stim,158474,188595,0,188595,3385904.454,-0.741,0.205,0.049,-0.637,3029,0,0,3035,0,1229,0,1453,46,1.062,1,2211,0,134.049,11.955,7.688,-130.813,-28.250,0.660,-0.730,2.246,-6.676,-9.918,-0.688,0.466,0.666,1.067,1.429,2,NULL,NULL,,3,0,2,7,255,1316,250,0,0
stim,158474,188595,0,188595,3385909.455,-0.744,0.198,0.048,-0.637,3053,0,0,3079,0,1259,0,1459,46,1.062,1,2211,0,178.368,16.410,-126.375,-122.563,28.688,0.605,-0.809,2.012,-9.352,-13.484,4.871,0.432,0.576,1.067,1.429,2,NULL,NULL,,3,0,2,7,255,1316,250,0,0
stim,158474,188595,0,188595,3385914.454,-0.748,0.188,0.049,-0.634,3064,0,0,3101,0,1344,0,1465,46,1.062,1,2211,0,261.203,16.410,-214.563,-113.000,97.063,0.230,-0.738,1.016,-9.352,-13.484,4.871,0.414,0.492,1.067,1.429,2,NULL,NULL,,3,0,2,7,255,1316,250,0,0
stim,158474,188595,0,188595,3385919.455,-0.754,0.179,0.050,-0.630,3077,0,0,3124,0,1446,0,1479,46,1.062,1,2211,0,264.426,10.439,-194.625,-115.875,136.438,-0.398,-0.730,0.285,-8.156,-6.516,-2.629,0.422,0.414,1.067,1.429,2,NULL,NULL,,3,0,2,7,255,1316,250,0,0
stim,158518,188639,0,188639,3385924.454,-0.758,0.172,0.048,-0.627,3100,0,0,3151,0,1523,0,1529,46,1.062,1,2211,0,201.621,8.188,-106.875,-127.688,113.688,-0.879,-0.570,0.250,-8.031,1.594,-5.988,0.446,0.360,1.067,1.429,2,NULL,NULL,,3,0,2,7,255,1316,250,0,0
stim,158518,188639,0,188639,3385929.455,-0.760,0.168,0.044,-0.626,3103,0,0,3159,0,1655,0,1588,46,1.062,1,2211,0,145.239,8.682,-32.688,-134.438,44.188,-0.766,-0.180,0.836,-7.609,4.180,-5.988,0.476,0.332,1.067,1.429,2,NULL,NULL,,3,0,2,7,255,1316,250,0,0
stim,158518,188639,0,188639,3385934.453,-0.760,0.163,0.041,-0.627,3101,0,0,3167,0,1772,0,1661,46,1.062,1,2211,0,132.385,6.003,-23.313,-129.500,-14.563,-0.363,0.164,1.348,-4.309,4.180,-0.289,0.502,0.348,1.067,1.429,2,NULL,NULL,,3,0,2,7,255,1316,250,0,0
stim,158518,188639,0,188639,3385939.455,-0.760,0.158,0.038,-0.629,3107,0,0,3177,0,1867,0,1725,46,1.062,1,2211,0,139.381,0.819,-63.250,-121.750,-24.563,0.109,0.125,1.422,-0.750,-0.328,3.379,0.516,0.398,1.067,1.429,2,NULL,NULL,,3,0,2,7,255,1316,250,0,0
stim,158518,188639,0,188639,3385944.454,-0.761,0.151,0.037,-0.629,3109,0,0,3181,0,1963,12,1772,46,1.062,1,2211,0,149.871,4.871,-99.313,-112.125,5.125,0.172,-0.270,1.176,-0.750,-4.813,3.379,0.526,0.448,1.067,1.429,2,NULL,NULL,,3,0,2,7,255,1316,250,0,0
stim,158518,188639,0,188639,3385949.455,-0.763,0.145,0.037,-0.629,3125,0,0,3189,7,2039,31,1788,46,1.062,1,2211,0,156.603,5.955,-110.750,-107.250,27.500,0.000,-0.617,0.977,-3.508,-4.813,0.379,0.534,0.490,1.067,1.429,2,NULL,NULL,,3,0,2,7,255,1316,250,0,0
stim,158518,188639,0,188639,3385954.454,-0.765,0.139,0.035,-0.628,3117,0,0,3189,77,2107,73,1817,46,1.062,1,2211,0,141.056,7.687,-88.938,-103.375,36.063,-0.059,-0.625,0.664,-6.766,-3.648,-1.508,0.538,0.516,1.067,1.429,2,NULL,NULL,,3,0,2,7,255,1316,250,0,0
stim,158518,188639,0,188639,3385959.455,-0.766,0.135,0.033,-0.627,3116,0,0,3188,174,2188,98,1869,46,1.062,1,2211,0,117.380,7.130,-40.188,-104.438,35.438,-0.121,-0.309,0.715,-6.766,-2.250,-3.191,0.522,0.526,1.067,1.429,2,NULL,NULL,,3,0,2,7,255,1316,250,0,0
stim,158518,188639,0,188639,3385964.453,-0.768,0.131,0.030,-0.627,3119,0,0,3183,408,2249,222,1959,46,1.062,1,2211,0,110.166,4.111,-20.750,-104.625,27.563,-0.133,-0.027,1.070,-3.898,-1.305,-3.191,0.492,0.530,1.067,1.429,2,NULL,NULL,,3,0,2,7,255,1316,250,0,0
stim,158518,188639,0,188639,3385969.455,-0.768,0.128,0.027,-0.627,3124,0,0,3189,564,2288,251,2057,46,1.062,1,2211,0,87.623,2.039,-12.375,-85.875,12.250,0.027,0.203,1.605,-1.566,-1.305,0.578,0.450,0.526,1.067,1.429,2,NULL,NULL,,3,0,2,7,255,1316,250,0,0
stim,158539,188660,0,188660,3385974.454,-0.768,0.126,0.026,-0.627,3127,0,0,3195,755,2329,255,2111,46,1.062,1,2211,0,52.071,3.530,-24.000,-43.938,-14.313,0.332,0.410,1.500,0.516,-3.492,4.359,0.406,0.510,1.067,1.429,2,NULL,NULL,,3,0,2,7,255,1316,250,0,0
stim,158539,188660,0,188660,3385979.455,-0.768,0.124,0.026,-0.627,3119,0,0,3183,876,2359,264,2151,46,1.062,1,2211,0,51.691,5.916,-29.313,-42.563,-1.063,0.418,0.828,1.180,3.234,-4.953,4.359,0.370,0.470,1.067,1.429,2,NULL,NULL,,3,0,2,7,255,1316,250,0,0
stim,158539,188660,0,188660,3385984.454,-0.768,0.123,0.025,-0.628,3119,0,0,3187,953,2373,263,2191,46,1.062,1,2211,0,30.814,6.793,-14.500,-26.938,-3.688,0.000,0.617,1.363,4.648,-4.953,3.961,0.346,0.416,1.067,1.429,2,NULL,NULL,,3,0,2,7,255,1316,250,0,0
stim,158539,188660,0,188660,3385989.455,-0.768,0.120,0.026,-0.629,3119,0,0,3189,1042,2391,263,2226,46,1.062,1,2211,0,75.390,4.985,-64.125,-18.500,-35.063,-0.391,0.113,1.359,4.648,-1.801,3.961,0.332,0.348,1.067,1.429,2,NULL,NULL,,3,0,2,7,255,1316,250,0,0
stim,158565,188686,0,188686,3385994.454,-0.766,0.117,0.029,-0.631,3119,8,0,3189,1127,2407,260,2257,46,1.062,1,2211,0,112.429,0.482,-86.063,-14.500,-70.875,-0.203,0.164,0.922,0.414,0.246,3.961,0.332,0.288,1.067,1.429,2,NULL,NULL,,3,0,2,7,255,1316,250,0,0
stim,158565,188686,0,188686,3385999.455,-0.764,0.115,0.030,-0.634,3123,21,0,3190,1177,2420,255,2290,46,1.062,1,2211,0,98.235,0.482,-54.563,-11.500,-80.875,0.023,0.227,0.879,0.414,0.246,-0.445,0.328,0.250,1.067,1.429,2,NULL,NULL,,3,0,2,7,255,1316,250,0,0
stim,158565,188686,0,188686,3386004.453,-0.763,0.113,0.031,-0.636,3123,52,0,3193,1256,2431,263,2324,46,1.062,1,2211,0,74.888,2.030,-38.688,-9.750,-63.375,0.117,0.176,1.039,1.156,-1.668,-0.445,0.320,0.228,1.067,1.429,2,NULL,NULL,,3,0,2,7,255,1316,250,0,0
stim,158565,188686,0,188686,3386009.455,-0.762,0.111,0.032,-0.637,3123,61,0,3193,1323,2451,269,2345,46,1.062,1,2211,0,62.580,2.526,-48.250,-9.563,-38.688,0.031,0.156,1.070,1.156,-2.246,0.090,0.312,0.220,1.067,1.429,2,NULL,NULL,,3,0,2,7,255,1316,250,0,0
stim,158584,188705,0,188705,3386014.453,-0.761,0.109,0.033,-0.638,3125,75,0,3206,1399,2469,263,2377,46,1.062,1,2211,0,65.705,2.387,-57.375,-6.688,-31.313,-0.074,0.164,1.008,0.809,-2.246,0.141,0.314,0.214,1.067,1.429,2,NULL,NULL,,3,0,2,7,255,1316,250,0,0
stim,158584,188705,0,188705,3386019.455,-0.761,0.107,0.034,-0.639,3125,104,0,3199,1471,2477,261,2392,46,1.062,1,2211,0,65.224,1.340,-51.250,-4.188,-40.125,-0.121,0.121,0.957,0.785,-1.086,0.141,0.322,0.202,1.067,1.429,2,NULL,NULL,,3,0,2,7,255,1316,250,0,0
stim,158616,188737,0,188737,3386024.454,-0.759,0.105,0.035,-0.641,3127,135,2,3207,1519,2503,262,2407,46,1.062,1,2211,0,60.887,1.149,-37.875,-2.125,-47.625,-0.078,0.086,0.965,0.375,-1.086,-0.316,0.334,0.188,1.067,1.429,2,NULL,NULL,,3,0,2,7,255,1316,250,0,0
stim,158616,188737,0,188737,3386029.455,-0.758,0.104,0.036,-0.642,3125,163,5,3209,1562,2504,271,2421,46,1.062,1,2211,0,53.296,1.108,-31.125,-1.063,-43.250,-0.039,0.070,1.039,0.117,-1.102,-0.316,0.350,0.174,1.067,1.429,2,NULL,NULL,,3,0,2,7,255,1316,250,0,0
stim,158616,188737,0,188737,3386034.454,-0.758,0.103,0.037,-0.643,3127,199,7,3209,1582,2513,279,2429,46,1.062,1,2211,0,46.428,1.313,-33.875,-0.125,-31.750,-0.074,0.051,1.047,0.051,-1.313,0.270,0.366,0.160,1.067,1.429,2,NULL,NULL,,3,0,2,7,255,1316,250,0,0
stim,158616,188737,0,188737,3386039.455,-0.757,0.101,0.038,-0.644,3128,220,17,3211,1611,2521,279,2447,46,1.062,1,2211,0,43.959,1.325,-33.938,0.375,-27.938,-0.145,0.035,1.008,-0.180,-1.313,0.270,0.384,0.146,1.067,1.429,2,NULL,NULL,,3,0,2,7,255,1316,250,0,0
stim,158616,188737,0,188737,3386044.454,-0.756,0.100,0.039,-0.645,3128,234,57,3212,1639,2524,285,2457,46,1.062,1,2211,0,44.318,0.702,-29.438,0.500,-33.125,-0.172,0.031,0.988,-0.387,-0.586,0.172,0.402,0.130,1.067,1.429,2,NULL,NULL,,3,0,2,7,255,1316,250,0,0
stim,158616,188737,0,188737,3386049.455,-0.755,0.099,0.040,-0.647,3127,253,83,3213,1668,2527,286,2461,46,1.062,1,2211,0,44.871,0.746,-24.438,0.750,-37.625,-0.145,-0.035,0.980,-0.461,-0.586,0.023,0.422,0.112,1.067,1.429,2,NULL,NULL,,3,0,2,7,255,1316,250,0,0
stim,158616,188737,0,188737,3386054.453,-0.754,0.098,0.041,-0.648,3123,265,117,3212,1693,2530,287,2469,46,1.062,1,2211,0,39.124,1.204,-21.688,0.188,-32.563,-0.098,-0.152,0.957,-1.012,-0.652,-0.164,0.442,0.092,1.067,1.429,2,NULL,NULL,,3,0,2,7,255,1316,250,0,0
stim,158616,188737,0,188737,3386059.455,-0.754,0.097,0.042,-0.648,3119,265,134,3213,1710,2533,287,2472,46,1.062,1,2211,0,29.069,2.352,-18.375,-1.063,-22.500,-0.098,-0.184,0.953,-2.027,-1.191,-0.543,0.456,0.080,1.067,1.429,2,NULL,NULL,,3,0,2,7,255,1316,250,0,0
stim,158616,188737,0,188737,3386064.453,-0.754,0.097,0.042,-0.649,3117,265,137,3210,1735,2531,295,2471,46,1.062,1,2211,0,20.552,2.619,-18.688,-3.188,-7.938,-0.105,-0.215,0.949,-2.332,-1.191,-0.574,0.466,0.074,1.067,1.429,2,NULL,NULL,,3,0,2,7,255,1316,250,0,0
stim,158616,188737,0,188737,3386069.455,-0.754,0.096,0.042,-0.649,3116,265,139,3211,1755,2533,297,2479,46,1.062,1,2211,0,17.115,2.612,-16.563,-4.313,-0.063,-0.184,-0.160,0.926,-2.332,-1.176,-0.633,0.474,0.072,1.067,1.429,2,NULL,NULL,,3,0,2,7,255,1316,250,0,0
stim,158651,188772,0,188772,3386074.454,-0.754,0.095,0.043,-0.649,3115,264,167,3207,1771,2532,299,2483,46,1.062,1,2211,0,11.181,2.213,-8.938,-4.688,-4.813,-0.215,-0.070,0.945,-2.188,-0.336,-0.633,0.482,0.068,1.067,1.429,2,NULL,NULL,,3,0,2,7,255,1316,250,0,0
stim,158651,188772,0,188772,3386079.455,-0.754,0.095,0.043,-0.649,3111,262,213,3206,1787,2532,305,2485,46,1.080,1,2211,1,12.733,1.381,-5.125,-5.188,-10.438,-0.168,-0.016,0.984,-1.340,-0.336,-0.387,0.000,0.000,1.012,1.382,2,NULL,NULL,,3,0,2,7,255,1316,250,0,0
stim,158651,188772,0,188772,3386084.454,-0.753,0.094,0.043,-0.649,3104,261,237,3195,1805,2551,295,2487,46,1.080,1,2211,1,11.948,0.963,-7.500,-6.125,-7.000,-0.125,-0.035,1.000,-0.891,-0.367,-0.047,0.010,0.008,1.012,1.382,2,NULL,NULL,,3,0,2,7,255,1316,250,0,0
stim,158651,188772,0,188772,3386089.455,-0.753,0.094,0.043,-0.649,3099,251,251,3195,1818,2531,295,2491,46,1.080,1,2211,1,10.590,1.077,-8.125,-6.625,-1.500,-0.141,-0.051,0.965,-0.891,-0.605,-0.047,0.018,0.016,1.012,1.382,2,NULL,NULL,,3,0,2,7,255,1316,250,0,0
stim,158651,188772,0,188772,3386094.453,-0.753,0.093,0.043,-0.650,3099,247,276,3189,1831,2531,299,2491,46,1.080,1,2211,1,8.029,1.077,-3.188,-7.188,-1.625,-0.160,-0.016,0.949,-0.891,-0.605,-0.293,0.024,0.024,1.012,1.382,2,NULL,NULL,,3,0,2,7,255,1316,250,0,0
stim,158651,188772,0,188772,3386099.455,-0.753,0.093,0.042,-0.650,3093,242,287,3182,1839,2537,299,2495,46,1.080,1,2211,1,8.566,0.822,1.750,-7.500,-3.750,-0.152,0.023,0.984,-0.715,-0.406,-0.293,0.032,0.028,1.012,1.382,2,NULL,NULL,,3,0,2,7,255,1316,250,0,0
stim,158674,188795,0,188795,3386104.453,-0.753,0.093,0.042,-0.650,3087,236,299,3175,1848,2526,295,2502,46,1.080,1,2211,1,8.579,0.537,1.938,-7.438,-3.813,-0.152,0.055,1.016,-0.352,-0.406,-0.074,0.038,0.034,1.012,1.382,2,NULL,NULL,,3,0,2,7,255,1316,250,0,0
stim,158674,188795,0,188795,3386109.455,-0.753,0.093,0.042,-0.650,3083,223,303,3167,1862,2525,294,2505,46,1.080,1,2211,1,9.377,0.409,0.188,-7.500,-5.625,-0.168,0.094,1.023,-0.043,-0.406,0.258,0.040,0.036,1.012,1.382,2,NULL,NULL,,3,0,2,7,255,1316,250,0,0
stim,158674,188795,0,188795,3386114.454,-0.753,0.092,0.042,-0.650,3067,223,318,3158,1871,2527,299,2507,46,1.080,1,2211,1,11.580,0.386,0.125,-7.438,-8.875,-0.164,0.105,1.012,0.297,-0.246,0.285,0.044,0.038,1.012,1.382,2,NULL,NULL,,3,0,2,7,255,1316,250,0,0
stim,158674,188795,0,188795,3386119.455,-0.753,0.092,0.041,-0.651,3063,219,365,3147,1891,2529,299,2517,46,1.080,1,2211,1,12.663,0.386,-0.063,-7.688,-10.063,-0.164,0.082,1.016,0.297,-0.246,0.285,0.046,0.038,1.012,1.382,2,NULL,NULL,,3,0,2,7,255,1316,250,0,0
stim,158722,188843,0,188843,3386124.454,-0.752,0.092,0.041,-0.651,3055,217,397,3141,1903,2523,313,2530,46,1.080,1,2211,1,12.846,0.307,-1.500,-8.375,-9.625,-0.180,0.070,1.008,0.215,-0.219,0.277,0.046,0.038,1.012,1.382,2,NULL,NULL,,3,0,2,7,255,1316,250,0,0
stim,158722,188843,0,188843,3386129.455,-0.752,0.092,0.041,-0.651,3037,219,436,3123,1939,2517,335,2523,46,1.080,1,2211,1,14.226,0.251,-1.750,-9.438,-10.500,-0.195,0.090,0.996,0.215,-0.129,0.246,0.044,0.036,1.012,1.382,2,NULL,NULL,,3,0,2,7,255,1316,250,0,0
stim,158722,188843,0,188843,3386134.453,-0.752,0.091,0.040,-0.652,3032,216,475,3123,1963,2523,335,2535,46,1.080,1,2211,1,16.485,0.257,-0.125,-11.625,-11.688,-0.219,0.129,1.000,0.242,0.086,0.246,0.042,0.032,1.012,1.382,2,NULL,NULL,,3,0,2,7,255,1316,250,0,0
stim,158722,188843,0,188843,3386139.455,-0.751,0.091,0.040,-0.652,3007,219,567,3105,1990,2521,360,2543,46,1.080,1,2211,1,21.104,0.657,1.438,-13.000,-16.563,-0.207,0.211,1.035,0.578,0.313,0.273,0.040,0.030,1.012,1.382,2,NULL,NULL,,3,0,2,7,255,1316,250,0,0
stim,158722,188843,0,188843,3386144.453,-0.751,0.091,0.039,-0.653,2985,219,649,3087,2022,2507,384,2557,46,1.080,1,2211,1,24.389,1.421,0.000,-13.500,-20.313,-0.141,0.262,1.066,1.387,0.313,0.633,0.038,0.026,1.012,1.382,2,NULL,NULL,,3,0,2,7,255,1316,250,0,0
stim,158722,188843,0,188843,3386149.455,-0.750,0.090,0.039,-0.654,2980,219,687,3078,2053,2511,407,2557,46,1.080,1,2211,1,22.421,1.640,-6.188,-13.000,-17.188,-0.090,0.219,1.078,1.613,-0.293,0.836,0.034,0.022,1.012,1.382,2,NULL,NULL,,3,0,2,7,255,1316,250,0,0
stim,158722,188843,0,188843,3386154.453,-0.750,0.089,0.039,-0.654,2953,235,717,3057,2075,2505,411,2572,46,1.080,1,2211,1,21.607,1.781,-13.313,-12.313,-11.750,-0.102,0.148,1.043,1.613,-0.754,0.836,0.032,0.018,1.012,1.382,2,NULL,NULL,,3,0,2,7,255,1316,250,0,0
stim,158722,188843,0,188843,3386159.455,-0.750,0.089,0.039,-0.654,2935,250,759,3037,2108,2503,416,2580,46,1.080,1,2211,1,22.295,1.206,-14.813,-11.625,-11.938,-0.133,0.125,0.988,0.941,-0.754,0.504,0.028,0.014,1.012,1.382,2,NULL,NULL,,3,0,2,7,255,1316,250,0,0
stim,158722,188843,0,188843,3386164.454,-0.750,0.088,0.039,-0.655,2918,260,841,3031,2151,2515,429,2597,46,1.080,1,2211,1,21.951,0.770,-10.750,-11.313,-15.438,-0.129,0.113,0.965,0.668,-0.383,-0.008,0.028,0.014,1.012,1.382,2,NULL,NULL,,3,0,2,7,255,1316,250,0,0
stim,158722,188843,0,188843,3386169.455,-0.749,0.087,0.038,-0.656,2895,262,905,3008,2213,2503,499,2603,46,1.080,1,2211,1,21.644,0.706,-7.438,-10.750,-17.250,-0.113,0.090,0.984,0.594,-0.383,-0.105,0.028,0.016,1.012,1.382,2,NULL,NULL,,3,0,2,7,255,1316,250,0,0
stim,158740,188861,0,188861,3386174.454,-0.749,0.087,0.038,-0.656,2876,263,987,3011,2245,2493,563,2611,46,1.080,1,2211,1,20.688,0.692,-7.813,-10.438,-16.063,-0.113,0.090,0.996,0.387,-0.574,-0.105,0.032,0.020,1.012,1.382,2,NULL,NULL,,3,0,2,7,255,1316,250,0,0
stim,158740,188861,0,188861,3386179.455,-0.748,0.086,0.038,-0.657,2862,265,1077,2999,2272,2496,630,2624,46,1.080,1,2211,1,21.872,0.692,-9.375,-9.750,-17.188,-0.141,0.105,1.000,0.387,-0.574,0.035,0.036,0.024,1.012,1.382,2,NULL,NULL,,3,0,2,7,255,1316,250,0,0
stim,158740,188861,0,188861,3386184.453,-0.748,0.085,0.038,-0.657,2837,279,1165,2985,2313,2495,725,2641,46,1.080,1,2211,1,25.513,0.500,-12.063,-9.500,-20.375,-0.156,0.082,1.000,0.387,-0.316,0.117,0.040,0.026,1.012,1.382,2,NULL,NULL,,3,0,2,7,255,1316,250,0,0
stim,158740,188861,0,188861,3386189.455,-0.747,0.085,0.038,-0.658,2807,277,1236,2965,2357,2495,807,2641,46,1.080,1,2211,1,30.434,0.345,-15.000,-9.250,-24.813,-0.160,0.039,0.988,0.289,-0.188,0.117,0.042,0.030,1.012,1.382,2,NULL,NULL,,3,0,2,7,255,1316,250,0,0
stim,158767,188888,0,188888,3386194.453,-0.746,0.084,0.039,-0.659,2796,299,1321,2950,2375,2503,907,2653,46,1.080,1,2211,1,34.069,0.244,-17.063,-9.438,-27.938,-0.156,-0.008,0.973,-0.156,-0.188,0.012,0.044,0.030,1.012,1.382,2,NULL,NULL,,3,0,2,7,255,1316,250,0,0
stim,158767,188888,0,188888,3386199.455,-0.746,0.083,0.039,-0.660,2767,317,1399,2941,2403,2505,967,2671,46,1.080,1,2211,1,36.030,0.595,-17.938,-9.938,-29.625,-0.152,-0.027,0.961,-0.547,-0.234,-0.172,0.046,0.032,1.012,1.382,2,NULL,NULL,,3,0,2,7,255,1316,250,0,0
stim,158767,188888,0,188888,3386204.454,-0.745,0.081,0.039,-0.661,2747,327,1501,2924,2425,2508,1053,2670,46,1.080,1,2211,1,37.827,0.785,-19.500,-10.438,-30.688,-0.152,-0.043,0.965,-0.738,-0.266,-0.285,0.046,0.032,1.012,1.382,2,NULL,NULL,,3,0,2,7,255,1316,250,0,0
stim,158767,188888,0,188888,3386209.455,-0.744,0.080,0.040,-0.662,2733,341,1573,2919,2461,2509,1135,2687,46,1.080,1,2211,1,38.646,0.894,-20.563,-11.188,-30.750,-0.145,-0.059,0.953,-0.852,-0.273,-0.285,0.046,0.032,1.012,1.382,2,NULL,NULL,,3,0,2,7,255,1316,250,0,0
stim,158767,188888,0,188888,3386214.453,-0.743,0.079,0.040,-0.663,2701,363,1671,2899,2485,2507,1207,2687,46,1.080,1,2211,1,38.067,1.012,-21.438,-12.188,-29.000,-0.148,-0.066,0.961,-0.965,-0.305,-0.332,0.046,0.032,1.012,1.382,2,NULL,NULL,,3,0,2,7,255,1316,250,0,0
stim,158767,188888,0,188888,3386219.455,-0.743,0.078,0.041,-0.664,2667,371,1765,2887,2517,2504,1323,2702,46,1.080,1,2211,1,37.555,1.012,-21.500,-12.813,-28.000,-0.148,-0.047,0.953,-0.965,-0.305,-0.387,0.046,0.032,1.012,1.382,2,NULL,NULL,,3,0,2,7,255,1316,250,0,0
stim,158816,188937,0,188937,3386224.454,-0.742,0.077,0.041,-0.665,2647,402,1833,2883,2534,2509,1389,2717,46,1.080,1,2211,1,34.544,0.871,-17.938,-14.438,-25.750,-0.148,-0.020,0.945,-0.840,-0.230,-0.395,0.046,0.032,1.012,1.382,2,NULL,NULL,,3,0,2,7,255,1316,250,0,0
stim,158816,188937,0,188937,3386229.455,-0.741,0.076,0.041,-0.666,2609,435,1926,2861,2579,2515,1482,2734,46,1.080,1,2211,1,32.070,0.574,-14.188,-15.563,-24.188,-0.160,0.027,0.973,-0.543,-0.188,-0.395,0.046,0.032,1.012,1.382,2,NULL,NULL,,3,0,2,7,255,1316,250,0,0
stim,158816,188937,0,188937,3386234.454,-0.741,0.075,0.040,-0.666,2551,436,2005,2837,2599,2515,1567,2739,46,1.080,1,2211,1,34.211,0.141,-12.438,-16.000,-27.563,-0.156,0.082,1.016,-0.094,-0.105,-0.141,0.046,0.034,1.012,1.382,2,NULL,NULL,,3,0,2,7,255,1316,250,0,0
stim,158816,188937,0,188937,3386239.455,-0.740,0.074,0.040,-0.667,2521,459,2100,2815,2613,2519,1644,2748,46,1.080,1,2211,1,38.355,0.469,-15.063,-15.750,-31.563,-0.121,0.086,1.043,0.457,-0.105,0.289,0.046,0.034,1.012,1.382,2,NULL,NULL,,3,0,2,7,255,1316,250,0,0
stim,158816,188937,0,188937,3386244.454,-0.739,0.073,0.040,-0.668,2469,475,2159,2796,2641,2517,1696,2758,46,1.080,1,2211,1,40.471,0.644,-20.063,-14.813,-31.875,-0.086,0.047,1.035,0.457,-0.453,0.348,0.048,0.034,1.012,1.382,2,NULL,NULL,,3,0,2,7,255,1316,250,0,0
stim,158816,188937,0,188937,3386249.455,-0.738,0.071,0.041,-0.669,2439,490,2219,2799,2657,2521,1787,2779,46,1.080,1,2211,1,41.256,0.810,-25.188,-14.688,-29.188,-0.090,-0.020,1.020,0.215,-0.781,0.348,0.050,0.034,1.012,1.382,2,NULL,NULL,,3,0,2,7,255,1316,250,0,0
stim,158816,188937,0,188937,3386254.453,-0.738,0.070,0.041,-0.670,2399,505,2285,2767,2680,2517,1865,2787,46,1.080,1,2211,1,41.900,0.888,-28.563,-14.750,-26.875,-0.113,-0.063,1.000,-0.422,-0.781,0.172,0.052,0.032,1.012,1.382,2,NULL,NULL,,3,0,2,7,255,1316,250,0,0
stim,158816,188937,0,188937,3386259.455,-0.737,0.068,0.042,-0.671,2351,525,2332,2736,2707,2523,1935,2796,46,1.080,1,2211,1,44.001,0.829,-30.563,-15.000,-27.875,-0.133,-0.043,1.004,-0.605,-0.566,0.117,0.054,0.032,1.012,1.382,2,NULL,NULL,,3,0,2,7,255,1316,250,0,0
stim,158816,188937,0,188937,3386264.453,-0.736,0.066,0.042,-0.672,2287,535,2381,2715,2712,2518,1981,2799,46,1.080,1,2211,1,46.987,0.685,-31.750,-14.938,-31.250,-0.129,0.000,1.000,-0.605,-0.320,0.074,0.058,0.032,1.012,1.382,2,NULL,NULL,,3,0,2,7,255,1316,250,0,0
stim,158816,188937,0,188937,3386269.455,-0.735,0.065,0.043,-0.673,2231,541,2451,2695,2727,2520,2043,2814,46,1.080,1,2211,1,46.453,0.362,-30.438,-14.813,-31.813,-0.094,0.023,0.984,-0.168,-0.320,0.074,0.060,0.032,1.012,1.382,2,NULL,NULL,,3,0,2,7,255,1316,250,0,0
stim,158839,188960,0,188960,3386274.454,-0.735,0.064,0.043,-0.674,2171,558,2489,2663,2757,2521,2103,2816,46,1.080,1,2211,1,41.313,0.610,-26.813,-14.875,-27.688,-0.090,0.012,0.977,0.027,-0.609,-0.129,0.064,0.032,1.012,1.382,2,NULL,NULL,,3,0,2,7,255,1316,250,0,0
stim,158839,188960,0,188960,3386279.455,-0.734,0.062,0.043,-0.675,2111,571,2527,2634,2769,2529,2142,2827,46,1.080,1,2211,1,36.793,0.610,-23.625,-15.313,-23.688,-0.113,-0.004,0.992,0.027,-0.609,-0.129,0.066,0.030,1.012,1.382,2,NULL,NULL,,3,0,2,7,255,1316,250,0,0
stim,158839,188960,0,188960,3386284.454,-0.734,0.061,0.043,-0.675,2039,571,2579,2600,2777,2522,2184,2838,46,1.080,1,2211,1,36.924,0.400,-23.563,-15.813,-23.625,-0.145,-0.004,1.008,-0.102,-0.387,-0.039,0.068,0.030,1.012,1.382,2,NULL,NULL,,3,0,2,7,255,1316,250,0,0
stim,158839,188960,0,188960,3386289.455,-0.733,0.060,0.044,-0.676,1976,574,2607,2559,2791,2529,2237,2855,46,1.080,1,2211,1,40.449,0.190,-25.688,-15.938,-26.875,-0.141,0.008,1.035,-0.102,-0.160,0.176,0.070,0.030,1.012,1.382,2,NULL,NULL,,3,0,2,7,255,1316,250,0,0
stim,158864,188985,0,188985,3386294.453,-0.732,0.058,0.044,-0.677,1897,580,2647,2525,2804,2525,2294,2861,46,1.080,1,2211,1,45.471,0.160,-29.813,-16.125,-30.313,-0.133,0.012,1.043,0.004,-0.160,0.422,0.074,0.030,1.012,1.382,2,NULL,NULL,,3,0,2,7,255,1316,250,0,0
stim,158864,188985,0,188985,3386299.455,-0.731,0.056,0.045,-0.678,1827,573,2672,2489,2811,2524,2332,2863,46,1.080,1,2211,1,50.610,0.227,-35.313,-16.563,-32.250,-0.117,0.000,1.035,0.012,-0.227,0.422,0.076,0.030,1.012,1.382,2,NULL,NULL,,3,0,2,7,255,1316,250,0,0
stim,158864,188985,0,188985,3386304.453,-0.731,0.054,0.045,-0.679,1740,571,2707,2432,2831,2521,2379,2868,46,1.080,1,2211,1,51.838,0.344,-37.375,-16.563,-31.875,-0.102,-0.023,1.000,0.012,-0.344,0.406,0.078,0.030,1.012,1.382,2,NULL,NULL,,3,0,2,7,255,1316,250,0,0
stim,158864,188985,0,188985,3386309.455,-0.730,0.053,0.046,-0.680,1621,563,2732,2375,2842,2518,2409,2875,46,1.080,1,2211,1,49.278,0.476,-35.188,-16.813,-30.125,-0.098,-0.051,0.973,-0.168,-0.445,0.035,0.080,0.032,1.012,1.382,2,NULL,NULL,,3,0,2,7,255,1316,250,0,0
stim,158884,189005,0,189005,3386314.454,-0.729,0.051,0.046,-0.681,1512,551,2763,2315,2859,2515,2431,2889,46,1.080,1,2211,1,44.184,0.608,-29.625,-17.250,-27.875,-0.094,-0.059,0.965,-0.387,-0.469,-0.227,0.082,0.032,1.012,1.382,2,NULL,NULL,,3,0,2,7,255,1316,250,0,0
stim,158884,189005,0,189005,3386319.455,-0.728,0.050,0.046,-0.682,1357,540,2797,2239,2871,2514,2469,2905,46,1.080,1,2211,1,40.026,0.608,-24.250,-17.563,-26.563,-0.102,-0.051,0.980,-0.387,-0.469,-0.227,0.082,0.034,1.012,1.382,2,NULL,NULL,,3,0,2,7,255,1316,250,0,0
stim,158918,189039,0,189039,3386324.454,-0.728,0.048,0.046,-0.683,1243,503,2811,2172,2877,2502,2513,2899,46,1.080,1,2211,1,37.497,0.545,-21.750,-17.813,-24.813,-0.102,-0.039,1.012,-0.363,-0.406,-0.156,0.084,0.034,1.012,1.382,2,NULL,NULL,,3,0,2,7,255,1316,250,0,0
stim,158918,189039,0,189039,3386329.455,-0.727,0.047,0.046,-0.683,1129,477,2837,2085,2886,2500,2539,2903,46,1.080,1,2211,1,38.593,0.451,-23.500,-18.188,-24.625,-0.109,-0.031,1.027,-0.195,-0.406,0.160,0.086,0.034,1.012,1.382,2,NULL,NULL,,3,0,2,7,255,1316,250,0,0
stim,158918,189039,0,189039,3386334.453,-0.727,0.046,0.047,-0.684,1016,443,2862,1983,2903,2491,2557,2915,46,1.080,1,2211,1,38.238,0.336,-23.188,-19.063,-23.688,-0.117,-0.020,1.023,-0.113,-0.316,0.293,0.088,0.034,1.012,1.382,2,NULL,NULL,,3,0,2,7,255,1316,250,0,0
stim,158918,189039,0,189039,3386339.455,-0.726,0.044,0.047,-0.685,873,403,2869,1867,2917,2481,2595,2919,46,1.080,1,2211,1,37.894,0.211,-21.813,-20.125,-23.563,-0.133,0.000,1.039,0.004,-0.211,0.313,0.090,0.036,1.012,1.382,2,NULL,NULL,,3,0,2,7,255,1316,250,0,0
stim,158918,189039,0,189039,3386344.453,-0.725,0.043,0.047,-0.686,684,375,2892,1720,2925,2471,2621,2917,46,1.080,1,2211,1,41.099,0.298,-22.875,-21.063,-26.875,-0.113,0.012,1.047,0.211,-0.211,0.445,0.092,0.036,1.012,1.382,2,NULL,NULL,,3,0,2,7,255,1316,250,0,0
stim,158918,189039,0,189039,3386349.455,-0.725,0.041,0.047,-0.686,526,349,2904,1531,2937,2456,2643,2931,46,1.080,1,2211,1,42.309,0.356,-23.938,-21.938,-27.125,-0.098,0.000,1.039,0.277,-0.223,0.445,0.094,0.036,1.012,1.382,2,NULL,NULL,,3,0,2,7,255,1316,250,0,0
stim,158936,189057,0,189057,3386354.454,-0.724,0.040,0.046,-0.687,391,295,2931,1369,2956,2455,2667,2923,46,1.080,1,2211,1,37.694,0.481,-21.125,-24.125,-19.813,-0.082,0.000,1.043,0.320,-0.359,0.414,0.096,0.038,1.012,1.382,2,NULL,NULL,,3,0,2,7,255,1316,250,0,0
stim,158936,189057,0,189057,3386359.455,-0.724,0.038,0.046,-0.687,281,247,2940,1159,2965,2442,2683,2933,46,1.080,1,2211,1,36.541,0.481,-21.625,-25.313,-15.063,-0.129,0.031,1.074,0.320,-0.359,0.414,0.096,0.040,1.012,1.382,2,NULL,NULL,,3,0,2,7,255,1316,250,0,0
stim,158936,189057,0,189057,3386364.453,-0.723,0.037,0.046,-0.688,151,201,2959,959,2959,2412,2698,2933,46,1.080,1,2211,1,41.107,0.646,-23.813,-27.813,-18.688,-0.164,0.035,1.094,0.645,-0.047,0.758,0.098,0.040,1.012,1.382,2,NULL,NULL,,3,0,2,7,255,1316,250,0,0
stim,158936,189057,0,189057,3386369.455,-0.723,0.035,0.046,-0.689,87,155,2963,781,2969,2403,2735,2952,46,1.080,1,2211,1,46.265,0.688,-23.875,-31.000,-24.688,-0.125,0.043,1.078,0.688,-0.023,0.785,0.096,0.044,1.012,1.382,2,NULL,NULL,,3,0,2,7,255,1316,250,0,0
stim,158936,189057,1,189057,3386374.454,-0.722,0.033,0.045,-0.690,30,115,2983,573,2983,2375,2769,2943,46,1.080,1,2211,1,47.973,0.688,-20.813,-32.875,-28.063,-0.102,0.031,1.066,0.688,-0.023,0.785,0.096,0.046,1.012,1.382,2,NULL,NULL,,3,1,2,7,255,1316,250,0,0
stim,158936,189057,1,189057,3386379.455,-0.721,0.032,0.044,-0.690,4,67,2983,427,2988,2329,2775,2959,46,1.080,1,2211,1,43.662,0.812,-8.750,-37.813,-20.000,-0.105,0.070,1.078,0.801,-0.133,0.777,0.096,0.050,1.012,1.382,2,NULL,NULL,,3,1,2,7,255,1316,250,0,0
stim,158936,189057,1,189057,3386384.454,-0.721,0.031,0.043,-0.691,0,47,2990,283,2996,2307,2797,2956,46,1.080,1,2211,1,47.685,1.109,-8.875,-40.313,-23.875,-0.090,0.102,1.113,1.090,-0.203,0.777,0.096,0.052,1.012,1.382,2,NULL,NULL,,3,1,2,7,255,1316,250,0,0
stim,158936,189057,1,189057,3386389.455,-0.720,0.029,0.042,-0.692,0,19,3005,231,3005,2283,2821,2959,46,1.080,1,2211,1,51.259,1.238,-8.563,-43.375,-25.938,-0.129,0.078,1.184,1.230,-0.133,1.082,0.098,0.056,1.012,1.382,2,NULL,NULL,,3,1,2,7,255,1316,250,0,0
stim,158964,189085,1,189085,3386394.454,-0.721,0.029,0.039,-0.692,0,10,3007,184,3019,2253,2840,2967,46,1.080,1,2211,1,64.297,1.232,34.250,-54.063,6.188,-0.340,0.012,1.516,1.230,0.066,1.809,0.098,0.060,1.012,1.382,2,NULL,NULL,,3,1,2,7,255,1316,250,0,0
stim,158964,189085,1,189085,3386399.455,-0.721,0.027,0.037,-0.691,0,1,3015,135,3027,2223,2853,2963,46,1.080,1,2211,1,68.260,1.776,7.813,-64.375,21.313,-0.332,-0.027,1.699,0.609,1.668,5.273,0.100,0.066,1.012,1.382,2,NULL,NULL,,3,1,2,7,255,1316,250,0,0
stim,158964,189085,1,189085,3386404.453,-0.721,0.023,0.037,-0.691,0,0,3021,86,3027,2171,2869,2965,46,1.080,1,2211,1,91.566,1.694,-67.875,-61.313,-4.250,-0.215,-0.262,1.328,0.293,1.668,5.273,0.102,0.072,1.012,1.382,2,NULL,NULL,,3,1,2,7,255,1316,250,0,0
stim,158964,189085,1,189085,3386409.455,-0.722,0.019,0.038,-0.691,0,0,3026,63,3033,2120,2887,2966,46,1.080,1,2211,0,99.625,2.200,-76.625,-63.625,-2.375,-0.133,-0.313,0.891,-2.035,0.836,3.441,0.100,0.078,1.012,1.382,3,NULL,NULL,,3,1,2,7,255,1316,250,0,0
stim,158982,189103,1,189103,3386414.453,-0.722,0.016,0.036,-0.691,0,0,3044,6,3032,2040,2907,2967,46,1.080,1,2211,0,78.108,2.200,-28.313,-71.438,14.000,-0.172,-0.219,0.781,-2.035,0.836,-0.836,0.098,0.084,1.012,1.382,3,NULL,NULL,,3,1,2,7,255,1316,250,0,0
stim,158982,189103,1,189103,3386419.455,-0.723,0.014,0.034,-0.690,0,0,3029,0,3047,1961,2909,2967,46,1.080,1,2211,0,77.492,2.058,10.500,-76.313,8.438,-0.223,-0.148,0.914,-1.824,0.953,-0.836,0.094,0.088,1.012,1.382,3,NULL,NULL,,3,1,2,7,255,1316,250,0,0
stim,159018,189139,1,189139,3386424.454,-0.723,0.012,0.031,-0.690,0,0,3031,0,3050,1864,2921,2967,46,1.080,1,2211,0,83.617,1.813,22.750,-80.438,-2.000,-0.262,-0.148,1.148,-1.074,1.461,-0.652,0.088,0.092,1.012,1.382,3,NULL,NULL,,3,1,2,7,255,1316,250,0,0
stim,159018,189139,1,189139,3386429.455,-0.723,0.010,0.028,-0.690,0,0,3029,0,3055,1787,2940,2967,46,1.080,1,2211,0,86.221,1.804,16.250,-84.625,-2.938,-0.188,-0.164,1.297,-1.059,1.461,1.652,0.080,0.096,1.012,1.382,3,NULL,NULL,,3,1,2,7,255,1316,250,0,0
stim,159018,189139,1,189139,3386434.454,-0.723,0.007,0.025,-0.690,0,0,3031,0,3061,1669,2951,2965,46,1.080,1,2211,0,86.524,1.447,-5.813,-86.313,-1.688,-0.125,-0.160,1.203,-1.020,1.027,2.082,0.074,0.102,1.012,1.382,3,NULL,NULL,,3,1,2,7,255,1316,250,0,0
stim,159018,189139,1,189139,3386439.455,-0.724,0.004,0.023,-0.690,0,0,3028,0,3065,1567,2957,2962,46,1.080,1,2211,0,92.245,1.475,-6.625,-91.188,12.250,-0.207,-0.191,1.141,-1.059,1.027,2.082,0.066,0.110,1.012,1.382,3,NULL,NULL,,3,1,2,7,255,1316,250,0,0
stim,159018,189139,1,189139,3386444.453,-0.724,0.002,0.020,-0.690,0,0,3020,0,3068,1417,2965,2956,46,1.080,1,2211,0,95.376,1.677,-1.813,-95.250,4.563,-0.180,-0.090,1.129,-1.020,1.332,1.543,0.060,0.116,1.012,1.382,3,NULL,NULL,,3,1,2,7,255,1316,250,0,0
stim,159018,189139,1,189139,3386449.455,-0.724,-0.001,0.017,-0.690,0,0,3015,0,3077,1277,2973,2952,46,1.080,1,2211,0,98.398,1.770,-2.125,-98.375,0.125,-0.195,-0.148,1.082,-1.016,1.449,1.336,0.054,0.124,1.012,1.382,3,NULL,NULL,,3,1,2,7,255,1316,250,0,0
stim,159018,189139,1,189139,3386454.453,-0.724,-0.004,0.014,-0.690,0,0,3004,0,3079,1115,2981,2949,46,1.080,1,2211,0,105.508,1.447,11.250,-104.875,-2.563,-0.129,-0.105,1.129,-0.566,1.332,1.316,0.050,0.132,1.012,1.382,3,NULL,NULL,,3,1,2,7,255,1316,250,0,0
stim,159018,189139,1,189139,3386459.455,-0.724,-0.007,0.010,-0.689,0,0,2997,0,3082,938,2988,2937,46,1.080,1,2211,0,109.421,1.286,8.563,-109.000,4.313,-0.133,-0.113,1.176,-0.602,1.137,1.316,0.044,0.140,1.012,1.382,3,NULL,NULL,,3,1,2,7,255,1316,250,0,0
stim,159018,189139,1,189139,3386464.454,-0.725,-0.010,0.006,-0.689,0,0,2985,0,3083,741,2996,2925,46,1.080,1,2211,0,114.372,1.270,11.875,-113.750,0.875,-0.168,-0.078,1.160,-0.566,1.137,1.586,0.042,0.146,1.012,1.382,3,NULL,NULL,,3,1,2,7,255,1316,250,0,0
stim,159018,189139,1,189139,3386469.455,-0.725,-0.013,0.002,-0.689,0,0,2973,0,3087,601,2996,2915,46,1.080,1,2211,0,120.024,1.386,13.188,-119.250,-3.375,-0.125,-0.043,1.250,-0.309,1.352,1.754,0.040,0.154,1.012,1.382,3,NULL,NULL,,3,1,2,7,255,1316,250,0,0
stim,159041,189162,1,189162,3386474.454,-0.725,-0.017,-0.002,-0.689,0,0,2952,0,3083,477,3012,2905,46,1.080,1,2211,0,123.138,1.353,-0.625,-123.125,-1.688,-0.105,0.016,1.301,0.059,1.352,2.426,0.038,0.162,1.012,1.382,3,NULL,NULL,,3,1,2,7,255,1316,250,0,0
stim,159041,189162,1,189162,3386479.455,-0.725,-0.020,-0.006,-0.689,0,0,2931,0,3087,283,3016,2889,46,1.080,1,2211,0,129.528,1.436,6.813,-129.313,-3.063,-0.145,0.012,1.039,0.484,1.352,2.426,0.036,0.170,1.012,1.382,3,NULL,NULL,,3,1,2,7,255,1316,250,0,0
stim,159041,189162,1,189162,3386484.453,-0.725,-0.023,-0.011,-0.689,0,0,2913,0,3089,151,3021,2867,46,1.080,1,2211,0,141.907,1.485,29.938,-138.688,-2.688,-0.039,0.105,1.168,0.680,1.320,1.531,0.034,0.178,1.012,1.382,3,NULL,NULL,,3,1,2,7,255,1316,250,0,0
stim,159041,189162,1,189162,3386489.455,-0.725,-0.027,-0.016,-0.688,0,0,2886,0,3095,56,3027,2840,46,1.080,1,2211,0,143.698,1.736,21.438,-141.813,8.875,0.039,0.180,1.398,1.469,0.926,1.531,0.030,0.188,1.012,1.382,3,NULL,NULL,,3,1,2,7,255,1316,250,0,0
stim,159066,189187,1,189187,3386494.453,-0.726,-0.031,-0.021,-0.687,0,0,2860,0,3087,19,3029,2809,46,1.080,1,2211,0,146.860,2.466,0.875,-145.750,18.000,-0.074,0.219,1.430,2.285,0.926,3.797,0.024,0.196,1.012,1.382,3,NULL,NULL,,3,1,2,7,255,1316,250,0,0
stim,159066,189187,1,189187,3386499.455,-0.726,-0.035,-0.025,-0.686,0,0,2829,0,3087,0,3035,2779,46,1.080,1,2211,0,153.123,2.977,-9.875,-151.938,16.250,-0.141,0.199,1.422,2.367,1.805,3.867,0.018,0.204,1.012,1.382,3,NULL,NULL,,3,1,2,7,255,1316,250,0,0
stim,159066,189187,1,189187,3386504.454,-0.726,-0.040,-0.030,-0.686,0,0,2789,0,3082,0,3035,2735,46,1.080,1,2211,0,159.217,3.529,-17.375,-157.875,11.125,-0.133,0.164,1.473,2.367,2.617,3.996,0.014,0.214,1.012,1.382,3,NULL,NULL,,3,1,2,7,255,1316,250,0,0
stim,159066,189187,1,189187,3386509.455,-0.726,-0.046,-0.034,-0.685,0,0,2749,0,3077,0,3036,2684,46,1.080,1,2211,0,166.501,3.627,-26.188,-164.313,6.188,-0.137,0.191,1.496,2.332,2.777,4.328,0.020,0.226,1.012,1.382,3,NULL,NULL,,3,1,2,7,255,1316,250,0,0
stim,159066,189187,1,189187,3386514.454,-0.726,-0.051,-0.039,-0.684,0,0,2709,0,3065,0,3039,2634,46,1.080,1,2211,0,171.715,3.840,-22.688,-170.125,5.375,-0.145,0.238,1.594,2.332,3.051,4.504,0.030,0.238,1.012,1.382,3,NULL,NULL,,3,1,2,7,255,1316,250,0,0
stim,159066,189187,1,189187,3386519.455,-0.727,-0.058,-0.044,-0.683,0,0,2641,0,3052,0,3037,2568,46,1.080,1,2211,0,182.781,4.501,-20.938,-181.125,12.813,-0.184,0.262,1.801,2.863,3.473,5.375,0.046,0.254,1.012,1.382,3,NULL,NULL,,3,1,2,7,255,1316,250,0,0
stim,159118,189239,1,189239,3386524.454,-0.727,-0.064,-0.049,-0.682,0,0,2585,0,3048,0,3036,2477,46,1.080,1,2211,0,198.924,5.416,-30.625,-195.188,23.125,-0.277,0.258,1.969,3.148,4.406,7.250,0.062,0.270,1.012,1.382,3,NULL,NULL,,3,1,2,7,255,1316,250,0,0
stim,159118,189239,1,189239,3386529.455,-0.727,-0.073,-0.054,-0.680,0,0,2503,0,3033,0,3035,2361,46,1.080,1,2211,0,221.138,6.676,-60.938,-210.563,29.188,-0.359,0.297,1.938,3.164,5.879,8.047,0.082,0.290,1.012,1.382,3,NULL,NULL,,3,1,2,7,255,1316,250,0,0
stim,159118,189239,1,189239,3386534.453,-0.728,-0.082,-0.058,-0.679,0,0,2431,0,3021,0,3032,2254,46,1.080,1,2211,0,240.503,7.825,-82.125,-224.688,24.750,-0.352,0.320,1.840,3.535,6.980,8.047,0.104,0.312,1.012,1.382,3,NULL,NULL,,3,1,2,7,255,1316,250,0,0
stim,159118,189239,1,189239,3386539.455,-0.727,-0.092,-0.063,-0.677,0,0,2345,0,3013,0,3016,2136,46,1.080,1,2211,0,256.917,8.050,-88.250,-240.125,23.625,-0.363,0.336,1.738,3.820,7.086,6.930,0.132,0.340,1.012,1.382,3,NULL,NULL,,3,1,2,7,255,1316,250,0,0
stim,159118,189239,1,189239,3386544.454,-0.727,-0.102,-0.069,-0.675,0,0,2249,0,2997,12,3002,2004,46,1.080,1,2211,0,274.617,8.140,-89.625,-258.250,26.250,-0.305,0.313,1.734,3.914,7.137,5.762,0.160,0.370,1.012,1.382,3,NULL,NULL,,3,1,2,7,255,1316,250,0,0
stim,159118,189239,1,189239,3386549.455,-0.727,-0.113,-0.075,-0.673,0,0,2152,0,2975,41,2985,1865,46,1.080,1,2211,0,290.024,8.371,-84.938,-275.563,31.063,-0.293,0.395,1.844,4.004,7.352,5.762,0.192,0.404,1.012,1.382,3,NULL,NULL,,3,1,2,7,255,1316,250,0,0
stim,159118,189239,1,189239,3386554.454,-0.727,-0.125,-0.081,-0.670,0,0,2066,0,2952,45,2956,1748,46,1.080,1,2211,0,309.217,9.159,-92.375,-293.438,31.250,-0.328,0.445,1.930,4.855,7.766,6.438,0.226,0.440,1.012,1.382,3,NULL,NULL,,3,1,2,7,255,1316,250,0,0
stim,159118,189239,1,189239,3386559.455,-0.726,-0.137,-0.088,-0.668,0,0,1972,0,2921,60,2917,1641,46,1.080,1,2211,0,326.031,10.373,-98.125,-309.500,29.625,-0.371,0.516,2.027,5.484,8.805,6.871,0.262,0.478,1.012,1.382,3,NULL,NULL,,3,1,2,7,255,1316,250,0,0
stim,159118,189239,1,189239,3386564.453,-0.726,-0.150,-0.095,-0.665,0,0,1881,0,2879,60,2885,1543,46,1.080,1,2211,0,339.230,11.837,-94.563,-324.875,24.313,-0.465,0.582,2.277,6.297,10.023,7.266,0.302,0.520,1.012,1.382,3,NULL,NULL,,3,1,2,7,255,1316,250,0,0
stim,159118,189239,1,189239,3386569.455,-0.724,-0.163,-0.103,-0.662,0,0,1784,0,2836,53,2823,1431,46,1.080,1,2211,0,355.130,14.220,-89.063,-343.188,20.188,-0.602,0.641,2.652,7.195,12.266,8.813,0.346,0.566,1.012,1.382,3,NULL,NULL,,3,1,2,7,255,1316,250,0,0
stim,159138,189259,1,189259,3386574.454,-0.722,-0.177,-0.111,-0.659,0,0,1674,0,2779,37,2732,1311,46,1.080,1,2211,0,384.043,17.452,-128.750,-361.625,11.813,-0.699,0.707,2.848,8.059,15.480,11.230,0.396,0.618,1.012,1.382,3,NULL,NULL,,3,1,2,7,255,1316,250,0,0
stim,159138,189259,1,189259,3386579.455,-0.719,-0.194,-0.117,-0.657,0,0,1542,0,2719,5,2629,1204,46,1.080,1,2211,0,418.865,18.940,-192.063,-372.063,-11.375,-0.633,0.668,2.582,8.691,16.828,11.230,0.454,0.678,1.012,1.382,3,NULL,NULL,,3,1,2,7,255,1316,250,0,0
stim,159138,189259,1,189259,3386584.454,-0.715,-0.211,-0.123,-0.656,0,0,1381,0,2631,0,2479,1085,46,1.080,1,2211,0,429.238,18.940,-195.000,-380.563,-37.313,-0.414,0.406,2.309,8.691,16.828,9.176,0.522,0.748,1.012,1.382,3,NULL,NULL,,3,1,2,7,255,1316,250,0,0
stim,159138,189259,1,189259,3386589.455,-0.711,-0.227,-0.131,-0.653,0,0,1171,0,2511,0,2301,967,46,1.080,1,2211,0,431.485,15.562,-170.688,-395.813,-19.438,-0.336,0.223,2.273,6.359,14.203,7.520,0.598,0.826,1.012,1.382,3,NULL,NULL,,3,1,2,7,255,1316,250,0,0
stim,159166,189287,1,189287,3386594.454,-0.707,-0.245,-0.138,-0.649,0,0,1031,0,2376,0,2057,913,46,1.080,1,2211,0,452.254,14.707,-186.688,-411.875,6.375,-0.301,0.020,2.105,4.855,13.883,7.324,0.680,0.910,1.012,1.382,3,NULL,NULL,,3,1,2,7,255,1316,250,0,0
stim,159166,189287,1,189287,3386599.455,-0.703,-0.263,-0.145,-0.645,0,0,783,0,2171,0,1747,779,46,1.080,1,2211,0,464.907,13.624,-194.625,-422.000,13.250,-0.184,-0.246,1.715,2.914,13.309,5.902,0.766,0.996,1.012,1.382,3,NULL,NULL,,3,1,2,7,255,1316,250,0,0
stim,159166,189287,1,189287,3386604.453,-0.699,-0.280,-0.154,-0.640,0,0,551,0,1929,0,1363,683,46,1.080,1,2211,0,462.133,10.762,-150.438,-436.188,26.000,-0.059,-0.551,1.309,0.098,10.762,3.379,0.846,1.078,1.012,1.382,3,NULL,NULL,,3,1,2,7,255,1316,250,0,0
stim,159166,189287,1,189287,3386609.455,-0.697,-0.295,-0.165,-0.633,0,0,381,0,1663,0,819,539,46,1.080,1,2211,0,454.752,8.549,-80.438,-445.813,39.750,0.129,-0.559,1.051,-3.195,7.930,1.160,0.916,1.150,1.012,1.382,3,NULL,NULL,,3,1,2,7,255,1316,250,0,0
stim,159184,189305,1,189305,3386614.453,-0.695,-0.308,-0.178,-0.625,0,0,279,0,1339,0,293,441,46,1.080,1,2211,0,449.791,7.058,11.438,-448.438,32.938,0.234,-0.383,1.273,-3.195,6.293,1.160,0.974,1.214,1.012,1.382,3,NULL,NULL,,3,1,2,7,255,1316,250,0,0
stim,159184,189305,1,189305,3386619.455,-0.694,-0.318,-0.193,-0.617,0,0,206,0,1013,0,35,351,46,1.080,1,2211,0,461.439,6.423,86.125,-451.375,42.063,0.063,-0.039,2.023,-1.285,6.293,1.742,1.022,1.264,1.012,1.382,3,NULL,NULL,,3,1,2,7,255,1316,250,0,0
stim,159217,189338,0,189338,3386624.454,-0.693,-0.329,-0.207,-0.607,0,0,111,0,533,0,0,285,46,1.080,1,2211,0,463.028,13.227,55.625,-452.313,81.938,-0.145,0.203,2.633,2.695,12.949,4.906,1.064,1.310,1.012,1.382,3,NULL,NULL,,3,0,2,7,255,1321,250,0,0
stim,159217,189338,0,189338,3386629.455,-0.692,-0.343,-0.217,-0.597,0,0,115,0,232,0,0,227,46,1.080,1,2211,0,472.029,19.914,-52.688,-449.625,133.688,-0.414,0.258,2.547,5.086,19.254,4.906,1.110,1.360,1.012,1.382,3,NULL,NULL,,3,0,2,7,255,1321,250,0,0
stim,159217,189338,0,189338,3386634.454,-0.691,-0.361,-0.223,-0.586,0,0,98,0,0,0,0,109,46,1.080,1,2211,0,500.228,19.967,-141.438,-447.688,172.625,-0.660,0.453,2.004,5.289,19.254,3.297,1.164,1.416,1.012,1.382,3,NULL,NULL,,3,0,2,7,255,1321,250,0,0
stim,159217,189338,0,189338,3386639.455,-0.688,-0.379,-0.228,-0.575,0,0,67,0,0,0,0,51,46,1.080,1,2211,0,499.093,20.018,-194.813,-429.000,164.625,-0.703,0.941,1.387,5.668,19.199,-3.258,1.226,1.482,1.012,1.382,4,NULL,NULL,,3,0,2,7,255,1321,250,0,0
stim,159217,189338,0,189338,3386644.453,-0.684,-0.397,-0.233,-0.566,0,0,51,0,0,0,0,3,46,1.080,1,2211,0,471.127,17.700,-203.625,-404.250,130.688,-0.637,1.289,1.059,9.219,15.109,-9.387,1.298,1.556,1.012,1.382,0,NULL,NULL,,3,0,2,7,255,1321,250,0,0
stim,159217,189338,0,189338,3386649.455,-0.679,-0.413,-0.237,-0.558,0,0,55,0,0,0,0,6,46,1.080,1,2211,0,439.343,17.222,-197.250,-378.063,105.750,-0.605,1.336,1.094,12.086,12.270,-12.449,1.372,1.632,1.012,1.382,0,NULL,NULL,,3,0,2,7,255,1321,250,0,0
stim,159238,189359,0,189359,3386654.453,-0.674,-0.429,-0.240,-0.551,0,0,69,0,0,0,0,29,46,1.080,1,2211,0,429.421,17.222,-218.625,-357.250,94.750,-0.645,0.906,1.281,12.086,12.270,-12.449,1.446,1.710,1.012,1.382,0,NULL,NULL,,3,0,2,7,255,1321,250,0,0
stim,159238,189359,0,189359,3386659.455,-0.667,-0.445,-0.242,-0.546,0,0,69,0,0,0,0,69,46,1.080,1,2211,0,420.809,15.375,-270.188,-318.313,52.500,-0.324,0.348,1.320,8.797,12.609,-11.402,1.522,1.786,1.012,1.382,0,NULL,NULL,,3,0,2,7,255,1321,250,0,0
stim,159238,189359,0,189359,3386664.454,-0.660,-0.459,-0.243,-0.543,0,0,74,0,0,0,0,95,46,1.080,1,2211,0,369.607,13.457,-266.188,-256.313,7.563,-0.184,-0.223,1.137,4.699,12.609,-7.418,1.598,1.866,1.012,1.382,0,NULL,NULL,,3,0,2,7,255,1321,250,0,0
stim,159238,189359,0,189359,3386669.455,-0.653,-0.471,-0.243,-0.541,0,0,74,0,0,0,0,126,46,1.080,1,2211,0,320.951,12.610,-237.063,-215.313,21.250,-0.313,-0.215,1.305,-0.098,12.609,-6.105,1.680,1.948,1.012,1.382,0,NULL,NULL,,3,0,2,7,255,1321,250,0,0
stim,159238,189359,0,189359,3386674.454,-0.647,-0.483,-0.241,-0.539,0,0,71,0,0,0,0,151,46,1.080,1,2211,0,313.920,12.750,-263.875,-168.625,21.938,-0.527,0.066,1.402,-0.098,12.750,-6.105,1.756,2.026,1.012,1.382,0,NULL,NULL,,3,0,2,7,255,1321,250,0,0
stim,159238,189359,0,189359,3386679.455,-0.639,-0.495,-0.236,-0.540,0,0,71,0,0,0,0,165,46,1.080,1,2211,0,338.048,12.942,-319.563,-110.250,-1.063,-0.512,0.242,0.844,2.223,12.750,-8.773,1.828,2.102,1.012,1.382,0,NULL,NULL,,3,0,2,7,255,1321,250,0,0
stim,159238,189359,0,189359,3386684.453,-0.631,-0.505,-0.230,-0.543,0,0,71,0,0,0,0,165,46,1.080,1,2211,0,332.124,9.692,-328.188,-47.750,-17.875,-0.281,0.422,-0.020,2.699,9.309,-11.730,1.894,2.170,1.012,1.382,0,NULL,NULL,,3,0,2,7,255,1321,250,0,0
stim,159238,189359,0,189359,3386689.455,-0.624,-0.512,-0.224,-0.546,0,0,61,0,0,0,0,151,46,1.080,1,2211,0,276.659,2.799,-275.188,14.125,-24.750,-0.109,0.629,-0.629,2.754,0.500,-13.844,1.954,2.232,1.012,1.382,0,NULL,NULL,,3,0,2,7,255,1321,250,0,0
stim,159264,189385,0,189385,3386694.453,-0.620,-0.515,-0.218,-0.550,0,0,61,0,0,0,0,148,46,1.080,1,2211,0,197.675,6.513,-183.250,68.688,-27.875,-0.012,0.539,-0.824,2.754,-5.902,-15.008,2.008,2.288,1.012,1.382,0,NULL,NULL,,3,0,2,7,255,1321,250,0,0
stim,159264,189385,0,189385,3386699.455,-0.618,-0.515,-0.213,-0.554,0,0,61,0,0,0,0,125,46,1.080,1,2211,0,149.171,7.194,-98.063,111.625,-13.250,0.023,0.199,-0.754,1.988,-6.914,-15.008,2.050,2.332,1.012,1.382,0,NULL,NULL,,3,0,2,7,255,1321,250,0,0
stim,159264,189385,0,189385,3386704.454,-0.619,-0.512,-0.208,-0.558,0,0,38,0,0,0,0,109,46,1.080,1,2211,0,152.900,6.953,-51.500,143.875,5.125,-0.059,-0.125,-0.535,-0.734,-6.914,-13.148,2.076,2.362,1.012,1.382,0,NULL,NULL,,3,0,2,7,255,1321,250,0,0
stim,159264,189385,0,189385,3386709.455,-0.620,-0.510,-0.202,-0.562,0,0,31,0,0,0,0,107,46,1.080,1,2211,0,177.592,5.155,-45.125,169.688,26.625,-0.070,-0.234,-0.535,-3.148,-4.082,-11.746,2.084,2.372,1.012,1.382,0,NULL,NULL,,3,0,2,7,255,1321,250,0,0
stim,159264,189385,0,189385,3386714.454,-0.622,-0.506,-0.195,-0.565,0,0,31,0,0,0,0,105,46,1.080,1,2211,0,196.279,5.580,-8.938,188.313,54.625,-0.148,-0.047,-0.836,-3.805,-4.082,-11.746,2.078,2.366,1.012,1.382,0,NULL,NULL,,3,0,2,7,255,1321,250,0,0
stim,159264,189385,0,189385,3386719.455,-0.627,-0.499,-0.190,-0.567,0,0,33,0,0,0,0,93,46,1.080,1,2211,0,219.808,7.101,66.250,198.313,67.813,-0.238,0.141,-0.844,-3.805,-5.996,-14.070,2.064,2.356,1.012,1.382,0,NULL,NULL,,3,0,2,7,255,1321,250,0,0
stim,159319,189440,0,189440,3386724.454,-0.633,-0.491,-0.186,-0.568,0,0,28,0,0,0,0,83,46,1.080,1,2211,0,256.373,6.487,133.375,205.125,76.563,-0.297,0.340,-0.559,-2.477,-5.996,-15.727,2.044,2.338,1.012,1.382,0,NULL,NULL,,3,0,2,7,255,1321,250,0,0
stim,159319,189440,0,189440,3386729.455,-0.641,-0.482,-0.183,-0.569,0,0,24,0,0,0,0,73,46,1.080,1,2211,0,284.375,3.542,167.563,213.688,84.438,-0.363,0.281,-0.199,0.133,-3.539,-15.727,2.022,2.318,1.012,1.382,0,NULL,NULL,,3,0,2,7,255,1321,250,0,0
stim,159319,189440,0,189440,3386734.453,-0.648,-0.472,-0.179,-0.570,0,0,24,0,0,0,0,63,46,1.080,1,2211,0,292.666,0.687,173.688,218.625,87.688,-0.434,0.266,0.023,0.684,-0.070,-14.652,1.998,2.296,1.012,1.382,0,NULL,NULL,,3,0,2,7,255,1321,250,0,0
stim,159319,189440,0,189440,3386739.455,-0.656,-0.462,-0.176,-0.571,0,0,25,0,0,0,0,55,46,1.080,1,2211,0,300.515,2.488,178.563,221.313,97.188,-0.477,0.328,0.141,1.109,2.227,-14.098,1.978,2.278,1.012,1.382,0,NULL,NULL,,3,0,2,7,255,1321,250,0,0
stim,159319,189440,0,189440,3386744.454,-0.663,-0.452,-0.172,-0.572,0,0,25,0,0,0,0,53,46,1.080,1,2211,0,306.010,3.788,187.313,223.813,92.000,-0.602,0.277,0.277,1.531,3.465,-13.996,1.964,2.268,1.012,1.382,0,NULL,NULL,,3,0,2,7,255,1321,250,0,0
stim,159319,189440,0,189440,3386749.455,-0.670,-0.441,-0.169,-0.573,0,0,28,0,0,0,0,53,46,1.080,1,2211,0,304.406,5.742,189.250,225.438,77.625,-0.637,0.344,0.473,1.914,5.414,-13.941,1.958,2.262,1.012,1.382,0,NULL,NULL,,3,0,2,7,255,1321,250,0,0
stim,159319,189440,0,189440,3386754.454,-0.677,-0.430,-0.166,-0.574,0,0,23,0,0,0,0,45,46,1.080,1,2211,0,298.523,7.668,184.188,227.688,57.875,-0.668,0.285,0.688,2.586,7.219,-13.254,1.958,2.266,1.012,1.382,0,NULL,NULL,,3,0,2,7,255,1321,250,0,0
stim,159319,189440,0,189440,3386759.455,-0.682,-0.420,-0.162,-0.576,0,0,23,0,0,0,0,47,46,1.080,1,2211,0,288.415,9.495,163.063,234.313,41.125,-0.602,0.301,0.824,2.609,9.129,-11.875,1.972,2.280,1.012,1.382,0,NULL,NULL,,3,0,2,7,255,1321,250,0,0
stim,159319,189440,0,189440,3386764.453,-0.687,-0.409,-0.158,-0.579,0,0,25,0,0,0,0,46,46,1.080,1,2211,0,284.301,10.123,149.813,240.250,25.750,-0.625,0.176,0.957,2.609,9.781,-10.465,1.992,2.302,1.012,1.382,0,NULL,NULL,,3,0,2,7,255,1321,250,0,0
stim,159319,189440,0,189440,3386769.455,-0.691,-0.399,-0.154,-0.583,0,0,25,0,0,0,0,47,46,1.080,1,2211,0,275.983,11.370,122.875,246.938,9.500,-0.617,0.207,1.043,3.008,10.965,-9.094,2.018,2.332,1.012,1.382,0,NULL,NULL,,3,0,2,7,255,1321,250,0,0
stim,159346,189468,0,189468,3386774.454,-0.694,-0.390,-0.149,-0.587,0,0,22,0,0,0,0,48,46,1.080,1,2211,0,274.040,11.859,98.000,255.500,-14.625,-0.602,0.164,1.141,2.941,11.488,-8.359,2.052,2.368,1.012,1.382,0,NULL,NULL,,3,0,2,7,255,1321,250,0,0
stim,159346,189468,0,189468,3386779.455,-0.695,-0.381,-0.144,-0.592,0,0,22,0,0,0,0,51,46,1.080,1,2211,0,273.027,11.876,63.313,263.688,-31.688,-0.488,0.180,1.094,3.008,11.488,-7.207,2.092,2.410,1.012,1.382,0,NULL,NULL,,3,0,2,7,255,1321,250,0,0
stim,159346,189468,0,189468,3386784.454,-0.696,-0.372,-0.137,-0.598,0,0,27,0,0,0,0,55,46,1.080,1,2211,0,282.518,11.224,39.938,274.625,-52.938,-0.406,0.102,0.984,2.941,10.832,-6.559,2.136,2.458,1.012,1.382,0,NULL,NULL,,3,0,2,7,255,1321,250,0,0
stim,159346,189468,0,189468,3386789.455,-0.697,-0.364,-0.130,-0.605,0,0,23,0,0,0,0,75,46,1.080,1,2211,0,290.745,9.837,26.813,284.438,-53.938,-0.297,0.121,0.859,2.762,9.441,-6.250,2.184,2.506,1.012,1.382,0,NULL,NULL,,3,0,2,7,255,1321,250,0,0
stim,159366,189487,0,189487,3386794.454,-0.697,-0.355,-0.123,-0.611,0,0,23,0,0,0,0,102,46,1.080,1,2211,0,304.983,8.101,23.063,295.750,-70.813,-0.289,-0.008,0.727,2.590,7.676,-6.250,2.232,2.558,1.012,1.382,0,NULL,NULL,,3,0,2,7,255,1321,250,0,0
stim,159366,189487,0,189487,3386799.455,-0.696,-0.345,-0.116,-0.618,0,0,24,0,0,0,0,102,46,1.080,1,2211,0,313.888,6.925,30.250,304.938,-68.000,-0.215,0.059,0.617,1.797,6.688,-6.465,2.282,2.608,1.012,1.382,0,NULL,NULL,,3,0,2,7,255,1321,250,0,0
stim,159366,189487,0,189487,3386804.453,-0.696,-0.335,-0.109,-0.625,0,0,23,0,0,0,0,107,46,1.080,1,2211,0,328.086,5.485,41.563,315.250,-80.813,-0.195,0.008,0.523,1.270,5.336,-6.895,2.330,2.660,1.012,1.382,0,NULL,NULL,,3,0,2,7,255,1321,250,0,0
stim,159366,189487,0,189487,3386809.455,-0.696,-0.324,-0.102,-0.632,0,0,21,0,0,0,0,110,46,1.080,1,2211,0,335.883,4.779,60.375,322.063,-73.813,-0.125,0.027,0.512,1.445,4.555,-6.895,2.376,2.710,1.012,1.382,0,NULL,NULL,,3,0,2,7,255,1321,250,0,0
stim,159366,189487,0,189487,3386814.453,-0.696,-0.312,-0.096,-0.639,0,0,23,0,0,0,0,109,46,1.080,1,2211,0,346.217,4.035,76.500,329.688,-72.938,-0.121,0.004,0.492,1.176,3.859,-6.781,2.420,2.756,1.012,1.382,0,NULL,NULL,,3,0,2,7,255,1321,250,0,0
stim,159366,189487,0,189487,3386819.455,-0.697,-0.300,-0.089,-0.646,0,0,22,0,0,0,0,126,46,1.080,1,2211,0,355.316,3.845,97.750,334.500,-69.313,-0.027,0.000,0.512,1.348,3.602,-6.691,2.462,2.800,1.012,1.382,0,NULL,NULL,,3,0,2,7,255,1321,250,0,0
stim,159417,189538,0,189538,3386824.454,-0.698,-0.286,-0.083,-0.652,0,0,19,0,0,0,0,137,46,1.080,1,2211,0,364.545,3.088,121.250,337.875,-63.500,0.066,-0.105,0.551,1.176,2.855,-5.965,2.498,2.840,1.012,1.382,0,NULL,NULL,,3,0,2,7,255,1321,250,0,0
stim,159417,189538,0,189538,3386829.456,-0.699,-0.272,-0.078,-0.657,0,0,24,0,0,0,0,147,46,1.080,1,2211,0,369.697,2.549,140.625,338.875,-45.438,0.117,-0.016,0.613,1.348,2.164,-4.785,2.532,2.876,1.012,1.382,0,NULL,NULL,,3,0,2,7,255,1321,250,0,0
stim,159417,189538,0,189538,3386834.454,-0.701,-0.257,-0.073,-0.662,0,0,22,0,0,0,0,141,46,1.080,1,2211,0,376.906,2.678,167.500,335.938,-33.875,0.090,0.047,0.773,1.578,2.164,-4.234,2.564,2.910,1.012,1.382,0,NULL,NULL,,3,0,2,7,255,1321,250,0,0
stim,159417,189538,0,189538,3386839.455,-0.703,-0.242,-0.068,-0.666,0,0,19,0,0,0,0,149,46,1.080,1,2211,0,381.361,3.608,180.750,334.813,-25.813,0.086,0.148,0.887,2.488,2.613,-3.117,2.590,2.940,1.012,1.382,0,NULL,NULL,,3,0,2,7,255,1321,250,0,0
stim,159417,189538,0,189538,3386844.453,-0.705,-0.226,-0.064,-0.669,0,0,21,0,0,0,0,149,46,1.080,1,2211,0,383.866,3.767,189.125,333.750,-14.000,0.109,0.004,0.977,2.488,2.828,-2.336,2.614,2.966,1.012,1.382,0,NULL,NULL,,3,0,2,7,255,1321,250,0,0
stim,159417,189538,0,189538,3386849.455,-0.707,-0.210,-0.060,-0.672,0,0,22,0,0,0,0,143,46,1.080,1,2211,0,390.679,3.755,204.813,332.688,-0.938,0.047,-0.016,1.109,2.363,2.918,-0.961,2.636,2.990,1.012,1.382,0,NULL,NULL,,3,0,2,7,255,1321,250,0,0
stim,159417,189538,0,189538,3386854.453,-0.710,-0.194,-0.056,-0.675,0,0,22,0,0,0,0,139,46,1.080,1,2211,0,390.405,4.324,203.750,333.000,3.563,0.012,0.031,1.289,2.363,3.621,0.148,2.658,3.016,1.012,1.382,0,NULL,NULL,,3,0,2,7,255,1321,250,0,0
stim,159417,189538,0,189538,3386859.455,-0.712,-0.178,-0.051,-0.677,0,0,21,0,0,0,0,141,46,1.080,1,2211,0,387.556,5.187,197.813,332.875,16.250,-0.055,0.070,1.461,2.934,4.277,1.680,2.680,3.040,1.012,1.382,0,NULL,NULL,,3,0,2,7,255,1321,250,0,0
stim,159417,189538,0,189538,3386864.454,-0.714,-0.163,-0.046,-0.679,0,0,23,0,0,0,0,139,46,1.080,1,2211,0,382.110,6.096,184.813,334.250,11.375,-0.105,0.129,1.609,3.391,5.066,3.137,2.702,3.064,1.012,1.382,0,NULL,NULL,,3,0,2,7,255,1321,250,0,0
stim,159417,189538,0,189538,3386869.455,-0.716,-0.147,-0.041,-0.681,0,0,25,0,0,0,0,147,46,1.080,1,2211,0,372.900,6.418,166.688,333.375,11.438,-0.117,0.016,1.676,3.391,5.449,4.426,2.728,3.092,1.012,1.382,0,NULL,NULL,,3,0,2,7,255,1321,250,0,0
stim,159439,189560,0,189560,3386874.454,-0.718,-0.133,-0.035,-0.683,0,0,25,0,0,0,0,138,46,1.080,1,2211,0,364.172,6.147,146.000,333.250,15.813,-0.121,0.020,1.707,2.844,5.449,5.445,2.754,3.122,1.012,1.382,0,NULL,NULL,,3,0,2,7,255,1321,250,0,0
stim,159439,189560,0,189560,3386879.455,-0.719,-0.119,-0.028,-0.684,0,0,23,0,0,0,0,143,46,1.080,1,2211,0,356.818,5.794,126.125,333.688,8.000,-0.109,0.012,1.688,2.754,5.098,5.891,2.784,3.152,1.012,1.382,0,NULL,NULL,,3,0,2,7,255,1321,250,0,0
stim,159439,189560,0,189560,3386884.453,-0.720,-0.106,-0.021,-0.686,0,0,23,0,0,0,0,141,46,1.080,1,2211,0,350.229,5.111,111.438,331.813,11.938,-0.074,-0.027,1.625,2.508,4.453,5.891,2.814,3.184,1.012,1.382,0,NULL,NULL,,3,0,2,7,255,1321,250,0,0
stim,159439,189560,0,189560,3386889.455,-0.721,-0.092,-0.013,-0.687,0,0,23,0,0,0,0,149,46,1.080,1,2211,0,344.705,4.037,98.000,330.000,17.813,-0.094,-0.070,1.512,1.949,3.535,5.602,2.846,3.218,1.012,1.382,0,NULL,NULL,,3,0,2,7,255,1321,250,0,0
stim,159463,189584,0,189584,3386894.453,-0.721,-0.079,-0.006,-0.688,0,0,24,0,0,0,0,149,46,1.080,1,2211,0,341.014,3.318,99.000,325.938,15.938,-0.102,-0.176,1.422,1.258,3.070,4.656,2.878,3.254,1.012,1.382,0,NULL,NULL,,3,0,2,7,255,1321,250,0,0
stim,159463,189584,0,189584,3386899.455,-0.722,-0.066,0.001,-0.689,0,0,28,0,0,0,0,155,46,1.080,1,2211,0,339.139,2.566,106.750,321.313,19.438,-0.090,-0.176,1.387,-0.012,2.566,4.000,2.910,3.286,1.012,1.382,0,NULL,NULL,,3,0,2,7,255,1321,250,0,0
stim,159463,189584,0,189584,3386904.454,-0.723,-0.053,0.008,-0.689,0,0,25,0,0,0,0,155,46,1.080,1,2211,0,337.515,2.012,113.188,317.063,24.000,-0.090,-0.125,1.379,-0.012,2.012,3.773,2.938,3.318,1.012,1.382,0,NULL,NULL,,3,0,2,7,255,1321,250,0,0
stim,159463,189584,0,189584,3386909.455,-0.723,-0.039,0.015,-0.689,0,0,24,0,0,0,0,155,46,1.080,1,2211,0,337.265,1.650,124.125,312.313,28.313,-0.109,-0.172,1.379,-0.133,1.645,3.758,2.964,3.346,1.012,1.382,0,NULL,NULL,,3,0,2,7,255,1321,250,0,0
stim,159484,189605,0,189605,3386914.454,-0.724,-0.025,0.020,-0.689,0,0,26,0,0,0,0,156,46,1.080,1,2211,0,339.434,1.524,139.500,307.500,34.625,-0.152,-0.195,1.430,-0.391,1.473,3.758,2.986,3.370,1.012,1.382,0,NULL,NULL,,3,0,2,7,255,1321,250,0,0
stim,159484,189605,0,189605,3386919.455,-0.725,-0.011,0.025,-0.689,0,0,29,0,0,0,0,157,46,1.080,1,2211,0,341.346,1.520,151.500,303.875,35.000,-0.191,-0.141,1.508,-0.391,1.469,4.328,3.002,3.390,1.012,1.382,0,NULL,NULL,,3,0,2,7,255,1321,250,0,0
stim,159517,189638,0,189638,3386924.454,-0.725,0.003,0.030,-0.688,0,0,25,0,0,0,0,155,46,1.080,1,2211,0,343.349,1.502,163.438,300.125,33.188,-0.184,-0.094,1.605,-0.313,1.469,5.074,3.016,3.406,1.012,1.382,0,NULL,NULL,,3,0,2,7,255,1321,250,0,0
stim,159517,189638,0,189638,3386929.455,-0.725,0.018,0.034,-0.687,0,0,28,0,0,0,0,158,46,1.080,1,2211,0,346.536,0.994,176.813,295.875,35.813,-0.168,-0.094,1.734,-0.137,0.984,6.027,3.028,3.420,1.012,1.382,0,NULL,NULL,,3,0,2,7,255,1321,250,0,0
stim,159517,189638,0,189638,3386934.454,-0.725,0.032,0.038,-0.686,0,0,25,0,0,0,0,165,46,1.080,1,2211,0,349.473,0.348,186.875,293.000,36.875,-0.156,-0.109,1.898,-0.137,0.320,7.293,3.038,3.432,1.012,1.382,0,NULL,NULL,,3,0,2,7,255,1321,250,0,0
stim,159517,189638,0,189638,3386939.455,-0.725,0.047,0.041,-0.686,0,0,28,0,0,0,0,170,46,1.080,1,2211,0,349.057,0.616,187.875,292.313,33.125,-0.078,-0.102,2.035,-0.449,-0.422,8.895,3.044,3.440,1.012,1.382,0,NULL,NULL,,3,0,2,7,255,1321,250,0,0
stim,159517,189638,0,189638,3386944.454,-0.725,0.062,0.045,-0.684,0,0,28,0,0,0,0,167,46,1.080,1,2211,0,348.537,1.912,185.125,293.438,33.188,0.074,-0.082,2.055,-0.574,-1.824,9.996,3.048,3.448,1.012,1.382,0,NULL,NULL,,3,0,2,7,255,1321,250,0,0
stim,159517,189638,0,189638,3386949.455,-0.725,0.077,0.049,-0.683,0,0,27,0,0,0,0,167,46,1.080,1,2211,0,356.435,3.890,193.625,296.375,41.438,0.230,-0.082,2.051,-0.598,-3.844,9.996,3.052,3.454,1.012,1.382,0,NULL,NULL,,3,0,2,7,255,1321,250,0,0
stim,159536,189657,0,189657,3386954.453,-0.725,0.092,0.052,-0.681,0,0,29,0,0,0,0,168,46,1.080,1,2211,0,372.174,5.937,211.250,302.125,51.063,0.367,-0.078,2.133,-0.797,-5.883,9.887,3.052,3.456,1.012,1.382,0,NULL,NULL,,3,0,2,7,255,1321,250,0,0
stim,159536,189657,0,189657,3386959.455,-0.724,0.109,0.055,-0.679,0,0,29,0,0,0,0,178,46,1.080,1,2211,0,388.631,7.937,226.250,310.625,57.938,0.508,-0.063,2.266,-1.020,-7.871,9.887,3.048,3.454,1.012,1.382,0,NULL,NULL,,3,0,2,7,255,1321,250,0,0
stim,159536,189657,0,189657,3386964.453,-0.724,0.126,0.058,-0.676,0,0,29,0,0,0,0,173,46,1.080,1,2211,0,402.308,10.123,234.938,319.438,67.938,0.633,-0.043,2.402,-1.176,-10.055,10.633,3.038,3.446,1.012,1.382,0,NULL,NULL,,3,0,2,7,255,1321,250,0,0
stim,159536,189657,0,189657,3386969.455,-0.724,0.143,0.061,-0.672,0,0,27,0,0,0,0,174,46,1.080,1,2211,0,412.452,12.229,238.438,325.750,84.563,0.707,-0.043,2.523,-1.328,-12.156,11.277,3.022,3.434,1.012,1.382,0,NULL,NULL,,3,0,2,7,255,1321,250,0,0
stim,159536,189657,0,189657,3386974.454,-0.724,0.161,0.064,-0.668,0,0,31,0,0,0,0,188,46,1.080,1,2211,0,417.166,13.940,235.750,328.625,102.250,0.727,-0.043,2.633,-1.730,-13.832,11.836,3.002,3.416,1.012,1.382,0,NULL,NULL,,3,0,2,7,255,1321,250,0,0
stim,159536,189657,0,189657,3386979.455,-0.725,0.178,0.067,-0.663,0,0,25,0,0,0,0,201,46,1.080,1,2211,0,412.802,15.159,222.688,328.813,112.688,0.734,0.000,2.691,-2.133,-15.008,12.332,2.972,3.388,1.012,1.382,0,NULL,NULL,,3,0,2,7,255,1321,250,0,0
stim,159536,189657,0,189657,3386984.454,-0.725,0.194,0.070,-0.657,0,0,28,0,0,0,0,217,46,1.080,1,2211,0,402.353,16.031,207.188,322.563,122.125,0.723,0.020,2.707,-2.148,-15.887,12.332,2.934,3.352,1.012,1.382,0,NULL,NULL,,3,0,2,7,255,1321,250,0,0
stim,159536,189657,0,189657,3386989.455,-0.726,0.209,0.074,-0.651,0,0,28,0,0,0,0,221,46,1.080,1,2211,0,387.944,16.651,192.125,311.313,129.125,0.742,0.020,2.738,-2.266,-16.496,12.090,2.888,3.306,1.012,1.382,0,NULL,NULL,,3,0,2,7,255,1321,250,0,0
stim,159566,189687,0,189687,3386994.453,-0.727,0.224,0.077,-0.645,0,0,27,0,0,0,0,235,46,1.080,1,2211,0,365.346,17.583,168.375,297.250,129.500,0.828,-0.023,2.738,-2.484,-17.406,11.813,2.834,3.254,1.012,1.382,0,NULL,NULL,,3,0,2,7,255,1321,250,0,0
stim,159566,189687,0,189687,3386999.455,-0.728,0.237,0.081,-0.639,0,0,25,0,0,0,0,267,46,1.080,1,2211,0,340.371,19.000,139.500,281.625,130.688,0.988,-0.141,2.605,-2.949,-18.770,10.867,2.774,3.196,1.012,1.382,0,NULL,NULL,,3,0,2,7,255,1321,250,0,0
stim,159566,189687,0,189687,3387004.453,-0.729,0.248,0.085,-0.632,0,0,27,0,0,0,0,307,46,1.080,1,2211,0,321.132,20.549,117.938,263.750,140.188,1.125,-0.320,2.367,-3.711,-20.211,8.344,2.704,3.128,1.012,1.382,0,NULL,NULL,,3,0,2,7,255,1321,250,0,0
stim,159566,189687,0,189687,3387009.455,-0.731,0.259,0.088,-0.625,0,0,24,0,0,0,0,341,46,1.080,1,2211,0,307.894,21.185,109.188,244.563,151.875,1.191,-0.516,2.082,-4.773,-20.641,4.805,2.630,3.056,1.012,1.382,0,NULL,NULL,,3,0,2,7,255,1321,250,0,0
stim,159567,189688,0,189688,3387014.454,-0.733,0.270,0.091,-0.618,0,0,43,0,20,0,0,349,46,1.080,1,2211,0,297.256,21.477,112.250,224.500,159.250,1.234,-0.711,1.816,-5.934,-20.641,1.152,2.550,2.978,1.012,1.382,0,NULL,NULL,,3,0,2,7,255,1321,250,0,0
stim,159567,189688,0,189688,3387019.455,-0.735,0.280,0.092,-0.611,0,0,27,0,28,0,0,391,46,1.080,1,2211,0,290.254,21.390,125.688,204.250,163.500,1.293,-0.891,1.621,-7.172,-20.152,-2.184,2.466,2.896,1.012,1.382,0,NULL,NULL,,3,0,2,7,255,1321,250,0,0
stim,159620,189741,0,189741,3387024.454,-0.736,0.290,0.093,-0.604,0,0,25,0,71,0,0,403,46,1.080,1,2211,0,288.603,21.767,145.438,185.125,166.938,1.359,-1.043,1.531,-8.227,-20.152,-4.980,2.374,2.806,1.012,1.382,0,NULL,NULL,,3,0,2,7,255,1321,250,0,0
stim,159620,189741,0,189741,3387029.455,-0.738,0.301,0.092,-0.597,0,0,26,0,97,0,0,405,46,1.080,1,2211,0,289.487,22.417,164.625,167.625,169.125,1.430,-1.148,1.563,-9.184,-20.449,-6.926,2.278,2.710,1.012,1.382,0,NULL,NULL,,3,0,2,7,255,1321,250,0,0
stim,159620,189741,0,189741,3387034.453,-0.739,0.311,0.090,-0.591,0,0,29,0,117,0,0,419,46,1.080,1,2211,0,285.501,23.616,173.063,152.625,168.125,1.559,-1.199,1.711,-9.898,-21.441,-7.813,2.178,2.612,1.012,1.382,0,NULL,NULL,,3,0,2,7,255,1321,250,0,0
stim,159620,189741,0,189741,3387039.455,-0.740,0.321,0.088,-0.584,0,0,31,0,139,0,0,430,46,1.080,1,2211,0,272.627,25.471,163.500,140.000,167.313,1.758,-1.215,1.824,-9.898,-23.469,-7.922,2.074,2.510,1.012,1.382,0,NULL,NULL,,3,0,2,7,255,1321,250,0,0
stim,159620,189741,0,189741,3387044.453,-0.742,0.329,0.087,-0.577,0,0,29,0,175,0,0,453,46,1.080,1,2211,0,260.424,27.599,140.875,125.875,179.250,1.992,-1.242,1.957,-9.789,-25.805,-8.543,1.970,2.408,1.012,1.382,0,NULL,NULL,,3,0,2,7,255,1321,250,0,0
stim,159620,189741,0,189741,3387049.455,-0.744,0.336,0.086,-0.571,0,0,30,0,191,0,0,473,46,1.080,1,2211,0,212.410,28.122,104.188,118.063,142.563,1.797,-1.484,1.766,-9.789,-26.363,-9.242,1.860,2.300,1.012,1.382,0,NULL,NULL,,3,0,2,7,255,1321,250,0,0
stim,159620,189741,0,189741,3387054.454,-0.744,0.342,0.086,-0.567,0,0,27,0,211,0,0,480,46,1.080,1,2211,0,165.119,30.662,91.000,102.000,92.625,2.152,-1.660,1.617,-11.359,-28.480,-11.000,1.748,2.190,1.012,1.382,0,NULL,NULL,,3,0,2,7,255,1321,250,0,0
stim,159620,189741,0,189741,3387059.455,-0.745,0.347,0.085,-0.563,0,0,26,0,215,0,0,493,46,1.080,1,2211,0,149.551,30.707,90.500,83.938,84.438,2.496,-1.910,1.594,-11.480,-28.480,-14.930,1.632,2.074,1.012,1.382,0,NULL,NULL,,3,0,2,7,255,1321,250,0,0
stim,159620,189741,0,189741,3387064.453,-0.746,0.352,0.083,-0.559,0,0,30,0,225,0,0,491,46,1.080,1,2211,0,164.426,33.616,97.875,54.188,120.500,2.477,-1.945,1.727,-12.160,-31.340,-17.508,1.512,1.956,1.012,1.382,0,NULL,NULL,,3,0,2,7,255,1321,250,0,0
stim,159620,189741,0,189741,3387069.455,-0.747,0.357,0.079,-0.555,0,0,27,0,215,0,0,487,46,1.080,1,2211,0,161.746,33.616,102.563,26.125,122.313,1.961,-1.508,2.133,-12.160,-31.340,-17.508,1.388,1.830,1.012,1.382,0,NULL,NULL,,3,0,2,7,255,1321,250,0,0
stim,159650,189771,0,189771,3387074.454,-0.748,0.360,0.076,-0.552,0,0,29,0,201,0,0,477,46,1.080,1,2211,0,119.654,33.860,70.188,-2.438,96.875,1.887,-1.297,2.582,-11.391,-31.887,-10.387,1.258,1.700,1.012,1.382,0,NULL,NULL,,3,0,2,7,255,1321,250,0,0
stim,159650,189771,0,189771,3387079.455,-0.751,0.360,0.074,-0.549,0,0,28,0,165,0,0,475,46,1.080,1,2211,0,97.767,31.936,11.500,-26.375,93.438,1.477,-0.762,2.746,-10.844,-30.039,-5.949,1.126,1.566,1.012,1.382,0,NULL,NULL,,3,0,2,7,255,1321,250,0,0
stim,159650,189771,0,189771,3387084.454,-0.753,0.356,0.073,-0.548,0,0,25,0,125,0,0,477,46,1.080,1,2211,0,97.769,30.103,-71.313,-44.563,49.875,1.230,-0.461,2.809,-8.047,-29.008,-0.367,0.988,1.430,1.012,1.382,0,NULL,NULL,,3,0,2,7,255,1321,250,0,0
stim,159650,189771,0,189771,3387089.455,-0.757,0.350,0.074,-0.547,0,0,26,0,57,0,0,473,46,1.080,1,2211,0,177.073,27.867,-159.313,-64.188,43.063,1.176,-0.621,2.434,-6.805,-27.023,-0.039,0.850,1.288,1.012,1.382,0,NULL,NULL,,3,0,2,7,255,1321,250,0,0
stim,159650,189771,0,189771,3387094.454,-0.762,0.341,0.076,-0.546,0,0,23,0,60,0,0,536,46,1.080,1,2211,0,240.021,25.354,-222.375,-78.250,45.125,0.879,-0.551,2.008,-6.363,-24.543,-0.039,0.710,1.144,1.012,1.382,0,NULL,NULL,,3,0,2,7,255,1321,250,0,0
stim,159650,189771,0,189771,3387099.455,-0.766,0.334,0.075,-0.544,155,0,22,442,12,0,0,622,46,1.080,1,2211,0,203.021,20.701,-151.313,-104.938,85.500,-0.020,-1.238,2.418,-6.805,-19.551,-0.039,0.578,1.002,1.012,1.382,0,NULL,NULL,,3,0,2,7,255,1321,250,0,0
stim,159671,189792,0,189792,3387104.453,-0.779,0.331,0.063,-0.529,773,0,11,1128,0,87,0,611,46,1.080,1,2211,0,529.589,18.400,-10.438,-161.125,504.375,-1.551,0.855,4.172,-8.551,-16.293,3.813,0.454,0.864,1.012,1.382,0,NULL,NULL,,3,0,2,7,255,1321,250,0,0
stim,159671,189792,0,189792,3387109.455,-0.798,0.312,0.066,-0.511,1275,0,0,1567,0,349,0,660,46,1.080,1,2211,0,748.158,12.992,-548.500,-94.938,499.875,-2.145,3.348,2.871,-8.551,-9.781,32.723,0.344,0.728,1.012,1.382,0,NULL,NULL,,3,0,2,7,255,1321,250,0,0
stim,159671,189792,0,189792,3387114.453,-0.811,0.288,0.076,-0.504,1717,0,0,1867,0,520,0,746,46,1.080,1,2211,0,687.011,11.661,-663.438,-62.313,167.188,-2.637,2.105,0.027,5.324,10.375,32.723,0.264,0.598,1.012,1.382,0,NULL,NULL,,3,0,2,7,255,1321,250,0,0
stim,159671,189792,0,189792,3387119.455,-0.817,0.272,0.083,-0.502,2005,0,0,1965,0,626,0,803,46,1.080,1,2212,0,429.717,27.367,-423.313,-65.563,34.125,-2.141,1.102,-1.438,5.324,26.844,8.664,0.244,0.476,1.012,1.382,1,1233.000,-88.000,,3,0,2,7,255,1321,250,0,0
stim,159716,189837,0,189837,3387124.454,-0.817,0.266,0.083,-0.504,2159,0,0,2063,0,741,0,880,46,1.080,1,2212,0,147.928,27.367,-106.125,-87.813,-53.938,-0.402,1.316,-0.953,5.324,26.844,-9.582,0.272,0.362,1.012,1.382,1,NULL,NULL,,3,0,2,7,255,1321,250,0,0
stim,159716,189837,0,189837,3387129.455,-0.818,0.266,0.078,-0.505,2309,0,0,2119,0,927,0,963,46,1.080,1,2212,0,109.420,16.177,49.375,-95.250,21.500,0.406,1.359,1.055,10.293,12.480,-9.582,0.330,0.270,1.012,1.382,1,NULL,NULL,,3,0,2,7,255,1321,250,0,0
stim,159716,189837,0,189837,3387134.454,-0.822,0.261,0.075,-0.501,2406,0,0,2176,0,1073,0,1043,46,1.080,1,2212,0,193.762,12.751,-101.125,-98.125,133.000,0.141,1.633,2.027,12.258,-3.512,1.879,0.390,0.218,1.012,1.382,1,NULL,NULL,,3,0,2,7,255,1321,250,0,0
stim,159716,189837,0,189837,3387139.455,-0.829,0.249,0.076,-0.495,2507,0,0,2254,0,1226,0,1108,46,1.080,1,2212,0,334.323,12.751,-284.813,-98.125,145.000,-0.754,1.309,1.656,12.258,-3.512,11.105,0.404,0.236,1.012,1.382,1,NULL,NULL,,3,0,2,7,255,1321,250,0,0
stim,159716,189837,0,189837,3387144.453,-0.834,0.234,0.080,-0.493,2659,0,0,2471,0,1300,0,1151,46,1.080,1,2212,0,362.771,6.574,-347.500,-92.000,48.813,-1.059,0.531,0.734,5.777,3.137,11.105,0.402,0.276,1.012,1.382,1,NULL,NULL,,3,0,2,7,255,1321,250,0,0
stim,159716,189837,0,189837,3387149.455,-0.837,0.222,0.083,-0.494,2791,0,0,2653,0,1293,0,1215,46,1.080,1,2212,0,298.922,4.730,-282.750,-95.563,-16.563,-0.918,-0.586,0.012,-1.316,4.543,1.820,0.400,0.324,1.012,1.382,2,NULL,NULL,,3,0,2,7,255,1321,250,0,0
stim,159716,189837,0,189837,3387154.453,-0.841,0.212,0.081,-0.492,2887,0,0,2776,0,1288,0,1307,46,1.080,1,2212,0,258.214,10.597,-203.750,-144.438,65.563,-0.809,-1.633,-0.004,-9.574,4.543,-7.988,0.408,0.372,1.012,1.382,2,NULL,NULL,,3,0,2,7,255,1321,250,0,0
stim,159716,189837,0,189837,3387159.455,-0.843,0.205,0.078,-0.492,2951,0,0,2877,0,1297,0,1377,46,1.080,1,2212,0,179.270,12.627,-106.563,-143.000,18.250,-0.539,-1.152,0.207,-12.602,-0.801,-8.918,0.432,0.416,1.012,1.382,2,NULL,NULL,,3,0,2,7,255,1321,250,0,0
stim,159716,189837,0,189837,3387164.454,-0.843,0.202,0.073,-0.493,2989,0,0,2949,0,1309,0,1439,46,1.080,1,2212,0,135.275,12.716,0.688,-134.875,10.375,-0.008,0.098,0.703,-12.602,-1.699,-8.918,0.444,0.452,1.012,1.382,2,NULL,NULL,,3,0,2,7,255,1321,250,0,0
stim,159716,189837,0,189837,3387169.455,-0.844,0.201,0.068,-0.493,3041,0,0,3015,0,1387,0,1488,46,1.080,1,2212,0,120.607,2.346,29.375,-116.750,7.250,0.098,0.277,1.590,0.348,-2.320,-3.262,0.436,0.472,1.012,1.382,2,NULL,NULL,,3,0,2,7,255,1321,250,0,0
stim,159738,189859,0,189859,3387174.454,-0.845,0.196,0.065,-0.493,3053,0,0,3058,0,1462,0,1539,46,1.080,1,2212,0,127.210,5.725,-60.813,-110.063,19.250,0.059,-0.160,1.813,0.348,-5.715,4.844,0.410,0.478,1.012,1.382,2,NULL,NULL,,3,0,2,7,255,1321,250,0,0
stim,159738,189859,0,189859,3387179.455,-0.848,0.188,0.064,-0.492,3064,0,0,3097,0,1524,0,1588,46,1.080,1,2212,0,204.581,7.034,-167.563,-109.063,43.375,-0.121,-0.645,1.305,-2.168,-6.691,4.844,0.368,0.474,1.012,1.382,2,NULL,NULL,,3,0,2,7,255,1321,250,0,0
stim,159738,189859,0,189859,3387184.453,-0.851,0.179,0.064,-0.490,3089,0,0,3129,0,1645,0,1657,46,1.080,1,2212,0,215.750,9.485,-177.063,-111.063,53.500,-0.430,-0.863,0.496,-6.723,-6.691,0.965,0.340,0.456,1.012,1.382,2,NULL,NULL,,3,0,2,7,255,1321,250,0,0
stim,159738,189859,0,189859,3387189.455,-0.852,0.174,0.061,-0.490,3097,0,0,3147,0,1761,0,1737,46,1.080,1,2212,0,141.654,9.317,-80.750,-114.000,23.438,-0.594,-0.691,0.422,-9.031,-2.289,-5.738,0.328,0.422,1.012,1.382,2,NULL,NULL,,3,0,2,7,255,1321,250,0,0
stim,159765,189886,0,189886,3387194.453,-0.852,0.170,0.057,-0.492,3103,0,0,3171,0,1861,0,1779,46,1.080,1,2212,0,123.253,9.184,-20.625,-116.625,-34.125,-0.465,-0.309,1.203,-9.031,-1.668,-5.738,0.330,0.378,1.012,1.382,2,NULL,NULL,,3,0,2,7,255,1321,250,0,0
stim,159765,189886,0,189886,3387199.455,-0.852,0.166,0.054,-0.494,3111,0,0,3179,26,1952,0,1812,46,1.080,1,2212,0,123.867,5.777,-36.500,-108.500,-47.313,0.117,-0.152,1.297,-5.531,-1.668,1.602,0.342,0.326,1.012,1.382,2,NULL,NULL,,3,0,2,7,255,1321,250,0,0
stim,159765,189886,0,189886,3387204.454,-0.852,0.162,0.052,-0.495,3111,0,0,3191,77,2031,0,1833,46,1.080,1,2212,0,120.658,6.653,-63.313,-102.313,-9.063,0.145,-0.398,1.188,-3.258,-5.801,1.602,0.356,0.278,1.012,1.382,2,NULL,NULL,,3,0,2,7,255,1321,250,0,0
stim,159765,189886,0,189886,3387209.455,-0.853,0.157,0.049,-0.495,3111,0,0,3187,144,2119,0,1852,46,1.080,1,2212,0,122.188,6.653,-67.688,-100.688,14.500,-0.070,-0.551,0.965,-3.258,-5.801,0.102,0.360,0.244,1.012,1.382,2,NULL,NULL,,3,0,2,7,255,1321,250,0,0
stim,159784,189905,0,189905,3387214.454,-0.854,0.153,0.047,-0.495,3117,0,0,3205,269,2165,0,1878,46,1.080,1,2212,0,107.859,6.035,-45.563,-96.625,14.875,-0.129,-0.285,0.852,-3.504,-4.914,-1.664,0.360,0.222,1.012,1.382,2,NULL,NULL,,3,0,2,7,255,1321,250,0,0
stim,159784,189905,0,189905,3387219.455,-0.855,0.150,0.044,-0.495,3115,0,0,3207,365,2213,0,1915,46,1.080,1,2212,0,98.728,4.464,-27.313,-94.625,6.875,-0.160,-0.059,0.953,-3.504,-2.766,-1.664,0.360,0.206,1.012,1.382,2,NULL,NULL,,3,0,2,7,255,1321,250,0,0
stim,159813,189934,0,189934,3387224.454,-0.855,0.147,0.041,-0.495,3114,0,0,3192,535,2280,0,1969,46,1.080,1,2212,0,95.440,2.945,-26.375,-91.688,2.563,-0.113,-0.051,1.078,-1.824,-2.313,-0.637,0.364,0.196,1.012,1.382,2,NULL,NULL,,3,0,2,7,255,1321,250,0,0
stim,159813,189934,0,189934,3387229.455,-0.856,0.144,0.038,-0.496,3119,0,0,3194,693,2311,59,2031,46,1.080,1,2212,0,89.139,2.804,-23.688,-85.875,3.188,-0.023,0.051,1.297,-1.586,-2.313,0.484,0.376,0.182,1.012,1.382,2,NULL,NULL,,3,0,2,7,255,1321,250,0,0
stim,159836,189957,0,189957,3387234.453,-0.855,0.143,0.036,-0.497,3115,0,0,3199,861,2349,35,2099,46,1.080,1,2212,0,61.668,3.092,-6.688,-56.438,-23.938,0.125,0.340,1.484,-0.430,-3.063,2.563,0.394,0.164,1.012,1.382,2,NULL,NULL,,3,0,2,7,255,1321,250,0,0
stim,159836,189957,0,189957,3387239.455,-0.855,0.141,0.035,-0.498,3116,0,0,3191,948,2364,51,2149,46,1.080,1,2212,0,53.121,4.297,-17.813,-47.313,-16.313,0.340,0.453,1.137,2.645,-3.387,2.563,0.412,0.148,1.012,1.382,2,NULL,NULL,,3,0,2,7,255,1321,250,0,0
stim,159836,189957,0,189957,3387244.454,-0.855,0.140,0.034,-0.499,3115,8,0,3182,1003,2393,43,2184,46,1.080,1,2212,0,42.623,4.629,-8.063,-37.000,-19.563,-0.004,0.465,1.254,3.156,-3.387,2.859,0.430,0.136,1.012,1.382,2,NULL,NULL,,3,0,2,7,255,1321,250,0,0
stim,159836,189957,0,189957,3387249.455,-0.854,0.138,0.033,-0.500,3116,21,0,3197,1065,2403,30,2216,46,1.080,1,2212,0,60.584,3.329,-25.313,-28.750,-46.938,-0.246,0.230,1.074,3.156,-1.059,1.230,0.446,0.128,1.012,1.382,2,NULL,NULL,,3,0,2,7,255,1321,250,0,0
stim,159836,189957,0,189957,3387254.454,-0.853,0.137,0.033,-0.503,3113,23,0,3187,1158,2417,37,2240,46,1.080,1,2212,0,75.273,0.643,-21.000,-28.625,-66.375,-0.133,0.211,0.875,0.621,-0.168,1.230,0.462,0.122,1.012,1.382,2,NULL,NULL,,3,0,2,7,255,1321,250,0,0
stim,159836,189957,0,189957,3387259.455,-0.851,0.136,0.033,-0.506,3109,24,0,3192,1247,2436,33,2277,46,1.080,1,2212,0,80.107,0.643,-8.313,-23.313,-76.188,-0.066,0.238,1.035,0.621,-0.168,0.496,0.478,0.112,1.012,1.382,2,NULL,NULL,,3,0,2,7,255,1321,250,0,0
stim,159836,189957,0,189957,3387264.453,-0.850,0.134,0.032,-0.509,3113,56,0,3181,1307,2444,39,2301,46,1.080,1,2212,0,76.721,1.144,-14.875,-20.438,-72.438,0.008,0.121,1.090,0.621,-0.961,0.496,0.492,0.096,1.012,1.382,2,NULL,NULL,,3,0,2,7,255,1321,250,0,0
stim,159836,189957,0,189957,3387269.455,-0.849,0.133,0.032,-0.511,3113,62,0,3187,1367,2461,43,2339,46,1.080,1,2212,0,66.550,2.020,-25.125,-17.375,-59.125,-0.012,0.105,1.031,0.418,-1.977,0.496,0.508,0.080,1.012,1.382,2,NULL,NULL,,3,0,2,7,255,1321,250,0,0
stim,159836,189957,0,189957,3387274.454,-0.848,0.131,0.033,-0.513,3109,75,5,3189,1429,2475,44,2357,46,1.080,1,2212,0,62.419,2.013,-27.313,-14.625,-54.188,-0.098,0.164,0.969,0.383,-1.977,0.145,0.516,0.068,1.012,1.382,2,NULL,NULL,,3,0,2,7,255,1321,250,0,0
stim,159836,189957,0,189957,3387279.455,-0.846,0.130,0.033,-0.516,3112,90,9,3194,1467,2499,51,2383,46,1.080,1,2212,0,72.312,0.912,-19.625,-9.563,-68.938,-0.176,0.266,1.000,0.383,-0.828,0.145,0.522,0.060,1.012,1.382,2,NULL,NULL,,3,0,2,7,255,1321,250,0,0
stim,159836,189957,0,189957,3387284.454,-0.844,0.129,0.033,-0.519,3109,117,19,3187,1515,2509,51,2397,46,1.080,1,2212,0,98.235,0.946,-19.625,-5.000,-96.125,-0.184,0.348,1.078,0.914,0.242,0.410,0.528,0.054,1.012,1.382,2,NULL,NULL,,3,0,2,7,255,1321,250,0,0
stim,159836,189957,0,189957,3387289.455,-0.842,0.128,0.034,-0.523,3109,140,29,3206,1561,2513,49,2410,46,1.080,1,2212,0,99.250,0.946,-30.500,-7.000,-94.188,0.039,-0.016,0.973,0.914,0.242,0.410,0.534,0.050,1.012,1.382,2,NULL,NULL,,3,0,2,7,255,1321,250,0,0
stim,159860,189981,0,189981,3387294.454,-0.841,0.126,0.035,-0.524,3109,171,53,3195,1598,2519,53,2423,46,1.080,1,2212,0,61.069,2.732,-27.375,-8.000,-54.000,0.152,-0.043,1.035,-0.266,-2.719,-0.320,0.540,0.046,1.012,1.382,2,NULL,NULL,,3,0,2,7,255,1321,250,0,0
stim,159860,189981,0,189981,3387299.455,-0.841,0.125,0.035,-0.525,3103,199,97,3191,1635,2523,53,2429,46,1.080,1,2212,0,40.230,2.732,-33.625,-5.563,-21.375,-0.008,0.066,1.020,-0.266,-2.719,-0.320,0.548,0.042,1.012,1.382,2,NULL,NULL,,3,0,2,7,255,1321,250,0,0
stim,159860,189981,0,189981,3387304.453,-0.841,0.123,0.036,-0.526,3104,223,153,3207,1671,2531,62,2439,46,1.080,1,2212,0,35.667,2.055,-30.875,-4.375,-17.313,-0.172,0.113,0.980,-0.254,-2.039,-0.012,0.554,0.042,1.012,1.382,2,NULL,NULL,,3,0,2,7,255,1321,250,0,0
stim,159860,189981,0,189981,3387309.455,-0.840,0.122,0.037,-0.527,3112,263,182,3207,1697,2524,69,2451,46,1.080,1,2212,0,43.112,0.440,-28.688,-4.438,-31.875,-0.219,0.121,0.996,-0.254,-0.359,-0.004,0.560,0.040,1.012,1.382,2,NULL,NULL,,3,0,2,7,255,1321,250,0,0
stim,159880,190001,0,190001,3387314.453,-0.840,0.121,0.037,-0.528,3101,265,209,3192,1733,2528,71,2456,46,1.080,1,2212,0,45.892,0.495,-27.000,-3.563,-36.938,-0.105,0.063,1.000,-0.340,-0.359,-0.012,0.566,0.040,1.012,1.382,2,NULL,NULL,,3,0,2,7,255,1321,250,0,0
stim,159880,190001,0,190001,3387319.455,-0.839,0.120,0.038,-0.530,3100,255,245,3208,1754,2528,71,2469,46,1.080,1,2212,0,43.145,0.899,-27.625,-3.063,-33.000,-0.137,0.094,1.035,-0.340,-0.832,0.238,0.572,0.040,1.012,1.382,2,NULL,NULL,,3,0,2,7,255,1321,250,0,0
stim,159880,190001,0,190001,3387324.454,-0.838,0.118,0.039,-0.531,3102,249,361,3197,1799,2537,69,2468,46,1.080,1,2212,0,45.470,0.876,-30.188,-2.125,-33.938,-0.176,0.102,1.023,-0.273,-0.832,0.402,0.578,0.038,1.012,1.382,2,NULL,NULL,,3,0,2,7,255,1321,250,0,0
stim,159880,190001,0,190001,3387329.455,-0.838,0.117,0.039,-0.532,3095,263,421,3191,1817,2535,72,2470,46,1.080,1,2212,0,46.400,0.573,-31.063,-3.875,-34.250,-0.172,0.063,0.980,-0.273,-0.504,0.402,0.584,0.038,1.012,1.382,2,NULL,NULL,,3,0,2,7,255,1321,250,0,0
stim,159920,190041,0,190041,3387334.454,-0.837,0.116,0.040,-0.533,3087,273,495,3187,1863,2547,70,2477,46,1.080,1,2212,0,47.003,0.710,-31.063,-3.875,-35.063,-0.188,0.047,0.992,-0.559,-0.438,0.070,0.588,0.036,1.012,1.382,2,NULL,NULL,,3,0,2,7,255,1321,250,0,0
stim,159920,190041,0,190041,3387339.455,-0.836,0.114,0.041,-0.535,3082,283,551,3194,1890,2535,73,2491,46,1.080,1,2212,0,49.326,0.841,-31.938,-4.563,-37.313,-0.195,0.031,0.984,-0.719,-0.438,-0.012,0.592,0.032,1.012,1.382,2,NULL,NULL,,3,0,2,7,255,1321,250,0,0
stim,159920,190041,0,190041,3387344.453,-0.836,0.113,0.042,-0.536,3087,277,582,3183,1915,2532,75,2488,46,1.080,1,2212,0,52.119,0.878,-31.563,-4.313,-41.250,-0.184,0.035,0.980,-0.762,-0.438,-0.012,0.598,0.024,1.012,1.382,2,NULL,NULL,,3,0,2,7,255,1321,250,0,0
stim,159920,190041,0,190041,3387349.455,-0.835,0.111,0.042,-0.538,3080,283,622,3173,1943,2543,72,2487,46,1.080,1,2212,0,52.699,0.894,-30.938,-4.375,-42.438,-0.160,0.035,0.977,-0.762,-0.469,-0.074,0.606,0.018,1.012,1.382,2,NULL,NULL,,3,0,2,7,255,1321,250,0,0
stim,159920,190041,0,190041,3387354.453,-0.834,0.110,0.043,-0.539,3065,274,693,3166,1971,2537,73,2491,46,1.080,1,2212,0,50.619,0.906,-30.500,-4.688,-40.125,-0.133,0.027,0.992,-0.637,-0.645,-0.074,0.612,0.008,1.012,1.382,2,NULL,NULL,,3,0,2,7,255,1321,250,0,0
stim,159920,190041,0,190041,3387359.455,-0.833,0.108,0.044,-0.540,3056,283,759,3159,1995,2533,84,2505,46,1.080,1,2212,0,47.918,1.066,-32.188,-3.625,-35.313,-0.125,0.020,0.988,-0.574,-0.898,-0.098,0.618,0.000,1.012,1.382,2,NULL,NULL,,3,0,2,7,255,1321,250,0,0
stim,159920,190041,0,190041,3387364.454,-0.833,0.107,0.045,-0.541,3047,293,819,3156,2024,2539,89,2505,46,1.080,1,2212,0,42.012,1.157,-33.000,-6.688,-25.125,-0.098,-0.063,0.961,-0.574,-1.004,-0.098,0.000,0.000,1.012,1.382,2,NULL,NULL,,3,0,2,7,255,1321,250,0,0
stim,159920,190041,0,190041,3387369.455,-0.833,0.105,0.045,-0.542,3039,287,882,3142,2037,2527,92,2509,46,1.080,1,2212,0,34.845,1.260,-30.125,-5.688,-16.563,-0.121,-0.004,0.973,-0.719,-1.035,-0.273,0.000,0.000,1.012,1.382,2,NULL,NULL,,3,0,2,7,255,1321,250,0,0
stim,159949,190070,0,190070,3387374.454,-0.833,0.104,0.046,-0.542,3033,293,920,3129,2069,2532,105,2514,46,1.080,1,2212,0,33.510,1.260,-29.813,-6.313,-13.938,-0.156,0.023,0.969,-0.719,-1.035,-0.273,0.000,0.000,1.012,1.382,2,NULL,NULL,,3,0,2,7,255,1321,250,0,0
stim,159949,190070,0,190070,3387379.455,-0.832,0.103,0.046,-0.543,3032,296,975,3123,2073,2525,107,2526,46,1.080,1,2212,0,32.976,0.848,-28.313,-6.750,-15.500,-0.172,0.035,0.969,-0.602,-0.598,-0.215,0.000,0.000,1.012,1.382,2,NULL,NULL,,3,0,2,7,255,1321,250,0,0
stim,159949,190070,0,190070,3387384.453,-0.832,0.101,0.047,-0.543,3022,299,1006,3113,2099,2525,113,2525,46,1.080,1,2212,0,33.315,0.673,-27.250,-6.750,-17.938,-0.156,0.063,0.988,-0.508,-0.441,-0.180,0.000,0.000,1.012,1.382,2,NULL,NULL,,3,0,2,7,255,1321,250,0,0
stim,159949,190070,0,190070,3387389.455,-0.832,0.100,0.047,-0.544,2998,297,1045,3100,2107,2532,135,2529,46,1.010,1,2212,1,32.755,0.475,-26.688,-7.375,-17.500,-0.137,0.066,0.984,-0.176,-0.441,-0.051,0.000,0.000,0.926,1.323,2,NULL,NULL,,3,0,2,7,255,1321,250,0,0
stim,159949,190070,0,190070,3387394.454,-0.832,0.099,0.047,-0.545,2989,295,1077,3091,2141,2522,135,2537,46,1.010,1,2212,1,30.620,0.597,-25.813,-7.813,-14.500,-0.125,0.086,0.992,-0.063,-0.594,0.004,0.008,0.008,0.926,1.323,2,NULL,NULL,,3,0,2,7,255,1321,250,0,0
stim,159949,190070,0,190070,3387399.455,-0.831,0.098,0.048,-0.545,2987,295,1111,3079,2159,2529,147,2547,46,1.010,1,2212,1,29.470,0.623,-25.125,-7.063,-13.688,-0.148,0.125,1.004,0.188,-0.594,0.016,0.016,0.014,0.926,1.323,2,NULL,NULL,,3,0,2,7,255,1321,250,0,0
stim,159970,190091,0,190091,3387404.454,-0.831,0.097,0.048,-0.546,2966,295,1145,3061,2189,2521,169,2543,46,1.010,1,2212,1,31.125,0.521,-25.313,-8.000,-16.250,-0.145,0.156,1.020,0.457,-0.250,0.176,0.022,0.018,0.926,1.323,2,NULL,NULL,,3,0,2,7,255,1321,250,0,0
stim,159970,190091,0,190091,3387409.455,-0.831,0.096,0.048,-0.546,2965,295,1197,3056,2215,2525,211,2565,46,1.010,1,2212,1,32.322,0.828,-25.438,-7.125,-18.625,-0.121,0.172,1.016,0.789,-0.250,0.273,0.028,0.024,0.926,1.323,2,NULL,NULL,,3,0,2,7,255,1321,250,0,0
stim,159970,190091,0,190091,3387414.454,-0.831,0.094,0.048,-0.547,2938,297,1251,3043,2239,2515,239,2559,46,1.010,1,2212,1,31.426,1.074,-25.938,-7.125,-16.250,-0.109,0.168,1.012,1.031,-0.301,0.273,0.032,0.028,0.926,1.323,2,NULL,NULL,,3,0,2,7,255,1321,250,0,0
stim,159970,190091,0,190091,3387419.455,-0.830,0.093,0.049,-0.547,2924,291,1295,3029,2263,2522,279,2567,46,1.010,1,2212,1,30.118,1.074,-26.063,-6.750,-13.500,-0.133,0.160,1.008,1.031,-0.301,0.219,0.036,0.030,0.926,1.323,2,NULL,NULL,,3,0,2,7,255,1321,250,0,0
stim,160017,190138,0,190138,3387424.454,-0.830,0.092,0.049,-0.548,2908,293,1379,3025,2294,2521,297,2581,46,1.010,1,2212,1,31.782,0.923,-27.500,-7.250,-14.188,-0.168,0.156,1.008,0.898,-0.211,0.219,0.038,0.032,0.926,1.323,2,NULL,NULL,,3,0,2,7,255,1321,250,0,0
stim,160017,190138,0,190138,3387429.455,-0.830,0.091,0.050,-0.548,2901,297,1444,3015,2315,2521,341,2590,46,1.010,1,2212,1,35.987,0.760,-30.188,-7.875,-17.938,-0.188,0.148,1.012,0.754,0.094,0.277,0.042,0.032,0.926,1.323,2,NULL,NULL,,3,0,2,7,255,1321,250,0,0
stim,160017,190138,0,190138,3387434.453,-0.830,0.089,0.050,-0.549,2875,303,1510,2997,2343,2520,384,2587,46,1.010,1,2212,1,41.398,0.642,-33.375,-8.250,-23.063,-0.180,0.125,1.004,0.629,0.129,0.277,0.042,0.032,0.926,1.323,2,NULL,NULL,,3,0,2,7,255,1321,250,0,0
stim,160017,190138,0,190138,3387439.455,-0.829,0.088,0.051,-0.550,2859,313,1589,2999,2377,2520,440,2601,46,1.010,1,2212,1,45.884,0.501,-36.188,-8.375,-26.938,-0.156,0.090,1.000,0.484,0.129,0.258,0.042,0.032,0.926,1.323,2,NULL,NULL,,3,0,2,7,255,1321,250,0,0
stim,160017,190138,0,190138,3387444.454,-0.829,0.086,0.051,-0.551,2841,331,1661,2975,2407,2523,491,2615,46,1.010,1,2212,1,46.621,0.350,-37.375,-8.625,-26.500,-0.141,0.039,0.980,0.285,-0.203,0.145,0.042,0.030,0.926,1.323,2,NULL,NULL,,3,0,2,7,255,1321,250,0,0
stim,160017,190138,0,190138,3387449.455,-0.828,0.084,0.052,-0.552,2824,347,1747,2969,2427,2515,538,2623,46,1.010,1,2212,1,46.709,0.467,-38.563,-9.063,-24.750,-0.148,0.012,0.969,-0.094,-0.457,-0.121,0.040,0.030,0.926,1.323,2,NULL,NULL,,3,0,2,7,255,1321,250,0,0
stim,160017,190138,0,190138,3387454.453,-0.828,0.083,0.053,-0.552,2805,357,1801,2961,2455,2524,607,2623,46,1.010,1,2212,1,46.657,0.572,-38.750,-9.813,-24.063,-0.164,-0.012,0.961,-0.344,-0.457,-0.203,0.040,0.028,0.926,1.323,2,NULL,NULL,,3,0,2,7,255,1321,250,0,0
stim,160017,190138,0,190138,3387459.455,-0.827,0.081,0.053,-0.553,2781,361,1863,2943,2485,2525,659,2649,46,1.010,1,2212,1,46.502,0.750,-37.375,-10.438,-25.625,-0.152,-0.035,0.957,-0.586,-0.469,-0.273,0.036,0.024,0.926,1.323,2,NULL,NULL,,3,0,2,7,255,1321,250,0,0
stim,160017,190138,0,190138,3387464.453,-0.827,0.079,0.054,-0.554,2765,373,1912,2923,2504,2525,716,2647,46,1.010,1,2212,1,45.700,0.788,-35.563,-10.563,-26.688,-0.137,-0.031,0.957,-0.586,-0.527,-0.348,0.032,0.020,0.926,1.323,2,NULL,NULL,,3,0,2,7,255,1321,250,0,0
stim,160017,190138,0,190138,3387469.455,-0.826,0.078,0.054,-0.555,2759,399,1967,2919,2535,2529,768,2659,46,1.010,1,2212,1,42.082,0.937,-32.063,-11.000,-24.938,-0.117,-0.051,0.941,-0.691,-0.633,-0.359,0.030,0.016,0.926,1.323,2,NULL,NULL,,3,0,2,7,255,1321,250,0,0
stim,160038,190159,0,190159,3387474.454,-0.826,0.076,0.055,-0.556,2732,416,2030,2904,2547,2525,823,2672,46,1.010,1,2212,1,36.585,1.097,-27.625,-11.125,-21.250,-0.109,-0.059,0.945,-0.691,-0.852,-0.547,0.030,0.014,0.926,1.323,2,NULL,NULL,,3,0,2,7,255,1321,250,0,0
stim,160038,190159,0,190159,3387479.455,-0.826,0.075,0.055,-0.556,2707,423,2089,2893,2579,2533,874,2675,46,1.010,1,2212,1,31.664,1.097,-24.125,-11.563,-16.938,-0.125,-0.051,0.961,-0.691,-0.852,-0.547,0.030,0.014,0.926,1.323,2,NULL,NULL,,3,0,2,7,255,1321,250,0,0
stim,160038,190159,0,190159,3387484.454,-0.826,0.073,0.055,-0.557,2683,433,2137,2885,2599,2527,935,2681,46,1.010,1,2212,1,28.571,1.033,-22.375,-12.500,-12.625,-0.109,-0.016,0.973,-0.680,-0.777,-0.348,0.032,0.014,0.926,1.323,2,NULL,NULL,,3,0,2,7,255,1321,250,0,0
stim,160038,190159,0,190159,3387489.455,-0.825,0.072,0.055,-0.557,2667,445,2201,2875,2607,2527,1021,2697,46,1.010,1,2212,1,25.729,0.807,-19.375,-11.750,-12.188,-0.168,0.012,0.973,-0.266,-0.762,-0.242,0.034,0.016,0.926,1.323,2,NULL,NULL,,3,0,2,7,255,1321,250,0,0
stim,160069,190190,0,190190,3387494.453,-0.825,0.071,0.055,-0.558,2636,463,2237,2851,2635,2533,1107,2707,46,1.010,1,2212,1,26.177,0.348,-17.375,-12.875,-14.750,-0.137,0.047,0.988,-0.215,-0.273,-0.145,0.038,0.016,0.926,1.323,2,NULL,NULL,,3,0,2,7,255,1321,250,0,0
stim,160069,190190,0,190190,3387499.455,-0.825,0.070,0.055,-0.558,2613,487,2277,2844,2635,2533,1158,2727,46,1.010,1,2212,1,28.443,0.275,-19.188,-13.063,-16.438,-0.156,0.063,1.023,0.234,-0.145,-0.027,0.040,0.020,0.926,1.323,2,NULL,NULL,,3,0,2,7,255,1321,250,0,0
stim,160069,190190,0,190190,3387504.453,-0.824,0.069,0.055,-0.559,2585,486,2329,2827,2663,2531,1236,2729,46,1.010,1,2212,1,33.529,0.337,-23.125,-12.500,-20.813,-0.152,0.059,1.020,0.316,-0.117,0.305,0.042,0.020,0.926,1.323,2,NULL,NULL,,3,0,2,7,255,1321,250,0,0
stim,160069,190190,0,190190,3387509.455,-0.824,0.068,0.055,-0.560,2541,499,2363,2811,2679,2535,1305,2733,46,1.010,1,2212,1,37.041,0.337,-25.813,-12.625,-23.375,-0.105,0.039,1.012,0.316,-0.117,0.305,0.044,0.022,0.926,1.323,2,NULL,NULL,,3,0,2,7,255,1321,250,0,0
stim,160069,190190,0,190190,3387514.454,-0.824,0.067,0.055,-0.561,2509,517,2407,2807,2681,2535,1373,2744,46,1.010,1,2212,1,36.128,0.656,-26.313,-11.938,-21.688,-0.102,-0.008,0.977,0.316,-0.574,0.125,0.044,0.022,0.926,1.323,2,NULL,NULL,,3,0,2,7,255,1321,250,0,0
stim,160069,190190,0,190190,3387519.455,-0.823,0.065,0.055,-0.561,2483,536,2440,2795,2699,2543,1447,2757,46,1.010,1,2212,1,33.117,0.725,-23.938,-11.875,-19.563,-0.086,-0.043,0.961,-0.098,-0.719,-0.203,0.046,0.022,0.926,1.323,2,NULL,NULL,,3,0,2,7,255,1321,250,0,0
stim,160114,190235,0,190235,3387524.454,-0.823,0.064,0.056,-0.562,2451,550,2461,2778,2711,2539,1518,2765,46,1.010,1,2212,1,27.921,1.011,-20.438,-11.938,-14.813,-0.090,-0.059,0.961,-0.348,-0.949,-0.398,0.046,0.022,0.926,1.323,2,NULL,NULL,,3,0,2,7,255,1321,250,0,0
stim,160114,190235,0,190235,3387529.455,-0.823,0.063,0.056,-0.562,2429,564,2496,2763,2735,2541,1587,2773,46,1.010,1,2212,1,23.875,1.060,-17.813,-11.938,-10.500,-0.102,-0.055,0.973,-0.473,-0.949,-0.398,0.048,0.020,0.926,1.323,2,NULL,NULL,,3,0,2,7,255,1321,250,0,0
stim,160114,190235,0,190235,3387534.453,-0.823,0.062,0.055,-0.562,2403,565,2525,2739,2743,2543,1647,2787,46,1.010,1,2212,1,22.224,0.937,-17.125,-11.938,-7.625,-0.105,-0.039,0.980,-0.473,-0.809,-0.238,0.050,0.020,0.926,1.323,2,NULL,NULL,,3,0,2,7,255,1321,250,0,0
stim,160114,190235,0,190235,3387539.455,-0.823,0.061,0.055,-0.563,2391,573,2551,2729,2761,2541,1707,2788,46,1.010,1,2212,1,20.697,0.829,-15.125,-11.688,-7.938,-0.129,-0.039,0.973,-0.406,-0.723,-0.219,0.052,0.020,0.926,1.323,2,NULL,NULL,,3,0,2,7,255,1321,250,0,0
stim,160114,190235,0,190235,3387544.453,-0.822,0.060,0.055,-0.563,2343,573,2581,2707,2763,2543,1753,2791,46,1.010,1,2212,1,19.069,0.727,-12.313,-12.125,-8.063,-0.109,-0.043,0.969,-0.352,-0.637,-0.219,0.052,0.022,0.926,1.323,2,NULL,NULL,,3,0,2,7,255,1321,250,0,0
stim,160114,190235,0,190235,3387549.455,-0.822,0.059,0.055,-0.563,2300,573,2607,2687,2775,2550,1797,2807,46,1.010,1,2212,1,15.698,0.727,-8.875,-12.188,-4.375,-0.105,-0.035,0.977,-0.352,-0.637,-0.219,0.054,0.024,0.926,1.323,2,NULL,NULL,,3,0,2,7,255,1321,250,0,0
stim,160137,190258,0,190258,3387554.454,-0.822,0.059,0.055,-0.563,2263,581,2629,2669,2783,2549,1831,2809,46,1.010,1,2212,1,14.231,0.718,-6.688,-12.500,-1.250,-0.105,-0.035,0.977,-0.281,-0.660,-0.219,0.056,0.026,0.926,1.323,2,NULL,NULL,,3,0,2,7,255,1321,250,0,0
stim,160137,190258,0,190258,3387559.455,-0.822,0.058,0.054,-0.563,2217,583,2643,2649,2795,2553,1876,2823,46,1.010,1,2212,1,13.853,0.718,-6.063,-12.438,0.688,-0.133,-0.031,1.000,-0.281,-0.660,-0.195,0.056,0.026,0.926,1.323,2,NULL,NULL,,3,0,2,7,255,1321,250,0,0
stim,160137,190258,0,190258,3387564.454,-0.822,0.058,0.054,-0.563,2165,583,2651,2617,2797,2549,1911,2813,46,1.010,1,2212,1,14.577,0.518,-6.813,-12.750,-1.875,-0.141,-0.035,1.000,-0.316,-0.410,0.074,0.060,0.026,0.926,1.323,2,NULL,NULL,,3,0,2,7,255,1321,250,0,0
stim,160137,190258,0,190258,3387569.455,-0.822,0.057,0.054,-0.563,2131,585,2668,2592,2813,2549,1948,2835,46,1.010,1,2212,1,15.061,0.543,-6.875,-13.000,-3.250,-0.117,-0.039,0.988,-0.355,-0.410,0.074,0.062,0.026,0.926,1.323,2,NULL,NULL,,3,0,2,7,255,1321,250,0,0
stim,160137,190258,0,190258,3387574.454,-0.823,0.056,0.053,-0.563,2091,581,2683,2557,2825,2557,1991,2840,46,1.010,1,2212,1,14.352,0.633,-4.688,-13.563,0.250,-0.102,-0.027,0.984,-0.355,-0.523,-0.070,0.066,0.026,0.926,1.323,2,NULL,NULL,,3,0,2,7,255,1321,250,0,0
stim,160137,190258,0,190258,3387579.455,-0.823,0.056,0.053,-0.563,2029,581,2707,2523,2840,2556,2023,2845,46,1.010,1,2212,1,14.217,0.557,-2.875,-13.750,2.188,-0.133,0.012,1.012,-0.191,-0.523,-0.070,0.068,0.026,0.926,1.323,2,NULL,NULL,,3,0,2,7,255,1321,250,0,0
stim,160137,190258,0,190258,3387584.453,-0.823,0.055,0.053,-0.563,1975,573,2717,2487,2841,2552,2069,2845,46,1.010,1,2212,1,14.846,0.215,-4.125,-14.250,-0.563,-0.152,0.035,1.035,0.059,-0.207,0.172,0.070,0.026,0.926,1.323,2,NULL,NULL,,3,0,2,7,255,1321,250,0,0
stim,160137,190258,0,190258,3387589.455,-0.823,0.055,0.052,-0.564,1908,567,2740,2456,2853,2563,2104,2862,46,1.010,1,2212,1,16.679,0.268,-6.688,-14.563,-4.625,-0.133,0.031,1.031,0.223,-0.148,0.391,0.072,0.026,0.926,1.323,2,NULL,NULL,,3,0,2,7,255,1321,250,0,0
stim,160163,190284,0,190284,3387594.454,-0.823,0.054,0.052,-0.564,1831,559,2763,2410,2853,2554,2140,2867,46,1.010,1,2212,1,17.447,0.294,-8.563,-14.500,-4.563,-0.113,0.023,1.023,0.254,-0.148,0.391,0.076,0.026,0.926,1.323,2,NULL,NULL,,3,0,2,7,255,1321,250,0,0
stim,160163,190284,0,190284,3387599.455,-0.823,0.053,0.051,-0.564,1753,555,2773,2345,2867,2549,2157,2868,46,1.010,1,2212,1,18.109,0.412,-9.250,-15.063,-3.938,-0.113,0.020,1.027,0.254,-0.324,0.313,0.078,0.026,0.926,1.323,2,NULL,NULL,,3,0,2,7,255,1321,250,0,0
stim,160164,190285,0,190285,3387604.453,-0.823,0.053,0.051,-0.564,1675,550,2801,2311,2870,2552,2189,2884,46,1.010,1,2212,1,18.905,0.405,-10.500,-15.188,-4.063,-0.121,0.016,1.023,0.242,-0.324,0.301,0.080,0.026,0.926,1.323,2,NULL,NULL,,3,0,2,7,255,1321,250,0,0
stim,160164,190285,0,190285,3387609.455,-0.822,0.052,0.051,-0.564,1577,548,2805,2237,2875,2543,2217,2879,46,1.010,1,2212,1,20.992,0.295,-12.688,-15.563,-6.125,-0.137,0.008,1.031,0.180,-0.234,0.313,0.080,0.026,0.926,1.323,2,NULL,NULL,,3,0,2,7,255,1321,250,0,0
stim,160164,190285,0,190285,3387614.453,-0.822,0.051,0.051,-0.565,1450,535,2823,2171,2879,2549,2253,2890,46,1.010,1,2212,1,24.519,0.156,-15.625,-15.625,-10.625,-0.145,0.004,1.027,0.047,-0.148,0.367,0.082,0.028,0.926,1.323,2,NULL,NULL,,3,0,2,7,255,1321,250,0,0
stim,160164,190286,0,190286,3387619.455,-0.822,0.050,0.051,-0.565,1330,505,2844,2099,2893,2549,2283,2899,46,1.010,1,2212,1,27.513,0.156,-17.938,-16.063,-13.313,-0.109,-0.004,1.023,0.047,-0.148,0.367,0.084,0.028,0.926,1.323,2,NULL,NULL,,3,0,2,7,255,1321,250,0,0
stim,160195,190316,0,190316,3387624.454,-0.822,0.049,0.050,-0.565,1237,481,2867,2003,2907,2541,2311,2907,46,1.010,1,2212,1,27.693,0.367,-18.688,-16.313,-12.313,-0.105,-0.004,1.008,0.055,-0.363,0.262,0.086,0.028,0.926,1.323,2,NULL,NULL,,3,0,2,7,255,1321,250,0,0
stim,160195,190316,0,190316,3387629.455,-0.822,0.048,0.050,-0.566,1112,459,2867,1893,2927,2537,2345,2901,46,1.010,1,2212,1,27.378,0.371,-17.625,-16.125,-13.375,-0.137,0.012,1.012,0.074,-0.363,0.184,0.088,0.030,0.926,1.323,2,NULL,NULL,,3,0,2,7,255,1321,250,0,0
stim,160220,190341,0,190341,3387634.454,-0.821,0.047,0.050,-0.566,1020,421,2887,1803,2931,2535,2375,2901,46,1.010,1,2212,1,29.590,0.108,-16.875,-17.250,-17.125,-0.141,0.020,1.023,0.105,-0.023,0.184,0.090,0.030,0.926,1.323,2,NULL,NULL,,3,0,2,7,255,1321,250,0,0
stim,160220,190341,0,190341,3387639.455,-0.821,0.045,0.050,-0.567,923,390,2903,1673,2935,2527,2393,2923,46,1.010,1,2212,1,32.174,0.208,-17.875,-17.625,-20.125,-0.125,0.016,1.031,0.207,-0.023,0.301,0.092,0.030,0.926,1.323,2,NULL,NULL,,3,0,2,7,255,1321,250,0,0
stim,160220,190341,0,190341,3387644.453,-0.821,0.044,0.050,-0.568,746,341,2911,1543,2951,2521,2427,2924,46,1.010,1,2212,1,31.548,0.253,-18.438,-19.250,-16.875,-0.102,0.016,1.047,0.238,-0.086,0.379,0.094,0.032,0.926,1.323,2,NULL,NULL,,3,0,2,7,255,1321,250,0,0
stim,160220,190341,0,190341,3387649.455,-0.820,0.043,0.049,-0.568,604,325,2925,1389,2959,2515,2463,2921,46,1.010,1,2212,1,33.912,0.320,-21.750,-19.750,-16.938,-0.141,0.039,1.082,0.309,-0.086,0.469,0.096,0.032,0.926,1.323,2,NULL,NULL,,3,0,2,7,255,1321,250,0,0
stim,160220,190341,0,190341,3387654.453,-0.820,0.041,0.049,-0.569,473,287,2935,1203,2957,2507,2501,2927,46,1.010,1,2212,1,41.875,0.463,-28.563,-20.000,-23.188,-0.156,0.043,1.066,0.449,0.113,0.750,0.098,0.032,0.926,1.323,2,NULL,NULL,,3,0,2,7,255,1321,250,0,0
stim,160220,190341,0,190341,3387659.455,-0.819,0.040,0.049,-0.570,341,250,2942,1039,2967,2487,2529,2927,46,1.010,1,2212,1,45.244,0.465,-28.750,-21.625,-27.438,-0.141,0.016,1.043,0.449,0.121,0.750,0.100,0.034,0.926,1.323,2,NULL,NULL,,3,0,2,7,255,1321,250,0,0
stim,160220,190341,0,190341,3387664.454,-0.819,0.038,0.049,-0.571,239,201,2969,872,2981,2477,2548,2942,46,1.010,1,2212,1,45.882,0.278,-28.188,-23.250,-27.750,-0.109,-0.012,1.023,0.250,0.121,0.504,0.100,0.034,0.926,1.323,2,NULL,NULL,,3,0,2,7,255,1321,250,0,0
stim,160220,190341,0,190341,3387669.455,-0.818,0.037,0.049,-0.572,133,157,2969,671,2975,2459,2575,2941,46,1.010,1,2212,1,43.740,0.220,-24.938,-25.000,-25.813,-0.109,-0.012,1.043,0.133,-0.176,0.461,0.102,0.034,0.926,1.323,2,NULL,NULL,,3,0,2,7,255,1321,250,0,0
stim,160247,190368,0,190368,3387674.454,-0.818,0.035,0.049,-0.573,71,140,2980,523,2987,2446,2607,2943,46,1.010,1,2212,1,46.266,0.220,-26.375,-27.313,-26.438,-0.109,0.027,1.059,0.133,-0.176,0.461,0.102,0.036,0.926,1.323,2,NULL,NULL,,3,0,2,7,255,1321,250,0,0
stim,160247,190368,0,190368,3387679.455,-0.817,0.033,0.048,-0.574,29,107,2997,339,2997,2423,2634,2955,46,1.010,1,2212,1,48.533,0.522,-25.625,-28.063,-30.188,-0.117,0.051,1.059,0.520,-0.047,0.594,0.104,0.038,0.926,1.323,2,NULL,NULL,,3,0,2,7,255,1321,250,0,0
stim,160247,190368,0,190368,3387684.453,-0.816,0.032,0.047,-0.575,7,69,3001,161,3003,2409,2651,2950,46,1.010,1,2212,1,46.627,0.557,-20.188,-32.000,-27.250,-0.098,0.023,1.063,0.555,-0.047,0.598,0.104,0.038,0.926,1.323,2,NULL,NULL,,3,0,2,7,255,1321,250,0,0
stim,160247,190368,0,190368,3387689.455,-0.816,0.030,0.047,-0.576,0,41,3003,74,3013,2365,2677,2951,46,1.010,1,2212,1,47.942,0.563,-19.375,-33.750,-28.000,-0.086,0.000,1.070,0.555,-0.098,0.613,0.104,0.040,0.926,1.323,2,NULL,NULL,,3,0,2,7,255,1321,250,0,0
stim,160247,190368,1,190368,3387694.453,-0.815,0.029,0.046,-0.577,0,28,3025,0,3027,2351,2684,2957,46,1.010,1,2212,1,46.897,0.426,-15.063,-37.125,-24.375,-0.102,-0.031,1.094,0.375,-0.203,0.691,0.104,0.042,0.926,1.323,2,NULL,NULL,,3,1,2,7,255,1321,250,0,0
stim,160247,190368,1,190368,3387699.455,-0.815,0.028,0.044,-0.577,0,24,3021,0,3023,2329,2715,2967,46,1.010,1,2212,0,42.090,0.214,4.813,-40.875,-8.813,-0.211,-0.070,1.301,0.066,-0.203,0.957,0.104,0.046,0.926,1.323,3,NULL,NULL,,3,1,2,7,255,1321,250,0,0
stim,160271,190392,1,190392,3387704.454,-0.816,0.027,0.042,-0.576,0,8,3026,0,3028,2296,2723,2956,46,1.010,1,2212,0,52.431,0.763,9.375,-49.063,15.938,-0.313,-0.051,1.543,-0.520,0.559,3.098,0.104,0.050,0.926,1.323,3,NULL,NULL,,3,1,2,7,255,1321,250,0,0
stim,160271,190392,1,190392,3387709.455,-0.816,0.024,0.042,-0.576,0,0,3032,0,3029,2261,2741,2957,46,1.010,1,2212,0,65.831,1.112,-39.438,-52.375,5.938,-0.293,-0.172,1.422,-0.547,0.969,4.398,0.102,0.054,0.926,1.323,3,NULL,NULL,,3,1,2,7,255,1321,250,0,0
stim,160271,190392,1,190392,3387714.453,-0.816,0.020,0.042,-0.576,0,0,3033,0,3035,2208,2764,2957,46,1.010,1,2212,0,85.742,1.915,-66.313,-54.313,-2.125,-0.168,-0.281,1.078,-1.652,0.969,4.398,0.098,0.062,0.926,1.323,3,NULL,NULL,,3,1,2,7,255,1321,250,0,0
stim,160271,190392,1,190392,3387719.455,-0.816,0.017,0.041,-0.576,0,0,3036,0,3037,2165,2791,2956,46,1.010,1,2212,0,74.501,1.849,-44.375,-59.688,4.313,-0.168,-0.203,0.902,-1.832,0.250,0.957,0.094,0.068,0.926,1.323,3,NULL,NULL,,3,1,2,7,255,1321,250,0,0
stim,160317,190438,1,190438,3387724.454,-0.817,0.015,0.039,-0.575,0,0,3037,0,3043,2104,2805,2957,46,1.010,1,2212,0,66.102,1.849,-13.500,-64.500,5.188,-0.191,-0.078,0.941,-1.832,0.250,-0.438,0.090,0.074,0.926,1.323,3,NULL,NULL,,3,1,2,7,255,1321,250,0,0
stim,160317,190438,1,190438,3387729.455,-0.817,0.014,0.037,-0.576,0,0,3039,0,3047,2028,2821,2956,46,1.010,1,2212,0,67.997,1.174,1.438,-67.875,-3.813,-0.191,-0.055,1.059,-0.746,0.906,-0.438,0.086,0.078,0.926,1.323,3,NULL,NULL,,3,1,2,7,255,1321,250,0,0
stim,160317,190439,1,190439,3387734.454,-0.817,0.012,0.034,-0.576,0,0,3047,0,3054,1957,2835,2955,46,1.010,1,2212,0,71.408,1.174,4.750,-70.563,-9.875,-0.199,-0.117,1.086,-0.746,0.906,0.684,0.080,0.084,0.926,1.323,3,NULL,NULL,,3,1,2,7,255,1321,250,0,0
stim,160317,190439,1,190439,3387739.455,-0.817,0.010,0.031,-0.576,0,0,3035,0,3055,1863,2845,2953,46,1.010,1,2212,0,74.926,1.387,2.625,-73.688,-13.313,-0.156,-0.211,1.137,-1.070,0.883,0.988,0.076,0.092,0.926,1.323,3,NULL,NULL,,3,1,2,7,255,1321,250,0,0
stim,160317,190439,1,190439,3387744.454,-0.816,0.008,0.029,-0.577,0,0,3033,0,3060,1779,2861,2951,46,1.010,1,2212,0,76.355,1.784,-4.688,-75.250,-12.063,-0.109,-0.250,1.102,-1.773,0.191,1.137,0.072,0.100,0.926,1.323,3,NULL,NULL,,3,1,2,7,255,1321,250,0,0
stim,160317,190439,1,190439,3387749.455,-0.816,0.006,0.026,-0.577,0,0,3033,0,3063,1673,2873,2949,46,1.010,1,2212,0,78.247,1.794,-2.875,-77.875,-7.063,-0.070,-0.211,1.008,-1.773,-0.273,1.137,0.068,0.108,0.926,1.323,3,NULL,NULL,,3,1,2,7,255,1321,250,0,0
stim,160317,190439,1,190439,3387754.453,-0.817,0.004,0.023,-0.577,0,0,3029,0,3067,1571,2887,2941,46,1.010,1,2212,0,83.479,1.625,15.375,-81.813,6.250,-0.145,-0.148,1.012,-1.602,-0.273,0.223,0.066,0.116,0.926,1.323,3,NULL,NULL,,3,1,2,7,255,1321,250,0,0
stim,160317,190439,1,190439,3387759.457,-0.817,0.003,0.020,-0.577,0,0,3021,0,3067,1426,2900,2937,46,1.010,1,2212,0,87.625,1.416,20.875,-84.625,-9.000,-0.164,0.004,1.121,-1.313,0.531,0.223,0.062,0.124,0.926,1.323,3,NULL,NULL,,3,1,2,7,255,1321,250,0,0
stim,160318,190439,1,190439,3387764.453,-0.816,0.001,0.016,-0.577,0,0,3017,0,3081,1288,2909,2931,46,1.010,1,2212,0,91.473,1.096,17.938,-88.813,-12.563,-0.148,-0.043,1.191,-0.313,1.051,1.195,0.060,0.134,0.926,1.323,3,NULL,NULL,,3,1,2,7,255,1321,250,0,0
stim,160318,190439,1,190439,3387769.455,-0.816,-0.000,0.013,-0.578,0,0,3007,0,3079,1139,2917,2923,46,1.010,1,2212,0,93.941,1.052,17.250,-91.625,-11.500,-0.051,0.051,1.246,0.039,1.051,1.891,0.058,0.142,0.926,1.323,3,NULL,NULL,,3,1,2,7,255,1321,250,0,0
stim,160343,190464,1,190464,3387774.454,-0.816,-0.003,0.009,-0.577,0,0,2997,0,3080,967,2927,2917,46,1.010,1,2212,0,96.275,0.712,3.938,-96.188,1.188,-0.086,-0.016,1.211,0.043,0.711,2.055,0.058,0.152,0.926,1.323,3,NULL,NULL,,3,1,2,7,255,1321,250,0,0
stim,160343,190464,1,190464,3387779.455,-0.817,-0.005,0.005,-0.577,0,0,2981,0,3087,765,2937,2904,46,1.010,1,2212,0,101.630,0.797,9.250,-101.188,2.063,-0.117,0.035,1.168,0.359,0.711,2.055,0.058,0.160,0.926,1.323,3,NULL,NULL,,3,1,2,7,255,1321,250,0,0
stim,160343,190464,1,190464,3387784.453,-0.817,-0.007,0.001,-0.577,0,0,2969,0,3081,615,2943,2887,46,1.010,1,2212,0,109.606,1.122,14.125,-108.438,7.438,-0.082,0.047,1.199,0.359,1.063,1.891,0.056,0.170,0.926,1.323,3,NULL,NULL,,3,1,2,7,255,1321,250,0,0
stim,160343,190464,1,190464,3387789.455,-0.817,-0.009,-0.003,-0.576,0,0,2949,0,3079,501,2953,2875,46,1.010,1,2212,0,112.508,1.208,13.875,-111.375,7.813,-0.070,0.043,1.285,0.512,1.094,1.891,0.056,0.178,0.926,1.323,3,NULL,NULL,,3,1,2,7,255,1321,250,0,0
stim,160361,190482,1,190482,3387794.453,-0.818,-0.012,-0.008,-0.576,0,0,2929,0,3089,313,2961,2856,46,1.010,1,2212,0,119.917,1.216,3.875,-118.438,18.375,-0.082,0.094,1.336,0.531,1.094,2.762,0.054,0.186,0.926,1.323,3,NULL,NULL,,3,1,2,7,255,1321,250,0,0
stim,160361,190482,1,190482,3387799.455,-0.818,-0.015,-0.012,-0.575,0,0,2907,0,3082,164,2966,2827,46,1.010,1,2212,0,124.919,1.753,-5.250,-123.688,16.688,-0.141,0.152,1.234,0.895,1.508,2.762,0.052,0.194,0.926,1.323,3,NULL,NULL,,3,1,2,7,255,1321,250,0,0
stim,160361,190482,1,190482,3387804.454,-0.818,-0.017,-0.016,-0.574,0,0,2876,0,3080,83,2971,2797,46,1.010,1,2212,0,129.602,2.517,2.688,-129.375,7.188,-0.129,0.148,1.176,1.105,2.262,2.141,0.048,0.202,0.926,1.323,3,NULL,NULL,,3,1,2,7,255,1321,250,0,0
stim,160361,190482,1,190482,3387809.455,-0.819,-0.020,-0.022,-0.574,0,0,2847,0,3091,20,2976,2761,46,1.010,1,2212,0,136.945,2.517,18.063,-135.250,11.625,-0.070,0.121,1.297,1.105,2.262,2.141,0.042,0.210,0.926,1.323,3,NULL,NULL,,3,1,2,7,255,1321,250,0,0
stim,160385,190506,1,190506,3387814.454,-0.819,-0.022,-0.027,-0.573,0,0,2811,0,3077,0,2979,2712,46,1.010,1,2212,0,146.733,2.470,24.875,-143.500,17.875,-0.105,0.121,1.488,0.992,2.262,2.777,0.038,0.220,0.926,1.323,3,NULL,NULL,,3,1,2,7,255,1321,250,0,0
stim,160385,190506,1,190506,3387819.455,-0.820,-0.026,-0.033,-0.571,0,0,2775,0,3063,0,2984,2665,46,1.010,1,2212,0,153.623,2.646,8.188,-151.313,25.250,-0.152,0.172,1.637,0.992,2.453,4.602,0.038,0.234,0.926,1.323,3,NULL,NULL,,3,1,2,7,255,1321,250,0,0
stim,160414,190535,1,190535,3387824.454,-0.820,-0.030,-0.038,-0.570,0,0,2717,0,3055,0,2988,2605,46,1.010,1,2212,0,161.145,3.452,-15.125,-158.188,26.750,-0.234,0.180,1.668,0.828,3.352,5.965,0.042,0.248,0.926,1.323,3,NULL,NULL,,3,1,2,7,255,1321,250,0,0
stim,160414,190535,1,190535,3387829.455,-0.821,-0.035,-0.043,-0.569,0,0,2666,0,3055,0,2984,2535,46,1.010,1,2212,0,171.940,4.454,-23.250,-168.563,24.688,-0.262,0.145,1.680,0.793,4.383,6.168,0.054,0.264,0.926,1.323,3,NULL,NULL,,3,1,2,7,255,1321,250,0,0
stim,160414,190535,1,190535,3387834.453,-0.821,-0.041,-0.049,-0.567,0,0,2599,0,3047,0,2984,2467,46,1.010,1,2212,0,186.992,4.769,-30.938,-181.938,30.125,-0.250,0.109,1.734,0.332,4.758,6.207,0.072,0.284,0.926,1.323,3,NULL,NULL,,3,1,2,7,255,1321,250,0,0
stim,160414,190535,1,190535,3387839.457,-0.822,-0.047,-0.055,-0.565,0,0,2519,0,3037,0,2983,2367,46,1.010,1,2212,0,202.516,4.855,-38.250,-195.375,37.125,-0.324,0.094,1.809,-0.008,4.855,6.688,0.094,0.308,0.926,1.323,3,NULL,NULL,,3,1,2,7,255,1321,250,0,0
stim,160414,190535,1,190535,3387844.454,-0.822,-0.054,-0.061,-0.563,0,0,2425,0,3029,0,2975,2267,46,1.010,1,2212,0,222.122,5.864,-54.000,-211.188,42.688,-0.398,0.148,1.820,-0.316,5.855,7.078,0.120,0.336,0.926,1.323,3,NULL,NULL,,3,1,2,7,255,1321,250,0,0
stim,160414,190535,1,190535,3387849.455,-0.822,-0.062,-0.068,-0.561,0,0,2333,0,3013,0,2968,2153,46,1.010,1,2212,0,238.095,7.066,-59.188,-227.563,37.438,-0.422,0.203,1.840,-0.316,7.059,7.078,0.150,0.368,0.926,1.323,3,NULL,NULL,,3,1,2,7,255,1321,250,0,0
stim,160437,190558,1,190558,3387854.454,-0.822,-0.071,-0.075,-0.559,0,0,2233,0,2991,0,2967,2024,46,1.010,1,2212,0,255.496,7.778,-68.688,-244.000,32.000,-0.344,0.285,1.832,0.074,7.777,7.023,0.186,0.406,0.926,1.323,3,NULL,NULL,,3,1,2,7,255,1321,250,0,0
stim,160437,190558,1,190558,3387859.455,-0.822,-0.080,-0.082,-0.558,0,0,2110,0,2971,0,2943,1919,46,1.010,1,2212,0,270.865,7.899,-67.000,-261.125,26.313,-0.297,0.297,1.855,1.027,7.832,7.020,0.224,0.444,0.926,1.323,3,NULL,NULL,,3,1,2,7,255,1321,250,0,0
stim,160437,190558,1,190558,3387864.453,-0.822,-0.089,-0.090,-0.555,0,0,2005,0,2943,0,2927,1767,46,1.010,1,2212,0,289.573,7.970,-67.500,-279.750,32.188,-0.320,0.367,1.926,1.254,7.871,7.020,0.262,0.484,0.926,1.323,3,NULL,NULL,,3,1,2,7,255,1321,250,0,0
stim,160437,190558,1,190558,3387869.455,-0.822,-0.099,-0.099,-0.553,0,0,1899,0,2915,0,2891,1650,46,1.010,1,2212,0,308.028,9.077,-62.688,-298.625,42.125,-0.473,0.461,2.086,1.734,8.910,7.391,0.304,0.528,0.926,1.323,3,NULL,NULL,,3,1,2,7,255,1321,250,0,0
stim,160437,190558,1,190558,3387874.454,-0.821,-0.109,-0.109,-0.550,0,0,1811,0,2871,0,2850,1499,46,1.010,1,2212,0,325.551,11.633,-58.250,-317.750,40.313,-0.617,0.605,2.395,1.879,11.480,8.148,0.352,0.578,0.926,1.323,3,NULL,NULL,,3,1,2,7,255,1321,250,0,0
stim,160437,190558,1,190558,3387879.455,-0.820,-0.119,-0.119,-0.547,0,0,1743,0,2821,0,2780,1367,46,1.010,1,2212,0,345.348,14.788,-73.750,-336.500,24.375,-0.730,0.574,2.648,1.879,14.668,10.180,0.408,0.634,0.926,1.323,3,NULL,NULL,,3,1,2,7,255,1321,250,0,0
stim,160437,190558,1,190558,3387884.454,-0.818,-0.133,-0.128,-0.545,0,0,1641,0,2771,0,2715,1263,46,1.010,1,2212,0,377.137,17.018,-129.438,-353.938,14.375,-0.762,0.484,2.504,1.531,16.949,10.180,0.470,0.698,0.926,1.323,3,NULL,NULL,,3,1,2,7,255,1321,250,0,0
stim,160437,190558,1,190558,3387889.455,-0.815,-0.147,-0.137,-0.543,0,0,1495,0,2705,0,2587,1187,46,1.010,1,2212,0,402.303,16.964,-166.438,-366.250,2.750,-0.652,0.430,2.094,0.707,16.949,9.859,0.540,0.770,0.926,1.323,3,NULL,NULL,,3,1,2,7,255,1321,250,0,0
stim,160464,190585,1,190585,3387894.454,-0.812,-0.161,-0.148,-0.541,0,0,1363,0,2633,0,2427,1088,46,1.010,1,2212,0,402.620,15.053,-130.250,-380.813,-10.938,-0.449,0.098,1.992,0.645,15.039,6.051,0.620,0.852,0.926,1.323,3,NULL,NULL,,3,1,2,7,255,1321,250,0,0
stim,160464,190585,1,190585,3387899.455,-0.809,-0.174,-0.159,-0.539,0,0,1143,0,2519,0,2221,975,46,1.010,1,2212,0,407.933,12.456,-97.688,-396.063,-1.000,-0.316,-0.102,2.047,-1.547,12.359,6.051,0.702,0.936,0.926,1.323,3,NULL,NULL,,3,1,2,7,255,1321,250,0,0
stim,160464,190585,1,190585,3387904.453,-0.806,-0.188,-0.171,-0.535,0,0,999,0,2393,0,1957,901,46,1.010,1,2212,0,428.574,11.806,-124.563,-409.438,22.813,-0.191,-0.180,1.758,-3.000,11.418,5.840,0.780,1.018,0.926,1.323,3,NULL,NULL,,3,1,2,7,255,1321,250,0,0
stim,160464,190585,1,190585,3387909.455,-0.803,-0.202,-0.182,-0.531,0,0,781,0,2212,0,1684,807,46,1.010,1,2212,0,431.581,9.921,-112.750,-415.188,34.188,-0.109,-0.266,1.313,-3.188,9.395,4.500,0.858,1.096,0.926,1.323,3,NULL,NULL,,3,1,2,7,255,1321,250,0,0
stim,160482,190603,1,190603,3387914.453,-0.800,-0.214,-0.195,-0.525,0,0,579,0,2005,0,1319,683,46,1.010,1,2212,0,430.098,7.566,-47.500,-424.813,47.563,-0.008,-0.367,1.082,-3.523,6.695,0.965,0.926,1.166,0.926,1.323,3,NULL,NULL,,3,1,2,7,255,1321,250,0,0
stim,160482,190603,1,190603,3387919.455,-0.798,-0.224,-0.210,-0.519,0,0,393,0,1797,0,928,567,46,1.010,1,2212,0,439.870,6.163,22.125,-436.188,52.313,0.125,-0.395,1.098,-3.996,4.691,0.195,0.982,1.228,0.926,1.323,3,NULL,NULL,,3,1,2,7,255,1321,250,0,0
stim,160482,190603,1,190603,3387924.454,-0.796,-0.232,-0.227,-0.511,0,0,251,0,1475,0,458,445,46,1.010,1,2212,0,452.865,5.797,68.063,-443.750,59.500,0.266,-0.262,1.168,-3.996,4.199,0.195,1.032,1.280,0.926,1.323,3,NULL,NULL,,3,1,2,7,255,1321,250,0,0
stim,160482,190603,1,190603,3387929.455,-0.795,-0.239,-0.244,-0.502,0,0,187,0,1147,0,123,399,46,1.010,1,2212,0,465.682,4.909,108.625,-447.500,69.313,0.367,-0.047,1.391,-2.543,4.199,1.160,1.072,1.324,0.926,1.323,3,NULL,NULL,,3,1,2,7,255,1321,250,0,0
stim,160519,190640,1,190640,3387934.454,-0.794,-0.245,-0.260,-0.492,0,0,111,0,758,0,0,299,46,1.010,1,2212,0,480.101,6.257,132.500,-447.813,111.375,0.184,0.012,1.766,-1.773,6.000,2.906,1.118,1.372,0.926,1.323,3,NULL,NULL,,3,1,2,7,255,1321,250,0,0
stim,160519,190640,1,190640,3387939.455,-0.794,-0.253,-0.276,-0.479,0,0,91,0,316,0,0,227,46,1.010,1,2212,0,495.929,10.341,111.063,-451.813,171.688,-0.105,-0.023,1.980,-1.773,10.188,3.398,1.176,1.434,0.926,1.323,3,NULL,NULL,,3,1,2,7,255,1321,250,0,0
stim,160519,190640,0,190640,3387944.453,-0.794,-0.263,-0.291,-0.465,0,0,56,0,4,0,0,123,46,1.010,1,2212,0,509.766,14.239,68.938,-456.063,217.063,-0.414,0.063,1.906,-3.965,13.676,3.398,1.244,1.506,0.926,1.323,3,NULL,NULL,,3,0,2,7,255,1327,250,0,0
stim,160519,190640,0,190640,3387949.455,-0.792,-0.274,-0.303,-0.453,0,0,35,0,0,0,0,58,46,1.010,1,2212,0,486.550,16.007,-4.500,-439.500,208.688,-0.414,0.520,1.582,-3.965,15.508,0.090,1.324,1.586,0.926,1.323,4,NULL,NULL,,3,0,2,7,255,1327,250,0,0
stim,160519,190640,0,190640,3387954.453,-0.790,-0.287,-0.313,-0.442,0,0,0,0,0,0,0,23,46,1.010,1,2212,0,443.551,15.512,-57.500,-406.250,168.500,-0.156,1.063,1.293,-0.359,15.508,-3.465,1.408,1.676,0.926,1.323,4,NULL,NULL,,3,0,2,7,255,1327,250,0,0
stim,160519,190640,0,190640,3387959.455,-0.787,-0.299,-0.322,-0.433,0,0,2,0,0,0,0,18,46,1.010,1,2212,0,407.272,16.106,-99.188,-364.750,151.625,-0.086,1.262,1.262,5.805,15.023,-4.965,1.494,1.760,0.926,1.323,0,NULL,NULL,,3,0,2,7,255,1327,250,0,0
stim,160519,190640,0,190640,3387964.454,-0.784,-0.313,-0.327,-0.424,0,0,22,0,0,0,0,13,46,1.010,1,2212,0,410.693,16.106,-152.000,-325.750,198.625,-0.563,1.047,1.289,5.805,15.023,-5.535,1.576,1.846,0.926,1.323,0,NULL,NULL,,3,0,2,7,255,1327,250,0,0
stim,160519,190640,0,190640,3387969.455,-0.781,-0.329,-0.329,-0.417,0,0,19,0,0,0,0,17,46,1.010,1,2212,0,400.074,16.523,-237.125,-258.688,192.125,-0.586,1.254,1.000,6.102,15.355,-9.109,1.656,1.928,0.926,1.323,0,NULL,NULL,,3,0,2,7,255,1327,250,0,0
stim,160551,190672,0,190672,3387974.454,-0.776,-0.341,-0.329,-0.415,0,0,22,0,0,0,0,18,46,1.010,1,2212,0,308.710,15.819,-236.625,-180.688,81.625,-0.352,0.566,0.773,3.801,15.355,-9.945,1.734,2.008,0.926,1.323,0,NULL,NULL,,3,0,2,7,255,1327,250,0,0
stim,160551,190672,0,190672,3387979.457,-0.773,-0.350,-0.329,-0.414,0,0,20,0,0,0,0,55,46,1.010,1,2212,0,210.311,9.944,-175.125,-109.188,40.500,-0.172,-0.242,0.914,1.750,9.789,-9.945,1.806,2.082,0.926,1.323,0,NULL,NULL,,3,0,2,7,255,1327,250,0,0
stim,160551,190672,0,190672,3387984.454,-0.771,-0.358,-0.326,-0.414,0,0,19,0,0,0,0,69,46,1.010,1,2212,0,197.844,10.082,-180.125,-50.688,64.250,-0.184,-0.277,1.141,-4.613,8.965,-5.719,1.874,2.152,0.926,1.323,0,NULL,NULL,,3,0,2,7,255,1327,250,0,0
stim,160551,190672,0,190672,3387989.455,-0.769,-0.367,-0.320,-0.415,0,0,17,0,0,0,0,75,46,1.010,1,2212,0,257.240,8.488,-243.313,14.000,82.313,-0.246,-0.027,0.551,-4.613,7.125,-5.719,1.938,2.220,0.926,1.323,0,NULL,NULL,,3,0,2,7,255,1327,250,0,0
stim,160551,190672,0,190672,3387994.454,-0.767,-0.375,-0.312,-0.417,0,0,16,0,0,0,0,88,46,1.010,1,2212,0,274.489,5.819,-247.813,71.063,94.250,-0.211,0.289,-0.453,-2.258,5.363,-8.855,2.000,2.282,0.926,1.323,0,NULL,NULL,,3,0,2,7,255,1327,250,0,0
stim,160551,190672,0,190672,3387999.455,-0.768,-0.380,-0.303,-0.417,0,0,21,0,0,0,0,84,46,1.010,1,2212,0,231.124,2.873,-171.688,113.188,105.500,-0.168,0.477,-1.020,2.063,-2.000,-14.688,2.046,2.330,0.926,1.323,0,NULL,NULL,,3,0,2,7,255,1327,250,0,0
stim,160570,190691,0,190691,3388004.454,-0.771,-0.381,-0.295,-0.416,0,0,17,0,0,0,0,81,46,1.010,1,2212,0,195.361,7.044,-61.500,137.813,124.063,-0.207,0.367,-1.066,3.227,-6.262,-17.891,2.076,2.362,0.926,1.323,0,NULL,NULL,,3,0,2,7,255,1327,250,0,0
stim,160570,190691,0,190691,3388009.455,-0.775,-0.379,-0.288,-0.415,0,0,16,0,0,0,0,75,46,1.010,1,2212,0,199.405,7.044,19.750,154.000,125.125,-0.375,0.113,-0.730,3.227,-6.262,-17.891,2.088,2.380,0.926,1.323,0,NULL,NULL,,3,0,2,7,255,1327,250,0,0
stim,160570,190691,0,190691,3388014.454,-0.781,-0.376,-0.281,-0.413,0,0,12,0,0,0,0,71,46,1.010,1,2212,0,215.371,4.109,56.125,163.125,128.938,-0.336,-0.152,-0.535,-0.176,-4.105,-16.855,2.088,2.380,0.926,1.323,0,NULL,NULL,,3,0,2,7,255,1327,250,0,0
stim,160570,190691,0,190691,3388019.455,-0.787,-0.372,-0.274,-0.409,0,0,9,0,0,0,0,55,46,1.010,1,2212,0,237.492,4.315,75.125,166.125,152.188,-0.344,-0.191,-0.527,-2.496,-3.520,-14.613,2.074,2.368,0.926,1.323,0,NULL,NULL,,3,0,2,7,255,1327,250,0,0
stim,160616,190737,0,190737,3388024.454,-0.793,-0.367,-0.268,-0.405,0,0,11,0,0,0,0,54,46,1.010,1,2212,0,260.839,4.286,107.875,165.188,170.625,-0.512,0.020,-0.598,-2.496,-3.484,-14.613,2.056,2.352,0.926,1.323,0,NULL,NULL,,3,0,2,7,255,1327,250,0,0
stim,160616,190737,0,190737,3388029.455,-0.801,-0.360,-0.262,-0.401,0,0,9,0,0,0,0,45,46,1.010,1,2212,0,279.890,3.208,155.750,163.750,165.125,-0.676,0.230,-0.445,-1.996,-2.512,-16.898,2.036,2.334,0.926,1.323,0,NULL,NULL,,3,0,2,7,255,1327,250,0,0
stim,160616,190737,0,190737,3388034.453,-0.808,-0.352,-0.257,-0.396,0,0,13,0,0,0,0,40,46,1.010,1,2212,0,291.971,1.833,190.125,163.438,149.625,-0.727,0.258,-0.133,-1.801,0.340,-16.898,2.010,2.312,0.926,1.323,0,NULL,NULL,,3,0,2,7,255,1327,250,0,0
stim,160616,190737,0,190737,3388039.456,-0.815,-0.344,-0.253,-0.392,0,0,9,0,0,0,0,39,46,1.010,1,2212,0,293.335,3.692,198.250,164.750,140.000,-0.758,0.172,0.129,-1.801,3.223,-16.516,1.986,2.290,0.926,1.323,0,NULL,NULL,,3,0,2,7,255,1327,250,0,0
stim,160616,190737,0,190737,3388044.454,-0.822,-0.336,-0.248,-0.387,0,0,9,0,0,0,0,41,46,1.010,1,2212,0,288.033,5.941,194.188,166.625,132.250,-0.832,0.102,0.301,-3.051,5.098,-14.727,1.968,2.274,0.926,1.323,0,NULL,NULL,,3,0,2,7,255,1327,250,0,0
stim,160616,190737,0,190737,3388049.455,-0.829,-0.327,-0.243,-0.384,0,0,12,0,0,0,0,41,46,1.010,1,2212,0,279.946,7.794,191.063,167.813,117.063,-0.953,0.031,0.480,-4.348,6.469,-13.758,1.958,2.266,0.926,1.323,0,NULL,NULL,,3,0,2,7,255,1327,250,0,0
stim,160616,190737,0,190737,3388054.454,-0.834,-0.319,-0.239,-0.381,0,0,16,0,0,0,0,43,46,1.010,1,2212,0,262.202,9.994,180.625,167.000,90.750,-0.965,-0.012,0.605,-5.938,8.039,-12.957,1.956,2.266,0.926,1.323,0,NULL,NULL,,3,0,2,7,255,1327,250,0,0
stim,160616,190737,0,190737,3388059.455,-0.839,-0.310,-0.235,-0.380,0,0,9,0,0,0,0,54,46,1.010,1,2212,0,246.758,10.989,166.750,169.688,65.500,-0.941,-0.043,0.652,-6.570,8.809,-11.855,1.964,2.276,0.926,1.323,0,NULL,NULL,,3,0,2,7,255,1327,250,0,0
stim,160616,190737,0,190737,3388064.454,-0.844,-0.302,-0.231,-0.379,0,0,9,0,0,0,0,55,46,1.010,1,2212,0,236.660,11.136,155.313,174.000,40.125,-0.855,-0.148,0.676,-6.813,8.809,-11.094,1.982,2.296,0.926,1.323,0,NULL,NULL,,3,0,2,7,255,1327,250,0,0
stim,160616,190737,0,190737,3388069.455,-0.848,-0.294,-0.226,-0.379,0,0,9,0,0,0,0,71,46,1.010,1,2212,0,230.254,10.543,143.125,177.813,30.250,-0.719,-0.117,0.621,-6.813,8.047,-9.836,2.008,2.324,0.926,1.323,0,NULL,NULL,,3,0,2,7,255,1327,250,0,0
stim,160638,190759,0,190759,3388074.454,-0.852,-0.286,-0.221,-0.379,0,0,9,0,0,0,0,105,46,1.010,1,2212,0,234.686,9.734,142.000,185.313,23.938,-0.711,-0.203,0.559,-6.641,7.117,-9.340,2.040,2.358,0.926,1.323,0,NULL,NULL,,3,0,2,7,255,1327,250,0,0
stim,160638,190759,0,190759,3388079.455,-0.855,-0.277,-0.216,-0.380,0,0,11,0,0,0,0,126,46,1.010,1,2212,0,239.830,8.839,141.438,193.563,6.875,-0.633,-0.227,0.512,-6.301,6.199,-9.277,2.080,2.402,0.926,1.323,0,NULL,NULL,,3,0,2,7,255,1327,250,0,0
stim,160638,190759,0,190759,3388084.454,-0.859,-0.268,-0.211,-0.382,0,0,9,0,0,0,0,148,46,1.010,1,2212,0,251.869,8.264,148.125,203.688,2.938,-0.520,-0.246,0.484,-6.301,5.348,-8.941,2.126,2.452,0.926,1.323,0,NULL,NULL,,3,0,2,7,255,1327,250,0,0
stim,160638,190759,0,190759,3388089.455,-0.863,-0.259,-0.206,-0.383,0,0,11,0,0,0,0,152,46,1.010,1,2212,0,264.619,7.242,153.625,215.438,3.063,-0.406,-0.281,0.410,-5.738,4.418,-8.344,2.178,2.504,0.926,1.323,0,NULL,NULL,,3,0,2,7,255,1327,250,0,0
stim,160666,190787,0,190787,3388094.454,-0.867,-0.249,-0.200,-0.384,0,0,11,0,0,0,0,162,46,1.010,1,2212,0,284.818,6.108,173.125,225.813,12.563,-0.375,-0.309,0.422,-5.246,3.129,-8.035,2.230,2.558,0.926,1.323,0,NULL,NULL,,3,0,2,7,255,1327,250,0,0
stim,160666,190787,0,190787,3388099.455,-0.871,-0.238,-0.194,-0.384,0,0,10,0,0,0,0,171,46,1.010,1,2212,0,303.745,5.934,187.063,238.375,21.125,-0.320,-0.293,0.402,-5.219,2.824,-7.609,2.282,2.614,0.926,1.323,0,NULL,NULL,,3,0,2,7,255,1327,250,0,0
stim,160666,190787,0,190787,3388104.454,-0.875,-0.226,-0.188,-0.384,0,0,12,0,0,0,0,173,46,1.010,1,2212,0,329.385,5.868,212.688,249.625,30.750,-0.328,-0.363,0.523,-5.246,2.629,-7.457,2.332,2.666,0.926,1.323,0,NULL,NULL,,3,0,2,7,255,1327,250,0,0
stim,160666,190787,0,190787,3388109.455,-0.880,-0.213,-0.181,-0.383,0,0,9,0,0,0,0,174,46,1.010,1,2212,0,344.104,5.686,220.000,261.500,40.313,-0.297,-0.332,0.531,-5.105,2.504,-6.234,2.376,2.714,0.926,1.323,0,NULL,NULL,,3,0,2,7,255,1327,250,0,0
stim,160684,190805,0,190805,3388114.454,-0.885,-0.199,-0.174,-0.382,0,0,11,0,0,0,0,179,46,1.010,1,2212,0,369.838,6.114,246.250,270.750,53.250,-0.309,-0.387,0.688,-5.520,2.629,-6.012,2.418,2.758,0.926,1.323,0,NULL,NULL,,3,0,2,7,255,1327,250,0,0
stim,160684,190805,0,190805,3388119.455,-0.890,-0.185,-0.167,-0.380,0,0,9,0,0,0,0,183,46,1.010,1,2212,0,379.949,6.455,250.563,277.500,67.625,-0.352,-0.367,0.809,-5.785,2.863,-4.508,2.454,2.796,0.926,1.323,0,NULL,NULL,,3,0,2,7,255,1327,250,0,0
stim,160714,190835,0,190835,3388124.454,-0.896,-0.171,-0.160,-0.378,0,0,9,0,0,0,0,189,46,1.010,1,2212,0,393.823,6.835,264.500,281.625,76.313,-0.285,-0.367,0.957,-5.840,3.551,-3.594,2.484,2.828,0.926,1.323,0,NULL,NULL,,3,0,2,7,255,1327,250,0,0
stim,160714,190835,0,190835,3388129.455,-0.901,-0.157,-0.152,-0.375,0,0,7,0,0,0,0,213,46,1.010,1,2212,0,395.610,7.033,261.313,282.375,92.125,-0.324,-0.477,1.152,-6.066,3.559,-1.918,2.510,2.856,0.926,1.323,0,NULL,NULL,,3,0,2,7,255,1327,250,0,0
stim,160714,190835,0,190835,3388134.453,-0.906,-0.143,-0.145,-0.372,0,0,9,0,0,0,0,219,46,1.010,1,2212,0,391.522,7.362,249.125,283.750,103.500,-0.164,-0.520,1.223,-6.449,3.551,0.023,2.534,2.884,0.926,1.323,0,NULL,NULL,,3,0,2,7,255,1327,250,0,0
stim,160714,190835,0,190835,3388139.455,-0.911,-0.129,-0.137,-0.367,0,0,9,0,0,0,0,225,46,1.010,1,2212,0,398.750,7.323,253.625,281.438,124.375,-0.195,-0.563,1.277,-6.988,2.188,1.441,2.556,2.906,0.926,1.323,0,NULL,NULL,,3,0,2,7,255,1327,250,0,0
stim,160714,190835,0,190835,3388144.454,-0.916,-0.115,-0.129,-0.362,0,0,9,0,0,0,0,231,46,1.010,1,2212,0,402.390,6.855,249.750,280.500,144.438,-0.258,-0.395,1.508,-6.496,2.188,2.016,2.572,2.926,0.926,1.323,0,NULL,NULL,,3,0,2,7,255,1327,250,0,0
stim,160714,190835,0,190835,3388149.455,-0.921,-0.102,-0.120,-0.357,0,0,13,0,0,0,0,238,46,1.010,1,2212,0,389.533,7.545,226.625,281.438,145.500,-0.344,-0.574,1.652,-6.988,2.844,3.801,2.588,2.946,0.926,1.323,0,NULL,NULL,,3,0,2,7,255,1327,250,0,0
stim,160736,190857,0,190857,3388154.454,-0.925,-0.091,-0.111,-0.351,0,0,13,0,0,0,0,233,46,1.010,1,2212,0,379.277,8.882,198.813,281.500,158.375,-0.422,-0.633,1.734,-8.414,2.844,5.281,2.606,2.964,0.926,1.323,0,NULL,NULL,,3,0,2,7,255,1327,250,0,0
stim,160736,190857,0,190857,3388159.455,-0.930,-0.080,-0.101,-0.345,0,0,11,0,0,0,0,232,46,1.010,1,2212,0,364.669,9.691,168.250,283.063,156.688,-0.480,-0.668,1.699,-9.344,2.570,5.797,2.624,2.984,0.926,1.323,0,NULL,NULL,,3,0,2,7,255,1327,250,0,0
stim,160736,190857,0,190857,3388164.454,-0.934,-0.070,-0.091,-0.339,0,0,17,0,0,0,0,235,46,1.010,1,2212,0,358.951,9.982,145.750,283.438,165.125,-0.477,-0.727,1.621,-9.770,2.047,5.797,2.642,3.004,0.926,1.323,0,NULL,NULL,,3,0,2,7,255,1327,250,0,0
stim,160736,190857,0,190857,3388169.455,-0.937,-0.061,-0.081,-0.333,0,0,16,0,0,0,0,237,46,1.010,1,2212,0,355.317,9.900,132.000,283.125,169.313,-0.613,-0.820,1.527,-9.859,0.898,5.305,2.662,3.026,0.926,1.323,0,NULL,NULL,,3,0,2,7,255,1327,250,0,0
stim,160736,190857,0,190857,3388174.454,-0.941,-0.053,-0.070,-0.327,0,0,12,0,0,0,0,237,46,1.010,1,2212,0,347.030,11.173,120.563,283.750,159.313,-0.668,-0.887,1.469,-11.168,0.344,4.410,2.684,3.050,0.926,1.323,0,NULL,NULL,,3,0,2,7,255,1327,250,0,0
stim,160736,190857,0,190857,3388179.455,-0.944,-0.045,-0.060,-0.322,0,0,13,0,0,0,0,237,46,1.010,1,2212,0,337.468,11.241,108.875,285.500,143.250,-0.613,-0.926,1.313,-11.234,-0.375,3.977,2.708,3.078,0.926,1.323,0,NULL,NULL,,3,0,2,7,255,1327,250,0,0
stim,160736,190857,0,190857,3388184.454,-0.947,-0.036,-0.049,-0.316,0,0,16,0,0,0,0,237,46,1.010,1,2212,0,340.422,11.355,116.750,284.500,146.000,-0.594,-0.977,1.238,-11.234,-1.652,2.746,2.736,3.108,0.926,1.323,0,NULL,NULL,,3,0,2,7,255,1327,250,0,0
stim,160736,190857,0,190857,3388189.455,-0.949,-0.027,-0.039,-0.311,0,0,17,0,4,0,0,247,46,1.010,1,2212,0,342.184,11.349,123.875,285.438,142.375,-0.621,-0.895,1.191,-11.105,-2.340,2.188,2.764,3.138,0.926,1.323,0,NULL,NULL,,3,0,2,7,255,1327,250,0,0
stim,160763,190884,0,190884,3388194.454,-0.951,-0.018,-0.028,-0.306,0,0,21,0,18,0,0,265,46,1.010,1,2212,0,341.980,10.985,129.875,285.813,135.625,-0.637,-0.910,1.160,-10.652,-2.684,1.746,2.792,3.168,0.926,1.323,0,NULL,NULL,,3,0,2,7,255,1327,250,0,0
stim,160763,190884,0,190884,3388199.455,-0.953,-0.009,-0.018,-0.301,0,0,18,0,26,0,0,277,46,1.010,1,2212,0,346.402,11.001,143.000,286.250,132.688,-0.605,-0.898,1.199,-10.637,-2.809,1.746,2.818,3.196,0.926,1.323,0,NULL,NULL,,3,0,2,7,255,1327,250,0,0
stim,160763,190884,0,190884,3388204.454,-0.955,0.002,-0.008,-0.296,0,0,24,0,25,0,0,291,46,1.010,1,2212,0,348.157,10.650,151.375,288.125,123.625,-0.570,-0.836,1.320,-10.137,-3.266,1.996,2.842,3.222,0.926,1.323,0,NULL,NULL,,3,0,2,7,255,1327,250,0,0
stim,160763,190884,0,190884,3388209.455,-0.957,0.012,0.002,-0.291,0,0,22,0,26,0,0,302,46,1.010,1,2212,0,350.458,9.890,150.125,290.313,126.500,-0.539,-0.797,1.363,-9.324,-3.297,3.238,2.860,3.244,0.926,1.323,0,NULL,NULL,,3,0,2,7,255,1327,250,0,0
stim,160781,190902,0,190902,3388214.454,-0.958,0.022,0.013,-0.286,0,0,24,0,39,0,0,309,46,1.010,1,2212,0,354.675,9.284,151.000,293.000,130.938,-0.555,-0.738,1.402,-8.613,-3.465,3.699,2.878,3.262,0.926,1.323,0,NULL,NULL,,3,0,2,7,255,1327,250,0,0
stim,160781,190902,0,190902,3388219.455,-0.959,0.032,0.023,-0.281,0,0,25,0,51,0,0,341,46,1.010,1,2212,0,357.091,8.915,156.125,297.000,122.188,-0.539,-0.727,1.473,-8.172,-3.563,4.094,2.892,3.280,0.926,1.323,0,NULL,NULL,,3,0,2,7,255,1327,250,0,0
stim,160781,190902,0,190902,3388224.454,-0.960,0.042,0.034,-0.276,0,0,25,0,61,0,0,349,46,1.010,1,2212,0,360.466,8.688,159.250,299.688,121.500,-0.469,-0.730,1.555,-7.754,-3.918,4.797,2.904,3.294,0.926,1.323,0,NULL,NULL,,3,0,2,7,255,1327,250,0,0
stim,160781,190902,0,190902,3388229.455,-0.960,0.053,0.045,-0.270,0,0,23,0,63,0,0,359,46,1.010,1,2212,0,363.237,8.415,156.625,301.625,128.188,-0.422,-0.691,1.625,-6.887,-4.836,5.539,2.914,3.306,0.926,1.323,0,NULL,NULL,,3,0,2,7,255,1327,250,0,0
stim,160821,190942,0,190942,3388234.454,-0.961,0.063,0.055,-0.265,0,0,26,0,77,0,0,365,46,1.010,1,2212,0,364.533,7.964,155.500,302.750,130.563,-0.359,-0.660,1.688,-5.961,-5.281,6.172,2.922,3.316,0.926,1.323,0,NULL,NULL,,3,0,2,7,255,1327,250,0,0
stim,160821,190942,0,190942,3388239.456,-0.961,0.074,0.066,-0.259,0,0,25,0,110,0,0,371,46,1.010,1,2212,0,366.149,7.695,158.438,301.563,134.250,-0.250,-0.664,1.766,-4.938,-5.902,6.613,2.928,3.326,0.926,1.323,0,NULL,NULL,,3,0,2,7,255,1327,250,0,0
stim,160821,190942,0,190942,3388244.454,-0.961,0.084,0.076,-0.253,0,0,26,0,131,0,0,377,46,1.010,1,2212,0,367.507,7.934,158.438,299.063,143.250,-0.129,-0.672,1.879,-3.645,-7.047,7.113,2.934,3.334,0.926,1.323,0,NULL,NULL,,3,0,2,7,255,1327,250,0,0
stim,160821,190942,0,190942,3388249.455,-0.961,0.094,0.087,-0.246,0,0,25,0,139,0,0,395,46,1.010,1,2212,0,367.119,8.627,153.938,295.313,154.500,0.016,-0.656,1.969,-2.207,-8.340,7.809,2.936,3.338,0.926,1.323,0,NULL,NULL,,3,0,2,7,255,1327,250,0,0
stim,160821,190942,0,190942,3388254.454,-0.961,0.104,0.097,-0.239,0,0,24,0,156,0,0,403,46,1.010,1,2212,0,368.277,9.519,151.000,290.250,169.063,0.152,-0.656,2.039,-0.465,-9.508,8.203,2.936,3.340,0.926,1.323,0,NULL,NULL,,3,0,2,7,255,1327,250,0,0
stim,160821,190942,0,190942,3388259.455,-0.960,0.115,0.107,-0.231,0,0,27,0,160,0,0,410,46,1.010,1,2212,0,373.407,10.796,151.250,284.813,188.250,0.262,-0.684,2.156,1.188,-10.730,8.273,2.932,3.338,0.926,1.323,0,NULL,NULL,,3,0,2,7,255,1327,250,0,0
stim,160821,190942,0,190942,3388264.454,-0.960,0.125,0.116,-0.222,0,0,25,0,174,0,0,419,46,1.010,1,2212,0,378.253,12.385,146.250,280.688,207.125,0.348,-0.727,2.309,2.563,-12.117,8.770,2.920,3.330,0.926,1.323,0,NULL,NULL,,3,0,2,7,255,1327,250,0,0
stim,160821,190942,0,190942,3388269.455,-0.960,0.134,0.126,-0.212,0,0,28,0,175,0,0,419,46,1.010,1,2212,0,381.600,14.152,131.688,278.813,224.813,0.402,-0.773,2.430,3.824,-13.625,9.563,2.900,3.312,0.926,1.323,0,NULL,NULL,,3,0,2,7,255,1327,250,0,0
stim,160848,190969,0,190969,3388274.454,-0.960,0.143,0.135,-0.201,0,0,33,0,176,0,0,411,46,1.010,1,2212,0,386.550,15.741,113.063,277.563,244.125,0.426,-0.820,2.492,4.820,-14.984,10.016,2.872,3.286,0.926,1.323,0,NULL,NULL,,3,0,2,7,255,1327,250,0,0
stim,160848,190969,0,190969,3388279.455,-0.960,0.151,0.145,-0.189,0,0,40,0,180,0,0,406,46,1.010,1,2212,0,393.189,16.916,95.750,276.688,262.438,0.398,-0.883,2.496,5.492,-16.000,10.016,2.836,3.250,0.926,1.323,0,NULL,NULL,,3,0,2,7,255,1327,250,0,0
stim,160848,190969,0,190969,3388284.454,-0.959,0.158,0.154,-0.176,0,0,41,0,184,0,0,395,46,1.010,1,2212,0,396.653,17.682,78.625,276.438,273.375,0.367,-0.961,2.492,5.629,-16.762,9.594,2.790,3.208,0.926,1.323,0,NULL,NULL,,3,0,2,7,255,1327,250,0,0
stim,160848,190969,0,190969,3388289.455,-0.959,0.164,0.164,-0.164,0,0,40,0,190,0,0,395,46,1.010,1,2212,0,394.626,18.512,57.500,274.938,277.188,0.363,-1.047,2.430,5.699,-17.613,9.086,2.734,3.154,0.926,1.323,0,NULL,NULL,,3,0,2,7,255,1327,250,0,0
stim,160848,190969,0,190969,3388294.454,-0.958,0.170,0.173,-0.151,0,0,45,0,201,0,0,405,46,1.010,1,2212,0,390.410,19.300,37.500,270.375,279.125,0.371,-1.141,2.289,5.902,-18.375,7.914,2.674,3.094,0.926,1.323,0,NULL,NULL,,3,0,2,7,255,1327,250,0,0
stim,160848,190969,0,190969,3388299.455,-0.958,0.175,0.182,-0.137,0,0,48,0,213,0,0,411,46,1.010,1,2212,0,385.503,19.802,27.500,261.000,282.375,0.371,-1.227,2.063,5.902,-18.902,6.012,2.606,3.030,0.926,1.323,0,NULL,NULL,,3,0,2,7,255,1327,250,0,0
stim,160878,190999,0,190999,3388304.454,-0.957,0.179,0.191,-0.124,0,0,47,0,223,0,0,411,46,1.010,1,2212,0,375.945,19.867,26.375,248.563,280.813,0.516,-1.336,1.879,5.930,-18.961,3.477,2.536,2.960,0.926,1.323,0,NULL,NULL,,3,0,2,7,255,1327,250,0,0
stim,160878,190999,0,190999,3388309.455,-0.956,0.184,0.198,-0.110,0,0,45,0,268,0,0,413,46,1.010,1,2212,0,381.878,20.713,22.500,234.813,300.313,0.648,-1.473,1.934,6.672,-19.609,0.641,2.456,2.882,0.926,1.323,0,NULL,NULL,,3,0,2,7,255,1327,250,0,0
stim,160878,190999,0,190999,3388314.454,-0.956,0.188,0.206,-0.096,0,0,45,0,283,0,0,423,46,1.010,1,2212,0,381.840,22.551,2.250,223.188,309.813,0.512,-1.453,2.012,8.098,-21.047,0.641,2.372,2.798,0.926,1.323,0,NULL,NULL,,3,0,2,7,255,1327,250,0,0
stim,160878,190999,0,190999,3388319.455,-0.955,0.190,0.213,-0.082,0,0,51,0,295,0,0,425,46,1.010,1,2212,0,359.759,22.551,-30.438,209.938,290.563,0.430,-1.457,1.680,8.098,-21.047,-0.199,2.282,2.710,0.926,1.323,0,NULL,NULL,,3,0,2,7,255,1327,250,0,0
stim,160917,191038,0,191038,3388324.454,-0.954,0.194,0.219,-0.071,0,0,52,0,333,0,0,438,46,1.010,1,2212,0,307.702,20.798,22.750,198.438,234.063,0.469,-1.332,1.387,6.762,-19.668,-2.023,2.188,2.618,0.926,1.323,0,NULL,NULL,,3,0,2,7,255,1327,250,0,0
stim,160917,191038,0,191038,3388329.455,-0.952,0.198,0.225,-0.062,0,0,51,0,357,0,0,445,46,1.010,1,2212,0,269.237,19.020,46.938,184.313,190.563,1.012,-1.133,1.938,6.762,-17.777,-2.160,2.090,2.520,0.926,1.323,0,NULL,NULL,,3,0,2,7,255,1327,250,0,0
stim,160917,191038,0,191038,3388334.453,-0.951,0.200,0.231,-0.052,0,0,43,0,409,0,0,461,46,1.010,1,2212,0,266.161,22.626,-5.750,171.750,203.250,1.496,-0.934,2.184,14.395,-17.457,-2.160,1.988,2.420,0.926,1.323,0,NULL,NULL,,3,0,2,7,255,1327,250,0,0
stim,160917,191038,0,191038,3388339.455,-0.950,0.200,0.236,-0.040,0,0,43,0,423,0,0,494,46,1.010,1,2212,0,288.003,26.357,-64.750,154.438,234.313,1.734,-1.215,1.668,20.246,-16.875,-2.160,1.884,2.316,0.926,1.323,0,NULL,NULL,,3,0,2,7,255,1327,250,0,0
stim,160917,191038,0,191038,3388344.454,-0.950,0.201,0.239,-0.028,0,0,45,0,434,0,0,507,46,1.010,1,2212,0,298.502,26.234,-63.625,131.750,260.188,1.797,-1.375,1.125,20.246,-16.684,-8.320,1.776,2.212,0.926,1.323,0,NULL,NULL,,3,0,2,7,255,1327,250,0,0
stim,160917,191038,0,191038,3388349.455,-0.949,0.202,0.242,-0.016,0,0,51,0,445,0,0,517,46,1.010,1,2212,0,286.626,24.471,-35.375,107.563,263.313,1.828,-1.398,0.992,18.637,-15.859,-13.664,1.662,2.098,0.926,1.323,0,NULL,NULL,,3,0,2,7,255,1327,250,0,0
stim,160917,191038,0,191038,3388354.454,-0.948,0.204,0.244,-0.004,0,0,55,0,447,0,0,501,46,1.010,1,2212,0,272.765,24.471,-13.500,85.625,258.625,1.883,-1.617,1.090,18.637,-15.859,-15.074,1.542,1.980,0.926,1.323,0,NULL,NULL,,3,0,2,7,255,1327,250,0,0
stim,160917,191038,0,191038,3388359.455,-0.947,0.207,0.244,0.007,0,0,60,0,439,0,0,474,46,1.010,1,2212,0,271.210,25.964,-7.375,65.313,263.125,1.871,-1.754,1.320,19.668,-16.949,-15.074,1.416,1.856,0.926,1.323,0,NULL,NULL,,3,0,2,7,255,1327,250,0,0
stim,160917,191038,0,191038,3388364.454,-0.947,0.209,0.244,0.019,0,0,75,0,429,0,0,453,46,1.010,1,2212,0,275.887,27.905,-22.625,45.375,271.188,1.672,-1.805,1.660,20.867,-18.527,-14.176,1.286,1.726,0.926,1.323,0,NULL,NULL,,3,0,2,7,255,1327,250,0,0
stim,160917,191038,0,191038,3388369.455,-0.947,0.209,0.243,0.031,0,0,85,0,428,0,0,447,46,1.010,1,2212,0,280.337,28.872,-54.125,28.688,273.563,1.430,-1.996,1.883,20.867,-19.953,-10.887,1.146,1.588,0.926,1.323,0,NULL,NULL,,3,0,2,7,255,1327,250,0,0
stim,160948,191069,0,191069,3388374.454,-0.947,0.208,0.241,0.043,0,0,83,0,413,0,0,447,46,1.010,1,2212,0,268.681,30.316,-92.063,12.125,252.125,0.922,-1.867,2.098,20.480,-22.352,-8.773,1.000,1.442,0.926,1.323,0,NULL,NULL,,3,0,2,7,255,1327,250,0,0
stim,160948,191069,0,191069,3388379.455,-0.948,0.205,0.240,0.052,0,0,60,0,368,0,0,443,46,1.010,1,2212,0,229.919,28.419,-129.000,-1.750,190.313,0.723,-1.711,2.160,17.551,-22.352,-4.281,0.850,1.290,0.926,1.323,0,NULL,NULL,,3,0,2,7,255,1327,250,0,0
stim,160948,191069,0,191069,3388384.454,-0.949,0.199,0.238,0.060,0,0,51,0,338,0,0,452,46,1.010,1,2212,0,221.337,27.525,-166.375,-13.250,145.375,0.859,-1.563,2.090,17.551,-21.203,-2.457,0.698,1.134,0.926,1.323,0,NULL,NULL,,3,0,2,7,255,1327,250,0,0
stim,160948,191069,0,191069,3388389.455,-0.950,0.193,0.235,0.067,26,0,69,227,300,0,0,506,46,1.010,1,2212,0,229.539,25.172,-193.625,-22.938,121.125,0.820,-1.316,1.746,16.484,-19.023,-2.457,0.550,0.976,0.926,1.323,0,NULL,NULL,,3,0,2,7,255,1327,250,0,0
stim,160948,191069,0,191069,3388394.453,-0.951,0.190,0.232,0.072,699,0,61,1115,176,0,0,541,46,1.010,1,2212,0,165.923,24.335,-107.813,-45.188,117.750,0.648,-1.293,2.359,17.141,-17.273,-2.457,0.414,0.824,0.926,1.323,0,NULL,NULL,,3,0,2,7,255,1327,250,0,0
stim,160948,191069,0,191069,3388399.455,-0.951,0.195,0.224,0.089,1325,0,24,1558,68,61,0,537,46,1.010,1,2212,0,429.748,22.095,13.063,-125.688,410.750,-0.531,0.621,3.984,15.727,-15.520,2.117,0.312,0.676,0.926,1.323,0,NULL,NULL,,3,0,2,7,255,1327,250,0,0
stim,160969,191090,0,191090,3388404.453,-0.953,0.177,0.215,0.115,1831,0,23,1803,89,311,0,601,46,1.010,1,2212,0,762.668,14.743,-550.125,-71.438,523.375,-0.430,3.508,1.211,12.637,-7.594,14.297,0.254,0.538,0.926,1.323,0,NULL,NULL,,3,0,2,7,255,1327,250,0,0
stim,160969,191090,0,191090,3388409.455,-0.954,0.169,0.206,0.135,2090,0,7,1963,151,455,0,633,46,1.010,1,2213,0,541.270,22.386,-309.500,-107.375,430.875,-1.648,2.762,-1.133,-3.902,22.043,14.297,0.268,0.412,0.926,1.323,1,1298.000,-29.000,,3,0,2,7,255,1327,250,0,0
stim,160969,191090,0,191090,3388414.453,-0.953,0.170,0.200,0.150,2237,0,12,2055,151,565,0,693,46,1.010,1,2213,0,359.986,28.491,-46.000,-94.688,344.250,-1.633,2.109,0.199,-18.051,22.043,4.574,0.334,0.308,0.926,1.323,1,NULL,NULL,,3,0,2,7,255,1327,250,0,0
stim,160969,191090,0,191090,3388419.455,-0.952,0.174,0.195,0.157,2345,0,2,2107,90,657,0,763,46,1.010,1,2213,0,224.788,23.205,33.688,-79.125,207.688,-0.984,2.578,1.895,-18.051,14.582,4.574,0.400,0.228,0.926,1.323,1,NULL,NULL,,3,0,2,7,255,1327,250,0,0
stim,161013,191134,0,191134,3388424.454,-0.952,0.171,0.190,0.167,2419,0,0,2119,27,788,0,827,46,1.010,1,2213,0,256.550,16.131,-123.500,-69.063,214.000,-0.352,3.422,2.367,-6.898,14.582,18.734,0.450,0.176,0.926,1.323,1,NULL,NULL,,3,0,2,7,255,1327,250,0,0
stim,161013,191134,0,191134,3388429.455,-0.953,0.160,0.183,0.179,2507,0,0,2141,0,972,0,895,46,1.010,1,2213,0,416.179,18.949,-327.125,-79.125,244.813,-0.691,2.770,1.813,-6.898,17.648,18.734,0.468,0.160,0.926,1.323,1,NULL,NULL,,3,0,2,7,255,1327,250,0,0
stim,161037,191158,0,191158,3388434.454,-0.955,0.145,0.175,0.190,2575,0,0,2159,0,1145,0,967,46,1.010,1,2213,0,474.242,18.964,-426.438,-80.500,191.250,-1.250,1.152,0.762,-6.941,17.648,17.359,0.424,0.182,0.926,1.323,1,NULL,NULL,,3,0,2,7,255,1327,250,0,0
stim,161037,191158,0,191158,3388439.455,-0.957,0.130,0.168,0.196,2648,0,0,2195,0,1304,0,1088,46,1.010,1,2213,0,390.718,9.993,-376.375,-79.813,68.063,-1.047,0.004,-0.098,-9.332,3.574,3.949,0.378,0.226,0.926,1.323,1,NULL,NULL,,3,0,2,7,255,1327,250,0,0
stim,161037,191158,0,191158,3388444.454,-0.959,0.121,0.163,0.197,2761,0,0,2391,0,1453,0,1221,46,1.010,1,2213,0,238.001,9.538,-222.875,-83.438,-3.063,-0.184,-0.211,-0.500,-9.332,-1.973,-7.887,0.346,0.278,0.926,1.323,2,NULL,NULL,,3,0,2,7,255,1327,250,0,0
stim,161037,191158,0,191158,3388449.455,-0.960,0.121,0.159,0.198,2875,0,0,2589,0,1553,0,1285,46,1.010,1,2213,0,99.674,4.947,-39.125,-86.000,31.750,0.105,-0.648,-0.156,-2.652,-4.176,-13.188,0.334,0.328,0.926,1.323,2,NULL,NULL,,3,0,2,7,255,1327,250,0,0
stim,161037,191158,0,191158,3388454.453,-0.959,0.125,0.154,0.204,2944,0,0,2731,0,1669,0,1368,46,1.010,1,2213,0,201.710,5.691,39.063,-123.813,154.375,-0.391,-1.500,0.422,2.539,-5.094,-13.188,0.344,0.372,0.926,1.323,2,NULL,NULL,,3,0,2,7,255,1327,250,0,0
stim,161037,191158,0,191158,3388459.455,-0.959,0.129,0.149,0.206,2999,0,0,2870,0,1785,0,1453,46,1.010,1,2213,0,152.383,5.691,61.938,-114.688,78.938,-0.215,-0.293,0.840,2.539,-5.094,-9.047,0.348,0.406,0.926,1.323,2,NULL,NULL,,3,0,2,7,255,1327,250,0,0
stim,161037,191158,0,191158,3388464.454,-0.958,0.135,0.147,0.206,3027,0,0,2952,0,1899,0,1559,46,1.010,1,2213,0,150.219,5.158,124.875,-80.375,22.625,-0.039,0.832,1.164,1.855,-4.813,-2.453,0.344,0.426,0.926,1.323,2,NULL,NULL,,3,0,2,7,255,1327,250,0,0
stim,161037,191158,0,191158,3388469.455,-0.958,0.141,0.146,0.203,3060,0,0,3019,9,1993,0,1621,46,1.010,1,2213,0,152.459,2.508,139.188,-37.688,-49.500,-0.230,0.273,1.691,1.855,-1.688,3.262,0.328,0.434,0.926,1.323,2,NULL,NULL,,3,0,2,7,255,1327,250,0,0
stim,161037,191158,0,191158,3388474.454,-0.958,0.144,0.148,0.199,3065,0,0,3055,55,2069,0,1684,46,1.010,1,2213,0,123.487,2.942,95.938,0.063,-77.750,-0.063,0.141,1.801,2.410,-1.688,6.883,0.302,0.420,0.926,1.323,2,NULL,NULL,,3,0,2,7,255,1327,250,0,0
stim,161037,191158,0,191158,3388479.455,-0.958,0.145,0.149,0.196,3099,0,0,3095,179,2123,0,1751,46,1.010,1,2213,0,82.834,4.978,45.750,17.688,-66.750,-0.004,-0.051,1.316,4.340,-2.438,6.883,0.284,0.404,0.926,1.323,2,NULL,NULL,,3,0,2,7,255,1327,250,0,0
stim,161037,191158,0,191158,3388484.454,-0.958,0.147,0.150,0.193,3097,0,0,3113,231,2183,0,1791,46,1.010,1,2213,0,78.618,5.280,48.438,18.000,-59.250,-0.148,-0.152,1.105,4.340,-3.008,1.961,0.274,0.388,0.926,1.323,2,NULL,NULL,,3,0,2,7,255,1327,250,0,0
stim,161037,191158,0,191158,3388489.455,-0.959,0.148,0.151,0.190,3109,0,0,3149,301,2203,0,1829,46,1.010,1,2213,0,78.884,4.961,40.438,-6.938,-67.375,-0.254,-0.098,1.129,2.773,-4.113,0.664,0.276,0.370,0.926,1.323,2,NULL,NULL,,3,0,2,7,255,1327,250,0,0
stim,161064,191185,0,191185,3388494.453,-0.960,0.149,0.150,0.186,3109,0,0,3155,359,2229,0,1859,46,1.010,1,2213,0,94.528,4.610,17.250,-34.625,-86.250,-0.273,-0.141,1.242,2.051,-4.129,0.664,0.284,0.344,0.926,1.323,2,NULL,NULL,,3,0,2,7,255,1327,250,0,0
stim,161064,191185,0,191185,3388499.455,-0.961,0.148,0.148,0.182,3111,20,0,3161,419,2263,0,1877,46,1.010,1,2213,0,108.753,5.235,-19.313,-45.625,-96.813,-0.305,-0.195,1.289,2.043,-4.820,1.605,0.292,0.316,0.926,1.323,2,NULL,NULL,,3,0,2,7,255,1327,250,0,0
stim,161064,191185,0,191185,3388504.454,-0.962,0.145,0.146,0.178,3119,27,0,3165,433,2277,0,1893,46,1.010,1,2213,0,120.332,5.713,-54.063,-52.500,-93.813,-0.234,-0.254,1.098,2.051,-5.332,1.605,0.300,0.286,0.926,1.323,2,NULL,NULL,,3,0,2,7,255,1327,250,0,0
stim,161064,191185,0,191185,3388509.455,-0.963,0.143,0.144,0.176,3117,39,0,3183,445,2313,0,1903,46,1.010,1,2213,0,108.982,5.710,-64.250,-58.250,-66.000,-0.195,-0.293,0.836,2.043,-5.332,-0.070,0.308,0.258,0.926,1.323,2,NULL,NULL,,3,0,2,7,255,1327,250,0,0
stim,161081,191202,0,191202,3388514.454,-0.965,0.140,0.140,0.174,3119,62,0,3179,507,2349,0,1959,46,1.010,1,2213,0,102.330,5.595,-65.563,-67.438,-40.313,-0.336,-0.285,0.820,1.695,-5.332,-2.410,0.322,0.234,0.926,1.323,2,NULL,NULL,,3,0,2,7,255,1327,250,0,0
stim,161081,191202,0,191202,3388519.455,-0.966,0.138,0.137,0.173,3116,63,0,3187,559,2387,0,2011,46,1.010,1,2213,0,103.580,4.974,-65.438,-74.750,-29.313,-0.340,-0.184,0.922,0.301,-4.965,-2.410,0.342,0.208,0.926,1.323,2,NULL,NULL,,3,0,2,7,255,1327,250,0,0
stim,161081,191202,0,191202,3388524.454,-0.967,0.136,0.134,0.171,3117,79,0,3182,681,2420,0,2087,46,1.010,1,2213,0,91.853,4.666,-43.063,-69.188,-42.375,-0.164,0.055,1.156,0.301,-4.656,-1.180,0.364,0.182,0.926,1.323,2,NULL,NULL,,3,0,2,7,255,1327,250,0,0
stim,161081,191202,0,191202,3388529.455,-0.968,0.134,0.131,0.169,3109,107,0,3175,813,2451,0,2135,46,1.010,1,2213,0,87.397,2.829,-45.563,-63.875,-38.500,0.098,0.180,1.105,1.641,-2.305,0.645,0.386,0.160,0.926,1.323,2,NULL,NULL,,3,0,2,7,255,1327,250,0,0
stim,161119,191240,0,191240,3388534.453,-0.968,0.133,0.128,0.168,3104,117,10,3179,926,2464,0,2175,46,1.010,1,2213,0,76.136,2.893,-42.500,-56.375,-28.500,0.074,0.273,1.113,2.891,-0.129,1.043,0.408,0.140,0.926,1.323,2,NULL,NULL,,3,0,2,7,255,1327,250,0,0
stim,161119,191240,0,191240,3388539.455,-0.969,0.131,0.126,0.166,3113,164,24,3172,1004,2487,0,2221,46,1.010,1,2213,0,76.910,2.918,-43.938,-49.438,-39.250,-0.090,0.297,1.063,2.891,0.402,0.953,0.426,0.126,0.926,1.323,2,NULL,NULL,,3,0,2,7,255,1327,250,0,0
stim,161119,191240,0,191240,3388544.454,-0.970,0.129,0.124,0.164,3109,211,51,3180,1096,2495,0,2263,46,1.010,1,2213,0,80.326,1.291,-47.688,-40.813,-50.125,-0.109,0.309,0.988,1.156,0.574,0.953,0.444,0.114,0.926,1.323,2,NULL,NULL,,3,0,2,7,255,1327,250,0,0
stim,161119,191240,0,191240,3388549.455,-0.971,0.127,0.122,0.162,3113,231,73,3171,1184,2505,0,2315,46,1.010,1,2213,0,82.715,0.810,-43.875,-40.750,-57.063,-0.137,0.219,0.980,0.703,0.402,0.340,0.460,0.102,0.926,1.323,2,NULL,NULL,,3,0,2,7,255,1327,250,0,0
stim,161119,191240,0,191240,3388554.454,-0.972,0.125,0.120,0.159,3101,249,153,3164,1267,2515,0,2331,46,1.010,1,2213,0,81.166,0.750,-38.875,-33.750,-62.750,-0.105,0.117,1.008,0.703,-0.262,0.086,0.476,0.088,0.926,1.323,2,NULL,NULL,,3,0,2,7,255,1327,250,0,0
stim,161119,191240,0,191240,3388559.455,-0.973,0.124,0.119,0.157,3096,269,214,3172,1343,2522,0,2359,46,1.010,1,2213,0,72.438,1.647,-42.063,-30.563,-50.438,-0.063,0.020,1.020,1.242,-1.082,0.047,0.486,0.078,0.926,1.323,2,NULL,NULL,,3,0,2,7,255,1327,250,0,0
stim,161119,191240,0,191240,3388564.453,-0.973,0.121,0.118,0.156,3103,263,251,3167,1404,2535,20,2379,46,1.010,1,2213,0,66.763,2.450,-51.813,-27.938,-31.500,-0.098,0.008,1.047,1.656,-1.805,0.047,0.496,0.068,0.926,1.323,2,NULL,NULL,,3,0,2,7,255,1327,250,0,0
stim,161119,191240,0,191240,3388569.455,-0.974,0.119,0.116,0.155,3087,276,367,3161,1489,2535,76,2399,46,1.010,1,2213,0,69.237,2.450,-59.500,-25.500,-24.563,-0.141,0.098,1.004,1.656,-1.805,0.031,0.502,0.062,0.926,1.323,2,NULL,NULL,,3,0,2,7,255,1327,250,0,0
stim,161146,191267,0,191267,3388574.454,-0.974,0.116,0.115,0.154,3083,295,415,3172,1611,2552,117,2424,46,1.010,1,2213,0,65.984,1.521,-56.000,-22.188,-26.938,-0.152,0.199,0.949,0.883,-1.238,0.031,0.508,0.060,0.926,1.323,2,NULL,NULL,,3,0,2,7,255,1327,250,0,0
stim,161146,191267,0,191267,3388579.455,-0.975,0.114,0.114,0.153,3079,343,502,3163,1683,2544,174,2450,46,1.010,1,2213,0,64.368,0.557,-52.500,-23.750,-28.688,-0.141,0.211,1.008,0.504,-0.238,0.031,0.514,0.056,0.926,1.323,2,NULL,NULL,,3,0,2,7,255,1327,250,0,0
stim,161146,191267,0,191267,3388584.454,-0.976,0.112,0.112,0.152,3055,375,637,3153,1751,2555,237,2459,46,1.010,1,2213,0,65.848,0.340,-55.313,-20.063,-29.563,-0.215,0.266,1.047,0.313,-0.133,0.355,0.520,0.054,0.926,1.323,2,NULL,NULL,,3,0,2,7,255,1327,250,0,0
stim,161146,191267,0,191267,3388589.455,-0.976,0.109,0.111,0.151,3053,408,725,3144,1815,2553,262,2471,46,1.010,1,2213,0,73.857,0.156,-63.188,-23.063,-30.500,-0.176,0.234,1.047,0.156,0.004,0.832,0.528,0.050,0.926,1.323,2,NULL,NULL,,3,0,2,7,255,1327,250,0,0
stim,161164,191285,0,191285,3388594.454,-0.977,0.106,0.110,0.150,3051,437,825,3149,1875,2557,299,2491,46,1.010,1,2213,0,77.835,0.274,-66.750,-17.125,-36.188,-0.215,0.277,1.035,-0.246,0.121,0.902,0.532,0.048,0.926,1.323,2,NULL,NULL,,3,0,2,7,255,1327,250,0,0
stim,161164,191285,0,191285,3388599.455,-0.977,0.103,0.109,0.149,3052,489,941,3134,1931,2571,316,2507,46,1.010,1,2213,0,84.484,0.156,-72.000,-20.563,-39.125,-0.141,0.180,1.012,0.156,0.004,0.832,0.536,0.050,0.926,1.323,2,NULL,NULL,,3,0,2,7,255,1327,250,0,0
stim,161164,191285,0,191285,3388604.453,-0.978,0.100,0.108,0.147,3026,503,1043,3127,1980,2567,363,2505,46,1.010,1,2213,0,88.162,0.329,-75.750,-13.813,-42.938,-0.164,0.176,1.004,0.246,-0.219,0.355,0.540,0.048,0.926,1.323,2,NULL,NULL,,3,0,2,7,255,1327,250,0,0
stim,161164,191285,0,191285,3388609.455,-0.979,0.096,0.107,0.145,3027,525,1143,3118,2031,2555,409,2520,46,1.010,1,2213,0,93.595,0.514,-80.625,-14.563,-45.250,-0.121,0.188,1.059,0.465,-0.219,0.355,0.546,0.046,0.926,1.323,2,NULL,NULL,,3,0,2,7,255,1327,250,0,0
stim,161164,191285,0,191285,3388614.454,-0.980,0.092,0.106,0.144,2997,539,1237,3114,2069,2551,447,2520,46,1.010,1,2213,0,95.248,0.735,-83.875,-10.063,-44.000,-0.125,0.148,1.043,0.691,-0.250,0.535,0.554,0.044,0.926,1.323,2,NULL,NULL,,3,0,2,7,255,1327,250,0,0
stim,161164,191285,0,191285,3388619.455,-0.980,0.088,0.105,0.142,2984,559,1359,3101,2105,2555,489,2523,46,1.010,1,2213,0,99.320,0.746,-89.563,-10.000,-41.750,-0.160,0.074,1.016,0.691,-0.281,0.535,0.562,0.040,0.926,1.323,2,NULL,NULL,,3,0,2,7,255,1327,250,0,0
stim,161216,191337,0,191337,3388624.454,-0.981,0.084,0.104,0.141,2971,589,1450,3087,2156,2546,531,2532,46,1.010,1,2213,0,102.247,1.066,-94.000,-9.875,-39.000,-0.195,0.066,1.023,0.461,-0.961,0.359,0.568,0.038,0.926,1.323,2,NULL,NULL,,3,0,2,7,255,1327,250,0,0
stim,161216,191337,0,191337,3388629.455,-0.982,0.080,0.103,0.140,2956,612,1529,3067,2200,2543,620,2540,46,1.010,1,2213,0,107.409,1.058,-99.688,-10.813,-38.500,-0.246,0.063,1.023,0.156,-1.047,0.359,0.574,0.036,0.926,1.323,2,NULL,NULL,,3,0,2,7,255,1327,250,0,0
stim,161216,191337,0,191337,3388634.454,-0.982,0.075,0.102,0.138,2921,635,1619,3049,2246,2536,725,2543,46,1.010,1,2213,0,114.182,1.098,-104.688,-12.375,-43.875,-0.301,0.078,1.012,-0.332,-1.047,0.445,0.578,0.034,0.926,1.323,2,NULL,NULL,,3,0,2,7,255,1327,250,0,0
stim,161216,191337,0,191337,3388639.455,-0.983,0.070,0.101,0.137,2887,669,1747,3029,2284,2531,800,2552,46,1.010,1,2213,0,120.800,1.425,-107.813,-14.813,-52.438,-0.324,0.070,0.992,-0.949,-1.063,0.445,0.582,0.032,0.926,1.323,2,NULL,NULL,,3,0,2,7,255,1327,250,0,0
stim,161216,191337,0,191337,3388644.454,-0.984,0.065,0.100,0.134,2843,671,1867,2992,2342,2521,859,2579,46,1.010,1,2213,0,124.543,1.608,-107.625,-18.313,-59.938,-0.348,0.031,0.969,-1.207,-1.063,0.344,0.586,0.030,0.926,1.323,2,NULL,NULL,,3,0,2,7,255,1327,250,0,0
stim,161216,191337,0,191337,3388649.455,-0.985,0.060,0.099,0.132,2807,679,1981,2964,2403,2507,997,2587,46,1.010,1,2213,0,129.760,1.823,-107.938,-22.625,-68.375,-0.379,0.055,1.016,-1.402,-1.164,0.344,0.588,0.028,0.926,1.323,2,NULL,NULL,,3,0,2,7,255,1327,250,0,0
stim,161216,191337,0,191337,3388654.453,-0.985,0.055,0.097,0.129,2741,680,2100,2912,2446,2495,1111,2589,46,1.010,1,2213,0,142.648,2.073,-113.813,-26.688,-81.750,-0.379,0.133,1.047,-1.715,-1.164,0.625,0.592,0.026,0.926,1.323,2,NULL,NULL,,3,0,2,7,255,1327,250,0,0
stim,161216,191337,0,191337,3388659.455,-0.986,0.050,0.095,0.125,2671,685,2221,2868,2501,2475,1249,2605,46,1.010,1,2213,0,158.760,1.744,-121.875,-29.688,-97.313,-0.320,0.191,1.063,-1.715,-0.316,1.020,0.594,0.024,0.926,1.323,2,NULL,NULL,,3,0,2,7,255,1327,250,0,0
stim,161216,191337,0,191337,3388664.453,-0.987,0.044,0.093,0.121,2559,663,2339,2805,2532,2455,1421,2611,46,1.010,1,2213,0,170.531,1.600,-128.750,-31.438,-107.313,-0.242,0.160,1.055,-1.523,0.488,1.020,0.598,0.022,0.926,1.323,2,NULL,NULL,,3,0,2,7,255,1327,250,0,0
stim,161216,191337,0,191337,3388669.455,-0.988,0.038,0.091,0.117,2443,648,2432,2741,2577,2409,1597,2621,46,1.010,1,2213,0,172.057,0.911,-128.688,-31.375,-109.813,-0.188,0.039,1.023,-0.770,0.488,0.863,0.602,0.020,0.926,1.323,2,NULL,NULL,,3,0,2,7,255,1327,250,0,0
stim,161248,191369,0,191369,3388674.454,-0.989,0.032,0.089,0.113,2287,615,2521,2651,2616,2377,1709,2632,46,1.010,1,2213,0,167.552,0.374,-124.563,-31.438,-107.563,-0.188,-0.090,0.980,-0.090,-0.363,0.402,0.606,0.016,0.926,1.323,2,NULL,NULL,,3,0,2,7,255,1327,250,0,0
stim,161248,191369,0,191369,3388679.455,-0.990,0.027,0.088,0.108,2095,573,2590,2529,2635,2323,1811,2632,46,1.010,1,2213,0,166.129,1.442,-119.438,-30.938,-111.250,-0.188,-0.148,0.988,0.055,-1.441,-0.012,0.610,0.012,0.926,1.323,2,NULL,NULL,,3,0,2,7,255,1327,250,0,0
stim,161248,191369,0,191369,3388684.454,-0.991,0.021,0.086,0.103,1900,550,2671,2379,2660,2275,1927,2633,46,1.010,1,2213,0,169.880,1.447,-111.250,-29.813,-124.875,-0.098,-0.098,0.945,0.125,-1.441,-0.086,0.616,0.010,0.926,1.323,2,NULL,NULL,,3,0,2,7,255,1327,250,0,0
stim,161248,191369,0,191369,3388689.455,-0.991,0.018,0.084,0.098,1575,487,2743,2203,2679,2187,2005,2647,46,1.010,1,2213,0,154.435,1.124,-77.375,-26.188,-131.063,-0.117,0.227,1.020,0.125,-1.117,-0.012,0.620,0.006,0.926,1.323,2,NULL,NULL,,3,0,2,7,255,1327,250,0,0
stim,161248,191369,0,191369,3388694.453,-0.992,0.015,0.082,0.093,1209,380,2793,1996,2700,2107,2087,2637,46,1.010,1,2213,0,145.936,2.012,-63.313,-31.125,-127.750,-0.359,0.633,1.184,0.012,2.012,0.285,0.624,0.002,0.926,1.323,2,NULL,NULL,,3,0,2,7,255,1327,250,0,0
stim,161248,191369,0,191369,3388699.455,-0.993,0.010,0.080,0.087,957,312,2853,1766,2729,1982,2147,2647,46,1.010,1,2213,0,172.157,5.110,-92.250,-35.563,-140.938,-0.617,0.531,1.215,-2.777,4.289,2.293,0.628,0.000,0.926,1.323,2,NULL,NULL,,3,0,2,7,255,1327,250,0,0
stim,161268,191389,0,191389,3388704.454,-0.994,0.005,0.078,0.080,731,232,2908,1502,2759,1835,2191,2633,46,1.010,1,2213,0,210.227,5.713,-123.125,-42.063,-165.125,-0.539,0.098,1.090,-3.773,4.289,2.293,0.000,0.000,0.926,1.323,2,NULL,NULL,,3,0,2,7,255,1327,250,0,0
stim,161268,191389,0,191389,3388709.455,-0.994,-0.001,0.075,0.074,538,167,2935,1241,2773,1717,2233,2620,46,1.010,1,2213,0,210.541,3.796,-119.375,-49.375,-166.250,-0.340,-0.176,0.949,-3.773,0.410,1.551,0.000,0.000,0.926,1.323,2,NULL,NULL,,3,0,2,7,255,1327,250,0,0
stim,161268,191389,0,191389,3388714.454,-0.995,-0.005,0.072,0.066,460,117,2975,1070,2791,1637,2279,2616,46,1.010,1,2213,0,203.347,1.767,-90.063,-51.125,-175.000,-0.059,0.012,0.938,-1.719,0.410,-0.090,0.000,0.000,0.926,1.323,2,NULL,NULL,,3,0,2,7,255,1327,250,0,0
stim,161268,191389,0,191389,3388719.455,-0.996,-0.008,0.070,0.060,411,99,3004,984,2803,1597,2316,2611,46,1.010,1,2213,0,175.191,0.753,-44.500,-52.250,-161.188,0.188,0.133,1.266,0.613,0.438,-0.090,0.000,0.000,0.926,1.323,2,NULL,NULL,,3,0,2,7,255,1327,250,0,0
stim,161314,191435,0,191435,3388724.454,-0.996,-0.011,0.067,0.056,403,85,3019,895,2803,1574,2347,2595,46,1.010,1,2213,0,119.403,3.729,-66.375,-48.563,-86.563,0.477,0.047,1.570,3.246,1.836,2.145,0.000,0.000,0.926,1.323,2,NULL,NULL,,3,0,2,7,255,1327,250,0,0
stim,161314,191435,0,191435,3388729.455,-0.996,-0.017,0.065,0.056,419,85,3047,895,2813,1553,2382,2583,46,1.010,1,2213,0,159.036,5.341,-152.375,-39.563,-22.563,0.340,-0.199,1.301,5.016,1.836,2.469,0.000,0.000,0.926,1.323,2,NULL,NULL,,3,0,2,7,255,1327,250,0,0
stim,161314,191435,0,191435,3388734.453,-0.996,-0.025,0.063,0.057,471,95,3082,937,2825,1553,2407,2578,46,1.010,1,2213,0,186.271,5.022,-183.063,-32.125,12.375,0.105,-0.090,0.641,5.016,-0.246,2.469,0.000,0.000,0.926,1.323,2,NULL,NULL,,3,0,2,7,255,1327,250,0,0
stim,161314,191435,0,191435,3388739.455,-0.996,-0.031,0.061,0.057,521,119,3093,1061,2845,1561,2429,2556,46,1.010,1,2213,0,149.436,1.790,-143.375,-42.125,-0.313,-0.113,0.309,0.191,1.773,-0.246,-3.660,0.000,0.000,0.926,1.323,2,NULL,NULL,,3,0,2,7,255,1327,250,0,0
stim,161314,191435,0,191435,3388744.454,-0.996,-0.034,0.059,0.055,565,153,3119,1148,2853,1579,2461,2559,46,1.010,1,2213,0,97.693,3.233,-71.563,-43.125,-50.625,-0.078,0.445,0.160,-1.176,3.012,-8.074,0.000,0.000,0.926,1.323,2,NULL,NULL,,3,0,2,7,255,1327,250,0,0
stim,161314,191435,0,191435,3388749.455,-0.996,-0.035,0.057,0.051,632,237,3131,1259,2861,1614,2477,2571,46,1.010,1,2213,0,100.447,3.233,-17.438,-35.063,-92.500,0.250,-0.059,0.383,-1.176,3.012,-8.074,0.000,0.000,0.926,1.323,2,NULL,NULL,,3,0,2,7,255,1327,250,0,0
stim,161338,191459,0,191459,3388754.454,-0.997,-0.036,0.056,0.047,690,331,3151,1398,2873,1647,2489,2577,46,1.010,1,2213,0,99.195,2.781,-12.500,-22.438,-95.813,0.488,-0.719,0.578,2.781,0.016,-6.355,0.000,0.000,0.926,1.323,2,NULL,NULL,,3,0,2,7,255,1327,250,0,0
stim,161338,191459,0,191459,3388759.455,-0.997,-0.038,0.055,0.044,779,373,3165,1583,2887,1702,2503,2590,46,1.010,1,2213,0,80.311,8.469,-36.375,-5.688,-71.375,0.484,-0.965,0.480,5.973,-6.004,-4.770,0.000,0.000,0.926,1.323,2,NULL,NULL,,3,0,2,7,255,1327,250,0,0
stim,161338,191459,0,191459,3388764.453,-0.997,-0.040,0.056,0.042,851,505,3177,1773,2875,1762,2510,2591,46,1.010,1,2213,0,75.243,8.825,-39.625,11.063,-63.000,0.328,-0.715,0.230,5.973,-6.496,-4.770,0.000,0.000,0.926,1.323,2,NULL,NULL,,3,0,2,7,255,1327,250,0,0
stim,161338,191459,0,191459,3388769.455,-0.997,-0.040,0.056,0.038,972,652,3179,1987,2891,1839,2520,2605,46,1.010,1,2213,0,78.154,7.623,-2.938,21.125,-75.188,0.113,-0.410,0.227,3.988,-6.496,-7.238,0.000,0.000,0.926,1.323,2,NULL,NULL,,3,0,2,7,255,1327,250,0,0
stim,161338,191459,0,191459,3388774.454,-0.997,-0.038,0.057,0.034,1131,763,3184,2141,2889,1909,2525,2613,46,1.010,1,2213,0,114.055,4.037,46.750,28.688,-100.000,0.035,-0.336,0.539,1.598,-3.707,-7.238,0.000,0.000,0.926,1.323,2,NULL,NULL,,3,0,2,7,255,1327,250,0,0
stim,161338,191459,0,191459,3388779.455,-0.997,-0.036,0.059,0.029,1303,865,3190,2293,2893,1959,2519,2619,46,1.010,1,2213,0,124.880,3.961,67.188,33.813,-99.688,0.117,-0.480,1.012,1.598,-3.625,-4.301,0.000,0.000,0.926,1.323,2,NULL,NULL,,3,0,2,7,255,1327,250,0,0
stim,161338,191459,0,191459,3388784.454,-0.997,-0.034,0.060,0.026,1430,941,3181,2385,2895,2011,2519,2615,46,1.010,1,2213,0,92.502,4.392,34.000,40.188,-76.063,0.102,-0.641,1.215,2.480,-3.625,0.320,0.000,0.000,0.926,1.323,2,NULL,NULL,,3,0,2,7,255,1327,250,0,0
stim,161338,191459,0,191459,3388789.455,-0.997,-0.034,0.062,0.024,1589,1017,3187,2479,2891,2063,2507,2617,46,1.010,1,2213,0,62.926,4.512,14.750,42.563,-43.938,0.008,-0.512,1.266,2.480,-3.770,2.449,0.000,0.000,0.926,1.323,2,NULL,NULL,,3,0,2,7,255,1327,250,0,0
stim,161359,191480,0,191480,3388794.454,-0.997,-0.034,0.064,0.023,1723,1083,3191,2569,2876,2096,2494,2629,46,1.010,1,2213,0,40.542,4.158,6.250,38.500,-11.063,-0.145,-0.102,1.336,1.754,-3.770,2.914,0.000,0.000,0.926,1.323,2,NULL,NULL,,3,0,2,7,255,1327,250,0,0
stim,161359,191480,0,191480,3388799.455,-0.997,-0.033,0.065,0.023,1827,1123,3177,2617,2880,2127,2483,2616,46,1.010,1,2213,0,33.932,0.280,11.750,31.438,5.000,-0.301,0.184,1.465,0.180,0.215,3.379,0.000,0.000,0.926,1.323,2,NULL,NULL,,3,0,2,7,255,1327,250,0,0
stim,161359,191480,0,191480,3388804.453,-0.997,-0.033,0.066,0.024,1929,1151,3175,2667,2877,2147,2467,2612,46,1.010,1,2213,0,31.821,3.213,-10.625,26.625,13.813,-0.281,0.227,1.480,-1.066,3.031,4.566,0.000,0.000,0.926,1.323,2,NULL,NULL,,3,0,2,7,255,1327,250,0,0
stim,161359,191480,0,191480,3388809.455,-0.997,-0.034,0.067,0.024,2003,1179,3175,2715,2859,2166,2442,2620,46,1.010,1,2213,0,43.420,3.216,-33.188,24.563,13.438,-0.270,-0.004,1.246,-1.074,3.031,4.566,0.000,0.000,0.926,1.323,2,NULL,NULL,,3,0,2,7,255,1327,250,0,0
stim,161380,191501,0,191501,3388814.453,-0.997,-0.036,0.068,0.025,2055,1193,3165,2742,2855,2187,2431,2605,46,1.010,1,2213,0,40.514,1.489,-30.625,19.875,17.563,-0.238,-0.102,1.031,-1.066,1.039,2.609,0.000,0.000,0.926,1.323,2,NULL,NULL,,3,0,2,7,255,1327,250,0,0
stim,161380,191501,0,191501,3388819.455,-0.997,-0.036,0.069,0.026,2091,1205,3173,2773,2853,2195,2425,2606,46,1.010,1,2213,0,25.189,1.076,-12.250,15.688,15.438,-0.277,-0.078,0.961,-1.074,0.059,0.582,0.000,0.000,0.926,1.323,2,NULL,NULL,,3,0,2,7,255,1327,250,0,0
stim,161380,191501,0,191501,3388824.454,-0.997,-0.036,0.070,0.026,2117,1211,3173,2788,2856,2197,2420,2603,46,1.010,1,2213,0,15.693,1.400,5.563,13.125,6.563,-0.277,-0.082,0.992,-1.398,0.059,0.227,0.000,0.000,0.926,1.323,2,NULL,NULL,,3,0,2,7,255,1327,250,0,0
stim,161380,191501,0,191501,3388829.455,-0.997,-0.036,0.071,0.026,2121,1221,3159,2797,2858,2205,2420,2601,46,1.010,1,2213,0,10.660,1.400,7.500,7.438,1.438,-0.262,-0.172,1.055,-1.398,0.059,0.227,0.000,0.000,0.926,1.323,2,NULL,NULL,,3,0,2,7,255,1327,250,0,0
stim,161419,191540,0,191540,3388834.453,-0.996,-0.036,0.071,0.026,2124,1235,3162,2807,2853,2207,2421,2603,46,1.010,1,2213,0,5.696,1.333,-0.250,4.438,3.563,-0.258,-0.273,1.043,-1.094,-0.762,0.879,0.000,0.000,0.926,1.323,2,NULL,NULL,,3,0,2,7,255,1327,250,0,0
stim,161419,191540,0,191540,3388839.455,-0.996,-0.036,0.071,0.027,2131,1239,3164,2811,2859,2213,2425,2608,46,1.010,1,2213,0,7.525,2.080,-4.500,-1.063,5.938,-0.277,-0.281,0.977,-1.094,-1.770,0.879,0.000,0.000,0.926,1.323,2,NULL,NULL,,3,0,2,7,255,1327,250,0,0
stim,161419,191540,0,191540,3388844.454,-0.996,-0.037,0.071,0.026,2111,1233,3175,2809,2861,2215,2429,2611,46,1.010,1,2213,0,4.410,2.115,-2.750,-3.188,-1.313,-0.250,-0.273,0.938,-1.051,-1.836,0.281,0.000,0.000,0.926,1.323,2,NULL,NULL,,3,0,2,7,255,1327,250,0,0
stim,161419,191540,0,191540,3388849.455,-0.996,-0.037,0.071,0.026,2089,1228,3172,2805,2859,2225,2436,2620,46,0.723,1,2213,1,9.869,2.160,6.375,-6.938,-2.938,-0.188,-0.285,0.918,-1.051,-1.887,-0.141,0.000,0.000,0.557,1.052,2,NULL,NULL,,3,0,2,7,255,1327,250,0,0
stim,161419,191540,0,191540,3388854.454,-0.997,-0.036,0.070,0.026,2066,1221,3161,2789,2860,2231,2429,2619,46,0.723,1,2213,1,17.639,1.898,15.688,-8.063,0.188,-0.156,-0.246,0.961,-0.480,-1.836,-0.141,0.004,0.002,0.557,1.052,2,NULL,NULL,,3,0,2,7,255,1327,250,0,0
stim,161419,191540,0,191540,3388859.455,-0.997,-0.035,0.070,0.026,2031,1200,3169,2775,2861,2217,2443,2631,46,0.723,1,2213,1,19.372,1.526,17.125,-8.500,3.125,-0.133,-0.195,1.012,-0.145,-1.520,-0.070,0.006,0.004,0.557,1.052,2,NULL,NULL,,3,0,2,7,255,1327,250,0,0
stim,161419,191540,0,191540,3388864.454,-0.997,-0.035,0.070,0.027,1995,1189,3159,2751,2871,2221,2444,2630,46,0.723,1,2213,1,18.436,0.961,14.313,-10.063,5.813,-0.125,-0.164,1.020,0.090,-0.957,0.340,0.010,0.004,0.557,1.052,2,NULL,NULL,,3,0,2,7,255,1327,250,0,0
stim,161419,191540,0,191540,3388869.455,-0.997,-0.034,0.069,0.027,1951,1176,3162,2733,2867,2215,2447,2634,46,0.723,1,2213,1,15.545,0.762,10.500,-9.125,6.938,-0.094,-0.172,1.008,0.156,-0.746,0.340,0.012,0.004,0.557,1.052,2,NULL,NULL,,3,0,2,7,255,1327,250,0,0
stim,161440,191561,0,191561,3388874.454,-0.997,-0.034,0.069,0.027,1908,1171,3169,2727,2868,2217,2457,2647,46,0.723,1,2213,1,16.963,0.865,9.000,-8.875,11.313,-0.074,-0.184,0.977,0.438,-0.746,0.199,0.012,0.002,0.557,1.052,2,NULL,NULL,,3,0,2,7,255,1327,250,0,0
stim,161440,191561,0,191561,3388879.455,-0.997,-0.034,0.068,0.028,1875,1159,3152,2712,2879,2220,2459,2653,46,0.723,1,2213,1,18.880,0.865,9.563,-8.813,13.688,-0.113,-0.152,0.953,0.438,-0.746,-0.117,0.014,0.002,0.557,1.052,2,NULL,NULL,,3,0,2,7,255,1327,250,0,0
stim,161440,191561,0,191561,3388884.454,-0.997,-0.033,0.068,0.028,1839,1141,3157,2695,2879,2223,2466,2661,46,0.723,1,2213,1,18.299,0.662,13.375,-8.250,9.375,-0.109,-0.141,0.945,0.168,-0.641,-0.316,0.018,0.004,0.557,1.052,2,NULL,NULL,,3,0,2,7,255,1327,250,0,0
stim,161440,191561,0,191561,3388889.455,-0.997,-0.033,0.068,0.029,1801,1127,3150,2671,2879,2223,2470,2655,46,0.723,1,2213,1,18.810,0.655,15.188,-7.625,8.063,-0.063,-0.156,0.992,0.168,-0.633,-0.316,0.020,0.008,0.557,1.052,2,NULL,NULL,,3,0,2,7,255,1327,250,0,0
stim,161464,191585,0,191585,3388894.454,-0.997,-0.032,0.067,0.029,1771,1113,3157,2665,2887,2233,2464,2667,46,0.723,1,2213,1,19.194,0.868,13.563,-5.313,12.500,-0.070,-0.172,0.969,0.594,-0.633,-0.215,0.022,0.012,0.557,1.052,2,NULL,NULL,,3,0,2,7,255,1327,250,0,0
stim,161464,191585,0,191585,3388899.455,-0.997,-0.031,0.067,0.030,1735,1097,3149,2639,2873,2222,2464,2670,46,0.723,1,2213,1,21.368,1.022,13.500,-5.125,15.750,-0.078,-0.180,0.984,0.594,-0.832,-0.023,0.026,0.016,0.557,1.052,2,NULL,NULL,,3,0,2,7,255,1327,250,0,0
stim,161464,191585,0,191585,3388904.453,-0.997,-0.031,0.067,0.031,1693,1081,3145,2616,2887,2229,2472,2671,46,0.723,1,2213,1,22.142,1.014,12.313,-4.375,17.875,-0.098,-0.172,0.988,0.531,-0.863,-0.023,0.028,0.020,0.557,1.052,2,NULL,NULL,,3,0,2,7,255,1327,250,0,0
stim,161464,191585,0,191585,3388909.455,-0.997,-0.030,0.067,0.031,1663,1060,3139,2600,2889,2231,2475,2677,46,0.723,1,2213,1,21.280,0.937,12.063,-3.125,17.250,-0.117,-0.160,0.965,0.363,-0.863,-0.023,0.030,0.022,0.557,1.052,2,NULL,NULL,,3,0,2,7,255,1327,250,0,0
stim,161464,191585,0,191585,3388914.453,-0.997,-0.030,0.067,0.032,1636,1047,3144,2583,2877,2229,2479,2693,46,0.723,1,2213,1,22.504,0.929,13.688,-2.500,17.688,-0.086,-0.168,0.961,0.363,-0.855,-0.172,0.030,0.022,0.557,1.052,2,NULL,NULL,,3,0,2,7,255,1327,250,0,0
stim,161464,191585,0,191585,3388919.455,-0.997,-0.029,0.067,0.033,1592,1017,3129,2555,2887,2229,2474,2686,46,0.723,1,2213,1,25.431,0.877,11.313,-2.625,22.625,-0.078,-0.164,1.031,0.406,-0.777,-0.172,0.032,0.024,0.557,1.052,2,NULL,NULL,,3,0,2,7,255,1327,250,0,0
stim,161517,191638,0,191638,3388924.454,-0.997,-0.029,0.067,0.034,1572,998,3128,2525,2887,2233,2485,2695,46,0.723,1,2213,1,23.980,0.850,9.625,-1.063,21.938,-0.160,-0.133,0.938,0.406,-0.746,-0.262,0.032,0.022,0.557,1.052,2,NULL,NULL,,3,0,2,7,255,1327,250,0,0
stim,161517,191638,0,191638,3388929.455,-0.997,-0.028,0.067,0.035,1533,988,3122,2493,2879,2226,2474,2696,46,0.723,1,2213,1,22.757,0.605,16.063,-1.375,16.063,-0.105,-0.117,0.953,0.191,-0.574,-0.367,0.032,0.022,0.557,1.052,2,NULL,NULL,,3,0,2,7,255,1327,250,0,0
stim,161517,191638,0,191638,3388934.454,-0.997,-0.027,0.067,0.035,1503,967,3119,2468,2893,2228,2482,2700,46,0.723,1,2213,1,25.885,0.463,18.813,-1.813,17.688,-0.105,-0.098,1.012,0.191,-0.422,-0.367,0.034,0.018,0.557,1.052,2,NULL,NULL,,3,0,2,7,255,1327,250,0,0
stim,161517,191638,0,191638,3388939.455,-0.997,-0.027,0.067,0.036,1463,933,3113,2446,2885,2221,2473,2701,46,0.723,1,2213,1,24.368,0.252,15.438,-1.250,18.813,-0.125,-0.074,1.039,0.191,-0.164,0.203,0.036,0.016,0.557,1.052,2,NULL,NULL,,3,0,2,7,255,1327,250,0,0
stim,161517,191638,0,191638,3388944.454,-0.997,-0.026,0.067,0.037,1404,919,3111,2425,2885,2221,2473,2707,46,0.723,1,2213,1,17.543,0.083,11.563,-2.250,13.000,-0.199,-0.031,1.066,0.063,0.055,0.457,0.038,0.014,0.557,1.052,2,NULL,NULL,,3,0,2,7,255,1327,250,0,0
stim,161517,191638,0,191638,3388949.455,-0.997,-0.026,0.067,0.037,1368,901,3103,2402,2887,2221,2474,2709,46,0.723,1,2213,1,13.093,0.300,10.313,-1.438,7.938,-0.102,-0.039,0.945,0.063,0.293,0.457,0.040,0.010,0.557,1.052,2,NULL,NULL,,3,0,2,7,255,1327,250,0,0
stim,161517,191638,0,191638,3388954.453,-0.997,-0.025,0.067,0.037,1311,879,3102,2375,2893,2225,2476,2714,46,0.723,1,2213,1,24.596,0.296,20.438,-3.875,13.125,-0.117,-0.090,0.938,0.039,0.293,-0.508,0.044,0.010,0.557,1.052,2,NULL,NULL,,3,0,2,7,255,1327,250,0,0
stim,161517,191638,0,191638,3388959.455,-0.997,-0.024,0.066,0.038,1251,862,3099,2333,2887,2216,2473,2715,46,0.723,1,2213,1,28.495,0.077,24.625,-5.000,13.438,-0.160,-0.078,1.039,0.039,-0.066,-0.508,0.046,0.010,0.557,1.052,2,NULL,NULL,,3,0,2,7,255,1327,250,0,0
stim,161517,191638,0,191638,3388964.454,-0.997,-0.023,0.066,0.038,1173,843,3097,2287,2887,2216,2485,2717,46,0.723,1,2213,1,19.751,0.203,17.125,-5.063,8.438,-0.156,-0.066,1.066,-0.191,-0.066,0.527,0.048,0.010,0.557,1.052,2,NULL,NULL,,3,0,2,7,255,1327,250,0,0
stim,161517,191638,0,191638,3388969.455,-0.997,-0.022,0.066,0.039,1113,826,3095,2249,2889,2213,2477,2725,46,0.723,1,2213,1,13.456,0.203,9.563,-5.438,7.750,-0.141,-0.098,1.035,-0.191,-0.066,0.527,0.048,0.012,0.557,1.052,2,NULL,NULL,,3,0,2,7,255,1327,250,0,0
stim,161546,191667,0,191667,3388974.454,-0.997,-0.022,0.066,0.039,1061,794,3091,2201,2892,2207,2477,2727,46,0.723,1,2213,1,14.236,0.283,8.125,-6.813,9.500,-0.094,-0.145,0.965,-0.059,-0.277,0.449,0.050,0.012,0.557,1.052,2,NULL,NULL,,3,0,2,7,255,1327,250,0,0
stim,161546,191667,0,191667,3388979.457,-0.997,-0.021,0.065,0.040,996,781,3084,2146,2895,2205,2488,2731,46,0.723,1,2213,1,24.609,0.796,15.438,-7.813,17.500,-0.113,-0.148,0.941,0.105,-0.789,-0.250,0.052,0.012,0.557,1.052,2,NULL,NULL,,3,0,2,7,255,1327,250,0,0
stim,161546,191667,0,191667,3388984.454,-0.997,-0.021,0.065,0.040,937,747,3087,2104,2905,2215,2495,2747,46,0.723,1,2213,1,27.604,0.796,19.688,-9.125,17.063,-0.164,-0.121,0.996,0.105,-0.789,-0.250,0.056,0.012,0.557,1.052,2,NULL,NULL,,3,0,2,7,255,1327,250,0,0
stim,161546,191667,0,191667,3388989.455,-0.997,-0.020,0.065,0.041,878,685,3081,2022,2902,2205,2487,2741,46,0.723,1,2213,1,23.675,0.650,17.750,-9.688,12.313,-0.152,-0.109,1.023,-0.215,-0.613,0.129,0.058,0.012,0.557,1.052,2,NULL,NULL,,3,0,2,7,255,1327,250,0,0
stim,161563,191684,0,191684,3388994.453,-0.997,-0.019,0.064,0.041,779,657,3069,1957,2909,2217,2490,2747,46,0.723,1,2213,1,20.580,0.624,14.375,-10.000,10.813,-0.102,-0.121,1.000,-0.215,-0.586,0.129,0.062,0.012,0.557,1.052,2,NULL,NULL,,3,0,2,7,255,1327,250,0,0
stim,161563,191684,0,191684,3388999.455,-0.997,-0.019,0.064,0.042,681,631,3065,1854,2905,2207,2490,2759,46,0.723,1,2213,1,26.898,0.634,15.438,-11.250,18.938,-0.070,-0.133,0.980,0.242,-0.586,0.082,0.066,0.012,0.557,1.052,2,NULL,NULL,,3,0,2,7,255,1327,250,0,0
stim,161563,191684,0,191684,3389004.454,-0.997,-0.018,0.063,0.043,606,588,3062,1775,2908,2207,2493,2761,46,0.723,1,2213,1,31.781,0.634,16.750,-11.500,24.438,-0.121,-0.113,0.992,0.242,-0.586,0.027,0.070,0.012,0.557,1.052,2,NULL,NULL,,3,0,2,7,255,1327,250,0,0
stim,161563,191684,0,191684,3389009.455,-0.997,-0.017,0.063,0.044,499,539,3058,1657,2917,2223,2503,2770,46,0.723,1,2213,1,31.231,0.722,16.438,-12.125,23.625,-0.109,-0.133,0.984,0.145,-0.707,-0.031,0.074,0.012,0.557,1.052,2,NULL,NULL,,3,0,2,7,255,1327,250,0,0
stim,161584,191705,0,191705,3389014.453,-0.997,-0.016,0.062,0.045,392,496,3053,1530,2917,2219,2505,2779,46,0.723,1,2213,1,32.821,0.753,16.875,-12.188,25.375,-0.109,-0.137,0.980,0.129,-0.742,-0.031,0.076,0.014,0.557,1.052,2,NULL,NULL,,3,0,2,7,255,1327,250,0,0
stim,161584,191705,1,191705,3389019.455,-0.997,-0.016,0.062,0.046,339,441,3061,1421,2923,2235,2504,2795,46,0.723,1,2213,1,33.052,0.779,17.188,-12.375,25.375,-0.102,-0.129,0.973,0.145,-0.766,-0.098,0.080,0.014,0.557,1.052,2,NULL,NULL,,3,1,2,7,255,1327,250,0,0
stim,161614,191735,1,191735,3389024.454,-0.997,-0.015,0.061,0.048,271,399,3047,1320,2925,2233,2509,2792,46,0.723,1,2213,1,37.069,0.788,18.813,-12.688,29.313,-0.063,-0.113,0.969,0.188,-0.766,-0.160,0.082,0.016,0.557,1.052,2,NULL,NULL,,3,1,2,7,255,1327,250,0,0
stim,161614,191735,1,191735,3389029.455,-0.997,-0.014,0.061,0.049,235,360,3044,1230,2926,2234,2513,2798,46,0.723,1,2213,1,39.405,0.608,18.938,-12.250,32.313,-0.121,-0.090,0.992,0.188,-0.578,-0.160,0.086,0.018,0.557,1.052,2,NULL,NULL,,3,1,2,7,255,1327,250,0,0
stim,161646,191767,1,191767,3389034.454,-0.997,-0.013,0.060,0.050,169,331,3043,1125,2933,2247,2515,2808,46,0.723,1,2213,1,38.329,0.622,17.063,-13.188,31.688,-0.098,-0.109,0.992,0.230,-0.578,0.012,0.088,0.020,0.557,1.052,2,NULL,NULL,,3,1,2,7,255,1327,250,0,0
stim,161646,191767,1,191767,3389039.455,-0.997,-0.012,0.060,0.052,119,311,3043,987,2939,2253,2519,2821,46,0.723,1,2213,1,39.574,0.556,15.500,-12.188,34.313,-0.094,-0.098,0.969,0.227,-0.508,0.012,0.090,0.022,0.557,1.052,2,NULL,NULL,,3,1,2,7,255,1327,250,0,0
stim,161646,191767,1,191767,3389044.454,-0.997,-0.011,0.060,0.053,101,283,3043,883,2943,2261,2525,2827,46,0.723,1,2213,1,38.190,0.556,17.313,-12.750,31.563,-0.117,-0.070,0.969,0.227,-0.508,-0.234,0.094,0.024,0.557,1.052,2,NULL,NULL,,3,1,2,7,255,1327,250,0,0
stim,161646,191767,1,191767,3389049.455,-0.997,-0.011,0.059,0.054,71,263,3039,811,2951,2268,2537,2835,46,0.723,1,2213,1,36.558,0.290,18.188,-13.250,28.813,-0.113,-0.059,0.984,-0.023,-0.289,-0.234,0.096,0.024,0.557,1.052,2,NULL,NULL,,3,1,2,7,255,1327,250,0,0
stim,161646,191767,1,191767,3389054.453,-0.997,-0.010,0.059,0.056,39,245,3037,723,2954,2278,2539,2844,46,0.723,1,2213,1,38.371,0.197,18.813,-13.438,30.625,-0.070,-0.047,0.980,-0.023,-0.195,-0.180,0.098,0.026,0.557,1.052,2,NULL,NULL,,3,1,2,7,255,1327,250,0,0
stim,161646,191767,1,191767,3389059.455,-0.997,-0.009,0.058,0.057,37,223,3037,631,2957,2292,2548,2853,46,0.723,1,2213,1,43.567,0.079,22.000,-13.750,35.000,-0.102,-0.039,0.988,0.066,-0.043,-0.082,0.098,0.026,0.557,1.052,2,NULL,NULL,,3,1,2,7,255,1327,250,0,0
stim,161646,191767,1,191767,3389064.453,-0.997,-0.008,0.058,0.058,37,211,3035,551,2965,2300,2555,2861,46,0.723,1,2213,1,36.455,0.067,19.000,-13.563,28.000,-0.148,-0.027,1.043,0.066,-0.004,-0.066,0.100,0.024,0.557,1.052,2,NULL,NULL,,3,1,2,7,255,1327,250,0,0
stim,161646,191767,1,191767,3389069.455,-0.997,-0.007,0.057,0.059,25,205,3033,477,2967,2309,2567,2867,46,0.723,1,2213,1,27.734,0.067,14.938,-13.063,19.375,-0.086,-0.066,1.004,0.066,-0.004,0.090,0.102,0.024,0.557,1.052,2,NULL,NULL,,3,1,2,7,255,1327,250,0,0
stim,161646,191767,1,191767,3389074.454,-0.997,-0.006,0.056,0.060,19,197,3033,376,2972,2315,2579,2874,46,0.723,1,2213,1,32.398,0.376,14.188,-12.750,26.188,-0.023,-0.070,0.984,0.254,-0.277,0.090,0.102,0.024,0.557,1.052,2,NULL,NULL,,3,1,2,7,255,1327,250,0,0
stim,161646,191767,1,191767,3389079.457,-0.997,-0.005,0.056,0.062,7,179,3035,279,2975,2323,2585,2879,46,0.723,1,2213,1,34.962,0.376,14.813,-12.438,29.125,-0.117,-0.047,1.008,0.254,-0.277,0.090,0.104,0.026,0.557,1.052,2,NULL,NULL,,3,1,2,7,255,1327,250,0,0
stim,161646,191767,1,191767,3389084.454,-0.996,-0.005,0.056,0.063,0,182,3033,226,2980,2328,2588,2887,46,0.723,1,2213,1,31.847,0.180,13.438,-12.813,25.875,-0.121,-0.039,1.016,-0.082,-0.160,0.121,0.104,0.026,0.557,1.052,2,NULL,NULL,,3,1,2,7,255,1327,250,0,0
stim,161646,191767,1,191767,3389089.455,-0.996,-0.004,0.055,0.063,0,115,3035,161,2985,2333,2601,2893,46,0.723,1,2213,1,25.967,0.178,12.625,-12.688,18.813,-0.117,-0.023,1.008,-0.148,-0.098,0.141,0.106,0.026,0.557,1.052,2,NULL,NULL,,3,1,2,7,255,1327,250,0,0
stim,161646,191767,1,191767,3389094.453,-0.996,-0.003,0.055,0.064,0,103,3035,111,2990,2339,2613,2901,46,0.723,1,2213,1,25.461,0.155,14.063,-12.625,17.063,-0.121,-0.027,1.020,-0.152,-0.027,0.230,0.108,0.026,0.557,1.052,2,NULL,NULL,,3,1,2,7,255,1327,250,0,0
stim,161646,191767,1,191767,3389099.455,-0.996,-0.003,0.054,0.065,0,87,3035,57,3001,2339,2611,2905,46,0.723,1,2213,1,22.873,0.162,14.188,-13.875,11.375,-0.137,-0.043,1.047,-0.160,-0.027,0.258,0.108,0.028,0.557,1.052,2,NULL,NULL,,3,1,2,7,255,1327,250,0,0
stim,161677,191798,1,191798,3389104.454,-0.996,-0.002,0.053,0.065,0,82,3035,19,3003,2344,2632,2909,46,0.723,1,2213,0,22.301,0.155,13.813,-14.625,9.625,-0.105,-0.012,1.066,-0.152,-0.027,0.543,0.108,0.028,0.557,1.052,3,NULL,NULL,,3,1,2,7,255,1327,250,0,0
stim,161677,191798,1,191798,3389109.455,-0.996,-0.002,0.053,0.066,0,74,3035,0,3007,2341,2637,2915,46,0.723,1,2213,0,22.389,0.138,9.750,-16.375,11.750,-0.109,0.012,1.086,-0.066,0.121,0.672,0.110,0.028,0.557,1.052,3,NULL,NULL,,3,1,2,7,255,1327,250,0,0
stim,161677,191798,1,191798,3389114.454,-0.996,-0.001,0.052,0.066,0,55,3037,0,3015,2342,2635,2917,46,0.723,1,2213,0,22.650,0.247,6.938,-16.813,13.500,-0.148,0.008,1.055,-0.066,0.238,0.672,0.110,0.030,0.557,1.052,3,NULL,NULL,,3,1,2,7,255,1327,250,0,0
stim,161677,191798,1,191798,3389119.455,-0.996,-0.001,0.051,0.067,0,29,3035,0,3021,2341,2651,2915,46,0.723,1,2213,0,22.465,0.533,9.625,-19.188,6.625,-0.145,-0.008,1.039,-0.477,0.238,0.613,0.110,0.030,0.557,1.052,3,NULL,NULL,,3,1,2,7,255,1327,250,0,0
stim,161677,191798,1,191798,3389124.454,-0.996,0.000,0.051,0.067,0,20,3035,0,3025,2334,2662,2925,46,0.723,1,2213,0,30.100,0.486,19.188,-22.188,6.750,-0.180,-0.035,1.074,-0.480,0.074,0.613,0.110,0.032,0.557,1.052,3,NULL,NULL,,3,1,2,7,255,1327,250,0,0
stim,161677,191798,1,191798,3389129.455,-0.997,0.001,0.050,0.067,0,17,3033,0,3028,2311,2667,2931,46,0.723,1,2213,0,32.710,0.686,20.375,-24.750,6.500,-0.176,-0.066,1.137,-0.641,-0.246,0.828,0.110,0.034,0.557,1.052,3,NULL,NULL,,3,1,2,7,255,1327,250,0,0
stim,161721,191842,1,191842,3389134.453,-0.997,0.002,0.048,0.067,0,13,3031,0,3032,2324,2675,2933,46,0.723,1,2213,0,28.816,0.725,11.938,-26.188,1.438,-0.094,-0.059,1.160,-0.641,-0.340,1.473,0.110,0.036,0.557,1.052,3,NULL,NULL,,3,1,2,7,255,1327,250,0,0
stim,161721,191842,1,191842,3389139.455,-0.997,0.002,0.047,0.068,0,3,3029,0,3035,2314,2683,2920,46,0.723,1,2213,0,34.000,0.569,6.063,-27.875,18.500,-0.098,-0.125,1.125,0.125,-0.555,1.473,0.110,0.038,0.557,1.052,3,NULL,NULL,,3,1,2,7,255,1327,250,0,0
stim,161721,191842,1,191842,3389144.454,-0.997,0.002,0.046,0.069,0,1,3025,0,3037,2301,2692,2938,46,0.723,1,2213,0,43.749,1.054,8.688,-32.688,27.750,-0.207,-0.156,1.133,0.125,-1.047,1.469,0.110,0.038,0.557,1.052,3,NULL,NULL,,3,1,2,7,255,1327,250,0,0
stim,161721,191842,1,191842,3389149.455,-0.997,0.002,0.045,0.070,0,0,3021,0,3043,2285,2703,2941,46,0.723,1,2213,0,38.253,1.732,1.750,-33.938,17.563,-0.215,-0.176,1.141,-0.879,-1.492,1.469,0.112,0.040,0.557,1.052,3,NULL,NULL,,3,1,2,7,255,1327,250,0,0
stim,161721,191842,1,191842,3389154.454,-0.997,0.003,0.043,0.071,0,0,3014,0,3047,2263,2709,2949,46,0.723,1,2213,0,42.019,1.964,3.625,-38.000,17.563,-0.230,-0.238,1.098,-0.965,-1.711,1.469,0.112,0.042,0.557,1.052,3,NULL,NULL,,3,1,2,7,255,1327,250,0,0
stim,161721,191842,1,191842,3389159.455,-0.997,0.003,0.042,0.071,0,0,3007,0,3050,2245,2715,2951,46,0.723,1,2213,0,44.177,2.002,5.625,-41.625,13.688,-0.188,-0.184,1.078,-0.965,-1.754,1.133,0.112,0.044,0.557,1.052,3,NULL,NULL,,3,1,2,7,255,1327,250,0,0
stim,161721,191842,1,191842,3389164.453,-0.997,0.003,0.040,0.072,0,0,3001,0,3053,2217,2723,2953,46,0.723,1,2213,0,45.580,1.926,6.188,-43.750,11.188,-0.141,-0.125,1.043,-0.797,-1.754,0.891,0.112,0.046,0.557,1.052,3,NULL,NULL,,3,1,2,7,255,1327,250,0,0
stim,161721,191842,1,191842,3389169.455,-0.997,0.004,0.038,0.073,0,0,2988,0,3063,2195,2727,2952,46,0.723,1,2213,0,54.477,1.374,13.688,-49.188,19.000,-0.145,-0.133,1.047,-0.543,-1.262,0.547,0.110,0.050,0.557,1.052,3,NULL,NULL,,3,1,2,7,255,1327,250,0,0
stim,161748,191869,1,191869,3389174.454,-0.997,0.005,0.035,0.074,0,0,2983,0,3063,2155,2735,2956,46,0.723,1,2213,0,65.365,1.288,25.000,-55.313,24.250,-0.137,-0.102,1.023,-0.543,-1.168,0.516,0.108,0.056,0.557,1.052,3,NULL,NULL,,3,1,2,7,255,1327,250,0,0
stim,161748,191869,1,191869,3389179.455,-0.997,0.006,0.033,0.075,0,0,2970,0,3066,2115,2745,2956,46,0.723,1,2213,0,69.967,1.265,33.313,-55.938,25.625,-0.184,-0.105,1.051,-0.594,-1.117,0.547,0.106,0.062,0.557,1.052,3,NULL,NULL,,3,1,2,7,255,1327,250,0,0
stim,161748,191869,1,191869,3389184.454,-0.997,0.009,0.031,0.076,0,0,2958,0,3068,2059,2748,2957,46,0.723,1,2213,0,78.951,1.322,42.688,-62.688,21.938,-0.152,-0.020,1.152,-0.883,-0.984,0.590,0.102,0.068,0.557,1.052,3,NULL,NULL,,3,1,2,7,255,1327,250,0,0
stim,161748,191869,1,191869,3389189.455,-0.997,0.010,0.028,0.077,0,0,2941,0,3079,1992,2759,2955,46,0.723,1,2213,0,71.596,1.407,27.375,-63.000,20.188,-0.184,-0.082,1.223,-1.039,-0.949,1.559,0.100,0.074,0.557,1.052,3,NULL,NULL,,3,1,2,7,255,1327,250,0,0
stim,161748,191869,1,191869,3389194.453,-0.997,0.011,0.026,0.078,0,0,2927,0,3081,1943,2765,2957,46,0.723,1,2213,0,72.354,1.003,21.563,-66.438,18.875,-0.117,-0.043,1.207,-0.883,-0.477,2.066,0.098,0.082,0.557,1.052,3,NULL,NULL,,3,1,2,7,255,1327,250,0,0
stim,161748,191869,1,191869,3389199.455,-0.997,0.012,0.023,0.079,0,0,2911,0,3083,1883,2771,2955,46,0.723,1,2213,0,75.527,1.203,8.000,-69.813,27.688,-0.133,-0.098,1.168,-0.738,-0.949,2.066,0.096,0.090,0.557,1.052,3,NULL,NULL,,3,1,2,7,255,1327,250,0,0
stim,161774,191895,1,191895,3389204.453,-0.996,0.012,0.020,0.080,0,0,2901,0,3087,1797,2760,2955,46,0.723,1,2213,0,81.218,0.879,11.250,-73.438,32.813,-0.121,0.031,1.188,-0.738,-0.477,1.855,0.094,0.098,0.557,1.052,3,NULL,NULL,,3,1,2,7,255,1327,250,0,0
stim,161774,191895,1,191895,3389209.455,-0.996,0.013,0.016,0.082,0,0,2871,0,3089,1679,2788,2953,46,0.723,1,2213,0,87.115,0.891,5.250,-78.000,38.438,-0.145,0.055,1.160,-0.879,0.145,1.699,0.094,0.104,0.557,1.052,3,NULL,NULL,,3,1,2,7,255,1327,250,0,0
stim,161774,191895,1,191895,3389214.453,-0.996,0.014,0.013,0.084,0,0,2855,0,3089,1580,2795,2953,46,0.723,1,2213,0,91.438,1.257,7.563,-82.938,37.750,-0.152,0.098,1.184,-1.215,0.324,1.801,0.094,0.112,0.557,1.052,3,NULL,NULL,,3,1,2,7,255,1327,250,0,0
stim,161774,191895,1,191895,3389219.455,-0.996,0.014,0.009,0.086,0,0,2829,0,3096,1460,2803,2950,46,0.723,1,2213,0,96.687,1.406,5.000,-87.625,40.563,-0.094,0.105,1.234,-1.215,0.707,1.801,0.096,0.118,0.557,1.052,3,NULL,NULL,,3,1,2,7,255,1327,250,0,0
stim,161815,191936,1,191936,3389224.454,-0.996,0.015,0.005,0.088,0,0,2799,0,3095,1387,2809,2941,46,0.723,1,2213,0,101.100,1.364,0.063,-90.688,44.688,-0.094,0.117,1.227,-1.074,0.840,2.219,0.098,0.126,0.557,1.052,3,NULL,NULL,,3,1,2,7,255,1327,250,0,0
stim,161815,191936,1,191936,3389229.455,-0.996,0.015,0.001,0.090,0,0,2771,0,3096,1298,2815,2939,46,0.723,1,2213,0,106.571,1.364,-2.188,-95.188,47.875,-0.137,0.016,1.172,-1.074,0.840,2.219,0.098,0.132,0.557,1.052,3,NULL,NULL,,3,1,2,7,255,1327,250,0,0
stim,161815,191936,1,191936,3389234.453,-0.996,0.015,-0.003,0.092,0,0,2741,0,3096,1209,2827,2935,46,0.723,1,2213,0,113.295,1.148,-0.500,-100.000,53.250,-0.059,0.059,1.180,-1.074,0.406,1.730,0.096,0.140,0.557,1.052,3,NULL,NULL,,3,1,2,7,255,1327,250,0,0
stim,161815,191936,1,191936,3389239.455,-0.995,0.016,-0.007,0.095,0,0,2695,0,3099,1101,2836,2930,46,0.723,1,2213,0,122.332,1.307,2.188,-105.250,62.313,-0.086,0.074,1.180,-1.242,0.406,1.730,0.094,0.146,0.557,1.052,3,NULL,NULL,,3,1,2,7,255,1327,250,0,0
stim,161815,191936,1,191936,3389244.454,-0.995,0.016,-0.012,0.098,0,0,2653,0,3101,1003,2841,2924,46,0.723,1,2213,0,125.016,1.307,-4.000,-108.875,61.313,-0.094,0.063,1.164,-1.242,0.406,1.730,0.092,0.152,0.557,1.052,3,NULL,NULL,,3,1,2,7,255,1327,250,0,0
stim,161815,191936,1,191936,3389249.455,-0.995,0.017,-0.017,0.100,0,0,2611,0,3099,867,2846,2919,46,0.723,1,2213,0,130.675,1.283,-1.750,-114.438,63.063,-0.066,0.039,1.129,-1.242,0.320,1.555,0.088,0.156,0.557,1.052,3,NULL,NULL,,3,1,2,7,255,1327,250,0,0
stim,161815,191936,1,191936,3389254.454,-0.994,0.017,-0.022,0.104,0,0,2569,0,3099,719,2855,2907,46,0.723,1,2213,0,135.986,1.210,-1.250,-117.063,69.188,-0.027,0.020,1.156,-1.203,0.129,1.508,0.084,0.162,0.557,1.052,3,NULL,NULL,,3,1,2,7,255,1327,250,0,0
stim,161815,191936,1,191936,3389259.455,-0.994,0.017,-0.027,0.107,0,0,2519,0,3101,551,2860,2899,46,0.723,1,2213,0,141.572,1.204,-5.188,-121.563,72.375,-0.090,0.004,1.145,-1.203,-0.031,1.352,0.078,0.168,0.557,1.052,3,NULL,NULL,,3,1,2,7,255,1327,250,0,0
stim,161815,191936,1,191936,3389264.454,-0.993,0.018,-0.032,0.110,0,0,2461,0,3097,429,2869,2887,46,0.723,1,2213,0,138.408,1.311,-6.500,-119.188,70.063,-0.047,-0.008,1.176,-1.270,-0.328,1.508,0.070,0.176,0.557,1.052,3,NULL,NULL,,3,1,2,7,255,1327,250,0,0
stim,161815,191936,0,191936,3389269.455,-0.993,0.018,-0.037,0.113,0,0,2389,0,3099,331,2863,2867,46,0.723,1,2213,0,140.559,1.599,-6.000,-122.063,69.438,-0.117,-0.055,1.137,-1.555,-0.375,1.352,0.062,0.184,0.557,1.052,3,NULL,NULL,,3,0,2,7,255,1332,250,0,0
stim,161846,191967,0,191967,3389274.454,-0.992,0.018,-0.042,0.116,0,0,2315,0,3091,252,2863,2845,46,0.723,1,2213,0,139.753,2.136,-0.438,-126.188,60.063,-0.145,-0.086,1.098,-1.910,-0.957,1.195,0.054,0.194,0.557,1.052,3,NULL,NULL,,3,0,2,7,255,1332,250,0,0
stim,161846,191967,0,191967,3389279.455,-0.992,0.019,-0.047,0.118,0,0,2221,0,3099,155,2875,2837,46,0.723,1,2213,0,140.525,2.580,12.813,-130.438,50.688,-0.133,-0.094,1.125,-2.195,-1.355,1.055,0.044,0.204,0.557,1.052,3,NULL,NULL,,3,0,2,7,255,1332,250,0,0
stim,161846,191967,0,191967,3389284.454,-0.991,0.021,-0.053,0.120,0,0,2105,0,3099,85,2873,2813,46,0.723,1,2213,0,145.543,2.590,21.625,-136.188,46.563,-0.129,-0.027,1.188,-2.207,-1.355,1.055,0.036,0.216,0.557,1.052,3,NULL,NULL,,3,0,2,7,255,1332,250,0,0
stim,161846,191967,0,191967,3389289.455,-0.991,0.022,-0.059,0.122,0,0,2003,0,3098,21,2875,2795,46,0.723,1,2213,0,147.855,2.637,21.313,-141.000,39.063,-0.109,0.055,1.234,-2.480,-0.895,1.633,0.032,0.232,0.557,1.052,3,NULL,NULL,,3,0,2,7,255,1332,250,0,0
stim,161846,191967,0,191967,3389294.454,-0.990,0.024,-0.065,0.124,0,0,1897,0,3080,0,2885,2766,46,0.723,1,2213,0,153.231,2.538,23.500,-146.875,36.813,-0.074,0.063,1.270,-2.535,-0.117,2.086,0.036,0.250,0.557,1.052,3,NULL,NULL,,3,0,2,7,255,1332,250,0,0
stim,161846,191967,0,191967,3389299.455,-0.989,0.026,-0.071,0.125,0,0,1779,0,3078,0,2867,2734,46,0.723,1,2213,0,161.531,2.671,24.563,-155.125,37.750,-0.086,0.027,1.273,-2.668,-0.117,2.398,0.050,0.272,0.557,1.052,3,NULL,NULL,,3,0,2,7,255,1332,250,0,0
stim,161868,191989,0,191989,3389304.454,-0.988,0.028,-0.077,0.127,0,0,1655,0,3067,0,2869,2701,46,0.723,1,2213,0,170.246,2.758,30.688,-163.375,36.750,-0.145,-0.078,1.344,-2.719,-0.465,2.438,0.070,0.296,0.557,1.052,3,NULL,NULL,,3,0,2,7,255,1332,250,0,0
stim,161868,191989,0,191989,3389309.455,-0.988,0.030,-0.085,0.128,0,0,1517,0,3056,0,2857,2664,46,0.723,1,2213,0,174.443,3.708,25.875,-169.625,31.438,-0.223,-0.133,1.422,-3.277,-1.734,2.965,0.092,0.322,0.557,1.052,3,NULL,NULL,,3,0,2,7,255,1332,250,0,0
stim,161868,191989,0,191989,3389314.453,-0.987,0.031,-0.092,0.129,0,0,1417,0,3054,0,2845,2630,46,0.723,1,2213,0,180.820,4.866,15.688,-178.688,22.813,-0.242,-0.176,1.500,-4.156,-2.531,3.543,0.122,0.356,0.557,1.052,3,NULL,NULL,,3,0,2,7,255,1332,250,0,0
stim,161868,191989,0,191989,3389319.455,-0.986,0.033,-0.100,0.130,0,0,1322,0,3041,0,2840,2585,46,0.723,1,2213,0,192.285,5.537,10.438,-191.313,16.250,-0.270,-0.164,1.492,-4.563,-3.137,3.961,0.154,0.390,0.557,1.052,3,NULL,NULL,,3,0,2,7,255,1332,250,0,0
stim,161914,192035,0,192035,3389324.454,-0.985,0.034,-0.109,0.130,0,0,1242,0,3017,0,2811,2523,46,0.723,1,2213,0,202.411,5.963,2.750,-202.313,5.688,-0.262,-0.176,1.488,-5.066,-3.145,3.961,0.188,0.426,0.557,1.052,3,NULL,NULL,,3,0,2,7,255,1332,250,0,0
stim,161914,192035,0,192035,3389329.455,-0.984,0.035,-0.118,0.131,0,0,1199,0,3005,0,2791,2470,46,0.723,1,2213,0,212.736,6.066,7.563,-212.563,4.063,-0.262,-0.113,1.477,-5.188,-3.145,3.813,0.228,0.466,0.557,1.052,3,NULL,NULL,,3,0,2,7,255,1332,250,0,0
stim,161914,192035,0,192035,3389334.454,-0.982,0.037,-0.128,0.131,0,0,1145,0,2987,0,2766,2397,46,0.723,1,2213,0,224.769,6.196,13.000,-224.375,2.813,-0.273,-0.012,1.574,-5.535,-2.785,3.813,0.270,0.512,0.557,1.052,3,NULL,NULL,,3,0,2,7,255,1332,250,0,0
stim,161914,192035,0,192035,3389339.455,-0.981,0.039,-0.138,0.131,0,0,1054,0,2944,0,2731,2327,46,0.723,1,2213,0,239.537,6.704,11.688,-239.250,0.938,-0.258,0.012,1.688,-6.395,-2.012,4.398,0.318,0.562,0.557,1.052,3,NULL,NULL,,3,0,2,7,255,1332,250,0,0
stim,161914,192035,0,192035,3389344.454,-0.979,0.041,-0.149,0.131,0,0,999,0,2915,0,2672,2248,46,0.723,1,2213,0,251.006,7.167,10.750,-250.750,-3.563,-0.238,-0.051,1.723,-6.879,-2.012,5.367,0.380,0.628,0.557,1.052,3,NULL,NULL,,3,0,2,7,255,1332,250,0,0
stim,161914,192035,0,192035,3389349.455,-0.978,0.043,-0.160,0.131,0,0,941,0,2877,0,2613,2169,46,0.723,1,2213,0,265.798,7.435,18.875,-265.125,-1.000,-0.203,-0.098,1.754,-6.965,-2.602,5.574,0.448,0.698,0.557,1.052,3,NULL,NULL,,3,0,2,7,255,1332,250,0,0
stim,161944,192065,0,192065,3389354.453,-0.975,0.046,-0.172,0.131,0,0,875,0,2839,0,2525,2101,46,0.723,1,2213,0,287.224,7.627,31.438,-285.188,13.313,-0.227,-0.234,1.828,-6.973,-3.090,5.809,0.520,0.770,0.557,1.052,3,NULL,NULL,,3,0,2,7,255,1332,250,0,0
stim,161944,192065,0,192065,3389359.455,-0.973,0.049,-0.184,0.132,0,0,817,0,2775,0,2387,2025,46,0.723,1,2213,0,300.947,8.065,37.000,-298.125,17.938,-0.215,-0.008,1.863,-7.449,-3.090,6.203,0.590,0.844,0.557,1.052,3,NULL,NULL,,3,0,2,7,255,1332,250,0,0
stim,161944,192065,0,192065,3389364.453,-0.970,0.052,-0.197,0.133,0,0,728,0,2709,0,2249,1943,46,0.723,1,2213,0,313.430,8.834,31.250,-311.563,13.813,-0.230,0.168,1.828,-8.414,-2.691,6.203,0.656,0.912,0.557,1.052,3,NULL,NULL,,3,0,2,7,255,1332,250,0,0
stim,161944,192065,0,192065,3389369.455,-0.967,0.055,-0.211,0.133,0,0,624,0,2639,0,2107,1862,46,0.723,1,2213,0,322.496,9.374,35.063,-320.313,13.188,-0.188,0.262,1.805,-9.297,-1.203,5.781,0.718,0.976,0.557,1.052,3,NULL,NULL,,3,0,2,7,255,1332,250,0,0
stim,161944,192065,0,192065,3389374.454,-0.963,0.058,-0.224,0.135,0,0,599,0,2553,0,1899,1759,46,0.723,1,2213,0,333.931,9.553,45.438,-329.188,32.875,-0.168,0.184,1.883,-9.477,-1.203,5.781,0.772,1.032,0.557,1.052,3,NULL,NULL,,3,0,2,7,255,1332,250,0,0
stim,161944,192065,0,192065,3389379.455,-0.960,0.061,-0.238,0.136,0,0,501,0,2445,0,1715,1659,46,0.723,1,2213,0,344.092,9.929,37.625,-340.188,35.438,-0.207,0.059,1.848,-9.836,-1.359,5.496,0.816,1.080,0.557,1.052,3,NULL,NULL,,3,0,2,7,255,1332,250,0,0
stim,161944,192065,0,192065,3389384.454,-0.955,0.065,-0.253,0.138,0,0,414,0,2299,0,1515,1578,46,0.723,1,2213,0,356.469,10.048,46.188,-351.313,38.938,-0.094,0.109,1.750,-9.836,-2.055,5.188,0.856,1.122,0.557,1.052,3,NULL,NULL,,3,0,2,7,255,1332,250,0,0
stim,161944,192065,0,192065,3389389.455,-0.951,0.069,-0.268,0.139,0,0,371,0,2131,0,1230,1467,46,0.723,1,2213,0,373.814,9.680,60.250,-366.375,43.313,0.039,-0.039,1.637,-9.281,-2.750,4.590,0.888,1.158,0.557,1.052,3,NULL,NULL,,3,0,2,7,255,1332,250,0,0
stim,161944,192065,0,192065,3389394.453,-0.946,0.073,-0.283,0.142,0,0,326,0,1932,0,965,1333,46,0.723,1,2213,0,384.988,8.291,73.563,-373.250,59.063,0.168,-0.109,1.516,-7.660,-3.172,3.988,0.920,1.194,0.557,1.052,3,NULL,NULL,,3,0,2,7,255,1332,250,0,0
stim,161944,192065,0,192065,3389399.455,-0.940,0.077,-0.298,0.145,0,0,287,0,1705,0,639,1183,46,0.723,1,2213,0,382.916,6.981,62.125,-370.563,73.813,0.320,-0.035,1.184,-6.219,-3.172,3.395,0.956,1.232,0.557,1.052,3,NULL,NULL,,3,0,2,7,255,1332,250,0,0
stim,161978,192099,0,192099,3389404.453,-0.934,0.082,-0.313,0.149,0,0,201,0,1479,0,440,1037,46,0.723,1,2213,0,398.411,4.378,96.563,-376.250,88.563,0.383,-0.031,0.973,-3.895,-2.000,1.418,0.998,1.276,0.557,1.052,3,NULL,NULL,,3,0,2,7,255,1332,250,0,0
stim,161978,192100,0,192100,3389409.455,-0.928,0.088,-0.328,0.156,0,0,151,0,1197,0,192,884,46,0.723,1,2213,0,432.858,3.410,132.500,-389.188,135.438,0.293,-0.152,0.914,-2.762,-2.000,0.023,1.054,1.334,0.557,1.052,3,NULL,NULL,,3,0,2,7,255,1332,250,0,0
stim,161978,192100,0,192100,3389414.454,-0.920,0.094,-0.344,0.164,0,0,121,0,985,0,73,729,46,0.723,1,2213,0,463.396,4.023,155.125,-403.438,167.063,0.164,-0.156,0.875,-2.762,-2.926,-1.141,1.114,1.398,0.557,1.052,3,NULL,NULL,,3,0,2,7,255,1332,250,0,0
stim,161978,192100,0,192100,3389419.455,-0.911,0.101,-0.360,0.173,0,0,111,0,702,0,0,535,46,0.723,1,2213,0,488.893,4.756,174.500,-410.750,199.625,-0.012,-0.113,0.691,-3.668,-3.027,-2.410,1.182,1.466,0.557,1.052,3,NULL,NULL,,3,0,2,7,255,1332,250,0,0
stim,161978,192100,0,192100,3389424.454,-0.902,0.109,-0.375,0.183,0,0,85,0,427,0,0,402,46,0.723,1,2213,0,506.260,4.756,206.688,-417.938,197.250,0.098,0.090,0.516,-3.668,-3.027,-5.047,1.250,1.538,0.557,1.052,3,NULL,NULL,,3,0,2,7,255,1332,250,0,0
stim,161978,192100,0,192100,3389429.455,-0.893,0.119,-0.390,0.192,0,0,76,0,205,0,0,303,46,0.723,1,2213,0,512.492,3.130,248.625,-413.563,172.625,0.324,0.242,0.527,-3.078,-0.566,-5.047,1.320,1.610,0.557,1.052,3,NULL,NULL,,3,0,2,7,255,1332,250,0,0
stim,162028,192149,0,192149,3389434.453,-0.883,0.130,-0.404,0.202,0,0,27,0,0,0,0,264,46,0.723,1,2213,0,519.217,2.784,283.000,-403.188,164.125,0.648,0.410,0.625,-2.527,1.168,-3.898,1.392,1.686,0.557,1.052,3,NULL,NULL,,3,0,2,7,255,1332,250,0,0
stim,162028,192149,0,192149,3389439.455,-0.872,0.141,-0.417,0.213,0,0,0,0,0,0,0,211,46,0.723,1,2213,0,526.974,3.840,291.125,-390.250,201.625,0.863,0.582,0.879,-2.527,2.891,-0.828,1.460,1.754,0.557,1.052,4,NULL,NULL,,3,0,2,7,255,1332,250,0,0
stim,162028,192149,0,192149,3389444.454,-0.861,0.149,-0.430,0.226,0,0,0,0,0,0,0,159,46,0.723,1,2213,0,518.248,5.088,249.313,-369.813,263.938,0.766,0.695,1.094,-3.902,3.266,2.422,1.520,1.816,0.557,1.052,0,NULL,NULL,,3,0,2,7,255,1332,250,0,0
stim,162028,192149,0,192149,3389449.455,-0.850,0.154,-0.443,0.240,0,0,0,0,0,0,0,117,46,0.723,1,2213,0,524.772,7.629,212.375,-355.750,322.063,0.453,0.648,1.113,-6.895,3.266,2.422,1.576,1.876,0.557,1.052,0,NULL,NULL,,3,0,2,7,255,1332,250,0,0
stim,162028,192149,0,192149,3389454.454,-0.838,0.158,-0.456,0.254,0,0,0,0,0,0,0,84,46,0.723,1,2213,0,519.535,8.978,187.438,-342.375,342.875,0.051,0.492,1.090,-8.820,1.676,0.164,1.620,1.922,0.557,1.052,0,NULL,NULL,,3,0,2,7,255,1332,250,0,0
stim,162028,192149,0,192149,3389459.455,-0.828,0.158,-0.467,0.267,0,0,0,0,0,0,0,83,46,0.723,1,2213,0,448.726,10.051,114.188,-286.000,326.375,-0.031,0.695,0.973,-10.016,0.844,-3.590,1.650,1.954,0.557,1.052,0,NULL,NULL,,3,0,2,7,255,1332,250,0,0
stim,162028,192149,0,192149,3389464.453,-0.821,0.159,-0.474,0.276,0,0,0,0,0,0,0,68,46,0.723,1,2213,0,317.453,10.051,82.375,-197.188,234.750,0.363,0.750,0.754,-10.016,0.844,-3.590,1.668,1.976,0.557,1.052,0,NULL,NULL,,3,0,2,7,255,1332,250,0,0
stim,162028,192149,0,192149,3389469.455,-0.815,0.161,-0.478,0.287,0,0,0,0,0,0,0,68,46,0.723,1,2213,0,298.247,8.239,164.188,-117.063,219.750,0.422,0.273,1.141,-8.195,0.844,-3.164,1.666,1.976,0.557,1.052,0,NULL,NULL,,3,0,2,7,255,1332,250,0,0
stim,162028,192149,0,192149,3389474.454,-0.809,0.162,-0.479,0.300,0,0,0,0,0,0,0,71,46,0.723,1,2213,0,329.006,8.524,173.313,-48.750,275.375,0.020,0.074,1.945,-8.195,-2.344,-0.789,1.658,1.970,0.557,1.052,0,NULL,NULL,,3,0,2,7,255,1332,250,0,0
stim,162028,192149,0,192149,3389479.455,-0.806,0.157,-0.479,0.310,0,0,0,0,0,0,0,79,46,0.723,1,2213,0,276.786,16.704,45.500,26.313,271.750,-0.422,0.117,1.941,-13.770,-9.457,-0.789,1.644,1.960,0.557,1.052,0,NULL,NULL,,3,0,2,7,255,1332,250,0,0
stim,162048,192169,0,192169,3389484.454,-0.805,0.149,-0.478,0.317,0,0,0,0,0,0,0,78,46,0.723,1,2213,0,257.655,16.704,-72.688,93.375,228.875,-0.480,0.094,0.984,-13.770,-9.457,-4.145,1.630,1.948,0.557,1.052,0,NULL,NULL,,3,0,2,7,255,1332,250,0,0
stim,162048,192169,0,192169,3389489.455,-0.806,0.140,-0.475,0.325,0,0,0,0,0,0,0,72,46,0.723,1,2213,0,272.336,10.859,-66.875,138.500,224.750,-0.363,0.098,0.156,-8.980,-6.105,-9.164,1.616,1.936,0.557,1.052,0,NULL,NULL,,3,0,2,7,255,1332,250,0,0
stim,162048,192169,0,192169,3389494.454,-0.806,0.133,-0.470,0.334,0,0,0,0,0,0,0,68,46,0.723,1,2213,0,294.881,3.331,2.250,169.375,241.375,-0.480,0.164,-0.004,-2.977,-1.496,-12.199,1.606,1.928,0.557,1.052,0,NULL,NULL,,3,0,2,7,255,1332,250,0,0
stim,162048,192169,0,192169,3389499.455,-0.806,0.127,-0.464,0.344,0,0,0,0,0,0,0,67,46,0.723,1,2213,0,302.773,3.331,57.375,186.125,231.813,-0.621,0.043,0.250,-2.977,-1.496,-13.637,1.602,1.926,0.557,1.052,0,NULL,NULL,,3,0,2,7,255,1332,250,0,0
stim,162082,192203,0,192203,3389504.453,-0.807,0.122,-0.457,0.354,0,0,0,0,0,0,0,73,46,0.723,1,2213,0,294.823,5.351,66.313,195.750,210.250,-0.648,-0.227,0.480,-3.922,-3.641,-13.637,1.608,1.936,0.557,1.052,0,NULL,NULL,,3,0,2,7,255,1332,250,0,0
stim,162082,192203,0,192203,3389509.455,-0.808,0.117,-0.450,0.363,0,0,0,0,0,0,0,75,46,0.723,1,2213,0,285.762,7.990,53.438,198.688,198.313,-0.566,-0.359,0.430,-3.922,-6.961,-12.156,1.622,1.952,0.557,1.052,0,NULL,NULL,,3,0,2,7,255,1332,250,0,0
stim,162082,192203,0,192203,3389514.453,-0.808,0.112,-0.443,0.372,0,0,0,0,0,0,0,87,46,0.723,1,2213,0,286.677,7.347,57.750,195.438,201.625,-0.500,-0.316,0.207,-2.352,-6.961,-12.027,1.642,1.974,0.557,1.052,0,NULL,NULL,,3,0,2,7,255,1332,250,0,0
stim,162082,192203,0,192203,3389519.455,-0.808,0.108,-0.436,0.382,0,0,0,0,0,0,0,89,46,0.723,1,2213,0,294.166,5.792,90.563,187.750,207.563,-0.566,-0.230,0.094,-0.945,-5.715,-12.027,1.672,2.008,0.557,1.052,0,NULL,NULL,,3,0,2,7,255,1332,250,0,0
stim,162117,192238,0,192238,3389524.454,-0.808,0.106,-0.428,0.392,0,0,0,0,0,0,0,89,46,0.723,1,2213,0,298.289,5.792,124.938,179.750,202.625,-0.656,-0.203,0.254,-0.945,-5.715,-12.926,1.708,2.046,0.557,1.052,0,NULL,NULL,,3,0,2,7,255,1332,250,0,0
stim,162117,192238,0,192238,3389529.455,-0.807,0.104,-0.420,0.402,0,0,0,0,0,0,0,92,46,0.723,1,2213,0,291.352,6.545,137.563,174.375,188.563,-0.680,-0.195,0.426,-2.348,-6.109,-12.926,1.746,2.088,0.557,1.052,0,NULL,NULL,,3,0,2,7,255,1332,250,0,0
stim,162117,192238,0,192238,3389534.454,-0.807,0.103,-0.412,0.411,0,0,0,0,0,0,0,93,46,0.723,1,2213,0,282.600,7.896,139.313,169.750,177.875,-0.672,-0.191,0.539,-3.469,-7.094,-11.949,1.786,2.130,0.557,1.052,0,NULL,NULL,,3,0,2,7,255,1332,250,0,0
stim,162117,192238,0,192238,3389539.455,-0.806,0.102,-0.404,0.420,0,0,0,0,0,0,0,93,46,0.723,1,2213,0,278.436,8.635,138.813,165.438,175.750,-0.719,-0.195,0.598,-4.023,-7.641,-11.039,1.826,2.172,0.557,1.052,0,NULL,NULL,,3,0,2,7,255,1332,250,0,0
stim,162117,192238,0,192238,3389544.454,-0.805,0.101,-0.397,0.429,0,0,0,0,0,0,0,99,46,0.723,1,2213,0,269.994,9.411,138.938,162.000,165.375,-0.809,-0.234,0.672,-4.398,-8.320,-10.836,1.864,2.212,0.557,1.052,0,NULL,NULL,,3,0,2,7,255,1332,250,0,0
stim,162117,192238,0,192238,3389549.455,-0.805,0.100,-0.389,0.437,0,0,0,0,0,0,0,109,46,0.723,1,2213,0,256.047,10.469,134.500,160.813,147.000,-0.828,-0.316,0.734,-4.398,-9.500,-10.758,1.898,2.248,0.557,1.052,0,NULL,NULL,,3,0,2,7,255,1332,250,0,0
stim,162117,192238,0,192238,3389554.453,-0.805,0.099,-0.381,0.444,0,0,0,0,0,0,0,120,46,0.723,1,2213,0,242.941,11.391,127.563,160.875,129.875,-0.785,-0.406,0.727,-4.352,-10.527,-10.145,1.928,2.282,0.557,1.052,0,NULL,NULL,,3,0,2,7,255,1332,250,0,0
stim,162117,192238,0,192238,3389559.455,-0.805,0.098,-0.373,0.451,0,0,0,0,0,0,0,127,46,0.723,1,2213,0,238.057,11.199,126.500,162.813,119.000,-0.723,-0.496,0.672,-3.332,-10.691,-9.535,1.956,2.312,0.557,1.052,0,NULL,NULL,,3,0,2,7,255,1332,250,0,0
stim,162146,192267,0,192267,3389564.454,-0.805,0.098,-0.365,0.458,0,0,0,0,0,0,0,136,46,0.723,1,2213,0,241.164,10.886,133.563,167.125,111.313,-0.691,-0.523,0.625,-2.051,-10.691,-9.152,1.980,2.338,0.557,1.052,0,NULL,NULL,,3,0,2,7,255,1332,250,0,0
stim,162146,192267,0,192267,3389569.455,-0.805,0.098,-0.356,0.464,0,0,0,0,0,0,0,137,46,0.723,1,2213,0,247.246,10.529,141.813,175.625,100.875,-0.680,-0.527,0.633,-1.383,-10.438,-9.039,2.002,2.362,0.557,1.052,0,NULL,NULL,,3,0,2,7,255,1332,250,0,0
stim,162146,192267,0,192267,3389574.454,-0.806,0.098,-0.347,0.470,0,0,0,0,0,0,0,149,46,0.723,1,2213,0,254.224,10.489,147.313,186.625,90.000,-0.648,-0.531,0.617,-1.215,-10.418,-8.750,2.024,2.386,0.557,1.052,0,NULL,NULL,,3,0,2,7,255,1332,250,0,0
stim,162146,192267,0,192267,3389579.455,-0.806,0.098,-0.337,0.476,0,0,0,0,0,0,0,184,46,0.723,1,2213,0,266.893,10.197,160.625,198.313,78.125,-0.633,-0.527,0.586,-0.863,-10.160,-8.512,2.046,2.408,0.557,1.052,0,NULL,NULL,,3,0,2,7,255,1332,250,0,0
stim,162146,192267,0,192267,3389584.454,-0.807,0.099,-0.326,0.482,0,0,0,0,0,0,0,185,46,0.723,1,2213,0,282.725,9.868,175.625,209.750,71.375,-0.535,-0.578,0.652,-0.570,-9.852,-8.500,2.066,2.432,0.557,1.052,0,NULL,NULL,,3,0,2,7,255,1332,250,0,0
stim,162146,192267,0,192267,3389589.455,-0.808,0.100,-0.315,0.488,0,0,0,0,0,0,0,201,46,0.723,1,2213,0,298.329,9.730,183.750,221.813,77.688,-0.453,-0.590,0.664,0.008,-9.730,-7.180,2.090,2.458,0.557,1.052,0,NULL,NULL,,3,0,2,7,255,1332,250,0,0
stim,162147,192268,0,192268,3389594.453,-0.809,0.101,-0.303,0.494,0,0,0,0,0,0,0,241,46,0.723,1,2213,0,315.274,9.232,196.438,230.000,88.938,-0.480,-0.551,0.676,0.160,-9.230,-6.465,2.114,2.484,0.557,1.052,0,NULL,NULL,,3,0,2,7,255,1332,250,0,0
stim,162147,192268,0,192268,3389599.455,-0.809,0.102,-0.290,0.501,0,0,0,0,0,0,0,267,46,0.723,1,2213,0,328.869,9.232,207.625,238.375,90.688,-0.500,-0.543,0.734,0.160,-9.230,-6.457,2.136,2.508,0.557,1.052,0,NULL,NULL,,3,0,2,7,255,1332,250,0,0
stim,162173,192294,0,192294,3389604.454,-0.809,0.103,-0.277,0.508,0,0,0,0,0,0,0,299,46,0.723,1,2213,0,336.550,9.529,212.938,243.938,91.750,-0.457,-0.574,0.805,0.160,-9.527,-5.988,2.160,2.534,0.557,1.052,0,NULL,NULL,,3,0,2,7,255,1332,250,0,0
stim,162173,192294,0,192294,3389609.455,-0.809,0.104,-0.264,0.515,0,0,0,0,0,0,0,317,46,0.723,1,2213,0,347.598,9.534,219.313,250.750,99.250,-0.430,-0.582,0.813,0.367,-9.527,-5.008,2.182,2.558,0.557,1.052,0,NULL,NULL,,3,0,2,7,255,1332,250,0,0
stim,162173,192294,0,192294,3389614.454,-0.809,0.105,-0.250,0.522,0,0,0,0,0,0,0,343,46,0.723,1,2213,0,360.756,9.483,236.063,252.938,102.188,-0.430,-0.555,0.895,0.512,-9.469,-4.672,2.206,2.584,0.557,1.052,0,NULL,NULL,,3,0,2,7,255,1332,250,0,0
stim,162173,192294,0,192294,3389619.455,-0.808,0.107,-0.235,0.529,0,0,0,0,0,0,0,359,46,0.723,1,2213,0,368.367,9.436,239.813,255.875,112.750,-0.332,-0.578,1.078,0.750,-9.406,-3.906,2.230,2.610,0.557,1.052,0,NULL,NULL,,3,0,2,7,255,1332,250,0,0
stim,162224,192345,0,192345,3389624.454,-0.807,0.108,-0.221,0.537,0,0,0,0,0,0,0,363,46,0.723,1,2213,0,368.510,9.483,230.000,257.188,129.438,-0.340,-0.523,1.184,0.512,-9.469,-1.695,2.256,2.638,0.557,1.052,0,NULL,NULL,,3,0,2,7,255,1332,250,0,0
stim,162224,192345,0,192345,3389629.455,-0.805,0.108,-0.208,0.545,0,0,0,0,0,0,0,377,46,0.723,1,2213,0,368.435,9.549,220.688,258.813,141.625,-0.391,-0.477,1.230,0.348,-9.543,-0.746,2.282,2.664,0.557,1.052,0,NULL,NULL,,3,0,2,7,255,1332,250,0,0
stim,162224,192345,0,192345,3389634.454,-0.803,0.108,-0.194,0.553,0,0,0,0,0,0,0,376,46,0.723,1,2213,0,365.495,9.777,212.688,259.750,144.500,-0.434,-0.465,1.320,-0.008,-9.777,-0.438,2.308,2.690,0.557,1.052,0,NULL,NULL,,3,0,2,7,255,1332,250,0,0
stim,162224,192345,0,192345,3389639.455,-0.801,0.107,-0.180,0.560,0,0,0,0,0,0,0,379,46,0.723,1,2213,0,360.421,10.223,201.000,261.125,146.000,-0.422,-0.512,1.395,-0.008,-10.223,0.313,2.332,2.714,0.557,1.052,0,NULL,NULL,,3,0,2,7,255,1332,250,0,0
stim,162224,192345,0,192345,3389644.454,-0.799,0.106,-0.167,0.568,0,0,0,0,0,0,0,378,46,0.723,1,2213,0,353.757,10.392,183.563,262.438,150.250,-0.438,-0.555,1.465,0.598,-10.375,1.246,2.354,2.738,0.557,1.052,0,NULL,NULL,,3,0,2,7,255,1332,250,0,0
stim,162224,192345,0,192345,3389649.455,-0.796,0.104,-0.155,0.575,0,0,0,0,0,0,0,389,46,0.723,1,2213,0,343.839,10.560,159.438,263.250,153.313,-0.434,-0.563,1.488,1.227,-10.488,2.016,2.374,2.758,0.557,1.052,0,NULL,NULL,,3,0,2,7,255,1332,250,0,0
stim,162224,192345,0,192345,3389654.453,-0.794,0.101,-0.142,0.583,0,0,0,0,0,0,0,391,46,0.723,1,2213,0,338.901,10.613,135.625,265.250,161.563,-0.406,-0.594,1.430,1.625,-10.488,2.176,2.392,2.776,0.557,1.052,0,NULL,NULL,,3,0,2,7,255,1332,250,0,0
stim,162224,192345,0,192345,3389659.455,-0.791,0.097,-0.130,0.590,0,0,0,0,0,0,0,391,46,0.723,1,2213,0,339.359,10.109,126.938,265.500,169.000,-0.488,-0.543,1.309,2.160,-9.875,2.176,2.408,2.792,0.557,1.052,0,NULL,NULL,,3,0,2,7,255,1332,250,0,0
stim,162224,192345,0,192345,3389664.453,-0.788,0.094,-0.119,0.597,0,0,0,0,0,0,0,393,46,0.723,1,2213,0,334.613,10.160,123.625,266.313,160.500,-0.555,-0.598,1.301,2.391,-9.875,0.969,2.424,2.808,0.557,1.052,0,NULL,NULL,,3,0,2,7,255,1332,250,0,0
stim,162224,192345,0,192345,3389669.455,-0.785,0.090,-0.107,0.604,0,0,0,0,0,0,0,390,46,0.723,1,2213,0,326.517,10.472,111.938,266.313,152.188,-0.527,-0.711,1.320,2.805,-10.090,0.969,2.438,2.822,0.557,1.052,0,NULL,NULL,,3,0,2,7,255,1332,250,0,0
stim,162224,192345,0,192345,3389674.454,-0.782,0.086,-0.095,0.610,0,0,0,0,0,0,0,383,46,0.723,1,2213,0,325.224,10.930,104.500,266.313,154.688,-0.496,-0.699,1.215,4.203,-10.090,0.859,2.452,2.836,0.557,1.052,0,NULL,NULL,,3,0,2,7,255,1332,250,0,0
stim,162224,192345,0,192345,3389679.455,-0.778,0.081,-0.084,0.617,0,0,0,0,0,0,0,388,46,0.723,1,2213,0,324.923,10.227,105.750,264.938,155.563,-0.520,-0.691,1.172,4.500,-9.184,0.574,2.464,2.846,0.557,1.052,0,NULL,NULL,,3,0,2,7,255,1332,250,0,0
stim,162252,192373,0,192373,3389684.454,-0.775,0.077,-0.072,0.623,0,0,0,0,0,0,0,382,46,0.723,1,2213,0,324.462,10.300,107.625,264.313,154.375,-0.590,-0.699,1.164,4.664,-9.184,0.230,2.474,2.856,0.557,1.052,0,NULL,NULL,,3,0,2,7,255,1332,250,0,0
stim,162252,192373,0,192373,3389689.455,-0.772,0.073,-0.061,0.629,0,0,0,0,0,0,0,391,46,0.723,1,2213,0,321.934,10.388,112.813,262.875,147.688,-0.609,-0.688,1.121,4.855,-9.184,0.148,2.482,2.862,0.557,1.052,0,NULL,NULL,,3,0,2,7,255,1332,250,0,0
stim,162252,192373,0,192373,3389694.453,-0.768,0.070,-0.049,0.634,0,0,0,0,0,0,0,380,46,0.723,1,2213,0,320.738,10.438,121.875,261.438,140.250,-0.625,-0.695,1.137,4.961,-9.184,0.090,2.486,2.866,0.557,1.052,0,NULL,NULL,,3,0,2,7,255,1332,250,0,0
stim,162252,192373,0,192373,3389699.455,-0.765,0.067,-0.037,0.640,0,0,0,0,0,0,0,383,46,0.723,1,2213,0,319.460,10.495,129.250,259.375,134.438,-0.617,-0.676,1.191,5.246,-9.090,0.090,2.488,2.866,0.557,1.052,0,NULL,NULL,,3,0,2,7,255,1332,250,0,0
stim,162261,192382,0,192382,3389704.453,-0.761,0.064,-0.025,0.645,0,0,0,0,0,0,0,383,46,0.723,1,2213,0,317.653,10.250,134.000,257.375,129.250,-0.617,-0.641,1.246,5.254,-8.801,0.742,2.486,2.864,0.557,1.052,0,NULL,NULL,,3,0,2,7,255,1332,250,0,0
stim,162261,192382,0,192382,3389709.455,-0.758,0.061,-0.013,0.649,0,0,0,0,0,0,0,379,46,0.723,1,2213,0,314.291,10.013,137.063,254.563,123.250,-0.629,-0.609,1.301,5.254,-8.523,1.363,2.474,2.852,0.557,1.052,0,NULL,NULL,,3,0,2,7,255,1332,250,0,0
stim,162281,192402,0,192402,3389714.454,-0.755,0.058,-0.001,0.654,0,0,0,0,0,0,0,378,46,0.723,1,2213,0,310.049,9.867,139.500,251.625,115.563,-0.617,-0.594,1.355,5.254,-8.352,1.996,2.458,2.836,0.557,1.052,0,NULL,NULL,,3,0,2,7,255,1332,250,0,0
stim,162281,192402,0,192402,3389719.455,-0.751,0.055,0.012,0.657,0,0,0,0,0,0,0,375,46,0.723,1,2213,0,306.370,9.594,142.313,248.563,108.750,-0.578,-0.590,1.398,5.371,-7.949,2.648,2.436,2.814,0.557,1.052,0,NULL,NULL,,3,0,2,7,255,1332,250,0,0
stim,162281,192402,0,192402,3389724.454,-0.748,0.053,0.024,0.661,0,0,0,0,0,0,0,377,46,0.723,1,2213,0,304.139,9.241,144.813,246.375,104.063,-0.539,-0.570,1.438,5.676,-7.293,3.125,2.400,2.778,0.557,1.052,0,NULL,NULL,,3,0,2,7,255,1332,250,0,0
stim,162281,192402,0,192402,3389729.455,-0.745,0.051,0.036,0.665,0,0,0,0,0,0,0,378,46,0.723,1,2213,0,303.316,8.804,148.000,244.813,100.813,-0.500,-0.543,1.473,5.852,-6.578,3.586,2.360,2.734,0.557,1.052,0,NULL,NULL,,3,0,2,7,255,1332,250,0,0
stim,162320,192441,0,192441,3389734.453,-0.741,0.049,0.048,0.668,0,0,0,0,0,0,0,381,46,0.723,1,2213,0,303.698,8.334,152.563,244.000,97.063,-0.473,-0.523,1.523,5.930,-5.855,3.988,2.312,2.686,0.557,1.052,0,NULL,NULL,,3,0,2,7,255,1332,250,0,0
stim,162320,192441,0,192441,3389739.455,-0.738,0.047,0.060,0.671,0,0,0,0,0,0,0,381,46,0.723,1,2213,0,304.943,8.057,157.625,243.750,93.438,-0.434,-0.508,1.613,6.102,-5.262,4.527,2.252,2.626,0.557,1.052,0,NULL,NULL,,3,0,2,7,255,1332,250,0,0
stim,162320,192441,0,192441,3389744.454,-0.734,0.045,0.073,0.673,0,0,0,0,0,0,0,389,46,0.723,1,2213,0,304.918,7.803,157.938,244.438,91.000,-0.371,-0.488,1.707,6.363,-4.516,5.418,2.186,2.560,0.557,1.052,0,NULL,NULL,,3,0,2,7,255,1332,250,0,0
stim,162320,192441,0,192441,3389749.455,-0.731,0.043,0.085,0.676,0,0,0,0,0,0,0,393,46,0.723,1,2213,0,305.505,7.498,157.188,245.813,90.563,-0.305,-0.461,1.773,6.629,-3.504,6.270,2.116,2.488,0.557,1.052,0,NULL,NULL,,3,0,2,7,255,1332,250,0,0
stim,162320,192441,0,192441,3389754.454,-0.727,0.041,0.098,0.678,0,0,0,0,0,0,0,393,46,0.723,1,2213,0,307.102,7.200,156.500,248.000,91.188,-0.230,-0.422,1.844,6.785,-2.410,6.875,2.042,2.412,0.557,1.052,0,NULL,NULL,,3,0,2,7,255,1332,250,0,0
stim,162320,192441,0,192441,3389759.456,-0.723,0.039,0.110,0.681,0,0,0,0,0,0,0,393,46,0.723,1,2213,0,306.555,6.953,152.813,249.250,92.188,-0.148,-0.398,1.926,6.844,-1.230,7.469,1.966,2.332,0.557,1.052,0,NULL,NULL,,3,0,2,7,255,1332,250,0,0
stim,162320,192441,0,192441,3389764.453,-0.719,0.036,0.122,0.683,0,0,0,0,0,0,0,394,46,0.723,1,2213,0,304.175,7.114,145.125,250.250,94.000,-0.047,-0.395,1.988,7.113,0.066,8.137,1.886,2.248,0.557,1.052,0,NULL,NULL,,3,0,2,7,255,1332,250,0,0
stim,162320,192441,0,192441,3389769.455,-0.715,0.033,0.134,0.686,0,0,0,0,0,0,0,389,46,0.723,1,2213,0,301.520,7.650,134.563,251.500,97.750,0.059,-0.391,2.004,7.492,1.547,8.352,1.804,2.164,0.557,1.052,0,NULL,NULL,,3,0,2,7,255,1332,250,0,0
stim,162347,192468,0,192468,3389774.454,-0.710,0.030,0.146,0.688,0,0,0,0,0,0,0,393,46,0.723,1,2213,0,300.182,8.296,127.375,250.875,104.625,0.141,-0.395,1.988,7.730,3.012,8.352,1.720,2.074,0.557,1.052,0,NULL,NULL,,3,0,2,7,255,1332,250,0,0
stim,162347,192468,0,192468,3389779.455,-0.705,0.027,0.157,0.691,0,0,0,0,0,0,0,389,46,0.723,1,2213,0,299.634,8.993,123.875,250.000,109.250,0.199,-0.418,1.977,7.930,4.242,7.887,1.634,1.982,0.557,1.052,0,NULL,NULL,,3,0,2,7,255,1332,250,0,0
stim,162347,192468,0,192468,3389784.454,-0.700,0.024,0.168,0.693,0,0,0,0,0,0,0,395,46,0.723,1,2213,0,300.983,9.815,122.938,250.500,112.813,0.281,-0.477,1.980,8.313,5.219,7.441,1.550,1.888,0.557,1.052,0,NULL,NULL,,3,0,2,7,255,1332,250,0,0
stim,162347,192468,0,192468,3389789.455,-0.695,0.021,0.180,0.696,0,0,0,0,0,0,0,391,46,0.723,1,2213,0,303.349,11.075,120.813,251.375,119.313,0.324,-0.539,2.004,9.031,6.410,6.953,1.466,1.798,0.557,1.052,0,NULL,NULL,,3,0,2,7,255,1332,250,0,0
stim,162364,192485,0,192485,3389794.454,-0.689,0.017,0.191,0.699,0,0,0,0,0,0,0,391,46,0.723,1,2213,0,305.551,12.218,117.625,253.125,124.313,0.301,-0.598,2.031,9.809,7.285,6.691,1.382,1.704,0.557,1.052,0,NULL,NULL,,3,0,2,7,255,1332,250,0,0
stim,162364,192485,0,192485,3389799.455,-0.683,0.014,0.202,0.702,0,0,0,0,0,0,0,382,46,0.723,1,2213,0,306.221,12.984,115.313,255.688,122.875,0.258,-0.656,2.055,10.531,7.594,6.574,1.290,1.604,0.557,1.052,0,NULL,NULL,,3,0,2,7,255,1332,250,0,0
stim,162364,192485,0,192485,3389804.453,-0.678,0.010,0.213,0.704,0,0,9,0,0,0,0,381,46,0.723,1,2213,0,303.191,13.672,109.313,258.250,115.250,0.227,-0.672,2.109,11.301,7.695,6.574,1.186,1.492,0.557,1.052,0,NULL,NULL,,3,0,2,7,255,1332,250,0,0
stim,162364,192485,0,192485,3389809.455,-0.672,0.006,0.224,0.706,0,0,0,0,0,0,0,387,46,0.723,1,2213,0,296.220,14.146,97.063,259.625,104.500,0.211,-0.652,2.133,11.664,8.004,6.668,1.080,1.378,0.557,1.052,0,NULL,NULL,,3,0,2,7,255,1332,250,0,0
stim,162364,192485,0,192485,3389814.453,-0.667,0.001,0.234,0.708,0,0,0,0,0,0,0,391,46,0.723,1,2213,0,290.271,14.382,89.063,258.375,97.813,0.285,-0.645,2.105,11.664,8.414,6.668,0.972,1.260,0.557,1.052,0,NULL,NULL,,3,0,2,7,255,1332,250,0,0
stim,162364,192485,0,192485,3389819.455,-0.661,-0.004,0.244,0.709,0,0,6,0,0,0,0,392,46,0.723,1,2213,0,281.483,15.028,78.938,255.000,89.313,0.219,-0.633,2.199,11.664,9.477,6.707,0.862,1.140,0.557,1.052,0,NULL,NULL,,3,0,2,7,255,1332,250,0,0
stim,162417,192538,0,192538,3389824.454,-0.657,-0.009,0.253,0.710,0,0,0,0,0,0,0,392,46,0.723,1,2213,0,262.903,15.175,43.688,250.000,68.625,0.340,-0.887,2.266,11.738,9.617,5.957,0.752,1.016,0.557,1.052,0,NULL,NULL,,3,0,2,7,255,1332,250,0,0
stim,162417,192538,0,192538,3389829.455,-0.652,-0.016,0.260,0.712,0,0,3,0,0,0,0,397,46,0.723,1,2213,0,249.444,17.326,10.250,240.625,64.938,0.441,-0.855,2.055,12.973,11.484,5.855,0.644,0.888,0.557,1.052,0,NULL,NULL,,3,0,2,7,255,1332,250,0,0
stim,162417,192538,0,192538,3389834.454,-0.649,-0.023,0.267,0.712,0,0,4,0,0,0,0,391,46,0.723,1,2213,0,234.440,17.326,13.313,232.250,29.063,0.402,-0.766,1.773,12.973,11.484,3.527,0.548,0.752,0.557,1.052,0,NULL,NULL,,3,0,2,7,255,1332,250,0,0
stim,162417,192538,0,192538,3389839.455,-0.647,-0.029,0.275,0.711,0,0,9,0,0,0,0,397,46,0.723,1,2213,0,226.654,16.544,39.563,222.375,-18.875,0.723,-0.453,1.969,11.359,12.027,2.465,0.476,0.618,0.557,1.052,0,NULL,NULL,,3,0,2,7,255,1332,250,0,0
stim,162417,192538,0,192538,3389844.454,-0.646,-0.035,0.282,0.708,0,0,4,0,0,0,0,409,46,0.723,1,2213,0,219.177,16.977,32.813,212.063,-44.625,1.055,-0.137,2.254,8.488,14.703,2.465,0.432,0.484,0.557,1.052,0,NULL,NULL,,3,0,2,7,255,1332,250,0,0
stim,162417,192538,0,192538,3389849.455,-0.646,-0.042,0.287,0.706,0,0,4,0,0,0,0,422,46,0.723,1,2213,0,205.821,19.906,-11.125,196.813,-59.188,1.305,-0.012,2.203,5.785,19.047,2.820,0.442,0.358,0.557,1.052,0,NULL,NULL,,3,0,2,7,255,1332,250,0,0
stim,162417,192538,0,192538,3389854.453,-0.646,-0.050,0.290,0.705,0,0,5,0,3,0,0,475,46,0.723,1,2213,0,199.564,21.624,-60.875,180.375,-59.875,1.734,-0.105,1.840,4.027,21.246,2.820,0.484,0.248,0.557,1.052,0,NULL,NULL,,3,0,2,7,255,1332,250,0,0
stim,162417,192538,0,192538,3389859.455,-0.645,-0.058,0.291,0.705,0,0,1,0,25,0,0,507,46,0.723,1,2213,0,187.653,23.692,-90.750,160.313,-35.750,2.105,-0.270,1.293,3.074,23.492,-2.613,0.544,0.162,0.557,1.052,0,NULL,NULL,,3,0,2,7,255,1332,250,0,0
stim,162446,192567,0,192567,3389864.454,-0.643,-0.065,0.293,0.705,0,0,0,0,45,0,0,533,46,0.723,1,2213,0,161.775,23.616,-80.813,139.938,-7.625,2.340,-0.469,0.699,2.414,23.492,-9.543,0.614,0.142,0.557,1.052,0,NULL,NULL,,3,0,2,7,255,1332,250,0,0
stim,162446,192567,0,192567,3389869.455,-0.641,-0.069,0.295,0.705,0,0,0,0,70,0,0,553,46,0.723,1,2213,0,124.132,23.460,-32.750,119.250,10.750,2.484,-0.711,0.293,2.414,23.336,-16.285,0.644,0.140,0.557,1.052,0,NULL,NULL,,3,0,2,7,255,1332,250,0,0
stim,162446,192567,0,192567,3389874.454,-0.639,-0.071,0.299,0.705,0,0,0,0,117,0,0,554,46,0.723,1,2213,0,107.726,23.548,34.500,98.313,27.375,2.684,-1.082,0.145,3.156,23.336,-21.133,0.644,0.132,0.557,1.052,0,NULL,NULL,,3,0,2,7,255,1332,250,0,0
stim,162446,192567,0,192567,3389879.455,-0.636,-0.070,0.304,0.705,0,0,0,0,157,0,0,547,46,0.723,1,2213,0,143.185,24.182,99.188,74.688,71.313,2.719,-1.367,0.227,5.797,23.477,-24.617,0.606,0.094,0.557,1.052,0,NULL,NULL,,3,0,2,7,255,1332,250,0,0
stim,162446,192567,0,192567,3389884.454,-0.633,-0.066,0.311,0.706,0,0,3,0,170,0,0,533,46,0.723,1,2213,0,196.386,25.049,160.000,51.625,101.500,2.426,-1.469,0.602,8.391,23.602,-24.617,0.552,0.074,0.557,1.052,0,NULL,NULL,,3,0,2,7,255,1332,250,0,0
stim,162446,192567,0,192567,3389889.455,-0.630,-0.060,0.318,0.706,0,0,9,0,179,0,0,494,46,0.723,1,2213,0,235.644,26.380,202.875,28.750,116.375,2.211,-1.660,1.152,10.566,24.172,-21.414,0.492,0.086,0.557,1.052,0,NULL,NULL,,3,0,2,7,255,1332,250,0,0
stim,162446,192568,0,192568,3389894.454,-0.626,-0.052,0.325,0.707,0,0,17,0,185,0,0,487,46,0.723,1,2213,0,244.327,27.907,210.375,0.438,124.250,1.703,-1.574,1.871,14.055,24.109,-16.988,0.426,0.150,0.557,1.052,0,NULL,NULL,,3,0,2,7,255,1332,250,0,0
stim,162446,192568,0,192568,3389899.455,-0.624,-0.045,0.331,0.706,0,0,20,0,175,0,0,481,46,0.723,1,2213,0,204.633,28.977,182.750,-26.250,88.250,1.305,-1.234,2.480,16.074,24.109,-9.008,0.376,0.216,0.557,1.052,0,NULL,NULL,,3,0,2,7,255,1332,250,0,0
stim,162478,192599,0,192599,3389904.454,-0.623,-0.040,0.333,0.706,0,0,17,9,149,0,0,526,46,0.723,1,2213,0,141.897,28.977,123.125,-49.938,49.813,1.137,-0.934,2.965,16.074,24.109,-1.402,0.342,0.276,0.557,1.052,0,NULL,NULL,,3,0,2,7,255,1332,250,0,0
stim,162478,192599,0,192599,3389909.455,-0.622,-0.028,0.337,0.706,437,0,19,701,79,0,0,581,46,0.723,1,2213,0,280.116,29.486,221.313,-126.438,116.188,0.559,-0.832,4.492,16.074,24.719,4.168,0.330,0.326,0.557,1.052,0,NULL,NULL,,3,0,2,7,255,1332,250,0,0
stim,162478,192599,0,192599,3389914.453,-0.612,-0.009,0.339,0.714,1083,0,8,1294,0,47,0,589,46,0.723,1,2213,0,521.020,31.387,247.813,-218.500,402.875,0.215,1.535,6.277,15.492,27.297,18.820,0.338,0.344,0.557,1.052,0,NULL,NULL,,3,0,2,7,255,1332,250,0,0
stim,162478,192599,0,192599,3389919.455,-0.601,-0.018,0.313,0.735,1647,0,5,1695,0,285,0,645,46,0.723,1,2213,0,849.340,28.750,-726.875,-144.063,415.063,-0.625,2.547,3.234,9.023,27.297,28.887,0.346,0.354,0.557,1.052,0,NULL,NULL,,3,0,2,7,255,1332,250,0,0
stim,162528,192649,0,192649,3389924.454,-0.592,-0.029,0.284,0.754,2003,0,0,1877,0,501,0,687,46,0.723,1,2214,0,855.572,13.096,-782.313,-177.125,297.688,-0.965,3.363,-0.719,-10.809,7.395,28.887,0.358,0.352,0.557,1.052,1,1559.000,227.000,,3,0,2,7,255,1332,250,0,0
stim,162528,192649,0,192649,3389929.455,-0.584,-0.032,0.268,0.766,2203,0,0,2027,0,601,0,719,46,0.723,1,2214,0,487.147,28.727,-385.000,-127.625,269.813,-1.309,2.574,-1.832,-23.461,-16.578,-0.129,0.368,0.346,0.557,1.052,1,NULL,NULL,,3,0,2,7,255,1332,250,0,0
stim,162528,192649,0,192649,3389934.454,-0.580,-0.025,0.266,0.769,2345,0,0,2095,0,667,0,753,46,0.723,1,2214,0,205.671,28.727,29.563,-126.438,159.500,-1.094,0.996,0.008,-23.461,-16.578,-2.559,0.376,0.336,0.557,1.052,1,NULL,NULL,,3,0,2,7,255,1332,250,0,0
stim,162528,192649,0,192649,3389939.455,-0.576,-0.019,0.266,0.773,2427,0,0,2143,0,839,0,815,46,0.723,1,2214,0,183.511,12.663,51.063,-103.313,142.813,-0.227,1.313,2.430,-5.492,-11.410,-2.559,0.382,0.324,0.557,1.052,1,NULL,NULL,,3,0,2,7,255,1332,250,0,0
stim,162528,192649,0,192649,3389944.454,-0.570,-0.017,0.259,0.779,2495,0,0,2165,0,983,0,861,46,0.723,1,2214,0,254.867,6.850,-140.813,-86.000,194.250,0.047,2.875,2.492,-5.492,4.094,16.328,0.386,0.308,0.557,1.052,1,NULL,NULL,,3,0,2,7,255,1332,250,0,0
stim,162528,192649,0,192649,3389949.455,-0.564,-0.020,0.247,0.788,2557,0,0,2189,0,1133,0,918,46,0.723,1,2214,0,390.864,17.494,-314.625,-84.438,216.000,-0.664,2.598,1.762,-17.008,4.094,16.328,0.394,0.290,0.557,1.052,1,NULL,NULL,,3,0,2,7,255,1332,250,0,0
stim,162528,192649,0,192649,3389954.453,-0.560,-0.026,0.231,0.795,2647,0,0,2281,0,1245,0,973,46,0.723,1,2214,0,415.704,17.817,-390.375,-79.750,118.563,-1.152,0.641,0.742,-17.008,-5.309,16.176,0.404,0.270,0.557,1.052,1,NULL,NULL,,3,0,2,7,255,1332,250,0,0
stim,162528,192649,0,192649,3389959.455,-0.560,-0.031,0.218,0.799,2763,0,0,2489,0,1311,0,1019,46,0.723,1,2214,0,335.184,5.313,-327.750,-70.188,-1.500,-0.676,-0.477,-0.172,-0.207,-5.309,2.082,0.418,0.252,0.557,1.052,2,NULL,NULL,,3,0,2,7,255,1332,250,0,0
stim,162528,192649,0,192649,3389964.453,-0.560,-0.032,0.210,0.801,2859,0,0,2630,0,1353,0,1071,46,0.723,1,2214,0,200.899,8.187,-177.188,-92.438,20.500,-0.473,-1.039,-0.465,6.340,-5.180,-10.738,0.434,0.232,0.557,1.052,2,NULL,NULL,,3,0,2,7,255,1332,250,0,0
stim,162528,192649,0,192649,3389969.455,-0.557,-0.029,0.204,0.805,2923,0,0,2742,0,1398,0,1177,46,0.723,1,2214,0,190.818,10.608,-91.875,-131.813,102.938,-0.566,-1.176,0.137,10.238,-2.777,-10.738,0.452,0.210,0.557,1.052,2,NULL,NULL,,3,0,2,7,255,1332,250,0,0
stim,162528,192649,0,192649,3389974.454,-0.556,-0.024,0.200,0.806,2972,0,0,2837,0,1454,0,1277,46,0.723,1,2214,0,136.249,10.606,-11.625,-127.563,46.438,-0.594,-0.082,0.652,10.238,-2.770,-10.117,0.474,0.190,0.557,1.052,2,NULL,NULL,,3,0,2,7,255,1332,250,0,0
stim,162528,192649,0,192649,3389979.455,-0.557,-0.019,0.199,0.806,3007,0,0,2909,0,1500,0,1379,46,0.723,1,2214,0,119.358,4.138,50.813,-108.000,-0.625,-0.277,1.055,1.266,3.848,-1.523,-2.566,0.496,0.174,0.557,1.052,2,NULL,NULL,,3,0,2,7,255,1332,250,0,0
stim,162551,192672,0,192672,3389984.454,-0.559,-0.016,0.198,0.805,3029,0,0,2955,0,1555,0,1431,46,0.723,1,2214,0,100.283,3.771,13.938,-93.125,-34.500,-0.266,0.855,2.027,-3.449,-1.523,5.180,0.520,0.160,0.557,1.052,2,NULL,NULL,,3,0,2,7,255,1332,250,0,0
stim,162551,192672,0,192672,3389989.455,-0.561,-0.016,0.191,0.805,3043,0,0,3005,0,1617,0,1497,46,0.723,1,2214,0,167.210,3.772,-133.438,-90.375,-44.563,-0.297,-0.047,1.941,-3.449,1.527,8.559,0.540,0.150,0.557,1.052,2,NULL,NULL,,3,0,2,7,255,1332,250,0,0
stim,162551,192672,0,192672,3389994.453,-0.563,-0.019,0.180,0.807,3054,0,0,3031,0,1687,0,1553,46,0.723,1,2214,0,264.744,5.125,-245.313,-95.875,-26.813,-0.297,-0.918,0.824,4.445,2.551,8.559,0.554,0.138,0.557,1.052,2,NULL,NULL,,3,0,2,7,255,1332,250,0,0
stim,162551,192672,0,192672,3389999.455,-0.564,-0.020,0.170,0.808,3064,0,0,3059,0,1764,0,1595,46,0.723,1,2214,0,213.870,10.726,-186.938,-102.688,-15.813,-0.324,-1.375,-0.098,10.418,2.551,-3.672,0.564,0.130,0.557,1.052,2,NULL,NULL,,3,0,2,7,255,1332,250,0,0
stim,162574,192695,0,192695,3390004.453,-0.565,-0.017,0.166,0.808,3083,0,0,3089,0,1847,0,1629,46,0.723,1,2214,0,122.955,11.383,-51.938,-111.063,-9.250,-0.160,-1.137,0.242,11.094,2.551,-9.648,0.570,0.120,0.557,1.052,2,NULL,NULL,,3,0,2,7,255,1332,250,0,0
stim,162574,192695,0,192695,3390009.455,-0.565,-0.013,0.163,0.809,3091,0,0,3103,0,1933,0,1669,46,0.723,1,2214,0,109.819,11.417,3.188,-109.000,13.000,0.039,-0.570,0.984,11.094,2.699,-9.648,0.572,0.112,0.557,1.052,2,NULL,NULL,,3,0,2,7,255,1332,250,0,0
stim,162574,192695,0,192695,3390014.454,-0.564,-0.010,0.160,0.810,3096,0,0,3123,0,2022,0,1704,46,0.723,1,2214,0,120.403,7.156,-23.625,-108.250,47.125,-0.023,-0.250,1.180,6.227,3.527,-1.938,0.574,0.104,0.557,1.052,2,NULL,NULL,,3,0,2,7,255,1332,250,0,0
stim,162574,192695,0,192695,3390019.455,-0.563,-0.007,0.155,0.812,3101,0,0,3144,31,2115,0,1750,46,0.723,1,2214,0,132.478,6.534,-56.688,-108.625,50.375,-0.336,-0.320,1.141,5.500,3.527,0.750,0.576,0.098,0.557,1.052,2,NULL,NULL,,3,0,2,7,255,1332,250,0,0
stim,162574,192695,0,192695,3390024.455,-0.563,-0.004,0.150,0.813,3100,0,0,3134,93,2163,0,1768,46,0.723,1,2214,0,131.658,5.085,-65.063,-111.750,24.750,-0.430,-0.266,0.898,5.027,0.766,0.750,0.580,0.092,0.557,1.052,2,NULL,NULL,,3,0,2,7,255,1332,250,0,0
stim,162574,192695,0,192695,3390029.455,-0.563,-0.001,0.146,0.814,3099,0,0,3143,406,2255,0,1893,46,0.723,1,2214,0,120.323,5.041,-37.875,-113.500,12.688,-0.250,-0.098,0.707,5.027,-0.375,-1.168,0.586,0.086,0.557,1.052,2,NULL,NULL,,3,0,2,7,255,1332,250,0,0
stim,162628,192749,0,192749,3390034.453,-0.563,0.003,0.143,0.814,3097,0,0,3145,525,2317,13,1990,46,0.723,1,2214,0,118.923,2.632,-11.875,-118.313,1.938,-0.246,-0.016,1.125,2.605,-0.375,-1.168,0.592,0.080,0.557,1.052,2,NULL,NULL,,3,0,2,7,255,1332,250,0,0
stim,162628,192749,0,192749,3390039.455,-0.565,0.006,0.141,0.813,3101,0,0,3154,792,2373,24,2120,46,0.723,1,2214,0,98.653,2.438,27.563,-80.375,-50.125,0.070,0.219,1.773,2.430,0.195,1.180,0.598,0.074,0.557,1.052,2,NULL,NULL,,3,0,2,7,255,1332,250,0,0
stim,162628,192749,0,192749,3390044.454,-0.567,0.008,0.140,0.811,3096,0,0,3145,1001,2399,0,2196,46,0.723,1,2214,0,67.958,3.600,2.250,-51.313,-44.500,0.539,0.441,1.262,0.133,3.598,2.246,0.602,0.072,0.557,1.052,2,NULL,NULL,,3,0,2,7,255,1332,250,0,0
stim,162628,192749,0,192749,3390049.455,-0.568,0.010,0.139,0.811,3107,1,0,3145,1139,2427,0,2259,46,0.723,1,2214,0,59.847,6.039,6.250,-57.500,-15.375,0.387,0.520,1.246,-4.215,4.324,2.527,0.604,0.068,0.557,1.052,2,NULL,NULL,,3,0,2,7,255,1332,250,0,0
stim,162628,192749,0,192749,3390054.454,-0.569,0.011,0.138,0.811,3099,13,0,3146,1267,2469,0,2300,46,0.723,1,2214,0,48.398,6.039,-5.500,-41.188,-24.813,-0.262,0.324,1.230,-4.215,4.324,2.527,0.606,0.066,0.557,1.052,2,NULL,NULL,,3,0,2,7,255,1332,250,0,0
stim,162628,192749,0,192749,3390059.455,-0.572,0.011,0.136,0.809,3093,30,0,3149,1401,2479,0,2361,46,0.723,1,2214,0,85.447,1.087,-26.000,-37.000,-72.500,-0.293,0.270,0.949,-0.355,-1.027,2.527,0.606,0.066,0.557,1.052,2,NULL,NULL,,3,0,2,7,255,1332,250,0,0
stim,162628,192749,0,192749,3390064.454,-0.575,0.012,0.135,0.807,3092,53,0,3155,1481,2495,0,2402,46,0.723,1,2214,0,102.066,1.087,-20.000,-31.125,-95.125,0.035,0.258,0.980,-0.355,-1.027,0.141,0.608,0.064,0.557,1.052,2,NULL,NULL,,3,0,2,7,255,1332,250,0,0
stim,162628,192749,0,192749,3390069.455,-0.579,0.012,0.133,0.805,3091,68,0,3157,1581,2511,0,2431,46,0.723,1,2214,0,89.031,1.489,-15.813,-29.500,-82.500,0.180,0.168,1.109,-0.633,1.348,0.141,0.608,0.064,0.557,1.052,2,NULL,NULL,,3,0,2,7,255,1332,250,0,0
stim,162628,192749,0,192749,3390074.454,-0.580,0.012,0.132,0.804,3091,103,0,3159,1647,2523,0,2463,46,0.723,1,2214,0,53.442,3.261,-22.750,-21.125,-43.500,0.203,0.031,1.059,-0.633,3.199,0.047,0.610,0.062,0.557,1.052,2,NULL,NULL,,3,0,2,7,255,1332,250,0,0
stim,162628,192749,0,192749,3390079.455,-0.581,0.012,0.130,0.803,3093,125,9,3161,1733,2533,0,2487,46,0.723,1,2214,0,38.055,3.231,-26.438,-20.000,-18.688,-0.090,0.098,1.039,0.453,3.199,0.371,0.612,0.060,0.557,1.052,2,NULL,NULL,,3,0,2,7,255,1332,250,0,0
stim,162648,192769,0,192769,3390084.454,-0.582,0.011,0.129,0.803,3090,163,43,3166,1791,2539,0,2495,46,0.723,1,2214,0,47.534,0.870,-32.500,-16.750,-30.375,-0.211,0.246,1.066,0.453,0.742,0.371,0.612,0.058,0.557,1.052,2,NULL,NULL,,3,0,2,7,255,1332,250,0,0
stim,162648,192769,0,192769,3390089.455,-0.584,0.011,0.127,0.801,3089,187,126,3167,1853,2544,0,2507,46,0.723,1,2214,0,68.546,0.316,-29.125,-10.313,-61.188,-0.098,0.277,1.094,-0.238,0.207,1.074,0.616,0.056,0.557,1.052,2,NULL,NULL,,3,0,2,7,255,1332,250,0,0
stim,162648,192769,0,192769,3390094.453,-0.586,0.010,0.126,0.800,3090,204,197,3173,1907,2553,0,2521,46,0.723,1,2214,0,62.956,0.316,-28.188,-10.125,-55.375,0.082,0.012,1.004,-0.238,0.207,1.074,0.620,0.056,0.557,1.052,2,NULL,NULL,,3,0,2,7,255,1332,250,0,0
stim,162648,192769,0,192769,3390099.455,-0.587,0.010,0.125,0.800,3089,213,281,3172,1929,2552,0,2524,46,0.723,1,2214,0,35.787,2.582,-25.125,-5.250,-24.938,0.059,-0.090,0.957,0.895,2.422,-0.309,0.624,0.056,0.557,1.052,2,NULL,NULL,,3,0,2,7,255,1332,250,0,0
stim,162677,192798,0,192798,3390104.454,-0.587,0.009,0.124,0.800,3089,231,345,3172,1950,2567,0,2527,46,0.723,1,2214,0,26.709,3.023,-26.375,-3.188,2.750,-0.055,-0.086,0.984,1.809,2.422,-0.508,0.628,0.058,0.557,1.052,2,NULL,NULL,,3,0,2,7,255,1332,250,0,0
stim,162677,192798,0,192798,3390109.455,-0.587,0.008,0.123,0.800,3087,237,399,3188,1989,2575,0,2539,46,0.723,1,2214,0,27.394,2.303,-27.063,-1.875,3.813,-0.211,0.027,0.973,1.809,1.426,-0.508,0.634,0.062,0.557,1.052,2,NULL,NULL,,3,0,2,7,255,1332,250,0,0
stim,162677,192798,0,192798,3390114.454,-0.587,0.007,0.122,0.800,3091,235,455,3174,2005,2577,0,2537,46,0.723,1,2214,0,23.368,1.512,-22.063,-1.750,-7.500,-0.168,0.023,0.930,1.512,-0.047,-0.508,0.638,0.068,0.557,1.052,2,NULL,NULL,,3,0,2,7,255,1332,250,0,0
stim,162677,192798,0,192798,3390119.455,-0.588,0.007,0.121,0.800,3091,229,475,3181,2016,2580,0,2549,46,0.723,1,2214,0,14.229,1.473,-13.750,-1.563,-3.313,-0.098,-0.016,0.914,1.473,-0.047,-0.660,0.642,0.074,0.557,1.052,2,NULL,NULL,,3,0,2,7,255,1332,250,0,0
stim,162716,192837,0,192837,3390124.454,-0.587,0.007,0.121,0.800,3087,232,507,3180,2038,2577,0,2549,46,0.856,1,2214,1,9.496,1.497,-8.125,-1.000,4.813,-0.148,0.004,0.977,1.473,0.270,-0.660,0.000,0.000,1.182,1.095,2,NULL,NULL,,3,0,2,7,255,1332,250,0,0
stim,162716,192837,0,192837,3390129.455,-0.587,0.006,0.120,0.800,3091,219,549,3171,2059,2577,0,2567,46,0.856,1,2214,1,11.942,1.512,-11.375,-1.750,3.188,-0.227,0.035,1.023,1.488,0.270,-0.258,0.008,0.008,1.182,1.095,2,NULL,NULL,,3,0,2,7,255,1332,250,0,0
stim,162716,192837,0,192837,3390134.453,-0.587,0.006,0.120,0.800,3077,211,559,3171,2063,2583,0,2553,46,0.856,1,2214,1,12.007,1.490,-11.813,-2.063,-0.625,-0.164,0.051,0.945,1.488,-0.063,-0.258,0.018,0.016,1.182,1.095,2,NULL,NULL,,3,0,2,7,255,1332,250,0,0
stim,162716,192837,0,192837,3390139.455,-0.587,0.006,0.120,0.800,3077,211,569,3167,2073,2587,0,2564,46,0.856,1,2214,1,7.931,1.064,-6.875,-3.063,2.500,-0.160,0.059,0.969,1.063,-0.063,-0.246,0.024,0.022,1.182,1.095,2,NULL,NULL,,3,0,2,7,255,1332,250,0,0
stim,162716,192837,0,192837,3390144.454,-0.587,0.006,0.119,0.801,3081,200,583,3171,2073,2586,0,2564,46,0.856,1,2214,1,7.959,1.044,-6.938,-3.188,2.250,-0.168,0.063,1.008,1.043,-0.055,-0.246,0.032,0.030,1.182,1.095,2,NULL,NULL,,3,0,2,7,255,1332,250,0,0
stim,162716,192837,0,192837,3390149.455,-0.587,0.005,0.119,0.801,3069,171,583,3170,2084,2577,0,2567,46,0.856,1,2214,1,9.335,0.985,-8.438,-3.063,2.563,-0.137,0.070,0.984,0.984,-0.039,-0.094,0.038,0.036,1.182,1.095,2,NULL,NULL,,3,0,2,7,255,1332,250,0,0
stim,162716,192837,0,192837,3390154.454,-0.587,0.005,0.118,0.801,3065,179,584,3167,2084,2579,0,2559,46,0.856,1,2214,1,9.412,0.856,-7.125,-2.750,5.500,-0.133,0.078,0.973,0.840,0.164,-0.094,0.042,0.038,1.182,1.095,2,NULL,NULL,,3,0,2,7,255,1332,250,0,0
stim,162716,192837,0,192837,3390159.455,-0.587,0.005,0.118,0.801,3065,169,585,3160,2083,2582,0,2568,46,0.856,1,2214,1,9.800,0.772,-7.313,-2.563,6.000,-0.168,0.090,1.000,0.754,0.164,-0.094,0.048,0.042,1.182,1.095,2,NULL,NULL,,3,0,2,7,255,1332,250,0,0
stim,162744,192865,0,192865,3390164.453,-0.587,0.005,0.117,0.801,3051,159,575,3144,2087,2581,0,2557,46,0.856,1,2214,1,9.374,0.715,-8.125,-2.313,4.063,-0.148,0.090,0.977,0.715,-0.008,-0.113,0.052,0.044,1.182,1.095,2,NULL,NULL,,3,0,2,7,255,1332,250,0,0
stim,162744,192865,0,192865,3390169.455,-0.587,0.005,0.117,0.801,3063,149,563,3143,2085,2583,0,2569,46,0.856,1,2214,1,8.909,0.641,-7.250,-2.063,4.750,-0.141,0.102,0.984,0.641,-0.008,-0.031,0.054,0.046,1.182,1.095,2,NULL,NULL,,3,0,2,7,255,1332,250,0,0
stim,162744,192865,0,192865,3390174.454,-0.586,0.005,0.117,0.802,3045,137,541,3129,2070,2579,0,2559,46,0.856,1,2214,1,9.554,0.531,-7.875,-2.063,5.000,-0.148,0.105,0.996,0.531,-0.008,-0.031,0.058,0.048,1.182,1.095,2,NULL,NULL,,3,0,2,7,255,1332,250,0,0
stim,162744,192865,0,192865,3390179.455,-0.586,0.005,0.116,0.802,3047,136,482,3123,2067,2572,0,2568,46,0.856,1,2214,1,10.202,0.526,-8.438,-2.000,5.375,-0.156,0.105,0.984,0.523,-0.047,0.000,0.062,0.050,1.182,1.095,2,NULL,NULL,,3,0,2,7,255,1332,250,0,0
stim,162744,192865,0,192865,3390184.454,-0.586,0.004,0.116,0.802,3041,123,453,3111,2055,2575,0,2554,46,0.856,1,2214,1,10.241,0.516,-8.500,-2.250,5.250,-0.164,0.109,0.980,0.504,-0.113,0.000,0.064,0.050,1.182,1.095,2,NULL,NULL,,3,0,2,7,255,1332,250,0,0
stim,162744,192865,0,192865,3390189.455,-0.586,0.004,0.116,0.802,3035,108,444,3111,2037,2569,0,2553,46,0.856,1,2214,1,10.709,0.551,-8.688,-2.875,5.563,-0.172,0.105,0.973,0.504,-0.223,-0.035,0.068,0.052,1.182,1.095,2,NULL,NULL,,3,0,2,7,255,1332,250,0,0
stim,162745,192866,0,192866,3390194.454,-0.586,0.004,0.115,0.802,3028,95,429,3107,2029,2569,0,2566,46,0.856,1,2214,1,11.171,0.603,-8.500,-3.875,6.125,-0.176,0.105,0.957,0.527,-0.293,-0.109,0.072,0.054,1.182,1.095,2,NULL,NULL,,3,0,2,7,255,1332,250,0,0
stim,162745,192866,0,192866,3390199.455,-0.586,0.004,0.115,0.802,3008,83,425,3098,2030,2567,0,2557,46,0.856,1,2214,1,11.193,0.638,-7.438,-5.188,6.563,-0.191,0.129,0.973,0.527,-0.359,-0.109,0.076,0.056,1.182,1.095,2,NULL,NULL,,3,0,2,7,255,1332,250,0,0
stim,162775,192896,0,192896,3390204.453,-0.585,0.004,0.114,0.803,3001,77,425,3076,2043,2569,0,2555,46,0.856,1,2214,1,11.230,0.629,-7.313,-6.563,5.438,-0.180,0.164,0.984,0.359,-0.516,-0.047,0.080,0.058,1.182,1.095,2,NULL,NULL,,3,0,2,7,255,1332,250,0,0
stim,162775,192896,0,192896,3390209.455,-0.585,0.004,0.114,0.803,2990,73,420,3054,2056,2555,0,2567,46,0.856,1,2214,1,13.237,0.548,-8.375,-7.875,6.563,-0.176,0.191,0.996,0.031,-0.547,0.109,0.084,0.060,1.182,1.095,2,NULL,NULL,,3,0,2,7,255,1332,250,0,0
stim,162775,192896,0,192896,3390214.453,-0.585,0.004,0.113,0.803,2984,69,427,3043,2065,2572,0,2575,46,0.856,1,2214,1,14.549,0.611,-10.063,-8.875,5.625,-0.184,0.223,1.000,-0.219,-0.570,0.246,0.086,0.062,1.182,1.095,2,NULL,NULL,,3,0,2,7,255,1332,250,0,0
stim,162775,192896,0,192896,3390219.455,-0.585,0.004,0.113,0.803,2980,63,439,3037,2079,2575,0,2581,46,0.856,1,2214,1,14.874,0.801,-10.750,-9.688,3.438,-0.164,0.250,0.996,-0.480,-0.641,0.344,0.090,0.062,1.182,1.095,2,NULL,NULL,,3,0,2,7,255,1332,250,0,0
stim,162827,192948,0,192948,3390224.454,-0.585,0.004,0.112,0.803,2961,70,447,3019,2102,2569,0,2584,46,0.856,1,2214,1,15.291,1.032,-11.438,-9.938,2.063,-0.152,0.266,1.008,-0.809,-0.641,0.371,0.092,0.064,1.182,1.095,2,NULL,NULL,,3,0,2,7,255,1332,250,0,0
stim,162827,192948,0,192948,3390229.455,-0.585,0.004,0.112,0.803,2963,74,477,3006,2125,2568,0,2603,46,0.856,1,2214,1,17.596,1.031,-14.313,-10.188,1.000,-0.156,0.250,1.012,-0.852,-0.582,0.449,0.092,0.062,1.182,1.095,2,NULL,NULL,,3,0,2,7,255,1332,250,0,0
stim,162827,192948,0,192948,3390234.454,-0.585,0.004,0.111,0.803,2952,79,509,3005,2149,2577,0,2607,46,0.856,1,2214,1,19.347,1.031,-16.438,-10.188,-0.563,-0.160,0.238,1.000,-0.852,-0.582,0.449,0.092,0.060,1.182,1.095,2,NULL,NULL,,3,0,2,7,255,1332,250,0,0
stim,162827,192948,0,192948,3390239.455,-0.585,0.004,0.110,0.803,2923,81,570,2989,2184,2579,0,2611,46,0.856,1,2214,1,19.798,0.956,-16.813,-9.938,-3.250,-0.152,0.234,0.996,-0.758,-0.582,0.336,0.092,0.060,1.182,1.095,2,NULL,NULL,,3,0,2,7,255,1332,250,0,0
stim,162827,192948,0,192948,3390244.454,-0.585,0.004,0.110,0.803,2908,93,617,2991,2204,2573,0,2626,46,0.856,1,2214,1,21.032,0.925,-17.813,-9.438,-6.000,-0.137,0.230,1.008,-0.746,-0.547,0.336,0.092,0.058,1.182,1.095,2,NULL,NULL,,3,0,2,7,255,1332,250,0,0
stim,162827,192948,0,192948,3390249.455,-0.586,0.004,0.109,0.803,2903,116,632,2989,2229,2585,0,2645,46,0.856,1,2214,1,23.331,0.835,-20.250,-8.500,-7.875,-0.129,0.195,1.000,-0.738,-0.391,0.309,0.092,0.058,1.182,1.095,2,NULL,NULL,,3,0,2,7,255,1332,250,0,0
stim,162827,192948,0,192948,3390254.453,-0.586,0.004,0.108,0.803,2891,123,665,2970,2253,2585,0,2637,46,0.856,1,2214,1,25.198,0.543,-22.125,-7.813,-9.188,-0.137,0.156,0.980,-0.484,-0.246,0.250,0.094,0.058,1.182,1.095,2,NULL,NULL,,3,0,2,7,255,1332,250,0,0
stim,162827,192948,0,192948,3390259.455,-0.586,0.003,0.107,0.803,2891,139,689,2969,2277,2587,0,2663,46,0.856,1,2214,1,25.895,0.247,-22.375,-7.188,-10.875,-0.133,0.121,0.965,-0.121,-0.215,0.016,0.094,0.058,1.182,1.095,2,NULL,NULL,,3,0,2,7,255,1332,250,0,0
stim,162827,192948,0,192948,3390264.454,-0.587,0.003,0.106,0.803,2872,151,729,2959,2315,2591,0,2667,46,0.856,1,2214,1,25.320,0.218,-21.438,-6.813,-11.625,-0.145,0.078,0.949,0.160,-0.148,-0.184,0.096,0.058,1.182,1.095,2,NULL,NULL,,3,0,2,7,255,1332,250,0,0
stim,162827,192948,0,192948,3390269.455,-0.587,0.002,0.105,0.803,2857,166,765,2953,2349,2587,0,2668,46,0.856,1,2214,1,22.749,0.570,-17.750,-6.563,-12.625,-0.160,0.051,0.934,0.551,-0.148,-0.391,0.098,0.060,1.182,1.095,2,NULL,NULL,,3,0,2,7,255,1332,250,0,0
stim,162827,192948,0,192948,3390274.454,-0.588,0.002,0.104,0.802,2853,169,821,2956,2377,2594,0,2677,46,0.856,1,2214,1,20.387,0.750,-11.938,-6.938,-15.000,-0.180,0.066,0.941,0.711,-0.238,-0.461,0.102,0.062,1.182,1.095,2,NULL,NULL,,3,0,2,7,255,1332,250,0,0
stim,162827,192948,0,192948,3390279.455,-0.588,0.002,0.104,0.802,2839,181,883,2953,2396,2589,0,2702,46,0.856,1,2214,1,21.904,0.821,-12.875,-7.875,-15.875,-0.160,0.145,1.016,0.711,-0.410,-0.461,0.104,0.064,1.182,1.095,2,NULL,NULL,,3,0,2,7,255,1332,250,0,0
stim,162851,192972,0,192972,3390284.454,-0.589,0.002,0.103,0.802,2824,191,937,2935,2438,2591,0,2699,46,0.856,1,2214,1,26.864,0.484,-21.313,-7.563,-14.500,-0.152,0.113,1.012,0.258,-0.410,0.277,0.108,0.064,1.182,1.095,2,NULL,NULL,,3,0,2,7,255,1332,250,0,0
stim,162851,192972,0,192972,3390289.455,-0.589,0.001,0.102,0.801,2823,219,1017,2933,2445,2597,0,2719,46,0.856,1,2214,1,28.914,0.449,-24.313,-8.125,-13.375,-0.172,0.059,0.957,0.258,-0.367,0.277,0.110,0.066,1.182,1.095,2,NULL,NULL,,3,0,2,7,255,1332,250,0,0
stim,162851,192972,0,192972,3390294.453,-0.590,0.001,0.100,0.801,2795,222,1087,2931,2477,2599,11,2727,46,0.856,1,2214,1,26.636,0.828,-20.313,-9.500,-14.375,-0.180,0.031,0.934,0.742,-0.367,-0.293,0.114,0.068,1.182,1.095,2,NULL,NULL,,3,0,2,7,255,1332,250,0,0
stim,162851,192972,0,192972,3390299.455,-0.591,0.001,0.100,0.801,2779,232,1149,2908,2508,2611,52,2735,46,0.856,1,2214,1,24.324,0.924,-14.813,-10.875,-15.938,-0.168,0.043,0.949,0.848,-0.367,-0.426,0.118,0.070,1.182,1.095,2,NULL,NULL,,3,0,2,7,255,1332,250,0,0
stim,162875,192996,0,192996,3390304.454,-0.591,0.001,0.099,0.800,2775,242,1225,2906,2523,2609,89,2751,46,0.856,1,2214,1,23.507,0.909,-12.500,-11.500,-16.250,-0.145,0.074,0.980,0.848,-0.328,-0.426,0.120,0.072,1.182,1.095,2,NULL,NULL,,3,0,2,7,255,1332,250,0,0
stim,162875,192996,0,192996,3390309.455,-0.592,0.001,0.098,0.800,2757,239,1285,2905,2542,2605,139,2761,46,0.856,1,2214,1,23.260,0.508,-13.750,-11.750,-14.625,-0.121,0.094,1.000,0.480,-0.164,-0.086,0.124,0.074,1.182,1.095,2,NULL,NULL,,3,0,2,7,255,1332,250,0,0
stim,162875,192997,0,192997,3390314.454,-0.592,0.000,0.097,0.800,2739,242,1357,2885,2579,2613,171,2769,46,0.856,1,2214,1,24.055,0.258,-16.375,-11.250,-13.563,-0.117,0.098,0.996,0.258,0.004,0.055,0.128,0.076,1.182,1.095,2,NULL,NULL,,3,0,2,7,255,1332,250,0,0
stim,162875,192997,0,192997,3390319.455,-0.593,0.000,0.096,0.800,2727,252,1437,2875,2597,2617,221,2789,46,0.856,1,2214,1,23.695,0.259,-17.125,-10.938,-12.188,-0.121,0.070,0.977,0.258,0.027,0.055,0.130,0.076,1.182,1.095,2,NULL,NULL,,3,0,2,7,255,1332,250,0,0
stim,162875,192997,0,192997,3390324.454,-0.593,0.000,0.095,0.799,2715,263,1479,2872,2604,2619,263,2793,46,0.856,1,2214,1,22.449,0.404,-15.875,-10.875,-11.563,-0.117,0.051,0.965,0.402,0.039,-0.168,0.134,0.078,1.182,1.095,2,NULL,NULL,,3,0,2,7,255,1332,250,0,0
stim,162875,192997,0,192997,3390329.455,-0.594,0.000,0.094,0.799,2693,261,1533,2853,2623,2621,338,2793,46,0.856,1,2214,1,20.560,0.555,-14.000,-11.313,-9.938,-0.129,0.039,0.969,0.555,0.027,-0.273,0.136,0.078,1.182,1.095,2,NULL,NULL,,3,0,2,7,255,1332,250,0,0
stim,162928,193049,0,193049,3390334.453,-0.594,0.000,0.094,0.799,2680,267,1609,2855,2645,2621,383,2805,46,0.856,1,2214,1,19.061,0.711,-12.438,-11.813,-8.313,-0.133,0.039,0.973,0.711,-0.020,-0.273,0.138,0.080,1.182,1.095,2,NULL,NULL,,3,0,2,7,255,1332,250,0,0
stim,162928,193049,0,193049,3390339.455,-0.594,0.000,0.093,0.799,2651,287,1651,2841,2660,2623,461,2814,46,0.856,1,2214,1,18.330,0.713,-11.375,-12.375,-7.313,-0.152,0.055,0.977,0.711,-0.059,-0.215,0.140,0.080,1.182,1.095,2,NULL,NULL,,3,0,2,7,255,1332,250,0,0
stim,162928,193049,0,193049,3390344.454,-0.595,0.000,0.092,0.799,2635,299,1689,2813,2675,2635,537,2811,46,0.856,1,2214,1,18.636,0.657,-10.500,-13.000,-8.250,-0.148,0.082,0.984,0.594,-0.281,-0.152,0.142,0.080,1.182,1.095,2,NULL,NULL,,3,0,2,7,255,1332,250,0,0
stim,162928,193049,0,193049,3390349.455,-0.595,0.000,0.091,0.799,2619,311,1749,2805,2687,2643,601,2837,46,0.856,1,2214,1,18.691,0.429,-10.188,-13.438,-8.063,-0.133,0.082,0.988,0.324,-0.281,-0.043,0.142,0.080,1.182,1.095,2,NULL,NULL,,3,0,2,7,255,1332,250,0,0
stim,162928,193049,1,193049,3390354.454,-0.595,0.000,0.091,0.798,2587,315,1798,2794,2711,2636,687,2839,46,0.856,1,2214,1,19.353,0.427,-11.063,-14.063,-7.375,-0.152,0.055,0.996,0.324,-0.277,-0.020,0.142,0.080,1.182,1.095,2,NULL,NULL,,3,1,2,7,255,1332,250,0,0
stim,162928,193049,1,193049,3390359.455,-0.596,0.001,0.090,0.798,2573,327,1852,2780,2724,2643,731,2855,46,0.856,1,2214,1,19.259,0.637,-10.063,-14.375,-7.938,-0.125,0.043,0.973,0.605,-0.199,-0.020,0.144,0.078,1.182,1.095,2,NULL,NULL,,3,1,2,7,255,1332,250,0,0
stim,162928,193049,1,193049,3390364.453,-0.596,0.001,0.089,0.798,2539,328,1893,2761,2725,2643,807,2847,46,0.856,1,2214,1,17.881,0.615,-7.688,-14.750,-6.563,-0.125,0.066,0.984,0.605,-0.109,-0.078,0.144,0.078,1.182,1.095,2,NULL,NULL,,3,1,2,7,255,1332,250,0,0
stim,162928,193049,1,193049,3390369.455,-0.596,0.001,0.088,0.798,2505,331,1956,2739,2735,2639,907,2859,46,0.856,1,2214,1,17.503,0.412,-7.500,-14.500,-6.313,-0.109,0.063,0.996,0.406,-0.066,-0.078,0.146,0.078,1.182,1.095,2,NULL,NULL,,3,1,2,7,255,1332,250,0,0
stim,162928,193049,1,193049,3390374.454,-0.596,0.001,0.088,0.798,2467,341,2003,2723,2745,2643,987,2871,46,0.856,1,2214,1,17.051,0.413,-8.250,-14.188,-4.625,-0.125,0.047,0.996,0.406,-0.074,0.000,0.146,0.078,1.182,1.095,2,NULL,NULL,,3,1,2,7,255,1332,250,0,0
stim,162928,193049,1,193049,3390379.455,-0.596,0.001,0.087,0.798,2431,347,2035,2698,2759,2644,1092,2877,46,0.856,1,2214,1,16.949,0.529,-7.813,-14.500,-4.000,-0.145,0.059,0.988,0.523,-0.074,0.000,0.146,0.078,1.182,1.095,2,NULL,NULL,,3,1,2,7,255,1332,250,0,0
stim,162948,193069,1,193069,3390384.455,-0.597,0.002,0.086,0.798,2403,361,2077,2667,2769,2647,1161,2887,46,0.856,1,2214,1,17.220,0.604,-6.125,-15.125,-5.500,-0.148,0.086,1.000,0.523,-0.301,0.000,0.148,0.078,1.182,1.095,2,NULL,NULL,,3,1,2,7,255,1332,250,0,0
stim,162948,193069,1,193069,3390389.455,-0.597,0.002,0.086,0.798,2350,359,2121,2635,2782,2655,1227,2891,46,0.856,1,2214,1,18.146,0.499,-5.875,-15.563,-7.250,-0.141,0.121,1.027,0.273,-0.418,0.109,0.148,0.078,1.182,1.095,2,NULL,NULL,,3,1,2,7,255,1332,250,0,0
stim,162948,193069,1,193069,3390394.453,-0.597,0.002,0.085,0.797,2301,360,2167,2604,2795,2649,1311,2900,46,0.856,1,2214,1,19.848,0.420,-9.000,-15.375,-8.750,-0.125,0.141,1.039,-0.039,-0.418,0.402,0.148,0.078,1.182,1.095,2,NULL,NULL,,3,1,2,7,255,1332,250,0,0
stim,162948,193069,1,193069,3390399.455,-0.598,0.003,0.084,0.797,2253,361,2205,2577,2807,2651,1399,2905,46,0.856,1,2214,1,22.034,0.500,-13.125,-15.313,-8.875,-0.133,0.148,1.047,-0.285,-0.410,0.543,0.146,0.076,1.182,1.095,2,NULL,NULL,,3,1,2,7,255,1332,250,0,0
stim,162975,193096,1,193096,3390404.453,-0.598,0.003,0.083,0.797,2195,350,2253,2541,2824,2663,1510,2909,46,0.856,1,2214,1,26.146,0.500,-18.313,-14.938,-11.188,-0.152,0.121,1.039,-0.285,-0.410,0.551,0.146,0.076,1.182,1.095,2,NULL,NULL,,3,1,2,7,255,1332,250,0,0
stim,162975,193096,1,193096,3390409.455,-0.599,0.002,0.082,0.797,2136,344,2291,2495,2829,2651,1589,2916,46,0.856,1,2214,1,29.124,0.415,-19.813,-15.250,-14.938,-0.129,0.082,1.004,-0.063,-0.410,0.551,0.146,0.078,1.182,1.095,2,NULL,NULL,,3,1,2,7,255,1332,250,0,0
stim,162975,193096,1,193096,3390414.454,-0.599,0.002,0.081,0.796,2061,327,2327,2457,2840,2649,1656,2921,46,0.856,1,2214,1,27.285,0.365,-17.688,-16.500,-12.625,-0.129,0.066,1.008,0.207,-0.301,0.156,0.146,0.078,1.182,1.095,2,NULL,NULL,,3,1,2,7,255,1332,250,0,0
stim,162975,193096,1,193096,3390419.455,-0.600,0.002,0.080,0.796,1965,315,2360,2409,2852,2649,1719,2924,46,0.856,1,2214,1,31.118,0.466,-21.125,-16.063,-16.250,-0.141,0.059,1.020,0.355,-0.301,0.156,0.146,0.080,1.182,1.095,2,NULL,NULL,,3,1,2,7,255,1332,250,0,0
stim,162976,193097,1,193097,3390424.454,-0.600,0.002,0.079,0.796,1879,297,2397,2361,2861,2651,1801,2927,46,0.856,1,2214,1,28.983,0.451,-17.500,-17.625,-14.938,-0.105,0.074,0.992,0.355,-0.277,0.156,0.148,0.082,1.182,1.095,2,NULL,NULL,,3,1,2,7,255,1332,250,0,0
stim,162976,193097,1,193097,3390429.455,-0.601,0.002,0.078,0.796,1773,285,2427,2291,2869,2653,1878,2934,46,0.856,1,2214,1,30.106,0.390,-21.750,-16.875,-12.188,-0.121,0.121,1.043,0.176,-0.348,0.281,0.152,0.086,1.182,1.095,2,NULL,NULL,,3,1,2,7,255,1332,250,0,0
stim,163017,193138,1,193138,3390434.453,-0.601,0.002,0.077,0.795,1656,277,2469,2212,2888,2651,1955,2939,46,0.856,1,2214,1,32.396,0.384,-22.438,-18.375,-14.438,-0.168,0.125,1.055,-0.125,-0.363,0.523,0.156,0.090,1.182,1.095,2,NULL,NULL,,3,1,2,7,255,1332,250,0,0
stim,163017,193138,1,193138,3390439.455,-0.602,0.002,0.075,0.795,1517,251,2509,2149,2898,2648,2025,2943,46,0.856,1,2214,1,43.954,0.737,-34.000,-17.938,-21.313,-0.168,0.102,1.074,-0.125,-0.727,0.711,0.162,0.096,1.182,1.095,2,NULL,NULL,,3,1,2,7,255,1332,250,0,0
stim,163017,193138,1,193138,3390444.454,-0.603,0.002,0.073,0.794,1364,239,2540,2087,2905,2647,2086,2952,46,0.856,1,2214,1,46.643,0.829,-33.563,-18.625,-26.500,-0.199,0.020,1.031,0.090,-0.824,0.711,0.170,0.104,1.182,1.095,2,NULL,NULL,,3,1,2,7,255,1332,250,0,0
stim,163017,193138,1,193138,3390449.455,-0.604,0.001,0.071,0.793,1159,227,2569,1981,2919,2645,2143,2957,46,0.856,1,2214,1,56.420,1.041,-37.563,-19.375,-37.375,-0.156,0.020,1.047,0.746,-0.727,0.500,0.178,0.112,1.182,1.095,2,NULL,NULL,,3,1,2,7,255,1332,250,0,0
stim,163017,193138,1,193138,3390454.454,-0.606,0.001,0.070,0.793,1013,207,2597,1851,2925,2641,2207,2963,46,0.856,1,2214,1,56.017,0.887,-37.688,-20.750,-35.875,-0.129,0.063,1.039,0.746,-0.480,0.441,0.184,0.118,1.182,1.095,2,NULL,NULL,,3,1,2,7,255,1332,250,0,0
stim,163017,193138,1,193138,3390459.455,-0.607,0.000,0.068,0.792,811,187,2628,1659,2939,2636,2257,2969,46,0.856,1,2214,1,63.853,0.522,-41.625,-19.375,-44.375,-0.168,0.098,1.055,0.203,-0.480,0.500,0.192,0.124,1.182,1.095,2,NULL,NULL,,3,1,2,7,255,1332,250,0,0
stim,163041,193162,1,193162,3390464.453,-0.609,-0.001,0.065,0.790,664,155,2651,1459,2943,2631,2321,2970,46,0.856,1,2214,1,70.454,0.626,-46.625,-22.313,-47.875,-0.133,0.125,1.051,-0.031,-0.625,0.633,0.198,0.132,1.182,1.095,2,NULL,NULL,,3,1,2,7,255,1332,250,0,0
stim,163041,193162,1,193162,3390469.455,-0.611,-0.001,0.063,0.789,441,111,2680,1269,2963,2618,2359,2975,46,0.856,1,2214,1,73.025,0.725,-48.250,-22.875,-49.813,-0.109,0.105,1.008,-0.367,-0.625,0.633,0.204,0.138,1.182,1.095,2,NULL,NULL,,3,1,2,7,255,1332,250,0,0
stim,163041,193162,1,193162,3390474.454,-0.613,-0.002,0.061,0.788,265,79,2707,1045,2971,2611,2398,2981,46,0.856,1,2214,1,72.329,0.556,-47.125,-22.875,-49.875,-0.090,0.074,1.000,-0.367,-0.418,0.176,0.208,0.144,1.182,1.095,2,NULL,NULL,,3,1,2,7,255,1332,250,0,0
stim,163041,193162,1,193162,3390479.455,-0.614,-0.002,0.059,0.787,106,25,2729,809,2981,2600,2444,2985,46,0.856,1,2214,0,69.377,0.272,-45.313,-25.375,-46.000,-0.070,0.059,1.020,-0.172,-0.211,0.176,0.214,0.150,1.182,1.095,2,NULL,NULL,,3,1,2,7,255,1332,250,0,0
stim,163041,193162,1,193162,3390484.454,-0.616,-0.003,0.056,0.786,35,21,2743,593,2988,2588,2482,2989,46,0.856,1,2214,0,72.205,0.100,-46.688,-25.875,-48.625,-0.074,0.047,1.016,-0.098,-0.020,0.160,0.218,0.154,1.182,1.095,2,NULL,NULL,,3,1,2,7,255,1332,250,0,0
stim,163041,193162,1,193162,3390489.455,-0.617,-0.003,0.054,0.785,4,0,2764,311,2997,2568,2511,2991,46,0.856,1,2214,0,67.984,0.020,-42.125,-27.875,-45.500,-0.094,0.047,1.012,0.000,-0.020,0.160,0.222,0.160,1.182,1.095,2,NULL,NULL,,3,1,2,7,255,1332,250,0,0
stim,163061,193182,1,193182,3390494.454,-0.619,-0.003,0.052,0.784,0,0,2781,133,2997,2549,2547,2999,46,0.856,1,2214,0,72.818,0.105,-45.000,-29.188,-49.250,-0.063,0.094,0.992,0.000,-0.105,0.137,0.224,0.164,1.182,1.095,2,NULL,NULL,,3,1,2,7,255,1332,250,0,0
stim,163061,193182,1,193182,3390499.455,-0.621,-0.003,0.049,0.782,0,0,2797,20,3016,2524,2579,3004,46,0.856,1,2214,0,72.912,0.553,-41.125,-30.875,-51.688,-0.063,0.094,0.973,-0.535,-0.141,-0.031,0.226,0.168,1.182,1.095,2,NULL,NULL,,3,1,2,7,255,1332,250,0,0
stim,163061,193182,1,193182,3390504.453,-0.622,-0.003,0.048,0.781,0,0,2808,0,3022,2502,2607,3003,46,0.856,1,2214,0,56.304,0.553,-24.688,-35.563,-36.000,-0.176,0.023,1.012,-0.535,-0.141,-0.031,0.226,0.172,1.182,1.095,2,NULL,NULL,,3,1,2,7,255,1332,250,0,0
stim,163061,193182,1,193182,3390509.455,-0.624,-0.002,0.046,0.780,0,0,2822,0,3033,2463,2639,3013,46,0.856,1,2214,0,58.709,1.130,-12.688,-40.875,-40.188,-0.289,-0.086,1.105,0.313,-1.086,0.184,0.226,0.174,1.182,1.095,3,NULL,NULL,,3,1,2,7,255,1332,250,0,0
stim,163086,193207,1,193207,3390514.453,-0.625,-0.001,0.045,0.779,0,0,2834,0,3036,2447,2659,3015,46,0.856,1,2214,0,68.126,2.490,-6.250,-46.188,-49.688,-0.324,-0.195,1.191,1.621,-1.891,1.117,0.224,0.178,1.182,1.095,3,NULL,NULL,,3,1,2,7,255,1332,250,0,0
stim,163086,193207,1,193207,3390519.455,-0.627,0.001,0.043,0.778,0,0,2840,0,3042,2423,2679,3015,46,0.856,1,2214,0,75.805,3.344,-1.313,-53.750,-53.438,-0.293,-0.242,1.270,2.758,-1.891,1.945,0.224,0.182,1.182,1.095,3,NULL,NULL,,3,1,2,7,255,1332,250,0,0
stim,163086,193207,1,193207,3390524.454,-0.629,0.003,0.042,0.776,0,0,2841,0,3047,2389,2697,3017,46,0.856,1,2214,0,75.391,3.320,16.938,-59.063,-43.688,-0.297,-0.133,1.406,2.758,-1.848,2.676,0.224,0.186,1.182,1.095,3,NULL,NULL,,3,1,2,7,255,1332,250,0,0
stim,163086,193207,1,193207,3390529.455,-0.630,0.006,0.041,0.776,0,0,2847,0,3053,2363,2717,3019,46,0.856,1,2214,0,71.077,2.714,12.688,-67.125,-19.625,-0.141,0.102,1.445,2.168,-1.633,4.047,0.224,0.190,1.182,1.095,3,NULL,NULL,,3,1,2,7,255,1332,250,0,0
stim,163125,193246,1,193246,3390534.453,-0.630,0.007,0.038,0.776,0,0,2847,0,3059,2329,2733,3021,46,0.856,1,2214,0,77.353,0.974,-36.375,-66.750,-14.313,-0.059,0.133,1.242,-0.336,-0.914,4.047,0.224,0.196,1.182,1.095,3,NULL,NULL,,3,1,2,7,255,1332,250,0,0
stim,163125,193246,1,193246,3390539.455,-0.630,0.008,0.034,0.776,0,0,2845,0,3065,2261,2760,3019,46,0.856,1,2214,0,80.660,0.934,-42.000,-68.813,-2.625,-0.117,0.020,0.992,-0.336,-0.871,2.426,0.226,0.202,1.182,1.095,3,NULL,NULL,,3,1,2,7,255,1332,250,0,0
stim,163125,193246,1,193246,3390544.454,-0.630,0.010,0.032,0.776,0,0,2841,0,3065,2227,2761,3019,46,0.856,1,2214,0,76.886,0.899,-15.188,-75.063,6.813,-0.207,-0.098,0.922,0.223,-0.871,-0.039,0.228,0.208,1.182,1.095,3,NULL,NULL,,3,1,2,7,255,1332,250,0,0
stim,163125,193246,1,193246,3390549.455,-0.630,0.013,0.030,0.776,0,0,2835,0,3068,2165,2781,3019,46,0.856,1,2214,0,79.420,2.183,6.375,-79.063,-4.000,-0.219,-0.168,0.941,1.512,-1.574,-0.598,0.232,0.214,1.182,1.095,3,NULL,NULL,,3,1,2,7,255,1332,250,0,0
stim,163125,193246,1,193246,3390554.454,-0.631,0.016,0.028,0.775,0,0,2827,0,3077,2103,2793,3019,46,0.856,1,2214,0,84.757,2.724,17.313,-81.313,-16.500,-0.176,-0.191,1.012,2.223,-1.574,-0.598,0.236,0.222,1.182,1.095,3,NULL,NULL,,3,1,2,7,255,1332,250,0,0
stim,163125,193246,1,193246,3390559.455,-0.631,0.019,0.026,0.775,0,0,2811,0,3087,2027,2803,3017,46,0.856,1,2214,0,86.801,2.518,20.500,-82.375,-18.125,-0.098,-0.172,1.063,2.223,-1.184,0.047,0.242,0.232,1.182,1.095,3,NULL,NULL,,3,1,2,7,255,1332,250,0,0
stim,163125,193246,1,193246,3390564.454,-0.632,0.022,0.025,0.775,0,0,2799,0,3087,1955,2815,3019,46,0.856,1,2214,0,86.755,2.169,15.813,-84.938,-7.875,-0.043,-0.133,1.125,2.098,-0.551,0.531,0.250,0.242,1.182,1.095,3,NULL,NULL,,3,1,2,7,255,1332,250,0,0
stim,163125,193246,1,193246,3390569.455,-0.632,0.026,0.022,0.775,0,0,2777,0,3089,1853,2827,3017,46,0.856,1,2214,0,87.118,1.749,9.813,-86.563,0.500,-0.090,-0.059,1.105,1.660,-0.551,0.996,0.260,0.252,1.182,1.095,3,NULL,NULL,,3,1,2,7,255,1332,250,0,0
stim,163125,193246,1,193246,3390574.454,-0.631,0.029,0.020,0.775,0,0,2749,0,3089,1753,2840,3018,46,0.856,1,2214,0,88.935,1.358,9.188,-88.438,1.938,-0.086,0.008,1.090,1.070,-0.836,0.996,0.270,0.266,1.182,1.095,3,NULL,NULL,,3,1,2,7,255,1332,250,0,0
stim,163125,193246,1,193246,3390579.455,-0.631,0.032,0.019,0.775,0,0,2727,0,3089,1655,2847,3015,46,0.856,1,2214,0,92.722,1.083,16.750,-91.188,1.250,-0.109,0.039,1.012,0.426,-0.996,0.832,0.278,0.278,1.182,1.095,3,NULL,NULL,,3,1,2,7,255,1332,250,0,0
stim,163158,193279,1,193279,3390584.454,-0.631,0.036,0.017,0.775,0,0,2700,0,3087,1525,2857,3012,46,0.856,1,2214,0,100.088,1.087,29.250,-95.688,2.438,-0.070,0.047,1.082,0.191,-1.070,0.758,0.288,0.292,1.182,1.095,3,NULL,NULL,,3,1,2,7,255,1332,250,0,0
stim,163158,193279,1,193279,3390589.455,-0.631,0.040,0.015,0.775,0,0,2664,0,3095,1373,2867,3005,46,0.856,1,2214,0,105.016,1.206,31.250,-99.625,11.250,-0.066,0.066,1.168,0.090,-1.203,0.758,0.300,0.306,1.182,1.095,3,NULL,NULL,,3,1,2,7,255,1332,250,0,0
stim,163158,193279,1,193279,3390594.454,-0.630,0.044,0.014,0.775,0,0,2632,0,3095,1215,2872,3003,46,0.856,1,2214,0,108.250,1.203,30.813,-103.188,11.000,-0.086,0.121,1.164,-0.008,-1.203,1.586,0.314,0.322,1.182,1.095,3,NULL,NULL,,3,1,2,7,255,1332,250,0,0
stim,163158,193279,1,193279,3390599.455,-0.630,0.049,0.012,0.775,0,0,2597,0,3099,1037,2893,2999,46,0.856,1,2214,0,110.195,1.598,29.688,-106.063,3.500,-0.078,0.113,1.113,-0.352,-1.559,1.586,0.332,0.342,1.182,1.095,3,NULL,NULL,,3,1,2,7,255,1332,250,0,0
stim,163158,193279,0,193279,3390604.453,-0.629,0.053,0.010,0.775,0,0,2567,0,3097,841,2889,2995,46,0.856,1,2214,0,114.474,1.624,21.500,-111.125,17.125,0.078,0.152,1.258,-0.457,-1.559,1.586,0.354,0.366,1.182,1.095,3,NULL,NULL,,3,0,2,7,255,1337,250,0,0
stim,163158,193279,0,193279,3390609.455,-0.628,0.057,0.007,0.776,0,0,2521,0,3099,681,2895,2987,46,0.856,1,2214,0,118.801,1.662,16.125,-113.563,30.938,-0.027,0.172,1.137,-0.898,-1.398,1.348,0.378,0.390,1.182,1.095,3,NULL,NULL,,3,0,2,7,255,1337,250,0,0
stim,163184,193305,0,193305,3390614.453,-0.627,0.062,0.005,0.776,0,0,2475,0,3096,521,2915,2979,46,0.856,1,2214,0,122.454,1.662,18.750,-117.375,29.438,-0.074,0.180,1.145,-0.898,-1.398,1.375,0.404,0.416,1.182,1.095,3,NULL,NULL,,3,0,2,7,255,1337,250,0,0
stim,163184,193305,0,193305,3390619.455,-0.626,0.066,0.002,0.777,0,0,2412,0,3109,397,2908,2981,46,0.856,1,2214,0,121.988,2.001,12.750,-119.500,20.938,-0.023,0.203,1.277,-0.934,-1.770,1.375,0.432,0.446,1.182,1.095,3,NULL,NULL,,3,0,2,7,255,1337,250,0,0
stim,163184,193305,0,193305,3390624.455,-0.625,0.070,-0.001,0.777,0,0,2348,0,3106,263,2911,2961,46,0.856,1,2214,0,123.701,2.155,2.000,-121.563,22.813,-0.063,0.156,1.273,-0.840,-1.984,2.594,0.460,0.478,1.182,1.095,3,NULL,NULL,,3,0,2,7,255,1337,250,0,0
stim,163184,193305,0,193305,3390629.455,-0.624,0.074,-0.004,0.778,0,0,2280,0,3107,165,2917,2940,46,0.856,1,2214,0,127.649,2.236,-0.500,-125.250,24.625,-0.063,0.145,1.344,-0.480,-2.184,2.703,0.490,0.510,1.182,1.095,3,NULL,NULL,,3,0,2,7,255,1337,250,0,0
stim,163226,193347,0,193347,3390634.454,-0.623,0.078,-0.008,0.778,0,0,2211,0,3094,93,2917,2921,46,0.856,1,2214,0,133.859,2.370,-13.313,-130.000,29.000,-0.102,0.105,1.379,-0.293,-2.352,3.254,0.524,0.546,1.182,1.095,3,NULL,NULL,,3,0,2,7,255,1337,250,0,0
stim,163226,193347,0,193347,3390639.455,-0.622,0.082,-0.013,0.778,0,0,2099,0,3102,19,2909,2908,46,0.856,1,2214,0,140.467,2.827,-21.250,-136.188,27.063,-0.137,0.086,1.430,0.195,-2.820,3.500,0.558,0.582,1.182,1.095,3,NULL,NULL,,3,0,2,7,255,1337,250,0,0
stim,163226,193347,0,193347,3390644.454,-0.621,0.086,-0.017,0.779,0,0,2009,0,3084,0,2906,2869,46,0.856,1,2214,0,148.394,3.356,-23.063,-144.188,26.438,-0.215,0.105,1.418,0.512,-3.316,3.621,0.594,0.622,1.182,1.095,3,NULL,NULL,,3,0,2,7,255,1337,250,0,0
stim,163226,193347,0,193347,3390649.455,-0.620,0.091,-0.022,0.779,0,0,1910,0,3087,0,2913,2852,46,0.856,1,2214,0,156.790,4.304,-21.188,-153.750,22.250,-0.215,0.180,1.461,0.512,-4.273,3.910,0.634,0.662,1.182,1.095,3,NULL,NULL,,3,0,2,7,255,1337,250,0,0
stim,163226,193347,0,193347,3390654.453,-0.620,0.096,-0.028,0.779,0,0,1809,0,3081,0,2903,2811,46,0.856,1,2214,0,164.181,4.694,-24.125,-161.688,15.188,-0.223,0.188,1.516,-0.160,-4.691,3.996,0.674,0.706,1.182,1.095,3,NULL,NULL,,3,0,2,7,255,1337,250,0,0
stim,163226,193347,0,193347,3390659.456,-0.619,0.101,-0.033,0.778,0,0,1634,0,3067,0,2895,2777,46,0.856,1,2214,0,175.915,5.046,-27.375,-173.313,12.625,-0.254,0.145,1.574,-0.160,-5.043,4.449,0.714,0.750,1.182,1.095,3,NULL,NULL,,3,0,2,7,255,1337,250,0,0
stim,163226,193347,0,193347,3390664.454,-0.618,0.106,-0.040,0.778,0,0,1561,0,3057,0,2879,2725,46,0.856,1,2214,0,187.869,5.592,-36.000,-184.063,10.938,-0.242,0.160,1.641,0.266,-5.586,4.852,0.758,0.798,1.182,1.095,3,NULL,NULL,,3,0,2,7,255,1337,250,0,0
stim,163226,193347,0,193347,3390669.455,-0.617,0.111,-0.047,0.778,0,0,1483,0,3041,0,2863,2667,46,0.856,1,2214,0,203.410,5.865,-49.500,-196.438,18.375,-0.242,0.188,1.656,0.266,-5.859,5.445,0.802,0.844,1.182,1.095,3,NULL,NULL,,3,0,2,7,255,1337,250,0,0
stim,163226,193347,0,193347,3390674.454,-0.616,0.117,-0.055,0.777,0,0,1413,0,3021,0,2863,2619,46,0.856,1,2214,0,219.696,6.252,-64.250,-209.438,16.563,-0.301,0.133,1.633,0.266,-6.246,5.445,0.846,0.890,1.182,1.095,3,NULL,NULL,,3,0,2,7,255,1337,250,0,0
stim,163226,193347,0,193347,3390679.455,-0.615,0.122,-0.063,0.776,0,0,1331,0,3016,0,2839,2555,46,0.856,1,2214,0,232.778,6.936,-62.375,-223.438,19.250,-0.332,0.117,1.637,0.598,-6.910,4.996,0.888,0.934,1.182,1.095,3,NULL,NULL,,3,0,2,7,255,1337,250,0,0
stim,163248,193369,0,193369,3390684.454,-0.614,0.129,-0.071,0.776,0,0,1245,0,3001,3,2813,2488,46,0.856,1,2214,0,246.986,7.521,-58.063,-239.188,20.500,-0.438,0.094,1.723,0.820,-7.477,4.996,0.926,0.974,1.182,1.095,3,NULL,NULL,,3,0,2,7,255,1337,250,0,0
stim,163248,193369,0,193369,3390689.455,-0.613,0.136,-0.080,0.775,0,0,1183,0,2981,9,2767,2391,46,0.856,1,2214,0,263.050,8.984,-56.563,-256.688,10.375,-0.484,0.121,1.820,1.238,-8.898,5.145,0.958,1.006,1.182,1.095,3,NULL,NULL,,3,0,2,7,255,1337,250,0,0
stim,163248,193369,0,193369,3390694.454,-0.612,0.143,-0.090,0.773,0,0,1116,0,2953,7,2703,2295,46,0.856,1,2214,0,280.895,9.872,-59.188,-274.563,3.813,-0.398,0.105,1.879,1.250,-9.793,5.715,0.984,1.032,1.182,1.095,3,NULL,NULL,,3,0,2,7,255,1337,250,0,0
stim,163248,193369,0,193369,3390699.455,-0.611,0.152,-0.099,0.771,0,0,1075,0,2921,7,2645,2196,46,0.856,1,2214,0,291.522,9.965,-45.438,-287.813,-9.188,-0.348,0.043,1.965,1.250,-9.887,6.285,1.010,1.058,1.182,1.095,3,NULL,NULL,,3,0,2,7,255,1337,250,0,0
stim,163274,193395,0,193395,3390704.454,-0.609,0.161,-0.108,0.769,0,0,1046,0,2872,3,2549,2107,46,0.856,1,2214,0,310.641,10.042,-30.750,-309.000,8.438,-0.387,0.082,2.195,1.762,-9.887,6.988,1.034,1.082,1.182,1.095,3,NULL,NULL,,3,0,2,7,255,1337,250,0,0
stim,163274,193395,0,193395,3390709.455,-0.607,0.171,-0.118,0.767,0,0,995,0,2812,0,2441,1999,46,0.856,1,2214,0,328.914,11.762,-31.375,-327.250,10.375,-0.551,0.316,2.375,1.762,-11.629,8.664,1.056,1.104,1.182,1.095,3,NULL,NULL,,3,0,2,7,255,1337,250,0,0
stim,163274,193395,0,193395,3390714.453,-0.605,0.182,-0.129,0.765,0,0,933,0,2760,0,2291,1891,46,0.856,1,2214,0,342.175,14.778,-43.188,-339.438,0.813,-0.555,0.605,2.484,0.070,-14.777,9.277,1.074,1.122,1.182,1.095,3,NULL,NULL,,3,0,2,7,255,1337,250,0,0
stim,163274,193395,0,193395,3390719.455,-0.604,0.192,-0.140,0.761,0,0,843,0,2677,0,2115,1767,46,0.856,1,2214,0,360.688,16.580,-70.063,-353.500,-15.000,-0.512,0.539,2.480,-2.016,-16.457,9.418,1.088,1.138,1.182,1.095,3,NULL,NULL,,3,0,2,7,255,1337,250,0,0
stim,163317,193438,0,193438,3390724.454,-0.602,0.201,-0.153,0.757,0,0,738,0,2613,0,1899,1644,46,0.856,1,2214,0,375.450,16.580,-93.500,-363.250,-16.438,-0.438,0.426,2.289,-2.016,-16.457,9.418,1.102,1.154,1.182,1.095,3,NULL,NULL,,3,0,2,7,255,1337,250,0,0
stim,163317,193438,0,193438,3390729.455,-0.600,0.211,-0.166,0.753,0,0,627,0,2494,0,1651,1499,46,0.856,1,2214,0,389.475,15.441,-95.750,-377.438,-8.000,-0.371,0.254,2.133,-1.289,-15.387,7.613,1.116,1.170,1.182,1.095,3,NULL,NULL,,3,0,2,7,255,1337,250,0,0
stim,163318,193439,0,193439,3390734.454,-0.598,0.222,-0.179,0.749,0,0,509,0,2351,0,1359,1357,46,0.856,1,2214,0,397.985,14.246,-82.313,-389.375,2.000,-0.367,-0.012,1.996,0.008,-14.246,6.141,1.136,1.196,1.182,1.095,3,NULL,NULL,,3,0,2,7,255,1337,250,0,0
stim,163318,193439,0,193439,3390739.457,-0.595,0.233,-0.192,0.745,0,0,430,0,2197,0,1035,1195,46,0.856,1,2214,0,407.197,13.755,-62.813,-402.313,-2.875,-0.184,-0.145,1.914,2.430,-13.539,4.617,1.162,1.228,1.182,1.095,3,NULL,NULL,,3,0,2,7,255,1337,250,0,0
stim,163344,193465,0,193465,3390744.454,-0.591,0.245,-0.204,0.741,0,0,291,0,1981,0,649,1051,46,0.856,1,2214,0,415.046,12.326,-52.000,-411.625,11.125,-0.066,-0.184,1.750,3.289,-11.879,4.566,1.194,1.264,1.182,1.095,3,NULL,NULL,,3,0,2,7,255,1337,250,0,0
stim,163344,193465,0,193465,3390749.455,-0.587,0.257,-0.217,0.737,0,0,263,0,1765,0,267,938,46,0.856,1,2214,0,416.330,10.973,-47.438,-413.063,21.438,0.027,0.031,1.582,3.289,-10.469,3.523,1.230,1.302,1.182,1.095,3,NULL,NULL,,3,0,2,7,255,1337,250,0,0
stim,163344,193465,0,193465,3390754.453,-0.581,0.268,-0.229,0.733,0,0,147,0,1470,0,112,787,46,0.856,1,2214,0,422.596,9.670,-35.500,-418.875,43.250,0.031,0.016,1.375,1.012,-9.617,2.336,1.268,1.344,1.182,1.095,3,NULL,NULL,,3,0,2,7,255,1337,250,0,0
stim,163344,193465,0,193465,3390759.455,-0.574,0.281,-0.241,0.730,0,0,121,0,1139,0,0,627,46,0.856,1,2214,0,434.047,9.538,-7.438,-428.188,70.688,-0.148,-0.172,1.313,1.012,-9.484,0.492,1.316,1.394,1.182,1.095,3,NULL,NULL,,3,0,2,7,255,1337,250,0,0
stim,163344,193465,0,193465,3390764.454,-0.566,0.294,-0.253,0.728,0,0,84,0,759,0,0,479,46,0.856,1,2214,0,442.622,9.754,10.188,-431.938,96.125,-0.227,-0.055,1.305,2.277,-9.484,-1.387,1.372,1.450,1.182,1.095,3,NULL,NULL,,3,0,2,7,255,1337,250,0,0
stim,163344,193465,0,193465,3390769.455,-0.556,0.307,-0.264,0.726,0,0,67,0,333,0,0,378,46,0.856,1,2214,0,463.909,10.913,46.375,-446.625,116.563,-0.449,-0.066,1.422,3.082,-10.469,-2.418,1.430,1.508,1.182,1.095,3,NULL,NULL,,3,0,2,7,255,1337,250,0,0
stim,163344,193465,0,193465,3390774.454,-0.544,0.321,-0.275,0.724,0,0,31,0,7,0,0,285,46,0.856,1,2214,0,496.851,13.233,60.250,-467.000,158.563,-0.637,0.047,1.445,2.648,-12.965,-3.691,1.484,1.560,1.182,1.095,3,NULL,NULL,,3,0,2,7,255,1337,250,0,0
stim,163344,193465,0,193465,3390779.455,-0.532,0.335,-0.288,0.722,0,0,0,0,0,0,0,150,46,0.856,1,2214,0,504.836,14.717,35.125,-474.875,167.688,-0.668,0.320,1.293,2.648,-14.477,-5.531,1.524,1.600,1.182,1.095,4,NULL,NULL,,3,0,2,7,255,1337,250,0,0
stim,163344,193465,0,193465,3390784.454,-0.522,0.347,-0.300,0.719,0,0,0,0,0,0,0,91,46,0.856,1,2214,0,475.915,14.477,-3.125,-458.438,127.750,-0.363,0.711,0.996,0.090,-14.477,-7.520,1.558,1.632,1.182,1.095,0,NULL,NULL,,3,0,2,7,255,1337,250,0,0
stim,163344,193465,0,193465,3390789.455,-0.513,0.358,-0.313,0.715,0,0,0,0,0,0,0,54,46,0.856,1,2214,0,446.438,12.416,-29.938,-431.188,111.750,0.016,0.926,0.816,-4.523,-11.563,-7.520,1.590,1.664,1.182,1.095,0,NULL,NULL,,3,0,2,7,255,1337,250,0,0
stim,163345,193466,0,193466,3390794.453,-0.504,0.367,-0.326,0.711,0,0,0,0,0,0,0,73,46,0.856,1,2214,0,425.498,12.027,-60.313,-398.875,135.313,0.070,0.984,0.867,-7.559,-9.355,-6.211,1.618,1.692,1.182,1.095,0,NULL,NULL,,3,0,2,7,255,1337,250,0,0
stim,163345,193466,0,193466,3390799.455,-0.495,0.373,-0.340,0.707,0,0,0,0,0,0,0,127,46,0.856,1,2214,0,403.058,12.027,-107.000,-357.688,151.875,-0.059,0.816,0.836,-7.559,-9.355,-6.211,1.646,1.716,1.182,1.095,0,NULL,NULL,,3,0,2,7,255,1337,250,0,0
stim,163382,193503,0,193503,3390804.454,-0.488,0.379,-0.351,0.704,0,0,5,0,0,0,0,166,46,0.856,1,2214,0,334.423,11.315,-85.938,-301.125,117.375,-0.074,0.488,0.949,-6.324,-9.383,-6.781,1.670,1.736,1.182,1.095,0,NULL,NULL,,3,0,2,7,255,1337,250,0,0
stim,163382,193503,0,193503,3390809.455,-0.483,0.383,-0.359,0.701,0,0,4,0,0,0,0,199,46,0.856,1,2214,0,254.777,10.135,-47.750,-235.250,85.375,-0.066,0.035,1.285,-3.004,-9.680,-6.781,1.692,1.758,1.182,1.095,0,NULL,NULL,,3,0,2,7,255,1337,250,0,0
stim,163382,193503,0,193503,3390814.454,-0.478,0.386,-0.366,0.699,0,0,0,0,0,0,0,249,46,0.856,1,2214,0,205.877,11.657,-70.875,-170.063,91.875,-0.094,-0.055,1.594,1.785,-11.520,-4.840,1.716,1.780,1.182,1.095,0,NULL,NULL,,3,0,2,7,255,1337,250,0,0
stim,163382,193503,0,193503,3390819.455,-0.477,0.384,-0.374,0.697,0,0,1,0,0,0,0,261,46,0.856,1,2214,0,200.048,12.848,-152.125,-93.688,90.000,-0.148,-0.074,1.375,2.984,-12.496,-4.840,1.744,1.802,1.182,1.095,0,NULL,NULL,,3,0,2,7,255,1337,250,0,0
stim,163382,193503,0,193503,3390824.454,-0.477,0.378,-0.382,0.695,0,0,0,0,0,0,0,249,46,0.856,1,2214,0,232.031,12.848,-212.125,-16.188,92.625,-0.246,0.059,0.680,2.984,-12.496,-5.309,1.776,1.830,1.182,1.095,0,NULL,NULL,,3,0,2,7,255,1337,250,0,0
stim,163382,193503,0,193503,3390829.455,-0.479,0.370,-0.389,0.695,0,0,0,0,0,0,0,240,46,0.856,1,2214,0,237.395,7.142,-210.688,56.375,93.750,-0.289,0.395,0.008,0.859,-7.090,-9.277,1.810,1.862,1.182,1.095,0,NULL,NULL,,3,0,2,7,255,1337,250,0,0
stim,163422,193543,0,193543,3390834.453,-0.481,0.362,-0.392,0.696,0,0,0,0,0,0,0,201,46,0.856,1,2214,0,202.517,3.636,-142.563,115.063,86.313,-0.371,0.438,-0.328,-3.023,-2.020,-13.066,1.848,1.896,1.182,1.095,0,NULL,NULL,,3,0,2,7,255,1337,250,0,0
stim,163422,193543,0,193543,3390839.455,-0.482,0.355,-0.392,0.699,0,0,0,0,0,0,0,127,46,0.856,1,2214,0,182.335,3.301,-57.375,155.125,76.750,-0.441,0.176,-0.090,-3.023,-1.324,-14.379,1.886,1.930,1.182,1.095,0,NULL,NULL,,3,0,2,7,255,1337,250,0,0
stim,163422,193543,0,193543,3390844.454,-0.484,0.348,-0.389,0.702,0,0,0,0,0,0,0,115,46,0.856,1,2214,0,197.072,1.453,-24.500,183.500,67.563,-0.461,-0.043,0.301,-0.598,-1.324,-14.379,1.926,1.966,1.182,1.095,0,NULL,NULL,,3,0,2,7,255,1337,250,0,0
stim,163422,193543,0,193543,3390849.455,-0.485,0.340,-0.387,0.706,0,0,0,0,0,0,0,105,46,0.856,1,2214,0,218.348,4.822,-37.750,200.563,77.625,-0.453,-0.133,0.402,1.859,-4.449,-12.328,1.964,1.998,1.182,1.095,0,NULL,NULL,,3,0,2,7,255,1337,250,0,0
stim,163422,193544,0,193544,3390854.453,-0.487,0.331,-0.386,0.710,0,0,0,0,0,0,0,102,46,0.856,1,2214,0,231.792,4.904,-48.938,209.250,86.875,-0.496,-0.055,0.250,2.063,-4.449,-12.328,2.002,2.032,1.182,1.095,0,NULL,NULL,,3,0,2,7,255,1337,250,0,0
stim,163422,193544,0,193544,3390859.455,-0.489,0.322,-0.383,0.715,0,0,0,0,0,0,0,107,46,0.856,1,2214,0,231.034,4.682,-33.500,211.313,87.188,-0.461,-0.051,0.063,2.063,-4.203,-12.621,2.038,2.062,1.182,1.095,0,NULL,NULL,,3,0,2,7,255,1337,250,0,0
stim,163422,193544,0,193544,3390864.453,-0.490,0.314,-0.380,0.719,0,0,0,0,0,0,0,111,46,0.856,1,2214,0,230.410,3.210,-3.063,209.750,95.313,-0.492,-0.051,0.008,1.969,-2.535,-13.145,2.072,2.092,1.182,1.095,0,NULL,NULL,,3,0,2,7,255,1337,250,0,0
stim,163422,193544,0,193544,3390869.455,-0.490,0.306,-0.376,0.724,0,0,0,0,0,0,0,119,46,0.856,1,2214,0,229.569,3.123,20.438,208.188,94.563,-0.559,0.035,0.066,1.824,-2.535,-13.629,2.106,2.120,1.182,1.095,0,NULL,NULL,,3,0,2,7,255,1337,250,0,0
stim,163422,193544,0,193544,3390874.454,-0.491,0.299,-0.371,0.729,0,0,0,0,0,0,0,121,46,0.856,1,2214,0,225.936,3.590,34.500,208.125,80.875,-0.559,0.059,0.141,1.430,-3.293,-13.629,2.138,2.148,1.182,1.095,0,NULL,NULL,,3,0,2,7,255,1337,250,0,0
stim,163422,193544,0,193544,3390879.455,-0.491,0.292,-0.366,0.734,0,0,0,0,0,0,0,121,46,0.856,1,2214,0,224.701,4.152,44.313,206.625,76.375,-0.496,0.000,0.168,1.430,-3.898,-13.613,2.170,2.174,1.182,1.095,0,NULL,NULL,,3,0,2,7,255,1337,250,0,0
stim,163453,193574,0,193574,3390884.454,-0.491,0.285,-0.361,0.739,0,0,0,0,0,0,0,122,46,0.856,1,2214,0,228.340,4.376,56.375,205.938,80.938,-0.523,-0.012,0.238,1.656,-4.051,-12.746,2.200,2.200,1.182,1.095,0,NULL,NULL,,3,0,2,7,255,1337,250,0,0
stim,163453,193574,0,193574,3390889.455,-0.492,0.279,-0.355,0.744,0,0,0,0,0,0,0,120,46,0.856,1,2214,0,229.413,5.018,67.188,206.563,73.813,-0.609,-0.020,0.371,1.918,-4.637,-12.453,2.230,2.224,1.182,1.095,0,NULL,NULL,,3,0,2,7,255,1337,250,0,0
stim,163453,193574,0,193574,3390894.453,-0.492,0.273,-0.349,0.749,0,0,0,0,0,0,0,123,46,0.856,1,2214,0,226.716,6.606,73.063,206.688,57.813,-0.684,-0.066,0.547,2.387,-6.160,-12.215,2.260,2.250,1.182,1.095,0,NULL,NULL,,3,0,2,7,255,1337,250,0,0
stim,163453,193574,0,193574,3390899.455,-0.493,0.267,-0.343,0.753,0,0,0,0,0,0,0,141,46,0.856,1,2214,0,223.095,8.446,70.438,207.438,42.188,-0.703,-0.078,0.734,3.152,-7.836,-11.465,2.292,2.276,1.182,1.095,0,NULL,NULL,,3,0,2,7,255,1337,250,0,0
stim,163474,193595,0,193595,3390904.453,-0.495,0.261,-0.336,0.757,0,0,0,0,0,0,0,147,46,0.856,1,2214,0,219.625,9.920,54.938,211.313,23.750,-0.680,-0.016,0.863,3.152,-9.406,-10.309,2.322,2.300,1.182,1.095,0,NULL,NULL,,3,0,2,7,255,1337,250,0,0
stim,163474,193595,0,193595,3390909.455,-0.498,0.255,-0.331,0.760,0,0,0,0,0,0,0,148,46,0.856,1,2214,0,221.481,10.715,35.313,218.563,6.125,-0.617,0.027,0.887,2.824,-10.336,-9.316,2.352,2.326,1.182,1.095,0,NULL,NULL,,3,0,2,7,255,1337,250,0,0
stim,163474,193595,0,193595,3390914.454,-0.502,0.248,-0.325,0.763,0,0,0,0,0,0,0,151,46,0.856,1,2214,0,229.519,10.561,21.500,228.438,-5.750,-0.570,0.016,0.867,2.168,-10.336,-8.617,2.384,2.354,1.182,1.095,0,NULL,NULL,,3,0,2,7,255,1337,250,0,0
stim,163474,193595,0,193595,3390919.455,-0.506,0.240,-0.319,0.765,0,0,0,0,0,0,0,155,46,0.856,1,2214,0,242.318,10.110,13.500,241.313,-17.438,-0.563,-0.004,0.848,2.148,-9.879,-8.172,2.418,2.384,1.182,1.095,0,NULL,NULL,,3,0,2,7,255,1337,250,0,0
stim,163474,193595,0,193595,3390924.454,-0.511,0.233,-0.312,0.767,0,0,0,0,0,0,0,168,46,0.856,1,2214,0,258.993,9.815,9.063,256.625,-33.750,-0.539,-0.008,0.832,2.074,-9.594,-8.008,2.452,2.412,1.182,1.095,0,NULL,NULL,,3,0,2,7,255,1337,250,0,0
stim,163474,193595,0,193595,3390929.455,-0.516,0.224,-0.305,0.768,0,0,0,0,0,0,0,170,46,0.856,1,2214,0,277.416,9.542,6.000,272.875,-49.625,-0.465,0.008,0.816,1.992,-9.332,-7.734,2.488,2.442,1.182,1.095,0,NULL,NULL,,3,0,2,7,255,1337,250,0,0
stim,163527,193648,0,193648,3390934.453,-0.522,0.216,-0.298,0.769,0,0,0,0,0,0,0,175,46,0.856,1,2214,0,294.187,8.870,5.375,288.313,-58.250,-0.379,0.012,0.785,1.523,-8.738,-7.184,2.522,2.474,1.182,1.095,0,NULL,NULL,,3,0,2,7,255,1337,250,0,0
stim,163527,193648,0,193648,3390939.455,-0.528,0.207,-0.290,0.771,0,0,0,0,0,0,0,177,46,0.856,1,2214,0,308.610,7.998,8.563,302.438,-60.813,-0.313,0.004,0.738,1.070,-7.926,-6.660,2.558,2.502,1.182,1.095,0,NULL,NULL,,3,0,2,7,255,1337,250,0,0
stim,163527,193648,0,193648,3390944.454,-0.534,0.198,-0.282,0.772,0,0,0,0,0,0,0,184,46,0.856,1,2214,0,321.274,7.122,17.438,314.875,-61.375,-0.273,-0.012,0.680,0.855,-7.070,-6.414,2.590,2.530,1.182,1.095,0,NULL,NULL,,3,0,2,7,255,1337,250,0,0
stim,163527,193648,0,193648,3390949.455,-0.540,0.188,-0.273,0.773,0,0,0,0,0,0,0,183,46,0.856,1,2214,0,332.163,6.350,32.000,325.000,-60.688,-0.234,-0.016,0.637,0.785,-6.301,-6.395,2.622,2.556,1.182,1.095,0,NULL,NULL,,3,0,2,7,255,1337,250,0,0
stim,163527,193648,0,193648,3390954.454,-0.546,0.179,-0.263,0.775,0,0,0,0,0,0,0,188,46,0.856,1,2214,0,340.432,5.672,50.313,331.813,-57.125,-0.160,-0.023,0.602,0.633,-5.637,-6.293,2.654,2.584,1.182,1.095,0,NULL,NULL,,3,0,2,7,255,1337,250,0,0
stim,163527,193648,0,193648,3390959.455,-0.551,0.170,-0.252,0.777,0,0,0,0,0,0,0,190,46,0.856,1,2214,0,346.386,4.793,72.438,335.063,-49.688,-0.035,-0.070,0.531,0.434,-4.773,-5.984,2.684,2.606,1.182,1.095,0,NULL,NULL,,3,0,2,7,255,1337,250,0,0
stim,163527,193648,0,193648,3390964.453,-0.556,0.162,-0.240,0.779,0,0,0,0,0,0,0,190,46,0.856,1,2214,0,352.691,3.221,103.500,335.438,-34.063,0.012,-0.117,0.504,0.434,-3.191,-5.645,2.710,2.628,1.182,1.095,0,NULL,NULL,,3,0,2,7,255,1337,250,0,0
stim,163527,193648,0,193648,3390969.455,-0.559,0.154,-0.227,0.782,0,0,0,0,0,0,0,199,46,0.856,1,2214,0,359.492,3.221,134.813,332.563,-21.500,-0.008,-0.035,0.637,0.434,-3.191,-5.426,2.738,2.650,1.182,1.095,0,NULL,NULL,,3,0,2,7,255,1337,250,0,0
stim,163527,193648,0,193648,3390974.454,-0.562,0.147,-0.214,0.785,0,0,0,0,0,0,0,202,46,0.856,1,2214,0,362.681,3.363,150.938,329.625,-10.125,0.047,-0.004,0.805,0.004,-3.363,-4.492,2.764,2.670,1.182,1.095,0,NULL,NULL,,3,0,2,7,255,1337,250,0,0
stim,163527,193648,0,193648,3390979.455,-0.564,0.140,-0.200,0.789,0,0,0,0,0,0,0,200,46,0.856,1,2214,0,363.348,3.715,160.438,325.875,9.313,0.031,0.039,0.867,-0.512,-3.680,-2.809,2.788,2.690,1.182,1.095,0,NULL,NULL,,3,0,2,7,255,1337,250,0,0
stim,163548,193669,0,193669,3390984.454,-0.565,0.133,-0.186,0.793,0,0,0,0,0,0,0,203,46,0.856,1,2214,0,368.188,4.087,175.563,322.875,22.188,-0.027,0.070,0.941,-0.855,-3.996,-2.320,2.814,2.708,1.182,1.095,0,NULL,NULL,,3,0,2,7,255,1337,250,0,0
stim,163548,193669,0,193669,3390989.455,-0.566,0.126,-0.172,0.796,0,0,0,0,0,0,0,205,46,0.856,1,2214,0,373.798,4.730,189.813,320.875,27.125,-0.078,0.078,1.090,-0.855,-4.652,-1.836,2.838,2.728,1.182,1.095,0,NULL,NULL,,3,0,2,7,255,1337,250,0,0
stim,163548,193669,0,193669,3390994.453,-0.567,0.120,-0.157,0.800,0,0,0,0,0,0,0,207,46,0.856,1,2214,0,375.420,5.533,194.750,319.438,31.188,-0.133,0.070,1.305,-0.816,-5.473,-0.555,2.862,2.746,1.182,1.095,0,NULL,NULL,,3,0,2,7,255,1337,250,0,0
stim,163548,193669,0,193669,3390999.455,-0.567,0.113,-0.143,0.803,0,0,0,0,0,0,0,205,46,0.856,1,2214,0,371.259,6.481,188.125,318.438,32.250,-0.176,0.117,1.523,-0.754,-6.438,1.359,2.886,2.764,1.182,1.095,0,NULL,NULL,,3,0,2,7,255,1337,250,0,0
stim,163575,193696,0,193696,3391004.453,-0.567,0.106,-0.129,0.806,0,0,0,0,0,0,0,205,46,0.856,1,2214,0,360.845,7.408,167.313,318.188,31.188,-0.172,0.109,1.684,-0.613,-7.383,3.355,2.908,2.780,1.182,1.095,0,NULL,NULL,,3,0,2,7,255,1337,250,0,0
stim,163575,193696,0,193696,3391009.455,-0.568,0.098,-0.116,0.809,0,0,0,0,0,0,0,213,46,0.856,1,2214,0,349.956,7.408,141.625,318.313,33.000,-0.180,0.105,1.754,-0.613,-7.383,5.078,2.930,2.796,1.182,1.095,0,NULL,NULL,,3,0,2,7,255,1337,250,0,0
stim,163575,193696,0,193696,3391014.454,-0.568,0.089,-0.104,0.812,0,0,0,0,0,0,0,225,46,0.856,1,2214,0,340.721,7.301,118.125,318.125,30.563,-0.219,0.113,1.773,-0.535,-7.281,5.914,2.948,2.808,1.182,1.095,0,NULL,NULL,,3,0,2,7,255,1337,250,0,0
stim,163575,193696,0,193696,3391019.455,-0.568,0.080,-0.093,0.813,0,0,0,0,0,0,0,239,46,0.856,1,2214,0,331.801,7.233,94.188,317.188,24.750,-0.207,0.070,1.750,-0.461,-7.219,6.223,2.964,2.820,1.182,1.095,0,NULL,NULL,,3,0,2,7,255,1337,250,0,0
stim,163627,193748,0,193748,3391024.454,-0.569,0.071,-0.083,0.815,0,0,0,0,0,0,0,261,46,0.856,1,2214,0,326.505,6.460,74.750,317.000,23.000,-0.141,0.051,1.629,-0.199,-6.457,6.223,2.978,2.830,1.182,1.095,0,NULL,NULL,,3,0,2,7,255,1337,250,0,0
stim,163627,193748,0,193748,3391029.455,-0.569,0.061,-0.072,0.817,0,0,0,0,0,0,0,282,46,0.856,1,2214,0,322.716,5.087,66.313,314.625,27.563,-0.137,-0.012,1.508,-0.109,-5.086,5.406,2.988,2.834,1.182,1.095,0,NULL,NULL,,3,0,2,7,255,1337,250,0,0
stim,163627,193748,0,193748,3391034.453,-0.570,0.052,-0.062,0.818,0,0,0,0,0,0,0,287,46,0.856,1,2214,0,320.514,4.172,61.250,314.063,18.500,-0.191,-0.148,1.434,0.313,-4.160,4.441,2.994,2.836,1.182,1.095,0,NULL,NULL,,3,0,2,7,255,1337,250,0,0
stim,163627,193748,0,193748,3391039.455,-0.570,0.042,-0.053,0.819,0,0,0,0,0,0,0,296,46,0.856,1,2214,0,317.696,4.087,59.000,311.000,27.000,-0.051,-0.215,1.363,1.703,-3.715,3.844,2.998,2.834,1.182,1.095,0,NULL,NULL,,3,0,2,7,255,1337,250,0,0
stim,163627,193748,0,193748,3391044.453,-0.569,0.032,-0.042,0.821,0,0,0,0,0,0,0,297,46,0.856,1,2214,0,316.913,2.866,69.188,306.438,41.750,-0.109,-0.066,1.277,1.703,-2.305,3.492,2.998,2.828,1.182,1.095,0,NULL,NULL,,3,0,2,7,255,1337,250,0,0
stim,163627,193748,0,193748,3391049.455,-0.568,0.023,-0.031,0.822,0,0,0,0,0,0,0,293,46,0.856,1,2214,0,316.957,2.374,87.438,301.688,42.438,-0.191,-0.027,1.320,0.570,-2.305,2.945,2.990,2.816,1.182,1.095,0,NULL,NULL,,3,0,2,7,255,1337,250,0,0
stim,163627,193748,0,193748,3391054.454,-0.567,0.015,-0.020,0.823,0,0,0,0,0,0,0,293,46,0.856,1,2214,0,315.324,2.374,99.063,296.750,39.438,-0.184,-0.105,1.395,0.570,-2.305,2.945,2.976,2.798,1.182,1.095,0,NULL,NULL,,3,0,2,7,255,1337,250,0,0
stim,163627,193748,0,193748,3391059.457,-0.566,0.007,-0.009,0.824,0,0,0,0,0,0,0,293,46,0.856,1,2214,0,313.771,2.460,106.000,291.875,45.000,-0.168,-0.133,1.438,1.117,-2.191,3.789,2.956,2.774,1.182,1.095,0,NULL,NULL,,3,0,2,7,255,1337,250,0,0
stim,163627,193748,0,193748,3391064.454,-0.565,-0.001,0.002,0.825,0,0,0,0,0,0,0,277,46,0.856,1,2214,0,313.267,2.230,115.500,286.438,52.438,-0.219,-0.059,1.477,1.117,-1.930,4.270,2.932,2.746,1.182,1.095,0,NULL,NULL,,3,0,2,7,255,1337,250,0,0
stim,163627,193748,0,193748,3391069.455,-0.563,-0.008,0.014,0.826,0,0,0,0,0,0,0,271,46,0.856,1,2214,0,313.000,2.088,127.875,280.938,51.875,-0.266,-0.016,1.563,0.797,-1.930,4.699,2.902,2.712,1.182,1.095,0,NULL,NULL,,3,0,2,7,255,1337,250,0,0
stim,163627,193748,0,193748,3391074.454,-0.562,-0.015,0.026,0.827,0,0,0,0,0,0,0,271,46,0.856,1,2214,0,312.891,2.061,138.688,276.250,48.500,-0.254,-0.035,1.660,0.723,-1.930,5.570,2.864,2.670,1.182,1.095,0,NULL,NULL,,3,0,2,7,255,1337,250,0,0
stim,163627,193748,0,193748,3391079.455,-0.560,-0.021,0.038,0.827,0,0,0,0,0,0,0,265,46,0.856,1,2214,0,313.377,1.612,145.938,273.125,48.063,-0.207,-0.055,1.746,0.723,-1.441,6.586,2.822,2.624,1.182,1.095,0,NULL,NULL,,3,0,2,7,255,1337,250,0,0
stim,163660,193781,0,193781,3391084.453,-0.558,-0.027,0.050,0.828,0,0,0,0,0,0,0,263,46,0.856,1,2214,0,315.699,0.839,153.375,271.313,50.313,-0.168,-0.035,1.836,0.723,-0.426,7.422,2.776,2.574,1.182,1.095,0,NULL,NULL,,3,0,2,7,255,1337,250,0,0
stim,163660,193781,0,193781,3391089.455,-0.556,-0.033,0.062,0.828,0,0,0,0,0,0,0,263,46,0.856,1,2214,0,318.330,0.630,159.188,270.875,51.188,-0.129,-0.008,1.930,0.488,0.398,8.258,2.730,2.520,1.182,1.095,0,NULL,NULL,,3,0,2,7,255,1337,250,0,0
stim,163660,193781,0,193781,3391094.454,-0.554,-0.039,0.075,0.828,0,0,0,0,0,0,0,263,46,0.856,1,2214,0,320.500,1.265,163.063,271.188,50.875,-0.055,0.008,2.012,0.164,1.254,9.117,2.678,2.464,1.182,1.095,0,NULL,NULL,,3,0,2,7,255,1337,250,0,0
stim,163660,193781,0,193781,3391099.455,-0.552,-0.045,0.087,0.828,0,0,0,0,0,0,0,264,46,0.856,1,2214,0,323.096,2.529,165.063,272.875,51.813,0.047,0.008,2.066,-0.160,2.523,9.758,2.624,2.404,1.182,1.095,0,NULL,NULL,,3,0,2,7,255,1337,250,0,0
stim,163660,193781,0,193781,3391104.453,-0.549,-0.050,0.100,0.828,0,0,0,0,0,0,0,267,46,0.856,1,2214,0,327.327,4.052,169.063,274.750,55.438,0.148,0.004,2.129,-0.477,4.023,10.043,2.568,2.342,1.182,1.095,0,NULL,NULL,,3,0,2,7,255,1337,250,0,0
stim,163660,193781,0,193781,3391109.455,-0.547,-0.056,0.113,0.828,0,0,2,0,0,0,0,265,46,0.856,1,2214,0,331.873,5.654,174.063,276.375,58.813,0.262,0.000,2.215,-0.738,5.605,10.301,2.510,2.278,1.182,1.095,0,NULL,NULL,,3,0,2,7,255,1337,250,0,0
stim,163692,193814,0,193814,3391114.453,-0.544,-0.062,0.126,0.827,0,0,0,0,0,0,0,265,46,0.856,1,2214,0,334.375,7.441,173.813,279.438,59.250,0.395,0.008,2.293,-1.047,7.367,10.723,2.448,2.210,1.182,1.095,0,NULL,NULL,,3,0,2,7,255,1337,250,0,0
stim,163692,193814,0,193814,3391119.455,-0.540,-0.067,0.139,0.827,0,0,1,0,0,0,0,249,46,0.856,1,2214,0,337.360,9.397,176.188,279.500,68.188,0.492,-0.035,2.371,-1.496,9.277,10.930,2.382,2.138,1.182,1.095,0,NULL,NULL,,3,0,2,7,255,1337,250,0,0
stim,163693,193814,0,193814,3391124.454,-0.537,-0.073,0.152,0.827,0,0,4,0,0,0,0,235,46,0.856,1,2214,0,339.067,11.179,175.625,279.938,75.875,0.551,-0.059,2.473,-1.496,11.078,11.117,2.314,2.062,1.182,1.095,0,NULL,NULL,,3,0,2,7,255,1337,250,0,0
stim,163693,193814,0,193814,3391129.455,-0.533,-0.079,0.165,0.826,0,0,7,0,0,0,0,235,46,0.856,1,2214,0,334.167,12.642,165.938,279.563,77.313,0.566,-0.102,2.547,-1.453,12.559,11.563,2.240,1.982,1.182,1.095,0,NULL,NULL,,3,0,2,7,255,1337,250,0,0
stim,163721,193842,0,193842,3391134.454,-0.529,-0.085,0.177,0.826,0,0,9,0,0,0,0,237,46,0.856,1,2214,0,324.177,13.727,149.875,277.188,76.125,0.594,-0.113,2.555,-1.090,13.684,11.563,2.158,1.896,1.182,1.095,0,NULL,NULL,,3,0,2,7,255,1337,250,0,0
stim,163721,193842,0,193842,3391139.455,-0.525,-0.091,0.189,0.825,0,0,6,0,0,0,0,245,46,0.856,1,2214,0,311.706,14.630,133.188,272.250,72.813,0.629,-0.113,2.508,-1.090,14.590,11.344,2.062,1.798,1.182,1.095,0,NULL,NULL,,3,0,2,7,255,1337,250,0,0
stim,163721,193842,0,193842,3391144.453,-0.521,-0.097,0.199,0.824,0,0,6,0,0,0,0,249,46,0.856,1,2214,0,298.344,15.282,121.688,264.063,66.875,0.684,-0.137,2.457,-1.258,15.230,10.410,1.958,1.694,1.182,1.095,0,NULL,NULL,,3,0,2,7,255,1337,250,0,0
stim,163721,193842,0,193842,3391149.455,-0.518,-0.104,0.209,0.823,0,0,10,0,0,0,0,260,46,0.856,1,2214,0,282.787,16.104,111.375,253.563,57.188,0.766,-0.238,2.406,-1.258,16.055,9.320,1.852,1.586,1.182,1.095,0,NULL,NULL,,3,0,2,7,255,1337,250,0,0
stim,163721,193842,0,193842,3391154.453,-0.514,-0.110,0.219,0.822,0,0,8,0,0,0,0,252,46,0.856,1,2214,0,264.919,17.352,99.250,241.000,47.438,0.871,-0.375,2.328,-0.918,17.328,7.973,1.742,1.474,1.182,1.095,0,NULL,NULL,,3,0,2,7,255,1337,250,0,0
stim,163721,193842,0,193842,3391159.455,-0.511,-0.116,0.227,0.821,0,0,6,0,0,0,0,266,46,0.856,1,2214,0,246.714,18.713,87.563,227.438,38.375,0.988,-0.461,2.184,-0.254,18.711,6.188,1.628,1.360,1.182,1.095,0,NULL,NULL,,3,0,2,7,255,1337,250,0,0
stim,163721,193842,0,193842,3391164.454,-0.509,-0.121,0.235,0.819,0,0,8,0,0,0,0,275,46,0.856,1,2214,0,230.684,19.591,83.313,213.125,29.188,1.113,-0.500,2.008,-0.254,19.590,3.852,1.512,1.242,1.182,1.095,0,NULL,NULL,,3,0,2,7,255,1337,250,0,0
stim,163721,193842,0,193842,3391169.455,-0.507,-0.126,0.242,0.818,0,0,6,0,0,0,0,296,46,0.856,1,2214,0,217.690,20.102,87.375,198.250,21.250,1.297,-0.484,1.816,-0.438,20.098,1.328,1.392,1.120,1.182,1.095,0,NULL,NULL,,3,0,2,7,255,1337,250,0,0
stim,163721,193842,0,193842,3391174.454,-0.505,-0.130,0.250,0.816,0,0,7,0,0,0,0,315,46,0.856,1,2214,0,209.462,20.692,100.625,182.813,18.125,1.391,-0.512,1.766,-1.453,20.641,-1.441,1.272,0.994,1.182,1.095,0,NULL,NULL,,3,0,2,7,255,1337,250,0,0
stim,163721,193842,0,193842,3391179.455,-0.504,-0.134,0.257,0.814,0,0,7,0,0,0,0,331,46,0.856,1,2214,0,191.706,21.389,92.000,168.188,-0.438,1.582,-0.723,1.734,-1.453,21.340,-2.711,1.150,0.864,1.182,1.095,0,NULL,NULL,,3,0,2,7,255,1337,250,0,0
stim,163763,193884,0,193884,3391184.453,-0.503,-0.138,0.263,0.812,0,0,5,0,0,0,0,351,46,0.856,1,2214,0,177.853,23.557,89.313,153.688,-5.938,1.883,-0.664,1.504,-1.645,23.500,-4.762,1.030,0.730,1.182,1.095,0,NULL,NULL,,3,0,2,7,255,1337,250,0,0
stim,163763,193884,0,193884,3391189.455,-0.502,-0.141,0.270,0.809,0,0,0,0,0,0,0,377,46,0.856,1,2214,0,172.963,24.415,100.625,140.563,-5.750,2.176,-0.598,1.316,-2.512,24.285,-8.301,0.914,0.594,1.182,1.095,0,NULL,NULL,,3,0,2,7,255,1337,250,0,0
stim,163763,193884,0,193884,3391194.454,-0.502,-0.143,0.277,0.807,0,0,0,0,0,0,0,407,46,0.856,1,2214,0,174.402,25.525,117.500,128.875,-0.938,2.434,-0.715,1.168,-4.391,25.145,-11.461,0.804,0.458,1.182,1.095,0,NULL,NULL,,3,0,2,7,255,1337,250,0,0
stim,163763,193884,0,193884,3391199.455,-0.501,-0.144,0.284,0.805,0,0,0,0,0,0,0,409,46,0.856,1,2214,0,175.138,26.900,131.688,115.250,7.000,2.625,-0.965,1.047,-4.391,26.539,-14.602,0.698,0.324,1.182,1.095,0,NULL,NULL,,3,0,2,7,255,1337,250,0,0
stim,163763,193884,0,193884,3391204.454,-0.500,-0.144,0.292,0.803,0,0,0,0,0,0,0,424,46,0.856,1,2214,0,179.294,28.185,148.750,97.938,20.688,2.773,-1.215,0.906,-3.156,28.008,-17.559,0.612,0.214,1.182,1.095,0,NULL,NULL,,3,0,2,7,255,1337,250,0,0
stim,163763,193884,0,193884,3391209.455,-0.499,-0.142,0.300,0.801,0,0,2,0,0,0,0,429,46,0.856,1,2214,0,199.862,29.026,180.313,76.500,39.750,2.781,-1.324,0.863,-1.695,28.977,-20.527,0.558,0.154,1.182,1.095,0,NULL,NULL,,3,0,2,7,255,1337,250,0,0
stim,163781,193902,0,193902,3391214.453,-0.498,-0.139,0.309,0.798,0,0,3,0,0,0,0,438,46,0.856,1,2214,0,225.745,29.016,214.688,51.813,46.750,2.699,-1.324,1.121,-0.836,29.004,-20.527,0.526,0.136,1.182,1.095,0,NULL,NULL,,3,0,2,7,255,1337,250,0,0
stim,163781,193902,0,193902,3391219.455,-0.497,-0.134,0.318,0.796,0,0,3,0,0,0,0,445,46,0.856,1,2214,0,255.339,29.877,248.125,26.375,54.188,2.531,-1.477,1.410,-0.301,29.875,-19.539,0.514,0.152,1.182,1.095,0,NULL,NULL,,3,0,2,7,255,1337,250,0,0
stim,163781,193902,0,193902,3391224.454,-0.497,-0.128,0.327,0.794,0,0,5,0,0,0,0,445,46,0.856,1,2214,0,244.526,30.868,238.250,-9.688,54.188,2.176,-0.910,2.309,-0.258,30.867,-17.352,0.514,0.188,1.182,1.095,0,NULL,NULL,,3,0,2,7,255,1337,250,0,0
stim,163781,193902,0,193902,3391229.455,-0.497,-0.122,0.332,0.793,0,0,6,0,0,0,0,442,46,0.856,1,2214,0,186.922,32.177,177.688,-34.875,46.375,2.156,-0.664,2.699,-0.258,32.176,-7.008,0.506,0.226,1.182,1.095,0,NULL,NULL,,3,0,2,7,255,1337,250,0,0
stim,163824,193945,0,193945,3391234.454,-0.496,-0.117,0.335,0.792,0,0,6,0,0,0,0,439,46,0.856,1,2214,0,139.439,32.306,113.063,-60.063,55.250,1.914,-0.676,2.727,-0.258,32.305,-3.223,0.508,0.272,1.182,1.095,0,NULL,NULL,,3,0,2,7,255,1337,250,0,0
stim,163824,193945,0,193945,3391239.455,-0.496,-0.112,0.336,0.793,0,0,6,0,0,0,0,443,46,0.856,1,2214,0,114.327,32.305,64.750,-84.063,42.563,1.504,-0.613,2.707,-0.129,32.305,-1.840,0.518,0.318,1.182,1.095,0,NULL,NULL,,3,0,2,7,255,1337,250,0,0
stim,163824,193945,0,193945,3391244.453,-0.497,-0.108,0.334,0.793,0,0,7,0,0,0,0,501,46,0.856,1,2214,0,101.235,29.078,-2.375,-101.188,2.000,1.234,-0.133,2.797,-0.129,29.078,0.469,0.534,0.356,1.182,1.095,0,NULL,NULL,,3,0,2,7,255,1337,250,0,0
stim,163824,193945,0,193945,3391249.455,-0.498,-0.101,0.333,0.795,87,0,9,379,0,3,0,582,46,0.856,1,2214,0,167.963,26.292,59.688,-148.313,51.500,0.320,-0.457,3.688,1.414,26.254,4.570,0.552,0.370,1.182,1.095,0,NULL,NULL,,3,0,2,7,255,1337,250,0,0
stim,163824,193945,0,193945,3391254.453,-0.485,-0.085,0.333,0.804,761,0,1,1081,0,123,0,573,46,0.856,1,2214,0,517.361,26.064,90.750,-231.750,453.563,-0.730,1.633,5.539,-1.137,26.039,14.672,0.568,0.368,1.182,1.095,0,NULL,NULL,,3,0,2,7,255,1337,250,0,0
stim,163824,193945,0,193945,3391259.455,-0.468,-0.088,0.309,0.823,1290,0,0,1563,0,413,0,619,46,0.856,1,2214,0,811.929,22.657,-662.000,-129.375,451.938,-1.098,3.285,3.184,-1.137,22.629,32.961,0.580,0.362,1.182,1.095,0,NULL,NULL,,3,0,2,7,255,1337,250,0,0
stim,163824,193945,0,193945,3391264.454,-0.459,-0.096,0.280,0.838,1749,0,0,1878,0,543,0,657,46,0.856,1,2214,0,801.863,9.349,-764.250,-140.188,198.125,-2.070,2.500,-0.141,-9.090,-2.188,32.961,0.592,0.358,1.182,1.095,0,NULL,NULL,,3,0,2,7,255,1337,250,0,0
stim,163824,193945,0,193945,3391269.455,-0.454,-0.100,0.261,0.846,2035,0,0,2003,0,693,0,693,45,0.856,1,2215,0,500.716,27.613,-478.000,-103.000,107.813,-2.016,2.000,-1.477,-9.090,-26.074,6.223,0.600,0.358,1.182,1.095,1,1296.000,-41.000,,3,0,2,7,255,1337,250,0,0
stim,163824,193945,0,193945,3391274.454,-0.455,-0.099,0.252,0.848,2211,0,0,2087,0,880,0,745,45,0.856,1,2215,0,200.909,26.905,-161.875,-119.000,0.000,-0.820,1.352,-0.492,-6.633,-26.074,-6.641,0.600,0.356,1.182,1.095,1,NULL,NULL,,3,0,2,7,255,1337,250,0,0
stim,163824,193945,0,193945,3391279.455,-0.454,-0.096,0.248,0.850,2344,0,0,2153,0,995,0,805,45,0.856,1,2215,0,129.272,15.622,-54.500,-111.875,35.000,0.137,0.648,1.367,-5.625,-14.574,-6.641,0.598,0.340,1.182,1.095,1,NULL,NULL,,3,0,2,7,255,1337,250,0,0
stim,163849,193970,0,193970,3391284.453,-0.449,-0.093,0.240,0.856,2464,0,0,2263,0,1141,0,847,45,0.856,1,2215,0,281.393,6.768,-188.688,-124.000,167.938,0.223,1.492,1.520,-6.633,1.348,3.258,0.592,0.316,1.182,1.095,1,NULL,NULL,,3,0,2,7,255,1337,250,0,0
stim,163849,193970,0,193970,3391289.455,-0.442,-0.092,0.228,0.863,2622,0,0,2471,0,1199,0,877,45,0.856,1,2215,0,339.888,8.984,-256.875,-120.125,187.375,-0.758,1.695,0.984,-8.883,1.348,6.184,0.586,0.286,1.182,1.095,1,NULL,NULL,,3,0,2,7,255,1337,250,0,0
stim,163849,193971,0,193971,3391294.453,-0.436,-0.091,0.216,0.869,2743,0,0,2623,0,1204,0,921,45,0.856,1,2215,0,353.921,13.077,-286.063,-145.313,149.375,-1.863,-0.191,0.480,-8.883,-9.598,6.184,0.582,0.252,1.182,1.095,1,NULL,NULL,,3,0,2,7,255,1337,250,0,0
stim,163849,193971,0,193971,3391299.455,-0.433,-0.090,0.200,0.874,2831,0,0,2727,0,1233,0,1001,45,0.856,1,2215,0,387.247,15.732,-336.500,-178.938,68.625,-1.895,-1.500,-0.082,12.465,-9.598,0.250,0.576,0.222,1.182,1.095,2,NULL,NULL,,3,0,2,7,255,1337,250,0,0
stim,163872,193993,0,193993,3391304.454,-0.436,-0.087,0.188,0.876,2907,0,0,2835,0,1257,0,1123,45,0.856,1,2215,0,277.721,15.498,-195.563,-189.438,-54.750,-1.047,-1.055,-0.758,14.461,-5.574,-7.977,0.576,0.196,1.182,1.095,2,NULL,NULL,,3,0,2,7,255,1337,250,0,0
stim,163872,193993,0,193993,3391309.455,-0.440,-0.080,0.185,0.875,2965,0,0,2919,0,1267,0,1223,45,0.856,1,2215,0,202.348,15.190,3.250,-189.688,-70.375,0.000,-0.500,0.313,14.461,-4.648,-8.094,0.576,0.174,1.182,1.095,2,NULL,NULL,,3,0,2,7,255,1337,250,0,0
stim,163872,193993,0,193993,3391314.454,-0.443,-0.072,0.185,0.874,2999,0,0,2973,0,1287,0,1299,45,0.856,1,2215,0,197.796,5.408,92.625,-169.188,-43.813,0.523,-0.258,1.711,3.836,3.813,-8.094,0.582,0.160,1.182,1.095,2,NULL,NULL,,3,0,2,7,255,1337,250,0,0
stim,163872,193993,0,193993,3391319.455,-0.444,-0.066,0.183,0.875,3023,0,0,3019,0,1319,0,1319,45,0.856,1,2215,0,142.817,11.404,19.500,-141.438,-3.438,0.805,-0.402,2.461,-0.910,11.367,3.691,0.588,0.154,1.182,1.095,2,NULL,NULL,,3,0,2,7,255,1337,250,0,0
stim,163925,194046,0,194046,3391324.454,-0.442,-0.063,0.176,0.877,3045,0,0,3061,0,1359,0,1339,45,0.856,1,2215,0,196.368,16.143,-133.000,-125.500,71.563,0.770,-0.570,2.168,-0.910,16.117,6.852,0.588,0.146,1.182,1.095,2,NULL,NULL,,3,0,2,7,255,1337,250,0,0
stim,163925,194046,0,194046,3391329.455,-0.437,-0.062,0.165,0.882,3076,0,0,3107,0,1416,0,1369,45,0.856,1,2215,0,288.000,16.119,-220.500,-112.188,147.438,0.273,-0.621,1.063,0.234,16.117,6.852,0.582,0.134,1.182,1.095,2,NULL,NULL,,3,0,2,7,255,1337,250,0,0
stim,163925,194046,0,194046,3391334.453,-0.430,-0.060,0.157,0.887,3077,0,0,3115,0,1491,0,1397,45,0.856,1,2215,0,277.275,9.436,-183.875,-113.500,173.750,-0.445,-0.672,0.328,3.184,8.883,-1.934,0.572,0.120,1.182,1.095,2,NULL,NULL,,3,0,2,7,255,1337,250,0,0
stim,163925,194046,0,194046,3391339.455,-0.425,-0.056,0.152,0.890,3092,0,0,3136,0,1581,0,1447,45,0.856,1,2215,0,196.013,7.954,-87.188,-118.938,129.125,-0.883,-0.473,0.457,7.789,1.609,-4.465,0.558,0.106,1.182,1.095,2,NULL,NULL,,3,0,2,7,255,1337,250,0,0
stim,163925,194046,0,194046,3391344.454,-0.425,-0.052,0.148,0.892,3094,0,0,3159,37,1681,0,1533,45,0.856,1,2215,0,128.954,8.127,-35.688,-119.563,32.563,-0.906,0.051,1.145,7.789,-2.320,-4.465,0.550,0.098,1.182,1.095,2,NULL,NULL,,3,0,2,7,255,1337,250,0,0
stim,163925,194046,0,194046,3391349.455,-0.426,-0.049,0.145,0.892,3100,0,0,3177,147,1787,0,1612,45,0.856,1,2215,0,120.836,5.743,-39.563,-110.938,-27.000,-0.113,0.527,1.203,5.254,-2.320,2.695,0.544,0.092,1.182,1.095,2,NULL,NULL,,3,0,2,7,255,1337,250,0,0
stim,163925,194046,0,194046,3391354.453,-0.427,-0.046,0.140,0.892,3104,0,0,3187,313,1875,0,1662,45,0.856,1,2215,0,118.840,2.992,-61.375,-100.625,-15.188,0.082,0.328,1.457,-2.910,-0.695,2.961,0.536,0.084,1.182,1.095,2,NULL,NULL,,3,0,2,7,255,1337,250,0,0
stim,163925,194046,0,194046,3391359.455,-0.427,-0.045,0.134,0.893,3119,0,0,3175,455,1935,0,1717,45,0.856,1,2215,0,151.867,3.819,-121.688,-90.750,-4.500,-0.063,-0.113,1.367,-2.910,2.473,3.063,0.526,0.074,1.182,1.095,2,NULL,NULL,,3,0,2,7,255,1337,250,0,0
stim,163925,194046,0,194046,3391364.453,-0.427,-0.044,0.127,0.894,3113,0,0,3179,575,2013,0,1743,45,0.856,1,2215,0,161.397,3.831,-137.438,-84.563,3.000,-0.063,-0.375,0.781,1.285,3.609,3.063,0.518,0.064,1.182,1.095,2,NULL,NULL,,3,0,2,7,255,1337,250,0,0
stim,163925,194046,0,194046,3391369.455,-0.427,-0.042,0.121,0.895,3127,0,0,3181,716,2077,0,1779,45,0.856,1,2215,0,132.719,4.821,-100.625,-86.438,4.188,-0.230,-0.480,0.625,3.195,3.609,-2.871,0.512,0.056,1.182,1.095,2,NULL,NULL,,3,0,2,7,255,1337,250,0,0
stim,163925,194046,0,194046,3391374.454,-0.428,-0.040,0.117,0.895,3121,0,0,3192,873,2155,0,1866,45,0.856,1,2215,0,107.027,4.668,-57.125,-90.125,-8.313,-0.215,-0.344,0.730,3.895,2.574,-2.980,0.506,0.050,1.182,1.095,2,NULL,NULL,,3,0,2,7,255,1337,250,0,0
stim,163925,194046,0,194046,3391379.455,-0.429,-0.037,0.115,0.895,3119,0,0,3194,1005,2215,37,1973,45,0.856,1,2215,0,94.554,4.668,-31.125,-89.000,-7.125,-0.070,-0.184,1.043,3.895,2.574,-2.980,0.502,0.042,1.182,1.095,2,NULL,NULL,,3,0,2,7,255,1337,250,0,0
stim,163953,194074,0,194074,3391384.454,-0.429,-0.035,0.113,0.895,3123,0,0,3187,1159,2253,57,2059,45,0.856,1,2215,0,64.856,3.309,-13.938,-61.688,-14.375,0.082,0.023,1.570,1.816,2.766,0.027,0.496,0.034,1.182,1.095,2,NULL,NULL,,3,0,2,7,255,1337,250,0,0
stim,163953,194074,0,194074,3391389.455,-0.430,-0.034,0.111,0.895,3119,0,0,3193,1277,2292,53,2105,45,0.856,1,2215,0,52.186,2.835,-31.875,-37.938,-16.375,0.289,0.410,1.203,-0.621,2.766,1.852,0.492,0.024,1.182,1.095,2,NULL,NULL,,3,0,2,7,255,1337,250,0,0
stim,163953,194074,0,194074,3391394.453,-0.431,-0.033,0.109,0.895,3117,0,0,3181,1355,2325,59,2153,45,0.856,1,2215,0,42.224,5.315,-14.750,-38.375,-9.625,0.199,0.742,1.145,-4.887,2.090,1.871,0.490,0.016,1.182,1.095,2,NULL,NULL,,3,0,2,7,255,1337,250,0,0
stim,163953,194074,0,194074,3391399.455,-0.432,-0.032,0.108,0.895,3129,0,0,3189,1446,2355,39,2207,45,0.856,1,2215,0,47.132,4.937,-30.188,-25.750,-25.438,-0.270,0.324,1.473,-4.887,-0.703,1.871,0.490,0.008,1.182,1.095,2,NULL,NULL,,3,0,2,7,255,1337,250,0,0
stim,163953,194074,0,194074,3391404.453,-0.434,-0.033,0.104,0.894,3120,1,0,3182,1499,2380,41,2257,45,0.856,1,2215,0,105.441,1.045,-83.375,-21.813,-60.750,-0.254,0.090,1.133,-0.773,-0.703,1.871,0.490,0.000,1.182,1.095,2,NULL,NULL,,3,0,2,7,255,1337,250,0,0
stim,163953,194074,0,194074,3391409.455,-0.437,-0.034,0.100,0.893,3117,17,0,3179,1589,2385,20,2285,45,0.856,1,2215,0,106.850,0.333,-73.250,-16.875,-75.938,-0.074,0.051,0.820,-0.023,-0.332,1.547,0.000,0.000,1.182,1.095,2,NULL,NULL,,3,0,2,7,255,1337,250,0,0
stim,163993,194114,0,194114,3391414.454,-0.440,-0.035,0.098,0.892,3125,41,0,3191,1639,2415,22,2311,45,0.856,1,2215,0,80.425,0.629,-37.688,-14.750,-69.500,0.039,0.000,0.887,-0.023,0.629,-1.320,0.000,0.000,1.182,1.095,2,NULL,NULL,,3,0,2,7,255,1337,250,0,0
stim,163993,194114,0,194114,3391419.455,-0.442,-0.034,0.097,0.891,3131,51,0,3181,1691,2429,19,2357,45,0.856,1,2215,0,56.823,1.559,-25.188,-14.125,-48.938,0.035,0.105,1.055,-0.332,1.523,-1.320,0.000,0.000,1.182,1.095,2,NULL,NULL,,3,0,2,7,255,1337,250,0,0
stim,163993,194114,0,194114,3391424.454,-0.443,-0.035,0.095,0.891,3119,55,0,3187,1734,2452,19,2373,45,0.856,1,2215,0,55.638,1.875,-37.250,-12.750,-39.313,-0.086,0.191,1.098,-1.094,1.523,0.402,0.000,0.000,1.182,1.095,2,NULL,NULL,,3,0,2,7,255,1337,250,0,0
stim,163993,194114,0,194114,3391429.455,-0.445,-0.035,0.093,0.890,3131,63,0,3188,1778,2471,9,2397,45,0.856,1,2215,0,65.294,1.103,-47.625,-9.875,-43.563,-0.125,0.133,1.035,-1.094,0.145,0.469,0.000,0.000,1.182,1.095,2,NULL,NULL,,3,0,2,7,255,1337,250,0,0
stim,164029,194151,0,194151,3391434.453,-0.447,-0.036,0.091,0.889,3127,75,0,3195,1800,2484,4,2414,45,0.856,1,2215,0,69.074,0.457,-40.438,-8.750,-55.313,-0.121,0.074,0.945,-0.434,0.145,0.469,0.000,0.000,1.182,1.095,2,NULL,NULL,,3,0,2,7,255,1337,250,0,0
stim,164029,194151,0,194151,3391439.455,-0.449,-0.036,0.090,0.888,3123,79,0,3187,1833,2489,7,2429,45,0.856,1,2215,0,61.172,0.249,-25.188,-6.938,-55.313,-0.020,0.012,0.957,-0.145,0.203,-0.457,0.000,0.000,1.182,1.095,2,NULL,NULL,,3,0,2,7,255,1337,250,0,0
stim,164029,194151,0,194151,3391444.453,-0.450,-0.036,0.089,0.888,3129,104,13,3191,1855,2503,5,2451,45,0.856,1,2215,0,43.553,1.381,-18.875,-6.250,-38.750,-0.020,0.008,1.020,-0.133,1.375,-0.457,0.000,0.000,1.182,1.095,2,NULL,NULL,,3,0,2,7,255,1337,250,0,0
stim,164029,194151,0,194151,3391449.455,-0.451,-0.037,0.087,0.887,3125,117,51,3197,1885,2521,3,2457,45,0.856,1,2215,0,34.325,1.381,-21.250,-4.938,-26.500,-0.102,0.055,1.047,-0.133,1.375,0.055,0.000,0.000,1.182,1.095,2,NULL,NULL,,3,0,2,7,255,1337,250,0,0
stim,164029,194151,0,194151,3391454.454,-0.452,-0.037,0.086,0.887,3123,119,89,3191,1901,2520,6,2471,45,0.856,1,2215,0,36.073,0.603,-23.000,-4.000,-27.500,-0.164,0.082,1.023,-0.035,0.602,0.363,0.000,0.000,1.182,1.095,2,NULL,NULL,,3,0,2,7,255,1337,250,0,0
stim,164029,194151,0,194151,3391459.455,-0.454,-0.037,0.085,0.886,3127,121,95,3197,1911,2525,7,2477,45,0.856,1,2215,0,40.390,0.074,-20.625,-3.375,-34.563,-0.160,0.055,1.004,0.063,0.039,0.363,0.000,0.000,1.182,1.095,2,NULL,NULL,,3,0,2,7,255,1337,250,0,0
stim,164030,194151,0,194151,3391464.454,-0.455,-0.038,0.085,0.886,3115,137,102,3183,1929,2535,2,2483,45,0.856,1,2215,0,39.891,0.253,-17.563,-2.188,-35.750,-0.098,-0.023,1.004,0.250,0.039,0.148,0.000,0.000,1.182,1.095,2,NULL,NULL,,3,0,2,7,255,1337,250,0,0
stim,164030,194151,0,194151,3391469.455,-0.456,-0.038,0.084,0.885,3119,143,147,3187,1941,2528,5,2479,45,1.001,1,2215,1,32.064,1.059,-15.000,-2.250,-28.250,-0.078,-0.082,0.977,0.500,0.934,-0.004,0.000,0.000,1.474,1.336,2,NULL,NULL,,3,0,2,7,255,1337,250,0,0
stim,164030,194151,0,194151,3391474.455,-0.457,-0.038,0.083,0.885,3113,157,173,3184,1945,2539,2,2493,45,1.001,1,2215,1,21.162,1.582,-12.313,-2.688,-17.000,-0.105,-0.121,0.957,0.848,1.336,-0.332,0.008,0.006,1.474,1.336,2,NULL,NULL,,3,0,2,7,255,1337,250,0,0
stim,164030,194151,0,194151,3391479.455,-0.457,-0.038,0.082,0.885,3123,167,215,3193,1957,2537,6,2487,45,1.001,1,2215,1,14.048,1.878,-9.250,-3.938,-9.813,-0.164,-0.113,0.945,1.320,1.336,-0.520,0.014,0.012,1.474,1.336,2,NULL,NULL,,3,0,2,7,255,1337,250,0,0
stim,164055,194176,0,194176,3391484.453,-0.458,-0.039,0.082,0.885,3112,169,263,3179,1975,2543,1,2489,45,1.001,1,2215,1,12.112,1.626,-5.500,-5.000,-9.563,-0.199,-0.070,0.949,1.422,0.789,-0.520,0.022,0.018,1.474,1.336,2,NULL,NULL,,3,0,2,7,255,1337,250,0,0
stim,164055,194176,0,194176,3391489.455,-0.458,-0.039,0.081,0.884,3115,167,281,3190,1963,2541,0,2493,45,1.001,1,2215,1,13.650,1.453,-1.813,-5.875,-12.188,-0.184,-0.043,0.961,1.422,0.301,-0.422,0.028,0.024,1.474,1.336,2,NULL,NULL,,3,0,2,7,255,1337,250,0,0
stim,164055,194176,0,194176,3391494.454,-0.459,-0.038,0.081,0.884,3107,163,291,3173,1971,2553,0,2505,45,1.001,1,2215,1,14.133,1.146,0.563,-6.688,-12.438,-0.164,-0.027,0.969,1.105,0.301,-0.309,0.034,0.030,1.474,1.336,2,NULL,NULL,,3,0,2,7,255,1337,250,0,0
stim,164055,194176,0,194176,3391499.455,-0.459,-0.038,0.081,0.884,3101,152,293,3162,1971,2550,0,2501,45,1.001,1,2215,1,12.112,0.921,1.188,-7.000,-9.813,-0.152,-0.023,0.973,0.859,0.332,-0.234,0.040,0.034,1.474,1.336,2,NULL,NULL,,3,0,2,7,255,1337,250,0,0
stim,164073,194194,0,194194,3391504.454,-0.459,-0.038,0.081,0.884,3099,152,299,3161,1964,2550,0,2517,45,1.001,1,2215,1,10.774,0.936,1.250,-7.813,-7.313,-0.164,-0.035,0.961,0.859,0.371,-0.234,0.044,0.038,1.474,1.336,2,NULL,NULL,,3,0,2,7,255,1337,250,0,0
stim,164073,194194,0,194194,3391509.457,-0.460,-0.038,0.080,0.884,3107,153,304,3165,1963,2543,0,2509,45,1.001,1,2215,1,11.358,0.975,3.500,-8.438,-6.750,-0.156,-0.035,0.949,0.895,0.387,-0.320,0.048,0.042,1.474,1.336,2,NULL,NULL,,3,0,2,7,255,1337,250,0,0
stim,164073,194194,0,194194,3391514.453,-0.460,-0.037,0.080,0.883,3093,147,315,3148,1975,2553,0,2513,45,1.001,1,2215,1,13.367,0.968,8.063,-8.938,-5.813,-0.141,0.004,0.957,0.895,0.371,-0.348,0.052,0.044,1.474,1.336,2,NULL,NULL,,3,0,2,7,255,1337,250,0,0
stim,164073,194194,0,194194,3391519.455,-0.460,-0.037,0.081,0.883,3097,143,325,3133,1978,2544,0,2525,45,1.001,1,2215,1,15.112,0.604,11.250,-9.000,-4.563,-0.137,0.059,0.992,0.520,0.309,-0.348,0.056,0.048,1.474,1.336,2,NULL,NULL,,3,0,2,7,255,1337,250,0,0
stim,164073,194194,0,194194,3391524.455,-0.460,-0.036,0.081,0.883,3080,135,327,3133,1989,2551,0,2521,45,1.001,1,2215,1,13.503,0.100,9.813,-8.688,-3.250,-0.145,0.090,1.023,0.035,0.094,0.031,0.060,0.050,1.474,1.336,2,NULL,NULL,,3,0,2,7,255,1337,250,0,0
stim,164073,194194,0,194194,3391529.455,-0.461,-0.036,0.081,0.883,3068,137,331,3116,1991,2542,0,2525,45,1.001,1,2215,1,11.185,0.119,6.375,-8.688,-3.000,-0.164,0.082,1.008,0.035,-0.113,0.227,0.062,0.052,1.474,1.336,2,NULL,NULL,,3,0,2,7,255,1337,250,0,0
stim,164127,194248,0,194248,3391534.454,-0.461,-0.035,0.081,0.883,3060,133,337,3115,1995,2551,0,2539,45,1.001,1,2215,1,11.469,0.261,5.750,-8.938,-4.313,-0.176,0.074,0.980,0.039,-0.258,0.227,0.066,0.054,1.474,1.336,2,NULL,NULL,,3,0,2,7,255,1337,250,0,0
stim,164127,194248,0,194248,3391539.455,-0.461,-0.035,0.081,0.883,3055,117,341,3107,1995,2552,0,2539,45,1.001,1,2215,1,14.068,0.312,8.250,-9.688,-6.000,-0.168,0.066,0.977,0.176,-0.258,-0.020,0.068,0.056,1.474,1.336,2,NULL,NULL,,3,0,2,7,255,1337,250,0,0
stim,164127,194248,0,194248,3391544.453,-0.461,-0.034,0.081,0.883,3053,115,367,3089,2010,2553,0,2549,45,1.001,1,2215,1,15.587,0.290,10.313,-10.313,-5.500,-0.148,0.094,1.000,0.176,-0.230,-0.020,0.070,0.058,1.474,1.336,2,NULL,NULL,,3,0,2,7,255,1337,250,0,0
stim,164127,194248,0,194248,3391549.455,-0.461,-0.034,0.082,0.883,3049,103,381,3063,2021,2553,0,2555,45,1.001,1,2215,1,15.269,0.253,9.875,-10.938,-4.000,-0.152,0.148,1.020,-0.105,-0.230,0.121,0.072,0.058,1.474,1.336,2,NULL,NULL,,3,0,2,7,255,1337,250,0,0
stim,164127,194248,0,194248,3391554.453,-0.462,-0.033,0.082,0.883,3037,100,407,3063,2029,2566,0,2569,45,1.001,1,2215,1,14.265,0.721,7.688,-11.375,-3.875,-0.164,0.195,1.023,-0.516,-0.504,0.355,0.076,0.060,1.474,1.336,2,NULL,NULL,,3,0,2,7,255,1337,250,0,0
stim,164127,194248,0,194248,3391559.455,-0.462,-0.032,0.082,0.883,3023,103,427,3052,2063,2565,0,2589,45,1.001,1,2215,1,14.074,1.191,5.500,-12.125,-4.563,-0.164,0.211,1.027,-0.824,-0.859,0.457,0.076,0.058,1.474,1.336,2,NULL,NULL,,3,0,2,7,255,1337,250,0,0
stim,164127,194248,0,194248,3391564.454,-0.462,-0.032,0.082,0.883,3013,108,488,3037,2077,2568,0,2591,45,1.001,1,2215,1,13.755,1.289,3.000,-12.625,-4.563,-0.148,0.203,1.035,-0.961,-0.859,0.523,0.076,0.058,1.474,1.336,2,NULL,NULL,,3,0,2,7,255,1337,250,0,0
stim,164127,194248,0,194248,3391569.455,-0.462,-0.031,0.082,0.882,2998,115,529,3020,2115,2554,7,2611,45,1.001,1,2215,1,13.243,1.243,0.500,-12.813,-3.313,-0.125,0.195,1.039,-0.961,-0.789,0.574,0.076,0.056,1.474,1.336,2,NULL,NULL,,3,0,2,7,255,1337,250,0,0
stim,164127,194248,0,194248,3391574.454,-0.462,-0.031,0.081,0.882,2988,119,581,3006,2147,2572,9,2628,45,1.001,1,2215,1,12.563,1.136,-1.250,-12.438,-1.250,-0.109,0.191,1.035,-1.000,-0.539,0.574,0.074,0.052,1.474,1.336,2,NULL,NULL,,3,0,2,7,255,1337,250,0,0
stim,164127,194248,0,194248,3391579.455,-0.462,-0.030,0.081,0.883,2969,134,622,3005,2193,2567,21,2631,45,1.001,1,2215,1,12.354,1.082,-2.625,-12.000,1.313,-0.117,0.176,1.027,-1.000,-0.414,0.500,0.070,0.048,1.474,1.336,2,NULL,NULL,,3,0,2,7,255,1337,250,0,0
stim,164150,194271,0,194271,3391584.453,-0.462,-0.030,0.081,0.883,2955,140,659,2991,2215,2568,26,2638,45,1.001,1,2215,1,12.621,0.982,-4.688,-11.500,2.250,-0.145,0.156,1.020,-0.891,-0.414,0.438,0.068,0.044,1.474,1.336,2,NULL,NULL,,3,0,2,7,255,1337,250,0,0
stim,164150,194271,0,194271,3391589.455,-0.462,-0.029,0.081,0.883,2933,141,711,2974,2240,2573,51,2650,45,1.001,1,2215,1,12.958,0.800,-6.125,-11.375,1.000,-0.160,0.148,1.000,-0.598,-0.531,0.379,0.066,0.040,1.474,1.336,2,NULL,NULL,,3,0,2,7,255,1337,250,0,0
stim,164150,194271,0,194271,3391594.453,-0.462,-0.029,0.080,0.883,2923,154,758,2968,2281,2577,75,2662,45,1.001,1,2215,1,13.154,0.791,-5.938,-11.625,-1.625,-0.172,0.137,0.980,-0.418,-0.672,0.207,0.064,0.036,1.474,1.336,2,NULL,NULL,,3,0,2,7,255,1337,250,0,0
stim,164150,194271,0,194271,3391599.455,-0.462,-0.029,0.080,0.883,2913,165,781,2955,2300,2580,149,2678,45,1.001,1,2215,1,13.797,0.725,-5.375,-12.250,-3.375,-0.176,0.113,0.980,-0.273,-0.672,0.027,0.060,0.032,1.474,1.336,2,NULL,NULL,,3,0,2,7,255,1337,250,0,0
stim,164172,194294,0,194294,3391604.454,-0.463,-0.029,0.079,0.883,2889,172,855,2937,2351,2574,192,2685,45,1.001,1,2215,1,14.819,0.647,-4.750,-12.375,-6.625,-0.184,0.098,0.996,-0.051,-0.645,0.027,0.058,0.028,1.474,1.336,2,NULL,NULL,,3,0,2,7,255,1337,250,0,0
stim,164172,194294,0,194294,3391609.455,-0.463,-0.028,0.079,0.882,2867,175,947,2931,2381,2583,216,2708,45,1.001,1,2215,1,17.167,0.607,-5.250,-12.313,-10.750,-0.176,0.098,0.996,0.078,-0.602,0.125,0.058,0.026,1.474,1.336,2,NULL,NULL,,3,0,2,7,255,1337,250,0,0
stim,164172,194294,0,194294,3391614.454,-0.464,-0.028,0.078,0.882,2855,184,1043,2915,2415,2578,267,2716,45,1.001,1,2215,1,19.071,0.549,-6.375,-11.938,-13.438,-0.160,0.090,0.992,0.078,-0.543,0.125,0.058,0.024,1.474,1.336,2,NULL,NULL,,3,0,2,7,255,1337,250,0,0
stim,164172,194294,0,194294,3391619.455,-0.464,-0.028,0.078,0.882,2828,205,1119,2897,2447,2581,308,2723,45,1.001,1,2215,1,20.714,0.387,-8.188,-11.625,-15.063,-0.164,0.059,0.984,0.078,-0.379,0.074,0.060,0.024,1.474,1.336,2,NULL,NULL,,3,0,2,7,255,1337,250,0,0
stim,164224,194345,0,194345,3391624.454,-0.465,-0.028,0.077,0.882,2811,232,1204,2893,2475,2584,346,2745,45,1.001,1,2215,1,23.394,0.408,-9.813,-11.563,-17.813,-0.164,0.027,0.969,0.313,-0.262,-0.012,0.062,0.024,1.474,1.336,2,NULL,NULL,,3,0,2,7,255,1337,250,0,0
stim,164224,194345,0,194345,3391629.455,-0.466,-0.028,0.076,0.881,2783,231,1285,2875,2506,2589,397,2761,45,1.001,1,2215,1,25.645,0.581,-9.375,-11.688,-20.813,-0.156,0.000,0.949,0.563,-0.145,-0.211,0.064,0.026,1.474,1.336,2,NULL,NULL,,3,0,2,7,255,1337,250,0,0
stim,164224,194345,0,194345,3391634.453,-0.467,-0.027,0.076,0.881,2775,235,1361,2859,2527,2589,453,2763,45,1.001,1,2215,1,26.232,0.763,-8.250,-12.563,-21.500,-0.145,-0.027,0.953,0.762,0.035,-0.418,0.066,0.028,1.474,1.336,2,NULL,NULL,,3,0,2,7,255,1337,250,0,0
stim,164224,194345,0,194345,3391639.455,-0.467,-0.027,0.075,0.880,2760,239,1443,2845,2549,2589,495,2775,45,1.001,1,2215,1,26.691,0.924,-7.813,-13.250,-21.813,-0.141,-0.027,0.965,0.879,0.285,-0.418,0.070,0.028,1.474,1.336,2,NULL,NULL,,3,0,2,7,255,1337,250,0,0
stim,164247,194368,0,194368,3391644.454,-0.468,-0.027,0.074,0.880,2713,243,1533,2826,2581,2600,616,2787,45,1.001,1,2215,1,27.061,0.924,-8.000,-13.875,-21.813,-0.137,-0.012,0.973,0.879,0.285,-0.316,0.072,0.030,1.474,1.336,2,NULL,NULL,,3,0,2,7,255,1337,250,0,0
stim,164247,194368,0,194368,3391649.455,-0.469,-0.027,0.074,0.880,2699,247,1629,2821,2604,2592,712,2793,45,1.001,1,2215,1,26.785,0.735,-7.750,-14.438,-21.188,-0.129,0.016,0.973,0.695,0.238,-0.234,0.076,0.032,1.474,1.336,2,NULL,NULL,,3,0,2,7,255,1337,250,0,0
stim,164247,194368,0,194368,3391654.453,-0.470,-0.026,0.073,0.879,2669,249,1691,2793,2623,2599,809,2805,45,1.001,1,2215,1,25.837,0.485,-7.563,-15.250,-19.438,-0.137,0.047,0.984,0.461,0.152,-0.203,0.080,0.034,1.474,1.336,2,NULL,NULL,,3,0,2,7,255,1337,250,0,0
stim,164247,194368,0,194368,3391659.455,-0.471,-0.026,0.072,0.879,2633,253,1778,2788,2645,2597,889,2824,45,1.001,1,2215,1,26.967,0.253,-8.438,-15.438,-20.438,-0.145,0.078,1.008,0.230,-0.105,-0.055,0.082,0.036,1.474,1.336,2,NULL,NULL,,3,0,2,7,255,1337,250,0,0
stim,164247,194368,0,194368,3391664.453,-0.472,-0.026,0.072,0.879,2591,261,1824,2759,2673,2602,986,2821,45,1.001,1,2215,1,29.024,0.149,-9.500,-15.500,-22.625,-0.121,0.078,1.008,0.012,-0.148,0.148,0.084,0.038,1.474,1.336,2,NULL,NULL,,3,0,2,7,255,1337,250,0,0
stim,164247,194368,0,194368,3391669.455,-0.472,-0.025,0.071,0.878,2552,263,1879,2743,2693,2605,1082,2843,45,1.001,1,2215,1,28.275,0.149,-9.688,-15.250,-21.750,-0.094,0.043,0.988,0.012,-0.148,0.148,0.086,0.038,1.474,1.336,2,NULL,NULL,,3,0,2,7,255,1337,250,0,0
stim,164247,194368,0,194368,3391674.454,-0.473,-0.025,0.070,0.878,2511,270,1939,2712,2703,2603,1163,2844,45,1.001,1,2215,1,24.917,0.238,-7.813,-14.750,-18.500,-0.094,0.012,0.977,0.043,0.234,-0.082,0.088,0.040,1.474,1.336,2,NULL,NULL,,3,0,2,7,255,1337,250,0,0
stim,164247,194368,0,194368,3391679.455,-0.474,-0.024,0.070,0.878,2473,286,2001,2699,2713,2609,1255,2853,45,1.001,1,2215,1,22.294,0.387,-5.438,-14.813,-15.750,-0.117,-0.008,0.973,0.281,0.266,-0.211,0.090,0.040,1.474,1.336,2,NULL,NULL,,3,0,2,7,255,1337,250,0,0
stim,164247,194368,0,194368,3391684.454,-0.474,-0.024,0.069,0.877,2420,286,2071,2668,2727,2607,1341,2863,45,1.001,1,2215,1,21.315,0.608,-2.750,-15.438,-14.438,-0.141,0.000,0.977,0.547,0.266,-0.211,0.094,0.042,1.474,1.336,2,NULL,NULL,,3,0,2,7,255,1337,250,0,0
stim,164247,194368,1,194368,3391689.455,-0.475,-0.023,0.069,0.877,2379,299,2120,2637,2742,2615,1417,2861,45,1.001,1,2215,1,22.690,0.547,-1.688,-16.063,-15.938,-0.164,0.043,1.000,0.547,0.004,-0.168,0.096,0.044,1.474,1.336,2,NULL,NULL,,3,1,2,7,255,1337,250,0,0
stim,164247,194368,1,194368,3391694.453,-0.476,-0.023,0.068,0.877,2315,299,2174,2603,2759,2615,1509,2870,45,1.001,1,2215,1,26.440,0.568,-2.938,-16.438,-20.500,-0.156,0.090,1.027,0.430,-0.371,0.109,0.100,0.046,1.474,1.336,2,NULL,NULL,,3,1,2,7,255,1337,250,0,0
stim,164247,194368,1,194368,3391699.455,-0.477,-0.023,0.068,0.876,2252,305,2233,2571,2763,2606,1583,2887,45,1.001,1,2215,1,30.217,0.371,-6.750,-16.063,-24.688,-0.125,0.078,1.035,-0.016,-0.371,0.391,0.102,0.048,1.474,1.336,2,NULL,NULL,,3,1,2,7,255,1337,250,0,0
stim,164273,194394,1,194394,3391704.453,-0.478,-0.022,0.067,0.876,2184,303,2279,2523,2782,2611,1661,2889,45,1.001,1,2215,1,30.003,0.243,-10.813,-16.125,-22.875,-0.109,0.027,1.023,-0.016,-0.242,0.391,0.104,0.050,1.474,1.336,2,NULL,NULL,,3,1,2,7,255,1337,250,0,0
stim,164273,194394,1,194394,3391709.455,-0.479,-0.022,0.066,0.875,2105,307,2327,2478,2795,2608,1726,2892,45,1.001,1,2215,1,30.316,0.258,-14.438,-16.500,-20.938,-0.129,0.004,1.020,0.250,0.063,0.254,0.108,0.050,1.474,1.336,2,NULL,NULL,,3,1,2,7,255,1337,250,0,0
stim,164273,194394,1,194394,3391714.454,-0.479,-0.022,0.065,0.875,2040,303,2363,2427,2809,2611,1811,2899,45,1.001,1,2215,1,34.327,0.531,-17.938,-16.750,-24.000,-0.164,0.008,1.031,0.527,0.063,0.254,0.110,0.052,1.474,1.336,2,NULL,NULL,,3,1,2,7,255,1337,250,0,0
stim,164273,194394,1,194394,3391719.455,-0.481,-0.022,0.063,0.874,1951,299,2397,2375,2823,2611,1879,2903,45,1.001,1,2215,1,43.094,0.669,-24.625,-17.688,-30.625,-0.172,0.016,1.047,0.625,-0.238,0.391,0.112,0.054,1.474,1.336,2,NULL,NULL,,3,1,2,7,255,1337,250,0,0
stim,164291,194412,1,194412,3391724.454,-0.482,-0.022,0.062,0.874,1880,285,2427,2298,2837,2611,1939,2908,45,1.001,1,2215,1,49.601,0.669,-28.875,-16.750,-36.688,-0.121,0.039,1.020,0.625,-0.238,0.391,0.116,0.054,1.474,1.336,2,NULL,NULL,,3,1,2,7,255,1337,250,0,0
stim,164291,194412,1,194412,3391729.455,-0.483,-0.022,0.060,0.873,1788,277,2468,2221,2843,2611,1991,2915,45,1.001,1,2215,1,48.734,0.211,-29.750,-17.313,-34.500,-0.086,0.051,1.008,0.176,-0.117,0.250,0.118,0.056,1.474,1.336,2,NULL,NULL,,3,1,2,7,255,1337,250,0,0
stim,164329,194450,1,194450,3391734.453,-0.485,-0.022,0.059,0.873,1668,265,2491,2147,2855,2607,2045,2919,45,1.001,1,2215,1,44.504,0.153,-28.188,-17.563,-29.625,-0.082,0.059,0.992,-0.152,0.012,0.098,0.120,0.058,1.474,1.336,2,NULL,NULL,,3,1,2,7,255,1337,250,0,0
stim,164329,194450,1,194450,3391739.455,-0.485,-0.022,0.057,0.872,1533,248,2520,2063,2863,2603,2107,2921,45,1.001,1,2215,1,38.721,0.153,-24.500,-17.375,-24.438,-0.105,0.027,0.977,-0.152,0.012,-0.055,0.122,0.058,1.474,1.336,2,NULL,NULL,,3,1,2,7,255,1337,250,0,0
stim,164329,194450,1,194450,3391744.454,-0.486,-0.022,0.056,0.872,1381,247,2543,1967,2876,2605,2153,2925,45,1.001,1,2215,1,37.402,0.136,-21.875,-18.313,-24.188,-0.141,0.008,1.016,0.125,-0.055,-0.055,0.122,0.058,1.474,1.336,2,NULL,NULL,,3,1,2,7,255,1337,250,0,0
stim,164329,194450,1,194450,3391749.455,-0.487,-0.022,0.055,0.871,1253,238,2569,1847,2888,2601,2199,2935,45,1.001,1,2215,1,41.945,0.480,-24.563,-18.250,-28.688,-0.137,-0.008,1.031,0.461,-0.133,0.207,0.124,0.058,1.474,1.336,2,NULL,NULL,,3,1,2,7,255,1337,250,0,0
stim,164329,194450,1,194450,3391754.453,-0.489,-0.022,0.053,0.871,1141,228,2589,1756,2897,2600,2252,2935,45,1.001,1,2215,1,47.984,0.536,-28.188,-18.063,-34.375,-0.129,-0.008,1.039,0.520,-0.133,0.344,0.124,0.056,1.474,1.336,2,NULL,NULL,,3,1,2,7,255,1337,250,0,0
stim,164329,194450,1,194450,3391759.455,-0.490,-0.022,0.051,0.870,991,213,2617,1623,2907,2597,2281,2940,45,1.001,1,2215,1,47.887,0.526,-30.188,-18.813,-32.063,-0.082,0.039,1.023,0.520,-0.082,0.344,0.126,0.056,1.474,1.336,2,NULL,NULL,,3,1,2,7,255,1337,250,0,0
stim,164329,194450,1,194450,3391764.453,-0.491,-0.022,0.050,0.869,863,185,2641,1512,2915,2589,2323,2943,45,1.001,1,2215,1,49.888,0.442,-33.625,-17.375,-32.500,-0.098,-0.023,0.996,0.441,0.016,0.246,0.126,0.056,1.474,1.336,2,NULL,NULL,,3,1,2,7,255,1337,250,0,0
stim,164329,194450,1,194450,3391769.455,-0.492,-0.022,0.048,0.869,727,163,2655,1334,2925,2585,2366,2952,45,1.001,1,2215,1,40.744,0.118,-27.750,-20.875,-21.313,-0.102,0.016,0.977,0.117,0.016,-0.012,0.128,0.056,1.474,1.336,2,NULL,NULL,,3,1,2,7,255,1337,250,0,0
stim,164329,194450,1,194450,3391774.454,-0.493,-0.021,0.047,0.868,554,105,2679,1151,2935,2578,2393,2956,45,1.001,1,2215,1,40.487,0.460,-22.188,-19.938,-27.375,-0.168,-0.035,0.973,0.441,-0.129,-0.176,0.130,0.058,1.474,1.336,2,NULL,NULL,,3,1,2,7,255,1337,250,0,0
stim,164329,194450,1,194450,3391779.455,-0.494,-0.021,0.046,0.868,411,77,2699,969,2939,2572,2429,2962,45,1.001,1,2215,1,38.604,0.370,-18.063,-24.125,-24.125,-0.121,0.012,1.020,0.227,-0.293,-0.176,0.132,0.058,1.474,1.336,2,NULL,NULL,,3,1,2,7,255,1337,250,0,0
stim,164356,194477,1,194477,3391784.454,-0.495,-0.021,0.045,0.867,285,62,2717,796,2956,2557,2467,2967,45,1.001,1,2215,1,41.171,0.741,-14.250,-23.375,-30.750,-0.168,-0.004,1.031,0.590,-0.449,0.230,0.132,0.058,1.474,1.336,2,NULL,NULL,,3,1,2,7,255,1337,250,0,0
stim,164356,194477,1,194477,3391789.455,-0.496,-0.020,0.043,0.867,139,16,2729,597,2963,2547,2501,2965,45,1.001,1,2215,1,43.355,0.370,-17.313,-26.500,-29.625,-0.094,0.027,1.070,0.227,-0.293,0.402,0.134,0.058,1.474,1.336,2,NULL,NULL,,3,1,2,7,255,1337,250,0,0
stim,164356,194477,1,194477,3391794.453,-0.497,-0.019,0.042,0.866,77,0,2745,403,2965,2536,2520,2971,45,1.001,1,2215,1,44.031,0.415,-21.688,-27.438,-26.750,-0.121,0.027,1.047,0.066,-0.410,0.516,0.136,0.058,1.474,1.336,2,NULL,NULL,,3,1,2,7,255,1337,250,0,0
stim,164356,194477,1,194477,3391799.455,-0.498,-0.019,0.040,0.866,39,0,2760,228,2975,2522,2549,2973,45,1.001,1,2215,1,45.655,0.415,-21.000,-27.938,-29.375,-0.160,0.008,1.047,0.066,-0.410,0.551,0.140,0.060,1.474,1.336,2,NULL,NULL,,3,1,2,7,255,1337,250,0,0
stim,164374,194495,1,194495,3391804.453,-0.500,-0.018,0.039,0.865,23,0,2775,123,2983,2505,2579,2981,45,1.001,1,2215,1,48.561,0.437,-19.000,-30.938,-32.250,-0.117,0.016,1.023,0.141,-0.414,0.516,0.142,0.062,1.474,1.336,2,NULL,NULL,,3,1,2,7,255,1337,250,0,0
stim,164374,194495,1,194495,3391809.457,-0.501,-0.017,0.038,0.864,1,0,2788,77,2987,2489,2605,2984,45,1.001,1,2215,1,52.145,0.556,-16.250,-34.438,-35.625,-0.098,-0.020,1.008,0.371,-0.414,0.285,0.146,0.064,1.474,1.336,2,NULL,NULL,,3,1,2,7,255,1337,250,0,0
stim,164374,194495,1,194495,3391814.454,-0.502,-0.016,0.036,0.864,0,0,2797,55,2991,2473,2628,2987,45,1.001,1,2215,1,53.431,0.392,-10.813,-36.938,-37.063,-0.090,-0.027,0.992,0.371,-0.125,0.090,0.148,0.066,1.474,1.336,2,NULL,NULL,,3,1,2,7,255,1337,250,0,0
stim,164374,194495,1,194495,3391819.455,-0.503,-0.015,0.036,0.863,0,0,2805,0,3001,2441,2647,2991,45,1.001,1,2215,0,49.919,0.392,8.063,-42.375,-25.125,-0.242,-0.113,1.082,0.371,-0.125,0.090,0.150,0.066,1.474,1.336,3,NULL,NULL,,3,1,2,7,255,1337,250,0,0
stim,164374,194495,1,194495,3391824.454,-0.505,-0.013,0.035,0.863,0,0,2809,0,3013,2415,2665,2991,45,1.001,1,2215,0,58.368,1.974,15.250,-47.250,-30.688,-0.262,-0.090,1.191,1.750,-0.914,0.910,0.150,0.066,1.474,1.336,3,NULL,NULL,,3,1,2,7,255,1337,250,0,0
stim,164374,194495,1,194495,3391829.455,-0.506,-0.011,0.034,0.862,0,0,2815,0,3025,2393,2697,2995,45,1.001,1,2215,0,67.347,2.106,13.063,-51.000,-42.000,-0.270,-0.070,1.172,1.750,-1.172,1.789,0.150,0.066,1.474,1.336,3,NULL,NULL,,3,1,2,7,255,1337,250,0,0
stim,164426,194547,1,194547,3391834.453,-0.508,-0.009,0.034,0.861,0,0,2825,0,3026,2363,2712,2997,45,1.001,1,2215,0,73.859,2.026,17.813,-56.875,-43.625,-0.184,-0.008,1.207,1.652,-1.172,1.977,0.152,0.064,1.474,1.336,3,NULL,NULL,,3,1,2,7,255,1337,250,0,0
stim,164426,194547,1,194547,3391839.455,-0.509,-0.006,0.034,0.860,0,0,2831,0,3023,2333,2725,2991,45,1.001,1,2215,0,76.304,1.568,31.813,-61.500,-32.063,-0.199,0.113,1.387,0.754,-1.375,2.105,0.152,0.064,1.474,1.336,3,NULL,NULL,,3,1,2,7,255,1337,250,0,0
stim,164426,194547,1,194547,3391844.454,-0.510,-0.003,0.033,0.860,0,0,2835,0,3028,2307,2743,2996,45,1.001,1,2215,0,69.324,1.069,13.000,-66.938,-12.500,-0.078,0.195,1.379,-0.148,-1.059,3.766,0.152,0.062,1.474,1.336,3,NULL,NULL,,3,1,2,7,255,1337,250,0,0
stim,164426,194547,1,194547,3391849.455,-0.510,-0.001,0.030,0.860,0,0,2827,0,3043,2263,2776,3005,45,1.001,1,2215,0,71.537,1.079,-26.625,-65.125,-12.938,-0.063,0.051,1.168,-0.211,-1.059,3.766,0.150,0.062,1.474,1.336,3,NULL,NULL,,3,1,2,7,255,1337,250,0,0
stim,164426,194547,1,194547,3391854.453,-0.510,0.001,0.028,0.860,0,0,2829,0,3043,2212,2787,3003,45,1.001,1,2215,0,71.870,0.486,-23.625,-67.875,-0.375,-0.113,-0.055,1.023,-0.211,-0.438,1.664,0.152,0.062,1.474,1.336,3,NULL,NULL,,3,1,2,7,255,1337,250,0,0
stim,164426,194547,1,194547,3391859.455,-0.510,0.004,0.026,0.860,0,0,2827,0,3049,2159,2799,3001,45,1.001,1,2215,0,73.892,1.049,-2.813,-73.438,7.688,-0.199,-0.082,1.027,0.953,-0.438,0.262,0.154,0.064,1.474,1.336,3,NULL,NULL,,3,1,2,7,255,1337,250,0,0
stim,164426,194547,1,194547,3391864.453,-0.510,0.006,0.025,0.860,0,0,2815,0,3053,2089,2813,3000,45,1.001,1,2215,0,77.346,1.855,7.938,-76.938,-0.125,-0.180,-0.094,1.125,1.605,-0.930,0.262,0.160,0.070,1.474,1.336,3,NULL,NULL,,3,1,2,7,255,1337,250,0,0
stim,164426,194547,1,194547,3391869.455,-0.510,0.009,0.023,0.860,0,0,2809,0,3055,2007,2828,3005,45,1.001,1,2215,0,79.695,1.963,5.688,-79.125,-7.625,-0.176,-0.043,1.133,1.605,-1.129,1.227,0.172,0.078,1.474,1.336,3,NULL,NULL,,3,1,2,7,255,1337,250,0,0
stim,164426,194547,1,194547,3391874.454,-0.510,0.012,0.021,0.860,0,0,2811,0,3060,1914,2841,2999,45,1.001,1,2215,0,83.324,1.561,-0.125,-82.500,-11.688,-0.121,-0.012,1.164,1.254,-0.930,1.305,0.182,0.088,1.474,1.336,3,NULL,NULL,,3,1,2,7,255,1337,250,0,0
stim,164426,194547,1,194547,3391879.455,-0.511,0.015,0.020,0.859,0,0,2810,0,3063,1816,2857,2999,45,1.001,1,2215,0,85.394,1.186,3.000,-85.000,-7.625,-0.086,-0.020,1.078,0.746,-0.922,1.305,0.194,0.098,1.474,1.336,3,NULL,NULL,,3,1,2,7,255,1337,250,0,0
stim,164456,194577,1,194577,3391884.453,-0.511,0.019,0.018,0.859,0,0,2804,0,3065,1725,2867,2996,45,1.001,1,2215,0,90.145,1.061,10.563,-89.500,2.063,-0.082,0.000,1.102,0.695,-0.801,0.980,0.200,0.104,1.474,1.336,3,NULL,NULL,,3,1,2,7,255,1337,250,0,0
stim,164456,194577,1,194577,3391889.455,-0.510,0.023,0.017,0.860,0,0,2792,0,3067,1589,2885,2989,45,1.001,1,2215,0,94.354,0.968,13.250,-93.250,5.625,-0.133,0.039,1.180,0.543,-0.801,0.980,0.206,0.110,1.474,1.336,3,NULL,NULL,,3,1,2,7,255,1337,250,0,0
stim,164456,194577,1,194577,3391894.453,-0.510,0.026,0.015,0.860,0,0,2781,0,3069,1436,2893,2988,45,1.001,1,2215,0,97.621,1.566,10.063,-97.000,4.438,-0.133,0.031,1.246,0.543,-1.469,1.715,0.214,0.116,1.474,1.336,3,NULL,NULL,,3,1,2,7,255,1337,250,0,0
stim,164456,194577,1,194577,3391899.455,-0.510,0.030,0.013,0.860,0,0,2765,0,3078,1277,2903,2985,45,1.001,1,2215,0,99.597,1.589,2.000,-99.563,1.688,-0.113,0.043,1.184,0.523,-1.500,1.727,0.222,0.122,1.474,1.336,3,NULL,NULL,,3,1,2,7,255,1337,250,0,0
stim,164456,194577,1,194577,3391904.454,-0.510,0.034,0.011,0.859,0,0,2740,0,3077,1129,2909,2983,45,1.001,1,2215,0,104.991,1.605,5.125,-104.750,-4.938,-0.121,0.078,1.113,0.504,-1.523,1.727,0.232,0.130,1.474,1.336,3,NULL,NULL,,3,1,2,7,255,1337,250,0,0
stim,164456,194577,1,194577,3391909.455,-0.510,0.038,0.009,0.859,0,0,2715,0,3082,957,2921,2975,45,1.001,1,2215,0,110.525,1.520,16.438,-109.188,-4.875,-0.055,0.090,1.074,0.246,-1.500,1.043,0.242,0.140,1.474,1.336,3,NULL,NULL,,3,1,2,7,255,1337,250,0,0
stim,164479,194600,1,194600,3391914.454,-0.510,0.043,0.008,0.859,0,0,2686,0,3083,781,2932,2969,45,1.001,1,2215,0,117.440,1.488,29.250,-113.688,3.438,-0.043,0.121,1.148,-0.102,-1.484,1.043,0.250,0.148,1.474,1.336,3,NULL,NULL,,3,1,2,7,255,1337,250,0,0
stim,164479,194600,1,194600,3391919.455,-0.509,0.048,0.006,0.859,0,0,2659,0,3089,603,2933,2963,45,1.001,1,2215,0,121.524,1.512,24.188,-118.688,9.813,-0.031,0.133,1.305,-0.285,-1.484,1.410,0.260,0.154,1.474,1.336,3,NULL,NULL,,3,1,2,7,255,1337,250,0,0
stim,164525,194646,1,194646,3391924.454,-0.509,0.053,0.004,0.859,0,0,2623,0,3089,483,2949,2951,45,1.001,1,2215,0,123.786,1.649,4.625,-122.438,17.625,-0.039,0.191,1.371,-0.305,-1.621,2.934,0.268,0.162,1.474,1.336,3,NULL,NULL,,3,1,2,7,255,1337,250,0,0
stim,164525,194646,1,194646,3391929.455,-0.508,0.057,0.001,0.860,0,0,2595,0,3089,347,2957,2935,45,1.001,1,2215,0,129.847,2.198,-20.438,-126.250,22.438,-0.031,0.238,1.328,-0.645,-2.102,3.164,0.274,0.166,1.474,1.336,3,NULL,NULL,,3,1,2,7,255,1337,250,0,0
stim,164525,194646,1,194646,3391934.453,-0.507,0.061,-0.003,0.860,0,0,2556,0,3090,189,2963,2922,45,1.001,1,2215,0,135.494,2.516,-33.938,-129.188,22.750,-0.051,0.223,1.230,-0.863,-2.363,3.164,0.280,0.172,1.474,1.336,3,NULL,NULL,,3,1,2,7,255,1337,250,0,0
stim,164525,194646,0,194646,3391939.455,-0.506,0.065,-0.007,0.860,0,0,2515,0,3087,108,2967,2907,45,1.001,1,2215,0,138.921,2.689,-35.188,-132.875,20.125,-0.078,0.184,1.180,-0.863,-2.547,2.191,0.286,0.176,1.474,1.336,3,NULL,NULL,,3,0,2,7,255,1342,250,0,0
stim,164525,194646,0,194646,3391944.454,-0.505,0.069,-0.011,0.860,0,0,2471,0,3083,71,2971,2885,45,1.001,1,2215,0,141.907,2.611,-31.063,-137.750,14.063,-0.059,0.168,1.203,-0.391,-2.582,1.832,0.290,0.180,1.474,1.336,3,NULL,NULL,,3,0,2,7,255,1342,250,0,0
stim,164525,194646,0,194646,3391949.455,-0.505,0.074,-0.015,0.860,0,0,2409,0,3093,6,2980,2853,45,1.001,1,2215,0,144.413,2.695,-17.875,-142.875,11.063,-0.117,0.148,1.316,-0.320,-2.676,1.832,0.296,0.184,1.474,1.336,3,NULL,NULL,,3,0,2,7,255,1342,250,0,0
stim,164525,194646,0,194646,3391954.453,-0.504,0.079,-0.019,0.860,0,0,2339,0,3087,0,2974,2829,45,1.001,1,2215,0,151.859,3.267,-13.625,-151.000,8.625,-0.191,0.109,1.441,0.289,-3.254,2.832,0.300,0.188,1.474,1.336,3,NULL,NULL,,3,0,2,7,255,1342,250,0,0
stim,164525,194646,0,194646,3391959.455,-0.504,0.085,-0.023,0.859,0,0,2261,0,3069,0,2972,2783,45,1.001,1,2215,0,159.827,4.173,-14.750,-158.938,8.125,-0.191,0.133,1.629,1.137,-4.016,3.871,0.304,0.192,1.474,1.336,3,NULL,NULL,,3,0,2,7,255,1342,250,0,0
stim,164525,194646,0,194646,3391964.453,-0.503,0.091,-0.028,0.859,0,0,2183,0,3061,0,2975,2743,45,1.001,1,2215,0,171.925,4.687,-23.500,-169.750,13.813,-0.246,0.168,1.734,1.184,-4.535,5.648,0.306,0.194,1.474,1.336,3,NULL,NULL,,3,0,2,7,255,1342,250,0,0
stim,164525,194646,0,194646,3391969.455,-0.502,0.097,-0.033,0.859,0,0,2093,0,3068,0,2984,2699,45,1.001,1,2215,0,189.577,5.679,-41.313,-183.563,23.188,-0.250,0.238,1.801,1.184,-5.555,6.465,0.310,0.198,1.474,1.336,3,NULL,NULL,,3,0,2,7,255,1342,250,0,0
stim,164525,194646,0,194646,3391974.454,-0.500,0.103,-0.040,0.859,0,0,1965,0,3047,1,2971,2657,45,1.001,1,2215,0,206.641,6.347,-55.625,-197.250,26.438,-0.316,0.277,1.809,0.965,-6.273,6.852,0.314,0.204,1.474,1.336,3,NULL,NULL,,3,0,2,7,255,1342,250,0,0
stim,164525,194646,0,194646,3391979.455,-0.499,0.109,-0.047,0.858,0,0,1837,0,3039,29,2967,2601,45,1.001,1,2215,0,226.773,7.393,-75.063,-211.938,29.563,-0.324,0.281,1.715,0.945,-7.332,6.852,0.320,0.210,1.474,1.336,3,NULL,NULL,,3,0,2,7,255,1342,250,0,0
stim,164558,194679,0,194679,3391984.454,-0.498,0.116,-0.056,0.858,0,0,1723,0,3027,41,2951,2547,45,1.001,1,2215,0,242.602,7.515,-81.938,-226.875,25.875,-0.316,0.250,1.621,0.965,-7.453,5.770,0.328,0.218,1.474,1.336,3,NULL,NULL,,3,0,2,7,255,1342,250,0,0
stim,164558,194679,0,194679,3391989.455,-0.496,0.123,-0.064,0.857,0,0,1608,0,3005,56,2925,2491,45,1.001,1,2215,0,257.300,7.531,-77.188,-243.563,30.375,-0.301,0.172,1.652,1.082,-7.453,4.930,0.338,0.228,1.474,1.336,3,NULL,NULL,,3,0,2,7,255,1342,250,0,0
stim,164558,194679,0,194679,3391994.453,-0.494,0.131,-0.073,0.857,0,0,1510,0,2989,62,2905,2409,45,1.001,1,2215,0,273.949,7.668,-77.938,-260.000,37.063,-0.313,0.195,1.715,1.801,-7.453,4.930,0.350,0.242,1.474,1.336,3,NULL,NULL,,3,0,2,7,255,1342,250,0,0
stim,164558,194679,0,194679,3391999.455,-0.492,0.139,-0.082,0.856,0,0,1421,0,2969,71,2861,2333,45,1.001,1,2215,0,289.814,8.236,-80.750,-275.688,38.313,-0.383,0.234,1.789,1.809,-8.035,5.277,0.364,0.256,1.474,1.336,3,NULL,NULL,,3,0,2,7,255,1342,250,0,0
stim,164558,194679,0,194679,3392004.453,-0.490,0.148,-0.091,0.854,0,0,1325,0,2940,81,2813,2250,45,1.001,1,2215,0,304.716,9.608,-77.375,-292.875,33.000,-0.465,0.281,1.934,2.012,-9.395,5.539,0.382,0.274,1.474,1.336,3,NULL,NULL,,3,0,2,7,255,1342,250,0,0
stim,164558,194679,0,194679,3392009.455,-0.488,0.158,-0.101,0.853,0,0,1224,0,2916,71,2735,2147,45,1.001,1,2215,0,318.315,11.318,-76.250,-308.375,20.375,-0.516,0.258,2.074,2.281,-11.086,6.309,0.402,0.294,1.474,1.336,3,NULL,NULL,,3,0,2,7,255,1342,250,0,0
stim,164595,194716,0,194716,3392014.454,-0.486,0.169,-0.110,0.850,0,0,1183,0,2873,70,2687,2072,45,1.001,1,2215,0,331.735,12.648,-57.875,-326.563,7.438,-0.531,0.137,2.344,3.039,-12.277,7.117,0.422,0.316,1.474,1.336,3,NULL,NULL,,3,0,2,7,255,1342,250,0,0
stim,164595,194716,0,194716,3392019.455,-0.484,0.180,-0.120,0.848,0,0,1132,0,2825,61,2587,1971,45,1.001,1,2215,0,354.423,13.860,-58.063,-349.438,11.750,-0.539,0.289,2.602,4.078,-13.246,9.176,0.446,0.342,1.474,1.336,3,NULL,NULL,,3,0,2,7,255,1342,250,0,0
stim,164595,194716,0,194716,3392024.454,-0.482,0.192,-0.131,0.845,0,0,1043,0,2759,47,2463,1843,45,1.001,1,2215,0,375.279,16.103,-89.125,-364.313,12.938,-0.582,0.492,2.598,4.078,-15.578,9.984,0.474,0.370,1.474,1.336,3,NULL,NULL,,3,0,2,7,255,1342,250,0,0
stim,164595,194716,0,194716,3392029.455,-0.480,0.203,-0.143,0.841,0,0,981,0,2681,28,2319,1735,45,1.001,1,2215,0,392.326,17.862,-114.438,-375.250,3.375,-0.672,0.434,2.477,3.520,-17.512,9.984,0.502,0.400,1.474,1.336,3,NULL,NULL,,3,0,2,7,255,1342,250,0,0
stim,164622,194743,0,194743,3392034.453,-0.478,0.215,-0.156,0.837,0,0,832,0,2592,4,2133,1605,45,1.001,1,2215,0,403.557,17.862,-120.938,-384.938,-7.438,-0.637,0.332,2.352,3.520,-17.512,7.977,0.536,0.434,1.474,1.336,3,NULL,NULL,,3,0,2,7,255,1342,250,0,0
stim,164622,194743,0,194743,3392039.455,-0.477,0.227,-0.168,0.833,0,0,729,0,2473,0,1897,1439,45,1.001,1,2215,0,412.393,17.753,-112.125,-396.438,-18.250,-0.539,0.121,2.359,4.113,-17.270,6.641,0.574,0.472,1.474,1.336,3,NULL,NULL,,3,0,2,7,255,1342,250,0,0
stim,164622,194743,0,194743,3392044.454,-0.475,0.239,-0.181,0.827,0,0,603,0,2325,0,1613,1273,45,1.001,1,2215,0,427.927,17.177,-113.500,-411.688,-27.438,-0.375,-0.133,2.277,5.613,-16.234,6.543,0.616,0.514,1.474,1.336,3,NULL,NULL,,3,0,2,7,255,1342,250,0,0
stim,164622,194743,0,194743,3392049.455,-0.473,0.252,-0.193,0.822,0,0,437,0,2117,0,1243,1095,45,1.001,1,2215,0,439.037,15.347,-115.438,-423.250,-16.938,-0.074,-0.234,1.945,6.129,-14.070,6.492,0.660,0.558,1.474,1.336,3,NULL,NULL,,3,0,2,7,255,1342,250,0,0
stim,164622,194743,0,194743,3392054.454,-0.470,0.266,-0.206,0.816,0,0,287,0,1874,0,787,954,45,1.001,1,2215,0,440.811,12.483,-89.625,-431.500,9.438,0.008,-0.406,1.688,6.941,-10.375,5.152,0.708,0.606,1.474,1.336,3,NULL,NULL,,3,0,2,7,255,1342,250,0,0
stim,164622,194743,0,194743,3392059.455,-0.465,0.280,-0.217,0.811,0,0,232,0,1591,0,349,827,45,1.001,1,2215,0,440.242,10.168,-61.688,-435.625,15.438,0.051,-0.227,1.516,6.129,-8.113,3.434,0.760,0.660,1.474,1.336,3,NULL,NULL,,3,0,2,7,255,1342,250,0,0
stim,164644,194765,0,194765,3392064.453,-0.460,0.294,-0.228,0.807,0,0,201,0,1213,0,107,637,45,1.001,1,2215,0,439.599,9.526,-32.750,-436.938,35.500,-0.082,-0.027,1.492,4.992,-8.113,1.867,0.822,0.722,1.474,1.336,3,NULL,NULL,,3,0,2,7,255,1342,250,0,0
stim,164644,194765,0,194765,3392069.455,-0.453,0.308,-0.238,0.802,0,0,92,0,861,0,0,504,45,1.001,1,2215,0,439.295,10.708,-19.188,-436.250,47.938,-0.156,0.172,1.641,3.949,-9.953,0.215,0.888,0.788,1.474,1.336,3,NULL,NULL,,3,0,2,7,255,1342,250,0,0
stim,164644,194765,0,194765,3392074.454,-0.446,0.322,-0.248,0.798,0,0,77,0,423,0,0,440,45,1.001,1,2215,0,445.866,13.157,-10.500,-437.875,83.375,-0.352,0.152,1.859,3.949,-12.551,0.043,0.956,0.858,1.474,1.336,3,NULL,NULL,,3,0,2,7,255,1342,250,0,0
stim,164644,194765,0,194765,3392079.455,-0.436,0.336,-0.260,0.794,0,0,35,0,83,0,0,340,45,1.001,1,2215,0,475.978,16.082,-30.563,-455.813,133.625,-0.719,0.008,1.863,4.816,-15.344,-0.395,1.028,0.930,1.474,1.336,3,NULL,NULL,,3,0,2,7,255,1342,250,0,0
stim,164644,194765,0,194765,3392084.454,-0.425,0.348,-0.274,0.790,0,0,0,0,0,0,0,183,45,1.001,1,2215,0,502.922,17.679,-63.188,-467.938,173.125,-0.898,0.316,1.602,5.246,-16.883,-3.523,1.096,1.000,1.474,1.336,3,NULL,NULL,,3,0,2,7,255,1342,250,0,0
stim,164644,194765,0,194765,3392089.455,-0.416,0.360,-0.288,0.784,0,0,5,0,0,0,0,105,45,1.001,1,2215,0,487.353,17.679,-110.813,-454.063,138.063,-0.801,0.746,1.152,5.246,-16.883,-7.695,1.164,1.068,1.474,1.336,4,NULL,NULL,,3,0,2,7,255,1342,250,0,0
stim,164644,194765,0,194765,3392094.453,-0.410,0.371,-0.302,0.777,0,0,9,0,0,0,0,45,45,1.001,1,2215,0,452.696,15.613,-135.438,-425.813,72.625,-0.297,1.215,0.840,0.027,-15.613,-9.945,1.230,1.134,1.474,1.336,4,NULL,NULL,,3,0,2,7,255,1342,250,0,0
stim,164644,194765,0,194765,3392099.455,-0.404,0.380,-0.314,0.770,0,0,17,0,0,0,0,61,45,1.001,1,2215,0,423.493,14.856,-138.188,-395.063,64.625,-0.027,1.203,0.828,-6.832,-13.191,-9.945,1.290,1.192,1.474,1.336,0,NULL,NULL,,3,0,2,7,255,1342,250,0,0
stim,164674,194795,0,194795,3392104.453,-0.399,0.388,-0.328,0.763,0,0,17,0,0,0,0,96,45,1.001,1,2215,0,411.225,13.839,-177.125,-360.813,86.875,0.051,0.785,0.934,-6.832,-12.035,-8.180,1.346,1.248,1.474,1.336,0,NULL,NULL,,3,0,2,7,255,1342,250,0,0
stim,164674,194795,0,194795,3392109.455,-0.394,0.394,-0.341,0.757,0,0,18,0,0,0,0,125,45,1.001,1,2215,0,363.774,11.620,-178.563,-306.688,79.938,-0.020,0.262,1.012,-4.207,-10.832,-6.617,1.400,1.300,1.474,1.336,0,NULL,NULL,,3,0,2,7,255,1342,250,0,0
stim,164674,194795,0,194795,3392114.454,-0.391,0.398,-0.351,0.752,0,0,22,0,0,0,0,160,45,1.001,1,2215,0,299.220,10.041,-143.688,-253.500,68.000,-0.238,-0.105,1.156,0.715,-10.016,-6.617,1.452,1.352,1.474,1.336,0,NULL,NULL,,3,0,2,7,255,1342,250,0,0
stim,164674,194795,0,194795,3392119.455,-0.388,0.402,-0.360,0.747,0,0,17,0,0,0,0,187,45,1.001,1,2215,0,252.501,11.217,-137.750,-205.625,50.000,-0.359,-0.027,1.465,5.051,-10.016,-6.754,1.508,1.408,1.474,1.336,0,NULL,NULL,,3,0,2,7,255,1342,250,0,0
stim,164674,194795,0,194795,3392124.454,-0.388,0.403,-0.370,0.742,0,0,17,0,0,0,0,206,45,1.001,1,2215,0,243.048,14.166,-192.000,-146.188,28.938,-0.316,-0.082,1.445,5.691,-12.973,-6.758,1.570,1.468,1.474,1.336,0,NULL,NULL,,3,0,2,7,255,1342,250,0,0
stim,164674,194795,0,194795,3392129.455,-0.390,0.400,-0.380,0.737,0,0,16,0,0,0,0,214,45,1.001,1,2215,0,267.617,14.166,-254.813,-77.813,25.188,-0.195,0.094,0.949,5.691,-12.973,-6.961,1.632,1.530,1.474,1.336,0,NULL,NULL,,3,0,2,7,255,1342,250,0,0
stim,164721,194842,0,194842,3392134.453,-0.393,0.395,-0.389,0.733,0,0,16,0,0,0,0,204,45,1.001,1,2215,0,277.253,9.423,-273.000,-10.375,47.250,-0.273,0.488,0.344,2.289,-9.141,-8.160,1.696,1.592,1.474,1.336,0,NULL,NULL,,3,0,2,7,255,1342,250,0,0
stim,164721,194842,0,194842,3392139.455,-0.397,0.389,-0.397,0.731,0,0,13,0,0,0,0,175,45,1.001,1,2215,0,246.194,6.060,-236.625,56.188,38.250,-0.313,0.785,-0.008,-2.520,-5.512,-12.203,1.754,1.650,1.474,1.336,0,NULL,NULL,,3,0,2,7,255,1342,250,0,0
stim,164721,194842,0,194842,3392144.453,-0.402,0.382,-0.401,0.730,0,0,17,0,0,0,0,123,45,1.001,1,2215,0,212.611,4.732,-180.875,110.000,19.688,-0.352,0.484,-0.105,-3.223,-3.465,-14.594,1.804,1.704,1.474,1.336,0,NULL,NULL,,3,0,2,7,255,1342,250,0,0
stim,164721,194842,0,194842,3392149.455,-0.406,0.374,-0.403,0.730,0,0,13,0,0,0,0,115,45,1.001,1,2215,0,208.837,3.717,-140.688,153.563,15.438,-0.273,0.203,0.043,-3.223,-1.852,-14.594,1.854,1.754,1.474,1.336,0,NULL,NULL,,3,0,2,7,255,1342,250,0,0
stim,164721,194842,0,194842,3392154.454,-0.411,0.366,-0.403,0.731,0,0,8,0,0,0,0,99,45,1.001,1,2215,0,224.480,1.999,-124.750,186.000,15.250,-0.285,0.070,0.156,-0.754,-1.852,-12.578,1.902,1.802,1.474,1.336,0,NULL,NULL,,3,0,2,7,255,1342,250,0,0
stim,164721,194842,0,194842,3392159.455,-0.416,0.356,-0.404,0.733,0,0,7,0,0,0,0,98,45,1.001,1,2215,0,242.639,2.156,-122.500,207.375,29.375,-0.273,0.129,0.098,0.008,-2.156,-12.094,1.952,1.854,1.474,1.336,0,NULL,NULL,,3,0,2,7,255,1342,250,0,0
stim,164721,194842,0,194842,3392164.453,-0.421,0.347,-0.404,0.735,0,0,5,0,0,0,0,94,45,1.001,1,2215,0,249.396,2.156,-108.188,221.375,38.563,-0.277,0.137,-0.035,0.008,-2.156,-12.094,2.006,1.906,1.474,1.336,0,NULL,NULL,,3,0,2,7,255,1342,250,0,0
stim,164721,194842,0,194842,3392169.455,-0.425,0.337,-0.403,0.737,0,0,0,0,0,0,0,89,45,1.001,1,2215,0,247.628,1.087,-77.625,230.813,44.938,-0.277,0.129,-0.098,-0.211,-1.066,-12.688,2.060,1.962,1.474,1.336,0,NULL,NULL,,3,0,2,7,255,1342,250,0,0
stim,164741,194862,0,194862,3392174.454,-0.428,0.328,-0.400,0.741,0,0,0,0,0,0,0,90,45,1.001,1,2215,0,247.551,0.579,-50.000,237.625,48.125,-0.258,0.156,-0.113,-0.230,-0.531,-12.902,2.114,2.016,1.474,1.336,0,NULL,NULL,,3,0,2,7,255,1342,250,0,0
stim,164741,194862,0,194862,3392179.455,-0.431,0.319,-0.397,0.745,0,0,0,0,0,0,0,85,45,1.001,1,2215,0,251.432,0.751,-25.000,243.250,58.500,-0.270,0.191,-0.059,-0.531,-0.531,-12.902,2.156,2.056,1.474,1.336,0,NULL,NULL,,3,0,2,7,255,1342,250,0,0
stim,164741,194862,0,194862,3392184.454,-0.434,0.309,-0.393,0.749,0,0,0,0,0,0,0,77,45,1.001,1,2215,0,257.158,1.333,-6.500,250.563,57.500,-0.281,0.305,0.023,-0.695,-1.137,-12.902,2.186,2.086,1.474,1.336,0,NULL,NULL,,3,0,2,7,255,1342,250,0,0
stim,164741,194862,0,194862,3392189.455,-0.437,0.300,-0.389,0.754,0,0,0,0,0,0,0,71,45,1.001,1,2215,0,261.293,2.470,8.563,254.688,57.750,-0.285,0.258,0.090,-1.035,-2.242,-12.859,2.210,2.110,1.474,1.336,0,NULL,NULL,,3,0,2,7,255,1342,250,0,0
stim,164764,194885,0,194885,3392194.454,-0.439,0.291,-0.384,0.758,0,0,0,0,0,0,0,69,45,1.001,1,2215,0,267.357,2.913,22.250,257.688,67.688,-0.324,0.203,0.164,-1.035,-2.723,-12.438,2.230,2.130,1.474,1.336,0,NULL,NULL,,3,0,2,7,255,1342,250,0,0
stim,164764,194885,0,194885,3392199.455,-0.441,0.282,-0.379,0.763,0,0,0,0,0,0,0,62,45,1.001,1,2215,0,270.474,3.425,32.375,261.625,60.500,-0.383,0.219,0.254,-0.316,-3.410,-12.137,2.250,2.150,1.474,1.336,0,NULL,NULL,,3,0,2,7,255,1342,250,0,0
stim,164764,194885,0,194885,3392204.453,-0.444,0.273,-0.373,0.768,0,0,0,0,0,0,0,69,45,1.001,1,2215,0,272.774,4.502,40.813,265.250,48.813,-0.383,0.176,0.348,-0.137,-4.500,-12.098,2.272,2.170,1.474,1.336,0,NULL,NULL,,3,0,2,7,255,1342,250,0,0
stim,164764,194885,0,194885,3392209.455,-0.446,0.265,-0.366,0.773,0,0,0,0,0,0,0,71,45,1.001,1,2215,0,277.634,5.165,47.375,270.000,44.000,-0.402,0.188,0.457,0.309,-5.156,-11.305,2.292,2.188,1.474,1.336,0,NULL,NULL,,3,0,2,7,255,1342,250,0,0
stim,164764,194885,0,194885,3392214.453,-0.449,0.256,-0.359,0.777,0,0,0,0,0,0,0,61,45,1.001,1,2215,0,281.756,6.221,51.125,275.000,33.875,-0.477,0.219,0.609,0.348,-6.211,-10.762,2.310,2.206,1.474,1.336,0,NULL,NULL,,3,0,2,7,255,1342,250,0,0
stim,164764,194885,0,194885,3392219.455,-0.453,0.247,-0.352,0.781,0,0,0,0,0,0,0,58,45,1.001,1,2215,0,284.787,7.923,47.938,280.125,18.313,-0.539,0.215,0.797,0.453,-7.910,-10.324,2.328,2.222,1.474,1.336,0,NULL,NULL,,3,0,2,7,255,1342,250,0,0
stim,164819,194940,0,194940,3392224.454,-0.457,0.238,-0.345,0.784,0,0,0,0,0,0,0,61,45,1.001,1,2215,0,289.691,9.671,32.375,287.875,-1.000,-0.566,0.273,0.938,0.453,-9.660,-9.441,2.346,2.238,1.474,1.336,0,NULL,NULL,,3,0,2,7,255,1342,250,0,0
stim,164819,194940,0,194940,3392229.455,-0.462,0.229,-0.339,0.787,0,0,0,0,0,0,0,63,45,1.001,1,2215,0,299.380,11.056,10.875,298.188,-24.375,-0.520,0.336,0.984,0.438,-11.047,-8.703,2.364,2.256,1.474,1.336,0,NULL,NULL,,3,0,2,7,255,1342,250,0,0
stim,164819,194940,0,194940,3392234.453,-0.469,0.219,-0.332,0.789,0,0,0,0,0,0,0,59,45,1.001,1,2215,0,311.797,11.055,-4.375,309.125,-40.500,-0.445,0.313,0.988,-0.418,-11.047,-8.035,2.384,2.274,1.474,1.336,0,NULL,NULL,,3,0,2,7,255,1342,250,0,0
stim,164819,194940,0,194940,3392239.455,-0.476,0.208,-0.325,0.790,0,0,0,0,0,0,0,67,45,1.001,1,2215,0,326.362,10.793,-16.125,321.688,-52.625,-0.383,0.277,0.988,-0.719,-10.770,-7.191,2.406,2.298,1.474,1.336,0,NULL,NULL,,3,0,2,7,255,1342,250,0,0
stim,164819,194940,0,194940,3392244.453,-0.483,0.197,-0.319,0.791,0,0,0,0,0,0,0,74,45,1.001,1,2215,0,344.301,10.258,-28.125,336.000,-69.688,-0.309,0.293,0.949,-0.855,-10.223,-6.449,2.436,2.324,1.474,1.336,0,NULL,NULL,,3,0,2,7,255,1342,250,0,0
stim,164819,194940,0,194940,3392249.455,-0.492,0.186,-0.312,0.792,0,0,0,0,0,0,0,90,45,1.001,1,2215,0,359.775,9.561,-34.375,348.438,-82.750,-0.215,0.336,0.879,-1.508,-9.441,-6.047,2.468,2.356,1.474,1.336,0,NULL,NULL,,3,0,2,7,255,1342,250,0,0
stim,164819,194940,0,194940,3392254.454,-0.500,0.174,-0.304,0.792,0,0,0,0,0,0,0,102,45,1.001,1,2215,0,370.161,8.695,-32.125,358.188,-87.688,-0.105,0.355,0.824,-2.434,-8.348,-5.902,2.506,2.392,1.474,1.336,0,NULL,NULL,,3,0,2,7,255,1342,250,0,0
stim,164819,194940,0,194940,3392259.455,-0.508,0.162,-0.297,0.792,0,0,0,0,0,0,0,111,45,1.001,1,2215,0,378.336,7.847,-26.063,366.688,-89.438,-0.008,0.363,0.770,-3.219,-7.156,-5.566,2.552,2.436,1.474,1.336,0,NULL,NULL,,3,0,2,7,255,1342,250,0,0
stim,164838,194959,0,194959,3392264.454,-0.517,0.151,-0.288,0.792,0,0,0,0,0,0,0,109,45,1.001,1,2215,0,383.590,7.089,-16.125,372.938,-88.313,0.090,0.352,0.699,-3.813,-5.977,-5.281,2.598,2.482,1.474,1.336,0,NULL,NULL,,3,0,2,7,255,1342,250,0,0
stim,164838,194959,0,194959,3392269.455,-0.525,0.139,-0.279,0.792,0,0,0,0,0,0,0,117,45,1.001,1,2215,0,384.164,6.188,0.313,375.500,-81.125,0.152,0.313,0.621,-4.102,-4.633,-5.172,2.646,2.528,1.474,1.336,0,NULL,NULL,,3,0,2,7,255,1342,250,0,0
stim,164838,194959,0,194959,3392274.454,-0.532,0.127,-0.269,0.793,0,0,0,0,0,0,0,117,45,1.001,1,2215,0,380.865,5.329,24.313,373.750,-69.125,0.160,0.254,0.574,-4.102,-3.402,-5.172,2.692,2.574,1.474,1.336,0,NULL,NULL,,3,0,2,7,255,1342,250,0,0
stim,164838,194959,0,194959,3392279.455,-0.538,0.117,-0.258,0.794,0,0,0,0,0,0,0,119,45,1.001,1,2215,0,377.626,4.527,54.000,369.188,-58.188,0.141,0.238,0.586,-3.613,-2.727,-5.172,2.740,2.620,1.474,1.336,0,NULL,NULL,,3,0,2,7,255,1342,250,0,0
stim,164838,194959,0,194959,3392284.453,-0.544,0.107,-0.247,0.795,0,0,0,0,0,0,0,111,45,1.001,1,2215,0,376.121,4.527,83.938,363.000,-51.500,0.121,0.285,0.676,-3.613,-2.727,-5.125,2.784,2.666,1.474,1.336,0,NULL,NULL,,3,0,2,7,255,1342,250,0,0
stim,164838,194959,0,194959,3392289.455,-0.549,0.098,-0.234,0.796,0,0,0,0,0,0,0,111,45,1.001,1,2215,0,374.721,5.133,109.813,355.313,-45.938,0.137,0.344,0.816,-3.957,-3.270,-4.543,2.828,2.708,1.474,1.336,0,NULL,NULL,,3,0,2,7,255,1342,250,0,0
stim,164861,194982,0,194982,3392294.454,-0.554,0.089,-0.221,0.798,0,0,0,0,0,0,0,111,45,1.001,1,2215,0,372.757,6.048,127.625,348.000,-39.438,0.148,0.371,0.969,-4.727,-3.773,-3.324,2.868,2.746,1.474,1.336,0,NULL,NULL,,3,0,2,7,255,1342,250,0,0
stim,164861,194982,0,194982,3392299.455,-0.558,0.081,-0.208,0.799,0,0,0,0,0,0,0,109,45,1.001,1,2215,0,369.084,6.711,137.688,341.000,-31.375,0.102,0.387,1.109,-5.219,-4.219,-1.945,2.904,2.782,1.474,1.336,0,NULL,NULL,,3,0,2,7,255,1342,250,0,0
stim,164861,194982,0,194982,3392304.453,-0.562,0.074,-0.195,0.801,0,0,0,0,0,0,0,103,45,1.001,1,2215,0,364.775,7.309,143.500,334.188,-28.063,0.043,0.395,1.250,-5.371,-4.957,-0.766,2.936,2.812,1.474,1.336,0,NULL,NULL,,3,0,2,7,255,1342,250,0,0
stim,164861,194982,0,194982,3392309.455,-0.565,0.066,-0.181,0.802,0,0,0,0,0,0,0,89,45,1.001,1,2215,0,360.355,7.877,142.750,329.438,-30.813,0.023,0.402,1.363,-5.426,-5.711,0.430,2.964,2.840,1.474,1.336,0,NULL,NULL,,3,0,2,7,255,1342,250,0,0
stim,164893,195014,0,195014,3392314.453,-0.569,0.058,-0.168,0.803,0,0,0,0,0,0,0,84,45,1.001,1,2215,0,355.591,8.151,139.625,325.438,-32.250,0.016,0.398,1.469,-5.551,-5.969,1.582,2.990,2.864,1.474,1.336,0,NULL,NULL,,3,0,2,7,255,1342,250,0,0
stim,164893,195014,0,195014,3392319.455,-0.572,0.051,-0.156,0.803,0,0,0,0,0,0,0,81,45,1.001,1,2215,0,350.719,8.194,133.500,322.563,-33.688,-0.020,0.402,1.566,-5.594,-5.988,2.695,3.010,2.886,1.474,1.336,0,NULL,NULL,,3,0,2,7,255,1342,250,0,0
stim,164893,195014,0,195014,3392324.454,-0.576,0.043,-0.143,0.804,0,0,0,0,0,0,0,85,45,1.001,1,2215,0,346.118,8.409,123.375,320.938,-39.688,-0.059,0.418,1.668,-5.660,-6.219,3.715,3.030,2.904,1.474,1.336,0,NULL,NULL,,3,0,2,7,255,1342,250,0,0
stim,164893,195014,0,195014,3392329.455,-0.580,0.035,-0.131,0.803,0,0,0,0,0,0,0,85,45,1.001,1,2215,0,341.652,8.626,109.188,320.063,-48.625,-0.070,0.445,1.750,-5.789,-6.395,4.723,3.050,2.924,1.474,1.336,0,NULL,NULL,,3,0,2,7,255,1342,250,0,0
stim,164923,195044,0,195044,3392334.454,-0.584,0.026,-0.120,0.803,0,0,0,0,0,0,0,88,45,1.001,1,2215,0,337.736,8.849,94.188,319.188,-57.563,-0.070,0.438,1.801,-6.117,-6.395,5.582,3.070,2.944,1.474,1.336,0,NULL,NULL,,3,0,2,7,255,1342,250,0,0
stim,164923,195044,0,195044,3392339.455,-0.588,0.018,-0.109,0.801,0,0,0,0,0,0,0,89,45,1.001,1,2215,0,333.158,8.594,76.500,317.688,-64.938,-0.066,0.438,1.809,-6.164,-5.988,6.273,3.092,2.964,1.474,1.336,0,NULL,NULL,,3,0,2,7,255,1342,250,0,0
stim,164923,195044,0,195044,3392344.453,-0.592,0.009,-0.099,0.800,0,0,0,0,0,0,0,92,45,1.001,1,2215,0,329.661,8.240,61.625,315.688,-72.250,-0.023,0.387,1.738,-6.164,-5.469,6.273,3.118,2.990,1.474,1.336,0,NULL,NULL,,3,0,2,7,255,1342,250,0,0
stim,164923,195044,0,195044,3392349.455,-0.596,-0.000,-0.089,0.798,0,0,0,0,0,0,0,95,45,1.001,1,2215,0,326.710,7.292,57.813,312.625,-75.250,0.020,0.363,1.648,-5.871,-4.324,6.086,3.144,3.016,1.474,1.336,0,NULL,NULL,,3,0,2,7,255,1342,250,0,0
stim,164923,195044,0,195044,3392354.453,-0.600,-0.009,-0.079,0.796,0,0,0,0,0,0,0,101,45,1.001,1,2215,0,323.316,6.701,61.375,308.313,-75.563,0.023,0.402,1.613,-5.871,-3.230,5.434,3.174,3.046,1.474,1.336,0,NULL,NULL,,3,0,2,7,255,1342,250,0,0
stim,164923,195044,0,195044,3392359.455,-0.604,-0.017,-0.068,0.794,0,0,0,0,0,0,0,98,45,1.001,1,2215,0,320.708,6.706,67.938,303.375,-78.750,0.023,0.402,1.613,-6.086,-2.816,5.137,3.208,3.078,1.474,1.336,0,NULL,NULL,,3,0,2,7,255,1342,250,0,0
stim,164923,195044,0,195044,3392364.454,-0.608,-0.025,-0.058,0.791,0,0,0,0,0,0,0,96,45,1.001,1,2215,0,317.859,6.520,75.000,298.125,-80.813,0.059,0.379,1.617,-6.086,-2.340,5.137,3.240,3.110,1.474,1.336,0,NULL,NULL,,3,0,2,7,255,1342,250,0,0
stim,164923,195044,0,195044,3392369.455,-0.612,-0.033,-0.048,0.789,0,0,0,0,0,0,0,94,45,1.001,1,2215,0,314.663,6.187,84.313,292.750,-78.750,0.082,0.367,1.609,-5.996,-1.523,5.289,3.274,3.144,1.474,1.336,0,NULL,NULL,,3,0,2,7,255,1342,250,0,0
stim,164923,195044,0,195044,3392374.454,-0.616,-0.040,-0.037,0.786,0,0,0,0,0,0,0,87,45,1.001,1,2215,0,314.176,6.053,100.188,287.813,-76.375,0.086,0.371,1.645,-5.996,-0.828,5.293,3.306,3.174,1.474,1.336,0,NULL,NULL,,3,0,2,7,255,1342,250,0,0
stim,164923,195044,0,195044,3392379.455,-0.619,-0.046,-0.025,0.783,0,0,0,0,0,0,0,85,45,1.001,1,2215,0,316.982,6.006,118.000,284.063,-76.563,0.098,0.367,1.727,-5.996,-0.344,5.633,3.334,3.202,1.474,1.336,0,NULL,NULL,,3,0,2,7,255,1342,250,0,0
stim,164957,195078,0,195078,3392384.453,-0.623,-0.052,-0.013,0.780,0,0,2,0,0,0,0,77,45,1.001,1,2215,0,321.131,6.054,132.125,282.313,-77.250,0.121,0.367,1.824,-6.051,0.211,6.441,3.360,3.228,1.474,1.336,0,NULL,NULL,,3,0,2,7,255,1342,250,0,0
stim,164957,195078,0,195078,3392389.455,-0.626,-0.058,-0.001,0.778,0,0,7,0,0,0,0,94,45,1.001,1,2215,0,325.527,6.205,142.500,282.438,-76.750,0.156,0.387,1.914,-6.129,0.969,7.426,3.382,3.250,1.474,1.336,0,NULL,NULL,,3,0,2,7,255,1342,250,0,0
stim,164957,195078,0,195078,3392394.454,-0.629,-0.063,0.012,0.774,0,0,0,0,0,0,0,113,45,1.001,1,2215,0,329.952,6.623,150.813,283.188,-77.000,0.230,0.410,1.984,-6.363,1.836,8.254,3.402,3.268,1.474,1.336,0,NULL,NULL,,3,0,2,7,255,1342,250,0,0
stim,164957,195078,0,195078,3392399.455,-0.632,-0.068,0.024,0.771,0,0,0,0,0,0,0,127,45,1.001,1,2215,0,331.488,7.333,155.625,283.063,-74.438,0.387,0.402,1.984,-6.648,3.094,8.547,3.418,3.284,1.474,1.336,0,NULL,NULL,,3,0,2,7,255,1342,250,0,0
stim,164957,195078,0,195078,3392404.454,-0.635,-0.073,0.037,0.768,0,0,0,0,0,0,0,138,45,1.001,1,2215,0,331.431,8.399,163.000,281.813,-62.125,0.578,0.348,1.852,-6.648,5.133,8.547,3.432,3.298,1.474,1.336,0,NULL,NULL,,3,0,2,7,255,1342,250,0,0
stim,164957,195078,0,195078,3392409.455,-0.637,-0.078,0.051,0.765,0,0,0,0,0,0,0,138,45,1.001,1,2215,0,340.813,9.656,187.125,281.250,-45.125,0.734,0.254,1.727,-6.195,7.406,6.922,3.446,3.310,1.474,1.336,0,NULL,NULL,,3,0,2,7,255,1342,250,0,0
stim,164980,195101,0,195101,3392414.453,-0.638,-0.081,0.066,0.763,0,0,0,0,0,0,0,141,45,1.001,1,2215,0,360.754,10.695,226.063,279.875,-26.625,0.813,0.156,1.770,-5.211,9.340,5.430,3.458,3.320,1.474,1.336,0,NULL,NULL,,3,0,2,7,255,1342,250,0,0
stim,164980,195101,0,195101,3392419.455,-0.639,-0.083,0.083,0.760,0,0,0,0,0,0,0,140,45,1.001,1,2215,0,381.371,11.575,260.438,278.438,-9.438,0.844,0.164,1.941,-4.184,10.793,5.430,3.470,3.332,1.474,1.336,0,NULL,NULL,,3,0,2,7,255,1342,250,0,0
stim,164980,195101,0,195101,3392424.454,-0.639,-0.084,0.100,0.758,0,0,0,0,0,0,0,145,45,1.001,1,2215,0,395.068,12.594,281.063,277.625,2.688,0.859,0.281,2.141,-4.184,11.879,6.766,3.480,3.340,1.474,1.336,0,NULL,NULL,,3,0,2,7,255,1342,250,0,0
stim,164980,195101,0,195101,3392429.455,-0.639,-0.085,0.117,0.756,0,0,0,0,0,0,0,153,45,1.001,1,2215,0,401.166,13.725,289.375,277.625,11.000,0.898,0.430,2.320,-4.879,12.828,8.340,3.488,3.348,1.474,1.336,0,NULL,NULL,,3,0,2,7,255,1342,250,0,0
stim,165023,195144,0,195144,3392434.454,-0.638,-0.086,0.134,0.753,0,0,0,0,0,0,0,160,45,1.001,1,2215,0,400.048,15.197,287.313,277.750,18.563,0.961,0.531,2.496,-5.977,13.973,9.734,3.494,3.354,1.474,1.336,0,NULL,NULL,,3,0,2,7,255,1342,250,0,0
stim,165023,195144,0,195144,3392439.455,-0.636,-0.088,0.151,0.751,0,0,0,0,0,0,0,159,45,1.001,1,2215,0,391.442,16.687,275.563,276.563,28.375,1.020,0.539,2.656,-6.238,15.477,10.949,3.496,3.354,1.474,1.336,0,NULL,NULL,,3,0,2,7,255,1342,250,0,0
stim,165023,195144,0,195144,3392444.453,-0.635,-0.089,0.167,0.749,0,0,0,0,0,0,0,157,45,1.001,1,2215,0,370.439,18.226,247.688,272.500,40.250,1.070,0.516,2.750,-6.238,17.125,11.930,3.494,3.352,1.474,1.336,0,NULL,NULL,,3,0,2,7,255,1342,250,0,0
stim,165023,195144,0,195144,3392449.455,-0.632,-0.092,0.181,0.748,0,0,0,0,0,0,0,179,45,1.001,1,2215,0,342.309,19.400,209.875,265.375,52.000,1.137,0.465,2.680,-5.664,18.555,11.930,3.488,3.344,1.474,1.336,0,NULL,NULL,,3,0,2,7,255,1342,250,0,0
stim,165023,195144,0,195144,3392454.453,-0.629,-0.095,0.194,0.747,0,0,0,0,0,0,0,189,45,1.001,1,2215,0,318.767,20.150,179.188,255.813,63.750,1.262,0.379,2.457,-5.031,19.512,10.879,3.474,3.330,1.474,1.336,0,NULL,NULL,,3,0,2,7,255,1342,250,0,0
stim,165023,195144,0,195144,3392459.455,-0.625,-0.098,0.207,0.746,0,0,0,0,0,0,0,219,45,1.001,1,2215,0,303.793,20.807,162.438,244.938,76.875,1.418,0.238,2.168,-4.348,20.348,7.863,3.454,3.308,1.474,1.336,0,NULL,NULL,,3,0,2,7,255,1342,250,0,0
stim,165023,195144,0,195144,3392464.454,-0.621,-0.101,0.219,0.746,0,0,0,0,0,0,0,283,45,1.001,1,2215,0,297.454,21.350,159.688,233.188,92.750,1.547,0.016,1.895,-3.398,21.078,4.047,3.426,3.280,1.474,1.336,0,NULL,NULL,,3,0,2,7,255,1342,250,0,0
stim,165023,195145,0,195145,3392469.455,-0.616,-0.102,0.231,0.746,0,0,0,0,0,0,0,319,45,1.001,1,2215,0,297.922,21.563,166.250,219.563,113.625,1.602,-0.262,1.633,-1.703,21.496,0.332,3.392,3.246,1.474,1.336,0,NULL,NULL,,3,0,2,7,255,1342,250,0,0
stim,165041,195162,0,195162,3392474.454,-0.610,-0.103,0.243,0.747,0,0,0,0,0,0,0,343,45,1.001,1,2215,0,304.272,21.503,181.375,204.563,133.563,1.602,-0.531,1.367,0.531,21.496,-3.121,3.346,3.200,1.474,1.336,0,NULL,NULL,,3,0,2,7,255,1342,250,0,0
stim,165041,195162,0,195162,3392479.455,-0.604,-0.102,0.255,0.748,0,0,0,0,0,0,0,356,45,1.001,1,2215,0,319.298,20.957,210.250,189.125,148.250,1.570,-0.773,1.164,2.766,20.773,-6.363,3.294,3.146,1.474,1.336,0,NULL,NULL,,3,0,2,7,255,1342,250,0,0
stim,165041,195162,0,195162,3392484.453,-0.599,-0.100,0.269,0.748,0,0,0,0,0,0,0,363,45,1.001,1,2215,0,344.072,20.510,253.750,173.625,154.438,1.527,-0.926,1.156,4.797,19.941,-8.906,3.236,3.088,1.474,1.336,0,NULL,NULL,,3,0,2,7,255,1342,250,0,0
stim,165041,195162,0,195162,3392489.455,-0.593,-0.096,0.283,0.747,0,0,3,0,0,0,0,365,45,1.001,1,2215,0,367.267,20.897,294.500,158.813,151.438,1.512,-0.926,1.398,6.246,19.941,-8.906,3.172,3.024,1.474,1.336,0,NULL,NULL,,3,0,2,7,255,1342,250,0,0
stim,165073,195194,0,195194,3392494.454,-0.588,-0.091,0.298,0.746,0,0,3,0,0,0,0,375,45,1.001,1,2215,0,368.412,21.907,308.750,145.250,138.938,1.547,-0.832,1.773,6.367,20.961,-8.125,3.102,2.954,1.474,1.336,0,NULL,NULL,,3,0,2,7,255,1342,250,0,0
stim,165073,195194,0,195194,3392499.455,-0.584,-0.086,0.311,0.745,0,0,7,0,0,0,0,391,45,1.001,1,2215,0,338.637,24.023,288.188,132.313,118.813,1.672,-0.789,2.086,6.367,23.164,-5.563,3.028,2.878,1.474,1.336,0,NULL,NULL,,3,0,2,7,255,1342,250,0,0
stim,165073,195194,0,195194,3392504.454,-0.580,-0.083,0.323,0.743,0,0,4,0,0,0,0,393,45,1.001,1,2215,0,290.811,26.658,246.500,118.875,98.375,1.887,-0.887,2.176,6.367,25.887,-5.297,2.948,2.798,1.474,1.336,0,NULL,NULL,,3,0,2,7,255,1342,250,0,0
stim,165073,195194,0,195194,3392509.455,-0.577,-0.080,0.332,0.742,0,0,7,0,0,0,0,405,45,1.001,1,2215,0,242.419,29.130,204.313,100.875,82.750,1.992,-1.113,2.191,6.887,28.305,-5.297,2.864,2.714,1.474,1.336,0,NULL,NULL,,3,0,2,7,255,1342,250,0,0
stim,165073,195194,0,195194,3392514.453,-0.574,-0.077,0.340,0.741,0,0,5,0,0,0,0,415,45,1.001,1,2215,0,188.077,30.835,161.938,77.500,56.063,1.957,-1.137,2.242,8.688,29.586,-6.934,2.774,2.622,1.474,1.336,0,NULL,NULL,,3,0,2,7,255,1342,250,0,0
stim,165073,195194,0,195194,3392519.455,-0.573,-0.075,0.346,0.739,0,0,3,0,0,0,0,427,45,1.001,1,2215,0,152.207,31.030,141.000,53.813,19.750,2.078,-1.363,2.152,9.219,29.629,-7.012,2.680,2.526,1.474,1.336,0,NULL,NULL,,3,0,2,7,255,1342,250,0,0
stim,165121,195242,0,195242,3392524.454,-0.573,-0.073,0.350,0.737,0,0,5,0,0,0,0,437,45,1.001,1,2215,0,120.396,31.668,118.188,21.938,6.750,2.027,-0.926,2.418,9.219,30.297,-6.934,2.582,2.428,1.474,1.336,0,NULL,NULL,,3,0,2,7,255,1342,250,0,0
stim,165121,195242,0,195242,3392529.455,-0.573,-0.071,0.352,0.736,0,0,5,0,0,0,0,429,45,1.001,1,2215,0,73.518,31.924,73.125,-7.188,2.438,2.070,-0.668,2.621,7.813,30.953,-5.707,2.480,2.326,1.474,1.336,0,NULL,NULL,,3,0,2,7,255,1342,250,0,0
stim,165121,195242,0,195242,3392534.454,-0.573,-0.069,0.351,0.737,0,0,0,0,0,0,0,430,45,1.001,1,2215,0,51.318,31.540,2.313,-39.750,32.375,1.879,-0.363,2.730,6.059,30.953,-3.461,2.370,2.214,1.474,1.336,0,NULL,NULL,,3,0,2,7,255,1342,250,0,0
stim,165121,195242,0,195242,3392539.455,-0.572,-0.069,0.347,0.740,0,0,0,0,0,0,0,434,45,1.001,1,2215,0,121.566,31.257,-92.375,-69.188,38.188,1.477,-0.238,2.758,4.379,30.949,-0.363,2.256,2.100,1.474,1.336,0,NULL,NULL,,3,0,2,7,255,1342,250,0,0
stim,165121,195242,0,195242,3392544.453,-0.573,-0.069,0.340,0.743,0,0,0,0,0,0,0,430,45,1.001,1,2215,0,169.790,28.051,-141.688,-93.063,9.625,0.973,-0.238,1.785,4.277,27.723,-0.363,2.136,1.980,1.474,1.336,0,NULL,NULL,,3,0,2,7,255,1342,250,0,0
stim,165121,195242,0,195242,3392549.455,-0.576,-0.070,0.332,0.744,0,0,0,0,0,0,0,483,45,1.001,1,2215,0,196.757,18.578,-145.313,-118.938,-58.750,0.617,-0.242,2.008,4.379,18.055,1.703,2.012,1.854,1.474,1.336,0,NULL,NULL,,3,0,2,7,255,1342,250,0,0
stim,165121,195242,0,195242,3392554.453,-0.576,-0.060,0.329,0.746,42,0,0,318,0,8,0,499,45,1.001,1,2215,0,231.044,18.745,55.813,-201.375,98.563,-0.121,-0.371,3.938,5.039,18.055,1.703,1.878,1.720,1.474,1.336,0,NULL,NULL,,3,0,2,7,255,1342,250,0,0
stim,165121,195242,0,195242,3392559.455,-0.567,-0.056,0.317,0.758,543,0,0,873,0,101,0,524,45,1.001,1,2215,0,457.586,17.170,-252.500,-194.313,328.438,-0.938,1.734,4.535,5.039,16.414,19.738,1.742,1.582,1.474,1.336,0,NULL,NULL,,3,0,2,7,255,1342,250,0,0
stim,165145,195266,0,195266,3392564.454,-0.560,-0.066,0.290,0.773,1006,0,0,1300,0,319,0,573,45,1.001,1,2215,0,770.288,13.476,-730.250,-141.875,199.875,-1.441,2.375,1.895,-1.254,13.418,19.832,1.604,1.442,1.474,1.336,0,NULL,NULL,,3,0,2,7,255,1342,250,0,0
stim,165145,195266,0,195266,3392569.455,-0.559,-0.078,0.264,0.782,1403,0,0,1622,0,495,0,633,45,1.001,1,2215,0,682.159,12.993,-669.375,-130.625,14.688,-1.719,1.754,-0.699,-10.750,-7.297,19.832,1.460,1.298,1.474,1.336,0,NULL,NULL,,3,0,2,7,255,1342,250,0,0
stim,165145,195266,0,195266,3392574.454,-0.561,-0.085,0.248,0.785,1711,0,0,1845,0,617,0,701,46,1.001,1,2216,0,417.844,19.795,-392.250,-113.875,-88.125,-1.184,0.684,-1.086,-10.750,-16.621,-3.488,1.312,1.148,1.474,1.336,1,1321.000,-21.000,,3,0,2,7,255,1342,250,0,0
stim,165145,195266,0,195266,3392579.455,-0.567,-0.085,0.239,0.784,1967,0,0,1929,0,765,0,781,46,1.001,1,2216,0,234.902,16.968,-143.188,-120.688,-141.813,-0.176,0.277,-0.117,-3.414,-16.621,-9.457,1.162,0.994,1.474,1.336,1,NULL,NULL,,3,0,2,7,255,1342,250,0,0
stim,165145,195266,0,195266,3392584.453,-0.570,-0.083,0.233,0.784,2141,0,0,2015,0,977,0,860,46,1.001,1,2216,0,155.905,4.389,-72.125,-123.875,-61.313,0.418,0.586,0.895,-3.414,-2.758,-9.457,1.012,0.840,1.474,1.336,1,NULL,NULL,,3,0,2,7,255,1342,250,0,0
stim,165145,195266,0,195266,3392589.455,-0.569,-0.082,0.226,0.786,2361,0,0,2200,0,1143,0,968,46,1.001,1,2216,0,181.529,6.607,-123.688,-128.313,34.500,0.129,1.160,1.141,-5.906,2.961,-2.285,0.860,0.684,1.474,1.336,1,NULL,NULL,,3,0,2,7,255,1342,250,0,0
stim,165146,195267,0,195267,3392594.454,-0.568,-0.081,0.217,0.789,2567,0,0,2446,0,1223,0,1042,46,1.001,1,2216,0,221.973,6.607,-175.625,-129.250,41.500,-0.566,0.813,1.020,-5.906,2.961,2.328,0.720,0.534,1.474,1.336,1,NULL,NULL,,3,0,2,7,255,1342,250,0,0
stim,165146,195267,0,195267,3392599.455,-0.567,-0.081,0.206,0.794,2713,0,0,2621,0,1243,0,1108,46,1.001,1,2216,0,278.935,5.483,-223.063,-155.375,62.500,-1.594,-0.898,0.438,-4.750,-2.738,2.328,0.590,0.392,1.474,1.336,2,NULL,NULL,,3,0,2,7,255,1342,250,0,0
stim,165186,195307,0,195307,3392604.454,-0.567,-0.080,0.194,0.797,2804,0,0,2735,0,1275,0,1205,46,1.001,1,2216,0,284.819,16.376,-226.813,-171.688,14.188,-1.543,-1.418,0.113,13.867,-8.711,-2.066,0.472,0.260,1.474,1.336,2,NULL,NULL,,3,0,2,7,255,1342,250,0,0
stim,165186,195307,0,195307,3392609.455,-0.572,-0.078,0.186,0.795,2873,0,0,2807,0,1295,0,1307,46,1.001,1,2216,0,221.888,16.376,-89.813,-168.813,-112.563,-1.023,-0.980,0.168,13.867,-8.711,-6.176,0.378,0.152,1.474,1.336,2,NULL,NULL,,3,0,2,7,255,1342,250,0,0
stim,165186,195307,0,195307,3392614.453,-0.577,-0.072,0.181,0.793,2931,0,0,2888,0,1323,0,1404,46,1.001,1,2216,0,215.941,13.566,-11.063,-179.688,-119.250,-0.141,-0.402,0.723,12.406,-5.488,-6.176,0.338,0.124,1.474,1.336,2,NULL,NULL,,3,0,2,7,255,1342,250,0,0
stim,165186,195307,0,195307,3392619.455,-0.580,-0.066,0.176,0.793,2967,0,0,2935,0,1365,0,1447,46,1.001,1,2216,0,192.436,6.302,3.375,-184.000,-56.250,0.406,-0.680,1.305,5.828,2.398,-3.484,0.330,0.138,1.474,1.336,2,NULL,NULL,,3,0,2,7,255,1342,250,0,0
stim,165186,195307,0,195307,3392624.454,-0.580,-0.061,0.170,0.794,2985,0,0,2979,0,1399,0,1447,46,1.001,1,2216,0,184.345,11.399,-40.938,-178.563,20.563,0.578,-1.230,1.613,5.828,9.797,-0.254,0.346,0.182,1.474,1.336,2,NULL,NULL,,3,0,2,7,255,1342,250,0,0
stim,165186,195307,0,195307,3392629.455,-0.578,-0.057,0.163,0.797,3019,0,0,3015,0,1445,0,1450,46,1.001,1,2216,0,212.188,17.167,-103.000,-165.500,83.813,0.531,-1.492,1.488,10.625,13.484,0.129,0.372,0.232,1.474,1.336,2,NULL,NULL,,3,0,2,7,255,1342,250,0,0
stim,165221,195342,0,195342,3392634.454,-0.574,-0.054,0.155,0.802,3020,0,0,3045,0,1500,0,1448,46,1.001,1,2216,0,240.921,17.223,-127.188,-154.250,134.438,0.285,-1.211,0.977,10.715,13.484,0.129,0.388,0.272,1.474,1.336,2,NULL,NULL,,3,0,2,7,255,1342,250,0,0
stim,165221,195342,0,195342,3392639.454,-0.569,-0.050,0.148,0.807,3038,0,0,3062,0,1629,0,1455,46,1.001,1,2216,0,239.070,13.971,-90.500,-150.125,162.563,-0.035,-0.625,0.641,10.715,8.965,-3.293,0.408,0.312,1.474,1.336,2,NULL,NULL,,3,0,2,7,255,1342,250,0,0
stim,165221,195342,0,195342,3392644.453,-0.564,-0.045,0.144,0.812,3053,0,0,3093,0,1738,0,1491,46,1.001,1,2216,0,219.379,6.991,-36.563,-147.938,157.813,-0.266,-0.117,0.879,6.113,3.391,-3.293,0.434,0.348,1.474,1.336,2,NULL,NULL,,3,0,2,7,255,1342,250,0,0
stim,165221,195342,0,195342,3392649.455,-0.560,-0.040,0.140,0.816,3055,0,0,3100,0,1853,0,1557,46,1.001,1,2216,0,191.095,2.452,-23.250,-139.688,128.313,-0.332,0.234,1.281,2.426,0.355,-1.094,0.470,0.370,1.474,1.336,2,NULL,NULL,,3,0,2,7,255,1342,250,0,0
stim,165221,195342,0,195342,3392654.453,-0.557,-0.036,0.135,0.818,3067,0,0,3100,0,1927,0,1629,46,1.001,1,2216,0,167.627,0.552,-44.813,-131.313,94.063,-0.258,0.453,1.371,-0.242,-0.496,3.344,0.500,0.382,1.474,1.336,2,NULL,NULL,,3,0,2,7,255,1342,250,0,0
stim,165221,195342,0,195342,3392659.454,-0.556,-0.032,0.131,0.820,3087,0,0,3103,0,2020,0,1689,46,1.001,1,2216,0,147.533,2.426,-60.938,-120.375,59.688,-0.211,0.535,1.254,-2.371,-0.512,3.344,0.524,0.386,1.474,1.336,2,NULL,NULL,,3,0,2,7,255,1342,250,0,0
stim,165221,195342,0,195342,3392664.454,-0.555,-0.030,0.126,0.822,3077,0,0,3102,0,2103,18,1784,46,1.001,1,2216,0,136.389,2.426,-70.813,-111.188,35.000,-0.102,0.219,1.191,-2.371,-0.512,3.273,0.532,0.378,1.474,1.336,2,NULL,NULL,,3,0,2,7,255,1342,250,0,0
stim,165221,195342,0,195342,3392669.455,-0.554,-0.028,0.120,0.823,3079,0,0,3111,170,2195,51,1901,46,1.001,1,2216,0,133.919,1.362,-82.250,-102.938,23.938,-0.066,-0.051,1.074,-0.969,0.957,2.039,0.514,0.352,1.474,1.336,2,NULL,NULL,,3,0,2,7,255,1342,250,0,0
stim,165221,195342,0,195342,3392674.454,-0.554,-0.026,0.116,0.824,3090,0,0,3128,399,2247,90,2019,46,1.001,1,2216,0,108.208,2.187,-59.125,-89.500,14.250,0.016,-0.074,1.254,1.195,1.832,2.039,0.478,0.308,1.474,1.336,2,NULL,NULL,,3,0,2,7,255,1342,250,0,0
stim,165221,195342,0,195342,3392679.455,-0.555,-0.025,0.113,0.823,3091,0,0,3119,629,2291,75,2107,46,1.001,1,2216,0,72.208,3.146,-39.375,-47.313,-37.750,0.074,0.105,1.605,1.195,2.910,2.051,0.440,0.260,1.474,1.336,2,NULL,NULL,,3,0,2,7,255,1342,250,0,0
stim,165252,195373,0,195373,3392684.453,-0.557,-0.026,0.110,0.823,3091,0,0,3127,839,2331,95,2146,46,1.001,1,2216,0,81.728,3.459,-54.375,-36.188,-49.125,0.508,0.680,1.059,-0.480,3.426,2.051,0.408,0.216,1.474,1.336,2,NULL,NULL,,3,0,2,7,255,1342,250,0,0
stim,165252,195373,0,195373,3392689.455,-0.558,-0.025,0.109,0.823,3097,0,0,3142,989,2347,107,2199,46,1.001,1,2216,0,34.037,7.798,-13.438,-30.563,-6.625,0.465,0.594,1.188,-6.605,4.145,1.559,0.398,0.184,1.474,1.336,2,NULL,NULL,,3,0,2,7,255,1342,250,0,0
stim,165252,195373,0,195373,3392694.453,-0.557,-0.026,0.106,0.824,3097,0,0,3143,1111,2379,109,2251,46,1.001,1,2216,0,68.593,7.798,-57.563,-18.750,32.250,-0.215,-0.180,1.539,-6.605,4.145,1.559,0.400,0.168,1.474,1.336,2,NULL,NULL,,3,0,2,7,255,1342,250,0,0
stim,165252,195373,0,195373,3392699.455,-0.557,-0.028,0.102,0.824,3096,0,0,3135,1194,2393,125,2287,46,1.001,1,2216,0,112.078,2.460,-110.938,-15.375,-4.250,-0.578,0.059,0.988,1.906,1.555,1.559,0.404,0.158,1.474,1.336,2,NULL,NULL,,3,0,2,7,255,1342,250,0,0
stim,165274,195395,0,195395,3392704.454,-0.559,-0.029,0.099,0.823,3100,0,0,3143,1290,2408,123,2325,46,1.001,1,2216,0,97.419,3.508,-65.750,-13.063,-70.688,-0.316,0.344,0.641,1.906,-2.945,0.676,0.406,0.152,1.474,1.336,2,NULL,NULL,,3,0,2,7,255,1342,250,0,0
stim,165274,195395,0,195395,3392709.455,-0.562,-0.029,0.098,0.821,3111,0,0,3146,1365,2429,121,2361,46,1.001,1,2216,0,91.458,3.186,-15.375,-14.000,-89.063,0.105,0.117,1.008,-1.215,-2.945,-0.160,0.402,0.142,1.474,1.336,2,NULL,NULL,,3,0,2,7,255,1342,250,0,0
stim,165274,195395,0,195395,3392714.453,-0.564,-0.030,0.096,0.819,3109,10,0,3145,1455,2443,133,2391,46,1.001,1,2216,0,62.823,2.591,-28.813,-11.813,-54.563,0.195,0.043,1.258,-1.215,2.289,-0.160,0.400,0.130,1.474,1.336,2,NULL,NULL,,3,0,2,7,255,1342,250,0,0
stim,165274,195395,0,195395,3392719.455,-0.565,-0.031,0.094,0.819,3109,23,0,3159,1529,2457,141,2411,46,1.001,1,2216,0,69.728,2.423,-65.500,-6.750,-22.938,-0.035,0.074,1.176,-0.793,2.289,1.629,0.398,0.120,1.474,1.336,2,NULL,NULL,,3,0,2,7,255,1342,250,0,0
stim,165274,195395,0,195395,3392724.454,-0.566,-0.033,0.091,0.819,3108,48,0,3159,1578,2467,135,2431,46,1.001,1,2216,0,81.489,1.450,-76.688,-3.188,-27.375,-0.227,0.051,0.938,-0.355,1.406,1.629,0.398,0.110,1.474,1.336,2,NULL,NULL,,3,0,2,7,255,1342,250,0,0
stim,165274,195395,0,195395,3392729.455,-0.568,-0.035,0.089,0.818,3103,57,0,3157,1621,2469,128,2451,46,1.001,1,2216,0,72.829,0.573,-54.438,-2.563,-48.313,-0.188,0.012,0.828,0.434,-0.375,-0.395,0.398,0.104,1.474,1.336,2,NULL,NULL,,3,0,2,7,255,1342,250,0,0
stim,165322,195443,0,195443,3392734.454,-0.569,-0.035,0.087,0.817,3107,78,0,3169,1675,2474,139,2473,46,1.001,1,2216,0,59.794,0.573,-31.438,-2.250,-50.813,-0.020,-0.023,0.949,0.434,-0.375,-0.625,0.396,0.098,1.474,1.336,2,NULL,NULL,,3,0,2,7,255,1342,250,0,0
stim,165322,195443,0,195443,3392739.455,-0.571,-0.036,0.086,0.816,3111,109,0,3173,1715,2489,140,2489,46,1.001,1,2216,0,44.820,1.471,-30.313,-1.000,-33.000,0.020,0.023,1.074,0.313,1.438,-0.625,0.390,0.088,1.474,1.336,2,NULL,NULL,,3,0,2,7,255,1342,250,0,0
stim,165322,195443,0,195443,3392744.454,-0.571,-0.037,0.084,0.816,3107,110,0,3175,1746,2495,143,2487,46,1.001,1,2216,0,43.661,1.461,-39.188,0.313,-19.250,-0.082,0.098,1.074,-0.262,1.438,0.539,0.382,0.076,1.474,1.336,2,NULL,NULL,,3,0,2,7,255,1342,250,0,0
stim,165322,195443,0,195443,3392749.455,-0.572,-0.038,0.083,0.815,3119,123,29,3165,1779,2505,141,2506,46,1.001,1,2216,0,47.338,0.778,-42.375,2.063,-21.000,-0.168,0.102,1.020,-0.418,0.656,0.539,0.372,0.064,1.474,1.336,2,NULL,NULL,,3,0,2,7,255,1342,250,0,0
stim,165322,195443,0,195443,3392754.453,-0.573,-0.039,0.081,0.815,3111,143,47,3174,1801,2511,148,2507,46,1.001,1,2216,0,47.611,0.477,-38.438,2.313,-28.000,-0.176,0.066,0.973,-0.418,-0.230,0.352,0.364,0.058,1.474,1.336,2,NULL,NULL,,3,0,2,7,255,1342,250,0,0
stim,165322,195443,0,195443,3392759.455,-0.574,-0.040,0.080,0.814,3113,157,91,3179,1843,2517,149,2523,46,1.001,1,2216,0,44.605,0.257,-32.250,2.000,-30.750,-0.148,0.027,0.980,-0.113,-0.230,-0.086,0.358,0.050,1.474,1.336,2,NULL,NULL,,3,0,2,7,255,1342,250,0,0
stim,165342,195463,0,195463,3392764.453,-0.575,-0.041,0.079,0.813,3111,171,131,3176,1873,2511,143,2525,46,1.001,1,2216,0,41.079,0.175,-30.000,1.875,-28.000,-0.137,0.000,1.000,0.137,0.109,-0.086,0.354,0.046,1.474,1.336,2,NULL,NULL,,3,0,2,7,255,1342,250,0,0
stim,165342,195463,0,195463,3392769.455,-0.576,-0.042,0.078,0.813,3107,180,147,3172,1891,2516,142,2521,46,1.001,1,2216,0,38.683,0.461,-28.625,2.063,-25.938,-0.125,-0.027,1.000,0.324,0.328,0.031,0.348,0.038,1.474,1.336,2,NULL,NULL,,3,0,2,7,255,1342,250,0,0
stim,165342,195463,0,195463,3392774.454,-0.576,-0.043,0.077,0.812,3109,182,204,3173,1911,2531,137,2525,46,1.006,1,2216,1,35.177,0.718,-25.625,2.188,-24.000,-0.105,-0.094,0.965,0.500,0.516,0.031,0.000,0.000,1.333,1.313,2,NULL,NULL,,3,0,2,7,255,1342,250,0,0
stim,165342,195463,0,195463,3392779.455,-0.577,-0.043,0.076,0.812,3111,183,265,3181,1950,2523,127,2527,46,1.006,1,2216,1,26.650,1.313,-20.438,1.188,-17.063,-0.109,-0.156,0.926,1.016,0.832,-0.359,0.002,0.002,1.333,1.313,2,NULL,NULL,,3,0,2,7,255,1342,250,0,0
stim,165342,195463,0,195463,3392784.454,-0.577,-0.044,0.075,0.812,3097,188,296,3165,1967,2534,118,2535,46,1.006,1,2216,1,16.627,1.781,-13.688,-0.188,-9.438,-0.156,-0.172,0.910,1.574,0.832,-0.773,0.006,0.006,1.333,1.313,2,NULL,NULL,,3,0,2,7,255,1342,250,0,0
stim,165342,195463,0,195463,3392789.455,-0.578,-0.044,0.075,0.812,3097,191,319,3171,1981,2531,104,2535,46,1.006,1,2216,1,10.523,1.660,-6.375,-1.750,-8.188,-0.211,-0.090,0.922,1.574,0.527,-0.773,0.008,0.008,1.333,1.313,2,NULL,NULL,,3,0,2,7,255,1342,250,0,0
stim,165368,195489,0,195489,3392794.453,-0.578,-0.044,0.074,0.811,3099,203,364,3171,1995,2529,107,2538,46,1.006,1,2216,1,12.979,1.290,-0.250,-3.000,-12.625,-0.215,-0.035,0.965,1.273,-0.207,-0.617,0.014,0.014,1.333,1.313,2,NULL,NULL,,3,0,2,7,255,1342,250,0,0
stim,165368,195489,0,195489,3392799.455,-0.579,-0.044,0.074,0.811,3097,213,407,3171,2015,2535,103,2549,46,1.006,1,2216,1,15.083,0.789,0.063,-3.688,-14.625,-0.172,-0.043,0.996,0.762,-0.207,-0.180,0.020,0.020,1.333,1.313,2,NULL,NULL,,3,0,2,7,255,1342,250,0,0
stim,165368,195489,0,195489,3392804.454,-0.579,-0.044,0.074,0.811,3097,216,430,3161,2027,2531,101,2551,46,1.006,1,2216,1,12.099,0.767,-2.500,-4.375,-11.000,-0.148,-0.063,0.980,0.762,0.090,-0.121,0.026,0.026,1.333,1.313,2,NULL,NULL,,3,0,2,7,255,1342,250,0,0
stim,165368,195489,0,195489,3392809.455,-0.579,-0.044,0.074,0.811,3091,215,443,3155,2037,2523,93,2555,46,1.006,1,2216,1,9.749,0.821,-1.875,-4.625,-8.375,-0.172,-0.055,0.953,0.816,0.090,-0.121,0.032,0.032,1.333,1.313,2,NULL,NULL,,3,0,2,7,255,1342,250,0,0
stim,165368,195489,0,195489,3392814.454,-0.580,-0.044,0.074,0.810,3081,215,493,3143,2057,2531,95,2553,46,1.006,1,2216,1,11.945,0.821,2.188,-5.000,-10.625,-0.184,-0.051,0.949,0.820,0.035,-0.352,0.038,0.036,1.333,1.313,2,NULL,NULL,,3,0,2,7,255,1342,250,0,0
stim,165368,195489,0,195489,3392819.455,-0.580,-0.044,0.073,0.810,3068,213,529,3135,2065,2520,94,2553,46,1.006,1,2216,1,15.138,0.819,5.938,-5.875,-12.625,-0.176,-0.027,0.961,0.816,-0.070,-0.352,0.042,0.042,1.333,1.313,2,NULL,NULL,,3,0,2,7,255,1342,250,0,0
stim,165424,195545,0,195545,3392824.454,-0.581,-0.044,0.074,0.810,3079,213,579,3139,2084,2536,101,2569,46,1.006,1,2216,1,14.996,0.588,7.500,-7.000,-10.938,-0.184,0.008,0.984,0.582,-0.086,-0.273,0.048,0.046,1.333,1.313,2,NULL,NULL,,3,0,2,7,255,1342,250,0,0
stim,165424,195545,0,195545,3392829.455,-0.581,-0.043,0.074,0.809,3063,213,613,3129,2090,2525,110,2570,46,1.006,1,2216,1,14.881,0.361,6.063,-7.625,-11.250,-0.211,0.043,1.008,0.281,-0.227,-0.023,0.052,0.052,1.333,1.313,2,NULL,NULL,,3,0,2,7,255,1342,250,0,0
stim,165424,195545,0,195545,3392834.453,-0.582,-0.043,0.074,0.809,3053,210,625,3111,2103,2525,125,2573,46,1.006,1,2216,1,18.108,0.529,4.438,-8.125,-15.563,-0.199,0.066,1.008,0.039,-0.527,0.262,0.056,0.056,1.333,1.313,2,NULL,NULL,,3,0,2,7,255,1342,250,0,0
stim,165424,195545,0,195545,3392839.455,-0.582,-0.042,0.073,0.809,3051,211,665,3109,2135,2531,142,2583,46,1.006,1,2216,1,20.506,0.565,4.813,-8.563,-18.000,-0.164,0.070,1.004,-0.203,-0.527,0.262,0.060,0.058,1.333,1.313,2,NULL,NULL,,3,0,2,7,255,1342,250,0,0
stim,165424,195545,0,195545,3392844.454,-0.583,-0.042,0.073,0.808,3029,213,697,3095,2153,2529,150,2595,46,1.006,1,2216,1,19.034,0.402,4.563,-9.563,-15.813,-0.156,0.078,1.020,-0.340,-0.215,0.262,0.062,0.062,1.333,1.313,2,NULL,NULL,,3,0,2,7,255,1342,250,0,0
stim,165424,195545,0,195545,3392849.455,-0.583,-0.042,0.073,0.808,3028,207,729,3080,2173,2527,155,2597,46,1.006,1,2216,1,18.160,0.505,3.313,-10.063,-14.750,-0.191,0.117,1.035,-0.457,-0.215,0.313,0.064,0.062,1.333,1.313,2,NULL,NULL,,3,0,2,7,255,1342,250,0,0
stim,165424,195545,0,195545,3392854.454,-0.584,-0.041,0.073,0.807,3004,219,746,3065,2203,2525,175,2615,46,1.006,1,2216,1,21.779,0.901,1.813,-10.375,-19.063,-0.199,0.176,1.043,-0.707,-0.559,0.516,0.066,0.064,1.333,1.313,2,NULL,NULL,,3,0,2,7,255,1342,250,0,0
stim,165424,195545,0,195545,3392859.455,-0.585,-0.041,0.073,0.807,3003,229,811,3047,2229,2522,211,2621,46,1.006,1,2216,1,25.785,1.355,0.625,-10.313,-23.625,-0.160,0.215,1.066,-1.234,-0.559,0.637,0.066,0.064,1.333,1.313,2,NULL,NULL,,3,0,2,7,255,1342,250,0,0
stim,165424,195545,0,195545,3392864.453,-0.586,-0.040,0.073,0.806,2973,233,864,3032,2251,2520,273,2620,46,1.006,1,2216,1,25.318,1.769,-3.750,-9.750,-23.063,-0.113,0.211,1.082,-1.684,-0.543,0.813,0.066,0.064,1.333,1.313,2,NULL,NULL,,3,0,2,7,255,1342,250,0,0
stim,165424,195545,0,195545,3392869.455,-0.586,-0.040,0.072,0.806,2979,237,933,3029,2271,2521,284,2635,46,1.006,1,2216,1,23.222,1.685,-10.438,-8.875,-18.750,-0.098,0.176,1.066,-1.684,-0.078,0.813,0.064,0.062,1.333,1.313,2,NULL,NULL,,3,0,2,7,255,1342,250,0,0
stim,165424,195545,0,195545,3392874.454,-0.587,-0.040,0.071,0.805,2949,239,971,3007,2292,2522,319,2637,46,1.006,1,2216,1,23.007,1.520,-14.938,-8.000,-15.563,-0.121,0.121,1.020,-1.520,0.016,0.703,0.062,0.060,1.333,1.313,2,NULL,NULL,,3,0,2,7,255,1342,250,0,0
stim,165424,195545,0,195545,3392879.455,-0.587,-0.040,0.071,0.805,2934,245,1063,3003,2321,2525,373,2653,46,1.006,1,2216,1,23.002,0.957,-15.563,-7.500,-15.188,-0.145,0.066,0.977,-0.957,0.016,0.289,0.058,0.056,1.333,1.313,2,NULL,NULL,,3,0,2,7,255,1342,250,0,0
stim,165454,195575,0,195575,3392884.454,-0.588,-0.040,0.070,0.805,2923,249,1163,2990,2351,2535,397,2665,46,1.006,1,2216,1,21.904,0.418,-12.750,-7.563,-16.125,-0.148,0.043,0.953,-0.402,-0.113,-0.125,0.054,0.052,1.333,1.313,2,NULL,NULL,,3,0,2,7,255,1342,250,0,0
stim,165454,195575,0,195575,3392889.455,-0.589,-0.040,0.069,0.804,2905,251,1239,2985,2387,2525,410,2669,46,1.006,1,2216,1,19.700,0.190,-8.938,-8.125,-15.563,-0.141,0.027,0.957,-0.152,-0.113,-0.320,0.050,0.048,1.333,1.313,2,NULL,NULL,,3,0,2,7,255,1342,250,0,0
stim,165454,195575,0,195575,3392894.453,-0.589,-0.040,0.069,0.804,2891,253,1286,2969,2406,2534,495,2669,46,1.006,1,2216,1,18.435,0.068,-7.250,-8.125,-14.875,-0.137,0.027,0.977,-0.059,-0.035,-0.320,0.044,0.042,1.333,1.313,2,NULL,NULL,,3,0,2,7,255,1342,250,0,0
stim,165454,195575,0,195575,3392899.455,-0.590,-0.040,0.068,0.804,2877,271,1364,2963,2416,2527,567,2681,46,1.006,1,2216,1,18.160,0.051,-7.625,-8.063,-14.375,-0.148,0.008,0.977,-0.051,-0.008,-0.137,0.040,0.036,1.333,1.313,2,NULL,NULL,,3,0,2,7,255,1342,250,0,0
stim,165454,195575,0,195575,3392904.453,-0.590,-0.040,0.068,0.803,2863,277,1451,2952,2451,2536,667,2679,46,1.006,1,2216,1,19.076,0.148,-8.500,-7.688,-15.250,-0.156,-0.027,0.969,0.148,-0.004,-0.137,0.036,0.032,1.333,1.313,2,NULL,NULL,,3,0,2,7,255,1342,250,0,0
stim,165454,195575,0,195575,3392909.455,-0.591,-0.040,0.067,0.803,2839,286,1523,2934,2469,2527,726,2687,46,1.006,1,2216,1,19.453,0.469,-8.500,-7.750,-15.688,-0.152,-0.063,0.949,0.469,-0.004,-0.195,0.030,0.028,1.333,1.313,2,NULL,NULL,,3,0,2,7,255,1342,250,0,0
stim,165487,195608,0,195608,3392914.454,-0.591,-0.040,0.067,0.803,2827,292,1599,2924,2480,2535,815,2701,46,1.006,1,2216,1,18.544,0.815,-6.375,-7.938,-15.500,-0.152,-0.090,0.926,0.809,0.105,-0.422,0.026,0.022,1.333,1.313,2,NULL,NULL,,3,0,2,7,255,1342,250,0,0
stim,165487,195608,0,195608,3392919.455,-0.592,-0.040,0.066,0.802,2804,310,1651,2915,2501,2527,904,2707,46,1.006,1,2216,1,16.815,1.046,-3.313,-9.188,-13.688,-0.156,-0.098,0.926,1.039,0.117,-0.656,0.024,0.018,1.333,1.313,2,NULL,NULL,,3,0,2,7,255,1342,250,0,0
stim,165487,195608,0,195608,3392924.454,-0.592,-0.040,0.066,0.802,2787,315,1725,2901,2520,2531,965,2715,46,1.006,1,2216,1,15.888,1.046,-0.750,-10.313,-12.063,-0.176,-0.082,0.934,1.039,0.117,-0.656,0.022,0.016,1.333,1.313,2,NULL,NULL,,3,0,2,7,255,1342,250,0,0
stim,165487,195608,0,195608,3392929.455,-0.593,-0.040,0.065,0.802,2769,329,1797,2886,2538,2533,1035,2727,46,1.006,1,2216,1,17.721,1.026,1.375,-11.688,-13.250,-0.195,-0.039,0.961,1.020,-0.117,-0.527,0.020,0.014,1.333,1.313,2,NULL,NULL,,3,0,2,7,255,1342,250,0,0
stim,165522,195643,0,195643,3392934.453,-0.593,-0.039,0.065,0.801,2745,331,1839,2869,2567,2536,1099,2735,46,1.006,1,2216,1,19.972,0.799,2.313,-13.125,-14.875,-0.188,0.000,0.980,0.688,-0.406,-0.250,0.020,0.012,1.333,1.313,2,NULL,NULL,,3,0,2,7,255,1342,250,0,0
stim,165522,195643,0,195643,3392939.455,-0.594,-0.039,0.065,0.801,2717,345,1896,2847,2597,2553,1173,2745,46,1.006,1,2216,1,20.612,0.505,1.563,-14.313,-14.750,-0.176,0.035,1.004,0.301,-0.406,-0.043,0.020,0.012,1.333,1.313,2,NULL,NULL,,3,0,2,7,255,1342,250,0,0
stim,165522,195643,0,195643,3392944.454,-0.594,-0.038,0.064,0.801,2693,360,1948,2833,2605,2541,1278,2761,46,1.006,1,2216,1,21.484,0.432,-0.438,-15.063,-15.313,-0.176,0.066,1.020,-0.047,-0.430,0.168,0.020,0.012,1.333,1.313,2,NULL,NULL,,3,0,2,7,255,1342,250,0,0
stim,165522,195643,0,195643,3392949.455,-0.595,-0.038,0.064,0.800,2659,377,2023,2813,2619,2543,1375,2771,46,1.006,1,2216,1,23.805,0.550,-2.625,-15.500,-17.875,-0.164,0.086,1.023,-0.344,-0.430,0.332,0.024,0.014,1.333,1.313,2,NULL,NULL,,3,0,2,7,255,1342,250,0,0
stim,165522,195643,0,195643,3392954.454,-0.596,-0.037,0.063,0.800,2628,383,2109,2805,2647,2567,1460,2787,46,1.006,1,2216,1,25.923,0.727,-4.000,-15.438,-20.438,-0.137,0.086,1.023,-0.586,-0.430,0.332,0.026,0.016,1.333,1.313,2,NULL,NULL,,3,0,2,7,255,1342,250,0,0
stim,165522,195643,0,195643,3392959.455,-0.596,-0.037,0.063,0.799,2581,396,2180,2777,2664,2553,1525,2789,46,1.006,1,2216,1,26.448,0.615,-5.688,-15.125,-20.938,-0.113,0.059,1.016,-0.586,-0.188,0.313,0.028,0.020,1.333,1.313,2,NULL,NULL,,3,0,2,7,255,1342,250,0,0
stim,165522,195643,0,195643,3392964.453,-0.597,-0.037,0.062,0.799,2547,411,2230,2751,2682,2555,1591,2796,46,1.006,1,2216,1,24.980,0.473,-7.375,-14.688,-18.813,-0.117,0.023,1.008,-0.465,0.086,0.215,0.032,0.022,1.333,1.313,2,NULL,NULL,,3,0,2,7,255,1342,250,0,0
stim,165522,195643,0,195643,3392969.455,-0.598,-0.037,0.061,0.798,2507,426,2291,2731,2701,2557,1685,2804,46,1.006,1,2216,1,25.389,0.158,-8.938,-14.438,-18.875,-0.141,0.004,1.000,-0.133,0.086,0.121,0.034,0.026,1.333,1.313,2,NULL,NULL,,3,0,2,7,255,1342,250,0,0
stim,165522,195643,0,195643,3392974.454,-0.599,-0.036,0.061,0.798,2457,453,2331,2712,2717,2557,1752,2813,46,1.006,1,2216,1,28.001,0.140,-8.125,-13.750,-23.000,-0.129,-0.008,0.980,0.133,0.043,0.066,0.036,0.028,1.333,1.313,2,NULL,NULL,,3,0,2,7,255,1342,250,0,0
stim,165522,195643,0,195643,3392979.455,-0.599,-0.036,0.060,0.797,2415,457,2374,2685,2728,2557,1824,2823,46,1.006,1,2216,1,27.453,0.140,-5.125,-13.563,-23.313,-0.102,-0.008,0.973,0.133,0.043,-0.121,0.038,0.030,1.333,1.313,2,NULL,NULL,,3,0,2,7,255,1342,250,0,0
stim,165552,195673,0,195673,3392984.454,-0.600,-0.036,0.059,0.797,2364,460,2408,2659,2742,2555,1915,2831,46,1.006,1,2216,1,25.692,0.199,-4.000,-13.875,-21.250,-0.113,-0.004,1.004,0.094,0.176,-0.121,0.040,0.032,1.333,1.313,2,NULL,NULL,,3,0,2,7,255,1342,250,0,0
stim,165552,195673,0,195673,3392989.455,-0.601,-0.035,0.059,0.796,2316,473,2453,2633,2751,2567,1955,2841,46,1.006,1,2216,1,25.679,0.199,-7.313,-13.813,-20.375,-0.137,0.004,1.016,0.094,0.176,0.070,0.042,0.032,1.333,1.313,2,NULL,NULL,,3,0,2,7,255,1342,250,0,0
stim,165552,195673,0,195673,3392994.453,-0.602,-0.035,0.058,0.796,2251,477,2491,2605,2767,2568,1999,2847,46,1.006,1,2216,1,27.742,0.117,-11.438,-14.250,-20.875,-0.156,0.000,1.016,0.094,-0.070,0.238,0.042,0.032,1.333,1.313,2,NULL,NULL,,3,0,2,7,255,1342,250,0,0
stim,165552,195673,0,195673,3392999.455,-0.603,-0.035,0.057,0.795,2191,479,2525,2572,2791,2583,2057,2856,46,1.006,1,2216,1,34.377,0.289,-17.563,-14.500,-25.750,-0.172,-0.016,1.039,0.164,-0.238,0.262,0.044,0.034,1.333,1.313,2,NULL,NULL,,3,0,2,7,255,1342,250,0,0
stim,165574,195695,0,195695,3393004.453,-0.604,-0.036,0.055,0.795,2129,483,2554,2535,2796,2569,2103,2863,46,1.006,1,2216,1,41.958,0.414,-24.250,-15.063,-30.750,-0.160,-0.023,1.016,0.320,-0.262,0.266,0.046,0.036,1.333,1.313,2,NULL,NULL,,3,0,2,7,255,1342,250,0,0
stim,165574,195695,0,195695,3393009.455,-0.605,-0.036,0.054,0.794,2066,481,2586,2489,2809,2568,2155,2870,46,1.006,1,2216,1,43.626,0.414,-25.938,-15.563,-31.438,-0.113,-0.023,0.973,0.320,-0.262,0.266,0.046,0.036,1.333,1.313,2,NULL,NULL,,3,0,2,7,255,1342,250,0,0
stim,165574,195695,0,195695,3393014.454,-0.606,-0.036,0.053,0.793,1987,481,2603,2445,2840,2568,2206,2877,46,1.006,1,2216,1,37.111,0.325,-20.125,-16.125,-26.688,-0.098,-0.039,0.938,0.309,0.102,-0.223,0.048,0.038,1.333,1.313,2,NULL,NULL,,3,0,2,7,255,1342,250,0,0
stim,165574,195695,0,195695,3393019.455,-0.606,-0.036,0.052,0.793,1915,473,2629,2389,2835,2568,2239,2888,46,1.006,1,2216,1,29.770,0.346,-12.438,-16.813,-21.188,-0.113,-0.066,0.949,0.309,0.156,-0.434,0.050,0.038,1.333,1.313,2,NULL,NULL,,3,0,2,7,255,1342,250,0,0
stim,165574,195695,0,195695,3393024.454,-0.607,-0.035,0.051,0.792,1834,461,2651,2325,2844,2568,2271,2891,46,1.006,1,2216,1,26.878,0.637,-7.625,-17.750,-18.688,-0.141,-0.074,0.996,0.617,0.156,-0.434,0.052,0.040,1.333,1.313,2,NULL,NULL,,3,0,2,7,255,1342,250,0,0
stim,165574,195695,1,195695,3393029.455,-0.608,-0.035,0.050,0.792,1741,447,2675,2263,2855,2556,2299,2899,46,1.006,1,2216,1,29.169,0.618,-9.813,-18.000,-20.750,-0.148,-0.047,1.031,0.617,-0.035,0.039,0.052,0.040,1.333,1.313,2,NULL,NULL,,3,1,2,7,255,1342,250,0,0
stim,165619,195740,1,195740,3393034.454,-0.609,-0.035,0.049,0.791,1612,435,2700,2190,2861,2565,2342,2904,46,1.006,1,2216,1,32.433,0.480,-13.438,-18.188,-23.250,-0.125,0.000,1.020,0.465,-0.121,0.254,0.054,0.042,1.333,1.313,2,NULL,NULL,,3,1,2,7,255,1342,250,0,0
stim,165619,195740,1,195740,3393039.455,-0.609,-0.035,0.048,0.791,1481,407,2719,2109,2871,2557,2375,2911,46,1.006,1,2216,1,30.436,0.125,-11.625,-18.063,-21.563,-0.102,0.012,0.984,-0.031,-0.121,0.254,0.056,0.044,1.333,1.313,2,NULL,NULL,,3,1,2,7,255,1342,250,0,0
stim,165619,195740,1,195740,3393044.454,-0.610,-0.034,0.047,0.790,1317,391,2739,2011,2885,2555,2408,2915,46,1.006,1,2216,1,26.968,0.033,-9.313,-18.750,-17.000,-0.113,-0.016,1.008,-0.031,-0.012,0.125,0.058,0.046,1.333,1.313,2,NULL,NULL,,3,1,2,7,255,1342,250,0,0
stim,165619,195740,1,195740,3393049.455,-0.611,-0.034,0.046,0.790,1221,349,2758,1879,2893,2552,2443,2919,46,1.006,1,2216,1,29.662,0.075,-12.563,-18.875,-19.125,-0.160,-0.027,1.047,0.074,-0.012,0.125,0.060,0.048,1.333,1.313,2,NULL,NULL,,3,1,2,7,255,1342,250,0,0
stim,165619,195740,1,195740,3393054.453,-0.611,-0.034,0.045,0.789,1118,315,2775,1771,2904,2550,2471,2925,46,1.006,1,2216,1,37.462,0.386,-19.188,-19.375,-25.688,-0.168,0.000,1.051,0.074,-0.379,0.563,0.060,0.048,1.333,1.313,2,NULL,NULL,,3,1,2,7,255,1342,250,0,0
stim,165619,195740,1,195740,3393059.455,-0.612,-0.034,0.044,0.789,978,280,2791,1647,2913,2544,2495,2933,46,1.006,1,2216,1,41.442,0.380,-21.750,-19.438,-29.438,-0.133,0.020,1.012,0.023,-0.379,0.563,0.062,0.048,1.333,1.313,2,NULL,NULL,,3,1,2,7,255,1342,250,0,0
stim,165641,195762,1,195762,3393064.453,-0.613,-0.034,0.042,0.788,841,261,2808,1525,2921,2542,2523,2935,46,1.006,1,2216,1,40.491,0.391,-20.375,-20.563,-28.313,-0.109,0.016,1.008,-0.234,-0.313,0.180,0.062,0.050,1.333,1.313,2,NULL,NULL,,3,1,2,7,255,1342,250,0,0
stim,165641,195762,1,195762,3393069.455,-0.614,-0.033,0.041,0.787,683,228,2825,1339,2931,2535,2543,2934,46,1.006,1,2216,1,36.965,0.267,-15.625,-21.125,-26.000,-0.105,0.004,0.996,-0.234,-0.129,0.125,0.064,0.050,1.333,1.313,2,NULL,NULL,,3,1,2,7,255,1342,250,0,0
stim,165641,195762,1,195762,3393074.454,-0.615,-0.033,0.040,0.787,549,204,2839,1179,2938,2530,2579,2943,46,1.006,1,2216,1,34.561,0.234,-13.063,-22.438,-22.813,-0.125,-0.027,1.023,-0.195,-0.129,0.125,0.066,0.052,1.333,1.313,2,NULL,NULL,,3,1,2,7,255,1342,250,0,0
stim,165641,195762,1,195762,3393079.455,-0.616,-0.033,0.039,0.786,405,173,2847,983,2951,2521,2599,2951,46,1.006,1,2216,1,35.656,0.239,-13.250,-23.188,-23.625,-0.148,-0.035,1.047,0.133,-0.199,0.293,0.068,0.054,1.333,1.313,2,NULL,NULL,,3,1,2,7,255,1342,250,0,0
stim,165641,195762,1,195762,3393084.453,-0.617,-0.032,0.038,0.786,287,127,2860,841,2956,2513,2620,2959,46,1.006,1,2216,1,38.507,0.442,-14.500,-24.688,-25.750,-0.145,-0.004,1.051,0.133,-0.422,0.527,0.070,0.054,1.333,1.313,2,NULL,NULL,,3,1,2,7,255,1342,250,0,0
stim,165641,195762,1,195762,3393089.455,-0.618,-0.032,0.037,0.785,158,87,2871,637,2965,2501,2635,2963,46,1.006,1,2216,1,41.407,0.482,-15.938,-25.875,-28.125,-0.145,0.016,1.059,-0.074,-0.477,0.566,0.072,0.056,1.333,1.313,2,NULL,NULL,,3,1,2,7,255,1342,250,0,0
stim,165673,195794,1,195794,3393094.453,-0.619,-0.031,0.035,0.784,89,60,2885,483,2972,2487,2661,2965,46,1.006,1,2216,1,40.637,0.613,-14.250,-27.375,-26.438,-0.148,0.039,1.051,-0.277,-0.547,0.570,0.072,0.058,1.333,1.313,2,NULL,NULL,,3,1,2,7,255,1342,250,0,0
stim,165673,195794,1,195794,3393099.455,-0.620,-0.031,0.034,0.783,45,29,2893,295,2981,2463,2677,2971,46,1.006,1,2216,1,45.945,0.725,-11.000,-28.125,-34.625,-0.125,0.031,1.059,-0.477,-0.547,0.629,0.074,0.060,1.333,1.313,2,NULL,NULL,,3,1,2,7,255,1342,250,0,0
stim,165673,195794,1,195794,3393104.454,-0.621,-0.030,0.033,0.783,25,1,2901,151,2987,2447,2709,2971,46,1.006,1,2216,1,44.661,0.649,-12.063,-30.563,-30.250,-0.086,0.027,1.066,-0.500,-0.414,0.629,0.076,0.060,1.333,1.313,2,NULL,NULL,,3,1,2,7,255,1342,250,0,0
stim,165673,195794,1,195794,3393109.455,-0.622,-0.029,0.032,0.782,3,0,2909,111,2995,2419,2719,2975,46,1.006,1,2216,1,51.479,0.521,-11.688,-33.063,-37.688,-0.098,0.012,1.043,-0.477,-0.211,0.629,0.078,0.062,1.333,1.313,2,NULL,NULL,,3,1,2,7,255,1342,250,0,0
stim,165673,195794,1,195794,3393114.453,-0.623,-0.028,0.031,0.781,0,0,2921,73,3003,2389,2741,2980,46,1.006,1,2216,1,46.706,0.407,-1.500,-37.813,-27.375,-0.133,-0.016,1.020,-0.348,-0.211,0.453,0.080,0.064,1.333,1.313,2,NULL,NULL,,3,1,2,7,255,1342,250,0,0
stim,165673,195794,1,195794,3393119.455,-0.624,-0.026,0.030,0.780,0,0,2927,47,3012,2348,2741,2983,46,1.006,1,2216,0,55.169,0.513,14.188,-42.500,-32.188,-0.297,-0.121,1.078,-0.031,-0.512,0.453,0.082,0.064,1.333,1.313,3,NULL,NULL,,3,1,2,7,255,1342,250,0,0
stim,165725,195846,1,195846,3393124.454,-0.625,-0.024,0.030,0.779,0,0,2931,0,3020,2329,2786,2985,46,1.006,1,2216,0,68.079,2.100,31.813,-51.250,-31.563,-0.309,-0.082,1.250,0.977,-1.859,0.980,0.082,0.066,1.333,1.313,3,NULL,NULL,,3,1,2,7,255,1342,250,0,0
stim,165725,195846,1,195846,3393129.455,-0.627,-0.021,0.029,0.778,0,0,2936,0,3026,2297,2797,2987,46,1.006,1,2216,0,74.326,2.187,28.375,-55.625,-40.313,-0.305,-0.043,1.395,0.977,-1.957,2.645,0.084,0.068,1.333,1.313,3,NULL,NULL,,3,1,2,7,255,1342,250,0,0
stim,165725,195846,1,195846,3393134.454,-0.628,-0.018,0.028,0.778,0,0,2941,0,3026,2268,2814,2988,46,1.006,1,2216,0,76.624,2.043,30.875,-62.750,-31.313,-0.188,0.109,1.512,0.586,-1.957,4.035,0.086,0.068,1.333,1.313,3,NULL,NULL,,3,1,2,7,255,1342,250,0,0
stim,165725,195846,1,195846,3393139.455,-0.628,-0.016,0.026,0.778,0,0,2942,0,3033,2196,2827,2988,46,1.006,1,2216,0,68.301,1.584,-17.063,-65.563,-8.688,0.004,0.191,1.410,-1.082,-1.156,4.035,0.090,0.072,1.333,1.313,3,NULL,NULL,,3,1,2,7,255,1342,250,0,0
stim,165725,195846,1,195846,3393144.453,-0.628,-0.016,0.023,0.778,0,0,2943,0,3039,2185,2842,2988,46,1.006,1,2216,0,81.104,1.127,-50.375,-63.375,4.875,-0.082,0.016,1.129,-1.082,-0.316,3.980,0.096,0.078,1.333,1.313,3,NULL,NULL,,3,1,2,7,255,1342,250,0,0
stim,165725,195846,1,195846,3393149.455,-0.627,-0.014,0.020,0.779,0,0,2949,0,3047,2124,2855,2989,46,1.006,1,2216,0,80.117,0.488,-34.438,-69.500,20.063,-0.203,-0.078,0.992,-0.371,-0.316,1.262,0.102,0.084,1.333,1.313,3,NULL,NULL,,3,1,2,7,255,1342,250,0,0
stim,165725,195846,1,195846,3393154.453,-0.627,-0.012,0.017,0.779,0,0,2949,0,3051,2044,2872,2989,46,1.006,1,2216,0,77.446,1.621,-10.500,-75.313,14.688,-0.273,-0.117,1.020,0.820,-1.398,0.301,0.108,0.090,1.333,1.313,3,NULL,NULL,,3,1,2,7,255,1342,250,0,0
stim,165725,195846,1,195846,3393159.455,-0.627,-0.010,0.015,0.779,0,0,2950,0,3055,1960,2885,2989,46,1.006,1,2216,0,78.324,2.291,0.750,-78.250,-3.313,-0.254,-0.137,1.078,1.316,-1.875,0.301,0.114,0.096,1.333,1.313,3,NULL,NULL,,3,1,2,7,255,1342,250,0,0
stim,165725,195846,1,195846,3393164.454,-0.627,-0.007,0.013,0.779,0,0,2943,0,3055,1881,2893,2987,46,1.006,1,2216,0,82.576,2.341,4.125,-81.063,-15.188,-0.188,-0.145,1.113,1.402,-1.875,0.844,0.120,0.100,1.333,1.313,3,NULL,NULL,,3,1,2,7,255,1342,250,0,0
stim,165725,195846,1,195846,3393169.455,-0.627,-0.004,0.011,0.779,0,0,2940,0,3063,1784,2905,2987,46,1.006,1,2216,0,86.161,1.907,2.000,-85.563,-9.938,-0.074,-0.133,1.168,1.402,-1.293,1.156,0.122,0.104,1.333,1.313,3,NULL,NULL,,3,1,2,7,255,1342,250,0,0
stim,165725,195846,1,195846,3393174.454,-0.627,-0.002,0.009,0.779,0,0,2925,0,3069,1695,2917,2983,46,1.006,1,2216,0,87.108,1.357,-2.250,-87.063,1.688,-0.113,-0.086,1.094,1.047,-0.863,1.156,0.126,0.106,1.333,1.313,3,NULL,NULL,,3,1,2,7,255,1342,250,0,0
stim,165725,195846,1,195846,3393179.455,-0.627,0.001,0.006,0.779,0,0,2933,0,3067,1563,2927,2983,46,1.006,1,2216,0,90.011,1.118,-0.313,-89.938,3.625,-0.148,-0.066,1.078,0.711,-0.863,0.941,0.130,0.112,1.333,1.313,3,NULL,NULL,,3,1,2,7,255,1342,250,0,0
stim,165754,195875,1,195875,3393184.453,-0.627,0.004,0.004,0.779,0,0,2923,0,3079,1417,2941,2980,46,1.006,1,2216,0,92.931,1.489,3.125,-92.875,-0.750,-0.152,-0.082,1.074,0.711,-1.309,0.758,0.136,0.118,1.333,1.313,3,NULL,NULL,,3,1,2,7,255,1342,250,0,0
stim,165754,195875,1,195875,3393189.455,-0.627,0.008,0.001,0.779,0,0,2914,0,3077,1278,2943,2974,46,1.006,1,2216,0,96.024,1.547,9.563,-95.500,-3.000,-0.113,-0.113,1.035,0.824,-1.309,0.711,0.144,0.124,1.333,1.313,3,NULL,NULL,,3,1,2,7,255,1342,250,0,0
stim,165754,195875,1,195875,3393194.454,-0.627,0.011,-0.001,0.779,0,0,2905,0,3079,1109,2963,2971,46,1.006,1,2216,0,100.124,1.568,14.063,-99.063,-3.688,-0.117,-0.117,1.137,1.047,-1.168,0.711,0.150,0.130,1.333,1.313,3,NULL,NULL,,3,1,2,7,255,1342,250,0,0
stim,165754,195875,1,195875,3393199.455,-0.627,0.015,-0.003,0.779,0,0,2890,0,3081,943,2964,2965,46,1.006,1,2216,0,101.436,1.489,9.313,-101.000,-1.250,-0.070,-0.051,1.148,1.047,-1.059,1.332,0.158,0.136,1.333,1.313,3,NULL,NULL,,3,1,2,7,255,1342,250,0,0
stim,165754,195875,1,195875,3393204.454,-0.627,0.019,-0.006,0.779,0,0,2872,0,3087,763,2967,2955,46,1.006,1,2216,0,105.295,1.242,7.000,-105.063,0.000,-0.102,0.039,1.121,0.422,-1.168,1.332,0.162,0.142,1.333,1.313,3,NULL,NULL,,3,1,2,7,255,1342,250,0,0
stim,165754,195875,1,195875,3393209.455,-0.627,0.022,-0.008,0.779,0,0,2859,0,3089,620,2963,2941,46,1.006,1,2216,0,109.017,1.565,12.750,-108.188,-4.188,-0.117,0.047,1.113,-0.340,-1.527,1.137,0.168,0.148,1.333,1.313,3,NULL,NULL,,3,1,2,7,255,1342,250,0,0
stim,165788,195909,1,195909,3393214.453,-0.627,0.027,-0.010,0.779,0,0,2844,0,3089,499,2979,2935,46,1.006,1,2216,0,117.880,1.566,25.063,-115.063,-5.313,-0.066,0.094,1.125,-0.348,-1.527,1.137,0.174,0.152,1.333,1.313,3,NULL,NULL,,3,1,2,7,255,1342,250,0,0
stim,165788,195909,1,195909,3393219.455,-0.627,0.032,-0.012,0.778,0,0,2827,0,3089,355,2985,2921,46,1.006,1,2216,0,120.786,1.749,26.563,-117.813,-2.000,-0.039,0.152,1.238,-0.859,-1.523,1.141,0.180,0.158,1.333,1.313,3,NULL,NULL,,3,1,2,7,255,1342,250,0,0
stim,165788,195909,1,195909,3393224.454,-0.626,0.036,-0.015,0.778,0,0,2795,0,3096,184,2996,2907,46,1.006,1,2216,0,122.551,2.084,15.313,-121.563,2.625,-0.039,0.188,1.352,-1.422,-1.523,2.277,0.186,0.164,1.333,1.313,3,NULL,NULL,,3,1,2,7,255,1342,250,0,0
stim,165788,195909,1,195909,3393229.455,-0.626,0.040,-0.018,0.779,0,0,2779,0,3091,115,2997,2887,46,1.006,1,2216,0,126.428,2.487,-6.000,-126.125,6.375,-0.051,0.211,1.387,-1.715,-1.801,3.336,0.192,0.170,1.333,1.313,3,NULL,NULL,,3,1,2,7,255,1342,250,0,0
stim,165822,195943,1,195943,3393234.454,-0.626,0.044,-0.022,0.779,0,0,2740,0,3091,41,3000,2859,46,1.006,1,2216,0,132.988,2.826,-25.063,-130.250,9.625,-0.051,0.207,1.352,-1.832,-2.152,3.336,0.196,0.174,1.333,1.313,3,NULL,NULL,,3,1,2,7,255,1342,250,0,0
stim,165822,195943,1,195943,3393239.455,-0.625,0.048,-0.027,0.779,0,0,2709,0,3095,19,3002,2831,46,1.006,1,2216,0,138.120,2.886,-31.750,-134.063,9.813,-0.070,0.199,1.297,-1.832,-2.230,3.293,0.202,0.180,1.333,1.313,3,NULL,NULL,,3,1,2,7,255,1342,250,0,0
stim,165822,195943,1,195943,3393244.453,-0.624,0.052,-0.031,0.779,0,0,2671,0,3087,0,3004,2797,46,1.006,1,2216,0,143.645,3.048,-27.625,-140.563,10.625,-0.094,0.188,1.336,-1.727,-2.512,3.039,0.206,0.184,1.333,1.313,3,NULL,NULL,,3,1,2,7,255,1342,250,0,0
stim,165822,195943,1,195943,3393249.455,-0.624,0.056,-0.036,0.779,0,0,2620,0,3077,0,3007,2760,46,1.006,1,2216,0,148.993,3.377,-28.875,-145.813,10.188,-0.090,0.223,1.449,-1.727,-2.902,3.039,0.210,0.190,1.333,1.313,3,NULL,NULL,,3,1,2,7,255,1342,250,0,0
stim,165822,195943,1,195943,3393254.453,-0.623,0.060,-0.041,0.779,0,0,2571,0,3081,0,3014,2709,46,1.006,1,2216,0,154.464,3.586,-24.813,-152.000,11.813,-0.168,0.188,1.551,-1.531,-3.242,4.121,0.216,0.194,1.333,1.313,3,NULL,NULL,,3,1,2,7,255,1342,250,0,0
stim,165822,195943,1,195943,3393259.455,-0.622,0.065,-0.047,0.779,0,0,2519,0,3064,0,3006,2665,46,1.006,1,2216,0,167.307,4.459,-25.688,-164.063,20.375,-0.215,0.195,1.730,-1.348,-4.250,4.945,0.222,0.200,1.333,1.313,3,NULL,NULL,,3,1,2,7,255,1342,250,0,0
stim,165822,195943,1,195943,3393264.454,-0.621,0.070,-0.053,0.779,0,0,2467,0,3058,0,3007,2607,46,1.006,1,2216,0,182.225,5.382,-42.875,-175.125,26.438,-0.258,0.227,1.801,-1.348,-5.211,6.543,0.230,0.208,1.333,1.313,3,NULL,NULL,,3,1,2,7,255,1342,250,0,0
stim,165822,195943,1,195943,3393269.455,-0.619,0.074,-0.060,0.779,0,0,2395,0,3050,0,3013,2543,46,1.006,1,2216,0,198.438,6.232,-58.625,-187.875,25.375,-0.324,0.246,1.773,-1.461,-6.059,6.566,0.240,0.218,1.333,1.313,3,NULL,NULL,,3,1,2,7,255,1342,250,0,0
stim,165822,195943,1,195943,3393274.454,-0.618,0.079,-0.068,0.779,0,0,2315,0,3043,0,3003,2461,46,1.006,1,2216,0,217.616,7.120,-75.000,-202.500,26.938,-0.309,0.254,1.715,-1.531,-6.953,6.566,0.252,0.230,1.333,1.313,3,NULL,NULL,,3,1,2,7,255,1342,250,0,0
stim,165822,195943,0,195943,3393279.455,-0.616,0.084,-0.077,0.779,0,0,2227,0,3025,0,2989,2358,46,1.006,1,2216,0,230.806,7.206,-77.500,-216.063,24.125,-0.309,0.238,1.652,-1.559,-7.035,5.879,0.266,0.246,1.333,1.313,3,NULL,NULL,,3,0,2,7,255,1347,250,0,0
stim,165860,195981,0,195981,3393284.453,-0.615,0.090,-0.086,0.779,0,0,2140,0,3007,9,2985,2258,46,1.006,1,2216,0,245.721,7.332,-81.188,-230.563,25.063,-0.297,0.184,1.664,-1.559,-7.164,5.180,0.286,0.266,1.333,1.313,3,NULL,NULL,,3,0,2,7,255,1347,250,0,0
stim,165860,195981,0,195981,3393289.455,-0.613,0.096,-0.095,0.779,0,0,2044,0,2992,30,2964,2156,46,1.006,1,2216,0,262.557,7.372,-86.313,-245.875,32.125,-0.324,0.188,1.691,-1.105,-7.289,5.180,0.308,0.288,1.333,1.313,3,NULL,NULL,,3,0,2,7,255,1347,250,0,0
stim,165860,195981,0,195981,3393294.454,-0.610,0.102,-0.105,0.778,0,0,1947,0,2980,45,2943,2047,46,1.006,1,2216,0,279.462,8.030,-88.813,-262.500,36.125,-0.363,0.258,1.742,-1.105,-7.953,5.203,0.332,0.314,1.333,1.313,3,NULL,NULL,,3,0,2,7,255,1347,250,0,0
stim,165860,195981,0,195981,3393299.455,-0.608,0.109,-0.116,0.778,0,0,1846,0,2963,52,2917,1927,46,1.006,1,2216,0,294.476,9.141,-88.250,-279.375,29.625,-0.375,0.305,1.840,-1.707,-8.980,5.301,0.362,0.342,1.333,1.313,3,NULL,NULL,,3,0,2,7,255,1347,250,0,0
stim,165860,195981,0,195981,3393304.453,-0.606,0.116,-0.127,0.777,0,0,1753,0,2923,67,2877,1828,46,1.006,1,2216,0,308.155,10.117,-88.875,-294.313,21.000,-0.398,0.309,1.957,-2.148,-9.887,5.914,0.394,0.374,1.333,1.313,3,NULL,NULL,,3,0,2,7,255,1347,250,0,0
stim,165860,195981,0,195981,3393309.455,-0.604,0.125,-0.138,0.775,0,0,1671,0,2880,61,2805,1706,46,1.006,1,2216,0,321.979,11.116,-83.000,-310.438,20.250,-0.473,0.305,2.168,-2.148,-10.906,6.648,0.428,0.408,1.333,1.313,3,NULL,NULL,,3,0,2,7,255,1347,250,0,0
stim,165885,196006,0,196006,3393314.453,-0.601,0.133,-0.150,0.774,0,0,1623,0,2855,53,2739,1591,46,1.006,1,2216,0,340.432,12.977,-84.375,-329.188,20.250,-0.574,0.418,2.441,-2.152,-12.797,7.969,0.464,0.444,1.333,1.313,3,NULL,NULL,,3,0,2,7,255,1347,250,0,0
stim,165885,196006,0,196006,3393319.455,-0.599,0.142,-0.163,0.771,0,0,1499,0,2778,29,2657,1495,46,1.006,1,2216,0,363.211,15.739,-108.500,-346.500,9.375,-0.574,0.523,2.531,-2.797,-15.488,9.570,0.502,0.484,1.333,1.313,3,NULL,NULL,,3,0,2,7,255,1347,250,0,0
stim,165885,196006,0,196006,3393324.454,-0.597,0.151,-0.176,0.768,0,0,1373,0,2717,3,2538,1365,46,1.006,1,2216,0,379.960,16.207,-129.875,-356.875,-11.938,-0.461,0.426,2.461,-3.262,-15.875,9.570,0.546,0.526,1.333,1.313,3,NULL,NULL,,3,0,2,7,255,1347,250,0,0
stim,165885,196006,0,196006,3393329.455,-0.595,0.159,-0.191,0.764,0,0,1254,0,2643,0,2383,1245,46,1.006,1,2216,0,393.927,16.283,-142.688,-366.938,-13.250,-0.434,0.445,2.336,-3.621,-15.875,9.176,0.596,0.576,1.333,1.313,3,NULL,NULL,,3,0,2,7,255,1347,250,0,0
stim,165922,196043,0,196043,3393334.453,-0.593,0.168,-0.205,0.760,0,0,1103,0,2521,0,2188,1109,46,1.006,1,2216,0,403.462,16.215,-145.625,-376.063,-12.313,-0.461,0.410,2.273,-3.305,-15.875,7.645,0.650,0.632,1.333,1.313,3,NULL,NULL,,3,0,2,7,255,1347,250,0,0
stim,165922,196043,0,196043,3393339.455,-0.590,0.177,-0.220,0.756,0,0,932,0,2393,0,1945,986,46,1.006,1,2216,0,413.475,16.475,-141.000,-388.500,-12.188,-0.449,0.160,2.324,-3.305,-16.141,6.684,0.712,0.694,1.333,1.313,3,NULL,NULL,,3,0,2,7,255,1347,250,0,0
stim,165922,196043,0,196043,3393344.453,-0.587,0.186,-0.235,0.752,0,0,727,0,2203,0,1636,894,46,1.006,1,2216,0,430.396,16.176,-151.063,-402.938,-7.875,-0.320,-0.191,2.129,-1.070,-16.141,6.434,0.780,0.762,1.333,1.313,3,NULL,NULL,,3,0,2,7,255,1347,250,0,0
stim,165922,196043,0,196043,3393349.455,-0.584,0.196,-0.251,0.747,0,0,536,0,1993,0,1249,753,46,1.006,1,2216,0,442.671,14.411,-153.375,-415.250,1.063,-0.105,-0.410,1.719,1.926,-14.281,5.762,0.858,0.838,1.333,1.313,3,NULL,NULL,,3,0,2,7,255,1347,250,0,0
stim,165922,196043,0,196043,3393354.454,-0.579,0.206,-0.266,0.742,0,0,397,0,1751,0,760,629,46,1.006,1,2216,0,438.923,10.637,-131.625,-418.563,11.563,0.156,-0.316,1.211,2.164,-10.414,3.621,0.938,0.920,1.333,1.313,3,NULL,NULL,,3,0,2,7,255,1347,250,0,0
stim,165922,196043,0,196043,3393359.455,-0.574,0.218,-0.279,0.739,0,0,261,0,1451,0,275,488,46,1.006,1,2216,0,429.090,6.334,-61.625,-423.875,25.500,0.270,-0.234,1.039,2.164,-5.953,0.816,1.020,1.002,1.333,1.313,3,NULL,NULL,,3,0,2,7,255,1347,250,0,0
stim,165942,196063,0,196063,3393364.454,-0.566,0.231,-0.290,0.736,0,0,183,0,1127,0,89,411,46,1.006,1,2216,0,435.423,6.073,18.750,-431.938,51.688,0.098,-0.105,1.465,1.203,-5.953,0.816,1.102,1.084,1.333,1.313,3,NULL,NULL,,3,0,2,7,255,1347,250,0,0
stim,165942,196063,0,196063,3393369.455,-0.557,0.244,-0.300,0.735,0,0,107,0,765,0,0,345,46,1.006,1,2216,0,447.240,9.181,34.438,-436.813,89.625,-0.207,0.047,2.012,0.398,-9.172,1.367,1.178,1.158,1.333,1.313,3,NULL,NULL,,3,0,2,7,255,1347,250,0,0
stim,165942,196063,0,196063,3393374.454,-0.547,0.256,-0.313,0.733,0,0,75,0,375,0,0,293,46,1.006,1,2216,0,459.967,15.684,-26.875,-441.875,124.875,-0.457,0.117,2.090,0.082,-15.684,1.367,1.246,1.228,1.333,1.313,3,NULL,NULL,,3,0,2,7,255,1347,250,0,0
stim,165942,196063,0,196063,3393379.455,-0.537,0.265,-0.329,0.730,0,0,50,0,61,0,0,201,46,1.006,1,2216,0,476.209,16.649,-97.688,-442.563,146.188,-0.586,0.242,1.676,-0.090,-16.648,0.418,1.310,1.290,1.333,1.313,3,NULL,NULL,,3,0,2,7,255,1347,250,0,0
stim,165942,196063,0,196063,3393384.454,-0.527,0.274,-0.345,0.727,0,0,21,0,0,0,0,119,46,1.006,1,2216,0,471.932,16.661,-137.563,-430.188,136.875,-0.508,0.789,1.156,-0.648,-16.648,-4.102,1.368,1.348,1.333,1.313,3,NULL,NULL,,3,0,2,7,255,1347,250,0,0
stim,165942,196063,0,196063,3393389.455,-0.519,0.281,-0.360,0.723,0,0,7,0,0,0,0,61,46,1.006,1,2216,0,452.551,14.650,-151.938,-411.188,112.438,-0.289,1.156,0.793,-5.969,-13.379,-8.527,1.428,1.408,1.333,1.313,4,NULL,NULL,,3,0,2,7,255,1347,250,0,0
stim,165942,196063,0,196063,3393394.454,-0.510,0.288,-0.375,0.718,0,0,7,0,0,0,0,31,46,1.006,1,2216,0,429.288,13.078,-130.875,-394.313,108.063,-0.324,1.008,0.742,-8.465,-9.969,-10.352,1.492,1.472,1.333,1.313,0,NULL,NULL,,3,0,2,7,255,1347,250,0,0
stim,165942,196063,0,196063,3393399.455,-0.501,0.295,-0.389,0.714,0,0,19,0,0,0,0,40,46,1.006,1,2216,0,421.643,13.078,-133.563,-379.188,127.125,-0.477,0.730,1.008,-8.465,-9.969,-10.473,1.562,1.542,1.333,1.313,0,NULL,NULL,,3,0,2,7,255,1347,250,0,0
stim,165983,196104,0,196104,3393404.453,-0.494,0.300,-0.404,0.709,0,0,19,0,0,0,0,55,46,1.006,1,2216,0,423.887,11.258,-189.625,-361.125,115.375,-0.297,0.477,0.906,-5.355,-9.902,-10.473,1.638,1.616,1.333,1.313,0,NULL,NULL,,3,0,2,7,255,1347,250,0,0
stim,165983,196104,0,196104,3393409.455,-0.488,0.304,-0.417,0.703,0,0,18,0,0,0,0,75,46,1.006,1,2216,0,369.125,10.522,-174.563,-319.313,61.813,-0.012,0.000,0.820,-3.559,-9.902,-9.270,1.714,1.694,1.333,1.313,0,NULL,NULL,,3,0,2,7,255,1347,250,0,0
stim,165983,196104,0,196104,3393414.453,-0.483,0.309,-0.427,0.699,0,0,22,0,0,0,0,95,46,1.006,1,2216,0,302.167,8.692,-106.375,-277.313,55.563,0.086,-0.340,1.070,-0.121,-8.691,-6.223,1.786,1.766,1.333,1.313,0,NULL,NULL,,3,0,2,7,255,1347,250,0,0
stim,165983,196104,0,196104,3393419.455,-0.477,0.313,-0.436,0.696,0,0,31,0,0,0,0,140,46,1.006,1,2216,0,270.792,8.802,-95.000,-238.688,85.625,-0.137,-0.129,1.605,1.391,-8.691,-4.023,1.852,1.832,1.333,1.313,0,NULL,NULL,,3,0,2,7,255,1347,250,0,0
stim,166024,196145,0,196145,3393424.454,-0.473,0.313,-0.446,0.692,0,0,54,0,0,0,0,159,46,1.006,1,2216,0,265.406,14.800,-167.813,-190.250,78.000,-0.355,0.102,1.691,1.391,-14.734,-4.023,1.912,1.892,1.333,1.313,0,NULL,NULL,,3,0,2,7,255,1347,250,0,0
stim,166024,196145,0,196145,3393429.455,-0.472,0.311,-0.457,0.687,0,0,53,0,0,0,0,159,46,1.006,1,2216,0,288.913,14.735,-248.563,-134.125,60.813,-0.367,0.281,1.094,-0.063,-14.734,-6.559,1.968,1.948,1.333,1.313,0,NULL,NULL,,3,0,2,7,255,1347,250,0,0
stim,166024,196145,0,196145,3393434.453,-0.472,0.307,-0.468,0.682,0,0,55,0,0,0,0,155,46,1.006,1,2216,0,283.493,11.726,-266.188,-76.250,60.813,-0.273,0.523,0.426,-1.730,-11.598,-9.813,2.022,2.002,1.333,1.313,0,NULL,NULL,,3,0,2,7,255,1347,250,0,0
stim,166024,196145,0,196145,3393439.455,-0.473,0.301,-0.476,0.678,0,0,45,0,0,0,0,139,46,1.006,1,2216,0,238.497,6.725,-230.813,-20.000,56.625,-0.273,0.555,-0.082,-4.063,-5.359,-12.457,2.080,2.060,1.333,1.313,0,NULL,NULL,,3,0,2,7,255,1347,250,0,0
stim,166024,196145,0,196145,3393444.453,-0.474,0.296,-0.481,0.676,0,0,29,0,0,0,0,135,46,1.006,1,2216,0,173.072,4.116,-164.563,31.750,43.188,-0.262,0.379,-0.258,-4.063,-0.664,-14.313,2.140,2.120,1.333,1.313,0,NULL,NULL,,3,0,2,7,255,1347,250,0,0
stim,166024,196145,0,196145,3393449.455,-0.477,0.291,-0.483,0.675,0,0,27,0,0,0,0,119,46,1.006,1,2216,0,142.172,2.352,-115.563,76.063,32.750,-0.234,0.098,-0.141,-2.324,0.359,-14.313,2.200,2.180,1.333,1.313,0,NULL,NULL,,3,0,2,7,255,1347,250,0,0
stim,166024,196145,0,196145,3393454.454,-0.479,0.285,-0.483,0.675,0,0,27,0,0,0,0,104,46,1.006,1,2216,0,151.299,0.481,-95.000,114.000,29.500,-0.156,-0.012,-0.121,0.020,0.480,-12.633,2.250,2.230,1.333,1.313,0,NULL,NULL,,3,0,2,7,255,1347,250,0,0
stim,166024,196145,0,196145,3393459.455,-0.482,0.278,-0.483,0.676,0,0,25,0,0,0,0,98,46,1.006,1,2216,0,173.644,0.874,-84.500,143.000,50.625,-0.180,-0.063,-0.199,0.730,0.480,-11.762,2.290,2.270,1.333,1.313,0,NULL,NULL,,3,0,2,7,255,1347,250,0,0
stim,166024,196145,0,196145,3393464.453,-0.485,0.270,-0.482,0.678,0,0,21,0,0,0,0,96,46,1.006,1,2216,0,184.482,1.765,-60.750,166.750,50.375,-0.234,-0.031,-0.336,1.379,1.102,-11.762,2.320,2.300,1.333,1.313,0,NULL,NULL,,3,0,2,7,255,1347,250,0,0
stim,166024,196145,0,196145,3393469.455,-0.487,0.263,-0.480,0.680,0,0,21,0,0,0,0,91,46,1.006,1,2216,0,197.234,2.555,-24.563,184.500,65.250,-0.258,-0.051,-0.461,1.492,2.074,-12.840,2.344,2.324,1.333,1.313,0,NULL,NULL,,3,0,2,7,255,1347,250,0,0
stim,166024,196145,0,196145,3393474.454,-0.490,0.256,-0.475,0.684,0,0,17,0,0,0,0,87,46,1.006,1,2216,0,211.417,2.706,23.063,200.313,63.563,-0.277,0.063,-0.395,1.492,2.258,-13.438,2.360,2.340,1.333,1.313,0,NULL,NULL,,3,0,2,7,255,1347,250,0,0
stim,166024,196145,0,196145,3393479.455,-0.491,0.250,-0.470,0.689,0,0,13,0,0,0,0,77,46,1.006,1,2216,0,232.712,2.452,60.563,212.375,73.375,-0.328,0.066,-0.223,0.957,2.258,-13.598,2.376,2.354,1.333,1.313,0,NULL,NULL,,3,0,2,7,255,1347,250,0,0
stim,166053,196174,0,196174,3393484.454,-0.493,0.243,-0.463,0.695,0,0,6,0,0,0,0,72,46,1.006,1,2216,0,249.863,1.024,81.938,224.188,73.875,-0.387,0.156,-0.047,0.918,0.453,-13.660,2.388,2.366,1.333,1.313,0,NULL,NULL,,3,0,2,7,255,1347,250,0,0
stim,166053,196174,0,196174,3393489.455,-0.495,0.237,-0.456,0.701,0,0,4,0,0,0,0,64,46,1.006,1,2216,0,263.388,1.518,99.313,234.188,68.313,-0.469,0.145,0.102,0.301,-1.488,-13.598,2.398,2.376,1.333,1.313,0,NULL,NULL,,3,0,2,7,255,1347,250,0,0
stim,166053,196174,0,196174,3393494.454,-0.497,0.231,-0.448,0.707,0,0,5,0,0,0,0,63,46,1.006,1,2216,0,272.427,3.208,108.313,242.063,62.375,-0.496,0.168,0.219,0.082,-3.207,-13.551,2.404,2.384,1.333,1.313,0,NULL,NULL,,3,0,2,7,255,1347,250,0,0
stim,166053,196174,0,196174,3393499.455,-0.499,0.225,-0.439,0.712,0,0,0,0,0,0,0,53,46,1.006,1,2216,0,280.806,4.475,118.125,248.813,54.688,-0.547,0.133,0.367,0.301,-4.465,-13.230,2.410,2.388,1.333,1.313,0,NULL,NULL,,3,0,2,7,255,1347,250,0,0
stim,166053,196174,0,196174,3393504.453,-0.502,0.219,-0.430,0.718,0,0,0,0,0,0,0,51,46,1.006,1,2216,0,284.898,6.004,115.250,257.438,40.125,-0.574,0.211,0.520,0.039,-6.004,-12.617,2.416,2.396,1.333,1.313,0,NULL,NULL,,3,0,2,7,255,1347,250,0,0
stim,166053,196174,0,196174,3393509.455,-0.505,0.212,-0.421,0.723,0,0,0,0,0,0,0,46,46,1.006,1,2216,0,287.378,7.532,109.125,264.750,24.188,-0.594,0.164,0.617,-0.113,-7.531,-12.207,2.424,2.404,1.333,1.313,0,NULL,NULL,,3,0,2,7,255,1347,250,0,0
stim,166086,196207,0,196207,3393514.454,-0.509,0.206,-0.412,0.727,0,0,0,0,0,0,0,55,46,1.006,1,2216,0,292.458,8.448,104.625,272.938,9.500,-0.602,0.168,0.738,-0.328,-8.441,-11.438,2.434,2.412,1.333,1.313,0,NULL,NULL,,3,0,2,7,255,1347,250,0,0
stim,166086,196207,0,196207,3393519.455,-0.514,0.200,-0.402,0.731,0,0,0,0,0,0,0,56,46,1.006,1,2216,0,297.907,9.502,92.188,283.000,-12.688,-0.609,0.207,0.824,-0.328,-9.496,-10.629,2.448,2.426,1.333,1.313,0,NULL,NULL,,3,0,2,7,255,1347,250,0,0
stim,166086,196207,0,196207,3393524.454,-0.520,0.193,-0.393,0.734,0,0,0,0,0,0,0,55,46,1.006,1,2216,0,305.038,10.289,82.875,292.250,-27.750,-0.609,0.152,0.883,-0.480,-10.277,-10.105,2.466,2.444,1.333,1.313,0,NULL,NULL,,3,0,2,7,255,1347,250,0,0
stim,166086,196207,0,196207,3393529.455,-0.526,0.186,-0.383,0.736,0,0,0,0,0,0,0,55,46,1.006,1,2216,0,315.371,10.698,71.938,302.938,-50.125,-0.586,0.168,0.957,-0.805,-10.668,-9.277,2.486,2.464,1.333,1.313,0,NULL,NULL,,3,0,2,7,255,1347,250,0,0
stim,166121,196242,0,196242,3393534.453,-0.534,0.178,-0.373,0.738,0,0,0,0,0,0,0,57,46,1.006,1,2216,0,326.666,10.972,54.938,313.875,-71.938,-0.543,0.148,0.984,-0.918,-10.934,-8.465,2.512,2.490,1.333,1.313,0,NULL,NULL,,3,0,2,7,255,1347,250,0,0
stim,166121,196242,0,196242,3393539.455,-0.541,0.171,-0.364,0.739,0,0,0,0,0,0,0,57,46,1.006,1,2216,0,337.931,10.984,41.500,324.813,-83.500,-0.512,0.176,0.984,-1.051,-10.934,-7.645,2.544,2.522,1.333,1.313,0,NULL,NULL,,3,0,2,7,255,1347,250,0,0
stim,166121,196242,0,196242,3393544.454,-0.550,0.162,-0.354,0.739,0,0,0,0,0,0,0,55,46,1.006,1,2216,0,353.910,10.790,32.813,336.438,-104.813,-0.469,0.238,1.000,-1.539,-10.680,-7.285,2.582,2.560,1.333,1.313,0,NULL,NULL,,3,0,2,7,255,1347,250,0,0
stim,166121,196242,0,196242,3393549.455,-0.559,0.154,-0.344,0.738,0,0,0,0,0,0,0,55,46,1.006,1,2216,0,368.707,10.749,26.313,346.500,-123.250,-0.375,0.199,1.016,-2.406,-10.477,-6.836,2.626,2.604,1.333,1.313,0,NULL,NULL,,3,0,2,7,255,1347,250,0,0
stim,166121,196242,0,196242,3393554.454,-0.569,0.145,-0.334,0.737,0,0,0,0,0,0,0,69,46,1.006,1,2216,0,379.442,10.053,17.063,356.000,-130.188,-0.246,0.219,0.988,-2.543,-9.727,-5.742,2.672,2.650,1.333,1.313,0,NULL,NULL,,3,0,2,7,255,1347,250,0,0
stim,166121,196242,0,196242,3393559.455,-0.579,0.136,-0.323,0.736,0,0,0,0,0,0,0,79,46,1.006,1,2216,0,394.966,9.080,7.750,367.625,-144.188,-0.004,0.199,0.855,-3.215,-8.492,-4.961,2.720,2.698,1.333,1.313,0,NULL,NULL,,3,0,2,7,255,1347,250,0,0
stim,166121,196242,0,196242,3393564.453,-0.589,0.127,-0.313,0.734,0,0,0,0,0,0,0,105,46,1.006,1,2216,0,399.677,6.482,16.563,374.500,-138.625,0.109,0.113,0.684,-3.215,-5.629,-4.473,2.768,2.746,1.333,1.313,0,NULL,NULL,,3,0,2,7,255,1347,250,0,0
stim,166121,196242,0,196242,3393569.455,-0.598,0.118,-0.301,0.733,0,0,0,0,0,0,0,117,46,1.006,1,2216,0,395.132,4.957,41.813,374.000,-120.438,0.094,0.273,0.668,-3.602,-3.406,-4.473,2.814,2.792,1.333,1.313,0,NULL,NULL,,3,0,2,7,255,1347,250,0,0
stim,166144,196265,0,196265,3393574.454,-0.607,0.109,-0.289,0.733,0,0,0,0,0,0,0,132,46,1.006,1,2216,0,397.795,5.453,58.313,374.250,-121.563,0.137,0.297,0.672,-4.273,-3.387,-4.773,2.856,2.834,1.333,1.313,0,NULL,NULL,,3,0,2,7,255,1347,250,0,0
stim,166144,196265,0,196265,3393579.455,-0.615,0.101,-0.276,0.732,0,0,0,0,0,0,0,141,46,1.006,1,2216,0,395.961,5.146,76.938,371.250,-114.188,0.254,0.121,0.629,-4.273,-2.867,-4.773,2.894,2.872,1.333,1.313,0,NULL,NULL,,3,0,2,7,255,1347,250,0,0
stim,166144,196265,0,196265,3393584.454,-0.622,0.093,-0.262,0.732,0,0,0,0,0,0,0,141,46,1.006,1,2216,0,392.285,3.387,107.938,365.750,-92.000,0.277,0.063,0.637,-3.121,-1.316,-3.906,2.926,2.904,1.333,1.313,0,NULL,NULL,,3,0,2,7,255,1347,250,0,0
stim,166144,196265,0,196265,3393589.455,-0.628,0.087,-0.248,0.732,0,0,0,0,0,0,0,141,46,1.006,1,2216,0,393.355,3.387,138.438,360.313,-75.750,0.234,0.207,0.742,-3.121,-1.316,-3.512,2.952,2.930,1.333,1.313,0,NULL,NULL,,3,0,2,7,255,1347,250,0,0
stim,166144,196265,0,196265,3393594.453,-0.634,0.081,-0.233,0.733,0,0,0,0,0,0,0,141,46,1.006,1,2216,0,395.355,4.368,157.188,356.250,-68.438,0.195,0.305,0.875,-4.043,-1.652,-3.164,2.976,2.954,1.333,1.313,0,NULL,NULL,,3,0,2,7,255,1347,250,0,0
stim,166144,196265,0,196265,3393599.455,-0.639,0.075,-0.217,0.734,0,0,0,0,0,0,0,137,46,1.006,1,2216,0,395.430,5.453,172.563,351.000,-58.188,0.164,0.277,0.996,-4.906,-2.379,-2.352,2.994,2.972,1.333,1.313,0,NULL,NULL,,3,0,2,7,255,1347,250,0,0
stim,166174,196295,0,196295,3393604.453,-0.644,0.069,-0.201,0.735,0,0,0,0,0,0,0,137,46,1.006,1,2216,0,396.096,5.694,185.313,346.750,-48.125,0.102,0.250,1.160,-4.906,-2.891,-1.195,3.010,2.988,1.333,1.313,0,NULL,NULL,,3,0,2,7,255,1347,250,0,0
stim,166174,196295,0,196295,3393609.455,-0.648,0.064,-0.185,0.736,0,0,0,0,0,0,0,136,46,1.006,1,2216,0,394.950,6.168,190.875,343.000,-43.625,0.004,0.273,1.359,-4.906,-3.738,0.234,3.026,3.004,1.333,1.313,0,NULL,NULL,,3,0,2,7,255,1347,250,0,0
stim,166174,196295,0,196295,3393614.454,-0.652,0.059,-0.170,0.737,0,0,0,0,0,0,0,133,46,1.006,1,2216,0,390.239,7.129,185.688,339.813,-48.313,-0.066,0.332,1.559,-5.055,-5.027,1.828,3.042,3.022,1.333,1.313,0,NULL,NULL,,3,0,2,7,255,1347,250,0,0
stim,166174,196295,0,196295,3393619.455,-0.656,0.054,-0.154,0.737,0,0,0,0,0,0,0,122,46,1.006,1,2216,0,381.917,8.261,170.688,337.125,-55.438,-0.074,0.340,1.727,-5.695,-5.984,3.535,3.060,3.038,1.333,1.313,0,NULL,NULL,,3,0,2,7,255,1347,250,0,0
stim,166174,196295,0,196295,3393624.454,-0.660,0.048,-0.140,0.737,0,0,0,0,0,0,0,122,46,1.006,1,2216,0,371.060,8.324,149.375,334.688,-57.938,-0.082,0.328,1.848,-5.781,-5.988,5.309,3.080,3.058,1.333,1.313,0,NULL,NULL,,3,0,2,7,255,1347,250,0,0
stim,166174,196295,0,196295,3393629.455,-0.664,0.041,-0.126,0.736,0,0,0,0,0,0,0,119,46,1.006,1,2216,0,361.218,8.324,122.625,334.063,-62.000,-0.113,0.324,1.895,-5.781,-5.988,6.656,3.102,3.080,1.333,1.313,0,NULL,NULL,,3,0,2,7,255,1347,250,0,0
stim,166220,196341,0,196341,3393634.453,-0.668,0.034,-0.113,0.735,0,0,0,0,0,0,0,121,46,1.006,1,2216,0,354.758,8.153,95.938,333.688,-72.813,-0.133,0.316,1.867,-5.648,-5.879,7.156,3.124,3.104,1.333,1.313,0,NULL,NULL,,3,0,2,7,255,1347,250,0,0
stim,166220,196341,0,196341,3393639.455,-0.672,0.026,-0.101,0.733,0,0,0,0,0,0,0,133,46,1.006,1,2216,0,351.247,7.698,77.063,332.250,-83.938,-0.098,0.285,1.801,-5.422,-5.465,7.156,3.150,3.130,1.333,1.313,0,NULL,NULL,,3,0,2,7,255,1347,250,0,0
stim,166220,196341,0,196341,3393644.454,-0.677,0.018,-0.089,0.730,0,0,0,0,0,0,0,125,46,1.006,1,2216,0,347.162,6.728,67.813,328.688,-88.813,-0.043,0.285,1.777,-5.047,-4.449,6.816,3.178,3.158,1.333,1.313,0,NULL,NULL,,3,0,2,7,255,1347,250,0,0
stim,166220,196341,0,196341,3393649.455,-0.681,0.010,-0.078,0.728,0,0,0,0,0,0,0,136,46,1.006,1,2216,0,342.782,6.025,58.250,325.063,-91.875,-0.012,0.262,1.738,-5.004,-3.355,6.805,3.206,3.186,1.333,1.313,0,NULL,NULL,,3,0,2,7,255,1347,250,0,0
stim,166220,196341,0,196341,3393654.453,-0.686,0.002,-0.067,0.725,0,0,0,0,0,0,0,141,46,1.006,1,2216,0,338.459,5.335,52.938,320.750,-94.188,0.012,0.227,1.684,-4.711,-2.504,6.602,3.234,3.216,1.333,1.313,0,NULL,NULL,,3,0,2,7,255,1347,250,0,0
stim,166220,196341,0,196341,3393659.455,-0.690,-0.006,-0.056,0.722,0,0,0,0,0,0,0,145,46,1.006,1,2216,0,334.309,4.619,54.375,315.938,-94.813,0.039,0.238,1.629,-4.289,-1.715,6.227,3.262,3.244,1.333,1.313,0,NULL,NULL,,3,0,2,7,255,1347,250,0,0
stim,166241,196362,0,196362,3393664.453,-0.694,-0.014,-0.045,0.719,0,0,0,0,0,0,0,144,46,1.006,1,2216,0,330.048,4.390,61.438,310.375,-93.938,0.059,0.270,1.598,-4.289,-0.938,5.730,3.288,3.270,1.333,1.313,0,NULL,NULL,,3,0,2,7,255,1347,250,0,0
stim,166241,196362,0,196362,3393669.455,-0.697,-0.021,-0.033,0.716,0,0,0,0,0,0,0,147,46,1.006,1,2216,0,325.889,4.485,71.813,304.500,-91.250,0.074,0.277,1.598,-4.477,-0.281,5.457,3.312,3.294,1.333,1.313,0,NULL,NULL,,3,0,2,7,255,1347,250,0,0
stim,166241,196362,0,196362,3393674.454,-0.701,-0.028,-0.022,0.712,0,0,0,0,0,0,0,143,46,1.006,1,2216,0,321.611,4.487,83.375,298.000,-87.625,0.086,0.273,1.617,-4.477,0.309,5.457,3.334,3.316,1.333,1.313,0,NULL,NULL,,3,0,2,7,255,1347,250,0,0
stim,166241,196362,0,196362,3393679.455,-0.704,-0.034,-0.010,0.709,0,0,0,0,0,0,0,149,46,1.006,1,2216,0,318.052,4.561,95.188,291.563,-84.188,0.113,0.297,1.656,-4.477,0.875,5.695,3.352,3.334,1.333,1.313,0,NULL,NULL,,3,0,2,7,255,1347,250,0,0
stim,166241,196362,0,196362,3393684.453,-0.707,-0.039,0.002,0.706,0,0,0,0,0,0,0,141,46,1.006,1,2216,0,315.884,4.759,109.750,285.250,-79.813,0.164,0.332,1.707,-4.492,1.570,6.035,3.366,3.348,1.333,1.313,0,NULL,NULL,,3,0,2,7,255,1347,250,0,0
stim,166241,196362,0,196362,3393689.455,-0.710,-0.044,0.014,0.703,0,0,0,0,0,0,0,140,46,1.006,1,2216,0,314.957,5.328,124.250,279.875,-73.688,0.223,0.363,1.777,-4.703,2.504,6.465,3.378,3.360,1.333,1.313,0,NULL,NULL,,3,0,2,7,255,1347,250,0,0
stim,166275,196396,0,196396,3393694.453,-0.712,-0.048,0.027,0.700,0,0,0,0,0,0,0,142,46,1.006,1,2216,0,314.510,5.919,135.875,275.875,-65.938,0.297,0.348,1.848,-4.703,3.594,7.066,3.388,3.370,1.333,1.313,0,NULL,NULL,,3,0,2,7,255,1347,250,0,0
stim,166275,196396,0,196396,3393699.455,-0.714,-0.052,0.039,0.697,0,0,0,0,0,0,0,149,46,1.006,1,2216,0,314.135,6.629,144.688,273.188,-55.813,0.387,0.375,1.887,-4.551,4.820,7.633,3.396,3.378,1.333,1.313,0,NULL,NULL,,3,0,2,7,255,1347,250,0,0
stim,166275,196396,0,196396,3393704.454,-0.715,-0.055,0.052,0.695,0,0,0,0,0,0,0,149,46,1.006,1,2216,0,316.568,7.681,155.875,271.813,-45.125,0.504,0.438,1.895,-4.551,6.188,7.633,3.398,3.382,1.333,1.313,0,NULL,NULL,,3,0,2,7,255,1347,250,0,0
stim,166275,196396,0,196396,3393709.455,-0.716,-0.058,0.066,0.692,0,0,0,0,0,0,0,147,46,1.006,1,2216,0,323.106,9.064,172.500,271.250,-32.625,0.633,0.453,1.945,-4.629,7.793,7.766,3.398,3.382,1.333,1.313,0,NULL,NULL,,3,0,2,7,255,1347,250,0,0
stim,166275,196396,0,196396,3393714.453,-0.717,-0.060,0.080,0.690,0,0,0,0,0,0,0,147,46,1.006,1,2216,0,330.946,10.613,187.813,271.938,-17.375,0.742,0.422,2.047,-4.629,9.551,7.766,3.394,3.380,1.333,1.313,0,NULL,NULL,,3,0,2,7,255,1347,250,0,0
stim,166275,196396,0,196396,3393719.455,-0.717,-0.063,0.094,0.688,0,0,0,0,0,0,0,143,46,1.006,1,2216,0,336.822,11.895,196.500,273.563,-0.625,0.801,0.418,2.176,-3.977,11.211,8.391,3.386,3.372,1.333,1.313,0,NULL,NULL,,3,0,2,7,255,1347,250,0,0
stim,166293,196414,0,196414,3393724.454,-0.716,-0.065,0.109,0.687,0,0,0,0,0,0,0,149,46,1.006,1,2216,0,339.095,12.979,197.813,275.063,14.000,0.832,0.445,2.293,-3.508,12.496,9.281,3.372,3.356,1.333,1.313,0,NULL,NULL,,3,0,2,7,255,1347,250,0,0
stim,166293,196414,0,196414,3393729.455,-0.714,-0.067,0.124,0.686,0,0,0,0,0,0,0,151,46,1.006,1,2216,0,338.627,13.945,195.188,275.500,25.875,0.863,0.500,2.391,-3.480,13.504,10.098,3.346,3.332,1.333,1.313,0,NULL,NULL,,3,0,2,7,255,1347,250,0,0
stim,166325,196446,0,196446,3393734.454,-0.713,-0.069,0.138,0.685,0,0,0,0,0,0,0,149,46,1.006,1,2216,0,333.733,14.984,185.375,275.250,35.375,0.922,0.555,2.461,-3.480,14.574,10.695,3.314,3.300,1.333,1.313,0,NULL,NULL,,3,0,2,7,255,1347,250,0,0
stim,166325,196446,0,196446,3393739.455,-0.710,-0.072,0.151,0.684,0,0,0,0,0,0,0,152,46,1.006,1,2216,0,324.676,16.168,168.438,273.750,45.875,0.988,0.566,2.461,-3.480,15.789,10.695,3.276,3.262,1.333,1.313,0,NULL,NULL,,3,0,2,7,255,1347,250,0,0
stim,166325,196446,0,196446,3393744.453,-0.707,-0.075,0.164,0.683,0,0,0,0,0,0,0,155,46,1.006,1,2216,0,314.185,17.208,150.438,269.375,59.313,1.047,0.531,2.398,-3.348,16.879,10.387,3.230,3.216,1.333,1.313,0,NULL,NULL,,3,0,2,7,255,1347,250,0,0
stim,166325,196446,0,196446,3393749.455,-0.704,-0.078,0.177,0.684,0,0,0,0,0,0,0,165,46,1.006,1,2216,0,304.280,17.911,136.000,262.500,72.000,1.109,0.461,2.293,-2.820,17.688,9.266,3.178,3.164,1.333,1.313,0,NULL,NULL,,3,0,2,7,255,1347,250,0,0
stim,166325,196446,0,196446,3393754.453,-0.700,-0.081,0.189,0.684,0,0,0,0,0,0,0,163,46,1.006,1,2216,0,294.866,18.372,126.313,252.875,83.938,1.172,0.375,2.152,-2.047,18.258,7.645,3.120,3.106,1.333,1.313,0,NULL,NULL,,3,0,2,7,255,1347,250,0,0
stim,166325,196446,0,196446,3393759.455,-0.696,-0.084,0.200,0.685,0,0,0,0,0,0,0,167,46,1.006,1,2216,0,286.055,18.675,119.438,241.250,96.750,1.262,0.270,1.965,-1.250,18.633,5.695,3.056,3.044,1.333,1.313,0,NULL,NULL,,3,0,2,7,255,1347,250,0,0
stim,166325,196446,0,196446,3393764.454,-0.691,-0.087,0.211,0.686,0,0,0,0,0,0,0,168,46,1.006,1,2216,0,280.944,18.906,120.063,228.063,111.813,1.340,0.102,1.727,-0.371,18.902,3.195,2.986,2.976,1.333,1.313,0,NULL,NULL,,3,0,2,7,255,1347,250,0,0
stim,166325,196446,0,196446,3393769.455,-0.686,-0.088,0.222,0.688,0,0,0,0,0,0,0,209,46,1.006,1,2216,0,283.099,18.926,134.125,213.000,129.563,1.391,-0.074,1.512,0.941,18.902,0.180,2.908,2.898,1.333,1.313,0,NULL,NULL,,3,0,2,7,255,1347,250,0,0
stim,166325,196446,0,196446,3393774.454,-0.680,-0.088,0.233,0.689,0,0,0,0,0,0,0,221,46,1.006,1,2216,0,289.602,18.730,154.438,197.375,145.125,1.402,-0.258,1.336,2.289,18.590,-2.520,2.826,2.816,1.333,1.313,0,NULL,NULL,,3,0,2,7,255,1347,250,0,0
stim,166325,196446,0,196446,3393779.455,-0.674,-0.087,0.245,0.691,0,0,0,0,0,0,0,243,46,1.006,1,2216,0,299.650,18.390,177.313,180.750,160.250,1.371,-0.473,1.180,3.730,18.008,-4.738,2.738,2.730,1.333,1.313,0,NULL,NULL,,3,0,2,7,255,1347,250,0,0
stim,166353,196474,0,196474,3393784.453,-0.668,-0.084,0.256,0.693,0,0,0,0,0,0,0,250,46,1.006,1,2216,0,313.986,17.968,204.500,163.625,173.188,1.301,-0.707,1.047,5.500,17.105,-6.699,2.648,2.640,1.333,1.313,0,NULL,NULL,,3,0,2,7,255,1347,250,0,0
stim,166353,196474,0,196474,3393789.455,-0.662,-0.080,0.269,0.695,0,0,0,0,0,0,0,263,46,1.006,1,2216,0,333.039,17.637,240.375,146.688,177.813,1.211,-0.918,1.016,7.496,15.965,-8.355,2.552,2.542,1.333,1.313,0,NULL,NULL,,3,0,2,7,255,1347,250,0,0
stim,166353,196474,0,196474,3393794.454,-0.656,-0.074,0.282,0.696,0,0,0,0,0,0,0,269,46,1.006,1,2216,0,354.268,17.946,281.313,130.875,171.000,1.133,-1.016,1.184,9.473,15.242,-8.355,2.454,2.446,1.333,1.313,0,NULL,NULL,,3,0,2,7,255,1347,250,0,0
stim,166353,196474,0,196474,3393799.455,-0.651,-0.067,0.295,0.696,0,0,5,0,0,0,0,275,46,1.006,1,2216,0,364.300,18.692,309.063,117.250,153.125,1.102,-0.973,1.531,10.820,15.242,-8.023,2.354,2.346,1.333,1.313,0,NULL,NULL,,3,0,2,7,255,1347,250,0,0
stim,166353,196474,0,196474,3393804.453,-0.647,-0.060,0.308,0.695,0,0,8,0,0,0,0,279,46,1.006,1,2216,0,352.606,20.243,309.375,104.938,132.688,1.191,-0.855,1.926,11.379,16.742,-5.395,2.252,2.246,1.333,1.313,0,NULL,NULL,,3,0,2,7,255,1347,250,0,0
stim,166353,196474,0,196474,3393809.456,-0.643,-0.053,0.319,0.694,0,0,5,0,0,0,0,294,46,1.006,1,2216,0,312.870,22.559,276.625,94.813,111.250,1.211,-0.785,2.258,11.391,19.473,-2.820,2.148,2.142,1.333,1.313,0,NULL,NULL,,3,0,2,7,255,1347,250,0,0
stim,166385,196506,0,196506,3393814.453,-0.640,-0.048,0.329,0.693,0,0,7,0,0,0,0,309,46,1.006,1,2216,0,251.614,24.478,224.563,83.438,76.938,1.387,-0.836,2.375,11.922,21.379,-1.066,2.040,2.034,1.333,1.313,0,NULL,NULL,,3,0,2,7,255,1347,250,0,0
stim,166385,196506,0,196506,3393819.455,-0.637,-0.045,0.336,0.692,0,0,8,0,0,0,0,331,46,1.006,1,2216,0,189.129,26.636,167.313,71.313,51.875,1.547,-0.844,2.352,12.547,23.496,-1.066,1.926,1.918,1.333,1.313,0,NULL,NULL,,3,0,2,7,255,1347,250,0,0
stim,166385,196506,0,196506,3393824.454,-0.636,-0.043,0.341,0.691,0,0,6,0,0,0,0,348,46,1.006,1,2216,0,134.633,27.816,120.125,55.938,23.813,1.723,-0.980,2.211,12.688,24.754,-2.398,1.804,1.798,1.333,1.313,0,NULL,NULL,,3,0,2,7,255,1347,250,0,0
stim,166385,196506,0,196506,3393829.455,-0.635,-0.042,0.345,0.690,0,0,6,0,0,0,0,379,46,1.006,1,2216,0,90.840,28.395,81.438,37.938,13.438,1.922,-0.977,2.145,12.547,25.473,-5.125,1.672,1.666,1.333,1.313,0,NULL,NULL,,3,0,2,7,255,1347,250,0,0
stim,166422,196543,0,196543,3393834.453,-0.635,-0.041,0.347,0.689,0,0,12,0,0,0,0,397,46,1.006,1,2216,0,51.436,29.531,45.375,17.438,16.813,1.945,-0.832,2.086,12.520,26.746,-6.773,1.532,1.524,1.333,1.313,0,NULL,NULL,,3,0,2,7,255,1347,250,0,0
stim,166422,196543,0,196543,3393839.455,-0.635,-0.041,0.347,0.690,0,0,6,0,0,0,0,397,46,1.006,1,2216,0,15.368,28.915,12.375,-2.938,8.625,1.902,-0.625,2.016,10.988,26.746,-6.773,1.386,1.380,1.333,1.313,0,NULL,NULL,,3,0,2,7,255,1347,250,0,0
stim,166422,196543,0,196543,3393844.453,-0.635,-0.040,0.345,0.690,0,0,5,0,0,0,0,405,46,1.006,1,2216,0,38.935,27.559,-25.750,-28.938,3.938,1.727,-0.492,2.031,8.992,26.051,-6.355,1.236,1.230,1.333,1.313,0,NULL,NULL,,3,0,2,7,255,1347,250,0,0
stim,166422,196543,0,196543,3393849.455,-0.635,-0.040,0.342,0.691,0,0,1,0,0,0,0,399,46,1.006,1,2216,0,76.353,26.176,-56.938,-50.813,-2.438,1.672,-0.605,1.848,8.613,24.719,-6.203,1.084,1.078,1.333,1.313,0,NULL,NULL,,3,0,2,7,255,1347,250,0,0
stim,166422,196543,0,196543,3393854.454,-0.636,-0.040,0.338,0.693,0,0,0,0,0,0,0,422,46,1.006,1,2216,0,108.166,24.628,-79.375,-73.188,6.563,1.563,-0.531,1.773,8.156,23.238,-5.723,0.930,0.926,1.333,1.313,0,NULL,NULL,,3,0,2,7,255,1347,250,0,0
stim,166422,196543,0,196543,3393859.455,-0.636,-0.038,0.333,0.695,0,0,0,0,0,0,0,499,46,1.006,1,2216,0,129.458,23.582,-67.750,-102.438,40.938,0.770,-0.809,2.195,8.613,21.953,-5.723,0.782,0.778,1.333,1.313,0,NULL,NULL,,3,0,2,7,255,1347,250,0,0
stim,166422,196543,0,196543,3393864.453,-0.627,-0.016,0.338,0.701,110,0,0,375,0,41,0,547,46,1.006,1,2216,0,588.839,25.595,360.000,-235.750,401.938,-0.078,0.316,5.539,13.160,21.953,0.445,0.642,0.640,1.333,1.313,0,NULL,NULL,,3,0,2,7,255,1347,250,0,0
stim,166422,196543,0,196543,3393869.455,-0.619,-0.017,0.325,0.715,638,0,0,946,0,147,0,582,46,1.006,1,2216,0,473.448,21.787,-340.438,-129.563,302.438,-1.504,1.578,5.418,13.160,17.363,34.430,0.516,0.516,1.333,1.313,0,NULL,NULL,,3,0,2,7,255,1347,250,0,0
stim,166422,196543,0,196543,3393874.454,-0.615,-0.035,0.295,0.730,1081,0,0,1327,0,407,0,635,46,1.006,1,2216,0,876.069,14.557,-858.625,-97.688,143.938,-1.555,2.387,1.852,7.906,12.223,34.430,0.410,0.410,1.333,1.313,0,NULL,NULL,,3,0,2,7,255,1347,250,0,0
stim,166422,196543,0,196543,3393879.455,-0.615,-0.054,0.267,0.740,1487,0,0,1624,0,555,0,693,46,1.006,1,2217,0,797.220,14.680,-791.688,-90.813,-23.313,-1.199,1.887,-1.148,-13.000,-6.820,20.164,0.320,0.326,1.333,1.313,1,1277.000,-70.000,,3,0,2,7,255,1347,250,0,0
stim,166455,196576,0,196576,3393884.454,-0.617,-0.063,0.251,0.743,1781,0,0,1835,0,704,0,756,46,1.006,1,2217,0,448.693,21.092,-436.000,-90.313,-55.438,-0.703,0.844,-2.141,-13.000,-16.609,-9.102,0.260,0.272,1.333,1.313,1,NULL,NULL,,3,0,2,7,255,1347,250,0,0
stim,166455,196576,0,196576,3393889.455,-0.619,-0.061,0.245,0.744,2007,0,0,1914,0,909,0,818,46,1.006,1,2217,0,140.896,19.538,-62.938,-122.250,-30.750,-0.254,-0.340,-0.910,-10.289,-16.609,-17.578,0.238,0.256,1.333,1.313,1,NULL,NULL,,3,0,2,7,255,1347,250,0,0
stim,166455,196576,0,196576,3393894.453,-0.619,-0.055,0.244,0.744,2186,0,0,2065,0,1061,0,883,46,1.006,1,2217,0,143.418,6.103,58.813,-125.125,38.125,0.008,-0.031,1.199,2.035,-5.754,-17.578,0.266,0.284,1.333,1.313,1,NULL,NULL,,3,0,2,7,255,1347,250,0,0
stim,166455,196576,0,196576,3393899.455,-0.617,-0.052,0.239,0.748,2455,0,0,2323,0,1169,0,927,46,1.006,1,2217,0,153.067,5.160,-59.000,-114.188,83.125,-0.160,1.184,1.902,2.035,4.742,0.465,0.296,0.314,1.333,1.313,1,NULL,NULL,,3,0,2,7,255,1347,250,0,0
stim,166473,196594,0,196594,3393904.453,-0.614,-0.052,0.230,0.753,2623,0,0,2534,0,1179,0,971,46,1.006,1,2217,0,266.741,4.766,-206.563,-123.813,114.688,-1.234,0.594,1.332,-0.473,4.742,7.746,0.322,0.342,1.333,1.313,1,NULL,NULL,,3,0,2,7,255,1347,250,0,0
stim,166473,196594,0,196594,3393909.455,-0.611,-0.055,0.215,0.760,2728,0,0,2669,0,1183,0,1045,46,1.006,1,2217,0,374.332,6.552,-320.500,-159.375,109.563,-1.859,-0.938,0.395,-0.473,-6.535,7.746,0.344,0.366,1.333,1.313,2,NULL,NULL,,3,0,2,7,255,1347,250,0,0
stim,166473,196594,0,196594,3393914.454,-0.614,-0.056,0.203,0.761,2797,0,0,2761,0,1167,0,1137,46,1.006,1,2217,0,288.338,19.287,-231.875,-161.000,-58.750,-1.547,-1.164,-0.441,13.805,-13.469,-2.102,0.364,0.388,1.333,1.313,2,NULL,NULL,,3,0,2,7,255,1347,250,0,0
stim,166473,196594,0,196594,3393919.455,-0.619,-0.052,0.196,0.759,2853,0,0,2839,0,1140,0,1242,46,1.006,1,2217,0,216.342,19.287,-57.875,-176.250,-111.313,-0.488,-0.598,0.074,13.805,-13.469,-8.789,0.376,0.398,1.333,1.313,2,NULL,NULL,,3,0,2,7,255,1347,250,0,0
stim,166473,196594,0,196594,3393924.454,-0.623,-0.047,0.191,0.757,2903,0,0,2903,0,1143,0,1287,46,1.006,1,2217,0,203.169,7.540,16.750,-177.250,-97.875,0.105,-0.551,1.414,6.820,-3.215,-8.789,0.382,0.402,1.333,1.313,2,NULL,NULL,,3,0,2,7,255,1347,250,0,0
stim,166473,196594,0,196594,3393929.455,-0.626,-0.043,0.185,0.756,2927,0,0,2951,0,1173,0,1327,46,1.006,1,2217,0,182.050,9.438,-56.875,-166.375,-47.188,0.469,-0.730,1.914,6.820,6.523,1.664,0.384,0.398,1.333,1.313,2,NULL,NULL,,3,0,2,7,255,1347,250,0,0
stim,166521,196642,0,196642,3393934.453,-0.626,-0.042,0.176,0.758,2959,0,0,2995,0,1223,0,1351,46,1.006,1,2217,0,209.899,14.246,-138.250,-156.938,17.750,0.648,-0.832,1.508,8.359,11.535,1.664,0.380,0.388,1.333,1.313,2,NULL,NULL,,3,0,2,7,255,1347,250,0,0
stim,166521,196642,0,196642,3393939.455,-0.624,-0.041,0.167,0.762,2987,0,0,3032,0,1336,0,1394,46,1.006,1,2217,0,231.056,14.285,-158.125,-143.125,88.875,0.473,-1.063,0.922,8.426,11.535,0.758,0.364,0.366,1.333,1.313,2,NULL,NULL,,3,0,2,7,255,1347,250,0,0
stim,166521,196642,0,196642,3393944.454,-0.620,-0.038,0.160,0.767,2997,0,0,3058,0,1460,0,1421,46,1.006,1,2217,0,226.807,13.361,-119.563,-137.063,135.500,0.020,-1.020,0.602,10.039,8.816,-4.320,0.334,0.332,1.333,1.313,2,NULL,NULL,,3,0,2,7,255,1347,250,0,0
stim,166521,196642,0,196642,3393949.455,-0.616,-0.035,0.154,0.772,3019,0,0,3077,0,1564,0,1495,46,1.006,1,2217,0,203.631,10.696,-61.563,-136.813,137.688,-0.395,-0.512,0.727,10.039,3.691,-4.320,0.292,0.286,1.333,1.313,2,NULL,NULL,,3,0,2,7,255,1347,250,0,0
stim,166521,196642,0,196642,3393954.454,-0.613,-0.031,0.150,0.775,3019,0,0,3089,0,1703,0,1551,46,1.006,1,2217,0,171.755,6.478,-35.813,-136.250,98.250,-0.512,0.102,1.152,6.438,-0.719,-2.898,0.244,0.232,1.333,1.313,2,NULL,NULL,,3,0,2,7,255,1347,250,0,0
stim,166521,196642,0,196642,3393959.455,-0.612,-0.027,0.145,0.777,3029,0,0,3099,19,1827,0,1624,46,1.006,1,2217,0,150.785,1.947,-54.563,-131.750,49.000,-0.398,0.473,1.352,1.379,-1.375,2.344,0.212,0.188,1.333,1.313,2,NULL,NULL,,3,0,2,7,255,1347,250,0,0
stim,166542,196663,0,196663,3393964.453,-0.612,-0.025,0.139,0.778,3031,0,0,3104,87,1918,0,1700,46,1.006,1,2217,0,148.854,2.574,-80.625,-123.438,20.500,-0.160,0.441,1.297,-2.176,-1.375,3.445,0.192,0.158,1.333,1.313,2,NULL,NULL,,3,0,2,7,255,1347,250,0,0
stim,166542,196663,0,196663,3393969.455,-0.612,-0.023,0.132,0.779,3033,0,0,3109,210,2023,0,1779,46,1.006,1,2217,0,154.079,2.250,-99.938,-116.500,13.438,-0.059,0.121,1.211,-2.176,0.574,3.445,0.184,0.142,1.333,1.313,2,NULL,NULL,,3,0,2,7,255,1347,250,0,0
stim,166542,196663,0,196663,3393974.454,-0.612,-0.022,0.126,0.780,3036,0,0,3115,485,2131,0,1903,46,1.006,1,2217,0,150.289,1.856,-104.500,-107.500,10.500,0.008,-0.148,1.023,0.051,1.855,1.965,0.184,0.136,1.333,1.313,2,NULL,NULL,,3,0,2,7,255,1347,250,0,0
stim,166542,196663,0,196663,3393979.455,-0.612,-0.021,0.121,0.781,3049,0,0,3123,667,2197,125,2010,46,1.006,1,2217,0,119.736,3.297,-74.563,-93.563,4.813,0.113,-0.152,1.238,2.113,2.531,1.633,0.180,0.132,1.333,1.313,2,NULL,NULL,,3,0,2,7,255,1347,250,0,0
stim,166542,196663,0,196663,3393984.454,-0.614,-0.021,0.118,0.780,3044,0,0,3127,893,2251,115,2099,46,1.006,1,2217,0,71.753,4.397,-41.875,-43.625,-38.625,0.281,0.031,1.582,2.113,3.855,1.633,0.178,0.128,1.333,1.313,2,NULL,NULL,,3,0,2,7,255,1347,250,0,0
stim,166542,196663,0,196663,3393989.455,-0.615,-0.021,0.115,0.780,3047,0,0,3130,1039,2275,117,2147,46,1.006,1,2217,0,78.425,5.461,-55.125,-38.688,-40.188,0.508,0.582,1.043,0.207,5.457,1.633,0.174,0.124,1.333,1.313,2,NULL,NULL,,3,0,2,7,255,1347,250,0,0
stim,166570,196691,0,196691,3393994.453,-0.616,-0.021,0.114,0.779,3047,0,0,3134,1142,2311,135,2185,46,1.006,1,2217,0,35.913,8.128,-12.750,-30.875,-13.188,0.383,0.766,1.152,-6.023,5.457,1.488,0.170,0.118,1.333,1.313,2,NULL,NULL,,3,0,2,7,255,1347,250,0,0
stim,166570,196691,0,196691,3393999.455,-0.616,-0.021,0.112,0.780,3049,0,0,3143,1213,2339,146,2233,46,1.006,1,2217,0,48.407,7.281,-45.000,-15.750,8.375,-0.230,0.156,1.574,-6.023,4.090,1.488,0.162,0.108,1.333,1.313,2,NULL,NULL,,3,0,2,7,255,1347,250,0,0
stim,166570,196691,0,196691,3394004.453,-0.617,-0.024,0.107,0.780,3050,20,0,3147,1317,2360,147,2277,46,1.006,1,2217,0,123.217,0.482,-119.313,-12.625,-28.063,-0.555,0.105,1.234,0.129,0.465,3.066,0.148,0.094,1.333,1.313,2,NULL,NULL,,3,0,2,7,255,1347,250,0,0
stim,166570,196691,0,196691,3394009.455,-0.619,-0.027,0.104,0.778,3049,26,0,3149,1371,2375,145,2315,46,1.006,1,2217,0,133.413,2.074,-102.375,-8.500,-85.125,-0.293,0.270,0.707,0.129,-2.070,3.066,0.130,0.074,1.333,1.313,2,NULL,NULL,,3,0,2,7,255,1347,250,0,0
stim,166570,196691,0,196691,3394014.454,-0.623,-0.028,0.101,0.775,3049,52,0,3152,1485,2395,153,2346,46,1.006,1,2217,0,117.990,2.338,-45.500,-10.313,-108.375,0.023,0.145,0.828,-1.086,-2.070,-1.766,0.110,0.054,1.333,1.313,2,NULL,NULL,,3,0,2,7,255,1347,250,0,0
stim,166570,196691,0,196691,3394019.455,-0.626,-0.029,0.100,0.773,3047,61,0,3158,1561,2408,153,2377,46,1.006,1,2217,0,88.721,1.761,-31.063,-6.188,-82.875,0.199,-0.016,1.094,-1.086,1.387,-1.766,0.100,0.044,1.333,1.313,2,NULL,NULL,,3,0,2,7,255,1347,250,0,0
stim,166603,196724,0,196724,3394024.454,-0.627,-0.030,0.098,0.772,3046,83,0,3161,1595,2422,159,2403,46,1.006,1,2217,0,72.831,2.339,-55.750,-5.313,-46.563,0.035,-0.020,1.117,0.176,2.332,0.371,0.096,0.042,1.333,1.313,2,NULL,NULL,,3,0,2,7,255,1347,250,0,0
stim,166603,196724,0,196724,3394029.455,-0.629,-0.033,0.095,0.771,3061,115,0,3171,1647,2449,168,2427,46,1.006,1,2217,0,82.119,2.391,-72.000,-2.063,-39.438,-0.176,-0.039,0.953,0.527,2.332,0.371,0.092,0.038,1.333,1.313,2,NULL,NULL,,3,0,2,7,255,1347,250,0,0
stim,166625,196746,0,196746,3394034.453,-0.630,-0.035,0.093,0.770,3051,143,0,3171,1715,2461,181,2445,46,1.006,1,2217,0,80.377,1.017,-59.313,-2.500,-54.188,-0.234,-0.082,0.820,1.016,0.055,-0.387,0.088,0.032,1.333,1.313,2,NULL,NULL,,3,0,2,7,255,1347,250,0,0
stim,166625,196746,0,196746,3394039.455,-0.632,-0.036,0.091,0.768,3055,171,2,3175,1751,2470,211,2457,46,1.006,1,2217,0,72.777,1.173,-33.250,-3.813,-64.625,-0.117,-0.082,0.867,1.172,0.055,-1.301,0.082,0.026,1.333,1.313,2,NULL,NULL,,3,0,2,7,255,1347,250,0,0
stim,166625,196746,0,196746,3394044.454,-0.634,-0.036,0.090,0.767,3063,183,41,3178,1805,2487,215,2463,46,1.006,1,2217,0,61.479,1.362,-20.688,-3.063,-57.813,0.027,-0.117,0.984,1.262,0.512,-1.301,0.078,0.022,1.333,1.313,2,NULL,NULL,,3,0,2,7,255,1347,250,0,0
stim,166625,196746,0,196746,3394049.455,-0.635,-0.037,0.089,0.766,3054,217,125,3193,1831,2501,217,2487,46,1.006,1,2217,0,40.328,2.498,-22.313,-2.500,-33.500,0.074,-0.195,0.996,1.262,2.156,-0.461,0.076,0.018,1.333,1.313,2,NULL,NULL,,3,0,2,7,255,1347,250,0,0
stim,166625,196746,0,196746,3394054.453,-0.636,-0.038,0.089,0.766,3064,234,176,3188,1869,2507,220,2477,46,1.006,1,2217,0,24.470,2.886,-23.750,-1.750,-5.625,-0.031,-0.207,0.941,1.918,2.156,-0.461,0.074,0.016,1.333,1.313,2,NULL,NULL,,3,0,2,7,255,1347,250,0,0
stim,166625,196746,0,196746,3394059.455,-0.636,-0.038,0.088,0.766,3065,237,263,3183,1883,2505,213,2485,46,1.006,1,2217,0,18.429,2.534,-18.000,-2.063,3.375,-0.203,-0.109,0.910,1.918,1.656,-0.746,0.072,0.012,1.333,1.313,2,NULL,NULL,,3,0,2,7,255,1347,250,0,0
stim,166625,196746,0,196746,3394064.453,-0.636,-0.038,0.087,0.766,3064,248,317,3183,1911,2508,205,2491,46,1.006,1,2217,0,12.043,1.549,-6.375,-2.375,-9.938,-0.258,0.023,0.949,1.535,-0.203,-0.746,0.068,0.008,1.333,1.313,2,NULL,NULL,,3,0,2,7,255,1347,250,0,0
stim,166625,196746,0,196746,3394069.455,-0.637,-0.038,0.087,0.765,3064,245,362,3187,1937,2511,187,2493,46,1.006,1,2217,0,20.158,0.514,-1.125,-2.250,-20.000,-0.152,-0.008,1.016,0.473,-0.203,-0.219,0.066,0.004,1.333,1.313,2,NULL,NULL,,3,0,2,7,255,1347,250,0,0
stim,166625,196746,0,196746,3394074.454,-0.637,-0.039,0.087,0.765,3077,237,409,3187,1951,2517,173,2501,46,1.006,1,2217,0,12.790,0.542,-5.938,-2.438,-11.063,-0.086,-0.086,1.031,0.473,0.266,0.223,0.064,0.002,1.333,1.313,2,NULL,NULL,,3,0,2,7,255,1347,250,0,0
stim,166625,196746,0,196746,3394079.455,-0.637,-0.039,0.086,0.765,3067,237,445,3187,1967,2519,175,2504,46,1.018,1,2217,1,9.840,1.235,-9.375,-2.375,1.813,-0.133,-0.109,0.969,1.109,0.543,0.223,0.000,0.000,1.321,1.334,2,NULL,NULL,,3,0,2,7,255,1347,250,0,0
stim,166653,196774,0,196774,3394084.454,-0.637,-0.039,0.086,0.765,3068,248,468,3187,1973,2521,173,2507,46,1.018,1,2217,1,5.841,1.235,-5.188,-2.625,0.563,-0.203,-0.059,0.945,1.109,0.543,-0.285,0.002,0.000,1.321,1.334,2,NULL,NULL,,3,0,2,7,255,1347,250,0,0
stim,166653,196774,0,196774,3394089.455,-0.637,-0.039,0.086,0.765,3067,245,491,3183,1989,2523,171,2508,46,1.018,1,2217,1,7.601,1.031,0.875,-2.500,-7.125,-0.172,-0.031,0.961,1.031,0.016,-0.285,0.004,0.002,1.321,1.334,2,NULL,NULL,,3,0,2,7,255,1347,250,0,0
stim,166653,196774,0,196774,3394094.453,-0.637,-0.039,0.086,0.765,3067,249,519,3183,2007,2537,169,2509,46,1.018,1,2217,1,6.655,0.735,2.000,-2.688,-5.750,-0.113,-0.047,1.000,0.734,0.016,-0.254,0.006,0.006,1.321,1.334,2,NULL,NULL,,3,0,2,7,255,1347,250,0,0
stim,166653,196774,0,196774,3394099.455,-0.637,-0.039,0.085,0.765,3069,239,533,3180,2003,2527,148,2513,46,1.018,1,2217,1,3.199,0.906,0.188,-2.438,2.063,-0.121,-0.039,0.992,0.707,0.566,-0.043,0.010,0.010,1.321,1.334,2,NULL,NULL,,3,0,2,7,255,1347,250,0,0
stim,166653,196774,0,196774,3394104.454,-0.637,-0.039,0.085,0.765,3080,237,555,3172,2011,2533,147,2519,46,1.018,1,2217,1,5.883,0.906,0.688,-2.688,5.188,-0.176,-0.008,0.977,0.707,0.566,-0.043,0.014,0.014,1.321,1.334,2,NULL,NULL,,3,0,2,7,255,1347,250,0,0
stim,166653,196774,0,196774,3394109.455,-0.637,-0.039,0.085,0.765,3067,235,575,3175,2012,2533,135,2515,46,1.018,1,2217,1,4.821,0.485,3.750,-2.813,1.125,-0.188,0.016,0.984,0.484,-0.027,-0.043,0.020,0.020,1.321,1.334,2,NULL,NULL,,3,0,2,7,255,1347,250,0,0
stim,166687,196808,0,196808,3394114.454,-0.637,-0.038,0.085,0.765,3080,227,593,3175,2019,2538,133,2519,46,1.018,1,2217,1,6.668,0.298,5.375,-3.000,-2.563,-0.164,0.020,1.000,0.297,-0.027,-0.008,0.026,0.024,1.321,1.334,2,NULL,NULL,,3,0,2,7,255,1347,250,0,0
stim,166687,196808,0,196808,3394119.455,-0.637,-0.038,0.085,0.765,3068,229,601,3181,2019,2531,127,2519,46,1.018,1,2217,1,6.481,0.206,5.438,-3.063,-1.750,-0.145,0.031,1.004,0.195,0.066,0.098,0.030,0.030,1.321,1.334,2,NULL,NULL,,3,0,2,7,255,1347,250,0,0
stim,166687,196808,0,196808,3394124.454,-0.637,-0.038,0.086,0.765,3063,221,609,3163,2025,2520,127,2517,46,1.018,1,2217,1,5.940,0.101,5.125,-3.000,-0.125,-0.156,0.051,1.004,0.059,0.082,0.121,0.036,0.034,1.321,1.334,2,NULL,NULL,,3,0,2,7,255,1347,250,0,0
stim,166687,196808,0,196808,3394129.455,-0.637,-0.038,0.086,0.765,3055,220,609,3161,2015,2523,123,2515,46,1.018,1,2217,1,5.601,0.082,4.563,-3.188,-0.625,-0.176,0.043,1.000,0.004,0.082,0.129,0.038,0.036,1.321,1.334,2,NULL,NULL,,3,0,2,7,255,1347,250,0,0
stim,166722,196843,0,196843,3394134.454,-0.637,-0.037,0.086,0.765,3061,201,617,3154,2026,2533,123,2519,46,1.018,1,2217,1,6.876,0.090,5.188,-3.875,-2.313,-0.180,0.035,0.984,0.004,-0.090,0.129,0.042,0.040,1.321,1.334,2,NULL,NULL,,3,0,2,7,255,1347,250,0,0
stim,166722,196843,0,196843,3394139.455,-0.638,-0.037,0.086,0.765,3048,187,620,3146,2029,2525,118,2517,46,1.018,1,2217,1,9.460,0.109,7.688,-4.625,-3.000,-0.172,0.043,0.980,0.039,-0.102,-0.012,0.046,0.044,1.321,1.334,2,NULL,NULL,,3,0,2,7,255,1347,250,0,0
stim,166722,196843,0,196843,3394144.454,-0.638,-0.037,0.086,0.765,3039,184,635,3131,2024,2521,123,2525,46,1.018,1,2217,1,11.052,0.146,9.250,-5.750,-1.875,-0.184,0.066,1.000,0.039,-0.141,-0.012,0.050,0.048,1.321,1.334,2,NULL,NULL,,3,0,2,7,255,1347,250,0,0
stim,166722,196843,0,196843,3394149.455,-0.638,-0.036,0.086,0.765,3037,187,639,3127,2031,2519,121,2533,46,1.018,1,2217,1,11.440,0.267,8.750,-6.813,-2.813,-0.207,0.105,1.016,-0.152,-0.219,0.164,0.052,0.050,1.321,1.334,2,NULL,NULL,,3,0,2,7,255,1347,250,0,0
stim,166722,196843,0,196843,3394154.453,-0.638,-0.036,0.086,0.764,3023,188,649,3115,2053,2526,147,2534,46,1.018,1,2217,1,12.870,0.697,8.250,-7.750,-6.125,-0.203,0.156,1.020,-0.512,-0.473,0.395,0.054,0.050,1.321,1.334,2,NULL,NULL,,3,0,2,7,255,1347,250,0,0
stim,166722,196843,0,196843,3394159.455,-0.638,-0.035,0.086,0.764,3021,197,666,3113,2071,2521,155,2539,46,1.018,1,2217,1,14.694,1.071,8.313,-8.875,-8.250,-0.176,0.195,1.031,-0.961,-0.473,0.434,0.052,0.050,1.321,1.334,2,NULL,NULL,,3,0,2,7,255,1347,250,0,0
stim,166722,196843,0,196843,3394164.453,-0.639,-0.034,0.086,0.764,3001,197,704,3099,2089,2525,157,2539,46,1.018,1,2217,1,13.236,1.411,6.188,-9.688,-6.563,-0.152,0.203,1.051,-1.375,-0.316,0.516,0.052,0.050,1.321,1.334,2,NULL,NULL,,3,0,2,7,255,1347,250,0,0
stim,166722,196843,0,196843,3394169.455,-0.639,-0.034,0.086,0.764,2987,189,723,3090,2116,2521,161,2549,46,1.018,1,2217,1,10.935,1.479,1.750,-10.000,-4.063,-0.145,0.199,1.051,-1.477,-0.078,0.676,0.050,0.046,1.321,1.334,2,NULL,NULL,,3,0,2,7,255,1347,250,0,0
stim,166722,196843,0,196843,3394174.454,-0.639,-0.034,0.086,0.764,2981,199,741,3080,2167,2529,189,2567,46,1.018,1,2217,1,10.713,1.479,-1.938,-10.188,-2.688,-0.152,0.188,1.027,-1.477,-0.078,0.676,0.048,0.044,1.321,1.334,2,NULL,NULL,,3,0,2,7,255,1347,250,0,0
stim,166722,196843,0,196843,3394179.455,-0.639,-0.033,0.086,0.764,2967,215,791,3065,2196,2528,245,2583,46,1.018,1,2217,1,11.086,1.363,-2.875,-10.563,-1.750,-0.156,0.164,1.000,-1.359,-0.105,0.434,0.044,0.040,1.321,1.334,2,NULL,NULL,,3,0,2,7,255,1347,250,0,0
stim,166754,196875,0,196875,3394184.453,-0.639,-0.033,0.085,0.764,2954,224,825,3053,2230,2523,300,2585,46,1.018,1,2217,1,11.414,1.117,-1.938,-10.938,-2.625,-0.176,0.145,1.000,-1.105,-0.160,0.199,0.038,0.034,1.321,1.334,2,NULL,NULL,,3,0,2,7,255,1347,250,0,0
stim,166754,196875,0,196875,3394189.455,-0.639,-0.032,0.085,0.764,2939,237,880,3055,2263,2535,332,2603,46,1.018,1,2217,1,12.591,0.980,-0.500,-11.125,-5.875,-0.176,0.148,1.008,-0.926,-0.320,0.199,0.032,0.028,1.321,1.334,2,NULL,NULL,,3,0,2,7,255,1347,250,0,0
stim,166754,196875,0,196875,3394194.453,-0.640,-0.032,0.085,0.763,2923,247,937,3037,2289,2531,341,2612,46,1.018,1,2217,1,14.293,0.980,0.188,-11.000,-9.125,-0.152,0.160,1.012,-0.926,-0.320,0.285,0.026,0.022,1.321,1.334,2,NULL,NULL,,3,0,2,7,255,1347,250,0,0
stim,166754,196875,0,196875,3394199.455,-0.640,-0.032,0.085,0.763,2901,249,997,3021,2311,2537,348,2620,46,1.018,1,2217,1,14.456,0.936,-0.688,-10.875,-9.500,-0.152,0.133,1.016,-0.926,-0.141,0.293,0.020,0.016,1.321,1.334,2,NULL,NULL,,3,0,2,7,255,1347,250,0,0
stim,166774,196895,0,196895,3394204.454,-0.640,-0.031,0.084,0.763,2879,243,1091,3017,2349,2537,375,2629,46,1.018,1,2217,1,15.402,0.832,-3.750,-10.438,-10.688,-0.176,0.074,0.996,-0.820,-0.141,0.293,0.016,0.012,1.321,1.334,2,NULL,NULL,,3,0,2,7,255,1347,250,0,0
stim,166774,196895,0,196895,3394209.455,-0.641,-0.031,0.084,0.763,2863,247,1167,3001,2379,2533,398,2645,46,1.018,1,2217,1,18.281,0.329,-3.750,-11.063,-14.063,-0.199,0.023,0.961,-0.223,-0.242,0.141,0.014,0.008,1.321,1.334,2,NULL,NULL,,3,0,2,7,255,1347,250,0,0
stim,166774,196895,0,196895,3394214.453,-0.641,-0.031,0.083,0.762,2841,252,1253,2987,2407,2537,415,2653,46,1.018,1,2217,1,22.185,0.503,-0.438,-11.750,-18.813,-0.195,0.008,0.949,0.297,-0.406,-0.203,0.012,0.006,1.321,1.334,2,NULL,NULL,,3,0,2,7,255,1347,250,0,0
stim,166774,196895,0,196895,3394219.455,-0.642,-0.031,0.083,0.761,2824,265,1312,2981,2441,2536,505,2668,46,1.018,1,2217,1,25.290,0.606,1.750,-12.125,-22.125,-0.180,-0.008,0.965,0.449,-0.406,-0.219,0.010,0.006,1.321,1.334,2,NULL,NULL,,3,0,2,7,255,1347,250,0,0
stim,166774,196895,0,196895,3394224.454,-0.643,-0.030,0.083,0.761,2789,264,1405,2963,2463,2549,582,2671,46,1.018,1,2217,1,26.442,0.600,0.750,-12.688,-23.188,-0.168,-0.008,0.984,0.559,-0.219,-0.219,0.010,0.006,1.321,1.334,2,NULL,NULL,,3,0,2,7,255,1347,250,0,0
stim,166774,196895,0,196895,3394229.455,-0.644,-0.030,0.082,0.760,2770,281,1497,2937,2486,2543,669,2683,46,1.018,1,2217,1,27.992,0.568,-3.375,-12.875,-24.625,-0.164,0.000,0.992,0.559,-0.102,-0.051,0.012,0.006,1.321,1.334,2,NULL,NULL,,3,0,2,7,255,1347,250,0,0
stim,166818,196939,0,196939,3394234.454,-0.645,-0.030,0.081,0.760,2745,299,1578,2921,2509,2543,807,2703,46,1.018,1,2217,1,29.627,0.572,-8.000,-13.625,-25.063,-0.172,-0.016,0.977,0.563,-0.102,-0.051,0.014,0.008,1.321,1.334,2,NULL,NULL,,3,0,2,7,255,1347,250,0,0
stim,166818,196939,0,196939,3394239.455,-0.646,-0.030,0.080,0.759,2720,316,1654,2910,2543,2563,876,2711,46,1.018,1,2217,1,30.280,0.646,-10.938,-14.875,-24.000,-0.188,-0.039,0.961,0.629,-0.148,-0.109,0.016,0.012,1.321,1.334,2,NULL,NULL,,3,0,2,7,255,1347,250,0,0
stim,166818,196939,0,196939,3394244.453,-0.646,-0.030,0.079,0.758,2692,319,1747,2889,2569,2567,982,2728,46,1.018,1,2217,1,33.410,0.704,-11.250,-16.250,-26.938,-0.191,-0.008,0.969,0.629,-0.316,-0.164,0.020,0.014,1.321,1.334,2,NULL,NULL,,3,0,2,7,255,1347,250,0,0
stim,166818,196939,0,196939,3394249.455,-0.647,-0.030,0.079,0.757,2665,325,1811,2887,2599,2567,1051,2739,46,1.018,1,2217,1,36.809,0.628,-11.500,-16.875,-30.625,-0.156,0.023,0.977,0.543,-0.316,-0.164,0.024,0.018,1.321,1.334,2,NULL,NULL,,3,0,2,7,255,1347,250,0,0
stim,166818,196939,0,196939,3394254.453,-0.649,-0.030,0.078,0.757,2618,327,1865,2847,2610,2566,1123,2747,46,1.018,1,2217,1,36.508,0.205,-11.125,-16.813,-30.438,-0.105,0.023,0.984,0.168,-0.117,-0.129,0.028,0.022,1.321,1.334,2,NULL,NULL,,3,0,2,7,255,1347,250,0,0
stim,166818,196939,0,196939,3394259.455,-0.649,-0.029,0.077,0.756,2595,333,1925,2843,2632,2577,1225,2764,46,1.018,1,2217,1,31.599,0.400,-11.125,-16.750,-24.375,-0.090,0.016,0.984,0.148,0.371,-0.129,0.030,0.024,1.321,1.334,2,NULL,NULL,,3,0,2,7,255,1347,250,0,0
stim,166842,196963,0,196963,3394264.454,-0.650,-0.029,0.076,0.756,2539,359,1990,2810,2659,2571,1327,2779,46,1.018,1,2217,1,27.864,0.400,-10.438,-16.875,-19.563,-0.121,0.012,0.980,0.148,0.371,-0.129,0.032,0.026,1.321,1.334,2,NULL,NULL,,3,0,2,7,255,1347,250,0,0
stim,166842,196963,0,196963,3394269.455,-0.651,-0.029,0.075,0.755,2492,364,2069,2793,2711,2571,1405,2780,46,1.018,1,2217,1,27.594,0.239,-9.375,-17.125,-19.500,-0.148,0.031,0.980,0.148,0.188,-0.125,0.032,0.026,1.321,1.334,2,NULL,NULL,,3,0,2,7,255,1347,250,0,0
stim,166842,196963,0,196963,3394274.454,-0.651,-0.029,0.074,0.755,2453,391,2139,2781,2700,2577,1492,2796,46,1.018,1,2217,1,29.186,0.133,-7.563,-17.625,-22.000,-0.148,0.051,0.988,0.055,-0.121,-0.082,0.032,0.026,1.321,1.334,2,NULL,NULL,,3,0,2,7,255,1347,250,0,0
stim,166842,196963,0,196963,3394279.455,-0.652,-0.028,0.073,0.754,2419,395,2191,2749,2715,2581,1567,2799,46,1.018,1,2217,1,30.776,0.189,-7.438,-17.688,-24.063,-0.125,0.063,1.004,-0.145,-0.121,-0.016,0.030,0.024,1.321,1.334,2,NULL,NULL,,3,0,2,7,255,1347,250,0,0
stim,166842,196963,0,196963,3394284.453,-0.653,-0.028,0.072,0.753,2374,403,2253,2729,2720,2583,1629,2811,46,1.018,1,2217,1,31.533,0.162,-9.125,-17.188,-24.813,-0.105,0.043,1.016,-0.152,0.055,0.137,0.030,0.024,1.321,1.334,2,NULL,NULL,,3,0,2,7,255,1347,250,0,0
stim,166842,196963,0,196963,3394289.455,-0.654,-0.028,0.071,0.753,2317,421,2295,2699,2743,2582,1662,2826,46,1.018,1,2217,1,31.132,0.310,-13.000,-17.063,-22.563,-0.109,0.016,1.020,-0.152,0.270,0.215,0.030,0.024,1.321,1.334,2,NULL,NULL,,3,0,2,7,255,1347,250,0,0
stim,166865,196986,0,196986,3394294.454,-0.655,-0.028,0.070,0.752,2263,437,2341,2671,2763,2580,1788,2835,46,1.018,1,2217,1,32.573,0.299,-17.375,-16.750,-21.875,-0.125,-0.008,1.012,0.129,0.270,0.215,0.028,0.022,1.321,1.334,2,NULL,NULL,,3,0,2,7,255,1347,250,0,0
stim,166865,196986,0,196986,3394299.455,-0.655,-0.028,0.069,0.752,2195,431,2383,2649,2773,2587,1863,2852,46,1.018,1,2217,1,34.742,0.353,-20.375,-16.563,-22.750,-0.141,-0.012,1.012,0.332,0.121,0.176,0.028,0.022,1.321,1.334,2,NULL,NULL,,3,0,2,7,255,1347,250,0,0
stim,166865,196986,0,196986,3394304.453,-0.656,-0.028,0.068,0.751,2141,439,2453,2614,2792,2595,1924,2857,46,1.018,1,2217,1,38.435,0.335,-24.063,-16.625,-24.938,-0.152,-0.004,1.016,0.332,-0.043,0.176,0.028,0.022,1.321,1.334,2,NULL,NULL,,3,0,2,7,255,1347,250,0,0
stim,166865,196986,0,196986,3394309.455,-0.657,-0.029,0.066,0.750,2088,443,2475,2585,2797,2587,1990,2861,46,1.018,1,2217,1,41.440,0.315,-26.500,-16.813,-27.063,-0.129,0.020,1.004,0.313,-0.043,0.176,0.028,0.022,1.321,1.334,2,NULL,NULL,,3,0,2,7,255,1347,250,0,0
stim,166865,196986,0,196986,3394314.453,-0.658,-0.029,0.065,0.750,2011,455,2517,2547,2808,2586,2034,2871,46,1.018,1,2217,1,42.288,0.025,-26.500,-16.438,-28.563,-0.105,0.023,1.000,0.016,-0.020,0.109,0.028,0.022,1.321,1.334,2,NULL,NULL,,3,0,2,7,255,1347,250,0,0
stim,166865,196986,0,196986,3394319.455,-0.659,-0.029,0.063,0.749,1933,471,2537,2491,2826,2589,2073,2873,46,1.018,1,2217,1,38.053,0.184,-23.688,-16.375,-24.875,-0.090,-0.008,0.957,0.016,0.184,0.059,0.030,0.022,1.321,1.334,2,NULL,NULL,,3,0,2,7,255,1347,250,0,0
stim,166902,197023,0,197023,3394324.454,-0.660,-0.029,0.062,0.749,1867,447,2582,2459,2846,2585,2151,2891,46,1.018,1,2217,1,30.823,0.289,-16.938,-16.375,-19.875,-0.102,-0.020,0.973,0.180,0.227,-0.258,0.030,0.024,1.321,1.334,2,NULL,NULL,,3,0,2,7,255,1347,250,0,0
stim,166902,197023,0,197023,3394329.455,-0.660,-0.029,0.061,0.748,1782,436,2601,2405,2857,2588,2191,2888,46,1.018,1,2217,1,28.571,0.386,-14.375,-16.563,-18.313,-0.141,-0.023,1.012,0.313,0.227,-0.258,0.032,0.024,1.321,1.334,2,NULL,NULL,,3,0,2,7,255,1347,250,0,0
stim,166925,197046,0,197046,3394334.453,-0.661,-0.029,0.060,0.748,1688,423,2622,2329,2861,2589,2245,2893,46,1.018,1,2217,1,32.001,0.335,-17.875,-16.938,-20.438,-0.156,-0.008,1.051,0.313,-0.121,0.199,0.034,0.026,1.321,1.334,2,NULL,NULL,,3,0,2,7,255,1347,250,0,0
stim,166925,197046,0,197046,3394339.455,-0.662,-0.029,0.059,0.747,1591,414,2663,2267,2873,2587,2285,2901,46,1.018,1,2217,1,38.375,0.337,-23.188,-16.875,-25.500,-0.148,0.016,1.043,0.227,-0.250,0.504,0.034,0.026,1.321,1.334,2,NULL,NULL,,3,0,2,7,255,1347,250,0,0
stim,166925,197046,0,197046,3394344.453,-0.663,-0.029,0.057,0.746,1445,405,2686,2203,2877,2587,2331,2908,46,1.018,1,2217,1,41.698,0.254,-25.375,-17.125,-28.313,-0.121,0.051,1.016,-0.043,-0.250,0.504,0.036,0.028,1.321,1.334,2,NULL,NULL,,3,0,2,7,255,1347,250,0,0
stim,166925,197046,0,197046,3394349.455,-0.663,-0.029,0.056,0.746,1305,358,2715,2136,2893,2579,2375,2923,46,1.018,1,2217,1,40.401,0.418,-23.500,-17.000,-28.125,-0.102,0.051,1.008,-0.410,-0.078,0.211,0.040,0.032,1.321,1.334,2,NULL,NULL,,3,0,2,7,255,1347,250,0,0
stim,166925,197046,0,197046,3394354.454,-0.664,-0.030,0.055,0.745,1209,333,2737,2031,2905,2581,2403,2907,46,1.018,1,2217,1,39.167,0.410,-23.375,-17.375,-26.188,-0.113,0.039,1.031,-0.410,0.016,0.211,0.040,0.032,1.321,1.334,2,NULL,NULL,,3,0,2,7,255,1347,250,0,0
stim,166925,197046,0,197046,3394359.455,-0.665,-0.030,0.054,0.744,1077,306,2747,1916,2917,2571,2447,2921,46,1.018,1,2217,1,40.256,0.356,-24.938,-17.313,-26.438,-0.125,0.023,1.031,-0.355,0.016,0.363,0.042,0.034,1.321,1.334,2,NULL,NULL,,3,0,2,7,255,1347,250,0,0
stim,166925,197046,0,197046,3394364.453,-0.666,-0.030,0.052,0.743,951,281,2781,1797,2921,2557,2473,2925,46,1.018,1,2217,1,41.316,0.250,-25.125,-17.875,-27.500,-0.129,0.020,1.016,-0.223,-0.113,0.363,0.044,0.034,1.321,1.334,2,NULL,NULL,,3,0,2,7,255,1347,250,0,0
stim,166925,197046,0,197046,3394369.455,-0.667,-0.030,0.051,0.743,809,267,2805,1652,2927,2556,2507,2937,46,1.018,1,2217,1,41.176,0.274,-23.438,-18.938,-28.063,-0.133,0.016,1.023,-0.203,-0.184,0.316,0.044,0.036,1.321,1.334,2,NULL,NULL,,3,0,2,7,255,1347,250,0,0
stim,166925,197046,0,197046,3394374.454,-0.668,-0.030,0.049,0.742,630,227,2823,1459,2975,2547,2533,2931,46,1.018,1,2217,1,42.716,0.292,-24.563,-19.688,-28.875,-0.137,0.008,1.039,-0.184,-0.227,0.316,0.044,0.036,1.321,1.334,2,NULL,NULL,,3,0,2,7,255,1347,250,0,0
stim,166925,197046,1,197046,3394379.455,-0.669,-0.030,0.048,0.741,519,191,2835,1294,2954,2545,2573,2938,46,1.018,1,2217,1,44.351,0.294,-24.875,-20.813,-30.250,-0.137,-0.004,1.027,-0.117,-0.270,0.359,0.046,0.036,1.321,1.334,2,NULL,NULL,,3,1,2,7,255,1347,250,0,0
stim,166953,197074,1,197074,3394384.454,-0.670,-0.030,0.046,0.740,364,173,2846,1107,2959,2537,2596,2941,46,1.018,1,2217,1,44.582,0.274,-23.813,-22.313,-30.375,-0.129,-0.008,1.023,-0.047,-0.270,0.359,0.046,0.036,1.321,1.334,2,NULL,NULL,,3,1,2,7,255,1347,250,0,0
stim,166953,197074,1,197074,3394389.455,-0.671,-0.030,0.045,0.740,269,121,2857,919,2967,2521,2606,2950,46,1.018,1,2217,1,44.439,0.231,-23.375,-23.625,-29.500,-0.125,-0.023,1.012,-0.008,-0.230,0.293,0.046,0.036,1.321,1.334,2,NULL,NULL,,3,1,2,7,255,1347,250,0,0
stim,166953,197074,1,197074,3394394.453,-0.672,-0.030,0.043,0.739,133,82,2861,719,2975,2520,2631,2955,46,1.018,1,2217,1,44.275,0.246,-20.188,-24.563,-30.813,-0.125,-0.027,1.016,0.105,-0.223,0.219,0.046,0.036,1.321,1.334,2,NULL,NULL,,3,1,2,7,255,1347,250,0,0
stim,166953,197074,1,197074,3394399.455,-0.673,-0.030,0.042,0.738,74,47,2874,536,2981,2489,2650,2958,46,1.018,1,2217,1,42.897,0.222,-16.188,-26.813,-29.313,-0.113,-0.016,1.023,0.105,-0.195,0.219,0.046,0.036,1.321,1.334,2,NULL,NULL,,3,1,2,7,255,1347,250,0,0
stim,166953,197074,1,197074,3394404.454,-0.674,-0.029,0.041,0.737,31,27,2884,399,2987,2475,2667,2963,46,1.018,1,2217,1,45.137,0.128,-17.063,-27.813,-31.188,-0.090,0.008,1.031,-0.027,-0.125,0.293,0.046,0.038,1.321,1.334,2,NULL,NULL,,3,1,2,7,255,1347,250,0,0
stim,166953,197074,1,197074,3394409.455,-0.675,-0.029,0.039,0.737,7,0,2889,213,2997,2447,2685,2967,46,1.018,1,2217,1,43.884,0.305,-13.000,-30.500,-28.750,-0.102,0.035,1.035,-0.281,-0.117,0.340,0.048,0.038,1.321,1.334,2,NULL,NULL,,3,1,2,7,255,1347,250,0,0
stim,166985,197106,1,197106,3394414.454,-0.676,-0.028,0.038,0.736,0,0,2895,111,3003,2427,2709,2969,46,1.018,1,2217,1,45.732,0.563,-12.813,-32.625,-29.375,-0.082,0.070,1.012,-0.563,0.004,0.340,0.048,0.038,1.321,1.334,2,NULL,NULL,,3,1,2,7,255,1347,250,0,0
stim,166985,197106,1,197106,3394419.455,-0.677,-0.027,0.037,0.735,0,0,2901,73,3007,2397,2733,2973,46,1.018,1,2217,1,50.820,0.575,-7.438,-34.438,-36.625,-0.145,-0.012,0.980,-0.563,-0.117,0.109,0.048,0.040,1.321,1.334,2,NULL,NULL,,3,1,2,7,255,1347,250,0,0
stim,166985,197106,1,197106,3394424.454,-0.677,-0.025,0.036,0.734,0,0,2905,35,3019,2364,2751,2975,46,1.018,1,2217,0,52.974,0.591,24.625,-42.938,-18.875,-0.293,-0.121,1.090,-0.078,-0.586,0.109,0.048,0.040,1.321,1.334,3,NULL,NULL,,3,1,2,7,255,1347,250,0,0
stim,166985,197106,1,197106,3394429.455,-0.678,-0.023,0.036,0.733,0,0,2913,0,3025,2349,2775,2979,46,1.018,1,2217,0,65.565,2.213,32.750,-49.313,-28.188,-0.371,-0.203,1.281,1.137,-1.898,1.094,0.048,0.042,1.321,1.334,3,NULL,NULL,,3,1,2,7,255,1347,250,0,0
stim,167026,197147,1,197147,3394434.454,-0.680,-0.021,0.035,0.732,0,0,2917,0,3035,2313,2783,2973,46,1.018,1,2217,0,74.090,2.536,27.625,-53.938,-42.625,-0.313,-0.176,1.395,1.664,-1.914,3.012,0.048,0.042,1.321,1.334,3,NULL,NULL,,3,1,2,7,255,1347,250,0,0
stim,167026,197147,1,197147,3394439.455,-0.681,-0.018,0.034,0.731,0,0,2916,0,3037,2293,2791,2983,46,1.018,1,2217,0,68.739,2.536,18.250,-59.375,-29.438,-0.137,0.000,1.422,1.664,-1.914,4.086,0.050,0.044,1.321,1.334,3,NULL,NULL,,3,1,2,7,255,1347,250,0,0
stim,167026,197147,1,197147,3394444.453,-0.681,-0.017,0.031,0.731,0,0,2917,0,3039,2263,2815,2984,46,1.018,1,2217,0,66.186,0.416,-24.125,-60.688,-10.750,-0.023,0.051,1.215,-0.152,-0.387,4.086,0.056,0.050,1.321,1.334,3,NULL,NULL,,3,1,2,7,255,1347,250,0,0
stim,167026,197147,1,197147,3394449.455,-0.681,-0.016,0.028,0.732,0,0,2919,0,3043,2218,2829,2983,46,1.018,1,2217,0,68.696,0.265,-29.563,-61.938,3.000,-0.070,0.004,0.969,-0.211,-0.160,2.078,0.062,0.056,1.321,1.334,3,NULL,NULL,,3,1,2,7,255,1347,250,0,0
stim,167026,197147,1,197147,3394454.453,-0.681,-0.014,0.026,0.732,0,0,2917,0,3047,2167,2844,2986,46,1.018,1,2217,0,69.449,0.265,-2.125,-67.563,15.938,-0.223,-0.090,0.934,-0.211,-0.160,-0.289,0.068,0.064,1.321,1.334,3,NULL,NULL,,3,1,2,7,255,1347,250,0,0
stim,167026,197147,1,197147,3394459.455,-0.680,-0.011,0.025,0.732,0,0,2915,0,3053,2107,2859,2985,46,1.018,1,2217,0,77.651,1.836,25.313,-73.063,7.125,-0.250,-0.086,1.043,0.793,-1.656,-0.289,0.072,0.068,1.321,1.334,3,NULL,NULL,,3,1,2,7,255,1347,250,0,0
stim,167026,197147,1,197147,3394464.454,-0.681,-0.008,0.024,0.732,0,0,2908,0,3055,2029,2871,2984,46,1.018,1,2217,0,79.634,2.081,24.813,-75.125,-9.063,-0.262,-0.184,1.125,0.797,-1.922,0.539,0.076,0.072,1.321,1.334,3,NULL,NULL,,3,1,2,7,255,1347,250,0,0
stim,167026,197147,1,197147,3394469.455,-0.681,-0.005,0.022,0.732,0,0,2901,0,3066,1946,2859,2985,46,1.018,1,2217,0,82.830,2.278,18.875,-78.500,-18.500,-0.121,-0.137,1.156,1.223,-1.922,1.348,0.080,0.076,1.321,1.334,3,NULL,NULL,,3,1,2,7,255,1347,250,0,0
stim,167026,197147,1,197147,3394474.454,-0.681,-0.003,0.020,0.732,0,0,2897,0,3063,1861,2893,2983,46,1.018,1,2217,0,81.608,1.408,13.000,-80.500,-3.250,-0.066,-0.094,1.102,1.223,-0.699,1.348,0.086,0.082,1.321,1.334,3,NULL,NULL,,3,1,2,7,255,1347,250,0,0
stim,167026,197147,1,197147,3394479.455,-0.681,0.000,0.018,0.732,0,0,2887,0,3065,1771,2904,2984,46,1.018,1,2217,0,83.450,1.066,12.625,-82.438,2.938,-0.141,-0.066,1.047,0.805,-0.699,1.000,0.092,0.090,1.321,1.334,3,NULL,NULL,,3,1,2,7,255,1347,250,0,0
stim,167051,197172,1,197172,3394484.453,-0.681,0.004,0.016,0.732,0,0,2874,0,3069,1677,2909,2981,46,1.018,1,2217,0,89.266,1.274,21.250,-86.688,-1.438,-0.145,-0.016,1.063,0.590,-1.129,0.625,0.100,0.098,1.321,1.334,3,NULL,NULL,,3,1,2,7,255,1347,250,0,0
stim,167051,197172,1,197172,3394489.455,-0.681,0.007,0.014,0.732,0,0,2865,0,3078,1545,2925,2982,46,1.018,1,2217,0,92.714,1.209,26.500,-88.750,-4.125,-0.129,-0.016,1.098,0.152,-1.199,0.625,0.108,0.106,1.321,1.334,3,NULL,NULL,,3,1,2,7,255,1347,250,0,0
stim,167051,197172,1,197172,3394494.454,-0.682,0.011,0.013,0.732,0,0,2857,0,3077,1401,2928,2972,46,1.018,1,2217,0,95.630,1.209,28.750,-90.938,-7.000,-0.117,-0.055,1.121,0.152,-1.199,0.949,0.116,0.114,1.321,1.334,3,NULL,NULL,,3,1,2,7,255,1347,250,0,0
stim,167051,197172,1,197172,3394499.455,-0.682,0.015,0.011,0.731,0,0,2837,0,3069,1268,2936,2972,46,1.018,1,2217,0,100.110,1.180,29.750,-95.375,-6.375,-0.086,-0.027,1.176,0.285,-1.145,1.188,0.124,0.120,1.321,1.334,3,NULL,NULL,,3,1,2,7,255,1347,250,0,0
stim,167074,197195,1,197195,3394504.453,-0.682,0.018,0.009,0.731,0,0,2823,0,3087,1069,2955,2970,46,1.018,1,2217,0,101.746,0.969,24.750,-98.688,-0.625,-0.066,0.070,1.211,0.285,-0.926,1.707,0.130,0.128,1.321,1.334,3,NULL,NULL,,3,1,2,7,255,1347,250,0,0
stim,167074,197195,1,197195,3394509.455,-0.682,0.022,0.007,0.731,0,0,2799,0,3087,924,2959,2967,46,1.018,1,2217,0,104.229,1.113,21.688,-101.938,1.438,-0.105,0.152,1.223,-0.617,-0.926,2.039,0.138,0.134,1.321,1.334,3,NULL,NULL,,3,1,2,7,255,1347,250,0,0
stim,167074,197195,1,197195,3394514.453,-0.681,0.026,0.004,0.731,0,0,2773,0,3093,775,2979,2957,46,1.018,1,2217,0,109.524,1.949,18.875,-107.875,1.500,-0.113,0.148,1.242,-1.313,-1.441,2.160,0.146,0.140,1.321,1.334,3,NULL,NULL,,3,1,2,7,255,1347,250,0,0
stim,167074,197195,1,197195,3394519.455,-0.681,0.030,0.002,0.731,0,0,2739,0,3089,605,2971,2951,46,1.018,1,2217,0,114.610,1.987,18.375,-113.125,0.813,-0.074,0.160,1.238,-1.367,-1.441,2.313,0.152,0.148,1.321,1.334,3,NULL,NULL,,3,1,2,7,255,1347,250,0,0
stim,167074,197195,1,197195,3394524.455,-0.681,0.035,-0.001,0.732,0,0,2703,0,3091,471,2981,2937,46,1.018,1,2217,0,117.186,1.980,11.688,-116.500,4.875,-0.039,0.184,1.234,-1.398,-1.402,2.313,0.160,0.154,1.321,1.334,3,NULL,NULL,,3,1,2,7,255,1347,250,0,0
stim,167074,197195,1,197195,3394529.455,-0.681,0.039,-0.004,0.732,0,0,2678,0,3093,349,2967,2924,46,1.018,1,2217,0,120.728,2.141,6.563,-120.313,7.563,-0.043,0.246,1.238,-1.645,-1.371,2.313,0.166,0.162,1.321,1.334,3,NULL,NULL,,3,1,2,7,255,1347,250,0,0
stim,167118,197239,1,197239,3394534.453,-0.680,0.043,-0.008,0.732,0,0,2631,0,3087,185,2987,2911,46,1.018,1,2217,0,125.850,2.591,-0.688,-125.250,12.250,-0.023,0.254,1.262,-2.211,-1.352,2.316,0.172,0.168,1.321,1.334,3,NULL,NULL,,3,1,2,7,255,1347,250,0,0
stim,167118,197239,1,197239,3394539.455,-0.679,0.047,-0.012,0.732,0,0,2600,0,3093,109,2995,2905,46,1.018,1,2217,0,130.734,2.602,-9.813,-129.625,13.875,-0.043,0.234,1.277,-2.211,-1.371,2.535,0.178,0.174,1.321,1.334,3,NULL,NULL,,3,1,2,7,255,1347,250,0,0
stim,167118,197239,1,197239,3394544.453,-0.679,0.050,-0.016,0.732,0,0,2554,0,3091,77,2997,2885,46,1.018,1,2217,0,137.000,2.662,-22.938,-134.313,14.250,-0.035,0.184,1.234,-2.074,-1.668,2.535,0.182,0.180,1.321,1.334,3,NULL,NULL,,3,1,2,7,255,1347,250,0,0
stim,167118,197239,1,197239,3394549.455,-0.678,0.054,-0.021,0.733,0,0,2509,0,3092,20,3003,2859,46,1.018,1,2217,0,140.164,2.318,-25.688,-137.188,12.875,-0.008,0.164,1.215,-1.609,-1.668,2.223,0.188,0.186,1.321,1.334,3,NULL,NULL,,3,1,2,7,255,1347,250,0,0
stim,167118,197239,1,197239,3394554.454,-0.677,0.058,-0.026,0.733,0,0,2455,0,3089,0,3005,2838,46,1.018,1,2217,0,145.102,2.225,-22.750,-142.250,17.375,-0.063,0.117,1.234,-1.469,-1.672,2.121,0.194,0.194,1.321,1.334,3,NULL,NULL,,3,1,2,7,255,1347,250,0,0
stim,167118,197239,1,197239,3394559.455,-0.676,0.062,-0.031,0.733,0,0,2391,0,3090,0,3007,2805,46,1.018,1,2217,0,151.997,2.368,-16.438,-149.188,24.000,-0.086,0.078,1.340,-0.961,-2.164,2.121,0.202,0.202,1.321,1.334,3,NULL,NULL,,3,1,2,7,255,1347,250,0,0
stim,167141,197262,1,197262,3394564.453,-0.675,0.066,-0.036,0.734,0,0,2328,0,3083,0,3007,2776,46,1.018,1,2217,0,157.897,2.720,-16.688,-154.750,26.563,-0.133,0.078,1.500,-0.531,-2.668,3.113,0.212,0.212,1.321,1.334,3,NULL,NULL,,3,1,2,7,255,1347,250,0,0
stim,167141,197262,1,197262,3394569.455,-0.674,0.070,-0.041,0.734,0,0,2273,0,3095,0,3014,2732,46,1.018,1,2217,0,167.615,3.548,-27.000,-162.625,30.313,-0.199,0.105,1.563,-0.531,-3.508,4.555,0.224,0.224,1.321,1.334,3,NULL,NULL,,3,1,2,7,255,1347,250,0,0
stim,167141,197262,1,197262,3394574.454,-0.673,0.074,-0.048,0.735,0,0,2183,0,3067,0,3013,2696,46,1.018,1,2217,0,178.229,4.526,-39.188,-171.875,26.250,-0.230,0.168,1.551,-0.695,-4.473,4.750,0.238,0.238,1.321,1.334,3,NULL,NULL,,3,1,2,7,255,1347,250,0,0
stim,167141,197262,1,197262,3394579.455,-0.672,0.079,-0.054,0.735,0,0,2091,0,3059,1,3005,2649,46,1.018,1,2217,0,186.412,5.206,-42.000,-180.688,18.375,-0.227,0.184,1.605,-1.324,-5.035,4.992,0.254,0.256,1.321,1.334,3,NULL,NULL,,3,1,2,7,255,1347,250,0,0
stim,167141,197262,1,197262,3394584.454,-0.670,0.083,-0.062,0.735,0,0,1977,0,3049,26,3000,2595,46,1.018,1,2217,0,201.539,5.535,-53.188,-192.938,23.750,-0.230,0.164,1.641,-1.367,-5.363,5.227,0.276,0.278,1.321,1.334,3,NULL,NULL,,3,1,2,7,255,1347,250,0,0
stim,167141,197262,1,197262,3394589.455,-0.669,0.088,-0.070,0.735,0,0,1881,0,3043,37,2987,2543,46,1.018,1,2217,0,215.132,5.895,-63.688,-204.000,24.688,-0.246,0.211,1.645,-1.492,-5.703,5.344,0.300,0.304,1.321,1.334,3,NULL,NULL,,3,1,2,7,255,1347,250,0,0
stim,167170,197291,1,197291,3394594.454,-0.668,0.093,-0.079,0.734,0,0,1791,0,3029,57,2979,2487,46,1.018,1,2217,0,229.567,6.382,-70.813,-217.125,23.313,-0.285,0.180,1.668,-1.563,-6.188,5.344,0.328,0.332,1.321,1.334,3,NULL,NULL,,3,1,2,7,255,1347,250,0,0
stim,167170,197291,1,197291,3394599.455,-0.666,0.098,-0.088,0.734,0,0,1697,0,3017,67,2957,2405,46,1.018,1,2217,0,245.211,7.103,-71.813,-233.000,26.125,-0.332,0.199,1.695,-1.785,-6.875,5.324,0.360,0.364,1.321,1.334,3,NULL,NULL,,3,1,2,7,255,1347,250,0,0
stim,167170,197291,1,197291,3394604.453,-0.664,0.103,-0.098,0.734,0,0,1591,0,3006,72,2934,2334,46,1.018,1,2217,0,260.569,7.907,-80.813,-246.813,21.188,-0.344,0.258,1.711,-1.785,-7.703,5.320,0.394,0.398,1.321,1.334,3,NULL,NULL,,3,1,2,7,255,1347,250,0,0
stim,167170,197291,1,197291,3394609.455,-0.663,0.109,-0.108,0.733,0,0,1495,0,2976,88,2917,2265,46,1.018,1,2217,0,279.181,8.607,-88.875,-263.938,19.500,-0.344,0.289,1.699,-2.414,-8.262,5.238,0.428,0.434,1.321,1.334,3,NULL,NULL,,3,1,2,7,255,1347,250,0,0
stim,167170,197291,1,197291,3394614.454,-0.661,0.115,-0.119,0.732,0,0,1435,0,2965,93,2874,2196,46,1.018,1,2217,0,295.611,9.045,-89.313,-281.313,16.500,-0.305,0.289,1.691,-2.820,-8.594,4.887,0.466,0.472,1.321,1.334,3,NULL,NULL,,3,1,2,7,255,1347,250,0,0
stim,167170,197291,1,197291,3394619.455,-0.659,0.122,-0.131,0.730,0,0,1332,0,2936,103,2811,2125,46,1.018,1,2217,0,307.897,9.045,-81.313,-296.750,11.313,-0.211,0.207,1.734,-2.820,-8.594,4.887,0.506,0.512,1.321,1.334,3,NULL,NULL,,3,1,2,7,255,1347,250,0,0
stim,167199,197320,1,197320,3394624.454,-0.657,0.130,-0.142,0.729,0,0,1256,0,2908,103,2767,2059,46,1.018,1,2217,0,320.895,8.894,-62.125,-314.375,16.813,-0.207,0.086,1.840,-2.293,-8.594,5.242,0.552,0.558,1.321,1.334,3,NULL,NULL,,3,1,2,7,255,1347,250,0,0
stim,167199,197320,0,197320,3394629.455,-0.654,0.140,-0.153,0.728,0,0,1203,0,2860,87,2695,1975,46,1.018,1,2217,0,335.969,8.988,-33.563,-332.813,31.375,-0.352,0.133,2.160,-1.602,-8.844,6.047,0.604,0.610,1.321,1.334,3,NULL,NULL,,3,0,2,7,255,1352,250,0,0
stim,167224,197345,0,197345,3394634.453,-0.650,0.150,-0.164,0.727,0,0,1128,0,2815,69,2591,1893,46,1.018,1,2217,0,351.966,12.017,-27.875,-349.375,32.250,-0.531,0.383,2.535,-1.602,-11.910,8.035,0.662,0.668,1.321,1.334,3,NULL,NULL,,3,0,2,7,255,1352,250,0,0
stim,167224,197345,0,197345,3394639.455,-0.647,0.160,-0.175,0.725,0,0,1013,0,2747,69,2456,1785,46,1.018,1,2217,0,363.905,16.317,-44.063,-361.125,8.625,-0.543,0.520,2.785,-3.871,-15.852,10.047,0.726,0.732,1.321,1.334,3,NULL,NULL,,3,0,2,7,255,1352,250,0,0
stim,167224,197345,0,197345,3394644.453,-0.645,0.169,-0.188,0.721,0,0,923,0,2665,47,2321,1659,46,1.018,1,2217,0,372.340,18.600,-73.625,-364.688,-14.813,-0.414,0.563,2.953,-5.262,-17.840,11.563,0.796,0.802,1.321,1.334,3,NULL,NULL,,3,0,2,7,255,1352,250,0,0
stim,167224,197345,0,197345,3394649.455,-0.642,0.178,-0.202,0.718,0,0,791,0,2575,11,2116,1528,46,1.018,1,2217,0,381.918,19.016,-103.875,-367.500,-3.875,-0.574,0.344,3.023,-5.262,-18.273,12.305,0.872,0.878,1.321,1.334,3,NULL,NULL,,3,0,2,7,255,1352,250,0,0
stim,167224,197345,0,197345,3394654.454,-0.639,0.185,-0.218,0.714,0,0,689,0,2450,0,1883,1367,46,1.018,1,2217,0,430.491,19.553,-179.688,-390.938,14.250,-0.637,0.074,2.574,-3.820,-19.176,12.305,0.948,0.954,1.321,1.334,3,NULL,NULL,,3,0,2,7,255,1352,250,0,0
stim,167224,197345,0,197345,3394659.455,-0.637,0.191,-0.236,0.709,0,0,552,0,2297,0,1597,1191,46,1.018,1,2217,0,449.326,19.218,-205.750,-399.188,-14.500,-0.438,-0.055,1.785,-1.266,-19.176,7.793,1.026,1.032,1.321,1.334,3,NULL,NULL,,3,0,2,7,255,1352,250,0,0
stim,167224,197345,0,197345,3394664.453,-0.634,0.200,-0.252,0.703,0,0,389,0,2099,0,1223,1047,46,1.018,1,2217,0,441.387,13.653,-147.063,-415.500,-23.563,-0.113,-0.316,1.191,-0.102,-13.652,2.039,1.102,1.110,1.321,1.334,3,NULL,NULL,,3,0,2,7,255,1352,250,0,0
stim,167224,197345,0,197345,3394669.455,-0.629,0.212,-0.266,0.699,0,0,273,0,1839,0,727,917,46,1.018,1,2217,0,434.128,8.227,-59.250,-430.063,1.688,0.141,-0.426,1.129,2.316,-7.895,0.066,1.172,1.178,1.321,1.334,3,NULL,NULL,,3,0,2,7,255,1352,250,0,0
stim,167224,197345,0,197345,3394674.454,-0.623,0.225,-0.278,0.696,0,0,225,0,1559,0,312,768,46,1.018,1,2217,0,435.979,8.003,4.500,-435.375,22.500,0.148,-0.223,1.344,2.316,-7.660,0.066,1.230,1.238,1.321,1.334,3,NULL,NULL,,3,0,2,7,255,1352,250,0,0
stim,167224,197345,0,197345,3394679.455,-0.615,0.238,-0.289,0.694,0,0,165,0,1191,0,90,600,46,1.018,1,2217,0,442.813,7.731,25.438,-439.188,50.500,0.016,0.055,1.605,1.047,-7.660,1.191,1.282,1.290,1.321,1.334,3,NULL,NULL,,3,0,2,7,255,1352,250,0,0
stim,167253,197374,0,197374,3394684.454,-0.607,0.250,-0.301,0.691,0,0,97,0,837,0,0,479,46,1.018,1,2217,0,440.448,11.031,14.188,-434.250,72.250,-0.152,0.227,1.824,-1.523,-10.926,1.191,1.330,1.336,1.321,1.334,3,NULL,NULL,,3,0,2,7,255,1352,250,0,0
stim,167253,197374,0,197374,3394689.455,-0.598,0.262,-0.314,0.690,0,0,75,0,397,0,0,403,46,1.018,1,2217,0,452.476,14.220,3.125,-440.188,104.688,-0.414,0.129,1.973,-1.609,-14.129,1.188,1.382,1.390,1.321,1.334,3,NULL,NULL,,3,0,2,7,255,1352,250,0,0
stim,167253,197374,0,197374,3394694.453,-0.586,0.273,-0.328,0.688,0,0,37,0,62,0,0,280,46,1.018,1,2217,0,484.870,17.360,-18.375,-460.000,152.188,-0.715,0.059,1.930,-1.609,-17.285,-0.152,1.444,1.450,1.321,1.334,3,NULL,NULL,,3,0,2,7,255,1352,250,0,0
stim,167253,197374,0,197374,3394699.455,-0.575,0.282,-0.344,0.687,0,0,5,0,0,0,0,164,46,1.018,1,2217,0,504.030,18.220,-54.625,-470.500,172.313,-0.879,0.352,1.621,-1.609,-18.148,-3.281,1.510,1.516,1.321,1.334,4,NULL,NULL,,3,0,2,7,255,1352,250,0,0
stim,167253,197374,0,197374,3394704.453,-0.565,0.291,-0.360,0.683,0,0,8,0,0,0,0,104,46,1.018,1,2217,0,484.556,18.324,-102.563,-453.063,137.875,-0.609,0.938,1.133,-2.527,-18.148,-7.598,1.582,1.588,1.321,1.334,4,NULL,NULL,,3,0,2,7,255,1352,250,0,0
stim,167253,197374,0,197374,3394709.455,-0.556,0.299,-0.375,0.678,0,0,10,0,0,0,0,53,46,1.018,1,2217,0,447.929,15.697,-118.438,-424.000,82.688,-0.152,1.254,0.844,-8.379,-13.273,-9.012,1.648,1.654,1.321,1.334,0,NULL,NULL,,3,0,2,7,255,1352,250,0,0
stim,167286,197407,0,197407,3394714.454,-0.549,0.306,-0.390,0.674,0,0,17,0,0,0,0,72,46,1.018,1,2217,0,416.933,14.987,-129.563,-386.750,86.438,0.090,1.203,0.813,-12.176,-8.738,-9.012,1.712,1.718,1.321,1.334,0,NULL,NULL,,3,0,2,7,255,1352,250,0,0
stim,167286,197407,0,197407,3394719.455,-0.542,0.309,-0.405,0.669,0,0,20,0,0,0,0,116,46,1.018,1,2217,0,402.958,14.193,-196.313,-335.063,107.563,0.230,0.703,0.688,-12.176,-7.293,-7.477,1.772,1.778,1.321,1.334,0,NULL,NULL,,3,0,2,7,255,1352,250,0,0
stim,167286,197407,0,197407,3394724.454,-0.537,0.310,-0.417,0.664,0,0,20,0,0,0,0,136,46,1.018,1,2217,0,328.712,9.333,-177.500,-259.938,94.750,0.160,0.113,0.504,-7.695,-5.281,-6.484,1.830,1.836,1.321,1.334,0,NULL,NULL,,3,0,2,7,255,1352,250,0,0
stim,167286,197407,0,197407,3394729.455,-0.532,0.312,-0.426,0.662,0,0,21,0,0,0,0,174,46,1.018,1,2217,0,230.867,5.593,-94.875,-191.875,86.500,-0.090,-0.250,0.633,-1.840,-5.281,-6.484,1.882,1.890,1.321,1.334,0,NULL,NULL,,3,0,2,7,255,1352,250,0,0
stim,167323,197444,0,197444,3394734.453,-0.529,0.313,-0.431,0.661,0,0,18,0,0,0,0,189,46,1.018,1,2217,0,155.747,5.954,-57.688,-128.188,67.063,-0.313,-0.098,1.184,0.723,-5.910,-7.246,1.934,1.942,1.321,1.334,0,NULL,NULL,,3,0,2,7,255,1352,250,0,0
stim,167323,197444,0,197444,3394739.455,-0.528,0.311,-0.436,0.659,0,0,13,0,0,0,0,183,46,1.018,1,2217,0,125.748,11.835,-106.750,-55.500,36.563,-0.355,-0.008,1.328,0.723,-11.813,-7.305,1.986,1.994,1.321,1.334,0,NULL,NULL,,3,0,2,7,255,1352,250,0,0
stim,167323,197444,0,197444,3394744.454,-0.529,0.306,-0.441,0.657,0,0,17,0,0,0,0,135,46,1.018,1,2217,0,174.498,11.815,-169.813,16.063,36.813,-0.332,0.191,0.875,-0.223,-11.813,-7.359,2.044,2.052,1.321,1.334,0,NULL,NULL,,3,0,2,7,255,1352,250,0,0
stim,167323,197444,0,197444,3394749.455,-0.532,0.299,-0.445,0.656,0,0,11,0,0,0,0,126,46,1.018,1,2217,0,193.981,9.421,-169.063,78.125,54.250,-0.445,0.586,0.336,-1.887,-9.230,-9.590,2.106,2.112,1.321,1.334,0,NULL,NULL,,3,0,2,7,255,1352,250,0,0
stim,167323,197444,0,197444,3394754.453,-0.535,0.292,-0.446,0.656,0,0,17,0,0,0,0,107,46,1.018,1,2217,0,174.635,6.777,-114.625,124.688,42.563,-0.598,0.613,0.250,-4.625,-4.953,-13.809,2.158,2.164,1.321,1.334,0,NULL,NULL,,3,0,2,7,255,1352,250,0,0
stim,167323,197444,0,197444,3394759.455,-0.538,0.285,-0.444,0.657,0,0,17,0,0,0,0,101,46,1.018,1,2217,0,182.026,6.777,-81.438,161.375,21.438,-0.586,0.410,0.430,-4.625,-4.953,-14.047,2.200,2.208,1.321,1.334,0,NULL,NULL,,3,0,2,7,255,1352,250,0,0
stim,167323,197444,0,197444,3394764.453,-0.543,0.277,-0.442,0.658,0,0,14,0,0,0,0,103,46,1.018,1,2217,0,204.325,7.078,-80.875,187.500,7.188,-0.543,0.176,0.613,-3.035,-6.395,-14.047,2.232,2.240,1.321,1.334,0,NULL,NULL,,3,0,2,7,255,1352,250,0,0
stim,167323,197444,0,197444,3394769.455,-0.548,0.269,-0.441,0.658,0,0,7,0,0,0,0,99,46,1.018,1,2217,0,227.865,7.115,-103.313,202.563,14.750,-0.391,0.258,0.563,-2.387,-6.703,-12.133,2.248,2.258,1.321,1.334,0,NULL,NULL,,3,0,2,7,255,1352,250,0,0
stim,167323,197444,0,197444,3394774.454,-0.552,0.260,-0.439,0.659,0,0,9,0,0,0,0,95,46,1.018,1,2217,0,242.327,6.898,-113.500,211.938,30.375,-0.438,0.223,0.336,-1.629,-6.703,-12.133,2.260,2.268,1.321,1.334,0,NULL,NULL,,3,0,2,7,255,1352,250,0,0
stim,167323,197444,0,197444,3394779.455,-0.557,0.250,-0.437,0.660,0,0,5,0,0,0,0,93,46,1.018,1,2217,0,240.481,5.395,-103.313,215.188,29.188,-0.391,0.285,0.141,-2.035,-4.996,-12.465,2.266,2.274,1.321,1.334,0,NULL,NULL,,3,0,2,7,255,1352,250,0,0
stim,167352,197473,0,197473,3394784.454,-0.561,0.242,-0.434,0.662,0,0,3,0,0,0,0,91,46,1.018,1,2217,0,235.702,3.517,-81.875,218.125,35.688,-0.363,0.223,0.008,-1.629,-3.117,-13.160,2.266,2.276,1.321,1.334,0,NULL,NULL,,3,0,2,7,255,1352,250,0,0
stim,167352,197473,0,197473,3394789.455,-0.565,0.233,-0.431,0.664,0,0,0,0,0,0,0,93,46,1.018,1,2217,0,229.852,2.464,-59.188,219.375,34.688,-0.289,0.234,-0.020,-1.492,-1.961,-13.160,2.262,2.272,1.321,1.334,0,NULL,NULL,,3,0,2,7,255,1352,250,0,0
stim,167352,197473,0,197473,3394794.453,-0.569,0.225,-0.427,0.666,0,0,0,0,0,0,0,89,46,1.018,1,2217,0,229.011,1.931,-41.250,220.750,44.875,-0.285,0.219,-0.035,-1.344,-1.387,-12.914,2.256,2.266,1.321,1.334,0,NULL,NULL,,3,0,2,7,255,1352,250,0,0
stim,167352,197473,0,197473,3394799.455,-0.572,0.217,-0.422,0.669,0,0,0,0,0,0,0,91,46,1.018,1,2217,0,228.561,2.011,-22.688,221.438,51.875,-0.258,0.258,-0.012,-1.492,-1.348,-12.891,2.250,2.260,1.321,1.334,0,NULL,NULL,,3,0,2,7,255,1352,250,0,0
stim,167373,197494,0,197494,3394804.454,-0.575,0.210,-0.418,0.672,0,0,0,0,0,0,0,91,46,1.018,1,2217,0,228.213,1.903,-5.938,221.438,54.875,-0.297,0.164,0.004,-1.344,-1.348,-12.656,2.248,2.256,1.321,1.334,0,NULL,NULL,,3,0,2,7,255,1352,250,0,0
stim,167373,197494,0,197494,3394809.455,-0.577,0.202,-0.412,0.676,0,0,0,0,0,0,0,89,46,1.018,1,2217,0,230.088,2.215,13.313,221.438,61.063,-0.305,0.195,0.086,-1.348,-1.758,-12.563,2.248,2.256,1.321,1.334,0,NULL,NULL,,3,0,2,7,255,1352,250,0,0
stim,167373,197494,0,197494,3394814.454,-0.579,0.196,-0.406,0.679,0,0,0,0,0,0,0,91,46,1.018,1,2217,0,230.300,2.650,26.313,222.313,54.063,-0.336,0.117,0.133,-0.891,-2.496,-12.207,2.258,2.266,1.321,1.334,0,NULL,NULL,,3,0,2,7,255,1352,250,0,0
stim,167373,197494,0,197494,3394819.455,-0.581,0.189,-0.399,0.683,0,0,0,0,0,0,0,89,46,1.018,1,2217,0,234.934,3.387,44.000,223.563,57.250,-0.344,0.152,0.289,-1.316,-3.121,-11.863,2.272,2.280,1.321,1.334,0,NULL,NULL,,3,0,2,7,255,1352,250,0,0
stim,167373,197494,0,197494,3394824.455,-0.584,0.183,-0.393,0.687,0,0,0,0,0,0,0,102,46,1.018,1,2217,0,238.198,4.558,45.563,228.688,48.625,-0.406,0.180,0.363,-1.316,-4.363,-11.082,2.292,2.300,1.321,1.334,0,NULL,NULL,,3,0,2,7,255,1352,250,0,0
stim,167373,197494,0,197494,3394829.455,-0.586,0.176,-0.385,0.691,0,0,0,0,0,0,0,99,46,1.018,1,2217,0,244.161,5.568,54.375,234.250,42.250,-0.426,0.191,0.504,-1.578,-5.340,-11.043,2.318,2.326,1.321,1.334,0,NULL,NULL,,3,0,2,7,255,1352,250,0,0
stim,167420,197541,0,197541,3394834.454,-0.589,0.170,-0.377,0.694,0,0,0,0,0,0,0,104,46,1.018,1,2217,0,250.707,6.813,52.250,243.375,29.875,-0.484,0.203,0.609,-1.965,-6.523,-10.250,2.352,2.362,1.321,1.334,0,NULL,NULL,,3,0,2,7,255,1352,250,0,0
stim,167420,197541,0,197541,3394839.455,-0.593,0.163,-0.370,0.697,0,0,0,0,0,0,0,109,46,1.018,1,2217,0,259.167,7.988,45.000,254.375,20.875,-0.477,0.258,0.695,-2.211,-7.676,-9.871,2.392,2.400,1.321,1.334,0,NULL,NULL,,3,0,2,7,255,1352,250,0,0
stim,167420,197541,0,197541,3394844.454,-0.597,0.156,-0.361,0.699,0,0,0,0,0,0,0,115,46,1.018,1,2217,0,269.668,8.674,43.188,266.188,-0.313,-0.504,0.219,0.785,-2.797,-8.211,-9.266,2.434,2.444,1.321,1.334,0,NULL,NULL,,3,0,2,7,255,1352,250,0,0
stim,167420,197541,0,197541,3394849.455,-0.601,0.149,-0.353,0.701,0,0,0,0,0,0,0,115,46,1.018,1,2217,0,281.829,9.429,33.125,279.750,-8.375,-0.492,0.219,0.836,-2.969,-8.949,-8.523,2.482,2.490,1.321,1.334,0,NULL,NULL,,3,0,2,7,255,1352,250,0,0
stim,167420,197541,0,197541,3394854.453,-0.607,0.141,-0.344,0.702,0,0,0,0,0,0,0,117,46,1.018,1,2217,0,296.837,9.440,23.500,294.625,-27.500,-0.457,0.215,0.832,-3.004,-8.949,-7.898,2.532,2.540,1.321,1.334,0,NULL,NULL,,3,0,2,7,255,1352,250,0,0
stim,167420,197541,0,197541,3394859.455,-0.613,0.133,-0.335,0.703,0,0,0,0,0,0,0,121,46,1.018,1,2217,0,311.385,9.288,24.813,307.625,-41.375,-0.418,0.152,0.844,-3.004,-8.789,-7.449,2.584,2.592,1.321,1.334,0,NULL,NULL,,3,0,2,7,255,1352,250,0,0
stim,167441,197562,0,197562,3394864.454,-0.619,0.125,-0.325,0.703,0,0,0,0,0,0,0,121,46,1.018,1,2217,0,326.720,9.026,19.500,321.625,-54.063,-0.289,0.199,0.801,-3.121,-8.469,-6.711,2.636,2.644,1.321,1.334,0,NULL,NULL,,3,0,2,7,255,1352,250,0,0
stim,167441,197562,0,197562,3394869.455,-0.626,0.116,-0.315,0.704,0,0,0,0,0,0,0,124,46,1.018,1,2217,0,339.296,7.635,23.688,332.938,-60.938,-0.160,0.098,0.699,-2.723,-7.133,-6.215,2.688,2.696,1.321,1.334,0,NULL,NULL,,3,0,2,7,255,1352,250,0,0
stim,167441,197562,0,197562,3394874.454,-0.632,0.108,-0.305,0.704,0,0,0,0,0,0,0,125,46,1.018,1,2217,0,346.112,6.041,41.563,338.688,-57.938,-0.125,0.125,0.680,-2.766,-5.371,-5.746,2.736,2.744,1.321,1.334,0,NULL,NULL,,3,0,2,7,255,1352,250,0,0
stim,167441,197562,0,197562,3394879.455,-0.639,0.100,-0.293,0.704,0,0,0,0,0,0,0,142,46,1.018,1,2217,0,350.001,5.574,57.375,340.188,-59.000,-0.121,0.160,0.707,-2.766,-4.840,-5.656,2.780,2.790,1.321,1.334,0,NULL,NULL,,3,0,2,7,255,1352,250,0,0
stim,167441,197562,0,197562,3394884.453,-0.645,0.093,-0.281,0.705,0,0,0,0,0,0,0,145,46,1.018,1,2217,0,350.591,5.740,73.438,338.250,-55.750,-0.082,0.137,0.746,-3.164,-4.789,-5.375,2.820,2.828,1.321,1.334,0,NULL,NULL,,3,0,2,7,255,1352,250,0,0
stim,167441,197562,0,197562,3394889.455,-0.650,0.086,-0.269,0.705,0,0,0,0,0,0,0,141,46,1.018,1,2217,0,351.419,5.534,88.188,335.375,-56.938,0.000,0.172,0.785,-3.227,-4.496,-4.656,2.852,2.862,1.321,1.334,0,NULL,NULL,,3,0,2,7,255,1352,250,0,0
stim,167469,197590,0,197590,3394894.454,-0.656,0.079,-0.256,0.706,0,0,0,0,0,0,0,141,46,1.018,1,2217,0,349.407,5.150,103.688,329.938,-49.750,0.063,0.137,0.801,-3.453,-3.820,-3.922,2.880,2.890,1.321,1.334,0,NULL,NULL,,3,0,2,7,255,1352,250,0,0
stim,167469,197590,0,197590,3394899.455,-0.660,0.073,-0.243,0.707,0,0,0,0,0,0,0,141,46,1.018,1,2217,0,347.176,4.793,121.250,323.688,-32.500,0.051,0.137,0.852,-3.508,-3.266,-3.277,2.902,2.910,1.321,1.334,0,NULL,NULL,,3,0,2,7,255,1352,250,0,0
stim,167469,197590,0,197590,3394904.454,-0.664,0.068,-0.229,0.708,0,0,0,0,0,0,0,143,46,1.018,1,2217,0,348.582,4.793,135.938,319.625,-29.500,0.020,0.199,0.945,-3.508,-3.266,-2.770,2.920,2.928,1.321,1.334,0,NULL,NULL,,3,0,2,7,255,1352,250,0,0
stim,167469,197590,0,197590,3394909.455,-0.668,0.063,-0.216,0.710,0,0,0,0,0,0,0,148,46,1.018,1,2217,0,348.852,5.633,147.563,314.875,-27.875,0.027,0.199,1.043,-4.211,-3.742,-2.105,2.934,2.944,1.321,1.334,0,NULL,NULL,,3,0,2,7,255,1352,250,0,0
stim,167469,197590,0,197590,3394914.453,-0.671,0.058,-0.202,0.711,0,0,0,0,0,0,0,141,46,1.018,1,2217,0,348.211,5.776,156.125,310.688,-18.688,0.031,0.191,1.152,-4.363,-3.785,-1.086,2.950,2.960,1.321,1.334,0,NULL,NULL,,3,0,2,7,255,1352,250,0,0
stim,167469,197590,0,197590,3394919.455,-0.674,0.053,-0.188,0.712,0,0,0,0,0,0,0,139,46,1.018,1,2217,0,347.037,5.894,159.375,307.938,-14.438,0.004,0.195,1.273,-4.410,-3.910,0.066,2.966,2.976,1.321,1.334,0,NULL,NULL,,3,0,2,7,255,1352,250,0,0
stim,167501,197623,0,197623,3394924.454,-0.677,0.049,-0.173,0.714,0,0,0,0,0,0,0,141,46,1.018,1,2217,0,345.478,6.248,160.313,305.688,-14.500,-0.020,0.195,1.395,-4.539,-4.293,1.227,2.984,2.994,1.321,1.334,0,NULL,NULL,,3,0,2,7,255,1352,250,0,0
stim,167501,197623,0,197623,3394929.455,-0.680,0.044,-0.160,0.715,0,0,0,0,0,0,0,143,46,1.018,1,2217,0,342.817,6.483,156.375,304.813,-12.625,-0.035,0.199,1.504,-4.621,-4.547,2.430,3.004,3.014,1.321,1.334,0,NULL,NULL,,3,0,2,7,255,1352,250,0,0
stim,167525,197646,0,197646,3394934.454,-0.682,0.039,-0.146,0.716,0,0,0,0,0,0,0,149,46,1.018,1,2217,0,339.532,6.618,147.375,305.625,-12.500,-0.055,0.227,1.605,-4.715,-4.645,3.555,3.028,3.040,1.321,1.334,0,NULL,NULL,,3,0,2,7,255,1352,250,0,0
stim,167525,197646,0,197646,3394939.455,-0.685,0.034,-0.132,0.716,0,0,0,0,0,0,0,149,46,1.018,1,2217,0,336.382,6.799,136.000,307.250,-15.938,-0.063,0.230,1.680,-4.965,-4.645,4.566,3.056,3.068,1.321,1.334,0,NULL,NULL,,3,0,2,7,255,1352,250,0,0
stim,167525,197646,0,197646,3394944.453,-0.687,0.028,-0.119,0.716,0,0,0,0,0,0,0,154,46,1.018,1,2217,0,333.605,6.767,124.938,308.750,-18.875,-0.070,0.199,1.746,-4.965,-4.598,5.430,3.086,3.098,1.321,1.334,0,NULL,NULL,,3,0,2,7,255,1352,250,0,0
stim,167525,197646,0,197646,3394949.455,-0.689,0.022,-0.106,0.716,0,0,0,0,0,0,0,153,46,1.018,1,2217,0,330.591,6.355,110.938,310.625,-22.250,-0.086,0.184,1.789,-4.617,-4.367,6.238,3.118,3.130,1.321,1.334,0,NULL,NULL,,3,0,2,7,255,1352,250,0,0
stim,167525,197646,0,197646,3394954.454,-0.692,0.015,-0.094,0.716,0,0,0,0,0,0,0,151,46,1.018,1,2217,0,327.151,6.036,92.438,312.563,-28.063,-0.090,0.195,1.762,-4.410,-4.121,6.668,3.150,3.164,1.321,1.334,0,NULL,NULL,,3,0,2,7,255,1352,250,0,0
stim,167525,197646,0,197646,3394959.455,-0.694,0.008,-0.082,0.715,0,0,0,0,0,0,0,153,46,1.018,1,2217,0,324.322,5.697,81.688,312.250,-31.813,-0.066,0.168,1.676,-4.375,-3.648,6.668,3.182,3.194,1.321,1.334,0,NULL,NULL,,3,0,2,7,255,1352,250,0,0
stim,167525,197646,0,197646,3394964.454,-0.697,0.001,-0.070,0.714,0,0,0,0,0,0,0,155,46,1.018,1,2217,0,323.034,4.799,81.688,310.938,-31.563,-0.035,0.145,1.598,-3.871,-2.836,6.008,3.212,3.224,1.321,1.334,0,NULL,NULL,,3,0,2,7,255,1352,250,0,0
stim,167525,197646,0,197646,3394969.455,-0.699,-0.006,-0.058,0.713,0,0,0,0,0,0,0,157,46,1.018,1,2217,0,320.892,4.034,87.438,307.438,-28.438,-0.055,0.125,1.582,-3.492,-2.020,5.422,3.238,3.252,1.321,1.334,0,NULL,NULL,,3,0,2,7,255,1352,250,0,0
stim,167525,197646,0,197646,3394974.454,-0.701,-0.012,-0.046,0.712,0,0,0,0,0,0,0,153,46,1.018,1,2217,0,318.747,3.616,92.688,303.500,-29.938,-0.078,0.129,1.598,-3.164,-1.750,5.422,3.260,3.274,1.321,1.334,0,NULL,NULL,,3,0,2,7,255,1352,250,0,0
stim,167525,197646,0,197646,3394979.455,-0.702,-0.018,-0.033,0.711,0,0,0,0,0,0,0,151,46,1.018,1,2217,0,316.185,3.484,98.250,298.750,-32.688,-0.066,0.121,1.609,-3.098,-1.594,5.555,3.278,3.292,1.321,1.334,0,NULL,NULL,,3,0,2,7,255,1352,250,0,0
stim,167554,197675,0,197675,3394984.454,-0.704,-0.024,-0.021,0.709,0,0,0,0,0,0,0,153,46,1.018,1,2217,0,313.067,3.085,106.125,292.875,-31.188,-0.035,0.102,1.605,-2.906,-1.035,5.727,3.294,3.308,1.321,1.334,0,NULL,NULL,,3,0,2,7,255,1352,250,0,0
stim,167554,197675,0,197675,3394989.455,-0.706,-0.029,-0.008,0.708,0,0,0,0,0,0,0,151,46,1.018,1,2217,0,310.655,2.596,117.375,286.375,-26.813,-0.031,0.105,1.617,-2.574,-0.336,5.773,3.306,3.320,1.321,1.334,0,NULL,NULL,,3,0,2,7,255,1352,250,0,0
stim,167554,197675,0,197675,3394994.454,-0.707,-0.033,0.005,0.707,0,0,0,0,0,0,0,150,46,1.018,1,2217,0,310.163,2.577,131.250,279.938,-24.688,-0.027,0.141,1.664,-2.574,0.113,5.898,3.316,3.330,1.321,1.334,0,NULL,NULL,,3,0,2,7,255,1352,250,0,0
stim,167554,197675,0,197675,3394999.455,-0.708,-0.037,0.017,0.705,0,0,0,0,0,0,0,155,46,1.018,1,2217,0,311.261,2.629,144.875,274.313,-25.438,0.016,0.152,1.734,-2.570,0.551,6.344,3.320,3.336,1.321,1.334,0,NULL,NULL,,3,0,2,7,255,1352,250,0,0
stim,167554,197675,0,197675,3395004.453,-0.709,-0.040,0.031,0.703,0,0,0,0,0,0,0,163,46,1.018,1,2217,0,312.848,2.930,156.313,270.000,-23.250,0.082,0.113,1.801,-2.570,1.406,7.016,3.322,3.338,1.321,1.334,0,NULL,NULL,,3,0,2,7,255,1352,250,0,0
stim,167554,197675,0,197675,3395009.455,-0.710,-0.043,0.044,0.702,0,0,0,0,0,0,0,163,46,1.018,1,2217,0,314.552,3.203,165.563,266.938,-16.625,0.145,0.102,1.844,-1.988,2.512,7.586,3.322,3.338,1.321,1.334,0,NULL,NULL,,3,0,2,7,255,1352,250,0,0
stim,167585,197706,0,197706,3395014.454,-0.710,-0.046,0.057,0.700,0,0,0,0,0,0,0,164,46,1.018,1,2217,0,318.205,3.975,176.125,264.813,-10.438,0.199,0.141,1.883,-1.691,3.598,7.922,3.318,3.334,1.321,1.334,0,NULL,NULL,,3,0,2,7,255,1352,250,0,0
stim,167585,197706,0,197706,3395019.455,-0.710,-0.048,0.071,0.699,0,0,0,0,0,0,0,165,46,1.018,1,2217,0,324.499,4.855,190.063,262.938,-6.313,0.285,0.164,1.957,-1.617,4.578,8.141,3.306,3.322,1.321,1.334,0,NULL,NULL,,3,0,2,7,255,1352,250,0,0
stim,167585,197706,0,197706,3395024.454,-0.710,-0.050,0.085,0.697,0,0,2,0,0,0,0,157,46,1.018,1,2217,0,330.678,6.164,202.313,261.563,-1.563,0.406,0.176,2.070,-1.598,5.953,8.625,3.290,3.306,1.321,1.334,0,NULL,NULL,,3,0,2,7,255,1352,250,0,0
stim,167585,197706,0,197706,3395029.455,-0.709,-0.051,0.100,0.696,0,0,4,0,0,0,0,160,46,1.018,1,2217,0,333.684,7.842,208.125,260.750,6.188,0.516,0.191,2.184,-1.316,7.730,9.367,3.268,3.286,1.321,1.334,0,NULL,NULL,,3,0,2,7,255,1352,250,0,0
stim,167621,197742,0,197742,3395034.453,-0.708,-0.052,0.114,0.695,0,0,3,0,0,0,0,160,46,1.018,1,2217,0,333.641,9.530,208.438,260.000,16.438,0.602,0.191,2.273,-1.047,9.473,10.078,3.240,3.258,1.321,1.334,0,NULL,NULL,,3,0,2,7,255,1352,250,0,0
stim,167621,197742,0,197742,3395039.455,-0.707,-0.054,0.128,0.693,0,0,3,0,0,0,0,157,46,1.018,1,2217,0,332.406,10.940,206.438,259.188,26.438,0.660,0.188,2.348,-0.629,10.922,10.527,3.204,3.222,1.321,1.334,0,NULL,NULL,,3,0,2,7,255,1352,250,0,0
stim,167621,197742,0,197742,3395044.454,-0.705,-0.055,0.143,0.692,0,0,7,0,0,0,0,163,46,1.018,1,2217,0,331.468,12.149,203.750,259.313,33.375,0.715,0.180,2.422,-0.129,12.148,10.852,3.162,3.178,1.321,1.334,0,NULL,NULL,,3,0,2,7,255,1352,250,0,0
stim,167621,197742,0,197742,3395049.455,-0.703,-0.057,0.157,0.691,0,0,3,0,0,0,0,165,46,1.018,1,2217,0,327.227,13.327,195.000,260.125,37.250,0.781,0.234,2.484,0.285,13.324,11.105,3.114,3.132,1.321,1.334,0,NULL,NULL,,3,0,2,7,255,1352,250,0,0
stim,167621,197742,0,197742,3395054.454,-0.701,-0.059,0.170,0.691,0,0,8,0,0,0,0,165,46,1.018,1,2217,0,320.530,14.583,182.125,259.938,44.750,0.836,0.238,2.496,0.371,14.578,11.105,3.060,3.080,1.321,1.334,0,NULL,NULL,,3,0,2,7,255,1352,250,0,0
stim,167621,197742,0,197742,3395059.455,-0.698,-0.061,0.183,0.690,0,0,5,0,0,0,0,166,46,1.018,1,2217,0,312.585,15.605,167.375,258.750,52.375,0.891,0.215,2.496,0.594,15.594,10.816,3.002,3.022,1.321,1.334,0,NULL,NULL,,3,0,2,7,255,1352,250,0,0
stim,167621,197742,0,197742,3395064.453,-0.694,-0.064,0.196,0.689,0,0,4,0,0,0,0,184,46,1.018,1,2217,0,301.134,16.572,148.188,256.125,55.875,0.945,0.164,2.426,1.098,16.535,10.273,2.936,2.958,1.321,1.334,0,NULL,NULL,,3,0,2,7,255,1352,250,0,0
stim,167621,197742,0,197742,3395069.455,-0.691,-0.067,0.208,0.689,0,0,2,0,0,0,0,197,46,1.018,1,2217,0,290.425,17.309,133.313,251.125,59.250,1.027,0.086,2.277,1.688,17.227,8.977,2.870,2.890,1.321,1.334,0,NULL,NULL,,3,0,2,7,255,1352,250,0,0
stim,167621,197742,0,197742,3395074.454,-0.687,-0.070,0.219,0.689,0,0,5,0,0,0,0,213,46,1.018,1,2217,0,280.357,17.929,124.125,242.375,66.688,1.086,-0.027,2.090,2.387,17.770,6.816,2.798,2.820,1.321,1.334,0,NULL,NULL,,3,0,2,7,255,1352,250,0,0
stim,167621,197742,0,197742,3395079.455,-0.683,-0.073,0.230,0.689,0,0,6,0,0,0,0,215,46,1.018,1,2217,0,271.104,18.065,120.688,231.125,74.250,1.121,-0.219,1.859,3.254,17.770,4.336,2.724,2.744,1.321,1.334,0,NULL,NULL,,3,0,2,7,255,1352,250,0,0
stim,167656,197777,0,197777,3395084.453,-0.679,-0.075,0.240,0.689,0,0,5,0,0,0,0,238,46,1.018,1,2217,0,264.176,18.122,126.750,217.563,79.938,1.141,-0.422,1.625,4.723,17.496,1.438,2.644,2.668,1.321,1.334,0,NULL,NULL,,3,0,2,7,255,1352,250,0,0
stim,167656,197777,0,197777,3395089.455,-0.675,-0.076,0.251,0.689,0,0,9,0,0,0,0,267,46,1.018,1,2217,0,262.402,17.990,144.688,202.563,83.000,1.172,-0.590,1.449,6.297,16.852,-1.453,2.564,2.588,1.321,1.334,0,NULL,NULL,,3,0,2,7,255,1352,250,0,0
stim,167656,197777,0,197777,3395094.453,-0.672,-0.076,0.262,0.689,0,0,5,0,0,0,0,291,46,1.018,1,2217,0,267.218,18.212,170.813,187.375,84.375,1.203,-0.688,1.395,7.582,16.559,-3.816,2.482,2.506,1.321,1.334,0,NULL,NULL,,3,0,2,7,255,1352,250,0,0
stim,167656,197777,0,197777,3395099.455,-0.668,-0.075,0.273,0.688,0,0,4,0,0,0,0,303,46,1.018,1,2217,0,274.485,18.574,196.125,172.688,84.000,1.238,-0.703,1.473,8.414,16.559,-4.992,2.398,2.422,1.321,1.334,0,NULL,NULL,,3,0,2,7,255,1352,250,0,0
stim,167673,197794,0,197794,3395104.454,-0.664,-0.073,0.284,0.687,0,0,6,0,0,0,0,317,46,1.018,1,2217,0,273.966,19.412,207.813,160.125,78.938,1.305,-0.676,1.609,8.742,17.332,-4.992,2.312,2.338,1.321,1.334,0,NULL,NULL,,3,0,2,7,255,1352,250,0,0
stim,167673,197794,0,197794,3395109.455,-0.661,-0.071,0.295,0.686,0,0,4,0,0,0,0,343,46,1.018,1,2217,0,263.887,20.597,205.813,149.563,70.063,1.410,-0.676,1.719,8.836,18.605,-4.551,2.226,2.252,1.321,1.334,0,NULL,NULL,,3,0,2,7,255,1352,250,0,0
stim,167673,197794,0,197794,3395114.453,-0.658,-0.068,0.305,0.685,0,0,3,0,0,0,0,365,46,1.018,1,2217,0,248.573,22.088,196.438,140.375,59.125,1.547,-0.676,1.754,9.086,20.133,-4.551,2.138,2.164,1.321,1.334,0,NULL,NULL,,3,0,2,7,255,1352,250,0,0
stim,167673,197794,0,197794,3395119.455,-0.655,-0.066,0.315,0.684,0,0,8,0,0,0,0,395,46,1.018,1,2217,0,233.727,23.374,185.250,129.125,60.313,1.926,-0.734,1.789,9.133,21.516,-5.344,2.048,2.074,1.321,1.334,0,NULL,NULL,,3,0,2,7,255,1352,250,0,0
stim,167673,197794,0,197794,3395124.454,-0.652,-0.064,0.323,0.683,0,0,5,0,0,0,0,408,46,1.018,1,2217,0,210.383,25.867,158.750,119.250,69.563,1.809,-0.871,1.832,9.352,24.117,-7.434,1.950,1.976,1.321,1.334,0,NULL,NULL,,3,0,2,7,255,1352,250,0,0
stim,167673,197794,0,197794,3395129.455,-0.650,-0.064,0.330,0.682,0,0,2,0,2,0,0,421,46,1.018,1,2217,0,169.265,26.676,128.688,105.063,32.438,1.934,-0.984,1.688,10.898,24.348,-7.531,1.844,1.870,1.321,1.334,0,NULL,NULL,,3,0,2,7,255,1352,250,0,0
stim,167719,197840,0,197840,3395134.454,-0.649,-0.062,0.336,0.680,0,0,3,0,2,0,0,441,46,1.018,1,2217,0,152.408,26.857,125.313,86.063,10.875,2.113,-1.113,1.504,11.336,24.348,-9.941,1.734,1.760,1.321,1.334,0,NULL,NULL,,3,0,2,7,255,1352,250,0,0
stim,167719,197840,0,197840,3395139.455,-0.649,-0.060,0.342,0.677,0,0,5,0,12,0,0,459,46,1.018,1,2217,0,147.427,27.411,134.563,60.063,-4.500,2.105,-1.156,1.590,11.758,24.762,-12.746,1.616,1.642,1.321,1.334,0,NULL,NULL,,3,0,2,7,255,1352,250,0,0
stim,167719,197840,0,197840,3395144.453,-0.649,-0.058,0.347,0.675,0,0,7,0,18,0,0,468,46,1.018,1,2217,0,135.216,28.005,130.688,33.563,-8.813,2.359,-1.191,1.797,12.520,25.051,-12.871,1.486,1.514,1.321,1.334,0,NULL,NULL,,3,0,2,7,255,1352,250,0,0
stim,167719,197840,0,197840,3395149.455,-0.648,-0.054,0.350,0.674,0,0,8,0,13,0,0,472,46,1.018,1,2217,0,116.876,30.500,114.375,2.875,23.875,2.133,-0.953,2.063,12.520,27.813,-12.746,1.354,1.382,1.321,1.334,0,NULL,NULL,,3,0,2,7,255,1352,250,0,0
stim,167719,197840,0,197840,3395154.453,-0.648,-0.051,0.352,0.673,0,0,5,0,11,0,0,471,46,1.018,1,2217,0,82.327,30.465,79.000,-21.375,8.938,1.895,-0.633,2.246,12.434,27.813,-8.996,1.218,1.246,1.321,1.334,0,NULL,NULL,,3,0,2,7,255,1352,250,0,0
stim,167719,197840,0,197840,3395159.455,-0.649,-0.049,0.352,0.673,0,0,6,0,0,0,0,465,46,1.018,1,2217,0,62.260,29.034,37.563,-47.313,15.063,1.766,-0.441,2.332,10.656,27.008,-5.270,1.082,1.110,1.321,1.334,0,NULL,NULL,,3,0,2,7,255,1352,250,0,0
stim,167741,197862,0,197862,3395164.454,-0.650,-0.047,0.349,0.673,0,0,7,0,0,0,0,471,46,1.018,1,2217,0,71.336,28.166,-12.063,-70.063,-5.875,1.355,-0.305,2.344,9.500,26.516,-3.156,0.950,0.980,1.321,1.334,0,NULL,NULL,,3,0,2,7,255,1352,250,0,0
stim,167741,197862,0,197862,3395169.455,-0.652,-0.047,0.345,0.674,0,0,3,0,0,0,0,506,46,1.018,1,2217,0,114.239,24.884,-64.938,-87.000,-35.563,1.293,-0.324,2.227,8.949,23.219,-0.730,0.822,0.854,1.321,1.334,0,NULL,NULL,,3,0,2,7,255,1352,250,0,0
stim,167741,197862,0,197862,3395174.454,-0.652,-0.039,0.343,0.675,7,0,0,211,0,0,0,554,46,1.018,1,2217,0,192.186,23.722,85.000,-155.375,74.625,0.527,-0.855,3.504,8.949,21.969,-0.313,0.700,0.732,1.321,1.334,0,NULL,NULL,,3,0,2,7,255,1352,250,0,0
stim,167741,197862,0,197862,3395179.455,-0.647,-0.023,0.341,0.682,483,0,0,831,0,83,0,582,46,1.018,1,2217,0,412.224,25.087,145.375,-248.313,295.188,0.406,1.219,6.340,12.113,21.969,10.906,0.582,0.616,1.321,1.334,0,NULL,NULL,,3,0,2,7,255,1352,250,0,0
stim,167741,197862,0,197862,3395184.453,-0.640,-0.034,0.318,0.699,1047,0,0,1305,0,285,0,622,46,1.018,1,2217,0,716.456,24.705,-655.625,-122.813,261.500,-0.984,1.566,3.738,12.113,21.531,29.922,0.470,0.506,1.321,1.334,0,NULL,NULL,,3,0,2,7,255,1352,250,0,0
stim,167741,197862,0,197862,3395189.455,-0.634,-0.052,0.287,0.716,1507,0,0,1672,0,495,0,683,46,1.018,1,2217,0,921.892,9.593,-890.500,-149.250,186.063,-0.949,2.648,0.043,-0.469,9.582,29.922,0.380,0.418,1.321,1.334,0,NULL,NULL,,3,0,2,7,255,1352,250,0,0
stim,167768,197889,0,197889,3395194.454,-0.631,-0.063,0.267,0.726,1863,0,0,1900,0,620,0,754,46,1.018,1,2218,0,584.393,21.471,-563.563,-116.063,102.188,-1.113,1.938,-1.559,-19.402,-9.195,2.934,0.326,0.364,1.321,1.334,1,1346.000,-6.000,,3,0,2,7,255,1352,250,0,0
stim,167768,197889,0,197889,3395199.455,-0.631,-0.065,0.256,0.729,2095,0,0,2003,0,810,0,808,46,1.018,1,2218,0,263.616,24.071,-235.438,-118.063,11.125,-0.973,0.305,-1.230,-19.402,-14.246,-12.922,0.308,0.348,1.321,1.334,1,NULL,NULL,,3,0,2,7,255,1352,250,0,0
stim,167768,197889,0,197889,3395204.453,-0.632,-0.062,0.252,0.730,2279,0,0,2109,0,981,0,879,46,1.018,1,2218,0,130.862,14.671,-19.250,-129.438,-0.563,-0.309,-0.207,0.367,-3.504,-14.246,-12.922,0.330,0.370,1.321,1.334,1,NULL,NULL,,3,0,2,7,255,1352,250,0,0
stim,167768,197889,0,197889,3395209.455,-0.632,-0.058,0.248,0.732,2509,0,0,2357,0,1127,0,935,46,1.018,1,2218,0,131.398,3.640,-32.188,-117.438,49.375,0.086,0.918,1.453,-3.504,-0.984,-5.973,0.356,0.396,1.321,1.334,1,NULL,NULL,,3,0,2,7,255,1352,250,0,0
stim,167768,197889,0,197889,3395214.453,-0.629,-0.057,0.241,0.737,2686,0,0,2575,0,1167,0,980,46,1.018,1,2218,0,208.036,6.131,-134.313,-115.813,108.750,-0.461,1.309,1.520,-6.070,0.859,4.734,0.374,0.414,1.321,1.334,1,NULL,NULL,,3,0,2,7,255,1352,250,0,0
stim,167768,197889,0,197889,3395219.455,-0.623,-0.057,0.228,0.746,2799,0,0,2717,0,1176,0,1061,46,1.018,1,2218,0,377.848,6.131,-277.625,-163.438,197.438,-1.797,-0.383,0.859,-6.070,0.859,4.734,0.384,0.424,1.321,1.334,2,NULL,NULL,,3,0,2,7,255,1352,250,0,0
stim,167799,197920,0,197920,3395224.454,-0.623,-0.060,0.214,0.750,2890,0,0,2835,0,1177,0,1172,46,1.018,1,2218,0,342.853,14.873,-299.438,-161.375,42.938,-2.039,-1.027,-0.105,8.750,-12.027,3.352,0.388,0.430,1.321,1.334,2,NULL,NULL,,3,0,2,7,255,1352,250,0,0
stim,167800,197921,0,197921,3395229.455,-0.627,-0.058,0.205,0.749,2940,0,0,2915,0,1173,0,1278,46,1.018,1,2218,0,238.197,14.873,-128.938,-174.563,-98.188,-1.133,-0.566,-0.352,8.750,-12.027,-5.797,0.388,0.428,1.321,1.334,2,NULL,NULL,,3,0,2,7,255,1352,250,0,0
stim,167823,197944,0,197944,3395234.453,-0.633,-0.053,0.200,0.746,2980,0,0,2968,0,1173,0,1357,46,1.018,1,2218,0,224.583,12.885,19.875,-179.500,-133.500,-0.098,-0.371,0.855,7.121,-10.738,-5.797,0.384,0.424,1.321,1.334,2,NULL,NULL,,3,0,2,7,255,1352,250,0,0
stim,167823,197944,0,197944,3395239.455,-0.637,-0.048,0.195,0.744,3007,0,0,3036,0,1191,0,1401,46,1.018,1,2218,0,191.641,7.576,7.375,-170.500,-87.188,0.531,-0.664,1.871,7.121,2.586,-2.535,0.378,0.416,1.321,1.334,2,NULL,NULL,,3,0,2,7,255,1352,250,0,0
stim,167823,197944,0,197944,3395244.453,-0.638,-0.045,0.188,0.745,3034,0,0,3069,0,1259,0,1422,46,1.018,1,2218,0,179.981,14.381,-85.250,-158.375,-6.563,0.805,-0.961,1.898,7.973,11.969,3.277,0.372,0.406,1.321,1.334,2,NULL,NULL,,3,0,2,7,255,1352,250,0,0
stim,167823,197944,0,197944,3395249.455,-0.636,-0.045,0.179,0.750,3065,0,0,3101,0,1341,0,1453,46,1.018,1,2218,0,242.433,15.791,-173.313,-144.813,88.125,0.641,-1.246,1.402,10.301,11.969,3.277,0.344,0.376,1.321,1.334,2,NULL,NULL,,3,0,2,7,255,1352,250,0,0
stim,167823,197944,0,197944,3395254.454,-0.631,-0.044,0.169,0.756,3065,0,0,3124,0,1441,0,1471,46,1.018,1,2218,0,273.011,17.225,-180.938,-135.813,152.813,0.059,-1.254,0.656,12.414,11.941,-0.980,0.306,0.336,1.321,1.334,2,NULL,NULL,,3,0,2,7,255,1352,250,0,0
stim,167823,197944,0,197944,3395259.455,-0.627,-0.042,0.162,0.761,3089,0,0,3145,0,1534,0,1511,46,1.018,1,2218,0,237.671,13.164,-109.563,-137.125,160.250,-0.488,-0.848,0.367,12.414,4.379,-6.012,0.262,0.290,1.321,1.334,2,NULL,NULL,,3,0,2,7,255,1352,250,0,0
stim,167823,197944,0,197944,3395264.453,-0.624,-0.037,0.158,0.765,3090,0,0,3171,0,1687,0,1563,46,1.018,1,2218,0,181.535,9.604,-38.313,-144.000,103.688,-0.879,-0.199,0.930,9.375,-2.086,-6.012,0.214,0.240,1.321,1.334,2,NULL,NULL,,3,0,2,7,255,1352,250,0,0
stim,167823,197944,0,197944,3395269.455,-0.624,-0.033,0.153,0.766,3097,0,0,3176,0,1815,26,1670,46,1.018,1,2218,0,148.301,5.155,-33.938,-142.250,24.625,-0.480,0.426,1.180,4.691,-2.137,0.727,0.184,0.204,1.321,1.334,2,NULL,NULL,,3,0,2,7,255,1352,250,0,0
stim,167823,197944,0,197944,3395274.454,-0.624,-0.030,0.148,0.767,3099,0,0,3175,0,1915,51,1715,46,1.018,1,2218,0,144.482,2.810,-46.000,-136.375,12.688,-0.035,0.543,1.313,-1.824,-2.137,3.055,0.166,0.180,1.321,1.334,2,NULL,NULL,,3,0,2,7,255,1352,250,0,0
stim,167823,197944,0,197944,3395279.455,-0.624,-0.028,0.141,0.768,3104,0,0,3191,0,2023,69,1773,46,1.018,1,2218,0,162.403,2.670,-97.625,-129.313,11.063,-0.105,0.152,1.527,-1.824,1.949,3.473,0.160,0.168,1.321,1.334,2,NULL,NULL,,3,0,2,7,255,1352,250,0,0
stim,167854,197975,0,197975,3395284.454,-0.624,-0.027,0.133,0.769,3108,0,0,3183,45,2094,84,1823,46,1.018,1,2218,0,176.188,2.350,-130.875,-117.063,14.500,0.078,-0.199,1.020,0.219,2.340,3.473,0.158,0.162,1.321,1.334,2,NULL,NULL,,3,0,2,7,255,1352,250,0,0
stim,167854,197975,0,197975,3395289.455,-0.624,-0.027,0.127,0.771,3108,0,0,3189,337,2200,127,1951,46,1.018,1,2218,0,155.818,3.482,-106.813,-111.625,20.250,-0.027,-0.383,0.820,2.578,2.340,-0.594,0.154,0.158,1.321,1.334,2,NULL,NULL,,3,0,2,7,255,1352,250,0,0
stim,167854,197975,0,197975,3395294.453,-0.624,-0.025,0.122,0.772,3109,0,0,3183,520,2253,246,2037,46,1.018,1,2218,0,119.543,4.516,-60.750,-102.563,9.000,0.027,-0.273,1.094,3.352,3.027,-0.594,0.150,0.150,1.321,1.334,2,NULL,NULL,,3,0,2,7,255,1352,250,0,0
stim,167854,197975,0,197975,3395299.455,-0.625,-0.023,0.120,0.771,3109,0,0,3198,715,2291,247,2134,46,1.018,1,2218,0,64.447,4.516,-10.563,-57.875,-26.313,0.363,0.051,1.559,3.352,3.027,0.215,0.142,0.140,1.321,1.334,2,NULL,NULL,,3,0,2,7,255,1352,250,0,0
stim,167854,197975,0,197975,3395304.453,-0.626,-0.022,0.118,0.771,3111,0,0,3197,890,2324,254,2166,46,1.018,1,2218,0,47.526,6.454,-21.250,-41.063,-11.000,0.609,0.590,1.273,-0.082,6.453,1.996,0.130,0.126,1.321,1.334,2,NULL,NULL,,3,0,2,7,255,1352,250,0,0
stim,167854,197975,0,197975,3395309.455,-0.626,-0.022,0.117,0.771,3111,0,0,3191,1007,2351,263,2213,46,1.018,1,2218,0,35.523,8.796,-12.188,-33.000,4.938,0.242,0.891,1.531,-5.977,6.453,4.477,0.114,0.108,1.321,1.334,2,NULL,NULL,,3,0,2,7,255,1352,250,0,0
stim,167884,198005,0,198005,3395314.454,-0.626,-0.023,0.113,0.771,3103,0,0,3196,1117,2366,269,2259,46,1.018,1,2218,0,89.878,6.948,-86.813,-15.125,-17.688,-0.445,0.355,1.684,-5.977,3.543,5.492,0.092,0.088,1.321,1.334,2,NULL,NULL,,3,0,2,7,255,1352,250,0,0
stim,167884,198005,0,198005,3395319.455,-0.628,-0.027,0.109,0.770,3119,10,0,3191,1191,2390,263,2309,46,1.018,1,2218,0,139.367,1.493,-129.250,-12.688,-50.563,-0.215,0.105,0.805,-1.309,-0.719,5.492,0.072,0.072,1.321,1.334,2,NULL,NULL,,3,0,2,7,255,1352,250,0,0
stim,167884,198005,0,198005,3395324.454,-0.630,-0.029,0.106,0.769,3110,22,0,3192,1272,2404,265,2324,46,1.018,1,2218,0,104.187,0.730,-76.688,-9.563,-69.875,-0.191,-0.047,0.691,-0.129,-0.719,-1.637,0.058,0.064,1.321,1.334,2,NULL,NULL,,3,0,2,7,255,1352,250,0,0
stim,167884,198005,0,198005,3395329.455,-0.633,-0.030,0.104,0.767,3111,53,0,3212,1334,2419,275,2357,46,1.018,1,2218,0,90.519,0.642,-30.813,-11.188,-84.375,-0.055,0.012,0.941,0.426,-0.480,-1.637,0.052,0.064,1.321,1.334,2,NULL,NULL,,3,0,2,7,255,1352,250,0,0
stim,167924,198045,0,198045,3395334.453,-0.635,-0.031,0.102,0.765,3103,59,0,3207,1417,2425,282,2385,46,1.018,1,2218,0,81.395,1.254,-32.000,-8.875,-74.313,0.102,0.109,1.125,0.426,1.180,-0.688,0.048,0.064,1.321,1.334,2,NULL,NULL,,3,0,2,7,255,1352,250,0,0
stim,167924,198045,0,198045,3395339.455,-0.637,-0.032,0.100,0.764,3111,89,0,3199,1501,2429,281,2403,46,1.018,1,2218,0,73.599,2.271,-53.063,-5.063,-50.750,0.043,0.074,1.086,-0.359,2.242,0.617,0.044,0.062,1.321,1.334,2,NULL,NULL,,3,0,2,7,255,1352,250,0,0
stim,167924,198045,0,198045,3395344.454,-0.638,-0.034,0.098,0.763,3109,99,0,3208,1555,2457,301,2424,46,1.018,1,2218,0,73.222,2.271,-61.375,-2.125,-39.875,-0.102,0.020,0.977,-0.359,2.242,0.617,0.038,0.060,1.321,1.334,2,NULL,NULL,,3,0,2,7,255,1352,250,0,0
stim,167924,198045,0,198045,3395349.455,-0.640,-0.035,0.096,0.762,3122,123,0,3209,1591,2461,307,2450,46,1.018,1,2218,0,69.974,0.782,-49.563,-1.438,-49.375,-0.184,0.031,0.910,0.270,0.734,-0.234,0.032,0.056,1.321,1.334,2,NULL,NULL,,3,0,2,7,255,1352,250,0,0
stim,167924,198045,0,198045,3395354.453,-0.642,-0.036,0.095,0.760,3109,147,0,3213,1633,2475,299,2451,46,1.018,1,2218,0,67.193,0.603,-34.125,-0.938,-57.875,-0.113,0.039,0.953,0.270,0.539,-0.402,0.028,0.052,1.321,1.334,2,NULL,NULL,,3,0,2,7,255,1352,250,0,0
stim,167924,198045,0,198045,3395359.455,-0.643,-0.037,0.093,0.759,3111,169,0,3218,1673,2487,311,2471,46,1.018,1,2218,0,59.329,0.556,-29.563,-0.375,-51.438,-0.035,0.016,1.031,0.137,0.539,-0.402,0.026,0.046,1.321,1.334,2,NULL,NULL,,3,0,2,7,255,1352,250,0,0
stim,167924,198045,0,198045,3395364.453,-0.645,-0.038,0.092,0.758,3115,203,0,3214,1718,2503,317,2461,46,1.018,1,2218,0,49.066,1.463,-33.063,0.500,-36.250,-0.039,-0.004,1.039,0.137,1.457,0.168,0.024,0.040,1.321,1.334,2,NULL,NULL,,3,0,2,7,255,1352,250,0,0
stim,167924,198045,0,198045,3395369.455,-0.645,-0.039,0.091,0.757,3112,217,44,3211,1752,2500,309,2469,46,1.018,1,2218,0,43.058,1.489,-33.563,1.375,-26.938,-0.094,-0.027,0.996,0.305,1.457,0.168,0.024,0.032,1.321,1.334,2,NULL,NULL,,3,0,2,7,255,1352,250,0,0
stim,167924,198045,0,198045,3395374.454,-0.646,-0.040,0.090,0.757,3115,224,51,3207,1773,2504,330,2474,46,1.018,1,2218,0,37.061,1.074,-26.938,2.000,-25.375,-0.121,-0.078,0.953,0.582,0.902,-0.082,0.030,0.022,1.321,1.334,2,NULL,NULL,,3,0,2,7,255,1352,250,0,0
stim,167924,198045,0,198045,3395379.455,-0.647,-0.041,0.089,0.756,3110,242,103,3215,1801,2508,333,2479,46,1.018,1,2218,0,29.273,1.288,-18.750,1.375,-22.438,-0.121,-0.137,0.949,1.082,0.699,-0.457,0.036,0.014,1.321,1.334,2,NULL,NULL,,3,0,2,7,255,1352,250,0,0
stim,167951,198072,0,198072,3395384.454,-0.647,-0.042,0.088,0.756,3109,245,136,3210,1819,2503,336,2472,46,1.018,1,2218,0,20.169,1.746,-13.875,0.625,-14.625,-0.141,-0.137,0.953,1.633,0.617,-0.461,0.042,0.006,1.321,1.334,2,NULL,NULL,,3,0,2,7,255,1352,250,0,0
stim,167951,198072,0,198072,3395389.455,-0.648,-0.042,0.088,0.756,3117,247,159,3213,1843,2505,341,2471,46,1.018,1,2218,0,14.470,1.708,-10.500,-0.625,-9.938,-0.191,-0.066,0.969,1.633,0.500,-0.461,0.048,0.000,1.321,1.334,2,NULL,NULL,,3,0,2,7,255,1352,250,0,0
stim,167951,198072,0,198072,3395394.453,-0.648,-0.042,0.087,0.755,3110,247,208,3211,1855,2501,333,2473,46,1.018,1,2218,0,15.139,1.025,-7.125,-1.688,-13.250,-0.215,-0.012,0.988,1.023,-0.059,-0.160,0.000,0.000,1.321,1.334,2,NULL,NULL,,3,0,2,7,255,1352,250,0,0
stim,167951,198072,0,198072,3395399.455,-0.649,-0.042,0.087,0.755,3099,254,261,3205,1871,2495,325,2472,46,1.041,1,2218,1,17.786,0.569,-5.375,-2.188,-16.813,-0.176,-0.023,1.004,0.566,-0.059,0.094,0.000,0.000,1.352,1.379,2,NULL,NULL,,3,0,2,7,255,1352,250,0,0
stim,167974,198095,0,198095,3395404.454,-0.649,-0.043,0.086,0.754,3107,253,297,3199,1885,2501,327,2485,46,1.041,1,2218,1,14.841,0.572,-6.375,-3.000,-13.063,-0.148,-0.055,0.996,0.566,0.078,0.094,0.006,0.006,1.352,1.379,2,NULL,NULL,,3,0,2,7,255,1352,250,0,0
stim,167974,198095,0,198095,3395409.455,-0.649,-0.043,0.086,0.754,3100,261,318,3204,1888,2491,319,2475,46,1.041,1,2218,1,10.741,0.850,-6.563,-3.500,-7.750,-0.168,-0.055,0.977,0.832,0.172,0.031,0.012,0.012,1.352,1.379,2,NULL,NULL,,3,0,2,7,255,1352,250,0,0
stim,167974,198095,0,198095,3395414.454,-0.650,-0.043,0.086,0.754,3087,263,347,3190,1903,2493,317,2475,46,1.041,1,2218,1,9.573,0.850,-3.875,-4.188,-7.688,-0.199,-0.031,0.957,0.832,0.172,-0.145,0.016,0.016,1.352,1.379,2,NULL,NULL,,3,0,2,7,255,1352,250,0,0
stim,167974,198095,0,198095,3395419.455,-0.650,-0.043,0.086,0.754,3087,267,375,3193,1910,2491,311,2476,46,1.041,1,2218,1,12.700,0.688,-0.250,-4.813,-11.750,-0.191,-0.020,0.961,0.672,-0.148,-0.227,0.022,0.022,1.352,1.379,2,NULL,NULL,,3,0,2,7,255,1352,250,0,0
stim,167974,198095,0,198095,3395424.454,-0.651,-0.043,0.085,0.753,3067,256,413,3181,1929,2485,312,2475,46,1.041,1,2218,1,14.335,0.567,2.500,-5.500,-13.000,-0.168,-0.023,0.973,0.547,-0.148,-0.227,0.026,0.028,1.352,1.379,2,NULL,NULL,,3,0,2,7,255,1352,250,0,0
stim,167974,198095,0,198095,3395429.455,-0.651,-0.042,0.085,0.753,3056,261,439,3165,1943,2485,311,2477,46,1.041,1,2218,1,12.558,0.517,3.750,-6.313,-10.188,-0.172,0.012,0.988,0.516,0.031,-0.172,0.030,0.032,1.352,1.379,2,NULL,NULL,,3,0,2,7,255,1352,250,0,0
stim,168018,198139,0,198139,3395434.453,-0.651,-0.042,0.085,0.753,3055,245,496,3151,1964,2479,330,2479,46,1.041,1,2218,1,12.931,0.229,3.688,-6.875,-10.313,-0.207,0.078,1.012,0.227,0.031,0.012,0.034,0.036,1.352,1.379,2,NULL,NULL,,3,0,2,7,255,1352,250,0,0
stim,168018,198139,0,198139,3395439.455,-0.652,-0.042,0.085,0.752,3046,244,540,3158,1973,2471,341,2483,46,1.041,1,2218,1,17.300,0.505,2.688,-7.063,-15.563,-0.219,0.117,1.027,-0.359,-0.355,0.309,0.038,0.040,1.352,1.379,2,NULL,NULL,,3,0,2,7,255,1352,250,0,0
stim,168018,198139,0,198139,3395444.454,-0.653,-0.041,0.085,0.752,3027,244,622,3133,1997,2464,349,2491,46,1.041,1,2218,1,22.377,0.823,0.375,-7.188,-21.188,-0.199,0.121,1.031,-0.742,-0.355,0.504,0.040,0.042,1.352,1.379,2,NULL,NULL,,3,0,2,7,255,1352,250,0,0
stim,168018,198139,0,198139,3395449.455,-0.653,-0.041,0.085,0.751,3016,244,653,3125,2009,2459,363,2505,46,1.041,1,2218,1,23.492,0.802,-2.813,-7.563,-22.063,-0.180,0.102,1.020,-0.742,-0.305,0.504,0.042,0.044,1.352,1.379,2,NULL,NULL,,3,0,2,7,255,1352,250,0,0
stim,168018,198139,0,198139,3395454.453,-0.654,-0.041,0.084,0.751,2992,240,696,3109,2027,2457,367,2489,46,1.041,1,2218,1,23.621,0.681,-5.313,-8.375,-21.438,-0.195,0.074,1.000,-0.625,-0.270,0.352,0.044,0.046,1.352,1.379,2,NULL,NULL,,3,0,2,7,255,1352,250,0,0
stim,168018,198139,0,198139,3395459.455,-0.655,-0.041,0.084,0.750,2987,246,755,3103,2040,2461,369,2503,46,1.041,1,2218,1,25.913,0.459,-5.438,-9.313,-23.563,-0.199,0.074,0.988,-0.371,-0.270,0.199,0.046,0.048,1.352,1.379,2,NULL,NULL,,3,0,2,7,255,1352,250,0,0
stim,168041,198162,0,198162,3395464.453,-0.656,-0.041,0.083,0.749,2961,250,815,3083,2080,2459,365,2511,46,1.041,1,2218,1,28.211,0.459,-2.875,-10.250,-26.125,-0.168,0.102,0.984,-0.371,-0.270,0.070,0.046,0.048,1.352,1.379,2,NULL,NULL,,3,0,2,7,255,1352,250,0,0
stim,168041,198162,0,198162,3395469.455,-0.657,-0.041,0.083,0.749,2949,251,884,3060,2141,2447,404,2515,46,1.041,1,2218,1,27.154,0.674,-0.813,-11.000,-24.813,-0.141,0.133,1.004,-0.668,-0.090,0.070,0.046,0.048,1.352,1.379,2,NULL,NULL,,3,0,2,7,255,1352,250,0,0
stim,168041,198162,0,198162,3395474.454,-0.657,-0.040,0.083,0.748,2921,249,957,3047,2159,2457,410,2531,46,1.041,1,2218,1,23.914,1.039,-2.000,-11.938,-20.625,-0.145,0.168,1.023,-1.035,0.086,0.148,0.046,0.048,1.352,1.379,2,NULL,NULL,,3,0,2,7,255,1352,250,0,0
stim,168041,198162,0,198162,3395479.455,-0.658,-0.040,0.082,0.748,2903,247,1043,3037,2191,2453,427,2540,46,1.041,1,2218,1,23.001,1.374,-5.313,-12.500,-18.563,-0.168,0.180,1.031,-1.371,0.086,0.363,0.044,0.048,1.352,1.379,2,NULL,NULL,,3,0,2,7,255,1352,250,0,0
stim,168041,198162,0,198162,3395484.453,-0.659,-0.040,0.082,0.747,2875,244,1156,3020,2238,2459,502,2543,46,1.041,1,2218,1,26.311,1.380,-8.750,-12.813,-21.250,-0.188,0.164,1.016,-1.371,-0.152,0.367,0.042,0.046,1.352,1.379,2,NULL,NULL,,3,0,2,7,255,1352,250,0,0
stim,168041,198162,0,198162,3395489.455,-0.659,-0.039,0.081,0.746,2847,249,1227,2995,2271,2455,569,2565,46,1.041,1,2218,1,29.681,1.300,-9.938,-13.375,-24.563,-0.184,0.133,1.000,-1.266,-0.297,0.367,0.038,0.044,1.352,1.379,2,NULL,NULL,,3,0,2,7,255,1352,250,0,0
stim,168067,198188,0,198188,3395494.453,-0.660,-0.039,0.080,0.746,2825,255,1351,2973,2315,2458,671,2581,46,1.041,1,2218,1,32.021,1.049,-9.500,-13.875,-27.250,-0.188,0.125,1.004,-0.996,-0.328,0.227,0.034,0.040,1.352,1.379,2,NULL,NULL,,3,0,2,7,255,1352,250,0,0
stim,168067,198188,0,198188,3395499.455,-0.661,-0.039,0.079,0.745,2791,265,1461,2956,2349,2452,791,2600,46,1.041,1,2218,1,37.354,1.049,-11.563,-14.188,-32.563,-0.191,0.145,1.027,-0.996,-0.328,0.227,0.028,0.034,1.352,1.379,2,NULL,NULL,,3,0,2,7,255,1352,250,0,0
stim,168067,198188,0,198188,3395504.454,-0.663,-0.039,0.078,0.744,2759,288,1571,2938,2393,2451,873,2607,46,1.041,1,2218,1,45.305,0.989,-16.938,-13.625,-39.750,-0.199,0.121,1.035,-0.910,-0.387,0.469,0.022,0.028,1.352,1.379,2,NULL,NULL,,3,0,2,7,255,1352,250,0,0
stim,168067,198188,0,198188,3395509.455,-0.664,-0.040,0.077,0.743,2725,306,1677,2932,2421,2456,985,2629,46,1.041,1,2218,1,53.458,0.982,-24.625,-13.875,-45.375,-0.164,0.066,1.031,-0.902,-0.387,0.469,0.018,0.022,1.352,1.379,2,NULL,NULL,,3,0,2,7,255,1352,250,0,0
stim,168067,198188,0,198188,3395514.453,-0.666,-0.040,0.076,0.741,2694,303,1789,2907,2459,2463,1079,2631,46,1.041,1,2218,1,59.719,0.430,-30.063,-12.750,-50.000,-0.152,-0.016,0.984,-0.426,-0.059,0.422,0.012,0.018,1.352,1.379,2,NULL,NULL,,3,0,2,7,255,1352,250,0,0
stim,168067,198188,0,198188,3395519.455,-0.667,-0.041,0.074,0.740,2649,319,1877,2889,2484,2466,1111,2647,46,1.041,1,2218,1,57.269,0.335,-29.750,-13.188,-47.125,-0.121,-0.078,0.930,0.328,0.066,-0.051,0.006,0.012,1.352,1.379,2,NULL,NULL,,3,0,2,7,255,1352,250,0,0
stim,168095,198216,0,198216,3395524.454,-0.669,-0.041,0.073,0.739,2615,340,1967,2874,2511,2467,1269,2665,46,1.041,1,2218,1,52.350,0.878,-25.188,-13.250,-43.938,-0.133,-0.102,0.926,0.852,0.215,-0.668,0.006,0.008,1.352,1.379,2,NULL,NULL,,3,0,2,7,255,1352,250,0,0
stim,168095,198216,0,198216,3395529.455,-0.670,-0.042,0.071,0.738,2575,365,2089,2856,2544,2459,1343,2664,46,1.041,1,2218,1,51.509,1.042,-22.250,-13.125,-44.563,-0.145,-0.098,0.945,1.020,0.215,-0.668,0.008,0.004,1.352,1.379,2,NULL,NULL,,3,0,2,7,255,1352,250,0,0
stim,168124,198245,0,198245,3395534.454,-0.671,-0.042,0.070,0.737,2525,409,2181,2840,2579,2459,1446,2676,46,1.041,1,2218,1,51.538,1.034,-22.563,-13.750,-44.250,-0.141,-0.082,0.973,1.020,0.172,-0.449,0.010,0.004,1.352,1.379,2,NULL,NULL,,3,0,2,7,255,1352,250,0,0
stim,168124,198245,0,198245,3395539.455,-0.673,-0.043,0.068,0.735,2486,427,2253,2825,2597,2461,1547,2693,46,1.041,1,2218,1,52.494,0.872,-27.188,-14.500,-42.500,-0.160,-0.063,0.984,0.863,0.121,-0.207,0.012,0.008,1.352,1.379,2,NULL,NULL,,3,0,2,7,255,1352,250,0,0
stim,168124,198245,0,198245,3395544.453,-0.674,-0.043,0.067,0.734,2429,441,2335,2797,2634,2467,1629,2709,46,1.041,1,2218,1,53.743,0.661,-29.938,-14.750,-42.125,-0.160,-0.016,1.004,0.660,-0.027,-0.051,0.012,0.008,1.352,1.379,2,NULL,NULL,,3,0,2,7,255,1352,250,0,0
stim,168124,198245,0,198245,3395549.455,-0.675,-0.044,0.065,0.733,2396,457,2395,2789,2645,2463,1723,2723,46,1.041,1,2218,1,58.622,0.155,-36.063,-15.438,-43.563,-0.172,0.008,1.027,0.145,-0.055,0.152,0.014,0.010,1.352,1.379,2,NULL,NULL,,3,0,2,7,255,1352,250,0,0
stim,168124,198245,0,198245,3395554.453,-0.677,-0.045,0.063,0.732,2335,484,2473,2760,2679,2467,1830,2739,46,1.041,1,2218,1,63.924,0.208,-43.000,-16.875,-44.188,-0.176,0.020,1.020,-0.098,-0.184,0.336,0.012,0.012,1.352,1.379,2,NULL,NULL,,3,0,2,7,255,1352,250,0,0
stim,168124,198245,0,198245,3395559.455,-0.678,-0.045,0.061,0.731,2259,493,2535,2733,2701,2464,1899,2744,46,1.041,1,2218,1,68.398,0.345,-45.875,-17.313,-47.688,-0.172,0.035,1.012,-0.242,-0.246,0.336,0.010,0.012,1.352,1.379,2,NULL,NULL,,3,0,2,7,255,1352,250,0,0
stim,168124,198245,0,198245,3395564.454,-0.680,-0.046,0.059,0.730,2181,507,2587,2698,2726,2473,1980,2759,46,1.041,1,2218,1,67.990,0.505,-42.688,-17.688,-49.875,-0.145,0.063,0.977,-0.441,-0.246,0.258,0.010,0.014,1.352,1.379,2,NULL,NULL,,3,0,2,7,255,1352,250,0,0
stim,168124,198245,0,198245,3395569.455,-0.681,-0.047,0.057,0.728,2119,532,2633,2667,2745,2474,2063,2779,46,1.041,1,2218,1,64.654,0.470,-36.625,-18.063,-50.125,-0.117,0.027,0.984,-0.465,-0.066,-0.113,0.008,0.016,1.352,1.379,2,NULL,NULL,,3,0,2,7,255,1352,250,0,0
stim,168124,198245,0,198245,3395574.457,-0.683,-0.047,0.055,0.727,2040,535,2678,2617,2751,2463,2119,2776,46,1.041,1,2218,1,64.346,0.510,-35.625,-18.438,-50.313,-0.125,-0.023,1.027,-0.465,0.211,-0.113,0.008,0.018,1.352,1.379,2,NULL,NULL,,3,0,2,7,255,1352,250,0,0
stim,168124,198245,0,198245,3395579.455,-0.685,-0.048,0.053,0.725,1947,541,2711,2581,2781,2473,2132,2787,46,1.041,1,2218,1,66.633,0.218,-38.125,-17.000,-51.938,-0.102,-0.051,1.020,-0.035,0.215,0.219,0.008,0.020,1.352,1.379,2,NULL,NULL,,3,0,2,7,255,1352,250,0,0
stim,168154,198275,0,198275,3395584.454,-0.686,-0.049,0.051,0.724,1851,553,2743,2548,2804,2469,2246,2796,46,1.041,1,2218,1,63.832,0.447,-39.188,-17.500,-47.250,-0.086,-0.086,0.988,0.203,0.398,0.219,0.008,0.022,1.352,1.379,2,NULL,NULL,,3,0,2,7,255,1352,250,0,0
stim,168154,198275,0,198275,3395589.455,-0.687,-0.049,0.049,0.723,1773,552,2779,2489,2808,2459,2291,2803,46,1.041,1,2218,1,61.550,0.633,-41.063,-18.250,-42.063,-0.117,-0.094,1.012,0.492,0.398,0.195,0.008,0.024,1.352,1.379,2,NULL,NULL,,3,0,2,7,255,1352,250,0,0
stim,168154,198275,0,198275,3395594.454,-0.689,-0.050,0.047,0.722,1673,549,2805,2431,2837,2471,2340,2815,46,1.041,1,2218,1,61.669,0.540,-40.938,-18.063,-42.438,-0.141,-0.059,0.992,0.492,0.223,0.016,0.008,0.024,1.352,1.379,2,NULL,NULL,,3,0,2,7,255,1352,250,0,0
stim,168154,198275,0,198275,3395599.455,-0.690,-0.051,0.046,0.721,1555,547,2847,2377,2847,2458,2395,2836,46,1.041,1,2218,1,58.275,0.169,-35.125,-18.438,-42.688,-0.129,-0.020,0.953,0.168,-0.020,0.016,0.008,0.026,1.352,1.379,2,NULL,NULL,,3,0,2,7,255,1352,250,0,0
stim,168154,198275,0,198275,3395604.453,-0.691,-0.051,0.044,0.720,1400,537,2869,2299,2857,2457,2442,2835,46,1.041,1,2218,1,53.099,0.142,-27.250,-19.375,-41.250,-0.125,-0.031,0.977,-0.141,-0.020,-0.172,0.008,0.026,1.352,1.379,2,NULL,NULL,,3,0,2,7,255,1352,250,0,0
stim,168154,198275,0,198275,3395609.455,-0.692,-0.051,0.043,0.719,1275,529,2879,2223,2872,2452,2459,2841,46,1.041,1,2218,1,51.017,0.143,-24.188,-19.688,-40.375,-0.121,-0.051,1.016,-0.141,0.027,-0.172,0.008,0.026,1.352,1.379,2,NULL,NULL,,3,0,2,7,255,1352,250,0,0
stim,168184,198305,0,198305,3395614.454,-0.693,-0.051,0.041,0.718,1127,521,2907,2149,2879,2443,2519,2856,46,1.041,1,2218,1,51.353,0.080,-27.563,-20.000,-38.438,-0.125,-0.074,1.031,0.016,0.078,0.223,0.008,0.026,1.352,1.379,2,NULL,NULL,,3,0,2,7,255,1352,250,0,0
stim,168184,198305,0,198305,3395619.455,-0.695,-0.052,0.039,0.717,1043,483,2921,2054,2894,2432,2537,2862,46,1.041,1,2218,1,52.589,0.095,-31.188,-20.250,-37.188,-0.125,-0.063,1.027,0.055,0.078,0.336,0.008,0.026,1.352,1.379,2,NULL,NULL,,3,0,2,7,255,1352,250,0,0
stim,168184,198305,0,198305,3395624.454,-0.696,-0.052,0.037,0.715,891,455,2932,1919,2900,2431,2534,2864,46,1.041,1,2218,1,53.964,0.067,-32.688,-20.688,-37.625,-0.129,-0.066,0.992,0.063,0.023,0.336,0.008,0.026,1.352,1.379,2,NULL,NULL,,3,0,2,7,255,1352,250,0,0
stim,168184,198305,0,198305,3395629.455,-0.697,-0.052,0.036,0.715,749,402,2952,1764,2919,2415,2603,2875,46,1.041,1,2218,1,49.650,0.067,-26.125,-21.750,-36.188,-0.105,-0.082,0.953,0.063,0.023,0.020,0.008,0.026,1.352,1.379,2,NULL,NULL,,3,0,2,7,255,1352,250,0,0
stim,168223,198344,0,198344,3395634.453,-0.698,-0.052,0.034,0.714,631,389,2967,1627,2920,2413,2628,2879,46,1.041,1,2218,1,44.854,0.235,-19.438,-22.438,-33.625,-0.066,-0.113,0.949,0.219,0.086,-0.375,0.008,0.028,1.352,1.379,2,NULL,NULL,,3,0,2,7,255,1352,250,0,0
stim,168223,198344,0,198344,3395639.455,-0.699,-0.052,0.033,0.713,459,349,2968,1436,2941,2399,2591,2884,46,1.041,1,2218,1,35.271,0.509,-11.813,-23.438,-23.563,-0.098,-0.117,0.992,0.477,0.180,-0.375,0.010,0.030,1.352,1.379,2,NULL,NULL,,3,0,2,7,255,1352,250,0,0
stim,168223,198344,0,198344,3395644.454,-0.699,-0.051,0.032,0.712,347,308,2985,1253,2939,2394,2668,2887,46,1.041,1,2218,1,33.269,0.509,-9.313,-24.750,-20.188,-0.129,-0.094,1.027,0.477,0.180,0.012,0.010,0.030,1.352,1.379,2,NULL,NULL,,3,0,2,7,255,1352,250,0,0
stim,168223,198344,0,198344,3395649.455,-0.700,-0.051,0.031,0.712,225,247,2995,1048,2949,2376,2695,2901,46,1.041,1,2218,1,35.305,0.271,-9.938,-25.438,-22.375,-0.141,-0.059,1.051,0.250,-0.105,0.383,0.010,0.030,1.352,1.379,2,NULL,NULL,,3,0,2,7,255,1352,250,0,0
stim,168223,198344,0,198344,3395654.454,-0.700,-0.050,0.030,0.711,135,199,2999,873,2969,2351,2715,2895,46,1.041,1,2218,1,36.505,0.173,-9.500,-27.438,-22.125,-0.117,-0.008,1.063,-0.137,-0.105,0.582,0.010,0.032,1.352,1.379,2,NULL,NULL,,3,0,2,7,255,1352,250,0,0
stim,168223,198344,0,198344,3395659.455,-0.701,-0.050,0.028,0.711,77,148,2999,670,2973,2328,2731,2911,46,1.041,1,2218,1,38.820,0.637,-12.875,-28.500,-23.000,-0.082,0.012,1.055,-0.637,-0.027,0.582,0.012,0.032,1.352,1.379,2,NULL,NULL,,3,0,2,7,255,1352,250,0,0
stim,168223,198344,0,198344,3395664.453,-0.702,-0.049,0.027,0.710,35,117,3016,503,2987,2297,2750,2908,46,1.041,1,2218,1,34.999,0.766,-4.188,-30.813,-16.063,-0.094,0.004,1.047,-0.758,0.113,0.508,0.012,0.034,1.352,1.379,2,NULL,NULL,,3,0,2,7,255,1352,250,0,0
stim,168223,198344,0,198344,3395669.455,-0.702,-0.048,0.026,0.710,10,85,3015,348,2982,2280,2733,2910,46,1.041,1,2218,1,35.578,0.789,0.063,-33.625,-11.625,-0.098,0.004,1.066,-0.781,0.113,0.508,0.014,0.034,1.352,1.379,2,NULL,NULL,,3,0,2,7,255,1352,250,0,0
stim,168223,198344,0,198344,3395674.454,-0.702,-0.046,0.025,0.710,0,61,3030,207,2987,2258,2787,2918,46,1.041,1,2218,1,38.128,0.767,4.375,-35.688,-12.688,-0.137,0.004,1.105,-0.762,0.086,0.664,0.014,0.036,1.352,1.379,2,NULL,NULL,,3,0,2,7,255,1352,250,0,0
stim,168223,198344,0,198344,3395679.455,-0.703,-0.045,0.024,0.709,0,33,3028,159,3003,2229,2804,2918,46,1.041,1,2218,1,42.332,0.830,8.875,-39.063,-13.688,-0.148,0.008,1.203,-0.781,-0.281,1.063,0.012,0.036,1.352,1.379,2,NULL,NULL,,3,0,2,7,255,1352,250,0,0
stim,168252,198373,0,198373,3395684.455,-0.703,-0.043,0.024,0.710,0,23,3027,147,3015,2199,2795,2923,46,1.041,1,2218,1,53.448,0.859,23.750,-47.188,8.125,-0.242,-0.008,1.395,-0.785,-0.348,2.043,0.012,0.036,1.352,1.379,2,NULL,NULL,,3,0,2,7,255,1352,250,0,0
stim,168252,198373,0,198373,3395689.455,-0.702,-0.041,0.022,0.711,0,1,3039,115,3019,2171,2835,2937,46,1.041,1,2218,0,55.826,1.365,-0.938,-52.750,18.250,-0.266,-0.086,1.438,-0.785,-1.117,3.996,0.012,0.036,1.352,1.379,3,NULL,NULL,,3,0,2,7,255,1352,250,0,0
stim,168252,198373,0,198373,3395694.453,-0.702,-0.041,0.020,0.711,0,0,3032,95,3021,2133,2856,2925,46,1.041,1,2218,0,64.518,1.387,-34.313,-54.188,7.000,-0.254,-0.230,1.211,-0.035,-1.387,3.996,0.010,0.034,1.352,1.379,3,NULL,NULL,,3,0,2,7,255,1352,250,0,0
stim,168252,198373,0,198373,3395699.455,-0.702,-0.040,0.017,0.711,0,0,3031,75,3020,2071,2829,2933,46,1.041,1,2218,0,67.352,2.028,-34.063,-58.063,2.188,-0.164,-0.230,0.984,1.480,-1.387,2.336,0.010,0.034,1.352,1.379,3,NULL,NULL,,3,0,2,7,255,1352,250,0,0
stim,168274,198395,0,198395,3395704.454,-0.701,-0.039,0.015,0.712,0,0,3035,52,3029,2012,2889,2937,46,1.041,1,2218,0,64.393,1.728,-7.500,-63.188,9.875,-0.156,-0.133,0.934,1.480,-0.891,0.066,0.010,0.034,1.352,1.379,3,NULL,NULL,,3,0,2,7,255,1352,250,0,0
stim,168274,198395,0,198395,3395709.455,-0.701,-0.036,0.013,0.712,0,0,3030,0,3031,1962,2894,2935,46,1.041,1,2218,0,71.644,1.088,16.625,-68.500,12.813,-0.191,-0.020,1.051,0.625,-0.891,0.066,0.010,0.036,1.352,1.379,3,NULL,NULL,,3,0,2,7,255,1352,250,0,0
stim,168274,198395,0,198395,3395714.453,-0.701,-0.033,0.012,0.713,0,0,3031,0,3039,1887,2909,2935,46,1.041,1,2218,0,75.877,1.337,20.188,-72.563,9.188,-0.207,0.016,1.191,-0.531,-1.227,0.570,0.010,0.036,1.352,1.379,3,NULL,NULL,,3,0,2,7,255,1352,250,0,0
stim,168274,198395,0,198395,3395719.455,-0.700,-0.030,0.010,0.713,0,0,3035,0,3053,1825,2925,2952,46,1.041,1,2218,0,76.942,1.337,9.563,-76.000,7.250,-0.184,-0.043,1.246,-0.531,-1.227,1.953,0.012,0.038,1.352,1.379,3,NULL,NULL,,3,0,2,7,255,1352,250,0,0
stim,168274,198395,0,198395,3395724.454,-0.700,-0.028,0.007,0.714,0,0,3037,0,3049,1741,2933,2939,46,1.041,1,2218,0,79.878,1.220,-1.500,-79.188,10.375,-0.160,-0.125,1.188,-0.379,-1.160,1.953,0.012,0.038,1.352,1.379,3,NULL,NULL,,3,0,2,7,255,1352,250,0,0
stim,168274,198395,1,198395,3395729.455,-0.700,-0.026,0.005,0.714,0,0,3029,0,3049,1647,2923,2935,46,1.041,1,2218,0,83.753,1.240,-4.563,-82.563,13.313,-0.168,-0.129,1.141,0.438,-1.160,1.941,0.012,0.040,1.352,1.379,3,NULL,NULL,,3,1,2,7,255,1352,250,0,0
stim,168319,198440,1,198440,3395734.454,-0.699,-0.023,0.002,0.715,0,0,3035,0,3064,1573,2951,2939,46,1.041,1,2218,0,87.775,1.149,-4.375,-86.500,14.250,-0.145,-0.113,1.121,0.438,-1.063,1.477,0.014,0.040,1.352,1.379,3,NULL,NULL,,3,1,2,7,255,1352,250,0,0
stim,168319,198440,1,198440,3395739.455,-0.698,-0.021,-0.001,0.715,0,0,3019,0,3059,1443,2957,2927,46,1.041,1,2218,0,91.401,1.148,-2.938,-89.563,18.000,-0.133,-0.117,1.078,0.434,-1.063,1.270,0.014,0.040,1.352,1.379,3,NULL,NULL,,3,1,2,7,255,1352,250,0,0
stim,168319,198440,1,198440,3395744.453,-0.698,-0.018,-0.003,0.716,0,0,3015,0,3061,1325,2969,2927,46,1.041,1,2218,0,95.319,1.132,2.438,-93.125,20.188,-0.148,-0.109,1.059,0.391,-1.063,0.852,0.014,0.040,1.352,1.379,3,NULL,NULL,,3,1,2,7,255,1352,250,0,0
stim,168319,198440,1,198440,3395749.455,-0.697,-0.015,-0.006,0.717,0,0,3003,0,3064,1229,2973,2923,46,1.041,1,2218,0,98.332,1.313,7.250,-96.688,16.375,-0.168,-0.109,1.086,0.391,-1.254,0.852,0.016,0.042,1.352,1.379,3,NULL,NULL,,3,1,2,7,255,1352,250,0,0
stim,168319,198440,1,198440,3395754.453,-0.696,-0.012,-0.008,0.717,0,0,2992,0,3067,1063,2979,2920,46,1.041,1,2218,0,101.528,1.313,13.375,-99.750,13.375,-0.121,-0.129,1.066,0.391,-1.254,0.719,0.018,0.044,1.352,1.379,3,NULL,NULL,,3,1,2,7,255,1352,250,0,0
stim,168319,198440,1,198440,3395759.455,-0.696,-0.008,-0.011,0.718,0,0,2984,0,3076,938,2985,2915,46,1.041,1,2218,0,105.246,1.374,13.563,-103.125,16.063,-0.125,-0.121,1.117,0.477,-1.289,0.879,0.022,0.050,1.352,1.379,3,NULL,NULL,,3,1,2,7,255,1352,250,0,0
stim,168343,198464,1,198464,3395764.454,-0.695,-0.005,-0.014,0.719,0,0,2975,0,3076,763,2991,2908,46,1.041,1,2218,0,107.490,1.418,8.625,-106.375,12.813,-0.137,-0.137,1.109,0.590,-1.289,1.094,0.030,0.058,1.352,1.379,3,NULL,NULL,,3,1,2,7,255,1352,250,0,0
stim,168343,198464,1,198464,3395769.455,-0.695,-0.001,-0.017,0.719,0,0,2968,0,3113,647,3002,2897,46,1.041,1,2218,0,111.225,1.534,8.000,-109.875,15.313,-0.113,-0.145,1.098,0.680,-1.375,1.094,0.036,0.064,1.352,1.379,3,NULL,NULL,,3,1,2,7,255,1352,250,0,0
stim,168343,198464,1,198464,3395774.454,-0.694,0.003,-0.020,0.720,0,0,2952,0,3080,543,3003,2891,46,1.041,1,2218,0,115.557,1.657,11.250,-114.438,11.438,-0.152,-0.086,1.070,0.680,-1.512,0.965,0.042,0.070,1.352,1.379,3,NULL,NULL,,3,1,2,7,255,1352,250,0,0
stim,168343,198464,1,198464,3395779.455,-0.694,0.007,-0.023,0.720,0,0,2931,0,3081,437,3015,2877,46,1.041,1,2218,0,118.859,1.394,15.500,-117.688,6.063,-0.055,-0.063,1.047,0.230,-1.375,0.672,0.046,0.076,1.352,1.379,3,NULL,NULL,,3,1,2,7,255,1352,250,0,0
stim,168343,198464,1,198464,3395784.454,-0.693,0.011,-0.026,0.720,0,0,2909,0,3083,292,3017,2865,46,1.041,1,2218,0,122.494,1.016,18.250,-120.875,7.813,-0.039,-0.031,1.090,-0.020,-1.016,0.672,0.050,0.080,1.352,1.379,3,NULL,NULL,,3,1,2,7,255,1352,250,0,0
stim,168343,198464,1,198464,3395789.455,-0.693,0.015,-0.029,0.721,0,0,2892,0,3092,179,2971,2847,46,1.041,1,2218,0,125.392,1.051,17.938,-123.625,10.875,-0.055,-0.035,1.137,-0.270,-1.016,0.848,0.056,0.086,1.352,1.379,3,NULL,NULL,,3,1,2,7,255,1352,250,0,0
stim,168365,198486,1,198486,3395794.454,-0.692,0.019,-0.032,0.721,0,0,2871,0,3087,103,3030,2831,46,1.041,1,2218,0,127.745,1.248,10.688,-126.938,9.563,-0.035,-0.063,1.152,-0.270,-1.219,1.273,0.064,0.094,1.352,1.379,3,NULL,NULL,,3,1,2,7,255,1352,250,0,0
stim,168365,198486,1,198486,3395799.455,-0.691,0.024,-0.036,0.722,0,0,2845,0,3089,47,3035,2811,46,1.041,1,2218,0,132.410,1.219,7.188,-131.125,16.938,-0.016,-0.094,1.117,-0.012,-1.219,1.273,0.072,0.102,1.352,1.379,3,NULL,NULL,,3,1,2,7,255,1352,250,0,0
stim,168365,198486,1,198486,3395804.453,-0.690,0.028,-0.040,0.722,0,0,2811,0,3091,17,3046,2793,46,1.041,1,2218,0,136.223,1.219,15.375,-134.313,16.750,-0.039,0.027,1.148,-0.012,-1.219,1.313,0.078,0.110,1.352,1.379,3,NULL,NULL,,3,1,2,7,255,1352,250,0,0
stim,168365,198486,1,198486,3395809.455,-0.689,0.033,-0.043,0.723,0,0,2778,0,3089,0,3045,2773,46,1.041,1,2218,0,140.775,1.738,11.250,-139.125,18.313,-0.031,0.070,1.270,-0.852,-1.516,1.313,0.086,0.116,1.352,1.379,3,NULL,NULL,,3,1,2,7,255,1352,250,0,0
stim,168365,198486,1,198486,3395814.454,-0.688,0.038,-0.047,0.723,0,0,2744,0,3089,0,3049,2746,46,1.041,1,2218,0,143.356,1.985,12.438,-141.563,18.875,0.039,0.203,1.293,-1.281,-1.516,2.480,0.092,0.122,1.352,1.379,3,NULL,NULL,,3,1,2,7,255,1352,250,0,0
stim,168365,198486,1,198486,3395819.455,-0.687,0.042,-0.051,0.724,0,0,2709,0,3087,0,3047,2715,46,1.041,1,2218,0,147.033,3.076,7.250,-145.188,22.063,0.008,0.199,1.313,-2.543,-1.730,2.711,0.098,0.130,1.352,1.379,3,NULL,NULL,,3,1,2,7,255,1352,250,0,0
stim,168401,198522,1,198522,3395824.454,-0.686,0.047,-0.055,0.724,0,0,2654,0,3080,0,3049,2683,46,1.041,1,2218,0,151.066,2.923,-1.188,-148.313,28.688,0.098,0.211,1.414,-2.625,-1.285,2.836,0.104,0.136,1.352,1.379,3,NULL,NULL,,3,1,2,7,255,1352,250,0,0
stim,168401,198522,1,198522,3395829.455,-0.684,0.051,-0.060,0.725,0,0,2604,0,3077,0,3055,2651,46,1.041,1,2218,0,160.247,3.114,-15.188,-152.750,46.000,0.031,0.156,1.434,-2.543,-1.797,3.926,0.110,0.142,1.352,1.379,3,NULL,NULL,,3,1,2,7,255,1352,250,0,0
stim,168426,198547,1,198547,3395834.453,-0.682,0.056,-0.065,0.727,0,0,2537,0,3093,0,3065,2613,46,1.041,1,2218,0,166.999,2.981,-18.750,-158.563,48.938,-0.121,0.098,1.488,-2.156,-2.059,4.031,0.114,0.148,1.352,1.379,3,NULL,NULL,,3,1,2,7,255,1352,250,0,0
stim,168426,198547,1,198547,3395839.455,-0.680,0.060,-0.071,0.727,0,0,2485,0,3068,0,3054,2572,46,1.041,1,2218,0,174.054,4.078,-32.500,-166.500,38.938,-0.207,0.094,1.480,-1.547,-3.773,4.031,0.120,0.152,1.352,1.379,3,NULL,NULL,,3,1,2,7,255,1352,250,0,0
stim,168426,198547,1,198547,3395844.454,-0.678,0.064,-0.078,0.728,0,0,2419,0,3063,7,3054,2518,46,1.041,1,2218,0,182.729,4.840,-37.125,-175.813,33.188,-0.156,0.137,1.488,-1.547,-4.586,4.070,0.124,0.156,1.352,1.379,3,NULL,NULL,,3,1,2,7,255,1352,250,0,0
stim,168426,198547,1,198547,3395849.455,-0.677,0.069,-0.085,0.728,0,0,2340,0,3055,25,3053,2450,46,1.041,1,2218,0,190.768,5.169,-37.625,-185.125,26.563,-0.160,0.191,1.605,-1.945,-4.789,4.070,0.128,0.160,1.352,1.379,3,NULL,NULL,,3,1,2,7,255,1352,250,0,0
stim,168426,198547,1,198547,3395854.453,-0.675,0.073,-0.092,0.729,0,0,2264,0,3043,31,3049,2367,46,1.041,1,2218,0,204.983,5.716,-50.875,-196.125,31.063,-0.180,0.223,1.680,-2.555,-5.113,5.098,0.134,0.166,1.352,1.379,3,NULL,NULL,,3,1,2,7,255,1352,250,0,0
stim,168426,198547,1,198547,3395859.455,-0.673,0.078,-0.100,0.729,0,0,2184,0,3033,46,3039,2284,46,1.041,1,2218,0,218.082,6.359,-67.438,-206.000,24.000,-0.246,0.195,1.633,-2.641,-5.785,5.098,0.138,0.170,1.352,1.379,3,NULL,NULL,,3,1,2,7,255,1352,250,0,0
stim,168426,198547,1,198547,3395864.453,-0.672,0.082,-0.109,0.728,0,0,2085,0,3019,63,3033,2191,46,1.041,1,2218,0,231.477,7.059,-71.875,-219.125,20.000,-0.246,0.137,1.668,-2.641,-6.547,5.141,0.144,0.174,1.352,1.379,3,NULL,NULL,,3,1,2,7,255,1352,250,0,0
stim,168426,198547,1,198547,3395869.455,-0.670,0.087,-0.119,0.728,0,0,1981,0,3003,75,3008,2107,46,1.041,1,2218,0,248.146,7.394,-79.938,-234.000,20.750,-0.250,0.180,1.676,-2.641,-6.906,5.031,0.150,0.180,1.352,1.379,3,NULL,NULL,,3,1,2,7,255,1352,250,0,0
stim,168426,198547,1,198547,3395874.454,-0.668,0.092,-0.129,0.727,0,0,1877,0,2997,87,2991,2031,46,1.041,1,2218,0,261.942,7.763,-89.188,-245.875,14.313,-0.277,0.195,1.641,-2.648,-7.297,5.031,0.158,0.186,1.352,1.379,3,NULL,NULL,,3,1,2,7,255,1352,250,0,0
stim,168426,198547,1,198547,3395879.455,-0.666,0.098,-0.139,0.726,0,0,1797,0,2982,92,2968,1946,46,1.041,1,2218,0,277.332,8.266,-89.563,-262.125,13.500,-0.285,0.203,1.605,-2.844,-7.762,4.410,0.166,0.192,1.352,1.379,3,NULL,NULL,,3,1,2,7,255,1352,250,0,0
stim,168454,198575,1,198575,3395884.453,-0.664,0.104,-0.150,0.725,0,0,1715,0,2961,97,2927,1899,46,1.041,1,2218,0,289.999,8.595,-76.875,-279.375,11.813,-0.320,0.219,1.680,-2.957,-8.070,4.195,0.174,0.200,1.352,1.379,3,NULL,NULL,,3,1,2,7,255,1352,250,0,0
stim,168454,198575,1,198575,3395889.455,-0.662,0.112,-0.160,0.724,0,0,1621,0,2925,102,2893,1833,46,1.041,1,2218,0,301.663,9.568,-62.813,-295.000,5.500,-0.320,0.219,1.871,-3.203,-9.016,4.195,0.184,0.210,1.352,1.379,3,NULL,NULL,,3,1,2,7,255,1352,250,0,0
stim,168454,198575,1,198575,3395894.453,-0.660,0.120,-0.171,0.722,0,0,1526,0,2905,101,2845,1767,46,1.041,1,2218,0,319.167,10.632,-64.500,-312.563,3.438,-0.328,0.227,2.160,-3.387,-10.078,5.680,0.198,0.222,1.352,1.379,3,NULL,NULL,,3,1,2,7,255,1352,250,0,0
stim,168454,198575,1,198575,3395899.455,-0.657,0.128,-0.184,0.720,0,0,1434,0,2855,83,2771,1677,46,1.041,1,2218,0,340.532,12.313,-80.375,-330.875,4.875,-0.355,0.223,2.293,-3.754,-11.727,7.895,0.212,0.236,1.352,1.379,3,NULL,NULL,,3,1,2,7,255,1352,250,0,0
stim,168454,198575,1,198575,3395904.454,-0.654,0.136,-0.196,0.717,0,0,1359,0,2799,73,2687,1578,46,1.041,1,2218,0,352.986,13.602,-73.438,-345.250,-2.938,-0.355,0.172,2.496,-3.754,-13.074,8.605,0.232,0.256,1.352,1.379,3,NULL,NULL,,3,1,2,7,255,1352,250,0,0
stim,168454,198575,1,198575,3395909.455,-0.652,0.146,-0.208,0.715,0,0,1238,0,2733,61,2545,1469,46,1.041,1,2218,0,363.853,15.005,-56.188,-359.313,-11.250,-0.410,0.297,2.855,-3.891,-14.492,10.000,0.252,0.276,1.352,1.379,3,NULL,NULL,,3,1,2,7,255,1352,250,0,0
stim,168484,198605,1,198605,3395914.453,-0.649,0.155,-0.221,0.711,0,0,1096,0,2647,41,2427,1338,46,1.041,1,2218,0,381.679,18.134,-88.750,-370.500,-23.063,-0.398,0.535,3.020,-5.152,-17.387,12.164,0.276,0.300,1.352,1.379,3,NULL,NULL,,3,1,2,7,255,1352,250,0,0
stim,168484,198605,1,198605,3395919.455,-0.647,0.163,-0.236,0.706,0,0,928,0,2527,11,2277,1215,46,1.041,1,2218,0,405.337,19.889,-143.813,-377.313,-35.375,-0.352,0.555,2.844,-7.742,-18.320,12.164,0.302,0.326,1.352,1.379,3,NULL,NULL,,3,1,2,7,255,1352,250,0,0
stim,168484,198605,1,198605,3395924.454,-0.645,0.170,-0.252,0.701,0,0,777,0,2403,0,2063,1065,46,1.041,1,2218,0,423.580,19.889,-172.750,-385.688,-28.688,-0.258,0.293,2.438,-7.742,-18.320,10.707,0.332,0.354,1.352,1.379,3,NULL,NULL,,3,1,2,7,255,1352,250,0,0
stim,168484,198605,1,198605,3395929.455,-0.641,0.178,-0.269,0.697,0,0,599,0,2214,0,1727,933,46,1.041,1,2218,0,436.645,16.810,-165.438,-404.063,-4.750,-0.234,-0.160,2.039,-5.461,-15.898,7.684,0.364,0.386,1.352,1.379,3,NULL,NULL,,3,1,2,7,255,1352,250,0,0
stim,168522,198643,1,198643,3395934.454,-0.636,0.186,-0.285,0.692,0,0,428,0,1971,0,1401,808,46,1.041,1,2218,0,443.464,13.950,-145.000,-418.875,13.375,-0.098,-0.348,1.629,-0.824,-13.926,4.848,0.398,0.422,1.352,1.379,3,NULL,NULL,,3,1,2,7,255,1352,250,0,0
stim,168522,198643,1,198643,3395939.455,-0.631,0.196,-0.300,0.688,0,0,327,0,1707,0,902,669,46,1.041,1,2218,0,439.879,10.917,-93.313,-429.688,12.438,0.074,-0.320,1.262,1.191,-10.852,2.410,0.436,0.458,1.352,1.379,3,NULL,NULL,,3,1,2,7,255,1352,250,0,0
stim,168522,198643,1,198643,3395944.453,-0.624,0.209,-0.312,0.685,0,0,229,0,1386,0,383,533,46,1.041,1,2218,0,441.983,7.992,-4.375,-441.688,15.563,0.195,-0.160,1.371,1.191,-7.902,1.367,0.476,0.500,1.352,1.379,3,NULL,NULL,,3,1,2,7,255,1352,250,0,0
stim,168522,198643,1,198643,3395949.455,-0.616,0.223,-0.323,0.683,0,0,173,0,1049,0,101,438,46,1.041,1,2218,0,450.883,7.926,61.375,-445.125,37.313,0.074,0.109,1.965,-0.613,-7.902,1.367,0.518,0.542,1.352,1.379,3,NULL,NULL,,3,1,2,7,255,1352,250,0,0
stim,168522,198643,1,198643,3395954.453,-0.607,0.236,-0.334,0.682,0,0,109,0,591,0,0,347,46,1.041,1,2218,0,449.894,13.846,40.313,-441.375,77.250,-0.195,0.258,2.492,-3.637,-13.359,3.727,0.562,0.586,1.352,1.379,3,NULL,NULL,,3,1,2,7,255,1352,250,0,0
stim,168522,198643,1,198643,3395959.455,-0.596,0.246,-0.348,0.680,0,0,88,0,229,0,0,261,46,1.041,1,2218,0,464.148,19.932,-41.375,-445.063,125.063,-0.500,0.211,2.512,-4.035,-19.520,3.727,0.608,0.632,1.352,1.379,3,NULL,NULL,,3,1,2,7,255,1352,250,0,0
stim,168548,198669,1,198669,3395964.454,-0.585,0.253,-0.365,0.678,0,0,59,0,0,0,0,125,46,1.041,1,2218,0,493.940,21.476,-111.563,-451.313,166.875,-0.754,0.367,2.102,-4.570,-20.984,1.633,0.664,0.688,1.352,1.379,3,NULL,NULL,,3,1,2,7,255,1352,250,0,0
stim,168548,198669,1,198669,3395969.455,-0.575,0.259,-0.383,0.675,0,0,19,0,0,0,0,55,46,1.041,1,2218,0,498.375,21.476,-173.375,-438.125,162.375,-0.754,0.898,1.492,-4.570,-20.984,-3.930,0.732,0.754,1.352,1.379,4,NULL,NULL,,3,1,2,7,255,1352,250,0,0
stim,168548,198669,1,198669,3395974.454,-0.566,0.263,-0.401,0.670,0,0,11,0,0,0,0,0,46,1.041,1,2218,0,476.261,18.688,-199.938,-414.000,124.313,-0.586,1.375,1.047,-8.906,-16.430,-9.473,0.806,0.830,1.352,1.379,0,NULL,NULL,,3,1,2,7,255,1352,250,0,0
stim,168548,198669,0,198669,3395979.455,-0.559,0.268,-0.417,0.665,0,0,21,0,0,0,0,6,46,1.041,1,2218,0,442.385,17.805,-197.563,-386.750,84.250,-0.289,1.652,0.945,-13.211,-11.938,-11.906,0.888,0.910,1.352,1.379,0,NULL,NULL,,3,0,2,7,255,1356,250,0,0
stim,168548,198669,0,198669,3395984.453,-0.552,0.272,-0.433,0.659,0,0,45,0,0,0,0,39,46,1.041,1,2218,0,436.300,16.249,-214.688,-371.250,80.250,-0.164,1.016,0.965,-13.211,-9.461,-11.906,0.974,0.998,1.352,1.379,0,NULL,NULL,,3,0,2,7,255,1356,250,0,0
stim,168548,198669,0,198669,3395989.455,-0.546,0.274,-0.449,0.652,0,0,52,0,0,0,0,62,46,1.041,1,2218,0,410.147,13.953,-240.063,-326.188,64.750,0.098,0.176,1.035,-10.672,-8.988,-9.582,1.056,1.080,1.352,1.379,0,NULL,NULL,,3,0,2,7,255,1356,250,0,0
stim,168548,198669,0,198669,3395994.454,-0.542,0.275,-0.462,0.646,0,0,51,0,0,0,0,75,46,1.041,1,2218,0,350.057,9.281,-216.625,-270.125,51.438,0.047,-0.422,0.902,-3.617,-8.547,-5.055,1.130,1.154,1.352,1.379,0,NULL,NULL,,3,0,2,7,255,1356,250,0,0
stim,168548,198669,0,198669,3395999.455,-0.537,0.276,-0.473,0.641,0,0,55,0,0,0,0,103,46,1.041,1,2218,0,295.650,8.551,-168.875,-233.875,64.750,-0.145,-0.227,1.168,0.277,-8.547,-5.055,1.192,1.218,1.352,1.379,0,NULL,NULL,,3,0,2,7,255,1356,250,0,0
stim,168577,198698,0,198698,3396004.453,-0.534,0.276,-0.483,0.637,0,0,54,0,0,0,0,134,46,1.041,1,2218,0,264.777,11.109,-181.125,-187.375,46.813,-0.266,0.063,1.395,0.277,-11.105,-5.840,1.246,1.270,1.352,1.379,0,NULL,NULL,,3,0,2,7,255,1356,250,0,0
stim,168577,198698,0,198698,3396009.455,-0.533,0.273,-0.493,0.631,0,0,53,0,0,0,0,139,46,1.041,1,2218,0,273.378,11.408,-238.000,-130.250,33.563,-0.219,0.125,1.102,-2.609,-11.105,-7.215,1.298,1.324,1.352,1.379,0,NULL,NULL,,3,0,2,7,255,1356,250,0,0
stim,168577,198698,0,198698,3396014.453,-0.533,0.268,-0.503,0.625,0,0,55,0,0,0,0,133,46,1.041,1,2218,0,282.925,11.038,-269.813,-70.313,48.000,-0.176,0.277,0.422,-2.891,-10.652,-8.281,1.352,1.380,1.352,1.379,0,NULL,NULL,,3,0,2,7,255,1356,250,0,0
stim,168577,198698,0,198698,3396019.455,-0.534,0.261,-0.510,0.621,0,0,57,0,0,0,0,125,46,1.041,1,2218,0,242.804,5.243,-236.313,-9.938,54.875,-0.234,0.527,-0.191,-3.086,-4.238,-10.891,1.414,1.442,1.352,1.379,0,NULL,NULL,,3,0,2,7,255,1356,250,0,0
stim,168577,198698,0,198698,3396024.454,-0.536,0.256,-0.514,0.619,0,0,53,0,0,0,0,128,46,1.041,1,2218,0,172.600,3.960,-162.563,43.438,38.438,-0.258,0.613,-0.422,-3.715,1.371,-14.320,1.486,1.514,1.352,1.379,0,NULL,NULL,,3,0,2,7,255,1356,250,0,0
stim,168577,198698,0,198698,3396029.455,-0.539,0.251,-0.515,0.618,0,0,39,0,0,0,0,109,46,1.041,1,2218,0,129.471,4.480,-93.063,87.313,21.875,-0.184,0.379,-0.316,-3.715,2.504,-14.320,1.564,1.592,1.352,1.379,0,NULL,NULL,,3,0,2,7,255,1356,250,0,0
stim,168620,198741,0,198741,3396034.453,-0.541,0.245,-0.513,0.619,0,0,29,0,0,0,0,103,46,1.041,1,2218,0,139.199,3.269,-59.500,122.688,28.000,-0.125,0.109,-0.152,-2.102,2.504,-13.789,1.642,1.670,1.352,1.379,0,NULL,NULL,,3,0,2,7,255,1356,250,0,0
stim,168620,198741,0,198741,3396039.455,-0.544,0.239,-0.512,0.620,0,0,24,0,0,0,0,101,46,1.041,1,2218,0,162.718,0.963,-46.750,148.563,47.125,-0.141,-0.035,-0.172,-0.277,0.922,-11.793,1.716,1.744,1.352,1.379,0,NULL,NULL,,3,0,2,7,255,1356,250,0,0
stim,168620,198741,0,198741,3396044.453,-0.546,0.233,-0.509,0.623,0,0,24,0,0,0,0,91,46,1.041,1,2218,0,181.674,1.454,-26.438,165.813,69.375,-0.199,-0.035,-0.313,1.125,0.922,-11.793,1.782,1.808,1.352,1.379,0,NULL,NULL,,3,0,2,7,255,1356,250,0,0
stim,168620,198741,0,198741,3396049.455,-0.548,0.226,-0.505,0.627,0,0,19,0,0,0,0,84,46,1.041,1,2218,0,195.189,2.174,12.438,177.438,80.375,-0.262,0.063,-0.410,1.320,1.727,-12.438,1.838,1.864,1.352,1.379,0,NULL,NULL,,3,0,2,7,255,1356,250,0,0
stim,168620,198741,0,198741,3396054.454,-0.550,0.221,-0.500,0.632,0,0,18,0,0,0,0,87,46,1.041,1,2218,0,212.620,2.227,56.688,186.063,85.875,-0.285,0.168,-0.348,1.320,1.793,-13.695,1.888,1.912,1.352,1.379,0,NULL,NULL,,3,0,2,7,255,1356,250,0,0
stim,168620,198741,0,198741,3396059.455,-0.551,0.216,-0.493,0.638,0,0,12,0,0,0,0,67,46,1.041,1,2218,0,232.162,1.813,90.938,193.813,89.813,-0.309,0.223,-0.180,0.266,1.793,-13.906,1.930,1.956,1.352,1.379,0,NULL,NULL,,3,0,2,7,255,1356,250,0,0
stim,168645,198766,0,198766,3396064.453,-0.551,0.211,-0.486,0.644,0,0,9,0,0,0,0,71,46,1.041,1,2218,0,247.722,0.688,109.250,199.750,97.625,-0.324,0.199,-0.023,-0.648,0.230,-13.906,1.974,1.998,1.352,1.379,0,NULL,NULL,,3,0,2,7,255,1356,250,0,0
stim,168645,198766,0,198766,3396069.455,-0.552,0.206,-0.479,0.651,0,0,7,0,0,0,0,61,46,1.041,1,2218,0,259.919,1.496,119.938,204.688,106.188,-0.391,0.230,0.070,-0.840,-1.238,-13.504,2.020,2.046,1.352,1.379,0,NULL,NULL,,3,0,2,7,255,1356,250,0,0
stim,168645,198766,0,198766,3396074.454,-0.552,0.201,-0.471,0.658,0,0,3,0,0,0,0,61,46,1.041,1,2218,0,268.068,2.682,130.375,209.625,104.500,-0.516,0.262,0.156,-1.168,-2.414,-13.504,2.068,2.094,1.352,1.379,0,NULL,NULL,,3,0,2,7,255,1356,250,0,0
stim,168645,198766,0,198766,3396079.455,-0.553,0.196,-0.462,0.665,0,0,0,0,0,0,0,59,46,1.041,1,2218,0,270.354,4.021,139.875,213.188,89.875,-0.582,0.211,0.285,-1.168,-3.848,-13.727,2.112,2.138,1.352,1.379,0,NULL,NULL,,3,0,2,7,255,1356,250,0,0
stim,168645,198766,0,198766,3396084.454,-0.554,0.192,-0.454,0.671,0,0,0,0,0,0,0,57,46,1.041,1,2218,0,269.067,5.558,140.938,216.125,76.313,-0.535,0.199,0.422,-1.289,-5.406,-13.727,2.152,2.180,1.352,1.379,0,NULL,NULL,,3,0,2,7,255,1356,250,0,0
stim,168645,198766,0,198766,3396089.455,-0.556,0.187,-0.445,0.677,0,0,0,0,0,0,0,56,46,1.041,1,2218,0,269.549,6.483,135.500,222.313,69.813,-0.527,0.199,0.520,-1.371,-6.336,-12.520,2.190,2.216,1.352,1.379,0,NULL,NULL,,3,0,2,7,255,1356,250,0,0
stim,168664,198785,0,198785,3396094.453,-0.558,0.182,-0.436,0.683,0,0,0,0,0,0,0,55,46,1.041,1,2218,0,268.989,7.263,126.875,230.375,56.438,-0.578,0.141,0.586,-1.371,-7.133,-11.820,2.226,2.254,1.352,1.379,0,NULL,NULL,,3,0,2,7,255,1356,250,0,0
stim,168664,198785,0,198785,3396099.455,-0.560,0.178,-0.426,0.688,0,0,0,0,0,0,0,57,46,1.041,1,2218,0,270.701,8.185,122.313,238.125,40.188,-0.590,0.172,0.672,-1.578,-8.031,-11.434,2.262,2.288,1.352,1.379,0,NULL,NULL,,3,0,2,7,255,1356,250,0,0
stim,168664,198785,0,198785,3396104.454,-0.563,0.173,-0.417,0.692,0,0,0,0,0,0,0,57,46,1.041,1,2218,0,275.713,8.926,116.938,248.438,24.938,-0.613,0.152,0.805,-1.578,-8.785,-10.965,2.296,2.322,1.352,1.379,0,NULL,NULL,,3,0,2,7,255,1356,250,0,0
stim,168664,198785,0,198785,3396109.455,-0.568,0.167,-0.407,0.696,0,0,0,0,0,0,0,59,46,1.041,1,2218,0,277.491,10.089,97.438,259.813,2.188,-0.609,0.121,0.883,-1.625,-9.957,-10.098,2.324,2.352,1.352,1.379,0,NULL,NULL,,3,0,2,7,255,1356,250,0,0
stim,168664,198785,0,198785,3396114.454,-0.572,0.162,-0.398,0.698,0,0,0,0,0,0,0,59,46,1.041,1,2218,0,284.316,10.651,81.625,271.813,-17.063,-0.559,0.137,0.945,-1.645,-10.523,-9.250,2.350,2.376,1.352,1.379,0,NULL,NULL,,3,0,2,7,255,1356,250,0,0
stim,168664,198785,0,198785,3396119.455,-0.578,0.155,-0.389,0.700,0,0,0,0,0,0,0,59,46,1.041,1,2218,0,292.585,10.734,60.938,284.625,-29.688,-0.480,0.117,0.891,-2.113,-10.523,-8.332,2.370,2.396,1.352,1.379,0,NULL,NULL,,3,0,2,7,255,1356,250,0,0
stim,168699,198820,0,198820,3396124.454,-0.584,0.148,-0.379,0.702,0,0,0,0,0,0,0,67,46,1.041,1,2218,0,304.551,9.866,51.688,297.250,-41.500,-0.465,0.113,0.848,-2.113,-9.637,-7.813,2.384,2.412,1.352,1.379,0,NULL,NULL,,3,0,2,7,255,1356,250,0,0
stim,168699,198820,0,198820,3396129.455,-0.591,0.141,-0.370,0.703,0,0,0,0,0,0,0,77,46,1.041,1,2218,0,315.466,9.391,46.375,307.375,-53.750,-0.402,0.102,0.762,-2.086,-9.156,-7.742,2.398,2.424,1.352,1.379,0,NULL,NULL,,3,0,2,7,255,1356,250,0,0
stim,168725,198846,0,198846,3396134.454,-0.598,0.134,-0.360,0.704,0,0,0,0,0,0,0,91,46,1.041,1,2218,0,328.346,8.336,48.750,318.438,-63.500,-0.340,0.105,0.727,-2.086,-8.070,-7.629,2.410,2.438,1.352,1.379,0,NULL,NULL,,3,0,2,7,255,1356,250,0,0
stim,168725,198846,0,198846,3396139.455,-0.605,0.127,-0.349,0.704,0,0,0,0,0,0,0,105,46,1.041,1,2218,0,338.552,7.555,56.563,326.250,-70.563,-0.250,0.016,0.691,-1.973,-7.293,-7.313,2.422,2.450,1.352,1.379,0,NULL,NULL,,3,0,2,7,255,1356,250,0,0
stim,168725,198846,0,198846,3396144.453,-0.612,0.119,-0.338,0.705,0,0,0,0,0,0,0,117,46,1.041,1,2218,0,350.000,6.492,64.625,336.188,-72.813,-0.199,0.023,0.645,-1.594,-6.293,-6.488,2.436,2.462,1.352,1.379,0,NULL,NULL,,3,0,2,7,255,1356,250,0,0
stim,168725,198846,0,198846,3396149.455,-0.619,0.112,-0.325,0.706,0,0,0,0,0,0,0,133,46,1.041,1,2218,0,360.288,5.712,83.063,343.188,-71.625,-0.145,0.000,0.605,-1.500,-5.512,-6.395,2.452,2.478,1.352,1.379,0,NULL,NULL,,3,0,2,7,255,1356,250,0,0
stim,168725,198846,0,198846,3396154.453,-0.626,0.105,-0.312,0.706,0,0,0,0,0,0,0,141,46,1.041,1,2218,0,376.093,4.957,104.375,352.938,-77.375,-0.148,-0.004,0.621,-1.418,-4.750,-6.129,2.470,2.498,1.352,1.379,0,NULL,NULL,,3,0,2,7,255,1356,250,0,0
stim,168725,198846,0,198846,3396159.455,-0.633,0.099,-0.298,0.707,0,0,0,0,0,0,0,143,46,1.041,1,2218,0,389.143,4.953,127.125,360.438,-73.188,-0.055,-0.012,0.680,-1.418,-4.746,-5.879,2.492,2.520,1.352,1.379,0,NULL,NULL,,3,0,2,7,255,1356,250,0,0
stim,168725,198846,0,198846,3396164.454,-0.640,0.093,-0.283,0.708,0,0,0,0,0,0,0,147,46,1.041,1,2218,0,404.519,4.369,146.438,369.125,-77.063,0.016,-0.105,0.738,-1.418,-4.133,-4.766,2.520,2.548,1.352,1.379,0,NULL,NULL,,3,0,2,7,255,1356,250,0,0
stim,168725,198846,0,198846,3396169.455,-0.646,0.087,-0.267,0.710,0,0,0,0,0,0,0,151,46,1.041,1,2218,0,413.449,3.955,165.938,373.875,-60.188,0.109,-0.063,0.730,-1.469,-3.672,-3.531,2.554,2.582,1.352,1.379,0,NULL,NULL,,3,0,2,7,255,1356,250,0,0
stim,168725,198846,0,198846,3396174.454,-0.652,0.082,-0.250,0.711,0,0,0,0,0,0,0,152,46,1.041,1,2218,0,428.552,3.559,197.813,375.813,-57.375,0.047,0.035,0.793,-1.469,-3.242,-3.164,2.590,2.618,1.352,1.379,0,NULL,NULL,,3,0,2,7,255,1356,250,0,0
stim,168725,198846,0,198846,3396179.455,-0.657,0.077,-0.232,0.713,0,0,0,0,0,0,0,152,46,1.041,1,2218,0,441.589,4.005,226.875,375.438,-50.750,0.031,0.156,1.000,-2.352,-3.242,-3.055,2.630,2.658,1.352,1.379,0,NULL,NULL,,3,0,2,7,255,1356,250,0,0
stim,168754,198875,0,198875,3396184.453,-0.662,0.073,-0.214,0.715,0,0,0,0,0,0,0,154,46,1.041,1,2218,0,444.451,5.153,235.750,373.125,-52.313,0.051,0.059,1.203,-3.180,-4.055,-1.535,2.674,2.702,1.352,1.379,0,NULL,NULL,,3,0,2,7,255,1356,250,0,0
stim,168754,198875,0,198875,3396189.455,-0.666,0.069,-0.196,0.717,0,0,0,0,0,0,0,152,46,1.041,1,2218,0,438.832,5.408,232.438,370.375,-37.000,0.066,-0.027,1.359,-3.180,-4.375,0.762,2.716,2.744,1.352,1.379,0,NULL,NULL,,3,0,2,7,255,1356,250,0,0
stim,168754,198875,0,198875,3396194.454,-0.669,0.064,-0.178,0.719,0,0,0,0,0,0,0,148,46,1.041,1,2218,0,430.686,5.016,227.188,365.188,-22.688,0.063,-0.031,1.445,-2.453,-4.375,2.563,2.758,2.786,1.352,1.379,0,NULL,NULL,,3,0,2,7,255,1356,250,0,0
stim,168754,198875,0,198875,3396199.455,-0.672,0.059,-0.161,0.721,0,0,0,0,0,0,0,154,46,1.041,1,2218,0,424.986,5.060,221.313,362.625,-11.688,-0.027,0.051,1.520,-2.453,-4.426,3.527,2.798,2.828,1.352,1.379,0,NULL,NULL,,3,0,2,7,255,1356,250,0,0
stim,168754,198875,0,198875,3396204.453,-0.675,0.055,-0.143,0.722,0,0,0,0,0,0,0,151,46,1.041,1,2218,0,422.969,5.789,222.313,359.125,-22.563,-0.164,0.148,1.629,-2.965,-4.973,3.980,2.834,2.864,1.352,1.379,0,NULL,NULL,,3,0,2,7,255,1356,250,0,0
stim,168754,198875,0,198875,3396209.455,-0.678,0.051,-0.125,0.723,0,0,0,0,0,0,0,148,46,1.041,1,2218,0,421.267,7.092,222.688,355.438,-39.250,-0.195,0.137,1.828,-3.555,-6.137,4.660,2.868,2.896,1.352,1.379,0,NULL,NULL,,3,0,2,7,255,1356,250,0,0
stim,168783,198904,0,198904,3396214.453,-0.681,0.046,-0.109,0.722,0,0,0,0,0,0,0,147,46,1.041,1,2218,0,410.589,7.092,201.813,353.313,-55.000,-0.117,0.129,1.969,-3.555,-6.137,6.727,2.898,2.926,1.352,1.379,0,NULL,NULL,,3,0,2,7,255,1356,250,0,0
stim,168783,198904,0,198904,3396219.455,-0.685,0.041,-0.092,0.722,0,0,0,0,0,0,0,149,46,1.041,1,2218,0,395.469,6.461,178.875,348.438,-54.688,-0.105,0.074,2.086,-3.453,-5.461,8.496,2.926,2.956,1.352,1.379,0,NULL,NULL,,3,0,2,7,255,1356,250,0,0
stim,168783,198904,0,198904,3396224.454,-0.688,0.035,-0.077,0.721,0,0,0,0,0,0,0,157,46,1.041,1,2218,0,381.740,5.902,149.188,345.688,-63.000,-0.133,0.141,2.109,-3.203,-4.957,9.891,2.952,2.982,1.352,1.379,0,NULL,NULL,,3,0,2,7,255,1356,250,0,0
stim,168783,198904,0,198904,3396229.455,-0.692,0.028,-0.063,0.719,0,0,0,0,0,0,0,169,46,1.041,1,2218,0,369.916,5.437,120.875,340.625,-78.750,-0.043,0.078,2.020,-2.762,-4.684,9.891,2.978,3.006,1.352,1.379,0,NULL,NULL,,3,0,2,7,255,1356,250,0,0
stim,168823,198944,0,198944,3396234.453,-0.695,0.021,-0.049,0.717,0,0,0,0,0,0,0,167,46,1.041,1,2218,0,356.491,3.880,103.875,333.813,-69.750,0.059,-0.016,1.887,-2.383,-3.063,9.648,3.000,3.030,1.352,1.379,0,NULL,NULL,,3,0,2,7,255,1356,250,0,0
stim,168823,198944,0,198944,3396239.455,-0.698,0.014,-0.036,0.715,0,0,0,0,0,0,0,172,46,1.041,1,2218,0,349.295,2.063,101.688,326.938,-69.125,0.031,0.039,1.813,-1.563,-1.348,8.598,3.024,3.054,1.352,1.379,0,NULL,NULL,,3,0,2,7,255,1356,250,0,0
stim,168823,198944,0,198944,3396244.453,-0.701,0.007,-0.023,0.713,0,0,0,0,0,0,0,171,46,1.041,1,2218,0,344.854,1.635,101.000,320.750,-76.438,0.047,0.016,1.773,-1.266,-1.035,7.887,3.048,3.078,1.352,1.379,0,NULL,NULL,,3,0,2,7,255,1356,250,0,0
stim,168823,198944,0,198944,3396249.455,-0.704,0.001,-0.010,0.710,0,0,0,0,0,0,0,197,46,1.041,1,2218,0,338.299,1.227,102.000,314.938,-69.688,0.117,-0.031,1.734,-1.180,-0.336,7.543,3.074,3.102,1.352,1.379,0,NULL,NULL,,3,0,2,7,255,1356,250,0,0
stim,168823,198944,0,198944,3396254.454,-0.706,-0.005,0.002,0.708,0,0,0,0,0,0,0,188,46,1.041,1,2218,0,336.181,1.018,107.875,311.750,-64.750,0.137,-0.012,1.723,-0.570,0.844,7.219,3.100,3.128,1.352,1.379,0,NULL,NULL,,3,0,2,7,255,1356,250,0,0
stim,168823,198944,0,198944,3396259.455,-0.708,-0.011,0.016,0.706,0,0,0,0,0,0,0,201,46,1.041,1,2218,0,337.670,1.572,121.000,308.938,-62.750,0.133,0.012,1.789,-0.570,1.465,7.219,3.128,3.156,1.352,1.379,0,NULL,NULL,,3,0,2,7,255,1356,250,0,0
stim,168846,198967,0,198967,3396264.453,-0.710,-0.017,0.029,0.703,0,0,0,0,0,0,0,203,46,1.041,1,2218,0,339.024,2.030,128.188,308.625,-57.063,0.160,0.055,1.863,-0.617,1.934,7.645,3.154,3.182,1.352,1.379,0,NULL,NULL,,3,0,2,7,255,1356,250,0,0
stim,168846,198967,0,198967,3396269.455,-0.712,-0.022,0.042,0.701,0,0,0,0,0,0,0,211,46,1.041,1,2218,0,341.466,2.827,131.000,311.000,-52.125,0.207,0.094,1.902,-0.852,2.695,8.320,3.184,3.212,1.352,1.379,0,NULL,NULL,,3,0,2,7,255,1356,250,0,0
stim,168846,198967,0,198967,3396274.454,-0.713,-0.027,0.056,0.699,0,0,0,0,0,0,0,221,46,1.041,1,2218,0,344.907,3.793,138.750,312.625,-44.438,0.254,0.109,1.938,-0.887,3.688,8.586,3.212,3.240,1.352,1.379,0,NULL,NULL,,3,0,2,7,255,1356,250,0,0
stim,168846,198967,0,198967,3396279.455,-0.713,-0.032,0.070,0.696,0,0,0,0,0,0,0,239,46,1.041,1,2218,0,348.204,4.764,146.313,314.000,-35.250,0.285,0.148,1.996,-0.988,4.660,8.781,3.240,3.268,1.352,1.379,0,NULL,NULL,,3,0,2,7,255,1356,250,0,0
stim,168846,198967,0,198967,3396284.454,-0.714,-0.037,0.084,0.694,0,0,0,0,0,0,0,263,46,1.041,1,2218,0,350.359,5.667,148.688,315.875,-29.438,0.355,0.207,2.027,-1.020,5.574,9.152,3.268,3.294,1.352,1.379,0,NULL,NULL,,3,0,2,7,255,1356,250,0,0
stim,168846,198967,0,198967,3396289.455,-0.714,-0.042,0.099,0.692,0,0,0,0,0,0,0,267,46,1.041,1,2218,0,352.141,6.957,153.188,316.375,-21.063,0.488,0.238,2.023,-1.273,6.840,9.152,3.292,3.320,1.352,1.379,0,NULL,NULL,,3,0,2,7,255,1356,250,0,0
stim,168846,198967,0,198967,3396294.453,-0.713,-0.046,0.113,0.690,0,0,0,0,0,0,0,282,46,1.041,1,2218,0,354.279,8.749,162.438,314.813,-4.563,0.602,0.250,2.047,-1.273,8.656,8.762,3.314,3.342,1.352,1.379,0,NULL,NULL,,3,0,2,7,255,1356,250,0,0
stim,168846,198967,0,198967,3396299.455,-0.712,-0.051,0.128,0.689,0,0,0,0,0,0,0,295,46,1.041,1,2218,0,356.194,10.339,170.875,312.250,13.250,0.641,0.270,2.117,-1.055,10.285,8.762,3.336,3.362,1.352,1.379,0,NULL,NULL,,3,0,2,7,255,1356,250,0,0
stim,168883,199004,0,199004,3396304.453,-0.710,-0.054,0.143,0.688,0,0,0,0,0,0,0,311,46,1.041,1,2218,0,355.264,11.377,172.500,309.500,25.813,0.648,0.324,2.211,-1.055,11.328,8.832,3.354,3.380,1.352,1.379,0,NULL,NULL,,3,0,2,7,255,1356,250,0,0
stim,168883,199004,0,199004,3396309.455,-0.707,-0.058,0.158,0.687,0,0,0,0,0,0,0,335,46,1.041,1,2218,0,350.382,12.194,167.063,305.938,35.500,0.672,0.398,2.277,-1.055,12.148,9.434,3.368,3.394,1.352,1.379,0,NULL,NULL,,3,0,2,7,255,1356,250,0,0
stim,168883,199004,0,199004,3396314.454,-0.704,-0.062,0.172,0.686,0,0,0,0,0,0,0,358,46,1.041,1,2218,0,344.453,13.179,160.000,301.375,47.125,0.691,0.445,2.316,-1.430,13.102,9.723,3.380,3.408,1.352,1.379,0,NULL,NULL,,3,0,2,7,255,1356,250,0,0
stim,168883,199004,0,199004,3396319.455,-0.701,-0.066,0.186,0.685,0,0,0,0,0,0,0,367,46,1.041,1,2218,0,335.914,14.002,147.750,295.875,58.875,0.703,0.465,2.340,-1.457,13.926,9.723,3.390,3.418,1.352,1.379,0,NULL,NULL,,3,0,2,7,255,1356,250,0,0
stim,168883,199004,0,199004,3396324.454,-0.697,-0.070,0.199,0.685,0,0,0,0,0,0,0,403,46,1.041,1,2218,0,327.980,14.666,133.875,292.063,65.938,0.746,0.406,2.309,-1.457,14.594,9.629,3.400,3.426,1.352,1.379,0,NULL,NULL,,3,0,2,7,255,1356,250,0,0
stim,168883,199004,0,199004,3396329.455,-0.693,-0.075,0.211,0.685,0,0,0,0,0,0,0,427,46,1.041,1,2218,0,320.464,15.342,120.875,287.063,75.375,0.781,0.367,2.230,-0.742,15.324,8.734,3.404,3.430,1.352,1.379,0,NULL,NULL,,3,0,2,7,255,1356,250,0,0
stim,168928,199049,0,199049,3396334.454,-0.689,-0.079,0.223,0.685,0,0,0,0,0,0,0,456,46,1.041,1,2218,0,313.865,15.762,109.375,281.625,85.063,0.816,0.324,2.094,-0.352,15.758,7.508,3.404,3.430,1.352,1.379,0,NULL,NULL,,3,0,2,7,255,1356,250,0,0
stim,168928,199049,0,199049,3396339.455,-0.684,-0.083,0.235,0.686,0,0,0,0,0,0,0,471,46,1.041,1,2218,0,309.869,15.758,106.438,274.813,95.750,0.840,0.223,1.918,-0.078,15.758,5.723,3.402,3.428,1.352,1.379,0,NULL,NULL,,3,0,2,7,255,1356,250,0,0
stim,168928,199049,0,199049,3396344.454,-0.678,-0.087,0.247,0.687,0,0,0,0,0,0,0,472,46,1.041,1,2218,0,308.430,15.654,113.125,266.188,107.125,0.836,0.129,1.777,0.645,15.641,3.555,3.396,3.422,1.352,1.379,0,NULL,NULL,,3,0,2,7,255,1356,250,0,0
stim,168928,199049,0,199049,3396349.455,-0.673,-0.090,0.259,0.688,0,0,0,0,0,0,0,529,46,1.041,1,2218,0,306.612,15.316,121.875,256.125,116.438,0.801,0.031,1.668,1.375,15.254,1.832,3.382,3.408,1.352,1.379,0,NULL,NULL,,3,0,2,7,255,1356,250,0,0
stim,168928,199049,0,199049,3396354.453,-0.667,-0.092,0.270,0.688,0,0,0,0,0,0,0,551,46,1.041,1,2218,0,302.829,14.829,129.750,243.500,124.813,0.742,-0.102,1.551,2.152,14.672,0.535,3.364,3.388,1.352,1.379,0,NULL,NULL,,3,0,2,7,255,1356,250,0,0
stim,168928,199049,0,199049,3396359.455,-0.661,-0.094,0.282,0.689,0,0,0,0,0,0,0,557,46,1.041,1,2218,0,299.018,14.190,140.875,228.563,131.625,0.648,-0.266,1.430,3.270,13.809,-0.754,3.340,3.364,1.352,1.379,0,NULL,NULL,,3,0,2,7,255,1356,250,0,0
stim,168928,199049,0,199049,3396364.454,-0.655,-0.094,0.293,0.690,0,0,0,0,0,0,0,585,46,1.041,1,2218,0,297.320,13.406,158.063,212.063,135.813,0.563,-0.430,1.324,4.723,12.547,-1.984,3.308,3.332,1.352,1.379,0,NULL,NULL,,3,0,2,7,255,1356,250,0,0
stim,168928,199049,0,199049,3396369.455,-0.649,-0.093,0.305,0.691,0,0,0,0,0,0,0,605,46,1.041,1,2218,0,299.578,13.022,181.563,196.188,135.250,0.430,-0.559,1.367,6.203,11.449,-2.754,3.268,3.292,1.352,1.379,0,NULL,NULL,,3,0,2,7,255,1356,250,0,0
stim,168928,199049,0,199049,3396374.454,-0.644,-0.092,0.317,0.690,0,0,0,0,1,0,0,631,46,1.041,1,2218,0,295.627,13.350,199.063,183.000,119.500,0.340,-0.598,1.504,7.766,10.859,-2.754,3.222,3.246,1.352,1.379,0,NULL,NULL,,3,0,2,7,255,1356,250,0,0
stim,168928,199049,0,199049,3396379.455,-0.639,-0.090,0.328,0.689,0,0,0,0,8,0,0,650,46,1.041,1,2218,0,284.813,13.919,205.438,171.875,96.813,0.289,-0.559,1.711,8.707,10.859,-1.648,3.170,3.194,1.352,1.379,0,NULL,NULL,,3,0,2,7,255,1356,250,0,0
stim,168950,199071,0,199071,3396384.453,-0.636,-0.089,0.339,0.688,0,0,0,0,37,0,0,666,46,1.041,1,2218,0,266.382,14.848,196.375,163.563,75.125,0.410,-0.520,1.887,9.098,11.734,-0.004,3.112,3.136,1.352,1.379,0,NULL,NULL,,3,0,2,7,255,1356,250,0,0
stim,168950,199071,0,199071,3396389.455,-0.632,-0.088,0.349,0.686,0,0,0,0,53,0,0,681,46,1.041,1,2218,0,241.831,16.627,172.688,157.188,62.875,0.477,-0.492,2.008,9.203,13.848,0.441,3.048,3.072,1.352,1.379,0,NULL,NULL,,3,0,2,7,255,1356,250,0,0
stim,168950,199071,0,199071,3396394.454,-0.629,-0.088,0.357,0.684,0,0,0,0,99,0,0,712,46,1.041,1,2218,0,212.602,17.512,143.938,151.688,38.375,0.457,-0.457,1.953,9.203,14.898,0.441,2.980,3.002,1.352,1.379,0,NULL,NULL,,3,0,2,7,255,1356,250,0,0
stim,168950,199071,0,199071,3396399.455,-0.628,-0.089,0.365,0.682,0,0,0,0,136,0,0,725,46,1.041,1,2218,0,189.960,17.686,124.688,143.188,5.938,0.758,-0.461,1.871,8.977,15.238,0.199,2.906,2.928,1.352,1.379,0,NULL,NULL,,3,0,2,7,255,1356,250,0,0
stim,168972,199093,0,199093,3396404.453,-0.626,-0.089,0.372,0.680,0,0,0,0,147,0,0,763,46,1.041,1,2218,0,166.539,18.827,102.438,130.688,12.750,1.031,-0.535,1.832,8.387,16.855,-2.387,2.830,2.850,1.352,1.379,0,NULL,NULL,,3,0,2,7,255,1356,250,0,0
stim,168972,199093,0,199093,3396409.455,-0.624,-0.091,0.377,0.678,0,0,2,0,163,0,0,793,46,1.041,1,2218,0,142.018,19.844,79.875,117.375,3.500,1.020,-0.590,1.711,8.387,17.984,-4.770,2.748,2.768,1.352,1.379,0,NULL,NULL,,3,0,2,7,255,1356,250,0,0
stim,168972,199093,0,199093,3396414.454,-0.623,-0.092,0.382,0.676,0,0,0,0,183,0,0,798,46,1.041,1,2218,0,121.178,20.593,65.000,101.375,-13.500,1.281,-0.660,1.617,8.402,18.801,-5.992,2.664,2.684,1.352,1.379,0,NULL,NULL,,3,0,2,7,255,1356,250,0,0
stim,168972,199093,0,199093,3396419.455,-0.623,-0.093,0.386,0.674,0,0,1,0,199,0,0,818,46,1.041,1,2218,0,103.975,20.045,63.313,80.625,-17.375,1.270,-0.617,1.441,8.402,18.199,-8.699,2.578,2.598,1.352,1.379,0,NULL,NULL,,3,0,2,7,255,1356,250,0,0
stim,168994,199115,0,199115,3396424.454,-0.623,-0.094,0.389,0.672,0,0,1,0,205,0,0,829,46,1.041,1,2218,0,96.354,20.991,69.438,59.750,-29.875,1.465,-0.676,1.543,8.059,19.383,-9.816,2.492,2.510,1.352,1.379,0,NULL,NULL,,3,0,2,7,255,1356,250,0,0
stim,168994,199115,0,199115,3396429.455,-0.623,-0.094,0.392,0.670,0,0,2,0,205,0,0,845,46,1.041,1,2218,0,72.998,21.791,57.500,39.188,-22.063,1.469,-0.699,1.637,8.059,20.246,-10.293,2.400,2.418,1.352,1.379,0,NULL,NULL,,3,0,2,7,255,1356,250,0,0
stim,169031,199152,0,199152,3396434.453,-0.624,-0.093,0.394,0.669,0,0,1,0,187,0,0,842,46,1.041,1,2218,0,55.005,21.839,47.750,21.063,-17.375,1.332,-0.637,1.578,8.188,20.246,-10.293,2.306,2.324,1.352,1.379,0,NULL,NULL,,3,0,2,7,255,1356,250,0,0
stim,169031,199152,0,199152,3396439.455,-0.624,-0.093,0.395,0.667,0,0,1,0,181,0,0,850,46,1.041,1,2218,0,46.452,21.164,36.250,3.688,-28.813,1.137,-0.563,1.691,8.363,19.441,-9.711,2.208,2.226,1.352,1.379,0,NULL,NULL,,3,0,2,7,255,1356,250,0,0
stim,169031,199152,0,199152,3396444.453,-0.626,-0.093,0.395,0.666,0,0,3,0,163,0,0,849,46,1.041,1,2218,0,49.110,20.506,20.938,-11.625,-42.875,1.039,-0.578,1.699,8.363,18.723,-7.508,2.106,2.124,1.352,1.379,0,NULL,NULL,,3,0,2,7,255,1356,250,0,0
stim,169031,199152,0,199152,3396449.455,-0.628,-0.093,0.394,0.665,0,0,4,0,147,0,0,852,46,1.041,1,2218,0,56.703,19.873,-2.875,-25.750,-50.438,0.879,-0.473,1.664,8.363,18.027,-6.938,1.994,2.012,1.352,1.379,0,NULL,NULL,,3,0,2,7,255,1356,250,0,0
stim,169031,199152,0,199152,3396454.454,-0.630,-0.093,0.392,0.664,0,0,2,0,141,0,0,851,46,1.041,1,2218,0,79.847,18.494,-21.000,-37.125,-67.500,0.746,-0.367,1.543,8.070,16.641,-5.758,1.878,1.896,1.352,1.379,0,NULL,NULL,,3,0,2,7,255,1356,250,0,0
stim,169031,199152,0,199152,3396459.455,-0.633,-0.094,0.389,0.662,0,0,6,0,129,0,0,857,46,1.041,1,2218,0,98.506,16.508,-30.500,-44.813,-82.250,0.770,-0.418,1.402,7.020,14.941,-5.758,1.756,1.774,1.352,1.379,0,NULL,NULL,,3,0,2,7,255,1356,250,0,0
stim,169031,199152,0,199152,3396464.453,-0.636,-0.095,0.386,0.661,0,0,2,0,122,0,0,855,46,1.041,1,2218,0,101.462,15.777,-41.938,-53.250,-75.500,0.820,-0.453,1.332,7.020,14.129,-6.523,1.630,1.646,1.352,1.379,0,NULL,NULL,,3,0,2,7,255,1356,250,0,0
stim,169031,199152,0,199152,3396469.455,-0.639,-0.096,0.383,0.660,0,0,3,0,105,0,0,861,46,1.041,1,2218,0,105.359,15.659,-50.250,-58.313,-71.938,0.664,-0.359,1.141,7.016,14.000,-7.266,1.498,1.514,1.352,1.379,0,NULL,NULL,,3,0,2,7,255,1356,250,0,0
stim,169031,199152,0,199152,3396474.454,-0.643,-0.097,0.380,0.659,0,0,5,0,112,0,0,855,46,1.041,1,2218,0,117.161,13.072,-44.750,-62.563,-88.375,0.590,-0.320,1.059,5.832,11.699,-7.266,1.362,1.378,1.352,1.379,0,NULL,NULL,,3,0,2,7,255,1356,250,0,0
stim,169031,199152,0,199152,3396479.455,-0.646,-0.097,0.376,0.657,0,0,7,0,104,0,0,856,46,1.041,1,2218,0,124.835,12.389,-31.813,-69.250,-98.875,0.680,-0.363,1.031,5.602,11.051,-7.266,1.224,1.238,1.352,1.379,0,NULL,NULL,,3,0,2,7,255,1356,250,0,0
stim,169054,199175,0,199175,3396484.454,-0.650,-0.097,0.373,0.655,0,0,6,0,105,0,0,851,46,1.041,1,2218,0,127.366,12.314,-19.750,-75.125,-100.938,0.664,-0.320,1.070,5.434,11.051,-7.391,1.082,1.094,1.352,1.379,0,NULL,NULL,,3,0,2,7,255,1356,250,0,0
stim,169054,199175,0,199175,3396489.455,-0.655,-0.097,0.370,0.652,27,0,7,300,84,37,0,853,46,1.041,1,2218,0,132.748,12.465,-12.750,-81.188,-104.250,0.656,-0.273,1.199,5.488,11.191,-7.391,0.944,0.954,1.352,1.379,0,NULL,NULL,,3,0,2,7,255,1356,250,0,0
stim,169054,199175,0,199175,3396494.453,-0.656,-0.087,0.371,0.652,808,0,0,1179,21,98,0,859,46,1.041,1,2218,0,226.516,12.465,165.500,-146.375,49.938,-0.617,-1.180,2.691,5.488,11.191,-6.203,0.810,0.816,1.352,1.379,0,NULL,NULL,,3,0,2,7,255,1356,250,0,0
stim,169054,199175,0,199175,3396499.455,-0.647,-0.065,0.371,0.663,1459,0,0,1735,0,329,0,887,46,1.041,1,2218,0,594.823,13.075,215.750,-267.500,485.500,-1.230,1.785,5.238,5.488,11.867,8.828,0.682,0.684,1.352,1.379,0,NULL,NULL,,3,0,2,7,255,1356,250,0,0
stim,169054,199175,0,199175,3396504.454,-0.637,-0.071,0.354,0.681,1997,0,0,2023,0,541,0,975,46,1.041,1,2218,0,632.089,10.671,-515.563,-138.688,338.375,-1.676,3.313,2.586,4.441,9.703,30.203,0.560,0.558,1.352,1.379,0,NULL,NULL,,3,0,2,7,255,1356,250,0,0
stim,169054,199175,0,199175,3396509.455,-0.633,-0.078,0.333,0.695,2275,0,0,2183,0,711,0,1039,46,1.041,1,2219,0,597.439,19.250,-549.313,-173.625,158.250,-2.055,2.504,-0.141,-19.090,2.480,30.203,0.450,0.438,1.352,1.379,1,1286.000,-70.000,,3,0,2,7,255,1356,250,0,0
stim,169085,199206,0,199206,3396514.454,-0.632,-0.084,0.319,0.701,2469,0,0,2298,0,885,0,1084,46,1.041,1,2219,0,385.990,25.795,-362.250,-126.938,40.625,-1.473,1.832,-1.063,-19.090,-17.348,8.148,0.368,0.346,1.352,1.379,1,NULL,NULL,,3,0,2,7,255,1356,250,0,0
stim,169085,199206,0,199206,3396519.455,-0.634,-0.084,0.310,0.703,2635,0,0,2484,0,1043,0,1120,46,1.041,1,2219,0,198.013,24.341,-137.563,-139.000,-31.063,-0.273,1.172,0.184,-17.074,-17.348,-3.488,0.326,0.290,1.352,1.379,1,NULL,NULL,,3,0,2,7,255,1356,250,0,0
stim,169085,199206,0,199206,3396524.454,-0.633,-0.081,0.304,0.707,2771,0,0,2637,0,1105,0,1135,46,1.041,1,2219,0,192.104,10.682,-96.188,-140.625,88.750,0.063,1.426,1.250,-10.566,-1.570,-3.488,0.334,0.290,1.352,1.379,1,NULL,NULL,,3,0,2,7,255,1356,250,0,0
stim,169085,199206,0,199206,3396529.455,-0.625,-0.077,0.293,0.719,2878,0,0,2771,0,1137,0,1145,46,1.041,1,2219,0,417.701,10.211,-212.625,-198.625,299.688,-1.055,1.211,1.246,-10.090,-1.570,4.070,0.370,0.324,1.352,1.379,1,NULL,NULL,,3,0,2,7,255,1356,250,0,0
stim,169122,199243,0,199243,3396534.454,-0.618,-0.077,0.278,0.731,2968,0,0,2871,0,1140,0,1175,46,1.041,1,2219,0,464.501,7.290,-333.438,-207.250,248.250,-2.227,-0.129,0.473,-6.492,-3.316,4.070,0.404,0.360,1.352,1.379,2,NULL,NULL,,3,0,2,7,255,1356,250,0,0
stim,169122,199243,0,199243,3396539.455,-0.618,-0.076,0.264,0.737,3019,0,0,2957,0,1143,0,1239,46,1.041,1,2219,0,345.986,17.821,-267.250,-212.063,57.563,-2.160,-0.590,-0.637,6.930,-16.418,3.691,0.436,0.392,1.352,1.379,2,NULL,NULL,,3,0,2,7,255,1356,250,0,0
stim,169122,199243,0,199243,3396544.454,-0.623,-0.072,0.256,0.736,3053,0,0,3030,0,1147,0,1291,46,1.041,1,2219,0,242.386,18.217,-65.375,-213.500,-94.313,-0.727,-0.734,-0.242,7.895,-16.418,-7.418,0.464,0.420,1.352,1.379,2,NULL,NULL,,3,0,2,7,255,1356,250,0,0
stim,169122,199243,0,199243,3396549.455,-0.629,-0.064,0.253,0.732,3090,0,0,3081,0,1167,0,1325,46,1.041,1,2219,0,243.823,11.157,84.438,-198.375,-113.875,0.609,-0.855,1.152,8.957,-6.652,-7.418,0.482,0.438,1.352,1.379,2,NULL,NULL,,3,0,2,7,255,1356,250,0,0
stim,169122,199243,0,199243,3396554.453,-0.631,-0.057,0.251,0.732,3114,0,0,3114,0,1181,0,1332,46,1.041,1,2219,0,185.431,13.888,79.688,-167.000,-12.063,1.238,-0.680,2.211,8.313,11.125,-4.625,0.488,0.450,1.352,1.379,2,NULL,NULL,,3,0,2,7,255,1356,250,0,0
stim,169122,199243,0,199243,3396559.455,-0.629,-0.052,0.245,0.736,3131,0,0,3151,0,1193,0,1325,46,1.041,1,2219,0,197.658,20.053,-53.875,-155.000,110.188,0.746,-0.617,2.602,8.957,17.941,2.527,0.488,0.458,1.352,1.379,2,NULL,NULL,,3,0,2,7,255,1356,250,0,0
stim,169149,199270,0,199270,3396564.454,-0.624,-0.052,0.235,0.743,3155,0,0,3165,0,1195,26,1288,46,1.041,1,2219,0,301.366,20.241,-207.875,-135.688,170.875,-0.285,-0.613,1.844,9.371,17.941,5.809,0.484,0.460,1.352,1.379,2,NULL,NULL,,3,0,2,7,255,1356,250,0,0
stim,169149,199270,0,199270,3396569.455,-0.621,-0.053,0.224,0.750,3155,0,0,3187,0,1204,93,1275,46,1.041,1,2219,0,308.297,11.134,-248.000,-130.625,128.375,-1.188,-0.609,0.820,9.613,5.617,5.809,0.460,0.440,1.352,1.379,2,NULL,NULL,,3,0,2,7,255,1356,250,0,0
stim,169149,199270,0,199270,3396574.454,-0.620,-0.052,0.215,0.753,3171,0,0,3199,0,1241,207,1288,46,1.041,1,2219,0,219.614,11.279,-157.438,-142.750,55.375,-0.730,-0.484,-0.012,9.613,-5.898,0.160,0.422,0.406,1.352,1.379,2,NULL,NULL,,3,0,2,7,255,1356,250,0,0
stim,169149,199270,0,199270,3396579.455,-0.619,-0.048,0.209,0.755,3179,0,0,3227,0,1297,286,1319,46,1.041,1,2219,0,170.475,8.475,-53.938,-155.000,46.125,-0.469,-0.336,0.672,6.086,-5.898,-3.012,0.374,0.358,1.352,1.379,2,NULL,NULL,,3,0,2,7,255,1356,250,0,0
stim,169149,199270,0,199270,3396584.453,-0.619,-0.044,0.203,0.757,3178,0,0,3223,0,1369,315,1357,46,1.041,1,2219,0,170.594,5.298,-56.438,-155.875,40.250,-0.340,0.098,1.195,5.137,-1.297,-3.012,0.316,0.302,1.352,1.379,2,NULL,NULL,,3,0,2,7,255,1356,250,0,0
stim,169149,199270,0,199270,3396589.455,-0.619,-0.041,0.196,0.759,3187,0,0,3237,0,1452,337,1421,46,1.041,1,2219,0,178.999,1.757,-91.250,-150.375,33.188,-0.277,0.328,1.152,1.566,0.797,2.191,0.262,0.256,1.352,1.379,2,NULL,NULL,,3,0,2,7,255,1356,250,0,0
stim,169149,199270,0,199270,3396594.454,-0.619,-0.040,0.189,0.761,3189,0,0,3240,0,1562,363,1493,46,1.041,1,2219,0,180.966,1.427,-107.813,-144.688,13.813,-0.305,0.094,1.031,1.184,0.797,2.191,0.220,0.224,1.352,1.379,2,NULL,NULL,,3,0,2,7,255,1356,250,0,0
stim,169149,199270,0,199270,3396599.455,-0.620,-0.038,0.182,0.762,3187,0,0,3236,0,1655,375,1575,46,1.041,1,2219,0,166.310,1.427,-94.500,-136.813,-3.313,-0.148,-0.184,1.000,1.184,0.797,0.691,0.192,0.204,1.352,1.379,2,NULL,NULL,,3,0,2,7,255,1356,250,0,0
stim,169179,199300,0,199300,3396604.453,-0.621,-0.035,0.176,0.763,3195,0,0,3243,0,1746,421,1619,46,1.041,1,2219,0,150.626,3.626,-76.188,-129.938,-0.188,0.031,-0.195,0.996,3.004,2.031,-0.586,0.174,0.196,1.352,1.379,2,NULL,NULL,,3,0,2,7,255,1356,250,0,0
stim,169179,199300,0,199300,3396609.455,-0.621,-0.033,0.170,0.764,3205,0,0,3238,0,1817,435,1655,46,1.041,1,2219,0,141.571,4.648,-67.875,-123.688,11.688,0.031,-0.113,1.094,3.004,3.547,-0.586,0.164,0.188,1.352,1.379,2,NULL,NULL,,3,0,2,7,255,1356,250,0,0
stim,169179,199300,0,199300,3396614.453,-0.621,-0.031,0.164,0.765,3204,0,0,3236,0,1893,431,1693,46,1.041,1,2219,0,141.755,4.243,-73.813,-119.063,21.688,-0.043,-0.066,1.098,2.328,3.547,0.047,0.150,0.180,1.352,1.379,2,NULL,NULL,,3,0,2,7,255,1356,250,0,0
stim,169179,199300,0,199300,3396619.455,-0.621,-0.029,0.159,0.767,3205,0,0,3253,1,1965,448,1718,46,1.041,1,2219,0,138.778,3.385,-76.250,-113.625,23.125,-0.098,-0.039,1.012,2.012,2.723,0.047,0.136,0.170,1.352,1.379,2,NULL,NULL,,3,0,2,7,255,1356,250,0,0
stim,169179,199300,0,199300,3396624.454,-0.621,-0.027,0.154,0.768,3195,0,0,3245,17,2031,461,1747,46,1.041,1,2219,0,126.408,2.517,-63.438,-107.938,17.438,-0.145,0.043,0.953,1.734,1.824,-0.199,0.120,0.158,1.352,1.379,2,NULL,NULL,,3,0,2,7,255,1356,250,0,0
stim,169179,199300,0,199300,3396629.455,-0.622,-0.024,0.149,0.769,3195,0,0,3235,73,2093,441,1765,46,1.041,1,2219,0,112.564,1.365,-45.625,-102.813,4.313,-0.141,0.160,0.996,0.953,0.977,-0.199,0.100,0.142,1.352,1.379,2,NULL,NULL,,3,0,2,7,255,1356,250,0,0
stim,169226,199347,0,199347,3396634.453,-0.622,-0.022,0.145,0.769,3192,0,0,3230,85,2148,451,1783,46,1.041,1,2219,0,104.445,0.985,-36.813,-97.563,-5.938,-0.109,0.262,1.090,-0.125,0.977,0.129,0.086,0.122,1.352,1.379,2,NULL,NULL,,3,0,2,7,255,1356,250,0,0
stim,169226,199347,0,199347,3396639.455,-0.623,-0.020,0.141,0.769,3193,0,0,3229,221,2199,445,1871,46,1.041,1,2219,0,100.994,1.478,-40.938,-91.500,-12.313,-0.078,0.254,1.152,-1.020,1.070,1.133,0.080,0.100,1.352,1.379,2,NULL,NULL,,3,0,2,7,255,1356,250,0,0
stim,169226,199347,0,199347,3396644.453,-0.624,-0.018,0.137,0.769,3192,0,0,3228,356,2253,494,1947,46,1.041,1,2219,0,96.016,1.734,-45.188,-83.500,-14.313,-0.023,0.211,1.199,-1.020,1.402,1.641,0.084,0.082,1.352,1.379,2,NULL,NULL,,3,0,2,7,255,1356,250,0,0
stim,169226,199347,0,199347,3396649.455,-0.625,-0.017,0.135,0.768,3207,0,0,3235,445,2282,491,2015,46,1.041,1,2219,0,69.194,2.134,-25.813,-55.438,-32.375,0.113,0.199,1.500,-0.711,2.012,1.910,0.092,0.074,1.352,1.379,2,NULL,NULL,,3,0,2,7,255,1356,250,0,0
stim,169226,199347,0,199347,3396654.454,-0.627,-0.017,0.133,0.767,3193,0,0,3227,564,2302,475,2039,46,1.041,1,2219,0,65.387,3.982,-25.750,-32.688,-50.438,0.348,0.563,1.219,-0.711,3.918,1.926,0.098,0.070,1.352,1.379,2,NULL,NULL,,3,0,2,7,255,1356,250,0,0
stim,169226,199347,0,199347,3396659.455,-0.629,-0.016,0.132,0.766,3203,0,0,3239,629,2335,457,2071,46,1.041,1,2219,0,57.943,6.828,-3.625,-31.688,-48.375,0.395,0.727,1.316,-4.836,4.820,3.035,0.102,0.066,1.352,1.379,2,NULL,NULL,,3,0,2,7,255,1356,250,0,0
stim,169226,199347,0,199347,3396664.453,-0.629,-0.017,0.130,0.766,3183,0,0,3227,703,2341,443,2095,46,1.041,1,2219,0,48.048,6.828,-42.063,-14.750,-17.938,0.039,0.094,1.547,-4.836,4.820,3.035,0.104,0.064,1.352,1.379,2,NULL,NULL,,3,0,2,7,255,1356,250,0,0
stim,169226,199347,0,199347,3396669.455,-0.630,-0.020,0.126,0.766,3195,0,0,3223,781,2356,437,2132,46,1.041,1,2219,0,100.220,3.447,-97.563,-10.750,-20.250,-0.262,0.066,1.051,0.555,3.402,3.035,0.106,0.058,1.352,1.379,2,NULL,NULL,,3,0,2,7,255,1356,250,0,0
stim,169226,199347,0,199347,3396674.454,-0.632,-0.021,0.124,0.765,3183,0,0,3219,844,2364,433,2139,46,1.041,1,2219,0,78.571,0.699,-64.188,-7.875,-44.625,-0.227,0.199,0.656,0.555,-0.426,0.758,0.110,0.052,1.352,1.379,2,NULL,NULL,,3,0,2,7,255,1356,250,0,0
stim,169226,199347,0,199347,3396679.455,-0.634,-0.021,0.123,0.763,3195,0,0,3220,912,2385,431,2167,46,1.041,1,2219,0,62.084,0.446,-14.063,-10.438,-59.563,-0.043,0.098,0.898,-0.133,-0.426,-1.039,0.112,0.046,1.352,1.379,2,NULL,NULL,,3,0,2,7,255,1356,250,0,0
stim,169248,199369,0,199369,3396684.454,-0.635,-0.021,0.122,0.762,3179,0,0,3223,970,2397,427,2175,46,1.041,1,2219,0,46.061,1.264,-13.000,-8.438,-43.375,0.055,0.121,1.168,-0.289,1.230,-1.039,0.112,0.042,1.352,1.379,2,NULL,NULL,,3,0,2,7,255,1356,250,0,0
stim,169248,199369,0,199369,3396689.455,-0.636,-0.022,0.121,0.762,3180,0,0,3217,1029,2395,411,2184,46,1.041,1,2219,0,47.776,1.256,-41.750,-5.250,-22.625,-0.086,0.137,1.145,-0.254,1.230,1.395,0.114,0.038,1.352,1.379,2,NULL,NULL,,3,0,2,7,255,1356,250,0,0
stim,169248,199369,0,199369,3396694.453,-0.637,-0.024,0.119,0.762,3181,0,0,3219,1053,2405,421,2205,46,1.041,1,2219,0,59.591,1.249,-53.750,-3.875,-25.438,-0.262,0.109,0.961,-0.254,1.223,1.395,0.116,0.034,1.352,1.379,2,NULL,NULL,,3,0,2,7,255,1356,250,0,0
stim,169248,199369,0,199369,3396699.455,-0.638,-0.025,0.117,0.761,3187,23,0,3215,1123,2413,413,2223,46,1.041,1,2219,0,58.397,0.764,-40.125,-5.063,-42.125,-0.258,0.051,0.879,0.121,-0.754,-0.020,0.118,0.030,1.352,1.379,2,NULL,NULL,,3,0,2,7,255,1356,250,0,0
stim,169270,199391,0,199391,3396704.453,-0.640,-0.026,0.116,0.759,3173,31,0,3209,1191,2425,415,2231,46,1.041,1,2219,0,53.022,0.955,-24.875,-7.313,-46.250,-0.156,0.008,0.938,0.586,-0.754,-0.563,0.118,0.024,1.352,1.379,2,NULL,NULL,,3,0,2,7,255,1356,250,0,0
stim,169270,199391,0,199391,3396709.455,-0.641,-0.026,0.115,0.759,3172,39,0,3219,1225,2420,413,2257,46,1.041,1,2219,0,43.226,0.902,-23.250,-8.750,-35.375,-0.117,0.000,1.008,0.836,0.340,-0.563,0.116,0.018,1.352,1.379,2,NULL,NULL,,3,0,2,7,255,1356,250,0,0
stim,169270,199391,0,199391,3396714.454,-0.642,-0.027,0.113,0.758,3171,43,0,3207,1255,2429,415,2269,46,1.041,1,2219,0,39.474,0.946,-28.625,-10.063,-25.250,-0.172,0.004,0.996,0.883,0.340,0.027,0.114,0.012,1.352,1.379,2,NULL,NULL,,3,0,2,7,255,1356,250,0,0
stim,169270,199391,0,199391,3396719.455,-0.643,-0.028,0.112,0.757,3157,55,0,3191,1291,2437,404,2283,46,1.041,1,2219,0,39.675,0.930,-27.438,-11.063,-26.438,-0.227,0.020,0.941,0.883,0.293,0.027,0.112,0.006,1.352,1.379,2,NULL,NULL,,3,0,2,7,255,1356,250,0,0
stim,169300,199421,0,199421,3396724.454,-0.644,-0.028,0.111,0.757,3159,51,0,3195,1323,2429,415,2311,46,1.041,1,2219,0,39.339,0.815,-19.938,-12.563,-31.500,-0.215,0.023,0.934,0.754,-0.309,-0.383,0.110,0.000,1.352,1.379,2,NULL,NULL,,3,0,2,7,255,1356,250,0,0
stim,169300,199421,0,199421,3396729.455,-0.645,-0.028,0.110,0.756,3145,60,0,3183,1352,2431,411,2323,46,1.041,1,2219,0,38.738,0.743,-15.000,-13.813,-32.938,-0.188,0.043,0.969,0.676,-0.309,-0.383,0.000,0.000,1.352,1.379,2,NULL,NULL,,3,0,2,7,255,1356,250,0,0
stim,169333,199454,0,199454,3396734.453,-0.646,-0.028,0.109,0.755,3140,55,0,3171,1373,2419,423,2330,46,1.063,1,2219,1,37.623,0.465,-15.250,-14.500,-31.188,-0.168,0.078,1.000,0.465,-0.004,-0.145,0.000,0.000,1.397,1.420,2,NULL,NULL,,3,0,2,7,255,1356,250,0,0
stim,169333,199454,0,199454,3396739.455,-0.647,-0.028,0.108,0.754,3132,54,0,3173,1399,2443,441,2349,46,1.063,1,2219,1,37.644,0.189,-17.563,-14.313,-30.063,-0.164,0.109,1.008,0.078,0.172,0.145,0.004,0.004,1.397,1.420,2,NULL,NULL,,3,0,2,7,255,1356,250,0,0
stim,169333,199454,0,199454,3396744.454,-0.648,-0.029,0.107,0.754,3131,69,0,3157,1428,2445,455,2361,46,1.063,1,2219,1,38.431,0.297,-18.875,-13.938,-30.438,-0.160,0.137,1.008,-0.242,0.172,0.250,0.008,0.008,1.397,1.420,2,NULL,NULL,,3,0,2,7,255,1356,250,0,0
stim,169333,199454,0,199454,3396749.455,-0.649,-0.029,0.106,0.753,3115,84,0,3156,1463,2441,469,2382,46,1.063,1,2219,1,39.307,0.555,-19.250,-13.500,-31.500,-0.160,0.164,1.008,-0.535,0.148,0.258,0.014,0.014,1.397,1.420,2,NULL,NULL,,3,0,2,7,255,1356,250,0,0
stim,169333,199454,0,199454,3396754.454,-0.650,-0.029,0.105,0.752,3115,99,7,3135,1495,2451,471,2396,46,1.063,1,2219,1,40.681,0.794,-21.000,-12.875,-32.375,-0.172,0.184,1.031,-0.789,0.086,0.309,0.016,0.018,1.397,1.420,2,NULL,NULL,,3,0,2,7,255,1356,250,0,0
stim,169333,199454,0,199454,3396759.455,-0.651,-0.029,0.103,0.751,3117,100,10,3128,1542,2453,477,2419,46,1.063,1,2219,1,45.028,0.984,-24.750,-12.438,-35.500,-0.184,0.211,1.047,-0.984,0.004,0.531,0.020,0.022,1.397,1.420,2,NULL,NULL,,3,0,2,7,255,1356,250,0,0
stim,169333,199454,0,199454,3396764.453,-0.653,-0.030,0.102,0.750,3097,127,30,3119,1589,2452,488,2429,46,1.063,1,2219,1,50.265,1.234,-27.813,-11.313,-40.313,-0.152,0.230,1.055,-1.234,0.004,0.738,0.024,0.026,1.397,1.420,2,NULL,NULL,,3,0,2,7,255,1356,250,0,0
stim,169333,199454,0,199454,3396769.455,-0.654,-0.030,0.101,0.749,3097,137,51,3123,1623,2457,486,2437,46,1.063,1,2219,1,51.874,1.509,-30.375,-9.875,-40.875,-0.102,0.223,1.063,-1.504,0.125,0.738,0.026,0.028,1.397,1.420,2,NULL,NULL,,3,0,2,7,255,1356,250,0,0
stim,169333,199454,0,199454,3396774.454,-0.655,-0.031,0.099,0.748,3069,141,80,3096,1684,2456,482,2449,46,1.063,1,2219,1,50.572,1.636,-34.125,-8.625,-36.313,-0.090,0.199,1.059,-1.504,0.645,0.738,0.028,0.030,1.397,1.420,2,NULL,NULL,,3,0,2,7,255,1356,250,0,0
stim,169333,199454,0,199454,3396779.455,-0.656,-0.032,0.098,0.748,3064,155,117,3099,1697,2458,488,2473,46,1.063,1,2219,1,50.612,1.497,-38.500,-7.438,-32.000,-0.121,0.172,1.043,-1.352,0.645,0.664,0.028,0.032,1.397,1.420,2,NULL,NULL,,3,0,2,7,255,1356,250,0,0
stim,169353,199474,0,199474,3396784.453,-0.657,-0.033,0.096,0.747,3050,171,117,3087,1741,2473,495,2477,46,1.063,1,2219,1,52.030,1.174,-40.125,-6.063,-32.563,-0.148,0.148,1.012,-1.078,0.465,0.543,0.026,0.032,1.397,1.420,2,NULL,NULL,,3,0,2,7,255,1356,250,0,0
stim,169353,199474,0,199474,3396789.455,-0.658,-0.034,0.095,0.746,3045,189,168,3067,1792,2463,501,2492,46,1.063,1,2219,1,52.313,0.899,-38.375,-5.500,-35.125,-0.148,0.145,0.988,-0.883,0.172,0.277,0.024,0.030,1.397,1.420,2,NULL,NULL,,3,0,2,7,255,1356,250,0,0
stim,169353,199474,0,199474,3396794.453,-0.659,-0.034,0.094,0.745,3029,201,240,3055,1834,2473,529,2494,46,1.063,1,2219,1,51.561,0.869,-36.000,-5.500,-36.500,-0.133,0.125,0.984,-0.852,0.172,0.055,0.024,0.028,1.397,1.420,2,NULL,NULL,,3,0,2,7,255,1356,250,0,0
stim,169353,199474,0,199474,3396799.455,-0.660,-0.035,0.092,0.744,3021,213,313,3045,1897,2478,553,2517,46,1.063,1,2219,1,49.569,0.781,-34.938,-5.375,-34.750,-0.102,0.039,0.965,-0.727,0.285,-0.035,0.020,0.026,1.397,1.420,2,NULL,NULL,,3,0,2,7,255,1356,250,0,0
stim,169353,199474,0,199474,3396804.454,-0.661,-0.036,0.091,0.744,3003,243,403,3036,1959,2482,565,2517,46,1.063,1,2219,1,42.810,0.641,-33.125,-6.563,-26.313,-0.094,-0.082,0.906,0.023,0.641,-0.328,0.018,0.026,1.397,1.420,2,NULL,NULL,,3,0,2,7,255,1356,250,0,0
stim,169353,199474,0,199474,3396809.455,-0.662,-0.037,0.089,0.744,2989,239,474,3029,2001,2485,572,2531,46,1.063,1,2219,1,32.376,1.291,-27.625,-8.438,-14.625,-0.152,-0.137,0.867,1.121,0.641,-0.977,0.016,0.024,1.397,1.420,2,NULL,NULL,,3,0,2,7,255,1356,250,0,0
stim,169384,199505,0,199505,3396814.453,-0.662,-0.037,0.088,0.743,2983,245,613,3023,2059,2491,608,2553,46,1.063,1,2219,1,24.947,1.304,-18.188,-10.125,-13.750,-0.215,-0.090,0.863,1.293,0.168,-1.160,0.012,0.020,1.397,1.420,2,NULL,NULL,,3,0,2,7,255,1356,250,0,0
stim,169384,199505,0,199505,3396819.455,-0.663,-0.037,0.088,0.743,2970,264,675,3004,2101,2488,645,2571,46,1.063,1,2219,1,24.023,1.383,-5.875,-12.250,-19.813,-0.215,0.012,0.898,1.293,-0.492,-1.160,0.008,0.016,1.397,1.420,2,NULL,NULL,,3,0,2,7,255,1356,250,0,0
stim,169384,199505,0,199505,3396824.454,-0.664,-0.037,0.087,0.742,2939,265,749,2991,2163,2489,677,2587,46,1.063,1,2219,1,27.285,0.592,-1.063,-13.500,-23.688,-0.184,0.063,0.988,0.328,-0.492,-0.789,0.006,0.014,1.397,1.420,2,NULL,NULL,,3,0,2,7,255,1356,250,0,0
stim,169384,199505,0,199505,3396829.455,-0.665,-0.037,0.087,0.741,2923,269,861,2988,2224,2499,749,2615,46,1.063,1,2219,1,29.032,0.263,-6.000,-13.250,-25.125,-0.164,0.070,1.035,-0.191,-0.180,0.059,0.008,0.012,1.397,1.420,2,NULL,NULL,,3,0,2,7,255,1356,250,0,0
stim,169421,199542,0,199542,3396834.454,-0.665,-0.037,0.086,0.741,2901,307,925,2975,2269,2495,807,2618,46,1.063,1,2219,1,30.678,0.207,-13.125,-12.625,-24.688,-0.160,0.039,1.012,-0.191,0.078,0.227,0.012,0.014,1.397,1.420,2,NULL,NULL,,3,0,2,7,255,1356,250,0,0
stim,169421,199542,0,199542,3396839.455,-0.666,-0.037,0.085,0.740,2877,311,1044,2953,2309,2494,873,2633,46,1.063,1,2219,1,32.545,0.079,-17.375,-13.125,-24.188,-0.176,-0.012,0.969,-0.008,0.078,0.227,0.018,0.016,1.397,1.420,2,NULL,NULL,,3,0,2,7,255,1356,250,0,0
stim,169421,199542,0,199542,3396844.453,-0.667,-0.037,0.083,0.739,2863,313,1159,2935,2335,2493,985,2647,46,1.063,1,2219,1,35.292,0.470,-17.125,-14.000,-27.500,-0.191,-0.051,0.938,0.457,-0.109,-0.191,0.022,0.020,1.397,1.420,2,NULL,NULL,,3,0,2,7,255,1356,250,0,0
stim,169421,199542,0,199542,3396849.455,-0.668,-0.037,0.082,0.739,2848,335,1244,2933,2379,2513,1053,2661,46,1.063,1,2219,1,37.535,0.847,-12.750,-14.500,-32.188,-0.176,-0.055,0.926,0.836,-0.137,-0.469,0.026,0.024,1.397,1.420,2,NULL,NULL,,3,0,2,7,255,1356,250,0,0
stim,169421,199542,0,199542,3396854.453,-0.669,-0.037,0.082,0.738,2826,343,1338,2909,2407,2505,1162,2675,46,1.063,1,2219,1,37.511,0.847,-8.875,-15.063,-33.188,-0.145,-0.027,0.949,0.836,-0.137,-0.469,0.030,0.026,1.397,1.420,2,NULL,NULL,,3,0,2,7,255,1356,250,0,0
stim,169421,199542,0,199542,3396859.455,-0.670,-0.037,0.081,0.737,2809,363,1455,2899,2449,2509,1231,2685,46,1.063,1,2219,1,34.676,0.553,-7.750,-15.688,-29.938,-0.141,0.012,0.980,0.535,0.141,-0.441,0.030,0.026,1.397,1.420,2,NULL,NULL,,3,0,2,7,255,1356,250,0,0
stim,169445,199566,0,199566,3396864.454,-0.671,-0.037,0.080,0.736,2785,381,1571,2868,2475,2519,1320,2703,46,1.063,1,2219,1,33.514,0.202,-9.750,-15.625,-28.000,-0.168,0.051,1.012,0.145,0.141,-0.121,0.030,0.026,1.397,1.420,2,NULL,NULL,,3,0,2,7,255,1356,250,0,0
stim,169445,199566,0,199566,3396869.455,-0.672,-0.037,0.079,0.735,2749,403,1655,2853,2517,2518,1369,2713,46,1.063,1,2219,1,36.500,0.219,-14.125,-15.500,-29.875,-0.176,0.070,1.016,-0.207,-0.070,0.238,0.028,0.024,1.397,1.420,2,NULL,NULL,,3,0,2,7,255,1356,250,0,0
stim,169445,199566,0,199566,3396874.454,-0.673,-0.037,0.078,0.734,2730,415,1771,2841,2536,2517,1485,2727,46,1.063,1,2219,1,39.679,0.408,-16.375,-15.813,-32.500,-0.160,0.090,1.008,-0.402,-0.070,0.238,0.024,0.022,1.397,1.420,2,NULL,NULL,,3,0,2,7,255,1356,250,0,0
stim,169445,199566,0,199566,3396879.455,-0.674,-0.037,0.077,0.734,2707,425,1847,2825,2582,2520,1557,2740,46,1.063,1,2219,1,41.959,0.624,-16.563,-15.750,-35.188,-0.133,0.086,1.012,-0.621,-0.059,0.223,0.022,0.022,1.397,1.420,2,NULL,NULL,,3,0,2,7,255,1356,250,0,0
stim,169445,199566,0,199566,3396884.453,-0.675,-0.037,0.076,0.733,2665,459,1927,2807,2600,2521,1654,2747,46,1.063,1,2219,1,41.063,0.652,-16.750,-15.250,-34.250,-0.098,0.063,1.008,-0.621,0.199,0.184,0.018,0.022,1.397,1.420,2,NULL,NULL,,3,0,2,7,255,1356,250,0,0
stim,169445,199566,0,199566,3396889.455,-0.676,-0.037,0.075,0.732,2635,474,2020,2781,2619,2531,1723,2766,46,1.063,1,2219,1,39.207,0.630,-18.000,-15.125,-31.375,-0.105,0.027,1.008,-0.445,0.445,0.094,0.018,0.022,1.397,1.420,2,NULL,NULL,,3,0,2,7,255,1356,250,0,0
stim,169445,199566,0,199566,3396894.454,-0.677,-0.037,0.073,0.731,2587,489,2109,2765,2651,2539,1797,2775,46,1.063,1,2219,1,38.473,0.460,-19.188,-14.688,-29.938,-0.125,-0.004,0.996,-0.117,0.445,0.094,0.018,0.022,1.397,1.420,2,NULL,NULL,,3,0,2,7,255,1356,250,0,0
stim,169445,199566,0,199566,3396899.455,-0.678,-0.037,0.072,0.730,2537,502,2169,2734,2663,2530,1849,2780,46,1.063,1,2219,1,38.766,0.294,-19.438,-15.125,-29.938,-0.152,0.000,0.984,0.141,0.258,0.031,0.018,0.022,1.397,1.420,2,NULL,NULL,,3,0,2,7,255,1356,250,0,0
stim,169476,199597,0,199597,3396904.453,-0.679,-0.037,0.071,0.729,2502,505,2247,2717,2691,2535,1943,2791,46,1.063,1,2219,1,42.066,0.163,-18.063,-14.625,-35.063,-0.137,0.008,0.988,0.141,0.082,-0.047,0.018,0.024,1.397,1.420,2,NULL,NULL,,3,0,2,7,255,1356,250,0,0
stim,169476,199597,0,199597,3396909.455,-0.681,-0.037,0.070,0.728,2453,524,2303,2687,2709,2531,1995,2807,46,1.063,1,2219,1,41.471,0.163,-16.125,-14.438,-35.375,-0.098,-0.020,0.984,0.141,0.082,-0.047,0.020,0.024,1.397,1.420,2,NULL,NULL,,3,0,2,7,255,1356,250,0,0
stim,169476,199597,0,199597,3396914.453,-0.682,-0.037,0.069,0.728,2392,529,2352,2663,2719,2531,2037,2803,46,1.063,1,2219,1,38.119,0.499,-17.000,-14.250,-31.000,-0.105,-0.035,1.004,0.273,0.418,-0.047,0.020,0.024,1.397,1.420,2,NULL,NULL,,3,0,2,7,255,1356,250,0,0
stim,169476,199597,0,199597,3396919.455,-0.682,-0.038,0.068,0.727,2334,531,2406,2632,2731,2530,2110,2811,46,1.063,1,2219,1,37.934,0.499,-20.188,-14.188,-28.813,-0.133,-0.020,1.012,0.273,0.418,0.078,0.020,0.024,1.397,1.420,2,NULL,NULL,,3,0,2,7,255,1356,250,0,0
stim,169476,199597,0,199597,3396924.454,-0.683,-0.038,0.067,0.726,2279,539,2459,2598,2747,2525,2159,2823,46,1.063,1,2219,1,39.579,0.269,-22.250,-14.313,-29.438,-0.156,-0.004,1.008,0.234,0.133,0.191,0.020,0.022,1.397,1.420,2,NULL,NULL,,3,0,2,7,255,1356,250,0,0
stim,169476,199597,0,199597,3396929.455,-0.684,-0.038,0.065,0.725,2208,549,2507,2553,2771,2527,2167,2831,46,1.063,1,2219,1,42.531,0.141,-25.563,-14.750,-30.625,-0.156,0.004,1.016,0.094,-0.105,0.195,0.018,0.022,1.397,1.420,2,NULL,NULL,,3,0,2,7,255,1356,250,0,0
stim,169531,199652,0,199652,3396934.453,-0.685,-0.039,0.064,0.724,2133,554,2543,2508,2775,2524,2263,2841,46,1.063,1,2219,1,47.387,0.106,-29.313,-14.750,-34.188,-0.152,0.000,1.008,0.012,-0.105,0.191,0.016,0.022,1.397,1.420,2,NULL,NULL,,3,0,2,7,255,1356,250,0,0
stim,169531,199652,0,199652,3396939.455,-0.687,-0.039,0.062,0.723,2065,557,2585,2461,2791,2523,2309,2847,46,1.063,1,2219,1,49.170,0.094,-29.813,-14.813,-36.188,-0.121,-0.020,0.988,0.012,-0.094,0.191,0.016,0.022,1.397,1.420,2,NULL,NULL,,3,0,2,7,255,1356,250,0,0
stim,169531,199652,0,199652,3396944.454,-0.688,-0.040,0.061,0.723,1982,555,2615,2409,2811,2523,2335,2855,46,1.063,1,2219,1,43.029,0.220,-25.500,-15.500,-31.000,-0.098,-0.055,0.953,0.137,0.172,-0.063,0.016,0.022,1.397,1.420,2,NULL,NULL,,3,0,2,7,255,1356,250,0,0
stim,169531,199652,0,199652,3396949.455,-0.688,-0.040,0.060,0.722,1913,555,2650,2349,2821,2516,2381,2859,46,1.063,1,2219,1,36.353,0.376,-19.250,-15.875,-26.438,-0.105,-0.035,0.977,0.254,0.277,-0.199,0.016,0.022,1.397,1.420,2,NULL,NULL,,3,0,2,7,255,1356,250,0,0
stim,169531,199652,0,199652,3396954.454,-0.689,-0.040,0.058,0.721,1817,549,2678,2275,2833,2515,2413,2868,46,1.063,1,2219,1,35.428,0.376,-17.875,-16.313,-25.875,-0.133,-0.023,1.023,0.254,0.277,-0.199,0.016,0.022,1.397,1.420,2,NULL,NULL,,3,0,2,7,255,1356,250,0,0
stim,169531,199652,0,199652,3396959.455,-0.690,-0.040,0.057,0.720,1685,530,2707,2213,2843,2511,2447,2872,46,1.063,1,2219,1,38.335,0.185,-20.625,-15.688,-28.250,-0.121,0.004,1.035,0.105,0.152,0.313,0.014,0.022,1.397,1.420,2,NULL,NULL,,3,0,2,7,255,1356,250,0,0
stim,169531,199652,0,199652,3396964.453,-0.691,-0.040,0.056,0.720,1588,501,2735,2138,2853,2505,2477,2877,46,1.063,1,2219,1,40.806,0.176,-24.750,-16.063,-28.188,-0.129,0.008,1.039,-0.164,0.063,0.391,0.014,0.022,1.397,1.420,2,NULL,NULL,,3,0,2,7,255,1356,250,0,0
stim,169531,199652,0,199652,3396969.455,-0.692,-0.041,0.054,0.719,1421,489,2761,2056,2861,2501,2511,2885,46,1.063,1,2219,1,46.173,0.246,-29.625,-16.188,-31.500,-0.152,0.016,1.047,-0.238,0.063,0.453,0.014,0.024,1.397,1.420,2,NULL,NULL,,3,0,2,7,255,1356,250,0,0
stim,169531,199652,0,199652,3396974.454,-0.693,-0.041,0.053,0.718,1277,463,2781,1961,2869,2493,2508,2889,46,1.063,1,2219,1,50.901,0.358,-32.875,-16.625,-35.125,-0.145,0.023,1.031,-0.336,-0.125,0.453,0.012,0.024,1.397,1.420,2,NULL,NULL,,3,0,2,7,255,1356,250,0,0
stim,169531,199652,0,199652,3396979.455,-0.694,-0.042,0.051,0.717,1184,438,2809,1852,2887,2491,2569,2905,46,1.063,1,2219,1,52.850,0.444,-32.438,-16.813,-38.188,-0.125,0.055,1.004,-0.426,-0.125,0.387,0.010,0.024,1.397,1.420,2,NULL,NULL,,3,0,2,7,255,1356,250,0,0
stim,169548,199669,0,199669,3396984.453,-0.695,-0.042,0.050,0.716,1055,404,2825,1741,2897,2476,2592,2891,46,1.063,1,2219,1,49.745,0.785,-27.125,-16.750,-38.188,-0.082,0.059,0.988,-0.785,0.008,0.098,0.010,0.024,1.397,1.420,2,NULL,NULL,,3,0,2,7,255,1356,250,0,0
stim,169548,199669,0,199669,3396989.455,-0.696,-0.042,0.048,0.715,939,373,2846,1641,2907,2476,2604,2900,46,1.063,1,2219,1,44.583,0.844,-24.313,-16.813,-33.375,-0.094,-0.004,1.027,-0.785,0.309,0.098,0.010,0.026,1.397,1.420,2,NULL,NULL,,3,0,2,7,255,1356,250,0,0
stim,169548,199669,0,199669,3396994.453,-0.697,-0.042,0.047,0.714,800,348,2863,1528,2911,2459,2627,2905,46,1.063,1,2219,1,44.066,0.410,-29.000,-17.500,-28.188,-0.125,-0.035,1.055,-0.270,0.309,0.293,0.010,0.026,1.397,1.420,2,NULL,NULL,,3,0,2,7,255,1356,250,0,0
stim,169548,199669,0,199669,3396999.455,-0.698,-0.043,0.045,0.713,631,334,2877,1413,2923,2455,2651,2907,46,1.063,1,2219,1,47.748,0.054,-33.250,-17.438,-29.500,-0.156,-0.043,1.020,0.027,0.047,0.301,0.010,0.026,1.397,1.420,2,NULL,NULL,,3,0,2,7,255,1356,250,0,0
stim,169572,199693,0,199693,3397004.454,-0.699,-0.043,0.044,0.713,506,288,2898,1243,2931,2439,2645,2910,46,1.063,1,2219,1,49.769,0.086,-32.688,-18.875,-32.438,-0.125,-0.027,0.980,0.027,-0.082,0.301,0.012,0.024,1.397,1.420,2,NULL,NULL,,3,0,2,7,255,1356,250,0,0
stim,169572,199693,0,199693,3397009.455,-0.700,-0.044,0.042,0.712,377,267,2915,1097,2937,2415,2677,2916,46,1.063,1,2219,1,42.662,0.143,-24.250,-20.313,-28.625,-0.105,-0.008,0.977,-0.117,-0.082,-0.105,0.014,0.024,1.397,1.420,2,NULL,NULL,,3,0,2,7,255,1356,250,0,0
stim,169572,199693,0,199693,3397014.453,-0.701,-0.043,0.041,0.711,277,217,2923,919,2951,2397,2695,2917,46,1.063,1,2219,1,40.815,0.282,-19.750,-21.938,-28.188,-0.129,-0.016,1.039,-0.270,-0.082,-0.105,0.016,0.024,1.397,1.420,2,NULL,NULL,,3,0,2,7,255,1356,250,0,0
stim,169572,199693,0,199693,3397019.455,-0.702,-0.043,0.039,0.710,151,175,2935,789,2971,2383,2652,2920,46,1.063,1,2219,1,41.417,0.328,-20.375,-23.688,-27.188,-0.117,0.000,1.066,-0.328,0.016,0.441,0.020,0.024,1.397,1.420,2,NULL,NULL,,3,0,2,7,255,1356,250,0,0
stim,169603,199724,0,199724,3397024.454,-0.702,-0.043,0.038,0.710,101,139,2943,603,2963,2353,2729,2922,46,1.063,1,2219,1,42.977,0.453,-19.938,-26.000,-27.813,-0.109,0.016,1.078,-0.453,0.016,0.699,0.024,0.024,1.397,1.420,2,NULL,NULL,,3,0,2,7,255,1356,250,0,0
stim,169603,199724,0,199724,3397029.455,-0.703,-0.043,0.036,0.709,45,107,2959,487,2979,2317,2747,2933,46,1.063,1,2219,1,41.231,0.661,-16.875,-28.813,-24.188,-0.113,0.055,1.090,-0.660,0.023,0.793,0.028,0.028,1.397,1.420,2,NULL,NULL,,3,0,2,7,255,1356,250,0,0
stim,169630,199751,0,199751,3397034.454,-0.704,-0.042,0.035,0.708,29,70,2969,315,2991,2279,2740,2930,46,1.063,1,2219,1,42.662,1.035,-17.563,-31.438,-22.875,-0.129,0.055,1.113,-1.035,0.023,0.891,0.030,0.034,1.397,1.420,2,NULL,NULL,,3,0,2,7,255,1356,250,0,0
stim,169630,199751,0,199751,3397039.455,-0.704,-0.042,0.033,0.708,11,47,2974,218,2988,2238,2786,2930,46,1.063,1,2219,1,44.923,1.043,-19.375,-33.500,-22.813,-0.125,0.035,1.102,-1.035,-0.125,1.043,0.032,0.038,1.397,1.420,2,NULL,NULL,,3,0,2,7,255,1356,250,0,0
stim,169630,199751,0,199751,3397044.453,-0.705,-0.041,0.032,0.707,0,37,2981,176,2991,2215,2797,2933,46,1.063,1,2219,1,47.095,0.911,-19.188,-36.500,-22.750,-0.117,-0.004,1.074,-0.902,-0.125,1.043,0.032,0.044,1.397,1.420,2,NULL,NULL,,3,0,2,7,255,1356,250,0,0
stim,169630,199751,0,199751,3397049.455,-0.706,-0.040,0.030,0.707,0,37,2988,167,2997,2195,2811,2935,46,1.063,1,2219,1,44.098,0.534,-7.000,-39.500,-18.313,-0.199,-0.074,1.113,-0.520,-0.125,1.043,0.034,0.048,1.397,1.420,2,NULL,NULL,,3,0,2,7,255,1356,250,0,0
stim,169630,199751,0,199751,3397054.454,-0.706,-0.038,0.030,0.707,0,23,2997,163,3003,2163,2829,2935,46,1.063,1,2219,0,62.204,0.903,36.063,-50.313,6.125,-0.391,-0.066,1.441,-0.043,-0.902,1.254,0.040,0.054,1.397,1.420,3,NULL,NULL,,3,0,2,7,255,1356,250,0,0
stim,169630,199751,0,199751,3397059.455,-0.706,-0.036,0.028,0.707,0,7,2999,116,3007,2121,2840,2935,46,1.063,1,2219,0,57.480,1.087,-7.875,-56.938,0.188,-0.242,0.004,1.500,-0.043,-1.086,4.641,0.044,0.060,1.397,1.420,3,NULL,NULL,,3,0,2,7,255,1356,250,0,0
stim,169630,199751,0,199751,3397064.453,-0.706,-0.037,0.024,0.707,0,1,3001,89,3015,2085,2854,2939,46,1.063,1,2219,0,83.506,1.087,-62.438,-50.625,-22.625,-0.086,-0.137,1.109,-0.043,-1.086,4.641,0.050,0.066,1.397,1.420,3,NULL,NULL,,3,0,2,7,255,1356,250,0,0
stim,169630,199751,0,199751,3397069.455,-0.706,-0.036,0.021,0.707,0,0,3005,79,3019,2029,2863,2936,46,1.063,1,2219,0,72.148,0.715,-43.688,-57.250,4.375,-0.066,-0.168,0.902,0.715,0.016,1.145,0.054,0.072,1.397,1.420,3,NULL,NULL,,3,0,2,7,255,1356,250,0,0
stim,169630,199751,0,199751,3397074.454,-0.705,-0.035,0.019,0.708,0,0,3006,69,3026,1973,2878,2937,46,1.063,1,2219,0,67.702,0.715,-9.438,-63.063,22.750,-0.164,-0.070,0.961,0.715,0.016,-0.281,0.060,0.078,1.397,1.420,3,NULL,NULL,,3,0,2,7,255,1356,250,0,0
stim,169630,199751,0,199751,3397079.455,-0.705,-0.033,0.017,0.708,0,0,3003,37,3029,1903,2889,2937,46,1.063,1,2219,0,66.815,0.945,2.125,-66.000,10.188,-0.234,-0.055,1.039,0.086,-0.941,-0.281,0.064,0.084,1.397,1.420,3,NULL,NULL,,3,0,2,7,255,1356,250,0,0
stim,169654,199775,1,199775,3397084.454,-0.705,-0.031,0.015,0.708,0,0,3003,0,3033,1831,2903,2938,46,1.063,1,2219,0,69.770,1.315,5.188,-69.563,1.438,-0.203,-0.086,1.148,0.086,-1.313,0.504,0.070,0.090,1.397,1.420,3,NULL,NULL,,3,1,2,7,255,1356,250,0,0
stim,169654,199775,1,199775,3397089.455,-0.705,-0.028,0.013,0.709,0,0,3001,0,3037,1767,2910,2936,46,1.063,1,2219,0,72.775,1.322,-2.125,-72.688,2.875,-0.137,-0.109,1.188,0.160,-1.313,1.570,0.074,0.098,1.397,1.420,3,NULL,NULL,,3,1,2,7,255,1356,250,0,0
stim,169654,199775,1,199775,3397094.453,-0.704,-0.027,0.010,0.709,0,0,3000,0,3039,1679,2953,2935,46,1.063,1,2219,0,76.307,0.798,-11.625,-74.750,10.000,-0.105,-0.133,1.109,0.363,-0.711,1.570,0.080,0.104,1.397,1.420,3,NULL,NULL,,3,1,2,7,255,1356,250,0,0
stim,169654,199775,1,199775,3397099.455,-0.704,-0.025,0.008,0.710,0,0,2997,0,3045,1611,2932,2933,46,1.063,1,2219,0,80.928,0.709,-12.313,-78.063,17.438,-0.098,-0.113,1.055,0.461,-0.539,1.141,0.086,0.110,1.397,1.420,3,NULL,NULL,,3,1,2,7,255,1356,250,0,0
stim,169654,199775,1,199775,3397104.453,-0.703,-0.022,0.005,0.711,0,0,2998,0,3049,1529,2949,2924,46,1.063,1,2219,0,84.470,0.709,-7.813,-80.813,23.313,-0.113,-0.063,1.063,0.461,-0.539,0.641,0.092,0.118,1.397,1.420,3,NULL,NULL,,3,1,2,7,255,1356,250,0,0
stim,169654,199775,1,199775,3397109.455,-0.702,-0.020,0.003,0.712,0,0,2936,0,3054,1427,2931,2927,46,1.063,1,2219,0,86.485,0.736,-2.375,-83.250,23.313,-0.121,-0.059,1.039,-0.047,-0.734,0.590,0.100,0.124,1.397,1.420,3,NULL,NULL,,3,1,2,7,255,1356,250,0,0
stim,169683,199804,1,199804,3397114.454,-0.702,-0.017,0.000,0.712,0,0,2985,0,3059,1319,2963,2925,46,1.063,1,2219,0,88.134,0.900,1.375,-85.750,20.313,-0.125,-0.078,1.035,-0.047,-0.898,0.438,0.106,0.132,1.397,1.420,3,NULL,NULL,,3,1,2,7,255,1356,250,0,0
stim,169683,199804,1,199804,3397119.455,-0.701,-0.015,-0.003,0.713,0,0,2975,0,3060,1215,2971,2920,46,1.063,1,2219,0,90.032,0.921,3.938,-88.313,17.063,-0.105,-0.090,1.066,0.141,-0.910,0.438,0.112,0.140,1.397,1.420,3,NULL,NULL,,3,1,2,7,255,1356,250,0,0
stim,169683,199804,1,199804,3397124.453,-0.700,-0.012,-0.005,0.714,0,0,2967,0,3061,1117,2980,2918,46,1.063,1,2219,0,93.069,0.923,6.188,-90.938,18.813,-0.082,-0.082,1.098,0.156,-0.910,0.676,0.118,0.146,1.397,1.420,3,NULL,NULL,,3,1,2,7,255,1356,250,0,0
stim,169683,199804,1,199804,3397129.455,-0.699,-0.009,-0.008,0.715,0,0,2969,0,3075,993,2990,2913,46,1.063,1,2219,0,95.979,0.908,4.063,-93.438,21.563,-0.090,-0.039,1.109,0.156,-0.895,0.965,0.124,0.152,1.397,1.420,3,NULL,NULL,,3,1,2,7,255,1356,250,0,0
stim,169731,199852,1,199852,3397134.454,-0.699,-0.006,-0.010,0.715,0,0,2956,0,3065,853,2992,2905,46,1.063,1,2219,0,100.335,0.934,0.313,-97.375,24.188,-0.078,-0.027,1.148,-0.270,-0.895,1.074,0.130,0.160,1.397,1.420,3,NULL,NULL,,3,1,2,7,255,1356,250,0,0
stim,169731,199852,1,199852,3397139.455,-0.697,-0.003,-0.013,0.717,0,0,2941,0,3067,721,2997,2898,46,1.063,1,2219,0,105.143,0.993,-2.125,-100.750,30.000,-0.082,-0.016,1.156,-0.422,-0.898,1.430,0.136,0.164,1.397,1.420,3,NULL,NULL,,3,1,2,7,255,1356,250,0,0
stim,169731,199852,1,199852,3397144.454,-0.696,0.000,-0.017,0.717,0,0,2934,0,3083,648,3013,2889,46,1.063,1,2219,0,107.030,1.150,-5.000,-103.813,25.563,-0.105,0.020,1.109,-0.531,-1.020,1.430,0.142,0.172,1.397,1.420,3,NULL,NULL,,3,1,2,7,255,1356,250,0,0
stim,169731,199852,1,199852,3397149.455,-0.696,0.004,-0.020,0.718,0,0,2925,0,3079,559,3019,2885,46,1.063,1,2219,0,110.723,1.589,1.625,-108.375,22.625,-0.094,0.023,1.137,-0.836,-1.352,1.262,0.148,0.178,1.397,1.420,3,NULL,NULL,,3,1,2,7,255,1356,250,0,0
stim,169731,199852,1,199852,3397154.453,-0.695,0.007,-0.023,0.719,0,0,2907,0,3082,453,3027,2863,46,1.063,1,2219,0,112.235,1.623,0.063,-110.813,17.813,0.004,0.090,1.164,-0.898,-1.352,1.262,0.156,0.184,1.397,1.420,3,NULL,NULL,,3,1,2,7,255,1356,250,0,0
stim,169731,199852,1,199852,3397159.455,-0.694,0.010,-0.026,0.720,0,0,2889,0,3080,367,3029,2845,46,1.063,1,2219,0,118.014,1.127,-5.438,-114.500,28.063,-0.004,0.004,1.160,-0.898,-0.680,1.527,0.164,0.192,1.397,1.420,3,NULL,NULL,,3,1,2,7,255,1356,250,0,0
stim,169731,199852,1,199852,3397164.454,-0.692,0.014,-0.030,0.721,0,0,2870,0,3080,236,3033,2829,46,1.063,1,2219,0,123.096,1.219,-4.938,-117.875,35.125,0.016,0.035,1.152,-1.039,-0.637,1.527,0.172,0.198,1.397,1.420,3,NULL,NULL,,3,1,2,7,255,1356,250,0,0
stim,169731,199852,1,199852,3397169.455,-0.691,0.018,-0.034,0.722,0,0,2847,0,3069,158,2988,2809,46,1.063,1,2219,0,132.397,1.050,-4.500,-122.688,49.563,-0.020,0.012,1.168,-0.801,-0.680,1.531,0.182,0.206,1.397,1.420,3,NULL,NULL,,3,1,2,7,255,1356,250,0,0
stim,169731,199852,1,199852,3397174.454,-0.689,0.021,-0.038,0.724,0,0,2827,0,3082,117,3045,2793,46,1.063,1,2219,0,134.919,1.520,-8.813,-125.688,48.250,-0.074,0.059,1.215,-1.039,-1.109,1.570,0.196,0.218,1.397,1.420,3,NULL,NULL,,3,1,2,7,255,1356,250,0,0
stim,169731,199852,1,199852,3397179.455,-0.687,0.025,-0.042,0.725,0,0,2793,0,3083,53,3050,2772,46,1.063,1,2219,0,139.167,2.083,-12.375,-130.063,47.938,-0.039,0.109,1.270,-1.227,-1.684,1.938,0.212,0.232,1.397,1.420,3,NULL,NULL,,3,1,2,7,255,1356,250,0,0
stim,169751,199872,1,199872,3397184.453,-0.685,0.028,-0.046,0.727,0,0,2775,0,3083,41,3053,2741,46,1.063,1,2219,0,142.941,2.377,-22.250,-132.813,47.938,-0.074,0.086,1.246,-1.523,-1.824,2.184,0.230,0.250,1.397,1.420,3,NULL,NULL,,3,1,2,7,255,1356,250,0,0
stim,169751,199872,1,199872,3397189.455,-0.683,0.032,-0.051,0.728,0,0,2748,0,3081,5,3055,2713,46,1.063,1,2219,0,144.635,2.599,-24.125,-136.625,40.875,-0.102,0.063,1.219,-1.523,-2.105,2.184,0.252,0.272,1.397,1.420,3,NULL,NULL,,3,1,2,7,255,1356,250,0,0
stim,169751,199872,1,199872,3397194.454,-0.682,0.035,-0.055,0.729,0,0,2719,0,3079,3,3059,2677,46,1.063,1,2219,0,146.295,2.704,-20.938,-140.875,33.438,-0.074,0.039,1.238,-1.277,-2.383,2.102,0.276,0.296,1.397,1.420,3,NULL,NULL,,3,1,2,7,255,1356,250,0,0
stim,169751,199872,1,199872,3397199.455,-0.680,0.039,-0.060,0.729,0,0,2677,0,3064,9,3016,2637,46,1.063,1,2219,0,150.695,2.622,-22.000,-145.688,31.625,-0.023,0.031,1.328,-1.094,-2.383,2.102,0.304,0.324,1.397,1.420,3,NULL,NULL,,3,1,2,7,255,1356,250,0,0
stim,169782,199903,1,199903,3397204.453,-0.679,0.042,-0.065,0.730,0,0,2638,0,3067,0,3062,2600,46,1.063,1,2219,0,152.431,2.622,-33.188,-146.188,27.625,-0.035,0.043,1.441,-1.094,-2.383,2.992,0.334,0.352,1.397,1.420,3,NULL,NULL,,3,1,2,7,255,1356,250,0,0
stim,169782,199903,1,199903,3397209.455,-0.678,0.046,-0.071,0.730,0,0,2582,0,3060,0,3063,2550,46,1.063,1,2219,0,157.363,2.810,-37.750,-150.625,25.500,-0.129,-0.020,1.520,-1.090,-2.590,4.043,0.368,0.386,1.397,1.420,3,NULL,NULL,,3,1,2,7,255,1356,250,0,0
stim,169782,199903,1,199903,3397214.453,-0.676,0.049,-0.077,0.731,0,0,2519,0,3058,1,3059,2490,46,1.063,1,2219,0,167.396,3.880,-49.938,-158.313,21.563,-0.199,0.000,1.551,-0.902,-3.773,4.672,0.404,0.422,1.397,1.420,3,NULL,NULL,,3,1,2,7,255,1356,250,0,0
stim,169782,199903,1,199903,3397219.455,-0.675,0.053,-0.084,0.731,0,0,2456,0,3043,13,3061,2405,46,1.063,1,2219,0,176.001,4.786,-59.813,-165.063,12.375,-0.215,-0.020,1.512,-0.727,-4.730,4.672,0.442,0.460,1.397,1.420,3,NULL,NULL,,3,1,2,7,255,1356,250,0,0
stim,169782,199903,1,199903,3397224.454,-0.675,0.057,-0.091,0.730,0,0,2393,0,3033,26,3055,2321,46,1.063,1,2219,0,185.240,5.081,-58.500,-175.750,1.875,-0.219,0.035,1.512,-0.902,-5.000,4.293,0.482,0.500,1.397,1.420,3,NULL,NULL,,3,1,2,7,255,1356,250,0,0
stim,169782,199903,1,199903,3397229.455,-0.674,0.061,-0.099,0.730,0,0,2326,0,3027,28,3007,2221,46,1.063,1,2219,0,197.743,5.468,-63.375,-187.313,0.000,-0.207,0.066,1.535,-1.309,-5.309,4.293,0.528,0.544,1.397,1.420,3,NULL,NULL,,3,1,2,7,255,1356,250,0,0
stim,169826,199947,1,199947,3397234.453,-0.673,0.065,-0.106,0.729,0,0,2245,0,3011,33,3043,2112,46,1.063,1,2219,0,207.251,5.766,-63.875,-197.000,-8.000,-0.227,0.121,1.543,-1.707,-5.508,4.172,0.576,0.594,1.397,1.420,3,NULL,NULL,,3,1,2,7,255,1356,250,0,0
stim,169826,199947,1,199947,3397239.455,-0.673,0.070,-0.115,0.728,0,0,2140,0,2990,41,3031,1997,46,1.063,1,2219,0,220.099,6.337,-63.250,-210.188,-16.250,-0.246,0.098,1.563,-2.117,-5.973,4.215,0.630,0.648,1.397,1.420,3,NULL,NULL,,3,1,2,7,255,1356,250,0,0
stim,169826,199947,1,199947,3397244.453,-0.672,0.075,-0.123,0.726,0,0,2040,0,2980,41,3031,1887,46,1.063,1,2219,0,235.986,6.853,-73.313,-223.313,-21.125,-0.203,0.125,1.605,-2.285,-6.461,4.215,0.690,0.708,1.397,1.420,3,NULL,NULL,,3,1,2,7,255,1356,250,0,0
stim,169826,199947,1,199947,3397249.455,-0.671,0.080,-0.133,0.725,0,0,1971,0,2958,43,3004,1780,46,1.063,1,2219,0,248.230,6.934,-76.188,-235.563,-18.000,-0.223,0.148,1.629,-2.508,-6.465,4.551,0.760,0.778,1.397,1.420,3,NULL,NULL,,3,1,2,7,255,1356,250,0,0
stim,169826,199947,1,199947,3397254.454,-0.671,0.086,-0.142,0.723,0,0,1884,0,2933,47,2976,1717,46,1.063,1,2219,0,260.996,7.555,-75.125,-249.438,-16.000,-0.297,0.184,1.707,-2.813,-7.012,4.559,0.838,0.854,1.397,1.420,3,NULL,NULL,,3,1,2,7,255,1356,250,0,0
stim,169826,199947,1,199947,3397259.455,-0.669,0.092,-0.152,0.721,0,0,1804,0,2907,50,2951,1637,46,1.063,1,2219,0,275.685,8.898,-75.313,-264.625,-17.438,-0.328,0.250,1.832,-3.254,-8.281,4.809,0.922,0.938,1.397,1.420,3,NULL,NULL,,3,1,2,7,255,1356,250,0,0
stim,169826,199947,1,199947,3397264.453,-0.668,0.099,-0.163,0.719,0,0,1723,0,2876,47,2915,1559,46,1.063,1,2219,0,291.902,10.211,-73.125,-281.563,-24.125,-0.305,0.297,1.980,-4.055,-9.371,5.574,1.008,1.026,1.397,1.420,3,NULL,NULL,,3,1,2,7,255,1356,250,0,0
stim,169826,199947,1,199947,3397269.455,-0.667,0.106,-0.174,0.717,0,0,1646,0,2841,53,2863,1484,46,1.063,1,2219,0,310.897,11.141,-86.313,-298.063,-19.125,-0.270,0.387,2.078,-4.758,-10.074,6.664,1.088,1.106,1.397,1.420,3,NULL,NULL,,3,1,2,7,255,1356,250,0,0
stim,169826,199947,1,199947,3397274.454,-0.665,0.113,-0.187,0.714,0,0,1534,0,2779,35,2783,1402,46,1.063,1,2219,0,330.075,12.111,-103.063,-313.125,-16.750,-0.297,0.367,2.102,-5.813,-10.625,7.035,1.162,1.180,1.397,1.420,3,NULL,NULL,,3,1,2,7,255,1356,250,0,0
stim,169826,199947,1,199947,3397279.455,-0.663,0.120,-0.199,0.711,0,0,1449,0,2735,19,2725,1295,46,1.063,1,2219,0,341.040,12.798,-97.500,-325.438,-29.875,-0.246,0.238,2.199,-5.813,-11.402,7.266,1.226,1.246,1.397,1.420,3,NULL,NULL,,3,1,2,7,255,1356,250,0,0
stim,169852,199973,1,199973,3397284.454,-0.661,0.129,-0.211,0.708,0,0,1320,0,2667,5,2635,1207,46,1.063,1,2219,0,346.982,12.959,-81.375,-335.625,-33.625,-0.223,0.246,2.434,-5.320,-11.816,7.922,1.282,1.302,1.397,1.420,3,NULL,NULL,,3,1,2,7,255,1356,250,0,0
stim,169852,199973,1,199973,3397289.455,-0.660,0.136,-0.224,0.704,0,0,1159,0,2572,0,2495,1079,46,1.063,1,2219,0,361.265,14.264,-104.938,-343.938,-34.750,-0.266,0.379,2.555,-5.320,-13.234,9.668,1.340,1.360,1.397,1.420,3,NULL,NULL,,3,1,2,7,255,1356,250,0,0
stim,169852,199973,1,199973,3397294.453,-0.658,0.143,-0.238,0.700,0,0,1047,0,2467,0,2361,941,46,1.063,1,2219,0,380.405,16.319,-144.250,-349.875,-38.563,-0.250,0.422,2.465,-6.883,-14.797,9.668,1.406,1.428,1.397,1.420,3,NULL,NULL,,3,1,2,7,255,1356,250,0,0
stim,169852,199973,1,199973,3397299.455,-0.656,0.150,-0.254,0.695,0,0,875,0,2327,0,2170,877,46,1.063,1,2219,0,394.977,16.319,-166.500,-356.563,-33.875,-0.195,0.195,2.191,-6.883,-14.797,8.527,1.482,1.504,1.397,1.420,3,NULL,NULL,,3,1,2,7,255,1356,250,0,0
stim,169875,199996,1,199996,3397304.454,-0.653,0.156,-0.269,0.691,0,0,703,0,2135,0,1954,758,46,1.063,1,2219,0,408.195,14.379,-168.125,-371.750,-12.625,-0.168,-0.145,1.895,-5.137,-13.430,6.477,1.570,1.590,1.397,1.420,3,NULL,NULL,,3,1,2,7,255,1356,250,0,0
stim,169875,199996,1,199996,3397309.455,-0.648,0.163,-0.285,0.687,0,0,551,0,1917,0,1687,653,46,1.063,1,2219,0,414.775,12.211,-158.750,-383.125,7.188,-0.047,-0.285,1.566,-1.629,-12.102,4.418,1.660,1.682,1.397,1.420,3,NULL,NULL,,3,1,2,7,255,1356,250,0,0
stim,169875,199996,1,199996,3397314.454,-0.644,0.171,-0.300,0.683,0,0,408,0,1699,0,1341,529,46,1.063,1,2219,0,412.777,9.711,-124.625,-393.438,7.750,0.078,-0.262,1.242,-0.016,-9.711,2.453,1.748,1.770,1.397,1.420,3,NULL,NULL,,3,1,2,7,255,1356,250,0,0
stim,169875,199996,1,199996,3397319.455,-0.638,0.181,-0.313,0.680,0,0,262,0,1443,0,841,451,46,1.063,1,2219,0,407.211,7.191,-67.813,-401.313,13.063,0.211,-0.082,1.176,-0.016,-7.191,0.422,1.830,1.852,1.397,1.420,3,NULL,NULL,,3,1,2,7,255,1356,250,0,0
stim,169893,200014,1,200014,3397324.454,-0.631,0.192,-0.325,0.677,0,0,191,0,1141,0,360,409,46,1.063,1,2219,0,409.340,7.383,-15.375,-407.875,31.000,0.105,0.145,1.445,-1.672,-7.191,0.422,1.908,1.928,1.397,1.420,3,NULL,NULL,,3,1,2,7,255,1356,250,0,0
stim,169893,200014,1,200014,3397329.455,-0.623,0.202,-0.337,0.676,0,0,125,0,829,0,95,349,46,1.063,1,2219,0,415.454,9.798,-5.188,-410.750,62.125,-0.008,0.094,1.785,-4.066,-8.914,0.625,1.974,1.994,1.397,1.420,3,NULL,NULL,,3,1,2,7,255,1356,250,0,0
stim,169932,200053,0,200053,3397334.454,-0.614,0.212,-0.351,0.675,0,0,91,0,438,0,0,283,46,1.063,1,2219,0,427.735,13.115,-35.938,-414.250,100.313,-0.281,-0.035,1.930,-4.066,-12.469,0.758,2.034,2.054,1.397,1.420,3,NULL,NULL,,3,0,2,7,255,1361,250,0,0
stim,169932,200053,0,200053,3397339.455,-0.604,0.220,-0.365,0.673,0,0,63,0,167,0,0,229,46,1.063,1,2219,0,447.597,16.018,-76.375,-420.875,131.813,-0.457,0.035,1.727,-2.629,-15.801,0.758,2.090,2.110,1.397,1.420,3,NULL,NULL,,3,0,2,7,255,1361,250,0,0
stim,169932,200053,0,200053,3397344.454,-0.594,0.227,-0.381,0.671,0,0,43,0,0,0,0,155,46,1.063,1,2219,0,447.751,16.018,-110.500,-415.563,124.813,-0.418,0.461,1.379,-2.629,-15.801,-2.535,2.144,2.164,1.397,1.420,3,NULL,NULL,,3,0,2,7,255,1361,250,0,0
stim,169932,200053,0,200053,3397349.455,-0.586,0.233,-0.396,0.668,0,0,9,0,0,0,0,97,46,1.063,1,2219,0,429.926,14.421,-135.563,-397.063,93.813,-0.199,0.875,1.016,-6.086,-13.074,-5.953,2.198,2.218,1.397,1.420,4,NULL,NULL,,3,0,2,7,255,1361,250,0,0
stim,169932,200053,0,200053,3397354.453,-0.578,0.238,-0.411,0.664,0,0,13,0,0,0,0,53,46,1.063,1,2219,0,413.942,13.278,-148.375,-375.125,92.813,-0.051,1.039,0.828,-9.766,-8.996,-7.984,2.246,2.264,1.397,1.420,0,NULL,NULL,,3,0,2,7,255,1361,250,0,0
stim,169932,200053,0,200053,3397359.455,-0.569,0.242,-0.425,0.661,0,0,19,0,0,0,0,51,46,1.063,1,2219,0,405.203,12.746,-159.063,-354.000,116.500,-0.195,0.859,0.902,-9.766,-8.191,-8.734,2.284,2.304,1.397,1.420,0,NULL,NULL,,3,0,2,7,255,1361,250,0,0
stim,169932,200053,0,200053,3397364.454,-0.562,0.243,-0.441,0.657,0,0,25,0,0,0,0,68,46,1.063,1,2219,0,409.922,11.531,-216.313,-323.125,129.750,-0.199,0.738,0.648,-9.391,-6.691,-9.352,2.308,2.328,1.397,1.420,0,NULL,NULL,,3,0,2,7,255,1361,250,0,0
stim,169932,200053,0,200053,3397369.455,-0.556,0.244,-0.455,0.651,0,0,25,0,0,0,0,85,46,1.063,1,2219,0,369.501,9.898,-217.438,-287.875,79.875,0.129,0.199,0.324,-7.738,-6.172,-9.352,2.320,2.340,1.397,1.420,0,NULL,NULL,,3,0,2,7,255,1361,250,0,0
stim,169932,200053,0,200053,3397374.454,-0.551,0.247,-0.464,0.648,0,0,23,0,0,0,0,119,46,1.063,1,2219,0,263.630,3.869,-103.313,-236.313,54.625,0.293,-0.504,0.414,-2.953,-2.500,-7.965,2.326,2.346,1.397,1.420,0,NULL,NULL,,3,0,2,7,255,1361,250,0,0
stim,169932,200053,0,200053,3397379.455,-0.544,0.250,-0.471,0.648,0,0,19,0,0,0,0,159,46,1.063,1,2219,0,216.775,2.969,-22.188,-199.438,82.000,0.148,-0.477,1.059,1.602,-2.500,-3.949,2.328,2.348,1.397,1.420,0,NULL,NULL,,3,0,2,7,255,1361,250,0,0
stim,169957,200078,0,200078,3397384.453,-0.539,0.251,-0.477,0.647,0,0,27,0,0,0,0,165,46,1.063,1,2219,0,182.517,8.926,-65.813,-147.500,85.000,-0.020,-0.098,1.391,1.602,-8.781,-3.949,2.328,2.348,1.397,1.420,0,NULL,NULL,,3,0,2,7,255,1361,250,0,0
stim,169957,200078,0,200078,3397389.455,-0.537,0.248,-0.484,0.645,0,0,22,0,0,0,0,138,46,1.063,1,2219,0,188.836,9.032,-146.250,-84.438,84.500,-0.051,0.152,0.879,-2.113,-8.781,-4.043,2.322,2.342,1.397,1.420,0,NULL,NULL,,3,0,2,7,255,1361,250,0,0
stim,169957,200078,0,200078,3397394.454,-0.535,0.243,-0.490,0.644,0,0,23,0,0,0,0,125,46,1.063,1,2219,0,184.546,8.486,-150.250,-25.813,104.000,-0.090,0.422,0.184,-3.285,-7.824,-7.344,2.316,2.336,1.397,1.420,0,NULL,NULL,,3,0,2,7,255,1361,250,0,0
stim,169957,200078,0,200078,3397399.455,-0.534,0.238,-0.493,0.645,0,0,25,0,0,0,0,120,46,1.063,1,2219,0,147.287,4.388,-92.563,29.563,110.688,-0.277,0.570,-0.066,-4.039,-1.715,-11.434,2.312,2.332,1.397,1.420,0,NULL,NULL,,3,0,2,7,255,1361,250,0,0
stim,169957,200078,0,200078,3397404.453,-0.533,0.233,-0.493,0.647,0,0,25,0,0,0,0,109,46,1.063,1,2219,0,127.020,4.388,-33.438,76.000,96.125,-0.395,0.332,0.070,-4.039,-1.715,-14.031,2.310,2.330,1.397,1.420,0,NULL,NULL,,3,0,2,7,255,1361,250,0,0
stim,169957,200078,0,200078,3397409.455,-0.534,0.227,-0.491,0.650,0,0,19,0,0,0,0,98,46,1.063,1,2219,0,141.762,2.931,-15.938,115.813,80.188,-0.395,-0.004,0.270,-1.969,-2.172,-14.031,2.312,2.332,1.397,1.420,0,NULL,NULL,,3,0,2,7,255,1361,250,0,0
stim,169983,200104,0,200104,3397414.453,-0.535,0.221,-0.489,0.653,0,0,23,0,0,0,0,93,46,1.063,1,2219,0,171.103,3.921,-23.750,148.250,82.063,-0.348,-0.090,0.246,0.516,-3.887,-11.910,2.320,2.340,1.397,1.420,0,NULL,NULL,,3,0,2,7,255,1361,250,0,0
stim,169983,200104,0,200104,3397419.455,-0.536,0.213,-0.486,0.656,0,0,18,0,0,0,0,86,46,1.063,1,2219,0,195.890,4.027,-17.500,172.188,91.750,-0.438,0.016,0.051,1.055,-3.887,-11.910,2.332,2.352,1.397,1.420,0,NULL,NULL,,3,0,2,7,255,1361,250,0,0
stim,169983,200104,0,200104,3397424.454,-0.538,0.206,-0.482,0.660,0,0,16,0,0,0,0,89,46,1.063,1,2219,0,208.634,2.882,10.500,188.875,88.000,-0.512,0.027,-0.055,1.215,-2.613,-13.109,2.352,2.372,1.397,1.420,0,NULL,NULL,,3,0,2,7,255,1361,250,0,0
stim,169983,200104,0,200104,3397429.455,-0.540,0.200,-0.477,0.664,0,0,11,0,0,0,0,77,46,1.063,1,2219,0,222.678,2.538,39.875,202.875,82.688,-0.520,0.086,-0.047,1.055,-2.309,-14.133,2.376,2.396,1.397,1.420,0,NULL,NULL,,3,0,2,7,255,1361,250,0,0
stim,170032,200153,0,200153,3397434.453,-0.542,0.194,-0.471,0.669,0,0,8,0,0,0,0,75,46,1.063,1,2219,0,237.182,2.514,63.938,215.188,76.563,-0.566,0.066,0.086,0.996,-2.309,-14.133,2.404,2.426,1.397,1.420,0,NULL,NULL,,3,0,2,7,255,1361,250,0,0
stim,170032,200153,0,200153,3397439.455,-0.544,0.188,-0.464,0.674,0,0,7,0,0,0,0,69,46,1.063,1,2219,0,244.884,3.879,75.313,223.875,64.625,-0.594,0.086,0.211,0.961,-3.758,-13.984,2.438,2.458,1.397,1.420,0,NULL,NULL,,3,0,2,7,255,1361,250,0,0
stim,170032,200153,0,200153,3397444.453,-0.546,0.182,-0.456,0.679,0,0,9,0,0,0,0,69,46,1.063,1,2219,0,252.899,5.007,79.688,232.250,60.563,-0.605,0.148,0.301,0.551,-4.977,-13.563,2.476,2.498,1.397,1.420,0,NULL,NULL,,3,0,2,7,255,1361,250,0,0
stim,170032,200153,0,200153,3397449.455,-0.549,0.176,-0.448,0.683,0,0,3,0,0,0,0,67,46,1.063,1,2219,0,257.983,5.839,84.688,239.063,47.250,-0.703,0.070,0.395,0.516,-5.816,-13.383,2.518,2.540,1.397,1.420,0,NULL,NULL,,3,0,2,7,255,1361,250,0,0
stim,170032,200153,0,200153,3397454.454,-0.553,0.170,-0.440,0.687,0,0,4,0,0,0,0,64,46,1.063,1,2219,0,259.345,7.250,83.813,243.375,31.688,-0.695,0.133,0.520,-0.238,-7.246,-13.125,2.564,2.586,1.397,1.420,0,NULL,NULL,,3,0,2,7,255,1361,250,0,0
stim,170032,200153,0,200153,3397459.455,-0.556,0.164,-0.432,0.691,0,0,5,0,0,0,0,69,46,1.063,1,2219,0,259.652,8.219,81.125,246.000,17.938,-0.738,0.066,0.617,-0.020,-8.219,-12.500,2.612,2.634,1.397,1.420,0,NULL,NULL,,3,0,2,7,255,1361,250,0,0
stim,170032,200153,0,200153,3397464.453,-0.561,0.159,-0.423,0.694,0,0,2,0,0,0,0,62,46,1.063,1,2219,0,258.220,9.311,69.438,248.688,-3.250,-0.719,0.098,0.680,-0.430,-9.301,-11.797,2.660,2.682,1.397,1.420,0,NULL,NULL,,3,0,2,7,255,1361,250,0,0
stim,170032,200153,0,200153,3397469.455,-0.566,0.153,-0.415,0.696,0,0,6,0,0,0,0,67,46,1.063,1,2219,0,258.302,9.713,64.250,249.563,-17.625,-0.672,0.090,0.754,-0.586,-9.695,-11.254,2.706,2.728,1.397,1.420,0,NULL,NULL,,3,0,2,7,255,1361,250,0,0
stim,170032,200153,0,200153,3397474.454,-0.571,0.147,-0.407,0.697,0,0,3,0,0,0,0,71,46,1.063,1,2219,0,258.678,9.739,51.250,251.625,-31.188,-0.613,0.094,0.766,-0.926,-9.695,-10.258,2.750,2.774,1.397,1.420,0,NULL,NULL,,3,0,2,7,255,1361,250,0,0
stim,170032,200153,0,200153,3397479.455,-0.577,0.142,-0.399,0.698,0,0,2,0,0,0,0,86,46,1.063,1,2219,0,263.560,9.673,44.375,255.313,-48.063,-0.570,0.035,0.758,-0.926,-9.629,-9.629,2.792,2.816,1.397,1.420,0,NULL,NULL,,3,0,2,7,255,1361,250,0,0
stim,170050,200171,0,200171,3397484.454,-0.583,0.136,-0.391,0.699,0,0,0,0,0,0,0,95,46,1.063,1,2219,0,271.235,9.373,37.500,262.000,-59.313,-0.430,0.105,0.738,-1.254,-9.289,-8.957,2.828,2.852,1.397,1.420,0,NULL,NULL,,3,0,2,7,255,1361,250,0,0
stim,170050,200171,0,200171,3397489.455,-0.590,0.130,-0.382,0.699,0,0,0,0,0,0,0,105,46,1.063,1,2219,0,282.031,8.241,36.500,271.250,-68.063,-0.406,0.023,0.703,-1.285,-8.141,-8.305,2.862,2.886,1.397,1.420,0,NULL,NULL,,3,0,2,7,255,1361,250,0,0
stim,170050,200171,0,200171,3397494.453,-0.597,0.124,-0.374,0.699,0,0,0,0,0,0,0,109,46,1.063,1,2219,0,295.232,7.928,37.125,282.500,-77.313,-0.320,0.145,0.719,-1.969,-7.680,-7.887,2.892,2.916,1.397,1.420,0,NULL,NULL,,3,0,2,7,255,1361,250,0,0
stim,170050,200171,0,200171,3397499.455,-0.604,0.118,-0.364,0.699,0,0,0,0,0,0,0,114,46,1.063,1,2219,0,309.299,7.446,40.125,295.188,-83.188,-0.297,0.082,0.715,-2.262,-7.094,-7.555,2.922,2.946,1.397,1.420,0,NULL,NULL,,3,0,2,7,255,1361,250,0,0
stim,170077,200198,0,200198,3397504.454,-0.612,0.111,-0.354,0.698,0,0,0,0,0,0,0,133,46,1.063,1,2219,0,322.381,7.304,43.313,307.313,-87.250,-0.262,0.102,0.734,-2.633,-6.813,-7.000,2.946,2.970,1.397,1.420,0,NULL,NULL,,3,0,2,7,255,1361,250,0,0
stim,170077,200198,0,200198,3397509.455,-0.620,0.104,-0.344,0.698,0,0,0,0,0,0,0,141,46,1.063,1,2219,0,335.429,7.070,46.313,319.188,-92.125,-0.270,0.094,0.727,-2.602,-6.574,-6.578,2.968,2.994,1.397,1.420,0,NULL,NULL,,3,0,2,7,255,1361,250,0,0
stim,170077,200198,0,200198,3397514.454,-0.627,0.097,-0.333,0.697,0,0,0,0,0,0,0,137,46,1.063,1,2219,0,343.752,6.976,55.875,326.500,-91.875,-0.277,0.051,0.727,-2.602,-6.473,-6.465,2.990,3.016,1.397,1.420,0,NULL,NULL,,3,0,2,7,255,1361,250,0,0
stim,170077,200198,0,200198,3397519.455,-0.635,0.091,-0.321,0.697,0,0,0,0,0,0,0,139,46,1.063,1,2219,0,355.739,6.976,65.125,334.750,-101.250,-0.277,0.094,0.773,-2.602,-6.473,-6.164,3.012,3.038,1.397,1.420,0,NULL,NULL,,3,0,2,7,255,1361,250,0,0
stim,170077,200198,0,200198,3397524.454,-0.643,0.084,-0.309,0.696,0,0,0,0,0,0,0,139,46,1.063,1,2219,0,361.182,6.966,76.313,337.688,-102.938,-0.168,0.039,0.828,-2.707,-6.418,-5.777,3.036,3.060,1.397,1.420,0,NULL,NULL,,3,0,2,7,255,1361,250,0,0
stim,170077,200198,0,200198,3397529.455,-0.651,0.078,-0.297,0.695,0,0,0,0,0,0,0,141,46,1.063,1,2219,0,368.969,6.394,79.188,343.313,-109.563,0.051,0.004,0.805,-2.707,-5.793,-4.422,3.060,3.084,1.397,1.420,0,NULL,NULL,,3,0,2,7,255,1361,250,0,0
stim,170131,200252,0,200252,3397534.454,-0.657,0.071,-0.284,0.694,0,0,0,0,0,0,0,141,46,1.063,1,2219,0,364.014,4.498,94.813,341.125,-84.563,0.078,-0.012,0.773,-2.609,-3.664,-3.266,3.084,3.108,1.397,1.420,0,NULL,NULL,,3,0,2,7,255,1361,250,0,0
stim,170131,200252,0,200252,3397539.455,-0.664,0.065,-0.271,0.694,0,0,0,0,0,0,0,137,46,1.063,1,2219,0,366.330,4.059,114.063,339.313,-77.813,0.098,0.219,0.852,-2.609,-3.109,-3.199,3.108,3.132,1.397,1.420,0,NULL,NULL,,3,0,2,7,255,1361,250,0,0
stim,170131,200252,0,200252,3397544.454,-0.670,0.060,-0.257,0.694,0,0,0,0,0,0,0,147,46,1.063,1,2219,0,367.738,4.705,127.375,337.875,-69.625,0.113,0.090,0.914,-3.656,-2.961,-3.063,3.136,3.162,1.397,1.420,0,NULL,NULL,,3,0,2,7,255,1361,250,0,0
stim,170131,200252,0,200252,3397549.455,-0.675,0.055,-0.243,0.695,0,0,0,0,0,0,0,151,46,1.063,1,2219,0,369.394,4.671,142.063,336.438,-55.500,0.141,0.074,0.996,-3.656,-2.906,-1.965,3.164,3.190,1.397,1.420,0,NULL,NULL,,3,0,2,7,255,1361,250,0,0
stim,170131,200252,0,200252,3397554.453,-0.680,0.050,-0.228,0.695,0,0,0,0,0,0,0,148,46,1.063,1,2219,0,371.650,4.654,152.563,335.875,-45.125,0.113,0.070,1.031,-3.645,-2.895,-0.988,3.196,3.222,1.397,1.420,0,NULL,NULL,,3,0,2,7,255,1361,250,0,0
stim,170131,200252,0,200252,3397559.455,-0.684,0.045,-0.213,0.696,0,0,0,0,0,0,0,151,46,1.063,1,2219,0,375.505,4.654,164.000,336.000,-34.813,0.109,0.168,1.141,-3.645,-2.895,-0.652,3.228,3.252,1.397,1.420,0,NULL,NULL,,3,0,2,7,255,1361,250,0,0
stim,170131,200252,0,200252,3397564.454,-0.688,0.040,-0.197,0.697,0,0,0,0,0,0,0,149,46,1.063,1,2219,0,380.241,5.504,174.875,335.875,-34.500,0.051,0.160,1.328,-4.637,-2.965,0.160,3.256,3.282,1.397,1.420,0,NULL,NULL,,3,0,2,7,255,1361,250,0,0
stim,170131,200252,0,200252,3397569.455,-0.692,0.035,-0.182,0.698,0,0,0,0,0,0,0,151,46,1.063,1,2219,0,376.769,6.173,170.875,334.750,-26.438,-0.031,0.215,1.488,-4.840,-3.832,1.820,3.282,3.308,1.397,1.420,0,NULL,NULL,,3,0,2,7,255,1361,250,0,0
stim,170131,200252,0,200252,3397574.454,-0.695,0.031,-0.167,0.698,0,0,0,0,0,0,0,148,46,1.063,1,2219,0,370.336,7.243,159.188,332.625,-34.188,-0.105,0.223,1.586,-5.516,-4.695,3.074,3.306,3.330,1.397,1.420,0,NULL,NULL,,3,0,2,7,255,1361,250,0,0
stim,170131,200253,0,200253,3397579.455,-0.699,0.025,-0.153,0.698,0,0,0,0,0,0,0,146,46,1.063,1,2219,0,360.793,7.400,147.188,327.500,-35.375,-0.070,0.059,1.750,-5.516,-4.934,3.988,3.324,3.348,1.397,1.420,0,NULL,NULL,,3,0,2,7,255,1361,250,0,0
stim,170149,200270,0,200270,3397584.453,-0.702,0.020,-0.139,0.698,0,0,0,0,0,0,0,147,46,1.063,1,2219,0,345.449,7.091,119.500,323.000,-26.938,-0.070,0.152,1.824,-5.094,-4.934,6.141,3.336,3.362,1.397,1.420,0,NULL,NULL,,3,0,2,7,255,1361,250,0,0
stim,170149,200270,0,200270,3397589.455,-0.705,0.013,-0.127,0.698,0,0,0,0,0,0,0,147,46,1.063,1,2219,0,331.591,6.917,92.625,317.125,-28.375,-0.148,0.219,1.730,-5.094,-4.680,6.141,3.344,3.370,1.397,1.420,0,NULL,NULL,,3,0,2,7,255,1361,250,0,0
stim,170149,200270,0,200270,3397594.454,-0.708,0.006,-0.115,0.697,0,0,0,0,0,0,0,147,46,1.063,1,2219,0,323.800,6.867,83.188,310.563,-38.438,-0.145,0.137,1.641,-5.094,-4.605,5.809,3.350,3.374,1.397,1.420,0,NULL,NULL,,3,0,2,7,255,1361,250,0,0
stim,170149,200270,0,200270,3397599.455,-0.711,-0.000,-0.103,0.695,0,0,0,0,0,0,0,149,46,1.063,1,2219,0,318.640,5.991,76.625,305.313,-49.438,-0.070,0.078,1.590,-4.371,-4.098,5.297,3.350,3.374,1.397,1.420,0,NULL,NULL,,3,0,2,7,255,1361,250,0,0
stim,170180,200302,0,200302,3397604.453,-0.714,-0.007,-0.091,0.694,0,0,0,0,0,0,0,153,46,1.063,1,2219,0,311.250,4.626,72.313,299.500,-44.125,-0.031,0.047,1.539,-3.605,-2.898,5.137,3.346,3.370,1.397,1.420,0,NULL,NULL,,3,0,2,7,255,1361,250,0,0
stim,170180,200302,0,200302,3397609.455,-0.717,-0.013,-0.080,0.693,0,0,0,0,0,0,0,157,46,1.063,1,2219,0,307.121,3.812,73.688,295.438,-40.125,-0.059,0.066,1.527,-3.188,-2.090,4.852,3.338,3.364,1.397,1.420,0,NULL,NULL,,3,0,2,7,255,1361,250,0,0
stim,170180,200302,0,200302,3397614.454,-0.720,-0.019,-0.068,0.691,0,0,0,0,0,0,0,156,46,1.063,1,2219,0,306.502,3.693,76.250,292.625,-50.000,-0.039,0.066,1.543,-3.137,-1.949,4.852,3.328,3.354,1.397,1.420,0,NULL,NULL,,3,0,2,7,255,1361,250,0,0
stim,170181,200302,0,200302,3397619.455,-0.722,-0.025,-0.057,0.689,0,0,0,0,0,0,0,159,46,1.063,1,2219,0,303.346,3.385,79.625,288.375,-50.188,0.004,0.078,1.543,-3.086,-1.391,4.977,3.314,3.340,1.397,1.420,0,NULL,NULL,,3,0,2,7,255,1361,250,0,0
stim,170181,200302,0,200302,3397624.454,-0.725,-0.031,-0.045,0.687,0,0,0,0,0,0,0,155,46,1.063,1,2219,0,298.928,3.143,82.750,284.000,-43.063,0.008,0.176,1.547,-3.086,-0.598,4.977,3.294,3.320,1.397,1.420,0,NULL,NULL,,3,0,2,7,255,1361,250,0,0
stim,170181,200302,0,200302,3397629.455,-0.727,-0.036,-0.034,0.685,0,0,0,0,0,0,0,163,46,1.063,1,2219,0,297.656,3.913,87.625,281.188,-43.063,0.020,0.195,1.527,-3.910,-0.137,4.961,3.270,3.294,1.397,1.420,0,NULL,NULL,,3,0,2,7,255,1361,250,0,0
stim,170225,200346,0,200346,3397634.453,-0.729,-0.041,-0.022,0.683,0,0,0,0,0,0,0,156,46,1.063,1,2219,0,295.350,3.927,98.625,275.563,-39.625,0.043,0.184,1.563,-3.910,0.363,4.961,3.240,3.264,1.397,1.420,0,NULL,NULL,,3,0,2,7,255,1361,250,0,0
stim,170225,200346,0,200346,3397639.455,-0.730,-0.045,-0.010,0.682,0,0,0,0,0,0,0,155,46,1.063,1,2219,0,292.441,3.894,107.000,270.063,-33.750,0.059,0.207,1.617,-3.773,0.961,5.168,3.204,3.228,1.397,1.420,0,NULL,NULL,,3,0,2,7,255,1361,250,0,0
stim,170225,200346,0,200346,3397644.453,-0.732,-0.050,0.001,0.680,0,0,0,0,0,0,0,157,46,1.063,1,2219,0,289.966,4.062,112.813,265.563,-28.813,0.082,0.254,1.664,-3.773,1.504,5.668,3.162,3.186,1.397,1.420,0,NULL,NULL,,3,0,2,7,255,1361,250,0,0
stim,170225,200346,0,200346,3397649.455,-0.733,-0.054,0.013,0.678,0,0,0,0,0,0,0,161,46,1.063,1,2219,0,289.140,4.613,121.438,261.250,-24.563,0.129,0.285,1.715,-4.078,2.156,6.047,3.116,3.138,1.397,1.420,0,NULL,NULL,,3,0,2,7,255,1361,250,0,0
stim,170225,200346,0,200346,3397654.454,-0.734,-0.057,0.025,0.677,0,0,0,0,0,0,0,158,46,1.063,1,2219,0,289.149,5.149,131.688,256.813,-17.688,0.184,0.301,1.809,-4.137,3.066,6.484,3.064,3.086,1.397,1.420,0,NULL,NULL,,3,0,2,7,255,1361,250,0,0
stim,170225,200346,0,200346,3397659.455,-0.734,-0.060,0.037,0.675,0,0,0,0,0,0,0,160,46,1.063,1,2219,0,288.273,5.831,135.938,254.000,-10.313,0.242,0.344,1.906,-4.180,4.066,7.313,3.010,3.032,1.397,1.420,0,NULL,NULL,,3,0,2,7,255,1361,250,0,0
stim,170225,200346,0,200346,3397664.453,-0.734,-0.063,0.049,0.674,0,0,0,0,0,0,0,163,46,1.063,1,2219,0,287.234,6.747,134.438,253.813,-3.063,0.332,0.395,1.938,-4.328,5.176,8.113,2.952,2.972,1.397,1.420,0,NULL,NULL,,3,0,2,7,255,1361,250,0,0
stim,170225,200346,0,200346,3397669.455,-0.734,-0.066,0.061,0.673,0,0,0,0,0,0,0,156,46,1.063,1,2219,0,289.303,7.848,136.125,255.125,8.813,0.445,0.391,1.914,-4.328,6.547,8.113,2.890,2.910,1.397,1.420,0,NULL,NULL,,3,0,2,7,255,1361,250,0,0
stim,170225,200346,0,200346,3397674.454,-0.733,-0.069,0.074,0.672,0,0,0,0,0,0,0,163,46,1.063,1,2219,0,295.432,8.945,144.563,256.375,25.563,0.527,0.359,1.898,-4.078,7.961,7.648,2.826,2.844,1.397,1.420,0,NULL,NULL,,3,0,2,7,255,1361,250,0,0
stim,170225,200346,0,200346,3397679.455,-0.732,-0.072,0.087,0.672,0,0,0,0,0,0,0,165,46,1.063,1,2219,0,304.584,9.699,155.563,258.563,41.438,0.563,0.348,1.926,-3.457,9.063,7.281,2.758,2.776,1.397,1.420,0,NULL,NULL,,3,0,2,7,255,1361,250,0,0
stim,170263,200384,0,200384,3397684.454,-0.730,-0.074,0.100,0.672,0,0,0,0,0,0,0,167,46,1.063,1,2219,0,313.156,10.300,164.625,260.875,53.938,0.582,0.340,1.977,-3.043,9.840,7.281,2.692,2.708,1.397,1.420,0,NULL,NULL,,3,0,2,7,255,1361,250,0,0
stim,170263,200384,0,200384,3397689.455,-0.728,-0.076,0.114,0.672,0,0,0,0,0,0,0,159,46,1.063,1,2219,0,319.708,10.803,170.125,262.688,65.313,0.598,0.340,2.031,-2.652,10.473,7.563,2.624,2.638,1.397,1.420,0,NULL,NULL,,3,0,2,7,255,1361,250,0,0
stim,170263,200384,0,200384,3397694.453,-0.725,-0.078,0.128,0.672,0,0,0,0,0,0,0,165,46,1.063,1,2219,0,324.464,11.407,172.500,263.875,76.750,0.621,0.332,2.063,-2.344,11.164,7.832,2.554,2.568,1.397,1.420,0,NULL,NULL,,3,0,2,7,255,1361,250,0,0
stim,170263,200384,0,200384,3397699.455,-0.722,-0.080,0.141,0.673,0,0,0,0,0,0,0,167,46,1.063,1,2219,0,328.152,11.975,174.000,263.625,88.938,0.633,0.309,2.070,-1.941,11.816,7.832,2.486,2.500,1.397,1.420,0,NULL,NULL,,3,0,2,7,255,1361,250,0,0
stim,170263,200384,0,200384,3397704.454,-0.718,-0.082,0.155,0.674,0,0,0,0,0,0,0,169,46,1.063,1,2219,0,329.728,12.383,174.125,261.750,99.438,0.613,0.277,2.066,-1.426,12.301,7.637,2.420,2.432,1.397,1.420,0,NULL,NULL,,3,0,2,7,255,1361,250,0,0
stim,170263,200384,0,200384,3397709.455,-0.714,-0.083,0.169,0.675,0,0,0,0,0,0,0,197,46,1.063,1,2219,0,330.086,12.333,177.938,256.000,108.438,0.539,0.195,2.113,-0.891,12.301,7.637,2.354,2.366,1.397,1.420,0,NULL,NULL,,3,0,2,7,255,1361,250,0,0
stim,170283,200404,0,200404,3397714.454,-0.709,-0.081,0.184,0.677,0,0,0,0,0,0,0,207,46,1.063,1,2219,0,368.860,12.459,255.875,216.938,153.375,0.500,0.293,2.902,0.199,12.457,7.781,2.286,2.300,1.397,1.420,0,NULL,NULL,,3,0,2,7,255,1361,250,0,0
stim,170283,200404,0,200404,3397719.455,-0.705,-0.083,0.195,0.677,0,0,0,0,0,0,0,221,46,1.063,1,2219,0,274.259,15.073,123.188,229.000,87.188,0.582,0.152,2.922,0.563,15.063,14.336,2.218,2.230,1.397,1.420,0,NULL,NULL,,3,0,2,7,255,1361,250,0,0
stim,170283,200404,0,200404,3397724.454,-0.701,-0.091,0.202,0.678,0,0,0,0,0,0,0,233,46,1.063,1,2219,0,250.505,15.229,-27.938,242.875,54.625,0.793,-0.320,1.324,2.246,15.063,14.336,2.146,2.158,1.397,1.420,0,NULL,NULL,,3,0,2,7,255,1361,250,0,0
stim,170283,200404,0,200404,3397729.455,-0.696,-0.095,0.211,0.679,0,0,0,0,0,0,0,243,46,1.063,1,2219,0,261.963,12.316,57.375,233.125,104.813,1.066,-0.039,0.426,2.246,12.109,-1.598,2.070,2.082,1.397,1.420,0,NULL,NULL,,3,0,2,7,255,1361,250,0,0
stim,170329,200450,0,200450,3397734.454,-0.691,-0.092,0.225,0.680,0,0,0,0,0,0,0,288,46,1.063,1,2219,0,352.264,11.412,246.563,204.625,146.375,0.824,-0.102,0.949,2.113,11.215,-5.230,1.990,2.002,1.397,1.420,0,NULL,NULL,,3,0,2,7,255,1361,250,0,0
stim,170329,200450,0,200450,3397739.455,-0.686,-0.088,0.240,0.681,0,0,0,0,0,0,0,325,46,1.063,1,2219,0,376.207,11.412,293.563,185.375,144.875,0.527,-0.578,1.934,2.113,11.215,-5.230,1.904,1.918,1.397,1.420,0,NULL,NULL,,3,0,2,7,255,1361,250,0,0
stim,170329,200450,0,200450,3397744.453,-0.682,-0.086,0.252,0.682,0,0,0,0,0,0,0,349,46,1.063,1,2219,0,300.341,15.477,205.938,177.500,127.625,0.574,-0.848,1.965,8.652,12.832,2.578,1.816,1.828,1.397,1.420,0,NULL,NULL,,3,0,2,7,255,1361,250,0,0
stim,170329,200450,0,200450,3397749.455,-0.676,-0.084,0.263,0.683,0,0,0,0,0,0,0,367,46,1.063,1,2219,0,275.743,15.477,171.438,170.063,133.125,0.746,-0.598,1.242,8.652,12.832,2.578,1.722,1.736,1.397,1.420,0,NULL,NULL,,3,0,2,7,255,1361,250,0,0
stim,170329,200450,0,200450,3397754.453,-0.671,-0.080,0.275,0.684,0,0,9,0,0,0,0,376,46,1.063,1,2219,0,325.420,14.182,243.563,158.125,146.875,0.684,-0.320,1.094,7.668,11.930,-4.141,1.628,1.642,1.397,1.420,0,NULL,NULL,,3,0,2,7,255,1361,250,0,0
stim,170329,200450,0,200450,3397759.455,-0.666,-0.074,0.289,0.683,0,0,7,0,0,0,0,392,46,1.063,1,2219,0,367.193,14.123,307.438,148.563,135.063,0.500,-0.414,1.699,7.559,11.930,-4.141,1.530,1.544,1.397,1.420,0,NULL,NULL,,3,0,2,7,255,1361,250,0,0
stim,170329,200450,0,200450,3397764.454,-0.662,-0.069,0.303,0.682,0,0,9,0,0,0,0,396,46,1.063,1,2219,0,335.500,14.447,285.000,144.500,102.250,0.508,-0.625,2.305,7.559,12.313,0.520,1.430,1.442,1.397,1.420,0,NULL,NULL,,3,0,2,7,255,1361,250,0,0
stim,170329,200450,0,200450,3397769.455,-0.659,-0.066,0.314,0.681,0,0,10,0,20,0,0,415,46,1.063,1,2219,0,275.506,19.180,222.438,140.250,82.188,0.762,-0.664,2.383,11.461,15.379,3.180,1.326,1.338,1.397,1.420,0,NULL,NULL,,3,0,2,7,255,1361,250,0,0
stim,170329,200450,0,200450,3397774.454,-0.655,-0.064,0.323,0.680,0,0,18,0,27,0,0,447,46,1.063,1,2219,0,236.893,21.398,177.563,133.625,82.063,0.859,-0.590,2.277,11.461,18.070,3.180,1.224,1.234,1.397,1.420,0,NULL,NULL,,3,0,2,7,255,1361,250,0,0
stim,170329,200450,0,200450,3397779.455,-0.652,-0.063,0.331,0.679,0,0,19,0,69,0,0,469,46,1.063,1,2219,0,205.648,21.606,146.500,125.188,71.813,0.961,-0.590,2.180,11.082,18.547,1.688,1.120,1.130,1.397,1.420,0,NULL,NULL,,3,0,2,7,255,1361,250,0,0
stim,170351,200472,0,200472,3397784.453,-0.649,-0.062,0.338,0.679,0,0,18,0,89,0,0,484,46,1.063,1,2219,0,170.547,22.013,114.375,117.875,45.938,1.031,-0.695,2.066,11.082,19.020,0.063,1.020,1.028,1.397,1.420,0,NULL,NULL,,3,0,2,7,255,1361,250,0,0
stim,170351,200472,0,200472,3397789.455,-0.647,-0.063,0.344,0.678,0,0,13,0,95,0,0,501,46,1.063,1,2219,0,138.400,22.135,84.125,108.063,20.000,1.305,-0.773,1.934,11.277,19.047,-1.809,0.920,0.928,1.397,1.420,0,NULL,NULL,,3,0,2,7,255,1361,250,0,0
stim,170351,200472,0,200472,3397794.454,-0.646,-0.064,0.348,0.677,0,0,16,0,103,0,0,534,46,1.063,1,2219,0,115.599,23.473,63.750,95.938,9.750,1.523,-0.809,1.777,11.277,20.586,-4.789,0.826,0.832,1.397,1.420,0,NULL,NULL,,3,0,2,7,255,1361,250,0,0
stim,170351,200472,0,200472,3397799.455,-0.645,-0.065,0.352,0.676,0,0,11,0,109,0,0,541,46,1.063,1,2219,0,94.839,24.267,49.563,80.688,5.250,1.703,-0.918,1.684,11.156,21.551,-7.469,0.738,0.742,1.397,1.420,0,NULL,NULL,,3,0,2,7,255,1361,250,0,0
stim,170382,200503,0,200503,3397804.453,-0.644,-0.065,0.355,0.675,0,0,11,0,106,0,0,547,46,1.063,1,2219,0,74.266,25.061,37.438,63.875,5.813,1.813,-1.027,1.570,11.156,22.441,-9.695,0.654,0.656,1.397,1.420,0,NULL,NULL,,3,0,2,7,255,1361,250,0,0
stim,170382,200503,0,200503,3397809.455,-0.643,-0.066,0.357,0.675,0,0,9,0,111,0,0,552,46,1.063,1,2219,0,57.608,25.181,32.688,45.125,14.625,1.840,-1.047,1.496,11.422,22.441,-11.684,0.576,0.574,1.397,1.420,0,NULL,NULL,,3,0,2,7,255,1361,250,0,0
stim,170382,200503,0,200503,3397814.454,-0.642,-0.065,0.359,0.675,0,0,13,0,104,0,0,549,46,1.063,1,2219,0,43.081,25.160,29.500,22.938,21.438,1.711,-0.906,1.574,11.422,22.418,-11.684,0.502,0.498,1.397,1.420,0,NULL,NULL,,3,0,2,7,255,1361,250,0,0
stim,170382,200503,0,200503,3397819.455,-0.641,-0.065,0.359,0.675,0,0,12,0,100,0,0,552,46,1.063,1,2219,0,26.926,24.353,11.375,2.125,24.313,1.559,-0.824,1.727,10.605,21.922,-10.879,0.438,0.428,1.397,1.420,0,NULL,NULL,,3,0,2,7,255,1361,250,0,0
stim,170382,200503,0,200503,3397824.454,-0.641,-0.064,0.359,0.676,0,0,13,0,98,0,0,551,46,1.063,1,2219,0,27.011,24.082,-6.000,-19.625,17.563,1.250,-0.809,1.691,10.605,21.621,-8.664,0.376,0.362,1.397,1.420,0,NULL,NULL,,3,0,2,7,255,1361,250,0,0
stim,170382,200503,0,200503,3397829.455,-0.641,-0.063,0.357,0.676,0,0,12,0,79,0,0,541,46,1.063,1,2219,0,39.852,21.831,-11.563,-38.125,-1.000,1.172,-0.797,1.676,10.813,18.965,-7.148,0.316,0.296,1.397,1.420,0,NULL,NULL,,3,0,2,7,255,1361,250,0,0
stim,170435,200556,0,200556,3397834.453,-0.642,-0.063,0.355,0.677,0,0,12,0,53,0,0,541,46,1.063,1,2219,0,66.565,21.202,-37.125,-54.938,-5.875,0.988,-0.680,1.758,10.813,18.238,-6.734,0.262,0.232,1.397,1.420,0,NULL,NULL,,3,0,2,7,255,1361,250,0,0
stim,170435,200556,0,200556,3397839.455,-0.643,-0.062,0.351,0.677,0,0,10,0,46,0,0,539,46,1.063,1,2219,0,84.484,20.099,-52.563,-64.750,-13.500,0.859,-0.691,1.559,10.328,17.242,-5.270,0.224,0.176,1.397,1.420,0,NULL,NULL,,3,0,2,7,255,1361,250,0,0
stim,170435,200556,0,200556,3397844.454,-0.645,-0.062,0.347,0.678,0,0,11,0,13,0,0,573,46,1.063,1,2219,0,104.841,18.051,-63.188,-75.813,-35.375,0.621,-0.629,1.586,9.965,15.051,-4.602,0.216,0.150,1.397,1.420,0,NULL,NULL,,3,0,2,7,255,1361,250,0,0
stim,170435,200556,0,200556,3397849.455,-0.646,-0.056,0.346,0.678,44,0,5,329,10,0,0,599,46,1.063,1,2219,0,154.678,16.598,69.750,-129.813,47.000,-0.211,-1.195,2.855,9.965,13.273,-3.457,0.238,0.158,1.397,1.420,0,NULL,NULL,,3,0,2,7,255,1361,250,0,0
stim,170435,200556,0,200556,3397854.453,-0.640,-0.038,0.346,0.685,619,0,0,947,0,77,0,617,46,1.063,1,2219,0,449.723,17.118,211.313,-245.625,311.875,-0.152,1.172,5.953,10.809,13.273,8.367,0.284,0.206,1.397,1.420,0,NULL,NULL,,3,0,2,7,255,1361,250,0,0
stim,170435,200556,0,200556,3397859.455,-0.635,-0.047,0.327,0.698,1105,0,0,1366,0,242,0,677,46,1.063,1,2219,0,584.093,16.721,-543.500,-106.375,185.625,-1.473,1.684,3.828,10.809,12.758,33.051,0.342,0.268,1.397,1.420,0,NULL,NULL,,3,0,2,7,255,1361,250,0,0
stim,170435,200556,0,200556,3397864.453,-0.632,-0.064,0.299,0.712,1573,0,0,1723,0,460,0,740,46,1.063,1,2219,0,813.651,7.122,-799.250,-126.750,84.625,-0.984,2.328,0.293,-0.676,7.090,33.051,0.400,0.326,1.397,1.420,0,NULL,NULL,,3,0,2,7,255,1361,250,0,0
stim,170435,200556,0,200556,3397869.455,-0.630,-0.075,0.280,0.720,1914,0,0,1915,0,584,0,783,46,1.063,1,2220,0,535.081,18.459,-522.500,-106.313,44.750,-0.832,1.563,-1.695,-16.742,-7.773,4.344,0.450,0.378,1.397,1.420,1,1381.000,20.000,,3,0,2,7,255,1361,250,0,0
stim,170435,200556,0,200556,3397874.454,-0.631,-0.075,0.272,0.723,2111,0,0,1997,0,693,0,851,46,1.063,1,2220,0,201.727,21.677,-160.938,-120.875,13.500,-0.715,0.152,-1.578,-16.742,-13.770,-15.719,0.490,0.422,1.397,1.420,1,NULL,NULL,,3,0,2,7,255,1361,250,0,0
stim,170435,200556,0,200556,3397879.455,-0.632,-0.069,0.270,0.723,2266,0,0,2119,0,856,0,915,46,1.063,1,2220,0,156.476,14.168,70.125,-138.000,22.875,-0.336,-0.188,0.617,-3.336,-13.770,-15.719,0.508,0.448,1.397,1.420,1,NULL,NULL,,3,0,2,7,255,1361,250,0,0
stim,170435,200556,0,200556,3397884.453,-0.631,-0.064,0.267,0.725,2478,0,0,2283,0,977,0,953,46,1.063,1,2220,0,137.270,3.337,3.813,-122.125,62.563,-0.074,0.832,1.875,-3.336,0.078,-3.719,0.516,0.466,1.397,1.420,1,NULL,NULL,,3,0,2,7,255,1361,250,0,0
stim,170435,200556,0,200556,3397889.455,-0.629,-0.063,0.260,0.730,2621,0,0,2483,0,1013,0,977,46,1.063,1,2220,0,208.331,4.763,-142.188,-114.000,100.938,-0.465,1.367,1.820,-3.797,2.875,8.535,0.512,0.468,1.397,1.420,1,NULL,NULL,,3,0,2,7,255,1361,250,0,0
stim,170467,200588,0,200588,3397894.453,-0.624,-0.064,0.248,0.738,2735,0,0,2643,0,1004,0,1013,46,1.063,1,2220,0,348.029,4.763,-274.500,-144.938,157.375,-1.566,-0.191,0.949,-3.797,2.875,8.535,0.486,0.444,1.397,1.420,1,NULL,NULL,,3,0,2,7,255,1361,250,0,0
stim,170467,200588,0,200588,3397899.455,-0.623,-0.067,0.234,0.743,2810,0,0,2732,0,971,0,1080,46,1.063,1,2220,0,335.288,11.526,-295.813,-150.000,49.125,-1.672,-1.074,-0.016,6.672,-9.398,4.082,0.438,0.396,1.397,1.420,2,NULL,NULL,,3,0,2,7,255,1361,250,0,0
stim,170467,200588,0,200588,3397904.454,-0.626,-0.066,0.225,0.744,2873,0,0,2812,0,927,0,1139,46,1.063,1,2220,0,214.388,11.749,-133.625,-161.000,-46.750,-0.863,-0.613,-0.293,7.051,-9.398,-6.012,0.388,0.342,1.397,1.420,2,NULL,NULL,,3,0,2,7,255,1361,250,0,0
stim,170467,200588,0,200588,3397909.455,-0.629,-0.061,0.221,0.743,2931,0,0,2899,0,889,0,1191,46,1.063,1,2220,0,174.814,10.755,0.188,-163.188,-62.688,-0.125,-0.102,0.797,7.051,-8.121,-6.012,0.338,0.292,1.397,1.420,2,NULL,NULL,,3,0,2,7,255,1361,250,0,0
stim,170467,200588,0,200588,3397914.453,-0.632,-0.056,0.216,0.742,2953,0,0,2943,0,892,0,1235,46,1.063,1,2220,0,159.738,4.510,-1.125,-155.375,-37.063,0.184,-0.188,1.691,3.988,2.105,-2.531,0.296,0.256,1.397,1.420,2,NULL,NULL,,3,0,2,7,255,1361,250,0,0
stim,170467,200588,0,200588,3397919.455,-0.633,-0.054,0.209,0.744,2983,0,0,2983,0,908,0,1270,46,1.063,1,2220,0,170.407,9.160,-90.375,-144.250,7.938,0.273,-0.410,1.746,3.988,8.246,4.016,0.264,0.234,1.397,1.420,2,NULL,NULL,,3,0,2,7,255,1361,250,0,0
stim,170493,200614,0,200614,3397924.454,-0.632,-0.054,0.201,0.747,3000,0,0,3023,0,951,0,1295,46,1.063,1,2220,0,220.134,10.157,-165.000,-136.125,52.000,0.145,-0.680,1.219,5.930,8.246,4.016,0.238,0.220,1.397,1.420,2,NULL,NULL,,3,0,2,7,255,1361,250,0,0
stim,170493,200614,0,200614,3397929.455,-0.629,-0.053,0.192,0.751,3034,0,0,3055,0,1037,0,1341,46,1.063,1,2220,0,227.206,10.139,-165.313,-132.125,82.688,-0.133,-0.805,0.629,7.805,6.473,-0.629,0.218,0.208,1.397,1.420,2,NULL,NULL,,3,0,2,7,255,1361,250,0,0
stim,170530,200651,0,200651,3397934.454,-0.627,-0.051,0.185,0.755,3037,0,0,3080,0,1122,0,1388,46,1.063,1,2220,0,190.699,8.290,-106.250,-134.125,84.188,-0.438,-0.699,0.461,8.035,2.039,-5.207,0.204,0.202,1.397,1.420,2,NULL,NULL,,3,0,2,7,255,1361,250,0,0
stim,170530,200651,0,200651,3397939.455,-0.626,-0.047,0.180,0.757,3050,0,0,3096,0,1251,0,1444,46,1.063,1,2220,0,156.481,8.162,-45.438,-137.813,58.563,-0.531,-0.410,0.730,8.035,-1.434,-5.207,0.188,0.194,1.397,1.420,2,NULL,NULL,,3,0,2,7,255,1361,250,0,0
stim,170530,200651,0,200651,3397944.453,-0.626,-0.043,0.175,0.758,3060,0,0,3110,0,1371,0,1511,46,1.063,1,2220,0,142.195,5.953,-23.250,-138.125,24.500,-0.398,-0.090,1.164,5.777,-1.434,-2.293,0.172,0.184,1.397,1.420,2,NULL,NULL,,3,0,2,7,255,1361,250,0,0
stim,170530,200651,0,200651,3397949.455,-0.627,-0.040,0.170,0.759,3065,0,0,3123,0,1463,0,1580,46,1.063,1,2220,0,138.032,2.989,-41.500,-131.563,4.688,-0.117,0.031,1.352,2.988,0.043,1.863,0.156,0.172,1.397,1.420,2,NULL,NULL,,3,0,2,7,255,1361,250,0,0
stim,170530,200651,0,200651,3397954.453,-0.627,-0.038,0.164,0.760,3081,0,0,3145,21,1593,0,1652,46,1.063,1,2220,0,138.146,3.192,-65.250,-121.000,13.625,0.086,-0.008,1.336,1.457,2.840,2.371,0.138,0.158,1.397,1.420,2,NULL,NULL,,3,0,2,7,255,1361,250,0,0
stim,170530,200651,0,200651,3397959.455,-0.627,-0.036,0.158,0.762,3087,0,0,3143,72,1708,0,1703,46,1.063,1,2220,0,147.274,3.972,-89.188,-112.438,33.063,0.039,-0.113,1.156,1.457,3.695,2.371,0.122,0.146,1.397,1.420,2,NULL,NULL,,3,0,2,7,255,1361,250,0,0
stim,170530,200651,0,200651,3397964.454,-0.626,-0.035,0.153,0.764,3089,0,0,3147,127,1805,0,1739,46,1.063,1,2220,0,139.450,4.300,-85.875,-104.000,35.438,-0.074,-0.168,0.953,2.199,3.695,0.719,0.108,0.138,1.397,1.420,2,NULL,NULL,,3,0,2,7,255,1361,250,0,0
stim,170530,200651,0,200651,3397969.455,-0.625,-0.033,0.148,0.765,3092,0,0,3156,231,1895,0,1773,46,1.063,1,2220,0,122.519,3.151,-65.938,-99.125,28.938,-0.105,-0.137,0.891,2.344,2.105,-0.977,0.098,0.130,1.397,1.420,2,NULL,NULL,,3,0,2,7,255,1361,250,0,0
stim,170530,200651,0,200651,3397974.454,-0.625,-0.031,0.144,0.766,3095,0,0,3156,347,1965,0,1800,46,1.063,1,2220,0,107.636,2.789,-46.875,-94.563,21.125,-0.102,-0.012,0.977,2.344,1.512,-0.977,0.090,0.124,1.397,1.420,2,NULL,NULL,,3,0,2,7,255,1361,250,0,0
stim,170530,200651,0,200651,3397979.455,-0.625,-0.029,0.140,0.767,3101,0,0,3160,403,2028,0,1815,46,1.063,1,2220,0,102.488,1.900,-43.938,-90.875,17.750,-0.102,0.137,1.090,1.219,1.457,-0.395,0.086,0.118,1.397,1.420,2,NULL,NULL,,3,0,2,7,255,1361,250,0,0
stim,170554,200675,0,200675,3397984.453,-0.625,-0.027,0.136,0.768,3102,0,0,3172,475,2109,7,1882,46,1.063,1,2220,0,101.554,1.371,-50.938,-86.375,16.063,-0.109,0.219,1.109,-0.102,1.367,0.895,0.084,0.110,1.397,1.420,2,NULL,NULL,,3,0,2,7,255,1361,250,0,0
stim,170554,200675,0,200675,3397989.455,-0.625,-0.026,0.131,0.769,3107,0,0,3166,685,2183,73,1958,46,1.063,1,2220,0,102.233,1.308,-58.625,-82.500,14.438,-0.109,0.195,1.090,-0.699,1.105,1.039,0.084,0.100,1.397,1.420,2,NULL,NULL,,3,0,2,7,255,1361,250,0,0
stim,170554,200675,0,200675,3397994.454,-0.625,-0.025,0.128,0.770,3109,0,0,3171,800,2216,113,2020,46,1.063,1,2220,0,83.761,1.308,-45.938,-69.875,4.813,-0.027,0.188,1.340,-0.699,1.105,1.230,0.088,0.086,1.397,1.420,2,NULL,NULL,,3,0,2,7,255,1361,250,0,0
stim,170554,200675,0,200675,3397999.455,-0.626,-0.025,0.126,0.770,3111,0,0,3173,916,2264,109,2077,46,1.063,1,2220,0,53.265,2.341,-33.688,-35.625,-20.813,0.191,0.348,1.336,-0.699,2.234,3.012,0.100,0.068,1.397,1.420,2,NULL,NULL,,3,0,2,7,255,1361,250,0,0
stim,170554,200675,0,200675,3398004.453,-0.626,-0.024,0.124,0.769,3113,0,0,3175,1003,2298,117,2121,46,1.063,1,2220,0,50.920,4.594,-33.625,-33.500,-18.438,0.293,0.688,1.105,-2.648,3.754,3.012,0.114,0.050,1.397,1.420,2,NULL,NULL,,3,0,2,7,255,1361,250,0,0
stim,170554,200675,0,200675,3398009.455,-0.627,-0.024,0.122,0.769,3113,0,0,3177,1079,2332,125,2159,46,1.063,1,2220,0,37.684,5.703,-22.688,-23.125,-19.250,-0.004,0.559,1.352,-4.293,3.754,3.012,0.126,0.036,1.397,1.420,2,NULL,NULL,,3,0,2,7,255,1361,250,0,0
stim,170584,200705,0,200705,3398014.453,-0.628,-0.026,0.119,0.768,3116,0,0,3179,1141,2351,149,2195,46,1.063,1,2220,0,84.726,4.614,-73.438,-14.500,-39.688,-0.328,0.145,1.344,-4.293,1.691,3.793,0.132,0.028,1.397,1.420,2,NULL,NULL,,3,0,2,7,255,1361,250,0,0
stim,170584,200705,0,200705,3398019.455,-0.630,-0.028,0.116,0.767,3115,0,0,3180,1211,2375,177,2227,46,1.063,1,2220,0,102.734,0.549,-82.063,-12.938,-60.438,-0.152,0.141,0.813,-0.543,-0.082,3.793,0.138,0.024,1.397,1.420,2,NULL,NULL,,3,0,2,7,255,1361,250,0,0
stim,170584,200705,0,200705,3398024.454,-0.633,-0.029,0.114,0.766,3114,12,0,3183,1270,2390,189,2260,46,1.063,1,2220,0,80.481,0.399,-43.625,-11.625,-66.625,-0.047,0.102,0.875,-0.391,-0.082,-1.266,0.144,0.022,1.397,1.420,2,NULL,NULL,,3,0,2,7,255,1361,250,0,0
stim,170584,200705,0,200705,3398029.455,-0.634,-0.030,0.112,0.764,3115,21,0,3187,1321,2404,233,2287,46,1.063,1,2220,0,63.365,1.150,-31.750,-11.750,-53.563,0.055,0.063,1.066,-0.391,1.082,-1.266,0.148,0.020,1.397,1.420,2,NULL,NULL,,3,0,2,7,255,1361,250,0,0
stim,170625,200746,0,200746,3398034.453,-0.635,-0.030,0.110,0.764,3116,53,0,3188,1399,2420,248,2319,46,1.063,1,2220,0,56.765,1.925,-44.688,-10.750,-33.313,-0.004,0.063,1.074,-0.102,1.922,0.348,0.152,0.020,1.397,1.420,2,NULL,NULL,,3,0,2,7,255,1361,250,0,0
stim,170625,200746,0,200746,3398039.455,-0.636,-0.032,0.108,0.763,3116,61,0,3193,1461,2439,265,2332,46,1.063,1,2220,0,58.788,1.922,-51.750,-8.313,-26.625,-0.133,0.027,0.961,-0.031,1.922,0.348,0.152,0.018,1.397,1.420,2,NULL,NULL,,3,0,2,7,255,1361,250,0,0
stim,170625,200746,0,200746,3398044.453,-0.638,-0.033,0.106,0.762,3117,63,0,3195,1493,2451,284,2356,46,1.063,1,2220,0,53.330,0.588,-39.313,-6.875,-35.375,-0.176,0.055,0.910,0.207,0.551,-0.348,0.152,0.018,1.397,1.420,2,NULL,NULL,,3,0,2,7,255,1361,250,0,0
stim,170625,200746,0,200746,3398049.455,-0.639,-0.033,0.105,0.761,3119,91,0,3198,1549,2460,286,2375,46,1.063,1,2220,0,49.294,0.588,-24.250,-5.500,-42.563,-0.102,0.090,1.000,0.207,0.551,-0.348,0.150,0.014,1.397,1.420,2,NULL,NULL,,3,0,2,7,255,1361,250,0,0
stim,170625,200746,0,200746,3398054.454,-0.640,-0.034,0.104,0.760,3118,103,0,3205,1588,2472,301,2389,46,1.063,1,2220,0,43.837,0.788,-24.813,-3.813,-35.938,-0.059,0.074,1.070,-0.168,0.770,0.051,0.148,0.012,1.397,1.420,2,NULL,NULL,,3,0,2,7,255,1361,250,0,0
stim,170625,200746,0,200746,3398059.455,-0.641,-0.035,0.103,0.760,3119,139,0,3205,1613,2485,331,2403,46,1.063,1,2220,0,40.386,0.795,-30.875,-2.875,-25.875,-0.121,0.016,1.031,-0.168,0.777,0.332,0.146,0.008,1.397,1.420,2,NULL,NULL,,3,0,2,7,255,1361,250,0,0
stim,170646,200767,0,200767,3398064.453,-0.642,-0.036,0.102,0.759,3117,160,2,3207,1642,2489,341,2413,46,1.063,1,2220,0,39.339,0.894,-31.000,-2.750,-24.063,-0.180,-0.012,0.977,0.441,0.777,0.332,0.144,0.004,1.397,1.420,2,NULL,NULL,,3,0,2,7,255,1361,250,0,0
stim,170646,200767,0,200767,3398069.455,-0.643,-0.036,0.101,0.759,3116,170,3,3208,1673,2501,347,2424,46,1.063,1,2220,0,39.146,0.719,-25.125,-2.938,-29.875,-0.188,-0.008,0.961,0.707,0.129,-0.113,0.000,0.000,1.397,1.420,2,NULL,NULL,,3,0,2,7,255,1361,250,0,0
stim,170646,200767,0,200767,3398074.454,-0.644,-0.037,0.100,0.758,3119,191,5,3205,1694,2505,370,2431,46,1.063,1,2220,0,38.830,0.784,-20.563,-2.875,-32.813,-0.145,-0.031,0.984,0.773,0.129,-0.125,0.000,0.000,1.397,1.420,2,NULL,NULL,,3,0,2,7,255,1361,250,0,0
stim,170646,200767,0,200767,3398079.455,-0.645,-0.038,0.099,0.757,3121,207,26,3211,1711,2503,364,2451,46,0.998,1,2220,1,34.603,0.990,-19.188,-2.500,-28.688,-0.105,-0.090,0.984,0.859,0.492,-0.238,0.000,0.000,1.318,1.337,2,NULL,NULL,,3,0,2,7,255,1361,250,0,0
stim,170646,200767,0,200767,3398084.454,-0.645,-0.038,0.098,0.757,3123,211,41,3206,1739,2515,376,2455,46,0.998,1,2220,1,25.964,1.641,-18.438,-2.813,-18.063,-0.105,-0.129,0.965,1.344,0.941,-0.242,0.002,0.002,1.318,1.337,2,NULL,NULL,,3,0,2,7,255,1361,250,0,0
stim,170646,200767,0,200767,3398089.455,-0.646,-0.039,0.097,0.756,3117,217,67,3207,1757,2507,379,2466,46,0.998,1,2220,1,19.759,1.885,-16.813,-3.563,-9.750,-0.156,-0.117,0.945,1.633,0.941,-0.449,0.004,0.006,1.318,1.337,2,NULL,NULL,,3,0,2,7,255,1361,250,0,0
stim,170646,200767,0,200767,3398094.453,-0.646,-0.039,0.096,0.756,3104,225,75,3207,1767,2520,381,2460,46,0.998,1,2220,1,16.657,1.687,-13.000,-4.125,-9.563,-0.195,-0.074,0.945,1.633,0.426,-0.449,0.004,0.008,1.318,1.337,2,NULL,NULL,,3,0,2,7,255,1361,250,0,0
stim,170646,200767,0,200767,3398099.455,-0.646,-0.039,0.095,0.756,3103,222,101,3194,1782,2509,377,2463,46,0.998,1,2220,1,16.154,1.255,-8.813,-4.375,-12.813,-0.180,-0.043,0.965,1.250,0.113,-0.406,0.004,0.008,1.318,1.337,2,NULL,NULL,,3,0,2,7,255,1361,250,0,0
stim,170674,200796,0,200796,3398104.453,-0.647,-0.039,0.095,0.756,3111,229,107,3205,1799,2523,383,2471,46,0.998,1,2220,1,14.148,0.944,-5.875,-4.813,-11.938,-0.156,-0.023,0.977,0.938,0.113,-0.238,0.002,0.006,1.318,1.337,2,NULL,NULL,,3,0,2,7,255,1361,250,0,0
stim,170674,200796,0,200796,3398109.455,-0.647,-0.039,0.095,0.755,3100,227,107,3188,1815,2517,382,2475,46,0.998,1,2220,1,11.452,0.696,-5.000,-5.125,-8.938,-0.168,0.012,0.984,0.676,0.168,-0.152,0.004,0.004,1.318,1.337,2,NULL,NULL,,3,0,2,7,255,1361,250,0,0
stim,170674,200796,0,200796,3398114.454,-0.647,-0.039,0.094,0.755,3095,219,105,3183,1829,2511,373,2472,46,0.998,1,2220,1,12.025,0.414,-4.563,-5.125,-9.875,-0.191,0.035,0.988,0.379,0.168,-0.051,0.008,0.002,1.318,1.337,2,NULL,NULL,,3,0,2,7,255,1361,250,0,0
stim,170674,200796,0,200796,3398119.455,-0.648,-0.039,0.094,0.755,3089,227,106,3174,1842,2517,390,2475,46,0.998,1,2220,1,16.097,0.206,-2.688,-5.000,-15.063,-0.191,0.047,0.988,0.188,-0.086,0.055,0.012,0.006,1.318,1.337,2,NULL,NULL,,3,0,2,7,255,1361,250,0,0
stim,170674,200796,0,200796,3398124.454,-0.649,-0.039,0.094,0.754,3081,217,138,3175,1847,2515,379,2479,46,0.998,1,2220,1,19.336,0.102,-1.438,-4.500,-18.750,-0.164,0.055,1.000,0.055,-0.086,0.070,0.020,0.010,1.318,1.337,2,NULL,NULL,,3,0,2,7,255,1361,250,0,0
stim,170674,200796,0,200796,3398129.455,-0.649,-0.039,0.093,0.754,3079,203,167,3163,1855,2515,371,2473,46,0.998,1,2220,1,17.974,0.160,-2.750,-4.938,-17.063,-0.145,0.078,1.027,-0.059,0.148,0.129,0.026,0.016,1.318,1.337,2,NULL,NULL,,3,0,2,7,255,1361,250,0,0
stim,170734,200855,0,200855,3398134.453,-0.650,-0.039,0.093,0.753,3067,207,199,3155,1868,2517,371,2477,46,0.998,1,2220,1,17.688,0.339,-6.313,-4.125,-16.000,-0.172,0.109,1.027,-0.305,0.148,0.352,0.032,0.022,1.318,1.337,2,NULL,NULL,,3,0,2,7,255,1361,250,0,0
stim,170734,200855,0,200855,3398139.455,-0.650,-0.039,0.093,0.753,3065,199,237,3161,1879,2505,357,2479,46,0.998,1,2220,1,20.212,0.485,-9.250,-5.250,-17.188,-0.188,0.102,1.008,-0.484,0.023,0.352,0.036,0.026,1.318,1.337,2,NULL,NULL,,3,0,2,7,255,1361,250,0,0
stim,170734,200855,0,200855,3398144.454,-0.651,-0.040,0.092,0.752,3050,201,279,3141,1901,2505,335,2483,46,0.998,1,2220,1,22.607,0.544,-7.813,-5.688,-20.438,-0.180,0.102,0.984,-0.531,-0.117,0.281,0.042,0.030,1.318,1.337,2,NULL,NULL,,3,0,2,7,255,1361,250,0,0
stim,170734,200855,0,200855,3398149.455,-0.652,-0.039,0.092,0.752,3044,199,313,3140,1918,2513,337,2490,46,0.998,1,2220,1,22.347,0.506,-5.688,-6.250,-20.688,-0.164,0.094,0.992,-0.492,-0.117,0.070,0.046,0.032,1.318,1.337,2,NULL,NULL,,3,0,2,7,255,1361,250,0,0
stim,170734,200855,0,200855,3398154.453,-0.652,-0.039,0.091,0.751,3035,205,331,3115,1941,2503,331,2501,46,0.998,1,2220,1,21.371,0.498,-5.688,-7.000,-19.375,-0.164,0.094,1.000,-0.492,0.074,0.070,0.048,0.032,1.318,1.337,2,NULL,NULL,,3,0,2,7,255,1361,250,0,0
stim,170734,200855,0,200855,3398159.455,-0.653,-0.039,0.091,0.751,3029,203,393,3115,1952,2510,338,2503,46,0.998,1,2220,1,20.483,0.498,-5.813,-8.000,-17.938,-0.168,0.117,0.992,-0.492,0.074,0.113,0.048,0.032,1.318,1.337,2,NULL,NULL,,3,0,2,7,255,1361,250,0,0
stim,170734,200855,0,200855,3398164.453,-0.653,-0.039,0.091,0.751,2997,210,431,3105,1973,2507,353,2505,46,0.998,1,2220,1,19.698,0.720,-5.250,-8.938,-16.750,-0.176,0.141,0.992,-0.719,-0.035,0.113,0.046,0.028,1.318,1.337,2,NULL,NULL,,3,0,2,7,255,1361,250,0,0
stim,170734,200855,0,200855,3398169.455,-0.654,-0.039,0.090,0.750,2992,223,475,3095,2007,2506,359,2523,46,0.998,1,2220,1,19.887,0.929,-4.688,-9.750,-16.688,-0.176,0.141,1.000,-0.922,-0.117,0.113,0.042,0.024,1.318,1.337,2,NULL,NULL,,3,0,2,7,255,1361,250,0,0
stim,170734,200855,0,200855,3398174.454,-0.655,-0.039,0.090,0.750,2975,229,560,3067,2029,2509,345,2521,46,0.998,1,2220,1,19.836,0.933,-4.375,-10.500,-16.250,-0.160,0.156,1.004,-0.926,-0.117,0.180,0.040,0.020,1.318,1.337,2,NULL,NULL,,3,0,2,7,255,1361,250,0,0
stim,170734,200855,0,200855,3398179.455,-0.655,-0.038,0.089,0.749,2968,243,621,3059,2071,2507,375,2538,46,0.998,1,2220,1,18.915,1.090,-5.813,-10.750,-14.438,-0.141,0.176,1.012,-1.090,0.012,0.219,0.038,0.018,1.318,1.337,2,NULL,NULL,,3,0,2,7,255,1361,250,0,0
stim,170734,200855,0,200855,3398184.453,-0.655,-0.038,0.089,0.749,2958,235,669,3051,2115,2513,391,2539,46,0.998,1,2220,1,18.288,1.090,-8.688,-11.063,-11.688,-0.156,0.145,1.004,-1.090,0.027,0.219,0.038,0.016,1.318,1.337,2,NULL,NULL,,3,0,2,7,255,1361,250,0,0
stim,170734,200855,0,200855,3398189.455,-0.656,-0.038,0.088,0.749,2935,249,727,3036,2158,2509,383,2552,46,0.998,1,2220,1,20.013,0.996,-11.063,-11.250,-12.313,-0.172,0.113,0.992,-0.996,0.027,0.211,0.036,0.014,1.318,1.337,2,NULL,NULL,,3,0,2,7,255,1361,250,0,0
stim,170763,200884,0,200884,3398194.453,-0.656,-0.038,0.087,0.748,2919,249,791,3027,2199,2519,379,2580,46,0.998,1,2220,1,21.264,0.710,-11.000,-11.625,-14.000,-0.176,0.082,0.969,-0.703,-0.098,0.082,0.036,0.012,1.318,1.337,2,NULL,NULL,,3,0,2,7,255,1361,250,0,0
stim,170763,200884,0,200884,3398199.455,-0.657,-0.038,0.087,0.748,2902,253,887,3031,2238,2517,397,2597,46,0.998,1,2220,1,22.244,0.407,-9.813,-11.938,-16.000,-0.180,0.059,0.965,-0.379,-0.148,-0.137,0.032,0.008,1.318,1.337,2,NULL,NULL,,3,0,2,7,255,1361,250,0,0
stim,170763,200884,0,200884,3398204.454,-0.657,-0.038,0.086,0.748,2888,264,949,3007,2264,2509,423,2601,46,0.998,1,2220,1,23.663,0.245,-9.063,-12.125,-18.188,-0.164,0.059,0.973,-0.195,-0.148,-0.137,0.030,0.006,1.318,1.337,2,NULL,NULL,,3,0,2,7,255,1361,250,0,0
stim,170763,200884,0,200884,3398209.455,-0.658,-0.038,0.085,0.747,2883,268,1033,3003,2311,2523,472,2617,46,0.998,1,2220,1,25.338,0.189,-10.438,-11.750,-19.875,-0.148,0.035,0.988,-0.188,-0.020,-0.113,0.028,0.002,1.318,1.337,2,NULL,NULL,,3,0,2,7,255,1361,250,0,0
stim,170763,200884,0,200884,3398214.453,-0.659,-0.038,0.084,0.747,2857,283,1146,2989,2346,2524,499,2647,46,0.998,1,2220,1,26.402,0.176,-13.563,-11.313,-19.625,-0.133,0.004,0.977,-0.016,0.176,-0.113,0.028,0.002,1.318,1.337,2,NULL,NULL,,3,0,2,7,255,1361,250,0,0
stim,170763,200884,0,200884,3398219.455,-0.659,-0.038,0.083,0.746,2831,283,1241,2975,2379,2524,526,2645,46,0.998,1,2220,1,24.992,0.322,-13.563,-11.688,-17.438,-0.148,-0.027,0.953,0.270,0.176,-0.168,0.028,0.002,1.318,1.337,2,NULL,NULL,,3,0,2,7,255,1361,250,0,0
stim,170795,200916,0,200916,3398224.454,-0.660,-0.038,0.083,0.746,2807,299,1320,2967,2405,2525,629,2663,46,0.998,1,2220,1,23.478,0.421,-11.750,-12.375,-16.125,-0.164,-0.008,0.949,0.383,0.176,-0.371,0.028,0.002,1.318,1.337,2,NULL,NULL,,3,0,2,7,255,1361,250,0,0
stim,170795,200916,0,200916,3398229.455,-0.660,-0.038,0.082,0.745,2799,312,1414,2959,2432,2523,685,2677,46,0.998,1,2220,1,24.346,0.383,-10.625,-12.750,-17.813,-0.191,0.016,0.965,0.383,-0.012,-0.371,0.028,0.002,1.318,1.337,2,NULL,NULL,,3,0,2,7,255,1361,250,0,0
stim,170829,200950,0,200950,3398234.454,-0.661,-0.038,0.081,0.745,2779,314,1508,2936,2471,2523,745,2693,46,0.998,1,2220,1,28.137,0.340,-10.813,-13.813,-22.000,-0.188,0.051,0.988,0.172,-0.293,-0.164,0.030,0.002,1.318,1.337,2,NULL,NULL,,3,0,2,7,255,1361,250,0,0
stim,170829,200950,0,200950,3398239.455,-0.662,-0.038,0.080,0.744,2766,335,1591,2939,2493,2541,841,2700,46,0.998,1,2220,1,31.004,0.334,-12.688,-14.250,-24.438,-0.164,0.074,1.000,-0.160,-0.293,0.066,0.032,0.002,1.318,1.337,2,NULL,NULL,,3,0,2,7,255,1361,250,0,0
stim,170829,200950,0,200950,3398244.453,-0.663,-0.038,0.079,0.744,2747,364,1669,2921,2523,2533,923,2703,46,0.998,1,2220,1,32.368,0.336,-14.750,-14.750,-24.750,-0.152,0.059,1.004,-0.324,-0.090,0.156,0.034,0.002,1.318,1.337,2,NULL,NULL,,3,0,2,7,255,1361,250,0,0
stim,170829,200950,0,200950,3398249.455,-0.664,-0.038,0.078,0.743,2719,364,1781,2904,2549,2541,971,2720,46,0.998,1,2220,1,32.892,0.328,-16.188,-15.125,-24.313,-0.148,0.047,1.000,-0.324,0.051,0.156,0.036,0.002,1.318,1.337,2,NULL,NULL,,3,0,2,7,255,1361,250,0,0
stim,170829,200950,0,200950,3398254.454,-0.664,-0.038,0.077,0.742,2683,392,1846,2887,2581,2548,1032,2726,46,0.998,1,2220,1,33.898,0.306,-16.625,-15.125,-25.375,-0.145,0.055,1.000,-0.293,0.090,0.098,0.036,0.002,1.318,1.337,2,NULL,NULL,,3,0,2,7,255,1361,250,0,0
stim,170829,200950,0,200950,3398259.455,-0.665,-0.038,0.076,0.742,2664,407,1911,2876,2591,2544,1095,2739,46,0.998,1,2220,1,35.197,0.231,-17.313,-15.063,-26.688,-0.133,0.031,1.000,-0.207,0.102,0.094,0.036,0.004,1.318,1.337,2,NULL,NULL,,3,0,2,7,255,1361,250,0,0
stim,170829,200950,0,200950,3398264.454,-0.666,-0.038,0.075,0.741,2623,421,1997,2861,2619,2552,1189,2752,46,0.998,1,2220,1,34.887,0.248,-18.125,-15.125,-25.688,-0.121,-0.012,0.996,-0.109,0.223,0.055,0.036,0.006,1.318,1.337,2,NULL,NULL,,3,0,2,7,255,1361,250,0,0
stim,170829,200950,0,200950,3398269.455,-0.667,-0.038,0.074,0.740,2600,428,2069,2848,2633,2564,1289,2765,46,0.998,1,2220,1,33.201,0.429,-17.875,-14.688,-23.813,-0.109,-0.027,0.980,0.262,0.340,-0.008,0.038,0.008,1.318,1.337,2,NULL,NULL,,3,0,2,7,255,1361,250,0,0
stim,170829,200950,0,200950,3398274.454,-0.668,-0.038,0.073,0.740,2557,445,2143,2830,2663,2552,1382,2772,46,0.998,1,2220,1,31.576,0.541,-17.375,-14.625,-21.938,-0.113,-0.039,0.984,0.383,0.383,-0.137,0.038,0.008,1.318,1.337,2,NULL,NULL,,3,0,2,7,255,1361,250,0,0
stim,170829,200950,0,200950,3398279.455,-0.668,-0.038,0.072,0.739,2523,453,2191,2825,2679,2554,1446,2789,46,0.998,1,2220,1,30.296,0.553,-16.875,-14.500,-20.563,-0.117,-0.031,0.984,0.398,0.383,-0.137,0.038,0.010,1.318,1.337,2,NULL,NULL,,3,0,2,7,255,1361,250,0,0
stim,170863,200984,0,200984,3398284.454,-0.669,-0.038,0.071,0.739,2479,473,2247,2797,2685,2551,1499,2797,46,0.998,1,2220,1,28.419,0.521,-15.625,-14.313,-18.938,-0.117,-0.012,0.977,0.398,0.336,-0.137,0.036,0.012,1.318,1.337,2,NULL,NULL,,3,0,2,7,255,1361,250,0,0
stim,170863,200984,0,200984,3398289.455,-0.670,-0.038,0.070,0.739,2449,479,2295,2779,2715,2554,1587,2795,46,0.998,1,2220,1,26.183,0.345,-14.375,-14.375,-16.500,-0.133,0.004,0.980,0.188,0.289,-0.125,0.036,0.012,1.318,1.337,2,NULL,NULL,,3,0,2,7,255,1361,250,0,0
stim,170863,200984,0,200984,3398294.453,-0.670,-0.038,0.069,0.738,2409,489,2326,2751,2719,2567,1617,2807,46,0.998,1,2220,1,25.881,0.150,-14.438,-15.000,-15.375,-0.152,0.008,1.000,0.063,0.137,-0.121,0.036,0.014,1.318,1.337,2,NULL,NULL,,3,0,2,7,255,1361,250,0,0
stim,170863,200984,0,200984,3398299.455,-0.671,-0.038,0.068,0.738,2379,495,2365,2735,2739,2565,1736,2822,46,0.998,1,2220,1,26.825,0.080,-14.313,-15.438,-16.625,-0.156,0.012,0.996,0.016,-0.078,0.059,0.036,0.016,1.318,1.337,2,NULL,NULL,,3,0,2,7,255,1361,250,0,0
stim,170863,200984,0,200984,3398304.453,-0.671,-0.038,0.067,0.737,2311,504,2403,2703,2743,2567,1791,2828,46,0.998,1,2220,1,27.268,0.084,-13.250,-16.313,-17.375,-0.148,0.023,0.996,-0.031,-0.078,0.059,0.036,0.016,1.318,1.337,2,NULL,NULL,,3,0,2,7,255,1361,250,0,0
stim,170863,200984,0,200984,3398309.455,-0.672,-0.038,0.066,0.737,2237,520,2431,2669,2763,2571,1867,2835,46,0.998,1,2220,1,28.021,0.145,-12.188,-16.313,-19.250,-0.141,0.020,1.012,-0.125,-0.074,0.059,0.038,0.018,1.318,1.337,2,NULL,NULL,,3,0,2,7,255,1361,250,0,0
stim,170883,201004,0,201004,3398314.454,-0.672,-0.038,0.065,0.736,2185,507,2491,2649,2767,2571,1927,2847,46,0.998,1,2220,1,30.459,0.137,-15.438,-16.250,-20.625,-0.137,0.020,1.035,-0.137,0.012,0.195,0.038,0.018,1.318,1.337,2,NULL,NULL,,3,0,2,7,255,1361,250,0,0
stim,170883,201004,0,201004,3398319.455,-0.673,-0.038,0.064,0.736,2130,509,2526,2617,2787,2568,1995,2861,46,0.998,1,2220,1,35.146,0.135,-21.563,-16.250,-22.500,-0.141,0.000,1.035,-0.125,0.051,0.414,0.038,0.020,1.318,1.337,2,NULL,NULL,,3,0,2,7,255,1361,250,0,0
stim,170883,201004,0,201004,3398324.454,-0.674,-0.038,0.062,0.735,2045,509,2549,2573,2795,2571,2012,2857,46,0.998,1,2220,1,37.467,0.059,-25.313,-15.938,-22.563,-0.125,-0.004,1.016,0.008,0.059,0.414,0.038,0.020,1.318,1.337,2,NULL,NULL,,3,0,2,7,255,1361,250,0,0
stim,170883,201004,0,201004,3398329.455,-0.675,-0.039,0.061,0.735,1979,510,2585,2531,2813,2557,2120,2870,46,0.998,1,2220,1,38.879,0.075,-27.313,-15.750,-22.750,-0.129,0.008,1.016,0.008,0.074,0.238,0.040,0.018,1.318,1.337,2,NULL,NULL,,3,0,2,7,255,1361,250,0,0
stim,170928,201049,0,201049,3398334.453,-0.675,-0.039,0.059,0.734,1909,519,2616,2485,2829,2556,2168,2873,46,0.998,1,2220,1,41.413,0.132,-29.250,-15.813,-24.688,-0.141,0.031,1.020,-0.109,0.074,0.238,0.042,0.016,1.318,1.337,2,NULL,NULL,,3,0,2,7,255,1361,250,0,0
stim,170928,201049,0,201049,3398339.455,-0.676,-0.039,0.058,0.733,1816,505,2644,2424,2835,2555,2185,2875,46,0.998,1,2220,1,39.724,0.363,-26.063,-16.063,-25.313,-0.129,0.047,0.984,-0.363,-0.008,0.238,0.044,0.016,1.318,1.337,2,NULL,NULL,,3,0,2,7,255,1361,250,0,0
stim,170928,201049,0,201049,3398344.454,-0.677,-0.039,0.057,0.733,1722,495,2679,2355,2841,2549,2249,2891,46,0.998,1,2220,1,36.268,0.465,-20.750,-16.500,-24.750,-0.129,0.035,1.000,-0.465,-0.016,0.074,0.044,0.014,1.318,1.337,2,NULL,NULL,,3,0,2,7,255,1361,250,0,0
stim,170928,201049,0,201049,3398349.455,-0.678,-0.040,0.056,0.732,1595,473,2711,2299,2863,2540,2295,2901,46,0.998,1,2220,1,36.809,0.477,-19.938,-17.250,-25.688,-0.148,0.035,1.059,-0.477,-0.016,0.074,0.046,0.014,1.318,1.337,2,NULL,NULL,,3,0,2,7,255,1361,250,0,0
stim,170928,201049,0,201049,3398354.453,-0.679,-0.040,0.054,0.731,1447,463,2731,2232,2873,2537,2341,2895,46,0.998,1,2220,1,44.052,0.484,-27.000,-17.438,-30.125,-0.145,0.035,1.086,-0.477,-0.086,0.648,0.046,0.014,1.318,1.337,2,NULL,NULL,,3,0,2,7,255,1361,250,0,0
stim,170928,201049,0,201049,3398359.455,-0.680,-0.040,0.053,0.731,1299,454,2776,2157,2873,2532,2391,2913,46,0.998,1,2220,1,49.677,0.500,-33.438,-17.250,-32.438,-0.121,0.039,1.043,-0.492,-0.086,0.648,0.048,0.014,1.318,1.337,2,NULL,NULL,,3,0,2,7,255,1361,250,0,0
stim,170928,201049,0,201049,3398364.454,-0.681,-0.041,0.051,0.730,1171,424,2787,2063,2893,2534,2427,2909,46,0.998,1,2220,1,49.889,0.496,-35.000,-17.625,-30.875,-0.117,0.027,1.020,-0.492,0.059,0.480,0.048,0.014,1.318,1.337,2,NULL,NULL,,3,0,2,7,255,1361,250,0,0
stim,170928,201049,0,201049,3398369.455,-0.682,-0.041,0.049,0.729,1035,403,2807,1926,2907,2533,2450,2908,46,0.998,1,2220,1,49.435,0.496,-34.938,-18.688,-29.563,-0.141,0.023,1.020,-0.492,0.059,0.285,0.050,0.012,1.318,1.337,2,NULL,NULL,,3,0,2,7,255,1361,250,0,0
stim,170928,201049,0,201049,3398374.454,-0.683,-0.042,0.047,0.728,903,333,2843,1791,2905,2521,2505,2919,46,0.998,1,2220,1,50.803,0.524,-33.563,-19.438,-32.813,-0.152,0.031,1.016,-0.492,-0.180,0.258,0.050,0.012,1.318,1.337,2,NULL,NULL,,3,0,2,7,255,1361,250,0,0
stim,170928,201049,0,201049,3398379.455,-0.684,-0.042,0.046,0.727,713,331,2853,1643,2927,2515,2533,2925,46,0.998,1,2220,1,52.207,0.509,-32.375,-21.063,-35.125,-0.109,0.012,1.020,-0.477,-0.180,0.258,0.054,0.010,1.318,1.337,2,NULL,NULL,,3,0,2,7,255,1361,250,0,0
stim,170951,201072,0,201072,3398384.453,-0.684,-0.042,0.044,0.727,541,287,2875,1483,2932,2495,2557,2923,46,0.998,1,2220,1,46.524,0.440,-30.438,-22.563,-27.000,-0.090,-0.027,1.043,-0.430,0.094,0.258,0.056,0.006,1.318,1.337,2,NULL,NULL,,3,0,2,7,255,1361,250,0,0
stim,170951,201072,0,201072,3398389.455,-0.685,-0.042,0.042,0.726,395,249,2891,1287,2942,2488,2599,2933,46,0.998,1,2220,1,44.032,0.179,-30.313,-24.063,-21.000,-0.137,-0.023,1.055,-0.152,0.094,0.445,0.060,0.004,1.318,1.337,2,NULL,NULL,,3,0,2,7,255,1361,250,0,0
stim,170951,201072,0,201072,3398394.454,-0.686,-0.042,0.040,0.725,276,182,2909,1077,2952,2471,2633,2937,46,0.998,1,2220,1,46.500,0.227,-31.375,-25.188,-23.313,-0.199,0.000,1.059,-0.152,-0.168,0.617,0.062,0.004,1.318,1.337,2,NULL,NULL,,3,0,2,7,255,1361,250,0,0
stim,170951,201072,0,201072,3398399.455,-0.687,-0.042,0.039,0.725,139,153,2916,885,2970,2451,2643,2937,46,0.998,1,2220,1,50.937,0.886,-29.438,-28.313,-30.438,-0.215,0.043,1.086,-0.363,-0.809,0.703,0.064,0.004,1.318,1.337,2,NULL,NULL,,3,0,2,7,255,1361,250,0,0
stim,170976,201098,0,201098,3398404.453,-0.688,-0.042,0.037,0.724,55,123,2939,675,2970,2431,2695,2944,46,0.998,1,2220,1,61.236,1.157,-32.563,-30.250,-42.125,-0.172,0.059,1.098,-0.828,-0.809,0.977,0.064,0.008,1.318,1.337,2,NULL,NULL,,3,0,2,7,255,1361,250,0,0
stim,170976,201098,0,201098,3398409.455,-0.689,-0.042,0.035,0.722,24,77,2953,469,2983,2410,2713,2955,46,0.998,1,2220,1,63.199,1.177,-29.625,-33.625,-44.563,-0.102,0.074,1.059,-1.027,-0.574,0.977,0.064,0.012,1.318,1.337,2,NULL,NULL,,3,0,2,7,255,1361,250,0,0
stim,170976,201098,0,201098,3398414.453,-0.691,-0.042,0.033,0.721,0,41,2956,339,2989,2374,2695,2953,46,0.998,1,2220,1,60.990,1.172,-22.938,-36.375,-43.250,-0.078,0.066,1.051,-1.172,0.031,0.590,0.064,0.014,1.318,1.337,2,NULL,NULL,,3,0,2,7,255,1361,250,0,0
stim,170976,201098,0,201098,3398419.455,-0.692,-0.041,0.031,0.720,0,28,2968,227,3000,2341,2769,2963,46,0.998,1,2220,1,55.166,1.231,-12.375,-41.438,-34.250,-0.102,0.086,1.059,-1.230,0.031,0.555,0.062,0.018,1.318,1.337,2,NULL,NULL,,3,0,2,7,255,1361,250,0,0
stim,170976,201098,0,201098,3398424.454,-0.693,-0.040,0.030,0.719,0,12,2988,119,3005,2309,2787,2968,46,0.998,1,2220,1,63.324,1.173,-13.063,-43.438,-44.188,-0.117,0.051,1.066,-1.172,-0.047,0.555,0.060,0.020,1.318,1.337,2,NULL,NULL,,3,0,2,7,255,1361,250,0,0
stim,170976,201098,0,201098,3398429.455,-0.694,-0.037,0.029,0.718,0,2,2983,105,3005,2291,2779,2962,46,0.998,1,2220,1,61.141,1.034,20.875,-51.313,-25.875,-0.285,-0.090,1.324,-1.016,-0.195,0.676,0.058,0.024,1.318,1.337,2,NULL,NULL,,3,0,2,7,255,1361,250,0,0
stim,171029,201150,0,201150,3398434.453,-0.693,-0.034,0.028,0.719,0,0,2999,84,3029,2261,2823,2965,46,0.998,1,2220,0,85.689,1.586,50.438,-66.563,19.188,-0.395,-0.074,1.723,0.105,-1.582,3.406,0.056,0.030,1.318,1.337,3,NULL,NULL,,3,0,2,7,255,1361,250,0,0
stim,171029,201150,0,201150,3398439.455,-0.693,-0.033,0.025,0.719,0,0,3007,56,3027,2223,2839,2967,46,0.998,1,2220,0,75.334,1.608,-35.313,-66.500,2.438,-0.219,-0.137,1.539,0.289,-1.582,5.457,0.054,0.034,1.318,1.337,3,NULL,NULL,,3,0,2,7,255,1361,250,0,0
stim,171029,201150,0,201150,3398444.454,-0.694,-0.034,0.020,0.719,0,0,2997,6,3043,2163,2861,2967,46,0.998,1,2220,0,110.594,1.133,-90.188,-61.500,-17.750,-0.145,-0.273,1.000,0.680,-0.906,5.457,0.052,0.040,1.318,1.337,3,NULL,NULL,,3,0,2,7,255,1361,250,0,0
stim,171029,201150,1,201150,3398449.455,-0.693,-0.033,0.017,0.720,0,0,3015,0,3043,2103,2875,2981,46,0.998,1,2220,0,85.773,2.138,-47.938,-70.750,7.313,-0.148,-0.246,0.789,1.945,-0.887,0.199,0.052,0.044,1.318,1.337,3,NULL,NULL,,3,1,2,7,255,1361,250,0,0
stim,171029,201150,1,201150,3398454.454,-0.693,-0.031,0.015,0.720,0,0,3001,0,3052,2024,2903,2973,46,0.998,1,2220,0,78.836,2.138,1.188,-77.250,15.688,-0.223,-0.125,0.867,1.945,-0.887,-1.133,0.050,0.050,1.318,1.337,3,NULL,NULL,,3,1,2,7,255,1361,250,0,0
stim,171029,201150,1,201150,3398459.455,-0.693,-0.028,0.013,0.720,0,0,3000,0,3044,1945,2905,2968,46,0.998,1,2220,0,82.756,1.814,17.625,-80.813,-2.688,-0.254,-0.090,1.031,0.758,-1.648,-1.133,0.050,0.054,1.318,1.337,3,NULL,NULL,,3,1,2,7,255,1361,250,0,0
stim,171029,201150,1,201150,3398464.453,-0.693,-0.025,0.011,0.720,0,0,3003,0,3049,1845,2919,2965,46,0.998,1,2220,0,86.501,1.715,17.250,-84.250,-9.313,-0.195,-0.113,1.191,0.473,-1.648,0.438,0.050,0.058,1.318,1.337,3,NULL,NULL,,3,1,2,7,255,1361,250,0,0
stim,171029,201150,1,201150,3398469.455,-0.693,-0.022,0.008,0.720,0,0,2997,0,3051,1769,2931,2967,46,0.998,1,2220,0,86.637,1.410,4.500,-86.500,-1.875,-0.133,-0.160,1.195,0.473,-1.328,2.004,0.050,0.064,1.318,1.337,3,NULL,NULL,,3,1,2,7,255,1361,250,0,0
stim,171029,201150,1,201150,3398474.454,-0.693,-0.020,0.005,0.721,0,0,2989,0,3054,1676,2932,2943,46,0.998,1,2220,0,90.446,1.202,-5.500,-90.063,6.250,-0.121,-0.199,1.117,0.910,-0.785,2.004,0.052,0.068,1.318,1.337,3,NULL,NULL,,3,1,2,7,255,1361,250,0,0
stim,171029,201150,1,201150,3398479.455,-0.693,-0.017,0.002,0.721,0,0,2985,0,3055,1572,2943,2963,46,0.998,1,2220,0,92.522,1.503,-5.500,-91.875,9.438,-0.125,-0.188,1.023,1.281,-0.785,1.246,0.054,0.074,1.318,1.337,3,NULL,NULL,,3,1,2,7,255,1361,250,0,0
stim,171048,201169,1,201169,3398484.453,-0.692,-0.014,-0.000,0.722,0,0,2972,0,3056,1435,2957,2943,46,0.998,1,2220,0,96.528,1.590,3.188,-95.875,10.750,-0.137,-0.156,1.059,1.281,-0.941,0.645,0.056,0.078,1.318,1.337,3,NULL,NULL,,3,1,2,7,255,1361,250,0,0
stim,171048,201169,1,201169,3398489.455,-0.692,-0.011,-0.003,0.722,0,0,2965,0,3068,1285,2965,2951,46,0.998,1,2220,0,100.166,1.473,13.438,-99.000,7.188,-0.168,-0.098,1.063,0.938,-1.137,0.645,0.060,0.084,1.318,1.337,3,NULL,NULL,,3,1,2,7,255,1361,250,0,0
stim,171048,201169,1,201169,3398494.453,-0.692,-0.007,-0.005,0.722,0,0,2956,0,3068,1129,2975,2949,46,0.998,1,2220,0,104.128,1.208,17.813,-102.563,2.500,-0.094,-0.023,1.152,0.410,-1.137,0.645,0.064,0.088,1.318,1.337,3,NULL,NULL,,3,1,2,7,255,1361,250,0,0
stim,171048,201169,1,201169,3398499.455,-0.691,-0.004,-0.008,0.722,0,0,2939,0,3077,985,2984,2935,46,0.998,1,2220,0,106.486,1.481,11.125,-105.875,2.438,-0.133,0.000,1.223,-0.371,-1.434,1.465,0.070,0.094,1.318,1.337,3,NULL,NULL,,3,1,2,7,255,1361,250,0,0
stim,171078,201199,1,201199,3398504.454,-0.691,0.000,-0.011,0.723,0,0,2925,0,3069,773,2996,2930,46,0.998,1,2220,0,111.141,1.561,12.063,-110.250,7.188,-0.125,0.012,1.215,-0.617,-1.434,2.063,0.076,0.100,1.318,1.337,3,NULL,NULL,,3,1,2,7,255,1361,250,0,0
stim,171078,201199,1,201199,3398509.455,-0.691,0.004,-0.014,0.723,0,0,2904,0,3079,651,2999,2919,46,0.998,1,2220,0,115.666,1.595,8.563,-114.875,10.438,0.020,0.098,1.227,-0.699,-1.434,2.156,0.082,0.104,1.318,1.337,3,NULL,NULL,,3,1,2,7,255,1361,250,0,0
stim,171078,201199,1,201199,3398514.453,-0.690,0.008,-0.017,0.724,0,0,2885,0,3066,545,3007,2905,46,0.998,1,2220,0,123.572,1.763,2.000,-120.625,26.750,-0.063,0.078,1.227,-1.348,-1.137,2.145,0.088,0.108,1.318,1.337,3,NULL,NULL,,3,1,2,7,255,1361,250,0,0
stim,171078,201199,1,201199,3398519.455,-0.688,0.012,-0.021,0.725,0,0,2861,0,3069,419,2991,2893,46,0.998,1,2220,0,130.285,1.954,4.313,-126.500,30.875,-0.047,0.195,1.273,-1.590,-1.137,2.156,0.094,0.114,1.318,1.337,3,NULL,NULL,,3,1,2,7,255,1361,250,0,0
stim,171078,201199,1,201199,3398524.454,-0.687,0.016,-0.024,0.726,0,0,2835,0,3069,231,3019,2868,46,0.998,1,2220,0,131.329,2.294,-8.438,-128.688,24.813,-0.105,0.145,1.203,-1.953,-1.203,2.145,0.102,0.118,1.318,1.337,3,NULL,NULL,,3,1,2,7,255,1361,250,0,0
stim,171078,201199,1,201199,3398529.455,-0.687,0.020,-0.028,0.726,0,0,2809,0,3077,151,3017,2842,46,0.998,1,2220,0,134.736,3.031,3.875,-133.563,17.313,-0.086,0.199,1.191,-2.441,-1.797,1.836,0.110,0.126,1.318,1.337,3,NULL,NULL,,3,1,2,7,255,1361,250,0,0
stim,171123,201244,1,201244,3398534.454,-0.686,0.025,-0.032,0.727,0,0,2773,0,3078,58,3003,2825,46,0.998,1,2220,0,141.015,2.948,0.188,-139.563,20.188,-0.078,0.180,1.266,-2.301,-1.844,1.836,0.120,0.134,1.318,1.337,3,NULL,NULL,,3,1,2,7,255,1361,250,0,0
stim,171123,201244,1,201244,3398539.455,-0.685,0.029,-0.036,0.727,0,0,2739,0,3079,25,3029,2795,46,0.998,1,2220,0,143.928,3.110,5.313,-142.938,16.000,-0.098,0.203,1.344,-2.441,-1.926,2.387,0.130,0.144,1.318,1.337,3,NULL,NULL,,3,1,2,7,255,1361,250,0,0
stim,171123,201244,1,201244,3398544.453,-0.684,0.034,-0.040,0.728,0,0,2699,0,3077,0,3034,2759,46,0.998,1,2220,0,151.886,3.218,-11.125,-150.500,17.188,-0.070,0.137,1.387,-2.301,-2.250,3.121,0.142,0.154,1.318,1.337,3,NULL,NULL,,3,1,2,7,255,1361,250,0,0
stim,171123,201244,1,201244,3398549.455,-0.683,0.038,-0.045,0.728,0,0,2659,0,3067,0,3031,2719,46,0.998,1,2220,0,154.578,3.201,-22.313,-151.563,20.625,0.008,0.168,1.426,-2.277,-2.250,3.578,0.154,0.166,1.318,1.337,3,NULL,NULL,,3,1,2,7,255,1361,250,0,0
stim,171123,201244,1,201244,3398554.454,-0.681,0.042,-0.051,0.729,0,0,2596,0,3055,0,3043,2679,46,0.998,1,2220,0,160.972,2.985,-27.438,-156.125,28.000,-0.074,0.141,1.477,-1.961,-2.250,3.969,0.166,0.180,1.318,1.337,3,NULL,NULL,,3,1,2,7,255,1361,250,0,0
stim,171123,201244,1,201244,3398559.455,-0.680,0.046,-0.056,0.730,0,0,2538,0,3048,0,3037,2635,46,0.998,1,2220,0,171.030,3.406,-27.438,-164.625,37.375,-0.156,0.078,1.613,-1.961,-2.785,4.352,0.180,0.194,1.318,1.337,3,NULL,NULL,,3,1,2,7,255,1361,250,0,0
stim,171123,201244,1,201244,3398564.454,-0.678,0.050,-0.063,0.731,0,0,2473,0,3043,0,3037,2584,46,0.998,1,2220,0,181.739,4.170,-38.813,-173.125,39.375,-0.242,0.078,1.715,-1.395,-3.930,5.574,0.196,0.210,1.318,1.337,3,NULL,NULL,,3,1,2,7,255,1361,250,0,0
stim,171123,201244,1,201244,3398569.455,-0.676,0.054,-0.070,0.731,0,0,2405,0,3033,0,3035,2518,46,0.998,1,2220,0,196.402,5.319,-59.875,-182.875,39.313,-0.293,0.090,1.664,-1.395,-5.133,5.684,0.214,0.230,1.318,1.337,3,NULL,NULL,,3,1,2,7,255,1361,250,0,0
stim,171123,201244,1,201244,3398574.454,-0.675,0.058,-0.078,0.732,0,0,2335,0,3057,11,3031,2427,46,0.998,1,2220,0,211.194,5.996,-74.813,-195.313,29.313,-0.352,0.086,1.582,-1.457,-5.816,5.684,0.234,0.252,1.318,1.337,3,NULL,NULL,,3,1,2,7,255,1361,250,0,0
stim,171123,201244,1,201244,3398579.455,-0.673,0.062,-0.087,0.732,0,0,2223,0,3019,33,3027,2340,46,0.998,1,2220,0,221.123,6.599,-72.438,-207.938,20.250,-0.316,0.098,1.582,-1.484,-6.430,4.684,0.256,0.276,1.318,1.337,3,NULL,NULL,,3,1,2,7,255,1361,250,0,0
stim,171160,201281,1,201281,3398584.454,-0.672,0.067,-0.096,0.732,0,0,2131,0,3000,36,3015,2253,46,0.998,1,2220,0,235.726,6.700,-78.625,-221.375,19.438,-0.309,0.098,1.594,-1.656,-6.492,4.617,0.280,0.302,1.318,1.337,3,NULL,NULL,,3,1,2,7,255,1361,250,0,0
stim,171160,201281,1,201281,3398589.455,-0.670,0.072,-0.105,0.731,0,0,2007,0,2973,41,3000,2149,46,0.998,1,2220,0,247.472,6.877,-78.438,-234.188,15.688,-0.340,0.090,1.633,-1.715,-6.660,4.617,0.310,0.332,1.318,1.337,3,NULL,NULL,,3,1,2,7,255,1361,250,0,0
stim,171160,201281,1,201281,3398594.454,-0.669,0.077,-0.115,0.731,0,0,1909,0,2973,45,2981,2063,46,0.998,1,2220,0,263.728,7.580,-85.188,-249.375,10.375,-0.352,0.102,1.605,-1.719,-7.383,4.598,0.340,0.362,1.318,1.337,3,NULL,NULL,,3,1,2,7,255,1361,250,0,0
stim,171160,201281,1,201281,3398599.455,-0.667,0.084,-0.125,0.730,0,0,1821,0,2943,59,2955,1952,46,0.998,1,2220,0,276.641,7.987,-75.688,-266.063,3.500,-0.383,0.137,1.594,-1.898,-7.758,4.281,0.372,0.396,1.318,1.337,3,NULL,NULL,,3,1,2,7,255,1361,250,0,0
stim,171160,201281,1,201281,3398604.453,-0.666,0.091,-0.136,0.728,0,0,1724,0,2921,69,2932,1881,46,0.998,1,2220,0,289.152,8.631,-60.750,-282.625,-6.438,-0.328,0.203,1.746,-2.238,-8.336,4.281,0.406,0.430,1.318,1.337,3,NULL,NULL,,3,1,2,7,255,1361,250,0,0
stim,171160,201281,1,201281,3398609.455,-0.664,0.099,-0.146,0.727,0,0,1653,0,2901,70,2879,1771,46,0.998,1,2220,0,301.731,9.250,-46.625,-298.063,-5.125,-0.359,0.254,2.027,-3.121,-8.707,5.113,0.448,0.470,1.318,1.337,3,NULL,NULL,,3,1,2,7,255,1361,250,0,0
stim,171184,201305,1,201305,3398614.454,-0.662,0.107,-0.156,0.725,0,0,1563,0,2848,72,2835,1669,46,0.998,1,2220,0,319.103,11.036,-53.250,-314.625,-1.500,-0.477,0.324,2.340,-3.816,-10.355,7.309,0.492,0.516,1.318,1.337,3,NULL,NULL,,3,1,2,7,255,1361,250,0,0
stim,171184,201305,1,201305,3398619.455,-0.660,0.115,-0.169,0.723,0,0,1466,0,2799,53,2761,1563,46,0.998,1,2220,0,342.307,13.898,-85.563,-331.375,-6.625,-0.531,0.445,2.488,-4.680,-13.086,9.367,0.540,0.564,1.318,1.337,3,NULL,NULL,,3,1,2,7,255,1361,250,0,0
stim,171184,201305,1,201305,3398624.454,-0.658,0.123,-0.182,0.720,0,0,1372,0,2756,31,2665,1463,46,0.998,1,2220,0,358.779,15.765,-101.438,-343.250,-24.750,-0.445,0.430,2.480,-6.000,-14.578,9.715,0.594,0.616,1.318,1.337,3,NULL,NULL,,3,1,2,7,255,1361,250,0,0
stim,171184,201305,1,201305,3398629.455,-0.656,0.132,-0.195,0.717,0,0,1251,0,2671,9,2557,1325,46,0.998,1,2220,0,372.944,15.860,-108.250,-355.313,-33.500,-0.367,0.449,2.512,-6.070,-14.652,9.797,0.652,0.674,1.318,1.337,3,NULL,NULL,,3,1,2,7,255,1361,250,0,0
stim,171229,201350,1,201350,3398634.453,-0.655,0.139,-0.210,0.713,0,0,1111,0,2583,0,2418,1222,46,0.998,1,2220,0,389.164,16.037,-135.063,-363.250,-35.438,-0.348,0.434,2.441,-6.520,-14.652,9.715,0.714,0.736,1.318,1.337,3,NULL,NULL,,3,1,2,7,255,1361,250,0,0
stim,171229,201350,1,201350,3398639.455,-0.653,0.147,-0.225,0.708,0,0,955,0,2469,0,2207,1071,46,0.998,1,2220,0,401.932,16.037,-152.500,-370.625,-30.500,-0.352,0.340,2.305,-6.520,-14.652,8.781,0.780,0.802,1.318,1.337,3,NULL,NULL,,3,1,2,7,255,1361,250,0,0
stim,171229,201350,1,201350,3398644.454,-0.650,0.154,-0.241,0.704,0,0,803,0,2329,0,2021,966,46,0.998,1,2220,0,413.304,15.703,-157.750,-381.500,-19.813,-0.332,0.078,2.109,-5.656,-14.648,7.188,0.852,0.872,1.318,1.337,3,NULL,NULL,,3,1,2,7,255,1361,250,0,0
stim,171229,201350,1,201350,3398649.455,-0.647,0.162,-0.257,0.700,0,0,615,0,2136,0,1750,868,46,0.998,1,2220,0,427.300,14.323,-154.875,-398.188,-6.750,-0.254,-0.199,1.848,-3.129,-13.977,5.555,0.922,0.944,1.318,1.337,3,NULL,NULL,,3,1,2,7,255,1361,250,0,0
stim,171229,201350,1,201350,3398654.453,-0.643,0.170,-0.273,0.696,0,0,429,0,1915,0,1439,731,46,0.998,1,2220,0,433.279,12.400,-144.375,-408.500,3.813,-0.090,-0.270,1.469,-0.352,-12.395,3.848,0.992,1.014,1.318,1.337,3,NULL,NULL,,3,1,2,7,255,1361,250,0,0
stim,171229,201350,1,201350,3398659.455,-0.638,0.179,-0.288,0.692,0,0,299,0,1651,0,1007,611,46,0.998,1,2220,0,428.815,9.355,-107.188,-415.188,3.500,0.117,-0.277,1.082,0.531,-9.340,1.527,1.056,1.080,1.318,1.337,3,NULL,NULL,,3,1,2,7,255,1361,250,0,0
stim,171229,201350,1,201350,3398664.453,-0.632,0.191,-0.300,0.689,0,0,223,0,1367,0,534,496,46,0.998,1,2220,0,425.859,5.821,-25.500,-424.813,15.500,0.227,-0.223,1.141,0.531,-5.797,0.320,1.112,1.136,1.318,1.337,3,NULL,NULL,,3,1,2,7,255,1361,250,0,0
stim,171229,201350,1,201350,3398669.455,-0.624,0.204,-0.311,0.687,0,0,173,0,1045,0,173,411,46,0.998,1,2220,0,434.623,5.798,38.313,-430.625,44.625,0.039,0.000,1.629,0.109,-5.797,0.320,1.160,1.186,1.318,1.337,3,NULL,NULL,,3,1,2,7,255,1361,250,0,0
stim,171229,201350,1,201350,3398674.454,-0.615,0.216,-0.323,0.686,0,0,99,0,588,0,0,339,46,0.998,1,2220,0,439.621,10.948,27.375,-431.813,77.813,-0.219,0.133,2.082,-2.355,-10.691,1.883,1.208,1.234,1.318,1.337,3,NULL,NULL,,3,1,2,7,255,1361,250,0,0
stim,171229,201350,1,201350,3398679.455,-0.605,0.227,-0.337,0.685,0,0,74,0,271,0,0,243,46,0.998,1,2220,0,452.088,16.354,-35.688,-437.000,110.188,-0.465,0.109,2.109,-3.031,-16.070,1.883,1.260,1.284,1.318,1.337,3,NULL,NULL,,3,1,2,7,255,1361,250,0,0
stim,171250,201371,1,201371,3398684.453,-0.596,0.235,-0.353,0.682,0,0,42,0,1,0,0,149,46,0.998,1,2220,0,470.973,16.723,-100.813,-440.375,133.125,-0.570,0.309,1.684,-3.734,-16.301,0.445,1.318,1.342,1.318,1.337,3,NULL,NULL,,3,1,2,7,255,1361,250,0,0
stim,171250,201371,1,201371,3398689.455,-0.586,0.242,-0.370,0.679,0,0,3,0,0,0,0,85,46,0.998,1,2220,0,471.245,16.828,-144.688,-431.000,124.000,-0.555,0.762,1.137,-4.180,-16.301,-4.168,1.382,1.408,1.318,1.337,4,NULL,NULL,,3,1,2,7,255,1361,250,0,0
stim,171250,201371,1,201371,3398694.453,-0.578,0.248,-0.386,0.675,0,0,8,0,0,0,0,39,46,0.998,1,2220,0,455.364,14.555,-155.188,-416.125,100.563,-0.398,1.113,0.754,-7.793,-12.293,-8.992,1.448,1.476,1.318,1.337,4,NULL,NULL,,3,1,2,7,255,1361,250,0,0
stim,171250,201371,0,201371,3398699.455,-0.569,0.255,-0.401,0.671,0,0,12,0,0,0,0,11,46,0.998,1,2220,0,439.492,13.347,-133.500,-406.563,100.188,-0.414,1.074,0.719,-10.352,-8.426,-11.383,1.516,1.544,1.318,1.337,0,NULL,NULL,,3,0,2,7,255,1365,250,0,0
stim,171296,201417,0,201417,3398704.454,-0.560,0.260,-0.416,0.668,0,0,16,0,0,0,0,3,46,0.998,1,2220,0,433.771,13.347,-135.813,-396.250,112.688,-0.523,0.836,0.914,-10.352,-8.426,-11.695,1.580,1.608,1.318,1.337,0,NULL,NULL,,3,0,2,7,255,1365,250,0,0
stim,171296,201417,0,201417,3398709.455,-0.551,0.265,-0.432,0.663,0,0,22,0,0,0,0,13,46,0.998,1,2220,0,437.598,12.616,-172.438,-389.625,99.750,-0.422,0.512,0.898,-8.063,-9.703,-11.695,1.638,1.666,1.318,1.337,0,NULL,NULL,,3,0,2,7,255,1365,250,0,0
stim,171296,201417,0,201417,3398714.453,-0.544,0.270,-0.446,0.657,0,0,23,0,0,0,0,29,46,0.998,1,2220,0,405.434,11.014,-169.625,-363.875,56.563,-0.051,0.078,0.824,-5.211,-9.703,-10.520,1.694,1.718,1.318,1.337,0,NULL,NULL,,3,0,2,7,255,1365,250,0,0
stim,171296,201417,0,201417,3398719.455,-0.538,0.276,-0.458,0.652,0,0,21,0,0,0,0,45,46,0.998,1,2220,0,347.528,8.225,-112.813,-325.750,44.000,0.133,-0.328,0.965,-1.961,-7.988,-6.863,1.742,1.766,1.318,1.337,0,NULL,NULL,,3,0,2,7,255,1365,250,0,0
stim,171296,201417,0,201417,3398724.454,-0.531,0.281,-0.468,0.649,0,0,25,0,0,0,0,92,46,0.998,1,2220,0,312.254,8.043,-83.188,-291.313,75.625,0.004,-0.156,1.445,-0.934,-7.988,-3.727,1.776,1.800,1.318,1.337,0,NULL,NULL,,3,0,2,7,255,1365,250,0,0
stim,171296,201417,0,201417,3398729.455,-0.525,0.283,-0.478,0.645,0,0,31,0,0,0,0,123,46,0.998,1,2220,0,288.682,12.924,-134.563,-243.813,76.063,-0.277,0.141,1.645,-0.934,-12.891,-3.727,1.810,1.834,1.318,1.337,0,NULL,NULL,,3,0,2,7,255,1365,250,0,0
stim,171328,201449,0,201449,3398734.454,-0.522,0.282,-0.489,0.640,0,0,44,0,0,0,0,121,46,0.998,1,2220,0,285.442,13.333,-208.250,-187.688,53.688,-0.395,0.309,1.277,-3.285,-12.922,-6.578,1.844,1.868,1.318,1.337,0,NULL,NULL,,3,0,2,7,255,1365,250,0,0
stim,171328,201449,0,201449,3398739.455,-0.521,0.279,-0.499,0.634,0,0,51,0,0,0,0,141,46,0.998,1,2220,0,276.757,13.533,-243.188,-126.188,39.125,-0.313,0.480,0.664,-4.020,-12.922,-9.805,1.880,1.904,1.318,1.337,0,NULL,NULL,,3,0,2,7,255,1365,250,0,0
stim,171328,201449,0,201449,3398744.453,-0.521,0.274,-0.507,0.629,0,0,51,0,0,0,0,149,46,0.998,1,2220,0,237.902,8.430,-227.313,-62.438,32.063,-0.199,0.617,0.137,-4.852,-6.895,-11.953,1.914,1.938,1.318,1.337,0,NULL,NULL,,3,0,2,7,255,1365,250,0,0
stim,171328,201449,0,201449,3398749.455,-0.523,0.270,-0.512,0.625,0,0,43,0,0,0,0,149,46,0.998,1,2220,0,183.444,5.125,-181.875,0.000,23.938,-0.113,0.598,-0.117,-4.898,-1.508,-13.262,1.942,1.966,1.318,1.337,0,NULL,NULL,,3,0,2,7,255,1365,250,0,0
stim,171328,201449,0,201449,3398754.453,-0.525,0.265,-0.515,0.623,0,0,34,0,0,0,0,146,46,0.998,1,2220,0,151.901,5.036,-140.000,55.375,20.188,-0.047,0.352,-0.148,-4.898,1.168,-13.262,1.966,1.990,1.318,1.337,0,NULL,NULL,,3,0,2,7,255,1365,250,0,0
stim,171328,201449,0,201449,3398759.455,-0.528,0.259,-0.516,0.622,0,0,31,0,0,0,0,135,46,0.998,1,2220,0,159.696,3.139,-119.875,101.625,28.375,-0.020,0.059,-0.191,-2.766,1.484,-11.980,1.986,2.010,1.318,1.337,0,NULL,NULL,,3,0,2,7,255,1365,250,0,0
stim,171328,201449,0,201449,3398764.454,-0.532,0.251,-0.516,0.623,0,0,27,0,0,0,0,109,46,0.998,1,2220,0,178.013,1.650,-101.813,138.938,44.938,-0.043,-0.098,-0.379,-0.066,1.648,-11.027,2.006,2.030,1.318,1.337,0,NULL,NULL,,3,0,2,7,255,1365,250,0,0
stim,171328,201449,0,201449,3398769.455,-0.535,0.244,-0.515,0.624,0,0,28,0,0,0,0,102,46,0.998,1,2220,0,187.555,3.576,-62.625,166.875,58.375,-0.117,-0.055,-0.586,1.910,3.023,-11.027,2.022,2.046,1.318,1.337,0,NULL,NULL,,3,0,2,7,255,1365,250,0,0
stim,171328,201449,0,201449,3398774.454,-0.537,0.237,-0.511,0.628,0,0,24,0,0,0,0,95,46,0.998,1,2220,0,199.290,4.985,-8.250,188.125,65.250,-0.129,0.008,-0.648,2.008,4.563,-12.543,2.036,2.062,1.318,1.337,0,NULL,NULL,,3,0,2,7,255,1365,250,0,0
stim,171328,201449,0,201449,3398779.455,-0.539,0.231,-0.506,0.632,0,0,19,0,0,0,0,92,46,0.998,1,2220,0,223.408,4.985,45.875,204.688,76.875,-0.121,0.055,-0.574,2.008,4.563,-13.102,2.050,2.076,1.318,1.337,0,NULL,NULL,,3,0,2,7,255,1365,250,0,0
stim,171349,201470,0,201470,3398784.453,-0.541,0.225,-0.499,0.639,0,0,11,0,0,0,0,75,46,0.998,1,2220,0,254.823,4.661,89.813,219.563,93.063,-0.168,0.086,-0.395,1.391,4.449,-13.102,2.062,2.088,1.318,1.337,0,NULL,NULL,,3,0,2,7,255,1365,250,0,0
stim,171349,201470,0,201470,3398789.455,-0.542,0.220,-0.491,0.646,0,0,12,0,0,0,0,63,46,0.998,1,2220,0,282.130,2.747,123.063,232.375,102.250,-0.281,0.113,-0.211,0.742,2.645,-13.102,2.076,2.104,1.318,1.337,0,NULL,NULL,,3,0,2,7,255,1365,250,0,0
stim,171349,201470,0,201470,3398794.454,-0.543,0.214,-0.482,0.653,0,0,9,0,0,0,0,59,46,0.998,1,2220,0,302.202,0.621,147.625,242.875,102.688,-0.355,0.113,-0.043,0.352,0.512,-13.242,2.094,2.122,1.318,1.337,0,NULL,NULL,,3,0,2,7,255,1365,250,0,0
stim,171349,201470,0,201470,3398799.455,-0.545,0.209,-0.472,0.661,0,0,6,0,0,0,0,53,46,0.998,1,2220,0,319.726,1.372,166.750,253.438,100.938,-0.441,0.160,0.125,0.113,-1.367,-13.320,2.116,2.146,1.318,1.337,0,NULL,NULL,,3,0,2,7,255,1365,250,0,0
stim,171378,201499,0,201499,3398804.453,-0.546,0.204,-0.461,0.669,0,0,5,0,0,0,0,31,46,0.998,1,2220,0,331.677,3.284,179.188,263.313,92.563,-0.539,0.148,0.320,-0.441,-3.254,-13.242,2.144,2.174,1.318,1.337,0,NULL,NULL,,3,0,2,7,255,1365,250,0,0
stim,171378,201499,0,201499,3398809.455,-0.548,0.199,-0.449,0.677,0,0,3,0,0,0,0,24,46,0.998,1,2220,0,335.269,5.527,181.188,271.750,75.688,-0.594,0.172,0.523,-0.543,-5.500,-13.012,2.176,2.208,1.318,1.337,0,NULL,NULL,,3,0,2,7,255,1365,250,0,0
stim,171378,201499,0,201499,3398814.453,-0.550,0.193,-0.438,0.684,0,0,4,0,0,0,0,23,46,0.998,1,2220,0,336.744,7.590,174.813,282.063,57.250,-0.621,0.180,0.707,-1.063,-7.516,-12.340,2.212,2.244,1.318,1.337,0,NULL,NULL,,3,0,2,7,255,1365,250,0,0
stim,171378,201499,0,201499,3398819.455,-0.554,0.188,-0.426,0.690,0,0,4,0,0,0,0,24,46,0.998,1,2220,0,336.214,9.301,159.000,293.938,36.875,-0.641,0.129,0.813,-1.176,-9.227,-11.402,2.252,2.286,1.318,1.337,0,NULL,NULL,,3,0,2,7,255,1365,250,0,0
stim,171378,201499,0,201499,3398824.454,-0.558,0.182,-0.414,0.696,0,0,0,0,0,0,0,26,46,0.998,1,2220,0,340.785,10.296,149.875,305.688,15.063,-0.680,0.141,0.926,-1.434,-10.195,-10.516,2.294,2.328,1.318,1.337,0,NULL,NULL,,3,0,2,7,255,1365,250,0,0
stim,171378,201499,0,201499,3398829.455,-0.563,0.176,-0.402,0.700,0,0,3,0,0,0,0,40,46,0.998,1,2220,0,346.923,11.358,141.813,316.375,-12.313,-0.695,0.082,1.051,-1.176,-11.297,-9.863,2.336,2.372,1.318,1.337,0,NULL,NULL,,3,0,2,7,255,1365,250,0,0
stim,171428,201549,0,201549,3398834.453,-0.569,0.170,-0.390,0.703,0,0,4,0,0,0,0,46,46,0.998,1,2220,0,352.820,12.403,122.313,328.438,-40.625,-0.656,0.137,1.152,-1.434,-12.320,-8.664,2.380,2.418,1.318,1.337,0,NULL,NULL,,3,0,2,7,255,1365,250,0,0
stim,171428,201549,0,201549,3398839.455,-0.577,0.164,-0.378,0.706,0,0,0,0,0,0,0,51,46,0.998,1,2220,0,361.171,12.945,105.250,338.875,-67.313,-0.582,0.113,1.301,-2.078,-12.777,-7.621,2.422,2.460,1.318,1.337,0,NULL,NULL,,3,0,2,7,255,1365,250,0,0
stim,171428,201549,0,201549,3398844.454,-0.585,0.157,-0.366,0.707,0,0,0,0,0,0,0,54,46,0.998,1,2220,0,363.716,13.023,71.625,346.875,-82.688,-0.492,0.102,1.273,-2.516,-12.777,-5.719,2.464,2.502,1.318,1.337,0,NULL,NULL,,3,0,2,7,255,1365,250,0,0
stim,171428,201549,0,201549,3398849.455,-0.593,0.149,-0.355,0.707,0,0,0,0,0,0,0,59,46,0.998,1,2220,0,373.358,12.532,51.313,355.000,-103.625,-0.445,0.063,1.230,-2.516,-12.277,-4.898,2.504,2.542,1.318,1.337,0,NULL,NULL,,3,0,2,7,255,1365,250,0,0
stim,171428,201550,0,201550,3398854.454,-0.602,0.141,-0.344,0.707,0,0,0,0,0,0,0,69,46,0.998,1,2220,0,378.354,11.772,34.750,359.625,-112.313,-0.340,0.113,1.098,-2.688,-11.461,-4.551,2.542,2.580,1.318,1.337,0,NULL,NULL,,3,0,2,7,255,1365,250,0,0
stim,171428,201550,0,201550,3398859.455,-0.612,0.133,-0.332,0.705,0,0,0,0,0,0,0,79,46,0.998,1,2220,0,388.132,9.941,32.938,364.250,-129.938,-0.316,0.027,1.016,-2.457,-9.633,-4.434,2.578,2.618,1.318,1.337,0,NULL,NULL,,3,0,2,7,255,1365,250,0,0
stim,171428,201550,0,201550,3398864.453,-0.621,0.124,-0.321,0.704,0,0,0,0,0,0,0,101,46,0.998,1,2220,0,391.789,9.257,30.375,366.563,-134.938,-0.125,0.152,0.941,-3.000,-8.758,-4.430,2.616,2.654,1.318,1.337,0,NULL,NULL,,3,0,2,7,255,1365,250,0,0
stim,171428,201550,0,201550,3398869.455,-0.631,0.116,-0.309,0.702,0,0,0,0,0,0,0,137,46,0.998,1,2220,0,398.117,6.964,33.938,370.188,-142.500,0.051,-0.004,0.816,-2.184,-6.613,-4.027,2.652,2.690,1.318,1.337,0,NULL,NULL,,3,0,2,7,255,1365,250,0,0
stim,171429,201550,0,201550,3398874.454,-0.640,0.108,-0.297,0.701,0,0,0,0,0,0,0,146,46,0.998,1,2220,0,394.955,4.909,44.500,371.000,-127.938,0.230,0.027,0.660,-2.367,-4.301,-3.570,2.686,2.726,1.318,1.337,0,NULL,NULL,,3,0,2,7,255,1365,250,0,0
stim,171429,201550,0,201550,3398879.455,-0.648,0.100,-0.284,0.700,0,0,0,0,0,0,0,155,46,0.998,1,2220,0,393.462,2.801,71.438,370.188,-112.563,0.285,0.016,0.551,-2.184,-1.754,-3.570,2.716,2.758,1.318,1.337,0,NULL,NULL,,3,0,2,7,255,1365,250,0,0
stim,171456,201577,0,201577,3398884.454,-0.655,0.094,-0.270,0.699,0,0,0,0,0,0,0,157,46,0.998,1,2220,0,394.472,2.087,106.563,367.375,-96.375,0.305,0.020,0.551,-2.020,-0.527,-3.965,2.744,2.786,1.318,1.337,0,NULL,NULL,,3,0,2,7,255,1365,250,0,0
stim,171456,201577,0,201577,3398889.455,-0.662,0.088,-0.254,0.700,0,0,0,0,0,0,0,159,46,0.998,1,2220,0,397.418,1.999,136.688,364.688,-79.125,0.332,-0.035,0.594,-1.992,-0.164,-3.965,2.770,2.810,1.318,1.337,0,NULL,NULL,,3,0,2,7,255,1365,250,0,0
stim,171456,201577,0,201577,3398894.453,-0.667,0.083,-0.238,0.701,0,0,0,0,0,0,0,165,46,0.998,1,2220,0,403.004,1.536,170.250,360.063,-61.500,0.289,-0.039,0.637,-1.527,-0.164,-3.305,2.794,2.834,1.318,1.337,0,NULL,NULL,,3,0,2,7,255,1365,250,0,0
stim,171456,201577,0,201577,3398899.455,-0.672,0.078,-0.221,0.702,0,0,0,0,0,0,0,160,46,0.998,1,2220,0,416.058,1.554,205.500,358.250,-50.313,0.191,0.125,0.758,-1.527,-0.289,-3.102,2.816,2.856,1.318,1.337,0,NULL,NULL,,3,0,2,7,255,1365,250,0,0
stim,171456,201577,0,201577,3398904.454,-0.676,0.075,-0.204,0.704,0,0,0,0,0,0,0,159,46,0.998,1,2220,0,423.953,3.165,224.750,356.375,-47.125,0.184,0.066,0.996,-2.832,-1.414,-2.766,2.838,2.878,1.318,1.337,0,NULL,NULL,,3,0,2,7,255,1365,250,0,0
stim,171456,201577,0,201577,3398909.455,-0.680,0.071,-0.186,0.706,0,0,0,0,0,0,0,157,46,0.998,1,2220,0,424.717,3.600,233.188,354.125,-24.563,0.152,0.027,1.344,-2.859,-2.188,-0.492,2.860,2.898,1.318,1.337,0,NULL,NULL,,3,0,2,7,255,1365,250,0,0
stim,171484,201605,0,201605,3398914.454,-0.682,0.067,-0.169,0.708,0,0,0,0,0,0,0,159,46,0.998,1,2220,0,411.592,4.444,212.250,352.500,-10.063,-0.039,0.207,1.520,-2.859,-3.402,2.715,2.882,2.920,1.318,1.337,0,NULL,NULL,,3,0,2,7,255,1365,250,0,0
stim,171484,201605,0,201605,3398919.455,-0.685,0.062,-0.153,0.710,0,0,0,0,0,0,0,159,46,0.998,1,2220,0,400.361,6.996,197.313,348.188,-11.063,-0.148,0.230,1.664,-4.543,-5.320,3.551,2.908,2.944,1.318,1.337,0,NULL,NULL,,3,0,2,7,255,1365,250,0,0
stim,171484,201605,0,201605,3398924.454,-0.688,0.057,-0.137,0.711,0,0,0,0,0,0,0,155,46,0.998,1,2220,0,391.328,7.840,181.813,345.375,-28.250,-0.164,0.223,1.777,-4.586,-6.359,4.758,2.934,2.972,1.318,1.337,0,NULL,NULL,,3,0,2,7,255,1365,250,0,0
stim,171484,201605,0,201605,3398929.455,-0.691,0.051,-0.121,0.711,0,0,0,0,0,0,0,159,46,0.998,1,2220,0,376.750,7.840,156.188,341.563,-29.688,-0.152,0.199,1.840,-4.586,-6.359,6.035,2.964,3.000,1.318,1.337,0,NULL,NULL,,3,0,2,7,255,1365,250,0,0
stim,171529,201650,0,201650,3398934.454,-0.693,0.045,-0.107,0.711,0,0,0,0,0,0,0,167,46,0.998,1,2220,0,363.750,7.373,128.938,338.313,-35.125,-0.102,0.230,1.879,-4.414,-5.906,6.902,2.994,3.028,1.318,1.337,0,NULL,NULL,,3,0,2,7,255,1365,250,0,0
stim,171529,201650,0,201650,3398939.455,-0.696,0.038,-0.094,0.711,0,0,0,0,0,0,0,163,46,0.998,1,2220,0,351.267,6.549,103.625,333.250,-39.938,-0.070,0.141,1.848,-4.234,-4.996,7.578,3.024,3.058,1.318,1.337,0,NULL,NULL,,3,0,2,7,255,1365,250,0,0
stim,171529,201650,0,201650,3398944.454,-0.699,0.030,-0.081,0.710,0,0,0,0,0,0,0,165,46,0.998,1,2220,0,338.631,5.311,78.938,327.625,-33.188,-0.039,0.117,1.742,-3.383,-4.094,7.578,3.054,3.088,1.318,1.337,0,NULL,NULL,,3,0,2,7,255,1365,250,0,0
stim,171529,201650,0,201650,3398949.455,-0.701,0.023,-0.069,0.709,0,0,0,0,0,0,0,160,46,0.998,1,2220,0,330.832,4.288,64.688,322.250,-37.688,-0.004,0.074,1.613,-2.949,-3.113,6.777,3.082,3.116,1.318,1.337,0,NULL,NULL,,3,0,2,7,255,1365,250,0,0
stim,171529,201650,0,201650,3398954.453,-0.703,0.015,-0.057,0.708,0,0,0,0,0,0,0,171,46,0.998,1,2220,0,323.815,3.157,64.125,315.375,-35.813,0.051,0.016,1.520,-2.316,-2.145,5.707,3.106,3.140,1.318,1.337,0,NULL,NULL,,3,0,2,7,255,1365,250,0,0
stim,171529,201650,0,201650,3398959.455,-0.705,0.008,-0.046,0.707,0,0,0,0,0,0,0,168,46,0.998,1,2220,0,317.991,1.944,64.875,309.938,-29.125,0.086,0.035,1.441,-1.617,-1.078,4.961,3.128,3.160,1.318,1.337,0,NULL,NULL,,3,0,2,7,255,1365,250,0,0
stim,171529,201650,0,201650,3398964.454,-0.707,0.001,-0.034,0.707,0,0,0,0,0,0,0,172,46,0.998,1,2220,0,312.988,1.622,72.563,303.688,-21.688,0.086,-0.012,1.418,-1.602,-0.258,4.273,3.146,3.178,1.318,1.337,0,NULL,NULL,,3,0,2,7,255,1365,250,0,0
stim,171529,201650,0,201650,3398969.455,-0.708,-0.006,-0.022,0.706,0,0,0,0,0,0,0,174,46,0.998,1,2220,0,309.889,1.240,83.438,298.125,-13.813,0.059,0.016,1.449,-1.234,0.113,4.273,3.162,3.194,1.318,1.337,0,NULL,NULL,,3,0,2,7,255,1365,250,0,0
stim,171529,201650,0,201650,3398974.454,-0.709,-0.012,-0.010,0.705,0,0,1,0,0,0,0,169,46,0.998,1,2220,0,307.851,1.249,89.563,294.313,-11.438,0.055,0.070,1.480,-1.234,0.188,4.371,3.176,3.208,1.318,1.337,0,NULL,NULL,,3,0,2,7,255,1365,250,0,0
stim,171529,201650,0,201650,3398979.455,-0.709,-0.018,0.002,0.705,0,0,0,0,0,0,0,169,46,0.998,1,2220,0,304.978,1.393,97.750,288.875,-2.813,0.055,0.043,1.504,-1.289,0.527,4.629,3.188,3.218,1.318,1.337,0,NULL,NULL,,3,0,2,7,255,1365,250,0,0
stim,171551,201672,0,201672,3398984.453,-0.709,-0.023,0.014,0.704,0,0,5,0,0,0,0,170,46,0.998,1,2220,0,303.404,1.499,109.250,282.938,8.063,0.000,0.055,1.582,-1.293,0.758,4.852,3.196,3.226,1.318,1.337,0,NULL,NULL,,3,0,2,7,255,1365,250,0,0
stim,171551,201672,0,201672,3398989.455,-0.709,-0.028,0.026,0.704,0,0,5,0,0,0,0,165,46,0.998,1,2220,0,302.018,1.568,115.938,278.813,6.063,-0.016,0.133,1.691,-1.293,0.887,5.633,3.204,3.232,1.318,1.337,0,NULL,NULL,,3,0,2,7,255,1365,250,0,0
stim,171551,201672,0,201672,3398994.454,-0.709,-0.032,0.038,0.703,0,0,1,0,0,0,0,173,46,0.998,1,2220,0,299.643,2.132,119.563,274.688,6.125,0.066,0.141,1.762,-1.828,1.098,6.668,3.208,3.236,1.318,1.337,0,NULL,NULL,,3,0,2,7,255,1365,250,0,0
stim,171551,201672,0,201672,3398999.455,-0.709,-0.037,0.051,0.703,0,0,3,0,0,0,0,180,46,0.998,1,2220,0,299.576,2.969,125.625,271.375,17.875,0.129,0.078,1.828,-1.828,2.340,7.270,3.210,3.238,1.318,1.337,0,NULL,NULL,,3,0,2,7,255,1365,250,0,0
stim,171576,201697,0,201697,3399004.453,-0.708,-0.041,0.063,0.703,0,0,3,0,0,0,0,175,46,0.998,1,2220,0,301.832,3.559,130.563,270.875,26.125,0.137,0.102,1.914,-1.059,3.398,7.789,3.208,3.234,1.318,1.337,0,NULL,NULL,,3,0,2,7,255,1365,250,0,0
stim,171576,201697,0,201697,3399009.455,-0.706,-0.045,0.075,0.702,0,0,3,0,0,0,0,190,46,0.998,1,2220,0,303.867,4.175,131.938,272.563,25.250,0.211,0.152,1.973,-1.059,4.039,8.566,3.204,3.230,1.318,1.337,0,NULL,NULL,,3,0,2,7,255,1365,250,0,0
stim,171576,201697,0,201697,3399014.453,-0.705,-0.049,0.088,0.702,0,0,3,0,0,0,0,187,46,0.998,1,2220,0,307.266,5.408,135.625,274.125,29.563,0.352,0.160,2.004,-1.180,5.277,8.832,3.196,3.220,1.318,1.337,0,NULL,NULL,,3,0,2,7,255,1365,250,0,0
stim,171576,201697,0,201697,3399019.455,-0.703,-0.053,0.101,0.702,0,0,6,0,0,0,0,191,46,0.998,1,2220,0,314.121,7.245,141.938,277.125,41.563,0.477,0.180,2.051,-1.180,7.148,8.852,3.182,3.204,1.318,1.337,0,NULL,NULL,,3,0,2,7,255,1365,250,0,0
stim,171576,201697,0,201697,3399024.454,-0.701,-0.057,0.114,0.702,0,0,3,0,0,0,0,189,46,0.998,1,2220,0,321.809,8.949,146.938,281.250,53.563,0.551,0.203,2.109,-1.152,8.875,8.852,3.162,3.184,1.318,1.337,0,NULL,NULL,,3,0,2,7,255,1365,250,0,0
stim,171576,201697,0,201697,3399029.455,-0.698,-0.061,0.128,0.702,0,0,2,0,0,0,0,189,46,0.998,1,2220,0,327.711,10.247,149.750,284.313,64.313,0.602,0.176,2.176,-1.105,10.188,9.020,3.140,3.158,1.318,1.337,0,NULL,NULL,,3,0,2,7,255,1365,250,0,0
stim,171627,201748,0,201748,3399034.453,-0.695,-0.065,0.141,0.702,0,0,2,0,0,0,0,189,46,0.998,1,2220,0,330.990,11.281,150.375,285.063,75.375,0.621,0.141,2.230,-0.594,11.266,9.254,3.112,3.128,1.318,1.337,0,NULL,NULL,,3,0,2,7,255,1365,250,0,0
stim,171627,201748,0,201748,3399039.455,-0.691,-0.069,0.155,0.703,0,0,4,0,0,0,0,191,46,0.998,1,2220,0,330.928,12.094,147.500,283.688,85.313,0.625,0.164,2.266,0.004,12.094,9.395,3.078,3.092,1.318,1.337,0,NULL,NULL,,3,0,2,7,255,1365,250,0,0
stim,171627,201748,0,201748,3399044.453,-0.687,-0.072,0.168,0.703,0,0,3,0,0,0,0,197,46,0.998,1,2220,0,327.162,12.688,141.438,280.563,91.188,0.645,0.191,2.270,0.004,12.688,9.395,3.042,3.054,1.318,1.337,0,NULL,NULL,,3,0,2,7,255,1365,250,0,0
stim,171627,201748,0,201748,3399049.455,-0.683,-0.076,0.180,0.704,0,0,5,0,0,0,0,199,46,0.998,1,2220,0,319.567,13.352,133.500,274.125,95.688,0.680,0.188,2.234,0.008,13.352,9.125,3.002,3.012,1.318,1.337,0,NULL,NULL,,3,0,2,7,255,1365,250,0,0
stim,171627,201748,0,201748,3399054.454,-0.678,-0.080,0.193,0.705,0,0,8,0,0,0,0,202,46,0.998,1,2220,0,309.914,14.004,127.125,264.313,100.125,0.727,0.121,2.164,0.059,14.004,8.355,2.960,2.968,1.318,1.337,0,NULL,NULL,,3,0,2,7,255,1365,250,0,0
stim,171627,201748,0,201748,3399059.455,-0.673,-0.083,0.204,0.706,0,0,7,0,0,0,0,217,46,0.998,1,2220,0,300.418,14.596,125.000,252.063,105.313,0.762,0.008,2.070,0.730,14.578,7.148,2.914,2.920,1.318,1.337,0,NULL,NULL,,3,0,2,7,255,1365,250,0,0
stim,171627,201748,0,201748,3399064.453,-0.669,-0.086,0.216,0.707,0,0,9,0,0,0,0,235,46,0.998,1,2220,0,291.358,15.033,127.750,239.250,106.438,0.805,-0.129,1.977,1.824,14.922,5.664,2.864,2.866,1.318,1.337,0,NULL,NULL,,3,0,2,7,255,1365,250,0,0
stim,171627,201748,0,201748,3399069.455,-0.664,-0.088,0.227,0.707,0,0,13,0,0,0,0,244,46,0.998,1,2220,0,282.739,15.571,132.375,226.000,106.500,0.836,-0.242,1.887,3.047,15.270,4.113,2.810,2.810,1.318,1.337,0,NULL,NULL,,3,0,2,7,255,1365,250,0,0
stim,171627,201748,0,201748,3399074.454,-0.659,-0.090,0.238,0.708,0,0,11,0,0,0,0,261,46,0.998,1,2220,0,275.427,16.015,136.875,213.500,107.438,0.863,-0.379,1.770,4.074,15.488,2.684,2.754,2.750,1.318,1.337,0,NULL,NULL,,3,0,2,7,255,1365,250,0,0
stim,171627,201748,0,201748,3399079.455,-0.654,-0.091,0.248,0.708,0,0,13,0,0,0,0,287,46,0.998,1,2220,0,271.420,16.361,147.813,201.125,106.625,0.859,-0.535,1.656,5.273,15.488,0.945,2.698,2.694,1.318,1.337,0,NULL,NULL,,3,0,2,7,255,1365,250,0,0
stim,171648,201769,0,201769,3399084.454,-0.650,-0.091,0.259,0.709,0,0,13,0,0,0,0,309,46,0.998,1,2220,0,270.266,16.599,164.500,188.625,102.000,0.840,-0.668,1.613,6.672,15.199,-0.664,2.642,2.636,1.318,1.337,0,NULL,NULL,,3,0,2,7,255,1365,250,0,0
stim,171648,201769,0,201769,3399089.455,-0.646,-0.091,0.270,0.708,0,0,11,0,0,0,0,327,46,0.998,1,2220,0,267.768,17.154,179.000,176.063,93.063,0.820,-0.750,1.652,7.953,15.199,-1.570,2.586,2.578,1.318,1.337,0,NULL,NULL,,3,0,2,7,255,1365,250,0,0
stim,171648,201769,0,201769,3399094.453,-0.642,-0.090,0.281,0.707,0,0,11,0,0,0,0,343,46,0.998,1,2220,0,260.986,17.677,187.563,163.500,78.750,0.824,-0.793,1.738,8.945,15.246,-1.570,2.520,2.510,1.318,1.337,0,NULL,NULL,,3,0,2,7,255,1365,250,0,0
stim,171648,201769,0,201769,3399099.455,-0.639,-0.089,0.291,0.706,0,0,12,0,0,0,0,367,46,0.998,1,2220,0,248.306,18.566,187.375,150.750,61.813,0.898,-0.785,1.848,9.602,15.891,-1.543,2.454,2.444,1.318,1.337,0,NULL,NULL,,3,0,2,7,255,1365,250,0,0
stim,171677,201798,0,201798,3399104.453,-0.637,-0.087,0.301,0.705,0,0,13,0,0,0,0,393,46,0.998,1,2220,0,233.760,19.660,181.125,136.625,56.313,1.145,-0.711,1.895,9.602,17.156,-1.543,2.384,2.374,1.318,1.337,0,NULL,NULL,,3,0,2,7,255,1365,250,0,0
stim,171677,201798,0,201798,3399109.455,-0.634,-0.086,0.309,0.703,0,0,19,0,13,0,0,407,46,0.998,1,2220,0,206.159,21.584,157.188,126.250,43.063,1.086,-0.680,2.043,9.188,19.531,-1.387,2.316,2.304,1.318,1.337,0,NULL,NULL,,3,0,2,7,255,1365,250,0,0
stim,171677,201798,0,201798,3399114.454,-0.633,-0.086,0.316,0.701,0,0,16,0,21,0,0,428,46,0.998,1,2220,0,166.744,21.938,120.063,115.313,9.563,1.344,-0.828,1.871,9.188,19.922,-2.391,2.238,2.226,1.318,1.337,0,NULL,NULL,,3,0,2,7,255,1365,250,0,0
stim,171677,201798,0,201798,3399119.455,-0.632,-0.087,0.322,0.699,0,0,13,0,27,0,0,444,46,0.998,1,2220,0,141.392,23.225,98.000,101.813,-4.688,1.660,-0.891,1.707,9.469,21.207,-4.633,2.154,2.142,1.318,1.337,0,NULL,NULL,,3,0,2,7,255,1365,250,0,0
stim,171695,201816,0,201816,3399124.454,-0.632,-0.087,0.327,0.697,0,0,18,0,26,0,0,471,46,0.998,1,2220,0,120.305,24.894,81.688,87.625,-11.063,1.867,-1.016,1.535,9.793,22.887,-8.012,2.064,2.052,1.318,1.337,0,NULL,NULL,,3,0,2,7,255,1365,250,0,0
stim,171695,201816,0,201816,3399129.455,-0.631,-0.087,0.331,0.696,0,0,11,0,28,0,0,477,46,0.998,1,2220,0,109.737,25.599,83.000,71.250,-8.750,2.059,-1.133,1.301,9.875,23.617,-11.078,1.968,1.954,1.318,1.337,0,NULL,NULL,,3,0,2,7,255,1365,250,0,0
stim,171729,201850,0,201850,3399134.454,-0.631,-0.086,0.336,0.694,0,0,17,0,31,0,0,485,46,0.998,1,2220,0,115.556,25.842,104.125,49.875,-4.875,2.156,-1.207,1.227,10.039,23.813,-14.461,1.866,1.852,1.318,1.337,0,NULL,NULL,,3,0,2,7,255,1365,250,0,0
stim,171729,201850,0,201850,3399139.455,-0.631,-0.083,0.340,0.692,0,0,12,0,37,0,0,487,46,0.998,1,2220,0,127.508,26.233,124.750,26.000,4.438,2.137,-1.199,1.367,10.375,24.094,-15.023,1.760,1.744,1.318,1.337,0,NULL,NULL,,3,0,2,7,255,1365,250,0,0
stim,171729,201850,0,201850,3399144.453,-0.631,-0.080,0.344,0.690,0,0,16,0,35,0,0,487,46,0.998,1,2220,0,120.313,26.849,119.875,1.188,10.188,2.000,-1.023,1.727,10.582,24.676,-15.023,1.652,1.634,1.318,1.337,0,NULL,NULL,,3,0,2,7,255,1365,250,0,0
stim,171729,201850,0,201850,3399149.455,-0.632,-0.076,0.347,0.689,0,0,17,0,37,0,0,489,46,0.998,1,2220,0,104.234,26.849,102.000,-20.313,6.938,1.781,-0.824,1.863,10.582,24.676,-11.152,1.540,1.520,1.318,1.337,0,NULL,NULL,,3,0,2,7,255,1365,250,0,0
stim,171729,201850,0,201850,3399154.453,-0.633,-0.073,0.348,0.688,0,0,12,0,29,0,0,487,46,0.998,1,2220,0,88.937,26.405,77.438,-43.625,-3.188,1.527,-0.621,2.074,9.660,24.574,-8.332,1.426,1.402,1.318,1.337,0,NULL,NULL,,3,0,2,7,255,1365,250,0,0
stim,171729,201850,0,201850,3399159.455,-0.634,-0.070,0.347,0.687,0,0,10,0,13,0,0,485,46,0.998,1,2220,0,75.596,25.390,36.188,-63.188,-20.313,1.285,-0.512,2.180,9.090,23.707,-4.688,1.310,1.282,1.318,1.337,0,NULL,NULL,,3,0,2,7,255,1365,250,0,0
stim,171729,201850,0,201850,3399164.454,-0.637,-0.069,0.344,0.687,0,0,17,0,11,0,0,489,46,0.998,1,2220,0,86.191,24.080,-9.188,-76.938,-37.750,1.145,-0.508,2.105,9.047,22.316,-2.168,1.194,1.160,1.318,1.337,0,NULL,NULL,,3,0,2,7,255,1365,250,0,0
stim,171729,201850,0,201850,3399169.455,-0.639,-0.068,0.340,0.687,0,0,11,0,0,0,0,488,46,0.998,1,2220,0,111.951,22.536,-51.938,-90.500,-40.563,1.070,-0.492,2.043,8.957,20.680,-1.824,1.080,1.040,1.318,1.337,0,NULL,NULL,,3,0,2,7,255,1365,250,0,0
stim,171729,201850,0,201850,3399174.454,-0.641,-0.068,0.334,0.687,0,0,11,0,0,0,0,488,46,0.998,1,2220,0,150.661,21.563,-103.688,-101.500,-40.563,0.918,-0.406,1.973,8.840,19.668,-1.664,0.970,0.924,1.318,1.337,0,NULL,NULL,,3,0,2,7,255,1365,250,0,0
stim,171729,201850,0,201850,3399179.455,-0.644,-0.069,0.327,0.689,0,0,17,27,0,0,0,556,46,0.998,1,2220,0,181.410,20.015,-136.188,-111.375,-44.250,0.602,-0.535,1.805,8.840,17.957,-0.875,0.866,0.810,1.318,1.337,0,NULL,NULL,,3,0,2,7,255,1365,250,0,0
stim,171760,201882,0,201882,3399184.453,-0.640,-0.059,0.325,0.693,367,0,4,713,0,33,0,597,46,0.998,1,2220,0,284.922,16.999,89.813,-185.813,196.438,-0.773,-0.574,3.621,9.141,14.332,-0.707,0.766,0.702,1.318,1.337,0,NULL,NULL,,3,0,2,7,255,1365,250,0,0
stim,171761,201882,0,201882,3399189.455,-0.627,-0.053,0.315,0.711,949,0,0,1267,0,188,0,603,46,0.998,1,2220,0,578.037,15.200,-221.625,-181.500,502.063,-1.523,2.910,3.926,9.141,12.145,20.148,0.674,0.598,1.318,1.337,0,NULL,NULL,,3,0,2,7,255,1365,250,0,0
stim,171761,201882,0,201882,3399194.454,-0.620,-0.063,0.293,0.725,1416,0,0,1635,0,421,0,654,46,0.998,1,2220,0,652.204,13.785,-611.688,-109.563,198.000,-2.016,2.969,1.500,-12.418,5.984,20.766,0.590,0.502,1.318,1.337,0,NULL,NULL,,3,0,2,7,255,1365,250,0,0
stim,171761,201882,0,201882,3399199.455,-0.620,-0.073,0.275,0.731,1783,0,0,1885,0,557,0,727,46,0.998,1,2221,0,499.499,17.171,-487.000,-111.000,3.063,-2.137,1.578,-0.664,-12.418,-11.859,20.766,0.514,0.408,1.318,1.337,1,1326.000,-39.000,,3,0,2,7,255,1365,250,0,0
stim,171761,201882,0,201882,3399204.453,-0.623,-0.078,0.263,0.733,2026,0,0,1965,0,677,0,795,46,0.998,1,2221,0,301.386,17.449,-270.500,-101.750,-85.500,-1.004,0.922,-0.754,-11.547,-13.082,-1.516,0.444,0.320,1.318,1.337,1,NULL,NULL,,3,0,2,7,255,1365,250,0,0
stim,171761,201882,0,201882,3399209.455,-0.626,-0.076,0.258,0.732,2167,0,0,2029,0,843,0,841,46,0.998,1,2221,0,145.203,15.584,-47.438,-115.375,-74.313,0.195,0.879,0.172,-8.469,-13.082,-6.984,0.400,0.252,1.318,1.337,1,NULL,NULL,,3,0,2,7,255,1365,250,0,0
stim,171787,201908,0,201908,3399214.453,-0.626,-0.073,0.254,0.734,2351,0,0,2184,0,983,0,905,46,0.998,1,2221,0,135.478,8.613,-39.188,-120.625,47.625,0.355,1.117,1.320,-8.469,1.570,-6.984,0.390,0.226,1.318,1.337,1,NULL,NULL,,3,0,2,7,255,1365,250,0,0
stim,171787,201908,0,201908,3399219.455,-0.623,-0.072,0.246,0.739,2531,0,0,2397,0,1045,0,925,46,0.998,1,2221,0,235.015,8.624,-157.375,-125.250,121.563,-0.414,1.188,1.504,-8.469,1.629,2.730,0.404,0.230,1.318,1.337,1,NULL,NULL,,3,0,2,7,255,1365,250,0,0
stim,171787,201908,0,201908,3399224.454,-0.618,-0.073,0.233,0.747,2653,0,0,2557,0,1053,0,955,46,0.998,1,2221,0,348.894,8.091,-275.563,-156.625,145.813,-1.754,-0.363,0.840,-7.926,1.629,3.504,0.430,0.260,1.318,1.337,1,NULL,NULL,,3,0,2,7,255,1365,250,0,0
stim,171787,201908,0,201908,3399229.455,-0.618,-0.076,0.218,0.752,2759,0,0,2675,0,1048,0,1010,46,0.998,1,2221,0,370.633,14.073,-327.625,-169.063,38.063,-1.891,-1.234,-0.117,8.445,-11.258,3.504,0.456,0.292,1.318,1.337,2,NULL,NULL,,3,0,2,7,255,1365,250,0,0
stim,171827,201948,0,201948,3399234.453,-0.621,-0.075,0.208,0.752,2829,0,0,2765,0,1017,0,1103,46,0.998,1,2221,0,261.276,14.420,-165.125,-181.750,-89.250,-1.090,-0.785,-0.590,9.012,-11.258,-6.238,0.480,0.318,1.318,1.337,2,NULL,NULL,,3,0,2,7,255,1365,250,0,0
stim,171827,201948,0,201948,3399239.455,-0.627,-0.070,0.202,0.749,2887,0,0,2847,0,989,0,1180,46,0.998,1,2221,0,217.316,14.100,3.625,-187.750,-109.375,-0.125,-0.195,0.355,9.012,-10.844,-6.547,0.500,0.340,1.318,1.337,2,NULL,NULL,,3,0,2,7,255,1365,250,0,0
stim,171827,201948,0,201948,3399244.453,-0.631,-0.063,0.199,0.748,2931,0,0,2919,0,993,0,1245,46,0.998,1,2221,0,201.509,4.967,47.063,-179.688,-78.125,0.348,-0.387,1.641,4.945,0.461,-6.547,0.514,0.354,1.318,1.337,2,NULL,NULL,,3,0,2,7,255,1365,250,0,0
stim,171827,201948,0,201948,3399249.455,-0.633,-0.059,0.193,0.748,2962,0,0,2969,0,1000,0,1269,46,0.998,1,2221,0,167.285,10.800,-40.500,-160.313,-25.375,0.551,-0.668,2.125,4.945,9.602,3.094,0.510,0.360,1.318,1.337,2,NULL,NULL,,3,0,2,7,255,1365,250,0,0
stim,171827,201948,0,201948,3399254.454,-0.632,-0.058,0.184,0.750,2985,0,0,3004,0,1059,0,1273,46,0.998,1,2221,0,209.340,13.716,-143.000,-149.813,30.500,0.500,-0.719,1.707,7.773,11.301,3.094,0.500,0.362,1.318,1.337,2,NULL,NULL,,3,0,2,7,255,1365,250,0,0
stim,171827,201948,0,201948,3399259.455,-0.630,-0.058,0.175,0.755,3003,0,0,3048,0,1135,0,1303,46,0.998,1,2221,0,243.201,13.716,-181.313,-139.000,83.375,0.168,-0.656,0.922,7.773,11.301,2.973,0.486,0.362,1.318,1.337,2,NULL,NULL,,3,0,2,7,255,1365,250,0,0
stim,171845,201966,0,201966,3399264.453,-0.627,-0.056,0.166,0.759,3023,0,0,3064,0,1233,33,1340,46,0.998,1,2221,0,227.849,8.710,-147.188,-138.563,105.125,-0.316,-0.574,0.500,6.770,5.480,-2.871,0.470,0.354,1.318,1.337,2,NULL,NULL,,3,0,2,7,255,1365,250,0,0
stim,171845,201966,0,201966,3399269.455,-0.625,-0.053,0.160,0.763,3035,0,0,3087,0,1387,41,1401,46,0.998,1,2221,0,194.765,6.514,-92.750,-145.125,90.938,-0.625,-0.402,0.582,6.500,-0.434,-3.254,0.446,0.330,1.318,1.337,2,NULL,NULL,,3,0,2,7,255,1365,250,0,0
stim,171845,201966,0,201966,3399274.454,-0.624,-0.050,0.154,0.765,3043,0,0,3099,0,1499,93,1479,46,0.998,1,2221,0,168.328,6.324,-58.063,-150.125,49.250,-0.621,-0.035,0.945,5.563,-3.008,-3.254,0.416,0.298,1.318,1.337,2,NULL,NULL,,3,0,2,7,255,1365,250,0,0
stim,171845,201966,0,201966,3399279.455,-0.624,-0.046,0.148,0.766,3053,0,0,3110,0,1651,112,1554,46,0.998,1,2221,0,153.374,3.832,-51.375,-144.500,2.000,-0.340,0.266,1.293,2.375,-3.008,0.605,0.382,0.266,1.318,1.337,2,NULL,NULL,,3,0,2,7,255,1365,250,0,0
stim,171845,201966,0,201966,3399284.454,-0.625,-0.044,0.142,0.766,3059,0,0,3123,0,1773,139,1643,46,0.998,1,2221,0,153.554,0.843,-74.188,-133.250,-17.875,0.008,0.234,1.410,-0.832,-0.133,3.531,0.348,0.234,1.318,1.337,2,NULL,NULL,,3,0,2,7,255,1365,250,0,0
stim,171845,201966,0,201966,3399289.455,-0.626,-0.043,0.135,0.767,3064,0,0,3125,69,1893,188,1702,46,0.998,1,2221,0,164.731,3.400,-107.938,-124.438,-1.125,0.188,0.012,1.270,-0.832,3.297,3.531,0.314,0.210,1.318,1.337,2,NULL,NULL,,3,0,2,7,255,1365,250,0,0
stim,171845,201966,0,201966,3399294.453,-0.625,-0.042,0.128,0.769,3067,0,0,3139,141,1990,231,1747,46,0.998,1,2221,0,171.285,3.561,-122.375,-116.750,27.063,0.082,-0.234,1.000,0.313,3.547,1.770,0.284,0.194,1.318,1.337,2,NULL,NULL,,3,0,2,7,255,1365,250,0,0
stim,171845,201966,0,201966,3399299.455,-0.624,-0.041,0.121,0.771,3065,0,0,3133,435,2121,277,1876,46,0.998,1,2221,0,164.711,4.403,-114.000,-113.063,36.750,-0.133,-0.363,0.840,2.609,3.547,-0.762,0.260,0.182,1.318,1.337,2,NULL,NULL,,3,0,2,7,255,1365,250,0,0
stim,171875,201996,0,201996,3399304.453,-0.624,-0.040,0.115,0.772,3083,0,0,3141,671,2206,453,1999,46,0.998,1,2221,0,141.883,3.654,-87.500,-110.125,18.625,-0.191,-0.273,0.902,3.402,1.332,-1.098,0.240,0.170,1.318,1.337,2,NULL,NULL,,3,0,2,7,255,1365,250,0,0
stim,171875,201996,0,201996,3399309.455,-0.626,-0.038,0.112,0.771,3082,0,0,3150,851,2263,509,2115,46,0.998,1,2221,0,90.375,3.654,-29.813,-76.875,-37.000,0.023,0.004,1.637,3.402,1.332,-1.098,0.224,0.158,1.318,1.337,2,NULL,NULL,,3,0,2,7,255,1365,250,0,0
stim,171875,201996,0,201996,3399314.454,-0.628,-0.038,0.108,0.769,3064,0,0,3154,1011,2313,503,2173,46,0.998,1,2221,0,106.779,3.655,-51.313,-50.375,-78.938,0.375,0.469,1.344,0.621,3.602,2.754,0.210,0.146,1.318,1.337,2,NULL,NULL,,3,0,2,7,255,1365,250,0,0
stim,171875,201996,0,201996,3399319.455,-0.630,-0.037,0.106,0.768,3081,21,0,3165,1107,2341,571,2237,46,0.998,1,2221,0,68.164,7.096,-25.500,-42.688,-46.625,0.707,0.813,1.145,-4.695,5.320,2.754,0.196,0.136,1.318,1.337,2,NULL,NULL,,3,0,2,7,255,1365,250,0,0
stim,171875,201996,0,201996,3399324.454,-0.630,-0.037,0.105,0.769,3087,29,0,3157,1210,2375,626,2293,46,0.998,1,2221,0,42.606,7.096,-31.688,-23.125,16.625,0.191,0.273,1.574,-4.695,5.320,2.754,0.186,0.128,1.318,1.337,2,NULL,NULL,,3,0,2,7,255,1365,250,0,0
stim,171875,201996,0,201996,3399329.455,-0.629,-0.040,0.100,0.770,3069,53,0,3158,1303,2397,675,2339,46,0.998,1,2221,0,115.963,4.979,-114.063,-19.188,8.313,-0.535,-0.098,1.398,-2.406,4.359,4.547,0.178,0.122,1.318,1.337,2,NULL,NULL,,3,0,2,7,255,1365,250,0,0
stim,171928,202049,0,202049,3399334.453,-0.631,-0.043,0.095,0.768,3069,73,0,3159,1396,2408,755,2379,46,0.998,1,2221,0,143.861,2.288,-124.313,-14.500,-70.938,-0.512,0.035,0.754,0.730,-2.168,4.547,0.174,0.116,1.318,1.337,2,NULL,NULL,,3,0,2,7,255,1365,250,0,0
stim,171928,202049,0,202049,3399339.455,-0.636,-0.044,0.093,0.765,3087,95,0,3165,1479,2411,801,2411,46,0.998,1,2221,0,139.567,2.288,-46.813,-14.438,-130.688,-0.020,0.027,0.590,0.730,-2.168,-1.613,0.174,0.112,1.318,1.337,2,NULL,NULL,,3,0,2,7,255,1365,250,0,0
stim,171928,202049,0,202049,3399344.454,-0.639,-0.044,0.092,0.762,3077,116,0,3163,1544,2438,887,2438,46,0.998,1,2221,0,104.675,0.833,0.813,-12.375,-103.938,0.332,-0.047,1.016,-0.035,0.832,-1.613,0.176,0.106,1.318,1.337,2,NULL,NULL,,3,0,2,7,255,1365,250,0,0
stim,171928,202049,0,202049,3399349.455,-0.640,-0.045,0.091,0.761,3081,163,0,3173,1609,2455,957,2476,46,0.998,1,2221,0,48.587,4.399,-29.813,-7.500,-37.625,0.199,-0.055,1.320,-0.035,4.398,-0.691,0.182,0.094,1.318,1.337,2,NULL,NULL,,3,0,2,7,255,1365,250,0,0
stim,171928,202049,0,202049,3399354.453,-0.641,-0.047,0.088,0.761,3078,199,0,3175,1661,2456,1015,2491,46,0.998,1,2221,0,76.381,4.398,-75.000,-4.063,-13.875,-0.195,0.039,1.129,-0.023,4.398,1.438,0.194,0.082,1.318,1.337,2,NULL,NULL,,3,0,2,7,255,1365,250,0,0
stim,171928,202049,0,202049,3399359.455,-0.642,-0.049,0.086,0.760,3079,226,2,3174,1715,2475,1071,2505,46,0.998,1,2221,0,83.559,0.127,-69.688,-2.000,-46.063,-0.316,0.086,0.840,-0.023,0.125,1.438,0.208,0.066,1.318,1.337,2,NULL,NULL,,3,0,2,7,255,1365,250,0,0
stim,171928,202049,0,202049,3399364.453,-0.645,-0.050,0.084,0.758,3087,253,80,3179,1757,2479,1113,2505,46,0.998,1,2221,0,84.297,0.127,-33.688,-1.875,-77.250,-0.070,-0.090,0.816,-0.023,0.125,-1.125,0.222,0.054,1.318,1.337,2,NULL,NULL,,3,0,2,7,255,1365,250,0,0
stim,171928,202049,0,202049,3399369.455,-0.646,-0.051,0.084,0.757,3087,264,116,3183,1809,2488,1134,2517,46,0.998,1,2221,0,57.759,1.290,-13.875,-2.750,-56.000,0.133,-0.238,0.938,0.906,0.918,-1.125,0.234,0.046,1.318,1.337,2,NULL,NULL,,3,0,2,7,255,1365,250,0,0
stim,171928,202049,0,202049,3399374.454,-0.647,-0.051,0.083,0.756,3079,255,181,3177,1836,2488,1114,2519,46,0.998,1,2221,0,24.879,3.068,-19.250,-2.063,-15.625,0.035,-0.203,1.031,1.801,2.484,-1.105,0.242,0.040,1.318,1.337,2,NULL,NULL,,3,0,2,7,255,1365,250,0,0
stim,171928,202049,0,202049,3399379.455,-0.647,-0.052,0.082,0.756,3092,269,276,3191,1866,2492,1143,2520,46,0.998,1,2221,0,24.336,3.068,-24.188,-1.563,-2.188,-0.164,-0.055,0.988,1.801,2.484,0.004,0.250,0.034,1.318,1.337,2,NULL,NULL,,3,0,2,7,255,1365,250,0,0
stim,171948,202069,0,202069,3399384.453,-0.647,-0.052,0.081,0.756,3089,269,315,3191,1901,2506,1144,2522,46,0.998,1,2221,0,22.301,0.731,-15.938,-1.063,-15.563,-0.242,0.027,0.953,0.680,0.270,0.004,0.256,0.028,1.318,1.337,2,NULL,NULL,,3,0,2,7,255,1365,250,0,0
stim,171948,202069,0,202069,3399389.455,-0.648,-0.053,0.081,0.755,3079,278,410,3183,1913,2507,1134,2524,46,0.998,1,2221,0,26.656,0.511,-7.813,-1.563,-25.438,-0.160,-0.035,1.000,0.434,0.270,0.004,0.260,0.022,1.318,1.337,2,NULL,NULL,,3,0,2,7,255,1365,250,0,0
stim,171948,202069,0,202069,3399394.453,-0.649,-0.053,0.081,0.755,3078,277,455,3189,1930,2501,1139,2535,46,1.034,1,2221,1,20.499,0.519,-7.000,-1.750,-19.188,-0.109,-0.098,1.023,0.434,0.285,0.086,0.000,0.000,1.233,1.364,2,NULL,NULL,,3,0,2,7,255,1365,250,0,0
stim,171948,202069,0,202069,3399399.455,-0.649,-0.053,0.080,0.754,3089,296,484,3191,1940,2507,1135,2532,46,1.034,1,2221,1,13.582,0.884,-8.500,-1.813,-10.438,-0.145,-0.070,1.012,0.727,0.504,0.164,0.004,0.004,1.233,1.364,2,NULL,NULL,,3,0,2,7,255,1365,250,0,0
stim,171975,202096,0,202096,3399404.454,-0.650,-0.053,0.080,0.754,3069,295,525,3180,1957,2493,1111,2532,46,1.034,1,2221,1,13.462,0.884,-6.313,-2.188,-11.688,-0.191,-0.023,0.984,0.727,0.504,0.164,0.008,0.008,1.233,1.364,2,NULL,NULL,,3,0,2,7,255,1365,250,0,0
stim,171975,202096,0,202096,3399409.455,-0.650,-0.053,0.079,0.754,3063,310,583,3177,1965,2504,1115,2537,46,1.034,1,2221,1,16.197,0.441,-3.500,-2.813,-15.563,-0.160,-0.031,0.992,0.363,0.250,0.016,0.014,0.014,1.233,1.364,2,NULL,NULL,,3,0,2,7,255,1365,250,0,0
stim,171975,202096,0,202096,3399414.453,-0.651,-0.053,0.079,0.753,3067,313,637,3177,1975,2506,1100,2543,46,1.034,1,2221,1,13.506,0.441,-2.188,-2.938,-13.000,-0.133,-0.039,0.992,0.363,0.250,0.012,0.022,0.022,1.233,1.364,2,NULL,NULL,,3,0,2,7,255,1365,250,0,0
stim,171975,202096,0,202096,3399419.455,-0.651,-0.053,0.079,0.753,3059,315,679,3171,1988,2501,1071,2535,46,1.034,1,2221,1,8.311,0.441,-2.063,-3.500,-7.250,-0.164,-0.012,1.000,0.363,0.250,0.012,0.028,0.028,1.233,1.364,2,NULL,NULL,,3,0,2,7,255,1365,250,0,0
stim,171994,202115,0,202115,3399424.454,-0.651,-0.053,0.079,0.753,3061,312,712,3167,1997,2496,1068,2540,46,1.034,1,2221,1,9.622,0.294,-2.438,-3.500,-8.625,-0.203,0.027,1.008,0.191,0.223,0.105,0.034,0.034,1.233,1.364,2,NULL,NULL,,3,0,2,7,255,1365,250,0,0
stim,171994,202115,0,202115,3399429.455,-0.652,-0.053,0.078,0.753,3051,303,741,3171,2015,2495,1055,2539,46,1.034,1,2221,1,15.224,0.138,-2.563,-3.625,-14.563,-0.176,0.035,1.008,-0.137,0.016,0.207,0.040,0.040,1.233,1.364,2,NULL,NULL,,3,0,2,7,255,1365,250,0,0
stim,172027,202148,0,202148,3399434.454,-0.652,-0.053,0.078,0.752,3043,304,761,3156,2024,2489,1008,2540,46,1.034,1,2221,1,16.709,0.219,-2.313,-3.125,-16.250,-0.125,0.023,1.004,-0.219,0.016,0.207,0.044,0.046,1.233,1.364,2,NULL,NULL,,3,0,2,7,255,1365,250,0,0
stim,172027,202148,0,202148,3399439.455,-0.653,-0.053,0.078,0.752,3039,297,790,3164,2032,2490,989,2541,46,1.034,1,2221,1,13.403,0.575,-2.875,-2.000,-12.938,-0.113,-0.008,1.000,-0.219,0.531,0.090,0.048,0.048,1.233,1.364,2,NULL,NULL,,3,0,2,7,255,1365,250,0,0
stim,172027,202148,0,202148,3399444.453,-0.653,-0.053,0.078,0.752,3043,285,807,3149,2053,2485,967,2537,46,1.034,1,2221,1,11.171,0.533,-3.688,-1.500,-10.438,-0.133,-0.023,0.984,0.047,0.531,0.035,0.050,0.052,1.233,1.364,2,NULL,NULL,,3,0,2,7,255,1365,250,0,0
stim,172027,202148,0,202148,3399449.455,-0.653,-0.053,0.077,0.751,3037,287,839,3145,2061,2488,918,2541,46,1.034,1,2221,1,11.311,0.505,-2.188,-0.875,-11.063,-0.141,-0.020,0.969,0.215,0.457,-0.078,0.052,0.054,1.233,1.364,2,NULL,NULL,,3,0,2,7,255,1365,250,0,0
stim,172027,202148,0,202148,3399454.453,-0.654,-0.053,0.077,0.751,3028,285,857,3135,2072,2488,877,2540,46,1.034,1,2221,1,11.606,0.494,0.125,-1.000,-11.563,-0.129,-0.012,0.965,0.215,0.445,-0.227,0.052,0.056,1.233,1.364,2,NULL,NULL,,3,0,2,7,255,1365,250,0,0
stim,172027,202148,0,202148,3399459.455,-0.654,-0.053,0.077,0.751,3020,282,887,3141,2083,2487,841,2531,46,1.034,1,2221,1,9.153,0.494,1.375,-0.938,-9.000,-0.113,-0.039,0.973,0.215,0.445,-0.238,0.052,0.056,1.233,1.364,2,NULL,NULL,,3,0,2,7,255,1365,250,0,0
stim,172048,202169,0,202169,3399464.454,-0.654,-0.053,0.077,0.751,3013,280,913,3127,2079,2477,799,2536,46,1.034,1,2221,1,4.806,0.599,1.438,-1.375,-4.375,-0.129,-0.047,0.961,0.352,0.484,-0.273,0.052,0.054,1.233,1.364,2,NULL,NULL,,3,0,2,7,255,1365,250,0,0
stim,172048,202169,0,202169,3399469.455,-0.654,-0.053,0.077,0.751,3015,277,909,3123,2095,2473,786,2532,46,1.034,1,2221,1,4.194,0.627,3.375,-2.188,-1.188,-0.148,-0.039,0.949,0.398,0.484,-0.348,0.050,0.054,1.233,1.364,2,NULL,NULL,,3,0,2,7,255,1365,250,0,0
stim,172048,202169,0,202169,3399474.454,-0.654,-0.053,0.077,0.751,2997,271,928,3107,2115,2463,758,2532,46,1.034,1,2221,1,7.107,0.485,6.250,-3.313,0.688,-0.156,-0.031,0.957,0.398,0.277,-0.348,0.048,0.052,1.233,1.364,2,NULL,NULL,,3,0,2,7,255,1365,250,0,0
stim,172048,202169,0,202169,3399479.455,-0.654,-0.052,0.077,0.751,3003,274,953,3107,2100,2459,739,2537,46,1.034,1,2221,1,9.461,0.421,7.750,-4.438,3.125,-0.148,-0.016,0.969,0.336,0.254,-0.320,0.046,0.050,1.233,1.364,2,NULL,NULL,,3,0,2,7,255,1365,250,0,0
stim,172048,202169,0,202169,3399484.453,-0.654,-0.052,0.077,0.751,2983,269,975,3096,2123,2459,712,2536,46,1.034,1,2221,1,12.523,0.266,8.688,-5.688,7.000,-0.152,0.020,0.973,0.176,0.199,-0.203,0.044,0.048,1.233,1.364,2,NULL,NULL,,3,0,2,7,255,1365,250,0,0
stim,172048,202169,0,202169,3399489.455,-0.654,-0.051,0.077,0.751,2975,265,999,3091,2126,2467,692,2547,46,1.034,1,2221,1,15.832,0.244,10.063,-6.938,10.063,-0.164,0.051,0.980,-0.141,0.199,-0.152,0.042,0.046,1.233,1.364,2,NULL,NULL,,3,0,2,7,255,1365,250,0,0
stim,172048,202169,0,202169,3399494.454,-0.653,-0.051,0.078,0.751,2967,265,1011,3076,2145,2462,675,2543,46,1.034,1,2221,1,18.158,0.412,11.500,-8.250,11.375,-0.168,0.082,0.996,-0.410,0.043,-0.055,0.038,0.042,1.233,1.364,2,NULL,NULL,,3,0,2,7,255,1365,250,0,0
stim,172048,202169,0,202169,3399499.455,-0.653,-0.050,0.078,0.752,2965,265,1049,3068,2157,2457,685,2552,46,1.034,1,2221,1,19.596,0.707,11.875,-9.313,12.500,-0.160,0.121,1.016,-0.707,0.008,0.105,0.034,0.038,1.233,1.364,2,NULL,NULL,,3,0,2,7,255,1365,250,0,0
stim,172072,202193,0,202193,3399504.453,-0.653,-0.049,0.078,0.752,2949,265,1077,3063,2174,2463,675,2557,46,1.034,1,2221,1,19.709,1.082,10.438,-9.688,13.625,-0.164,0.152,1.035,-1.082,-0.012,0.285,0.032,0.034,1.233,1.364,2,NULL,NULL,,3,0,2,7,255,1365,250,0,0
stim,172072,202193,0,202193,3399509.455,-0.652,-0.048,0.078,0.752,2935,276,1112,3048,2199,2459,687,2565,46,1.034,1,2221,1,17.741,1.344,8.188,-9.563,12.500,-0.164,0.172,1.051,-1.344,-0.012,0.496,0.028,0.030,1.233,1.364,2,NULL,NULL,,3,0,2,7,255,1365,250,0,0
stim,172072,202193,0,202193,3399514.453,-0.652,-0.048,0.078,0.753,2921,267,1159,3048,2215,2455,723,2579,46,1.034,1,2221,1,15.034,1.555,5.375,-9.250,10.563,-0.164,0.176,1.043,-1.555,-0.031,0.551,0.026,0.026,1.233,1.364,2,NULL,NULL,,3,0,2,7,255,1365,250,0,0
stim,172072,202193,0,202193,3399519.455,-0.652,-0.047,0.078,0.753,2923,271,1199,3035,2237,2455,743,2583,46,1.034,1,2221,1,12.517,1.556,3.125,-8.938,8.188,-0.180,0.145,1.023,-1.555,-0.051,0.551,0.024,0.024,1.233,1.364,2,NULL,NULL,,3,0,2,7,255,1365,250,0,0
stim,172091,202212,0,202212,3399524.454,-0.651,-0.047,0.078,0.753,2899,275,1259,3028,2266,2457,751,2588,46,1.034,1,2221,1,10.312,1.230,2.125,-9.063,4.438,-0.199,0.121,1.008,-1.215,-0.191,0.418,0.022,0.022,1.233,1.364,2,NULL,NULL,,3,0,2,7,255,1365,250,0,0
stim,172091,202212,0,202212,3399529.455,-0.652,-0.046,0.078,0.753,2885,297,1353,3034,2286,2459,808,2607,46,1.034,1,2221,1,9.835,1.086,2.750,-9.313,-1.563,-0.211,0.129,0.992,-1.012,-0.395,0.285,0.020,0.020,1.233,1.364,2,NULL,NULL,,3,0,2,7,255,1365,250,0,0
stim,172128,202249,0,202249,3399534.453,-0.652,-0.046,0.078,0.753,2875,315,1422,3021,2318,2455,843,2617,46,1.034,1,2221,1,12.588,1.122,3.000,-9.750,-7.375,-0.215,0.117,1.000,-0.969,-0.566,0.238,0.020,0.020,1.233,1.364,2,NULL,NULL,,3,0,2,7,255,1365,250,0,0
stim,172128,202249,0,202249,3399539.455,-0.652,-0.046,0.078,0.753,2851,345,1493,3006,2355,2467,891,2619,46,1.034,1,2221,1,16.864,1.069,-0.063,-9.938,-13.625,-0.215,0.098,1.012,-0.906,-0.566,0.238,0.020,0.020,1.233,1.364,2,NULL,NULL,,3,0,2,7,255,1365,250,0,0
stim,172128,202249,0,202249,3399544.453,-0.653,-0.045,0.077,0.752,2839,351,1565,3002,2392,2471,955,2635,46,1.034,1,2221,1,23.249,0.884,-4.500,-10.000,-20.500,-0.203,0.078,1.008,-0.707,-0.531,0.262,0.020,0.020,1.233,1.364,2,NULL,NULL,,3,0,2,7,255,1365,250,0,0
stim,172128,202249,0,202249,3399549.455,-0.654,-0.045,0.077,0.751,2815,363,1669,2997,2409,2469,1032,2645,46,1.034,1,2221,1,27.902,0.675,-7.375,-10.563,-24.750,-0.184,0.031,0.992,-0.527,-0.422,0.262,0.022,0.022,1.233,1.364,2,NULL,NULL,,3,0,2,7,255,1365,250,0,0
stim,172128,202249,0,202249,3399554.454,-0.655,-0.045,0.076,0.751,2789,403,1748,2981,2447,2472,1102,2661,46,1.034,1,2221,1,30.511,0.239,-10.625,-11.063,-26.375,-0.180,-0.008,1.000,-0.133,-0.199,0.129,0.022,0.024,1.233,1.364,2,NULL,NULL,,3,0,2,7,255,1365,250,0,0
stim,172128,202249,0,202249,3399559.455,-0.656,-0.046,0.075,0.750,2779,427,1831,2981,2463,2471,1199,2675,46,1.034,1,2221,1,33.135,0.252,-14.938,-11.500,-27.250,-0.176,-0.023,1.000,0.238,-0.082,0.117,0.022,0.026,1.233,1.364,2,NULL,NULL,,3,0,2,7,255,1365,250,0,0
stim,172128,202249,0,202249,3399564.453,-0.656,-0.046,0.074,0.749,2750,437,1904,2959,2501,2473,1319,2681,46,1.034,1,2221,1,37.291,0.300,-19.188,-11.563,-29.813,-0.172,-0.020,0.984,0.293,-0.066,0.117,0.020,0.026,1.233,1.364,2,NULL,NULL,,3,0,2,7,255,1365,250,0,0
stim,172128,202249,0,202249,3399569.455,-0.658,-0.046,0.073,0.748,2725,489,1991,2939,2519,2473,1406,2685,46,1.034,1,2221,1,39.277,0.365,-19.563,-12.000,-31.875,-0.145,-0.043,0.961,0.359,-0.063,-0.008,0.020,0.028,1.233,1.364,2,NULL,NULL,,3,0,2,7,255,1365,250,0,0
stim,172129,202250,0,202250,3399574.454,-0.658,-0.046,0.072,0.748,2711,519,2073,2931,2543,2471,1487,2709,46,1.034,1,2221,1,35.960,0.527,-17.063,-12.688,-29.000,-0.125,-0.074,0.953,0.488,0.199,-0.297,0.020,0.028,1.233,1.364,2,NULL,NULL,,3,0,2,7,255,1365,250,0,0
stim,172129,202250,0,202250,3399579.455,-0.659,-0.046,0.071,0.747,2669,535,2136,2918,2573,2485,1604,2712,46,1.034,1,2221,1,31.314,0.565,-14.000,-13.688,-24.438,-0.141,-0.051,0.965,0.527,0.203,-0.297,0.020,0.028,1.233,1.364,2,NULL,NULL,,3,0,2,7,255,1365,250,0,0
stim,172150,202271,0,202271,3399584.454,-0.660,-0.046,0.070,0.746,2635,547,2185,2901,2598,2488,1677,2726,46,1.034,1,2221,1,31.970,0.565,-12.063,-13.813,-26.188,-0.164,0.004,0.996,0.527,0.203,-0.254,0.020,0.028,1.233,1.364,2,NULL,NULL,,3,0,2,7,255,1365,250,0,0
stim,172150,202271,0,202271,3399589.455,-0.661,-0.046,0.069,0.746,2611,560,2259,2897,2607,2490,1751,2739,46,1.034,1,2221,1,34.679,0.078,-12.938,-13.938,-29.000,-0.148,0.020,1.004,0.004,0.078,0.063,0.020,0.028,1.233,1.364,2,NULL,NULL,,3,0,2,7,255,1365,250,0,0
stim,172150,202271,0,202271,3399594.453,-0.662,-0.046,0.068,0.745,2549,569,2317,2869,2631,2487,1847,2745,46,1.034,1,2221,1,35.606,0.142,-15.375,-14.438,-28.688,-0.152,0.012,1.016,-0.129,0.059,0.137,0.022,0.030,1.233,1.364,2,NULL,NULL,,3,0,2,7,255,1365,250,0,0
stim,172150,202271,0,202271,3399599.455,-0.663,-0.046,0.067,0.744,2503,597,2371,2845,2657,2489,1925,2751,46,1.034,1,2221,1,37.597,0.142,-18.250,-14.875,-29.313,-0.164,0.004,1.023,-0.129,0.059,0.242,0.022,0.030,1.233,1.364,2,NULL,NULL,,3,0,2,7,255,1365,250,0,0
stim,172174,202295,0,202295,3399604.454,-0.664,-0.047,0.066,0.743,2460,604,2432,2824,2680,2502,2003,2767,46,1.034,1,2221,1,41.375,0.068,-22.250,-15.375,-31.313,-0.176,0.000,1.031,-0.035,-0.059,0.340,0.024,0.032,1.233,1.364,2,NULL,NULL,,3,0,2,7,255,1365,250,0,0
stim,172174,202295,0,202295,3399609.456,-0.665,-0.047,0.064,0.743,2422,623,2492,2799,2706,2493,2076,2779,46,1.034,1,2221,1,48.292,0.172,-28.250,-16.000,-35.750,-0.191,0.016,1.051,-0.035,-0.168,0.438,0.026,0.032,1.233,1.364,2,NULL,NULL,,3,0,2,7,255,1365,250,0,0
stim,172174,202295,0,202295,3399614.454,-0.666,-0.048,0.062,0.741,2361,619,2537,2777,2717,2504,2115,2787,46,1.034,1,2221,1,58.689,0.229,-36.188,-15.750,-43.438,-0.176,0.008,1.066,-0.156,-0.168,0.664,0.028,0.034,1.233,1.364,2,NULL,NULL,,3,0,2,7,255,1365,250,0,0
stim,172174,202295,0,202295,3399619.455,-0.668,-0.048,0.060,0.740,2295,629,2595,2757,2732,2493,2195,2807,46,1.034,1,2221,1,67.143,0.229,-45.688,-16.438,-46.375,-0.145,0.004,1.039,-0.184,-0.137,0.664,0.028,0.034,1.233,1.364,2,NULL,NULL,,3,0,2,7,255,1365,250,0,0
stim,172174,202295,0,202295,3399624.454,-0.669,-0.049,0.058,0.739,2227,627,2619,2718,2759,2491,2257,2807,46,1.034,1,2221,1,68.366,0.191,-47.188,-15.625,-46.938,-0.105,-0.008,0.977,-0.164,0.098,0.477,0.030,0.036,1.233,1.364,2,NULL,NULL,,3,0,2,7,255,1365,250,0,0
stim,172174,202295,0,202295,3399629.455,-0.671,-0.050,0.056,0.738,2149,627,2651,2671,2767,2491,2290,2811,46,1.034,1,2221,1,58.661,0.356,-37.688,-16.188,-41.938,-0.102,-0.027,0.926,-0.164,0.316,-0.203,0.030,0.036,1.233,1.364,2,NULL,NULL,,3,0,2,7,255,1365,250,0,0
stim,172227,202348,0,202348,3399634.454,-0.672,-0.050,0.055,0.737,2083,618,2697,2636,2787,2490,2359,2825,46,1.034,1,2221,1,50.619,0.316,-28.813,-17.250,-37.875,-0.137,-0.055,0.969,-0.004,0.316,-0.203,0.030,0.038,1.233,1.364,2,NULL,NULL,,3,0,2,7,255,1365,250,0,0
stim,172227,202348,0,202348,3399639.455,-0.673,-0.051,0.053,0.736,1987,620,2717,2595,2793,2488,2397,2839,46,1.034,1,2221,1,52.896,0.256,-29.625,-18.313,-39.813,-0.184,-0.066,1.035,0.250,0.055,-0.199,0.030,0.038,1.233,1.364,2,NULL,NULL,,3,0,2,7,255,1365,250,0,0
stim,172227,202348,0,202348,3399644.453,-0.674,-0.051,0.051,0.735,1878,600,2739,2543,2819,2487,2413,2843,46,1.034,1,2221,1,57.072,0.287,-31.688,-18.563,-43.688,-0.156,-0.027,1.016,0.250,-0.141,0.250,0.030,0.038,1.233,1.364,2,NULL,NULL,,3,0,2,7,255,1365,250,0,0
stim,172227,202348,0,202348,3399649.455,-0.676,-0.051,0.050,0.734,1787,596,2771,2492,2823,2488,2483,2861,46,1.034,1,2221,1,58.807,0.151,-32.563,-19.313,-45.000,-0.125,-0.004,1.020,-0.055,-0.141,0.250,0.030,0.040,1.233,1.364,2,NULL,NULL,,3,0,2,7,255,1365,250,0,0
stim,172227,202348,0,202348,3399654.453,-0.677,-0.052,0.048,0.732,1679,580,2806,2423,2847,2489,2520,2863,46,1.034,1,2221,1,60.514,0.348,-36.813,-20.625,-43.375,-0.133,-0.008,1.039,-0.340,0.074,0.250,0.030,0.040,1.233,1.364,2,NULL,NULL,,3,0,2,7,255,1365,250,0,0
stim,172227,202348,0,202348,3399659.455,-0.678,-0.052,0.046,0.731,1555,563,2823,2355,2847,2477,2549,2873,46,1.034,1,2221,1,62.300,0.359,-39.375,-20.813,-43.563,-0.133,0.000,1.000,-0.352,0.074,0.250,0.030,0.040,1.233,1.364,2,NULL,NULL,,3,0,2,7,255,1365,250,0,0
stim,172227,202348,0,202348,3399664.454,-0.680,-0.053,0.044,0.730,1383,530,2851,2269,2867,2471,2580,2872,46,1.034,1,2221,1,58.867,0.348,-33.813,-21.625,-43.063,-0.105,-0.020,0.953,-0.340,0.074,0.086,0.030,0.042,1.233,1.364,2,NULL,NULL,,3,0,2,7,255,1365,250,0,0
stim,172227,202348,0,202348,3399669.455,-0.681,-0.053,0.042,0.729,1242,477,2869,2185,2871,2463,2615,2886,46,1.034,1,2221,1,54.032,0.338,-27.000,-21.875,-41.375,-0.082,-0.070,0.969,-0.281,0.188,-0.273,0.030,0.042,1.233,1.364,2,NULL,NULL,,3,0,2,7,255,1365,250,0,0
stim,172227,202348,0,202348,3399674.454,-0.682,-0.053,0.041,0.728,1098,453,2885,2083,2891,2455,2605,2888,46,1.034,1,2221,1,47.875,0.493,-22.000,-21.813,-36.500,-0.082,-0.094,0.996,0.152,0.469,-0.273,0.030,0.040,1.233,1.364,2,NULL,NULL,,3,0,2,7,255,1365,250,0,0
stim,172227,202348,0,202348,3399679.455,-0.683,-0.053,0.039,0.727,979,422,2904,1963,2900,2455,2675,2900,46,1.034,1,2221,1,45.097,0.494,-21.813,-21.938,-32.813,-0.098,-0.074,1.027,0.156,0.469,-0.012,0.030,0.040,1.233,1.364,2,NULL,NULL,,3,0,2,7,255,1365,250,0,0
stim,172248,202369,0,202369,3399684.454,-0.684,-0.053,0.038,0.726,831,355,2927,1805,2903,2440,2695,2913,46,1.034,1,2221,1,44.907,0.370,-23.250,-22.438,-31.188,-0.125,-0.043,1.031,0.156,0.336,0.301,0.030,0.040,1.233,1.364,2,NULL,NULL,,3,0,2,7,255,1365,250,0,0
stim,172248,202369,0,202369,3399689.455,-0.685,-0.053,0.036,0.726,681,351,2927,1651,2921,2429,2709,2904,46,1.034,1,2221,1,46.657,0.162,-24.000,-23.250,-32.563,-0.125,-0.004,1.031,-0.156,0.043,0.371,0.030,0.040,1.233,1.364,2,NULL,NULL,,3,0,2,7,255,1365,250,0,0
stim,172248,202369,0,202369,3399694.454,-0.686,-0.053,0.035,0.725,535,301,2943,1489,2920,2425,2745,2910,46,1.034,1,2221,1,46.575,0.571,-21.813,-23.813,-33.563,-0.113,0.020,1.012,-0.570,0.020,0.371,0.030,0.040,1.233,1.364,2,NULL,NULL,,3,0,2,7,255,1365,250,0,0
stim,172248,202369,0,202369,3399699.455,-0.687,-0.052,0.033,0.724,381,269,2966,1323,2939,2409,2763,2915,46,1.034,1,2221,1,44.182,0.602,-17.000,-25.438,-31.875,-0.113,-0.004,1.027,-0.602,0.020,0.320,0.030,0.040,1.233,1.364,2,NULL,NULL,,3,0,2,7,255,1365,250,0,0
stim,172275,202397,0,202397,3399704.453,-0.688,-0.052,0.032,0.723,293,201,2966,1143,2941,2397,2749,2920,46,1.034,1,2221,1,43.304,0.618,-15.625,-26.688,-30.313,-0.105,-0.008,1.051,-0.617,0.039,0.320,0.032,0.040,1.233,1.364,2,NULL,NULL,,3,0,2,7,255,1365,250,0,0
stim,172275,202397,0,202397,3399709.455,-0.689,-0.051,0.030,0.722,140,179,2979,917,2959,2379,2791,2931,46,1.034,1,2221,1,43.379,0.627,-15.875,-27.625,-29.438,-0.090,-0.008,1.070,-0.617,0.113,0.512,0.032,0.040,1.233,1.364,2,NULL,NULL,,3,0,2,7,255,1365,250,0,0
stim,172275,202397,0,202397,3399714.454,-0.690,-0.051,0.029,0.722,93,147,2997,733,2970,2355,2805,2935,46,1.034,1,2221,1,43.014,0.698,-17.313,-29.125,-26.500,-0.090,0.008,1.066,-0.656,0.238,0.648,0.032,0.042,1.233,1.364,2,NULL,NULL,,3,0,2,7,255,1365,250,0,0
stim,172275,202397,0,202397,3399719.455,-0.691,-0.050,0.027,0.721,38,102,2995,571,2975,2325,2798,2931,46,1.034,1,2221,1,43.304,0.754,-16.250,-30.313,-26.313,-0.082,-0.004,1.066,-0.707,0.262,0.648,0.032,0.042,1.233,1.364,2,NULL,NULL,,3,0,2,7,255,1365,250,0,0
stim,172294,202415,0,202415,3399724.454,-0.691,-0.050,0.026,0.721,22,73,2999,373,2984,2301,2838,2933,46,1.034,1,2221,1,39.511,0.764,-9.875,-33.313,-18.813,-0.074,-0.008,1.051,-0.707,0.289,0.641,0.032,0.046,1.233,1.364,2,NULL,NULL,,3,0,2,7,255,1365,250,0,0
stim,172294,202415,0,202415,3399729.455,-0.692,-0.049,0.025,0.720,0,42,3017,251,2989,2278,2853,2942,46,1.034,1,2221,1,39.698,0.768,-6.563,-34.438,-18.625,-0.055,-0.004,1.047,-0.707,0.301,0.473,0.032,0.048,1.233,1.364,2,NULL,NULL,,3,0,2,7,255,1365,250,0,0
stim,172324,202445,0,202445,3399734.453,-0.692,-0.047,0.024,0.720,0,38,3016,175,2991,2252,2808,2941,46,1.034,1,2221,1,40.291,0.794,-4.688,-36.625,-16.125,-0.109,0.012,1.105,-0.734,0.301,0.473,0.034,0.050,1.233,1.364,2,NULL,NULL,,3,0,2,7,255,1365,250,0,0
stim,172324,202445,0,202445,3399739.455,-0.692,-0.045,0.023,0.720,0,22,3029,147,3001,2237,2873,2951,46,1.034,1,2221,1,50.796,0.806,25.938,-43.563,3.125,-0.266,-0.008,1.387,-0.805,-0.039,1.035,0.038,0.052,1.233,1.364,2,NULL,NULL,,3,0,2,7,255,1365,250,0,0
stim,172324,202445,0,202445,3399744.454,-0.692,-0.044,0.022,0.721,0,9,3023,136,3013,2206,2893,2943,46,1.034,1,2221,1,53.496,1.221,2.188,-51.000,16.000,-0.227,-0.078,1.473,-0.805,-0.918,3.938,0.040,0.054,1.233,1.364,2,NULL,NULL,,3,0,2,7,255,1365,250,0,0
stim,172324,202445,0,202445,3399749.455,-0.691,-0.044,0.019,0.721,0,0,3031,117,3017,2165,2905,2955,46,1.034,1,2221,0,65.666,0.932,-43.938,-48.563,4.813,-0.203,-0.320,1.184,-0.160,-0.918,3.938,0.044,0.056,1.233,1.364,3,NULL,NULL,,3,0,2,7,255,1365,250,0,0
stim,172324,202445,0,202445,3399754.453,-0.691,-0.043,0.016,0.721,0,0,3035,97,3022,2129,2913,2957,46,1.034,1,2221,0,69.985,2.508,-46.438,-52.000,6.125,-0.133,-0.359,0.891,2.348,-0.883,2.105,0.048,0.060,1.233,1.364,3,NULL,NULL,,3,0,2,7,255,1365,250,0,0
stim,172324,202445,0,202445,3399759.455,-0.691,-0.042,0.014,0.722,0,0,3026,61,3021,2080,2931,2953,46,1.034,1,2221,0,59.147,2.508,-15.938,-55.500,12.813,-0.164,-0.262,0.809,2.348,-0.883,-0.801,0.050,0.064,1.233,1.364,3,NULL,NULL,,3,0,2,7,255,1365,250,0,0
stim,172347,202468,0,202468,3399764.454,-0.691,-0.040,0.013,0.722,0,0,3033,10,3031,2011,2923,2957,46,1.034,1,2221,0,61.706,2.151,16.000,-59.375,5.125,-0.246,-0.137,0.910,1.949,-0.910,-0.801,0.050,0.070,1.233,1.364,3,NULL,NULL,,3,0,2,7,255,1365,250,0,0
stim,172347,202468,0,202468,3399769.455,-0.691,-0.037,0.012,0.722,0,0,3023,0,3033,1960,2947,2953,46,1.034,1,2221,0,69.183,1.489,28.125,-62.625,-8.563,-0.207,-0.074,1.086,0.695,-1.316,-0.672,0.046,0.076,1.233,1.364,3,NULL,NULL,,3,0,2,7,255,1365,250,0,0
stim,172347,202468,0,202468,3399774.454,-0.691,-0.035,0.010,0.722,0,0,3031,0,3055,1891,2957,2952,46,1.034,1,2221,0,68.968,1.317,19.688,-65.000,-12.000,-0.129,-0.086,1.195,0.035,-1.316,0.953,0.042,0.082,1.233,1.364,3,NULL,NULL,,3,0,2,7,255,1365,250,0,0
stim,172347,202468,0,202468,3399779.455,-0.691,-0.033,0.008,0.722,0,0,3033,0,3043,1829,2956,2956,46,1.034,1,2221,0,67.165,0.560,7.063,-66.688,-3.750,-0.094,-0.141,1.148,0.035,-0.559,1.555,0.038,0.088,1.233,1.364,3,NULL,NULL,,3,0,2,7,255,1365,250,0,0
stim,172347,202468,0,202468,3399784.453,-0.691,-0.030,0.006,0.722,0,0,3019,0,3049,1759,2963,2955,46,1.034,1,2221,0,70.114,0.776,3.250,-69.688,7.000,-0.109,-0.148,1.082,0.563,-0.535,1.555,0.036,0.094,1.233,1.364,3,NULL,NULL,,3,0,2,7,255,1365,250,0,0
stim,172347,202468,0,202468,3399789.455,-0.691,-0.028,0.004,0.723,0,0,3021,0,3048,1663,2981,2961,46,1.034,1,2221,0,73.617,0.776,5.875,-72.563,10.938,-0.141,-0.117,1.059,0.563,-0.535,0.906,0.036,0.102,1.233,1.364,3,NULL,NULL,,3,0,2,7,255,1365,250,0,0
stim,172347,202468,0,202468,3399794.454,-0.690,-0.025,0.003,0.723,0,0,3017,0,3053,1583,2969,2951,46,1.034,1,2221,0,77.097,1.024,12.375,-75.938,4.938,-0.184,-0.102,1.063,0.445,-0.922,0.703,0.036,0.110,1.233,1.364,3,NULL,NULL,,3,0,2,7,255,1365,250,0,0
stim,172347,202468,0,202468,3399799.455,-0.690,-0.022,0.001,0.723,0,0,3019,0,3052,1465,2994,2950,46,1.034,1,2221,0,81.146,1.147,19.813,-78.688,-0.625,-0.145,-0.098,1.086,0.305,-1.105,0.703,0.038,0.118,1.233,1.364,3,NULL,NULL,,3,0,2,7,255,1365,250,0,0
stim,172374,202495,0,202495,3399804.453,-0.690,-0.019,-0.001,0.723,0,0,3004,0,3053,1354,2996,2943,46,1.034,1,2221,0,84.128,1.139,19.688,-81.688,-4.125,-0.094,-0.078,1.137,0.273,-1.105,0.930,0.040,0.124,1.233,1.364,3,NULL,NULL,,3,0,2,7,255,1365,250,0,0
stim,172374,202495,0,202495,3399809.455,-0.690,-0.016,-0.003,0.723,0,0,2997,0,3064,1247,2989,2936,46,1.034,1,2221,0,85.460,0.669,18.438,-83.438,1.313,-0.055,-0.055,1.117,0.035,-0.668,1.152,0.044,0.132,1.233,1.364,3,NULL,NULL,,3,0,2,7,255,1365,250,0,0
stim,172374,202495,1,202495,3399814.453,-0.690,-0.013,-0.005,0.724,0,0,2991,0,3061,1109,3006,2932,46,1.034,1,2221,0,89.133,0.685,19.438,-86.625,7.938,-0.098,-0.035,1.117,-0.152,-0.668,1.156,0.048,0.140,1.233,1.364,3,NULL,NULL,,3,1,2,7,255,1365,250,0,0
stim,172374,202495,1,202495,3399819.455,-0.690,-0.009,-0.007,0.724,0,0,2980,0,3061,967,3017,2937,46,1.034,1,2221,0,91.863,0.932,19.250,-89.688,4.938,-0.117,0.004,1.141,-0.332,-0.871,1.156,0.054,0.146,1.233,1.364,3,NULL,NULL,,3,1,2,7,255,1365,250,0,0
stim,172392,202513,1,202513,3399824.454,-0.689,-0.006,-0.009,0.724,0,0,2968,0,3063,791,2996,2911,46,1.034,1,2221,0,95.687,1.161,17.313,-94.000,4.500,-0.086,0.016,1.184,-0.668,-0.949,1.371,0.060,0.154,1.233,1.364,3,NULL,NULL,,3,1,2,7,255,1365,250,0,0
stim,172392,202513,1,202513,3399829.455,-0.689,-0.002,-0.011,0.725,0,0,2959,0,3067,665,3027,2913,46,1.034,1,2221,0,98.624,1.242,14.688,-97.250,7.313,-0.063,0.027,1.180,-0.801,-0.949,1.711,0.066,0.162,1.233,1.364,3,NULL,NULL,,3,1,2,7,255,1365,250,0,0
stim,172430,202551,1,202551,3399834.453,-0.689,0.001,-0.014,0.725,0,0,2951,0,3065,559,3027,2902,46,1.034,1,2221,0,102.218,1.288,11.438,-101.188,8.875,-0.070,0.027,1.184,-0.871,-0.949,1.746,0.074,0.168,1.233,1.364,3,NULL,NULL,,3,1,2,7,255,1365,250,0,0
stim,172430,202551,1,202551,3399839.455,-0.688,0.005,-0.016,0.725,0,0,2933,0,3067,441,3015,2889,46,1.034,1,2221,0,106.833,1.236,6.000,-105.750,13.938,-0.035,0.039,1.211,-0.918,-0.828,1.746,0.080,0.174,1.233,1.364,3,NULL,NULL,,3,1,2,7,255,1365,250,0,0
stim,172430,202551,1,202551,3399844.453,-0.687,0.008,-0.020,0.726,0,0,2921,0,3068,307,3034,2872,46,1.034,1,2221,0,111.391,1.428,-0.938,-109.438,20.750,-0.051,0.090,1.207,-0.996,-1.023,1.949,0.086,0.180,1.233,1.364,3,NULL,NULL,,3,1,2,7,255,1365,250,0,0
stim,172430,202551,1,202551,3399849.455,-0.686,0.011,-0.023,0.727,0,0,2903,0,3077,185,3043,2855,46,1.034,1,2221,0,115.813,1.842,-7.813,-113.750,20.313,-0.074,0.117,1.195,-1.488,-1.086,1.949,0.094,0.188,1.233,1.364,3,NULL,NULL,,3,1,2,7,255,1365,250,0,0
stim,172430,202551,1,202551,3399854.454,-0.685,0.015,-0.027,0.727,0,0,2887,0,3069,107,3048,2835,46,1.034,1,2221,0,120.454,2.069,-11.063,-118.125,20.813,-0.086,0.086,1.195,-1.488,-1.438,1.793,0.104,0.194,1.233,1.364,3,NULL,NULL,,3,1,2,7,255,1365,250,0,0
stim,172430,202551,1,202551,3399859.455,-0.685,0.018,-0.031,0.728,0,0,2869,0,3069,39,3051,2812,46,1.034,1,2221,0,126.632,2.027,-12.500,-124.000,22.438,-0.051,0.063,1.176,-1.430,-1.438,1.770,0.114,0.204,1.233,1.364,3,NULL,NULL,,3,1,2,7,255,1365,250,0,0
stim,172430,202551,1,202551,3399864.453,-0.684,0.022,-0.035,0.729,0,0,2843,0,3077,14,3058,2789,46,1.034,1,2221,0,129.815,1.862,-14.125,-127.563,19.500,-0.020,0.063,1.176,-1.211,-1.414,1.629,0.128,0.214,1.233,1.364,3,NULL,NULL,,3,1,2,7,255,1365,250,0,0
stim,172430,202551,1,202551,3399869.455,-0.682,0.025,-0.039,0.729,0,0,2815,0,3079,0,3064,2765,46,1.034,1,2221,0,134.900,1.718,-16.375,-131.500,25.250,-0.008,0.020,1.164,-1.188,-1.242,1.621,0.140,0.224,1.233,1.364,3,NULL,NULL,,3,1,2,7,255,1365,250,0,0
stim,172430,202551,1,202551,3399874.454,-0.681,0.029,-0.043,0.730,0,0,2791,0,3078,0,3065,2735,46,1.034,1,2221,0,138.562,1.640,-8.063,-135.438,28.125,-0.008,0.043,1.203,-1.070,-1.242,1.629,0.154,0.236,1.233,1.364,3,NULL,NULL,,3,1,2,7,255,1365,250,0,0
stim,172430,202551,1,202551,3399879.455,-0.680,0.034,-0.047,0.731,0,0,2761,0,3079,0,3069,2706,46,1.034,1,2221,0,141.049,1.755,-7.750,-137.438,30.750,0.012,0.055,1.273,-1.070,-1.391,1.879,0.170,0.250,1.233,1.364,3,NULL,NULL,,3,1,2,7,255,1365,250,0,0
stim,172455,202576,1,202576,3399884.454,-0.678,0.037,-0.052,0.732,0,0,2733,0,3069,0,3079,2669,46,1.034,1,2221,0,144.303,1.860,-13.313,-139.438,34.688,-0.016,0.063,1.305,-1.199,-1.422,2.566,0.186,0.266,1.233,1.364,3,NULL,NULL,,3,1,2,7,255,1365,250,0,0
stim,172455,202576,1,202576,3399889.455,-0.677,0.041,-0.056,0.733,0,0,2701,0,3065,0,3081,2635,46,1.034,1,2221,0,150.052,2.242,-23.750,-143.563,36.625,-0.051,0.051,1.348,-1.199,-1.895,2.816,0.206,0.284,1.233,1.364,3,NULL,NULL,,3,1,2,7,255,1365,250,0,0
stim,172455,202576,1,202576,3399894.453,-0.675,0.045,-0.062,0.734,0,0,2668,0,3062,0,3081,2589,46,1.034,1,2221,0,155.163,2.698,-31.375,-148.063,34.188,-0.051,0.023,1.379,-1.156,-2.438,3.172,0.226,0.306,1.233,1.364,3,NULL,NULL,,3,1,2,7,255,1365,250,0,0
stim,172455,202576,1,202576,3399899.455,-0.673,0.048,-0.067,0.735,0,0,2617,0,3061,0,3067,2543,46,1.034,1,2221,0,162.210,2.793,-33.875,-153.938,38.313,-0.121,-0.012,1.387,-0.922,-2.637,3.410,0.250,0.332,1.233,1.364,3,NULL,NULL,,3,1,2,7,255,1365,250,0,0
stim,172476,202597,1,202597,3399904.454,-0.672,0.052,-0.073,0.735,0,0,2584,0,3049,0,3081,2471,46,1.034,1,2221,0,170.654,3.497,-43.250,-161.750,33.000,-0.184,-0.051,1.348,-0.555,-3.453,3.410,0.278,0.360,1.233,1.364,3,NULL,NULL,,3,1,2,7,255,1365,250,0,0
stim,172476,202597,1,202597,3399909.457,-0.670,0.056,-0.080,0.736,0,0,2519,0,3047,0,3087,2395,46,1.034,1,2221,0,175.525,4.096,-43.938,-168.125,24.750,-0.125,0.074,1.445,-0.555,-4.059,3.410,0.308,0.392,1.233,1.364,3,NULL,NULL,,3,1,2,7,255,1365,250,0,0
stim,172476,202597,1,202597,3399914.453,-0.669,0.060,-0.086,0.736,0,0,2461,0,3042,0,3077,2313,46,1.034,1,2221,0,183.867,4.292,-48.813,-175.938,21.688,-0.164,0.035,1.492,-1.117,-4.145,3.762,0.340,0.426,1.233,1.364,3,NULL,NULL,,3,1,2,7,255,1365,250,0,0
stim,172476,202597,1,202597,3399919.455,-0.668,0.064,-0.094,0.736,0,0,2404,0,3031,0,3079,2219,46,1.034,1,2221,0,195.952,4.915,-61.813,-185.000,18.750,-0.176,0.059,1.492,-1.375,-4.719,3.988,0.374,0.460,1.233,1.364,3,NULL,NULL,,3,1,2,7,255,1365,250,0,0
stim,172476,202597,1,202597,3399924.454,-0.666,0.068,-0.102,0.736,0,0,2348,0,3019,1,3067,2123,46,1.034,1,2221,0,205.655,5.250,-66.375,-193.938,16.625,-0.176,0.094,1.555,-1.375,-5.066,4.125,0.410,0.498,1.233,1.364,3,NULL,NULL,,3,1,2,7,255,1365,250,0,0
stim,172476,202597,1,202597,3399929.455,-0.665,0.073,-0.110,0.735,0,0,2261,0,3007,7,3049,2015,46,1.034,1,2221,0,217.448,5.755,-70.500,-205.500,9.125,-0.246,0.082,1.527,-1.695,-5.500,3.988,0.450,0.540,1.233,1.364,3,NULL,NULL,,3,1,2,7,255,1365,250,0,0
stim,172528,202649,1,202649,3399934.454,-0.664,0.078,-0.119,0.734,0,0,2170,0,2996,16,3052,1901,46,1.034,1,2221,0,229.386,6.349,-72.813,-217.500,3.188,-0.176,0.156,1.551,-1.820,-6.082,4.121,0.494,0.584,1.233,1.364,3,NULL,NULL,,3,1,2,7,255,1365,250,0,0
stim,172528,202649,1,202649,3399939.455,-0.663,0.083,-0.128,0.733,0,0,2088,0,2982,31,3045,1814,46,1.034,1,2221,0,241.939,6.840,-73.438,-230.500,3.375,-0.168,0.215,1.613,-2.559,-6.344,4.121,0.544,0.634,1.233,1.364,3,NULL,NULL,,3,1,2,7,255,1365,250,0,0
stim,172528,202649,1,202649,3399944.453,-0.661,0.088,-0.137,0.732,0,0,2007,0,2967,37,3019,1742,46,1.034,1,2221,0,257.203,7.286,-79.625,-244.500,5.750,-0.176,0.250,1.594,-3.238,-6.527,4.121,0.602,0.692,1.233,1.364,3,NULL,NULL,,3,1,2,7,255,1365,250,0,0
stim,172528,202649,1,202649,3399949.455,-0.659,0.094,-0.147,0.731,0,0,1926,0,2943,40,3006,1671,46,1.034,1,2221,0,268.727,7.697,-74.875,-258.063,3.438,-0.219,0.230,1.652,-3.500,-6.855,4.367,0.668,0.760,1.233,1.364,3,NULL,NULL,,3,1,2,7,255,1365,250,0,0
stim,172528,202649,1,202649,3399954.453,-0.657,0.101,-0.157,0.730,0,0,1835,0,2927,47,2981,1613,46,1.034,1,2221,0,281.503,8.532,-70.188,-272.563,5.250,-0.227,0.191,1.805,-3.500,-7.781,4.367,0.738,0.830,1.233,1.364,3,NULL,NULL,,3,1,2,7,255,1365,250,0,0
stim,172528,202649,1,202649,3399959.455,-0.655,0.108,-0.168,0.729,0,0,1767,0,2892,59,2942,1559,46,1.034,1,2221,0,297.895,9.370,-67.688,-289.938,9.813,-0.297,0.246,1.992,-3.500,-8.691,5.570,0.812,0.904,1.233,1.364,3,NULL,NULL,,3,1,2,7,255,1365,250,0,0
stim,172528,202649,1,202649,3399964.454,-0.653,0.115,-0.179,0.727,0,0,1676,0,2856,59,2900,1483,46,1.034,1,2221,0,315.892,11.216,-83.688,-304.563,5.063,-0.344,0.328,2.098,-3.965,-10.492,6.672,0.888,0.980,1.233,1.364,3,NULL,NULL,,3,1,2,7,255,1365,250,0,0
stim,172528,202649,1,202649,3399969.455,-0.650,0.122,-0.191,0.725,0,0,1587,0,2809,55,2845,1420,46,1.034,1,2221,0,333.264,12.738,-99.500,-318.063,-1.063,-0.320,0.297,2.117,-4.719,-11.832,6.945,0.962,1.054,1.233,1.364,3,NULL,NULL,,3,1,2,7,255,1365,250,0,0
stim,172528,202649,1,202649,3399974.454,-0.648,0.130,-0.204,0.722,0,0,1467,0,2756,33,2772,1319,46,1.034,1,2221,0,342.660,12.960,-89.500,-330.375,-16.063,-0.207,0.152,2.219,-4.719,-12.070,7.004,1.032,1.126,1.233,1.364,3,NULL,NULL,,3,1,2,7,255,1365,250,0,0
stim,172528,202649,1,202649,3399979.455,-0.646,0.139,-0.215,0.719,0,0,1333,0,2685,26,2679,1237,46,1.034,1,2221,0,350.203,13.040,-69.375,-342.875,-16.313,-0.172,0.250,2.535,-4.719,-12.156,8.172,1.096,1.192,1.233,1.364,3,NULL,NULL,,3,1,2,7,255,1365,250,0,0
stim,172549,202670,1,202670,3399984.453,-0.643,0.147,-0.228,0.716,0,0,1193,0,2600,1,2569,1094,46,1.034,1,2221,0,364.550,14.731,-98.250,-350.688,-16.188,-0.207,0.418,2.676,-5.004,-13.855,10.480,1.152,1.248,1.233,1.364,3,NULL,NULL,,3,1,2,7,255,1365,250,0,0
stim,172549,202670,1,202670,3399989.455,-0.641,0.155,-0.243,0.712,0,0,1055,0,2483,0,2422,958,46,1.034,1,2221,0,384.481,16.956,-140.438,-357.188,-22.813,-0.246,0.398,2.563,-6.660,-15.594,10.480,1.196,1.296,1.233,1.364,3,NULL,NULL,,3,1,2,7,255,1365,250,0,0
stim,172549,202670,1,202670,3399994.454,-0.638,0.162,-0.258,0.707,0,0,905,0,2349,0,2257,884,46,1.034,1,2221,0,402.840,16.956,-163.375,-367.563,-22.063,-0.242,0.145,2.242,-6.660,-15.594,9.063,1.242,1.344,1.233,1.364,3,NULL,NULL,,3,1,2,7,255,1365,250,0,0
stim,172549,202670,1,202670,3399999.455,-0.634,0.169,-0.274,0.703,0,0,733,0,2159,0,2057,758,46,1.034,1,2221,0,416.500,15.193,-162.625,-383.438,-1.125,-0.191,-0.117,1.879,-4.059,-14.641,6.395,1.294,1.396,1.233,1.364,3,NULL,NULL,,3,1,2,7,255,1365,250,0,0
stim,172573,202694,1,202694,3400004.453,-0.630,0.177,-0.289,0.698,0,0,591,0,1948,0,1785,662,46,1.034,1,2221,0,416.184,12.633,-136.750,-393.063,-3.188,-0.074,-0.277,1.582,-1.293,-12.566,3.816,1.354,1.458,1.233,1.364,3,NULL,NULL,,3,1,2,7,255,1365,250,0,0
stim,172573,202694,1,202694,3400009.455,-0.625,0.187,-0.303,0.695,0,0,447,0,1711,0,1479,521,46,1.034,1,2221,0,413.453,10.297,-87.875,-404.000,2.375,0.109,-0.324,1.402,0.398,-10.289,2.180,1.424,1.530,1.233,1.364,3,NULL,NULL,,3,1,2,7,255,1365,250,0,0
stim,172573,202694,1,202694,3400014.453,-0.619,0.198,-0.315,0.691,0,0,275,0,1417,0,1015,431,46,1.034,1,2221,0,415.896,8.248,-39.813,-413.438,21.313,0.203,-0.160,1.445,0.398,-8.238,1.992,1.496,1.600,1.233,1.364,3,NULL,NULL,,3,1,2,7,255,1365,250,0,0
stim,172573,202694,1,202694,3400019.455,-0.612,0.209,-0.327,0.689,0,0,191,0,1119,0,447,365,46,1.034,1,2221,0,420.059,8.295,-6.563,-417.125,49.125,0.066,0.055,1.715,-0.965,-8.238,1.992,1.564,1.670,1.233,1.364,3,NULL,NULL,,3,1,2,7,255,1365,250,0,0
stim,172594,202715,1,202715,3400024.454,-0.603,0.220,-0.339,0.688,0,0,127,0,727,0,175,293,46,1.034,1,2221,0,428.346,11.890,-3.625,-421.250,77.563,-0.203,0.070,2.008,-3.094,-11.480,1.992,1.632,1.736,1.233,1.364,3,NULL,NULL,,3,1,2,7,255,1365,250,0,0
stim,172594,202715,1,202715,3400029.455,-0.593,0.230,-0.353,0.686,0,0,77,0,338,0,0,229,46,1.034,1,2221,0,442.789,16.162,-38.000,-426.438,113.000,-0.496,-0.012,2.117,-3.094,-15.863,1.746,1.692,1.798,1.233,1.364,3,NULL,NULL,,3,1,2,7,255,1365,250,0,0
stim,172625,202746,1,202746,3400034.453,-0.583,0.238,-0.368,0.684,0,0,43,0,33,0,0,125,46,1.034,1,2221,0,461.729,18.673,-88.813,-433.625,131.438,-0.602,0.133,1.922,-2.617,-18.488,-0.082,1.752,1.856,1.233,1.364,3,NULL,NULL,,3,1,2,7,255,1365,250,0,0
stim,172625,202746,1,202746,3400039.455,-0.574,0.245,-0.384,0.681,0,0,2,0,0,0,0,73,46,1.034,1,2221,0,458.705,18.673,-140.375,-422.438,110.688,-0.488,0.594,1.461,-2.617,-18.488,-3.109,1.808,1.914,1.233,1.364,4,NULL,NULL,,3,1,2,7,255,1365,250,0,0
stim,172625,202746,1,202746,3400044.454,-0.566,0.251,-0.400,0.676,0,0,11,0,0,0,0,25,46,1.034,1,2221,0,443.184,15.975,-171.938,-399.438,85.438,-0.234,1.074,1.027,-6.629,-14.535,-6.750,1.860,1.966,1.233,1.364,0,NULL,NULL,,3,1,2,7,255,1365,250,0,0
stim,172625,202746,1,202746,3400049.455,-0.558,0.256,-0.415,0.671,0,0,19,0,0,0,0,1,46,1.034,1,2221,0,423.355,14.820,-179.188,-373.813,85.938,-0.129,1.344,0.844,-11.117,-9.801,-9.023,1.912,2.018,1.233,1.364,0,NULL,NULL,,3,1,2,7,255,1365,250,0,0
stim,172625,202746,1,202746,3400054.454,-0.551,0.259,-0.431,0.666,0,0,18,0,0,0,0,6,46,1.034,1,2221,0,411.892,14.064,-197.500,-345.000,107.813,-0.246,1.129,0.844,-11.324,-8.340,-10.336,1.968,2.074,1.233,1.364,0,NULL,NULL,,3,1,2,7,255,1365,250,0,0
stim,172625,202746,1,202746,3400059.455,-0.544,0.260,-0.447,0.661,0,0,23,0,0,0,0,28,46,1.034,1,2221,0,418.614,13.738,-243.438,-324.563,103.125,-0.203,0.633,0.680,-11.324,-7.777,-10.414,2.026,2.134,1.233,1.364,0,NULL,NULL,,3,1,2,7,255,1365,250,0,0
stim,172647,202768,0,202768,3400064.453,-0.540,0.261,-0.460,0.654,0,0,22,0,0,0,0,45,46,1.034,1,2221,0,358.729,9.406,-227.688,-274.000,42.063,0.125,-0.078,0.484,-6.582,-6.719,-10.414,2.084,2.192,1.233,1.364,0,NULL,NULL,,3,0,2,7,255,1369,250,0,0
stim,172647,202768,0,202768,3400069.455,-0.536,0.264,-0.470,0.650,0,0,21,0,0,0,0,69,46,1.034,1,2221,0,261.607,3.858,-140.688,-219.438,22.188,0.258,-0.602,0.531,-0.594,-3.813,-6.473,2.128,2.236,1.233,1.364,0,NULL,NULL,,3,0,2,7,255,1369,250,0,0
stim,172647,202768,0,202768,3400074.454,-0.532,0.265,-0.477,0.647,0,0,23,0,0,0,0,79,46,1.034,1,2221,0,199.210,4.192,-86.313,-172.438,50.000,0.133,-0.438,0.945,1.742,-3.813,-3.551,2.160,2.270,1.233,1.364,0,NULL,NULL,,3,0,2,7,255,1369,250,0,0
stim,172647,202768,0,202768,3400079.455,-0.530,0.264,-0.483,0.645,0,0,23,0,0,0,0,89,46,1.034,1,2221,0,172.838,8.222,-119.188,-110.625,58.563,-0.105,-0.109,1.000,1.742,-8.035,-3.551,2.184,2.294,1.233,1.364,0,NULL,NULL,,3,0,2,7,255,1369,250,0,0
stim,172647,202768,0,202768,3400084.454,-0.529,0.261,-0.490,0.642,0,0,19,0,0,0,0,83,46,1.034,1,2221,0,177.817,8.069,-163.438,-41.750,56.250,-0.262,0.172,0.488,-0.742,-8.035,-6.559,2.200,2.310,1.233,1.364,0,NULL,NULL,,3,0,2,7,255,1369,250,0,0
stim,172647,202768,0,202768,3400089.455,-0.530,0.255,-0.494,0.641,0,0,21,0,0,0,0,87,46,1.034,1,2221,0,156.976,5.658,-147.375,24.000,48.438,-0.367,0.488,-0.078,-1.871,-5.340,-10.813,2.202,2.312,1.233,1.364,0,NULL,NULL,,3,0,2,7,255,1369,250,0,0
stim,172647,202768,0,202768,3400094.453,-0.532,0.251,-0.494,0.641,0,0,19,0,0,0,0,74,46,1.034,1,2221,0,118.323,3.292,-79.250,80.938,34.188,-0.379,0.551,-0.188,-3.246,-0.551,-14.938,2.196,2.308,1.233,1.364,0,NULL,NULL,,3,0,2,7,255,1369,250,0,0
stim,172647,202768,0,202768,3400099.455,-0.534,0.246,-0.492,0.642,0,0,19,0,0,0,0,63,46,1.034,1,2221,0,128.561,3.292,-18.750,124.938,23.813,-0.367,0.348,0.133,-3.246,-0.551,-14.938,2.186,2.298,1.233,1.364,0,NULL,NULL,,3,0,2,7,255,1369,250,0,0
stim,172690,202811,0,202811,3400104.454,-0.537,0.241,-0.489,0.644,0,0,17,0,0,0,0,60,46,1.034,1,2221,0,162.193,3.514,-11.563,160.500,20.313,-0.359,0.141,0.434,-2.434,-2.535,-13.645,2.172,2.284,1.233,1.364,0,NULL,NULL,,3,0,2,7,255,1369,250,0,0
stim,172690,202811,0,202811,3400109.455,-0.541,0.235,-0.486,0.646,0,0,17,0,0,0,0,47,46,1.034,1,2221,0,191.017,5.247,-33.938,185.938,27.625,-0.340,0.039,0.406,-1.320,-5.078,-11.625,2.154,2.268,1.233,1.364,0,NULL,NULL,,3,0,2,7,255,1369,250,0,0
stim,172690,202811,0,202811,3400114.453,-0.545,0.227,-0.482,0.647,0,0,13,0,0,0,0,47,46,1.034,1,2221,0,208.628,5.097,-38.750,201.813,36.000,-0.387,0.086,0.133,-0.438,-5.078,-11.625,2.142,2.256,1.233,1.364,0,NULL,NULL,,3,0,2,7,255,1369,250,0,0
stim,172690,202811,0,202811,3400119.455,-0.548,0.220,-0.478,0.650,0,0,10,0,0,0,0,43,46,1.034,1,2221,0,215.825,2.942,-13.625,212.563,34.813,-0.395,0.137,-0.059,-0.043,-2.941,-12.699,2.134,2.248,1.233,1.364,0,NULL,NULL,,3,0,2,7,255,1369,250,0,0
stim,172690,202811,0,202811,3400124.454,-0.552,0.214,-0.472,0.653,0,0,11,0,0,0,0,47,46,1.034,1,2221,0,224.218,1.376,19.375,220.938,32.938,-0.348,0.172,-0.063,-0.043,-1.375,-13.500,2.130,2.246,1.233,1.364,0,NULL,NULL,,3,0,2,7,255,1369,250,0,0
stim,172690,202811,0,202811,3400129.455,-0.556,0.208,-0.466,0.657,0,0,11,0,0,0,0,51,46,1.034,1,2221,0,234.965,1.442,42.438,228.250,36.188,-0.324,0.199,0.023,-0.434,-1.375,-13.500,2.138,2.254,1.233,1.364,0,NULL,NULL,,3,0,2,7,255,1369,250,0,0
stim,172730,202851,0,202851,3400134.454,-0.559,0.202,-0.459,0.661,0,0,10,0,0,0,0,45,46,1.034,1,2221,0,245.128,2.078,54.375,235.500,40.875,-0.340,0.211,0.094,-1.016,-1.813,-12.992,2.154,2.272,1.233,1.364,0,NULL,NULL,,3,0,2,7,255,1369,250,0,0
stim,172730,202851,0,202851,3400139.455,-0.562,0.196,-0.451,0.665,0,0,7,0,0,0,0,54,46,1.034,1,2221,0,253.999,2.712,64.250,241.813,43.750,-0.387,0.195,0.109,-1.023,-2.512,-12.934,2.178,2.296,1.233,1.364,0,NULL,NULL,,3,0,2,7,255,1369,250,0,0
stim,172730,202851,0,202851,3400144.453,-0.565,0.190,-0.443,0.669,0,0,4,0,0,0,0,55,46,1.034,1,2221,0,261.840,3.125,76.813,246.750,42.125,-0.418,0.148,0.156,-1.023,-2.953,-12.781,2.210,2.328,1.233,1.364,0,NULL,NULL,,3,0,2,7,255,1369,250,0,0
stim,172730,202851,0,202851,3400149.455,-0.568,0.184,-0.435,0.674,0,0,4,0,0,0,0,53,46,1.034,1,2221,0,267.902,3.706,87.750,250.188,38.438,-0.438,0.137,0.242,-0.730,-3.633,-12.664,2.250,2.370,1.233,1.364,0,NULL,NULL,,3,0,2,7,255,1369,250,0,0
stim,172730,202851,0,202851,3400154.453,-0.572,0.178,-0.426,0.678,0,0,7,0,0,0,0,55,46,1.034,1,2221,0,271.949,4.532,95.250,252.625,32.625,-0.457,0.148,0.344,-0.730,-4.473,-12.254,2.296,2.418,1.233,1.364,0,NULL,NULL,,3,0,2,7,255,1369,250,0,0
stim,172730,202851,0,202851,3400159.455,-0.575,0.173,-0.416,0.683,0,0,5,0,0,0,0,57,46,1.034,1,2221,0,274.787,5.546,98.563,255.188,25.938,-0.469,0.148,0.465,-1.090,-5.438,-11.754,2.346,2.470,1.233,1.364,0,NULL,NULL,,3,0,2,7,255,1369,250,0,0
stim,172730,202851,0,202851,3400164.454,-0.579,0.167,-0.407,0.687,0,0,7,0,0,0,0,56,46,1.034,1,2221,0,274.994,6.606,98.813,256.000,17.938,-0.469,0.121,0.551,-1.375,-6.461,-11.023,2.402,2.526,1.233,1.364,0,NULL,NULL,,3,0,2,7,255,1369,250,0,0
stim,172730,202851,0,202851,3400169.455,-0.583,0.162,-0.398,0.690,0,0,7,0,0,0,0,57,46,1.034,1,2221,0,274.257,7.242,97.750,256.125,7.875,-0.457,0.133,0.652,-1.379,-7.109,-10.230,2.460,2.586,1.233,1.364,0,NULL,NULL,,3,0,2,7,255,1369,250,0,0
stim,172730,202851,0,202851,3400174.454,-0.587,0.157,-0.388,0.693,0,0,4,0,0,0,0,63,46,1.034,1,2221,0,274.947,7.972,89.750,259.875,-2.438,-0.430,0.156,0.742,-1.801,-7.766,-9.438,2.518,2.646,1.233,1.364,0,NULL,NULL,,3,0,2,7,255,1369,250,0,0
stim,172730,202851,0,202851,3400179.455,-0.591,0.151,-0.379,0.696,0,0,2,0,0,0,0,77,46,1.034,1,2221,0,276.787,8.409,77.875,265.250,-13.750,-0.379,0.148,0.781,-2.336,-8.078,-8.563,2.576,2.704,1.233,1.364,0,NULL,NULL,,3,0,2,7,255,1369,250,0,0
stim,172753,202874,0,202874,3400184.453,-0.596,0.145,-0.370,0.698,0,0,3,0,0,0,0,99,46,1.034,1,2221,0,281.641,8.469,70.625,271.813,-21.250,-0.316,0.180,0.809,-2.543,-8.078,-7.777,2.630,2.760,1.233,1.364,0,NULL,NULL,,3,0,2,7,255,1369,250,0,0
stim,172753,202874,0,202874,3400189.455,-0.601,0.139,-0.360,0.700,0,0,0,0,0,0,0,111,46,1.034,1,2221,0,288.678,8.247,63.938,280.563,-23.063,-0.309,0.141,0.801,-2.766,-7.770,-7.105,2.678,2.810,1.233,1.364,0,NULL,NULL,,3,0,2,7,255,1369,250,0,0
stim,172753,202874,0,202874,3400194.454,-0.607,0.132,-0.351,0.701,0,0,4,0,0,0,0,116,46,1.034,1,2221,0,298.661,8.052,57.750,291.125,-33.313,-0.332,0.117,0.781,-2.766,-7.563,-6.781,2.720,2.852,1.233,1.364,0,NULL,NULL,,3,0,2,7,255,1369,250,0,0
stim,172753,202874,0,202874,3400199.455,-0.612,0.125,-0.340,0.702,0,0,0,0,0,0,0,117,46,1.034,1,2221,0,310.259,8.001,59.125,301.750,-41.375,-0.281,0.141,0.805,-2.766,-7.508,-6.777,2.754,2.886,1.233,1.364,0,NULL,NULL,,3,0,2,7,255,1369,250,0,0
stim,172773,202894,0,202894,3400204.453,-0.618,0.118,-0.330,0.703,0,0,0,0,0,0,0,127,46,1.034,1,2221,0,320.519,7.573,57.313,312.313,-43.688,-0.254,0.082,0.738,-2.465,-7.160,-6.195,2.780,2.912,1.233,1.364,0,NULL,NULL,,3,0,2,7,255,1369,250,0,0
stim,172773,202894,0,202894,3400209.455,-0.624,0.111,-0.319,0.704,0,0,0,0,0,0,0,135,46,1.034,1,2221,0,332.697,7.003,66.938,321.938,-50.625,-0.266,0.059,0.773,-2.281,-6.621,-6.117,2.798,2.932,1.233,1.364,0,NULL,NULL,,3,0,2,7,255,1369,250,0,0
stim,172773,202894,0,202894,3400214.453,-0.630,0.104,-0.308,0.705,0,0,0,0,0,0,0,135,46,1.034,1,2221,0,340.011,6.822,72.250,328.500,-49.750,-0.219,0.055,0.746,-2.191,-6.461,-5.668,2.810,2.946,1.233,1.364,0,NULL,NULL,,3,0,2,7,255,1369,250,0,0
stim,172773,202894,0,202894,3400219.455,-0.636,0.097,-0.295,0.706,0,0,0,0,0,0,0,139,46,1.034,1,2221,0,349.453,6.401,86.438,334.250,-54.063,-0.223,0.008,0.777,-2.188,-6.016,-5.438,2.822,2.956,1.233,1.364,0,NULL,NULL,,3,0,2,7,255,1369,250,0,0
stim,172773,202894,0,202894,3400224.454,-0.642,0.090,-0.283,0.707,0,0,0,0,0,0,0,140,46,1.034,1,2221,0,353.172,6.249,94.938,335.500,-56.188,-0.070,-0.020,0.730,-1.852,-5.969,-4.867,2.830,2.966,1.233,1.364,0,NULL,NULL,,3,0,2,7,255,1369,250,0,0
stim,172773,202894,0,202894,3400229.455,-0.648,0.083,-0.270,0.708,0,0,0,0,0,0,0,149,46,1.034,1,2221,0,358.451,4.658,113.563,336.563,-48.125,0.020,-0.090,0.703,-1.691,-4.340,-4.250,2.842,2.978,1.233,1.364,0,NULL,NULL,,3,0,2,7,255,1369,250,0,0
stim,172826,202947,0,202947,3400234.453,-0.652,0.078,-0.256,0.709,0,0,0,0,0,0,0,149,46,1.034,1,2221,0,359.436,3.671,135.438,331.438,-31.625,0.043,-0.012,0.719,-1.691,-3.258,-3.730,2.856,2.992,1.233,1.364,0,NULL,NULL,,3,0,2,7,255,1369,250,0,0
stim,172826,202947,0,202947,3400239.455,-0.656,0.072,-0.242,0.711,0,0,0,0,0,0,0,153,46,1.034,1,2221,0,366.353,3.734,156.875,329.875,-28.063,0.035,0.102,0.813,-1.824,-3.258,-3.641,2.874,3.012,1.233,1.364,0,NULL,NULL,,3,0,2,7,255,1369,250,0,0
stim,172826,202947,0,202947,3400244.453,-0.660,0.067,-0.227,0.713,0,0,0,0,0,0,0,156,46,1.034,1,2221,0,367.231,4.011,172.313,324.000,-13.813,0.063,0.031,0.895,-2.500,-3.137,-3.078,2.898,3.034,1.233,1.364,0,NULL,NULL,,3,0,2,7,255,1369,250,0,0
stim,172826,202947,0,202947,3400249.455,-0.663,0.063,-0.212,0.715,0,0,0,0,0,0,0,155,46,1.034,1,2221,0,370.104,4.034,184.375,320.813,-7.875,0.070,0.023,0.980,-2.527,-3.145,-1.926,2.926,3.064,1.233,1.364,0,NULL,NULL,,3,0,2,7,255,1369,250,0,0
stim,172826,202947,0,202947,3400254.454,-0.665,0.059,-0.197,0.718,0,0,0,0,0,0,0,153,46,1.034,1,2221,0,373.673,4.034,198.750,316.375,6.063,-0.023,0.109,1.070,-2.527,-3.145,-0.996,2.958,3.096,1.233,1.364,0,NULL,NULL,,3,0,2,7,255,1369,250,0,0
stim,172826,202947,0,202947,3400259.455,-0.668,0.055,-0.181,0.720,0,0,0,0,0,0,0,151,46,1.034,1,2221,0,376.919,5.253,209.688,313.125,-7.188,-0.023,0.117,1.223,-3.297,-4.090,-0.605,2.988,3.128,1.233,1.364,0,NULL,NULL,,3,0,2,7,255,1369,250,0,0
stim,172826,202947,0,202947,3400264.453,-0.670,0.052,-0.165,0.722,0,0,0,0,0,0,0,153,46,1.034,1,2221,0,375.420,5.360,211.375,310.188,6.688,0.027,-0.012,1.457,-3.297,-4.227,0.930,3.020,3.158,1.233,1.364,0,NULL,NULL,,3,0,2,7,255,1369,250,0,0
stim,172826,202947,0,202947,3400269.455,-0.671,0.048,-0.150,0.724,0,0,0,0,0,0,0,153,46,1.034,1,2221,0,363.254,5.329,192.625,307.250,21.125,0.008,0.043,1.637,-3.109,-4.328,3.648,3.048,3.186,1.233,1.364,0,NULL,NULL,,3,0,2,7,255,1369,250,0,0
stim,172826,202947,0,202947,3400274.454,-0.672,0.043,-0.136,0.727,0,0,0,0,0,0,0,153,46,1.034,1,2221,0,351.015,5.502,172.063,304.313,31.625,-0.156,0.125,1.691,-3.109,-4.539,5.285,3.072,3.210,1.233,1.364,0,NULL,NULL,,3,0,2,7,255,1369,250,0,0
stim,172826,202947,0,202947,3400279.455,-0.674,0.038,-0.122,0.728,0,0,0,0,0,0,0,151,46,1.034,1,2221,0,340.722,6.907,156.938,302.125,13.500,-0.238,0.207,1.758,-3.656,-5.859,5.445,3.090,3.230,1.233,1.364,0,NULL,NULL,,3,0,2,7,255,1369,250,0,0
stim,172850,202971,0,202971,3400284.454,-0.675,0.032,-0.109,0.729,0,0,0,0,0,0,0,142,46,1.034,1,2221,0,329.997,6.907,138.688,299.438,-1.063,-0.152,0.063,1.770,-3.656,-5.859,5.961,3.106,3.246,1.233,1.364,0,NULL,NULL,,3,0,2,7,255,1369,250,0,0
stim,172850,202971,0,202971,3400289.455,-0.677,0.026,-0.096,0.730,0,0,0,0,0,0,0,159,46,1.034,1,2221,0,319.906,5.813,116.500,297.938,1.000,-0.051,0.023,1.727,-2.828,-5.078,6.586,3.116,3.256,1.233,1.364,0,NULL,NULL,,3,0,2,7,255,1369,250,0,0
stim,172850,202971,0,202971,3400294.453,-0.678,0.020,-0.084,0.730,0,0,0,0,0,0,0,161,46,1.034,1,2221,0,313.271,4.272,104.813,295.125,7.375,-0.098,-0.031,1.680,-2.340,-3.574,6.586,3.124,3.264,1.233,1.364,0,NULL,NULL,,3,0,2,7,255,1369,250,0,0
stim,172850,202971,0,202971,3400299.455,-0.679,0.013,-0.072,0.731,0,0,1,0,0,0,0,166,46,1.034,1,2221,0,307.728,4.114,92.563,293.438,4.813,-0.109,0.055,1.586,-2.219,-3.465,6.266,3.130,3.270,1.233,1.364,0,NULL,NULL,,3,0,2,7,255,1369,250,0,0
stim,172859,202980,0,202980,3400304.454,-0.680,0.007,-0.060,0.731,0,0,3,0,0,0,0,163,46,1.034,1,2221,0,304.448,3.482,89.688,290.938,-0.125,-0.078,-0.074,1.430,-1.621,-3.082,5.340,3.132,3.274,1.233,1.364,0,NULL,NULL,,3,0,2,7,255,1369,250,0,0
stim,172859,202980,0,202980,3400309.455,-0.681,0.001,-0.048,0.731,0,0,1,0,0,0,0,167,46,1.034,1,2221,0,304.893,2.303,104.563,286.313,7.188,-0.070,-0.137,1.438,-0.777,-2.168,4.246,3.134,3.276,1.233,1.364,0,NULL,NULL,,3,0,2,7,255,1369,250,0,0
stim,172879,203000,0,203000,3400314.454,-0.681,-0.005,-0.036,0.731,0,0,6,0,0,0,0,164,46,1.034,1,2221,0,304.076,1.787,109.063,283.750,7.313,-0.078,-0.070,1.434,-0.598,-1.684,4.207,3.136,3.278,1.233,1.364,0,NULL,NULL,,3,0,2,7,255,1369,250,0,0
stim,172879,203000,0,203000,3400319.455,-0.681,-0.011,-0.024,0.731,0,0,5,0,0,0,0,165,46,1.034,1,2221,0,302.897,1.466,119.063,278.063,15.875,-0.086,-0.086,1.418,-0.309,-1.434,4.207,3.134,3.276,1.233,1.364,0,NULL,NULL,,3,0,2,7,255,1369,250,0,0
stim,172879,203000,0,203000,3400324.454,-0.681,-0.015,-0.012,0.732,0,0,1,0,0,0,0,164,46,1.034,1,2221,0,305.545,1.319,134.500,273.750,18.125,-0.121,-0.031,1.492,-0.598,-1.176,4.207,3.128,3.272,1.233,1.364,0,NULL,NULL,,3,0,2,7,255,1369,250,0,0
stim,172879,203000,0,203000,3400329.455,-0.681,-0.020,0.001,0.732,0,0,4,0,0,0,0,163,46,1.034,1,2221,0,306.532,1.353,144.813,269.813,13.875,-0.105,-0.008,1.598,-0.715,-1.148,4.816,3.122,3.264,1.233,1.364,0,NULL,NULL,,3,0,2,7,255,1369,250,0,0
stim,172925,203046,0,203046,3400334.454,-0.681,-0.024,0.014,0.732,0,0,7,0,0,0,0,159,46,1.034,1,2221,0,306.059,0.978,150.563,265.375,24.063,-0.074,-0.055,1.637,-0.715,-0.668,5.852,3.108,3.252,1.233,1.364,0,NULL,NULL,,3,0,2,7,255,1369,250,0,0
stim,172925,203046,0,203046,3400339.455,-0.680,-0.027,0.027,0.732,0,0,6,0,0,0,0,165,46,1.034,1,2221,0,309.914,0.348,161.313,262.938,29.813,-0.098,-0.027,1.703,-0.340,0.074,6.262,3.090,3.234,1.233,1.364,0,NULL,NULL,,3,0,2,7,255,1369,250,0,0
stim,172925,203046,0,203046,3400344.453,-0.680,-0.030,0.040,0.732,0,0,7,0,0,0,0,169,46,1.034,1,2221,0,315.758,0.431,175.875,261.188,23.500,-0.094,0.035,1.855,-0.340,0.266,6.914,3.068,3.212,1.233,1.364,0,NULL,NULL,,3,0,2,7,255,1369,250,0,0
stim,172925,203046,0,203046,3400349.455,-0.679,-0.033,0.054,0.732,0,0,6,0,0,0,0,165,46,1.034,1,2221,0,318.944,0.870,181.563,261.250,22.563,-0.016,0.012,2.004,-0.340,0.801,8.355,3.040,3.182,1.233,1.364,0,NULL,NULL,,3,0,2,7,255,1369,250,0,0
stim,172925,203046,0,203046,3400354.453,-0.678,-0.036,0.067,0.731,0,0,10,0,0,0,0,167,46,1.034,1,2221,0,320.179,2.220,177.125,265.250,28.000,0.078,0.008,2.082,-0.332,2.195,9.684,3.004,3.146,1.233,1.364,0,NULL,NULL,,3,0,2,7,255,1369,250,0,0
stim,172925,203046,0,203046,3400359.455,-0.676,-0.040,0.081,0.731,0,0,12,0,0,0,0,167,46,1.034,1,2221,0,323.869,3.675,174.500,270.813,33.188,0.145,0.035,2.074,-0.145,3.672,10.004,2.962,3.104,1.233,1.364,0,NULL,NULL,,3,0,2,7,255,1369,250,0,0
stim,172946,203067,0,203067,3400364.454,-0.675,-0.043,0.095,0.731,0,0,9,0,0,0,0,168,46,1.034,1,2221,0,331.597,4.778,181.750,274.813,37.438,0.207,0.039,2.098,-0.090,4.777,10.004,2.916,3.058,1.233,1.364,0,NULL,NULL,,3,0,2,7,255,1369,250,0,0
stim,172946,203067,0,203067,3400369.455,-0.673,-0.046,0.109,0.730,0,0,9,0,0,0,0,169,46,1.034,1,2221,0,339.356,5.899,189.750,278.625,39.063,0.301,0.047,2.164,0.043,5.898,10.004,2.866,3.008,1.233,1.364,0,NULL,NULL,,3,0,2,7,255,1369,250,0,0
stim,172946,203067,0,203067,3400374.454,-0.671,-0.049,0.124,0.730,0,0,10,0,0,0,0,169,46,1.034,1,2221,0,343.249,7.425,191.938,281.500,41.688,0.422,0.047,2.219,0.207,7.422,10.273,2.812,2.952,1.233,1.364,0,NULL,NULL,,3,0,2,7,255,1369,250,0,0
stim,172946,203067,0,203067,3400379.455,-0.668,-0.052,0.138,0.729,0,0,9,0,0,0,0,171,46,1.034,1,2221,0,345.419,9.249,192.750,281.813,52.375,0.512,0.008,2.234,0.445,9.238,10.273,2.754,2.894,1.233,1.364,0,NULL,NULL,,3,0,2,7,255,1369,250,0,0
stim,172946,203067,0,203067,3400384.453,-0.665,-0.055,0.153,0.729,0,0,13,0,0,0,0,175,46,1.034,1,2221,0,347.047,10.705,195.125,279.188,66.500,0.504,-0.016,2.258,1.020,10.656,9.926,2.692,2.832,1.233,1.364,0,NULL,NULL,,3,0,2,7,255,1369,250,0,0
stim,172946,203067,0,203067,3400389.455,-0.662,-0.058,0.167,0.729,0,0,12,0,0,0,0,171,46,1.034,1,2221,0,343.953,11.265,194.125,274.688,71.875,0.473,0.016,2.297,1.535,11.160,9.926,2.628,2.766,1.233,1.364,0,NULL,NULL,,3,0,2,7,255,1369,250,0,0
stim,172946,203067,0,203067,3400394.454,-0.658,-0.061,0.181,0.728,0,0,12,0,0,0,0,189,46,1.034,1,2221,0,336.432,11.588,190.313,268.438,70.063,0.484,0.023,2.336,1.578,11.480,9.984,2.560,2.696,1.233,1.364,0,NULL,NULL,,3,0,2,7,255,1369,250,0,0
stim,172946,203067,0,203067,3400399.455,-0.654,-0.062,0.195,0.728,0,0,16,0,0,0,0,192,46,1.034,1,2221,0,339.741,12.340,215.063,249.063,84.500,0.551,0.074,2.695,1.805,12.207,10.012,2.488,2.624,1.233,1.364,0,NULL,NULL,,3,0,2,7,255,1369,250,0,0
stim,172980,203101,0,203101,3400404.453,-0.651,-0.066,0.207,0.727,0,0,17,0,0,0,0,200,46,1.034,1,2221,0,295.629,14.649,136.000,257.438,51.250,0.633,-0.152,2.434,2.027,14.508,10.012,2.412,2.548,1.233,1.364,0,NULL,NULL,,3,0,2,7,255,1369,250,0,0
stim,172980,203101,0,203101,3400409.455,-0.647,-0.070,0.218,0.727,0,0,12,0,0,0,0,209,46,1.034,1,2221,0,284.637,15.018,121.313,250.313,60.375,0.691,-0.324,1.898,3.883,14.508,9.406,2.334,2.470,1.233,1.364,0,NULL,NULL,,3,0,2,7,255,1369,250,0,0
stim,172980,203101,0,203101,3400414.453,-0.643,-0.072,0.231,0.726,0,0,17,0,0,0,0,219,46,1.034,1,2221,0,303.600,15.086,169.000,241.438,72.938,0.727,-0.164,1.934,3.883,14.578,3.848,2.252,2.388,1.233,1.364,0,NULL,NULL,,3,0,2,7,255,1369,250,0,0
stim,172980,203101,0,203101,3400419.455,-0.640,-0.074,0.243,0.725,0,0,18,0,0,0,0,245,46,1.034,1,2221,0,300.578,15.341,180.500,232.625,60.438,0.625,-0.344,2.223,4.777,14.578,3.848,2.168,2.304,1.233,1.364,0,NULL,NULL,,3,0,2,7,255,1369,250,0,0
stim,172980,203101,0,203101,3400424.454,-0.637,-0.077,0.254,0.724,0,0,19,0,0,0,0,281,46,1.034,1,2221,0,273.320,16.459,149.625,223.688,47.750,0.652,-0.586,2.203,5.895,15.367,4.727,2.080,2.216,1.233,1.364,0,NULL,NULL,,3,0,2,7,255,1369,250,0,0
stim,172980,203101,0,203101,3400429.455,-0.634,-0.080,0.264,0.723,0,0,18,0,0,0,0,305,46,1.034,1,2221,0,252.280,17.664,126.563,214.563,39.875,0.723,-0.633,1.926,8.164,15.664,4.727,1.988,2.124,1.233,1.364,0,NULL,NULL,,3,0,2,7,255,1369,250,0,0
stim,173000,203121,0,203121,3400434.453,-0.631,-0.082,0.274,0.721,0,0,12,0,0,0,0,311,46,1.034,1,2221,0,248.427,17.664,140.000,201.813,37.250,0.813,-0.508,1.715,8.164,15.664,1.590,1.888,2.024,1.233,1.364,0,NULL,NULL,,3,0,2,7,255,1369,250,0,0
stim,173000,203121,0,203121,3400439.455,-0.628,-0.083,0.285,0.719,0,0,13,0,0,0,0,355,46,1.034,1,2221,0,253.674,16.964,167.500,187.750,32.313,0.730,-0.344,1.867,6.512,15.664,1.070,1.784,1.922,1.233,1.364,0,NULL,NULL,,3,0,2,7,255,1369,250,0,0
stim,173029,203150,0,203150,3400444.453,-0.627,-0.085,0.294,0.717,0,0,16,0,1,0,0,383,46,1.034,1,2221,0,220.231,16.967,135.563,173.563,-0.750,0.875,-0.699,2.148,6.512,15.668,1.070,1.676,1.812,1.233,1.364,0,NULL,NULL,,3,0,2,7,255,1369,250,0,0
stim,173029,203150,0,203150,3400449.455,-0.625,-0.087,0.301,0.715,0,0,9,0,0,0,0,397,46,1.034,1,2221,0,187.164,19.915,97.500,159.438,-10.188,1.164,-0.547,1.883,6.820,18.711,1.070,1.564,1.700,1.233,1.364,0,NULL,NULL,,3,0,2,7,255,1369,250,0,0
stim,173029,203150,0,203150,3400454.454,-0.624,-0.089,0.308,0.712,0,0,10,0,20,0,0,411,46,1.034,1,2221,0,165.356,20.909,83.063,142.625,-10.063,1.426,-0.566,1.652,6.820,19.766,-2.141,1.444,1.580,1.233,1.364,0,NULL,NULL,,3,0,2,7,255,1369,250,0,0
stim,173029,203150,0,203150,3400459.455,-0.624,-0.091,0.313,0.710,0,0,12,0,28,0,0,443,46,1.034,1,2221,0,150.288,21.637,78.500,127.313,-14.688,1.633,-0.621,1.500,6.012,20.785,-5.621,1.322,1.456,1.233,1.364,0,NULL,NULL,,3,0,2,7,255,1369,250,0,0
stim,173029,203150,0,203150,3400464.453,-0.623,-0.093,0.319,0.708,0,0,15,0,43,0,0,469,46,1.034,1,2221,0,142.356,22.513,80.688,113.750,-28.563,1.859,-0.828,1.281,6.012,21.695,-8.336,1.200,1.332,1.233,1.364,0,NULL,NULL,,3,0,2,7,255,1369,250,0,0
stim,173029,203150,0,203150,3400469.455,-0.624,-0.094,0.324,0.705,0,0,11,0,62,0,0,483,46,1.034,1,2221,0,143.413,23.390,95.500,100.063,-37.875,2.125,-1.094,1.082,6.840,22.367,-12.086,1.074,1.202,1.233,1.364,0,NULL,NULL,,3,0,2,7,255,1369,250,0,0
stim,173029,203150,0,203150,3400474.454,-0.624,-0.094,0.330,0.702,0,0,12,0,89,0,0,487,46,1.034,1,2221,0,148.661,24.865,119.625,82.938,-30.188,2.305,-1.324,1.027,8.391,23.406,-16.113,0.948,1.074,1.233,1.364,0,NULL,NULL,,3,0,2,7,255,1369,250,0,0
stim,173029,203150,0,203150,3400479.455,-0.624,-0.092,0.336,0.700,0,0,15,0,93,0,0,495,46,1.034,1,2221,0,156.659,26.456,143.500,62.375,-7.688,2.313,-1.410,1.145,10.117,24.445,-18.223,0.826,0.946,1.233,1.364,0,NULL,NULL,,3,0,2,7,255,1369,250,0,0
stim,173058,203179,0,203179,3400484.453,-0.623,-0.089,0.342,0.697,0,0,11,0,115,0,0,500,46,1.034,1,2221,0,171.362,27.504,165.625,41.375,14.875,2.168,-1.320,1.402,11.234,25.105,-18.223,0.706,0.820,1.233,1.364,0,NULL,NULL,,3,0,2,7,255,1369,250,0,0
stim,173058,203179,0,203179,3400489.455,-0.623,-0.084,0.348,0.695,0,0,13,0,121,0,0,507,46,1.034,1,2221,0,171.037,27.683,168.313,16.938,25.250,1.863,-0.996,1.855,11.234,25.301,-15.504,0.594,0.696,1.233,1.364,0,NULL,NULL,,3,0,2,7,255,1369,250,0,0
stim,173058,203179,0,203179,3400494.453,-0.623,-0.080,0.352,0.694,0,0,16,0,125,0,0,509,46,1.034,1,2221,0,138.407,27.426,137.563,-6.375,13.875,1.574,-0.688,2.250,10.453,25.355,-9.641,0.492,0.578,1.233,1.364,0,NULL,NULL,,3,0,2,7,255,1369,250,0,0
stim,173058,203179,0,203179,3400499.455,-0.624,-0.077,0.354,0.692,0,0,18,0,119,0,0,511,46,1.034,1,2221,0,96.436,27.086,91.875,-29.125,-3.250,1.344,-0.508,2.387,9.527,25.355,-4.227,0.404,0.468,1.233,1.364,0,NULL,NULL,,3,0,2,7,255,1369,250,0,0
stim,173058,203179,0,203179,3400504.454,-0.625,-0.075,0.354,0.692,0,0,17,0,105,0,0,521,46,1.034,1,2221,0,58.239,25.894,29.500,-48.000,-14.750,1.164,-0.367,2.488,8.941,24.301,-1.363,0.330,0.364,1.233,1.364,0,NULL,NULL,,3,0,2,7,255,1369,250,0,0
stim,173058,203179,0,203179,3400509.455,-0.627,-0.074,0.351,0.692,0,0,11,0,59,0,0,519,46,1.034,1,2221,0,77.510,24.899,-35.625,-60.750,-32.375,0.926,-0.316,2.309,8.449,23.422,0.914,0.278,0.270,1.233,1.364,0,NULL,NULL,,3,0,2,7,255,1369,250,0,0
stim,173081,203202,0,203202,3400514.453,-0.630,-0.075,0.346,0.691,0,0,13,0,55,0,0,533,46,1.034,1,2221,0,123.503,21.896,-80.000,-70.938,-61.813,0.742,-0.293,1.980,7.918,20.414,0.914,0.268,0.202,1.233,1.364,0,NULL,NULL,,3,0,2,7,255,1369,250,0,0
stim,173081,203202,0,203202,3400519.455,-0.633,-0.077,0.340,0.691,0,0,13,0,29,0,0,535,46,1.034,1,2221,0,169.005,18.807,-118.813,-79.875,-89.813,0.832,-0.328,1.941,7.055,17.434,-0.031,0.284,0.182,1.233,1.364,0,NULL,NULL,,3,0,2,7,255,1369,250,0,0
stim,173081,203202,0,203202,3400524.454,-0.636,-0.080,0.332,0.691,0,0,16,0,5,0,0,520,46,1.034,1,2221,0,203.798,18.387,-164.438,-84.250,-86.000,0.926,-0.332,1.730,7.016,16.996,-0.691,0.306,0.194,1.233,1.364,0,NULL,NULL,,3,0,2,7,255,1369,250,0,0
stim,173081,203202,0,203202,3400529.455,-0.639,-0.081,0.326,0.692,51,0,10,315,10,0,0,567,46,1.034,1,2221,0,166.761,18.358,-118.125,-109.000,-44.438,0.707,-0.504,1.973,7.016,16.965,-0.691,0.330,0.226,1.233,1.364,0,NULL,NULL,,3,0,2,7,255,1369,250,0,0
stim,173128,203249,0,203249,3400534.454,-0.636,-0.069,0.323,0.697,627,0,0,953,0,42,0,589,46,1.034,1,2221,0,312.908,18.053,104.188,-221.375,195.063,0.465,0.578,4.184,6.172,16.965,0.113,0.356,0.268,1.233,1.364,0,NULL,NULL,,3,0,2,7,255,1369,250,0,0
stim,173128,203249,0,203249,3400539.455,-0.625,-0.073,0.306,0.714,1171,0,0,1415,0,163,0,637,46,1.034,1,2221,0,606.883,17.290,-470.000,-142.688,356.438,-0.434,2.113,2.762,5.492,16.395,20.918,0.392,0.306,1.233,1.364,0,NULL,NULL,,3,0,2,7,255,1369,250,0,0
stim,173128,203249,0,203249,3400544.453,-0.616,-0.080,0.285,0.730,1628,0,0,1763,0,410,0,701,46,1.034,1,2221,0,661.277,15.417,-577.438,-158.438,280.625,-1.020,2.207,0.348,-12.016,9.660,20.918,0.424,0.342,1.233,1.364,0,NULL,NULL,,3,0,2,7,255,1369,250,0,0
stim,173128,203249,0,203249,3400549.455,-0.610,-0.083,0.271,0.740,1994,0,0,1939,0,557,0,773,45,1.034,1,2222,0,429.215,14.936,-357.188,-126.750,201.438,-1.277,1.508,-0.414,-12.016,-8.871,4.008,0.448,0.370,1.233,1.364,1,1367.000,-2.000,,3,0,2,7,255,1369,250,0,0
stim,173128,203249,0,203249,3400554.453,-0.609,-0.084,0.263,0.744,2200,0,0,2071,0,667,0,856,45,1.034,1,2222,0,216.231,14.829,-177.750,-109.563,56.188,-0.969,0.676,0.242,-11.883,-8.871,-1.824,0.448,0.384,1.233,1.364,1,NULL,NULL,,3,0,2,7,255,1369,250,0,0
stim,173128,203249,0,203249,3400559.455,-0.608,-0.083,0.256,0.747,2399,0,0,2175,0,859,0,931,45,1.034,1,2222,0,158.818,9.883,-115.688,-105.375,27.125,-0.109,0.734,0.590,-5.809,-7.996,-2.523,0.432,0.394,1.233,1.364,1,NULL,NULL,,3,0,2,7,255,1369,250,0,0
stim,173128,203249,0,203249,3400564.454,-0.605,-0.081,0.250,0.751,2596,0,0,2441,0,985,0,981,45,1.034,1,2222,0,205.043,5.859,-129.125,-113.250,112.000,0.246,1.023,0.953,-5.809,0.766,-1.824,0.412,0.396,1.233,1.364,1,NULL,NULL,,3,0,2,7,255,1369,250,0,0
stim,173128,203249,0,203249,3400569.455,-0.598,-0.079,0.242,0.760,2757,0,0,2623,0,1031,0,1001,45,1.034,1,2222,0,315.510,5.859,-167.500,-134.000,231.375,-0.805,0.289,0.836,-5.809,0.766,-0.227,0.390,0.390,1.233,1.364,1,NULL,NULL,,3,0,2,7,255,1369,250,0,0
stim,173128,203249,0,203249,3400574.454,-0.589,-0.077,0.230,0.771,2841,0,0,2736,0,1051,0,1067,45,1.034,1,2222,0,420.936,3.718,-249.063,-179.375,288.063,-1.863,-0.984,0.344,0.508,-3.684,-0.227,0.362,0.368,1.233,1.364,1,NULL,NULL,,3,0,2,7,255,1369,250,0,0
stim,173128,203249,0,203249,3400579.455,-0.587,-0.074,0.220,0.776,2925,0,0,2843,0,1071,0,1147,45,1.034,1,2222,0,283.480,16.775,-181.313,-184.000,116.750,-1.980,-0.629,-0.328,11.227,-12.465,-1.980,0.332,0.328,1.233,1.364,2,NULL,NULL,,3,0,2,7,255,1369,250,0,0
stim,173154,203275,0,203275,3400584.454,-0.589,-0.068,0.214,0.776,2971,0,0,2916,0,1097,0,1255,45,1.034,1,2222,0,194.164,16.775,-13.438,-192.438,-22.063,-0.996,0.332,0.074,11.227,-12.465,-4.941,0.300,0.286,1.233,1.364,2,NULL,NULL,,3,0,2,7,255,1369,250,0,0
stim,173154,203275,0,203275,3400589.455,-0.593,-0.060,0.212,0.775,3011,0,0,2973,0,1134,0,1323,45,1.034,1,2222,0,211.884,9.151,87.000,-182.313,-63.938,-0.020,0.465,1.391,-0.203,-9.148,-4.941,0.270,0.248,1.233,1.364,2,NULL,NULL,,3,0,2,7,255,1369,250,0,0
stim,173154,203275,0,203275,3400594.454,-0.595,-0.054,0.208,0.775,3049,0,0,3029,0,1213,0,1395,45,1.034,1,2222,0,170.816,4.165,14.000,-169.563,-15.188,0.492,0.125,2.215,-0.203,4.160,3.684,0.242,0.220,1.233,1.364,2,NULL,NULL,,3,0,2,7,255,1369,250,0,0
stim,173154,203275,0,203275,3400599.455,-0.594,-0.052,0.200,0.777,3062,0,0,3064,0,1315,0,1477,45,1.034,1,2222,0,203.162,11.910,-119.188,-158.500,44.125,0.473,-0.270,2.000,0.281,11.906,6.184,0.218,0.206,1.233,1.364,2,NULL,NULL,,3,0,2,7,255,1369,250,0,0
stim,173172,203293,0,203293,3400604.453,-0.592,-0.051,0.190,0.781,3077,0,0,3099,0,1417,0,1529,45,1.034,1,2222,0,247.510,12.438,-189.625,-137.125,80.625,0.199,-0.785,1.203,3.598,11.906,6.184,0.200,0.198,1.233,1.364,2,NULL,NULL,,3,0,2,7,255,1369,250,0,0
stim,173172,203293,0,203293,3400609.455,-0.589,-0.050,0.182,0.785,3093,0,0,3127,0,1493,0,1595,45,1.034,1,2222,0,225.149,11.103,-159.625,-130.250,90.813,-0.109,-1.113,0.582,8.008,7.691,-1.055,0.188,0.192,1.233,1.364,2,NULL,NULL,,3,0,2,7,255,1369,250,0,0
stim,173172,203293,0,203293,3400614.453,-0.588,-0.047,0.176,0.788,3103,0,0,3144,0,1598,0,1635,45,1.034,1,2222,0,165.137,10.609,-71.125,-129.438,73.875,-0.316,-0.918,0.582,9.965,3.641,-5.336,0.184,0.184,1.233,1.364,2,NULL,NULL,,3,0,2,7,255,1369,250,0,0
stim,173172,203293,0,203293,3400619.455,-0.587,-0.043,0.173,0.790,3111,0,0,3151,0,1707,0,1661,45,1.034,1,2222,0,136.079,10.051,-17.688,-126.750,46.250,-0.348,-0.371,1.137,9.965,1.316,-5.336,0.182,0.172,1.233,1.364,2,NULL,NULL,,3,0,2,7,255,1369,250,0,0
stim,173194,203315,0,203315,3400624.454,-0.587,-0.040,0.168,0.791,3123,0,0,3160,19,1805,0,1707,45,1.034,1,2222,0,129.635,5.712,-43.125,-120.625,19.875,-0.227,0.063,1.492,5.559,1.316,0.898,0.178,0.162,1.233,1.364,2,NULL,NULL,,3,0,2,7,255,1369,250,0,0
stim,173194,203315,0,203315,3400629.455,-0.586,-0.037,0.162,0.793,3129,0,0,3163,69,1883,4,1747,45,1.034,1,2222,0,144.574,2.693,-82.938,-115.000,28.250,-0.020,0.160,1.238,1.555,2.199,2.066,0.176,0.150,1.233,1.364,2,NULL,NULL,,3,0,2,7,255,1369,250,0,0
stim,173225,203346,0,203346,3400634.453,-0.586,-0.036,0.156,0.795,3117,0,0,3174,127,1965,24,1770,45,1.034,1,2222,0,151.515,2.693,-99.438,-108.750,35.250,-0.199,-0.012,1.113,1.555,2.199,2.066,0.174,0.140,1.233,1.364,2,NULL,NULL,,3,0,2,7,255,1369,250,0,0
stim,173225,203346,0,203346,3400639.455,-0.585,-0.034,0.150,0.796,3128,0,0,3171,231,2043,39,1811,45,1.034,1,2222,0,138.851,2.080,-88.750,-104.750,20.750,-0.195,-0.137,0.844,1.660,1.254,1.035,0.182,0.126,1.233,1.364,2,NULL,NULL,,3,0,2,7,255,1369,250,0,0
stim,173225,203346,0,203346,3400644.454,-0.585,-0.032,0.145,0.797,3131,0,0,3179,334,2103,47,1831,45,1.034,1,2222,0,117.645,2.818,-59.125,-101.125,10.875,-0.102,-0.176,0.820,2.523,1.254,-1.660,0.200,0.108,1.233,1.364,2,NULL,NULL,,3,0,2,7,255,1369,250,0,0
stim,173225,203346,0,203346,3400649.455,-0.586,-0.030,0.141,0.798,3127,0,0,3175,425,2175,47,1897,45,1.034,1,2222,0,110.667,2.985,-45.313,-100.438,10.313,-0.109,-0.133,0.969,2.523,1.594,-1.660,0.218,0.090,1.233,1.364,2,NULL,NULL,,3,0,2,7,255,1369,250,0,0
stim,173225,203346,0,203346,3400654.454,-0.586,-0.028,0.137,0.798,3141,0,0,3166,617,2249,105,1977,45,1.034,1,2222,0,106.417,2.877,-44.875,-95.688,12.438,-0.051,-0.051,0.992,2.316,1.707,-0.641,0.236,0.076,1.233,1.364,2,NULL,NULL,,3,0,2,7,255,1369,250,0,0
stim,173225,203346,0,203346,3400659.455,-0.585,-0.025,0.134,0.799,3130,0,0,3177,757,2280,181,2069,45,1.034,1,2222,0,95.216,2.419,-32.938,-87.813,16.438,-0.039,0.016,1.254,1.383,1.984,-0.398,0.244,0.074,1.233,1.364,2,NULL,NULL,,3,0,2,7,255,1369,250,0,0
stim,173246,203367,0,203367,3400664.453,-0.586,-0.024,0.132,0.799,3125,0,0,3174,919,2328,153,2125,45,1.034,1,2222,0,55.338,2.621,-13.063,-52.813,-10.125,0.164,0.211,1.406,0.953,2.441,2.191,0.248,0.070,1.233,1.364,2,NULL,NULL,,3,0,2,7,255,1369,250,0,0
stim,173246,203367,0,203367,3400669.455,-0.586,-0.023,0.130,0.799,3139,0,0,3172,1021,2352,139,2171,45,1.034,1,2222,0,45.680,4.236,-10.938,-44.188,-3.813,0.402,0.660,1.102,-1.359,4.012,2.191,0.254,0.066,1.233,1.364,2,NULL,NULL,,3,0,2,7,255,1369,250,0,0
stim,173246,203367,0,203367,3400674.454,-0.587,-0.021,0.129,0.799,3131,0,0,3170,1100,2377,141,2217,45,1.034,1,2222,0,36.777,6.849,1.438,-36.688,-2.125,0.027,0.715,1.469,-5.551,4.012,3.551,0.264,0.056,1.233,1.364,2,NULL,NULL,,3,0,2,7,255,1369,250,0,0
stim,173246,203367,0,203367,3400679.455,-0.588,-0.022,0.126,0.799,3145,0,0,3165,1175,2399,139,2265,45,1.034,1,2222,0,76.097,5.729,-64.813,-23.875,-31.938,-0.313,0.289,1.512,-5.551,1.418,5.188,0.272,0.048,1.233,1.364,2,NULL,NULL,,3,0,2,7,255,1369,250,0,0
stim,173246,203367,0,203367,3400684.454,-0.589,-0.024,0.123,0.798,3128,0,0,3162,1233,2421,135,2295,45,1.034,1,2222,0,102.951,1.028,-87.063,-18.813,-51.625,-0.102,0.199,0.844,-0.996,0.254,5.188,0.280,0.042,1.233,1.364,2,NULL,NULL,,3,0,2,7,255,1369,250,0,0
stim,173246,203367,0,203367,3400689.455,-0.592,-0.025,0.121,0.797,3140,0,0,3175,1303,2432,134,2318,45,1.034,1,2222,0,80.548,0.657,-45.625,-16.438,-64.313,-0.086,0.094,0.855,-0.605,0.254,-1.313,0.284,0.036,1.233,1.364,2,NULL,NULL,,3,0,2,7,255,1369,250,0,0
stim,173246,203367,0,203367,3400694.453,-0.594,-0.025,0.119,0.795,3131,0,0,3170,1365,2455,119,2341,45,1.034,1,2222,0,70.119,0.986,-22.000,-14.125,-65.063,0.051,0.129,1.043,-0.699,0.695,-1.313,0.288,0.030,1.233,1.364,2,NULL,NULL,,3,0,2,7,255,1369,250,0,0
stim,173246,203367,0,203367,3400699.455,-0.596,-0.025,0.118,0.794,3135,0,0,3179,1421,2460,131,2372,45,1.034,1,2222,0,56.630,2.349,-31.625,-11.688,-45.500,0.078,0.234,1.137,-0.699,2.242,0.227,0.294,0.022,1.233,1.364,2,NULL,NULL,,3,0,2,7,255,1369,250,0,0
stim,173275,203396,0,203396,3400704.454,-0.597,-0.026,0.115,0.794,3131,15,0,3171,1475,2475,127,2378,45,1.034,1,2222,0,59.957,2.423,-52.500,-7.625,-27.938,-0.039,0.176,1.109,-0.918,2.242,1.090,0.298,0.012,1.233,1.364,2,NULL,NULL,,3,0,2,7,255,1369,250,0,0
stim,173275,203396,0,203396,3400709.455,-0.598,-0.028,0.113,0.793,3131,27,0,3173,1519,2479,137,2399,45,1.034,1,2222,0,67.393,1.644,-58.313,-5.250,-33.375,-0.156,0.129,0.961,-0.918,1.363,1.090,0.302,0.006,1.233,1.364,2,NULL,NULL,,3,0,2,7,255,1369,250,0,0
stim,173275,203396,0,203396,3400714.454,-0.599,-0.029,0.112,0.792,3132,39,0,3172,1561,2491,132,2411,45,1.034,1,2222,0,64.431,0.736,-41.500,-4.688,-49.063,-0.125,0.156,0.883,-0.719,0.160,-0.184,0.000,0.000,1.233,1.364,2,NULL,NULL,,3,0,2,7,255,1369,250,0,0
stim,173275,203396,0,203396,3400719.455,-0.601,-0.029,0.110,0.791,3147,53,0,3187,1587,2511,131,2436,45,1.034,1,2222,0,54.488,0.544,-24.750,-3.188,-48.438,-0.016,0.109,1.000,-0.520,0.160,-0.184,0.000,0.000,1.233,1.364,2,NULL,NULL,,3,0,2,7,255,1369,250,0,0
stim,173276,203397,0,203397,3400724.454,-0.602,-0.030,0.109,0.790,3133,55,0,3179,1609,2519,110,2443,45,1.034,1,2222,0,43.335,1.580,-27.125,-1.750,-33.750,-0.027,0.102,1.082,-0.520,1.492,-0.098,0.000,0.000,1.233,1.364,2,NULL,NULL,,3,0,2,7,255,1369,250,0,0
stim,173276,203397,0,203397,3400729.455,-0.603,-0.031,0.108,0.790,3135,67,0,3187,1627,2527,123,2460,45,1.034,1,2222,0,43.791,1.571,-36.125,-0.313,-24.750,-0.113,0.129,1.043,-0.492,1.492,0.527,0.000,0.000,1.233,1.364,2,NULL,NULL,,3,0,2,7,255,1369,250,0,0
stim,173307,203428,0,203428,3400734.453,-0.604,-0.032,0.107,0.789,3141,76,3,3175,1669,2525,117,2461,45,1.034,1,2222,0,46.052,0.742,-36.938,0.438,-27.500,-0.172,0.074,0.965,-0.406,0.621,0.527,0.000,0.000,1.233,1.364,2,NULL,NULL,,3,0,2,7,255,1369,250,0,0
stim,173307,203429,0,203429,3400739.455,-0.605,-0.033,0.105,0.789,3132,96,3,3181,1691,2543,107,2469,45,1.034,1,2222,0,44.694,0.259,-28.563,0.375,-34.375,-0.168,-0.012,0.938,0.125,0.227,-0.184,0.000,0.000,1.233,1.364,2,NULL,NULL,,3,0,2,7,255,1369,250,0,0
stim,173342,203463,0,203463,3400744.454,-0.606,-0.034,0.104,0.788,3141,103,7,3189,1721,2536,103,2478,45,1.034,1,2222,0,40.029,0.904,-20.188,-0.500,-34.563,-0.137,-0.035,0.957,0.875,0.227,-0.434,0.000,0.000,1.233,1.364,2,NULL,NULL,,3,0,2,7,255,1369,250,0,0
stim,173342,203463,0,203463,3400749.455,-0.607,-0.034,0.104,0.787,3133,103,10,3187,1735,2549,91,2492,45,1.034,1,2222,0,33.737,1.081,-16.938,-1.750,-29.125,-0.137,-0.023,0.977,0.891,0.613,-0.434,0.000,0.000,1.233,1.364,2,NULL,NULL,,3,0,2,7,255,1369,250,0,0
stim,173342,203463,0,203463,3400754.453,-0.608,-0.035,0.103,0.786,3125,111,39,3173,1765,2547,73,2489,45,1.034,1,2222,0,29.392,1.160,-17.438,-2.750,-23.500,-0.164,-0.047,0.980,0.984,0.613,-0.207,0.000,0.000,1.233,1.364,2,NULL,NULL,,3,0,2,7,255,1369,250,0,0
stim,173342,203463,0,203463,3400759.455,-0.609,-0.035,0.102,0.786,3127,132,43,3187,1779,2550,63,2493,45,1.034,1,2222,0,27.381,1.216,-16.750,-4.500,-21.188,-0.191,-0.055,0.949,1.145,0.410,-0.207,0.000,0.000,1.233,1.364,2,NULL,NULL,,3,0,2,7,255,1369,250,0,0
stim,173342,203463,0,203463,3400764.453,-0.610,-0.035,0.101,0.786,3125,136,77,3175,1792,2553,46,2503,45,1.034,1,2222,0,25.609,1.157,-12.563,-5.750,-21.563,-0.184,-0.043,0.949,1.145,0.172,-0.398,0.000,0.000,1.233,1.364,2,NULL,NULL,,3,0,2,7,255,1369,250,0,0
stim,173342,203463,0,203463,3400769.455,-0.610,-0.036,0.100,0.785,3119,135,87,3177,1805,2552,40,2519,45,1.003,1,2222,1,24.129,1.130,-9.125,-6.688,-21.313,-0.156,-0.020,0.969,1.117,0.172,-0.398,0.000,0.000,1.224,1.379,2,NULL,NULL,,3,0,2,7,255,1369,250,0,0
stim,173342,203463,0,203463,3400774.455,-0.611,-0.036,0.100,0.785,3125,136,117,3175,1835,2566,43,2519,45,1.003,1,2222,1,22.060,0.928,-8.063,-7.313,-19.188,-0.148,0.004,0.977,0.844,0.387,-0.242,0.006,0.004,1.224,1.379,2,NULL,NULL,,3,0,2,7,255,1369,250,0,0
stim,173342,203463,0,203463,3400779.455,-0.612,-0.036,0.099,0.784,3119,137,121,3171,1847,2556,38,2524,45,1.003,1,2222,1,19.999,0.709,-7.500,-7.813,-16.813,-0.148,0.020,0.973,0.594,0.387,-0.172,0.010,0.008,1.224,1.379,2,NULL,NULL,,3,0,2,7,255,1369,250,0,0
stim,173342,203463,0,203463,3400784.453,-0.612,-0.036,0.099,0.784,3117,140,127,3161,1875,2567,18,2534,45,1.003,1,2222,1,19.108,0.545,-6.000,-8.313,-16.125,-0.156,0.031,0.973,0.430,0.336,-0.164,0.014,0.012,1.224,1.379,2,NULL,NULL,,3,0,2,7,255,1369,250,0,0
stim,173342,203463,0,203463,3400789.455,-0.613,-0.035,0.098,0.783,3117,137,126,3149,1899,2567,20,2539,45,1.003,1,2222,1,18.876,0.396,-3.938,-8.875,-16.188,-0.152,0.055,0.980,0.316,0.238,-0.160,0.018,0.016,1.224,1.379,2,NULL,NULL,,3,0,2,7,255,1369,250,0,0
stim,173359,203480,0,203480,3400794.453,-0.613,-0.035,0.098,0.783,3111,137,151,3141,1913,2566,13,2555,45,1.003,1,2222,1,18.684,0.261,-2.500,-8.875,-16.250,-0.148,0.082,0.996,0.105,0.238,-0.070,0.020,0.020,1.224,1.379,2,NULL,NULL,,3,0,2,7,255,1369,250,0,0
stim,173359,203480,0,203480,3400799.455,-0.614,-0.035,0.097,0.783,3095,145,187,3130,1931,2569,7,2551,45,1.003,1,2222,1,19.462,0.291,-2.313,-9.188,-17.000,-0.152,0.102,1.012,-0.188,0.223,0.094,0.022,0.022,1.224,1.379,2,NULL,NULL,,3,0,2,7,255,1369,250,0,0
stim,173359,203480,0,203480,3400804.454,-0.615,-0.035,0.097,0.782,3097,135,212,3117,1954,2567,4,2555,45,1.003,1,2222,1,20.719,0.376,-2.688,-9.063,-18.438,-0.148,0.117,1.016,-0.340,0.160,0.270,0.024,0.024,1.224,1.379,2,NULL,NULL,,3,0,2,7,255,1369,250,0,0
stim,173359,203480,0,203480,3400809.455,-0.615,-0.035,0.097,0.782,3089,139,242,3112,1975,2577,0,2571,45,1.003,1,2222,1,21.125,0.529,-3.000,-9.000,-18.875,-0.145,0.129,1.020,-0.504,0.160,0.301,0.026,0.024,1.224,1.379,2,NULL,NULL,,3,0,2,7,255,1369,250,0,0
stim,173381,203502,0,203502,3400814.453,-0.616,-0.034,0.096,0.781,3067,136,297,3101,2009,2577,0,2578,45,1.003,1,2222,1,20.837,0.664,-3.313,-9.250,-18.375,-0.141,0.141,1.020,-0.641,0.176,0.324,0.026,0.026,1.224,1.379,2,NULL,NULL,,3,0,2,7,255,1369,250,0,0
stim,173381,203502,0,203502,3400819.455,-0.616,-0.034,0.096,0.781,3063,139,313,3096,2025,2577,5,2592,45,1.003,1,2222,1,19.852,0.778,-3.438,-9.875,-16.875,-0.145,0.152,1.020,-0.758,0.176,0.328,0.028,0.026,1.224,1.379,2,NULL,NULL,,3,0,2,7,255,1369,250,0,0
stim,173381,203502,0,203502,3400824.454,-0.617,-0.034,0.096,0.780,3049,139,347,3087,2054,2571,6,2592,45,1.003,1,2222,1,18.579,0.867,-4.125,-9.875,-15.188,-0.145,0.168,1.027,-0.859,0.117,0.340,0.028,0.026,1.224,1.379,2,NULL,NULL,,3,0,2,7,255,1369,250,0,0
stim,173381,203502,0,203502,3400829.455,-0.617,-0.033,0.095,0.780,3035,143,403,3061,2085,2577,5,2607,45,1.003,1,2222,1,18.644,1.015,-5.625,-11.188,-13.813,-0.160,0.184,1.016,-1.012,0.078,0.379,0.032,0.028,1.224,1.379,2,NULL,NULL,,3,0,2,7,255,1369,250,0,0
stim,173427,203548,0,203548,3400834.454,-0.618,-0.033,0.095,0.780,3027,145,448,3053,2126,2583,13,2619,45,1.003,1,2222,1,19.412,1.121,-6.000,-11.813,-14.188,-0.160,0.195,1.012,-1.113,-0.129,0.379,0.034,0.028,1.224,1.379,2,NULL,NULL,,3,0,2,7,255,1369,250,0,0
stim,173427,203548,0,203548,3400839.455,-0.618,-0.033,0.094,0.779,3021,159,530,3043,2167,2585,23,2637,45,1.003,1,2222,1,19.475,1.226,-6.375,-12.438,-13.563,-0.152,0.191,1.023,-1.219,-0.129,0.379,0.036,0.030,1.224,1.379,2,NULL,NULL,,3,0,2,7,255,1369,250,0,0
stim,173427,203548,0,203548,3400844.453,-0.619,-0.033,0.094,0.779,2991,155,627,3027,2215,2583,21,2651,45,1.003,1,2222,1,19.908,1.239,-8.625,-12.750,-12.625,-0.137,0.191,1.023,-1.234,-0.105,0.430,0.038,0.032,1.224,1.379,2,NULL,NULL,,3,0,2,7,255,1369,250,0,0
stim,173427,203548,0,203548,3400849.455,-0.619,-0.032,0.093,0.779,2980,170,669,3015,2247,2587,45,2671,45,1.003,1,2222,1,19.338,1.219,-10.000,-12.313,-11.063,-0.117,0.164,1.004,-1.219,0.039,0.430,0.040,0.034,1.224,1.379,2,NULL,NULL,,3,0,2,7,255,1369,250,0,0
stim,173427,203548,0,203548,3400854.453,-0.620,-0.032,0.092,0.779,2963,174,735,3001,2283,2586,63,2678,45,1.003,1,2222,1,18.344,1.082,-10.250,-13.375,-7.250,-0.129,0.105,0.988,-1.063,0.207,0.168,0.042,0.036,1.224,1.379,2,NULL,NULL,,3,0,2,7,255,1369,250,0,0
stim,173427,203548,0,203548,3400859.455,-0.620,-0.032,0.092,0.779,2937,175,767,2984,2310,2589,89,2683,45,1.003,1,2222,1,17.631,0.502,-9.375,-12.875,-7.563,-0.152,0.074,0.977,-0.457,0.207,-0.012,0.046,0.040,1.224,1.379,2,NULL,NULL,,3,0,2,7,255,1369,250,0,0
stim,173427,203548,0,203548,3400864.454,-0.620,-0.032,0.091,0.778,2925,183,810,2979,2350,2603,155,2699,45,1.003,1,2222,1,18.566,0.232,-7.250,-12.813,-11.313,-0.164,0.086,0.961,-0.230,0.023,-0.090,0.046,0.040,1.224,1.379,2,NULL,NULL,,3,0,2,7,255,1369,250,0,0
stim,173427,203548,0,203548,3400869.455,-0.621,-0.031,0.090,0.778,2907,189,904,2957,2395,2590,187,2715,45,1.003,1,2222,1,20.782,0.145,-4.250,-12.563,-16.000,-0.152,0.074,0.977,-0.145,0.008,-0.090,0.048,0.042,1.224,1.379,2,NULL,NULL,,3,0,2,7,255,1369,250,0,0
stim,173427,203548,0,203548,3400874.454,-0.621,-0.031,0.090,0.778,2875,215,969,2933,2431,2603,215,2714,45,1.003,1,2222,1,22.137,0.145,-5.938,-12.188,-17.500,-0.145,0.027,0.988,-0.145,0.008,-0.090,0.048,0.040,1.224,1.379,2,NULL,NULL,,3,0,2,7,255,1369,250,0,0
stim,173427,203548,0,203548,3400879.455,-0.622,-0.031,0.089,0.777,2868,220,1063,2923,2453,2596,247,2727,45,1.003,1,2222,1,22.950,0.295,-9.563,-12.438,-16.750,-0.160,-0.016,0.969,0.273,0.109,-0.090,0.048,0.040,1.224,1.379,2,NULL,NULL,,3,0,2,7,255,1369,250,0,0
stim,173448,203569,0,203569,3400884.453,-0.623,-0.031,0.088,0.777,2843,231,1159,2909,2488,2600,295,2730,45,1.003,1,2222,1,23.875,0.723,-10.188,-13.313,-17.000,-0.184,-0.035,0.938,0.715,0.109,-0.238,0.046,0.036,1.224,1.379,2,NULL,NULL,,3,0,2,7,255,1369,250,0,0
stim,173448,203569,0,203569,3400889.455,-0.623,-0.031,0.087,0.776,2807,235,1223,2879,2509,2603,320,2751,45,1.003,1,2222,1,25.860,0.766,-6.063,-14.813,-20.313,-0.184,-0.016,0.934,0.746,-0.172,-0.508,0.044,0.032,1.224,1.379,2,NULL,NULL,,3,0,2,7,255,1369,250,0,0
stim,173448,203569,0,203569,3400894.454,-0.624,-0.031,0.087,0.776,2783,235,1301,2863,2535,2601,373,2765,45,1.003,1,2222,1,28.365,0.766,-2.625,-16.125,-23.188,-0.160,0.004,0.953,0.746,-0.172,-0.508,0.042,0.026,1.224,1.379,2,NULL,NULL,,3,0,2,7,255,1369,250,0,0
stim,173448,203569,0,203569,3400899.455,-0.625,-0.030,0.086,0.775,2771,243,1353,2843,2577,2616,416,2779,45,1.003,1,2222,1,27.815,0.489,-3.000,-17.313,-21.563,-0.152,0.023,0.980,0.488,-0.023,-0.375,0.040,0.022,1.224,1.379,2,NULL,NULL,,3,0,2,7,255,1369,250,0,0
stim,173473,203594,0,203594,3400904.453,-0.626,-0.030,0.085,0.775,2730,239,1451,2824,2588,2607,504,2787,45,1.003,1,2222,1,28.917,0.313,-5.688,-18.188,-21.750,-0.172,0.047,1.000,0.313,-0.023,-0.090,0.040,0.016,1.224,1.379,2,NULL,NULL,,3,0,2,7,255,1369,250,0,0
stim,173473,203594,0,203594,3400909.455,-0.627,-0.029,0.085,0.774,2697,245,1543,2803,2605,2607,597,2799,45,1.003,1,2222,1,32.915,0.126,-7.688,-18.750,-25.938,-0.152,0.074,1.004,0.117,-0.047,0.148,0.038,0.010,1.224,1.379,2,NULL,NULL,,3,0,2,7,255,1369,250,0,0
stim,173473,203594,0,203594,3400914.454,-0.628,-0.029,0.084,0.773,2655,245,1625,2781,2636,2612,717,2809,45,1.003,1,2222,1,35.381,0.205,-9.875,-18.875,-28.250,-0.109,0.094,1.000,-0.199,-0.047,0.148,0.038,0.006,1.224,1.379,2,NULL,NULL,,3,0,2,7,255,1369,250,0,0
stim,173473,203594,0,203594,3400919.455,-0.629,-0.029,0.083,0.773,2614,250,1683,2757,2665,2621,811,2822,45,1.003,1,2222,1,33.315,0.472,-11.500,-19.188,-24.688,-0.086,0.078,1.012,-0.367,0.297,0.125,0.038,0.004,1.224,1.379,2,NULL,NULL,,3,0,2,7,255,1369,250,0,0
stim,173494,203615,0,203615,3400924.454,-0.629,-0.029,0.082,0.772,2573,255,1775,2727,2679,2617,919,2829,45,1.003,1,2222,1,32.238,0.586,-13.625,-17.938,-23.063,-0.098,0.055,1.004,-0.367,0.457,0.078,0.038,0.006,1.224,1.379,2,NULL,NULL,,3,0,2,7,255,1369,250,0,0
stim,173494,203615,0,203615,3400929.455,-0.630,-0.028,0.081,0.772,2523,255,1841,2708,2701,2617,1022,2841,45,1.003,1,2222,1,31.692,0.478,-14.125,-18.438,-21.563,-0.117,0.047,1.000,-0.141,0.457,0.078,0.038,0.010,1.224,1.379,2,NULL,NULL,,3,0,2,7,255,1369,250,0,0
stim,173523,203644,0,203644,3400934.453,-0.631,-0.028,0.080,0.771,2477,260,1895,2681,2719,2619,1077,2853,45,1.003,1,2222,1,32.525,0.283,-13.750,-17.625,-23.625,-0.121,0.070,0.992,-0.141,0.246,0.055,0.038,0.012,1.224,1.379,2,NULL,NULL,,3,0,2,7,255,1369,250,0,0
stim,173523,203644,0,203644,3400939.455,-0.632,-0.028,0.079,0.771,2429,264,1949,2651,2738,2621,1207,2859,45,1.003,1,2222,1,33.864,0.315,-13.063,-17.875,-25.625,-0.117,0.090,1.000,-0.277,0.148,0.070,0.038,0.014,1.224,1.379,2,NULL,NULL,,3,0,2,7,255,1369,250,0,0
stim,173523,203644,0,203644,3400944.454,-0.633,-0.028,0.078,0.770,2379,269,2022,2621,2751,2621,1322,2868,45,1.003,1,2222,1,33.395,0.492,-12.563,-17.063,-25.813,-0.102,0.086,0.992,-0.469,0.148,0.000,0.038,0.016,1.224,1.379,2,NULL,NULL,,3,0,2,7,255,1369,250,0,0
stim,173523,203644,0,203644,3400949.455,-0.634,-0.027,0.077,0.769,2317,267,2107,2591,2767,2627,1430,2876,45,1.003,1,2222,1,32.057,0.492,-13.000,-17.250,-23.688,-0.121,0.074,1.008,-0.469,0.148,0.070,0.036,0.016,1.224,1.379,2,NULL,NULL,,3,0,2,7,255,1369,250,0,0
stim,173523,203644,0,203644,3400954.454,-0.634,-0.027,0.076,0.769,2251,273,2175,2548,2781,2631,1519,2887,45,1.003,1,2222,1,33.778,0.365,-14.750,-17.000,-25.188,-0.129,0.051,1.012,-0.340,0.133,0.172,0.036,0.016,1.224,1.379,2,NULL,NULL,,3,0,2,7,255,1369,250,0,0
stim,173523,203644,0,203644,3400959.455,-0.635,-0.027,0.075,0.768,2173,275,2231,2509,2797,2630,1614,2892,45,1.003,1,2222,1,35.810,0.177,-16.375,-16.688,-27.125,-0.113,0.031,1.008,-0.117,0.133,0.172,0.036,0.016,1.224,1.379,2,NULL,NULL,,3,0,2,7,255,1369,250,0,0
stim,173547,203668,0,203668,3400964.453,-0.636,-0.027,0.073,0.768,2117,274,2276,2461,2813,2631,1689,2900,45,1.003,1,2222,1,36.099,0.231,-18.125,-17.375,-25.938,-0.109,0.008,1.004,0.047,0.227,0.113,0.034,0.016,1.224,1.379,2,NULL,NULL,,3,0,2,7,255,1369,250,0,0
stim,173547,203668,0,203668,3400969.455,-0.637,-0.027,0.072,0.767,2029,276,2323,2411,2830,2631,1780,2904,45,1.003,1,2222,1,37.238,0.332,-20.375,-17.563,-25.750,-0.121,-0.020,1.012,0.242,0.227,0.113,0.034,0.016,1.224,1.379,2,NULL,NULL,,3,0,2,7,255,1369,250,0,0
stim,173547,203668,0,203668,3400974.454,-0.638,-0.028,0.071,0.766,1956,275,2376,2347,2863,2632,1849,2909,45,1.003,1,2222,1,39.859,0.547,-24.750,-17.875,-25.625,-0.133,-0.047,1.027,0.500,0.223,0.164,0.034,0.016,1.224,1.379,2,NULL,NULL,,3,0,2,7,255,1369,250,0,0
stim,173547,203668,0,203668,3400979.455,-0.639,-0.028,0.069,0.766,1876,261,2401,2281,2853,2631,1903,2916,45,1.003,1,2222,1,45.746,0.680,-30.938,-18.563,-28.125,-0.137,-0.039,1.023,0.660,0.164,0.297,0.034,0.018,1.224,1.379,2,NULL,NULL,,3,0,2,7,255,1369,250,0,0
stim,173547,203668,0,203668,3400984.453,-0.640,-0.028,0.067,0.765,1784,251,2429,2211,2861,2633,1968,2923,45,1.003,1,2222,1,49.019,0.675,-32.938,-18.688,-31.125,-0.113,0.004,0.984,0.660,0.141,0.297,0.034,0.018,1.224,1.379,2,NULL,NULL,,3,0,2,7,255,1369,250,0,0
stim,173547,203668,0,203668,3400989.455,-0.641,-0.028,0.066,0.764,1671,243,2468,2119,2872,2633,2027,2925,45,1.003,1,2222,1,43.086,0.247,-25.500,-18.625,-29.313,-0.066,0.035,0.922,0.203,0.141,-0.102,0.034,0.020,1.224,1.379,2,NULL,NULL,,3,0,2,7,255,1369,250,0,0
stim,173547,203668,0,203668,3400994.453,-0.642,-0.028,0.065,0.764,1557,237,2494,2028,2880,2639,2058,2931,45,1.003,1,2222,1,33.246,0.431,-15.438,-19.500,-22.063,-0.074,0.031,0.957,-0.164,0.398,-0.402,0.034,0.022,1.224,1.379,2,NULL,NULL,,3,0,2,7,255,1369,250,0,0
stim,173547,203668,0,203668,3400999.455,-0.642,-0.028,0.063,0.763,1391,237,2520,1943,2897,2632,2155,2935,45,1.003,1,2222,1,31.811,0.431,-14.375,-19.688,-20.438,-0.129,0.008,1.039,-0.164,0.398,-0.402,0.034,0.022,1.224,1.379,2,NULL,NULL,,3,0,2,7,255,1369,250,0,0
stim,173572,203693,0,203693,3401004.454,-0.643,-0.028,0.062,0.763,1273,233,2541,1845,2904,2631,2207,2939,45,1.003,1,2222,1,36.194,0.152,-19.500,-19.875,-23.125,-0.152,0.000,1.051,0.152,0.000,0.461,0.036,0.024,1.224,1.379,2,NULL,NULL,,3,0,2,7,255,1369,250,0,0
stim,173572,203693,0,203693,3401009.455,-0.644,-0.028,0.061,0.762,1147,221,2557,1743,2923,2623,2251,2943,45,1.003,1,2222,1,40.599,0.152,-22.500,-19.375,-27.688,-0.117,0.027,1.020,0.152,0.000,0.461,0.036,0.024,1.224,1.379,2,NULL,NULL,,3,0,2,7,255,1369,250,0,0
stim,173572,203693,0,203693,3401014.453,-0.645,-0.028,0.059,0.761,1019,185,2584,1630,2921,2623,2285,2953,45,1.003,1,2222,1,42.133,0.117,-23.813,-19.625,-28.688,-0.086,0.035,1.035,-0.117,0.008,0.348,0.036,0.024,1.224,1.379,2,NULL,NULL,,3,0,2,7,255,1369,250,0,0
stim,173572,203693,0,203693,3401019.455,-0.646,-0.028,0.058,0.761,887,165,2603,1509,2932,2621,2324,2956,45,1.003,1,2222,1,42.503,0.320,-26.125,-19.875,-27.000,-0.086,0.023,1.027,-0.160,0.277,0.277,0.036,0.026,1.224,1.379,2,NULL,NULL,,3,0,2,7,255,1369,250,0,0
stim,173592,203713,0,203713,3401024.454,-0.647,-0.028,0.056,0.760,733,143,2620,1307,2939,2617,2355,2962,45,1.003,1,2222,1,42.103,0.341,-26.375,-20.188,-25.875,-0.098,0.027,1.000,-0.199,0.277,0.277,0.036,0.026,1.224,1.379,2,NULL,NULL,,3,0,2,7,255,1369,250,0,0
stim,173592,203713,0,203713,3401029.455,-0.648,-0.028,0.055,0.759,573,84,2637,1157,2944,2611,2399,2965,45,1.003,1,2222,1,39.652,0.209,-21.500,-20.438,-26.313,-0.098,0.023,0.980,-0.168,0.125,0.023,0.036,0.028,1.224,1.379,2,NULL,NULL,,3,0,2,7,255,1369,250,0,0
stim,173592,203713,0,203713,3401034.454,-0.649,-0.028,0.054,0.759,429,73,2651,996,2955,2605,2440,2967,45,1.003,1,2222,1,38.303,0.192,-17.938,-20.813,-26.688,-0.105,-0.008,1.004,-0.168,0.094,0.023,0.036,0.028,1.224,1.379,2,NULL,NULL,,3,0,2,7,255,1369,250,0,0
stim,173592,203713,0,203713,3401039.455,-0.650,-0.028,0.052,0.758,327,45,2664,841,2968,2599,2469,2971,45,1.003,1,2222,1,39.251,0.064,-17.313,-21.375,-28.000,-0.105,0.000,1.031,0.039,0.051,0.070,0.038,0.030,1.224,1.379,2,NULL,NULL,,3,0,2,7,255,1369,250,0,0
stim,173629,203750,0,203750,3401044.453,-0.650,-0.028,0.051,0.757,221,13,2679,672,2969,2595,2491,2975,45,1.003,1,2222,1,40.224,0.064,-18.188,-21.875,-28.438,-0.098,0.004,1.027,0.039,0.051,0.297,0.038,0.030,1.224,1.379,2,NULL,NULL,,3,0,2,7,255,1369,250,0,0
stim,173629,203750,0,203750,3401049.455,-0.651,-0.027,0.050,0.757,136,0,2695,549,2975,2587,2521,2981,45,1.003,1,2222,1,40.778,0.100,-19.500,-22.563,-27.813,-0.094,0.004,1.020,-0.035,0.094,0.297,0.040,0.030,1.224,1.379,2,NULL,NULL,,3,0,2,7,255,1369,250,0,0
stim,173629,203750,0,203750,3401054.454,-0.652,-0.027,0.048,0.756,77,0,2708,327,2983,2577,2541,2984,45,1.003,1,2222,1,40.545,0.100,-18.750,-23.375,-27.313,-0.109,0.000,1.008,-0.035,0.094,0.227,0.040,0.030,1.224,1.379,2,NULL,NULL,,3,0,2,7,255,1369,250,0,0
stim,173629,203750,0,203750,3401059.455,-0.653,-0.027,0.047,0.755,29,0,2716,181,2987,2567,2559,2987,45,1.003,1,2222,1,38.121,0.094,-13.188,-26.000,-24.563,-0.113,0.008,1.027,-0.063,-0.070,0.227,0.042,0.030,1.224,1.379,2,NULL,NULL,,3,0,2,7,255,1369,250,0,0
stim,173629,203750,0,203750,3401064.454,-0.654,-0.026,0.046,0.755,19,0,2729,125,2991,2549,2583,2991,45,1.003,1,2222,1,41.938,0.169,-16.125,-27.375,-27.375,-0.113,0.023,1.031,-0.094,-0.141,0.336,0.044,0.030,1.224,1.379,2,NULL,NULL,,3,0,2,7,255,1369,250,0,0
stim,173629,203750,0,203750,3401069.455,-0.655,-0.026,0.045,0.754,0,0,2735,86,3000,2533,2605,2994,45,1.003,1,2222,1,47.730,0.182,-12.875,-30.438,-34.438,-0.121,-0.016,1.004,-0.094,-0.156,0.336,0.044,0.030,1.224,1.379,2,NULL,NULL,,3,0,2,7,255,1369,250,0,0
stim,173629,203750,0,203750,3401074.454,-0.656,-0.025,0.043,0.753,0,0,2745,62,3007,2519,2623,2996,45,1.003,1,2222,0,50.546,0.198,-5.875,-34.000,-36.938,-0.109,-0.047,1.004,0.121,-0.156,0.102,0.046,0.030,1.224,1.379,3,NULL,NULL,,3,0,2,7,255,1369,250,0,0
stim,173629,203750,0,203750,3401079.455,-0.658,-0.024,0.042,0.752,0,0,2751,0,3020,2501,2647,2999,45,1.003,1,2222,0,50.656,0.466,5.125,-37.313,-33.875,-0.184,-0.086,1.043,0.402,-0.234,0.102,0.046,0.030,1.224,1.379,3,NULL,NULL,,3,0,2,7,255,1369,250,0,0
stim,173658,203779,0,203779,3401084.454,-0.659,-0.022,0.041,0.751,0,0,2759,0,3020,2476,2659,3003,45,1.003,1,2222,0,55.200,0.865,12.000,-42.000,-33.750,-0.203,-0.023,1.141,0.402,-0.766,0.531,0.048,0.032,1.224,1.379,3,NULL,NULL,,3,0,2,7,255,1369,250,0,0
stim,173658,203779,0,203779,3401089.455,-0.660,-0.020,0.040,0.750,0,0,2764,0,3033,2456,2682,3017,45,1.003,1,2222,0,60.114,1.053,9.250,-45.125,-38.625,-0.207,-0.004,1.176,0.305,-1.008,1.496,0.052,0.032,1.224,1.379,3,NULL,NULL,,3,0,2,7,255,1369,250,0,0
stim,173658,203779,0,203779,3401094.453,-0.661,-0.019,0.039,0.749,0,0,2764,0,3031,2451,2705,3013,45,1.003,1,2222,0,63.678,1.027,8.500,-48.813,-40.000,-0.176,-0.016,1.152,0.199,-1.008,1.594,0.054,0.034,1.224,1.379,3,NULL,NULL,,3,0,2,7,255,1369,250,0,0
stim,173658,203779,0,203779,3401099.455,-0.663,-0.017,0.038,0.748,0,0,2761,0,3048,2429,2711,3006,45,1.003,1,2222,0,65.756,0.822,16.625,-53.250,-34.813,-0.152,-0.008,1.164,0.125,-0.813,1.695,0.058,0.034,1.224,1.379,3,NULL,NULL,,3,0,2,7,255,1369,250,0,0
stim,173658,203779,0,203779,3401104.453,-0.663,-0.014,0.038,0.747,0,0,2771,0,3045,2399,2743,3019,45,1.003,1,2222,0,72.571,0.748,38.063,-59.813,-15.500,-0.160,0.074,1.355,0.117,-0.738,1.695,0.060,0.034,1.224,1.379,3,NULL,NULL,,3,0,2,7,255,1369,250,0,0
stim,173658,203779,0,203779,3401109.455,-0.663,-0.011,0.036,0.747,0,0,2765,0,3059,2373,2761,3029,45,1.003,1,2222,0,63.248,0.917,3.938,-63.063,-2.813,-0.047,0.125,1.332,-0.629,-0.668,3.266,0.064,0.036,1.224,1.379,3,NULL,NULL,,3,0,2,7,255,1369,250,0,0
stim,173691,203812,0,203812,3401114.454,-0.663,-0.010,0.034,0.747,0,0,2749,0,3063,2333,2707,3018,45,1.003,1,2222,0,65.526,0.642,-24.188,-60.875,-1.688,-0.074,-0.016,1.074,-0.629,-0.129,3.266,0.066,0.036,1.224,1.379,3,NULL,NULL,,3,0,2,7,255,1369,250,0,0
stim,173691,203812,0,203812,3401119.455,-0.663,-0.008,0.031,0.748,0,0,2758,0,3059,2296,2782,3015,45,1.003,1,2222,0,67.529,0.177,-10.250,-65.813,11.125,-0.117,-0.063,0.973,0.121,-0.129,0.730,0.068,0.040,1.224,1.379,3,NULL,NULL,,3,0,2,7,255,1369,250,0,0
stim,173691,203812,0,203812,3401124.454,-0.663,-0.006,0.030,0.748,0,0,2734,0,3060,2257,2797,3019,45,1.003,1,2222,0,71.731,0.876,10.125,-69.813,13.000,-0.176,-0.059,0.996,0.637,-0.602,0.000,0.070,0.042,1.224,1.379,3,NULL,NULL,,3,0,2,7,255,1369,250,0,0
stim,173691,203812,0,203812,3401129.455,-0.663,-0.003,0.028,0.748,0,0,2729,0,3059,2211,2792,3016,45,1.003,1,2222,0,76.141,1.417,22.375,-72.750,2.063,-0.195,-0.063,1.051,0.703,-1.230,0.000,0.070,0.046,1.224,1.379,3,NULL,NULL,,3,0,2,7,255,1369,250,0,0
stim,173727,203848,0,203848,3401134.454,-0.663,0.000,0.027,0.748,0,0,2720,0,3081,2149,2815,3015,45,1.003,1,2222,0,78.908,1.417,23.063,-75.125,-7.125,-0.125,-0.051,1.129,0.703,-1.230,0.570,0.064,0.048,1.224,1.379,3,NULL,NULL,,3,0,2,7,255,1369,250,0,0
stim,173727,203848,0,203848,3401139.455,-0.663,0.003,0.025,0.748,0,0,2723,0,3069,2085,2835,3020,45,1.003,1,2222,0,79.152,0.998,15.938,-77.438,-3.813,-0.063,-0.035,1.156,0.590,-0.805,1.297,0.058,0.052,1.224,1.379,3,NULL,NULL,,3,0,2,7,255,1369,250,0,0
stim,173727,203848,0,203848,3401144.454,-0.663,0.006,0.023,0.748,0,0,2711,0,3076,2008,2811,3019,45,1.003,1,2222,0,81.040,0.566,12.875,-79.688,7.188,-0.066,-0.012,1.121,0.395,-0.406,1.297,0.050,0.054,1.224,1.379,3,NULL,NULL,,3,0,2,7,255,1369,250,0,0
stim,173727,203848,0,203848,3401149.455,-0.662,0.009,0.021,0.749,0,0,2701,0,3087,1911,2841,3019,45,1.003,1,2222,0,83.586,0.454,11.125,-82.125,10.875,-0.098,0.039,1.105,0.203,-0.406,1.199,0.044,0.060,1.224,1.379,3,NULL,NULL,,3,0,2,7,255,1369,250,0,0
stim,173727,203848,0,203848,3401154.453,-0.662,0.012,0.019,0.749,0,0,2680,0,3081,1824,2869,3015,45,1.003,1,2222,0,85.067,0.890,9.250,-84.313,6.500,-0.105,0.066,1.102,-0.215,-0.863,1.031,0.038,0.066,1.224,1.379,3,NULL,NULL,,3,0,2,7,255,1369,250,0,0
stim,173727,203848,0,203848,3401159.455,-0.662,0.015,0.017,0.749,0,0,2667,0,3087,1740,2873,3016,45,1.003,1,2222,0,87.537,0.946,11.688,-86.688,3.375,-0.078,0.055,1.090,-0.379,-0.867,0.996,0.034,0.072,1.224,1.379,3,NULL,NULL,,3,0,2,7,255,1369,250,0,0
stim,173727,203848,0,203848,3401164.454,-0.662,0.018,0.015,0.749,0,0,2651,0,3084,1625,2887,3003,45,1.003,1,2222,0,90.271,0.946,14.500,-89.000,4.188,-0.055,0.043,1.102,-0.379,-0.867,0.969,0.030,0.078,1.224,1.379,3,NULL,NULL,,3,0,2,7,255,1369,250,0,0
stim,173727,203848,0,203848,3401169.455,-0.662,0.022,0.013,0.749,0,0,2643,0,3087,1479,2900,3005,45,1.003,1,2222,0,92.633,0.776,12.813,-91.563,5.750,-0.035,0.051,1.156,-0.328,-0.703,0.969,0.026,0.082,1.224,1.379,3,NULL,NULL,,3,0,2,7,255,1369,250,0,0
stim,173727,203848,0,203848,3401174.454,-0.661,0.025,0.011,0.750,0,0,2619,0,3093,1323,2839,3001,45,1.003,1,2222,0,94.003,0.776,6.563,-93.438,7.938,-0.047,0.066,1.152,-0.328,-0.703,1.465,0.024,0.088,1.224,1.379,3,NULL,NULL,,3,0,2,7,255,1369,250,0,0
stim,173727,203848,1,203848,3401179.455,-0.661,0.028,0.008,0.750,0,0,2619,0,3093,1147,2903,3015,45,1.003,1,2222,0,96.342,0.896,2.125,-95.938,8.563,-0.031,0.094,1.145,-0.445,-0.777,1.465,0.022,0.094,1.224,1.379,3,NULL,NULL,,3,1,2,7,255,1369,250,0,0
stim,173756,203877,1,203877,3401184.453,-0.661,0.031,0.006,0.750,0,0,2597,0,3092,969,2921,3001,45,1.003,1,2222,0,98.418,1.091,1.500,-98.125,7.438,-0.031,0.133,1.133,-0.719,-0.820,1.418,0.022,0.100,1.224,1.379,3,NULL,NULL,,3,1,2,7,255,1369,250,0,0
stim,173756,203877,1,203877,3401189.457,-0.660,0.035,0.003,0.750,0,0,2575,0,3095,790,2919,2987,45,1.003,1,2222,0,101.482,1.419,0.813,-101.313,5.813,-0.023,0.160,1.148,-1.078,-0.922,1.418,0.022,0.104,1.224,1.379,3,NULL,NULL,,3,1,2,7,255,1369,250,0,0
stim,173756,203877,1,203877,3401194.454,-0.660,0.038,0.000,0.750,0,0,2551,0,3099,635,2931,2980,45,1.003,1,2222,0,104.158,1.672,1.813,-104.000,5.438,-0.031,0.180,1.148,-1.352,-0.984,1.430,0.026,0.110,1.224,1.379,3,NULL,NULL,,3,1,2,7,255,1369,250,0,0
stim,173756,203877,1,203877,3401199.455,-0.660,0.042,-0.003,0.750,0,0,2524,0,3097,519,2939,2971,45,1.003,1,2222,0,107.220,1.903,1.500,-107.188,2.188,-0.023,0.215,1.176,-1.480,-1.195,1.438,0.028,0.116,1.224,1.379,3,NULL,NULL,,3,1,2,7,255,1369,250,0,0
stim,173756,203877,1,203877,3401204.454,-0.660,0.045,-0.006,0.750,0,0,2505,0,3098,411,2942,2963,45,1.003,1,2222,0,109.647,2.165,-6.750,-109.438,0.563,0.008,0.223,1.203,-1.805,-1.195,1.727,0.032,0.120,1.224,1.379,3,NULL,NULL,,3,1,2,7,255,1369,250,0,0
stim,173756,203877,1,203877,3401209.455,-0.660,0.049,-0.009,0.750,0,0,2477,0,3101,264,2956,2951,45,1.003,1,2222,0,112.699,2.162,-10.625,-112.188,1.500,0.008,0.211,1.164,-1.805,-1.191,1.727,0.038,0.126,1.224,1.379,3,NULL,NULL,,3,1,2,7,255,1369,250,0,0
stim,173779,203900,1,203900,3401214.454,-0.659,0.052,-0.013,0.750,0,0,2449,0,3100,147,2965,2935,45,1.003,1,2222,0,116.308,2.102,-13.688,-115.500,-0.250,0.031,0.188,1.164,-1.793,-1.098,1.605,0.044,0.130,1.224,1.379,3,NULL,NULL,,3,1,2,7,255,1369,250,0,0
stim,173779,203900,1,203900,3401219.455,-0.659,0.055,-0.017,0.750,0,0,2405,0,3096,93,2967,2919,45,1.003,1,2222,0,120.429,2.007,-22.938,-118.188,2.938,0.094,0.191,1.199,-1.727,-1.023,1.605,0.050,0.136,1.224,1.379,3,NULL,NULL,,3,1,2,7,255,1369,250,0,0
stim,173779,203900,1,203900,3401224.454,-0.659,0.059,-0.021,0.750,0,0,2361,0,3101,39,2975,2902,45,1.003,1,2222,0,125.332,1.989,-28.688,-121.563,10.375,0.070,0.203,1.215,-1.727,-0.988,2.008,0.056,0.142,1.224,1.379,3,NULL,NULL,,3,1,2,7,255,1369,250,0,0
stim,173779,203900,1,203900,3401229.455,-0.658,0.062,-0.025,0.750,0,0,2295,0,3098,2,2980,2877,45,1.003,1,2222,0,130.428,1.989,-22.813,-126.563,21.750,-0.039,0.133,1.262,-1.727,-0.988,2.102,0.064,0.148,1.224,1.379,3,NULL,NULL,,3,1,2,7,255,1369,250,0,0
stim,173829,203950,1,203950,3401234.453,-0.657,0.066,-0.030,0.751,0,0,2247,0,3095,0,2975,2857,45,1.003,1,2222,0,136.895,2.338,-20.000,-133.438,23.125,-0.090,0.113,1.367,-0.992,-2.117,2.438,0.072,0.154,1.224,1.379,3,NULL,NULL,,3,1,2,7,255,1369,250,0,0
stim,173829,203950,1,203950,3401239.455,-0.656,0.069,-0.035,0.751,0,0,2183,0,3095,2,2987,2828,45,1.003,1,2222,0,143.230,2.864,-36.125,-137.813,14.750,-0.059,0.102,1.418,-0.684,-2.781,3.355,0.082,0.162,1.224,1.379,3,NULL,NULL,,3,1,2,7,255,1369,250,0,0
stim,173847,203969,1,203969,3401244.453,-0.655,0.072,-0.040,0.751,0,0,2126,0,3093,0,2991,2791,45,1.003,1,2222,0,154.845,2.924,-43.813,-145.313,30.688,-0.090,0.043,1.484,-0.613,-2.859,3.848,0.090,0.170,1.224,1.379,3,NULL,NULL,,3,1,2,7,255,1369,250,0,0
stim,173847,203969,1,203969,3401249.457,-0.654,0.076,-0.046,0.752,0,0,2067,0,3089,0,2991,2751,45,1.003,1,2222,0,163.992,3.334,-49.375,-153.125,31.750,-0.109,0.180,1.516,-0.613,-3.277,4.395,0.098,0.178,1.224,1.379,3,NULL,NULL,,3,1,2,7,255,1369,250,0,0
stim,173847,203969,1,203969,3401254.454,-0.652,0.079,-0.053,0.752,0,0,1981,0,3081,1,2991,2709,45,1.003,1,2222,0,175.379,4.002,-63.313,-160.813,29.813,-0.172,0.137,1.469,-0.902,-3.898,4.395,0.108,0.186,1.224,1.379,3,NULL,NULL,,3,1,2,7,255,1369,250,0,0
stim,173847,203969,1,203969,3401259.455,-0.651,0.083,-0.060,0.752,0,0,1897,0,3077,18,2990,2657,45,1.003,1,2222,0,182.052,4.676,-58.375,-171.063,21.750,-0.199,0.156,1.496,-1.109,-4.543,4.145,0.116,0.194,1.224,1.379,3,NULL,NULL,,3,1,2,7,255,1369,250,0,0
stim,173847,203969,1,203969,3401264.454,-0.650,0.087,-0.067,0.752,0,0,1799,0,3063,24,2987,2607,45,1.003,1,2222,0,194.481,5.215,-63.688,-182.313,23.000,-0.180,0.141,1.508,-1.004,-5.117,4.145,0.126,0.204,1.224,1.379,3,NULL,NULL,,3,1,2,7,255,1369,250,0,0
stim,173847,203969,1,203969,3401269.455,-0.649,0.091,-0.075,0.752,0,0,1733,0,3058,31,2975,2551,45,1.003,1,2222,0,202.509,5.245,-63.063,-191.688,17.000,-0.203,0.137,1.531,-1.004,-5.148,4.203,0.136,0.214,1.224,1.379,3,NULL,NULL,,3,1,2,7,255,1369,250,0,0
stim,173848,203969,1,203969,3401274.454,-0.648,0.096,-0.082,0.751,0,0,1647,0,3043,42,2963,2479,45,1.003,1,2222,0,214.719,5.758,-57.500,-206.188,16.875,-0.254,0.125,1.590,-0.992,-5.672,4.281,0.148,0.226,1.224,1.379,3,NULL,NULL,,3,1,2,7,255,1369,250,0,0
stim,173848,203969,1,203969,3401279.455,-0.646,0.101,-0.091,0.751,0,0,1589,0,3030,53,2957,2413,45,1.003,1,2222,0,229.252,6.622,-70.188,-217.688,15.563,-0.238,0.148,1.641,-0.992,-6.547,4.617,0.160,0.240,1.224,1.379,3,NULL,NULL,,3,1,2,7,255,1369,250,0,0
stim,173848,203969,1,203969,3401284.454,-0.645,0.107,-0.100,0.750,0,0,1500,0,3015,60,2941,2343,45,1.003,1,2222,0,243.668,6.934,-75.125,-231.188,16.813,-0.258,0.148,1.699,-1.113,-6.844,5.000,0.174,0.256,1.224,1.379,3,NULL,NULL,,3,1,2,7,255,1369,250,0,0
stim,173848,203969,1,203969,3401289.455,-0.643,0.112,-0.110,0.749,0,0,1447,0,2999,69,2923,2266,45,1.003,1,2222,0,262.672,7.582,-84.250,-247.688,23.438,-0.316,0.137,1.754,-1.113,-7.500,5.324,0.190,0.274,1.224,1.379,3,NULL,NULL,,3,1,2,7,255,1369,250,0,0
stim,173848,203969,1,203969,3401294.454,-0.642,0.118,-0.120,0.748,0,0,1378,0,2976,77,2837,2193,45,1.003,1,2222,0,278.699,8.603,-95.688,-261.313,15.250,-0.383,0.105,1.719,-1.016,-8.543,5.324,0.208,0.294,1.224,1.379,3,NULL,NULL,,3,1,2,7,255,1369,250,0,0
stim,173848,203969,1,203969,3401299.455,-0.640,0.124,-0.131,0.747,0,0,1291,0,2951,78,2861,2125,45,1.003,1,2222,0,292.279,8.570,-96.750,-275.750,5.313,-0.262,0.078,1.664,-0.684,-8.543,4.750,0.228,0.316,1.224,1.379,3,NULL,NULL,,3,1,2,7,255,1369,250,0,0
stim,173871,203992,1,203992,3401304.454,-0.638,0.132,-0.142,0.745,0,0,1213,0,2919,87,2805,2058,45,1.003,1,2222,0,301.401,8.397,-70.000,-293.063,7.563,-0.207,-0.098,1.723,-0.664,-8.371,4.750,0.252,0.342,1.224,1.379,3,NULL,NULL,,3,1,2,7,255,1369,250,0,0
stim,173871,203992,1,203992,3401309.455,-0.636,0.140,-0.152,0.744,0,0,1191,0,2899,93,2747,1992,45,1.003,1,2222,0,319.610,8.386,-47.688,-315.438,19.375,-0.320,-0.043,1.930,0.496,-8.371,5.082,0.276,0.368,1.224,1.379,3,NULL,NULL,,3,1,2,7,255,1369,250,0,0
stim,173871,203992,1,203992,3401314.454,-0.633,0.149,-0.163,0.742,0,0,1161,0,2842,76,2669,1913,45,1.003,1,2222,0,334.551,10.578,-50.250,-330.313,17.125,-0.410,0.207,2.109,0.496,-10.566,6.234,0.304,0.396,1.224,1.379,3,NULL,NULL,,3,1,2,7,255,1369,250,0,0
stim,173871,203992,1,203992,3401319.455,-0.630,0.159,-0.174,0.740,0,0,1081,0,2786,67,2567,1803,45,1.003,1,2222,0,345.523,13.021,-48.750,-342.063,1.750,-0.426,0.313,2.281,-1.785,-12.898,6.938,0.334,0.428,1.224,1.379,3,NULL,NULL,,3,1,2,7,255,1369,250,0,0
stim,173892,204013,1,204013,3401324.454,-0.628,0.169,-0.185,0.737,0,0,949,0,2726,45,2403,1702,45,1.003,1,2222,0,355.756,14.722,-43.750,-352.688,-16.125,-0.375,0.348,2.559,-2.801,-14.453,7.883,0.368,0.462,1.224,1.379,3,NULL,NULL,,3,1,2,7,255,1369,250,0,0
stim,173892,204013,1,204013,3401329.455,-0.626,0.179,-0.197,0.733,0,0,885,0,2633,20,2313,1577,45,1.003,1,2222,0,367.570,16.256,-65.313,-361.063,-21.813,-0.316,0.438,2.727,-3.238,-15.930,10.012,0.402,0.498,1.224,1.379,3,NULL,NULL,,3,1,2,7,255,1369,250,0,0
stim,173892,204013,1,204013,3401334.453,-0.624,0.188,-0.211,0.729,0,0,775,0,2531,0,2133,1421,45,1.003,1,2222,0,384.664,17.548,-105.563,-369.063,-24.813,-0.293,0.438,2.637,-4.242,-17.027,10.012,0.442,0.538,1.224,1.379,3,NULL,NULL,,3,1,2,7,255,1369,250,0,0
stim,173892,204013,1,204013,3401339.455,-0.622,0.197,-0.224,0.724,0,0,647,0,2411,0,1907,1269,45,1.003,1,2222,0,392.531,17.548,-121.625,-372.625,-20.938,-0.258,0.230,1.984,-4.242,-17.027,9.910,0.486,0.582,1.224,1.379,3,NULL,NULL,,3,1,2,7,255,1369,250,0,0
stim,173930,204051,1,204051,3401344.454,-0.618,0.207,-0.237,0.720,0,0,499,0,2253,0,1681,1077,45,1.003,1,2222,0,400.106,13.720,-68.250,-393.938,-15.500,-0.086,-0.113,1.613,-2.445,-13.500,4.480,0.534,0.632,1.224,1.379,3,NULL,NULL,,3,1,2,7,255,1369,250,0,0
stim,173930,204051,1,204051,3401349.455,-0.614,0.219,-0.250,0.716,0,0,361,0,2065,0,1438,981,45,1.003,1,2222,0,411.463,10.129,-52.750,-408.063,-2.125,0.109,-0.277,1.746,0.746,-10.102,4.430,0.588,0.686,1.224,1.379,3,NULL,NULL,,3,1,2,7,255,1369,250,0,0
stim,173930,204051,1,204051,3401354.454,-0.609,0.230,-0.263,0.712,0,0,238,0,1753,0,932,829,45,1.003,1,2222,0,419.187,9.770,-47.000,-416.313,13.875,0.195,-0.160,1.625,0.785,-9.738,3.602,0.646,0.746,1.224,1.379,3,NULL,NULL,,3,1,2,7,255,1369,250,0,0
stim,173930,204051,1,204051,3401359.455,-0.603,0.241,-0.276,0.708,0,0,191,0,1530,0,559,716,45,1.003,1,2222,0,435.204,9.770,-57.813,-430.000,34.063,0.137,-0.027,1.828,0.785,-9.738,4.176,0.710,0.808,1.224,1.379,3,NULL,NULL,,3,1,2,7,255,1369,250,0,0
stim,173930,204051,1,204051,3401364.454,-0.596,0.251,-0.290,0.705,0,0,111,0,1125,0,217,551,45,1.003,1,2222,0,429.494,8.973,-63.625,-419.000,69.688,0.098,0.074,1.359,-0.457,-8.961,3.602,0.776,0.876,1.224,1.379,3,NULL,NULL,,3,1,2,7,255,1369,250,0,0
stim,173930,204051,1,204051,3401369.455,-0.587,0.263,-0.303,0.703,0,0,101,0,756,0,0,455,45,1.003,1,2222,0,437.431,11.353,-12.063,-424.625,104.375,-0.207,-0.023,1.398,-0.457,-11.344,0.105,0.850,0.950,1.224,1.379,3,NULL,NULL,,3,1,2,7,255,1369,250,0,0
stim,173930,204051,1,204051,3401374.454,-0.576,0.275,-0.315,0.703,0,0,68,0,351,0,0,361,45,1.003,1,2222,0,465.988,11.487,24.938,-442.438,144.125,-0.574,-0.230,1.617,0.258,-11.484,-2.000,0.924,1.026,1.224,1.379,3,NULL,NULL,,3,1,2,7,255,1369,250,0,0
stim,173930,204051,1,204051,3401379.455,-0.564,0.286,-0.328,0.702,0,0,57,0,19,0,0,249,45,1.003,1,2222,0,489.673,15.634,15.875,-461.563,162.750,-0.738,-0.078,1.660,2.129,-15.488,-3.426,0.996,1.100,1.224,1.379,3,NULL,NULL,,3,1,2,7,255,1369,250,0,0
stim,173952,204073,1,204073,3401384.453,-0.553,0.297,-0.342,0.699,0,0,18,0,0,0,0,125,45,1.003,1,2222,0,488.551,15.634,-22.563,-464.000,151.250,-0.723,0.418,1.328,2.129,-15.488,-5.254,1.064,1.168,1.224,1.379,3,NULL,NULL,,3,1,2,7,255,1369,250,0,0
stim,173952,204073,1,204073,3401389.455,-0.543,0.307,-0.356,0.696,0,0,16,0,0,0,0,63,45,1.003,1,2222,0,463.698,15.391,-73.313,-443.750,112.813,-0.277,1.000,0.867,-2.492,-15.188,-8.523,1.120,1.226,1.224,1.379,4,NULL,NULL,,3,1,2,7,255,1369,250,0,0
stim,173952,204073,1,204073,3401394.454,-0.534,0.316,-0.370,0.691,0,0,17,0,0,0,0,29,45,1.003,1,2222,0,434.821,13.335,-73.313,-419.000,90.188,0.031,1.293,0.742,-8.961,-9.875,-8.523,1.174,1.282,1.224,1.379,0,NULL,NULL,,3,1,2,7,255,1369,250,0,0
stim,173952,204073,1,204073,3401399.455,-0.526,0.324,-0.383,0.687,0,0,25,0,0,0,0,47,45,1.003,1,2222,0,415.370,13.176,-89.000,-390.563,109.875,0.117,1.066,0.844,-10.434,-8.047,-8.168,1.226,1.336,1.224,1.379,0,NULL,NULL,,3,1,2,7,255,1369,250,0,0
stim,173974,204095,1,204095,3401404.454,-0.517,0.330,-0.397,0.683,0,0,27,0,0,0,0,87,45,1.003,1,2222,0,406.039,12.990,-123.188,-364.563,129.563,0.141,0.457,0.887,-10.434,-7.738,-6.883,1.284,1.394,1.224,1.379,0,NULL,NULL,,3,1,2,7,255,1369,250,0,0
stim,173974,204095,1,204095,3401409.455,-0.509,0.334,-0.408,0.680,0,0,26,0,0,0,0,103,45,1.003,1,2222,0,342.799,9.317,-92.938,-310.438,111.813,0.152,-0.008,1.035,-4.695,-8.047,-5.598,1.352,1.464,1.224,1.379,0,NULL,NULL,,3,1,2,7,255,1369,250,0,0
stim,173974,204095,1,204095,3401414.454,-0.502,0.339,-0.417,0.677,0,0,28,0,0,0,0,142,45,1.003,1,2222,0,284.681,8.553,-52.750,-259.500,104.500,-0.027,-0.168,1.387,-0.313,-8.547,-4.063,1.426,1.540,1.224,1.379,0,NULL,NULL,,3,1,2,7,255,1369,250,0,0
stim,173974,204095,1,204095,3401419.455,-0.496,0.341,-0.425,0.675,0,0,26,0,0,0,0,182,45,1.003,1,2222,0,242.522,12.359,-70.313,-209.250,100.438,-0.184,-0.027,1.781,0.809,-12.332,-4.063,1.504,1.620,1.224,1.379,0,NULL,NULL,,3,1,2,7,255,1369,250,0,0
stim,173974,204095,1,204095,3401424.454,-0.493,0.341,-0.434,0.673,0,0,27,0,0,0,0,209,45,1.003,1,2222,0,229.556,16.059,-151.438,-147.563,89.375,-0.215,0.008,1.680,0.809,-16.039,-4.395,1.580,1.696,1.224,1.379,0,NULL,NULL,,3,1,2,7,255,1369,250,0,0
stim,173974,204095,0,204095,3401429.455,-0.492,0.336,-0.444,0.669,0,0,26,0,0,0,0,219,45,1.003,1,2222,0,256.674,16.045,-228.000,-76.875,89.375,-0.191,0.129,1.012,0.441,-16.039,-5.398,1.650,1.768,1.224,1.379,0,NULL,NULL,,3,0,2,7,255,1373,250,0,0
stim,174026,204147,0,204147,3401434.454,-0.493,0.329,-0.453,0.666,0,0,22,0,0,0,0,215,45,1.003,1,2222,0,262.110,10.099,-243.313,-7.438,97.188,-0.273,0.469,0.293,-0.941,-10.055,-8.121,1.718,1.834,1.224,1.379,0,NULL,NULL,,3,0,2,7,255,1373,250,0,0
stim,174026,204147,0,204147,3401439.455,-0.494,0.321,-0.458,0.665,0,0,29,0,0,0,0,175,45,1.003,1,2222,0,228.100,5.522,-201.438,58.000,89.938,-0.309,0.539,-0.141,-3.766,-4.039,-12.477,1.780,1.894,1.224,1.379,0,NULL,NULL,,3,0,2,7,255,1373,250,0,0
stim,174026,204147,0,204147,3401444.453,-0.496,0.314,-0.461,0.666,0,0,26,0,0,0,0,123,45,1.003,1,2222,0,184.190,3.771,-127.125,110.438,74.625,-0.383,0.293,-0.297,-3.766,-0.203,-14.594,1.826,1.942,1.224,1.379,0,NULL,NULL,,3,0,2,7,255,1373,250,0,0
stim,174026,204147,0,204147,3401449.455,-0.499,0.307,-0.460,0.668,0,0,27,0,0,0,0,119,45,1.003,1,2222,0,174.914,1.479,-64.875,151.000,59.875,-0.379,-0.031,-0.078,-1.465,-0.203,-14.594,1.868,1.982,1.224,1.379,0,NULL,NULL,,3,0,2,7,255,1373,250,0,0
stim,174026,204147,0,204147,3401454.454,-0.501,0.299,-0.458,0.670,0,0,20,0,0,0,0,103,45,1.003,1,2222,0,198.232,1.621,-50.688,181.250,62.250,-0.352,-0.160,0.102,1.438,-0.750,-13.227,1.902,2.018,1.224,1.379,0,NULL,NULL,,3,0,2,7,255,1373,250,0,0
stim,174026,204147,0,204147,3401459.455,-0.504,0.291,-0.456,0.673,0,0,17,0,0,0,0,99,45,1.003,1,2222,0,222.819,2.755,-53.625,203.125,74.250,-0.336,-0.156,0.000,2.402,-1.348,-12.129,1.938,2.056,1.224,1.379,0,NULL,NULL,,3,0,2,7,255,1373,250,0,0
stim,174026,204147,0,204147,3401464.454,-0.507,0.282,-0.453,0.677,0,0,17,0,0,0,0,99,45,1.003,1,2222,0,236.298,2.755,-35.438,217.688,84.813,-0.387,-0.098,-0.227,2.402,-1.348,-12.129,1.970,2.088,1.224,1.379,0,NULL,NULL,,3,0,2,7,255,1373,250,0,0
stim,174026,204147,0,204147,3401469.455,-0.509,0.274,-0.449,0.682,0,0,12,0,0,0,0,95,45,1.003,1,2222,0,243.606,2.316,7.875,227.500,86.750,-0.441,-0.027,-0.336,2.289,0.355,-13.609,1.998,2.118,1.224,1.379,0,NULL,NULL,,3,0,2,7,255,1373,250,0,0
stim,174026,204147,0,204147,3401474.454,-0.511,0.266,-0.443,0.687,0,0,14,0,0,0,0,89,45,1.003,1,2222,0,253.403,2.008,53.375,234.188,80.750,-0.512,0.043,-0.223,1.977,0.355,-14.758,2.022,2.142,1.224,1.379,0,NULL,NULL,,3,0,2,7,255,1373,250,0,0
stim,174026,204147,0,204147,3401479.455,-0.512,0.260,-0.436,0.693,0,0,17,0,0,0,0,88,45,1.003,1,2222,0,264.909,1.543,78.438,241.563,75.313,-0.457,0.008,-0.008,1.457,-0.508,-14.758,2.040,2.162,1.224,1.379,0,NULL,NULL,,3,0,2,7,255,1373,250,0,0
stim,174054,204175,0,204175,3401484.454,-0.514,0.252,-0.428,0.699,0,0,10,0,0,0,0,84,45,1.003,1,2222,0,275.798,2.560,86.188,247.813,85.000,-0.457,0.012,0.133,1.387,-2.152,-13.473,2.060,2.182,1.224,1.379,0,NULL,NULL,,3,0,2,7,255,1373,250,0,0
stim,174054,204175,0,204175,3401489.455,-0.515,0.245,-0.421,0.705,0,0,9,0,0,0,0,85,45,1.003,1,2222,0,282.873,3.659,89.188,253.438,88.500,-0.570,0.063,0.230,1.199,-3.457,-13.234,2.080,2.204,1.224,1.379,0,NULL,NULL,,3,0,2,7,255,1373,250,0,0
stim,174054,204175,0,204175,3401494.454,-0.516,0.238,-0.413,0.711,0,0,11,0,0,0,0,87,45,1.003,1,2222,0,285.117,5.087,96.375,256.500,78.813,-0.664,0.078,0.297,1.160,-4.953,-13.234,2.100,2.224,1.224,1.379,0,NULL,NULL,,3,0,2,7,255,1373,250,0,0
stim,174054,204175,0,204175,3401499.455,-0.518,0.231,-0.404,0.717,0,0,9,0,0,0,0,81,45,1.003,1,2222,0,286.747,6.184,105.063,260.188,59.063,-0.691,0.047,0.441,1.160,-6.074,-13.234,2.118,2.242,1.224,1.379,0,NULL,NULL,,3,0,2,7,255,1373,250,0,0
stim,174071,204192,0,204192,3401504.454,-0.521,0.225,-0.395,0.722,0,0,9,0,0,0,0,79,45,1.003,1,2222,0,288.083,7.576,108.125,264.000,40.063,-0.676,0.016,0.590,1.402,-7.445,-12.641,2.132,2.256,1.224,1.379,0,NULL,NULL,,3,0,2,7,255,1373,250,0,0
stim,174071,204192,0,204192,3401509.455,-0.524,0.219,-0.386,0.727,0,0,0,0,0,0,0,77,45,1.003,1,2222,0,289.982,8.680,108.063,268.000,24.250,-0.691,0.043,0.773,1.402,-8.566,-11.414,2.144,2.270,1.224,1.379,0,NULL,NULL,,3,0,2,7,255,1373,250,0,0
stim,174071,204192,0,204192,3401514.454,-0.528,0.212,-0.376,0.731,0,0,1,0,0,0,0,79,45,1.003,1,2222,0,287.684,10.225,94.125,271.813,4.563,-0.703,0.086,0.984,1.043,-10.172,-10.348,2.156,2.282,1.224,1.379,0,NULL,NULL,,3,0,2,7,255,1373,250,0,0
stim,174071,204192,0,204192,3401519.455,-0.533,0.205,-0.368,0.734,0,0,0,0,0,0,0,78,45,1.003,1,2222,0,285.877,11.934,67.063,277.313,-18.063,-0.648,0.121,1.082,0.453,-11.926,-9.035,2.168,2.296,1.224,1.379,0,NULL,NULL,,3,0,2,7,255,1373,250,0,0
stim,174094,204215,0,204215,3401524.454,-0.538,0.198,-0.359,0.736,0,0,5,0,0,0,0,83,45,1.003,1,2222,0,289.711,11.928,39.250,284.875,-35.188,-0.535,0.148,1.086,-0.230,-11.926,-7.875,2.182,2.312,1.224,1.379,0,NULL,NULL,,3,0,2,7,255,1373,250,0,0
stim,174094,204215,0,204215,3401529.455,-0.544,0.190,-0.351,0.738,0,0,9,0,0,0,0,99,45,1.003,1,2222,0,298.220,11.646,20.063,293.688,-47.750,-0.461,0.098,1.043,-0.813,-11.617,-6.883,2.198,2.328,1.224,1.379,0,NULL,NULL,,3,0,2,7,255,1373,250,0,0
stim,174125,204246,0,204246,3401534.453,-0.551,0.181,-0.343,0.739,0,0,0,0,0,0,0,105,45,1.003,1,2222,0,311.083,10.717,5.563,304.625,-62.813,-0.395,0.078,0.961,-0.848,-10.684,-6.266,2.220,2.350,1.224,1.379,0,NULL,NULL,,3,0,2,7,255,1373,250,0,0
stim,174125,204246,0,204246,3401539.455,-0.559,0.172,-0.335,0.739,0,0,5,0,0,0,0,125,45,1.003,1,2222,0,327.168,9.565,-2.000,318.375,-75.313,-0.316,0.113,0.863,-0.848,-9.527,-6.133,2.242,2.374,1.224,1.379,0,NULL,NULL,,3,0,2,7,255,1373,250,0,0
stim,174125,204246,0,204246,3401544.454,-0.566,0.163,-0.326,0.739,0,0,5,0,0,0,0,141,45,1.003,1,2222,0,342.441,8.336,1.438,331.625,-85.375,-0.250,0.063,0.797,-1.141,-8.258,-6.074,2.268,2.402,1.224,1.379,0,NULL,NULL,,3,0,2,7,255,1373,250,0,0
stim,174125,204246,0,204246,3401549.455,-0.574,0.153,-0.317,0.739,0,0,5,0,0,0,0,142,45,1.003,1,2222,0,357.682,7.301,4.063,346.313,-89.375,-0.203,0.078,0.727,-1.406,-7.164,-5.949,2.300,2.434,1.224,1.379,0,NULL,NULL,,3,0,2,7,255,1373,250,0,0
stim,174156,204277,0,204277,3401554.454,-0.582,0.144,-0.307,0.739,0,0,2,0,0,0,0,141,45,1.003,1,2222,0,369.093,6.372,13.750,357.625,-90.250,-0.199,0.039,0.668,-1.141,-6.270,-5.949,2.334,2.468,1.224,1.379,0,NULL,NULL,,3,0,2,7,255,1373,250,0,0
stim,174156,204277,0,204277,3401559.455,-0.590,0.134,-0.296,0.739,0,0,5,0,0,0,0,140,45,1.003,1,2222,0,378.528,5.787,37.500,364.375,-95.438,-0.184,-0.004,0.648,-1.027,-5.695,-5.949,2.370,2.506,1.224,1.379,0,NULL,NULL,,3,0,2,7,255,1373,250,0,0
stim,174156,204277,0,204277,3401564.453,-0.598,0.125,-0.284,0.739,0,0,3,0,0,0,0,147,45,1.003,1,2222,0,386.415,5.384,55.375,370.375,-95.250,0.027,0.055,0.637,-1.027,-5.285,-5.848,2.408,2.546,1.224,1.379,0,NULL,NULL,,3,0,2,7,255,1373,250,0,0
stim,174156,204277,0,204277,3401569.455,-0.606,0.117,-0.271,0.739,0,0,0,0,0,0,0,145,45,1.003,1,2222,0,393.055,3.544,80.688,374.188,-89.250,0.234,-0.117,0.633,-0.727,-3.469,-4.844,2.448,2.586,1.224,1.379,0,NULL,NULL,,3,0,2,7,255,1373,250,0,0
stim,174156,204277,0,204277,3401574.454,-0.611,0.108,-0.257,0.740,0,0,0,0,0,0,0,152,45,1.003,1,2222,0,387.113,2.307,102.625,369.188,-55.000,0.234,0.066,0.645,-1.816,-1.422,-3.629,2.488,2.626,1.224,1.379,0,NULL,NULL,,3,0,2,7,255,1373,250,0,0
stim,174156,204277,0,204277,3401579.455,-0.617,0.101,-0.243,0.742,0,0,0,0,0,0,0,151,45,1.003,1,2222,0,392.392,2.788,131.438,365.750,-54.063,0.129,0.156,0.746,-2.398,-1.422,-3.395,2.528,2.666,1.224,1.379,0,NULL,NULL,,3,0,2,7,255,1373,250,0,0
stim,174156,204277,0,204277,3401584.453,-0.622,0.094,-0.228,0.743,0,0,0,0,0,0,0,155,45,1.003,1,2222,0,392.407,3.546,151.000,358.938,-48.438,0.227,0.109,0.816,-2.992,-1.902,-3.395,2.566,2.706,1.224,1.379,0,NULL,NULL,,3,0,2,7,255,1373,250,0,0
stim,174156,204277,0,204277,3401589.455,-0.626,0.088,-0.213,0.745,0,0,0,0,0,0,0,155,45,1.003,1,2222,0,394.601,3.546,170.375,354.438,-32.500,0.234,-0.055,0.910,-2.992,-1.902,-2.164,2.602,2.744,1.224,1.379,0,NULL,NULL,,3,0,2,7,255,1373,250,0,0
stim,174156,204277,0,204277,3401594.454,-0.629,0.081,-0.197,0.748,0,0,0,0,0,0,0,156,45,1.003,1,2222,0,393.713,3.441,181.125,349.563,-3.063,0.270,0.063,1.090,-2.867,-1.902,-0.871,2.638,2.780,1.224,1.379,0,NULL,NULL,,3,0,2,7,255,1373,250,0,0
stim,174156,204277,0,204277,3401599.455,-0.631,0.075,-0.182,0.750,0,0,0,0,0,0,0,163,45,1.003,1,2222,0,394.636,3.297,187.063,347.375,8.688,0.090,0.063,1.215,-2.605,-2.020,0.648,2.672,2.814,1.224,1.379,0,NULL,NULL,,3,0,2,7,255,1373,250,0,0
stim,174156,204277,0,204277,3401604.454,-0.633,0.069,-0.166,0.753,0,0,0,0,0,0,0,157,45,1.003,1,2222,0,395.690,4.711,192.938,345.125,15.313,0.031,0.262,1.410,-2.867,-3.738,1.277,2.704,2.848,1.224,1.379,0,NULL,NULL,,3,0,2,7,255,1373,250,0,0
stim,174156,204278,0,204278,3401609.455,-0.635,0.063,-0.150,0.755,0,0,0,0,0,0,0,155,45,1.003,1,2222,0,393.437,5.995,192.125,343.313,4.125,-0.078,0.168,1.629,-3.543,-4.836,2.648,2.730,2.876,1.224,1.379,0,NULL,NULL,,3,0,2,7,255,1373,250,0,0
stim,174190,204311,0,204311,3401614.453,-0.637,0.057,-0.135,0.757,0,0,0,0,0,0,0,157,45,1.003,1,2222,0,383.620,6.988,176.438,340.625,3.000,-0.035,0.191,1.859,-3.965,-5.754,4.711,2.756,2.902,1.224,1.379,0,NULL,NULL,,3,0,2,7,255,1373,250,0,0
stim,174190,204311,0,204311,3401619.455,-0.639,0.050,-0.120,0.758,0,0,0,0,0,0,0,155,45,1.003,1,2222,0,369.195,6.784,146.938,338.688,2.250,-0.051,0.156,1.965,-3.594,-5.754,7.160,2.778,2.926,1.224,1.379,0,NULL,NULL,,3,0,2,7,255,1373,250,0,0
stim,174190,204311,0,204311,3401624.454,-0.641,0.042,-0.107,0.759,0,0,0,0,0,0,0,161,45,1.003,1,2222,0,354.337,6.715,117.250,334.375,-0.563,-0.098,0.180,2.020,-3.703,-5.602,8.387,2.800,2.948,1.224,1.379,0,NULL,NULL,,3,0,2,7,255,1373,250,0,0
stim,174190,204311,0,204311,3401629.455,-0.643,0.033,-0.095,0.760,0,0,0,0,0,0,0,165,45,1.003,1,2222,0,342.147,6.626,84.375,331.500,-7.313,-0.082,0.152,1.973,-3.594,-5.566,8.738,2.822,2.968,1.224,1.379,0,NULL,NULL,,3,0,2,7,255,1373,250,0,0
stim,174190,204311,0,204311,3401634.454,-0.645,0.024,-0.084,0.759,0,0,0,0,0,0,0,171,45,1.003,1,2222,0,333.269,5.860,58.750,327.563,-17.875,-0.055,0.094,1.840,-3.398,-4.773,8.738,2.842,2.992,1.224,1.379,0,NULL,NULL,,3,0,2,7,255,1373,250,0,0
stim,174190,204311,0,204311,3401639.455,-0.647,0.015,-0.073,0.759,0,0,0,0,0,0,0,167,45,1.003,1,2222,0,326.389,4.565,49.813,322.063,-18.000,-0.039,0.047,1.750,-2.738,-3.652,7.691,2.864,3.014,1.224,1.379,0,NULL,NULL,,3,0,2,7,255,1373,250,0,0
stim,174229,204350,0,204350,3401644.453,-0.649,0.006,-0.062,0.758,0,0,0,0,0,0,0,167,45,1.003,1,2222,0,322.007,3.598,36.250,318.938,-25.563,0.004,0.059,1.621,-2.277,-2.785,7.012,2.888,3.038,1.224,1.379,0,NULL,NULL,,3,0,2,7,255,1373,250,0,0
stim,174229,204350,0,204350,3401649.455,-0.651,-0.003,-0.052,0.758,0,0,0,0,0,0,0,169,45,1.003,1,2222,0,315.578,2.837,41.438,312.063,-22.125,0.020,-0.055,1.570,-2.211,-1.777,5.828,2.914,3.064,1.224,1.379,0,NULL,NULL,,3,0,2,7,255,1373,250,0,0
stim,174229,204350,0,204350,3401654.454,-0.652,-0.012,-0.042,0.757,0,0,3,0,0,0,0,168,45,1.003,1,2222,0,311.605,2.354,42.000,307.875,-23.375,0.039,0.043,1.539,-2.129,-1.004,5.535,2.940,3.090,1.224,1.379,0,NULL,NULL,,3,0,2,7,255,1373,250,0,0
stim,174229,204350,0,204350,3401659.455,-0.654,-0.021,-0.032,0.756,0,0,3,0,0,0,0,169,45,1.003,1,2222,0,306.858,1.835,43.875,303.063,-19.750,0.059,0.016,1.426,-1.758,-0.527,5.133,2.970,3.120,1.224,1.379,0,NULL,NULL,,3,0,2,7,255,1373,250,0,0
stim,174229,204350,0,204350,3401664.454,-0.655,-0.028,-0.021,0.755,0,0,4,0,0,0,0,168,45,1.003,1,2222,0,304.305,1.970,63.438,297.313,-13.500,0.070,0.035,1.441,-1.965,0.148,4.215,2.998,3.150,1.224,1.379,0,NULL,NULL,,3,0,2,7,255,1373,250,0,0
stim,174229,204350,0,204350,3401669.455,-0.656,-0.036,-0.010,0.754,0,0,4,0,0,0,0,168,45,1.003,1,2222,0,302.083,2.050,76.313,291.938,-14.250,0.047,0.063,1.516,-1.965,0.586,4.215,3.026,3.178,1.224,1.379,0,NULL,NULL,,3,0,2,7,255,1373,250,0,0
stim,174229,204350,0,204350,3401674.454,-0.657,-0.042,0.001,0.753,0,0,9,0,0,0,0,173,45,1.003,1,2222,0,297.396,2.310,81.063,286.125,-2.438,0.043,0.094,1.539,-2.191,0.730,4.887,3.052,3.206,1.224,1.379,0,NULL,NULL,,3,0,2,7,255,1373,250,0,0
stim,174229,204350,0,204350,3401679.455,-0.657,-0.049,0.012,0.752,0,0,6,0,0,0,0,171,45,1.003,1,2222,0,295.173,2.669,91.313,280.688,-1.938,0.039,0.133,1.563,-2.465,1.023,5.078,3.074,3.228,1.224,1.379,0,NULL,NULL,,3,0,2,7,255,1373,250,0,0
stim,174256,204377,0,204377,3401684.454,-0.658,-0.055,0.023,0.751,0,0,8,0,0,0,0,169,45,1.003,1,2222,0,293.787,2.804,107.438,273.438,0.313,0.055,0.098,1.637,-2.465,1.336,5.277,3.094,3.250,1.224,1.379,0,NULL,NULL,,3,0,2,7,255,1373,250,0,0
stim,174256,204377,0,204377,3401689.455,-0.657,-0.060,0.035,0.750,0,0,10,0,0,0,0,171,45,1.003,1,2222,0,291.742,3.406,114.688,268.063,10.125,0.086,0.137,1.695,-2.766,1.988,5.953,3.112,3.266,1.224,1.379,0,NULL,NULL,,3,0,2,7,255,1373,250,0,0
stim,174256,204377,0,204377,3401694.454,-0.657,-0.065,0.046,0.750,0,0,8,0,0,0,0,169,45,1.003,1,2222,0,290.963,3.831,121.500,264.000,14.188,0.125,0.137,1.719,-2.703,2.715,6.441,3.126,3.282,1.224,1.379,0,NULL,NULL,,3,0,2,7,255,1373,250,0,0
stim,174256,204377,0,204377,3401699.455,-0.657,-0.069,0.058,0.749,0,0,8,0,0,0,0,169,45,1.003,1,2222,0,294.440,4.416,137.375,259.625,20.438,0.164,0.117,1.770,-2.703,3.492,6.531,3.136,3.294,1.224,1.379,0,NULL,NULL,,3,0,2,7,255,1373,250,0,0
stim,174274,204395,0,204395,3401704.453,-0.656,-0.073,0.070,0.748,0,0,8,0,0,0,0,171,45,1.003,1,2222,0,298.291,5.143,149.000,257.125,25.750,0.207,0.152,1.863,-2.703,4.375,6.902,3.146,3.304,1.224,1.379,0,NULL,NULL,,3,0,2,7,255,1373,250,0,0
stim,174274,204395,0,204395,3401709.455,-0.655,-0.077,0.083,0.747,0,0,11,0,0,0,0,187,45,1.003,1,2222,0,299.720,5.963,154.188,255.188,30.625,0.289,0.164,1.945,-2.715,5.309,7.629,3.156,3.314,1.224,1.379,0,NULL,NULL,,3,0,2,7,255,1373,250,0,0
stim,174274,204395,0,204395,3401714.454,-0.653,-0.081,0.096,0.747,0,0,11,0,0,0,0,184,45,1.003,1,2222,0,302.829,7.243,160.313,253.938,39.000,0.398,0.168,2.004,-2.754,6.699,8.105,3.162,3.320,1.224,1.379,0,NULL,NULL,,3,0,2,7,255,1373,250,0,0
stim,174274,204395,0,204395,3401719.455,-0.651,-0.084,0.108,0.746,0,0,20,0,0,0,0,188,45,1.003,1,2222,0,307.951,8.716,167.250,254.563,45.375,0.512,0.168,2.074,-2.754,8.270,8.262,3.164,3.324,1.224,1.379,0,NULL,NULL,,3,0,2,7,255,1373,250,0,0
stim,174274,204395,0,204395,3401724.454,-0.649,-0.087,0.121,0.746,0,0,19,0,0,0,0,189,45,1.003,1,2222,0,310.401,10.327,168.875,255.313,51.438,0.637,0.141,2.141,-2.711,9.965,8.469,3.166,3.328,1.224,1.379,0,NULL,NULL,,3,0,2,7,255,1373,250,0,0
stim,174274,204395,0,204395,3401729.455,-0.647,-0.091,0.134,0.745,0,0,18,0,0,0,0,188,45,1.003,1,2222,0,312.490,12.018,167.625,255.875,63.875,0.730,0.070,2.152,-2.430,11.770,8.469,3.166,3.328,1.224,1.379,0,NULL,NULL,,3,0,2,7,255,1373,250,0,0
stim,174327,204448,0,204448,3401734.453,-0.644,-0.094,0.147,0.745,0,0,16,0,0,0,0,186,45,1.003,1,2222,0,316.838,13.331,168.938,256.688,77.188,0.746,0.027,2.152,-1.668,13.227,8.043,3.160,3.322,1.224,1.379,0,NULL,NULL,,3,0,2,7,255,1373,250,0,0
stim,174327,204448,0,204448,3401739.455,-0.640,-0.097,0.161,0.745,0,0,16,0,0,0,0,199,45,1.003,1,2222,0,320.368,13.890,172.750,255.938,85.375,0.742,0.020,2.211,-1.090,13.848,7.859,3.150,3.312,1.224,1.379,0,NULL,NULL,,3,0,2,7,255,1373,250,0,0
stim,174327,204448,0,204448,3401744.454,-0.636,-0.100,0.173,0.745,0,0,10,0,0,0,0,198,45,1.003,1,2222,0,315.595,14.447,164.375,255.250,86.188,0.730,-0.047,2.199,-0.785,14.426,7.656,3.134,3.298,1.224,1.379,0,NULL,NULL,,3,0,2,7,255,1373,250,0,0
stim,174327,204448,0,204448,3401749.455,-0.632,-0.104,0.186,0.745,0,0,10,0,0,0,0,209,45,1.003,1,2222,0,308.667,14.648,154.000,251.688,90.625,0.695,-0.137,2.109,0.027,14.648,7.387,3.114,3.276,1.224,1.379,0,NULL,NULL,,3,0,2,7,255,1373,250,0,0
stim,174327,204448,0,204448,3401754.454,-0.628,-0.107,0.198,0.745,0,0,11,0,0,0,0,215,45,1.003,1,2222,0,302.553,14.686,150.500,245.625,92.500,0.645,-0.215,2.012,1.043,14.648,6.266,3.086,3.250,1.224,1.379,0,NULL,NULL,,3,0,2,7,255,1373,250,0,0
stim,174327,204448,0,204448,3401759.455,-0.624,-0.110,0.210,0.744,0,0,11,0,0,0,0,219,45,1.003,1,2222,0,294.559,14.565,152.313,237.250,85.313,0.633,-0.340,1.953,1.953,14.434,5.137,3.052,3.216,1.224,1.379,0,NULL,NULL,,3,0,2,7,255,1373,250,0,0
stim,174327,204448,0,204448,3401764.454,-0.621,-0.112,0.221,0.744,0,0,12,0,0,0,0,219,45,1.003,1,2222,0,284.694,14.792,154.250,227.125,75.313,0.660,-0.500,1.914,3.238,14.434,4.129,3.012,3.176,1.224,1.379,0,NULL,NULL,,3,0,2,7,255,1373,250,0,0
stim,174327,204448,0,204448,3401769.455,-0.617,-0.115,0.233,0.743,0,0,11,0,0,0,0,243,45,1.003,1,2222,0,273.750,15.809,154.500,215.688,67.438,0.695,-0.621,1.883,4.813,15.059,3.082,2.966,3.130,1.224,1.379,0,NULL,NULL,,3,0,2,7,255,1373,250,0,0
stim,174327,204448,0,204448,3401774.454,-0.614,-0.117,0.243,0.742,0,0,13,0,0,0,0,253,45,1.003,1,2222,0,263.421,16.749,156.313,203.438,59.750,0.738,-0.645,1.859,5.992,15.641,2.043,2.916,3.080,1.224,1.379,0,NULL,NULL,,3,0,2,7,255,1373,250,0,0
stim,174327,204448,0,204448,3401779.455,-0.611,-0.118,0.254,0.740,0,0,16,0,0,0,0,271,45,1.003,1,2222,0,255.365,17.243,161.813,189.563,55.625,0.867,-0.488,1.902,5.992,16.168,1.246,2.862,3.026,1.224,1.379,0,NULL,NULL,,3,0,2,7,255,1373,250,0,0
stim,174355,204476,0,204476,3401784.453,-0.609,-0.119,0.264,0.738,0,0,13,0,0,0,0,293,45,1.003,1,2222,0,238.166,18.512,152.375,179.188,37.375,0.793,-0.656,2.063,6.215,17.438,1.246,2.800,2.966,1.224,1.379,0,NULL,NULL,,3,0,2,7,255,1373,250,0,0
stim,174355,204476,0,204476,3401789.455,-0.608,-0.121,0.272,0.736,0,0,16,0,0,0,0,303,45,1.003,1,2222,0,210.539,19.247,128.563,166.250,12.625,0.980,-0.691,1.988,6.594,18.082,0.926,2.734,2.900,1.224,1.379,0,NULL,NULL,,3,0,2,7,255,1373,250,0,0
stim,174355,204476,0,204476,3401794.454,-0.606,-0.123,0.280,0.734,0,0,18,0,0,0,0,340,45,1.003,1,2222,0,192.785,20.511,118.500,152.000,4.438,1.227,-0.559,1.910,6.594,19.422,-0.117,2.666,2.830,1.224,1.379,0,NULL,NULL,,3,0,2,7,255,1373,250,0,0
stim,174355,204476,0,204476,3401799.455,-0.605,-0.125,0.287,0.732,0,0,20,0,0,0,0,372,45,1.003,1,2222,0,175.698,21.470,108.063,138.500,3.188,1.352,-0.535,1.906,4.805,20.926,-2.031,2.594,2.758,1.224,1.379,0,NULL,NULL,,3,0,2,7,255,1373,250,0,0
stim,174356,204477,0,204477,3401804.453,-0.605,-0.126,0.294,0.730,0,0,22,0,5,0,0,393,45,1.003,1,2222,0,154.592,22.412,89.000,126.125,-8.375,1.508,-0.551,1.828,4.355,21.984,-2.984,2.518,2.682,1.224,1.379,0,NULL,NULL,,3,0,2,7,255,1373,250,0,0
stim,174356,204477,0,204477,3401809.455,-0.604,-0.128,0.299,0.728,0,0,25,0,23,0,0,412,45,1.003,1,2222,0,132.602,23.239,66.688,114.125,-10.563,1.742,-0.629,1.672,4.121,22.871,-4.766,2.436,2.602,1.224,1.379,0,NULL,NULL,,3,0,2,7,255,1373,250,0,0
stim,174379,204500,0,204500,3401814.453,-0.603,-0.130,0.303,0.726,0,0,22,0,27,0,0,442,45,1.003,1,2222,0,115.661,23.955,54.625,101.625,-8.125,1.875,-0.711,1.414,4.121,23.598,-7.691,2.354,2.520,1.224,1.379,0,NULL,NULL,,3,0,2,7,255,1373,250,0,0
stim,174379,204500,0,204500,3401819.455,-0.603,-0.132,0.307,0.725,0,0,20,0,41,0,0,461,45,1.003,1,2222,0,106.374,23.981,59.625,87.625,-9.063,2.023,-0.820,1.203,4.270,23.598,-10.855,2.272,2.438,1.224,1.379,0,NULL,NULL,,3,0,2,7,255,1373,250,0,0
stim,174379,204500,0,204500,3401824.454,-0.602,-0.132,0.311,0.723,0,0,19,0,52,0,0,472,45,1.003,1,2222,0,104.699,24.053,76.000,72.000,-1.375,2.160,-0.918,1.125,4.656,23.598,-13.789,2.184,2.350,1.224,1.379,0,NULL,NULL,,3,0,2,7,255,1373,250,0,0
stim,174379,204500,0,204500,3401829.455,-0.602,-0.131,0.316,0.722,0,0,19,0,58,0,0,471,45,1.003,1,2222,0,111.822,24.726,96.563,54.688,13.750,2.164,-1.031,1.102,5.152,24.184,-15.625,2.092,2.260,1.224,1.379,0,NULL,NULL,,3,0,2,7,255,1373,250,0,0
stim,174424,204545,0,204545,3401834.453,-0.601,-0.129,0.320,0.721,0,0,26,0,73,0,0,474,45,1.003,1,2222,0,119.368,24.967,111.813,34.938,22.938,2.031,-1.059,1.254,6.207,24.184,-15.625,1.996,2.164,1.224,1.379,0,NULL,NULL,,3,0,2,7,255,1373,250,0,0
stim,174424,204545,0,204545,3401839.455,-0.601,-0.126,0.325,0.719,0,0,18,0,75,0,0,472,45,1.003,1,2222,0,120.666,25.062,118.250,14.375,19.250,1.887,-1.020,1.430,7.035,24.055,-14.672,1.894,2.064,1.224,1.379,0,NULL,NULL,,3,0,2,7,255,1373,250,0,0
stim,174424,204545,0,204545,3401844.453,-0.601,-0.123,0.328,0.718,0,0,23,0,77,0,0,469,45,1.003,1,2222,0,112.912,25.170,109.875,-6.500,25.188,1.840,-0.953,1.707,7.410,24.055,-12.574,1.790,1.958,1.224,1.379,0,NULL,NULL,,3,0,2,7,255,1373,250,0,0
stim,174424,204545,0,204545,3401849.455,-0.601,-0.119,0.330,0.718,0,0,25,0,59,0,0,467,45,1.003,1,2222,0,99.792,25.072,91.438,-27.375,29.125,1.523,-0.824,1.898,7.480,23.930,-10.125,1.680,1.848,1.224,1.379,0,NULL,NULL,,3,0,2,7,255,1373,250,0,0
stim,174424,204545,0,204545,3401854.454,-0.602,-0.116,0.331,0.718,0,0,21,0,55,0,0,469,45,1.003,1,2222,0,75.346,24.921,58.750,-47.063,3.250,1.254,-0.699,2.121,7.523,23.758,-6.582,1.566,1.734,1.224,1.379,0,NULL,NULL,,3,0,2,7,255,1373,250,0,0
stim,174424,204545,0,204545,3401859.455,-0.603,-0.114,0.330,0.717,0,0,23,0,51,0,0,469,45,1.003,1,2222,0,66.773,24.865,10.688,-63.000,-19.375,1.301,-0.594,2.223,7.523,23.699,-3.027,1.444,1.610,1.224,1.379,0,NULL,NULL,,3,0,2,7,255,1373,250,0,0
stim,174453,204575,0,204575,3401864.453,-0.605,-0.113,0.326,0.717,0,0,22,0,35,0,0,475,45,1.003,1,2222,0,86.619,23.881,-34.938,-74.875,-26.000,1.191,-0.508,2.086,6.766,22.902,-2.098,1.316,1.482,1.224,1.379,0,NULL,NULL,,3,0,2,7,255,1373,250,0,0
stim,174453,204575,0,204575,3401869.455,-0.607,-0.112,0.322,0.718,0,0,21,0,25,0,0,521,45,1.003,1,2222,0,113.310,22.743,-69.938,-84.063,-29.688,1.215,-0.492,2.047,5.969,21.945,-2.098,1.186,1.352,1.224,1.379,0,NULL,NULL,,3,0,2,7,255,1373,250,0,0
stim,174453,204575,0,204575,3401874.454,-0.606,-0.104,0.321,0.721,215,0,11,556,0,0,0,563,45,1.003,1,2222,0,194.718,22.618,69.063,-149.125,104.438,0.234,-0.855,3.320,5.969,21.816,-2.086,1.056,1.220,1.224,1.379,0,NULL,NULL,,3,0,2,7,255,1373,250,0,0
stim,174453,204575,0,204575,3401879.455,-0.594,-0.092,0.318,0.733,907,0,0,1222,0,99,0,583,45,1.003,1,2222,0,490.690,22.285,14.000,-207.500,444.438,-0.727,1.715,4.832,5.672,21.551,11.801,0.926,1.088,1.224,1.379,0,NULL,NULL,,3,0,2,7,255,1373,250,0,0
stim,174453,204575,0,204575,3401884.454,-0.581,-0.099,0.297,0.751,1428,0,0,1640,0,343,0,631,45,1.003,1,2222,0,722.261,19.808,-616.250,-123.313,355.938,-1.238,2.887,2.297,-3.691,19.461,23.148,0.800,0.960,1.224,1.379,0,NULL,NULL,,3,0,2,7,255,1373,250,0,0
stim,174454,204575,0,204575,3401889.455,-0.574,-0.107,0.275,0.764,1842,0,0,1910,0,529,0,679,45,1.003,1,2223,0,617.411,16.632,-571.375,-133.563,192.063,-1.695,2.289,-0.523,-16.500,-2.090,23.148,0.678,0.834,1.224,1.379,1,1326.000,-47.000,,3,0,2,7,255,1373,250,0,0
stim,174454,204575,0,204575,3401894.454,-0.570,-0.109,0.263,0.771,2091,0,0,2054,0,629,0,742,45,1.003,1,2223,0,342.965,25.523,-306.375,-111.313,106.625,-1.488,1.375,-0.852,-16.500,-19.473,0.008,0.568,0.718,1.224,1.379,1,NULL,NULL,,3,0,2,7,255,1373,250,0,0
stim,174454,204575,0,204575,3401899.455,-0.570,-0.107,0.258,0.773,2277,0,0,2184,0,732,0,803,45,1.003,1,2223,0,140.279,21.395,-64.750,-117.688,40.438,-0.598,0.930,0.090,-8.863,-19.473,-4.082,0.468,0.610,1.224,1.379,1,NULL,NULL,,3,0,2,7,255,1373,250,0,0
stim,174454,204575,0,204575,3401904.454,-0.568,-0.103,0.255,0.776,2479,0,0,2367,0,830,0,819,45,1.003,1,2223,0,148.677,10.541,-33.188,-117.563,84.750,-0.031,1.039,1.309,-8.258,-6.551,-4.082,0.378,0.506,1.224,1.379,1,NULL,NULL,,3,0,2,7,255,1373,250,0,0
stim,174454,204575,0,204575,3401909.455,-0.561,-0.099,0.247,0.784,2615,0,0,2535,0,853,0,843,45,1.003,1,2223,0,292.821,7.023,-146.313,-142.625,209.750,-0.734,0.918,1.270,-6.633,-2.309,3.895,0.296,0.408,1.224,1.379,1,NULL,NULL,,3,0,2,7,255,1373,250,0,0
stim,174492,204613,0,204613,3401914.454,-0.554,-0.098,0.234,0.793,2723,0,0,2655,0,859,0,880,45,1.003,1,2223,0,419.943,5.331,-299.000,-180.000,233.563,-1.902,-0.172,0.598,-4.805,-2.309,3.895,0.246,0.318,1.224,1.379,1,NULL,NULL,,3,0,2,7,255,1373,250,0,0
stim,174492,204613,0,204613,3401919.455,-0.551,-0.097,0.220,0.799,2797,0,0,2739,0,864,0,951,45,1.003,1,2223,0,351.327,15.118,-280.438,-196.125,79.500,-2.059,-0.449,-0.543,8.762,-12.320,2.691,0.232,0.248,1.224,1.379,1,NULL,NULL,,3,0,2,7,255,1373,250,0,0
stim,174492,204613,0,204613,3401924.454,-0.555,-0.093,0.211,0.800,2845,0,0,2803,0,893,0,1020,45,1.003,1,2223,0,244.024,15.118,-107.125,-210.938,-59.813,-1.227,-0.180,-0.461,8.762,-12.320,-7.473,0.246,0.204,1.224,1.379,1,NULL,NULL,,3,0,2,7,255,1373,250,0,0
stim,174492,204613,0,204613,3401929.455,-0.561,-0.086,0.206,0.797,2913,0,0,2885,0,931,0,1115,45,1.003,1,2223,0,243.979,12.968,21.313,-208.063,-125.625,-0.215,-0.090,1.008,5.699,-11.648,-7.473,0.276,0.204,1.224,1.379,1,NULL,NULL,,3,0,2,7,255,1373,250,0,0
stim,174492,204613,0,204613,3401934.454,-0.566,-0.080,0.201,0.795,2953,0,0,2935,0,967,0,1191,45,1.003,1,2223,0,220.030,3.260,8.875,-186.250,-116.813,0.516,-0.160,1.895,2.105,2.488,-0.250,0.306,0.228,1.224,1.379,1,NULL,NULL,,3,0,2,7,255,1373,250,0,0
stim,174492,204613,0,204613,3401939.455,-0.569,-0.076,0.194,0.795,2987,0,0,2987,0,1013,0,1270,45,1.003,1,2223,0,183.572,12.359,-62.688,-164.750,-51.250,0.992,-0.398,1.926,1.582,12.258,3.453,0.334,0.258,1.224,1.379,1,NULL,NULL,,3,0,2,7,255,1373,250,0,0
stim,174530,204651,0,204651,3401944.453,-0.568,-0.074,0.187,0.798,3008,0,0,3027,0,1099,0,1311,45,1.003,1,2223,0,198.560,16.447,-125.813,-146.188,47.188,0.957,-0.930,1.492,1.582,16.371,3.453,0.362,0.286,1.224,1.379,1,NULL,NULL,,3,0,2,7,255,1373,250,0,0
stim,174530,204651,0,204651,3401949.455,-0.564,-0.072,0.179,0.803,3037,0,0,3061,0,1157,0,1336,45,1.003,1,2223,0,234.643,17.493,-137.938,-133.500,134.938,0.352,-1.117,0.965,6.164,16.371,-1.078,0.382,0.308,1.224,1.379,2,NULL,NULL,,3,0,2,7,255,1373,250,0,0
stim,174530,204651,0,204651,3401954.454,-0.559,-0.069,0.173,0.808,3048,0,0,3094,0,1257,0,1375,45,1.003,1,2223,0,228.997,13.246,-102.875,-130.500,157.563,-0.422,-0.785,0.641,8.910,9.801,-4.016,0.380,0.322,1.224,1.379,2,NULL,NULL,,3,0,2,7,255,1373,250,0,0
stim,174530,204651,0,204651,3401959.455,-0.555,-0.064,0.168,0.812,3059,0,0,3101,0,1385,0,1419,45,1.003,1,2223,0,188.010,8.967,-53.938,-136.500,117.500,-0.777,-0.336,0.684,8.910,1.004,-4.016,0.368,0.334,1.224,1.379,2,NULL,NULL,,3,0,2,7,255,1373,250,0,0
stim,174530,204651,0,204651,3401964.454,-0.554,-0.060,0.164,0.814,3069,0,0,3116,0,1484,0,1481,45,1.003,1,2223,0,154.868,6.671,-27.500,-140.313,59.500,-0.648,0.035,1.023,6.172,-2.531,-1.867,0.346,0.346,1.224,1.379,2,NULL,NULL,,3,0,2,7,255,1373,250,0,0
stim,174530,204651,0,204651,3401969.455,-0.554,-0.055,0.160,0.815,3080,0,0,3125,39,1605,0,1572,45,1.003,1,2223,0,141.205,3.588,-31.188,-135.688,23.563,-0.301,0.242,1.328,2.543,-2.531,1.484,0.334,0.358,1.224,1.379,2,NULL,NULL,,3,0,2,7,255,1373,250,0,0
stim,174530,204651,0,204651,3401974.454,-0.554,-0.052,0.155,0.816,3091,0,0,3133,122,1723,0,1640,45,1.003,1,2223,0,139.888,0.698,-56.938,-126.375,18.875,-0.035,0.266,1.355,-0.418,0.559,3.359,0.326,0.356,1.224,1.379,2,NULL,NULL,,3,0,2,7,255,1373,250,0,0
stim,174530,204651,0,204651,3401979.455,-0.553,-0.049,0.149,0.818,3091,0,0,3135,231,1823,0,1702,45,1.003,1,2223,0,144.928,2.993,-79.938,-117.250,29.438,0.004,0.211,1.207,-1.348,2.672,3.359,0.316,0.342,1.224,1.379,2,NULL,NULL,,3,0,2,7,255,1373,250,0,0
stim,174555,204676,0,204676,3401984.453,-0.553,-0.047,0.143,0.820,3095,0,0,3143,362,1909,7,1749,45,1.003,1,2223,0,141.848,2.993,-88.000,-108.125,26.188,-0.082,0.000,1.070,-1.348,2.672,1.793,0.298,0.310,1.224,1.379,2,NULL,NULL,,3,0,2,7,255,1373,250,0,0
stim,174555,204676,0,204676,3401989.455,-0.553,-0.046,0.137,0.821,3095,0,0,3159,431,1993,25,1781,45,1.003,1,2223,0,134.887,2.483,-87.563,-101.500,15.000,-0.109,-0.227,0.988,0.750,2.367,0.441,0.274,0.276,1.224,1.379,2,NULL,NULL,,3,0,2,7,255,1373,250,0,0
stim,174555,204676,0,204676,3401994.454,-0.553,-0.044,0.132,0.822,3103,0,0,3149,486,2071,84,1837,45,1.003,1,2223,0,124.157,3.688,-76.563,-97.438,7.688,-0.070,-0.250,0.891,2.828,2.367,-0.586,0.246,0.240,1.224,1.379,2,NULL,NULL,,3,0,2,7,255,1373,250,0,0
stim,174555,204676,0,204676,3401999.455,-0.553,-0.042,0.128,0.822,3102,0,0,3147,743,2159,149,1949,45,1.003,1,2223,0,112.824,3.688,-57.438,-96.625,9.688,-0.027,-0.102,0.891,2.828,2.367,-1.449,0.218,0.206,1.224,1.379,2,NULL,NULL,,3,0,2,7,255,1373,250,0,0
stim,174574,204695,0,204695,3402004.453,-0.552,-0.040,0.125,0.823,3107,0,0,3151,851,2207,198,2037,45,1.003,1,2223,0,94.181,2.774,-32.500,-87.188,14.563,0.047,0.031,1.297,1.316,2.441,-1.449,0.198,0.184,1.224,1.379,2,NULL,NULL,,3,0,2,7,255,1373,250,0,0
stim,174574,204695,0,204695,3402009.455,-0.553,-0.039,0.123,0.823,3111,0,0,3155,989,2261,197,2109,45,1.003,1,2223,0,54.527,3.262,-26.438,-46.188,-11.875,0.094,0.203,1.660,0.012,3.262,2.484,0.186,0.168,1.224,1.379,2,NULL,NULL,,3,0,2,7,255,1373,250,0,0
stim,174574,204695,0,204695,3402014.453,-0.554,-0.039,0.120,0.823,3111,0,0,3155,1100,2300,191,2167,45,1.003,1,2223,0,67.289,3.625,-50.625,-37.625,-23.438,0.309,0.793,1.133,-1.582,3.262,2.484,0.178,0.154,1.224,1.379,2,NULL,NULL,,3,0,2,7,255,1373,250,0,0
stim,174574,204695,0,204695,3402019.455,-0.554,-0.038,0.119,0.823,3112,0,0,3157,1184,2329,203,2216,45,1.003,1,2223,0,39.912,8.320,-15.750,-34.500,-12.438,0.266,0.840,1.180,-7.977,2.367,1.957,0.174,0.144,1.224,1.379,2,NULL,NULL,,3,0,2,7,255,1373,250,0,0
stim,174574,204695,0,204695,3402024.454,-0.555,-0.038,0.116,0.823,3111,0,0,3158,1242,2355,202,2269,45,1.003,1,2223,0,53.527,8.203,-48.188,-23.000,-3.750,-0.242,0.098,1.516,-7.977,1.914,1.957,0.172,0.136,1.224,1.379,2,NULL,NULL,,3,0,2,7,255,1373,250,0,0
stim,174574,204695,0,204695,3402029.455,-0.556,-0.040,0.112,0.823,3111,1,0,3160,1314,2376,219,2296,45,1.003,1,2223,0,112.146,0.892,-101.563,-18.938,-43.625,-0.418,0.105,1.129,0.488,0.746,1.957,0.172,0.130,1.224,1.379,2,NULL,NULL,,3,0,2,7,255,1373,250,0,0
stim,174627,204748,0,204748,3402034.454,-0.559,-0.042,0.109,0.821,3110,14,0,3160,1363,2389,223,2327,45,1.003,1,2223,0,116.938,0.550,-70.500,-13.938,-92.250,-0.105,0.246,0.754,0.488,-0.254,1.895,0.172,0.126,1.224,1.379,2,NULL,NULL,,3,0,2,7,255,1373,250,0,0
stim,174627,204748,0,204748,3402039.455,-0.562,-0.042,0.108,0.819,3109,29,0,3163,1420,2403,249,2347,45,1.003,1,2223,0,89.648,1.039,-27.125,-11.813,-84.625,0.230,0.035,0.961,-1.008,-0.254,-0.996,0.178,0.122,1.224,1.379,2,NULL,NULL,,3,0,2,7,255,1373,250,0,0
stim,174627,204748,0,204748,3402044.453,-0.564,-0.043,0.106,0.818,3109,54,0,3166,1493,2420,267,2375,45,1.003,1,2223,0,50.151,4.027,-35.813,-8.250,-34.125,0.211,-0.035,1.188,-1.008,3.898,-0.996,0.188,0.114,1.224,1.379,2,NULL,NULL,,3,0,2,7,255,1373,250,0,0
stim,174627,204748,0,204748,3402049.455,-0.564,-0.044,0.104,0.818,3111,59,0,3167,1545,2431,279,2396,45,1.003,1,2223,0,63.533,3.943,-62.813,-5.563,-7.750,-0.109,0.113,1.082,-0.594,3.898,0.875,0.200,0.102,1.224,1.379,2,NULL,NULL,,3,0,2,7,255,1373,250,0,0
stim,174627,204748,0,204748,3402054.454,-0.565,-0.046,0.101,0.818,3109,70,0,3177,1589,2446,283,2416,45,1.003,1,2223,0,69.868,0.995,-63.625,-3.750,-28.625,-0.281,0.172,0.910,-0.590,0.801,0.875,0.218,0.086,1.224,1.379,2,NULL,NULL,,3,0,2,7,255,1373,250,0,0
stim,174627,204748,0,204748,3402059.455,-0.566,-0.047,0.099,0.817,3109,78,0,3175,1625,2455,281,2431,45,1.003,1,2223,0,68.543,0.786,-41.563,-2.688,-54.438,-0.133,0.012,0.891,-0.590,0.520,-0.414,0.232,0.072,1.224,1.379,2,NULL,NULL,,3,0,2,7,255,1373,250,0,0
stim,174627,204748,0,204748,3402064.454,-0.568,-0.047,0.098,0.816,3111,105,0,3176,1651,2467,283,2451,45,1.003,1,2223,0,54.322,0.593,-27.188,-2.938,-46.938,0.000,-0.035,0.973,0.285,0.520,-0.512,0.242,0.062,1.224,1.379,2,NULL,NULL,,3,0,2,7,255,1373,250,0,0
stim,174627,204748,0,204748,3402069.455,-0.569,-0.048,0.097,0.815,3111,118,0,3179,1687,2477,284,2461,45,1.003,1,2223,0,39.774,1.313,-27.875,-2.625,-28.250,-0.059,0.047,1.023,0.285,1.281,-0.512,0.252,0.056,1.224,1.379,2,NULL,NULL,,3,0,2,7,255,1373,250,0,0
stim,174627,204748,0,204748,3402074.454,-0.570,-0.049,0.095,0.815,3109,135,0,3179,1717,2487,283,2471,45,1.003,1,2223,0,40.551,1.286,-33.438,-1.750,-22.875,-0.172,0.066,1.027,-0.113,1.281,0.137,0.260,0.050,1.224,1.379,2,NULL,NULL,,3,0,2,7,255,1373,250,0,0
stim,174627,204748,0,204748,3402079.455,-0.571,-0.050,0.094,0.814,3121,151,0,3186,1747,2501,285,2483,45,1.003,1,2223,0,45.598,0.229,-35.250,-1.688,-28.875,-0.195,0.004,0.977,-0.113,0.199,0.137,0.270,0.042,1.224,1.379,2,NULL,NULL,,3,0,2,7,255,1373,250,0,0
stim,174661,204782,0,204782,3402084.454,-0.572,-0.051,0.093,0.813,3110,171,0,3191,1773,2517,293,2489,45,1.003,1,2223,0,43.324,0.542,-29.250,-2.313,-31.875,-0.152,-0.051,0.930,0.504,0.199,-0.074,0.278,0.034,1.224,1.379,2,NULL,NULL,,3,0,2,7,255,1373,250,0,0
stim,174661,204782,0,204782,3402089.455,-0.573,-0.051,0.092,0.813,3107,189,36,3183,1784,2519,295,2501,45,1.003,1,2223,0,35.353,1.018,-20.750,-3.250,-28.438,-0.121,-0.094,0.938,0.844,0.570,-0.625,0.288,0.028,1.224,1.379,2,NULL,NULL,,3,0,2,7,255,1373,250,0,0
stim,174661,204782,0,204782,3402094.454,-0.574,-0.051,0.091,0.812,3113,189,57,3182,1813,2519,300,2515,45,1.003,1,2223,0,27.930,1.453,-15.625,-3.563,-22.875,-0.121,-0.117,0.961,1.094,0.957,-0.625,0.294,0.026,1.224,1.379,2,NULL,NULL,,3,0,2,7,255,1373,250,0,0
stim,174661,204782,0,204782,3402099.455,-0.574,-0.052,0.090,0.812,3110,199,95,3191,1823,2529,291,2517,45,1.003,1,2223,0,22.521,1.683,-13.750,-3.750,-17.438,-0.121,-0.148,0.957,1.293,1.078,-0.465,0.298,0.024,1.224,1.379,2,NULL,NULL,,3,0,2,7,255,1373,250,0,0
stim,174661,204782,0,204782,3402104.453,-0.575,-0.052,0.089,0.812,3103,201,99,3180,1849,2531,255,2514,45,1.003,1,2223,0,16.076,1.910,-10.813,-4.375,-11.063,-0.129,-0.168,0.922,1.574,1.082,-0.465,0.304,0.022,1.224,1.379,2,NULL,NULL,,3,0,2,7,255,1373,250,0,0
stim,174661,204782,0,204782,3402109.455,-0.575,-0.052,0.088,0.812,3117,199,123,3183,1863,2527,267,2525,45,1.003,1,2223,0,9.116,2.081,-5.125,-5.750,-4.875,-0.160,-0.172,0.906,1.777,1.082,-0.809,0.312,0.022,1.224,1.379,2,NULL,NULL,,3,0,2,7,255,1373,250,0,0
stim,174678,204799,0,204799,3402114.454,-0.575,-0.052,0.088,0.812,3101,188,149,3181,1878,2523,229,2533,45,1.044,1,2223,1,7.969,1.938,1.750,-7.063,-3.250,-0.188,-0.125,0.918,1.777,0.773,-0.809,0.000,0.000,1.199,1.367,2,NULL,NULL,,3,0,2,7,255,1373,250,0,0
stim,174678,204799,0,204799,3402119.455,-0.575,-0.052,0.088,0.811,3097,203,152,3175,1891,2526,229,2526,45,1.044,1,2223,1,12.484,1.596,7.438,-8.125,-5.875,-0.184,-0.051,0.957,1.551,0.379,-0.691,0.006,0.006,1.199,1.367,2,NULL,NULL,,3,0,2,7,255,1373,250,0,0
stim,174678,204799,0,204799,3402124.454,-0.576,-0.051,0.088,0.811,3096,189,172,3172,1893,2531,232,2540,45,1.044,1,2223,1,14.224,0.950,9.250,-8.438,-6.750,-0.145,-0.012,0.992,0.871,0.379,-0.297,0.010,0.010,1.199,1.367,2,NULL,NULL,,3,0,2,7,255,1373,250,0,0
stim,174678,204799,0,204799,3402129.455,-0.576,-0.051,0.088,0.811,3097,187,197,3171,1901,2532,227,2543,45,1.044,1,2223,1,11.360,0.652,6.938,-8.313,-3.438,-0.133,0.008,1.004,0.383,0.527,-0.004,0.014,0.016,1.199,1.367,2,NULL,NULL,,3,0,2,7,255,1373,250,0,0
stim,174725,204846,0,204846,3402134.453,-0.576,-0.050,0.088,0.811,3096,183,209,3169,1907,2538,215,2551,45,1.044,1,2223,1,9.192,0.558,4.875,-7.750,-0.813,-0.148,0.016,1.000,0.184,0.527,0.074,0.018,0.020,1.199,1.367,2,NULL,NULL,,3,0,2,7,255,1373,250,0,0
stim,174725,204846,0,204846,3402139.455,-0.576,-0.050,0.088,0.811,3095,181,220,3164,1935,2535,230,2551,45,1.044,1,2223,1,10.414,0.449,5.813,-8.375,-2.125,-0.176,0.031,0.980,0.152,0.422,0.074,0.020,0.022,1.199,1.367,2,NULL,NULL,,3,0,2,7,255,1373,250,0,0
stim,174725,204846,0,204846,3402144.453,-0.576,-0.049,0.088,0.811,3080,173,243,3155,1941,2537,221,2556,45,1.044,1,2223,1,13.663,0.146,9.250,-8.250,-5.750,-0.164,0.063,0.984,0.105,0.102,-0.016,0.022,0.024,1.199,1.367,2,NULL,NULL,,3,0,2,7,255,1373,250,0,0
stim,174725,204846,0,204846,3402149.455,-0.577,-0.049,0.088,0.811,3089,173,267,3144,1948,2541,221,2569,45,1.044,1,2223,1,14.602,0.248,10.063,-8.250,-6.625,-0.148,0.082,1.020,-0.227,0.102,-0.016,0.024,0.026,1.199,1.367,2,NULL,NULL,,3,0,2,7,255,1373,250,0,0
stim,174725,204846,0,204846,3402154.454,-0.577,-0.048,0.088,0.811,3069,173,275,3143,1964,2539,207,2559,45,1.044,1,2223,1,12.369,0.461,7.313,-8.063,-5.875,-0.152,0.105,1.031,-0.441,0.133,0.313,0.022,0.026,1.199,1.367,2,NULL,NULL,,3,0,2,7,255,1373,250,0,0
stim,174725,204846,0,204846,3402159.455,-0.577,-0.048,0.088,0.811,3069,167,285,3133,1979,2535,201,2570,45,1.044,1,2223,1,11.213,0.639,4.938,-7.688,-6.500,-0.160,0.125,1.027,-0.625,0.133,0.422,0.022,0.026,1.199,1.367,2,NULL,NULL,,3,0,2,7,255,1373,250,0,0
stim,174746,204867,0,204867,3402164.453,-0.577,-0.047,0.088,0.810,3054,163,301,3119,1999,2537,205,2577,45,1.044,1,2223,1,12.005,0.684,3.875,-8.250,-7.813,-0.168,0.117,1.016,-0.684,0.000,0.422,0.022,0.024,1.199,1.367,2,NULL,NULL,,3,0,2,7,255,1373,250,0,0
stim,174746,204867,0,204867,3402169.455,-0.578,-0.047,0.088,0.810,3051,165,344,3123,2011,2547,214,2585,45,1.044,1,2223,1,13.542,0.786,4.500,-8.938,-9.125,-0.168,0.129,1.012,-0.781,-0.086,0.320,0.020,0.022,1.199,1.367,2,NULL,NULL,,3,0,2,7,255,1373,250,0,0
stim,174746,204867,0,204867,3402174.454,-0.578,-0.046,0.088,0.810,3035,166,383,3099,2029,2531,213,2591,45,1.044,1,2223,1,14.735,0.805,4.813,-9.563,-10.125,-0.168,0.168,1.027,-0.793,-0.137,0.320,0.018,0.020,1.199,1.367,2,NULL,NULL,,3,0,2,7,255,1373,250,0,0
stim,174746,204867,0,204867,3402179.455,-0.578,-0.046,0.088,0.810,3034,170,457,3095,2053,2537,225,2605,45,1.044,1,2223,1,15.245,1.174,3.188,-10.063,-11.000,-0.160,0.207,1.051,-1.152,-0.227,0.477,0.018,0.018,1.199,1.367,2,NULL,NULL,,3,0,2,7,255,1373,250,0,0
stim,174746,204867,0,204867,3402184.454,-0.579,-0.045,0.088,0.809,3015,169,493,3077,2069,2546,242,2605,45,1.044,1,2223,1,14.900,1.552,-0.313,-10.313,-10.750,-0.145,0.215,1.059,-1.535,-0.227,0.691,0.016,0.014,1.199,1.367,2,NULL,NULL,,3,0,2,7,255,1373,250,0,0
stim,174746,204867,0,204867,3402189.455,-0.579,-0.045,0.087,0.809,2997,184,541,3069,2103,2540,253,2629,45,1.044,1,2223,1,14.847,1.541,-4.625,-10.813,-9.063,-0.141,0.199,1.043,-1.535,-0.129,0.691,0.016,0.010,1.199,1.367,2,NULL,NULL,,3,0,2,7,255,1373,250,0,0
stim,174746,204867,0,204867,3402194.454,-0.579,-0.045,0.087,0.809,2980,181,615,3047,2146,2539,255,2629,45,1.044,1,2223,1,14.811,1.513,-6.313,-11.500,-6.875,-0.156,0.184,1.016,-1.508,-0.129,0.602,0.018,0.006,1.199,1.367,2,NULL,NULL,,3,0,2,7,255,1373,250,0,0
stim,174746,204867,0,204867,3402199.455,-0.580,-0.044,0.087,0.809,2971,185,671,3039,2201,2539,288,2647,45,1.044,1,2223,1,15.336,1.305,-6.188,-11.938,-7.375,-0.172,0.164,1.004,-1.285,-0.227,0.348,0.022,0.004,1.199,1.367,2,NULL,NULL,,3,0,2,7,255,1373,250,0,0
stim,174772,204893,0,204893,3402204.453,-0.580,-0.044,0.086,0.809,2950,197,715,3028,2229,2543,313,2654,45,1.044,1,2223,1,16.856,1.132,-5.813,-12.000,-10.313,-0.176,0.145,1.012,-1.090,-0.305,0.313,0.026,0.006,1.199,1.367,2,NULL,NULL,,3,0,2,7,255,1373,250,0,0
stim,174772,204893,0,204893,3402209.455,-0.581,-0.044,0.086,0.808,2927,216,787,3016,2271,2543,348,2663,45,1.044,1,2223,1,19.623,0.941,-6.688,-11.563,-14.375,-0.164,0.125,1.008,-0.891,-0.305,0.254,0.028,0.010,1.199,1.367,2,NULL,NULL,,3,0,2,7,255,1373,250,0,0
stim,174772,204893,0,204893,3402214.454,-0.581,-0.043,0.085,0.808,2917,233,855,3005,2301,2547,359,2680,45,1.044,1,2223,1,21.684,0.746,-7.625,-11.375,-16.813,-0.148,0.102,0.984,-0.730,-0.152,0.238,0.032,0.012,1.199,1.367,2,NULL,NULL,,3,0,2,7,255,1373,250,0,0
stim,174772,204893,0,204893,3402219.455,-0.582,-0.043,0.084,0.808,2903,245,951,2995,2332,2547,397,2680,45,1.044,1,2223,1,22.009,0.555,-6.813,-11.188,-17.688,-0.160,0.059,0.988,-0.555,-0.004,0.008,0.032,0.012,1.199,1.367,2,NULL,NULL,,3,0,2,7,255,1373,250,0,0
stim,174791,204912,0,204912,3402224.454,-0.583,-0.043,0.084,0.807,2872,248,1055,2973,2385,2551,441,2692,45,1.044,1,2223,1,24.472,0.152,-7.313,-11.188,-20.500,-0.180,0.035,0.988,-0.152,-0.004,0.008,0.034,0.014,1.199,1.367,2,NULL,NULL,,3,0,2,7,255,1373,250,0,0
stim,174791,204912,0,204912,3402229.455,-0.584,-0.043,0.083,0.807,2844,253,1136,2967,2415,2550,501,2709,45,1.044,1,2223,1,28.793,0.165,-8.250,-11.250,-25.188,-0.180,0.020,0.977,0.141,-0.086,0.008,0.034,0.014,1.199,1.367,2,NULL,NULL,,3,0,2,7,255,1373,250,0,0
stim,174791,204912,0,204912,3402234.453,-0.585,-0.043,0.082,0.806,2823,251,1226,2951,2430,2555,543,2710,45,1.044,1,2223,1,31.772,0.298,-8.563,-11.750,-28.250,-0.184,0.000,0.969,0.285,-0.086,-0.102,0.034,0.012,1.199,1.367,2,NULL,NULL,,3,0,2,7,255,1373,250,0,0
stim,174791,204912,0,204912,3402239.455,-0.586,-0.043,0.082,0.805,2797,264,1289,2923,2475,2555,604,2719,45,1.044,1,2223,1,35.298,0.451,-9.750,-12.438,-31.563,-0.180,-0.008,0.977,0.445,-0.070,-0.102,0.032,0.012,1.199,1.367,2,NULL,NULL,,3,0,2,7,255,1373,250,0,0
stim,174828,204949,0,204949,3402244.454,-0.587,-0.043,0.081,0.804,2785,260,1367,2915,2499,2553,721,2739,45,1.044,1,2223,1,38.875,0.497,-12.438,-13.063,-34.438,-0.168,-0.020,0.969,0.496,-0.035,-0.156,0.030,0.012,1.199,1.367,2,NULL,NULL,,3,0,2,7,255,1373,250,0,0
stim,174828,204949,0,204949,3402249.455,-0.588,-0.043,0.080,0.804,2748,264,1485,2893,2521,2572,825,2743,45,1.044,1,2223,1,38.493,0.555,-13.875,-14.438,-32.875,-0.148,-0.035,0.949,0.547,0.094,-0.219,0.028,0.014,1.199,1.367,2,NULL,NULL,,3,0,2,7,255,1373,250,0,0
stim,174828,204949,0,204949,3402254.454,-0.589,-0.043,0.079,0.803,2723,266,1592,2868,2547,2571,920,2763,45,1.044,1,2223,1,36.760,0.641,-12.938,-15.563,-30.688,-0.152,-0.031,0.949,0.609,0.199,-0.410,0.026,0.016,1.199,1.367,2,NULL,NULL,,3,0,2,7,255,1373,250,0,0
stim,174828,204949,0,204949,3402259.455,-0.590,-0.043,0.078,0.802,2687,275,1684,2861,2577,2571,1017,2779,45,1.044,1,2223,1,35.851,0.641,-11.250,-16.875,-29.563,-0.160,0.008,0.961,0.609,0.199,-0.410,0.026,0.018,1.199,1.367,2,NULL,NULL,,3,0,2,7,255,1373,250,0,0
stim,174828,204949,0,204949,3402264.454,-0.591,-0.042,0.077,0.802,2652,282,1765,2829,2599,2571,1125,2778,45,1.044,1,2223,1,37.340,0.262,-9.875,-17.563,-31.438,-0.156,0.051,0.984,0.262,0.000,-0.277,0.026,0.020,1.199,1.367,2,NULL,NULL,,3,0,2,7,255,1373,250,0,0
stim,174828,204949,0,204949,3402269.455,-0.593,-0.042,0.076,0.801,2620,293,1844,2811,2629,2577,1222,2791,45,1.044,1,2223,1,39.015,0.176,-10.000,-17.438,-33.438,-0.109,0.070,1.000,-0.176,0.000,-0.047,0.026,0.020,1.199,1.367,2,NULL,NULL,,3,0,2,7,255,1373,250,0,0
stim,174828,204949,0,204949,3402274.454,-0.594,-0.042,0.075,0.800,2583,315,1900,2793,2649,2577,1307,2804,45,1.044,1,2223,1,37.883,0.564,-11.500,-16.938,-31.875,-0.070,0.055,1.008,-0.453,0.336,0.066,0.028,0.020,1.199,1.367,2,NULL,NULL,,3,0,2,7,255,1373,250,0,0
stim,174828,204949,0,204949,3402279.455,-0.595,-0.041,0.074,0.800,2537,339,1959,2779,2671,2577,1413,2809,45,1.044,1,2223,1,33.881,0.853,-14.313,-15.625,-26.438,-0.063,0.016,1.004,-0.453,0.723,0.066,0.030,0.020,1.199,1.367,2,NULL,NULL,,3,0,2,7,255,1373,250,0,0
stim,174851,204972,0,204972,3402284.453,-0.595,-0.041,0.073,0.799,2507,329,2041,2752,2685,2580,1485,2809,45,1.044,1,2223,1,30.655,0.739,-15.313,-14.875,-22.000,-0.105,0.000,0.988,-0.152,0.723,0.004,0.030,0.020,1.199,1.367,2,NULL,NULL,,3,0,2,7,255,1373,250,0,0
stim,174851,204972,0,204972,3402289.455,-0.596,-0.041,0.072,0.799,2461,339,2103,2743,2709,2589,1561,2827,45,1.044,1,2223,1,32.139,0.501,-14.563,-14.750,-24.563,-0.137,0.016,0.980,0.066,0.496,-0.086,0.032,0.020,1.199,1.367,2,NULL,NULL,,3,0,2,7,255,1373,250,0,0
stim,174851,204972,0,204972,3402294.454,-0.597,-0.041,0.071,0.798,2431,340,2187,2717,2724,2587,1630,2836,45,1.044,1,2223,1,34.700,0.255,-12.063,-14.750,-29.000,-0.117,0.031,0.984,0.066,0.246,-0.105,0.034,0.020,1.199,1.367,2,NULL,NULL,,3,0,2,7,255,1373,250,0,0
stim,174851,204972,0,204972,3402299.455,-0.598,-0.041,0.070,0.797,2387,377,2235,2696,2733,2597,1711,2843,45,1.044,1,2223,1,34.035,0.287,-11.188,-14.375,-28.750,-0.094,0.031,0.996,-0.148,0.246,-0.105,0.036,0.020,1.199,1.367,2,NULL,NULL,,3,0,2,7,255,1373,250,0,0
stim,174874,204995,0,204995,3402304.454,-0.599,-0.041,0.069,0.797,2334,393,2295,2670,2745,2595,1787,2860,45,1.044,1,2223,1,30.904,0.500,-11.938,-14.250,-24.688,-0.098,0.023,1.016,-0.152,0.477,-0.008,0.036,0.020,1.199,1.367,2,NULL,NULL,,3,0,2,7,255,1373,250,0,0
stim,174874,204995,0,204995,3402309.455,-0.600,-0.041,0.068,0.796,2279,397,2335,2639,2761,2583,1829,2859,45,1.044,1,2223,1,31.176,0.500,-15.500,-14.438,-22.875,-0.141,0.023,1.035,-0.152,0.477,0.168,0.038,0.020,1.199,1.367,2,NULL,NULL,,3,0,2,7,255,1373,250,0,0
stim,174874,204995,0,204995,3402314.453,-0.601,-0.041,0.067,0.795,2213,405,2388,2613,2778,2585,1887,2867,45,1.044,1,2223,1,37.355,0.168,-21.500,-14.750,-26.750,-0.160,0.035,1.047,-0.152,0.070,0.426,0.040,0.020,1.199,1.367,2,NULL,NULL,,3,0,2,7,255,1373,250,0,0
stim,174874,204995,0,204995,3402319.455,-0.602,-0.041,0.065,0.795,2164,419,2431,2595,2791,2589,1963,2888,45,1.044,1,2223,1,46.486,0.097,-28.125,-14.625,-34.000,-0.156,0.016,1.043,-0.066,-0.070,0.512,0.040,0.022,1.199,1.367,2,NULL,NULL,,3,0,2,7,255,1373,250,0,0
stim,174874,204995,0,204995,3402324.454,-0.603,-0.042,0.064,0.794,2115,425,2479,2548,2805,2590,2012,2879,45,1.044,1,2223,1,52.546,0.072,-34.000,-14.750,-37.250,-0.121,-0.004,1.020,0.016,-0.070,0.512,0.040,0.022,1.199,1.367,2,NULL,NULL,,3,0,2,7,255,1373,250,0,0
stim,174874,204995,0,204995,3402329.455,-0.604,-0.042,0.062,0.793,2043,441,2501,2509,2822,2583,2056,2885,45,1.044,1,2223,1,50.070,0.279,-32.875,-14.188,-35.000,-0.074,-0.016,0.957,0.031,0.277,0.234,0.040,0.024,1.199,1.367,2,NULL,NULL,,3,0,2,7,255,1373,250,0,0
stim,174927,205048,0,205048,3402334.453,-0.605,-0.042,0.061,0.792,1980,435,2528,2469,2835,2595,2107,2890,45,1.044,1,2223,1,39.309,0.583,-23.625,-14.250,-28.000,-0.074,-0.027,0.926,0.074,0.578,-0.438,0.040,0.026,1.199,1.367,2,NULL,NULL,,3,0,2,7,255,1373,250,0,0
stim,174927,205048,0,205048,3402339.455,-0.606,-0.042,0.060,0.792,1915,427,2554,2431,2843,2588,2161,2901,45,1.044,1,2223,1,30.980,0.597,-16.375,-14.875,-21.688,-0.090,-0.055,0.969,0.148,0.578,-0.438,0.040,0.028,1.199,1.367,2,NULL,NULL,,3,0,2,7,255,1373,250,0,0
stim,174927,205048,0,205048,3402344.453,-0.607,-0.042,0.059,0.792,1835,423,2581,2377,2854,2580,2166,2899,45,1.044,1,2223,1,29.865,0.706,-15.813,-14.625,-20.688,-0.125,-0.059,1.020,0.441,0.551,-0.293,0.040,0.028,1.199,1.367,2,NULL,NULL,,3,0,2,7,255,1373,250,0,0
stim,174927,205048,0,205048,3402349.455,-0.608,-0.042,0.057,0.791,1756,423,2607,2331,2854,2583,2239,2904,45,1.044,1,2223,1,33.350,0.523,-18.750,-14.438,-23.500,-0.125,-0.023,1.016,0.441,0.281,0.215,0.040,0.028,1.199,1.367,2,NULL,NULL,,3,0,2,7,255,1373,250,0,0
stim,174927,205048,0,205048,3402354.454,-0.609,-0.042,0.056,0.790,1671,415,2633,2277,2863,2574,2287,2907,45,1.044,1,2223,1,33.766,0.334,-18.875,-14.313,-24.063,-0.098,0.020,1.000,0.180,0.281,0.215,0.042,0.030,1.199,1.367,2,NULL,NULL,,3,0,2,7,255,1373,250,0,0
stim,174927,205048,0,205048,3402359.455,-0.609,-0.042,0.055,0.790,1581,405,2649,2227,2875,2579,2323,2921,45,1.044,1,2223,1,32.216,0.417,-18.875,-14.250,-21.875,-0.094,0.023,1.020,-0.297,0.293,0.203,0.042,0.032,1.199,1.367,2,NULL,NULL,,3,0,2,7,255,1373,250,0,0
stim,174927,205048,0,205048,3402364.453,-0.610,-0.042,0.054,0.789,1459,380,2670,2163,2887,2577,2357,2916,45,1.044,1,2223,1,34.669,0.417,-22.625,-14.063,-22.188,-0.113,0.008,1.055,-0.297,0.293,0.203,0.042,0.032,1.199,1.367,2,NULL,NULL,,3,0,2,7,255,1373,250,0,0
stim,174927,205048,0,205048,3402369.455,-0.611,-0.042,0.053,0.789,1325,356,2693,2099,2891,2568,2389,2927,45,1.044,1,2223,1,40.377,0.274,-28.063,-13.875,-25.500,-0.121,0.004,1.031,-0.203,0.184,0.355,0.042,0.032,1.199,1.367,2,NULL,NULL,,3,0,2,7,255,1373,250,0,0
stim,174927,205048,0,205048,3402374.454,-0.612,-0.043,0.051,0.788,1233,336,2703,2013,2892,2569,2413,2921,45,1.044,1,2223,1,40.920,0.274,-27.563,-13.250,-27.188,-0.090,0.016,0.988,-0.203,0.184,0.355,0.044,0.034,1.199,1.367,2,NULL,NULL,,3,0,2,7,255,1373,250,0,0
stim,174927,205048,0,205048,3402379.455,-0.613,-0.043,0.050,0.788,1141,329,2728,1933,2901,2551,2451,2927,45,1.044,1,2223,1,36.699,0.453,-23.313,-13.813,-24.750,-0.078,0.031,0.984,-0.367,0.266,-0.098,0.044,0.034,1.199,1.367,2,NULL,NULL,,3,0,2,7,255,1373,250,0,0
stim,174958,205079,0,205079,3402384.454,-0.613,-0.043,0.049,0.787,1047,304,2747,1843,2911,2555,2469,2933,45,1.044,1,2223,1,30.246,0.657,-18.375,-14.375,-19.250,-0.027,0.047,1.008,-0.566,0.332,-0.098,0.046,0.034,1.199,1.367,2,NULL,NULL,,3,0,2,7,255,1373,250,0,0
stim,174958,205079,0,205079,3402389.455,-0.614,-0.043,0.048,0.787,951,279,2761,1755,2919,2547,2487,2931,45,1.044,1,2223,1,27.107,0.657,-19.000,-12.500,-14.750,-0.133,0.020,1.035,-0.566,0.332,0.027,0.046,0.034,1.199,1.367,2,NULL,NULL,,3,0,2,7,255,1373,250,0,0
stim,174958,205079,0,205079,3402394.454,-0.614,-0.043,0.047,0.786,837,277,2777,1658,2927,2539,2523,2941,45,1.044,1,2223,1,32.187,0.345,-21.375,-14.188,-19.438,-0.117,0.004,1.043,-0.344,0.031,0.414,0.046,0.036,1.199,1.367,2,NULL,NULL,,3,0,2,7,255,1373,250,0,0
stim,174958,205079,0,205079,3402399.455,-0.615,-0.043,0.045,0.786,721,261,2793,1553,2925,2533,2540,2941,45,1.044,1,2223,1,35.264,0.267,-24.000,-13.750,-21.875,-0.109,-0.008,1.027,-0.266,0.031,0.414,0.048,0.038,1.199,1.367,2,NULL,NULL,,3,0,2,7,255,1373,250,0,0
stim,174958,205079,0,205079,3402404.454,-0.616,-0.043,0.044,0.786,599,229,2811,1460,2935,2525,2531,2939,45,1.044,1,2223,1,34.570,0.271,-23.438,-14.125,-21.125,-0.105,0.016,1.004,-0.266,0.055,0.313,0.048,0.038,1.199,1.367,2,NULL,NULL,,3,0,2,7,255,1373,250,0,0
stim,174958,205079,0,205079,3402409.455,-0.616,-0.043,0.043,0.785,496,217,2827,1350,2941,2511,2585,2949,45,1.044,1,2223,1,34.093,0.298,-21.813,-15.500,-21.125,-0.125,0.004,1.023,-0.293,0.055,0.289,0.048,0.040,1.199,1.367,2,NULL,NULL,,3,0,2,7,255,1373,250,0,0
stim,174978,205099,0,205099,3402414.454,-0.617,-0.043,0.042,0.785,384,185,2851,1204,2944,2509,2603,2940,45,1.044,1,2223,1,36.179,0.346,-23.063,-15.750,-23.000,-0.129,0.008,1.027,-0.332,-0.098,0.289,0.048,0.042,1.199,1.367,2,NULL,NULL,,3,0,2,7,255,1373,250,0,0
stim,174978,205099,0,205099,3402419.455,-0.618,-0.043,0.040,0.784,299,171,2847,1093,2967,2493,2615,2944,45,1.044,1,2223,1,40.306,0.328,-24.188,-15.875,-28.063,-0.141,0.004,1.023,-0.293,-0.148,0.320,0.046,0.042,1.199,1.367,2,NULL,NULL,,3,0,2,7,255,1373,250,0,0
stim,174978,205099,0,205099,3402424.454,-0.619,-0.043,0.039,0.783,217,158,2867,923,2971,2478,2636,2954,45,1.044,1,2223,1,39.992,0.364,-22.000,-17.813,-28.250,-0.117,0.008,1.016,-0.332,-0.148,0.320,0.046,0.044,1.199,1.367,2,NULL,NULL,,3,0,2,7,255,1373,250,0,0
stim,174978,205099,0,205099,3402429.455,-0.620,-0.043,0.038,0.783,131,112,2873,823,2969,2463,2662,2954,45,1.044,1,2223,1,39.369,0.296,-21.688,-18.813,-26.938,-0.094,-0.012,1.012,-0.281,-0.094,0.215,0.044,0.048,1.199,1.367,2,NULL,NULL,,3,0,2,7,255,1373,250,0,0
stim,175025,205146,0,205146,3402434.454,-0.621,-0.043,0.036,0.782,90,73,2877,645,2974,2452,2638,2957,45,1.044,1,2223,1,38.631,0.316,-20.000,-20.000,-26.313,-0.090,-0.027,1.016,-0.277,0.152,0.164,0.042,0.052,1.199,1.367,2,NULL,NULL,,3,0,2,7,255,1373,250,0,0
stim,175025,205146,0,205146,3402439.455,-0.622,-0.043,0.035,0.781,45,47,2895,509,2989,2443,2682,2968,45,1.044,1,2223,1,36.979,0.294,-17.000,-21.938,-24.438,-0.086,-0.023,1.016,-0.227,0.188,0.156,0.038,0.056,1.199,1.367,2,NULL,NULL,,3,0,2,7,255,1373,250,0,0
stim,175025,205146,0,205146,3402444.453,-0.622,-0.042,0.034,0.781,28,37,2908,355,2986,2423,2701,2965,45,1.044,1,2223,1,34.901,0.294,-12.188,-23.063,-23.188,-0.105,-0.008,0.992,-0.227,0.188,0.156,0.036,0.060,1.199,1.367,2,NULL,NULL,,3,0,2,7,255,1373,250,0,0
stim,175025,205146,0,205146,3402449.455,-0.623,-0.042,0.033,0.780,9,31,2906,248,2987,2391,2717,2975,45,1.044,1,2223,1,38.701,0.338,-7.625,-24.688,-28.813,-0.109,0.020,0.996,-0.328,-0.082,0.016,0.032,0.066,1.199,1.367,2,NULL,NULL,,3,0,2,7,255,1373,250,0,0
stim,175025,205146,0,205146,3402454.454,-0.624,-0.041,0.032,0.779,0,25,2911,171,3006,2357,2729,2973,45,1.044,1,2223,1,42.650,0.588,-4.313,-26.750,-32.938,-0.098,0.020,1.023,-0.582,-0.086,0.016,0.028,0.070,1.199,1.367,2,NULL,NULL,,3,0,2,7,255,1373,250,0,0
stim,175025,205146,0,205146,3402459.457,-0.625,-0.040,0.032,0.779,0,20,2915,137,3003,2341,2740,2981,45,1.044,1,2223,1,39.705,0.615,8.188,-31.313,-23.000,-0.160,-0.047,1.086,-0.582,-0.199,0.238,0.026,0.074,1.199,1.367,2,NULL,NULL,,3,0,2,7,255,1373,250,0,0
stim,175051,205172,0,205172,3402464.454,-0.626,-0.038,0.031,0.778,0,0,2939,125,3015,2315,2763,2971,45,1.044,1,2223,1,42.893,0.504,15.500,-36.375,-16.625,-0.234,-0.109,1.191,0.141,-0.484,0.938,0.026,0.078,1.199,1.367,2,NULL,NULL,,3,0,2,7,255,1373,250,0,0
stim,175051,205172,0,205172,3402469.455,-0.627,-0.036,0.031,0.778,0,0,2949,108,3025,2292,2775,2969,45,1.044,1,2223,0,49.127,1.303,20.313,-41.375,-17.000,-0.301,-0.168,1.363,0.836,-1.000,2.059,0.024,0.080,1.199,1.367,3,NULL,NULL,,3,0,2,7,255,1373,250,0,0
stim,175051,205173,0,205173,3402474.454,-0.627,-0.034,0.030,0.778,0,0,2938,83,3030,2268,2788,2973,45,1.044,1,2223,0,49.503,1.303,9.250,-48.125,-7.000,-0.203,-0.043,1.422,0.836,-1.000,3.797,0.022,0.086,1.199,1.367,3,NULL,NULL,,3,0,2,7,255,1373,250,0,0
stim,175051,205173,0,205173,3402479.455,-0.627,-0.034,0.027,0.778,0,0,2949,73,3029,2258,2808,2975,45,1.044,1,2223,0,61.276,0.764,-38.625,-45.688,-13.250,-0.070,-0.020,1.168,0.094,-0.758,3.797,0.018,0.092,1.199,1.367,3,NULL,NULL,,3,0,2,7,255,1373,250,0,0
stim,175051,205173,0,205173,3402484.453,-0.627,-0.033,0.024,0.778,0,0,2957,41,3033,2227,2814,2983,45,1.044,1,2223,0,61.806,0.217,-38.438,-48.375,-1.563,-0.059,-0.070,0.930,0.094,0.195,1.664,0.014,0.098,1.199,1.367,3,NULL,NULL,,3,0,2,7,255,1373,250,0,0
stim,175051,205173,0,205173,3402489.455,-0.627,-0.032,0.023,0.778,0,0,2953,0,3034,2171,2835,2983,45,1.044,1,2223,0,56.027,0.305,-8.938,-53.375,14.500,-0.141,-0.051,0.926,0.234,0.195,-0.637,0.012,0.104,1.199,1.367,3,NULL,NULL,,3,0,2,7,255,1373,250,0,0
stim,175051,205173,0,205173,3402494.454,-0.626,-0.030,0.022,0.779,0,0,2953,0,3036,2129,2829,2975,45,1.044,1,2223,0,57.587,0.706,7.875,-56.438,8.313,-0.234,-0.074,1.004,0.238,-0.664,-0.637,0.010,0.110,1.199,1.367,3,NULL,NULL,,3,0,2,7,255,1373,250,0,0
stim,175051,205173,0,205173,3402499.455,-0.627,-0.028,0.020,0.779,0,0,2956,0,3049,2079,2859,2981,45,1.044,1,2223,0,60.817,1.261,10.688,-59.438,-7.188,-0.203,-0.125,1.086,0.621,-1.098,0.184,0.010,0.114,1.199,1.367,3,NULL,NULL,,3,0,2,7,255,1373,250,0,0
stim,175069,205190,0,205190,3402504.453,-0.627,-0.026,0.019,0.778,0,0,2956,0,3054,2021,2866,2971,45,1.044,1,2223,0,62.766,1.498,4.875,-61.813,-9.750,-0.125,-0.152,1.129,1.020,-1.098,0.961,0.014,0.118,1.199,1.367,3,NULL,NULL,,3,0,2,7,255,1373,250,0,0
stim,175069,205190,0,205190,3402509.455,-0.627,-0.024,0.017,0.778,0,0,2949,0,3053,1959,2871,2975,45,1.044,1,2223,0,63.170,1.073,0.188,-63.000,-4.625,-0.090,-0.133,1.074,1.020,-0.336,0.961,0.018,0.124,1.199,1.367,3,NULL,NULL,,3,0,2,7,255,1373,250,0,0
stim,175069,205190,0,205190,3402514.454,-0.627,-0.021,0.015,0.778,0,0,2957,0,3063,1891,2879,2979,45,1.044,1,2223,0,65.065,0.885,0.250,-65.063,-0.500,-0.074,-0.102,1.031,0.879,-0.105,0.793,0.020,0.128,1.199,1.367,3,NULL,NULL,,3,0,2,7,255,1373,250,0,0
stim,175069,205190,0,205190,3402519.455,-0.627,-0.019,0.013,0.779,0,0,2943,0,3063,1815,2897,2974,45,1.044,1,2223,0,67.382,0.584,4.250,-67.125,4.063,-0.094,-0.063,1.055,0.574,-0.105,0.563,0.024,0.132,1.199,1.367,3,NULL,NULL,,3,0,2,7,255,1373,250,0,0
stim,175091,205212,0,205212,3402524.454,-0.627,-0.017,0.012,0.779,0,0,2937,0,3076,1739,2871,2971,45,1.044,1,2223,0,69.349,0.482,8.563,-68.688,4.250,-0.102,-0.047,1.047,0.246,-0.414,0.492,0.028,0.136,1.199,1.367,3,NULL,NULL,,3,0,2,7,255,1373,250,0,0
stim,175091,205212,0,205212,3402529.455,-0.627,-0.014,0.010,0.779,0,0,2950,0,3077,1668,2904,2972,45,1.044,1,2223,0,71.732,0.578,13.438,-70.375,3.500,-0.094,-0.063,1.047,0.246,-0.523,0.492,0.034,0.140,1.199,1.367,3,NULL,NULL,,3,0,2,7,255,1373,250,0,0
stim,175091,205212,0,205212,3402534.453,-0.626,-0.011,0.009,0.779,0,0,2938,0,3063,1577,2917,2969,45,1.044,1,2223,0,74.552,0.590,14.188,-73.125,3.063,-0.090,-0.047,1.109,0.152,-0.570,0.492,0.038,0.144,1.199,1.367,3,NULL,NULL,,3,0,2,7,255,1373,250,0,0
stim,175091,205212,0,205212,3402539.455,-0.626,-0.008,0.007,0.779,0,0,2922,0,3065,1460,2909,2965,45,1.044,1,2223,0,75.350,0.590,11.188,-74.500,1.500,-0.082,-0.031,1.129,0.152,-0.570,1.078,0.044,0.148,1.199,1.367,3,NULL,NULL,,3,0,2,7,255,1373,250,0,0
stim,175137,205258,0,205258,3402544.454,-0.626,-0.005,0.005,0.780,0,0,2924,0,3079,1352,2935,2960,45,1.044,1,2223,0,77.235,0.594,7.438,-76.813,3.125,-0.074,-0.023,1.125,0.012,-0.594,1.238,0.050,0.152,1.199,1.367,3,NULL,NULL,,3,0,2,7,255,1373,250,0,0
stim,175137,205258,0,205258,3402549.455,-0.626,-0.003,0.004,0.780,0,0,2909,0,3087,1233,2935,2965,45,1.044,1,2223,0,79.774,0.620,6.813,-79.438,2.688,-0.090,0.016,1.090,-0.059,-0.617,1.238,0.058,0.156,1.199,1.367,3,NULL,NULL,,3,0,2,7,255,1373,250,0,0
stim,175137,205258,1,205258,3402554.454,-0.626,0.001,0.002,0.780,0,0,2895,0,3079,1100,2955,2957,45,1.044,1,2223,0,83.780,0.977,12.688,-82.813,0.438,-0.086,0.055,1.125,-0.355,-0.910,1.199,0.066,0.162,1.199,1.367,3,NULL,NULL,,3,1,2,7,255,1373,250,0,0
stim,175137,205258,1,205258,3402559.455,-0.626,0.004,0.000,0.780,0,0,2900,0,3077,964,2954,2942,45,1.044,1,2223,0,85.779,1.157,11.063,-85.063,0.000,-0.027,0.074,1.156,-0.715,-0.910,1.199,0.076,0.166,1.199,1.367,3,NULL,NULL,,3,1,2,7,255,1373,250,0,0
stim,175137,205258,1,205258,3402564.453,-0.626,0.007,-0.002,0.780,0,0,2875,0,3087,813,2961,2927,45,1.044,1,2223,0,88.458,1.250,5.250,-88.188,4.500,-0.027,0.086,1.176,-1.031,-0.707,1.492,0.084,0.172,1.199,1.367,3,NULL,NULL,,3,1,2,7,255,1373,250,0,0
stim,175137,205258,1,205258,3402569.455,-0.625,0.010,-0.004,0.780,0,0,2860,0,3079,692,2957,2925,45,1.044,1,2223,0,90.671,1.268,-1.375,-90.313,7.938,-0.020,0.082,1.195,-1.055,-0.703,1.680,0.094,0.178,1.199,1.367,3,NULL,NULL,,3,1,2,7,255,1373,250,0,0
stim,175137,205258,1,205258,3402574.454,-0.625,0.013,-0.007,0.781,0,0,2855,0,3080,600,2970,2920,45,1.044,1,2223,0,94.955,1.270,-6.813,-94.063,11.063,-0.055,0.090,1.191,-1.055,-0.707,1.832,0.104,0.184,1.199,1.367,3,NULL,NULL,,3,1,2,7,255,1373,250,0,0
stim,175137,205258,1,205258,3402579.455,-0.624,0.016,-0.010,0.781,0,0,2843,0,3091,499,2979,2906,45,1.044,1,2223,0,100.328,1.456,-7.875,-99.250,12.375,-0.035,0.074,1.094,-1.047,-1.012,1.832,0.114,0.192,1.199,1.367,3,NULL,NULL,,3,1,2,7,255,1373,250,0,0
stim,175137,205258,1,205258,3402584.453,-0.624,0.020,-0.013,0.781,0,0,2823,0,3081,378,2980,2899,45,1.044,1,2223,0,101.343,1.517,-2.875,-100.750,10.563,-0.031,0.094,1.129,-1.047,-1.098,1.184,0.124,0.200,1.199,1.367,3,NULL,NULL,,3,1,2,7,255,1373,250,0,0
stim,175137,205258,1,205258,3402589.455,-0.623,0.023,-0.016,0.782,0,0,2805,0,3080,234,2989,2879,45,1.044,1,2223,0,104.271,1.478,-7.313,-103.438,10.938,0.020,0.086,1.145,-1.078,-1.012,1.184,0.136,0.212,1.199,1.367,3,NULL,NULL,,3,1,2,7,255,1373,250,0,0
stim,175158,205279,1,205279,3402594.454,-0.622,0.026,-0.019,0.782,0,0,2787,0,3096,142,2997,2853,45,1.044,1,2223,0,108.617,1.370,-11.375,-106.875,15.688,0.023,0.098,1.164,-1.098,-0.820,1.383,0.148,0.226,1.199,1.367,3,NULL,NULL,,3,1,2,7,255,1373,250,0,0
stim,175158,205279,1,205279,3402599.455,-0.621,0.030,-0.022,0.783,0,0,2735,0,3089,103,2976,2840,45,1.044,1,2223,0,112.994,1.370,-14.500,-109.688,22.938,0.016,0.078,1.148,-1.098,-0.820,1.406,0.162,0.242,1.199,1.367,3,NULL,NULL,,3,1,2,7,255,1373,250,0,0
stim,175158,205279,1,205279,3402604.454,-0.620,0.033,-0.025,0.783,0,0,2733,0,3081,40,2999,2815,45,1.044,1,2223,0,117.083,1.389,-12.375,-113.313,26.750,-0.035,0.078,1.176,-0.996,-0.969,1.559,0.178,0.260,1.199,1.367,3,NULL,NULL,,3,1,2,7,255,1373,250,0,0
stim,175158,205279,1,205279,3402609.455,-0.620,0.036,-0.029,0.784,0,0,2697,0,3083,17,3003,2795,45,1.044,1,2223,0,118.645,1.831,-18.375,-115.938,17.250,-0.027,0.086,1.207,-0.961,-1.559,1.625,0.196,0.280,1.199,1.367,3,NULL,NULL,,3,1,2,7,255,1373,250,0,0
stim,175185,205306,1,205306,3402614.453,-0.619,0.040,-0.033,0.784,0,0,2667,0,3081,0,3003,2767,45,1.044,1,2223,0,124.122,1.856,-28.813,-119.188,19.250,-0.031,0.012,1.211,-0.867,-1.641,1.914,0.216,0.302,1.199,1.367,3,NULL,NULL,,3,1,2,7,255,1373,250,0,0
stim,175185,205306,1,205306,3402619.455,-0.618,0.043,-0.037,0.784,0,0,2633,0,3077,0,3007,2732,45,1.044,1,2223,0,124.898,1.727,-25.563,-120.875,18.313,-0.027,0.035,1.289,-0.477,-1.660,1.938,0.240,0.328,1.199,1.367,3,NULL,NULL,,3,1,2,7,255,1373,250,0,0
stim,175185,205306,1,205306,3402624.454,-0.617,0.046,-0.042,0.785,0,0,2584,0,3064,0,3013,2692,45,1.044,1,2223,0,129.306,1.923,-36.750,-123.188,13.938,-0.055,0.043,1.332,-0.477,-1.863,2.680,0.264,0.354,1.199,1.367,3,NULL,NULL,,3,1,2,7,255,1373,250,0,0
stim,175185,205306,1,205306,3402629.455,-0.616,0.049,-0.046,0.785,0,0,2543,0,3065,0,3007,2652,45,1.044,1,2223,0,132.241,2.396,-31.625,-127.750,12.938,-0.098,0.012,1.383,-0.477,-2.348,3.039,0.292,0.384,1.199,1.367,3,NULL,NULL,,3,1,2,7,255,1373,250,0,0
stim,175229,205350,1,205350,3402634.454,-0.616,0.053,-0.050,0.785,0,0,2509,0,3049,0,3017,2605,45,1.044,1,2223,0,138.916,2.949,-34.250,-134.125,11.625,-0.141,0.063,1.512,-0.500,-2.906,3.461,0.322,0.416,1.199,1.367,3,NULL,NULL,,3,1,2,7,255,1373,250,0,0
stim,175229,205350,1,205350,3402639.455,-0.615,0.057,-0.056,0.785,0,0,2463,0,3048,0,3016,2552,45,1.044,1,2223,0,148.370,3.784,-39.063,-142.750,10.500,-0.188,0.051,1.582,-0.285,-3.773,4.605,0.356,0.454,1.199,1.367,3,NULL,NULL,,3,1,2,7,255,1373,250,0,0
stim,175229,205350,1,205350,3402644.453,-0.614,0.060,-0.062,0.784,0,0,2403,0,3035,0,2972,2487,45,1.044,1,2223,0,161.485,4.490,-55.375,-151.563,6.313,-0.195,0.137,1.543,-0.512,-4.461,4.691,0.392,0.492,1.199,1.367,3,NULL,NULL,,3,1,2,7,255,1373,250,0,0
stim,175229,205350,1,205350,3402649.455,-0.614,0.064,-0.068,0.784,0,0,2329,0,3030,0,3013,2397,45,1.044,1,2223,0,173.192,4.777,-64.813,-160.563,3.813,-0.148,0.121,1.551,-1.102,-4.648,4.766,0.430,0.532,1.199,1.367,3,NULL,NULL,,3,1,2,7,255,1373,250,0,0
stim,175229,205350,1,205350,3402654.454,-0.613,0.068,-0.075,0.784,0,0,2261,0,3015,0,3003,2303,45,1.044,1,2223,0,184.672,4.986,-66.063,-172.438,2.188,-0.207,0.113,1.504,-1.102,-4.863,4.691,0.468,0.572,1.199,1.367,3,NULL,NULL,,3,1,2,7,255,1373,250,0,0
stim,175229,205350,1,205350,3402659.455,-0.612,0.073,-0.082,0.783,0,0,2173,0,3000,0,2995,2218,45,1.044,1,2223,0,194.773,5.138,-66.688,-183.000,-0.375,-0.148,0.133,1.488,-1.113,-5.016,4.145,0.510,0.618,1.199,1.367,3,NULL,NULL,,3,1,2,7,255,1373,250,0,0
stim,175229,205350,1,205350,3402664.454,-0.611,0.077,-0.090,0.782,0,0,2101,0,2985,0,2984,2109,45,1.044,1,2223,0,205.836,5.323,-68.813,-193.938,4.625,-0.145,0.109,1.512,-1.066,-5.215,4.145,0.558,0.668,1.199,1.367,3,NULL,NULL,,3,1,2,7,255,1373,250,0,0
stim,175229,205350,1,205350,3402669.455,-0.610,0.082,-0.098,0.782,0,0,2010,0,2968,0,2971,2023,45,1.044,1,2223,0,219.998,5.323,-70.000,-208.313,10.250,-0.207,0.090,1.527,-1.066,-5.215,4.047,0.612,0.724,1.199,1.367,3,NULL,NULL,,3,1,2,7,255,1373,250,0,0
stim,175252,205373,1,205373,3402674.454,-0.609,0.088,-0.106,0.781,0,0,1903,0,2952,3,2951,1939,45,1.044,1,2223,0,233.580,6.114,-74.188,-221.313,8.750,-0.250,0.102,1.551,-0.789,-6.063,4.047,0.674,0.788,1.199,1.367,3,NULL,NULL,,3,1,2,7,255,1373,250,0,0
stim,175252,205373,1,205373,3402679.455,-0.608,0.094,-0.115,0.780,0,0,1803,0,2925,6,2925,1875,45,1.044,1,2223,0,248.124,6.839,-77.438,-235.625,7.063,-0.242,0.094,1.543,-0.762,-6.797,4.043,0.744,0.858,1.199,1.367,3,NULL,NULL,,3,1,2,7,255,1373,250,0,0
stim,175252,205373,1,205373,3402684.453,-0.606,0.100,-0.124,0.779,0,0,1695,0,2907,10,2903,1811,45,1.044,1,2223,0,261.040,6.862,-73.938,-250.313,4.313,-0.176,0.113,1.563,-0.789,-6.816,4.043,0.820,0.934,1.199,1.367,3,NULL,NULL,,3,1,2,7,255,1373,250,0,0
stim,175252,205373,1,205373,3402689.455,-0.605,0.108,-0.133,0.778,0,0,1576,0,2869,20,2848,1743,45,1.044,1,2223,0,270.796,7.086,-61.688,-263.625,5.188,-0.180,0.109,1.621,-1.074,-7.004,4.043,0.894,1.010,1.199,1.367,3,NULL,NULL,,3,1,2,7,255,1373,250,0,0
stim,175252,205373,1,205373,3402694.454,-0.603,0.115,-0.143,0.777,0,0,1492,0,2843,19,2803,1676,45,1.044,1,2223,0,282.484,7.442,-52.438,-277.500,6.438,-0.199,0.145,1.820,-1.105,-7.359,4.402,0.966,1.084,1.199,1.367,3,NULL,NULL,,3,1,2,7,255,1373,250,0,0
stim,175252,205373,1,205373,3402699.455,-0.601,0.124,-0.152,0.775,0,0,1425,0,2789,9,2745,1582,45,1.044,1,2223,0,295.061,8.792,-46.375,-291.313,6.875,-0.266,0.164,1.988,-1.379,-8.684,5.922,1.028,1.148,1.199,1.367,3,NULL,NULL,,3,1,2,7,255,1373,250,0,0
stim,175271,205392,1,205392,3402704.454,-0.599,0.133,-0.161,0.773,0,0,1312,0,2742,5,2611,1486,45,1.044,1,2223,0,304.101,10.444,-32.563,-302.250,-7.875,-0.285,0.254,2.344,-1.387,-10.352,6.949,1.084,1.206,1.199,1.367,3,NULL,NULL,,3,1,2,7,255,1373,250,0,0
stim,175271,205392,1,205392,3402709.455,-0.597,0.143,-0.170,0.771,0,0,1227,0,2671,0,2552,1385,45,1.044,1,2223,0,316.244,12.805,-38.688,-313.625,-12.375,-0.281,0.543,2.637,-2.184,-12.617,9.695,1.138,1.262,1.199,1.367,3,NULL,NULL,,3,1,2,7,255,1373,250,0,0
stim,175271,205392,1,205392,3402714.453,-0.595,0.152,-0.181,0.768,0,0,1085,0,2607,0,2424,1256,45,1.044,1,2223,0,326.469,15.750,-70.438,-317.813,-24.813,-0.383,0.613,2.547,-4.898,-14.969,9.855,1.192,1.316,1.199,1.367,3,NULL,NULL,,3,1,2,7,255,1373,250,0,0
stim,175271,205392,1,205392,3402719.455,-0.594,0.160,-0.193,0.764,0,0,957,0,2509,0,2265,1139,45,1.044,1,2223,0,342.574,16.427,-101.313,-324.688,-40.875,-0.355,0.527,2.414,-4.898,-15.680,9.855,1.246,1.372,1.199,1.367,3,NULL,NULL,,3,1,2,7,255,1373,250,0,0
stim,175294,205415,1,205415,3402724.454,-0.593,0.168,-0.205,0.760,0,0,793,0,2386,0,2075,1010,45,1.044,1,2223,0,358.832,16.344,-127.750,-333.625,-33.688,-0.223,0.309,2.168,-4.613,-15.680,8.484,1.304,1.432,1.199,1.367,3,NULL,NULL,,3,1,2,7,255,1373,250,0,0
stim,175294,205415,1,205415,3402729.455,-0.591,0.176,-0.219,0.756,0,0,633,0,2219,0,1816,950,45,1.044,1,2223,0,375.577,13.771,-140.063,-348.438,-5.625,-0.086,-0.035,1.848,-2.867,-13.469,6.852,1.368,1.498,1.199,1.367,3,NULL,NULL,,3,1,2,7,255,1373,250,0,0
stim,175336,205457,1,205457,3402734.454,-0.587,0.184,-0.233,0.753,0,0,413,0,2033,0,1503,821,45,1.044,1,2223,0,393.857,10.570,-140.000,-367.625,19.375,-0.031,-0.215,1.516,0.039,-10.570,4.969,1.434,1.566,1.199,1.367,3,NULL,NULL,,3,1,2,7,255,1373,250,0,0
stim,175336,205457,1,205457,3402739.455,-0.583,0.194,-0.247,0.749,0,0,328,0,1807,0,1129,701,45,1.044,1,2223,0,395.237,8.519,-113.875,-377.750,23.438,0.066,-0.191,1.180,1.230,-8.430,2.531,1.500,1.634,1.199,1.367,3,NULL,NULL,,3,1,2,7,255,1373,250,0,0
stim,175336,205457,1,205457,3402744.453,-0.579,0.205,-0.259,0.746,0,0,248,0,1556,0,657,579,45,1.044,1,2223,0,390.847,6.297,-50.688,-387.438,9.188,0.230,-0.160,1.039,1.230,-6.176,0.109,1.562,1.696,1.199,1.367,3,NULL,NULL,,3,1,2,7,255,1373,250,0,0
stim,175336,205457,1,205457,3402749.455,-0.573,0.218,-0.267,0.743,0,0,185,0,1255,0,262,465,45,1.044,1,2223,0,401.471,6.068,40.375,-399.250,12.188,0.336,-0.156,1.355,0.629,-6.035,0.109,1.620,1.752,1.199,1.367,3,NULL,NULL,,3,1,2,7,255,1373,250,0,0
stim,175336,205457,1,205457,3402754.454,-0.566,0.232,-0.276,0.742,0,0,119,0,940,0,45,397,45,1.044,1,2223,0,408.316,6.049,69.938,-400.188,41.000,0.230,0.203,1.902,0.406,-6.035,2.598,1.674,1.806,1.199,1.367,3,NULL,NULL,,3,1,2,7,255,1373,250,0,0
stim,175336,205457,1,205457,3402759.455,-0.558,0.245,-0.285,0.740,0,0,94,0,499,0,0,331,45,1.044,1,2223,0,401.936,11.728,33.250,-395.125,65.750,0.031,0.352,2.172,-2.543,-11.449,5.000,1.724,1.856,1.199,1.367,3,NULL,NULL,,3,1,2,7,255,1373,250,0,0
stim,175336,205457,1,205457,3402764.454,-0.549,0.256,-0.296,0.738,0,0,73,0,223,0,0,244,45,1.044,1,2223,0,412.532,15.638,-20.125,-397.000,110.313,-0.188,0.227,2.105,-2.543,-15.430,5.000,1.776,1.908,1.199,1.367,3,NULL,NULL,,3,1,2,7,255,1373,250,0,0
stim,175336,205457,1,205457,3402769.455,-0.539,0.264,-0.310,0.737,0,0,46,0,0,0,0,140,45,1.044,1,2223,0,434.776,16.571,-71.563,-400.000,154.625,-0.398,0.301,1.824,-1.406,-16.512,2.715,1.834,1.968,1.199,1.367,4,NULL,NULL,,3,1,2,7,255,1373,250,0,0
stim,175336,205457,1,205457,3402774.454,-0.530,0.272,-0.325,0.735,0,0,46,0,0,0,0,59,45,1.044,1,2223,0,431.682,16.571,-115.188,-388.000,150.125,-0.449,0.684,1.449,-1.406,-16.512,-1.336,1.896,2.030,1.199,1.367,0,NULL,NULL,,3,1,2,7,255,1373,250,0,0
stim,175336,205457,1,205457,3402779.455,-0.523,0.278,-0.339,0.731,0,0,16,0,0,0,0,29,45,1.044,1,2223,0,412.040,15.814,-148.125,-366.500,116.250,-0.324,1.152,1.207,-4.879,-15.043,-5.465,1.960,2.096,1.199,1.367,0,NULL,NULL,,3,1,2,7,255,1373,250,0,0
stim,175336,205457,1,205457,3402784.454,-0.516,0.284,-0.354,0.727,0,0,21,0,0,0,0,19,45,1.044,1,2223,0,396.126,16.610,-168.438,-345.125,97.125,-0.340,1.238,1.129,-9.645,-13.523,-7.543,2.010,2.148,1.199,1.367,0,NULL,NULL,,3,1,2,7,255,1373,250,0,0
stim,175336,205457,1,205457,3402789.455,-0.510,0.287,-0.369,0.722,0,0,22,0,0,0,0,30,45,1.044,1,2223,0,402.257,16.480,-214.688,-318.000,120.813,-0.547,0.977,1.074,-9.645,-13.363,-8.867,2.050,2.188,1.199,1.367,0,NULL,NULL,,3,1,2,7,255,1373,250,0,0
stim,175361,205482,1,205482,3402794.454,-0.506,0.287,-0.386,0.716,0,0,23,0,0,0,0,44,45,1.044,1,2223,0,411.171,15.135,-292.500,-273.063,94.563,-0.293,0.766,0.633,-7.398,-13.203,-10.660,2.080,2.218,1.199,1.367,0,NULL,NULL,,3,1,2,7,255,1373,250,0,0
stim,175361,205482,1,205482,3402799.455,-0.505,0.287,-0.399,0.710,0,0,21,0,0,0,0,57,45,1.044,1,2223,0,335.984,10.180,-260.750,-211.250,16.375,-0.039,0.082,0.328,-6.301,-7.996,-10.660,2.100,2.240,1.199,1.367,0,NULL,NULL,,3,1,2,7,255,1373,250,0,0
stim,175361,205482,0,205482,3402804.453,-0.503,0.288,-0.408,0.705,0,0,21,0,0,0,0,68,45,1.044,1,2223,0,239.871,4.689,-175.188,-163.375,12.500,0.082,-0.383,0.637,-0.820,-4.617,-8.715,2.114,2.254,1.199,1.367,0,NULL,NULL,,3,0,2,7,255,1376,250,0,0
stim,175361,205482,0,205482,3402809.455,-0.502,0.288,-0.415,0.702,0,0,20,0,0,0,0,78,45,1.044,1,2223,0,178.119,5.267,-137.625,-110.000,26.188,-0.074,-0.293,0.797,2.535,-4.617,-5.754,2.124,2.266,1.199,1.367,0,NULL,NULL,,3,0,2,7,255,1376,250,0,0
stim,175397,205518,0,205518,3402814.454,-0.502,0.286,-0.421,0.699,0,0,19,0,0,0,0,77,45,1.044,1,2223,0,163.986,7.339,-153.375,-52.188,25.375,-0.184,-0.145,0.824,2.535,-6.887,-5.754,2.130,2.274,1.199,1.367,0,NULL,NULL,,3,0,2,7,255,1376,250,0,0
stim,175397,205518,0,205518,3402819.455,-0.504,0.281,-0.427,0.696,0,0,20,0,0,0,0,89,45,1.044,1,2223,0,181.397,7.031,-179.375,1.938,26.938,-0.254,0.199,0.434,1.418,-6.887,-7.031,2.134,2.278,1.199,1.367,0,NULL,NULL,,3,0,2,7,255,1376,250,0,0
stim,175397,205518,0,205518,3402824.454,-0.506,0.276,-0.431,0.695,0,0,21,0,0,0,0,77,45,1.044,1,2223,0,173.161,5.319,-163.750,48.563,28.500,-0.289,0.512,0.086,-1.395,-5.133,-10.500,2.136,2.282,1.199,1.367,0,NULL,NULL,,3,0,2,7,255,1376,250,0,0
stim,175397,205518,0,205518,3402829.455,-0.508,0.270,-0.433,0.694,0,0,20,0,0,0,0,81,45,1.044,1,2223,0,144.472,4.279,-112.125,87.500,25.375,-0.285,0.473,-0.055,-3.430,-2.559,-13.426,2.140,2.288,1.199,1.367,0,NULL,NULL,,3,0,2,7,255,1376,250,0,0
stim,175397,205518,0,205518,3402834.453,-0.511,0.265,-0.432,0.695,0,0,23,0,0,0,0,87,45,1.044,1,2223,0,135.047,4.136,-62.625,116.563,27.000,-0.273,0.227,0.094,-3.430,-2.313,-13.426,2.146,2.296,1.199,1.367,0,NULL,NULL,,3,0,2,7,255,1376,250,0,0
stim,175397,205518,0,205518,3402839.455,-0.513,0.259,-0.431,0.696,0,0,20,0,0,0,0,91,45,1.044,1,2223,0,145.848,2.675,-43.438,136.000,29.813,-0.340,0.090,0.215,-1.344,-2.313,-12.328,2.156,2.308,1.199,1.367,0,NULL,NULL,,3,0,2,7,255,1376,250,0,0
stim,175437,205558,0,205558,3402844.454,-0.515,0.253,-0.429,0.698,0,0,20,0,0,0,0,91,45,1.044,1,2223,0,159.123,3.035,-36.000,151.750,31.563,-0.277,-0.027,0.191,0.004,-3.035,-11.785,2.172,2.326,1.199,1.367,0,NULL,NULL,,3,0,2,7,255,1376,250,0,0
stim,175437,205558,0,205558,3402849.455,-0.517,0.246,-0.427,0.700,0,0,17,0,0,0,0,88,45,1.044,1,2223,0,183.811,3.697,-34.500,168.438,65.000,-0.137,-0.152,0.383,0.867,-3.594,-10.953,2.196,2.350,1.199,1.367,0,NULL,NULL,,3,0,2,7,255,1376,250,0,0
stim,175437,205558,0,205558,3402854.454,-0.518,0.238,-0.425,0.703,0,0,16,0,0,0,0,92,45,1.044,1,2223,0,194.832,3.383,-49.125,167.813,85.938,-0.430,0.160,0.105,0.867,-3.270,-10.953,2.224,2.380,1.199,1.367,0,NULL,NULL,,3,0,2,7,255,1376,250,0,0
stim,175437,205558,0,205558,3402859.455,-0.520,0.231,-0.422,0.706,0,0,10,0,0,0,0,87,45,1.044,1,2223,0,186.038,3.276,-6.813,173.875,65.813,-0.520,0.230,-0.094,-0.203,-3.270,-13.109,2.258,2.416,1.199,1.367,0,NULL,NULL,,3,0,2,7,255,1376,250,0,0
stim,175437,205558,0,205558,3402864.453,-0.521,0.226,-0.417,0.709,0,0,9,0,0,0,0,89,45,1.044,1,2223,0,187.951,2.808,43.125,177.188,45.500,-0.469,0.059,0.020,-0.203,-2.801,-13.406,2.298,2.458,1.199,1.367,0,NULL,NULL,,3,0,2,7,255,1376,250,0,0
stim,175437,205558,0,205558,3402869.455,-0.523,0.221,-0.411,0.713,0,0,11,0,0,0,0,86,45,1.044,1,2223,0,200.335,2.863,65.750,183.563,46.000,-0.398,0.035,0.270,0.594,-2.801,-13.406,2.346,2.506,1.199,1.367,0,NULL,NULL,,3,0,2,7,255,1376,250,0,0
stim,175437,205558,0,205558,3402874.454,-0.524,0.216,-0.405,0.717,0,0,8,0,0,0,0,85,45,1.044,1,2223,0,207.502,4.496,64.313,190.188,52.438,-0.473,0.141,0.465,0.594,-4.457,-11.402,2.396,2.558,1.199,1.367,0,NULL,NULL,,3,0,2,7,255,1376,250,0,0
stim,175437,205558,0,205558,3402879.455,-0.526,0.210,-0.399,0.721,0,0,9,0,0,0,0,79,45,1.044,1,2223,0,207.151,6.586,55.750,194.750,43.313,-0.586,0.148,0.582,-0.219,-6.582,-11.195,2.448,2.612,1.199,1.367,0,NULL,NULL,,3,0,2,7,255,1376,250,0,0
stim,175437,205558,0,205558,3402884.454,-0.528,0.205,-0.393,0.724,0,0,12,0,0,0,0,83,45,1.044,1,2223,0,205.980,8.163,47.438,198.625,26.938,-0.605,0.113,0.660,-0.219,-8.160,-11.141,2.500,2.666,1.199,1.367,0,NULL,NULL,,3,0,2,7,255,1376,250,0,0
stim,175437,205558,0,205558,3402889.455,-0.531,0.199,-0.387,0.727,0,0,6,0,0,0,0,77,45,1.044,1,2223,0,206.861,8.876,37.938,202.688,16.438,-0.594,0.113,0.754,-0.160,-8.875,-10.590,2.548,2.716,1.199,1.367,0,NULL,NULL,,3,0,2,7,255,1376,250,0,0
stim,175459,205580,0,205580,3402894.454,-0.534,0.193,-0.382,0.729,0,0,10,0,0,0,0,82,45,1.044,1,2223,0,208.709,9.548,22.688,207.438,3.813,-0.621,0.102,0.828,-0.121,-9.547,-9.801,2.594,2.762,1.199,1.367,0,NULL,NULL,,3,0,2,7,255,1376,250,0,0
stim,175459,205580,0,205580,3402899.455,-0.539,0.187,-0.377,0.730,0,0,7,0,0,0,0,94,45,1.044,1,2223,0,214.388,10.208,2.375,213.938,-13.688,-0.590,0.145,0.844,-0.160,-10.207,-9.336,2.636,2.806,1.199,1.367,0,NULL,NULL,,3,0,2,7,255,1376,250,0,0
stim,175459,205580,0,205580,3402904.454,-0.543,0.180,-0.372,0.731,0,0,13,0,0,0,0,103,45,1.044,1,2223,0,224.580,10.232,-14.563,222.688,-25.188,-0.523,0.172,0.805,-0.715,-10.207,-9.016,2.674,2.846,1.199,1.367,0,NULL,NULL,,3,0,2,7,255,1376,250,0,0
stim,175459,205580,0,205580,3402909.455,-0.549,0.172,-0.367,0.731,0,0,11,0,0,0,0,111,45,1.044,1,2223,0,237.637,9.518,-24.688,233.438,-37.000,-0.492,0.109,0.738,-0.746,-9.488,-8.711,2.708,2.880,1.199,1.367,0,NULL,NULL,,3,0,2,7,255,1376,250,0,0
stim,175482,205603,0,205603,3402914.454,-0.555,0.165,-0.361,0.731,0,0,9,0,0,0,0,121,45,1.044,1,2223,0,254.191,8.744,-32.000,247.375,-48.938,-0.438,0.113,0.672,-0.953,-8.691,-8.582,2.736,2.910,1.199,1.367,0,NULL,NULL,,3,0,2,7,255,1376,250,0,0
stim,175482,205603,0,205603,3402919.455,-0.561,0.157,-0.356,0.731,0,0,8,0,0,0,0,124,45,1.044,1,2223,0,269.637,7.894,-32.375,261.188,-58.625,-0.371,0.090,0.617,-0.922,-7.840,-8.516,2.762,2.936,1.199,1.367,0,NULL,NULL,,3,0,2,7,255,1376,250,0,0
stim,175482,205603,0,205603,3402924.454,-0.568,0.148,-0.349,0.731,0,0,7,0,0,0,0,120,45,1.044,1,2223,0,284.388,7.003,-27.000,275.688,-64.375,-0.301,0.109,0.555,-0.953,-6.938,-8.270,2.782,2.956,1.199,1.367,0,NULL,NULL,,3,0,2,7,255,1376,250,0,0
stim,175482,205603,0,205603,3402929.455,-0.574,0.140,-0.342,0.730,0,0,2,0,0,0,0,133,45,1.044,1,2223,0,297.213,6.101,-17.563,289.750,-63.813,-0.289,0.082,0.508,-1.063,-6.008,-8.223,2.798,2.972,1.199,1.367,0,NULL,NULL,,3,0,2,7,255,1376,250,0,0
stim,175526,205647,0,205647,3402934.454,-0.581,0.132,-0.334,0.730,0,0,3,0,0,0,0,122,45,1.044,1,2223,0,309.047,5.859,-0.875,300.750,-71.125,-0.305,0.063,0.539,-1.063,-5.762,-8.207,2.812,2.988,1.199,1.367,0,NULL,NULL,,3,0,2,7,255,1376,250,0,0
stim,175526,205647,0,205647,3402939.455,-0.588,0.123,-0.325,0.730,0,0,0,0,0,0,0,121,45,1.044,1,2223,0,318.523,5.648,11.750,310.500,-70.063,-0.273,0.098,0.543,-1.063,-5.547,-7.902,2.826,3.000,1.199,1.367,0,NULL,NULL,,3,0,2,7,255,1376,250,0,0
stim,175526,205647,0,205647,3402944.454,-0.595,0.115,-0.316,0.730,0,0,0,0,0,0,0,137,45,1.044,1,2223,0,328.179,5.791,29.063,318.125,-75.188,-0.258,0.094,0.586,-1.469,-5.602,-7.672,2.838,3.014,1.199,1.367,0,NULL,NULL,,3,0,2,7,255,1376,250,0,0
stim,175526,205647,0,205647,3402949.455,-0.602,0.107,-0.306,0.730,0,0,0,0,0,0,0,141,45,1.044,1,2223,0,333.971,5.763,44.188,321.563,-78.625,-0.086,0.098,0.613,-1.633,-5.527,-7.121,2.854,3.030,1.199,1.367,0,NULL,NULL,,3,0,2,7,255,1376,250,0,0
stim,175526,205647,0,205647,3402954.454,-0.609,0.100,-0.295,0.730,0,0,0,0,0,0,0,139,45,1.044,1,2223,0,337.552,4.721,57.125,324.688,-72.500,0.031,0.059,0.555,-2.023,-4.266,-5.887,2.872,3.048,1.199,1.367,0,NULL,NULL,,3,0,2,7,255,1376,250,0,0
stim,175526,205647,0,205647,3402959.455,-0.615,0.093,-0.284,0.730,0,0,0,0,0,0,0,140,45,1.044,1,2223,0,334.952,3.757,85.188,319.563,-53.063,0.039,0.121,0.621,-2.215,-3.035,-5.527,2.892,3.070,1.199,1.367,0,NULL,NULL,,3,0,2,7,255,1376,250,0,0
stim,175526,205647,0,205647,3402964.454,-0.620,0.086,-0.272,0.731,0,0,0,0,0,0,0,141,45,1.044,1,2223,0,336.891,4.098,101.250,317.313,-50.563,-0.012,0.156,0.664,-2.754,-3.035,-5.078,2.916,3.094,1.199,1.367,0,NULL,NULL,,3,0,2,7,255,1376,250,0,0
stim,175526,205647,0,205647,3402969.455,-0.625,0.080,-0.259,0.732,0,0,0,0,0,0,0,143,45,1.044,1,2223,0,338.978,4.488,122.000,313.125,-44.438,0.063,0.117,0.781,-3.066,-3.277,-4.945,2.944,3.122,1.199,1.367,0,NULL,NULL,,3,0,2,7,255,1376,250,0,0
stim,175563,205685,0,205685,3402974.454,-0.629,0.074,-0.246,0.734,0,0,0,0,0,0,0,139,45,1.044,1,2223,0,340.792,4.730,134.375,311.438,-33.000,0.031,0.117,0.840,-3.129,-3.547,-3.430,2.972,3.150,1.199,1.367,0,NULL,NULL,,3,0,2,7,255,1376,250,0,0
stim,175563,205685,0,205685,3402979.455,-0.633,0.069,-0.233,0.735,0,0,0,0,0,0,0,139,45,1.044,1,2223,0,344.688,4.809,147.938,310.250,-25.875,0.063,0.238,0.973,-3.160,-3.625,-2.953,3.000,3.178,1.199,1.367,0,NULL,NULL,,3,0,2,7,255,1376,250,0,0
stim,175563,205685,0,205685,3402984.453,-0.637,0.064,-0.219,0.737,0,0,0,0,0,0,0,133,45,1.044,1,2223,0,348.625,5.624,157.938,310.125,-20.438,-0.012,0.188,1.105,-4.148,-3.797,-1.914,3.026,3.206,1.199,1.367,0,NULL,NULL,,3,0,2,7,255,1376,250,0,0
stim,175564,205685,0,205685,3402989.455,-0.640,0.058,-0.205,0.738,0,0,0,0,0,0,0,137,45,1.044,1,2223,0,349.649,6.564,161.250,309.625,-19.625,0.012,0.281,1.301,-4.574,-4.707,-0.742,3.050,3.230,1.199,1.367,0,NULL,NULL,,3,0,2,7,255,1376,250,0,0
stim,175564,205685,0,205685,3402994.454,-0.643,0.053,-0.191,0.739,0,0,0,0,0,0,0,137,45,1.044,1,2223,0,346.282,6.916,155.375,308.875,-19.125,0.000,0.199,1.430,-4.762,-5.016,1.027,3.070,3.250,1.199,1.367,0,NULL,NULL,,3,0,2,7,255,1376,250,0,0
stim,175564,205685,0,205685,3402999.455,-0.646,0.047,-0.178,0.741,0,0,0,0,0,0,0,135,45,1.044,1,2223,0,340.800,7.360,145.125,307.938,-16.063,0.043,0.262,1.570,-5.387,-5.016,2.508,3.086,3.266,1.199,1.367,0,NULL,NULL,,3,0,2,7,255,1376,250,0,0
stim,175564,205685,0,205685,3403004.454,-0.649,0.041,-0.165,0.741,0,0,0,0,0,0,0,137,45,1.044,1,2223,0,333.328,6.909,127.875,307.375,-16.625,0.043,0.188,1.594,-4.816,-4.953,3.965,3.100,3.280,1.199,1.367,0,NULL,NULL,,3,0,2,7,255,1376,250,0,0
stim,175564,205685,0,205685,3403009.455,-0.652,0.035,-0.153,0.742,0,0,0,0,0,0,0,140,45,1.044,1,2223,0,328.248,6.998,117.063,306.250,-15.938,0.059,0.238,1.652,-5.340,-4.523,4.520,3.110,3.290,1.199,1.367,0,NULL,NULL,,3,0,2,7,255,1376,250,0,0
stim,175564,205686,0,205686,3403014.453,-0.655,0.028,-0.141,0.742,0,0,0,0,0,0,0,143,45,1.044,1,2223,0,323.690,6.398,104.313,305.813,-19.313,0.035,0.195,1.680,-4.848,-4.176,5.145,3.116,3.296,1.199,1.367,0,NULL,NULL,,3,0,2,7,255,1376,250,0,0
stim,175565,205686,0,205686,3403019.455,-0.657,0.021,-0.129,0.742,0,0,0,0,0,0,0,141,45,1.044,1,2223,0,318.386,6.307,86.000,306.000,-18.375,0.063,0.207,1.629,-4.863,-4.016,5.238,3.118,3.300,1.199,1.367,0,NULL,NULL,,3,0,2,7,255,1376,250,0,0
stim,175594,205715,0,205715,3403024.454,-0.660,0.014,-0.118,0.742,0,0,0,0,0,0,0,149,45,1.044,1,2223,0,315.421,5.810,82.063,303.750,-22.188,0.027,0.125,1.617,-4.848,-3.203,5.332,3.120,3.304,1.199,1.367,0,NULL,NULL,,3,0,2,7,255,1376,250,0,0
stim,175594,205715,0,205715,3403029.455,-0.662,0.006,-0.107,0.742,0,0,0,0,0,0,0,155,45,1.044,1,2223,0,312.648,5.549,73.813,302.875,-23.813,0.027,0.207,1.617,-4.668,-3.000,5.266,3.120,3.304,1.199,1.367,0,NULL,NULL,,3,0,2,7,255,1376,250,0,0
stim,175635,205756,0,205756,3403034.454,-0.665,-0.002,-0.096,0.741,0,0,0,0,0,0,0,155,45,1.044,1,2223,0,309.594,5.049,63.063,301.813,-27.938,0.078,0.184,1.488,-4.281,-2.676,5.266,3.118,3.302,1.199,1.367,0,NULL,NULL,,3,0,2,7,255,1376,250,0,0
stim,175635,205756,0,205756,3403039.455,-0.667,-0.009,-0.085,0.740,0,0,0,0,0,0,0,155,45,1.044,1,2223,0,307.291,4.548,72.563,297.813,-21.688,0.094,0.074,1.438,-4.281,-1.535,4.223,3.114,3.298,1.199,1.367,0,NULL,NULL,,3,0,2,7,255,1376,250,0,0
stim,175635,205756,0,205756,3403044.453,-0.669,-0.016,-0.073,0.739,0,0,0,0,0,0,0,157,45,1.044,1,2223,0,307.513,3.674,80.563,295.875,-23.063,0.070,0.129,1.445,-3.574,-0.852,3.961,3.106,3.290,1.199,1.367,0,NULL,NULL,,3,0,2,7,255,1376,250,0,0
stim,175635,205756,0,205756,3403049.455,-0.671,-0.023,-0.062,0.738,0,0,0,0,0,0,0,155,45,1.044,1,2223,0,305.697,3.616,86.375,292.563,-19.938,0.078,0.141,1.414,-3.539,-0.742,3.961,3.098,3.282,1.199,1.367,0,NULL,NULL,,3,0,2,7,255,1376,250,0,0
stim,175635,205756,0,205756,3403054.454,-0.673,-0.029,-0.050,0.738,0,0,0,0,0,0,0,160,45,1.044,1,2223,0,305.440,3.552,99.875,288.250,-15.188,0.051,0.117,1.426,-3.539,-0.301,3.855,3.082,3.266,1.199,1.367,0,NULL,NULL,,3,0,2,7,255,1376,250,0,0
stim,175635,205756,0,205756,3403059.455,-0.674,-0.034,-0.038,0.737,0,0,0,0,0,0,0,159,45,1.044,1,2223,0,305.487,3.547,112.500,283.313,-20.000,0.016,0.168,1.512,-3.539,-0.242,3.855,3.064,3.248,1.199,1.367,0,NULL,NULL,,3,0,2,7,255,1376,250,0,0
stim,175635,205756,0,205756,3403064.453,-0.676,-0.040,-0.026,0.736,0,0,0,0,0,0,0,157,45,1.044,1,2223,0,301.697,3.689,117.250,277.563,-15.250,0.012,0.207,1.531,-3.684,-0.195,4.652,3.042,3.224,1.199,1.367,0,NULL,NULL,,3,0,2,7,255,1376,250,0,0
stim,175635,205756,0,205756,3403069.455,-0.677,-0.044,-0.014,0.735,0,0,0,0,0,0,0,161,45,1.044,1,2223,0,299.693,3.790,127.188,271.188,-9.813,-0.020,0.199,1.574,-3.789,0.070,4.809,3.014,3.196,1.199,1.367,0,NULL,NULL,,3,0,2,7,255,1376,250,0,0
stim,175635,205756,0,205756,3403074.454,-0.678,-0.048,-0.001,0.734,0,0,0,0,0,0,0,155,45,1.044,1,2223,0,298.880,3.792,137.500,264.875,-16.250,-0.035,0.199,1.652,-3.789,0.152,5.305,2.978,3.160,1.199,1.367,0,NULL,NULL,,3,0,2,7,255,1376,250,0,0
stim,175635,205756,0,205756,3403079.455,-0.679,-0.052,0.011,0.732,0,0,0,0,0,0,0,155,45,1.044,1,2223,0,295.997,3.703,144.063,258.063,-16.250,-0.004,0.199,1.723,-3.676,0.445,6.102,2.932,3.114,1.199,1.367,0,NULL,NULL,,3,0,2,7,255,1376,250,0,0
stim,175635,205756,0,205756,3403084.454,-0.680,-0.056,0.023,0.731,0,0,0,0,0,0,0,153,45,1.044,1,2223,0,293.342,3.855,148.313,252.750,-13.063,0.012,0.223,1.785,-3.668,1.188,6.777,2.884,3.064,1.199,1.367,0,NULL,NULL,,3,0,2,7,255,1376,250,0,0
stim,175635,205756,0,205756,3403089.455,-0.681,-0.059,0.035,0.729,0,0,0,0,0,0,0,153,45,1.044,1,2223,0,292.748,4.062,152.438,249.375,-16.625,0.039,0.234,1.852,-3.660,1.762,7.371,2.828,3.010,1.199,1.367,0,NULL,NULL,,3,0,2,7,255,1376,250,0,0
stim,175668,205789,0,205789,3403094.454,-0.681,-0.062,0.048,0.728,0,0,0,0,0,0,0,153,45,1.044,1,2223,0,291.446,4.435,154.063,246.813,-17.000,0.109,0.211,1.863,-3.660,2.504,7.945,2.768,2.948,1.199,1.367,0,NULL,NULL,,3,0,2,7,255,1376,250,0,0
stim,175668,205789,0,205789,3403099.455,-0.682,-0.065,0.060,0.726,0,0,0,0,0,0,0,154,45,1.044,1,2223,0,291.327,4.870,156.000,245.813,-10.563,0.160,0.203,1.820,-3.234,3.641,7.945,2.704,2.884,1.199,1.367,0,NULL,NULL,,3,0,2,7,255,1376,250,0,0
stim,175668,205789,0,205789,3403104.453,-0.682,-0.068,0.072,0.725,0,0,0,0,0,0,0,153,45,1.044,1,2223,0,296.596,5.337,166.125,245.625,-6.313,0.191,0.215,1.801,-2.941,4.453,7.398,2.638,2.816,1.199,1.367,0,NULL,NULL,,3,0,2,7,255,1376,250,0,0
stim,175668,205789,0,205789,3403109.455,-0.682,-0.070,0.085,0.723,0,0,0,0,0,0,0,160,45,1.044,1,2223,0,303.074,5.851,180.063,243.750,-4.188,0.246,0.207,1.855,-2.852,5.109,7.398,2.570,2.748,1.199,1.367,0,NULL,NULL,,3,0,2,7,255,1376,250,0,0
stim,175668,205789,0,205789,3403114.454,-0.682,-0.072,0.098,0.721,0,0,0,0,0,0,0,165,45,1.044,1,2223,0,306.682,6.647,189.188,241.375,0.438,0.344,0.160,1.914,-2.563,6.133,7.406,2.500,2.678,1.199,1.367,0,NULL,NULL,,3,0,2,7,255,1376,250,0,0
stim,175668,205789,0,205789,3403119.455,-0.681,-0.074,0.112,0.720,0,0,5,0,0,0,0,165,45,1.044,1,2223,0,308.509,7.828,194.438,239.313,10.063,0.434,0.164,1.949,-1.887,7.598,7.590,2.424,2.602,1.199,1.367,0,NULL,NULL,,3,0,2,7,255,1376,250,0,0
stim,175690,205811,0,205811,3403124.454,-0.680,-0.075,0.125,0.718,0,0,5,0,0,0,0,158,45,1.044,1,2223,0,310.679,9.085,198.875,237.813,20.375,0.500,0.203,1.973,-1.773,8.910,7.590,2.346,2.526,1.199,1.367,0,NULL,NULL,,3,0,2,7,255,1376,250,0,0
stim,175690,205811,0,205811,3403129.455,-0.679,-0.077,0.138,0.717,0,0,8,0,0,0,0,163,45,1.044,1,2223,0,312.804,10.116,202.500,236.688,28.625,0.523,0.188,1.992,-1.652,9.980,7.477,2.264,2.444,1.199,1.367,0,NULL,NULL,,3,0,2,7,255,1376,250,0,0
stim,175690,205811,0,205811,3403134.453,-0.677,-0.077,0.152,0.716,0,0,9,0,0,0,0,156,45,1.044,1,2223,0,316.944,10.708,211.813,232.125,41.313,0.500,0.102,2.078,-1.328,10.625,7.477,2.178,2.360,1.199,1.367,0,NULL,NULL,,3,0,2,7,255,1376,250,0,0
stim,175690,205811,0,205811,3403139.455,-0.675,-0.078,0.165,0.715,0,0,9,0,0,0,0,160,45,1.044,1,2223,0,314.498,11.087,210.188,229.625,44.750,0.461,0.066,2.172,-0.133,11.086,7.977,2.086,2.268,1.199,1.367,0,NULL,NULL,,3,0,2,7,255,1376,250,0,0
stim,175736,205857,0,205857,3403144.454,-0.673,-0.079,0.179,0.713,0,0,12,0,0,0,0,167,45,1.044,1,2223,0,305.249,11.432,199.375,227.000,43.563,0.461,0.063,2.203,0.633,11.414,8.676,1.990,2.174,1.199,1.367,0,NULL,NULL,,3,0,2,7,255,1376,250,0,0
stim,175736,205857,0,205857,3403149.455,-0.671,-0.080,0.191,0.712,0,0,9,0,0,0,0,166,45,1.044,1,2223,0,296.579,11.956,189.438,223.813,44.500,0.504,0.059,2.199,1.004,11.914,8.676,1.890,2.076,1.199,1.367,0,NULL,NULL,,3,0,2,7,255,1376,250,0,0
stim,175736,205857,0,205857,3403154.454,-0.668,-0.082,0.203,0.711,0,0,10,0,0,0,0,173,45,1.044,1,2223,0,288.388,12.731,179.688,220.813,46.063,0.531,-0.008,2.172,1.301,12.664,8.242,1.786,1.972,1.199,1.367,0,NULL,NULL,,3,0,2,7,255,1376,250,0,0
stim,175736,205857,0,205857,3403159.455,-0.666,-0.083,0.215,0.710,0,0,12,0,0,0,0,202,45,1.044,1,2223,0,279.281,13.306,168.688,217.750,46.125,0.516,-0.137,2.094,2.141,13.133,7.520,1.676,1.862,1.199,1.367,0,NULL,NULL,,3,0,2,7,255,1376,250,0,0
stim,175736,205857,0,205857,3403164.453,-0.663,-0.085,0.226,0.709,0,0,14,0,0,0,0,204,45,1.044,1,2223,0,271.474,13.608,162.625,212.625,45.188,0.508,-0.227,2.012,3.566,13.133,6.363,1.566,1.750,1.199,1.367,0,NULL,NULL,,3,0,2,7,255,1376,250,0,0
stim,175736,205857,0,205857,3403169.455,-0.660,-0.086,0.238,0.707,0,0,13,0,0,0,0,227,45,1.044,1,2223,0,263.997,13.885,159.688,206.250,40.688,0.527,-0.293,1.941,4.508,13.133,5.230,1.452,1.636,1.199,1.367,0,NULL,NULL,,3,0,2,7,255,1376,250,0,0
stim,175736,205857,0,205857,3403174.454,-0.658,-0.087,0.248,0.706,0,0,18,0,0,0,0,243,45,1.044,1,2223,0,256.724,14.193,158.875,198.750,34.125,0.594,-0.332,1.895,5.207,13.203,4.078,1.338,1.520,1.199,1.367,0,NULL,NULL,,3,0,2,7,255,1376,250,0,0
stim,175736,205857,0,205857,3403179.455,-0.656,-0.089,0.259,0.704,0,0,16,0,0,0,0,261,45,1.044,1,2223,0,248.380,14.916,156.938,190.313,29.063,0.676,-0.359,1.867,5.621,13.816,3.012,1.218,1.400,1.199,1.367,0,NULL,NULL,,3,0,2,7,255,1376,250,0,0
stim,175736,205857,0,205857,3403184.453,-0.654,-0.089,0.269,0.702,0,0,20,0,0,0,0,287,45,1.044,1,2223,0,239.047,15.752,154.438,180.500,26.688,0.762,-0.363,1.863,5.910,14.602,2.012,1.100,1.280,1.199,1.367,0,NULL,NULL,,3,0,2,7,255,1376,250,0,0
stim,175736,205857,0,205857,3403189.455,-0.652,-0.090,0.278,0.700,0,0,21,0,0,0,0,310,45,1.044,1,2223,0,226.558,16.614,147.938,170.125,22.375,0.855,-0.352,1.855,5.910,15.527,1.262,0.980,1.158,1.199,1.367,0,NULL,NULL,,3,0,2,7,255,1376,250,0,0
stim,175759,205880,0,205880,3403194.454,-0.650,-0.091,0.287,0.698,0,0,18,0,0,0,0,347,45,1.044,1,2223,0,212.085,17.433,138.875,159.250,18.250,0.973,-0.344,1.824,5.852,16.422,0.449,0.858,1.036,1.199,1.367,0,NULL,NULL,,3,0,2,7,255,1376,250,0,0
stim,175759,205880,0,205880,3403199.455,-0.648,-0.092,0.295,0.696,0,0,19,0,0,0,0,376,45,1.044,1,2223,0,198.945,18.323,131.688,147.750,20.188,1.195,-0.320,1.723,5.688,17.418,-0.656,0.738,0.912,1.199,1.367,0,NULL,NULL,,3,0,2,7,255,1376,250,0,0
stim,175759,205880,0,205880,3403204.454,-0.646,-0.092,0.303,0.695,0,0,18,0,0,0,0,402,45,1.044,1,2223,0,187.745,19.689,124.563,137.313,29.625,1.250,-0.383,1.734,5.680,18.852,-2.824,0.618,0.790,1.199,1.367,0,NULL,NULL,,3,0,2,7,255,1376,250,0,0
stim,175759,205880,0,205880,3403209.455,-0.644,-0.093,0.310,0.693,0,0,17,0,0,0,0,415,45,1.044,1,2223,0,167.777,20.235,106.438,127.625,23.063,1.367,-0.480,1.594,5.680,19.422,-3.488,0.502,0.668,1.199,1.367,0,NULL,NULL,,3,0,2,7,255,1376,250,0,0
stim,175790,205911,0,205911,3403214.453,-0.642,-0.093,0.316,0.692,0,0,12,0,0,0,0,429,45,1.044,1,2223,0,156.675,20.592,101.813,117.688,18.188,1.480,-0.547,1.410,6.125,19.660,-5.730,0.390,0.548,1.199,1.367,0,NULL,NULL,,3,0,2,7,255,1376,250,0,0
stim,175790,205911,0,205911,3403219.455,-0.641,-0.093,0.323,0.690,0,0,11,0,0,0,0,443,45,1.044,1,2223,0,154.848,20.646,110.938,105.375,23.813,1.660,-0.621,1.289,6.168,19.703,-8.211,0.290,0.434,1.199,1.367,0,NULL,NULL,,3,0,2,7,255,1376,250,0,0
stim,175790,205911,0,205911,3403224.454,-0.639,-0.092,0.329,0.689,0,0,9,0,0,0,0,453,45,1.044,1,2223,0,155.834,21.399,120.625,92.125,35.313,1.715,-0.688,1.270,6.305,20.449,-10.582,0.220,0.322,1.199,1.367,0,NULL,NULL,,3,0,2,7,255,1376,250,0,0
stim,175790,205911,0,205911,3403229.455,-0.637,-0.090,0.335,0.688,0,0,9,0,0,0,0,456,45,1.044,1,2223,0,153.014,21.672,125.625,77.438,40.438,1.699,-0.785,1.270,6.797,20.578,-11.480,0.200,0.220,1.199,1.367,0,NULL,NULL,,3,0,2,7,255,1376,250,0,0
stim,175828,205949,0,205949,3403234.453,-0.636,-0.088,0.341,0.687,0,0,13,0,0,0,0,459,45,1.044,1,2223,0,148.799,21.991,130.375,60.188,39.000,1.672,-0.875,1.297,7.754,20.578,-11.941,0.226,0.136,1.199,1.367,0,NULL,NULL,,3,0,2,7,255,1376,250,0,0
stim,175828,205949,0,205949,3403239.455,-0.635,-0.085,0.346,0.686,0,0,18,0,0,0,0,465,45,1.044,1,2223,0,146.999,22.347,136.125,40.313,38.125,1.633,-0.914,1.398,8.715,20.578,-11.941,0.272,0.102,1.199,1.367,0,NULL,NULL,,3,0,2,7,255,1376,250,0,0
stim,175828,205949,0,205949,3403244.453,-0.634,-0.081,0.351,0.685,0,0,17,0,0,0,0,459,45,1.044,1,2223,0,140.509,22.757,134.188,19.875,36.625,1.547,-0.824,1.602,9.457,20.699,-11.414,0.300,0.126,1.199,1.367,0,NULL,NULL,,3,0,2,7,255,1376,250,0,0
stim,175828,205949,0,205949,3403249.455,-0.633,-0.077,0.355,0.684,0,0,16,0,0,0,0,459,45,1.044,1,2223,0,120.986,23.188,116.813,0.563,31.500,1.422,-0.641,1.824,9.457,21.172,-9.309,0.328,0.168,1.199,1.367,0,NULL,NULL,,3,0,2,7,255,1376,250,0,0
stim,175828,205949,0,205949,3403254.454,-0.633,-0.074,0.357,0.683,0,0,13,0,0,0,0,459,45,1.044,1,2223,0,91.582,23.209,84.688,-19.625,28.813,1.293,-0.488,2.090,8.770,21.488,-6.461,0.354,0.214,1.199,1.367,0,NULL,NULL,,3,0,2,7,255,1376,250,0,0
stim,175828,205949,0,205949,3403259.455,-0.633,-0.072,0.357,0.683,0,0,15,0,0,0,0,463,45,1.044,1,2223,0,52.980,23.130,34.188,-36.063,18.375,1.098,-0.375,2.188,8.559,21.488,-3.316,0.384,0.256,1.199,1.367,0,NULL,NULL,,3,0,2,7,255,1376,250,0,0
stim,175828,205949,0,205949,3403264.453,-0.633,-0.071,0.355,0.684,0,0,11,0,0,0,0,462,45,1.044,1,2223,0,53.523,22.576,-20.313,-49.500,1.375,1.000,-0.313,2.105,8.246,21.016,-1.121,0.392,0.290,1.199,1.367,0,NULL,NULL,,3,0,2,7,255,1376,250,0,0
stim,175828,205949,0,205949,3403269.455,-0.634,-0.071,0.352,0.685,0,0,13,0,0,0,0,471,45,1.044,1,2223,0,82.118,21.162,-56.313,-58.688,-11.313,0.871,-0.297,1.832,7.602,19.750,-1.121,0.390,0.320,1.199,1.367,0,NULL,NULL,,3,0,2,7,255,1376,250,0,0
stim,175854,205975,0,205975,3403274.454,-0.636,-0.071,0.347,0.685,0,0,7,0,0,0,0,473,45,1.044,1,2223,0,110.370,18.426,-77.813,-68.500,-37.875,0.727,-0.203,1.711,6.781,17.133,-1.637,0.380,0.348,1.199,1.367,0,NULL,NULL,,3,0,2,7,255,1376,250,0,0
stim,175854,205975,0,205975,3403279.455,-0.639,-0.073,0.342,0.685,0,0,11,0,0,0,0,475,45,1.044,1,2223,0,140.020,16.720,-101.250,-74.125,-62.125,0.855,-0.234,1.613,5.785,15.688,-1.988,0.368,0.376,1.199,1.367,0,NULL,NULL,,3,0,2,7,255,1376,250,0,0
stim,175854,205975,0,205975,3403284.454,-0.641,-0.075,0.336,0.686,0,0,9,0,0,0,0,468,45,1.044,1,2223,0,154.988,16.314,-119.938,-80.625,-56.000,0.945,-0.285,1.430,5.465,15.371,-3.004,0.356,0.376,1.199,1.367,0,NULL,NULL,,3,0,2,7,255,1376,250,0,0
stim,175854,205975,0,205975,3403289.455,-0.643,-0.076,0.329,0.687,0,0,8,0,0,0,0,495,45,1.044,1,2223,0,161.555,16.240,-128.375,-88.000,-43.313,0.738,-0.281,1.375,5.242,15.371,-4.027,0.342,0.356,1.199,1.367,0,NULL,NULL,,3,0,2,7,255,1376,250,0,0
stim,175854,205975,0,205975,3403294.454,-0.642,-0.066,0.328,0.690,169,0,0,451,0,11,0,523,45,1.044,1,2223,0,245.915,16.240,111.688,-173.188,134.188,-0.066,-0.301,3.195,5.242,15.371,-4.027,0.322,0.318,1.199,1.367,0,NULL,NULL,,3,0,2,7,255,1376,250,0,0
stim,175854,205975,0,205975,3403299.455,-0.633,-0.059,0.321,0.702,764,0,0,1016,0,111,0,556,45,1.044,1,2223,0,417.400,15.904,-117.125,-181.813,357.000,-0.816,2.004,4.273,5.242,15.016,14.125,0.302,0.268,1.199,1.367,0,NULL,NULL,,3,0,2,7,255,1376,250,0,0
stim,175872,205993,0,205993,3403304.453,-0.625,-0.067,0.301,0.717,1169,0,0,1420,0,311,0,613,45,1.044,1,2223,0,649.060,15.697,-579.750,-129.313,261.625,-1.273,2.316,1.977,-4.574,15.016,19.289,0.278,0.224,1.199,1.367,0,NULL,NULL,,3,0,2,7,255,1376,250,0,0
stim,175872,205993,0,205993,3403309.455,-0.621,-0.077,0.280,0.728,1560,0,0,1723,0,499,0,677,44,1.044,1,2224,0,583.379,13.976,-555.000,-126.875,127.313,-1.551,1.762,-0.293,-13.832,-2.004,19.289,0.256,0.194,1.199,1.367,1,1418.000,42.000,,3,0,2,7,255,1376,250,0,0
stim,175872,205993,0,205993,3403314.454,-0.620,-0.082,0.266,0.733,1863,0,0,1899,0,595,0,732,44,1.044,1,2224,0,360.463,19.728,-342.313,-112.813,5.375,-1.195,0.758,-0.645,-13.832,-14.066,-0.293,0.236,0.176,1.199,1.367,1,NULL,NULL,,3,0,2,7,255,1376,250,0,0
stim,175872,205993,0,205993,3403319.455,-0.623,-0.083,0.259,0.734,2075,0,0,1983,0,711,0,810,44,1.044,1,2224,0,179.137,15.219,-129.938,-114.688,-45.313,-0.387,0.438,-0.043,-5.809,-14.066,-7.430,0.220,0.170,1.199,1.367,1,NULL,NULL,,3,0,2,7,255,1376,250,0,0
stim,175895,206016,0,206016,3403324.454,-0.623,-0.081,0.253,0.735,2219,0,0,2087,0,877,0,861,44,1.044,1,2224,0,144.517,6.818,-74.500,-123.625,7.188,0.070,0.676,0.680,-5.516,-4.008,-7.430,0.216,0.166,1.199,1.367,1,NULL,NULL,,3,0,2,7,255,1376,250,0,0
stim,175895,206016,0,206016,3403329.455,-0.622,-0.078,0.247,0.739,2420,0,0,2239,0,1002,0,893,44,1.044,1,2224,0,187.687,6.141,-100.125,-134.313,84.625,-0.113,0.961,1.078,-5.516,2.699,-2.711,0.216,0.160,1.199,1.367,1,NULL,NULL,,3,0,2,7,255,1376,250,0,0
stim,175933,206054,0,206054,3403334.454,-0.619,-0.077,0.239,0.744,2579,0,0,2443,0,1063,0,911,44,1.044,1,2224,0,224.654,6.141,-155.563,-133.438,92.000,-0.695,0.605,1.086,-5.516,2.699,2.168,0.218,0.152,1.199,1.367,1,NULL,NULL,,3,0,2,7,255,1376,250,0,0
stim,175933,206054,0,206054,3403339.455,-0.616,-0.076,0.228,0.750,2713,0,0,2601,0,1085,0,980,44,1.044,1,2224,0,287.763,3.421,-209.938,-160.563,113.813,-1.563,-0.656,0.652,-2.699,-2.102,2.168,0.222,0.146,1.199,1.367,1,NULL,NULL,,3,0,2,7,255,1376,250,0,0
stim,175933,206054,0,206054,3403344.454,-0.616,-0.077,0.216,0.754,2805,0,0,2702,0,1113,0,1079,44,1.044,1,2224,0,286.053,14.468,-227.250,-170.313,34.313,-1.570,-0.867,0.156,10.496,-9.957,0.551,0.224,0.140,1.199,1.367,2,NULL,NULL,,3,0,2,7,255,1376,250,0,0
stim,175933,206054,0,206054,3403349.455,-0.619,-0.074,0.208,0.754,2855,0,0,2781,0,1129,0,1173,44,1.044,1,2224,0,216.205,14.468,-107.500,-176.375,-63.875,-0.828,-0.332,-0.020,10.496,-9.957,-4.281,0.228,0.134,1.199,1.367,2,NULL,NULL,,3,0,2,7,255,1376,250,0,0
stim,175933,206054,0,206054,3403354.454,-0.623,-0.069,0.202,0.753,2911,0,0,2867,0,1135,0,1260,44,1.044,1,2224,0,193.539,8.465,1.500,-182.000,-65.813,-0.051,-0.188,0.719,4.840,-6.945,-4.281,0.234,0.128,1.199,1.367,2,NULL,NULL,,3,0,2,7,255,1376,250,0,0
stim,175933,206054,0,206054,3403359.455,-0.625,-0.063,0.198,0.752,2953,0,0,2923,0,1163,0,1307,44,1.044,1,2224,0,176.646,5.453,21.500,-173.875,-22.563,0.266,-0.578,1.609,4.840,2.512,-3.531,0.242,0.120,1.199,1.367,2,NULL,NULL,,3,0,2,7,255,1376,250,0,0
stim,175933,206054,0,206054,3403364.454,-0.625,-0.058,0.192,0.754,2973,0,0,2962,0,1181,0,1339,44,1.044,1,2224,0,172.521,11.320,-55.625,-162.000,20.625,0.344,-0.770,1.887,6.805,9.047,2.707,0.258,0.106,1.199,1.367,2,NULL,NULL,,3,0,2,7,255,1376,250,0,0
stim,175933,206054,0,206054,3403369.455,-0.624,-0.057,0.184,0.757,2999,0,0,3003,0,1251,0,1369,44,1.044,1,2224,0,210.152,11.320,-134.500,-150.625,58.188,0.289,-0.570,1.441,6.805,9.047,2.707,0.278,0.088,1.199,1.367,2,NULL,NULL,,3,0,2,7,255,1376,250,0,0
stim,175933,206054,0,206054,3403374.454,-0.622,-0.055,0.175,0.761,3031,0,0,3032,0,1363,0,1386,44,1.044,1,2224,0,227.432,10.466,-151.625,-143.375,90.438,0.137,-0.559,0.852,6.309,8.352,1.453,0.296,0.072,1.199,1.367,2,NULL,NULL,,3,0,2,7,255,1376,250,0,0
stim,175933,206054,0,206054,3403379.455,-0.619,-0.053,0.168,0.766,3036,0,0,3054,0,1451,0,1413,44,1.044,1,2224,0,209.698,7.987,-107.938,-140.188,112.563,-0.074,-0.676,0.625,6.309,4.898,-3.328,0.308,0.060,1.199,1.367,2,NULL,NULL,,3,0,2,7,255,1376,250,0,0
stim,175933,206054,0,206054,3403384.453,-0.615,-0.049,0.163,0.770,3045,0,0,3069,0,1551,0,1470,44,1.044,1,2224,0,186.233,6.299,-52.625,-138.313,113.063,-0.262,-0.469,0.781,5.805,2.445,-3.328,0.318,0.054,1.199,1.367,2,NULL,NULL,,3,0,2,7,255,1376,250,0,0
stim,175933,206054,0,206054,3403389.455,-0.613,-0.045,0.159,0.772,3055,0,0,3097,0,1669,0,1524,44,1.044,1,2224,0,160.548,5.751,-20.500,-132.750,87.938,-0.293,-0.031,1.090,5.695,0.801,-2.586,0.328,0.046,1.199,1.367,2,NULL,NULL,,3,0,2,7,255,1376,250,0,0
stim,175971,206092,0,206092,3403394.454,-0.612,-0.041,0.155,0.775,3063,0,0,3101,0,1781,0,1587,44,1.044,1,2224,0,144.531,2.075,-27.625,-124.813,67.438,-0.168,0.191,1.355,1.914,0.801,1.059,0.338,0.036,1.199,1.367,2,NULL,NULL,,3,0,2,7,255,1376,250,0,0
stim,175971,206092,0,206092,3403399.455,-0.610,-0.038,0.150,0.777,3069,0,0,3117,0,1874,11,1656,44,1.044,1,2224,0,143.936,1.807,-60.750,-115.875,60.000,-0.059,0.184,1.340,-0.227,1.793,3.176,0.350,0.026,1.199,1.367,2,NULL,NULL,,3,0,2,7,255,1376,250,0,0
stim,175971,206092,0,206092,3403404.454,-0.608,-0.036,0.144,0.780,3087,0,0,3113,0,1963,51,1700,44,1.044,1,2224,0,151.589,1.935,-83.938,-108.875,63.875,-0.086,0.074,1.145,-0.227,1.922,3.176,0.360,0.018,1.199,1.367,2,NULL,NULL,,3,0,2,7,255,1376,250,0,0
stim,175971,206092,0,206092,3403409.455,-0.607,-0.034,0.138,0.782,3083,0,0,3119,0,2054,75,1739,44,1.044,1,2224,0,143.061,1.969,-81.500,-104.313,54.250,-0.203,-0.102,0.949,0.430,1.922,1.270,0.366,0.014,1.199,1.367,2,NULL,NULL,,3,0,2,7,255,1376,250,0,0
stim,175971,206092,0,206092,3403414.453,-0.606,-0.032,0.133,0.783,3096,0,0,3129,0,2111,115,1803,44,1.044,1,2224,0,126.608,2.267,-65.750,-102.250,35.375,-0.199,-0.172,0.914,2.168,0.664,-0.551,0.372,0.010,1.199,1.367,2,NULL,NULL,,3,0,2,7,255,1376,250,0,0
stim,175971,206092,0,206092,3403419.455,-0.606,-0.030,0.129,0.784,3095,0,0,3139,38,2197,187,1908,44,1.044,1,2224,0,113.408,2.267,-49.000,-99.813,22.313,-0.082,-0.098,0.930,2.168,0.664,-0.938,0.376,0.004,1.199,1.367,2,NULL,NULL,,3,0,2,7,255,1376,250,0,0
stim,175991,206112,0,206112,3403424.454,-0.605,-0.028,0.126,0.785,3093,0,0,3129,167,2233,279,2001,44,1.044,1,2224,0,93.799,2.336,-27.188,-86.625,23.563,0.078,0.004,1.289,1.758,1.539,-0.938,0.382,0.000,1.199,1.367,2,NULL,NULL,,3,0,2,7,255,1376,250,0,0
stim,175991,206112,0,206112,3403429.455,-0.606,-0.027,0.124,0.786,3098,0,0,3145,351,2279,283,2083,44,1.044,1,2224,0,51.516,3.550,-21.125,-46.938,2.125,0.180,0.156,1.688,0.680,3.484,2.328,0.000,0.000,1.199,1.367,2,NULL,NULL,,3,0,2,7,255,1376,250,0,0
stim,175991,206112,0,206112,3403434.454,-0.606,-0.027,0.121,0.786,3101,0,0,3141,487,2309,295,2116,44,1.044,1,2224,0,56.338,4.453,-46.250,-32.125,1.688,0.414,0.754,1.141,-0.742,4.391,2.328,0.000,0.000,1.199,1.367,2,NULL,NULL,,3,0,2,7,255,1376,250,0,0
stim,175991,206112,0,206112,3403439.455,-0.605,-0.026,0.120,0.787,3097,0,0,3145,595,2335,303,2151,44,1.044,1,2224,0,38.271,8.647,-15.125,-32.563,13.250,0.238,0.859,1.199,-7.449,4.391,2.273,0.000,0.000,1.199,1.367,2,NULL,NULL,,3,0,2,7,255,1376,250,0,0
stim,176035,206156,0,206156,3403444.453,-0.605,-0.027,0.118,0.787,3112,0,0,3148,675,2357,312,2204,44,1.044,1,2224,0,60.978,7.892,-57.188,-19.125,9.063,-0.391,0.152,1.621,-7.449,2.605,2.273,0.000,0.000,1.199,1.367,2,NULL,NULL,,3,0,2,7,255,1376,250,0,0
stim,176035,206156,0,206156,3403449.455,-0.606,-0.030,0.113,0.787,3112,0,0,3145,761,2379,327,2234,44,1.044,1,2224,0,118.529,0.970,-110.750,-16.500,-38.875,-0.359,0.219,0.941,-0.676,-0.695,2.273,0.000,0.000,1.199,1.367,2,NULL,NULL,,3,0,2,7,255,1376,250,0,0
stim,176035,206156,0,206156,3403454.454,-0.609,-0.031,0.111,0.785,3103,0,0,3155,843,2389,363,2264,44,1.044,1,2224,0,92.144,0.970,-60.500,-11.750,-68.500,-0.078,0.316,0.715,-0.676,-0.695,0.094,0.000,0.000,1.199,1.367,2,NULL,NULL,,3,0,2,7,255,1376,250,0,0
stim,176035,206156,0,206156,3403459.455,-0.611,-0.032,0.110,0.784,3111,0,0,3161,957,2391,375,2293,44,1.044,1,2224,0,71.348,1.300,-24.625,-10.563,-66.125,0.109,0.164,1.141,-1.297,-0.086,0.094,0.000,0.000,1.199,1.367,2,NULL,NULL,,3,0,2,7,255,1376,250,0,0
stim,176035,206156,0,206156,3403464.454,-0.612,-0.033,0.108,0.783,3109,2,0,3160,1068,2409,391,2317,44,1.044,1,2224,0,63.562,3.140,-50.063,-4.750,-38.875,0.109,0.152,1.293,-1.297,2.859,1.066,0.000,0.000,1.199,1.367,2,NULL,NULL,,3,0,2,7,255,1376,250,0,0
stim,176035,206156,0,206156,3403469.455,-0.613,-0.035,0.105,0.783,3102,21,0,3179,1125,2423,403,2344,44,1.044,1,2224,0,87.194,3.084,-85.000,-0.188,-19.438,-0.090,0.172,1.086,-1.156,2.859,1.066,0.000,0.000,1.199,1.367,2,NULL,NULL,,3,0,2,7,255,1376,250,0,0
stim,176035,206156,0,206156,3403474.454,-0.613,-0.038,0.102,0.782,3113,40,0,3181,1193,2427,401,2376,44,1.044,1,2224,0,91.586,1.353,-87.188,1.500,-28.000,-0.250,0.090,0.871,-1.039,0.867,0.922,0.000,0.000,1.199,1.367,2,NULL,NULL,,3,0,2,7,255,1376,250,0,0
stim,176035,206156,0,206156,3403479.455,-0.615,-0.040,0.100,0.781,3103,59,0,3175,1263,2440,401,2393,44,1.044,1,2224,0,80.740,0.459,-62.313,1.750,-51.313,-0.215,0.012,0.832,-0.043,-0.457,-0.918,0.000,0.000,1.199,1.367,2,NULL,NULL,,3,0,2,7,255,1376,250,0,0
stim,176035,206156,0,206156,3403484.454,-0.617,-0.041,0.098,0.780,3116,73,0,3181,1295,2457,397,2411,44,1.044,1,2224,0,73.451,0.490,-40.063,0.188,-61.563,-0.082,0.020,0.949,0.176,-0.457,-0.918,0.000,0.000,1.199,1.367,2,NULL,NULL,,3,0,2,7,255,1376,250,0,0
stim,176035,206156,0,206156,3403489.455,-0.619,-0.042,0.096,0.778,3101,107,0,3179,1357,2469,407,2425,44,1.044,1,2224,0,64.986,0.969,-37.250,0.188,-53.250,-0.020,0.031,1.039,0.176,0.953,-0.539,0.000,0.000,1.199,1.367,2,NULL,NULL,,3,0,2,7,255,1376,250,0,0
stim,176058,206179,0,206179,3403494.454,-0.620,-0.043,0.095,0.778,3109,107,0,3183,1428,2477,397,2440,44,1.044,1,2224,0,60.701,1.456,-46.688,1.813,-38.750,-0.063,-0.043,1.047,0.176,1.445,0.238,0.000,0.000,1.199,1.367,2,NULL,NULL,,3,0,2,7,255,1376,250,0,0
stim,176058,206179,0,206179,3403499.455,-0.621,-0.045,0.093,0.777,3103,137,0,3187,1501,2477,403,2453,44,1.044,1,2224,0,61.218,1.581,-52.500,1.750,-31.438,-0.148,-0.074,0.941,0.641,1.445,0.238,0.000,0.000,1.199,1.367,2,NULL,NULL,,3,0,2,7,255,1376,250,0,0
stim,176058,206179,0,206179,3403504.453,-0.622,-0.046,0.091,0.776,3111,162,0,3183,1559,2493,392,2470,44,1.044,1,2224,0,54.574,1.190,-42.688,0.250,-34.000,-0.195,-0.082,0.863,1.074,0.512,-0.539,0.000,0.000,1.199,1.367,2,NULL,NULL,,3,0,2,7,255,1376,250,0,0
stim,176058,206179,0,206179,3403509.455,-0.623,-0.047,0.090,0.775,3117,185,0,3189,1593,2505,397,2487,44,1.044,1,2224,0,47.524,1.205,-27.188,-1.813,-38.938,-0.176,-0.105,0.895,1.191,0.184,-0.957,0.000,0.000,1.199,1.367,2,NULL,NULL,,3,0,2,7,255,1376,250,0,0
stim,176081,206202,0,206202,3403514.454,-0.625,-0.048,0.089,0.774,3102,199,0,3182,1623,2509,397,2487,44,1.044,1,2224,0,41.634,1.325,-18.563,-3.250,-37.125,-0.121,-0.113,0.949,1.313,0.184,-0.957,0.000,0.000,1.199,1.367,2,NULL,NULL,,3,0,2,7,255,1376,250,0,0
stim,176081,206202,0,206202,3403519.455,-0.626,-0.048,0.088,0.774,3113,201,0,3187,1654,2519,401,2509,44,1.044,1,2224,0,32.388,1.608,-17.938,-3.875,-26.688,-0.094,-0.129,0.969,1.371,0.840,-0.520,0.000,0.000,1.199,1.367,2,NULL,NULL,,3,0,2,7,255,1376,250,0,0
stim,176081,206202,0,206202,3403524.454,-0.626,-0.049,0.087,0.773,3115,205,37,3195,1709,2527,408,2513,44,1.044,1,2224,0,25.610,1.642,-19.063,-4.500,-16.500,-0.125,-0.152,0.957,1.395,0.867,-0.445,0.000,0.000,1.199,1.367,2,NULL,NULL,,3,0,2,7,255,1376,250,0,0
stim,176081,206202,0,206202,3403529.455,-0.627,-0.049,0.086,0.773,3100,215,52,3183,1751,2531,393,2509,44,1.044,1,2224,0,20.458,1.873,-15.250,-5.000,-12.688,-0.148,-0.188,0.914,1.660,0.867,-0.445,0.000,0.000,1.199,1.367,2,NULL,NULL,,3,0,2,7,255,1376,250,0,0
stim,176128,206249,0,206249,3403534.453,-0.627,-0.049,0.085,0.773,3100,211,67,3181,1769,2525,383,2529,44,1.044,1,2224,0,13.342,2.027,-5.875,-6.500,-10.063,-0.148,-0.180,0.887,1.930,0.621,-0.824,0.000,0.000,1.199,1.367,2,NULL,NULL,,3,0,2,7,255,1376,250,0,0
stim,176128,206249,0,206249,3403539.455,-0.627,-0.049,0.085,0.773,3104,211,123,3191,1783,2535,403,2527,44,0.938,1,2224,1,10.105,2.009,2.500,-7.688,-6.063,-0.148,-0.152,0.918,1.930,0.559,-0.824,0.000,0.000,1.161,1.369,2,NULL,NULL,,3,0,2,7,255,1376,250,0,0
stim,176128,206249,0,206249,3403544.454,-0.627,-0.049,0.084,0.773,3099,211,141,3182,1815,2527,367,2545,44,0.938,1,2224,1,10.776,1.762,5.875,-8.625,-2.688,-0.164,-0.090,0.957,1.684,0.520,-0.781,0.004,0.002,1.161,1.369,2,NULL,NULL,,3,0,2,7,255,1376,250,0,0
stim,176128,206249,0,206249,3403549.455,-0.628,-0.048,0.084,0.772,3096,205,159,3173,1835,2541,373,2552,44,0.938,1,2224,1,12.048,1.157,7.375,-9.000,-3.125,-0.172,-0.020,0.984,1.109,0.328,-0.324,0.006,0.006,1.161,1.369,2,NULL,NULL,,3,0,2,7,255,1376,250,0,0
stim,176128,206249,0,206249,3403554.454,-0.628,-0.048,0.084,0.772,3095,203,184,3179,1868,2539,377,2549,44,0.938,1,2224,1,13.213,0.488,8.188,-9.313,-4.563,-0.164,0.031,1.008,0.461,0.160,-0.023,0.010,0.008,1.161,1.369,2,NULL,NULL,,3,0,2,7,255,1376,250,0,0
stim,176128,206249,0,206249,3403559.455,-0.628,-0.047,0.084,0.772,3093,191,211,3177,1890,2541,392,2559,44,0.938,1,2224,1,13.084,0.153,7.250,-9.438,-5.438,-0.168,0.055,1.027,-0.035,0.148,0.195,0.016,0.014,1.161,1.369,2,NULL,NULL,,3,0,2,7,255,1376,250,0,0
stim,176128,206249,0,206249,3403564.453,-0.628,-0.047,0.084,0.772,3089,189,245,3157,1899,2539,375,2568,44,0.938,1,2224,1,13.116,0.266,5.500,-8.875,-7.938,-0.176,0.082,1.035,-0.238,0.117,0.414,0.022,0.020,1.161,1.369,2,NULL,NULL,,3,0,2,7,255,1376,250,0,0
stim,176128,206249,0,206249,3403569.455,-0.629,-0.047,0.084,0.772,3083,196,279,3164,1928,2537,381,2581,44,0.938,1,2224,1,15.405,0.477,4.250,-8.500,-12.125,-0.176,0.102,1.035,-0.477,-0.020,0.492,0.030,0.028,1.161,1.369,2,NULL,NULL,,3,0,2,7,255,1376,250,0,0
stim,176149,206270,0,206270,3403574.454,-0.629,-0.046,0.084,0.771,3069,190,320,3147,1961,2527,383,2583,44,0.938,1,2224,1,17.760,0.617,3.313,-8.250,-15.375,-0.160,0.094,1.035,-0.617,-0.020,0.492,0.038,0.036,1.161,1.369,2,NULL,NULL,,3,0,2,7,255,1376,250,0,0
stim,176149,206270,0,206270,3403579.455,-0.630,-0.046,0.084,0.771,3079,192,355,3140,1979,2535,389,2597,44,0.938,1,2224,1,18.120,0.626,2.063,-8.250,-16.000,-0.148,0.090,1.027,-0.617,0.105,0.461,0.046,0.044,1.161,1.369,2,NULL,NULL,,3,0,2,7,255,1376,250,0,0
stim,176149,206270,0,206270,3403584.453,-0.630,-0.045,0.084,0.770,3055,189,395,3132,2007,2535,391,2595,44,0.938,1,2224,1,18.109,0.635,2.375,-8.500,-15.813,-0.148,0.113,1.027,-0.617,0.148,0.387,0.054,0.052,1.161,1.369,2,NULL,NULL,,3,0,2,7,255,1376,250,0,0
stim,176149,206270,0,206270,3403589.455,-0.631,-0.045,0.084,0.770,3061,191,445,3125,2013,2539,397,2604,44,0.938,1,2224,1,18.733,0.853,2.875,-8.750,-16.313,-0.145,0.148,1.039,-0.840,0.148,0.387,0.060,0.058,1.161,1.369,2,NULL,NULL,,3,0,2,7,255,1376,250,0,0
stim,176149,206270,0,206270,3403594.454,-0.631,-0.044,0.083,0.770,3043,189,487,3108,2041,2535,413,2611,44,0.938,1,2224,1,18.651,1.185,1.438,-8.813,-16.375,-0.133,0.164,1.055,-1.176,0.148,0.492,0.064,0.062,1.161,1.369,2,NULL,NULL,,3,0,2,7,255,1376,250,0,0
stim,176149,206270,0,206270,3403599.455,-0.632,-0.044,0.083,0.769,3021,201,557,3103,2053,2534,436,2627,44,0.938,1,2224,1,16.758,1.328,-1.438,-9.000,-14.063,-0.125,0.160,1.047,-1.305,0.246,0.578,0.068,0.066,1.161,1.369,2,NULL,NULL,,3,0,2,7,255,1376,250,0,0
stim,176171,206292,0,206292,3403604.454,-0.632,-0.044,0.083,0.769,3005,211,627,3087,2089,2534,447,2619,44,0.938,1,2224,1,14.640,1.351,-3.750,-9.625,-10.375,-0.145,0.164,1.035,-1.328,0.246,0.578,0.072,0.070,1.161,1.369,2,NULL,NULL,,3,0,2,7,255,1376,250,0,0
stim,176171,206292,0,206292,3403609.457,-0.633,-0.043,0.082,0.769,2991,229,672,3081,2135,2537,487,2641,44,0.938,1,2224,1,14.833,1.334,-4.563,-10.438,-9.500,-0.180,0.195,1.035,-1.332,0.066,0.543,0.074,0.072,1.161,1.369,2,NULL,NULL,,3,0,2,7,255,1376,250,0,0
stim,176171,206292,0,206292,3403614.453,-0.633,-0.043,0.082,0.769,2973,244,716,3061,2173,2539,527,2636,44,0.938,1,2224,1,17.706,1.568,-5.250,-11.250,-12.625,-0.184,0.215,1.043,-1.535,-0.320,0.543,0.074,0.074,1.161,1.369,2,NULL,NULL,,3,0,2,7,255,1376,250,0,0
stim,176171,206292,0,206292,3403619.455,-0.634,-0.043,0.082,0.768,2958,253,767,3039,2221,2531,549,2649,44,0.938,1,2224,1,20.382,1.710,-6.625,-11.625,-15.375,-0.160,0.203,1.051,-1.680,-0.320,0.641,0.074,0.074,1.161,1.369,2,NULL,NULL,,3,0,2,7,255,1376,250,0,0
stim,176202,206323,0,206323,3403624.454,-0.634,-0.043,0.081,0.768,2941,253,837,3035,2257,2541,601,2657,44,0.938,1,2224,1,22.343,1.686,-10.125,-11.063,-16.563,-0.145,0.180,1.039,-1.680,-0.148,0.641,0.074,0.072,1.161,1.369,2,NULL,NULL,,3,0,2,7,255,1376,250,0,0
stim,176202,206323,0,206323,3403629.455,-0.635,-0.043,0.080,0.767,2921,255,910,3032,2285,2537,651,2669,44,0.938,1,2224,1,23.853,1.469,-12.813,-10.250,-17.313,-0.141,0.129,1.016,-1.469,0.027,0.535,0.072,0.070,1.161,1.369,2,NULL,NULL,,3,0,2,7,255,1376,250,0,0
stim,176202,206323,0,206323,3403634.454,-0.635,-0.043,0.080,0.767,2901,252,983,3003,2316,2531,727,2671,44,0.938,1,2224,1,26.104,0.996,-14.000,-9.375,-19.938,-0.156,0.070,0.996,-0.996,0.027,0.289,0.072,0.068,1.161,1.369,2,NULL,NULL,,3,0,2,7,255,1376,250,0,0
stim,176202,206323,0,206323,3403639.455,-0.636,-0.043,0.079,0.766,2879,265,1075,2991,2343,2539,819,2682,44,0.938,1,2224,1,29.550,0.441,-14.313,-8.438,-24.438,-0.164,0.027,0.973,-0.441,-0.008,0.082,0.068,0.064,1.161,1.369,2,NULL,NULL,,3,0,2,7,255,1376,250,0,0
stim,176237,206358,0,206358,3403644.453,-0.637,-0.043,0.078,0.766,2857,261,1140,2981,2376,2536,907,2685,44,0.938,1,2224,1,32.903,0.032,-14.000,-7.750,-28.750,-0.160,-0.020,0.957,-0.031,-0.008,-0.125,0.064,0.060,1.161,1.369,2,NULL,NULL,,3,0,2,7,255,1376,250,0,0
stim,176237,206358,0,206358,3403649.455,-0.638,-0.043,0.077,0.765,2829,276,1223,2963,2398,2525,974,2692,44,0.938,1,2224,1,33.582,0.429,-12.688,-7.938,-30.063,-0.148,-0.070,0.953,0.426,0.051,-0.332,0.062,0.054,1.161,1.369,2,NULL,NULL,,3,0,2,7,255,1376,250,0,0
stim,176237,206358,0,206358,3403654.454,-0.639,-0.044,0.076,0.764,2805,283,1299,2953,2425,2525,1076,2703,44,0.938,1,2224,1,33.625,0.859,-12.500,-8.625,-30.000,-0.160,-0.082,0.949,0.852,0.109,-0.391,0.056,0.048,1.161,1.369,2,NULL,NULL,,3,0,2,7,255,1376,250,0,0
stim,176237,206358,0,206358,3403659.455,-0.640,-0.044,0.075,0.763,2787,292,1393,2927,2461,2525,1175,2715,44,0.938,1,2224,1,33.747,0.859,-12.250,-9.813,-29.875,-0.188,-0.059,0.953,0.852,0.109,-0.391,0.054,0.042,1.161,1.369,2,NULL,NULL,,3,0,2,7,255,1376,250,0,0
stim,176237,206358,0,206358,3403664.454,-0.641,-0.044,0.075,0.762,2763,302,1481,2909,2487,2523,1246,2725,44,0.938,1,2224,1,36.763,0.801,-12.125,-11.125,-32.875,-0.203,-0.016,0.965,0.777,-0.191,-0.320,0.050,0.036,1.161,1.369,2,NULL,NULL,,3,0,2,7,255,1376,250,0,0
stim,176237,206358,0,206358,3403669.455,-0.642,-0.044,0.074,0.761,2734,325,1560,2901,2505,2531,1331,2725,44,0.938,1,2224,1,40.517,0.488,-12.500,-12.188,-36.563,-0.188,0.012,0.980,0.398,-0.281,-0.168,0.048,0.030,1.161,1.369,2,NULL,NULL,,3,0,2,7,255,1376,250,0,0
stim,176237,206358,0,206358,3403674.454,-0.644,-0.044,0.073,0.760,2703,315,1661,2870,2525,2529,1400,2731,44,0.938,1,2224,1,43.468,0.291,-15.063,-13.250,-38.563,-0.164,0.020,0.996,0.074,-0.281,-0.016,0.046,0.026,1.161,1.369,2,NULL,NULL,,3,0,2,7,255,1376,250,0,0
stim,176237,206358,0,206358,3403679.455,-0.645,-0.044,0.072,0.759,2657,317,1749,2847,2551,2521,1491,2741,44,0.938,1,2224,1,45.514,0.067,-17.813,-13.750,-39.563,-0.133,0.023,0.996,-0.039,-0.055,0.031,0.044,0.022,1.161,1.369,2,NULL,NULL,,3,0,2,7,255,1376,250,0,0
stim,176237,206358,0,206358,3403684.454,-0.646,-0.044,0.071,0.759,2619,328,1833,2825,2580,2527,1575,2750,44,0.938,1,2224,1,44.294,0.271,-18.313,-13.688,-37.938,-0.102,0.020,0.984,-0.160,0.219,0.031,0.044,0.018,1.161,1.369,2,NULL,NULL,,3,0,2,7,255,1376,250,0,0
stim,176237,206358,0,206358,3403689.455,-0.647,-0.044,0.069,0.758,2582,345,1901,2811,2598,2519,1621,2773,44,0.938,1,2224,1,41.083,0.518,-17.688,-12.938,-34.750,-0.094,0.012,0.988,-0.160,0.492,-0.098,0.044,0.016,1.161,1.369,2,NULL,NULL,,3,0,2,7,255,1376,250,0,0
stim,176270,206391,0,206391,3403694.454,-0.649,-0.044,0.068,0.757,2533,361,1993,2791,2633,2530,1689,2773,44,0.938,1,2224,1,40.108,0.527,-17.625,-12.438,-33.813,-0.113,0.023,1.000,-0.188,0.492,-0.098,0.044,0.016,1.161,1.369,2,NULL,NULL,,3,0,2,7,255,1376,250,0,0
stim,176270,206391,0,206391,3403699.455,-0.650,-0.045,0.067,0.756,2503,393,2091,2779,2639,2521,1759,2781,44,0.938,1,2224,1,40.364,0.434,-18.063,-12.125,-34.000,-0.117,0.047,1.000,-0.230,0.367,0.051,0.044,0.016,1.161,1.369,2,NULL,NULL,,3,0,2,7,255,1376,250,0,0
stim,176270,206391,0,206391,3403704.453,-0.651,-0.045,0.066,0.755,2456,411,2168,2763,2671,2531,1835,2789,44,0.938,1,2224,1,42.303,0.558,-19.438,-11.563,-35.750,-0.129,0.051,1.008,-0.484,0.277,0.055,0.042,0.016,1.161,1.369,2,NULL,NULL,,3,0,2,7,255,1376,250,0,0
stim,176270,206391,0,206391,3403709.455,-0.652,-0.045,0.065,0.754,2419,425,2236,2733,2687,2520,1881,2795,44,0.938,1,2224,1,44.633,0.558,-20.875,-11.250,-37.813,-0.117,0.039,1.016,-0.484,0.277,0.156,0.042,0.018,1.161,1.369,2,NULL,NULL,,3,0,2,7,255,1376,250,0,0
stim,176270,206391,0,206391,3403714.454,-0.653,-0.045,0.064,0.753,2376,447,2313,2727,2716,2519,1947,2807,44,0.938,1,2224,1,48.235,0.544,-24.625,-10.500,-40.125,-0.113,0.023,1.031,-0.453,0.301,0.211,0.042,0.020,1.161,1.369,2,NULL,NULL,,3,0,2,7,255,1376,250,0,0
stim,176270,206391,0,206391,3403719.455,-0.655,-0.046,0.062,0.752,2317,463,2383,2695,2719,2517,2007,2807,44,0.938,1,2224,1,52.643,0.434,-32.625,-10.813,-39.875,-0.129,0.016,1.047,-0.313,0.301,0.355,0.042,0.024,1.161,1.369,2,NULL,NULL,,3,0,2,7,255,1376,250,0,0
stim,176291,206412,0,206412,3403724.454,-0.656,-0.047,0.061,0.751,2257,476,2447,2667,2739,2523,2068,2813,44,0.938,1,2224,1,59.980,0.395,-39.750,-10.438,-43.688,-0.156,0.027,1.031,-0.313,0.242,0.398,0.044,0.026,1.161,1.369,2,NULL,NULL,,3,0,2,7,255,1376,250,0,0
stim,176291,206412,0,206412,3403729.455,-0.658,-0.048,0.059,0.750,2191,484,2514,2643,2751,2520,2125,2827,44,0.938,1,2224,1,63.592,0.369,-40.875,-10.813,-47.500,-0.129,0.043,0.980,-0.363,0.063,0.398,0.044,0.028,1.161,1.369,2,NULL,NULL,,3,0,2,7,255,1376,250,0,0
stim,176291,206412,0,206412,3403734.453,-0.659,-0.048,0.057,0.748,2148,495,2547,2617,2765,2513,2173,2824,44,0.938,1,2224,1,60.404,0.384,-35.000,-10.938,-48.000,-0.109,0.016,0.957,-0.379,0.063,-0.121,0.044,0.030,1.161,1.369,2,NULL,NULL,,3,0,2,7,255,1376,250,0,0
stim,176291,206412,0,206412,3403739.455,-0.660,-0.049,0.056,0.747,2083,505,2583,2584,2789,2515,2207,2837,44,0.938,1,2224,1,56.477,0.450,-30.938,-11.313,-45.875,-0.109,-0.020,0.996,-0.379,0.242,-0.121,0.046,0.030,1.161,1.369,2,NULL,NULL,,3,0,2,7,255,1376,250,0,0
stim,176340,206461,0,206461,3403744.454,-0.662,-0.049,0.054,0.746,2025,509,2632,2553,2791,2515,2264,2839,44,0.938,1,2224,1,56.885,0.349,-32.563,-11.313,-45.250,-0.113,-0.066,1.012,-0.078,0.340,0.008,0.046,0.030,1.161,1.369,2,NULL,NULL,,3,0,2,7,255,1376,250,0,0
stim,176340,206461,0,206461,3403749.455,-0.663,-0.050,0.052,0.745,1953,529,2653,2524,2811,2507,2311,2853,44,0.938,1,2224,1,56.400,0.511,-35.000,-11.563,-42.688,-0.105,-0.078,0.984,0.367,0.355,0.008,0.050,0.030,1.161,1.369,2,NULL,NULL,,3,0,2,7,255,1376,250,0,0
stim,176340,206461,0,206461,3403754.454,-0.665,-0.051,0.051,0.744,1879,533,2684,2480,2823,2515,2341,2852,44,0.938,1,2224,1,53.920,0.570,-33.688,-11.500,-40.500,-0.109,-0.082,0.969,0.445,0.355,-0.090,0.052,0.030,1.161,1.369,2,NULL,NULL,,3,0,2,7,255,1376,250,0,0
stim,176340,206461,0,206461,3403759.455,-0.666,-0.052,0.049,0.743,1806,535,2722,2449,2839,2507,2389,2865,44,0.938,1,2224,1,52.230,0.555,-33.625,-12.188,-38.063,-0.117,-0.105,0.996,0.453,0.320,-0.090,0.054,0.030,1.161,1.369,2,NULL,NULL,,3,0,2,7,255,1376,250,0,0
stim,176340,206461,0,206461,3403764.454,-0.667,-0.052,0.047,0.742,1743,533,2742,2395,2847,2499,2416,2869,44,0.938,1,2224,1,54.512,0.575,-36.000,-12.625,-38.938,-0.133,-0.094,0.992,0.504,0.277,0.020,0.056,0.032,1.161,1.369,2,NULL,NULL,,3,0,2,7,255,1376,250,0,0
stim,176340,206461,0,206461,3403769.455,-0.668,-0.053,0.046,0.741,1643,529,2769,2354,2853,2486,2443,2875,44,0.938,1,2224,1,52.429,0.570,-33.938,-12.750,-37.875,-0.105,-0.055,0.961,0.504,0.266,0.020,0.058,0.032,1.161,1.369,2,NULL,NULL,,3,0,2,7,255,1376,250,0,0
stim,176340,206461,0,206461,3403774.454,-0.669,-0.053,0.044,0.740,1548,509,2795,2287,2859,2486,2471,2873,44,0.938,1,2224,1,47.499,0.278,-28.938,-12.938,-35.375,-0.090,-0.027,0.965,0.082,0.266,-0.320,0.060,0.032,1.161,1.369,2,NULL,NULL,,3,0,2,7,255,1376,250,0,0
stim,176340,206461,0,206461,3403779.455,-0.670,-0.053,0.043,0.739,1427,499,2778,2231,2875,2477,2491,2877,44,0.938,1,2224,1,41.118,0.427,-23.750,-13.313,-30.813,-0.090,-0.027,0.973,-0.219,0.367,-0.320,0.060,0.032,1.161,1.369,2,NULL,NULL,,3,0,2,7,255,1376,250,0,0
stim,176340,206461,0,206461,3403784.453,-0.671,-0.054,0.042,0.738,1317,487,2834,2183,2876,2477,2514,2891,44,0.938,1,2224,1,38.547,0.427,-21.563,-13.000,-29.188,-0.109,-0.051,1.000,-0.219,0.367,-0.246,0.062,0.032,1.161,1.369,2,NULL,NULL,,3,0,2,7,255,1376,250,0,0
stim,176340,206461,0,206461,3403789.455,-0.672,-0.054,0.041,0.738,1212,477,2844,2117,2893,2469,2547,2891,44,0.938,1,2224,1,38.328,0.224,-22.188,-13.500,-28.188,-0.113,-0.070,1.016,-0.020,0.223,0.047,0.062,0.032,1.161,1.369,2,NULL,NULL,,3,0,2,7,255,1376,250,0,0
stim,176359,206480,0,206480,3403794.454,-0.673,-0.054,0.039,0.737,1111,451,2863,2027,2900,2463,2572,2893,44,0.938,1,2224,1,39.223,0.204,-23.625,-13.500,-28.250,-0.109,-0.059,1.008,0.016,0.203,0.148,0.064,0.032,1.161,1.369,2,NULL,NULL,,3,0,2,7,255,1376,250,0,0
stim,176359,206480,0,206480,3403799.455,-0.674,-0.054,0.038,0.736,1035,435,2884,1929,2905,2461,2586,2893,44,0.938,1,2224,1,38.630,0.196,-22.000,-14.000,-28.500,-0.113,-0.027,0.992,0.016,0.195,0.148,0.064,0.034,1.161,1.369,2,NULL,NULL,,3,0,2,7,255,1376,250,0,0
stim,176359,206480,0,206480,3403804.453,-0.674,-0.054,0.037,0.735,920,381,2901,1839,2909,2448,2605,2895,44,0.938,1,2224,1,36.294,0.341,-18.500,-14.438,-27.688,-0.109,0.000,1.004,-0.313,0.137,0.066,0.066,0.034,1.161,1.369,2,NULL,NULL,,3,0,2,7,255,1376,250,0,0
stim,176359,206480,0,206480,3403809.455,-0.675,-0.054,0.036,0.735,805,372,2906,1709,2923,2441,2623,2899,44,0.938,1,2224,1,35.414,0.604,-17.750,-15.063,-26.688,-0.113,0.004,1.039,-0.590,0.129,0.066,0.068,0.036,1.161,1.369,2,NULL,NULL,,3,0,2,7,255,1376,250,0,0
stim,176386,206507,0,206507,3403814.453,-0.676,-0.054,0.035,0.734,680,353,2925,1619,2940,2423,2639,2913,44,0.938,1,2224,1,35.778,0.618,-18.500,-15.563,-26.375,-0.113,-0.004,1.039,-0.609,0.105,0.398,0.070,0.038,1.161,1.369,2,NULL,NULL,,3,0,2,7,255,1376,250,0,0
stim,176386,206507,0,206507,3403819.455,-0.677,-0.054,0.034,0.733,565,329,2935,1507,2935,2413,2658,2904,44,0.938,1,2224,1,37.030,0.618,-20.125,-15.938,-26.688,-0.102,-0.023,1.012,-0.609,0.105,0.398,0.072,0.040,1.161,1.369,2,NULL,NULL,,3,0,2,7,255,1376,250,0,0
stim,176386,206507,0,206507,3403824.454,-0.678,-0.054,0.033,0.733,430,295,2949,1363,2937,2409,2675,2909,44,0.938,1,2224,1,35.931,0.464,-17.438,-16.063,-27.000,-0.102,-0.043,1.008,-0.434,0.164,0.145,0.074,0.040,1.161,1.369,2,NULL,NULL,,3,0,2,7,255,1376,250,0,0
stim,176386,206507,0,206507,3403829.455,-0.679,-0.054,0.031,0.732,359,277,2951,1231,2955,2385,2681,2910,44,0.938,1,2224,1,34.426,0.312,-14.875,-17.063,-25.938,-0.102,-0.070,1.012,-0.258,0.176,0.145,0.076,0.042,1.161,1.369,2,NULL,NULL,,3,0,2,7,255,1376,250,0,0
stim,176427,206548,0,206548,3403834.453,-0.679,-0.054,0.030,0.731,277,231,2966,1105,2964,2377,2697,2911,44,0.938,1,2224,1,34.017,0.249,-15.938,-17.750,-24.250,-0.102,-0.055,1.012,-0.188,0.164,0.172,0.076,0.040,1.161,1.369,2,NULL,NULL,,3,0,2,7,255,1376,250,0,0
stim,176427,206548,0,206548,3403839.455,-0.680,-0.054,0.029,0.731,157,197,2969,938,2968,2355,2710,2918,44,0.938,1,2224,1,34.296,0.260,-13.938,-18.125,-25.563,-0.094,-0.047,1.004,-0.188,0.180,0.172,0.078,0.040,1.161,1.369,2,NULL,NULL,,3,0,2,7,255,1376,250,0,0
stim,176427,206548,0,206548,3403844.453,-0.681,-0.054,0.028,0.730,117,168,2971,825,2965,2327,2709,2918,44,0.938,1,2224,1,28.795,0.325,-9.875,-20.625,-17.500,0.020,-0.027,0.961,-0.250,0.207,0.055,0.080,0.040,1.161,1.369,2,NULL,NULL,,3,0,2,7,255,1376,250,0,0
stim,176427,206548,0,206548,3403849.455,-0.681,-0.053,0.027,0.730,85,139,2981,680,2981,2321,2739,2925,44,0.938,1,2224,1,21.349,0.395,-3.625,-19.750,-7.250,-0.090,-0.039,0.996,-0.336,0.207,-0.012,0.080,0.038,1.161,1.369,2,NULL,NULL,,3,0,2,7,255,1376,250,0,0
stim,176427,206548,0,206548,3403854.454,-0.681,-0.052,0.027,0.730,45,107,2995,553,2975,2294,2751,2925,44,0.938,1,2224,1,23.738,0.376,-1.625,-22.313,-7.938,-0.141,-0.043,1.055,-0.336,0.168,-0.012,0.082,0.038,1.161,1.369,2,NULL,NULL,,3,0,2,7,255,1376,250,0,0
stim,176427,206548,0,206548,3403859.455,-0.682,-0.052,0.026,0.729,26,88,2987,429,2991,2275,2767,2931,44,0.938,1,2224,1,28.456,0.326,-6.375,-22.563,-16.125,-0.121,-0.051,1.051,-0.309,-0.105,0.566,0.084,0.036,1.161,1.369,2,NULL,NULL,,3,0,2,7,255,1376,250,0,0
stim,176427,206548,0,206548,3403864.453,-0.682,-0.051,0.025,0.729,18,60,3003,345,2988,2250,2787,2939,44,0.938,1,2224,1,30.869,0.286,-8.125,-23.188,-18.688,-0.066,-0.063,1.004,-0.266,-0.105,0.566,0.084,0.034,1.161,1.369,2,NULL,NULL,,3,0,2,7,255,1376,250,0,0
stim,176427,206548,0,206548,3403869.455,-0.683,-0.050,0.024,0.729,8,45,3001,261,2999,2227,2788,2935,44,0.938,1,2224,1,27.946,0.456,-4.625,-24.563,-12.500,-0.027,-0.035,0.996,-0.266,0.371,0.055,0.084,0.034,1.161,1.369,2,NULL,NULL,,3,0,2,7,255,1376,250,0,0
stim,176453,206574,0,206574,3403874.454,-0.683,-0.049,0.023,0.729,0,39,3000,199,3001,2213,2793,2932,44,0.938,1,2224,1,29.676,0.470,11.250,-27.438,1.125,-0.148,-0.051,1.109,-0.289,0.371,0.055,0.086,0.034,1.161,1.369,2,NULL,NULL,,3,0,2,7,255,1376,250,0,0
stim,176453,206574,0,206574,3403879.455,-0.682,-0.047,0.023,0.729,0,31,3015,187,3001,2187,2815,2936,44,0.938,1,2224,1,47.014,0.567,27.188,-34.625,16.500,-0.270,-0.039,1.340,-0.418,-0.383,1.180,0.086,0.032,1.161,1.369,2,NULL,NULL,,3,0,2,7,255,1376,250,0,0
stim,176453,206574,0,206574,3403884.453,-0.682,-0.047,0.022,0.730,0,18,3020,171,3015,2151,2821,2936,44,0.938,1,2224,1,38.156,0.977,-7.313,-36.625,7.813,-0.223,-0.090,1.332,-0.289,-0.934,3.441,0.086,0.030,1.161,1.369,2,NULL,NULL,,3,0,2,7,255,1376,250,0,0
stim,176453,206574,0,206574,3403889.455,-0.682,-0.047,0.020,0.730,0,1,3021,148,3013,2125,2840,2943,44,0.938,1,2224,0,49.216,0.934,-33.000,-36.500,1.000,-0.180,-0.203,1.090,0.031,-0.934,3.441,0.086,0.030,1.161,1.369,3,NULL,NULL,,3,0,2,7,255,1376,250,0,0
stim,176453,206574,0,206574,3403894.454,-0.681,-0.046,0.018,0.730,0,0,3023,139,3017,2097,2851,2939,44,0.938,1,2224,0,46.927,1.238,-21.625,-41.000,7.313,-0.137,-0.176,0.949,1.027,-0.691,1.102,0.086,0.030,1.161,1.369,3,NULL,NULL,,3,0,2,7,255,1376,250,0,0
stim,176453,206574,0,206574,3403899.455,-0.681,-0.045,0.017,0.731,0,0,3019,112,3016,2029,2851,2937,44,0.938,1,2224,0,45.358,1.238,-2.875,-44.438,8.625,-0.184,-0.078,0.977,1.027,-0.691,-0.094,0.086,0.030,1.161,1.369,3,NULL,NULL,,3,0,2,7,255,1376,250,0,0
stim,176472,206593,0,206593,3403904.454,-0.681,-0.043,0.016,0.731,0,0,3019,89,3034,1997,2825,2940,44,0.938,1,2224,0,47.943,0.976,8.063,-47.250,1.000,-0.184,-0.016,1.059,0.086,-0.973,-0.094,0.086,0.030,1.161,1.369,3,NULL,NULL,,3,0,2,7,255,1376,250,0,0
stim,176472,206593,0,206593,3403909.455,-0.681,-0.041,0.014,0.731,0,0,3019,78,3027,1943,2868,2939,44,0.938,1,2224,0,50.428,0.995,8.813,-49.625,-1.625,-0.145,-0.059,1.125,-0.211,-0.973,0.648,0.088,0.028,1.161,1.369,3,NULL,NULL,,3,0,2,7,255,1376,250,0,0
stim,176472,206593,0,206593,3403914.453,-0.681,-0.040,0.013,0.731,0,0,3020,37,3031,1884,2876,2941,44,0.938,1,2224,0,51.733,0.637,1.000,-51.688,-1.938,-0.145,-0.133,1.121,-0.211,-0.602,1.289,0.088,0.028,1.161,1.369,3,NULL,NULL,,3,0,2,7,255,1376,250,0,0
stim,176472,206593,0,206593,3403919.455,-0.681,-0.038,0.011,0.731,0,0,3019,14,3043,1835,2887,2941,44,0.938,1,2224,0,54.190,0.785,-0.188,-54.188,0.438,-0.141,-0.176,1.063,0.504,-0.602,1.289,0.088,0.028,1.161,1.369,3,NULL,NULL,,3,0,2,7,255,1376,250,0,0
stim,176497,206618,0,206618,3403924.454,-0.681,-0.036,0.010,0.731,0,0,3020,0,3037,1757,2899,2941,44,0.938,1,2224,0,56.794,1.056,3.500,-56.625,2.625,-0.145,-0.160,1.043,0.859,-0.613,0.750,0.088,0.028,1.161,1.369,3,NULL,NULL,,3,0,2,7,255,1376,250,0,0
stim,176497,206618,1,206618,3403929.455,-0.681,-0.034,0.008,0.731,0,0,3020,0,3043,1683,2903,2939,44,0.938,1,2224,0,59.982,1.088,8.063,-59.438,0.063,-0.133,-0.133,1.055,0.859,-0.668,0.645,0.086,0.028,1.161,1.369,3,NULL,NULL,,3,1,2,7,255,1376,250,0,0
stim,176497,206618,1,206618,3403934.454,-0.681,-0.032,0.007,0.732,0,0,3016,0,3053,1630,2879,2937,44,0.938,1,2224,0,63.007,0.886,13.375,-61.563,1.000,-0.117,-0.086,1.070,0.582,-0.668,0.645,0.084,0.034,1.161,1.369,3,NULL,NULL,,3,1,2,7,255,1376,250,0,0
stim,176497,206618,1,206618,3403939.455,-0.681,-0.029,0.005,0.732,0,0,3015,0,3047,1553,2919,2937,44,0.938,1,2224,0,65.946,0.588,13.688,-64.500,1.125,-0.098,-0.055,1.125,0.125,-0.574,0.758,0.080,0.038,1.161,1.369,3,NULL,NULL,,3,1,2,7,255,1376,250,0,0
stim,176535,206656,1,206656,3403944.453,-0.681,-0.027,0.004,0.732,0,0,3020,0,3057,1459,2927,2933,44,0.938,1,2224,0,66.674,0.516,6.688,-66.125,5.313,-0.086,-0.047,1.152,-0.207,-0.473,1.273,0.078,0.042,1.161,1.369,3,NULL,NULL,,3,1,2,7,255,1376,250,0,0
stim,176535,206656,1,206656,3403949.455,-0.680,-0.025,0.002,0.732,0,0,3004,0,3061,1336,2921,2933,44,0.938,1,2224,0,67.696,0.573,4.063,-67.375,5.188,-0.109,-0.023,1.066,-0.324,-0.473,1.273,0.076,0.044,1.161,1.369,3,NULL,NULL,,3,1,2,7,255,1376,250,0,0
stim,176535,206656,1,206656,3403954.454,-0.680,-0.022,0.000,0.733,0,0,3003,0,3059,1258,2935,2931,44,0.938,1,2224,0,71.799,0.712,8.313,-71.250,3.063,-0.090,-0.031,1.078,-0.387,-0.598,0.793,0.074,0.048,1.161,1.369,3,NULL,NULL,,3,1,2,7,255,1376,250,0,0
stim,176535,206656,1,206656,3403959.455,-0.680,-0.020,-0.002,0.733,0,0,2997,0,3061,1151,2939,2927,44,0.938,1,2224,0,74.181,0.755,10.625,-73.250,4.938,-0.070,-0.016,1.102,-0.461,-0.598,0.793,0.070,0.052,1.161,1.369,3,NULL,NULL,,3,1,2,7,255,1376,250,0,0
stim,176535,206656,1,206656,3403964.453,-0.680,-0.017,-0.003,0.733,0,0,2991,0,3065,1034,2948,2923,44,0.938,1,2224,0,76.765,0.702,9.813,-75.813,7.000,-0.063,-0.023,1.117,-0.500,-0.492,0.996,0.066,0.058,1.161,1.369,3,NULL,NULL,,3,1,2,7,255,1376,250,0,0
stim,176535,206656,1,206656,3403969.455,-0.679,-0.014,-0.005,0.734,0,0,2988,0,3064,915,2955,2919,44,0.938,1,2224,0,78.193,0.744,5.188,-77.500,9.000,-0.070,-0.012,1.121,-0.559,-0.492,1.152,0.062,0.064,1.161,1.369,3,NULL,NULL,,3,1,2,7,255,1376,250,0,0
stim,176535,206656,1,206656,3403974.454,-0.679,-0.012,-0.008,0.734,0,0,2981,0,3067,767,2958,2911,44,0.938,1,2224,0,81.786,0.785,3.563,-81.063,10.250,-0.051,-0.004,1.113,-0.578,-0.531,1.152,0.060,0.070,1.161,1.369,3,NULL,NULL,,3,1,2,7,255,1376,250,0,0
stim,176535,206656,1,206656,3403979.455,-0.679,-0.009,-0.010,0.734,0,0,2973,0,3067,686,2967,2903,44,0.938,1,2224,0,83.593,0.890,4.063,-82.938,9.625,-0.078,0.008,1.113,-0.645,-0.613,1.090,0.056,0.074,1.161,1.369,3,NULL,NULL,,3,1,2,7,255,1376,250,0,0
stim,176535,206656,1,206656,3403984.454,-0.678,-0.006,-0.012,0.735,0,0,2970,0,3067,601,2975,2895,44,0.938,1,2224,0,87.127,1.090,3.375,-86.563,9.313,-0.070,-0.008,1.113,-0.645,-0.879,1.090,0.054,0.080,1.161,1.369,3,NULL,NULL,,3,1,2,7,255,1376,250,0,0
stim,176535,206656,1,206656,3403989.455,-0.678,-0.003,-0.014,0.735,0,0,2959,0,3069,507,2982,2879,44,0.938,1,2224,0,91.343,1.138,7.000,-90.438,10.750,-0.047,0.012,1.133,-0.723,-0.879,1.090,0.052,0.084,1.161,1.369,3,NULL,NULL,,3,1,2,7,255,1376,250,0,0
stim,176567,206688,1,206688,3403994.454,-0.677,0.000,-0.017,0.736,0,0,2949,0,3078,384,2987,2867,44,0.938,1,2224,0,93.912,1.148,2.188,-93.125,11.938,-0.047,0.047,1.188,-0.762,-0.859,1.242,0.050,0.088,1.161,1.369,3,NULL,NULL,,3,1,2,7,255,1376,250,0,0
stim,176567,206688,1,206688,3403999.455,-0.676,0.003,-0.020,0.736,0,0,2936,0,3079,263,2990,2853,44,0.938,1,2224,0,99.309,1.343,-7.125,-97.250,18.813,0.035,0.063,1.230,-1.117,-0.746,1.758,0.048,0.092,1.161,1.369,3,NULL,NULL,,3,1,2,7,255,1376,250,0,0
stim,176567,206688,1,206688,3404004.453,-0.675,0.006,-0.023,0.737,0,0,2925,0,3079,190,2996,2840,44,0.938,1,2224,0,105.186,1.559,-22.500,-98.313,29.875,-0.012,0.082,1.238,-1.355,-0.770,2.203,0.046,0.096,1.161,1.369,3,NULL,NULL,,3,1,2,7,255,1376,250,0,0
stim,176567,206688,1,206688,3404009.455,-0.674,0.008,-0.027,0.738,0,0,2911,0,3079,138,3001,2823,44,0.938,1,2224,0,110.394,1.559,-27.625,-103.250,27.625,-0.051,0.023,1.047,-1.355,-0.770,2.203,0.042,0.100,1.161,1.369,3,NULL,NULL,,3,1,2,7,255,1376,250,0,0
stim,176568,206689,1,206689,3404014.454,-0.673,0.011,-0.031,0.739,0,0,2899,0,3078,60,3001,2805,44,0.938,1,2224,0,111.235,1.293,-9.563,-107.063,28.625,0.020,0.035,1.051,-1.039,-0.770,0.449,0.040,0.104,1.161,1.369,3,NULL,NULL,,3,1,2,7,255,1376,250,0,0
stim,176568,206689,1,206689,3404019.455,-0.671,0.014,-0.034,0.740,0,0,2874,0,3079,36,3007,2787,44,0.938,1,2224,0,117.130,1.169,-6.125,-110.625,38.000,0.012,-0.008,1.227,-0.840,-0.813,0.449,0.036,0.108,1.161,1.369,3,NULL,NULL,,3,1,2,7,255,1376,250,0,0
stim,176591,206712,1,206712,3404024.454,-0.670,0.017,-0.038,0.741,0,0,2863,0,3077,2,3013,2764,44,0.938,1,2224,0,123.494,1.319,-24.438,-112.625,44.375,0.008,0.055,1.297,-1.039,-0.813,2.168,0.032,0.110,1.161,1.369,3,NULL,NULL,,3,1,2,7,255,1376,250,0,0
stim,176591,206712,1,206712,3404029.455,-0.668,0.020,-0.042,0.743,0,0,2840,0,3069,0,3015,2732,44,0.938,1,2224,0,129.174,1.696,-35.875,-115.000,46.625,-0.074,0.063,1.230,-1.313,-1.074,2.168,0.028,0.114,1.161,1.369,3,NULL,NULL,,3,1,2,7,255,1376,250,0,0
stim,176591,206712,1,206712,3404034.454,-0.666,0.022,-0.047,0.744,0,0,2813,0,3067,0,3017,2707,44,0.938,1,2224,0,131.227,2.331,-34.750,-119.500,41.625,-0.125,0.008,1.191,-1.313,-1.926,2.082,0.026,0.116,1.161,1.369,3,NULL,NULL,,3,1,2,7,255,1376,250,0,0
stim,176591,206712,1,206712,3404039.455,-0.665,0.026,-0.051,0.745,0,0,2789,0,3064,0,3020,2669,44,0.938,1,2224,0,130.209,2.522,-24.688,-124.125,30.625,-0.102,0.012,1.238,-0.805,-2.391,2.082,0.024,0.118,1.161,1.369,3,NULL,NULL,,3,1,2,7,255,1376,250,0,0
stim,176636,206757,1,206757,3404044.454,-0.664,0.029,-0.055,0.745,0,0,2761,0,3061,0,3022,2635,44,0.938,1,2224,0,131.218,2.522,-18.438,-127.500,24.938,-0.066,0.047,1.305,-0.805,-2.391,2.098,0.024,0.122,1.161,1.369,3,NULL,NULL,,3,1,2,7,255,1376,250,0,0
stim,176636,206757,1,206757,3404049.455,-0.662,0.032,-0.059,0.746,0,0,2729,0,3054,0,3022,2591,44,0.938,1,2224,0,136.021,2.618,-23.563,-131.125,27.438,-0.016,0.105,1.445,-1.234,-2.309,2.758,0.024,0.126,1.161,1.369,3,NULL,NULL,,3,1,2,7,255,1376,250,0,0
stim,176636,206757,1,206757,3404054.454,-0.661,0.036,-0.064,0.747,0,0,2693,0,3047,0,3021,2525,44,0.938,1,2224,0,141.694,2.772,-38.313,-134.000,25.563,-0.105,0.066,1.512,-1.535,-2.309,4.113,0.026,0.128,1.161,1.369,3,NULL,NULL,,3,1,2,7,255,1376,250,0,0
stim,176636,206757,1,206757,3404059.455,-0.660,0.039,-0.070,0.747,0,0,2644,0,3042,0,3020,2461,44,0.938,1,2224,0,148.825,3.644,-44.563,-140.500,20.563,-0.176,0.016,1.484,-1.535,-3.305,4.270,0.032,0.132,1.161,1.369,3,NULL,NULL,,3,1,2,7,255,1376,250,0,0
stim,176636,206757,1,206757,3404064.454,-0.659,0.042,-0.076,0.747,0,0,2601,0,3031,0,3018,2373,44,0.938,1,2224,0,159.474,4.193,-56.000,-148.563,15.000,-0.191,-0.016,1.441,-0.977,-4.078,4.270,0.036,0.136,1.161,1.369,3,NULL,NULL,,3,1,2,7,255,1376,250,0,0
stim,176636,206757,1,206757,3404069.455,-0.658,0.045,-0.082,0.747,0,0,2548,0,3026,0,3013,2267,44,0.938,1,2224,0,166.138,4.193,-57.250,-155.625,10.250,-0.117,0.051,1.520,-0.977,-4.078,4.270,0.042,0.142,1.161,1.369,3,NULL,NULL,,3,1,2,7,255,1376,250,0,0
stim,176636,206757,1,206757,3404074.454,-0.657,0.049,-0.089,0.747,0,0,2484,0,3007,0,3005,2183,44,0.938,1,2224,0,177.290,4.529,-61.688,-165.688,13.188,-0.180,0.102,1.508,-1.488,-4.277,4.211,0.048,0.148,1.161,1.369,3,NULL,NULL,,3,1,2,7,255,1376,250,0,0
stim,176636,206757,1,206757,3404079.455,-0.656,0.053,-0.096,0.747,0,0,2427,0,2995,0,2996,2071,44,0.938,1,2224,0,189.243,5.145,-67.813,-176.375,10.313,-0.242,0.090,1.512,-1.789,-4.824,4.211,0.054,0.156,1.161,1.369,3,NULL,NULL,,3,1,2,7,255,1376,250,0,0
stim,176636,206757,1,206757,3404084.453,-0.655,0.056,-0.104,0.746,0,0,2365,0,2980,0,2987,1939,44,0.938,1,2224,0,199.890,5.914,-74.000,-185.688,-0.063,-0.223,0.070,1.578,-1.789,-5.637,4.211,0.060,0.164,1.161,1.369,3,NULL,NULL,,3,1,2,7,255,1376,250,0,0
stim,176636,206757,1,206757,3404089.455,-0.654,0.061,-0.112,0.745,0,0,2297,0,2965,0,2971,1801,44,0.938,1,2224,0,212.546,6.086,-79.688,-197.000,-4.063,-0.250,0.047,1.578,-1.766,-5.824,4.492,0.068,0.174,1.161,1.369,3,NULL,NULL,,3,1,2,7,255,1376,250,0,0
stim,176660,206782,1,206782,3404094.454,-0.654,0.065,-0.121,0.744,0,0,2231,0,2938,0,2957,1674,44,0.938,1,2224,0,225.661,6.530,-81.688,-210.000,-12.250,-0.305,0.066,1.539,-1.699,-6.305,4.492,0.076,0.186,1.161,1.369,3,NULL,NULL,,3,1,2,7,255,1376,250,0,0
stim,176660,206782,1,206782,3404099.455,-0.653,0.070,-0.130,0.743,0,0,2168,0,2919,0,2927,1592,44,0.938,1,2224,0,239.143,7.036,-83.438,-222.813,-24.125,-0.262,0.078,1.512,-1.699,-6.828,3.836,0.086,0.200,1.161,1.369,3,NULL,NULL,,3,1,2,7,255,1376,250,0,0
stim,176660,206782,1,206782,3404104.453,-0.652,0.076,-0.139,0.741,0,0,2079,0,2897,0,2901,1490,44,0.938,1,2224,0,250.350,7.094,-78.375,-237.000,-19.063,-0.188,0.125,1.559,-1.926,-6.828,3.836,0.100,0.214,1.161,1.369,3,NULL,NULL,,3,1,2,7,255,1376,250,0,0
stim,176661,206782,1,206782,3404109.455,-0.651,0.082,-0.148,0.740,0,0,1996,0,2869,0,2859,1437,44,0.938,1,2224,0,261.218,7.292,-71.938,-251.063,-5.250,-0.184,0.195,1.684,-2.559,-6.828,3.949,0.116,0.234,1.161,1.369,3,NULL,NULL,,3,1,2,7,255,1376,250,0,0
stim,176683,206804,1,206804,3404114.453,-0.649,0.088,-0.158,0.739,0,0,1892,0,2839,0,2795,1385,44,0.938,1,2224,0,275.256,8.132,-66.625,-267.063,-2.188,-0.266,0.262,1.871,-3.434,-7.371,4.832,0.134,0.256,1.161,1.369,3,NULL,NULL,,3,1,2,7,255,1376,250,0,0
stim,176683,206804,1,206804,3404119.455,-0.648,0.095,-0.169,0.737,0,0,1789,0,2793,0,2743,1325,44,0.938,1,2224,0,291.580,10.058,-78.750,-280.625,-8.188,-0.254,0.340,1.977,-4.180,-9.148,6.020,0.154,0.278,1.161,1.369,3,NULL,NULL,,3,1,2,7,255,1376,250,0,0
stim,176683,206804,1,206804,3404124.454,-0.646,0.102,-0.180,0.735,0,0,1709,0,2749,0,2661,1253,44,0.938,1,2224,0,305.214,11.157,-91.438,-290.813,-14.938,-0.215,0.414,2.094,-5.109,-9.918,6.641,0.178,0.302,1.161,1.369,3,NULL,NULL,,3,1,2,7,255,1376,250,0,0
stim,176683,206804,1,206804,3404129.455,-0.644,0.109,-0.191,0.732,0,0,1582,0,2699,0,2542,1143,44,0.938,1,2224,0,314.887,12.142,-98.250,-298.563,-19.000,-0.188,0.488,2.270,-6.090,-10.504,7.402,0.202,0.328,1.161,1.369,3,NULL,NULL,,3,1,2,7,255,1376,250,0,0
stim,176735,206857,1,206857,3404134.453,-0.643,0.116,-0.203,0.729,0,0,1467,0,2619,0,2449,1039,44,0.938,1,2224,0,321.791,13.556,-100.938,-303.625,-34.250,-0.129,0.473,2.348,-7.141,-11.523,8.609,0.226,0.354,1.161,1.369,3,NULL,NULL,,3,1,2,7,255,1376,250,0,0
stim,176735,206857,1,206857,3404139.455,-0.642,0.123,-0.215,0.726,0,0,1331,0,2518,0,2301,939,44,0.938,1,2224,0,331.167,13.845,-103.000,-311.563,-44.625,-0.133,0.453,2.348,-7.195,-11.828,8.879,0.254,0.384,1.161,1.369,3,NULL,NULL,,3,1,2,7,255,1376,250,0,0
stim,176736,206857,1,206857,3404144.453,-0.640,0.130,-0.228,0.722,0,0,1176,0,2411,0,2127,879,44,0.938,1,2224,0,353.422,13.845,-141.875,-321.688,-36.000,-0.070,0.383,2.125,-7.195,-11.828,8.879,0.282,0.416,1.161,1.369,3,NULL,NULL,,3,1,2,7,255,1376,250,0,0
stim,176736,206857,1,206857,3404149.455,-0.638,0.136,-0.243,0.718,0,0,997,0,2260,0,1896,773,44,0.938,1,2224,0,373.001,12.961,-167.063,-333.063,-17.000,0.020,0.219,1.793,-6.477,-11.227,6.992,0.314,0.448,1.161,1.369,3,NULL,NULL,,3,1,2,7,255,1376,250,0,0
stim,176736,206857,1,206857,3404154.454,-0.635,0.142,-0.257,0.715,0,0,809,0,2089,0,1612,715,44,0.938,1,2224,0,382.154,10.369,-161.938,-345.938,12.063,0.129,-0.004,1.535,-4.785,-9.199,4.613,0.348,0.482,1.161,1.369,3,NULL,NULL,,3,1,2,7,255,1376,250,0,0
stim,176736,206857,1,206857,3404159.455,-0.630,0.149,-0.272,0.712,0,0,583,0,1879,0,1230,606,44,0.938,1,2224,0,385.583,8.127,-128.688,-361.875,34.063,0.027,-0.215,1.410,-2.566,-7.711,3.227,0.384,0.520,1.161,1.369,3,NULL,NULL,,3,1,2,7,255,1376,250,0,0
stim,176736,206857,1,206857,3404164.453,-0.625,0.157,-0.285,0.710,0,0,409,0,1661,0,755,519,44,0.938,1,2224,0,382.804,7.321,-94.875,-369.625,30.250,0.074,-0.156,1.238,-0.727,-7.285,1.898,0.424,0.562,1.161,1.369,3,NULL,NULL,,3,1,2,7,255,1376,250,0,0
stim,176736,206857,1,206857,3404169.455,-0.620,0.168,-0.296,0.707,0,0,273,0,1385,0,329,453,44,0.938,1,2224,0,370.706,6.968,-27.875,-369.625,4.813,0.230,-0.074,1.406,-0.727,-6.930,1.898,0.470,0.610,1.161,1.369,3,NULL,NULL,,3,1,2,7,255,1376,250,0,0
stim,176736,206857,1,206857,3404174.454,-0.614,0.179,-0.306,0.705,0,0,213,0,1140,0,93,371,44,0.938,1,2224,0,378.162,7.210,22.375,-377.313,11.875,0.184,0.043,1.902,-1.992,-6.930,2.242,0.526,0.666,1.161,1.369,3,NULL,NULL,,3,1,2,7,255,1376,250,0,0
stim,176736,206857,0,206857,3404179.455,-0.607,0.191,-0.316,0.704,0,0,185,0,821,0,0,302,44,0.938,1,2224,0,386.267,11.482,1.875,-384.000,41.750,0.090,0.094,2.203,-3.660,-10.883,5.039,0.588,0.730,1.161,1.369,3,NULL,NULL,,3,0,2,7,255,1380,250,0,0
stim,176757,206878,0,206878,3404184.454,-0.599,0.199,-0.329,0.702,0,0,99,0,439,0,0,233,44,0.938,1,2224,0,405.176,14.713,-70.000,-390.250,83.500,0.066,0.180,2.332,-4.301,-14.070,6.113,0.658,0.798,1.161,1.369,3,NULL,NULL,,3,0,2,7,255,1380,250,0,0
stim,176757,206878,0,206878,3404189.455,-0.591,0.205,-0.345,0.700,0,0,99,0,201,0,0,157,44,0.938,1,2224,0,433.375,16.376,-152.563,-388.563,116.438,-0.355,0.395,1.813,-5.238,-15.516,6.113,0.728,0.868,1.161,1.369,3,NULL,NULL,,3,0,2,7,255,1380,250,0,0
stim,176757,206878,0,206878,3404194.454,-0.582,0.210,-0.361,0.697,0,0,107,0,0,0,0,107,44,0.938,1,2224,0,429.576,16.543,-161.375,-378.063,124.750,-0.449,0.594,1.215,-5.738,-15.516,-1.313,0.794,0.936,1.161,1.369,3,NULL,NULL,,3,0,2,7,255,1380,250,0,0
stim,176757,206878,0,206878,3404199.455,-0.574,0.216,-0.376,0.694,0,0,85,0,0,0,0,39,44,0.938,1,2224,0,411.172,13.752,-150.125,-368.563,103.375,-0.441,0.891,1.074,-6.504,-12.117,-6.914,0.856,1.000,1.161,1.369,4,NULL,NULL,,3,0,2,7,255,1380,250,0,0
stim,176757,206878,0,206878,3404204.454,-0.567,0.221,-0.390,0.691,0,0,73,0,0,0,0,23,44,0.938,1,2224,0,394.001,15.127,-149.438,-356.188,77.688,-0.473,0.930,1.184,-9.055,-12.117,-9.055,0.904,1.050,1.161,1.369,0,NULL,NULL,,3,0,2,7,255,1380,250,0,0
stim,176757,206878,0,206878,3404209.455,-0.560,0.226,-0.405,0.687,0,0,69,0,0,0,0,8,44,0.938,1,2224,0,398.555,15.271,-179.188,-345.875,84.313,-0.547,0.844,1.320,-9.055,-12.297,-9.230,0.948,1.096,1.161,1.369,0,NULL,NULL,,3,0,2,7,255,1380,250,0,0
stim,176780,206901,0,206901,3404214.453,-0.553,0.228,-0.420,0.682,0,0,77,0,0,0,0,0,44,0.938,1,2224,0,413.423,16.367,-226.000,-332.875,95.063,-0.730,0.633,1.297,-8.707,-13.859,-9.281,0.988,1.138,1.161,1.369,0,NULL,NULL,,3,0,2,7,255,1380,250,0,0
stim,176780,206901,0,206901,3404219.455,-0.547,0.229,-0.437,0.676,0,0,75,0,0,0,0,9,44,0.938,1,2224,0,429.499,15.194,-280.250,-313.188,88.563,-0.574,0.594,1.016,-6.227,-13.859,-10.699,1.032,1.184,1.161,1.369,0,NULL,NULL,,3,0,2,7,255,1380,250,0,0
stim,176780,206901,0,206901,3404224.454,-0.544,0.229,-0.452,0.669,0,0,73,0,0,0,0,25,44,0.938,1,2224,0,398.231,12.840,-280.625,-281.250,27.125,-0.289,0.227,0.727,-5.844,-11.434,-10.699,1.082,1.236,1.161,1.369,0,NULL,NULL,,3,0,2,7,255,1380,250,0,0
stim,176780,206901,0,206901,3404229.455,-0.541,0.231,-0.465,0.662,0,0,75,0,0,0,0,47,44,0.938,1,2224,0,328.703,8.061,-220.500,-243.563,-10.125,-0.211,-0.195,0.711,-2.832,-7.547,-9.527,1.140,1.294,1.161,1.369,0,NULL,NULL,,3,0,2,7,255,1380,250,0,0
stim,176800,206921,0,206921,3404234.454,-0.539,0.233,-0.475,0.656,0,0,75,0,0,0,0,79,44,0.938,1,2224,0,281.355,7.547,-186.313,-210.375,-13.813,-0.219,-0.176,0.949,-0.012,-7.547,-7.641,1.208,1.364,1.161,1.369,0,NULL,NULL,,3,0,2,7,255,1380,250,0,0
stim,176800,206921,0,206921,3404239.455,-0.538,0.233,-0.485,0.649,0,0,71,0,0,0,0,107,44,0.938,1,2224,0,271.383,8.883,-214.250,-165.813,-15.875,-0.191,0.012,0.922,-0.012,-8.883,-7.641,1.280,1.438,1.161,1.369,0,NULL,NULL,,3,0,2,7,255,1380,250,0,0
stim,176835,206956,0,206956,3404244.453,-0.538,0.231,-0.494,0.642,0,0,69,0,0,0,0,114,44,0.938,1,2224,0,275.963,9.074,-251.375,-112.438,-18.000,-0.152,0.262,0.406,-1.852,-8.883,-7.691,1.354,1.512,1.161,1.369,0,NULL,NULL,,3,0,2,7,255,1380,250,0,0
stim,176835,206956,0,206956,3404249.455,-0.540,0.227,-0.502,0.636,0,0,67,0,0,0,0,104,44,0.938,1,2224,0,247.884,5.015,-241.875,-50.250,-20.438,0.008,0.426,-0.238,-3.020,-4.004,-10.500,1.428,1.586,1.161,1.369,0,NULL,NULL,,3,0,2,7,255,1380,250,0,0
stim,176835,206956,0,206956,3404254.453,-0.543,0.223,-0.507,0.632,0,0,67,0,0,0,0,101,44,0.938,1,2224,0,184.482,3.920,-183.438,8.188,-17.813,0.059,0.469,-0.652,-3.020,2.500,-12.348,1.502,1.658,1.161,1.369,0,NULL,NULL,,3,0,2,7,255,1380,250,0,0
stim,176835,206956,0,206956,3404259.455,-0.546,0.219,-0.508,0.630,0,0,59,0,0,0,0,107,44,0.938,1,2224,0,119.388,6.901,-100.125,63.688,-13.125,0.098,0.242,-0.738,-2.516,6.426,-12.715,1.570,1.726,1.161,1.369,0,NULL,NULL,,3,0,2,7,255,1380,250,0,0
stim,176835,206956,0,206956,3404264.454,-0.548,0.215,-0.506,0.630,0,0,56,0,0,0,0,105,44,0.938,1,2224,0,113.819,6.433,-31.250,109.438,-1.313,0.047,-0.004,-0.578,-0.297,6.426,-12.715,1.626,1.782,1.161,1.369,0,NULL,NULL,,3,0,2,7,255,1380,250,0,0
stim,176835,206956,0,206956,3404269.455,-0.551,0.211,-0.502,0.632,0,0,50,0,0,0,0,97,44,0.938,1,2224,0,146.584,5.319,12.938,145.750,8.750,-0.098,-0.066,-0.402,1.570,5.082,-11.883,1.672,1.830,1.161,1.369,0,NULL,NULL,,3,0,2,7,255,1380,250,0,0
stim,176835,206956,0,206956,3404274.454,-0.554,0.207,-0.497,0.635,0,0,39,0,0,0,0,93,44,0.938,1,2224,0,181.725,3.239,44.688,174.813,21.625,-0.078,-0.051,-0.336,1.633,2.797,-11.613,1.712,1.870,1.161,1.369,0,NULL,NULL,,3,0,2,7,255,1380,250,0,0
stim,176835,206956,0,206956,3404279.455,-0.557,0.203,-0.490,0.639,0,0,22,0,0,0,0,77,44,0.938,1,2224,0,215.946,2.818,78.313,195.438,48.000,-0.121,0.078,-0.305,1.633,2.297,-11.883,1.748,1.908,1.161,1.369,0,NULL,NULL,,3,0,2,7,255,1380,250,0,0
stim,176835,206956,0,206956,3404284.453,-0.559,0.198,-0.482,0.645,0,0,21,0,0,0,0,73,44,0.938,1,2224,0,250.353,2.037,116.625,211.313,66.500,-0.270,0.121,-0.152,0.508,1.973,-12.352,1.780,1.942,1.161,1.369,0,NULL,NULL,,3,0,2,7,255,1380,250,0,0
stim,176835,206956,0,206956,3404289.455,-0.560,0.194,-0.474,0.651,0,0,21,0,0,0,0,63,44,0.938,1,2224,0,271.875,0.102,138.688,221.125,76.063,-0.324,0.176,0.031,0.086,-0.055,-12.867,1.810,1.972,1.161,1.369,0,NULL,NULL,,3,0,2,7,255,1380,250,0,0
stim,176865,206986,0,206986,3404294.454,-0.561,0.190,-0.464,0.658,0,0,17,0,0,0,0,61,44,0.938,1,2224,0,288.411,2.047,152.750,228.313,87.875,-0.426,0.238,0.141,-0.793,-1.887,-13.082,1.834,1.998,1.161,1.369,0,NULL,NULL,,3,0,2,7,255,1380,250,0,0
stim,176865,206986,0,206986,3404299.455,-0.562,0.185,-0.454,0.665,0,0,18,0,0,0,0,57,44,0.938,1,2224,0,294.710,3.631,165.813,230.625,78.563,-0.582,0.258,0.273,-1.379,-3.359,-13.340,1.856,2.018,1.161,1.369,0,NULL,NULL,,3,0,2,7,255,1380,250,0,0
stim,176865,206986,0,206986,3404304.453,-0.564,0.182,-0.444,0.672,0,0,13,0,0,0,0,67,44,0.938,1,2224,0,298.996,5.555,179.375,230.563,63.750,-0.605,0.277,0.348,-1.445,-5.363,-13.551,1.874,2.038,1.161,1.369,0,NULL,NULL,,3,0,2,7,255,1380,250,0,0
stim,176865,206986,0,206986,3404309.455,-0.566,0.179,-0.433,0.679,0,0,11,0,0,0,0,59,44,0.938,1,2224,0,309.160,6.362,201.563,229.875,45.938,-0.684,0.203,0.426,-1.445,-6.195,-13.551,1.892,2.058,1.161,1.369,0,NULL,NULL,,3,0,2,7,255,1380,250,0,0
stim,176883,207004,0,207004,3404314.454,-0.568,0.177,-0.421,0.685,0,0,12,0,0,0,0,59,44,0.938,1,2224,0,312.770,7.587,206.250,233.688,26.000,-0.582,0.199,0.727,-1.781,-7.375,-13.238,1.908,2.076,1.161,1.369,0,NULL,NULL,,3,0,2,7,255,1380,250,0,0
stim,176883,207004,0,207004,3404319.455,-0.570,0.174,-0.410,0.690,0,0,11,0,0,0,0,66,44,0.938,1,2224,0,300.105,9.352,180.250,238.875,22.625,-0.508,0.113,0.984,-2.082,-9.117,-10.621,1.924,2.092,1.161,1.369,0,NULL,NULL,,3,0,2,7,255,1380,250,0,0
stim,176883,207004,0,207004,3404324.454,-0.573,0.170,-0.399,0.695,0,0,9,0,0,0,0,67,44,0.938,1,2224,0,281.748,10.847,138.563,244.688,17.625,-0.531,0.203,0.988,-2.145,-10.633,-8.238,1.940,2.110,1.161,1.369,0,NULL,NULL,,3,0,2,7,255,1380,250,0,0
stim,176883,207004,0,207004,3404329.455,-0.577,0.166,-0.389,0.699,0,0,12,0,0,0,0,59,44,0.938,1,2224,0,277.663,11.141,121.438,249.688,2.375,-0.547,0.230,1.066,-2.883,-10.762,-8.039,1.956,2.126,1.161,1.369,0,NULL,NULL,,3,0,2,7,255,1380,250,0,0
stim,176883,207004,0,207004,3404334.453,-0.581,0.161,-0.380,0.702,0,0,13,0,0,0,0,63,44,0.938,1,2224,0,272.015,11.209,95.500,254.250,-15.125,-0.512,0.160,1.031,-2.883,-10.832,-7.691,1.972,2.146,1.161,1.369,0,NULL,NULL,,3,0,2,7,255,1380,250,0,0
stim,176883,207004,0,207004,3404339.455,-0.586,0.156,-0.370,0.703,0,0,11,0,0,0,0,79,44,0.938,1,2224,0,275.537,11.211,80.625,260.375,-40.313,-0.449,0.121,1.109,-2.707,-10.879,-7.184,1.992,2.164,1.161,1.369,0,NULL,NULL,,3,0,2,7,255,1380,250,0,0
stim,176929,207050,0,207050,3404344.454,-0.592,0.150,-0.362,0.704,0,0,10,0,0,0,0,90,44,0.938,1,2224,0,277.862,11.165,48.813,268.625,-51.625,-0.379,0.156,1.125,-2.707,-10.832,-5.867,2.018,2.194,1.161,1.369,0,NULL,NULL,,3,0,2,7,255,1380,250,0,0
stim,176929,207050,0,207050,3404349.455,-0.599,0.143,-0.353,0.704,0,0,12,0,0,0,0,103,44,0.938,1,2224,0,286.606,10.703,25.688,276.125,-72.375,-0.301,0.066,0.973,-2.707,-10.355,-5.227,2.050,2.226,1.161,1.369,0,NULL,NULL,,3,0,2,7,255,1380,250,0,0
stim,176929,207050,0,207050,3404354.453,-0.605,0.136,-0.345,0.704,0,0,8,0,0,0,0,103,44,0.938,1,2224,0,295.442,8.950,19.375,285.625,-73.000,-0.254,0.070,0.836,-2.363,-8.633,-5.227,2.084,2.262,1.161,1.369,0,NULL,NULL,,3,0,2,7,255,1380,250,0,0
stim,176929,207050,0,207050,3404359.455,-0.612,0.129,-0.336,0.704,0,0,7,0,0,0,0,108,44,0.938,1,2224,0,306.188,7.622,21.688,294.188,-82.063,-0.188,-0.059,0.777,-2.254,-7.281,-5.227,2.126,2.304,1.161,1.369,0,NULL,NULL,,3,0,2,7,255,1380,250,0,0
stim,176929,207050,0,207050,3404364.453,-0.619,0.122,-0.326,0.704,0,0,11,0,0,0,0,110,44,0.938,1,2224,0,314.337,6.466,27.250,302.813,-79.813,-0.219,-0.008,0.742,-1.484,-6.293,-5.563,2.168,2.350,1.161,1.369,0,NULL,NULL,,3,0,2,7,255,1380,250,0,0
stim,176929,207050,0,207050,3404369.455,-0.627,0.115,-0.316,0.703,0,0,9,0,0,0,0,135,44,0.938,1,2224,0,325.124,6.362,35.063,310.500,-89.813,-0.188,-0.012,0.715,-1.480,-6.188,-5.445,2.214,2.396,1.161,1.369,0,NULL,NULL,,3,0,2,7,255,1380,250,0,0
stim,176929,207050,0,207050,3404374.454,-0.634,0.108,-0.306,0.702,0,0,9,0,0,0,0,141,44,0.938,1,2224,0,338.353,5.858,45.125,318.938,-103.563,-0.043,-0.043,0.652,-1.480,-5.668,-5.445,2.258,2.442,1.161,1.369,0,NULL,NULL,,3,0,2,7,255,1380,250,0,0
stim,176929,207050,0,207050,3404379.455,-0.641,0.101,-0.294,0.701,0,0,7,0,0,0,0,142,44,0.938,1,2224,0,345.210,4.233,66.563,323.750,-99.625,0.043,-0.086,0.641,-1.340,-4.016,-4.902,2.302,2.488,1.161,1.369,0,NULL,NULL,,3,0,2,7,255,1380,250,0,0
stim,176951,207073,0,207073,3404384.453,-0.648,0.095,-0.282,0.701,0,0,7,0,0,0,0,147,44,0.938,1,2224,0,352.323,3.400,86.875,328.500,-93.125,0.141,0.016,0.680,-1.340,-3.125,-4.328,2.344,2.532,1.161,1.369,0,NULL,NULL,,3,0,2,7,255,1380,250,0,0
stim,176951,207073,0,207073,3404389.455,-0.654,0.089,-0.269,0.701,0,0,5,0,0,0,0,150,44,0.938,1,2224,0,356.338,3.362,110.688,329.563,-78.188,0.137,-0.023,0.785,-2.020,-2.688,-3.762,2.382,2.572,1.161,1.369,0,NULL,NULL,,3,0,2,7,255,1380,250,0,0
stim,176952,207073,0,207073,3404394.453,-0.660,0.084,-0.256,0.701,0,0,4,0,0,0,0,159,44,0.938,1,2224,0,359.860,3.460,124.563,331.063,-66.188,0.109,0.051,0.875,-2.180,-2.688,-2.727,2.418,2.608,1.161,1.369,0,NULL,NULL,,3,0,2,7,255,1380,250,0,0
stim,176952,207073,0,207073,3404399.455,-0.665,0.078,-0.242,0.702,0,0,5,0,0,0,0,156,44,0.938,1,2224,0,363.201,3.441,134.813,332.563,-56.063,0.129,-0.012,0.855,-2.148,-2.688,-2.188,2.452,2.642,1.161,1.369,0,NULL,NULL,,3,0,2,7,255,1380,250,0,0
stim,176974,207095,0,207095,3404404.454,-0.670,0.073,-0.227,0.703,0,0,9,0,0,0,0,159,44,0.938,1,2224,0,371.845,3.923,159.375,333.188,-43.063,0.105,0.027,0.941,-2.582,-2.953,-2.008,2.484,2.676,1.161,1.369,0,NULL,NULL,,3,0,2,7,255,1380,250,0,0
stim,176974,207095,0,207095,3404409.455,-0.674,0.069,-0.212,0.705,0,0,5,0,0,0,0,161,44,0.938,1,2224,0,380.216,3.923,176.563,334.313,-40.313,0.043,0.066,1.102,-2.582,-2.953,-1.344,2.514,2.706,1.161,1.369,0,NULL,NULL,,3,0,2,7,255,1380,250,0,0
stim,176974,207095,0,207095,3404414.453,-0.678,0.064,-0.196,0.706,0,0,7,0,0,0,0,155,44,0.938,1,2224,0,380.631,4.982,181.313,333.375,-29.438,-0.016,0.105,1.277,-3.121,-3.883,-0.133,2.542,2.736,1.161,1.369,0,NULL,NULL,,3,0,2,7,255,1380,250,0,0
stim,176974,207095,0,207095,3404419.455,-0.681,0.060,-0.181,0.707,0,0,9,0,0,0,0,154,44,0.938,1,2224,0,378.757,5.985,179.375,331.813,-34.375,-0.039,0.137,1.441,-3.641,-4.750,1.273,2.568,2.764,1.161,1.369,0,NULL,NULL,,3,0,2,7,255,1380,250,0,0
stim,176974,207095,0,207095,3404424.454,-0.685,0.055,-0.166,0.708,0,0,5,0,0,0,0,157,44,0.938,1,2224,0,371.248,6.590,171.875,327.000,-36.813,-0.094,0.137,1.563,-4.074,-5.180,2.820,2.592,2.786,1.161,1.369,0,NULL,NULL,,3,0,2,7,255,1380,250,0,0
stim,176974,207095,0,207095,3404429.455,-0.688,0.050,-0.151,0.708,0,0,6,0,0,0,0,155,44,0.938,1,2224,0,359.958,6.998,156.688,321.688,-39.188,-0.117,0.203,1.629,-4.109,-5.664,3.973,2.612,2.808,1.161,1.369,0,NULL,NULL,,3,0,2,7,255,1380,250,0,0
stim,177034,207155,0,207155,3404434.454,-0.692,0.045,-0.137,0.708,0,0,10,0,0,0,0,158,44,0.938,1,2224,0,350.285,7.340,143.313,315.000,-54.188,-0.121,0.211,1.688,-4.668,-5.664,4.609,2.634,2.830,1.161,1.369,0,NULL,NULL,,3,0,2,7,255,1380,250,0,0
stim,177034,207155,0,207155,3404439.455,-0.696,0.040,-0.124,0.707,0,0,5,0,0,0,0,158,44,0.938,1,2224,0,340.425,7.166,129.625,307.375,-67.875,-0.098,0.168,1.777,-4.668,-5.438,5.320,2.654,2.852,1.161,1.369,0,NULL,NULL,,3,0,2,7,255,1380,250,0,0
stim,177034,207155,0,207155,3404444.453,-0.699,0.035,-0.111,0.705,0,0,11,0,0,0,0,165,44,0.938,1,2224,0,327.469,6.529,107.500,301.063,-71.000,0.039,0.082,1.781,-4.230,-4.973,6.504,2.676,2.874,1.161,1.369,0,NULL,NULL,,3,0,2,7,255,1380,250,0,0
stim,177034,207155,0,207155,3404449.455,-0.703,0.029,-0.099,0.704,0,0,5,0,0,0,0,163,44,0.938,1,2224,0,311.900,4.605,86.875,293.563,-59.625,0.078,0.043,1.715,-3.277,-3.234,6.672,2.698,2.898,1.161,1.369,0,NULL,NULL,,3,0,2,7,255,1380,250,0,0
stim,177034,207155,0,207155,3404454.454,-0.706,0.023,-0.088,0.703,0,0,5,0,0,0,0,161,44,0.938,1,2224,0,300.758,3.599,75.875,286.313,-52.188,0.043,0.078,1.586,-2.758,-2.313,6.672,2.724,2.922,1.161,1.369,0,NULL,NULL,,3,0,2,7,255,1380,250,0,0
stim,177034,207155,0,207155,3404459.455,-0.709,0.017,-0.077,0.701,0,0,6,0,0,0,0,167,44,0.938,1,2224,0,296.535,3.421,74.375,280.500,-61.000,0.051,0.164,1.492,-2.758,-2.023,5.418,2.750,2.950,1.161,1.369,0,NULL,NULL,,3,0,2,7,255,1380,250,0,0
stim,177034,207155,0,207155,3404464.453,-0.712,0.011,-0.066,0.699,0,0,8,0,0,0,0,164,44,0.938,1,2224,0,293.929,3.167,78.438,275.125,-67.438,0.152,0.125,1.449,-2.816,-1.449,4.484,2.778,2.978,1.161,1.369,0,NULL,NULL,,3,0,2,7,255,1380,250,0,0
stim,177034,207155,0,207155,3404469.455,-0.715,0.006,-0.055,0.697,0,0,5,0,0,0,0,165,44,0.938,1,2224,0,288.539,2.817,84.125,270.000,-57.250,0.184,0.105,1.473,-2.816,-0.066,4.484,2.806,3.006,1.161,1.369,0,NULL,NULL,,3,0,2,7,255,1380,250,0,0
stim,177034,207155,0,207155,3404474.454,-0.717,0.001,-0.044,0.696,0,0,5,0,0,0,0,167,44,0.938,1,2224,0,285.074,2.579,84.375,267.375,-51.563,0.168,0.109,1.496,-2.516,0.566,4.555,2.834,3.034,1.161,1.369,0,NULL,NULL,,3,0,2,7,255,1380,250,0,0
stim,177034,207155,0,207155,3404479.455,-0.719,-0.004,-0.033,0.694,0,0,6,0,0,0,0,165,44,0.938,1,2224,0,281.729,2.554,88.313,263.750,-44.813,0.195,0.078,1.441,-2.449,0.723,4.555,2.862,3.060,1.161,1.369,0,NULL,NULL,,3,0,2,7,255,1380,250,0,0
stim,177034,207155,0,207155,3404484.454,-0.721,-0.009,-0.021,0.693,0,0,5,0,0,0,0,167,44,0.938,1,2224,0,278.387,2.598,97.875,258.313,-34.563,0.109,0.184,1.473,-2.449,0.867,4.473,2.888,3.086,1.161,1.369,0,NULL,NULL,,3,0,2,7,255,1380,250,0,0
stim,177034,207155,0,207155,3404489.455,-0.722,-0.013,-0.010,0.691,0,0,5,0,0,0,0,167,44,0.938,1,2224,0,276.874,3.032,105.125,253.500,-36.688,0.082,0.203,1.516,-2.887,0.926,4.473,2.912,3.112,1.161,1.369,0,NULL,NULL,,3,0,2,7,255,1380,250,0,0
stim,177064,207185,0,207185,3404494.453,-0.724,-0.016,0.001,0.690,0,0,5,0,0,0,0,169,44,0.938,1,2224,0,274.967,3.117,110.625,249.063,-36.563,0.094,0.250,1.641,-2.977,0.926,4.887,2.936,3.134,1.161,1.369,0,NULL,NULL,,3,0,2,7,255,1380,250,0,0
stim,177064,207185,0,207185,3404499.455,-0.725,-0.020,0.012,0.688,0,0,7,0,0,0,0,163,44,0.938,1,2224,0,268.129,3.623,98.063,246.438,-39.313,0.121,0.316,1.789,-3.332,1.422,6.090,2.956,3.154,1.161,1.369,0,NULL,NULL,,3,0,2,7,255,1380,250,0,0
stim,177064,207185,0,207185,3404504.454,-0.726,-0.024,0.022,0.687,0,0,5,0,0,0,0,160,44,0.938,1,2224,0,260.063,3.952,96.313,240.438,-23.375,0.246,0.148,1.617,-3.332,2.125,6.090,2.972,3.172,1.161,1.369,0,NULL,NULL,,3,0,2,7,255,1380,250,0,0
stim,177064,207185,0,207185,3404509.455,-0.726,-0.027,0.033,0.686,0,0,4,0,0,0,0,163,44,0.938,1,2224,0,260.275,3.853,112.000,234.875,-5.750,0.148,0.230,1.590,-2.582,2.859,5.785,2.988,3.186,1.161,1.369,0,NULL,NULL,,3,0,2,7,255,1380,250,0,0
stim,177064,207185,0,207185,3404514.454,-0.727,-0.030,0.044,0.685,0,0,6,0,0,0,0,165,44,0.938,1,2224,0,264.826,3.870,125.438,233.063,-8.938,0.090,0.328,1.797,-2.582,2.883,5.785,3.000,3.198,1.161,1.369,0,NULL,NULL,,3,0,2,7,255,1380,250,0,0
stim,177064,207185,0,207185,3404519.455,-0.727,-0.034,0.055,0.684,0,0,7,0,0,0,0,170,44,0.938,1,2224,0,257.621,4.212,111.813,231.688,-13.688,0.227,0.324,1.918,-3.070,2.883,7.555,3.010,3.208,1.161,1.369,0,NULL,NULL,,3,0,2,7,255,1380,250,0,0
stim,177101,207222,0,207222,3404524.454,-0.727,-0.037,0.065,0.683,0,0,5,0,0,0,0,172,44,0.938,1,2224,0,250.423,5.617,98.000,230.438,2.500,0.359,0.266,1.813,-3.070,4.703,7.555,3.020,3.218,1.161,1.369,0,NULL,NULL,,3,0,2,7,255,1380,250,0,0
stim,177101,207222,0,207222,3404529.455,-0.725,-0.041,0.075,0.683,0,0,11,0,0,0,0,172,44,0.938,1,2224,0,252.932,6.369,105.938,228.188,26.125,0.324,0.250,1.703,-2.254,5.957,7.246,3.028,3.226,1.161,1.369,0,NULL,NULL,,3,0,2,7,255,1380,250,0,0
stim,177101,207222,0,207222,3404534.454,-0.724,-0.044,0.086,0.683,0,0,16,0,0,0,0,169,44,0.938,1,2224,0,257.647,6.273,118.813,226.313,32.375,0.273,0.254,1.750,-1.965,5.957,6.609,3.034,3.232,1.161,1.369,0,NULL,NULL,,3,0,2,7,255,1380,250,0,0
stim,177101,207222,0,207222,3404539.455,-0.723,-0.046,0.097,0.683,0,0,10,0,0,0,0,167,44,0.938,1,2224,0,258.699,6.237,123.563,225.063,31.688,0.383,0.238,1.793,-1.848,5.957,6.609,3.040,3.238,1.161,1.369,0,NULL,NULL,,3,0,2,7,255,1380,250,0,0
stim,177132,207253,0,207253,3404544.453,-0.721,-0.049,0.108,0.683,0,0,17,0,0,0,0,171,44,0.938,1,2224,0,259.276,7.451,123.563,223.750,43.500,0.504,0.219,1.816,-1.410,7.316,6.609,3.046,3.244,1.161,1.369,0,NULL,NULL,,3,0,2,7,255,1380,250,0,0
stim,177132,207253,0,207253,3404549.455,-0.718,-0.052,0.119,0.683,0,0,12,0,0,0,0,169,44,0.938,1,2224,0,259.933,8.856,119.813,223.000,59.000,0.523,0.203,1.820,-0.988,8.801,6.535,3.048,3.246,1.161,1.369,0,NULL,NULL,,3,0,2,7,255,1380,250,0,0
stim,177132,207253,0,207253,3404554.453,-0.716,-0.054,0.130,0.684,0,0,12,0,0,0,0,168,44,0.938,1,2224,0,264.947,9.102,126.875,220.063,75.313,0.500,0.098,1.734,-0.656,9.078,6.355,3.048,3.246,1.161,1.369,0,NULL,NULL,,3,0,2,7,255,1380,250,0,0
stim,177132,207253,0,207253,3404559.455,-0.712,-0.056,0.141,0.685,0,0,13,0,0,0,0,171,44,0.938,1,2224,0,273.188,9.094,142.813,216.500,85.813,0.453,0.090,1.801,0.461,9.082,5.914,3.046,3.244,1.161,1.369,0,NULL,NULL,,3,0,2,7,255,1380,250,0,0
stim,177132,207253,0,207253,3404564.454,-0.709,-0.057,0.152,0.687,0,0,10,0,0,0,0,169,44,0.938,1,2224,0,272.977,9.102,143.625,214.813,88.000,0.426,0.141,1.945,0.598,9.082,5.914,3.040,3.236,1.161,1.369,0,NULL,NULL,,3,0,2,7,255,1380,250,0,0
stim,177132,207253,0,207253,3404569.455,-0.705,-0.059,0.163,0.688,0,0,13,0,0,0,0,163,44,0.938,1,2224,0,266.667,9.590,133.188,213.375,88.563,0.477,0.133,1.949,0.773,9.559,6.914,3.028,3.226,1.161,1.369,0,NULL,NULL,,3,0,2,7,255,1380,250,0,0
stim,177132,207253,0,207253,3404574.454,-0.701,-0.061,0.174,0.689,0,0,12,0,0,0,0,167,44,0.938,1,2224,0,265.558,10.385,127.625,212.313,95.688,0.504,0.059,1.910,0.875,10.348,6.914,3.016,3.212,1.161,1.369,0,NULL,NULL,,3,0,2,7,255,1380,250,0,0
stim,177132,207253,0,207253,3404579.455,-0.697,-0.063,0.184,0.690,0,0,21,0,0,0,0,162,44,0.938,1,2224,0,264.994,10.630,123.938,211.000,101.688,0.457,0.016,1.879,1.707,10.492,6.184,2.996,3.192,1.161,1.369,0,NULL,NULL,,3,0,2,7,255,1380,250,0,0
stim,177132,207253,0,207253,3404584.454,-0.693,-0.065,0.194,0.691,0,0,20,0,0,0,0,157,44,0.938,1,2224,0,262.109,10.726,121.938,209.063,100.625,0.430,-0.035,1.816,2.227,10.492,5.762,2.972,3.166,1.161,1.369,0,NULL,NULL,,3,0,2,7,255,1380,250,0,0
stim,177132,207253,0,207253,3404589.455,-0.689,-0.066,0.205,0.692,0,0,19,0,0,0,0,158,44,0.938,1,2224,0,259.053,10.758,123.063,205.875,97.875,0.438,-0.117,1.758,2.789,10.391,5.031,2.944,3.136,1.161,1.369,0,NULL,NULL,,3,0,2,7,255,1380,250,0,0
stim,177173,207294,0,207294,3404594.454,-0.684,-0.068,0.215,0.693,0,0,18,0,0,0,0,163,44,0.938,1,2224,0,256.391,11.000,125.063,201.438,97.563,0.453,-0.199,1.707,3.609,10.391,4.105,2.908,3.100,1.161,1.369,0,NULL,NULL,,3,0,2,7,255,1380,250,0,0
stim,177173,207294,0,207294,3404599.455,-0.680,-0.069,0.225,0.694,0,0,21,0,0,0,0,173,44,0.938,1,2224,0,252.983,11.435,126.750,195.438,98.688,0.457,-0.273,1.637,4.418,10.547,3.230,2.868,3.060,1.161,1.369,0,NULL,NULL,,3,0,2,7,255,1380,250,0,0
stim,177173,207294,0,207294,3404604.453,-0.676,-0.070,0.235,0.695,0,0,19,0,0,0,0,181,44,0.938,1,2224,0,249.504,11.721,131.250,188.563,97.313,0.461,-0.340,1.570,5.113,10.547,2.246,2.826,3.016,1.161,1.369,0,NULL,NULL,,3,0,2,7,255,1380,250,0,0
stim,177173,207294,0,207294,3404609.455,-0.672,-0.071,0.245,0.696,0,0,19,0,0,0,0,201,44,0.938,1,2224,0,247.506,12.030,141.500,180.938,92.188,0.473,-0.410,1.527,5.750,10.566,1.273,2.778,2.968,1.161,1.369,0,NULL,NULL,,3,0,2,7,255,1380,250,0,0
stim,177173,207294,0,207294,3404614.454,-0.668,-0.071,0.255,0.696,0,0,22,0,0,0,0,219,44,0.938,1,2224,0,245.038,12.408,152.000,172.625,84.500,0.469,-0.418,1.566,6.434,10.609,0.551,2.726,2.916,1.161,1.369,0,NULL,NULL,,3,0,2,7,255,1380,250,0,0
stim,177173,207294,0,207294,3404619.455,-0.664,-0.071,0.265,0.696,0,0,23,0,0,0,0,233,44,0.938,1,2224,0,236.721,12.809,153.500,165.063,72.313,0.527,-0.430,1.621,6.691,10.922,0.469,2.672,2.862,1.161,1.369,0,NULL,NULL,,3,0,2,7,255,1380,250,0,0
stim,177191,207312,0,207312,3404624.454,-0.661,-0.071,0.274,0.695,0,0,22,0,0,0,0,251,44,0.938,1,2224,0,225.097,13.769,146.813,157.375,65.938,0.605,-0.422,1.684,6.988,11.863,0.457,2.614,2.802,1.161,1.369,0,NULL,NULL,,3,0,2,7,255,1380,250,0,0
stim,177191,207312,0,207312,3404629.455,-0.658,-0.071,0.283,0.695,0,0,25,0,0,0,0,270,44,0.938,1,2224,0,213.392,14.758,138.500,148.813,64.875,0.652,-0.539,1.637,7.059,12.961,0.379,2.552,2.740,1.161,1.369,0,NULL,NULL,,3,0,2,7,255,1380,250,0,0
stim,177191,207312,0,207312,3404634.453,-0.655,-0.070,0.291,0.694,0,0,26,0,0,0,0,309,44,0.938,1,2224,0,199.202,14.920,131.688,140.563,50.813,0.617,-0.438,1.621,7.238,13.047,-0.762,2.488,2.676,1.161,1.369,0,NULL,NULL,,3,0,2,7,255,1380,250,0,0
stim,177191,207312,0,207312,3404639.455,-0.653,-0.071,0.298,0.693,0,0,23,0,0,0,0,335,44,0.938,1,2224,0,185.763,15.575,124.938,132.875,35.250,0.758,-0.551,1.602,8.117,13.293,-0.797,2.420,2.610,1.161,1.369,0,NULL,NULL,,3,0,2,7,255,1380,250,0,0
stim,177228,207349,0,207349,3404644.454,-0.651,-0.071,0.305,0.692,0,0,24,0,0,0,0,357,44,0.938,1,2224,0,170.694,16.405,112.938,124.500,29.688,0.852,-0.586,1.547,8.148,14.238,-2.148,2.350,2.538,1.161,1.369,0,NULL,NULL,,3,0,2,7,255,1380,250,0,0
stim,177228,207349,0,207349,3404649.455,-0.649,-0.071,0.312,0.690,0,0,20,0,0,0,0,390,44,0.938,1,2224,0,156.554,16.920,102.438,115.813,24.563,0.922,-0.594,1.441,8.148,14.828,-3.363,2.276,2.466,1.161,1.369,0,NULL,NULL,,3,0,2,7,255,1380,250,0,0
stim,177228,207349,0,207349,3404654.453,-0.647,-0.071,0.318,0.689,0,0,23,0,0,0,0,407,44,0.938,1,2224,0,145.676,16.949,98.188,106.313,16.688,0.984,-0.617,1.336,8.008,14.938,-4.832,2.200,2.388,1.161,1.369,0,NULL,NULL,,3,0,2,7,255,1380,250,0,0
stim,177228,207349,0,207349,3404659.455,-0.646,-0.071,0.324,0.688,0,0,23,0,0,0,0,423,44,0.938,1,2224,0,137.476,16.969,98.625,95.500,7.250,1.070,-0.680,1.266,8.008,14.961,-6.227,2.116,2.306,1.161,1.369,0,NULL,NULL,,3,0,2,7,255,1380,250,0,0
stim,177228,207349,0,207349,3404664.454,-0.645,-0.071,0.329,0.686,0,0,20,0,3,0,0,423,44,0.938,1,2224,0,131.313,17.349,101.625,83.125,2.375,1.180,-0.758,1.234,8.191,15.293,-7.621,2.032,2.220,1.161,1.369,0,NULL,NULL,,3,0,2,7,255,1380,250,0,0
stim,177228,207349,0,207349,3404669.455,-0.645,-0.070,0.334,0.684,0,0,22,0,5,0,0,428,44,0.938,1,2224,0,124.527,18.207,103.063,69.875,1.625,1.246,-0.797,1.230,8.711,15.988,-8.852,1.944,2.132,1.161,1.369,0,NULL,NULL,,3,0,2,7,255,1380,250,0,0
stim,177228,207349,0,207349,3404674.454,-0.644,-0.069,0.339,0.682,0,0,20,0,20,0,0,437,44,0.938,1,2224,0,116.619,18.757,103.000,54.688,0.438,1.258,-0.781,1.258,8.957,16.480,-9.520,1.850,2.038,1.161,1.369,0,NULL,NULL,,3,0,2,7,255,1380,250,0,0
stim,177228,207349,0,207349,3404679.455,-0.644,-0.067,0.343,0.681,0,0,20,0,26,0,0,435,44,0.938,1,2224,0,109.062,18.970,101.875,38.750,-3.813,1.262,-0.793,1.313,8.992,16.703,-9.520,1.754,1.940,1.161,1.369,0,NULL,NULL,,3,0,2,7,255,1380,250,0,0
stim,177250,207371,0,207371,3404684.453,-0.644,-0.065,0.346,0.679,0,0,25,0,28,0,0,445,44,0.938,1,2224,0,99.167,19.376,96.313,22.063,-8.438,1.242,-0.773,1.395,9.297,17.000,-9.332,1.656,1.842,1.161,1.369,0,NULL,NULL,,3,0,2,7,255,1380,250,0,0
stim,177250,207371,0,207371,3404689.455,-0.645,-0.063,0.349,0.677,0,0,21,0,29,0,0,453,44,0.938,1,2224,0,87.230,19.679,86.063,5.625,-13.063,1.195,-0.719,1.492,9.457,17.258,-8.629,1.556,1.740,1.161,1.369,0,NULL,NULL,,3,0,2,7,255,1380,250,0,0
stim,177250,207371,0,207371,3404694.454,-0.646,-0.061,0.351,0.676,0,0,23,0,27,0,0,462,44,0.938,1,2224,0,73.069,19.803,69.875,-10.250,-18.750,1.133,-0.625,1.594,9.457,17.398,-7.563,1.454,1.636,1.161,1.369,0,NULL,NULL,,3,0,2,7,255,1380,250,0,0
stim,177250,207371,0,207371,3404699.455,-0.647,-0.060,0.351,0.674,0,0,21,0,21,0,0,469,44,0.938,1,2224,0,57.848,19.653,45.875,-24.125,-25.688,1.066,-0.547,1.664,9.141,17.398,-6.188,1.350,1.530,1.161,1.369,0,NULL,NULL,,3,0,2,7,255,1380,250,0,0
stim,177273,207394,0,207394,3404704.453,-0.648,-0.059,0.351,0.673,0,0,17,0,5,0,0,473,44,0.938,1,2224,0,50.598,19.449,16.750,-36.313,-31.000,1.008,-0.488,1.668,8.855,17.316,-5.035,1.244,1.422,1.161,1.369,0,NULL,NULL,,3,0,2,7,255,1380,250,0,0
stim,177273,207394,0,207394,3404709.455,-0.650,-0.058,0.349,0.673,0,0,18,0,3,0,0,485,44,0.938,1,2224,0,59.341,18.872,-11.188,-46.313,-35.375,0.945,-0.434,1.590,8.520,16.840,-4.469,1.136,1.312,1.161,1.369,0,NULL,NULL,,3,0,2,7,255,1380,250,0,0
stim,177273,207394,0,207394,3404714.453,-0.652,-0.058,0.346,0.672,0,0,17,0,1,0,0,477,44,0.938,1,2224,0,74.840,17.745,-31.875,-54.313,-40.438,0.891,-0.395,1.496,7.875,15.902,-4.469,1.028,1.200,1.161,1.369,0,NULL,NULL,,3,0,2,7,255,1380,250,0,0
stim,177273,207394,0,207394,3404719.455,-0.654,-0.058,0.343,0.672,0,0,12,0,0,0,0,487,44,0.938,1,2224,0,89.570,16.644,-47.875,-60.875,-45.000,0.859,-0.367,1.414,7.324,14.945,-4.629,0.918,1.088,1.161,1.369,0,NULL,NULL,,3,0,2,7,255,1380,250,0,0
stim,177273,207394,0,207394,3404724.454,-0.656,-0.059,0.339,0.672,0,0,11,0,0,0,0,489,44,0.938,1,2224,0,101.429,15.764,-60.250,-66.875,-46.750,0.832,-0.348,1.328,6.840,14.203,-4.898,0.812,0.974,1.161,1.369,0,NULL,NULL,,3,0,2,7,255,1380,250,0,0
stim,177273,207394,0,207394,3404729.455,-0.658,-0.059,0.335,0.671,0,0,10,0,0,0,0,477,44,0.938,1,2224,0,109.540,14.960,-67.563,-72.000,-47.438,0.809,-0.316,1.238,6.414,13.516,-5.219,0.708,0.864,1.161,1.369,0,NULL,NULL,,3,0,2,7,255,1380,250,0,0
stim,177331,207452,0,207452,3404734.453,-0.661,-0.059,0.331,0.671,0,0,9,70,0,0,0,565,44,0.938,1,2224,0,107.685,14.356,-59.500,-79.875,-40.938,0.547,-0.512,1.355,6.414,12.844,-5.219,0.610,0.758,1.161,1.369,0,NULL,NULL,,3,0,2,7,255,1380,250,0,0
stim,177331,207452,0,207452,3404739.455,-0.657,-0.040,0.335,0.675,428,0,0,767,0,43,0,593,44,0.938,1,2224,0,463.918,15.318,327.750,-211.063,251.500,-0.570,-0.117,4.387,8.348,12.844,-3.859,0.526,0.658,1.161,1.369,0,NULL,NULL,,3,0,2,7,255,1380,250,0,0
stim,177331,207452,0,207452,3404744.454,-0.648,-0.031,0.329,0.686,1029,0,0,1287,0,219,0,652,44,0.938,1,2224,0,418.813,18.827,-57.063,-175.688,375.875,-0.980,2.457,5.461,8.348,16.875,26.246,0.448,0.564,1.161,1.369,0,NULL,NULL,,3,0,2,7,255,1380,250,0,0
stim,177331,207452,0,207452,3404749.455,-0.641,-0.044,0.305,0.703,1524,0,0,1685,0,477,0,737,44,0.938,1,2224,0,738.182,16.963,-695.250,-114.750,219.938,-1.449,2.438,2.461,-1.730,16.875,26.246,0.382,0.474,1.161,1.369,0,NULL,NULL,,3,0,2,7,255,1380,250,0,0
stim,177331,207452,0,207452,3404754.453,-0.638,-0.059,0.281,0.715,1885,0,0,1899,0,631,0,807,44,0.938,1,2225,0,723.691,12.818,-707.875,-112.875,99.500,-1.367,1.898,-0.711,-12.789,-0.867,24.730,0.336,0.390,1.161,1.369,1,1459.000,79.000,,3,0,2,7,255,1380,250,0,0
stim,177331,207452,0,207452,3404759.455,-0.637,-0.067,0.266,0.720,2111,0,0,1993,0,825,0,869,44,0.938,1,2225,0,407.124,20.460,-394.813,-96.375,24.188,-0.934,1.109,-1.883,-12.801,-15.961,-4.199,0.308,0.308,1.161,1.369,1,NULL,NULL,,3,0,2,7,255,1380,250,0,0
stim,177331,207452,0,207452,3404764.453,-0.638,-0.064,0.261,0.721,2277,0,0,2099,0,997,0,951,44,0.938,1,2225,0,127.960,20.460,-29.688,-124.250,-7.375,-0.328,0.254,-0.797,-12.801,-15.961,-14.527,0.302,0.230,1.161,1.369,1,NULL,NULL,,3,0,2,7,255,1380,250,0,0
stim,177331,207452,0,207452,3404769.455,-0.638,-0.057,0.260,0.722,2444,0,0,2226,0,1141,0,1005,44,0.938,1,2225,0,155.528,7.543,67.125,-126.938,59.750,0.070,0.191,1.242,-3.570,-6.645,-14.527,0.332,0.196,1.161,1.369,1,NULL,NULL,,3,0,2,7,255,1380,250,0,0
stim,177361,207482,0,207482,3404774.454,-0.635,-0.053,0.256,0.727,2605,0,0,2440,0,1202,0,1032,44,0.938,1,2225,0,187.776,6.871,-51.000,-124.688,130.813,-0.152,0.910,1.852,-3.570,5.871,0.980,0.364,0.190,1.161,1.369,1,NULL,NULL,,3,0,2,7,255,1380,250,0,0
stim,177361,207482,0,207482,3404779.455,-0.630,-0.052,0.246,0.735,2739,0,0,2603,0,1197,0,1085,44,0.938,1,2225,0,300.243,5.909,-187.250,-142.563,186.438,-1.406,0.277,1.324,0.668,5.871,7.715,0.392,0.214,1.161,1.369,2,NULL,NULL,,3,0,2,7,255,1380,250,0,0
stim,177361,207482,0,207482,3404784.453,-0.627,-0.053,0.233,0.742,2823,0,0,2713,0,1193,0,1173,44,0.938,1,2225,0,359.122,7.713,-289.875,-166.625,131.063,-1.945,-0.680,0.527,2.738,-7.211,7.715,0.414,0.250,1.161,1.369,2,NULL,NULL,,3,0,2,7,255,1380,250,0,0
stim,177361,207482,0,207482,3404789.455,-0.629,-0.054,0.222,0.743,2879,0,0,2803,0,1181,0,1273,44,0.938,1,2225,0,265.716,14.651,-202.313,-167.313,-41.000,-1.379,-0.566,-0.199,7.699,-12.465,0.211,0.436,0.284,1.161,1.369,2,NULL,NULL,,3,0,2,7,255,1380,250,0,0
stim,177361,207482,0,207482,3404794.453,-0.634,-0.050,0.215,0.742,2926,0,0,2878,0,1169,0,1343,44,0.938,1,2225,0,206.052,14.651,-55.813,-172.625,-97.688,-0.316,-0.168,0.383,7.699,-12.465,-5.711,0.462,0.312,1.161,1.369,2,NULL,NULL,,3,0,2,7,255,1380,250,0,0
stim,177361,207482,0,207482,3404799.455,-0.638,-0.046,0.210,0.740,2973,0,0,2935,0,1181,0,1397,44,0.938,1,2225,0,185.186,5.819,3.875,-167.563,-78.750,0.320,-0.398,1.527,5.676,-1.285,-5.711,0.482,0.334,1.161,1.369,2,NULL,NULL,,3,0,2,7,255,1380,250,0,0
stim,177362,207483,0,207483,3404804.454,-0.639,-0.042,0.204,0.740,2987,0,0,2983,0,1191,0,1431,44,0.938,1,2225,0,160.536,10.433,-52.688,-149.938,-22.688,0.602,-0.547,1.859,5.676,8.754,1.969,0.484,0.348,1.161,1.369,2,NULL,NULL,,3,0,2,7,255,1380,250,0,0
stim,177362,207483,0,207483,3404809.455,-0.639,-0.041,0.196,0.743,3007,0,0,3022,0,1255,0,1466,44,0.938,1,2225,0,190.919,12.016,-126.813,-135.563,44.625,0.477,-0.531,1.543,6.543,10.078,1.969,0.474,0.356,1.161,1.369,2,NULL,NULL,,3,0,2,7,255,1380,250,0,0
stim,177362,207483,0,207483,3404814.453,-0.636,-0.041,0.188,0.747,3035,0,0,3049,0,1365,0,1484,44,0.938,1,2225,0,228.896,12.050,-163.750,-129.938,93.250,0.031,-0.578,0.859,6.605,10.078,1.625,0.448,0.360,1.161,1.369,2,NULL,NULL,,3,0,2,7,255,1380,250,0,0
stim,177362,207483,0,207483,3404819.455,-0.634,-0.039,0.180,0.751,3043,0,0,3080,0,1461,0,1514,44,0.938,1,2225,0,201.877,7.586,-119.625,-130.750,96.688,-0.469,-0.625,0.457,6.605,3.730,-3.160,0.422,0.358,1.161,1.369,2,NULL,NULL,,3,0,2,7,255,1380,250,0,0
stim,177395,207516,0,207516,3404824.454,-0.632,-0.036,0.175,0.754,3060,0,0,3103,0,1524,0,1561,44,0.938,1,2225,0,163.102,7.669,-63.625,-134.375,67.063,-0.598,-0.617,0.781,7.379,-2.090,-3.160,0.398,0.348,1.161,1.369,2,NULL,NULL,,3,0,2,7,255,1380,250,0,0
stim,177395,207516,0,207516,3404829.455,-0.632,-0.032,0.170,0.755,3067,0,0,3111,0,1646,0,1641,44,0.938,1,2225,0,143.786,7.669,-40.750,-134.375,30.938,-0.395,-0.180,1.133,7.379,-2.090,-2.133,0.372,0.322,1.161,1.369,2,NULL,NULL,,3,0,2,7,255,1380,250,0,0
stim,177395,207516,0,207516,3404834.454,-0.633,-0.029,0.164,0.756,3063,0,0,3114,0,1751,0,1695,44,0.938,1,2225,0,137.252,3.906,-51.750,-126.688,10.500,-0.094,0.168,1.395,3.902,-0.172,1.387,0.348,0.288,1.161,1.369,2,NULL,NULL,,3,0,2,7,255,1380,250,0,0
stim,177395,207516,0,207516,3404839.455,-0.633,-0.028,0.158,0.758,3081,0,0,3119,24,1847,0,1753,44,0.938,1,2225,0,146.688,2.682,-85.438,-117.938,17.563,0.102,0.113,1.328,0.313,2.664,2.563,0.326,0.252,1.161,1.369,2,NULL,NULL,,3,0,2,7,255,1380,250,0,0
stim,177448,207569,0,207569,3404844.453,-0.632,-0.027,0.152,0.759,3087,0,0,3123,87,1927,0,1780,44,0.938,1,2225,0,155.900,3.382,-106.125,-109.500,32.438,0.039,-0.148,1.113,0.313,3.367,2.563,0.306,0.218,1.161,1.369,2,NULL,NULL,,3,0,2,7,255,1380,250,0,0
stim,177448,207569,0,207569,3404849.455,-0.631,-0.026,0.146,0.761,3079,0,0,3127,167,2015,0,1805,44,0.938,1,2225,0,146.723,4.227,-96.813,-104.250,35.875,-0.082,-0.352,0.855,2.555,3.367,0.297,0.290,0.192,1.161,1.369,2,NULL,NULL,,3,0,2,7,255,1380,250,0,0
stim,177448,207569,0,207569,3404854.454,-0.631,-0.024,0.141,0.763,3081,0,0,3131,240,2085,0,1841,44,0.938,1,2225,0,123.354,3.640,-68.250,-99.125,27.063,-0.109,-0.223,0.820,3.141,1.840,-2.117,0.276,0.170,1.161,1.369,2,NULL,NULL,,3,0,2,7,255,1380,250,0,0
stim,177448,207569,0,207569,3404859.455,-0.631,-0.022,0.137,0.764,3095,0,0,3131,465,2171,45,1955,44,0.938,1,2225,0,107.273,3.497,-43.188,-96.438,18.500,-0.059,-0.023,0.926,3.141,1.539,-2.117,0.268,0.156,1.161,1.369,2,NULL,NULL,,3,0,2,7,255,1380,250,0,0
stim,177448,207569,0,207569,3404864.454,-0.631,-0.020,0.133,0.764,3087,0,0,3143,618,2231,117,2031,44,0.938,1,2225,0,95.637,1.983,-31.500,-89.500,12.000,-0.008,0.145,1.266,1.250,1.539,-0.953,0.268,0.146,1.161,1.369,2,NULL,NULL,,3,0,2,7,255,1380,250,0,0
stim,177448,207569,0,207569,3404869.455,-0.631,-0.019,0.131,0.764,3100,0,0,3149,800,2270,107,2094,44,0.938,1,2225,0,55.317,2.387,-18.438,-50.188,-14.188,0.219,0.273,1.645,-0.133,2.383,2.449,0.268,0.136,1.161,1.369,2,NULL,NULL,,3,0,2,7,255,1380,250,0,0
stim,177448,207569,0,207569,3404874.454,-0.632,-0.019,0.128,0.764,3097,0,0,3144,923,2311,109,2140,44,0.938,1,2225,0,54.621,5.222,-40.875,-35.875,-5.063,0.391,0.578,1.145,-1.414,5.027,2.449,0.268,0.128,1.161,1.369,2,NULL,NULL,,3,0,2,7,255,1380,250,0,0
stim,177448,207569,0,207569,3404879.455,-0.632,-0.018,0.127,0.765,3095,0,0,3148,1014,2335,116,2183,44,0.938,1,2225,0,40.012,7.255,-20.938,-34.000,2.563,0.113,0.824,1.219,-5.230,5.027,2.723,0.270,0.124,1.161,1.369,2,NULL,NULL,,3,0,2,7,255,1380,250,0,0
stim,177448,207569,0,207569,3404884.454,-0.633,-0.019,0.125,0.764,3097,0,0,3147,1105,2365,131,2229,44,0.938,1,2225,0,62.276,5.646,-53.813,-20.813,-23.438,-0.422,0.332,1.512,-5.230,2.125,2.723,0.270,0.120,1.161,1.369,2,NULL,NULL,,3,0,2,7,255,1380,250,0,0
stim,177448,207569,0,207569,3404889.455,-0.635,-0.021,0.121,0.763,3093,0,0,3155,1171,2381,154,2261,44,0.938,1,2225,0,112.223,1.062,-92.750,-17.125,-60.813,-0.207,0.203,0.953,-0.973,-0.426,2.723,0.272,0.114,1.161,1.369,2,NULL,NULL,,3,0,2,7,255,1380,250,0,0
stim,177448,207569,0,207569,3404894.453,-0.637,-0.023,0.118,0.761,3095,0,0,3149,1215,2395,165,2283,44,0.938,1,2225,0,103.884,1.062,-63.563,-13.813,-81.000,-0.066,0.219,0.855,-0.973,-0.426,-0.098,0.282,0.104,1.161,1.369,2,NULL,NULL,,3,0,2,7,255,1380,250,0,0
stim,177448,207569,0,207569,3404899.455,-0.640,-0.023,0.117,0.759,3108,3,0,3160,1290,2411,201,2315,44,0.938,1,2225,0,85.481,1.042,-33.938,-10.500,-77.750,0.137,0.086,1.004,-0.793,0.676,-0.352,0.296,0.090,1.161,1.369,2,NULL,NULL,,3,0,2,7,255,1380,250,0,0
stim,177469,207590,0,207590,3404904.453,-0.642,-0.025,0.115,0.758,3096,21,0,3160,1337,2420,205,2324,44,0.938,1,2225,0,66.573,3.088,-40.000,-8.313,-52.563,0.109,0.105,1.137,-0.395,3.063,-0.352,0.316,0.072,1.161,1.369,2,NULL,NULL,,3,0,2,7,255,1380,250,0,0
stim,177469,207590,0,207590,3404909.455,-0.643,-0.026,0.113,0.757,3097,45,0,3163,1415,2440,217,2343,44,0.938,1,2225,0,64.599,3.080,-56.250,-5.688,-31.250,-0.027,0.031,1.008,-0.332,3.063,-0.070,0.334,0.060,1.161,1.369,2,NULL,NULL,,3,0,2,7,255,1380,250,0,0
stim,177469,207590,0,207590,3404914.454,-0.644,-0.028,0.111,0.757,3102,55,0,3173,1466,2445,259,2363,44,0.938,1,2225,0,64.310,1.656,-55.188,-3.063,-32.875,-0.191,0.035,0.941,0.406,1.605,-0.070,0.348,0.054,1.161,1.369,2,NULL,NULL,,3,0,2,7,255,1380,250,0,0
stim,177469,207590,0,207590,3404919.455,-0.645,-0.029,0.109,0.756,3099,57,0,3183,1517,2469,271,2383,44,0.938,1,2225,0,63.081,0.410,-39.500,-3.438,-49.063,-0.160,0.051,0.879,0.406,0.055,-0.418,0.358,0.052,1.161,1.369,2,NULL,NULL,,3,0,2,7,255,1380,250,0,0
stim,177495,207616,0,207616,3404924.454,-0.647,-0.030,0.108,0.754,3101,75,0,3175,1556,2473,281,2391,44,0.938,1,2225,0,59.252,0.279,-24.625,-1.375,-53.875,-0.055,0.082,1.012,0.273,0.055,-0.418,0.366,0.052,1.161,1.369,2,NULL,NULL,,3,0,2,7,255,1380,250,0,0
stim,177495,207616,0,207616,3404929.455,-0.648,-0.030,0.107,0.753,3103,89,0,3177,1575,2483,285,2404,44,0.938,1,2225,0,49.510,1.295,-29.500,-0.938,-39.750,-0.016,0.000,1.039,0.273,1.266,0.043,0.376,0.052,1.161,1.369,2,NULL,NULL,,3,0,2,7,255,1380,250,0,0
stim,177495,207616,0,207616,3404934.453,-0.649,-0.032,0.106,0.753,3103,105,1,3177,1592,2489,287,2413,44,0.938,1,2225,0,40.346,1.390,-33.938,0.500,-21.813,-0.090,-0.047,1.012,0.574,1.266,0.043,0.388,0.050,1.161,1.369,2,NULL,NULL,,3,0,2,7,255,1380,250,0,0
stim,177495,207616,0,207616,3404939.455,-0.650,-0.033,0.104,0.752,3102,111,6,3181,1625,2503,307,2421,44,0.938,1,2225,0,39.260,1.325,-34.063,0.938,-19.500,-0.176,-0.004,0.957,0.742,1.098,0.000,0.396,0.050,1.161,1.369,2,NULL,NULL,,3,0,2,7,255,1380,250,0,0
stim,177534,207655,0,207655,3404944.454,-0.650,-0.034,0.103,0.752,3104,121,9,3183,1647,2519,319,2431,44,0.938,1,2225,0,37.391,0.749,-26.125,0.000,-26.750,-0.195,0.000,0.918,0.742,0.102,-0.316,0.400,0.052,1.161,1.369,2,NULL,NULL,,3,0,2,7,255,1380,250,0,0
stim,177534,207655,0,207655,3404949.455,-0.651,-0.034,0.102,0.751,3107,135,9,3189,1672,2517,326,2441,44,0.938,1,2225,0,34.530,0.749,-20.188,-0.875,-28.000,-0.133,-0.066,0.938,0.742,0.102,-0.629,0.404,0.052,1.161,1.369,2,NULL,NULL,,3,0,2,7,255,1380,250,0,0
stim,177534,207655,0,207655,3404954.453,-0.652,-0.035,0.102,0.751,3104,139,10,3189,1692,2520,334,2447,44,0.938,1,2225,0,24.700,1.339,-15.313,-1.625,-19.313,-0.117,-0.102,0.941,1.211,0.570,-0.637,0.408,0.052,1.161,1.369,2,NULL,NULL,,3,0,2,7,255,1380,250,0,0
stim,177534,207655,0,207655,3404959.455,-0.652,-0.035,0.101,0.750,3103,150,41,3187,1717,2523,345,2457,44,0.938,1,2225,0,18.068,1.339,-12.875,-2.750,-12.375,-0.160,-0.063,0.957,1.211,0.570,-0.629,0.410,0.050,1.161,1.369,2,NULL,NULL,,3,0,2,7,255,1380,250,0,0
stim,177534,207655,0,207655,3404964.453,-0.653,-0.036,0.100,0.750,3103,165,70,3187,1745,2527,345,2463,44,0.938,1,2225,0,16.205,1.319,-10.625,-3.188,-11.813,-0.168,-0.070,0.957,1.277,0.328,-0.379,0.414,0.046,1.161,1.369,2,NULL,NULL,,3,0,2,7,255,1380,250,0,0
stim,177534,207655,0,207655,3404969.455,-0.653,-0.036,0.100,0.750,3104,175,95,3187,1763,2532,346,2471,44,0.984,1,2225,1,12.731,1.319,-8.563,-4.063,-8.500,-0.133,-0.098,0.949,1.277,0.328,-0.379,0.000,0.000,1.290,1.408,2,NULL,NULL,,3,0,2,7,255,1380,250,0,0
stim,177534,207655,0,207655,3404974.454,-0.653,-0.036,0.099,0.750,3103,173,101,3183,1773,2535,341,2474,44,0.984,1,2225,1,8.090,1.465,-6.000,-4.750,-2.625,-0.145,-0.090,0.949,1.387,0.473,-0.508,0.010,0.010,1.290,1.408,2,NULL,NULL,,3,0,2,7,255,1380,250,0,0
stim,177534,207655,0,207655,3404979.455,-0.653,-0.036,0.099,0.750,3107,171,97,3183,1797,2548,334,2479,44,0.984,1,2225,1,6.138,1.465,-3.688,-4.875,-0.563,-0.160,-0.051,0.969,1.387,0.473,-0.508,0.016,0.018,1.290,1.408,2,NULL,NULL,,3,0,2,7,255,1380,250,0,0
stim,177552,207673,0,207673,3404984.453,-0.653,-0.036,0.098,0.750,3103,168,134,3182,1812,2537,317,2485,44,0.984,1,2225,1,6.514,1.093,-3.938,-5.188,-0.125,-0.168,-0.020,0.969,1.047,0.313,-0.262,0.024,0.026,1.290,1.408,2,NULL,NULL,,3,0,2,7,255,1380,250,0,0
stim,177552,207673,0,207673,3404989.455,-0.653,-0.036,0.098,0.750,3103,173,133,3179,1829,2541,307,2489,44,0.984,1,2225,1,6.170,0.772,-2.250,-5.688,-0.813,-0.172,-0.004,0.953,0.746,0.199,-0.262,0.028,0.030,1.290,1.408,2,NULL,NULL,,3,0,2,7,255,1380,250,0,0
stim,177552,207673,0,207673,3404994.454,-0.653,-0.036,0.098,0.750,3101,171,131,3175,1843,2542,279,2492,44,0.984,1,2225,1,6.241,0.615,0.313,-6.000,-1.688,-0.160,0.012,0.977,0.582,0.199,-0.227,0.032,0.034,1.290,1.408,2,NULL,NULL,,3,0,2,7,255,1380,250,0,0
stim,177552,207673,0,207673,3404999.455,-0.654,-0.036,0.098,0.750,3101,171,128,3173,1855,2547,265,2493,44,0.984,1,2225,1,6.193,0.503,0.250,-5.688,-2.438,-0.156,0.035,1.008,0.457,0.211,-0.148,0.034,0.036,1.290,1.408,2,NULL,NULL,,3,0,2,7,255,1380,250,0,0
stim,177573,207694,0,207694,3405004.454,-0.654,-0.035,0.097,0.750,3109,168,120,3171,1879,2549,248,2508,44,0.984,1,2225,1,6.756,0.296,-0.375,-5.188,-4.313,-0.164,0.070,1.004,0.207,0.211,0.164,0.034,0.036,1.290,1.408,2,NULL,NULL,,3,0,2,7,255,1380,250,0,0
stim,177573,207694,0,207694,3405009.455,-0.654,-0.035,0.097,0.750,3099,170,133,3167,1891,2551,203,2507,44,0.984,1,2225,1,7.640,0.225,-1.375,-5.438,-5.188,-0.156,0.094,1.020,-0.105,0.199,0.191,0.032,0.036,1.290,1.408,2,NULL,NULL,,3,0,2,7,255,1380,250,0,0
stim,177573,207694,0,207694,3405014.453,-0.654,-0.035,0.097,0.749,3095,169,159,3163,1909,2565,180,2511,44,0.984,1,2225,1,8.415,0.367,-3.625,-5.875,-4.813,-0.172,0.094,1.016,-0.328,0.164,0.313,0.032,0.034,1.290,1.408,2,NULL,NULL,,3,0,2,7,255,1380,250,0,0
stim,177573,207694,0,207694,3405019.455,-0.654,-0.035,0.097,0.749,3092,167,169,3157,1917,2554,141,2520,44,0.984,1,2225,1,10.027,0.345,-3.500,-6.125,-7.125,-0.191,0.113,1.004,-0.340,0.059,0.313,0.030,0.034,1.290,1.408,2,NULL,NULL,,3,0,2,7,255,1380,250,0,0
stim,177573,207694,0,207694,3405024.454,-0.655,-0.035,0.096,0.749,3091,160,183,3149,1939,2557,141,2525,44,0.984,1,2225,1,13.680,0.496,-1.813,-6.313,-12.000,-0.184,0.125,1.004,-0.477,-0.137,0.273,0.026,0.030,1.290,1.408,2,NULL,NULL,,3,0,2,7,255,1380,250,0,0
stim,177573,207694,0,207694,3405029.455,-0.655,-0.035,0.096,0.749,3087,167,202,3141,1959,2557,133,2532,44,0.984,1,2225,1,16.218,0.640,0.563,-6.438,-14.875,-0.160,0.137,1.000,-0.625,-0.137,0.238,0.024,0.026,1.290,1.408,2,NULL,NULL,,3,0,2,7,255,1380,250,0,0
stim,177627,207748,0,207748,3405034.454,-0.656,-0.034,0.096,0.748,3069,163,245,3147,1967,2567,115,2534,44,0.984,1,2225,1,18.652,0.765,3.000,-7.500,-16.813,-0.145,0.148,1.020,-0.762,0.074,0.238,0.020,0.022,1.290,1.408,2,NULL,NULL,,3,0,2,7,255,1380,250,0,0
stim,177627,207748,0,207748,3405039.455,-0.656,-0.034,0.096,0.748,3065,160,283,3127,1989,2566,100,2539,44,0.984,1,2225,1,13.178,0.919,-1.625,-6.875,-11.125,-0.070,0.148,1.074,-0.883,0.254,0.344,0.018,0.018,1.290,1.408,2,NULL,NULL,,3,0,2,7,255,1380,250,0,0
stim,177627,207748,0,207748,3405044.453,-0.656,-0.034,0.095,0.748,3060,160,314,3117,2013,2567,90,2549,44,0.984,1,2225,1,9.911,0.986,-6.000,-7.188,-3.250,-0.148,0.184,1.008,-0.953,0.254,0.344,0.018,0.012,1.290,1.408,2,NULL,NULL,,3,0,2,7,255,1380,250,0,0
stim,177627,207748,0,207748,3405049.455,-0.656,-0.033,0.095,0.748,3053,163,333,3109,2031,2569,91,2556,44,0.984,1,2225,1,9.840,1.247,-2.688,-8.188,-4.750,-0.172,0.191,0.996,-1.242,0.113,0.262,0.018,0.006,1.290,1.408,2,NULL,NULL,,3,0,2,7,255,1380,250,0,0
stim,177627,207748,0,207748,3405054.454,-0.657,-0.033,0.095,0.748,3045,165,351,3101,2059,2575,73,2575,44,0.984,1,2225,1,10.522,1.247,-0.500,-9.375,-4.750,-0.145,0.172,1.008,-1.242,0.113,0.246,0.022,0.004,1.290,1.408,2,NULL,NULL,,3,0,2,7,255,1380,250,0,0
stim,177627,207748,0,207748,3405059.455,-0.657,-0.033,0.095,0.748,3035,171,405,3094,2086,2572,75,2585,44,0.984,1,2225,1,9.945,1.188,0.375,-9.938,-0.063,-0.133,0.176,1.016,-1.180,0.141,0.246,0.026,0.008,1.290,1.408,2,NULL,NULL,,3,0,2,7,255,1380,250,0,0
stim,177627,207748,0,207748,3405064.453,-0.657,-0.032,0.095,0.748,3027,175,455,3087,2126,2577,71,2591,44,0.984,1,2225,1,12.816,1.188,-3.563,-12.000,2.750,-0.219,0.223,1.016,-1.180,0.141,0.324,0.032,0.014,1.290,1.408,2,NULL,NULL,,3,0,2,7,255,1380,250,0,0
stim,177627,207748,0,207748,3405069.455,-0.657,-0.032,0.094,0.747,3012,175,488,3069,2169,2581,70,2606,44,0.984,1,2225,1,21.402,1.358,-5.813,-11.063,-17.375,-0.277,0.199,1.039,-1.199,-0.637,0.484,0.038,0.020,1.290,1.408,2,NULL,NULL,,3,0,2,7,255,1380,250,0,0
stim,177650,207771,0,207771,3405074.454,-0.658,-0.032,0.093,0.747,2997,181,604,3061,2216,2585,71,2616,44,0.984,1,2225,1,22.545,1.358,-7.313,-10.500,-18.563,-0.023,-0.004,0.980,-1.199,-0.637,0.484,0.040,0.024,1.290,1.408,2,NULL,NULL,,3,0,2,7,255,1380,250,0,0
stim,177650,207771,0,207771,3405079.455,-0.658,-0.032,0.093,0.747,2997,188,643,3053,2239,2588,71,2641,44,0.984,1,2225,1,15.442,0.942,-8.813,-10.813,6.625,-0.074,0.027,0.980,0.176,0.926,-0.211,0.042,0.026,1.290,1.408,2,NULL,NULL,,3,0,2,7,255,1380,250,0,0
stim,177650,207771,0,207771,3405084.454,-0.657,-0.032,0.092,0.747,2979,199,713,3045,2279,2590,81,2645,44,0.984,1,2225,1,14.358,0.942,-6.500,-11.813,4.938,-0.270,0.129,0.953,0.176,0.926,-0.211,0.044,0.026,1.290,1.408,2,NULL,NULL,,3,0,2,7,255,1380,250,0,0
stim,177650,207771,0,207771,3405089.455,-0.658,-0.031,0.092,0.747,2963,219,739,3041,2302,2592,99,2665,44,0.984,1,2225,1,18.204,0.767,-5.250,-11.750,-12.875,-0.242,0.059,0.980,0.086,-0.762,-0.090,0.042,0.024,1.290,1.408,2,NULL,NULL,,3,0,2,7,255,1380,250,0,0
stim,177650,207771,0,207771,3405094.453,-0.659,-0.031,0.091,0.746,2941,218,795,3017,2349,2591,115,2662,44,0.984,1,2225,1,22.412,0.767,-3.563,-11.750,-18.750,-0.152,-0.023,0.957,0.086,-0.762,-0.090,0.040,0.022,1.290,1.408,2,NULL,NULL,,3,0,2,7,255,1380,250,0,0
stim,177650,207771,0,207771,3405099.455,-0.659,-0.031,0.091,0.746,2937,231,884,3005,2377,2603,141,2681,44,0.984,1,2225,1,20.151,0.350,-3.125,-13.438,-14.688,-0.180,0.023,0.961,0.305,-0.172,-0.250,0.038,0.020,1.290,1.408,2,NULL,NULL,,3,0,2,7,255,1380,250,0,0
stim,177671,207792,0,207792,3405104.453,-0.660,-0.031,0.090,0.745,2914,228,937,2989,2413,2611,173,2687,44,0.984,1,2225,1,22.945,0.441,-3.250,-13.000,-18.625,-0.195,0.016,0.980,0.406,-0.172,-0.250,0.036,0.020,1.290,1.408,2,NULL,NULL,,3,0,2,7,255,1380,250,0,0
stim,177671,207792,0,207792,3405109.455,-0.660,-0.031,0.090,0.745,2895,229,1020,2981,2445,2605,215,2707,44,0.984,1,2225,1,26.216,0.441,-2.188,-14.750,-21.563,-0.180,-0.027,0.965,0.406,-0.172,-0.230,0.036,0.020,1.290,1.408,2,NULL,NULL,,3,0,2,7,255,1380,250,0,0
stim,177671,207792,0,207792,3405114.454,-0.661,-0.030,0.089,0.744,2869,239,1129,2957,2478,2605,261,2717,44,0.984,1,2225,1,24.136,0.422,-3.438,-15.563,-18.125,-0.160,0.023,0.992,0.406,-0.113,-0.020,0.034,0.020,1.290,1.408,2,NULL,NULL,,3,0,2,7,255,1380,250,0,0
stim,177671,207792,0,207792,3405119.456,-0.662,-0.030,0.088,0.744,2853,245,1211,2933,2493,2615,285,2733,44,0.984,1,2225,1,27.101,0.303,-5.063,-17.063,-20.438,-0.207,0.105,0.973,0.281,-0.113,-0.047,0.034,0.020,1.290,1.408,2,NULL,NULL,,3,0,2,7,255,1380,250,0,0
stim,177694,207815,0,207815,3405124.454,-0.663,-0.030,0.088,0.743,2829,247,1286,2910,2521,2617,327,2744,44,0.984,1,2225,1,31.184,0.058,-4.500,-16.813,-25.875,-0.156,0.055,1.004,-0.039,0.043,0.023,0.034,0.020,1.290,1.408,2,NULL,NULL,,3,0,2,7,255,1380,250,0,0
stim,177694,207815,0,207815,3405129.455,-0.664,-0.029,0.087,0.742,2806,249,1357,2907,2555,2615,376,2763,44,0.984,1,2225,1,33.841,0.260,-4.188,-19.625,-27.250,-0.160,0.074,0.957,-0.230,-0.121,-0.047,0.036,0.018,1.290,1.408,2,NULL,NULL,,3,0,2,7,255,1380,250,0,0
stim,177694,207815,0,207815,3405134.453,-0.665,-0.029,0.086,0.742,2778,249,1439,2872,2581,2617,403,2766,44,0.984,1,2225,1,33.934,0.234,-1.438,-17.563,-29.000,-0.098,0.070,1.043,-0.230,0.043,0.172,0.036,0.018,1.290,1.408,2,NULL,NULL,,3,0,2,7,255,1380,250,0,0
stim,177694,207815,0,207815,3405139.455,-0.665,-0.028,0.085,0.741,2763,251,1531,2854,2599,2617,455,2788,44,0.984,1,2225,1,30.180,0.635,-9.813,-16.813,-23.063,-0.043,0.078,1.043,-0.254,0.582,0.371,0.038,0.018,1.290,1.408,2,NULL,NULL,,3,0,2,7,255,1380,250,0,0
stim,177738,207859,0,207859,3405144.454,-0.666,-0.028,0.084,0.741,2731,249,1605,2837,2621,2629,521,2789,44,0.984,1,2225,1,26.058,0.719,-12.438,-16.563,-15.813,-0.078,0.098,0.973,-0.395,0.602,0.371,0.042,0.020,1.290,1.408,2,NULL,NULL,,3,0,2,7,255,1380,250,0,0
stim,177738,207859,0,207859,3405149.455,-0.666,-0.028,0.084,0.740,2698,263,1672,2812,2648,2629,599,2803,44,0.984,1,2225,1,25.018,0.770,-8.125,-16.063,-17.375,-0.129,0.094,0.984,-0.480,0.602,-0.051,0.044,0.020,1.290,1.408,2,NULL,NULL,,3,0,2,7,255,1380,250,0,0
stim,177738,207859,0,207859,3405154.453,-0.667,-0.027,0.083,0.740,2675,268,1773,2796,2660,2621,725,2812,44,0.984,1,2225,1,26.315,0.542,-7.438,-15.875,-19.625,-0.121,0.063,0.988,-0.480,0.250,-0.051,0.046,0.020,1.290,1.408,2,NULL,NULL,,3,0,2,7,255,1380,250,0,0
stim,177738,207859,0,207859,3405159.455,-0.668,-0.027,0.082,0.739,2634,269,1824,2780,2693,2633,805,2825,44,0.984,1,2225,1,28.090,0.380,-9.625,-15.125,-21.625,-0.164,0.086,1.031,-0.359,0.125,-0.027,0.048,0.020,1.290,1.408,2,NULL,NULL,,3,0,2,7,255,1380,250,0,0
stim,177738,207859,0,207859,3405164.454,-0.669,-0.027,0.081,0.738,2591,281,1875,2758,2707,2633,917,2829,44,0.984,1,2225,1,37.108,0.360,-16.563,-14.625,-29.813,-0.152,0.109,1.059,-0.359,-0.027,0.434,0.050,0.022,1.290,1.408,2,NULL,NULL,,3,0,2,7,255,1380,250,0,0
stim,177738,207859,0,207859,3405169.455,-0.670,-0.028,0.080,0.738,2557,277,1939,2733,2728,2628,1001,2840,44,0.984,1,2225,1,39.429,0.360,-22.750,-14.875,-28.563,-0.086,0.023,0.980,-0.359,-0.027,0.434,0.052,0.022,1.290,1.408,2,NULL,NULL,,3,0,2,7,255,1380,250,0,0
stim,177738,207859,0,207859,3405174.454,-0.671,-0.028,0.079,0.737,2521,291,1997,2715,2735,2634,1062,2845,44,0.984,1,2225,1,34.658,0.435,-20.625,-13.813,-24.188,-0.102,0.047,1.004,-0.133,0.414,0.090,0.054,0.022,1.290,1.408,2,NULL,NULL,,3,0,2,7,255,1380,250,0,0
stim,177738,207859,0,207859,3405179.455,-0.671,-0.028,0.077,0.737,2469,293,2075,2685,2761,2628,1142,2854,44,0.984,1,2225,1,35.779,0.414,-23.938,-14.563,-22.250,-0.121,0.035,0.984,0.004,0.414,-0.094,0.056,0.022,1.290,1.408,2,NULL,NULL,,3,0,2,7,255,1380,250,0,0
stim,177738,207859,0,207859,3405184.453,-0.672,-0.028,0.076,0.736,2428,301,2141,2661,2771,2637,1262,2861,44,0.984,1,2225,1,28.556,0.375,-16.375,-15.313,-17.688,-0.102,-0.086,0.910,0.004,0.375,-0.094,0.056,0.022,1.290,1.408,2,NULL,NULL,,3,0,2,7,255,1380,250,0,0
stim,177738,207859,0,207859,3405189.455,-0.672,-0.028,0.075,0.736,2391,309,2203,2635,2785,2637,1363,2870,44,0.984,1,2225,1,24.212,0.599,-8.375,-15.875,-16.250,-0.152,-0.023,0.969,0.570,0.184,-0.234,0.056,0.020,1.290,1.408,2,NULL,NULL,,3,0,2,7,255,1380,250,0,0
stim,177763,207884,0,207884,3405194.454,-0.673,-0.028,0.075,0.735,2325,309,2245,2596,2793,2637,1445,2875,44,0.984,1,2225,1,32.331,0.581,-8.188,-16.000,-26.875,-0.199,0.078,1.027,0.570,-0.109,-0.234,0.056,0.018,1.290,1.408,2,NULL,NULL,,3,0,2,7,255,1380,250,0,0
stim,177763,207884,0,207884,3405199.455,-0.675,-0.028,0.074,0.734,2277,314,2291,2571,2799,2641,1507,2895,44,0.984,1,2225,1,45.214,0.429,-16.375,-15.188,-39.313,-0.156,0.113,1.055,-0.398,-0.160,0.465,0.056,0.016,1.290,1.408,2,NULL,NULL,,3,0,2,7,255,1380,250,0,0
stim,177763,207884,0,207884,3405204.453,-0.676,-0.028,0.072,0.733,2205,311,2333,2515,2812,2633,1588,2899,44,0.984,1,2225,1,47.575,0.429,-22.313,-15.000,-39.250,-0.070,0.000,1.000,-0.398,-0.160,0.465,0.056,0.014,1.290,1.408,2,NULL,NULL,,3,0,2,7,255,1380,250,0,0
stim,177763,207884,0,207884,3405209.455,-0.677,-0.028,0.071,0.732,2133,313,2357,2464,2827,2647,1663,2895,44,0.984,1,2225,1,37.109,0.702,-21.375,-14.875,-26.438,-0.035,-0.070,0.969,0.203,0.672,-0.023,0.056,0.014,1.290,1.408,2,NULL,NULL,,3,0,2,7,255,1380,250,0,0
stim,177784,207905,0,207905,3405214.453,-0.677,-0.028,0.070,0.732,2069,309,2403,2425,2839,2635,1751,2915,44,0.984,1,2225,1,27.322,0.831,-16.750,-15.875,-14.625,-0.109,-0.027,0.973,0.488,0.672,-0.250,0.056,0.012,1.290,1.408,2,NULL,NULL,,3,0,2,7,255,1380,250,0,0
stim,177784,207905,0,207905,3405219.455,-0.678,-0.028,0.069,0.732,1995,309,2427,2361,2856,2641,1815,2909,44,0.984,1,2225,1,27.095,0.532,-14.563,-16.250,-16.063,-0.160,0.031,1.012,0.488,0.211,-0.250,0.058,0.012,1.290,1.408,2,NULL,NULL,,3,0,2,7,255,1380,250,0,0
stim,177784,207905,0,207905,3405224.454,-0.678,-0.028,0.068,0.731,1927,299,2455,2293,2863,2632,1865,2911,44,0.984,1,2225,1,31.952,0.157,-15.438,-16.875,-22.313,-0.145,0.051,1.023,-0.063,-0.145,0.223,0.058,0.012,1.290,1.408,2,NULL,NULL,,3,0,2,7,255,1380,250,0,0
stim,177784,207905,0,207905,3405229.455,-0.679,-0.028,0.067,0.730,1849,287,2487,2237,2868,2646,1934,2925,44,0.984,1,2225,1,37.193,0.164,-18.625,-17.438,-27.063,-0.125,0.027,1.035,-0.078,-0.145,0.313,0.060,0.012,1.290,1.408,2,NULL,NULL,,3,0,2,7,255,1380,250,0,0
stim,177784,207905,0,207905,3405234.453,-0.680,-0.028,0.065,0.729,1747,279,2519,2169,2885,2643,1991,2936,44,0.984,1,2225,1,42.875,0.100,-26.563,-18.000,-28.438,-0.117,-0.004,1.066,-0.078,0.063,0.402,0.060,0.012,1.290,1.408,2,NULL,NULL,,3,0,2,7,255,1380,250,0,0
stim,177784,207905,0,207905,3405239.455,-0.681,-0.029,0.063,0.729,1630,266,2535,2083,2888,2643,2039,2925,44,0.984,1,2225,1,47.587,0.100,-33.250,-17.313,-29.313,-0.121,0.039,1.023,-0.078,0.063,0.402,0.062,0.012,1.290,1.408,2,NULL,NULL,,3,0,2,7,255,1380,250,0,0
stim,177828,207949,0,207949,3405244.453,-0.682,-0.029,0.062,0.728,1511,252,2557,1967,2899,2631,2093,2927,44,0.984,1,2225,1,46.753,0.239,-29.813,-17.000,-31.750,-0.109,0.086,0.945,-0.234,0.047,0.305,0.064,0.012,1.290,1.408,2,NULL,NULL,,3,0,2,7,255,1380,250,0,0
stim,177828,207949,0,207949,3405249.455,-0.683,-0.029,0.061,0.727,1369,249,2585,1881,2903,2632,2147,2937,44,0.984,1,2225,1,43.644,0.386,-20.938,-16.875,-34.375,-0.086,0.043,0.961,-0.383,0.047,-0.375,0.066,0.012,1.290,1.408,2,NULL,NULL,,3,0,2,7,255,1380,250,0,0
stim,177828,207949,0,207949,3405254.454,-0.684,-0.029,0.059,0.726,1279,233,2592,1790,2917,2624,2185,2939,44,0.984,1,2225,1,41.967,0.468,-18.250,-16.625,-33.938,-0.078,-0.035,1.012,-0.383,0.270,-0.375,0.068,0.014,1.290,1.408,2,NULL,NULL,,3,0,2,7,255,1380,250,0,0
stim,177828,207949,0,207949,3405259.455,-0.685,-0.030,0.058,0.725,1197,244,2613,1685,2923,2633,2223,2941,44,0.984,1,2225,1,38.798,0.602,-19.750,-16.000,-29.313,-0.066,-0.063,1.004,0.387,0.461,0.035,0.070,0.014,1.290,1.408,2,NULL,NULL,,3,0,2,7,255,1380,250,0,0
stim,177828,207949,0,207949,3405264.453,-0.686,-0.030,0.057,0.725,1054,204,2633,1593,2919,2629,2253,2955,44,0.984,1,2225,1,35.120,0.670,-19.438,-15.688,-24.688,-0.066,-0.047,0.988,0.445,0.500,0.035,0.072,0.016,1.290,1.408,2,NULL,NULL,,3,0,2,7,255,1380,250,0,0
stim,177828,207949,0,207949,3405269.455,-0.687,-0.030,0.056,0.724,969,178,2643,1463,2933,2617,2285,2951,44,0.984,1,2225,1,32.502,0.670,-18.125,-15.438,-22.125,-0.094,-0.020,0.996,0.445,0.500,-0.020,0.074,0.016,1.290,1.408,2,NULL,NULL,,3,0,2,7,255,1380,250,0,0
stim,177828,207949,0,207949,3405274.454,-0.688,-0.030,0.055,0.723,820,159,2661,1318,2939,2613,2317,2956,44,0.984,1,2225,1,33.187,0.303,-18.875,-15.813,-22.250,-0.121,0.004,1.023,0.188,0.238,-0.020,0.074,0.016,1.290,1.408,2,NULL,NULL,,3,0,2,7,255,1380,250,0,0
stim,177828,207949,0,207949,3405279.455,-0.688,-0.030,0.053,0.723,677,125,2620,1205,2952,2607,2334,2957,44,0.984,1,2225,1,38.176,0.063,-21.563,-16.438,-26.875,-0.137,0.023,1.027,-0.055,-0.031,0.270,0.076,0.016,1.290,1.408,2,NULL,NULL,,3,0,2,7,255,1380,250,0,0
stim,177867,207988,0,207988,3405284.453,-0.689,-0.030,0.052,0.722,568,89,2681,1055,2944,2605,2374,2963,44,0.984,1,2225,1,39.104,0.248,-19.313,-16.688,-29.625,-0.090,0.047,0.984,-0.246,-0.031,0.270,0.078,0.016,1.290,1.408,2,NULL,NULL,,3,0,2,7,255,1380,250,0,0
stim,177867,207988,0,207988,3405289.455,-0.690,-0.030,0.051,0.721,471,83,2694,936,2951,2599,2413,2966,44,0.984,1,2225,1,34.220,0.451,-13.500,-17.313,-26.250,-0.074,0.035,0.973,-0.414,0.180,-0.133,0.080,0.018,1.290,1.408,2,NULL,NULL,,3,0,2,7,255,1380,250,0,0
stim,177867,207988,0,207988,3405294.453,-0.691,-0.030,0.050,0.721,350,64,2705,779,2965,2597,2439,2967,44,0.984,1,2225,1,29.575,0.451,-9.063,-17.875,-21.750,-0.094,0.016,1.023,-0.414,0.180,-0.133,0.080,0.020,1.290,1.408,2,NULL,NULL,,3,0,2,7,255,1380,250,0,0
stim,177867,207988,0,207988,3405299.455,-0.691,-0.029,0.049,0.720,260,53,2712,680,2973,2586,2458,2969,44,0.984,1,2225,1,30.822,0.293,-12.438,-18.250,-21.500,-0.121,0.008,1.066,-0.242,0.164,0.270,0.082,0.020,1.290,1.408,2,NULL,NULL,,3,0,2,7,255,1380,250,0,0
stim,177867,207988,0,207988,3405304.454,-0.692,-0.029,0.048,0.719,165,17,2727,574,2979,2577,2480,2975,44,0.984,1,2225,1,35.505,0.248,-18.750,-18.250,-24.000,-0.125,0.012,1.066,-0.238,-0.070,0.691,0.084,0.020,1.290,1.408,2,NULL,NULL,,3,0,2,7,255,1380,250,0,0
stim,177867,207988,1,207988,3405309.455,-0.693,-0.030,0.047,0.719,119,0,2739,395,2973,2556,2507,2975,44,0.984,1,2225,1,41.845,0.248,-23.500,-18.125,-29.500,-0.113,0.020,1.035,-0.238,-0.070,0.691,0.086,0.022,1.290,1.408,2,NULL,NULL,,3,1,2,7,255,1380,250,0,0
stim,177867,207988,1,207988,3405314.453,-0.694,-0.030,0.046,0.718,73,0,2751,271,2991,2554,2521,2975,44,0.984,1,2225,1,42.230,0.341,-21.313,-19.188,-31.000,-0.105,0.035,1.020,-0.336,-0.059,0.391,0.086,0.024,1.290,1.408,2,NULL,NULL,,3,1,2,7,255,1380,250,0,0
stim,177867,207988,1,207988,3405319.455,-0.695,-0.030,0.044,0.717,42,0,2761,168,2983,2536,2549,2979,44,0.984,1,2225,1,40.558,0.513,-17.563,-20.250,-30.438,-0.078,0.039,1.000,-0.512,-0.031,0.223,0.086,0.026,1.290,1.408,2,NULL,NULL,,3,1,2,7,255,1380,250,0,0
stim,177890,208011,1,208011,3405324.454,-0.696,-0.029,0.043,0.716,31,0,2771,125,2987,2521,2573,2982,44,0.984,1,2225,1,40.769,0.513,-15.750,-21.375,-30.938,-0.105,0.008,1.016,-0.512,-0.031,0.176,0.084,0.028,1.290,1.408,2,NULL,NULL,,3,1,2,7,255,1380,250,0,0
stim,177890,208011,1,208011,3405329.455,-0.697,-0.029,0.042,0.715,13,0,2779,103,2985,2507,2589,2983,44,0.984,1,2225,1,46.035,0.283,-16.125,-23.250,-36.313,-0.082,-0.016,1.008,-0.246,0.141,0.113,0.080,0.032,1.290,1.408,2,NULL,NULL,,3,1,2,7,255,1380,250,0,0
stim,177934,208056,1,208056,3405334.454,-0.698,-0.029,0.041,0.714,0,0,2789,83,2996,2489,2609,2985,44,0.984,1,2225,0,47.389,0.148,-14.313,-24.625,-37.875,-0.070,-0.035,0.996,-0.047,0.141,0.113,0.078,0.034,1.290,1.408,3,NULL,NULL,,3,1,2,7,255,1380,250,0,0
stim,177934,208056,1,208056,3405339.455,-0.699,-0.028,0.040,0.713,0,0,2793,59,3001,2468,2630,2989,44,0.984,1,2225,0,41.814,0.173,-5.625,-27.063,-31.375,-0.125,-0.055,1.020,0.102,0.141,0.113,0.074,0.040,1.290,1.408,3,NULL,NULL,,3,1,2,7,255,1380,250,0,0
stim,177934,208056,1,208056,3405344.453,-0.700,-0.027,0.039,0.712,0,0,2799,2,3003,2451,2647,2991,44,0.984,1,2225,0,42.471,0.343,0.063,-30.000,-30.063,-0.156,-0.039,1.082,0.133,-0.316,0.273,0.070,0.044,1.290,1.408,3,NULL,NULL,,3,1,2,7,255,1380,250,0,0
stim,177934,208056,1,208056,3405349.455,-0.701,-0.027,0.038,0.711,0,0,2807,0,3007,2431,2665,2991,44,0.984,1,2225,0,46.419,0.589,-1.500,-31.500,-34.063,-0.160,-0.035,1.109,0.133,-0.574,0.891,0.068,0.048,1.290,1.408,3,NULL,NULL,,3,1,2,7,255,1380,250,0,0
stim,177934,208056,1,208056,3405354.454,-0.702,-0.026,0.036,0.710,0,0,2809,0,3013,2411,2681,2995,44,0.984,1,2225,0,48.577,0.589,-3.688,-34.250,-34.250,-0.133,-0.043,1.102,0.133,-0.574,1.066,0.066,0.052,1.290,1.408,3,NULL,NULL,,3,1,2,7,255,1380,250,0,0
stim,177934,208056,1,208056,3405359.455,-0.703,-0.025,0.035,0.709,0,0,2811,0,3017,2392,2699,2995,44,0.984,1,2225,0,47.433,0.414,-0.375,-36.688,-30.063,-0.109,-0.027,1.090,0.113,-0.398,1.066,0.062,0.056,1.290,1.408,3,NULL,NULL,,3,1,2,7,255,1380,250,0,0
stim,177934,208056,1,208056,3405364.453,-0.704,-0.023,0.034,0.709,0,0,2809,0,3015,2375,2712,2991,44,0.984,1,2225,0,46.800,0.398,10.063,-39.313,-23.313,-0.137,-0.008,1.137,0.000,-0.398,1.066,0.058,0.062,1.290,1.408,3,NULL,NULL,,3,1,2,7,255,1380,250,0,0
stim,177934,208056,1,208056,3405369.455,-0.704,-0.021,0.034,0.709,0,0,2809,0,3019,2349,2723,2991,44,0.984,1,2225,0,50.723,0.400,21.438,-45.375,-7.375,-0.129,0.078,1.262,-0.176,-0.359,1.398,0.054,0.066,1.290,1.408,3,NULL,NULL,,3,1,2,7,255,1380,250,0,0
stim,177934,208056,1,208056,3405374.454,-0.705,-0.020,0.032,0.709,0,0,2813,0,3031,2333,2744,2997,44,0.984,1,2225,0,47.000,0.704,-10.188,-45.438,-6.375,-0.047,0.035,1.203,-0.605,-0.359,1.973,0.052,0.070,1.290,1.408,3,NULL,NULL,,3,1,2,7,255,1380,250,0,0
stim,177935,208056,1,208056,3405379.455,-0.705,-0.019,0.030,0.709,0,0,2821,0,3020,2297,2759,2991,44,0.984,1,2225,0,51.012,0.646,-24.750,-44.250,-5.625,-0.043,-0.055,1.000,-0.605,0.227,1.973,0.050,0.074,1.290,1.408,3,NULL,NULL,,3,1,2,7,255,1380,250,0,0
stim,177935,208056,1,208056,3405384.454,-0.705,-0.018,0.028,0.709,0,0,2823,0,3027,2269,2771,2991,44,0.984,1,2225,0,48.899,0.377,-6.188,-47.688,8.875,-0.090,-0.082,0.957,0.301,0.227,-0.004,0.050,0.078,1.290,1.408,3,NULL,NULL,,3,1,2,7,255,1380,250,0,0
stim,177935,208056,1,208056,3405389.455,-0.704,-0.016,0.027,0.709,0,0,2808,0,3031,2239,2786,2997,44,0.984,1,2225,0,50.488,0.498,5.000,-49.750,7.000,-0.105,-0.066,0.980,0.395,-0.305,-0.156,0.050,0.082,1.290,1.408,3,NULL,NULL,,3,1,2,7,255,1380,250,0,0
stim,177964,208085,1,208085,3405394.453,-0.704,-0.014,0.025,0.709,0,0,2811,0,3029,2212,2795,2989,44,0.984,1,2225,0,53.423,0.646,13.188,-51.625,3.875,-0.121,-0.027,1.035,0.395,-0.512,-0.156,0.052,0.086,1.290,1.408,3,NULL,NULL,,3,1,2,7,255,1380,250,0,0
stim,177964,208085,1,208085,3405399.455,-0.704,-0.012,0.024,0.709,0,0,2810,0,3041,2169,2805,3000,44,0.984,1,2225,0,54.409,0.654,11.938,-53.063,-1.500,-0.137,-0.020,1.090,0.043,-0.652,0.398,0.054,0.090,1.290,1.408,3,NULL,NULL,,3,1,2,7,255,1380,250,0,0
stim,177964,208085,1,208085,3405404.453,-0.704,-0.010,0.023,0.709,0,0,2811,0,3043,2121,2821,3000,44,0.984,1,2225,0,56.877,0.655,11.438,-55.688,-1.750,-0.059,0.051,1.133,-0.059,-0.652,0.941,0.056,0.092,1.290,1.408,3,NULL,NULL,,3,1,2,7,255,1380,250,0,0
stim,177964,208085,1,208085,3405409.455,-0.704,-0.008,0.021,0.710,0,0,2811,0,3047,2069,2833,3001,44,0.984,1,2225,0,57.308,0.736,6.313,-56.750,4.875,-0.059,0.066,1.141,-0.719,-0.156,1.289,0.058,0.096,1.290,1.408,3,NULL,NULL,,3,1,2,7,255,1380,250,0,0
stim,177964,208085,1,208085,3405414.454,-0.704,-0.006,0.020,0.710,0,0,2809,0,3048,2012,2845,3002,44,0.984,1,2225,0,59.524,0.736,1.125,-59.063,7.313,-0.059,0.047,1.121,-0.719,-0.156,1.289,0.060,0.100,1.290,1.408,3,NULL,NULL,,3,1,2,7,255,1380,250,0,0
stim,177964,208085,1,208085,3405419.455,-0.704,-0.004,0.018,0.710,0,0,2807,0,3053,1945,2857,3000,44,0.984,1,2225,0,62.193,0.739,1.125,-61.063,11.750,-0.055,0.051,1.109,-0.711,-0.203,1.180,0.064,0.106,1.290,1.408,3,NULL,NULL,,3,1,2,7,255,1380,250,0,0
stim,177996,208117,1,208117,3405424.454,-0.703,-0.002,0.016,0.711,0,0,2807,0,3055,1875,2871,2999,44,0.984,1,2225,0,65.177,0.701,3.313,-63.500,14.313,-0.070,0.027,1.117,-0.660,-0.234,1.141,0.068,0.110,1.290,1.408,3,NULL,NULL,,3,1,2,7,255,1380,250,0,0
stim,177996,208117,1,208117,3405429.455,-0.703,-0.000,0.014,0.711,0,0,2808,0,3055,1813,2878,2997,44,0.984,1,2225,0,68.571,0.799,2.063,-66.750,15.563,-0.078,0.047,1.113,-0.652,-0.461,1.090,0.072,0.116,1.290,1.408,3,NULL,NULL,,3,1,2,7,255,1380,250,0,0
stim,177996,208117,1,208117,3405434.454,-0.702,0.002,0.012,0.712,0,0,2806,0,3059,1743,2892,2996,44,0.984,1,2225,0,69.288,0.877,1.750,-67.938,13.500,-0.094,0.066,1.117,-0.652,-0.586,1.141,0.078,0.120,1.290,1.408,3,NULL,NULL,,3,1,2,7,255,1380,250,0,0
stim,177996,208117,1,208117,3405439.455,-0.702,0.004,0.010,0.712,0,0,2805,0,3061,1663,2901,2995,44,0.984,1,2225,0,72.102,0.903,1.438,-70.813,13.500,-0.063,0.051,1.160,-0.688,-0.586,1.160,0.084,0.126,1.290,1.408,3,NULL,NULL,,3,1,2,7,255,1380,250,0,0
stim,178032,208153,1,208153,3405444.454,-0.701,0.006,0.008,0.713,0,0,2805,0,3065,1554,2915,2991,44,0.984,1,2225,0,75.703,0.883,-5.875,-72.063,22.438,0.023,-0.039,1.203,-0.688,-0.555,1.539,0.090,0.130,1.290,1.408,3,NULL,NULL,,3,1,2,7,255,1380,250,0,0
stim,178032,208153,1,208153,3405449.455,-0.700,0.008,0.005,0.714,0,0,2803,0,3069,1452,2923,2988,44,0.984,1,2225,0,88.394,0.485,-14.500,-77.188,40.563,-0.031,0.004,1.145,-0.238,-0.422,1.539,0.098,0.136,1.290,1.408,3,NULL,NULL,,3,1,2,7,255,1380,250,0,0
stim,178032,208153,1,208153,3405454.453,-0.698,0.010,0.002,0.716,0,0,2803,0,3076,1327,2935,2983,44,0.984,1,2225,0,90.884,0.485,-16.688,-78.750,42.188,-0.074,0.012,1.125,-0.238,-0.422,1.414,0.104,0.142,1.290,1.408,3,NULL,NULL,,3,1,2,7,255,1380,250,0,0
stim,178032,208153,1,208153,3405459.455,-0.697,0.012,-0.000,0.717,0,0,2797,0,3079,1197,2943,2979,44,0.984,1,2225,0,93.383,0.898,-14.188,-82.125,42.125,-0.059,0.063,1.125,-0.348,-0.828,1.195,0.110,0.148,1.290,1.408,3,NULL,NULL,,3,1,2,7,255,1380,250,0,0
stim,178032,208153,1,208153,3405464.454,-0.696,0.014,-0.003,0.718,0,0,2795,0,3081,1052,2953,2975,44,0.984,1,2225,0,94.556,1.235,-15.500,-85.625,37.000,-0.098,0.141,1.109,-0.859,-0.887,1.191,0.116,0.156,1.290,1.408,3,NULL,NULL,,3,1,2,7,255,1380,250,0,0
stim,178032,208153,1,208153,3405469.455,-0.695,0.017,-0.006,0.719,0,0,2783,0,3083,909,2963,2971,44,0.984,1,2225,0,94.927,1.908,-10.375,-89.250,30.625,-0.063,0.141,1.109,-1.582,-1.066,1.000,0.124,0.166,1.290,1.408,3,NULL,NULL,,3,1,2,7,255,1380,250,0,0
stim,178032,208153,1,208153,3405474.454,-0.694,0.019,-0.009,0.720,0,0,2771,0,3089,760,2967,2965,44,0.984,1,2225,0,98.167,1.908,-9.188,-92.938,30.250,-0.043,0.055,1.129,-1.582,-1.066,1.000,0.134,0.176,1.290,1.408,3,NULL,NULL,,3,1,2,7,255,1380,250,0,0
stim,178032,208153,1,208153,3405479.455,-0.692,0.022,-0.012,0.721,0,0,2758,0,3087,629,2971,2955,44,0.984,1,2225,0,103.283,1.238,-7.938,-96.938,34.750,-0.023,-0.004,1.137,-0.781,-0.961,1.207,0.142,0.188,1.290,1.408,3,NULL,NULL,,3,1,2,7,255,1380,250,0,0
stim,178032,208153,1,208153,3405484.453,-0.691,0.025,-0.016,0.722,0,0,2741,0,3089,525,2981,2937,44,0.984,1,2225,0,109.336,0.987,-12.063,-100.250,41.938,-0.031,-0.031,1.148,-0.227,-0.961,1.309,0.154,0.200,1.290,1.408,3,NULL,NULL,,3,1,2,7,255,1380,250,0,0
stim,178032,208153,1,208153,3405489.455,-0.689,0.027,-0.019,0.724,0,0,2719,0,3089,460,2985,2941,44,0.984,1,2225,0,113.139,1.009,-14.938,-104.188,41.500,-0.059,-0.016,1.137,-0.105,-1.004,1.309,0.166,0.214,1.290,1.408,3,NULL,NULL,,3,1,2,7,255,1380,250,0,0
stim,178066,208187,1,208187,3405494.454,-0.688,0.030,-0.023,0.725,0,0,2695,0,3096,348,2991,2925,44,0.984,1,2225,0,116.668,1.247,-16.000,-107.688,41.938,-0.035,0.023,1.129,-0.105,-1.242,1.266,0.178,0.230,1.290,1.408,3,NULL,NULL,,3,1,2,7,255,1380,250,0,0
stim,178066,208187,1,208187,3405499.455,-0.686,0.033,-0.026,0.726,0,0,2671,0,3095,231,2997,2917,44,0.984,1,2225,0,119.380,1.441,-13.438,-110.938,42.000,-0.055,0.031,1.133,-0.500,-1.352,1.211,0.194,0.248,1.290,1.408,3,NULL,NULL,,3,1,2,7,255,1380,250,0,0
stim,178066,208187,1,208187,3405504.453,-0.685,0.036,-0.030,0.727,0,0,2645,0,3095,141,3001,2893,44,0.984,1,2225,0,122.178,1.622,-14.813,-114.750,39.250,-0.055,0.016,1.156,-0.500,-1.543,1.211,0.210,0.268,1.290,1.408,3,NULL,NULL,,3,1,2,7,255,1380,250,0,0
stim,178066,208187,1,208187,3405509.455,-0.684,0.039,-0.034,0.728,0,0,2617,0,3095,94,3007,2875,44,0.984,1,2225,0,125.377,1.711,-16.125,-118.625,37.250,-0.063,-0.016,1.176,-0.430,-1.656,1.422,0.228,0.290,1.290,1.408,3,NULL,NULL,,3,1,2,7,255,1380,250,0,0
stim,178084,208205,1,208205,3405514.453,-0.682,0.042,-0.038,0.729,0,0,2589,0,3095,38,3007,2859,44,0.984,1,2225,0,127.709,1.864,-16.750,-121.938,34.063,-0.082,-0.023,1.199,-0.125,-1.859,1.570,0.250,0.314,1.290,1.408,3,NULL,NULL,,3,1,2,7,255,1380,250,0,0
stim,178084,208205,1,208205,3405519.455,-0.681,0.045,-0.042,0.730,0,0,2543,0,3095,1,3008,2825,44,0.984,1,2225,0,130.053,2.172,-22.375,-125.250,26.938,-0.109,-0.016,1.223,-0.125,-2.168,1.766,0.272,0.340,1.290,1.408,3,NULL,NULL,,3,1,2,7,255,1380,250,0,0
stim,178084,208205,1,208205,3405524.454,-0.680,0.049,-0.047,0.730,0,0,2513,0,3095,0,3012,2803,44,0.984,1,2225,0,132.723,2.605,-25.250,-129.313,16.000,-0.105,0.000,1.316,-0.129,-2.602,1.949,0.298,0.368,1.290,1.408,3,NULL,NULL,,3,1,2,7,255,1380,250,0,0
stim,178084,208205,1,208205,3405529.455,-0.679,0.052,-0.052,0.730,0,0,2461,0,3089,0,3017,2766,44,0.984,1,2225,0,137.423,2.844,-32.125,-133.125,11.438,-0.105,-0.023,1.434,-0.148,-2.840,2.836,0.326,0.398,1.290,1.408,3,NULL,NULL,,3,1,2,7,255,1380,250,0,0
stim,178084,208205,1,208205,3405534.453,-0.679,0.055,-0.057,0.730,0,0,2411,0,3083,0,3017,2719,44,0.984,1,2225,0,145.375,3.140,-34.375,-140.500,14.563,-0.156,-0.086,1.492,-0.148,-3.137,3.953,0.356,0.432,1.290,1.408,3,NULL,NULL,,3,1,2,7,255,1380,250,0,0
stim,178084,208205,1,208205,3405539.455,-0.678,0.058,-0.063,0.730,0,0,2349,0,3079,0,3016,2675,44,0.984,1,2225,0,155.731,3.824,-42.813,-149.063,14.125,-0.195,-0.047,1.605,0.035,-3.824,4.414,0.388,0.466,1.290,1.408,3,NULL,NULL,,3,1,2,7,255,1380,250,0,0
stim,178133,208254,1,208254,3405544.454,-0.677,0.062,-0.069,0.730,0,0,2289,0,3067,0,3011,2629,44,0.984,1,2225,0,166.031,4.625,-54.250,-156.813,5.750,-0.301,0.008,1.516,0.035,-4.625,4.414,0.422,0.502,1.290,1.408,3,NULL,NULL,,3,1,2,7,255,1380,250,0,0
stim,178133,208254,1,208254,3405549.455,-0.677,0.066,-0.075,0.729,0,0,2203,0,3061,0,3012,2570,44,0.984,1,2225,0,174.642,5.708,-42.000,-168.938,-14.000,-0.355,0.102,1.367,-0.441,-5.691,4.242,0.462,0.542,1.290,1.408,3,NULL,NULL,,3,1,2,7,255,1380,250,0,0
stim,178133,208254,1,208254,3405554.454,-0.677,0.071,-0.081,0.728,0,0,2119,0,3043,0,3000,2494,44,0.984,1,2225,0,185.813,6.173,-23.938,-180.563,-36.750,-0.285,0.129,1.504,-1.332,-6.027,3.930,0.504,0.586,1.290,1.408,3,NULL,NULL,,3,1,2,7,255,1380,250,0,0
stim,178133,208254,0,208254,3405559.455,-0.678,0.076,-0.088,0.726,0,0,2011,0,3036,0,2995,2410,44,0.984,1,2225,0,198.593,6.179,-30.750,-193.063,-34.938,-0.141,0.070,1.719,-1.359,-6.027,3.930,0.552,0.634,1.290,1.408,3,NULL,NULL,,3,0,2,7,255,1383,250,0,0
stim,178133,208254,0,208254,3405564.453,-0.677,0.081,-0.096,0.725,0,0,1918,0,3029,4,2982,2325,44,0.984,1,2225,0,213.491,6.179,-57.063,-205.125,-15.688,-0.211,0.066,1.781,-1.359,-6.027,6.219,0.608,0.688,1.290,1.408,3,NULL,NULL,,3,0,2,7,255,1383,250,0,0
stim,178133,208254,0,208254,3405569.455,-0.677,0.086,-0.105,0.724,0,0,1848,0,3008,13,2967,2221,44,0.984,1,2225,0,232.351,6.591,-75.938,-219.313,-11.063,-0.371,0.094,1.766,-1.359,-6.449,6.219,0.666,0.748,1.290,1.408,3,NULL,NULL,,3,0,2,7,255,1383,250,0,0
stim,178133,208254,0,208254,3405574.454,-0.676,0.091,-0.114,0.722,0,0,1769,0,3005,25,2939,2131,44,0.984,1,2225,0,250.817,8.409,-83.000,-236.000,-18.000,-0.418,0.172,1.734,-1.590,-8.258,5.797,0.728,0.808,1.290,1.408,3,NULL,NULL,,3,0,2,7,255,1383,250,0,0
stim,178133,208254,0,208254,3405579.455,-0.676,0.097,-0.124,0.720,0,0,1684,0,2985,33,2905,2037,44,0.984,1,2225,0,269.733,9.275,-84.563,-254.313,-30.500,-0.395,0.246,1.699,-2.422,-8.953,5.152,0.790,0.872,1.290,1.408,3,NULL,NULL,,3,0,2,7,255,1383,250,0,0
stim,178152,208273,0,208273,3405584.453,-0.676,0.103,-0.135,0.717,0,0,1583,0,2957,37,2875,1965,44,0.984,1,2225,0,285.910,9.523,-80.063,-272.563,-32.313,-0.254,0.262,1.727,-3.246,-8.953,5.070,0.852,0.932,1.290,1.408,3,NULL,NULL,,3,0,2,7,255,1383,250,0,0
stim,178152,208273,0,208273,3405589.455,-0.675,0.110,-0.146,0.715,0,0,1479,0,2931,43,2822,1907,44,0.984,1,2225,0,300.968,8.854,-74.375,-290.750,-22.688,-0.137,0.227,1.789,-3.445,-8.156,5.070,0.908,0.988,1.290,1.408,3,NULL,NULL,,3,0,2,7,255,1383,250,0,0
stim,178152,208273,0,208273,3405594.453,-0.673,0.117,-0.157,0.713,0,0,1413,0,2889,44,2743,1837,44,0.984,1,2225,0,314.756,8.414,-68.375,-306.938,-13.625,-0.035,0.090,1.785,-3.445,-7.676,5.859,0.960,1.042,1.290,1.408,3,NULL,NULL,,3,0,2,7,255,1383,250,0,0
stim,178152,208273,0,208273,3405599.455,-0.671,0.126,-0.168,0.712,0,0,1323,0,2853,35,2651,1727,44,0.984,1,2225,0,326.943,8.134,-41.563,-324.250,5.125,-0.172,0.125,1.988,-2.691,-7.676,6.094,1.002,1.086,1.290,1.408,3,NULL,NULL,,3,0,2,7,255,1383,250,0,0
stim,178178,208299,0,208299,3405604.454,-0.667,0.136,-0.179,0.710,0,0,1236,0,2793,17,2547,1645,44,0.984,1,2225,0,342.993,9.957,-35.125,-341.000,11.375,-0.313,0.477,2.219,-2.691,-9.586,7.129,1.044,1.128,1.290,1.408,3,NULL,NULL,,3,0,2,7,255,1383,250,0,0
stim,178178,208299,0,208299,3405609.455,-0.665,0.145,-0.190,0.708,0,0,1133,0,2739,5,2403,1560,44,0.984,1,2225,0,351.336,13.874,-39.000,-349.063,-8.438,-0.297,0.668,2.484,-6.180,-12.422,7.926,1.086,1.172,1.290,1.408,3,NULL,NULL,,3,0,2,7,255,1383,250,0,0
stim,178178,208299,0,208299,3405614.453,-0.663,0.154,-0.202,0.704,0,0,985,0,2649,0,2246,1443,44,0.984,1,2225,0,359.071,15.920,-64.438,-352.500,-22.875,-0.230,0.555,2.629,-7.410,-14.090,9.684,1.138,1.226,1.290,1.408,3,NULL,NULL,,3,0,2,7,255,1383,250,0,0
stim,178178,208299,0,208299,3405619.455,-0.660,0.163,-0.215,0.701,0,0,869,0,2549,0,2039,1331,44,0.984,1,2225,0,369.037,16.538,-98.375,-355.063,-21.000,-0.273,0.363,2.633,-7.410,-14.785,10.391,1.198,1.288,1.290,1.408,3,NULL,NULL,,3,0,2,7,255,1383,250,0,0
stim,178178,208299,0,208299,3405624.454,-0.658,0.170,-0.230,0.697,0,0,739,0,2441,0,1813,1207,44,0.984,1,2225,0,392.200,16.531,-140.625,-366.063,-6.625,-0.328,0.191,2.391,-5.703,-15.516,10.391,1.264,1.354,1.290,1.408,3,NULL,NULL,,3,0,2,7,255,1383,250,0,0
stim,178178,208299,0,208299,3405629.455,-0.655,0.176,-0.246,0.693,0,0,573,0,2297,0,1503,1049,44,0.984,1,2225,0,410.611,16.022,-162.250,-377.188,-2.375,-0.227,-0.047,1.898,-3.996,-15.516,7.742,1.332,1.424,1.290,1.408,3,NULL,NULL,,3,0,2,7,255,1383,250,0,0
stim,178231,208352,0,208352,3405634.454,-0.651,0.184,-0.262,0.688,0,0,437,0,2117,0,1171,931,44,0.984,1,2225,0,416.690,12.590,-145.000,-390.625,-4.188,-0.043,-0.340,1.383,-1.473,-12.504,4.125,1.404,1.496,1.290,1.408,3,NULL,NULL,,3,0,2,7,255,1383,250,0,0
stim,178231,208352,0,208352,3405639.455,-0.647,0.194,-0.275,0.684,0,0,277,0,1891,0,721,795,44,0.984,1,2225,0,402.536,8.677,-67.750,-396.750,-5.875,0.074,-0.367,0.660,1.625,-8.523,1.148,1.476,1.568,1.290,1.408,3,NULL,NULL,,3,0,2,7,255,1383,250,0,0
stim,178231,208352,0,208352,3405644.453,-0.641,0.207,-0.286,0.681,0,0,226,0,1627,0,283,665,44,0.984,1,2225,0,411.619,4.851,35.563,-410.063,-3.813,0.387,-0.270,1.145,1.625,-4.570,1.148,1.550,1.642,1.290,1.408,3,NULL,NULL,,3,0,2,7,255,1383,250,0,0
stim,178231,208352,0,208352,3405649.455,-0.634,0.220,-0.296,0.679,0,0,179,0,1269,0,102,517,44,0.984,1,2225,0,411.201,4.653,42.313,-407.750,32.188,0.398,-0.098,1.492,0.871,-4.570,1.414,1.624,1.716,1.290,1.408,3,NULL,NULL,,3,0,2,7,255,1383,250,0,0
stim,178231,208352,0,208352,3405654.453,-0.626,0.231,-0.307,0.678,0,0,109,0,935,0,0,428,44,0.984,1,2225,0,412.234,7.240,26.875,-405.063,71.688,0.191,0.254,1.695,-1.098,-7.156,2.777,1.698,1.790,1.290,1.408,3,NULL,NULL,,3,0,2,7,255,1383,250,0,0
stim,178231,208352,0,208352,3405659.455,-0.617,0.242,-0.319,0.678,0,0,104,0,483,0,0,334,44,0.984,1,2225,0,421.393,11.180,15.938,-406.250,110.813,-0.211,0.238,1.809,-3.871,-10.488,2.777,1.766,1.858,1.290,1.408,3,NULL,NULL,,3,0,2,7,255,1383,250,0,0
stim,178231,208352,0,208352,3405664.454,-0.607,0.252,-0.332,0.677,0,0,77,0,170,0,0,243,44,0.984,1,2225,0,445.261,14.951,-2.938,-422.875,139.375,-0.527,0.035,1.699,-3.871,-14.441,0.313,1.820,1.914,1.290,1.408,3,NULL,NULL,,3,0,2,7,255,1383,250,0,0
stim,178231,208352,0,208352,3405669.455,-0.595,0.262,-0.345,0.677,0,0,63,0,0,0,0,117,44,0.984,1,2225,0,467.050,15.490,-11.813,-436.750,165.063,-0.613,0.195,1.496,-2.313,-15.316,-2.918,1.870,1.964,1.290,1.408,4,NULL,NULL,,3,0,2,7,255,1383,250,0,0
stim,178249,208370,0,208370,3405674.454,-0.584,0.271,-0.360,0.675,0,0,21,0,0,0,0,62,44,0.984,1,2225,0,457.674,15.490,-43.750,-431.125,147.250,-0.617,0.621,1.184,-2.313,-15.316,-5.672,1.916,2.012,1.290,1.408,0,NULL,NULL,,3,0,2,7,255,1383,250,0,0
stim,178249,208370,0,208370,3405679.455,-0.575,0.279,-0.373,0.672,0,0,17,0,0,0,0,30,44,0.984,1,2225,0,431.195,14.514,-77.438,-412.000,100.938,-0.254,1.191,0.965,-6.035,-13.199,-8.832,1.958,2.054,1.290,1.408,0,NULL,NULL,,3,0,2,7,255,1383,250,0,0
stim,178249,208370,0,208370,3405684.454,-0.567,0.286,-0.387,0.668,0,0,23,0,0,0,0,10,44,0.984,1,2225,0,410.614,15.326,-91.188,-389.750,91.563,-0.105,1.211,0.969,-11.898,-9.660,-8.832,1.986,2.082,1.290,1.408,0,NULL,NULL,,3,0,2,7,255,1383,250,0,0
stim,178249,208370,0,208370,3405689.455,-0.559,0.291,-0.402,0.665,0,0,27,0,0,0,0,53,44,0.984,1,2225,0,408.062,14.902,-141.375,-360.688,128.188,-0.105,0.887,0.898,-11.898,-8.973,-8.211,2.002,2.100,1.290,1.408,0,NULL,NULL,,3,0,2,7,255,1383,250,0,0
stim,178249,208370,0,208370,3405694.454,-0.552,0.293,-0.416,0.661,0,0,25,0,0,0,0,69,44,0.984,1,2225,0,387.446,12.436,-176.063,-324.875,116.500,-0.094,0.422,0.824,-9.172,-8.398,-8.105,2.006,2.104,1.290,1.408,0,NULL,NULL,,3,0,2,7,255,1383,250,0,0
stim,178249,208370,0,208370,3405699.455,-0.546,0.296,-0.428,0.657,0,0,27,0,0,0,0,83,44,0.984,1,2225,0,304.585,8.984,-147.000,-257.125,71.063,-0.020,0.004,0.730,-4.719,-7.645,-7.754,1.998,2.096,1.290,1.408,0,NULL,NULL,,3,0,2,7,255,1383,250,0,0
stim,178273,208394,0,208394,3405704.453,-0.542,0.298,-0.436,0.654,0,0,26,0,0,0,0,140,44,0.984,1,2225,0,230.847,7.693,-92.313,-202.375,61.750,-0.082,-0.180,1.066,-0.863,-7.645,-6.734,1.986,2.084,1.290,1.408,0,NULL,NULL,,3,0,2,7,255,1383,250,0,0
stim,178273,208394,0,208394,3405709.455,-0.539,0.298,-0.443,0.651,0,0,22,0,0,0,0,163,44,0.984,1,2225,0,194.495,9.784,-120.688,-137.563,65.875,-0.145,0.043,1.250,-0.863,-9.746,-5.973,1.972,2.070,1.290,1.408,0,NULL,NULL,,3,0,2,7,255,1383,250,0,0
stim,178273,208394,0,208394,3405714.454,-0.538,0.294,-0.451,0.649,0,0,23,0,0,0,0,156,44,0.984,1,2225,0,195.992,9.817,-176.000,-65.688,55.875,-0.242,0.047,0.941,-1.176,-9.746,-5.973,1.960,2.058,1.290,1.408,0,NULL,NULL,,3,0,2,7,255,1383,250,0,0
stim,178273,208394,0,208394,3405719.455,-0.539,0.288,-0.457,0.646,0,0,23,0,0,0,0,135,44,0.984,1,2225,0,217.681,9.526,-210.000,5.375,57.063,-0.262,0.324,0.293,-1.621,-9.387,-8.191,1.950,2.050,1.290,1.408,0,NULL,NULL,,3,0,2,7,255,1383,250,0,0
stim,178280,208401,0,208401,3405724.454,-0.542,0.281,-0.461,0.644,0,0,22,0,0,0,0,123,44,0.984,1,2225,0,197.978,4.690,-179.625,71.875,42.000,-0.254,0.570,-0.105,-2.902,-3.684,-11.801,1.944,2.044,1.290,1.408,0,NULL,NULL,,3,0,2,7,255,1383,250,0,0
stim,178280,208401,0,208401,3405729.455,-0.545,0.274,-0.462,0.644,0,0,21,0,0,0,0,104,44,0.984,1,2225,0,174.606,3.273,-114.438,123.500,46.250,-0.238,0.445,-0.207,-3.273,0.012,-14.016,1.948,2.048,1.290,1.408,0,NULL,NULL,,3,0,2,7,255,1383,250,0,0
stim,178301,208422,0,208422,3405734.453,-0.548,0.267,-0.460,0.646,0,0,19,0,0,0,0,105,44,0.984,1,2225,0,181.882,3.273,-60.563,164.938,47.000,-0.277,0.242,-0.035,-3.273,0.012,-14.016,1.956,2.058,1.290,1.408,0,NULL,NULL,,3,0,2,7,255,1383,250,0,0
stim,178301,208422,0,208422,3405739.455,-0.551,0.260,-0.457,0.649,0,0,22,0,0,0,0,99,44,0.984,1,2225,0,200.519,1.797,-36.188,189.938,53.125,-0.363,0.020,0.180,-1.559,-0.895,-12.996,1.972,2.074,1.290,1.408,0,NULL,NULL,,3,0,2,7,255,1383,250,0,0
stim,178332,208453,0,208453,3405744.454,-0.554,0.252,-0.453,0.651,0,0,20,0,0,0,0,94,44,0.984,1,2225,0,218.508,2.959,-37.938,208.813,52.000,-0.336,0.023,0.148,0.242,-2.949,-12.094,1.994,2.098,1.290,1.408,0,NULL,NULL,,3,0,2,7,255,1383,250,0,0
stim,178332,208453,0,208453,3405749.455,-0.557,0.244,-0.449,0.655,0,0,13,0,0,0,0,92,44,0.984,1,2225,0,229.989,2.966,-28.063,218.313,66.688,-0.285,0.016,-0.035,0.313,-2.949,-12.094,2.024,2.128,1.290,1.408,0,NULL,NULL,,3,0,2,7,255,1383,250,0,0
stim,178332,208453,0,208453,3405754.453,-0.559,0.236,-0.445,0.659,0,0,17,0,0,0,0,83,44,0.984,1,2225,0,235.257,1.216,5.313,223.500,73.250,-0.281,0.066,-0.117,0.277,-1.184,-12.324,2.060,2.164,1.290,1.408,0,NULL,NULL,,3,0,2,7,255,1383,250,0,0
stim,178332,208453,0,208453,3405759.455,-0.561,0.229,-0.439,0.664,0,0,16,0,0,0,0,85,44,0.984,1,2225,0,244.578,1.216,35.375,225.875,86.875,-0.355,0.156,-0.078,0.277,-1.184,-12.809,2.100,2.208,1.290,1.408,0,NULL,NULL,,3,0,2,7,255,1383,250,0,0
stim,178332,208453,0,208453,3405764.453,-0.563,0.222,-0.432,0.669,0,0,10,0,0,0,0,87,44,0.984,1,2225,0,250.055,1.332,57.875,230.188,78.688,-0.367,0.199,-0.043,-0.438,-1.258,-13.492,2.148,2.256,1.290,1.408,0,NULL,NULL,,3,0,2,7,255,1383,250,0,0
stim,178332,208453,0,208453,3405769.455,-0.564,0.216,-0.425,0.674,0,0,9,0,0,0,0,87,44,0.984,1,2225,0,255.370,1.744,80.875,228.938,79.125,-0.402,0.145,0.078,-0.523,-1.664,-13.492,2.196,2.306,1.290,1.408,0,NULL,NULL,,3,0,2,7,255,1383,250,0,0
stim,178332,208453,0,208453,3405774.454,-0.565,0.210,-0.417,0.680,0,0,13,0,0,0,0,83,44,0.984,1,2225,0,260.850,3.043,86.875,232.063,81.500,-0.395,0.148,0.176,-0.750,-2.949,-12.941,2.246,2.358,1.290,1.408,0,NULL,NULL,,3,0,2,7,255,1383,250,0,0
stim,178332,208453,0,208453,3405779.455,-0.567,0.204,-0.409,0.686,0,0,5,0,0,0,0,82,44,0.984,1,2225,0,267.485,3.771,97.563,234.688,83.375,-0.406,0.020,0.227,-0.523,-3.734,-12.297,2.300,2.412,1.290,1.408,0,NULL,NULL,,3,0,2,7,255,1383,250,0,0
stim,178332,208453,0,208453,3405784.453,-0.568,0.198,-0.400,0.691,0,0,5,0,0,0,0,80,44,0.984,1,2225,0,271.948,4.267,107.625,237.375,77.625,-0.508,0.066,0.363,-0.094,-4.266,-11.566,2.350,2.462,1.290,1.408,0,NULL,NULL,,3,0,2,7,255,1383,250,0,0
stim,178332,208453,0,208453,3405789.455,-0.569,0.193,-0.391,0.697,0,0,0,0,0,0,0,81,44,0.984,1,2225,0,272.407,5.972,113.688,238.813,65.188,-0.598,0.012,0.512,0.367,-5.961,-11.547,2.396,2.512,1.290,1.408,0,NULL,NULL,,3,0,2,7,255,1383,250,0,0
stim,178362,208483,0,208483,3405794.454,-0.571,0.187,-0.382,0.702,0,0,5,0,0,0,0,77,44,0.984,1,2225,0,271.250,7.676,115.000,240.563,49.813,-0.648,0.063,0.754,-0.094,-7.676,-10.965,2.440,2.556,1.290,1.408,0,NULL,NULL,,3,0,2,7,255,1383,250,0,0
stim,178362,208483,0,208483,3405799.455,-0.574,0.182,-0.373,0.706,0,0,9,0,0,0,0,76,44,0.984,1,2225,0,264.829,9.829,96.375,245.500,24.000,-0.590,0.109,0.941,-0.406,-9.820,-9.809,2.478,2.596,1.290,1.408,0,NULL,NULL,,3,0,2,7,255,1383,250,0,0
stim,178362,208483,0,208483,3405804.454,-0.577,0.176,-0.365,0.709,0,0,12,0,0,0,0,87,44,0.984,1,2225,0,261.283,10.885,73.813,250.125,16.063,-0.539,0.078,1.004,-1.348,-10.801,-8.176,2.514,2.634,1.290,1.408,0,NULL,NULL,,3,0,2,7,255,1383,250,0,0
stim,178362,208483,0,208483,3405809.455,-0.581,0.169,-0.357,0.712,0,0,12,0,0,0,0,104,44,0.984,1,2225,0,261.188,10.916,41.750,257.813,-3.000,-0.621,0.164,1.148,-1.383,-10.828,-7.086,2.548,2.666,1.290,1.408,0,NULL,NULL,,3,0,2,7,255,1383,250,0,0
stim,178384,208505,0,208505,3405814.453,-0.586,0.162,-0.349,0.713,0,0,13,0,0,0,0,107,44,0.984,1,2225,0,271.587,10.912,23.188,269.813,-20.563,-0.406,0.016,0.758,-1.348,-10.828,-7.086,2.574,2.694,1.290,1.408,0,NULL,NULL,,3,0,2,7,255,1383,250,0,0
stim,178384,208505,0,208505,3405819.455,-0.591,0.154,-0.341,0.714,0,0,10,0,0,0,0,115,44,0.984,1,2225,0,277.517,10.922,19.750,275.500,-26.938,-0.598,0.105,0.965,-1.598,-10.805,-7.098,2.598,2.720,1.290,1.408,0,NULL,NULL,,3,0,2,7,255,1383,250,0,0
stim,178384,208505,0,208505,3405824.454,-0.598,0.146,-0.333,0.714,0,0,7,0,0,0,0,125,44,0.984,1,2225,0,297.470,8.547,5.000,291.000,-61.500,-0.414,-0.016,0.844,-0.773,-8.512,-7.098,2.620,2.742,1.290,1.408,0,NULL,NULL,,3,0,2,7,255,1383,250,0,0
stim,178384,208505,0,208505,3405829.455,-0.604,0.138,-0.325,0.714,0,0,8,0,0,0,0,145,44,0.984,1,2225,0,306.935,8.596,-0.500,298.625,-70.938,-0.352,0.016,0.797,-1.203,-8.512,-6.223,2.638,2.762,1.290,1.408,0,NULL,NULL,,3,0,2,7,255,1383,250,0,0
stim,178384,208505,0,208505,3405834.453,-0.611,0.130,-0.316,0.714,0,0,9,0,0,0,0,142,44,0.984,1,2225,0,319.302,7.695,3.375,311.375,-70.625,-0.238,-0.094,0.613,-0.773,-7.656,-6.223,2.658,2.782,1.290,1.408,0,NULL,NULL,,3,0,2,7,255,1383,250,0,0
stim,178384,208505,0,208505,3405839.455,-0.618,0.122,-0.307,0.714,0,0,9,0,0,0,0,147,44,0.984,1,2225,0,326.040,6.187,16.813,317.688,-71.375,-0.316,0.012,0.613,-0.977,-6.109,-6.301,2.678,2.802,1.290,1.408,0,NULL,NULL,,3,0,2,7,255,1383,250,0,0
stim,178430,208551,0,208551,3405844.453,-0.625,0.114,-0.296,0.713,0,0,8,0,0,0,0,147,44,0.984,1,2225,0,338.909,5.531,40.125,325.938,-83.750,-0.195,-0.078,0.520,-0.207,-5.527,-6.574,2.698,2.822,1.290,1.408,0,NULL,NULL,,3,0,2,7,255,1383,250,0,0
stim,178430,208551,0,208551,3405849.455,-0.632,0.107,-0.285,0.713,0,0,11,0,0,0,0,147,44,0.984,1,2225,0,345.588,4.518,61.313,329.313,-85.000,-0.055,-0.094,0.566,-0.441,-4.496,-6.574,2.720,2.846,1.290,1.408,0,NULL,NULL,,3,0,2,7,255,1383,250,0,0
stim,178430,208551,0,208551,3405854.454,-0.638,0.100,-0.273,0.713,0,0,5,0,0,0,0,147,44,0.984,1,2225,0,347.537,3.520,84.000,329.000,-74.063,0.000,-0.109,0.563,-0.375,-3.500,-5.352,2.746,2.870,1.290,1.408,0,NULL,NULL,,3,0,2,7,255,1383,250,0,0
stim,178430,208551,0,208551,3405859.455,-0.644,0.094,-0.260,0.714,0,0,7,0,0,0,0,151,44,0.984,1,2225,0,350.937,3.280,108.250,326.563,-69.250,-0.035,-0.059,0.602,-0.441,-3.250,-4.977,2.774,2.898,1.290,1.408,0,NULL,NULL,,3,0,2,7,255,1383,250,0,0
stim,178430,208551,0,208551,3405864.453,-0.649,0.088,-0.246,0.714,0,0,2,0,0,0,0,149,44,0.984,1,2225,0,356.176,2.997,136.375,322.563,-64.938,0.023,-0.023,0.656,-0.832,-2.879,-4.883,2.804,2.928,1.290,1.408,0,NULL,NULL,,3,0,2,7,255,1383,250,0,0
stim,178430,208551,0,208551,3405869.455,-0.654,0.084,-0.232,0.715,0,0,2,0,0,0,0,151,44,0.984,1,2225,0,358.711,3.304,158.313,317.750,-51.438,0.055,0.004,0.793,-1.324,-3.027,-4.152,2.836,2.960,1.290,1.408,0,NULL,NULL,,3,0,2,7,255,1383,250,0,0
stim,178451,208572,0,208572,3405874.454,-0.657,0.079,-0.218,0.717,0,0,0,0,0,0,0,149,44,0.984,1,2225,0,358.241,3.549,170.188,313.063,-36.938,0.023,0.059,0.930,-1.852,-3.027,-2.844,2.868,2.992,1.290,1.408,0,NULL,NULL,,3,0,2,7,255,1383,250,0,0
stim,178451,208572,0,208572,3405879.455,-0.661,0.075,-0.203,0.718,0,0,0,0,0,0,0,143,44,0.984,1,2225,0,358.315,4.465,179.750,308.375,-31.375,-0.031,0.090,1.047,-2.512,-3.691,-1.773,2.896,3.022,1.290,1.408,0,NULL,NULL,,3,0,2,7,255,1383,250,0,0
stim,178451,208572,0,208572,3405884.453,-0.664,0.072,-0.189,0.720,0,0,0,0,0,0,0,141,44,0.984,1,2225,0,359.054,5.260,189.000,303.688,-31.188,-0.059,0.094,1.207,-2.879,-4.402,-0.891,2.922,3.048,1.290,1.408,0,NULL,NULL,,3,0,2,7,255,1383,250,0,0
stim,178451,208572,0,208572,3405889.455,-0.667,0.068,-0.174,0.721,0,0,0,0,0,0,0,141,44,0.984,1,2225,0,357.108,5.822,191.188,299.875,-32.375,-0.078,0.109,1.398,-3.035,-4.969,0.598,2.946,3.072,1.290,1.408,0,NULL,NULL,,3,0,2,7,255,1383,250,0,0
stim,178451,208572,0,208572,3405894.453,-0.670,0.064,-0.159,0.722,0,0,0,0,0,0,0,160,44,0.984,1,2225,0,350.452,6.431,183.000,296.563,-37.125,-0.086,0.148,1.563,-3.301,-5.520,2.430,2.966,3.092,1.290,1.408,0,NULL,NULL,,3,0,2,7,255,1383,250,0,0
stim,178451,208572,0,208572,3405899.455,-0.674,0.061,-0.145,0.722,0,0,3,0,0,0,0,169,44,0.984,1,2225,0,345.898,6.669,172.875,294.750,-53.688,0.055,0.133,1.754,-3.742,-5.520,4.023,2.980,3.108,1.290,1.408,0,NULL,NULL,,3,0,2,7,255,1383,250,0,0
stim,178476,208597,0,208597,3405904.454,-0.678,0.056,-0.131,0.721,0,0,3,0,0,0,0,172,44,0.984,1,2225,0,340.844,5.940,156.313,296.250,-63.063,0.227,-0.113,1.910,-3.742,-4.613,6.418,2.994,3.120,1.290,1.408,0,NULL,NULL,,3,0,2,7,255,1383,250,0,0
stim,178476,208597,0,208597,3405909.455,-0.681,0.051,-0.118,0.721,0,0,4,0,0,0,0,179,44,0.984,1,2225,0,333.806,3.474,130.750,303.438,-47.500,0.266,-0.043,1.879,-1.996,-2.844,8.605,3.002,3.128,1.290,1.408,0,NULL,NULL,,3,0,2,7,255,1383,250,0,0
stim,178476,208597,0,208597,3405914.453,-0.683,0.045,-0.105,0.721,0,0,5,0,0,0,0,181,44,0.984,1,2225,0,326.926,2.776,101.500,309.125,-31.938,0.207,0.137,1.805,-1.996,-1.930,8.605,3.010,3.136,1.290,1.408,0,NULL,NULL,,3,0,2,7,255,1383,250,0,0
stim,178476,208597,0,208597,3405919.455,-0.686,0.038,-0.092,0.721,0,0,7,0,0,0,0,186,44,0.984,1,2225,0,327.569,3.986,91.750,312.688,-33.313,0.117,0.168,1.695,-3.488,-1.930,7.613,3.014,3.140,1.290,1.408,0,NULL,NULL,,3,0,2,7,255,1383,250,0,0
stim,178476,208597,0,208597,3405924.454,-0.689,0.031,-0.080,0.720,0,0,1,0,0,0,0,188,44,0.984,1,2225,0,327.017,3.964,87.563,312.438,-40.688,0.121,0.129,1.746,-3.488,-1.883,7.043,3.018,3.144,1.290,1.408,0,NULL,NULL,,3,0,2,7,255,1383,250,0,0
stim,178476,208597,0,208597,3405929.455,-0.691,0.024,-0.068,0.719,0,0,5,0,0,0,0,185,44,0.984,1,2225,0,319.051,3.480,73.063,307.938,-40.375,0.184,0.008,1.711,-3.063,-1.652,6.965,3.022,3.148,1.290,1.408,0,NULL,NULL,,3,0,2,7,255,1383,250,0,0
stim,178536,208657,0,208657,3405934.454,-0.693,0.016,-0.057,0.719,0,0,4,0,0,0,0,177,44,0.984,1,2225,0,306.036,1.826,59.250,299.250,-24.438,0.184,-0.020,1.551,-1.762,-0.480,6.965,3.024,3.150,1.290,1.408,0,NULL,NULL,,3,0,2,7,255,1383,250,0,0
stim,178536,208657,0,208657,3405939.455,-0.694,0.009,-0.046,0.718,0,0,4,0,0,0,0,175,44,0.984,1,2225,0,295.272,1.470,61.625,288.313,-16.250,0.082,0.023,1.359,-1.430,-0.344,5.457,3.024,3.150,1.290,1.408,0,NULL,NULL,,3,0,2,7,255,1383,250,0,0
stim,178536,208657,0,208657,3405944.453,-0.696,0.003,-0.035,0.717,0,0,1,0,0,0,0,172,44,0.984,1,2225,0,287.273,1.470,79.063,275.375,-21.063,0.012,0.105,1.352,-1.430,-0.344,3.457,3.022,3.146,1.290,1.408,0,NULL,NULL,,3,0,2,7,255,1383,250,0,0
stim,178536,208657,0,208657,3405949.455,-0.697,-0.002,-0.025,0.717,0,0,4,0,0,0,0,171,44,0.984,1,2225,0,278.727,2.164,84.375,264.500,-24.688,0.121,0.113,1.484,-2.137,-0.344,3.457,3.018,3.142,1.290,1.408,0,NULL,NULL,,3,0,2,7,255,1383,250,0,0
stim,178536,208657,0,208657,3405954.454,-0.698,-0.007,-0.014,0.716,0,0,7,0,0,0,0,170,44,0.984,1,2225,0,266.496,2.231,87.438,251.250,-15.750,0.230,-0.031,1.480,-2.137,0.641,4.660,3.012,3.136,1.290,1.408,0,NULL,NULL,,3,0,2,7,255,1383,250,0,0
stim,178536,208657,0,208657,3405959.455,-0.698,-0.012,-0.004,0.716,0,0,6,0,0,0,0,167,44,0.984,1,2225,0,262.553,2.062,98.188,243.500,-0.938,0.184,-0.031,1.617,-0.746,1.922,4.715,3.004,3.124,1.290,1.408,0,NULL,NULL,,3,0,2,7,255,1383,250,0,0
stim,178536,208657,0,208657,3405964.454,-0.699,-0.016,0.006,0.715,0,0,5,0,0,0,0,169,44,0.984,1,2225,0,254.430,2.062,96.188,235.438,7.188,0.051,0.168,1.598,-0.746,1.922,5.719,2.990,3.110,1.290,1.408,0,NULL,NULL,,3,0,2,7,255,1383,250,0,0
stim,178536,208657,0,208657,3405969.455,-0.698,-0.020,0.017,0.715,0,0,4,0,0,0,0,165,44,0.984,1,2225,0,250.005,2.788,96.938,230.313,7.875,0.066,0.191,1.547,-2.449,1.332,5.719,2.974,3.094,1.290,1.408,0,NULL,NULL,,3,0,2,7,255,1383,250,0,0
stim,178536,208657,0,208657,3405974.454,-0.698,-0.024,0.027,0.715,0,0,5,0,0,0,0,167,44,0.984,1,2225,0,251.338,2.788,108.750,226.438,8.375,0.133,0.074,1.625,-2.449,1.332,5.719,2.956,3.074,1.290,1.408,0,NULL,NULL,,3,0,2,7,255,1383,250,0,0
stim,178536,208657,0,208657,3405979.455,-0.698,-0.027,0.037,0.715,0,0,9,0,0,0,0,168,44,0.984,1,2225,0,254.759,2.687,119.625,224.688,10.375,0.156,0.074,1.762,-1.285,2.359,5.957,2.932,3.050,1.290,1.408,0,NULL,NULL,,3,0,2,7,255,1383,250,0,0
stim,178536,208657,0,208657,3405984.454,-0.698,-0.030,0.048,0.714,0,0,5,0,0,0,0,166,44,0.984,1,2225,0,256.180,3.289,118.625,226.500,15.938,0.168,0.148,1.852,-1.285,3.027,7.250,2.906,3.022,1.290,1.408,0,NULL,NULL,,3,0,2,7,255,1383,250,0,0
stim,178536,208657,0,208657,3405989.455,-0.697,-0.033,0.058,0.714,0,0,9,0,0,0,0,169,44,0.984,1,2225,0,257.318,3.737,113.438,229.938,21.750,0.211,0.113,1.813,-1.211,3.535,7.539,2.874,2.990,1.290,1.408,0,NULL,NULL,,3,0,2,7,255,1383,250,0,0
stim,178563,208684,0,208684,3405994.453,-0.696,-0.037,0.069,0.714,0,0,9,0,0,0,0,165,44,0.984,1,2225,0,265.134,4.609,116.938,236.438,26.813,0.262,0.191,1.793,-1.727,4.273,7.539,2.840,2.954,1.290,1.408,0,NULL,NULL,,3,0,2,7,255,1383,250,0,0
stim,178563,208684,0,208684,3405999.455,-0.694,-0.041,0.080,0.714,0,0,8,0,0,0,0,172,44,0.984,1,2225,0,271.655,5.376,118.875,242.000,33.188,0.266,0.211,1.789,-1.809,5.063,7.227,2.804,2.916,1.290,1.408,0,NULL,NULL,,3,0,2,7,255,1383,250,0,0
stim,178563,208684,0,208684,3406004.453,-0.692,-0.045,0.092,0.714,0,0,11,0,0,0,0,171,44,0.984,1,2225,0,279.467,5.756,129.313,244.250,41.500,0.285,0.180,1.855,-1.809,5.465,7.227,2.766,2.878,1.290,1.408,0,NULL,NULL,,3,0,2,7,255,1383,250,0,0
stim,178563,208684,0,208684,3406009.455,-0.691,-0.048,0.104,0.714,0,0,13,0,0,0,0,175,44,0.984,1,2225,0,284.177,6.283,131.813,248.438,40.750,0.348,0.156,1.902,-1.348,6.137,7.555,2.724,2.834,1.290,1.408,0,NULL,NULL,,3,0,2,7,255,1383,250,0,0
stim,178563,208684,0,208684,3406014.454,-0.688,-0.052,0.115,0.714,0,0,17,0,0,0,0,175,44,0.984,1,2225,0,286.430,7.289,128.438,251.563,47.563,0.398,0.188,1.988,-1.066,7.211,7.742,2.680,2.788,1.290,1.408,0,NULL,NULL,,3,0,2,7,255,1383,250,0,0
stim,178563,208684,0,208684,3406019.455,-0.686,-0.056,0.127,0.714,0,0,12,0,0,0,0,174,44,0.984,1,2225,0,286.757,8.347,121.375,253.375,57.438,0.488,0.160,1.957,-0.945,8.293,7.742,2.634,2.742,1.290,1.408,0,NULL,NULL,,3,0,2,7,255,1383,250,0,0
stim,178597,208718,0,208718,3406024.454,-0.683,-0.060,0.138,0.715,0,0,17,0,0,0,0,176,44,0.984,1,2225,0,292.268,9.492,126.125,253.000,74.188,0.492,0.141,1.914,-0.715,9.465,7.594,2.586,2.692,1.290,1.408,0,NULL,NULL,,3,0,2,7,255,1383,250,0,0
stim,178597,208718,0,208718,3406029.455,-0.679,-0.063,0.150,0.716,0,0,10,0,0,0,0,172,44,0.984,1,2225,0,297.603,9.766,133.875,251.875,84.875,0.441,0.148,1.969,-0.402,9.758,7.383,2.536,2.642,1.290,1.408,0,NULL,NULL,,3,0,2,7,255,1383,250,0,0
stim,178597,208718,0,208718,3406034.454,-0.675,-0.067,0.162,0.717,0,0,10,0,0,0,0,173,44,0.984,1,2225,0,297.214,9.808,133.125,249.938,90.250,0.438,0.141,2.031,-0.262,9.805,7.383,2.484,2.588,1.290,1.408,0,NULL,NULL,,3,0,2,7,255,1383,250,0,0
stim,178597,208718,0,208718,3406039.455,-0.671,-0.071,0.174,0.717,0,0,10,0,0,0,0,178,44,0.984,1,2225,0,289.513,10.332,121.063,247.625,88.563,0.430,0.145,2.059,0.047,10.332,7.742,2.430,2.534,1.290,1.408,0,NULL,NULL,,3,0,2,7,255,1383,250,0,0
stim,178632,208753,0,208753,3406044.453,-0.667,-0.074,0.185,0.718,0,0,11,0,0,0,0,187,44,0.984,1,2225,0,286.082,10.744,118.813,242.625,94.125,0.496,0.059,1.992,0.172,10.742,7.742,2.372,2.476,1.290,1.408,0,NULL,NULL,,3,0,2,7,255,1383,250,0,0
stim,178632,208753,0,208753,3406049.455,-0.662,-0.078,0.196,0.719,0,0,9,0,0,0,0,203,44,0.984,1,2225,0,279.585,11.586,106.563,240.563,94.563,0.523,-0.016,1.922,0.992,11.543,6.598,2.314,2.418,1.290,1.408,0,NULL,NULL,,3,0,2,7,255,1383,250,0,0
stim,178632,208753,0,208753,3406054.453,-0.658,-0.081,0.206,0.720,0,0,9,0,0,0,0,215,44,0.984,1,2225,0,276.448,11.873,107.063,234.063,100.875,0.516,-0.109,1.809,1.703,11.750,5.523,2.254,2.356,1.290,1.408,0,NULL,NULL,,3,0,2,7,255,1383,250,0,0
stim,178632,208753,0,208753,3406059.455,-0.653,-0.085,0.216,0.721,0,0,11,0,0,0,0,227,44,0.984,1,2225,0,273.814,12.176,112.563,226.938,103.938,0.531,-0.148,1.742,2.551,11.906,4.121,2.188,2.292,1.290,1.408,0,NULL,NULL,,3,0,2,7,255,1383,250,0,0
stim,178632,208753,0,208753,3406064.454,-0.648,-0.087,0.227,0.721,0,0,12,0,0,0,0,238,44,0.984,1,2225,0,266.141,12.282,111.438,219.313,101.563,0.512,-0.184,1.738,2.855,11.945,3.137,2.120,2.224,1.290,1.408,0,NULL,NULL,,3,0,2,7,255,1383,250,0,0
stim,178632,208753,0,208753,3406069.455,-0.644,-0.090,0.237,0.722,0,0,16,0,0,0,0,251,44,0.984,1,2225,0,258.332,12.389,116.250,208.375,99.000,0.500,-0.316,1.594,3.285,11.945,2.871,2.050,2.154,1.290,1.408,0,NULL,NULL,,3,0,2,7,255,1383,250,0,0
stim,178632,208753,0,208753,3406074.454,-0.639,-0.092,0.247,0.723,0,0,9,0,0,0,0,275,44,0.984,1,2225,0,254.370,12.851,123.500,198.750,99.750,0.547,-0.414,1.555,4.434,12.063,1.160,1.978,2.080,1.290,1.408,0,NULL,NULL,,3,0,2,7,255,1383,250,0,0
stim,178632,208753,0,208753,3406079.455,-0.635,-0.093,0.257,0.723,0,0,11,0,0,0,0,295,44,0.984,1,2225,0,247.532,12.776,139.063,184.875,88.063,0.391,-0.406,1.516,5.281,11.633,0.277,1.900,2.002,1.290,1.408,0,NULL,NULL,,3,0,2,7,255,1383,250,0,0
stim,178632,208753,0,208753,3406084.453,-0.632,-0.094,0.267,0.722,0,0,17,0,0,0,0,311,44,0.984,1,2225,0,242.546,12.854,156.313,173.625,65.188,0.473,-0.563,1.477,5.484,11.625,0.148,1.824,1.924,1.290,1.408,0,NULL,NULL,,3,0,2,7,255,1383,250,0,0
stim,178632,208753,0,208753,3406089.455,-0.629,-0.093,0.277,0.720,0,0,13,0,0,0,0,328,44,0.984,1,2225,0,243.517,13.516,175.813,161.250,48.875,0.520,-0.543,1.598,6.895,11.625,-0.527,1.744,1.844,1.290,1.408,0,NULL,NULL,,3,0,2,7,255,1383,250,0,0
stim,178665,208786,0,208786,3406094.454,-0.627,-0.093,0.286,0.719,0,0,17,0,0,0,0,350,44,0.984,1,2225,0,223.832,14.488,159.688,152.000,38.688,0.684,-0.430,1.848,6.895,12.742,-0.527,1.662,1.760,1.290,1.408,0,NULL,NULL,,3,0,2,7,255,1383,250,0,0
stim,178665,208786,0,208786,3406099.455,-0.624,-0.094,0.294,0.718,0,0,22,0,0,0,0,377,44,0.984,1,2225,0,188.138,16.605,112.563,144.375,43.375,0.879,-0.340,1.953,6.156,15.422,0.590,1.578,1.676,1.290,1.408,0,NULL,NULL,,3,0,2,7,255,1383,250,0,0
stim,178665,208786,0,208786,3406104.453,-0.622,-0.095,0.300,0.717,0,0,21,0,0,0,0,389,44,0.984,1,2225,0,168.304,16.605,91.188,132.188,50.375,0.715,-0.617,1.578,6.156,15.422,0.590,1.494,1.590,1.290,1.408,0,NULL,NULL,,3,0,2,7,255,1383,250,0,0
stim,178665,208786,0,208786,3406109.455,-0.620,-0.097,0.307,0.716,0,0,22,0,0,0,0,406,44,0.984,1,2225,0,154.537,16.341,92.688,123.188,10.750,0.766,-0.633,1.441,7.227,14.656,-2.586,1.406,1.500,1.290,1.408,0,NULL,NULL,,3,0,2,7,255,1383,250,0,0
stim,178684,208805,0,208805,3406114.454,-0.619,-0.098,0.313,0.713,0,0,20,0,1,0,0,413,44,0.984,1,2225,0,150.843,16.341,101.063,111.563,-9.688,1.090,-0.656,1.332,7.227,14.656,-4.203,1.316,1.408,1.290,1.408,0,NULL,NULL,,3,0,2,7,255,1383,250,0,0
stim,178684,208805,0,208805,3406119.455,-0.619,-0.098,0.319,0.711,0,0,22,0,3,0,0,437,44,0.984,1,2225,0,145.233,17.753,103.375,101.250,-12.438,1.285,-0.672,1.289,6.590,16.484,-7.012,1.226,1.316,1.290,1.408,0,NULL,NULL,,3,0,2,7,255,1383,250,0,0
stim,178684,208805,0,208805,3406124.454,-0.619,-0.098,0.324,0.709,0,0,19,0,3,0,0,457,44,0.984,1,2225,0,134.810,18.987,100.750,89.125,-8.938,1.406,-0.730,1.246,6.563,17.816,-8.617,1.134,1.220,1.290,1.408,0,NULL,NULL,,3,0,2,7,255,1383,250,0,0
stim,178684,208805,0,208805,3406129.455,-0.618,-0.098,0.329,0.707,0,0,20,0,8,0,0,461,44,0.984,1,2225,0,126.189,19.674,101.750,73.938,-10.188,1.453,-0.820,1.230,6.563,18.547,-9.977,1.044,1.124,1.290,1.408,0,NULL,NULL,,3,0,2,7,255,1383,250,0,0
stim,178684,208805,0,208805,3406134.453,-0.619,-0.097,0.334,0.705,0,0,21,0,19,0,0,471,44,0.984,1,2225,0,122.040,20.214,104.813,59.438,-19.375,1.543,-0.934,1.156,7.316,18.844,-10.832,0.952,1.028,1.290,1.408,0,NULL,NULL,,3,0,2,7,255,1383,250,0,0
stim,178684,208805,0,208805,3406139.455,-0.619,-0.096,0.338,0.702,0,0,18,0,23,0,0,471,44,0.984,1,2225,0,123.662,20.708,114.375,43.063,-18.875,1.629,-0.926,1.168,7.949,19.121,-12.414,0.864,0.932,1.290,1.408,0,NULL,NULL,,3,0,2,7,255,1383,250,0,0
stim,178730,208851,0,208851,3406144.454,-0.619,-0.093,0.343,0.700,0,0,19,0,25,0,0,473,44,0.984,1,2225,0,131.222,21.319,128.813,24.188,-6.438,1.621,-0.879,1.281,7.949,19.781,-12.414,0.780,0.840,1.290,1.408,0,NULL,NULL,,3,0,2,7,255,1383,250,0,0
stim,178730,208851,0,208851,3406149.455,-0.620,-0.090,0.347,0.698,0,0,23,0,27,0,0,477,44,0.984,1,2225,0,132.225,21.827,132.188,2.250,2.188,1.453,-0.730,1.551,7.930,20.336,-12.063,0.700,0.750,1.290,1.408,0,NULL,NULL,,3,0,2,7,255,1383,250,0,0
stim,178730,208851,0,208851,3406154.453,-0.621,-0.086,0.350,0.696,0,0,21,0,19,0,0,471,44,0.984,1,2225,0,113.289,21.915,111.875,-16.188,-7.500,1.320,-0.559,1.773,7.727,20.508,-8.785,0.628,0.662,1.290,1.408,0,NULL,NULL,,3,0,2,7,255,1383,250,0,0
stim,178730,208851,0,208851,3406159.455,-0.622,-0.083,0.351,0.695,0,0,19,0,4,0,0,477,44,0.984,1,2225,0,81.842,21.895,72.563,-34.188,-16.250,1.230,-0.395,1.895,7.227,20.668,-5.898,0.564,0.582,1.290,1.408,0,NULL,NULL,,3,0,2,7,255,1383,250,0,0
stim,178730,208851,0,208851,3406164.454,-0.623,-0.081,0.351,0.694,0,0,23,0,1,0,0,476,44,0.984,1,2225,0,62.674,21.650,31.250,-51.125,-18.375,1.137,-0.355,1.934,6.445,20.668,-3.949,0.506,0.502,1.290,1.408,0,NULL,NULL,,3,0,2,7,255,1383,250,0,0
stim,178730,208851,0,208851,3406169.455,-0.625,-0.080,0.349,0.694,0,0,10,0,0,0,0,475,44,0.984,1,2225,0,67.834,21.128,-9.813,-63.813,-20.813,1.000,-0.395,1.875,6.445,20.121,-2.961,0.456,0.426,1.290,1.408,0,NULL,NULL,,3,0,2,7,255,1383,250,0,0
stim,178751,208872,0,208872,3406174.454,-0.627,-0.079,0.345,0.694,0,0,8,0,0,0,0,479,44,0.984,1,2225,0,92.501,19.716,-44.750,-73.813,-33.250,0.836,-0.348,1.719,6.445,18.633,-2.695,0.418,0.348,1.290,1.408,0,NULL,NULL,,3,0,2,7,255,1383,250,0,0
stim,178751,208872,0,208872,3406179.455,-0.629,-0.079,0.341,0.694,0,0,3,0,0,0,0,483,44,0.984,1,2225,0,115.319,17.592,-66.813,-78.750,-51.313,0.879,-0.309,1.555,6.410,16.383,-2.695,0.400,0.284,1.290,1.408,0,NULL,NULL,,3,0,2,7,255,1383,250,0,0
stim,178751,208872,0,208872,3406184.453,-0.632,-0.080,0.336,0.694,0,0,7,0,0,0,0,489,44,0.984,1,2225,0,129.038,16.669,-85.688,-82.438,-50.125,0.945,-0.258,1.445,5.469,15.746,-3.836,0.402,0.236,1.290,1.408,0,NULL,NULL,,3,0,2,7,255,1383,250,0,0
stim,178751,208872,0,208872,3406189.455,-0.634,-0.081,0.330,0.695,0,0,7,0,0,0,0,538,44,0.984,1,2225,0,136.072,16.307,-97.250,-84.875,-43.063,0.867,-0.301,1.316,4.719,15.609,-4.691,0.428,0.244,1.290,1.408,0,NULL,NULL,,3,0,2,7,255,1383,250,0,0
stim,178751,208872,0,208872,3406194.454,-0.633,-0.072,0.329,0.697,111,0,0,423,0,11,0,570,44,0.984,1,2225,0,198.747,15.669,92.188,-149.625,92.813,-0.055,-0.668,2.859,4.719,14.941,-4.691,0.454,0.272,1.290,1.408,0,NULL,NULL,,3,0,2,7,255,1383,250,0,0
stim,178751,208872,0,208872,3406199.455,-0.624,-0.058,0.327,0.707,775,0,0,1011,0,105,0,595,44,0.984,1,2225,0,456.616,15.669,79.563,-220.125,392.063,-0.539,1.863,4.965,4.719,14.941,10.184,0.480,0.312,1.290,1.408,0,NULL,NULL,,3,0,2,7,255,1383,250,0,0
stim,178782,208903,0,208903,3406204.453,-0.614,-0.064,0.308,0.723,1224,0,0,1477,0,341,0,667,44,0.984,1,2225,0,633.418,15.012,-531.875,-119.500,322.563,-1.238,2.348,2.770,-1.449,14.941,25.859,0.506,0.346,1.290,1.408,0,NULL,NULL,,3,0,2,7,255,1383,250,0,0
stim,178782,208903,0,208903,3406209.455,-0.608,-0.074,0.286,0.737,1645,0,0,1792,0,544,0,735,42,0.984,1,2226,0,657.269,12.006,-615.500,-129.250,190.938,-1.414,1.957,-0.078,-11.797,2.230,25.859,0.524,0.366,1.290,1.408,1,1451.000,68.000,,3,0,2,7,255,1383,250,0,0
stim,178782,208903,0,208903,3406214.454,-0.605,-0.080,0.271,0.744,1973,0,0,1951,0,669,0,813,42,0.984,1,2226,0,403.574,18.653,-378.438,-110.875,85.813,-1.293,1.203,-1.023,-11.797,-14.449,1.762,0.534,0.378,1.290,1.408,1,NULL,NULL,,3,0,2,7,255,1383,250,0,0
stim,178782,208903,0,208903,3406219.455,-0.605,-0.079,0.264,0.747,2165,0,0,2055,0,844,0,879,42,0.984,1,2226,0,171.869,17.488,-125.813,-116.500,11.750,-0.547,0.625,-0.477,-9.852,-14.449,-9.332,0.532,0.386,1.290,1.408,1,NULL,NULL,,3,0,2,7,255,1383,250,0,0
stim,178782,208903,0,208903,3406224.454,-0.605,-0.075,0.261,0.749,2336,0,0,2157,0,1012,0,936,42,0.984,1,2226,0,135.096,9.482,-11.875,-125.188,49.375,-0.023,0.590,0.598,-5.355,-7.824,-9.332,0.512,0.390,1.290,1.408,1,NULL,NULL,,3,0,2,7,255,1383,250,0,0
stim,178782,208903,0,208903,3406229.455,-0.602,-0.071,0.256,0.753,2522,0,0,2347,0,1141,0,970,42,0.984,1,2226,0,186.706,5.613,-56.250,-130.938,120.625,-0.160,0.945,1.293,-5.355,1.680,-3.082,0.490,0.388,1.290,1.408,1,NULL,NULL,,3,0,2,7,255,1383,250,0,0
stim,178834,208955,0,208955,3406234.453,-0.598,-0.069,0.249,0.759,2665,0,0,2535,0,1167,0,995,42,0.984,1,2226,0,244.349,4.800,-143.500,-134.563,144.938,-0.902,0.551,1.184,-4.496,1.680,4.375,0.464,0.384,1.290,1.408,1,NULL,NULL,,3,0,2,7,255,1383,250,0,0
stim,178834,208955,0,208955,3406239.455,-0.593,-0.067,0.237,0.767,2775,0,0,2665,0,1192,0,1075,42,0.984,1,2226,0,340.262,3.573,-224.188,-175.250,186.563,-1.645,-0.684,0.551,-0.887,-3.461,4.375,0.438,0.358,1.290,1.408,2,NULL,NULL,,3,0,2,7,255,1383,250,0,0
stim,178834,208955,0,208955,3406244.454,-0.591,-0.065,0.226,0.772,2845,0,0,2759,0,1208,0,1172,42,0.984,1,2226,0,279.161,15.241,-192.063,-182.750,87.438,-1.418,-0.805,-0.289,11.043,-10.504,-0.566,0.412,0.324,1.290,1.408,2,NULL,NULL,,3,0,2,7,255,1383,250,0,0
stim,178834,208955,0,208955,3406249.455,-0.593,-0.059,0.220,0.773,2924,0,0,2845,0,1233,0,1267,42,0.984,1,2226,0,200.216,15.241,-49.188,-194.000,-5.563,-1.121,-0.137,0.227,11.043,-10.504,-4.242,0.384,0.288,1.290,1.408,2,NULL,NULL,,3,0,2,7,255,1383,250,0,0
stim,178834,208955,0,208955,3406254.454,-0.597,-0.053,0.215,0.771,2956,0,0,2907,0,1259,0,1369,42,0.984,1,2226,0,207.411,9.828,25.688,-195.875,-63.188,-0.129,-0.055,1.188,4.676,-8.645,-4.242,0.358,0.254,1.290,1.408,2,NULL,NULL,,3,0,2,7,255,1383,250,0,0
stim,178834,208955,0,208955,3406259.455,-0.600,-0.047,0.211,0.771,2984,0,0,2968,0,1297,0,1431,42,0.984,1,2226,0,183.875,5.817,-3.563,-176.625,-51.000,0.371,-0.348,1.973,4.676,3.461,1.063,0.328,0.228,1.290,1.408,2,NULL,NULL,,3,0,2,7,255,1383,250,0,0
stim,178834,208955,0,208955,3406264.453,-0.601,-0.044,0.204,0.772,3017,0,0,3016,0,1338,0,1459,42,0.984,1,2226,0,175.699,12.269,-81.313,-155.750,-0.563,0.656,-0.543,1.836,5.063,11.176,3.496,0.300,0.208,1.290,1.408,2,NULL,NULL,,3,0,2,7,255,1383,250,0,0
stim,178834,208955,0,208955,3406269.455,-0.599,-0.043,0.195,0.775,3045,0,0,3048,0,1425,0,1481,42,0.984,1,2226,0,215.155,12.622,-148.375,-140.875,66.563,0.449,-0.648,1.453,5.867,11.176,3.496,0.278,0.194,1.290,1.408,2,NULL,NULL,,3,0,2,7,255,1383,250,0,0
stim,178834,208955,0,208955,3406274.454,-0.596,-0.042,0.186,0.780,3055,0,0,3067,0,1471,0,1499,42,0.984,1,2226,0,238.057,12.300,-168.625,-130.438,105.938,0.027,-0.707,0.961,6.703,10.313,0.664,0.266,0.180,1.290,1.408,2,NULL,NULL,,3,0,2,7,255,1383,250,0,0
stim,178834,208955,0,208955,3406279.455,-0.593,-0.040,0.179,0.784,3077,0,0,3099,0,1573,0,1525,42,0.984,1,2226,0,218.439,8.514,-136.563,-127.938,112.688,-0.336,-0.563,0.703,6.934,4.941,-2.566,0.258,0.168,1.290,1.408,2,NULL,NULL,,3,0,2,7,255,1383,250,0,0
stim,178834,208955,0,208955,3406284.453,-0.591,-0.038,0.172,0.787,3067,0,0,3103,0,1671,0,1591,42,0.984,1,2226,0,176.129,6.949,-91.313,-130.500,75.188,-0.586,-0.242,0.844,6.934,0.465,-2.566,0.252,0.154,1.290,1.408,2,NULL,NULL,,3,0,2,7,255,1383,250,0,0
stim,178834,208955,0,208955,3406289.455,-0.591,-0.034,0.167,0.788,3080,0,0,3127,0,1789,0,1655,42,0.984,1,2226,0,142.945,4.847,-53.813,-128.188,33.250,-0.227,0.074,1.023,4.824,0.465,-0.949,0.244,0.144,1.290,1.408,2,NULL,NULL,,3,0,2,7,255,1383,250,0,0
stim,178863,208984,0,208984,3406294.453,-0.591,-0.031,0.162,0.790,3093,0,0,3119,0,1877,0,1717,42,0.984,1,2226,0,132.828,1.263,-49.875,-119.750,28.563,-0.031,0.172,1.324,1.047,0.707,0.410,0.240,0.134,1.290,1.408,2,NULL,NULL,,3,0,2,7,255,1383,250,0,0
stim,178863,208984,0,208984,3406299.455,-0.590,-0.029,0.157,0.791,3091,0,0,3133,0,1952,0,1752,42,0.984,1,2226,0,138.186,2.343,-77.688,-111.000,27.188,-0.063,0.219,1.309,-0.113,2.340,2.941,0.240,0.126,1.290,1.408,2,NULL,NULL,,3,0,2,7,255,1383,250,0,0
stim,178863,208984,0,208984,3406304.454,-0.590,-0.028,0.151,0.793,3095,0,0,3132,0,2031,17,1787,42,0.984,1,2226,0,134.593,2.343,-88.250,-100.813,12.813,-0.051,0.051,1.082,-0.113,2.340,2.941,0.246,0.114,1.290,1.408,2,NULL,NULL,,3,0,2,7,255,1383,250,0,0
stim,178863,208984,0,208984,3406309.455,-0.590,-0.026,0.145,0.794,3100,0,0,3141,0,2089,56,1811,42,0.984,1,2226,0,125.309,2.447,-79.250,-96.250,12.563,0.023,-0.289,0.926,0.715,2.340,0.539,0.260,0.098,1.290,1.408,2,NULL,NULL,,3,0,2,7,255,1383,250,0,0
stim,178863,208984,0,208984,3406314.453,-0.590,-0.024,0.141,0.795,3101,0,0,3150,0,2167,72,1877,42,0.984,1,2226,0,110.186,4.463,-60.188,-89.875,21.000,-0.012,-0.301,0.918,3.434,2.852,-1.602,0.278,0.082,1.290,1.408,2,NULL,NULL,,3,0,2,7,255,1383,250,0,0
stim,178863,208984,0,208984,3406319.455,-0.589,-0.022,0.137,0.796,3101,0,0,3143,55,2221,125,1959,42,0.984,1,2226,0,102.311,4.463,-45.250,-87.563,27.438,-0.059,-0.055,0.977,3.434,2.852,-1.602,0.294,0.070,1.290,1.408,2,NULL,NULL,,3,0,2,7,255,1383,250,0,0
stim,178897,209018,0,209018,3406324.454,-0.589,-0.020,0.134,0.796,3101,0,0,3144,187,2259,163,2039,42,0.984,1,2226,0,80.420,2.543,-24.875,-75.125,14.313,-0.051,0.160,1.324,1.520,2.039,-0.535,0.308,0.066,1.290,1.408,2,NULL,NULL,,3,0,2,7,255,1383,250,0,0
stim,178897,209018,0,209018,3406329.455,-0.590,-0.019,0.133,0.796,3111,0,0,3147,336,2299,160,2099,42,0.984,1,2226,0,46.632,2.045,-13.563,-43.438,-10.188,0.238,0.242,1.340,-0.156,2.039,2.875,0.318,0.062,1.290,1.408,2,NULL,NULL,,3,0,2,7,255,1383,250,0,0
stim,178897,209019,0,209019,3406334.454,-0.590,-0.018,0.131,0.797,3107,0,0,3144,461,2327,163,2124,42,0.984,1,2226,0,39.281,4.609,-14.813,-35.250,9.000,0.383,0.605,1.121,-1.793,4.246,2.875,0.326,0.060,1.290,1.408,2,NULL,NULL,,3,0,2,7,255,1383,250,0,0
stim,178897,209019,0,209019,3406339.455,-0.589,-0.017,0.130,0.797,3117,0,0,3149,541,2345,169,2159,42,0.984,1,2226,0,39.658,5.772,-23.250,-31.000,8.438,-0.137,0.605,1.500,-3.910,4.246,2.875,0.336,0.054,1.290,1.408,2,NULL,NULL,,3,0,2,7,255,1383,250,0,0
stim,178932,209053,0,209053,3406344.453,-0.590,-0.019,0.127,0.797,3113,0,0,3147,611,2376,183,2203,42,0.984,1,2226,0,83.245,3.920,-79.438,-19.063,-16.000,-0.199,0.328,1.211,-3.910,0.277,2.570,0.346,0.048,1.290,1.408,2,NULL,NULL,,3,0,2,7,255,1383,250,0,0
stim,178932,209053,0,209053,3406349.455,-0.591,-0.020,0.124,0.797,3109,0,0,3153,680,2381,203,2238,42,0.984,1,2226,0,77.740,1.466,-73.188,-17.375,-19.625,-0.105,0.172,0.766,-1.461,0.117,2.570,0.354,0.044,1.290,1.408,2,NULL,NULL,,3,0,2,7,255,1383,250,0,0
stim,178932,209053,0,209053,3406354.453,-0.592,-0.021,0.122,0.796,3117,0,0,3159,748,2404,213,2265,42,0.984,1,2226,0,57.366,0.778,-40.500,-14.375,-38.000,-0.137,0.203,1.023,-0.770,0.117,0.465,0.358,0.042,1.290,1.408,2,NULL,NULL,,3,0,2,7,255,1383,250,0,0
stim,178932,209053,0,209053,3406359.455,-0.593,-0.021,0.121,0.796,3123,0,0,3161,835,2411,238,2299,42,0.984,1,2226,0,50.426,0.815,-26.875,-11.813,-41.000,0.121,0.223,1.047,-0.770,0.270,0.254,0.362,0.038,1.290,1.408,2,NULL,NULL,,3,0,2,7,255,1383,250,0,0
stim,178932,209053,0,209053,3406364.454,-0.594,-0.022,0.119,0.795,3119,0,0,3160,919,2424,253,2309,42,0.984,1,2226,0,51.691,2.472,-45.750,-5.438,-23.438,0.027,0.184,1.281,-0.914,2.297,0.465,0.364,0.034,1.290,1.408,2,NULL,NULL,,3,0,2,7,255,1383,250,0,0
stim,178932,209053,0,209053,3406369.455,-0.595,-0.024,0.116,0.795,3114,0,0,3165,1011,2432,263,2345,42,0.984,1,2226,0,75.847,2.472,-74.813,-2.063,-12.313,-0.055,0.152,1.012,-0.914,2.297,0.254,0.368,0.030,1.290,1.408,2,NULL,NULL,,3,0,2,7,255,1383,250,0,0
stim,178932,209053,0,209053,3406374.454,-0.595,-0.026,0.114,0.795,3117,0,0,3177,1085,2451,259,2365,42,0.984,1,2226,0,67.874,1.272,-65.188,-1.875,-18.813,-0.207,0.121,0.848,-0.668,1.082,0.164,0.370,0.026,1.290,1.408,2,NULL,NULL,,3,0,2,7,255,1383,250,0,0
stim,178932,209053,0,209053,3406379.455,-0.596,-0.027,0.112,0.794,3116,9,0,3173,1135,2467,269,2378,42,0.984,1,2226,0,54.397,0.294,-42.125,-2.688,-34.313,-0.188,0.105,0.891,-0.086,-0.281,-0.859,0.370,0.022,1.290,1.408,2,NULL,NULL,,3,0,2,7,255,1383,250,0,0
stim,178932,209053,0,209053,3406384.454,-0.598,-0.028,0.111,0.794,3127,24,0,3187,1192,2475,279,2397,42,0.984,1,2226,0,50.841,0.281,-34.688,-1.813,-37.125,-0.051,0.063,0.980,-0.008,-0.281,-0.859,0.370,0.018,1.290,1.408,2,NULL,NULL,,3,0,2,7,255,1383,250,0,0
stim,178932,209053,0,209053,3406389.455,-0.598,-0.029,0.109,0.793,3120,39,0,3189,1243,2484,275,2419,42,0.984,1,2226,0,47.551,0.949,-38.313,-1.500,-28.125,-0.086,0.102,1.047,-0.008,0.949,-0.266,0.370,0.012,1.290,1.408,2,NULL,NULL,,3,0,2,7,255,1383,250,0,0
stim,178964,209085,0,209085,3406394.454,-0.599,-0.030,0.108,0.793,3117,56,0,3179,1291,2488,273,2423,42,0.984,1,2226,0,43.834,0.981,-36.125,-0.875,-24.813,-0.145,0.133,1.031,-0.246,0.949,0.465,0.368,0.006,1.290,1.408,2,NULL,NULL,,3,0,2,7,255,1383,250,0,0
stim,178964,209085,0,209085,3406399.455,-0.600,-0.031,0.106,0.792,3131,69,0,3187,1326,2501,274,2438,42,0.984,1,2226,0,49.476,0.620,-37.625,0.438,-32.125,-0.117,0.152,1.035,-0.410,0.465,0.469,0.368,0.000,1.290,1.408,2,NULL,NULL,,3,0,2,7,255,1383,250,0,0
stim,178964,209085,0,209085,3406404.453,-0.601,-0.032,0.105,0.791,3116,93,0,3191,1387,2519,267,2451,42,0.984,1,2226,0,47.216,0.487,-36.750,1.063,-29.625,-0.152,0.113,1.035,-0.410,0.262,0.473,0.000,0.000,1.290,1.408,2,NULL,NULL,,3,0,2,7,255,1383,250,0,0
stim,178964,209085,0,209085,3406409.455,-0.602,-0.033,0.103,0.791,3117,99,0,3187,1447,2517,266,2461,42,0.984,1,2226,0,50.215,0.543,-41.125,-0.313,-28.813,-0.145,-0.031,0.930,-0.281,0.465,0.473,0.000,0.000,1.290,1.408,2,NULL,NULL,,3,0,2,7,255,1383,250,0,0
stim,178984,209105,0,209105,3406414.454,-0.603,-0.034,0.102,0.790,3111,105,0,3183,1513,2529,261,2483,42,0.984,1,2226,0,43.827,0.998,-33.188,-0.063,-28.625,-0.207,-0.023,0.984,0.965,0.254,-0.031,0.000,0.000,1.290,1.408,2,NULL,NULL,,3,0,2,7,255,1383,250,0,0
stim,178984,209105,0,209105,3406419.455,-0.604,-0.035,0.101,0.790,3115,121,0,3184,1559,2531,268,2487,42,0.984,1,2226,0,41.827,1.090,-29.375,-3.563,-29.563,-0.148,-0.043,0.891,1.031,0.352,-0.652,0.000,0.000,1.290,1.408,2,NULL,NULL,,3,0,2,7,255,1383,250,0,0
stim,178984,209105,0,209105,3406424.454,-0.605,-0.036,0.100,0.789,3115,137,0,3193,1594,2533,261,2493,42,0.984,1,2226,0,36.550,1.098,-21.063,-2.688,-29.750,-0.184,-0.047,1.000,1.070,0.246,-0.031,0.000,0.000,1.290,1.408,2,NULL,NULL,,3,0,2,7,255,1383,250,0,0
stim,178984,209105,0,209105,3406429.455,-0.606,-0.036,0.099,0.788,3123,147,0,3195,1629,2541,249,2502,42,0.984,1,2226,0,34.033,1.205,-22.000,-4.563,-25.563,-0.121,-0.082,0.926,1.152,0.352,-0.766,0.000,0.000,1.290,1.408,2,NULL,NULL,,3,0,2,7,255,1383,250,0,0
stim,178984,209105,0,209105,3406434.453,-0.607,-0.036,0.098,0.788,3115,167,0,3189,1656,2543,261,2515,42,0.984,1,2226,0,26.515,1.178,-14.625,-5.188,-21.500,-0.184,-0.043,0.957,1.152,0.246,-0.328,0.000,0.000,1.290,1.408,2,NULL,NULL,,3,0,2,7,255,1383,250,0,0
stim,178984,209105,0,209105,3406439.455,-0.608,-0.037,0.097,0.787,3108,173,0,3183,1692,2547,236,2519,42,0.984,1,2226,0,32.776,1.135,-18.813,-4.625,-26.438,-0.168,-0.035,1.023,1.074,0.367,-0.328,0.000,0.000,1.290,1.408,2,NULL,NULL,,3,0,2,7,255,1383,250,0,0
stim,179030,209151,0,209151,3406444.454,-0.609,-0.038,0.096,0.787,3109,171,6,3181,1737,2548,241,2532,42,0.984,1,2226,0,31.737,1.135,-22.188,-5.313,-22.063,-0.117,-0.070,0.984,1.074,0.367,-0.184,0.000,0.000,1.290,1.408,2,NULL,NULL,,3,0,2,7,255,1383,250,0,0
stim,179030,209151,0,209151,3406449.455,-0.609,-0.038,0.094,0.786,3114,171,37,3180,1758,2551,244,2535,42,0.936,1,2226,1,31.441,1.309,-26.438,-5.250,-16.188,-0.133,-0.098,0.938,1.121,0.676,-0.184,0.000,0.000,1.218,1.371,2,NULL,NULL,,3,0,2,7,255,1383,250,0,0
stim,179030,209151,0,209151,3406454.454,-0.610,-0.039,0.093,0.786,3100,176,61,3187,1771,2552,245,2543,42,0.936,1,2226,1,22.584,1.529,-17.375,-6.750,-12.750,-0.152,-0.094,0.887,1.371,0.676,-0.637,0.006,0.006,1.218,1.371,2,NULL,NULL,,3,0,2,7,255,1383,250,0,0
stim,179030,209151,0,209151,3406459.455,-0.610,-0.039,0.093,0.786,3100,183,63,3181,1801,2549,249,2565,42,0.936,1,2226,1,16.523,1.432,-5.938,-7.563,-13.438,-0.145,-0.051,0.934,1.371,0.414,-0.637,0.012,0.014,1.218,1.371,2,NULL,NULL,,3,0,2,7,255,1383,250,0,0
stim,179030,209151,0,209151,3406464.453,-0.611,-0.038,0.093,0.786,3099,182,72,3171,1819,2564,254,2567,42,0.936,1,2226,1,15.972,1.057,-2.063,-7.750,-13.813,-0.125,0.008,1.012,0.973,0.414,-0.613,0.020,0.020,1.218,1.371,2,NULL,NULL,,3,0,2,7,255,1383,250,0,0
stim,179030,209151,0,209151,3406469.455,-0.611,-0.038,0.092,0.785,3097,185,137,3166,1845,2552,253,2577,42,0.936,1,2226,1,13.611,0.625,-4.875,-6.875,-10.688,-0.125,0.059,1.023,0.359,0.512,0.164,0.026,0.026,1.218,1.371,2,NULL,NULL,,3,0,2,7,255,1383,250,0,0
stim,179052,209173,0,209173,3406474.454,-0.611,-0.038,0.092,0.785,3087,184,147,3161,1869,2551,252,2583,42,0.936,1,2226,1,13.802,0.525,-6.750,-6.000,-10.438,-0.156,0.094,1.023,-0.117,0.512,0.301,0.030,0.032,1.218,1.371,2,NULL,NULL,,3,0,2,7,255,1383,250,0,0
stim,179052,209173,0,209173,3406479.455,-0.612,-0.038,0.091,0.785,3083,185,154,3153,1893,2540,250,2582,42,0.936,1,2226,1,16.276,0.326,-6.313,-6.000,-13.750,-0.164,0.086,1.008,-0.305,0.117,0.301,0.034,0.036,1.218,1.371,2,NULL,NULL,,3,0,2,7,255,1383,250,0,0
stim,179052,209173,0,209173,3406484.453,-0.612,-0.038,0.091,0.784,3077,187,192,3145,1909,2567,251,2584,42,0.936,1,2226,1,18.951,0.363,-3.875,-6.500,-17.375,-0.188,0.121,0.996,-0.363,0.004,0.246,0.038,0.040,1.218,1.371,2,NULL,NULL,,3,0,2,7,255,1383,250,0,0
stim,179052,209173,0,209173,3406489.455,-0.613,-0.038,0.091,0.784,3076,189,216,3144,1944,2565,249,2603,42,0.936,1,2226,1,28.788,0.642,-2.250,-8.000,-27.563,-0.203,0.145,1.016,-0.559,-0.316,0.246,0.040,0.042,1.218,1.371,2,NULL,NULL,,3,0,2,7,255,1383,250,0,0
stim,179052,209173,0,209173,3406494.453,-0.614,-0.038,0.090,0.783,3061,189,266,3117,1977,2551,253,2603,42,0.936,1,2226,1,29.568,0.810,-3.625,-5.563,-28.813,-0.078,0.113,1.078,-0.746,-0.316,0.414,0.042,0.044,1.218,1.371,2,NULL,NULL,,3,0,2,7,255,1383,250,0,0
stim,179052,209173,0,209173,3406499.455,-0.615,-0.038,0.090,0.783,3047,191,309,3115,2014,2555,270,2605,42,0.936,1,2226,1,19.848,0.776,-8.938,-8.125,-15.750,-0.129,0.188,1.023,-0.766,0.129,0.414,0.042,0.044,1.218,1.371,2,NULL,NULL,,3,0,2,7,255,1383,250,0,0
stim,179079,209200,0,209200,3406504.454,-0.615,-0.038,0.089,0.782,3033,187,367,3107,2027,2557,297,2621,42,0.936,1,2226,1,18.306,1.369,-8.188,-6.563,-15.000,-0.188,0.230,1.055,-1.363,0.129,0.762,0.042,0.044,1.218,1.371,2,NULL,NULL,,3,0,2,7,255,1383,250,0,0
stim,179079,209200,0,209200,3406509.455,-0.616,-0.038,0.089,0.782,3015,187,441,3103,2063,2555,313,2631,42,0.936,1,2226,1,25.027,1.686,-8.125,-8.250,-22.188,-0.211,0.258,1.059,-1.621,-0.465,0.805,0.040,0.044,1.218,1.371,2,NULL,NULL,,3,0,2,7,255,1383,250,0,0
stim,179079,209200,0,209200,3406514.453,-0.617,-0.038,0.089,0.781,3003,201,522,3087,2085,2555,329,2627,42,0.936,1,2226,1,31.596,1.890,-12.000,-7.500,-28.250,-0.156,0.266,1.070,-1.832,-0.465,0.914,0.038,0.042,1.218,1.371,2,NULL,NULL,,3,0,2,7,255,1383,250,0,0
stim,179079,209200,0,209200,3406519.455,-0.618,-0.038,0.088,0.780,2997,221,583,3087,2133,2566,363,2639,42,0.936,1,2226,1,36.522,1.847,-16.625,-6.438,-31.875,-0.098,0.180,1.059,-1.832,-0.234,0.914,0.036,0.040,1.218,1.371,2,NULL,NULL,,3,0,2,7,255,1383,250,0,0
stim,179079,209200,0,209200,3406524.454,-0.619,-0.038,0.087,0.780,2979,229,663,3053,2169,2553,363,2639,42,0.936,1,2226,1,34.145,1.470,-20.813,-7.313,-26.063,-0.102,0.078,0.980,-1.391,0.477,0.668,0.034,0.038,1.218,1.371,2,NULL,NULL,,3,0,2,7,255,1383,250,0,0
stim,179079,209200,0,209200,3406529.455,-0.620,-0.038,0.086,0.779,2963,249,704,3047,2221,2551,359,2647,42,0.936,1,2226,1,28.564,0.670,-18.875,-4.000,-21.063,-0.098,0.016,0.988,-0.418,0.523,-0.094,0.030,0.034,1.218,1.371,2,NULL,NULL,,3,0,2,7,255,1383,250,0,0
stim,179136,209257,0,209257,3406534.454,-0.621,-0.039,0.085,0.779,2943,251,781,3047,2247,2556,379,2654,42,0.936,1,2226,1,31.232,0.542,-20.188,-6.000,-23.063,-0.191,0.066,0.957,-0.141,0.523,-0.141,0.028,0.030,1.218,1.371,2,NULL,NULL,,3,0,2,7,255,1383,250,0,0
stim,179136,209257,0,209257,3406539.455,-0.622,-0.039,0.084,0.778,2925,255,853,3023,2277,2547,404,2662,42,0.936,1,2226,1,35.273,0.145,-14.438,-5.625,-31.688,-0.152,0.023,0.938,0.125,0.074,-0.250,0.024,0.024,1.218,1.371,2,NULL,NULL,,3,0,2,7,255,1383,250,0,0
stim,179136,209257,0,209257,3406544.453,-0.623,-0.039,0.083,0.777,2909,249,919,3015,2309,2547,431,2667,42,0.936,1,2226,1,32.812,0.177,-13.625,-6.250,-29.188,-0.145,-0.020,0.977,0.160,0.074,-0.250,0.022,0.020,1.218,1.371,2,NULL,NULL,,3,0,2,7,255,1383,250,0,0
stim,179136,209257,0,209257,3406549.455,-0.624,-0.040,0.083,0.776,2891,251,1003,3012,2333,2555,453,2683,42,0.936,1,2226,1,32.890,0.478,-13.313,-7.500,-29.125,-0.180,-0.008,0.957,0.473,0.074,-0.297,0.020,0.014,1.218,1.371,2,NULL,NULL,,3,0,2,7,255,1383,250,0,0
stim,179136,209257,0,209257,3406554.454,-0.625,-0.040,0.082,0.776,2884,253,1095,2976,2373,2551,477,2679,42,0.936,1,2226,1,33.622,0.510,-11.250,-8.125,-30.625,-0.176,-0.016,0.973,0.508,-0.043,-0.164,0.020,0.010,1.218,1.371,2,NULL,NULL,,3,0,2,7,255,1383,250,0,0
stim,179136,209257,0,209257,3406559.455,-0.626,-0.040,0.081,0.775,2859,261,1181,2969,2408,2550,593,2695,42,0.936,1,2226,1,36.188,0.491,-11.125,-9.188,-33.188,-0.195,0.043,0.977,0.473,-0.133,-0.164,0.020,0.006,1.218,1.371,2,NULL,NULL,,3,0,2,7,255,1383,250,0,0
stim,179136,209257,0,209257,3406564.453,-0.627,-0.040,0.081,0.774,2811,266,1249,2956,2423,2539,649,2697,42,0.936,1,2226,1,40.318,0.156,-10.938,-9.500,-37.625,-0.176,0.051,0.996,0.008,-0.156,-0.047,0.022,0.004,1.218,1.371,2,NULL,NULL,,3,0,2,7,255,1383,250,0,0
stim,179136,209257,0,209257,3406569.455,-0.628,-0.040,0.080,0.773,2803,267,1322,2931,2467,2539,723,2709,42,0.936,1,2226,1,43.933,0.205,-14.750,-9.875,-40.188,-0.168,0.047,0.996,-0.133,-0.156,0.086,0.024,0.004,1.218,1.371,2,NULL,NULL,,3,0,2,7,255,1383,250,0,0
stim,179136,209257,0,209257,3406574.454,-0.630,-0.040,0.079,0.772,2780,269,1405,2917,2484,2547,809,2716,42,0.936,1,2226,1,44.955,0.163,-17.563,-10.125,-40.125,-0.113,-0.004,0.977,-0.133,-0.094,0.086,0.024,0.004,1.218,1.371,2,NULL,NULL,,3,0,2,7,255,1383,250,0,0
stim,179136,209257,0,209257,3406579.455,-0.631,-0.041,0.078,0.771,2760,277,1489,2909,2495,2553,885,2716,42,0.936,1,2226,1,41.190,0.531,-18.563,-10.875,-35.125,-0.102,-0.039,0.957,0.234,0.477,-0.191,0.022,0.006,1.218,1.371,2,NULL,NULL,,3,0,2,7,255,1383,250,0,0
stim,179136,209257,0,209257,3406584.454,-0.632,-0.041,0.076,0.770,2727,282,1543,2879,2521,2543,951,2725,42,0.936,1,2226,1,36.897,0.762,-18.063,-11.625,-30.000,-0.113,-0.082,0.945,0.543,0.535,-0.402,0.022,0.010,1.218,1.371,2,NULL,NULL,,3,0,2,7,255,1383,250,0,0
stim,179136,209257,0,209257,3406589.455,-0.633,-0.041,0.075,0.770,2709,284,1625,2864,2539,2551,1017,2730,42,0.936,1,2226,1,33.206,1.115,-15.313,-11.938,-26.938,-0.102,-0.086,0.953,0.934,0.609,-0.480,0.020,0.012,1.218,1.371,2,NULL,NULL,,3,0,2,7,255,1383,250,0,0
stim,179165,209286,0,209286,3406594.453,-0.634,-0.041,0.074,0.769,2679,297,1696,2844,2571,2543,1099,2747,42,0.936,1,2226,1,28.292,1.094,-12.500,-12.438,-22.125,-0.094,-0.008,0.953,0.934,0.570,-0.480,0.018,0.014,1.218,1.371,2,NULL,NULL,,3,0,2,7,255,1383,250,0,0
stim,179165,209286,0,209286,3406599.455,-0.634,-0.041,0.074,0.769,2647,303,1765,2837,2585,2543,1159,2757,42,0.936,1,2226,1,25.054,0.597,-10.125,-11.938,-19.563,-0.090,0.059,0.992,0.176,0.570,-0.445,0.018,0.018,1.218,1.371,2,NULL,NULL,,3,0,2,7,255,1383,250,0,0
stim,179165,209286,0,209286,3406604.453,-0.635,-0.041,0.073,0.768,2622,311,1829,2813,2602,2549,1222,2761,42,0.936,1,2226,1,23.807,0.687,-13.000,-11.563,-16.250,-0.094,0.055,1.008,-0.445,0.523,-0.070,0.016,0.020,1.218,1.371,2,NULL,NULL,,3,0,2,7,255,1383,250,0,0
stim,179165,209286,0,209286,3406609.455,-0.635,-0.041,0.072,0.768,2605,313,1875,2800,2613,2544,1316,2780,42,0.936,1,2226,1,23.612,0.687,-15.563,-11.313,-13.688,-0.125,0.035,0.977,-0.445,0.523,-0.070,0.016,0.022,1.218,1.371,2,NULL,NULL,,3,0,2,7,255,1383,250,0,0
stim,179165,209286,0,209286,3406614.454,-0.636,-0.041,0.071,0.768,2559,317,1927,2791,2629,2549,1396,2777,42,0.936,1,2226,1,22.710,0.310,-13.063,-11.375,-14.688,-0.152,0.027,0.961,-0.227,0.211,-0.148,0.016,0.022,1.218,1.371,2,NULL,NULL,,3,0,2,7,255,1383,250,0,0
stim,179165,209286,0,209286,3406619.455,-0.636,-0.041,0.070,0.767,2525,355,1995,2777,2659,2551,1463,2781,42,0.936,1,2226,1,23.543,0.242,-9.000,-12.125,-18.063,-0.168,0.051,0.980,-0.227,-0.086,-0.148,0.016,0.022,1.218,1.371,2,NULL,NULL,,3,0,2,7,255,1383,250,0,0
stim,179195,209316,0,209316,3406624.454,-0.637,-0.040,0.070,0.767,2489,357,2066,2759,2671,2553,1543,2783,42,0.936,1,2226,1,26.234,0.393,-6.813,-12.563,-22.000,-0.164,0.078,1.012,-0.313,-0.238,-0.059,0.018,0.022,1.218,1.371,2,NULL,NULL,,3,0,2,7,255,1383,250,0,0
stim,179195,209316,0,209316,3406629.455,-0.638,-0.040,0.069,0.766,2467,391,2125,2741,2683,2567,1626,2797,42,0.936,1,2226,1,32.499,0.636,-8.438,-12.000,-29.000,-0.129,0.125,1.043,-0.590,-0.238,0.230,0.020,0.022,1.218,1.371,2,NULL,NULL,,3,0,2,7,255,1383,250,0,0
stim,179195,209316,0,209316,3406634.454,-0.639,-0.040,0.068,0.765,2425,407,2187,2725,2707,2567,1679,2805,42,0.936,1,2226,1,32.639,1.099,-14.875,-11.188,-26.813,-0.074,0.117,1.059,-1.098,0.059,0.523,0.022,0.020,1.218,1.371,2,NULL,NULL,,3,0,2,7,255,1383,250,0,0
stim,179195,209316,0,209316,3406639.455,-0.640,-0.040,0.067,0.765,2405,427,2253,2707,2713,2569,1755,2821,42,0.936,1,2226,1,34.491,1.186,-22.438,-9.750,-24.313,-0.102,0.031,1.031,-1.098,0.449,0.523,0.024,0.020,1.218,1.371,2,NULL,NULL,,3,0,2,7,255,1383,250,0,0
stim,179232,209353,0,209353,3406644.454,-0.641,-0.041,0.066,0.764,2357,433,2301,2682,2739,2567,1805,2823,42,0.936,1,2226,1,34.953,0.522,-24.438,-10.063,-22.875,-0.137,-0.039,0.977,-0.266,0.449,0.344,0.026,0.018,1.218,1.371,2,NULL,NULL,,3,0,2,7,255,1383,250,0,0
stim,179232,209353,0,209353,3406649.455,-0.641,-0.041,0.065,0.763,2300,468,2333,2665,2746,2564,1877,2825,42,0.936,1,2226,1,33.876,0.505,-21.000,-10.313,-24.500,-0.125,-0.051,0.965,0.449,0.230,-0.160,0.028,0.018,1.218,1.371,2,NULL,NULL,,3,0,2,7,255,1383,250,0,0
stim,179232,209353,0,209353,3406654.453,-0.642,-0.041,0.064,0.763,2255,470,2379,2637,2745,2569,1929,2834,42,0.936,1,2226,1,33.190,0.505,-20.813,-10.500,-23.625,-0.121,-0.043,0.980,0.449,0.230,-0.160,0.028,0.018,1.218,1.371,2,NULL,NULL,,3,0,2,7,255,1383,250,0,0
stim,179232,209353,0,209353,3406659.455,-0.643,-0.042,0.063,0.762,2207,486,2427,2623,2764,2565,1983,2842,42,0.936,1,2226,1,34.917,0.543,-21.625,-10.375,-25.375,-0.137,-0.051,1.000,0.492,0.230,-0.121,0.030,0.018,1.218,1.371,2,NULL,NULL,,3,0,2,7,255,1383,250,0,0
stim,179232,209353,0,209353,3406664.454,-0.644,-0.042,0.061,0.762,2157,489,2471,2601,2771,2551,2037,2841,42,0.936,1,2226,1,37.824,0.533,-24.250,-10.500,-27.063,-0.121,-0.055,1.004,0.473,0.246,0.078,0.032,0.018,1.218,1.371,2,NULL,NULL,,3,0,2,7,255,1383,250,0,0
stim,179232,209353,0,209353,3406669.455,-0.645,-0.043,0.060,0.761,2125,491,2513,2581,2789,2549,2083,2847,42,0.936,1,2226,1,39.161,0.548,-26.375,-10.438,-27.000,-0.109,-0.023,1.004,0.473,0.277,0.078,0.034,0.018,1.218,1.371,2,NULL,NULL,,3,0,2,7,255,1383,250,0,0
stim,179232,209353,0,209353,3406674.454,-0.646,-0.043,0.059,0.760,2083,491,2541,2555,2799,2554,2131,2860,42,0.936,1,2226,1,39.918,0.309,-28.375,-10.125,-26.188,-0.121,0.012,1.004,0.137,0.277,0.082,0.034,0.018,1.218,1.371,2,NULL,NULL,,3,0,2,7,255,1383,250,0,0
stim,179232,209353,0,209353,3406679.455,-0.646,-0.044,0.057,0.760,2013,494,2559,2525,2807,2556,2165,2860,42,0.936,1,2226,1,39.597,0.290,-27.813,-9.938,-26.375,-0.109,0.023,0.988,-0.215,0.195,0.074,0.034,0.018,1.218,1.371,2,NULL,NULL,,3,0,2,7,255,1383,250,0,0
stim,179232,209353,0,209353,3406684.453,-0.647,-0.044,0.056,0.759,1963,495,2586,2493,2813,2549,2205,2868,42,0.936,1,2226,1,35.498,0.290,-23.688,-9.938,-24.500,-0.094,-0.008,0.961,-0.215,0.195,-0.063,0.034,0.018,1.218,1.371,2,NULL,NULL,,3,0,2,7,255,1383,250,0,0
stim,179232,209353,0,209353,3406689.455,-0.648,-0.044,0.055,0.759,1917,499,2617,2463,2835,2553,2249,2869,42,0.936,1,2226,1,30.338,0.381,-19.375,-9.938,-21.125,-0.094,-0.051,0.980,-0.086,0.371,-0.172,0.034,0.020,1.218,1.371,2,NULL,NULL,,3,0,2,7,255,1383,250,0,0
stim,179263,209385,1,209385,3406694.454,-0.648,-0.044,0.054,0.758,1853,503,2636,2429,2841,2547,2275,2874,42,0.936,1,2226,1,28.136,0.485,-18.500,-10.125,-18.625,-0.117,-0.059,1.004,0.313,0.371,-0.172,0.036,0.020,1.218,1.371,2,NULL,NULL,,3,1,2,7,255,1383,250,0,0
stim,179263,209385,1,209385,3406699.455,-0.649,-0.045,0.053,0.758,1791,505,2665,2397,2841,2540,2311,2879,42,0.936,1,2226,1,28.901,0.398,-18.875,-9.938,-19.500,-0.125,-0.023,1.000,0.313,0.246,0.043,0.036,0.020,1.218,1.371,2,NULL,NULL,,3,1,2,7,255,1383,250,0,0
stim,179264,209385,1,209385,3406704.453,-0.650,-0.045,0.052,0.757,1716,503,2684,2343,2847,2539,2340,2885,42,0.936,1,2226,1,29.778,0.118,-18.875,-10.375,-20.563,-0.133,0.016,1.020,0.031,0.113,0.082,0.036,0.020,1.218,1.371,2,NULL,NULL,,3,1,2,7,255,1383,250,0,0
stim,179264,209385,1,209385,3406709.455,-0.650,-0.045,0.051,0.756,1634,496,2709,2300,2856,2535,2363,2886,42,0.936,1,2226,1,33.882,0.329,-21.688,-10.375,-23.875,-0.141,0.043,1.047,-0.328,-0.027,0.254,0.038,0.022,1.218,1.371,2,NULL,NULL,,3,1,2,7,255,1383,250,0,0
stim,179284,209405,1,209405,3406714.454,-0.651,-0.045,0.050,0.756,1549,495,2733,2259,2861,2531,2403,2891,42,0.936,1,2226,1,37.976,0.622,-24.813,-10.375,-26.813,-0.125,0.051,1.035,-0.621,-0.027,0.383,0.038,0.022,1.218,1.371,2,NULL,NULL,,3,1,2,7,255,1383,250,0,0
stim,179284,209405,1,209405,3406719.455,-0.652,-0.046,0.049,0.755,1436,491,2760,2207,2871,2525,2428,2894,42,0.936,1,2226,1,38.005,0.637,-24.688,-10.125,-27.063,-0.102,0.035,1.020,-0.637,0.000,0.383,0.038,0.024,1.218,1.371,2,NULL,NULL,,3,1,2,7,255,1383,250,0,0
stim,179284,209405,1,209405,3406724.454,-0.653,-0.046,0.048,0.754,1309,491,2783,2149,2875,2519,2452,2899,42,0.936,1,2226,1,37.528,0.645,-25.375,-10.688,-25.500,-0.117,0.004,1.035,-0.637,0.102,0.383,0.038,0.024,1.218,1.371,2,NULL,NULL,,3,1,2,7,255,1383,250,0,0
stim,179284,209405,1,209405,3406729.455,-0.654,-0.047,0.046,0.754,1234,483,2803,2093,2889,2516,2477,2903,42,0.936,1,2226,1,41.736,0.343,-29.438,-11.375,-27.313,-0.152,0.004,1.055,-0.328,0.102,0.383,0.038,0.026,1.218,1.371,2,NULL,NULL,,3,1,2,7,255,1383,250,0,0
stim,179284,209405,1,209405,3406734.453,-0.655,-0.047,0.045,0.753,1114,461,2824,2015,2893,2507,2505,2903,42,0.936,1,2226,1,49.728,0.376,-34.563,-11.250,-33.938,-0.145,0.016,1.031,-0.328,-0.184,0.387,0.040,0.026,1.218,1.371,2,NULL,NULL,,3,1,2,7,255,1383,250,0,0
stim,179284,209405,1,209405,3406739.455,-0.656,-0.048,0.043,0.752,1041,430,2843,1919,2903,2501,2529,2907,42,0.936,1,2226,1,50.002,0.507,-32.375,-12.125,-36.125,-0.105,0.008,0.977,-0.473,-0.184,0.387,0.040,0.026,1.218,1.371,2,NULL,NULL,,3,1,2,7,255,1383,250,0,0
stim,179330,209451,1,209451,3406744.454,-0.657,-0.048,0.042,0.751,943,383,2861,1819,2910,2489,2549,2908,42,0.936,1,2226,1,44.227,0.483,-25.188,-12.188,-34.250,-0.078,-0.039,0.969,-0.473,0.098,-0.207,0.042,0.026,1.218,1.371,2,NULL,NULL,,3,1,2,7,255,1383,250,0,0
stim,179330,209451,1,209451,3406749.455,-0.658,-0.048,0.041,0.750,830,371,2872,1715,2919,2483,2573,2913,42,0.936,1,2226,1,38.147,0.305,-22.875,-13.125,-27.563,-0.098,-0.086,1.008,-0.051,0.301,-0.207,0.042,0.026,1.218,1.371,2,NULL,NULL,,3,1,2,7,255,1383,250,0,0
stim,179330,209451,1,209451,3406754.453,-0.659,-0.049,0.040,0.750,694,367,2889,1611,2927,2471,2595,2916,42,0.936,1,2226,1,36.299,0.308,-23.313,-13.188,-24.500,-0.117,-0.055,1.027,0.066,0.301,0.141,0.044,0.026,1.218,1.371,2,NULL,NULL,,3,1,2,7,255,1383,250,0,0
stim,179330,209451,1,209451,3406759.455,-0.659,-0.049,0.038,0.749,575,340,2899,1483,2931,2457,2612,2919,42,0.936,1,2226,1,37.069,0.106,-23.500,-14.250,-24.875,-0.133,-0.039,1.008,0.066,0.082,0.141,0.046,0.028,1.218,1.371,2,NULL,NULL,,3,1,2,7,255,1383,250,0,0
stim,179330,209451,1,209451,3406764.454,-0.660,-0.049,0.037,0.748,473,304,2911,1382,2937,2451,2630,2920,42,0.936,1,2226,1,41.012,0.133,-25.250,-13.875,-29.188,-0.129,-0.035,1.004,-0.090,-0.098,0.141,0.046,0.028,1.218,1.371,2,NULL,NULL,,3,1,2,7,255,1383,250,0,0
stim,179330,209451,1,209451,3406769.455,-0.661,-0.049,0.036,0.748,371,276,2923,1255,2950,2431,2645,2921,42,0.936,1,2226,1,39.187,0.185,-21.875,-16.313,-28.125,-0.129,-0.012,1.016,-0.129,-0.133,0.141,0.046,0.028,1.218,1.371,2,NULL,NULL,,3,1,2,7,255,1383,250,0,0
stim,179351,209472,1,209472,3406774.454,-0.662,-0.049,0.035,0.747,281,237,2935,1109,2957,2422,2661,2924,42,0.936,1,2226,1,39.390,0.162,-19.125,-15.250,-30.875,-0.098,-0.047,0.992,-0.129,-0.098,0.105,0.048,0.028,1.218,1.371,2,NULL,NULL,,3,1,2,7,255,1383,250,0,0
stim,179351,209472,1,209472,3406779.455,-0.663,-0.049,0.033,0.746,182,198,2943,923,2931,2411,2659,2927,42,0.936,1,2226,1,33.116,0.259,-14.938,-18.563,-23.000,-0.109,-0.031,1.027,-0.254,0.051,0.199,0.048,0.028,1.218,1.371,2,NULL,NULL,,3,1,2,7,255,1383,250,0,0
stim,179351,209472,1,209472,3406784.453,-0.664,-0.049,0.032,0.745,115,171,2958,800,2968,2387,2687,2931,42,0.936,1,2226,1,39.027,0.096,-15.750,-17.500,-31.125,-0.137,-0.055,1.047,-0.082,0.051,0.309,0.050,0.028,1.218,1.371,2,NULL,NULL,,3,1,2,7,255,1383,250,0,0
stim,179351,209472,1,209472,3406789.455,-0.665,-0.049,0.031,0.745,75,145,2968,637,2973,2361,2701,2933,42,0.936,1,2226,1,37.000,0.259,-16.938,-20.313,-25.875,-0.090,0.012,1.043,-0.254,0.051,0.418,0.050,0.028,1.218,1.371,2,NULL,NULL,,3,1,2,7,255,1383,250,0,0
stim,179351,209472,1,209472,3406794.454,-0.666,-0.048,0.030,0.744,47,108,2975,532,2979,2333,2713,2935,42,0.936,1,2226,1,41.358,0.545,-16.438,-20.500,-31.938,-0.113,-0.008,1.016,-0.539,-0.078,0.418,0.050,0.028,1.218,1.371,2,NULL,NULL,,3,1,2,7,255,1383,250,0,0
stim,179351,209472,1,209472,3406799.455,-0.667,-0.048,0.029,0.743,27,77,2983,376,2985,2309,2731,2937,42,0.936,1,2226,1,38.274,0.643,-7.625,-23.938,-28.875,-0.082,0.000,1.004,-0.625,0.152,0.172,0.052,0.028,1.218,1.371,2,NULL,NULL,,3,1,2,7,255,1383,250,0,0
stim,179381,209502,1,209502,3406804.453,-0.667,-0.047,0.028,0.743,16,45,2990,282,2991,2285,2743,2941,42,0.936,1,2226,1,33.795,0.644,-0.688,-27.000,-20.313,-0.078,0.012,1.051,-0.625,0.156,0.172,0.052,0.028,1.218,1.371,2,NULL,NULL,,3,1,2,7,255,1383,250,0,0
stim,179381,209502,1,209502,3406809.455,-0.668,-0.046,0.027,0.742,0,39,2997,179,2999,2263,2761,2943,42,0.936,1,2226,1,35.255,0.644,-3.438,-28.063,-21.063,-0.098,-0.027,1.066,-0.625,0.156,0.488,0.054,0.028,1.218,1.371,2,NULL,NULL,,3,1,2,7,255,1383,250,0,0
stim,179381,209502,1,209502,3406814.453,-0.669,-0.045,0.026,0.742,0,35,3003,137,3003,2246,2773,2943,42,0.936,1,2226,1,37.029,0.439,-8.063,-29.188,-21.313,-0.063,-0.063,1.043,-0.371,0.234,0.488,0.054,0.028,1.218,1.371,2,NULL,NULL,,3,1,2,7,255,1383,250,0,0
stim,179381,209502,1,209502,3406819.455,-0.669,-0.044,0.025,0.742,0,19,3007,135,3007,2222,2789,2951,42,0.936,1,2226,1,38.171,0.100,15.313,-34.875,-2.500,-0.230,-0.145,1.207,-0.086,0.051,0.684,0.056,0.028,1.218,1.371,2,NULL,NULL,,3,1,2,7,255,1383,250,0,0
stim,179381,209502,1,209502,3406824.454,-0.668,-0.042,0.025,0.742,0,1,3015,125,3015,2199,2803,2951,42,0.936,1,2226,0,49.960,1.149,19.938,-43.063,15.625,-0.297,-0.113,1.414,0.473,-1.047,2.254,0.056,0.028,1.218,1.371,3,NULL,NULL,,3,1,2,7,255,1383,250,0,0
stim,179381,209502,1,209502,3406829.455,-0.668,-0.042,0.023,0.742,0,0,3017,105,3015,2167,2813,2952,42,0.936,1,2226,0,51.930,1.279,-29.375,-42.500,-5.250,-0.203,-0.145,1.266,0.734,-1.047,2.762,0.054,0.030,1.218,1.371,3,NULL,NULL,,3,1,2,7,255,1383,250,0,0
stim,179403,209524,1,209524,3406834.453,-0.669,-0.042,0.020,0.742,0,0,3019,77,3025,2137,2831,2952,42,0.936,1,2226,0,62.422,1.089,-45.125,-41.688,-11.063,-0.094,-0.207,0.914,0.734,-0.805,2.762,0.054,0.034,1.218,1.371,3,NULL,NULL,,3,1,2,7,255,1383,250,0,0
stim,179403,209524,1,209524,3406839.455,-0.668,-0.041,0.018,0.742,0,0,3021,52,3029,2093,2843,2955,42,0.936,1,2226,0,50.552,0.791,-13.313,-48.188,7.500,-0.098,-0.141,0.898,0.773,-0.168,-0.699,0.052,0.036,1.218,1.371,3,NULL,NULL,,3,1,2,7,255,1383,250,0,0
stim,179434,209555,1,209555,3406844.454,-0.668,-0.039,0.017,0.743,0,0,3022,21,3033,2039,2852,2955,42,0.936,1,2226,0,53.216,0.791,8.125,-51.375,11.250,-0.172,-0.051,0.996,0.773,-0.168,-0.699,0.050,0.038,1.218,1.371,3,NULL,NULL,,3,1,2,7,255,1383,250,0,0
stim,179434,209555,1,209555,3406849.455,-0.668,-0.037,0.016,0.743,0,0,3023,0,3037,1991,2861,2941,42,0.936,1,2226,0,55.769,0.946,13.438,-54.125,0.375,-0.191,-0.059,1.090,-0.020,-0.945,0.063,0.048,0.042,1.218,1.371,3,NULL,NULL,,3,1,2,7,255,1383,250,0,0
stim,179434,209555,1,209555,3406854.453,-0.668,-0.035,0.014,0.743,0,0,3020,0,3042,1939,2871,2957,42,0.936,1,2226,0,57.036,0.946,8.500,-56.313,-3.125,-0.148,-0.094,1.133,-0.020,-0.945,0.984,0.048,0.044,1.218,1.371,3,NULL,NULL,,3,1,2,7,255,1383,250,0,0
stim,179434,209555,1,209555,3406859.455,-0.668,-0.033,0.013,0.743,0,0,3019,0,3045,1867,2879,2957,42,0.936,1,2226,0,58.173,0.717,2.188,-58.125,-0.875,-0.113,-0.137,1.125,0.262,-0.668,1.328,0.048,0.046,1.218,1.371,3,NULL,NULL,,3,1,2,7,255,1383,250,0,0
stim,179434,209555,1,209555,3406864.453,-0.668,-0.031,0.011,0.743,0,0,3017,0,3043,1805,2891,2957,42,0.936,1,2226,0,60.020,0.759,1.750,-59.938,2.625,-0.105,-0.133,1.047,0.668,-0.359,1.328,0.048,0.048,1.218,1.371,3,NULL,NULL,,3,1,2,7,255,1383,250,0,0
stim,179434,209555,1,209555,3406869.455,-0.668,-0.029,0.009,0.744,0,0,3013,0,3053,1719,2899,2942,42,0.936,1,2226,0,63.458,0.759,7.750,-62.813,4.625,-0.129,-0.109,1.035,0.668,-0.359,0.559,0.048,0.050,1.218,1.371,3,NULL,NULL,,3,1,2,7,255,1383,250,0,0
stim,179434,209555,1,209555,3406874.454,-0.668,-0.026,0.008,0.744,0,0,3013,0,3054,1652,2907,2957,42,0.936,1,2226,0,67.881,0.838,16.688,-65.750,2.500,-0.133,-0.070,1.066,0.484,-0.684,0.559,0.046,0.052,1.218,1.371,3,NULL,NULL,,3,1,2,7,255,1383,250,0,0
stim,179434,209555,1,209555,3406879.455,-0.668,-0.024,0.007,0.744,0,0,3004,0,3055,1571,2915,2957,42,0.936,1,2226,0,70.938,0.691,18.438,-68.500,-0.250,-0.102,-0.055,1.129,0.098,-0.684,0.715,0.044,0.054,1.218,1.371,3,NULL,NULL,,3,1,2,7,255,1383,250,0,0
stim,179434,209555,1,209555,3406884.453,-0.668,-0.021,0.005,0.744,0,0,3000,0,3059,1469,2921,2955,42,0.936,1,2226,0,70.489,0.570,13.063,-69.250,1.563,-0.078,-0.016,1.152,-0.063,-0.566,1.297,0.042,0.058,1.218,1.371,3,NULL,NULL,,3,1,2,7,255,1383,250,0,0
stim,179434,209555,1,209555,3406889.455,-0.668,-0.018,0.003,0.744,0,0,2996,0,3060,1353,2925,2953,42,0.936,1,2226,0,71.991,0.636,4.438,-71.750,3.875,-0.070,-0.016,1.148,-0.465,-0.434,1.461,0.042,0.060,1.218,1.371,3,NULL,NULL,,3,1,2,7,255,1383,250,0,0
stim,179463,209584,1,209584,3406894.454,-0.667,-0.016,0.001,0.745,0,0,2988,0,3065,1257,2935,2943,42,0.936,1,2226,0,73.635,0.636,1.750,-73.250,7.313,-0.090,-0.016,1.102,-0.465,-0.434,1.461,0.042,0.062,1.218,1.371,3,NULL,NULL,,3,1,2,7,255,1383,250,0,0
stim,179463,209584,1,209584,3406899.455,-0.667,-0.013,-0.001,0.745,0,0,2982,0,3065,1131,2939,2940,42,0.936,1,2226,0,76.079,0.835,4.438,-75.813,4.563,-0.098,0.000,1.090,-0.469,-0.691,0.984,0.042,0.064,1.218,1.371,3,NULL,NULL,,3,1,2,7,255,1383,250,0,0
stim,179463,209584,1,209584,3406904.454,-0.667,-0.011,-0.003,0.745,0,0,2974,0,3069,1014,2941,2937,42,0.936,1,2226,0,78.323,0.875,5.563,-78.063,3.125,-0.074,0.004,1.102,-0.531,-0.695,0.984,0.044,0.066,1.218,1.371,3,NULL,NULL,,3,1,2,7,255,1383,250,0,0
stim,179463,209584,1,209584,3406909.455,-0.667,-0.008,-0.005,0.745,0,0,2967,0,3069,877,2953,2933,42,0.936,1,2226,0,81.918,0.903,7.438,-81.563,1.688,-0.070,-0.004,1.113,-0.531,-0.730,0.984,0.046,0.068,1.218,1.371,3,NULL,NULL,,3,1,2,7,255,1383,250,0,0
stim,179463,209584,1,209584,3406914.453,-0.666,-0.005,-0.007,0.746,0,0,2959,0,3066,742,2953,2919,42,0.936,1,2226,0,84.791,0.868,7.188,-84.250,6.313,-0.043,-0.004,1.125,-0.520,-0.695,1.098,0.048,0.070,1.218,1.371,3,NULL,NULL,,3,1,2,7,255,1383,250,0,0
stim,179463,209584,1,209584,3406919.455,-0.666,-0.002,-0.009,0.746,0,0,2943,0,3079,637,2959,2916,42,0.936,1,2226,0,87.427,0.751,3.750,-86.875,9.063,-0.027,0.016,1.152,-0.520,-0.543,1.211,0.048,0.074,1.218,1.371,3,NULL,NULL,,3,1,2,7,255,1383,250,0,0
stim,179494,209615,1,209615,3406924.454,-0.665,0.001,-0.012,0.746,0,0,2934,0,3079,562,2968,2907,42,0.936,1,2226,0,90.544,0.901,-1.125,-89.688,12.375,-0.059,0.023,1.160,-0.719,-0.543,1.461,0.050,0.076,1.218,1.371,3,NULL,NULL,,3,1,2,7,255,1383,250,0,0
stim,179494,209615,1,209615,3406929.455,-0.665,0.004,-0.014,0.747,0,0,2920,0,3079,441,2971,2897,42,0.936,1,2226,0,94.260,0.901,-10.000,-92.500,15.125,-0.008,0.039,1.168,-0.750,-0.500,1.523,0.052,0.080,1.218,1.371,3,NULL,NULL,,3,1,2,7,255,1383,250,0,0
stim,179494,209615,1,209615,3406934.453,-0.664,0.006,-0.017,0.748,0,0,2907,0,3078,343,2974,2879,42,0.936,1,2226,0,98.632,1.210,-11.813,-95.375,22.188,-0.023,0.051,1.109,-0.965,-0.730,1.523,0.054,0.084,1.218,1.371,3,NULL,NULL,,3,1,2,7,255,1383,250,0,0
stim,179494,209615,1,209615,3406939.455,-0.663,0.009,-0.020,0.748,0,0,2893,0,3077,205,2983,2867,42,0.936,1,2226,0,99.768,1.210,-5.375,-98.563,14.500,-0.105,0.055,1.000,-0.965,-0.730,1.020,0.056,0.086,1.218,1.371,3,NULL,NULL,,3,1,2,7,255,1383,250,0,0
stim,179532,209653,0,209653,3406944.453,-0.663,0.013,-0.023,0.748,0,0,2878,0,3077,153,2987,2855,42,0.936,1,2226,0,103.266,1.164,4.000,-102.750,9.500,0.031,0.023,1.086,-0.906,-0.730,0.805,0.058,0.090,1.218,1.371,3,NULL,NULL,,3,0,2,7,255,1386,250,0,0
stim,179532,209653,0,209653,3406949.455,-0.662,0.016,-0.026,0.749,0,0,2859,0,3078,73,2989,2836,42,0.936,1,2226,0,105.169,1.234,6.438,-104.000,14.250,-0.020,0.000,1.105,-0.793,-0.945,0.805,0.062,0.096,1.218,1.371,3,NULL,NULL,,3,0,2,7,255,1386,250,0,0
stim,179532,209653,0,209653,3406954.454,-0.661,0.020,-0.029,0.749,0,0,2843,0,3079,39,2992,2823,42,0.936,1,2226,0,109.224,0.959,2.813,-108.000,16.063,0.039,0.031,1.172,-0.793,-0.539,0.973,0.066,0.102,1.218,1.371,3,NULL,NULL,,3,0,2,7,255,1386,250,0,0
stim,179532,209653,0,209653,3406959.455,-0.660,0.023,-0.032,0.750,0,0,2825,0,3078,26,2996,2799,42,0.936,1,2226,0,114.038,1.055,-10.125,-109.938,28.563,0.055,0.055,1.230,-0.883,-0.578,1.664,0.072,0.108,1.218,1.371,3,NULL,NULL,,3,0,2,7,255,1386,250,0,0
stim,179532,209653,0,209653,3406964.453,-0.659,0.026,-0.036,0.751,0,0,2797,0,3089,0,3005,2776,42,0.936,1,2226,0,121.745,1.055,-23.625,-112.688,39.563,0.004,0.023,1.266,-0.883,-0.578,2.195,0.078,0.114,1.218,1.371,3,NULL,NULL,,3,0,2,7,255,1386,250,0,0
stim,179532,209653,0,209653,3406969.455,-0.657,0.029,-0.040,0.752,0,0,2777,0,3079,0,3002,2752,42,0.936,1,2226,0,129.518,1.438,-38.438,-115.875,43.250,-0.051,0.004,1.230,-0.793,-1.199,2.195,0.082,0.120,1.218,1.371,3,NULL,NULL,,3,0,2,7,255,1386,250,0,0
stim,179532,209653,0,209653,3406974.454,-0.655,0.031,-0.045,0.753,0,0,2745,0,3069,0,3014,2731,42,0.936,1,2226,0,131.752,1.867,-43.813,-118.500,37.375,-0.051,-0.023,1.172,-0.535,-1.789,2.117,0.084,0.126,1.218,1.371,3,NULL,NULL,,3,0,2,7,255,1386,250,0,0
stim,179532,209653,0,209653,3406979.455,-0.654,0.034,-0.050,0.754,0,0,2701,0,3066,0,3004,2695,42,0.936,1,2226,0,128.441,1.821,-37.438,-119.438,28.813,-0.066,-0.027,1.152,-0.293,-1.797,1.555,0.088,0.132,1.218,1.371,3,NULL,NULL,,3,0,2,7,255,1386,250,0,0
stim,179532,209653,0,209653,3406984.454,-0.653,0.037,-0.054,0.754,0,0,2669,0,3061,0,3007,2662,42,0.936,1,2226,0,126.309,2.072,-23.813,-122.813,17.438,-0.102,-0.004,1.199,-0.293,-2.051,1.555,0.092,0.140,1.218,1.371,3,NULL,NULL,,3,0,2,7,255,1386,250,0,0
stim,179532,209653,0,209653,3406989.455,-0.652,0.040,-0.058,0.755,0,0,2631,0,3055,0,3007,2617,42,0.936,1,2226,0,128.575,2.602,-18.813,-126.813,9.813,-0.086,-0.020,1.332,-0.379,-2.574,1.715,0.096,0.148,1.218,1.371,3,NULL,NULL,,3,0,2,7,255,1386,250,0,0
stim,179563,209684,0,209684,3406994.453,-0.652,0.044,-0.062,0.755,0,0,2587,0,3050,0,3007,2569,42,0.936,1,2226,0,133.775,2.741,-17.625,-132.250,9.750,-0.090,-0.066,1.484,-0.379,-2.715,3.012,0.102,0.156,1.218,1.371,3,NULL,NULL,,3,0,2,7,255,1386,250,0,0
stim,179563,209684,0,209684,3406999.455,-0.651,0.047,-0.067,0.755,0,0,2543,0,3051,0,3006,2519,42,0.936,1,2226,0,146.842,3.092,-36.563,-140.813,19.938,-0.121,-0.031,1.535,-0.297,-3.078,4.469,0.108,0.166,1.218,1.371,3,NULL,NULL,,3,0,2,7,255,1386,250,0,0
stim,179563,209684,0,209684,3407004.454,-0.650,0.051,-0.073,0.755,0,0,2489,0,3036,0,3005,2443,42,0.936,1,2226,0,157.237,3.688,-54.500,-146.938,12.750,-0.219,0.059,1.445,-0.297,-3.676,4.469,0.114,0.176,1.218,1.371,3,NULL,NULL,,3,0,2,7,255,1386,250,0,0
stim,179563,209684,0,209684,3407009.455,-0.649,0.054,-0.079,0.755,0,0,2425,0,3035,0,2999,2349,42,0.936,1,2226,0,164.858,4.595,-54.188,-155.688,1.813,-0.160,0.117,1.445,-1.020,-4.480,3.715,0.120,0.188,1.218,1.371,3,NULL,NULL,,3,0,2,7,255,1386,250,0,0
stim,179583,209704,0,209704,3407014.453,-0.648,0.058,-0.086,0.754,0,0,2381,0,3017,0,3003,2253,42,0.936,1,2226,0,175.155,4.721,-54.563,-166.438,0.875,-0.152,0.039,1.492,-1.020,-4.609,3.715,0.130,0.202,1.218,1.371,3,NULL,NULL,,3,0,2,7,255,1386,250,0,0
stim,179583,209704,0,209704,3407019.455,-0.648,0.062,-0.093,0.754,0,0,2308,0,3000,0,2985,2156,42,0.936,1,2226,0,184.809,4.720,-64.125,-173.313,2.250,-0.191,0.031,1.441,-1.016,-4.609,3.699,0.140,0.218,1.218,1.371,3,NULL,NULL,,3,0,2,7,255,1386,250,0,0
stim,179583,209704,0,209704,3407024.454,-0.647,0.066,-0.100,0.753,0,0,2237,0,2989,0,2971,2037,42,0.936,1,2226,0,191.027,5.150,-52.625,-183.313,-10.875,-0.320,-0.020,1.449,-0.922,-5.066,3.512,0.154,0.234,1.218,1.371,3,NULL,NULL,,3,0,2,7,255,1386,250,0,0
stim,179583,209704,0,209704,3407029.455,-0.647,0.072,-0.107,0.751,0,0,2180,0,2972,0,2963,1927,42,0.936,1,2226,0,203.835,6.486,-47.938,-196.313,-26.688,-0.281,0.008,1.621,-0.723,-6.445,3.512,0.170,0.256,1.218,1.371,3,NULL,NULL,,3,0,2,7,255,1386,250,0,0
stim,179583,209704,0,209704,3407034.454,-0.647,0.077,-0.115,0.750,0,0,2110,0,2966,0,2951,1781,42,0.936,1,2226,0,219.276,6.610,-64.813,-207.125,-31.313,-0.207,0.098,1.664,-0.723,-6.570,4.816,0.190,0.280,1.218,1.371,3,NULL,NULL,,3,0,2,7,255,1386,250,0,0
stim,179583,209704,0,209704,3407039.455,-0.647,0.082,-0.123,0.748,0,0,2027,0,2943,0,2921,1688,42,0.936,1,2226,0,234.001,6.810,-77.500,-218.500,-31.750,-0.172,0.168,1.625,-1.789,-6.570,4.816,0.214,0.306,1.218,1.371,3,NULL,NULL,,3,0,2,7,255,1386,250,0,0
stim,179628,209749,0,209749,3407044.453,-0.647,0.087,-0.132,0.746,0,0,1949,0,2921,0,2907,1621,42,0.936,1,2226,0,247.548,6.925,-77.875,-234.000,-21.438,-0.203,0.137,1.551,-2.188,-6.570,4.715,0.240,0.334,1.218,1.371,3,NULL,NULL,,3,0,2,7,255,1386,250,0,0
stim,179628,209749,0,209749,3407049.455,-0.646,0.093,-0.142,0.744,0,0,1839,0,2891,0,2858,1563,42,0.936,1,2226,0,258.708,7.333,-73.375,-247.375,-18.750,-0.191,0.168,1.652,-2.539,-6.879,4.609,0.270,0.366,1.218,1.371,3,NULL,NULL,,3,0,2,7,255,1386,250,0,0
stim,179628,209749,0,209749,3407054.454,-0.644,0.100,-0.152,0.743,0,0,1775,0,2871,0,2807,1519,42,0.936,1,2226,0,274.083,7.829,-79.000,-262.188,-11.750,-0.180,0.141,1.742,-2.527,-7.410,4.609,0.300,0.398,1.218,1.371,3,NULL,NULL,,3,0,2,7,255,1386,250,0,0
stim,179628,209749,0,209749,3407059.455,-0.643,0.106,-0.162,0.741,0,0,1687,0,2826,0,2749,1467,42,0.936,1,2226,0,291.921,7.967,-94.938,-275.938,-7.938,-0.137,0.172,1.621,-2.633,-7.520,4.609,0.336,0.434,1.218,1.371,3,NULL,NULL,,3,0,2,7,255,1386,250,0,0
stim,179628,209749,0,209749,3407064.454,-0.641,0.113,-0.173,0.739,0,0,1563,0,2783,0,2679,1405,42,0.936,1,2226,0,299.783,8.038,-82.500,-288.188,-3.438,-0.035,0.160,1.574,-2.840,-7.520,4.105,0.376,0.474,1.218,1.371,3,NULL,NULL,,3,0,2,7,255,1386,250,0,0
stim,179628,209749,0,209749,3407069.455,-0.639,0.121,-0.183,0.737,0,0,1469,0,2741,0,2587,1323,42,0.936,1,2226,0,300.309,8.038,-48.063,-296.438,0.563,0.000,0.043,1.789,-2.840,-7.520,4.105,0.416,0.516,1.218,1.371,3,NULL,NULL,,3,0,2,7,255,1386,250,0,0
stim,179651,209772,0,209772,3407074.454,-0.636,0.130,-0.192,0.736,0,0,1387,0,2679,0,2487,1256,42,0.936,1,2226,0,305.284,8.136,-30.125,-303.750,-5.188,-0.145,0.391,2.371,-2.922,-7.594,5.914,0.458,0.560,1.218,1.371,3,NULL,NULL,,3,0,2,7,255,1386,250,0,0
stim,179651,209772,0,209772,3407079.455,-0.634,0.138,-0.204,0.733,0,0,1192,0,2615,0,2358,1179,42,0.936,1,2226,0,320.261,13.431,-81.313,-309.625,-9.375,-0.180,0.715,2.617,-5.602,-12.207,9.668,0.502,0.602,1.218,1.371,3,NULL,NULL,,3,0,2,7,255,1386,250,0,0
stim,179651,209772,0,209772,3407084.454,-0.633,0.144,-0.216,0.730,0,0,1111,0,2525,0,2211,1051,42,0.936,1,2226,0,340.323,16.230,-135.313,-311.188,-25.938,-0.129,0.680,2.441,-8.691,-13.707,9.668,0.546,0.646,1.218,1.371,3,NULL,NULL,,3,0,2,7,255,1386,250,0,0
stim,179651,209772,0,209772,3407089.455,-0.631,0.150,-0.231,0.726,0,0,966,0,2413,0,1997,981,42,0.936,1,2226,0,362.508,16.230,-163.375,-323.063,-18.750,0.004,0.305,2.109,-8.691,-13.707,9.098,0.594,0.694,1.218,1.371,3,NULL,NULL,,3,0,2,7,255,1386,250,0,0
stim,179651,209772,0,209772,3407094.453,-0.628,0.156,-0.245,0.722,0,0,776,0,2276,0,1769,915,42,0.936,1,2226,0,375.383,12.284,-170.563,-334.375,3.750,-0.008,-0.047,1.695,-5.184,-11.137,7.156,0.652,0.754,1.218,1.371,3,NULL,NULL,,3,0,2,7,255,1386,250,0,0
stim,179651,209772,0,209772,3407099.455,-0.624,0.162,-0.259,0.719,0,0,581,0,2087,0,1472,797,42,0.936,1,2226,0,378.401,9.375,-147.000,-348.563,9.063,-0.020,-0.152,1.398,-1.523,-9.250,3.949,0.718,0.818,1.218,1.371,3,NULL,NULL,,3,0,2,7,255,1386,250,0,0
stim,179677,209798,0,209798,3407104.453,-0.620,0.171,-0.272,0.716,0,0,393,0,1884,0,1109,688,42,0.936,1,2226,0,374.061,8.047,-96.250,-361.063,17.063,0.031,-0.121,1.297,-0.563,-8.027,1.453,0.788,0.888,1.218,1.371,3,NULL,NULL,,3,0,2,7,255,1386,250,0,0
stim,179677,209798,0,209798,3407109.455,-0.615,0.181,-0.284,0.713,0,0,300,0,1639,0,601,551,42,0.936,1,2226,0,373.086,7.435,-49.063,-369.813,5.000,0.219,-0.055,1.297,-0.563,-7.414,1.355,0.862,0.962,1.218,1.371,3,NULL,NULL,,3,0,2,7,255,1386,250,0,0
stim,179677,209798,0,209798,3407114.454,-0.610,0.193,-0.294,0.710,0,0,231,0,1371,0,238,469,42,0.936,1,2226,0,382.154,7.563,22.938,-381.438,4.563,0.297,-0.086,1.711,-1.492,-7.414,1.355,0.932,1.034,1.218,1.371,3,NULL,NULL,,3,0,2,7,255,1386,250,0,0
stim,179677,209798,0,209798,3407119.455,-0.604,0.205,-0.303,0.708,0,0,189,0,1069,0,51,411,42,0.936,1,2226,0,388.146,8.948,41.813,-385.313,21.063,0.238,0.105,2.258,-1.738,-8.777,4.738,1.000,1.102,1.218,1.371,3,NULL,NULL,,3,0,2,7,255,1386,250,0,0
stim,179677,209798,0,209798,3407124.454,-0.596,0.216,-0.314,0.707,0,0,110,0,701,0,0,301,42,0.936,1,2226,0,387.886,13.996,-8.250,-383.688,56.313,0.051,0.172,2.504,-3.875,-13.449,7.469,1.048,1.154,1.218,1.371,3,NULL,NULL,,3,0,2,7,255,1386,250,0,0
stim,179677,209798,0,209798,3407129.455,-0.589,0.224,-0.327,0.704,0,0,109,0,355,0,0,238,42,0.936,1,2226,0,394.233,17.602,-83.313,-376.625,81.438,-0.184,0.293,2.223,-4.262,-17.078,7.469,1.092,1.198,1.218,1.371,3,NULL,NULL,,3,0,2,7,255,1386,250,0,0
stim,179705,209826,0,209826,3407134.453,-0.581,0.232,-0.341,0.702,0,0,99,0,40,0,0,147,42,0.936,1,2226,0,411.165,17.602,-95.688,-384.125,111.125,-0.543,0.328,1.660,-4.262,-17.078,3.125,1.130,1.238,1.218,1.371,3,NULL,NULL,,3,0,2,7,255,1386,250,0,0
stim,179705,209826,0,209826,3407139.455,-0.573,0.239,-0.355,0.700,0,0,102,0,0,0,0,57,42,0.936,1,2226,0,407.516,17.116,-104.813,-379.063,106.750,-0.559,0.602,1.656,-4.703,-16.457,-3.727,1.172,1.280,1.218,1.371,4,NULL,NULL,,3,0,2,7,255,1386,250,0,0
stim,179735,209856,0,209856,3407144.454,-0.565,0.244,-0.370,0.696,0,0,77,0,0,0,0,25,42,0.936,1,2226,0,411.592,17.591,-154.688,-370.125,92.125,-0.484,0.895,1.707,-6.215,-16.457,-5.094,1.220,1.330,1.218,1.371,0,NULL,NULL,,3,0,2,7,255,1386,250,0,0
stim,179735,209856,0,209856,3407149.455,-0.559,0.248,-0.385,0.691,0,0,61,0,0,0,0,9,42,0.936,1,2226,0,419.460,18.852,-208.125,-353.625,87.063,-0.578,1.223,1.535,-9.195,-16.457,-5.613,1.276,1.388,1.218,1.371,0,NULL,NULL,,3,0,2,7,255,1386,250,0,0
stim,179735,209856,0,209856,3407154.453,-0.553,0.251,-0.402,0.685,0,0,73,0,0,0,0,0,42,0.936,1,2226,0,427.642,19.566,-255.500,-335.938,68.875,-0.746,1.148,1.445,-10.793,-16.320,-8.875,1.342,1.454,1.218,1.371,0,NULL,NULL,,3,0,2,7,255,1386,250,0,0
stim,179735,209856,0,209856,3407159.455,-0.549,0.251,-0.420,0.678,0,0,78,0,0,0,0,17,42,0.936,1,2226,0,445.174,19.469,-304.375,-317.813,67.313,-0.762,0.895,1.195,-10.793,-16.203,-11.145,1.408,1.522,1.218,1.371,0,NULL,NULL,,3,0,2,7,255,1386,250,0,0
stim,179735,209856,0,209856,3407164.454,-0.546,0.252,-0.436,0.669,0,0,69,0,0,0,0,29,42,0.936,1,2226,0,441.138,16.330,-332.250,-290.125,6.313,-0.453,0.590,0.805,-8.168,-14.141,-11.492,1.476,1.590,1.218,1.371,0,NULL,NULL,,3,0,2,7,255,1386,250,0,0
stim,179735,209856,0,209856,3407169.455,-0.547,0.252,-0.450,0.659,0,0,63,0,0,0,0,57,42,0.936,1,2226,0,385.664,10.728,-301.000,-234.625,-55.563,-0.133,-0.016,0.648,-5.691,-9.094,-11.492,1.542,1.654,1.218,1.371,0,NULL,NULL,,3,0,2,7,255,1386,250,0,0
stim,179735,209856,0,209856,3407174.454,-0.547,0.252,-0.462,0.651,0,0,58,0,0,0,0,89,42,0.936,1,2226,0,324.066,6.267,-254.813,-195.688,-42.375,0.012,-0.152,0.648,-0.777,-6.219,-7.914,1.604,1.716,1.218,1.371,0,NULL,NULL,,3,0,2,7,255,1386,250,0,0
stim,179735,209856,0,209856,3407179.455,-0.547,0.251,-0.472,0.644,0,0,59,0,0,0,0,123,42,0.936,1,2226,0,291.122,6.008,-251.688,-144.000,-25.875,-0.027,-0.031,0.664,-0.777,-5.957,-7.219,1.662,1.774,1.218,1.371,0,NULL,NULL,,3,0,2,7,255,1386,250,0,0
stim,179735,209856,0,209856,3407184.453,-0.549,0.247,-0.482,0.637,0,0,59,0,0,0,0,131,42,0.936,1,2226,0,294.416,5.765,-281.563,-83.313,-21.500,-0.121,0.141,0.289,-1.172,-5.645,-7.219,1.716,1.826,1.218,1.371,0,NULL,NULL,,3,0,2,7,255,1386,250,0,0
stim,179735,209856,0,209856,3407189.455,-0.552,0.242,-0.490,0.630,0,0,55,0,0,0,0,116,42,0.936,1,2226,0,275.795,3.177,-272.063,-21.563,-39.750,-0.152,0.289,-0.453,-1.172,-2.953,-10.168,1.766,1.876,1.218,1.371,0,NULL,NULL,,3,0,2,7,255,1386,250,0,0
stim,179764,209885,0,209885,3407194.454,-0.556,0.237,-0.493,0.625,0,0,53,0,0,0,0,109,42,0.936,1,2226,0,200.206,3.701,-190.563,43.563,-43.250,0.133,0.199,-0.910,-1.133,3.523,-12.922,1.814,1.926,1.218,1.371,0,NULL,NULL,,3,0,2,7,255,1386,250,0,0
stim,179764,209885,0,209885,3407199.455,-0.560,0.233,-0.493,0.624,0,0,55,0,0,0,0,103,42,0.936,1,2226,0,119.552,8.321,-80.563,86.938,-15.625,0.082,0.320,-0.883,-0.688,8.293,-13.719,1.862,1.974,1.218,1.371,0,NULL,NULL,,3,0,2,7,255,1386,250,0,0
stim,179764,209885,0,209885,3407204.453,-0.562,0.230,-0.490,0.625,0,0,48,0,0,0,0,99,42,0.936,1,2226,0,126.924,8.321,7.750,126.563,-5.625,-0.020,0.277,-0.438,-0.688,8.293,-12.922,1.902,2.016,1.218,1.371,0,NULL,NULL,,3,0,2,7,255,1386,250,0,0
stim,179764,209885,0,209885,3407209.455,-0.565,0.227,-0.485,0.628,0,0,35,0,0,0,0,93,42,0.936,1,2226,0,162.514,4.009,36.813,157.750,13.063,0.031,0.051,-0.078,-0.688,3.949,-12.711,1.936,2.050,1.218,1.371,0,NULL,NULL,,3,0,2,7,255,1386,250,0,0
stim,179764,209885,0,209885,3407214.453,-0.568,0.222,-0.480,0.631,0,0,22,0,0,0,0,91,42,0.936,1,2226,0,182.463,1.082,37.250,173.688,41.688,-0.145,0.109,-0.008,-0.691,0.832,-11.391,1.960,2.076,1.218,1.371,0,NULL,NULL,,3,0,2,7,255,1386,250,0,0
stim,179764,209885,0,209885,3407219.455,-0.570,0.217,-0.474,0.635,0,0,18,0,0,0,0,86,42,0.936,1,2226,0,202.458,0.443,51.938,187.813,54.938,-0.207,0.109,-0.141,-0.406,0.176,-11.391,1.978,2.094,1.218,1.371,0,NULL,NULL,,3,0,2,7,255,1386,250,0,0
stim,179795,209916,0,209916,3407224.454,-0.571,0.212,-0.467,0.640,0,0,21,0,0,0,0,84,42,0.936,1,2226,0,223.515,0.713,88.563,195.750,61.625,-0.234,0.227,-0.176,-0.691,0.176,-12.484,1.994,2.110,1.218,1.371,0,NULL,NULL,,3,0,2,7,255,1386,250,0,0
stim,179795,209916,0,209916,3407229.455,-0.572,0.209,-0.459,0.646,0,0,18,0,0,0,0,87,42,0.936,1,2226,0,248.247,1.054,124.250,201.750,74.063,-0.234,0.270,0.023,-1.039,0.176,-12.496,2.008,2.124,1.218,1.371,0,NULL,NULL,,3,0,2,7,255,1386,250,0,0
stim,179795,209916,0,209916,3407234.453,-0.573,0.205,-0.451,0.653,0,0,17,0,0,0,0,85,42,0.936,1,2226,0,267.991,2.332,143.125,210.375,84.125,-0.332,0.355,0.141,-1.988,-1.219,-12.957,2.020,2.138,1.218,1.371,0,NULL,NULL,,3,0,2,7,255,1386,250,0,0
stim,179795,209916,0,209916,3407239.455,-0.574,0.201,-0.442,0.660,0,0,17,0,0,0,0,76,42,0.936,1,2226,0,278.127,3.937,153.813,218.000,78.563,-0.430,0.406,0.254,-2.855,-2.711,-12.957,2.032,2.148,1.218,1.371,0,NULL,NULL,,3,0,2,7,255,1386,250,0,0
stim,179831,209952,0,209952,3407244.454,-0.575,0.197,-0.432,0.667,0,0,10,0,0,0,0,75,42,0.936,1,2226,0,289.010,5.101,165.125,225.313,74.125,-0.414,0.305,0.344,-2.855,-4.227,-12.957,2.040,2.158,1.218,1.371,0,NULL,NULL,,3,0,2,7,255,1386,250,0,0
stim,179831,209952,0,209952,3407249.455,-0.576,0.193,-0.421,0.674,0,0,10,0,0,0,0,71,42,0.936,1,2226,0,297.572,5.663,169.500,231.125,80.000,-0.438,0.230,0.512,-2.695,-4.980,-12.168,2.048,2.168,1.218,1.371,0,NULL,NULL,,3,0,2,7,255,1386,250,0,0
stim,179831,209952,0,209952,3407254.453,-0.577,0.189,-0.411,0.680,0,0,11,0,0,0,0,71,42,0.936,1,2226,0,296.921,7.078,162.063,236.000,78.750,-0.520,0.254,0.664,-2.680,-6.551,-10.996,2.058,2.178,1.218,1.371,0,NULL,NULL,,3,0,2,7,255,1386,250,0,0
stim,179831,209952,0,209952,3407259.455,-0.578,0.184,-0.401,0.686,0,0,9,0,0,0,0,71,42,0.936,1,2226,0,288.783,8.682,145.313,241.688,62.188,-0.547,0.246,0.781,-2.680,-8.258,-10.648,2.070,2.190,1.218,1.371,0,NULL,NULL,,3,0,2,7,255,1386,250,0,0
stim,179831,209952,0,209952,3407264.453,-0.580,0.179,-0.391,0.691,0,0,8,0,0,0,0,71,42,0.936,1,2226,0,281.843,9.717,127.938,247.125,44.688,-0.523,0.184,0.848,-2.680,-9.340,-9.934,2.086,2.208,1.218,1.371,0,NULL,NULL,,3,0,2,7,255,1386,250,0,0
stim,179831,209952,0,209952,3407269.455,-0.583,0.174,-0.382,0.696,0,0,7,0,0,0,0,77,42,0.936,1,2226,0,278.118,9.948,112.313,252.125,34.188,-0.484,0.129,0.941,-2.391,-9.656,-8.910,2.104,2.228,1.218,1.371,0,NULL,NULL,,3,0,2,7,255,1386,250,0,0
stim,179831,209952,0,209952,3407274.454,-0.586,0.168,-0.372,0.700,0,0,8,0,0,0,0,92,42,0.936,1,2226,0,274.079,10.343,92.563,256.688,25.750,-0.488,0.188,1.043,-2.391,-10.063,-7.645,2.124,2.250,1.218,1.371,0,NULL,NULL,,3,0,2,7,255,1386,250,0,0
stim,179831,209952,0,209952,3407279.455,-0.590,0.162,-0.364,0.703,0,0,10,0,0,0,0,103,42,0.936,1,2226,0,272.847,11.162,67.125,264.250,10.563,-0.457,0.234,1.094,-2.934,-10.770,-6.961,2.156,2.282,1.218,1.371,0,NULL,NULL,,3,0,2,7,255,1386,250,0,0
stim,179831,209952,0,209952,3407284.453,-0.594,0.155,-0.355,0.705,0,0,9,0,0,0,0,109,42,0.936,1,2226,0,275.216,11.266,39.250,272.375,-3.875,-0.438,0.195,1.086,-3.309,-10.770,-6.313,2.192,2.320,1.218,1.371,0,NULL,NULL,,3,0,2,7,255,1386,250,0,0
stim,179831,209952,0,209952,3407289.455,-0.599,0.147,-0.347,0.706,0,0,9,0,0,0,0,117,42,0.936,1,2226,0,282.107,11.031,13.313,280.938,-21.938,-0.438,0.074,0.992,-3.309,-10.523,-5.887,2.234,2.362,1.218,1.371,0,NULL,NULL,,3,0,2,7,255,1386,250,0,0
stim,179863,209984,0,209984,3407294.453,-0.605,0.139,-0.340,0.707,0,0,7,0,0,0,0,138,42,0.936,1,2226,0,291.150,9.977,0.875,288.875,-36.313,-0.383,0.027,0.824,-2.078,-9.758,-5.887,2.280,2.410,1.218,1.371,0,NULL,NULL,,3,0,2,7,255,1386,250,0,0
stim,179863,209984,0,209984,3407299.455,-0.611,0.131,-0.331,0.707,0,0,6,0,0,0,0,139,42,0.936,1,2226,0,300.258,8.281,3.500,296.625,-46.438,-0.348,0.035,0.699,-1.453,-8.152,-6.371,2.328,2.460,1.218,1.371,0,NULL,NULL,,3,0,2,7,255,1386,250,0,0
stim,179863,209984,0,209984,3407304.454,-0.617,0.122,-0.323,0.707,0,0,6,0,0,0,0,141,42,0.936,1,2226,0,309.766,7.184,11.250,304.500,-55.750,-0.305,0.047,0.652,-1.453,-7.035,-6.848,2.376,2.508,1.218,1.371,0,NULL,NULL,,3,0,2,7,255,1386,250,0,0
stim,179863,209984,0,209984,3407309.455,-0.624,0.115,-0.313,0.707,0,0,6,0,0,0,0,141,42,0.936,1,2226,0,317.820,6.464,21.250,311.125,-61.313,-0.176,0.004,0.613,-1.371,-6.316,-6.848,2.422,2.556,1.218,1.371,0,NULL,NULL,,3,0,2,7,255,1386,250,0,0
stim,179884,210005,0,210005,3407314.453,-0.630,0.107,-0.303,0.707,0,0,9,0,0,0,0,149,42,0.936,1,2226,0,321.821,5.155,32.000,315.500,-54.813,-0.012,-0.066,0.547,-1.328,-4.980,-6.141,2.466,2.600,1.218,1.371,0,NULL,NULL,,3,0,2,7,255,1386,250,0,0
stim,179884,210005,0,210005,3407319.455,-0.635,0.099,-0.293,0.708,0,0,3,0,0,0,0,149,42,0.936,1,2226,0,321.927,3.434,50.438,314.875,-44.125,-0.063,-0.027,0.512,-1.051,-3.270,-6.031,2.506,2.642,1.218,1.371,0,NULL,NULL,,3,0,2,7,255,1386,250,0,0
stim,179884,210005,0,210005,3407324.454,-0.641,0.092,-0.282,0.708,0,0,10,0,0,0,0,151,42,0.936,1,2226,0,326.385,3.360,77.813,312.875,-50.813,-0.070,-0.008,0.500,-1.051,-3.191,-6.031,2.544,2.680,1.218,1.371,0,NULL,NULL,,3,0,2,7,255,1386,250,0,0
stim,179884,210005,0,210005,3407329.455,-0.646,0.087,-0.269,0.709,0,0,6,0,0,0,0,153,42,0.936,1,2226,0,331.902,3.360,108.688,309.438,-50.938,0.039,-0.082,0.527,-1.051,-3.191,-6.031,2.574,2.712,1.218,1.371,0,NULL,NULL,,3,0,2,7,255,1386,250,0,0
stim,179884,210005,0,210005,3407334.453,-0.650,0.081,-0.256,0.711,0,0,5,0,0,0,0,152,42,0.936,1,2226,0,337.594,2.582,134.625,307.438,-36.438,0.082,-0.051,0.613,-1.188,-2.293,-5.105,2.602,2.742,1.218,1.371,0,NULL,NULL,,3,0,2,7,255,1386,250,0,0
stim,179884,210005,0,210005,3407339.455,-0.654,0.077,-0.242,0.713,0,0,1,0,0,0,0,148,42,0.936,1,2226,0,345.486,2.591,161.750,304.688,-19.063,0.035,0.035,0.625,-1.207,-2.293,-4.457,2.628,2.768,1.218,1.371,0,NULL,NULL,,3,0,2,7,255,1386,250,0,0
stim,179932,210053,0,210053,3407344.453,-0.657,0.073,-0.228,0.715,0,0,2,0,0,0,0,151,42,0.936,1,2226,0,358.740,3.138,190.063,303.625,-19.563,-0.121,0.109,0.824,-1.922,-2.480,-4.234,2.648,2.790,1.218,1.371,0,NULL,NULL,,3,0,2,7,255,1386,250,0,0
stim,179932,210053,0,210053,3407349.455,-0.661,0.070,-0.213,0.717,0,0,3,0,0,0,0,146,42,0.936,1,2226,0,368.367,5.351,207.813,303.000,-26.438,-0.090,0.074,1.035,-2.789,-4.566,-3.488,2.668,2.810,1.218,1.371,0,NULL,NULL,,3,0,2,7,255,1386,250,0,0
stim,179932,210053,0,210053,3407354.454,-0.664,0.067,-0.197,0.718,0,0,3,0,0,0,0,141,42,0.936,1,2226,0,369.829,5.672,212.000,301.938,-25.750,-0.148,0.125,1.281,-2.813,-4.926,-1.281,2.686,2.830,1.218,1.371,0,NULL,NULL,,3,0,2,7,255,1386,250,0,0
stim,179932,210053,0,210053,3407359.455,-0.667,0.064,-0.182,0.720,0,0,1,0,0,0,0,141,42,0.936,1,2226,0,364.857,7.091,201.938,302.375,-30.188,-0.137,0.184,1.469,-3.566,-6.129,0.773,2.706,2.850,1.218,1.371,0,NULL,NULL,,3,0,2,7,255,1386,250,0,0
stim,179932,210053,0,210053,3407364.453,-0.670,0.060,-0.167,0.721,0,0,3,0,0,0,0,153,42,0.936,1,2226,0,353.845,7.697,185.750,299.813,-28.563,-0.137,0.207,1.570,-4.336,-6.359,2.598,2.726,2.870,1.218,1.371,0,NULL,NULL,,3,0,2,7,255,1386,250,0,0
stim,179932,210053,0,210053,3407369.455,-0.673,0.056,-0.153,0.722,0,0,5,0,0,0,0,156,42,0.936,1,2226,0,345.035,7.697,171.063,298.250,-28.875,-0.094,0.160,1.617,-4.336,-6.359,3.738,2.748,2.892,1.218,1.371,0,NULL,NULL,,3,0,2,7,255,1386,250,0,0
stim,179952,210073,0,210073,3407374.454,-0.675,0.052,-0.139,0.722,0,0,2,0,0,0,0,159,42,0.936,1,2226,0,335.068,7.054,155.625,295.375,-28.375,-0.102,0.188,1.660,-4.168,-5.691,4.582,2.774,2.920,1.218,1.371,0,NULL,NULL,,3,0,2,7,255,1386,250,0,0
stim,179952,210073,0,210073,3407379.455,-0.678,0.047,-0.126,0.722,0,0,0,0,0,0,0,159,42,0.936,1,2226,0,326.898,6.808,139.500,293.250,-37.500,-0.055,0.156,1.656,-4.023,-5.492,5.102,2.800,2.946,1.218,1.371,0,NULL,NULL,,3,0,2,7,255,1386,250,0,0
stim,179952,210073,0,210073,3407384.454,-0.681,0.042,-0.113,0.722,0,0,3,0,0,0,0,165,42,0.936,1,2226,0,319.978,5.957,131.000,290.125,-32.438,0.090,0.027,1.594,-3.730,-4.645,5.426,2.828,2.976,1.218,1.371,0,NULL,NULL,,3,0,2,7,255,1386,250,0,0
stim,179952,210073,0,210073,3407389.455,-0.683,0.037,-0.101,0.723,0,0,6,0,0,0,0,163,42,0.936,1,2226,0,313.192,4.014,126.063,285.875,-21.750,0.027,0.090,1.594,-2.785,-2.891,5.426,2.854,3.000,1.218,1.371,0,NULL,NULL,,3,0,2,7,255,1386,250,0,0
stim,179952,210073,0,210073,3407394.453,-0.685,0.032,-0.088,0.722,0,0,2,0,0,0,0,165,42,0.936,1,2226,0,308.544,3.582,121.750,282.375,-25.313,0.020,0.070,1.551,-2.398,-2.660,5.332,2.876,3.022,1.218,1.371,0,NULL,NULL,,3,0,2,7,255,1386,250,0,0
stim,179952,210073,0,210073,3407399.455,-0.687,0.027,-0.076,0.722,0,0,3,0,0,0,0,165,42,0.936,1,2226,0,305.412,3.473,121.000,279.000,-28.188,0.074,0.059,1.523,-2.398,-2.512,5.023,2.896,3.044,1.218,1.371,0,NULL,NULL,,3,0,2,7,255,1386,250,0,0
stim,179975,210096,0,210096,3407404.454,-0.689,0.022,-0.063,0.722,0,0,5,0,0,0,0,170,42,0.936,1,2226,0,301.873,2.673,120.438,276.000,-21.125,0.121,0.074,1.539,-2.180,-1.547,5.023,2.914,3.060,1.218,1.371,0,NULL,NULL,,3,0,2,7,255,1386,250,0,0
stim,179975,210096,0,210096,3407409.455,-0.690,0.017,-0.051,0.722,0,0,8,0,0,0,0,180,42,0.936,1,2226,0,299.029,2.273,121.125,273.063,-13.563,0.078,0.082,1.547,-2.129,-0.797,5.191,2.928,3.076,1.218,1.371,0,NULL,NULL,,3,0,2,7,255,1386,250,0,0
stim,179975,210096,0,210096,3407414.453,-0.691,0.012,-0.039,0.722,0,0,6,0,0,0,0,175,42,0.936,1,2226,0,295.612,2.255,120.750,269.500,-13.250,0.012,0.098,1.609,-2.109,-0.797,5.223,2.942,3.092,1.218,1.371,0,NULL,NULL,,3,0,2,7,255,1386,250,0,0
stim,179975,210096,0,210096,3407419.455,-0.692,0.007,-0.027,0.721,0,0,10,0,0,0,0,167,42,0.936,1,2226,0,291.627,2.237,116.438,266.875,-16.313,0.012,0.035,1.652,-2.090,-0.797,5.824,2.954,3.102,1.218,1.371,0,NULL,NULL,,3,0,2,7,255,1386,250,0,0
stim,179975,210096,0,210096,3407424.454,-0.693,0.003,-0.016,0.721,0,0,8,0,0,0,0,167,42,0.936,1,2226,0,285.163,1.733,113.813,261.250,-10.625,0.008,0.070,1.668,-1.563,-0.750,6.313,2.962,3.110,1.218,1.371,0,NULL,NULL,,3,0,2,7,255,1386,250,0,0
stim,179975,210096,0,210096,3407429.455,-0.694,-0.002,-0.004,0.720,0,0,7,0,0,0,0,165,42,0.936,1,2226,0,279.580,1.624,105.875,258.688,-6.000,0.066,0.094,1.707,-1.563,-0.441,6.488,2.968,3.118,1.218,1.371,0,NULL,NULL,,3,0,2,7,255,1386,250,0,0
stim,180009,210130,0,210130,3407434.454,-0.694,-0.007,0.007,0.720,0,0,7,0,0,0,0,163,42,0.936,1,2226,0,272.223,1.593,105.000,251.125,4.063,0.012,0.059,1.527,-1.563,0.313,6.488,2.974,3.124,1.218,1.371,0,NULL,NULL,,3,0,2,7,255,1386,250,0,0
stim,180009,210130,0,210130,3407439.455,-0.694,-0.011,0.018,0.720,0,0,9,0,0,0,0,165,42,0.936,1,2226,0,277.081,1.186,127.250,246.125,2.000,-0.051,0.070,1.590,-1.145,0.313,5.754,2.976,3.126,1.218,1.371,0,NULL,NULL,,3,0,2,7,255,1386,250,0,0
stim,180034,210155,0,210155,3407444.453,-0.694,-0.014,0.029,0.719,0,0,9,0,0,0,0,169,42,0.936,1,2226,0,273.860,1.186,126.063,243.063,-5.313,-0.008,0.125,1.766,-1.145,0.313,5.754,2.976,3.126,1.218,1.371,0,NULL,NULL,,3,0,2,7,255,1386,250,0,0
stim,180034,210155,0,210155,3407449.455,-0.694,-0.018,0.040,0.718,0,0,7,0,0,0,0,165,42,0.936,1,2226,0,266.298,1.485,115.625,239.875,-2.313,0.078,0.105,1.750,-1.180,0.902,7.207,2.972,3.124,1.218,1.371,0,NULL,NULL,,3,0,2,7,255,1386,250,0,0
stim,180034,210155,0,210155,3407454.454,-0.694,-0.022,0.051,0.718,0,0,14,0,0,0,0,167,42,0.936,1,2226,0,267.167,2.390,124.438,236.188,10.438,0.113,0.031,1.660,-1.180,2.078,7.207,2.970,3.120,1.218,1.371,0,NULL,NULL,,3,0,2,7,255,1386,250,0,0
stim,180034,210155,0,210155,3407459.455,-0.693,-0.025,0.063,0.718,0,0,11,0,0,0,0,167,42,0.936,1,2226,0,272.866,2.688,137.000,235.438,16.000,0.055,0.102,1.773,-0.746,2.582,7.207,2.966,3.118,1.218,1.371,0,NULL,NULL,,3,0,2,7,255,1386,250,0,0
stim,180034,210155,0,210155,3407464.453,-0.692,-0.028,0.074,0.717,0,0,16,0,0,0,0,171,42,0.936,1,2226,0,273.704,2.800,137.250,236.313,15.250,0.113,0.117,1.820,-0.730,2.703,7.406,2.962,3.112,1.218,1.371,0,NULL,NULL,,3,0,2,7,255,1386,250,0,0
stim,180034,210155,0,210155,3407469.455,-0.691,-0.031,0.085,0.717,0,0,13,0,0,0,0,167,42,0.936,1,2226,0,275.532,3.648,137.938,237.438,22.688,0.164,0.133,1.844,-0.730,3.574,7.738,2.952,3.104,1.218,1.371,0,NULL,NULL,,3,0,2,7,255,1386,250,0,0
stim,180034,210155,0,210155,3407474.454,-0.690,-0.034,0.097,0.717,0,0,11,0,0,0,0,164,42,0.936,1,2226,0,277.581,4.518,138.688,238.938,26.938,0.188,0.141,1.859,-0.691,4.465,7.813,2.942,3.092,1.218,1.371,0,NULL,NULL,,3,0,2,7,255,1386,250,0,0
stim,180034,210155,0,210155,3407479.455,-0.688,-0.037,0.109,0.716,0,0,16,0,0,0,0,169,42,0.936,1,2226,0,280.945,5.116,142.625,240.000,31.438,0.246,0.129,1.871,-0.555,5.086,7.813,2.928,3.080,1.218,1.371,0,NULL,NULL,,3,0,2,7,255,1386,250,0,0
stim,180034,210155,0,210155,3407484.454,-0.686,-0.040,0.120,0.716,0,0,13,0,0,0,0,167,42,0.936,1,2226,0,283.388,6.057,145.125,240.750,35.875,0.309,0.125,1.902,-0.273,6.051,7.738,2.912,3.062,1.218,1.371,0,NULL,NULL,,3,0,2,7,255,1386,250,0,0
stim,180034,210155,0,210155,3407489.455,-0.684,-0.043,0.132,0.716,0,0,16,0,0,0,0,171,42,0.936,1,2226,0,284.314,7.082,145.063,241.188,40.250,0.387,0.125,1.914,-0.059,7.082,7.699,2.892,3.044,1.218,1.371,0,NULL,NULL,,3,0,2,7,255,1386,250,0,0
stim,180064,210185,0,210185,3407494.453,-0.682,-0.046,0.144,0.716,0,0,12,0,0,0,0,160,42,0.936,1,2226,0,285.633,8.231,145.625,241.125,47.313,0.398,0.086,1.855,0.109,8.230,7.484,2.872,3.022,1.218,1.371,0,NULL,NULL,,3,0,2,7,255,1386,250,0,0
stim,180064,210185,0,210185,3407499.455,-0.679,-0.048,0.157,0.716,0,0,7,0,0,0,0,179,42,0.936,1,2226,0,303.918,8.574,185.188,230.438,70.500,0.281,0.063,2.328,0.637,8.551,7.484,2.844,2.994,1.218,1.371,0,NULL,NULL,,3,0,2,7,255,1386,250,0,0
stim,180064,210185,0,210185,3407504.453,-0.674,-0.044,0.171,0.717,0,0,9,0,0,0,0,190,42,0.936,1,2226,0,356.676,9.171,282.938,179.625,122.063,0.383,0.586,3.691,0.637,9.148,11.184,2.814,2.964,1.218,1.371,0,NULL,NULL,,3,0,2,7,255,1386,250,0,0
stim,180064,210185,0,210185,3407509.455,-0.672,-0.051,0.178,0.717,0,0,9,0,0,0,0,213,42,0.936,1,2226,0,219.677,14.276,7.375,217.688,28.563,0.465,-0.223,3.105,1.691,14.176,16.938,2.780,2.930,1.218,1.371,0,NULL,NULL,,3,0,2,7,255,1386,250,0,0
stim,180064,210185,0,210185,3407514.454,-0.669,-0.062,0.181,0.718,0,0,10,0,0,0,0,211,42,0.936,1,2226,0,268.407,14.702,-138.125,228.313,28.938,0.648,-0.305,1.371,3.898,14.176,16.938,2.742,2.890,1.218,1.371,0,NULL,NULL,,3,0,2,7,255,1386,250,0,0
stim,180064,210185,0,210185,3407519.455,-0.666,-0.070,0.186,0.719,0,0,11,0,0,0,0,180,42,0.936,1,2226,0,244.508,11.325,-51.188,233.750,50.250,0.926,0.086,0.301,3.898,10.633,0.156,2.700,2.848,1.218,1.371,0,NULL,NULL,,3,0,2,7,255,1386,250,0,0
stim,180094,210215,0,210215,3407524.454,-0.663,-0.073,0.196,0.719,0,0,12,0,0,0,0,181,42,0.936,1,2226,0,260.037,9.663,122.750,222.500,55.188,0.836,-0.137,0.551,0.980,9.613,-8.086,2.658,2.806,1.218,1.371,0,NULL,NULL,,3,0,2,7,255,1386,250,0,0
stim,180094,210215,0,210215,3407529.455,-0.660,-0.073,0.210,0.718,0,0,13,0,0,0,0,171,42,0.936,1,2226,0,308.329,9.663,213.938,212.625,63.938,0.711,-0.672,1.328,0.980,9.613,-8.086,2.612,2.758,1.218,1.371,0,NULL,NULL,,3,0,2,7,255,1386,250,0,0
stim,180094,210215,0,210215,3407534.454,-0.656,-0.073,0.222,0.718,0,0,8,0,0,0,0,169,42,0.936,1,2226,0,303.446,13.950,212.000,197.000,91.250,0.797,-0.695,2.047,7.371,11.844,-1.824,2.562,2.708,1.218,1.371,0,NULL,NULL,,3,0,2,7,255,1386,250,0,0
stim,180094,210215,0,210215,3407539.455,-0.651,-0.073,0.233,0.719,0,0,10,0,0,0,0,168,42,0.936,1,2226,0,268.795,16.165,155.625,189.375,110.313,0.762,-0.473,1.773,7.371,14.387,1.570,2.510,2.656,1.218,1.371,0,NULL,NULL,,3,0,2,7,255,1386,250,0,0
stim,180132,210253,0,210253,3407544.453,-0.646,-0.073,0.244,0.719,0,0,18,0,0,0,0,173,42,0.936,1,2226,0,268.684,15.708,165.313,179.188,112.938,0.512,-0.066,1.375,6.305,14.387,1.570,2.456,2.602,1.218,1.371,0,NULL,NULL,,3,0,2,7,255,1386,250,0,0
stim,180132,210253,0,210253,3407549.455,-0.643,-0.072,0.255,0.719,0,0,12,0,0,0,0,173,42,0.936,1,2226,0,283.585,11.215,206.563,172.750,88.938,0.539,0.000,1.418,2.188,11.000,-0.047,2.400,2.544,1.218,1.371,0,NULL,NULL,,3,0,2,7,255,1386,250,0,0
stim,180132,210253,0,210253,3407554.453,-0.639,-0.070,0.267,0.718,0,0,19,0,0,0,0,191,42,0.936,1,2226,0,289.601,11.215,226.500,165.313,72.375,0.547,-0.172,1.750,2.188,11.000,-0.047,2.342,2.486,1.218,1.371,0,NULL,NULL,,3,0,2,7,255,1386,250,0,0
stim,180132,210253,0,210253,3407559.455,-0.637,-0.069,0.278,0.716,0,0,20,0,0,0,0,217,42,0.936,1,2226,0,267.479,13.530,209.750,157.188,53.313,0.574,-0.355,1.961,4.242,12.848,2.047,2.280,2.424,1.218,1.371,0,NULL,NULL,,3,0,2,7,255,1386,250,0,0
stim,180132,210253,0,210253,3407564.454,-0.634,-0.068,0.288,0.714,0,0,25,0,0,0,0,234,42,0.936,1,2226,0,228.275,15.822,170.750,147.813,33.250,0.680,-0.453,2.020,6.594,14.383,2.285,2.218,2.364,1.218,1.371,0,NULL,NULL,,3,0,2,7,255,1386,250,0,0
stim,180132,210253,0,210253,3407569.455,-0.632,-0.069,0.296,0.713,0,0,22,0,0,0,0,250,42,0.936,1,2226,0,192.510,17.508,131.438,137.688,28.750,0.918,-0.574,1.797,7.613,15.766,2.285,2.156,2.300,1.218,1.371,0,NULL,NULL,,3,0,2,7,255,1386,250,0,0
stim,180132,210253,0,210253,3407574.454,-0.630,-0.069,0.303,0.712,0,0,23,0,0,0,0,264,42,0.936,1,2226,0,176.535,17.942,117.438,127.313,34.125,0.980,-0.609,1.547,7.613,16.246,-1.266,2.090,2.236,1.218,1.371,0,NULL,NULL,,3,0,2,7,255,1386,250,0,0
stim,180132,210253,0,210253,3407579.455,-0.628,-0.069,0.310,0.710,0,0,22,0,0,0,0,299,42,0.936,1,2226,0,168.661,18.036,117.813,117.563,27.313,1.066,-0.527,1.430,7.527,16.391,-3.973,2.020,2.166,1.218,1.371,0,NULL,NULL,,3,0,2,7,255,1386,250,0,0
stim,180132,210253,0,210253,3407584.454,-0.626,-0.069,0.317,0.709,0,0,21,0,0,0,0,330,42,0.936,1,2226,0,165.067,18.036,124.438,106.188,22.063,1.117,-0.707,1.332,7.527,16.391,-5.305,1.946,2.094,1.218,1.371,0,NULL,NULL,,3,0,2,7,255,1386,250,0,0
stim,180132,210253,0,210253,3407589.455,-0.626,-0.069,0.323,0.707,0,0,19,0,0,0,0,348,42,0.936,1,2226,0,153.518,18.113,118.750,97.000,-7.563,1.145,-0.703,1.430,7.684,16.402,-6.707,1.870,2.018,1.218,1.371,0,NULL,NULL,,3,0,2,7,255,1386,250,0,0
stim,180162,210283,0,210283,3407594.453,-0.626,-0.069,0.329,0.704,0,0,19,0,0,0,0,363,42,0.936,1,2226,0,141.563,18.889,109.750,85.813,-25.125,1.449,-0.801,1.340,7.938,17.141,-7.133,1.792,1.938,1.218,1.371,0,NULL,NULL,,3,0,2,7,255,1386,250,0,0
stim,180162,210283,0,210283,3407599.455,-0.625,-0.068,0.334,0.702,0,0,21,0,0,0,0,382,42,0.936,1,2226,0,136.005,20.807,113.438,73.063,-17.063,1.609,-0.855,1.289,8.066,19.180,-9.508,1.710,1.858,1.218,1.371,0,NULL,NULL,,3,0,2,7,255,1386,250,0,0
stim,180162,210283,0,210283,3407604.453,-0.625,-0.067,0.340,0.700,0,0,20,0,0,0,0,402,42,0.936,1,2226,0,134.190,21.772,120.250,59.000,-8.125,1.641,-0.887,1.309,8.164,20.184,-11.129,1.626,1.774,1.218,1.371,0,NULL,NULL,,3,0,2,7,255,1386,250,0,0
stim,180162,210283,0,210283,3407609.455,-0.625,-0.065,0.344,0.697,0,0,19,0,0,0,0,409,42,0.936,1,2226,0,129.038,22.197,121.000,43.813,-9.500,1.625,-0.852,1.371,8.492,20.508,-11.129,1.538,1.686,1.218,1.371,0,NULL,NULL,,3,0,2,7,255,1386,250,0,0
stim,180183,210304,0,210304,3407614.455,-0.626,-0.063,0.349,0.695,0,0,21,0,0,0,0,412,42,0.936,1,2226,0,121.506,22.327,117.250,27.750,-15.688,1.637,-0.797,1.461,8.492,20.648,-10.965,1.446,1.594,1.218,1.371,0,NULL,NULL,,3,0,2,7,255,1386,250,0,0
stim,180183,210304,0,210304,3407619.454,-0.626,-0.061,0.352,0.693,0,0,23,0,0,0,0,409,42,0.936,1,2226,0,107.186,22.794,105.000,10.375,-18.875,1.625,-0.699,1.598,8.348,21.211,-10.320,1.352,1.500,1.218,1.371,0,NULL,NULL,,3,0,2,7,255,1386,250,0,0
stim,180183,210304,0,210304,3407624.455,-0.627,-0.058,0.354,0.691,0,0,22,0,0,0,0,411,42,0.936,1,2226,0,87.655,23.296,85.500,-8.313,-17.438,1.590,-0.625,1.734,8.074,21.852,-8.996,1.254,1.400,1.218,1.371,0,NULL,NULL,,3,0,2,7,255,1386,250,0,0
stim,180183,210304,0,210304,3407629.455,-0.628,-0.056,0.355,0.690,0,0,21,0,0,0,0,412,42,0.936,1,2226,0,66.065,23.674,58.938,-26.125,-14.438,1.512,-0.551,1.855,8.043,22.266,-7.590,1.152,1.300,1.218,1.371,0,NULL,NULL,,3,0,2,7,255,1386,250,0,0
stim,180183,210304,0,210304,3407634.454,-0.629,-0.054,0.355,0.689,0,0,21,0,0,0,0,423,42,0.936,1,2226,0,49.144,23.672,21.375,-41.938,-14.125,1.402,-0.438,1.934,8.039,22.266,-6.043,1.052,1.196,1.218,1.371,0,NULL,NULL,,3,0,2,7,255,1386,250,0,0
stim,180183,210304,0,210304,3407639.455,-0.631,-0.053,0.353,0.689,0,0,3,0,0,0,0,473,42,0.936,1,2226,0,63.610,23.107,-19.125,-55.500,-24.500,1.242,-0.395,1.902,7.570,21.832,-4.410,0.948,1.090,1.218,1.371,0,NULL,NULL,,3,0,2,7,255,1386,250,0,0
stim,180229,210350,0,210350,3407644.453,-0.630,-0.043,0.354,0.690,75,0,0,284,0,6,0,585,42,0.936,1,2226,0,255.383,23.107,180.125,-145.438,107.813,0.660,-0.715,3.859,7.570,21.832,-3.523,0.846,0.984,1.218,1.371,0,NULL,NULL,,3,0,2,7,255,1386,250,0,0
stim,180229,210350,0,210350,3407649.455,-0.628,-0.021,0.357,0.691,693,0,0,933,0,107,0,619,42,0.936,1,2226,0,491.250,29.479,342.125,-284.125,208.688,1.207,1.383,7.563,14.301,25.777,12.711,0.744,0.878,1.218,1.371,0,NULL,NULL,,3,0,2,7,255,1386,250,0,0
stim,180251,210372,0,210372,3407654.453,-0.624,-0.034,0.334,0.705,1201,0,0,1373,0,303,0,683,42,0.936,1,2226,0,703.818,29.479,-677.438,-111.500,154.938,-0.348,0.777,4.320,14.301,25.777,28.215,0.648,0.774,1.218,1.371,0,NULL,NULL,,3,0,2,7,255,1386,250,0,0
stim,180251,210372,0,210372,3407659.455,-0.616,-0.054,0.298,0.727,1672,0,0,1749,0,544,0,749,42,0.936,1,2226,0,1078.487,20.399,-1035.813,-158.750,255.000,0.191,2.609,0.258,8.090,18.727,28.215,0.558,0.674,1.218,1.371,0,NULL,NULL,,3,0,2,7,255,1386,250,0,0
stim,180251,210372,0,210372,3407664.454,-0.608,-0.065,0.274,0.742,2005,0,0,1944,0,745,0,792,42,0.936,1,2227,0,716.916,23.866,-665.188,-124.750,236.500,-0.445,2.453,-2.227,-23.852,0.824,0.156,0.472,0.578,1.218,1.371,1,1469.000,83.000,,3,0,2,7,255,1386,250,0,0
stim,180251,210372,0,210372,3407669.455,-0.604,-0.065,0.264,0.749,2229,0,0,2074,0,943,0,859,42,0.936,1,2227,0,306.485,29.516,-220.188,-134.313,165.563,-1.293,0.281,-1.816,-23.852,-17.387,-19.055,0.400,0.490,1.218,1.371,1,NULL,NULL,,3,0,2,7,255,1386,250,0,0
stim,180251,210372,0,210372,3407674.454,-0.601,-0.058,0.262,0.752,2422,0,0,2188,0,1123,0,939,42,0.936,1,2227,0,180.072,17.608,43.125,-135.688,110.250,-0.918,-0.867,0.387,-2.785,-17.387,-19.055,0.340,0.404,1.218,1.371,1,NULL,NULL,,3,0,2,7,255,1386,250,0,0
stim,180251,210372,0,210372,3407679.455,-0.599,-0.052,0.260,0.755,2595,0,0,2401,0,1246,0,1003,42,0.936,1,2227,0,155.959,5.601,22.625,-115.625,102.188,-0.152,0.734,1.781,-2.785,-4.859,-5.441,0.294,0.322,1.218,1.371,1,NULL,NULL,,3,0,2,7,255,1386,250,0,0
stim,180251,210372,0,210372,3407684.454,-0.595,-0.049,0.256,0.760,2735,0,0,2603,0,1270,0,1052,42,0.936,1,2227,0,199.531,3.753,-76.688,-98.750,155.500,-0.172,2.066,1.723,-2.887,2.398,8.133,0.280,0.250,1.218,1.371,2,NULL,NULL,,3,0,2,7,255,1386,250,0,0
stim,180251,210372,0,210372,3407689.455,-0.586,-0.047,0.246,0.770,2843,0,0,2735,0,1272,0,1141,42,0.936,1,2227,0,380.741,3.753,-208.063,-142.125,285.438,-1.547,0.125,1.238,-2.887,2.398,8.133,0.290,0.206,1.218,1.371,2,NULL,NULL,,3,0,2,7,255,1386,250,0,0
stim,180251,210372,0,210372,3407694.454,-0.581,-0.048,0.232,0.779,2907,0,0,2839,0,1279,0,1243,42,0.936,1,2227,0,402.395,10.197,-322.313,-158.125,181.750,-2.297,-1.023,0.348,5.715,-8.445,6.762,0.316,0.190,1.218,1.371,2,NULL,NULL,,3,0,2,7,255,1386,250,0,0
stim,180251,210372,0,210372,3407699.455,-0.582,-0.047,0.220,0.781,2953,0,0,2907,0,1267,0,1337,42,0.936,1,2227,0,263.178,17.696,-197.063,-174.188,-9.375,-1.688,-0.520,-0.379,9.352,-15.023,-1.758,0.342,0.218,1.218,1.371,2,NULL,NULL,,3,0,2,7,255,1386,250,0,0
stim,180291,210412,0,210412,3407704.453,-0.587,-0.043,0.215,0.779,2980,0,0,2965,0,1264,0,1431,42,0.936,1,2227,0,207.667,17.696,-29.938,-180.250,-98.688,-0.473,0.012,0.613,9.352,-15.023,-2.809,0.368,0.254,1.218,1.371,2,NULL,NULL,,3,0,2,7,255,1386,250,0,0
stim,180291,210412,0,210412,3407709.455,-0.593,-0.038,0.210,0.777,3021,0,0,3016,0,1285,0,1486,42,0.936,1,2227,0,209.393,2.915,2.813,-173.125,-117.750,0.285,-0.020,1.684,2.164,-1.953,-2.809,0.394,0.290,1.218,1.371,2,NULL,NULL,,3,0,2,7,255,1386,250,0,0
stim,180291,210413,0,210413,3407714.454,-0.596,-0.035,0.203,0.776,3027,0,0,3055,0,1343,0,1518,42,0.936,1,2227,0,187.885,8.801,-78.000,-152.063,-78.063,0.621,-0.414,2.020,2.164,8.531,4.426,0.420,0.320,1.218,1.371,2,NULL,NULL,,3,0,2,7,255,1386,250,0,0
stim,180291,210413,0,210413,3407719.455,-0.597,-0.036,0.193,0.777,3043,0,0,3097,0,1419,0,1556,42,0.936,1,2227,0,227.873,14.277,-185.938,-131.438,-8.813,0.668,-1.063,1.777,5.129,13.324,4.426,0.436,0.342,1.218,1.371,2,NULL,NULL,,3,0,2,7,255,1386,250,0,0
stim,180291,210413,0,210413,3407724.454,-0.596,-0.037,0.183,0.781,3059,0,0,3109,0,1479,0,1573,42,0.936,1,2227,0,264.362,16.945,-231.063,-117.250,52.438,0.234,-1.180,0.902,10.469,13.324,2.133,0.440,0.358,1.218,1.371,2,NULL,NULL,,3,0,2,7,255,1386,250,0,0
stim,180291,210413,0,210413,3407729.455,-0.594,-0.037,0.174,0.784,3063,0,0,3125,0,1583,0,1629,42,0.936,1,2227,0,220.610,12.928,-170.688,-119.188,73.000,-0.379,-0.797,0.402,10.469,7.586,-4.621,0.426,0.366,1.218,1.371,2,NULL,NULL,,3,0,2,7,255,1386,250,0,0
stim,180292,210413,0,210413,3407734.453,-0.594,-0.035,0.168,0.786,3079,0,0,3147,0,1694,0,1683,42,0.936,1,2227,0,158.933,8.889,-89.125,-127.500,32.563,-0.613,-0.262,0.707,8.883,-0.332,-4.621,0.406,0.372,1.218,1.371,2,NULL,NULL,,3,0,2,7,255,1386,250,0,0
stim,180292,210413,0,210413,3407739.455,-0.594,-0.032,0.162,0.787,3089,0,0,3147,0,1804,0,1741,42,0.936,1,2227,0,142.224,4.917,-64.750,-126.625,1.063,-0.266,0.078,1.141,4.906,-0.332,-2.223,0.382,0.374,1.218,1.371,2,NULL,NULL,,3,0,2,7,255,1386,250,0,0
stim,180334,210455,0,210455,3407744.454,-0.595,-0.030,0.156,0.788,3069,0,0,3154,29,1903,0,1783,42,0.936,1,2227,0,148.853,1.324,-84.563,-122.500,-0.188,-0.176,0.172,1.277,1.211,0.535,1.586,0.360,0.366,1.218,1.371,2,NULL,NULL,,3,0,2,7,255,1386,250,0,0
stim,180334,210455,0,210455,3407749.455,-0.596,-0.029,0.149,0.789,3079,0,0,3163,107,1975,0,1823,42,0.936,1,2227,0,153.786,1.809,-102.500,-114.313,-8.750,-0.078,-0.020,1.129,1.211,1.344,1.586,0.332,0.338,1.218,1.371,2,NULL,NULL,,3,0,2,7,255,1386,250,0,0
stim,180334,210455,0,210455,3407754.453,-0.596,-0.028,0.143,0.789,3083,0,0,3162,192,2059,0,1855,42,0.936,1,2227,0,147.081,2.631,-99.750,-107.813,-7.688,0.047,-0.281,0.965,1.449,2.195,0.926,0.304,0.302,1.218,1.371,2,NULL,NULL,,3,0,2,7,255,1386,250,0,0
stim,180334,210455,0,210455,3407759.455,-0.597,-0.026,0.138,0.790,3080,0,0,3167,359,2137,4,1939,42,0.936,1,2227,0,132.657,4.782,-83.438,-103.125,1.188,0.059,-0.395,0.898,3.316,3.445,-1.254,0.276,0.260,1.218,1.371,2,NULL,NULL,,3,0,2,7,255,1386,250,0,0
stim,180334,210455,0,210455,3407764.453,-0.597,-0.025,0.133,0.791,3077,0,0,3163,536,2200,83,2012,42,0.936,1,2227,0,117.217,4.782,-63.750,-98.125,6.875,0.059,-0.273,0.934,3.316,3.445,-1.488,0.250,0.226,1.218,1.371,2,NULL,NULL,,3,0,2,7,255,1386,250,0,0
stim,180334,210455,0,210455,3407769.455,-0.598,-0.023,0.130,0.791,3089,0,0,3160,687,2253,108,2087,42,0.936,1,2227,0,81.463,4.778,-27.188,-76.563,-5.938,0.082,0.031,1.410,3.121,3.617,-1.488,0.228,0.198,1.218,1.371,2,NULL,NULL,,3,0,2,7,255,1386,250,0,0
stim,180334,210455,0,210455,3407774.454,-0.599,-0.022,0.128,0.790,3087,0,0,3159,873,2285,85,2136,42,0.936,1,2227,0,55.261,3.793,-17.938,-42.313,-30.688,0.371,0.289,1.270,0.617,3.742,1.996,0.208,0.178,1.218,1.371,2,NULL,NULL,,3,0,2,7,255,1386,250,0,0
stim,180334,210455,0,210455,3407779.455,-0.599,-0.021,0.127,0.790,3089,0,0,3163,969,2312,87,2179,42,0.936,1,2227,0,37.381,4.971,-13.063,-34.750,-4.375,0.352,0.672,1.258,-2.703,4.172,2.488,0.200,0.166,1.218,1.371,2,NULL,NULL,,3,0,2,7,255,1386,250,0,0
stim,180334,210455,0,210455,3407784.453,-0.600,-0.021,0.125,0.790,3081,0,0,3155,1077,2335,84,2213,42,0.936,1,2227,0,47.208,5.917,-36.563,-23.875,-17.938,-0.211,0.641,1.555,-4.195,4.172,2.488,0.194,0.154,1.218,1.371,2,NULL,NULL,,3,0,2,7,255,1386,250,0,0
stim,180334,210455,0,210455,3407789.455,-0.601,-0.023,0.122,0.789,3095,0,0,3155,1135,2355,87,2251,42,0.936,1,2227,0,97.910,4.208,-85.063,-13.938,-46.438,-0.219,0.285,1.102,-4.195,-0.320,2.488,0.194,0.142,1.218,1.371,2,NULL,NULL,,3,0,2,7,255,1386,250,0,0
stim,180364,210485,0,210485,3407794.454,-0.603,-0.024,0.119,0.788,3079,0,0,3161,1189,2381,84,2280,42,0.936,1,2227,0,92.590,1.351,-70.625,-15.813,-57.750,-0.156,0.105,0.809,-1.313,-0.320,1.453,0.194,0.132,1.218,1.371,2,NULL,NULL,,3,0,2,7,255,1386,250,0,0
stim,180364,210485,0,210485,3407799.455,-0.606,-0.025,0.117,0.787,3087,0,0,3157,1263,2387,85,2312,42,0.936,1,2227,0,84.253,0.130,-35.750,-12.188,-75.313,-0.082,-0.008,0.934,-0.086,-0.098,-0.758,0.196,0.122,1.218,1.371,2,NULL,NULL,,3,0,2,7,255,1386,250,0,0
stim,180364,210485,0,210485,3407804.454,-0.609,-0.026,0.115,0.785,3079,8,0,3157,1337,2397,83,2324,42,0.936,1,2227,0,84.219,1.105,-31.688,-11.438,-77.188,0.000,0.129,1.145,-0.086,1.102,-0.758,0.198,0.112,1.218,1.371,2,NULL,NULL,,3,0,2,7,255,1386,250,0,0
stim,180364,210485,0,210485,3407809.455,-0.611,-0.027,0.113,0.783,3077,19,0,3163,1395,2413,85,2348,42,0.936,1,2227,0,80.107,2.007,-50.750,-6.625,-61.625,0.078,0.141,1.078,-0.523,1.938,0.539,0.202,0.104,1.218,1.371,2,NULL,NULL,,3,0,2,7,255,1386,250,0,0
stim,180364,210485,0,210485,3407814.453,-0.612,-0.028,0.110,0.783,3081,43,0,3163,1467,2423,83,2364,42,0.936,1,2227,0,71.858,2.007,-59.750,-6.563,-39.375,-0.016,0.023,0.922,-0.523,1.938,0.539,0.212,0.094,1.218,1.371,2,NULL,NULL,,3,0,2,7,255,1386,250,0,0
stim,180364,210485,0,210485,3407819.455,-0.613,-0.030,0.109,0.782,3081,55,0,3161,1519,2439,77,2381,42,0.936,1,2227,0,63.515,1.552,-47.625,-2.688,-41.938,-0.184,0.098,0.914,-0.051,1.551,-0.633,0.226,0.082,1.218,1.371,2,NULL,NULL,,3,0,2,7,255,1386,250,0,0
stim,180393,210514,0,210514,3407824.454,-0.615,-0.031,0.107,0.780,3093,57,0,3166,1554,2445,75,2399,42,0.936,1,2227,0,69.652,0.056,-31.625,-3.875,-61.938,-0.164,0.125,0.945,-0.051,-0.023,-0.633,0.242,0.066,1.218,1.371,2,NULL,NULL,,3,0,2,7,255,1386,250,0,0
stim,180393,210514,0,210514,3407829.455,-0.618,-0.032,0.106,0.778,3093,75,0,3180,1585,2463,63,2413,42,0.936,1,2227,0,78.949,0.372,-29.188,3.938,-73.250,-0.059,0.199,1.125,-0.371,-0.023,-0.348,0.254,0.056,1.218,1.371,2,NULL,NULL,,3,0,2,7,255,1386,250,0,0
stim,180393,210514,0,210514,3407834.454,-0.620,-0.033,0.104,0.777,3089,87,5,3171,1599,2475,60,2412,42,0.936,1,2227,0,76.310,1.196,-48.188,2.313,-59.125,0.051,0.020,1.031,-0.371,1.137,-0.004,0.266,0.046,1.218,1.371,2,NULL,NULL,,3,0,2,7,255,1386,250,0,0
stim,180393,210514,0,210514,3407839.455,-0.621,-0.034,0.103,0.776,3099,103,10,3179,1637,2486,59,2431,42,0.936,1,2227,0,54.901,1.733,-44.750,1.875,-31.750,-0.020,-0.133,0.875,0.090,1.730,-0.004,0.272,0.040,1.218,1.371,2,NULL,NULL,,3,0,2,7,255,1386,250,0,0
stim,180432,210553,0,210553,3407844.453,-0.622,-0.035,0.102,0.776,3094,108,11,3176,1685,2490,61,2431,42,0.936,1,2227,0,32.637,1.736,-24.313,1.938,-21.688,-0.168,0.055,0.898,0.145,1.730,-0.832,0.282,0.034,1.218,1.371,2,NULL,NULL,,3,0,2,7,255,1386,250,0,0
stim,180432,210553,0,210553,3407849.455,-0.623,-0.036,0.101,0.775,3090,125,41,3177,1719,2507,55,2445,42,0.936,1,2227,0,36.152,0.145,-18.313,1.688,-31.125,-0.203,0.129,1.027,0.145,-0.016,-0.832,0.290,0.028,1.218,1.371,2,NULL,NULL,,3,0,2,7,255,1386,250,0,0
stim,180432,210553,0,210553,3407854.454,-0.624,-0.037,0.100,0.774,3097,149,71,3179,1741,2507,56,2457,42,0.936,1,2227,0,47.179,0.145,-25.500,0.688,-39.688,-0.188,0.016,1.059,0.145,-0.016,0.504,0.300,0.022,1.218,1.371,2,NULL,NULL,,3,0,2,7,255,1386,250,0,0
stim,180432,210553,0,210553,3407859.455,-0.625,-0.038,0.099,0.773,3093,145,86,3183,1765,2515,47,2463,42,0.936,1,2227,0,53.379,0.586,-34.000,2.688,-41.063,-0.086,-0.082,1.016,0.555,0.188,0.504,0.306,0.020,1.218,1.371,2,NULL,NULL,,3,0,2,7,255,1386,250,0,0
stim,180432,210553,0,210553,3407864.453,-0.626,-0.039,0.098,0.773,3091,151,91,3179,1790,2521,45,2463,42,0.936,1,2227,0,39.253,1.751,-29.625,1.813,-25.688,-0.066,-0.152,0.883,1.227,1.250,0.023,0.310,0.018,1.218,1.371,2,NULL,NULL,,3,0,2,7,255,1386,250,0,0
stim,180432,210553,0,210553,3407869.455,-0.627,-0.040,0.097,0.772,3097,165,117,3193,1827,2523,51,2464,42,0.936,1,2227,0,24.333,2.053,-18.688,-0.813,-15.563,-0.133,-0.125,0.895,1.629,1.250,-1.051,0.314,0.018,1.218,1.371,2,NULL,NULL,,3,0,2,7,255,1386,250,0,0
stim,180432,210553,0,210553,3407874.454,-0.627,-0.040,0.096,0.772,3084,170,119,3183,1849,2521,48,2473,42,0.936,1,2227,0,16.228,1.750,-11.313,-0.500,-11.625,-0.168,-0.055,0.969,1.629,0.641,-1.051,0.318,0.016,1.218,1.371,2,NULL,NULL,,3,0,2,7,255,1386,250,0,0
stim,180432,210553,0,210553,3407879.455,-0.627,-0.040,0.096,0.772,3091,172,155,3179,1866,2529,37,2470,42,0.936,1,2227,0,17.916,1.128,-12.313,-0.625,-13.000,-0.172,-0.059,0.980,1.082,0.320,-0.254,0.322,0.016,1.218,1.371,2,NULL,NULL,,3,0,2,7,255,1386,250,0,0
stim,180432,210553,0,210553,3407884.454,-0.628,-0.041,0.095,0.771,3097,173,168,3175,1883,2523,23,2469,42,0.936,1,2227,0,18.379,1.128,-13.563,-1.500,-12.313,-0.164,-0.066,0.988,1.082,0.320,-0.121,0.324,0.016,1.218,1.371,2,NULL,NULL,,3,0,2,7,255,1386,250,0,0
stim,180432,210553,0,210553,3407889.455,-0.628,-0.041,0.095,0.771,3093,173,227,3191,1891,2523,16,2475,42,0.920,1,2227,1,16.106,1.152,-11.625,-1.375,-11.063,-0.141,-0.047,0.945,1.082,0.395,-0.121,0.000,0.000,1.237,1.329,2,NULL,NULL,,3,0,2,7,255,1386,250,0,0
stim,180461,210582,0,210582,3407894.454,-0.628,-0.042,0.094,0.771,3091,173,263,3177,1902,2525,1,2475,42,0.920,1,2227,1,11.719,1.129,-10.500,-2.125,-4.750,-0.133,-0.063,0.977,1.008,0.508,-0.219,0.004,0.006,1.237,1.329,2,NULL,NULL,,3,0,2,7,255,1386,250,0,0
stim,180461,210582,0,210582,3407899.455,-0.628,-0.042,0.094,0.771,3091,173,285,3175,1903,2525,0,2477,42,0.920,1,2227,1,9.276,1.022,-8.875,-1.938,-1.875,-0.152,-0.012,0.969,0.887,0.508,-0.223,0.010,0.012,1.237,1.329,2,NULL,NULL,,3,0,2,7,255,1386,250,0,0
stim,180461,210582,0,210582,3407904.453,-0.628,-0.042,0.093,0.771,3091,173,303,3171,1909,2525,0,2479,42,0.920,1,2227,1,8.661,0.649,-7.563,-1.813,-3.813,-0.172,0.043,0.984,0.543,0.355,-0.219,0.016,0.018,1.237,1.329,2,NULL,NULL,,3,0,2,7,255,1386,250,0,0
stim,180461,210582,0,210582,3407909.455,-0.629,-0.042,0.093,0.771,3091,173,317,3167,1923,2531,0,2479,42,0.920,1,2227,1,9.141,0.439,-6.250,-1.750,-6.438,-0.137,0.016,0.988,0.258,0.355,-0.059,0.022,0.024,1.237,1.329,2,NULL,NULL,,3,0,2,7,255,1386,250,0,0
stim,180484,210605,0,210605,3407914.454,-0.629,-0.042,0.093,0.771,3095,174,333,3165,1925,2531,0,2488,42,0.920,1,2227,1,5.505,0.464,-4.938,-1.813,-1.625,-0.121,0.039,0.988,0.078,0.457,-0.059,0.028,0.030,1.237,1.329,2,NULL,NULL,,3,0,2,7,255,1386,250,0,0
stim,180484,210605,0,210605,3407919.455,-0.629,-0.042,0.092,0.771,3090,171,341,3161,1928,2526,0,2484,42,0.920,1,2227,1,4.392,0.457,-3.500,-1.938,-1.813,-0.180,0.078,0.984,0.000,0.457,-0.059,0.036,0.038,1.237,1.329,2,NULL,NULL,,3,0,2,7,255,1386,250,0,0
stim,180484,210605,0,210605,3407924.454,-0.629,-0.042,0.092,0.771,3087,171,347,3155,1931,2530,0,2483,42,0.920,1,2227,1,7.169,0.184,-1.563,-2.250,-6.625,-0.168,0.063,1.000,-0.145,0.113,0.023,0.040,0.042,1.237,1.329,2,NULL,NULL,,3,0,2,7,255,1386,250,0,0
stim,180484,210605,0,210605,3407929.455,-0.629,-0.042,0.092,0.771,3087,167,350,3153,1934,2526,0,2483,42,0.920,1,2227,1,7.516,0.307,-2.438,-1.813,-6.875,-0.125,0.070,1.027,-0.285,0.113,0.145,0.044,0.046,1.237,1.329,2,NULL,NULL,,3,0,2,7,255,1386,250,0,0
stim,180484,210605,0,210605,3407934.453,-0.629,-0.042,0.092,0.771,3083,167,351,3147,1935,2529,0,2484,42,0.920,1,2227,1,6.265,0.526,-5.063,-1.750,-3.250,-0.125,0.105,1.012,-0.309,0.426,0.199,0.048,0.050,1.237,1.329,2,NULL,NULL,,3,0,2,7,255,1386,250,0,0
stim,180484,210605,0,210605,3407939.455,-0.629,-0.042,0.092,0.770,3079,165,358,3145,1943,2526,0,2486,42,0.920,1,2227,1,4.824,0.782,-3.063,-2.125,-3.063,-0.160,0.129,0.984,-0.656,0.426,0.199,0.048,0.052,1.237,1.329,2,NULL,NULL,,3,0,2,7,255,1386,250,0,0
stim,180529,210650,0,210650,3407944.454,-0.630,-0.042,0.092,0.770,3087,167,371,3134,1947,2537,0,2484,42,0.920,1,2227,1,7.994,0.672,-0.125,-2.188,-7.688,-0.156,0.098,1.004,-0.656,0.145,0.176,0.048,0.052,1.237,1.329,2,NULL,NULL,,3,0,2,7,255,1386,250,0,0
stim,180529,210650,0,210650,3407949.455,-0.630,-0.042,0.091,0.770,3067,165,413,3141,1959,2536,0,2495,42,0.920,1,2227,1,5.567,0.622,-0.688,-2.063,-5.125,-0.105,0.098,1.020,-0.605,0.145,0.176,0.048,0.050,1.237,1.329,2,NULL,NULL,,3,0,2,7,255,1386,250,0,0
stim,180529,210650,0,210650,3407954.453,-0.630,-0.042,0.091,0.770,3075,169,432,3130,1963,2524,0,2487,42,0.920,1,2227,1,3.594,0.718,-2.563,-2.188,1.250,-0.121,0.137,1.008,-0.605,0.387,0.180,0.046,0.050,1.237,1.329,2,NULL,NULL,,3,0,2,7,255,1386,250,0,0
stim,180529,210650,0,210650,3407959.455,-0.630,-0.041,0.091,0.770,3061,167,448,3133,1982,2541,0,2501,42,0.920,1,2227,1,7.901,0.946,-3.125,-2.500,6.813,-0.148,0.133,1.004,-0.863,0.387,0.180,0.042,0.046,1.237,1.329,2,NULL,NULL,,3,0,2,7,255,1386,250,0,0
stim,180529,210650,0,210650,3407964.454,-0.630,-0.041,0.091,0.770,3056,168,459,3125,1995,2537,0,2495,42,0.920,1,2227,1,5.486,0.947,-3.250,-4.375,0.625,-0.262,0.199,0.992,-0.938,0.133,0.180,0.038,0.042,1.237,1.329,2,NULL,NULL,,3,0,2,7,255,1386,250,0,0
stim,180529,210650,0,210650,3407969.455,-0.630,-0.041,0.091,0.770,3065,176,490,3117,2003,2533,0,2507,42,0.920,1,2227,1,15.359,1.189,-2.938,-4.125,-14.500,-0.207,0.168,1.023,-1.098,-0.457,0.316,0.032,0.036,1.237,1.329,2,NULL,NULL,,3,0,2,7,255,1386,250,0,0
stim,180552,210673,0,210673,3407974.454,-0.631,-0.041,0.091,0.770,3059,170,499,3119,2027,2537,0,2507,42,0.920,1,2227,1,14.977,1.189,-4.000,-4.188,-13.813,-0.074,0.059,0.996,-1.098,-0.457,0.316,0.026,0.028,1.237,1.329,2,NULL,NULL,,3,0,2,7,255,1386,250,0,0
stim,180552,210673,0,210673,3407979.455,-0.630,-0.041,0.090,0.770,3043,183,523,3108,2055,2531,0,2513,42,0.920,1,2227,1,8.131,0.996,-5.563,-5.188,2.875,-0.078,0.023,0.980,-0.313,0.945,-0.055,0.022,0.022,1.237,1.329,2,NULL,NULL,,3,0,2,7,255,1386,250,0,0
stim,180552,210673,0,210673,3407984.453,-0.630,-0.041,0.090,0.770,3034,187,600,3103,2073,2537,0,2519,42,0.920,1,2227,1,15.144,0.946,-1.938,-5.750,13.875,-0.145,0.031,0.957,0.031,0.945,-0.215,0.020,0.016,1.237,1.329,2,NULL,NULL,,3,0,2,7,255,1386,250,0,0
stim,180552,210673,0,210673,3407989.455,-0.630,-0.041,0.090,0.771,3027,183,635,3097,2107,2538,0,2525,42,0.920,1,2227,1,16.153,0.267,-0.938,-6.375,14.813,-0.199,0.094,1.012,0.031,0.266,-0.215,0.020,0.014,1.237,1.329,2,NULL,NULL,,3,0,2,7,255,1386,250,0,0
stim,180552,210673,0,210673,3407994.454,-0.629,-0.040,0.090,0.771,3016,199,677,3096,2141,2547,0,2537,42,0.920,1,2227,1,8.919,0.496,-3.375,-7.563,3.313,-0.266,0.160,1.000,-0.406,-0.285,0.340,0.022,0.012,1.237,1.329,2,NULL,NULL,,3,0,2,7,255,1386,250,0,0
stim,180552,210673,0,210673,3407999.455,-0.630,-0.040,0.089,0.771,3007,216,691,3087,2171,2549,0,2541,42,0.920,1,2227,1,10.443,0.496,-4.625,-7.438,-5.688,-0.168,0.055,0.992,-0.406,-0.285,0.340,0.024,0.010,1.237,1.329,2,NULL,NULL,,3,0,2,7,255,1386,250,0,0
stim,180573,210694,0,210694,3408004.454,-0.630,-0.040,0.089,0.771,3001,215,725,3079,2199,2543,0,2553,42,0.920,1,2227,1,9.876,0.094,-3.563,-8.688,-3.063,-0.164,0.016,0.953,-0.086,0.039,0.066,0.024,0.010,1.237,1.329,2,NULL,NULL,,3,0,2,7,255,1386,250,0,0
stim,180573,210694,0,210694,3408009.455,-0.630,-0.040,0.089,0.771,2989,222,760,3067,2223,2549,0,2571,42,0.920,1,2227,1,10.671,0.234,-1.375,-10.500,-1.313,-0.219,0.031,0.957,0.230,0.039,-0.203,0.024,0.012,1.237,1.329,2,NULL,NULL,,3,0,2,7,255,1386,250,0,0
stim,180573,210694,0,210694,3408014.453,-0.630,-0.040,0.088,0.771,2979,233,852,3059,2260,2553,3,2589,42,0.920,1,2227,1,11.822,0.270,0.938,-10.813,-4.688,-0.184,0.012,0.980,0.262,-0.066,-0.203,0.024,0.012,1.237,1.329,2,NULL,NULL,,3,0,2,7,255,1386,250,0,0
stim,180573,210694,0,210694,3408019.455,-0.630,-0.039,0.088,0.770,2984,247,922,3059,2297,2557,41,2614,42,0.920,1,2227,1,12.668,0.240,-2.688,-12.125,-2.500,-0.168,0.055,1.004,0.230,-0.066,-0.043,0.024,0.014,1.237,1.329,2,NULL,NULL,,3,0,2,7,255,1386,250,0,0
stim,180573,210694,0,210694,3408024.454,-0.630,-0.039,0.087,0.771,2957,247,971,3037,2332,2568,59,2617,42,0.920,1,2227,1,14.738,0.106,-4.563,-14.000,-0.625,-0.215,0.070,0.965,-0.082,-0.066,-0.043,0.024,0.014,1.237,1.329,2,NULL,NULL,,3,0,2,7,255,1386,250,0,0
stim,180573,210694,0,210694,3408029.455,-0.631,-0.039,0.087,0.770,2937,266,1083,3027,2373,2574,81,2634,42,0.920,1,2227,1,18.050,0.556,0.063,-14.500,-10.750,-0.238,0.078,0.969,-0.164,-0.531,-0.047,0.024,0.016,1.237,1.329,2,NULL,NULL,,3,0,2,7,255,1386,250,0,0
stim,180612,210733,0,210733,3408034.453,-0.631,-0.038,0.087,0.770,2927,260,1156,3017,2399,2577,112,2649,42,0.920,1,2227,1,24.501,0.557,0.250,-14.750,-19.563,-0.176,0.086,1.023,-0.168,-0.531,-0.047,0.024,0.016,1.237,1.329,2,NULL,NULL,,3,0,2,7,255,1386,250,0,0
stim,180612,210733,0,210733,3408039.455,-0.632,-0.038,0.086,0.769,2918,265,1243,3000,2423,2580,151,2663,42,0.920,1,2227,1,23.005,0.371,-6.625,-14.875,-16.250,-0.117,0.074,1.012,-0.355,-0.105,0.188,0.024,0.018,1.237,1.329,2,NULL,NULL,,3,0,2,7,255,1386,250,0,0
stim,180633,210754,0,210754,3408044.453,-0.632,-0.037,0.085,0.769,2901,273,1305,2991,2469,2587,217,2675,42,0.920,1,2227,1,20.943,0.413,-8.250,-15.438,-11.500,-0.137,0.043,0.973,-0.355,0.211,0.188,0.026,0.020,1.237,1.329,2,NULL,NULL,,3,0,2,7,255,1386,250,0,0
stim,180633,210754,0,210754,3408049.455,-0.633,-0.037,0.084,0.769,2888,278,1379,2976,2477,2587,264,2685,42,0.920,1,2227,1,20.799,0.213,-8.938,-14.750,-11.625,-0.160,-0.008,1.000,-0.031,0.211,0.109,0.028,0.024,1.237,1.329,2,NULL,NULL,,3,0,2,7,255,1386,250,0,0
stim,180633,210754,0,210754,3408054.454,-0.633,-0.037,0.084,0.768,2869,286,1460,2965,2503,2589,327,2697,42,0.920,1,2227,1,25.069,0.116,-8.438,-15.563,-17.750,-0.145,0.035,0.953,0.023,0.113,-0.199,0.030,0.026,1.237,1.329,2,NULL,NULL,,3,0,2,7,255,1386,250,0,0
stim,180633,210754,0,210754,3408059.455,-0.634,-0.037,0.083,0.768,2856,308,1529,2949,2531,2591,361,2713,42,0.920,1,2227,1,20.690,0.314,-1.375,-16.188,-12.813,-0.039,-0.016,0.918,0.293,0.113,-0.379,0.034,0.028,1.237,1.329,2,NULL,NULL,,3,0,2,7,255,1386,250,0,0
stim,180633,210754,0,210754,3408064.453,-0.634,-0.036,0.083,0.768,2836,312,1604,2937,2551,2597,419,2725,42,0.920,1,2227,1,17.018,1.020,5.625,-15.875,2.438,-0.066,-0.035,0.988,0.293,0.977,-0.379,0.036,0.030,1.237,1.329,2,NULL,NULL,,3,0,2,7,255,1386,250,0,0
stim,180633,210754,0,210754,3408069.455,-0.634,-0.035,0.082,0.768,2814,314,1659,2925,2575,2599,469,2733,42,0.920,1,2227,1,17.330,1.020,4.813,-16.563,1.688,-0.195,0.105,1.008,0.293,0.977,-0.191,0.038,0.030,1.237,1.329,2,NULL,NULL,,3,0,2,7,255,1386,250,0,0
stim,180633,210754,0,210754,3408074.454,-0.634,-0.034,0.082,0.768,2799,337,1737,2923,2601,2603,535,2749,42,0.920,1,2227,1,19.839,0.624,3.250,-15.313,-12.188,-0.172,0.164,1.031,-0.535,-0.320,0.270,0.040,0.032,1.237,1.329,2,NULL,NULL,,3,0,2,7,255,1386,250,0,0
stim,180633,210754,1,210754,3408079.455,-0.635,-0.034,0.082,0.768,2787,342,1799,2903,2615,2606,659,2760,42,0.920,1,2227,1,23.366,0.910,-2.500,-15.063,-17.688,-0.145,0.129,1.039,-0.852,-0.320,0.484,0.040,0.030,1.237,1.329,2,NULL,NULL,,3,1,2,7,255,1386,250,0,0
stim,180633,210754,1,210754,3408084.454,-0.636,-0.034,0.081,0.767,2759,349,1807,2879,2635,2613,727,2769,42,0.920,1,2227,1,25.474,0.852,-5.313,-15.188,-19.750,-0.125,0.043,1.000,-0.852,-0.020,0.484,0.040,0.030,1.237,1.329,2,NULL,NULL,,3,1,2,7,255,1386,250,0,0
stim,180633,210754,1,210754,3408089.455,-0.636,-0.033,0.080,0.767,2731,350,1884,2863,2649,2611,815,2777,42,0.920,1,2227,1,22.916,0.278,-5.063,-14.938,-16.625,-0.105,-0.004,0.977,-0.051,0.273,0.082,0.040,0.028,1.237,1.329,2,NULL,NULL,,3,1,2,7,255,1386,250,0,0
stim,180664,210785,1,210785,3408094.453,-0.637,-0.033,0.080,0.766,2710,362,1941,2846,2667,2613,904,2789,42,0.920,1,2227,1,18.811,0.591,-0.125,-15.813,-10.188,-0.086,-0.043,0.945,0.355,0.473,-0.227,0.040,0.026,1.237,1.329,2,NULL,NULL,,3,1,2,7,255,1386,250,0,0
stim,180664,210785,1,210785,3408099.455,-0.637,-0.032,0.079,0.766,2679,373,1978,2829,2683,2615,954,2799,42,0.920,1,2227,1,15.822,0.719,3.688,-15.313,-1.500,-0.094,-0.004,1.008,0.355,0.625,-0.227,0.042,0.024,1.237,1.329,2,NULL,NULL,,3,1,2,7,255,1386,250,0,0
stim,180664,210785,1,210785,3408104.454,-0.637,-0.032,0.079,0.766,2653,389,2025,2814,2699,2617,1030,2807,42,0.920,1,2227,1,15.804,0.702,-1.188,-15.688,-1.500,-0.164,0.043,1.020,0.320,0.625,0.074,0.044,0.022,1.237,1.329,2,NULL,NULL,,3,1,2,7,255,1386,250,0,0
stim,180664,210785,1,210785,3408109.455,-0.637,-0.031,0.078,0.766,2619,397,2080,2797,2715,2617,1109,2815,42,0.920,1,2227,1,17.650,0.156,-3.000,-15.313,-8.250,-0.137,0.027,0.996,0.121,0.098,0.074,0.044,0.022,1.237,1.329,2,NULL,NULL,,3,1,2,7,255,1386,250,0,0
stim,180664,210785,1,210785,3408114.453,-0.637,-0.031,0.077,0.766,2587,403,2124,2776,2724,2621,1190,2826,42,0.920,1,2227,1,18.186,0.156,-4.313,-15.313,-8.813,-0.125,0.020,0.992,0.121,0.098,0.035,0.044,0.022,1.237,1.329,2,NULL,NULL,,3,1,2,7,255,1386,250,0,0
stim,180664,210785,1,210785,3408119.455,-0.638,-0.031,0.077,0.766,2546,404,2168,2747,2739,2627,1290,2836,42,0.920,1,2227,1,18.388,0.168,-3.750,-16.188,-7.875,-0.137,0.023,0.977,0.137,0.098,-0.008,0.046,0.026,1.237,1.329,2,NULL,NULL,,3,1,2,7,255,1386,250,0,0
stim,180694,210815,1,210815,3408124.454,-0.638,-0.030,0.076,0.766,2505,409,2215,2727,2749,2620,1379,2843,42,0.920,1,2227,1,18.509,0.153,-2.063,-16.563,-8.000,-0.152,0.023,0.996,0.148,0.039,-0.008,0.048,0.028,1.237,1.329,2,NULL,NULL,,3,1,2,7,255,1386,250,0,0
stim,180694,210815,1,210815,3408129.455,-0.638,-0.030,0.076,0.765,2460,409,2253,2699,2762,2621,1451,2853,42,0.920,1,2227,1,21.089,0.161,-2.500,-17.375,-11.688,-0.168,0.066,1.023,0.137,-0.086,0.047,0.048,0.030,1.237,1.329,2,NULL,NULL,,3,1,2,7,255,1386,250,0,0
stim,180694,210815,1,210815,3408134.454,-0.639,-0.029,0.075,0.765,2412,411,2281,2663,2773,2627,1503,2860,42,0.920,1,2227,1,25.776,0.280,-5.938,-16.938,-18.500,-0.152,0.094,1.039,-0.211,-0.184,0.375,0.050,0.030,1.237,1.329,2,NULL,NULL,,3,1,2,7,255,1386,250,0,0
stim,180694,210815,1,210815,3408139.455,-0.640,-0.029,0.074,0.764,2351,415,2315,2635,2786,2623,1591,2869,42,0.920,1,2227,1,29.012,0.400,-10.313,-16.688,-21.375,-0.113,0.070,1.043,-0.355,-0.184,0.469,0.050,0.032,1.237,1.329,2,NULL,NULL,,3,1,2,7,255,1386,250,0,0
stim,180732,210853,1,210853,3408144.453,-0.640,-0.029,0.073,0.764,2287,415,2345,2604,2796,2629,1669,2874,42,0.920,1,2227,1,28.837,0.432,-14.188,-16.625,-18.813,-0.094,0.063,1.023,-0.355,0.246,0.469,0.052,0.032,1.237,1.329,2,NULL,NULL,,3,1,2,7,255,1386,250,0,0
stim,180732,210853,1,210853,3408149.455,-0.641,-0.029,0.072,0.764,2223,423,2377,2553,2805,2621,1725,2878,42,0.920,1,2227,1,27.406,0.407,-14.000,-16.313,-17.000,-0.117,0.035,0.988,-0.324,0.246,0.250,0.054,0.034,1.237,1.329,2,NULL,NULL,,3,1,2,7,255,1386,250,0,0
stim,180732,210853,1,210853,3408154.453,-0.642,-0.028,0.071,0.763,2154,412,2403,2509,2821,2628,1786,2888,42,0.920,1,2227,1,25.581,0.241,-11.188,-17.000,-15.500,-0.113,0.051,0.984,-0.195,0.141,-0.047,0.054,0.034,1.237,1.329,2,NULL,NULL,,3,1,2,7,255,1386,250,0,0
stim,180732,210853,1,210853,3408159.455,-0.642,-0.028,0.071,0.763,2083,408,2429,2461,2831,2627,1850,2893,42,0.920,1,2227,1,25.985,0.127,-7.688,-16.688,-18.375,-0.141,0.031,1.004,-0.039,0.121,-0.047,0.056,0.036,1.237,1.329,2,NULL,NULL,,3,1,2,7,255,1386,250,0,0
stim,180732,210853,1,210853,3408164.454,-0.643,-0.028,0.070,0.762,1996,397,2456,2403,2841,2627,1903,2899,42,0.920,1,2227,1,27.206,0.230,-10.000,-17.125,-18.625,-0.094,0.051,1.020,-0.195,0.121,0.117,0.056,0.036,1.237,1.329,2,NULL,NULL,,3,1,2,7,255,1386,250,0,0
stim,180732,210853,1,210853,3408169.455,-0.643,-0.028,0.069,0.762,1927,384,2484,2335,2847,2627,1961,2904,42,0.920,1,2227,1,26.276,0.101,-8.938,-17.125,-17.813,-0.121,0.035,1.027,-0.047,0.090,0.230,0.058,0.036,1.237,1.329,2,NULL,NULL,,3,1,2,7,255,1386,250,0,0
stim,180732,210853,1,210853,3408174.454,-0.644,-0.027,0.068,0.761,1833,351,2507,2279,2859,2621,2007,2909,42,0.920,1,2227,1,31.359,0.101,-16.438,-16.813,-20.750,-0.133,0.027,1.066,-0.047,0.090,0.336,0.058,0.036,1.237,1.329,2,NULL,NULL,,3,1,2,7,255,1386,250,0,0
stim,180732,210853,1,210853,3408179.455,-0.645,-0.028,0.066,0.761,1705,342,2526,2200,2863,2621,2058,2915,42,0.920,1,2227,1,38.766,0.101,-26.063,-17.813,-22.500,-0.117,0.047,1.078,-0.047,0.090,0.711,0.058,0.034,1.237,1.329,2,NULL,NULL,,3,1,2,7,255,1386,250,0,0
stim,180733,210854,1,210854,3408184.454,-0.646,-0.028,0.065,0.760,1589,319,2549,2099,2875,2621,2115,2921,42,0.920,1,2227,1,43.968,0.209,-32.063,-17.375,-24.563,-0.129,0.043,1.027,-0.203,0.051,0.711,0.060,0.032,1.237,1.329,2,NULL,NULL,,3,1,2,7,255,1386,250,0,0
stim,180733,210854,1,210854,3408189.455,-0.647,-0.028,0.063,0.760,1431,293,2569,1981,2888,2619,2163,2925,42,0.920,1,2227,1,45.732,0.206,-32.750,-17.125,-26.938,-0.121,0.039,0.988,-0.203,-0.031,0.336,0.060,0.032,1.237,1.329,2,NULL,NULL,,3,1,2,7,255,1386,250,0,0
stim,180761,210882,1,210882,3408194.453,-0.647,-0.028,0.062,0.759,1304,265,2583,1885,2893,2615,2200,2926,42,0.920,1,2227,1,40.883,0.206,-26.000,-18.750,-25.375,-0.105,0.043,0.969,-0.203,-0.031,-0.043,0.060,0.030,1.237,1.329,2,NULL,NULL,,3,1,2,7,255,1386,250,0,0
stim,180761,210882,1,210882,3408199.455,-0.648,-0.028,0.060,0.759,1191,249,2598,1783,2899,2611,2231,2928,42,0.920,1,2227,1,37.549,0.216,-20.438,-19.000,-25.125,-0.105,0.035,1.000,-0.203,0.074,-0.043,0.060,0.028,1.237,1.329,2,NULL,NULL,,3,1,2,7,255,1386,250,0,0
stim,180761,210882,1,210882,3408204.453,-0.649,-0.028,0.059,0.758,1047,243,2623,1659,2910,2612,2279,2939,42,0.920,1,2227,1,36.301,0.216,-19.313,-18.563,-24.500,-0.121,0.012,1.031,-0.203,0.074,0.027,0.060,0.026,1.237,1.329,2,NULL,NULL,,3,1,2,7,255,1386,250,0,0
stim,180761,210882,1,210882,3408209.455,-0.650,-0.029,0.058,0.757,889,219,2638,1499,2918,2603,2312,2939,42,0.920,1,2227,1,41.857,0.025,-24.875,-18.875,-27.875,-0.141,-0.008,1.074,0.020,0.016,0.371,0.062,0.026,1.237,1.329,2,NULL,NULL,,3,1,2,7,255,1386,250,0,0
stim,180786,210907,1,210907,3408214.454,-0.651,-0.029,0.056,0.756,739,187,2659,1325,2925,2599,2341,2949,42,0.920,1,2227,1,52.492,0.142,-34.375,-19.250,-34.688,-0.137,0.004,1.066,0.059,-0.129,0.715,0.062,0.026,1.237,1.329,2,NULL,NULL,,3,1,2,7,255,1386,250,0,0
stim,180786,210907,1,210907,3408219.455,-0.652,-0.029,0.054,0.755,586,165,2670,1165,2935,2591,2388,2954,42,0.920,1,2227,1,55.729,0.142,-36.688,-20.000,-36.875,-0.117,0.035,0.996,0.059,-0.129,0.715,0.064,0.026,1.237,1.329,2,NULL,NULL,,3,1,2,7,255,1386,250,0,0
stim,180786,210907,1,210907,3408224.454,-0.653,-0.030,0.052,0.755,444,121,2693,998,2942,2585,2420,2959,42,0.920,1,2227,1,51.360,0.299,-30.875,-20.813,-35.375,-0.105,0.035,0.957,-0.289,-0.078,0.023,0.064,0.026,1.237,1.329,2,NULL,NULL,,3,1,2,7,255,1386,250,0,0
stim,180786,210907,1,210907,3408229.455,-0.655,-0.030,0.051,0.754,325,79,2703,841,2950,2579,2453,2963,42,0.920,1,2227,1,48.234,0.292,-23.438,-21.625,-36.188,-0.105,-0.004,0.988,-0.289,-0.043,-0.070,0.064,0.026,1.237,1.329,2,NULL,NULL,,3,1,2,7,255,1386,250,0,0
stim,180786,210907,1,210907,3408234.454,-0.656,-0.030,0.050,0.753,186,69,2720,643,2961,2568,2479,2965,42,0.920,1,2227,1,45.271,0.043,-20.375,-22.813,-33.375,-0.125,-0.008,1.039,0.000,-0.043,-0.070,0.064,0.026,1.237,1.329,2,NULL,NULL,,3,1,2,7,255,1386,250,0,0
stim,180786,210907,1,210907,3408239.455,-0.657,-0.030,0.048,0.752,119,39,2741,531,2943,2552,2508,2969,42,0.920,1,2227,1,52.693,0.117,-27.313,-23.313,-38.563,-0.121,-0.020,1.043,0.051,-0.105,0.441,0.064,0.024,1.237,1.329,2,NULL,NULL,,3,1,2,7,255,1386,250,0,0
stim,180829,210950,1,210950,3408244.453,-0.658,-0.030,0.046,0.751,53,0,2759,349,2973,2540,2533,2973,42,0.920,1,2227,1,53.806,0.194,-24.563,-24.188,-41.313,-0.121,-0.027,1.012,0.129,-0.145,0.441,0.064,0.024,1.237,1.329,2,NULL,NULL,,3,1,2,7,255,1386,250,0,0
stim,180829,210950,1,210950,3408249.455,-0.660,-0.029,0.045,0.750,30,0,2773,165,2981,2525,2565,2975,42,0.920,1,2227,1,52.162,0.167,-22.813,-26.438,-38.750,-0.086,0.000,1.000,0.129,-0.105,0.180,0.064,0.024,1.237,1.329,2,NULL,NULL,,3,1,2,7,255,1386,250,0,0
stim,180829,210950,1,210950,3408254.453,-0.661,-0.029,0.043,0.749,7,0,2779,107,2986,2510,2587,2980,42,0.920,1,2227,1,53.080,0.226,-18.688,-27.313,-41.500,-0.117,-0.027,1.004,0.160,-0.160,0.102,0.066,0.022,1.237,1.329,2,NULL,NULL,,3,1,2,7,255,1386,250,0,0
stim,180829,210950,1,210950,3408259.455,-0.662,-0.029,0.042,0.747,0,0,2789,79,2991,2490,2605,2983,42,0.920,1,2227,1,54.230,0.167,-13.125,-32.188,-41.625,-0.094,-0.055,1.000,0.160,0.047,0.027,0.066,0.020,1.237,1.329,2,NULL,NULL,,3,1,2,7,255,1386,250,0,0
stim,180829,210950,1,210950,3408264.454,-0.664,-0.028,0.040,0.746,0,0,2797,18,2999,2467,2631,2986,42,0.920,1,2227,0,56.563,0.402,-7.000,-34.125,-44.563,-0.117,-0.066,1.004,0.355,-0.188,0.098,0.068,0.018,1.237,1.329,3,NULL,NULL,,3,1,2,7,255,1386,250,0,0
stim,180829,210950,1,210950,3408269.455,-0.665,-0.026,0.039,0.745,0,0,2808,0,3004,2449,2652,2987,42,0.920,1,2227,0,54.150,0.549,6.625,-38.375,-37.625,-0.188,-0.082,1.059,0.512,-0.199,0.098,0.070,0.016,1.237,1.329,3,NULL,NULL,,3,1,2,7,255,1386,250,0,0
stim,180856,210977,1,210977,3408274.454,-0.666,-0.025,0.039,0.744,0,0,2812,0,3013,2425,2667,2990,42,0.920,1,2227,0,60.456,1.094,14.063,-42.625,-40.500,-0.227,-0.074,1.121,0.688,-0.852,0.707,0.070,0.016,1.237,1.329,3,NULL,NULL,,3,1,2,7,255,1386,250,0,0
stim,180856,210977,1,210977,3408279.455,-0.668,-0.023,0.038,0.743,0,0,2809,0,2997,2403,2669,2991,42,0.920,1,2227,0,69.569,1.403,20.625,-45.875,-48.063,-0.223,-0.039,1.145,0.688,-1.223,1.340,0.070,0.016,1.237,1.329,3,NULL,NULL,,3,1,2,7,255,1386,250,0,0
stim,180856,210977,1,210977,3408284.454,-0.670,-0.021,0.037,0.741,0,0,2825,0,3027,2381,2701,2997,42,0.920,1,2227,0,74.031,1.271,23.188,-51.313,-48.063,-0.180,-0.016,1.207,0.348,-1.223,1.566,0.068,0.016,1.237,1.329,3,NULL,NULL,,3,1,2,7,255,1386,250,0,0
stim,180856,210977,1,210977,3408289.455,-0.671,-0.018,0.037,0.740,0,0,2823,0,3030,2356,2718,2997,42,0.920,1,2227,0,75.355,0.841,35.375,-56.313,-35.438,-0.125,0.070,1.367,0.094,-0.836,2.137,0.066,0.018,1.237,1.329,3,NULL,NULL,,3,1,2,7,255,1386,250,0,0
stim,180856,210977,1,210977,3408294.454,-0.671,-0.015,0.035,0.740,0,0,2823,0,3034,2327,2741,3000,42,0.920,1,2227,0,63.235,0.845,11.688,-61.750,-7.000,-0.012,0.102,1.344,-0.773,-0.340,3.328,0.062,0.020,1.237,1.329,3,NULL,NULL,,3,1,2,7,255,1386,250,0,0
stim,180856,210977,1,210977,3408299.455,-0.671,-0.014,0.033,0.740,0,0,2813,0,3035,2284,2759,3000,42,0.920,1,2227,0,63.558,0.870,-23.000,-59.250,-0.188,-0.027,-0.023,1.113,-0.773,0.398,3.328,0.058,0.024,1.237,1.329,3,NULL,NULL,,3,1,2,7,255,1386,250,0,0
stim,180856,210977,1,210977,3408304.453,-0.671,-0.013,0.030,0.741,0,0,2813,0,3043,2259,2773,3003,42,0.920,1,2227,0,66.811,0.404,-14.563,-63.500,14.813,-0.109,-0.105,0.984,0.066,0.398,1.105,0.056,0.028,1.237,1.329,3,NULL,NULL,,3,1,2,7,255,1386,250,0,0
stim,180856,210977,1,210977,3408309.455,-0.670,-0.010,0.029,0.742,0,0,2808,0,3047,2207,2785,3003,42,0.920,1,2227,0,70.523,1.027,7.063,-68.125,16.813,-0.219,-0.090,0.949,0.930,-0.438,-0.105,0.052,0.034,1.237,1.329,3,NULL,NULL,,3,1,2,7,255,1386,250,0,0
stim,180880,211001,1,211001,3408314.454,-0.670,-0.008,0.027,0.742,0,0,2799,0,3051,2159,2793,3005,42,0.920,1,2227,0,73.599,1.412,23.375,-69.750,-2.313,-0.156,-0.047,1.004,0.930,-1.063,-0.105,0.048,0.038,1.237,1.329,3,NULL,NULL,,3,1,2,7,255,1386,250,0,0
stim,180880,211001,1,211001,3408319.455,-0.670,-0.004,0.026,0.742,0,0,2792,0,3051,2095,2805,3005,42,0.920,1,2227,0,75.825,1.154,24.375,-71.750,-2.688,-0.059,-0.039,1.141,0.449,-1.063,0.102,0.044,0.042,1.237,1.329,3,NULL,NULL,,3,1,2,7,255,1386,250,0,0
stim,180880,211001,1,211001,3408324.454,-0.670,-0.002,0.024,0.742,0,0,2781,0,3056,2029,2821,3005,42,0.920,1,2227,0,74.743,0.336,11.438,-73.313,9.000,-0.004,-0.043,1.160,0.320,-0.102,1.367,0.042,0.046,1.237,1.329,3,NULL,NULL,,3,1,2,7,255,1386,250,0,0
stim,180880,211001,0,211001,3408329.455,-0.669,0.001,0.022,0.743,0,0,2774,0,3049,1951,2831,3003,42,0.920,1,2227,0,79.672,0.320,9.375,-75.625,23.250,-0.031,-0.055,1.078,0.320,-0.008,1.367,0.038,0.050,1.237,1.329,3,NULL,NULL,,3,0,2,7,255,1389,250,0,0
stim,180926,211047,0,211047,3408334.453,-0.669,0.004,0.020,0.743,0,0,2763,0,3062,1879,2845,3005,42,0.920,1,2227,0,84.626,0.457,14.438,-79.125,26.313,-0.148,-0.059,1.063,0.457,-0.008,0.754,0.034,0.054,1.237,1.329,3,NULL,NULL,,3,0,2,7,255,1389,250,0,0
stim,180926,211047,0,211047,3408339.455,-0.668,0.007,0.019,0.744,0,0,2759,0,3081,1785,2861,3004,42,0.920,1,2227,0,86.058,1.122,17.688,-81.688,20.500,-0.121,-0.043,1.129,0.492,-1.008,0.754,0.032,0.058,1.237,1.329,3,NULL,NULL,,3,0,2,7,255,1389,250,0,0
stim,180926,211047,0,211047,3408344.454,-0.667,0.010,0.017,0.745,0,0,2741,0,3091,1716,2847,3015,42,0.920,1,2227,0,87.324,1.182,16.750,-84.313,15.375,-0.105,0.082,1.152,0.492,-1.074,1.277,0.028,0.060,1.237,1.329,3,NULL,NULL,,3,0,2,7,255,1389,250,0,0
stim,180926,211047,0,211047,3408349.455,-0.667,0.013,0.015,0.745,0,0,2717,0,3083,1617,2877,3002,42,0.920,1,2227,0,90.784,1.231,15.063,-88.250,15.063,-0.066,0.168,1.141,-0.707,-1.008,1.383,0.026,0.064,1.237,1.329,3,NULL,NULL,,3,0,2,7,255,1389,250,0,0
stim,180926,211047,0,211047,3408354.453,-0.666,0.017,0.013,0.745,0,0,2703,0,3087,1467,2885,3005,42,0.920,1,2227,0,93.256,1.744,13.938,-90.875,15.625,-0.043,0.164,1.148,-1.516,-0.863,1.449,0.024,0.066,1.237,1.329,3,NULL,NULL,,3,0,2,7,255,1389,250,0,0
stim,180926,211047,0,211047,3408359.455,-0.666,0.020,0.011,0.746,0,0,2675,0,3078,1322,2903,3000,42,0.920,1,2227,0,96.871,1.674,15.188,-93.625,19.688,-0.016,0.137,1.156,-1.516,-0.711,1.449,0.022,0.068,1.237,1.329,3,NULL,NULL,,3,0,2,7,255,1389,250,0,0
stim,180926,211047,0,211047,3408364.454,-0.665,0.024,0.009,0.747,0,0,2661,0,3091,1163,2909,2996,42,0.920,1,2227,0,102.427,1.428,16.125,-97.375,27.375,-0.055,0.066,1.184,-1.238,-0.711,1.520,0.022,0.070,1.237,1.329,3,NULL,NULL,,3,0,2,7,255,1389,250,0,0
stim,180926,211047,0,211047,3408369.455,-0.664,0.028,0.006,0.748,0,0,2633,0,3082,973,2905,2996,42,0.920,1,2227,0,105.560,1.103,10.625,-101.188,28.125,-0.066,0.086,1.211,-0.629,-0.906,1.797,0.022,0.072,1.237,1.329,3,NULL,NULL,,3,0,2,7,255,1389,250,0,0
stim,180949,211070,0,211070,3408374.454,-0.663,0.031,0.003,0.748,0,0,2606,0,3097,825,2921,2995,42,0.920,1,2227,0,108.323,1.296,5.688,-104.750,27.000,-0.043,0.172,1.230,-0.629,-1.133,2.023,0.022,0.076,1.237,1.329,3,NULL,NULL,,3,0,2,7,255,1389,250,0,0
stim,180949,211070,0,211070,3408379.455,-0.662,0.035,0.000,0.749,0,0,2579,0,3093,695,2916,2984,42,0.920,1,2227,0,112.526,1.875,-3.813,-108.625,29.125,-0.047,0.211,1.227,-1.477,-1.156,2.219,0.024,0.078,1.237,1.329,3,NULL,NULL,,3,0,2,7,255,1389,250,0,0
stim,180949,211070,0,211070,3408384.453,-0.660,0.038,-0.003,0.750,0,0,2519,0,3099,555,2925,2973,42,0.920,1,2227,0,116.256,2.062,-5.313,-111.938,30.938,-0.023,0.195,1.180,-1.680,-1.195,2.219,0.026,0.080,1.237,1.329,3,NULL,NULL,,3,0,2,7,255,1389,250,0,0
stim,180949,211070,0,211070,3408389.455,-0.659,0.042,-0.006,0.751,0,0,2493,0,3099,441,2941,2965,42,0.920,1,2227,0,121.271,2.144,-5.625,-115.688,35.938,-0.039,0.191,1.223,-1.680,-1.332,2.156,0.030,0.082,1.237,1.329,3,NULL,NULL,,3,0,2,7,255,1389,250,0,0
stim,180949,211070,0,211070,3408394.454,-0.658,0.045,-0.010,0.752,0,0,2469,0,3099,333,2933,2943,42,0.920,1,2227,0,122.833,2.203,-16.250,-117.625,31.438,-0.102,0.141,1.246,-1.621,-1.492,2.156,0.034,0.084,1.237,1.329,3,NULL,NULL,,3,0,2,7,255,1389,250,0,0
stim,180949,211070,0,211070,3408399.455,-0.657,0.048,-0.014,0.752,0,0,2429,0,3095,172,2941,2928,42,0.920,1,2227,0,125.443,2.405,-18.813,-122.125,21.625,-0.121,0.121,1.293,-1.016,-2.180,2.281,0.038,0.088,1.237,1.329,3,NULL,NULL,,3,0,2,7,255,1389,250,0,0
stim,180978,211099,0,211099,3408404.453,-0.656,0.051,-0.018,0.752,0,0,2381,0,3091,103,2935,2915,42,0.920,1,2227,0,132.137,2.618,-33.000,-127.000,15.563,-0.113,0.066,1.293,-0.801,-2.492,2.672,0.042,0.090,1.237,1.329,3,NULL,NULL,,3,0,2,7,255,1389,250,0,0
stim,180978,211099,0,211099,3408409.455,-0.656,0.055,-0.023,0.752,0,0,2318,0,3094,42,2940,2899,42,0.920,1,2227,0,134.603,2.618,-31.125,-130.438,11.625,-0.063,0.152,1.355,-0.801,-2.492,2.703,0.048,0.094,1.237,1.329,3,NULL,NULL,,3,0,2,7,255,1389,250,0,0
stim,180978,211099,0,211099,3408414.454,-0.655,0.058,-0.028,0.753,0,0,2253,0,3080,4,2955,2863,42,0.920,1,2227,0,143.954,2.511,-42.313,-136.938,13.438,-0.168,0.070,1.375,-0.309,-2.492,3.344,0.054,0.098,1.237,1.329,3,NULL,NULL,,3,0,2,7,255,1389,250,0,0
stim,180978,211099,0,211099,3408419.455,-0.655,0.061,-0.033,0.753,0,0,2195,0,3079,0,2935,2824,42,0.920,1,2227,0,149.124,3.423,-33.813,-145.063,7.188,-0.168,0.074,1.441,-0.340,-3.406,3.367,0.058,0.100,1.237,1.329,3,NULL,NULL,,3,0,2,7,255,1389,250,0,0
stim,180978,211099,0,211099,3408424.454,-0.654,0.065,-0.039,0.752,0,0,2131,0,3067,1,2951,2795,42,0.920,1,2227,0,157.636,3.676,-37.938,-152.875,6.250,-0.176,0.078,1.582,-0.340,-3.660,3.957,0.064,0.106,1.237,1.329,3,NULL,NULL,,3,0,2,7,255,1389,250,0,0
stim,180978,211099,0,211099,3408429.455,-0.654,0.069,-0.045,0.752,0,0,2053,0,3064,0,2927,2747,42,0.920,1,2227,0,167.269,4.152,-43.500,-161.000,12.875,-0.223,0.129,1.637,-0.359,-4.137,5.266,0.068,0.112,1.237,1.329,3,NULL,NULL,,3,0,2,7,255,1389,250,0,0
stim,181031,211152,0,211152,3408434.453,-0.653,0.073,-0.051,0.752,0,0,1932,0,3055,0,2923,2687,42,0.920,1,2227,0,180.480,5.015,-49.563,-173.438,6.000,-0.340,0.160,1.621,-0.785,-4.953,5.266,0.074,0.118,1.237,1.329,3,NULL,NULL,,3,0,2,7,255,1389,250,0,0
stim,181031,211152,0,211152,3408439.455,-0.653,0.078,-0.058,0.751,0,0,1855,0,3047,6,2924,2637,42,0.920,1,2227,0,194.546,6.219,-54.938,-186.625,1.063,-0.273,0.215,1.695,-0.984,-6.141,5.652,0.080,0.126,1.237,1.329,3,NULL,NULL,,3,0,2,7,255,1389,250,0,0
stim,181031,211152,0,211152,3408444.454,-0.652,0.082,-0.066,0.751,0,0,1787,0,3031,25,2903,2571,42,0.920,1,2227,0,212.582,6.287,-76.125,-198.438,4.313,-0.254,0.176,1.629,-1.348,-6.141,5.250,0.088,0.136,1.237,1.329,3,NULL,NULL,,3,0,2,7,255,1389,250,0,0
stim,181031,211152,0,211152,3408449.455,-0.651,0.087,-0.075,0.750,0,0,1716,0,3020,28,2886,2479,42,0.920,1,2227,0,223.466,6.287,-71.875,-211.563,3.500,-0.340,0.129,1.660,-1.348,-6.141,5.250,0.096,0.148,1.237,1.329,3,NULL,NULL,,3,0,2,7,255,1389,250,0,0
stim,181031,211152,0,211152,3408454.453,-0.650,0.092,-0.084,0.749,0,0,1623,0,2999,30,2875,2379,42,0.920,1,2227,0,237.493,7.206,-69.750,-227.000,2.938,-0.402,0.125,1.777,-0.844,-7.156,5.250,0.106,0.160,1.237,1.329,3,NULL,NULL,,3,0,2,7,255,1389,250,0,0
stim,181031,211152,0,211152,3408459.455,-0.650,0.098,-0.093,0.748,0,0,1573,0,2989,39,2831,2282,42,0.920,1,2227,0,254.823,8.401,-76.188,-243.125,-4.500,-0.473,0.133,1.855,-0.832,-8.359,6.035,0.118,0.176,1.237,1.329,3,NULL,NULL,,3,0,2,7,255,1389,250,0,0
stim,181031,211152,0,211152,3408464.453,-0.649,0.104,-0.103,0.747,0,0,1509,0,2963,43,2792,2167,42,0.920,1,2227,0,273.870,9.587,-82.500,-261.063,-6.688,-0.410,0.316,1.949,-0.832,-9.551,6.398,0.132,0.192,1.237,1.329,3,NULL,NULL,,3,0,2,7,255,1389,250,0,0
stim,181031,211152,0,211152,3408469.455,-0.648,0.111,-0.114,0.745,0,0,1443,0,2933,51,2739,2091,42,0.920,1,2227,0,296.761,10.190,-102.188,-278.375,-11.500,-0.371,0.359,1.895,-2.789,-9.801,6.477,0.148,0.210,1.237,1.329,3,NULL,NULL,,3,0,2,7,255,1389,250,0,0
stim,181032,211153,0,211153,3408474.454,-0.647,0.117,-0.126,0.743,0,0,1333,0,2911,45,2661,1981,42,0.920,1,2227,0,311.010,10.290,-98.813,-294.688,-11.063,-0.180,0.301,1.844,-3.137,-9.801,6.477,0.166,0.232,1.237,1.329,3,NULL,NULL,,3,0,2,7,255,1389,250,0,0
stim,181032,211153,0,211153,3408479.455,-0.645,0.125,-0.137,0.741,0,0,1293,0,2862,33,2555,1897,42,0.920,1,2227,0,321.741,8.844,-77.563,-312.250,-1.125,-0.141,0.156,1.875,-3.137,-8.270,6.477,0.188,0.254,1.237,1.329,3,NULL,NULL,,3,0,2,7,255,1389,250,0,0
stim,181033,211154,0,211154,3408484.453,-0.643,0.134,-0.149,0.739,0,0,1235,0,2809,10,2440,1787,42,0.920,1,2227,0,336.438,8.844,-61.375,-330.313,17.813,-0.223,0.309,2.012,-3.137,-8.270,6.676,0.210,0.278,1.237,1.329,3,NULL,NULL,,3,0,2,7,255,1389,250,0,0
stim,181033,211154,0,211154,3408489.455,-0.640,0.143,-0.160,0.738,0,0,1133,0,2745,1,2281,1684,42,0.920,1,2227,0,346.208,10.682,-60.375,-340.438,17.813,-0.391,0.535,2.238,-3.238,-10.180,7.223,0.238,0.308,1.237,1.329,3,NULL,NULL,,3,0,2,7,255,1389,250,0,0
stim,181061,211182,0,211182,3408494.453,-0.638,0.152,-0.172,0.735,0,0,1001,0,2666,0,2119,1573,42,0.920,1,2227,0,353.394,14.389,-69.750,-346.438,-1.813,-0.387,0.660,2.445,-5.277,-13.387,8.043,0.266,0.338,1.237,1.329,3,NULL,NULL,,3,0,2,7,255,1389,250,0,0
stim,181061,211182,0,211182,3408499.455,-0.635,0.161,-0.185,0.732,0,0,877,0,2591,0,1879,1461,42,0.920,1,2227,0,371.658,15.588,-100.813,-357.625,-8.438,-0.332,0.445,2.406,-5.277,-14.668,8.949,0.296,0.368,1.237,1.329,3,NULL,NULL,,3,0,2,7,255,1389,250,0,0
stim,181061,211182,0,211182,3408504.454,-0.633,0.169,-0.200,0.729,0,0,782,0,2473,0,1623,1318,42,0.920,1,2227,0,387.217,15.394,-124.938,-366.500,-2.375,-0.254,0.270,2.270,-4.672,-14.668,8.949,0.328,0.402,1.237,1.329,3,NULL,NULL,,3,0,2,7,255,1389,250,0,0
stim,181061,211182,0,211182,3408509.455,-0.630,0.177,-0.214,0.725,0,0,601,0,2345,0,1287,1161,42,0.920,1,2227,0,398.812,14.118,-135.188,-375.188,3.063,-0.211,0.016,1.934,-3.168,-13.758,7.820,0.362,0.436,1.237,1.329,3,NULL,NULL,,3,0,2,7,255,1389,250,0,0
stim,181084,211205,0,211205,3408514.453,-0.627,0.186,-0.229,0.721,0,0,437,0,2168,0,843,1021,42,0.920,1,2227,0,403.517,12.022,-119.875,-385.188,9.313,-0.059,-0.234,1.449,-0.793,-11.996,5.059,0.398,0.472,1.237,1.329,3,NULL,NULL,,3,0,2,7,255,1389,250,0,0
stim,181084,211205,0,211205,3408519.455,-0.622,0.197,-0.241,0.719,0,0,283,0,1949,0,472,903,42,0.920,1,2227,0,400.020,8.490,-36.875,-397.938,17.375,-0.008,-0.383,0.965,1.570,-8.344,1.871,0.436,0.510,1.237,1.329,3,NULL,NULL,,3,0,2,7,255,1389,250,0,0
stim,181084,211205,0,211205,3408524.454,-0.616,0.209,-0.252,0.716,0,0,235,0,1725,0,187,767,42,0.920,1,2227,0,407.960,6.675,11.625,-407.313,19.813,0.238,-0.273,1.391,1.617,-6.477,1.871,0.474,0.548,1.237,1.329,3,NULL,NULL,,3,0,2,7,255,1389,250,0,0
stim,181084,211205,0,211205,3408529.455,-0.610,0.222,-0.263,0.714,0,0,211,0,1400,0,0,599,42,0.920,1,2227,0,411.438,6.675,22.313,-408.750,41.313,0.387,-0.063,1.609,1.617,-6.477,2.605,0.514,0.588,1.237,1.329,3,NULL,NULL,,3,0,2,7,255,1389,250,0,0
stim,181084,211205,0,211205,3408534.453,-0.602,0.234,-0.274,0.713,0,0,120,0,1059,0,0,463,42,0.920,1,2227,0,419.964,7.401,21.125,-410.625,85.500,0.109,0.141,1.797,-0.621,-7.375,3.680,0.560,0.634,1.237,1.329,3,NULL,NULL,,3,0,2,7,255,1389,250,0,0
stim,181084,211205,0,211205,3408539.455,-0.593,0.246,-0.285,0.712,0,0,99,0,573,0,0,379,42,0.920,1,2227,0,429.021,11.512,20.375,-414.063,110.438,-0.266,0.246,1.813,-2.094,-11.320,3.680,0.616,0.688,1.237,1.329,3,NULL,NULL,,3,0,2,7,255,1389,250,0,0
stim,181128,211249,0,211249,3408544.453,-0.583,0.258,-0.297,0.711,0,0,76,0,243,0,0,296,42,0.920,1,2227,0,442.911,14.743,24.688,-425.875,119.125,-0.496,0.129,1.816,-2.094,-14.594,0.734,0.676,0.746,1.237,1.329,3,NULL,NULL,,3,0,2,7,255,1389,250,0,0
stim,181128,211249,0,211249,3408549.455,-0.572,0.270,-0.309,0.710,0,0,61,0,0,0,0,187,42,0.920,1,2227,0,465.996,16.468,19.750,-440.688,150.188,-0.566,0.082,1.797,-0.605,-16.457,-1.227,0.740,0.812,1.237,1.329,3,NULL,NULL,,3,0,2,7,255,1389,250,0,0
stim,181128,211249,0,211249,3408554.454,-0.561,0.280,-0.323,0.709,0,0,27,0,0,0,0,93,42,0.920,1,2227,0,469.067,16.468,-24.938,-437.813,166.500,-0.523,0.539,1.621,-0.605,-16.457,-2.406,0.800,0.870,1.237,1.329,3,NULL,NULL,,3,0,2,7,255,1389,250,0,0
stim,181128,211249,0,211249,3408559.455,-0.551,0.288,-0.337,0.706,0,0,22,0,0,0,0,45,42,0.920,1,2227,0,446.218,16.761,-90.625,-413.563,140.938,-0.313,1.129,1.309,-4.059,-16.262,-4.535,0.856,0.926,1.237,1.329,4,NULL,NULL,,3,0,2,7,255,1389,250,0,0
stim,181161,211282,0,211282,3408564.453,-0.543,0.296,-0.352,0.703,0,0,22,0,0,0,0,30,42,0.920,1,2227,0,422.174,16.984,-119.188,-388.625,114.000,-0.238,1.281,1.184,-10.113,-13.645,-6.430,0.906,0.976,1.237,1.329,0,NULL,NULL,,3,0,2,7,255,1389,250,0,0
stim,181161,211282,0,211282,3408569.455,-0.535,0.300,-0.367,0.699,0,0,26,0,0,0,0,53,42,0.920,1,2227,0,418.311,16.338,-164.188,-359.500,137.063,-0.336,1.059,1.176,-10.113,-12.832,-7.422,0.950,1.022,1.237,1.329,0,NULL,NULL,,3,0,2,7,255,1389,250,0,0
stim,181161,211282,0,211282,3408574.454,-0.530,0.303,-0.382,0.694,0,0,31,0,0,0,0,75,42,0.920,1,2227,0,400.160,15.695,-222.625,-315.125,106.125,-0.199,0.715,0.988,-9.367,-12.594,-7.996,0.994,1.068,1.237,1.329,0,NULL,NULL,,3,0,2,7,255,1389,250,0,0
stim,181161,211282,0,211282,3408579.455,-0.526,0.304,-0.395,0.689,0,0,24,0,0,0,0,93,42,0.920,1,2227,0,324.901,12.086,-205.438,-245.313,56.375,-0.082,0.117,0.805,-6.496,-10.191,-7.996,1.042,1.116,1.237,1.329,0,NULL,NULL,,3,0,2,7,255,1389,250,0,0
stim,181161,211282,0,211282,3408584.454,-0.523,0.306,-0.405,0.685,0,0,27,0,0,0,0,139,42,0.920,1,2227,0,248.586,9.775,-142.250,-195.438,58.000,-0.250,-0.055,0.992,-1.215,-9.699,-7.090,1.104,1.178,1.237,1.329,0,NULL,NULL,,3,0,2,7,255,1389,250,0,0
stim,181161,211282,0,211282,3408589.455,-0.521,0.306,-0.413,0.682,0,0,29,0,0,0,0,153,42,0.920,1,2227,0,204.181,9.742,-144.313,-137.875,43.063,-0.348,0.121,1.395,-0.910,-9.699,-6.836,1.172,1.246,1.237,1.329,0,NULL,NULL,,3,0,2,7,255,1389,250,0,0
stim,181161,211282,0,211282,3408594.453,-0.522,0.302,-0.421,0.678,0,0,29,0,0,0,0,151,42,0.920,1,2227,0,224.627,12.085,-210.688,-74.188,23.750,-0.293,0.133,1.215,-0.910,-12.051,-7.090,1.244,1.322,1.237,1.329,0,NULL,NULL,,3,0,2,7,255,1389,250,0,0
stim,181161,211282,0,211282,3408599.455,-0.524,0.297,-0.429,0.674,0,0,23,0,0,0,0,137,42,0.920,1,2227,0,252.895,12.115,-250.125,-21.250,30.688,-0.305,0.301,0.395,-1.242,-12.051,-7.172,1.324,1.402,1.237,1.329,0,NULL,NULL,,3,0,2,7,255,1389,250,0,0
stim,181161,211282,0,211282,3408604.454,-0.526,0.290,-0.435,0.671,0,0,25,0,0,0,0,125,42,0.920,1,2227,0,214.044,5.563,-208.688,38.063,28.563,-0.234,0.406,0.043,-2.391,-5.023,-11.457,1.406,1.484,1.237,1.329,0,NULL,NULL,,3,0,2,7,255,1389,250,0,0
stim,181161,211282,0,211282,3408609.455,-0.529,0.283,-0.438,0.669,0,0,25,0,0,0,0,111,42,0.920,1,2227,0,198.741,3.669,-176.125,86.813,30.688,-0.156,0.445,0.016,-3.293,-1.617,-12.359,1.494,1.570,1.237,1.329,0,NULL,NULL,,3,0,2,7,255,1389,250,0,0
stim,181181,211302,0,211302,3408614.453,-0.532,0.275,-0.440,0.669,0,0,24,0,0,0,0,109,42,0.920,1,2227,0,197.496,3.447,-146.125,125.188,44.500,-0.184,0.266,-0.051,-3.293,-1.020,-12.359,1.582,1.660,1.237,1.329,0,NULL,NULL,,3,0,2,7,255,1389,250,0,0
stim,181181,211302,0,211302,3408619.455,-0.535,0.268,-0.440,0.669,0,0,22,0,0,0,0,107,42,0.920,1,2227,0,189.031,2.059,-109.063,147.188,46.625,-0.359,0.160,-0.148,-1.996,-0.504,-12.359,1.670,1.746,1.237,1.329,0,NULL,NULL,,3,0,2,7,255,1389,250,0,0
stim,181181,211302,0,211302,3408624.454,-0.538,0.261,-0.439,0.671,0,0,17,0,0,0,0,101,42,0.920,1,2227,0,181.551,0.617,-66.063,164.938,37.313,-0.328,-0.012,-0.145,-0.355,-0.504,-13.070,1.750,1.826,1.237,1.329,0,NULL,NULL,,3,0,2,7,255,1389,250,0,0
stim,181181,211302,0,211302,3408629.455,-0.541,0.254,-0.436,0.673,0,0,17,0,0,0,0,100,42,0.920,1,2227,0,186.612,1.215,-38.250,175.938,49.063,-0.203,-0.102,-0.082,1.141,-0.418,-13.070,1.818,1.894,1.237,1.329,0,NULL,NULL,,3,0,2,7,255,1389,250,0,0
stim,181211,211332,0,211332,3408634.454,-0.542,0.246,-0.433,0.676,0,0,18,0,0,0,0,101,42,0.920,1,2227,0,196.700,1.198,-19.813,181.750,72.563,-0.227,0.000,-0.121,1.141,-0.367,-12.184,1.872,1.948,1.237,1.329,0,NULL,NULL,,3,0,2,7,255,1389,250,0,0
stim,181211,211332,0,211332,3408639.455,-0.544,0.240,-0.429,0.680,0,0,13,0,0,0,0,101,42,0.920,1,2227,0,204.785,0.766,8.688,186.563,84.000,-0.316,0.113,-0.191,0.742,-0.191,-12.184,1.918,1.994,1.237,1.329,0,NULL,NULL,,3,0,2,7,255,1389,250,0,0
stim,181242,211363,0,211363,3408644.453,-0.544,0.233,-0.424,0.685,0,0,6,0,0,0,0,95,42,0.920,1,2227,0,213.676,0.211,43.938,190.438,86.375,-0.355,0.129,-0.168,0.090,-0.191,-13.602,1.956,2.034,1.237,1.329,0,NULL,NULL,,3,0,2,7,255,1389,250,0,0
stim,181242,211363,0,211363,3408649.455,-0.545,0.228,-0.418,0.690,0,0,0,0,0,0,0,93,42,0.920,1,2227,0,224.985,0.639,73.688,193.563,87.875,-0.406,0.133,-0.055,0.055,-0.637,-13.633,1.976,2.052,1.237,1.329,0,NULL,NULL,,3,0,2,7,255,1389,250,0,0
stim,181242,211363,0,211363,3408654.454,-0.545,0.223,-0.411,0.696,0,0,0,0,0,0,0,91,42,0.920,1,2227,0,234.043,1.891,92.500,196.125,88.063,-0.453,0.129,0.098,0.012,-1.891,-13.633,1.984,2.060,1.237,1.329,0,NULL,NULL,,3,0,2,7,255,1389,250,0,0
stim,181242,211363,0,211363,3408659.455,-0.545,0.217,-0.404,0.702,0,0,0,0,0,0,0,78,42,0.920,1,2227,0,238.424,3.434,102.000,197.438,86.375,-0.500,0.125,0.238,-0.051,-3.434,-13.094,1.980,2.058,1.237,1.329,0,NULL,NULL,,3,0,2,7,255,1389,250,0,0
stim,181242,211363,0,211363,3408664.454,-0.545,0.212,-0.397,0.707,0,0,0,0,0,0,0,71,42,0.920,1,2227,0,239.244,4.884,106.938,198.750,79.375,-0.543,0.125,0.379,-0.105,-4.883,-12.574,1.966,2.042,1.237,1.329,0,NULL,NULL,,3,0,2,7,255,1389,250,0,0
stim,181242,211363,0,211363,3408669.455,-0.546,0.208,-0.389,0.712,0,0,5,0,0,0,0,78,42,0.920,1,2227,0,237.058,6.313,106.125,200.625,68.438,-0.590,0.109,0.543,-0.105,-6.313,-11.988,1.954,2.030,1.237,1.329,0,NULL,NULL,,3,0,2,7,255,1389,250,0,0
stim,181242,211363,0,211363,3408674.454,-0.547,0.203,-0.382,0.717,0,0,5,0,0,0,0,85,42,0.920,1,2227,0,232.283,7.885,98.563,202.813,55.750,-0.652,0.117,0.719,-0.168,-7.883,-11.172,1.944,2.020,1.237,1.329,0,NULL,NULL,,3,0,2,7,255,1389,250,0,0
stim,181242,211363,0,211363,3408679.455,-0.549,0.198,-0.375,0.721,0,0,3,0,0,0,0,103,42,0.920,1,2227,0,225.706,9.632,81.750,207.000,37.563,-0.695,0.188,0.875,-0.230,-9.629,-10.410,1.938,2.014,1.237,1.329,0,NULL,NULL,,3,0,2,7,255,1389,250,0,0
stim,181242,211363,0,211363,3408684.454,-0.551,0.192,-0.368,0.724,0,0,3,0,0,0,0,109,42,0.920,1,2227,0,222.714,11.186,54.688,215.500,13.063,-0.680,0.230,0.977,-0.961,-11.145,-9.785,1.934,2.012,1.237,1.329,0,NULL,NULL,,3,0,2,7,255,1389,250,0,0
stim,181242,211363,0,211363,3408689.455,-0.555,0.186,-0.361,0.726,0,0,5,0,0,0,0,115,42,0.920,1,2227,0,229.201,11.223,27.563,227.438,-6.750,-0.613,0.180,0.941,-1.328,-11.145,-8.961,1.934,2.012,1.237,1.329,0,NULL,NULL,,3,0,2,7,255,1389,250,0,0
stim,181264,211385,0,211385,3408694.453,-0.560,0.179,-0.355,0.727,0,0,0,0,0,0,0,124,42,0.920,1,2227,0,244.086,11.119,9.688,242.813,-22.938,-0.594,0.137,0.895,-1.328,-11.039,-8.359,1.940,2.018,1.237,1.329,0,NULL,NULL,,3,0,2,7,255,1389,250,0,0
stim,181264,211385,0,211385,3408699.455,-0.566,0.171,-0.348,0.728,0,0,4,0,0,0,0,143,42,0.920,1,2227,0,265.606,10.566,-4.625,261.938,-43.750,-0.574,0.133,0.852,-1.074,-10.512,-8.168,1.950,2.028,1.237,1.329,0,NULL,NULL,,3,0,2,7,255,1389,250,0,0
stim,181264,211385,0,211385,3408704.453,-0.572,0.163,-0.341,0.728,0,0,0,0,0,0,0,145,42,0.920,1,2227,0,289.826,10.061,-12.438,282.313,-64.375,-0.527,0.152,0.766,-1.074,-10.004,-8.168,1.966,2.044,1.237,1.329,0,NULL,NULL,,3,0,2,7,255,1389,250,0,0
stim,181264,211385,0,211385,3408709.455,-0.580,0.155,-0.333,0.727,0,0,0,0,0,0,0,149,42,0.920,1,2227,0,313.579,9.167,-12.500,303.125,-79.313,-0.422,0.129,0.734,-1.352,-9.066,-8.113,1.986,2.064,1.237,1.329,0,NULL,NULL,,3,0,2,7,255,1389,250,0,0
stim,181264,211385,0,211385,3408714.454,-0.587,0.146,-0.325,0.727,0,0,0,0,0,0,0,145,42,0.920,1,2227,0,330.548,8.181,-9.375,320.063,-82.063,-0.355,0.102,0.707,-1.477,-8.047,-7.574,2.016,2.094,1.237,1.329,0,NULL,NULL,,3,0,2,7,255,1389,250,0,0
stim,181264,211385,0,211385,3408719.455,-0.595,0.136,-0.316,0.726,0,0,0,0,0,0,0,145,42,0.920,1,2227,0,344.932,7.518,-4.063,334.063,-85.813,-0.383,0.121,0.703,-1.496,-7.367,-7.145,2.050,2.128,1.237,1.329,0,NULL,NULL,,3,0,2,7,255,1389,250,0,0
stim,181295,211416,0,211416,3408724.454,-0.603,0.127,-0.306,0.726,0,0,0,0,0,0,0,149,42,0.920,1,2227,0,356.873,7.458,5.563,343.813,-95.500,-0.391,0.137,0.688,-1.699,-7.262,-7.145,2.088,2.166,1.237,1.329,0,NULL,NULL,,3,0,2,7,255,1389,250,0,0
stim,181295,211416,0,211416,3408729.455,-0.611,0.118,-0.296,0.725,0,0,0,0,0,0,0,142,42,0.920,1,2227,0,365.926,7.485,18.125,350.125,-104.813,-0.355,0.109,0.738,-1.875,-7.246,-7.145,2.132,2.212,1.237,1.329,0,NULL,NULL,,3,0,2,7,255,1389,250,0,0
stim,181295,211416,0,211416,3408734.454,-0.619,0.110,-0.285,0.724,0,0,0,0,0,0,0,141,42,0.920,1,2227,0,368.610,7.358,28.500,351.125,-108.500,-0.242,0.156,0.738,-1.898,-7.109,-6.285,2.178,2.258,1.237,1.329,0,NULL,NULL,,3,0,2,7,255,1389,250,0,0
stim,181295,211416,0,211416,3408739.455,-0.627,0.101,-0.274,0.722,0,0,0,0,0,0,0,147,42,0.920,1,2227,0,372.409,6.651,39.750,352.438,-113.563,0.020,0.125,0.711,-2.684,-6.086,-5.664,2.226,2.308,1.237,1.329,0,NULL,NULL,,3,0,2,7,255,1389,250,0,0
stim,181332,211453,0,211453,3408744.453,-0.634,0.093,-0.262,0.722,0,0,0,0,0,0,0,148,42,0.920,1,2227,0,366.693,4.495,57.125,349.125,-96.500,0.137,0.039,0.594,-2.684,-3.605,-4.445,2.278,2.360,1.237,1.329,0,NULL,NULL,,3,0,2,7,255,1389,250,0,0
stim,181332,211453,0,211453,3408749.455,-0.640,0.086,-0.249,0.722,0,0,0,0,0,0,0,146,42,0.920,1,2227,0,358.154,3.705,90.000,338.875,-73.063,0.082,0.172,0.629,-2.895,-2.313,-4.445,2.328,2.412,1.237,1.329,0,NULL,NULL,,3,0,2,7,255,1389,250,0,0
stim,181332,211453,0,211453,3408754.453,-0.646,0.080,-0.236,0.722,0,0,0,0,0,0,0,145,42,0.920,1,2227,0,357.309,3.970,116.188,330.063,-72.313,0.063,0.191,0.730,-3.227,-2.313,-4.445,2.378,2.464,1.237,1.329,0,NULL,NULL,,3,0,2,7,255,1389,250,0,0
stim,181332,211453,0,211453,3408759.455,-0.651,0.074,-0.223,0.722,0,0,0,0,0,0,0,145,42,0.920,1,2227,0,353.039,4.251,130.750,321.875,-62.750,0.215,0.246,0.867,-3.566,-2.313,-3.848,2.424,2.508,1.237,1.329,0,NULL,NULL,,3,0,2,7,255,1389,250,0,0
stim,181332,211453,0,211453,3408764.454,-0.655,0.069,-0.209,0.723,0,0,0,0,0,0,0,139,42,0.920,1,2227,0,346.990,4.643,143.313,313.250,-41.688,0.164,0.191,0.945,-4.035,-2.297,-2.102,2.464,2.550,1.237,1.329,0,NULL,NULL,,3,0,2,7,255,1389,250,0,0
stim,181332,211453,0,211453,3408769.455,-0.659,0.064,-0.195,0.724,0,0,0,0,0,0,0,144,42,0.920,1,2227,0,350.645,4.641,163.313,308.438,-33.875,0.148,0.160,0.969,-4.035,-2.293,-1.355,2.500,2.588,1.237,1.329,0,NULL,NULL,,3,0,2,7,255,1389,250,0,0
stim,181332,211453,0,211453,3408774.454,-0.662,0.060,-0.181,0.725,0,0,0,0,0,0,0,136,42,0.920,1,2227,0,355.995,4.643,182.438,304.125,-30.938,0.117,0.203,1.180,-4.035,-2.297,-1.023,2.534,2.620,1.237,1.329,0,NULL,NULL,,3,0,2,7,255,1389,250,0,0
stim,181332,211453,0,211453,3408779.455,-0.665,0.056,-0.166,0.726,0,0,0,0,0,0,0,137,42,0.920,1,2227,0,356.946,5.258,187.375,302.625,-26.813,0.117,0.262,1.395,-4.285,-3.047,0.781,2.560,2.648,1.237,1.329,0,NULL,NULL,,3,0,2,7,255,1389,250,0,0
stim,181361,211482,0,211482,3408784.454,-0.667,0.052,-0.151,0.727,0,0,0,0,0,0,0,136,42,0.920,1,2227,0,354.928,5.897,187.625,300.563,-20.813,0.008,0.238,1.563,-4.797,-3.430,2.801,2.582,2.672,1.237,1.329,0,NULL,NULL,,3,0,2,7,255,1389,250,0,0
stim,181361,211482,0,211482,3408789.455,-0.670,0.048,-0.137,0.728,0,0,0,0,0,0,0,133,42,0.920,1,2227,0,350.933,6.815,179.500,300.375,-26.625,-0.035,0.277,1.734,-5.063,-4.563,4.234,2.604,2.694,1.237,1.329,0,NULL,NULL,,3,0,2,7,255,1389,250,0,0
stim,181361,211482,0,211482,3408794.454,-0.673,0.044,-0.123,0.728,0,0,0,0,0,0,0,133,42,0.920,1,2227,0,341.473,6.888,159.938,300.250,-29.563,0.004,0.285,1.848,-5.160,-4.563,5.848,2.620,2.710,1.237,1.329,0,NULL,NULL,,3,0,2,7,255,1389,250,0,0
stim,181361,211482,0,211482,3408799.455,-0.675,0.038,-0.110,0.729,0,0,0,0,0,0,0,133,42,0.920,1,2227,0,330.492,6.921,134.938,300.563,-26.063,0.004,0.324,1.918,-5.262,-4.496,7.199,2.638,2.728,1.237,1.329,0,NULL,NULL,,3,0,2,7,255,1389,250,0,0
stim,181361,211482,0,211482,3408804.453,-0.677,0.032,-0.097,0.728,0,0,0,0,0,0,0,139,42,0.920,1,2227,0,320.620,6.864,105.438,301.625,-26.500,-0.043,0.328,1.930,-5.430,-4.199,7.980,2.656,2.746,1.237,1.329,0,NULL,NULL,,3,0,2,7,255,1389,250,0,0
stim,181361,211482,0,211482,3408809.455,-0.680,0.025,-0.086,0.728,0,0,0,0,0,0,0,139,42,0.920,1,2227,0,313.989,6.859,76.125,302.625,-34.813,-0.070,0.273,1.848,-5.430,-4.191,7.980,2.678,2.770,1.237,1.329,0,NULL,NULL,,3,0,2,7,255,1389,250,0,0
stim,181391,211513,0,211513,3408814.454,-0.683,0.018,-0.075,0.727,0,0,0,0,0,0,0,147,42,0.920,1,2227,0,311.192,6.050,61.625,302.063,-42.438,-0.031,0.180,1.676,-4.707,-3.801,7.520,2.702,2.794,1.237,1.329,0,NULL,NULL,,3,0,2,7,255,1389,250,0,0
stim,181391,211513,0,211513,3408819.455,-0.685,0.010,-0.064,0.726,0,0,0,0,0,0,0,147,42,0.920,1,2227,0,309.653,4.479,64.938,299.563,-43.938,0.004,0.152,1.613,-3.598,-2.668,6.121,2.730,2.822,1.237,1.329,0,NULL,NULL,,3,0,2,7,255,1389,250,0,0
stim,181391,211513,0,211513,3408824.454,-0.688,0.003,-0.052,0.724,0,0,0,0,0,0,0,148,42,0.920,1,2227,0,306.340,3.669,65.938,296.250,-41.625,0.020,0.145,1.602,-3.207,-1.781,5.648,2.762,2.854,1.237,1.329,0,NULL,NULL,,3,0,2,7,255,1389,250,0,0
stim,181391,211513,0,211513,3408829.455,-0.690,-0.004,-0.041,0.723,0,0,1,0,0,0,0,151,42,0.920,1,2227,0,302.355,3.288,65.813,292.500,-39.125,0.027,0.148,1.566,-3.059,-1.207,5.625,2.796,2.888,1.237,1.329,0,NULL,NULL,,3,0,2,7,255,1389,250,0,0
stim,181391,211513,0,211513,3408834.453,-0.692,-0.010,-0.030,0.722,0,0,1,0,0,0,0,147,42,0.920,1,2227,0,298.943,3.137,75.063,287.125,-35.938,0.047,0.172,1.488,-3.059,-0.695,5.324,2.828,2.920,1.237,1.329,0,NULL,NULL,,3,0,2,7,255,1389,250,0,0
stim,181392,211513,0,211513,3408839.455,-0.693,-0.016,-0.019,0.720,0,0,2,0,0,0,0,149,42,0.920,1,2227,0,297.107,3.061,90.188,281.188,-32.750,0.035,0.195,1.504,-3.059,-0.117,4.738,2.862,2.954,1.237,1.329,0,NULL,NULL,,3,0,2,7,255,1389,250,0,0
stim,181430,211551,0,211551,3408844.454,-0.695,-0.022,-0.007,0.719,0,0,7,0,0,0,0,148,42,0.920,1,2227,0,295.332,3.062,103.125,275.125,-29.875,0.051,0.180,1.539,-3.059,0.145,4.738,2.890,2.982,1.237,1.329,0,NULL,NULL,,3,0,2,7,255,1389,250,0,0
stim,181430,211551,0,211551,3408849.455,-0.696,-0.026,0.005,0.718,0,0,4,0,0,0,0,151,42,0.920,1,2227,0,294.599,3.008,117.500,269.188,-22.813,0.086,0.160,1.555,-2.930,0.684,5.113,2.916,3.008,1.237,1.329,0,NULL,NULL,,3,0,2,7,255,1389,250,0,0
stim,181430,211551,0,211551,3408854.453,-0.697,-0.030,0.017,0.717,0,0,3,0,0,0,0,149,42,0.920,1,2227,0,295.927,3.248,132.875,264.000,-14.875,0.066,0.238,1.652,-2.930,1.402,5.254,2.938,3.030,1.237,1.329,0,NULL,NULL,,3,0,2,7,255,1389,250,0,0
stim,181430,211551,0,211551,3408859.455,-0.697,-0.033,0.029,0.716,0,0,3,0,0,0,0,148,42,0.920,1,2227,0,298.956,3.386,147.875,259.563,-11.625,0.098,0.230,1.684,-2.996,1.578,6.164,2.958,3.050,1.237,1.329,0,NULL,NULL,,3,0,2,7,255,1389,250,0,0
stim,181430,211551,0,211551,3408864.454,-0.698,-0.036,0.042,0.714,0,0,5,0,0,0,0,151,42,0.920,1,2227,0,303.811,3.997,158.438,258.875,-13.500,0.105,0.285,1.844,-3.266,2.305,6.449,2.974,3.066,1.237,1.329,0,NULL,NULL,,3,0,2,7,255,1389,250,0,0
stim,181430,211551,0,211551,3408869.455,-0.698,-0.039,0.055,0.713,0,0,9,0,0,0,0,149,42,0.920,1,2227,0,307.959,4.185,167.625,258.313,-3.938,0.254,0.184,1.848,-2.996,2.922,7.805,2.988,3.080,1.237,1.329,0,NULL,NULL,,3,0,2,7,255,1389,250,0,0
stim,181458,211579,0,211579,3408874.454,-0.697,-0.042,0.069,0.712,0,0,9,0,0,0,0,152,42,0.920,1,2227,0,311.014,5.830,169.188,260.938,4.125,0.223,0.344,1.957,-3.348,4.773,7.973,2.998,3.092,1.237,1.329,0,NULL,NULL,,3,0,2,7,255,1389,250,0,0
stim,181458,211579,0,211579,3408879.455,-0.697,-0.045,0.082,0.711,0,0,1,0,0,0,0,157,42,0.920,1,2227,0,316.601,5.666,177.250,262.125,10.438,0.348,0.285,1.926,-2.621,5.023,8.227,3.008,3.102,1.237,1.329,0,NULL,NULL,,3,0,2,7,255,1389,250,0,0
stim,181458,211579,0,211579,3408884.453,-0.696,-0.048,0.096,0.710,0,0,6,0,0,0,0,157,42,0.920,1,2227,0,321.840,7.213,185.875,262.000,19.688,0.398,0.340,2.020,-2.844,6.629,8.824,3.018,3.110,1.237,1.329,0,NULL,NULL,,3,0,2,7,255,1389,250,0,0
stim,181458,211579,0,211579,3408889.455,-0.695,-0.050,0.110,0.709,0,0,8,0,0,0,0,153,42,0.920,1,2227,0,323.826,8.144,187.375,263.000,24.188,0.500,0.336,2.098,-2.621,7.711,8.918,3.024,3.116,1.237,1.329,0,NULL,NULL,,3,0,2,7,255,1389,250,0,0
stim,181458,211579,0,211579,3408894.454,-0.693,-0.052,0.123,0.709,0,0,5,0,0,0,0,153,42,0.920,1,2227,0,323.696,9.606,188.125,260.875,36.500,0.598,0.285,2.109,-2.492,9.277,8.934,3.028,3.122,1.237,1.329,0,NULL,NULL,,3,0,2,7,255,1389,250,0,0
stim,181458,211579,0,211579,3408899.455,-0.690,-0.054,0.137,0.708,0,0,7,0,0,0,0,145,42,0.920,1,2227,0,325.916,10.819,192.063,258.000,52.625,0.648,0.285,2.152,-1.707,10.684,8.988,3.032,3.126,1.237,1.329,0,NULL,NULL,,3,0,2,7,255,1389,250,0,0
stim,181458,211579,0,211579,3408904.453,-0.688,-0.056,0.151,0.708,0,0,7,0,0,0,0,147,42,0.920,1,2227,0,323.143,11.788,188.688,254.500,63.625,0.629,0.328,2.230,-1.445,11.699,8.988,3.034,3.128,1.237,1.329,0,NULL,NULL,,3,0,2,7,255,1389,250,0,0
stim,181458,211579,0,211579,3408909.455,-0.684,-0.058,0.164,0.708,0,0,7,0,0,0,0,145,42,0.920,1,2227,0,318.086,12.243,185.125,249.188,69.375,0.648,0.336,2.289,-1.387,12.164,9.555,3.034,3.128,1.237,1.329,0,NULL,NULL,,3,0,2,7,255,1389,250,0,0
stim,181482,211603,0,211603,3408914.454,-0.681,-0.060,0.177,0.708,0,0,9,0,0,0,0,150,42,0.920,1,2227,0,310.668,12.995,177.938,243.750,73.750,0.691,0.301,2.316,-1.219,12.938,9.594,3.030,3.124,1.237,1.329,0,NULL,NULL,,3,0,2,7,255,1389,250,0,0
stim,181482,211603,0,211603,3408919.455,-0.677,-0.062,0.190,0.708,0,0,7,0,0,0,0,163,42,0.920,1,2227,0,301.032,13.852,165.313,238.625,79.688,0.734,0.262,2.309,-0.590,13.840,9.594,3.026,3.118,1.237,1.329,0,NULL,NULL,,3,0,2,7,255,1389,250,0,0
stim,181482,211603,0,211603,3408924.454,-0.673,-0.064,0.202,0.709,0,0,9,0,0,0,0,167,42,0.920,1,2227,0,290.688,14.598,150.563,233.313,86.000,0.750,0.238,2.266,0.000,14.598,9.039,3.016,3.110,1.237,1.329,0,NULL,NULL,,3,0,2,7,255,1389,250,0,0
stim,181482,211603,0,211603,3408929.455,-0.669,-0.066,0.213,0.709,0,0,9,0,0,0,0,169,42,0.920,1,2227,0,280.330,14.968,140.313,226.438,87.313,0.777,0.152,2.117,0.309,14.965,8.262,3.006,3.100,1.237,1.329,0,NULL,NULL,,3,0,2,7,255,1389,250,0,0
stim,181509,211630,0,211630,3408934.453,-0.665,-0.068,0.224,0.709,0,0,9,0,0,0,0,168,42,0.920,1,2227,0,273.053,15.063,139.125,218.375,86.688,0.789,0.047,2.051,1.043,15.027,6.398,2.992,3.084,1.237,1.329,0,NULL,NULL,,3,0,2,7,255,1389,250,0,0
stim,181509,211630,0,211630,3408939.455,-0.661,-0.070,0.234,0.710,0,0,9,0,0,0,0,165,42,0.920,1,2227,0,257.560,15.341,126.438,209.188,81.188,0.816,-0.078,1.953,2.051,15.203,5.250,2.974,3.066,1.237,1.329,0,NULL,NULL,,3,0,2,7,255,1389,250,0,0
stim,181544,211665,0,211665,3408944.454,-0.657,-0.072,0.244,0.710,0,0,10,0,0,0,0,167,42,0.920,1,2227,0,250.055,15.651,122.500,200.313,86.000,0.918,-0.352,1.734,3.164,15.328,3.730,2.952,3.044,1.237,1.329,0,NULL,NULL,,3,0,2,7,255,1389,250,0,0
stim,181544,211665,0,211665,3408949.455,-0.652,-0.073,0.254,0.711,0,0,11,0,0,0,0,167,42,0.920,1,2227,0,249.548,16.216,130.063,187.063,101.813,0.949,-0.566,1.480,5.293,15.328,0.516,2.926,3.018,1.237,1.329,0,NULL,NULL,,3,0,2,7,255,1389,250,0,0
stim,181544,211665,0,211665,3408954.453,-0.647,-0.073,0.264,0.711,0,0,8,0,0,0,0,169,42,0.920,1,2227,0,254.942,16.521,154.000,173.063,106.438,0.832,-0.590,1.406,6.848,15.035,-2.574,2.896,2.988,1.237,1.329,0,NULL,NULL,,3,0,2,7,255,1389,250,0,0
stim,181544,211665,0,211665,3408959.455,-0.643,-0.072,0.274,0.711,0,0,9,0,0,0,0,173,42,0.920,1,2227,0,255.255,15.538,179.625,157.875,89.250,0.801,-0.617,1.414,7.125,13.809,-3.105,2.860,2.952,1.237,1.329,0,NULL,NULL,,3,0,2,7,255,1389,250,0,0
stim,181544,211665,0,211665,3408964.453,-0.640,-0.070,0.285,0.710,0,0,16,0,0,0,0,181,42,0.920,1,2227,0,255.340,15.721,199.000,143.438,70.875,0.895,-0.625,1.531,7.516,13.809,-3.105,2.820,2.912,1.237,1.329,0,NULL,NULL,,3,0,2,7,255,1389,250,0,0
stim,181544,211665,0,211665,3408969.455,-0.637,-0.068,0.295,0.709,0,0,10,0,0,0,0,187,42,0.920,1,2227,0,248.331,17.063,203.063,129.688,60.125,1.008,-0.605,1.648,7.809,15.172,-3.098,2.768,2.860,1.237,1.329,0,NULL,NULL,,3,0,2,7,255,1389,250,0,0
stim,181544,211665,0,211665,3408974.454,-0.635,-0.066,0.304,0.707,0,0,9,0,0,0,0,202,42,0.920,1,2227,0,235.262,18.523,197.438,116.438,53.000,1.109,-0.555,1.754,7.809,16.797,-2.949,2.716,2.806,1.237,1.329,0,NULL,NULL,,3,0,2,7,255,1389,250,0,0
stim,181544,211665,0,211665,3408979.455,-0.633,-0.063,0.313,0.705,0,0,11,0,0,0,0,217,42,0.920,1,2227,0,215.197,19.779,182.625,106.313,40.688,1.254,-0.563,1.797,7.652,18.238,-2.949,2.662,2.750,1.237,1.329,0,NULL,NULL,,3,0,2,7,255,1389,250,0,0
stim,181544,211665,0,211665,3408984.453,-0.631,-0.062,0.321,0.703,0,0,4,0,0,0,0,234,42,0.920,1,2227,0,189.849,21.144,160.813,97.313,26.688,1.395,-0.578,1.809,7.652,19.711,-3.453,2.610,2.700,1.237,1.329,0,NULL,NULL,,3,0,2,7,255,1389,250,0,0
stim,181544,211665,0,211665,3408989.455,-0.630,-0.060,0.327,0.701,0,0,10,0,0,0,0,242,42,0.920,1,2227,0,164.522,22.377,137.250,89.938,11.875,1.559,-0.660,1.734,7.676,21.020,-4.367,2.556,2.644,1.237,1.329,0,NULL,NULL,,3,0,2,7,255,1389,250,0,0
stim,181563,211684,0,211684,3408994.454,-0.629,-0.060,0.333,0.700,0,0,11,0,0,0,0,269,42,0.920,1,2227,0,142.706,23.402,117.188,81.438,-0.188,1.707,-0.746,1.641,7.988,21.996,-6.320,2.498,2.586,1.237,1.329,0,NULL,NULL,,3,0,2,7,255,1389,250,0,0
stim,181563,211684,0,211684,3408999.455,-0.629,-0.059,0.338,0.697,0,0,16,0,0,0,0,291,42,0.920,1,2227,0,124.404,24.195,101.750,70.813,-10.438,1.820,-0.855,1.523,8.289,22.730,-8.359,2.430,2.518,1.237,1.329,0,NULL,NULL,,3,0,2,7,255,1389,250,0,0
stim,181563,211684,0,211684,3409004.453,-0.629,-0.059,0.343,0.695,0,0,10,0,0,0,0,292,42,0.920,1,2227,0,111.638,24.636,94.563,56.813,-17.125,1.902,-0.973,1.445,8.766,23.023,-10.418,2.366,2.454,1.237,1.329,0,NULL,NULL,,3,0,2,7,255,1389,250,0,0
stim,181563,211684,0,211684,3409009.455,-0.629,-0.058,0.347,0.693,0,0,11,0,0,0,0,295,42,0.920,1,2227,0,103.665,25.110,94.813,39.188,-14.875,1.961,-1.016,1.438,9.512,23.238,-12.094,2.302,2.390,1.237,1.329,0,NULL,NULL,,3,0,2,7,255,1389,250,0,0
stim,181563,211684,0,211684,3409014.453,-0.629,-0.056,0.350,0.692,0,0,10,0,0,0,0,299,42,0.920,1,2227,0,97.332,25.414,95.625,17.500,-4.813,1.898,-0.910,1.527,9.512,23.566,-12.094,2.242,2.328,1.237,1.329,0,NULL,NULL,,3,0,2,7,255,1389,250,0,0
stim,181563,211684,0,211684,3409019.455,-0.630,-0.053,0.352,0.690,0,0,13,0,0,0,0,303,42,0.920,1,2227,0,87.852,25.360,87.500,-7.625,-1.875,1.691,-0.684,1.742,9.367,23.566,-11.520,2.174,2.260,1.237,1.329,0,NULL,NULL,,3,0,2,7,255,1389,250,0,0
stim,181595,211716,0,211716,3409024.454,-0.631,-0.051,0.353,0.689,0,0,13,0,0,0,0,299,42,0.920,1,2227,0,66.334,24.563,57.625,-30.938,-11.063,1.563,-0.527,1.918,8.539,23.031,-8.090,2.104,2.190,1.237,1.329,0,NULL,NULL,,3,0,2,7,255,1389,250,0,0
stim,181595,211716,0,211716,3409029.455,-0.632,-0.049,0.352,0.689,0,0,12,0,0,0,0,300,42,0.920,1,2227,0,55.972,24.360,12.438,-53.750,-9.438,1.453,-0.406,1.973,8.125,22.965,-5.531,2.028,2.114,1.237,1.329,0,NULL,NULL,,3,0,2,7,255,1389,250,0,0
stim,181595,211716,0,211716,3409034.454,-0.633,-0.047,0.349,0.690,0,0,13,0,0,0,0,297,42,0.920,1,2227,0,82.682,23.568,-36.125,-74.188,-5.250,1.230,-0.320,1.914,7.496,22.344,-4.023,1.946,2.032,1.237,1.329,0,NULL,NULL,,3,0,2,7,255,1389,250,0,0
stim,181595,211716,0,211716,3409039.455,-0.635,-0.047,0.344,0.691,0,0,17,0,0,0,0,297,42,0.920,1,2227,0,121.705,21.332,-78.750,-90.313,-21.313,0.992,-0.293,1.750,6.938,20.172,-2.852,1.862,1.948,1.237,1.329,0,NULL,NULL,,3,0,2,7,255,1389,250,0,0
stim,181631,211752,0,211752,3409044.454,-0.637,-0.048,0.338,0.691,0,0,19,0,0,0,0,305,42,0.920,1,2227,0,151.351,18.619,-102.813,-102.875,-41.875,0.938,-0.395,1.563,6.930,17.281,-2.852,1.778,1.862,1.237,1.329,0,NULL,NULL,,3,0,2,7,255,1389,250,0,0
stim,181631,211752,0,211752,3409049.455,-0.640,-0.048,0.331,0.692,0,0,17,0,0,0,0,319,42,0.920,1,2227,0,168.580,17.201,-115.500,-113.000,-48.063,0.922,-0.410,1.508,6.887,15.762,-3.941,1.688,1.772,1.237,1.329,0,NULL,NULL,,3,0,2,7,255,1389,250,0,0
stim,181631,211752,0,211752,3409054.453,-0.643,-0.049,0.324,0.693,0,0,9,0,0,0,0,373,42,0.920,1,2227,0,185.821,16.765,-133.938,-118.438,-50.625,0.883,-0.336,1.418,6.887,15.285,-4.109,1.596,1.680,1.237,1.329,0,NULL,NULL,,3,0,2,7,255,1389,250,0,0
stim,181631,211752,0,211752,3409059.455,-0.645,-0.048,0.317,0.694,0,0,9,68,0,0,0,477,42,0.920,1,2227,0,171.563,15.985,-106.063,-131.313,-30.688,0.281,-0.602,1.820,6.887,14.426,-4.109,1.502,1.584,1.237,1.329,0,NULL,NULL,,3,0,2,7,255,1389,250,0,0
stim,181631,211752,0,211752,3409064.453,-0.639,-0.031,0.317,0.701,405,0,0,723,0,73,0,502,42,0.920,1,2227,0,441.064,17.542,190.438,-235.438,320.688,-0.797,0.691,4.590,9.980,14.426,1.184,1.402,1.482,1.237,1.329,0,NULL,NULL,,3,0,2,7,255,1389,250,0,0
stim,181631,211752,0,211752,3409069.455,-0.627,-0.031,0.302,0.718,1003,0,0,1257,0,292,0,575,42,0.920,1,2227,0,589.369,14.989,-377.063,-157.375,424.750,-1.285,2.762,4.094,9.980,11.184,32.688,1.298,1.378,1.237,1.329,0,NULL,NULL,,3,0,2,7,255,1389,250,0,0
stim,181631,211752,0,211752,3409074.454,-0.622,-0.045,0.276,0.731,1512,0,0,1637,0,519,0,667,42,0.920,1,2227,0,742.452,12.182,-715.063,-128.500,153.000,-1.793,2.188,1.426,-10.320,6.473,32.688,1.194,1.272,1.237,1.329,0,NULL,NULL,,3,0,2,7,255,1389,250,0,0
stim,181631,211752,0,211752,3409079.455,-0.621,-0.057,0.254,0.740,1880,0,0,1879,0,691,0,745,42,0.920,1,2228,0,605.690,15.758,-594.625,-110.750,31.875,-1.539,1.332,-1.004,-11.176,-11.109,16.219,1.088,1.162,1.237,1.329,1,1380.000,-9.000,,3,0,2,7,255,1389,250,0,0
stim,181631,211752,0,211752,3409084.453,-0.623,-0.062,0.241,0.741,2123,0,0,2003,0,951,0,847,42,0.920,1,2228,0,320.528,16.264,-295.875,-99.563,-72.688,-0.543,0.980,-1.383,-11.176,-11.816,-8.750,0.982,1.050,1.237,1.329,1,NULL,NULL,,3,0,2,7,255,1389,250,0,0
stim,181631,211752,0,211752,3409089.455,-0.626,-0.059,0.238,0.740,2333,0,0,2111,0,1170,0,937,42,0.920,1,2228,0,130.199,15.870,4.063,-118.000,-54.875,0.313,0.473,-0.078,-10.594,-11.816,-10.520,0.874,0.938,1.237,1.329,1,NULL,NULL,,3,0,2,7,255,1389,250,0,0
stim,181663,211784,0,211784,3409094.454,-0.625,-0.054,0.236,0.742,2495,0,0,2279,0,1333,0,1033,42,0.920,1,2228,0,138.621,5.618,21.750,-119.000,67.688,0.461,0.645,1.332,-5.316,1.816,-10.520,0.768,0.824,1.237,1.329,1,NULL,NULL,,3,0,2,7,255,1389,250,0,0
stim,181663,211784,0,211784,3409099.455,-0.621,-0.051,0.230,0.747,2688,0,0,2535,0,1399,0,1071,42,0.920,1,2228,0,210.090,6.663,-92.875,-120.813,144.625,-0.129,0.910,1.617,-5.316,4.016,1.734,0.666,0.708,1.237,1.329,2,NULL,NULL,,3,0,2,7,255,1389,250,0,0
stim,181663,211784,0,211784,3409104.453,-0.615,-0.050,0.220,0.755,2809,0,0,2687,0,1427,0,1161,42,0.920,1,2228,0,325.497,6.169,-192.813,-149.438,215.500,-1.660,-0.348,0.898,-4.684,4.016,2.980,0.562,0.588,1.237,1.329,2,NULL,NULL,,3,0,2,7,255,1389,250,0,0
stim,181663,211784,0,211784,3409109.455,-0.611,-0.049,0.208,0.762,2887,0,0,2796,0,1459,0,1263,42,0.920,1,2228,0,334.248,13.793,-248.063,-177.250,137.000,-2.059,-1.176,0.477,8.523,-10.844,2.980,0.460,0.464,1.237,1.329,2,NULL,NULL,,3,0,2,7,255,1389,250,0,0
stim,181683,211804,0,211804,3409114.453,-0.615,-0.048,0.199,0.762,2935,0,0,2899,0,1501,0,1387,42,0.920,1,2228,0,229.798,16.272,-141.250,-166.375,-71.938,-1.563,-0.789,0.352,11.500,-11.512,-1.531,0.386,0.352,1.237,1.329,2,NULL,NULL,,3,0,2,7,255,1389,250,0,0
stim,181683,211804,0,211804,3409119.455,-0.621,-0.045,0.191,0.759,2975,0,0,2951,0,1519,0,1459,42,0.920,1,2228,0,231.746,16.272,-62.625,-176.063,-137.063,-0.238,-0.016,0.875,11.500,-11.512,-1.531,0.360,0.284,1.237,1.329,2,NULL,NULL,,3,0,2,7,255,1389,250,0,0
stim,181683,211804,0,211804,3409124.454,-0.625,-0.041,0.185,0.757,3003,0,0,2999,0,1555,0,1513,42,0.920,1,2228,0,199.962,3.346,-38.000,-169.125,-99.688,0.633,-0.270,1.566,3.266,0.730,-1.152,0.374,0.256,1.237,1.329,2,NULL,NULL,,3,0,2,7,255,1389,250,0,0
stim,181683,211804,0,211804,3409129.455,-0.626,-0.038,0.178,0.758,3028,0,0,3039,0,1609,0,1553,42,0.920,1,2228,0,173.374,11.651,-84.438,-151.188,-8.438,0.930,-0.777,1.816,3.266,11.184,2.184,0.410,0.290,1.237,1.329,2,NULL,NULL,,3,0,2,7,255,1389,250,0,0
stim,181683,211804,0,211804,3409134.453,-0.624,-0.038,0.169,0.762,3048,0,0,3089,0,1695,0,1571,42,0.920,1,2228,0,218.451,15.821,-156.938,-131.875,75.500,0.777,-1.172,1.602,7.750,13.793,2.184,0.440,0.324,1.237,1.329,2,NULL,NULL,,3,0,2,7,255,1389,250,0,0
stim,181683,211804,0,211804,3409139.455,-0.620,-0.038,0.161,0.767,3052,0,0,3101,0,1799,0,1581,42,0.920,1,2228,0,247.064,16.878,-173.000,-114.625,134.063,0.316,-1.004,0.906,9.727,13.793,0.902,0.466,0.354,1.237,1.329,2,NULL,NULL,,3,0,2,7,255,1389,250,0,0
stim,181730,211851,0,211851,3409144.453,-0.616,-0.037,0.154,0.772,3061,0,0,3113,0,1897,0,1635,42,0.920,1,2228,0,221.291,12.148,-134.875,-105.563,140.125,-0.324,-0.621,0.629,9.727,7.277,-3.863,0.486,0.376,1.237,1.329,2,NULL,NULL,,3,0,2,7,255,1389,250,0,0
stim,181730,211851,0,211851,3409149.455,-0.613,-0.034,0.149,0.775,3077,0,0,3147,0,1997,0,1671,42,0.920,1,2228,0,166.898,7.169,-72.625,-115.188,96.500,-0.582,-0.086,0.582,7.168,-0.121,-3.863,0.494,0.390,1.237,1.329,2,NULL,NULL,,3,0,2,7,255,1389,250,0,0
stim,181730,211851,0,211851,3409154.454,-0.613,-0.032,0.144,0.776,3087,0,0,3145,0,2072,1,1706,42,0.920,1,2228,0,124.079,4.210,-37.250,-114.375,30.438,-0.637,0.145,1.191,2.672,-3.254,-3.145,0.492,0.400,1.237,1.329,2,NULL,NULL,,3,0,2,7,255,1389,250,0,0
stim,181730,211851,0,211851,3409159.455,-0.613,-0.029,0.139,0.777,3080,0,0,3153,0,2156,34,1783,42,0.920,1,2228,0,130.003,3.479,-65.688,-112.188,-0.125,-0.145,0.238,1.234,1.230,-3.254,2.527,0.478,0.408,1.237,1.329,2,NULL,NULL,,3,0,2,7,255,1389,250,0,0
stim,181730,211851,0,211851,3409164.453,-0.613,-0.028,0.133,0.778,3087,0,0,3148,45,2231,74,1901,42,0.920,1,2228,0,139.173,1.547,-85.125,-109.688,9.563,-0.113,0.016,1.188,1.098,1.090,2.527,0.464,0.416,1.237,1.329,2,NULL,NULL,,3,0,2,7,255,1389,250,0,0
stim,181730,211851,0,211851,3409169.455,-0.614,-0.027,0.128,0.779,3081,0,0,3155,285,2287,148,2021,42,0.920,1,2228,0,126.505,1.945,-81.938,-96.375,1.250,0.035,-0.133,1.348,1.098,1.605,2.527,0.448,0.416,1.237,1.329,2,NULL,NULL,,3,0,2,7,255,1389,250,0,0
stim,181757,211878,0,211878,3409174.454,-0.615,-0.026,0.125,0.778,3091,0,0,3151,549,2323,107,2100,42,0.920,1,2228,0,76.657,3.702,-45.875,-51.875,-32.875,0.379,-0.098,1.344,1.098,3.535,2.148,0.430,0.406,1.237,1.329,2,NULL,NULL,,3,0,2,7,255,1389,250,0,0
stim,181757,211878,0,211878,3409179.455,-0.615,-0.026,0.122,0.778,3080,0,0,3150,747,2331,111,2147,42,0.920,1,2228,0,59.833,6.658,-37.750,-45.938,-6.688,0.563,0.230,0.988,1.004,6.582,2.148,0.396,0.366,1.237,1.329,2,NULL,NULL,,3,0,2,7,255,1389,250,0,0
stim,181757,211878,0,211878,3409184.453,-0.615,-0.025,0.121,0.779,3081,0,0,3160,890,2379,123,2206,42,0.920,1,2228,0,39.549,7.126,-14.875,-34.875,11.250,0.098,0.363,1.340,-2.730,6.582,2.148,0.356,0.322,1.237,1.329,2,NULL,NULL,,3,0,2,7,255,1389,250,0,0
stim,181757,211878,0,211878,3409189.455,-0.616,-0.026,0.118,0.779,3081,0,0,3161,1069,2397,138,2267,42,0.920,1,2228,0,74.483,3.948,-69.438,-23.063,-13.938,-0.344,0.023,1.387,-2.730,2.852,3.238,0.314,0.276,1.237,1.329,2,NULL,NULL,,3,0,2,7,255,1389,250,0,0
stim,181757,211878,0,211878,3409194.453,-0.616,-0.028,0.114,0.779,3069,0,0,3159,1145,2423,152,2303,42,0.920,1,2228,0,91.505,0.440,-86.188,-20.250,-23.125,-0.117,0.043,0.781,0.297,0.324,3.238,0.278,0.242,1.237,1.329,2,NULL,NULL,,3,0,2,7,255,1389,250,0,0
stim,181757,211878,0,211878,3409199.455,-0.618,-0.029,0.112,0.778,3080,0,0,3148,1247,2425,149,2345,42,0.920,1,2228,0,60.333,0.328,-45.938,-19.000,-34.188,-0.176,0.078,0.867,0.297,-0.141,-1.094,0.248,0.218,1.237,1.329,2,NULL,NULL,,3,0,2,7,255,1389,250,0,0
stim,181757,211878,0,211878,3409204.454,-0.619,-0.029,0.111,0.777,3087,12,0,3156,1308,2447,165,2385,42,0.920,1,2228,0,61.169,0.342,-23.375,-19.313,-53.125,-0.102,0.219,1.059,0.109,0.324,-1.094,0.224,0.200,1.237,1.329,2,NULL,NULL,,3,0,2,7,255,1389,250,0,0
stim,181757,211878,0,211878,3409209.455,-0.621,-0.029,0.109,0.775,3081,20,0,3157,1389,2459,167,2405,42,0.920,1,2228,0,63.583,1.137,-31.563,-16.250,-52.750,0.051,0.148,1.133,-0.949,0.625,0.734,0.208,0.186,1.237,1.329,2,NULL,NULL,,3,0,2,7,255,1389,250,0,0
stim,181781,211902,0,211902,3409214.453,-0.622,-0.030,0.106,0.775,3079,22,0,3151,1461,2471,153,2425,42,0.920,1,2228,0,61.314,2.428,-49.563,-12.125,-34.000,0.027,0.000,1.063,-0.949,2.234,0.734,0.196,0.172,1.237,1.329,2,NULL,NULL,,3,0,2,7,255,1389,250,0,0
stim,181781,211902,0,211902,3409219.455,-0.623,-0.031,0.104,0.774,3082,39,0,3166,1541,2475,159,2451,42,0.920,1,2228,0,59.756,2.279,-52.000,-8.500,-28.188,-0.105,0.012,0.945,0.449,2.234,0.336,0.182,0.158,1.237,1.329,2,NULL,NULL,,3,0,2,7,255,1389,250,0,0
stim,181781,211902,0,211902,3409224.454,-0.625,-0.032,0.103,0.774,3089,51,0,3155,1577,2489,159,2475,42,0.920,1,2228,0,52.544,0.858,-36.250,-7.063,-37.375,-0.152,0.059,0.906,0.449,0.730,-0.535,0.172,0.142,1.237,1.329,2,NULL,NULL,,3,0,2,7,255,1389,250,0,0
stim,181781,211902,0,211902,3409229.455,-0.626,-0.033,0.102,0.772,3083,62,0,3155,1617,2495,157,2477,42,0.920,1,2228,0,50.160,0.736,-24.563,-6.063,-43.313,-0.098,0.059,0.988,0.086,0.730,-0.535,0.168,0.128,1.237,1.329,2,NULL,NULL,,3,0,2,7,255,1389,250,0,0
stim,181808,211929,0,211929,3409234.454,-0.627,-0.033,0.100,0.771,3087,71,0,3160,1652,2509,151,2491,42,0.920,1,2228,0,47.472,0.774,-24.063,-4.375,-40.688,-0.051,0.066,1.039,0.016,0.773,-0.102,0.170,0.112,1.237,1.329,2,NULL,NULL,,3,0,2,7,255,1389,250,0,0
stim,181808,211929,0,211929,3409239.455,-0.628,-0.034,0.099,0.771,3093,88,0,3169,1687,2509,141,2503,42,0.920,1,2228,0,43.124,1.288,-27.625,-2.750,-33.000,-0.031,0.086,1.039,-0.164,1.277,0.305,0.180,0.096,1.237,1.329,2,NULL,NULL,,3,0,2,7,255,1389,250,0,0
stim,181847,211968,0,211968,3409244.453,-0.629,-0.035,0.098,0.770,3087,102,0,3159,1736,2521,138,2503,42,0.920,1,2228,0,38.792,1.293,-30.250,-1.313,-24.250,-0.043,0.063,1.000,-0.203,1.277,0.305,0.196,0.080,1.237,1.329,2,NULL,NULL,,3,0,2,7,255,1389,250,0,0
stim,181847,211968,0,211968,3409249.455,-0.630,-0.035,0.097,0.770,3091,103,0,3160,1771,2531,137,2507,42,0.920,1,2228,0,33.004,1.290,-25.813,-0.375,-20.563,-0.102,0.039,0.945,-0.203,1.273,-0.059,0.210,0.070,1.237,1.329,2,NULL,NULL,,3,0,2,7,255,1389,250,0,0
stim,181847,211968,0,211968,3409254.454,-0.631,-0.036,0.096,0.769,3096,107,21,3160,1789,2527,131,2520,42,0.920,1,2228,0,27.370,0.678,-17.250,0.063,-21.250,-0.137,0.051,0.969,0.055,0.676,-0.211,0.220,0.064,1.237,1.329,2,NULL,NULL,,3,0,2,7,255,1389,250,0,0
stim,181847,211968,0,211968,3409259.455,-0.631,-0.036,0.096,0.769,3099,109,57,3164,1815,2535,123,2517,42,0.920,1,2228,0,25.074,0.534,-13.500,-0.438,-21.125,-0.125,0.004,0.969,0.082,0.527,-0.285,0.228,0.060,1.237,1.329,2,NULL,NULL,,3,0,2,7,255,1389,250,0,0
stim,181847,211968,0,211968,3409264.454,-0.632,-0.037,0.095,0.768,3095,103,62,3165,1844,2540,85,2527,42,1.005,1,2228,1,19.373,0.698,-10.813,-0.625,-16.063,-0.125,-0.008,0.984,0.457,0.527,-0.211,0.000,0.000,1.198,1.391,2,NULL,NULL,,3,0,2,7,255,1389,250,0,0
stim,181847,211968,0,211968,3409269.455,-0.632,-0.037,0.095,0.768,3089,123,78,3161,1863,2543,67,2537,42,1.005,1,2228,1,16.001,0.771,-11.063,-1.688,-11.438,-0.129,-0.027,0.953,0.563,0.527,-0.285,0.006,0.006,1.198,1.391,2,NULL,NULL,,3,0,2,7,255,1389,250,0,0
stim,181847,211968,0,211968,3409274.454,-0.633,-0.037,0.094,0.768,3089,134,77,3163,1883,2543,35,2539,42,1.005,1,2228,1,10.256,0.891,-5.563,-1.750,-8.438,-0.141,-0.039,0.953,0.727,0.516,-0.418,0.012,0.012,1.198,1.391,2,NULL,NULL,,3,0,2,7,255,1389,250,0,0
stim,181847,211968,0,211968,3409279.455,-0.633,-0.037,0.094,0.768,3095,133,122,3163,1910,2549,9,2543,42,1.005,1,2228,1,9.438,0.840,-4.375,-2.438,-8.000,-0.152,-0.023,0.977,0.727,0.422,-0.418,0.018,0.018,1.198,1.391,2,NULL,NULL,,3,0,2,7,255,1389,250,0,0
stim,181847,211968,0,211968,3409284.454,-0.633,-0.037,0.093,0.768,3089,135,135,3164,1931,2553,6,2543,42,1.005,1,2228,1,8.199,0.940,-3.688,-2.688,-6.813,-0.133,-0.043,0.961,0.840,0.422,-0.363,0.024,0.024,1.198,1.391,2,NULL,NULL,,3,0,2,7,255,1389,250,0,0
stim,181847,211968,0,211968,3409289.455,-0.633,-0.037,0.093,0.768,3099,135,152,3167,1944,2554,7,2556,42,1.005,1,2228,1,4.078,0.996,-1.875,-3.375,-1.313,-0.137,-0.070,0.953,0.863,0.496,-0.363,0.030,0.030,1.198,1.391,2,NULL,NULL,,3,0,2,7,255,1389,250,0,0
stim,181847,211968,0,211968,3409294.453,-0.633,-0.037,0.093,0.768,3095,139,163,3160,1963,2565,8,2555,42,1.005,1,2228,1,5.598,1.092,-0.063,-4.875,2.750,-0.164,-0.051,0.949,0.973,0.496,-0.441,0.034,0.034,1.198,1.391,2,NULL,NULL,,3,0,2,7,255,1389,250,0,0
stim,181847,211968,0,211968,3409299.455,-0.633,-0.037,0.093,0.768,3097,143,171,3167,1977,2567,1,2577,42,1.005,1,2228,1,7.214,0.991,4.000,-5.813,1.500,-0.180,-0.004,0.953,0.973,0.191,-0.441,0.038,0.038,1.198,1.391,2,NULL,NULL,,3,0,2,7,255,1389,250,0,0
stim,181871,211992,0,211992,3409304.453,-0.633,-0.037,0.093,0.768,3087,139,205,3151,1994,2579,0,2573,42,1.005,1,2228,1,8.695,0.592,5.563,-6.625,-0.875,-0.168,0.016,0.988,0.582,0.109,-0.336,0.040,0.040,1.198,1.391,2,NULL,NULL,,3,0,2,7,255,1389,250,0,0
stim,181871,211992,0,211992,3409309.455,-0.633,-0.036,0.093,0.768,3082,141,215,3151,2007,2571,0,2588,42,1.005,1,2228,1,10.687,0.391,6.875,-7.750,-2.625,-0.168,0.023,0.961,0.387,0.055,-0.250,0.040,0.042,1.198,1.391,2,NULL,NULL,,3,0,2,7,255,1389,250,0,0
stim,181871,211992,0,211992,3409314.454,-0.633,-0.036,0.093,0.767,3089,141,224,3133,2019,2583,0,2583,42,1.005,1,2228,1,12.756,0.331,9.625,-7.688,-3.313,-0.148,0.031,1.004,0.313,0.109,-0.012,0.042,0.042,1.198,1.391,2,NULL,NULL,,3,0,2,7,255,1389,250,0,0
stim,181871,211992,0,211992,3409319.455,-0.633,-0.035,0.093,0.767,3077,140,233,3132,2027,2583,0,2589,42,1.005,1,2228,1,10.346,0.361,6.625,-7.938,0.375,-0.137,0.047,1.020,0.230,0.277,0.137,0.042,0.042,1.198,1.391,2,NULL,NULL,,3,0,2,7,255,1389,250,0,0
stim,181894,212015,0,212015,3409324.454,-0.633,-0.035,0.093,0.767,3067,138,245,3141,2041,2579,0,2601,42,1.005,1,2228,1,9.797,0.284,5.188,-8.125,1.750,-0.164,0.078,0.992,0.063,0.277,0.137,0.044,0.042,1.198,1.391,2,NULL,NULL,,3,0,2,7,255,1389,250,0,0
stim,181894,212015,0,212015,3409329.455,-0.633,-0.034,0.093,0.767,3065,133,279,3124,2045,2583,0,2609,42,1.005,1,2228,1,10.822,0.201,6.750,-8.188,-2.125,-0.184,0.094,1.000,-0.199,0.023,0.203,0.042,0.042,1.198,1.391,2,NULL,NULL,,3,0,2,7,255,1389,250,0,0
stim,181894,212015,0,212015,3409334.453,-0.634,-0.034,0.093,0.767,3061,125,295,3112,2063,2584,0,2608,42,1.005,1,2228,1,12.845,0.208,6.875,-8.688,-6.500,-0.164,0.082,0.996,-0.207,0.016,0.102,0.042,0.040,1.198,1.391,2,NULL,NULL,,3,0,2,7,255,1389,250,0,0
stim,181894,212015,0,212015,3409339.455,-0.634,-0.033,0.093,0.767,3067,132,325,3109,2076,2583,0,2613,42,1.005,1,2228,1,14.394,0.293,9.375,-9.000,-6.188,-0.141,0.094,0.996,-0.293,0.016,0.102,0.042,0.038,1.198,1.391,2,NULL,NULL,,3,0,2,7,255,1389,250,0,0
stim,181931,212052,0,212052,3409344.454,-0.634,-0.033,0.093,0.767,3054,124,340,3099,2085,2583,0,2622,42,1.005,1,2228,1,12.254,0.439,7.375,-8.625,-4.625,-0.129,0.148,1.051,-0.387,0.207,0.102,0.040,0.036,1.198,1.391,2,NULL,NULL,,3,0,2,7,255,1389,250,0,0
stim,181931,212052,0,212052,3409349.455,-0.634,-0.032,0.093,0.767,3041,121,356,3087,2099,2587,0,2621,42,1.005,1,2228,1,10.093,0.903,3.250,-9.188,-2.625,-0.129,0.180,1.023,-0.879,0.207,0.379,0.040,0.032,1.198,1.391,2,NULL,NULL,,3,0,2,7,255,1389,250,0,0
stim,181931,212052,0,212052,3409354.453,-0.634,-0.032,0.093,0.767,3044,121,375,3081,2115,2595,0,2635,42,1.005,1,2228,1,10.333,1.221,3.125,-9.000,-4.000,-0.141,0.188,1.047,-1.207,0.184,0.613,0.038,0.030,1.198,1.391,2,NULL,NULL,,3,0,2,7,255,1389,250,0,0
stim,181931,212052,0,212052,3409359.455,-0.635,-0.031,0.092,0.767,3023,125,411,3063,2135,2587,0,2649,42,1.005,1,2228,1,10.413,1.221,-0.563,-9.313,-4.625,-0.121,0.168,1.031,-1.207,0.184,0.430,0.036,0.026,1.198,1.391,2,NULL,NULL,,3,0,2,7,255,1389,250,0,0
stim,181931,212052,0,212052,3409364.453,-0.635,-0.031,0.092,0.767,3014,132,477,3063,2165,2591,0,2651,42,1.005,1,2228,1,9.738,1.100,-0.688,-9.625,-1.313,-0.133,0.168,1.000,-1.094,0.113,0.430,0.036,0.022,1.198,1.391,2,NULL,NULL,,3,0,2,7,255,1389,250,0,0
stim,181931,212052,0,212052,3409369.455,-0.635,-0.030,0.092,0.767,3012,141,506,3051,2199,2591,0,2666,42,1.005,1,2228,1,10.984,1.057,-0.500,-10.938,0.875,-0.168,0.156,1.000,-1.051,0.113,0.207,0.036,0.018,1.198,1.391,2,NULL,NULL,,3,0,2,7,255,1389,250,0,0
stim,181959,212080,0,212080,3409374.454,-0.635,-0.030,0.092,0.767,2984,138,535,3033,2223,2597,0,2667,42,1.005,1,2228,1,12.077,0.930,0.563,-12.063,-0.188,-0.184,0.152,1.004,-0.902,-0.227,0.207,0.038,0.018,1.198,1.391,2,NULL,NULL,,3,0,2,7,255,1389,250,0,0
stim,181959,212080,0,212080,3409379.455,-0.635,-0.029,0.091,0.767,2973,147,583,3018,2249,2598,0,2675,42,1.005,1,2228,1,13.055,0.930,1.438,-12.563,-3.250,-0.160,0.172,1.023,-0.902,-0.227,0.254,0.038,0.016,1.198,1.391,2,NULL,NULL,,3,0,2,7,255,1389,250,0,0
stim,181959,212080,0,212080,3409384.453,-0.635,-0.029,0.091,0.767,2959,152,632,3007,2273,2603,13,2683,42,1.005,1,2228,1,13.000,1.060,1.438,-12.438,-3.500,-0.102,0.164,1.027,-1.047,-0.168,0.375,0.040,0.016,1.198,1.391,2,NULL,NULL,,3,0,2,7,255,1389,250,0,0
stim,181959,212080,0,212080,3409389.455,-0.635,-0.028,0.091,0.767,2953,169,686,3013,2303,2602,22,2697,42,1.005,1,2228,1,11.856,1.123,0.250,-11.750,1.563,-0.094,0.160,1.039,-1.047,0.406,0.426,0.040,0.014,1.198,1.391,2,NULL,NULL,,3,0,2,7,255,1389,250,0,0
stim,181959,212080,0,212080,3409394.454,-0.635,-0.028,0.090,0.767,2937,173,721,2991,2333,2601,26,2698,42,1.005,1,2228,1,12.277,1.145,-6.250,-10.563,0.313,-0.168,0.184,1.070,-1.070,0.406,0.480,0.040,0.014,1.198,1.391,2,NULL,NULL,,3,0,2,7,255,1389,250,0,0
stim,181959,212080,0,212080,3409399.455,-0.635,-0.028,0.090,0.767,2925,180,777,2991,2357,2599,51,2719,42,1.005,1,2228,1,18.158,1.060,-12.500,-9.188,-9.438,-0.168,0.133,1.000,-1.039,-0.211,0.480,0.040,0.014,1.198,1.391,2,NULL,NULL,,3,0,2,7,255,1389,250,0,0
stim,181959,212080,0,212080,3409404.453,-0.636,-0.028,0.089,0.766,2909,186,816,2968,2395,2605,101,2717,42,1.005,1,2228,1,17.571,0.700,-9.000,-8.813,-12.250,-0.129,0.055,0.961,-0.668,-0.211,0.199,0.040,0.014,1.198,1.391,2,NULL,NULL,,3,0,2,7,255,1389,250,0,0
stim,181959,212080,0,212080,3409409.455,-0.636,-0.028,0.089,0.766,2889,189,888,2949,2427,2604,166,2725,42,1.005,1,2228,1,16.505,0.114,-8.563,-7.813,-11.750,-0.148,0.039,1.020,-0.012,0.113,0.199,0.040,0.014,1.198,1.391,2,NULL,NULL,,3,0,2,7,255,1389,250,0,0
stim,181987,212108,0,212108,3409414.453,-0.637,-0.028,0.088,0.766,2872,215,956,2933,2451,2613,204,2731,42,1.005,1,2228,1,21.464,0.114,-15.250,-7.250,-13.250,-0.172,0.074,1.035,-0.012,0.113,0.273,0.038,0.014,1.198,1.391,2,NULL,NULL,,3,0,2,7,255,1389,250,0,0
stim,181987,212108,0,212108,3409419.455,-0.637,-0.029,0.087,0.765,2859,227,1066,2925,2479,2614,243,2757,42,1.005,1,2228,1,31.160,0.136,-23.750,-7.438,-18.750,-0.195,0.066,1.000,-0.031,-0.133,0.273,0.036,0.014,1.198,1.391,2,NULL,NULL,,3,0,2,7,255,1389,250,0,0
stim,181987,212108,0,212108,3409424.454,-0.638,-0.029,0.086,0.765,2833,231,1117,2911,2503,2611,308,2757,42,1.005,1,2228,1,35.723,0.299,-25.688,-8.000,-23.500,-0.188,-0.004,0.949,-0.031,-0.297,0.195,0.036,0.014,1.198,1.391,2,NULL,NULL,,3,0,2,7,255,1389,250,0,0
stim,181987,212108,0,212108,3409429.455,-0.639,-0.030,0.085,0.764,2813,239,1191,2903,2523,2615,318,2765,42,1.005,1,2228,1,30.587,0.664,-17.188,-10.125,-23.188,-0.156,-0.020,0.883,0.594,-0.297,-0.375,0.036,0.016,1.198,1.391,2,NULL,NULL,,3,0,2,7,255,1389,250,0,0
stim,181987,212108,0,212108,3409434.453,-0.640,-0.030,0.084,0.764,2786,238,1273,2885,2547,2615,373,2777,42,1.005,1,2228,1,27.631,0.604,-6.188,-11.313,-24.438,-0.160,0.004,0.934,0.594,-0.113,-0.559,0.036,0.016,1.198,1.391,2,NULL,NULL,,3,0,2,7,255,1389,250,0,0
stim,181987,212108,0,212108,3409439.455,-0.640,-0.029,0.084,0.763,2765,245,1321,2860,2572,2611,426,2781,42,1.005,1,2228,1,29.182,0.473,-2.375,-12.125,-26.438,-0.121,0.020,0.980,0.461,-0.105,-0.559,0.036,0.016,1.198,1.391,2,NULL,NULL,,3,0,2,7,255,1389,250,0,0
stim,182041,212162,0,212162,3409444.454,-0.641,-0.029,0.083,0.762,2740,247,1367,2855,2580,2618,441,2793,42,1.005,1,2228,1,26.831,0.406,-3.813,-12.375,-23.500,-0.070,0.035,1.000,0.250,0.320,-0.152,0.036,0.016,1.198,1.391,2,NULL,NULL,,3,0,2,7,255,1389,250,0,0
stim,182041,212162,0,212162,3409449.455,-0.642,-0.029,0.082,0.762,2722,245,1461,2839,2599,2613,535,2811,42,1.005,1,2228,1,25.366,0.497,-7.813,-12.000,-20.938,-0.098,0.035,1.000,0.035,0.496,-0.004,0.036,0.018,1.198,1.391,2,NULL,NULL,,3,0,2,7,255,1389,250,0,0
stim,182041,212162,0,212162,3409454.454,-0.643,-0.029,0.082,0.761,2696,251,1532,2825,2617,2615,604,2804,42,1.005,1,2228,1,23.395,0.497,-8.563,-12.063,-18.125,-0.105,-0.012,0.957,0.035,0.496,-0.004,0.038,0.018,1.198,1.391,2,NULL,NULL,,3,0,2,7,255,1389,250,0,0
stim,182041,212162,0,212162,3409459.455,-0.643,-0.029,0.081,0.761,2664,260,1595,2797,2641,2619,715,2811,42,1.005,1,2228,1,19.911,0.595,-3.938,-12.563,-14.938,-0.125,0.000,0.953,0.395,0.445,-0.398,0.042,0.018,1.198,1.391,2,NULL,NULL,,3,0,2,7,255,1389,250,0,0
stim,182041,212162,0,212162,3409464.453,-0.644,-0.028,0.081,0.760,2636,260,1650,2780,2659,2619,820,2823,42,1.005,1,2228,1,23.120,0.439,1.125,-13.125,-19.000,-0.152,0.117,0.977,0.395,0.191,-0.398,0.042,0.018,1.198,1.391,2,NULL,NULL,,3,0,2,7,255,1389,250,0,0
stim,182041,212162,1,212162,3409469.455,-0.645,-0.028,0.080,0.760,2607,265,1737,2763,2681,2611,903,2837,42,1.005,1,2228,1,26.708,0.665,1.313,-13.188,-23.188,-0.109,0.109,1.035,-0.637,0.191,-0.086,0.042,0.016,1.198,1.391,2,NULL,NULL,,3,1,2,7,255,1389,250,0,0
stim,182041,212162,1,212162,3409474.454,-0.645,-0.027,0.080,0.759,2553,269,1799,2735,2693,2621,1015,2837,42,1.005,1,2228,1,26.093,0.665,-7.000,-13.125,-21.438,-0.125,0.090,1.059,-0.637,0.191,0.426,0.044,0.016,1.198,1.391,2,NULL,NULL,,3,1,2,7,255,1389,250,0,0
stim,182041,212162,1,212162,3409479.455,-0.646,-0.027,0.079,0.759,2515,281,1860,2719,2697,2616,1117,2841,42,1.005,1,2228,1,27.621,0.479,-11.125,-13.500,-21.375,-0.117,0.047,0.996,-0.430,0.211,0.426,0.044,0.016,1.198,1.391,2,NULL,NULL,,3,1,2,7,255,1389,250,0,0
stim,182041,212162,1,212162,3409484.453,-0.647,-0.027,0.078,0.758,2473,285,1903,2696,2719,2615,1183,2854,42,1.005,1,2228,1,22.574,0.199,-11.000,-13.750,-14.125,-0.129,0.043,0.996,-0.055,0.191,0.027,0.046,0.016,1.198,1.391,2,NULL,NULL,,3,1,2,7,255,1389,250,0,0
stim,182041,212162,1,212162,3409489.455,-0.647,-0.027,0.077,0.758,2424,295,1945,2659,2729,2616,1299,2860,42,1.005,1,2228,1,24.027,0.129,-9.438,-14.625,-16.563,-0.137,0.055,1.027,-0.055,0.117,0.027,0.048,0.016,1.198,1.391,2,NULL,NULL,,3,1,2,7,255,1389,250,0,0
stim,182059,212180,1,212180,3409494.453,-0.648,-0.027,0.076,0.757,2374,298,2003,2633,2743,2616,1392,2863,42,1.005,1,2228,1,29.682,0.122,-14.625,-15.125,-20.938,-0.180,0.117,1.016,-0.109,0.055,0.313,0.050,0.018,1.198,1.391,2,NULL,NULL,,3,1,2,7,255,1389,250,0,0
stim,182059,212181,1,212181,3409499.455,-0.649,-0.027,0.075,0.757,2314,309,2083,2604,2759,2617,1491,2871,42,1.005,1,2228,1,34.299,0.122,-14.063,-14.563,-27.688,-0.117,0.043,1.016,-0.109,0.055,0.313,0.050,0.018,1.198,1.391,2,NULL,NULL,,3,1,2,7,255,1389,250,0,0
stim,182059,212181,1,212181,3409504.454,-0.650,-0.027,0.074,0.756,2255,301,2155,2569,2771,2615,1583,2879,42,1.005,1,2228,1,34.680,0.337,-14.188,-15.875,-27.375,-0.141,0.070,0.969,-0.305,-0.145,0.227,0.052,0.018,1.198,1.391,2,NULL,NULL,,3,1,2,7,255,1389,250,0,0
stim,182059,212181,1,212181,3409509.455,-0.651,-0.027,0.073,0.755,2187,307,2213,2523,2783,2614,1658,2887,42,1.005,1,2228,1,30.856,0.208,-12.375,-14.625,-24.188,-0.074,-0.055,1.004,-0.047,0.203,-0.020,0.052,0.020,1.198,1.391,2,NULL,NULL,,3,1,2,7,255,1389,250,0,0
stim,182082,212203,1,212203,3409514.453,-0.651,-0.027,0.072,0.755,2111,311,2257,2477,2807,2607,1737,2891,42,1.005,1,2228,1,29.437,0.342,-12.500,-15.750,-21.500,-0.133,0.000,0.984,0.340,0.039,-0.094,0.052,0.020,1.198,1.391,2,NULL,NULL,,3,1,2,7,255,1389,250,0,0
stim,182082,212203,1,212203,3409519.455,-0.652,-0.026,0.072,0.754,2031,309,2298,2427,2807,2613,1823,2895,42,1.005,1,2228,1,29.567,0.392,-10.438,-16.438,-22.250,-0.105,0.031,0.969,0.340,0.195,-0.094,0.054,0.022,1.198,1.391,2,NULL,NULL,,3,1,2,7,255,1389,250,0,0
stim,182082,212203,1,212203,3409524.454,-0.653,-0.026,0.071,0.754,1957,306,2350,2381,2824,2613,1914,2901,42,1.005,1,2228,1,31.154,0.040,-4.500,-16.063,-26.313,-0.176,0.117,1.012,-0.008,0.039,-0.094,0.054,0.024,1.198,1.391,2,NULL,NULL,,3,1,2,7,255,1389,250,0,0
stim,182082,212203,1,212203,3409529.455,-0.654,-0.026,0.070,0.753,1885,299,2397,2323,2837,2607,1977,2905,42,1.005,1,2228,1,39.253,0.308,-9.500,-16.000,-34.563,-0.098,0.055,1.105,-0.238,0.195,0.285,0.054,0.024,1.198,1.391,2,NULL,NULL,,3,1,2,7,255,1389,250,0,0
stim,182110,212231,1,212231,3409534.453,-0.655,-0.026,0.069,0.752,1799,288,2437,2269,2846,2607,2043,2909,42,1.005,1,2228,1,41.686,0.454,-24.563,-15.188,-30.063,-0.094,0.035,1.113,-0.238,0.387,1.063,0.054,0.024,1.198,1.391,2,NULL,NULL,,3,1,2,7,255,1389,250,0,0
stim,182110,212231,1,212231,3409539.455,-0.656,-0.027,0.067,0.751,1676,278,2473,2206,2855,2603,2095,2915,42,1.005,1,2228,1,51.818,0.454,-38.563,-14.750,-31.313,-0.137,0.070,1.059,-0.238,0.387,1.063,0.054,0.024,1.198,1.391,2,NULL,NULL,,3,1,2,7,255,1389,250,0,0
stim,182137,212258,1,212258,3409544.453,-0.657,-0.028,0.065,0.750,1576,279,2506,2134,2867,2601,2159,2919,42,1.005,1,2228,1,63.064,0.408,-44.375,-14.750,-42.313,-0.180,0.070,1.023,-0.398,-0.090,0.668,0.056,0.024,1.198,1.391,2,NULL,NULL,,3,1,2,7,255,1389,250,0,0
stim,182137,212258,1,212258,3409549.455,-0.659,-0.028,0.063,0.749,1453,264,2537,2043,2875,2597,2213,2923,42,1.005,1,2228,1,69.715,0.408,-43.563,-14.813,-52.375,-0.086,0.027,0.945,-0.398,-0.090,0.359,0.056,0.024,1.198,1.391,2,NULL,NULL,,3,1,2,7,255,1389,250,0,0
stim,182137,212258,1,212258,3409554.454,-0.661,-0.029,0.062,0.748,1309,262,2570,1945,2887,2591,2261,2925,42,1.005,1,2228,1,56.395,0.306,-31.688,-15.500,-44.000,-0.031,-0.008,0.895,-0.145,0.270,-0.516,0.056,0.024,1.198,1.391,2,NULL,NULL,,3,1,2,7,255,1389,250,0,0
stim,182137,212258,1,212258,3409559.455,-0.662,-0.029,0.060,0.747,1211,253,2592,1879,2899,2587,2310,2931,42,1.005,1,2228,1,46.285,0.566,-19.938,-15.750,-38.688,-0.066,-0.066,0.969,0.090,0.559,-0.516,0.058,0.024,1.198,1.391,2,NULL,NULL,,3,1,2,7,255,1389,250,0,0
stim,182137,212258,1,212258,3409564.453,-0.663,-0.029,0.059,0.746,1095,243,2627,1791,2905,2583,2343,2936,42,1.005,1,2228,1,41.370,0.662,-21.750,-17.000,-30.813,-0.094,-0.031,1.047,0.355,0.559,-0.313,0.058,0.026,1.198,1.391,2,NULL,NULL,,3,1,2,7,255,1389,250,0,0
stim,182137,212258,1,212258,3409569.455,-0.664,-0.029,0.057,0.745,971,245,2649,1685,2915,2581,2381,2939,42,1.005,1,2228,1,41.443,0.494,-26.125,-16.063,-27.875,-0.137,0.000,1.059,0.355,0.344,0.457,0.058,0.026,1.198,1.391,2,NULL,NULL,,3,1,2,7,255,1389,250,0,0
stim,182137,212258,1,212258,3409574.454,-0.665,-0.030,0.056,0.744,821,235,2675,1557,2923,2572,2423,2943,42,1.005,1,2228,1,48.812,0.142,-32.938,-17.813,-31.313,-0.148,0.035,1.066,0.074,-0.121,0.641,0.058,0.026,1.198,1.391,2,NULL,NULL,,3,1,2,7,255,1389,250,0,0
stim,182137,212258,1,212258,3409579.455,-0.666,-0.030,0.054,0.743,663,189,2702,1413,2931,2557,2459,2948,42,1.005,1,2228,1,55.425,0.392,-36.375,-19.250,-37.125,-0.164,0.066,1.031,-0.281,-0.273,0.641,0.060,0.028,1.198,1.391,2,NULL,NULL,,3,1,2,7,255,1389,250,0,0
stim,182137,212258,1,212258,3409584.453,-0.667,-0.031,0.052,0.742,535,173,2725,1239,2934,2555,2455,2952,42,1.005,1,2228,1,54.900,0.643,-33.750,-19.938,-38.438,-0.121,0.074,0.996,-0.582,-0.273,0.430,0.060,0.028,1.198,1.391,2,NULL,NULL,,3,1,2,7,255,1389,250,0,0
stim,182137,212258,1,212258,3409589.455,-0.669,-0.031,0.051,0.741,372,139,2747,1058,2953,2541,2535,2957,42,1.005,1,2228,1,54.044,0.655,-27.188,-20.563,-41.938,-0.141,0.047,1.043,-0.582,-0.301,0.430,0.060,0.028,1.198,1.391,2,NULL,NULL,,3,1,2,7,255,1389,250,0,0
stim,182164,212285,1,212285,3409594.453,-0.670,-0.031,0.049,0.740,275,83,2780,893,2959,2527,2567,2963,42,1.005,1,2228,1,56.765,0.542,-30.063,-22.750,-42.438,-0.102,0.043,1.059,-0.512,-0.180,0.516,0.060,0.030,1.198,1.391,2,NULL,NULL,,3,1,2,7,255,1389,250,0,0
stim,182164,212285,1,212285,3409599.455,-0.671,-0.031,0.047,0.739,141,71,2799,711,2969,2515,2597,2965,42,1.005,1,2228,1,57.275,0.576,-29.813,-23.063,-43.125,-0.137,0.020,1.043,-0.496,-0.293,0.516,0.060,0.030,1.198,1.391,2,NULL,NULL,,3,1,2,7,255,1389,250,0,0
stim,182164,212285,1,212285,3409604.454,-0.673,-0.031,0.046,0.738,83,38,2821,567,2975,2495,2619,2968,42,1.005,1,2228,1,60.364,0.277,-31.000,-24.750,-45.500,-0.086,0.008,1.039,-0.266,0.078,0.484,0.060,0.032,1.198,1.391,2,NULL,NULL,,3,1,2,7,255,1389,250,0,0
stim,182164,212285,1,212285,3409609.455,-0.674,-0.031,0.044,0.737,43,20,2837,379,2983,2479,2647,2971,42,1.005,1,2228,1,55.694,0.310,-27.688,-25.875,-40.813,-0.082,0.020,1.016,-0.266,0.160,0.387,0.060,0.034,1.198,1.391,2,NULL,NULL,,3,1,2,7,255,1389,250,0,0
stim,182164,212285,1,212285,3409614.453,-0.675,-0.031,0.042,0.735,20,0,2847,203,2989,2453,2661,2973,42,1.005,1,2228,1,59.555,0.440,-25.750,-27.500,-46.125,-0.063,0.020,1.004,-0.391,0.203,0.156,0.060,0.034,1.198,1.391,2,NULL,NULL,,3,1,2,7,255,1389,250,0,0
stim,182164,212285,1,212285,3409619.455,-0.677,-0.031,0.040,0.734,0,0,2859,134,2971,2427,2692,2975,42,1.005,1,2228,1,55.148,0.514,-19.625,-31.063,-41.125,-0.016,0.023,1.012,-0.402,0.320,0.051,0.060,0.036,1.198,1.391,2,NULL,NULL,,3,1,2,7,255,1389,250,0,0
stim,182193,212314,1,212314,3409624.454,-0.678,-0.030,0.039,0.733,0,0,2873,85,3003,2397,2711,2981,42,1.005,1,2228,1,53.668,0.537,-19.625,-32.125,-38.250,-0.055,-0.012,0.977,-0.402,0.355,0.047,0.060,0.036,1.198,1.391,2,NULL,NULL,,3,1,2,7,255,1389,250,0,0
stim,182193,212314,1,212314,3409629.455,-0.679,-0.029,0.038,0.733,0,0,2879,61,3013,2374,2725,2981,42,1.005,1,2228,0,44.554,0.393,5.375,-36.313,-25.250,-0.215,-0.063,1.023,-0.168,0.355,0.047,0.060,0.038,1.198,1.391,3,NULL,NULL,,3,1,2,7,255,1389,250,0,0
stim,182193,212314,1,212314,3409634.453,-0.680,-0.027,0.037,0.732,0,0,2891,9,3018,2345,2747,2983,42,1.005,1,2228,0,54.941,1.249,19.250,-43.375,-27.688,-0.332,-0.133,1.168,0.441,-1.168,0.391,0.058,0.040,1.198,1.391,3,NULL,NULL,,3,1,2,7,255,1389,250,0,0
stim,182193,212314,1,212314,3409639.455,-0.681,-0.025,0.036,0.731,0,0,2899,0,3023,2315,2775,2982,42,1.005,1,2228,0,69.807,2.081,20.875,-48.000,-46.188,-0.305,-0.105,1.297,0.918,-1.867,1.898,0.058,0.042,1.198,1.391,3,NULL,NULL,,3,1,2,7,255,1389,250,0,0
stim,182248,212369,1,212369,3409644.453,-0.683,-0.023,0.035,0.729,0,0,2905,0,3029,2285,2795,2986,42,1.005,1,2228,0,73.083,2.081,22.750,-52.688,-45.250,-0.207,-0.016,1.414,0.918,-1.867,3.121,0.058,0.044,1.198,1.391,3,NULL,NULL,,3,1,2,7,255,1389,250,0,0
stim,182248,212369,1,212369,3409649.455,-0.684,-0.021,0.034,0.729,0,0,2907,0,3013,2255,2809,2985,42,1.005,1,2228,0,62.723,0.935,2.750,-58.813,-21.625,-0.059,0.137,1.367,-0.047,-0.934,3.586,0.056,0.046,1.198,1.391,3,NULL,NULL,,3,1,2,7,255,1389,250,0,0
stim,182248,212369,1,212369,3409654.454,-0.684,-0.020,0.031,0.729,0,0,2911,0,3038,2217,2825,2987,42,1.005,1,2228,0,68.678,1.053,-37.313,-56.188,-12.938,0.012,0.074,1.141,-1.004,0.316,3.586,0.056,0.050,1.198,1.391,3,NULL,NULL,,3,1,2,7,255,1389,250,0,0
stim,182248,212369,1,212369,3409659.455,-0.684,-0.019,0.028,0.729,0,0,2916,0,3043,2168,2837,2987,42,1.005,1,2228,0,67.466,1.053,-31.875,-59.063,6.875,-0.094,-0.063,0.977,-1.004,0.316,1.313,0.054,0.052,1.198,1.391,3,NULL,NULL,,3,1,2,7,255,1389,250,0,0
stim,182248,212369,1,212369,3409664.453,-0.683,-0.018,0.026,0.730,0,0,2917,0,3049,2115,2848,2987,42,1.005,1,2228,0,67.105,0.497,-10.438,-64.250,16.313,-0.188,-0.137,0.977,0.398,-0.297,-0.113,0.050,0.058,1.198,1.391,3,NULL,NULL,,3,1,2,7,255,1389,250,0,0
stim,182248,212369,1,212369,3409669.455,-0.683,-0.016,0.024,0.730,0,0,2919,0,3052,2043,2861,2989,42,1.005,1,2228,0,66.412,1.677,2.375,-66.313,2.750,-0.238,-0.156,1.016,1.176,-1.195,-0.113,0.046,0.062,1.198,1.391,3,NULL,NULL,,3,1,2,7,255,1389,250,0,0
stim,182248,212369,1,212369,3409674.454,-0.684,-0.014,0.022,0.729,0,0,2919,0,3055,1973,2877,2988,42,1.005,1,2228,0,70.863,1.761,8.000,-69.188,-13.063,-0.176,-0.152,1.074,1.293,-1.195,0.273,0.042,0.070,1.198,1.391,3,NULL,NULL,,3,1,2,7,255,1389,250,0,0
stim,182248,212369,1,212369,3409679.455,-0.684,-0.011,0.020,0.729,0,0,2909,0,3032,1898,2888,2989,42,1.005,1,2228,0,72.537,1.740,4.938,-71.063,-13.688,-0.086,-0.125,1.086,1.293,-1.164,0.820,0.038,0.074,1.198,1.391,3,NULL,NULL,,3,1,2,7,255,1389,250,0,0
stim,182248,212369,1,212369,3409684.453,-0.684,-0.009,0.018,0.729,0,0,2915,0,3061,1817,2893,2987,42,1.005,1,2228,0,73.650,1.040,7.125,-73.125,-5.125,-0.039,-0.082,1.078,0.980,-0.348,0.820,0.036,0.078,1.198,1.391,3,NULL,NULL,,3,1,2,7,255,1389,250,0,0
stim,182248,212369,1,212369,3409689.455,-0.684,-0.007,0.016,0.729,0,0,2911,0,3063,1746,2905,2987,42,1.005,1,2228,0,74.257,0.980,-0.875,-73.375,11.375,0.035,-0.168,1.203,0.980,0.008,0.863,0.034,0.080,1.198,1.391,3,NULL,NULL,,3,1,2,7,255,1389,250,0,0
stim,182248,212369,1,212369,3409694.453,-0.683,-0.005,0.013,0.731,0,0,2905,0,3051,1659,2911,2984,42,1.005,1,2228,0,87.146,0.859,-21.438,-76.500,35.813,-0.031,-0.117,1.148,0.859,0.008,1.461,0.034,0.082,1.198,1.391,3,NULL,NULL,,3,1,2,7,255,1389,250,0,0
stim,182248,212369,1,212369,3409699.455,-0.682,-0.003,0.010,0.732,0,0,2903,0,3077,1533,2923,2985,42,1.005,1,2228,0,86.004,0.859,-22.438,-77.750,29.125,-0.211,0.059,1.016,0.859,0.004,1.461,0.032,0.086,1.198,1.391,3,NULL,NULL,,3,1,2,7,255,1389,250,0,0
stim,182272,212394,1,212394,3409704.454,-0.681,-0.001,0.008,0.732,0,0,2891,0,3080,1427,2931,2983,42,1.005,1,2228,0,81.961,1.933,-7.125,-81.125,9.250,-0.184,0.078,0.977,-0.742,-1.785,0.172,0.030,0.090,1.198,1.391,3,NULL,NULL,,3,1,2,7,255,1389,250,0,0
stim,182273,212394,1,212394,3409709.455,-0.681,0.002,0.005,0.732,0,0,2875,0,3080,1304,2937,2980,42,1.005,1,2228,0,85.153,1.933,8.000,-84.625,-5.063,-0.102,0.023,0.996,-0.742,-1.785,-0.051,0.026,0.094,1.198,1.391,3,NULL,NULL,,3,1,2,7,255,1389,250,0,0
stim,182273,212394,1,212394,3409714.453,-0.681,0.005,0.004,0.732,0,0,2870,0,3083,1139,2943,2975,42,1.005,1,2228,0,89.802,1.137,20.313,-87.438,-2.563,-0.016,-0.031,1.063,-0.461,-1.039,-0.051,0.024,0.098,1.198,1.391,3,NULL,NULL,,3,1,2,7,255,1389,250,0,0
stim,182273,212394,0,212394,3409719.455,-0.681,0.009,0.002,0.732,0,0,2861,0,3087,1011,2955,2972,42,1.005,1,2228,0,93.131,0.434,22.313,-90.313,4.375,-0.012,0.004,1.145,-0.301,-0.313,0.586,0.022,0.102,1.198,1.391,3,NULL,NULL,,3,0,2,7,255,1392,250,0,0
stim,182301,212422,0,212422,3409724.454,-0.681,0.012,-0.001,0.732,0,0,2847,0,3095,843,2955,2967,42,1.005,1,2228,0,93.890,0.434,15.625,-92.250,7.813,-0.035,0.063,1.184,-0.301,-0.313,1.406,0.020,0.106,1.198,1.391,3,NULL,NULL,,3,0,2,7,255,1392,250,0,0
stim,182301,212422,0,212422,3409729.455,-0.680,0.016,-0.003,0.733,0,0,2838,0,3087,713,2975,2967,42,1.005,1,2228,0,96.826,1.060,8.063,-95.938,10.313,-0.020,0.082,1.191,-0.848,-0.637,1.758,0.018,0.110,1.198,1.391,3,NULL,NULL,,3,0,2,7,255,1392,250,0,0
stim,182301,212422,0,212422,3409734.454,-0.680,0.019,-0.006,0.733,0,0,2814,0,3097,601,2975,2956,42,1.005,1,2228,0,100.223,1.192,2.500,-98.875,16.188,-0.004,0.137,1.172,-1.008,-0.637,1.758,0.014,0.116,1.198,1.391,3,NULL,NULL,,3,0,2,7,255,1392,250,0,0
stim,182301,212422,0,212422,3409739.455,-0.679,0.022,-0.009,0.734,0,0,2791,0,3101,499,2974,2940,42,1.005,1,2228,0,104.400,1.673,0.938,-102.438,20.125,-0.047,0.172,1.176,-1.547,-0.637,1.664,0.010,0.120,1.198,1.391,3,NULL,NULL,,3,0,2,7,255,1392,250,0,0
stim,182342,212463,0,212463,3409744.453,-0.678,0.026,-0.011,0.734,0,0,2777,0,3107,373,2989,2939,42,1.005,1,2228,0,108.738,2.192,0.688,-107.063,19.000,-0.043,0.188,1.191,-1.859,-1.160,1.664,0.006,0.124,1.198,1.391,3,NULL,NULL,,3,0,2,7,255,1392,250,0,0
stim,182342,212463,0,212463,3409749.455,-0.677,0.029,-0.015,0.735,0,0,2760,0,3107,203,2995,2923,42,1.005,1,2228,0,112.658,2.228,-4.688,-110.500,21.438,0.000,0.176,1.219,-1.902,-1.160,1.805,0.006,0.126,1.198,1.391,3,NULL,NULL,,3,0,2,7,255,1392,250,0,0
stim,182342,212463,0,212463,3409754.454,-0.676,0.033,-0.018,0.736,0,0,2717,0,3102,126,2988,2908,42,1.005,1,2228,0,119.026,2.126,-13.000,-114.625,29.313,0.031,0.145,1.258,-1.902,-0.949,2.070,0.008,0.130,1.198,1.391,3,NULL,NULL,,3,0,2,7,255,1392,250,0,0
stim,182342,212463,0,212463,3409759.455,-0.675,0.036,-0.023,0.737,0,0,2701,0,3103,103,2999,2900,42,1.005,1,2228,0,126.274,1.889,-29.375,-117.938,34.250,-0.004,0.121,1.203,-1.633,-0.949,2.070,0.014,0.134,1.198,1.391,3,NULL,NULL,,3,0,2,7,255,1392,250,0,0
stim,182342,212463,0,212463,3409764.453,-0.674,0.038,-0.027,0.738,0,0,2667,0,3098,39,2998,2874,42,1.005,1,2228,0,129.881,1.956,-33.688,-120.563,34.625,0.008,0.137,1.184,-1.566,-1.172,1.930,0.020,0.140,1.198,1.391,3,NULL,NULL,,3,0,2,7,255,1392,250,0,0
stim,182342,212463,0,212463,3409769.455,-0.672,0.041,-0.032,0.738,0,0,2635,0,3111,1,3013,2856,42,1.005,1,2228,0,133.972,1.961,-31.250,-124.688,37.750,-0.008,0.148,1.184,-1.566,-1.180,1.699,0.028,0.144,1.198,1.391,3,NULL,NULL,,3,0,2,7,255,1392,250,0,0
stim,182342,212463,0,212463,3409774.454,-0.671,0.044,-0.036,0.739,0,0,2592,0,3103,0,3013,2827,42,1.005,1,2228,0,137.279,2.145,-33.875,-128.000,36.250,-0.027,0.117,1.234,-1.566,-1.465,1.699,0.036,0.150,1.198,1.391,3,NULL,NULL,,3,0,2,7,255,1392,250,0,0
stim,182342,212463,0,212463,3409779.455,-0.669,0.047,-0.041,0.740,0,0,2575,0,3097,0,3015,2799,42,1.005,1,2228,0,140.860,2.289,-39.375,-130.688,34.813,-0.059,0.070,1.324,-1.383,-1.824,2.137,0.044,0.156,1.198,1.391,3,NULL,NULL,,3,0,2,7,255,1392,250,0,0
stim,182342,212463,0,212463,3409784.454,-0.668,0.050,-0.046,0.741,0,0,2525,0,3107,0,3004,2758,42,1.005,1,2228,0,141.100,2.507,-35.938,-133.438,28.500,-0.109,0.070,1.402,-0.910,-2.336,2.977,0.056,0.164,1.198,1.391,3,NULL,NULL,,3,0,2,7,255,1392,250,0,0
stim,182342,212463,0,212463,3409789.455,-0.667,0.054,-0.051,0.741,0,0,2493,0,3100,0,3017,2712,42,1.005,1,2228,0,150.327,3.202,-40.063,-141.750,30.000,-0.148,0.020,1.484,-0.910,-3.070,3.641,0.066,0.174,1.198,1.391,3,NULL,NULL,,3,0,2,7,255,1392,250,0,0
stim,182342,212463,0,212463,3409794.453,-0.666,0.057,-0.057,0.742,0,0,2446,0,3089,0,3004,2667,42,1.005,1,2228,0,156.766,3.770,-48.688,-147.563,20.750,-0.211,0.066,1.465,-0.836,-3.676,4.000,0.076,0.186,1.198,1.391,3,NULL,NULL,,3,0,2,7,255,1392,250,0,0
stim,182342,212463,0,212463,3409799.455,-0.665,0.060,-0.063,0.742,0,0,2387,0,3083,0,3003,2615,42,1.005,1,2228,0,161.142,4.573,-44.563,-154.563,9.563,-0.203,0.094,1.531,-0.836,-4.496,4.336,0.088,0.198,1.198,1.391,3,NULL,NULL,,3,0,2,7,255,1392,250,0,0
stim,182373,212494,0,212494,3409804.454,-0.664,0.064,-0.070,0.741,0,0,2329,0,3087,0,3005,2556,42,1.005,1,2228,0,174.442,4.816,-55.000,-165.250,9.875,-0.207,0.063,1.527,-0.883,-4.734,4.465,0.100,0.212,1.198,1.391,3,NULL,NULL,,3,0,2,7,255,1392,250,0,0
stim,182373,212494,0,212494,3409809.455,-0.664,0.068,-0.077,0.741,0,0,2280,0,3059,0,2999,2473,42,1.005,1,2228,0,185.293,5.086,-62.000,-174.563,4.188,-0.227,0.070,1.582,-1.031,-4.980,4.570,0.112,0.228,1.198,1.391,3,NULL,NULL,,3,0,2,7,255,1392,250,0,0
stim,182373,212494,0,212494,3409814.453,-0.663,0.072,-0.085,0.741,0,0,2212,0,3055,0,2989,2383,42,1.005,1,2228,0,200.126,5.588,-68.625,-187.875,6.625,-0.219,0.125,1.641,-1.031,-5.492,4.875,0.126,0.244,1.198,1.391,3,NULL,NULL,,3,0,2,7,255,1392,250,0,0
stim,182373,212494,0,212494,3409819.455,-0.662,0.076,-0.093,0.740,0,0,2139,0,3043,3,2975,2291,42,1.005,1,2228,0,216.812,6.095,-90.000,-197.250,0.063,-0.238,0.133,1.523,-1.664,-5.863,4.875,0.144,0.264,1.198,1.391,3,NULL,NULL,,3,0,2,7,255,1392,250,0,0
stim,182373,212494,0,212494,3409824.454,-0.661,0.080,-0.102,0.739,0,0,2069,0,3035,6,2971,2184,42,1.005,1,2228,0,225.968,6.242,-85.375,-209.188,-3.625,-0.254,0.090,1.488,-1.664,-6.016,4.023,0.166,0.288,1.198,1.391,3,NULL,NULL,,3,0,2,7,255,1392,250,0,0
stim,182373,212494,0,212494,3409829.455,-0.660,0.085,-0.111,0.738,0,0,1997,0,3019,21,2941,2071,42,1.005,1,2228,0,239.157,6.457,-82.063,-224.625,-2.375,-0.277,0.023,1.539,-1.375,-6.309,3.898,0.190,0.314,1.198,1.391,3,NULL,NULL,,3,0,2,7,255,1392,250,0,0
stim,182408,212529,0,212529,3409834.454,-0.660,0.090,-0.121,0.736,0,0,1912,0,3013,29,2923,1973,42,1.005,1,2228,0,251.395,7.030,-80.375,-238.125,-6.000,-0.242,0.141,1.625,-1.375,-6.895,3.898,0.216,0.342,1.198,1.391,3,NULL,NULL,,3,0,2,7,255,1392,250,0,0
stim,182408,212529,0,212529,3409839.455,-0.658,0.096,-0.131,0.735,0,0,1817,0,2989,28,2897,1901,42,1.005,1,2228,0,269.233,7.312,-94.125,-252.188,-5.313,-0.289,0.059,1.613,-1.320,-7.191,4.180,0.246,0.372,1.198,1.391,3,NULL,NULL,,3,0,2,7,255,1392,250,0,0
stim,182443,212564,0,212564,3409844.453,-0.657,0.102,-0.141,0.733,0,0,1738,0,2963,27,2841,1840,42,1.005,1,2228,0,280.474,8.048,-84.375,-267.438,-4.875,-0.289,0.098,1.676,-1.820,-7.840,4.523,0.278,0.408,1.198,1.391,3,NULL,NULL,,3,0,2,7,255,1392,250,0,0
stim,182443,212564,0,212564,3409849.455,-0.655,0.109,-0.152,0.732,0,0,1659,0,2933,36,2790,1766,42,1.005,1,2228,0,295.305,8.609,-74.938,-285.625,2.750,-0.336,0.094,1.813,-1.820,-8.414,4.523,0.314,0.444,1.198,1.391,3,NULL,NULL,,3,0,2,7,255,1392,250,0,0
stim,182443,212564,0,212564,3409854.453,-0.653,0.116,-0.163,0.730,0,0,1573,0,2897,41,2725,1671,42,1.005,1,2228,0,308.800,9.870,-66.313,-301.500,-7.625,-0.340,0.152,2.016,-1.887,-9.688,5.379,0.354,0.488,1.198,1.391,3,NULL,NULL,,3,0,2,7,255,1392,250,0,0
stim,182443,212564,0,212564,3409859.455,-0.651,0.124,-0.174,0.728,0,0,1483,0,2860,31,2624,1589,42,1.005,1,2228,0,326.251,10.961,-72.000,-318.188,-3.563,-0.234,0.129,2.055,-2.582,-10.652,6.871,0.398,0.532,1.198,1.391,3,NULL,NULL,,3,0,2,7,255,1392,250,0,0
stim,182443,212564,0,212564,3409864.454,-0.649,0.133,-0.185,0.726,0,0,1415,0,2808,9,2505,1503,42,1.005,1,2228,0,334.019,11.282,-52.375,-329.875,-2.875,-0.281,0.211,2.363,-2.641,-10.969,7.324,0.444,0.578,1.198,1.391,3,NULL,NULL,,3,0,2,7,255,1392,250,0,0
stim,182443,212564,0,212564,3409869.455,-0.646,0.142,-0.196,0.723,0,0,1290,0,2749,0,2344,1404,42,1.005,1,2228,0,344.532,13.436,-59.063,-339.188,-12.875,-0.316,0.504,2.684,-3.582,-12.949,9.449,0.490,0.624,1.198,1.391,3,NULL,NULL,,3,0,2,7,255,1392,250,0,0
stim,182443,212564,0,212564,3409874.454,-0.644,0.151,-0.209,0.720,0,0,1121,0,2663,0,2171,1277,42,1.005,1,2228,0,362.570,16.885,-95.500,-349.188,-20.125,-0.305,0.652,2.813,-6.688,-15.504,11.258,0.538,0.672,1.198,1.391,3,NULL,NULL,,3,0,2,7,255,1392,250,0,0
stim,182443,212564,0,212564,3409879.455,-0.643,0.158,-0.224,0.716,0,0,989,0,2565,0,1931,1172,42,1.005,1,2228,0,383.849,17.460,-146.063,-353.000,-37.375,-0.191,0.598,2.625,-8.023,-15.508,11.258,0.590,0.726,1.198,1.391,3,NULL,NULL,,3,0,2,7,255,1392,250,0,0
stim,182443,212564,0,212564,3409884.454,-0.640,0.165,-0.239,0.711,0,0,787,0,2439,0,1657,1035,42,1.005,1,2228,0,403.482,17.460,-173.438,-363.688,-21.188,-0.176,0.145,2.211,-8.023,-15.508,10.164,0.648,0.784,1.198,1.391,3,NULL,NULL,,3,0,2,7,255,1392,250,0,0
stim,182443,212564,0,212564,3409889.455,-0.637,0.172,-0.255,0.707,0,0,635,0,2275,0,1319,941,42,1.005,1,2228,0,411.369,13.977,-162.313,-377.938,-6.500,-0.125,-0.078,1.883,-3.500,-13.531,6.973,0.714,0.850,1.198,1.391,3,NULL,NULL,,3,0,2,7,255,1392,250,0,0
stim,182463,212584,0,212584,3409894.454,-0.634,0.180,-0.270,0.702,0,0,421,0,2071,0,844,837,42,1.005,1,2228,0,415.619,11.793,-141.063,-390.938,2.875,-0.063,-0.254,1.492,-1.250,-11.727,4.523,0.782,0.918,1.198,1.391,3,NULL,NULL,,3,0,2,7,255,1392,250,0,0
stim,182463,212584,0,212584,3409899.455,-0.629,0.189,-0.284,0.698,0,0,331,0,1822,0,395,732,42,1.005,1,2228,0,412.133,9.355,-95.125,-401.000,1.938,0.160,-0.191,1.254,0.016,-9.355,1.750,0.848,0.986,1.198,1.391,3,NULL,NULL,,3,0,2,7,255,1392,250,0,0
stim,182463,212584,0,212584,3409904.453,-0.624,0.201,-0.296,0.695,0,0,245,0,1555,0,159,549,42,1.005,1,2228,0,410.803,7.027,-21.813,-410.188,-5.438,0.199,-0.156,1.301,0.016,-7.027,1.160,0.910,1.050,1.198,1.391,3,NULL,NULL,,3,0,2,7,255,1392,250,0,0
stim,182463,212584,0,212584,3409909.455,-0.618,0.215,-0.306,0.692,0,0,184,0,1199,0,0,435,42,1.005,1,2228,0,412.653,7.040,55.688,-408.875,1.563,0.121,0.129,1.520,-0.414,-7.027,1.160,0.958,1.100,1.198,1.391,3,NULL,NULL,,3,0,2,7,255,1392,250,0,0
stim,182463,212584,0,212584,3409914.454,-0.611,0.228,-0.315,0.690,0,0,109,0,840,0,0,366,42,1.005,1,2228,0,410.183,10.007,49.750,-406.938,13.313,0.113,0.172,2.469,-3.156,-9.496,1.438,1.004,1.146,1.198,1.391,3,NULL,NULL,,3,0,2,7,255,1392,250,0,0
stim,182463,212584,0,212584,3409919.455,-0.602,0.237,-0.328,0.688,0,0,107,0,407,0,0,285,42,1.005,1,2228,0,416.779,16.918,-34.438,-405.375,90.500,-0.141,0.082,2.461,-3.156,-16.621,5.125,1.044,1.190,1.198,1.391,3,NULL,NULL,,3,0,2,7,255,1392,250,0,0
stim,182495,212616,0,212616,3409924.454,-0.592,0.245,-0.343,0.687,0,0,101,0,45,0,0,173,42,1.005,1,2228,0,456.859,19.229,-102.313,-414.813,161.813,-0.520,0.281,2.074,-3.941,-18.820,5.125,1.088,1.236,1.198,1.391,3,NULL,NULL,,3,0,2,7,255,1392,250,0,0
stim,182495,212616,0,212616,3409929.455,-0.582,0.250,-0.360,0.685,0,0,72,0,0,0,0,101,42,1.005,1,2228,0,473.232,19.229,-137.375,-417.438,175.563,-0.828,0.605,1.660,-3.941,-18.820,-1.160,1.140,1.290,1.198,1.391,4,NULL,NULL,,3,0,2,7,255,1392,250,0,0
stim,182495,212616,0,212616,3409934.454,-0.573,0.256,-0.377,0.681,0,0,27,0,0,0,0,39,42,1.005,1,2228,0,453.612,19.056,-173.750,-399.938,125.000,-0.770,1.105,1.223,-6.004,-18.086,-7.383,1.200,1.350,1.198,1.391,0,NULL,NULL,,3,0,2,7,255,1392,250,0,0
stim,182495,212616,0,212616,3409939.455,-0.566,0.261,-0.392,0.676,0,0,26,0,0,0,0,5,42,1.005,1,2228,0,425.077,17.853,-176.688,-380.375,69.188,-0.480,1.352,0.949,-10.383,-14.523,-11.348,1.264,1.416,1.198,1.391,0,NULL,NULL,,3,0,2,7,255,1392,250,0,0
stim,182532,212653,0,212653,3409944.454,-0.560,0.266,-0.407,0.671,0,0,43,0,0,0,0,26,42,1.005,1,2228,0,408.033,16.251,-187.438,-356.500,65.313,-0.254,1.203,1.035,-12.215,-10.719,-11.348,1.338,1.492,1.198,1.391,0,NULL,NULL,,3,0,2,7,255,1392,250,0,0
stim,182532,212653,0,212653,3409949.455,-0.554,0.268,-0.423,0.664,0,0,53,0,0,0,0,61,42,1.005,1,2228,0,418.291,15.861,-236.688,-336.688,74.750,-0.129,0.641,1.035,-12.215,-10.117,-9.699,1.412,1.566,1.198,1.391,0,NULL,NULL,,3,0,2,7,255,1392,250,0,0
stim,182557,212678,0,212678,3409954.453,-0.551,0.269,-0.438,0.658,0,0,55,0,0,0,0,77,42,1.005,1,2228,0,376.351,11.897,-247.500,-281.313,35.313,-0.008,-0.012,0.941,-7.270,-9.418,-7.641,1.488,1.642,1.198,1.391,0,NULL,NULL,,3,0,2,7,255,1392,250,0,0
stim,182557,212678,0,212678,3409959.456,-0.547,0.270,-0.450,0.652,0,0,59,0,0,0,0,105,42,1.005,1,2228,0,312.962,8.511,-204.438,-234.875,31.375,-0.004,-0.285,0.953,-1.426,-8.391,-5.563,1.562,1.716,1.198,1.391,0,NULL,NULL,,3,0,2,7,255,1392,250,0,0
stim,182557,212678,0,212678,3409964.454,-0.545,0.271,-0.460,0.647,0,0,59,0,0,0,0,155,42,1.005,1,2228,0,267.309,8.511,-181.000,-192.750,39.250,-0.133,-0.051,1.270,-1.426,-8.391,-5.531,1.632,1.786,1.198,1.391,0,NULL,NULL,,3,0,2,7,255,1392,250,0,0
stim,182557,212678,0,212678,3409969.455,-0.543,0.269,-0.470,0.642,0,0,61,0,0,0,0,182,42,1.005,1,2228,0,262.945,11.820,-221.063,-140.188,24.875,-0.250,0.109,1.258,-1.512,-11.723,-5.531,1.698,1.852,1.198,1.391,0,NULL,NULL,,3,0,2,7,255,1392,250,0,0
stim,182557,212678,0,212678,3409974.454,-0.544,0.265,-0.479,0.636,0,0,61,0,0,0,0,179,42,1.005,1,2228,0,267.933,11.952,-252.438,-89.625,5.563,-0.398,0.207,0.652,-2.332,-11.723,-7.262,1.758,1.914,1.198,1.391,0,NULL,NULL,,3,0,2,7,255,1392,250,0,0
stim,182557,212678,0,212678,3409979.455,-0.547,0.260,-0.486,0.630,0,0,57,0,0,0,0,151,42,1.005,1,2228,0,246.828,7.876,-245.813,-20.938,-7.875,-0.117,0.301,0.309,-2.867,-7.336,-10.664,1.816,1.972,1.198,1.391,0,NULL,NULL,,3,0,2,7,255,1392,250,0,0
stim,182557,212678,0,212678,3409984.453,-0.550,0.253,-0.492,0.626,0,0,57,0,0,0,0,123,42,1.005,1,2228,0,226.474,4.399,-223.188,37.313,9.250,0.008,0.438,-0.063,-3.242,-2.973,-11.336,1.872,2.030,1.198,1.391,0,NULL,NULL,,3,0,2,7,255,1392,250,0,0
stim,182557,212678,0,212678,3409989.455,-0.553,0.246,-0.494,0.624,0,0,51,0,0,0,0,133,42,1.005,1,2228,0,188.335,3.402,-161.938,90.250,33.188,-0.086,0.426,-0.336,-3.242,1.031,-11.477,1.924,2.082,1.198,1.391,0,NULL,NULL,,3,0,2,7,255,1392,250,0,0
stim,182557,212678,0,212678,3409994.454,-0.556,0.240,-0.494,0.624,0,0,25,0,0,0,0,115,42,1.005,1,2228,0,164.376,3.084,-95.875,129.750,31.500,-0.246,0.285,-0.227,-2.859,1.156,-13.273,1.966,2.126,1.198,1.391,0,NULL,NULL,,3,0,2,7,255,1392,250,0,0
stim,182557,212678,0,212678,3409999.455,-0.559,0.233,-0.492,0.625,0,0,27,0,0,0,0,106,42,1.005,1,2228,0,173.010,1.827,-62.188,159.500,25.000,-0.227,0.047,-0.047,-1.414,1.156,-13.273,1.996,2.156,1.198,1.391,0,NULL,NULL,,3,0,2,7,255,1392,250,0,0
stim,182557,212678,0,212678,3410004.453,-0.563,0.227,-0.489,0.626,0,0,20,0,0,0,0,101,42,1.005,1,2228,0,193.313,0.530,-49.188,183.125,37.625,-0.199,-0.105,-0.078,0.207,-0.488,-12.047,2.020,2.180,1.198,1.391,0,NULL,NULL,,3,0,2,7,255,1392,250,0,0
stim,182557,212678,0,212678,3410009.455,-0.566,0.219,-0.485,0.629,0,0,21,0,0,0,0,98,42,1.005,1,2228,0,208.450,1.682,-27.313,198.438,57.688,-0.230,-0.086,-0.191,1.609,-0.488,-12.047,2.036,2.198,1.198,1.391,0,NULL,NULL,,3,0,2,7,255,1392,250,0,0
stim,182591,212712,0,212712,3410014.454,-0.569,0.212,-0.481,0.633,0,0,21,0,0,0,0,99,42,1.005,1,2228,0,221.463,1.637,8.500,209.938,70.000,-0.309,0.098,-0.238,1.609,0.301,-12.148,2.048,2.210,1.198,1.391,0,NULL,NULL,,3,0,2,7,255,1392,250,0,0
stim,182591,212712,0,212712,3410019.455,-0.571,0.206,-0.474,0.637,0,0,22,0,0,0,0,89,42,1.005,1,2228,0,235.045,0.624,48.313,218.875,70.750,-0.359,0.211,-0.148,0.547,0.301,-13.664,2.054,2.218,1.198,1.391,0,NULL,NULL,,3,0,2,7,255,1392,250,0,0
stim,182591,212712,0,212712,3410024.454,-0.573,0.200,-0.467,0.643,0,0,21,0,0,0,0,87,42,1.005,1,2228,0,248.759,0.773,75.750,225.500,72.750,-0.375,0.234,0.020,-0.617,-0.465,-13.664,2.060,2.224,1.198,1.391,0,NULL,NULL,,3,0,2,7,255,1392,250,0,0
stim,182591,212712,0,212712,3410029.455,-0.575,0.194,-0.459,0.648,0,0,21,0,0,0,0,83,42,1.005,1,2228,0,258.779,2.339,88.000,230.875,76.938,-0.445,0.242,0.188,-1.270,-1.965,-13.539,2.064,2.230,1.198,1.391,0,NULL,NULL,,3,0,2,7,255,1392,250,0,0
stim,182591,212712,0,212712,3410034.453,-0.577,0.189,-0.451,0.654,0,0,13,0,0,0,0,83,42,1.005,1,2228,0,262.779,4.131,90.125,235.250,74.750,-0.512,0.254,0.301,-1.699,-3.766,-13.230,2.066,2.234,1.198,1.391,0,NULL,NULL,,3,0,2,7,255,1392,250,0,0
stim,182591,212712,0,212712,3410039.455,-0.580,0.183,-0.443,0.659,0,0,11,0,0,0,0,82,42,1.005,1,2228,0,264.441,5.399,91.750,238.688,67.375,-0.527,0.211,0.352,-1.699,-5.125,-13.121,2.072,2.240,1.198,1.391,0,NULL,NULL,,3,0,2,7,255,1392,250,0,0
stim,182639,212760,0,212760,3410044.454,-0.582,0.177,-0.435,0.664,0,0,11,0,0,0,0,79,42,1.005,1,2228,0,267.704,5.953,98.938,241.250,60.625,-0.523,0.172,0.391,-1.668,-5.715,-12.719,2.078,2.248,1.198,1.391,0,NULL,NULL,,3,0,2,7,255,1392,250,0,0
stim,182639,212760,0,212760,3410049.455,-0.584,0.172,-0.426,0.669,0,0,6,0,0,0,0,77,42,1.005,1,2228,0,270.520,6.310,103.688,244.188,52.938,-0.547,0.176,0.508,-1.668,-6.086,-12.199,2.090,2.262,1.198,1.391,0,NULL,NULL,,3,0,2,7,255,1392,250,0,0
stim,182639,212760,0,212760,3410054.453,-0.587,0.167,-0.417,0.674,0,0,9,0,0,0,0,81,42,1.005,1,2228,0,270.790,7.395,101.500,247.250,43.500,-0.594,0.176,0.660,-1.773,-7.180,-11.539,2.108,2.280,1.198,1.391,0,NULL,NULL,,3,0,2,7,255,1392,250,0,0
stim,182639,212760,0,212760,3410059.455,-0.591,0.161,-0.408,0.678,0,0,13,0,0,0,0,77,42,1.005,1,2228,0,266.805,8.890,87.688,250.438,27.875,-0.637,0.207,0.824,-2.090,-8.641,-10.840,2.132,2.304,1.198,1.391,0,NULL,NULL,,3,0,2,7,255,1392,250,0,0
stim,182639,212760,0,212760,3410064.454,-0.595,0.155,-0.399,0.680,0,0,16,0,0,0,0,83,42,1.005,1,2228,0,264.424,10.486,65.500,256.063,7.875,-0.598,0.211,0.895,-2.742,-10.121,-10.074,2.160,2.334,1.198,1.391,0,NULL,NULL,,3,0,2,7,255,1392,250,0,0
stim,182639,212760,0,212760,3410069.455,-0.599,0.149,-0.391,0.683,0,0,18,0,0,0,0,83,42,1.005,1,2228,0,267.704,10.593,44.375,263.875,-8.125,-0.527,0.199,0.910,-3.125,-10.121,-9.145,2.198,2.374,1.198,1.391,0,NULL,NULL,,3,0,2,7,255,1392,250,0,0
stim,182639,212760,0,212760,3410074.454,-0.605,0.142,-0.383,0.684,0,0,19,0,0,0,0,93,42,1.005,1,2228,0,276.244,10.448,28.250,274.063,-20.063,-0.488,0.176,0.898,-3.227,-9.938,-8.297,2.242,2.420,1.198,1.391,0,NULL,NULL,,3,0,2,7,255,1392,250,0,0
stim,182639,212760,0,212760,3410079.455,-0.611,0.135,-0.374,0.685,0,0,17,0,0,0,0,103,42,1.005,1,2228,0,288.188,10.174,15.250,285.625,-35.188,-0.504,0.199,0.910,-3.320,-9.617,-7.828,2.288,2.468,1.198,1.391,0,NULL,NULL,,3,0,2,7,255,1392,250,0,0
stim,182639,212760,0,212760,3410084.453,-0.617,0.127,-0.366,0.685,0,0,16,0,0,0,0,115,42,1.005,1,2228,0,303.360,10.162,3.938,298.375,-54.625,-0.469,0.195,0.902,-3.535,-9.527,-7.695,2.338,2.518,1.198,1.391,0,NULL,NULL,,3,0,2,7,255,1392,250,0,0
stim,182639,212760,0,212760,3410089.455,-0.625,0.119,-0.357,0.684,0,0,21,0,0,0,0,123,42,1.005,1,2228,0,318.828,9.922,-5.813,310.938,-70.250,-0.395,0.207,0.887,-3.648,-9.227,-7.281,2.388,2.570,1.198,1.391,0,NULL,NULL,,3,0,2,7,255,1392,250,0,0
stim,182659,212780,0,212780,3410094.454,-0.632,0.110,-0.348,0.683,0,0,11,0,0,0,0,124,42,1.005,1,2228,0,332.233,9.212,-13.188,322.000,-80.750,-0.328,0.184,0.797,-3.680,-8.445,-6.773,2.436,2.620,1.198,1.391,0,NULL,NULL,,3,0,2,7,255,1392,250,0,0
stim,182659,212780,0,212780,3410099.455,-0.640,0.102,-0.339,0.682,0,0,9,0,0,0,0,131,42,1.005,1,2228,0,345.426,8.148,-7.563,331.750,-95.938,-0.215,0.102,0.676,-3.680,-7.270,-6.715,2.484,2.670,1.198,1.391,0,NULL,NULL,,3,0,2,7,255,1392,250,0,0
stim,182659,212780,0,212780,3410104.453,-0.649,0.093,-0.329,0.680,0,0,11,0,0,0,0,151,42,1.005,1,2228,0,359.097,6.268,1.250,344.063,-102.813,0.105,-0.004,0.559,-2.836,-5.590,-6.473,2.528,2.714,1.198,1.391,0,NULL,NULL,,3,0,2,7,255,1392,250,0,0
stim,182659,212780,0,212780,3410109.455,-0.656,0.085,-0.318,0.679,0,0,10,0,0,0,0,151,42,1.005,1,2228,0,352.924,3.048,22.313,344.438,-73.625,0.141,0.031,0.441,-2.008,-2.293,-5.840,2.570,2.758,1.198,1.391,0,NULL,NULL,,3,0,2,7,255,1392,250,0,0
stim,182680,212801,0,212801,3410114.454,-0.663,0.078,-0.306,0.679,0,0,9,0,0,0,0,151,42,1.005,1,2228,0,353.148,2.598,58.625,342.375,-63.688,0.063,0.141,0.438,-2.008,-1.648,-5.840,2.612,2.800,1.198,1.391,0,NULL,NULL,,3,0,2,7,255,1392,250,0,0
stim,182680,212801,0,212801,3410119.455,-0.669,0.071,-0.294,0.679,0,0,8,0,0,0,0,155,42,1.005,1,2228,0,357.585,2.991,91.375,339.500,-65.250,0.129,0.070,0.543,-2.586,-1.504,-5.840,2.650,2.840,1.198,1.391,0,NULL,NULL,,3,0,2,7,255,1392,250,0,0
stim,182680,212801,0,212801,3410124.454,-0.675,0.066,-0.280,0.680,0,0,9,0,0,0,0,153,42,1.005,1,2228,0,356.720,2.991,114.563,333.875,-51.500,0.191,0.035,0.602,-2.586,-1.504,-5.137,2.688,2.878,1.198,1.391,0,NULL,NULL,,3,0,2,7,255,1392,250,0,0
stim,182680,212801,0,212801,3410129.455,-0.680,0.061,-0.266,0.681,0,0,8,0,0,0,0,151,42,1.005,1,2228,0,360.596,2.978,141.938,329.250,-38.438,0.137,0.121,0.625,-2.586,-1.477,-4.414,2.720,2.912,1.198,1.391,0,NULL,NULL,,3,0,2,7,255,1392,250,0,0
stim,182705,212826,0,212826,3410134.453,-0.684,0.057,-0.252,0.682,0,0,3,0,0,0,0,149,42,1.005,1,2228,0,370.122,3.509,171.375,326.250,-34.375,0.113,0.188,0.773,-3.184,-1.477,-4.191,2.750,2.944,1.198,1.391,0,NULL,NULL,,3,0,2,7,255,1392,250,0,0
stim,182705,212826,0,212826,3410139.455,-0.688,0.053,-0.236,0.684,0,0,5,0,0,0,0,149,42,1.005,1,2228,0,376.942,4.654,191.438,323.688,-25.750,0.121,0.172,0.988,-4.152,-2.102,-3.367,2.774,2.966,1.198,1.391,0,NULL,NULL,,3,0,2,7,255,1392,250,0,0
stim,182739,212860,0,212860,3410144.454,-0.692,0.050,-0.220,0.686,0,0,1,0,0,0,0,142,42,1.005,1,2228,0,379.580,5.228,201.188,321.500,-15.563,0.055,0.176,1.195,-4.484,-2.688,-1.324,2.794,2.988,1.198,1.391,0,NULL,NULL,,3,0,2,7,255,1392,250,0,0
stim,182739,212860,0,212860,3410149.455,-0.695,0.047,-0.205,0.688,0,0,0,0,0,0,0,146,42,1.005,1,2228,0,379.246,6.160,201.375,321.125,-12.438,-0.012,0.207,1.387,-4.875,-3.766,0.367,2.814,3.008,1.198,1.391,0,NULL,NULL,,3,0,2,7,255,1392,250,0,0
stim,182739,212860,0,212860,3410154.453,-0.698,0.043,-0.189,0.689,0,0,0,0,0,0,0,147,42,1.005,1,2228,0,374.883,7.195,193.750,320.625,-14.063,-0.031,0.242,1.555,-5.445,-4.703,1.953,2.832,3.026,1.198,1.391,0,NULL,NULL,,3,0,2,7,255,1392,250,0,0
stim,182739,212860,0,212860,3410159.455,-0.701,0.039,-0.174,0.691,0,0,0,0,0,0,0,147,42,1.005,1,2228,0,367.303,7.727,178.875,320.313,-17.750,-0.016,0.262,1.680,-5.973,-4.902,3.547,2.850,3.044,1.198,1.391,0,NULL,NULL,,3,0,2,7,255,1392,250,0,0
stim,182739,212860,0,212860,3410164.453,-0.704,0.035,-0.159,0.691,0,0,0,0,0,0,0,147,42,1.005,1,2228,0,358.440,7.842,161.313,319.375,-21.375,-0.027,0.254,1.773,-6.121,-4.902,4.922,2.868,3.062,1.198,1.391,0,NULL,NULL,,3,0,2,7,255,1392,250,0,0
stim,182739,212860,0,212860,3410169.455,-0.707,0.030,-0.145,0.692,0,0,0,0,0,0,0,147,42,1.005,1,2228,0,348.741,7.791,142.688,317.125,-26.313,-0.039,0.230,1.797,-6.121,-4.820,5.965,2.886,3.082,1.198,1.391,0,NULL,NULL,,3,0,2,7,255,1392,250,0,0
stim,182739,212860,0,212860,3410174.454,-0.710,0.024,-0.132,0.691,0,0,0,0,0,0,0,142,42,1.005,1,2228,0,338.747,7.370,120.438,314.688,-34.875,-0.051,0.242,1.863,-5.785,-4.566,6.406,2.908,3.104,1.198,1.391,0,NULL,NULL,,3,0,2,7,255,1392,250,0,0
stim,182739,212860,0,212860,3410179.455,-0.713,0.018,-0.119,0.690,0,0,0,0,0,0,0,149,42,1.005,1,2228,0,327.036,7.193,91.125,311.438,-40.688,0.027,0.215,1.773,-5.730,-4.348,6.688,2.932,3.128,1.198,1.391,0,NULL,NULL,,3,0,2,7,255,1392,250,0,0
stim,182739,212860,0,212860,3410184.453,-0.716,0.012,-0.107,0.690,0,0,0,0,0,0,0,147,42,1.005,1,2228,0,318.790,5.998,77.000,307.000,-38.063,0.074,0.156,1.617,-5.207,-2.977,6.688,2.958,3.154,1.198,1.391,0,NULL,NULL,,3,0,2,7,255,1392,250,0,0
stim,182739,212860,0,212860,3410189.455,-0.719,0.005,-0.096,0.689,0,0,0,0,0,0,0,153,42,1.005,1,2228,0,312.916,4.636,74.625,301.688,-36.500,0.047,0.160,1.516,-4.266,-1.816,5.469,2.984,3.182,1.198,1.391,0,NULL,NULL,,3,0,2,7,255,1392,250,0,0
stim,182763,212884,0,212884,3410194.454,-0.722,-0.001,-0.084,0.687,0,0,0,0,0,0,0,153,42,1.005,1,2228,0,310.230,4.307,76.313,297.750,-42.000,0.016,0.168,1.508,-4.016,-1.559,4.527,3.012,3.208,1.198,1.391,0,NULL,NULL,,3,0,2,7,255,1392,250,0,0
stim,182763,212884,0,212884,3410199.455,-0.724,-0.007,-0.072,0.686,0,0,0,0,0,0,0,155,42,1.005,1,2228,0,305.859,4.235,76.313,292.563,-46.188,0.078,0.102,1.488,-3.980,-1.445,4.492,3.038,3.236,1.198,1.391,0,NULL,NULL,,3,0,2,7,255,1392,250,0,0
stim,182763,212884,0,212884,3410204.453,-0.727,-0.013,-0.061,0.684,0,0,0,0,0,0,0,155,42,1.005,1,2228,0,301.288,3.227,76.438,288.750,-39.438,0.098,0.117,1.496,-3.191,-0.480,4.492,3.064,3.260,1.198,1.391,0,NULL,NULL,,3,0,2,7,255,1392,250,0,0
stim,182763,212884,0,212884,3410209.456,-0.729,-0.019,-0.049,0.683,0,0,0,0,0,0,0,153,42,1.005,1,2228,0,295.223,3.199,79.688,282.125,-34.813,0.023,0.156,1.387,-3.191,-0.219,4.492,3.086,3.282,1.198,1.391,0,NULL,NULL,,3,0,2,7,255,1392,250,0,0
stim,182763,212884,0,212884,3410214.453,-0.731,-0.023,-0.037,0.681,0,0,0,0,0,0,0,151,42,1.005,1,2228,0,298.172,3.197,105.625,276.438,-36.500,-0.004,0.137,1.359,-3.191,-0.184,3.469,3.104,3.300,1.198,1.391,0,NULL,NULL,,3,0,2,7,255,1392,250,0,0
stim,182763,212884,0,212884,3410219.455,-0.732,-0.027,-0.025,0.680,0,0,0,0,0,0,0,152,42,1.005,1,2228,0,297.805,3.275,117.188,271.250,-37.125,0.016,0.164,1.555,-3.270,-0.184,3.469,3.118,3.318,1.198,1.391,0,NULL,NULL,,3,0,2,7,255,1392,250,0,0
stim,182794,212915,0,212915,3410224.454,-0.734,-0.031,-0.013,0.678,0,0,0,0,0,0,0,153,42,1.005,1,2228,0,290.217,3.289,112.438,265.563,-32.563,0.043,0.191,1.574,-3.270,0.355,5.172,3.132,3.330,1.198,1.391,0,NULL,NULL,,3,0,2,7,255,1392,250,0,0
stim,182794,212915,0,212915,3410229.455,-0.735,-0.035,-0.001,0.677,0,0,0,0,0,0,0,151,42,1.005,1,2228,0,288.280,3.472,120.938,260.250,-27.375,0.012,0.227,1.543,-3.332,0.977,5.172,3.142,3.340,1.198,1.391,0,NULL,NULL,,3,0,2,7,255,1392,250,0,0
stim,182794,212915,0,212915,3410234.453,-0.737,-0.038,0.011,0.675,0,0,0,0,0,0,0,149,42,1.005,1,2228,0,290.794,3.488,137.750,254.500,-28.563,0.027,0.188,1.563,-3.332,1.031,5.289,3.148,3.348,1.198,1.391,0,NULL,NULL,,3,0,2,7,255,1392,250,0,0
stim,182794,212915,0,212915,3410239.455,-0.738,-0.040,0.024,0.674,0,0,0,0,0,0,0,145,42,1.005,1,2228,0,294.039,3.535,151.875,250.125,-28.813,0.043,0.238,1.711,-3.199,1.504,5.289,3.154,3.354,1.198,1.391,0,NULL,NULL,,3,0,2,7,255,1392,250,0,0
stim,182832,212953,0,212953,3410244.454,-0.739,-0.042,0.036,0.672,0,0,0,0,0,0,0,150,42,1.005,1,2228,0,292.802,3.679,152.500,248.063,-30.688,0.109,0.246,1.820,-3.000,2.129,6.711,3.156,3.356,1.198,1.391,0,NULL,NULL,,3,0,2,7,255,1392,250,0,0
stim,182832,212953,0,212953,3410249.455,-0.740,-0.044,0.048,0.670,0,0,0,0,0,0,0,147,42,1.005,1,2228,0,291.539,4.437,153.938,246.438,-23.813,0.207,0.230,1.797,-3.000,3.270,7.297,3.156,3.356,1.198,1.391,0,NULL,NULL,,3,0,2,7,255,1392,250,0,0
stim,182832,212953,0,212953,3410254.453,-0.740,-0.046,0.061,0.668,0,0,6,0,0,0,0,151,42,1.005,1,2228,0,296.392,5.145,165.625,245.438,-13.313,0.242,0.262,1.766,-2.465,4.516,7.297,3.154,3.354,1.198,1.391,0,NULL,NULL,,3,0,2,7,255,1392,250,0,0
stim,182832,212953,0,212953,3410259.455,-0.740,-0.047,0.074,0.667,0,0,8,0,0,0,0,149,42,1.005,1,2228,0,303.090,5.754,178.938,244.438,-9.750,0.281,0.301,1.824,-2.449,5.207,7.297,3.150,3.350,1.198,1.391,0,NULL,NULL,,3,0,2,7,255,1392,250,0,0
stim,182832,212953,0,212953,3410264.453,-0.740,-0.049,0.088,0.665,0,0,9,0,0,0,0,146,42,1.005,1,2228,0,307.388,6.503,186.938,243.938,-6.000,0.430,0.281,1.883,-2.441,6.027,7.328,3.138,3.338,1.198,1.391,0,NULL,NULL,,3,0,2,7,255,1392,250,0,0
stim,182832,212953,0,212953,3410269.455,-0.740,-0.050,0.101,0.664,0,0,16,0,0,0,0,159,42,1.005,1,2228,0,309.952,8.103,188.625,245.938,2.375,0.594,0.301,1.891,-1.773,7.906,7.328,3.124,3.324,1.198,1.391,0,NULL,NULL,,3,0,2,7,255,1392,250,0,0
stim,182855,212976,0,212976,3410274.454,-0.738,-0.050,0.115,0.663,0,0,10,0,0,0,0,159,42,1.005,1,2228,0,316.516,9.949,197.750,245.625,27.313,0.684,0.188,1.871,-1.473,9.840,7.121,3.106,3.306,1.198,1.391,0,NULL,NULL,,3,0,2,7,255,1392,250,0,0
stim,182855,212976,0,212976,3410279.455,-0.736,-0.050,0.129,0.662,0,0,10,0,0,0,0,158,42,1.005,1,2228,0,330.739,10.832,216.625,245.500,46.813,0.668,0.164,1.965,0.055,10.832,7.121,3.082,3.280,1.198,1.391,0,NULL,NULL,,3,0,2,7,255,1392,250,0,0
stim,182855,212976,0,212976,3410284.453,-0.734,-0.050,0.143,0.662,0,0,11,0,0,0,0,155,42,1.005,1,2228,0,338.221,11.224,224.875,247.625,50.063,0.645,0.148,2.098,0.691,11.203,7.195,3.050,3.248,1.198,1.391,0,NULL,NULL,,3,0,2,7,255,1392,250,0,0
stim,182855,212976,0,212976,3410289.455,-0.731,-0.050,0.158,0.661,0,0,9,0,0,0,0,157,42,1.005,1,2228,0,341.801,11.726,223.938,251.438,58.813,0.719,0.168,2.207,1.348,11.648,8.250,3.014,3.212,1.198,1.391,0,NULL,NULL,,3,0,2,7,255,1392,250,0,0
stim,182855,212976,0,212976,3410294.454,-0.728,-0.050,0.173,0.661,0,0,9,0,0,0,0,163,42,1.005,1,2228,0,340.879,13.089,218.563,252.188,69.500,0.656,0.273,2.281,1.348,13.020,8.809,2.974,3.172,1.198,1.391,0,NULL,NULL,,3,0,2,7,255,1392,250,0,0
stim,182855,212976,0,212976,3410299.455,-0.724,-0.047,0.188,0.661,0,0,11,0,0,0,0,167,42,1.005,1,2228,0,369.570,13.274,268.250,235.313,96.188,0.508,0.332,2.957,1.734,13.160,9.473,2.928,3.124,1.198,1.391,0,NULL,NULL,,3,0,2,7,255,1392,250,0,0
stim,182855,212976,0,212976,3410304.453,-0.721,-0.046,0.202,0.662,0,0,9,0,0,0,0,165,42,1.005,1,2228,0,324.645,14.494,224.063,218.938,85.188,0.770,0.441,3.594,2.188,14.328,15.969,2.876,3.072,1.198,1.391,0,NULL,NULL,,3,0,2,7,255,1392,250,0,0
stim,182855,212976,0,212976,3410309.455,-0.718,-0.054,0.210,0.662,0,0,17,0,0,0,0,171,42,1.005,1,2228,0,257.749,15.404,-10.500,256.438,23.750,0.840,-0.395,2.262,3.055,15.098,15.969,2.822,3.016,1.198,1.391,0,NULL,NULL,,3,0,2,7,255,1392,250,0,0
stim,182890,213012,0,213012,3410314.453,-0.714,-0.062,0.217,0.663,0,0,19,0,0,0,0,174,42,1.005,1,2228,0,270.144,15.404,-39.438,260.063,61.563,0.984,-0.105,0.898,3.055,15.098,6.660,2.764,2.958,1.198,1.391,0,NULL,NULL,,3,0,2,7,255,1392,250,0,0
stim,182890,213012,0,213012,3410319.455,-0.710,-0.064,0.228,0.663,0,0,23,0,0,0,0,183,42,1.005,1,2228,0,286.469,12.450,131.063,240.438,84.125,0.934,0.156,0.934,2.910,12.105,-5.105,2.702,2.894,1.198,1.391,0,NULL,NULL,,3,0,2,7,255,1392,250,0,0
stim,182891,213012,0,213012,3410324.454,-0.706,-0.062,0.242,0.663,0,0,20,0,0,0,0,187,42,1.005,1,2228,0,339.238,12.450,247.063,217.125,83.063,0.844,-0.414,1.914,2.910,12.105,-5.105,2.638,2.828,1.198,1.391,0,NULL,NULL,,3,0,2,7,255,1392,250,0,0
stim,182891,213012,0,213012,3410329.455,-0.702,-0.061,0.255,0.662,0,0,24,0,0,0,0,201,42,1.005,1,2228,0,293.683,16.913,199.875,201.750,74.813,0.805,-0.969,2.348,8.227,14.777,2.379,2.570,2.760,1.198,1.391,0,NULL,NULL,,3,0,2,7,255,1392,250,0,0
stim,182891,213012,0,213012,3410334.453,-0.699,-0.062,0.265,0.662,0,0,24,0,0,0,0,217,42,1.005,1,2228,0,242.000,19.309,126.375,194.125,70.063,0.949,-0.730,1.871,11.387,15.594,2.379,2.498,2.688,1.198,1.391,0,NULL,NULL,,3,0,2,7,255,1392,250,0,0
stim,182891,213012,0,213012,3410339.455,-0.695,-0.063,0.274,0.662,0,0,20,0,0,0,0,233,42,1.005,1,2228,0,237.428,19.533,124.250,185.563,80.625,1.156,0.023,1.566,11.387,15.871,0.063,2.426,2.614,1.198,1.391,0,NULL,NULL,,3,0,2,7,255,1392,250,0,0
stim,182945,213066,0,213066,3410344.454,-0.690,-0.062,0.284,0.663,0,0,20,0,0,0,0,249,42,1.005,1,2228,0,256.974,17.455,155.313,175.188,105.938,1.156,-0.027,1.582,4.059,16.977,-1.980,2.350,2.538,1.198,1.391,0,NULL,NULL,,3,0,2,7,255,1392,250,0,0
stim,182945,213066,0,213066,3410349.455,-0.686,-0.061,0.294,0.663,0,0,23,0,0,0,0,275,42,1.005,1,2228,0,252.267,17.455,173.375,163.500,82.750,0.801,-0.418,1.898,4.059,16.977,-1.980,2.274,2.462,1.198,1.391,0,NULL,NULL,,3,0,2,7,255,1392,250,0,0
stim,182945,213066,0,213066,3410354.453,-0.683,-0.061,0.303,0.661,0,0,21,0,0,0,0,304,42,1.005,1,2228,0,213.470,19.287,140.000,156.375,38.938,1.063,-0.586,2.004,8.887,17.117,-0.590,2.194,2.382,1.198,1.391,0,NULL,NULL,,3,0,2,7,255,1392,250,0,0
stim,182945,213066,0,213066,3410359.455,-0.681,-0.061,0.311,0.661,0,0,21,0,0,0,0,340,42,1.005,1,2228,0,186.140,20.306,109.313,146.000,37.188,1.395,-0.531,1.805,9.480,17.957,-0.590,2.112,2.300,1.198,1.391,0,NULL,NULL,,3,0,2,7,255,1392,250,0,0
stim,182945,213066,0,213066,3410364.454,-0.678,-0.061,0.318,0.660,0,0,21,0,0,0,0,361,42,1.005,1,2228,0,174.760,22.063,101.813,132.688,50.688,1.473,-0.484,1.633,9.480,19.922,-3.980,2.026,2.214,1.198,1.391,0,NULL,NULL,,3,0,2,7,255,1392,250,0,0
stim,182945,213066,0,213066,3410369.455,-0.675,-0.062,0.324,0.660,0,0,18,0,0,0,0,375,42,1.005,1,2228,0,158.740,21.724,93.813,120.750,42.625,1.508,-0.535,1.563,8.664,19.922,-5.895,1.932,2.122,1.198,1.391,0,NULL,NULL,,3,0,2,7,255,1392,250,0,0
stim,182945,213066,0,213066,3410374.454,-0.673,-0.062,0.330,0.659,0,0,18,0,0,0,0,397,42,1.005,1,2228,0,139.067,21.724,82.500,107.375,31.688,1.676,-0.742,1.402,8.664,19.922,-7.039,1.836,2.026,1.198,1.391,0,NULL,NULL,,3,0,2,7,255,1392,250,0,0
stim,182945,213066,0,213066,3410379.455,-0.671,-0.062,0.335,0.658,0,0,13,0,0,0,0,410,42,1.005,1,2228,0,127.234,22.531,83.438,91.250,30.000,1.801,-0.891,1.238,9.895,20.242,-10.059,1.734,1.924,1.198,1.391,0,NULL,NULL,,3,0,2,7,255,1392,250,0,0
stim,182945,213066,0,213066,3410384.453,-0.670,-0.061,0.340,0.658,0,0,12,0,0,0,0,418,42,1.005,1,2228,0,126.353,22.855,98.813,72.063,31.750,1.895,-0.988,1.145,10.590,20.254,-12.680,1.628,1.816,1.198,1.391,0,NULL,NULL,,3,0,2,7,255,1392,250,0,0
stim,182945,213066,0,213066,3410389.455,-0.668,-0.058,0.345,0.657,0,0,16,0,0,0,0,415,42,1.005,1,2228,0,133.100,23.216,118.563,50.813,32.813,1.910,-1.016,1.199,11.035,20.426,-14.398,1.516,1.702,1.198,1.391,0,NULL,NULL,,3,0,2,7,255,1392,250,0,0
stim,182945,213066,0,213066,3410394.454,-0.667,-0.055,0.350,0.655,0,0,17,0,0,0,0,423,42,1.005,1,2228,0,138.019,23.713,130.313,29.625,34.500,1.914,-1.016,1.355,11.449,20.766,-14.398,1.402,1.586,1.198,1.391,0,NULL,NULL,,3,0,2,7,255,1392,250,0,0
stim,182945,213066,0,213066,3410399.455,-0.666,-0.051,0.354,0.655,0,0,16,0,0,0,0,419,42,1.005,1,2228,0,134.785,24.696,129.000,7.938,38.250,1.832,-0.922,1.574,12.020,21.574,-13.434,1.286,1.468,1.198,1.391,0,NULL,NULL,,3,0,2,7,255,1392,250,0,0
stim,182974,213095,0,213095,3410404.453,-0.666,-0.046,0.357,0.654,0,0,19,0,0,0,0,421,42,1.005,1,2228,0,122.105,25.179,116.000,-12.188,36.125,1.691,-0.750,1.813,12.020,22.125,-11.184,1.170,1.348,1.198,1.391,0,NULL,NULL,,3,0,2,7,255,1392,250,0,0
stim,182974,213095,0,213095,3410409.455,-0.665,-0.043,0.359,0.653,0,0,13,0,0,0,0,423,42,1.005,1,2228,0,92.416,25.250,84.375,-29.875,23.000,1.543,-0.543,2.027,11.672,22.391,-8.137,1.052,1.226,1.198,1.391,0,NULL,NULL,,3,0,2,7,255,1392,250,0,0
stim,182974,213095,0,213095,3410414.454,-0.666,-0.040,0.358,0.653,0,0,9,0,0,0,0,407,42,1.005,1,2228,0,62.614,24.904,41.938,-45.250,10.688,1.418,-0.434,2.129,10.902,22.391,-5.020,0.936,1.104,1.198,1.391,0,NULL,NULL,,3,0,2,7,255,1392,250,0,0
stim,182974,213095,0,213095,3410419.455,-0.666,-0.038,0.357,0.653,0,0,0,0,0,0,0,553,42,1.005,1,2228,0,65.336,24.641,11.375,-63.125,12.438,0.980,-0.672,2.406,10.902,22.098,-3.152,0.824,0.984,1.198,1.391,0,NULL,NULL,,3,0,2,7,255,1392,250,0,0
stim,182974,213095,0,213095,3410424.454,-0.662,-0.014,0.362,0.656,163,0,0,407,0,27,0,581,42,1.005,1,2228,0,562.057,26.290,406.188,-245.063,301.438,0.699,0.082,6.117,14.242,22.098,0.328,0.722,0.870,1.198,1.391,0,NULL,NULL,,3,0,2,7,255,1392,250,0,0
stim,182974,213095,0,213095,3410429.455,-0.660,-0.008,0.356,0.662,815,0,0,1013,0,119,0,627,42,1.005,1,2228,0,254.783,42.950,-52.125,-184.375,167.938,0.063,0.859,7.414,23.645,35.855,32.137,0.628,0.762,1.198,1.391,0,NULL,NULL,,3,0,2,7,255,1392,250,0,0
stim,183008,213129,0,213129,3410434.454,-0.655,-0.029,0.325,0.682,1293,0,0,1461,0,395,0,692,42,1.005,1,2228,0,979.217,42.950,-953.250,-115.813,191.750,-0.512,1.672,2.754,23.645,35.855,32.137,0.544,0.658,1.198,1.391,0,NULL,NULL,,3,0,2,7,255,1392,250,0,0
stim,183008,213129,0,213129,3410439.455,-0.649,-0.052,0.291,0.701,1721,0,0,1805,0,599,0,775,42,1.005,1,2229,0,1040.386,10.674,-1016.188,-135.375,177.313,-0.207,2.969,-1.203,-4.883,9.492,20.305,0.472,0.564,1.198,1.391,1,1377.000,-15.000,,3,0,2,7,255,1392,250,0,0
stim,183056,213177,0,213177,3410444.454,-0.644,-0.061,0.272,0.712,2043,0,0,1975,0,814,0,809,42,1.005,1,2229,0,546.145,24.511,-509.500,-121.313,154.813,-0.754,1.871,-2.984,-23.324,-7.535,-9.625,0.414,0.476,1.198,1.391,1,NULL,NULL,,3,0,2,7,255,1392,250,0,0
stim,183056,213177,0,213177,3410449.455,-0.642,-0.056,0.266,0.717,2261,0,0,2123,0,969,0,875,42,1.005,1,2229,0,200.455,28.716,-59.938,-149.063,119.875,-1.184,-0.723,-1.508,-23.324,-16.750,-19.656,0.366,0.390,1.198,1.391,1,NULL,NULL,,3,0,2,7,255,1392,250,0,0
stim,183056,213177,0,213177,3410454.453,-0.641,-0.048,0.266,0.718,2451,0,0,2227,0,1163,0,953,42,1.005,1,2229,0,204.630,17.553,107.500,-147.438,92.625,-0.727,-0.738,1.133,5.250,-16.750,-19.656,0.330,0.306,1.198,1.391,1,NULL,NULL,,3,0,2,7,255,1392,250,0,0
stim,183056,213177,0,213177,3410459.455,-0.640,-0.043,0.263,0.721,2648,0,0,2489,0,1251,0,1015,42,1.005,1,2229,0,144.949,5.377,15.500,-118.125,82.563,-0.230,1.566,2.059,5.250,-1.160,0.551,0.330,0.252,1.198,1.391,1,NULL,NULL,,3,0,2,7,255,1392,250,0,0
stim,183056,213177,0,213177,3410464.454,-0.636,-0.041,0.256,0.726,2781,0,0,2665,0,1257,0,1065,42,1.005,1,2229,0,219.535,9.427,-127.750,-117.625,134.313,-0.754,1.703,1.637,-9.359,-1.129,11.961,0.342,0.230,1.198,1.391,2,NULL,NULL,,3,0,2,7,255,1392,250,0,0
stim,183056,213177,0,213177,3410469.455,-0.630,-0.042,0.243,0.736,2871,0,0,2778,0,1273,0,1158,42,1.005,1,2229,0,405.796,9.427,-296.250,-167.938,220.688,-1.770,-0.488,0.805,-9.359,-1.129,11.961,0.362,0.236,1.198,1.391,2,NULL,NULL,,3,0,2,7,255,1392,250,0,0
stim,183056,213177,0,213177,3410474.454,-0.629,-0.043,0.229,0.741,2933,0,0,2867,0,1277,0,1263,42,1.005,1,2229,0,346.576,15.495,-292.688,-172.625,68.188,-1.895,-1.035,-0.156,9.672,-12.105,2.254,0.382,0.272,1.198,1.391,2,NULL,NULL,,3,0,2,7,255,1392,250,0,0
stim,183056,213177,0,213177,3410479.455,-0.632,-0.041,0.219,0.742,2974,0,0,2951,0,1285,0,1379,42,1.005,1,2229,0,237.211,15.495,-131.813,-191.688,-46.375,-1.121,-0.414,-0.211,9.672,-12.105,-7.242,0.408,0.308,1.198,1.391,2,NULL,NULL,,3,0,2,7,255,1392,250,0,0
stim,183056,213177,0,213177,3410484.454,-0.637,-0.035,0.214,0.740,3005,0,0,2999,0,1315,0,1445,42,1.005,1,2229,0,216.474,11.864,11.875,-191.625,-100.000,-0.113,-0.219,0.988,5.582,-10.469,-7.242,0.436,0.340,1.198,1.391,2,NULL,NULL,,3,0,2,7,255,1392,250,0,0
stim,183056,213177,0,213177,3410489.455,-0.642,-0.030,0.209,0.737,3034,0,0,3055,0,1379,0,1481,42,1.005,1,2229,0,203.956,6.172,-6.000,-179.750,-96.188,0.406,-0.430,1.879,5.582,2.633,-1.145,0.464,0.368,1.198,1.391,2,NULL,NULL,,3,0,2,7,255,1392,250,0,0
stim,183056,213177,0,213177,3410494.454,-0.644,-0.028,0.202,0.737,3049,0,0,3089,0,1433,0,1505,42,1.005,1,2229,0,181.954,12.471,-83.250,-156.625,-40.563,0.879,-0.980,1.855,6.844,10.426,2.184,0.470,0.380,1.198,1.391,2,NULL,NULL,,3,0,2,7,255,1392,250,0,0
stim,183056,213177,0,213177,3410499.455,-0.644,-0.028,0.192,0.740,3066,0,0,3127,0,1481,0,1525,42,1.005,1,2229,0,224.451,15.299,-170.750,-140.063,40.063,0.422,-1.332,1.668,11.164,10.461,2.184,0.460,0.386,1.198,1.391,2,NULL,NULL,,3,0,2,7,255,1392,250,0,0
stim,183056,213177,0,213177,3410504.453,-0.641,-0.029,0.182,0.745,3083,0,0,3133,0,1587,0,1559,42,1.005,1,2229,0,252.317,15.299,-198.875,-129.000,86.438,0.086,-1.000,0.824,11.164,10.461,1.355,0.434,0.388,1.198,1.391,2,NULL,NULL,,3,0,2,7,255,1392,250,0,0
stim,183056,213177,0,213177,3410509.455,-0.639,-0.028,0.174,0.749,3100,0,0,3151,0,1709,0,1628,42,1.005,1,2229,0,221.279,11.467,-145.688,-132.813,100.500,-0.465,-0.488,0.598,10.602,4.371,-4.000,0.404,0.388,1.198,1.391,2,NULL,NULL,,3,0,2,7,255,1392,250,0,0
stim,183078,213199,0,213199,3410514.454,-0.638,-0.025,0.167,0.751,3097,0,0,3163,0,1828,0,1686,42,1.005,1,2229,0,177.893,6.602,-92.563,-139.375,60.438,-0.625,-0.016,0.805,6.281,-2.031,-4.000,0.376,0.374,1.198,1.391,2,NULL,NULL,,3,0,2,7,255,1392,250,0,0
stim,183078,213199,0,213199,3410519.455,-0.638,-0.022,0.161,0.753,3099,0,0,3167,0,1926,0,1741,42,1.005,1,2229,0,157.245,3.096,-66.563,-140.500,23.563,-0.336,0.250,1.051,2.336,-2.031,-0.801,0.352,0.346,1.198,1.391,2,NULL,NULL,,3,0,2,7,255,1392,250,0,0
stim,183078,213199,0,213199,3410524.454,-0.638,-0.020,0.155,0.754,3101,0,0,3175,0,2035,39,1799,42,1.005,1,2229,0,151.643,0.854,-72.188,-133.250,5.375,-0.148,0.258,1.262,-0.387,-0.762,1.254,0.326,0.306,1.198,1.391,2,NULL,NULL,,3,0,2,7,255,1392,250,0,0
stim,183078,213199,0,213199,3410529.455,-0.639,-0.018,0.148,0.754,3115,0,0,3175,63,2105,43,1861,42,1.005,1,2229,0,157.510,1.391,-95.438,-125.125,-6.688,-0.035,0.102,1.199,-0.387,1.336,1.719,0.302,0.254,1.198,1.391,2,NULL,NULL,,3,0,2,7,255,1392,250,0,0
stim,183106,213227,0,213227,3410534.453,-0.640,-0.017,0.142,0.755,3103,0,0,3175,364,2215,79,1979,42,1.005,1,2229,0,156.952,2.395,-101.938,-119.313,-2.688,0.113,-0.262,1.008,0.547,2.332,1.719,0.282,0.210,1.198,1.391,2,NULL,NULL,,3,0,2,7,255,1392,250,0,0
stim,183106,213227,0,213227,3410539.455,-0.640,-0.016,0.136,0.756,3115,0,0,3176,540,2273,179,2087,42,1.005,1,2229,0,139.106,5.027,-84.625,-110.000,9.438,0.109,-0.363,1.113,3.441,3.664,-0.031,0.264,0.176,1.198,1.391,2,NULL,NULL,,3,0,2,7,255,1392,250,0,0
stim,183137,213258,0,213258,3410544.454,-0.641,-0.015,0.133,0.756,3115,0,0,3175,759,2317,149,2153,42,1.005,1,2229,0,77.452,5.235,-30.438,-67.188,-23.625,0.258,-0.027,1.422,3.441,3.945,-0.031,0.248,0.158,1.198,1.391,2,NULL,NULL,,3,0,2,7,255,1392,250,0,0
stim,183137,213258,0,213258,3410549.455,-0.642,-0.014,0.131,0.755,3108,0,0,3179,959,2356,152,2207,42,1.005,1,2229,0,57.724,5.605,-21.250,-48.813,-22.313,0.563,0.531,1.184,1.344,5.441,1.172,0.238,0.150,1.198,1.391,2,NULL,NULL,,3,0,2,7,255,1392,250,0,0
stim,183137,213258,0,213258,3410554.453,-0.642,-0.013,0.129,0.755,3112,0,0,3181,1099,2378,169,2252,42,1.005,1,2229,0,43.464,7.256,-12.625,-40.563,-9.188,0.273,0.758,1.473,-4.801,5.441,3.180,0.232,0.144,1.198,1.391,2,NULL,NULL,,3,0,2,7,255,1392,250,0,0
stim,183137,213258,0,213258,3410559.455,-0.643,-0.014,0.126,0.755,3113,0,0,3180,1171,2396,160,2303,42,1.005,1,2229,0,73.899,6.522,-65.688,-23.625,-24.250,-0.199,0.223,1.539,-4.801,4.414,4.801,0.230,0.138,1.198,1.391,2,NULL,NULL,,3,0,2,7,255,1392,250,0,0
stim,183137,213258,0,213258,3410564.454,-0.644,-0.016,0.122,0.755,3103,0,0,3187,1254,2419,140,2343,42,1.005,1,2229,0,107.446,1.082,-99.813,-17.938,-35.500,-0.148,0.188,0.918,-0.723,0.805,4.801,0.236,0.124,1.198,1.391,2,NULL,NULL,,3,0,2,7,255,1392,250,0,0
stim,183137,213258,0,213258,3410569.455,-0.646,-0.018,0.120,0.754,3109,18,0,3177,1354,2443,141,2366,42,1.005,1,2229,0,85.150,0.425,-66.938,-13.938,-50.750,-0.137,0.141,0.836,-0.418,0.078,-0.539,0.252,0.106,1.198,1.391,2,NULL,NULL,,3,0,2,7,255,1392,250,0,0
stim,183137,213258,0,213258,3410574.454,-0.648,-0.019,0.118,0.752,3109,20,0,3180,1443,2451,153,2411,42,1.005,1,2229,0,77.048,0.425,-37.688,-14.750,-65.563,-0.055,0.066,0.906,-0.418,0.078,-0.984,0.268,0.088,1.198,1.391,2,NULL,NULL,,3,0,2,7,255,1392,250,0,0
stim,183137,213258,0,213258,3410579.455,-0.650,-0.019,0.116,0.750,3103,45,0,3181,1545,2462,152,2424,42,1.005,1,2229,0,66.556,1.102,-29.688,-12.750,-58.188,0.016,0.066,1.082,0.207,1.082,-0.984,0.284,0.072,1.198,1.391,2,NULL,NULL,,3,0,2,7,255,1392,250,0,0
stim,183138,213259,0,213259,3410584.453,-0.652,-0.020,0.114,0.750,3103,59,0,3192,1597,2483,151,2453,42,1.005,1,2229,0,65.347,1.937,-50.063,-7.563,-41.313,-0.004,0.043,1.082,0.207,1.926,0.582,0.294,0.062,1.198,1.391,2,NULL,NULL,,3,0,2,7,255,1392,250,0,0
stim,183138,213259,0,213259,3410589.455,-0.653,-0.022,0.112,0.749,3115,75,0,3195,1640,2492,149,2471,42,1.005,1,2229,0,68.693,1.977,-58.375,-6.813,-35.563,-0.137,0.031,0.992,0.445,1.926,0.582,0.302,0.056,1.198,1.391,2,NULL,NULL,,3,0,2,7,255,1392,250,0,0
stim,183161,213282,0,213282,3410594.454,-0.654,-0.023,0.110,0.748,3113,105,0,3191,1689,2509,151,2478,42,1.005,1,2229,0,69.424,0.652,-48.000,-6.375,-49.750,-0.152,0.070,0.895,0.445,0.477,-0.016,0.308,0.052,1.198,1.391,2,NULL,NULL,,3,0,2,7,255,1392,250,0,0
stim,183161,213282,0,213282,3410599.455,-0.656,-0.024,0.109,0.746,3109,101,0,3189,1724,2517,141,2495,42,1.005,1,2229,0,67.653,0.494,-30.688,-4.500,-60.125,-0.090,0.133,1.016,0.129,0.477,-0.016,0.316,0.046,1.198,1.391,2,NULL,NULL,,3,0,2,7,255,1392,250,0,0
stim,183161,213282,0,213282,3410604.453,-0.658,-0.025,0.107,0.745,3104,109,3,3189,1773,2523,140,2504,42,1.005,1,2229,0,62.764,0.942,-27.250,-2.125,-56.500,0.004,0.113,1.039,-0.434,0.836,0.219,0.322,0.040,1.198,1.391,2,NULL,NULL,,3,0,2,7,255,1392,250,0,0
stim,183161,213282,0,213282,3410609.455,-0.660,-0.026,0.106,0.744,3103,151,2,3191,1803,2528,137,2503,42,1.005,1,2229,0,55.699,1.494,-32.875,1.500,-44.938,-0.047,0.066,1.082,-0.434,1.430,0.246,0.330,0.034,1.198,1.391,2,NULL,NULL,,3,0,2,7,255,1392,250,0,0
stim,183191,213312,0,213312,3410614.454,-0.661,-0.027,0.105,0.743,3109,169,55,3193,1831,2541,135,2517,42,1.005,1,2229,0,49.929,1.432,-38.000,2.188,-32.313,-0.039,-0.008,0.938,0.078,1.430,0.246,0.336,0.028,1.198,1.391,2,NULL,NULL,,3,0,2,7,255,1392,250,0,0
stim,183191,213312,0,213312,3410619.455,-0.661,-0.028,0.104,0.742,3110,187,71,3193,1869,2535,135,2523,42,1.005,1,2229,0,36.787,1.483,-30.500,2.313,-20.438,-0.113,-0.063,1.000,0.652,1.332,-0.059,0.340,0.024,1.198,1.391,2,NULL,NULL,,3,0,2,7,255,1392,250,0,0
stim,183191,213312,0,213312,3410624.454,-0.662,-0.030,0.102,0.742,3113,205,104,3193,1899,2537,133,2515,42,1.005,1,2229,0,42.854,1.108,-35.063,1.938,-24.563,-0.176,-0.008,0.992,0.797,0.770,-0.059,0.346,0.020,1.198,1.391,2,NULL,NULL,,3,0,2,7,255,1392,250,0,0
stim,183191,213312,0,213312,3410629.455,-0.663,-0.030,0.101,0.741,3117,206,148,3199,1924,2539,127,2523,42,1.005,1,2229,0,32.089,1.495,-23.813,-0.625,-21.500,-0.074,-0.086,0.863,1.281,0.770,-0.059,0.352,0.016,1.198,1.391,2,NULL,NULL,,3,0,2,7,255,1392,250,0,0
stim,183191,213312,0,213312,3410634.453,-0.663,-0.031,0.101,0.741,3101,204,155,3193,1939,2540,116,2529,42,1.005,1,2229,0,16.941,1.352,-14.250,-0.813,-9.125,-0.121,-0.059,0.977,1.180,0.660,-0.258,0.356,0.010,1.198,1.391,2,NULL,NULL,,3,0,2,7,255,1392,250,0,0
stim,183191,213312,0,213312,3410639.455,-0.663,-0.031,0.100,0.741,3103,215,217,3193,1959,2539,105,2525,42,1.005,1,2229,0,15.221,1.352,-13.688,-1.125,-6.563,-0.188,0.039,1.035,1.180,0.660,-0.258,0.362,0.006,1.198,1.391,2,NULL,NULL,,3,0,2,7,255,1392,250,0,0
stim,183237,213358,0,213358,3410644.454,-0.664,-0.032,0.099,0.741,3103,212,277,3191,1973,2554,101,2531,42,1.005,1,2229,0,26.301,0.305,-21.188,-0.813,-15.563,-0.211,0.078,1.051,0.305,0.020,0.492,0.366,0.002,1.198,1.391,2,NULL,NULL,,3,0,2,7,255,1392,250,0,0
stim,183237,213358,0,213358,3410649.455,-0.664,-0.032,0.098,0.740,3109,212,302,3195,1991,2551,89,2539,42,1.026,1,2229,1,25.649,0.305,-18.188,-1.750,-18.000,-0.129,-0.051,0.879,0.305,0.020,0.492,0.000,0.000,1.295,1.416,2,NULL,NULL,,3,0,2,7,255,1392,250,0,0
stim,183237,213358,0,213358,3410654.454,-0.665,-0.033,0.098,0.740,3096,210,329,3181,2004,2550,61,2535,42,1.026,1,2229,1,10.196,1.049,-6.000,-2.438,-7.875,-0.121,-0.094,0.957,0.977,0.383,-0.465,0.004,0.002,1.295,1.416,2,NULL,NULL,,3,0,2,7,255,1392,250,0,0
stim,183237,213358,0,213358,3410659.455,-0.665,-0.033,0.098,0.740,3097,207,343,3188,2019,2554,59,2548,42,1.026,1,2229,1,7.387,1.049,-5.938,-3.813,-2.188,-0.168,-0.039,0.965,0.977,0.383,-0.465,0.008,0.006,1.295,1.416,2,NULL,NULL,,3,0,2,7,255,1392,250,0,0
stim,183237,213358,0,213358,3410664.453,-0.665,-0.033,0.097,0.740,3099,207,378,3171,2029,2551,47,2541,42,1.026,1,2229,1,7.885,0.968,-5.375,-3.688,-4.438,-0.180,-0.023,0.984,0.961,0.117,-0.246,0.010,0.010,1.295,1.416,2,NULL,NULL,,3,0,2,7,255,1392,250,0,0
stim,183237,213358,0,213358,3410669.455,-0.665,-0.033,0.097,0.740,3089,201,411,3167,2041,2552,42,2552,42,1.026,1,2229,1,10.187,0.824,-5.500,-4.375,-7.375,-0.184,-0.012,0.984,0.824,0.016,-0.059,0.014,0.014,1.295,1.416,2,NULL,NULL,,3,0,2,7,255,1392,250,0,0
stim,183237,213358,0,213358,3410674.454,-0.665,-0.033,0.096,0.739,3095,190,425,3171,2044,2543,39,2549,42,1.026,1,2229,1,12.678,0.715,-4.563,-4.188,-11.063,-0.176,0.004,0.988,0.715,0.016,-0.039,0.018,0.018,1.295,1.416,2,NULL,NULL,,3,0,2,7,255,1392,250,0,0
stim,183237,213358,0,213358,3410679.455,-0.666,-0.033,0.096,0.739,3080,185,442,3155,2067,2550,39,2550,42,1.026,1,2229,1,13.586,0.526,-4.313,-4.688,-12.000,-0.168,0.035,0.996,0.523,0.051,-0.016,0.022,0.022,1.295,1.416,2,NULL,NULL,,3,0,2,7,255,1392,250,0,0
stim,183237,213358,0,213358,3410684.453,-0.666,-0.033,0.096,0.739,3065,183,476,3144,2073,2536,31,2549,42,1.026,1,2229,1,14.071,0.240,-4.625,-5.000,-12.313,-0.188,0.059,1.004,0.234,0.051,0.090,0.028,0.028,1.295,1.416,2,NULL,NULL,,3,0,2,7,255,1392,250,0,0
stim,183237,213358,0,213358,3410689.455,-0.667,-0.033,0.095,0.738,3055,183,490,3135,2089,2543,35,2568,42,1.026,1,2229,1,15.446,0.103,-6.250,-5.375,-13.063,-0.195,0.066,1.008,0.031,-0.098,0.211,0.032,0.032,1.295,1.416,2,NULL,NULL,,3,0,2,7,255,1392,250,0,0
stim,183258,213379,0,213379,3410694.454,-0.667,-0.033,0.095,0.738,3047,186,510,3124,2093,2538,45,2565,42,1.026,1,2229,1,17.501,0.141,-6.313,-6.438,-15.000,-0.184,0.066,0.984,-0.047,-0.133,0.211,0.034,0.036,1.295,1.416,2,NULL,NULL,,3,0,2,7,255,1392,250,0,0
stim,183258,213379,0,213379,3410699.455,-0.668,-0.033,0.095,0.738,3039,183,536,3109,2117,2535,47,2557,42,1.026,1,2229,1,17.063,0.145,-1.813,-7.688,-15.125,-0.160,0.059,0.969,-0.059,-0.133,0.012,0.038,0.038,1.295,1.416,2,NULL,NULL,,3,0,2,7,255,1392,250,0,0
stim,183258,213379,0,213379,3410704.453,-0.668,-0.033,0.094,0.737,3029,177,566,3101,2131,2539,47,2569,42,1.026,1,2229,1,19.500,0.156,0.438,-8.063,-17.750,-0.191,0.117,1.031,-0.082,-0.133,0.012,0.040,0.042,1.295,1.416,2,NULL,NULL,,3,0,2,7,255,1392,250,0,0
stim,183258,213379,0,213379,3410709.455,-0.669,-0.033,0.094,0.736,3019,181,618,3093,2151,2539,71,2581,42,1.026,1,2229,1,26.194,0.564,-7.875,-7.750,-23.750,-0.172,0.145,1.059,-0.563,0.039,0.508,0.042,0.044,1.295,1.416,2,NULL,NULL,,3,0,2,7,255,1392,250,0,0
stim,183282,213403,0,213403,3410714.453,-0.670,-0.033,0.093,0.736,2996,175,655,3055,2171,2533,82,2582,42,1.026,1,2229,1,23.314,0.564,-6.875,-9.938,-19.938,-0.109,0.090,0.922,-0.563,0.039,0.508,0.044,0.046,1.295,1.416,2,NULL,NULL,,3,0,2,7,255,1392,250,0,0
stim,183282,213403,0,213403,3410719.455,-0.670,-0.032,0.093,0.736,2985,177,699,3043,2190,2534,105,2599,42,1.026,1,2229,1,17.152,0.829,3.313,-10.375,-13.250,-0.164,0.145,1.023,-0.828,0.039,0.414,0.046,0.048,1.295,1.416,2,NULL,NULL,,3,0,2,7,255,1392,250,0,0
stim,183282,213403,0,213403,3410724.454,-0.671,-0.032,0.093,0.735,2970,181,718,3021,2215,2535,123,2603,42,1.026,1,2229,1,19.570,0.864,-1.125,-11.813,-15.563,-0.203,0.277,1.070,-0.863,0.027,0.414,0.046,0.048,1.295,1.416,2,NULL,NULL,,3,0,2,7,255,1392,250,0,0
stim,183282,213403,0,213403,3410729.455,-0.671,-0.031,0.093,0.735,2950,189,751,3015,2237,2529,139,2605,42,1.026,1,2229,1,24.982,2.117,-4.000,-12.188,-21.438,-0.152,0.305,1.039,-2.117,0.020,0.633,0.044,0.046,1.295,1.416,2,NULL,NULL,,3,0,2,7,255,1392,250,0,0
stim,183306,213427,0,213427,3410734.453,-0.672,-0.031,0.092,0.734,2935,183,796,3005,2259,2537,143,2613,42,1.026,1,2229,1,23.594,2.117,-6.500,-11.688,-19.438,-0.098,0.234,1.059,-2.117,0.020,0.695,0.044,0.046,1.295,1.416,2,NULL,NULL,,3,0,2,7,255,1392,250,0,0
stim,183306,213427,0,213427,3410739.455,-0.673,-0.031,0.091,0.734,2911,191,865,2982,2277,2536,190,2623,42,1.026,1,2229,1,21.512,1.887,-11.625,-10.750,-14.563,-0.102,0.191,1.020,-1.809,0.539,0.633,0.042,0.044,1.295,1.416,2,NULL,NULL,,3,0,2,7,255,1392,250,0,0
stim,183339,213460,0,213460,3410744.454,-0.673,-0.031,0.091,0.733,2891,189,919,2971,2311,2525,249,2633,42,1.026,1,2229,1,19.307,1.488,-10.750,-10.125,-12.438,-0.125,0.121,1.000,-1.387,0.539,0.289,0.040,0.040,1.295,1.416,2,NULL,NULL,,3,0,2,7,255,1392,250,0,0
stim,183339,213460,0,213460,3410749.455,-0.673,-0.031,0.090,0.733,2875,212,995,2965,2345,2537,283,2649,42,1.026,1,2229,1,21.219,0.870,-13.313,-8.875,-13.938,-0.156,0.133,1.031,-0.805,0.332,0.289,0.038,0.036,1.295,1.416,2,NULL,NULL,,3,0,2,7,255,1392,250,0,0
stim,183339,213460,0,213460,3410754.454,-0.674,-0.031,0.089,0.733,2854,231,1095,2941,2375,2525,315,2645,42,1.026,1,2229,1,27.146,0.767,-19.625,-8.563,-16.688,-0.121,0.113,0.965,-0.707,0.297,0.090,0.036,0.032,1.295,1.416,2,NULL,NULL,,3,0,2,7,255,1392,250,0,0
stim,183339,213460,0,213460,3410759.455,-0.674,-0.031,0.089,0.732,2835,239,1181,2927,2396,2533,370,2654,42,1.026,1,2229,1,18.246,0.688,-10.188,-9.063,-12.125,-0.125,0.070,0.910,-0.660,0.195,-0.230,0.034,0.028,1.295,1.416,2,NULL,NULL,,3,0,2,7,255,1392,250,0,0
stim,183339,213460,0,213460,3410764.453,-0.675,-0.031,0.088,0.732,2813,242,1253,2917,2425,2523,381,2671,42,1.026,1,2229,1,17.798,0.666,-7.063,-8.625,-13.875,-0.199,0.117,1.043,-0.637,0.195,-0.230,0.032,0.024,1.295,1.416,2,NULL,NULL,,3,0,2,7,255,1392,250,0,0
stim,183339,213460,0,213460,3410769.455,-0.676,-0.032,0.087,0.731,2788,247,1337,2905,2447,2526,463,2669,42,1.026,1,2229,1,34.583,0.570,-20.625,-8.063,-26.563,-0.207,0.098,1.043,-0.457,-0.340,0.629,0.032,0.020,1.295,1.416,2,NULL,NULL,,3,0,2,7,255,1392,250,0,0
stim,183339,213460,0,213460,3410774.454,-0.677,-0.032,0.086,0.731,2771,246,1427,2890,2476,2527,532,2680,42,1.026,1,2229,1,38.977,0.570,-25.125,-8.063,-28.688,-0.137,-0.020,0.949,-0.457,-0.340,0.629,0.032,0.014,1.295,1.416,2,NULL,NULL,,3,0,2,7,255,1392,250,0,0
stim,183339,213460,0,213460,3410779.455,-0.677,-0.033,0.085,0.730,2735,265,1531,2884,2489,2522,621,2685,42,1.026,1,2229,1,36.666,0.551,-24.188,-8.188,-26.313,-0.152,-0.059,0.957,0.547,0.066,-0.355,0.034,0.012,1.295,1.416,2,NULL,NULL,,3,0,2,7,255,1392,250,0,0
stim,183340,213461,0,213461,3410784.453,-0.678,-0.033,0.084,0.729,2705,263,1584,2859,2521,2521,730,2695,42,1.026,1,2229,1,38.177,0.928,-24.813,-9.250,-27.500,-0.172,-0.078,0.938,0.926,0.066,-0.445,0.036,0.008,1.295,1.416,2,NULL,NULL,,3,0,2,7,255,1392,250,0,0
stim,183340,213461,0,213461,3410789.455,-0.679,-0.034,0.082,0.729,2681,270,1695,2853,2543,2531,825,2707,42,1.026,1,2229,1,36.722,0.968,-19.250,-11.063,-29.250,-0.172,-0.066,0.914,0.961,-0.117,-0.512,0.038,0.004,1.295,1.416,2,NULL,NULL,,3,0,2,7,255,1392,250,0,0
stim,183373,213494,0,213494,3410794.453,-0.680,-0.034,0.082,0.728,2649,285,1775,2838,2575,2532,923,2723,42,1.026,1,2229,1,37.882,0.968,-17.188,-10.938,-31.938,-0.160,0.031,1.008,0.961,-0.117,-0.512,0.038,0.004,1.295,1.416,2,NULL,NULL,,3,0,2,7,255,1392,250,0,0
stim,183373,213494,0,213494,3410799.455,-0.681,-0.035,0.080,0.727,2629,315,1843,2823,2587,2533,1016,2719,42,1.026,1,2229,1,43.417,0.017,-25.000,-11.375,-33.625,-0.117,0.063,1.020,0.012,0.012,0.184,0.040,0.004,1.295,1.416,2,NULL,NULL,,3,0,2,7,255,1392,250,0,0
stim,183373,213494,0,213494,3410804.454,-0.682,-0.035,0.079,0.726,2588,313,1907,2798,2603,2526,1081,2731,42,1.026,1,2229,1,40.788,0.405,-28.563,-11.500,-26.750,-0.109,0.031,1.012,-0.074,0.398,0.184,0.042,0.006,1.295,1.416,2,NULL,NULL,,3,0,2,7,255,1392,250,0,0
stim,183373,213494,0,213494,3410809.455,-0.683,-0.036,0.077,0.725,2547,311,1989,2792,2627,2537,1161,2747,42,1.026,1,2229,1,47.719,0.405,-37.688,-10.688,-27.250,-0.172,0.031,1.066,-0.074,0.398,0.266,0.042,0.006,1.295,1.416,2,NULL,NULL,,3,0,2,7,255,1392,250,0,0
stim,183373,213494,0,213494,3410814.453,-0.684,-0.037,0.076,0.725,2521,333,2075,2775,2631,2541,1255,2747,42,1.026,1,2229,1,56.417,0.090,-43.625,-11.500,-33.875,-0.160,0.035,0.961,-0.074,-0.051,0.148,0.042,0.006,1.295,1.416,2,NULL,NULL,,3,0,2,7,255,1392,250,0,0
stim,183373,213494,0,213494,3410819.455,-0.685,-0.038,0.074,0.724,2475,356,2136,2748,2661,2539,1373,2763,42,1.026,1,2229,1,53.020,0.110,-35.188,-11.563,-37.938,-0.109,0.023,0.906,-0.098,-0.051,-0.254,0.040,0.006,1.295,1.416,2,NULL,NULL,,3,0,2,7,255,1392,250,0,0
stim,183394,213515,0,213515,3410824.454,-0.686,-0.038,0.073,0.723,2449,381,2197,2736,2671,2537,1485,2763,42,1.026,1,2229,1,43.542,0.327,-23.875,-12.188,-34.313,-0.086,0.027,0.934,-0.160,0.285,-0.648,0.038,0.006,1.295,1.416,2,NULL,NULL,,3,0,2,7,255,1392,250,0,0
stim,183394,213515,0,213515,3410829.455,-0.687,-0.038,0.072,0.722,2425,413,2249,2729,2697,2541,1559,2773,42,1.026,1,2229,1,39.458,0.437,-17.625,-12.375,-33.063,-0.105,0.000,0.980,-0.098,0.426,-0.648,0.038,0.006,1.295,1.416,2,NULL,NULL,,3,0,2,7,255,1392,250,0,0
stim,183394,213515,0,213515,3410834.453,-0.688,-0.038,0.071,0.721,2388,425,2291,2711,2711,2535,1635,2779,42,1.026,1,2229,1,34.569,0.532,-17.688,-10.750,-27.688,-0.059,-0.020,1.000,0.066,0.527,-0.172,0.038,0.008,1.295,1.416,2,NULL,NULL,,3,0,2,7,255,1392,250,0,0
stim,183394,213515,0,213515,3410839.455,-0.689,-0.039,0.070,0.720,2357,463,2355,2705,2713,2540,1717,2792,42,1.026,1,2229,1,32.213,0.431,-18.375,-10.438,-24.313,-0.121,0.004,0.984,0.066,0.426,-0.090,0.038,0.008,1.295,1.416,2,NULL,NULL,,3,0,2,7,255,1392,250,0,0
stim,183438,213559,0,213559,3410844.454,-0.690,-0.039,0.069,0.720,2319,483,2389,2678,2731,2537,1805,2802,42,1.026,1,2229,1,31.995,0.413,-18.750,-10.250,-23.813,-0.109,-0.008,1.012,0.094,0.402,-0.031,0.038,0.010,1.295,1.416,2,NULL,NULL,,3,0,2,7,255,1392,250,0,0
stim,183438,213559,0,213559,3410849.455,-0.690,-0.039,0.067,0.719,2263,489,2431,2664,2749,2547,1873,2803,42,1.026,1,2229,1,35.446,0.262,-24.063,-9.125,-24.375,-0.129,0.023,1.031,0.008,0.262,0.129,0.040,0.010,1.295,1.416,2,NULL,NULL,,3,0,2,7,255,1392,250,0,0
stim,183438,213559,0,213559,3410854.454,-0.691,-0.040,0.066,0.719,2208,517,2489,2648,2763,2548,1937,2803,42,1.026,1,2229,1,40.423,0.310,-29.188,-9.813,-26.188,-0.145,0.031,1.012,-0.211,0.227,0.195,0.040,0.010,1.295,1.416,2,NULL,NULL,,3,0,2,7,255,1392,250,0,0
stim,183438,213559,1,213559,3410859.455,-0.692,-0.041,0.065,0.718,2174,539,2529,2633,2767,2541,1994,2827,42,1.026,1,2229,1,45.012,0.211,-32.625,-9.938,-29.375,-0.156,-0.016,1.012,-0.211,0.000,0.230,0.042,0.010,1.295,1.416,2,NULL,NULL,,3,1,2,7,255,1392,250,0,0
stim,183438,213559,1,213559,3410864.453,-0.693,-0.042,0.063,0.717,2135,559,2571,2600,2781,2542,2061,2825,42,1.026,1,2229,1,48.850,0.128,-35.813,-10.563,-31.500,-0.156,-0.039,1.020,0.109,-0.066,0.230,0.044,0.010,1.295,1.416,2,NULL,NULL,,3,1,2,7,255,1392,250,0,0
stim,183438,213559,1,213559,3410869.455,-0.694,-0.042,0.062,0.716,2075,568,2583,2586,2783,2535,2116,2830,42,1.026,1,2229,1,49.486,0.128,-36.500,-12.000,-31.188,-0.137,-0.012,0.969,0.109,-0.066,0.230,0.044,0.010,1.295,1.416,2,NULL,NULL,,3,1,2,7,255,1392,250,0,0
stim,183438,213559,1,213559,3410874.454,-0.695,-0.043,0.060,0.715,2009,573,2614,2547,2804,2545,2164,2835,42,1.026,1,2229,1,43.728,0.070,-28.000,-12.625,-31.125,-0.148,0.020,0.941,0.023,-0.066,-0.230,0.046,0.010,1.295,1.416,2,NULL,NULL,,3,1,2,7,255,1392,250,0,0
stim,183438,213559,1,213559,3410879.455,-0.696,-0.043,0.059,0.714,1938,575,2647,2517,2814,2541,2211,2847,42,1.026,1,2229,1,43.121,0.324,-24.563,-11.750,-33.438,-0.133,0.020,1.063,-0.324,0.012,-0.230,0.048,0.010,1.295,1.416,2,NULL,NULL,,3,1,2,7,255,1392,250,0,0
stim,183439,213560,1,213560,3410884.453,-0.697,-0.044,0.057,0.714,1877,583,2675,2483,2828,2541,2250,2855,42,1.026,1,2229,1,48.815,0.353,-37.063,-11.313,-29.688,-0.082,-0.066,1.078,-0.324,0.141,0.668,0.048,0.010,1.295,1.416,2,NULL,NULL,,3,1,2,7,255,1392,250,0,0
stim,183439,213560,1,213560,3410889.455,-0.697,-0.045,0.055,0.713,1803,575,2701,2445,2838,2539,2285,2861,42,1.026,1,2229,1,50.808,0.541,-44.438,-11.563,-21.750,-0.105,-0.098,0.988,0.430,0.328,0.668,0.048,0.010,1.295,1.416,2,NULL,NULL,,3,1,2,7,255,1392,250,0,0
stim,183461,213582,1,213582,3410894.454,-0.698,-0.046,0.054,0.713,1737,574,2720,2396,2847,2539,2317,2867,42,1.026,1,2229,1,45.479,0.541,-38.750,-12.313,-20.375,-0.148,-0.070,0.938,0.430,0.328,-0.066,0.050,0.010,1.295,1.416,2,NULL,NULL,,3,1,2,7,255,1392,250,0,0
stim,183461,213582,1,213582,3410899.455,-0.699,-0.047,0.052,0.712,1639,570,2741,2345,2855,2537,2343,2873,42,1.026,1,2229,1,41.769,0.457,-31.250,-13.750,-24.063,-0.156,-0.055,0.949,0.422,-0.176,-0.391,0.050,0.012,1.295,1.416,2,NULL,NULL,,3,1,2,7,255,1392,250,0,0
stim,183461,213582,1,213582,3410904.453,-0.700,-0.047,0.051,0.711,1545,564,2763,2297,2863,2536,2375,2877,42,1.026,1,2229,1,42.710,0.337,-26.500,-14.250,-30.313,-0.152,-0.059,0.973,0.266,-0.207,-0.391,0.050,0.012,1.295,1.416,2,NULL,NULL,,3,1,2,7,255,1392,250,0,0
stim,183461,213582,1,213582,3410909.455,-0.700,-0.047,0.050,0.710,1423,555,2780,2246,2874,2535,2411,2886,42,1.026,1,2229,1,41.148,0.337,-23.875,-14.813,-30.063,-0.102,-0.063,0.980,0.266,-0.207,-0.156,0.050,0.012,1.295,1.416,2,NULL,NULL,,3,1,2,7,255,1392,250,0,0
stim,183491,213612,1,213612,3410914.453,-0.701,-0.048,0.048,0.710,1312,543,2793,2181,2879,2532,2439,2891,42,1.026,1,2229,1,36.408,0.398,-21.125,-14.813,-25.688,-0.059,-0.039,1.000,0.266,0.297,-0.152,0.050,0.014,1.295,1.416,2,NULL,NULL,,3,1,2,7,255,1392,250,0,0
stim,183491,213612,1,213612,3410919.455,-0.702,-0.048,0.047,0.709,1226,520,2809,2123,2891,2526,2462,2893,42,1.026,1,2229,1,30.202,0.457,-21.125,-14.625,-15.875,-0.086,-0.020,1.016,0.004,0.457,-0.023,0.052,0.014,1.295,1.416,2,NULL,NULL,,3,1,2,7,255,1392,250,0,0
stim,183491,213612,1,213612,3410924.454,-0.702,-0.048,0.046,0.709,1119,493,2825,2029,2900,2521,2495,2900,42,1.026,1,2229,1,29.553,0.510,-21.063,-14.938,-14.375,-0.117,-0.012,1.008,-0.227,0.457,0.145,0.054,0.014,1.295,1.416,2,NULL,NULL,,3,1,2,7,255,1392,250,0,0
stim,183491,213612,1,213612,3410929.455,-0.703,-0.048,0.045,0.709,1015,471,2840,1933,2906,2519,2513,2903,42,1.026,1,2229,1,28.746,0.261,-18.750,-15.250,-15.563,-0.141,-0.027,1.008,-0.227,0.129,0.156,0.054,0.014,1.295,1.416,2,NULL,NULL,,3,1,2,7,255,1392,250,0,0
stim,183491,213612,1,213612,3410934.453,-0.703,-0.048,0.044,0.708,903,443,2856,1828,2914,2511,2533,2909,42,1.026,1,2229,1,30.457,0.259,-17.500,-16.063,-19.063,-0.133,-0.020,1.027,-0.254,-0.051,0.176,0.056,0.014,1.295,1.416,2,NULL,NULL,,3,1,2,7,255,1392,250,0,0
stim,183491,213612,1,213612,3410939.455,-0.704,-0.048,0.043,0.707,757,381,2863,1717,2921,2506,2548,2915,42,1.026,1,2229,1,32.122,0.259,-17.875,-15.813,-21.500,-0.121,-0.008,1.023,-0.254,-0.051,0.273,0.056,0.014,1.295,1.416,2,NULL,NULL,,3,1,2,7,255,1392,250,0,0
stim,183540,213661,1,213661,3410944.454,-0.704,-0.048,0.042,0.707,631,371,2875,1578,2927,2494,2573,2916,42,1.026,1,2229,1,31.401,0.390,-16.375,-17.688,-20.125,-0.141,0.004,1.055,-0.387,-0.051,0.348,0.058,0.014,1.295,1.416,2,NULL,NULL,,3,1,2,7,255,1392,250,0,0
stim,183540,213661,1,213661,3410949.455,-0.705,-0.048,0.040,0.706,507,333,2889,1435,2936,2488,2591,2920,42,1.026,1,2229,1,34.518,0.554,-18.750,-17.875,-22.813,-0.141,0.016,1.047,-0.539,-0.129,0.543,0.060,0.014,1.295,1.416,2,NULL,NULL,,3,1,2,7,255,1392,250,0,0
stim,183540,213661,1,213661,3410954.453,-0.706,-0.048,0.039,0.706,377,294,2899,1285,2949,2475,2614,2924,42,1.026,1,2229,1,35.077,0.669,-18.750,-19.375,-22.438,-0.113,0.016,1.027,-0.656,-0.129,0.543,0.060,0.014,1.295,1.416,2,NULL,NULL,,3,1,2,7,255,1392,250,0,0
stim,183540,213661,1,213661,3410959.455,-0.706,-0.048,0.038,0.705,301,263,2908,1123,2954,2458,2635,2927,42,1.026,1,2229,1,33.635,0.674,-15.063,-19.813,-22.625,-0.160,-0.008,1.051,-0.656,-0.152,0.543,0.062,0.014,1.295,1.416,2,NULL,NULL,,3,1,2,7,255,1392,250,0,0
stim,183540,213661,1,213661,3410964.453,-0.707,-0.048,0.037,0.704,155,207,2921,936,2963,2445,2652,2932,42,1.026,1,2229,1,39.241,0.723,-18.813,-21.688,-26.750,-0.148,0.023,1.082,-0.684,-0.234,0.609,0.062,0.016,1.295,1.416,2,NULL,NULL,,3,1,2,7,255,1392,250,0,0
stim,183540,213661,1,213661,3410969.455,-0.708,-0.048,0.035,0.704,99,171,2932,775,2969,2427,2675,2937,42,1.026,1,2229,1,45.900,0.831,-24.375,-22.375,-31.813,-0.133,0.039,1.082,-0.797,-0.234,0.828,0.062,0.016,1.295,1.416,2,NULL,NULL,,3,1,2,7,255,1392,250,0,0
stim,183540,213661,1,213661,3410974.454,-0.709,-0.048,0.034,0.703,45,149,2938,603,2974,2409,2697,2939,42,1.026,1,2229,1,47.457,0.858,-23.813,-23.813,-33.438,-0.109,0.023,1.039,-0.852,-0.105,0.828,0.062,0.016,1.295,1.416,2,NULL,NULL,,3,1,2,7,255,1392,250,0,0
stim,183540,213661,1,213661,3410979.455,-0.710,-0.047,0.032,0.702,25,105,2951,427,2979,2385,2713,2941,42,1.026,1,2229,1,48.803,0.855,-20.500,-26.313,-35.625,-0.098,-0.008,1.023,-0.852,0.074,0.391,0.062,0.018,1.295,1.416,2,NULL,NULL,,3,1,2,7,255,1392,250,0,0
stim,183540,213661,1,213661,3410984.453,-0.711,-0.047,0.031,0.701,0,69,2955,329,2991,2359,2727,2943,42,1.026,1,2229,1,41.175,0.856,-8.938,-30.438,-26.250,-0.105,0.047,1.055,-0.852,0.082,0.391,0.064,0.018,1.295,1.416,2,NULL,NULL,,3,1,2,7,255,1392,250,0,0
stim,183540,213661,1,213661,3410989.455,-0.712,-0.046,0.030,0.700,0,39,2959,217,2992,2321,2747,2941,42,1.026,1,2229,1,44.947,1.111,-11.250,-31.875,-29.625,-0.082,0.074,1.059,-1.102,0.141,0.535,0.064,0.020,1.295,1.416,2,NULL,NULL,,3,1,2,7,255,1392,250,0,0
stim,183559,213680,1,213680,3410994.454,-0.713,-0.045,0.028,0.699,0,33,2967,119,3001,2301,2762,2953,42,1.026,1,2229,1,51.209,1.105,-13.688,-33.000,-36.688,-0.117,0.043,1.074,-1.102,0.082,0.539,0.064,0.020,1.295,1.416,2,NULL,NULL,,3,1,2,7,255,1392,250,0,0
stim,183559,213680,1,213680,3410999.455,-0.714,-0.044,0.027,0.699,0,16,2971,111,3005,2285,2781,2952,42,1.026,1,2229,1,45.813,1.086,9.938,-40.125,-19.750,-0.270,-0.023,1.266,-1.082,-0.094,0.730,0.066,0.020,1.295,1.416,2,NULL,NULL,,3,1,2,7,255,1392,250,0,0
stim,183559,213680,1,213680,3411004.453,-0.714,-0.041,0.027,0.699,0,8,2983,95,3015,2264,2799,2957,42,1.026,1,2229,0,59.458,1.526,31.563,-50.375,1.188,-0.383,-0.059,1.570,-0.582,-1.410,2.801,0.066,0.020,1.295,1.416,3,NULL,NULL,,3,1,2,7,255,1392,250,0,0
stim,183559,213680,1,213680,3411009.455,-0.714,-0.041,0.024,0.699,0,0,2986,85,3020,2231,2813,2962,42,1.026,1,2229,0,62.062,1.458,-27.563,-55.063,-7.750,-0.219,-0.176,1.441,-0.371,-1.410,4.512,0.068,0.020,1.295,1.416,3,NULL,NULL,,3,1,2,7,255,1392,250,0,0
stim,183584,213705,1,213705,3411014.453,-0.714,-0.042,0.020,0.698,0,0,2987,55,3027,2196,2827,2963,42,1.026,1,2229,0,91.854,1.214,-72.875,-51.563,-21.625,-0.102,-0.289,1.051,0.816,-0.898,4.512,0.070,0.020,1.295,1.416,3,NULL,NULL,,3,1,2,7,255,1392,250,0,0
stim,183584,213705,1,213705,3411019.455,-0.714,-0.042,0.017,0.698,0,0,2989,31,3035,2147,2839,2963,42,1.026,1,2229,0,77.431,1.488,-52.313,-57.063,-1.688,-0.125,-0.211,0.875,1.371,-0.578,0.672,0.070,0.022,1.295,1.416,3,NULL,NULL,,3,1,2,7,255,1392,250,0,0
stim,183584,213705,1,213705,3411024.454,-0.714,-0.040,0.015,0.699,0,0,2989,0,3033,2095,2851,2965,42,1.026,1,2229,0,64.006,1.488,-13.625,-62.188,6.625,-0.188,-0.105,0.863,1.371,-0.578,-1.039,0.068,0.024,1.295,1.416,3,NULL,NULL,,3,1,2,7,255,1392,250,0,0
stim,183584,213705,1,213705,3411029.455,-0.714,-0.038,0.013,0.699,0,0,2985,0,3037,2027,2859,2963,42,1.026,1,2229,0,66.079,1.296,9.125,-65.250,-5.063,-0.199,-0.117,0.941,0.406,-1.230,-1.039,0.064,0.032,1.295,1.416,3,NULL,NULL,,3,1,2,7,255,1392,250,0,0
stim,183604,213725,1,213725,3411034.453,-0.715,-0.036,0.011,0.699,0,0,2985,0,3045,1965,2871,2965,42,1.026,1,2229,0,70.877,1.296,16.125,-68.000,-11.813,-0.184,-0.176,1.074,0.406,-1.230,-0.406,0.060,0.038,1.295,1.416,3,NULL,NULL,,3,1,2,7,255,1392,250,0,0
stim,183604,213725,1,213725,3411039.455,-0.715,-0.033,0.009,0.698,0,0,2985,0,3047,1891,2885,2964,42,1.026,1,2229,0,71.996,1.459,11.750,-70.063,-11.688,-0.160,-0.223,1.129,0.891,-1.156,0.918,0.056,0.044,1.295,1.416,3,NULL,NULL,,3,1,2,7,255,1392,250,0,0
stim,183636,213757,1,213757,3411044.454,-0.715,-0.031,0.007,0.698,0,0,2983,0,3051,1823,2893,2964,42,1.026,1,2229,0,72.903,1.648,5.188,-71.938,-10.625,-0.133,-0.258,1.074,1.324,-0.980,0.918,0.056,0.046,1.295,1.416,3,NULL,NULL,,3,1,2,7,255,1392,250,0,0
stim,183636,213757,1,213757,3411049.455,-0.715,-0.029,0.005,0.698,0,0,2981,0,3053,1741,2905,2964,42,1.026,1,2229,0,75.369,1.765,6.000,-74.875,-6.188,-0.105,-0.238,1.023,1.555,-0.836,0.902,0.056,0.050,1.295,1.416,3,NULL,NULL,,3,1,2,7,255,1392,250,0,0
stim,183636,213757,1,213757,3411054.454,-0.715,-0.026,0.003,0.698,0,0,2975,0,3060,1645,2915,2964,42,1.026,1,2229,0,78.430,1.674,12.813,-77.375,0.438,-0.094,-0.164,1.016,1.555,-0.621,0.391,0.052,0.052,1.295,1.416,3,NULL,NULL,,3,1,2,7,255,1392,250,0,0
stim,183636,213757,1,213757,3411059.455,-0.715,-0.023,0.001,0.699,0,0,2969,0,3061,1563,2921,2959,42,1.026,1,2229,0,82.546,1.048,21.750,-79.563,3.250,-0.113,-0.105,1.008,0.844,-0.621,0.234,0.050,0.058,1.295,1.416,3,NULL,NULL,,3,1,2,7,255,1392,250,0,0
stim,183636,213757,1,213757,3411064.453,-0.715,-0.020,-0.001,0.699,0,0,2961,0,3064,1459,2927,2957,42,1.026,1,2229,0,87.772,0.705,29.375,-82.688,1.938,-0.090,-0.086,1.031,0.285,-0.645,0.234,0.044,0.064,1.295,1.416,3,NULL,NULL,,3,1,2,7,255,1392,250,0,0
stim,183636,213757,1,213757,3411069.455,-0.715,-0.017,-0.002,0.699,0,0,2953,0,3065,1339,2937,2958,42,1.026,1,2229,0,90.451,0.697,30.750,-84.938,4.625,-0.063,-0.098,1.066,0.266,-0.645,0.332,0.038,0.070,1.295,1.416,3,NULL,NULL,,3,1,2,7,255,1392,250,0,0
stim,183636,213757,1,213757,3411074.454,-0.714,-0.013,-0.004,0.700,0,0,2939,0,3069,1239,2949,2955,42,1.026,1,2229,0,92.196,0.573,30.750,-86.500,8.500,-0.059,-0.105,1.070,0.266,-0.508,0.699,0.032,0.076,1.295,1.416,3,NULL,NULL,,3,1,2,7,255,1392,250,0,0
stim,183636,213757,1,213757,3411079.455,-0.714,-0.009,-0.006,0.700,0,0,2935,0,3067,1097,2953,2952,42,1.026,1,2229,0,94.989,0.563,32.250,-88.750,10.313,-0.051,-0.082,1.070,0.266,-0.496,0.703,0.028,0.080,1.295,1.416,3,NULL,NULL,,3,1,2,7,255,1392,250,0,0
stim,183637,213758,1,213758,3411084.453,-0.714,-0.006,-0.008,0.700,0,0,2875,0,3087,951,2955,2943,42,1.026,1,2229,0,98.187,0.532,32.750,-91.750,12.250,-0.074,-0.047,1.105,0.160,-0.508,0.727,0.024,0.084,1.295,1.416,3,NULL,NULL,,3,1,2,7,255,1392,250,0,0
stim,183637,213758,1,213758,3411089.455,-0.713,-0.002,-0.009,0.701,0,0,2905,0,3080,775,2963,2940,42,1.026,1,2229,0,102.060,0.780,34.688,-95.125,12.813,-0.063,0.008,1.133,-0.199,-0.754,1.035,0.020,0.090,1.295,1.416,3,NULL,NULL,,3,1,2,7,255,1392,250,0,0
stim,183672,213793,1,213793,3411094.454,-0.713,0.002,-0.011,0.702,0,0,2891,0,3081,691,2969,2935,42,1.026,1,2229,0,104.959,0.941,34.375,-98.000,15.188,0.012,0.000,1.125,-0.563,-0.754,1.211,0.016,0.094,1.295,1.416,3,NULL,NULL,,3,1,2,7,255,1392,250,0,0
stim,183672,213793,1,213793,3411099.455,-0.712,0.007,-0.013,0.702,0,0,2875,0,3083,565,2971,2927,42,1.026,1,2229,0,110.116,0.583,36.313,-100.875,25.125,0.031,-0.051,1.125,-0.563,-0.152,1.227,0.016,0.100,1.295,1.416,3,NULL,NULL,,3,1,2,7,255,1392,250,0,0
stim,183672,213793,1,213793,3411104.454,-0.710,0.011,-0.015,0.704,0,0,2857,0,3089,458,2975,2919,42,1.026,1,2229,0,120.100,0.065,38.875,-104.875,43.750,0.070,-0.051,1.148,-0.027,-0.059,1.227,0.018,0.106,1.295,1.416,3,NULL,NULL,,3,1,2,7,255,1392,250,0,0
stim,183672,213793,0,213793,3411109.455,-0.708,0.015,-0.017,0.706,0,0,2836,0,3087,331,2981,2911,42,1.026,1,2229,0,125.019,0.065,31.938,-107.375,55.500,-0.008,0.133,1.215,-0.027,-0.059,1.457,0.020,0.110,1.295,1.416,3,NULL,NULL,,3,0,2,7,255,1394,250,0,0
stim,183672,213793,0,213793,3411114.453,-0.707,0.019,-0.020,0.707,0,0,2809,0,3089,189,2985,2901,42,1.026,1,2229,0,120.110,1.909,16.500,-109.875,45.625,-0.121,0.344,1.254,-1.785,-0.676,2.023,0.024,0.114,1.295,1.416,3,NULL,NULL,,3,0,2,7,255,1394,250,0,0
stim,183672,213793,0,213793,3411119.455,-0.705,0.023,-0.024,0.708,0,0,2787,0,3098,128,2989,2889,42,1.026,1,2229,0,117.316,4.310,6.563,-113.813,27.688,-0.113,0.359,1.254,-3.855,-1.926,2.258,0.026,0.116,1.295,1.416,3,NULL,NULL,,3,0,2,7,255,1394,250,0,0
stim,183699,213820,0,213820,3411124.454,-0.705,0.027,-0.027,0.709,0,0,2765,0,3087,71,3001,2875,42,1.026,1,2229,0,120.345,4.310,0.750,-118.563,20.625,-0.027,0.250,1.234,-3.855,-1.926,2.258,0.032,0.120,1.295,1.416,3,NULL,NULL,,3,0,2,7,255,1394,250,0,0
stim,183699,213820,0,213820,3411129.455,-0.704,0.030,-0.031,0.709,0,0,2733,0,3099,26,3005,2855,42,1.026,1,2229,0,125.207,3.187,-3.000,-122.688,24.813,0.039,0.121,1.230,-2.934,-1.246,2.180,0.040,0.124,1.295,1.416,3,NULL,NULL,,3,0,2,7,255,1394,250,0,0
stim,183699,213820,0,213820,3411134.453,-0.702,0.034,-0.035,0.710,0,0,2696,0,3097,3,3000,2831,42,1.026,1,2229,0,130.258,1.847,-9.125,-125.188,34.813,0.043,0.066,1.254,-1.648,-0.832,2.180,0.048,0.126,1.295,1.416,3,NULL,NULL,,3,0,2,7,255,1394,250,0,0
stim,183699,213820,0,213820,3411139.455,-0.701,0.037,-0.039,0.712,0,0,2665,0,3091,0,3005,2809,42,1.026,1,2229,0,136.793,1.571,-19.438,-128.375,43.063,-0.008,0.086,1.281,-1.332,-0.832,2.418,0.056,0.130,1.295,1.416,3,NULL,NULL,,3,0,2,7,255,1394,250,0,0
stim,183742,213863,0,213863,3411144.453,-0.699,0.040,-0.044,0.713,0,0,2621,0,3087,0,3005,2778,42,1.026,1,2229,0,140.583,1.986,-23.000,-131.875,42.938,-0.047,0.121,1.348,-1.332,-1.473,2.629,0.066,0.136,1.295,1.416,3,NULL,NULL,,3,0,2,7,255,1394,250,0,0
stim,183742,213863,0,213863,3411149.455,-0.697,0.044,-0.048,0.714,0,0,2581,0,3093,0,3003,2735,42,1.026,1,2229,0,143.490,2.709,-23.375,-135.750,40.188,-0.094,0.148,1.422,-1.719,-2.094,3.215,0.076,0.142,1.295,1.416,3,NULL,NULL,,3,0,2,7,255,1394,250,0,0
stim,183742,213863,0,213863,3411154.454,-0.696,0.047,-0.054,0.715,0,0,2549,0,3079,0,3012,2699,42,1.026,1,2229,0,149.161,3.478,-31.438,-141.313,35.938,-0.168,0.195,1.578,-2.035,-2.820,3.836,0.084,0.148,1.295,1.416,3,NULL,NULL,,3,0,2,7,255,1394,250,0,0
stim,183742,213863,0,213863,3411159.455,-0.694,0.050,-0.059,0.715,0,0,2501,0,3083,0,3001,2647,42,1.026,1,2229,0,157.889,4.246,-40.813,-148.813,33.438,-0.137,0.109,1.539,-2.035,-3.727,4.828,0.094,0.156,1.295,1.416,3,NULL,NULL,,3,0,2,7,255,1394,250,0,0
stim,183742,213863,0,213863,3411164.453,-0.693,0.054,-0.065,0.716,0,0,2445,0,3079,0,3016,2605,42,1.026,1,2229,0,167.134,4.280,-44.313,-157.375,34.688,-0.195,0.074,1.598,-1.750,-3.906,5.168,0.104,0.164,1.295,1.416,3,NULL,NULL,,3,0,2,7,255,1394,250,0,0
stim,183742,213863,0,213863,3411169.455,-0.691,0.057,-0.072,0.717,0,0,2382,0,3065,0,3001,2543,42,1.026,1,2229,0,179.824,4.879,-57.438,-167.875,29.250,-0.289,0.090,1.602,-1.633,-4.598,5.063,0.114,0.174,1.295,1.416,3,NULL,NULL,,3,0,2,7,255,1394,250,0,0
stim,183742,213863,0,213863,3411174.454,-0.690,0.060,-0.080,0.717,0,0,2339,0,3053,0,2989,2455,42,1.026,1,2229,0,191.443,5.921,-66.125,-178.813,17.438,-0.262,0.168,1.590,-1.633,-5.691,5.063,0.126,0.186,1.295,1.416,3,NULL,NULL,,3,0,2,7,255,1394,250,0,0
stim,183742,213863,0,213863,3411179.455,-0.689,0.064,-0.088,0.716,0,0,2263,0,3039,8,2983,2351,42,1.026,1,2229,0,200.951,6.227,-67.688,-188.938,10.125,-0.254,0.180,1.590,-2.465,-5.719,4.832,0.138,0.200,1.295,1.416,3,NULL,NULL,,3,0,2,7,255,1394,250,0,0
stim,183742,213863,0,213863,3411184.453,-0.688,0.068,-0.096,0.716,0,0,2181,0,3023,11,2980,2263,42,1.026,1,2229,0,217.518,6.364,-77.938,-202.938,7.500,-0.246,0.113,1.602,-2.465,-5.867,4.789,0.152,0.216,1.295,1.416,3,NULL,NULL,,3,0,2,7,255,1394,250,0,0
stim,183742,213863,0,213863,3411189.455,-0.687,0.072,-0.105,0.715,0,0,2117,0,3015,27,2965,2137,42,1.026,1,2229,0,231.562,6.423,-85.563,-215.063,6.938,-0.223,0.074,1.594,-2.121,-6.063,4.754,0.168,0.236,1.295,1.416,3,NULL,NULL,,3,0,2,7,255,1394,250,0,0
stim,183761,213882,0,213882,3411194.453,-0.686,0.077,-0.115,0.715,0,0,2039,0,3003,35,2928,2027,42,1.026,1,2229,0,243.482,6.430,-87.500,-226.938,11.250,-0.297,0.086,1.598,-2.016,-6.105,4.652,0.186,0.258,1.295,1.416,3,NULL,NULL,,3,0,2,7,255,1394,250,0,0
stim,183761,213882,0,213882,3411199.455,-0.684,0.082,-0.125,0.714,0,0,1956,0,2995,42,2907,1935,42,1.026,1,2229,0,259.214,7.332,-88.250,-243.688,4.500,-0.383,0.035,1.633,-1.840,-7.098,4.383,0.206,0.280,1.295,1.416,3,NULL,NULL,,3,0,2,7,255,1394,250,0,0
stim,183761,213882,0,213882,3411204.454,-0.683,0.087,-0.135,0.713,0,0,1854,0,2963,51,2875,1867,42,1.026,1,2229,0,273.030,8.561,-84.500,-259.625,0.500,-0.379,0.078,1.617,-2.016,-8.320,4.344,0.230,0.306,1.295,1.416,3,NULL,NULL,,3,0,2,7,255,1394,250,0,0
stim,183761,213882,0,213882,3411209.455,-0.681,0.094,-0.146,0.711,0,0,1780,0,2937,41,2812,1797,42,1.026,1,2229,0,283.215,8.793,-66.313,-275.250,-7.125,-0.301,0.164,1.754,-2.098,-8.539,4.344,0.254,0.334,1.295,1.416,3,NULL,NULL,,3,0,2,7,255,1394,250,0,0
stim,183790,213911,0,213911,3411214.453,-0.680,0.101,-0.156,0.710,0,0,1701,0,2909,43,2765,1706,42,1.026,1,2229,0,296.832,9.180,-55.813,-291.500,-4.688,-0.254,0.328,2.074,-3.176,-8.613,5.141,0.282,0.364,1.295,1.416,3,NULL,NULL,,3,0,2,7,255,1394,250,0,0
stim,183790,213911,0,213911,3411219.455,-0.678,0.108,-0.167,0.708,0,0,1611,0,2871,35,2679,1621,42,1.026,1,2229,0,315.073,11.026,-67.813,-307.688,-1.063,-0.359,0.359,2.352,-5.164,-9.742,7.813,0.312,0.396,1.295,1.416,3,NULL,NULL,,3,0,2,7,255,1394,250,0,0
stim,183790,213911,0,213911,3411224.454,-0.675,0.116,-0.180,0.706,0,0,1515,0,2821,17,2557,1519,42,1.026,1,2229,0,333.615,13.517,-92.563,-320.438,-7.125,-0.395,0.523,2.473,-5.797,-12.211,9.566,0.342,0.428,1.295,1.416,3,NULL,NULL,,3,0,2,7,255,1394,250,0,0
stim,183790,213911,0,213911,3411229.455,-0.674,0.123,-0.193,0.703,0,0,1419,0,2773,7,2439,1431,42,1.026,1,2229,0,350.235,15.347,-103.688,-333.875,-21.000,-0.352,0.445,2.543,-7.145,-13.582,9.941,0.376,0.464,1.295,1.416,3,NULL,NULL,,3,0,2,7,255,1394,250,0,0
stim,183790,213911,0,213911,3411234.454,-0.672,0.130,-0.206,0.699,0,0,1261,0,2687,0,2283,1316,42,1.026,1,2229,0,362.645,15.769,-114.438,-342.438,-33.938,-0.242,0.508,2.566,-7.629,-13.801,10.379,0.412,0.502,1.295,1.416,3,NULL,NULL,,3,0,2,7,255,1394,250,0,0
stim,183790,213911,0,213911,3411239.455,-0.670,0.137,-0.221,0.696,0,0,1103,0,2605,0,2073,1205,42,1.026,1,2229,0,383.318,15.773,-146.500,-353.438,-23.500,-0.211,0.457,2.434,-7.637,-13.801,10.379,0.450,0.544,1.295,1.416,3,NULL,NULL,,3,0,2,7,255,1394,250,0,0
stim,183853,213974,0,213974,3411244.453,-0.667,0.142,-0.237,0.692,0,0,943,0,2489,0,1815,1098,42,1.026,1,2229,0,402.335,15.517,-178.875,-360.375,-2.688,-0.246,0.387,2.117,-7.637,-13.508,9.063,0.494,0.588,1.295,1.416,3,NULL,NULL,,3,0,2,7,255,1394,250,0,0
stim,183853,213974,0,213974,3411249.455,-0.664,0.149,-0.253,0.688,0,0,752,0,2342,0,1482,995,42,1.026,1,2229,0,413.354,14.451,-171.438,-376.125,-0.688,-0.313,-0.016,1.836,-6.758,-12.773,5.848,0.542,0.638,1.295,1.416,3,NULL,NULL,,3,0,2,7,255,1394,250,0,0
stim,183853,213974,0,213974,3411254.454,-0.660,0.156,-0.269,0.684,0,0,549,0,2149,0,1071,888,42,1.026,1,2229,0,418.961,12.705,-153.250,-389.875,6.375,-0.082,-0.254,1.430,-2.629,-12.430,3.395,0.596,0.694,1.295,1.416,3,NULL,NULL,,3,0,2,7,255,1394,250,0,0
stim,183853,213974,0,213974,3411259.455,-0.655,0.165,-0.283,0.681,0,0,354,0,1925,0,615,765,42,1.026,1,2229,0,414.442,8.832,-94.063,-403.625,1.000,0.059,-0.422,1.215,-0.020,-8.832,1.438,0.656,0.752,1.295,1.416,3,NULL,NULL,,3,0,2,7,255,1394,250,0,0
stim,183853,213974,0,213974,3411264.454,-0.650,0.176,-0.296,0.678,0,0,263,0,1662,0,231,597,42,1.026,1,2229,0,412.813,6.918,-32.813,-411.438,7.563,0.348,-0.250,1.148,0.008,-6.918,1.316,0.726,0.824,1.295,1.416,3,NULL,NULL,,3,0,2,7,255,1394,250,0,0
stim,183853,213974,0,213974,3411269.455,-0.643,0.189,-0.307,0.676,0,0,215,0,1333,0,3,463,42,1.026,1,2229,0,419.914,6.699,49.938,-416.750,12.375,0.336,-0.098,1.410,0.008,-6.699,1.316,0.800,0.898,1.295,1.416,3,NULL,NULL,,3,0,2,7,255,1394,250,0,0
stim,183853,213974,0,213974,3411274.454,-0.635,0.204,-0.315,0.675,0,0,149,0,1010,0,0,392,42,1.026,1,2229,0,432.406,6.943,115.313,-415.625,30.563,0.148,0.262,1.789,-1.824,-6.699,2.668,0.874,0.972,1.295,1.416,3,NULL,NULL,,3,0,2,7,255,1394,250,0,0
stim,183853,213974,0,213974,3411279.455,-0.626,0.217,-0.325,0.674,0,0,107,0,522,0,0,299,42,1.026,1,2229,0,430.133,12.232,71.250,-418.375,70.000,-0.008,0.254,2.531,-5.516,-10.918,3.211,0.946,1.044,1.295,1.416,3,NULL,NULL,,3,0,2,7,255,1394,250,0,0
stim,183853,213974,0,213974,3411284.454,-0.616,0.226,-0.339,0.674,0,0,103,0,214,0,0,211,42,1.026,1,2229,0,438.828,18.531,-26.938,-418.438,129.438,-0.152,0.195,2.414,-5.516,-17.691,4.410,1.008,1.108,1.295,1.416,3,NULL,NULL,,3,0,2,7,255,1394,250,0,0
stim,183853,213974,0,213974,3411289.455,-0.605,0.233,-0.355,0.674,0,0,99,0,0,0,0,105,42,1.026,1,2229,0,476.583,19.135,-108.250,-422.750,191.563,-0.539,0.285,2.008,-5.160,-18.426,4.410,1.066,1.166,1.295,1.416,4,NULL,NULL,,3,0,2,7,255,1394,250,0,0
stim,183853,213974,0,213974,3411294.453,-0.595,0.237,-0.372,0.672,0,0,77,0,0,0,0,47,42,1.026,1,2229,0,474.540,19.135,-161.688,-411.000,173.563,-0.758,0.855,1.500,-5.160,-18.426,-1.887,1.114,1.216,1.295,1.416,4,NULL,NULL,,3,0,2,7,255,1394,250,0,0
stim,183853,213974,0,213974,3411299.455,-0.586,0.242,-0.389,0.668,0,0,47,0,0,0,0,7,42,1.026,1,2229,0,445.391,18.530,-177.813,-389.688,122.063,-0.719,1.254,1.090,-9.156,-16.109,-8.586,1.162,1.266,1.295,1.416,0,NULL,NULL,,3,0,2,7,255,1394,250,0,0
stim,183874,213995,0,213995,3411304.453,-0.579,0.247,-0.404,0.664,0,0,59,0,0,0,0,0,42,1.026,1,2229,0,418.728,17.758,-165.375,-375.750,82.438,-0.648,1.453,1.168,-12.340,-12.770,-12.281,1.218,1.322,1.295,1.416,0,NULL,NULL,,3,0,2,7,255,1394,250,0,0
stim,183874,213995,0,213995,3411309.455,-0.572,0.251,-0.419,0.659,0,0,77,0,0,0,0,11,42,1.026,1,2229,0,407.990,17.758,-179.625,-357.563,79.625,-0.637,1.004,1.395,-12.340,-12.770,-12.281,1.282,1.388,1.295,1.416,0,NULL,NULL,,3,0,2,7,255,1394,250,0,0
stim,183874,213995,0,213995,3411314.454,-0.566,0.253,-0.435,0.653,0,0,77,0,0,0,0,41,42,1.026,1,2229,0,423.096,17.645,-243.500,-338.375,72.250,-0.418,0.543,1.453,-10.602,-14.105,-10.625,1.356,1.464,1.295,1.416,0,NULL,NULL,,3,0,2,7,255,1394,250,0,0
stim,183874,213995,0,213995,3411319.455,-0.563,0.254,-0.450,0.645,0,0,73,0,0,0,0,61,42,1.026,1,2229,0,392.517,15.726,-271.813,-282.938,11.563,-0.238,-0.055,1.195,-6.953,-14.105,-7.867,1.440,1.548,1.295,1.416,0,NULL,NULL,,3,0,2,7,255,1394,250,0,0
stim,183874,213995,0,213995,3411324.454,-0.560,0.254,-0.463,0.638,0,0,72,0,0,0,0,94,42,1.026,1,2229,0,343.792,11.597,-242.875,-243.125,9.750,-0.223,-0.176,1.195,-1.496,-11.500,-6.250,1.524,1.634,1.295,1.416,0,NULL,NULL,,3,0,2,7,255,1394,250,0,0
stim,183874,213995,0,213995,3411329.455,-0.558,0.253,-0.475,0.631,0,0,72,0,0,0,0,123,42,1.026,1,2229,0,318.235,11.597,-246.000,-200.750,21.375,-0.297,0.121,1.352,-1.496,-11.500,-6.250,1.606,1.716,1.295,1.416,0,NULL,NULL,,3,0,2,7,255,1394,250,0,0
stim,183905,214026,0,214026,3411334.454,-0.558,0.250,-0.487,0.624,0,0,70,0,0,0,0,150,42,1.026,1,2229,0,326.441,12.066,-290.813,-148.063,8.313,-0.398,0.305,1.152,-3.652,-11.500,-7.250,1.684,1.792,1.295,1.416,0,NULL,NULL,,3,0,2,7,255,1394,250,0,0
stim,183905,214026,0,214026,3411339.455,-0.560,0.244,-0.498,0.615,0,0,63,0,0,0,0,164,42,1.026,1,2229,0,344.754,12.389,-334.000,-83.875,-16.250,-0.184,0.449,0.578,-4.816,-11.414,-9.746,1.754,1.862,1.295,1.416,0,NULL,NULL,,3,0,2,7,255,1394,250,0,0
stim,183935,214056,0,214056,3411344.453,-0.564,0.237,-0.507,0.607,0,0,63,0,0,0,0,165,42,1.026,1,2229,0,339.144,7.076,-337.125,-25.750,-26.500,-0.098,0.598,-0.250,-4.816,-5.184,-10.781,1.820,1.926,1.295,1.416,0,NULL,NULL,,3,0,2,7,255,1394,250,0,0
stim,183935,214056,0,214056,3411349.455,-0.568,0.231,-0.513,0.600,0,0,61,0,0,0,0,143,42,1.026,1,2229,0,283.876,5.198,-279.250,31.938,-39.813,-0.027,0.500,-0.566,-4.438,2.707,-13.621,1.878,1.986,1.295,1.416,0,NULL,NULL,,3,0,2,7,255,1394,250,0,0
stim,183935,214056,0,214056,3411354.453,-0.573,0.224,-0.516,0.596,0,0,61,0,0,0,0,138,42,1.026,1,2229,0,218.227,6.231,-192.563,97.188,-33.125,0.258,0.262,-0.910,-2.613,5.656,-13.621,1.934,2.042,1.295,1.416,0,NULL,NULL,,3,0,2,7,255,1394,250,0,0
stim,183935,214056,0,214056,3411359.455,-0.577,0.218,-0.515,0.595,0,0,55,0,0,0,0,119,42,1.026,1,2229,0,162.263,7.165,-97.688,129.563,0.313,0.094,0.090,-0.785,0.125,7.164,-12.156,1.988,2.096,1.295,1.416,0,NULL,NULL,,3,0,2,7,255,1394,250,0,0
stim,183935,214056,0,214056,3411364.454,-0.581,0.213,-0.512,0.596,0,0,53,0,0,0,0,109,42,1.026,1,2229,0,167.707,7.366,-37.625,161.688,23.813,0.016,-0.105,-0.574,1.715,7.164,-11.770,2.040,2.150,1.295,1.416,0,NULL,NULL,,3,0,2,7,255,1394,250,0,0
stim,183935,214056,0,214056,3411369.455,-0.584,0.206,-0.508,0.599,0,0,43,0,0,0,0,106,42,1.026,1,2229,0,199.582,5.399,-4.750,188.813,64.500,0.141,-0.332,-0.508,2.887,4.563,-11.426,2.084,2.194,1.295,1.416,0,NULL,NULL,,3,0,2,7,255,1394,250,0,0
stim,183935,214056,0,214056,3411374.454,-0.585,0.200,-0.503,0.604,0,0,30,0,0,0,0,103,42,1.026,1,2229,0,223.423,5.006,26.438,197.625,100.813,-0.207,0.063,-0.586,2.887,4.090,-11.426,2.116,2.226,1.295,1.416,0,NULL,NULL,,3,0,2,7,255,1394,250,0,0
stim,183935,214056,0,214056,3411379.455,-0.587,0.194,-0.496,0.610,0,0,24,0,0,0,0,101,42,1.026,1,2229,0,241.669,4.313,82.500,210.063,86.438,-0.387,0.277,-0.531,1.973,3.836,-14.043,2.140,2.250,1.295,1.416,0,NULL,NULL,,3,0,2,7,255,1394,250,0,0
stim,183935,214056,0,214056,3411384.453,-0.589,0.190,-0.487,0.616,0,0,11,0,0,0,0,87,42,1.026,1,2229,0,265.885,2.850,128.688,220.313,74.813,-0.262,0.234,-0.344,0.316,2.832,-14.262,2.154,2.266,1.295,1.416,0,NULL,NULL,,3,0,2,7,255,1394,250,0,0
stim,183935,214056,0,214056,3411389.455,-0.590,0.186,-0.478,0.624,0,0,16,0,0,0,0,78,42,1.026,1,2229,0,296.282,1.808,160.813,229.813,95.438,-0.230,0.156,-0.105,-0.309,1.781,-14.262,2.162,2.274,1.295,1.416,0,NULL,NULL,,3,0,2,7,255,1394,250,0,0
stim,183971,214093,0,214093,3411394.454,-0.591,0.182,-0.468,0.632,0,0,17,0,0,0,0,77,42,1.026,1,2229,0,316.845,0.602,175.625,236.063,117.563,-0.422,0.227,0.121,-0.566,-0.203,-13.348,2.168,2.280,1.295,1.416,0,NULL,NULL,,3,0,2,7,255,1394,250,0,0
stim,183971,214093,0,214093,3411399.455,-0.591,0.178,-0.457,0.640,0,0,13,0,0,0,0,71,42,1.026,1,2229,0,321.500,3.426,178.750,242.625,112.000,-0.605,0.313,0.309,-1.535,-3.063,-13.348,2.172,2.284,1.295,1.416,0,NULL,NULL,,3,0,2,7,255,1394,250,0,0
stim,183971,214093,0,214093,3411404.453,-0.593,0.174,-0.446,0.648,0,0,7,0,0,0,0,71,42,1.026,1,2229,0,318.599,6.031,178.188,247.500,92.188,-0.652,0.273,0.418,-2.395,-5.535,-13.504,2.172,2.286,1.295,1.416,0,NULL,NULL,,3,0,2,7,255,1394,250,0,0
stim,183971,214093,0,214093,3411409.455,-0.594,0.170,-0.435,0.655,0,0,2,0,0,0,0,69,42,1.026,1,2229,0,321.200,7.258,184.563,251.313,77.125,-0.664,0.199,0.484,-2.395,-6.852,-13.504,2.174,2.288,1.295,1.416,0,NULL,NULL,,3,0,2,7,255,1394,250,0,0
stim,183972,214093,0,214093,3411414.454,-0.596,0.166,-0.423,0.662,0,0,7,0,0,0,0,69,42,1.026,1,2229,0,322.823,7.970,187.063,255.813,61.500,-0.715,0.211,0.703,-2.395,-7.602,-12.766,2.178,2.292,1.295,1.416,0,NULL,NULL,,3,0,2,7,255,1394,250,0,0
stim,183972,214093,0,214093,3411419.455,-0.599,0.163,-0.412,0.668,0,0,9,0,0,0,0,63,42,1.026,1,2229,0,317.432,9.927,175.688,261.250,40.563,-0.762,0.188,0.941,-2.492,-9.609,-11.707,2.184,2.300,1.295,1.416,0,NULL,NULL,,3,0,2,7,255,1394,250,0,0
stim,183994,214115,0,214115,3411424.454,-0.602,0.159,-0.400,0.672,0,0,7,0,0,0,0,57,42,1.026,1,2229,0,304.498,12.075,149.500,264.750,16.625,-0.789,0.195,1.191,-2.879,-11.727,-10.277,2.200,2.314,1.295,1.416,0,NULL,NULL,,3,0,2,7,255,1394,250,0,0
stim,183994,214115,0,214115,3411429.455,-0.606,0.154,-0.390,0.676,0,0,7,0,0,0,0,55,42,1.026,1,2229,0,289.871,14.195,108.750,268.625,-6.250,-0.727,0.191,1.313,-3.617,-13.727,-8.684,2.218,2.334,1.295,1.416,0,NULL,NULL,,3,0,2,7,255,1394,250,0,0
stim,183994,214115,0,214115,3411434.453,-0.611,0.148,-0.381,0.678,0,0,10,0,0,0,0,60,42,1.026,1,2229,0,282.630,14.321,66.625,273.625,-23.875,-0.637,0.188,1.309,-4.082,-13.727,-7.133,2.240,2.358,1.295,1.416,0,NULL,NULL,,3,0,2,7,255,1394,250,0,0
stim,183994,214115,0,214115,3411439.455,-0.617,0.142,-0.372,0.679,0,0,9,0,0,0,0,63,42,1.026,1,2229,0,285.528,14.006,29.938,280.813,-42.125,-0.582,0.215,1.238,-4.281,-13.336,-6.211,2.266,2.384,1.295,1.416,0,NULL,NULL,,3,0,2,7,255,1394,250,0,0
stim,184036,214157,0,214157,3411444.454,-0.624,0.134,-0.364,0.678,0,0,5,0,0,0,0,93,42,1.026,1,2229,0,298.055,13.050,2.125,290.563,-66.375,-0.512,0.176,1.113,-4.281,-12.328,-6.102,2.298,2.418,1.295,1.416,0,NULL,NULL,,3,0,2,7,255,1394,250,0,0
stim,184036,214157,0,214157,3411449.455,-0.632,0.127,-0.355,0.677,0,0,3,0,0,0,0,115,42,1.026,1,2229,0,314.054,11.634,-16.125,301.188,-87.500,-0.414,0.125,1.000,-4.051,-10.906,-6.055,2.336,2.456,1.295,1.416,0,NULL,NULL,,3,0,2,7,255,1394,250,0,0
stim,184036,214157,0,214157,3411454.453,-0.640,0.118,-0.347,0.675,0,0,5,0,0,0,0,125,42,1.026,1,2229,0,328.627,9.977,-26.063,312.688,-97.688,-0.285,0.063,0.867,-3.551,-9.324,-5.828,2.378,2.498,1.295,1.416,0,NULL,NULL,,3,0,2,7,255,1394,250,0,0
stim,184036,214157,0,214157,3411459.455,-0.648,0.110,-0.338,0.674,0,0,1,0,0,0,0,134,42,1.026,1,2229,0,338.721,7.988,-27.625,323.188,-97.563,-0.250,0.043,0.738,-2.883,-7.449,-5.828,2.424,2.546,1.295,1.416,0,NULL,NULL,,3,0,2,7,255,1394,250,0,0
stim,184036,214157,0,214157,3411464.454,-0.656,0.101,-0.329,0.672,0,0,7,0,0,0,0,133,42,1.026,1,2229,0,349.779,6.764,-19.750,333.063,-105.000,-0.270,0.074,0.629,-2.480,-6.293,-6.059,2.472,2.594,1.295,1.416,0,NULL,NULL,,3,0,2,7,255,1394,250,0,0
stim,184036,214157,0,214157,3411469.455,-0.665,0.093,-0.319,0.669,0,0,10,0,0,0,0,139,42,1.026,1,2229,0,361.106,6.172,-1.813,341.750,-116.625,-0.172,0.047,0.555,-2.453,-5.664,-6.691,2.520,2.644,1.295,1.416,0,NULL,NULL,,3,0,2,7,255,1394,250,0,0
stim,184053,214174,0,214174,3411474.454,-0.673,0.085,-0.307,0.667,0,0,6,0,0,0,0,149,42,1.026,1,2229,0,368.623,4.860,20.875,348.813,-117.375,0.055,0.004,0.523,-2.133,-4.367,-6.691,2.568,2.694,1.295,1.416,0,NULL,NULL,,3,0,2,7,255,1394,250,0,0
stim,184053,214174,0,214174,3411479.455,-0.681,0.078,-0.295,0.666,0,0,9,0,0,0,0,151,42,1.026,1,2229,0,369.599,2.920,45.250,351.563,-104.688,0.172,-0.055,0.461,-1.852,-2.258,-5.516,2.618,2.742,1.295,1.416,0,NULL,NULL,,3,0,2,7,255,1394,250,0,0
stim,184053,214174,0,214174,3411484.453,-0.688,0.072,-0.282,0.665,0,0,9,0,0,0,0,152,42,1.026,1,2229,0,368.958,1.856,87.063,348.500,-84.250,0.156,0.016,0.414,-1.617,-0.910,-5.516,2.664,2.790,1.295,1.416,0,NULL,NULL,,3,0,2,7,255,1394,250,0,0
stim,184053,214174,0,214174,3411489.455,-0.694,0.067,-0.268,0.665,0,0,7,0,0,0,0,157,42,1.026,1,2229,0,377.267,1.856,131.063,344.750,-79.375,0.133,0.086,0.594,-1.617,-0.910,-5.184,2.706,2.834,1.295,1.416,0,NULL,NULL,,3,0,2,7,255,1394,250,0,0
stim,184053,214174,0,214174,3411494.454,-0.700,0.063,-0.253,0.665,0,0,4,0,0,0,0,150,42,1.026,1,2229,0,379.869,2.894,153.313,340.563,-69.375,0.227,0.027,0.770,-2.645,-1.176,-4.566,2.742,2.870,1.295,1.416,0,NULL,NULL,,3,0,2,7,255,1394,250,0,0
stim,184053,214174,0,214174,3411499.455,-0.705,0.059,-0.238,0.666,0,0,3,0,0,0,0,151,42,1.026,1,2229,0,377.931,3.078,164.813,336.750,-47.625,0.199,0.133,0.875,-2.738,-1.406,-2.469,2.770,2.898,1.295,1.416,0,NULL,NULL,,3,0,2,7,255,1394,250,0,0
stim,184053,214174,0,214174,3411504.453,-0.709,0.055,-0.222,0.667,0,0,5,0,0,0,0,151,42,1.026,1,2229,0,381.298,4.093,179.625,333.875,-40.625,0.098,0.238,0.945,-3.801,-1.520,-1.855,2.792,2.922,1.295,1.416,0,NULL,NULL,,3,0,2,7,255,1394,250,0,0
stim,184053,214174,0,214174,3411509.455,-0.713,0.052,-0.206,0.668,0,0,0,0,0,0,0,151,42,1.026,1,2229,0,389.143,5.367,199.063,331.813,-41.313,0.051,0.207,1.129,-4.840,-2.320,-1.789,2.812,2.942,1.295,1.416,0,NULL,NULL,,3,0,2,7,255,1394,250,0,0
stim,184084,214205,0,214205,3411514.454,-0.717,0.049,-0.190,0.669,0,0,0,0,0,0,0,145,42,1.026,1,2229,0,390.567,5.793,208.125,328.500,-36.250,0.066,0.148,1.336,-4.840,-3.184,-0.090,2.828,2.958,1.295,1.416,0,NULL,NULL,,3,0,2,7,255,1394,250,0,0
stim,184084,214205,0,214205,3411519.455,-0.720,0.047,-0.173,0.670,0,0,0,0,0,0,0,140,42,1.026,1,2229,0,386.848,5.997,206.875,325.500,-30.063,-0.027,0.219,1.551,-4.875,-3.492,2.098,2.844,2.972,1.295,1.416,0,NULL,NULL,,3,0,2,7,255,1394,250,0,0
stim,184084,214205,0,214205,3411524.454,-0.723,0.044,-0.157,0.671,0,0,0,0,0,0,0,138,42,1.026,1,2229,0,377.792,7.152,191.688,323.750,-34.188,-0.035,0.234,1.738,-5.488,-4.586,3.840,2.858,2.988,1.295,1.416,0,NULL,NULL,,3,0,2,7,255,1394,250,0,0
stim,184084,214205,0,214205,3411529.455,-0.726,0.040,-0.142,0.671,0,0,0,0,0,0,0,139,42,1.026,1,2229,0,363.711,7.248,168.813,320.563,-32.063,-0.004,0.227,1.848,-5.613,-4.586,5.750,2.874,3.004,1.295,1.416,0,NULL,NULL,,3,0,2,7,255,1394,250,0,0
stim,184084,214205,0,214205,3411534.453,-0.729,0.035,-0.128,0.671,0,0,0,0,0,0,0,139,42,1.026,1,2229,0,348.666,7.069,142.563,316.625,-31.500,-0.035,0.242,1.891,-5.613,-4.297,7.051,2.894,3.024,1.295,1.416,0,NULL,NULL,,3,0,2,7,255,1394,250,0,0
stim,184084,214205,0,214205,3411539.455,-0.732,0.030,-0.115,0.671,0,0,0,0,0,0,0,139,42,1.026,1,2229,0,337.151,7.014,116.813,314.000,-37.813,-0.020,0.227,1.895,-5.609,-4.211,7.566,2.916,3.046,1.295,1.416,0,NULL,NULL,,3,0,2,7,255,1394,250,0,0
stim,184136,214257,0,214257,3411544.454,-0.735,0.025,-0.102,0.670,0,0,0,0,0,0,0,139,42,1.026,1,2229,0,327.840,6.347,96.688,310.188,-43.750,0.004,0.227,1.859,-5.207,-3.629,7.684,2.942,3.072,1.295,1.416,0,NULL,NULL,,3,0,2,7,255,1394,250,0,0
stim,184136,214257,0,214257,3411549.455,-0.738,0.018,-0.090,0.669,0,0,0,0,0,0,0,141,42,1.026,1,2229,0,320.555,5.732,77.750,307.188,-48.438,0.055,0.160,1.813,-4.961,-2.871,7.684,2.972,3.100,1.295,1.416,0,NULL,NULL,,3,0,2,7,255,1394,250,0,0
stim,184136,214257,0,214257,3411554.453,-0.741,0.012,-0.078,0.667,0,0,0,0,0,0,0,141,42,1.026,1,2229,0,313.290,4.476,64.938,302.813,-47.313,0.066,0.137,1.711,-4.059,-1.887,7.508,3.002,3.132,1.295,1.416,0,NULL,NULL,,3,0,2,7,255,1394,250,0,0
stim,184136,214257,0,214257,3411559.455,-0.743,0.006,-0.066,0.666,0,0,0,0,0,0,0,147,42,1.026,1,2229,0,309.692,3.822,61.813,299.250,-50.375,0.063,0.172,1.629,-3.617,-1.234,6.641,3.034,3.162,1.295,1.416,0,NULL,NULL,,3,0,2,7,255,1394,250,0,0
stim,184159,214280,0,214280,3411564.454,-0.746,-0.000,-0.054,0.664,0,0,0,0,0,0,0,149,42,1.026,1,2229,0,307.491,3.597,62.063,296.063,-55.188,0.094,0.172,1.668,-3.520,-0.742,6.285,3.066,3.194,1.295,1.416,0,NULL,NULL,,3,0,2,7,255,1394,250,0,0
stim,184159,214280,0,214280,3411569.455,-0.748,-0.007,-0.043,0.662,0,0,0,0,0,0,0,149,42,1.026,1,2229,0,301.513,3.496,62.750,290.938,-48.250,0.188,0.078,1.574,-3.496,-0.039,5.848,3.096,3.224,1.295,1.416,0,NULL,NULL,,3,0,2,7,255,1394,250,0,0
stim,184159,214280,0,214280,3411574.454,-0.750,-0.012,-0.032,0.660,0,0,0,0,0,0,0,149,42,1.026,1,2229,0,297.401,3.406,67.813,287.063,-38.000,0.129,0.184,1.648,-3.223,1.102,6.148,3.122,3.250,1.295,1.416,0,NULL,NULL,,3,0,2,7,255,1394,250,0,0
stim,184159,214280,0,214280,3411579.455,-0.752,-0.018,-0.021,0.659,0,0,0,0,0,0,0,143,42,1.026,1,2229,0,291.583,3.422,64.875,281.375,-40.500,0.086,0.223,1.621,-3.223,1.152,5.848,3.148,3.274,1.295,1.416,0,NULL,NULL,,3,0,2,7,255,1394,250,0,0
stim,184159,214280,0,214280,3411584.453,-0.754,-0.023,-0.009,0.657,0,0,0,0,0,0,0,141,42,1.026,1,2229,0,289.762,3.422,76.625,275.625,-46.063,0.113,0.203,1.574,-3.223,1.152,5.848,3.168,3.294,1.295,1.416,0,NULL,NULL,,3,0,2,7,255,1394,250,0,0
stim,184159,214280,0,214280,3411589.455,-0.755,-0.027,0.002,0.655,0,0,0,0,0,0,0,138,42,1.026,1,2229,0,287.836,3.509,90.875,269.688,-43.125,0.176,0.199,1.625,-3.055,1.727,5.848,3.184,3.312,1.295,1.416,0,NULL,NULL,,3,0,2,7,255,1394,250,0,0
stim,184159,214280,0,214280,3411594.454,-0.757,-0.031,0.014,0.653,0,0,0,0,0,0,0,135,42,1.026,1,2229,0,284.217,3.881,101.688,263.375,-32.750,0.211,0.207,1.645,-2.793,2.695,5.871,3.200,3.326,1.295,1.416,0,NULL,NULL,,3,0,2,7,255,1394,250,0,0
stim,184159,214280,0,214280,3411599.455,-0.758,-0.035,0.025,0.651,0,0,0,0,0,0,0,135,42,1.026,1,2229,0,284.086,4.369,112.750,259.313,-27.375,0.133,0.352,1.820,-2.793,3.359,5.977,3.212,3.338,1.295,1.416,0,NULL,NULL,,3,0,2,7,255,1394,250,0,0
stim,184159,214280,0,214280,3411604.453,-0.759,-0.038,0.037,0.649,0,0,0,0,0,0,0,137,42,1.026,1,2229,0,280.468,4.931,109.313,255.625,-37.000,0.215,0.344,1.840,-3.551,3.422,7.648,3.222,3.348,1.295,1.416,0,NULL,NULL,,3,0,2,7,255,1394,250,0,0
stim,184159,214280,0,214280,3411609.455,-0.759,-0.042,0.048,0.647,0,0,0,0,0,0,0,139,42,1.026,1,2229,0,280.809,5.748,114.313,254.563,-31.375,0.348,0.273,1.863,-3.551,4.520,7.738,3.232,3.358,1.295,1.416,0,NULL,NULL,,3,0,2,7,255,1394,250,0,0
stim,184186,214307,0,214307,3411614.454,-0.760,-0.045,0.060,0.646,0,0,1,0,0,0,0,139,42,1.026,1,2229,0,280.754,6.647,119.750,253.438,-15.875,0.391,0.328,1.879,-2.609,6.113,7.766,3.240,3.366,1.295,1.416,0,NULL,NULL,,3,0,2,7,255,1394,250,0,0
stim,184186,214307,0,214307,3411619.455,-0.760,-0.048,0.072,0.644,0,0,3,0,0,0,0,147,42,1.026,1,2229,0,282.628,7.445,123.875,253.875,-9.000,0.418,0.410,1.910,-2.609,6.973,7.766,3.246,3.372,1.295,1.416,0,NULL,NULL,,3,0,2,7,255,1394,250,0,0
stim,184186,214307,0,214307,3411624.454,-0.760,-0.051,0.084,0.643,0,0,5,0,0,0,0,143,42,1.026,1,2229,0,285.813,8.203,131.375,253.813,-2.938,0.543,0.387,1.895,-2.609,7.777,7.766,3.250,3.376,1.295,1.416,0,NULL,NULL,,3,0,2,7,255,1394,250,0,0
stim,184186,214307,0,214307,3411629.455,-0.759,-0.054,0.096,0.642,0,0,6,0,0,0,0,143,42,1.026,1,2229,0,290.555,9.558,136.375,256.500,5.625,0.637,0.418,1.996,-2.406,9.250,7.871,3.252,3.378,1.295,1.416,0,NULL,NULL,,3,0,2,7,255,1394,250,0,0
stim,184204,214325,0,214325,3411634.453,-0.758,-0.056,0.109,0.641,0,0,8,0,0,0,0,149,42,1.026,1,2229,0,292.750,10.984,138.063,257.500,18.313,0.758,0.320,1.891,-2.254,10.750,7.383,3.254,3.378,1.295,1.416,0,NULL,NULL,,3,0,2,7,255,1394,250,0,0
stim,184204,214325,0,214325,3411639.455,-0.756,-0.058,0.122,0.640,0,0,8,0,0,0,0,149,42,1.026,1,2229,0,304.185,11.901,153.188,260.188,36.938,0.770,0.297,1.996,-0.895,11.867,7.219,3.248,3.372,1.295,1.416,0,NULL,NULL,,3,0,2,7,255,1394,250,0,0
stim,184239,214360,0,214360,3411644.454,-0.754,-0.060,0.135,0.640,0,0,12,0,0,0,0,149,42,1.026,1,2229,0,306.538,12.511,153.750,260.375,50.313,0.777,0.289,2.000,-0.273,12.508,6.988,3.240,3.364,1.295,1.416,0,NULL,NULL,,3,0,2,7,255,1394,250,0,0
stim,184239,214360,0,214360,3411649.455,-0.751,-0.062,0.148,0.640,0,0,9,0,0,0,0,149,42,1.026,1,2229,0,313.095,12.945,161.563,260.625,63.250,0.773,0.324,2.008,0.016,12.945,6.988,3.230,3.352,1.295,1.416,0,NULL,NULL,,3,0,2,7,255,1394,250,0,0
stim,184239,214361,0,214361,3411654.453,-0.748,-0.064,0.161,0.641,0,0,7,0,0,0,0,149,42,1.026,1,2229,0,315.142,13.301,161.063,260.500,74.250,0.770,0.336,2.055,0.102,13.301,6.988,3.214,3.336,1.295,1.416,0,NULL,NULL,,3,0,2,7,255,1394,250,0,0
stim,184239,214361,0,214361,3411659.455,-0.744,-0.065,0.174,0.642,0,0,7,0,0,0,0,151,42,1.026,1,2229,0,314.665,13.771,157.625,257.125,89.750,0.777,0.293,2.098,0.215,13.770,7.004,3.190,3.310,1.295,1.416,0,NULL,NULL,,3,0,2,7,255,1394,250,0,0
stim,184239,214361,0,214361,3411664.454,-0.740,-0.067,0.187,0.643,0,0,7,0,0,0,0,159,42,1.026,1,2229,0,309.628,14.110,150.625,252.000,98.375,0.738,0.242,2.090,0.953,14.078,7.004,3.160,3.280,1.295,1.416,0,NULL,NULL,,3,0,2,7,255,1394,250,0,0
stim,184239,214361,0,214361,3411669.455,-0.736,-0.068,0.199,0.644,0,0,10,0,0,0,0,169,42,1.026,1,2229,0,299.278,14.170,143.688,243.375,98.438,0.680,0.227,2.035,1.613,14.078,6.754,3.126,3.244,1.295,1.416,0,NULL,NULL,,3,0,2,7,255,1394,250,0,0
stim,184239,214361,0,214361,3411674.454,-0.732,-0.070,0.211,0.644,0,0,12,0,0,0,0,166,42,1.026,1,2229,0,287.210,14.200,136.375,235.625,91.500,0.750,0.137,1.965,1.855,14.078,6.195,3.084,3.202,1.295,1.416,0,NULL,NULL,,3,0,2,7,255,1394,250,0,0
stim,184239,214361,0,214361,3411679.455,-0.727,-0.071,0.222,0.645,0,0,11,0,0,0,0,159,42,1.026,1,2229,0,282.946,14.466,135.813,226.125,102.375,0.898,-0.031,1.855,2.844,14.184,4.891,3.038,3.154,1.295,1.416,0,NULL,NULL,,3,0,2,7,255,1394,250,0,0
stim,184239,214361,0,214361,3411684.453,-0.722,-0.072,0.234,0.647,0,0,5,0,0,0,0,164,42,1.026,1,2229,0,281.032,15.118,136.313,214.750,119.500,0.859,-0.117,1.754,4.473,14.441,2.770,2.988,3.102,1.295,1.416,0,NULL,NULL,,3,0,2,7,255,1394,250,0,0
stim,184239,214361,0,214361,3411689.455,-0.717,-0.072,0.244,0.648,0,0,17,0,0,0,0,205,42,1.026,1,2229,0,275.379,15.332,139.125,202.813,123.875,0.797,-0.238,1.602,5.148,14.441,1.578,2.932,3.046,1.295,1.416,0,NULL,NULL,,3,0,2,7,255,1394,250,0,0
stim,184272,214393,0,214393,3411694.454,-0.712,-0.072,0.255,0.650,0,0,19,0,0,0,0,235,42,1.026,1,2229,0,270.999,14.612,147.313,189.625,125.625,0.813,-0.453,1.434,6.051,13.301,0.016,2.872,2.984,1.295,1.416,0,NULL,NULL,,3,0,2,7,255,1394,250,0,0
stim,184272,214393,0,214393,3411699.455,-0.707,-0.070,0.266,0.651,0,0,22,0,0,0,0,245,42,1.026,1,2229,0,271.856,14.811,163.188,174.750,129.375,0.746,-0.605,1.270,7.801,12.590,-2.180,2.810,2.920,1.295,1.416,0,NULL,NULL,,3,0,2,7,255,1394,250,0,0
stim,184272,214393,0,214393,3411704.453,-0.703,-0.068,0.276,0.652,0,0,22,0,0,0,0,270,42,1.026,1,2229,0,278.705,14.330,194.438,161.125,117.938,0.699,-0.723,1.250,8.887,11.242,-3.875,2.746,2.856,1.295,1.416,0,NULL,NULL,,3,0,2,7,255,1394,250,0,0
stim,184272,214393,0,214393,3411709.455,-0.699,-0.064,0.288,0.652,0,0,23,0,0,0,0,297,42,1.026,1,2229,0,286.946,15.057,220.188,148.375,108.813,0.785,-0.801,1.391,10.016,11.242,-4.223,2.684,2.792,1.295,1.416,0,NULL,NULL,,3,0,2,7,255,1394,250,0,0
stim,184272,214393,0,214393,3411714.454,-0.695,-0.060,0.299,0.652,0,0,23,0,0,0,0,311,42,1.026,1,2229,0,288.513,16.476,231.563,138.063,102.750,0.809,-0.742,1.648,11.223,12.063,-4.223,2.616,2.724,1.295,1.416,0,NULL,NULL,,3,0,2,7,255,1394,250,0,0
stim,184272,214393,0,214393,3411719.455,-0.691,-0.056,0.309,0.651,0,0,23,0,0,0,0,316,42,1.026,1,2229,0,272.412,17.881,218.813,131.500,95.063,0.910,-0.727,1.879,11.594,13.613,-2.473,2.544,2.650,1.295,1.416,0,NULL,NULL,,3,0,2,7,255,1394,250,0,0
stim,184294,214415,0,214415,3411724.454,-0.687,-0.052,0.319,0.651,0,0,23,0,0,0,0,344,42,1.026,1,2229,0,246.642,19.912,196.688,123.688,82.750,0.887,-0.715,1.910,12.289,15.668,-1.461,2.464,2.570,1.295,1.416,0,NULL,NULL,,3,0,2,7,255,1394,250,0,0
stim,184294,214415,0,214415,3411729.455,-0.685,-0.050,0.328,0.649,0,0,24,0,2,0,0,364,42,1.026,1,2229,0,219.834,20.033,177.500,117.688,54.500,0.973,-0.719,1.910,12.449,15.695,-1.461,2.380,2.486,1.295,1.416,0,NULL,NULL,,3,0,2,7,255,1394,250,0,0
stim,184294,214415,0,214415,3411734.453,-0.682,-0.048,0.335,0.648,0,0,25,0,7,0,0,375,42,1.026,1,2229,0,191.315,20.745,152.500,111.000,32.000,1.223,-0.770,1.902,12.594,16.484,-2.250,2.298,2.402,1.295,1.416,0,NULL,NULL,,3,0,2,7,255,1394,250,0,0
stim,184294,214415,0,214415,3411739.455,-0.681,-0.047,0.342,0.646,0,0,28,0,35,0,0,403,42,1.026,1,2229,0,162.108,22.595,123.688,101.250,27.000,1.457,-0.820,1.828,12.988,18.488,-4.086,2.212,2.316,1.295,1.416,0,NULL,NULL,,3,0,2,7,255,1394,250,0,0
stim,184339,214460,0,214460,3411744.454,-0.679,-0.046,0.347,0.645,0,0,27,0,43,0,0,409,42,1.026,1,2229,0,132.468,23.883,95.625,88.625,23.438,1.582,-0.848,1.738,12.988,20.043,-6.320,2.124,2.226,1.295,1.416,0,NULL,NULL,,3,0,2,7,255,1394,250,0,0
stim,184339,214460,0,214460,3411749.455,-0.677,-0.046,0.352,0.644,0,0,25,0,43,0,0,426,42,1.026,1,2229,0,105.187,24.366,74.438,72.563,16.063,1.703,-0.918,1.605,12.980,20.621,-8.027,2.030,2.130,1.295,1.416,0,NULL,NULL,,3,0,2,7,255,1394,250,0,0
stim,184339,214460,0,214460,3411754.453,-0.677,-0.045,0.355,0.644,0,0,24,0,46,0,0,435,42,1.026,1,2229,0,83.242,24.534,63.188,53.500,8.625,1.773,-0.953,1.508,12.953,20.836,-10.094,1.932,2.030,1.295,1.416,0,NULL,NULL,,3,0,2,7,255,1394,250,0,0
stim,184339,214460,0,214460,3411759.458,-0.676,-0.044,0.358,0.643,0,0,23,0,43,0,0,438,42,1.026,1,2229,0,68.295,24.505,58.750,34.188,6.625,1.844,-0.961,1.473,12.898,20.836,-11.504,1.834,1.930,1.295,1.416,0,NULL,NULL,,3,0,2,7,255,1394,250,0,0
stim,184339,214460,0,214460,3411764.454,-0.675,-0.043,0.360,0.643,0,0,25,0,43,0,0,441,42,1.026,1,2229,0,60.787,24.683,56.188,9.438,21.188,1.746,-0.832,1.574,12.793,21.109,-11.504,1.732,1.824,1.295,1.416,0,NULL,NULL,,3,0,2,7,255,1394,250,0,0
stim,184339,214460,0,214460,3411769.455,-0.675,-0.041,0.360,0.643,0,0,28,0,31,0,0,431,42,1.026,1,2229,0,54.024,24.342,46.375,-14.688,23.500,1.496,-0.656,1.750,12.121,21.109,-10.609,1.626,1.716,1.295,1.416,0,NULL,NULL,,3,0,2,7,255,1394,250,0,0
stim,184339,214460,0,214460,3411774.454,-0.675,-0.039,0.360,0.643,0,0,23,0,4,0,0,422,42,1.026,1,2229,0,41.171,23.399,15.625,-35.375,14.125,1.348,-0.594,1.922,11.738,20.242,-7.348,1.522,1.608,1.295,1.416,0,NULL,NULL,,3,0,2,7,255,1394,250,0,0
stim,184339,214460,0,214460,3411779.455,-0.676,-0.038,0.357,0.644,0,0,25,0,5,0,0,421,42,1.026,1,2229,0,63.607,23.025,-31.625,-54.500,8.688,1.121,-0.492,1.938,11.477,19.961,-5.039,1.414,1.496,1.295,1.416,0,NULL,NULL,,3,0,2,7,255,1394,250,0,0
stim,184339,214460,0,214460,3411784.454,-0.676,-0.038,0.353,0.645,0,0,25,0,0,0,0,420,42,1.026,1,2229,0,97.031,21.378,-70.125,-67.063,-0.188,0.996,-0.480,1.762,11.082,18.281,-3.668,1.302,1.382,1.295,1.416,0,NULL,NULL,,3,0,2,7,255,1394,250,0,0
stim,184339,214460,0,214460,3411789.455,-0.678,-0.039,0.349,0.646,0,0,25,0,0,0,0,418,42,1.026,1,2229,0,121.325,19.357,-91.375,-79.313,-8.938,0.754,-0.449,1.629,10.328,16.371,-3.227,1.190,1.264,1.295,1.416,0,NULL,NULL,,3,0,2,7,255,1394,250,0,0
stim,184361,214482,0,214482,3411794.453,-0.680,-0.040,0.343,0.647,0,0,26,0,0,0,0,423,42,1.026,1,2229,0,145.496,16.992,-110.875,-87.063,-36.000,0.684,-0.516,1.582,10.074,13.684,-3.137,1.078,1.146,1.295,1.416,0,NULL,NULL,,3,0,2,7,255,1394,250,0,0
stim,184361,214482,0,214482,3411799.455,-0.682,-0.042,0.336,0.648,0,0,24,0,0,0,0,424,42,1.026,1,2229,0,163.545,16.104,-127.563,-92.375,-44.063,0.727,-0.582,1.395,9.848,12.742,-3.137,0.966,1.024,1.295,1.416,0,NULL,NULL,,3,0,2,7,255,1394,250,0,0
stim,184361,214482,0,214482,3411804.453,-0.685,-0.044,0.330,0.649,0,0,21,0,0,0,0,536,42,1.026,1,2229,0,168.993,15.572,-129.250,-97.000,-49.438,0.574,-0.449,1.367,9.848,12.063,-3.590,0.858,0.904,1.295,1.416,0,NULL,NULL,,3,0,2,7,255,1394,250,0,0
stim,184361,214482,0,214482,3411809.455,-0.682,-0.033,0.328,0.653,346,0,7,653,0,21,0,573,42,1.026,1,2229,0,268.933,14.605,117.375,-170.063,172.125,-1.074,-0.828,3.699,9.848,10.785,-3.590,0.748,0.778,1.295,1.416,0,NULL,NULL,,3,0,2,7,255,1394,250,0,0
stim,184386,214507,0,214507,3411814.454,-0.668,-0.022,0.322,0.670,967,0,0,1263,0,171,0,599,42,1.026,1,2229,0,588.286,13.771,-73.000,-186.188,553.250,-1.320,2.637,4.871,8.563,10.785,21.227,0.634,0.644,1.295,1.416,0,NULL,NULL,,3,0,2,7,255,1394,250,0,0
stim,184386,214507,0,214507,3411819.455,-0.659,-0.033,0.302,0.688,1464,0,0,1645,0,445,0,669,42,1.026,1,2229,0,699.334,8.531,-618.688,-94.188,312.125,-2.059,2.848,2.477,-4.785,7.063,28.863,0.520,0.488,1.295,1.416,0,NULL,NULL,,3,0,2,7,255,1394,250,0,0
stim,184386,214507,0,214507,3411824.454,-0.658,-0.048,0.280,0.697,1832,0,0,1879,0,594,0,749,42,1.026,1,2230,0,630.548,16.454,-621.750,-97.500,38.875,-2.262,1.750,-0.684,-15.418,-5.746,28.863,0.454,0.366,1.295,1.416,1,1378.000,-16.000,,3,0,2,7,255,1394,250,0,0
stim,184386,214507,0,214507,3411829.455,-0.661,-0.056,0.266,0.700,2075,0,0,1967,0,745,0,829,42,1.026,1,2230,0,373.096,23.618,-355.438,-87.125,-72.625,-1.277,1.336,-1.516,-15.418,-17.891,-0.660,0.432,0.290,1.295,1.416,1,NULL,NULL,,3,0,2,7,255,1394,250,0,0
stim,184386,214507,0,214507,3411834.454,-0.665,-0.055,0.262,0.697,2215,0,0,2057,0,942,0,891,42,1.026,1,2230,0,154.995,23.224,-23.375,-107.938,-108.750,0.039,0.914,-0.465,-14.809,-17.891,-11.527,0.462,0.294,1.295,1.416,1,NULL,NULL,,3,0,2,7,255,1394,250,0,0
stim,184386,214507,0,214507,3411839.455,-0.666,-0.050,0.261,0.697,2412,0,0,2215,0,1071,0,957,42,1.026,1,2230,0,120.475,10.029,48.313,-109.875,10.375,0.434,0.656,1.281,-9.891,-1.660,-11.527,0.482,0.316,1.295,1.416,1,NULL,NULL,,3,0,2,7,255,1394,250,0,0
stim,184436,214557,0,214557,3411844.453,-0.664,-0.048,0.255,0.702,2587,0,0,2441,0,1115,0,993,42,1.026,1,2230,0,188.009,6.663,-91.875,-120.250,111.563,-0.172,0.813,1.742,-3.633,5.586,1.059,0.496,0.338,1.295,1.416,1,NULL,NULL,,3,0,2,7,255,1394,250,0,0
stim,184436,214557,0,214557,3411849.455,-0.659,-0.048,0.244,0.710,2709,0,0,2605,0,1113,0,1033,42,1.026,1,2230,0,334.358,6.563,-242.000,-145.875,178.750,-1.688,-0.250,1.086,-3.445,5.586,5.449,0.504,0.354,1.295,1.416,2,NULL,NULL,,3,0,2,7,255,1394,250,0,0
stim,184436,214557,0,214557,3411854.453,-0.658,-0.051,0.230,0.716,2793,0,0,2712,0,1093,0,1102,42,1.026,1,2230,0,350.061,12.670,-303.938,-159.250,69.313,-1.949,-1.000,0.113,6.742,-10.727,5.449,0.522,0.378,1.295,1.416,2,NULL,NULL,,3,0,2,7,255,1394,250,0,0
stim,184436,214557,0,214557,3411859.455,-0.662,-0.052,0.220,0.715,2865,0,0,2793,0,1079,0,1195,42,1.026,1,2230,0,249.112,15.552,-165.000,-163.188,-90.563,-1.262,-0.914,-0.301,9.582,-12.250,-3.914,0.526,0.396,1.295,1.416,2,NULL,NULL,,3,0,2,7,255,1394,250,0,0
stim,184436,214557,0,214557,3411864.454,-0.667,-0.048,0.213,0.712,2911,0,0,2868,0,1017,0,1267,42,1.026,1,2230,0,221.469,15.552,-28.750,-170.563,-138.313,-0.258,-0.410,0.586,9.582,-12.250,-4.527,0.520,0.408,1.295,1.416,2,NULL,NULL,,3,0,2,7,255,1394,250,0,0
stim,184436,214557,0,214557,3411869.455,-0.673,-0.044,0.208,0.709,2962,0,0,2931,0,1002,0,1290,42,1.026,1,2230,0,206.987,7.998,6.563,-162.875,-127.563,0.355,-0.582,1.543,7.996,-0.164,-4.527,0.502,0.414,1.295,1.416,2,NULL,NULL,,3,0,2,7,255,1394,250,0,0
stim,184436,214557,0,214557,3411874.454,-0.676,-0.042,0.202,0.708,2973,0,0,2987,0,1015,0,1293,42,1.026,1,2230,0,168.351,11.793,-55.063,-144.813,-65.875,0.730,-0.883,1.871,7.996,8.668,1.656,0.480,0.414,1.295,1.416,2,NULL,NULL,,3,0,2,7,255,1394,250,0,0
stim,184436,214557,0,214557,3411879.455,-0.675,-0.041,0.195,0.710,3005,0,0,3026,0,1065,0,1305,42,1.026,1,2230,0,187.390,16.350,-126.563,-133.438,35.938,0.781,-0.992,1.395,11.176,11.934,1.656,0.454,0.400,1.295,1.416,2,NULL,NULL,,3,0,2,7,255,1394,250,0,0
stim,184436,214557,0,214557,3411884.454,-0.672,-0.041,0.187,0.715,3021,0,0,3051,0,1149,0,1333,42,1.026,1,2230,0,228.108,16.350,-149.125,-125.688,118.313,0.082,-0.809,0.871,11.176,11.934,-1.496,0.422,0.374,1.295,1.416,2,NULL,NULL,,3,0,2,7,255,1394,250,0,0
stim,184436,214557,0,214557,3411889.455,-0.669,-0.040,0.179,0.720,3051,0,0,3083,0,1271,0,1373,42,1.026,1,2230,0,225.252,9.764,-135.000,-126.750,128.250,-0.582,-0.594,0.645,9.023,3.730,-3.227,0.382,0.328,1.295,1.416,2,NULL,NULL,,3,0,2,7,255,1394,250,0,0
stim,184458,214579,0,214579,3411894.453,-0.667,-0.038,0.172,0.724,3055,0,0,3089,0,1405,0,1429,42,1.026,1,2230,0,188.099,7.870,-96.188,-134.063,90.313,-0.754,-0.297,0.609,7.180,-3.223,-3.227,0.342,0.280,1.295,1.416,2,NULL,NULL,,3,0,2,7,255,1394,250,0,0
stim,184458,214579,0,214579,3411899.455,-0.666,-0.034,0.167,0.726,3055,0,0,3108,0,1503,0,1493,42,1.026,1,2230,0,151.845,5.475,-46.500,-139.500,37.875,-0.559,0.043,0.859,4.426,-3.223,-2.578,0.302,0.240,1.295,1.416,2,NULL,NULL,,3,0,2,7,255,1394,250,0,0
stim,184458,214579,0,214579,3411904.453,-0.667,-0.030,0.162,0.726,3069,0,0,3114,0,1626,0,1551,42,1.026,1,2230,0,136.106,3.193,-20.313,-134.563,2.250,-0.164,0.168,1.273,1.305,-2.914,-0.273,0.268,0.210,1.295,1.416,2,NULL,NULL,,3,0,2,7,255,1394,250,0,0
stim,184458,214579,0,214579,3411909.455,-0.667,-0.028,0.157,0.727,3067,0,0,3119,0,1741,0,1627,42,1.026,1,2230,0,129.811,2.155,-40.438,-122.625,13.375,0.195,0.027,1.418,1.305,1.715,2.762,0.246,0.196,1.295,1.416,2,NULL,NULL,,3,0,2,7,255,1394,250,0,0
stim,184485,214606,0,214606,3411914.454,-0.666,-0.026,0.152,0.729,3079,0,0,3128,0,1839,0,1689,42,1.026,1,2230,0,142.845,4.770,-72.813,-113.500,47.125,0.156,-0.082,1.246,1.367,4.570,2.762,0.232,0.188,1.295,1.416,2,NULL,NULL,,3,0,2,7,255,1394,250,0,0
stim,184485,214606,0,214606,3411919.455,-0.665,-0.025,0.146,0.732,3087,0,0,3132,5,1914,0,1737,42,1.026,1,2230,0,144.411,5.060,-85.250,-104.875,50.875,-0.090,-0.207,1.063,2.172,4.570,1.387,0.222,0.180,1.295,1.416,2,NULL,NULL,,3,0,2,7,255,1394,250,0,0
stim,184485,214606,0,214606,3411924.454,-0.664,-0.024,0.141,0.734,3089,0,0,3141,69,2007,0,1767,42,1.026,1,2230,0,131.752,3.801,-76.625,-99.000,41.063,-0.082,-0.250,0.887,3.332,1.828,0.105,0.218,0.170,1.295,1.416,2,NULL,NULL,,3,0,2,7,255,1394,250,0,0
stim,184485,214606,0,214606,3411929.455,-0.664,-0.022,0.136,0.735,3089,0,0,3141,111,2077,41,1803,42,1.026,1,2230,0,118.718,3.620,-58.438,-95.125,40.375,-0.082,-0.105,0.914,3.332,1.414,-1.129,0.212,0.156,1.295,1.416,2,NULL,NULL,,3,0,2,7,255,1394,250,0,0
stim,184504,214625,0,214625,3411934.454,-0.663,-0.020,0.132,0.737,3095,0,0,3143,357,2158,70,1907,42,1.026,1,2230,0,112.202,2.447,-48.688,-93.750,37.813,-0.102,0.117,0.996,2.082,1.285,-1.129,0.212,0.140,1.295,1.416,2,NULL,NULL,,3,0,2,7,255,1394,250,0,0
stim,184504,214625,0,214625,3411939.455,-0.662,-0.018,0.128,0.738,3097,0,0,3148,506,2221,171,1999,42,1.026,1,2230,0,98.558,1.258,-36.500,-87.063,28.313,-0.105,0.258,1.234,0.008,1.258,-0.008,0.218,0.122,1.295,1.416,2,NULL,NULL,,3,0,2,7,255,1394,250,0,0
stim,184537,214658,0,214658,3411944.454,-0.663,-0.017,0.126,0.738,3097,0,0,3153,665,2273,166,2071,42,1.026,1,2230,0,56.761,1.654,-10.563,-54.188,-13.188,0.098,0.398,1.492,-1.074,1.258,2.473,0.236,0.102,1.295,1.416,2,NULL,NULL,,3,0,2,7,255,1394,250,0,0
stim,184537,214658,0,214658,3411949.455,-0.663,-0.016,0.125,0.738,3101,0,0,3153,819,2292,173,2123,42,1.026,1,2230,0,44.158,4.267,-22.313,-35.188,-14.625,0.449,0.680,1.254,-2.395,3.531,2.473,0.254,0.086,1.295,1.416,2,NULL,NULL,,3,0,2,7,255,1394,250,0,0
stim,184537,214658,0,214658,3411954.453,-0.664,-0.016,0.123,0.738,3100,0,0,3159,933,2328,199,2163,42,1.026,1,2230,0,38.226,6.839,-21.000,-31.938,0.438,0.188,0.926,1.379,-5.840,3.559,4.176,0.268,0.076,1.295,1.416,2,NULL,NULL,,3,0,2,7,255,1394,250,0,0
stim,184537,214658,0,214658,3411959.455,-0.664,-0.017,0.120,0.738,3101,0,0,3160,1006,2355,213,2201,42,1.026,1,2230,0,78.204,6.839,-73.625,-16.188,-20.813,-0.320,0.340,1.574,-5.840,3.559,4.176,0.278,0.068,1.295,1.416,2,NULL,NULL,,3,0,2,7,255,1394,250,0,0
stim,184537,214658,0,214658,3411964.454,-0.666,-0.020,0.116,0.737,3103,0,0,3163,1109,2367,228,2235,42,1.026,1,2230,0,123.652,1.469,-114.313,-11.125,-45.813,-0.125,0.168,0.938,-1.414,0.398,4.176,0.284,0.064,1.295,1.416,2,NULL,NULL,,3,0,2,7,255,1394,250,0,0
stim,184537,214658,0,214658,3411969.455,-0.667,-0.022,0.114,0.736,3102,9,0,3171,1159,2386,233,2261,42,1.026,1,2230,0,92.875,0.860,-74.000,-9.500,-55.313,-0.082,0.145,0.727,-0.762,0.398,-0.426,0.292,0.058,1.295,1.416,2,NULL,NULL,,3,0,2,7,255,1394,250,0,0
stim,184537,214658,0,214658,3411974.454,-0.669,-0.023,0.112,0.734,3103,26,0,3173,1237,2403,237,2291,42,1.026,1,2230,0,71.077,0.803,-29.500,-8.813,-64.063,-0.047,0.133,0.980,-0.695,0.402,-0.426,0.298,0.052,1.295,1.416,2,NULL,NULL,,3,0,2,7,255,1394,250,0,0
stim,184537,214658,0,214658,3411979.455,-0.671,-0.024,0.111,0.733,3103,53,0,3177,1317,2415,245,2323,42,1.026,1,2230,0,68.430,1.450,-38.000,-4.250,-56.750,0.043,0.203,1.215,-0.762,1.234,-0.203,0.302,0.046,1.295,1.416,2,NULL,NULL,,3,0,2,7,255,1394,250,0,0
stim,184537,214658,0,214658,3411984.453,-0.672,-0.026,0.108,0.732,3109,61,0,3182,1372,2427,251,2343,42,1.026,1,2230,0,73.267,1.883,-61.875,-4.313,-39.000,0.012,0.121,0.977,-0.551,1.801,-0.203,0.306,0.042,1.295,1.416,2,NULL,NULL,,3,0,2,7,255,1394,250,0,0
stim,184537,214658,0,214658,3411989.455,-0.674,-0.027,0.106,0.731,3109,75,0,3187,1455,2443,247,2357,42,1.026,1,2230,0,64.931,1.883,-55.000,-0.875,-34.500,-0.148,0.027,0.941,-0.551,1.801,-0.367,0.310,0.038,1.295,1.416,2,NULL,NULL,,3,0,2,7,255,1394,250,0,0
stim,184572,214693,0,214693,3411994.454,-0.675,-0.029,0.105,0.730,3109,103,0,3189,1523,2453,249,2379,42,1.026,1,2230,0,61.661,0.520,-43.125,-0.875,-44.063,-0.156,-0.043,0.918,0.449,0.262,-0.488,0.314,0.036,1.295,1.416,2,NULL,NULL,,3,0,2,7,255,1394,250,0,0
stim,184572,214693,0,214693,3411999.455,-0.676,-0.030,0.104,0.729,3109,120,0,3193,1567,2467,268,2394,42,1.026,1,2230,0,57.103,0.520,-29.625,0.688,-48.813,-0.117,0.047,0.984,0.449,0.262,-0.488,0.320,0.030,1.295,1.416,2,NULL,NULL,,3,0,2,7,255,1394,250,0,0
stim,184572,214693,0,214693,3412004.453,-0.678,-0.031,0.102,0.727,3111,159,0,3195,1595,2487,265,2407,42,1.026,1,2230,0,56.755,0.787,-34.250,0.688,-45.250,-0.098,0.016,1.051,0.473,0.629,-0.098,0.324,0.026,1.295,1.416,2,NULL,NULL,,3,0,2,7,255,1394,250,0,0
stim,184572,214693,0,214693,3412009.455,-0.679,-0.033,0.101,0.726,3109,178,1,3197,1625,2488,267,2414,42,1.026,1,2230,0,60.014,0.787,-45.563,2.188,-39.000,-0.168,0.004,1.129,0.473,0.629,0.477,0.328,0.022,1.295,1.416,2,NULL,NULL,,3,0,2,7,255,1394,250,0,0
stim,184572,214693,0,214693,3412014.454,-0.680,-0.035,0.098,0.725,3108,211,0,3199,1672,2503,275,2423,42,1.026,1,2230,0,82.004,0.757,-67.688,3.938,-46.125,-0.227,-0.074,1.086,0.629,0.422,0.977,0.330,0.018,1.295,1.416,2,NULL,NULL,,3,0,2,7,255,1394,250,0,0
stim,184572,214693,0,214693,3412019.455,-0.682,-0.037,0.096,0.724,3107,235,45,3196,1715,2514,276,2429,42,1.026,1,2230,0,80.311,1.412,-63.625,0.875,-49.000,-0.098,-0.164,0.750,1.348,0.422,0.977,0.332,0.012,1.295,1.416,2,NULL,NULL,,3,0,2,7,255,1394,250,0,0
stim,184594,214715,0,214715,3412024.454,-0.683,-0.038,0.095,0.723,3107,237,59,3205,1746,2509,278,2443,42,1.026,1,2230,0,39.159,1.994,-21.125,-1.500,-32.938,-0.035,-0.215,0.703,1.934,0.488,-2.539,0.334,0.006,1.295,1.416,2,NULL,NULL,,3,0,2,7,255,1394,250,0,0
stim,184594,214715,0,214715,3412029.455,-0.683,-0.038,0.095,0.723,3109,249,83,3197,1771,2515,285,2455,42,1.026,1,2230,0,17.468,2.530,-2.438,-2.438,-17.125,-0.102,-0.254,1.004,2.336,0.973,-2.539,0.334,0.000,1.295,1.416,2,NULL,NULL,,3,0,2,7,255,1394,250,0,0
stim,184594,214715,0,214715,3412034.453,-0.684,-0.038,0.094,0.723,3109,248,105,3199,1800,2518,297,2457,42,1.026,1,2230,0,18.282,2.530,-16.313,-4.375,-7.000,-0.199,-0.184,1.055,2.336,0.973,-0.109,0.000,0.000,1.295,1.416,2,NULL,NULL,,3,0,2,7,255,1394,250,0,0
stim,184594,214715,0,214715,3412039.455,-0.684,-0.039,0.094,0.722,3107,245,132,3204,1816,2519,300,2459,42,1.026,1,2230,0,22.725,2.262,-20.188,-3.375,-9.875,-0.188,-0.117,0.895,2.262,0.059,-0.109,0.000,0.000,1.295,1.416,2,NULL,NULL,,3,0,2,7,255,1394,250,0,0
stim,184637,214758,0,214758,3412044.454,-0.684,-0.039,0.093,0.722,3107,247,151,3197,1834,2519,306,2463,42,1.026,1,2230,0,14.561,1.513,-8.250,-4.000,-11.313,-0.164,-0.059,0.906,1.512,0.059,-0.820,0.000,0.000,1.295,1.416,2,NULL,NULL,,3,0,2,7,255,1394,250,0,0
stim,184637,214758,0,214758,3412049.455,-0.684,-0.039,0.093,0.722,3101,242,164,3196,1863,2527,299,2464,42,1.026,1,2230,0,7.866,1.291,-4.000,-4.500,-5.063,-0.117,-0.094,1.008,1.289,0.070,-0.820,0.000,0.000,1.295,1.416,2,NULL,NULL,,3,0,2,7,255,1394,250,0,0
stim,184637,214758,0,214758,3412054.453,-0.684,-0.040,0.092,0.722,3099,240,211,3192,1880,2524,309,2471,42,0.999,1,2230,1,11.021,0.922,-9.563,-5.125,1.938,-0.168,-0.055,0.977,0.910,0.148,-0.141,0.000,0.000,1.306,1.408,2,NULL,NULL,,3,0,2,7,255,1394,250,0,0
stim,184637,214758,0,214758,3412059.455,-0.685,-0.040,0.092,0.722,3100,249,263,3192,1883,2523,303,2471,42,0.999,1,2230,1,7.501,0.903,-4.875,-5.500,-1.500,-0.195,-0.012,0.922,0.891,0.148,-0.141,0.004,0.004,1.306,1.408,2,NULL,NULL,,3,0,2,7,255,1394,250,0,0
stim,184637,214758,0,214758,3412064.454,-0.685,-0.040,0.091,0.722,3099,249,281,3183,1893,2522,294,2476,42,0.999,1,2230,1,7.845,0.481,1.313,-5.438,-5.500,-0.152,-0.012,0.988,0.457,0.148,-0.141,0.008,0.008,1.306,1.408,2,NULL,NULL,,3,0,2,7,255,1394,250,0,0
stim,184637,214758,0,214758,3412069.455,-0.685,-0.039,0.091,0.722,3096,235,298,3183,1898,2523,301,2477,42,0.999,1,2230,1,6.589,0.540,-0.438,-5.750,-3.188,-0.129,0.027,1.027,0.453,0.293,-0.020,0.012,0.012,1.306,1.408,2,NULL,NULL,,3,0,2,7,255,1394,250,0,0
stim,184655,214776,0,214776,3412074.454,-0.685,-0.039,0.091,0.722,3093,229,315,3179,1912,2521,303,2479,42,0.999,1,2230,1,5.893,0.308,-1.188,-5.438,-1.938,-0.156,0.066,1.012,0.094,0.293,0.246,0.016,0.018,1.306,1.408,2,NULL,NULL,,3,0,2,7,255,1394,250,0,0
stim,184655,214776,0,214776,3412079.455,-0.685,-0.039,0.091,0.722,3087,233,335,3176,1925,2531,312,2483,42,0.999,1,2230,1,6.258,0.363,-0.313,-5.000,-3.750,-0.176,0.078,1.027,-0.273,0.238,0.324,0.020,0.022,1.306,1.408,2,NULL,NULL,,3,0,2,7,255,1394,250,0,0
stim,184655,214776,0,214776,3412084.453,-0.685,-0.039,0.091,0.722,3087,228,355,3167,1931,2519,311,2484,42,0.999,1,2230,1,7.708,0.397,-2.188,-4.938,-5.500,-0.184,0.098,1.047,-0.391,0.070,0.414,0.026,0.026,1.306,1.408,2,NULL,NULL,,3,0,2,7,255,1394,250,0,0
stim,184655,214776,0,214776,3412089.455,-0.685,-0.039,0.090,0.721,3077,229,397,3161,1947,2515,317,2488,42,0.999,1,2230,1,11.040,0.551,-6.188,-4.750,-7.813,-0.199,0.102,1.043,-0.551,0.027,0.609,0.028,0.030,1.306,1.408,2,NULL,NULL,,3,0,2,7,255,1394,250,0,0
stim,184655,214776,0,214776,3412094.454,-0.686,-0.039,0.090,0.721,3064,230,422,3151,1958,2515,325,2488,42,0.999,1,2230,1,14.304,0.571,-7.063,-5.688,-11.063,-0.219,0.094,0.996,-0.551,-0.152,0.609,0.032,0.034,1.306,1.408,2,NULL,NULL,,3,0,2,7,255,1394,250,0,0
stim,184655,214776,0,214776,3412099.455,-0.686,-0.039,0.090,0.721,3055,227,473,3145,1973,2511,328,2493,42,0.999,1,2230,1,16.293,0.719,-2.500,-7.125,-14.438,-0.219,0.117,0.996,-0.594,-0.406,0.227,0.034,0.038,1.306,1.408,2,NULL,NULL,,3,0,2,7,255,1394,250,0,0
stim,184655,214776,0,214776,3412104.453,-0.687,-0.039,0.090,0.720,3045,228,507,3129,1988,2507,335,2495,42,0.999,1,2230,1,20.374,0.856,0.375,-8.250,-18.625,-0.207,0.188,1.035,-0.754,-0.406,0.227,0.036,0.040,1.306,1.408,2,NULL,NULL,,3,0,2,7,255,1394,250,0,0
stim,184655,214776,0,214776,3412109.455,-0.688,-0.038,0.089,0.720,3031,227,603,3117,2031,2507,345,2503,42,0.999,1,2230,1,23.419,1.469,0.500,-9.125,-21.563,-0.148,0.227,1.047,-1.441,-0.285,0.598,0.036,0.040,1.306,1.408,2,NULL,NULL,,3,0,2,7,255,1394,250,0,0
stim,184689,214810,0,214810,3412114.453,-0.688,-0.038,0.089,0.719,3017,230,645,3109,2023,2501,372,2505,42,0.999,1,2230,1,22.885,1.872,-1.813,-9.750,-20.625,-0.148,0.246,1.066,-1.852,0.273,0.645,0.036,0.042,1.306,1.408,2,NULL,NULL,,3,0,2,7,255,1394,250,0,0
stim,184689,214810,0,214810,3412119.455,-0.689,-0.038,0.089,0.718,3001,242,697,3097,2045,2495,371,2509,42,0.999,1,2230,1,26.019,1.874,-7.875,-8.625,-23.250,-0.121,0.168,1.063,-1.852,0.289,0.691,0.036,0.042,1.306,1.408,2,NULL,NULL,,3,0,2,7,255,1394,250,0,0
stim,184689,214810,0,214810,3412124.454,-0.689,-0.038,0.088,0.718,2988,247,743,3089,2077,2501,375,2517,42,0.999,1,2230,1,20.646,1.397,-10.625,-8.438,-15.563,-0.094,0.117,1.004,-1.277,0.566,0.691,0.034,0.042,1.306,1.408,2,NULL,NULL,,3,0,2,7,255,1394,250,0,0
stim,184689,214810,0,214810,3412129.455,-0.690,-0.038,0.087,0.718,2987,249,799,3083,2110,2488,401,2521,42,0.999,1,2230,1,20.548,1.387,-12.625,-7.250,-14.500,-0.156,0.164,1.039,-1.266,0.566,0.535,0.032,0.040,1.306,1.408,2,NULL,NULL,,3,0,2,7,255,1394,250,0,0
stim,184689,214810,0,214810,3412134.453,-0.690,-0.038,0.087,0.717,2963,243,857,3063,2141,2485,418,2527,42,0.999,1,2230,1,22.795,0.878,-14.938,-7.500,-15.500,-0.133,0.105,0.977,-0.820,0.313,0.059,0.030,0.038,1.306,1.408,2,NULL,NULL,,3,0,2,7,255,1394,250,0,0
stim,184689,214810,0,214810,3412139.455,-0.691,-0.038,0.086,0.717,2943,251,927,3052,2183,2492,425,2535,42,0.999,1,2230,1,18.873,0.756,-11.500,-7.188,-13.125,-0.145,0.090,0.977,-0.730,0.195,-0.109,0.026,0.036,1.306,1.408,2,NULL,NULL,,3,0,2,7,255,1394,250,0,0
stim,184737,214858,0,214858,3412144.454,-0.691,-0.038,0.086,0.717,2925,260,1013,3047,2207,2479,435,2541,42,0.999,1,2230,1,20.848,0.756,-9.313,-7.813,-16.938,-0.188,0.117,0.996,-0.730,0.195,-0.109,0.020,0.030,1.306,1.408,2,NULL,NULL,,3,0,2,7,255,1394,250,0,0
stim,184737,214858,0,214858,3412149.455,-0.692,-0.038,0.085,0.716,2909,270,1113,3032,2235,2476,523,2549,42,0.999,1,2230,1,23.723,0.610,-12.813,-6.688,-18.813,-0.141,0.078,1.047,-0.578,0.195,0.168,0.014,0.022,1.306,1.408,2,NULL,NULL,,3,0,2,7,255,1394,250,0,0
stim,184737,214858,0,214858,3412154.453,-0.692,-0.038,0.084,0.716,2889,275,1205,3019,2267,2475,581,2555,42,0.999,1,2230,1,26.390,0.489,-20.188,-7.875,-15.063,-0.176,0.070,0.961,-0.469,-0.141,0.168,0.012,0.016,1.306,1.408,2,NULL,NULL,,3,0,2,7,255,1394,250,0,0
stim,184737,214858,0,214858,3412159.455,-0.693,-0.039,0.083,0.715,2867,292,1277,3008,2299,2475,659,2573,42,0.999,1,2230,1,26.695,0.456,-11.813,-9.438,-22.000,-0.258,0.063,0.906,-0.434,-0.141,-0.219,0.014,0.010,1.306,1.408,2,NULL,NULL,,3,0,2,7,255,1394,250,0,0
stim,184737,214858,0,214858,3412164.453,-0.694,-0.039,0.083,0.714,2844,303,1391,2998,2332,2474,745,2585,42,0.999,1,2230,1,37.336,0.655,-9.438,-8.938,-35.000,-0.230,0.012,1.023,-0.336,-0.563,-0.219,0.018,0.008,1.306,1.408,2,NULL,NULL,,3,0,2,7,255,1394,250,0,0
stim,184737,214858,0,214858,3412169.455,-0.695,-0.039,0.082,0.713,2821,315,1510,2983,2366,2471,826,2596,42,0.999,1,2230,1,44.798,0.587,-16.250,-9.875,-40.563,-0.164,-0.063,0.961,0.168,-0.563,-0.285,0.022,0.006,1.306,1.408,2,NULL,NULL,,3,0,2,7,255,1394,250,0,0
stim,184737,214858,0,214858,3412174.454,-0.696,-0.040,0.081,0.712,2797,327,1605,2979,2405,2471,921,2615,42,0.999,1,2230,1,40.780,0.832,-17.750,-8.875,-35.625,-0.129,-0.082,0.984,0.832,-0.020,-0.109,0.026,0.008,1.306,1.408,2,NULL,NULL,,3,0,2,7,255,1394,250,0,0
stim,184737,214858,0,214858,3412179.455,-0.698,-0.040,0.080,0.711,2781,360,1712,2964,2424,2479,1008,2621,42,0.999,1,2230,1,43.052,0.832,-24.313,-10.313,-34.000,-0.195,-0.031,0.969,0.832,-0.020,-0.141,0.030,0.010,1.306,1.408,2,NULL,NULL,,3,0,2,7,255,1394,250,0,0
stim,184737,214858,0,214858,3412184.453,-0.699,-0.041,0.078,0.710,2745,375,1811,2935,2457,2482,1087,2629,42,0.999,1,2230,1,49.074,0.561,-25.625,-11.250,-40.313,-0.227,-0.012,0.961,0.461,-0.320,-0.141,0.032,0.014,1.306,1.408,2,NULL,NULL,,3,0,2,7,255,1394,250,0,0
stim,184737,214858,0,214858,3412189.455,-0.700,-0.042,0.077,0.708,2728,399,1897,2927,2489,2475,1144,2645,42,0.999,1,2230,1,58.729,0.506,-28.563,-11.813,-49.938,-0.211,-0.012,1.012,0.273,-0.426,-0.141,0.034,0.016,1.306,1.408,2,NULL,NULL,,3,0,2,7,255,1394,250,0,0
stim,184759,214880,0,214880,3412194.454,-0.702,-0.042,0.075,0.707,2695,411,1989,2923,2521,2485,1267,2655,42,0.999,1,2230,1,63.782,0.492,-35.938,-11.438,-51.438,-0.121,-0.004,1.008,0.246,-0.426,0.121,0.034,0.016,1.306,1.408,2,NULL,NULL,,3,0,2,7,255,1394,250,0,0
stim,184759,214880,0,214880,3412199.455,-0.703,-0.043,0.074,0.706,2665,435,2087,2895,2549,2477,1352,2665,42,0.999,1,2230,1,58.615,0.424,-36.438,-12.688,-44.125,-0.094,0.016,0.953,0.121,0.406,0.121,0.032,0.014,1.306,1.408,2,NULL,NULL,,3,0,2,7,255,1394,250,0,0
stim,184759,214880,0,214880,3412204.453,-0.704,-0.044,0.072,0.705,2643,460,2164,2874,2559,2485,1439,2681,42,0.999,1,2230,1,50.195,0.528,-29.813,-12.188,-38.500,-0.098,-0.004,0.961,0.023,0.527,-0.375,0.030,0.014,1.306,1.408,2,NULL,NULL,,3,0,2,7,255,1394,250,0,0
stim,184759,214880,0,214880,3412209.455,-0.705,-0.044,0.071,0.704,2611,482,2219,2867,2587,2477,1525,2683,42,0.999,1,2230,1,46.607,0.539,-26.875,-12.938,-35.813,-0.121,0.020,0.977,-0.113,0.527,-0.375,0.028,0.014,1.306,1.408,2,NULL,NULL,,3,0,2,7,255,1394,250,0,0
stim,184792,214913,0,214913,3412214.453,-0.707,-0.045,0.069,0.703,2572,499,2299,2853,2607,2476,1597,2696,42,0.999,1,2230,1,45.688,0.542,-24.875,-12.063,-36.375,-0.090,0.008,0.984,-0.125,0.527,-0.172,0.028,0.014,1.306,1.408,2,NULL,NULL,,3,0,2,7,255,1394,250,0,0
stim,184792,214913,0,214913,3412219.455,-0.707,-0.045,0.068,0.702,2533,523,2373,2843,2632,2475,1659,2707,42,0.999,1,2230,1,38.896,0.630,-20.625,-11.750,-30.813,-0.074,-0.027,0.969,-0.125,0.617,-0.172,0.028,0.014,1.306,1.408,2,NULL,NULL,,3,0,2,7,255,1394,250,0,0
stim,184792,214913,0,214913,3412224.454,-0.708,-0.045,0.067,0.701,2490,547,2416,2827,2647,2475,1723,2725,42,0.999,1,2230,1,36.106,0.630,-17.313,-11.563,-29.500,-0.137,0.035,1.000,-0.125,0.617,-0.160,0.028,0.014,1.306,1.408,2,NULL,NULL,,3,0,2,7,255,1394,250,0,0
stim,184792,214913,0,214913,3412229.455,-0.709,-0.045,0.066,0.700,2455,571,2477,2805,2667,2475,1800,2723,42,0.999,1,2230,1,44.736,0.472,-22.125,-10.500,-37.438,-0.176,0.047,1.051,-0.441,0.168,0.066,0.028,0.014,1.306,1.408,2,NULL,NULL,,3,0,2,7,255,1394,250,0,0
stim,184792,214913,0,214913,3412234.453,-0.711,-0.046,0.065,0.699,2423,588,2535,2791,2684,2477,1881,2731,42,0.999,1,2230,1,54.110,0.472,-30.750,-10.313,-43.313,-0.141,-0.004,1.035,-0.441,0.168,0.438,0.028,0.016,1.306,1.408,2,NULL,NULL,,3,0,2,7,255,1394,250,0,0
stim,184792,214913,0,214913,3412239.455,-0.712,-0.047,0.063,0.698,2389,600,2577,2781,2707,2479,1943,2745,42,0.999,1,2230,1,56.911,0.217,-37.063,-10.063,-42.000,-0.109,-0.059,1.023,-0.102,0.191,0.438,0.028,0.014,1.306,1.408,2,NULL,NULL,,3,0,2,7,255,1394,250,0,0
stim,184834,214955,0,214955,3412244.454,-0.713,-0.048,0.061,0.697,2334,611,2607,2752,2718,2487,2014,2747,42,0.999,1,2230,1,56.211,0.597,-42.313,-11.063,-35.313,-0.105,-0.090,0.996,0.410,0.434,0.250,0.030,0.014,1.306,1.408,2,NULL,NULL,,3,0,2,7,255,1394,250,0,0
stim,184834,214955,0,214955,3412249.455,-0.714,-0.049,0.060,0.696,2278,622,2645,2731,2735,2475,2067,2759,42,0.999,1,2230,1,53.982,0.597,-42.188,-10.875,-31.875,-0.172,-0.012,0.988,0.410,0.434,0.031,0.032,0.014,1.306,1.408,2,NULL,NULL,,3,0,2,7,255,1394,250,0,0
stim,184834,214955,1,214955,3412254.453,-0.715,-0.050,0.058,0.695,2215,623,2680,2709,2741,2475,2111,2765,42,0.999,1,2230,1,56.147,0.273,-40.188,-11.250,-37.563,-0.172,0.043,0.969,-0.168,-0.215,0.004,0.032,0.014,1.306,1.408,2,NULL,NULL,,3,1,2,7,255,1394,250,0,0
stim,184834,214955,1,214955,3412259.455,-0.716,-0.051,0.056,0.694,2167,626,2710,2678,2763,2481,2157,2776,42,0.999,1,2230,1,53.074,0.273,-33.750,-12.125,-39.125,-0.129,-0.047,0.938,-0.168,-0.215,-0.199,0.034,0.014,1.306,1.408,2,NULL,NULL,,3,1,2,7,255,1394,250,0,0
stim,184834,214955,1,214955,3412264.453,-0.717,-0.052,0.055,0.693,2117,631,2743,2643,2767,2477,2207,2779,42,0.999,1,2230,1,47.251,0.168,-29.063,-12.938,-34.938,-0.109,-0.141,0.984,0.145,0.086,-0.199,0.036,0.012,1.306,1.408,2,NULL,NULL,,3,1,2,7,255,1394,250,0,0
stim,184834,214955,1,214955,3412269.455,-0.718,-0.052,0.053,0.692,2052,633,2771,2613,2791,2473,2251,2795,42,0.999,1,2230,1,44.632,0.736,-30.688,-12.563,-29.875,-0.125,-0.113,1.012,0.715,0.176,-0.086,0.036,0.012,1.306,1.408,2,NULL,NULL,,3,1,2,7,255,1394,250,0,0
stim,184834,214955,1,214955,3412274.454,-0.719,-0.053,0.052,0.691,1964,633,2795,2579,2795,2461,2287,2797,42,0.999,1,2230,1,45.387,0.736,-33.250,-13.188,-27.938,-0.148,-0.039,0.992,0.715,0.176,0.020,0.038,0.012,1.306,1.408,2,NULL,NULL,,3,1,2,7,255,1394,250,0,0
stim,184834,214955,1,214955,3412279.455,-0.720,-0.053,0.050,0.690,1886,632,2815,2543,2807,2462,2317,2807,42,0.999,1,2230,1,44.911,0.052,-31.500,-13.688,-28.938,-0.141,-0.023,0.977,-0.051,0.012,0.020,0.038,0.012,1.306,1.408,2,NULL,NULL,,3,1,2,7,255,1394,250,0,0
stim,184834,214955,1,214955,3412284.453,-0.720,-0.054,0.049,0.690,1815,637,2847,2489,2814,2461,2347,2811,42,0.999,1,2230,1,45.400,0.052,-30.250,-14.563,-30.563,-0.141,-0.047,1.004,-0.051,0.012,0.020,0.038,0.014,1.306,1.408,2,NULL,NULL,,3,1,2,7,255,1394,250,0,0
stim,184834,214955,1,214955,3412289.455,-0.721,-0.055,0.047,0.689,1728,637,2855,2455,2836,2459,2379,2811,42,0.999,1,2230,1,47.896,0.054,-31.063,-14.813,-33.313,-0.141,-0.063,1.012,-0.051,0.020,0.141,0.038,0.016,1.306,1.408,2,NULL,NULL,,3,1,2,7,255,1394,250,0,0
stim,184864,214985,1,214985,3412294.454,-0.722,-0.055,0.046,0.688,1635,628,2875,2393,2843,2457,2421,2825,42,0.999,1,2230,1,49.000,0.023,-31.625,-15.375,-34.125,-0.117,-0.055,0.992,-0.012,0.020,0.141,0.038,0.016,1.306,1.408,2,NULL,NULL,,3,1,2,7,255,1394,250,0,0
stim,184864,214985,1,214985,3412299.455,-0.723,-0.056,0.044,0.687,1531,613,2891,2341,2855,2458,2452,2837,42,0.999,1,2230,1,44.410,0.203,-27.125,-15.500,-31.563,-0.098,-0.039,0.961,-0.012,0.203,-0.020,0.038,0.016,1.306,1.408,2,NULL,NULL,,3,1,2,7,255,1394,250,0,0
stim,184864,214985,1,214985,3412304.453,-0.724,-0.056,0.043,0.686,1401,603,2907,2281,2861,2453,2477,2845,42,0.999,1,2230,1,38.313,0.367,-19.625,-15.313,-29.125,-0.086,-0.031,0.973,-0.172,0.324,-0.246,0.040,0.018,1.306,1.408,2,NULL,NULL,,3,1,2,7,255,1394,250,0,0
stim,184864,214985,1,214985,3412309.455,-0.725,-0.056,0.042,0.685,1292,575,2924,2219,2873,2450,2503,2855,42,0.999,1,2230,1,34.590,0.435,-17.563,-15.625,-25.375,-0.102,-0.035,1.016,-0.262,0.348,-0.246,0.040,0.018,1.306,1.408,2,NULL,NULL,,3,1,2,7,255,1394,250,0,0
stim,184864,214985,1,214985,3412314.454,-0.726,-0.056,0.041,0.685,1191,559,2936,2150,2885,2443,2525,2858,42,0.999,1,2230,1,34.716,0.438,-21.063,-15.250,-23.000,-0.117,-0.039,1.035,-0.266,0.348,0.191,0.038,0.020,1.306,1.408,2,NULL,NULL,,3,1,2,7,255,1394,250,0,0
stim,184864,214985,1,214985,3412319.455,-0.726,-0.056,0.040,0.684,1075,535,2943,2071,2923,2439,2549,2861,42,0.999,1,2230,1,36.846,0.325,-21.688,-15.500,-25.438,-0.129,-0.047,1.023,-0.266,0.188,0.316,0.038,0.022,1.306,1.408,2,NULL,NULL,,3,1,2,7,255,1394,250,0,0
stim,184894,215015,1,215015,3412324.454,-0.727,-0.056,0.038,0.683,977,502,2961,1973,2901,2425,2579,2867,42,0.999,1,2230,1,36.921,0.233,-22.938,-16.063,-24.063,-0.117,-0.055,1.008,-0.199,0.121,0.316,0.038,0.024,1.306,1.408,2,NULL,NULL,,3,1,2,7,255,1394,250,0,0
stim,184894,215015,1,215015,3412329.455,-0.728,-0.056,0.037,0.683,842,463,2968,1845,2909,2418,2597,2872,42,0.999,1,2230,1,36.041,0.207,-19.688,-17.375,-24.688,-0.156,-0.023,1.043,-0.199,0.055,0.316,0.038,0.026,1.306,1.408,2,NULL,NULL,,3,1,2,7,255,1394,250,0,0
stim,184894,215015,1,215015,3412334.453,-0.728,-0.057,0.036,0.682,703,403,2981,1722,2921,2403,2619,2875,42,0.999,1,2230,1,39.737,0.528,-23.375,-18.625,-26.188,-0.152,0.004,1.047,-0.504,-0.156,0.500,0.038,0.026,1.306,1.408,2,NULL,NULL,,3,1,2,7,255,1394,250,0,0
stim,184894,215015,1,215015,3412339.455,-0.729,-0.057,0.035,0.681,551,380,2990,1555,2927,2402,2644,2887,42,0.999,1,2230,1,40.763,0.840,-19.625,-20.063,-29.563,-0.164,0.031,1.039,-0.816,-0.199,0.500,0.040,0.026,1.306,1.408,2,NULL,NULL,,3,1,2,7,255,1394,250,0,0
stim,184937,215058,1,215058,3412344.454,-0.730,-0.057,0.033,0.680,404,351,3001,1425,2937,2377,2663,2891,42,0.999,1,2230,1,42.432,0.831,-18.750,-22.000,-31.063,-0.133,-0.016,1.043,-0.816,-0.156,0.461,0.040,0.026,1.306,1.408,2,NULL,NULL,,3,1,2,7,255,1394,250,0,0
stim,184937,215058,1,215058,3412349.455,-0.731,-0.056,0.032,0.679,297,318,3012,1246,2943,2347,2677,2892,42,0.999,1,2230,1,40.845,0.634,-17.250,-23.250,-28.813,-0.133,-0.039,1.051,-0.633,-0.031,0.461,0.040,0.026,1.306,1.408,2,NULL,NULL,,3,1,2,7,255,1394,250,0,0
stim,184937,215058,1,215058,3412354.453,-0.732,-0.056,0.031,0.679,175,248,3020,1007,2957,2331,2695,2899,42,0.999,1,2230,1,42.192,0.427,-16.938,-24.813,-29.625,-0.137,-0.051,1.055,-0.426,-0.031,0.566,0.042,0.028,1.306,1.408,2,NULL,NULL,,3,1,2,7,255,1394,250,0,0
stim,184937,215058,1,215058,3412359.455,-0.733,-0.056,0.029,0.678,101,210,3025,867,2965,2309,2717,2903,42,0.999,1,2230,1,41.675,0.436,-13.250,-28.250,-27.625,-0.145,-0.023,1.070,-0.426,-0.094,0.629,0.042,0.028,1.306,1.408,2,NULL,NULL,,3,1,2,7,255,1394,250,0,0
stim,184937,215058,1,215058,3412364.454,-0.733,-0.055,0.028,0.677,46,149,3030,679,2972,2283,2735,2905,42,0.999,1,2230,1,47.392,0.663,-17.750,-29.438,-32.625,-0.070,0.016,1.055,-0.656,-0.094,0.629,0.042,0.028,1.306,1.408,2,NULL,NULL,,3,1,2,7,255,1394,250,0,0
stim,184937,215058,1,215058,3412369.455,-0.734,-0.054,0.026,0.676,25,135,3036,509,2981,2259,2759,2911,42,0.999,1,2230,1,38.401,1.011,-5.000,-33.313,-18.438,-0.094,0.039,1.066,-0.969,0.289,0.613,0.044,0.028,1.306,1.408,2,NULL,NULL,,3,1,2,7,255,1394,250,0,0
stim,184956,215077,1,215077,3412374.454,-0.735,-0.053,0.025,0.676,5,95,3039,375,2987,2232,2773,2915,42,0.999,1,2230,1,40.533,1.094,-1.563,-36.063,-18.438,-0.137,0.016,1.113,-1.055,0.289,0.613,0.046,0.028,1.306,1.408,2,NULL,NULL,,3,1,2,7,255,1394,250,0,0
stim,184956,215077,1,215077,3412379.455,-0.735,-0.052,0.024,0.676,0,68,3043,303,2996,2195,2789,2919,42,0.999,1,2230,1,42.853,1.106,1.500,-39.875,-15.625,-0.105,0.016,1.188,-1.078,0.246,1.145,0.046,0.028,1.306,1.408,2,NULL,NULL,,3,1,2,7,255,1394,250,0,0
stim,184956,215077,1,215077,3412384.454,-0.735,-0.050,0.023,0.676,0,52,3049,253,3001,2173,2808,2923,42,0.999,1,2230,1,44.690,1.083,5.813,-44.250,-2.313,-0.156,0.027,1.316,-1.078,-0.105,1.813,0.048,0.028,1.306,1.408,2,NULL,NULL,,3,1,2,7,255,1394,250,0,0
stim,184956,215077,1,215077,3412389.455,-0.735,-0.049,0.021,0.676,0,41,3053,213,3007,2167,2831,2925,42,0.999,1,2230,1,54.646,1.089,-5.938,-50.750,19.375,-0.223,-0.031,1.371,-1.078,-0.156,3.109,0.050,0.030,1.306,1.408,2,NULL,NULL,,3,1,2,7,255,1394,250,0,0
stim,184956,215077,1,215077,3412394.454,-0.734,-0.049,0.019,0.677,0,14,3059,179,3019,2095,2843,2925,42,0.999,1,2230,1,64.358,1.218,-28.688,-54.188,19.563,-0.305,-0.156,1.281,-0.875,-0.848,3.109,0.052,0.030,1.306,1.408,2,NULL,NULL,,3,1,2,7,255,1394,250,0,0
stim,184956,215077,1,215077,3412399.455,-0.734,-0.048,0.016,0.678,0,7,3061,147,3021,2052,2859,2931,42,0.999,1,2230,0,70.374,1.896,-39.125,-57.875,8.500,-0.297,-0.273,1.113,0.305,-1.871,3.047,0.056,0.032,1.306,1.408,2,NULL,NULL,,3,1,2,7,255,1394,250,0,0
stim,184957,215078,1,215078,3412404.453,-0.734,-0.048,0.013,0.678,0,0,3061,98,3027,1991,2871,2933,42,0.999,1,2230,0,70.505,2.430,-35.250,-60.875,-4.750,-0.191,-0.270,0.961,1.551,-1.871,1.512,0.060,0.032,1.306,1.408,2,NULL,NULL,,3,1,2,7,255,1394,250,0,0
stim,184957,215078,1,215078,3412409.455,-0.734,-0.047,0.010,0.678,0,0,3065,77,3033,1912,2889,2935,42,0.999,1,2230,0,65.848,1.994,-13.625,-64.125,-6.188,-0.156,-0.227,0.898,1.551,-1.254,-0.098,0.064,0.034,1.306,1.408,3,NULL,NULL,,3,1,2,7,255,1394,250,0,0
stim,184984,215105,1,215105,3412414.454,-0.734,-0.044,0.008,0.678,0,0,3068,28,3032,1849,2899,2932,42,0.999,1,2230,0,68.894,1.630,10.250,-68.125,-0.500,-0.152,-0.164,1.004,1.309,-0.973,-0.098,0.068,0.038,1.306,1.408,3,NULL,NULL,,3,1,2,7,255,1394,250,0,0
stim,184984,215105,1,215105,3412419.455,-0.734,-0.042,0.007,0.678,0,0,3067,4,3043,1771,2909,2932,42,0.999,1,2230,0,72.854,1.090,15.500,-71.125,2.938,-0.156,-0.164,1.109,0.605,-0.906,0.191,0.068,0.044,1.306,1.408,3,NULL,NULL,,3,1,2,7,255,1394,250,0,0
stim,184984,215105,1,215105,3412424.454,-0.733,-0.040,0.005,0.679,0,0,3065,0,3059,1673,2923,2932,42,0.999,1,2230,0,75.119,1.090,11.563,-73.875,7.188,-0.168,-0.207,1.148,0.605,-0.906,1.250,0.068,0.048,1.306,1.408,3,NULL,NULL,,3,1,2,7,255,1394,250,0,0
stim,184984,215105,1,215105,3412429.455,-0.733,-0.037,0.002,0.679,0,0,3067,0,3052,1607,2935,2933,42,0.999,1,2230,0,78.331,1.405,6.750,-77.188,11.500,-0.180,-0.207,1.141,0.906,-1.074,1.594,0.068,0.052,1.306,1.408,3,NULL,NULL,,3,1,2,7,255,1394,250,0,0
stim,184984,215105,1,215105,3412434.454,-0.733,-0.035,-0.000,0.680,0,0,3065,0,3055,1483,2939,2927,42,0.999,1,2230,0,81.300,1.563,4.750,-80.438,10.813,-0.188,-0.195,1.113,0.906,-1.273,1.594,0.064,0.056,1.306,1.408,3,NULL,NULL,,3,1,2,7,255,1394,250,0,0
stim,184984,215105,1,215105,3412439.455,-0.732,-0.032,-0.002,0.680,0,0,3063,0,3060,1339,2951,2925,42,0.999,1,2230,0,85.098,1.573,8.875,-84.313,7.375,-0.172,-0.145,1.059,0.836,-1.332,1.277,0.060,0.060,1.306,1.408,3,NULL,NULL,,3,1,2,7,255,1394,250,0,0
stim,185038,215159,1,215159,3412444.454,-0.732,-0.029,-0.005,0.681,0,0,3061,0,3060,1253,2956,2925,42,0.999,1,2230,0,87.266,1.381,13.875,-86.125,2.313,-0.133,-0.086,1.070,0.363,-1.332,0.730,0.056,0.064,1.306,1.408,3,NULL,NULL,,3,1,2,7,255,1394,250,0,0
stim,185038,215159,1,215159,3412449.455,-0.732,-0.026,-0.007,0.681,0,0,3061,0,3065,1095,2965,2919,42,0.999,1,2230,0,89.963,0.990,15.875,-88.500,3.000,-0.086,-0.113,1.090,0.137,-0.980,0.730,0.052,0.070,1.306,1.408,3,NULL,NULL,,3,1,2,7,255,1394,250,0,0
stim,185038,215159,1,215159,3412454.453,-0.732,-0.023,-0.009,0.681,0,0,3051,0,3079,967,2971,2915,42,0.999,1,2230,0,94.169,0.951,18.688,-91.938,8.125,-0.109,-0.125,1.109,0.137,-0.941,0.926,0.048,0.076,1.306,1.408,3,NULL,NULL,,3,1,2,7,255,1394,250,0,0
stim,185038,215159,1,215159,3412459.455,-0.731,-0.020,-0.012,0.682,0,0,3048,0,3077,819,2976,2905,42,0.999,1,2230,0,98.669,0.965,22.313,-95.438,11.375,-0.121,-0.121,1.105,0.211,-0.941,1.086,0.042,0.082,1.306,1.408,3,NULL,NULL,,3,1,2,7,255,1394,250,0,0
stim,185038,215159,1,215159,3412464.454,-0.731,-0.016,-0.014,0.682,0,0,3039,0,3076,669,2983,2893,42,0.999,1,2230,0,102.976,1.168,25.000,-99.500,8.875,-0.141,-0.098,1.133,0.211,-1.148,1.141,0.038,0.088,1.306,1.408,3,NULL,NULL,,3,1,2,7,255,1394,250,0,0
stim,185038,215159,1,215159,3412469.455,-0.730,-0.012,-0.016,0.683,0,0,3031,0,3079,557,2989,2888,42,0.999,1,2230,0,107.904,1.219,28.625,-103.875,5.813,-0.109,-0.094,1.141,-0.027,-1.219,1.320,0.034,0.094,1.306,1.408,3,NULL,NULL,,3,1,2,7,255,1394,250,0,0
stim,185038,215159,1,215159,3412474.454,-0.730,-0.008,-0.019,0.683,0,0,3017,0,3081,411,2998,2869,42,0.999,1,2230,0,112.867,1.220,31.125,-108.063,9.625,-0.078,-0.051,1.172,-0.063,-1.219,1.391,0.032,0.100,1.306,1.408,3,NULL,NULL,,3,1,2,7,255,1394,250,0,0
stim,185038,215159,1,215159,3412479.455,-0.729,-0.004,-0.021,0.684,0,0,3004,0,3081,263,3001,2853,42,0.999,1,2230,0,116.342,1.121,27.813,-112.438,10.938,-0.078,0.051,1.234,-0.457,-1.023,1.656,0.030,0.106,1.306,1.408,3,NULL,NULL,,3,1,2,7,255,1394,250,0,0
stim,185038,215159,1,215159,3412484.454,-0.729,0.000,-0.024,0.684,0,0,2987,0,3092,172,3005,2837,42,0.999,1,2230,0,118.098,1.749,17.250,-116.375,10.313,-0.051,0.188,1.250,-1.445,-0.984,2.207,0.030,0.110,1.306,1.408,3,NULL,NULL,,3,1,2,7,255,1394,250,0,0
stim,185038,215159,1,215159,3412489.455,-0.728,0.004,-0.027,0.685,0,0,2966,0,3081,69,3021,2808,42,0.999,1,2230,0,121.101,2.857,7.625,-120.125,13.313,-0.020,0.215,1.242,-2.738,-0.816,2.207,0.032,0.116,1.306,1.408,3,NULL,NULL,,3,1,2,7,255,1394,250,0,0
stim,185059,215180,1,215180,3412494.454,-0.727,0.008,-0.031,0.685,0,0,2957,0,3081,23,3017,2789,42,0.999,1,2230,0,125.606,2.820,2.250,-124.188,18.688,-0.008,0.180,1.238,-2.738,-0.672,2.203,0.034,0.120,1.306,1.408,3,NULL,NULL,,3,1,2,7,255,1394,250,0,0
stim,185059,215180,1,215180,3412499.455,-0.727,0.012,-0.035,0.686,0,0,2933,0,3087,0,3017,2764,42,0.999,1,2230,0,129.421,2.729,-1.813,-127.438,22.500,-0.023,0.117,1.250,-2.645,-0.672,2.203,0.036,0.124,1.306,1.408,3,NULL,NULL,,3,1,2,7,255,1394,250,0,0
stim,185059,215180,0,215180,3412504.453,-0.725,0.016,-0.039,0.687,0,0,2916,0,3077,0,3026,2733,42,0.999,1,2230,0,134.672,2.276,-7.500,-131.938,25.938,-0.066,0.055,1.262,-2.047,-0.996,2.305,0.040,0.128,1.306,1.408,3,NULL,NULL,,3,0,2,7,255,1397,250,0,0
stim,185059,215180,0,215180,3412509.455,-0.724,0.019,-0.044,0.688,0,0,2893,0,3076,0,3027,2701,42,0.999,1,2230,0,141.287,2.161,-11.625,-137.438,30.625,-0.098,0.027,1.305,-1.473,-1.582,2.406,0.042,0.132,1.306,1.408,3,NULL,NULL,,3,0,2,7,255,1397,250,0,0
stim,185105,215226,0,215226,3412514.454,-0.723,0.023,-0.048,0.689,0,0,2863,0,3076,0,3039,2661,42,0.999,1,2230,0,144.077,2.553,-16.188,-140.313,28.438,-0.090,0.109,1.449,-1.473,-2.086,2.789,0.044,0.134,1.306,1.408,3,NULL,NULL,,3,0,2,7,255,1397,250,0,0
stim,185105,215226,0,215226,3412519.455,-0.722,0.026,-0.053,0.690,0,0,2841,0,3067,0,3029,2612,42,0.999,1,2230,0,149.374,2.942,-27.188,-144.063,28.625,-0.047,0.098,1.441,-2.074,-2.086,4.063,0.046,0.136,1.306,1.408,3,NULL,NULL,,3,0,2,7,255,1397,250,0,0
stim,185105,215226,0,215226,3412524.454,-0.720,0.030,-0.059,0.691,0,0,2803,0,3059,0,3036,2555,42,0.999,1,2230,0,157.053,3.149,-35.500,-148.813,35.500,-0.066,0.160,1.453,-2.188,-2.266,4.086,0.050,0.140,1.306,1.408,3,NULL,NULL,,3,0,2,7,255,1397,250,0,0
stim,185105,215226,0,215226,3412529.455,-0.719,0.033,-0.065,0.692,0,0,2757,0,3059,0,3031,2479,42,0.999,1,2230,0,163.183,3.627,-41.625,-154.188,33.500,-0.113,0.184,1.535,-2.738,-2.379,4.086,0.054,0.142,1.306,1.408,3,NULL,NULL,,3,0,2,7,255,1397,250,0,0
stim,185105,215226,0,215226,3412534.453,-0.717,0.036,-0.071,0.692,0,0,2717,0,3047,0,3029,2389,42,0.999,1,2230,0,170.059,4.149,-42.063,-161.500,32.688,-0.227,0.094,1.594,-2.738,-3.117,4.754,0.064,0.146,1.306,1.408,3,NULL,NULL,,3,0,2,7,255,1397,250,0,0
stim,185105,215226,0,215226,3412539.455,-0.715,0.039,-0.079,0.693,0,0,2672,0,3043,0,3031,2279,42,0.999,1,2230,0,185.178,5.183,-56.938,-173.125,32.813,-0.262,0.098,1.613,-2.523,-4.527,5.168,0.078,0.152,1.306,1.408,3,NULL,NULL,,3,0,2,7,255,1397,250,0,0
stim,185135,215256,0,215256,3412544.454,-0.714,0.043,-0.086,0.693,0,0,2629,0,3025,0,3020,2185,42,0.999,1,2230,0,193.909,5.709,-64.688,-181.875,18.375,-0.262,0.125,1.645,-2.523,-5.121,5.230,0.090,0.158,1.306,1.408,3,NULL,NULL,,3,0,2,7,255,1397,250,0,0
stim,185135,215256,0,215256,3412549.455,-0.713,0.046,-0.095,0.693,0,0,2555,0,3007,0,3025,2043,42,0.999,1,2230,0,209.038,6.103,-77.125,-193.625,16.063,-0.234,0.137,1.621,-2.891,-5.375,5.230,0.100,0.166,1.306,1.408,3,NULL,NULL,,3,0,2,7,255,1397,250,0,0
stim,185135,215256,0,215256,3412554.453,-0.711,0.050,-0.103,0.693,0,0,2484,0,2994,0,3019,1909,42,0.999,1,2230,0,222.126,6.232,-81.313,-205.750,19.875,-0.258,0.168,1.613,-3.086,-5.414,5.109,0.112,0.174,1.306,1.408,3,NULL,NULL,,3,0,2,7,255,1397,250,0,0
stim,185135,215256,0,215256,3412559.455,-0.710,0.054,-0.113,0.693,0,0,2411,0,2971,0,3011,1749,42,0.999,1,2230,0,233.715,6.782,-82.500,-218.313,12.500,-0.305,0.180,1.648,-3.480,-5.820,4.906,0.122,0.182,1.306,1.408,3,NULL,NULL,,3,0,2,7,255,1397,250,0,0
stim,185135,215256,0,215256,3412564.454,-0.709,0.058,-0.123,0.692,0,0,2335,0,2953,0,2997,1613,42,0.999,1,2230,0,248.200,7.473,-87.125,-232.375,3.813,-0.305,0.129,1.680,-3.480,-6.613,4.906,0.134,0.192,1.306,1.408,3,NULL,NULL,,3,0,2,7,255,1397,250,0,0
stim,185135,215256,0,215256,3412569.455,-0.707,0.062,-0.133,0.692,0,0,2269,0,2925,0,2971,1519,42,0.999,1,2230,0,265.907,7.946,-98.000,-247.125,5.625,-0.301,0.160,1.633,-3.746,-7.008,4.906,0.150,0.208,1.306,1.408,3,NULL,NULL,,3,0,2,7,255,1397,250,0,0
stim,185158,215279,0,215279,3412574.454,-0.705,0.067,-0.144,0.691,0,0,2198,0,2904,3,2939,1422,42,0.999,1,2230,0,279.034,8.096,-95.563,-262.063,7.125,-0.309,0.238,1.656,-3.785,-7.156,4.438,0.166,0.224,1.306,1.408,3,NULL,NULL,,3,0,2,7,255,1397,250,0,0
stim,185158,215279,0,215279,3412579.455,-0.703,0.073,-0.155,0.690,0,0,2103,0,2867,8,2901,1339,42,0.999,1,2230,0,289.471,8.933,-78.813,-278.438,7.375,-0.309,0.340,1.840,-4.699,-7.598,4.438,0.184,0.244,1.306,1.408,3,NULL,NULL,,3,0,2,7,255,1397,250,0,0
stim,185158,215279,0,215279,3412584.453,-0.701,0.080,-0.166,0.689,0,0,1981,0,2827,3,2863,1259,42,0.999,1,2230,0,302.815,10.388,-72.625,-293.938,4.813,-0.355,0.371,2.121,-6.055,-8.441,5.672,0.206,0.266,1.306,1.408,3,NULL,NULL,,3,0,2,7,255,1397,250,0,0
stim,185158,215279,0,215279,3412589.455,-0.699,0.086,-0.179,0.687,0,0,1913,0,2787,5,2795,1182,42,0.999,1,2230,0,323.919,12.285,-94.250,-309.875,4.250,-0.391,0.461,2.328,-6.871,-10.184,7.750,0.228,0.290,1.306,1.408,3,NULL,NULL,,3,0,2,7,255,1397,250,0,0
stim,185158,215279,0,215279,3412594.454,-0.696,0.092,-0.192,0.685,0,0,1805,0,2741,0,2709,1099,42,0.999,1,2230,0,341.690,14.309,-116.125,-321.313,-5.000,-0.418,0.633,2.445,-8.238,-11.699,9.000,0.254,0.318,1.306,1.408,3,NULL,NULL,,3,0,2,7,255,1397,250,0,0
stim,185158,215279,0,215279,3412599.455,-0.694,0.098,-0.206,0.683,0,0,1677,0,2653,0,2629,979,42,0.999,1,2230,0,353.916,16.413,-130.125,-328.250,-24.000,-0.375,0.707,2.594,-10.277,-12.797,9.266,0.282,0.346,1.306,1.408,3,NULL,NULL,,3,0,2,7,255,1397,250,0,0
stim,185158,215279,0,215279,3412604.453,-0.693,0.103,-0.221,0.679,0,0,1515,0,2581,0,2501,871,42,0.999,1,2230,0,378.679,16.670,-163.250,-340.000,-33.875,-0.273,0.488,2.551,-10.277,-13.125,10.027,0.312,0.378,1.306,1.408,3,NULL,NULL,,3,0,2,7,255,1397,250,0,0
stim,185158,215279,0,215279,3412609.455,-0.690,0.108,-0.237,0.675,0,0,1379,0,2459,0,2357,815,42,0.999,1,2230,0,403.297,16.294,-189.250,-354.875,-29.938,-0.195,0.234,2.117,-9.656,-13.125,10.027,0.342,0.410,1.306,1.408,3,NULL,NULL,,3,0,2,7,255,1397,250,0,0
stim,185158,215279,0,215279,3412614.455,-0.688,0.113,-0.254,0.671,0,0,1191,0,2331,0,2163,743,42,0.999,1,2230,0,408.960,13.070,-187.000,-363.250,-18.125,-0.137,0.137,1.781,-6.680,-11.234,6.652,0.374,0.444,1.306,1.408,3,NULL,NULL,,3,0,2,7,255,1397,250,0,0
stim,185184,215306,0,215306,3412619.455,-0.684,0.119,-0.270,0.668,0,0,1015,0,2158,0,1910,680,42,0.999,1,2230,0,409.101,11.050,-167.375,-373.250,5.813,0.008,-0.059,1.469,-5.309,-9.691,3.914,0.412,0.484,1.306,1.408,3,NULL,NULL,,3,0,2,7,255,1397,250,0,0
stim,185184,215306,0,215306,3412624.454,-0.678,0.127,-0.284,0.666,0,0,764,0,1963,0,1584,563,42,0.999,1,2230,0,403.521,8.113,-104.375,-387.938,37.938,0.055,-0.363,1.336,-2.996,-7.539,2.168,0.450,0.524,1.306,1.408,3,NULL,NULL,,3,0,2,7,255,1397,250,0,0
stim,185184,215306,0,215306,3412629.455,-0.672,0.135,-0.299,0.664,0,0,551,0,1740,0,1181,487,42,0.999,1,2230,0,409.566,7.806,-86.688,-397.813,44.438,0.074,-0.219,1.602,-2.023,-7.539,2.168,0.494,0.570,1.306,1.408,3,NULL,NULL,,3,0,2,7,255,1397,250,0,0
stim,185185,215306,0,215306,3412634.453,-0.666,0.144,-0.312,0.662,0,0,349,0,1463,0,652,435,42,0.999,1,2230,0,396.399,8.928,-52.250,-391.563,32.875,0.117,-0.039,1.672,-2.023,-8.695,3.332,0.544,0.620,1.306,1.408,3,NULL,NULL,,3,0,2,7,255,1397,250,0,0
stim,185185,215306,0,215306,3412639.455,-0.659,0.154,-0.325,0.661,0,0,237,0,1203,0,231,342,42,0.999,1,2230,0,402.407,9.868,-22.438,-399.500,42.750,0.016,-0.066,1.949,-3.969,-9.035,3.375,0.602,0.678,1.306,1.408,3,NULL,NULL,,3,0,2,7,255,1397,250,0,0
stim,185238,215359,0,215359,3412644.454,-0.651,0.164,-0.338,0.660,0,0,171,0,853,0,0,295,42,0.999,1,2230,0,413.346,12.790,-26.938,-407.875,61.375,-0.168,-0.090,2.234,-4.352,-12.027,4.500,0.666,0.742,1.306,1.408,3,NULL,NULL,,3,0,2,7,255,1397,250,0,0
stim,185238,215359,0,215359,3412649.455,-0.643,0.172,-0.352,0.658,0,0,107,0,445,0,0,217,42,0.999,1,2230,0,425.279,16.386,-74.750,-411.563,76.750,-0.258,0.004,2.145,-4.641,-15.715,4.500,0.734,0.810,1.306,1.408,3,NULL,NULL,,3,0,2,7,255,1397,250,0,0
stim,185238,215359,0,215359,3412654.453,-0.634,0.179,-0.368,0.656,0,0,109,0,191,0,0,141,42,0.999,1,2230,0,449.265,16.826,-122.750,-418.875,106.375,-0.379,0.184,1.949,-5.230,-15.992,2.871,0.806,0.884,1.306,1.408,3,NULL,NULL,,3,0,2,7,255,1397,250,0,0
stim,185238,215359,0,215359,3412659.455,-0.625,0.183,-0.385,0.654,0,0,102,0,0,0,0,60,42,0.999,1,2230,0,465.475,17.199,-185.000,-408.813,123.750,-0.461,0.488,1.605,-6.328,-15.992,-0.344,0.878,0.956,1.306,1.408,4,NULL,NULL,,3,0,2,7,255,1397,250,0,0
stim,185238,215359,0,215359,3412664.454,-0.616,0.186,-0.403,0.651,0,0,95,0,0,0,0,31,42,0.999,1,2230,0,451.661,16.332,-203.625,-386.813,113.625,-0.324,0.992,1.035,-8.238,-14.102,-4.598,0.950,1.026,1.306,1.408,0,NULL,NULL,,3,0,2,7,255,1397,250,0,0
stim,185238,215359,0,215359,3412669.455,-0.608,0.190,-0.418,0.647,0,0,79,0,0,0,0,17,42,0.999,1,2230,0,421.870,14.833,-182.563,-367.313,98.625,-0.484,1.137,0.992,-11.586,-9.262,-9.145,1.012,1.090,1.306,1.408,0,NULL,NULL,,3,0,2,7,255,1397,250,0,0
stim,185238,215359,0,215359,3412674.454,-0.600,0.193,-0.434,0.644,0,0,89,0,0,0,0,1,42,0.999,1,2230,0,409.468,15.542,-182.500,-351.688,103.313,-0.691,1.129,1.223,-12.480,-9.262,-11.551,1.066,1.144,1.306,1.408,0,NULL,NULL,,3,0,2,7,255,1397,250,0,0
stim,185238,215359,0,215359,3412679.455,-0.592,0.194,-0.450,0.640,0,0,85,0,0,0,0,11,42,0.999,1,2230,0,416.679,17.493,-227.563,-335.375,96.750,-0.891,0.773,1.355,-12.480,-12.258,-12.352,1.112,1.194,1.306,1.408,0,NULL,NULL,,3,0,2,7,255,1397,250,0,0
stim,185238,215359,0,215359,3412684.453,-0.587,0.194,-0.466,0.633,0,0,87,0,0,0,0,29,42,0.999,1,2230,0,425.414,15.406,-285.875,-312.000,43.688,-0.473,0.406,1.117,-9.332,-12.258,-12.352,1.154,1.238,1.306,1.408,0,NULL,NULL,,3,0,2,7,255,1397,250,0,0
stim,185238,215359,0,215359,3412689.455,-0.584,0.195,-0.480,0.625,0,0,85,0,0,0,0,55,42,0.999,1,2230,0,376.659,12.650,-270.063,-261.813,-19.813,-0.117,-0.340,0.844,-6.273,-10.984,-9.746,1.202,1.286,1.306,1.408,0,NULL,NULL,,3,0,2,7,255,1397,250,0,0
stim,185283,215404,0,215404,3412694.454,-0.581,0.195,-0.491,0.618,0,0,83,0,0,0,0,87,42,0.999,1,2230,0,306.799,8.707,-208.375,-225.125,-4.938,-0.051,-0.469,0.926,0.359,-8.699,-5.711,1.258,1.344,1.306,1.408,0,NULL,NULL,,3,0,2,7,255,1397,250,0,0
stim,185283,215404,0,215404,3412699.455,-0.578,0.195,-0.501,0.613,0,0,85,0,0,0,0,125,42,0.999,1,2230,0,269.923,8.707,-196.188,-184.750,15.375,-0.309,-0.145,1.035,0.359,-8.699,-5.711,1.322,1.408,1.306,1.408,0,NULL,NULL,,3,0,2,7,255,1397,250,0,0
stim,185283,215404,0,215404,3412704.453,-0.578,0.193,-0.511,0.607,0,0,86,0,0,0,0,131,42,0.999,1,2230,0,261.571,8.882,-226.625,-129.563,-16.563,-0.457,0.277,0.809,-1.793,-8.699,-7.578,1.402,1.490,1.306,1.408,0,NULL,NULL,,3,0,2,7,255,1397,250,0,0
stim,185283,215404,0,215404,3412709.455,-0.579,0.189,-0.519,0.600,0,0,85,0,0,0,0,135,42,0.999,1,2230,0,264.546,9.006,-253.063,-65.563,-40.563,-0.160,0.387,0.094,-3.379,-8.348,-11.512,1.484,1.572,1.306,1.408,0,NULL,NULL,,3,0,2,7,255,1397,250,0,0
stim,185283,215404,0,215404,3412714.454,-0.582,0.184,-0.524,0.594,0,0,87,0,0,0,0,120,42,0.999,1,2230,0,221.336,3.451,-219.250,0.063,-30.313,0.094,0.500,-0.512,-3.379,-0.703,-12.332,1.568,1.656,1.306,1.408,0,NULL,NULL,,3,0,2,7,255,1397,250,0,0
stim,185283,215404,0,215404,3412719.455,-0.585,0.180,-0.526,0.591,0,0,83,0,0,0,0,104,42,0.999,1,2230,0,145.123,6.315,-133.188,56.938,-8.938,0.004,0.434,-0.766,-2.496,5.801,-12.977,1.652,1.740,1.306,1.408,0,NULL,NULL,,3,0,2,7,255,1397,250,0,0
stim,185284,215405,0,215405,3412724.454,-0.587,0.176,-0.525,0.590,0,0,73,0,0,0,0,101,42,0.999,1,2230,0,114.273,5.826,-51.250,102.125,-1.500,-0.086,0.188,-0.586,-0.539,5.801,-13.449,1.736,1.824,1.306,1.408,0,NULL,NULL,,3,0,2,7,255,1397,250,0,0
stim,185284,215405,0,215405,3412729.455,-0.591,0.173,-0.521,0.591,0,0,62,0,0,0,0,103,42,0.999,1,2230,0,135.913,4.805,-3.813,135.813,-3.563,-0.191,-0.070,-0.344,1.055,4.688,-13.449,1.818,1.906,1.306,1.408,0,NULL,NULL,,3,0,2,7,255,1397,250,0,0
stim,185284,215406,0,215406,3412734.453,-0.594,0.169,-0.517,0.593,0,0,55,0,0,0,0,94,42,0.999,1,2230,0,162.755,2.515,17.063,161.688,7.438,-0.172,-0.051,-0.293,2.016,1.504,-12.363,1.898,1.986,1.306,1.408,0,NULL,NULL,,3,0,2,7,255,1397,250,0,0
stim,185284,215406,0,215406,3412739.455,-0.597,0.165,-0.511,0.596,0,0,54,0,0,0,0,87,42,0.999,1,2230,0,185.612,2.515,40.125,179.438,25.375,-0.148,0.094,-0.398,2.016,1.504,-12.363,1.966,2.056,1.306,1.408,0,NULL,NULL,,3,0,2,7,255,1397,250,0,0
stim,185336,215457,0,215457,3412744.454,-0.600,0.161,-0.504,0.600,0,0,49,0,0,0,0,77,42,0.999,1,2230,0,213.674,2.202,90.313,188.438,44.625,-0.246,0.152,-0.371,1.191,1.852,-12.980,2.034,2.122,1.306,1.408,0,NULL,NULL,,3,0,2,7,255,1397,250,0,0
stim,185336,215457,0,215457,3412749.455,-0.602,0.158,-0.496,0.605,0,0,43,0,0,0,0,75,42,0.999,1,2230,0,241.388,2.002,125.313,197.938,58.188,-0.258,0.250,-0.168,0.762,1.852,-13.578,2.098,2.188,1.306,1.408,0,NULL,NULL,,3,0,2,7,255,1397,250,0,0
stim,185336,215457,0,215457,3412754.453,-0.604,0.155,-0.487,0.612,0,0,28,0,0,0,0,61,42,0.999,1,2230,0,258.599,1.010,144.875,203.500,66.875,-0.363,0.336,-0.109,-0.945,0.355,-13.914,2.152,2.244,1.306,1.408,0,NULL,NULL,,3,0,2,7,255,1397,250,0,0
stim,185336,215457,0,215457,3412759.455,-0.606,0.153,-0.477,0.618,0,0,13,0,0,0,0,63,42,0.999,1,2230,0,276.974,1.815,167.938,209.188,68.938,-0.426,0.316,0.129,-1.727,-0.559,-13.711,2.194,2.284,1.306,1.408,0,NULL,NULL,,3,0,2,7,255,1397,250,0,0
stim,185336,215457,0,215457,3412764.454,-0.607,0.150,-0.468,0.625,0,0,19,0,0,0,0,59,42,0.999,1,2230,0,280.025,3.756,169.813,213.000,64.875,-0.406,0.336,0.281,-2.426,-2.867,-13.711,2.220,2.310,1.306,1.408,0,NULL,NULL,,3,0,2,7,255,1397,250,0,0
stim,185336,215457,0,215457,3412769.455,-0.609,0.147,-0.457,0.631,0,0,16,0,0,0,0,53,42,0.999,1,2230,0,283.888,5.154,169.688,216.500,70.188,-0.461,0.344,0.340,-3.273,-3.980,-12.820,2.228,2.318,1.306,1.408,0,NULL,NULL,,3,0,2,7,255,1397,250,0,0
stim,185337,215458,0,215458,3412774.454,-0.610,0.145,-0.447,0.638,0,0,11,0,0,0,0,57,42,0.999,1,2230,0,286.602,5.913,171.313,219.063,69.313,-0.523,0.340,0.465,-3.441,-4.809,-12.813,2.220,2.310,1.306,1.408,0,NULL,NULL,,3,0,2,7,255,1397,250,0,0
stim,185337,215458,0,215458,3412779.455,-0.612,0.142,-0.437,0.643,0,0,18,0,0,0,0,58,42,0.999,1,2230,0,285.155,7.250,169.875,222.500,54.313,-0.531,0.309,0.613,-3.766,-6.195,-12.457,2.206,2.296,1.306,1.408,0,NULL,NULL,,3,0,2,7,255,1397,250,0,0
stim,185337,215458,0,215458,3412784.453,-0.615,0.139,-0.426,0.649,0,0,9,0,0,0,0,55,42,0.999,1,2230,0,282.151,8.344,162.688,226.563,42.563,-0.520,0.246,0.711,-3.805,-7.426,-11.387,2.188,2.278,1.306,1.408,0,NULL,NULL,,3,0,2,7,255,1397,250,0,0
stim,185337,215458,0,215458,3412789.455,-0.617,0.136,-0.416,0.654,0,0,4,0,0,0,0,61,42,0.999,1,2230,0,278.032,9.065,149.563,231.625,35.813,-0.523,0.227,0.789,-3.883,-8.191,-10.273,2.166,2.258,1.306,1.408,0,NULL,NULL,,3,0,2,7,255,1397,250,0,0
stim,185359,215480,0,215480,3412794.454,-0.620,0.133,-0.406,0.658,0,0,6,0,0,0,0,59,42,0.999,1,2230,0,272.638,9.626,131.313,238.125,19.625,-0.500,0.203,0.859,-3.883,-8.809,-9.570,2.148,2.240,1.306,1.408,0,NULL,NULL,,3,0,2,7,255,1397,250,0,0
stim,185359,215480,0,215480,3412799.455,-0.624,0.129,-0.396,0.661,0,0,5,0,0,0,0,59,42,0.999,1,2230,0,271.212,9.709,116.375,244.938,4.313,-0.430,0.133,0.891,-3.883,-8.898,-8.652,2.132,2.224,1.306,1.408,0,NULL,NULL,,3,0,2,7,255,1397,250,0,0
stim,185359,215480,0,215480,3412804.453,-0.628,0.124,-0.386,0.664,0,0,9,0,0,0,0,87,42,0.999,1,2230,0,272.274,9.614,102.250,252.313,-4.063,-0.395,0.121,0.918,-3.641,-8.898,-7.523,2.120,2.214,1.306,1.408,0,NULL,NULL,,3,0,2,7,255,1397,250,0,0
stim,185359,215480,0,215480,3412809.455,-0.633,0.120,-0.376,0.666,0,0,4,0,0,0,0,93,42,0.999,1,2230,0,275.116,9.466,85.188,261.250,-13.438,-0.379,0.117,0.898,-3.563,-8.770,-6.832,2.118,2.212,1.306,1.408,0,NULL,NULL,,3,0,2,7,255,1397,250,0,0
stim,185385,215506,0,215506,3412814.454,-0.638,0.114,-0.366,0.668,0,0,6,0,0,0,0,100,42,0.999,1,2230,0,281.319,9.151,72.813,270.688,-23.813,-0.344,0.055,0.809,-3.551,-8.434,-6.625,2.124,2.218,1.306,1.408,0,NULL,NULL,,3,0,2,7,255,1397,250,0,0
stim,185385,215506,0,215506,3412819.455,-0.643,0.109,-0.356,0.669,0,0,6,0,0,0,0,105,42,0.999,1,2230,0,290.912,8.091,73.938,279.688,-30.625,-0.324,-0.016,0.723,-2.762,-7.605,-6.625,2.136,2.232,1.306,1.408,0,NULL,NULL,,3,0,2,7,255,1397,250,0,0
stim,185385,215506,0,215506,3412824.454,-0.648,0.103,-0.346,0.671,0,0,5,0,0,0,0,110,42,0.999,1,2230,0,302.277,7.154,80.500,288.938,-37.500,-0.328,-0.023,0.730,-1.910,-6.895,-6.590,2.162,2.256,1.306,1.408,0,NULL,NULL,,3,0,2,7,255,1397,250,0,0
stim,185385,215506,0,215506,3412829.455,-0.654,0.098,-0.335,0.671,0,0,5,0,0,0,0,117,42,0.999,1,2230,0,313.307,7.150,83.625,298.250,-47.063,-0.309,0.012,0.770,-1.910,-6.891,-6.402,2.192,2.288,1.306,1.408,0,NULL,NULL,,3,0,2,7,255,1397,250,0,0
stim,185403,215524,0,215524,3412834.454,-0.660,0.092,-0.323,0.672,0,0,5,0,0,0,0,124,42,0.999,1,2230,0,322.576,7.231,85.688,306.438,-53.000,-0.250,0.008,0.750,-2.336,-6.844,-5.945,2.228,2.326,1.306,1.408,0,NULL,NULL,,3,0,2,7,255,1397,250,0,0
stim,185403,215524,0,215524,3412839.455,-0.666,0.087,-0.311,0.673,0,0,5,0,0,0,0,134,42,0.999,1,2230,0,330.687,6.585,94.938,312.375,-52.563,-0.211,-0.039,0.711,-2.336,-6.156,-5.582,2.278,2.376,1.306,1.408,0,NULL,NULL,,3,0,2,7,255,1397,250,0,0
stim,185436,215557,0,215557,3412844.454,-0.671,0.082,-0.298,0.674,0,0,5,0,0,0,0,136,42,0.999,1,2230,0,339.223,5.816,109.688,316.688,-52.438,-0.172,-0.105,0.695,-1.797,-5.531,-5.332,2.332,2.432,1.306,1.408,0,NULL,NULL,,3,0,2,7,255,1397,250,0,0
stim,185436,215557,0,215557,3412849.455,-0.677,0.077,-0.285,0.675,0,0,5,0,0,0,0,139,42,0.999,1,2230,0,347.888,5.206,126.688,319.688,-52.688,-0.102,-0.176,0.695,-1.145,-5.078,-4.883,2.392,2.494,1.306,1.408,0,NULL,NULL,,3,0,2,7,255,1397,250,0,0
stim,185436,215557,0,215557,3412854.453,-0.682,0.072,-0.271,0.676,0,0,6,0,0,0,0,147,42,0.999,1,2230,0,355.572,4.498,147.125,320.313,-46.750,-0.047,-0.133,0.719,-0.961,-4.395,-4.230,2.454,2.556,1.306,1.408,0,NULL,NULL,,3,0,2,7,255,1397,250,0,0
stim,185436,215557,0,215557,3412859.455,-0.686,0.069,-0.256,0.677,0,0,7,0,0,0,0,155,42,0.999,1,2230,0,364.140,3.966,169.063,319.938,-40.688,-0.031,-0.008,0.750,-0.961,-3.848,-3.762,2.516,2.620,1.306,1.408,0,NULL,NULL,,3,0,2,7,255,1397,250,0,0
stim,185457,215578,0,215578,3412864.454,-0.691,0.066,-0.241,0.679,0,0,9,0,0,0,0,152,42,0.999,1,2230,0,374.755,4.268,192.938,319.313,-35.438,-0.020,-0.020,0.852,-2.129,-3.699,-3.676,2.576,2.678,1.306,1.408,0,NULL,NULL,,3,0,2,7,255,1397,250,0,0
stim,185457,215578,0,215578,3412869.455,-0.694,0.063,-0.225,0.681,0,0,5,0,0,0,0,155,42,0.999,1,2230,0,378.611,4.268,203.500,318.438,-23.063,0.012,-0.094,1.012,-2.129,-3.699,-2.590,2.630,2.734,1.306,1.408,0,NULL,NULL,,3,0,2,7,255,1397,250,0,0
stim,185457,215578,0,215578,3412874.454,-0.697,0.060,-0.209,0.683,0,0,7,0,0,0,0,155,42,0.999,1,2230,0,379.927,4.473,207.688,317.875,-12.875,-0.059,-0.027,1.070,-2.180,-3.906,-0.781,2.678,2.782,1.306,1.408,0,NULL,NULL,,3,0,2,7,255,1397,250,0,0
stim,185457,215578,0,215578,3412879.455,-0.700,0.057,-0.193,0.685,0,0,1,0,0,0,0,152,42,0.999,1,2230,0,385.338,5.031,220.125,315.938,-14.625,-0.125,0.039,1.148,-2.348,-4.449,-0.551,2.720,2.826,1.306,1.408,0,NULL,NULL,,3,0,2,7,255,1397,250,0,0
stim,185457,215578,0,215578,3412884.454,-0.703,0.055,-0.177,0.687,0,0,4,0,0,0,0,149,42,0.999,1,2230,0,389.359,5.734,230.250,313.563,-16.250,-0.098,0.004,1.336,-2.766,-5.023,-0.043,2.758,2.864,1.306,1.408,0,NULL,NULL,,3,0,2,7,255,1397,250,0,0
stim,185457,215578,0,215578,3412889.455,-0.705,0.053,-0.160,0.688,0,0,7,0,0,0,0,150,42,0.999,1,2230,0,384.580,5.855,225.688,311.250,-9.500,-0.105,-0.004,1.539,-2.832,-5.125,1.980,2.788,2.896,1.306,1.408,0,NULL,NULL,,3,0,2,7,255,1397,250,0,0
stim,185457,215578,0,215578,3412894.453,-0.707,0.050,-0.145,0.690,0,0,11,0,0,0,0,149,42,0.999,1,2230,0,372.727,6.159,209.125,308.438,-7.625,-0.195,0.070,1.664,-2.832,-5.469,4.027,2.812,2.920,1.306,1.408,0,NULL,NULL,,3,0,2,7,255,1397,250,0,0
stim,185457,215578,0,215578,3412899.455,-0.710,0.047,-0.129,0.691,0,0,6,0,0,0,0,152,42,0.999,1,2230,0,359.694,6.960,189.500,305.313,-15.938,-0.199,0.078,1.738,-3.398,-6.074,5.020,2.830,2.940,1.306,1.408,0,NULL,NULL,,3,0,2,7,255,1397,250,0,0
stim,185457,215578,0,215578,3412904.453,-0.712,0.043,-0.115,0.692,0,0,8,0,0,0,0,154,42,0.999,1,2230,0,346.413,6.960,169.625,301.375,-20.063,-0.164,0.055,1.773,-3.398,-6.074,5.922,2.848,2.956,1.306,1.408,0,NULL,NULL,,3,0,2,7,255,1397,250,0,0
stim,185457,215578,0,215578,3412909.455,-0.714,0.039,-0.101,0.692,0,0,7,0,0,0,0,154,42,0.999,1,2230,0,334.265,6.181,150.000,297.813,-23.250,-0.117,0.063,1.766,-2.996,-5.406,6.578,2.860,2.970,1.306,1.408,0,NULL,NULL,,3,0,2,7,255,1397,250,0,0
stim,185487,215608,0,215608,3412914.454,-0.716,0.035,-0.088,0.692,0,0,9,0,0,0,0,163,42,0.999,1,2230,0,323.376,5.327,131.375,294.625,-22.563,-0.059,0.012,1.711,-2.813,-4.523,6.578,2.874,2.984,1.306,1.408,0,NULL,NULL,,3,0,2,7,255,1397,250,0,0
stim,185487,215608,0,215608,3412919.455,-0.718,0.030,-0.075,0.692,0,0,8,0,0,0,0,163,42,0.999,1,2230,0,315.702,4.018,120.688,291.063,-19.625,-0.055,-0.016,1.629,-2.047,-3.457,6.488,2.890,3.000,1.306,1.408,0,NULL,NULL,,3,0,2,7,255,1397,250,0,0
stim,185487,215608,0,215608,3412924.454,-0.719,0.025,-0.062,0.691,0,0,11,0,0,0,0,167,42,0.999,1,2230,0,312.245,3.241,118.750,287.875,-22.875,-0.051,-0.039,1.570,-1.504,-2.871,5.840,2.908,3.018,1.306,1.408,0,NULL,NULL,,3,0,2,7,255,1397,250,0,0
stim,185487,215608,0,215608,3412929.455,-0.721,0.020,-0.049,0.691,0,0,9,0,0,0,0,158,42,0.999,1,2230,0,308.773,2.639,118.500,284.313,-21.563,0.023,-0.082,1.602,-1.066,-2.414,5.832,2.930,3.040,1.306,1.408,0,NULL,NULL,,3,0,2,7,255,1397,250,0,0
stim,185487,215608,0,215608,3412934.454,-0.722,0.015,-0.037,0.691,0,0,10,0,0,0,0,157,42,0.999,1,2230,0,303.337,1.587,112.188,281.563,-12.250,-0.008,-0.027,1.559,-0.813,-1.363,5.418,2.954,3.062,1.306,1.408,0,NULL,NULL,,3,0,2,7,255,1397,250,0,0
stim,185487,215608,0,215608,3412939.455,-0.723,0.010,-0.025,0.691,0,0,8,0,0,0,0,159,42,0.999,1,2230,0,300.560,1.382,114.063,277.938,-8.750,-0.039,-0.023,1.516,-0.680,-1.203,5.418,2.980,3.088,1.306,1.408,0,NULL,NULL,,3,0,2,7,255,1397,250,0,0
stim,185540,215661,0,215661,3412944.453,-0.723,0.006,-0.012,0.690,0,0,10,0,0,0,0,158,42,0.999,1,2230,0,301.495,1.318,125.063,274.188,-8.938,-0.051,-0.039,1.527,-0.680,-1.129,5.129,3.008,3.118,1.306,1.408,0,NULL,NULL,,3,0,2,7,255,1397,250,0,0
stim,185540,215661,0,215661,3412949.455,-0.724,0.002,0.000,0.690,0,0,10,0,0,0,0,164,42,0.999,1,2230,0,301.350,0.994,134.125,269.750,-7.563,-0.031,-0.055,1.613,-0.352,-0.930,5.129,3.038,3.148,1.306,1.408,0,NULL,NULL,,3,0,2,7,255,1397,250,0,0
stim,185540,215661,0,215661,3412954.453,-0.724,-0.002,0.013,0.690,0,0,11,0,0,0,0,167,42,0.999,1,2230,0,297.876,0.387,134.563,265.750,-0.125,-0.004,-0.047,1.684,-0.023,-0.387,6.008,3.068,3.176,1.306,1.408,0,NULL,NULL,,3,0,2,7,255,1397,250,0,0
stim,185540,215661,0,215661,3412959.455,-0.724,-0.006,0.025,0.689,0,0,10,0,0,0,0,166,42,0.999,1,2230,0,295.171,0.278,134.750,262.500,7.875,-0.027,-0.008,1.680,-0.023,0.277,6.645,3.096,3.204,1.306,1.408,0,NULL,NULL,,3,0,2,7,255,1397,250,0,0
stim,185540,215661,0,215661,3412964.454,-0.724,-0.009,0.038,0.689,0,0,11,0,0,0,0,165,42,0.999,1,2230,0,297.703,0.418,144.250,260.250,9.438,-0.051,0.008,1.699,0.004,0.418,6.684,3.122,3.230,1.306,1.408,0,NULL,NULL,,3,0,2,7,255,1397,250,0,0
stim,185540,215661,0,215661,3412969.455,-0.723,-0.012,0.051,0.689,0,0,11,0,0,0,0,167,42,0.999,1,2230,0,302.956,0.586,157.375,258.750,8.000,-0.008,-0.047,1.789,0.004,0.586,6.828,3.144,3.252,1.306,1.408,0,NULL,NULL,,3,0,2,7,255,1397,250,0,0
stim,185540,215661,0,215661,3412974.454,-0.723,-0.014,0.064,0.688,0,0,12,0,0,0,0,169,42,0.999,1,2230,0,306.557,1.634,163.813,258.875,11.250,0.043,-0.082,1.902,0.832,1.406,7.656,3.164,3.272,1.306,1.408,0,NULL,NULL,,3,0,2,7,255,1397,250,0,0
stim,185540,215661,0,215661,3412979.455,-0.722,-0.017,0.077,0.688,0,0,17,0,0,0,0,168,42,0.999,1,2230,0,308.692,2.707,164.688,260.500,17.563,0.098,-0.023,1.996,1.277,2.387,8.621,3.180,3.288,1.306,1.408,0,NULL,NULL,,3,0,2,7,255,1397,250,0,0
stim,185540,215661,0,215661,3412984.454,-0.720,-0.019,0.090,0.687,0,0,21,0,0,0,0,170,42,0.999,1,2230,0,311.420,3.667,163.938,263.938,21.063,0.148,0.039,2.035,1.277,3.438,9.398,3.192,3.300,1.306,1.408,0,NULL,NULL,,3,0,2,7,255,1397,250,0,0
stim,185540,215661,0,215661,3412989.455,-0.719,-0.022,0.103,0.687,0,0,19,0,0,0,0,167,42,0.999,1,2230,0,316.488,4.621,168.000,267.125,24.188,0.227,0.043,2.094,1.277,4.441,9.648,3.202,3.308,1.306,1.408,0,NULL,NULL,,3,0,2,7,255,1397,250,0,0
stim,185564,215685,0,215685,3412994.453,-0.717,-0.025,0.117,0.687,0,0,22,0,0,0,0,167,42,0.999,1,2230,0,321.307,5.916,171.250,270.375,28.438,0.328,0.035,2.184,1.359,5.758,9.965,3.208,3.316,1.306,1.408,0,NULL,NULL,,3,0,2,7,255,1397,250,0,0
stim,185564,215685,0,215685,3412999.455,-0.715,-0.027,0.130,0.686,0,0,22,0,0,0,0,169,42,0.999,1,2230,0,322.744,7.596,168.313,273.250,34.188,0.418,0.023,2.246,1.883,7.359,10.422,3.212,3.320,1.306,1.408,0,NULL,NULL,,3,0,2,7,255,1397,250,0,0
stim,185564,215685,0,215685,3413004.454,-0.713,-0.030,0.144,0.686,0,0,21,0,0,0,0,163,42,0.999,1,2230,0,322.457,9.129,162.750,275.438,40.313,0.508,0.035,2.262,2.367,8.816,10.422,3.216,3.322,1.306,1.408,0,NULL,NULL,,3,0,2,7,255,1397,250,0,0
stim,185564,215685,0,215685,3413009.455,-0.710,-0.033,0.157,0.686,0,0,22,0,0,0,0,164,42,0.999,1,2230,0,322.521,10.504,161.313,274.563,51.125,0.547,0.000,2.254,2.590,10.180,10.297,3.216,3.322,1.306,1.408,0,NULL,NULL,,3,0,2,7,255,1397,250,0,0
stim,185583,215704,0,215704,3413014.454,-0.707,-0.036,0.171,0.686,0,0,26,0,0,0,0,169,42,0.999,1,2230,0,322.725,11.425,163.750,271.125,61.875,0.551,0.000,2.324,3.211,10.965,10.113,3.212,3.318,1.306,1.408,0,NULL,NULL,,3,0,2,7,255,1397,250,0,0
stim,185583,215704,0,215704,3413019.455,-0.703,-0.039,0.184,0.686,0,0,25,0,0,0,0,167,42,0.999,1,2230,0,315.692,12.183,154.563,268.063,62.563,0.559,0.020,2.371,3.570,11.648,10.113,3.208,3.312,1.306,1.408,0,NULL,NULL,,3,0,2,7,255,1397,250,0,0
stim,185583,215704,0,215704,3413024.454,-0.700,-0.042,0.196,0.686,0,0,24,0,0,0,0,167,42,0.999,1,2230,0,304.481,12.863,139.313,263.938,60.313,0.629,0.047,2.352,3.633,12.340,10.113,3.200,3.304,1.306,1.408,0,NULL,NULL,,3,0,2,7,255,1397,250,0,0
stim,185583,215704,0,215704,3413029.455,-0.696,-0.046,0.208,0.686,0,0,23,0,0,0,0,169,42,0.999,1,2230,0,294.524,13.906,128.250,258.125,60.563,0.730,0.047,2.313,3.723,13.398,9.531,3.188,3.290,1.306,1.408,0,NULL,NULL,,3,0,2,7,255,1397,250,0,0
stim,185583,215704,0,215704,3413034.454,-0.692,-0.049,0.219,0.686,0,0,22,0,0,0,0,165,42,0.999,1,2230,0,283.093,15.088,116.125,250.500,62.500,0.801,-0.004,2.293,3.723,14.621,8.504,3.172,3.272,1.306,1.408,0,NULL,NULL,,3,0,2,7,255,1397,250,0,0
stim,185583,215704,0,215704,3413039.455,-0.688,-0.053,0.230,0.686,0,0,23,0,0,0,0,171,42,0.999,1,2230,0,271.408,16.148,102.875,243.125,63.000,0.875,-0.152,2.148,4.266,15.574,7.609,3.152,3.252,1.306,1.408,0,NULL,NULL,,3,0,2,7,255,1397,250,0,0
stim,185638,215759,0,215759,3413044.453,-0.685,-0.056,0.240,0.686,0,0,21,0,0,0,0,185,42,0.999,1,2230,0,260.084,16.900,97.375,232.313,64.750,0.918,-0.254,2.004,5.477,15.988,5.395,3.124,3.224,1.306,1.408,0,NULL,NULL,,3,0,2,7,255,1397,250,0,0
stim,185638,215759,0,215759,3413049.455,-0.681,-0.060,0.249,0.686,0,0,24,0,0,0,0,205,42,0.999,1,2230,0,248.261,17.204,90.938,222.250,63.000,0.969,-0.285,1.859,6.152,16.066,3.387,3.092,3.190,1.306,1.408,0,NULL,NULL,,3,0,2,7,255,1397,250,0,0
stim,185638,215759,0,215759,3413054.454,-0.677,-0.063,0.259,0.686,0,0,23,0,0,0,0,228,42,0.999,1,2230,0,238.983,17.315,94.000,210.938,61.500,1.035,-0.375,1.691,6.168,16.180,1.500,3.056,3.152,1.306,1.408,0,NULL,NULL,,3,0,2,7,255,1397,250,0,0
stim,185638,215759,0,215759,3413059.455,-0.673,-0.065,0.268,0.686,0,0,25,0,0,0,0,235,42,0.999,1,2230,0,230.145,17.467,104.438,196.188,59.750,1.035,-0.520,1.555,6.582,16.180,-0.770,3.014,3.108,1.306,1.408,0,NULL,NULL,,3,0,2,7,255,1397,250,0,0
stim,185638,215759,0,215759,3413064.453,-0.670,-0.066,0.277,0.685,0,0,24,0,0,0,0,240,42,0.999,1,2230,0,228.524,17.511,126.000,182.750,54.313,1.102,-0.656,1.414,7.645,15.754,-2.645,2.968,3.060,1.306,1.408,0,NULL,NULL,,3,0,2,7,255,1397,250,0,0
stim,185638,215759,0,215759,3413069.455,-0.667,-0.066,0.286,0.684,0,0,24,0,0,0,0,255,42,0.999,1,2230,0,223.970,17.934,143.750,164.688,48.750,1.145,-0.676,1.508,8.570,15.754,-4.605,2.920,3.010,1.306,1.408,0,NULL,NULL,,3,0,2,7,255,1397,250,0,0
stim,185638,215759,0,215759,3413074.454,-0.665,-0.066,0.295,0.683,0,0,27,0,0,0,0,279,42,0.999,1,2230,0,211.379,18.742,144.875,147.500,44.000,1.309,-0.637,1.563,8.652,16.625,-4.793,2.870,2.958,1.306,1.408,0,NULL,NULL,,3,0,2,7,255,1397,250,0,0
stim,185638,215759,0,215759,3413079.455,-0.662,-0.066,0.303,0.682,0,0,27,0,0,0,0,299,42,0.999,1,2230,0,193.443,20.372,135.625,130.688,44.125,1.383,-0.648,1.582,8.781,18.383,-5.188,2.816,2.900,1.306,1.408,0,NULL,NULL,,3,0,2,7,255,1397,250,0,0
stim,185638,215759,0,215759,3413084.454,-0.660,-0.065,0.310,0.681,0,0,25,0,0,0,0,327,42,0.999,1,2230,0,171.373,21.084,123.063,116.125,27.188,1.508,-0.793,1.457,8.781,19.168,-5.742,2.760,2.844,1.306,1.408,0,NULL,NULL,,3,0,2,7,255,1397,250,0,0
stim,185638,215759,0,215759,3413089.455,-0.659,-0.065,0.317,0.679,0,0,26,0,1,0,0,344,42,0.999,1,2230,0,164.031,21.807,127.625,101.938,15.063,1.754,-0.977,1.262,9.684,19.539,-8.074,2.702,2.784,1.306,1.408,0,NULL,NULL,,3,0,2,7,255,1397,250,0,0
stim,185658,215779,0,215779,3413094.453,-0.658,-0.063,0.324,0.677,0,0,25,0,0,0,0,359,42,0.999,1,2230,0,167.811,23.092,144.000,84.938,14.500,1.898,-1.043,1.246,10.563,20.535,-11.688,2.642,2.720,1.306,1.408,0,NULL,NULL,,3,0,2,7,255,1397,250,0,0
stim,185658,215779,0,215779,3413099.455,-0.657,-0.060,0.330,0.675,0,0,25,0,11,0,0,375,42,0.999,1,2230,0,162.640,24.206,147.313,67.938,11.625,1.988,-1.113,1.355,10.992,21.566,-13.023,2.578,2.654,1.306,1.408,0,NULL,NULL,,3,0,2,7,255,1397,250,0,0
stim,185658,215779,0,215779,3413104.454,-0.656,-0.058,0.336,0.673,0,0,25,0,22,0,0,389,42,0.999,1,2230,0,157.501,25.680,148.188,52.250,10.813,2.070,-1.234,1.363,11.875,22.770,-13.168,2.514,2.588,1.306,1.408,0,NULL,NULL,,3,0,2,7,255,1397,250,0,0
stim,185658,215779,0,215779,3413109.455,-0.655,-0.054,0.342,0.671,0,0,22,0,26,0,0,403,42,0.999,1,2230,0,159.367,26.720,154.438,35.000,17.938,2.098,-1.285,1.512,12.973,23.359,-13.648,2.446,2.518,1.306,1.408,0,NULL,NULL,,3,0,2,7,255,1397,250,0,0
stim,185687,215808,0,215808,3413114.453,-0.655,-0.050,0.347,0.670,0,0,25,0,37,0,0,411,42,0.999,1,2230,0,156.748,27.295,154.500,17.313,20.000,1.910,-1.152,1.688,13.711,23.602,-13.648,2.378,2.448,1.306,1.408,0,NULL,NULL,,3,0,2,7,255,1397,250,0,0
stim,185687,215808,0,215808,3413119.455,-0.655,-0.046,0.351,0.668,0,0,25,0,42,0,0,407,42,0.999,1,2230,0,143.377,27.376,143.188,-2.813,6.813,1.699,-0.879,2.008,13.711,23.695,-11.133,2.308,2.378,1.306,1.408,0,NULL,NULL,,3,0,2,7,255,1397,250,0,0
stim,185687,215808,0,215808,3413124.454,-0.656,-0.042,0.353,0.665,0,0,24,0,43,0,0,412,42,0.999,1,2230,0,112.763,26.937,108.750,-22.000,-20.125,1.598,-0.633,2.281,12.813,23.695,-6.816,2.234,2.304,1.306,1.408,0,NULL,NULL,,3,0,2,7,255,1397,250,0,0
stim,185687,215808,0,215808,3413129.455,-0.658,-0.040,0.354,0.664,0,0,25,0,45,0,0,410,42,0.999,1,2230,0,72.856,27.020,53.563,-41.313,-27.063,1.488,-0.504,2.414,11.949,24.234,-3.414,2.156,2.226,1.306,1.408,0,NULL,NULL,,3,0,2,7,255,1397,250,0,0
stim,185705,215826,0,215826,3413134.453,-0.660,-0.039,0.351,0.663,0,0,25,0,30,0,0,411,42,0.999,1,2230,0,70.784,26.858,-9.563,-58.250,-39.063,1.324,-0.430,2.363,11.578,24.234,-1.355,2.072,2.142,1.306,1.408,0,NULL,NULL,,3,0,2,7,255,1397,250,0,0
stim,185705,215826,0,215826,3413139.455,-0.662,-0.039,0.347,0.663,0,0,21,0,12,0,0,487,42,0.999,1,2230,0,113.478,25.133,-70.563,-77.000,-44.375,1.164,-0.328,2.285,11.016,22.590,-0.488,1.984,2.054,1.306,1.408,0,NULL,NULL,,3,0,2,7,255,1397,250,0,0
stim,185735,215856,0,215856,3413144.454,-0.662,-0.032,0.345,0.664,84,0,11,347,30,0,0,547,42,0.999,1,2230,0,179.184,24.800,83.188,-144.500,65.625,0.582,-0.656,3.641,11.016,22.219,0.301,1.892,1.960,1.306,1.408,0,NULL,NULL,,3,0,2,7,255,1397,250,0,0
stim,185735,215856,0,215856,3413149.455,-0.656,-0.019,0.342,0.672,683,0,9,955,0,83,0,585,42,0.999,1,2230,0,371.705,24.361,58.813,-212.938,298.938,0.031,1.371,5.707,9.988,22.219,12.336,1.792,1.860,1.306,1.408,0,NULL,NULL,,3,0,2,7,255,1397,250,0,0
stim,185735,215856,0,215856,3413154.454,-0.649,-0.031,0.319,0.690,1164,0,3,1385,0,279,0,646,42,0.999,1,2230,0,730.392,24.250,-664.688,-122.063,277.063,-1.043,2.055,2.996,9.715,22.219,26.109,1.690,1.756,1.306,1.408,0,NULL,NULL,,3,0,2,7,255,1397,250,0,0
stim,185735,215856,0,215856,3413159.455,-0.644,-0.047,0.292,0.705,1607,0,0,1733,0,495,0,727,42,0.999,1,2230,0,812.007,9.134,-786.250,-129.125,156.500,-1.070,2.371,-0.215,-7.094,5.754,26.109,1.582,1.648,1.306,1.408,0,NULL,NULL,,3,0,2,7,255,1397,250,0,0
stim,185735,215856,0,215856,3413164.453,-0.641,-0.056,0.275,0.714,1945,0,0,1909,0,614,0,779,42,0.999,1,2230,0,490.071,17.840,-468.250,-104.875,99.563,-1.250,1.395,-1.375,-14.316,-10.645,0.633,1.472,1.534,1.306,1.408,0,NULL,NULL,,3,0,2,7,255,1397,250,0,0
stim,185735,215856,0,215856,3413169.455,-0.642,-0.057,0.266,0.717,2141,0,0,1988,0,761,0,852,42,0.999,1,2231,0,200.401,18.665,-165.500,-111.813,16.375,-0.965,0.363,-0.746,-14.316,-11.977,-11.086,1.360,1.418,1.306,1.408,1,1349.000,-48.000,,3,0,2,7,255,1397,250,0,0
stim,185756,215877,0,215877,3413174.454,-0.643,-0.053,0.263,0.718,2297,0,0,2094,0,941,0,933,42,0.999,1,2231,0,112.337,12.499,-15.500,-110.938,8.500,-0.133,0.391,0.848,-3.574,-11.977,-11.086,1.246,1.300,1.306,1.408,1,NULL,NULL,,3,0,2,7,255,1397,250,0,0
stim,185756,215877,0,215877,3413179.455,-0.641,-0.052,0.258,0.721,2429,0,0,2197,0,1079,0,987,42,0.999,1,2231,0,154.316,4.236,-84.813,-105.125,74.625,0.215,1.219,1.598,-3.574,2.273,-1.012,1.134,1.182,1.306,1.408,1,NULL,NULL,,3,0,2,7,255,1397,250,0,0
stim,185756,215877,0,215877,3413184.453,-0.637,-0.053,0.249,0.727,2607,0,0,2431,0,1184,0,1015,42,0.999,1,2231,0,254.724,9.246,-194.750,-100.688,129.688,-0.168,1.406,1.559,-8.367,3.934,6.305,1.024,1.064,1.306,1.408,1,NULL,NULL,,3,0,2,7,255,1397,250,0,0
stim,185756,215877,0,215877,3413189.455,-0.633,-0.055,0.238,0.735,2747,0,0,2627,0,1169,0,1053,42,0.999,1,2231,0,328.837,9.246,-273.375,-107.563,147.750,-1.254,0.031,0.918,-8.367,3.934,6.305,0.918,0.950,1.306,1.408,2,NULL,NULL,,3,0,2,7,255,1397,250,0,0
stim,185756,215877,0,215877,3413194.454,-0.629,-0.057,0.224,0.743,2838,0,0,2747,0,1142,0,1117,42,0.999,1,2231,0,384.475,8.305,-314.563,-152.813,159.750,-1.816,-1.480,0.105,3.703,-7.434,2.957,0.818,0.836,1.306,1.408,2,NULL,NULL,,3,0,2,7,255,1397,250,0,0
stim,185756,215877,0,215877,3413199.455,-0.629,-0.058,0.213,0.745,2917,0,0,2839,0,1131,0,1194,42,0.999,1,2231,0,255.943,18.757,-203.063,-155.375,11.438,-1.461,-1.152,-0.473,13.059,-13.465,-5.734,0.728,0.732,1.306,1.408,2,NULL,NULL,,3,0,2,7,255,1397,250,0,0
stim,185756,215877,0,215877,3413204.453,-0.632,-0.053,0.208,0.745,2952,0,0,2916,0,1127,0,1287,42,0.999,1,2231,0,171.622,18.757,-20.438,-165.000,-42.563,-0.449,-0.090,0.125,13.059,-13.465,-7.375,0.644,0.632,1.306,1.408,2,NULL,NULL,,3,0,2,7,255,1397,250,0,0
stim,185756,215877,0,215877,3413209.455,-0.635,-0.047,0.205,0.744,2989,0,0,2982,0,1135,0,1337,42,0.999,1,2231,0,174.322,3.957,53.000,-159.500,-46.250,0.098,0.125,1.555,1.816,-3.516,-7.375,0.570,0.536,1.306,1.408,2,NULL,NULL,,3,0,2,7,255,1397,250,0,0
stim,185782,215903,0,215903,3413214.453,-0.636,-0.044,0.200,0.744,3015,0,0,3028,0,1193,0,1381,42,0.999,1,2231,0,145.518,6.456,-37.250,-139.750,-16.063,0.379,-0.199,2.102,1.816,6.195,4.137,0.510,0.452,1.306,1.408,2,NULL,NULL,,3,0,2,7,255,1397,250,0,0
stim,185782,215903,0,215903,3413219.455,-0.635,-0.043,0.191,0.747,3037,0,0,3067,0,1301,0,1445,42,0.999,1,2231,0,212.599,10.538,-160.000,-134.250,39.688,0.422,-0.535,1.539,4.387,9.582,4.137,0.460,0.374,1.306,1.408,2,NULL,NULL,,3,0,2,7,255,1397,250,0,0
stim,185782,215903,0,215903,3413224.454,-0.633,-0.044,0.182,0.751,3055,0,0,3112,0,1447,0,1513,42,0.999,1,2231,0,253.355,11.559,-197.625,-124.813,97.750,0.105,-0.910,0.699,6.465,9.582,1.867,0.422,0.302,1.306,1.408,2,NULL,NULL,,3,0,2,7,255,1397,250,0,0
stim,185782,215903,0,215903,3413229.455,-0.630,-0.043,0.174,0.756,3083,0,0,3123,0,1543,0,1575,42,0.999,1,2231,0,218.197,10.279,-136.813,-126.250,113.813,-0.465,-1.027,0.371,9.289,4.402,-5.391,0.408,0.252,1.306,1.408,2,NULL,NULL,,3,0,2,7,255,1397,250,0,0
stim,185801,215922,0,215922,3413234.453,-0.629,-0.040,0.168,0.758,3083,0,0,3135,0,1679,0,1651,42,0.999,1,2231,0,155.323,9.879,-74.813,-130.375,39.125,-0.996,-0.707,0.938,9.750,-1.594,-5.391,0.416,0.244,1.306,1.408,2,NULL,NULL,,3,0,2,7,255,1397,250,0,0
stim,185801,215922,0,215922,3413239.455,-0.631,-0.037,0.163,0.758,3092,0,0,3153,39,1810,0,1709,42,0.999,1,2231,0,132.564,9.879,-32.500,-126.375,-23.375,-0.074,-0.129,0.898,9.750,-1.594,-1.488,0.438,0.258,1.306,1.408,2,NULL,NULL,,3,0,2,7,255,1397,250,0,0
stim,185801,215922,0,215922,3413244.454,-0.631,-0.034,0.159,0.758,3103,0,0,3156,105,1899,0,1756,42,0.999,1,2231,0,126.642,3.084,-26.750,-123.750,2.938,0.063,0.012,1.391,2.344,2.004,0.336,0.464,0.300,1.306,1.408,2,NULL,NULL,,3,0,2,7,255,1397,250,0,0
stim,185801,215922,0,215922,3413249.455,-0.631,-0.032,0.153,0.760,3097,0,0,3164,209,1989,0,1791,42,0.999,1,2231,0,144.933,4.258,-83.000,-116.875,21.375,-0.051,-0.137,1.465,2.344,3.555,3.039,0.498,0.352,1.306,1.408,2,NULL,NULL,,3,0,2,7,255,1397,250,0,0
stim,185841,215962,0,215962,3413254.453,-0.630,-0.031,0.147,0.762,3109,0,0,3177,339,2073,0,1831,42,0.999,1,2231,0,159.324,4.609,-109.000,-111.250,33.563,-0.016,-0.328,0.934,2.934,3.555,3.039,0.534,0.396,1.306,1.408,2,NULL,NULL,,3,0,2,7,255,1397,250,0,0
stim,185841,215962,0,215962,3413259.455,-0.630,-0.029,0.141,0.763,3111,0,0,3177,427,2127,0,1851,42,0.999,1,2231,0,136.182,4.896,-76.188,-107.313,35.000,-0.141,-0.395,0.699,4.066,2.727,-1.477,0.568,0.434,1.306,1.408,2,NULL,NULL,,3,0,2,7,255,1397,250,0,0
stim,185841,215962,0,215962,3413264.453,-0.629,-0.027,0.137,0.765,3113,0,0,3165,653,2227,1,1967,42,0.999,1,2231,0,113.835,4.189,-35.125,-105.250,25.438,-0.137,-0.195,0.832,4.066,1.008,-1.930,0.580,0.452,1.306,1.408,2,NULL,NULL,,3,0,2,7,255,1397,250,0,0
stim,185841,215962,0,215962,3413269.455,-0.629,-0.024,0.134,0.765,3115,0,0,3179,777,2280,127,2044,42,0.999,1,2231,0,103.481,3.054,-16.750,-100.875,15.875,-0.066,0.109,1.152,2.883,1.008,-1.930,0.576,0.458,1.306,1.408,2,NULL,NULL,,3,0,2,7,255,1397,250,0,0
stim,185841,215962,0,215962,3413274.454,-0.630,-0.021,0.132,0.765,3111,0,0,3171,923,2323,107,2121,42,0.999,1,2231,0,68.568,1.722,3.625,-66.313,-17.063,0.152,0.367,1.688,0.160,1.715,1.391,0.558,0.456,1.306,1.408,2,NULL,NULL,,3,0,2,7,255,1397,250,0,0
stim,185841,215962,0,215962,3413279.455,-0.631,-0.021,0.130,0.765,3111,0,0,3173,1063,2357,88,2168,42,0.999,1,2231,0,47.625,4.939,-19.688,-41.000,-14.125,0.496,0.535,1.258,-2.191,4.426,1.926,0.532,0.450,1.306,1.408,2,NULL,NULL,,3,0,2,7,255,1397,250,0,0
stim,185841,215962,0,215962,3413284.453,-0.631,-0.020,0.129,0.765,3113,0,0,3171,1149,2389,91,2204,42,0.999,1,2231,0,42.715,6.579,-16.500,-39.375,1.375,0.145,0.613,1.359,-4.867,4.426,3.715,0.498,0.428,1.306,1.408,2,NULL,NULL,,3,0,2,7,255,1397,250,0,0
stim,185841,215962,0,215962,3413289.455,-0.632,-0.020,0.126,0.765,3109,0,0,3165,1231,2405,97,2247,42,0.999,1,2231,0,59.173,5.790,-48.375,-24.500,-23.688,-0.297,0.254,1.328,-4.867,3.137,3.715,0.462,0.394,1.306,1.408,2,NULL,NULL,,3,0,2,7,255,1397,250,0,0
stim,185866,215987,0,215987,3413294.454,-0.633,-0.021,0.124,0.764,3109,0,0,3171,1293,2422,89,2291,42,0.999,1,2231,0,73.111,0.649,-56.875,-22.813,-39.875,-0.141,0.031,0.750,-0.637,0.125,3.715,0.420,0.348,1.306,1.408,2,NULL,NULL,,3,0,2,7,255,1397,250,0,0
stim,185866,215987,0,215987,3413299.455,-0.635,-0.021,0.122,0.763,3123,0,0,3167,1363,2447,67,2317,42,0.999,1,2231,0,55.798,0.512,-15.875,-21.313,-49.063,-0.105,0.043,0.867,0.496,0.125,-1.281,0.378,0.296,1.306,1.408,2,NULL,NULL,,3,0,2,7,255,1397,250,0,0
stim,185866,215987,0,215987,3413304.453,-0.637,-0.021,0.122,0.761,3111,0,0,3177,1447,2461,41,2334,42,0.999,1,2231,0,60.057,0.813,1.438,-15.750,-57.938,-0.016,0.211,1.125,0.496,0.645,-1.281,0.338,0.250,1.306,1.408,2,NULL,NULL,,3,0,2,7,255,1397,250,0,0
stim,185866,215987,0,215987,3413309.455,-0.639,-0.021,0.121,0.760,3111,0,0,3169,1510,2479,30,2361,42,0.999,1,2231,0,56.869,2.025,-18.625,-12.000,-52.375,0.004,0.281,1.156,-1.051,1.730,1.207,0.302,0.216,1.306,1.408,2,NULL,NULL,,3,0,2,7,255,1397,250,0,0
stim,185887,216008,0,216008,3413314.453,-0.640,-0.022,0.119,0.759,3116,3,0,3175,1573,2501,17,2393,42,0.999,1,2231,0,58.914,2.025,-40.063,-11.313,-41.688,-0.086,0.098,1.012,-1.051,1.730,1.207,0.274,0.198,1.306,1.408,2,NULL,NULL,,3,0,2,7,255,1397,250,0,0
stim,185887,216008,0,216008,3413319.455,-0.641,-0.023,0.117,0.758,3113,21,0,3175,1607,2507,5,2419,42,0.999,1,2231,0,55.524,1.008,-35.188,-11.750,-41.313,-0.156,0.035,0.887,-0.016,1.008,0.121,0.254,0.184,1.306,1.408,2,NULL,NULL,,3,0,2,7,255,1397,250,0,0
stim,185887,216008,0,216008,3413324.454,-0.643,-0.023,0.116,0.757,3115,28,0,3175,1643,2523,5,2431,42,0.999,1,2231,0,56.472,0.774,-17.750,-9.563,-52.750,-0.086,0.133,0.945,-0.016,0.773,-0.477,0.238,0.174,1.306,1.408,2,NULL,NULL,,3,0,2,7,255,1397,250,0,0
stim,185887,216008,0,216008,3413329.455,-0.645,-0.023,0.115,0.755,3114,51,9,3187,1684,2532,2,2455,42,0.999,1,2231,0,51.665,0.883,-12.375,-7.313,-49.625,0.031,0.121,1.055,-0.426,0.773,-0.477,0.228,0.160,1.306,1.408,2,NULL,NULL,,3,0,2,7,255,1397,250,0,0
stim,185887,216008,0,216008,3413334.453,-0.646,-0.023,0.114,0.755,3117,53,5,3183,1725,2547,0,2463,42,0.999,1,2231,0,35.499,2.175,-18.875,-5.125,-29.625,0.035,0.031,1.055,-0.426,2.133,0.270,0.222,0.144,1.306,1.408,2,NULL,NULL,,3,0,2,7,255,1397,250,0,0
stim,185887,216008,0,216008,3413339.455,-0.646,-0.024,0.113,0.754,3117,57,6,3179,1756,2551,0,2470,42,0.999,1,2231,0,25.885,2.143,-21.813,-4.688,-13.125,-0.094,0.063,0.980,0.211,2.133,0.270,0.214,0.130,1.306,1.408,2,NULL,NULL,,3,0,2,7,255,1397,250,0,0
stim,185936,216057,0,216057,3413344.454,-0.647,-0.024,0.112,0.754,3125,70,7,3183,1771,2571,0,2483,42,0.999,1,2231,0,22.144,0.900,-14.500,-4.250,-16.188,-0.195,0.145,0.973,0.211,0.875,0.020,0.208,0.120,1.306,1.408,2,NULL,NULL,,3,0,2,7,255,1397,250,0,0
stim,185936,216057,0,216057,3413349.455,-0.648,-0.024,0.112,0.753,3124,79,7,3189,1785,2571,0,2491,42,0.999,1,2231,0,29.859,0.426,-8.938,-3.688,-28.250,-0.176,0.156,1.020,-0.426,0.008,0.020,0.206,0.112,1.306,1.408,2,NULL,NULL,,3,0,2,7,255,1397,250,0,0
stim,185936,216057,0,216057,3413354.454,-0.649,-0.025,0.111,0.752,3119,102,41,3187,1811,2583,0,2495,42,0.999,1,2231,0,32.532,0.426,-10.375,-3.000,-30.688,-0.105,0.082,1.047,-0.426,0.008,0.441,0.208,0.104,1.306,1.408,2,NULL,NULL,,3,0,2,7,255,1397,250,0,0
stim,185936,216057,0,216057,3413359.455,-0.649,-0.025,0.111,0.752,3125,107,52,3188,1833,2578,0,2515,42,1.038,1,2231,1,25.570,0.842,-13.438,-2.375,-21.625,-0.098,0.012,1.004,0.063,0.840,0.441,0.000,0.000,1.267,1.339,2,NULL,NULL,,3,0,2,7,255,1397,250,0,0
stim,185936,216057,0,216057,3413364.454,-0.650,-0.025,0.110,0.752,3125,104,89,3195,1853,2585,0,2513,42,1.038,1,2231,1,19.057,1.088,-12.250,-2.875,-14.313,-0.168,0.016,0.969,0.691,0.840,-0.004,0.006,0.006,1.267,1.339,2,NULL,NULL,,3,0,2,7,255,1397,250,0,0
stim,185936,216057,0,216057,3413369.455,-0.650,-0.026,0.110,0.751,3123,116,99,3190,1875,2590,0,2519,42,1.038,1,2231,1,19.865,0.715,-10.188,-4.063,-16.563,-0.211,0.039,0.977,0.691,0.184,-0.027,0.012,0.012,1.267,1.339,2,NULL,NULL,,3,0,2,7,255,1397,250,0,0
stim,185936,216057,0,216057,3413374.454,-0.651,-0.026,0.109,0.751,3129,105,100,3191,1890,2600,0,2521,42,1.038,1,2231,1,23.951,0.729,-10.063,-4.563,-21.250,-0.180,0.016,0.984,0.723,0.094,-0.027,0.016,0.018,1.267,1.339,2,NULL,NULL,,3,0,2,7,255,1397,250,0,0
stim,185936,216057,0,216057,3413379.455,-0.652,-0.026,0.108,0.750,3127,110,145,3188,1901,2604,0,2532,42,1.038,1,2231,1,22.106,0.729,-10.688,-5.250,-18.625,-0.133,-0.016,0.984,0.723,0.094,-0.027,0.020,0.022,1.267,1.339,2,NULL,NULL,,3,0,2,7,255,1397,250,0,0
stim,185936,216057,0,216057,3413384.453,-0.652,-0.026,0.108,0.750,3113,122,143,3179,1917,2600,0,2533,42,1.038,1,2231,1,17.380,1.048,-11.125,-5.313,-12.250,-0.125,-0.012,0.973,0.879,0.570,-0.160,0.022,0.024,1.267,1.339,2,NULL,NULL,,3,0,2,7,255,1397,250,0,0
stim,185936,216057,0,216057,3413389.455,-0.653,-0.026,0.107,0.750,3111,127,141,3181,1917,2601,0,2540,42,1.038,1,2231,1,13.617,1.048,-9.688,-5.438,-7.875,-0.145,0.000,0.957,0.879,0.570,-0.258,0.022,0.026,1.267,1.339,2,NULL,NULL,,3,0,2,7,255,1397,250,0,0
stim,185959,216080,0,216080,3413394.453,-0.653,-0.027,0.107,0.750,3107,133,141,3171,1941,2607,0,2543,42,1.038,1,2231,1,11.730,0.858,-7.000,-5.688,-7.500,-0.160,0.020,0.977,0.773,0.371,-0.258,0.022,0.026,1.267,1.339,2,NULL,NULL,,3,0,2,7,255,1397,250,0,0
stim,185959,216080,0,216080,3413399.455,-0.653,-0.027,0.106,0.749,3103,123,143,3163,1955,2606,0,2543,42,1.038,1,2231,1,12.617,0.662,-6.313,-5.813,-9.250,-0.160,0.039,0.992,0.621,0.230,-0.148,0.022,0.026,1.267,1.339,2,NULL,NULL,,3,0,2,7,255,1397,250,0,0
stim,185959,216080,0,216080,3413404.454,-0.653,-0.027,0.106,0.749,3097,127,151,3155,1960,2617,0,2553,42,1.038,1,2231,1,12.715,0.493,-5.875,-5.875,-9.625,-0.156,0.051,0.984,0.438,0.227,-0.051,0.020,0.026,1.267,1.339,2,NULL,NULL,,3,0,2,7,255,1397,250,0,0
stim,185959,216080,0,216080,3413409.455,-0.654,-0.027,0.105,0.749,3107,126,211,3156,1978,2611,0,2568,42,1.038,1,2231,1,12.085,0.383,-4.750,-6.250,-9.188,-0.180,0.063,0.984,0.309,0.227,0.000,0.018,0.024,1.267,1.339,2,NULL,NULL,,3,0,2,7,255,1397,250,0,0
stim,185981,216102,0,216102,3413414.453,-0.654,-0.027,0.105,0.749,3095,125,227,3143,1989,2611,0,2557,42,1.038,1,2231,1,14.672,0.208,-4.313,-6.938,-12.188,-0.207,0.090,0.996,0.203,-0.043,0.000,0.014,0.022,1.267,1.339,2,NULL,NULL,,3,0,2,7,255,1397,250,0,0
stim,185981,216102,0,216102,3413419.455,-0.655,-0.027,0.105,0.748,3091,123,265,3129,1997,2611,0,2575,42,1.038,1,2231,1,19.367,0.219,-4.000,-7.563,-17.375,-0.199,0.109,1.008,0.000,-0.219,0.180,0.010,0.018,1.267,1.339,2,NULL,NULL,,3,0,2,7,255,1397,250,0,0
stim,185981,216102,0,216102,3413424.454,-0.655,-0.026,0.104,0.748,3083,123,293,3127,2010,2612,0,2579,42,1.038,1,2231,1,22.348,0.309,-4.188,-7.688,-20.563,-0.164,0.113,1.012,-0.219,-0.219,0.281,0.006,0.012,1.267,1.339,2,NULL,NULL,,3,0,2,7,255,1397,250,0,0
stim,185981,216102,0,216102,3413429.455,-0.656,-0.026,0.104,0.747,3069,117,308,3113,2036,2611,0,2579,42,1.038,1,2231,1,22.573,0.319,-4.438,-8.188,-20.563,-0.145,0.121,1.012,-0.309,0.082,0.281,0.008,0.010,1.267,1.339,2,NULL,NULL,,3,0,2,7,255,1397,250,0,0
stim,186003,216124,0,216124,3413434.453,-0.657,-0.026,0.103,0.746,3079,117,329,3113,2055,2615,0,2587,42,1.038,1,2231,1,21.479,0.496,-4.688,-8.000,-19.375,-0.133,0.133,1.008,-0.422,0.262,0.262,0.014,0.008,1.267,1.339,2,NULL,NULL,,3,0,2,7,255,1397,250,0,0
stim,186003,216124,0,216124,3413439.455,-0.657,-0.026,0.103,0.746,3064,118,359,3097,2075,2621,0,2601,42,1.038,1,2231,1,20.200,0.619,-4.563,-8.625,-17.688,-0.137,0.148,1.008,-0.539,0.305,0.238,0.020,0.010,1.267,1.339,2,NULL,NULL,,3,0,2,7,255,1397,250,0,0
stim,186036,216157,0,216157,3413444.453,-0.658,-0.026,0.103,0.746,3047,117,393,3077,2103,2619,0,2603,42,1.038,1,2231,1,18.682,0.759,-5.625,-9.313,-15.188,-0.145,0.168,1.004,-0.695,0.305,0.230,0.026,0.014,1.267,1.339,2,NULL,NULL,,3,0,2,7,255,1397,250,0,0
stim,186036,216157,0,216157,3413449.455,-0.658,-0.026,0.102,0.745,3035,115,412,3067,2125,2616,0,2617,42,1.038,1,2231,1,17.852,0.898,-5.250,-10.188,-13.688,-0.168,0.191,0.992,-0.883,0.164,0.230,0.032,0.018,1.267,1.339,2,NULL,NULL,,3,0,2,7,255,1397,250,0,0
stim,186036,216157,0,216157,3413454.454,-0.659,-0.025,0.102,0.745,3029,122,439,3059,2153,2617,0,2619,42,1.038,1,2231,1,18.098,1.097,-4.125,-11.250,-13.563,-0.176,0.219,1.012,-1.094,-0.090,0.230,0.036,0.020,1.267,1.339,2,NULL,NULL,,3,0,2,7,255,1397,250,0,0
stim,186036,216157,0,216157,3413459.455,-0.659,-0.025,0.101,0.745,3013,123,485,3038,2197,2619,0,2635,42,1.038,1,2231,1,19.477,1.351,-6.063,-11.813,-14.250,-0.156,0.238,1.035,-1.348,-0.090,0.383,0.040,0.024,1.267,1.339,2,NULL,NULL,,3,0,2,7,255,1397,250,0,0
stim,186036,216157,0,216157,3413464.453,-0.660,-0.025,0.101,0.744,2985,134,601,3026,2223,2623,0,2648,42,1.038,1,2231,1,19.575,1.441,-9.625,-11.313,-12.750,-0.121,0.223,1.031,-1.441,0.016,0.484,0.042,0.026,1.267,1.339,2,NULL,NULL,,3,0,2,7,255,1397,250,0,0
stim,186036,216157,0,216157,3413469.455,-0.660,-0.025,0.100,0.744,2975,136,645,3027,2251,2629,0,2667,42,1.038,1,2231,1,19.189,1.464,-12.438,-12.188,-8.063,-0.133,0.168,1.004,-1.441,0.254,0.484,0.044,0.028,1.267,1.339,2,NULL,NULL,,3,0,2,7,255,1397,250,0,0
stim,186056,216177,0,216177,3413474.454,-0.660,-0.025,0.099,0.744,2969,133,677,2997,2293,2629,0,2669,42,1.038,1,2231,1,18.727,0.952,-12.438,-12.125,-7.000,-0.156,0.129,0.973,-0.918,0.254,0.188,0.046,0.030,1.267,1.339,2,NULL,NULL,,3,0,2,7,255,1397,250,0,0
stim,186056,216177,0,216177,3413479.455,-0.661,-0.025,0.099,0.744,2943,147,721,2987,2323,2629,0,2684,42,1.038,1,2231,1,18.642,0.547,-10.125,-11.938,-10.125,-0.176,0.121,0.973,-0.547,-0.023,-0.082,0.046,0.030,1.267,1.339,2,NULL,NULL,,3,0,2,7,255,1397,250,0,0
stim,186056,216177,0,216177,3413484.453,-0.661,-0.024,0.098,0.743,2927,157,781,2972,2356,2629,0,2693,42,1.038,1,2231,1,20.934,0.467,-7.188,-11.250,-16.125,-0.176,0.113,0.980,-0.438,-0.164,-0.082,0.044,0.030,1.267,1.339,2,NULL,NULL,,3,0,2,7,255,1397,250,0,0
stim,186056,216177,0,216177,3413489.455,-0.662,-0.024,0.097,0.743,2914,168,825,2963,2397,2633,0,2711,42,1.038,1,2231,1,24.827,0.467,-5.625,-10.438,-21.813,-0.156,0.117,1.000,-0.438,-0.164,0.008,0.042,0.028,1.267,1.339,2,NULL,NULL,,3,0,2,7,255,1397,250,0,0
stim,186056,216177,0,216177,3413494.453,-0.663,-0.024,0.097,0.742,2907,169,911,2953,2429,2635,19,2713,42,1.038,1,2231,1,26.580,0.443,-12.063,-9.938,-21.500,-0.117,0.117,1.039,-0.441,0.035,0.156,0.040,0.028,1.267,1.339,2,NULL,NULL,,3,0,2,7,255,1397,250,0,0
stim,186056,216177,0,216177,3413499.455,-0.663,-0.025,0.096,0.742,2877,175,973,2925,2459,2634,31,2720,42,1.038,1,2231,1,28.749,0.530,-22.063,-10.625,-15.063,-0.137,0.004,0.980,-0.441,0.293,0.156,0.038,0.028,1.267,1.339,2,NULL,NULL,,3,0,2,7,255,1397,250,0,0
stim,186056,216177,0,216177,3413504.454,-0.664,-0.025,0.094,0.742,2859,172,1081,2917,2489,2645,58,2733,42,1.038,1,2231,1,27.393,0.687,-20.875,-12.000,-13.063,-0.199,-0.027,0.914,0.621,0.293,-0.133,0.038,0.028,1.267,1.339,2,NULL,NULL,,3,0,2,7,255,1397,250,0,0
stim,186056,216177,0,216177,3413509.455,-0.664,-0.025,0.094,0.741,2839,183,1167,2907,2514,2639,71,2763,42,1.038,1,2231,1,27.436,0.749,-12.563,-13.313,-20.438,-0.211,0.016,0.918,0.621,-0.418,-0.629,0.036,0.028,1.267,1.339,2,NULL,NULL,,3,0,2,7,255,1397,250,0,0
stim,186086,216207,0,216207,3413514.453,-0.665,-0.025,0.093,0.740,2814,197,1239,2879,2541,2639,157,2761,42,1.038,1,2231,1,31.518,0.673,-6.750,-14.563,-27.125,-0.160,0.039,0.957,0.527,-0.418,-0.629,0.036,0.028,1.267,1.339,2,NULL,NULL,,3,0,2,7,255,1397,250,0,0
stim,186086,216207,0,216207,3413519.455,-0.666,-0.025,0.092,0.740,2792,211,1307,2860,2579,2647,189,2773,42,1.038,1,2231,1,30.557,0.339,-7.438,-15.000,-25.563,-0.105,0.023,0.992,0.336,-0.043,-0.301,0.036,0.026,1.267,1.339,2,NULL,NULL,,3,0,2,7,255,1397,250,0,0
stim,186086,216207,0,216207,3413524.454,-0.667,-0.025,0.091,0.739,2776,221,1381,2853,2596,2650,245,2782,42,1.038,1,2231,1,27.284,0.564,-11.563,-14.938,-19.688,-0.113,-0.004,0.992,0.336,0.453,-0.078,0.036,0.024,1.267,1.339,2,NULL,NULL,,3,0,2,7,255,1397,250,0,0
stim,186086,216207,0,216207,3413529.455,-0.667,-0.025,0.090,0.739,2761,224,1465,2836,2619,2653,299,2795,42,1.038,1,2231,1,26.817,0.627,-13.500,-15.188,-17.500,-0.145,0.016,0.973,0.434,0.453,-0.078,0.038,0.022,1.267,1.339,2,NULL,NULL,,3,0,2,7,255,1397,250,0,0
stim,186087,216208,0,216208,3413534.453,-0.668,-0.025,0.089,0.738,2724,233,1523,2811,2645,2651,341,2807,42,1.038,1,2231,1,27.748,0.446,-10.625,-16.188,-19.875,-0.148,0.031,0.945,0.434,0.105,-0.203,0.038,0.022,1.267,1.339,2,NULL,NULL,,3,0,2,7,255,1397,250,0,0
stim,186087,216208,0,216208,3413539.455,-0.669,-0.024,0.089,0.738,2709,235,1593,2801,2663,2659,374,2815,42,1.038,1,2231,1,28.565,0.261,-6.563,-16.500,-22.375,-0.105,0.066,0.969,0.238,0.105,-0.258,0.040,0.022,1.267,1.339,2,NULL,NULL,,3,0,2,7,255,1397,250,0,0
stim,186109,216230,0,216230,3413544.453,-0.669,-0.024,0.088,0.737,2669,237,1653,2775,2683,2653,439,2837,42,1.038,1,2231,1,25.269,0.408,-6.500,-16.500,-18.000,-0.078,0.070,0.996,-0.141,0.383,-0.258,0.042,0.022,1.267,1.339,2,NULL,NULL,,3,0,2,7,255,1397,250,0,0
stim,186109,216230,0,216230,3413549.455,-0.670,-0.024,0.087,0.737,2641,239,1725,2757,2703,2665,502,2836,42,1.038,1,2231,1,21.840,0.584,-7.875,-15.938,-12.688,-0.090,0.063,0.996,-0.141,0.566,-0.031,0.044,0.020,1.267,1.339,2,NULL,NULL,,3,0,2,7,255,1397,250,0,0
stim,186140,216261,0,216261,3413554.454,-0.670,-0.023,0.086,0.737,2615,239,1783,2735,2712,2667,595,2855,42,1.038,1,2231,1,20.826,0.588,-7.688,-15.750,-11.250,-0.117,0.070,0.992,-0.156,0.566,-0.023,0.044,0.020,1.267,1.339,2,NULL,NULL,,3,0,2,7,255,1397,250,0,0
stim,186140,216261,0,216261,3413559.458,-0.671,-0.023,0.085,0.736,2581,245,1833,2719,2725,2663,698,2853,42,1.038,1,2231,1,21.882,0.339,-8.000,-15.250,-13.500,-0.113,0.090,0.996,-0.156,0.301,-0.020,0.044,0.020,1.267,1.339,2,NULL,NULL,,3,0,2,7,255,1397,250,0,0
stim,186140,216261,0,216261,3413564.453,-0.671,-0.023,0.085,0.736,2541,240,1892,2705,2739,2665,781,2873,42,1.038,1,2231,1,22.192,0.315,-9.188,-14.563,-14.000,-0.121,0.066,0.996,-0.156,0.273,0.020,0.046,0.020,1.267,1.339,2,NULL,NULL,,3,0,2,7,255,1397,250,0,0
stim,186140,216261,0,216261,3413569.455,-0.672,-0.023,0.084,0.736,2514,242,1947,2685,2761,2673,901,2873,42,1.038,1,2231,1,21.083,0.327,-8.688,-15.000,-12.000,-0.113,0.008,0.977,-0.145,0.293,0.020,0.044,0.020,1.267,1.339,2,NULL,NULL,,3,0,2,7,255,1397,250,0,0
stim,186140,216261,0,216261,3413574.454,-0.672,-0.022,0.083,0.736,2469,245,1991,2653,2770,2679,957,2883,42,1.038,1,2231,1,19.332,0.374,-6.750,-15.188,-9.875,-0.121,0.020,0.977,0.301,0.223,-0.188,0.044,0.018,1.267,1.339,2,NULL,NULL,,3,0,2,7,255,1397,250,0,0
stim,186140,216261,0,216261,3413579.455,-0.672,-0.022,0.082,0.735,2429,242,2055,2633,2781,2668,1035,2895,42,1.038,1,2231,1,19.243,0.367,-5.063,-16.813,-7.875,-0.156,0.035,0.996,0.301,0.211,-0.188,0.044,0.018,1.267,1.339,2,NULL,NULL,,3,0,2,7,255,1397,250,0,0
stim,186140,216261,0,216261,3413584.453,-0.673,-0.022,0.082,0.735,2379,239,2096,2600,2787,2670,1107,2895,42,1.038,1,2231,1,22.178,0.189,-7.125,-15.875,-13.750,-0.148,0.074,1.016,0.172,-0.078,0.059,0.042,0.018,1.267,1.339,2,NULL,NULL,,3,0,2,7,255,1397,250,0,0
stim,186140,216261,0,216261,3413589.455,-0.673,-0.021,0.081,0.735,2333,244,2142,2568,2803,2671,1199,2913,42,1.038,1,2231,1,23.986,0.229,-8.125,-16.750,-15.125,-0.113,0.074,1.016,-0.215,-0.078,0.230,0.042,0.018,1.267,1.339,2,NULL,NULL,,3,0,2,7,255,1397,250,0,0
stim,186168,216289,0,216289,3413594.454,-0.674,-0.021,0.080,0.734,2278,245,2199,2523,2825,2681,1317,2905,42,1.038,1,2231,1,24.228,0.315,-10.938,-16.313,-14.188,-0.105,0.066,1.016,-0.215,0.230,0.230,0.042,0.020,1.267,1.339,2,NULL,NULL,,3,0,2,7,255,1397,250,0,0
stim,186168,216289,0,216289,3413599.455,-0.674,-0.021,0.079,0.734,2217,248,2233,2479,2835,2677,1394,2915,42,1.038,1,2231,1,23.427,0.297,-12.125,-16.375,-11.563,-0.117,0.047,0.992,-0.188,0.230,0.203,0.042,0.020,1.267,1.339,2,NULL,NULL,,3,0,2,7,255,1397,250,0,0
stim,186168,216289,0,216289,3413604.453,-0.675,-0.021,0.078,0.734,2158,245,2263,2445,2839,2679,1481,2916,42,1.038,1,2231,1,22.801,0.157,-10.813,-16.625,-11.250,-0.125,0.008,0.973,0.012,0.156,-0.027,0.042,0.020,1.267,1.339,2,NULL,NULL,,3,0,2,7,255,1397,250,0,0
stim,186168,216289,0,216289,3413609.455,-0.675,-0.021,0.077,0.733,2099,246,2291,2391,2851,2680,1556,2923,42,1.038,1,2231,1,21.881,0.367,-7.438,-16.938,-11.688,-0.121,0.000,0.977,0.352,0.105,-0.172,0.042,0.022,1.267,1.339,2,NULL,NULL,,3,0,2,7,255,1397,250,0,0
stim,186168,216289,0,216289,3413614.453,-0.675,-0.020,0.077,0.733,2020,239,2327,2329,2869,2680,1661,2933,42,1.038,1,2231,1,21.590,0.367,-4.750,-17.563,-11.625,-0.113,0.016,0.988,0.352,0.105,-0.172,0.042,0.022,1.267,1.339,2,NULL,NULL,,3,0,2,7,255,1397,250,0,0
stim,186168,216289,0,216289,3413619.455,-0.676,-0.020,0.076,0.733,1949,239,2361,2268,2875,2683,1735,2941,42,1.038,1,2231,1,21.266,0.334,-4.125,-17.688,-11.063,-0.105,0.047,1.008,0.281,0.180,-0.070,0.044,0.020,1.267,1.339,2,NULL,NULL,,3,0,2,7,255,1397,250,0,0
stim,186191,216312,0,216312,3413624.454,-0.676,-0.020,0.075,0.733,1882,233,2377,2181,2878,2681,1783,2937,42,1.038,1,2231,1,21.346,0.189,-6.188,-17.563,-10.438,-0.109,0.055,1.023,-0.023,0.188,0.105,0.046,0.020,1.267,1.339,2,NULL,NULL,,3,0,2,7,255,1397,250,0,0
stim,186191,216312,0,216312,3413629.455,-0.677,-0.019,0.074,0.732,1801,235,2403,2100,2893,2682,1848,2941,42,1.038,1,2231,1,22.185,0.248,-9.375,-17.688,-9.563,-0.094,0.047,1.023,-0.070,0.238,0.258,0.048,0.020,1.267,1.339,2,NULL,NULL,,3,0,2,7,255,1397,250,0,0
stim,186191,216312,0,216312,3413634.453,-0.677,-0.019,0.073,0.732,1685,227,2415,2026,2889,2685,1901,2950,42,1.038,1,2231,1,24.549,0.200,-14.250,-17.688,-9.313,-0.129,0.027,1.043,-0.070,0.188,0.293,0.048,0.020,1.267,1.339,2,NULL,NULL,,3,0,2,7,255,1397,250,0,0
stim,186191,216312,0,216312,3413639.455,-0.677,-0.019,0.072,0.732,1559,203,2428,1929,2917,2697,1955,2953,42,1.038,1,2231,1,29.353,0.084,-19.375,-18.250,-12.375,-0.145,0.035,1.027,0.082,0.016,0.371,0.050,0.020,1.267,1.339,2,NULL,NULL,,3,0,2,7,255,1397,250,0,0
stim,186237,216358,0,216358,3413644.454,-0.678,-0.019,0.071,0.732,1401,181,2455,1836,2909,2684,2006,2953,42,1.038,1,2231,1,32.181,0.096,-20.125,-18.250,-17.250,-0.125,0.055,0.996,0.082,-0.051,0.371,0.050,0.022,1.267,1.339,2,NULL,NULL,,3,0,2,7,255,1397,250,0,0
stim,186237,216358,1,216358,3413649.455,-0.678,-0.019,0.070,0.731,1319,169,2475,1711,2919,2679,2057,2963,42,1.038,1,2231,1,29.973,0.187,-15.563,-18.938,-17.250,-0.094,0.078,0.973,-0.180,-0.051,0.027,0.054,0.022,1.267,1.339,2,NULL,NULL,,3,1,2,7,255,1397,250,0,0
stim,186237,216358,1,216358,3413654.453,-0.679,-0.019,0.069,0.731,1207,157,2484,1589,2933,2679,2121,2968,42,1.038,1,2231,1,26.310,0.362,-9.813,-19.063,-15.250,-0.082,0.063,0.988,-0.313,0.184,-0.102,0.056,0.024,1.267,1.339,2,NULL,NULL,,3,1,2,7,255,1397,250,0,0
stim,186237,216358,1,216358,3413659.455,-0.679,-0.018,0.068,0.730,1067,108,2501,1438,2931,2677,2151,2971,42,1.038,1,2231,1,24.312,0.439,-8.625,-19.188,-12.188,-0.086,0.023,1.023,-0.313,0.309,-0.102,0.058,0.026,1.267,1.339,2,NULL,NULL,,3,1,2,7,255,1397,250,0,0
stim,186237,216358,1,216358,3413664.454,-0.680,-0.018,0.067,0.730,937,94,2515,1261,2935,2669,2193,2975,42,1.038,1,2231,1,24.384,0.323,-10.438,-19.375,-10.500,-0.117,0.000,1.035,0.094,0.309,0.238,0.060,0.028,1.267,1.339,2,NULL,NULL,,3,1,2,7,255,1397,250,0,0
stim,186237,216358,1,216358,3413669.455,-0.680,-0.018,0.066,0.730,775,73,2526,1107,2943,2667,2223,2981,42,1.038,1,2231,1,25.631,0.235,-12.563,-20.250,-9.438,-0.148,0.012,1.035,0.230,0.047,0.379,0.062,0.030,1.267,1.339,2,NULL,NULL,,3,1,2,7,255,1397,250,0,0
stim,186237,216358,1,216358,3413674.454,-0.681,-0.018,0.065,0.730,613,39,2539,971,2953,2664,2261,2983,42,1.038,1,2231,1,29.868,0.370,-15.750,-21.000,-14.250,-0.164,0.055,1.055,0.230,-0.289,0.414,0.064,0.032,1.267,1.339,2,NULL,NULL,,3,1,2,7,255,1397,250,0,0
stim,186237,216358,1,216358,3413679.455,-0.681,-0.018,0.064,0.729,503,19,2555,825,2963,2660,2298,2987,42,1.038,1,2231,1,36.867,0.367,-19.625,-21.563,-22.563,-0.145,0.074,1.055,-0.164,-0.328,0.621,0.068,0.034,1.267,1.339,2,NULL,NULL,,3,1,2,7,255,1397,250,0,0
stim,186237,216358,1,216358,3413684.453,-0.682,-0.018,0.062,0.728,370,2,2572,664,2971,2657,2325,2988,42,1.038,1,2231,1,40.679,0.528,-20.875,-22.438,-26.750,-0.105,0.082,1.027,-0.414,-0.328,0.621,0.072,0.036,1.267,1.339,2,NULL,NULL,,3,1,2,7,255,1397,250,0,0
stim,186237,216358,1,216358,3413689.455,-0.683,-0.017,0.061,0.728,239,0,2585,485,2975,2648,2349,2988,42,1.038,1,2231,1,39.599,0.415,-19.063,-22.563,-26.375,-0.086,0.059,1.016,-0.414,0.020,0.316,0.076,0.038,1.267,1.339,2,NULL,NULL,,3,1,2,7,255,1397,250,0,0
stim,186267,216388,1,216388,3413694.454,-0.684,-0.017,0.060,0.727,137,0,2598,331,2983,2635,2393,2991,42,1.038,1,2231,1,37.170,0.329,-17.250,-23.438,-23.125,-0.113,0.047,1.051,-0.328,0.020,0.316,0.082,0.042,1.267,1.339,2,NULL,NULL,,3,1,2,7,255,1397,250,0,0
stim,186267,216388,1,216388,3413699.455,-0.685,-0.017,0.058,0.726,56,0,2616,200,2984,2623,2441,3001,42,1.038,1,2231,1,41.725,0.236,-21.500,-24.813,-25.750,-0.145,0.043,1.063,-0.227,-0.066,0.539,0.084,0.046,1.267,1.339,2,NULL,NULL,,3,1,2,7,255,1397,250,0,0
stim,186267,216388,1,216388,3413704.453,-0.686,-0.017,0.057,0.726,27,0,2635,123,2991,2615,2471,3005,42,1.038,1,2231,1,46.976,0.407,-22.750,-26.250,-31.625,-0.172,0.012,1.055,-0.184,-0.363,0.633,0.088,0.050,1.267,1.339,2,NULL,NULL,,3,1,2,7,255,1397,250,0,0
stim,186267,216388,1,216388,3413709.455,-0.687,-0.017,0.055,0.725,5,0,2647,71,2999,2600,2501,3013,42,1.038,1,2231,1,51.199,0.386,-20.875,-29.750,-36.063,-0.141,0.012,1.039,0.074,-0.379,0.633,0.088,0.054,1.267,1.339,2,NULL,NULL,,3,1,2,7,255,1397,250,0,0
stim,186268,216389,1,216389,3413714.454,-0.688,-0.017,0.053,0.723,0,0,2653,0,3007,2585,2524,3013,42,1.038,1,2231,1,62.651,0.386,-23.625,-31.375,-48.813,-0.059,0.023,0.988,0.074,-0.379,0.453,0.084,0.058,1.267,1.339,2,NULL,NULL,,3,1,2,7,255,1397,250,0,0
stim,186268,216389,1,216389,3413719.455,-0.690,-0.016,0.052,0.722,0,0,2669,0,3013,2569,2547,3017,42,1.038,1,2231,0,57.764,0.145,-14.313,-33.688,-44.688,-0.074,0.012,0.988,0.008,0.145,-0.094,0.078,0.062,1.267,1.339,3,NULL,NULL,,3,1,2,7,255,1397,250,0,0
stim,186289,216410,1,216410,3413724.454,-0.691,-0.015,0.051,0.721,0,0,2681,0,3020,2542,2577,3019,42,1.038,1,2231,0,49.416,0.181,-0.438,-39.313,-29.938,-0.156,0.043,1.090,-0.109,0.145,-0.094,0.074,0.066,1.267,1.339,3,NULL,NULL,,3,1,2,7,255,1397,250,0,0
stim,186289,216410,1,216410,3413729.455,-0.692,-0.014,0.049,0.720,0,0,2695,0,3034,2521,2599,3020,42,1.038,1,2231,0,54.194,0.658,-3.000,-41.000,-35.313,-0.199,0.105,1.180,-0.266,-0.602,0.957,0.070,0.070,1.267,1.339,3,NULL,NULL,,3,1,2,7,255,1397,250,0,0
stim,186289,216410,1,216410,3413734.454,-0.693,-0.013,0.048,0.719,0,0,2709,0,3032,2501,2619,3025,42,1.038,1,2231,0,61.621,1.035,-6.688,-45.000,-41.563,-0.277,0.039,1.230,-0.266,-1.000,1.902,0.066,0.076,1.267,1.339,3,NULL,NULL,,3,1,2,7,255,1397,250,0,0
stim,186289,216410,1,216410,3413739.455,-0.695,-0.012,0.046,0.718,0,0,2715,0,3037,2471,2639,3025,42,1.038,1,2231,0,71.531,1.109,-13.063,-50.750,-48.688,-0.164,0.066,1.215,-0.480,-1.000,2.199,0.062,0.082,1.267,1.339,3,NULL,NULL,,3,1,2,7,255,1397,250,0,0
stim,186336,216457,1,216457,3413744.453,-0.696,-0.010,0.044,0.716,0,0,2727,0,3001,2452,2660,3027,42,1.038,1,2231,0,68.657,0.769,-12.063,-52.250,-42.875,-0.137,0.043,1.199,-0.273,-0.719,2.199,0.060,0.088,1.267,1.339,3,NULL,NULL,,3,1,2,7,255,1397,250,0,0
stim,186336,216457,1,216457,3413749.455,-0.697,-0.008,0.042,0.716,0,0,2731,0,3045,2424,2677,3029,42,1.038,1,2231,0,65.493,0.865,13.813,-59.625,-23.313,-0.188,0.098,1.348,-0.480,-0.719,2.199,0.058,0.094,1.267,1.339,3,NULL,NULL,,3,1,2,7,255,1397,250,0,0
stim,186336,216457,1,216457,3413754.454,-0.697,-0.005,0.041,0.716,0,0,2739,0,3050,2389,2697,3029,42,1.038,1,2231,0,69.014,0.911,9.500,-68.188,4.813,-0.078,0.289,1.395,-0.762,-0.500,3.527,0.058,0.102,1.267,1.339,3,NULL,NULL,,3,1,2,7,255,1397,250,0,0
stim,186336,216457,1,216457,3413759.455,-0.697,-0.004,0.038,0.716,0,0,2739,0,3053,2349,2719,3029,42,1.038,1,2231,0,74.494,1.580,-35.250,-65.500,4.063,-0.070,0.172,1.246,-1.578,-0.066,3.527,0.058,0.108,1.267,1.339,3,NULL,NULL,,3,1,2,7,255,1397,250,0,0
stim,186336,216457,1,216457,3413764.454,-0.697,-0.004,0.035,0.717,0,0,2745,0,3053,2297,2739,3029,42,1.038,1,2231,0,80.989,1.580,-42.750,-68.188,9.063,-0.141,0.004,1.070,-1.578,-0.066,2.438,0.060,0.114,1.267,1.339,3,NULL,NULL,,3,1,2,7,255,1397,250,0,0
stim,186336,216457,1,216457,3413769.455,-0.696,-0.002,0.032,0.717,0,0,2749,0,3061,2246,2761,3028,42,1.038,1,2231,0,78.372,0.844,-23.438,-73.625,13.125,-0.180,-0.063,0.988,0.031,-0.844,0.738,0.062,0.120,1.267,1.339,3,NULL,NULL,,3,1,2,7,255,1397,250,0,0
stim,186356,216477,1,216477,3413774.454,-0.696,-0.000,0.029,0.717,0,0,2749,0,3068,2191,2779,3028,42,1.038,1,2231,0,77.424,1.456,-6.188,-77.063,4.188,-0.191,-0.055,1.012,0.613,-1.320,0.176,0.066,0.128,1.267,1.339,3,NULL,NULL,,3,1,2,7,255,1397,250,0,0
stim,186356,216477,1,216477,3413779.455,-0.696,0.002,0.027,0.717,0,0,2749,0,3068,2126,2793,3027,42,1.038,1,2231,0,80.684,1.456,-1.188,-80.438,-6.188,-0.137,-0.039,1.098,0.613,-1.320,0.176,0.070,0.134,1.267,1.339,3,NULL,NULL,,3,1,2,7,255,1397,250,0,0
stim,186356,216477,1,216477,3413784.454,-0.696,0.005,0.024,0.717,0,0,2745,0,3059,2041,2799,3025,42,1.038,1,2231,0,83.384,1.078,-3.250,-83.313,-1.188,-0.070,-0.008,1.137,0.430,-0.988,0.996,0.074,0.140,1.267,1.339,3,NULL,NULL,,3,1,2,7,255,1397,250,0,0
stim,186356,216477,1,216477,3413789.455,-0.696,0.007,0.021,0.717,0,0,2743,0,3081,1960,2823,3025,42,1.038,1,2231,0,84.910,0.435,-6.313,-84.500,5.438,-0.059,0.012,1.133,0.090,-0.426,1.297,0.080,0.146,1.267,1.339,3,NULL,NULL,,3,1,2,7,255,1397,250,0,0
stim,186356,216477,1,216477,3413794.453,-0.696,0.010,0.018,0.718,0,0,2735,0,3087,1851,2838,3020,42,1.038,1,2231,0,88.099,0.432,-9.000,-87.188,8.875,-0.063,0.035,1.129,-0.070,-0.426,1.297,0.088,0.152,1.267,1.339,3,NULL,NULL,,3,1,2,7,255,1397,250,0,0
stim,186356,216477,1,216477,3413799.455,-0.696,0.012,0.015,0.718,0,0,2729,0,3087,1756,2852,3017,42,1.038,1,2231,0,90.988,0.642,-11.250,-89.313,13.250,-0.070,0.059,1.117,-0.336,-0.547,1.254,0.096,0.158,1.267,1.339,3,NULL,NULL,,3,1,2,7,255,1397,250,0,0
stim,186356,216477,1,216477,3413804.454,-0.695,0.015,0.013,0.719,0,0,2717,0,3087,1658,2861,3016,42,1.038,1,2231,0,94.590,0.885,-8.438,-93.250,13.438,-0.102,0.059,1.105,-0.543,-0.699,1.133,0.104,0.164,1.267,1.339,3,NULL,NULL,,3,1,2,7,255,1397,250,0,0
stim,186356,216477,1,216477,3413809.455,-0.695,0.018,0.010,0.719,0,0,2709,0,3096,1509,2877,3013,42,1.038,1,2231,0,98.227,1.145,-5.438,-97.063,14.063,-0.082,0.066,1.117,-0.543,-1.008,1.133,0.114,0.170,1.267,1.339,3,NULL,NULL,,3,1,2,7,255,1397,250,0,0
stim,186384,216505,1,216505,3413814.453,-0.694,0.021,0.006,0.720,0,0,2697,0,3098,1355,2890,3007,42,1.038,1,2231,0,102.131,1.184,-3.500,-100.688,16.750,-0.066,0.086,1.164,-0.621,-1.008,1.148,0.126,0.176,1.267,1.339,3,NULL,NULL,,3,1,2,7,255,1397,250,0,0
stim,186384,216505,1,216505,3413819.455,-0.693,0.024,0.003,0.720,0,0,2683,0,3099,1178,2901,3001,42,1.038,1,2231,0,106.605,1.247,-7.313,-104.563,19.438,-0.031,0.098,1.176,-0.805,-0.953,1.570,0.136,0.184,1.267,1.339,3,NULL,NULL,,3,1,2,7,255,1397,250,0,0
stim,186413,216534,1,216534,3413824.454,-0.693,0.027,-0.000,0.721,0,0,2662,0,3101,979,2907,2995,42,1.038,1,2231,0,110.881,1.197,-13.313,-107.500,23.688,-0.008,0.105,1.152,-0.945,-0.734,1.570,0.148,0.196,1.267,1.339,3,NULL,NULL,,3,1,2,7,255,1397,250,0,0
stim,186413,216534,1,216534,3413829.455,-0.691,0.030,-0.004,0.722,0,0,2642,0,3103,797,2919,2988,42,1.038,1,2231,0,116.724,1.198,-14.000,-111.500,31.563,0.008,0.121,1.168,-1.027,-0.617,1.613,0.162,0.208,1.267,1.339,3,NULL,NULL,,3,1,2,7,255,1397,250,0,0
stim,186438,216559,1,216559,3413834.454,-0.690,0.033,-0.008,0.723,0,0,2613,0,3104,650,2930,2982,42,1.038,1,2231,0,121.888,1.349,-18.688,-114.563,37.188,-0.020,0.145,1.168,-1.199,-0.617,1.609,0.176,0.220,1.267,1.339,3,NULL,NULL,,3,1,2,7,255,1397,250,0,0
stim,186438,216559,1,216559,3413839.455,-0.689,0.036,-0.012,0.724,0,0,2587,0,3109,523,2935,2971,42,1.038,1,2231,0,126.763,1.722,-19.875,-118.313,40.938,-0.031,0.176,1.188,-1.418,-0.977,1.613,0.192,0.234,1.267,1.339,3,NULL,NULL,,3,1,2,7,255,1397,250,0,0
stim,186438,216559,1,216559,3413844.453,-0.687,0.039,-0.016,0.725,0,0,2567,0,3103,402,2943,2953,42,1.038,1,2231,0,131.175,2.136,-26.313,-121.688,41.313,-0.074,0.180,1.176,-1.746,-1.230,1.625,0.210,0.252,1.267,1.339,3,NULL,NULL,,3,1,2,7,255,1397,250,0,0
stim,186438,216559,1,216559,3413849.455,-0.686,0.042,-0.021,0.726,0,0,2524,0,3103,263,2955,2952,42,1.038,1,2231,0,130.777,2.489,-23.750,-125.188,29.438,-0.129,0.137,1.141,-1.746,-1.773,1.625,0.232,0.274,1.267,1.339,3,NULL,NULL,,3,1,2,7,255,1397,250,0,0
stim,186438,216559,1,216559,3413854.454,-0.685,0.045,-0.025,0.726,0,0,2489,0,3113,157,2955,2919,42,1.038,1,2231,0,133.099,2.717,-19.688,-130.500,17.250,-0.113,0.059,1.180,-1.348,-2.359,1.574,0.256,0.298,1.267,1.339,3,NULL,NULL,,3,1,2,7,255,1397,250,0,0
stim,186438,216559,1,216559,3413859.457,-0.685,0.049,-0.029,0.727,0,0,2443,0,3107,103,2967,2914,42,1.038,1,2231,0,138.060,2.434,-19.375,-135.813,15.500,-0.047,0.027,1.246,-0.598,-2.359,1.574,0.280,0.324,1.267,1.339,3,NULL,NULL,,3,1,2,7,255,1397,250,0,0
stim,186438,216559,1,216559,3413864.453,-0.684,0.053,-0.034,0.727,0,0,2361,0,3109,38,2969,2887,42,1.038,1,2231,0,143.613,2.145,-22.125,-140.438,20.313,-0.043,0.039,1.336,-0.465,-2.094,2.262,0.310,0.354,1.267,1.339,3,NULL,NULL,,3,1,2,7,255,1397,250,0,0
stim,186438,216559,1,216559,3413869.455,-0.683,0.056,-0.039,0.728,0,0,2287,0,3106,0,2971,2857,42,1.038,1,2231,0,150.757,2.145,-29.438,-145.438,26.625,-0.102,0.043,1.402,-0.465,-2.094,3.121,0.340,0.386,1.267,1.339,3,NULL,NULL,,3,1,2,7,255,1397,250,0,0
stim,186438,216559,1,216559,3413874.454,-0.681,0.060,-0.045,0.728,0,0,2211,0,3104,0,2973,2827,42,1.038,1,2231,0,159.031,2.970,-33.125,-153.500,25.125,-0.195,0.023,1.465,-0.465,-2.934,3.660,0.374,0.420,1.267,1.339,3,NULL,NULL,,3,1,2,7,255,1397,250,0,0
stim,186438,216559,1,216559,3413879.455,-0.681,0.064,-0.051,0.728,0,0,2147,0,3099,1,2975,2787,42,1.038,1,2231,0,165.142,4.099,-32.688,-161.125,15.563,-0.266,0.004,1.527,-0.277,-4.090,4.094,0.408,0.456,1.267,1.339,3,NULL,NULL,,3,1,2,7,255,1397,250,0,0
stim,186438,216559,1,216559,3413884.453,-0.680,0.068,-0.057,0.728,0,0,2056,0,3093,16,2974,2741,42,1.038,1,2231,0,176.389,5.059,-41.813,-171.063,10.125,-0.262,-0.020,1.582,-0.043,-5.059,4.539,0.446,0.494,1.267,1.339,3,NULL,NULL,,3,1,2,7,255,1397,250,0,0
stim,186438,216559,1,216559,3413889.455,-0.679,0.073,-0.064,0.728,0,0,1909,0,3082,29,2973,2683,42,1.038,1,2231,0,188.471,5.328,-48.875,-182.000,2.938,-0.262,0.016,1.625,-0.043,-5.328,5.000,0.488,0.538,1.267,1.339,3,NULL,NULL,,3,1,2,7,255,1397,250,0,0
stim,186467,216588,1,216588,3413894.453,-0.678,0.077,-0.072,0.727,0,0,1786,0,3077,26,2971,2631,42,1.038,1,2231,0,203.541,5.678,-57.813,-195.125,3.563,-0.289,0.035,1.645,-0.270,-5.672,5.305,0.536,0.586,1.267,1.339,3,NULL,NULL,,3,1,2,7,255,1397,250,0,0
stim,186467,216588,0,216588,3413899.455,-0.678,0.081,-0.080,0.726,0,0,1689,0,3055,31,2965,2568,42,1.038,1,2231,0,218.636,6.266,-68.313,-207.688,1.000,-0.328,0.094,1.590,-0.496,-6.246,5.305,0.590,0.638,1.267,1.339,3,NULL,NULL,,3,0,2,7,255,1399,250,0,0
stim,186467,216588,0,216588,3413904.454,-0.677,0.087,-0.089,0.725,0,0,1594,0,3043,43,2955,2489,42,1.038,1,2231,0,230.891,6.870,-60.313,-222.750,-7.438,-0.344,0.070,1.574,-0.945,-6.805,4.574,0.650,0.698,1.267,1.339,3,NULL,NULL,,3,0,2,7,255,1399,250,0,0
stim,186467,216588,0,216588,3413909.455,-0.677,0.093,-0.097,0.724,0,0,1499,0,3030,50,2941,2408,42,1.038,1,2231,0,244.132,7.242,-50.938,-238.500,-11.125,-0.367,0.059,1.637,-0.945,-7.180,4.574,0.720,0.768,1.267,1.339,3,NULL,NULL,,3,0,2,7,255,1399,250,0,0
stim,186467,216588,0,216588,3413914.453,-0.676,0.099,-0.106,0.722,0,0,1379,0,3015,53,2925,2337,42,1.038,1,2231,0,260.826,7.891,-50.500,-255.313,-17.188,-0.379,0.043,1.785,-0.859,-7.844,4.672,0.792,0.840,1.267,1.339,3,NULL,NULL,,3,0,2,7,255,1399,250,0,0
stim,186467,216588,0,216588,3413919.455,-0.675,0.106,-0.116,0.721,0,0,1275,0,2987,55,2903,2239,42,1.038,1,2231,0,278.489,8.738,-56.875,-272.313,-12.938,-0.391,0.059,1.934,-0.859,-8.695,5.836,0.864,0.912,1.267,1.339,3,NULL,NULL,,3,0,2,7,255,1399,250,0,0
stim,186491,216612,0,216612,3413924.454,-0.674,0.113,-0.127,0.719,0,0,1213,0,2965,49,2867,2153,42,1.038,1,2231,0,299.056,9.700,-69.375,-290.688,-11.063,-0.426,0.125,2.008,-1.070,-9.641,6.953,0.932,0.980,1.267,1.339,3,NULL,NULL,,3,0,2,7,255,1399,250,0,0
stim,186491,216612,0,216612,3413929.455,-0.673,0.121,-0.138,0.717,0,0,1173,0,2919,45,2823,2067,42,1.038,1,2231,0,315.852,10.578,-71.688,-306.813,-22.125,-0.371,0.035,1.988,-1.070,-10.523,7.012,0.996,1.044,1.267,1.339,3,NULL,NULL,,3,0,2,7,255,1399,250,0,0
stim,186491,216612,0,216612,3413934.453,-0.671,0.130,-0.149,0.714,0,0,1131,0,2873,43,2761,1972,42,1.038,1,2231,0,331.341,10.722,-41.750,-328.125,-19.438,-0.371,-0.063,2.098,-1.039,-10.672,7.227,1.048,1.096,1.267,1.339,3,NULL,NULL,,3,0,2,7,255,1399,250,0,0
stim,186491,216612,0,216612,3413939.455,-0.669,0.140,-0.160,0.712,0,0,1051,0,2836,43,2671,1867,42,1.038,1,2231,0,351.017,11.403,-34.625,-349.188,-9.063,-0.449,0.227,2.277,-1.039,-11.355,7.758,1.096,1.148,1.267,1.339,3,NULL,NULL,,3,0,2,7,255,1399,250,0,0
stim,186538,216659,0,216659,3413944.453,-0.667,0.150,-0.172,0.709,0,0,937,0,2771,28,2583,1749,42,1.038,1,2231,0,365.922,13.777,-43.563,-363.000,-15.250,-0.531,0.492,2.379,-3.039,-13.438,8.383,1.144,1.196,1.267,1.339,3,NULL,NULL,,3,0,2,7,255,1399,250,0,0
stim,186538,216659,0,216659,3413949.455,-0.665,0.160,-0.185,0.706,0,0,879,0,2687,0,2424,1645,42,1.038,1,2231,0,379.185,16.293,-54.188,-374.000,-31.125,-0.508,0.535,2.449,-5.695,-15.266,8.492,1.194,1.248,1.267,1.339,3,NULL,NULL,,3,0,2,7,255,1399,250,0,0
stim,186538,216659,0,216659,3413954.454,-0.663,0.170,-0.198,0.702,0,0,805,0,2599,0,2275,1523,42,1.038,1,2231,0,388.009,16.293,-65.313,-380.375,-40.000,-0.434,0.363,2.297,-5.695,-15.266,8.383,1.252,1.308,1.267,1.339,3,NULL,NULL,,3,0,2,7,255,1399,250,0,0
stim,186538,216659,0,216659,3413959.457,-0.661,0.181,-0.210,0.698,0,0,721,0,2483,0,2091,1369,42,1.038,1,2231,0,393.430,15.830,-36.563,-389.813,-38.688,-0.301,0.137,2.094,-4.594,-15.148,7.195,1.318,1.376,1.267,1.339,3,NULL,NULL,,3,0,2,7,255,1399,250,0,0
stim,186538,216659,0,216659,3413964.453,-0.657,0.192,-0.223,0.694,0,0,581,0,2340,0,1884,1241,42,1.038,1,2231,0,407.193,14.130,-45.813,-404.188,-18.438,-0.078,-0.117,2.402,-2.395,-13.926,7.195,1.390,1.448,1.267,1.339,3,NULL,NULL,,3,0,2,7,255,1399,250,0,0
stim,186538,216659,0,216659,3413969.455,-0.653,0.203,-0.237,0.690,0,0,395,0,2153,0,1606,1091,42,1.038,1,2231,0,430.084,13.518,-76.313,-422.938,16.500,-0.090,-0.391,2.137,-0.238,-13.516,6.828,1.464,1.524,1.267,1.339,3,NULL,NULL,,3,0,2,7,255,1399,250,0,0
stim,186538,216659,0,216659,3413974.454,-0.648,0.212,-0.253,0.687,0,0,269,0,1947,0,1239,959,42,1.038,1,2231,0,436.689,13.121,-90.688,-426.250,28.000,-0.051,-0.191,1.563,0.785,-13.098,6.828,1.540,1.600,1.267,1.339,3,NULL,NULL,,3,0,2,7,255,1399,250,0,0
stim,186538,216659,0,216659,3413979.455,-0.643,0.223,-0.267,0.683,0,0,215,0,1711,0,776,856,42,1.038,1,2231,0,429.800,9.980,-58.813,-425.125,23.188,0.105,-0.059,1.129,0.785,-9.949,2.031,1.614,1.674,1.267,1.339,3,NULL,NULL,,3,0,2,7,255,1399,250,0,0
stim,186538,216659,0,216659,3413984.453,-0.636,0.235,-0.279,0.680,0,0,151,0,1381,0,319,718,42,1.038,1,2231,0,438.524,6.528,4.125,-435.938,47.375,0.082,-0.176,1.051,0.785,-6.480,-0.738,1.690,1.750,1.267,1.339,3,NULL,NULL,,3,0,2,7,255,1399,250,0,0
stim,186538,216659,0,216659,3413989.455,-0.627,0.248,-0.291,0.679,0,0,119,0,1036,0,90,579,42,1.038,1,2231,0,450.012,6.481,39.625,-439.938,86.000,0.043,-0.078,1.230,-0.098,-6.480,-0.938,1.766,1.826,1.267,1.339,3,NULL,NULL,,3,0,2,7,255,1399,250,0,0
stim,186558,216679,0,216679,3413994.453,-0.617,0.261,-0.303,0.678,0,0,107,0,663,0,0,458,42,1.038,1,2231,0,459.543,8.282,53.563,-441.750,114.750,-0.203,-0.047,1.406,-0.098,-8.281,-1.574,1.842,1.900,1.267,1.339,3,NULL,NULL,,3,0,2,7,255,1399,250,0,0
stim,186558,216679,0,216679,3413999.455,-0.605,0.274,-0.315,0.678,0,0,78,0,255,0,0,362,42,1.038,1,2231,0,483.652,11.504,65.750,-458.063,140.625,-0.496,-0.125,1.484,-0.098,-11.504,-1.871,1.906,1.964,1.267,1.339,3,NULL,NULL,,3,0,2,7,255,1399,250,0,0
stim,186558,216679,0,216679,3414004.454,-0.592,0.287,-0.327,0.678,0,0,73,0,0,0,0,261,42,1.038,1,2231,0,517.099,14.225,72.188,-478.313,182.750,-0.586,-0.023,1.391,0.531,-14.215,-3.879,1.962,2.020,1.267,1.339,3,NULL,NULL,,3,0,2,7,255,1399,250,0,0
stim,186558,216679,0,216679,3414009.455,-0.578,0.300,-0.340,0.678,0,0,29,0,0,0,0,131,42,1.038,1,2231,0,527.835,14.225,72.625,-488.563,186.125,-0.664,0.227,1.199,0.531,-14.215,-5.844,2.012,2.074,1.267,1.339,4,NULL,NULL,,3,0,2,7,255,1399,250,0,0
stim,186584,216705,0,216705,3414014.453,-0.565,0.312,-0.353,0.677,0,0,23,0,0,0,0,73,42,1.038,1,2231,0,494.596,13.621,34.438,-468.375,155.125,-0.289,0.730,0.891,-1.492,-13.539,-8.320,2.060,2.122,1.267,1.339,0,NULL,NULL,,3,0,2,7,255,1399,250,0,0
stim,186584,216705,0,216705,3414019.455,-0.555,0.323,-0.365,0.674,0,0,27,0,0,0,0,61,42,1.038,1,2231,0,444.101,11.648,7.813,-432.813,99.188,0.215,1.043,0.832,-6.746,-9.496,-8.320,2.098,2.160,1.267,1.339,0,NULL,NULL,,3,0,2,7,255,1399,250,0,0
stim,186584,216705,0,216705,3414024.454,-0.547,0.332,-0.377,0.670,0,0,29,0,0,0,0,117,42,1.038,1,2231,0,397.626,12.554,-39.563,-383.563,97.063,0.535,1.063,0.977,-10.512,-6.863,-5.328,2.122,2.184,1.267,1.339,0,NULL,NULL,,3,0,2,7,255,1399,250,0,0
stim,186584,216705,0,216705,3414029.455,-0.538,0.337,-0.389,0.668,0,0,31,0,0,0,0,167,42,1.038,1,2231,0,370.469,12.554,-89.688,-332.625,136.250,0.547,0.480,1.238,-10.512,-6.863,-2.246,2.132,2.196,1.267,1.339,0,NULL,NULL,,3,0,2,7,255,1399,250,0,0
stim,186604,216725,0,216725,3414034.453,-0.530,0.339,-0.400,0.667,0,0,37,0,0,0,0,206,42,1.038,1,2231,0,319.179,10.496,-74.313,-258.688,171.563,0.133,0.348,1.340,-5.762,-8.773,-2.246,2.132,2.196,1.267,1.339,0,NULL,NULL,,3,0,2,7,255,1399,250,0,0
stim,186604,216725,0,216725,3414039.455,-0.522,0.341,-0.408,0.667,0,0,37,0,0,0,0,247,42,1.038,1,2231,0,261.478,12.157,-57.813,-200.063,158.125,-0.395,0.313,1.707,-3.707,-11.578,-3.453,2.126,2.188,1.267,1.339,0,NULL,NULL,,3,0,2,7,255,1399,250,0,0
stim,186635,216756,0,216756,3414044.454,-0.518,0.340,-0.416,0.665,0,0,37,0,0,0,0,271,42,1.038,1,2231,0,202.417,17.222,-112.313,-134.750,101.000,-0.414,0.227,1.910,-2.250,-17.074,-6.086,2.116,2.180,1.267,1.339,0,NULL,NULL,,3,0,2,7,255,1399,250,0,0
stim,186635,216756,0,216756,3414049.455,-0.518,0.335,-0.425,0.662,0,0,31,0,0,0,0,276,42,1.038,1,2231,0,237.204,17.139,-211.938,-62.438,86.313,-0.164,-0.031,1.457,-1.484,-17.074,-6.086,2.108,2.172,1.267,1.339,0,NULL,NULL,,3,0,2,7,255,1399,250,0,0
stim,186657,216778,0,216778,3414054.453,-0.519,0.327,-0.434,0.660,0,0,27,0,0,0,0,266,42,1.038,1,2231,0,289.857,13.810,-267.063,6.188,112.500,-0.078,0.230,0.793,-1.484,-13.730,-6.086,2.098,2.162,1.267,1.339,0,NULL,NULL,,3,0,2,7,255,1399,250,0,0
stim,186657,216778,0,216778,3414059.456,-0.520,0.317,-0.442,0.659,0,0,27,0,0,0,0,252,42,1.038,1,2231,0,300.774,7.981,-264.000,68.813,126.625,-0.211,0.621,0.199,-2.445,-7.598,-7.934,2.090,2.154,1.267,1.339,0,NULL,NULL,,3,0,2,7,255,1399,250,0,0
stim,186657,216778,0,216778,3414064.453,-0.522,0.306,-0.447,0.659,0,0,23,0,0,0,0,231,42,1.038,1,2231,0,268.078,5.830,-209.875,118.000,117.875,-0.270,0.605,-0.055,-5.047,-2.918,-12.449,2.086,2.152,1.267,1.339,0,NULL,NULL,,3,0,2,7,255,1399,250,0,0
stim,186657,216778,0,216778,3414069.455,-0.524,0.296,-0.449,0.660,0,0,25,0,0,0,0,140,42,1.038,1,2231,0,244.273,5.116,-157.375,154.438,105.125,-0.324,0.152,-0.133,-5.047,-0.836,-13.543,2.090,2.154,1.267,1.339,0,NULL,NULL,,3,0,2,7,255,1399,250,0,0
stim,186657,216778,0,216778,3414074.454,-0.526,0.286,-0.449,0.663,0,0,26,0,0,0,0,117,42,1.038,1,2231,0,237.977,0.563,-114.500,178.188,108.500,-0.301,-0.199,-0.152,-0.496,-0.266,-13.543,2.098,2.164,1.267,1.339,0,NULL,NULL,,3,0,2,7,255,1399,250,0,0
stim,186657,216778,0,216778,3414079.455,-0.528,0.276,-0.449,0.666,0,0,26,0,0,0,0,104,42,1.038,1,2231,0,243.030,2.787,-89.500,193.938,115.938,-0.391,-0.297,-0.180,2.777,-0.227,-12.883,2.114,2.178,1.267,1.339,0,NULL,NULL,,3,0,2,7,255,1399,250,0,0
stim,186657,216778,0,216778,3414084.453,-0.530,0.267,-0.447,0.670,0,0,21,0,0,0,0,101,42,1.038,1,2231,0,245.075,2.777,-62.188,204.438,120.000,-0.398,-0.090,-0.266,2.777,0.023,-12.883,2.136,2.200,1.267,1.339,0,NULL,NULL,,3,0,2,7,255,1399,250,0,0
stim,186657,216778,0,216778,3414089.455,-0.531,0.257,-0.444,0.674,0,0,19,0,0,0,0,101,42,1.038,1,2231,0,246.255,2.312,-19.625,211.188,125.125,-0.383,-0.055,-0.383,2.277,0.398,-13.926,2.164,2.230,1.267,1.339,0,NULL,NULL,,3,0,2,7,255,1399,250,0,0
stim,186657,216778,0,216778,3414094.454,-0.531,0.249,-0.440,0.680,0,0,18,0,0,0,0,100,42,1.038,1,2231,0,253.321,2.185,16.250,216.813,130.000,-0.449,-0.055,-0.090,2.148,0.398,-13.926,2.196,2.264,1.267,1.339,0,NULL,NULL,,3,0,2,7,255,1399,250,0,0
stim,186657,216778,0,216778,3414099.457,-0.532,0.240,-0.435,0.686,0,0,11,0,0,0,0,91,42,1.038,1,2231,0,257.365,2.618,18.750,224.188,125.000,-0.492,-0.082,0.020,2.148,-1.496,-13.602,2.234,2.300,1.267,1.339,0,NULL,NULL,,3,0,2,7,255,1399,250,0,0
stim,186657,216778,0,216778,3414104.454,-0.532,0.232,-0.430,0.691,0,0,12,0,0,0,0,91,42,1.038,1,2231,0,264.702,3.128,27.500,230.750,126.750,-0.496,0.105,-0.031,1.941,-2.453,-13.602,2.274,2.342,1.267,1.339,0,NULL,NULL,,3,0,2,7,255,1399,250,0,0
stim,186657,216778,0,216778,3414109.455,-0.533,0.224,-0.424,0.697,0,0,9,0,0,0,0,89,42,1.038,1,2231,0,269.684,2.780,55.188,235.125,120.000,-0.566,0.121,0.051,0.578,-2.719,-14.125,2.318,2.386,1.267,1.339,0,NULL,NULL,,3,0,2,7,255,1399,250,0,0
stim,186657,216778,0,216778,3414114.454,-0.533,0.216,-0.417,0.703,0,0,7,0,0,0,0,85,42,1.038,1,2231,0,274.585,3.644,67.375,242.000,110.875,-0.633,0.063,0.223,0.578,-3.598,-14.125,2.362,2.432,1.267,1.339,0,NULL,NULL,,3,0,2,7,255,1399,250,0,0
stim,186685,216806,0,216806,3414119.455,-0.535,0.208,-0.410,0.709,0,0,11,0,0,0,0,85,42,1.038,1,2231,0,273.600,5.540,68.188,248.250,92.625,-0.711,-0.020,0.316,1.059,-5.438,-13.500,2.406,2.478,1.267,1.339,0,NULL,NULL,,3,0,2,7,255,1399,250,0,0
stim,186685,216806,0,216806,3414124.454,-0.536,0.201,-0.402,0.714,0,0,15,0,0,0,0,85,42,1.038,1,2231,0,274.397,6.895,78.375,252.063,74.938,-0.793,-0.027,0.512,1.910,-6.625,-13.102,2.450,2.522,1.267,1.339,0,NULL,NULL,,3,0,2,7,255,1399,250,0,0
stim,186685,216806,0,216806,3414129.455,-0.539,0.194,-0.394,0.718,0,0,16,0,0,0,0,91,42,1.038,1,2231,0,270.326,8.929,71.563,256.375,47.188,-0.809,0.086,0.695,1.910,-8.723,-12.387,2.492,2.564,1.267,1.339,0,NULL,NULL,,3,0,2,7,255,1399,250,0,0
stim,186686,216807,0,216807,3414134.453,-0.543,0.187,-0.387,0.722,0,0,8,0,0,0,0,93,42,1.038,1,2231,0,267.796,10.396,57.125,260.313,26.250,-0.758,0.059,0.773,0.656,-10.375,-11.598,2.532,2.604,1.267,1.339,0,NULL,NULL,,3,0,2,7,255,1399,250,0,0
stim,186686,216807,0,216807,3414139.455,-0.547,0.179,-0.379,0.725,0,0,9,0,0,0,0,93,42,1.038,1,2231,0,270.111,10.643,46.250,266.063,5.625,-0.688,0.070,0.828,0.555,-10.629,-10.449,2.570,2.642,1.267,1.339,0,NULL,NULL,,3,0,2,7,255,1399,250,0,0
stim,186718,216839,0,216839,3414144.454,-0.552,0.172,-0.371,0.727,0,0,11,0,0,0,0,117,42,1.038,1,2231,0,275.895,10.629,32.938,273.500,-15.188,-0.645,0.059,0.836,0.059,-10.629,-9.418,2.606,2.680,1.267,1.339,0,NULL,NULL,,3,0,2,7,255,1399,250,0,0
stim,186718,216839,0,216839,3414149.455,-0.557,0.164,-0.363,0.729,0,0,9,0,0,0,0,121,42,1.038,1,2231,0,284.376,10.375,23.188,282.188,-26.500,-0.609,0.066,0.785,-0.059,-10.375,-8.832,2.640,2.716,1.267,1.339,0,NULL,NULL,,3,0,2,7,255,1399,250,0,0
stim,186740,216861,0,216861,3414154.453,-0.563,0.156,-0.355,0.729,0,0,8,0,0,0,0,126,42,1.038,1,2231,0,298.489,9.745,20.875,293.625,-49.438,-0.531,0.094,0.750,-0.246,-9.742,-8.723,2.670,2.748,1.267,1.339,0,NULL,NULL,,3,0,2,7,255,1399,250,0,0
stim,186740,216861,0,216861,3414159.455,-0.570,0.148,-0.346,0.730,0,0,13,0,0,0,0,144,42,1.038,1,2231,0,314.149,8.978,23.500,305.688,-68.500,-0.430,0.051,0.738,-0.762,-8.945,-8.352,2.700,2.776,1.267,1.339,0,NULL,NULL,,3,0,2,7,255,1399,250,0,0
stim,186740,216861,0,216861,3414164.454,-0.578,0.140,-0.337,0.730,0,0,9,0,0,0,0,149,42,1.038,1,2231,0,327.467,8.112,24.813,318.375,-72.500,-0.367,0.070,0.719,-0.777,-8.074,-7.453,2.726,2.804,1.267,1.339,0,NULL,NULL,,3,0,2,7,255,1399,250,0,0
stim,186740,216861,0,216861,3414169.455,-0.585,0.132,-0.327,0.730,0,0,8,0,0,0,0,152,42,1.038,1,2231,0,342.133,7.528,28.125,331.563,-79.563,-0.352,0.094,0.664,-1.188,-7.434,-7.293,2.750,2.830,1.267,1.339,0,NULL,NULL,,3,0,2,7,255,1399,250,0,0
stim,186740,216861,0,216861,3414174.454,-0.593,0.123,-0.317,0.730,0,0,7,0,0,0,0,150,42,1.038,1,2231,0,355.949,6.992,41.313,342.688,-86.938,-0.336,0.047,0.613,-1.188,-6.891,-7.223,2.772,2.852,1.267,1.339,0,NULL,NULL,,3,0,2,7,255,1399,250,0,0
stim,186740,216861,0,216861,3414179.455,-0.600,0.115,-0.305,0.730,0,0,12,0,0,0,0,150,42,1.038,1,2231,0,368.111,6.489,58.938,351.750,-91.125,-0.324,0.059,0.641,-1.270,-6.363,-7.223,2.796,2.876,1.267,1.339,0,NULL,NULL,,3,0,2,7,255,1399,250,0,0
stim,186740,216861,0,216861,3414184.453,-0.608,0.107,-0.293,0.730,0,0,9,0,0,0,0,151,42,1.038,1,2231,0,379.816,6.466,73.625,358.750,-100.688,-0.184,0.141,0.707,-1.270,-6.340,-6.816,2.818,2.900,1.267,1.339,0,NULL,NULL,,3,0,2,7,255,1399,250,0,0
stim,186740,216861,0,216861,3414189.455,-0.616,0.099,-0.280,0.729,0,0,8,0,0,0,0,156,42,1.038,1,2231,0,389.373,5.929,83.063,364.813,-107.813,0.133,0.039,0.652,-2.195,-5.508,-5.664,2.842,2.924,1.267,1.339,0,NULL,NULL,,3,0,2,7,255,1399,250,0,0
stim,186764,216885,0,216885,3414194.454,-0.623,0.092,-0.267,0.730,0,0,7,0,0,0,0,159,42,1.038,1,2231,0,385.618,3.246,108.500,361.563,-78.750,0.168,0.016,0.574,-2.195,-2.391,-4.402,2.868,2.952,1.267,1.339,0,NULL,NULL,,3,0,2,7,255,1399,250,0,0
stim,186764,216885,0,216885,3414199.455,-0.629,0.085,-0.252,0.731,0,0,8,0,0,0,0,160,42,1.038,1,2231,0,387.457,3.246,138.375,356.500,-62.313,0.086,0.238,0.738,-2.195,-2.391,-4.086,2.896,2.980,1.267,1.339,0,NULL,NULL,,3,0,2,7,255,1399,250,0,0
stim,186764,216885,0,216885,3414204.454,-0.634,0.079,-0.238,0.731,0,0,5,0,0,0,0,159,42,1.038,1,2231,0,386.932,4.490,149.438,351.250,-63.313,0.109,0.141,0.855,-3.402,-2.930,-3.953,2.926,3.010,1.267,1.339,0,NULL,NULL,,3,0,2,7,255,1399,250,0,0
stim,186764,216885,0,216885,3414209.455,-0.639,0.073,-0.223,0.733,0,0,0,0,0,0,0,157,42,1.038,1,2231,0,383.684,4.490,165.688,343.438,-42.563,0.172,-0.016,0.859,-3.402,-2.930,-2.465,2.956,3.040,1.267,1.339,0,NULL,NULL,,3,0,2,7,255,1399,250,0,0
stim,186784,216905,0,216905,3414214.454,-0.642,0.068,-0.207,0.735,0,0,0,0,0,0,0,153,42,1.038,1,2231,0,388.989,4.423,190.688,338.313,-22.250,0.063,0.133,0.969,-3.293,-2.953,-1.691,2.988,3.072,1.267,1.339,0,NULL,NULL,,3,0,2,7,255,1399,250,0,0
stim,186784,216905,0,216905,3414219.455,-0.646,0.064,-0.191,0.736,0,0,0,0,0,0,0,155,42,1.038,1,2231,0,395.112,4.696,208.063,334.938,-25.313,-0.055,0.281,1.207,-3.293,-3.348,-1.379,3.018,3.102,1.267,1.339,0,NULL,NULL,,3,0,2,7,255,1399,250,0,0
stim,186784,216905,0,216905,3414224.454,-0.649,0.059,-0.175,0.738,0,0,0,0,0,0,0,159,42,1.038,1,2231,0,394.903,7.037,208.563,333.563,-34.438,-0.039,0.297,1.469,-4.852,-5.098,0.176,3.046,3.132,1.267,1.339,0,NULL,NULL,,3,0,2,7,255,1399,250,0,0
stim,186784,216905,0,216905,3414229.455,-0.653,0.054,-0.159,0.739,0,0,0,0,0,0,0,165,42,1.038,1,2231,0,386.163,7.339,193.750,332.375,-33.313,-0.039,0.238,1.656,-4.863,-5.496,2.809,3.070,3.158,1.267,1.339,0,NULL,NULL,,3,0,2,7,255,1399,250,0,0
stim,186784,216905,0,216905,3414234.453,-0.656,0.049,-0.144,0.740,0,0,0,0,0,0,0,160,42,1.038,1,2231,0,375.566,7.421,175.313,330.875,-28.938,-0.090,0.199,1.801,-4.863,-5.605,4.867,3.092,3.180,1.267,1.339,0,NULL,NULL,,3,0,2,7,255,1399,250,0,0
stim,186784,216905,0,216905,3414239.455,-0.659,0.043,-0.129,0.740,0,0,0,0,0,0,0,166,42,1.038,1,2231,0,363.811,7.609,150.438,329.750,-31.500,-0.160,0.227,1.934,-4.664,-6.012,6.363,3.110,3.196,1.267,1.339,0,NULL,NULL,,3,0,2,7,255,1399,250,0,0
stim,186837,216958,0,216958,3414244.454,-0.662,0.036,-0.116,0.740,0,0,1,0,0,0,0,171,42,1.038,1,2231,0,352.493,7.852,119.313,329.000,-42.125,-0.180,0.277,1.992,-4.664,-6.316,7.609,3.124,3.210,1.267,1.339,0,NULL,NULL,,3,0,2,7,255,1399,250,0,0
stim,186837,216958,0,216958,3414249.455,-0.666,0.028,-0.104,0.739,0,0,2,0,0,0,0,173,42,1.038,1,2231,0,343.424,7.998,89.313,327.375,-52.813,-0.129,0.262,1.969,-4.906,-6.316,8.277,3.134,3.224,1.267,1.339,0,NULL,NULL,,3,0,2,7,255,1399,250,0,0
stim,186837,216958,0,216958,3414254.453,-0.669,0.020,-0.092,0.737,0,0,0,0,0,0,0,176,42,1.038,1,2231,0,336.298,7.166,64.313,325.188,-56.688,-0.086,0.199,1.895,-4.906,-5.223,8.277,3.144,3.234,1.267,1.339,0,NULL,NULL,,3,0,2,7,255,1399,250,0,0
stim,186837,216958,0,216958,3414259.455,-0.672,0.011,-0.081,0.736,0,0,1,0,0,0,0,181,42,1.038,1,2231,0,330.836,5.892,43.875,322.688,-58.313,-0.070,0.164,1.773,-4.234,-4.098,7.949,3.152,3.242,1.267,1.339,0,NULL,NULL,,3,0,2,7,255,1399,250,0,0
stim,186837,216958,0,216958,3414264.454,-0.676,0.002,-0.070,0.734,0,0,1,0,0,0,0,184,42,1.038,1,2231,0,327.196,4.954,34.563,319.500,-61.500,-0.051,0.117,1.637,-3.766,-3.219,6.984,3.156,3.246,1.267,1.339,0,NULL,NULL,,3,0,2,7,255,1399,250,0,0
stim,186837,216958,0,216958,3414269.455,-0.679,-0.006,-0.060,0.732,0,0,0,0,0,0,0,186,42,1.038,1,2231,0,323.515,3.928,37.063,315.188,-62.813,-0.016,0.090,1.563,-3.129,-2.375,5.813,3.158,3.250,1.267,1.339,0,NULL,NULL,,3,0,2,7,255,1399,250,0,0
stim,186837,216958,0,216958,3414274.453,-0.682,-0.014,-0.049,0.730,0,0,5,0,0,0,0,182,42,1.038,1,2231,0,319.998,3.234,43.625,310.750,-62.688,0.039,0.098,1.547,-2.867,-1.496,5.223,3.160,3.250,1.267,1.339,0,NULL,NULL,,3,0,2,7,255,1399,250,0,0
stim,186837,216958,0,216958,3414279.455,-0.685,-0.022,-0.038,0.727,0,0,3,0,0,0,0,183,42,1.038,1,2231,0,315.667,2.920,48.813,306.500,-57.625,0.066,0.129,1.516,-2.867,-0.555,5.109,3.160,3.250,1.267,1.339,0,NULL,NULL,,3,0,2,7,255,1399,250,0,0
stim,186837,216958,0,216958,3414284.454,-0.687,-0.030,-0.027,0.725,0,0,2,0,0,0,0,184,42,1.038,1,2231,0,311.020,2.983,57.875,301.563,-49.438,0.063,0.129,1.484,-2.980,0.129,4.805,3.154,3.246,1.267,1.339,0,NULL,NULL,,3,0,2,7,255,1399,250,0,0
stim,186837,216958,0,216958,3414289.455,-0.689,-0.037,-0.016,0.723,0,0,2,0,0,0,0,183,42,1.038,1,2231,0,307.883,3.142,72.688,296.000,-43.500,0.031,0.156,1.492,-3.105,0.480,4.547,3.144,3.236,1.267,1.339,0,NULL,NULL,,3,0,2,7,255,1399,250,0,0
stim,186863,216984,0,216984,3414294.453,-0.691,-0.043,-0.004,0.721,0,0,8,0,0,0,0,187,42,1.038,1,2231,0,305.502,3.213,88.688,289.500,-40.688,0.023,0.203,1.551,-3.164,0.559,4.547,3.132,3.226,1.267,1.339,0,NULL,NULL,,3,0,2,7,255,1399,250,0,0
stim,186863,216984,0,216984,3414299.455,-0.693,-0.048,0.007,0.720,0,0,5,0,0,0,0,184,42,1.038,1,2231,0,302.936,3.684,101.313,283.125,-36.688,0.063,0.227,1.633,-3.578,0.879,5.105,3.116,3.210,1.267,1.339,0,NULL,NULL,,3,0,2,7,255,1399,250,0,0
stim,186863,216984,0,216984,3414304.454,-0.694,-0.054,0.019,0.718,0,0,3,0,0,0,0,187,42,1.038,1,2231,0,300.304,4.078,111.688,277.250,-29.000,0.109,0.227,1.699,-3.711,1.691,5.848,3.092,3.186,1.267,1.339,0,NULL,NULL,,3,0,2,7,255,1399,250,0,0
stim,186863,216984,0,216984,3414309.455,-0.695,-0.059,0.031,0.716,0,0,4,0,0,0,0,181,42,1.038,1,2231,0,299.868,4.565,123.438,272.500,-20.688,0.145,0.254,1.758,-3.754,2.598,6.414,3.064,3.156,1.267,1.339,0,NULL,NULL,,3,0,2,7,255,1399,250,0,0
stim,186881,217002,0,217002,3414314.454,-0.696,-0.063,0.043,0.714,0,0,2,0,0,0,0,184,42,1.038,1,2231,0,301.553,5.143,135.563,269.000,-14.000,0.199,0.281,1.836,-3.832,3.430,6.898,3.028,3.122,1.267,1.339,0,NULL,NULL,,3,0,2,7,255,1399,250,0,0
stim,186881,217002,0,217002,3414319.455,-0.696,-0.067,0.056,0.713,0,0,8,0,0,0,0,195,42,1.038,1,2231,0,304.292,5.973,144.188,267.875,-6.813,0.293,0.320,1.902,-3.973,4.461,7.504,2.988,3.082,1.267,1.339,0,NULL,NULL,,3,0,2,7,255,1399,250,0,0
stim,186881,217002,0,217002,3414324.454,-0.696,-0.071,0.069,0.712,0,0,10,0,0,0,0,199,42,1.038,1,2231,0,308.912,7.216,151.813,269.000,4.313,0.414,0.340,1.922,-4.180,5.883,7.754,2.942,3.034,1.267,1.339,0,NULL,NULL,,3,0,2,7,255,1399,250,0,0
stim,186881,217002,0,217002,3414329.455,-0.695,-0.074,0.082,0.710,0,0,10,0,0,0,0,200,42,1.038,1,2231,0,317.557,8.596,163.250,271.688,19.438,0.527,0.340,1.953,-4.180,7.512,7.754,2.890,2.982,1.267,1.339,0,NULL,NULL,,3,0,2,7,255,1399,250,0,0
stim,186904,217025,0,217025,3414334.454,-0.694,-0.077,0.096,0.710,0,0,11,0,0,0,0,201,42,1.038,1,2231,0,328.909,9.925,175.063,276.313,34.438,0.609,0.336,2.012,-3.949,9.105,7.754,2.834,2.926,1.267,1.339,0,NULL,NULL,,3,0,2,7,255,1399,250,0,0
stim,186904,217025,0,217025,3414339.455,-0.692,-0.080,0.110,0.709,0,0,11,0,0,0,0,204,42,1.038,1,2231,0,340.007,11.066,185.188,280.875,49.188,0.645,0.313,2.098,-3.688,10.434,7.867,2.774,2.864,1.267,1.339,0,NULL,NULL,,3,0,2,7,255,1399,250,0,0
stim,186935,217056,0,217056,3414344.453,-0.689,-0.083,0.125,0.709,0,0,9,0,0,0,0,199,42,1.038,1,2231,0,347.803,11.886,188.938,285.500,61.313,0.664,0.320,2.188,-3.180,11.453,8.371,2.708,2.800,1.267,1.339,0,NULL,NULL,,3,0,2,7,255,1399,250,0,0
stim,186935,217056,0,217056,3414349.455,-0.686,-0.086,0.140,0.708,0,0,9,0,0,0,0,203,42,1.038,1,2231,0,352.695,12.692,190.250,287.438,74.688,0.668,0.355,2.273,-2.969,12.340,8.902,2.636,2.728,1.267,1.339,0,NULL,NULL,,3,0,2,7,255,1399,250,0,0
stim,186935,217056,0,217056,3414354.454,-0.683,-0.089,0.155,0.708,0,0,11,0,0,0,0,203,42,1.038,1,2231,0,352.179,13.441,184.000,288.375,83.750,0.680,0.406,2.340,-2.969,13.109,9.430,2.562,2.652,1.267,1.339,0,NULL,NULL,,3,0,2,7,255,1399,250,0,0
stim,186935,217056,0,217056,3414359.456,-0.679,-0.092,0.169,0.708,0,0,10,0,0,0,0,219,42,1.038,1,2231,0,344.968,14.208,169.500,286.500,90.500,0.703,0.398,2.344,-2.969,13.895,9.430,2.484,2.574,1.267,1.339,0,NULL,NULL,,3,0,2,7,255,1399,250,0,0
stim,186935,217056,0,217056,3414364.454,-0.675,-0.096,0.182,0.709,0,0,7,0,0,0,0,248,42,1.038,1,2231,0,334.731,14.881,153.438,280.625,98.750,0.734,0.336,2.270,-2.832,14.609,9.379,2.406,2.492,1.267,1.339,0,NULL,NULL,,3,0,2,7,255,1399,250,0,0
stim,186935,217056,0,217056,3414369.455,-0.670,-0.099,0.195,0.709,0,0,17,0,0,0,0,293,42,1.038,1,2231,0,325.305,15.223,144.000,271.438,106.813,0.758,0.250,2.172,-2.125,15.074,8.223,2.322,2.408,1.267,1.339,0,NULL,NULL,,3,0,2,7,255,1399,250,0,0
stim,186956,217077,0,217077,3414374.453,-0.665,-0.102,0.208,0.710,0,0,12,0,0,0,0,315,42,1.038,1,2231,0,315.393,15.396,139.375,259.625,112.438,0.785,0.137,2.063,-1.223,15.348,6.805,2.238,2.324,1.267,1.339,0,NULL,NULL,,3,0,2,7,255,1399,250,0,0
stim,186956,217077,0,217077,3414379.455,-0.660,-0.105,0.220,0.711,0,0,16,0,0,0,0,343,42,1.038,1,2231,0,305.391,15.532,137.813,246.313,116.625,0.824,0.023,1.945,-0.117,15.531,5.230,2.152,2.236,1.267,1.339,0,NULL,NULL,,3,0,2,7,255,1399,250,0,0
stim,186956,217077,0,217077,3414384.454,-0.655,-0.107,0.231,0.712,0,0,13,0,0,0,0,362,42,1.038,1,2231,0,296.486,15.735,138.938,232.063,121.438,0.855,-0.102,1.805,0.930,15.707,3.563,2.064,2.146,1.267,1.339,0,NULL,NULL,,3,0,2,7,255,1399,250,0,0
stim,186956,217077,0,217077,3414389.455,-0.649,-0.109,0.243,0.712,0,0,13,0,0,0,0,370,42,1.038,1,2231,0,289.774,15.834,143.875,216.750,127.625,0.848,-0.277,1.641,2.000,15.707,1.691,1.970,2.052,1.267,1.339,0,NULL,NULL,,3,0,2,7,255,1399,250,0,0
stim,186956,217077,0,217077,3414394.453,-0.644,-0.110,0.254,0.713,0,0,20,0,0,0,0,389,42,1.038,1,2231,0,285.636,15.558,154.375,200.500,132.500,0.793,-0.492,1.473,3.547,15.148,-0.305,1.872,1.952,1.267,1.339,0,NULL,NULL,,3,0,2,7,255,1399,250,0,0
stim,186956,217077,0,217077,3414399.455,-0.639,-0.109,0.265,0.714,0,0,19,0,0,0,0,396,42,1.038,1,2231,0,285.053,15.219,173.438,184.250,131.250,0.738,-0.688,1.352,5.527,14.180,-2.211,1.768,1.850,1.267,1.339,0,NULL,NULL,,3,0,2,7,255,1399,250,0,0
stim,186956,217077,0,217077,3414404.454,-0.634,-0.108,0.277,0.714,0,0,21,0,0,0,0,411,42,1.038,1,2231,0,289.251,15.252,200.938,168.813,121.625,0.703,-0.809,1.352,7.352,13.363,-3.668,1.662,1.742,1.267,1.339,0,NULL,NULL,,3,0,2,7,255,1399,250,0,0
stim,186956,217077,0,217077,3414409.455,-0.630,-0.105,0.289,0.713,0,0,20,0,0,0,0,417,42,1.038,1,2231,0,295.407,15.896,228.125,154.625,106.375,0.703,-0.813,1.516,8.609,13.363,-3.668,1.552,1.628,1.267,1.339,0,NULL,NULL,,3,0,2,7,255,1399,250,0,0
stim,186988,217109,0,217109,3414414.453,-0.627,-0.102,0.300,0.712,0,0,26,0,0,0,0,429,42,1.038,1,2231,0,293.221,16.619,240.625,141.938,89.063,0.789,-0.699,1.762,8.609,14.215,-3.207,1.434,1.508,1.267,1.339,0,NULL,NULL,,3,0,2,7,255,1399,250,0,0
stim,186988,217109,0,217109,3414419.455,-0.624,-0.099,0.311,0.710,0,0,22,0,0,0,0,444,42,1.038,1,2231,0,275.318,18.497,229.625,130.563,77.625,0.883,-0.664,2.039,8.750,16.297,-1.793,1.312,1.382,1.267,1.339,0,NULL,NULL,,3,0,2,7,255,1399,250,0,0
stim,186988,217109,0,217109,3414424.454,-0.621,-0.096,0.321,0.708,0,0,23,0,0,0,0,463,42,1.038,1,2231,0,235.633,20.519,194.063,121.063,56.625,1.008,-0.605,2.129,8.492,18.680,-0.574,1.186,1.254,1.267,1.339,0,NULL,NULL,,3,0,2,7,255,1399,250,0,0
stim,186988,217109,0,217109,3414429.455,-0.619,-0.095,0.329,0.707,0,0,21,0,0,0,0,483,42,1.038,1,2231,0,195.661,21.905,157.125,111.063,35.500,1.172,-0.586,2.063,8.344,20.254,-0.574,1.060,1.124,1.267,1.339,0,NULL,NULL,,3,0,2,7,255,1399,250,0,0
stim,186989,217110,0,217110,3414434.454,-0.618,-0.095,0.336,0.704,0,0,13,0,0,0,0,487,42,1.038,1,2231,0,163.027,22.690,128.938,99.375,8.813,1.398,-0.688,1.898,7.965,21.246,-2.227,0.934,0.992,1.267,1.339,0,NULL,NULL,,3,0,2,7,255,1399,250,0,0
stim,186989,217110,0,217110,3414439.455,-0.618,-0.094,0.341,0.702,0,0,16,0,0,0,0,519,42,1.038,1,2231,0,140.612,23.504,110.500,86.750,-6.000,1.695,-0.762,1.777,7.801,22.172,-5.305,0.810,0.860,1.267,1.339,0,NULL,NULL,,3,0,2,7,255,1399,250,0,0
stim,187011,217132,0,217132,3414444.453,-0.617,-0.094,0.346,0.700,0,0,13,0,0,0,0,536,42,1.038,1,2231,0,119.136,25.102,94.375,72.063,-9.688,1.898,-0.809,1.676,7.801,23.859,-8.340,0.692,0.730,1.267,1.339,0,NULL,NULL,,3,0,2,7,255,1399,250,0,0
stim,187011,217132,0,217132,3414449.455,-0.617,-0.094,0.350,0.698,0,0,11,0,0,0,0,549,42,1.038,1,2231,0,100.394,26.017,83.625,54.500,-10.750,2.008,-0.875,1.563,7.762,24.832,-10.625,0.580,0.602,1.267,1.339,0,NULL,NULL,,3,0,2,7,255,1399,250,0,0
stim,187039,217160,0,217160,3414454.454,-0.617,-0.093,0.354,0.697,0,0,13,0,0,0,0,554,42,1.038,1,2231,0,90.963,26.017,83.750,33.563,-11.563,2.031,-0.934,1.492,7.762,24.832,-12.461,0.480,0.478,1.267,1.339,0,NULL,NULL,,3,0,2,7,255,1399,250,0,0
stim,187039,217160,0,217160,3414459.455,-0.618,-0.091,0.356,0.695,0,0,12,0,0,0,0,557,42,1.038,1,2231,0,87.265,26.205,86.188,9.250,-10.063,2.008,-0.867,1.578,7.930,24.977,-12.582,0.408,0.364,1.267,1.339,0,NULL,NULL,,3,0,2,7,255,1399,250,0,0
stim,187039,217160,0,217160,3414464.454,-0.619,-0.089,0.358,0.694,0,0,12,0,0,0,0,543,42,1.038,1,2231,0,74.268,26.183,72.438,-15.250,-6.000,1.859,-0.625,1.770,7.930,24.953,-12.582,0.374,0.280,1.267,1.339,0,NULL,NULL,,3,0,2,7,255,1399,250,0,0
stim,187039,217160,0,217160,3414469.455,-0.619,-0.086,0.359,0.693,0,0,11,0,0,0,0,543,42,1.038,1,2231,0,60.557,25.834,48.000,-36.500,-5.563,1.695,-0.508,1.867,6.688,24.953,-9.555,0.370,0.236,1.267,1.339,0,NULL,NULL,,3,0,2,7,255,1399,250,0,0
stim,187039,217160,0,217160,3414474.454,-0.621,-0.084,0.358,0.693,0,0,7,0,0,0,0,539,42,1.038,1,2231,0,65.845,25.123,23.125,-60.875,-9.750,1.328,-0.422,1.941,6.652,24.227,-7.488,0.394,0.236,1.267,1.339,0,NULL,NULL,,3,0,2,7,255,1399,250,0,0
stim,187039,217160,0,217160,3414479.455,-0.623,-0.082,0.355,0.692,0,0,9,0,0,0,0,539,42,1.038,1,2231,0,83.764,22.763,-8.313,-76.938,-32.063,1.195,-0.496,1.953,6.652,21.770,-4.516,0.418,0.266,1.267,1.339,0,NULL,NULL,,3,0,2,7,255,1399,250,0,0
stim,187039,217160,0,217160,3414484.453,-0.625,-0.081,0.351,0.692,0,0,8,0,0,0,0,539,42,1.038,1,2231,0,107.910,21.912,-44.063,-88.563,-43.125,1.090,-0.449,1.816,7.133,20.719,-3.934,0.442,0.294,1.267,1.339,0,NULL,NULL,,3,0,2,7,255,1399,250,0,0
stim,187039,217160,0,217160,3414489.455,-0.628,-0.081,0.346,0.692,0,0,8,0,0,0,0,559,42,1.038,1,2231,0,129.932,20.298,-68.188,-99.125,-49.063,0.871,-0.266,1.766,7.133,19.004,-3.848,0.468,0.322,1.267,1.339,0,NULL,NULL,,3,0,2,7,255,1399,250,0,0
stim,187068,217189,0,217189,3414494.454,-0.629,-0.073,0.344,0.693,51,0,0,342,0,10,0,579,42,1.038,1,2231,0,178.692,18.378,73.000,-155.625,48.813,-0.035,-0.844,2.969,7.133,16.938,-2.277,0.498,0.348,1.267,1.339,0,NULL,NULL,,3,0,2,7,255,1399,250,0,0
stim,187068,217189,0,217189,3414499.455,-0.622,-0.057,0.343,0.701,635,0,0,969,0,104,0,581,42,1.038,1,2231,0,441.981,17.887,141.813,-240.688,342.500,-0.289,1.410,5.516,5.750,16.938,9.594,0.520,0.370,1.267,1.339,0,NULL,NULL,,3,0,2,7,255,1399,250,0,0
stim,187068,217189,0,217189,3414504.454,-0.614,-0.064,0.323,0.718,1161,0,0,1421,0,309,0,631,42,1.038,1,2231,0,658.530,16.968,-578.438,-141.813,281.000,-1.363,2.184,3.426,5.000,16.215,31.109,0.514,0.376,1.267,1.339,0,NULL,NULL,,3,0,2,7,255,1399,250,0,0
stim,187068,217189,0,217189,3414509.455,-0.609,-0.078,0.295,0.732,1592,0,0,1767,0,523,0,698,42,1.038,1,2231,0,779.079,9.516,-754.688,-149.063,123.250,-1.484,2.430,0.031,-7.621,5.699,31.109,0.494,0.374,1.267,1.339,0,NULL,NULL,,3,0,2,7,255,1399,250,0,0
stim,187068,217189,0,217189,3414514.453,-0.608,-0.086,0.277,0.739,1943,0,0,1943,0,649,0,765,42,1.038,1,2231,0,491.782,21.165,-474.438,-128.125,18.500,-1.285,1.691,-1.441,-15.340,-14.582,4.789,0.468,0.370,1.267,1.339,0,NULL,NULL,,3,0,2,7,255,1399,250,0,0
stim,187068,217189,0,217189,3414519.455,-0.611,-0.087,0.268,0.740,2147,0,0,2055,0,827,0,816,43,1.038,1,2232,0,218.511,21.165,-161.625,-131.063,-66.688,-0.602,0.629,-0.793,-15.340,-14.582,-11.242,0.446,0.366,1.267,1.339,1,1333.000,-66.000,,3,0,2,7,255,1399,250,0,0
stim,187102,217223,0,217223,3414524.454,-0.614,-0.083,0.264,0.739,2287,0,0,2148,0,976,0,883,43,1.038,1,2232,0,142.024,11.411,-1.750,-137.375,-36.000,0.066,0.297,0.715,-5.910,-9.762,-11.242,0.426,0.350,1.267,1.339,1,NULL,NULL,,3,0,2,7,255,1399,250,0,0
stim,187102,217223,0,217223,3414529.455,-0.613,-0.080,0.259,0.742,2504,0,0,2358,0,1083,0,923,43,1.038,1,2232,0,158.769,6.909,-61.000,-136.000,54.688,0.148,1.043,1.559,-5.910,3.578,-3.363,0.402,0.322,1.267,1.339,1,NULL,NULL,,3,0,2,7,255,1399,250,0,0
stim,187102,217223,0,217223,3414534.453,-0.610,-0.079,0.250,0.747,2650,0,0,2548,0,1125,0,959,43,1.038,1,2232,0,245.672,6.946,-169.500,-138.938,111.000,-0.773,1.051,1.398,-5.953,3.578,5.359,0.376,0.290,1.267,1.339,1,NULL,NULL,,3,0,2,7,255,1399,250,0,0
stim,187102,217223,0,217223,3414539.455,-0.606,-0.079,0.236,0.755,2765,0,0,2675,0,1145,0,1022,43,1.038,1,2232,0,369.103,6.209,-287.313,-177.500,148.938,-1.871,-0.473,0.586,-5.953,-1.766,5.359,0.344,0.254,1.267,1.339,2,NULL,NULL,,3,0,2,7,255,1399,250,0,0
stim,187137,217258,0,217258,3414544.454,-0.607,-0.080,0.223,0.758,2847,0,0,2775,0,1161,0,1112,43,1.038,1,2232,0,315.434,16.126,-261.063,-176.563,-13.063,-1.867,-0.965,-0.273,9.793,-12.813,1.645,0.306,0.222,1.267,1.339,2,NULL,NULL,,3,0,2,7,255,1399,250,0,0
stim,187137,217258,0,217258,3414549.455,-0.613,-0.077,0.214,0.757,2926,0,0,2856,0,1180,0,1208,43,1.038,1,2232,0,243.316,16.126,-97.000,-187.813,-120.500,-0.832,-0.512,-0.379,9.793,-12.813,-7.027,0.274,0.198,1.267,1.339,2,NULL,NULL,,3,0,2,7,255,1399,250,0,0
stim,187137,217258,0,217258,3414554.453,-0.618,-0.071,0.210,0.754,2957,0,0,2922,0,1212,0,1275,43,1.038,1,2232,0,234.144,10.191,42.250,-196.375,-120.313,0.031,-0.453,0.684,6.273,-8.031,-7.027,0.248,0.176,1.267,1.339,2,NULL,NULL,,3,0,2,7,255,1399,250,0,0
stim,187137,217258,0,217258,3414559.457,-0.622,-0.064,0.206,0.753,2989,0,0,2980,0,1274,0,1355,43,1.038,1,2232,0,202.201,7.232,37.750,-189.875,-58.375,0.418,-0.867,1.773,6.273,3.598,-4.723,0.228,0.158,1.267,1.339,2,NULL,NULL,,3,0,2,7,255,1399,250,0,0
stim,187137,217258,0,217258,3414564.454,-0.623,-0.059,0.199,0.754,3013,0,0,3001,0,1361,0,1413,43,1.038,1,2232,0,186.629,15.057,-53.438,-178.813,1.000,0.473,-0.930,1.828,9.492,11.688,2.895,0.214,0.140,1.267,1.339,2,NULL,NULL,,3,0,2,7,255,1399,250,0,0
stim,187137,217258,0,217258,3414569.455,-0.622,-0.057,0.191,0.757,3045,0,0,3031,0,1439,0,1435,43,1.038,1,2232,0,219.298,15.057,-129.625,-168.563,53.625,0.262,-0.859,1.371,9.492,11.688,2.895,0.202,0.128,1.267,1.339,2,NULL,NULL,,3,0,2,7,255,1399,250,0,0
stim,187137,217258,0,217258,3414574.454,-0.620,-0.055,0.182,0.761,3055,0,0,3059,0,1504,0,1470,43,1.038,1,2232,0,232.766,13.021,-143.313,-163.625,82.875,-0.082,-0.938,0.824,9.891,8.469,0.227,0.190,0.120,1.267,1.339,2,NULL,NULL,,3,0,2,7,255,1399,250,0,0
stim,187137,217258,0,217258,3414579.455,-0.618,-0.051,0.174,0.765,3065,0,0,3080,0,1629,0,1510,43,1.038,1,2232,0,217.398,10.152,-104.938,-168.313,89.000,-0.375,-0.855,0.629,9.504,3.570,-3.688,0.184,0.114,1.267,1.339,2,NULL,NULL,,3,0,2,7,255,1399,250,0,0
stim,187137,217258,0,217258,3414584.453,-0.617,-0.047,0.168,0.768,3062,0,0,3087,5,1759,0,1551,43,1.038,1,2232,0,190.803,9.504,-49.000,-169.688,72.188,-0.367,-0.504,0.773,9.504,0.098,-3.688,0.184,0.108,1.267,1.339,2,NULL,NULL,,3,0,2,7,255,1399,250,0,0
stim,187137,217258,0,217258,3414589.455,-0.616,-0.041,0.163,0.770,3080,0,0,3089,135,1883,0,1619,43,1.038,1,2232,0,177.821,6.348,-21.188,-167.563,55.625,-0.180,-0.121,1.207,6.348,0.098,-2.480,0.198,0.094,1.267,1.339,2,NULL,NULL,,3,0,2,7,255,1399,250,0,0
stim,187163,217284,0,217284,3414594.454,-0.615,-0.037,0.157,0.772,3083,0,0,3091,293,1965,0,1659,43,1.038,1,2232,0,169.920,3.409,-42.500,-155.813,52.813,0.020,0.031,1.465,2.734,2.035,1.668,0.214,0.080,1.267,1.339,2,NULL,NULL,,3,0,2,7,255,1399,250,0,0
stim,187163,217284,0,217284,3414599.455,-0.614,-0.034,0.151,0.774,3079,0,0,3095,494,2069,0,1699,43,1.038,1,2232,0,180.849,3.883,-83.500,-146.688,64.938,0.059,0.090,1.297,1.129,3.715,2.371,0.228,0.064,1.267,1.339,2,NULL,NULL,,3,0,2,7,255,1399,250,0,0
stim,187163,217284,0,217284,3414604.454,-0.612,-0.031,0.144,0.777,3084,0,0,3107,626,2136,0,1768,43,1.038,1,2232,0,182.191,3.746,-93.563,-140.188,69.188,-0.016,0.043,0.992,0.480,3.715,2.371,0.242,0.054,1.267,1.339,2,NULL,NULL,,3,0,2,7,255,1399,250,0,0
stim,187163,217284,0,217284,3414609.455,-0.611,-0.028,0.138,0.779,3095,0,0,3110,883,2237,0,1927,43,1.038,1,2232,0,160.100,2.255,-73.875,-132.250,51.813,-0.063,-0.094,0.902,0.480,2.203,-0.348,0.250,0.048,1.267,1.339,2,NULL,NULL,,3,0,2,7,255,1399,250,0,0
stim,187183,217304,0,217304,3414614.454,-0.610,-0.025,0.133,0.781,3091,0,0,3107,1017,2301,0,2027,43,1.038,1,2232,0,135.455,2.745,-46.688,-123.063,32.000,0.023,-0.074,1.180,1.637,2.203,-0.348,0.256,0.042,1.267,1.339,2,NULL,NULL,,3,0,2,7,255,1399,250,0,0
stim,187183,217304,0,217304,3414619.455,-0.611,-0.023,0.131,0.780,3103,0,0,3111,1205,2357,0,2137,43,1.038,1,2232,0,79.001,3.421,-14.000,-75.813,-17.250,0.219,0.195,1.797,1.637,3.004,1.234,0.264,0.036,1.267,1.339,2,NULL,NULL,,3,0,2,7,255,1399,250,0,0
stim,187183,217304,0,217304,3414624.454,-0.612,-0.022,0.127,0.780,3097,0,0,3117,1331,2387,0,2201,43,1.038,1,2232,0,82.276,5.558,-50.500,-53.125,-37.375,0.574,0.914,1.320,-0.824,5.496,2.949,0.272,0.028,1.267,1.339,2,NULL,NULL,,3,0,2,7,255,1399,250,0,0
stim,187183,217304,0,217304,3414629.455,-0.613,-0.021,0.126,0.780,3097,0,0,3115,1423,2411,0,2247,43,1.038,1,2232,0,50.045,10.756,-17.813,-46.000,-8.438,0.633,1.125,1.215,-8.961,5.949,2.949,0.278,0.024,1.267,1.339,2,NULL,NULL,,3,0,2,7,255,1399,250,0,0
stim,187204,217325,0,217325,3414634.453,-0.612,-0.021,0.123,0.781,3107,0,0,3123,1479,2441,0,2288,43,1.038,1,2232,0,59.398,10.756,-44.375,-24.375,31.063,-0.047,0.109,1.723,-8.961,5.949,2.949,0.284,0.018,1.267,1.339,2,NULL,NULL,,3,0,2,7,255,1399,250,0,0
stim,187204,217325,0,217325,3414639.455,-0.612,-0.024,0.119,0.782,3111,0,0,3128,1527,2455,3,2327,43,1.038,1,2232,0,124.266,2.870,-122.875,-18.500,-1.250,-0.547,0.066,1.223,0.465,2.832,2.938,0.290,0.012,1.267,1.339,2,NULL,NULL,,3,0,2,7,255,1399,250,0,0
stim,187234,217355,0,217355,3414644.454,-0.614,-0.027,0.115,0.780,3101,0,0,3129,1579,2460,10,2351,43,1.038,1,2232,0,118.790,2.797,-91.938,-14.500,-73.813,-0.324,0.453,0.652,0.465,-2.758,2.938,0.296,0.006,1.267,1.339,2,NULL,NULL,,3,0,2,7,255,1399,250,0,0
stim,187234,217355,0,217355,3414649.455,-0.618,-0.027,0.113,0.778,3109,1,0,3143,1605,2473,69,2391,43,1.038,1,2232,0,102.828,3.106,-32.063,-11.688,-97.000,0.184,0.164,0.980,-1.430,-2.758,-0.578,0.302,0.000,1.267,1.339,2,NULL,NULL,,3,0,2,7,255,1399,250,0,0
stim,187234,217355,0,217355,3414654.453,-0.619,-0.029,0.112,0.777,3101,21,0,3143,1643,2477,119,2403,43,1.038,1,2232,0,63.657,3.558,-41.750,-8.750,-47.250,0.316,-0.004,1.277,-1.430,3.258,-0.578,0.000,0.000,1.267,1.339,2,NULL,NULL,,3,0,2,7,255,1399,250,0,0
stim,187234,217355,0,217355,3414659.455,-0.619,-0.030,0.109,0.777,3102,37,0,3141,1673,2492,151,2419,43,1.038,1,2232,0,77.560,3.326,-77.313,-4.438,-4.313,-0.004,0.129,1.160,-0.668,3.258,1.449,0.000,0.000,1.267,1.339,2,NULL,NULL,,3,0,2,7,255,1399,250,0,0
stim,187234,217355,0,217355,3414664.454,-0.620,-0.033,0.106,0.777,3107,55,0,3144,1698,2495,163,2432,43,1.038,1,2232,0,84.946,2.016,-83.813,-0.688,-13.813,-0.238,0.195,0.918,-0.668,1.902,1.449,0.000,0.000,1.267,1.339,2,NULL,NULL,,3,0,2,7,255,1399,250,0,0
stim,187234,217355,0,217355,3414669.455,-0.621,-0.034,0.104,0.776,3103,75,0,3147,1720,2501,197,2454,43,1.038,1,2232,0,76.054,0.687,-62.688,-0.313,-43.063,-0.168,0.113,0.875,-0.668,-0.160,-0.402,0.000,0.000,1.267,1.339,2,NULL,NULL,,3,0,2,7,255,1399,250,0,0
stim,187256,217377,0,217377,3414674.454,-0.623,-0.036,0.102,0.775,3102,111,0,3159,1741,2507,217,2469,43,1.038,1,2232,0,64.385,0.440,-44.375,1.563,-46.625,0.020,0.016,0.980,-0.410,-0.160,-0.414,0.000,0.000,1.267,1.339,2,NULL,NULL,,3,0,2,7,255,1399,250,0,0
stim,187256,217377,0,217377,3414679.455,-0.623,-0.037,0.100,0.774,3109,115,0,3169,1773,2509,243,2478,43,1.038,1,2232,0,50.463,2.007,-42.938,3.250,-26.313,0.020,0.113,1.070,-0.410,1.965,-0.414,0.000,0.000,1.267,1.339,2,NULL,NULL,,3,0,2,7,255,1399,250,0,0
stim,187256,217377,0,217377,3414684.453,-0.624,-0.038,0.099,0.774,3099,141,0,3163,1783,2517,233,2477,43,1.038,1,2232,0,52.134,2.122,-49.250,5.125,-16.313,-0.148,0.223,1.078,-0.801,1.965,0.527,0.000,0.000,1.267,1.339,2,NULL,NULL,,3,0,2,7,255,1399,250,0,0
stim,187256,217377,0,217377,3414689.455,-0.625,-0.040,0.097,0.774,3111,179,23,3172,1811,2523,244,2485,43,1.038,1,2232,0,61.815,0.834,-55.563,6.938,-26.188,-0.215,0.152,1.008,-0.816,0.172,0.527,0.000,0.000,1.267,1.339,2,NULL,NULL,,3,0,2,7,255,1399,250,0,0
stim,187256,217377,0,217377,3414694.454,-0.626,-0.042,0.096,0.773,3099,197,62,3171,1832,2527,248,2493,43,1.038,1,2232,0,62.648,0.823,-51.438,5.250,-35.375,-0.191,0.012,0.938,-0.816,-0.105,0.363,0.000,0.000,1.267,1.339,2,NULL,NULL,,3,0,2,7,255,1399,250,0,0
stim,187256,217377,0,217377,3414699.455,-0.627,-0.043,0.094,0.772,3096,221,61,3181,1869,2541,281,2503,43,1.038,1,2232,0,55.942,0.454,-41.500,4.438,-37.250,-0.141,-0.070,0.918,0.441,-0.105,-0.461,0.000,0.000,1.267,1.339,2,NULL,NULL,,3,0,2,7,255,1399,250,0,0
stim,187256,217377,0,217377,3414704.454,-0.628,-0.044,0.093,0.771,3092,242,139,3171,1895,2539,285,2502,43,1.038,1,2232,0,46.073,1.158,-32.875,2.438,-32.188,-0.113,-0.102,0.930,1.047,0.496,-0.715,0.000,0.000,1.267,1.339,2,NULL,NULL,,3,0,2,7,255,1399,250,0,0
stim,187256,217377,0,217377,3414709.455,-0.629,-0.045,0.091,0.771,3093,249,155,3179,1907,2540,294,2510,43,1.038,1,2232,0,37.928,1.517,-27.313,1.875,-26.250,-0.102,-0.156,0.938,1.258,0.848,-0.715,0.000,0.000,1.267,1.339,2,NULL,NULL,,3,0,2,7,255,1399,250,0,0
stim,187285,217406,0,217406,3414714.454,-0.629,-0.046,0.091,0.770,3093,249,199,3178,1931,2540,298,2514,43,1.038,1,2232,0,28.966,2.043,-23.063,0.938,-17.500,-0.094,-0.234,0.906,1.750,1.055,-0.715,0.000,0.000,1.267,1.339,2,NULL,NULL,,3,0,2,7,255,1399,250,0,0
stim,187285,217406,0,217406,3414719.455,-0.630,-0.047,0.090,0.770,3087,243,242,3173,1952,2534,281,2515,43,1.038,1,2232,0,18.589,2.674,-17.813,-1.625,-5.063,-0.152,-0.254,0.887,2.457,1.055,-1.055,0.000,0.000,1.267,1.339,2,NULL,NULL,,3,0,2,7,255,1399,250,0,0
stim,187285,217406,0,217406,3414724.454,-0.630,-0.047,0.089,0.770,3093,238,286,3171,1979,2539,284,2523,43,1.038,1,2232,0,13.372,2.548,-12.938,-2.813,-1.875,-0.215,-0.180,0.898,2.457,0.676,-1.055,0.000,0.000,1.267,1.339,2,NULL,NULL,,3,0,2,7,255,1399,250,0,0
stim,187285,217406,0,217406,3414729.455,-0.630,-0.047,0.089,0.770,3091,231,309,3171,1989,2541,283,2527,43,1.038,1,2232,0,9.268,2.137,-6.000,-3.625,-6.063,-0.207,-0.145,0.898,2.137,-0.043,-0.879,0.000,0.000,1.267,1.339,2,NULL,NULL,,3,0,2,7,255,1399,250,0,0
stim,187285,217406,0,217406,3414734.453,-0.630,-0.047,0.088,0.770,3079,239,343,3166,2003,2543,277,2532,43,0.961,1,2232,1,9.504,1.782,-2.000,-6.250,-6.875,-0.176,-0.133,0.945,1.781,-0.043,-0.848,0.000,0.000,1.172,1.336,2,NULL,NULL,,3,0,2,7,255,1399,250,0,0
stim,187285,217406,0,217406,3414739.455,-0.630,-0.047,0.088,0.770,3089,233,366,3171,2005,2544,268,2543,43,0.961,1,2232,1,6.688,1.636,-1.063,-6.313,-1.938,-0.133,-0.133,0.941,1.605,0.316,-0.574,0.006,0.004,1.172,1.336,2,NULL,NULL,,3,0,2,7,255,1399,250,0,0
stim,187314,217435,0,217435,3414744.454,-0.630,-0.047,0.088,0.770,3065,231,395,3160,2019,2541,251,2541,43,0.961,1,2232,1,8.801,1.537,1.375,-7.750,3.938,-0.168,-0.082,0.953,1.504,0.316,-0.480,0.010,0.008,1.172,1.336,2,NULL,NULL,,3,0,2,7,255,1399,250,0,0
stim,187314,217435,0,217435,3414749.455,-0.630,-0.047,0.088,0.770,3063,233,425,3156,2026,2549,251,2549,43,0.961,1,2232,1,9.584,1.140,5.875,-7.563,0.375,-0.188,-0.012,0.969,1.102,0.293,-0.395,0.012,0.010,1.172,1.336,2,NULL,NULL,,3,0,2,7,255,1399,250,0,0
stim,187340,217461,0,217461,3414754.453,-0.630,-0.046,0.088,0.770,3067,233,457,3150,2035,2551,261,2556,43,0.961,1,2232,1,12.879,0.504,9.125,-8.000,-4.313,-0.164,0.035,1.000,0.480,0.152,-0.172,0.016,0.012,1.172,1.336,2,NULL,NULL,,3,0,2,7,255,1399,250,0,0
stim,187340,217461,0,217461,3414759.455,-0.631,-0.046,0.088,0.770,3063,232,476,3155,2035,2545,261,2557,43,0.961,1,2232,1,11.726,0.154,7.500,-7.500,-5.000,-0.145,0.055,1.027,-0.020,0.152,0.121,0.020,0.014,1.172,1.336,2,NULL,NULL,,3,0,2,7,255,1399,250,0,0
stim,187340,217461,0,217461,3414764.454,-0.631,-0.045,0.088,0.770,3047,233,486,3147,2057,2543,265,2571,43,0.961,1,2232,1,8.528,0.276,3.188,-7.063,-3.563,-0.164,0.059,1.020,-0.230,0.152,0.328,0.022,0.016,1.172,1.336,2,NULL,NULL,,3,0,2,7,255,1399,250,0,0
stim,187340,217461,0,217461,3414769.455,-0.631,-0.045,0.087,0.770,3055,233,507,3140,2067,2537,261,2573,43,0.961,1,2232,1,9.212,0.276,1.188,-7.563,-5.125,-0.199,0.051,0.988,-0.230,0.152,0.328,0.024,0.018,1.172,1.336,2,NULL,NULL,,3,0,2,7,255,1399,250,0,0
stim,187340,217461,0,217461,3414774.453,-0.631,-0.045,0.087,0.769,3047,235,541,3127,2071,2542,279,2580,43,0.961,1,2232,1,13.463,0.239,3.688,-8.375,-9.875,-0.199,0.055,0.977,-0.105,-0.215,0.094,0.026,0.020,1.172,1.336,2,NULL,NULL,,3,0,2,7,255,1399,250,0,0
stim,187340,217461,0,217461,3414779.455,-0.632,-0.044,0.087,0.769,3023,232,573,3115,2095,2543,285,2589,43,0.961,1,2232,1,18.044,0.239,7.375,-9.250,-13.625,-0.168,0.082,1.004,-0.105,-0.215,0.094,0.028,0.024,1.172,1.336,2,NULL,NULL,,3,0,2,7,255,1399,250,0,0
stim,187340,217461,0,217461,3414784.453,-0.632,-0.044,0.087,0.769,3007,235,605,3113,2107,2543,297,2595,43,0.961,1,2232,1,18.690,0.419,8.313,-9.813,-13.563,-0.137,0.133,1.035,-0.418,0.027,0.176,0.032,0.028,1.172,1.336,2,NULL,NULL,,3,0,2,7,255,1399,250,0,0
stim,187340,217461,0,217461,3414789.455,-0.633,-0.043,0.087,0.768,3001,234,644,3093,2137,2539,311,2598,43,0.961,1,2232,1,16.367,1.001,5.938,-10.500,-11.063,-0.141,0.184,1.055,-0.984,0.180,0.461,0.036,0.032,1.172,1.336,2,NULL,NULL,,3,0,2,7,255,1399,250,0,0
stim,187364,217485,0,217485,3414794.454,-0.633,-0.042,0.087,0.768,2991,233,668,3079,2155,2546,340,2607,43,0.961,1,2232,1,15.194,1.464,1.938,-10.625,-10.688,-0.160,0.207,1.059,-1.453,0.180,0.664,0.038,0.034,1.172,1.336,2,NULL,NULL,,3,0,2,7,255,1399,250,0,0
stim,187364,217485,0,217485,3414799.457,-0.633,-0.042,0.087,0.768,2984,235,695,3079,2200,2543,347,2615,43,0.961,1,2232,1,16.968,1.626,-1.563,-10.563,-13.188,-0.160,0.211,1.039,-1.625,-0.043,0.664,0.042,0.038,1.172,1.336,2,NULL,NULL,,3,0,2,7,255,1399,250,0,0
stim,187364,217485,0,217485,3414804.454,-0.634,-0.042,0.087,0.767,2957,232,741,3051,2222,2548,355,2631,43,0.961,1,2232,1,17.109,1.641,-2.438,-11.000,-12.875,-0.148,0.207,1.020,-1.641,-0.043,0.563,0.044,0.042,1.172,1.336,2,NULL,NULL,,3,0,2,7,255,1399,250,0,0
stim,187364,217485,0,217485,3414809.455,-0.634,-0.041,0.086,0.767,2943,233,782,3035,2246,2543,379,2633,43,0.961,1,2232,1,16.182,1.645,-2.625,-11.750,-10.813,-0.172,0.203,1.031,-1.641,-0.125,0.512,0.044,0.042,1.172,1.336,2,NULL,NULL,,3,0,2,7,255,1399,250,0,0
stim,187384,217505,0,217505,3414814.454,-0.635,-0.041,0.086,0.767,2927,231,845,3029,2281,2548,409,2647,43,0.961,1,2232,1,18.802,1.658,-3.500,-12.125,-13.938,-0.184,0.223,1.043,-1.641,-0.238,0.512,0.046,0.044,1.172,1.336,2,NULL,NULL,,3,0,2,7,255,1399,250,0,0
stim,187384,217505,0,217505,3414819.455,-0.635,-0.040,0.085,0.766,2904,242,930,3019,2301,2556,423,2661,43,0.961,1,2232,1,23.082,1.592,-5.563,-11.563,-19.188,-0.156,0.203,1.035,-1.574,-0.238,0.516,0.046,0.044,1.172,1.336,2,NULL,NULL,,3,0,2,7,255,1399,250,0,0
stim,187384,217505,0,217505,3414824.454,-0.636,-0.040,0.085,0.766,2887,263,1000,3001,2347,2551,475,2663,43,0.961,1,2232,1,24.669,1.577,-9.250,-11.313,-19.875,-0.141,0.129,1.012,-1.574,-0.102,0.516,0.046,0.044,1.172,1.336,2,NULL,NULL,,3,0,2,7,255,1399,250,0,0
stim,187384,217505,0,217505,3414829.455,-0.637,-0.040,0.084,0.765,2863,267,1092,2991,2375,2565,499,2679,43,0.961,1,2232,1,26.584,0.925,-12.250,-10.875,-20.938,-0.172,0.055,0.996,-0.922,-0.074,0.258,0.046,0.042,1.172,1.336,2,NULL,NULL,,3,0,2,7,255,1399,250,0,0
stim,187384,217505,0,217505,3414834.454,-0.638,-0.040,0.083,0.765,2841,275,1167,2975,2407,2556,565,2679,43,0.961,1,2232,1,31.918,0.166,-13.250,-10.688,-27.000,-0.188,0.012,0.965,-0.148,-0.074,0.094,0.044,0.042,1.172,1.336,2,NULL,NULL,,3,0,2,7,255,1399,250,0,0
stim,187384,217505,0,217505,3414839.455,-0.639,-0.041,0.082,0.764,2813,295,1247,2955,2429,2575,650,2683,43,0.961,1,2232,1,36.907,0.265,-11.938,-11.063,-33.125,-0.168,-0.027,0.953,0.254,-0.074,-0.180,0.044,0.040,1.172,1.336,2,NULL,NULL,,3,0,2,7,255,1399,250,0,0
stim,187437,217558,0,217558,3414844.454,-0.640,-0.041,0.081,0.763,2802,294,1307,2940,2462,2571,711,2695,43,0.961,1,2232,1,38.764,0.586,-10.688,-11.125,-35.563,-0.141,-0.070,0.957,0.586,-0.004,-0.348,0.044,0.038,1.172,1.336,2,NULL,NULL,,3,0,2,7,255,1399,250,0,0
stim,187437,217558,0,217558,3414849.455,-0.641,-0.041,0.081,0.762,2782,303,1400,2927,2481,2559,793,2715,43,0.961,1,2232,1,37.132,0.995,-10.500,-11.000,-33.875,-0.125,-0.082,0.961,0.934,0.344,-0.359,0.042,0.034,1.172,1.336,2,NULL,NULL,,3,0,2,7,255,1399,250,0,0
stim,187437,217558,0,217558,3414854.453,-0.642,-0.041,0.080,0.761,2762,325,1478,2910,2494,2568,888,2715,43,0.961,1,2232,1,35.067,1.006,-11.188,-11.313,-31.250,-0.133,-0.066,0.957,0.934,0.375,-0.371,0.040,0.030,1.172,1.336,2,NULL,NULL,,3,0,2,7,255,1399,250,0,0
stim,187437,217558,0,217558,3414859.455,-0.643,-0.041,0.079,0.761,2725,341,1563,2887,2521,2575,960,2727,43,0.961,1,2232,1,33.979,0.930,-11.000,-12.188,-29.750,-0.148,-0.055,0.957,0.852,0.375,-0.359,0.040,0.024,1.172,1.336,2,NULL,NULL,,3,0,2,7,255,1399,250,0,0
stim,187437,217558,0,217558,3414864.454,-0.644,-0.041,0.078,0.760,2701,341,1640,2873,2552,2569,1062,2735,43,0.961,1,2232,1,33.272,0.787,-10.938,-13.500,-28.375,-0.160,-0.043,0.961,0.766,0.184,-0.355,0.040,0.020,1.172,1.336,2,NULL,NULL,,3,0,2,7,255,1399,250,0,0
stim,187437,217558,0,217558,3414869.455,-0.645,-0.041,0.077,0.759,2667,343,1721,2847,2569,2577,1151,2751,43,0.961,1,2232,1,33.407,0.643,-10.938,-14.813,-27.875,-0.176,-0.008,0.977,0.641,0.051,-0.285,0.042,0.016,1.172,1.336,2,NULL,NULL,,3,0,2,7,255,1399,250,0,0
stim,187437,217558,0,217558,3414874.453,-0.646,-0.041,0.076,0.758,2633,347,1787,2825,2592,2568,1239,2761,43,0.961,1,2232,1,36.380,0.360,-11.313,-15.688,-30.813,-0.172,0.039,0.992,0.328,-0.148,-0.090,0.044,0.014,1.172,1.336,2,NULL,NULL,,3,0,2,7,255,1399,250,0,0
stim,187437,217558,0,217558,3414879.455,-0.647,-0.040,0.075,0.757,2603,345,1845,2811,2616,2583,1293,2777,43,0.961,1,2232,1,39.783,0.210,-12.313,-16.063,-34.250,-0.137,0.070,1.016,-0.148,-0.148,0.047,0.044,0.010,1.172,1.336,2,NULL,NULL,,3,0,2,7,255,1399,250,0,0
stim,187437,217558,0,217558,3414884.454,-0.648,-0.040,0.074,0.757,2541,359,1901,2789,2637,2585,1397,2776,43,0.961,1,2232,1,39.756,0.527,-15.813,-16.438,-32.563,-0.113,0.066,1.023,-0.512,0.125,0.230,0.046,0.010,1.172,1.336,2,NULL,NULL,,3,0,2,7,255,1399,250,0,0
stim,187437,217558,0,217558,3414889.455,-0.649,-0.040,0.073,0.756,2510,381,1977,2768,2661,2586,1469,2796,43,0.961,1,2232,1,38.800,0.644,-18.375,-16.250,-30.063,-0.109,0.066,1.016,-0.523,0.375,0.230,0.046,0.008,1.172,1.336,2,NULL,NULL,,3,0,2,7,255,1399,250,0,0
stim,187467,217588,0,217588,3414894.453,-0.650,-0.040,0.072,0.755,2457,396,2058,2747,2681,2587,1555,2805,43,0.961,1,2232,1,38.941,0.670,-19.000,-15.625,-30.188,-0.121,0.070,1.004,-0.555,0.375,0.184,0.048,0.008,1.172,1.336,2,NULL,NULL,,3,0,2,7,255,1399,250,0,0
stim,187467,217588,0,217588,3414899.456,-0.651,-0.040,0.071,0.754,2415,410,2133,2715,2643,2586,1625,2803,43,0.961,1,2232,1,37.903,0.614,-17.438,-15.250,-30.000,-0.121,0.070,0.992,-0.566,0.238,0.098,0.048,0.006,1.172,1.336,2,NULL,NULL,,3,0,2,7,255,1399,250,0,0
stim,187467,217588,0,217588,3414904.454,-0.652,-0.040,0.070,0.754,2371,420,2203,2695,2710,2585,1694,2813,43,0.961,1,2232,1,39.323,0.614,-16.750,-14.750,-32.375,-0.125,0.066,1.012,-0.574,0.219,0.098,0.048,0.006,1.172,1.336,2,NULL,NULL,,3,0,2,7,255,1399,250,0,0
stim,187467,217588,0,217588,3414909.455,-0.654,-0.040,0.069,0.753,2319,429,2264,2667,2723,2585,1764,2825,43,0.961,1,2232,1,42.182,0.614,-18.000,-14.125,-35.438,-0.117,0.055,1.016,-0.574,0.219,0.168,0.046,0.006,1.172,1.336,2,NULL,NULL,,3,0,2,7,255,1399,250,0,0
stim,187467,217588,0,217588,3414914.454,-0.655,-0.041,0.067,0.752,2257,441,2321,2638,2745,2589,1847,2829,43,0.961,1,2232,1,44.294,0.567,-19.938,-13.125,-37.313,-0.102,0.039,1.016,-0.492,0.281,0.188,0.046,0.008,1.172,1.336,2,NULL,NULL,,3,0,2,7,255,1399,250,0,0
stim,187467,217588,0,217588,3414919.455,-0.656,-0.041,0.066,0.751,2193,459,2367,2615,2749,2585,1907,2837,43,0.961,1,2232,1,44.311,0.548,-22.625,-13.000,-35.813,-0.098,0.008,1.008,-0.363,0.410,0.188,0.046,0.010,1.172,1.336,2,NULL,NULL,,3,0,2,7,255,1399,250,0,0
stim,187489,217610,0,217610,3414924.454,-0.657,-0.041,0.065,0.750,2141,467,2419,2585,2763,2585,1971,2843,43,0.961,1,2232,1,44.020,0.437,-25.000,-12.688,-33.938,-0.105,-0.039,1.004,-0.098,0.426,0.098,0.046,0.012,1.172,1.336,2,NULL,NULL,,3,0,2,7,255,1399,250,0,0
stim,187489,217610,0,217610,3414929.455,-0.658,-0.042,0.063,0.749,2083,471,2463,2551,2791,2591,2019,2845,43,0.961,1,2232,1,45.482,0.562,-27.875,-12.688,-33.625,-0.133,-0.047,1.016,0.367,0.426,0.098,0.046,0.014,1.172,1.336,2,NULL,NULL,,3,0,2,7,255,1399,250,0,0
stim,187489,217610,0,217610,3414934.454,-0.659,-0.042,0.062,0.748,2011,472,2505,2517,2793,2585,2075,2859,43,0.961,1,2232,1,53.216,0.416,-34.500,-12.625,-38.500,-0.152,-0.039,1.043,0.367,0.195,0.211,0.046,0.016,1.172,1.336,2,NULL,NULL,,3,0,2,7,255,1399,250,0,0
stim,187489,217610,0,217610,3414939.455,-0.661,-0.043,0.060,0.747,1959,475,2537,2488,2811,2595,2125,2873,43,0.961,1,2232,1,61.596,0.371,-41.813,-13.438,-43.188,-0.133,-0.027,1.012,0.352,0.117,0.211,0.048,0.018,1.172,1.336,2,NULL,NULL,,3,0,2,7,255,1399,250,0,0
stim,187535,217656,0,217656,3414944.453,-0.662,-0.044,0.058,0.746,1891,471,2567,2439,2829,2597,2164,2871,43,0.961,1,2232,1,56.068,0.198,-36.438,-13.063,-40.563,-0.063,-0.035,0.898,0.160,0.117,0.191,0.050,0.018,1.172,1.336,2,NULL,NULL,,3,0,2,7,255,1399,250,0,0
stim,187535,217656,0,217656,3414949.455,-0.663,-0.044,0.057,0.745,1811,469,2584,2379,2831,2585,2207,2873,43,0.961,1,2232,1,38.859,0.668,-22.438,-14.563,-28.188,-0.055,-0.098,0.895,0.160,0.648,-0.996,0.052,0.018,1.172,1.336,2,NULL,NULL,,3,0,2,7,255,1399,250,0,0
stim,187535,217656,0,217656,3414954.454,-0.664,-0.044,0.056,0.745,1721,460,2607,2323,2841,2584,2251,2878,43,0.961,1,2232,1,29.239,0.974,-14.125,-15.250,-20.563,-0.121,-0.113,0.973,0.727,0.648,-0.996,0.052,0.020,1.172,1.336,2,NULL,NULL,,3,0,2,7,255,1399,250,0,0
stim,187535,217656,0,217656,3414959.455,-0.664,-0.044,0.055,0.744,1624,443,2636,2267,2847,2581,2287,2888,43,0.961,1,2232,1,30.836,0.757,-14.563,-15.063,-22.625,-0.152,-0.059,1.027,0.727,0.211,-0.203,0.054,0.020,1.172,1.336,2,NULL,NULL,,3,0,2,7,255,1399,250,0,0
stim,187535,217656,0,217656,3414964.454,-0.665,-0.044,0.054,0.743,1508,439,2655,2207,2857,2581,2325,2891,43,0.961,1,2232,1,35.364,0.407,-17.500,-15.125,-26.750,-0.129,-0.008,1.016,0.402,0.063,0.203,0.056,0.020,1.172,1.336,2,NULL,NULL,,3,0,2,7,255,1399,250,0,0
stim,187535,217656,0,217656,3414969.455,-0.666,-0.044,0.052,0.743,1379,415,2678,2138,2867,2581,2347,2899,43,0.961,1,2232,1,33.860,0.136,-18.813,-15.313,-23.625,-0.098,0.000,1.008,-0.121,0.063,0.203,0.058,0.022,1.172,1.336,2,NULL,NULL,,3,0,2,7,255,1399,250,0,0
stim,187556,217677,0,217677,3414974.454,-0.667,-0.044,0.051,0.742,1243,399,2701,2043,2876,2578,2385,2903,43,0.961,1,2232,1,33.197,0.161,-20.688,-15.688,-20.688,-0.125,-0.012,1.027,-0.148,0.063,0.203,0.058,0.022,1.172,1.336,2,NULL,NULL,,3,0,2,7,255,1399,250,0,0
stim,187556,217677,0,217677,3414979.455,-0.667,-0.044,0.050,0.742,1165,345,2717,1933,2888,2573,2411,2905,43,0.961,1,2232,1,37.691,0.161,-24.500,-16.375,-23.500,-0.156,-0.012,1.039,-0.148,0.063,0.328,0.060,0.024,1.172,1.336,2,NULL,NULL,,3,0,2,7,255,1399,250,0,0
stim,187556,217677,0,217677,3414984.453,-0.668,-0.045,0.048,0.741,1045,316,2733,1832,2908,2569,2451,2909,43,0.961,1,2232,1,43.807,0.213,-27.063,-16.250,-30.375,-0.141,0.004,1.008,-0.148,-0.152,0.328,0.060,0.024,1.172,1.336,2,NULL,NULL,,3,0,2,7,255,1399,250,0,0
stim,187556,217677,0,217677,3414989.455,-0.669,-0.045,0.047,0.740,951,283,2759,1700,2903,2567,2475,2917,43,0.961,1,2232,1,43.298,0.323,-23.063,-16.688,-32.625,-0.094,0.012,0.969,-0.285,-0.152,0.164,0.060,0.024,1.172,1.336,2,NULL,NULL,,3,0,2,7,255,1399,250,0,0
stim,187556,217677,0,217677,3414994.453,-0.670,-0.045,0.046,0.739,850,277,2773,1584,2915,2557,2501,2919,43,0.961,1,2232,1,37.959,0.379,-15.938,-16.938,-30.000,-0.070,-0.012,0.973,-0.285,0.250,-0.270,0.062,0.026,1.172,1.336,2,NULL,NULL,,3,0,2,7,255,1399,250,0,0
stim,187556,217677,0,217677,3414999.455,-0.671,-0.044,0.045,0.739,709,238,2791,1465,2921,2549,2523,2922,43,0.961,1,2232,1,33.027,0.507,-11.688,-17.250,-25.625,-0.078,-0.035,1.020,-0.250,0.441,-0.270,0.062,0.026,1.172,1.336,2,NULL,NULL,,3,0,2,7,255,1399,250,0,0
stim,187556,217677,0,217677,3415004.454,-0.672,-0.044,0.044,0.738,593,232,2807,1364,2934,2543,2543,2925,43,0.961,1,2232,1,30.899,0.507,-12.563,-17.375,-22.250,-0.078,-0.016,1.035,-0.250,0.441,0.191,0.062,0.028,1.172,1.336,2,NULL,NULL,,3,0,2,7,255,1399,250,0,0
stim,187556,217677,0,217677,3415009.455,-0.672,-0.044,0.043,0.738,489,221,2825,1227,2935,2537,2571,2927,43,0.961,1,2232,1,27.700,0.496,-15.063,-17.813,-14.938,-0.090,0.016,1.051,-0.254,0.426,0.363,0.064,0.028,1.172,1.336,2,NULL,NULL,,3,0,2,7,255,1399,250,0,0
stim,187580,217702,0,217702,3415014.453,-0.673,-0.044,0.042,0.737,377,202,2835,1103,2941,2531,2588,2935,43,0.961,1,2232,1,32.632,0.647,-20.688,-17.625,-18.063,-0.145,0.023,1.051,-0.570,0.305,0.508,0.064,0.030,1.172,1.336,2,NULL,NULL,,3,0,2,7,255,1399,250,0,0
stim,187580,217702,0,217702,3415019.455,-0.674,-0.044,0.040,0.737,293,171,2846,933,2961,2534,2606,2935,43,0.961,1,2232,1,39.797,0.571,-24.188,-17.875,-26.063,-0.117,-0.008,1.016,-0.570,-0.023,0.508,0.064,0.030,1.172,1.336,2,NULL,NULL,,3,0,2,7,255,1399,250,0,0
stim,187580,217702,0,217702,3415024.454,-0.674,-0.044,0.039,0.736,210,147,2857,797,2957,2515,2623,2939,43,0.961,1,2232,1,36.615,0.348,-20.688,-18.750,-23.688,-0.086,-0.051,0.977,-0.348,-0.023,0.215,0.066,0.032,1.172,1.336,2,NULL,NULL,,3,0,2,7,255,1399,250,0,0
stim,187580,217702,0,217702,3415029.455,-0.675,-0.044,0.038,0.735,135,95,2867,699,2963,2505,2644,2943,43,0.961,1,2232,1,33.172,0.024,-14.250,-20.125,-22.188,-0.133,-0.043,0.996,0.004,-0.023,0.039,0.066,0.034,1.172,1.336,2,NULL,NULL,,3,0,2,7,255,1399,250,0,0
stim,187601,217722,0,217722,3415034.453,-0.676,-0.044,0.037,0.735,79,77,2875,563,2975,2493,2660,2943,43,0.961,1,2232,1,35.758,0.108,-11.875,-20.625,-26.688,-0.102,-0.066,0.988,0.074,0.078,-0.059,0.066,0.034,1.172,1.336,2,NULL,NULL,,3,0,2,7,255,1399,250,0,0
stim,187601,217722,0,217722,3415039.455,-0.677,-0.043,0.036,0.734,51,61,2885,375,2973,2475,2676,2952,43,0.961,1,2232,1,34.518,0.081,-8.313,-21.875,-25.375,-0.102,-0.051,1.016,0.031,0.074,0.039,0.066,0.034,1.172,1.336,2,NULL,NULL,,3,0,2,7,255,1399,250,0,0
stim,187601,217722,0,217722,3415044.454,-0.678,-0.043,0.035,0.733,27,29,2892,215,2983,2460,2693,2955,43,0.961,1,2232,1,36.224,0.084,-8.375,-23.375,-26.375,-0.086,-0.035,1.043,0.031,0.078,0.215,0.068,0.036,1.172,1.336,2,NULL,NULL,,3,0,2,7,255,1399,250,0,0
stim,187601,217722,1,217722,3415049.455,-0.678,-0.042,0.034,0.733,19,21,2899,139,2994,2451,2702,2957,43,0.961,1,2232,1,34.786,0.303,-10.938,-23.875,-22.813,-0.055,0.020,1.059,-0.172,0.250,0.453,0.068,0.036,1.172,1.336,2,NULL,NULL,,3,1,2,7,255,1399,250,0,0
stim,187641,217762,1,217762,3415054.453,-0.679,-0.042,0.033,0.732,0,1,2908,107,2990,2424,2719,2963,43,0.961,1,2232,1,32.134,0.602,-9.375,-27.000,-14.688,-0.070,0.000,1.027,-0.523,0.297,0.453,0.068,0.036,1.172,1.336,2,NULL,NULL,,3,1,2,7,255,1399,250,0,0
stim,187641,217762,1,217762,3415059.455,-0.679,-0.041,0.032,0.732,0,0,2909,82,2997,2403,2739,2965,43,0.961,1,2232,1,33.859,0.602,-2.313,-29.750,-16.000,-0.133,-0.023,1.012,-0.523,0.297,0.262,0.070,0.036,1.172,1.336,2,NULL,NULL,,3,1,2,7,255,1399,250,0,0
stim,187641,217762,1,217762,3415064.454,-0.680,-0.039,0.031,0.732,0,0,2915,71,3003,2379,2759,2967,43,0.961,1,2232,0,38.736,0.398,12.500,-34.875,-11.313,-0.195,-0.113,1.055,-0.230,-0.324,0.262,0.070,0.036,1.172,1.336,3,NULL,NULL,,3,1,2,7,255,1399,250,0,0
stim,187641,217762,1,217762,3415069.455,-0.680,-0.038,0.030,0.731,0,0,2919,37,3005,2360,2776,2969,43,0.961,1,2232,0,46.399,1.084,21.125,-39.375,-12.500,-0.262,-0.141,1.160,0.660,-0.859,0.699,0.070,0.038,1.172,1.336,3,NULL,NULL,,3,1,2,7,255,1399,250,0,0
stim,187641,217762,1,217762,3415074.453,-0.681,-0.036,0.030,0.731,0,0,2923,11,3013,2340,2789,2970,43,0.961,1,2232,0,52.441,1.428,22.000,-43.313,-19.750,-0.238,-0.129,1.238,0.805,-1.180,1.789,0.068,0.038,1.172,1.336,3,NULL,NULL,,3,1,2,7,255,1399,250,0,0
stim,187641,217762,1,217762,3415079.455,-0.681,-0.034,0.029,0.731,0,0,2925,0,3019,2315,2803,2973,43,0.961,1,2232,0,55.948,1.428,25.438,-48.500,-11.438,-0.184,-0.012,1.375,0.805,-1.180,2.520,0.068,0.038,1.172,1.336,3,NULL,NULL,,3,1,2,7,255,1399,250,0,0
stim,187641,217762,1,217762,3415084.454,-0.681,-0.032,0.027,0.731,0,0,2928,0,3023,2295,2813,2975,43,0.961,1,2232,0,52.811,0.778,-8.438,-52.125,0.875,-0.047,0.082,1.281,-0.398,-0.668,2.688,0.068,0.038,1.172,1.336,3,NULL,NULL,,3,1,2,7,255,1399,250,0,0
stim,187641,217762,1,217762,3415089.455,-0.681,-0.031,0.025,0.731,0,0,2931,0,3029,2267,2823,2976,43,0.961,1,2232,0,57.476,0.844,-25.500,-51.313,4.500,-0.113,0.031,1.070,-0.758,-0.371,2.688,0.068,0.038,1.172,1.336,3,NULL,NULL,,3,1,2,7,255,1399,250,0,0
stim,187662,217783,1,217783,3415094.453,-0.681,-0.030,0.023,0.732,0,0,2931,0,3033,2231,2836,2976,43,0.961,1,2232,0,58.626,0.844,-11.875,-56.500,10.188,-0.152,-0.039,1.000,-0.758,-0.371,0.695,0.068,0.038,1.172,1.336,3,NULL,NULL,,3,1,2,7,255,1399,250,0,0
stim,187662,217783,1,217783,3415099.455,-0.680,-0.028,0.022,0.732,0,0,2927,0,3037,2187,2847,2981,43,0.961,1,2232,0,63.031,0.785,4.375,-61.125,14.750,-0.180,-0.105,1.059,-0.016,-0.785,0.684,0.066,0.040,1.172,1.336,3,NULL,NULL,,3,1,2,7,255,1399,250,0,0
stim,187662,217783,1,217783,3415104.454,-0.680,-0.026,0.020,0.733,0,0,2926,0,3043,2134,2857,2983,43,0.961,1,2232,0,65.190,1.199,9.313,-64.000,8.188,-0.207,-0.133,1.086,0.625,-1.023,0.684,0.066,0.040,1.172,1.336,3,NULL,NULL,,3,1,2,7,255,1399,250,0,0
stim,187662,217783,1,217783,3415109.455,-0.680,-0.023,0.018,0.733,0,0,2920,0,3043,2071,2871,2983,43,0.961,1,2232,0,67.823,1.199,9.250,-67.188,0.438,-0.160,-0.102,1.125,0.625,-1.023,0.977,0.064,0.042,1.172,1.336,3,NULL,NULL,,3,1,2,7,255,1399,250,0,0
stim,187683,217804,1,217804,3415114.454,-0.680,-0.021,0.017,0.733,0,0,2919,0,3049,1999,2879,2982,43,0.961,1,2232,0,71.251,1.214,9.875,-70.500,3.000,-0.172,-0.086,1.152,0.559,-1.078,1.309,0.064,0.042,1.172,1.336,3,NULL,NULL,,3,1,2,7,255,1399,250,0,0
stim,187683,217804,1,217804,3415119.455,-0.680,-0.018,0.015,0.733,0,0,2915,0,3051,1927,2891,2983,43,0.961,1,2232,0,73.077,1.036,5.500,-72.813,-2.875,-0.105,-0.016,1.102,0.449,-0.934,1.309,0.064,0.044,1.172,1.336,3,NULL,NULL,,3,1,2,7,255,1399,250,0,0
stim,187683,217804,1,217804,3415124.454,-0.680,-0.016,0.013,0.733,0,0,2906,0,3063,1847,2897,2983,43,0.961,1,2232,0,76.200,0.985,8.813,-75.688,0.375,-0.141,-0.043,1.059,0.047,-0.984,1.016,0.062,0.046,1.172,1.336,3,NULL,NULL,,3,1,2,7,255,1399,250,0,0
stim,187683,217804,1,217804,3415129.455,-0.680,-0.013,0.011,0.733,0,0,2903,0,3059,1769,2908,2981,43,0.961,1,2232,0,80.415,0.635,14.375,-79.063,-3.000,-0.066,0.012,1.074,-0.254,-0.582,0.719,0.060,0.048,1.172,1.336,3,NULL,NULL,,3,1,2,7,255,1399,250,0,0
stim,187683,217804,1,217804,3415134.454,-0.680,-0.010,0.009,0.734,0,0,2894,0,3061,1699,2920,2981,43,0.961,1,2232,0,83.415,0.359,15.500,-81.125,11.688,-0.035,-0.043,1.125,0.008,-0.359,0.719,0.058,0.050,1.172,1.336,3,NULL,NULL,,3,1,2,7,255,1399,250,0,0
stim,187683,217804,1,217804,3415139.455,-0.679,-0.007,0.007,0.734,0,0,2887,0,3067,1586,2927,2975,43,0.961,1,2232,0,85.665,0.359,7.500,-83.750,16.375,-0.105,-0.039,1.160,0.008,-0.359,1.211,0.056,0.052,1.172,1.336,3,NULL,NULL,,3,1,2,7,255,1399,250,0,0
stim,187736,217858,1,217858,3415144.453,-0.679,-0.004,0.005,0.735,0,0,2877,0,3065,1485,2937,2979,43,0.961,1,2232,0,86.789,0.859,4.250,-86.000,10.875,-0.121,0.000,1.113,0.008,-0.859,1.211,0.052,0.056,1.172,1.336,3,NULL,NULL,,3,1,2,7,255,1399,250,0,0
stim,187736,217858,1,217858,3415149.455,-0.678,-0.001,0.002,0.735,0,0,2869,0,3077,1351,2949,2975,43,0.961,1,2232,0,89.012,1.066,5.625,-88.563,6.938,-0.109,-0.031,1.078,-0.004,-1.066,1.109,0.052,0.056,1.172,1.336,3,NULL,NULL,,3,1,2,7,255,1399,250,0,0
stim,187736,217858,1,217858,3415154.454,-0.678,0.002,0.000,0.735,0,0,2857,0,3087,1213,2959,2971,43,0.961,1,2232,0,93.588,1.085,15.688,-92.125,5.063,-0.078,-0.012,1.094,-0.199,-1.066,0.922,0.054,0.058,1.172,1.336,3,NULL,NULL,,3,1,2,7,255,1399,250,0,0
stim,187736,217858,1,217858,3415159.455,-0.677,0.006,-0.002,0.736,0,0,2847,0,3079,1079,2965,2969,43,0.961,1,2232,0,99.515,0.894,14.688,-97.563,13.000,0.004,0.051,1.219,-0.199,-0.871,0.922,0.054,0.058,1.172,1.336,3,NULL,NULL,,3,1,2,7,255,1399,250,0,0
stim,187736,217858,1,217858,3415164.454,-0.677,0.009,-0.005,0.736,0,0,2839,0,3083,935,2973,2967,43,0.961,1,2232,0,100.671,1.254,6.500,-98.813,18.125,-0.074,0.105,1.199,-0.902,-0.871,1.887,0.054,0.062,1.172,1.336,3,NULL,NULL,,3,1,2,7,255,1399,250,0,0
stim,187736,217858,1,217858,3415169.455,-0.676,0.013,-0.008,0.737,0,0,2824,0,3089,731,2982,2958,43,0.961,1,2232,0,104.970,1.678,1.750,-103.313,18.500,-0.051,0.137,1.219,-1.320,-1.035,2.074,0.052,0.068,1.172,1.336,3,NULL,NULL,,3,1,2,7,255,1399,250,0,0
stim,187737,217858,1,217858,3415174.454,-0.675,0.016,-0.010,0.737,0,0,2806,0,3091,643,2987,2944,43,0.961,1,2232,0,110.042,1.933,3.063,-108.313,19.188,-0.039,0.148,1.191,-1.633,-1.035,1.887,0.050,0.072,1.172,1.336,3,NULL,NULL,,3,1,2,7,255,1399,250,0,0
stim,187737,217858,1,217858,3415179.455,-0.674,0.020,-0.014,0.738,0,0,2789,0,3092,537,2995,2939,43,0.961,1,2232,0,117.010,2.035,1.938,-113.375,28.875,-0.020,0.184,1.254,-1.754,-1.031,2.074,0.046,0.078,1.172,1.336,3,NULL,NULL,,3,1,2,7,255,1399,250,0,0
stim,187763,217884,1,217884,3415184.453,-0.673,0.024,-0.017,0.739,0,0,2757,0,3093,441,3000,2925,43,0.961,1,2232,0,122.447,2.299,-6.750,-117.688,33.125,-0.027,0.180,1.305,-2.055,-1.031,2.410,0.044,0.084,1.172,1.336,3,NULL,NULL,,3,1,2,7,255,1399,250,0,0
stim,187763,217884,1,217884,3415189.455,-0.672,0.027,-0.021,0.740,0,0,2719,0,3095,303,3007,2917,43,0.961,1,2232,0,128.216,2.401,-21.750,-121.250,35.563,-0.039,0.152,1.270,-2.055,-1.242,2.523,0.042,0.088,1.172,1.336,3,NULL,NULL,,3,1,2,7,255,1399,250,0,0
stim,187763,217884,1,217884,3415194.453,-0.670,0.030,-0.025,0.741,0,0,2696,0,3087,160,3004,2893,43,0.961,1,2232,0,132.956,2.224,-27.500,-125.125,35.563,-0.023,0.133,1.184,-1.770,-1.348,2.523,0.042,0.092,1.172,1.336,3,NULL,NULL,,3,1,2,7,255,1399,250,0,0
stim,187763,217884,1,217884,3415199.455,-0.669,0.033,-0.030,0.742,0,0,2665,0,3093,107,3017,2873,43,0.961,1,2232,0,138.884,2.115,-28.188,-130.188,39.313,-0.016,0.121,1.164,-1.617,-1.363,1.707,0.042,0.096,1.172,1.336,3,NULL,NULL,,3,1,2,7,255,1399,250,0,0
stim,187763,217884,1,217884,3415204.454,-0.667,0.037,-0.034,0.743,0,0,2635,0,3095,41,3017,2857,43,0.961,1,2232,0,140.811,2.021,-16.375,-134.125,39.625,-0.074,0.105,1.145,-1.492,-1.363,1.484,0.044,0.102,1.172,1.336,3,NULL,NULL,,3,1,2,7,255,1399,250,0,0
stim,187763,217884,1,217884,3415209.455,-0.666,0.041,-0.038,0.744,0,0,2595,0,3087,8,3021,2835,43,0.961,1,2232,0,144.206,2.477,-12.375,-139.188,35.625,-0.051,0.117,1.246,-1.434,-2.020,1.484,0.046,0.106,1.172,1.336,3,NULL,NULL,,3,1,2,7,255,1399,250,0,0
stim,187781,217902,1,217902,3415214.453,-0.664,0.045,-0.043,0.745,0,0,2549,0,3101,0,3028,2799,43,0.961,1,2232,0,148.431,2.396,-24.375,-142.063,35.438,-0.008,0.090,1.359,-1.289,-2.020,2.223,0.050,0.110,1.172,1.336,3,NULL,NULL,,3,1,2,7,255,1399,250,0,0
stim,187781,217902,1,217902,3415219.455,-0.663,0.048,-0.048,0.746,0,0,2505,0,3087,0,3027,2769,43,0.961,1,2232,0,153.073,2.416,-32.250,-144.313,39.563,-0.074,0.047,1.426,-1.227,-2.082,3.375,0.054,0.114,1.172,1.336,3,NULL,NULL,,3,1,2,7,255,1399,250,0,0
stim,187781,217902,1,217902,3415224.454,-0.661,0.052,-0.054,0.747,0,0,2467,0,3087,0,3027,2715,43,0.961,1,2232,0,157.964,2.876,-35.563,-148.688,39.750,-0.148,0.016,1.527,-0.789,-2.766,3.918,0.058,0.120,1.172,1.336,3,NULL,NULL,,3,1,2,7,255,1399,250,0,0
stim,187781,217902,1,217902,3415229.455,-0.659,0.055,-0.060,0.748,0,0,2407,0,3077,0,3028,2671,43,0.961,1,2232,0,168.072,3.791,-49.625,-156.375,36.500,-0.207,-0.004,1.605,-0.434,-3.766,4.742,0.064,0.124,1.172,1.336,3,NULL,NULL,,3,1,2,7,255,1399,250,0,0
stim,187803,217924,1,217924,3415234.453,-0.658,0.059,-0.066,0.748,0,0,2345,0,3066,0,3031,2617,43,0.961,1,2232,0,175.566,4.635,-53.625,-164.750,28.375,-0.297,-0.012,1.594,-0.242,-4.629,5.051,0.072,0.130,1.172,1.336,3,NULL,NULL,,3,1,2,7,255,1399,250,0,0
stim,187803,217924,1,217924,3415239.455,-0.657,0.063,-0.073,0.748,0,0,2278,0,3055,1,3021,2568,43,0.961,1,2232,0,187.762,5.697,-61.250,-176.563,18.125,-0.324,0.016,1.559,-0.242,-5.691,5.051,0.080,0.136,1.172,1.336,3,NULL,NULL,,3,1,2,7,255,1399,250,0,0
stim,187851,217972,1,217972,3415244.454,-0.656,0.067,-0.081,0.748,0,0,2189,0,3047,16,3021,2475,43,0.961,1,2232,0,198.088,6.154,-59.688,-188.688,8.563,-0.324,0.070,1.621,-0.340,-6.145,4.996,0.090,0.144,1.172,1.336,3,NULL,NULL,,3,1,2,7,255,1399,250,0,0
stim,187851,217972,1,217972,3415249.455,-0.655,0.072,-0.089,0.747,0,0,2089,0,3034,27,3005,2389,43,0.961,1,2232,0,212.630,6.657,-65.625,-202.250,0.000,-0.309,0.102,1.656,-0.945,-6.590,4.996,0.098,0.154,1.172,1.336,3,NULL,NULL,,3,1,2,7,255,1399,250,0,0
stim,187851,217972,1,217972,3415254.454,-0.654,0.077,-0.097,0.746,0,0,1981,0,3031,31,2997,2284,43,0.961,1,2232,0,228.332,6.960,-75.250,-215.563,-2.375,-0.285,0.117,1.672,-1.328,-6.832,5.230,0.108,0.166,1.172,1.336,3,NULL,NULL,,3,1,2,7,255,1399,250,0,0
stim,187851,217972,1,217972,3415259.455,-0.653,0.082,-0.106,0.745,0,0,1899,0,3006,33,2975,2185,43,0.961,1,2232,0,243.860,7.153,-77.563,-231.188,-2.000,-0.332,0.172,1.684,-1.578,-6.977,5.230,0.116,0.176,1.172,1.336,3,NULL,NULL,,3,1,2,7,255,1399,250,0,0
stim,187851,217972,1,217972,3415264.454,-0.652,0.088,-0.116,0.744,0,0,1803,0,2991,39,2955,2086,43,0.961,1,2232,0,259.931,8.098,-80.250,-247.063,-9.188,-0.320,0.215,1.664,-2.102,-7.820,5.066,0.124,0.190,1.172,1.336,3,NULL,NULL,,3,1,2,7,255,1399,250,0,0
stim,187851,217972,1,217972,3415269.455,-0.651,0.094,-0.126,0.742,0,0,1710,0,2968,47,2925,2003,43,0.961,1,2232,0,276.214,8.367,-82.313,-263.438,-10.938,-0.262,0.215,1.703,-2.598,-7.953,5.043,0.136,0.206,1.172,1.336,3,NULL,NULL,,3,1,2,7,255,1399,250,0,0
stim,187851,217972,1,217972,3415274.454,-0.650,0.101,-0.137,0.741,0,0,1606,0,2937,56,2895,1927,43,0.961,1,2232,0,291.413,8.486,-75.875,-281.313,-5.250,-0.234,0.270,1.836,-2.742,-8.031,5.043,0.148,0.222,1.172,1.336,3,NULL,NULL,,3,1,2,7,255,1399,250,0,0
stim,187851,217972,1,217972,3415279.455,-0.648,0.109,-0.147,0.739,0,0,1511,0,2907,55,2843,1843,43,0.961,1,2232,0,304.568,9.205,-64.938,-297.563,-1.125,-0.309,0.285,2.070,-3.438,-8.539,6.086,0.162,0.242,1.172,1.336,3,NULL,NULL,,3,1,2,7,255,1399,250,0,0
stim,187851,217972,1,217972,3415284.453,-0.646,0.117,-0.159,0.737,0,0,1435,0,2867,45,2783,1745,43,0.961,1,2232,0,323.044,11.108,-70.813,-315.188,-0.063,-0.402,0.328,2.316,-3.680,-10.480,7.699,0.182,0.266,1.172,1.336,3,NULL,NULL,,3,1,2,7,255,1399,250,0,0
stim,187851,217972,1,217972,3415289.455,-0.644,0.125,-0.171,0.735,0,0,1378,0,2825,30,2705,1637,43,0.961,1,2232,0,345.915,13.483,-89.875,-334.000,-4.875,-0.445,0.336,2.398,-4.176,-12.820,9.238,0.204,0.292,1.172,1.336,3,NULL,NULL,,3,1,2,7,255,1399,250,0,0
stim,187851,217972,1,217972,3415294.454,-0.642,0.134,-0.184,0.732,0,0,1262,0,2758,21,2599,1544,43,0.961,1,2232,0,361.052,14.714,-90.688,-349.125,-15.688,-0.445,0.324,2.457,-4.293,-14.074,9.363,0.228,0.322,1.172,1.336,3,NULL,NULL,,3,1,2,7,255,1399,250,0,0
stim,187851,217972,0,217972,3415299.455,-0.640,0.143,-0.197,0.729,0,0,1133,0,2681,5,2463,1438,43,0.961,1,2232,0,375.590,15.525,-100.188,-361.250,-23.000,-0.441,0.379,2.492,-4.313,-14.914,9.363,0.256,0.352,1.172,1.336,3,NULL,NULL,,3,0,2,7,255,1400,250,0,0
stim,187871,217992,0,217992,3415304.454,-0.638,0.151,-0.211,0.725,0,0,985,0,2595,0,2303,1310,43,0.961,1,2232,0,388.779,16.469,-117.750,-369.063,-32.813,-0.398,0.371,2.449,-4.988,-15.695,9.164,0.288,0.388,1.172,1.336,3,NULL,NULL,,3,0,2,7,255,1400,250,0,0
stim,187871,217992,0,217992,3415309.455,-0.636,0.160,-0.225,0.721,0,0,838,0,2485,0,2087,1164,43,0.961,1,2232,0,399.421,16.469,-128.000,-376.875,-33.438,-0.320,0.230,2.379,-4.988,-15.695,8.477,0.322,0.424,1.172,1.336,3,NULL,NULL,,3,0,2,7,255,1400,250,0,0
stim,187871,217992,0,217992,3415314.453,-0.633,0.168,-0.240,0.716,0,0,687,0,2325,0,1836,1023,43,0.961,1,2232,0,412.035,15.719,-135.625,-388.625,-18.688,-0.254,-0.020,2.219,-3.918,-15.223,7.930,0.358,0.464,1.172,1.336,3,NULL,NULL,,3,0,2,7,255,1400,250,0,0
stim,187871,217992,0,217992,3415319.455,-0.630,0.177,-0.256,0.712,0,0,498,0,2137,0,1523,925,43,0.961,1,2232,0,428.670,14.339,-145.938,-403.063,-1.000,-0.164,-0.293,1.848,-1.594,-14.250,6.789,0.402,0.510,1.172,1.336,3,NULL,NULL,,3,0,2,7,255,1400,250,0,0
stim,187896,218017,0,218017,3415324.454,-0.625,0.185,-0.271,0.708,0,0,366,0,1903,0,1123,777,43,0.961,1,2232,0,434.554,11.907,-136.813,-412.313,10.875,0.066,-0.336,1.313,1.145,-11.852,4.293,0.446,0.558,1.172,1.336,3,NULL,NULL,,3,0,2,7,255,1400,250,0,0
stim,187896,218017,0,218017,3415329.455,-0.620,0.196,-0.286,0.704,0,0,251,0,1662,0,624,651,43,0.961,1,2232,0,429.236,7.504,-76.688,-422.000,16.688,0.203,-0.316,0.957,1.633,-7.324,1.180,0.496,0.608,1.172,1.336,3,NULL,NULL,,3,0,2,7,255,1400,250,0,0
stim,187896,218017,0,218017,3415334.453,-0.613,0.209,-0.297,0.702,0,0,215,0,1354,0,237,495,43,0.961,1,2232,0,435.155,6.641,12.063,-433.438,36.688,0.152,-0.195,1.145,1.633,-6.438,-0.301,0.550,0.664,1.172,1.336,3,NULL,NULL,,3,0,2,7,255,1400,250,0,0
stim,187896,218017,0,218017,3415339.455,-0.604,0.223,-0.308,0.700,0,0,140,0,995,0,2,427,43,0.961,1,2232,0,441.115,6.450,53.125,-434.063,57.875,0.039,0.063,1.625,0.395,-6.438,-0.301,0.612,0.726,1.172,1.336,3,NULL,NULL,,3,0,2,7,255,1400,250,0,0
stim,187896,218017,0,218017,3415344.454,-0.595,0.235,-0.319,0.699,0,0,103,0,536,0,0,341,43,0.961,1,2232,0,443.827,11.243,37.188,-433.563,87.313,-0.156,0.105,1.977,-2.211,-11.023,1.590,0.680,0.794,1.172,1.336,3,NULL,NULL,,3,0,2,7,255,1400,250,0,0
stim,187896,218017,0,218017,3415349.455,-0.584,0.246,-0.332,0.698,0,0,83,0,267,0,0,264,43,0.961,1,2232,0,460.513,15.444,-7.938,-441.063,132.188,-0.406,0.059,1.988,-2.211,-15.285,1.590,0.750,0.864,1.172,1.336,3,NULL,NULL,,3,0,2,7,255,1400,250,0,0
stim,187939,218060,0,218060,3415354.453,-0.573,0.256,-0.347,0.697,0,0,77,0,0,0,0,174,43,0.961,1,2232,0,478.183,16.823,-55.125,-447.438,159.438,-0.563,0.297,1.695,-2.391,-16.652,-0.109,0.824,0.938,1.172,1.336,3,NULL,NULL,,3,0,2,7,255,1400,250,0,0
stim,187939,218060,0,218060,3415359.455,-0.563,0.264,-0.362,0.695,0,0,54,0,0,0,0,93,43,0.961,1,2232,0,468.994,16.908,-100.688,-434.063,146.313,-0.531,0.773,1.223,-2.930,-16.652,-4.207,0.894,1.010,1.172,1.336,4,NULL,NULL,,3,0,2,7,255,1400,250,0,0
stim,187939,218060,0,218060,3415364.454,-0.554,0.271,-0.377,0.691,0,0,8,0,0,0,0,40,43,0.961,1,2232,0,443.623,15.148,-122.875,-411.375,111.688,-0.262,1.145,0.887,-7.133,-13.363,-8.445,0.962,1.080,1.172,1.336,0,NULL,NULL,,3,0,2,7,255,1400,250,0,0
stim,187939,218060,0,218060,3415369.455,-0.545,0.278,-0.392,0.687,0,0,11,0,0,0,0,26,43,0.961,1,2232,0,422.960,14.391,-120.875,-390.563,108.375,-0.176,1.109,0.867,-10.789,-9.523,-9.422,1.026,1.146,1.172,1.336,0,NULL,NULL,,3,0,2,7,255,1400,250,0,0
stim,187939,218060,0,218060,3415374.453,-0.537,0.283,-0.406,0.683,0,0,36,0,0,0,0,55,43,0.961,1,2232,0,413.752,14.168,-150.188,-364.188,126.500,-0.191,0.793,0.906,-10.789,-9.184,-9.422,1.080,1.202,1.172,1.336,0,NULL,NULL,,3,0,2,7,255,1400,250,0,0
stim,187939,218060,0,218060,3415379.455,-0.530,0.286,-0.421,0.679,0,0,46,0,0,0,0,73,43,0.961,1,2232,0,395.988,11.836,-182.688,-334.438,107.625,-0.027,0.301,0.852,-7.777,-8.922,-8.957,1.128,1.252,1.172,1.336,0,NULL,NULL,,3,0,2,7,255,1400,250,0,0
stim,187939,218060,0,218060,3415384.453,-0.524,0.290,-0.432,0.674,0,0,57,0,0,0,0,105,43,0.961,1,2232,0,313.475,8.443,-136.375,-274.625,65.188,0.105,-0.191,0.902,-3.551,-7.660,-6.930,1.172,1.298,1.172,1.336,0,NULL,NULL,,3,0,2,7,255,1400,250,0,0
stim,187939,218060,0,218060,3415389.455,-0.518,0.293,-0.441,0.672,0,0,60,0,0,0,0,168,43,0.961,1,2232,0,255.174,7.685,-87.563,-228.313,72.938,0.055,-0.242,1.363,0.613,-7.660,-4.410,1.220,1.346,1.172,1.336,0,NULL,NULL,,3,0,2,7,255,1400,250,0,0
stim,187961,218082,0,218082,3415394.454,-0.514,0.293,-0.449,0.669,0,0,59,0,0,0,0,188,43,0.961,1,2232,0,227.537,11.727,-124.625,-173.688,77.938,-0.141,0.023,1.691,0.613,-11.711,-4.199,1.272,1.400,1.172,1.336,0,NULL,NULL,,3,0,2,7,255,1400,250,0,0
stim,187961,218082,0,218082,3415399.455,-0.513,0.291,-0.459,0.665,0,0,59,0,0,0,0,197,43,0.961,1,2232,0,244.193,13.441,-209.563,-107.563,64.375,-0.262,0.195,1.367,-1.551,-13.352,-4.199,1.328,1.458,1.172,1.336,0,NULL,NULL,,3,0,2,7,255,1400,250,0,0
stim,187961,218082,0,218082,3415404.454,-0.513,0.284,-0.468,0.661,0,0,52,0,0,0,0,177,43,0.961,1,2232,0,269.712,13.611,-257.750,-40.000,68.625,-0.246,0.418,0.676,-2.645,-13.352,-7.273,1.388,1.520,1.172,1.336,0,NULL,NULL,,3,0,2,7,255,1400,250,0,0
stim,187961,218082,0,218082,3415409.455,-0.515,0.277,-0.475,0.658,0,0,52,0,0,0,0,141,43,0.961,1,2232,0,258.112,8.192,-247.188,25.938,69.625,-0.332,0.586,0.078,-4.070,-7.109,-10.672,1.448,1.580,1.172,1.336,0,NULL,NULL,,3,0,2,7,255,1400,250,0,0
stim,187983,218104,0,218104,3415414.454,-0.518,0.269,-0.479,0.656,0,0,45,0,0,0,0,136,43,0.961,1,2232,0,209.708,4.561,-185.813,82.688,51.125,-0.352,0.516,-0.293,-4.070,-2.059,-14.332,1.504,1.638,1.172,1.336,0,NULL,NULL,,3,0,2,7,255,1400,250,0,0
stim,187983,218104,0,218104,3415419.455,-0.521,0.262,-0.480,0.656,0,0,40,0,0,0,0,108,43,0.961,1,2232,0,174.577,3.297,-113.438,126.625,39.688,-0.297,0.309,-0.234,-3.184,0.855,-14.332,1.558,1.690,1.172,1.336,0,NULL,NULL,,3,0,2,7,255,1400,250,0,0
stim,187983,218104,0,218104,3415424.454,-0.524,0.255,-0.479,0.657,0,0,31,0,0,0,0,104,43,0.961,1,2232,0,180.826,1.754,-76.688,159.625,36.563,-0.316,-0.004,-0.012,-1.531,0.855,-14.297,1.610,1.740,1.172,1.336,0,NULL,NULL,,3,0,2,7,255,1400,250,0,0
stim,187983,218104,0,218104,3415429.455,-0.527,0.247,-0.477,0.658,0,0,26,0,0,0,0,99,43,0.961,1,2232,0,203.008,1.635,-76.313,182.313,46.375,-0.262,-0.039,0.027,0.965,-1.320,-12.441,1.664,1.794,1.172,1.336,0,NULL,NULL,,3,0,2,7,255,1400,250,0,0
stim,187983,218104,0,218104,3415434.454,-0.530,0.239,-0.475,0.660,0,0,26,0,0,0,0,101,43,0.961,1,2232,0,219.166,1.673,-68.938,197.000,66.875,-0.281,-0.008,-0.188,1.027,-1.320,-12.441,1.724,1.854,1.172,1.336,0,NULL,NULL,,3,0,2,7,255,1400,250,0,0
stim,187983,218104,0,218104,3415439.455,-0.533,0.230,-0.472,0.663,0,0,20,0,0,0,0,91,43,0.961,1,2232,0,221.198,1.296,-35.625,206.313,71.375,-0.344,0.031,-0.398,1.273,0.238,-12.820,1.790,1.920,1.172,1.336,0,NULL,NULL,,3,0,2,7,255,1400,250,0,0
stim,188037,218158,0,218158,3415444.453,-0.536,0.223,-0.468,0.667,0,0,19,0,0,0,0,87,43,0.961,1,2232,0,224.672,2.102,10.875,211.813,74.125,-0.313,0.105,-0.383,1.273,1.672,-14.355,1.858,1.990,1.172,1.336,0,NULL,NULL,,3,0,2,7,255,1400,250,0,0
stim,188037,218158,0,218158,3415449.455,-0.538,0.216,-0.462,0.672,0,0,14,0,0,0,0,77,43,0.961,1,2232,0,236.085,1.878,44.563,218.438,77.688,-0.309,0.133,-0.250,0.855,1.672,-14.355,1.922,2.054,1.172,1.336,0,NULL,NULL,,3,0,2,7,255,1400,250,0,0
stim,188060,218181,0,218181,3415454.453,-0.539,0.210,-0.455,0.677,0,0,10,0,0,0,0,80,43,0.961,1,2232,0,249.459,0.547,66.063,224.750,85.750,-0.320,0.184,-0.145,0.281,0.469,-13.871,1.978,2.112,1.172,1.336,0,NULL,NULL,,3,0,2,7,255,1400,250,0,0
stim,188060,218181,0,218181,3415459.455,-0.541,0.203,-0.448,0.683,0,0,8,0,0,0,0,74,43,0.961,1,2232,0,261.555,0.607,84.375,230.438,90.500,-0.387,0.199,-0.066,-0.344,-0.500,-13.805,2.016,2.150,1.172,1.336,0,NULL,NULL,,3,0,2,7,255,1400,250,0,0
stim,188060,218181,0,218181,3415464.454,-0.542,0.197,-0.440,0.689,0,0,8,0,0,0,0,73,43,0.961,1,2232,0,273.704,1.646,102.938,236.188,92.375,-0.461,0.184,0.047,-0.344,-1.609,-13.707,2.044,2.178,1.172,1.336,0,NULL,NULL,,3,0,2,7,255,1400,250,0,0
stim,188060,218181,0,218181,3415469.455,-0.543,0.191,-0.431,0.695,0,0,3,0,0,0,0,70,43,0.961,1,2232,0,278.829,3.035,115.250,240.375,81.750,-0.547,0.148,0.168,-0.309,-3.020,-13.707,2.062,2.198,1.172,1.336,0,NULL,NULL,,3,0,2,7,255,1400,250,0,0
stim,188060,218181,0,218181,3415474.453,-0.545,0.185,-0.422,0.701,0,0,1,0,0,0,0,67,43,0.961,1,2232,0,284.473,4.581,123.875,245.938,71.375,-0.582,0.164,0.328,-0.309,-4.570,-13.445,2.076,2.210,1.172,1.336,0,NULL,NULL,,3,0,2,7,255,1400,250,0,0
stim,188060,218181,0,218181,3415479.455,-0.547,0.179,-0.413,0.706,0,0,6,0,0,0,0,63,43,0.961,1,2232,0,285.982,6.120,126.313,250.625,54.938,-0.648,0.137,0.500,-0.277,-6.113,-12.781,2.080,2.218,1.172,1.336,0,NULL,NULL,,3,0,2,7,255,1400,250,0,0
stim,188060,218181,0,218181,3415484.454,-0.550,0.174,-0.403,0.711,0,0,3,0,0,0,0,60,43,0.961,1,2232,0,286.273,7.903,122.438,255.813,39.000,-0.660,0.164,0.672,-0.359,-7.895,-11.965,2.082,2.222,1.172,1.336,0,NULL,NULL,,3,0,2,7,255,1400,250,0,0
stim,188060,218181,0,218181,3415489.455,-0.553,0.168,-0.393,0.715,0,0,3,0,0,0,0,59,43,0.961,1,2232,0,284.365,9.380,110.250,261.188,22.125,-0.684,0.156,0.785,-0.863,-9.340,-10.941,2.084,2.224,1.172,1.336,0,NULL,NULL,,3,0,2,7,255,1400,250,0,0
stim,188060,218181,0,218181,3415494.453,-0.557,0.162,-0.384,0.718,0,0,4,0,0,0,0,61,43,0.961,1,2232,0,285.594,10.382,100.188,267.438,-1.875,-0.645,0.168,0.859,-0.980,-10.336,-10.172,2.088,2.230,1.172,1.336,0,NULL,NULL,,3,0,2,7,255,1400,250,0,0
stim,188060,218181,0,218181,3415499.455,-0.562,0.156,-0.374,0.721,0,0,1,0,0,0,0,60,43,0.961,1,2232,0,287.561,10.692,85.375,274.125,-16.063,-0.621,0.133,0.895,-1.324,-10.609,-9.219,2.096,2.238,1.172,1.336,0,NULL,NULL,,3,0,2,7,255,1400,250,0,0
stim,188060,218181,0,218181,3415504.454,-0.567,0.150,-0.365,0.723,0,0,2,0,0,0,0,61,43,0.961,1,2232,0,293.167,10.745,72.125,281.688,-37.375,-0.563,0.195,0.977,-1.406,-10.652,-8.449,2.104,2.248,1.172,1.336,0,NULL,NULL,,3,0,2,7,255,1400,250,0,0
stim,188060,218181,0,218181,3415509.455,-0.573,0.143,-0.355,0.724,0,0,0,0,0,0,0,76,43,0.961,1,2232,0,298.506,10.844,54.188,288.688,-53.188,-0.516,0.148,0.945,-2.027,-10.652,-7.516,2.118,2.264,1.172,1.336,0,NULL,NULL,,3,0,2,7,255,1400,250,0,0
stim,188081,218202,0,218202,3415514.453,-0.580,0.136,-0.346,0.725,0,0,0,0,0,0,0,99,43,0.961,1,2232,0,307.434,10.400,42.063,297.250,-66.250,-0.434,0.207,0.926,-2.289,-10.145,-7.023,2.138,2.284,1.172,1.336,0,NULL,NULL,,3,0,2,7,255,1400,250,0,0
stim,188081,218202,0,218202,3415519.455,-0.587,0.129,-0.337,0.725,0,0,0,0,0,0,0,111,43,0.961,1,2232,0,318.995,9.573,35.250,305.625,-84.313,-0.371,0.086,0.852,-2.027,-9.355,-6.637,2.162,2.312,1.172,1.336,0,NULL,NULL,,3,0,2,7,255,1400,250,0,0
stim,188081,218202,0,218202,3415524.454,-0.595,0.121,-0.327,0.724,0,0,1,0,0,0,0,121,43,0.961,1,2232,0,327.730,8.454,32.625,314.813,-85.063,-0.301,0.066,0.734,-1.848,-8.250,-6.320,2.192,2.344,1.172,1.336,0,NULL,NULL,,3,0,2,7,255,1400,250,0,0
stim,188081,218202,0,218202,3415529.455,-0.602,0.114,-0.317,0.724,0,0,5,0,0,0,0,124,43,0.961,1,2232,0,342.262,7.098,44.063,324.750,-98.688,-0.238,0.074,0.672,-1.809,-6.863,-6.320,2.232,2.384,1.172,1.336,0,NULL,NULL,,3,0,2,7,255,1400,250,0,0
stim,188104,218225,0,218225,3415534.454,-0.610,0.106,-0.306,0.723,0,0,5,0,0,0,0,151,43,0.961,1,2232,0,356.166,6.141,59.688,334.188,-107.750,-0.016,0.012,0.613,-1.668,-5.910,-6.320,2.274,2.428,1.172,1.336,0,NULL,NULL,,3,0,2,7,255,1400,250,0,0
stim,188104,218225,0,218225,3415539.455,-0.618,0.099,-0.294,0.723,0,0,9,0,0,0,0,151,43,0.961,1,2232,0,364.610,4.001,75.688,342.563,-99.313,0.145,-0.023,0.512,-1.668,-3.637,-5.258,2.320,2.476,1.172,1.336,0,NULL,NULL,,3,0,2,7,255,1400,250,0,0
stim,188144,218265,0,218265,3415544.453,-0.625,0.092,-0.281,0.723,0,0,5,0,0,0,0,151,43,0.961,1,2232,0,369.847,2.551,110.063,344.125,-79.063,0.129,0.078,0.570,-1.668,-1.930,-5.008,2.366,2.524,1.172,1.336,0,NULL,NULL,,3,0,2,7,255,1400,250,0,0
stim,188144,218265,0,218265,3415549.455,-0.631,0.086,-0.267,0.724,0,0,6,0,0,0,0,151,43,0.961,1,2232,0,378.866,3.118,137.000,345.813,-72.000,0.109,0.176,0.664,-2.449,-1.930,-4.883,2.414,2.572,1.172,1.336,0,NULL,NULL,,3,0,2,7,255,1400,250,0,0
stim,188144,218265,0,218265,3415554.454,-0.636,0.081,-0.252,0.725,0,0,8,0,0,0,0,150,43,0.961,1,2232,0,383.266,3.566,157.688,343.688,-62.500,0.141,0.078,0.734,-2.754,-2.266,-4.414,2.458,2.618,1.172,1.336,0,NULL,NULL,,3,0,2,7,255,1400,250,0,0
stim,188144,218265,0,218265,3415559.455,-0.641,0.076,-0.237,0.726,0,0,3,0,0,0,0,152,43,0.961,1,2232,0,387.586,3.714,180.688,340.000,-44.438,0.129,0.066,0.848,-2.789,-2.453,-3.316,2.502,2.664,1.172,1.336,0,NULL,NULL,,3,0,2,7,255,1400,250,0,0
stim,188144,218265,0,218265,3415564.454,-0.645,0.071,-0.221,0.728,0,0,2,0,0,0,0,153,43,0.961,1,2232,0,392.703,3.835,197.000,337.688,-37.063,0.090,0.207,0.988,-2.789,-2.633,-2.238,2.544,2.706,1.172,1.336,0,NULL,NULL,,3,0,2,7,255,1400,250,0,0
stim,188144,218265,0,218265,3415569.455,-0.649,0.067,-0.205,0.730,0,0,1,0,0,0,0,151,43,0.961,1,2232,0,393.710,5.408,205.875,334.188,-30.688,0.078,0.234,1.105,-4.223,-3.379,-1.410,2.582,2.746,1.172,1.336,0,NULL,NULL,,3,0,2,7,255,1400,250,0,0
stim,188144,218265,0,218265,3415574.454,-0.652,0.062,-0.188,0.732,0,0,0,0,0,0,0,151,43,0.961,1,2232,0,395.278,5.638,216.125,330.313,-20.688,0.016,0.199,1.246,-4.258,-3.695,-0.320,2.618,2.782,1.172,1.336,0,NULL,NULL,,3,0,2,7,255,1400,250,0,0
stim,188144,218265,0,218265,3415579.455,-0.655,0.058,-0.172,0.733,0,0,0,0,0,0,0,147,43,0.961,1,2232,0,394.995,6.187,218.750,328.125,-22.438,-0.051,0.195,1.469,-4.332,-4.418,0.992,2.652,2.818,1.172,1.336,0,NULL,NULL,,3,0,2,7,255,1400,250,0,0
stim,188144,218265,0,218265,3415584.453,-0.658,0.054,-0.156,0.734,0,0,0,0,0,0,0,151,43,0.961,1,2232,0,386.856,6.925,207.500,325.375,-27.063,-0.066,0.191,1.656,-4.332,-5.402,3.012,2.680,2.848,1.172,1.336,0,NULL,NULL,,3,0,2,7,255,1400,250,0,0
stim,188144,218265,0,218265,3415589.455,-0.661,0.050,-0.141,0.735,0,0,0,0,0,0,0,143,43,0.961,1,2232,0,373.625,7.204,186.938,322.563,-24.563,-0.082,0.199,1.785,-4.387,-5.715,4.910,2.706,2.874,1.172,1.336,0,NULL,NULL,,3,0,2,7,255,1400,250,0,0
stim,188144,218265,0,218265,3415594.453,-0.664,0.044,-0.126,0.736,0,0,0,0,0,0,0,141,43,0.961,1,2232,0,359.784,7.278,162.313,319.938,-27.188,-0.117,0.238,1.879,-4.410,-5.789,6.277,2.728,2.896,1.172,1.336,0,NULL,NULL,,3,0,2,7,255,1400,250,0,0
stim,188144,218265,0,218265,3415599.455,-0.667,0.038,-0.112,0.736,0,0,0,0,0,0,0,150,43,0.961,1,2232,0,348.115,7.471,136.688,317.625,-40.188,-0.105,0.262,1.922,-4.723,-5.789,7.242,2.748,2.916,1.172,1.336,0,NULL,NULL,,3,0,2,7,255,1400,250,0,0
stim,188177,218298,0,218298,3415604.454,-0.670,0.032,-0.100,0.735,0,0,0,0,0,0,0,151,43,0.961,1,2232,0,336.668,7.167,112.438,313.875,-46.750,-0.059,0.215,1.914,-4.723,-5.391,7.848,2.766,2.934,1.172,1.336,0,NULL,NULL,,3,0,2,7,255,1400,250,0,0
stim,188177,218298,0,218298,3415609.455,-0.673,0.025,-0.088,0.734,0,0,0,0,0,0,0,171,43,0.961,1,2232,0,325.264,6.138,87.500,309.813,-46.438,0.020,0.125,1.832,-4.305,-4.375,7.848,2.786,2.954,1.172,1.336,0,NULL,NULL,,3,0,2,7,255,1400,250,0,0
stim,188177,218298,0,218298,3415614.453,-0.676,0.018,-0.076,0.733,0,0,0,0,0,0,0,168,43,0.961,1,2232,0,318.918,4.432,75.125,305.313,-53.375,0.133,-0.023,1.730,-3.340,-2.914,7.680,2.806,2.976,1.172,1.336,0,NULL,NULL,,3,0,2,7,255,1400,250,0,0
stim,188177,218298,0,218298,3415619.455,-0.679,0.010,-0.065,0.731,0,0,0,0,0,0,0,179,43,0.961,1,2232,0,319.846,2.106,77.438,305.563,-54.188,0.168,-0.074,1.613,-1.805,-1.086,7.066,2.832,3.000,1.172,1.336,0,NULL,NULL,,3,0,2,7,255,1400,250,0,0
stim,188197,218318,0,218318,3415624.454,-0.681,0.003,-0.053,0.730,0,0,0,0,0,0,0,177,43,0.961,1,2232,0,317.088,1.808,77.688,304.313,-43.625,0.137,0.059,1.559,-1.805,-0.117,6.066,2.858,3.028,1.172,1.336,0,NULL,NULL,,3,0,2,7,255,1400,250,0,0
stim,188197,218318,0,218318,3415629.455,-0.683,-0.004,-0.041,0.729,0,0,0,0,0,0,0,175,43,0.961,1,2232,0,315.722,2.272,80.438,302.938,-37.938,0.090,0.121,1.508,-2.270,-0.102,5.371,2.888,3.056,1.172,1.336,0,NULL,NULL,,3,0,2,7,255,1400,250,0,0
stim,188197,218318,0,218318,3415634.453,-0.685,-0.010,-0.029,0.727,0,0,0,0,0,0,0,169,43,0.961,1,2232,0,314.140,2.713,90.813,298.188,-39.000,0.027,0.172,1.527,-2.711,-0.102,4.961,2.920,3.088,1.172,1.336,0,NULL,NULL,,3,0,2,7,255,1400,250,0,0
stim,188197,218318,0,218318,3415639.455,-0.687,-0.016,-0.017,0.726,0,0,0,0,0,0,0,157,43,0.961,1,2232,0,308.471,2.713,98.063,290.063,-37.438,0.016,0.094,1.586,-2.711,-0.102,4.961,2.952,3.120,1.172,1.336,0,NULL,NULL,,3,0,2,7,255,1400,250,0,0
stim,188197,218318,0,218318,3415644.454,-0.689,-0.022,-0.006,0.725,0,0,0,0,0,0,0,160,43,0.961,1,2232,0,299.180,2.227,96.688,281.438,-30.875,-0.012,0.070,1.578,-2.227,-0.027,5.586,2.984,3.154,1.172,1.336,0,NULL,NULL,,3,0,2,7,255,1400,250,0,0
stim,188197,218318,0,218318,3415649.455,-0.690,-0.027,0.006,0.723,0,0,0,0,0,0,0,163,43,0.961,1,2232,0,291.117,2.026,102.750,270.813,-29.188,-0.039,0.102,1.555,-2.023,0.105,5.586,3.016,3.186,1.172,1.336,0,NULL,NULL,,3,0,2,7,255,1400,250,0,0
stim,188248,218369,0,218369,3415654.453,-0.691,-0.032,0.017,0.722,0,0,2,0,0,0,0,169,43,0.961,1,2232,0,286.699,1.883,117.188,259.813,-31.000,0.016,0.098,1.574,-1.871,0.215,5.488,3.044,3.214,1.172,1.336,0,NULL,NULL,,3,0,2,7,255,1400,250,0,0
stim,188248,218369,0,218369,3415659.455,-0.692,-0.036,0.029,0.720,0,0,3,0,0,0,0,170,43,0.961,1,2232,0,285.751,2.175,132.188,251.688,-28.875,0.109,0.063,1.625,-1.871,1.109,5.488,3.068,3.238,1.172,1.336,0,NULL,NULL,,3,0,2,7,255,1400,250,0,0
stim,188248,218369,0,218369,3415664.454,-0.693,-0.039,0.041,0.719,0,0,5,0,0,0,0,171,43,0.961,1,2232,0,285.889,2.795,143.938,246.313,-18.563,0.176,0.055,1.676,-1.402,2.418,5.914,3.090,3.260,1.172,1.336,0,NULL,NULL,,3,0,2,7,255,1400,250,0,0
stim,188248,218369,0,218369,3415669.455,-0.693,-0.042,0.053,0.717,0,0,9,0,0,0,0,174,43,0.961,1,2232,0,289.566,3.706,155.625,244.063,-7.938,0.207,0.090,1.715,-1.324,3.461,6.293,3.106,3.276,1.172,1.336,0,NULL,NULL,,3,0,2,7,255,1400,250,0,0
stim,188248,218369,0,218369,3415674.454,-0.693,-0.044,0.065,0.716,0,0,13,0,0,0,0,173,43,0.961,1,2232,0,299.104,4.358,171.125,245.313,-1.188,0.238,0.125,1.770,-1.324,4.152,6.551,3.118,3.288,1.172,1.336,0,NULL,NULL,,3,0,2,7,255,1400,250,0,0
stim,188248,218369,0,218369,3415679.455,-0.693,-0.046,0.079,0.715,0,0,11,0,0,0,0,174,43,0.961,1,2232,0,311.859,5.080,187.625,249.063,4.563,0.297,0.145,1.879,-1.375,4.891,6.965,3.126,3.296,1.172,1.336,0,NULL,NULL,,3,0,2,7,255,1400,250,0,0
stim,188248,218369,0,218369,3415684.453,-0.692,-0.048,0.093,0.714,0,0,16,0,0,0,0,175,43,0.961,1,2232,0,323.322,6.159,198.688,254.813,11.438,0.359,0.172,2.020,-1.375,6.004,7.836,3.134,3.304,1.172,1.336,0,NULL,NULL,,3,0,2,7,255,1400,250,0,0
stim,188248,218369,0,218369,3415689.455,-0.691,-0.050,0.107,0.713,0,0,11,0,0,0,0,175,43,0.961,1,2232,0,331.489,7.410,202.500,261.750,19.125,0.418,0.207,2.148,-1.332,7.289,8.953,3.138,3.308,1.172,1.336,0,NULL,NULL,,3,0,2,7,255,1400,250,0,0
stim,188248,218369,0,218369,3415694.454,-0.690,-0.052,0.121,0.712,0,0,9,0,0,0,0,202,43,0.961,1,2232,0,336.320,8.639,201.188,268.063,27.875,0.441,0.223,2.246,-1.313,8.539,9.918,3.140,3.310,1.172,1.336,0,NULL,NULL,,3,0,2,7,255,1400,250,0,0
stim,188248,218369,0,218369,3415699.455,-0.688,-0.053,0.137,0.711,0,0,0,0,0,0,0,288,43,0.961,1,2232,0,365.489,9.536,250.188,261.250,52.313,0.258,0.207,2.859,-1.098,9.473,10.602,3.140,3.310,1.172,1.336,0,NULL,NULL,,3,0,2,7,255,1400,250,0,0
stim,188269,218390,0,218390,3415704.454,-0.683,-0.043,0.158,0.712,0,0,1,0,0,0,0,309,43,0.961,1,2232,0,537.885,9.901,485.438,174.125,152.813,0.484,1.199,5.094,-1.098,9.840,16.633,3.138,3.308,1.172,1.336,0,NULL,NULL,,3,0,2,7,255,1400,250,0,0
stim,188269,218390,0,218390,3415709.455,-0.683,-0.051,0.165,0.710,0,0,2,0,0,0,0,361,43,0.961,1,2232,0,249.268,18.317,2.563,245.125,-45.188,0.547,0.051,4.715,0.094,18.316,32.348,3.130,3.300,1.172,1.336,0,NULL,NULL,,3,0,2,7,255,1400,250,0,0
stim,188269,218390,0,218390,3415714.454,-0.681,-0.069,0.163,0.710,0,0,6,0,0,0,0,371,43,0.961,1,2232,0,425.204,18.883,-331.563,264.813,-27.188,1.094,-0.379,1.848,4.590,18.316,32.348,3.118,3.288,1.172,1.336,0,NULL,NULL,,3,0,2,7,255,1400,250,0,0
stim,188269,218390,0,218390,3415719.455,-0.677,-0.084,0.164,0.712,0,0,8,0,0,0,0,371,43,0.961,1,2232,0,352.688,16.724,-215.438,275.813,43.625,1.527,0.266,-0.051,4.590,16.082,3.402,3.104,3.274,1.172,1.336,0,NULL,NULL,,3,0,2,7,255,1400,250,0,0
stim,188295,218416,0,218416,3415724.454,-0.674,-0.090,0.174,0.712,0,0,11,0,0,0,0,353,43,0.961,1,2232,0,273.393,13.823,60.250,259.063,63.250,1.223,0.078,0.098,-1.695,13.719,-13.199,3.082,3.250,1.172,1.336,0,NULL,NULL,,3,0,2,7,255,1400,250,0,0
stim,188295,218416,0,218416,3415729.455,-0.672,-0.091,0.188,0.711,0,0,10,0,0,0,0,343,43,0.961,1,2232,0,329.411,13.439,204.688,253.875,46.500,0.992,-0.645,1.094,-1.695,13.332,-13.199,3.054,3.220,1.172,1.336,0,NULL,NULL,,3,0,2,7,255,1400,250,0,0
stim,188295,218416,0,218416,3415734.453,-0.669,-0.094,0.200,0.709,0,0,11,0,0,0,0,316,43,0.961,1,2232,0,302.165,14.773,160.313,253.625,35.750,1.020,-1.063,1.555,6.363,13.332,-4.453,3.020,3.184,1.172,1.336,0,NULL,NULL,,3,0,2,7,255,1400,250,0,0
stim,188295,218416,0,218416,3415739.455,-0.666,-0.098,0.212,0.709,0,0,11,0,0,0,0,301,43,0.961,1,2232,0,288.242,16.782,125.875,249.000,72.375,1.172,-0.738,1.090,7.164,15.176,-4.453,2.980,3.144,1.172,1.336,0,NULL,NULL,,3,0,2,7,255,1400,250,0,0
stim,188337,218458,0,218458,3415744.454,-0.660,-0.098,0.226,0.710,0,0,9,0,0,0,0,300,43,0.961,1,2232,0,339.246,16.782,209.125,229.688,136.375,1.016,-0.094,0.926,7.164,15.176,-6.137,2.936,3.098,1.172,1.336,0,NULL,NULL,,3,0,2,7,255,1400,250,0,0
stim,188337,218458,0,218458,3415749.455,-0.655,-0.094,0.242,0.710,0,0,6,0,0,0,0,297,43,0.961,1,2232,0,396.586,12.985,298.375,212.438,152.063,0.598,0.141,1.414,0.902,12.953,-6.137,2.886,3.048,1.172,1.336,0,NULL,NULL,,3,0,2,7,255,1400,250,0,0
stim,188337,218458,0,218458,3415754.453,-0.650,-0.091,0.257,0.709,0,0,9,0,0,0,0,311,43,0.961,1,2232,0,377.395,12.708,297.188,200.750,117.500,0.344,0.020,2.066,0.902,12.676,-0.117,2.834,2.994,1.172,1.336,0,NULL,NULL,,3,0,2,7,255,1400,250,0,0
stim,188337,218458,0,218458,3415759.455,-0.647,-0.089,0.270,0.708,0,0,19,0,0,0,0,335,43,0.961,1,2232,0,313.118,12.981,235.250,190.500,80.063,0.430,-0.063,2.266,2.797,12.676,6.031,2.778,2.934,1.172,1.336,0,NULL,NULL,,3,0,2,7,255,1400,250,0,0
stim,188337,218458,0,218458,3415764.454,-0.643,-0.089,0.281,0.706,0,0,22,0,0,0,0,351,43,0.961,1,2232,0,264.175,15.247,185.875,175.875,65.625,0.598,-0.133,2.184,4.160,14.668,6.031,2.718,2.874,1.172,1.336,0,NULL,NULL,,3,0,2,7,255,1400,250,0,0
stim,188337,218458,0,218458,3415769.455,-0.640,-0.089,0.291,0.705,0,0,21,0,0,0,0,371,43,0.961,1,2232,0,234.751,16.630,162.438,158.875,59.000,0.645,-0.305,2.117,4.656,15.965,4.836,2.656,2.810,1.172,1.336,0,NULL,NULL,,3,0,2,7,255,1400,250,0,0
stim,188337,218458,0,218458,3415774.453,-0.638,-0.089,0.299,0.704,0,0,25,0,0,0,0,396,43,0.961,1,2232,0,201.022,17.318,136.875,143.125,34.500,0.664,-0.492,2.016,6.277,16.141,3.320,2.590,2.742,1.172,1.336,0,NULL,NULL,,3,0,2,7,255,1400,250,0,0
stim,188337,218458,0,218458,3415779.455,-0.636,-0.089,0.306,0.702,0,0,25,0,0,0,0,413,43,0.961,1,2232,0,173.383,18.101,116.313,127.188,18.875,0.953,-0.777,1.824,7.902,16.285,1.605,2.522,2.672,1.172,1.336,0,NULL,NULL,,3,0,2,7,255,1400,250,0,0
stim,188365,218486,0,218486,3415784.454,-0.635,-0.090,0.312,0.701,0,0,23,0,10,0,0,431,43,0.961,1,2232,0,142.647,20.196,87.188,112.500,9.500,1.027,-0.832,1.719,9.777,17.672,-2.461,2.452,2.600,1.172,1.336,0,NULL,NULL,,3,0,2,7,255,1400,250,0,0
stim,188365,218486,0,218486,3415789.455,-0.635,-0.091,0.317,0.699,0,0,21,0,3,0,0,455,43,0.961,1,2232,0,124.307,20.196,74.375,98.750,-13.000,1.168,-0.793,1.430,9.777,17.672,-4.063,2.380,2.526,1.172,1.336,0,NULL,NULL,,3,0,2,7,255,1400,250,0,0
stim,188365,218486,0,218486,3415794.453,-0.635,-0.092,0.322,0.696,0,0,23,0,12,0,0,464,43,0.961,1,2232,0,123.276,20.232,82.375,84.875,-34.750,1.387,-0.973,1.266,9.680,17.766,-7.160,2.308,2.454,1.172,1.336,0,NULL,NULL,,3,0,2,7,255,1400,250,0,0
stim,188365,218486,0,218486,3415799.455,-0.636,-0.092,0.327,0.693,0,0,24,0,31,0,0,479,43,0.961,1,2232,0,125.754,20.637,95.500,70.063,-42.250,1.656,-1.094,1.242,9.680,18.227,-10.301,2.232,2.378,1.172,1.336,0,NULL,NULL,,3,0,2,7,255,1400,250,0,0
stim,188365,218486,0,218486,3415804.454,-0.636,-0.092,0.331,0.691,0,0,24,0,45,0,0,487,43,0.961,1,2232,0,122.143,22.659,103.500,55.500,-33.563,1.789,-1.090,1.289,10.328,20.168,-12.496,2.156,2.302,1.172,1.336,0,NULL,NULL,,3,0,2,7,255,1400,250,0,0
stim,188365,218486,0,218486,3415809.455,-0.637,-0.090,0.335,0.688,0,0,21,0,51,0,0,499,43,0.961,1,2232,0,118.282,23.806,109.313,38.438,-23.750,1.773,-0.992,1.477,10.328,21.449,-12.496,2.074,2.222,1.172,1.336,0,NULL,NULL,,3,0,2,7,255,1400,250,0,0
stim,188366,218487,0,218487,3415814.453,-0.638,-0.088,0.339,0.686,0,0,23,0,53,0,0,501,43,0.961,1,2232,0,110.111,24.210,103.938,20.063,-30.313,1.609,-0.852,1.664,10.055,22.023,-11.430,1.986,2.134,1.172,1.336,0,NULL,NULL,,3,0,2,7,255,1400,250,0,0
stim,188366,218487,0,218487,3415819.455,-0.640,-0.086,0.341,0.683,0,0,24,0,55,0,0,509,43,0.961,1,2232,0,107.409,24.061,94.375,1.875,-51.250,1.535,-0.723,1.754,9.691,22.023,-8.801,1.894,2.042,1.172,1.336,0,NULL,NULL,,3,0,2,7,255,1400,250,0,0
stim,188396,218517,0,218517,3415824.454,-0.642,-0.084,0.343,0.680,0,0,23,0,51,0,0,516,43,0.961,1,2232,0,101.376,23.817,78.188,-18.313,-61.875,1.520,-0.551,1.941,9.066,22.023,-7.422,1.796,1.946,1.172,1.336,0,NULL,NULL,,3,0,2,7,255,1400,250,0,0
stim,188396,218517,0,218517,3415829.455,-0.645,-0.083,0.343,0.678,0,0,23,0,47,0,0,519,43,0.961,1,2232,0,76.787,24.284,38.375,-35.688,-56.125,1.449,-0.430,2.066,8.238,22.844,-5.422,1.690,1.840,1.172,1.336,0,NULL,NULL,,3,0,2,7,255,1400,250,0,0
stim,188396,218517,0,218517,3415834.454,-0.647,-0.083,0.341,0.677,0,0,24,0,48,0,0,523,43,0.961,1,2232,0,76.155,24.124,-10.188,-51.813,-54.875,1.195,-0.336,1.992,7.754,22.844,-3.703,1.580,1.730,1.172,1.336,0,NULL,NULL,,3,0,2,7,255,1400,250,0,0
stim,188396,218517,0,218517,3415839.455,-0.650,-0.083,0.338,0.676,0,0,9,0,0,0,0,536,43,0.961,1,2232,0,102.061,21.747,-43.500,-61.625,-68.750,1.160,-0.398,1.770,7.137,20.543,-3.703,1.468,1.614,1.172,1.336,0,NULL,NULL,,3,0,2,7,255,1400,250,0,0
stim,188446,218567,0,218567,3415844.453,-0.651,-0.076,0.337,0.676,0,0,9,139,0,0,0,598,43,0.961,1,2232,0,155.753,21.747,86.000,-127.938,22.250,0.918,-0.734,2.883,7.137,20.543,-2.461,1.350,1.494,1.172,1.336,0,NULL,NULL,,3,0,2,7,255,1400,250,0,0
stim,188446,218567,0,218567,3415849.455,-0.652,-0.061,0.336,0.677,338,0,0,617,0,17,0,611,43,0.961,1,2232,0,354.502,24.993,214.375,-262.063,105.063,1.602,0.719,6.012,10.340,22.754,4.738,1.228,1.372,1.172,1.336,0,NULL,NULL,,3,0,2,7,255,1400,250,0,0
stim,188446,218567,0,218567,3415854.454,-0.648,-0.070,0.316,0.689,903,0,0,1081,0,93,0,635,43,0.961,1,2232,0,571.203,24.993,-535.563,-140.813,140.063,-0.102,0.371,3.625,10.340,22.754,20.273,1.106,1.246,1.172,1.336,0,NULL,NULL,,3,0,2,7,255,1400,250,0,0
stim,188446,218567,0,218567,3415859.455,-0.640,-0.084,0.288,0.707,1276,0,0,1439,0,263,0,667,43,0.961,1,2232,0,855.888,19.204,-795.375,-181.313,258.938,0.109,2.113,0.258,6.734,17.984,20.273,0.986,1.120,1.172,1.336,0,NULL,NULL,,3,0,2,7,255,1400,250,0,0
stim,188446,218567,0,218567,3415864.454,-0.632,-0.090,0.270,0.721,1640,0,0,1745,0,430,0,695,44,0.961,1,2233,0,554.454,19.692,-480.438,-147.000,234.500,-0.398,2.305,-1.035,-19.633,1.520,-2.543,0.868,0.994,1.172,1.336,1,1378.000,-22.000,,3,0,2,7,255,1400,250,0,0
stim,188446,218567,0,218567,3415869.455,-0.628,-0.088,0.263,0.727,1973,0,0,1913,0,563,0,744,44,0.961,1,2233,0,246.295,22.072,-147.563,-131.375,147.063,-1.211,0.457,-0.602,-19.633,-10.086,-8.309,0.756,0.872,1.172,1.336,1,NULL,NULL,,3,0,2,7,255,1400,250,0,0
stim,188446,218567,0,218567,3415874.454,-0.627,-0.084,0.258,0.730,2183,0,0,2067,0,652,0,789,44,0.961,1,2233,0,164.443,10.560,-46.000,-136.438,79.438,-1.141,-0.699,0.980,-3.129,-10.086,-8.309,0.650,0.752,1.172,1.336,1,NULL,NULL,,3,0,2,7,255,1400,250,0,0
stim,188446,218567,0,218567,3415879.455,-0.626,-0.082,0.252,0.733,2444,0,0,2317,0,716,0,821,44,0.961,1,2233,0,159.474,5.052,-93.313,-120.938,45.813,-0.363,0.527,1.301,-2.242,-4.527,1.766,0.554,0.638,1.172,1.336,1,NULL,NULL,,3,0,2,7,255,1400,250,0,0
stim,188446,218567,0,218567,3415884.453,-0.624,-0.081,0.244,0.738,2605,0,0,2504,0,740,0,842,44,0.961,1,2233,0,210.378,2.286,-144.938,-116.563,98.313,-0.375,1.207,1.137,-2.242,0.445,4.027,0.472,0.534,1.172,1.336,1,NULL,NULL,,3,0,2,7,255,1400,250,0,0
stim,188446,218567,0,218567,3415889.455,-0.618,-0.081,0.234,0.746,2725,0,0,2648,0,749,0,887,44,0.961,1,2233,0,344.690,2.286,-233.500,-155.125,200.563,-1.215,-0.047,0.625,-2.242,0.445,4.027,0.404,0.432,1.172,1.336,1,NULL,NULL,,3,0,2,7,255,1400,250,0,0
stim,188471,218592,0,218592,3415894.454,-0.615,-0.080,0.222,0.753,2823,0,0,2744,0,748,0,953,44,0.961,1,2233,0,318.880,8.721,-241.688,-169.563,120.500,-1.719,-0.762,-0.121,3.875,-7.813,0.387,0.354,0.340,1.172,1.336,1,NULL,NULL,,3,0,2,7,255,1400,250,0,0
stim,188471,218592,0,218592,3415899.455,-0.616,-0.077,0.213,0.755,2861,0,0,2813,0,751,0,1031,44,0.961,1,2233,0,215.175,12.912,-109.563,-185.188,1.313,-1.340,-0.098,-0.160,3.875,-12.316,-5.789,0.342,0.274,1.172,1.336,1,NULL,NULL,,3,0,2,7,255,1400,250,0,0
stim,188471,218592,0,218592,3415904.454,-0.620,-0.071,0.208,0.753,2915,0,0,2885,0,791,0,1115,44,0.961,1,2233,0,203.652,12.855,14.813,-189.250,-73.750,-0.559,0.402,0.754,3.684,-12.316,-5.789,0.356,0.252,1.172,1.336,1,NULL,NULL,,3,0,2,7,255,1400,250,0,0
stim,188471,218592,0,218592,3415909.455,-0.624,-0.065,0.203,0.752,2953,0,0,2935,0,837,0,1183,44,0.961,1,2233,0,202.249,2.733,7.625,-184.750,-81.938,-0.016,0.164,1.742,0.516,-2.684,-0.328,0.384,0.262,1.172,1.336,1,NULL,NULL,,3,0,2,7,255,1400,250,0,0
stim,188471,218592,0,218592,3415914.453,-0.627,-0.063,0.195,0.752,2981,0,0,2979,0,909,0,1255,44,0.961,1,2233,0,198.485,6.119,-88.250,-171.750,-45.938,0.344,-0.246,1.852,0.516,6.098,5.340,0.418,0.302,1.172,1.336,1,NULL,NULL,,3,0,2,7,255,1400,250,0,0
stim,188471,218592,0,218592,3415919.455,-0.627,-0.061,0.186,0.754,3001,0,0,3019,0,971,0,1310,44,0.961,1,2233,0,219.340,10.540,-151.250,-158.813,3.500,0.465,-0.742,1.320,3.746,9.852,5.340,0.450,0.338,1.172,1.336,1,NULL,NULL,,3,0,2,7,255,1400,250,0,0
stim,188494,218615,0,218615,3415924.454,-0.626,-0.060,0.178,0.757,3021,0,0,3048,0,1053,0,1355,44,0.961,1,2233,0,204.761,12.379,-137.688,-144.125,46.875,0.297,-1.098,0.840,7.496,9.852,-0.563,0.484,0.372,1.172,1.336,1,NULL,NULL,,3,0,2,7,255,1400,250,0,0
stim,188494,218615,0,218615,3415929.455,-0.625,-0.057,0.171,0.760,3036,0,0,3076,0,1157,0,1401,44,0.961,1,2233,0,179.633,12.238,-87.813,-138.500,73.313,-0.016,-0.973,0.715,9.902,7.191,-4.723,0.514,0.400,1.172,1.336,2,NULL,NULL,,3,0,2,7,255,1400,250,0,0
stim,188494,218615,0,218615,3415934.453,-0.623,-0.054,0.166,0.763,3047,0,0,3091,0,1305,0,1453,44,0.961,1,2233,0,162.329,10.582,-47.188,-136.625,73.875,-0.266,-0.438,0.910,9.902,3.730,-4.723,0.526,0.420,1.172,1.336,2,NULL,NULL,,3,0,2,7,255,1400,250,0,0
stim,188494,218615,0,218615,3415939.455,-0.622,-0.050,0.161,0.765,3051,0,0,3100,39,1423,0,1496,44,0.961,1,2233,0,149.038,5.589,-42.750,-133.188,51.438,-0.336,-0.063,1.211,5.480,1.094,-1.305,0.522,0.436,1.172,1.336,2,NULL,NULL,,3,0,2,7,255,1400,250,0,0
stim,188494,218615,0,218615,3415944.454,-0.622,-0.048,0.156,0.766,3055,0,0,3107,92,1516,0,1564,44,0.961,1,2233,0,144.562,2.576,-66.063,-125.125,29.625,-0.258,-0.004,1.371,2.332,1.094,2.250,0.508,0.444,1.172,1.336,2,NULL,NULL,,3,0,2,7,255,1400,250,0,0
stim,188494,218615,0,218615,3415949.455,-0.621,-0.046,0.149,0.768,3060,0,0,3115,191,1655,0,1623,44,0.961,1,2233,0,155.079,2.303,-94.875,-120.250,24.250,-0.137,-0.039,1.203,1.727,1.523,2.250,0.488,0.450,1.172,1.336,2,NULL,NULL,,3,0,2,7,255,1400,250,0,0
stim,188548,218669,0,218669,3415954.453,-0.621,-0.044,0.143,0.770,3065,0,0,3116,359,1757,0,1673,44,0.961,1,2233,0,148.149,2.613,-91.250,-113.750,26.125,-0.059,-0.051,0.992,1.594,2.070,1.762,0.458,0.432,1.172,1.336,2,NULL,NULL,,3,0,2,7,255,1400,250,0,0
stim,188548,218669,0,218669,3415959.455,-0.620,-0.043,0.138,0.771,3066,0,0,3125,429,1839,0,1709,44,0.961,1,2233,0,134.584,2.573,-73.438,-109.625,26.500,-0.066,-0.078,0.965,1.527,2.070,-0.418,0.422,0.400,1.172,1.336,2,NULL,NULL,,3,0,2,7,255,1400,250,0,0
stim,188548,218669,0,218669,3415964.454,-0.620,-0.041,0.133,0.772,3069,0,0,3125,500,1920,0,1737,44,0.961,1,2233,0,125.763,2.470,-65.000,-105.313,22.375,-0.074,-0.109,1.004,1.527,1.941,-0.418,0.382,0.356,1.172,1.336,2,NULL,NULL,,3,0,2,7,255,1400,250,0,0
stim,188548,218669,0,218669,3415969.455,-0.620,-0.039,0.128,0.773,3079,0,0,3127,719,2043,0,1823,44,0.961,1,2233,0,121.180,2.461,-64.438,-101.313,16.375,-0.059,-0.074,0.996,1.527,1.930,-0.324,0.338,0.310,1.172,1.336,2,NULL,NULL,,3,0,2,7,255,1400,250,0,0
stim,188548,218669,0,218669,3415974.454,-0.619,-0.037,0.123,0.774,3087,0,0,3130,849,2129,92,1939,44,0.961,1,2233,0,114.675,2.406,-62.188,-95.000,16.063,-0.004,-0.039,1.039,1.422,1.941,-0.293,0.296,0.272,1.172,1.336,2,NULL,NULL,,3,0,2,7,255,1400,250,0,0
stim,188548,218669,0,218669,3415979.455,-0.620,-0.036,0.120,0.775,3095,0,0,3133,959,2182,109,2025,44,0.961,1,2233,0,79.415,2.520,-35.313,-71.125,1.000,0.094,0.094,1.566,0.945,2.336,0.047,0.258,0.244,1.172,1.336,2,NULL,NULL,,3,0,2,7,255,1400,250,0,0
stim,188548,218669,0,218669,3415984.453,-0.621,-0.036,0.117,0.774,3081,0,0,3135,1115,2231,84,2087,44,0.961,1,2233,0,72.058,4.076,-53.313,-37.063,-31.250,0.203,0.379,1.430,-0.219,4.070,3.809,0.224,0.224,1.172,1.336,2,NULL,NULL,,3,0,2,7,255,1400,250,0,0
stim,188548,218669,0,218669,3415989.455,-0.622,-0.036,0.115,0.774,3087,0,0,3143,1203,2264,101,2136,44,0.961,1,2233,0,60.110,5.265,-45.813,-33.000,-20.625,0.398,0.891,1.043,-3.340,4.070,3.809,0.204,0.208,1.172,1.336,2,NULL,NULL,,3,0,2,7,255,1400,250,0,0
stim,188548,218669,0,218669,3415994.454,-0.622,-0.036,0.113,0.774,3087,0,0,3143,1276,2299,104,2181,44,0.961,1,2233,0,34.350,6.179,-27.063,-21.125,1.125,0.066,0.539,1.367,-4.648,4.070,3.656,0.192,0.196,1.172,1.336,2,NULL,NULL,,3,0,2,7,255,1400,250,0,0
stim,188548,218669,0,218669,3415999.455,-0.622,-0.038,0.110,0.775,3087,13,0,3147,1353,2326,107,2226,44,0.961,1,2233,0,88.705,5.208,-87.188,-14.063,-8.313,-0.430,0.031,1.426,-4.648,2.348,3.656,0.184,0.184,1.172,1.336,2,NULL,NULL,,3,0,2,7,255,1400,250,0,0
stim,188568,218689,0,218689,3416004.454,-0.624,-0.042,0.106,0.773,3083,27,0,3147,1428,2342,108,2265,44,0.961,1,2233,0,129.076,1.193,-113.250,-11.375,-60.875,-0.441,0.117,0.902,0.059,-1.191,3.656,0.184,0.174,1.172,1.336,2,NULL,NULL,,3,0,2,7,255,1400,250,0,0
stim,188568,218689,0,218689,3416009.455,-0.627,-0.043,0.103,0.771,3087,55,0,3151,1529,2362,109,2297,44,0.961,1,2233,0,123.165,1.193,-62.938,-11.438,-105.250,-0.105,0.133,0.680,0.059,-1.191,-0.223,0.186,0.162,1.172,1.336,2,NULL,NULL,,3,0,2,7,255,1400,250,0,0
stim,188568,218689,0,218689,3416014.454,-0.630,-0.044,0.102,0.768,3087,60,0,3156,1572,2381,117,2328,44,0.961,1,2233,0,94.398,0.277,-20.438,-11.000,-91.500,0.195,0.008,0.980,-0.262,0.090,-0.777,0.194,0.150,1.172,1.336,2,NULL,NULL,,3,0,2,7,255,1400,250,0,0
stim,188568,218689,0,218689,3416019.455,-0.632,-0.044,0.100,0.767,3087,71,0,3159,1607,2395,118,2351,44,0.961,1,2233,0,58.687,3.767,-33.313,-7.375,-47.750,0.148,0.008,1.223,-0.262,3.758,-0.777,0.210,0.132,1.172,1.336,2,NULL,NULL,,3,0,2,7,255,1400,250,0,0
stim,188597,218718,0,218718,3416024.454,-0.632,-0.046,0.098,0.767,3087,103,0,3163,1655,2407,123,2377,44,0.961,1,2233,0,69.614,3.767,-65.375,-3.750,-23.625,-0.102,0.102,1.117,-0.262,3.758,1.156,0.238,0.106,1.172,1.336,2,NULL,NULL,,3,0,2,7,255,1400,250,0,0
stim,188597,218718,0,218718,3416029.455,-0.634,-0.048,0.095,0.766,3087,117,1,3164,1696,2424,122,2397,44,0.961,1,2233,0,79.578,1.066,-70.438,-1.500,-37.000,-0.238,0.082,0.918,-0.270,1.031,1.156,0.264,0.084,1.172,1.336,2,NULL,NULL,,3,0,2,7,255,1400,250,0,0
stim,188597,218718,0,218718,3416034.453,-0.635,-0.050,0.093,0.765,3087,165,16,3169,1726,2441,123,2411,44,0.961,1,2233,0,75.507,0.306,-49.688,-2.188,-56.813,-0.164,-0.043,0.855,-0.270,0.145,-0.484,0.286,0.066,1.172,1.336,2,NULL,NULL,,3,0,2,7,255,1400,250,0,0
stim,188597,218718,0,218718,3416039.455,-0.637,-0.051,0.092,0.763,3087,187,62,3173,1773,2456,134,2429,44,0.961,1,2233,0,62.787,0.745,-28.438,-2.125,-55.938,-0.043,-0.086,0.930,0.730,0.145,-0.832,0.296,0.062,1.172,1.336,2,NULL,NULL,,3,0,2,7,255,1400,250,0,0
stim,188636,218757,0,218757,3416044.454,-0.639,-0.051,0.091,0.762,3089,221,100,3172,1818,2464,136,2442,44,0.961,1,2233,0,47.052,1.682,-24.188,-1.938,-40.313,-0.035,-0.016,1.012,0.730,1.516,-0.832,0.306,0.058,1.172,1.336,2,NULL,NULL,,3,0,2,7,255,1400,250,0,0
stim,188636,218757,0,218757,3416049.455,-0.639,-0.052,0.090,0.762,3087,239,141,3175,1853,2475,139,2451,44,0.961,1,2233,0,40.477,1.570,-27.438,-0.688,-29.750,-0.078,-0.031,1.027,0.410,1.516,-0.023,0.316,0.054,1.172,1.336,2,NULL,NULL,,3,0,2,7,255,1400,250,0,0
stim,188636,218757,0,218757,3416054.453,-0.640,-0.053,0.088,0.761,3087,261,219,3176,1889,2485,145,2460,44,0.961,1,2233,0,36.655,1.330,-29.688,-0.063,-21.500,-0.105,-0.152,0.965,0.410,1.266,-0.023,0.326,0.048,1.172,1.336,2,NULL,NULL,,3,0,2,7,255,1400,250,0,0
stim,188636,218757,0,218757,3416059.455,-0.641,-0.054,0.087,0.761,3087,261,291,3176,1903,2483,143,2462,44,0.961,1,2233,0,28.319,1.897,-25.000,-1.750,-13.188,-0.156,-0.184,0.898,1.559,1.082,-0.402,0.334,0.046,1.172,1.336,2,NULL,NULL,,3,0,2,7,255,1400,250,0,0
stim,188636,218757,0,218757,3416064.454,-0.641,-0.054,0.086,0.761,3087,263,333,3183,1933,2494,135,2472,44,0.961,1,2233,0,18.684,1.638,-14.188,-2.875,-11.813,-0.203,-0.125,0.910,1.559,0.504,-0.707,0.342,0.044,1.172,1.336,2,NULL,NULL,,3,0,2,7,255,1400,250,0,0
stim,188636,218757,0,218757,3416069.455,-0.642,-0.054,0.086,0.760,3087,260,406,3180,1955,2493,136,2479,44,0.961,1,2233,0,18.494,1.455,-5.438,-3.250,-17.375,-0.195,-0.063,0.977,1.453,0.074,-0.707,0.348,0.042,1.172,1.336,2,NULL,NULL,,3,0,2,7,255,1400,250,0,0
stim,188636,218757,0,218757,3416074.453,-0.642,-0.054,0.086,0.760,3087,259,441,3175,1971,2503,135,2473,44,0.961,1,2233,0,19.795,0.812,-4.625,-3.438,-18.938,-0.141,-0.059,1.016,0.809,0.074,-0.074,0.354,0.042,1.172,1.336,2,NULL,NULL,,3,0,2,7,255,1400,250,0,0
stim,188636,218757,0,218757,3416079.455,-0.643,-0.055,0.085,0.759,3092,251,483,3185,1979,2496,125,2485,44,0.999,1,2233,1,15.204,1.044,-8.375,-3.313,-12.250,-0.121,-0.090,1.000,0.809,0.660,0.000,0.000,0.000,1.215,1.344,2,NULL,NULL,,3,0,2,7,255,1400,250,0,0
stim,188663,218784,0,218784,3416084.454,-0.643,-0.055,0.084,0.759,3079,251,520,3174,2003,2503,115,2485,44,0.999,1,2233,1,11.976,1.134,-9.875,-3.375,-5.875,-0.156,-0.109,0.961,0.922,0.660,0.000,0.008,0.010,1.215,1.344,2,NULL,NULL,,3,0,2,7,255,1400,250,0,0
stim,188663,218784,0,218784,3416089.455,-0.643,-0.055,0.084,0.759,3081,252,557,3174,2005,2505,109,2493,44,0.999,1,2233,1,9.138,1.221,-6.063,-4.063,-5.500,-0.184,-0.102,0.934,1.129,0.465,-0.320,0.018,0.018,1.215,1.344,2,NULL,NULL,,3,0,2,7,255,1400,250,0,0
stim,188663,218784,0,218784,3416094.453,-0.643,-0.055,0.084,0.759,3081,250,599,3176,2011,2503,121,2489,44,0.999,1,2233,1,9.143,1.151,-0.063,-4.750,-7.813,-0.172,-0.086,0.941,1.129,0.223,-0.461,0.026,0.028,1.215,1.344,2,NULL,NULL,,3,0,2,7,255,1400,250,0,0
stim,188663,218784,0,218784,3416099.455,-0.644,-0.055,0.084,0.759,3079,251,619,3177,2021,2502,125,2495,44,0.999,1,2233,1,9.264,0.998,3.625,-5.125,-6.813,-0.145,-0.055,0.977,0.973,0.223,-0.461,0.032,0.034,1.215,1.344,2,NULL,NULL,,3,0,2,7,255,1400,250,0,0
stim,188663,218784,0,218784,3416104.454,-0.644,-0.055,0.083,0.759,3065,253,647,3165,2034,2507,134,2505,44,0.999,1,2233,1,7.162,0.777,3.563,-5.000,-3.688,-0.148,-0.012,1.008,0.625,0.461,-0.152,0.038,0.040,1.215,1.344,2,NULL,NULL,,3,0,2,7,255,1400,250,0,0
stim,188663,218784,0,218784,3416109.455,-0.644,-0.054,0.083,0.759,3061,249,657,3160,2031,2495,123,2495,44,0.999,1,2233,1,6.121,0.504,2.063,-4.625,-3.438,-0.168,0.027,1.020,0.203,0.461,0.164,0.040,0.042,1.215,1.344,2,NULL,NULL,,3,0,2,7,255,1400,250,0,0
stim,188681,218802,0,218802,3416114.454,-0.644,-0.054,0.083,0.759,3055,249,675,3155,2040,2510,123,2500,44,0.999,1,2233,1,7.816,0.250,1.625,-4.313,-6.313,-0.168,0.055,1.016,-0.141,0.207,0.293,0.042,0.044,1.215,1.344,2,NULL,NULL,,3,0,2,7,255,1400,250,0,0
stim,188681,218802,0,218802,3416119.455,-0.644,-0.054,0.083,0.758,3064,247,685,3159,2037,2500,126,2503,44,0.999,1,2233,1,9.311,0.449,1.750,-3.813,-8.313,-0.156,0.055,1.020,-0.398,0.207,0.293,0.042,0.046,1.215,1.344,2,NULL,NULL,,3,0,2,7,255,1400,250,0,0
stim,188681,218802,0,218802,3416124.454,-0.645,-0.054,0.083,0.758,3047,246,697,3147,2043,2489,125,2495,44,0.999,1,2233,1,8.902,0.495,1.188,-3.438,-8.125,-0.148,0.051,1.020,-0.398,0.293,0.293,0.044,0.046,1.215,1.344,2,NULL,NULL,,3,0,2,7,255,1400,250,0,0
stim,188681,218802,0,218802,3416129.455,-0.645,-0.053,0.083,0.758,3041,244,695,3143,2043,2490,126,2495,44,0.999,1,2233,1,8.897,0.514,0.250,-2.813,-8.438,-0.152,0.051,1.016,-0.398,0.324,0.285,0.042,0.046,1.215,1.344,2,NULL,NULL,,3,0,2,7,255,1400,250,0,0
stim,188704,218825,0,218825,3416134.454,-0.645,-0.053,0.083,0.758,3033,245,699,3129,2043,2485,131,2493,44,0.999,1,2233,1,9.960,0.511,0.000,-2.563,-9.625,-0.152,0.051,1.008,-0.395,0.324,0.234,0.042,0.046,1.215,1.344,2,NULL,NULL,,3,0,2,7,255,1400,250,0,0
stim,188704,218825,0,218825,3416139.455,-0.646,-0.053,0.083,0.757,3041,247,699,3129,2043,2487,125,2493,44,0.999,1,2233,1,10.793,0.514,0.813,-2.063,-10.563,-0.141,0.055,1.004,-0.398,0.324,0.191,0.038,0.044,1.215,1.344,2,NULL,NULL,,3,0,2,7,255,1400,250,0,0
stim,188704,218825,0,218825,3416144.453,-0.646,-0.053,0.083,0.757,3020,246,701,3123,2059,2475,127,2495,44,0.999,1,2233,1,9.593,0.544,1.188,-2.250,-9.250,-0.148,0.066,1.004,-0.445,0.313,0.133,0.034,0.038,1.215,1.344,2,NULL,NULL,,3,0,2,7,255,1400,250,0,0
stim,188704,218825,0,218825,3416149.455,-0.646,-0.053,0.083,0.757,3007,246,712,3119,2061,2478,133,2505,44,0.999,1,2233,1,7.986,0.623,0.438,-2.875,-7.438,-0.180,0.074,1.000,-0.539,0.313,0.133,0.028,0.034,1.215,1.344,2,NULL,NULL,,3,0,2,7,255,1400,250,0,0
stim,188747,218868,0,218868,3416154.454,-0.646,-0.053,0.083,0.757,3003,249,734,3111,2081,2479,155,2493,44,0.999,1,2233,1,9.365,0.551,-0.125,-4.063,-8.438,-0.215,0.098,1.000,-0.551,0.000,0.164,0.022,0.028,1.215,1.344,2,NULL,NULL,,3,0,2,7,255,1400,250,0,0
stim,188747,218868,0,218868,3416159.455,-0.647,-0.053,0.083,0.756,2991,249,776,3095,2099,2473,179,2509,44,0.999,1,2233,1,13.109,0.835,0.813,-5.625,-11.813,-0.211,0.125,1.000,-0.746,-0.375,0.219,0.016,0.022,1.215,1.344,2,NULL,NULL,,3,0,2,7,255,1400,250,0,0
stim,188747,218868,0,218868,3416164.454,-0.647,-0.052,0.082,0.756,2981,250,825,3091,2125,2475,214,2505,44,0.999,1,2233,1,15.157,1.057,1.375,-6.625,-13.563,-0.184,0.137,1.016,-0.988,-0.375,0.230,0.012,0.016,1.215,1.344,2,NULL,NULL,,3,0,2,7,255,1400,250,0,0
stim,188747,218868,0,218868,3416169.455,-0.648,-0.052,0.082,0.756,2971,250,885,3087,2153,2471,229,2520,44,0.999,1,2233,1,14.492,1.172,-1.250,-7.438,-12.375,-0.168,0.141,1.016,-1.164,-0.133,0.316,0.010,0.012,1.215,1.344,2,NULL,NULL,,3,0,2,7,255,1400,250,0,0
stim,188747,218868,0,218868,3416174.453,-0.648,-0.052,0.082,0.755,2956,246,928,3064,2186,2471,296,2523,44,0.999,1,2233,1,14.149,1.172,-3.313,-8.813,-10.563,-0.184,0.125,0.996,-1.164,-0.133,0.316,0.012,0.010,1.215,1.344,2,NULL,NULL,,3,0,2,7,255,1400,250,0,0
stim,188747,218868,0,218868,3416179.455,-0.648,-0.051,0.082,0.755,2941,262,1004,3053,2213,2471,319,2535,44,0.999,1,2233,1,15.517,1.065,-2.625,-10.625,-11.000,-0.203,0.105,0.988,-1.055,-0.148,0.137,0.016,0.012,1.215,1.344,2,NULL,NULL,,3,0,2,7,255,1400,250,0,0
stim,188747,218868,0,218868,3416184.454,-0.649,-0.051,0.081,0.755,2910,268,1081,3047,2247,2485,365,2544,44,0.999,1,2233,1,18.967,0.897,-1.438,-11.438,-15.063,-0.203,0.105,1.000,-0.840,-0.316,0.137,0.020,0.014,1.215,1.344,2,NULL,NULL,,3,0,2,7,255,1400,250,0,0
stim,188747,218868,0,218868,3416189.455,-0.650,-0.051,0.081,0.754,2897,276,1187,3023,2285,2480,379,2555,44,0.999,1,2233,1,22.792,0.894,-2.125,-11.500,-19.563,-0.160,0.086,1.004,-0.836,-0.316,0.156,0.022,0.016,1.215,1.344,2,NULL,NULL,,3,0,2,7,255,1400,250,0,0
stim,188747,218868,0,218868,3416194.453,-0.650,-0.050,0.080,0.754,2876,281,1256,3025,2311,2477,411,2577,44,0.999,1,2233,1,23.521,0.694,-3.813,-11.000,-20.438,-0.141,0.043,0.996,-0.688,0.094,0.156,0.020,0.016,1.215,1.344,2,NULL,NULL,,3,0,2,7,255,1400,250,0,0
stim,188747,218868,0,218868,3416199.455,-0.651,-0.050,0.080,0.753,2861,292,1333,3001,2344,2487,488,2596,44,0.999,1,2233,1,23.028,0.426,-6.438,-10.875,-19.250,-0.148,0.008,0.988,-0.309,0.293,0.047,0.020,0.016,1.215,1.344,2,NULL,NULL,,3,0,2,7,255,1400,250,0,0
stim,188772,218893,0,218893,3416204.454,-0.652,-0.050,0.079,0.753,2839,308,1399,2989,2379,2492,542,2601,44,0.999,1,2233,1,24.424,0.295,-8.125,-10.500,-20.500,-0.172,-0.020,0.973,0.035,0.293,-0.035,0.018,0.016,1.215,1.344,2,NULL,NULL,,3,0,2,7,255,1400,250,0,0
stim,188772,218893,0,218893,3416209.455,-0.652,-0.050,0.078,0.752,2823,317,1511,2976,2405,2489,635,2614,44,0.999,1,2233,1,26.912,0.316,-8.938,-10.875,-22.938,-0.184,-0.039,0.961,0.313,0.047,-0.137,0.016,0.016,1.215,1.344,2,NULL,NULL,,3,0,2,7,255,1400,250,0,0
stim,188772,218893,0,218893,3416214.453,-0.653,-0.050,0.078,0.751,2805,312,1575,2971,2419,2486,726,2622,44,0.999,1,2233,1,28.881,0.496,-10.000,-11.438,-24.563,-0.180,-0.059,0.953,0.496,-0.008,-0.242,0.014,0.016,1.215,1.344,2,NULL,NULL,,3,0,2,7,255,1400,250,0,0
stim,188772,218893,0,218893,3416219.455,-0.654,-0.050,0.077,0.751,2783,318,1653,2952,2454,2495,777,2643,44,0.999,1,2233,1,29.378,0.676,-10.688,-12.063,-24.563,-0.172,-0.078,0.953,0.676,-0.008,-0.336,0.012,0.018,1.215,1.344,2,NULL,NULL,,3,0,2,7,255,1400,250,0,0
stim,188795,218916,0,218916,3416224.454,-0.655,-0.050,0.076,0.750,2771,335,1739,2940,2471,2495,886,2647,44,0.999,1,2233,1,28.535,0.793,-10.813,-12.750,-23.125,-0.164,-0.074,0.953,0.789,0.078,-0.352,0.012,0.020,1.215,1.344,2,NULL,NULL,,3,0,2,7,255,1400,250,0,0
stim,188795,218916,0,218916,3416229.455,-0.656,-0.050,0.075,0.750,2757,363,1805,2935,2501,2505,967,2675,44,0.999,1,2233,1,28.182,0.793,-10.625,-13.750,-22.188,-0.168,-0.055,0.961,0.789,0.078,-0.352,0.012,0.022,1.215,1.344,2,NULL,NULL,,3,0,2,7,255,1400,250,0,0
stim,188795,218916,0,218916,3416234.453,-0.656,-0.050,0.074,0.749,2724,389,1851,2914,2526,2507,1034,2677,44,0.999,1,2233,1,28.552,0.589,-10.438,-14.438,-22.313,-0.156,-0.016,0.973,0.578,0.113,-0.270,0.012,0.022,1.215,1.344,2,NULL,NULL,,3,0,2,7,255,1400,250,0,0
stim,188795,218916,0,218916,3416239.455,-0.657,-0.050,0.073,0.749,2708,403,1925,2907,2547,2515,1099,2695,44,0.999,1,2233,1,28.682,0.216,-10.563,-15.250,-21.875,-0.137,0.012,0.984,0.184,0.113,-0.145,0.014,0.022,1.215,1.344,2,NULL,NULL,,3,0,2,7,255,1400,250,0,0
stim,188795,218916,0,218916,3416244.453,-0.658,-0.050,0.072,0.748,2681,413,1989,2891,2569,2508,1161,2708,44,0.999,1,2233,1,27.266,0.313,-10.750,-15.500,-19.688,-0.109,0.023,0.992,-0.109,0.293,-0.070,0.016,0.020,1.215,1.344,2,NULL,NULL,,3,0,2,7,255,1400,250,0,0
stim,188795,218916,0,218916,3416249.455,-0.658,-0.050,0.071,0.748,2648,446,2063,2871,2597,2519,1251,2712,44,0.999,1,2233,1,25.609,0.565,-11.125,-15.313,-17.250,-0.109,0.031,0.996,-0.285,0.488,-0.055,0.018,0.018,1.215,1.344,2,NULL,NULL,,3,0,2,7,255,1400,250,0,0
stim,188845,218966,0,218966,3416254.453,-0.659,-0.049,0.070,0.747,2633,466,2131,2860,2615,2515,1369,2731,44,0.999,1,2233,1,23.954,0.595,-10.500,-14.813,-15.625,-0.113,0.027,0.988,-0.340,0.488,-0.055,0.020,0.018,1.215,1.344,2,NULL,NULL,,3,0,2,7,255,1400,250,0,0
stim,188845,218966,0,218966,3416259.455,-0.659,-0.049,0.070,0.747,2597,485,2184,2843,2629,2516,1457,2739,44,0.999,1,2233,1,22.515,0.548,-8.250,-14.688,-14.938,-0.121,0.027,0.992,-0.340,0.430,-0.039,0.022,0.018,1.215,1.344,2,NULL,NULL,,3,0,2,7,255,1400,250,0,0
stim,188845,218966,0,218966,3416264.454,-0.660,-0.049,0.069,0.747,2566,509,2218,2835,2651,2522,1529,2739,44,0.999,1,2233,1,21.171,0.506,-5.750,-14.250,-14.563,-0.121,0.039,1.000,-0.340,0.375,-0.039,0.024,0.016,1.215,1.344,2,NULL,NULL,,3,0,2,7,255,1400,250,0,0
stim,188845,218966,0,218966,3416269.455,-0.660,-0.048,0.069,0.746,2523,541,2283,2821,2671,2524,1604,2751,44,0.999,1,2233,1,21.018,0.562,-4.875,-13.688,-15.188,-0.145,0.070,1.027,-0.453,0.332,0.047,0.028,0.016,1.215,1.344,2,NULL,NULL,,3,0,2,7,255,1400,250,0,0
stim,188845,218966,0,218966,3416274.454,-0.661,-0.048,0.068,0.746,2489,555,2329,2807,2682,2527,1691,2765,44,0.999,1,2233,1,24.496,0.739,-7.125,-13.188,-19.375,-0.160,0.098,1.043,-0.730,0.109,0.355,0.028,0.016,1.215,1.344,2,NULL,NULL,,3,0,2,7,255,1400,250,0,0
stim,188845,218966,0,218966,3416279.455,-0.662,-0.048,0.067,0.745,2455,573,2383,2793,2699,2529,1767,2774,44,0.999,1,2233,1,28.986,0.981,-11.125,-12.813,-23.500,-0.160,0.098,1.047,-0.980,-0.039,0.551,0.030,0.014,1.215,1.344,2,NULL,NULL,,3,0,2,7,255,1400,250,0,0
stim,188845,218966,0,218966,3416284.453,-0.663,-0.048,0.066,0.745,2422,587,2422,2789,2710,2527,1831,2779,44,0.999,1,2233,1,33.470,0.981,-16.125,-12.438,-26.563,-0.156,0.066,1.047,-0.980,-0.039,0.555,0.032,0.014,1.215,1.344,2,NULL,NULL,,3,0,2,7,255,1400,250,0,0
stim,188845,218966,0,218966,3416289.455,-0.663,-0.048,0.065,0.744,2379,599,2477,2761,2731,2533,1912,2787,44,0.999,1,2233,1,38.475,0.695,-21.188,-12.250,-29.688,-0.148,0.020,1.043,-0.695,0.012,0.555,0.032,0.014,1.215,1.344,2,NULL,NULL,,3,0,2,7,255,1400,250,0,0
stim,188845,218966,0,218966,3416294.454,-0.665,-0.049,0.064,0.743,2318,607,2519,2739,2739,2537,1966,2795,44,0.999,1,2233,1,43.053,0.290,-25.875,-12.000,-32.250,-0.148,-0.039,1.031,-0.273,0.098,0.504,0.032,0.014,1.215,1.344,2,NULL,NULL,,3,0,2,7,255,1400,250,0,0
stim,188845,218966,0,218966,3416299.455,-0.666,-0.050,0.062,0.742,2270,616,2556,2727,2751,2525,2023,2803,44,0.999,1,2233,1,50.728,0.290,-34.188,-12.375,-35.375,-0.172,-0.070,1.059,0.273,0.098,0.504,0.034,0.014,1.215,1.344,2,NULL,NULL,,3,0,2,7,255,1400,250,0,0
stim,188868,218989,0,218989,3416304.454,-0.667,-0.051,0.060,0.741,2205,637,2599,2695,2759,2533,2079,2810,44,0.999,1,2233,1,63.345,0.332,-45.313,-11.938,-42.625,-0.168,-0.051,1.047,0.332,-0.004,0.578,0.034,0.014,1.215,1.344,2,NULL,NULL,,3,0,2,7,255,1400,250,0,0
stim,188868,218989,0,218989,3416309.455,-0.668,-0.052,0.058,0.740,2157,647,2617,2665,2747,2535,2137,2811,44,0.999,1,2233,1,65.956,0.332,-46.688,-12.063,-45.000,-0.109,-0.016,0.941,0.332,-0.004,0.578,0.036,0.016,1.215,1.344,2,NULL,NULL,,3,0,2,7,255,1400,250,0,0
stim,188868,218989,0,218989,3416314.454,-0.669,-0.052,0.057,0.739,2105,649,2653,2647,2787,2536,2187,2823,44,0.999,1,2233,1,51.505,0.307,-32.438,-12.125,-38.125,-0.059,-0.035,0.871,0.039,0.305,-0.547,0.036,0.018,1.215,1.344,2,NULL,NULL,,3,0,2,7,255,1400,250,0,0
stim,188868,218989,0,218989,3416319.455,-0.670,-0.052,0.055,0.738,2057,654,2672,2611,2798,2533,2222,2829,44,0.999,1,2233,1,35.859,0.552,-18.813,-13.125,-27.563,-0.090,-0.090,0.941,0.039,0.551,-0.555,0.036,0.020,1.215,1.344,2,NULL,NULL,,3,0,2,7,255,1400,250,0,0
stim,188897,219018,0,219018,3416324.454,-0.671,-0.052,0.054,0.737,1971,648,2701,2580,2811,2535,2259,2837,44,0.999,1,2233,1,32.097,0.787,-15.875,-12.750,-24.813,-0.133,-0.102,1.004,0.563,0.551,-0.555,0.038,0.020,1.215,1.344,2,NULL,NULL,,3,0,2,7,255,1400,250,0,0
stim,188897,219018,0,219018,3416329.455,-0.672,-0.053,0.053,0.737,1897,637,2728,2549,2829,2531,2296,2847,44,0.999,1,2233,1,34.772,0.598,-19.500,-13.000,-25.688,-0.145,-0.074,1.012,0.563,0.203,0.133,0.038,0.020,1.215,1.344,2,NULL,NULL,,3,0,2,7,255,1400,250,0,0
stim,188897,219018,0,219018,3416334.454,-0.673,-0.053,0.052,0.736,1833,631,2749,2509,2835,2521,2335,2847,44,0.999,1,2233,1,37.688,0.440,-22.063,-13.188,-27.563,-0.125,-0.055,1.004,0.391,0.203,0.133,0.038,0.022,1.215,1.344,2,NULL,NULL,,3,0,2,7,255,1400,250,0,0
stim,188897,219018,0,219018,3416339.455,-0.674,-0.053,0.051,0.735,1763,627,2765,2464,2839,2523,2354,2853,44,0.999,1,2233,1,37.491,0.257,-22.938,-13.313,-26.500,-0.121,-0.051,1.000,0.152,0.207,0.098,0.038,0.022,1.215,1.344,2,NULL,NULL,,3,0,2,7,255,1400,250,0,0
stim,188937,219058,0,219058,3416344.453,-0.674,-0.053,0.049,0.735,1673,619,2784,2424,2848,2519,2389,2860,44,0.999,1,2233,1,37.343,0.226,-23.750,-14.000,-25.188,-0.125,-0.035,1.016,0.090,0.207,0.098,0.038,0.022,1.215,1.344,2,NULL,NULL,,3,0,2,7,255,1400,250,0,0
stim,188937,219058,0,219058,3416349.455,-0.675,-0.054,0.048,0.734,1576,613,2803,2363,2867,2512,2423,2867,44,0.999,1,2233,1,38.944,0.208,-25.000,-14.000,-26.375,-0.129,-0.020,0.996,-0.070,0.195,0.055,0.040,0.022,1.215,1.344,2,NULL,NULL,,3,0,2,7,255,1400,250,0,0
stim,188937,219058,0,219058,3416354.453,-0.676,-0.054,0.047,0.734,1449,603,2825,2312,2872,2517,2451,2871,44,0.999,1,2233,1,35.580,0.293,-21.813,-14.938,-23.813,-0.078,0.004,0.969,-0.219,0.195,0.035,0.042,0.020,1.215,1.344,2,NULL,NULL,,3,0,2,7,255,1400,250,0,0
stim,188937,219058,0,219058,3416359.455,-0.676,-0.054,0.046,0.733,1333,587,2840,2255,2871,2507,2476,2887,44,0.999,1,2233,1,28.285,0.458,-17.688,-14.938,-16.250,-0.109,-0.008,0.992,-0.398,0.227,-0.055,0.044,0.020,1.215,1.344,2,NULL,NULL,,3,0,2,7,255,1400,250,0,0
stim,188937,219058,0,219058,3416364.454,-0.677,-0.054,0.045,0.733,1236,579,2848,2200,2880,2507,2495,2879,44,0.999,1,2233,1,28.291,0.458,-16.188,-16.313,-16.500,-0.137,-0.031,1.016,-0.398,0.227,-0.055,0.046,0.018,1.215,1.344,2,NULL,NULL,,3,0,2,7,255,1400,250,0,0
stim,188937,219058,0,219058,3416369.455,-0.677,-0.054,0.044,0.732,1109,550,2872,2129,2895,2493,2535,2897,44,0.999,1,2233,1,29.815,0.167,-16.750,-16.313,-18.500,-0.133,-0.043,1.023,-0.160,0.047,0.223,0.046,0.016,1.215,1.344,2,NULL,NULL,,3,0,2,7,255,1400,250,0,0
stim,188937,219058,0,219058,3416374.453,-0.678,-0.054,0.042,0.732,1035,508,2893,2030,2905,2503,2551,2888,44,0.999,1,2233,1,31.952,0.161,-18.250,-16.438,-20.438,-0.141,-0.031,1.035,-0.160,0.012,0.301,0.048,0.016,1.215,1.344,2,NULL,NULL,,3,0,2,7,255,1400,250,0,0
stim,188937,219058,0,219058,3416379.455,-0.679,-0.054,0.041,0.731,909,484,2895,1925,2905,2486,2578,2903,44,0.999,1,2233,1,34.577,0.218,-19.938,-17.000,-22.563,-0.145,-0.020,1.023,-0.215,-0.035,0.316,0.048,0.016,1.215,1.344,2,NULL,NULL,,3,0,2,7,255,1400,250,0,0
stim,188967,219088,0,219088,3416384.454,-0.680,-0.054,0.040,0.730,796,443,2906,1773,2917,2486,2591,2899,44,0.999,1,2233,1,37.897,0.361,-20.813,-17.438,-26.438,-0.148,-0.016,1.020,-0.340,-0.121,0.316,0.050,0.016,1.215,1.344,2,NULL,NULL,,3,0,2,7,255,1400,250,0,0
stim,188967,219088,0,219088,3416389.455,-0.680,-0.054,0.039,0.730,667,391,2921,1637,2923,2473,2615,2911,44,0.999,1,2233,1,39.656,0.424,-19.563,-19.063,-28.750,-0.141,-0.012,1.020,-0.398,-0.145,0.277,0.050,0.016,1.215,1.344,2,NULL,NULL,,3,0,2,7,255,1400,250,0,0
stim,188967,219088,0,219088,3416394.453,-0.681,-0.054,0.038,0.729,537,355,2927,1510,2931,2464,2641,2910,44,0.999,1,2233,1,39.332,0.424,-16.563,-19.875,-29.625,-0.121,-0.020,1.004,-0.398,-0.145,0.266,0.050,0.018,1.215,1.344,2,NULL,NULL,,3,0,2,7,255,1400,250,0,0
stim,188967,219088,0,219088,3416399.455,-0.682,-0.053,0.036,0.728,405,309,2948,1385,2941,2457,2665,2923,44,0.999,1,2233,1,37.668,0.384,-13.438,-20.813,-28.375,-0.117,-0.047,1.008,-0.383,0.035,0.133,0.052,0.018,1.215,1.344,2,NULL,NULL,,3,0,2,7,255,1400,250,0,0
stim,188967,219088,0,219088,3416404.454,-0.683,-0.053,0.035,0.727,323,279,2941,1237,2951,2449,2677,2917,44,0.999,1,2233,1,37.534,0.150,-12.188,-22.063,-27.813,-0.113,-0.070,1.031,-0.133,0.070,0.133,0.054,0.018,1.215,1.344,2,NULL,NULL,,3,0,2,7,255,1400,250,0,0
stim,188967,219088,0,219088,3416409.455,-0.684,-0.053,0.034,0.727,219,264,2957,1061,2961,2439,2712,2933,44,0.999,1,2233,1,37.054,0.156,-13.688,-23.000,-25.625,-0.098,-0.059,1.027,-0.082,0.133,0.305,0.054,0.018,1.215,1.344,2,NULL,NULL,,3,0,2,7,255,1400,250,0,0
stim,188967,219088,0,219088,3416414.453,-0.685,-0.052,0.033,0.726,124,199,2957,877,2965,2421,2713,2925,44,0.999,1,2233,1,35.487,0.265,-13.438,-23.750,-22.688,-0.086,-0.059,1.008,-0.074,0.254,0.305,0.054,0.018,1.215,1.344,2,NULL,NULL,,3,0,2,7,255,1400,250,0,0
stim,188967,219088,0,219088,3416419.455,-0.685,-0.052,0.032,0.726,88,149,2973,749,2971,2407,2734,2942,44,0.999,1,2233,1,33.398,0.331,-11.063,-25.188,-18.938,-0.078,-0.043,0.992,-0.082,0.320,0.117,0.052,0.022,1.215,1.344,2,NULL,NULL,,3,0,2,7,255,1400,250,0,0
stim,188995,219116,0,219116,3416424.454,-0.686,-0.051,0.031,0.725,39,137,2972,564,2981,2386,2743,2941,44,0.999,1,2233,1,31.914,0.399,-6.313,-26.500,-16.625,-0.109,-0.043,0.992,-0.238,0.320,-0.008,0.048,0.026,1.215,1.344,2,NULL,NULL,,3,0,2,7,255,1400,250,0,0
stim,188995,219116,0,219116,3416429.455,-0.686,-0.050,0.030,0.725,23,93,2973,395,2983,2375,2760,2937,44,0.999,1,2233,1,33.075,0.258,2.813,-29.375,-14.938,-0.125,-0.031,1.020,-0.258,0.012,-0.008,0.044,0.032,1.215,1.344,2,NULL,NULL,,3,0,2,7,255,1400,250,0,0
stim,188995,219116,0,219116,3416434.453,-0.687,-0.049,0.029,0.725,0,43,2985,283,2991,2336,2781,2940,44,0.999,1,2233,1,35.834,0.250,3.500,-30.750,-18.063,-0.094,-0.043,1.035,-0.250,0.012,0.258,0.042,0.036,1.215,1.344,2,NULL,NULL,,3,0,2,7,255,1400,250,0,0
stim,188995,219116,0,219116,3416439.455,-0.687,-0.048,0.028,0.724,0,40,2983,188,3000,2325,2805,2943,44,0.999,1,2233,1,37.186,0.291,2.563,-31.750,-19.188,-0.078,-0.051,1.035,-0.250,0.148,0.367,0.040,0.040,1.215,1.344,2,NULL,NULL,,3,0,2,7,255,1400,250,0,0
stim,188995,219116,0,219116,3416444.454,-0.688,-0.047,0.027,0.724,0,28,2981,135,3004,2298,2811,2953,44,0.999,1,2233,1,37.525,0.230,3.250,-33.875,-15.813,-0.102,-0.059,1.027,-0.176,0.148,0.367,0.038,0.042,1.215,1.344,2,NULL,NULL,,3,0,2,7,255,1400,250,0,0
stim,188995,219116,1,219116,3416449.455,-0.688,-0.045,0.027,0.724,0,21,2985,133,3003,2295,2839,2961,44,0.999,1,2233,1,48.643,0.081,27.313,-40.250,0.250,-0.277,-0.098,1.211,-0.074,0.031,0.371,0.036,0.046,1.215,1.344,2,NULL,NULL,,3,1,2,7,255,1400,250,0,0
stim,189047,219168,1,219168,3416454.453,-0.688,-0.042,0.027,0.724,0,17,2988,108,3016,2279,2842,2954,44,0.999,1,2233,0,67.352,1.557,43.500,-49.750,13.000,-0.375,-0.098,1.508,0.234,-1.539,2.320,0.032,0.052,1.215,1.344,3,NULL,NULL,,3,1,2,7,255,1400,250,0,0
stim,189047,219168,1,219168,3416459.455,-0.688,-0.041,0.025,0.724,0,0,2987,87,2989,2251,2852,2957,44,0.999,1,2233,0,53.325,1.565,-14.125,-51.125,-5.500,-0.203,-0.141,1.363,0.281,-1.539,3.727,0.028,0.056,1.215,1.344,3,NULL,NULL,,3,1,2,7,255,1400,250,0,0
stim,189047,219168,1,219168,3416464.454,-0.688,-0.041,0.022,0.724,0,0,2986,52,3017,2219,2866,2964,44,0.999,1,2233,0,67.679,0.972,-44.500,-48.375,-16.125,-0.066,-0.219,0.969,0.641,-0.730,3.727,0.024,0.062,1.215,1.344,3,NULL,NULL,,3,1,2,7,255,1400,250,0,0
stim,189047,219168,1,219168,3416469.455,-0.688,-0.040,0.020,0.724,0,0,2983,12,3025,2181,2875,2966,44,0.999,1,2233,0,57.008,0.977,-12.750,-54.563,10.500,-0.070,-0.160,0.855,0.977,0.039,-0.195,0.020,0.068,1.215,1.344,3,NULL,NULL,,3,1,2,7,255,1400,250,0,0
stim,189047,219168,1,219168,3416474.453,-0.687,-0.037,0.019,0.725,0,0,2981,0,3029,2135,2889,2967,44,0.999,1,2233,0,65.449,0.977,19.500,-59.125,20.188,-0.176,-0.047,0.953,0.977,0.039,-0.352,0.018,0.074,1.215,1.344,3,NULL,NULL,,3,1,2,7,255,1400,250,0,0
stim,189047,219168,1,219168,3416479.455,-0.687,-0.035,0.018,0.725,0,0,2979,0,3032,2095,2899,2969,44,0.999,1,2233,0,66.280,1.017,25.313,-61.125,4.000,-0.223,-0.063,1.066,0.055,-1.016,-0.352,0.018,0.080,1.215,1.344,3,NULL,NULL,,3,1,2,7,255,1400,250,0,0
stim,189047,219168,1,219168,3416484.454,-0.687,-0.032,0.016,0.725,0,0,2975,0,3035,2035,2907,2969,44,0.999,1,2233,0,67.566,1.017,22.313,-63.625,-4.375,-0.172,-0.121,1.156,0.055,-1.016,0.809,0.018,0.084,1.215,1.344,3,NULL,NULL,,3,1,2,7,255,1400,250,0,0
stim,189047,219168,1,219168,3416489.455,-0.687,-0.030,0.015,0.726,0,0,2972,0,3033,1984,2917,2969,44,0.999,1,2233,0,66.678,1.058,12.438,-65.500,1.000,-0.094,-0.156,1.145,0.559,-0.898,1.496,0.018,0.088,1.215,1.344,3,NULL,NULL,,3,1,2,7,255,1400,250,0,0
stim,189047,219168,1,219168,3416494.453,-0.687,-0.028,0.013,0.726,0,0,2969,0,3044,1915,2926,2971,44,0.999,1,2233,0,68.270,0.930,8.125,-67.250,8.500,-0.090,-0.152,1.047,0.883,-0.293,1.496,0.020,0.092,1.215,1.344,3,NULL,NULL,,3,1,2,7,255,1400,250,0,0
stim,189047,219168,1,219168,3416499.455,-0.687,-0.025,0.011,0.726,0,0,2965,0,3048,1845,2937,2971,44,0.999,1,2233,0,72.761,0.930,14.563,-70.250,12.125,-0.141,-0.098,1.055,0.883,-0.293,0.602,0.022,0.096,1.215,1.344,3,NULL,NULL,,3,1,2,7,255,1400,250,0,0
stim,189072,219193,1,219193,3416504.454,-0.686,-0.022,0.010,0.727,0,0,2961,0,3053,1771,2951,2969,44,0.999,1,2233,0,77.676,0.942,21.500,-73.750,11.500,-0.168,-0.020,1.148,0.410,-0.848,0.602,0.026,0.102,1.215,1.344,3,NULL,NULL,,3,1,2,7,255,1400,250,0,0
stim,189072,219193,1,219193,3416509.455,-0.686,-0.019,0.008,0.727,0,0,2955,0,3053,1700,2956,2969,44,0.999,1,2233,0,78.004,0.927,17.250,-76.063,-1.250,-0.113,0.031,1.121,-0.375,-0.848,1.168,0.030,0.108,1.215,1.344,3,NULL,NULL,,3,1,2,7,255,1400,250,0,0
stim,189072,219193,1,219193,3416514.454,-0.686,-0.016,0.007,0.727,0,0,2943,0,3053,1591,2963,2969,44,0.999,1,2233,0,81.389,1.119,19.813,-78.938,0.688,-0.137,-0.035,1.109,-0.375,-1.055,1.168,0.036,0.112,1.215,1.344,3,NULL,NULL,,3,1,2,7,255,1400,250,0,0
stim,189072,219193,1,219193,3416519.455,-0.686,-0.013,0.005,0.727,0,0,2937,0,3064,1493,2969,2965,44,0.999,1,2233,0,87.302,1.139,27.438,-82.875,0.750,-0.074,0.047,1.203,-0.844,-0.766,1.168,0.042,0.118,1.215,1.344,3,NULL,NULL,,3,1,2,7,255,1400,250,0,0
stim,189095,219216,1,219216,3416524.454,-0.686,-0.009,0.003,0.728,0,0,2931,0,3064,1359,2971,2963,44,0.999,1,2233,0,86.297,0.820,14.688,-84.938,4.125,-0.074,0.008,1.191,-0.586,-0.574,1.875,0.050,0.122,1.215,1.344,3,NULL,NULL,,3,1,2,7,255,1400,250,0,0
stim,189095,219216,1,219216,3416529.455,-0.685,-0.006,0.001,0.728,0,0,2915,0,3062,1247,2981,2961,44,0.999,1,2233,0,92.335,1.123,18.375,-89.438,13.750,-0.035,0.090,1.191,-1.000,-0.512,1.875,0.058,0.128,1.215,1.344,3,NULL,NULL,,3,1,2,7,255,1400,250,0,0
stim,189095,219216,1,219216,3416534.454,-0.685,-0.003,-0.001,0.729,0,0,2903,0,3063,1101,2985,2955,44,0.999,1,2233,0,95.752,1.298,11.000,-92.938,20.250,-0.117,0.074,1.223,-1.164,-0.574,1.875,0.068,0.134,1.215,1.344,3,NULL,NULL,,3,1,2,7,255,1400,250,0,0
stim,189095,219216,1,219216,3416539.455,-0.684,0.001,-0.003,0.729,0,0,2885,0,3065,973,2995,2950,44,0.999,1,2233,0,97.737,1.829,7.938,-96.500,13.313,-0.102,0.105,1.262,-1.391,-1.188,2.137,0.076,0.140,1.215,1.344,3,NULL,NULL,,3,1,2,7,255,1400,250,0,0
stim,189095,219216,1,219216,3416544.453,-0.683,0.004,-0.006,0.730,0,0,2871,0,3065,766,2999,2939,44,0.999,1,2233,0,103.175,1.916,-4.500,-101.438,18.313,-0.047,0.113,1.234,-1.504,-1.188,2.238,0.088,0.148,1.215,1.344,3,NULL,NULL,,3,1,2,7,255,1400,250,0,0
stim,189095,219216,1,219216,3416549.455,-0.683,0.007,-0.009,0.731,0,0,2859,0,3080,667,3003,2932,44,0.999,1,2233,0,105.627,1.784,-6.875,-103.688,18.938,-0.039,0.156,1.211,-1.586,-0.816,2.238,0.098,0.156,1.215,1.344,3,NULL,NULL,,3,1,2,7,255,1400,250,0,0
stim,189145,219266,1,219266,3416554.454,-0.682,0.010,-0.013,0.731,0,0,2843,0,3067,571,3007,2923,44,0.999,1,2233,0,114.380,1.986,-12.250,-110.125,28.375,0.004,0.137,1.188,-1.824,-0.785,2.000,0.108,0.166,1.215,1.344,3,NULL,NULL,,3,1,2,7,255,1400,250,0,0
stim,189145,219266,1,219266,3416559.455,-0.680,0.013,-0.017,0.733,0,0,2825,0,3068,489,3017,2910,44,0.999,1,2233,0,119.343,1.999,-11.375,-113.313,35.688,-0.043,0.086,1.125,-1.824,-0.816,1.777,0.120,0.176,1.215,1.344,3,NULL,NULL,,3,1,2,7,255,1400,250,0,0
stim,189145,219266,1,219266,3416564.454,-0.679,0.017,-0.020,0.734,0,0,2799,0,3077,362,3019,2901,44,0.999,1,2233,0,122.217,1.629,-9.688,-116.938,34.188,-0.063,0.059,1.156,-1.258,-1.035,1.426,0.132,0.188,1.215,1.344,3,NULL,NULL,,3,1,2,7,255,1400,250,0,0
stim,189145,219266,1,219266,3416569.455,-0.678,0.020,-0.024,0.735,0,0,2776,0,3078,203,3025,2887,44,0.999,1,2233,0,125.215,1.694,-9.188,-120.625,32.313,-0.070,0.066,1.137,-1.070,-1.313,1.219,0.142,0.200,1.215,1.344,3,NULL,NULL,,3,1,2,7,255,1400,250,0,0
stim,189145,219266,1,219266,3416574.454,-0.677,0.024,-0.028,0.735,0,0,2742,0,3078,167,3030,2867,44,0.999,1,2233,0,130.209,1.694,-8.375,-125.938,32.000,-0.027,0.074,1.148,-1.070,-1.313,1.340,0.156,0.214,1.215,1.344,3,NULL,NULL,,3,1,2,7,255,1400,250,0,0
stim,189145,219266,1,219266,3416579.455,-0.675,0.028,-0.032,0.737,0,0,2713,0,3079,85,3033,2844,44,0.999,1,2233,0,134.871,1.697,-10.250,-129.625,35.813,0.000,0.074,1.199,-1.168,-1.230,1.340,0.168,0.230,1.215,1.344,3,NULL,NULL,,3,1,2,7,255,1400,250,0,0
stim,189145,219266,1,219266,3416584.453,-0.673,0.031,-0.036,0.738,0,0,2682,0,3077,41,3036,2825,44,0.999,1,2233,0,142.808,1.697,-16.438,-134.000,46.563,-0.008,0.055,1.258,-1.168,-1.230,1.863,0.186,0.250,1.215,1.344,3,NULL,NULL,,3,1,2,7,255,1400,250,0,0
stim,189145,219266,1,219266,3416589.455,-0.671,0.035,-0.041,0.739,0,0,2642,0,3077,20,3039,2792,44,0.999,1,2233,0,147.416,1.745,-28.563,-135.750,49.875,-0.035,0.059,1.266,-1.059,-1.387,2.402,0.206,0.274,1.215,1.344,3,NULL,NULL,,3,1,2,7,255,1400,250,0,0
stim,189145,219266,1,219266,3416594.453,-0.670,0.038,-0.046,0.740,0,0,2607,0,3079,1,3035,2760,44,0.999,1,2233,0,151.395,2.065,-39.688,-138.313,47.063,-0.070,0.039,1.266,-1.023,-1.793,2.402,0.228,0.300,1.215,1.344,3,NULL,NULL,,3,1,2,7,255,1400,250,0,0
stim,189145,219266,1,219266,3416599.455,-0.668,0.041,-0.051,0.741,0,0,2549,0,3055,0,3038,2727,44,0.999,1,2233,0,151.000,2.434,-36.188,-141.125,39.688,-0.086,-0.012,1.324,-0.848,-2.281,2.461,0.254,0.330,1.215,1.344,3,NULL,NULL,,3,1,2,7,255,1400,250,0,0
stim,189169,219290,1,219290,3416604.454,-0.666,0.045,-0.056,0.742,0,0,2504,0,3053,0,3041,2693,44,0.999,1,2233,0,154.463,2.649,-33.250,-145.813,38.625,-0.113,-0.023,1.434,-0.383,-2.621,2.953,0.286,0.362,1.215,1.344,3,NULL,NULL,,3,1,2,7,255,1400,250,0,0
stim,189169,219290,1,219290,3416609.455,-0.665,0.048,-0.062,0.743,0,0,2454,0,3043,3,3045,2651,44,0.999,1,2233,0,161.152,3.193,-40.438,-151.438,37.438,-0.152,-0.023,1.582,-0.336,-3.176,3.945,0.318,0.396,1.215,1.344,3,NULL,NULL,,3,1,2,7,255,1400,250,0,0
stim,189169,219290,1,219290,3416614.453,-0.663,0.051,-0.068,0.744,0,0,2399,0,3051,23,3043,2605,44,0.999,1,2233,0,173.519,3.968,-56.313,-159.563,38.438,-0.215,-0.055,1.563,-0.297,-3.957,4.934,0.352,0.432,1.215,1.344,3,NULL,NULL,,3,1,2,7,255,1400,250,0,0
stim,189169,219290,1,219290,3416619.455,-0.661,0.055,-0.075,0.744,0,0,2335,0,3044,29,3037,2549,44,0.999,1,2233,0,183.856,4.726,-66.188,-168.750,30.750,-0.289,-0.012,1.438,-0.320,-4.715,4.934,0.390,0.472,1.215,1.344,3,NULL,NULL,,3,1,2,7,255,1400,250,0,0
stim,189201,219322,1,219322,3416624.454,-0.660,0.059,-0.082,0.744,0,0,2258,0,3037,31,3035,2473,44,0.999,1,2233,0,187.046,5.443,-54.000,-178.813,9.813,-0.309,0.004,1.402,-0.320,-5.434,3.504,0.432,0.514,1.215,1.344,3,NULL,NULL,,3,1,2,7,255,1400,250,0,0
stim,189201,219322,1,219322,3416629.455,-0.660,0.064,-0.089,0.744,0,0,2159,0,3025,37,3029,2381,44,0.999,1,2233,0,197.120,5.698,-45.875,-191.688,-2.750,-0.246,0.051,1.504,-0.453,-5.680,3.504,0.476,0.558,1.215,1.344,3,NULL,NULL,,3,1,2,7,255,1400,250,0,0
stim,189201,219322,1,219322,3416634.453,-0.659,0.069,-0.097,0.743,0,0,2067,0,3003,41,3007,2283,44,0.999,1,2233,0,207.556,5.879,-52.000,-200.813,-7.063,-0.223,0.055,1.578,-1.070,-5.781,4.016,0.524,0.608,1.215,1.344,3,NULL,NULL,,3,1,2,7,255,1400,250,0,0
stim,189201,219322,1,219322,3416639.455,-0.658,0.074,-0.105,0.742,0,0,1951,0,2997,46,3005,2184,44,0.999,1,2233,0,220.235,5.983,-54.188,-213.188,-10.875,-0.313,0.035,1.680,-1.070,-5.887,4.629,0.582,0.666,1.215,1.344,3,NULL,NULL,,3,1,2,7,255,1400,250,0,0
stim,189236,219357,1,219357,3416644.454,-0.658,0.080,-0.113,0.740,0,0,1883,0,2981,51,2987,2075,44,0.999,1,2233,0,237.804,7.366,-64.813,-228.063,-18.375,-0.340,0.070,1.762,-1.234,-7.262,5.281,0.646,0.730,1.215,1.344,3,NULL,NULL,,3,1,2,7,255,1400,250,0,0
stim,189236,219357,1,219357,3416649.455,-0.657,0.086,-0.123,0.738,0,0,1800,0,2965,61,2965,1964,44,0.999,1,2233,0,254.882,8.173,-76.375,-241.688,-26.813,-0.297,0.145,1.750,-1.430,-8.047,5.547,0.716,0.800,1.215,1.344,3,NULL,NULL,,3,1,2,7,255,1400,250,0,0
stim,189236,219357,1,219357,3416654.453,-0.657,0.092,-0.133,0.736,0,0,1717,0,2935,72,2943,1885,44,0.999,1,2233,0,271.180,8.357,-84.625,-256.125,-27.875,-0.238,0.270,1.715,-2.254,-8.047,5.547,0.788,0.874,1.215,1.344,3,NULL,NULL,,3,1,2,7,255,1400,250,0,0
stim,189236,219357,1,219357,3416659.455,-0.656,0.098,-0.143,0.734,0,0,1626,0,2911,73,2910,1787,44,0.999,1,2233,0,282.899,8.811,-67.625,-273.625,-24.250,-0.262,0.297,1.848,-3.590,-8.047,5.547,0.864,0.950,1.215,1.344,3,NULL,NULL,,3,1,2,7,255,1400,250,0,0
stim,189236,219357,1,219357,3416664.454,-0.655,0.106,-0.153,0.732,0,0,1564,0,2873,65,2871,1692,44,0.999,1,2233,0,296.653,9.726,-53.188,-291.125,-20.500,-0.285,0.305,2.094,-3.988,-8.871,5.984,0.938,1.026,1.215,1.344,3,NULL,NULL,,3,1,2,7,255,1400,250,0,0
stim,189236,219357,1,219357,3416669.455,-0.653,0.114,-0.164,0.730,0,0,1483,0,2834,59,2815,1609,44,0.999,1,2233,0,316.835,11.212,-71.250,-308.188,-18.125,-0.320,0.383,2.246,-4.230,-10.383,7.910,1.008,1.096,1.215,1.344,3,NULL,NULL,,3,1,2,7,255,1400,250,0,0
stim,189236,219357,1,219357,3416674.453,-0.652,0.122,-0.176,0.728,0,0,1398,0,2789,38,2749,1513,44,0.999,1,2233,0,334.628,12.905,-90.188,-321.250,-25.313,-0.289,0.367,2.219,-5.098,-11.855,8.285,1.070,1.162,1.215,1.344,3,NULL,NULL,,3,1,2,7,255,1400,250,0,0
stim,189236,219357,1,219357,3416679.455,-0.650,0.130,-0.188,0.725,0,0,1293,0,2735,33,2667,1422,44,0.999,1,2233,0,346.925,13.031,-86.438,-335.063,-24.875,-0.293,0.402,2.250,-5.145,-11.973,8.285,1.120,1.212,1.215,1.344,3,NULL,NULL,,3,1,2,7,255,1400,250,0,0
stim,189261,219382,1,219382,3416684.453,-0.648,0.139,-0.200,0.721,0,0,1177,0,2665,9,2553,1321,44,0.999,1,2233,0,359.154,13.843,-92.688,-346.250,-22.625,-0.266,0.461,2.250,-5.547,-12.684,8.117,1.164,1.260,1.215,1.344,3,NULL,NULL,,3,1,2,7,255,1400,250,0,0
stim,189261,219382,1,219382,3416689.455,-0.646,0.147,-0.214,0.718,0,0,1047,0,2573,0,2413,1213,44,0.999,1,2233,0,373.041,14.196,-106.125,-356.813,-24.125,-0.227,0.375,2.355,-5.668,-13.016,8.117,1.210,1.306,1.215,1.344,3,NULL,NULL,,3,1,2,7,255,1400,250,0,0
stim,189261,219382,1,219382,3416694.454,-0.644,0.155,-0.228,0.714,0,0,908,0,2472,0,2246,1081,44,0.999,1,2233,0,387.949,14.804,-127.375,-365.875,-20.375,-0.223,0.141,2.270,-5.668,-13.676,7.750,1.260,1.358,1.215,1.344,3,NULL,NULL,,3,1,2,7,255,1400,250,0,0
stim,189261,219382,0,219382,3416699.455,-0.640,0.163,-0.243,0.710,0,0,752,0,2331,0,2019,983,44,0.999,1,2233,0,402.555,14.109,-136.938,-378.500,-6.063,-0.191,-0.109,2.027,-3.469,-13.676,7.641,1.322,1.422,1.215,1.344,3,NULL,NULL,,3,0,2,7,255,1402,250,0,0
stim,189261,219382,0,219382,3416704.454,-0.636,0.171,-0.258,0.707,0,0,563,0,2155,0,1761,893,44,0.999,1,2233,0,415.859,12.642,-135.125,-393.000,15.188,-0.152,-0.258,1.660,-1.016,-12.602,5.746,1.392,1.492,1.215,1.344,3,NULL,NULL,,3,0,2,7,255,1402,250,0,0
stim,189261,219382,0,219382,3416709.455,-0.632,0.180,-0.273,0.703,0,0,379,0,1937,0,1451,735,44,0.999,1,2233,0,415.046,10.684,-105.063,-401.125,18.000,0.020,-0.266,1.281,0.660,-10.664,2.867,1.462,1.564,1.215,1.344,3,NULL,NULL,,3,0,2,7,255,1402,250,0,0
stim,189285,219406,0,219406,3416714.454,-0.626,0.191,-0.285,0.700,0,0,281,0,1694,0,995,615,44,0.999,1,2233,0,411.599,7.513,-32.125,-410.063,15.188,0.145,-0.246,1.230,0.660,-7.484,0.660,1.534,1.636,1.215,1.344,3,NULL,NULL,,3,0,2,7,255,1402,250,0,0
stim,189285,219406,0,219406,3416719.455,-0.619,0.205,-0.296,0.698,0,0,225,0,1383,0,469,474,44,0.999,1,2233,0,426.006,7.510,44.188,-423.063,23.375,0.172,-0.129,1.648,0.617,-7.484,0.660,1.600,1.700,1.215,1.344,3,NULL,NULL,,3,0,2,7,255,1402,250,0,0
stim,189285,219406,0,219406,3416724.454,-0.611,0.219,-0.306,0.696,0,0,187,0,1059,0,197,407,44,0.999,1,2233,0,431.434,9.587,56.813,-425.375,44.313,0.074,0.082,2.145,-0.871,-9.547,3.398,1.662,1.762,1.215,1.344,3,NULL,NULL,,3,0,2,7,255,1402,250,0,0
stim,189285,219406,0,219406,3416729.455,-0.603,0.230,-0.317,0.695,0,0,101,0,620,0,0,325,44,0.999,1,2233,0,427.551,14.489,12.000,-420.750,75.000,-0.109,0.164,2.332,-3.105,-14.152,4.852,1.720,1.820,1.215,1.344,3,NULL,NULL,,3,0,2,7,255,1402,250,0,0
stim,189303,219424,0,219424,3416734.454,-0.593,0.240,-0.331,0.693,0,0,94,0,297,0,0,267,44,0.999,1,2233,0,442.334,17.623,-45.750,-423.563,119.000,-0.426,0.055,2.211,-3.105,-17.348,4.852,1.772,1.872,1.215,1.344,3,NULL,NULL,,3,0,2,7,255,1402,250,0,0
stim,189303,219424,0,219424,3416739.455,-0.583,0.248,-0.347,0.692,0,0,70,0,6,0,0,157,44,0.999,1,2233,0,469.617,19.203,-89.813,-432.313,159.938,-0.652,0.305,1.934,-3.469,-18.887,1.359,1.824,1.924,1.215,1.344,3,NULL,NULL,,3,0,2,7,255,1402,250,0,0
stim,189303,219424,0,219424,3416744.453,-0.573,0.255,-0.363,0.689,0,0,61,0,0,0,0,95,44,0.999,1,2233,0,467.156,19.203,-142.438,-420.188,146.250,-0.664,0.871,1.504,-3.469,-18.887,-3.246,1.876,1.980,1.215,1.344,3,NULL,NULL,,3,0,2,7,255,1402,250,0,0
stim,189303,219424,0,219424,3416749.455,-0.565,0.260,-0.379,0.685,0,0,31,0,0,0,0,41,44,0.999,1,2233,0,446.176,18.230,-181.625,-395.438,98.563,-0.453,1.297,1.117,-8.414,-16.172,-7.898,1.932,2.036,1.215,1.344,4,NULL,NULL,,3,0,2,7,255,1402,250,0,0
stim,189347,219468,0,219468,3416754.453,-0.559,0.265,-0.395,0.679,0,0,34,0,0,0,0,11,44,0.999,1,2233,0,427.684,17.467,-190.250,-373.813,83.563,-0.340,1.336,0.949,-12.555,-12.145,-10.156,1.988,2.092,1.215,1.344,0,NULL,NULL,,3,0,2,7,255,1402,250,0,0
stim,189347,219468,0,219468,3416759.455,-0.551,0.268,-0.411,0.675,0,0,51,0,0,0,0,53,44,0.999,1,2233,0,420.594,16.367,-206.813,-351.563,102.625,-0.391,1.016,0.980,-12.555,-10.500,-10.770,2.032,2.136,1.215,1.344,0,NULL,NULL,,3,0,2,7,255,1402,250,0,0
stim,189347,219468,0,219468,3416764.454,-0.546,0.270,-0.427,0.669,0,0,51,0,0,0,0,74,44,0.999,1,2233,0,417.474,14.165,-245.563,-326.313,86.625,-0.191,0.512,0.930,-9.891,-10.141,-10.770,2.066,2.172,1.215,1.344,0,NULL,NULL,,3,0,2,7,255,1402,250,0,0
stim,189347,219468,0,219468,3416769.455,-0.542,0.271,-0.441,0.662,0,0,60,0,0,0,0,103,44,0.999,1,2233,0,352.597,10.562,-230.250,-265.313,30.313,0.047,-0.152,0.781,-5.621,-8.941,-8.461,2.090,2.196,1.215,1.344,0,NULL,NULL,,3,0,2,7,255,1402,250,0,0
stim,189347,219468,0,219468,3416774.453,-0.539,0.273,-0.451,0.657,0,0,56,0,0,0,0,137,44,0.999,1,2233,0,279.610,7.383,-171.313,-218.563,32.625,0.090,-0.406,0.883,0.070,-7.383,-5.484,2.104,2.210,1.215,1.344,0,NULL,NULL,,3,0,2,7,255,1402,250,0,0
stim,189347,219468,0,219468,3416779.455,-0.536,0.273,-0.460,0.653,0,0,57,0,0,0,0,171,44,0.999,1,2233,0,239.486,7.383,-160.813,-169.500,52.563,-0.020,-0.148,1.152,0.070,-7.383,-4.766,2.116,2.222,1.215,1.344,0,NULL,NULL,,3,0,2,7,255,1402,250,0,0
stim,189347,219468,0,219468,3416784.454,-0.535,0.270,-0.469,0.649,0,0,58,0,0,0,0,167,44,0.999,1,2233,0,241.983,8.892,-212.438,-105.688,47.500,-0.133,0.074,0.941,-0.547,-8.875,-4.766,2.122,2.230,1.215,1.344,0,NULL,NULL,,3,0,2,7,255,1402,250,0,0
stim,189347,219468,0,219468,3416789.455,-0.535,0.264,-0.478,0.644,0,0,59,0,0,0,0,153,44,0.999,1,2233,0,251.623,9.116,-243.813,-41.250,46.563,-0.156,0.223,0.258,-2.082,-8.875,-7.457,2.126,2.234,1.215,1.344,0,NULL,NULL,,3,0,2,7,255,1402,250,0,0
stim,189347,219468,0,219468,3416794.453,-0.537,0.258,-0.484,0.642,0,0,57,0,0,0,0,125,44,0.999,1,2233,0,207.099,3.635,-199.313,19.875,52.625,-0.164,0.438,-0.355,-2.219,-2.879,-10.875,2.124,2.234,1.215,1.344,0,NULL,NULL,,3,0,2,7,255,1402,250,0,0
stim,189347,219468,0,219468,3416799.455,-0.538,0.252,-0.485,0.641,0,0,56,0,0,0,0,116,44,0.999,1,2233,0,139.920,3.860,-110.438,71.000,48.375,-0.234,0.492,-0.484,-2.797,2.660,-14.082,2.122,2.232,1.215,1.344,0,NULL,NULL,,3,0,2,7,255,1402,250,0,0
stim,189374,219495,0,219495,3416804.454,-0.540,0.247,-0.484,0.643,0,0,47,0,0,0,0,108,44,0.999,1,2233,0,122.202,3.860,-34.500,110.750,38.438,-0.277,0.230,-0.191,-2.797,2.660,-14.082,2.120,2.232,1.215,1.344,0,NULL,NULL,,3,0,2,7,255,1402,250,0,0
stim,189374,219495,0,219495,3416809.455,-0.542,0.242,-0.481,0.645,0,0,37,0,0,0,0,103,44,0.999,1,2233,0,147.200,1.094,-9.813,141.250,40.250,-0.254,-0.004,0.094,-0.949,0.543,-13.699,2.120,2.232,1.215,1.344,0,NULL,NULL,,3,0,2,7,255,1402,250,0,0
stim,189374,219495,0,219495,3416814.453,-0.544,0.236,-0.478,0.648,0,0,30,0,0,0,0,101,44,0.999,1,2233,0,175.433,2.086,-12.250,164.938,58.500,-0.270,-0.070,0.098,0.473,-2.031,-11.500,2.126,2.238,1.215,1.344,0,NULL,NULL,,3,0,2,7,255,1402,250,0,0
stim,189374,219495,0,219495,3416819.455,-0.546,0.230,-0.475,0.651,0,0,18,0,0,0,0,102,44,0.999,1,2233,0,194.207,2.314,-2.000,179.750,73.500,-0.363,-0.039,-0.066,1.109,-2.031,-11.500,2.136,2.250,1.215,1.344,0,NULL,NULL,,3,0,2,7,255,1402,250,0,0
stim,189394,219515,0,219515,3416824.454,-0.548,0.224,-0.470,0.655,0,0,17,0,0,0,0,100,44,0.999,1,2233,0,204.302,1.695,34.313,187.313,74.000,-0.484,0.148,-0.164,1.109,-1.281,-12.840,2.152,2.266,1.215,1.344,0,NULL,NULL,,3,0,2,7,255,1402,250,0,0
stim,189394,219515,0,219515,3416829.455,-0.549,0.219,-0.464,0.660,0,0,18,0,0,0,0,85,44,0.999,1,2233,0,217.645,1.349,71.688,195.625,62.938,-0.488,0.148,-0.051,0.422,-1.281,-14.426,2.172,2.288,1.215,1.344,0,NULL,NULL,,3,0,2,7,255,1402,250,0,0
stim,189394,219515,0,219515,3416834.453,-0.551,0.214,-0.457,0.665,0,0,7,0,0,0,0,81,44,0.999,1,2233,0,229.895,2.035,88.813,202.375,63.313,-0.406,0.113,0.102,0.121,-2.031,-14.426,2.202,2.318,1.215,1.344,0,NULL,NULL,,3,0,2,7,255,1402,250,0,0
stim,189394,219515,0,219515,3416839.455,-0.552,0.208,-0.450,0.671,0,0,13,0,0,0,0,75,44,0.999,1,2233,0,243.156,2.984,94.938,208.688,81.000,-0.453,0.117,0.258,-0.148,-2.980,-12.898,2.238,2.356,1.215,1.344,0,NULL,NULL,,3,0,2,7,255,1402,250,0,0
stim,189394,219515,0,219515,3416844.453,-0.553,0.203,-0.443,0.676,0,0,5,0,0,0,0,73,44,0.999,1,2233,0,244.602,4.580,89.375,213.313,79.625,-0.605,0.203,0.281,-0.398,-4.563,-12.898,2.278,2.396,1.215,1.344,0,NULL,NULL,,3,0,2,7,255,1402,250,0,0
stim,189394,219515,0,219515,3416849.455,-0.555,0.198,-0.435,0.681,0,0,11,0,0,0,0,71,44,0.999,1,2233,0,247.101,5.691,98.813,216.250,67.313,-0.656,0.219,0.375,-0.781,-5.637,-13.551,2.322,2.444,1.215,1.344,0,NULL,NULL,,3,0,2,7,255,1402,250,0,0
stim,189442,219563,0,219563,3416854.454,-0.557,0.193,-0.427,0.686,0,0,18,0,0,0,0,71,44,0.999,1,2233,0,245.301,6.795,101.563,218.313,46.875,-0.684,0.082,0.418,-0.781,-6.750,-13.551,2.370,2.492,1.215,1.344,0,NULL,NULL,,3,0,2,7,255,1402,250,0,0
stim,189442,219563,0,219563,3416859.455,-0.559,0.188,-0.418,0.690,0,0,9,0,0,0,0,63,44,0.999,1,2233,0,247.332,7.379,107.813,220.438,30.938,-0.652,0.129,0.590,-0.684,-7.348,-12.844,2.420,2.542,1.215,1.344,0,NULL,NULL,,3,0,2,7,255,1402,250,0,0
stim,189442,219563,0,219563,3416864.454,-0.562,0.184,-0.410,0.694,0,0,10,0,0,0,0,68,44,0.999,1,2233,0,243.015,8.574,95.813,222.250,21.938,-0.652,0.098,0.742,-0.684,-8.547,-11.656,2.470,2.594,1.215,1.344,0,NULL,NULL,,3,0,2,7,255,1402,250,0,0
stim,189442,219563,0,219563,3416869.455,-0.566,0.179,-0.402,0.697,0,0,8,0,0,0,0,67,44,0.999,1,2233,0,240.355,9.763,78.375,227.188,3.688,-0.652,0.152,0.855,-0.742,-9.734,-10.512,2.518,2.642,1.215,1.344,0,NULL,NULL,,3,0,2,7,255,1402,250,0,0
stim,189442,219563,0,219563,3416874.454,-0.570,0.173,-0.395,0.700,0,0,5,0,0,0,0,103,44,0.999,1,2233,0,239.539,10.098,54.000,233.188,-9.313,-0.574,0.102,0.848,-1.344,-10.008,-9.840,2.562,2.688,1.215,1.344,0,NULL,NULL,,3,0,2,7,255,1402,250,0,0
stim,189442,219563,0,219563,3416879.455,-0.575,0.167,-0.387,0.701,0,0,6,0,0,0,0,109,44,0.999,1,2233,0,247.766,10.098,40.750,242.938,-26.625,-0.559,0.047,0.836,-1.344,-10.008,-8.953,2.604,2.728,1.215,1.344,0,NULL,NULL,,3,0,2,7,255,1402,250,0,0
stim,189442,219563,0,219563,3416884.453,-0.580,0.161,-0.380,0.702,0,0,4,0,0,0,0,120,44,0.999,1,2233,0,259.027,9.881,25.688,255.063,-37.125,-0.465,0.121,0.758,-1.344,-9.789,-8.508,2.638,2.766,1.215,1.344,0,NULL,NULL,,3,0,2,7,255,1402,250,0,0
stim,189442,219563,0,219563,3416889.455,-0.586,0.155,-0.372,0.703,0,0,4,0,0,0,0,128,44,0.999,1,2233,0,276.138,8.699,27.563,269.375,-54.125,-0.438,0.063,0.785,-1.422,-8.582,-8.465,2.668,2.794,1.215,1.344,0,NULL,NULL,,3,0,2,7,255,1402,250,0,0
stim,189463,219584,0,219584,3416894.454,-0.593,0.147,-0.363,0.704,0,0,6,0,0,0,0,148,44,0.999,1,2233,0,293.139,8.703,16.438,286.250,-61.000,-0.344,0.160,0.746,-1.738,-8.527,-7.711,2.690,2.818,1.215,1.344,0,NULL,NULL,,3,0,2,7,255,1402,250,0,0
stim,189463,219584,0,219584,3416899.455,-0.600,0.140,-0.354,0.704,0,0,2,0,0,0,0,147,44,0.999,1,2233,0,310.070,7.754,19.938,301.188,-70.938,-0.289,0.063,0.727,-1.797,-7.543,-7.547,2.710,2.840,1.215,1.344,0,NULL,NULL,,3,0,2,7,255,1402,250,0,0
stim,189463,219584,0,219584,3416904.454,-0.607,0.132,-0.345,0.704,0,0,3,0,0,0,0,153,44,0.999,1,2233,0,324.380,7.272,20.000,315.938,-70.750,-0.258,0.105,0.684,-2.254,-6.914,-6.898,2.728,2.858,1.215,1.344,0,NULL,NULL,,3,0,2,7,255,1402,250,0,0
stim,189463,219584,0,219584,3416909.455,-0.614,0.124,-0.335,0.704,0,0,0,0,0,0,0,149,44,0.999,1,2233,0,336.471,6.552,26.875,327.188,-73.750,-0.234,0.059,0.605,-1.797,-6.301,-6.898,2.746,2.876,1.215,1.344,0,NULL,NULL,,3,0,2,7,255,1402,250,0,0
stim,189484,219605,0,219605,3416914.453,-0.621,0.116,-0.324,0.704,0,0,5,0,0,0,0,151,44,0.999,1,2233,0,347.805,5.822,45.875,336.000,-77.250,-0.219,0.035,0.629,-1.719,-5.563,-6.898,2.764,2.894,1.215,1.344,0,NULL,NULL,,3,0,2,7,255,1402,250,0,0
stim,189484,219605,0,219605,3416919.455,-0.629,0.109,-0.313,0.704,0,0,0,0,0,0,0,147,44,0.999,1,2233,0,354.867,5.713,57.813,341.875,-75.563,-0.219,0.035,0.598,-1.625,-5.477,-6.566,2.784,2.914,1.215,1.344,0,NULL,NULL,,3,0,2,7,255,1402,250,0,0
stim,189484,219605,0,219605,3416924.454,-0.635,0.102,-0.300,0.704,0,0,0,0,0,0,0,150,44,0.999,1,2233,0,363.097,5.432,83.625,344.563,-78.250,-0.109,0.055,0.641,-1.625,-5.184,-6.516,2.806,2.936,1.215,1.344,0,NULL,NULL,,3,0,2,7,255,1402,250,0,0
stim,189484,219605,0,219605,3416929.455,-0.642,0.095,-0.287,0.704,0,0,0,0,0,0,0,152,44,0.999,1,2233,0,371.128,4.692,97.563,347.563,-86.125,0.074,-0.070,0.691,-1.590,-4.414,-5.602,2.830,2.962,1.215,1.344,0,NULL,NULL,,3,0,2,7,255,1402,250,0,0
stim,189484,219605,0,219605,3416934.453,-0.648,0.089,-0.274,0.705,0,0,0,0,0,0,0,151,44,0.999,1,2233,0,365.860,3.365,111.375,343.750,-57.313,0.152,-0.055,0.645,-1.453,-3.035,-3.754,2.858,2.990,1.215,1.344,0,NULL,NULL,,3,0,2,7,255,1402,250,0,0
stim,189484,219605,0,219605,3416939.455,-0.653,0.083,-0.260,0.706,0,0,0,0,0,0,0,157,44,0.999,1,2233,0,370.121,2.422,139.563,339.750,-45.625,0.160,0.160,0.695,-1.453,-1.938,-3.754,2.888,3.020,1.215,1.344,0,NULL,NULL,,3,0,2,7,255,1402,250,0,0
stim,189545,219666,0,219666,3416944.454,-0.658,0.078,-0.245,0.708,0,0,0,0,0,0,0,157,44,0.999,1,2233,0,375.608,3.680,167.125,334.125,-38.875,0.113,0.094,0.848,-3.129,-1.938,-3.734,2.920,3.050,1.215,1.344,0,NULL,NULL,,3,0,2,7,255,1402,250,0,0
stim,189545,219666,0,219666,3416949.455,-0.662,0.073,-0.230,0.710,0,0,0,0,0,0,0,157,44,0.999,1,2233,0,375.172,4.318,178.438,329.188,-23.438,0.117,0.086,1.004,-3.297,-2.789,-2.441,2.952,3.082,1.215,1.344,0,NULL,NULL,,3,0,2,7,255,1402,250,0,0
stim,189545,219666,0,219666,3416954.453,-0.665,0.069,-0.215,0.712,0,0,0,0,0,0,0,153,44,0.999,1,2233,0,375.486,4.497,182.750,327.375,-20.438,0.141,0.102,1.090,-3.297,-3.059,-0.934,2.982,3.114,1.215,1.344,0,NULL,NULL,,3,0,2,7,255,1402,250,0,0
stim,189545,219666,0,219666,3416959.455,-0.669,0.064,-0.199,0.714,0,0,0,0,0,0,0,154,44,0.999,1,2233,0,379.501,4.762,195.188,325.188,-13.250,0.098,0.129,1.203,-3.520,-3.207,0.004,3.012,3.142,1.215,1.344,0,NULL,NULL,,3,0,2,7,255,1402,250,0,0
stim,189545,219666,0,219666,3416964.454,-0.671,0.060,-0.183,0.716,0,0,0,0,0,0,0,153,44,0.999,1,2233,0,381.090,5.227,200.750,323.813,-8.625,0.055,0.172,1.391,-3.832,-3.555,0.938,3.036,3.168,1.215,1.344,0,NULL,NULL,,3,0,2,7,255,1402,250,0,0
stim,189545,219666,0,219666,3416969.455,-0.674,0.056,-0.168,0.717,0,0,0,0,0,0,0,153,44,0.999,1,2233,0,376.765,5.931,194.063,322.750,-11.125,0.027,0.129,1.602,-4.125,-4.262,2.535,3.052,3.184,1.215,1.344,0,NULL,NULL,,3,0,2,7,255,1402,250,0,0
stim,189545,219666,0,219666,3416974.453,-0.676,0.051,-0.153,0.719,0,0,0,0,0,0,0,152,44,0.999,1,2233,0,366.270,6.338,175.813,321.250,-6.500,0.031,0.094,1.777,-4.125,-4.813,4.637,3.066,3.198,1.215,1.344,0,NULL,NULL,,3,0,2,7,255,1402,250,0,0
stim,189545,219666,0,219666,3416979.455,-0.678,0.046,-0.139,0.720,0,0,3,0,0,0,0,151,44,0.999,1,2233,0,352.850,6.371,147.625,320.438,-5.438,-0.027,0.180,1.871,-4.125,-4.855,6.523,3.076,3.208,1.215,1.344,0,NULL,NULL,,3,0,2,7,255,1402,250,0,0
stim,189545,219666,0,219666,3416984.453,-0.681,0.039,-0.126,0.721,0,0,2,0,0,0,0,150,44,0.999,1,2233,0,339.680,6.543,118.625,318.063,-12.125,-0.043,0.168,1.887,-4.352,-4.887,7.293,3.084,3.216,1.215,1.344,0,NULL,NULL,,3,0,2,7,255,1402,250,0,0
stim,189545,219666,0,219666,3416989.455,-0.683,0.033,-0.113,0.721,0,0,3,0,0,0,0,153,44,0.999,1,2233,0,329.019,6.543,95.500,314.438,-16.188,-0.051,0.117,1.852,-4.352,-4.887,7.484,3.090,3.224,1.215,1.344,0,NULL,NULL,,3,0,2,7,255,1402,250,0,0
stim,189545,219666,0,219666,3416994.454,-0.685,0.025,-0.101,0.721,0,0,4,0,0,0,0,157,44,0.999,1,2233,0,320.904,5.706,74.063,311.438,-22.375,-0.027,0.102,1.793,-3.691,-4.352,7.484,3.096,3.230,1.215,1.344,0,NULL,NULL,,3,0,2,7,255,1402,250,0,0
stim,189545,219666,0,219666,3416999.455,-0.688,0.017,-0.090,0.720,0,0,5,0,0,0,0,155,44,0.999,1,2233,0,314.718,4.926,56.750,308.313,-27.750,-0.004,0.117,1.652,-3.414,-3.551,7.133,3.100,3.234,1.215,1.344,0,NULL,NULL,,3,0,2,7,255,1402,250,0,0
stim,189578,219699,0,219699,3417004.453,-0.690,0.010,-0.079,0.719,0,0,2,0,0,0,0,156,44,0.999,1,2233,0,309.346,4.259,54.938,303.063,-28.813,0.008,0.031,1.523,-3.348,-2.633,5.875,3.104,3.238,1.215,1.344,0,NULL,NULL,,3,0,2,7,255,1402,250,0,0
stim,189578,219699,0,219699,3417009.455,-0.692,0.002,-0.068,0.718,0,0,5,0,0,0,0,157,44,0.999,1,2233,0,305.506,2.981,60.125,298.063,-29.625,0.000,-0.012,1.492,-2.285,-1.914,4.840,3.102,3.238,1.215,1.344,0,NULL,NULL,,3,0,2,7,255,1402,250,0,0
stim,189578,219699,0,219699,3417014.454,-0.694,-0.005,-0.057,0.717,0,0,3,0,0,0,0,155,44,0.999,1,2233,0,301.847,2.630,62.938,293.313,-33.438,0.012,0.035,1.477,-2.141,-1.527,4.645,3.098,3.234,1.215,1.344,0,NULL,NULL,,3,0,2,7,255,1402,250,0,0
stim,189578,219699,0,219699,3417019.455,-0.696,-0.011,-0.046,0.716,0,0,4,0,0,0,0,155,44,0.999,1,2233,0,297.164,2.378,68.125,287.375,-32.875,0.055,0.055,1.449,-2.141,-1.035,4.492,3.092,3.226,1.215,1.344,0,NULL,NULL,,3,0,2,7,255,1402,250,0,0
stim,189578,219699,0,219699,3417024.454,-0.698,-0.018,-0.035,0.715,0,0,7,0,0,0,0,158,44,0.999,1,2233,0,292.470,2.156,77.813,280.750,-25.750,0.043,0.016,1.422,-2.141,-0.258,4.266,3.080,3.214,1.215,1.344,0,NULL,NULL,,3,0,2,7,255,1402,250,0,0
stim,189578,219699,0,219699,3417029.455,-0.700,-0.023,-0.024,0.714,0,0,4,0,0,0,0,154,44,0.999,1,2233,0,289.806,1.744,92.375,273.813,-21.938,-0.012,0.004,1.449,-1.734,-0.188,4.266,3.064,3.198,1.215,1.344,0,NULL,NULL,,3,0,2,7,255,1402,250,0,0
stim,189612,219733,0,219733,3417034.454,-0.701,-0.028,-0.012,0.713,0,0,5,0,0,0,0,153,44,0.999,1,2233,0,288.296,1.734,105.188,267.313,-24.375,-0.023,0.035,1.492,-1.734,-0.008,4.309,3.044,3.178,1.215,1.344,0,NULL,NULL,,3,0,2,7,255,1402,250,0,0
stim,189612,219733,0,219733,3417039.455,-0.702,-0.033,-0.001,0.711,0,0,7,0,0,0,0,151,44,0.999,1,2233,0,288.182,1.742,118.438,261.563,-24.625,0.012,0.047,1.543,-1.742,0.020,4.742,3.020,3.156,1.215,1.344,0,NULL,NULL,,3,0,2,7,255,1402,250,0,0
stim,189612,219733,0,219733,3417044.453,-0.703,-0.036,0.011,0.710,0,0,6,0,0,0,0,151,44,0.999,1,2233,0,290.817,1.894,133.875,257.438,-19.438,0.039,0.035,1.609,-1.742,0.742,5.203,2.990,3.124,1.215,1.344,0,NULL,NULL,,3,0,2,7,255,1402,250,0,0
stim,189612,219733,0,219733,3417049.455,-0.704,-0.039,0.024,0.709,0,0,8,0,0,0,0,149,44,0.999,1,2233,0,295.863,2.020,148.063,255.688,-15.375,0.031,0.043,1.723,-1.477,1.379,5.859,2.952,3.088,1.215,1.344,0,NULL,NULL,,3,0,2,7,255,1402,250,0,0
stim,189648,219769,0,219769,3417054.453,-0.705,-0.042,0.036,0.707,0,0,9,0,0,0,0,147,44,0.999,1,2233,0,302.089,2.233,159.000,256.313,-16.750,0.039,0.051,1.840,-1.406,1.734,6.918,2.908,3.042,1.215,1.344,0,NULL,NULL,,3,0,2,7,255,1402,250,0,0
stim,189648,219769,0,219769,3417059.455,-0.705,-0.045,0.049,0.706,0,0,7,0,0,0,0,145,44,0.999,1,2233,0,307.502,2.666,166.000,258.125,-19.313,0.102,0.070,1.957,-1.320,2.316,8.023,2.852,2.986,1.215,1.344,0,NULL,NULL,,3,0,2,7,255,1402,250,0,0
stim,189648,219769,0,219769,3417064.454,-0.706,-0.048,0.062,0.704,0,0,9,0,0,0,0,154,44,0.999,1,2233,0,311.735,3.715,169.313,261.063,-18.938,0.188,0.129,2.055,-1.320,3.473,9.043,2.782,2.916,1.215,1.344,0,NULL,NULL,,3,0,2,7,255,1402,250,0,0
stim,189648,219769,0,219769,3417069.455,-0.706,-0.050,0.076,0.702,0,0,16,0,0,0,0,151,44,0.999,1,2233,0,315.386,5.140,171.875,263.938,-16.250,0.273,0.164,2.141,-1.570,4.895,9.777,2.714,2.846,1.215,1.344,0,NULL,NULL,,3,0,2,7,255,1402,250,0,0
stim,189648,219769,0,219769,3417074.453,-0.706,-0.053,0.089,0.700,0,0,17,0,0,0,0,155,44,0.999,1,2233,0,317.936,6.531,173.250,266.188,-14.563,0.387,0.148,2.227,-1.570,6.340,10.344,2.648,2.778,1.215,1.344,0,NULL,NULL,,3,0,2,7,255,1402,250,0,0
stim,189648,219769,0,219769,3417079.455,-0.706,-0.056,0.102,0.698,0,0,19,0,0,0,0,153,44,0.999,1,2233,0,317.976,8.122,170.563,268.063,-12.625,0.531,0.148,2.281,-1.074,8.051,10.824,2.582,2.712,1.215,1.344,0,NULL,NULL,,3,0,2,7,255,1402,250,0,0
stim,189648,219769,0,219769,3417084.454,-0.706,-0.060,0.116,0.696,0,0,16,0,0,0,0,151,44,0.999,1,2233,0,315.789,10.082,163.875,269.813,-8.313,0.676,0.168,2.270,-0.746,10.055,10.824,2.512,2.642,1.215,1.344,0,NULL,NULL,,3,0,2,7,255,1402,250,0,0
stim,189648,219769,0,219769,3417089.455,-0.705,-0.063,0.129,0.695,0,0,17,0,0,0,0,151,44,0.999,1,2233,0,314.189,11.895,165.688,266.875,6.313,0.770,0.141,2.266,-0.609,11.879,10.156,2.438,2.568,1.215,1.344,0,NULL,NULL,,3,0,2,7,255,1402,250,0,0
stim,189648,219769,0,219769,3417094.453,-0.704,-0.065,0.142,0.693,0,0,20,0,0,0,0,151,44,0.999,1,2233,0,311.753,13.203,166.813,262.750,18.063,0.793,0.113,2.281,-0.043,13.203,9.586,2.364,2.496,1.215,1.344,0,NULL,NULL,,3,0,2,7,255,1402,250,0,0
stim,189648,219769,0,219769,3417099.455,-0.702,-0.068,0.155,0.692,0,0,19,0,0,0,0,157,44,0.999,1,2233,0,305.808,13.917,163.313,257.313,25.250,0.805,0.086,2.293,0.559,13.906,9.344,2.296,2.426,1.215,1.344,0,NULL,NULL,,3,0,2,7,255,1402,250,0,0
stim,189676,219797,0,219797,3417104.454,-0.700,-0.071,0.167,0.691,0,0,17,0,0,0,0,155,44,0.999,1,2233,0,297.367,14.500,156.813,250.813,30.500,0.824,0.090,2.273,1.117,14.457,9.051,2.230,2.360,1.215,1.344,0,NULL,NULL,,3,0,2,7,255,1402,250,0,0
stim,189676,219797,0,219797,3417109.455,-0.698,-0.073,0.180,0.690,0,0,13,0,0,0,0,157,44,0.999,1,2233,0,287.964,15.027,149.250,243.813,34.688,0.840,0.094,2.230,1.324,14.969,8.492,2.162,2.290,1.215,1.344,0,NULL,NULL,,3,0,2,7,255,1402,250,0,0
stim,189676,219797,0,219797,3417114.453,-0.695,-0.076,0.191,0.689,0,0,16,0,0,0,0,160,44,0.999,1,2233,0,278.928,15.412,143.313,236.438,36.875,0.871,0.059,2.188,1.453,15.344,7.695,2.092,2.220,1.215,1.344,0,NULL,NULL,,3,0,2,7,255,1402,250,0,0
stim,189676,219797,0,219797,3417119.455,-0.693,-0.078,0.202,0.688,0,0,16,0,0,0,0,164,44,0.999,1,2233,0,269.190,15.970,136.438,229.063,37.125,0.914,-0.031,2.145,1.973,15.848,6.828,2.018,2.144,1.215,1.344,0,NULL,NULL,,3,0,2,7,255,1402,250,0,0
stim,189694,219815,0,219815,3417124.454,-0.690,-0.081,0.213,0.687,0,0,16,0,0,0,0,158,44,0.999,1,2233,0,258.553,16.625,128.188,221.375,37.563,0.957,-0.125,2.063,2.961,16.359,5.797,1.936,2.064,1.215,1.344,0,NULL,NULL,,3,0,2,7,255,1402,250,0,0
stim,189694,219815,0,219815,3417129.455,-0.688,-0.083,0.223,0.686,0,0,16,0,0,0,0,166,44,0.999,1,2233,0,247.728,17.001,120.750,212.875,38.375,0.984,-0.230,1.922,3.871,16.555,4.426,1.852,1.980,1.215,1.344,0,NULL,NULL,,3,0,2,7,255,1402,250,0,0
stim,189694,219815,0,219815,3417134.454,-0.685,-0.086,0.233,0.685,0,0,16,0,0,0,0,167,44,0.999,1,2233,0,239.169,17.233,119.688,203.313,39.250,0.988,-0.359,1.742,4.789,16.555,2.539,1.764,1.890,1.215,1.344,0,NULL,NULL,,3,0,2,7,255,1402,250,0,0
stim,189694,219815,0,219815,3417139.455,-0.683,-0.087,0.243,0.684,0,0,17,0,0,0,0,187,44,0.999,1,2233,0,233.885,17.048,127.250,192.438,38.438,0.984,-0.484,1.602,5.863,16.008,0.395,1.668,1.796,1.215,1.344,0,NULL,NULL,,3,0,2,7,255,1402,250,0,0
stim,189694,219815,0,219815,3417144.453,-0.681,-0.088,0.252,0.682,0,0,17,0,0,0,0,202,44,0.999,1,2233,0,230.448,16.948,139.063,180.750,33.125,0.996,-0.563,1.535,6.906,15.477,-1.344,1.570,1.700,1.215,1.344,0,NULL,NULL,,3,0,2,7,255,1402,250,0,0
stim,189694,219815,0,219815,3417149.455,-0.678,-0.088,0.262,0.681,0,0,20,0,0,0,0,223,44,0.999,1,2233,0,226.473,17.255,149.688,166.375,34.688,1.180,-0.559,1.547,7.629,15.477,-2.453,1.470,1.600,1.215,1.344,0,NULL,NULL,,3,0,2,7,255,1402,250,0,0
stim,189750,219871,0,219871,3417154.454,-0.676,-0.088,0.271,0.679,0,0,19,0,0,0,0,239,44,0.999,1,2233,0,221.731,18.224,152.000,155.250,44.250,1.039,-0.508,1.660,7.629,16.551,-2.453,1.366,1.494,1.215,1.344,0,NULL,NULL,,3,0,2,7,255,1402,250,0,0
stim,189750,219871,0,219871,3417159.455,-0.675,-0.088,0.279,0.677,0,0,21,0,0,0,0,275,44,0.999,1,2233,0,199.659,18.391,140.250,141.688,10.875,1.094,-0.664,1.605,7.629,16.734,-3.508,1.254,1.384,1.215,1.344,0,NULL,NULL,,3,0,2,7,255,1402,250,0,0
stim,189750,219871,0,219871,3417164.454,-0.674,-0.088,0.287,0.675,0,0,27,0,0,0,0,308,44,0.999,1,2233,0,191.130,18.591,139.563,130.438,-6.250,1.387,-0.602,1.504,8.098,16.734,-3.508,1.140,1.270,1.215,1.344,0,NULL,NULL,,3,0,2,7,255,1402,250,0,0
stim,189750,219871,0,219871,3417169.455,-0.673,-0.087,0.295,0.672,0,0,24,0,0,0,0,339,44,0.999,1,2233,0,184.775,20.445,141.813,118.313,-5.750,1.641,-0.574,1.453,8.098,18.773,-5.945,1.026,1.156,1.215,1.344,0,NULL,NULL,,3,0,2,7,255,1402,250,0,0
stim,189750,219871,0,219871,3417174.454,-0.672,-0.087,0.302,0.670,0,0,25,0,0,0,0,360,44,0.999,1,2233,0,171.600,22.074,133.250,108.125,0.000,1.844,-0.586,1.492,7.773,20.660,-7.871,0.910,1.038,1.215,1.344,0,NULL,NULL,,3,0,2,7,255,1402,250,0,0
stim,189750,219871,0,219871,3417179.455,-0.671,-0.086,0.308,0.668,0,0,23,0,0,0,0,375,44,0.999,1,2233,0,152.218,23.857,116.313,97.750,9.313,1.977,-0.695,1.383,7.773,22.555,-8.898,0.796,0.920,1.215,1.344,0,NULL,NULL,,3,0,2,7,255,1402,250,0,0
stim,189750,219871,0,219871,3417184.453,-0.671,-0.085,0.314,0.667,0,0,26,0,0,0,0,392,44,0.999,1,2233,0,145.120,24.098,117.250,85.250,6.688,2.027,-0.879,1.172,8.484,22.555,-11.043,0.684,0.806,1.215,1.344,0,NULL,NULL,,3,0,2,7,255,1402,250,0,0
stim,189750,219871,0,219871,3417189.455,-0.670,-0.083,0.320,0.665,0,0,24,0,0,0,0,404,44,0.999,1,2233,0,147.954,24.804,131.063,68.313,6.813,2.137,-1.020,1.180,9.617,22.863,-13.723,0.576,0.690,1.215,1.344,0,NULL,NULL,,3,0,2,7,255,1402,250,0,0
stim,189750,219871,0,219871,3417194.454,-0.669,-0.080,0.326,0.663,0,0,25,0,0,0,0,411,44,0.999,1,2233,0,150.635,25.336,141.375,49.938,14.500,2.109,-1.066,1.250,10.918,22.863,-14.574,0.470,0.576,1.215,1.344,0,NULL,NULL,,3,0,2,7,255,1402,250,0,0
stim,189750,219871,0,219871,3417199.455,-0.669,-0.076,0.331,0.661,0,0,23,0,3,0,0,414,44,0.999,1,2233,0,154.606,25.673,151.000,28.625,16.813,2.000,-0.980,1.453,11.625,22.891,-14.574,0.370,0.458,1.215,1.344,0,NULL,NULL,,3,0,2,7,255,1402,250,0,0
stim,189769,219890,0,219890,3417204.453,-0.669,-0.072,0.335,0.659,0,0,22,0,2,0,0,413,44,0.999,1,2233,0,147.984,25.802,147.438,6.563,10.875,1.793,-0.773,1.734,11.625,23.035,-12.391,0.294,0.354,1.215,1.344,0,NULL,NULL,,3,0,2,7,255,1402,250,0,0
stim,189769,219890,0,219890,3417209.455,-0.670,-0.068,0.339,0.657,0,0,25,0,0,0,0,414,44,0.999,1,2233,0,126.307,25.557,125.250,-15.438,-5.250,1.637,-0.570,2.031,10.914,23.109,-8.648,0.254,0.272,1.215,1.344,0,NULL,NULL,,3,0,2,7,255,1402,250,0,0
stim,189769,219890,0,219890,3417214.453,-0.671,-0.065,0.340,0.656,0,0,24,0,0,0,0,420,44,0.999,1,2233,0,84.350,25.643,75.750,-35.625,-10.375,1.590,-0.449,2.281,10.316,23.477,-5.004,0.270,0.236,1.215,1.344,0,NULL,NULL,,3,0,2,7,255,1402,250,0,0
stim,189769,219890,0,219890,3417219.455,-0.672,-0.063,0.338,0.656,0,0,27,0,0,0,0,416,44,0.999,1,2233,0,55.634,25.614,11.625,-53.688,-8.813,1.352,-0.332,2.297,10.242,23.477,-2.496,0.302,0.250,1.215,1.344,0,NULL,NULL,,3,0,2,7,255,1402,250,0,0
stim,189795,219916,0,219916,3417224.454,-0.674,-0.063,0.335,0.656,0,0,25,0,0,0,0,416,44,0.999,1,2233,0,85.780,24.598,-42.375,-68.500,-29.500,1.055,-0.270,2.090,9.504,22.688,-0.609,0.330,0.270,1.215,1.344,0,NULL,NULL,,3,0,2,7,255,1402,250,0,0
stim,189795,219916,0,219916,3417229.455,-0.676,-0.064,0.330,0.655,0,0,24,0,0,0,0,412,44,0.999,1,2233,0,129.533,20.953,-75.688,-80.375,-67.750,1.012,-0.238,1.855,8.488,19.156,-0.609,0.352,0.290,1.215,1.344,0,NULL,NULL,,3,0,2,7,255,1402,250,0,0
stim,189795,219916,0,219916,3417234.453,-0.679,-0.064,0.325,0.655,0,0,25,103,0,0,0,485,44,0.999,1,2233,0,137.812,19.643,-70.563,-98.563,-65.563,0.957,-0.574,2.070,8.488,17.715,-0.465,0.368,0.306,1.215,1.344,0,NULL,NULL,,3,0,2,7,255,1402,250,0,0
stim,189795,219916,0,219916,3417239.455,-0.677,-0.050,0.325,0.659,483,0,5,819,0,19,0,529,44,0.999,1,2233,0,347.446,20.987,183.813,-215.125,201.625,0.375,0.238,4.465,11.254,17.715,-0.465,0.376,0.320,1.215,1.344,0,NULL,NULL,,3,0,2,7,255,1402,250,0,0
stim,189837,219958,0,219958,3417244.454,-0.666,-0.050,0.311,0.676,1069,0,0,1315,0,143,0,583,44,0.999,1,2233,0,562.422,20.987,-346.500,-161.875,412.375,-0.723,2.449,4.070,11.254,17.715,23.898,0.376,0.336,1.215,1.344,0,NULL,NULL,,3,0,2,7,255,1402,250,0,0
stim,189837,219958,0,219958,3417249.455,-0.658,-0.062,0.287,0.694,1566,0,0,1725,0,411,0,629,44,0.999,1,2233,0,778.677,17.548,-712.500,-145.563,278.375,-1.176,2.719,1.035,-9.234,14.922,23.898,0.372,0.356,1.215,1.344,0,NULL,NULL,,3,0,2,7,255,1402,250,0,0
stim,189837,219958,0,219958,3417254.453,-0.652,-0.071,0.268,0.705,1925,0,0,1926,0,555,0,679,44,0.999,1,2234,0,552.656,17.967,-509.000,-131.688,170.313,-1.711,1.863,-0.875,-17.289,-4.891,11.762,0.370,0.376,1.215,1.344,1,1391.000,-11.000,,3,0,2,7,255,1402,250,0,0
stim,189837,219958,0,219958,3417259.455,-0.652,-0.074,0.257,0.709,2165,0,0,2065,0,685,0,759,44,0.999,1,2234,0,278.928,22.020,-254.875,-110.875,23.375,-1.262,0.848,-0.520,-17.289,-13.637,-4.836,0.366,0.384,1.215,1.344,1,NULL,NULL,,3,0,2,7,255,1402,250,0,0
stim,189837,219958,0,219958,3417264.454,-0.654,-0.073,0.252,0.710,2318,0,0,2155,0,850,0,824,44,0.999,1,2234,0,132.849,15.533,-69.125,-110.250,-26.750,-0.188,0.680,0.461,-7.438,-13.637,-4.836,0.356,0.380,1.215,1.344,1,NULL,NULL,,3,0,2,7,255,1402,250,0,0
stim,189837,219958,0,219958,3417269.455,-0.653,-0.071,0.246,0.713,2527,0,0,2389,0,983,0,864,44,0.999,1,2234,0,152.496,7.439,-82.688,-115.125,56.250,0.289,1.105,1.332,-7.438,0.129,-3.520,0.340,0.362,1.215,1.344,1,NULL,NULL,,3,0,2,7,255,1402,250,0,0
stim,189837,219958,0,219958,3417274.453,-0.648,-0.071,0.238,0.720,2685,0,0,2585,0,1016,0,910,44,0.999,1,2234,0,265.414,7.184,-174.875,-121.250,158.625,-0.438,1.031,1.246,-7.141,0.789,2.918,0.310,0.328,1.215,1.344,1,NULL,NULL,,3,0,2,7,255,1402,250,0,0
stim,189837,219958,0,219958,3417279.455,-0.641,-0.071,0.225,0.730,2798,0,0,2710,0,1047,0,982,44,0.999,1,2234,0,413.760,7.184,-290.188,-172.563,239.188,-1.809,-0.574,0.543,-7.141,0.789,2.918,0.276,0.290,1.215,1.344,1,NULL,NULL,,3,0,2,7,255,1402,250,0,0
stim,189876,219997,0,219997,3417284.453,-0.640,-0.073,0.211,0.735,2868,0,0,2804,0,1067,0,1079,44,0.999,1,2234,0,335.606,16.193,-279.125,-172.813,69.688,-2.117,-1.047,-0.289,9.168,-13.348,0.750,0.242,0.254,1.215,1.344,1,NULL,NULL,,3,0,2,7,255,1402,250,0,0
stim,189876,219997,0,219997,3417289.455,-0.644,-0.071,0.203,0.735,2935,0,0,2893,0,1091,0,1184,44,0.999,1,2234,0,224.517,16.193,-97.625,-184.750,-82.125,-1.105,-0.273,-0.398,9.168,-13.348,-6.465,0.212,0.226,1.215,1.344,2,NULL,NULL,,3,0,2,7,255,1402,250,0,0
stim,189876,219997,0,219997,3417294.454,-0.649,-0.064,0.199,0.731,2983,0,0,2943,0,1111,0,1292,44,0.999,1,2234,0,228.299,11.862,59.250,-185.000,-119.938,-0.051,0.117,0.863,3.797,-11.238,-6.465,0.192,0.208,1.215,1.344,2,NULL,NULL,,3,0,2,7,255,1402,250,0,0
stim,189876,219997,0,219997,3417299.455,-0.653,-0.057,0.195,0.730,3021,0,0,3001,0,1139,0,1353,44,0.999,1,2234,0,193.974,4.557,49.125,-174.750,-68.375,0.535,-0.211,1.965,3.797,2.520,-1.672,0.178,0.192,1.215,1.344,2,NULL,NULL,,3,0,2,7,255,1402,250,0,0
stim,189876,219997,0,219997,3417304.453,-0.654,-0.054,0.189,0.731,3036,0,0,3052,0,1189,0,1389,44,0.999,1,2234,0,172.547,12.522,-67.813,-158.500,7.188,0.688,-0.637,2.195,3.926,11.891,5.824,0.166,0.180,1.215,1.344,2,NULL,NULL,,3,0,2,7,255,1402,250,0,0
stim,189876,219997,0,219997,3417309.455,-0.652,-0.054,0.179,0.735,3051,0,0,3081,0,1255,0,1421,44,0.999,1,2234,0,240.568,14.344,-177.125,-145.250,73.500,0.496,-0.957,1.547,8.023,11.891,5.824,0.158,0.168,1.215,1.344,2,NULL,NULL,,3,0,2,7,255,1402,250,0,0
stim,189876,219997,0,219997,3417314.454,-0.649,-0.054,0.170,0.740,3064,0,0,3107,0,1381,0,1451,44,0.999,1,2234,0,251.001,14.667,-180.000,-131.875,114.938,0.117,-1.102,0.645,10.305,10.438,1.285,0.154,0.158,1.215,1.344,2,NULL,NULL,,3,0,2,7,255,1402,250,0,0
stim,189876,219997,0,219997,3417319.455,-0.645,-0.052,0.163,0.745,3078,0,0,3129,0,1471,0,1501,44,0.999,1,2234,0,209.091,11.141,-100.438,-131.875,127.438,-0.293,-0.914,0.379,10.305,4.234,-5.840,0.152,0.148,1.215,1.344,2,NULL,NULL,,3,0,2,7,255,1402,250,0,0
stim,189877,219998,0,219998,3417324.454,-0.642,-0.047,0.159,0.748,3087,0,0,3149,0,1561,0,1545,44,0.999,1,2234,0,175.531,9.569,-28.625,-136.563,106.500,-0.508,-0.379,0.797,9.555,-0.516,-5.840,0.152,0.140,1.215,1.344,2,NULL,NULL,,3,0,2,7,255,1402,250,0,0
stim,189877,219998,0,219998,3417329.455,-0.641,-0.043,0.155,0.751,3092,0,0,3151,11,1693,0,1604,44,0.999,1,2234,0,147.964,5.283,-16.563,-132.375,64.000,-0.449,0.172,1.309,5.219,-0.824,-1.566,0.154,0.128,1.215,1.344,2,NULL,NULL,,3,0,2,7,255,1402,250,0,0
stim,189907,220028,0,220028,3417334.454,-0.640,-0.040,0.150,0.752,3097,0,0,3163,85,1815,0,1686,44,0.999,1,2234,0,136.982,0.895,-51.375,-123.125,31.063,-0.223,0.441,1.438,0.348,-0.824,3.824,0.166,0.114,1.215,1.344,2,NULL,NULL,,3,0,2,7,255,1402,250,0,0
stim,189907,220028,0,220028,3417339.455,-0.640,-0.039,0.144,0.754,3097,0,0,3165,183,1898,6,1741,44,0.999,1,2234,0,144.908,1.950,-88.375,-113.063,20.125,-0.039,0.293,1.305,-1.602,1.113,3.824,0.184,0.098,1.215,1.344,2,NULL,NULL,,3,0,2,7,255,1402,250,0,0
stim,189907,220028,0,220028,3417344.454,-0.640,-0.038,0.138,0.755,3111,0,0,3165,332,2003,17,1788,44,0.999,1,2234,0,148.007,2.979,-103.313,-103.500,22.813,-0.008,-0.027,1.066,-1.602,2.512,2.961,0.202,0.082,1.215,1.344,2,NULL,NULL,,3,0,2,7,255,1402,250,0,0
stim,189907,220028,0,220028,3417349.455,-0.639,-0.037,0.132,0.757,3115,0,0,3171,437,2076,17,1843,44,0.999,1,2234,0,137.073,2.751,-94.375,-97.313,20.313,-0.098,-0.281,0.906,1.121,2.512,0.242,0.218,0.072,1.215,1.344,2,NULL,NULL,,3,0,2,7,255,1402,250,0,0
stim,189941,220062,0,220062,3417354.453,-0.639,-0.036,0.127,0.757,3107,0,0,3175,696,2174,51,1951,44,0.999,1,2234,0,120.859,3.875,-75.750,-93.875,7.500,-0.152,-0.328,0.844,3.520,1.621,-1.344,0.228,0.070,1.215,1.344,2,NULL,NULL,,3,0,2,7,255,1402,250,0,0
stim,189941,220062,0,220062,3417359.455,-0.640,-0.035,0.123,0.758,3111,0,0,3175,841,2236,137,2035,44,0.999,1,2234,0,103.136,3.875,-50.813,-89.750,0.000,-0.031,-0.234,1.039,3.520,1.621,-1.344,0.234,0.068,1.215,1.344,2,NULL,NULL,,3,0,2,7,255,1402,250,0,0
stim,189941,220062,0,220062,3417364.454,-0.641,-0.033,0.121,0.757,3119,0,0,3179,1013,2283,119,2117,44,0.999,1,2234,0,60.073,3.790,-14.375,-51.438,-27.500,0.133,-0.047,1.551,2.984,2.336,-0.117,0.240,0.064,1.215,1.344,2,NULL,NULL,,3,0,2,7,255,1402,250,0,0
stim,189941,220062,0,220062,3417369.455,-0.642,-0.033,0.118,0.757,3112,0,0,3189,1157,2331,115,2163,44,0.999,1,2234,0,64.206,4.816,-33.938,-40.250,-36.750,0.305,0.430,1.160,1.258,4.648,1.090,0.250,0.058,1.215,1.344,2,NULL,NULL,,3,0,2,7,255,1402,250,0,0
stim,189941,220062,0,220062,3417374.453,-0.643,-0.032,0.117,0.756,3115,0,0,3179,1245,2361,113,2210,44,0.999,1,2234,0,47.005,6.094,-3.938,-39.250,-25.563,0.344,0.695,1.137,-3.941,4.648,1.102,0.260,0.052,1.215,1.344,2,NULL,NULL,,3,0,2,7,255,1402,250,0,0
stim,189941,220062,0,220062,3417379.455,-0.643,-0.032,0.115,0.756,3117,0,0,3181,1319,2380,114,2259,44,0.999,1,2234,0,32.663,6.023,-23.250,-22.938,-0.438,-0.066,0.066,1.430,-3.941,4.555,1.102,0.266,0.048,1.215,1.344,2,NULL,NULL,,3,0,2,7,255,1402,250,0,0
stim,189941,220062,0,220062,3417384.454,-0.644,-0.034,0.112,0.756,3118,1,0,3187,1405,2402,115,2295,44,0.999,1,2234,0,81.857,2.212,-78.438,-18.813,-13.938,-0.402,-0.117,1.176,0.375,2.180,2.082,0.272,0.044,1.215,1.344,2,NULL,NULL,,3,0,2,7,255,1402,250,0,0
stim,189941,220062,0,220062,3417389.455,-0.646,-0.036,0.110,0.755,3117,17,0,3177,1479,2425,105,2315,44,0.999,1,2234,0,89.095,1.328,-63.563,-14.125,-60.813,-0.301,0.121,0.773,0.375,-1.273,2.082,0.276,0.040,1.215,1.344,2,NULL,NULL,,3,0,2,7,255,1402,250,0,0
stim,189941,220062,0,220062,3417394.453,-0.648,-0.036,0.109,0.753,3120,24,0,3182,1559,2451,103,2347,44,0.999,1,2234,0,83.949,1.322,-14.750,-14.063,-81.438,0.039,0.113,0.871,-0.355,-1.273,-1.469,0.280,0.036,1.215,1.344,2,NULL,NULL,,3,0,2,7,255,1402,250,0,0
stim,189941,220062,0,220062,3417399.455,-0.650,-0.035,0.108,0.751,3119,41,0,3187,1603,2460,101,2363,44,0.999,1,2234,0,57.596,1.931,-6.375,-13.250,-55.688,0.152,0.047,1.145,-0.355,1.898,-1.469,0.284,0.030,1.215,1.344,2,NULL,NULL,,3,0,2,7,255,1402,250,0,0
stim,189974,220095,0,220095,3417404.453,-0.651,-0.036,0.106,0.751,3118,53,0,3177,1642,2473,84,2382,44,0.999,1,2234,0,43.653,2.023,-35.688,-9.563,-23.250,-0.023,0.047,1.184,-0.121,2.020,0.883,0.288,0.026,1.215,1.344,2,NULL,NULL,,3,0,2,7,255,1402,250,0,0
stim,189974,220095,0,220095,3417409.455,-0.652,-0.038,0.104,0.750,3129,59,0,3183,1693,2477,61,2405,44,0.999,1,2234,0,57.465,2.020,-52.563,-7.063,-22.125,-0.219,0.074,0.980,-0.035,2.020,0.883,0.288,0.018,1.215,1.344,2,NULL,NULL,,3,0,2,7,255,1402,250,0,0
stim,189974,220095,0,220095,3417414.454,-0.653,-0.038,0.103,0.749,3123,57,5,3178,1719,2493,51,2416,44,0.999,1,2234,0,58.374,0.299,-35.188,-7.688,-45.938,-0.219,0.074,0.840,-0.035,-0.297,0.070,0.290,0.012,1.215,1.344,2,NULL,NULL,,3,0,2,7,255,1402,250,0,0
stim,189974,220095,0,220095,3417419.455,-0.655,-0.039,0.102,0.748,3119,73,5,3179,1749,2505,41,2431,44,0.999,1,2234,0,56.849,0.299,-9.250,-7.688,-55.563,-0.039,0.012,0.930,-0.035,-0.297,-0.797,0.290,0.006,1.215,1.344,2,NULL,NULL,,3,0,2,7,255,1402,250,0,0
stim,189998,220120,0,220120,3417424.454,-0.656,-0.039,0.101,0.747,3125,76,5,3187,1779,2520,35,2452,44,0.999,1,2234,0,37.961,1.407,-5.875,-6.125,-37.000,0.047,0.008,1.078,0.258,1.383,-0.797,0.290,0.000,1.215,1.344,2,NULL,NULL,,3,0,2,7,255,1402,250,0,0
stim,189998,220120,0,220120,3417429.455,-0.657,-0.039,0.100,0.746,3125,95,29,3179,1789,2523,23,2469,44,0.999,1,2234,0,23.941,1.407,-17.500,-4.563,-15.688,-0.063,0.098,1.074,0.258,1.383,0.438,0.000,0.000,1.215,1.344,2,NULL,NULL,,3,0,2,7,255,1402,250,0,0
stim,189998,220120,0,220120,3417434.454,-0.657,-0.039,0.100,0.746,3123,99,51,3179,1819,2539,21,2471,44,0.999,1,2234,0,25.909,1.390,-22.000,-3.875,-13.125,-0.199,0.125,1.000,-0.500,1.297,0.438,0.000,0.000,1.215,1.344,2,NULL,NULL,,3,0,2,7,255,1402,250,0,0
stim,189999,220120,0,220120,3417439.455,-0.658,-0.040,0.099,0.745,3120,103,58,3174,1833,2537,3,2479,44,0.999,1,2234,0,29.168,0.534,-16.438,-4.063,-23.750,-0.219,0.078,0.977,-0.500,-0.188,0.258,0.000,0.000,1.215,1.344,2,NULL,NULL,,3,0,2,7,255,1402,250,0,0
stim,189999,220120,0,220120,3417444.453,-0.659,-0.040,0.098,0.745,3123,110,91,3186,1865,2541,0,2486,44,0.999,1,2234,0,30.617,0.257,-10.938,-4.438,-28.250,-0.141,0.047,0.992,-0.176,-0.188,0.023,0.000,0.000,1.215,1.344,2,NULL,NULL,,3,0,2,7,255,1402,250,0,0
stim,189999,220120,0,220120,3417449.455,-0.660,-0.040,0.098,0.744,3119,116,103,3176,1883,2551,0,2491,44,0.999,1,2234,1,26.097,0.441,-8.625,-4.313,-24.250,-0.113,0.047,1.012,-0.004,0.441,0.023,0.000,0.000,1.214,1.363,2,NULL,NULL,,3,0,2,7,255,1402,250,0,0
stim,190043,220164,0,220164,3417454.454,-0.660,-0.040,0.097,0.744,3129,138,123,3181,1901,2566,0,2505,44,0.999,1,2234,1,22.287,0.599,-9.750,-4.063,-19.625,-0.133,0.027,1.020,0.035,0.598,0.152,0.006,0.006,1.214,1.363,2,NULL,NULL,,3,0,2,7,255,1402,250,0,0
stim,190043,220164,0,220164,3417459.455,-0.661,-0.041,0.097,0.743,3119,139,139,3167,1910,2550,0,2515,44,0.999,1,2234,1,21.300,0.628,-10.813,-3.875,-17.938,-0.164,-0.016,0.988,0.191,0.598,0.152,0.012,0.012,1.214,1.363,2,NULL,NULL,,3,0,2,7,255,1402,250,0,0
stim,190043,220164,0,220164,3417464.454,-0.661,-0.041,0.096,0.743,3119,136,141,3165,1931,2568,0,2521,44,0.999,1,2234,1,20.240,0.667,-8.938,-4.375,-17.625,-0.176,-0.039,0.949,0.598,0.297,-0.012,0.016,0.018,1.214,1.363,2,NULL,NULL,,3,0,2,7,255,1402,250,0,0
stim,190043,220164,0,220164,3417469.455,-0.662,-0.041,0.095,0.742,3119,136,143,3180,1949,2557,0,2521,44,0.999,1,2234,1,18.712,0.844,-4.688,-5.125,-17.375,-0.168,-0.059,0.938,0.824,0.180,-0.379,0.022,0.022,1.214,1.363,2,NULL,NULL,,3,0,2,7,255,1402,250,0,0
stim,190043,220164,0,220164,3417474.453,-0.663,-0.041,0.095,0.742,3113,138,167,3166,1967,2579,0,2523,44,0.999,1,2234,1,16.822,1.024,-1.313,-6.250,-15.563,-0.156,-0.066,0.941,1.008,0.180,-0.527,0.028,0.028,1.214,1.363,2,NULL,NULL,,3,0,2,7,255,1402,250,0,0
stim,190043,220164,0,220164,3417479.455,-0.663,-0.041,0.095,0.741,3113,143,205,3171,1973,2575,0,2537,44,0.999,1,2234,1,14.445,1.052,1.188,-7.250,-12.438,-0.152,-0.059,0.934,1.008,0.301,-0.535,0.032,0.032,1.214,1.363,2,NULL,NULL,,3,0,2,7,255,1402,250,0,0
stim,190043,220164,0,220164,3417484.454,-0.663,-0.040,0.095,0.741,3108,142,227,3149,1995,2577,0,2547,44,0.999,1,2234,1,13.791,0.999,4.500,-8.438,-9.938,-0.160,-0.031,0.945,0.953,0.301,-0.527,0.034,0.036,1.214,1.363,2,NULL,NULL,,3,0,2,7,255,1402,250,0,0
stim,190043,220164,0,220164,3417489.455,-0.664,-0.040,0.094,0.741,3101,139,246,3148,2012,2579,0,2543,44,0.999,1,2234,1,14.720,0.731,7.000,-9.250,-9.063,-0.168,-0.004,0.973,0.699,0.215,-0.438,0.036,0.038,1.214,1.363,2,NULL,NULL,,3,0,2,7,255,1402,250,0,0
stim,190061,220182,0,220182,3417494.453,-0.664,-0.039,0.094,0.741,3099,137,285,3143,2031,2581,0,2555,44,0.999,1,2234,1,15.409,0.496,7.688,-9.750,-9.125,-0.176,0.012,0.984,0.477,0.137,-0.172,0.038,0.038,1.214,1.363,2,NULL,NULL,,3,0,2,7,255,1402,250,0,0
stim,190061,220182,0,220182,3417499.455,-0.665,-0.039,0.094,0.740,3101,137,315,3127,2045,2585,0,2569,44,0.999,1,2234,1,16.962,0.346,7.938,-10.250,-10.938,-0.176,0.027,0.988,0.336,0.082,-0.031,0.038,0.038,1.214,1.363,2,NULL,NULL,,3,0,2,7,255,1402,250,0,0
stim,190061,220182,0,220182,3417504.453,-0.665,-0.038,0.094,0.740,3091,139,333,3117,2063,2587,0,2572,44,0.999,1,2234,1,18.690,0.208,9.313,-10.750,-12.125,-0.168,0.047,0.988,0.191,0.082,0.023,0.038,0.038,1.214,1.363,2,NULL,NULL,,3,0,2,7,255,1402,250,0,0
stim,190061,220182,0,220182,3417509.455,-0.665,-0.038,0.094,0.740,3087,135,340,3110,2027,2588,0,2585,44,0.999,1,2234,1,19.508,0.100,10.125,-11.313,-12.250,-0.168,0.059,1.000,0.020,0.098,0.035,0.038,0.036,1.214,1.363,2,NULL,NULL,,3,0,2,7,255,1402,250,0,0
stim,190083,220204,0,220204,3417514.454,-0.666,-0.037,0.094,0.739,3081,125,357,3108,2080,2591,0,2597,44,0.999,1,2234,1,19.099,0.144,9.313,-11.313,-12.250,-0.168,0.070,1.008,-0.094,0.109,0.152,0.038,0.036,1.214,1.363,2,NULL,NULL,,3,0,2,7,255,1402,250,0,0
stim,190083,220204,0,220204,3417519.455,-0.666,-0.036,0.094,0.739,3079,119,361,3095,2103,2603,0,2607,44,0.999,1,2234,1,20.057,0.210,8.875,-12.688,-12.750,-0.164,0.066,0.988,-0.180,0.109,0.152,0.036,0.034,1.214,1.363,2,NULL,NULL,,3,0,2,7,255,1402,250,0,0
stim,190083,220204,0,220204,3417524.454,-0.667,-0.036,0.094,0.738,3053,115,373,3067,2117,2601,1,2613,44,0.999,1,2234,1,22.192,0.235,11.813,-13.563,-13.000,-0.145,0.090,0.977,-0.203,0.117,0.016,0.036,0.034,1.214,1.363,2,NULL,NULL,,3,0,2,7,255,1402,250,0,0
stim,190083,220204,0,220204,3417529.455,-0.667,-0.035,0.094,0.738,3039,101,409,3060,2133,2601,0,2621,44,0.999,1,2234,1,23.117,0.462,14.563,-14.563,-10.500,-0.141,0.105,1.012,-0.402,0.227,0.016,0.034,0.032,1.214,1.363,2,NULL,NULL,,3,0,2,7,255,1402,250,0,0
stim,190083,220204,0,220204,3417534.454,-0.668,-0.034,0.094,0.738,3035,93,425,3045,2161,2607,0,2643,44,0.999,1,2234,1,22.565,0.605,13.813,-14.563,-10.313,-0.148,0.160,1.043,-0.555,0.242,0.223,0.032,0.028,1.214,1.363,2,NULL,NULL,,3,0,2,7,255,1402,250,0,0
stim,190083,220204,0,220204,3417539.455,-0.668,-0.033,0.094,0.737,3019,93,454,3027,2185,2613,0,2643,44,0.999,1,2234,1,21.822,1.070,12.000,-14.438,-11.125,-0.133,0.227,1.047,-1.027,0.301,0.570,0.030,0.024,1.214,1.363,2,NULL,NULL,,3,0,2,7,255,1402,250,0,0
stim,190140,220261,0,220261,3417544.453,-0.668,-0.032,0.094,0.737,3004,90,491,3008,2203,2607,0,2653,44,0.999,1,2234,1,18.958,1.698,8.625,-14.438,-8.750,-0.129,0.227,1.055,-1.668,0.320,0.621,0.028,0.020,1.214,1.363,2,NULL,NULL,,3,0,2,7,255,1402,250,0,0
stim,190140,220261,0,220261,3417549.455,-0.669,-0.031,0.094,0.737,2989,102,554,2997,2237,2621,0,2676,44,0.999,1,2234,1,15.969,1.698,3.313,-14.500,-5.813,-0.152,0.191,1.055,-1.668,0.320,0.707,0.026,0.014,1.214,1.363,2,NULL,NULL,,3,0,2,7,255,1402,250,0,0
stim,190162,220283,0,220283,3417554.454,-0.669,-0.031,0.093,0.737,2975,103,629,2979,2253,2623,0,2677,44,0.999,1,2234,1,16.185,1.308,0.000,-14.563,-7.063,-0.172,0.180,1.016,-1.301,0.137,0.707,0.026,0.010,1.214,1.363,2,NULL,NULL,,3,0,2,7,255,1402,250,0,0
stim,190162,220283,0,220283,3417559.455,-0.669,-0.030,0.093,0.737,2963,109,685,2971,2279,2629,0,2687,44,0.999,1,2234,1,17.318,1.169,0.688,-14.625,-9.250,-0.152,0.152,0.988,-1.168,0.059,0.379,0.026,0.006,1.214,1.363,2,NULL,NULL,,3,0,2,7,255,1402,250,0,0
stim,190162,220283,0,220283,3417564.454,-0.669,-0.030,0.092,0.736,2951,109,721,2951,2313,2632,0,2707,44,0.999,1,2234,1,17.096,0.943,0.563,-14.750,-8.625,-0.137,0.094,0.988,-0.941,0.059,0.074,0.026,0.002,1.214,1.363,2,NULL,NULL,,3,0,2,7,255,1402,250,0,0
stim,190162,220283,0,220283,3417569.455,-0.670,-0.029,0.092,0.736,2937,117,755,2937,2345,2631,0,2711,44,0.999,1,2234,1,16.594,0.397,-1.125,-14.563,-7.875,-0.148,0.051,0.973,-0.375,0.129,0.016,0.026,0.002,1.214,1.363,2,NULL,NULL,,3,0,2,7,255,1402,250,0,0
stim,190162,220283,0,220283,3417574.453,-0.670,-0.029,0.091,0.736,2923,133,802,2920,2381,2629,0,2720,44,0.999,1,2234,1,17.390,0.135,-0.375,-14.875,-9.000,-0.156,0.031,0.957,0.039,0.129,-0.145,0.028,0.004,1.214,1.363,2,NULL,NULL,,3,0,2,7,255,1402,250,0,0
stim,190162,220283,0,220283,3417579.455,-0.671,-0.028,0.091,0.736,2903,138,828,2905,2406,2641,0,2739,44,0.999,1,2234,1,18.645,0.244,2.000,-14.875,-11.063,-0.141,0.023,0.949,0.207,0.129,-0.324,0.028,0.006,1.214,1.363,2,NULL,NULL,,3,0,2,7,255,1402,250,0,0
stim,190162,220283,0,220283,3417584.454,-0.671,-0.028,0.091,0.735,2879,138,885,2892,2441,2636,17,2746,44,0.999,1,2234,1,17.979,0.326,3.438,-14.750,-9.688,-0.113,0.012,0.953,0.277,0.172,-0.410,0.030,0.006,1.214,1.363,2,NULL,NULL,,3,0,2,7,255,1402,250,0,0
stim,190162,220283,0,220283,3417589.455,-0.671,-0.027,0.090,0.735,2873,141,957,2869,2457,2645,23,2769,44,0.999,1,2234,1,16.676,0.436,3.250,-15.313,-5.750,-0.133,0.000,0.957,0.359,0.246,-0.410,0.030,0.006,1.214,1.363,2,NULL,NULL,,3,0,2,7,255,1402,250,0,0
stim,190162,220283,0,220283,3417594.453,-0.671,-0.027,0.090,0.735,2859,147,1032,2855,2489,2652,29,2776,44,0.999,1,2234,1,16.883,0.554,3.438,-15.250,-6.375,-0.156,0.000,0.957,0.496,0.246,-0.371,0.028,0.006,1.214,1.363,2,NULL,NULL,,3,0,2,7,255,1402,250,0,0
stim,190162,220283,0,220283,3417599.455,-0.672,-0.026,0.089,0.735,2847,152,1083,2842,2517,2659,55,2790,44,0.999,1,2234,1,19.171,0.506,5.688,-15.688,-9.438,-0.141,0.012,0.953,0.496,0.102,-0.371,0.028,0.008,1.214,1.363,2,NULL,NULL,,3,0,2,7,255,1402,250,0,0
stim,190180,220301,0,220301,3417604.454,-0.672,-0.025,0.089,0.735,2824,156,1144,2823,2543,2660,79,2793,44,0.999,1,2234,1,20.260,0.438,8.313,-16.438,-8.438,-0.121,0.023,0.965,0.426,0.102,-0.320,0.028,0.010,1.214,1.363,2,NULL,NULL,,3,0,2,7,255,1402,250,0,0
stim,190180,220301,0,220301,3417609.455,-0.672,-0.025,0.089,0.735,2811,169,1209,2811,2567,2649,166,2808,44,0.999,1,2234,1,19.874,0.320,8.938,-17.188,-4.438,-0.133,0.051,0.984,0.270,0.172,-0.301,0.028,0.012,1.214,1.363,2,NULL,NULL,,3,0,2,7,255,1402,250,0,0
stim,190180,220301,0,220301,3417614.453,-0.672,-0.024,0.089,0.734,2783,173,1245,2791,2584,2653,199,2815,44,0.999,1,2234,1,19.907,0.175,8.000,-17.813,-3.875,-0.152,0.094,0.992,0.031,0.172,-0.059,0.028,0.014,1.214,1.363,2,NULL,NULL,,3,0,2,7,255,1402,250,0,0
stim,190180,220301,0,220301,3417619.455,-0.673,-0.023,0.088,0.734,2761,171,1293,2774,2607,2659,211,2836,44,0.999,1,2234,1,20.504,0.337,7.375,-18.188,-5.938,-0.145,0.109,1.000,-0.336,0.023,0.082,0.028,0.014,1.214,1.363,2,NULL,NULL,,3,0,2,7,255,1402,250,0,0
stim,190180,220301,0,220301,3417624.454,-0.673,-0.022,0.088,0.734,2747,173,1347,2763,2616,2665,254,2847,44,0.999,1,2234,1,20.607,0.360,6.063,-18.313,-7.250,-0.117,0.094,1.004,-0.359,0.023,0.117,0.030,0.016,1.214,1.363,2,NULL,NULL,,3,0,2,7,255,1402,250,0,0
stim,190180,220301,0,220301,3417629.455,-0.673,-0.021,0.087,0.734,2715,175,1387,2739,2635,2674,296,2847,44,0.999,1,2234,1,19.689,0.454,4.813,-18.125,-6.000,-0.105,0.082,1.000,-0.359,0.277,0.117,0.030,0.014,1.214,1.363,2,NULL,NULL,,3,0,2,7,255,1402,250,0,0
stim,190209,220330,0,220330,3417634.454,-0.673,-0.021,0.087,0.734,2696,172,1455,2723,2665,2679,342,2859,44,0.999,1,2234,1,19.251,0.403,4.500,-17.813,-5.750,-0.109,0.078,0.996,-0.234,0.328,0.070,0.032,0.014,1.214,1.363,2,NULL,NULL,,3,0,2,7,255,1402,250,0,0
stim,190209,220330,0,220330,3417639.455,-0.674,-0.020,0.087,0.734,2671,175,1523,2712,2677,2681,403,2871,44,0.999,1,2234,1,19.270,0.403,5.250,-17.500,-6.125,-0.109,0.086,1.000,-0.234,0.328,0.070,0.036,0.012,1.214,1.363,2,NULL,NULL,,3,0,2,7,255,1402,250,0,0
stim,190209,220330,0,220330,3417644.453,-0.674,-0.019,0.086,0.733,2631,179,1599,2683,2695,2686,445,2875,44,0.999,1,2234,1,18.681,0.423,5.188,-17.000,-5.750,-0.109,0.109,1.016,-0.281,0.316,0.070,0.038,0.012,1.214,1.363,2,NULL,NULL,,3,0,2,7,255,1402,250,0,0
stim,190209,220330,0,220330,3417649.455,-0.674,-0.018,0.086,0.733,2599,185,1669,2674,2713,2694,539,2879,44,0.999,1,2234,1,17.905,0.549,3.250,-16.438,-6.313,-0.125,0.129,1.035,-0.465,0.293,0.258,0.040,0.010,1.214,1.363,2,NULL,NULL,,3,0,2,7,255,1402,250,0,0
stim,190243,220364,0,220364,3417654.454,-0.675,-0.018,0.086,0.733,2557,188,1727,2647,2729,2691,649,2890,44,0.999,1,2234,1,18.299,0.663,-0.688,-15.625,-9.500,-0.129,0.148,1.039,-0.648,0.137,0.480,0.040,0.008,1.214,1.363,2,NULL,NULL,,3,0,2,7,255,1402,250,0,0
stim,190243,220364,0,220364,3417659.455,-0.675,-0.018,0.085,0.733,2533,188,1765,2607,2738,2685,764,2901,44,0.999,1,2234,1,20.216,0.705,-4.563,-15.063,-12.688,-0.113,0.133,1.023,-0.691,0.137,0.480,0.042,0.008,1.214,1.363,2,NULL,NULL,,3,0,2,7,255,1402,250,0,0
stim,190243,220364,0,220364,3417664.454,-0.675,-0.017,0.084,0.732,2501,187,1835,2599,2749,2685,859,2903,44,0.999,1,2234,1,21.104,0.730,-6.750,-14.750,-13.500,-0.098,0.090,1.004,-0.691,0.234,0.340,0.044,0.008,1.214,1.363,2,NULL,NULL,,3,0,2,7,255,1402,250,0,0
stim,190243,220364,0,220364,3417669.455,-0.676,-0.017,0.084,0.732,2453,187,1875,2575,2772,2687,943,2907,44,0.999,1,2234,1,20.882,0.419,-7.688,-14.750,-12.625,-0.109,0.047,0.992,-0.324,0.266,0.094,0.046,0.008,1.214,1.363,2,NULL,NULL,,3,0,2,7,255,1402,250,0,0
stim,190243,220364,0,220364,3417674.454,-0.676,-0.017,0.083,0.732,2413,196,1903,2543,2781,2701,1042,2922,44,0.999,1,2234,1,21.392,0.286,-7.250,-14.813,-13.625,-0.121,0.020,0.984,0.105,0.266,-0.031,0.046,0.008,1.214,1.363,2,NULL,NULL,,3,0,2,7,255,1402,250,0,0
stim,190243,220364,0,220364,3417679.455,-0.677,-0.017,0.082,0.731,2365,201,1946,2507,2794,2707,1096,2920,44,0.999,1,2234,1,22.810,0.376,-6.750,-15.250,-15.563,-0.129,0.016,0.984,0.355,0.121,-0.105,0.048,0.010,1.214,1.363,2,NULL,NULL,,3,0,2,7,255,1402,250,0,0
stim,190243,220364,0,220364,3417684.453,-0.677,-0.016,0.081,0.731,2323,199,2012,2474,2823,2705,1183,2922,44,0.999,1,2234,1,22.898,0.431,-5.250,-15.188,-16.313,-0.098,0.008,0.969,0.414,0.121,-0.109,0.048,0.010,1.214,1.363,2,NULL,NULL,,3,0,2,7,255,1402,250,0,0
stim,190243,220364,0,220364,3417689.455,-0.678,-0.016,0.081,0.730,2266,203,2055,2443,2812,2703,1271,2928,44,0.999,1,2234,1,20.885,0.548,-2.625,-15.500,-13.750,-0.094,0.000,0.977,0.453,0.309,-0.227,0.048,0.010,1.214,1.363,2,NULL,NULL,,3,0,2,7,255,1402,250,0,0
stim,190243,220364,0,220364,3417694.454,-0.678,-0.016,0.080,0.730,2223,199,2090,2399,2831,2701,1340,2948,44,0.999,1,2234,1,20.009,0.548,-1.750,-15.625,-12.375,-0.102,0.008,0.984,0.453,0.309,-0.227,0.048,0.010,1.214,1.363,2,NULL,NULL,,3,0,2,7,255,1402,250,0,0
stim,190243,220364,0,220364,3417699.455,-0.679,-0.015,0.079,0.730,2156,202,2121,2350,2837,2707,1425,2940,44,0.999,1,2234,1,19.111,0.597,-0.500,-15.750,-10.813,-0.094,0.000,0.977,0.504,0.320,-0.211,0.050,0.010,1.214,1.363,2,NULL,NULL,,3,0,2,7,255,1402,250,0,0
stim,190280,220401,0,220401,3417704.453,-0.679,-0.015,0.079,0.730,2079,199,2152,2286,2845,2714,1497,2941,44,0.999,1,2234,1,18.536,0.529,0.188,-16.063,-9.250,-0.113,0.023,0.992,0.453,0.273,-0.133,0.050,0.010,1.214,1.363,2,NULL,NULL,,3,0,2,7,255,1402,250,0,0
stim,190280,220401,0,220401,3417709.457,-0.680,-0.014,0.078,0.729,2035,192,2183,2235,2855,2707,1581,2957,44,0.999,1,2234,1,19.154,0.312,0.875,-16.313,-10.000,-0.113,0.051,1.000,0.289,0.117,-0.027,0.050,0.010,1.214,1.363,2,NULL,NULL,,3,0,2,7,255,1402,250,0,0
stim,190280,220401,0,220401,3417714.453,-0.680,-0.014,0.078,0.729,1963,189,2216,2143,2859,2707,1641,2951,44,0.999,1,2234,1,19.339,0.125,0.188,-16.438,-10.188,-0.113,0.059,1.008,0.043,0.117,0.043,0.052,0.012,1.214,1.363,2,NULL,NULL,,3,0,2,7,255,1402,250,0,0
stim,190280,220401,0,220401,3417719.455,-0.680,-0.013,0.077,0.729,1893,187,2231,2069,2861,2711,1693,2959,44,0.999,1,2234,1,19.464,0.107,-0.625,-16.688,-10.000,-0.113,0.051,1.012,0.043,0.098,0.148,0.052,0.012,1.214,1.363,2,NULL,NULL,,3,0,2,7,255,1402,250,0,0
stim,190280,220401,0,220401,3417724.454,-0.681,-0.013,0.077,0.729,1817,175,2271,2001,2887,2709,1763,2967,44,0.999,1,2234,1,19.699,0.107,-1.563,-16.750,-10.250,-0.109,0.039,1.008,0.043,0.098,0.148,0.054,0.014,1.214,1.363,2,NULL,NULL,,3,0,2,7,255,1402,250,0,0
stim,190280,220401,0,220401,3417729.455,-0.681,-0.012,0.076,0.728,1695,166,2299,1929,2892,2707,1831,2972,44,0.999,1,2234,1,19.651,0.152,-1.188,-16.875,-10.000,-0.098,0.047,1.008,0.086,0.125,0.129,0.054,0.014,1.214,1.363,2,NULL,NULL,,3,0,2,7,255,1402,250,0,0
stim,190301,220422,0,220422,3417734.453,-0.681,-0.012,0.076,0.728,1581,153,2314,1840,2904,2711,1887,2983,44,0.999,1,2234,1,19.582,0.165,-3.250,-16.813,-9.500,-0.105,0.063,1.039,0.086,0.141,0.129,0.056,0.014,1.214,1.363,2,NULL,NULL,,3,0,2,7,255,1402,250,0,0
stim,190301,220422,0,220422,3417739.455,-0.682,-0.011,0.075,0.728,1449,119,2348,1763,2910,2699,1939,2984,44,0.999,1,2234,1,20.864,0.154,-7.938,-16.688,-9.688,-0.109,0.074,1.051,-0.063,0.141,0.441,0.056,0.012,1.214,1.363,2,NULL,NULL,,3,0,2,7,255,1402,250,0,0
stim,190301,220422,0,220422,3417744.454,-0.682,-0.011,0.074,0.728,1333,107,2375,1651,2907,2707,1982,2975,44,0.999,1,2234,1,22.599,0.218,-11.688,-16.813,-9.563,-0.113,0.094,1.047,-0.195,0.098,0.539,0.058,0.012,1.214,1.363,2,NULL,NULL,,3,0,2,7,255,1402,250,0,0
stim,190301,220422,0,220422,3417749.455,-0.682,-0.011,0.073,0.727,1207,87,2395,1529,2894,2701,2029,2980,44,0.999,1,2234,1,23.957,0.396,-12.438,-16.500,-12.125,-0.105,0.113,1.027,-0.391,0.063,0.539,0.058,0.012,1.214,1.363,2,NULL,NULL,,3,0,2,7,255,1402,250,0,0
stim,190343,220464,0,220464,3417754.453,-0.683,-0.011,0.072,0.727,1081,52,2415,1349,2920,2687,2087,2991,44,0.999,1,2234,1,22.405,0.593,-9.000,-16.688,-11.938,-0.090,0.133,1.012,-0.590,0.063,0.371,0.060,0.014,1.214,1.363,2,NULL,NULL,,3,0,2,7,255,1402,250,0,0
stim,190343,220464,0,220464,3417759.455,-0.683,-0.011,0.072,0.726,920,40,2442,1199,2931,2679,2137,2986,44,0.999,1,2234,1,26.103,0.819,-9.813,-15.875,-18.250,-0.195,0.172,1.090,-0.816,0.063,0.371,0.060,0.014,1.214,1.363,2,NULL,NULL,,3,0,2,7,255,1402,250,0,0
stim,190343,220464,0,220464,3417764.454,-0.685,-0.011,0.070,0.726,743,17,2469,1065,2939,2677,2193,2985,44,0.999,1,2234,1,42.007,0.892,-17.250,-16.375,-34.625,-0.152,0.098,1.098,-0.816,-0.359,1.078,0.060,0.014,1.214,1.363,2,NULL,NULL,,3,0,2,7,255,1402,250,0,0
stim,190343,220464,0,220464,3417769.455,-0.686,-0.011,0.069,0.725,607,1,2484,915,2959,2659,2239,3001,44,0.999,1,2234,1,46.713,0.537,-30.438,-16.938,-31.125,-0.074,-0.027,1.137,-0.398,-0.359,1.090,0.060,0.014,1.214,1.363,2,NULL,NULL,,3,0,2,7,255,1402,250,0,0
stim,190343,220464,0,220464,3417774.453,-0.686,-0.012,0.067,0.724,479,1,2523,759,2957,2666,2293,2991,44,0.999,1,2234,1,54.880,0.376,-45.125,-16.125,-26.750,-0.086,0.020,1.090,0.250,0.281,1.090,0.062,0.016,1.214,1.363,2,NULL,NULL,,3,0,2,7,255,1402,250,0,0
stim,190343,220464,0,220464,3417779.455,-0.687,-0.013,0.065,0.723,371,0,2539,632,2965,2653,2333,2998,44,0.999,1,2234,1,60.629,0.376,-51.688,-17.188,-26.625,-0.133,0.117,1.012,0.250,0.281,0.875,0.062,0.016,1.214,1.363,2,NULL,NULL,,3,0,2,7,255,1402,250,0,0
stim,190343,220464,0,220464,3417784.454,-0.688,-0.014,0.063,0.722,261,0,2558,469,2966,2649,2365,3012,44,0.999,1,2234,1,61.898,0.825,-46.875,-17.375,-36.500,-0.137,0.152,0.965,-0.766,-0.309,0.227,0.062,0.016,1.214,1.363,2,NULL,NULL,,3,0,2,7,255,1402,250,0,0
stim,190343,220464,0,220464,3417789.455,-0.690,-0.015,0.061,0.721,152,0,2585,357,2981,2632,2409,3001,44,0.999,1,2234,1,63.748,0.825,-40.313,-18.125,-45.938,-0.109,0.090,0.980,-0.766,-0.309,-0.117,0.064,0.018,1.214,1.363,2,NULL,NULL,,3,0,2,7,255,1402,250,0,0
stim,190361,220482,0,220482,3417794.453,-0.691,-0.015,0.059,0.720,95,0,2605,223,2989,2621,2445,3005,44,0.999,1,2234,1,60.034,0.624,-34.625,-19.500,-45.000,-0.070,0.012,1.000,-0.609,-0.133,-0.117,0.064,0.018,1.214,1.363,2,NULL,NULL,,3,0,2,7,255,1402,250,0,0
stim,190361,220482,0,220482,3417799.455,-0.693,-0.016,0.057,0.719,41,0,2618,141,2995,2606,2479,3013,44,0.999,1,2234,1,55.776,0.185,-33.563,-21.188,-39.188,-0.086,-0.082,0.988,0.105,0.152,-0.117,0.066,0.018,1.214,1.363,2,NULL,NULL,,3,0,2,7,255,1402,250,0,0
stim,190361,220482,0,220482,3417804.453,-0.694,-0.016,0.056,0.718,24,0,2643,104,3003,2592,2511,3025,44,0.999,1,2234,1,51.647,0.704,-27.500,-24.250,-36.375,-0.117,-0.051,1.004,0.688,0.152,-0.004,0.066,0.018,1.214,1.363,2,NULL,NULL,,3,0,2,7,255,1402,250,0,0
stim,190361,220482,0,220482,3417809.455,-0.695,-0.016,0.054,0.717,5,0,2646,57,2974,2594,2531,3015,44,0.999,1,2234,1,58.218,0.704,-27.063,-26.438,-44.250,-0.070,0.016,0.977,0.688,0.152,-0.121,0.068,0.018,1.214,1.363,2,NULL,NULL,,3,0,2,7,255,1402,250,0,0
stim,190384,220505,0,220505,3417814.454,-0.697,-0.016,0.052,0.715,0,0,2653,0,3004,2558,2569,3027,44,0.999,1,2234,0,56.896,0.211,-20.188,-28.563,-44.875,-0.059,0.012,0.957,-0.012,0.211,-0.230,0.070,0.018,1.214,1.363,3,NULL,NULL,,3,0,2,7,255,1402,250,0,0
stim,190384,220505,0,220505,3417819.455,-0.697,-0.015,0.051,0.715,0,0,2663,0,3014,2549,2589,3023,44,0.999,1,2234,0,44.870,0.213,-3.875,-33.750,-29.313,-0.125,0.031,1.047,-0.031,0.211,-0.230,0.070,0.018,1.214,1.363,3,NULL,NULL,,3,0,2,7,255,1402,250,0,0
stim,190384,220505,0,220505,3417824.454,-0.698,-0.014,0.050,0.714,0,0,2671,0,3019,2527,2605,3026,44,0.999,1,2234,0,48.393,0.376,-5.313,-36.188,-31.688,-0.180,0.066,1.129,-0.160,-0.340,0.535,0.068,0.022,1.214,1.363,3,NULL,NULL,,3,0,2,7,255,1402,250,0,0
stim,190384,220505,0,220505,3417829.455,-0.700,-0.013,0.048,0.713,0,0,2679,0,3029,2515,2635,3028,44,0.999,1,2234,0,56.022,0.832,-9.813,-38.750,-39.250,-0.184,0.012,1.148,-0.160,-0.816,1.363,0.066,0.026,1.214,1.363,3,NULL,NULL,,3,0,2,7,255,1402,250,0,0
stim,190384,220505,0,220505,3417834.454,-0.701,-0.012,0.047,0.712,0,0,2688,0,3035,2489,2651,3035,44,0.999,1,2234,0,58.744,0.817,-10.938,-43.000,-38.500,-0.156,-0.035,1.160,0.027,-0.816,1.574,0.064,0.030,1.214,1.363,3,NULL,NULL,,3,0,2,7,255,1402,250,0,0
stim,190384,220505,0,220505,3417839.455,-0.702,-0.011,0.045,0.711,0,0,2686,0,3046,2472,2661,3031,44,0.999,1,2234,0,59.483,0.781,-16.563,-46.188,-33.625,-0.090,-0.066,1.117,0.484,-0.613,1.574,0.058,0.036,1.214,1.363,3,NULL,NULL,,3,0,2,7,255,1402,250,0,0
stim,190444,220565,0,220565,3417844.453,-0.703,-0.010,0.043,0.710,0,0,2701,0,3045,2455,2677,3034,44,0.999,1,2234,0,54.422,0.829,-6.438,-48.813,-23.188,-0.141,-0.051,1.102,0.578,-0.594,1.176,0.056,0.038,1.214,1.363,3,NULL,NULL,,3,0,2,7,255,1402,250,0,0
stim,190444,220565,0,220565,3417849.455,-0.703,-0.008,0.042,0.710,0,0,2687,0,3049,2419,2695,3043,44,0.999,1,2234,0,61.969,0.829,24.563,-56.438,-7.188,-0.203,0.059,1.258,0.578,-0.594,1.176,0.052,0.042,1.214,1.363,3,NULL,NULL,,3,0,2,7,255,1402,250,0,0
stim,190444,220565,1,220565,3417854.454,-0.703,-0.005,0.041,0.710,0,0,2696,0,3053,2391,2711,3035,44,0.999,1,2234,0,65.659,0.728,15.813,-63.313,7.250,-0.137,0.215,1.355,-0.422,-0.594,2.648,0.048,0.048,1.214,1.363,3,NULL,NULL,,3,1,2,7,255,1402,250,0,0
stim,190444,220565,1,220565,3417859.455,-0.703,-0.004,0.038,0.710,0,0,2684,0,3063,2361,2733,3043,44,0.999,1,2234,0,66.562,1.247,-25.063,-61.625,-2.188,-0.074,0.129,1.238,-1.125,-0.539,2.648,0.044,0.052,1.214,1.363,3,NULL,NULL,,3,1,2,7,255,1402,250,0,0
stim,190444,220565,1,220565,3417864.454,-0.703,-0.003,0.035,0.710,0,0,2671,0,3053,2317,2738,3035,44,0.999,1,2234,0,71.253,1.190,-28.625,-64.750,8.063,-0.090,0.020,1.063,-1.125,-0.387,2.352,0.040,0.058,1.214,1.363,3,NULL,NULL,,3,1,2,7,255,1402,250,0,0
stim,190444,220565,1,220565,3417869.455,-0.702,-0.001,0.033,0.711,0,0,2670,0,3053,2265,2765,3033,44,0.999,1,2234,0,73.468,0.406,-9.875,-70.000,20.000,-0.141,0.000,1.031,-0.125,-0.387,0.648,0.036,0.062,1.214,1.363,3,NULL,NULL,,3,1,2,7,255,1402,250,0,0
stim,190444,220565,1,220565,3417874.454,-0.702,0.001,0.031,0.712,0,0,2669,0,3061,2221,2779,3037,44,0.999,1,2234,0,75.742,0.946,2.438,-74.125,15.375,-0.199,0.023,1.090,-0.125,-0.938,0.648,0.032,0.068,1.214,1.363,3,NULL,NULL,,3,1,2,7,255,1402,250,0,0
stim,190444,220565,1,220565,3417879.455,-0.702,0.004,0.029,0.712,0,0,2662,0,3063,2170,2791,3036,44,0.999,1,2234,0,78.687,1.434,4.250,-78.375,5.563,-0.180,0.031,1.176,-0.152,-1.426,0.945,0.028,0.072,1.214,1.363,3,NULL,NULL,,3,1,2,7,255,1402,250,0,0
stim,190444,220565,1,220565,3417884.453,-0.702,0.006,0.026,0.712,0,0,2651,0,3053,2115,2807,3033,44,0.999,1,2234,0,80.890,1.434,-0.625,-80.875,1.438,-0.105,0.020,1.176,-0.152,-1.426,1.730,0.024,0.078,1.214,1.363,3,NULL,NULL,,3,1,2,7,255,1402,250,0,0
stim,190444,220565,1,220565,3417889.455,-0.701,0.009,0.023,0.712,0,0,2645,0,3077,2035,2824,3035,44,0.999,1,2234,0,84.076,0.776,-6.563,-83.563,6.563,-0.035,0.012,1.152,-0.102,-0.770,1.730,0.022,0.082,1.214,1.363,3,NULL,NULL,,3,1,2,7,255,1402,250,0,0
stim,190444,220565,1,220565,3417894.454,-0.701,0.011,0.021,0.713,0,0,2629,0,3077,1949,2841,3032,44,0.999,1,2234,0,88.038,0.351,-10.000,-85.750,17.250,-0.043,0.023,1.117,-0.102,-0.336,1.480,0.020,0.086,1.214,1.363,3,NULL,NULL,,3,1,2,7,255,1402,250,0,0
stim,190444,220565,1,220565,3417899.455,-0.700,0.013,0.018,0.714,0,0,2612,0,3081,1853,2851,3033,44,0.999,1,2234,0,92.545,0.374,-9.938,-88.875,23.813,-0.070,0.051,1.098,-0.164,-0.336,1.125,0.020,0.090,1.214,1.363,3,NULL,NULL,,3,1,2,7,255,1402,250,0,0
stim,190475,220596,1,220596,3417904.453,-0.699,0.016,0.015,0.714,0,0,2591,0,3081,1763,2861,3027,44,0.999,1,2234,0,96.311,0.787,-8.938,-92.250,26.188,-0.066,0.047,1.105,-0.410,-0.672,1.008,0.022,0.094,1.214,1.363,3,NULL,NULL,,3,1,2,7,255,1402,250,0,0
stim,190475,220596,1,220596,3417909.455,-0.698,0.019,0.012,0.715,0,0,2577,0,3083,1655,2873,3027,44,0.999,1,2234,0,99.604,0.828,-6.750,-95.313,28.125,-0.066,0.066,1.121,-0.418,-0.715,1.008,0.026,0.098,1.214,1.363,3,NULL,NULL,,3,1,2,7,255,1402,250,0,0
stim,190475,220596,1,220596,3417914.453,-0.698,0.022,0.009,0.716,0,0,2551,0,3087,1512,2879,3021,44,0.999,1,2234,0,101.661,1.020,-5.938,-97.813,27.063,-0.102,0.078,1.121,-0.578,-0.840,1.145,0.032,0.102,1.214,1.363,3,NULL,NULL,,3,1,2,7,255,1402,250,0,0
stim,190475,220596,1,220596,3417919.455,-0.697,0.025,0.005,0.717,0,0,2530,0,3089,1363,2897,3018,44,0.999,1,2234,0,103.198,1.241,-4.000,-101.625,17.500,-0.070,0.074,1.105,-0.660,-1.051,1.145,0.040,0.106,1.214,1.363,3,NULL,NULL,,3,1,2,7,255,1402,250,0,0
stim,190475,220596,1,220596,3417924.454,-0.696,0.028,0.002,0.717,0,0,2506,0,3091,1173,2905,3015,44,0.999,1,2234,0,107.052,1.249,-0.125,-105.375,18.875,0.008,0.074,1.113,-0.676,-1.051,1.109,0.046,0.112,1.214,1.363,3,NULL,NULL,,3,1,2,7,255,1402,250,0,0
stim,190475,220596,1,220596,3417929.455,-0.695,0.031,-0.001,0.718,0,0,2475,0,3096,1001,2915,3007,44,0.999,1,2234,0,113.143,0.788,2.813,-108.688,31.313,0.023,0.113,1.121,-0.676,-0.406,1.109,0.054,0.116,1.214,1.363,3,NULL,NULL,,3,1,2,7,255,1402,250,0,0
stim,190511,220632,1,220632,3417934.453,-0.694,0.035,-0.004,0.719,0,0,2441,0,3095,843,2923,3003,44,0.999,1,2234,0,120.323,1.152,-0.750,-113.188,40.813,0.004,0.145,1.160,-1.078,-0.406,1.188,0.064,0.124,1.214,1.363,3,NULL,NULL,,3,1,2,7,255,1402,250,0,0
stim,190511,220632,1,220632,3417939.455,-0.692,0.039,-0.008,0.721,0,0,2391,0,3097,713,2931,2999,44,0.999,1,2234,0,125.640,1.518,-2.063,-116.625,46.688,-0.043,0.160,1.223,-1.348,-0.699,1.559,0.072,0.130,1.214,1.363,3,NULL,NULL,,3,1,2,7,255,1402,250,0,0
stim,190511,220632,1,220632,3417944.454,-0.691,0.042,-0.011,0.722,0,0,2346,0,3097,599,2936,2991,44,0.999,1,2234,0,127.388,1.970,-13.625,-119.688,41.438,-0.074,0.160,1.219,-1.469,-1.313,2.066,0.080,0.138,1.214,1.363,3,NULL,NULL,,3,1,2,7,255,1402,250,0,0
stim,190511,220632,1,220632,3417949.455,-0.689,0.045,-0.016,0.723,0,0,2291,0,3097,473,2939,2984,44,0.999,1,2234,0,129.591,2.066,-14.688,-123.438,36.625,-0.031,0.184,1.168,-1.480,-1.441,2.066,0.088,0.144,1.214,1.363,3,NULL,NULL,,3,1,2,7,255,1402,250,0,0
stim,190541,220662,1,220662,3417954.453,-0.688,0.049,-0.020,0.724,0,0,2223,0,3097,383,2950,2976,44,0.999,1,2234,0,132.070,2.204,-13.625,-127.625,31.125,-0.051,0.109,1.109,-1.480,-1.633,1.598,0.096,0.154,1.214,1.363,3,NULL,NULL,,3,1,2,7,255,1402,250,0,0
stim,190541,220662,1,220662,3417959.455,-0.687,0.053,-0.024,0.724,0,0,2137,0,3069,296,2953,2964,44,0.999,1,2234,0,135.719,2.255,-10.000,-131.375,32.563,0.102,0.188,1.199,-1.734,-1.441,1.598,0.104,0.162,1.214,1.363,3,NULL,NULL,,3,1,2,7,255,1402,250,0,0
stim,190541,220662,1,220662,3417964.454,-0.685,0.056,-0.028,0.726,0,0,2073,0,3095,184,2958,2951,44,0.999,1,2234,0,143.689,1.875,-24.188,-133.875,46.250,0.023,0.141,1.230,-1.324,-1.328,2.008,0.112,0.172,1.214,1.363,3,NULL,NULL,,3,1,2,7,255,1402,250,0,0
stim,190541,220662,1,220662,3417969.455,-0.684,0.059,-0.033,0.727,0,0,1993,0,3096,138,2961,2931,44,0.999,1,2234,0,145.849,1.875,-27.438,-136.500,43.438,-0.082,0.102,1.277,-1.324,-1.328,2.184,0.120,0.180,1.214,1.363,3,NULL,NULL,,3,1,2,7,255,1402,250,0,0
stim,190541,220662,1,220662,3417974.453,-0.682,0.063,-0.038,0.728,0,0,1911,0,3095,101,2963,2916,44,0.999,1,2234,0,152.082,2.708,-33.063,-142.813,40.500,-0.129,0.086,1.344,-0.910,-2.551,2.477,0.130,0.192,1.214,1.363,3,NULL,NULL,,3,1,2,7,255,1402,250,0,0
stim,190541,220662,1,220662,3417979.455,-0.681,0.066,-0.044,0.728,0,0,1823,0,3091,84,2963,2893,44,0.999,1,2234,0,156.444,3.311,-38.875,-148.688,29.250,-0.168,0.004,1.352,-0.762,-3.223,3.000,0.140,0.206,1.214,1.363,3,NULL,NULL,,3,1,2,7,255,1402,250,0,0
stim,190541,220662,1,220662,3417984.454,-0.680,0.070,-0.050,0.728,0,0,1709,0,3090,61,2961,2869,44,0.999,1,2234,0,160.408,3.735,-33.500,-155.813,18.188,-0.188,-0.031,1.398,0.039,-3.734,3.043,0.150,0.218,1.214,1.363,3,NULL,NULL,,3,1,2,7,255,1402,250,0,0
stim,190541,220662,1,220662,3417989.455,-0.679,0.074,-0.056,0.728,0,0,1595,0,3081,69,2956,2837,44,0.999,1,2234,0,166.396,4.153,-28.813,-163.438,12.063,-0.191,0.035,1.492,0.039,-4.152,3.406,0.164,0.238,1.214,1.363,3,NULL,NULL,,3,1,2,7,255,1402,250,0,0
stim,190541,220662,1,220662,3417994.453,-0.678,0.079,-0.062,0.728,0,0,1496,0,3077,71,2951,2797,44,0.999,1,2234,0,176.311,4.619,-36.063,-172.500,5.375,-0.223,0.020,1.621,-0.125,-4.617,4.227,0.178,0.258,1.214,1.363,3,NULL,NULL,,3,1,2,7,255,1402,250,0,0
stim,190541,220662,1,220662,3417999.455,-0.678,0.083,-0.069,0.727,0,0,1437,0,3063,72,2944,2761,44,0.999,1,2234,0,188.726,5.373,-51.938,-181.438,0.750,-0.266,-0.016,1.672,-0.125,-5.371,5.313,0.198,0.280,1.214,1.363,3,NULL,NULL,,3,1,2,7,255,1402,250,0,0
stim,190579,220700,1,220700,3418004.453,-0.678,0.087,-0.077,0.726,0,0,1365,0,3051,77,2937,2709,44,0.999,1,2234,0,203.053,6.087,-68.250,-191.125,-6.625,-0.309,0.016,1.613,-0.125,-6.086,5.313,0.218,0.306,1.214,1.363,3,NULL,NULL,,3,1,2,7,255,1402,250,0,0
stim,190579,220700,1,220700,3418009.455,-0.678,0.092,-0.085,0.725,0,0,1287,0,3039,84,2927,2657,44,0.999,1,2234,0,214.734,6.670,-66.438,-203.063,-21.500,-0.359,0.063,1.598,-0.168,-6.668,4.867,0.242,0.334,1.214,1.363,3,NULL,NULL,,3,1,2,7,255,1402,250,0,0
stim,190579,220700,1,220700,3418014.454,-0.678,0.097,-0.093,0.723,0,0,1228,0,3021,115,2911,2588,44,0.999,1,2234,0,229.125,7.421,-58.813,-218.938,-33.250,-0.340,0.117,1.688,-0.672,-7.391,4.867,0.270,0.364,1.214,1.363,3,NULL,NULL,,3,1,2,7,255,1402,250,0,0
stim,190579,220700,1,220700,3418019.455,-0.678,0.103,-0.102,0.721,0,0,1164,0,3005,88,2889,2507,44,0.999,1,2234,0,244.600,7.858,-58.438,-235.125,-33.625,-0.309,0.199,1.859,-1.301,-7.750,5.219,0.300,0.396,1.214,1.363,3,NULL,NULL,,3,1,2,7,255,1402,250,0,0
stim,190579,220700,1,220700,3418024.454,-0.678,0.109,-0.111,0.719,0,0,1115,0,2983,87,2864,2427,44,0.999,1,2234,0,262.642,8.575,-67.000,-252.313,-28.813,-0.367,0.230,1.992,-2.238,-8.277,6.723,0.334,0.432,1.214,1.363,3,NULL,NULL,,3,1,2,7,255,1402,250,0,0
stim,190579,220700,1,220700,3418029.455,-0.677,0.115,-0.122,0.716,0,0,1083,0,2953,79,2827,2330,44,0.999,1,2234,0,283.255,9.863,-78.813,-270.313,-30.875,-0.438,0.172,2.082,-2.238,-9.605,7.547,0.372,0.472,1.214,1.363,3,NULL,NULL,,3,1,2,7,255,1402,250,0,0
stim,190601,220722,1,220722,3418034.454,-0.677,0.122,-0.133,0.713,0,0,1039,0,2923,72,2777,2232,44,0.999,1,2234,0,303.794,11.153,-83.750,-289.313,-39.688,-0.426,0.070,2.063,-2.164,-10.941,7.559,0.412,0.514,1.214,1.363,3,NULL,NULL,,3,1,2,7,255,1402,250,0,0
stim,190601,220722,1,220722,3418039.455,-0.677,0.129,-0.144,0.710,0,0,973,0,2885,71,2727,2143,44,0.999,1,2234,0,323.673,11.063,-81.000,-310.938,-39.000,-0.367,0.090,2.020,-1.633,-10.941,7.559,0.456,0.558,1.214,1.363,3,NULL,NULL,,3,1,2,7,255,1402,250,0,0
stim,190601,220722,1,220722,3418044.453,-0.676,0.137,-0.156,0.707,0,0,937,0,2836,59,2643,2066,44,0.999,1,2234,0,340.153,11.221,-75.000,-330.313,-31.188,-0.332,0.199,2.012,-1.633,-11.102,7.051,0.508,0.610,1.214,1.363,3,NULL,NULL,,3,1,2,7,255,1402,250,0,0
stim,190601,220722,1,220722,3418049.455,-0.674,0.146,-0.168,0.704,0,0,877,0,2777,56,2537,1965,44,0.999,1,2234,0,353.864,11.458,-64.438,-346.938,-26.500,-0.355,0.242,2.066,-2.836,-11.102,6.727,0.564,0.666,1.214,1.363,3,NULL,NULL,,3,1,2,7,255,1402,250,0,0
stim,190645,220766,1,220766,3418054.454,-0.672,0.156,-0.181,0.701,0,0,807,0,2716,43,2413,1855,44,0.999,1,2234,0,364.460,12.402,-55.125,-359.063,-29.438,-0.398,0.191,2.184,-2.945,-12.047,6.727,0.622,0.724,1.214,1.363,3,NULL,NULL,,3,1,2,7,255,1402,250,0,0
stim,190645,220766,1,220766,3418059.455,-0.670,0.166,-0.193,0.697,0,0,731,0,2629,6,2285,1748,44,0.999,1,2234,0,374.094,13.768,-48.938,-369.375,-33.375,-0.430,0.113,2.348,-2.945,-13.449,7.219,0.686,0.788,1.214,1.363,3,NULL,NULL,,3,1,2,7,255,1402,250,0,0
stim,190645,220766,1,220766,3418064.454,-0.668,0.176,-0.205,0.693,0,0,629,0,2525,0,2109,1621,44,0.999,1,2234,0,388.065,15.240,-58.063,-382.188,-34.000,-0.406,0.125,2.414,-2.582,-15.020,8.043,0.752,0.854,1.214,1.363,3,NULL,NULL,,3,1,2,7,255,1402,250,0,0
stim,190645,220766,1,220766,3418069.455,-0.665,0.186,-0.219,0.689,0,0,504,0,2403,0,1889,1485,44,0.999,1,2234,0,400.939,15.263,-69.688,-393.563,-31.688,-0.293,0.055,2.348,-2.344,-15.082,8.043,0.818,0.922,1.214,1.363,3,NULL,NULL,,3,1,2,7,255,1402,250,0,0
stim,190645,220766,1,220766,3418074.453,-0.662,0.196,-0.233,0.685,0,0,375,0,2251,0,1629,1325,44,0.999,1,2234,0,417.828,15.214,-70.625,-411.563,-14.438,-0.250,-0.250,2.199,-2.000,-15.082,7.758,0.886,0.990,1.214,1.363,3,NULL,NULL,,3,1,2,7,255,1402,250,0,0
stim,190645,220766,1,220766,3418079.455,-0.658,0.207,-0.247,0.681,0,0,279,0,2044,0,1283,1162,44,0.999,1,2234,0,425.860,14.565,-73.375,-419.438,6.688,-0.168,-0.281,1.938,0.930,-14.535,6.492,0.948,1.054,1.214,1.363,3,NULL,NULL,,3,1,2,7,255,1402,250,0,0
stim,190645,220766,1,220766,3418084.454,-0.653,0.217,-0.262,0.677,0,0,229,0,1827,0,919,1019,44,0.999,1,2234,0,426.992,12.955,-67.563,-421.500,9.750,-0.105,-0.113,1.621,0.930,-12.922,4.457,1.002,1.110,1.214,1.363,3,NULL,NULL,,3,1,2,7,255,1402,250,0,0
stim,190645,220766,1,220766,3418089.455,-0.647,0.228,-0.275,0.673,0,0,151,0,1533,0,462,884,44,0.999,1,2234,0,432.727,10.996,-32.313,-431.125,18.438,-0.105,-0.121,1.488,-0.008,-10.996,1.836,1.052,1.162,1.214,1.363,3,NULL,NULL,,3,1,2,7,255,1402,250,0,0
stim,190645,220766,1,220766,3418094.453,-0.640,0.240,-0.288,0.670,0,0,133,0,1145,0,197,723,44,0.999,1,2234,0,446.010,10.680,-5.313,-443.188,49.813,-0.148,-0.141,1.406,-0.008,-10.680,0.434,1.098,1.210,1.214,1.363,3,NULL,NULL,,3,1,2,7,255,1402,250,0,0
stim,190645,220766,1,220766,3418099.455,-0.632,0.253,-0.301,0.668,0,0,117,0,819,0,0,587,44,0.999,1,2234,0,452.425,10.680,12.125,-447.375,66.313,-0.223,-0.098,1.395,0.016,-10.680,-0.809,1.150,1.264,1.214,1.363,3,NULL,NULL,,3,1,2,7,255,1402,250,0,0
stim,190674,220796,0,220796,3418104.454,-0.622,0.266,-0.313,0.667,0,0,95,0,366,0,0,487,44,0.999,1,2234,0,473.905,11.437,49.375,-461.563,95.438,-0.418,-0.102,1.504,0.270,-11.434,-1.871,1.212,1.328,1.214,1.363,3,NULL,NULL,,3,0,2,7,255,1403,250,0,0
stim,190674,220796,0,220796,3418109.455,-0.610,0.279,-0.326,0.666,0,0,73,0,43,0,0,365,44,0.999,1,2234,0,512.320,13.793,68.500,-486.500,145.250,-0.699,0.035,1.547,0.016,-13.793,-3.016,1.282,1.398,1.214,1.363,3,NULL,NULL,,3,0,2,7,255,1403,250,0,0
stim,190675,220796,0,220796,3418114.453,-0.597,0.292,-0.340,0.665,0,0,23,0,0,0,0,261,44,0.999,1,2234,0,519.536,14.762,40.125,-494.250,155.000,-0.699,0.313,1.336,-0.586,-14.750,-5.609,1.360,1.478,1.214,1.363,3,NULL,NULL,,3,0,2,7,255,1403,250,0,0
stim,190675,220796,0,220796,3418119.455,-0.587,0.304,-0.354,0.662,0,0,19,0,0,0,0,144,44,0.999,1,2234,0,481.799,15.043,-7.813,-470.125,105.125,-0.371,0.754,0.973,-2.957,-14.750,-7.816,1.444,1.564,1.214,1.363,4,NULL,NULL,,3,0,2,7,255,1403,250,0,0
stim,190693,220814,0,220814,3418124.454,-0.578,0.314,-0.367,0.658,0,0,21,0,0,0,0,109,44,0.999,1,2234,0,434.035,12.590,-39.000,-426.938,67.750,0.113,1.098,0.859,-7.359,-10.215,-7.816,1.526,1.646,1.214,1.363,0,NULL,NULL,,3,0,2,7,255,1403,250,0,0
stim,190693,220814,0,220814,3418129.455,-0.570,0.320,-0.380,0.654,0,0,31,0,0,0,0,123,44,0.999,1,2234,0,406.557,13.198,-76.625,-382.688,113.875,0.105,1.051,0.902,-10.824,-7.551,-6.051,1.606,1.726,1.214,1.363,0,NULL,NULL,,3,0,2,7,255,1403,250,0,0
stim,190693,220814,0,220814,3418134.453,-0.561,0.324,-0.394,0.652,0,0,30,0,0,0,0,156,44,0.999,1,2234,0,384.465,13.063,-119.688,-330.500,155.750,0.008,1.059,0.809,-10.824,-7.313,-6.051,1.682,1.802,1.214,1.363,0,NULL,NULL,,3,0,2,7,255,1403,250,0,0
stim,190693,220814,0,220814,3418139.455,-0.554,0.327,-0.404,0.650,0,0,31,0,0,0,0,186,44,0.999,1,2234,0,296.944,13.111,-75.063,-263.688,114.063,-0.078,0.496,1.027,-10.719,-7.551,-6.773,1.750,1.868,1.214,1.363,0,NULL,NULL,,3,0,2,7,255,1403,250,0,0
stim,190740,220861,0,220861,3418144.453,-0.548,0.331,-0.411,0.649,0,0,31,0,0,0,0,199,44,0.999,1,2234,0,224.115,10.879,-32.625,-202.250,90.875,-0.188,-0.047,1.613,-5.273,-9.516,-6.773,1.810,1.930,1.214,1.363,0,NULL,NULL,,3,0,2,7,255,1403,250,0,0
stim,190740,220861,0,220861,3418149.455,-0.544,0.331,-0.419,0.647,0,0,36,0,0,0,0,221,44,0.999,1,2234,0,193.251,15.065,-89.438,-145.375,90.625,-0.188,0.012,2.023,-1.004,-15.031,-4.430,1.864,1.984,1.214,1.363,0,NULL,NULL,,3,0,2,7,255,1403,250,0,0
stim,190740,220861,0,220861,3418154.453,-0.543,0.326,-0.428,0.644,0,0,30,0,0,0,0,249,44,0.999,1,2234,0,243.112,15.065,-212.313,-79.125,88.125,-0.090,0.039,1.598,-1.004,-15.031,-4.168,1.912,2.030,1.214,1.363,0,NULL,NULL,,3,0,2,7,255,1403,250,0,0
stim,190740,220861,0,220861,3418159.455,-0.544,0.318,-0.438,0.642,0,0,33,0,0,0,0,253,44,0.999,1,2234,0,301.752,14.709,-280.250,-16.625,110.625,-0.020,0.219,0.688,-1.453,-14.637,-4.168,1.956,2.076,1.214,1.363,0,NULL,NULL,,3,0,2,7,255,1403,250,0,0
stim,190760,220881,0,220881,3418164.454,-0.545,0.308,-0.446,0.640,0,0,28,0,0,0,0,245,44,0.999,1,2234,0,294.249,6.842,-259.063,40.375,133.563,-0.074,0.555,-0.023,-2.793,-6.246,-7.738,1.996,2.116,1.214,1.363,0,NULL,NULL,,3,0,2,7,255,1403,250,0,0
stim,190760,220881,0,220881,3418169.455,-0.545,0.298,-0.450,0.641,0,0,28,0,0,0,0,235,44,0.999,1,2234,0,244.945,4.868,-184.625,86.313,135.875,-0.211,0.605,-0.355,-4.867,-0.074,-11.910,2.026,2.148,1.214,1.363,0,NULL,NULL,,3,0,2,7,255,1403,250,0,0
stim,190760,220881,0,220881,3418174.454,-0.545,0.290,-0.452,0.644,0,0,30,0,0,0,0,148,44,0.999,1,2234,0,201.097,5.341,-95.938,122.000,127.875,-0.250,0.129,-0.375,-4.867,2.199,-13.824,2.040,2.164,1.214,1.363,0,NULL,NULL,,3,0,2,7,255,1403,250,0,0
stim,190760,220881,0,220881,3418179.455,-0.545,0.282,-0.451,0.648,0,0,25,0,0,0,0,123,44,0.999,1,2234,0,202.422,2.206,-42.188,146.875,132.750,-0.316,-0.234,-0.105,-0.172,2.199,-13.824,2.050,2.174,1.214,1.363,0,NULL,NULL,,3,0,2,7,255,1403,250,0,0
stim,190760,220881,0,220881,3418184.453,-0.545,0.274,-0.449,0.653,0,0,26,0,0,0,0,105,44,0.999,1,2234,0,221.548,3.116,-31.063,167.250,141.938,-0.359,-0.277,0.031,3.055,-0.613,-12.258,2.058,2.182,1.214,1.363,0,NULL,NULL,,3,0,2,7,255,1403,250,0,0
stim,190760,220881,0,220881,3418189.455,-0.545,0.265,-0.447,0.658,0,0,27,0,0,0,0,103,44,0.999,1,2234,0,240.485,3.325,-26.188,183.000,153.813,-0.395,-0.137,-0.074,3.055,-1.313,-12.258,2.064,2.190,1.214,1.363,0,NULL,NULL,,3,0,2,7,255,1403,250,0,0
stim,190760,220881,0,220881,3418194.454,-0.544,0.256,-0.444,0.664,0,0,24,0,0,0,0,99,44,0.999,1,2234,0,253.090,2.669,4.438,195.125,161.125,-0.492,-0.047,-0.176,2.324,-1.313,-12.945,2.072,2.198,1.214,1.363,0,NULL,NULL,,3,0,2,7,255,1403,250,0,0
stim,190760,220881,0,220881,3418199.455,-0.543,0.248,-0.440,0.671,0,0,23,0,0,0,0,101,44,0.999,1,2234,0,262.709,2.382,42.000,205.063,158.750,-0.586,-0.027,-0.074,1.988,-1.313,-14.434,2.078,2.204,1.214,1.363,0,NULL,NULL,,3,0,2,7,255,1403,250,0,0
stim,190760,220881,0,220881,3418204.453,-0.542,0.241,-0.434,0.678,0,0,21,0,0,0,0,91,44,0.999,1,2234,0,271.204,3.051,64.125,215.125,152.188,-0.625,0.070,0.086,1.910,-2.379,-14.504,2.084,2.212,1.214,1.363,0,NULL,NULL,,3,0,2,7,255,1403,250,0,0
stim,190760,220881,0,220881,3418209.455,-0.542,0.233,-0.428,0.685,0,0,17,0,0,0,0,87,44,0.999,1,2234,0,282.182,4.158,74.000,226.813,150.688,-0.688,0.055,0.242,1.063,-4.020,-14.504,2.094,2.222,1.214,1.363,0,NULL,NULL,,3,0,2,7,255,1403,250,0,0
stim,190782,220903,0,220903,3418214.454,-0.542,0.225,-0.421,0.692,0,0,14,0,0,0,0,87,44,0.999,1,2234,0,282.076,5.824,74.688,236.000,135.250,-0.801,0.020,0.363,1.063,-5.727,-14.043,2.106,2.236,1.214,1.363,0,NULL,NULL,,3,0,2,7,255,1403,250,0,0
stim,190782,220903,0,220903,3418219.455,-0.542,0.217,-0.414,0.698,0,0,19,0,0,0,0,87,44,0.999,1,2234,0,281.708,7.491,72.938,243.375,121.688,-0.777,0.051,0.469,1.074,-7.414,-14.000,2.122,2.254,1.214,1.363,0,NULL,NULL,,3,0,2,7,255,1403,250,0,0
stim,190782,220903,0,220903,3418224.454,-0.543,0.209,-0.407,0.704,0,0,16,0,0,0,0,83,44,0.999,1,2234,0,280.763,8.352,71.688,251.438,102.313,-0.883,-0.016,0.594,1.547,-8.207,-13.180,2.142,2.274,1.214,1.363,0,NULL,NULL,,3,0,2,7,255,1403,250,0,0
stim,190782,220903,0,220903,3418229.455,-0.545,0.202,-0.399,0.709,0,0,9,0,0,0,0,78,44,0.999,1,2234,0,274.379,9.968,63.750,257.813,68.938,-0.898,0.016,0.734,1.355,-9.875,-12.813,2.170,2.302,1.214,1.363,0,NULL,NULL,,3,0,2,7,255,1403,250,0,0
stim,190815,220936,0,220936,3418234.453,-0.548,0.194,-0.392,0.713,0,0,9,0,0,0,0,86,44,0.999,1,2234,0,274.899,11.196,58.750,265.063,43.125,-0.816,0.063,0.887,1.355,-11.113,-11.980,2.200,2.334,1.214,1.363,0,NULL,NULL,,3,0,2,7,255,1403,250,0,0
stim,190815,220936,0,220936,3418239.455,-0.552,0.187,-0.384,0.716,0,0,9,0,0,0,0,88,44,0.999,1,2234,0,280.152,11.873,41.375,276.625,15.875,-0.742,0.035,0.973,0.355,-11.867,-10.434,2.236,2.370,1.214,1.363,0,NULL,NULL,,3,0,2,7,255,1403,250,0,0
stim,190815,220936,0,220936,3418244.454,-0.557,0.178,-0.376,0.719,0,0,9,0,0,0,0,92,44,0.999,1,2234,0,289.936,11.868,19.750,289.250,-2.688,-0.664,0.039,0.992,0.160,-11.867,-8.992,2.274,2.412,1.214,1.363,0,NULL,NULL,,3,0,2,7,255,1403,250,0,0
stim,190815,220936,0,220936,3418249.455,-0.563,0.169,-0.368,0.720,0,0,10,0,0,0,0,100,44,0.999,1,2234,0,302.628,11.632,1.563,302.188,-16.250,-0.605,0.055,0.898,-0.277,-11.629,-8.109,2.318,2.456,1.214,1.363,0,NULL,NULL,,3,0,2,7,255,1403,250,0,0
stim,190844,220965,0,220965,3418254.453,-0.570,0.160,-0.360,0.721,0,0,11,0,0,0,0,123,44,0.999,1,2234,0,319.168,10.552,-2.688,316.688,-39.625,-0.613,0.125,0.848,-0.520,-10.539,-8.109,2.362,2.502,1.214,1.363,0,NULL,NULL,,3,0,2,7,255,1403,250,0,0
stim,190844,220965,0,220965,3418259.455,-0.577,0.151,-0.352,0.721,0,0,7,0,0,0,0,135,44,0.999,1,2234,0,335.904,10.302,-0.875,328.688,-69.250,-0.469,0.109,0.777,-1.176,-10.234,-8.109,2.408,2.550,1.214,1.363,0,NULL,NULL,,3,0,2,7,255,1403,250,0,0
stim,190844,220965,0,220965,3418264.454,-0.585,0.141,-0.343,0.721,0,0,8,0,0,0,0,148,44,0.999,1,2234,0,348.794,8.801,-6.875,341.500,-70.625,-0.215,0.051,0.859,-1.406,-8.688,-7.758,2.452,2.594,1.214,1.363,0,NULL,NULL,,3,0,2,7,255,1403,250,0,0
stim,190844,220965,0,220965,3418269.455,-0.592,0.131,-0.334,0.721,0,0,9,0,0,0,0,150,44,0.999,1,2234,0,357.769,7.435,-14.000,352.188,-61.375,-0.160,0.043,0.703,-1.699,-7.238,-5.832,2.496,2.638,1.214,1.363,0,NULL,NULL,,3,0,2,7,255,1403,250,0,0
stim,190844,220965,0,220965,3418274.453,-0.600,0.121,-0.324,0.722,0,0,8,0,0,0,0,155,44,0.999,1,2234,0,368.379,5.986,-1.125,363.438,-60.125,-0.246,0.172,0.504,-1.867,-5.688,-5.832,2.536,2.682,1.214,1.363,0,NULL,NULL,,3,0,2,7,255,1403,250,0,0
stim,190844,220965,0,220965,3418279.455,-0.607,0.111,-0.313,0.722,0,0,6,0,0,0,0,153,44,0.999,1,2234,0,378.396,5.344,31.375,370.313,-71.188,-0.242,0.078,0.438,-1.699,-5.066,-8.039,2.576,2.722,1.214,1.363,0,NULL,NULL,,3,0,2,7,255,1403,250,0,0
stim,190844,220965,0,220965,3418284.454,-0.615,0.102,-0.301,0.722,0,0,5,0,0,0,0,151,44,0.999,1,2234,0,388.141,5.069,59.063,375.750,-77.313,-0.203,-0.031,0.582,-1.305,-4.898,-8.039,2.612,2.758,1.214,1.363,0,NULL,NULL,,3,0,2,7,255,1403,250,0,0
stim,190844,220965,0,220965,3418289.455,-0.622,0.093,-0.288,0.722,0,0,6,0,0,0,0,153,44,0.999,1,2234,0,391.645,5.069,69.188,380.188,-63.688,-0.191,-0.004,0.711,-1.305,-4.898,-6.254,2.646,2.794,1.214,1.363,0,NULL,NULL,,3,0,2,7,255,1403,250,0,0
stim,190844,220965,0,220965,3418294.453,-0.629,0.084,-0.275,0.723,0,0,9,0,0,0,0,153,44,0.999,1,2234,0,396.213,5.544,78.563,382.313,-68.188,-0.238,0.094,0.809,-1.434,-5.355,-5.082,2.678,2.826,1.214,1.363,0,NULL,NULL,,3,0,2,7,255,1403,250,0,0
stim,190844,220965,0,220965,3418299.455,-0.635,0.076,-0.261,0.723,0,0,10,0,0,0,0,155,44,0.999,1,2234,0,398.293,5.915,87.000,382.813,-67.250,-0.074,0.168,0.777,-2.512,-5.355,-4.648,2.706,2.856,1.214,1.363,0,NULL,NULL,,3,0,2,7,255,1403,250,0,0
stim,190877,220998,0,220998,3418304.453,-0.642,0.067,-0.247,0.723,0,0,7,0,0,0,0,159,44,0.999,1,2234,0,405.247,5.175,103.688,384.813,-73.438,0.129,0.074,0.715,-2.758,-4.379,-4.215,2.732,2.882,1.214,1.363,0,NULL,NULL,,3,0,2,7,255,1403,250,0,0
stim,190877,220998,0,220998,3418309.455,-0.648,0.060,-0.232,0.723,0,0,8,0,0,0,0,173,44,0.999,1,2234,0,402.209,3.444,138.188,373.188,-58.375,0.188,-0.016,0.855,-2.758,-2.063,-3.488,2.754,2.904,1.214,1.363,0,NULL,NULL,,3,0,2,7,255,1403,250,0,0
stim,190877,220998,0,220998,3418314.454,-0.653,0.054,-0.216,0.724,0,0,2,0,0,0,0,181,44,0.999,1,2234,0,403.727,3.444,163.688,365.000,-54.563,0.254,-0.008,1.137,-2.758,-2.063,-1.719,2.774,2.926,1.214,1.363,0,NULL,NULL,,3,0,2,7,255,1403,250,0,0
stim,190877,220998,0,220998,3418319.455,-0.658,0.048,-0.201,0.724,0,0,3,0,0,0,0,183,44,0.999,1,2234,0,396.754,3.595,164.625,358.125,-45.375,0.207,-0.023,1.277,-2.941,-2.066,1.047,2.792,2.944,1.214,1.363,0,NULL,NULL,,3,0,2,7,255,1403,250,0,0
stim,190877,220998,0,220998,3418324.454,-0.662,0.042,-0.186,0.725,0,0,1,0,0,0,0,183,44,0.999,1,2234,0,386.703,3.700,153.313,353.563,-32.063,0.211,0.172,1.246,-2.996,-2.172,1.668,2.810,2.962,1.214,1.363,0,NULL,NULL,,3,0,2,7,255,1403,250,0,0
stim,190877,220998,0,220998,3418329.455,-0.665,0.035,-0.171,0.726,0,0,0,0,0,0,0,182,44,0.999,1,2234,0,386.102,5.154,159.125,350.500,-30.063,0.129,0.195,1.207,-4.543,-2.434,1.668,2.828,2.982,1.214,1.363,0,NULL,NULL,,3,0,2,7,255,1403,250,0,0
stim,190911,221032,0,221032,3418334.454,-0.669,0.030,-0.155,0.726,0,0,1,0,0,0,0,186,44,0.999,1,2234,0,389.777,5.209,171.938,348.500,-30.188,0.098,0.215,1.363,-4.605,-2.434,1.668,2.848,3.002,1.214,1.363,0,NULL,NULL,,3,0,2,7,255,1403,250,0,0
stim,190911,221032,0,221032,3418339.455,-0.672,0.024,-0.140,0.727,0,0,0,0,0,0,0,184,44,0.999,1,2234,0,383.633,5.339,168.625,344.063,-19.000,-0.020,0.086,1.590,-4.543,-2.805,2.586,2.872,3.026,1.214,1.363,0,NULL,NULL,,3,0,2,7,255,1403,250,0,0
stim,190911,221032,0,221032,3418344.453,-0.675,0.018,-0.125,0.727,0,0,0,0,0,0,0,179,44,0.999,1,2234,0,372.955,6.195,146.063,342.688,-18.063,-0.133,0.207,1.652,-4.770,-3.953,4.863,2.896,3.050,1.214,1.363,0,NULL,NULL,,3,0,2,7,255,1403,250,0,0
stim,190911,221032,0,221032,3418349.455,-0.678,0.011,-0.110,0.727,0,0,1,0,0,0,0,182,44,0.999,1,2234,0,368.588,6.417,143.000,337.500,-38.750,-0.172,0.156,1.758,-4.297,-4.766,5.148,2.920,3.074,1.214,1.363,0,NULL,NULL,,3,0,2,7,255,1403,250,0,0
stim,190942,221063,0,221063,3418354.454,-0.681,0.005,-0.096,0.726,0,0,0,0,0,0,0,179,44,0.999,1,2234,0,361.676,6.417,140.625,330.375,-43.438,-0.164,0.082,1.914,-4.297,-4.766,6.355,2.948,3.102,1.214,1.363,0,NULL,NULL,,3,0,2,7,255,1403,250,0,0
stim,190942,221063,0,221063,3418359.455,-0.684,-0.001,-0.083,0.725,0,0,0,0,0,0,0,185,44,0.999,1,2234,0,350.507,6.205,116.063,327.250,-47.875,-0.191,0.191,2.047,-4.297,-4.477,8.152,2.976,3.132,1.214,1.363,0,NULL,NULL,,3,0,2,7,255,1403,250,0,0
stim,190942,221063,0,221063,3418364.454,-0.687,-0.009,-0.071,0.723,0,0,2,0,0,0,0,181,44,0.999,1,2234,0,341.372,6.483,79.750,326.000,-62.438,-0.211,0.309,1.980,-4.766,-4.395,8.711,3.004,3.160,1.214,1.363,0,NULL,NULL,,3,0,2,7,255,1403,250,0,0
stim,190942,221063,0,221063,3418369.455,-0.691,-0.017,-0.059,0.720,0,0,4,0,0,0,0,183,44,0.999,1,2234,0,336.032,6.209,63.313,322.813,-68.563,-0.188,0.227,1.828,-4.766,-3.980,8.711,3.032,3.188,1.214,1.363,0,NULL,NULL,,3,0,2,7,255,1403,250,0,0
stim,190942,221063,0,221063,3418374.454,-0.694,-0.025,-0.047,0.718,0,0,4,0,0,0,0,185,44,0.999,1,2234,0,334.409,5.590,63.813,319.625,-74.813,-0.160,0.113,1.770,-4.672,-3.070,7.504,3.056,3.212,1.214,1.363,0,NULL,NULL,,3,0,2,7,255,1403,250,0,0
stim,190942,221063,0,221063,3418379.455,-0.698,-0.032,-0.036,0.714,0,0,3,0,0,0,0,188,44,0.999,1,2234,0,333.503,4.080,62.563,316.313,-85.188,-0.121,0.043,1.777,-3.414,-2.234,7.406,3.078,3.234,1.214,1.363,0,NULL,NULL,,3,0,2,7,255,1403,250,0,0
stim,190942,221063,0,221063,3418384.453,-0.701,-0.040,-0.024,0.711,0,0,0,0,0,0,0,185,44,0.999,1,2234,0,328.848,3.260,60.000,311.750,-85.750,-0.070,0.086,1.727,-2.969,-1.348,7.176,3.096,3.252,1.214,1.363,0,NULL,NULL,,3,0,2,7,255,1403,250,0,0
stim,190942,221063,0,221063,3418389.455,-0.705,-0.047,-0.013,0.708,0,0,5,0,0,0,0,188,44,0.999,1,2234,0,325.539,2.993,65.938,307.250,-85.000,-0.031,0.207,1.680,-2.969,-0.383,6.883,3.112,3.268,1.214,1.363,0,NULL,NULL,,3,0,2,7,255,1403,250,0,0
stim,190961,221082,0,221082,3418394.453,-0.708,-0.054,-0.001,0.704,0,0,3,0,0,0,0,187,44,0.999,1,2234,0,324.076,4.015,80.125,301.813,-86.688,0.023,0.242,1.703,-3.992,0.430,6.449,3.124,3.282,1.214,1.363,0,NULL,NULL,,3,0,2,7,255,1403,250,0,0
stim,190961,221082,0,221082,3418399.455,-0.711,-0.059,0.010,0.701,0,0,0,0,0,0,0,185,44,0.999,1,2234,0,320.646,4.238,92.250,295.625,-83.125,0.086,0.199,1.770,-3.992,1.422,6.449,3.132,3.290,1.214,1.363,0,NULL,NULL,,3,0,2,7,255,1403,250,0,0
stim,190961,221082,0,221082,3418404.454,-0.714,-0.065,0.022,0.697,0,0,0,0,0,0,0,189,44,0.999,1,2234,0,316.266,4.533,98.563,290.250,-77.875,0.129,0.215,1.816,-3.773,2.512,7.066,3.142,3.300,1.214,1.363,0,NULL,NULL,,3,0,2,7,255,1403,250,0,0
stim,190961,221082,0,221082,3418409.455,-0.716,-0.071,0.034,0.693,0,0,0,0,0,0,0,185,44,0.999,1,2234,0,313.873,5.128,106.063,285.813,-74.688,0.195,0.293,1.828,-3.773,3.473,7.324,3.148,3.306,1.214,1.363,0,NULL,NULL,,3,0,2,7,255,1403,250,0,0
stim,190991,221112,0,221112,3418414.453,-0.718,-0.075,0.046,0.690,0,0,3,0,0,0,0,185,44,0.999,1,2234,0,313.153,6.294,119.875,280.875,-69.313,0.281,0.344,1.875,-4.328,4.570,7.418,3.152,3.310,1.214,1.363,0,NULL,NULL,,3,0,2,7,255,1403,250,0,0
stim,190991,221112,0,221112,3418419.455,-0.720,-0.080,0.058,0.686,0,0,9,0,0,0,0,185,44,0.999,1,2234,0,313.194,7.513,132.875,276.750,-62.000,0.371,0.387,1.996,-4.598,5.941,7.520,3.154,3.312,1.214,1.363,0,NULL,NULL,,3,0,2,7,255,1403,250,0,0
stim,190991,221112,0,221112,3418424.454,-0.722,-0.084,0.071,0.683,0,0,9,0,0,0,0,218,44,0.999,1,2234,0,312.626,8.905,137.500,275.250,-55.375,0.500,0.430,2.102,-4.770,7.520,8.379,3.154,3.314,1.214,1.363,0,NULL,NULL,,3,0,2,7,255,1403,250,0,0
stim,190991,221112,0,221112,3418429.455,-0.723,-0.088,0.083,0.680,0,0,8,0,0,0,0,223,44,0.999,1,2234,0,311.896,10.581,137.438,276.188,-45.938,0.668,0.445,2.152,-4.770,9.445,8.887,3.152,3.312,1.214,1.363,0,NULL,NULL,,3,0,2,7,255,1403,250,0,0
stim,190991,221112,0,221112,3418434.453,-0.724,-0.092,0.096,0.677,0,0,11,0,0,0,0,226,44,0.999,1,2234,0,312.759,12.542,138.563,278.938,-28.500,0.797,0.441,2.164,-4.668,11.641,8.887,3.144,3.306,1.214,1.363,0,NULL,NULL,,3,0,2,7,255,1403,250,0,0
stim,190991,221112,0,221112,3418439.455,-0.724,-0.096,0.109,0.675,0,0,8,0,0,0,0,227,44,0.999,1,2234,0,316.547,14.007,143.500,282.063,-7.125,0.828,0.441,2.191,-4.223,13.355,8.414,3.136,3.296,1.214,1.363,0,NULL,NULL,,3,0,2,7,255,1403,250,0,0
stim,191044,221165,0,221165,3418444.454,-0.723,-0.099,0.122,0.673,0,0,8,0,0,0,0,231,44,0.999,1,2234,0,319.885,14.746,146.688,284.125,9.063,0.785,0.488,2.273,-4.090,14.168,8.414,3.122,3.284,1.214,1.363,0,NULL,NULL,,3,0,2,7,255,1403,250,0,0
stim,191044,221165,0,221165,3418449.455,-0.722,-0.103,0.136,0.671,0,0,7,0,0,0,0,245,44,0.999,1,2234,0,317.683,15.034,140.438,284.438,17.188,0.785,0.512,2.336,-4.027,14.484,8.934,3.102,3.262,1.214,1.363,0,NULL,NULL,,3,0,2,7,255,1403,250,0,0
stim,191044,221165,0,221165,3418454.453,-0.720,-0.107,0.148,0.669,0,0,11,0,0,0,0,277,44,0.999,1,2234,0,310.570,15.690,127.063,282.250,25.375,0.844,0.508,2.313,-4.027,15.164,8.934,3.074,3.234,1.214,1.363,0,NULL,NULL,,3,0,2,7,255,1403,250,0,0
stim,191044,221165,0,221165,3418459.455,-0.718,-0.112,0.160,0.668,0,0,7,0,0,0,0,307,44,0.999,1,2234,0,301.399,16.468,113.938,276.188,39.750,0.887,0.484,2.219,-3.668,16.055,8.477,3.040,3.200,1.214,1.363,0,NULL,NULL,,3,0,2,7,255,1403,250,0,0
stim,191044,221165,0,221165,3418464.454,-0.715,-0.116,0.172,0.668,0,0,8,0,0,0,0,315,44,0.999,1,2234,0,292.136,16.848,105.500,266.875,54.688,0.910,0.430,2.094,-3.254,16.531,7.102,3.000,3.160,1.214,1.363,0,NULL,NULL,,3,0,2,7,255,1403,250,0,0
stim,191044,221165,0,221165,3418469.455,-0.712,-0.120,0.183,0.667,0,0,13,0,0,0,0,349,44,0.999,1,2234,0,282.942,16.737,101.938,255.813,65.000,0.941,0.332,1.938,-2.613,16.531,5.547,2.948,3.108,1.214,1.363,0,NULL,NULL,,3,0,2,7,255,1403,250,0,0
stim,191044,221165,0,221165,3418474.454,-0.708,-0.123,0.194,0.667,0,0,9,0,0,0,0,372,44,0.999,1,2234,0,275.723,16.635,106.125,243.313,74.563,1.008,0.227,1.793,-1.590,16.559,3.637,2.894,3.054,1.214,1.363,0,NULL,NULL,,3,0,2,7,255,1403,250,0,0
stim,191044,221165,0,221165,3418479.455,-0.705,-0.126,0.205,0.667,0,0,13,0,0,0,0,396,44,0.999,1,2234,0,271.711,16.638,115.750,230.125,86.438,1.066,0.148,1.676,-0.555,16.629,1.723,2.834,2.994,1.214,1.363,0,NULL,NULL,,3,0,2,7,255,1403,250,0,0
stim,191044,221165,0,221165,3418484.453,-0.701,-0.127,0.216,0.668,0,0,11,0,0,0,0,405,44,0.999,1,2234,0,269.853,16.783,125.500,217.188,99.500,1.113,0.055,1.566,0.227,16.781,0.078,2.772,2.930,1.214,1.363,0,NULL,NULL,,3,0,2,7,255,1403,250,0,0
stim,191044,221165,0,221165,3418489.455,-0.696,-0.128,0.227,0.669,0,0,12,0,0,0,0,420,44,0.999,1,2234,0,272.126,16.818,139.875,203.625,114.125,1.129,-0.066,1.457,1.105,16.781,-1.480,2.704,2.862,1.214,1.363,0,NULL,NULL,,3,0,2,7,255,1403,250,0,0
stim,191044,221165,0,221165,3418494.454,-0.692,-0.128,0.239,0.670,0,0,16,0,0,0,0,453,44,0.999,1,2234,0,278.074,16.624,158.438,190.813,125.750,1.125,-0.156,1.379,2.211,16.477,-2.902,2.634,2.790,1.214,1.363,0,NULL,NULL,,3,0,2,7,255,1403,250,0,0
stim,191044,221165,0,221165,3418499.455,-0.687,-0.126,0.250,0.671,0,0,16,0,0,0,0,467,44,0.999,1,2234,0,285.968,16.441,178.688,177.688,135.188,1.113,-0.223,1.359,3.047,16.156,-3.938,2.560,2.716,1.214,1.363,0,NULL,NULL,,3,0,2,7,255,1403,250,0,0
stim,191073,221194,0,221194,3418504.453,-0.682,-0.124,0.261,0.672,0,0,16,0,0,0,0,472,44,0.999,1,2234,0,291.750,16.446,194.875,164.250,142.000,1.090,-0.293,1.383,3.703,16.023,-4.414,2.484,2.638,1.214,1.363,0,NULL,NULL,,3,0,2,7,255,1403,250,0,0
stim,191073,221194,0,221194,3418509.455,-0.677,-0.121,0.273,0.673,0,0,20,0,0,0,0,494,44,0.999,1,2234,0,292.903,16.591,204.375,150.750,145.938,1.055,-0.410,1.402,4.488,15.973,-4.500,2.404,2.558,1.214,1.363,0,NULL,NULL,,3,0,2,7,255,1403,250,0,0
stim,191073,221194,0,221194,3418514.454,-0.672,-0.117,0.284,0.673,0,0,19,0,0,0,0,519,44,0.999,1,2234,0,290.251,16.818,208.813,137.563,147.375,1.008,-0.590,1.383,5.727,15.813,-4.676,2.324,2.478,1.214,1.363,0,NULL,NULL,,3,0,2,7,255,1403,250,0,0
stim,191073,221194,0,221194,3418519.455,-0.668,-0.113,0.295,0.674,0,0,22,0,0,0,0,536,44,0.999,1,2234,0,288.046,17.043,215.438,125.063,144.625,0.945,-0.773,1.363,7.516,15.297,-5.199,2.242,2.394,1.214,1.363,0,NULL,NULL,,3,0,2,7,255,1403,250,0,0
stim,191073,221194,0,221194,3418524.454,-0.663,-0.108,0.305,0.674,0,0,24,0,1,0,0,548,44,0.999,1,2234,0,286.966,17.389,226.500,112.938,135.250,0.883,-0.879,1.430,9.371,14.648,-5.484,2.156,2.310,1.214,1.363,0,NULL,NULL,,3,0,2,7,255,1403,250,0,0
stim,191073,221194,0,221194,3418529.455,-0.660,-0.102,0.316,0.674,0,0,21,0,5,0,0,549,44,0.999,1,2234,0,284.513,18.108,237.125,101.438,120.125,0.855,-0.824,1.605,10.645,14.648,-5.484,2.070,2.222,1.214,1.363,0,NULL,NULL,,3,0,2,7,255,1403,250,0,0
stim,191111,221232,0,221232,3418534.454,-0.657,-0.097,0.326,0.673,0,0,22,0,16,0,0,565,44,0.999,1,2234,0,266.074,18.660,231.625,90.375,94.750,0.863,-0.738,1.949,10.676,15.305,-4.246,1.982,2.134,1.214,1.363,0,NULL,NULL,,3,0,2,7,255,1403,250,0,0
stim,191111,221232,0,221232,3418539.455,-0.654,-0.093,0.334,0.672,0,0,25,0,35,0,0,569,44,0.999,1,2234,0,223.124,20.488,193.438,81.063,76.125,1.078,-0.695,2.234,10.926,17.332,-1.750,1.890,2.044,1.214,1.363,0,NULL,NULL,,3,0,2,7,255,1403,250,0,0
stim,191111,221232,0,221232,3418544.453,-0.652,-0.091,0.341,0.671,0,0,23,0,44,0,0,582,44,0.999,1,2234,0,167.736,23.437,136.875,75.313,61.063,1.047,-0.574,2.273,10.926,20.734,-1.000,1.792,1.946,1.214,1.363,0,NULL,NULL,,3,0,2,7,255,1403,250,0,0
stim,191111,221232,0,221232,3418549.455,-0.651,-0.090,0.345,0.671,0,0,20,0,43,0,0,587,44,0.999,1,2234,0,115.734,23.434,91.563,65.563,26.688,1.188,-0.652,2.176,10.754,20.820,-1.000,1.692,1.844,1.214,1.363,0,NULL,NULL,,3,0,2,7,255,1403,250,0,0
stim,191141,221262,0,221262,3418554.454,-0.650,-0.090,0.348,0.670,0,0,18,0,44,0,0,603,44,0.999,1,2234,0,76.028,23.756,51.063,54.938,12.438,1.367,-0.602,2.102,10.398,21.359,-2.398,1.586,1.736,1.214,1.363,0,NULL,NULL,,3,0,2,7,255,1403,250,0,0
stim,191141,221262,0,221262,3418559.455,-0.649,-0.090,0.350,0.669,0,0,17,0,39,0,0,607,44,0.999,1,2234,0,43.750,24.497,12.188,42.000,1.250,1.426,-0.559,2.012,9.840,22.434,-3.945,1.474,1.624,1.214,1.363,0,NULL,NULL,,3,0,2,7,255,1403,250,0,0
stim,191141,221262,0,221262,3418564.454,-0.649,-0.092,0.350,0.669,0,0,17,0,43,0,0,618,44,0.999,1,2234,0,39.701,24.204,-25.625,27.875,-11.938,1.473,-0.586,1.844,9.086,22.434,-4.895,1.358,1.506,1.214,1.363,0,NULL,NULL,,3,0,2,7,255,1403,250,0,0
stim,191141,221262,0,221262,3418569.455,-0.649,-0.094,0.349,0.669,0,0,13,0,35,0,0,621,44,0.999,1,2234,0,57.810,23.539,-50.938,12.000,-24.563,1.477,-0.633,1.609,8.723,21.863,-6.500,1.240,1.386,1.214,1.363,0,NULL,NULL,,3,0,2,7,255,1403,250,0,0
stim,191141,221262,0,221262,3418574.453,-0.650,-0.096,0.347,0.669,0,0,9,0,25,0,0,619,44,0.999,1,2234,0,68.345,22.139,-58.938,-2.688,-34.500,1.594,-0.676,1.426,8.426,20.473,-8.379,1.120,1.266,1.214,1.363,0,NULL,NULL,,3,0,2,7,255,1403,250,0,0
stim,191141,221262,0,221262,3418579.455,-0.650,-0.098,0.344,0.670,0,0,9,0,0,0,0,626,44,0.999,1,2234,0,64.008,21.891,-59.313,-20.250,-13.000,1.605,-0.703,1.355,8.152,20.316,-10.492,0.996,1.140,1.214,1.363,0,NULL,NULL,,3,0,2,7,255,1403,250,0,0
stim,191141,221262,0,221262,3418584.454,-0.651,-0.098,0.341,0.671,0,0,7,0,0,0,0,617,44,0.999,1,2234,0,70.910,21.598,-61.000,-35.875,-4.500,1.316,-0.598,1.309,8.145,20.004,-10.492,0.874,1.014,1.214,1.363,0,NULL,NULL,,3,0,2,7,255,1403,250,0,0
stim,191141,221262,0,221262,3418589.455,-0.652,-0.099,0.338,0.671,0,0,8,0,0,0,0,585,44,0.999,1,2234,0,84.498,19.024,-59.688,-50.250,-32.438,1.102,-0.512,1.262,7.367,17.539,-9.324,0.754,0.888,1.214,1.363,0,NULL,NULL,,3,0,2,7,255,1403,250,0,0
stim,191141,221262,0,221262,3418594.453,-0.654,-0.099,0.335,0.671,0,0,5,121,0,0,0,650,44,0.999,1,2234,0,84.601,17.278,-44.063,-66.625,-27.875,0.945,-0.895,1.469,7.367,15.629,-8.121,0.634,0.764,1.214,1.363,0,NULL,NULL,,3,0,2,7,255,1403,250,0,0
stim,191141,221262,0,221262,3418599.455,-0.649,-0.077,0.341,0.676,419,0,0,813,0,28,0,652,44,0.999,1,2234,0,541.932,19.148,375.125,-235.938,311.938,0.309,-0.492,4.891,11.063,15.629,-6.699,0.528,0.644,1.214,1.363,0,NULL,NULL,,3,0,2,7,255,1403,250,0,0
stim,191175,221296,0,221296,3418604.454,-0.643,-0.069,0.335,0.685,1031,0,0,1325,0,152,0,677,44,0.999,1,2234,0,332.874,27.420,-65.563,-178.250,273.375,-0.855,1.305,5.883,11.063,25.090,23.680,0.428,0.530,1.214,1.363,0,NULL,NULL,,3,0,2,7,255,1403,250,0,0
stim,191175,221296,0,221296,3418609.455,-0.636,-0.084,0.309,0.702,1571,0,0,1754,0,421,0,742,44,0.999,1,2234,0,789.983,26.035,-752.813,-135.063,197.750,-1.164,1.949,2.250,6.953,25.090,23.680,0.342,0.420,1.214,1.363,0,NULL,NULL,,3,0,2,7,255,1403,250,0,0
stim,191175,221296,0,221296,3418614.453,-0.632,-0.098,0.283,0.715,1977,0,0,1975,0,605,0,792,44,0.999,1,2235,0,747.123,11.036,-726.000,-141.188,105.750,-0.852,2.496,-1.070,-10.859,1.965,19.539,0.272,0.314,1.214,1.363,1,1338.000,-65.000,,3,0,2,7,255,1403,250,0,0
stim,191175,221296,0,221296,3418619.455,-0.630,-0.103,0.269,0.721,2237,0,0,2181,0,711,0,863,44,0.999,1,2235,0,368.525,19.739,-345.250,-119.188,49.063,-0.801,1.230,-2.215,-13.828,-14.086,-8.074,0.256,0.230,1.214,1.363,1,NULL,NULL,,3,0,2,7,255,1403,250,0,0
stim,191195,221316,0,221316,3418624.454,-0.631,-0.097,0.266,0.722,2514,0,0,2428,0,829,0,895,44,0.999,1,2235,0,158.684,19.739,32.125,-151.813,33.188,-0.750,-0.438,-0.664,-13.828,-14.086,-12.840,0.270,0.180,1.214,1.363,1,NULL,NULL,,3,0,2,7,255,1403,250,0,0
stim,191195,221316,0,221316,3418629.455,-0.629,-0.088,0.265,0.725,2685,0,0,2608,0,854,0,929,44,0.999,1,2235,0,212.922,10.299,89.563,-161.938,105.313,-0.785,-0.504,1.305,4.332,-9.344,-12.840,0.308,0.172,1.214,1.363,1,NULL,NULL,,3,0,2,7,255,1403,250,0,0
stim,191195,221316,0,221316,3418634.453,-0.625,-0.083,0.259,0.732,2790,0,0,2729,0,850,0,975,44,0.999,1,2235,0,282.150,5.574,-84.625,-188.125,192.500,-1.156,0.668,1.504,4.332,-3.508,3.418,0.340,0.210,1.214,1.363,1,NULL,NULL,,3,0,2,7,255,1403,250,0,0
stim,191195,221316,0,221316,3418639.455,-0.622,-0.080,0.248,0.738,2852,0,0,2816,0,807,0,1021,44,0.999,1,2235,0,287.022,3.827,-174.938,-190.875,123.875,-1.598,1.086,0.750,-1.531,-3.508,5.855,0.372,0.252,1.214,1.363,1,NULL,NULL,,3,0,2,7,255,1403,250,0,0
stim,191195,221316,0,221316,3418644.453,-0.623,-0.078,0.238,0.741,2915,0,0,2888,0,775,0,1077,44,0.999,1,2235,0,259.451,11.276,-162.875,-201.688,10.438,-1.504,0.336,0.535,-1.531,-11.172,5.855,0.404,0.290,1.214,1.363,1,NULL,NULL,,3,0,2,7,255,1403,250,0,0
stim,191195,221316,0,221316,3418649.455,-0.628,-0.075,0.228,0.741,2941,0,0,2936,0,756,0,1146,44,0.999,1,2235,0,259.247,11.190,-128.688,-207.188,-87.875,-0.863,-0.586,0.898,0.641,-11.172,1.645,0.438,0.328,1.214,1.363,1,NULL,NULL,,3,0,2,7,255,1403,250,0,0
stim,191240,221361,0,221361,3418654.454,-0.633,-0.073,0.218,0.739,2969,0,0,2985,0,751,0,1187,44,0.999,1,2235,0,254.796,9.022,-106.750,-200.750,-115.000,-0.004,-0.840,1.125,8.453,-3.152,0.152,0.448,0.350,1.214,1.363,1,NULL,NULL,,3,0,2,7,255,1403,250,0,0
stim,191240,221361,0,221361,3418659.455,-0.636,-0.070,0.210,0.739,2995,0,0,3021,0,761,0,1199,44,0.999,1,2235,0,220.189,10.222,-87.313,-190.313,-68.125,0.605,-0.859,1.223,8.668,5.418,-1.543,0.446,0.368,1.214,1.363,1,NULL,NULL,,3,0,2,7,255,1403,250,0,0
stim,191240,221361,0,221361,3418664.454,-0.637,-0.066,0.202,0.741,3016,0,0,3059,0,775,0,1227,44,0.999,1,2235,0,192.624,14.445,-80.375,-174.750,10.313,0.703,-0.938,1.313,9.289,11.063,-2.207,0.432,0.380,1.214,1.363,1,NULL,NULL,,3,0,2,7,255,1403,250,0,0
stim,191240,221361,0,221361,3418669.455,-0.635,-0.063,0.195,0.745,3027,0,0,3093,0,815,0,1239,44,0.999,1,2235,0,210.656,14.445,-104.375,-165.375,78.313,0.352,-0.898,1.254,9.289,11.063,-2.207,0.416,0.390,1.214,1.363,1,NULL,NULL,,3,0,2,7,255,1403,250,0,0
stim,191240,221361,0,221361,3418674.454,-0.633,-0.060,0.187,0.749,3047,0,0,3099,0,879,0,1272,44,0.999,1,2235,0,229.351,12.759,-122.938,-159.938,109.125,-0.195,-0.559,0.988,9.289,8.746,-1.270,0.398,0.380,1.214,1.363,1,NULL,NULL,,3,0,2,7,255,1403,250,0,0
stim,191240,221361,0,221361,3418679.455,-0.630,-0.057,0.179,0.753,3050,0,0,3125,2,987,0,1316,44,0.999,1,2235,0,221.230,7.149,-115.875,-161.688,96.813,-0.539,-0.215,0.773,6.746,2.367,-1.270,0.376,0.358,1.214,1.363,1,NULL,NULL,,3,0,2,7,255,1403,250,0,0
stim,191240,221361,0,221361,3418684.453,-0.629,-0.054,0.172,0.756,3055,0,0,3128,117,1112,0,1389,44,0.999,1,2235,0,192.469,4.367,-81.563,-163.313,61.000,-0.559,-0.027,0.828,3.848,-2.066,-1.137,0.350,0.320,1.214,1.363,1,NULL,NULL,,3,0,2,7,255,1403,250,0,0
stim,191240,221361,0,221361,3418689.455,-0.629,-0.050,0.166,0.758,3063,0,0,3131,277,1271,0,1451,44,0.999,1,2235,0,172.287,2.961,-55.938,-161.063,24.750,-0.398,0.129,1.133,2.121,-2.066,-0.598,0.318,0.274,1.214,1.363,1,NULL,NULL,,3,0,2,7,255,1403,250,0,0
stim,191260,221381,0,221381,3418694.454,-0.630,-0.046,0.159,0.759,3079,0,0,3143,466,1402,0,1563,44,0.999,1,2235,0,162.514,0.795,-61.625,-150.375,-0.625,-0.160,0.309,1.422,0.633,-0.480,1.996,0.284,0.232,1.214,1.363,2,NULL,NULL,,3,0,2,7,255,1403,250,0,0
stim,191260,221381,0,221381,3418699.455,-0.631,-0.045,0.153,0.759,3087,0,0,3149,616,1510,0,1653,44,0.999,1,2235,0,167.050,2.488,-95.750,-136.625,-8.438,0.043,0.305,1.418,-1.313,2.113,3.773,0.252,0.198,1.214,1.363,2,NULL,NULL,,3,0,2,7,255,1403,250,0,0
stim,191260,221381,0,221381,3418704.453,-0.632,-0.044,0.145,0.760,3089,0,0,3165,757,1646,0,1701,44,0.999,1,2235,0,176.853,3.995,-124.375,-125.625,-5.125,0.137,0.113,1.266,-1.313,3.773,3.773,0.228,0.174,1.214,1.363,2,NULL,NULL,,3,0,2,7,255,1403,250,0,0
stim,191260,221381,0,221381,3418709.455,-0.632,-0.044,0.137,0.762,3081,0,0,3157,792,1770,0,1737,44,0.999,1,2235,0,173.463,4.019,-130.688,-114.063,0.063,0.129,-0.117,1.051,-0.352,4.004,1.887,0.216,0.162,1.214,1.363,2,NULL,NULL,,3,0,2,7,255,1403,250,0,0
stim,191292,221413,0,221413,3418714.453,-0.632,-0.043,0.131,0.763,3089,0,0,3171,887,1835,0,1769,44,0.999,1,2235,0,156.614,4.302,-116.125,-104.938,5.563,0.059,-0.242,0.949,1.574,4.004,-0.355,0.212,0.152,1.214,1.363,2,NULL,NULL,,3,0,2,7,255,1403,250,0,0
stim,191292,221413,0,221413,3418719.455,-0.632,-0.043,0.125,0.764,3095,0,0,3171,1001,1965,7,1871,44,0.999,1,2235,0,138.004,3.781,-96.438,-98.625,4.250,-0.027,-0.145,0.984,1.965,3.230,-0.555,0.210,0.144,1.214,1.363,2,NULL,NULL,,3,0,2,7,255,1403,250,0,0
stim,191292,221413,0,221413,3418724.454,-0.633,-0.042,0.119,0.764,3087,0,0,3164,1147,2059,138,1965,44,0.999,1,2235,0,123.161,2.996,-82.188,-91.563,-5.500,-0.031,0.074,1.105,1.965,2.262,-0.555,0.210,0.134,1.214,1.363,2,NULL,NULL,,3,0,2,7,255,1403,250,0,0
stim,191292,221413,0,221413,3418729.455,-0.634,-0.041,0.116,0.764,3091,0,0,3181,1272,2121,143,2063,44,0.999,1,2235,0,86.468,2.265,-49.313,-61.375,-35.750,0.086,0.254,1.633,-0.117,2.262,0.852,0.208,0.124,1.214,1.363,2,NULL,NULL,,3,0,2,7,255,1403,250,0,0
stim,191292,221414,0,221414,3418734.453,-0.637,-0.042,0.112,0.762,3089,8,0,3183,1389,2175,137,2107,44,0.999,1,2235,0,109.883,3.895,-67.875,-35.438,-78.813,0.164,0.598,1.363,-1.832,3.438,3.371,0.208,0.114,1.214,1.363,2,NULL,NULL,,3,0,2,7,255,1403,250,0,0
stim,191292,221414,0,221414,3418739.455,-0.639,-0.043,0.110,0.760,3087,37,0,3176,1464,2218,136,2153,44,0.999,1,2235,0,100.202,6.722,-51.625,-29.750,-80.563,0.402,0.824,1.125,-5.477,3.898,3.371,0.208,0.104,1.214,1.363,2,NULL,NULL,,3,0,2,7,255,1403,250,0,0
stim,191344,221465,0,221465,3418744.454,-0.641,-0.044,0.108,0.759,3087,59,0,3189,1523,2262,135,2212,44,0.999,1,2235,0,68.526,6.615,-51.313,-13.063,-43.500,0.113,0.168,1.402,-5.477,3.711,3.371,0.220,0.090,1.214,1.363,2,NULL,NULL,,3,0,2,7,255,1403,250,0,0
stim,191344,221465,0,221465,3418749.455,-0.642,-0.047,0.103,0.759,3091,59,0,3177,1598,2295,131,2251,44,0.999,1,2235,0,122.441,3.953,-116.875,-9.688,-35.188,-0.324,-0.215,1.289,-1.363,3.711,3.051,0.236,0.072,1.214,1.363,2,NULL,NULL,,3,0,2,7,255,1403,250,0,0
stim,191344,221465,0,221465,3418754.453,-0.644,-0.051,0.099,0.757,3083,76,0,3181,1643,2303,139,2284,44,0.999,1,2235,0,144.980,1.833,-122.813,-8.063,-76.625,-0.375,-0.121,0.762,1.832,-0.066,3.051,0.252,0.056,1.214,1.363,2,NULL,NULL,,3,0,2,7,255,1403,250,0,0
stim,191344,221465,0,221465,3418759.455,-0.648,-0.052,0.096,0.754,3087,99,0,3181,1695,2327,140,2316,44,0.999,1,2235,0,129.077,1.833,-56.250,-9.938,-115.750,-0.098,-0.129,0.570,1.832,-0.066,-1.840,0.266,0.044,1.214,1.363,2,NULL,NULL,,3,0,2,7,255,1403,250,0,0
stim,191344,221465,0,221465,3418764.454,-0.651,-0.053,0.095,0.751,3081,118,3,3191,1755,2347,147,2343,44,0.999,1,2235,0,100.738,1.511,-4.250,-11.938,-99.938,0.184,-0.176,0.863,1.461,0.387,-1.973,0.272,0.038,1.214,1.363,2,NULL,NULL,,3,0,2,7,255,1403,250,0,0
stim,191344,221465,0,221465,3418769.455,-0.653,-0.053,0.094,0.750,3087,167,35,3193,1791,2359,160,2373,44,0.999,1,2235,0,50.415,3.981,-11.250,-9.000,-48.313,0.176,-0.180,1.164,1.461,3.703,-1.973,0.278,0.034,1.214,1.363,2,NULL,NULL,,3,0,2,7,255,1403,250,0,0
stim,191344,221465,0,221465,3418774.453,-0.653,-0.054,0.093,0.750,3087,198,75,3192,1831,2375,188,2386,44,0.999,1,2235,0,47.648,3.981,-44.250,-5.813,-16.688,-0.066,-0.109,1.117,1.461,3.703,0.930,0.284,0.030,1.214,1.363,2,NULL,NULL,,3,0,2,7,255,1403,250,0,0
stim,191344,221465,0,221465,3418779.455,-0.654,-0.055,0.091,0.749,3095,215,108,3195,1865,2383,197,2397,44,0.999,1,2235,0,53.705,2.116,-48.000,-4.375,-23.688,-0.184,-0.109,0.887,1.250,1.707,0.930,0.290,0.022,1.214,1.363,2,NULL,NULL,,3,0,2,7,255,1403,250,0,0
stim,191344,221465,0,221465,3418784.453,-0.655,-0.056,0.090,0.748,3081,243,133,3187,1892,2403,202,2409,44,0.999,1,2235,0,39.924,1.389,-23.000,-5.375,-32.188,-0.125,-0.195,0.797,1.250,0.605,-0.996,0.296,0.018,1.214,1.363,2,NULL,NULL,,3,0,2,7,255,1403,250,0,0
stim,191344,221465,0,221465,3418789.455,-0.655,-0.056,0.089,0.748,3084,250,229,3195,1919,2421,205,2430,44,0.999,1,2235,0,22.203,2.071,-4.313,-7.000,-20.625,-0.059,-0.215,0.906,1.980,0.605,-1.086,0.300,0.014,1.214,1.363,2,NULL,NULL,,3,0,2,7,255,1403,250,0,0
stim,191344,221465,0,221465,3418794.454,-0.656,-0.056,0.089,0.748,3079,264,308,3195,1949,2431,207,2440,44,0.999,1,2235,0,8.726,2.154,-1.813,-7.438,-4.188,-0.125,-0.102,1.000,1.980,0.848,-1.086,0.304,0.012,1.214,1.363,2,NULL,NULL,,3,0,2,7,255,1403,250,0,0
stim,191344,221465,0,221465,3418799.455,-0.656,-0.056,0.088,0.748,3081,261,331,3189,1966,2430,209,2460,44,0.999,1,2235,0,9.565,1.368,-4.750,-7.375,-3.813,-0.215,0.035,1.020,1.074,0.848,-0.012,0.308,0.008,1.214,1.363,2,NULL,NULL,,3,0,2,7,255,1403,250,0,0
stim,191377,221498,0,221498,3418804.453,-0.656,-0.055,0.088,0.747,3081,262,405,3181,2003,2449,215,2464,44,0.999,1,2235,0,15.808,0.061,-5.688,-7.625,-12.625,-0.207,0.020,1.008,0.016,-0.059,0.266,0.312,0.006,1.214,1.363,2,NULL,NULL,,3,0,2,7,255,1403,250,0,0
stim,191377,221498,0,221498,3418809.455,-0.657,-0.055,0.087,0.747,3077,259,439,3181,2013,2449,209,2468,44,1.000,1,2235,1,15.187,0.061,-5.375,-8.250,-11.563,-0.145,-0.082,0.984,0.016,-0.059,0.266,0.000,0.000,1.158,1.365,2,NULL,NULL,,3,0,2,7,255,1403,250,0,0
stim,191377,221498,0,221498,3418814.454,-0.657,-0.055,0.087,0.747,3077,261,505,3179,2027,2461,207,2483,44,1.000,1,2235,1,10.538,1.038,-3.313,-9.563,-2.938,-0.152,-0.086,0.965,0.918,0.484,-0.121,0.002,0.000,1.158,1.365,2,NULL,NULL,,3,0,2,7,255,1403,250,0,0
stim,191377,221498,0,221498,3418819.455,-0.657,-0.055,0.086,0.747,3065,254,575,3183,2063,2461,199,2501,44,1.000,1,2235,1,10.186,1.038,0.688,-10.000,-1.813,-0.191,-0.023,0.969,0.918,0.484,-0.137,0.004,0.002,1.158,1.365,2,NULL,NULL,,3,0,2,7,255,1403,250,0,0
stim,191377,221498,0,221498,3418824.453,-0.657,-0.055,0.086,0.747,3065,252,621,3171,2076,2469,189,2495,44,1.000,1,2235,1,12.297,0.422,3.188,-10.250,-6.000,-0.184,-0.016,0.992,0.395,0.148,-0.137,0.006,0.002,1.158,1.365,2,NULL,NULL,,3,0,2,7,255,1403,250,0,0
stim,191377,221498,0,221498,3418829.455,-0.657,-0.054,0.086,0.747,3055,253,636,3172,2079,2472,175,2503,44,1.000,1,2235,1,12.165,0.422,2.313,-9.938,-6.625,-0.145,-0.039,0.996,0.395,0.148,0.016,0.008,0.004,1.158,1.365,2,NULL,NULL,,3,0,2,7,255,1403,250,0,0
stim,191407,221528,0,221528,3418834.453,-0.657,-0.054,0.086,0.747,3049,251,667,3177,2103,2471,151,2517,44,1.000,1,2235,1,10.320,0.685,1.438,-9.750,-3.063,-0.145,-0.039,0.980,0.473,0.496,0.016,0.010,0.006,1.158,1.365,2,NULL,NULL,,3,0,2,7,255,1403,250,0,0
stim,191407,221528,0,221528,3418839.455,-0.658,-0.053,0.085,0.747,3061,250,697,3170,2121,2477,149,2519,44,1.000,1,2235,1,9.909,0.685,1.563,-9.688,-1.375,-0.172,-0.027,0.969,0.473,0.496,-0.113,0.014,0.008,1.158,1.365,2,NULL,NULL,,3,0,2,7,255,1403,250,0,0
stim,191407,221528,0,221528,3418844.454,-0.658,-0.053,0.085,0.747,3049,251,717,3151,2141,2487,160,2533,44,1.000,1,2235,1,10.930,0.453,2.750,-10.125,-3.063,-0.188,-0.023,0.965,0.410,0.191,-0.176,0.016,0.010,1.158,1.365,2,NULL,NULL,,3,0,2,7,255,1403,250,0,0
stim,191407,221528,0,221528,3418849.455,-0.658,-0.053,0.085,0.746,3043,247,727,3149,2152,2492,155,2538,44,1.000,1,2235,1,12.246,0.430,4.125,-10.563,-4.625,-0.176,-0.031,0.973,0.410,0.129,-0.176,0.018,0.014,1.158,1.365,2,NULL,NULL,,3,0,2,7,255,1403,250,0,0
stim,191441,221562,0,221562,3418854.453,-0.658,-0.052,0.085,0.746,3037,248,743,3156,2165,2491,159,2543,44,1.000,1,2235,1,13.262,0.422,5.438,-11.500,-3.750,-0.172,-0.023,0.977,0.402,0.129,-0.137,0.022,0.018,1.158,1.365,2,NULL,NULL,,3,0,2,7,255,1403,250,0,0
stim,191441,221562,0,221562,3418859.455,-0.658,-0.052,0.084,0.746,3032,243,755,3133,2142,2495,165,2553,44,1.000,1,2235,1,14.812,0.385,7.438,-12.438,-3.063,-0.184,0.020,0.992,0.363,0.129,-0.113,0.026,0.022,1.158,1.365,2,NULL,NULL,,3,0,2,7,255,1403,250,0,0
stim,191441,221562,0,221562,3418864.454,-0.658,-0.051,0.084,0.746,3027,237,787,3129,2196,2493,168,2571,44,1.000,1,2235,1,16.928,0.032,9.000,-13.188,-5.625,-0.191,0.066,1.023,-0.031,0.008,0.094,0.028,0.026,1.158,1.365,2,NULL,NULL,,3,0,2,7,255,1403,250,0,0
stim,191441,221562,0,221562,3418869.455,-0.659,-0.050,0.084,0.746,3017,236,826,3117,2216,2505,172,2588,44,1.000,1,2235,1,18.387,0.441,8.625,-13.875,-8.438,-0.164,0.090,1.035,-0.441,0.008,0.387,0.030,0.028,1.158,1.365,2,NULL,NULL,,3,0,2,7,255,1403,250,0,0
stim,191441,221562,0,221562,3418874.453,-0.659,-0.049,0.084,0.746,3005,228,841,3107,2231,2509,207,2589,44,1.000,1,2235,1,17.941,0.733,7.438,-14.750,-7.000,-0.141,0.094,1.031,-0.715,0.164,0.402,0.032,0.030,1.158,1.365,2,NULL,NULL,,3,0,2,7,255,1403,250,0,0
stim,191441,221562,0,221562,3418879.455,-0.659,-0.049,0.084,0.746,2986,227,859,3093,2246,2510,231,2614,44,1.000,1,2235,1,16.943,0.877,6.625,-14.813,-4.875,-0.129,0.098,1.020,-0.781,0.398,0.402,0.034,0.032,1.158,1.365,2,NULL,NULL,,3,0,2,7,255,1403,250,0,0
stim,191441,221562,0,221562,3418884.454,-0.659,-0.048,0.084,0.746,2983,227,917,3067,2253,2519,261,2615,44,1.000,1,2235,1,16.809,0.913,7.250,-14.813,-3.250,-0.121,0.105,1.016,-0.793,0.453,0.281,0.034,0.032,1.158,1.365,2,NULL,NULL,,3,0,2,7,255,1403,250,0,0
stim,191441,221562,0,221562,3418889.455,-0.659,-0.047,0.083,0.746,2963,226,944,3054,2264,2516,299,2636,44,1.000,1,2235,1,17.302,1.006,8.000,-15.313,-0.938,-0.137,0.125,1.020,-0.898,0.453,0.270,0.036,0.034,1.158,1.365,2,NULL,NULL,,3,0,2,7,255,1403,250,0,0
stim,191441,221562,0,221562,3418894.453,-0.659,-0.046,0.083,0.746,2950,222,973,3041,2300,2511,297,2643,44,1.000,1,2235,1,17.806,1.099,7.313,-16.188,1.250,-0.172,0.148,1.035,-1.047,0.336,0.270,0.036,0.032,1.158,1.365,2,NULL,NULL,,3,0,2,7,255,1403,250,0,0
stim,191441,221562,0,221562,3418899.455,-0.660,-0.045,0.083,0.746,2924,222,1053,3028,2327,2515,333,2652,44,1.000,1,2235,1,17.670,1.219,6.125,-16.438,-2.125,-0.199,0.195,1.047,-1.219,-0.031,0.516,0.034,0.032,1.158,1.365,2,NULL,NULL,,3,0,2,7,255,1403,250,0,0
stim,191470,221591,0,221591,3418904.453,-0.660,-0.044,0.083,0.745,2903,235,1097,3012,2358,2522,341,2663,44,1.000,1,2235,1,19.198,1.611,5.750,-16.125,-8.688,-0.168,0.211,1.047,-1.609,-0.074,0.645,0.034,0.030,1.158,1.365,2,NULL,NULL,,3,0,2,7,255,1403,250,0,0
stim,191470,221591,0,221591,3418909.455,-0.660,-0.044,0.083,0.745,2887,237,1149,2995,2377,2517,375,2671,44,1.000,1,2235,1,19.298,1.611,3.500,-15.375,-11.125,-0.125,0.168,1.047,-1.609,-0.074,0.645,0.032,0.026,1.158,1.365,2,NULL,NULL,,3,0,2,7,255,1403,250,0,0
stim,191470,221591,0,221591,3418914.454,-0.661,-0.043,0.082,0.745,2859,243,1239,2971,2403,2520,397,2683,44,1.000,1,2235,1,17.277,1.477,-1.688,-14.875,-8.625,-0.137,0.086,1.020,-1.445,0.305,0.570,0.030,0.022,1.158,1.365,2,NULL,NULL,,3,0,2,7,255,1403,250,0,0
stim,191470,221591,0,221591,3418919.455,-0.661,-0.043,0.082,0.745,2833,243,1271,2955,2425,2526,415,2693,44,1.000,1,2235,1,17.897,0.685,-4.375,-14.875,-8.938,-0.195,0.008,0.977,-0.613,0.305,0.297,0.030,0.016,1.158,1.365,2,NULL,NULL,,3,0,2,7,255,1403,250,0,0
stim,191494,221615,0,221615,3418924.454,-0.662,-0.043,0.081,0.744,2809,245,1337,2935,2459,2525,487,2703,44,1.000,1,2235,1,22.781,0.336,-2.375,-15.188,-16.813,-0.211,-0.016,0.941,0.211,-0.262,-0.055,0.030,0.010,1.158,1.365,2,NULL,NULL,,3,0,2,7,255,1403,250,0,0
stim,191494,221615,0,221615,3418929.455,-0.662,-0.042,0.081,0.744,2787,246,1431,2927,2485,2527,587,2720,44,1.000,1,2235,1,28.503,0.500,1.813,-15.750,-23.688,-0.172,-0.020,0.945,0.426,-0.262,-0.375,0.030,0.006,1.158,1.365,2,NULL,NULL,,3,0,2,7,255,1403,250,0,0
stim,191494,221615,0,221615,3418934.454,-0.663,-0.042,0.080,0.743,2762,245,1501,2902,2505,2537,649,2726,44,1.000,1,2235,1,28.569,0.451,2.938,-16.250,-23.313,-0.129,-0.027,0.973,0.445,-0.070,-0.375,0.032,0.002,1.158,1.365,2,NULL,NULL,,3,0,2,7,255,1403,250,0,0
stim,191494,221615,0,221615,3418939.455,-0.664,-0.041,0.079,0.743,2729,247,1583,2875,2524,2534,760,2735,44,1.000,1,2235,1,25.010,0.519,-1.000,-16.938,-18.375,-0.141,-0.031,0.988,0.445,0.266,-0.211,0.034,0.004,1.158,1.365,2,NULL,NULL,,3,0,2,7,255,1403,250,0,0
stim,191494,221615,0,221615,3418944.453,-0.664,-0.041,0.079,0.742,2700,247,1651,2855,2548,2539,828,2746,44,1.000,1,2235,1,24.620,0.519,-4.750,-17.875,-16.250,-0.176,-0.020,0.973,0.445,0.266,-0.148,0.036,0.006,1.158,1.365,2,NULL,NULL,,3,0,2,7,255,1403,250,0,0
stim,191494,221615,0,221615,3418949.455,-0.665,-0.040,0.078,0.742,2665,251,1719,2831,2551,2549,920,2763,44,1.000,1,2235,1,27.840,0.423,-4.563,-18.688,-20.125,-0.180,0.000,0.961,0.406,-0.117,-0.148,0.036,0.006,1.158,1.365,2,NULL,NULL,,3,0,2,7,255,1403,250,0,0
stim,191538,221659,0,221659,3418954.454,-0.666,-0.040,0.077,0.741,2631,251,1780,2811,2596,2542,1013,2775,44,1.000,1,2235,1,30.020,0.269,-2.125,-19.250,-22.938,-0.137,-0.008,0.969,0.242,-0.117,-0.242,0.038,0.006,1.158,1.365,2,NULL,NULL,,3,0,2,7,255,1403,250,0,0
stim,191538,221659,0,221659,3418959.455,-0.667,-0.039,0.076,0.740,2589,253,1836,2787,2611,2543,1079,2783,44,1.000,1,2235,1,27.766,0.321,-0.813,-19.563,-19.688,-0.105,-0.012,0.984,0.242,0.211,-0.242,0.038,0.006,1.158,1.365,2,NULL,NULL,,3,0,2,7,255,1403,250,0,0
stim,191538,221659,0,221659,3418964.454,-0.667,-0.039,0.076,0.740,2535,252,1885,2759,2633,2548,1180,2797,44,1.000,1,2235,1,24.647,0.481,-1.875,-19.750,-14.625,-0.113,0.020,1.004,0.238,0.418,-0.133,0.038,0.006,1.158,1.365,2,NULL,NULL,,3,0,2,7,255,1403,250,0,0
stim,191538,221659,0,221659,3418969.455,-0.668,-0.038,0.075,0.740,2491,253,1935,2733,2651,2551,1259,2809,44,1.000,1,2235,1,25.462,0.418,-3.938,-19.813,-15.500,-0.152,0.055,1.016,-0.020,0.418,0.070,0.038,0.006,1.158,1.365,2,NULL,NULL,,3,0,2,7,255,1403,250,0,0
stim,191538,221659,0,221659,3418974.453,-0.668,-0.038,0.074,0.739,2443,255,1993,2701,2671,2553,1374,2813,44,1.000,1,2235,1,28.759,0.349,-5.438,-19.875,-20.063,-0.156,0.086,1.023,-0.348,0.031,0.266,0.038,0.006,1.158,1.365,2,NULL,NULL,,3,0,2,7,255,1403,250,0,0
stim,191538,221659,0,221659,3418979.455,-0.669,-0.037,0.073,0.739,2397,259,2071,2666,2692,2555,1479,2827,44,1.000,1,2235,1,31.246,0.630,-6.125,-19.125,-23.938,-0.133,0.117,1.027,-0.629,0.031,0.352,0.038,0.006,1.158,1.365,2,NULL,NULL,,3,0,2,7,255,1403,250,0,0
stim,191562,221683,0,221683,3418984.454,-0.670,-0.037,0.073,0.738,2343,261,2134,2637,2707,2555,1561,2837,44,1.000,1,2235,1,33.179,0.973,-8.625,-18.188,-26.375,-0.109,0.129,1.039,-0.965,0.125,0.371,0.040,0.008,1.158,1.365,2,NULL,NULL,,3,0,2,7,255,1403,250,0,0
stim,191562,221683,0,221683,3418989.455,-0.671,-0.037,0.072,0.737,2285,255,2187,2613,2724,2556,1639,2845,44,1.000,1,2235,1,36.234,1.018,-12.938,-16.813,-29.375,-0.094,0.094,1.031,-0.965,0.324,0.371,0.040,0.010,1.158,1.365,2,NULL,NULL,,3,0,2,7,255,1403,250,0,0
stim,191562,221683,0,221683,3418994.453,-0.672,-0.037,0.070,0.736,2221,263,2235,2586,2735,2557,1737,2855,44,1.000,1,2235,1,35.987,0.946,-15.938,-15.813,-28.125,-0.074,0.023,1.000,-0.813,0.484,0.344,0.040,0.010,1.158,1.365,2,NULL,NULL,,3,0,2,7,255,1403,250,0,0
stim,191562,221683,0,221683,3418999.455,-0.673,-0.037,0.069,0.736,2165,274,2284,2552,2747,2558,1813,2860,44,1.000,1,2235,1,33.385,0.502,-16.750,-15.188,-24.563,-0.102,-0.027,0.984,-0.133,0.484,-0.027,0.042,0.010,1.158,1.365,2,NULL,NULL,,3,0,2,7,255,1403,250,0,0
stim,191562,221683,0,221683,3419004.454,-0.673,-0.037,0.068,0.735,2123,275,2333,2520,2764,2558,1877,2867,44,1.000,1,2235,1,33.032,0.529,-15.625,-14.688,-25.125,-0.129,-0.020,0.980,0.285,0.445,-0.113,0.042,0.010,1.158,1.365,2,NULL,NULL,,3,0,2,7,255,1403,250,0,0
stim,191562,221683,0,221683,3419009.455,-0.674,-0.037,0.067,0.734,2065,287,2385,2485,2759,2571,1939,2873,44,1.000,1,2235,1,34.790,0.331,-14.313,-15.000,-27.938,-0.125,0.008,1.000,0.285,0.168,-0.113,0.044,0.010,1.158,1.365,2,NULL,NULL,,3,0,2,7,255,1403,250,0,0
stim,191587,221708,0,221708,3419014.453,-0.675,-0.037,0.066,0.734,1991,296,2429,2455,2791,2557,2003,2883,44,1.000,1,2235,1,40.952,0.168,-18.000,-14.188,-33.938,-0.125,0.023,1.051,-0.008,0.168,0.059,0.046,0.010,1.158,1.365,2,NULL,NULL,,3,0,2,7,255,1403,250,0,0
stim,191587,221708,0,221708,3419019.455,-0.677,-0.037,0.065,0.733,1937,296,2478,2409,2803,2565,2063,2889,44,1.000,1,2235,1,50.653,0.267,-29.813,-14.125,-38.438,-0.129,0.031,1.098,-0.168,0.207,0.551,0.048,0.010,1.158,1.365,2,NULL,NULL,,3,0,2,7,255,1403,250,0,0
stim,191587,221708,0,221708,3419024.454,-0.678,-0.038,0.063,0.731,1873,294,2519,2363,2828,2560,2117,2891,44,1.000,1,2235,1,59.812,0.352,-40.688,-13.375,-41.750,-0.117,0.027,1.039,-0.266,0.230,0.551,0.050,0.010,1.158,1.365,2,NULL,NULL,,3,0,2,7,255,1403,250,0,0
stim,191587,221708,0,221708,3419029.455,-0.679,-0.039,0.061,0.730,1785,295,2551,2318,2829,2556,2169,2897,44,1.000,1,2235,1,57.155,0.376,-39.500,-13.438,-39.063,-0.074,0.020,0.957,-0.281,0.250,0.418,0.052,0.010,1.158,1.365,2,NULL,NULL,,3,0,2,7,255,1403,250,0,0
stim,191587,221708,0,221708,3419034.453,-0.680,-0.039,0.060,0.730,1685,297,2582,2271,2837,2555,2229,2903,44,1.000,1,2235,1,45.642,0.472,-29.313,-13.563,-32.250,-0.086,-0.016,0.934,-0.281,0.379,-0.438,0.054,0.012,1.158,1.365,2,NULL,NULL,,3,0,2,7,255,1403,250,0,0
stim,191587,221708,0,221708,3419039.455,-0.681,-0.040,0.058,0.729,1605,301,2605,2219,2815,2567,2263,2905,44,1.000,1,2235,1,39.244,0.385,-21.813,-14.063,-29.438,-0.125,-0.039,0.984,0.066,0.379,-0.438,0.056,0.012,1.158,1.365,2,NULL,NULL,,3,0,2,7,255,1403,250,0,0
stim,191649,221770,0,221770,3419044.454,-0.682,-0.040,0.057,0.728,1498,297,2637,2164,2857,2553,2300,2913,44,1.000,1,2235,1,41.104,0.315,-21.750,-13.875,-32.000,-0.137,-0.043,1.012,0.297,0.105,-0.090,0.058,0.014,1.158,1.365,2,NULL,NULL,,3,0,2,7,255,1403,250,0,0
stim,191649,221770,0,221770,3419049.455,-0.683,-0.040,0.056,0.727,1379,283,2663,2095,2867,2553,2342,2911,44,1.000,1,2235,1,44.022,0.334,-23.563,-13.875,-34.500,-0.117,-0.051,1.012,0.316,0.105,0.164,0.058,0.014,1.158,1.365,2,NULL,NULL,,3,0,2,7,255,1403,250,0,0
stim,191649,221770,0,221770,3419054.453,-0.684,-0.041,0.054,0.726,1255,277,2692,2013,2883,2556,2367,2919,44,1.000,1,2235,1,44.818,0.372,-26.375,-13.813,-33.500,-0.098,-0.047,1.016,0.316,0.195,0.199,0.058,0.012,1.158,1.365,2,NULL,NULL,,3,0,2,7,255,1403,250,0,0
stim,191649,221770,0,221770,3419059.455,-0.685,-0.041,0.053,0.725,1183,277,2712,1917,2888,2548,2408,2923,44,1.000,1,2235,1,45.715,0.415,-29.250,-13.938,-32.250,-0.102,-0.031,1.020,0.277,0.309,0.199,0.060,0.012,1.158,1.365,2,NULL,NULL,,3,0,2,7,255,1403,250,0,0
stim,191649,221770,0,221770,3419064.454,-0.686,-0.042,0.051,0.724,1091,263,2743,1812,2894,2549,2451,2921,44,1.000,1,2235,1,48.847,0.325,-32.250,-13.938,-33.938,-0.117,-0.027,1.023,0.102,0.309,0.207,0.060,0.010,1.158,1.365,2,NULL,NULL,,3,0,2,7,255,1403,250,0,0
stim,191649,221770,0,221770,3419069.455,-0.687,-0.042,0.050,0.723,1011,251,2745,1715,2907,2548,2483,2931,44,1.000,1,2235,1,50.760,0.273,-32.625,-13.750,-36.375,-0.098,-0.043,0.980,0.102,0.254,0.207,0.060,0.010,1.158,1.365,2,NULL,NULL,,3,0,2,7,255,1403,250,0,0
stim,191649,221770,0,221770,3419074.454,-0.688,-0.043,0.048,0.722,911,242,2772,1610,2916,2541,2502,2938,44,1.000,1,2235,1,44.632,0.292,-26.688,-13.813,-33.000,-0.066,-0.055,0.941,0.145,0.254,-0.148,0.060,0.010,1.158,1.365,2,NULL,NULL,,3,0,2,7,255,1403,250,0,0
stim,191649,221770,0,221770,3419079.455,-0.689,-0.043,0.047,0.722,808,239,2793,1509,2911,2531,2531,2941,44,1.000,1,2235,1,34.976,0.447,-18.000,-14.500,-26.250,-0.078,-0.055,0.953,0.203,0.398,-0.438,0.062,0.012,1.158,1.365,2,NULL,NULL,,3,0,2,7,255,1403,250,0,0
stim,191649,221770,0,221770,3419084.453,-0.690,-0.043,0.046,0.721,696,232,2805,1373,2931,2532,2551,2931,44,1.000,1,2235,1,29.951,0.447,-12.500,-14.750,-22.875,-0.109,-0.047,0.992,0.203,0.398,-0.438,0.062,0.012,1.158,1.365,2,NULL,NULL,,3,0,2,7,255,1403,250,0,0
stim,191649,221770,0,221770,3419089.455,-0.691,-0.043,0.045,0.720,586,197,2806,1272,2927,2515,2559,2940,44,1.000,1,2235,1,32.378,0.172,-12.625,-14.813,-25.875,-0.121,-0.039,1.031,0.133,0.109,-0.008,0.062,0.012,1.158,1.365,2,NULL,NULL,,3,0,2,7,255,1403,250,0,0
stim,191649,221770,0,221770,3419094.454,-0.692,-0.043,0.044,0.720,501,182,2815,1142,2931,2509,2583,2939,44,1.000,1,2235,1,36.197,0.113,-15.750,-14.750,-29.063,-0.102,-0.020,1.039,0.027,0.109,0.371,0.064,0.014,1.158,1.365,2,NULL,NULL,,3,0,2,7,255,1403,250,0,0
stim,191649,221770,0,221770,3419099.455,-0.692,-0.043,0.043,0.719,403,155,2831,1023,2953,2505,2605,2939,44,1.000,1,2235,1,37.444,0.279,-18.188,-14.563,-29.313,-0.078,-0.012,1.016,-0.188,0.207,0.371,0.064,0.014,1.158,1.365,2,NULL,NULL,,3,0,2,7,255,1403,250,0,0
stim,191673,221794,0,221794,3419104.453,-0.693,-0.043,0.042,0.718,311,107,2848,869,2956,2493,2627,2943,44,1.000,1,2235,1,35.791,0.405,-17.625,-14.750,-27.438,-0.082,-0.020,1.004,-0.227,0.336,0.172,0.064,0.016,1.158,1.365,2,NULL,NULL,,3,0,2,7,255,1403,250,0,0
stim,191673,221794,0,221794,3419109.455,-0.694,-0.043,0.041,0.717,242,87,2857,739,2953,2479,2643,2949,44,1.000,1,2235,1,36.100,0.431,-17.750,-15.000,-27.625,-0.098,-0.016,1.008,-0.270,0.336,0.105,0.064,0.016,1.158,1.365,2,NULL,NULL,,3,0,2,7,255,1403,250,0,0
stim,191673,221794,0,221794,3419114.454,-0.695,-0.043,0.040,0.717,150,77,2867,660,2935,2476,2645,2951,44,1.000,1,2235,1,34.961,0.321,-14.250,-15.563,-27.875,-0.105,-0.016,1.008,-0.266,0.180,0.098,0.066,0.018,1.158,1.365,2,NULL,NULL,,3,0,2,7,255,1403,250,0,0
stim,191673,221794,0,221794,3419119.455,-0.696,-0.042,0.039,0.716,116,70,2877,517,2955,2461,2655,2953,44,1.000,1,2235,1,32.168,0.324,-10.375,-16.250,-25.750,-0.051,0.004,0.980,-0.270,0.180,0.098,0.066,0.018,1.158,1.365,2,NULL,NULL,,3,0,2,7,255,1403,250,0,0
stim,191673,221794,0,221794,3419124.454,-0.697,-0.042,0.038,0.715,74,54,2886,372,2975,2443,2677,2955,44,1.000,1,2235,1,28.183,0.441,-7.188,-16.500,-21.688,-0.074,-0.035,1.004,-0.266,0.352,0.031,0.066,0.018,1.158,1.365,2,NULL,NULL,,3,0,2,7,255,1403,250,0,0
stim,191673,221794,0,221794,3419129.455,-0.697,-0.042,0.037,0.715,43,28,2889,236,2939,2431,2683,2957,44,1.000,1,2235,1,27.400,0.363,-6.125,-16.813,-20.750,-0.102,-0.043,1.039,-0.090,0.352,0.031,0.068,0.018,1.158,1.365,2,NULL,NULL,,3,0,2,7,255,1403,250,0,0
stim,191710,221831,0,221831,3419134.454,-0.698,-0.042,0.037,0.714,25,0,2897,155,2971,2412,2699,2965,44,1.000,1,2235,1,31.507,0.148,-11.125,-17.375,-23.813,-0.098,-0.031,1.043,-0.090,0.117,0.414,0.068,0.020,1.158,1.365,2,NULL,NULL,,3,0,2,7,255,1403,250,0,0
stim,191710,221831,0,221831,3419139.455,-0.699,-0.041,0.035,0.713,23,0,2900,119,2975,2399,2723,2959,44,1.000,1,2235,1,35.436,0.218,-14.188,-17.563,-27.313,-0.078,-0.023,1.000,-0.184,0.117,0.414,0.068,0.022,1.158,1.365,2,NULL,NULL,,3,0,2,7,255,1403,250,0,0
stim,191710,221831,0,221831,3419144.453,-0.700,-0.041,0.034,0.713,8,0,2904,110,2983,2381,2725,2965,44,1.000,1,2235,1,34.144,0.276,-10.188,-19.313,-26.250,-0.082,-0.027,0.992,-0.199,0.191,0.012,0.068,0.022,1.158,1.365,2,NULL,NULL,,3,0,2,7,255,1403,250,0,0
stim,191710,221831,0,221831,3419149.455,-0.700,-0.041,0.034,0.712,0,0,2905,93,2984,2356,2735,2963,44,1.000,1,2235,0,31.990,0.323,-3.313,-21.313,-23.625,-0.059,-0.043,0.992,-0.199,0.254,-0.063,0.070,0.024,1.158,1.365,3,NULL,NULL,,3,0,2,7,255,1403,250,0,0
stim,191741,221862,0,221862,3419154.454,-0.701,-0.040,0.033,0.711,0,0,2917,77,2985,2345,2760,2971,44,1.000,1,2235,0,28.547,0.205,2.313,-23.000,-16.750,-0.109,-0.121,1.020,-0.074,0.191,-0.063,0.070,0.026,1.158,1.365,3,NULL,NULL,,3,0,2,7,255,1403,250,0,0
stim,191741,221862,0,221862,3419159.455,-0.701,-0.039,0.032,0.711,0,0,2911,35,2921,2324,2763,2968,44,1.000,1,2235,0,31.425,0.701,9.438,-25.188,-16.250,-0.188,-0.148,1.070,0.695,-0.086,0.266,0.070,0.028,1.158,1.365,3,NULL,NULL,,3,0,2,7,255,1403,250,0,0
stim,191741,221862,0,221862,3419164.454,-0.702,-0.038,0.032,0.710,0,0,2919,31,3005,2295,2777,2973,44,1.000,1,2235,0,36.205,0.852,12.125,-28.375,-18.938,-0.156,-0.117,1.113,0.695,-0.492,0.859,0.070,0.030,1.158,1.365,3,NULL,NULL,,3,0,2,7,255,1403,250,0,0
stim,191741,221862,0,221862,3419169.455,-0.703,-0.037,0.031,0.710,0,0,2929,27,2999,2281,2785,2979,44,1.000,1,2235,0,36.515,0.808,8.813,-30.375,-18.250,-0.133,-0.063,1.137,0.641,-0.492,1.227,0.072,0.032,1.158,1.365,3,NULL,NULL,,3,0,2,7,255,1403,250,0,0
stim,191741,221862,0,221862,3419174.453,-0.703,-0.035,0.031,0.710,0,0,2931,13,3001,2267,2791,2969,44,1.000,1,2235,0,40.014,0.410,18.625,-34.625,-7.438,-0.148,0.051,1.234,0.078,-0.402,1.406,0.072,0.032,1.158,1.365,3,NULL,NULL,,3,0,2,7,255,1403,250,0,0
stim,191741,221862,0,221862,3419179.455,-0.703,-0.034,0.030,0.710,0,0,2926,0,3005,2247,2803,2983,44,1.000,1,2235,0,37.788,1.047,-1.688,-37.750,-0.063,-0.078,0.125,1.234,-1.008,-0.285,2.254,0.072,0.032,1.158,1.365,3,NULL,NULL,,3,0,2,7,255,1403,250,0,0
stim,191741,221862,0,221862,3419184.454,-0.703,-0.033,0.028,0.710,0,0,2927,0,3016,2222,2821,2978,44,1.000,1,2235,0,41.258,1.028,-18.125,-37.063,-0.250,-0.109,0.047,1.094,-1.008,-0.203,2.254,0.072,0.034,1.158,1.365,3,NULL,NULL,,3,0,2,7,255,1403,250,0,0
stim,191741,221862,0,221862,3419189.455,-0.703,-0.032,0.026,0.710,0,0,2923,0,3011,2194,2815,2972,44,1.000,1,2235,0,42.173,0.963,-8.813,-40.813,5.938,-0.121,-0.020,1.023,-0.941,-0.203,0.934,0.072,0.034,1.158,1.365,3,NULL,NULL,,3,0,2,7,255,1403,250,0,0
stim,191741,221862,0,221862,3419194.453,-0.702,-0.031,0.025,0.711,0,0,2939,0,3029,2163,2836,2975,44,1.000,1,2235,0,43.887,0.503,0.438,-43.438,6.250,-0.133,-0.051,1.043,-0.273,-0.422,0.496,0.070,0.036,1.158,1.365,3,NULL,NULL,,3,0,2,7,255,1403,250,0,0
stim,191741,221862,0,221862,3419199.455,-0.702,-0.029,0.024,0.711,0,0,2933,0,3031,2130,2841,2985,44,1.000,1,2235,0,44.955,0.438,0.938,-44.938,0.813,-0.121,-0.055,1.078,0.020,-0.438,0.496,0.068,0.040,1.158,1.365,3,NULL,NULL,,3,0,2,7,255,1403,250,0,0
stim,191776,221897,0,221897,3419204.454,-0.702,-0.028,0.022,0.711,0,0,2926,0,3031,2089,2841,2973,44,1.000,1,2235,0,47.449,0.441,1.500,-47.375,2.188,-0.098,-0.066,1.047,0.055,-0.438,0.520,0.066,0.042,1.158,1.365,3,NULL,NULL,,3,0,2,7,255,1403,250,0,0
stim,191776,221897,0,221897,3419209.455,-0.702,-0.026,0.021,0.711,0,0,2932,0,3029,2039,2853,2982,44,1.000,1,2235,0,48.455,0.422,0.438,-48.375,2.750,-0.109,-0.070,1.086,0.160,-0.391,0.820,0.064,0.046,1.158,1.365,3,NULL,NULL,,3,0,2,7,255,1403,250,0,0
stim,191776,221897,0,221897,3419214.453,-0.702,-0.025,0.019,0.711,0,0,2927,0,3026,1984,2863,2975,44,1.000,1,2235,0,49.681,0.414,-2.250,-49.625,0.688,-0.098,-0.090,1.043,0.184,-0.371,0.520,0.060,0.052,1.158,1.365,3,NULL,NULL,,3,0,2,7,255,1403,250,0,0
stim,191776,221897,0,221897,3419219.455,-0.702,-0.023,0.018,0.711,0,0,2925,0,3026,1947,2869,2971,44,1.000,1,2235,0,51.107,0.437,-0.125,-51.063,-2.125,-0.121,-0.070,1.047,0.195,-0.391,0.520,0.058,0.056,1.158,1.365,3,NULL,NULL,,3,0,2,7,255,1403,250,0,0
stim,191794,221915,0,221915,3419224.454,-0.702,-0.022,0.016,0.711,0,0,2927,0,3047,1885,2891,2976,44,1.000,1,2235,0,52.825,0.419,0.063,-52.750,-2.813,-0.059,-0.043,1.074,0.195,-0.371,0.520,0.056,0.060,1.158,1.365,3,NULL,NULL,,3,0,2,7,255,1403,250,0,0
stim,191794,221915,0,221915,3419229.455,-0.702,-0.020,0.015,0.711,0,0,2935,0,3037,1829,2891,2977,44,1.000,1,2235,0,53.818,0.153,0.625,-53.750,2.625,-0.059,-0.016,1.035,-0.094,-0.121,0.520,0.054,0.064,1.158,1.365,3,NULL,NULL,,3,0,2,7,255,1403,250,0,0
stim,191794,221915,0,221915,3419234.453,-0.702,-0.018,0.013,0.712,0,0,2923,0,3044,1775,2892,2974,44,1.000,1,2235,0,55.805,0.220,3.063,-55.688,1.938,-0.082,-0.031,1.043,-0.184,-0.121,0.441,0.054,0.066,1.158,1.365,3,NULL,NULL,,3,0,2,7,255,1403,250,0,0
stim,191794,221915,0,221915,3419239.455,-0.702,-0.016,0.011,0.712,0,0,2919,0,3051,1718,2903,2970,44,1.000,1,2235,0,57.203,0.379,2.750,-57.125,1.188,-0.070,-0.063,1.078,-0.184,-0.332,0.441,0.052,0.072,1.158,1.365,3,NULL,NULL,,3,0,2,7,255,1403,250,0,0
stim,191794,221915,0,221915,3419244.454,-0.702,-0.015,0.010,0.712,0,0,2911,0,3051,1643,2909,2967,44,1.000,1,2235,0,58.380,0.353,0.000,-58.375,0.750,-0.063,-0.074,1.055,0.121,-0.332,0.570,0.050,0.076,1.158,1.365,3,NULL,NULL,,3,0,2,7,255,1403,250,0,0
stim,191794,221915,0,221915,3419249.455,-0.702,-0.013,0.008,0.712,0,0,2909,0,3056,1567,2915,2965,44,1.000,1,2235,0,59.714,0.384,-0.688,-59.625,3.188,-0.047,-0.086,1.031,0.262,-0.281,0.570,0.048,0.084,1.158,1.365,3,NULL,NULL,,3,0,2,7,255,1403,250,0,0
stim,191838,221959,1,221959,3419254.453,-0.702,-0.011,0.006,0.712,0,0,2914,0,3047,1481,2921,2963,44,1.000,1,2235,0,61.933,0.384,3.688,-61.750,3.000,-0.082,-0.070,1.023,0.262,-0.281,0.316,0.046,0.090,1.158,1.365,3,NULL,NULL,,3,1,2,7,255,1403,250,0,0
stim,191838,221959,1,221959,3419259.455,-0.702,-0.009,0.004,0.712,0,0,2907,0,3053,1389,2932,2974,44,1.000,1,2235,0,63.785,0.304,7.500,-63.313,1.938,-0.031,-0.059,1.047,0.227,-0.203,0.316,0.044,0.094,1.158,1.365,3,NULL,NULL,,3,1,2,7,255,1403,250,0,0
stim,191838,221959,1,221959,3419264.454,-0.702,-0.007,0.003,0.713,0,0,2893,0,3051,1279,2933,2961,44,1.000,1,2235,0,65.699,0.505,8.188,-65.000,4.938,-0.059,-0.027,1.074,0.113,-0.492,0.480,0.044,0.100,1.158,1.365,3,NULL,NULL,,3,1,2,7,255,1403,250,0,0
stim,191838,221959,1,221959,3419269.455,-0.701,-0.004,0.001,0.713,0,0,2888,0,3055,1189,2938,2951,44,1.000,1,2235,0,68.151,0.279,7.125,-67.375,7.375,-0.023,-0.004,1.105,-0.195,-0.199,0.727,0.044,0.104,1.158,1.365,3,NULL,NULL,,3,1,2,7,255,1403,250,0,0
stim,191838,221959,1,221959,3419274.453,-0.701,-0.002,-0.001,0.713,0,0,2883,0,3053,1083,2952,2953,44,1.000,1,2235,0,70.429,0.552,2.750,-69.500,11.063,-0.031,-0.004,1.102,-0.438,-0.336,0.965,0.044,0.108,1.158,1.365,3,NULL,NULL,,3,1,2,7,255,1403,250,0,0
stim,191838,221959,1,221959,3419279.455,-0.700,0.000,-0.003,0.714,0,0,2871,0,3052,989,2957,2941,44,1.000,1,2235,0,73.184,0.567,-0.625,-72.063,12.750,-0.051,0.000,1.086,-0.457,-0.336,0.965,0.044,0.114,1.158,1.365,3,NULL,NULL,,3,1,2,7,255,1403,250,0,0
stim,191861,221982,1,221982,3419284.453,-0.700,0.003,-0.006,0.714,0,0,2861,0,3053,872,2967,2935,44,1.000,1,2235,0,75.668,0.755,0.688,-74.688,12.125,-0.043,0.004,1.098,-0.461,-0.598,0.930,0.046,0.118,1.158,1.365,3,NULL,NULL,,3,1,2,7,255,1403,250,0,0
stim,191861,221982,1,221982,3419289.455,-0.699,0.005,-0.008,0.715,0,0,2861,0,3064,727,2969,2936,44,1.000,1,2235,0,79.232,0.777,-1.125,-78.000,13.875,-0.039,0.027,1.137,-0.496,-0.598,0.930,0.048,0.124,1.158,1.365,3,NULL,NULL,,3,1,2,7,255,1403,250,0,0
stim,191861,221982,1,221982,3419294.454,-0.699,0.007,-0.010,0.715,0,0,2852,0,3065,672,2973,2931,44,1.000,1,2235,0,80.178,0.931,0.875,-79.563,9.875,-0.066,0.023,1.047,-0.668,-0.648,0.930,0.052,0.130,1.158,1.365,3,NULL,NULL,,3,1,2,7,255,1403,250,0,0
stim,191861,221982,1,221982,3419299.455,-0.699,0.010,-0.012,0.715,0,0,2843,0,3068,582,2981,2925,44,1.000,1,2235,0,83.442,0.931,4.875,-83.000,7.063,0.020,0.008,1.074,-0.668,-0.648,0.703,0.056,0.136,1.158,1.365,3,NULL,NULL,,3,1,2,7,255,1403,250,0,0
stim,191861,221982,1,221982,3419304.453,-0.698,0.013,-0.015,0.716,0,0,2834,0,3076,523,2985,2921,44,1.000,1,2235,0,86.451,0.556,3.938,-85.250,13.813,0.055,-0.020,1.063,-0.516,-0.207,0.621,0.060,0.140,1.158,1.365,3,NULL,NULL,,3,1,2,7,255,1403,250,0,0
stim,191861,221982,1,221982,3419309.455,-0.697,0.016,-0.017,0.716,0,0,2813,0,3047,439,2990,2911,44,1.000,1,2235,0,90.608,0.328,5.813,-87.625,22.313,0.023,-0.031,1.074,-0.254,-0.207,0.703,0.066,0.146,1.158,1.365,3,NULL,NULL,,3,1,2,7,255,1403,250,0,0
stim,191889,222010,1,222010,3419314.454,-0.696,0.019,-0.020,0.717,0,0,2795,0,3080,341,2994,2905,44,1.000,1,2235,0,91.503,0.359,1.063,-88.750,22.250,0.039,-0.008,1.098,-0.254,-0.254,0.719,0.074,0.154,1.158,1.365,3,NULL,NULL,,3,1,2,7,255,1403,250,0,0
stim,191889,222010,1,222010,3419319.455,-0.695,0.021,-0.023,0.718,0,0,2777,0,3081,207,3001,2895,44,1.000,1,2235,0,94.234,0.389,-6.813,-90.688,24.688,0.023,-0.020,1.074,-0.242,-0.305,0.719,0.080,0.162,1.158,1.365,3,NULL,NULL,,3,1,2,7,255,1403,250,0,0
stim,191889,222010,1,222010,3419324.454,-0.694,0.024,-0.026,0.719,0,0,2751,0,3087,155,3000,2887,44,1.000,1,2235,0,97.593,0.450,-11.563,-92.125,30.063,0.098,0.023,1.102,-0.371,-0.254,0.945,0.090,0.172,1.158,1.365,3,NULL,NULL,,3,1,2,7,255,1403,250,0,0
stim,191889,222010,1,222010,3419329.455,-0.693,0.026,-0.030,0.720,0,0,2731,0,3087,115,3012,2873,44,1.000,1,2235,0,102.619,0.788,-21.250,-93.500,36.563,0.043,0.020,1.063,-0.645,-0.453,0.719,0.098,0.180,1.158,1.365,3,NULL,NULL,,3,1,2,7,255,1403,250,0,0
stim,191889,222010,1,222010,3419334.454,-0.692,0.029,-0.033,0.721,0,0,2713,0,3089,55,3016,2862,44,1.000,1,2235,0,103.672,0.843,-11.938,-96.250,36.625,0.016,0.055,1.043,-0.711,-0.453,0.590,0.108,0.190,1.158,1.365,3,NULL,NULL,,3,1,2,7,255,1403,250,0,0
stim,191889,222010,1,222010,3419339.455,-0.690,0.031,-0.036,0.722,0,0,2695,0,3095,44,3017,2845,44,1.000,1,2235,0,105.538,1.040,-8.125,-99.750,33.500,-0.023,-0.004,1.051,-0.645,-0.816,0.395,0.116,0.202,1.158,1.365,3,NULL,NULL,,3,1,2,7,255,1403,250,0,0
stim,191945,222066,1,222066,3419344.453,-0.689,0.034,-0.039,0.723,0,0,2671,0,3091,2,3022,2837,44,1.000,1,2235,0,104.005,1.205,-2.313,-101.625,22.000,0.012,0.023,1.039,-0.672,-1.000,0.371,0.126,0.214,1.158,1.365,3,NULL,NULL,,3,1,2,7,255,1403,250,0,0
stim,191945,222066,1,222066,3419349.455,-0.688,0.038,-0.042,0.723,0,0,2648,0,3091,0,3028,2825,44,1.000,1,2235,0,106.675,1.167,2.750,-104.688,20.313,0.059,0.012,1.090,-0.602,-1.000,0.395,0.138,0.228,1.158,1.365,3,NULL,NULL,,3,1,2,7,255,1403,250,0,0
stim,191945,222066,1,222066,3419354.454,-0.687,0.041,-0.045,0.724,0,0,2614,0,3093,0,3033,2811,44,1.000,1,2235,0,107.135,0.986,0.813,-104.875,21.875,0.070,0.008,1.180,-0.602,-0.781,0.836,0.148,0.244,1.158,1.365,3,NULL,NULL,,3,1,2,7,255,1403,250,0,0
stim,191945,222066,1,222066,3419359.455,-0.686,0.044,-0.048,0.724,0,0,2591,0,3092,0,3035,2793,44,1.000,1,2235,0,111.904,0.979,-6.125,-108.188,27.938,0.086,0.004,1.238,-0.590,-0.781,1.727,0.160,0.264,1.158,1.365,3,NULL,NULL,,3,1,2,7,255,1403,250,0,0
stim,191945,222066,1,222066,3419364.454,-0.685,0.047,-0.052,0.725,0,0,2547,0,3095,0,3039,2777,44,1.000,1,2235,0,119.688,0.960,-16.688,-111.875,39.125,0.105,-0.012,1.242,-0.559,-0.781,2.313,0.176,0.284,1.158,1.365,3,NULL,NULL,,3,1,2,7,255,1403,250,0,0
stim,191945,222066,1,222066,3419369.455,-0.683,0.049,-0.056,0.727,0,0,2509,0,3095,0,3043,2758,44,1.000,1,2235,0,128.146,0.999,-30.938,-114.375,48.813,0.059,0.016,1.227,-0.559,-0.828,2.313,0.194,0.308,1.158,1.365,3,NULL,NULL,,3,1,2,7,255,1403,250,0,0
stim,191945,222066,1,222066,3419374.453,-0.681,0.052,-0.061,0.728,0,0,2471,0,3095,0,3044,2735,44,1.000,1,2235,0,132.279,1.492,-34.813,-117.938,48.750,0.031,0.035,1.195,-0.695,-1.320,2.148,0.216,0.334,1.158,1.365,3,NULL,NULL,,3,1,2,7,255,1403,250,0,0
stim,191945,222066,1,222066,3419379.455,-0.679,0.055,-0.066,0.729,0,0,2431,0,3095,0,3045,2713,44,1.000,1,2235,0,135.074,1.806,-33.188,-122.375,46.563,0.039,0.012,1.184,-0.711,-1.660,1.758,0.242,0.364,1.158,1.365,3,NULL,NULL,,3,1,2,7,255,1403,250,0,0
stim,191945,222066,1,222066,3419384.454,-0.677,0.057,-0.070,0.730,0,0,2391,0,3093,2,3047,2695,44,1.000,1,2235,0,140.845,1.828,-38.500,-127.500,45.813,0.000,-0.004,1.207,-0.711,-1.684,1.758,0.270,0.398,1.158,1.365,3,NULL,NULL,,3,1,2,7,255,1403,250,0,0
stim,191945,222066,1,222066,3419389.455,-0.676,0.060,-0.076,0.731,0,0,2341,0,3083,6,3039,2671,44,1.000,1,2235,0,144.789,2.254,-43.563,-131.438,42.313,0.012,-0.043,1.203,-0.559,-2.184,1.809,0.306,0.434,1.158,1.365,3,NULL,NULL,,3,1,2,7,255,1403,250,0,0
stim,191945,222066,1,222066,3419394.453,-0.674,0.062,-0.081,0.732,0,0,2283,0,3083,21,3041,2643,44,1.000,1,2235,0,145.999,2.230,-40.375,-134.813,38.875,-0.059,-0.082,1.160,-0.219,-2.219,1.809,0.342,0.476,1.158,1.365,3,NULL,NULL,,3,1,2,7,255,1403,250,0,0
stim,191945,222066,1,222066,3419399.455,-0.673,0.066,-0.086,0.732,0,0,2221,0,3087,29,3045,2605,44,1.000,1,2235,0,144.560,2.869,-23.313,-140.750,23.313,-0.168,-0.098,1.121,0.188,-2.863,1.242,0.384,0.518,1.158,1.365,3,NULL,NULL,,3,1,2,7,255,1403,250,0,0
stim,191974,222095,1,222095,3419404.454,-0.672,0.071,-0.090,0.732,0,0,2155,0,3087,30,3039,2583,44,1.000,1,2235,0,147.233,3.961,-10.250,-146.688,-7.438,-0.152,-0.047,1.238,0.188,-3.957,1.242,0.432,0.568,1.158,1.365,3,NULL,NULL,,3,1,2,7,255,1403,250,0,0
stim,191974,222095,1,222095,3419409.455,-0.672,0.075,-0.095,0.731,0,0,2083,0,3079,42,3036,2535,44,1.000,1,2235,0,152.755,3.958,-20.000,-150.188,-19.438,0.051,-0.059,1.387,-0.102,-3.957,1.699,0.482,0.620,1.158,1.365,3,NULL,NULL,,3,1,2,7,255,1403,250,0,0
stim,191974,222095,1,222095,3419414.453,-0.671,0.079,-0.101,0.730,0,0,2003,0,3078,53,3030,2487,44,1.000,1,2235,0,161.583,3.298,-33.250,-158.125,-0.375,0.035,-0.031,1.438,-0.242,-3.289,3.496,0.534,0.674,1.158,1.365,3,NULL,NULL,,3,1,2,7,255,1403,250,0,0
stim,191974,222095,1,222095,3419419.455,-0.670,0.083,-0.107,0.730,0,0,1925,0,3061,60,3019,2439,44,1.000,1,2235,0,171.177,3.332,-39.063,-166.625,3.438,-0.137,0.012,1.410,-0.531,-3.289,3.496,0.588,0.730,1.158,1.365,3,NULL,NULL,,3,1,2,7,255,1403,250,0,0
stim,191974,222095,1,222095,3419424.454,-0.670,0.087,-0.113,0.728,0,0,1839,0,3059,63,3000,2393,44,1.000,1,2235,0,182.290,5.130,-48.875,-175.125,-13.125,-0.195,0.059,1.492,-0.832,-5.063,3.633,0.648,0.792,1.158,1.365,3,NULL,NULL,,3,1,2,7,255,1403,250,0,0
stim,191974,222095,1,222095,3419429.455,-0.670,0.091,-0.121,0.727,0,0,1747,0,3053,70,3005,2349,44,1.000,1,2235,0,196.173,5.529,-58.375,-185.750,-23.938,-0.109,0.023,1.477,-1.082,-5.422,3.633,0.710,0.856,1.158,1.365,3,NULL,NULL,,3,1,2,7,255,1403,250,0,0
stim,192006,222127,1,222127,3419434.454,-0.670,0.096,-0.128,0.725,0,0,1649,0,3035,78,2968,2296,44,1.000,1,2235,0,207.783,5.743,-65.250,-195.875,-23.438,-0.102,0.004,1.500,-1.082,-5.641,3.633,0.778,0.924,1.158,1.365,3,NULL,NULL,,3,1,2,7,255,1403,250,0,0
stim,192006,222127,1,222127,3419439.455,-0.669,0.100,-0.137,0.724,0,0,1557,0,3025,83,2943,2251,44,1.000,1,2235,0,221.263,5.727,-64.688,-210.813,-18.188,-0.148,-0.090,1.465,-0.992,-5.641,3.633,0.848,0.996,1.158,1.365,3,NULL,NULL,,3,1,2,7,255,1403,250,0,0
stim,192006,222127,1,222127,3419444.453,-0.668,0.106,-0.144,0.722,0,0,1480,0,3008,88,2913,2203,44,1.000,1,2235,0,227.561,5.641,-39.938,-224.000,-3.625,-0.102,-0.188,1.348,-0.094,-5.641,3.301,0.918,1.068,1.158,1.365,3,NULL,NULL,,3,1,2,7,255,1403,250,0,0
stim,192006,222127,1,222127,3419449.455,-0.666,0.113,-0.152,0.721,0,0,1397,0,2991,93,2869,2165,44,1.000,1,2235,0,240.162,6.149,-33.500,-237.688,-7.750,-0.277,0.051,1.676,-0.094,-6.148,3.301,0.986,1.138,1.158,1.365,3,NULL,NULL,,3,1,2,7,255,1403,250,0,0
stim,192045,222166,1,222166,3419454.454,-0.665,0.120,-0.161,0.719,0,0,1317,0,2975,95,2823,2139,44,1.000,1,2235,0,258.487,8.834,-46.500,-253.188,-23.438,-0.266,0.039,1.777,-1.516,-8.703,4.367,1.052,1.206,1.158,1.365,3,NULL,NULL,,3,1,2,7,255,1403,250,0,0
stim,192045,222166,1,222166,3419459.455,-0.664,0.127,-0.171,0.717,0,0,1241,0,2894,102,2757,2123,44,1.000,1,2235,0,277.863,8.834,-55.375,-270.625,-30.063,-0.121,-0.098,1.742,-1.516,-8.703,5.145,1.112,1.268,1.158,1.365,3,NULL,NULL,,3,1,2,7,255,1403,250,0,0
stim,192045,222166,1,222166,3419464.454,-0.663,0.134,-0.181,0.714,0,0,1172,0,2917,106,2669,2092,44,1.000,1,2235,0,295.648,8.152,-49.563,-291.000,-16.438,-0.051,-0.113,1.781,-0.352,-8.145,5.285,1.170,1.328,1.158,1.365,3,NULL,NULL,,3,1,2,7,255,1403,250,0,0
stim,192045,222166,1,222166,3419469.455,-0.660,0.143,-0.190,0.712,0,0,1083,0,2875,103,2565,2037,44,1.000,1,2235,0,309.718,8.152,-30.250,-308.125,-8.313,-0.043,-0.066,1.805,-0.352,-8.145,5.688,1.228,1.388,1.158,1.365,3,NULL,NULL,,3,1,2,7,255,1403,250,0,0
stim,192045,222166,1,222166,3419474.454,-0.658,0.153,-0.199,0.710,0,0,985,0,2824,91,2438,1975,44,1.000,1,2235,0,320.503,8.604,5.125,-320.188,-13.250,-0.063,0.016,2.125,-0.801,-8.566,5.734,1.286,1.448,1.158,1.365,3,NULL,NULL,,3,1,2,7,255,1403,250,0,0
stim,192045,222166,1,222166,3419479.455,-0.655,0.164,-0.208,0.708,0,0,919,0,2765,63,2315,1877,44,1.000,1,2235,0,327.403,10.842,21.313,-326.188,-18.438,-0.059,0.152,2.633,-1.777,-10.695,8.020,1.350,1.514,1.158,1.365,3,NULL,NULL,,3,1,2,7,255,1403,250,0,0
stim,192045,222166,1,222166,3419484.453,-0.652,0.174,-0.218,0.705,0,0,837,0,2685,59,2173,1773,44,1.000,1,2235,0,331.578,14.200,-4.938,-331.313,-12.313,-0.039,0.469,2.941,-3.359,-13.797,11.867,1.416,1.580,1.158,1.365,3,NULL,NULL,,3,1,2,7,255,1403,250,0,0
stim,192045,222166,1,222166,3419489.455,-0.649,0.183,-0.229,0.702,0,0,711,0,2600,43,1990,1661,44,1.000,1,2235,0,344.628,17.284,-65.188,-338.125,-13.813,-0.078,0.691,2.898,-6.613,-15.969,12.492,1.482,1.648,1.158,1.365,3,NULL,NULL,,3,1,2,7,255,1403,250,0,0
stim,192063,222184,1,222184,3419494.453,-0.647,0.190,-0.243,0.698,0,0,631,0,2485,7,1774,1553,44,1.000,1,2235,0,366.824,17.453,-116.438,-347.125,-22.500,-0.168,0.512,2.531,-6.883,-16.039,12.492,1.542,1.710,1.158,1.365,3,NULL,NULL,,3,1,2,7,255,1403,250,0,0
stim,192063,222184,1,222184,3419499.455,-0.644,0.198,-0.256,0.693,0,0,494,0,2357,0,1516,1397,44,1.000,1,2235,0,376.525,17.453,-117.375,-357.063,-22.375,-0.063,-0.004,2.047,-6.883,-16.039,8.703,1.600,1.766,1.158,1.365,3,NULL,NULL,,3,1,2,7,255,1403,250,0,0
stim,192063,222184,0,222184,3419504.454,-0.641,0.207,-0.269,0.688,0,0,359,0,2173,0,1177,1229,44,1.000,1,2235,0,387.726,12.893,-86.063,-377.625,-18.000,-0.098,-0.098,1.766,-1.727,-12.777,5.633,1.654,1.820,1.158,1.365,3,NULL,NULL,,3,0,2,7,255,1404,250,0,0
stim,192063,222184,0,222184,3419509.455,-0.638,0.217,-0.281,0.684,0,0,263,0,1959,0,799,1053,44,1.000,1,2235,0,385.964,11.919,-49.438,-380.938,-37.563,0.109,0.043,1.758,-1.727,-11.793,3.680,1.708,1.874,1.158,1.365,3,NULL,NULL,,3,0,2,7,255,1404,250,0,0
stim,192063,222184,0,222184,3419514.453,-0.633,0.228,-0.292,0.679,0,0,228,0,1727,0,375,896,44,1.000,1,2235,0,389.711,10.878,-20.875,-388.188,-27.375,0.285,0.105,1.797,-2.184,-10.656,3.680,1.766,1.932,1.158,1.365,3,NULL,NULL,,3,0,2,7,255,1404,250,0,0
stim,192063,222184,0,222184,3419519.455,-0.628,0.240,-0.304,0.675,0,0,167,0,1397,0,107,715,44,1.000,1,2235,0,394.139,11.061,-9.688,-394.000,3.938,0.250,0.246,1.898,-2.965,-10.656,4.590,1.828,1.996,1.158,1.365,3,NULL,NULL,,3,0,2,7,255,1404,250,0,0
stim,192094,222215,0,222215,3419524.454,-0.622,0.250,-0.315,0.672,0,0,136,0,1045,0,0,555,44,1.000,1,2235,0,389.518,12.369,-14.688,-388.688,20.750,0.055,0.367,2.027,-4.363,-11.574,4.590,1.892,2.060,1.158,1.365,3,NULL,NULL,,3,0,2,7,255,1404,250,0,0
stim,192094,222215,0,222215,3419529.455,-0.615,0.260,-0.327,0.669,0,0,115,0,587,0,0,416,44,1.000,1,2235,0,388.691,15.055,-24.438,-386.063,37.938,-0.219,0.301,2.234,-4.645,-14.320,3.488,1.954,2.124,1.158,1.365,3,NULL,NULL,,3,0,2,7,255,1404,250,0,0
stim,192094,222215,0,222215,3419534.453,-0.608,0.268,-0.340,0.666,0,0,107,0,250,0,0,327,44,1.000,1,2235,0,408.532,18.661,-60.750,-396.438,77.750,-0.449,0.227,2.313,-4.645,-18.074,2.363,1.998,2.168,1.158,1.365,3,NULL,NULL,,3,0,2,7,255,1404,250,0,0
stim,192094,222215,0,222215,3419539.455,-0.599,0.275,-0.355,0.663,0,0,85,0,0,0,0,203,44,1.000,1,2235,0,441.176,20.810,-109.875,-409.375,122.375,-0.742,0.250,2.086,-3.734,-20.473,0.555,2.028,2.200,1.158,1.365,3,NULL,NULL,,3,0,2,7,255,1404,250,0,0
stim,192094,222215,0,222215,3419544.454,-0.589,0.281,-0.372,0.659,0,0,28,0,0,0,0,89,44,1.000,1,2235,0,467.722,20.810,-142.375,-422.688,140.813,-0.973,0.617,1.734,-3.734,-20.473,-3.836,2.050,2.222,1.158,1.365,3,NULL,NULL,,3,0,2,7,255,1404,250,0,0
stim,192094,222215,0,222215,3419549.455,-0.581,0.287,-0.389,0.655,0,0,27,0,0,0,0,0,44,1.000,1,2235,0,470.830,20.486,-159.375,-428.250,113.500,-0.930,0.938,1.422,-6.340,-19.480,-9.078,2.060,2.234,1.158,1.365,4,NULL,NULL,,3,0,2,7,255,1404,250,0,0
stim,192142,222263,0,222263,3419554.453,-0.573,0.293,-0.406,0.649,0,0,26,0,0,0,0,0,44,1.000,1,2235,0,456.619,18.999,-167.563,-418.563,72.313,-0.613,1.387,1.316,-9.125,-16.664,-11.324,2.066,2.242,1.158,1.365,0,NULL,NULL,,3,0,2,7,255,1404,250,0,0
stim,192142,222263,0,222263,3419559.455,-0.567,0.299,-0.422,0.641,0,0,27,0,0,0,0,6,44,1.000,1,2235,0,455.576,19.725,-203.813,-405.375,41.000,-0.117,1.516,1.266,-13.840,-14.055,-11.324,2.072,2.248,1.158,1.365,0,NULL,NULL,,3,0,2,7,255,1404,250,0,0
stim,192142,222263,0,222263,3419564.454,-0.563,0.302,-0.438,0.632,0,0,27,0,0,0,0,23,44,1.000,1,2235,0,443.715,17.759,-260.375,-359.125,10.813,0.379,0.965,1.211,-13.840,-11.129,-8.320,2.076,2.254,1.158,1.365,0,NULL,NULL,,3,0,2,7,255,1404,250,0,0
stim,192142,222263,0,222263,3419569.455,-0.560,0.302,-0.454,0.624,0,0,31,0,0,0,0,69,44,1.000,1,2235,0,418.209,14.471,-287.875,-301.125,36.750,0.262,0.031,0.918,-11.680,-8.543,-4.035,2.082,2.260,1.158,1.365,0,NULL,NULL,,3,0,2,7,255,1404,250,0,0
stim,192142,222263,0,222263,3419574.454,-0.555,0.301,-0.469,0.617,0,0,37,0,0,0,0,76,44,1.000,1,2235,0,384.126,8.293,-266.625,-262.438,87.125,-0.176,0.035,0.809,-2.324,-7.961,-4.035,2.092,2.272,1.158,1.365,0,NULL,NULL,,3,0,2,7,255,1404,250,0,0
stim,192142,222263,0,222263,3419579.455,-0.552,0.299,-0.482,0.611,0,0,39,0,0,0,0,91,44,1.000,1,2235,0,330.735,8.293,-240.688,-219.688,56.500,-0.527,0.289,0.848,-2.324,-7.961,-8.488,2.106,2.286,1.158,1.365,0,NULL,NULL,,3,0,2,7,255,1404,250,0,0
stim,192164,222285,0,222285,3419584.453,-0.552,0.298,-0.492,0.604,0,0,37,0,0,0,0,145,44,1.000,1,2235,0,287.459,9.211,-231.063,-170.938,-4.813,-0.363,0.184,0.844,-2.793,-8.777,-10.785,2.122,2.306,1.158,1.365,0,NULL,NULL,,3,0,2,7,255,1404,250,0,0
stim,192164,222285,0,222285,3419589.455,-0.553,0.296,-0.501,0.597,0,0,31,0,0,0,0,172,44,1.000,1,2235,0,268.902,9.261,-241.938,-115.938,-18.250,-0.055,0.176,0.590,-2.953,-8.777,-10.785,2.150,2.334,1.158,1.365,0,NULL,NULL,,3,0,2,7,255,1404,250,0,0
stim,192164,222285,0,222285,3419594.454,-0.555,0.291,-0.509,0.591,0,0,30,0,0,0,0,165,44,1.000,1,2235,0,252.642,6.099,-246.750,-54.063,4.438,0.141,0.254,0.258,-2.953,-5.336,-8.980,2.182,2.368,1.158,1.365,0,NULL,NULL,,3,0,2,7,255,1404,250,0,0
stim,192164,222285,0,222285,3419599.455,-0.557,0.284,-0.515,0.586,0,0,29,0,0,0,0,170,44,1.000,1,2235,0,244.029,3.696,-241.625,8.625,33.063,0.152,0.430,-0.059,-3.387,-1.480,-8.980,2.218,2.408,1.158,1.365,0,NULL,NULL,,3,0,2,7,255,1404,250,0,0
stim,192164,222285,0,222285,3419604.453,-0.560,0.276,-0.519,0.584,0,0,30,0,0,0,0,165,44,1.000,1,2235,0,228.843,4.246,-212.000,71.938,47.438,0.117,0.500,-0.375,-3.863,1.762,-9.879,2.262,2.452,1.158,1.365,0,NULL,NULL,,3,0,2,7,255,1404,250,0,0
stim,192164,222285,0,222285,3419609.455,-0.563,0.269,-0.520,0.583,0,0,28,0,0,0,0,127,44,1.000,1,2235,0,193.053,6.065,-144.125,117.938,50.875,0.051,0.414,-0.664,-3.863,4.676,-11.379,2.310,2.504,1.158,1.365,0,NULL,NULL,,3,0,2,7,255,1404,250,0,0
stim,192185,222306,0,222306,3419614.454,-0.566,0.262,-0.519,0.585,0,0,23,0,0,0,0,119,44,1.000,1,2235,0,177.452,5.805,-62.125,155.375,59.063,0.043,0.180,-0.566,-2.000,5.449,-11.758,2.362,2.556,1.158,1.365,0,NULL,NULL,,3,0,2,7,255,1404,250,0,0
stim,192185,222306,0,222306,3419619.455,-0.569,0.255,-0.515,0.588,0,0,27,0,0,0,0,89,44,1.000,1,2235,0,201.767,5.450,-16.375,185.438,77.813,0.020,0.059,-0.336,-0.078,5.449,-11.758,2.414,2.610,1.158,1.365,0,NULL,NULL,,3,0,2,7,255,1404,250,0,0
stim,192185,222306,0,222306,3419624.454,-0.571,0.248,-0.511,0.593,0,0,22,0,0,0,0,87,44,1.000,1,2235,0,232.126,3.072,2.438,211.500,95.625,-0.082,0.063,-0.242,0.289,3.059,-11.539,2.466,2.664,1.158,1.365,0,NULL,NULL,,3,0,2,7,255,1404,250,0,0
stim,192185,222306,0,222306,3419629.455,-0.574,0.240,-0.505,0.598,0,0,23,0,0,0,0,83,44,1.000,1,2235,0,255.497,2.048,24.625,230.875,106.625,-0.113,0.156,-0.266,0.289,2.027,-11.539,2.518,2.716,1.158,1.365,0,NULL,NULL,,3,0,2,7,255,1404,250,0,0
stim,192185,222306,0,222306,3419634.453,-0.575,0.232,-0.499,0.605,0,0,20,0,0,0,0,71,44,1.000,1,2235,0,282.308,1.876,60.813,246.250,123.938,-0.156,0.289,-0.246,-0.387,1.836,-12.254,2.564,2.764,1.158,1.365,0,NULL,NULL,,3,0,2,7,255,1404,250,0,0
stim,192185,222306,0,222306,3419639.455,-0.577,0.225,-0.491,0.613,0,0,19,0,0,0,0,51,44,1.000,1,2235,0,307.705,2.406,95.500,260.938,132.188,-0.273,0.273,-0.105,-1.555,1.836,-13.027,2.608,2.810,1.158,1.365,0,NULL,NULL,,3,0,2,7,255,1404,250,0,0
stim,192243,222364,0,222364,3419644.454,-0.578,0.218,-0.482,0.621,0,0,17,0,0,0,0,45,44,1.000,1,2235,0,325.009,1.613,116.438,271.750,135.000,-0.324,0.316,0.070,-1.613,-0.008,-13.273,2.644,2.848,1.158,1.365,0,NULL,NULL,,3,0,2,7,255,1404,250,0,0
stim,192243,222364,0,222364,3419649.455,-0.579,0.210,-0.472,0.630,0,0,18,0,0,0,0,41,44,1.000,1,2235,0,340.868,2.954,127.500,282.938,141.000,-0.402,0.293,0.195,-2.371,-1.762,-13.273,2.678,2.882,1.158,1.365,0,NULL,NULL,,3,0,2,7,255,1404,250,0,0
stim,192243,222364,0,222364,3419654.453,-0.581,0.203,-0.462,0.639,0,0,19,0,0,0,0,37,44,1.000,1,2235,0,348.094,4.099,135.500,290.250,136.250,-0.477,0.254,0.285,-2.371,-3.344,-13.203,2.708,2.914,1.158,1.365,0,NULL,NULL,,3,0,2,7,255,1404,250,0,0
stim,192243,222364,0,222364,3419659.455,-0.582,0.196,-0.452,0.647,0,0,12,0,0,0,0,39,44,1.000,1,2235,0,356.394,5.077,145.875,297.563,131.125,-0.535,0.250,0.344,-2.102,-4.621,-13.129,2.738,2.944,1.158,1.365,0,NULL,NULL,,3,0,2,7,255,1404,250,0,0
stim,192243,222364,0,222364,3419664.454,-0.584,0.189,-0.440,0.655,0,0,16,0,0,0,0,37,44,1.000,1,2235,0,359.685,5.921,150.938,304.750,117.125,-0.531,0.227,0.465,-2.102,-5.535,-13.113,2.766,2.974,1.158,1.365,0,NULL,NULL,,3,0,2,7,255,1404,250,0,0
stim,192243,222364,0,222364,3419669.455,-0.586,0.182,-0.429,0.663,0,0,16,0,0,0,0,31,44,1.000,1,2235,0,361.747,6.896,146.938,314.063,103.125,-0.527,0.172,0.563,-2.059,-6.582,-12.203,2.794,3.002,1.158,1.365,0,NULL,NULL,,3,0,2,7,255,1404,250,0,0
stim,192243,222364,0,222364,3419674.453,-0.589,0.175,-0.417,0.670,0,0,17,0,0,0,0,36,44,1.000,1,2235,0,363.954,7.734,139.875,325.188,84.563,-0.539,0.203,0.648,-2.176,-7.422,-11.246,2.818,3.028,1.158,1.365,0,NULL,NULL,,3,0,2,7,255,1404,250,0,0
stim,192243,222364,0,222364,3419679.455,-0.592,0.167,-0.405,0.677,0,0,21,0,0,0,0,41,44,1.000,1,2235,0,366.502,8.512,138.625,332.313,68.375,-0.598,0.148,0.836,-2.313,-8.191,-10.695,2.840,3.050,1.158,1.365,0,NULL,NULL,,3,0,2,7,255,1404,250,0,0
stim,192243,222364,0,222364,3419684.454,-0.596,0.160,-0.392,0.682,0,0,22,0,0,0,0,67,44,1.000,1,2235,0,365.375,10.259,127.188,340.000,41.500,-0.574,0.289,1.074,-2.453,-9.961,-9.512,2.858,3.070,1.158,1.365,0,NULL,NULL,,3,0,2,7,255,1404,250,0,0
stim,192243,222364,0,222364,3419689.455,-0.601,0.152,-0.380,0.686,0,0,22,0,0,0,0,73,44,1.000,1,2235,0,359.100,12.229,100.750,343.938,22.563,-0.543,0.270,1.230,-4.309,-11.445,-8.059,2.874,3.086,1.158,1.365,0,NULL,NULL,,3,0,2,7,255,1404,250,0,0
stim,192243,222364,0,222364,3419694.453,-0.606,0.144,-0.369,0.690,0,0,21,0,0,0,0,76,44,1.000,1,2235,0,354.582,13.089,68.313,347.938,1.063,-0.496,0.250,1.359,-4.672,-12.227,-6.414,2.890,3.104,1.158,1.365,0,NULL,NULL,,3,0,2,7,255,1404,250,0,0
stim,192243,222364,0,222364,3419699.455,-0.612,0.134,-0.359,0.692,0,0,24,0,0,0,0,87,44,1.000,1,2235,0,350.292,13.089,25.000,349.313,-7.750,-0.461,0.105,1.281,-4.672,-12.227,-4.824,2.906,3.120,1.158,1.365,0,NULL,NULL,,3,0,2,7,255,1404,250,0,0
stim,192273,222394,0,222394,3419704.454,-0.619,0.124,-0.349,0.693,0,0,22,0,0,0,0,98,44,1.000,1,2235,0,353.942,12.324,-0.125,352.813,-28.250,-0.398,0.148,1.133,-3.863,-11.703,-4.734,2.924,3.138,1.158,1.365,0,NULL,NULL,,3,0,2,7,255,1404,250,0,0
stim,192273,222394,0,222394,3419709.455,-0.626,0.114,-0.340,0.693,0,0,13,0,0,0,0,117,44,1.000,1,2235,0,359.234,10.763,-10.688,356.625,-41.875,-0.355,0.176,0.922,-3.715,-10.102,-4.734,2.942,3.158,1.158,1.365,0,NULL,NULL,,3,0,2,7,255,1404,250,0,0
stim,192273,222394,0,222394,3419714.454,-0.633,0.104,-0.330,0.692,0,0,19,0,0,0,0,135,44,1.000,1,2235,0,366.234,9.152,-7.438,361.813,-56.250,-0.184,0.195,0.789,-3.863,-8.297,-5.672,2.964,3.180,1.158,1.365,0,NULL,NULL,,3,0,2,7,255,1404,250,0,0
stim,192273,222394,0,222394,3419719.455,-0.641,0.094,-0.319,0.692,0,0,11,0,0,0,0,135,44,1.000,1,2235,0,373.109,7.040,6.438,367.813,-62.313,-0.098,0.035,0.715,-3.715,-5.980,-5.672,2.988,3.204,1.158,1.365,0,NULL,NULL,,3,0,2,7,255,1404,250,0,0
stim,192273,222394,0,222394,3419724.454,-0.648,0.084,-0.308,0.692,0,0,11,0,0,0,0,137,44,1.000,1,2235,0,377.299,5.346,16.313,372.875,-55.250,-0.016,0.039,0.602,-2.406,-4.773,-5.395,3.012,3.230,1.158,1.365,0,NULL,NULL,,3,0,2,7,255,1404,250,0,0
stim,192273,222394,0,222394,3419729.455,-0.655,0.075,-0.296,0.692,0,0,9,0,0,0,0,139,44,1.000,1,2235,0,382.038,3.993,43.438,374.938,-59.063,0.086,-0.094,0.484,-2.246,-3.301,-5.285,3.038,3.256,1.158,1.365,0,NULL,NULL,,3,0,2,7,255,1404,250,0,0
stim,192303,222424,0,222424,3419734.454,-0.661,0.067,-0.282,0.692,0,0,7,0,0,0,0,154,44,1.000,1,2235,0,386.511,1.963,82.625,374.375,-49.063,0.160,-0.141,0.445,-0.809,-1.789,-5.285,3.064,3.282,1.158,1.365,0,NULL,NULL,,3,0,2,7,255,1404,250,0,0
stim,192303,222424,0,222424,3419739.455,-0.666,0.060,-0.267,0.693,0,0,11,0,0,0,0,159,44,1.000,1,2235,0,391.315,1.171,118.875,371.375,-32.813,0.164,-0.070,0.438,-0.809,-0.848,-5.273,3.088,3.306,1.158,1.365,0,NULL,NULL,,3,0,2,7,255,1404,250,0,0
stim,192303,222424,0,222424,3419744.453,-0.671,0.053,-0.252,0.695,0,0,9,0,0,0,0,154,44,1.000,1,2235,0,401.141,1.247,160.313,367.188,-19.688,0.113,-0.039,0.512,-0.914,-0.848,-5.035,3.110,3.330,1.158,1.365,0,NULL,NULL,,3,0,2,7,255,1404,250,0,0
stim,192303,222424,0,222424,3419749.455,-0.675,0.048,-0.235,0.697,0,0,11,0,0,0,0,154,44,1.000,1,2235,0,412.533,1.745,195.125,363.125,-15.813,0.059,0.023,0.664,-1.289,-1.176,-4.930,3.130,3.350,1.158,1.365,0,NULL,NULL,,3,0,2,7,255,1404,250,0,0
stim,192340,222461,0,222461,3419754.454,-0.679,0.044,-0.218,0.700,0,0,9,0,0,0,0,155,44,1.000,1,2235,0,421.031,2.998,221.313,358.125,-5.875,0.008,0.031,0.832,-2.164,-2.074,-3.941,3.146,3.366,1.158,1.365,0,NULL,NULL,,3,0,2,7,255,1404,250,0,0
stim,192340,222461,0,222461,3419759.455,-0.682,0.041,-0.200,0.702,0,0,9,0,0,0,0,151,44,1.000,1,2235,0,428.214,3.885,240.938,354.000,0.375,-0.055,0.094,1.035,-2.543,-2.938,-2.566,3.158,3.378,1.158,1.365,0,NULL,NULL,,3,0,2,7,255,1404,250,0,0
stim,192340,222461,0,222461,3419764.454,-0.685,0.038,-0.182,0.704,0,0,6,0,0,0,0,151,44,1.000,1,2235,0,430.460,5.225,251.375,349.375,-6.625,-0.102,0.125,1.262,-3.426,-3.945,-0.992,3.166,3.386,1.158,1.365,0,NULL,NULL,,3,0,2,7,255,1404,250,0,0
stim,192340,222461,0,222461,3419769.455,-0.688,0.035,-0.164,0.706,0,0,9,0,0,0,0,148,44,1.000,1,2235,0,426.249,6.249,254.000,342.250,-6.125,-0.152,0.121,1.504,-4.023,-4.781,1.043,3.170,3.392,1.158,1.365,0,NULL,NULL,,3,0,2,7,255,1404,250,0,0
stim,192340,222461,0,222461,3419774.454,-0.690,0.032,-0.146,0.708,0,0,8,0,0,0,0,147,44,1.000,1,2235,0,415.736,6.999,244.563,336.063,-9.375,-0.199,0.199,1.746,-4.227,-5.578,3.348,3.168,3.390,1.158,1.365,0,NULL,NULL,,3,0,2,7,255,1404,250,0,0
stim,192340,222461,0,222461,3419779.455,-0.693,0.029,-0.129,0.709,0,0,9,0,0,0,0,152,44,1.000,1,2235,0,398.842,7.912,221.938,330.500,-24.250,-0.188,0.234,1.922,-5.121,-6.031,5.574,3.164,3.386,1.158,1.365,0,NULL,NULL,,3,0,2,7,255,1404,250,0,0
stim,192340,222461,0,222461,3419784.453,-0.696,0.025,-0.113,0.709,0,0,10,0,0,0,0,157,44,1.000,1,2235,0,378.164,7.912,191.875,324.375,-31.188,-0.125,0.176,1.996,-5.121,-6.031,7.488,3.156,3.378,1.158,1.365,0,NULL,NULL,,3,0,2,7,255,1404,250,0,0
stim,192340,222461,0,222461,3419789.455,-0.698,0.020,-0.099,0.709,0,0,9,0,0,0,0,179,44,1.000,1,2235,0,359.004,6.964,161.625,319.000,-31.625,-0.094,0.152,1.984,-4.773,-5.070,8.648,3.140,3.362,1.158,1.365,0,NULL,NULL,,3,0,2,7,255,1404,250,0,0
stim,192340,222461,0,222461,3419794.453,-0.701,0.015,-0.085,0.708,0,0,11,0,0,0,0,187,44,1.000,1,2235,0,344.635,6.022,136.375,314.313,-37.188,-0.063,0.129,1.914,-4.293,-4.223,8.648,3.118,3.340,1.158,1.365,0,NULL,NULL,,3,0,2,7,255,1404,250,0,0
stim,192340,222461,0,222461,3419799.455,-0.704,0.009,-0.072,0.707,0,0,10,0,0,0,0,185,44,1.000,1,2235,0,334.463,4.985,120.188,309.500,-40.375,-0.004,0.051,1.813,-3.746,-3.289,8.348,3.090,3.312,1.158,1.365,0,NULL,NULL,,3,0,2,7,255,1404,250,0,0
stim,192370,222491,0,222491,3419804.453,-0.706,0.003,-0.059,0.706,0,0,11,0,0,0,0,191,44,1.000,1,2235,0,326.580,3.417,110.000,305.125,-38.125,0.051,0.023,1.715,-2.703,-2.090,7.648,3.056,3.276,1.158,1.365,0,NULL,NULL,,3,0,2,7,255,1404,250,0,0
stim,192370,222491,0,222491,3419809.455,-0.708,-0.003,-0.046,0.705,0,0,13,0,0,0,0,211,44,1.000,1,2235,0,321.861,2.369,106.125,301.563,-37.313,0.113,0.012,1.625,-2.141,-1.016,6.840,3.012,3.232,1.158,1.365,0,NULL,NULL,,3,0,2,7,255,1404,250,0,0
stim,192370,222491,0,222491,3419814.453,-0.710,-0.008,-0.033,0.704,0,0,11,0,0,0,0,215,44,1.000,1,2235,0,319.432,1.783,112.000,297.438,-32.000,0.148,-0.051,1.574,-1.781,0.074,6.055,2.964,3.182,1.158,1.365,0,NULL,NULL,,3,0,2,7,255,1404,250,0,0
stim,192370,222491,0,222491,3419819.455,-0.711,-0.013,-0.021,0.703,0,0,10,0,0,0,0,213,44,1.000,1,2235,0,317.733,1.454,121.500,292.688,-22.938,0.137,-0.012,1.613,-1.188,0.840,5.992,2.912,3.130,1.158,1.365,0,NULL,NULL,,3,0,2,7,255,1404,250,0,0
stim,192393,222514,0,222514,3419824.454,-0.712,-0.018,-0.008,0.702,0,0,12,0,0,0,0,213,44,1.000,1,2235,0,314.635,1.641,123.813,288.750,-17.000,0.113,0.027,1.668,-1.188,1.133,5.992,2.856,3.074,1.158,1.365,0,NULL,NULL,,3,0,2,7,255,1404,250,0,0
stim,192393,222514,0,222514,3419829.455,-0.713,-0.023,0.005,0.701,0,0,11,0,0,0,0,209,44,1.000,1,2235,0,310.713,1.867,125.375,284.063,-11.500,0.113,0.035,1.680,-1.320,1.320,6.469,2.796,3.012,1.158,1.365,0,NULL,NULL,,3,0,2,7,255,1404,250,0,0
stim,192393,222514,0,222514,3419834.453,-0.713,-0.027,0.018,0.700,0,0,17,0,0,0,0,206,44,1.000,1,2235,0,308.401,2.167,132.938,278.250,-3.938,0.109,0.043,1.727,-1.320,1.719,6.543,2.734,2.948,1.158,1.365,0,NULL,NULL,,3,0,2,7,255,1404,250,0,0
stim,192393,222514,0,222514,3419839.455,-0.714,-0.031,0.030,0.699,0,0,8,0,0,0,0,205,44,1.000,1,2235,0,306.131,2.469,138.625,272.938,2.063,0.074,0.094,1.832,-1.320,2.086,6.965,2.670,2.882,1.158,1.365,0,NULL,NULL,,3,0,2,7,255,1404,250,0,0
stim,192393,222514,0,222514,3419844.454,-0.713,-0.034,0.043,0.699,0,0,10,0,0,0,0,210,44,1.000,1,2235,0,302.935,2.731,139.125,269.063,4.375,0.059,0.133,1.957,-1.559,2.242,7.977,2.604,2.814,1.158,1.365,0,NULL,NULL,,3,0,2,7,255,1404,250,0,0
stim,192393,222514,0,222514,3419849.455,-0.713,-0.038,0.055,0.698,0,0,11,0,0,0,0,203,44,1.000,1,2235,0,299.969,3.066,135.813,267.438,3.688,0.094,0.125,2.055,-1.559,2.641,9.148,2.536,2.744,1.158,1.365,0,NULL,NULL,,3,0,2,7,255,1404,250,0,0
stim,192447,222568,0,222568,3419854.453,-0.713,-0.042,0.067,0.697,0,0,12,0,0,0,0,207,44,1.000,1,2235,0,298.262,3.823,130.688,268.063,4.875,0.172,0.117,2.129,-1.387,3.563,10.008,2.466,2.672,1.158,1.365,0,NULL,NULL,,3,0,2,7,255,1404,250,0,0
stim,192447,222568,0,222568,3419859.455,-0.712,-0.046,0.080,0.696,0,0,16,0,0,0,0,213,44,1.000,1,2235,0,298.071,5.005,123.375,271.188,9.063,0.254,0.148,2.148,-1.117,4.879,10.477,2.394,2.598,1.158,1.365,0,NULL,NULL,,3,0,2,7,255,1404,250,0,0
stim,192447,222568,0,222568,3419864.454,-0.711,-0.051,0.092,0.695,0,0,9,0,0,0,0,228,44,1.000,1,2235,0,300.754,6.257,119.563,275.563,14.938,0.340,0.160,2.125,-1.074,6.164,10.477,2.322,2.524,1.158,1.365,0,NULL,NULL,,3,0,2,7,255,1404,250,0,0
stim,192447,222568,0,222568,3419869.455,-0.710,-0.056,0.104,0.694,0,0,7,0,0,0,0,231,44,1.000,1,2235,0,307.176,7.484,121.625,281.188,22.313,0.430,0.164,2.102,-0.988,7.418,9.941,2.248,2.448,1.158,1.365,0,NULL,NULL,,3,0,2,7,255,1404,250,0,0
stim,192447,222568,0,222568,3419874.453,-0.708,-0.060,0.117,0.694,0,0,10,0,0,0,0,227,44,1.000,1,2235,0,315.182,8.775,126.500,286.938,31.688,0.520,0.207,2.102,-0.988,8.719,9.348,2.172,2.370,1.158,1.365,0,NULL,NULL,,3,0,2,7,255,1404,250,0,0
stim,192447,222568,0,222568,3419879.455,-0.706,-0.065,0.130,0.693,0,0,10,0,0,0,0,228,44,1.000,1,2235,0,322.162,10.097,130.500,291.438,42.688,0.602,0.219,2.098,-0.922,10.055,8.945,2.096,2.292,1.158,1.365,0,NULL,NULL,,3,0,2,7,255,1404,250,0,0
stim,192447,222568,0,222568,3419884.453,-0.703,-0.069,0.143,0.693,0,0,13,0,0,0,0,231,44,1.000,1,2235,0,328.135,11.311,135.188,293.375,57.688,0.637,0.195,2.086,-0.922,11.273,8.422,2.016,2.212,1.158,1.365,0,NULL,NULL,,3,0,2,7,255,1404,250,0,0
stim,192447,222568,0,222568,3419889.455,-0.700,-0.074,0.157,0.693,0,0,11,0,0,0,0,231,44,1.000,1,2235,0,332.230,12.042,139.438,292.125,74.813,0.602,0.203,2.090,-0.500,12.031,7.930,1.936,2.132,1.158,1.365,0,NULL,NULL,,3,0,2,7,255,1404,250,0,0
stim,192447,222568,0,222568,3419894.454,-0.696,-0.078,0.170,0.694,0,0,9,0,0,0,0,234,44,1.000,1,2235,0,331.697,12.042,138.313,289.125,85.438,0.527,0.266,2.074,-0.500,12.031,7.762,1.852,2.048,1.158,1.365,0,NULL,NULL,,3,0,2,7,255,1404,250,0,0
stim,192447,222568,0,222568,3419899.455,-0.691,-0.081,0.183,0.694,0,0,12,0,0,0,0,236,44,1.000,1,2235,0,328.554,11.857,142.563,280.313,95.125,0.473,0.254,2.094,-0.465,11.848,7.715,1.766,1.962,1.158,1.365,0,NULL,NULL,,3,0,2,7,255,1404,250,0,0
stim,192472,222593,0,222593,3419904.453,-0.687,-0.085,0.196,0.695,0,0,17,0,0,0,0,248,44,1.000,1,2235,0,321.818,11.857,143.250,271.563,96.438,0.488,0.207,2.152,-0.465,11.848,7.715,1.674,1.870,1.158,1.365,0,NULL,NULL,,3,0,2,7,255,1404,250,0,0
stim,192472,222593,0,222593,3419909.455,-0.682,-0.088,0.209,0.695,0,0,14,0,0,0,0,273,44,1.000,1,2235,0,310.664,12.588,135.125,262.313,97.188,0.531,0.168,2.172,0.250,12.586,7.715,1.578,1.774,1.158,1.365,0,NULL,NULL,,3,0,2,7,255,1404,250,0,0
stim,192472,222593,0,222593,3419914.454,-0.678,-0.091,0.220,0.696,0,0,14,0,0,0,0,291,44,1.000,1,2235,0,299.766,13.459,126.375,251.938,102.063,0.570,0.109,2.113,0.820,13.434,7.512,1.476,1.672,1.158,1.365,0,NULL,NULL,,3,0,2,7,255,1404,250,0,0
stim,192472,222593,0,222593,3419919.455,-0.673,-0.094,0.232,0.696,0,0,21,0,0,0,0,318,44,1.000,1,2235,0,290.537,13.985,123.188,240.750,106.188,0.578,0.012,2.023,1.410,13.914,6.441,1.368,1.564,1.158,1.365,0,NULL,NULL,,3,0,2,7,255,1404,250,0,0
stim,192492,222613,0,222613,3419924.454,-0.668,-0.096,0.243,0.697,0,0,19,0,0,0,0,334,44,1.000,1,2235,0,281.712,14.111,125.063,229.125,105.938,0.566,-0.090,1.930,2.348,13.914,5.156,1.258,1.452,1.158,1.365,0,NULL,NULL,,3,0,2,7,255,1404,250,0,0
stim,192492,222613,0,222613,3419929.455,-0.663,-0.098,0.253,0.697,0,0,20,0,0,0,0,346,44,1.000,1,2235,0,272.791,14.064,128.563,217.375,103.125,0.570,-0.180,1.828,3.281,13.676,3.922,1.146,1.338,1.158,1.365,0,NULL,NULL,,3,0,2,7,255,1404,250,0,0
stim,192492,222613,0,222613,3419934.454,-0.658,-0.099,0.264,0.698,0,0,21,0,0,0,0,356,44,1.000,1,2235,0,266.193,14.150,135.375,205.438,101.625,0.586,-0.305,1.719,4.113,13.539,2.570,1.034,1.222,1.158,1.365,0,NULL,NULL,,3,0,2,7,255,1404,250,0,0
stim,192492,222613,0,222613,3419939.455,-0.654,-0.100,0.274,0.698,0,0,22,0,0,0,0,365,44,1.000,1,2235,0,261.560,14.340,145.313,192.375,101.438,0.551,-0.418,1.633,5.191,13.367,1.059,0.926,1.108,1.158,1.365,0,NULL,NULL,,3,0,2,7,255,1404,250,0,0
stim,192554,222675,0,222675,3419944.453,-0.650,-0.100,0.285,0.698,0,0,25,0,0,0,0,378,44,1.000,1,2235,0,257.400,14.306,157.063,179.313,97.125,0.523,-0.512,1.582,6.262,12.863,-0.043,0.820,0.996,1.158,1.365,0,NULL,NULL,,3,0,2,7,255,1404,250,0,0
stim,192554,222675,0,222675,3419949.455,-0.646,-0.099,0.295,0.697,0,0,20,0,0,0,0,393,44,1.000,1,2235,0,253.394,14.449,169.438,166.500,88.188,0.504,-0.570,1.578,7.199,12.527,-0.836,0.720,0.888,1.158,1.365,0,NULL,NULL,,3,0,2,7,255,1404,250,0,0
stim,192554,222675,0,222675,3419954.454,-0.642,-0.098,0.305,0.696,0,0,23,0,0,0,0,403,44,1.000,1,2235,0,248.215,14.797,178.625,153.750,77.875,0.508,-0.586,1.629,7.875,12.527,-1.207,0.626,0.782,1.158,1.365,0,NULL,NULL,,3,0,2,7,255,1404,250,0,0
stim,192554,222675,0,222675,3419959.455,-0.639,-0.096,0.315,0.695,0,0,21,0,0,0,0,435,44,1.000,1,2235,0,239.411,15.360,180.938,141.563,67.375,0.531,-0.590,1.703,8.273,12.941,-1.207,0.544,0.684,1.158,1.365,0,NULL,NULL,,3,0,2,7,255,1404,250,0,0
stim,192554,222675,0,222675,3419964.454,-0.636,-0.095,0.324,0.693,0,0,22,0,0,0,0,453,44,1.000,1,2235,0,224.816,16.131,174.500,130.375,55.625,0.582,-0.582,1.770,8.586,13.656,-1.102,0.468,0.584,1.158,1.365,0,NULL,NULL,,3,0,2,7,255,1404,250,0,0
stim,192554,222675,0,222675,3419969.455,-0.634,-0.094,0.333,0.692,0,0,21,0,0,0,0,475,44,1.000,1,2235,0,206.076,16.923,161.313,121.125,42.125,0.676,-0.578,1.781,8.688,14.523,-1.102,0.398,0.484,1.158,1.365,0,NULL,NULL,,3,0,2,7,255,1404,250,0,0
stim,192554,222675,0,222675,3419974.454,-0.632,-0.093,0.340,0.690,0,0,23,0,1,0,0,497,44,1.000,1,2235,0,187.726,17.713,146.188,113.688,30.750,0.789,-0.602,1.742,8.707,15.426,-1.789,0.350,0.382,1.158,1.365,0,NULL,NULL,,3,0,2,7,255,1404,250,0,0
stim,192554,222675,0,222675,3419979.455,-0.631,-0.092,0.347,0.688,0,0,23,0,4,0,0,524,44,1.000,1,2235,0,171.499,18.358,132.000,106.938,23.500,0.914,-0.629,1.664,8.688,16.172,-3.078,0.346,0.314,1.158,1.365,0,NULL,NULL,,3,0,2,7,255,1404,250,0,0
stim,192554,222675,0,222675,3419984.453,-0.629,-0.091,0.354,0.687,0,0,21,0,27,0,0,541,44,1.000,1,2235,0,161.316,18.844,123.500,98.500,32.688,1.121,-0.625,1.594,8.633,16.750,-4.680,0.364,0.284,1.158,1.365,0,NULL,NULL,,3,0,2,7,255,1404,250,0,0
stim,192554,222675,0,222675,3419989.455,-0.627,-0.091,0.360,0.685,0,0,25,0,51,0,0,558,44,1.000,1,2235,0,142.941,19.032,106.000,91.813,27.688,0.953,-0.648,1.641,8.633,16.961,-5.633,0.390,0.294,1.158,1.365,0,NULL,NULL,,3,0,2,7,255,1404,250,0,0
stim,192554,222675,0,222675,3419994.453,-0.626,-0.091,0.364,0.683,0,0,23,0,54,0,0,569,44,1.000,1,2235,0,120.292,19.107,87.375,82.438,-6.313,0.980,-0.805,1.500,8.797,16.961,-6.598,0.402,0.322,1.158,1.365,0,NULL,NULL,,3,0,2,7,255,1404,250,0,0
stim,192554,222675,0,222675,3419999.455,-0.626,-0.091,0.369,0.681,0,0,21,0,51,0,0,569,44,1.000,1,2235,0,111.887,19.452,83.313,69.313,-27.813,1.262,-0.863,1.391,9.523,16.961,-7.531,0.406,0.340,1.158,1.365,0,NULL,NULL,,3,0,2,7,255,1404,250,0,0
stim,192575,222696,0,222696,3420004.454,-0.626,-0.090,0.373,0.679,0,0,22,0,63,0,0,571,44,1.000,1,2235,0,101.733,20.178,85.438,53.063,-15.313,1.320,-0.844,1.430,9.523,17.789,-10.305,0.404,0.358,1.158,1.365,0,NULL,NULL,,3,0,2,7,255,1404,250,0,0
stim,192575,222696,0,222696,3420009.455,-0.626,-0.090,0.376,0.677,0,0,23,0,59,0,0,573,44,1.000,1,2235,0,85.362,20.689,77.125,34.813,-11.250,1.230,-0.813,1.539,9.523,18.367,-10.305,0.402,0.376,1.158,1.365,0,NULL,NULL,,3,0,2,7,255,1404,250,0,0
stim,192575,222696,0,222696,3420014.453,-0.627,-0.089,0.378,0.675,0,0,24,0,59,0,0,571,44,1.000,1,2235,0,67.608,20.646,63.938,16.000,-15.063,1.168,-0.742,1.570,9.430,18.367,-9.195,0.398,0.400,1.158,1.365,0,NULL,NULL,,3,0,2,7,255,1404,250,0,0
stim,192575,222696,0,222696,3420019.455,-0.628,-0.088,0.379,0.674,0,0,26,0,58,0,0,571,44,1.000,1,2235,0,48.151,20.410,44.375,-3.750,-18.313,1.070,-0.637,1.695,9.383,18.125,-8.426,0.386,0.416,1.158,1.365,0,NULL,NULL,,3,0,2,7,255,1404,250,0,0
stim,192575,222696,0,222696,3420024.454,-0.629,-0.087,0.379,0.673,0,0,27,0,47,0,0,565,44,1.000,1,2235,0,34.863,20.249,10.938,-21.625,-25.063,0.941,-0.551,1.734,9.082,18.098,-6.637,0.370,0.422,1.158,1.365,0,NULL,NULL,,3,0,2,7,255,1404,250,0,0
stim,192575,222696,0,222696,3420029.455,-0.630,-0.087,0.377,0.673,0,0,24,0,31,0,0,563,44,1.000,1,2235,0,54.803,19.463,-22.000,-36.750,-34.188,0.840,-0.535,1.625,8.715,17.402,-5.316,0.342,0.404,1.158,1.365,0,NULL,NULL,,3,0,2,7,255,1404,250,0,0
stim,192603,222724,0,222724,3420034.453,-0.632,-0.087,0.374,0.673,0,0,21,0,7,0,0,563,44,1.000,1,2235,0,77.198,18.052,-44.813,-49.250,-39.063,0.773,-0.531,1.477,8.449,15.953,-5.316,0.310,0.368,1.158,1.365,0,NULL,NULL,,3,0,2,7,255,1404,250,0,0
stim,192603,222724,0,222724,3420039.455,-0.634,-0.088,0.371,0.673,0,0,22,0,2,0,0,556,44,1.000,1,2235,0,93.324,16.585,-59.063,-59.063,-41.625,0.652,-0.480,1.371,8.051,14.500,-5.598,0.276,0.326,1.158,1.365,0,NULL,NULL,,3,0,2,7,255,1404,250,0,0
stim,192603,222724,0,222724,3420044.454,-0.636,-0.089,0.366,0.673,0,0,20,0,1,0,0,555,44,1.000,1,2235,0,109.476,14.943,-69.188,-65.438,-54.000,0.609,-0.434,1.242,7.465,12.945,-5.859,0.244,0.282,1.158,1.365,0,NULL,NULL,,3,0,2,7,255,1404,250,0,0
stim,192603,222724,0,222724,3420049.455,-0.639,-0.089,0.362,0.673,0,0,22,0,0,0,0,551,44,1.000,1,2235,0,116.403,13.584,-77.188,-71.313,-50.063,0.621,-0.438,1.180,6.688,11.824,-5.980,0.222,0.252,1.158,1.365,0,NULL,NULL,,3,0,2,7,255,1404,250,0,0
stim,192642,222763,0,222763,3420054.453,-0.641,-0.090,0.358,0.673,0,0,25,0,0,0,0,550,44,1.000,1,2235,0,110.875,13.233,-66.313,-73.500,-49.938,0.523,-0.461,0.992,6.520,11.516,-6.379,0.202,0.234,1.158,1.365,0,NULL,NULL,,3,0,2,7,255,1404,250,0,0
stim,192642,222764,0,222764,3420059.455,-0.643,-0.090,0.353,0.673,0,0,20,0,0,0,0,551,44,1.000,1,2235,0,115.148,12.334,-63.563,-80.875,-51.750,0.516,-0.402,1.172,6.336,10.582,-6.379,0.186,0.222,1.158,1.365,0,NULL,NULL,,3,0,2,7,255,1404,250,0,0
stim,192642,222764,0,222764,3420064.454,-0.646,-0.090,0.348,0.673,0,0,23,0,0,0,0,551,44,1.000,1,2235,0,125.949,11.858,-78.375,-84.188,-51.313,0.445,-0.258,1.164,6.324,10.031,-5.500,0.178,0.216,1.158,1.365,0,NULL,NULL,,3,0,2,7,255,1404,250,0,0
stim,192642,222764,0,222764,3420069.455,-0.649,-0.091,0.344,0.673,0,0,24,0,0,0,0,548,44,1.000,1,2235,0,130.433,11.235,-76.000,-83.688,-65.063,0.422,-0.250,0.953,5.059,10.031,-5.500,0.180,0.208,1.158,1.365,0,NULL,NULL,,3,0,2,7,255,1404,250,0,0
stim,192642,222764,0,222764,3420074.453,-0.652,-0.091,0.339,0.672,0,0,19,0,0,0,0,551,44,1.000,1,2235,0,126.210,10.076,-54.063,-88.188,-72.313,0.430,-0.273,1.004,4.734,8.895,-5.535,0.186,0.196,1.158,1.365,0,NULL,NULL,,3,0,2,7,255,1404,250,0,0
stim,192642,222764,0,222764,3420079.455,-0.655,-0.091,0.335,0.671,0,0,21,0,0,0,0,553,44,1.000,1,2235,0,126.837,10.076,-48.438,-87.563,-77.938,0.434,-0.297,1.086,4.734,8.895,-5.535,0.194,0.184,1.158,1.365,0,NULL,NULL,,3,0,2,7,255,1404,250,0,0
stim,192642,222764,0,222764,3420084.454,-0.659,-0.091,0.331,0.670,0,0,20,0,0,0,0,538,44,1.000,1,2235,0,127.948,10.486,-46.625,-88.750,-79.500,0.457,-0.262,1.066,4.797,9.324,-4.973,0.202,0.170,1.158,1.365,0,NULL,NULL,,3,0,2,7,255,1404,250,0,0
stim,192642,222764,0,222764,3420089.455,-0.662,-0.090,0.326,0.669,0,0,18,0,0,0,0,521,44,1.000,1,2235,0,126.158,10.524,-41.125,-91.813,-76.125,0.523,-0.203,1.129,4.797,9.367,-4.910,0.212,0.154,1.158,1.365,0,NULL,NULL,,3,0,2,7,255,1404,250,0,0
stim,192644,222765,0,222765,3420094.453,-0.665,-0.089,0.322,0.668,0,0,22,55,0,0,0,585,44,1.000,1,2235,0,125.692,11.120,-48.500,-94.688,-66.938,0.441,-0.203,1.230,4.758,10.051,-4.609,0.222,0.142,1.158,1.365,0,NULL,NULL,,3,0,2,7,255,1404,250,0,0
stim,192644,222765,0,222765,3420099.455,-0.663,-0.078,0.323,0.671,477,0,8,915,0,30,0,629,44,1.000,1,2235,0,281.109,11.120,175.938,-158.000,152.000,-1.547,-1.023,2.941,4.758,10.051,-3.277,0.232,0.128,1.158,1.365,0,NULL,NULL,,3,0,2,7,255,1404,250,0,0
stim,192671,222792,0,222792,3420104.453,-0.647,-0.062,0.322,0.688,1080,0,0,1414,0,211,0,635,44,1.000,1,2235,0,663.223,7.103,65.438,-197.875,629.625,-2.234,3.520,4.469,4.758,5.273,17.941,0.250,0.114,1.158,1.365,0,NULL,NULL,,3,0,2,7,255,1404,250,0,0
stim,192671,222792,0,222792,3420109.455,-0.638,-0.069,0.305,0.704,1587,0,0,1815,0,487,0,692,44,1.000,1,2235,0,590.060,16.022,-509.438,-92.875,282.875,-2.918,3.781,2.508,-15.887,2.078,35.863,0.270,0.104,1.158,1.365,0,NULL,NULL,,3,0,2,7,255,1404,250,0,0
stim,192671,222792,0,222792,3420114.454,-0.639,-0.081,0.286,0.709,1927,0,0,1951,0,601,0,749,44,1.000,1,2236,0,516.982,20.147,-504.313,-99.813,-54.563,-2.836,1.641,-0.176,-15.887,-12.391,35.863,0.290,0.094,1.158,1.365,1,1496.000,92.000,,3,0,2,7,255,1404,250,0,0
stim,192671,222792,0,222792,3420119.455,-0.643,-0.090,0.273,0.709,2103,0,0,1991,0,694,0,822,44,1.000,1,2236,0,379.134,20.609,-339.813,-77.063,-149.438,-1.195,1.410,-0.984,-13.516,-15.559,6.586,0.308,0.088,1.158,1.365,1,NULL,NULL,,3,0,2,7,255,1404,250,0,0
stim,192699,222820,0,222820,3420124.454,-0.648,-0.089,0.268,0.707,2267,0,0,2130,0,857,0,879,44,1.000,1,2236,0,163.911,19.819,-51.813,-104.125,-115.500,0.441,1.129,-0.430,-12.277,-15.559,-8.922,0.316,0.082,1.158,1.365,1,NULL,NULL,,3,0,2,7,255,1404,250,0,0
stim,192699,222820,0,222820,3420129.455,-0.647,-0.084,0.265,0.710,2443,0,0,2316,0,939,0,905,44,1.000,1,2236,0,148.839,12.343,11.625,-128.688,73.875,0.461,0.875,1.074,-12.277,1.270,-8.922,0.322,0.078,1.158,1.365,1,NULL,NULL,,3,0,2,7,255,1404,250,0,0
stim,192699,222820,0,222820,3420134.454,-0.641,-0.080,0.258,0.718,2555,0,0,2454,0,939,0,906,44,1.000,1,2236,0,298.157,7.160,-116.188,-164.813,219.625,-1.113,0.418,1.348,-7.047,1.270,-0.871,0.328,0.070,1.158,1.365,1,NULL,NULL,,3,0,2,7,255,1404,250,0,0
stim,192699,222820,0,222820,3420139.455,-0.638,-0.080,0.245,0.726,2665,0,0,2578,0,915,0,957,44,1.000,1,2236,0,372.839,3.658,-281.625,-189.938,153.688,-2.270,-0.410,0.758,0.203,-3.652,5.316,0.336,0.060,1.158,1.365,1,NULL,NULL,,3,0,2,7,255,1404,250,0,0
stim,192700,222821,0,222821,3420144.453,-0.640,-0.083,0.230,0.728,2735,0,0,2663,0,877,0,1005,44,1.000,1,2236,0,343.352,18.363,-278.625,-190.375,-63.375,-1.914,-0.719,-0.191,8.914,-16.055,5.316,0.344,0.050,1.158,1.365,1,NULL,NULL,,3,0,2,7,255,1404,250,0,0
stim,192700,222821,0,222821,3420149.455,-0.647,-0.082,0.220,0.725,2809,0,0,2739,0,837,0,1064,44,1.000,1,2236,0,295.633,18.363,-134.625,-195.250,-176.500,-0.496,-0.621,-0.207,8.914,-16.055,-5.109,0.350,0.040,1.158,1.365,2,NULL,NULL,,3,0,2,7,255,1404,250,0,0
stim,192743,222864,0,222864,3420154.454,-0.654,-0.077,0.214,0.722,2855,0,0,2821,0,799,0,1115,44,1.000,1,2236,0,246.001,10.777,3.688,-187.250,-159.500,0.516,-0.953,0.922,9.633,-4.832,-5.301,0.356,0.030,1.158,1.365,2,NULL,NULL,,3,0,2,7,255,1404,250,0,0
stim,192743,222864,0,222864,3420159.455,-0.657,-0.072,0.209,0.720,2909,0,0,2887,0,797,0,1157,44,1.000,1,2236,0,176.263,13.085,16.688,-162.688,-65.750,1.004,-0.887,1.793,9.641,8.848,-5.301,0.360,0.020,1.158,1.365,2,NULL,NULL,,3,0,2,7,255,1404,250,0,0
stim,192743,222864,0,222864,3420164.454,-0.657,-0.068,0.204,0.722,2955,0,0,2927,0,809,0,1166,44,1.000,1,2236,0,161.851,18.303,-45.813,-151.000,36.000,0.926,-0.438,1.863,9.641,15.559,0.848,0.362,0.012,1.158,1.365,2,NULL,NULL,,3,0,2,7,255,1404,250,0,0
stim,192743,222864,0,222864,3420169.455,-0.655,-0.066,0.196,0.727,2981,0,0,2972,0,842,0,1178,44,1.000,1,2236,0,208.531,16.501,-118.375,-137.063,103.375,0.336,-0.180,1.535,5.496,15.559,2.551,0.364,0.006,1.158,1.365,2,NULL,NULL,,3,0,2,7,255,1404,250,0,0
stim,192743,222864,0,222864,3420174.454,-0.651,-0.066,0.188,0.732,2995,0,0,3007,0,921,0,1195,44,1.000,1,2236,0,241.926,10.171,-161.938,-129.750,124.375,-0.270,-0.395,1.012,5.270,8.699,2.551,0.366,0.000,1.158,1.365,2,NULL,NULL,,3,0,2,7,255,1404,250,0,0
stim,192743,222864,0,222864,3420179.455,-0.648,-0.065,0.180,0.737,3017,0,0,3031,0,1007,0,1229,44,1.000,1,2236,0,228.116,5.458,-150.125,-132.063,109.813,-0.684,-0.578,0.543,5.270,1.422,-0.355,0.000,0.000,1.158,1.365,2,NULL,NULL,,3,0,2,7,255,1404,250,0,0
stim,192761,222882,0,222882,3420184.453,-0.646,-0.063,0.173,0.740,3023,0,0,3053,0,1103,0,1311,44,1.000,1,2236,0,183.385,6.581,-89.375,-140.438,76.938,-0.711,-0.402,0.469,5.336,-3.852,-3.500,0.000,0.000,1.158,1.365,2,NULL,NULL,,3,0,2,7,255,1404,250,0,0
stim,192761,222882,0,222882,3420189.455,-0.646,-0.058,0.169,0.742,3037,0,0,3067,0,1196,0,1357,44,1.000,1,2236,0,153.520,6.581,-27.500,-145.313,41.188,-0.469,0.086,0.820,5.336,-3.852,-3.500,0.000,0.000,1.158,1.365,2,NULL,NULL,,3,0,2,7,255,1404,250,0,0
stim,192761,222882,0,222882,3420194.453,-0.646,-0.054,0.165,0.743,3055,0,0,3081,0,1357,0,1439,44,1.000,1,2236,0,141.654,1.968,-7.813,-140.375,17.313,-0.176,0.391,1.273,0.633,-1.863,-0.715,0.000,0.000,1.158,1.365,2,NULL,NULL,,3,0,2,7,255,1404,250,0,0
stim,192761,222882,0,222882,3420199.455,-0.646,-0.051,0.160,0.745,3061,0,0,3097,27,1469,0,1507,44,1.000,1,2236,0,135.906,1.830,-40.188,-128.375,19.375,0.078,0.188,1.508,-0.508,1.758,3.031,0.000,0.000,1.158,1.365,2,NULL,NULL,,3,0,2,7,255,1404,250,0,0
stim,192761,222882,0,222882,3420204.454,-0.645,-0.049,0.154,0.747,3061,0,0,3103,76,1563,0,1587,44,1.000,1,2236,0,151.362,4.738,-88.250,-116.625,39.000,0.086,-0.184,1.316,-0.508,4.711,3.031,0.000,0.000,1.158,1.365,2,NULL,NULL,,3,0,2,7,255,1404,250,0,0
stim,192761,222882,0,222882,3420209.455,-0.644,-0.048,0.148,0.749,3067,0,0,3109,141,1679,0,1645,44,1.000,1,2236,0,155.519,5.459,-101.063,-107.313,49.563,-0.035,-0.352,0.953,2.758,4.711,2.004,0.000,0.000,1.158,1.365,2,NULL,NULL,,3,0,2,7,255,1404,250,0,0
stim,192785,222906,0,222906,3420214.453,-0.643,-0.047,0.142,0.751,3079,0,0,3126,231,1782,0,1689,44,1.000,1,2236,0,133.043,4.680,-73.563,-101.750,44.000,-0.102,-0.324,0.781,3.820,2.703,-1.227,0.000,0.000,1.158,1.365,2,NULL,NULL,,3,0,2,7,255,1404,250,0,0
stim,192785,222906,0,222906,3420219.455,-0.642,-0.044,0.138,0.752,3093,0,0,3120,355,1853,0,1725,44,1.000,1,2236,0,111.262,4.292,-38.313,-98.375,35.125,-0.066,-0.211,0.914,3.820,1.957,-1.270,0.000,0.000,1.158,1.365,2,NULL,NULL,,3,0,2,7,255,1404,250,0,0
stim,192785,222906,0,222906,3420224.454,-0.641,-0.042,0.135,0.754,3095,0,0,3143,421,1935,7,1753,44,1.000,1,2236,0,108.237,3.398,-33.250,-94.438,41.125,-0.051,-0.059,1.082,2.777,1.957,-1.270,0.000,0.000,1.158,1.365,2,NULL,NULL,,3,0,2,7,255,1404,250,0,0
stim,192785,222906,0,222906,3420229.455,-0.640,-0.040,0.131,0.756,3100,0,0,3130,487,2024,53,1821,44,1.000,1,2236,0,114.386,2.408,-45.875,-91.500,51.063,-0.109,0.117,1.105,1.402,1.957,0.465,0.000,0.000,1.158,1.365,2,NULL,NULL,,3,0,2,7,255,1404,250,0,0
stim,192785,222906,0,222906,3420234.453,-0.639,-0.038,0.127,0.758,3103,0,0,3131,716,2105,156,1927,44,1.000,1,2236,0,114.601,1.399,-54.688,-87.813,49.313,-0.195,0.219,1.063,-0.184,1.387,0.930,0.000,0.000,1.158,1.365,2,NULL,NULL,,3,0,2,7,255,1404,250,0,0
stim,192785,222906,0,222906,3420239.455,-0.638,-0.036,0.123,0.759,3097,0,0,3135,824,2164,205,2021,44,1.000,1,2236,0,96.188,1.356,-43.875,-79.813,30.938,-0.168,0.246,1.281,-1.055,0.852,1.027,0.000,0.000,1.158,1.365,2,NULL,NULL,,3,0,2,7,255,1404,250,0,0
stim,192815,222936,0,222936,3420244.454,-0.639,-0.036,0.121,0.759,3109,0,0,3149,946,2223,205,2087,44,1.000,1,2236,0,55.734,1.522,-32.688,-42.375,-15.563,0.000,0.348,1.535,-1.262,0.852,3.004,0.000,0.000,1.158,1.365,2,NULL,NULL,,3,0,2,7,255,1404,250,0,0
stim,192815,222936,0,222936,3420249.455,-0.640,-0.036,0.118,0.759,3102,0,0,3163,1021,2263,213,2139,44,1.000,1,2236,0,62.747,3.661,-42.750,-31.688,-33.250,0.359,0.828,1.137,-2.398,2.766,3.004,0.000,0.000,1.158,1.365,2,NULL,NULL,,3,0,2,7,255,1404,250,0,0
stim,192844,222965,0,222965,3420254.453,-0.640,-0.035,0.117,0.758,3108,0,0,3153,1113,2293,221,2172,44,1.000,1,2236,0,34.894,8.402,-16.500,-28.063,-12.563,0.336,0.754,1.293,-7.105,4.484,2.594,0.000,0.000,1.158,1.365,2,NULL,NULL,,3,0,2,7,255,1404,250,0,0
stim,192844,222965,0,222965,3420259.455,-0.640,-0.037,0.114,0.759,3119,0,0,3155,1180,2325,243,2207,44,1.000,1,2236,0,66.568,8.402,-64.188,-16.375,6.563,-0.172,0.070,1.531,-7.105,4.484,2.594,0.000,0.000,1.158,1.365,2,NULL,NULL,,3,0,2,7,255,1404,250,0,0
stim,192844,222965,0,222965,3420264.454,-0.641,-0.039,0.110,0.759,3111,1,0,3165,1231,2341,279,2252,44,1.000,1,2236,0,114.847,1.471,-111.063,-12.625,-26.375,-0.418,0.102,1.027,0.176,1.461,2.594,0.000,0.000,1.158,1.365,2,NULL,NULL,,3,0,2,7,255,1404,250,0,0
stim,192844,222965,0,222965,3420269.455,-0.643,-0.041,0.108,0.757,3109,16,0,3176,1283,2357,303,2279,44,1.000,1,2236,0,101.830,0.748,-68.875,-9.688,-74.375,-0.184,0.230,0.680,0.176,-0.727,0.930,0.000,0.000,1.158,1.365,2,NULL,NULL,,3,0,2,7,255,1404,250,0,0
stim,192844,222965,0,222965,3420274.454,-0.646,-0.042,0.107,0.755,3113,41,0,3171,1339,2376,304,2311,44,1.000,1,2236,0,77.026,0.819,-20.063,-9.563,-73.750,0.141,0.051,0.969,-0.379,-0.727,-0.793,0.000,0.000,1.158,1.365,2,NULL,NULL,,3,0,2,7,255,1404,250,0,0
stim,192844,222965,0,222965,3420279.455,-0.647,-0.043,0.106,0.754,3113,57,0,3173,1399,2388,303,2327,44,1.000,1,2236,0,45.420,3.218,-29.750,-6.563,-33.688,0.141,0.047,1.230,-0.379,3.195,-0.793,0.000,0.000,1.158,1.365,2,NULL,NULL,,3,0,2,7,255,1404,250,0,0
stim,192844,222965,0,222965,3420284.453,-0.647,-0.044,0.103,0.754,3114,71,0,3177,1471,2409,327,2347,44,1.000,1,2236,0,64.991,3.218,-64.000,-1.625,-11.188,-0.121,0.133,1.152,-0.379,3.195,1.566,0.000,0.000,1.158,1.365,2,NULL,NULL,,3,0,2,7,255,1404,250,0,0
stim,192844,222965,0,222965,3420289.455,-0.648,-0.046,0.101,0.754,3112,75,0,3182,1526,2415,334,2373,44,1.000,1,2236,0,77.893,0.995,-72.938,1.188,-27.313,-0.266,0.090,0.938,-0.285,0.953,1.566,0.000,0.000,1.158,1.365,2,NULL,NULL,,3,0,2,7,255,1404,250,0,0
stim,192844,222965,0,222965,3420294.454,-0.649,-0.048,0.099,0.753,3112,117,0,3183,1567,2429,351,2383,44,1.000,1,2236,0,71.304,0.294,-52.875,1.563,-47.813,-0.195,-0.074,0.840,-0.285,-0.070,-0.242,0.000,0.000,1.158,1.365,2,NULL,NULL,,3,0,2,7,255,1404,250,0,0
stim,192844,222965,0,222965,3420299.455,-0.651,-0.049,0.098,0.751,3117,112,0,3193,1611,2447,354,2415,44,1.000,1,2236,0,57.186,1.127,-32.000,-1.375,-47.375,-0.109,-0.129,0.883,1.125,-0.070,-1.191,0.000,0.000,1.158,1.365,2,NULL,NULL,,3,0,2,7,255,1404,250,0,0
stim,192873,222994,0,222994,3420304.453,-0.652,-0.050,0.096,0.751,3111,151,0,3193,1640,2455,359,2436,44,1.000,1,2236,0,45.513,1.753,-25.125,-2.375,-37.875,-0.113,-0.141,0.965,1.512,0.887,-1.191,0.000,0.000,1.158,1.365,2,NULL,NULL,,3,0,2,7,255,1404,250,0,0
stim,192873,222994,0,222994,3420309.455,-0.653,-0.051,0.095,0.750,3112,180,0,3191,1682,2463,363,2443,44,1.000,1,2236,0,42.444,1.831,-28.688,-3.125,-31.125,-0.152,-0.137,0.980,1.602,0.887,-0.418,0.000,0.000,1.158,1.365,2,NULL,NULL,,3,0,2,7,255,1404,250,0,0
stim,192873,222994,0,222994,3420314.454,-0.654,-0.052,0.094,0.749,3113,187,3,3191,1719,2468,371,2451,44,1.000,1,2236,0,41.628,1.725,-28.313,-2.938,-30.375,-0.164,-0.137,0.945,1.602,0.641,-0.418,0.000,0.000,1.158,1.365,2,NULL,NULL,,3,0,2,7,255,1404,250,0,0
stim,192873,222994,0,222994,3420319.455,-0.655,-0.053,0.093,0.748,3119,215,7,3205,1743,2475,376,2461,44,1.000,1,2236,0,37.835,1.647,-21.375,-3.688,-31.000,-0.160,-0.133,0.922,1.578,0.473,-0.492,0.000,0.000,1.158,1.365,2,NULL,NULL,,3,0,2,7,255,1404,250,0,0
stim,192873,222994,0,222994,3420324.454,-0.656,-0.053,0.092,0.747,3115,217,51,3207,1769,2487,375,2461,44,1.000,1,2236,0,32.883,1.647,-14.625,-4.375,-29.125,-0.148,-0.152,0.941,1.578,0.473,-0.551,0.000,0.000,1.158,1.365,2,NULL,NULL,,3,0,2,7,255,1404,250,0,0
stim,192873,222994,0,222994,3420329.455,-0.657,-0.054,0.091,0.747,3111,218,59,3191,1785,2488,377,2467,44,1.000,1,2236,0,27.338,1.794,-11.188,-4.688,-24.500,-0.129,-0.184,0.953,1.691,0.598,-0.551,0.000,0.000,1.158,1.365,2,NULL,NULL,,3,0,2,7,255,1404,250,0,0
stim,192906,223027,0,223027,3420334.454,-0.657,-0.054,0.090,0.746,3115,219,71,3197,1815,2500,379,2477,44,1.000,1,2236,0,19.134,1.936,-7.875,-5.063,-16.688,-0.109,-0.168,0.938,1.738,0.852,-0.551,0.000,0.000,1.158,1.365,2,NULL,NULL,,3,0,2,7,255,1404,250,0,0
stim,192906,223027,0,223027,3420339.455,-0.658,-0.054,0.090,0.746,3117,215,106,3191,1830,2505,381,2475,44,1.000,1,2236,0,11.652,1.936,-4.250,-5.125,-9.563,-0.133,-0.113,0.941,1.738,0.852,-0.570,0.000,0.000,1.158,1.365,2,NULL,NULL,,3,0,2,7,255,1404,250,0,0
stim,192906,223027,0,223027,3420344.453,-0.658,-0.054,0.089,0.746,3113,217,141,3190,1843,2509,367,2479,44,0.960,1,2236,1,9.518,1.419,-1.813,-5.125,-7.813,-0.168,-0.078,0.953,1.250,0.672,-0.570,0.000,0.000,1.213,1.473,2,NULL,NULL,,3,0,2,7,255,1404,250,0,0
stim,192906,223027,0,223027,3420349.455,-0.658,-0.054,0.089,0.746,3111,213,155,3184,1853,2503,371,2479,44,0.960,1,2236,1,10.684,0.986,0.375,-4.875,-9.500,-0.168,-0.059,0.969,0.930,0.328,-0.371,0.004,0.004,1.213,1.473,2,NULL,NULL,,3,0,2,7,255,1404,250,0,0
stim,192943,223064,0,223064,3420354.453,-0.658,-0.054,0.089,0.745,3111,216,181,3191,1866,2503,377,2483,44,0.960,1,2236,1,11.207,0.822,2.188,-4.563,-10.000,-0.145,-0.031,0.984,0.754,0.328,-0.219,0.008,0.008,1.213,1.473,2,NULL,NULL,,3,0,2,7,255,1404,250,0,0
stim,192943,223064,0,223064,3420359.455,-0.659,-0.053,0.089,0.745,3157,213,211,3183,1831,2513,375,2483,44,0.960,1,2236,1,9.462,0.703,3.500,-4.375,-7.625,-0.133,0.000,1.000,0.461,0.531,-0.109,0.012,0.012,1.213,1.473,2,NULL,NULL,,3,0,2,7,255,1404,250,0,0
stim,192943,223064,0,223064,3420364.454,-0.659,-0.053,0.089,0.745,3104,207,221,3183,1869,2509,364,2487,44,0.960,1,2236,1,8.008,0.548,3.500,-3.688,-6.188,-0.145,0.031,1.023,0.133,0.531,0.055,0.016,0.014,1.213,1.473,2,NULL,NULL,,3,0,2,7,255,1404,250,0,0
stim,192943,223064,0,223064,3420369.455,-0.659,-0.053,0.089,0.745,3110,209,247,3179,1878,2495,361,2483,44,0.960,1,2236,1,8.513,0.546,3.000,-2.688,-7.500,-0.156,0.063,1.031,-0.156,0.523,0.301,0.020,0.018,1.213,1.473,2,NULL,NULL,,3,0,2,7,255,1404,250,0,0
stim,192943,223064,0,223064,3420374.453,-0.660,-0.053,0.088,0.745,3109,213,271,3172,1879,2493,327,2476,44,0.960,1,2236,1,9.840,0.583,2.375,-1.813,-9.375,-0.156,0.078,1.039,-0.426,0.398,0.422,0.022,0.022,1.213,1.473,2,NULL,NULL,,3,0,2,7,255,1404,250,0,0
stim,192943,223064,0,223064,3420379.455,-0.660,-0.053,0.088,0.744,3097,206,303,3187,1883,2491,316,2483,44,0.960,1,2236,1,10.726,0.697,1.438,-1.188,-10.563,-0.160,0.078,1.039,-0.582,0.383,0.480,0.026,0.024,1.213,1.473,2,NULL,NULL,,3,0,2,7,255,1404,250,0,0
stim,192943,223064,0,223064,3420384.454,-0.660,-0.052,0.088,0.744,3097,210,331,3180,1892,2487,307,2473,44,0.960,1,2236,1,11.538,0.672,-0.063,-0.938,-11.500,-0.172,0.074,1.027,-0.582,0.336,0.480,0.028,0.026,1.213,1.473,2,NULL,NULL,,3,0,2,7,255,1404,250,0,0
stim,192943,223064,0,223064,3420389.455,-0.661,-0.052,0.088,0.744,3093,214,353,3161,1882,2467,301,2463,44,0.960,1,2236,1,12.697,0.598,-0.500,-1.250,-12.625,-0.184,0.078,1.016,-0.559,0.215,0.418,0.030,0.030,1.213,1.473,2,NULL,NULL,,3,0,2,7,255,1404,250,0,0
stim,192943,223064,0,223064,3420394.453,-0.661,-0.052,0.088,0.743,3093,197,366,3161,1907,2479,304,2467,44,0.960,1,2236,1,14.102,0.565,-0.125,-1.688,-14.000,-0.188,0.086,1.016,-0.559,0.082,0.313,0.032,0.032,1.213,1.473,2,NULL,NULL,,3,0,2,7,255,1404,250,0,0
stim,192943,223064,0,223064,3420399.455,-0.662,-0.052,0.088,0.743,3091,203,454,3149,1917,2469,305,2468,44,0.960,1,2236,1,15.380,0.623,-0.500,-2.375,-15.188,-0.184,0.094,1.020,-0.621,0.043,0.313,0.034,0.034,1.213,1.473,2,NULL,NULL,,3,0,2,7,255,1404,250,0,0
stim,192973,223094,0,223094,3420404.454,-0.662,-0.052,0.088,0.742,3077,210,471,3145,1928,2472,304,2457,44,0.960,1,2236,1,15.950,0.697,-1.563,-3.125,-15.563,-0.172,0.109,1.023,-0.695,0.043,0.363,0.034,0.034,1.213,1.473,2,NULL,NULL,,3,0,2,7,255,1404,250,0,0
stim,192973,223094,0,223094,3420409.455,-0.663,-0.052,0.088,0.742,3079,207,495,3146,1939,2468,307,2460,44,0.960,1,2236,1,15.696,0.891,-2.688,-3.500,-15.063,-0.160,0.129,1.027,-0.879,0.145,0.367,0.034,0.034,1.213,1.473,2,NULL,NULL,,3,0,2,7,255,1404,250,0,0
stim,192973,223094,0,223094,3420414.453,-0.663,-0.052,0.088,0.742,3060,206,549,3132,1944,2461,313,2455,44,0.960,1,2236,1,14.541,1.099,-4.438,-3.813,-13.313,-0.152,0.133,1.031,-1.066,0.266,0.387,0.034,0.034,1.213,1.473,2,NULL,NULL,,3,0,2,7,255,1404,250,0,0
stim,192973,223094,0,223094,3420419.455,-0.663,-0.052,0.087,0.741,3053,217,621,3125,1917,2463,318,2459,44,0.960,1,2236,1,13.747,1.099,-7.125,-4.313,-10.938,-0.164,0.125,1.027,-1.066,0.266,0.418,0.032,0.032,1.213,1.473,2,NULL,NULL,,3,0,2,7,255,1404,250,0,0
stim,192996,223118,0,223118,3420424.454,-0.664,-0.052,0.087,0.741,3038,223,668,3123,1979,2452,338,2472,44,0.960,1,2236,1,14.607,1.080,-9.563,-4.813,-9.938,-0.180,0.117,1.016,-1.055,0.230,0.418,0.032,0.030,1.213,1.473,2,NULL,NULL,,3,0,2,7,255,1404,250,0,0
stim,192996,223118,0,223118,3420429.455,-0.664,-0.052,0.086,0.741,3036,238,679,3119,1992,2447,344,2469,44,0.960,1,2236,1,15.976,0.938,-10.125,-5.250,-11.188,-0.184,0.105,1.004,-0.938,0.035,0.305,0.030,0.026,1.213,1.473,2,NULL,NULL,,3,0,2,7,255,1404,250,0,0
stim,192996,223118,0,223118,3420434.454,-0.664,-0.052,0.086,0.741,3020,239,731,3103,2015,2451,365,2469,44,0.960,1,2236,1,16.734,0.841,-9.625,-5.438,-12.563,-0.164,0.098,1.004,-0.840,0.035,0.215,0.028,0.022,1.213,1.473,2,NULL,NULL,,3,0,2,7,255,1404,250,0,0
stim,192996,223118,0,223118,3420439.455,-0.665,-0.052,0.085,0.740,3022,248,797,3108,2031,2431,383,2483,44,0.960,1,2236,1,16.648,0.820,-10.063,-5.375,-12.125,-0.152,0.094,1.008,-0.797,0.191,0.191,0.028,0.016,1.213,1.473,2,NULL,NULL,,3,0,2,7,255,1404,250,0,0
stim,192997,223118,0,223118,3420444.453,-0.665,-0.052,0.085,0.740,2998,249,879,3091,2063,2427,406,2485,44,0.960,1,2236,1,17.283,0.795,-11.813,-4.750,-11.688,-0.160,0.090,1.012,-0.766,0.215,0.191,0.028,0.012,1.213,1.473,2,NULL,NULL,,3,0,2,7,255,1404,250,0,0
stim,192997,223118,0,223118,3420449.455,-0.666,-0.053,0.084,0.740,2985,253,951,3087,2038,2428,425,2485,44,0.960,1,2236,1,20.277,0.788,-14.063,-4.375,-13.938,-0.184,0.070,0.996,-0.758,0.215,0.191,0.028,0.006,1.213,1.473,2,NULL,NULL,,3,0,2,7,255,1404,250,0,0
stim,193040,223161,0,223161,3420454.454,-0.666,-0.053,0.084,0.739,2975,268,1069,3082,2123,2426,471,2493,44,0.960,1,2236,1,23.428,0.535,-14.188,-3.813,-18.250,-0.176,0.043,0.980,-0.531,0.066,0.137,0.030,0.004,1.213,1.473,2,NULL,NULL,,3,0,2,7,255,1404,250,0,0
stim,193040,223161,0,223161,3420459.455,-0.667,-0.053,0.083,0.739,2963,270,1130,3064,2151,2423,523,2493,44,0.960,1,2236,1,24.313,0.293,-12.813,-3.438,-20.375,-0.164,0.016,0.973,-0.285,0.066,-0.043,0.032,0.006,1.213,1.473,2,NULL,NULL,,3,0,2,7,255,1404,250,0,0
stim,193040,223161,0,223161,3420464.454,-0.667,-0.054,0.082,0.738,2953,278,1207,3067,2175,2416,555,2500,44,0.960,1,2236,1,24.519,0.089,-12.938,-3.313,-20.563,-0.176,0.008,0.973,-0.059,0.066,-0.145,0.032,0.008,1.213,1.473,2,NULL,NULL,,3,0,2,7,255,1404,250,0,0
stim,193040,223161,0,223161,3420469.455,-0.668,-0.054,0.082,0.738,2951,297,1280,3067,2217,2415,557,2507,44,0.960,1,2236,1,26.660,0.070,-14.375,-3.438,-22.188,-0.195,-0.016,0.969,0.023,0.066,-0.145,0.034,0.010,1.213,1.473,2,NULL,NULL,,3,0,2,7,255,1404,250,0,0
stim,193062,223183,0,223183,3420474.454,-0.669,-0.054,0.081,0.737,2919,312,1351,3059,2248,2419,599,2519,44,0.960,1,2236,1,29.471,0.249,-15.375,-4.063,-24.813,-0.195,-0.039,0.957,0.230,-0.094,-0.145,0.034,0.010,1.213,1.473,2,NULL,NULL,,3,0,2,7,255,1404,250,0,0
stim,193062,223183,0,223183,3420479.455,-0.670,-0.055,0.080,0.736,2922,334,1463,3037,2279,2421,681,2520,44,0.960,1,2236,1,30.242,0.451,-14.813,-5.063,-25.875,-0.188,-0.059,0.938,0.441,-0.094,-0.266,0.032,0.012,1.213,1.473,2,NULL,NULL,,3,0,2,7,255,1404,250,0,0
stim,193062,223183,0,223183,3420484.453,-0.671,-0.055,0.080,0.736,2894,343,1579,3035,2301,2413,771,2531,44,0.960,1,2236,1,28.704,0.470,-12.188,-6.875,-25.063,-0.195,-0.043,0.941,0.461,-0.094,-0.395,0.032,0.012,1.213,1.473,2,NULL,NULL,,3,0,2,7,255,1404,250,0,0
stim,193062,223183,0,223183,3420489.455,-0.671,-0.055,0.079,0.735,2879,367,1669,3019,2329,2413,844,2547,44,0.960,1,2236,1,29.754,0.487,-10.313,-7.750,-26.813,-0.207,0.004,0.965,0.461,-0.156,-0.395,0.032,0.012,1.213,1.473,2,NULL,NULL,,3,0,2,7,255,1404,250,0,0
stim,193062,223183,0,223183,3420494.454,-0.672,-0.055,0.078,0.734,2861,395,1755,3017,2372,2423,943,2557,44,0.960,1,2236,1,32.806,0.157,-11.375,-8.750,-29.500,-0.195,0.031,0.984,0.012,-0.156,-0.148,0.032,0.014,1.213,1.473,2,NULL,NULL,,3,0,2,7,255,1404,250,0,0
stim,193062,223183,0,223183,3420499.455,-0.673,-0.056,0.077,0.733,2853,405,1839,3001,2403,2431,1045,2581,44,0.960,1,2236,1,35.632,0.248,-15.125,-9.563,-30.813,-0.172,0.020,1.004,-0.199,-0.148,0.027,0.032,0.016,1.213,1.473,2,NULL,NULL,,3,0,2,7,255,1404,250,0,0
stim,193062,223183,0,223183,3420504.453,-0.674,-0.056,0.076,0.732,2829,430,1910,2996,2427,2437,1127,2583,44,0.960,1,2236,1,38.524,0.222,-19.813,-9.563,-31.625,-0.152,-0.012,0.996,-0.199,0.098,0.070,0.032,0.016,1.213,1.473,2,NULL,NULL,,3,0,2,7,255,1404,250,0,0
stim,193062,223183,0,223183,3420509.455,-0.675,-0.056,0.075,0.732,2843,458,2012,2979,2441,2429,1234,2601,44,0.960,1,2236,1,39.279,0.287,-21.688,-10.375,-31.063,-0.141,-0.031,0.977,0.035,0.285,0.070,0.034,0.016,1.213,1.473,2,NULL,NULL,,3,0,2,7,255,1404,250,0,0
stim,193091,223212,0,223212,3420514.454,-0.676,-0.056,0.074,0.731,2793,489,2126,2979,2499,2430,1339,2617,44,0.960,1,2236,1,36.430,0.305,-19.000,-11.188,-29.000,-0.148,-0.023,0.961,0.109,0.285,-0.145,0.034,0.016,1.213,1.473,2,NULL,NULL,,3,0,2,7,255,1404,250,0,0
stim,193091,223212,0,223212,3420519.455,-0.677,-0.057,0.073,0.730,2779,529,2215,2955,2521,2439,1421,2630,44,0.960,1,2236,1,35.051,0.291,-13.750,-11.813,-30.000,-0.172,0.059,0.992,0.109,0.270,-0.145,0.036,0.016,1.213,1.473,2,NULL,NULL,,3,0,2,7,255,1404,250,0,0
stim,193091,223212,0,223212,3420524.454,-0.678,-0.056,0.072,0.729,2747,541,2280,2940,2531,2439,1483,2643,44,0.960,1,2236,1,37.617,0.730,-13.000,-10.938,-33.563,-0.148,0.129,1.035,-0.688,0.246,0.039,0.038,0.018,1.213,1.473,2,NULL,NULL,,3,0,2,7,255,1404,250,0,0
stim,193091,223212,0,223212,3420529.455,-0.679,-0.057,0.072,0.728,2723,557,2349,2931,2557,2431,1565,2659,44,0.960,1,2236,1,40.839,1.094,-17.375,-10.063,-35.563,-0.129,0.094,1.063,-1.066,0.246,0.410,0.040,0.018,1.213,1.473,2,NULL,NULL,,3,0,2,7,255,1404,250,0,0
stim,193091,223212,0,223212,3420534.453,-0.680,-0.057,0.070,0.727,2708,579,2411,2911,2587,2441,1629,2655,44,0.960,1,2236,1,43.516,1.181,-25.625,-9.000,-34.000,-0.121,0.004,1.039,-1.066,0.508,0.410,0.042,0.018,1.213,1.473,2,NULL,NULL,,3,0,2,7,255,1404,250,0,0
stim,193091,223212,0,223212,3420539.455,-0.681,-0.058,0.069,0.726,2675,591,2454,2908,2575,2445,1715,2664,44,0.960,1,2236,1,45.281,0.554,-29.750,-8.250,-33.125,-0.129,-0.066,0.980,-0.223,0.508,0.406,0.044,0.018,1.213,1.473,2,NULL,NULL,,3,0,2,7,255,1404,250,0,0
stim,193118,223239,0,223239,3420544.454,-0.682,-0.058,0.068,0.726,2643,605,2503,2901,2617,2441,1773,2671,44,0.960,1,2236,1,43.105,0.624,-26.438,-8.375,-33.000,-0.129,-0.098,0.938,0.434,0.449,-0.121,0.046,0.018,1.213,1.473,2,NULL,NULL,,3,0,2,7,255,1404,250,0,0
stim,193118,223239,0,223239,3420549.455,-0.683,-0.059,0.066,0.725,2619,627,2546,2886,2643,2449,1836,2680,44,0.960,1,2236,1,38.194,0.782,-19.875,-8.688,-31.438,-0.117,-0.094,0.941,0.641,0.449,-0.512,0.048,0.018,1.213,1.473,2,NULL,NULL,,3,0,2,7,255,1404,250,0,0
stim,193144,223265,0,223265,3420554.453,-0.684,-0.059,0.065,0.724,2587,634,2583,2873,2655,2445,1904,2695,44,0.960,1,2236,1,33.950,0.813,-16.750,-9.000,-28.125,-0.117,-0.078,0.973,0.641,0.500,-0.512,0.050,0.018,1.213,1.473,2,NULL,NULL,,3,0,2,7,255,1404,250,0,0
stim,193144,223265,0,223265,3420559.455,-0.685,-0.059,0.064,0.723,2568,639,2608,2858,2672,2445,1951,2699,44,0.960,1,2236,1,33.564,0.696,-18.375,-8.563,-26.750,-0.137,-0.066,1.008,0.484,0.500,-0.211,0.050,0.018,1.213,1.473,2,NULL,NULL,,3,0,2,7,255,1404,250,0,0
stim,193144,223265,0,223265,3420564.454,-0.686,-0.060,0.063,0.723,2516,663,2641,2841,2693,2440,2011,2703,44,0.960,1,2236,1,36.862,0.495,-23.688,-9.063,-26.750,-0.148,-0.059,1.000,0.332,0.367,0.109,0.052,0.018,1.213,1.473,2,NULL,NULL,,3,0,2,7,255,1404,250,0,0
stim,193144,223265,0,223265,3420569.455,-0.687,-0.060,0.062,0.722,2486,669,2679,2837,2708,2445,2063,2725,44,0.960,1,2236,1,36.425,0.370,-24.563,-9.438,-25.188,-0.148,-0.063,0.961,0.293,0.227,0.109,0.054,0.020,1.213,1.473,2,NULL,NULL,,3,0,2,7,255,1404,250,0,0
stim,193144,223265,0,223265,3420574.454,-0.687,-0.061,0.061,0.721,2443,672,2710,2809,2723,2442,2107,2725,44,0.960,1,2236,1,32.292,0.317,-20.750,-10.563,-22.375,-0.168,-0.047,0.961,0.258,0.184,-0.246,0.056,0.020,1.213,1.473,2,NULL,NULL,,3,0,2,7,255,1404,250,0,0
stim,193144,223265,0,223265,3420579.455,-0.688,-0.061,0.060,0.721,2396,675,2733,2791,2734,2444,2151,2737,44,0.960,1,2236,1,30.705,0.123,-16.250,-11.375,-23.438,-0.191,-0.008,0.992,0.105,-0.063,-0.246,0.056,0.020,1.213,1.473,2,NULL,NULL,,3,0,2,7,255,1404,250,0,0
stim,193144,223265,0,223265,3420584.454,-0.689,-0.061,0.059,0.720,2343,683,2771,2761,2745,2444,2203,2731,44,0.960,1,2236,1,34.069,0.379,-15.938,-12.125,-27.563,-0.195,0.027,1.027,-0.273,-0.262,0.086,0.058,0.020,1.213,1.473,2,NULL,NULL,,3,0,2,7,255,1404,250,0,0
stim,193144,223265,0,223265,3420589.455,-0.690,-0.061,0.058,0.719,2288,695,2807,2740,2765,2431,2249,2750,44,0.960,1,2236,1,39.476,0.699,-18.938,-12.313,-32.375,-0.160,0.031,1.035,-0.648,-0.262,0.422,0.058,0.020,1.213,1.473,2,NULL,NULL,,3,0,2,7,255,1404,250,0,0
stim,193145,223266,0,223266,3420594.453,-0.691,-0.061,0.057,0.718,2220,709,2828,2715,2777,2431,2280,2759,44,0.960,1,2236,1,40.631,0.655,-21.688,-12.188,-32.125,-0.121,-0.020,1.020,-0.648,0.090,0.422,0.060,0.020,1.213,1.473,2,NULL,NULL,,3,0,2,7,255,1404,250,0,0
stim,193145,223266,0,223266,3420599.455,-0.692,-0.062,0.056,0.717,2151,699,2857,2692,2791,2429,2323,2763,44,0.960,1,2236,1,41.441,0.469,-25.375,-12.125,-30.438,-0.129,-0.070,1.023,-0.254,0.395,0.316,0.060,0.020,1.213,1.473,2,NULL,NULL,,3,0,2,7,255,1404,250,0,0
stim,193175,223296,0,223296,3420604.454,-0.693,-0.062,0.054,0.717,2093,699,2860,2651,2800,2437,2351,2777,44,0.960,1,2236,1,45.313,0.409,-30.000,-12.375,-31.625,-0.152,-0.063,1.012,0.109,0.395,0.242,0.060,0.020,1.213,1.473,2,NULL,NULL,,3,0,2,7,255,1404,250,0,0
stim,193175,223296,0,223296,3420609.455,-0.694,-0.063,0.053,0.716,2023,691,2875,2614,2821,2427,2387,2764,44,0.960,1,2236,1,49.559,0.157,-32.063,-13.125,-35.438,-0.160,-0.035,1.000,0.109,0.113,0.227,0.062,0.020,1.213,1.473,2,NULL,NULL,,3,0,2,7,255,1404,250,0,0
stim,193175,223296,0,223296,3420614.453,-0.695,-0.064,0.051,0.715,1938,682,2895,2582,2760,2430,2413,2779,44,0.960,1,2236,1,49.512,0.222,-28.625,-12.625,-38.375,-0.125,-0.020,0.965,-0.191,0.113,0.121,0.064,0.018,1.213,1.473,2,NULL,NULL,,3,0,2,7,255,1404,250,0,0
stim,193175,223296,0,223296,3420619.455,-0.696,-0.064,0.050,0.714,1847,672,2921,2543,2837,2423,2455,2795,44,0.960,1,2236,1,44.306,0.321,-24.125,-13.813,-34.500,-0.098,-0.051,1.000,-0.191,0.258,0.023,0.064,0.018,1.213,1.473,2,NULL,NULL,,3,0,2,7,255,1404,250,0,0
stim,193175,223296,0,223296,3420624.454,-0.697,-0.064,0.048,0.713,1760,669,2927,2505,2849,2406,2479,2790,44,0.960,1,2236,1,44.803,0.272,-27.875,-13.938,-32.188,-0.148,-0.059,1.063,-0.086,0.258,0.023,0.064,0.018,1.213,1.473,2,NULL,NULL,,3,0,2,7,255,1404,250,0,0
stim,193175,223296,0,223296,3420629.455,-0.698,-0.065,0.047,0.712,1654,664,2935,2443,2787,2408,2501,2799,44,0.960,1,2236,1,48.007,0.196,-31.938,-14.563,-32.750,-0.148,0.012,1.023,-0.086,0.176,0.281,0.066,0.018,1.213,1.473,2,NULL,NULL,,3,0,2,7,255,1404,250,0,0
stim,193203,223324,0,223324,3420634.453,-0.699,-0.065,0.045,0.711,1561,655,2944,2379,2862,2399,2532,2811,44,0.960,1,2236,1,47.170,0.767,-28.938,-14.500,-34.313,-0.125,0.020,0.973,-0.746,0.176,0.281,0.066,0.020,1.213,1.473,2,NULL,NULL,,3,0,2,7,255,1404,250,0,0
stim,193203,223324,0,223324,3420639.455,-0.700,-0.065,0.044,0.710,1437,637,2969,2331,2867,2395,2565,2823,44,0.960,1,2236,1,41.856,0.776,-22.875,-15.375,-31.500,-0.113,-0.039,0.969,-0.746,0.215,-0.223,0.068,0.020,1.213,1.473,2,NULL,NULL,,3,0,2,7,255,1404,250,0,0
stim,193203,223324,0,223324,3420644.454,-0.700,-0.065,0.043,0.709,1273,621,2969,2275,2871,2391,2581,2823,44,0.960,1,2236,1,38.105,0.425,-20.813,-15.438,-27.938,-0.121,-0.094,1.000,-0.301,0.301,-0.223,0.070,0.020,1.213,1.473,2,NULL,NULL,,3,0,2,7,255,1404,250,0,0
stim,193203,223324,0,223324,3420649.455,-0.701,-0.066,0.041,0.709,1173,613,2983,2195,2890,2375,2611,2829,44,0.960,1,2236,1,37.546,0.345,-22.438,-16.000,-25.500,-0.141,-0.094,1.023,0.168,0.301,0.105,0.072,0.020,1.213,1.473,2,NULL,NULL,,3,0,2,7,255,1404,250,0,0
stim,193242,223363,0,223363,3420654.453,-0.702,-0.066,0.040,0.708,1051,557,2995,2125,2892,2356,2629,2831,44,0.960,1,2236,1,38.444,0.345,-23.813,-17.000,-24.938,-0.109,-0.047,1.008,0.168,0.301,0.109,0.072,0.020,1.213,1.473,2,NULL,NULL,,3,0,2,7,255,1404,250,0,0
stim,193242,223363,1,223363,3420659.455,-0.703,-0.066,0.039,0.707,955,533,3001,2011,2842,2345,2641,2839,44,0.960,1,2236,1,38.344,0.321,-24.688,-17.313,-23.688,-0.152,-0.051,1.027,-0.297,0.121,0.344,0.074,0.020,1.213,1.473,2,NULL,NULL,,3,1,2,7,255,1404,250,0,0
stim,193242,223363,1,223363,3420664.454,-0.703,-0.066,0.037,0.707,831,503,3019,1880,2909,2328,2655,2845,44,0.960,1,2236,1,41.608,0.298,-25.625,-17.938,-27.438,-0.156,-0.063,1.000,-0.297,-0.023,0.141,0.076,0.020,1.213,1.473,2,NULL,NULL,,3,1,2,7,255,1404,250,0,0
stim,193242,223363,1,223363,3420669.455,-0.704,-0.066,0.036,0.706,691,453,3015,1746,2909,2299,2669,2851,44,0.960,1,2236,1,38.345,0.306,-19.000,-19.063,-27.313,-0.129,-0.051,0.965,-0.305,-0.023,0.141,0.078,0.020,1.213,1.473,2,NULL,NULL,,3,1,2,7,255,1404,250,0,0
stim,193242,223363,1,223363,3420674.453,-0.705,-0.066,0.035,0.705,539,425,3021,1587,2919,2283,2685,2845,44,0.960,1,2236,1,32.104,0.317,-8.188,-20.063,-23.688,-0.117,-0.043,0.973,-0.305,0.086,-0.215,0.078,0.020,1.213,1.473,2,NULL,NULL,,3,1,2,7,255,1404,250,0,0
stim,193242,223363,1,223363,3420679.455,-0.706,-0.065,0.034,0.705,397,393,3035,1453,2925,2264,2696,2852,44,0.960,1,2236,1,30.903,0.373,-4.125,-21.750,-21.563,-0.141,-0.051,1.031,-0.363,0.086,-0.215,0.080,0.022,1.213,1.473,2,NULL,NULL,,3,1,2,7,255,1404,250,0,0
stim,193242,223363,1,223363,3420684.454,-0.706,-0.065,0.033,0.704,297,363,3039,1276,2937,2248,2713,2863,44,0.960,1,2236,1,32.286,0.376,-4.813,-23.313,-21.813,-0.133,-0.066,1.055,-0.363,0.098,0.391,0.082,0.022,1.213,1.473,2,NULL,NULL,,3,1,2,7,255,1404,250,0,0
stim,193242,223363,1,223363,3420689.455,-0.707,-0.064,0.032,0.704,208,327,3047,1135,2925,2219,2733,2863,44,0.960,1,2236,1,33.477,0.324,-8.188,-24.375,-21.438,-0.117,-0.059,1.055,-0.309,0.098,0.586,0.082,0.022,1.213,1.473,2,NULL,NULL,,3,1,2,7,255,1404,250,0,0
stim,193242,223363,1,223363,3420694.453,-0.707,-0.064,0.031,0.703,111,263,3053,953,2953,2197,2747,2869,44,0.960,1,2236,1,31.944,0.374,-6.875,-27.000,-15.625,-0.109,-0.051,1.035,-0.309,0.211,0.586,0.082,0.022,1.213,1.473,2,NULL,NULL,,3,1,2,7,255,1404,250,0,0
stim,193242,223363,1,223363,3420699.455,-0.708,-0.063,0.030,0.703,73,218,3061,798,2963,2163,2767,2872,44,0.960,1,2236,1,31.072,0.463,-1.750,-28.813,-11.500,-0.105,-0.020,1.031,-0.395,0.242,0.383,0.082,0.024,1.213,1.473,2,NULL,NULL,,3,1,2,7,255,1404,250,0,0
stim,193273,223394,1,223394,3420704.453,-0.708,-0.061,0.029,0.703,45,171,3064,639,2966,2137,2785,2873,44,0.960,1,2236,1,33.099,0.729,4.813,-31.625,-8.500,-0.148,0.008,1.113,-0.688,0.242,0.383,0.080,0.026,1.213,1.473,2,NULL,NULL,,3,1,2,7,255,1404,250,0,0
stim,193273,223394,1,223394,3420709.455,-0.708,-0.060,0.028,0.703,28,133,3069,525,2972,2107,2803,2879,44,0.960,1,2236,1,35.222,1.002,1.250,-34.063,-8.875,-0.133,0.020,1.172,-0.996,0.105,1.168,0.080,0.030,1.213,1.473,2,NULL,NULL,,3,1,2,7,255,1404,250,0,0
stim,193273,223394,1,223394,3420714.453,-0.709,-0.059,0.027,0.703,20,95,3077,427,2979,2072,2821,2885,44,0.960,1,2236,1,36.435,1.000,-1.625,-35.188,-9.313,-0.172,-0.023,1.227,-0.996,-0.086,1.695,0.078,0.032,1.213,1.473,2,NULL,NULL,,3,1,2,7,255,1404,250,0,0
stim,193273,223394,1,223394,3420719.455,-0.708,-0.058,0.026,0.703,13,79,3081,353,2975,2031,2831,2885,44,0.960,1,2236,1,41.738,0.806,-4.438,-41.250,4.563,-0.164,-0.031,1.281,-0.793,-0.145,2.289,0.076,0.034,1.213,1.473,2,NULL,NULL,,3,1,2,7,255,1404,250,0,0
stim,193293,223414,1,223414,3420724.454,-0.708,-0.058,0.024,0.703,4,59,3087,263,2989,1992,2841,2889,44,0.960,1,2236,1,50.354,0.771,-28.500,-41.000,6.500,-0.078,-0.094,1.156,-0.758,-0.145,2.289,0.076,0.038,1.213,1.473,2,NULL,NULL,,3,1,2,7,255,1404,250,0,0
stim,193293,223414,1,223414,3420729.455,-0.708,-0.057,0.021,0.704,0,53,3089,247,2997,1955,2855,2889,44,0.960,1,2236,1,57.405,0.170,-33.750,-43.188,17.063,-0.180,-0.160,1.012,-0.090,-0.145,1.582,0.076,0.040,1.213,1.473,2,NULL,NULL,,3,1,2,7,255,1404,250,0,0
stim,193293,223414,1,223414,3420734.453,-0.707,-0.057,0.020,0.705,0,37,3091,222,3001,1903,2861,2890,44,0.960,1,2236,1,56.424,0.956,-13.688,-49.438,23.500,-0.270,-0.219,1.055,0.668,-0.684,0.875,0.076,0.042,1.213,1.473,2,NULL,NULL,,3,1,2,7,255,1404,250,0,0
stim,193293,223414,1,223414,3420739.455,-0.706,-0.055,0.018,0.705,0,20,3093,183,3003,1851,2877,2891,44,0.960,1,2236,1,55.547,1.949,-4.125,-53.563,14.125,-0.320,-0.242,1.055,1.176,-1.555,0.875,0.074,0.046,1.213,1.473,2,NULL,NULL,,3,1,2,7,255,1404,250,0,0
stim,193293,223414,1,223414,3420744.453,-0.707,-0.054,0.016,0.705,0,7,3095,169,3005,1787,2893,2891,44,0.960,1,2236,1,55.493,1.949,-5.500,-54.188,-10.625,-0.172,-0.168,1.016,1.176,-1.555,0.875,0.072,0.050,1.213,1.473,2,NULL,NULL,,3,1,2,7,255,1404,250,0,0
stim,193293,223414,1,223414,3420749.455,-0.707,-0.052,0.014,0.705,0,0,3096,114,3007,1719,2903,2889,44,0.960,1,2236,0,58.209,0.995,1.250,-58.063,-3.938,-0.152,-0.094,1.098,0.688,-0.719,0.949,0.070,0.054,1.213,1.473,3,NULL,NULL,,3,1,2,7,255,1404,250,0,0
stim,193340,223461,1,223461,3420754.454,-0.707,-0.050,0.013,0.706,0,0,3090,87,3007,1652,2905,2877,44,0.960,1,2236,0,61.132,0.523,2.188,-61.063,1.938,-0.148,-0.047,1.164,-0.086,-0.516,1.063,0.070,0.056,1.213,1.473,3,NULL,NULL,,3,1,2,7,255,1404,250,0,0
stim,193340,223461,1,223461,3420759.455,-0.706,-0.048,0.011,0.706,0,0,3095,87,3021,1595,2923,2892,44,0.960,1,2236,0,64.631,0.781,-5.375,-64.250,4.500,-0.141,-0.008,1.191,-0.609,-0.488,1.672,0.068,0.060,1.213,1.473,3,NULL,NULL,,3,1,2,7,255,1404,250,0,0
stim,193340,223461,1,223461,3420764.454,-0.706,-0.047,0.008,0.706,0,0,3093,55,3027,1507,2935,2888,44,0.960,1,2236,0,67.991,0.781,-15.938,-65.813,6.125,-0.145,-0.059,1.156,-0.609,-0.488,1.672,0.066,0.062,1.213,1.473,3,NULL,NULL,,3,1,2,7,255,1404,250,0,0
stim,193340,223461,1,223461,3420769.455,-0.706,-0.045,0.006,0.707,0,0,3091,11,3031,1397,2941,2888,44,0.960,1,2236,0,70.516,0.763,-14.250,-68.938,4.125,-0.188,-0.125,1.047,-0.488,-0.586,1.586,0.064,0.066,1.213,1.473,3,NULL,NULL,,3,1,2,7,255,1404,250,0,0
stim,193340,223461,1,223461,3420774.454,-0.706,-0.043,0.003,0.707,0,0,3089,0,3033,1297,2953,2879,44,0.960,1,2236,0,73.931,0.770,-7.625,-73.500,2.313,-0.145,-0.145,1.090,0.219,-0.738,1.008,0.064,0.068,1.213,1.473,3,NULL,NULL,,3,1,2,7,255,1404,250,0,0
stim,193340,223461,1,223461,3420779.455,-0.706,-0.041,0.001,0.707,0,0,3087,0,3033,1213,2957,2875,44,0.960,1,2236,0,75.204,0.993,-0.438,-75.188,1.500,-0.152,-0.141,1.055,0.387,-0.914,0.664,0.062,0.070,1.213,1.473,3,NULL,NULL,,3,1,2,7,255,1404,250,0,0
stim,193362,223483,1,223483,3420784.453,-0.706,-0.039,-0.001,0.707,0,0,3081,0,3036,1109,2967,2871,44,0.960,1,2236,0,79.853,0.833,2.375,-79.813,-0.875,-0.117,-0.102,1.105,0.387,-0.738,1.008,0.060,0.074,1.213,1.473,3,NULL,NULL,,3,1,2,7,255,1404,250,0,0
stim,193362,223483,1,223483,3420789.455,-0.706,-0.036,-0.004,0.708,0,0,3067,0,3035,967,2971,2863,44,0.960,1,2236,0,79.905,0.644,2.125,-79.875,-0.500,-0.082,-0.082,1.074,-0.066,-0.641,0.773,0.060,0.076,1.213,1.473,3,NULL,NULL,,3,1,2,7,255,1404,250,0,0
stim,193362,223483,1,223483,3420794.454,-0.705,-0.033,-0.006,0.708,0,0,3067,0,3043,829,2983,2856,44,0.960,1,2236,0,82.861,0.559,5.125,-82.688,1.563,-0.090,-0.063,1.078,-0.215,-0.516,0.797,0.058,0.080,1.213,1.473,3,NULL,NULL,,3,1,2,7,255,1404,250,0,0
stim,193362,223483,1,223483,3420799.455,-0.705,-0.031,-0.009,0.708,0,0,3061,0,3044,721,2988,2845,44,0.960,1,2236,0,87.484,0.556,5.938,-86.938,7.750,-0.063,-0.051,1.137,-0.410,-0.375,0.797,0.058,0.082,1.213,1.473,3,NULL,NULL,,3,1,2,7,255,1404,250,0,0
stim,193362,223483,1,223483,3420804.453,-0.705,-0.028,-0.011,0.709,0,0,3053,0,3047,610,2995,2837,44,0.960,1,2236,0,90.397,0.664,-4.250,-89.000,15.250,-0.063,-0.047,1.207,-0.551,-0.371,1.344,0.056,0.086,1.213,1.473,3,NULL,NULL,,3,1,2,7,255,1404,250,0,0
stim,193362,223483,1,223483,3420809.455,-0.704,-0.025,-0.014,0.710,0,0,3047,0,3023,533,2999,2827,44,0.960,1,2236,0,93.556,0.664,-6.750,-92.313,13.625,-0.176,-0.051,1.059,-0.551,-0.371,1.344,0.054,0.088,1.213,1.473,3,NULL,NULL,,3,1,2,7,255,1404,250,0,0
stim,193391,223512,1,223512,3420814.454,-0.704,-0.022,-0.017,0.710,0,0,3039,0,3047,419,3001,2811,44,0.960,1,2236,0,96.431,1.215,4.000,-96.188,5.563,-0.117,-0.055,1.070,-0.504,-1.105,0.711,0.054,0.092,1.213,1.473,3,NULL,NULL,,3,1,2,7,255,1404,250,0,0
stim,193391,223512,1,223512,3420819.455,-0.703,-0.019,-0.020,0.710,0,0,3028,0,3048,308,3007,2796,44,0.960,1,2236,0,102.830,1.195,8.563,-102.125,8.438,-0.043,-0.063,1.078,-0.453,-1.105,0.711,0.052,0.094,1.213,1.473,3,NULL,NULL,,3,1,2,7,255,1404,250,0,0
stim,193391,223512,1,223512,3420824.454,-0.702,-0.015,-0.022,0.711,0,0,3017,0,3053,205,3012,2785,44,0.960,1,2236,0,109.095,0.617,15.563,-106.500,17.813,-0.008,-0.078,1.098,-0.367,-0.496,0.773,0.052,0.098,1.213,1.473,3,NULL,NULL,,3,1,2,7,255,1404,250,0,0
stim,193391,223512,1,223512,3420829.455,-0.701,-0.011,-0.025,0.712,0,0,2997,0,3049,138,3017,2767,44,0.960,1,2236,0,113.312,0.495,11.875,-109.375,27.125,-0.004,-0.063,1.223,-0.367,-0.332,0.973,0.052,0.102,1.213,1.473,3,NULL,NULL,,3,1,2,7,255,1404,250,0,0
stim,193391,223512,1,223512,3420834.454,-0.700,-0.008,-0.029,0.713,0,0,2983,0,3049,55,3022,2749,44,0.960,1,2236,0,116.675,0.584,-4.250,-111.625,33.688,-0.039,0.039,1.273,-0.480,-0.332,2.180,0.052,0.106,1.213,1.473,3,NULL,NULL,,3,1,2,7,255,1404,250,0,0
stim,193391,223512,1,223512,3420839.455,-0.699,-0.005,-0.033,0.715,0,0,2957,0,3023,42,3026,2731,44,0.960,1,2236,0,123.608,1.523,-25.000,-114.188,40.188,0.023,0.055,1.281,-1.484,-0.340,2.578,0.052,0.110,1.213,1.473,3,NULL,NULL,,3,1,2,7,255,1404,250,0,0
stim,193422,223543,1,223543,3420844.453,-0.697,-0.003,-0.037,0.716,0,0,2939,0,3049,21,3030,2710,44,0.960,1,2236,0,132.519,1.708,-37.500,-116.313,51.250,-0.027,0.039,1.215,-1.496,-0.824,2.578,0.052,0.114,1.213,1.473,3,NULL,NULL,,3,1,2,7,255,1404,250,0,0
stim,193422,223543,1,223543,3420849.455,-0.695,-0.000,-0.042,0.718,0,0,2919,0,3047,0,3033,2685,44,0.960,1,2236,0,135.839,1.763,-33.875,-120.563,52.625,-0.121,0.020,1.105,-1.496,-0.934,1.996,0.054,0.118,1.213,1.473,3,NULL,NULL,,3,1,2,7,255,1404,250,0,0
stim,193444,223565,1,223565,3420854.454,-0.693,0.003,-0.046,0.719,0,0,2901,0,3047,0,3035,2653,44,0.960,1,2236,0,132.609,2.232,-20.438,-124.750,40.063,-0.133,-0.023,1.090,-1.199,-1.883,0.883,0.054,0.120,1.213,1.473,3,NULL,NULL,,3,1,2,7,255,1404,250,0,0
stim,193444,223565,1,223565,3420859.455,-0.692,0.006,-0.050,0.720,0,0,2862,0,3038,0,3043,2615,44,0.960,1,2236,0,132.348,2.045,-12.000,-127.813,32.188,-0.055,-0.043,1.211,-0.797,-1.883,0.883,0.056,0.124,1.213,1.473,3,NULL,NULL,,3,1,2,7,255,1404,250,0,0
stim,193444,223565,1,223565,3420864.454,-0.690,0.010,-0.054,0.721,0,0,2839,0,3034,0,3046,2573,44,0.960,1,2236,0,136.013,2.009,-17.750,-130.875,32.500,-0.063,-0.027,1.309,-0.797,-1.844,1.969,0.056,0.128,1.213,1.473,3,NULL,NULL,,3,1,2,7,255,1404,250,0,0
stim,193444,223565,1,223565,3420869.455,-0.689,0.013,-0.059,0.722,0,0,2799,0,3031,0,3047,2522,44,0.960,1,2236,0,140.296,2.081,-24.438,-134.813,30.188,-0.145,0.008,1.320,-0.965,-1.844,2.836,0.058,0.130,1.213,1.473,3,NULL,NULL,,3,1,2,7,255,1404,250,0,0
stim,193444,223565,1,223565,3420874.453,-0.688,0.016,-0.064,0.723,0,0,2773,0,3022,0,3048,2460,44,0.960,1,2236,0,141.262,2.679,-25.375,-137.625,19.250,-0.078,0.016,1.363,-1.297,-2.344,2.859,0.060,0.134,1.213,1.473,3,NULL,NULL,,3,1,2,7,255,1404,250,0,0
stim,193444,223565,1,223565,3420879.455,-0.687,0.020,-0.068,0.723,0,0,2732,0,3014,0,3051,2393,44,0.960,1,2236,0,144.498,2.766,-23.625,-141.063,20.563,-0.031,0.004,1.508,-1.469,-2.344,3.320,0.062,0.138,1.213,1.473,3,NULL,NULL,,3,1,2,7,255,1404,250,0,0
stim,193444,223565,1,223565,3420884.453,-0.685,0.023,-0.074,0.724,0,0,2695,0,3000,0,3047,2301,44,0.960,1,2236,0,156.363,2.789,-39.250,-147.688,33.125,-0.102,0.055,1.609,-1.512,-2.344,4.730,0.064,0.144,1.213,1.473,3,NULL,NULL,,3,1,2,7,255,1404,250,0,0
stim,193444,223565,1,223565,3420889.455,-0.684,0.026,-0.080,0.725,0,0,2649,0,2987,0,3047,2205,44,0.960,1,2236,0,169.372,3.883,-67.500,-152.750,28.250,-0.164,0.137,1.582,-2.113,-3.258,5.059,0.066,0.150,1.213,1.473,3,NULL,NULL,,3,1,2,7,255,1404,250,0,0
stim,193444,223565,1,223565,3420894.453,-0.683,0.029,-0.087,0.725,0,0,2603,0,2972,0,3045,2102,44,0.960,1,2236,0,172.674,4.673,-71.625,-156.875,8.750,-0.234,0.074,1.492,-2.246,-4.098,5.059,0.070,0.156,1.213,1.473,3,NULL,NULL,,3,1,2,7,255,1404,250,0,0
stim,193444,223565,1,223565,3420899.455,-0.682,0.032,-0.094,0.724,0,0,2539,0,2955,0,3038,1971,44,0.960,1,2236,0,180.097,5.286,-66.250,-167.250,-8.563,-0.285,0.066,1.414,-2.246,-4.785,4.086,0.072,0.162,1.213,1.473,3,NULL,NULL,,3,1,2,7,255,1404,250,0,0
stim,193473,223594,1,223594,3420904.454,-0.682,0.036,-0.101,0.723,0,0,2473,0,2931,0,3035,1827,44,0.960,1,2236,0,185.813,5.235,-53.500,-175.875,-27.063,-0.207,0.039,1.414,-2.113,-4.789,3.254,0.074,0.168,1.213,1.473,3,NULL,NULL,,3,1,2,7,255,1404,250,0,0
stim,193473,223594,0,223594,3420909.455,-0.682,0.041,-0.108,0.722,0,0,2409,0,2911,0,3029,1672,44,0.960,1,2236,0,197.059,5.235,-51.938,-186.688,-35.813,-0.109,0.098,1.621,-2.113,-4.789,3.254,0.078,0.174,1.213,1.473,3,NULL,NULL,,3,0,2,7,255,1405,250,0,0
stim,193473,223594,0,223594,3420914.453,-0.682,0.045,-0.117,0.720,0,0,2343,0,2869,0,3017,1526,44,0.960,1,2236,0,210.975,5.578,-71.875,-196.500,-27.063,-0.094,0.133,1.680,-2.879,-4.777,5.262,0.082,0.180,1.213,1.473,3,NULL,NULL,,3,0,2,7,255,1405,250,0,0
stim,193473,223594,0,223594,3420919.455,-0.682,0.049,-0.126,0.719,0,0,2277,0,2842,0,3005,1398,44,0.960,1,2236,0,226.397,5.861,-87.813,-208.125,-15.125,-0.195,0.176,1.609,-3.395,-4.777,5.262,0.086,0.190,1.213,1.473,3,NULL,NULL,,3,0,2,7,255,1405,250,0,0
stim,193473,223594,0,223594,3420924.454,-0.681,0.053,-0.135,0.718,0,0,2197,0,2811,0,2981,1272,44,0.960,1,2236,0,237.880,6.848,-87.813,-220.375,-17.625,-0.285,0.156,1.559,-3.531,-5.867,4.602,0.092,0.200,1.213,1.473,3,NULL,NULL,,3,0,2,7,255,1405,250,0,0
stim,193473,223594,0,223594,3420929.455,-0.680,0.058,-0.144,0.716,0,0,2123,0,2759,0,2961,1175,44,0.960,1,2236,0,247.487,7.842,-74.000,-234.750,-25.813,-0.246,0.199,1.645,-3.758,-6.883,4.500,0.098,0.210,1.213,1.473,3,NULL,NULL,,3,0,2,7,255,1405,250,0,0
stim,193523,223644,0,223644,3420934.453,-0.679,0.064,-0.154,0.715,0,0,2037,0,2739,0,2931,1107,44,0.960,1,2236,0,260.939,8.053,-78.813,-246.750,-31.500,-0.129,0.328,1.848,-4.180,-6.883,4.500,0.104,0.222,1.213,1.473,3,NULL,NULL,,3,0,2,7,255,1405,250,0,0
stim,193523,223644,0,223644,3420939.455,-0.678,0.069,-0.165,0.713,0,0,1935,0,2694,0,2893,1003,44,0.960,1,2236,0,278.883,9.044,-99.563,-259.438,-23.563,-0.020,0.445,1.926,-5.871,-6.879,6.301,0.110,0.236,1.213,1.473,3,NULL,NULL,,3,0,2,7,255,1405,250,0,0
stim,193523,223644,0,223644,3420944.454,-0.677,0.074,-0.176,0.711,0,0,1807,0,2637,0,2838,920,44,0.960,1,2236,0,287.600,10.023,-105.000,-267.375,-14.125,0.004,0.527,1.977,-7.305,-6.863,6.988,0.120,0.252,1.213,1.473,3,NULL,NULL,,3,0,2,7,255,1405,250,0,0
stim,193523,223644,0,223644,3420949.455,-0.675,0.080,-0.186,0.710,0,0,1711,0,2584,0,2795,855,44,0.960,1,2236,0,285.946,10.792,-85.625,-272.813,2.563,-0.023,0.508,2.191,-8.328,-6.863,7.137,0.132,0.268,1.213,1.473,3,NULL,NULL,,3,0,2,7,255,1405,250,0,0
stim,193543,223664,0,223664,3420954.453,-0.672,0.086,-0.198,0.708,0,0,1609,0,2485,0,2733,765,44,0.960,1,2236,0,308.467,11.948,-116.250,-285.625,7.500,-0.273,0.723,2.559,-8.582,-8.313,8.777,0.144,0.286,1.213,1.473,3,NULL,NULL,,3,0,2,7,255,1405,250,0,0
stim,193543,223664,0,223664,3420959.455,-0.671,0.089,-0.213,0.705,0,0,1433,0,2342,0,2636,703,44,0.960,1,2236,0,347.765,15.780,-185.250,-293.688,-19.250,-0.230,0.648,2.355,-10.512,-11.770,8.777,0.160,0.306,1.213,1.473,3,NULL,NULL,,3,0,2,7,255,1405,250,0,0
stim,193543,223664,0,223664,3420964.454,-0.669,0.093,-0.228,0.701,0,0,1277,0,2258,0,2539,619,44,0.960,1,2236,0,373.668,15.780,-212.250,-306.063,-30.063,0.012,0.320,1.789,-10.512,-11.770,8.418,0.178,0.328,1.213,1.473,3,NULL,NULL,,3,0,2,7,255,1405,250,0,0
stim,193543,223664,0,223664,3420969.455,-0.666,0.097,-0.243,0.698,0,0,1114,0,2099,0,2414,567,44,0.960,1,2236,0,369.246,10.249,-184.750,-319.688,-3.188,0.129,0.090,1.449,-6.770,-7.695,4.824,0.198,0.352,1.213,1.473,3,NULL,NULL,,3,0,2,7,255,1405,250,0,0
stim,193543,223664,0,223664,3420974.453,-0.662,0.102,-0.258,0.696,0,0,925,0,1928,0,2239,530,44,0.960,1,2236,0,367.853,7.414,-147.438,-335.625,30.563,0.086,0.023,1.410,-4.172,-6.129,2.723,0.222,0.380,1.213,1.473,3,NULL,NULL,,3,0,2,7,255,1405,250,0,0
stim,193543,223664,0,223664,3420979.455,-0.657,0.109,-0.271,0.695,0,0,690,0,1739,0,2023,461,44,0.960,1,2236,0,365.320,7.189,-105.000,-347.375,42.000,0.004,-0.004,1.605,-3.758,-6.129,2.723,0.248,0.408,1.213,1.473,3,NULL,NULL,,3,0,2,7,255,1405,250,0,0
stim,193544,223665,0,223665,3420984.454,-0.652,0.118,-0.283,0.694,0,0,527,0,1485,0,1749,403,44,0.960,1,2236,0,353.174,9.016,-61.750,-346.625,27.750,-0.023,0.074,2.070,-3.758,-8.195,3.141,0.272,0.436,1.213,1.473,3,NULL,NULL,,3,0,2,7,255,1405,250,0,0
stim,193544,223665,0,223665,3420989.455,-0.647,0.126,-0.295,0.692,0,0,307,0,1253,0,1354,330,44,0.960,1,2236,0,354.895,12.566,-63.188,-348.438,23.438,-0.055,0.070,2.434,-5.559,-11.270,6.211,0.304,0.470,1.213,1.473,3,NULL,NULL,,3,0,2,7,255,1405,250,0,0
stim,193544,223665,0,223665,3420994.453,-0.642,0.133,-0.308,0.690,0,0,236,0,1004,0,816,286,44,0.960,1,2236,0,367.375,15.339,-100.688,-352.500,23.875,0.016,0.012,2.480,-6.109,-14.070,8.484,0.336,0.506,1.213,1.473,3,NULL,NULL,,3,0,2,7,255,1405,250,0,0
stim,193544,223665,0,223665,3420999.455,-0.636,0.139,-0.322,0.687,0,0,174,0,677,0,333,212,44,0.960,1,2236,0,381.220,15.372,-133.375,-354.438,43.750,0.039,0.078,2.188,-6.191,-14.070,8.484,0.374,0.544,1.213,1.473,3,NULL,NULL,,3,0,2,7,255,1405,250,0,0
stim,193571,223692,0,223692,3421004.454,-0.630,0.145,-0.336,0.685,0,0,100,0,361,0,4,135,44,0.960,1,2236,0,382.950,14.385,-125.188,-356.625,61.625,-0.195,0.281,1.543,-6.191,-12.984,6.195,0.412,0.584,1.213,1.473,3,NULL,NULL,,3,0,2,7,255,1405,250,0,0
stim,193571,223692,0,223692,3421009.455,-0.623,0.152,-0.350,0.683,0,0,109,0,133,0,0,74,44,0.960,1,2236,0,383.051,14.400,-118.625,-359.563,58.063,-0.234,0.340,1.801,-6.227,-12.984,0.051,0.450,0.626,1.213,1.473,3,NULL,NULL,,3,0,2,7,255,1405,250,0,0
stim,193571,223692,0,223692,3421014.454,-0.616,0.157,-0.365,0.681,0,0,123,0,0,0,0,37,44,0.960,1,2236,0,393.994,15.285,-153.750,-354.625,76.375,-0.273,0.504,1.762,-7.406,-13.371,-0.898,0.494,0.670,1.213,1.473,3,NULL,NULL,,3,0,2,7,255,1405,250,0,0
stim,193571,223692,0,223692,3421019.455,-0.608,0.160,-0.380,0.678,0,0,111,0,0,0,0,19,44,0.960,1,2236,0,413.722,16.256,-198.875,-345.188,111.625,-0.402,0.859,1.699,-8.824,-13.652,-1.539,0.546,0.724,1.213,1.473,4,NULL,NULL,,3,0,2,7,255,1405,250,0,0
stim,193594,223715,0,223715,3421024.454,-0.601,0.161,-0.397,0.675,0,0,103,0,0,0,0,3,44,0.960,1,2236,0,428.014,18.429,-246.688,-331.188,112.500,-0.707,1.074,1.547,-11.758,-14.191,-4.559,0.604,0.784,1.213,1.473,0,NULL,NULL,,3,0,2,7,255,1405,250,0,0
stim,193594,223715,0,223715,3421029.455,-0.594,0.161,-0.414,0.670,0,0,89,0,0,0,0,0,44,0.960,1,2236,0,426.130,18.656,-270.375,-320.688,75.125,-0.895,1.094,1.285,-11.758,-14.484,-9.016,0.672,0.852,1.213,1.473,0,NULL,NULL,,3,0,2,7,255,1405,250,0,0
stim,193594,223715,0,223715,3421034.454,-0.589,0.162,-0.431,0.664,0,0,92,0,0,0,0,0,44,0.960,1,2236,0,420.522,19.182,-288.438,-302.813,44.125,-0.988,0.789,1.457,-11.691,-15.207,-11.820,0.744,0.926,1.213,1.473,0,NULL,NULL,,3,0,2,7,255,1405,250,0,0
stim,193594,223715,0,223715,3421039.455,-0.585,0.161,-0.448,0.657,0,0,92,0,0,0,0,0,44,0.960,1,2236,0,441.369,17.209,-335.313,-286.313,19.938,-0.793,0.566,1.309,-9.293,-14.484,-11.820,0.818,1.002,1.213,1.473,0,NULL,NULL,,3,0,2,7,255,1405,250,0,0
stim,193594,223715,0,223715,3421044.453,-0.584,0.160,-0.464,0.647,0,0,88,0,0,0,0,11,44,0.960,1,2236,0,443.125,16.048,-359.875,-255.938,-36.688,-0.336,0.176,0.816,-7.441,-14.219,-10.961,0.888,1.072,1.213,1.473,0,NULL,NULL,,3,0,2,7,255,1405,250,0,0
stim,193594,223715,0,223715,3421049.455,-0.583,0.159,-0.478,0.637,0,0,87,0,0,0,0,11,44,0.960,1,2236,0,389.597,8.869,-318.125,-215.625,-63.938,-0.191,-0.180,0.664,-3.652,-8.082,-8.973,0.954,1.138,1.213,1.473,0,NULL,NULL,,3,0,2,7,255,1405,250,0,0
stim,193638,223759,0,223759,3421054.454,-0.583,0.158,-0.491,0.628,0,0,85,0,0,0,0,45,44,0.960,1,2236,0,352.805,6.624,-295.500,-181.500,-64.875,-0.188,-0.141,0.430,-0.539,-6.602,-8.715,1.018,1.202,1.213,1.473,0,NULL,NULL,,3,0,2,7,255,1405,250,0,0
stim,193638,223759,0,223759,3421059.455,-0.584,0.156,-0.501,0.620,0,0,89,0,0,0,0,59,44,0.960,1,2236,0,313.212,4.720,-270.000,-138.125,-78.250,-0.164,0.035,0.035,-0.105,-4.719,-8.715,1.078,1.266,1.213,1.473,0,NULL,NULL,,3,0,2,7,255,1405,250,0,0
stim,193638,223759,0,223759,3421064.455,-0.585,0.154,-0.509,0.612,0,0,87,0,0,0,0,86,44,0.960,1,2236,0,270.895,1.179,-243.500,-83.313,-84.563,0.023,0.191,-0.406,-0.086,-1.176,-11.090,1.144,1.332,1.213,1.473,0,NULL,NULL,,3,0,2,7,255,1405,250,0,0
stim,193638,223759,0,223759,3421069.455,-0.588,0.152,-0.515,0.605,0,0,87,0,0,0,0,94,44,0.960,1,2236,0,202.159,3.660,-184.125,-33.375,-76.500,0.035,0.254,-0.684,-0.020,3.660,-12.148,1.212,1.400,1.213,1.473,0,NULL,NULL,,3,0,2,7,255,1405,250,0,0
stim,193638,223759,0,223759,3421074.454,-0.591,0.150,-0.517,0.601,0,0,85,0,0,0,0,92,44,0.960,1,2236,0,131.430,6.108,-111.188,16.438,-68.125,0.090,0.242,-0.797,0.711,6.066,-13.375,1.296,1.486,1.213,1.473,0,NULL,NULL,,3,0,2,7,255,1405,250,0,0
stim,193638,223759,0,223759,3421079.455,-0.594,0.149,-0.516,0.600,0,0,83,0,0,0,0,93,44,0.960,1,2236,0,82.382,6.195,-24.063,58.750,-52.500,0.117,-0.035,-0.617,1.254,6.066,-13.375,1.382,1.574,1.213,1.473,0,NULL,NULL,,3,0,2,7,255,1405,250,0,0
stim,193661,223782,0,223782,3421084.453,-0.596,0.148,-0.513,0.600,0,0,72,0,0,0,0,83,44,0.960,1,2236,0,96.406,5.497,22.188,90.563,-24.500,0.090,-0.004,-0.422,1.629,5.250,-11.250,1.474,1.666,1.213,1.473,0,NULL,NULL,,3,0,2,7,255,1405,250,0,0
stim,193661,223782,0,223782,3421089.455,-0.599,0.146,-0.508,0.602,0,0,57,0,0,0,0,75,44,0.960,1,2236,0,140.531,4.021,60.313,126.875,3.750,0.047,0.016,-0.191,1.629,3.676,-10.840,1.568,1.762,1.213,1.473,0,NULL,NULL,,3,0,2,7,255,1405,250,0,0
stim,193661,223782,0,223782,3421094.454,-0.601,0.144,-0.502,0.605,0,0,57,0,0,0,0,73,44,0.960,1,2236,0,161.199,1.793,75.875,139.875,25.750,-0.223,0.375,-0.262,0.523,1.715,-10.840,1.660,1.854,1.213,1.473,0,NULL,NULL,,3,0,2,7,255,1405,250,0,0
stim,193661,223782,0,223782,3421099.455,-0.603,0.143,-0.495,0.609,0,0,48,0,0,0,0,63,44,0.960,1,2236,0,205.442,1.876,130.500,158.063,13.875,-0.309,0.254,-0.121,-1.008,1.582,-13.793,1.750,1.942,1.213,1.473,0,NULL,NULL,,3,0,2,7,255,1405,250,0,0
stim,193661,223782,0,223782,3421104.453,-0.605,0.143,-0.486,0.614,0,0,43,0,0,0,0,54,44,0.960,1,2236,0,229.598,1.576,155.063,168.500,16.688,-0.277,0.223,0.078,-1.543,-0.320,-13.793,1.828,2.020,1.213,1.473,0,NULL,NULL,,3,0,2,7,255,1405,250,0,0
stim,193661,223782,0,223782,3421109.455,-0.607,0.142,-0.477,0.619,0,0,39,0,0,0,0,57,44,0.960,1,2236,0,248.847,2.495,172.438,176.750,30.813,-0.258,0.301,0.219,-1.723,-1.805,-12.500,1.900,2.092,1.213,1.473,0,NULL,NULL,,3,0,2,7,255,1405,250,0,0
stim,193689,223810,0,223810,3421114.454,-0.609,0.141,-0.467,0.625,0,0,40,0,0,0,0,61,44,0.960,1,2236,0,259.804,3.993,179.750,182.750,42.313,-0.410,0.391,0.430,-3.020,-2.613,-12.297,1.962,2.154,1.213,1.473,0,NULL,NULL,,3,0,2,7,255,1405,250,0,0
stim,193689,223810,0,223810,3421119.455,-0.611,0.139,-0.458,0.631,0,0,40,0,0,0,0,57,44,0.960,1,2236,0,255.214,6.594,166.375,187.938,46.188,-0.477,0.477,0.512,-4.340,-4.965,-12.297,2.016,2.210,1.213,1.473,0,NULL,NULL,,3,0,2,7,255,1405,250,0,0
stim,193689,223810,0,223810,3421124.454,-0.613,0.138,-0.448,0.636,0,0,39,0,0,0,0,56,44,0.960,1,2236,0,259.308,7.329,171.563,191.500,33.688,-0.484,0.289,0.484,-4.340,-5.906,-12.297,2.068,2.262,1.213,1.473,0,NULL,NULL,,3,0,2,7,255,1405,250,0,0
stim,193689,223810,0,223810,3421129.455,-0.614,0.137,-0.438,0.642,0,0,37,0,0,0,0,57,44,0.960,1,2236,0,265.581,7.193,178.375,192.188,42.188,-0.512,0.285,0.570,-3.746,-6.141,-11.848,2.114,2.308,1.213,1.473,0,NULL,NULL,,3,0,2,7,255,1405,250,0,0
stim,193689,223810,0,223810,3421134.454,-0.616,0.135,-0.428,0.647,0,0,35,0,0,0,0,51,44,0.960,1,2236,0,258.119,7.943,167.188,194.188,31.063,-0.496,0.359,0.742,-3.746,-7.004,-11.371,2.150,2.346,1.213,1.473,0,NULL,NULL,,3,0,2,7,255,1405,250,0,0
stim,193689,223810,0,223810,3421139.455,-0.619,0.133,-0.419,0.651,0,0,29,0,0,0,0,53,44,0.960,1,2236,0,248.541,9.189,151.188,196.188,20.625,-0.465,0.238,0.844,-4.387,-8.074,-10.410,2.180,2.376,1.213,1.473,0,NULL,NULL,,3,0,2,7,255,1405,250,0,0
stim,193721,223842,0,223842,3421144.453,-0.621,0.131,-0.410,0.655,0,0,19,0,0,0,0,55,44,0.960,1,2236,0,236.690,9.441,122.500,201.750,17.688,-0.379,0.242,0.859,-4.633,-8.227,-8.949,2.192,2.388,1.213,1.473,0,NULL,NULL,,3,0,2,7,255,1405,250,0,0
stim,193721,223842,0,223842,3421149.455,-0.624,0.128,-0.402,0.658,0,0,13,0,0,0,0,57,44,0.960,1,2236,0,232.845,9.323,102.750,208.563,12.688,-0.313,0.152,0.813,-4.387,-8.227,-8.066,2.196,2.392,1.213,1.473,0,NULL,NULL,,3,0,2,7,255,1405,250,0,0
stim,193744,223865,0,223865,3421154.453,-0.628,0.124,-0.393,0.661,0,0,11,0,0,0,0,84,44,0.960,1,2236,0,236.340,8.525,93.438,216.938,8.000,-0.293,0.164,0.832,-3.973,-7.543,-7.391,2.192,2.388,1.213,1.473,0,NULL,NULL,,3,0,2,7,255,1405,250,0,0
stim,193744,223865,0,223865,3421159.455,-0.631,0.120,-0.384,0.663,0,0,6,0,0,0,0,93,44,0.960,1,2236,0,240.366,8.439,78.313,227.250,0.438,-0.289,0.184,0.832,-3.973,-7.445,-7.047,2.182,2.378,1.213,1.473,0,NULL,NULL,,3,0,2,7,255,1405,250,0,0
stim,193744,223865,0,223865,3421164.454,-0.635,0.115,-0.376,0.665,0,0,8,0,0,0,0,101,44,0.960,1,2236,0,247.011,8.343,65.625,238.125,-2.125,-0.285,0.086,0.809,-3.973,-7.336,-6.891,2.170,2.368,1.213,1.473,0,NULL,NULL,,3,0,2,7,255,1405,250,0,0
stim,193744,223865,0,223865,3421169.455,-0.640,0.109,-0.367,0.667,0,0,9,0,0,0,0,104,44,0.960,1,2236,0,257.559,7.844,56.375,250.938,-13.750,-0.305,0.059,0.770,-3.195,-7.164,-6.625,2.160,2.358,1.213,1.473,0,NULL,NULL,,3,0,2,7,255,1405,250,0,0
stim,193744,223865,0,223865,3421174.453,-0.644,0.104,-0.358,0.668,0,0,5,0,0,0,0,108,44,0.960,1,2236,0,269.259,7.554,52.313,263.125,-23.000,-0.297,-0.020,0.699,-2.820,-7.008,-6.598,2.152,2.350,1.213,1.473,0,NULL,NULL,,3,0,2,7,255,1405,250,0,0
stim,193744,223865,0,223865,3421179.455,-0.649,0.098,-0.349,0.669,0,0,6,0,0,0,0,109,44,0.960,1,2236,0,280.843,6.807,55.250,274.563,-20.875,-0.316,-0.047,0.645,-1.891,-6.539,-6.625,2.146,2.346,1.213,1.473,0,NULL,NULL,,3,0,2,7,255,1405,250,0,0
stim,193744,223865,0,223865,3421184.454,-0.654,0.092,-0.338,0.670,0,0,12,0,0,0,0,111,44,0.960,1,2236,0,295.628,6.525,64.000,287.125,-29.313,-0.324,-0.016,0.617,-1.637,-6.316,-6.883,2.144,2.344,1.213,1.473,0,NULL,NULL,,3,0,2,7,255,1405,250,0,0
stim,193744,223865,0,223865,3421189.455,-0.660,0.086,-0.328,0.671,0,0,6,0,0,0,0,108,44,0.960,1,2236,0,308.556,6.525,73.438,297.125,-39.125,-0.336,0.004,0.684,-1.637,-6.316,-6.883,2.150,2.352,1.213,1.473,0,NULL,NULL,,3,0,2,7,255,1405,250,0,0
stim,193773,223894,0,223894,3421194.453,-0.665,0.080,-0.316,0.672,0,0,5,0,0,0,0,115,44,0.960,1,2236,0,316.752,6.351,78.250,304.125,-41.438,-0.309,-0.059,0.668,-1.637,-6.137,-6.531,2.160,2.362,1.213,1.473,0,NULL,NULL,,3,0,2,7,255,1405,250,0,0
stim,193773,223894,0,223894,3421199.455,-0.671,0.074,-0.305,0.672,0,0,9,0,0,0,0,117,44,0.960,1,2236,0,325.561,6.316,88.313,309.875,-46.563,-0.285,-0.082,0.664,-1.496,-6.137,-6.117,2.178,2.380,1.213,1.473,0,NULL,NULL,,3,0,2,7,255,1405,250,0,0
stim,193773,223894,0,223894,3421204.454,-0.676,0.069,-0.292,0.673,0,0,10,0,0,0,0,134,44,0.960,1,2236,0,334.460,5.969,101.875,313.750,-55.188,-0.172,-0.133,0.664,-1.305,-5.824,-5.785,2.200,2.404,1.213,1.473,0,NULL,NULL,,3,0,2,7,255,1405,250,0,0
stim,193773,223894,0,223894,3421209.455,-0.682,0.064,-0.279,0.673,0,0,10,0,0,0,0,136,44,0.960,1,2236,0,340.416,4.975,117.625,315.813,-48.063,-0.121,-0.082,0.766,-1.305,-4.801,-4.918,2.226,2.432,1.213,1.473,0,NULL,NULL,,3,0,2,7,255,1405,250,0,0
stim,193773,223894,0,223894,3421214.453,-0.687,0.059,-0.266,0.674,0,0,7,0,0,0,0,131,44,0.960,1,2236,0,341.181,5.087,124.688,314.500,-44.125,-0.160,-0.031,0.793,-1.684,-4.801,-3.898,2.258,2.464,1.213,1.473,0,NULL,NULL,,3,0,2,7,255,1405,250,0,0
stim,193773,223894,0,223894,3421219.455,-0.692,0.055,-0.253,0.674,0,0,10,0,0,0,0,137,44,0.960,1,2236,0,347.238,5.054,138.063,315.125,-47.000,-0.137,-0.051,0.805,-1.984,-4.648,-3.859,2.296,2.504,1.213,1.473,0,NULL,NULL,,3,0,2,7,255,1405,250,0,0
stim,193774,223896,0,223896,3421224.454,-0.696,0.051,-0.238,0.675,0,0,6,0,0,0,0,136,44,0.960,1,2236,0,354.169,4.990,157.875,314.063,-43.313,-0.078,-0.117,0.824,-1.984,-4.578,-3.480,2.338,2.548,1.213,1.473,0,NULL,NULL,,3,0,2,7,255,1405,250,0,0
stim,193774,223896,0,223896,3421229.455,-0.700,0.047,-0.223,0.676,0,0,7,0,0,0,0,147,44,0.960,1,2236,0,363.244,4.712,178.000,314.750,-34.563,-0.090,-0.086,0.949,-1.844,-4.336,-2.730,2.388,2.600,1.213,1.473,0,NULL,NULL,,3,0,2,7,255,1405,250,0,0
stim,193808,223929,0,223929,3421234.453,-0.704,0.044,-0.208,0.677,0,0,7,0,0,0,0,150,44,0.960,1,2236,0,370.194,4.712,188.313,316.813,-34.813,-0.148,0.020,1.125,-1.844,-4.336,-1.664,2.444,2.656,1.213,1.473,0,NULL,NULL,,3,0,2,7,255,1405,250,0,0
stim,193808,223929,0,223929,3421239.455,-0.708,0.041,-0.193,0.678,0,0,8,0,0,0,0,156,44,0.960,1,2236,0,374.296,5.800,193.938,317.750,-39.000,-0.125,-0.023,1.230,-2.844,-5.055,-0.406,2.502,2.714,1.213,1.473,0,NULL,NULL,,3,0,2,7,255,1405,250,0,0
stim,193808,223929,0,223929,3421244.454,-0.712,0.038,-0.177,0.679,0,0,6,0,0,0,0,153,44,0.960,1,2236,0,375.818,5.983,197.750,317.500,-36.438,-0.125,-0.020,1.375,-3.035,-5.156,0.883,2.558,2.774,1.213,1.473,0,NULL,NULL,,3,0,2,7,255,1405,250,0,0
stim,193808,223929,0,223929,3421249.455,-0.715,0.035,-0.161,0.679,0,0,12,0,0,0,0,158,44,0.960,1,2236,0,373.007,5.990,194.813,316.063,-35.875,-0.152,0.023,1.523,-3.035,-5.164,2.352,2.614,2.828,1.213,1.473,0,NULL,NULL,,3,0,2,7,255,1405,250,0,0
stim,193841,223962,0,223962,3421254.453,-0.718,0.032,-0.146,0.680,0,0,12,0,0,0,0,156,44,0.960,1,2236,0,365.579,6.245,184.188,313.688,-36.375,-0.129,0.051,1.641,-3.512,-5.164,3.754,2.664,2.882,1.213,1.473,0,NULL,NULL,,3,0,2,7,255,1405,250,0,0
stim,193841,223962,0,223962,3421259.455,-0.721,0.029,-0.131,0.680,0,0,10,0,0,0,0,156,44,0.960,1,2236,0,355.119,6.369,169.313,309.875,-37.688,-0.141,0.086,1.715,-3.766,-5.137,5.059,2.706,2.924,1.213,1.473,0,NULL,NULL,,3,0,2,7,255,1405,250,0,0
stim,193841,223962,0,223962,3421264.454,-0.724,0.025,-0.117,0.679,0,0,11,0,0,0,0,157,44,0.960,1,2236,0,343.134,6.272,149.125,306.125,-42.313,-0.086,0.086,1.746,-3.813,-4.980,5.867,2.742,2.960,1.213,1.473,0,NULL,NULL,,3,0,2,7,255,1405,250,0,0
stim,193841,223962,0,223962,3421269.455,-0.727,0.020,-0.104,0.679,0,0,11,0,0,0,0,159,44,0.960,1,2236,0,331.341,5.586,132.563,301.063,-39.688,-0.055,0.066,1.730,-3.813,-4.082,6.457,2.772,2.992,1.213,1.473,0,NULL,NULL,,3,0,2,7,255,1405,250,0,0
stim,193841,223962,0,223962,3421274.454,-0.730,0.015,-0.090,0.678,0,0,16,0,0,0,0,163,44,0.960,1,2236,0,321.014,4.762,117.750,295.750,-41.438,-0.051,0.016,1.664,-3.383,-3.352,6.457,2.792,3.014,1.213,1.473,0,NULL,NULL,,3,0,2,7,255,1405,250,0,0
stim,193841,223962,0,223962,3421279.455,-0.732,0.011,-0.078,0.677,0,0,11,0,0,0,0,163,44,0.960,1,2236,0,314.192,4.011,111.500,290.875,-40.938,-0.043,0.063,1.672,-2.840,-2.832,6.188,2.810,3.032,1.213,1.473,0,NULL,NULL,,3,0,2,7,255,1405,250,0,0
stim,193841,223962,0,223962,3421284.454,-0.735,0.006,-0.065,0.675,0,0,16,0,0,0,0,165,44,0.960,1,2236,0,306.631,3.466,97.125,286.875,-47.875,0.016,0.043,1.609,-2.574,-2.320,6.074,2.822,3.046,1.213,1.473,0,NULL,NULL,,3,0,2,7,255,1405,250,0,0
stim,193841,223962,0,223962,3421289.455,-0.737,0.001,-0.053,0.674,0,0,10,0,0,0,0,170,44,0.960,1,2236,0,301.342,2.734,98.375,281.875,-40.938,0.086,0.004,1.516,-2.383,-1.340,5.730,2.836,3.060,1.213,1.473,0,NULL,NULL,,3,0,2,7,255,1405,250,0,0
stim,193841,223962,0,223962,3421294.453,-0.739,-0.004,-0.041,0.673,0,0,11,0,0,0,0,175,44,0.960,1,2236,0,298.984,2.028,100.500,279.875,-31.000,0.070,0.051,1.574,-2.012,-0.254,5.523,2.850,3.074,1.213,1.473,0,NULL,NULL,,3,0,2,7,255,1405,250,0,0
stim,193841,223962,0,223962,3421299.455,-0.740,-0.009,-0.029,0.672,0,0,16,0,0,0,0,179,44,0.960,1,2236,0,293.493,1.680,97.375,275.500,-27.500,0.055,-0.012,1.520,-1.680,-0.043,5.055,2.866,3.092,1.213,1.473,0,NULL,NULL,,3,0,2,7,255,1405,250,0,0
stim,193871,223992,0,223992,3421304.454,-0.741,-0.013,-0.018,0.671,0,0,11,0,0,0,0,179,44,0.960,1,2236,0,292.159,1.342,103.875,272.438,-18.563,0.066,0.020,1.531,-1.336,0.125,5.148,2.886,3.114,1.213,1.473,0,NULL,NULL,,3,0,2,7,255,1405,250,0,0
stim,193871,223992,0,223992,3421309.455,-0.742,-0.018,-0.006,0.670,0,0,13,0,0,0,0,180,44,0.960,1,2236,0,289.738,1.356,110.125,267.563,-15.188,-0.012,0.055,1.543,-1.336,0.230,5.148,2.910,3.138,1.213,1.473,0,NULL,NULL,,3,0,2,7,255,1405,250,0,0
stim,193871,223992,0,223992,3421314.453,-0.743,-0.021,0.007,0.669,0,0,14,0,0,0,0,175,44,0.960,1,2236,0,290.414,1.472,122.688,262.813,-14.750,0.039,0.031,1.512,-1.336,0.617,5.148,2.938,3.166,1.213,1.473,0,NULL,NULL,,3,0,2,7,255,1405,250,0,0
stim,193871,223992,0,223992,3421319.455,-0.743,-0.024,0.019,0.668,0,0,11,0,0,0,0,173,44,0.960,1,2236,0,290.749,1.731,134.063,257.938,-5.500,0.012,0.078,1.637,-1.402,1.016,5.230,2.970,3.198,1.213,1.473,0,NULL,NULL,,3,0,2,7,255,1405,250,0,0
stim,193894,224015,0,224015,3421324.454,-0.744,-0.027,0.031,0.667,0,0,17,0,0,0,0,173,44,0.960,1,2236,0,286.274,1.748,132.688,253.500,-9.188,-0.051,0.113,1.734,-1.402,1.043,6.141,3.002,3.232,1.213,1.473,0,NULL,NULL,,3,0,2,7,255,1405,250,0,0
stim,193894,224015,0,224015,3421329.455,-0.744,-0.030,0.043,0.666,0,0,12,0,0,0,0,171,44,0.960,1,2236,0,283.205,1.825,134.750,248.938,-8.813,0.070,0.035,1.703,-1.402,1.168,6.699,3.034,3.264,1.213,1.473,0,NULL,NULL,,3,0,2,7,255,1405,250,0,0
stim,193894,224015,0,224015,3421334.453,-0.744,-0.032,0.055,0.665,0,0,11,0,0,0,0,168,44,0.960,1,2236,0,284.396,2.467,147.188,243.313,4.000,0.063,0.055,1.715,-0.469,2.422,6.801,3.062,3.294,1.213,1.473,0,NULL,NULL,,3,0,2,7,255,1405,250,0,0
stim,193894,224015,0,224015,3421339.455,-0.743,-0.034,0.067,0.665,0,0,18,0,0,0,0,167,44,0.960,1,2236,0,287.127,2.755,156.750,240.438,7.813,0.078,0.098,1.848,-0.469,2.715,6.801,3.090,3.322,1.213,1.473,0,NULL,NULL,,3,0,2,7,255,1405,250,0,0
stim,193894,224015,0,224015,3421344.453,-0.743,-0.036,0.079,0.664,0,0,20,0,0,0,0,169,44,0.960,1,2236,0,282.366,3.428,147.750,240.188,14.500,0.168,0.129,1.992,-0.422,3.402,7.988,3.110,3.342,1.213,1.473,0,NULL,NULL,,3,0,2,7,255,1405,250,0,0
stim,193894,224015,0,224015,3421349.455,-0.741,-0.038,0.091,0.664,0,0,17,0,0,0,0,169,44,0.960,1,2236,0,276.123,4.883,135.875,238.750,27.938,0.227,0.109,1.891,-0.387,4.867,8.020,3.126,3.358,1.213,1.473,0,NULL,NULL,,3,0,2,7,255,1405,250,0,0
stim,193940,224061,0,224061,3421354.454,-0.740,-0.040,0.103,0.664,0,0,21,0,0,0,0,169,44,0.960,1,2236,0,280.318,5.547,144.063,237.813,35.625,0.191,0.117,1.859,0.063,5.547,8.020,3.138,3.370,1.213,1.473,0,NULL,NULL,,3,0,2,7,255,1405,250,0,0
stim,193940,224061,0,224061,3421359.455,-0.738,-0.042,0.115,0.664,0,0,23,0,0,0,0,168,44,0.960,1,2236,0,286.682,5.582,158.188,235.750,39.813,0.258,0.055,1.895,0.195,5.578,7.703,3.144,3.378,1.213,1.473,0,NULL,NULL,,3,0,2,7,255,1405,250,0,0
stim,193940,224061,0,224061,3421364.453,-0.736,-0.043,0.127,0.664,0,0,21,0,0,0,0,170,44,0.960,1,2236,0,288.047,6.607,160.313,235.188,44.250,0.285,0.090,2.094,1.184,6.500,7.703,3.146,3.382,1.213,1.473,0,NULL,NULL,,3,0,2,7,255,1405,250,0,0
stim,193940,224061,0,224061,3421369.455,-0.734,-0.045,0.139,0.664,0,0,25,0,0,0,0,169,44,0.960,1,2236,0,278.257,7.727,143.625,232.625,51.813,0.363,0.090,2.141,1.320,7.613,9.387,3.148,3.384,1.213,1.473,0,NULL,NULL,,3,0,2,7,255,1405,250,0,0
stim,193940,224061,0,224061,3421374.454,-0.731,-0.047,0.150,0.664,0,0,25,0,0,0,0,167,44,0.960,1,2236,0,272.947,8.972,131.063,230.500,64.750,0.348,0.094,2.133,1.703,8.809,9.387,3.146,3.382,1.213,1.473,0,NULL,NULL,,3,0,2,7,255,1405,250,0,0
stim,193940,224061,0,224061,3421379.455,-0.728,-0.050,0.161,0.665,0,0,24,0,0,0,0,171,44,0.960,1,2236,0,268.878,9.212,125.563,227.375,69.500,0.332,0.066,2.066,1.871,9.020,9.234,3.142,3.380,1.213,1.473,0,NULL,NULL,,3,0,2,7,255,1405,250,0,0
stim,193967,224088,0,224088,3421384.453,-0.724,-0.052,0.172,0.665,0,0,21,0,0,0,0,165,44,0.960,1,2236,0,266.825,9.300,126.125,224.375,70.313,0.348,0.031,2.043,2.266,9.020,8.465,3.138,3.376,1.213,1.473,0,NULL,NULL,,3,0,2,7,255,1405,250,0,0
stim,193967,224088,0,224088,3421389.455,-0.721,-0.054,0.183,0.666,0,0,25,0,0,0,0,166,44,0.960,1,2236,0,264.780,9.791,123.063,222.188,74.813,0.438,-0.012,2.055,2.797,9.383,7.945,3.130,3.368,1.213,1.473,0,NULL,NULL,,3,0,2,7,255,1405,250,0,0
stim,193967,224088,0,224088,3421394.454,-0.717,-0.056,0.194,0.667,0,0,25,0,0,0,0,165,44,0.960,1,2236,0,261.938,11.080,116.563,219.375,83.063,0.449,-0.020,2.027,3.492,10.516,7.512,3.122,3.360,1.213,1.473,0,NULL,NULL,,3,0,2,7,255,1405,250,0,0
stim,193967,224088,0,224088,3421399.455,-0.713,-0.058,0.204,0.668,0,0,23,0,0,0,0,168,44,0.960,1,2236,0,257.101,11.473,111.063,215.313,86.063,0.445,-0.055,1.977,3.680,10.867,6.969,3.106,3.344,1.213,1.473,0,NULL,NULL,,3,0,2,7,255,1405,250,0,0
stim,193967,224088,0,224088,3421404.453,-0.709,-0.060,0.214,0.669,0,0,26,0,0,0,0,175,44,0.960,1,2236,0,251.731,11.623,110.000,209.688,85.438,0.457,-0.105,1.875,4.070,10.887,6.207,3.086,3.324,1.213,1.473,0,NULL,NULL,,3,0,2,7,255,1405,250,0,0
stim,193967,224088,0,224088,3421409.455,-0.705,-0.062,0.224,0.670,0,0,24,0,0,0,0,174,44,0.960,1,2236,0,247.152,11.817,112.125,203.375,84.563,0.492,-0.148,1.820,4.539,10.910,4.961,3.064,3.302,1.213,1.473,0,NULL,NULL,,3,0,2,7,255,1405,250,0,0
stim,193967,224088,0,224088,3421414.454,-0.701,-0.064,0.233,0.670,0,0,22,0,0,0,0,179,44,0.960,1,2236,0,241.749,12.278,113.813,195.313,85.688,0.516,-0.176,1.750,4.945,11.238,4.027,3.034,3.272,1.213,1.473,0,NULL,NULL,,3,0,2,7,255,1405,250,0,0
stim,193967,224088,0,224088,3421419.455,-0.697,-0.065,0.243,0.671,0,0,23,0,0,0,0,192,44,0.960,1,2236,0,236.892,12.483,118.000,187.000,85.000,0.527,-0.223,1.680,5.184,11.355,2.992,2.998,3.236,1.213,1.473,0,NULL,NULL,,3,0,2,7,255,1405,250,0,0
stim,193991,224112,0,224112,3421424.454,-0.694,-0.065,0.252,0.672,0,0,25,0,0,0,0,205,44,0.960,1,2236,0,231.551,12.676,123.375,177.875,82.188,0.531,-0.289,1.637,5.609,11.367,2.004,2.960,3.198,1.213,1.473,0,NULL,NULL,,3,0,2,7,255,1405,250,0,0
stim,193991,224112,0,224112,3421429.455,-0.690,-0.066,0.261,0.672,0,0,25,0,0,0,0,213,44,0.960,1,2236,0,225.974,12.965,127.125,169.125,79.375,0.570,-0.375,1.625,6.234,11.367,1.266,2.916,3.152,1.213,1.473,0,NULL,NULL,,3,0,2,7,255,1405,250,0,0
stim,193991,224112,0,224112,3421434.454,-0.686,-0.066,0.270,0.672,0,0,29,0,0,0,0,218,44,0.960,1,2236,0,219.232,13.741,128.375,159.438,78.500,0.586,-0.441,1.594,7.117,11.754,0.551,2.870,3.106,1.213,1.473,0,NULL,NULL,,3,0,2,7,255,1405,250,0,0
stim,193991,224112,0,224112,3421439.455,-0.683,-0.065,0.279,0.672,0,0,24,0,0,0,0,229,44,0.960,1,2236,0,212.894,14.157,131.000,149.875,75.500,0.609,-0.480,1.574,7.762,11.840,-0.195,2.824,3.058,1.213,1.473,0,NULL,NULL,,3,0,2,7,255,1405,250,0,0
stim,194022,224143,0,224143,3421444.453,-0.680,-0.065,0.287,0.672,0,0,26,0,0,0,0,244,44,0.960,1,2236,0,202.694,14.520,132.000,139.500,64.813,0.594,-0.477,1.566,8.152,12.016,-0.809,2.774,3.008,1.213,1.473,0,NULL,NULL,,3,0,2,7,255,1405,250,0,0
stim,194022,224143,0,224143,3421449.455,-0.677,-0.064,0.295,0.671,0,0,24,0,0,0,0,251,44,0.960,1,2236,0,192.452,14.580,132.750,130.250,49.500,0.691,-0.543,1.559,8.195,12.059,-1.055,2.722,2.954,1.213,1.473,0,NULL,NULL,,3,0,2,7,255,1405,250,0,0
stim,194045,224166,0,224166,3421454.454,-0.675,-0.064,0.302,0.670,0,0,24,0,0,0,0,280,44,0.960,1,2236,0,181.712,15.599,128.625,121.375,41.750,0.805,-0.609,1.566,8.801,12.879,-1.996,2.670,2.900,1.213,1.473,0,NULL,NULL,,3,0,2,7,255,1405,250,0,0
stim,194045,224166,0,224166,3421459.455,-0.673,-0.063,0.309,0.669,0,0,23,0,0,0,0,298,44,0.960,1,2236,0,167.751,16.817,118.813,113.750,32.938,0.879,-0.664,1.535,9.445,13.914,-2.898,2.610,2.840,1.213,1.473,0,NULL,NULL,,3,0,2,7,255,1405,250,0,0
stim,194045,224166,0,224166,3421464.453,-0.671,-0.063,0.316,0.668,0,0,29,0,0,0,0,326,44,0.960,1,2236,0,154.180,17.453,109.563,106.500,20.625,0.977,-0.734,1.445,9.875,14.391,-3.922,2.552,2.780,1.213,1.473,0,NULL,NULL,,3,0,2,7,255,1405,250,0,0
stim,194045,224166,0,224166,3421469.455,-0.670,-0.063,0.322,0.666,0,0,27,0,4,0,0,341,44,0.960,1,2236,0,143.738,17.973,104.063,98.938,6.563,1.094,-0.820,1.359,10.230,14.777,-5.563,2.490,2.716,1.213,1.473,0,NULL,NULL,,3,0,2,7,255,1405,250,0,0
stim,194045,224166,0,224166,3421474.454,-0.669,-0.062,0.327,0.664,0,0,28,0,4,0,0,341,44,0.960,1,2236,0,136.365,18.649,102.063,90.125,-7.500,1.219,-0.934,1.277,10.707,15.270,-7.305,2.424,2.650,1.213,1.473,0,NULL,NULL,,3,0,2,7,255,1405,250,0,0
stim,194045,224166,0,224166,3421479.455,-0.669,-0.062,0.333,0.662,0,0,25,0,5,0,0,347,44,0.960,1,2236,0,133.268,19.468,106.063,79.000,-16.438,1.355,-1.047,1.207,11.422,15.766,-9.168,2.360,2.584,1.213,1.473,0,NULL,NULL,,3,0,2,7,255,1405,250,0,0
stim,194045,224166,0,224166,3421484.453,-0.669,-0.061,0.338,0.660,0,0,29,0,15,0,0,352,44,0.960,1,2236,0,134.140,20.405,116.125,64.438,-18.875,1.414,-1.105,1.207,12.180,16.371,-11.016,2.292,2.516,1.213,1.473,0,NULL,NULL,,3,0,2,7,255,1405,250,0,0
stim,194045,224166,0,224166,3421489.455,-0.669,-0.059,0.343,0.657,0,0,28,0,20,0,0,355,44,0.960,1,2236,0,136.457,21.011,126.813,46.250,-20.000,1.422,-1.066,1.316,12.715,16.727,-11.016,2.222,2.446,1.213,1.473,0,NULL,NULL,,3,0,2,7,255,1405,250,0,0
stim,194045,224166,0,224166,3421494.454,-0.670,-0.056,0.347,0.654,0,0,26,0,25,0,0,359,44,0.960,1,2236,0,132.948,21.502,128.063,25.438,-25.063,1.348,-0.875,1.527,12.715,17.340,-11.004,2.150,2.374,1.213,1.473,0,NULL,NULL,,3,0,2,7,255,1405,250,0,0
stim,194045,224166,0,224166,3421499.455,-0.671,-0.053,0.350,0.651,0,0,30,0,19,0,0,364,44,0.960,1,2236,0,118.938,21.605,112.500,5.625,-38.188,1.336,-0.672,1.738,12.008,17.961,-8.559,2.076,2.302,1.213,1.473,0,NULL,NULL,,3,0,2,7,255,1405,250,0,0
stim,194073,224194,0,224194,3421504.453,-0.673,-0.051,0.352,0.649,0,0,27,0,5,0,0,373,44,0.960,1,2236,0,92.191,22.097,81.938,-14.500,-39.688,1.313,-0.523,1.879,11.102,19.105,-6.313,2.000,2.224,1.213,1.473,0,NULL,NULL,,3,0,2,7,255,1405,250,0,0
stim,194073,224194,0,224194,3421509.455,-0.674,-0.049,0.352,0.647,0,0,27,0,2,0,0,375,44,0.960,1,2236,0,64.781,21.784,40.375,-33.000,-38.438,1.184,-0.410,1.934,10.465,19.105,-4.676,1.920,2.146,1.213,1.473,0,NULL,NULL,,3,0,2,7,255,1405,250,0,0
stim,194073,224194,0,224194,3421514.454,-0.676,-0.049,0.350,0.646,0,0,29,0,2,0,0,382,44,0.960,1,2236,0,64.550,21.480,-4.500,-48.375,-42.500,1.047,-0.363,1.891,9.855,19.086,-3.172,1.838,2.062,1.213,1.473,0,NULL,NULL,,3,0,2,7,255,1405,250,0,0
stim,194073,224194,0,224194,3421519.455,-0.678,-0.049,0.347,0.646,0,0,31,0,0,0,0,393,44,0.960,1,2236,0,91.223,20.100,-44.938,-59.438,-52.625,0.930,-0.355,1.746,9.445,17.742,-2.848,1.752,1.976,1.213,1.473,0,NULL,NULL,,3,0,2,7,255,1405,250,0,0
stim,194073,224194,0,224194,3421524.454,-0.681,-0.050,0.343,0.645,0,0,27,0,0,0,0,407,44,0.960,1,2236,0,118.639,18.330,-73.313,-67.500,-64.375,0.887,-0.359,1.555,8.938,16.004,-2.848,1.664,1.890,1.213,1.473,0,NULL,NULL,,3,0,2,7,255,1405,250,0,0
stim,194073,224194,0,224194,3421529.455,-0.684,-0.052,0.338,0.645,0,0,21,0,0,0,0,409,44,0.960,1,2236,0,132.646,16.807,-88.813,-70.938,-68.375,0.898,-0.359,1.402,8.281,14.625,-3.945,1.574,1.798,1.213,1.473,0,NULL,NULL,,3,0,2,7,255,1405,250,0,0
stim,194104,224225,0,224225,3421534.454,-0.686,-0.054,0.333,0.644,0,0,18,0,0,0,0,423,44,0.960,1,2236,0,139.329,15.916,-99.250,-71.750,-66.438,0.895,-0.355,1.309,7.707,13.926,-5.008,1.482,1.706,1.213,1.473,0,NULL,NULL,,3,0,2,7,255,1405,250,0,0
stim,194104,224225,0,224225,3421539.455,-0.689,-0.056,0.327,0.644,0,0,18,0,0,0,0,427,44,0.960,1,2236,0,146.410,15.272,-109.375,-72.500,-64.938,0.820,-0.254,1.203,7.301,13.414,-5.527,1.390,1.612,1.213,1.473,0,NULL,NULL,,3,0,2,7,255,1405,250,0,0
stim,194104,224225,0,224225,3421544.453,-0.692,-0.058,0.322,0.644,0,0,17,0,0,0,0,428,44,0.960,1,2236,0,147.574,13.744,-109.563,-69.563,-70.250,0.824,-0.246,1.059,6.020,12.355,-5.539,1.294,1.514,1.213,1.473,0,NULL,NULL,,3,0,2,7,255,1405,250,0,0
stim,194104,224225,0,224225,3421549.455,-0.694,-0.060,0.317,0.643,0,0,16,0,0,0,0,469,44,0.960,1,2236,0,139.102,12.955,-100.250,-67.813,-68.563,0.875,-0.301,0.973,5.613,11.676,-6.531,1.198,1.416,1.213,1.473,0,NULL,NULL,,3,0,2,7,255,1405,250,0,0
stim,194142,224263,0,224263,3421554.454,-0.696,-0.058,0.314,0.644,205,0,8,437,0,0,0,551,44,0.960,1,2236,0,93.402,12.874,-4.000,-93.063,-6.875,0.039,-0.762,1.859,5.613,11.586,-6.531,1.102,1.318,1.213,1.473,0,NULL,NULL,,3,0,2,7,255,1405,250,0,0
stim,194142,224263,0,224263,3421559.455,-0.689,-0.035,0.319,0.649,907,0,0,1147,0,93,0,579,44,0.960,1,2236,0,577.335,14.524,393.875,-233.063,351.938,-0.328,1.195,5.449,8.758,11.586,2.422,1.006,1.218,1.213,1.473,0,NULL,NULL,,3,0,2,7,255,1405,250,0,0
stim,194142,224263,0,224263,3421564.453,-0.681,-0.039,0.306,0.664,1429,0,0,1605,0,325,0,665,44,0.960,1,2236,0,498.960,14.799,-372.875,-103.250,315.063,-1.160,2.172,4.375,8.758,11.930,37.691,0.912,1.118,1.213,1.473,0,NULL,NULL,,3,0,2,7,255,1405,250,0,0
stim,194142,224263,0,224263,3421569.455,-0.675,-0.055,0.283,0.679,1894,0,0,1909,0,549,0,781,43,0.960,1,2237,0,739.975,12.877,-709.875,-96.313,185.375,-1.160,2.383,1.090,-4.848,11.930,37.691,0.822,1.022,1.213,1.473,1,1471.000,66.000,,3,0,2,7,255,1405,250,0,0
stim,194142,224263,0,224263,3421574.454,-0.672,-0.067,0.265,0.689,2164,0,0,2056,0,691,0,857,43,0.960,1,2237,0,559.893,18.881,-544.688,-90.000,93.250,-1.246,1.695,-1.480,-18.484,-3.848,11.051,0.738,0.930,1.213,1.473,1,NULL,NULL,,3,0,2,7,255,1405,250,0,0
stim,194142,224263,0,224263,3421579.455,-0.672,-0.070,0.257,0.691,2421,0,0,2234,0,945,0,953,43,0.960,1,2237,0,189.415,22.195,-173.500,-75.563,-8.125,-0.574,0.773,-1.672,-18.484,-12.285,-12.684,0.658,0.842,1.213,1.473,1,NULL,NULL,,3,0,2,7,255,1405,250,0,0
stim,194142,224263,0,224263,3421584.453,-0.673,-0.064,0.257,0.690,2647,0,0,2513,0,1049,0,1022,43,0.960,1,2237,0,138.348,16.202,99.625,-94.500,16.875,0.074,0.090,0.520,-10.563,-12.285,-12.684,0.588,0.762,1.213,1.473,1,NULL,NULL,,3,0,2,7,255,1405,250,0,0
stim,194142,224263,0,224263,3421589.455,-0.668,-0.058,0.255,0.696,2789,0,0,2686,0,1077,0,1093,43,0.960,1,2237,0,225.207,1.287,17.500,-114.625,193.063,-0.527,-0.309,1.418,0.156,1.277,-5.508,0.524,0.686,1.213,1.473,1,NULL,NULL,,3,0,2,7,255,1405,250,0,0
stim,194142,224263,0,224263,3421594.453,-0.660,-0.055,0.246,0.707,2887,0,0,2825,0,1083,0,1177,43,0.960,1,2237,0,377.937,6.686,-176.313,-157.125,295.063,-1.477,-0.375,0.980,6.563,1.277,3.594,0.466,0.612,1.213,1.473,1,NULL,NULL,,3,0,2,7,255,1405,250,0,0
stim,194142,224263,0,224263,3421599.455,-0.657,-0.053,0.237,0.714,2963,0,0,2913,0,1077,0,1258,43,0.960,1,2237,0,273.089,11.192,-161.250,-156.750,154.938,-1.902,-0.125,0.113,6.563,-9.066,3.594,0.418,0.546,1.213,1.473,2,NULL,NULL,,3,0,2,7,255,1405,250,0,0
stim,194176,224297,0,224297,3421604.454,-0.658,-0.049,0.232,0.715,2986,0,0,2971,0,1045,0,1305,43,0.960,1,2237,0,164.466,11.283,-35.125,-160.625,-3.875,-1.363,-0.066,0.430,3.809,-10.621,-1.176,0.378,0.484,1.213,1.473,2,NULL,NULL,,3,0,2,7,255,1405,250,0,0
stim,194176,224297,0,224297,3421609.455,-0.662,-0.044,0.228,0.712,3016,0,0,3029,0,995,0,1340,43,0.960,1,2237,0,182.746,11.283,22.563,-159.625,-86.063,-0.402,-0.328,1.652,3.809,-10.621,-1.176,0.344,0.422,1.213,1.473,2,NULL,NULL,,3,0,2,7,255,1405,250,0,0
stim,194176,224297,0,224297,3421614.453,-0.666,-0.042,0.222,0.711,3037,0,0,3079,0,1013,0,1370,43,0.960,1,2237,0,176.461,5.735,-44.125,-149.375,-82.938,0.340,-0.195,1.836,5.113,2.598,4.875,0.326,0.368,1.213,1.473,2,NULL,NULL,,3,0,2,7,255,1405,250,0,0
stim,194176,224297,0,224297,3421619.455,-0.667,-0.041,0.214,0.712,3064,0,0,3098,0,1074,0,1401,43,0.960,1,2237,0,183.049,11.027,-122.250,-135.875,-10.000,0.621,-0.199,1.516,5.113,9.770,4.875,0.314,0.314,1.213,1.473,2,NULL,NULL,,3,0,2,7,255,1405,250,0,0
stim,194193,224314,0,224314,3421624.454,-0.666,-0.041,0.205,0.716,3087,0,0,3133,0,1139,0,1439,43,0.960,1,2237,0,219.264,11.027,-168.063,-125.250,64.375,0.309,-0.766,1.043,5.113,9.770,1.199,0.312,0.260,1.213,1.473,2,NULL,NULL,,3,0,2,7,255,1405,250,0,0
stim,194193,224314,0,224314,3421629.455,-0.664,-0.041,0.197,0.720,3097,0,0,3147,0,1214,0,1479,43,0.960,1,2237,0,208.771,11.019,-144.938,-117.875,93.188,-0.289,-1.313,0.711,8.805,6.625,-3.016,0.322,0.208,1.213,1.473,2,NULL,NULL,,3,0,2,7,255,1405,250,0,0
stim,194193,224314,0,224314,3421634.453,-0.662,-0.040,0.191,0.723,3097,0,0,3163,0,1348,0,1507,43,0.960,1,2237,0,168.494,10.758,-102.313,-117.688,63.813,-0.543,-0.953,0.648,10.754,0.281,-4.055,0.338,0.160,1.213,1.473,2,NULL,NULL,,3,0,2,7,255,1405,250,0,0
stim,194193,224314,0,224314,3421639.455,-0.662,-0.037,0.186,0.725,3103,0,0,3175,0,1437,0,1540,43,0.960,1,2237,0,141.844,10.762,-42.750,-125.188,51.188,-0.285,-0.047,0.727,10.754,-0.418,-4.055,0.362,0.114,1.213,1.473,2,NULL,NULL,,3,0,2,7,255,1405,250,0,0
stim,194193,224314,0,224314,3421644.454,-0.661,-0.034,0.182,0.727,3119,0,0,3183,0,1525,0,1591,43,0.960,1,2237,0,134.477,1.926,-31.188,-125.813,35.813,-0.453,0.195,1.313,1.875,-0.441,-2.402,0.386,0.102,1.213,1.473,2,NULL,NULL,,3,0,2,7,255,1405,250,0,0
stim,194193,224314,0,224314,3421649.455,-0.662,-0.031,0.176,0.728,3124,0,0,3183,0,1624,0,1653,43,0.960,1,2237,0,135.851,1.921,-61.750,-120.250,13.500,-0.207,0.027,1.320,1.875,-0.418,2.996,0.408,0.112,1.213,1.473,2,NULL,NULL,,3,0,2,7,255,1405,250,0,0
stim,194241,224362,0,224362,3421654.453,-0.661,-0.030,0.170,0.730,3115,0,0,3189,0,1733,0,1703,43,0.960,1,2237,0,139.720,2.655,-75.375,-114.188,28.313,-0.008,-0.148,1.082,1.914,1.840,2.996,0.420,0.154,1.213,1.473,2,NULL,NULL,,3,0,2,7,255,1405,250,0,0
stim,194241,224362,0,224362,3421659.455,-0.661,-0.028,0.165,0.732,3124,0,0,3205,0,1820,11,1737,43,0.960,1,2237,0,137.741,3.397,-74.750,-109.188,38.250,-0.105,-0.133,1.051,2.809,1.910,0.004,0.430,0.210,1.213,1.473,2,NULL,NULL,,3,0,2,7,255,1405,250,0,0
stim,194241,224362,0,224362,3421664.454,-0.660,-0.027,0.160,0.733,3129,0,0,3193,59,1882,59,1775,43,0.960,1,2237,0,128.894,3.397,-68.000,-104.563,32.500,-0.102,-0.098,0.938,2.809,1.910,-0.023,0.444,0.270,1.213,1.473,2,NULL,NULL,,3,0,2,7,255,1405,250,0,0
stim,194241,224362,0,224362,3421669.455,-0.660,-0.025,0.155,0.735,3131,0,0,3191,134,1951,85,1791,43,0.960,1,2237,0,116.458,2.762,-53.813,-99.688,27.000,-0.098,-0.105,0.918,2.293,1.539,-0.969,0.472,0.324,1.213,1.473,2,NULL,NULL,,3,0,2,7,255,1405,250,0,0
stim,194241,224362,0,224362,3421674.454,-0.660,-0.023,0.151,0.736,3128,0,0,3193,185,2013,95,1812,43,0.960,1,2237,0,107.776,2.752,-42.125,-95.563,26.625,-0.078,0.008,0.984,2.281,1.539,-0.969,0.492,0.366,1.213,1.473,2,NULL,NULL,,3,0,2,7,255,1405,250,0,0
stim,194241,224362,0,224362,3421679.455,-0.659,-0.021,0.147,0.737,3130,0,0,3195,277,2065,117,1831,43,0.960,1,2237,0,103.367,1.902,-39.563,-91.375,27.750,-0.105,0.195,1.070,1.246,1.438,-0.391,0.502,0.398,1.213,1.473,2,NULL,NULL,,3,0,2,7,255,1405,250,0,0
stim,194272,224393,0,224393,3421684.454,-0.659,-0.019,0.143,0.738,3130,0,0,3193,349,2123,134,1865,43,0.960,1,2237,0,97.815,1.390,-41.813,-84.875,24.813,-0.105,0.305,1.105,-0.445,1.316,0.801,0.480,0.416,1.213,1.473,2,NULL,NULL,,3,0,2,7,255,1405,250,0,0
stim,194272,224393,0,224393,3421689.455,-0.658,-0.017,0.140,0.739,3129,0,0,3188,533,2197,211,1949,43,0.960,1,2237,0,92.927,1.955,-46.625,-77.438,21.563,-0.090,0.355,1.141,-1.480,1.277,1.309,0.452,0.428,1.213,1.473,2,NULL,NULL,,3,0,2,7,255,1405,250,0,0
stim,194272,224393,0,224393,3421694.453,-0.658,-0.016,0.136,0.740,3132,0,0,3193,612,2223,249,2015,43,0.960,1,2237,0,82.871,2.340,-44.125,-69.375,10.375,-0.043,0.379,1.297,-1.961,1.277,1.707,0.418,0.432,1.213,1.473,2,NULL,NULL,,3,0,2,7,255,1405,250,0,0
stim,194272,224393,0,224393,3421699.455,-0.659,-0.015,0.134,0.740,3143,0,0,3193,763,2253,247,2071,43,0.960,1,2237,0,50.583,2.871,-25.688,-38.250,-20.875,0.117,0.441,1.391,-2.094,1.965,3.113,0.386,0.400,1.213,1.473,2,NULL,NULL,,3,0,2,7,255,1405,250,0,0
stim,194272,224393,0,224393,3421704.454,-0.660,-0.015,0.133,0.739,3131,0,0,3193,854,2277,249,2089,43,0.960,1,2237,0,46.954,4.555,-20.375,-25.000,-34.125,0.320,0.832,1.180,-2.828,3.570,3.113,0.360,0.360,1.213,1.473,2,NULL,NULL,,3,0,2,7,255,1405,250,0,0
stim,194272,224393,0,224393,3421709.455,-0.662,-0.015,0.132,0.738,3131,0,0,3189,915,2299,255,2119,43,0.960,1,2237,0,43.020,7.032,-15.813,-19.938,-34.688,0.125,0.777,1.434,-6.059,3.570,3.809,0.342,0.310,1.213,1.473,2,NULL,NULL,,3,0,2,7,255,1405,250,0,0
stim,194272,224393,0,224393,3421714.453,-0.663,-0.017,0.129,0.737,3144,0,0,3198,981,2317,262,2153,43,0.960,1,2237,0,86.716,6.930,-76.938,-9.438,-38.875,-0.207,0.207,1.434,-6.059,3.363,4.508,0.330,0.268,1.213,1.473,2,NULL,NULL,,3,0,2,7,255,1405,250,0,0
stim,194272,224393,0,224393,3421719.455,-0.664,-0.020,0.125,0.737,3136,0,0,3210,1023,2335,269,2167,43,0.960,1,2237,0,105.156,1.061,-96.063,-7.438,-42.125,-0.109,0.172,0.832,-0.770,0.730,4.508,0.320,0.234,1.213,1.473,2,NULL,NULL,,3,0,2,7,255,1405,250,0,0
stim,194291,224412,0,224412,3421724.454,-0.666,-0.022,0.123,0.735,3132,0,0,3199,1111,2361,274,2185,43,0.960,1,2237,0,84.114,0.893,-62.188,-7.125,-56.188,-0.184,0.203,0.875,-0.770,0.453,-0.867,0.304,0.212,1.213,1.473,2,NULL,NULL,,3,0,2,7,255,1405,250,0,0
stim,194291,224412,0,224412,3421729.455,-0.668,-0.023,0.121,0.734,3147,0,0,3217,1161,2366,288,2209,43,0.960,1,2237,0,78.744,0.927,-40.688,-5.563,-67.188,0.012,0.172,1.008,-0.809,0.453,-0.867,0.290,0.202,1.213,1.473,2,NULL,NULL,,3,0,2,7,255,1405,250,0,0
stim,194291,224412,0,224412,3421734.453,-0.670,-0.024,0.119,0.733,3140,10,0,3207,1205,2381,291,2221,43,0.960,1,2237,0,75.411,2.159,-54.750,-2.188,-51.813,0.027,0.195,1.191,-0.902,1.961,-0.004,0.280,0.196,1.213,1.473,2,NULL,NULL,,3,0,2,7,255,1405,250,0,0
stim,194291,224412,0,224412,3421739.455,-0.671,-0.027,0.116,0.732,3144,37,0,3209,1269,2396,295,2249,43,0.960,1,2237,0,92.705,2.121,-86.250,2.750,-33.875,-0.047,0.082,1.113,-0.809,1.961,0.984,0.276,0.188,1.213,1.473,2,NULL,NULL,,3,0,2,7,255,1405,250,0,0
stim,194319,224440,0,224440,3421744.453,-0.672,-0.030,0.113,0.732,3139,60,0,3209,1335,2405,298,2275,43,0.960,1,2237,0,104.673,1.675,-100.438,6.500,-28.750,-0.203,0.027,0.984,0.109,1.672,0.984,0.280,0.176,1.213,1.473,2,NULL,NULL,,3,0,2,7,255,1405,250,0,0
stim,194319,224440,0,224440,3421749.455,-0.673,-0.033,0.111,0.731,3131,70,0,3211,1391,2425,303,2287,43,0.960,1,2237,0,88.337,0.350,-79.250,1.375,-39.000,-0.238,0.027,0.707,0.348,-0.039,0.000,0.286,0.162,1.213,1.473,2,NULL,NULL,,3,0,2,7,255,1405,250,0,0
stim,194344,224465,0,224465,3421754.454,-0.674,-0.034,0.109,0.730,3132,69,0,3214,1459,2426,306,2316,43,0.960,1,2237,0,62.170,0.619,-39.688,-2.000,-47.813,-0.191,-0.066,0.816,0.586,-0.199,-1.684,0.290,0.148,1.213,1.473,2,NULL,NULL,,3,0,2,7,255,1405,250,0,0
stim,194344,224465,0,224465,3421759.455,-0.676,-0.035,0.108,0.728,3141,77,0,3215,1533,2443,311,2345,43,0.960,1,2237,0,51.587,1.258,-27.313,-4.188,-43.563,-0.117,-0.145,0.984,1.242,-0.199,-1.684,0.296,0.136,1.213,1.473,2,NULL,NULL,,3,0,2,7,255,1405,250,0,0
stim,194344,224465,0,224465,3421764.453,-0.677,-0.036,0.106,0.728,3124,99,0,3222,1567,2451,313,2345,43,0.960,1,2237,0,46.234,1.865,-30.063,-4.188,-34.875,-0.129,-0.113,0.988,1.699,0.770,-0.273,0.300,0.126,1.213,1.473,2,NULL,NULL,,3,0,2,7,255,1405,250,0,0
stim,194344,224465,0,224465,3421769.455,-0.678,-0.037,0.105,0.727,3133,119,0,3219,1603,2456,317,2379,43,0.960,1,2237,0,42.433,1.865,-29.563,-4.375,-30.125,-0.145,-0.098,0.961,1.699,0.770,-0.273,0.306,0.120,1.213,1.473,2,NULL,NULL,,3,0,2,7,255,1405,250,0,0
stim,194344,224465,0,224465,3421774.454,-0.679,-0.038,0.104,0.726,3127,141,2,3212,1639,2471,329,2389,43,0.960,1,2237,0,37.778,1.618,-25.500,-5.563,-27.313,-0.172,-0.094,0.941,1.527,0.535,-0.391,0.312,0.112,1.213,1.473,2,NULL,NULL,,3,0,2,7,255,1405,250,0,0
stim,194344,224465,0,224465,3421779.455,-0.679,-0.039,0.103,0.725,3130,151,7,3213,1685,2475,331,2399,43,0.960,1,2237,0,35.847,1.455,-20.563,-6.813,-28.563,-0.211,-0.063,0.949,1.438,0.227,-0.391,0.320,0.106,1.213,1.473,2,NULL,NULL,,3,0,2,7,255,1405,250,0,0
stim,194344,224465,0,224465,3421784.453,-0.680,-0.039,0.102,0.725,3119,146,30,3208,1703,2472,334,2421,43,0.960,1,2237,0,35.657,1.163,-19.250,-7.500,-29.063,-0.184,-0.059,0.973,1.156,0.121,-0.352,0.330,0.098,1.213,1.473,2,NULL,NULL,,3,0,2,7,255,1405,250,0,0
stim,194344,224465,0,224465,3421789.455,-0.681,-0.040,0.101,0.724,3123,163,24,3211,1741,2487,346,2427,43,0.960,1,2237,0,37.144,1.110,-17.500,-8.563,-31.625,-0.195,-0.059,0.949,1.109,-0.035,-0.352,0.344,0.088,1.213,1.473,2,NULL,NULL,,3,0,2,7,255,1405,250,0,0
stim,194344,224465,0,224465,3421794.454,-0.682,-0.040,0.100,0.723,3115,169,59,3208,1769,2488,349,2443,43,0.960,1,2237,0,34.088,1.116,-16.750,-7.875,-28.625,-0.125,-0.129,0.996,1.109,0.121,-0.168,0.362,0.074,1.213,1.473,2,NULL,NULL,,3,0,2,7,255,1405,250,0,0
stim,194344,224465,0,224465,3421799.455,-0.683,-0.041,0.099,0.723,3116,165,62,3205,1798,2504,348,2456,43,0.960,1,2237,0,31.182,1.123,-19.125,-9.125,-22.875,-0.156,-0.063,0.945,1.082,0.301,-0.375,0.380,0.068,1.213,1.473,2,NULL,NULL,,3,0,2,7,255,1405,250,0,0
stim,194374,224495,0,224495,3421804.453,-0.684,-0.041,0.098,0.722,3103,171,79,3205,1812,2504,347,2463,43,0.960,1,2237,0,26.827,1.333,-11.688,-8.438,-22.625,-0.125,-0.086,0.922,1.203,0.574,-0.469,0.396,0.064,1.213,1.473,2,NULL,NULL,,3,0,2,7,255,1405,250,0,0
stim,194374,224495,0,224495,3421809.455,-0.684,-0.041,0.097,0.721,3107,169,117,3193,1823,2495,344,2461,43,0.960,1,2237,0,19.041,1.333,-4.250,-8.500,-16.500,-0.105,-0.098,0.953,1.203,0.574,-0.523,0.404,0.064,1.213,1.473,2,NULL,NULL,,3,0,2,7,255,1405,250,0,0
stim,194374,224495,0,224495,3421814.454,-0.685,-0.041,0.097,0.721,3103,167,147,3182,1823,2496,357,2473,43,0.957,1,2237,1,12.574,1.358,-1.125,-7.938,-9.688,-0.125,-0.023,0.988,1.203,0.629,-0.523,0.000,0.000,1.246,1.407,2,NULL,NULL,,3,0,2,7,255,1405,250,0,0
stim,194374,224495,0,224495,3421819.455,-0.685,-0.040,0.096,0.721,3109,168,165,3187,1853,2489,343,2469,43,0.957,1,2237,1,13.402,0.898,-0.250,-7.375,-11.188,-0.184,0.086,1.004,0.641,0.629,-0.094,0.008,0.008,1.246,1.407,2,NULL,NULL,,3,0,2,7,255,1405,250,0,0
stim,194374,224495,0,224495,3421824.454,-0.686,-0.040,0.096,0.720,3107,173,175,3175,1863,2495,338,2473,43,0.957,1,2237,1,19.811,0.447,-0.938,-6.688,-18.625,-0.172,0.090,1.031,-0.398,0.203,0.203,0.014,0.014,1.246,1.407,2,NULL,NULL,,3,0,2,7,255,1405,250,0,0
stim,194374,224495,0,224495,3421829.455,-0.686,-0.040,0.096,0.720,3099,171,217,3173,1849,2491,312,2471,43,0.957,1,2237,1,18.902,0.447,-4.875,-5.813,-17.313,-0.105,0.035,1.027,-0.398,0.203,0.289,0.020,0.020,1.246,1.407,2,NULL,NULL,,3,0,2,7,255,1405,250,0,0
stim,194404,224525,0,224525,3421834.454,-0.687,-0.040,0.095,0.720,3093,174,247,3170,1881,2491,313,2479,43,0.957,1,2237,1,12.507,0.512,-6.188,-6.000,-9.063,-0.133,0.047,0.984,-0.066,0.508,0.289,0.024,0.024,1.246,1.407,2,NULL,NULL,,3,0,2,7,255,1405,250,0,0
stim,194404,224525,0,224525,3421839.455,-0.687,-0.040,0.095,0.719,3081,175,296,3161,1897,2488,311,2477,43,0.957,1,2237,1,11.592,0.512,-1.750,-5.813,-9.875,-0.184,0.094,0.988,-0.066,0.508,0.086,0.028,0.028,1.246,1.407,2,NULL,NULL,,3,0,2,7,255,1405,250,0,0
stim,194404,224525,0,224525,3421844.453,-0.687,-0.040,0.095,0.719,3067,182,319,3153,1909,2487,309,2479,43,0.957,1,2237,1,15.397,0.543,0.188,-6.125,-14.125,-0.168,0.113,1.016,-0.508,0.191,0.086,0.030,0.030,1.246,1.407,2,NULL,NULL,,3,0,2,7,255,1405,250,0,0
stim,194404,224525,0,224525,3421849.455,-0.688,-0.040,0.095,0.719,3066,183,339,3157,1929,2477,311,2487,43,0.957,1,2237,1,15.675,0.732,-0.750,-5.750,-14.563,-0.137,0.129,1.039,-0.707,0.191,0.320,0.030,0.030,1.246,1.407,2,NULL,NULL,,3,0,2,7,255,1405,250,0,0
stim,194441,224562,0,224562,3421854.454,-0.688,-0.039,0.094,0.718,3063,197,395,3135,1945,2487,328,2489,43,0.957,1,2237,1,16.485,0.869,-5.125,-6.375,-14.313,-0.191,0.211,1.031,-0.848,0.191,0.488,0.032,0.030,1.246,1.407,2,NULL,NULL,,3,0,2,7,255,1405,250,0,0
stim,194441,224562,0,224562,3421859.455,-0.689,-0.039,0.094,0.718,3045,205,429,3127,1941,2489,339,2489,43,0.957,1,2237,1,24.094,1.395,-7.875,-5.875,-22.000,-0.188,0.188,1.035,-1.395,-0.023,0.547,0.032,0.028,1.246,1.407,2,NULL,NULL,,3,0,2,7,255,1405,250,0,0
stim,194441,224562,0,224562,3421864.453,-0.690,-0.040,0.093,0.717,3044,217,496,3129,1975,2479,340,2505,43,0.957,1,2237,1,29.056,1.395,-11.188,-6.313,-26.063,-0.164,0.117,1.023,-1.395,-0.023,0.547,0.032,0.028,1.246,1.407,2,NULL,NULL,,3,0,2,7,255,1405,250,0,0
stim,194441,224562,0,224562,3421869.455,-0.690,-0.040,0.093,0.717,3033,231,559,3117,2003,2476,347,2508,43,0.957,1,2237,1,21.548,0.767,-11.188,-7.375,-16.875,-0.078,0.055,0.965,-0.742,0.195,0.391,0.030,0.026,1.246,1.407,2,NULL,NULL,,3,0,2,7,255,1405,250,0,0
stim,194441,224562,0,224562,3421874.454,-0.690,-0.040,0.092,0.716,3007,237,625,3103,2021,2483,348,2511,43,0.957,1,2237,1,11.396,0.801,-7.125,-7.313,-5.063,-0.152,0.145,1.023,-0.742,0.301,0.379,0.030,0.024,1.246,1.407,2,NULL,NULL,,3,0,2,7,255,1405,250,0,0
stim,194441,224562,0,224562,3421879.455,-0.691,-0.040,0.092,0.716,3005,249,681,3099,2043,2479,375,2521,43,0.957,1,2237,1,17.266,1.097,-12.250,-8.188,-9.000,-0.238,0.223,1.023,-1.055,0.301,0.379,0.030,0.020,1.246,1.407,2,NULL,NULL,,3,0,2,7,255,1405,250,0,0
stim,194441,224562,0,224562,3421884.453,-0.691,-0.040,0.091,0.716,2985,246,727,3095,2085,2479,389,2523,43,0.957,1,2237,1,26.055,1.154,-10.313,-8.313,-22.438,-0.203,0.152,0.984,-1.121,-0.273,0.379,0.028,0.018,1.246,1.407,2,NULL,NULL,,3,0,2,7,255,1405,250,0,0
stim,194441,224562,0,224562,3421889.455,-0.692,-0.040,0.091,0.715,2975,247,763,3075,2099,2476,429,2532,43,0.957,1,2237,1,28.435,1.154,-11.625,-8.188,-24.625,-0.125,0.070,1.020,-1.121,-0.273,0.246,0.028,0.014,1.246,1.407,2,NULL,NULL,,3,0,2,7,255,1405,250,0,0
stim,194441,224562,0,224562,3421894.453,-0.693,-0.040,0.090,0.714,2959,251,851,3063,2155,2479,443,2541,43,0.957,1,2237,1,26.970,0.602,-17.000,-7.625,-19.500,-0.129,0.059,0.984,-0.367,0.477,0.105,0.028,0.010,1.246,1.407,2,NULL,NULL,,3,0,2,7,255,1405,250,0,0
stim,194441,224562,0,224562,3421899.455,-0.693,-0.040,0.089,0.714,2943,275,920,3055,2195,2479,459,2551,43,0.957,1,2237,1,26.153,0.538,-15.500,-7.813,-19.563,-0.172,0.016,0.945,-0.250,0.477,-0.082,0.030,0.008,1.246,1.407,2,NULL,NULL,,3,0,2,7,255,1405,250,0,0
stim,194471,224592,0,224592,3421904.454,-0.694,-0.041,0.088,0.713,2927,269,1011,3047,2173,2488,593,2555,43,0.957,1,2237,1,29.261,0.154,-14.313,-7.563,-24.375,-0.207,-0.027,0.977,0.152,-0.023,-0.082,0.032,0.008,1.246,1.407,2,NULL,NULL,,3,0,2,7,255,1405,250,0,0
stim,194471,224592,0,224592,3421909.455,-0.695,-0.041,0.087,0.712,2916,271,1111,3037,2252,2479,657,2572,43,0.957,1,2237,1,32.402,0.580,-13.063,-8.813,-28.313,-0.172,-0.039,0.930,0.578,-0.043,-0.402,0.034,0.008,1.246,1.407,2,NULL,NULL,,3,0,2,7,255,1405,250,0,0
stim,194471,224592,0,224592,3421914.453,-0.696,-0.041,0.087,0.712,2899,287,1194,3031,2281,2484,759,2585,43,0.957,1,2237,1,29.692,0.580,-9.250,-8.188,-27.000,-0.148,-0.008,0.984,0.578,-0.043,-0.086,0.038,0.010,1.246,1.407,2,NULL,NULL,,3,0,2,7,255,1405,250,0,0
stim,194471,224592,0,224592,3421919.455,-0.697,-0.041,0.086,0.711,2887,325,1253,3017,2259,2491,851,2598,43,0.957,1,2237,1,29.757,0.418,-15.438,-8.438,-24.000,-0.152,0.023,1.020,0.344,0.238,-0.086,0.040,0.012,1.246,1.407,2,NULL,NULL,,3,0,2,7,255,1405,250,0,0
stim,194502,224623,0,224623,3421924.454,-0.697,-0.042,0.085,0.710,2864,317,1337,3005,2342,2487,919,2607,43,0.957,1,2237,1,33.311,0.239,-22.000,-9.063,-23.313,-0.191,0.035,0.992,0.012,0.238,0.113,0.044,0.016,1.246,1.407,2,NULL,NULL,,3,0,2,7,255,1405,250,0,0
stim,194502,224623,0,224623,3421929.455,-0.698,-0.042,0.084,0.710,2847,311,1453,2997,2375,2489,1029,2619,43,0.957,1,2237,1,38.601,0.164,-25.188,-9.438,-27.688,-0.199,-0.008,0.980,0.012,-0.164,0.113,0.046,0.018,1.246,1.407,2,NULL,NULL,,3,0,2,7,255,1405,250,0,0
stim,194502,224623,0,224623,3421934.453,-0.699,-0.043,0.082,0.709,2829,355,1555,2985,2399,2501,1114,2631,43,0.957,1,2237,1,39.597,0.322,-23.750,-10.375,-29.938,-0.168,-0.047,0.926,0.277,-0.164,-0.020,0.048,0.020,1.246,1.407,2,NULL,NULL,,3,0,2,7,255,1405,250,0,0
stim,194502,224623,0,224623,3421939.455,-0.700,-0.043,0.081,0.708,2809,374,1636,2972,2423,2492,1177,2643,43,0.957,1,2237,1,36.405,0.455,-15.375,-11.813,-30.813,-0.168,-0.031,0.914,0.445,-0.094,-0.602,0.048,0.020,1.246,1.407,2,NULL,NULL,,3,0,2,7,255,1405,250,0,0
stim,194502,224623,0,224623,3421944.454,-0.701,-0.043,0.081,0.707,2795,399,1735,2959,2456,2493,1243,2651,43,0.957,1,2237,1,37.172,0.451,-9.625,-12.250,-33.750,-0.168,0.047,0.980,0.445,-0.070,-0.602,0.050,0.022,1.246,1.407,2,NULL,NULL,,3,0,2,7,255,1405,250,0,0
stim,194502,224623,0,224623,3421949.455,-0.702,-0.043,0.080,0.706,2777,421,1819,2949,2425,2503,1355,2664,43,0.957,1,2237,1,39.870,0.305,-13.813,-12.500,-35.250,-0.148,0.074,1.023,-0.305,0.008,-0.043,0.050,0.020,1.246,1.407,2,NULL,NULL,,3,0,2,7,255,1405,250,0,0
stim,194539,224660,0,224660,3421954.453,-0.703,-0.044,0.079,0.705,2750,436,1881,2934,2506,2501,1432,2675,43,0.957,1,2237,1,44.070,0.325,-20.438,-11.500,-37.313,-0.164,0.035,1.039,-0.305,0.113,0.336,0.050,0.020,1.246,1.407,2,NULL,NULL,,3,0,2,7,255,1405,250,0,0
stim,194539,224660,0,224660,3421959.455,-0.705,-0.044,0.077,0.704,2729,461,1955,2921,2527,2504,1495,2682,43,0.957,1,2237,1,49.280,0.263,-25.500,-11.750,-40.500,-0.152,0.008,0.996,-0.215,0.152,0.336,0.048,0.018,1.246,1.407,2,NULL,NULL,,3,0,2,7,255,1405,250,0,0
stim,194539,224660,0,224660,3421964.454,-0.706,-0.044,0.076,0.703,2709,493,2071,2915,2555,2506,1583,2696,43,0.957,1,2237,1,46.022,0.263,-19.375,-12.750,-39.750,-0.094,0.039,0.941,-0.215,0.152,0.059,0.046,0.016,1.246,1.407,2,NULL,NULL,,3,0,2,7,255,1405,250,0,0
stim,194539,224660,0,224660,3421969.455,-0.707,-0.044,0.075,0.702,2679,518,2147,2901,2582,2507,1653,2705,43,0.957,1,2237,1,34.650,0.621,-12.625,-11.563,-30.125,-0.027,-0.008,1.000,0.012,0.621,-0.102,0.046,0.016,1.246,1.407,2,NULL,NULL,,3,0,2,7,255,1405,250,0,0
stim,194539,224660,0,224660,3421974.454,-0.707,-0.044,0.075,0.701,2651,533,2216,2887,2597,2507,1719,2715,43,0.957,1,2237,1,29.150,0.712,-14.188,-11.188,-22.875,-0.156,0.047,1.020,-0.348,0.621,-0.102,0.046,0.016,1.246,1.407,2,NULL,NULL,,3,0,2,7,255,1405,250,0,0
stim,194539,224660,0,224660,3421979.455,-0.708,-0.045,0.074,0.700,2627,563,2285,2869,2617,2509,1783,2726,43,0.957,1,2237,1,39.144,0.446,-16.188,-10.688,-34.000,-0.207,0.129,1.043,-0.434,0.105,0.316,0.046,0.018,1.246,1.407,2,NULL,NULL,,3,0,2,7,255,1405,250,0,0
stim,194561,224682,0,224682,3421984.454,-0.710,-0.045,0.073,0.699,2597,581,2343,2856,2634,2509,1863,2731,43,0.957,1,2237,1,54.633,1.006,-24.000,-9.313,-48.188,-0.195,0.102,1.070,-0.992,-0.168,0.613,0.046,0.018,1.246,1.407,2,NULL,NULL,,3,0,2,7,255,1405,250,0,0
stim,194561,224682,0,224682,3421989.455,-0.711,-0.046,0.071,0.698,2543,594,2392,2839,2664,2513,1929,2739,43,0.957,1,2237,1,62.978,1.006,-34.000,-9.313,-52.188,-0.109,-0.039,1.027,-0.992,-0.168,0.613,0.046,0.018,1.246,1.407,2,NULL,NULL,,3,0,2,7,255,1405,250,0,0
stim,194561,224682,0,224682,3421994.453,-0.713,-0.047,0.069,0.696,2510,603,2447,2824,2677,2513,1981,2747,43,0.957,1,2237,1,56.373,0.670,-36.375,-9.250,-42.063,-0.066,-0.105,0.957,0.352,0.570,0.305,0.048,0.018,1.246,1.407,2,NULL,NULL,,3,0,2,7,255,1405,250,0,0
stim,194561,224682,0,224682,3421999.455,-0.714,-0.048,0.068,0.696,2471,614,2501,2808,2697,2515,2031,2757,43,0.957,1,2237,1,47.140,1.107,-33.063,-10.250,-32.000,-0.109,-0.109,0.957,0.949,0.570,-0.379,0.050,0.018,1.246,1.407,2,NULL,NULL,,3,0,2,7,255,1405,250,0,0
stim,194561,224682,0,224682,3422004.454,-0.714,-0.048,0.066,0.695,2439,626,2542,2793,2711,2514,2087,2769,43,0.957,1,2237,1,44.145,1.036,-32.500,-11.375,-27.625,-0.137,-0.098,0.980,0.949,0.414,-0.379,0.052,0.020,1.246,1.407,2,NULL,NULL,,3,0,2,7,255,1405,250,0,0
stim,194561,224682,0,224682,3422009.455,-0.715,-0.049,0.065,0.694,2405,630,2582,2773,2713,2519,2130,2775,43,0.957,1,2237,1,46.711,0.810,-33.500,-11.375,-30.500,-0.172,-0.059,0.992,0.793,0.164,-0.102,0.056,0.020,1.246,1.407,2,NULL,NULL,,3,0,2,7,255,1405,250,0,0
stim,194586,224707,0,224707,3422014.453,-0.716,-0.050,0.063,0.693,2349,636,2617,2747,2733,2513,2167,2781,43,0.957,1,2237,1,46.999,0.369,-31.625,-11.313,-32.875,-0.148,-0.012,0.957,0.367,0.035,-0.102,0.058,0.022,1.246,1.407,2,NULL,NULL,,3,0,2,7,255,1405,250,0,0
stim,194586,224707,0,224707,3422019.455,-0.717,-0.051,0.062,0.692,2295,644,2649,2723,2748,2513,2213,2791,43,0.957,1,2237,1,45.002,0.111,-27.688,-11.313,-33.625,-0.141,-0.016,0.988,-0.105,0.035,-0.051,0.060,0.022,1.246,1.407,2,NULL,NULL,,3,0,2,7,255,1405,250,0,0
stim,194586,224707,0,224707,3422024.454,-0.718,-0.051,0.061,0.691,2229,649,2683,2693,2734,2520,2259,2795,43,0.957,1,2237,1,43.947,0.173,-29.313,-11.750,-30.563,-0.125,-0.039,1.020,-0.105,0.137,-0.051,0.062,0.020,1.246,1.407,2,NULL,NULL,,3,0,2,7,255,1405,250,0,0
stim,194586,224707,0,224707,3422029.455,-0.719,-0.052,0.059,0.691,2179,651,2713,2661,2777,2509,2287,2801,43,0.957,1,2237,1,43.601,0.138,-30.063,-11.750,-29.313,-0.152,-0.035,0.980,0.020,0.137,-0.051,0.062,0.018,1.246,1.407,2,NULL,NULL,,3,0,2,7,255,1405,250,0,0
stim,194586,224707,0,224707,3422034.453,-0.720,-0.052,0.058,0.690,2136,647,2739,2628,2793,2507,2317,2808,43,0.957,1,2237,1,43.947,0.023,-27.188,-12.000,-32.375,-0.164,-0.023,0.984,0.020,-0.012,-0.027,0.062,0.014,1.246,1.407,2,NULL,NULL,,3,0,2,7,255,1405,250,0,0
stim,194586,224707,0,224707,3422039.455,-0.721,-0.053,0.057,0.689,2063,653,2769,2590,2747,2508,2346,2815,43,0.957,1,2237,1,46.609,0.118,-25.500,-12.375,-37.000,-0.152,-0.016,0.988,-0.117,-0.012,-0.027,0.064,0.012,1.246,1.407,2,NULL,NULL,,3,0,2,7,255,1405,250,0,0
stim,194627,224748,0,224748,3422044.454,-0.722,-0.053,0.055,0.687,1993,653,2793,2557,2812,2503,2379,2824,43,0.957,1,2237,1,48.698,0.117,-24.500,-12.500,-40.188,-0.121,-0.035,1.000,-0.117,-0.008,-0.020,0.064,0.010,1.246,1.407,2,NULL,NULL,,3,0,2,7,255,1405,250,0,0
stim,194627,224748,0,224748,3422049.455,-0.723,-0.054,0.054,0.686,1927,653,2812,2515,2828,2505,2405,2835,43,0.957,1,2237,1,49.400,0.274,-26.875,-12.563,-39.500,-0.102,-0.070,1.016,-0.051,0.270,0.047,0.064,0.010,1.246,1.407,2,NULL,NULL,,3,0,2,7,255,1405,250,0,0
stim,194627,224748,0,224748,3422054.453,-0.724,-0.054,0.052,0.685,1837,639,2835,2469,2839,2491,2431,2839,43,0.957,1,2237,1,49.203,0.483,-29.875,-12.625,-37.000,-0.105,-0.070,1.012,0.234,0.422,0.176,0.064,0.010,1.246,1.407,2,NULL,NULL,,3,0,2,7,255,1405,250,0,0
stim,194627,224748,0,224748,3422059.458,-0.725,-0.055,0.051,0.684,1749,627,2847,2411,2855,2489,2463,2850,43,0.957,1,2237,1,45.467,0.510,-28.688,-12.125,-33.125,-0.098,-0.047,0.980,0.234,0.453,0.176,0.066,0.010,1.246,1.407,2,NULL,NULL,,3,0,2,7,255,1405,250,0,0
stim,194644,224765,1,224765,3422064.454,-0.726,-0.055,0.050,0.683,1687,616,2867,2357,2863,2489,2485,2847,43,0.957,1,2237,1,42.565,0.422,-27.125,-12.688,-30.250,-0.109,-0.039,1.008,-0.012,0.422,0.113,0.066,0.012,1.246,1.407,2,NULL,NULL,,3,1,2,7,255,1405,250,0,0
stim,194644,224765,1,224765,3422069.455,-0.727,-0.056,0.048,0.683,1595,600,2892,2309,2869,2483,2509,2867,43,0.957,1,2237,1,42.656,0.390,-27.563,-12.188,-30.188,-0.117,-0.023,1.008,-0.121,0.371,0.113,0.066,0.014,1.246,1.407,2,NULL,NULL,,3,1,2,7,255,1405,250,0,0
stim,194644,224765,1,224765,3422074.454,-0.728,-0.056,0.047,0.682,1455,566,2903,2235,2862,2469,2525,2859,43,0.957,1,2237,1,40.746,0.470,-25.625,-12.750,-29.000,-0.102,-0.012,0.996,-0.289,0.371,0.113,0.068,0.014,1.246,1.407,2,NULL,NULL,,3,1,2,7,255,1405,250,0,0
stim,194644,224765,1,224765,3422079.455,-0.729,-0.057,0.046,0.681,1337,551,2907,2172,2877,2467,2539,2859,43,0.957,1,2237,1,36.367,0.510,-21.438,-12.938,-26.375,-0.117,0.004,0.992,-0.426,0.281,-0.035,0.068,0.014,1.246,1.407,2,NULL,NULL,,3,1,2,7,255,1405,250,0,0
stim,194644,224765,1,224765,3422084.454,-0.729,-0.057,0.045,0.680,1256,531,2923,2108,2879,2458,2568,2867,43,0.957,1,2237,1,35.567,0.626,-18.938,-13.063,-27.125,-0.137,-0.004,1.016,-0.574,0.250,-0.035,0.070,0.016,1.246,1.407,2,NULL,NULL,,3,1,2,7,255,1405,250,0,0
stim,194644,224765,1,224765,3422089.455,-0.730,-0.057,0.044,0.679,1139,495,2939,2017,2887,2447,2585,2874,43,0.957,1,2237,1,37.789,0.579,-20.250,-13.438,-28.938,-0.145,-0.023,1.035,-0.574,0.070,0.223,0.070,0.016,1.246,1.407,2,NULL,NULL,,3,1,2,7,255,1405,250,0,0
stim,194644,224765,1,224765,3422094.453,-0.731,-0.057,0.043,0.679,1047,471,2951,1891,2903,2443,2605,2874,43,0.957,1,2237,1,40.454,0.398,-21.750,-13.813,-31.188,-0.141,-0.027,1.016,-0.398,0.004,0.230,0.072,0.016,1.246,1.407,2,NULL,NULL,,3,1,2,7,255,1405,250,0,0
stim,194644,224765,1,224765,3422099.455,-0.732,-0.057,0.042,0.678,917,415,2963,1789,2909,2427,2619,2877,43,0.957,1,2237,1,40.009,0.398,-19.500,-14.438,-31.813,-0.125,-0.023,0.996,-0.398,0.004,0.230,0.074,0.016,1.246,1.407,2,NULL,NULL,,3,1,2,7,255,1405,250,0,0
stim,194675,224796,1,224796,3422104.454,-0.733,-0.058,0.040,0.677,795,384,2971,1687,2917,2415,2635,2887,43,0.957,1,2237,1,41.388,0.397,-20.188,-15.125,-32.813,-0.133,-0.055,1.031,-0.395,0.047,0.230,0.074,0.018,1.246,1.407,2,NULL,NULL,,3,1,2,7,255,1405,250,0,0
stim,194675,224796,1,224796,3422109.455,-0.734,-0.058,0.039,0.676,610,365,2983,1526,2923,2408,2648,2889,43,0.957,1,2237,1,42.720,0.186,-20.938,-16.000,-33.625,-0.141,-0.066,1.031,-0.180,0.047,0.379,0.076,0.018,1.246,1.407,2,NULL,NULL,,3,1,2,7,255,1405,250,0,0
stim,194675,224796,1,224796,3422114.453,-0.735,-0.058,0.038,0.675,521,347,2988,1373,2917,2396,2661,2891,43,0.957,1,2237,1,41.208,0.174,-19.375,-17.625,-31.813,-0.113,-0.055,0.992,-0.168,0.047,0.379,0.078,0.020,1.246,1.407,2,NULL,NULL,,3,1,2,7,255,1405,250,0,0
stim,194675,224796,1,224796,3422119.455,-0.736,-0.058,0.037,0.674,367,283,2997,1201,2941,2366,2671,2893,43,0.957,1,2237,1,38.284,0.114,-15.750,-18.438,-29.625,-0.117,-0.078,0.973,-0.086,0.074,-0.004,0.080,0.020,1.246,1.407,2,NULL,NULL,,3,1,2,7,255,1405,250,0,0
stim,194675,224796,1,224796,3422124.454,-0.736,-0.058,0.036,0.673,295,234,3003,1035,2951,2345,2683,2899,43,0.957,1,2237,1,35.005,0.130,-7.438,-20.000,-27.750,-0.113,-0.094,1.012,0.035,0.125,-0.004,0.082,0.020,1.246,1.407,2,NULL,NULL,,3,1,2,7,255,1405,250,0,0
stim,194675,224796,1,224796,3422129.455,-0.737,-0.057,0.035,0.673,165,199,3015,871,2927,2317,2698,2901,43,0.957,1,2237,1,32.006,0.082,-7.313,-22.313,-21.750,-0.129,-0.074,1.035,0.035,0.074,0.219,0.084,0.020,1.246,1.407,2,NULL,NULL,,3,1,2,7,255,1405,250,0,0
stim,194703,224824,1,224824,3422134.453,-0.738,-0.057,0.034,0.672,117,164,3021,725,2964,2297,2713,2905,43,0.957,1,2237,1,34.378,0.089,-7.313,-23.375,-24.125,-0.129,-0.027,1.051,-0.078,0.043,0.449,0.084,0.022,1.246,1.407,2,NULL,NULL,,3,1,2,7,255,1405,250,0,0
stim,194703,224824,1,224824,3422139.455,-0.738,-0.056,0.033,0.671,51,119,3027,569,2971,2276,2728,2907,43,0.957,1,2237,1,36.419,0.539,-6.188,-25.750,-25.000,-0.152,0.031,1.051,-0.539,-0.012,0.539,0.086,0.022,1.246,1.407,2,NULL,NULL,,3,1,2,7,255,1405,250,0,0
stim,194703,224824,1,224824,3422144.454,-0.739,-0.055,0.031,0.670,33,85,3031,396,2986,2253,2741,2908,43,0.957,1,2237,1,41.318,1.028,-4.625,-28.750,-29.313,-0.086,0.027,1.047,-1.027,0.043,0.539,0.086,0.024,1.246,1.407,2,NULL,NULL,,3,1,2,7,255,1405,250,0,0
stim,194703,224824,1,224824,3422149.455,-0.740,-0.054,0.031,0.670,23,58,3033,310,2985,2213,2761,2915,43,0.957,1,2237,1,36.162,1.047,3.625,-31.438,-17.500,-0.109,-0.016,1.074,-1.027,0.203,0.539,0.088,0.024,1.246,1.407,2,NULL,NULL,,3,1,2,7,255,1405,250,0,0
stim,194742,224863,1,224863,3422154.453,-0.740,-0.053,0.030,0.670,1,36,3037,217,2988,2181,2776,2917,43,0.957,1,2237,1,37.705,0.691,7.625,-34.813,-12.313,-0.117,-0.074,1.133,-0.660,0.203,0.754,0.090,0.026,1.246,1.407,2,NULL,NULL,,3,1,2,7,255,1405,250,0,0
stim,194742,224863,1,224863,3422159.455,-0.740,-0.051,0.029,0.670,0,24,3037,188,2983,2155,2792,2919,43,0.957,1,2237,1,40.019,0.264,9.500,-38.688,-3.813,-0.125,-0.066,1.207,-0.250,0.086,1.355,0.090,0.028,1.246,1.407,2,NULL,NULL,,3,1,2,7,255,1405,250,0,0
stim,194742,224863,1,224863,3422164.453,-0.740,-0.050,0.028,0.670,0,8,3044,175,3001,2127,2807,2921,43,0.957,1,2237,1,47.031,0.259,15.750,-43.313,9.375,-0.238,-0.035,1.332,-0.250,0.066,2.086,0.092,0.028,1.246,1.407,2,NULL,NULL,,3,1,2,7,255,1405,250,0,0
stim,194742,224863,1,224863,3422169.455,-0.740,-0.048,0.026,0.671,0,0,3045,167,3005,2089,2824,2923,43,0.957,1,2237,0,53.051,1.104,-1.938,-50.000,17.625,-0.277,-0.051,1.363,-0.613,-0.918,3.402,0.094,0.030,1.246,1.407,3,NULL,NULL,,3,1,2,7,255,1405,250,0,0
stim,194742,224863,1,224863,3422174.454,-0.739,-0.048,0.024,0.671,0,0,3048,115,3015,2037,2835,2925,43,0.957,1,2237,0,60.269,1.361,-30.250,-51.875,5.125,-0.230,-0.125,1.152,-0.613,-1.215,3.402,0.096,0.032,1.246,1.407,3,NULL,NULL,,3,1,2,7,255,1405,250,0,0
stim,194742,224863,1,224863,3422179.455,-0.739,-0.047,0.021,0.671,0,0,3047,94,3017,1990,2844,2925,43,0.957,1,2237,0,61.108,1.235,-30.438,-52.938,-2.313,-0.129,-0.172,0.949,0.223,-1.215,1.727,0.098,0.034,1.246,1.407,3,NULL,NULL,,3,1,2,7,255,1405,250,0,0
stim,194742,224863,1,224863,3422184.453,-0.739,-0.046,0.019,0.672,0,0,3047,73,3020,1940,2857,2923,43,0.957,1,2237,0,57.828,0.885,-5.875,-57.063,7.313,-0.113,-0.152,0.926,0.711,-0.527,-0.344,0.100,0.036,1.246,1.407,3,NULL,NULL,,3,1,2,7,255,1405,250,0,0
stim,194742,224863,1,224863,3422189.455,-0.739,-0.044,0.018,0.672,0,0,3048,54,3008,1876,2863,2925,43,0.957,1,2237,0,63.380,0.843,12.375,-60.813,12.875,-0.125,-0.109,1.023,0.711,-0.453,-0.344,0.104,0.038,1.246,1.407,3,NULL,NULL,,3,1,2,7,255,1405,250,0,0
stim,194742,224863,1,224863,3422194.454,-0.738,-0.042,0.016,0.673,0,0,3048,19,3031,1816,2877,2931,43,0.957,1,2237,0,64.991,0.503,11.375,-62.438,14.000,-0.113,-0.121,1.109,0.273,-0.422,0.324,0.106,0.042,1.246,1.407,3,NULL,NULL,,3,1,2,7,255,1405,250,0,0
stim,194742,224863,1,224863,3422199.455,-0.738,-0.040,0.014,0.674,0,0,3049,0,3033,1751,2893,2927,43,0.957,1,2237,0,67.275,0.508,3.688,-64.375,19.188,-0.133,-0.117,1.137,0.230,-0.453,1.152,0.108,0.046,1.246,1.407,3,NULL,NULL,,3,1,2,7,255,1405,250,0,0
stim,194772,224893,1,224893,3422204.453,-0.737,-0.038,0.012,0.674,0,0,3048,0,3032,1683,2901,2927,43,0.957,1,2237,0,70.007,0.591,-1.813,-66.875,20.625,-0.164,-0.102,1.102,0.203,-0.555,1.152,0.108,0.048,1.246,1.407,3,NULL,NULL,,3,1,2,7,255,1405,250,0,0
stim,194772,224893,1,224893,3422209.455,-0.737,-0.036,0.010,0.675,0,0,3047,0,3043,1619,2915,2931,43,0.957,1,2237,0,72.684,0.906,0.625,-69.875,20.000,-0.148,-0.121,1.051,0.203,-0.883,1.105,0.106,0.050,1.246,1.407,3,NULL,NULL,,3,1,2,7,255,1405,250,0,0
stim,194772,224893,1,224893,3422214.454,-0.736,-0.034,0.008,0.676,0,0,3047,0,3048,1524,2917,2926,43,0.957,1,2237,0,75.089,0.966,8.250,-73.188,14.625,-0.168,-0.117,1.043,0.234,-0.938,0.602,0.102,0.052,1.246,1.407,3,NULL,NULL,,3,1,2,7,255,1405,250,0,0
stim,194772,224893,1,224893,3422219.455,-0.736,-0.031,0.006,0.676,0,0,3039,0,3043,1433,2931,2924,43,0.957,1,2237,0,79.283,0.993,17.938,-76.625,9.625,-0.152,-0.051,1.074,0.234,-0.965,0.602,0.096,0.054,1.246,1.407,3,NULL,NULL,,3,1,2,7,255,1405,250,0,0
stim,194794,224915,1,224915,3422224.454,-0.735,-0.028,0.004,0.677,0,0,3037,0,3055,1316,2941,2924,43,0.957,1,2237,0,83.490,0.965,23.813,-79.000,12.750,-0.070,-0.086,1.145,0.004,-0.965,0.777,0.092,0.058,1.246,1.407,3,NULL,NULL,,3,1,2,7,255,1405,250,0,0
stim,194794,224915,1,224915,3422229.455,-0.735,-0.025,0.002,0.678,0,0,3035,0,3059,1239,2952,2922,43,0.957,1,2237,0,87.812,0.391,18.688,-82.625,23.125,-0.070,-0.063,1.199,-0.250,-0.301,1.453,0.088,0.062,1.246,1.407,3,NULL,NULL,,3,1,2,7,255,1405,250,0,0
stim,194794,224915,1,224915,3422234.454,-0.734,-0.022,-0.000,0.679,0,0,3032,0,3065,1109,2957,2918,43,0.957,1,2237,0,91.022,0.391,8.125,-85.125,31.188,-0.094,-0.063,1.223,-0.250,-0.301,1.992,0.086,0.066,1.246,1.407,3,NULL,NULL,,3,1,2,7,255,1405,250,0,0
stim,194794,224915,1,224915,3422239.455,-0.733,-0.020,-0.003,0.680,0,0,3023,0,3065,997,2967,2915,43,0.957,1,2237,0,95.566,0.645,0.625,-88.750,35.438,-0.121,-0.043,1.215,-0.270,-0.586,2.133,0.086,0.070,1.246,1.407,3,NULL,NULL,,3,1,2,7,255,1405,250,0,0
stim,194794,224915,1,224915,3422244.453,-0.732,-0.017,-0.006,0.682,0,0,3022,0,3067,842,2976,2908,43,0.957,1,2237,0,98.618,1.057,-6.438,-92.688,33.063,-0.156,0.051,1.172,-0.504,-0.930,2.133,0.084,0.074,1.246,1.407,3,NULL,NULL,,3,1,2,7,255,1405,250,0,0
stim,194794,224915,1,224915,3422249.455,-0.731,-0.014,-0.009,0.683,0,0,3007,0,3055,702,2981,2899,43,0.957,1,2237,0,100.773,1.878,-5.125,-97.125,26.375,-0.145,0.109,1.129,-1.398,-1.254,1.637,0.084,0.078,1.246,1.407,3,NULL,NULL,,3,1,2,7,255,1405,250,0,0
stim,194839,224960,1,224960,3422254.454,-0.730,-0.011,-0.012,0.684,0,0,2999,0,3069,607,2989,2889,43,0.957,1,2237,0,105.066,2.115,3.813,-102.188,24.125,-0.109,0.086,1.141,-1.703,-1.254,1.273,0.080,0.082,1.246,1.407,3,NULL,NULL,,3,1,2,7,255,1405,250,0,0
stim,194839,224960,1,224960,3422259.455,-0.729,-0.008,-0.015,0.685,0,0,2990,0,3077,501,2995,2875,43,0.957,1,2237,0,110.437,1.989,8.063,-106.938,26.375,-0.055,0.047,1.176,-1.703,-1.027,1.273,0.078,0.086,1.246,1.407,3,NULL,NULL,,3,1,2,7,255,1405,250,0,0
stim,194839,224960,1,224960,3422264.453,-0.728,-0.004,-0.018,0.686,0,0,2975,0,3077,405,3001,2862,43,0.957,1,2237,0,115.802,1.475,3.563,-110.813,33.438,-0.047,0.000,1.199,-1.309,-0.680,1.652,0.078,0.092,1.246,1.407,3,NULL,NULL,,3,1,2,7,255,1405,250,0,0
stim,194839,224960,1,224960,3422269.455,-0.726,-0.001,-0.022,0.687,0,0,2958,0,3078,267,3007,2845,43,0.957,1,2237,0,122.457,1.096,-4.438,-115.125,41.500,-0.074,-0.004,1.211,-0.859,-0.680,1.910,0.076,0.096,1.246,1.407,3,NULL,NULL,,3,1,2,7,255,1405,250,0,0
stim,194839,224960,1,224960,3422274.454,-0.725,0.002,-0.025,0.689,0,0,2941,0,3079,188,3013,2831,43,0.957,1,2237,0,127.840,1.379,-10.313,-119.563,44.063,-0.094,0.031,1.223,-0.859,-1.078,1.992,0.076,0.100,1.246,1.407,3,NULL,NULL,,3,1,2,7,255,1405,250,0,0
stim,194839,224960,1,224960,3422279.455,-0.723,0.005,-0.030,0.690,0,0,2924,0,3075,118,2992,2809,43,0.957,1,2237,0,133.299,1.495,-13.563,-124.625,45.313,-0.066,-0.004,1.184,-0.855,-1.227,1.992,0.076,0.102,1.246,1.407,3,NULL,NULL,,3,1,2,7,255,1405,250,0,0
stim,194867,224988,1,224988,3422284.453,-0.721,0.008,-0.034,0.692,0,0,2907,0,3077,63,3017,2789,43,0.957,1,2237,0,138.011,1.546,-15.688,-128.063,49.000,-0.047,0.004,1.199,-0.941,-1.227,1.852,0.078,0.108,1.246,1.407,3,NULL,NULL,,3,1,2,7,255,1405,250,0,0
stim,194867,224988,1,224988,3422289.455,-0.719,0.012,-0.038,0.693,0,0,2877,0,3067,39,3021,2763,43,0.957,1,2237,0,142.333,1.546,-17.438,-131.563,51.438,-0.102,0.016,1.191,-0.941,-1.227,1.730,0.080,0.112,1.246,1.407,3,NULL,NULL,,3,1,2,7,255,1405,250,0,0
stim,194867,224988,1,224988,3422294.454,-0.717,0.015,-0.043,0.695,0,0,2851,0,3076,16,3027,2735,43,0.957,1,2237,0,147.146,2.063,-21.375,-136.125,51.625,-0.105,-0.008,1.227,-0.941,-1.836,1.852,0.080,0.118,1.246,1.407,3,NULL,NULL,,3,1,2,7,255,1405,250,0,0
stim,194867,224988,1,224988,3422299.455,-0.716,0.018,-0.048,0.697,0,0,2811,0,3067,0,3028,2709,43,0.957,1,2237,0,149.740,2.226,-22.000,-139.688,49.250,-0.121,-0.039,1.254,-0.902,-2.035,2.043,0.082,0.122,1.246,1.407,3,NULL,NULL,,3,1,2,7,255,1405,250,0,0
stim,194867,224988,1,224988,3422304.453,-0.714,0.021,-0.053,0.698,0,0,2779,0,3064,0,3029,2667,43,0.957,1,2237,0,153.298,2.456,-27.375,-144.063,44.688,-0.121,-0.059,1.313,-0.656,-2.367,2.297,0.084,0.126,1.246,1.407,3,NULL,NULL,,3,1,2,7,255,1405,250,0,0
stim,194867,224988,1,224988,3422309.455,-0.712,0.025,-0.058,0.699,0,0,2741,0,3051,0,3031,2631,43,0.957,1,2237,0,156.554,2.657,-35.188,-147.313,39.625,-0.121,-0.027,1.383,-0.656,-2.574,2.848,0.088,0.132,1.246,1.407,3,NULL,NULL,,3,1,2,7,255,1405,250,0,0
stim,194867,224988,0,224988,3422314.454,-0.711,0.028,-0.064,0.700,0,0,2703,0,3053,0,3031,2587,43,0.957,1,2237,0,157.980,2.950,-40.625,-149.875,29.063,-0.172,-0.004,1.445,-0.914,-2.805,3.504,0.092,0.136,1.246,1.407,3,NULL,NULL,,3,0,2,7,255,1406,250,0,0
stim,194867,224988,0,224988,3422319.455,-0.710,0.031,-0.070,0.700,0,0,2643,0,3045,0,3021,2518,43,0.957,1,2237,0,160.506,3.645,-35.000,-155.875,15.500,-0.246,-0.051,1.539,-0.918,-3.527,3.973,0.098,0.142,1.246,1.407,3,NULL,NULL,,3,0,2,7,255,1406,250,0,0
stim,194896,225017,0,225017,3422324.454,-0.709,0.035,-0.076,0.700,0,0,2591,0,3017,0,3029,2455,43,0.957,1,2237,0,170.919,4.688,-42.625,-165.313,8.250,-0.285,-0.059,1.516,-0.918,-4.598,4.406,0.104,0.150,1.246,1.407,3,NULL,NULL,,3,0,2,7,255,1406,250,0,0
stim,194896,225017,0,225017,3422329.455,-0.708,0.039,-0.083,0.700,0,0,2511,0,3037,1,3031,2356,43,0.957,1,2237,0,179.416,5.214,-36.813,-175.563,-3.563,-0.266,-0.031,1.492,-0.918,-5.133,4.406,0.110,0.158,1.246,1.407,3,NULL,NULL,,3,0,2,7,255,1406,250,0,0
stim,194896,225017,0,225017,3422334.453,-0.708,0.044,-0.090,0.699,0,0,2443,0,3021,10,3019,2265,43,0.957,1,2237,0,189.992,5.284,-34.938,-186.250,-13.688,-0.262,0.031,1.602,-1.191,-5.148,4.406,0.116,0.168,1.246,1.407,3,NULL,NULL,,3,0,2,7,255,1406,250,0,0
stim,194896,225017,0,225017,3422339.455,-0.707,0.048,-0.097,0.699,0,0,2363,0,2971,25,3005,2147,43,0.957,1,2237,0,204.513,5.814,-48.438,-198.375,-11.250,-0.277,0.074,1.676,-1.941,-5.480,5.012,0.122,0.178,1.246,1.407,3,NULL,NULL,,3,0,2,7,255,1406,250,0,0
stim,194917,225039,0,225039,3422344.454,-0.707,0.053,-0.106,0.698,0,0,2293,0,2987,39,3001,2035,43,0.957,1,2237,0,218.092,6.537,-56.938,-210.063,-14.000,-0.305,0.121,1.766,-2.492,-6.043,5.539,0.130,0.190,1.246,1.407,3,NULL,NULL,,3,0,2,7,255,1406,250,0,0
stim,194917,225039,0,225039,3422349.455,-0.706,0.058,-0.115,0.696,0,0,2195,0,2971,37,2983,1906,43,0.957,1,2237,0,236.862,7.447,-73.938,-224.125,-20.125,-0.355,0.133,1.820,-3.137,-6.754,6.188,0.138,0.202,1.246,1.407,3,NULL,NULL,,3,0,2,7,255,1406,250,0,0
stim,194953,225074,0,225074,3422354.453,-0.706,0.062,-0.125,0.695,0,0,2092,0,2951,40,2956,1765,43,0.957,1,2237,0,257.072,8.409,-89.813,-239.313,-27.375,-0.355,0.211,1.715,-3.426,-7.680,6.188,0.146,0.216,1.246,1.407,3,NULL,NULL,,3,0,2,7,255,1406,250,0,0
stim,194953,225074,0,225074,3422359.457,-0.705,0.068,-0.135,0.693,0,0,2006,0,2933,41,2931,1677,43,0.957,1,2237,0,271.572,8.752,-86.063,-255.500,-32.625,-0.340,0.270,1.648,-4.168,-7.695,5.164,0.160,0.230,1.246,1.407,3,NULL,NULL,,3,0,2,7,255,1406,250,0,0
stim,194953,225074,0,225074,3422364.454,-0.705,0.074,-0.146,0.691,0,0,1885,0,2905,35,2903,1596,43,0.957,1,2237,0,284.323,9.068,-69.063,-273.750,-33.625,-0.246,0.316,1.762,-4.797,-7.695,5.164,0.174,0.248,1.246,1.407,3,NULL,NULL,,3,0,2,7,255,1406,250,0,0
stim,194953,225074,0,225074,3422369.455,-0.703,0.081,-0.156,0.689,0,0,1791,0,2860,37,2861,1516,43,0.957,1,2237,0,296.228,9.459,-63.625,-288.313,-24.063,-0.203,0.375,1.992,-5.500,-7.695,5.332,0.188,0.268,1.246,1.407,3,NULL,NULL,,3,0,2,7,255,1406,250,0,0
stim,194953,225074,0,225074,3422374.454,-0.701,0.088,-0.168,0.687,0,0,1693,0,2829,33,2793,1447,43,0.957,1,2237,0,315.380,10.405,-72.875,-306.750,-7.625,-0.281,0.395,2.172,-6.465,-8.152,7.293,0.208,0.290,1.246,1.407,3,NULL,NULL,,3,0,2,7,255,1406,250,0,0
stim,194953,225074,0,225074,3422379.455,-0.699,0.094,-0.181,0.685,0,0,1586,0,2779,37,2725,1364,43,0.957,1,2237,0,336.071,12.165,-96.000,-322.063,-1.938,-0.336,0.457,2.191,-7.039,-9.922,7.902,0.228,0.314,1.246,1.407,3,NULL,NULL,,3,0,2,7,255,1406,250,0,0
stim,194953,225074,0,225074,3422384.454,-0.697,0.101,-0.194,0.683,0,0,1467,0,2719,5,2627,1280,43,0.957,1,2237,0,349.379,13.245,-100.938,-333.875,-20.125,-0.285,0.402,2.172,-7.430,-10.965,7.902,0.250,0.340,1.246,1.407,3,NULL,NULL,,3,0,2,7,255,1406,250,0,0
stim,194953,225074,0,225074,3422389.455,-0.695,0.109,-0.207,0.680,0,0,1327,0,2647,0,2509,1189,43,0.957,1,2237,0,353.997,13.248,-80.063,-343.188,-33.563,-0.191,0.328,2.359,-7.430,-10.969,7.902,0.276,0.366,1.246,1.407,3,NULL,NULL,,3,0,2,7,255,1406,250,0,0
stim,194953,225074,0,225074,3422394.453,-0.693,0.117,-0.220,0.677,0,0,1180,0,2551,0,2355,1050,43,0.957,1,2237,0,364.425,13.688,-96.500,-350.750,-21.625,-0.188,0.379,2.465,-7.430,-11.496,9.383,0.302,0.396,1.246,1.407,3,NULL,NULL,,3,0,2,7,255,1406,250,0,0
stim,194953,225074,0,225074,3422399.455,-0.690,0.123,-0.235,0.674,0,0,1012,0,2422,0,2171,959,43,0.957,1,2237,0,382.987,14.705,-132.313,-359.313,-8.188,-0.301,0.348,2.371,-7.758,-12.492,9.383,0.332,0.428,1.246,1.407,3,NULL,NULL,,3,0,2,7,255,1406,250,0,0
stim,194974,225095,0,225095,3422404.454,-0.687,0.129,-0.251,0.670,0,0,826,0,2281,0,1913,885,43,0.957,1,2237,0,402.915,14.938,-159.375,-369.938,-9.313,-0.328,0.164,2.016,-7.758,-12.766,8.031,0.366,0.462,1.246,1.407,3,NULL,NULL,,3,0,2,7,255,1406,250,0,0
stim,194974,225095,0,225095,3422409.455,-0.683,0.137,-0.266,0.666,0,0,607,0,2089,0,1627,751,43,0.957,1,2237,0,409.809,13.920,-138.938,-385.188,-16.438,-0.219,-0.152,1.508,-5.551,-12.766,4.758,0.402,0.500,1.246,1.407,3,NULL,NULL,,3,0,2,7,255,1406,250,0,0
stim,194974,225095,0,225095,3422414.453,-0.679,0.145,-0.281,0.663,0,0,419,0,1866,0,1237,623,43,0.957,1,2237,0,407.744,10.079,-91.500,-397.313,-5.063,0.008,-0.371,1.352,-1.707,-9.934,1.488,0.442,0.542,1.246,1.407,3,NULL,NULL,,3,0,2,7,255,1406,250,0,0
stim,194974,225095,0,225095,3422419.455,-0.673,0.155,-0.294,0.660,0,0,283,0,1599,0,711,510,43,0.957,1,2237,0,404.697,7.874,-51.438,-401.313,9.063,0.250,-0.371,1.059,0.535,-7.855,1.352,0.486,0.584,1.246,1.407,3,NULL,NULL,,3,0,2,7,255,1406,250,0,0
stim,194974,225095,0,225095,3422424.454,-0.667,0.167,-0.306,0.659,0,0,231,0,1299,0,271,445,43,0.957,1,2237,0,409.873,5.118,24.313,-408.188,28.063,0.379,-0.285,1.254,0.535,-5.090,1.488,0.536,0.634,1.246,1.407,3,NULL,NULL,,3,0,2,7,255,1406,250,0,0
stim,194974,225095,0,225095,3422429.455,-0.658,0.180,-0.316,0.659,0,0,167,0,984,0,59,339,43,0.957,1,2237,0,427.382,5.097,67.188,-417.188,64.000,0.152,0.012,1.879,-0.262,-5.090,2.316,0.592,0.688,1.246,1.407,3,NULL,NULL,,3,0,2,7,255,1406,250,0,0
stim,195004,225125,0,225125,3422434.453,-0.649,0.191,-0.328,0.659,0,0,107,0,573,0,0,301,43,0.957,1,2237,0,432.127,11.668,27.688,-420.000,97.813,-0.113,0.270,2.254,-4.156,-10.902,4.488,0.654,0.750,1.246,1.407,3,NULL,NULL,,3,0,2,7,255,1406,250,0,0
stim,195004,225125,0,225125,3422439.455,-0.640,0.200,-0.342,0.658,0,0,103,0,265,0,0,229,43,0.957,1,2237,0,434.384,16.965,-40.188,-418.250,110.188,-0.418,0.309,1.988,-6.609,-15.625,4.488,0.716,0.810,1.246,1.407,3,NULL,NULL,,3,0,2,7,255,1406,250,0,0
stim,195004,225125,0,225125,3422444.454,-0.631,0.208,-0.357,0.657,0,0,75,0,3,0,0,153,43,0.957,1,2237,0,442.960,16.965,-81.813,-418.813,118.813,-0.465,0.344,1.668,-6.609,-15.625,-0.094,0.774,0.868,1.246,1.407,3,NULL,NULL,,3,0,2,7,255,1406,250,0,0
stim,195004,225125,0,225125,3422449.455,-0.621,0.214,-0.373,0.656,0,0,75,0,0,0,0,83,43,0.957,1,2237,0,446.234,16.227,-114.063,-410.438,132.875,-0.383,0.637,1.328,-6.609,-14.820,-3.223,0.826,0.920,1.246,1.407,4,NULL,NULL,,3,0,2,7,255,1406,250,0,0
stim,195042,225163,0,225163,3422454.453,-0.612,0.219,-0.389,0.653,0,0,59,0,0,0,0,27,43,0.957,1,2237,0,435.449,14.505,-146.063,-390.250,126.438,-0.410,0.973,1.172,-8.379,-11.840,-6.000,0.872,0.968,1.246,1.407,0,NULL,NULL,,3,0,2,7,255,1406,250,0,0
stim,195042,225163,0,225163,3422459.455,-0.603,0.222,-0.405,0.650,0,0,63,0,0,0,0,12,43,0.957,1,2237,0,426.702,15.506,-168.938,-372.563,121.375,-0.523,1.098,1.023,-11.164,-10.762,-8.508,0.922,1.020,1.246,1.407,0,NULL,NULL,,3,0,2,7,255,1406,250,0,0
stim,195042,225163,0,225163,3422464.454,-0.595,0.225,-0.420,0.647,0,0,73,0,0,0,0,19,43,0.957,1,2237,0,419.020,15.506,-183.688,-356.688,120.875,-0.559,0.898,1.129,-11.164,-10.762,-10.797,0.974,1.074,1.246,1.407,0,NULL,NULL,,3,0,2,7,255,1406,250,0,0
stim,195042,225163,0,225163,3422469.455,-0.588,0.227,-0.436,0.642,0,0,74,0,0,0,0,43,43,0.957,1,2237,0,417.152,14.350,-221.875,-338.188,102.063,-0.387,0.527,0.992,-10.063,-10.230,-10.797,1.038,1.140,1.246,1.407,0,NULL,NULL,,3,0,2,7,255,1406,250,0,0
stim,195042,225163,0,225163,3422474.454,-0.583,0.229,-0.450,0.637,0,0,71,0,0,0,0,75,43,0.957,1,2237,0,353.758,11.767,-204.375,-285.938,40.188,-0.105,0.035,0.824,-6.656,-9.703,-9.539,1.102,1.206,1.246,1.407,0,NULL,NULL,,3,0,2,7,255,1406,250,0,0
stim,195042,225163,0,225163,3422479.455,-0.579,0.230,-0.460,0.632,0,0,75,0,0,0,0,111,43,0.957,1,2237,0,282.760,8.208,-154.813,-234.500,31.563,0.020,-0.297,0.914,-2.328,-7.871,-6.879,1.168,1.276,1.246,1.407,0,NULL,NULL,,3,0,2,7,255,1406,250,0,0
stim,195042,225163,0,225163,3422484.453,-0.575,0.230,-0.470,0.629,0,0,71,0,0,0,0,134,43,0.957,1,2237,0,243.694,8.012,-151.000,-183.875,52.688,-0.102,-0.148,1.098,-1.496,-7.871,-5.379,1.238,1.348,1.246,1.407,0,NULL,NULL,,3,0,2,7,255,1406,250,0,0
stim,195042,225163,0,225163,3422489.455,-0.573,0.228,-0.478,0.625,0,0,67,0,0,0,0,137,43,0.957,1,2237,0,233.672,9.478,-192.250,-121.875,52.813,-0.281,0.094,0.961,-1.496,-9.359,-5.379,1.312,1.422,1.246,1.407,0,NULL,NULL,,3,0,2,7,255,1406,250,0,0
stim,195042,225163,0,225163,3422494.453,-0.573,0.223,-0.487,0.621,0,0,55,0,0,0,0,139,43,0.957,1,2237,0,241.709,9.832,-232.625,-55.688,34.750,-0.328,0.297,0.445,-3.012,-9.359,-8.410,1.388,1.500,1.246,1.407,0,NULL,NULL,,3,0,2,7,255,1406,250,0,0
stim,195042,225163,0,225163,3422499.455,-0.575,0.216,-0.492,0.617,0,0,54,0,0,0,0,125,43,0.957,1,2237,0,220.752,5.946,-219.188,9.375,24.500,-0.223,0.492,-0.098,-3.348,-4.914,-11.727,1.472,1.584,1.246,1.407,0,NULL,NULL,,3,0,2,7,255,1406,250,0,0
stim,195071,225192,0,225192,3422504.453,-0.577,0.210,-0.495,0.615,0,0,52,0,0,0,0,111,43,0.957,1,2237,0,169.914,3.388,-154.313,67.063,23.688,-0.203,0.441,-0.488,-3.348,0.523,-13.816,1.558,1.672,1.246,1.407,0,NULL,NULL,,3,0,2,7,255,1406,250,0,0
stim,195071,225192,0,225192,3422509.455,-0.580,0.205,-0.494,0.615,0,0,54,0,0,0,0,109,43,0.957,1,2237,0,133.848,2.649,-71.438,111.375,20.188,-0.188,0.273,-0.285,-1.895,1.852,-13.816,1.644,1.758,1.246,1.407,0,NULL,NULL,,3,0,2,7,255,1406,250,0,0
stim,195071,225192,0,225192,3422514.454,-0.582,0.200,-0.491,0.616,0,0,53,0,0,0,0,106,43,0.957,1,2237,0,154.169,2.141,-25.563,149.375,28.313,-0.227,-0.043,-0.141,-1.074,1.852,-13.508,1.730,1.844,1.246,1.407,0,NULL,NULL,,3,0,2,7,255,1406,250,0,0
stim,195071,225192,0,225192,3422519.455,-0.585,0.194,-0.488,0.618,0,0,47,0,0,0,0,103,43,0.957,1,2237,0,178.396,0.864,-16.813,173.625,37.375,-0.270,0.148,0.027,-0.852,-0.145,-12.402,1.804,1.920,1.246,1.407,0,NULL,NULL,,3,0,2,7,255,1406,250,0,0
stim,195096,225217,0,225217,3422524.454,-0.589,0.188,-0.483,0.620,0,0,37,0,0,0,0,95,43,0.957,1,2237,0,194.473,0.766,-9.188,190.688,37.063,-0.301,0.094,-0.094,0.133,-0.754,-12.402,1.870,1.988,1.246,1.407,0,NULL,NULL,,3,0,2,7,255,1406,250,0,0
stim,195096,225217,0,225217,3422529.455,-0.592,0.182,-0.478,0.623,0,0,27,0,0,0,0,89,43,0.957,1,2237,0,210.747,0.766,17.063,202.625,55.375,-0.230,0.090,-0.281,0.133,-0.754,-12.961,1.918,2.036,1.246,1.407,0,NULL,NULL,,3,0,2,7,255,1406,250,0,0
stim,195096,225217,0,225217,3422534.454,-0.594,0.176,-0.471,0.628,0,0,16,0,0,0,0,88,43,0.957,1,2237,0,226.174,0.679,61.063,208.063,64.313,-0.301,0.113,-0.258,0.516,0.441,-13.215,1.952,2.074,1.246,1.407,0,NULL,NULL,,3,0,2,7,255,1406,250,0,0
stim,195096,225217,0,225217,3422539.455,-0.596,0.172,-0.464,0.633,0,0,14,0,0,0,0,85,43,0.957,1,2237,0,243.723,0.679,93.688,213.563,70.813,-0.379,0.211,-0.070,0.516,0.441,-13.785,1.976,2.098,1.246,1.407,0,NULL,NULL,,3,0,2,7,255,1406,250,0,0
stim,195096,225217,0,225217,3422544.453,-0.598,0.167,-0.455,0.638,0,0,11,0,0,0,0,74,43,0.957,1,2237,0,252.588,1.609,103.188,218.750,72.813,-0.395,0.266,0.020,-0.848,-1.367,-13.785,1.984,2.106,1.246,1.407,0,NULL,NULL,,3,0,2,7,255,1406,250,0,0
stim,195096,225217,0,225217,3422549.455,-0.599,0.162,-0.447,0.644,0,0,10,0,0,0,0,69,43,0.957,1,2237,0,262.459,2.662,118.375,221.188,77.125,-0.422,0.230,0.109,-1.551,-2.164,-13.707,1.980,2.102,1.246,1.407,0,NULL,NULL,,3,0,2,7,255,1406,250,0,0
stim,195139,225260,0,225260,3422554.454,-0.601,0.158,-0.438,0.650,0,0,11,0,0,0,0,69,43,0.957,1,2237,0,268.977,3.529,129.250,222.750,77.625,-0.461,0.203,0.199,-1.563,-3.164,-13.219,1.968,2.092,1.246,1.407,0,NULL,NULL,,3,0,2,7,255,1406,250,0,0
stim,195139,225260,0,225260,3422559.455,-0.602,0.154,-0.428,0.656,0,0,10,0,0,0,0,69,43,0.957,1,2237,0,273.164,4.462,138.063,222.250,78.500,-0.555,0.160,0.285,-1.551,-4.184,-12.824,1.952,2.076,1.246,1.407,0,NULL,NULL,,3,0,2,7,255,1406,250,0,0
stim,195139,225260,0,225260,3422564.453,-0.604,0.150,-0.419,0.662,0,0,9,0,0,0,0,66,43,0.957,1,2237,0,274.060,5.744,145.875,223.313,62.938,-0.594,0.191,0.453,-1.563,-5.527,-12.730,1.938,2.062,1.246,1.407,0,NULL,NULL,,3,0,2,7,255,1406,250,0,0
stim,195139,225260,0,225260,3422569.455,-0.606,0.147,-0.409,0.667,0,0,4,0,0,0,0,60,43,0.957,1,2237,0,268.504,7.295,141.813,224.563,39.438,-0.570,0.125,0.648,-1.984,-7.020,-12.016,1.926,2.050,1.246,1.407,0,NULL,NULL,,3,0,2,7,255,1406,250,0,0
stim,195139,225260,0,225260,3422574.454,-0.608,0.143,-0.399,0.671,0,0,5,0,0,0,0,75,43,0.957,1,2237,0,261.379,8.599,128.125,225.000,35.750,-0.539,0.094,0.793,-2.047,-8.352,-10.262,1.918,2.044,1.246,1.407,0,NULL,NULL,,3,0,2,7,255,1406,250,0,0
stim,195139,225260,0,225260,3422579.455,-0.611,0.139,-0.390,0.675,0,0,7,0,0,0,0,88,43,0.957,1,2237,0,254.835,9.466,106.125,230.313,25.188,-0.516,0.172,0.863,-2.297,-9.184,-8.855,1.918,2.044,1.246,1.407,0,NULL,NULL,,3,0,2,7,255,1406,250,0,0
stim,195171,225292,0,225292,3422584.453,-0.614,0.134,-0.381,0.678,0,0,9,0,0,0,0,106,43,0.957,1,2237,0,253.233,9.740,87.563,237.500,7.313,-0.488,0.152,0.867,-3.156,-9.215,-8.336,1.922,2.048,1.246,1.407,0,NULL,NULL,,3,0,2,7,255,1406,250,0,0
stim,195171,225292,0,225292,3422589.455,-0.618,0.129,-0.372,0.680,0,0,5,0,0,0,0,107,43,0.957,1,2237,0,256.103,9.966,72.438,245.563,-6.375,-0.508,0.129,0.891,-3.156,-9.453,-7.840,1.934,2.060,1.246,1.407,0,NULL,NULL,,3,0,2,7,255,1406,250,0,0
stim,195171,225292,0,225292,3422594.454,-0.623,0.124,-0.364,0.681,0,0,5,0,0,0,0,117,43,0.957,1,2237,0,265.609,9.696,56.188,257.938,-29.313,-0.469,0.078,0.855,-3.016,-9.215,-7.523,1.954,2.082,1.246,1.407,0,NULL,NULL,,3,0,2,7,255,1406,250,0,0
stim,195171,225292,0,225292,3422599.455,-0.629,0.118,-0.354,0.682,0,0,4,0,0,0,0,123,43,0.957,1,2237,0,279.639,9.265,48.313,271.438,-46.750,-0.375,-0.012,0.793,-2.555,-8.906,-7.125,1.980,2.106,1.246,1.407,0,NULL,NULL,,3,0,2,7,255,1406,250,0,0
stim,195171,225292,0,225292,3422604.453,-0.635,0.111,-0.345,0.682,0,0,1,0,0,0,0,126,43,0.957,1,2237,0,295.229,8.019,47.500,286.750,-51.750,-0.340,-0.020,0.758,-1.758,-7.824,-6.477,2.008,2.136,1.246,1.407,0,NULL,NULL,,3,0,2,7,255,1406,250,0,0
stim,195171,225292,0,225292,3422609.455,-0.641,0.105,-0.335,0.682,0,0,0,0,0,0,0,142,43,0.957,1,2237,0,313.926,7.445,47.063,304.375,-60.750,-0.340,0.039,0.727,-1.758,-7.234,-6.477,2.044,2.172,1.246,1.407,0,NULL,NULL,,3,0,2,7,255,1406,250,0,0
stim,195171,225292,0,225292,3422614.455,-0.648,0.098,-0.324,0.682,0,0,4,0,0,0,0,147,43,0.957,1,2237,0,331.365,7.165,54.375,319.125,-70.750,-0.328,0.020,0.660,-1.836,-6.926,-6.547,2.082,2.212,1.246,1.407,0,NULL,NULL,,3,0,2,7,255,1406,250,0,0
stim,195171,225292,0,225292,3422619.455,-0.655,0.091,-0.312,0.682,0,0,2,0,0,0,0,149,43,0.957,1,2237,0,347.394,6.644,70.500,331.438,-76.563,-0.313,-0.004,0.707,-1.859,-6.379,-6.547,2.122,2.252,1.246,1.407,0,NULL,NULL,,3,0,2,7,255,1406,250,0,0
stim,195190,225311,0,225311,3422624.454,-0.662,0.085,-0.300,0.682,0,0,5,0,0,0,0,151,43,0.957,1,2237,0,359.655,6.626,79.375,341.188,-81.500,-0.254,-0.012,0.789,-1.859,-6.359,-6.031,2.164,2.296,1.246,1.407,0,NULL,NULL,,3,0,2,7,255,1406,250,0,0
stim,195190,225311,0,225311,3422629.455,-0.669,0.078,-0.287,0.682,0,0,2,0,0,0,0,149,43,0.957,1,2237,0,366.730,6.505,83.875,347.063,-83.688,-0.105,-0.031,0.766,-2.008,-6.188,-4.906,2.206,2.340,1.246,1.407,0,NULL,NULL,,3,0,2,7,255,1406,250,0,0
stim,195190,225311,0,225311,3422634.454,-0.675,0.072,-0.273,0.682,0,0,4,0,0,0,0,153,43,0.957,1,2237,0,369.554,5.089,101.500,348.125,-71.250,0.035,-0.086,0.645,-2.008,-4.676,-4.156,2.248,2.382,1.246,1.407,0,NULL,NULL,,3,0,2,7,255,1406,250,0,0
stim,195190,225311,0,225311,3422639.455,-0.680,0.067,-0.259,0.682,0,0,1,0,0,0,0,150,43,0.957,1,2237,0,371.527,4.059,133.250,342.688,-53.313,-0.059,-0.020,0.703,-1.871,-3.602,-4.156,2.290,2.424,1.246,1.407,0,NULL,NULL,,3,0,2,7,255,1406,250,0,0
stim,195217,225338,0,225338,3422644.453,-0.686,0.062,-0.244,0.683,0,0,1,0,0,0,0,151,43,0.957,1,2237,0,375.473,4.059,152.313,337.750,-60.875,-0.070,0.039,0.805,-1.871,-3.602,-4.156,2.328,2.466,1.246,1.407,0,NULL,NULL,,3,0,2,7,255,1406,250,0,0
stim,195217,225338,0,225338,3422649.455,-0.691,0.058,-0.229,0.683,0,0,2,0,0,0,0,156,43,0.957,1,2237,0,374.740,4.468,163.375,331.563,-61.688,0.035,0.035,0.867,-2.645,-3.602,-3.383,2.366,2.506,1.246,1.407,0,NULL,NULL,,3,0,2,7,255,1406,250,0,0
stim,195247,225369,0,225369,3422654.454,-0.696,0.054,-0.214,0.684,0,0,3,0,0,0,0,155,43,0.957,1,2237,0,372.967,4.026,174.875,325.188,-52.688,0.055,0.023,0.902,-2.645,-3.035,-2.297,2.402,2.542,1.246,1.407,0,NULL,NULL,,3,0,2,7,255,1406,250,0,0
stim,195248,225369,0,225369,3422659.455,-0.700,0.051,-0.199,0.684,0,0,4,0,0,0,0,156,43,0.957,1,2237,0,374.895,4.070,192.500,318.500,-45.250,0.008,0.047,0.965,-2.711,-3.035,-1.758,2.438,2.578,1.246,1.407,0,NULL,NULL,,3,0,2,7,255,1406,250,0,0
stim,195248,225369,0,225369,3422664.453,-0.704,0.048,-0.183,0.685,0,0,3,0,0,0,0,155,43,0.957,1,2237,0,379.734,4.235,208.313,313.750,-48.625,-0.059,0.098,1.172,-2.797,-3.180,-1.313,2.470,2.612,1.246,1.407,0,NULL,NULL,,3,0,2,7,255,1406,250,0,0
stim,195248,225369,0,225369,3422669.455,-0.707,0.046,-0.167,0.686,0,0,5,0,0,0,0,154,43,0.957,1,2237,0,377.915,5.454,213.188,308.625,-46.063,-0.023,0.086,1.371,-3.559,-4.133,0.379,2.502,2.646,1.246,1.407,0,NULL,NULL,,3,0,2,7,255,1406,250,0,0
stim,195248,225369,0,225369,3422674.454,-0.710,0.044,-0.151,0.686,0,0,8,0,0,0,0,153,43,0.957,1,2237,0,370.914,5.545,209.250,303.438,-41.438,-0.109,0.113,1.582,-3.645,-4.180,2.520,2.532,2.678,1.246,1.407,0,NULL,NULL,,3,0,2,7,255,1406,250,0,0
stim,195248,225369,0,225369,3422679.455,-0.714,0.042,-0.136,0.686,0,0,6,0,0,0,0,155,43,0.957,1,2237,0,358.754,6.586,194.125,297.375,-50.875,-0.254,0.203,1.777,-4.078,-5.172,4.352,2.560,2.708,1.246,1.407,0,NULL,NULL,,3,0,2,7,255,1406,250,0,0
stim,195248,225369,0,225369,3422684.453,-0.717,0.038,-0.122,0.685,0,0,7,0,0,0,0,157,43,0.957,1,2237,0,348.419,7.254,166.438,297.688,-71.250,-0.156,0.156,1.945,-4.566,-5.637,5.895,2.588,2.736,1.246,1.407,0,NULL,NULL,,3,0,2,7,255,1406,250,0,0
stim,195248,225369,0,225369,3422689.455,-0.721,0.034,-0.109,0.684,0,0,9,0,0,0,0,163,43,0.957,1,2237,0,328.129,7.254,131.688,293.500,-64.688,-0.023,0.098,1.914,-4.566,-5.637,8.000,2.614,2.764,1.246,1.407,0,NULL,NULL,,3,0,2,7,255,1406,250,0,0
stim,195248,225369,0,225369,3422694.453,-0.724,0.029,-0.096,0.683,0,0,7,0,0,0,0,160,43,0.957,1,2237,0,315.713,5.455,108.063,291.500,-55.000,-0.082,0.141,1.836,-3.832,-3.883,8.000,2.640,2.792,1.246,1.407,0,NULL,NULL,,3,0,2,7,255,1406,250,0,0
stim,195248,225369,0,225369,3422699.455,-0.727,0.024,-0.084,0.681,0,0,9,0,0,0,0,165,43,0.957,1,2237,0,309.571,5.390,91.875,289.063,-61.938,-0.148,0.148,1.781,-3.738,-3.883,7.469,2.664,2.818,1.246,1.407,0,NULL,NULL,,3,0,2,7,255,1406,250,0,0
stim,195273,225394,0,225394,3422704.454,-0.731,0.018,-0.073,0.679,0,0,11,0,0,0,0,165,43,0.957,1,2237,0,307.302,5.351,74.938,287.688,-77.813,-0.078,0.148,1.727,-3.738,-3.828,6.945,2.690,2.844,1.246,1.407,0,NULL,NULL,,3,0,2,7,255,1406,250,0,0
stim,195273,225394,0,225394,3422709.455,-0.734,0.012,-0.062,0.676,0,0,8,0,0,0,0,164,43,0.957,1,2237,0,302.406,4.451,61.438,285.000,-80.313,0.059,0.082,1.574,-3.484,-2.770,6.625,2.716,2.870,1.246,1.407,0,NULL,NULL,,3,0,2,7,255,1406,250,0,0
stim,195273,225394,0,225394,3422714.453,-0.737,0.006,-0.051,0.674,0,0,11,0,1,0,0,163,43,0.957,1,2237,0,297.095,2.632,67.125,281.250,-68.250,0.109,0.043,1.457,-2.461,-0.934,5.426,2.742,2.898,1.246,1.407,0,NULL,NULL,,3,0,2,7,255,1406,250,0,0
stim,195273,225394,0,225394,3422719.455,-0.740,0.001,-0.039,0.672,0,0,9,0,0,0,0,167,43,0.957,1,2237,0,294.022,2.204,73.063,277.313,-64.875,0.047,0.090,1.461,-2.191,-0.234,4.406,2.770,2.928,1.246,1.407,0,NULL,NULL,,3,0,2,7,255,1406,250,0,0
stim,195273,225394,0,225394,3422724.454,-0.742,-0.004,-0.028,0.670,0,0,5,0,0,0,0,165,43,0.957,1,2237,0,292.220,2.191,80.625,272.938,-66.313,0.063,0.121,1.457,-2.191,-0.020,4.383,2.798,2.956,1.246,1.407,0,NULL,NULL,,3,0,2,7,255,1406,250,0,0
stim,195273,225394,0,225394,3422729.455,-0.745,-0.009,-0.017,0.667,0,0,7,0,0,0,0,165,43,0.957,1,2237,0,289.839,2.209,92.688,267.688,-61.313,0.125,0.102,1.449,-2.191,0.277,4.340,2.828,2.988,1.246,1.407,0,NULL,NULL,,3,0,2,7,255,1406,250,0,0
stim,195304,225425,0,225425,3422734.453,-0.746,-0.013,-0.005,0.665,0,0,9,0,0,0,0,169,43,0.957,1,2237,0,287.057,2.600,103.750,262.688,-51.313,0.094,0.156,1.535,-2.316,1.180,4.340,2.858,3.018,1.246,1.407,0,NULL,NULL,,3,0,2,7,255,1406,250,0,0
stim,195304,225425,0,225425,3422739.455,-0.748,-0.016,0.006,0.663,0,0,9,0,0,0,0,168,43,0.957,1,2237,0,285.810,2.661,111.813,259.000,-45.875,0.090,0.180,1.629,-2.332,1.281,5.121,2.888,3.048,1.246,1.407,0,NULL,NULL,,3,0,2,7,255,1406,250,0,0
stim,195304,225425,0,225425,3422744.454,-0.749,-0.020,0.018,0.662,0,0,11,0,0,0,0,159,43,0.957,1,2237,0,283.516,2.842,116.375,255.438,-39.875,0.129,0.191,1.695,-2.332,1.625,6.000,2.916,3.078,1.246,1.407,0,NULL,NULL,,3,0,2,7,255,1406,250,0,0
stim,195304,225425,0,225425,3422749.455,-0.750,-0.023,0.030,0.660,0,0,8,0,0,0,0,159,43,0.957,1,2237,0,282.253,3.397,123.625,251.625,-32.688,0.129,0.230,1.707,-2.414,2.391,6.648,2.942,3.104,1.246,1.407,0,NULL,NULL,,3,0,2,7,255,1406,250,0,0
stim,195342,225463,0,225463,3422754.453,-0.751,-0.025,0.042,0.658,0,0,11,0,0,0,0,165,43,0.957,1,2237,0,288.094,3.694,138.750,250.500,-31.563,0.137,0.281,1.824,-2.449,2.766,6.719,2.964,3.128,1.246,1.407,0,NULL,NULL,,3,0,2,7,255,1406,250,0,0
stim,195342,225463,0,225463,3422759.455,-0.752,-0.028,0.054,0.656,0,0,10,0,0,0,0,163,43,0.957,1,2237,0,290.564,4.170,142.563,251.313,-30.750,0.250,0.293,1.934,-2.449,3.375,7.805,2.984,3.148,1.246,1.407,0,NULL,NULL,,3,0,2,7,255,1406,250,0,0
stim,195342,225463,0,225463,3422764.454,-0.752,-0.031,0.066,0.655,0,0,12,0,0,0,0,159,43,0.957,1,2237,0,288.237,5.526,134.250,254.188,-21.125,0.352,0.344,2.039,-2.395,4.980,8.715,3.000,3.164,1.246,1.407,0,NULL,NULL,,3,0,2,7,255,1406,250,0,0
stim,195342,225463,0,225463,3422769.455,-0.752,-0.034,0.078,0.653,0,0,9,0,0,0,0,164,43,0.957,1,2237,0,287.715,6.967,133.688,254.750,-3.125,0.465,0.305,1.883,-2.352,6.559,8.715,3.014,3.178,1.246,1.407,0,NULL,NULL,,3,0,2,7,255,1406,250,0,0
stim,195342,225463,0,225463,3422774.454,-0.751,-0.036,0.091,0.653,0,0,8,0,0,0,0,160,43,0.957,1,2237,0,295.637,7.939,142.750,258.625,11.688,0.480,0.367,1.996,-1.875,7.715,8.648,3.024,3.190,1.246,1.407,0,NULL,NULL,,3,0,2,7,255,1406,250,0,0
stim,195342,225463,0,225463,3422779.455,-0.750,-0.039,0.104,0.652,0,0,9,0,0,0,0,159,43,0.957,1,2237,0,296.136,8.700,141.938,259.250,18.438,0.531,0.383,1.973,-1.688,8.535,8.168,3.032,3.196,1.246,1.407,0,NULL,NULL,,3,0,2,7,255,1406,250,0,0
stim,195364,225485,0,225485,3422784.454,-0.749,-0.041,0.116,0.652,0,0,9,0,0,0,0,160,43,0.957,1,2237,0,300.675,9.522,146.563,260.750,30.563,0.598,0.305,1.961,-1.688,9.371,8.168,3.036,3.202,1.246,1.407,0,NULL,NULL,,3,0,2,7,255,1406,250,0,0
stim,195364,225485,0,225485,3422789.455,-0.746,-0.043,0.129,0.652,0,0,7,0,0,0,0,163,43,0.957,1,2237,0,307.266,10.251,157.938,258.563,51.125,0.590,0.301,2.051,-0.590,10.234,8.168,3.040,3.206,1.246,1.407,0,NULL,NULL,,3,0,2,7,255,1406,250,0,0
stim,195364,225485,0,225485,3422794.453,-0.743,-0.046,0.142,0.652,0,0,9,0,0,0,0,152,43,0.957,1,2237,0,306.184,10.733,154.250,257.625,59.875,0.563,0.371,2.164,-0.480,10.723,8.367,3.042,3.210,1.246,1.407,0,NULL,NULL,,3,0,2,7,255,1406,250,0,0
stim,195364,225485,0,225485,3422799.455,-0.740,-0.047,0.155,0.652,0,0,4,0,0,0,0,169,43,0.957,1,2237,0,305.872,11.183,158.313,252.625,68.375,0.492,0.398,2.340,-0.281,11.180,9.348,3.044,3.212,1.246,1.407,0,NULL,NULL,,3,0,2,7,255,1406,250,0,0
stim,195364,225485,0,225485,3422804.454,-0.736,-0.044,0.170,0.654,0,0,1,0,0,0,0,172,43,0.957,1,2237,0,361.215,11.448,272.938,202.688,122.063,0.520,0.781,3.531,-0.480,11.438,11.000,3.044,3.210,1.246,1.407,0,NULL,NULL,,3,0,2,7,255,1406,250,0,0
stim,195364,225485,0,225485,3422809.455,-0.734,-0.048,0.179,0.654,0,0,2,0,0,0,0,179,43,0.957,1,2237,0,238.434,15.874,54.625,229.625,33.750,0.789,0.137,3.145,-0.281,15.871,16.691,3.040,3.206,1.246,1.407,0,NULL,NULL,,3,0,2,7,255,1406,250,0,0
stim,195364,225485,0,225485,3422814.453,-0.731,-0.059,0.184,0.655,0,0,7,0,0,0,0,173,43,0.957,1,2237,0,286.156,16.484,-120.938,258.000,26.375,0.965,-0.227,1.504,4.453,15.871,16.691,3.032,3.200,1.246,1.407,0,NULL,NULL,,3,0,2,7,255,1406,250,0,0
stim,195364,225485,0,225485,3422819.455,-0.727,-0.068,0.190,0.656,0,0,8,0,0,0,0,173,43,0.957,1,2237,0,276.979,14.101,-61.375,259.125,76.188,1.188,0.383,0.445,4.453,13.379,0.324,3.024,3.190,1.246,1.407,0,NULL,NULL,,3,0,2,7,255,1406,250,0,0
stim,195404,225525,0,225525,3422824.454,-0.722,-0.070,0.202,0.658,0,0,11,0,0,0,0,176,43,0.957,1,2237,0,296.326,12.873,130.500,246.938,99.000,1.027,0.363,0.691,-1.910,12.730,-7.039,3.010,3.176,1.246,1.407,0,NULL,NULL,,3,0,2,7,255,1406,250,0,0
stim,195404,225525,0,225525,3422829.455,-0.718,-0.068,0.217,0.658,0,0,6,0,0,0,0,181,43,0.957,1,2237,0,354.160,12.873,248.188,224.188,116.500,0.863,-0.160,1.805,-1.910,12.730,-7.039,2.992,3.160,1.246,1.407,0,NULL,NULL,,3,0,2,7,255,1406,250,0,0
stim,195404,225525,0,225525,3422834.453,-0.713,-0.067,0.230,0.659,0,0,9,0,0,0,0,175,43,0.957,1,2237,0,310.574,15.273,190.688,213.375,120.688,0.867,-0.676,2.078,5.160,14.375,2.484,2.972,3.140,1.246,1.407,0,NULL,NULL,,3,0,2,7,255,1406,250,0,0
stim,195404,225525,0,225525,3422839.455,-0.707,-0.068,0.240,0.661,0,0,9,0,0,0,0,205,43,0.957,1,2237,0,279.123,15.638,123.500,209.250,137.375,0.859,-0.273,1.648,6.156,14.375,2.484,2.948,3.114,1.246,1.407,0,NULL,NULL,,3,0,2,7,255,1406,250,0,0
stim,195404,225525,0,225525,3422844.454,-0.702,-0.068,0.251,0.663,0,0,11,0,0,0,0,220,43,0.957,1,2237,0,282.480,15.337,137.375,197.063,148.625,0.820,0.254,1.094,6.156,14.047,0.289,2.918,3.086,1.246,1.407,0,NULL,NULL,,3,0,2,7,255,1406,250,0,0
stim,195404,225525,0,225525,3422849.455,-0.696,-0.066,0.263,0.665,0,0,10,0,0,0,0,240,43,0.957,1,2237,0,317.471,12.097,210.063,183.188,152.000,0.695,0.145,1.160,1.223,12.035,-2.809,2.886,3.052,1.246,1.407,0,NULL,NULL,,3,0,2,7,255,1406,250,0,0
stim,195448,225569,0,225569,3422854.453,-0.691,-0.062,0.276,0.666,0,0,9,0,0,0,0,265,43,0.957,1,2237,0,325.748,11.802,239.000,169.313,142.563,0.594,-0.379,1.559,1.223,11.738,-2.809,2.850,3.016,1.246,1.407,0,NULL,NULL,,3,0,2,7,255,1406,250,0,0
stim,195448,225569,0,225569,3422859.457,-0.685,-0.059,0.287,0.667,0,0,10,0,0,0,0,275,43,0.957,1,2237,0,296.626,13.848,214.750,156.875,131.375,0.578,-0.734,1.699,7.348,11.738,-0.551,2.810,2.976,1.246,1.407,0,NULL,NULL,,3,0,2,7,255,1406,250,0,0
stim,195448,225569,0,225569,3422864.454,-0.681,-0.056,0.297,0.667,0,0,9,0,0,0,0,276,43,0.957,1,2237,0,268.082,16.238,192.000,143.750,119.750,0.621,-0.738,1.566,11.008,11.938,-0.551,2.768,2.934,1.246,1.407,0,NULL,NULL,,3,0,2,7,255,1406,250,0,0
stim,195448,225569,0,225569,3422869.455,-0.676,-0.052,0.307,0.667,0,0,23,0,0,0,0,313,43,0.957,1,2237,0,260.788,16.238,200.813,128.563,105.625,0.633,-0.676,1.504,11.008,11.938,-2.188,2.722,2.886,1.246,1.407,0,NULL,NULL,,3,0,2,7,255,1406,250,0,0
stim,195448,225569,0,225569,3422874.454,-0.673,-0.048,0.317,0.666,0,0,24,0,0,0,0,334,43,0.957,1,2237,0,256.617,16.238,213.500,116.563,81.750,0.672,-0.715,1.645,11.008,11.938,-2.402,2.674,2.836,1.246,1.407,0,NULL,NULL,,3,0,2,7,255,1406,250,0,0
stim,195448,225569,0,225569,3422879.455,-0.670,-0.045,0.326,0.665,0,0,23,0,0,0,0,353,43,0.957,1,2237,0,237.123,17.141,201.938,109.125,59.500,0.832,-0.793,1.820,11.258,12.926,-2.414,2.622,2.786,1.246,1.407,0,NULL,NULL,,3,0,2,7,255,1406,250,0,0
stim,195448,225569,0,225569,3422884.454,-0.668,-0.042,0.334,0.664,0,0,23,0,0,0,0,372,43,0.957,1,2237,0,205.114,19.663,171.375,102.438,47.000,0.938,-0.781,1.887,12.578,15.113,-2.414,2.568,2.730,1.246,1.407,0,NULL,NULL,,3,0,2,7,255,1406,250,0,0
stim,195448,225569,0,225569,3422889.455,-0.666,-0.041,0.341,0.662,0,0,23,0,0,0,0,391,43,0.957,1,2237,0,171.685,20.658,140.625,94.875,26.438,1.008,-0.734,1.883,12.578,16.387,-2.703,2.514,2.674,1.246,1.407,0,NULL,NULL,,3,0,2,7,255,1406,250,0,0
stim,195448,225569,0,225569,3422894.453,-0.665,-0.040,0.347,0.660,0,0,23,0,4,0,0,412,43,0.957,1,2237,0,142.257,21.273,113.688,85.500,-1.438,1.168,-0.809,1.840,12.727,17.047,-3.207,2.456,2.618,1.246,1.407,0,NULL,NULL,,3,0,2,7,255,1406,250,0,0
stim,195448,225569,0,225569,3422899.455,-0.665,-0.040,0.352,0.658,0,0,20,0,4,0,0,427,43,0.957,1,2237,0,117.732,22.153,88.313,73.563,-25.500,1.352,-0.875,1.789,12.754,18.113,-4.883,2.398,2.558,1.246,1.407,0,NULL,NULL,,3,0,2,7,255,1406,250,0,0
stim,195475,225596,0,225596,3422904.454,-0.665,-0.040,0.355,0.655,0,0,19,0,2,0,0,435,43,0.957,1,2237,0,97.644,23.134,66.063,59.875,-39.813,1.535,-0.875,1.707,12.754,19.301,-6.688,2.336,2.496,1.246,1.407,0,NULL,NULL,,3,0,2,7,255,1406,250,0,0
stim,195475,225596,0,225596,3422909.455,-0.666,-0.041,0.358,0.653,0,0,17,0,2,0,0,443,43,0.957,1,2237,0,77.665,23.945,48.750,43.000,-42.500,1.629,-0.785,1.641,12.617,20.352,-8.414,2.272,2.430,1.246,1.407,0,NULL,NULL,,3,0,2,7,255,1406,250,0,0
stim,195475,225596,0,225596,3422914.453,-0.667,-0.041,0.359,0.652,0,0,17,0,2,0,0,448,43,0.957,1,2237,0,55.133,23.825,34.250,23.313,-36.375,1.629,-0.676,1.629,11.520,20.855,-8.922,2.206,2.364,1.246,1.407,0,NULL,NULL,,3,0,2,7,255,1406,250,0,0
stim,195475,225596,0,225596,3422919.455,-0.668,-0.041,0.360,0.650,0,0,17,0,1,0,0,457,43,0.957,1,2237,0,36.372,23.387,16.188,0.750,-32.563,1.469,-0.551,1.652,10.582,20.855,-8.922,2.136,2.296,1.246,1.407,0,NULL,NULL,,3,0,2,7,255,1406,250,0,0
stim,195475,225596,0,225596,3422924.454,-0.669,-0.041,0.359,0.650,0,0,17,0,1,0,0,459,43,0.957,1,2237,0,44.547,22.111,-6.500,-20.875,-38.813,1.332,-0.473,1.660,9.754,19.844,-7.473,2.066,2.226,1.246,1.407,0,NULL,NULL,,3,0,2,7,255,1406,250,0,0
stim,195475,225596,0,225596,3422929.455,-0.671,-0.041,0.357,0.649,0,0,19,0,1,0,0,456,43,0.957,1,2237,0,65.045,21.002,-31.313,-40.563,-40.063,1.215,-0.430,1.641,9.313,18.824,-6.367,1.994,2.152,1.246,1.407,0,NULL,NULL,,3,0,2,7,255,1406,250,0,0
stim,195500,225621,0,225621,3422934.453,-0.673,-0.042,0.353,0.649,0,0,19,0,0,0,0,458,43,0.957,1,2237,0,89.206,19.929,-55.500,-55.563,-42.313,1.047,-0.406,1.563,8.977,17.793,-5.633,1.914,2.072,1.246,1.407,0,NULL,NULL,,3,0,2,7,255,1406,250,0,0
stim,195500,225621,0,225621,3422939.455,-0.675,-0.043,0.349,0.649,0,0,13,0,0,0,0,459,43,0.957,1,2237,0,108.138,18.299,-72.813,-67.563,-42.750,0.898,-0.441,1.512,8.859,16.012,-5.152,1.834,1.992,1.246,1.407,0,NULL,NULL,,3,0,2,7,255,1406,250,0,0
stim,195500,225621,0,225621,3422944.454,-0.677,-0.044,0.344,0.649,0,0,16,0,0,0,0,447,43,0.957,1,2237,0,128.198,16.806,-88.063,-76.750,-52.813,0.660,-0.352,1.473,8.609,14.434,-4.750,1.750,1.908,1.246,1.407,0,NULL,NULL,,3,0,2,7,255,1406,250,0,0
stim,195500,225621,0,225621,3422949.455,-0.680,-0.046,0.339,0.648,0,0,9,0,0,0,0,532,43,0.957,1,2237,0,148.356,15.078,-100.750,-80.125,-73.750,0.555,-0.430,1.441,8.688,12.324,-3.336,1.662,1.820,1.246,1.407,0,NULL,NULL,,3,0,2,7,255,1406,250,0,0
stim,195552,225673,0,225673,3422954.453,-0.680,-0.033,0.339,0.650,123,0,6,416,0,0,0,564,43,0.957,1,2237,0,294.641,15.078,191.188,-188.813,120.875,-0.258,-0.367,4.004,8.688,12.324,-3.145,1.570,1.728,1.246,1.407,0,NULL,NULL,,3,0,2,7,255,1406,250,0,0
stim,195552,225673,0,225673,3422959.455,-0.676,-0.026,0.332,0.657,760,0,0,987,0,97,0,605,43,0.957,1,2237,0,296.092,18.651,-58.063,-196.563,213.688,-0.316,1.469,5.672,8.688,16.504,20.734,1.476,1.632,1.246,1.407,0,NULL,NULL,,3,0,2,7,255,1406,250,0,0
stim,195552,225673,0,225673,3422964.454,-0.672,-0.040,0.309,0.672,1195,0,0,1400,0,249,0,676,43,0.957,1,2237,0,712.299,18.530,-683.813,-113.375,164.063,-0.945,1.641,2.703,8.426,16.504,21.582,1.378,1.534,1.246,1.407,0,NULL,NULL,,3,0,2,7,255,1406,250,0,0
stim,195552,225673,0,225673,3422969.455,-0.668,-0.058,0.283,0.686,1622,0,0,1705,0,463,0,750,43,0.957,1,2238,0,791.616,7.892,-773.875,-120.500,115.125,-0.594,2.043,-0.445,-5.527,5.633,21.582,1.276,1.432,1.246,1.407,1,1410.000,4.000,,3,0,2,7,255,1406,250,0,0
stim,195552,225673,0,225673,3422974.454,-0.666,-0.066,0.268,0.693,1951,0,0,1897,0,619,0,813,43,0.957,1,2238,0,432.682,19.288,-415.813,-93.063,75.188,-0.707,1.543,-1.816,-18.172,-6.465,-5.129,1.174,1.328,1.246,1.407,1,NULL,NULL,,3,0,2,7,255,1406,250,0,0
stim,195552,225673,0,225673,3422979.455,-0.666,-0.065,0.263,0.695,2156,0,0,1999,0,731,0,885,43,0.957,1,2238,0,131.380,20.196,-67.375,-111.313,18.188,-0.629,0.184,-0.738,-18.172,-8.813,-12.895,1.074,1.222,1.246,1.407,1,NULL,NULL,,3,0,2,7,255,1406,250,0,0
stim,195552,225673,0,225673,3422984.453,-0.667,-0.060,0.261,0.696,2378,0,0,2183,0,919,0,957,43,0.957,1,2238,0,119.204,9.266,39.063,-110.063,23.875,-0.055,-0.043,1.164,-2.863,-8.813,-12.895,0.974,1.116,1.246,1.407,1,NULL,NULL,,3,0,2,7,255,1406,250,0,0
stim,195552,225673,0,225673,3422989.455,-0.665,-0.058,0.256,0.699,2581,0,0,2459,0,1001,0,997,43,0.957,1,2238,0,146.149,5.350,-68.688,-96.875,85.188,0.047,0.773,1.898,-2.863,4.520,0.156,0.876,1.012,1.246,1.407,1,NULL,NULL,,3,0,2,7,255,1406,250,0,0
stim,195552,225673,0,225673,3422994.454,-0.660,-0.059,0.247,0.707,2732,0,0,2639,0,1004,0,1017,43,0.957,1,2238,0,301.719,4.583,-208.938,-114.188,185.313,-1.137,0.309,1.156,0.758,4.520,5.461,0.786,0.912,1.246,1.407,1,NULL,NULL,,3,0,2,7,255,1406,250,0,0
stim,195552,225673,0,225673,3422999.455,-0.655,-0.061,0.234,0.716,2814,0,0,2759,0,947,0,1077,43,0.957,1,2238,0,385.232,5.409,-307.313,-145.375,181.188,-1.953,-0.891,0.254,0.758,-5.355,5.461,0.702,0.816,1.246,1.407,2,NULL,NULL,,3,0,2,7,255,1406,250,0,0
stim,195575,225696,0,225696,3423004.453,-0.655,-0.062,0.224,0.719,2875,0,0,2855,0,854,0,1163,43,0.957,1,2238,0,249.711,19.353,-198.188,-150.813,18.250,-1.727,-0.977,-0.398,10.848,-16.027,-2.035,0.624,0.726,1.246,1.407,2,NULL,NULL,,3,0,2,7,255,1406,250,0,0
stim,195575,225697,0,225697,3423009.455,-0.658,-0.059,0.217,0.718,2925,0,0,2919,0,824,0,1216,43,0.957,1,2238,0,180.682,19.353,-50.938,-160.375,-65.813,-0.797,-0.305,0.363,10.848,-16.027,-4.305,0.558,0.640,1.246,1.407,2,NULL,NULL,,3,0,2,7,255,1406,250,0,0
stim,195575,225697,0,225697,3423014.454,-0.662,-0.055,0.212,0.717,2959,0,0,2971,0,826,0,1260,43,0.957,1,2238,0,182.203,7.239,-4.125,-163.063,-81.188,-0.109,-0.148,1.344,4.434,-5.723,-4.305,0.502,0.562,1.246,1.407,2,NULL,NULL,,3,0,2,7,255,1406,250,0,0
stim,195575,225697,0,225697,3423019.455,-0.665,-0.052,0.206,0.716,2986,0,0,3021,0,847,0,1303,43,0.957,1,2238,0,173.404,5.950,-54.625,-158.250,-45.188,0.293,-0.363,1.602,4.434,3.969,2.270,0.454,0.486,1.246,1.407,2,NULL,NULL,,3,0,2,7,255,1406,250,0,0
stim,195576,225697,0,225697,3423024.454,-0.665,-0.050,0.198,0.718,3006,0,0,3063,0,919,0,1335,43,0.957,1,2238,0,193.150,9.852,-118.188,-152.313,11.813,0.352,-0.676,1.324,5.723,8.020,2.270,0.420,0.418,1.246,1.407,2,NULL,NULL,,3,0,2,7,255,1406,250,0,0
stim,195576,225697,0,225697,3423029.455,-0.664,-0.049,0.189,0.722,3046,0,0,3095,0,1007,0,1396,43,0.957,1,2238,0,224.462,11.424,-155.375,-147.375,67.250,0.109,-0.977,0.895,8.137,8.020,-0.242,0.394,0.350,1.246,1.407,2,NULL,NULL,,3,0,2,7,255,1406,250,0,0
stim,195603,225724,0,225724,3423034.454,-0.662,-0.048,0.181,0.726,3043,0,0,3112,0,1133,0,1453,43,0.957,1,2238,0,216.919,11.423,-136.563,-145.750,84.625,-0.438,-0.965,0.684,10.516,4.461,-3.703,0.380,0.284,1.246,1.407,2,NULL,NULL,,3,0,2,7,255,1406,250,0,0
stim,195603,225724,0,225724,3423039.455,-0.662,-0.046,0.173,0.728,3053,0,0,3125,0,1308,0,1519,43,0.957,1,2238,0,181.125,10.592,-98.813,-147.250,36.875,-0.609,-0.613,0.754,10.516,-1.266,-3.703,0.386,0.232,1.246,1.407,2,NULL,NULL,,3,0,2,7,255,1406,250,0,0
stim,195603,225724,0,225724,3423044.453,-0.662,-0.043,0.168,0.729,3059,0,0,3135,62,1437,0,1577,43,0.957,1,2238,0,159.298,7.637,-49.438,-150.688,15.000,-0.215,-0.191,0.895,7.531,-1.266,-2.074,0.412,0.222,1.246,1.407,2,NULL,NULL,,3,0,2,7,255,1406,250,0,0
stim,195603,225724,0,225724,3423049.455,-0.663,-0.039,0.162,0.730,3061,0,0,3159,117,1553,0,1659,43,0.957,1,2238,0,147.215,3.235,-31.313,-143.813,3.125,-0.203,-0.035,1.383,3.156,0.711,-1.211,0.444,0.238,1.246,1.407,2,NULL,NULL,,3,0,2,7,255,1406,250,0,0
stim,195644,225765,0,225765,3423054.454,-0.664,-0.036,0.156,0.731,3069,0,0,3156,269,1673,0,1713,43,0.957,1,2238,0,144.736,2.987,-55.000,-133.875,-1.000,0.012,-0.074,1.340,2.246,1.969,2.555,0.476,0.282,1.246,1.407,2,NULL,NULL,,3,0,2,7,255,1406,250,0,0
stim,195644,225765,0,225765,3423059.455,-0.664,-0.034,0.150,0.732,3079,0,0,3157,391,1785,0,1756,43,0.957,1,2238,0,147.541,4.338,-77.500,-124.250,18.000,0.141,-0.145,1.238,2.246,3.711,2.555,0.500,0.316,1.246,1.407,2,NULL,NULL,,3,0,2,7,255,1406,250,0,0
stim,195644,225765,0,225765,3423064.453,-0.663,-0.033,0.144,0.734,3077,0,0,3161,463,1869,0,1797,43,0.957,1,2238,0,151.853,4.514,-90.313,-116.688,35.875,0.035,-0.266,1.039,2.570,3.711,1.254,0.512,0.342,1.246,1.407,2,NULL,NULL,,3,0,2,7,255,1406,250,0,0
stim,195644,225765,0,225765,3423069.455,-0.662,-0.032,0.139,0.736,3091,0,0,3158,539,1945,0,1819,43,0.957,1,2238,0,135.273,4.730,-77.625,-106.063,32.000,-0.016,-0.359,0.930,3.578,3.094,-0.477,0.510,0.350,1.246,1.407,2,NULL,NULL,,3,0,2,7,255,1406,250,0,0
stim,195644,225765,0,225765,3423074.454,-0.662,-0.030,0.134,0.737,3087,0,0,3171,599,2019,0,1839,43,0.957,1,2238,0,121.158,4.277,-51.938,-103.438,35.813,0.000,-0.258,0.871,3.578,2.344,-1.469,0.492,0.354,1.246,1.407,2,NULL,NULL,,3,0,2,7,255,1406,250,0,0
stim,195644,225765,0,225765,3423079.455,-0.661,-0.027,0.130,0.739,3095,0,0,3163,751,2108,0,1929,43,0.957,1,2238,0,106.530,3.954,-32.813,-95.500,33.938,-0.043,0.039,1.031,3.281,2.207,-1.469,0.472,0.356,1.246,1.407,2,NULL,NULL,,3,0,2,7,255,1406,250,0,0
stim,195664,225785,0,225785,3423084.453,-0.660,-0.025,0.127,0.740,3087,0,0,3151,879,2183,82,2005,43,0.957,1,2238,0,98.449,1.889,-29.438,-89.438,28.750,-0.063,0.242,1.172,0.605,1.789,0.125,0.448,0.360,1.246,1.407,2,NULL,NULL,,3,0,2,7,255,1406,250,0,0
stim,195664,225785,0,225785,3423089.455,-0.661,-0.023,0.125,0.740,3089,0,0,3157,957,2231,82,2069,43,0.957,1,2238,0,59.758,2.154,-13.000,-58.313,1.313,0.078,0.363,1.648,-1.199,1.789,1.750,0.428,0.346,1.246,1.407,2,NULL,NULL,,3,0,2,7,255,1406,250,0,0
stim,195664,225785,0,225785,3423094.454,-0.661,-0.023,0.123,0.740,3091,0,0,3157,1107,2267,77,2115,43,0.957,1,2238,0,42.208,4.309,-30.063,-28.188,-9.125,0.375,0.594,1.238,-2.094,3.766,1.984,0.410,0.324,1.246,1.407,2,NULL,NULL,,3,0,2,7,255,1406,250,0,0
stim,195664,225785,0,225785,3423099.455,-0.661,-0.023,0.121,0.740,3091,0,0,3155,1161,2293,77,2157,43,0.957,1,2238,0,38.967,6.341,-16.688,-35.063,-3.250,0.176,0.824,1.176,-5.102,3.766,2.020,0.394,0.294,1.246,1.407,2,NULL,NULL,,3,0,2,7,255,1406,250,0,0
stim,195664,225785,0,225785,3423104.454,-0.662,-0.023,0.120,0.740,3091,0,0,3165,1210,2332,76,2188,43,0.957,1,2238,0,49.096,6.005,-38.438,-17.188,-25.250,-0.219,0.375,1.551,-5.102,3.168,2.020,0.370,0.256,1.246,1.407,2,NULL,NULL,,3,0,2,7,255,1406,250,0,0
stim,195664,225785,0,225785,3423109.455,-0.663,-0.025,0.116,0.739,3100,0,0,3163,1293,2351,72,2215,43,0.957,1,2238,0,96.394,2.137,-85.688,-13.813,-41.938,-0.223,0.219,1.008,-2.055,0.586,2.020,0.344,0.220,1.246,1.407,2,NULL,NULL,,3,0,2,7,255,1406,250,0,0
stim,195664,225785,0,225785,3423114.453,-0.665,-0.027,0.114,0.737,3087,0,0,3155,1336,2372,73,2253,43,0.957,1,2238,0,90.669,1.229,-63.625,-12.500,-63.375,-0.215,0.203,0.820,-1.172,-0.371,0.477,0.318,0.188,1.246,1.407,2,NULL,NULL,,3,0,2,7,255,1406,250,0,0
stim,195664,225785,0,225785,3423119.455,-0.668,-0.028,0.112,0.735,3091,7,0,3160,1371,2388,71,2276,43,0.957,1,2238,0,88.116,1.148,-33.063,-10.500,-81.000,-0.066,0.176,1.043,-1.086,-0.371,0.461,0.300,0.172,1.246,1.407,2,NULL,NULL,,3,0,2,7,255,1406,250,0,0
stim,195702,225823,0,225823,3423124.454,-0.670,-0.029,0.111,0.733,3092,28,0,3173,1464,2403,71,2307,43,0.957,1,2238,0,78.747,1.682,-37.313,-11.188,-68.438,0.113,0.254,1.082,-1.172,1.207,0.461,0.288,0.158,1.246,1.407,2,NULL,NULL,,3,0,2,7,255,1406,250,0,0
stim,195702,225823,0,225823,3423129.455,-0.671,-0.030,0.109,0.732,3096,53,0,3175,1547,2409,73,2325,43,0.957,1,2238,0,66.329,2.710,-49.563,-7.500,-43.438,0.063,0.176,1.078,-1.109,2.473,0.547,0.278,0.146,1.246,1.407,2,NULL,NULL,,3,0,2,7,255,1406,250,0,0
stim,195702,225823,0,225823,3423134.453,-0.672,-0.031,0.107,0.732,3091,57,0,3177,1577,2431,77,2343,43,0.957,1,2238,0,65.089,2.710,-56.125,-5.500,-32.500,-0.098,0.039,0.973,-1.109,2.473,0.547,0.274,0.136,1.246,1.407,2,NULL,NULL,,3,0,2,7,255,1406,250,0,0
stim,195702,225823,0,225823,3423139.455,-0.674,-0.033,0.105,0.731,3095,77,0,3180,1595,2439,68,2359,43,0.957,1,2238,0,63.168,0.856,-43.813,-3.438,-45.375,-0.176,0.051,0.898,0.121,0.848,-0.281,0.272,0.128,1.246,1.407,2,NULL,NULL,,3,0,2,7,255,1406,250,0,0
stim,195702,225823,0,225823,3423144.454,-0.676,-0.033,0.104,0.729,3091,75,0,3179,1635,2453,67,2381,43,0.957,1,2238,0,62.263,0.350,-23.250,-2.875,-57.688,-0.148,0.102,0.973,0.121,0.328,-0.281,0.270,0.120,1.246,1.407,2,NULL,NULL,,3,0,2,7,255,1406,250,0,0
stim,195702,225823,0,225823,3423149.455,-0.677,-0.034,0.103,0.728,3092,118,5,3181,1628,2476,67,2392,43,0.957,1,2238,0,60.224,0.350,-26.000,-1.063,-54.313,-0.023,0.035,1.090,0.121,0.328,-0.141,0.272,0.116,1.246,1.407,2,NULL,NULL,,3,0,2,7,255,1406,250,0,0
stim,195750,225871,0,225871,3423154.453,-0.678,-0.035,0.101,0.727,3093,123,26,3193,1709,2479,67,2407,43,0.957,1,2238,0,49.161,0.738,-35.000,-1.250,-34.500,-0.109,0.020,0.957,0.211,0.707,-0.141,0.274,0.112,1.246,1.407,2,NULL,NULL,,3,0,2,7,255,1406,250,0,0
stim,195750,225871,0,225871,3423159.455,-0.680,-0.036,0.100,0.726,3091,180,33,3188,1745,2495,66,2423,43,0.957,1,2238,0,45.416,0.771,-28.125,-1.563,-35.625,-0.227,0.000,0.961,0.309,0.707,-0.168,0.278,0.106,1.246,1.407,2,NULL,NULL,,3,0,2,7,255,1406,250,0,0
stim,195750,225871,0,225871,3423164.454,-0.681,-0.037,0.099,0.725,3091,187,81,3191,1767,2505,75,2439,43,0.957,1,2238,0,48.986,0.569,-24.563,-2.438,-42.313,-0.195,-0.016,0.941,0.555,-0.129,-0.418,0.286,0.100,1.246,1.407,2,NULL,NULL,,3,0,2,7,255,1406,250,0,0
stim,195750,225871,0,225871,3423169.455,-0.683,-0.038,0.099,0.723,3097,216,107,3193,1835,2509,77,2455,43,0.957,1,2238,0,54.732,0.688,-15.500,-2.375,-52.438,-0.207,-0.027,0.941,0.648,-0.230,-0.402,0.294,0.094,1.246,1.407,2,NULL,NULL,,3,0,2,7,255,1406,250,0,0
stim,195750,225871,0,225871,3423174.454,-0.684,-0.038,0.098,0.722,3095,229,109,3197,1875,2519,75,2462,43,0.957,1,2238,0,52.232,0.769,-13.375,-2.313,-50.438,-0.016,-0.176,0.980,0.758,-0.129,-0.434,0.306,0.084,1.246,1.407,2,NULL,NULL,,3,0,2,7,255,1406,250,0,0
stim,195750,225871,0,225871,3423179.455,-0.685,-0.039,0.097,0.721,3095,233,171,3203,1893,2525,75,2479,43,0.957,1,2238,0,29.849,2.708,-16.125,-1.688,-25.063,-0.012,-0.262,0.965,2.090,1.723,-0.461,0.322,0.072,1.246,1.407,2,NULL,NULL,,3,0,2,7,255,1406,250,0,0
stim,195750,225871,0,225871,3423184.454,-0.685,-0.039,0.097,0.721,3087,246,236,3206,1911,2519,73,2477,43,0.957,1,2238,0,18.206,3.372,-17.750,-3.938,0.938,-0.109,-0.262,0.922,2.898,1.723,-0.672,0.340,0.062,1.246,1.407,2,NULL,NULL,,3,0,2,7,255,1406,250,0,0
stim,195750,225871,0,225871,3423189.455,-0.685,-0.040,0.096,0.721,3093,251,297,3191,1929,2525,48,2480,43,0.957,1,2238,0,14.675,2.998,-14.188,-3.750,-0.125,-0.238,-0.074,0.977,2.898,0.766,-0.672,0.360,0.056,1.246,1.407,2,NULL,NULL,,3,0,2,7,255,1406,250,0,0
stim,195750,225871,0,225871,3423194.453,-0.685,-0.040,0.095,0.721,3093,249,323,3192,1941,2536,33,2487,43,0.957,1,2238,0,18.401,1.226,-13.563,-4.250,-11.688,-0.215,-0.035,0.938,1.180,-0.332,-0.434,0.374,0.056,1.246,1.407,2,NULL,NULL,,3,0,2,7,255,1406,250,0,0
stim,195750,225871,0,225871,3423199.455,-0.686,-0.040,0.095,0.721,3093,235,347,3195,1956,2535,20,2493,43,0.967,1,2238,1,16.740,1.226,-7.625,-4.750,-14.125,-0.137,-0.113,0.930,1.180,-0.332,-0.434,0.000,0.000,1.227,1.329,2,NULL,NULL,,3,0,2,7,255,1406,250,0,0
stim,195768,225889,0,225889,3423204.454,-0.686,-0.040,0.094,0.720,3091,241,407,3197,1975,2539,0,2505,43,0.967,1,2238,1,8.879,1.518,-5.000,-5.125,-5.250,-0.105,-0.125,0.977,1.461,0.414,-0.434,0.006,0.006,1.227,1.329,2,NULL,NULL,,3,0,2,7,255,1406,250,0,0
stim,195768,225889,0,225889,3423209.455,-0.686,-0.041,0.094,0.721,3103,233,427,3187,1979,2543,0,2503,43,0.967,1,2238,1,9.102,1.530,-7.125,-5.250,2.125,-0.141,-0.035,0.988,1.461,0.453,-0.289,0.010,0.010,1.227,1.329,2,NULL,NULL,,3,0,2,7,255,1406,250,0,0
stim,195768,225889,0,225889,3423214.454,-0.686,-0.041,0.093,0.721,3093,232,440,3183,1995,2534,0,2509,43,0.967,1,2238,1,7.123,0.853,-5.125,-4.938,0.313,-0.168,0.016,0.977,0.723,0.453,-0.113,0.012,0.014,1.227,1.329,2,NULL,NULL,,3,0,2,7,255,1406,250,0,0
stim,195768,225889,0,225889,3423219.455,-0.686,-0.040,0.093,0.721,3080,231,463,3188,2005,2535,0,2517,43,0.967,1,2238,1,5.682,0.343,-1.000,-4.313,-3.563,-0.160,0.023,0.992,0.242,0.242,-0.055,0.014,0.014,1.227,1.329,2,NULL,NULL,,3,0,2,7,255,1406,250,0,0
stim,195797,225918,0,225918,3423224.454,-0.686,-0.040,0.093,0.720,3080,225,478,3175,1991,2543,0,2507,43,0.967,1,2238,1,7.724,0.189,0.625,-4.125,-6.500,-0.184,0.086,1.016,0.145,0.121,0.043,0.016,0.016,1.227,1.329,2,NULL,NULL,,3,0,2,7,255,1406,250,0,0
stim,195797,225918,0,225918,3423229.455,-0.687,-0.040,0.093,0.720,3076,226,507,3183,2015,2542,0,2517,43,0.967,1,2238,1,13.348,0.479,-1.500,-3.188,-12.875,-0.168,0.086,1.051,-0.426,0.219,0.336,0.018,0.018,1.227,1.329,2,NULL,NULL,,3,0,2,7,255,1406,250,0,0
stim,195797,225918,0,225918,3423234.454,-0.687,-0.040,0.093,0.720,3077,221,548,3165,2013,2547,0,2509,43,0.967,1,2238,1,12.288,0.479,-4.375,-3.688,-10.875,-0.121,0.016,0.984,-0.426,0.219,0.336,0.018,0.016,1.227,1.329,2,NULL,NULL,,3,0,2,7,255,1406,250,0,0
stim,195797,225918,0,225918,3423239.455,-0.687,-0.040,0.093,0.719,3067,221,571,3161,2009,2547,0,2507,43,0.967,1,2238,1,9.642,0.321,1.000,-2.750,-9.188,-0.168,0.063,1.000,-0.234,0.219,0.137,0.018,0.016,1.227,1.329,2,NULL,NULL,,3,0,2,7,255,1406,250,0,0
stim,195797,225918,0,225918,3423244.453,-0.688,-0.040,0.092,0.719,3065,213,605,3160,2023,2541,0,2504,43,0.967,1,2238,1,10.380,0.631,-2.000,-1.938,-10.000,-0.125,0.070,1.070,-0.234,0.586,0.137,0.018,0.012,1.227,1.329,2,NULL,NULL,,3,0,2,7,255,1406,250,0,0
stim,195797,225918,0,225918,3423249.455,-0.688,-0.040,0.092,0.719,3063,205,606,3163,2031,2537,0,2509,43,0.967,1,2238,1,10.756,0.515,-7.438,-2.250,-7.438,-0.141,0.094,1.008,-0.316,0.406,0.180,0.018,0.010,1.227,1.329,2,NULL,NULL,,3,0,2,7,255,1406,250,0,0
stim,195852,225973,0,225973,3423254.454,-0.688,-0.040,0.092,0.719,3051,199,614,3144,2029,2532,0,2509,43,0.967,1,2238,1,10.343,0.707,-2.813,-2.000,-9.750,-0.148,0.105,0.977,-0.578,0.406,0.180,0.018,0.008,1.227,1.329,2,NULL,NULL,,3,0,2,7,255,1406,250,0,0
stim,195852,225973,0,225973,3423259.455,-0.688,-0.040,0.092,0.718,3058,192,623,3131,2035,2526,0,2508,43,0.967,1,2238,1,11.620,0.775,1.188,-2.375,-11.313,-0.141,0.105,0.996,-0.672,0.387,0.086,0.022,0.006,1.227,1.329,2,NULL,NULL,,3,0,2,7,255,1406,250,0,0
stim,195852,225973,0,225973,3423264.453,-0.689,-0.040,0.092,0.718,3045,187,623,3120,2041,2527,0,2511,43,0.967,1,2238,1,12.234,0.799,2.313,-2.188,-11.813,-0.133,0.125,1.012,-0.699,0.387,0.086,0.024,0.008,1.227,1.329,2,NULL,NULL,,3,0,2,7,255,1406,250,0,0
stim,195852,225973,0,225973,3423269.455,-0.689,-0.040,0.092,0.718,3032,185,637,3123,2057,2536,0,2515,43,0.967,1,2238,1,9.863,0.963,0.875,-2.250,-9.563,-0.125,0.137,1.020,-0.852,0.449,0.230,0.028,0.010,1.227,1.329,2,NULL,NULL,,3,0,2,7,255,1406,250,0,0
stim,195852,225973,0,225973,3423274.454,-0.689,-0.039,0.092,0.718,3027,183,654,3119,2068,2533,0,2507,43,0.967,1,2238,1,6.622,0.998,-2.375,-2.563,-5.625,-0.141,0.129,1.020,-0.891,0.449,0.289,0.032,0.014,1.227,1.329,2,NULL,NULL,,3,0,2,7,255,1406,250,0,0
stim,195852,225973,0,225973,3423279.455,-0.689,-0.039,0.091,0.718,3017,201,671,3117,2089,2523,0,2519,43,0.967,1,2238,1,5.838,0.979,-4.313,-3.313,-2.125,-0.164,0.113,0.996,-0.891,0.406,0.289,0.034,0.016,1.227,1.329,2,NULL,NULL,,3,0,2,7,255,1406,250,0,0
stim,195852,225973,0,225973,3423284.453,-0.689,-0.039,0.091,0.718,3006,205,696,3097,2108,2524,0,2518,43,0.967,1,2238,1,5.835,0.875,-3.375,-4.375,-1.875,-0.188,0.125,0.980,-0.863,0.141,0.109,0.038,0.020,1.227,1.329,2,NULL,NULL,,3,0,2,7,255,1406,250,0,0
stim,195852,225973,0,225973,3423289.455,-0.690,-0.039,0.091,0.717,3000,210,722,3097,2132,2527,0,2523,43,0.967,1,2238,1,6.994,0.871,-1.875,-5.125,-4.375,-0.188,0.129,0.992,-0.863,-0.117,0.109,0.042,0.022,1.227,1.329,2,NULL,NULL,,3,0,2,7,255,1406,250,0,0
stim,195852,225973,0,225973,3423294.454,-0.690,-0.039,0.091,0.717,2988,207,751,3087,2153,2525,0,2525,43,0.967,1,2238,1,9.118,0.871,-4.125,-5.750,-5.750,-0.168,0.117,1.012,-0.863,-0.117,0.145,0.042,0.022,1.227,1.329,2,NULL,NULL,,3,0,2,7,255,1406,250,0,0
stim,195852,225973,0,225973,3423299.455,-0.690,-0.039,0.090,0.717,2989,224,797,3087,2181,2537,0,2535,43,0.967,1,2238,1,10.306,0.786,-6.563,-6.938,-3.875,-0.172,0.094,0.949,-0.785,-0.039,0.145,0.042,0.020,1.227,1.329,2,NULL,NULL,,3,0,2,7,255,1406,250,0,0
stim,195874,225995,0,225995,3423304.453,-0.690,-0.039,0.090,0.717,2980,239,847,3081,2205,2535,3,2541,43,0.967,1,2238,1,11.286,0.587,-1.938,-7.313,-8.375,-0.203,0.043,0.973,-0.586,-0.039,-0.078,0.042,0.018,1.227,1.329,2,NULL,NULL,,3,0,2,7,255,1406,250,0,0
stim,195874,225995,0,225995,3423309.455,-0.690,-0.039,0.090,0.717,2973,245,915,3075,2237,2536,39,2556,43,0.967,1,2238,1,10.859,0.080,-3.688,-9.500,-3.750,-0.145,-0.023,0.953,-0.070,-0.039,-0.336,0.042,0.016,1.227,1.329,2,NULL,NULL,,3,0,2,7,255,1406,250,0,0
stim,195874,225995,0,225995,3423314.453,-0.691,-0.038,0.089,0.717,2952,244,974,3055,2208,2537,55,2571,43,0.967,1,2238,1,10.956,0.313,-0.063,-9.125,-6.063,-0.223,0.059,0.984,-0.070,-0.305,-0.078,0.040,0.014,1.227,1.329,2,NULL,NULL,,3,0,2,7,255,1406,250,0,0
stim,195874,225995,0,225995,3423319.455,-0.691,-0.038,0.089,0.716,2940,255,1057,3051,2291,2537,91,2585,43,0.967,1,2238,1,14.545,0.170,-4.750,-9.500,-9.938,-0.168,0.051,1.012,-0.145,0.090,0.063,0.040,0.014,1.227,1.329,2,NULL,NULL,,3,0,2,7,255,1406,250,0,0
stim,195874,225995,0,225995,3423324.454,-0.691,-0.038,0.088,0.716,2933,263,1128,3043,2329,2537,126,2591,43,0.967,1,2238,1,17.615,0.334,-7.938,-9.938,-12.188,-0.199,0.043,0.957,-0.145,-0.301,0.063,0.038,0.012,1.227,1.329,2,NULL,NULL,,3,0,2,7,255,1406,250,0,0
stim,195874,225995,0,225995,3423329.455,-0.692,-0.038,0.088,0.716,2916,269,1193,3032,2313,2547,171,2611,43,0.967,1,2238,1,18.908,0.105,-6.438,-10.375,-14.438,-0.172,-0.023,0.961,-0.102,-0.027,-0.230,0.038,0.010,1.227,1.329,2,NULL,NULL,,3,0,2,7,255,1406,250,0,0
stim,195903,226024,0,226024,3423334.453,-0.692,-0.038,0.087,0.715,2901,277,1253,3019,2380,2543,235,2629,43,0.967,1,2238,1,18.508,0.544,-7.125,-11.438,-12.688,-0.172,-0.031,0.965,0.543,-0.027,-0.230,0.038,0.010,1.227,1.329,2,NULL,NULL,,3,0,2,7,255,1406,250,0,0
stim,195903,226024,0,226024,3423339.455,-0.693,-0.038,0.086,0.715,2899,278,1309,3021,2413,2548,285,2651,43,0.967,1,2238,1,19.400,0.544,-6.750,-12.188,-13.500,-0.172,0.008,0.965,0.543,-0.027,-0.230,0.038,0.010,1.227,1.329,2,NULL,NULL,,3,0,2,7,255,1406,250,0,0
stim,195903,226024,0,226024,3423344.454,-0.693,-0.038,0.086,0.715,2879,295,1380,3004,2422,2563,343,2655,43,0.967,1,2238,1,20.880,0.239,-6.188,-12.625,-15.438,-0.156,0.031,0.973,0.238,-0.012,-0.215,0.038,0.010,1.227,1.329,2,NULL,NULL,,3,0,2,7,255,1406,250,0,0
stim,195903,226024,0,226024,3423349.455,-0.694,-0.038,0.085,0.714,2875,307,1462,3001,2457,2569,373,2669,43,0.967,1,2238,1,22.433,0.103,-6.188,-12.938,-17.250,-0.137,0.051,0.977,-0.016,0.102,-0.152,0.038,0.010,1.227,1.329,2,NULL,NULL,,3,0,2,7,255,1406,250,0,0
stim,195943,226064,0,226064,3423354.453,-0.694,-0.038,0.085,0.714,2861,312,1523,2999,2473,2559,422,2679,43,0.967,1,2238,1,22.441,0.238,-5.813,-13.125,-17.250,-0.156,0.051,0.969,-0.215,0.102,-0.152,0.038,0.010,1.227,1.329,2,NULL,NULL,,3,0,2,7,255,1406,250,0,0
stim,195943,226064,0,226064,3423359.455,-0.695,-0.037,0.084,0.713,2893,333,1579,2979,2491,2569,488,2685,43,0.967,1,2238,1,26.429,0.369,-3.375,-12.688,-22.938,-0.117,0.051,1.000,-0.219,0.297,-0.137,0.040,0.010,1.227,1.329,2,NULL,NULL,,3,0,2,7,255,1406,250,0,0
stim,195943,226064,0,226064,3423364.454,-0.695,-0.037,0.083,0.713,2833,341,1645,2973,2523,2579,546,2701,43,0.967,1,2238,1,19.704,0.541,-7.313,-13.000,-12.875,-0.008,-0.074,1.008,-0.215,0.496,-0.105,0.042,0.010,1.227,1.329,2,NULL,NULL,,3,0,2,7,255,1406,250,0,0
stim,195943,226064,0,226064,3423369.455,-0.695,-0.037,0.082,0.713,2821,345,1708,2965,2549,2579,681,2707,43,0.967,1,2238,1,18.145,1.215,-7.438,-13.188,10.000,-0.051,-0.043,0.961,0.629,1.039,-0.105,0.044,0.012,1.227,1.329,2,NULL,NULL,,3,0,2,7,255,1406,250,0,0
stim,195943,226064,0,226064,3423374.454,-0.695,-0.036,0.082,0.713,2803,375,1773,2954,2555,2581,747,2715,43,0.967,1,2238,1,14.423,1.215,-0.063,-12.875,6.500,-0.250,0.203,0.961,0.629,1.039,-0.105,0.046,0.012,1.227,1.329,2,NULL,NULL,,3,0,2,7,255,1406,250,0,0
stim,195943,226065,0,226065,3423379.455,-0.696,-0.036,0.082,0.713,2787,381,1820,2941,2587,2581,838,2727,43,0.967,1,2238,1,24.350,1.965,2.813,-12.000,-21.000,-0.281,0.293,1.051,-1.723,-0.945,-0.047,0.050,0.014,1.227,1.329,2,NULL,NULL,,3,0,2,7,255,1406,250,0,0
stim,195969,226090,0,226090,3423384.454,-0.697,-0.036,0.081,0.712,2765,413,1865,2937,2603,2591,939,2733,43,0.967,1,2238,1,38.167,1.965,-6.375,-11.938,-35.688,-0.117,0.078,1.066,-1.723,-0.945,0.707,0.050,0.014,1.227,1.329,2,NULL,NULL,,3,0,2,7,255,1406,250,0,0
stim,195969,226090,0,226090,3423389.455,-0.698,-0.036,0.080,0.711,2747,420,1913,2926,2596,2591,999,2745,43,0.967,1,2238,1,29.370,0.726,-12.125,-11.688,-24.063,-0.039,-0.012,1.008,-0.508,0.520,0.707,0.050,0.012,1.227,1.329,2,NULL,NULL,,3,0,2,7,255,1406,250,0,0
stim,195969,226090,0,226090,3423394.453,-0.698,-0.036,0.080,0.711,2728,445,1978,2911,2627,2595,1061,2761,43,0.967,1,2238,1,18.414,0.814,-10.625,-12.188,-8.813,-0.078,-0.039,0.953,0.352,0.734,-0.027,0.050,0.010,1.227,1.329,2,NULL,NULL,,3,0,2,7,255,1406,250,0,0
stim,195969,226090,0,226090,3423399.455,-0.698,-0.035,0.079,0.711,2715,478,2038,2911,2653,2589,1119,2773,43,0.967,1,2238,1,14.107,0.927,-5.000,-13.188,-0.313,-0.141,-0.078,0.957,0.566,0.734,-0.344,0.050,0.008,1.227,1.329,2,NULL,NULL,,3,0,2,7,255,1406,250,0,0
stim,195969,226090,0,226090,3423404.454,-0.698,-0.035,0.078,0.711,2684,490,2108,2892,2669,2600,1205,2790,43,0.967,1,2238,1,14.395,0.577,-2.563,-13.625,-3.875,-0.207,-0.012,1.012,0.566,0.109,-0.344,0.050,0.008,1.227,1.329,2,NULL,NULL,,3,0,2,7,255,1406,250,0,0
stim,195969,226091,0,226091,3423409.455,-0.699,-0.035,0.078,0.711,2664,503,2152,2876,2681,2591,1319,2789,43,0.967,1,2238,1,21.168,0.393,-7.313,-13.375,-14.688,-0.184,0.051,1.043,0.336,-0.203,0.285,0.050,0.008,1.227,1.329,2,NULL,NULL,,3,0,2,7,255,1406,250,0,0
stim,195969,226091,0,226091,3423414.453,-0.699,-0.035,0.077,0.710,2635,511,2199,2863,2701,2599,1407,2791,43,0.967,1,2238,1,26.590,0.271,-13.500,-13.250,-18.688,-0.121,0.039,1.008,-0.180,-0.203,0.285,0.050,0.008,1.227,1.329,2,NULL,NULL,,3,0,2,7,255,1406,250,0,0
stim,195969,226091,0,226091,3423419.455,-0.700,-0.035,0.076,0.710,2603,523,2240,2845,2685,2599,1487,2799,43,0.967,1,2238,1,24.315,0.388,-15.000,-13.375,-13.688,-0.109,-0.031,0.984,-0.180,0.344,0.125,0.050,0.008,1.227,1.329,2,NULL,NULL,,3,0,2,7,255,1406,250,0,0
stim,195999,226120,0,226120,3423424.454,-0.700,-0.035,0.075,0.709,2571,529,2279,2831,2713,2597,1547,2821,43,0.967,1,2238,1,22.208,0.600,-14.625,-13.438,-9.938,-0.152,-0.047,0.988,0.492,0.344,-0.023,0.050,0.010,1.227,1.329,2,NULL,NULL,,3,0,2,7,255,1406,250,0,0
stim,195999,226120,0,226120,3423429.455,-0.700,-0.035,0.074,0.709,2531,533,2317,2824,2733,2603,1611,2822,43,0.967,1,2238,1,24.808,0.492,-15.438,-14.313,-13.125,-0.184,-0.016,1.004,0.492,0.004,-0.023,0.050,0.010,1.227,1.329,2,NULL,NULL,,3,0,2,7,255,1406,250,0,0
stim,195999,226120,0,226120,3423434.453,-0.701,-0.035,0.073,0.709,2477,537,2347,2793,2722,2605,1687,2825,43,0.967,1,2238,1,29.371,0.339,-17.313,-14.375,-18.875,-0.160,0.027,1.004,0.328,-0.086,0.137,0.050,0.012,1.227,1.329,2,NULL,NULL,,3,0,2,7,255,1406,250,0,0
stim,195999,226120,0,226120,3423439.455,-0.702,-0.035,0.072,0.708,2457,548,2387,2776,2759,2612,1763,2839,43,0.967,1,2238,1,30.313,0.148,-16.375,-14.750,-20.813,-0.125,0.051,0.973,-0.121,-0.086,0.137,0.050,0.012,1.227,1.329,2,NULL,NULL,,3,0,2,7,255,1406,250,0,0
stim,195999,226120,0,226120,3423444.454,-0.702,-0.035,0.071,0.708,2409,549,2425,2755,2765,2599,1834,2840,43,0.967,1,2238,1,27.742,0.224,-12.500,-15.188,-19.563,-0.117,0.027,0.977,-0.152,0.164,-0.176,0.052,0.012,1.227,1.329,2,NULL,NULL,,3,0,2,7,255,1406,250,0,0
stim,195999,226120,0,226120,3423449.455,-0.703,-0.035,0.070,0.707,2357,555,2444,2717,2749,2611,1887,2847,43,0.967,1,2238,1,26.428,0.224,-8.938,-15.438,-19.500,-0.137,0.012,0.996,-0.152,0.164,-0.176,0.052,0.014,1.227,1.329,2,NULL,NULL,,3,0,2,7,255,1406,250,0,0
stim,196051,226172,0,226172,3423454.453,-0.703,-0.035,0.069,0.706,2309,554,2475,2684,2787,2601,1957,2858,43,0.967,1,2238,1,27.864,0.120,-8.250,-15.250,-21.813,-0.133,0.008,1.012,-0.023,0.117,0.023,0.054,0.014,1.227,1.329,2,NULL,NULL,,3,0,2,7,255,1406,250,0,0
stim,196051,226172,0,226172,3423459.455,-0.704,-0.035,0.069,0.706,2233,557,2507,2664,2803,2601,2007,2863,43,0.967,1,2238,1,29.466,0.120,-10.688,-15.000,-23.000,-0.113,0.016,1.016,-0.023,0.117,0.180,0.056,0.012,1.227,1.329,2,NULL,NULL,,3,0,2,7,255,1406,250,0,0
stim,196051,226172,0,226172,3423464.453,-0.705,-0.035,0.068,0.705,2185,555,2533,2630,2770,2605,2057,2877,43,0.967,1,2238,1,29.641,0.323,-13.375,-14.688,-22.000,-0.102,0.031,1.012,-0.066,0.316,0.180,0.058,0.012,1.227,1.329,2,NULL,NULL,,3,0,2,7,255,1406,250,0,0
stim,196051,226172,1,226172,3423469.455,-0.706,-0.035,0.067,0.705,2138,561,2553,2607,2827,2599,2109,2889,43,0.967,1,2238,1,30.549,0.372,-16.313,-14.500,-21.375,-0.121,0.023,1.016,-0.195,0.316,0.203,0.060,0.010,1.227,1.329,2,NULL,NULL,,3,1,2,7,255,1406,250,0,0
stim,196051,226172,1,226172,3423474.454,-0.706,-0.035,0.065,0.704,2063,556,2584,2578,2828,2611,2152,2889,43,0.967,1,2238,1,33.785,0.290,-19.625,-14.688,-23.250,-0.141,0.016,1.031,-0.195,0.215,0.219,0.062,0.010,1.227,1.329,2,NULL,NULL,,3,1,2,7,255,1406,250,0,0
stim,196051,226172,1,226172,3423479.455,-0.707,-0.035,0.064,0.703,1978,552,2605,2519,2840,2601,2202,2887,43,0.967,1,2238,1,39.347,0.131,-24.250,-14.750,-27.250,-0.133,0.004,1.043,-0.102,0.082,0.406,0.064,0.010,1.227,1.329,2,NULL,NULL,,3,1,2,7,255,1406,250,0,0
stim,196051,226172,1,226172,3423484.453,-0.708,-0.036,0.063,0.703,1907,546,2627,2473,2843,2599,2238,2893,43,0.967,1,2238,1,43.016,0.088,-29.063,-15.125,-27.875,-0.113,0.000,1.023,-0.031,0.082,0.406,0.066,0.010,1.227,1.329,2,NULL,NULL,,3,1,2,7,255,1406,250,0,0
stim,196051,226172,1,226172,3423489.455,-0.709,-0.036,0.061,0.702,1838,538,2642,2423,2847,2599,2274,2898,43,0.967,1,2238,1,37.464,0.240,-25.813,-15.563,-22.250,-0.082,0.035,0.965,-0.031,0.238,0.262,0.066,0.010,1.227,1.329,2,NULL,NULL,,3,1,2,7,255,1406,250,0,0
stim,196051,226172,1,226172,3423494.454,-0.709,-0.036,0.060,0.702,1750,529,2669,2351,2867,2599,2300,2906,43,0.967,1,2238,1,29.680,0.472,-18.563,-16.563,-16.188,-0.105,0.039,0.977,-0.398,0.254,-0.188,0.068,0.010,1.227,1.329,2,NULL,NULL,,3,1,2,7,255,1406,250,0,0
stim,196051,226172,1,226172,3423499.455,-0.710,-0.036,0.059,0.701,1633,493,2685,2295,2870,2591,2339,2908,43,0.967,1,2238,1,29.061,0.513,-15.375,-17.375,-17.500,-0.156,0.047,1.016,-0.445,0.254,-0.188,0.070,0.010,1.227,1.329,2,NULL,NULL,,3,1,2,7,255,1406,250,0,0
stim,196068,226189,1,226189,3423504.453,-0.710,-0.036,0.058,0.701,1485,474,2711,2221,2875,2589,2367,2909,43,0.967,1,2238,1,34.238,0.446,-17.313,-17.563,-23.750,-0.133,-0.012,1.043,-0.445,0.023,0.246,0.070,0.010,1.227,1.329,2,NULL,NULL,,3,1,2,7,255,1406,250,0,0
stim,196068,226189,1,226189,3423509.455,-0.711,-0.036,0.057,0.700,1355,427,2727,2127,2889,2586,2398,2920,43,0.967,1,2238,1,34.675,0.036,-21.188,-17.375,-21.250,-0.082,-0.070,1.031,0.027,0.023,0.324,0.070,0.010,1.227,1.329,2,NULL,NULL,,3,1,2,7,255,1406,250,0,0
stim,196068,226189,1,226189,3423514.454,-0.711,-0.037,0.055,0.700,1243,409,2745,2013,2901,2585,2441,2925,43,0.967,1,2238,1,33.248,0.344,-24.188,-18.250,-13.688,-0.102,-0.035,1.027,0.203,0.277,0.324,0.072,0.012,1.227,1.329,2,NULL,NULL,,3,1,2,7,255,1406,250,0,0
stim,196068,226189,1,226189,3423519.455,-0.712,-0.037,0.054,0.699,1101,335,2761,1909,2909,2583,2468,2930,43,0.967,1,2238,1,34.661,0.344,-25.500,-19.250,-13.438,-0.172,0.031,1.016,0.203,0.277,0.297,0.072,0.012,1.227,1.329,2,NULL,NULL,,3,1,2,7,255,1406,250,0,0
stim,196090,226211,1,226211,3423524.454,-0.712,-0.037,0.053,0.699,953,304,2776,1780,2906,2580,2501,2936,43,0.967,1,2238,1,38.515,0.646,-23.500,-20.125,-22.938,-0.188,0.055,1.000,-0.492,-0.418,0.273,0.074,0.014,1.227,1.329,2,NULL,NULL,,3,1,2,7,255,1406,250,0,0
stim,196090,226211,1,226211,3423529.455,-0.713,-0.037,0.051,0.698,797,279,2791,1625,2925,2571,2525,2939,43,0.967,1,2238,1,41.627,0.649,-18.000,-21.875,-30.500,-0.137,0.031,1.020,-0.496,-0.418,0.270,0.074,0.014,1.227,1.329,2,NULL,NULL,,3,1,2,7,255,1406,250,0,0
stim,196090,226211,1,226211,3423534.454,-0.714,-0.037,0.050,0.697,629,239,2803,1421,2935,2565,2549,2943,43,0.967,1,2238,1,40.315,0.508,-19.375,-22.750,-27.063,-0.105,-0.016,1.043,-0.496,-0.109,0.270,0.076,0.016,1.227,1.329,2,NULL,NULL,,3,1,2,7,255,1406,250,0,0
stim,196090,226211,1,226211,3423539.455,-0.715,-0.037,0.049,0.696,467,182,2815,1212,2932,2548,2571,2951,43,0.967,1,2238,1,41.290,0.092,-20.188,-23.625,-27.188,-0.125,-0.039,1.055,-0.090,-0.020,0.465,0.078,0.016,1.227,1.329,2,NULL,NULL,,3,1,2,7,255,1406,250,0,0
stim,196137,226258,1,226258,3423544.453,-0.716,-0.037,0.047,0.696,345,165,2835,1021,2954,2540,2599,2957,43,0.967,1,2238,1,41.231,0.115,-23.063,-24.875,-23.438,-0.125,-0.059,1.035,0.113,-0.020,0.465,0.082,0.016,1.227,1.329,2,NULL,NULL,,3,1,2,7,255,1406,250,0,0
stim,196137,226258,1,226258,3423549.455,-0.717,-0.037,0.046,0.695,181,125,2843,837,2965,2531,2616,2961,43,0.967,1,2238,1,42.765,0.140,-20.438,-26.625,-26.500,-0.172,-0.016,1.000,0.113,-0.082,0.426,0.084,0.018,1.227,1.329,2,NULL,NULL,,3,1,2,7,255,1406,250,0,0
stim,196163,226284,1,226284,3423554.454,-0.718,-0.036,0.044,0.694,101,73,2853,631,2955,2523,2639,2966,43,0.967,1,2238,1,46.444,0.255,-14.875,-28.375,-33.625,-0.129,0.031,1.000,-0.168,-0.191,0.121,0.084,0.022,1.227,1.329,2,NULL,NULL,,3,1,2,7,255,1406,250,0,0
stim,196163,226284,1,226284,3423559.455,-0.719,-0.036,0.043,0.693,45,35,2861,461,2976,2503,2664,2971,43,0.967,1,2238,1,45.047,0.624,-9.063,-30.250,-32.125,-0.109,0.027,1.055,-0.594,-0.191,0.121,0.084,0.024,1.227,1.329,2,NULL,NULL,,3,1,2,7,255,1406,250,0,0
stim,196163,226284,1,226284,3423564.453,-0.720,-0.035,0.041,0.692,12,27,2860,309,2985,2479,2680,2963,43,0.967,1,2238,1,50.611,0.611,-12.188,-31.875,-37.375,-0.055,0.031,1.059,-0.609,0.051,0.535,0.084,0.028,1.227,1.329,2,NULL,NULL,,3,1,2,7,255,1406,250,0,0
stim,196163,226284,1,226284,3423569.455,-0.721,-0.034,0.040,0.691,0,0,2872,156,2993,2455,2699,2983,43,0.967,1,2238,1,44.654,0.818,-11.250,-34.375,-26.188,-0.039,0.020,1.043,-0.594,0.563,0.535,0.082,0.034,1.227,1.329,2,NULL,NULL,,3,1,2,7,255,1406,250,0,0
stim,196163,226284,1,226284,3423574.454,-0.721,-0.033,0.038,0.691,0,0,2879,90,2999,2427,2710,2982,43,0.967,1,2238,1,45.216,0.760,-9.563,-36.313,-25.188,-0.094,0.004,1.000,-0.512,0.563,0.367,0.080,0.038,1.227,1.329,2,NULL,NULL,,3,1,2,7,255,1406,250,0,0
stim,196163,226284,1,226284,3423579.455,-0.722,-0.032,0.037,0.690,0,0,2891,53,3015,2403,2729,2975,43,0.967,1,2238,1,47.692,0.367,6.063,-40.875,-23.813,-0.203,-0.063,1.027,-0.363,0.055,0.367,0.078,0.040,1.227,1.329,2,NULL,NULL,,3,1,2,7,255,1406,250,0,0
stim,196163,226284,1,226284,3423584.453,-0.723,-0.030,0.037,0.690,0,0,2893,0,3005,2381,2759,2983,43,0.967,1,2238,0,60.305,1.064,30.188,-48.625,-19.000,-0.398,-0.086,1.160,0.211,-1.043,0.402,0.074,0.044,1.227,1.329,3,NULL,NULL,,3,1,2,7,255,1406,250,0,0
stim,196163,226284,1,226284,3423589.455,-0.724,-0.027,0.036,0.688,0,0,2899,0,3021,2351,2778,2985,43,0.967,1,2238,0,80.727,2.716,40.313,-55.500,-42.563,-0.395,-0.086,1.391,0.336,-2.695,1.906,0.072,0.048,1.227,1.329,3,NULL,NULL,,3,1,2,7,255,1406,250,0,0
stim,196163,226284,1,226284,3423594.454,-0.725,-0.024,0.036,0.687,0,0,2900,0,3031,2322,2795,2987,43,0.967,1,2238,0,82.566,2.716,38.813,-60.875,-40.063,-0.254,-0.043,1.617,0.336,-2.695,4.129,0.070,0.052,1.227,1.329,3,NULL,NULL,,3,1,2,7,255,1406,250,0,0
stim,196163,226284,1,226284,3423599.455,-0.726,-0.023,0.033,0.687,0,0,2905,0,3033,2285,2808,2991,43,0.967,1,2238,0,72.764,1.176,-27.875,-63.313,-22.563,0.098,-0.016,1.445,-0.004,-1.176,4.227,0.066,0.056,1.227,1.329,3,NULL,NULL,,3,1,2,7,255,1406,250,0,0
stim,196163,226284,1,226284,3423604.453,-0.726,-0.024,0.028,0.687,0,0,2907,0,3037,2253,2827,2989,43,0.967,1,2238,0,93.192,1.691,-71.750,-58.938,7.938,0.102,-0.129,1.113,-0.004,1.691,4.227,0.064,0.060,1.227,1.329,3,NULL,NULL,,3,1,2,7,255,1406,250,0,0
stim,196163,226284,1,226284,3423609.455,-0.724,-0.023,0.025,0.689,0,0,2906,0,3043,2204,2837,2989,43,0.967,1,2238,0,95.494,1.694,-56.125,-64.313,42.813,-0.121,-0.016,0.914,-0.102,1.691,1.012,0.060,0.066,1.227,1.329,3,NULL,NULL,,3,1,2,7,255,1406,250,0,0
stim,196180,226301,1,226301,3423614.453,-0.723,-0.022,0.022,0.690,0,0,2905,0,3047,2137,2855,2991,43,0.967,1,2238,0,81.293,0.641,-16.750,-71.188,35.500,-0.328,0.117,0.855,-0.230,-0.598,-0.785,0.058,0.070,1.227,1.329,3,NULL,NULL,,3,1,2,7,255,1406,250,0,0
stim,196180,226301,1,226301,3423619.455,-0.723,-0.019,0.020,0.690,0,0,2905,0,3051,2085,2869,2995,43,0.967,1,2238,0,77.258,2.841,15.500,-75.688,0.000,-0.313,0.082,0.973,-1.297,-2.527,-0.785,0.058,0.074,1.227,1.329,3,NULL,NULL,,3,1,2,7,255,1406,250,0,0
stim,196180,226301,1,226301,3423624.454,-0.724,-0.016,0.018,0.689,0,0,2903,0,3053,2007,2885,2991,43,0.967,1,2238,0,86.119,2.841,27.625,-79.125,-19.813,-0.141,-0.043,1.160,-1.297,-2.527,-0.137,0.058,0.080,1.227,1.329,3,NULL,NULL,,3,1,2,7,255,1406,250,0,0
stim,196180,226301,1,226301,3423629.455,-0.724,-0.013,0.016,0.689,0,0,2900,0,3053,1912,2900,2991,43,0.967,1,2238,0,84.655,0.879,20.750,-81.438,-10.188,-0.012,-0.082,1.234,-0.020,-0.879,1.625,0.058,0.084,1.227,1.329,3,NULL,NULL,,3,1,2,7,255,1406,250,0,0
stim,196203,226324,1,226324,3423634.453,-0.724,-0.010,0.014,0.690,0,0,2893,0,3061,1823,2903,2991,43,0.967,1,2238,0,86.019,0.173,12.000,-84.625,9.688,-0.020,-0.016,1.234,-0.020,0.172,2.273,0.060,0.088,1.227,1.329,3,NULL,NULL,,3,1,2,7,255,1406,250,0,0
stim,196203,226324,1,226324,3423639.455,-0.723,-0.007,0.011,0.691,0,0,2888,0,3063,1748,2915,2989,43,0.967,1,2238,0,92.512,0.281,-2.688,-88.500,26.813,-0.074,0.020,1.273,-0.223,0.172,2.305,0.064,0.094,1.227,1.329,3,NULL,NULL,,3,1,2,7,255,1406,250,0,0
stim,196203,226324,1,226324,3423644.454,-0.722,-0.005,0.008,0.692,0,0,2875,0,3046,1637,2909,2989,43,0.967,1,2238,0,97.245,0.747,-10.000,-91.500,31.375,-0.164,0.117,1.223,-0.629,-0.402,2.273,0.070,0.100,1.227,1.329,3,NULL,NULL,,3,1,2,7,255,1406,250,0,0
stim,196203,226324,1,226324,3423649.455,-0.721,-0.002,0.005,0.693,0,0,2863,0,3068,1501,2937,2983,43,0.967,1,2238,0,98.996,2.126,-8.063,-95.625,24.313,-0.184,0.137,1.184,-1.621,-1.375,2.164,0.076,0.106,1.227,1.329,3,NULL,NULL,,3,1,2,7,255,1406,250,0,0
stim,196243,226364,1,226364,3423654.453,-0.721,0.001,0.002,0.693,0,0,2854,0,3079,1367,2943,2980,43,0.967,1,2238,0,103.132,2.126,-5.688,-101.563,17.000,-0.121,0.094,1.176,-1.621,-1.375,1.773,0.082,0.112,1.227,1.329,3,NULL,NULL,,3,1,2,7,255,1406,250,0,0
stim,196243,226364,1,226364,3423659.455,-0.720,0.004,-0.001,0.694,0,0,2840,0,3067,1196,2957,2975,43,0.967,1,2238,0,109.753,1.768,-4.438,-106.688,25.375,-0.008,0.043,1.199,-1.348,-1.145,1.773,0.088,0.120,1.227,1.329,3,NULL,NULL,,3,1,2,7,255,1406,250,0,0
stim,196243,226364,1,226364,3423664.454,-0.718,0.007,-0.005,0.696,0,0,2824,0,3081,1039,2964,2971,43,0.967,1,2238,0,118.441,0.985,-7.750,-110.063,43.063,-0.023,0.047,1.207,-0.883,-0.438,1.938,0.094,0.126,1.227,1.329,3,NULL,NULL,,3,1,2,7,255,1406,250,0,0
stim,196243,226364,1,226364,3423669.455,-0.717,0.010,-0.009,0.697,0,0,2800,0,3081,861,2972,2964,43,0.967,1,2238,0,127.467,0.985,-13.563,-115.500,52.188,-0.055,0.066,1.219,-0.883,-0.438,2.008,0.102,0.132,1.227,1.329,3,NULL,NULL,,3,1,2,7,255,1406,250,0,0
stim,196243,226364,1,226364,3423674.454,-0.715,0.013,-0.013,0.699,0,0,2775,0,3081,711,2979,2951,43,0.967,1,2238,0,133.999,1.429,-21.375,-119.313,57.125,-0.047,0.094,1.203,-1.121,-0.887,2.008,0.106,0.140,1.227,1.329,3,NULL,NULL,,3,1,2,7,255,1406,250,0,0
stim,196243,226364,1,226364,3423679.455,-0.713,0.016,-0.017,0.701,0,0,2747,0,3087,595,2983,2937,43,0.967,1,2238,0,139.758,1.649,-25.813,-122.438,62.250,-0.059,0.094,1.180,-1.367,-0.922,1.910,0.114,0.148,1.227,1.329,3,NULL,NULL,,3,1,2,7,255,1406,250,0,0
stim,196273,226394,1,226394,3423684.454,-0.711,0.019,-0.022,0.703,0,0,2707,0,3087,483,2987,2923,43,0.967,1,2238,0,145.382,1.788,-27.250,-127.250,64.813,-0.090,0.078,1.168,-1.367,-1.152,1.672,0.120,0.158,1.227,1.329,3,NULL,NULL,,3,1,2,7,255,1406,250,0,0
stim,196273,226394,1,226394,3423689.455,-0.709,0.022,-0.026,0.705,0,0,2677,0,3027,375,2995,2908,43,0.967,1,2238,0,146.446,2.009,-24.313,-132.500,57.438,-0.121,0.066,1.133,-1.258,-1.566,1.535,0.128,0.168,1.227,1.329,3,NULL,NULL,,3,1,2,7,255,1406,250,0,0
stim,196273,226394,1,226394,3423694.453,-0.707,0.025,-0.031,0.706,0,0,2647,0,3087,249,2997,2899,43,0.967,1,2238,0,146.538,2.123,-17.438,-136.125,51.375,-0.086,0.039,1.156,-1.148,-1.785,1.387,0.136,0.180,1.227,1.329,3,NULL,NULL,,3,1,2,7,255,1406,250,0,0
stim,196273,226394,1,226394,3423699.455,-0.705,0.029,-0.035,0.708,0,0,2613,0,3082,165,2999,2872,43,0.967,1,2238,0,148.476,2.200,-13.250,-139.375,49.438,-0.102,0.039,1.168,-0.926,-1.996,1.387,0.146,0.192,1.227,1.329,3,NULL,NULL,,3,1,2,7,255,1406,250,0,0
stim,196273,226394,1,226394,3423704.454,-0.703,0.033,-0.040,0.709,0,0,2569,0,3080,91,3001,2847,43,0.967,1,2238,0,150.112,2.260,-10.500,-143.438,43.000,-0.129,-0.004,1.238,-0.906,-2.070,1.480,0.156,0.208,1.227,1.329,3,NULL,NULL,,3,1,2,7,255,1406,250,0,0
stim,196273,226394,1,226394,3423709.455,-0.702,0.037,-0.045,0.710,0,0,2523,0,3077,59,3002,2821,43,0.967,1,2238,0,155.388,2.597,-18.688,-148.625,41.313,-0.105,-0.023,1.336,-0.527,-2.543,2.105,0.168,0.224,1.227,1.329,3,NULL,NULL,,3,1,2,7,255,1406,250,0,0
stim,196273,226394,1,226394,3423714.454,-0.700,0.040,-0.051,0.711,0,0,2471,0,3061,11,3000,2779,43,0.967,1,2238,0,160.852,2.628,-34.875,-151.813,40.125,-0.098,0.027,1.371,-0.527,-2.574,3.066,0.184,0.244,1.227,1.329,3,NULL,NULL,,3,1,2,7,255,1406,250,0,0
stim,196273,226394,0,226394,3423719.455,-0.698,0.043,-0.056,0.712,0,0,2405,0,3007,40,3001,2743,43,0.967,1,2238,0,164.228,2.882,-45.188,-154.625,31.938,-0.160,0.031,1.367,-0.945,-2.723,3.211,0.202,0.266,1.227,1.329,3,NULL,NULL,,3,0,2,7,255,1406,250,0,0
stim,196301,226422,0,226422,3423724.454,-0.697,0.047,-0.063,0.713,0,0,2331,0,3055,55,3001,2697,43,0.967,1,2238,0,167.546,3.627,-38.063,-161.563,22.813,-0.199,0.016,1.500,-0.965,-3.496,3.371,0.222,0.290,1.227,1.329,3,NULL,NULL,,3,0,2,7,255,1406,250,0,0
stim,196301,226422,0,226422,3423729.455,-0.696,0.051,-0.069,0.713,0,0,2251,0,3053,51,3005,2653,43,0.967,1,2238,0,173.143,4.351,-35.938,-168.938,12.125,-0.266,-0.035,1.664,-0.965,-4.242,4.395,0.248,0.318,1.227,1.329,3,NULL,NULL,,3,0,2,7,255,1406,250,0,0
stim,196301,226422,0,226422,3423734.454,-0.695,0.055,-0.076,0.712,0,0,2160,0,3039,47,2989,2604,43,0.967,1,2238,0,189.657,5.414,-55.688,-181.000,10.375,-0.297,-0.059,1.633,-0.578,-5.383,5.383,0.276,0.348,1.227,1.329,3,NULL,NULL,,3,0,2,7,255,1406,250,0,0
stim,196301,226422,0,226422,3423739.455,-0.695,0.059,-0.084,0.712,0,0,2075,0,3035,53,2995,2545,43,0.967,1,2238,0,200.566,5.907,-55.688,-192.625,4.625,-0.301,0.027,1.613,-0.578,-5.879,5.383,0.306,0.382,1.227,1.329,3,NULL,NULL,,3,0,2,7,255,1406,250,0,0
stim,196301,226422,0,226422,3423744.453,-0.694,0.064,-0.092,0.711,0,0,1939,0,3018,57,2975,2446,43,0.967,1,2238,0,213.355,6.251,-58.875,-205.000,-5.375,-0.355,0.164,1.598,-1.270,-6.121,5.031,0.342,0.418,1.227,1.329,3,NULL,NULL,,3,0,2,7,255,1406,250,0,0
stim,196301,226422,0,226422,3423749.455,-0.694,0.069,-0.100,0.710,0,0,1837,0,2941,59,2953,2351,43,0.967,1,2238,0,227.548,7.300,-61.688,-217.875,-22.438,-0.336,0.129,1.602,-2.398,-6.895,4.566,0.380,0.458,1.227,1.329,3,NULL,NULL,,3,0,2,7,255,1406,250,0,0
stim,196351,226472,0,226472,3423754.454,-0.693,0.074,-0.109,0.708,0,0,1765,0,2995,57,2935,2267,43,0.967,1,2238,0,241.343,7.411,-59.438,-232.375,-26.750,-0.328,0.039,1.699,-2.398,-7.012,4.566,0.422,0.500,1.227,1.329,3,NULL,NULL,,3,0,2,7,255,1406,250,0,0
stim,196351,226472,0,226472,3423759.455,-0.693,0.080,-0.119,0.707,0,0,1669,0,2973,67,2908,2162,43,0.967,1,2238,0,259.580,7.796,-72.750,-247.875,-25.438,-0.340,0.078,1.816,-2.223,-7.473,5.391,0.466,0.544,1.227,1.329,3,NULL,NULL,,3,0,2,7,255,1406,250,0,0
stim,196351,226472,0,226472,3423764.453,-0.692,0.086,-0.129,0.705,0,0,1603,0,2931,69,2872,2070,43,0.967,1,2238,0,278.035,8.522,-83.875,-263.625,-27.750,-0.352,0.203,1.801,-2.223,-8.227,5.719,0.516,0.592,1.227,1.329,3,NULL,NULL,,3,0,2,7,255,1406,250,0,0
stim,196351,226472,0,226472,3423769.455,-0.692,0.092,-0.140,0.702,0,0,1511,0,2920,69,2828,1965,43,0.967,1,2238,0,293.768,9.345,-82.688,-280.188,-30.938,-0.340,0.313,1.844,-3.559,-8.641,5.836,0.570,0.644,1.227,1.329,3,NULL,NULL,,3,0,2,7,255,1406,250,0,0
stim,196351,226472,0,226472,3423774.454,-0.691,0.099,-0.151,0.700,0,0,1439,0,2887,71,2775,1879,43,0.967,1,2238,0,307.397,10.103,-65.688,-298.875,-29.188,-0.344,0.262,2.008,-4.543,-9.023,5.836,0.628,0.702,1.227,1.329,3,NULL,NULL,,3,0,2,7,255,1406,250,0,0
stim,196351,226472,0,226472,3423779.455,-0.689,0.107,-0.163,0.698,0,0,1365,0,2843,58,2697,1789,43,0.967,1,2238,0,327.730,11.033,-70.500,-318.938,-26.750,-0.320,0.199,2.184,-4.543,-10.055,7.109,0.688,0.762,1.227,1.329,3,NULL,NULL,,3,0,2,7,255,1406,250,0,0
stim,196351,226472,0,226472,3423784.453,-0.688,0.115,-0.175,0.695,0,0,1252,0,2793,45,2583,1685,43,0.967,1,2238,0,344.128,11.829,-80.563,-334.000,-19.438,-0.297,0.230,2.203,-4.543,-10.922,8.395,0.754,0.826,1.227,1.329,3,NULL,NULL,,3,0,2,7,255,1406,250,0,0
stim,196351,226472,0,226472,3423789.455,-0.685,0.122,-0.188,0.693,0,0,1147,0,2729,22,2457,1604,43,0.967,1,2238,0,358.972,12.241,-89.063,-347.563,-11.375,-0.332,0.379,2.137,-4.668,-11.316,8.395,0.820,0.894,1.227,1.329,3,NULL,NULL,,3,0,2,7,255,1406,250,0,0
stim,196351,226472,0,226472,3423794.453,-0.683,0.131,-0.202,0.690,0,0,1007,0,2651,0,2285,1499,43,0.967,1,2238,0,370.220,13.386,-87.625,-359.000,-22.438,-0.359,0.395,2.117,-6.164,-11.883,7.109,0.890,0.962,1.227,1.329,3,NULL,NULL,,3,0,2,7,255,1406,250,0,0
stim,196351,226472,0,226472,3423799.455,-0.681,0.140,-0.215,0.686,0,0,895,0,2555,0,2071,1383,43,0.967,1,2238,0,379.268,13.595,-83.875,-368.188,-35.313,-0.227,0.309,2.152,-6.164,-12.117,6.977,0.954,1.028,1.227,1.329,3,NULL,NULL,,3,0,2,7,255,1406,250,0,0
stim,196369,226490,0,226490,3423804.454,-0.678,0.148,-0.229,0.683,0,0,763,0,2443,0,1811,1223,43,0.967,1,2238,0,384.322,13.439,-84.813,-374.125,-23.250,-0.129,0.094,2.137,-5.813,-12.117,6.977,1.008,1.084,1.227,1.329,3,NULL,NULL,,3,0,2,7,255,1406,250,0,0
stim,196369,226490,0,226490,3423809.455,-0.674,0.157,-0.243,0.679,0,0,599,0,2283,0,1510,1067,43,0.967,1,2238,0,394.353,12.715,-84.375,-385.188,-5.063,-0.180,-0.180,2.051,-3.852,-12.117,6.977,1.054,1.132,1.227,1.329,3,NULL,NULL,,3,0,2,7,255,1406,250,0,0
stim,196369,226490,0,226490,3423814.453,-0.670,0.167,-0.256,0.676,0,0,437,0,2103,0,1148,981,43,0.967,1,2238,0,406.069,11.893,-68.938,-400.125,6.313,-0.152,-0.203,1.590,-1.199,-11.832,6.176,1.094,1.174,1.227,1.329,3,NULL,NULL,,3,0,2,7,255,1406,250,0,0
stim,196369,226490,0,226490,3423819.455,-0.665,0.179,-0.269,0.673,0,0,313,0,1871,0,653,827,43,0.967,1,2238,0,415.891,10.249,-7.938,-415.813,-1.500,-0.047,-0.449,1.484,-0.371,-10.242,2.254,1.136,1.218,1.227,1.329,3,NULL,NULL,,3,0,2,7,255,1406,250,0,0
stim,196391,226512,0,226512,3423824.454,-0.659,0.191,-0.281,0.671,0,0,235,0,1605,0,249,683,43,0.967,1,2238,0,418.119,9.361,9.250,-418.000,3.688,0.293,-0.297,1.488,0.492,-9.348,2.254,1.186,1.270,1.227,1.329,3,NULL,NULL,,3,0,2,7,255,1406,250,0,0
stim,196391,226512,0,226512,3423829.455,-0.652,0.204,-0.292,0.669,0,0,201,0,1247,0,59,532,43,0.967,1,2238,0,421.939,7.945,34.813,-418.688,39.000,0.332,-0.090,1.602,0.492,-7.930,3.563,1.246,1.332,1.227,1.329,3,NULL,NULL,,3,0,2,7,255,1406,250,0,0
stim,196391,226512,0,226512,3423834.453,-0.644,0.215,-0.304,0.668,0,0,120,0,921,0,0,439,43,0.967,1,2238,0,427.352,8.098,34.250,-417.813,83.000,0.090,0.199,1.879,-1.645,-7.930,3.715,1.314,1.400,1.227,1.329,3,NULL,NULL,,3,0,2,7,255,1406,250,0,0
stim,196391,226512,0,226512,3423839.455,-0.634,0.226,-0.316,0.668,0,0,108,0,489,0,0,356,43,0.967,1,2238,0,435.830,12.643,17.375,-419.438,117.125,-0.348,0.207,1.914,-4.188,-11.930,3.715,1.386,1.474,1.227,1.329,3,NULL,NULL,,3,0,2,7,255,1406,250,0,0
stim,196413,226534,0,226534,3423844.454,-0.624,0.237,-0.329,0.668,0,0,85,0,173,0,0,288,43,0.967,1,2238,0,448.778,16.241,-5.813,-431.625,122.750,-0.559,0.039,1.809,-4.188,-15.691,0.488,1.458,1.546,1.227,1.329,3,NULL,NULL,,3,0,2,7,255,1406,250,0,0
stim,196413,226534,0,226534,3423849.455,-0.613,0.246,-0.344,0.667,0,0,76,0,0,0,0,175,43,0.967,1,2238,0,470.133,15.951,-36.125,-439.000,164.313,-0.617,0.176,1.516,-2.867,-15.691,-2.043,1.530,1.618,1.227,1.329,3,NULL,NULL,,3,0,2,7,255,1406,250,0,0
stim,196452,226573,0,226573,3423854.453,-0.603,0.254,-0.359,0.666,0,0,43,0,0,0,0,92,43,0.967,1,2238,0,458.546,15.529,-59.875,-430.750,145.375,-0.551,0.660,1.254,-2.867,-15.262,-5.176,1.602,1.690,1.227,1.329,3,NULL,NULL,,3,0,2,7,255,1406,250,0,0
stim,196452,226573,0,226573,3423859.455,-0.594,0.261,-0.374,0.663,0,0,17,0,0,0,0,47,43,0.967,1,2238,0,435.171,14.864,-93.250,-408.500,117.500,-0.344,1.039,1.090,-7.199,-13.004,-7.719,1.670,1.756,1.227,1.329,4,NULL,NULL,,3,0,2,7,255,1406,250,0,0
stim,196452,226573,0,226573,3423864.454,-0.585,0.268,-0.388,0.660,0,0,41,0,0,0,0,51,43,0.967,1,2238,0,415.649,15.319,-110.813,-387.875,100.188,-0.270,1.090,1.156,-10.879,-10.785,-8.027,1.732,1.818,1.227,1.329,0,NULL,NULL,,3,0,2,7,255,1406,250,0,0
stim,196452,226573,0,226573,3423869.455,-0.577,0.272,-0.403,0.656,0,0,57,0,0,0,0,75,43,0.967,1,2238,0,413.182,15.319,-159.625,-363.000,116.063,-0.266,0.855,1.164,-10.879,-10.785,-8.027,1.790,1.876,1.227,1.329,0,NULL,NULL,,3,0,2,7,255,1406,250,0,0
stim,196452,226573,0,226573,3423874.454,-0.571,0.275,-0.417,0.651,0,0,61,0,0,0,0,93,43,0.967,1,2238,0,378.572,14.265,-180.563,-323.375,78.375,-0.121,0.441,1.137,-9.336,-10.785,-7.941,1.838,1.926,1.227,1.329,0,NULL,NULL,,3,0,2,7,255,1406,250,0,0
stim,196452,226573,0,226573,3423879.455,-0.566,0.278,-0.429,0.647,0,0,57,0,0,0,0,123,43,0.967,1,2238,0,315.392,12.348,-147.250,-272.000,61.688,-0.133,-0.078,1.230,-5.723,-10.941,-6.355,1.886,1.974,1.227,1.329,0,NULL,NULL,,3,0,2,7,255,1406,250,0,0
stim,196452,226573,0,226573,3423884.454,-0.561,0.279,-0.440,0.644,0,0,63,0,0,0,0,183,43,0.967,1,2238,0,278.887,11.364,-134.563,-232.438,75.125,-0.289,-0.031,1.633,-1.813,-11.219,-5.051,1.930,2.020,1.227,1.329,0,NULL,NULL,,3,0,2,7,255,1406,250,0,0
stim,196452,226573,0,226573,3423889.455,-0.558,0.278,-0.450,0.640,0,0,61,0,0,0,0,235,43,0.967,1,2238,0,277.103,15.590,-195.813,-182.813,70.875,-0.344,0.137,1.734,-1.813,-15.484,-5.051,1.966,2.056,1.227,1.329,0,NULL,NULL,,3,0,2,7,255,1406,250,0,0
stim,196452,226573,0,226573,3423894.453,-0.557,0.273,-0.462,0.634,0,0,59,0,0,0,0,248,43,0.967,1,2238,0,307.054,15.907,-273.063,-125.438,63.125,-0.281,0.191,1.242,-3.645,-15.484,-5.719,1.988,2.078,1.227,1.329,0,NULL,NULL,,3,0,2,7,255,1406,250,0,0
stim,196452,226573,0,226573,3423899.455,-0.557,0.266,-0.473,0.629,0,0,61,0,0,0,0,252,43,0.967,1,2238,0,328.540,12.527,-314.000,-66.188,70.438,-0.195,0.527,0.520,-3.648,-11.984,-7.695,2.004,2.094,1.227,1.329,0,NULL,NULL,,3,0,2,7,255,1406,250,0,0
stim,196473,226594,0,226594,3423904.453,-0.558,0.258,-0.482,0.624,0,0,59,0,0,0,0,253,43,0.967,1,2238,0,294.952,7.497,-289.938,-19.875,50.375,-0.344,0.707,-0.051,-5.648,-4.930,-11.027,2.014,2.104,1.227,1.329,0,NULL,NULL,,3,0,2,7,255,1406,250,0,0
stim,196473,226594,0,226594,3423909.455,-0.561,0.251,-0.487,0.620,0,0,60,0,0,0,0,246,43,0.967,1,2238,0,240.971,5.657,-234.938,43.750,30.938,-0.016,0.391,-0.398,-5.648,-0.313,-12.734,2.020,2.110,1.227,1.329,0,NULL,NULL,,3,0,2,7,255,1406,250,0,0
stim,196473,226594,0,226594,3423914.454,-0.563,0.243,-0.491,0.619,0,0,55,0,0,0,0,217,43,0.967,1,2238,0,205.455,4.616,-173.125,86.875,68.500,0.188,-0.039,-0.477,-2.574,3.832,-12.734,2.024,2.116,1.227,1.329,0,NULL,NULL,,3,0,2,7,255,1406,250,0,0
stim,196473,226594,0,226594,3423919.455,-0.564,0.234,-0.492,0.620,0,0,43,0,0,0,0,168,43,0.967,1,2238,0,202.700,4.411,-126.500,121.375,101.750,-0.063,-0.004,-0.543,1.137,4.262,-12.426,2.028,2.120,1.227,1.329,0,NULL,NULL,,3,0,2,7,255,1406,250,0,0
stim,196473,226594,0,226594,3423924.454,-0.566,0.226,-0.491,0.622,0,0,38,0,0,0,0,135,43,0.967,1,2238,0,199.144,4.581,-82.563,147.750,104.938,-0.258,-0.078,-0.594,1.680,4.262,-12.426,2.030,2.122,1.227,1.329,0,NULL,NULL,,3,0,2,7,255,1406,250,0,0
stim,196473,226594,0,226594,3423929.455,-0.567,0.218,-0.489,0.626,0,0,26,0,0,0,0,116,43,0.967,1,2238,0,197.429,5.234,-32.375,167.938,98.625,-0.188,-0.133,-0.699,3.039,4.262,-13.699,2.032,2.126,1.227,1.329,0,NULL,NULL,,3,0,2,7,255,1406,250,0,0
stim,196504,226625,0,226625,3423934.454,-0.568,0.212,-0.485,0.631,0,0,22,0,0,0,0,107,43,0.967,1,2238,0,221.490,5.579,26.188,185.563,118.063,-0.141,-0.180,-0.625,3.691,4.184,-13.699,2.038,2.132,1.227,1.329,0,NULL,NULL,,3,0,2,7,255,1406,250,0,0
stim,196504,226625,0,226625,3423939.455,-0.568,0.205,-0.479,0.637,0,0,21,0,0,0,0,103,43,0.967,1,2238,0,251.992,5.579,67.375,195.188,144.438,-0.297,0.125,-0.430,3.691,4.184,-13.699,2.046,2.140,1.227,1.329,0,NULL,NULL,,3,0,2,7,255,1406,250,0,0
stim,196504,226625,0,226625,3423944.453,-0.568,0.199,-0.472,0.645,0,0,16,0,0,0,0,77,43,0.967,1,2238,0,268.283,2.287,99.375,207.250,138.375,-0.449,0.195,-0.223,0.902,2.102,-14.512,2.058,2.154,1.227,1.329,0,NULL,NULL,,3,0,2,7,255,1406,250,0,0
stim,196504,226625,0,226625,3423949.455,-0.567,0.193,-0.464,0.652,0,0,13,0,0,0,0,73,43,0.967,1,2238,0,281.754,0.431,120.375,216.500,134.250,-0.504,0.176,-0.035,0.066,-0.426,-14.516,2.076,2.172,1.227,1.329,0,NULL,NULL,,3,0,2,7,255,1406,250,0,0
stim,196551,226672,0,226672,3423954.454,-0.567,0.187,-0.456,0.660,0,0,12,0,0,0,0,69,43,0.967,1,2238,0,291.021,2.360,130.125,225.125,130.688,-0.527,0.156,0.105,-0.152,-2.355,-14.516,2.098,2.196,1.227,1.329,0,NULL,NULL,,3,0,2,7,255,1406,250,0,0
stim,196551,226672,0,226672,3423959.455,-0.568,0.181,-0.447,0.667,0,0,9,0,0,0,0,62,43,0.967,1,2238,0,298.533,3.750,138.500,232.313,126.375,-0.625,0.133,0.254,-0.242,-3.742,-13.883,2.124,2.222,1.227,1.329,0,NULL,NULL,,3,0,2,7,255,1406,250,0,0
stim,196551,226672,0,226672,3423964.453,-0.568,0.176,-0.438,0.674,0,0,11,0,0,0,0,59,43,0.967,1,2238,0,298.224,5.607,137.625,242.188,106.500,-0.715,0.188,0.422,-0.320,-5.598,-13.641,2.158,2.258,1.227,1.329,0,NULL,NULL,,3,0,2,7,255,1406,250,0,0
stim,196551,226672,0,226672,3423969.455,-0.570,0.170,-0.428,0.680,0,0,6,0,0,0,0,55,43,0.967,1,2238,0,294.376,7.547,132.500,249.938,81.438,-0.813,0.148,0.574,-0.684,-7.516,-13.453,2.196,2.298,1.227,1.329,0,NULL,NULL,,3,0,2,7,255,1406,250,0,0
stim,196551,226672,0,226672,3423974.454,-0.572,0.164,-0.418,0.686,0,0,6,0,0,0,0,53,43,0.967,1,2238,0,293.254,9.446,128.188,257.438,57.375,-0.867,0.129,0.758,-0.863,-9.406,-12.961,2.238,2.340,1.227,1.329,0,NULL,NULL,,3,0,2,7,255,1406,250,0,0
stim,196551,226672,0,226672,3423979.455,-0.576,0.159,-0.408,0.690,0,0,9,0,0,0,0,53,43,0.967,1,2238,0,291.923,11.205,116.063,266.875,22.938,-0.836,0.117,0.895,-0.863,-11.172,-11.961,2.282,2.384,1.227,1.329,0,NULL,NULL,,3,0,2,7,255,1406,250,0,0
stim,196551,226672,0,226672,3423984.454,-0.580,0.153,-0.398,0.694,0,0,6,0,0,0,0,56,43,0.967,1,2238,0,294.156,12.075,100.375,276.500,0.438,-0.738,0.051,0.996,-1.230,-12.012,-10.625,2.326,2.430,1.227,1.329,0,NULL,NULL,,3,0,2,7,255,1406,250,0,0
stim,196551,226672,0,226672,3423989.455,-0.585,0.147,-0.388,0.696,0,0,6,0,0,0,0,56,43,0.967,1,2238,0,295.983,12.182,77.625,285.500,-8.375,-0.715,0.121,1.086,-1.258,-12.117,-8.777,2.370,2.476,1.227,1.329,0,NULL,NULL,,3,0,2,7,255,1406,250,0,0
stim,196551,226672,0,226672,3423994.453,-0.591,0.140,-0.379,0.698,0,0,9,0,0,0,0,71,43,0.967,1,2238,0,301.494,12.735,49.875,294.688,-39.625,-0.750,0.227,1.105,-2.250,-12.535,-8.230,2.412,2.518,1.227,1.329,0,NULL,NULL,,3,0,2,7,255,1406,250,0,0
stim,196551,226672,0,226672,3423999.455,-0.599,0.133,-0.370,0.698,0,0,13,0,0,0,0,99,43,0.967,1,2238,0,314.925,12.910,28.688,304.000,-77.063,-0.609,0.180,1.020,-3.090,-12.535,-8.059,2.450,2.558,1.227,1.329,0,NULL,NULL,,3,0,2,7,255,1406,250,0,0
stim,196571,226692,0,226692,3424004.454,-0.607,0.126,-0.361,0.697,0,0,12,0,0,0,0,109,43,0.967,1,2238,0,327.577,11.614,16.438,313.500,-93.563,-0.426,0.109,0.902,-3.090,-11.195,-7.414,2.488,2.598,1.227,1.329,0,NULL,NULL,,3,0,2,7,255,1406,250,0,0
stim,196571,226692,0,226692,3424009.455,-0.615,0.118,-0.351,0.696,0,0,3,0,0,0,0,115,43,0.967,1,2238,0,337.675,9.466,11.938,322.500,-99.375,-0.355,0.133,0.820,-2.934,-9.000,-6.633,2.524,2.634,1.227,1.329,0,NULL,NULL,,3,0,2,7,255,1406,250,0,0
stim,196571,226692,0,226692,3424014.453,-0.623,0.110,-0.341,0.695,0,0,10,0,0,0,0,115,43,0.967,1,2238,0,349.480,8.314,14.563,331.625,-109.313,-0.336,0.133,0.730,-2.813,-7.824,-6.633,2.558,2.670,1.227,1.329,0,NULL,NULL,,3,0,2,7,255,1406,250,0,0
stim,196571,226692,0,226692,3424019.455,-0.632,0.103,-0.331,0.693,0,0,10,0,0,0,0,127,43,0.967,1,2238,0,361.844,7.533,24.000,340.500,-120.063,-0.250,0.109,0.641,-2.813,-6.988,-6.871,2.590,2.704,1.227,1.329,0,NULL,NULL,,3,0,2,7,255,1406,250,0,0
stim,196599,226720,0,226720,3424024.454,-0.641,0.095,-0.319,0.691,0,0,13,0,0,0,0,151,43,0.967,1,2238,0,374.980,6.238,41.313,350.188,-127.563,0.070,0.039,0.453,-2.563,-5.688,-6.871,2.620,2.734,1.227,1.329,0,NULL,NULL,,3,0,2,7,255,1406,250,0,0
stim,196599,226720,0,226720,3424029.455,-0.649,0.088,-0.307,0.690,0,0,9,0,0,0,0,155,43,0.967,1,2238,0,380.675,2.760,70.875,358.125,-107.875,0.281,-0.016,0.348,-1.922,-1.980,-6.172,2.646,2.762,1.227,1.329,0,NULL,NULL,,3,0,2,7,255,1406,250,0,0
stim,196599,226720,0,226720,3424034.453,-0.656,0.082,-0.293,0.691,0,0,9,0,0,0,0,163,43,0.967,1,2238,0,381.463,1.969,111.313,357.188,-74.438,0.176,0.070,0.375,-1.922,-0.430,-6.172,2.670,2.786,1.227,1.329,0,NULL,NULL,,3,0,2,7,255,1406,250,0,0
stim,196599,226720,0,226720,3424039.455,-0.662,0.077,-0.278,0.691,0,0,8,0,0,0,0,164,43,0.967,1,2238,0,390.752,2.099,148.063,354.625,-70.750,0.086,0.188,0.512,-2.055,-0.430,-5.832,2.694,2.810,1.227,1.329,0,NULL,NULL,,3,0,2,7,255,1406,250,0,0
stim,196599,226720,0,226720,3424044.454,-0.668,0.072,-0.262,0.692,0,0,6,0,0,0,0,164,43,0.967,1,2238,0,399.482,3.451,176.313,351.125,-72.188,0.129,0.109,0.648,-3.027,-1.656,-5.832,2.716,2.832,1.227,1.329,0,NULL,NULL,,3,0,2,7,255,1406,250,0,0
stim,196599,226720,0,226720,3424049.455,-0.674,0.068,-0.246,0.693,0,0,1,0,0,0,0,163,43,0.967,1,2238,0,400.111,3.862,195.563,344.125,-58.500,0.148,0.141,0.734,-3.414,-1.805,-4.223,2.738,2.854,1.227,1.329,0,NULL,NULL,,3,0,2,7,255,1406,250,0,0
stim,196650,226771,0,226771,3424054.453,-0.678,0.065,-0.229,0.695,0,0,1,0,0,0,0,165,43,0.967,1,2238,0,407.155,3.914,216.813,341.125,-49.000,0.113,0.215,0.828,-3.469,-1.813,-3.387,2.760,2.876,1.227,1.329,0,NULL,NULL,,3,0,2,7,255,1406,250,0,0
stim,196650,226771,0,226771,3424059.457,-0.682,0.062,-0.212,0.697,0,0,0,0,0,0,0,161,43,0.967,1,2238,0,412.030,4.790,235.625,336.313,-33.813,0.094,0.250,1.000,-4.219,-2.270,-2.785,2.784,2.902,1.227,1.329,0,NULL,NULL,,3,0,2,7,255,1406,250,0,0
stim,196650,226771,0,226771,3424064.454,-0.686,0.060,-0.195,0.699,0,0,0,0,0,0,0,157,43,0.967,1,2238,0,415.084,5.574,246.438,333.438,-19.563,0.047,0.262,1.230,-4.789,-2.852,-1.293,2.810,2.928,1.227,1.329,0,NULL,NULL,,3,0,2,7,255,1406,250,0,0
stim,196650,226771,0,226771,3424069.455,-0.688,0.057,-0.177,0.701,0,0,0,0,0,0,0,159,43,0.967,1,2238,0,410.221,6.449,244.188,329.375,-12.875,-0.082,0.289,1.480,-5.207,-3.805,0.754,2.838,2.956,1.227,1.329,0,NULL,NULL,,3,0,2,7,255,1406,250,0,0
stim,196650,226771,0,226771,3424074.454,-0.691,0.054,-0.160,0.703,0,0,0,0,0,0,0,157,43,0.967,1,2238,0,399.299,7.864,228.375,327.063,-17.750,-0.156,0.285,1.723,-5.633,-5.488,2.797,2.868,2.986,1.227,1.329,0,NULL,NULL,,3,0,2,7,255,1406,250,0,0
stim,196650,226771,0,226771,3424079.455,-0.694,0.051,-0.144,0.704,0,0,0,0,0,0,0,155,43,0.967,1,2238,0,381.156,8.287,199.500,323.813,-25.000,-0.117,0.254,1.844,-5.633,-6.078,5.055,2.898,3.018,1.227,1.329,0,NULL,NULL,,3,0,2,7,255,1406,250,0,0
stim,196650,226771,0,226771,3424084.453,-0.696,0.046,-0.129,0.704,0,0,0,0,0,0,0,153,43,0.967,1,2238,0,366.361,8.124,175.000,320.875,-25.188,-0.129,0.270,1.918,-5.391,-6.078,6.621,2.928,3.048,1.227,1.329,0,NULL,NULL,,3,0,2,7,255,1406,250,0,0
stim,196650,226771,0,226771,3424089.455,-0.699,0.041,-0.115,0.704,0,0,0,0,0,0,0,153,43,0.967,1,2238,0,353.670,8.066,150.625,318.375,-32.125,-0.184,0.285,1.969,-5.391,-6.000,7.520,2.956,3.076,1.227,1.329,0,NULL,NULL,,3,0,2,7,255,1406,250,0,0
stim,196650,226771,0,226771,3424094.454,-0.702,0.036,-0.102,0.704,0,0,0,0,0,0,0,153,43,0.967,1,2238,0,342.391,7.982,119.500,318.000,-42.750,-0.129,0.234,2.008,-5.391,-5.887,8.094,2.982,3.102,1.227,1.329,0,NULL,NULL,,3,0,2,7,255,1406,250,0,0
stim,196650,226771,0,226771,3424099.455,-0.705,0.029,-0.089,0.703,0,0,0,0,0,0,0,155,43,0.967,1,2238,0,329.523,6.955,85.063,315.438,-43.000,-0.082,0.199,1.906,-4.785,-5.047,8.133,3.004,3.124,1.227,1.329,0,NULL,NULL,,3,0,2,7,255,1406,250,0,0
stim,196668,226789,0,226789,3424104.453,-0.708,0.021,-0.078,0.702,0,0,1,0,0,0,0,153,43,0.967,1,2238,0,321.801,5.722,61.750,312.750,-43.938,-0.094,0.199,1.762,-4.195,-3.891,8.133,3.022,3.142,1.227,1.329,0,NULL,NULL,,3,0,2,7,255,1406,250,0,0
stim,196668,226789,0,226789,3424109.455,-0.710,0.014,-0.066,0.701,0,0,1,0,0,0,0,157,43,0.967,1,2238,0,317.668,5.166,53.500,309.063,-50.313,-0.047,0.117,1.563,-3.957,-3.320,6.852,3.036,3.154,1.227,1.329,0,NULL,NULL,,3,0,2,7,255,1406,250,0,0
stim,196668,226789,0,226789,3424114.454,-0.713,0.007,-0.055,0.699,0,0,5,0,0,0,0,169,43,0.967,1,2238,0,314.398,3.598,56.688,304.938,-51.438,-0.008,0.074,1.488,-2.859,-2.184,5.133,3.046,3.166,1.227,1.329,0,NULL,NULL,,3,0,2,7,255,1406,250,0,0
stim,196668,226789,0,226789,3424119.455,-0.715,-0.000,-0.043,0.697,0,0,9,0,0,0,0,174,43,0.967,1,2238,0,310.346,2.644,61.688,300.500,-47.000,0.031,0.055,1.430,-2.281,-1.336,4.555,3.054,3.174,1.227,1.329,0,NULL,NULL,,3,0,2,7,255,1406,250,0,0
stim,196691,226812,0,226812,3424124.454,-0.717,-0.007,-0.032,0.696,0,0,2,0,0,0,0,172,43,0.967,1,2238,0,307.042,2.090,68.188,296.563,-40.938,0.031,0.074,1.402,-2.012,-0.566,4.086,3.060,3.178,1.227,1.329,0,NULL,NULL,,3,0,2,7,255,1406,250,0,0
stim,196691,226812,0,226812,3424129.455,-0.719,-0.013,-0.020,0.694,0,0,5,0,0,0,0,176,43,0.967,1,2238,0,304.657,1.927,84.438,290.438,-36.500,-0.004,0.082,1.344,-1.918,-0.188,3.832,3.062,3.180,1.227,1.329,0,NULL,NULL,,3,0,2,7,255,1406,250,0,0
stim,196691,226812,0,226812,3424134.454,-0.721,-0.018,-0.008,0.693,0,0,3,0,0,0,0,173,43,0.967,1,2238,0,304.901,1.924,105.688,284.188,-32.125,-0.004,0.086,1.391,-1.918,-0.148,3.746,3.062,3.182,1.227,1.329,0,NULL,NULL,,3,0,2,7,255,1406,250,0,0
stim,196691,226812,0,226812,3424139.455,-0.722,-0.023,0.004,0.692,0,0,4,0,0,0,0,175,43,0.967,1,2238,0,304.019,1.926,120.000,278.063,-26.625,0.012,0.117,1.496,-1.918,0.176,3.746,3.062,3.180,1.227,1.329,0,NULL,NULL,,3,0,2,7,255,1406,250,0,0
stim,196700,226821,0,226821,3424144.453,-0.723,-0.026,0.017,0.691,0,0,5,0,0,0,0,175,43,0.967,1,2238,0,302.131,2.167,131.250,271.688,-15.563,0.023,0.180,1.570,-2.051,0.699,4.742,3.058,3.176,1.227,1.329,0,NULL,NULL,,3,0,2,7,255,1406,250,0,0
stim,196700,226821,0,226821,3424149.455,-0.723,-0.030,0.030,0.690,0,0,9,0,0,0,0,175,43,0.967,1,2238,0,301.915,2.723,146.125,264.125,-6.188,0.023,0.195,1.602,-2.430,1.230,5.426,3.052,3.170,1.227,1.329,0,NULL,NULL,,3,0,2,7,255,1406,250,0,0
stim,196751,226872,0,226872,3424154.454,-0.723,-0.032,0.043,0.689,0,0,9,0,0,0,0,183,43,0.967,1,2238,0,302.863,2.980,155.500,259.875,-3.250,0.020,0.266,1.797,-2.508,1.609,5.750,3.042,3.158,1.227,1.329,0,NULL,NULL,,3,0,2,7,255,1406,250,0,0
stim,196751,226872,0,226872,3424159.455,-0.723,-0.035,0.055,0.688,0,0,8,0,0,0,0,176,43,0.967,1,2238,0,297.402,3.563,152.313,255.438,-0.625,0.090,0.289,1.891,-2.848,2.141,7.621,3.026,3.142,1.227,1.329,0,NULL,NULL,,3,0,2,7,255,1406,250,0,0
stim,196751,226872,0,226872,3424164.453,-0.722,-0.037,0.068,0.687,0,0,11,0,0,0,0,175,43,0.967,1,2238,0,298.343,4.383,159.188,252.063,11.500,0.191,0.262,1.863,-2.848,3.332,7.969,3.006,3.120,1.227,1.329,0,NULL,NULL,,3,0,2,7,255,1406,250,0,0
stim,196751,226872,0,226872,3424169.455,-0.721,-0.040,0.081,0.687,0,0,12,0,0,0,0,169,43,0.967,1,2238,0,302.855,5.315,169.875,249.563,24.125,0.184,0.324,1.996,-2.563,4.656,8.438,2.980,3.094,1.227,1.329,0,NULL,NULL,,3,0,2,7,255,1406,250,0,0
stim,196751,226872,0,226872,3424174.454,-0.720,-0.042,0.094,0.686,0,0,17,0,0,0,0,176,43,0.967,1,2238,0,302.258,5.664,170.250,248.313,26.750,0.258,0.324,2.047,-2.266,5.191,9.223,2.952,3.064,1.227,1.329,0,NULL,NULL,,3,0,2,7,255,1406,250,0,0
stim,196751,226872,0,226872,3424179.455,-0.719,-0.043,0.107,0.686,0,0,17,0,0,0,0,171,43,0.967,1,2238,0,304.953,6.803,172.500,248.813,36.500,0.383,0.348,2.113,-2.211,6.434,9.504,2.918,3.030,1.227,1.329,0,NULL,NULL,,3,0,2,7,255,1406,250,0,0
stim,196751,226872,0,226872,3424184.453,-0.717,-0.046,0.120,0.686,0,0,18,0,0,0,0,173,43,0.967,1,2238,0,302.592,8.454,165.313,249.188,46.250,0.441,0.422,2.227,-2.211,8.160,9.781,2.880,2.990,1.227,1.329,0,NULL,NULL,,3,0,2,7,255,1406,250,0,0
stim,196751,226872,0,226872,3424189.455,-0.714,-0.048,0.133,0.686,0,0,17,0,0,0,0,168,43,0.967,1,2238,0,300.392,9.636,155.313,250.813,56.625,0.563,0.324,2.188,-2.039,9.418,9.781,2.840,2.948,1.227,1.329,0,NULL,NULL,,3,0,2,7,255,1406,250,0,0
stim,196751,226872,0,226872,3424194.453,-0.711,-0.050,0.145,0.686,0,0,13,0,0,0,0,170,43,0.967,1,2238,0,307.662,10.889,160.313,250.625,78.375,0.594,0.223,2.129,-1.148,10.828,9.684,2.796,2.902,1.227,1.329,0,NULL,NULL,,3,0,2,7,255,1406,250,0,0
stim,196751,226872,0,226872,3424199.455,-0.707,-0.052,0.158,0.687,0,0,13,0,0,0,0,159,43,0.967,1,2238,0,315.906,11.352,167.563,250.813,93.875,0.551,0.238,2.223,0.059,11.352,9.531,2.742,2.844,1.227,1.329,0,NULL,NULL,,3,0,2,7,255,1406,250,0,0
stim,196751,226872,0,226872,3424204.454,-0.702,-0.052,0.173,0.689,0,0,17,0,0,0,0,175,43,0.967,1,2238,0,340.387,11.592,216.813,234.313,118.125,0.391,0.363,2.805,0.227,11.590,9.531,2.684,2.786,1.227,1.329,0,NULL,NULL,,3,0,2,7,255,1406,250,0,0
stim,196751,226872,0,226872,3424209.455,-0.698,-0.051,0.186,0.690,0,0,10,0,0,0,0,181,43,0.967,1,2238,0,321.802,12.311,210.375,212.875,118.250,0.723,0.609,3.500,0.227,12.309,15.285,2.626,2.726,1.227,1.329,0,NULL,NULL,,3,0,2,7,255,1406,250,0,0
stim,196784,226905,0,226905,3424214.453,-0.694,-0.059,0.193,0.691,0,0,12,0,0,0,0,185,43,0.967,1,2238,0,267.773,14.658,-26.625,262.500,45.688,0.758,-0.250,2.270,0.227,14.656,15.285,2.572,2.668,1.227,1.329,0,NULL,NULL,,3,0,2,7,255,1406,250,0,0
stim,196784,226905,0,226905,3424219.455,-0.689,-0.068,0.200,0.693,0,0,13,0,0,0,0,192,43,0.967,1,2238,0,286.256,14.670,-54.250,266.938,88.000,1.012,0.027,0.949,0.629,14.656,7.754,2.516,2.610,1.227,1.329,0,NULL,NULL,,3,0,2,7,255,1406,250,0,0
stim,196784,226905,0,226905,3424224.454,-0.684,-0.072,0.211,0.694,0,0,18,0,0,0,0,191,43,0.967,1,2238,0,306.492,12.637,114.625,257.563,120.250,0.953,0.297,0.793,0.629,12.621,-4.930,2.456,2.546,1.227,1.329,0,NULL,NULL,,3,0,2,7,255,1406,250,0,0
stim,196784,226905,0,226905,3424229.455,-0.679,-0.070,0.227,0.695,0,0,18,0,0,0,0,207,43,0.967,1,2238,0,371.938,12.637,256.063,237.188,128.500,0.762,-0.066,1.828,0.629,12.621,-4.930,2.394,2.480,1.227,1.329,0,NULL,NULL,,3,0,2,7,255,1406,250,0,0
stim,196804,226925,0,226925,3424234.453,-0.674,-0.070,0.240,0.695,0,0,19,0,0,0,0,223,43,0.967,1,2238,0,331.469,14.484,211.188,227.375,116.500,0.672,-0.648,2.383,3.238,14.117,3.055,2.332,2.416,1.227,1.329,0,NULL,NULL,,3,0,2,7,255,1406,250,0,0
stim,196804,226925,0,226925,3424239.455,-0.669,-0.072,0.251,0.696,0,0,19,0,0,0,0,243,43,0.967,1,2238,0,274.969,17.591,114.938,221.813,114.875,0.766,-0.672,1.883,9.359,14.895,3.055,2.272,2.356,1.227,1.329,0,NULL,NULL,,3,0,2,7,255,1406,250,0,0
stim,196804,226925,0,226925,3424244.454,-0.663,-0.074,0.261,0.698,0,0,20,0,0,0,0,254,43,0.967,1,2238,0,272.582,17.591,116.563,210.813,127.563,0.793,-0.258,1.227,9.359,14.895,1.512,2.214,2.294,1.227,1.329,0,NULL,NULL,,3,0,2,7,255,1406,250,0,0
stim,196804,226925,0,226925,3424249.455,-0.657,-0.073,0.273,0.699,0,0,22,0,0,0,0,278,43,0.967,1,2238,0,302.351,13.074,186.813,195.813,134.813,0.730,-0.238,1.188,4.066,12.426,-3.574,2.152,2.230,1.227,1.329,0,NULL,NULL,,3,0,2,7,255,1406,250,0,0
stim,196851,226972,0,226972,3424254.453,-0.652,-0.071,0.286,0.699,0,0,23,0,0,0,0,295,43,0.967,1,2238,0,325.958,13.019,240.000,178.500,129.563,0.563,-0.598,1.578,4.066,12.367,-3.574,2.082,2.158,1.227,1.329,0,NULL,NULL,,3,0,2,7,255,1406,250,0,0
stim,196851,226972,0,226972,3424259.455,-0.648,-0.068,0.298,0.698,0,0,23,0,0,0,0,313,43,0.967,1,2238,0,293.952,15.018,223.438,166.063,94.375,0.512,-0.773,1.957,8.520,12.367,-1.141,2.008,2.084,1.227,1.329,0,NULL,NULL,,3,0,2,7,255,1406,250,0,0
stim,196851,226972,0,226972,3424264.454,-0.645,-0.067,0.308,0.697,0,0,25,0,0,0,0,343,43,0.967,1,2238,0,251.985,17.697,190.500,152.438,63.000,0.688,-0.723,1.977,10.875,13.961,0.371,1.932,2.008,1.227,1.329,0,NULL,NULL,,3,0,2,7,255,1406,250,0,0
stim,196851,226972,0,226972,3424269.455,-0.642,-0.066,0.317,0.695,0,0,23,0,0,0,0,360,43,0.967,1,2238,0,227.352,19.088,175.375,138.750,41.000,0.887,-0.637,1.898,10.875,15.688,0.371,1.850,1.926,1.227,1.329,0,NULL,NULL,,3,0,2,7,255,1406,250,0,0
stim,196851,226972,0,226972,3424274.454,-0.640,-0.065,0.326,0.693,0,0,24,0,0,0,0,380,43,0.967,1,2238,0,208.350,19.631,162.188,128.125,26.250,1.125,-0.664,1.906,9.680,17.078,-1.320,1.760,1.836,1.227,1.329,0,NULL,NULL,,3,0,2,7,255,1406,250,0,0
stim,196851,226972,0,226972,3424279.455,-0.639,-0.064,0.333,0.691,0,0,21,0,0,0,0,407,43,0.967,1,2238,0,181.728,21.477,137.813,118.000,10.438,1.242,-0.711,1.848,9.680,19.172,-2.859,1.668,1.742,1.227,1.329,0,NULL,NULL,,3,0,2,7,255,1406,250,0,0
stim,196851,226972,0,226972,3424284.454,-0.638,-0.065,0.340,0.688,0,0,21,0,0,0,0,419,43,0.967,1,2238,0,156.348,22.169,112.688,108.000,-9.063,1.480,-0.836,1.715,9.852,19.859,-4.422,1.570,1.644,1.227,1.329,0,NULL,NULL,,3,0,2,7,255,1406,250,0,0
stim,196851,226972,0,226972,3424289.455,-0.637,-0.065,0.345,0.686,0,0,21,0,0,0,0,436,43,0.967,1,2238,0,138.975,23.471,98.000,94.625,-27.500,1.656,-0.961,1.555,10.262,21.109,-7.406,1.468,1.540,1.227,1.329,0,NULL,NULL,,3,0,2,7,255,1406,250,0,0
stim,196851,226972,0,226972,3424294.453,-0.638,-0.066,0.350,0.683,0,0,19,0,3,0,0,445,43,0.967,1,2238,0,131.705,24.085,93.313,79.250,-48.563,1.875,-1.086,1.398,10.645,21.605,-10.223,1.362,1.432,1.227,1.329,0,NULL,NULL,,3,0,2,7,255,1406,250,0,0
stim,196851,226972,0,226972,3424299.455,-0.639,-0.065,0.354,0.679,0,0,23,0,12,0,0,458,43,0.967,1,2238,0,130.904,24.985,103.000,57.500,-56.750,2.055,-1.199,1.324,11.039,22.414,-13.238,1.254,1.322,1.227,1.329,0,NULL,NULL,,3,0,2,7,255,1406,250,0,0
stim,196871,226992,0,226992,3424304.454,-0.641,-0.064,0.358,0.676,0,0,25,0,8,0,0,463,43,0.967,1,2238,0,132.644,26.026,116.188,33.938,-54.250,2.133,-1.176,1.391,11.617,23.289,-15.379,1.146,1.208,1.227,1.329,0,NULL,NULL,,3,0,2,7,255,1406,250,0,0
stim,196871,226992,0,226992,3424309.455,-0.642,-0.061,0.362,0.673,0,0,23,0,9,0,0,461,43,0.967,1,2238,0,129.584,26.822,122.938,6.938,-40.375,2.098,-1.047,1.574,11.617,24.176,-15.379,1.042,1.098,1.227,1.329,0,NULL,NULL,,3,0,2,7,255,1406,250,0,0
stim,196871,226992,0,226992,3424314.453,-0.644,-0.058,0.365,0.670,0,0,23,0,7,0,0,461,43,0.967,1,2238,0,119.272,26.957,113.688,-22.188,-28.438,1.848,-0.781,1.836,11.379,24.438,-13.582,0.942,0.988,1.227,1.329,0,NULL,NULL,,3,0,2,7,255,1406,250,0,0
stim,196871,226992,0,226992,3424319.455,-0.646,-0.055,0.366,0.668,0,0,23,0,0,0,0,459,43,0.967,1,2238,0,100.468,26.595,81.438,-48.063,-33.938,1.605,-0.559,2.078,10.492,24.438,-9.434,0.848,0.882,1.227,1.329,0,NULL,NULL,,3,0,2,7,255,1406,250,0,0
stim,196901,227022,0,227022,3424324.454,-0.648,-0.052,0.364,0.667,0,0,24,0,2,0,0,465,43,0.967,1,2238,0,89.365,25.908,32.563,-71.625,-42.375,1.371,-0.457,2.199,10.004,23.898,-5.535,0.764,0.782,1.227,1.329,0,NULL,NULL,,3,0,2,7,255,1406,250,0,0
stim,196901,227022,0,227022,3424329.455,-0.651,-0.051,0.361,0.666,0,0,26,0,0,0,0,467,43,0.967,1,2238,0,106.481,24.747,-24.750,-87.438,-55.500,1.203,-0.438,2.141,9.938,22.664,-2.891,0.686,0.688,1.227,1.329,0,NULL,NULL,,3,0,2,7,255,1406,250,0,0
stim,196901,227022,0,227022,3424334.453,-0.654,-0.051,0.356,0.665,0,0,16,0,0,0,0,467,43,0.967,1,2238,0,141.871,23.140,-75.000,-99.688,-67.563,0.973,-0.375,1.980,9.918,20.906,-2.199,0.618,0.600,1.227,1.329,0,NULL,NULL,,3,0,2,7,255,1406,250,0,0
stim,196901,227022,0,227022,3424339.455,-0.658,-0.051,0.350,0.665,0,0,11,84,0,0,0,557,43,0.967,1,2238,0,151.608,20.665,-68.750,-116.875,-67.813,0.477,-0.727,2.219,9.918,18.129,-1.684,0.556,0.516,1.227,1.329,0,NULL,NULL,,3,0,2,7,255,1406,250,0,0
stim,196901,227022,0,227022,3424344.453,-0.655,-0.033,0.351,0.668,473,0,2,793,0,48,0,599,43,0.967,1,2238,0,421.401,22.779,247.063,-262.500,218.250,0.113,0.426,5.262,13.793,18.129,1.605,0.508,0.434,1.227,1.329,0,NULL,NULL,,3,0,2,7,255,1406,250,0,0
stim,196901,227022,0,227022,3424349.455,-0.649,-0.035,0.335,0.682,1081,0,0,1316,0,231,0,635,43,0.967,1,2238,0,503.985,21.530,-389.625,-158.375,277.688,-0.887,1.730,4.680,13.793,16.531,30.746,0.472,0.362,1.227,1.329,0,NULL,NULL,,3,0,2,7,255,1406,250,0,0
stim,196946,227067,0,227067,3424354.454,-0.643,-0.051,0.308,0.699,1573,0,0,1719,0,477,0,728,43,0.967,1,2238,0,827.973,16.664,-793.500,-143.938,187.563,-0.852,2.242,1.094,2.098,16.531,30.746,0.454,0.304,1.227,1.329,0,NULL,NULL,,3,0,2,7,255,1406,250,0,0
stim,196946,227067,0,227067,3424359.458,-0.639,-0.062,0.286,0.711,1955,0,0,1931,0,627,0,783,43,0.967,1,2239,0,635.880,16.319,-604.750,-132.375,145.250,-1.086,1.805,-1.324,-16.203,-1.938,10.324,0.466,0.284,1.227,1.329,1,1394.000,-12.000,,3,0,2,7,255,1406,250,0,0
stim,196946,227067,0,227067,3424364.453,-0.638,-0.065,0.275,0.717,2167,0,0,2041,0,788,0,842,43,0.967,1,2239,0,298.375,22.377,-266.688,-121.500,56.063,-1.051,1.047,-1.250,-16.203,-15.434,-10.520,0.498,0.308,1.227,1.329,1,NULL,NULL,,3,0,2,7,255,1406,250,0,0
stim,196946,227067,0,227067,3424369.455,-0.639,-0.061,0.271,0.717,2333,0,0,2139,0,953,0,911,43,0.967,1,2239,0,132.063,18.869,-9.875,-131.688,1.250,-0.387,0.418,0.199,-10.855,-15.434,-10.520,0.532,0.342,1.227,1.329,1,NULL,NULL,,3,0,2,7,255,1406,250,0,0
stim,196946,227067,0,227067,3424374.454,-0.639,-0.057,0.267,0.719,2491,0,0,2285,0,1066,0,964,43,0.967,1,2239,0,132.399,5.360,-18.563,-121.000,50.438,0.188,0.816,1.531,-4.621,-2.715,-5.344,0.560,0.374,1.227,1.329,1,NULL,NULL,,3,0,2,7,255,1406,250,0,0
stim,196946,227067,0,227067,3424379.455,-0.636,-0.056,0.260,0.725,2657,0,0,2504,0,1133,0,981,43,0.967,1,2239,0,219.147,7.365,-128.813,-119.875,130.625,-0.102,1.332,1.738,-4.621,5.734,4.582,0.580,0.394,1.227,1.329,1,NULL,NULL,,3,0,2,7,255,1406,250,0,0
stim,196946,227067,0,227067,3424384.453,-0.630,-0.056,0.249,0.734,2775,0,0,2663,0,1097,0,1004,43,0.967,1,2239,0,354.698,7.365,-251.000,-141.375,206.938,-1.535,0.000,1.133,-4.621,5.734,5.902,0.588,0.404,1.227,1.329,2,NULL,NULL,,3,0,2,7,255,1406,250,0,0
stim,196946,227067,0,227067,3424389.455,-0.626,-0.058,0.234,0.742,2845,0,0,2765,0,1069,0,1083,43,0.967,1,2239,0,404.209,10.151,-338.313,-163.375,149.125,-2.086,-0.980,0.344,5.172,-8.734,5.902,0.582,0.406,1.227,1.329,2,NULL,NULL,,3,0,2,7,255,1406,250,0,0
stim,196946,227067,0,227067,3424394.454,-0.628,-0.059,0.222,0.744,2923,0,0,2857,0,1031,0,1151,43,0.967,1,2239,0,281.047,17.068,-222.125,-168.500,-35.438,-1.512,-0.754,-0.422,9.406,-14.242,-1.418,0.558,0.400,1.227,1.329,2,NULL,NULL,,3,0,2,7,255,1406,250,0,0
stim,196946,227067,0,227067,3424399.455,-0.632,-0.056,0.215,0.742,2956,0,0,2935,0,997,0,1209,43,0.967,1,2239,0,206.260,17.068,-54.000,-171.688,-100.750,-0.297,-0.184,0.391,9.406,-14.242,-5.695,0.526,0.394,1.227,1.329,2,NULL,NULL,,3,0,2,7,255,1406,250,0,0
stim,196980,227101,0,227101,3424404.453,-0.637,-0.051,0.211,0.740,2985,0,0,2987,0,964,0,1253,43,0.967,1,2239,0,189.708,4.100,12.688,-169.188,-84.875,0.484,-0.270,1.500,3.977,-1.000,-5.695,0.496,0.386,1.227,1.329,2,NULL,NULL,,3,0,2,7,255,1406,250,0,0
stim,196980,227101,0,227101,3424409.455,-0.638,-0.047,0.205,0.741,3067,0,0,3032,0,967,0,1285,43,0.967,1,2239,0,156.246,10.874,-36.125,-151.188,-15.813,0.609,-0.738,1.934,3.977,10.121,1.402,0.470,0.372,1.227,1.329,2,NULL,NULL,,3,0,2,7,255,1406,250,0,0
stim,196980,227101,0,227101,3424414.454,-0.638,-0.046,0.197,0.743,3041,0,0,3079,0,1019,0,1316,43,0.967,1,2239,0,194.479,12.991,-133.938,-137.313,32.063,0.324,-0.656,1.711,8.145,10.121,3.348,0.442,0.344,1.227,1.329,2,NULL,NULL,,3,0,2,7,255,1406,250,0,0
stim,196980,227101,0,227101,3424419.455,-0.636,-0.047,0.188,0.747,3061,0,0,3102,7,1127,0,1351,43,0.967,1,2239,0,238.543,12.534,-188.000,-127.000,73.688,0.117,-0.621,0.824,8.145,9.527,3.348,0.408,0.310,1.227,1.329,2,NULL,NULL,,3,0,2,7,255,1406,250,0,0
stim,196980,227102,0,227102,3424424.454,-0.633,-0.046,0.180,0.751,3059,0,0,3123,84,1247,0,1404,43,0.967,1,2239,0,221.513,8.109,-148.938,-128.875,101.375,-0.348,-0.570,0.422,6.730,4.523,-3.797,0.372,0.274,1.227,1.329,2,NULL,NULL,,3,0,2,7,255,1406,250,0,0
stim,196980,227102,0,227102,3424429.455,-0.632,-0.044,0.173,0.754,3065,0,0,3147,185,1382,0,1463,43,0.967,1,2239,0,172.252,6.823,-92.750,-130.000,64.563,-0.887,-0.453,0.855,6.730,-1.117,-3.797,0.332,0.240,1.227,1.329,2,NULL,NULL,,3,0,2,7,255,1406,250,0,0
stim,196998,227119,0,227119,3424434.453,-0.633,-0.041,0.167,0.755,3081,0,0,3155,331,1508,0,1548,43,0.967,1,2239,0,149.304,6.771,-73.500,-128.563,-19.000,-0.559,-0.184,1.066,6.531,-1.785,-0.203,0.298,0.218,1.227,1.329,2,NULL,NULL,,3,0,2,7,255,1406,250,0,0
stim,196998,227119,0,227119,3424439.455,-0.635,-0.039,0.162,0.754,3082,0,0,3163,468,1629,0,1618,43,0.967,1,2239,0,135.443,4.348,-46.563,-121.875,-36.375,0.016,0.070,1.090,3.965,-1.785,0.422,0.274,0.200,1.227,1.329,2,NULL,NULL,,3,0,2,7,255,1406,250,0,0
stim,196998,227119,0,227119,3424444.454,-0.636,-0.037,0.157,0.754,3080,0,0,3176,597,1739,0,1671,43,0.967,1,2239,0,132.966,3.295,-62.250,-115.938,-19.063,0.012,0.023,1.363,1.176,3.078,1.262,0.254,0.184,1.227,1.329,2,NULL,NULL,,3,0,2,7,255,1406,250,0,0
stim,196998,227119,0,227119,3424449.455,-0.637,-0.036,0.151,0.755,3095,0,0,3179,691,1839,0,1715,43,0.967,1,2239,0,147.515,3.548,-100.063,-107.750,-11.750,-0.016,-0.195,1.230,1.176,3.348,1.480,0.240,0.170,1.227,1.329,2,NULL,NULL,,3,0,2,7,255,1406,250,0,0
stim,197052,227173,0,227173,3424454.453,-0.638,-0.036,0.144,0.756,3091,0,0,3175,760,1909,0,1749,43,0.967,1,2239,0,151.096,4.650,-113.375,-99.875,-1.000,0.043,-0.453,0.957,3.102,3.465,1.480,0.232,0.154,1.227,1.329,2,NULL,NULL,,3,0,2,7,255,1406,250,0,0
stim,197052,227173,0,227173,3424459.455,-0.637,-0.035,0.138,0.757,3094,0,0,3181,800,1977,0,1773,43,0.967,1,2239,0,136.051,6.095,-95.250,-96.500,11.188,-0.020,-0.559,0.789,5.094,3.348,-1.531,0.226,0.142,1.227,1.329,2,NULL,NULL,,3,0,2,7,255,1406,250,0,0
stim,197052,227173,0,227173,3424464.454,-0.637,-0.034,0.134,0.758,3093,0,0,3179,861,2065,5,1803,43,0.967,1,2239,0,112.945,5.691,-59.750,-94.438,16.375,-0.059,-0.359,0.801,5.094,2.539,-2.551,0.220,0.130,1.227,1.329,2,NULL,NULL,,3,0,2,7,255,1406,250,0,0
stim,197052,227173,0,227173,3424469.455,-0.637,-0.032,0.130,0.759,3099,0,0,3183,988,2133,58,1897,43,0.967,1,2239,0,99.836,4.566,-36.000,-91.250,18.563,-0.074,-0.043,0.973,4.172,1.855,-2.551,0.218,0.122,1.227,1.329,2,NULL,NULL,,3,0,2,7,255,1406,250,0,0
stim,197052,227173,0,227173,3424474.454,-0.637,-0.029,0.126,0.760,3103,0,0,3181,1094,2198,141,1983,43,0.967,1,2239,0,89.404,2.266,-27.250,-84.063,13.563,-0.043,0.180,1.301,1.301,1.855,-0.469,0.222,0.116,1.227,1.329,2,NULL,NULL,,3,0,2,7,255,1406,250,0,0
stim,197052,227173,0,227173,3424479.455,-0.638,-0.028,0.124,0.760,3096,0,0,3183,1223,2257,151,2068,43,0.967,1,2239,0,51.926,2.204,-18.125,-47.125,-12.125,0.199,0.332,1.523,-0.625,2.113,2.867,0.228,0.106,1.227,1.329,2,NULL,NULL,,3,0,2,7,255,1406,250,0,0
stim,197052,227173,0,227173,3424484.454,-0.638,-0.028,0.122,0.760,3099,0,0,3181,1277,2283,159,2107,43,0.967,1,2239,0,49.518,5.168,-32.688,-36.875,-4.875,0.336,0.578,1.188,-2.375,4.590,2.867,0.242,0.094,1.227,1.329,2,NULL,NULL,,3,0,2,7,255,1406,250,0,0
stim,197052,227173,0,227173,3424489.455,-0.638,-0.028,0.121,0.760,3098,0,0,3183,1335,2313,166,2139,43,0.967,1,2239,0,39.644,7.012,-25.938,-29.688,-4.188,0.070,0.672,1.320,-5.301,4.590,3.430,0.260,0.078,1.227,1.329,2,NULL,NULL,,3,0,2,7,255,1406,250,0,0
stim,197052,227173,0,227173,3424494.453,-0.639,-0.029,0.118,0.760,3097,0,0,3173,1405,2333,169,2188,43,0.967,1,2239,0,68.865,5.790,-60.438,-18.813,-27.125,-0.273,0.270,1.379,-5.301,2.328,3.430,0.278,0.062,1.227,1.329,2,NULL,NULL,,3,0,2,7,255,1406,250,0,0
stim,197052,227173,0,227173,3424499.455,-0.640,-0.031,0.115,0.759,3108,9,0,3185,1449,2349,167,2223,43,0.967,1,2239,0,95.127,1.180,-82.500,-15.500,-44.750,-0.164,0.078,0.930,-1.164,0.195,3.430,0.294,0.052,1.227,1.329,2,NULL,NULL,,3,0,2,7,255,1406,250,0,0
stim,197073,227194,0,227194,3424504.454,-0.642,-0.032,0.112,0.757,3095,37,0,3175,1516,2361,167,2253,43,0.967,1,2239,0,83.542,0.323,-57.063,-12.375,-59.750,-0.145,0.102,0.906,-0.258,0.195,-0.551,0.304,0.046,1.227,1.329,2,NULL,NULL,,3,0,2,7,255,1406,250,0,0
stim,197073,227194,0,227194,3424509.455,-0.645,-0.033,0.111,0.756,3101,42,0,3185,1559,2386,169,2292,43,0.967,1,2239,0,77.108,0.362,-36.313,-11.750,-67.000,-0.027,0.176,0.977,-0.258,0.254,-0.551,0.312,0.044,1.227,1.329,2,NULL,NULL,,3,0,2,7,255,1406,250,0,0
stim,197073,227194,0,227194,3424514.454,-0.647,-0.034,0.109,0.754,3095,60,0,3179,1567,2405,175,2302,43,0.967,1,2239,0,65.181,1.803,-26.688,-12.563,-58.125,0.047,0.230,1.063,-1.156,1.383,-0.258,0.322,0.040,1.227,1.329,2,NULL,NULL,,3,0,2,7,255,1406,250,0,0
stim,197073,227194,0,227194,3424519.455,-0.648,-0.035,0.107,0.753,3101,71,0,3181,1624,2421,179,2335,43,0.967,1,2239,0,65.741,2.672,-47.938,-3.188,-44.875,0.035,0.215,1.289,-1.512,2.203,0.473,0.332,0.038,1.227,1.329,2,NULL,NULL,,3,0,2,7,255,1406,250,0,0
stim,197073,227194,0,227194,3424524.454,-0.649,-0.037,0.104,0.753,3102,77,0,3183,1655,2438,175,2344,43,0.967,1,2239,0,96.688,2.672,-89.813,2.938,-35.688,-0.070,0.133,1.160,-1.512,2.203,1.535,0.340,0.036,1.227,1.329,2,NULL,NULL,,3,0,2,7,255,1406,250,0,0
stim,197073,227194,0,227194,3424529.455,-0.650,-0.040,0.102,0.752,3097,103,0,3189,1650,2454,183,2357,43,0.967,1,2239,0,91.426,1.550,-83.063,1.063,-38.188,-0.133,0.012,0.723,-0.723,1.371,1.535,0.346,0.034,1.227,1.329,2,NULL,NULL,,3,0,2,7,255,1406,250,0,0
stim,197104,227225,0,227225,3424534.454,-0.651,-0.041,0.100,0.751,3099,117,2,3189,1735,2460,184,2377,43,0.967,1,2239,0,54.176,0.381,-36.938,0.750,-39.625,-0.133,-0.035,0.762,0.309,0.223,-2.270,0.352,0.032,1.227,1.329,2,NULL,NULL,,3,0,2,7,255,1406,250,0,0
stim,197104,227225,0,227225,3424539.455,-0.653,-0.042,0.099,0.750,3107,157,26,3193,1757,2473,183,2391,43,0.967,1,2239,0,40.429,0.501,-15.813,-1.250,-37.188,-0.137,0.000,1.012,0.449,0.223,-2.270,0.356,0.032,1.227,1.329,2,NULL,NULL,,3,0,2,7,255,1406,250,0,0
stim,197104,227225,0,227225,3424544.453,-0.654,-0.042,0.098,0.749,3092,184,67,3192,1788,2485,201,2401,43,0.967,1,2239,0,40.030,0.767,-23.063,-1.438,-32.688,-0.125,0.031,1.082,0.449,0.621,0.137,0.360,0.030,1.227,1.329,2,NULL,NULL,,3,0,2,7,255,1406,250,0,0
stim,197104,227225,0,227225,3424549.455,-0.655,-0.043,0.097,0.749,3095,192,100,3198,1823,2500,205,2421,43,0.967,1,2239,0,44.131,0.745,-32.813,-0.813,-29.500,-0.133,0.012,1.027,0.313,0.676,0.316,0.362,0.028,1.227,1.329,2,NULL,NULL,,3,0,2,7,255,1406,250,0,0
stim,197150,227271,0,227271,3424554.454,-0.655,-0.044,0.096,0.748,3099,218,121,3205,1855,2495,217,2422,43,0.967,1,2239,0,40.101,0.834,-28.938,-0.813,-27.750,-0.113,-0.094,0.914,0.313,0.773,0.316,0.362,0.026,1.227,1.329,2,NULL,NULL,,3,0,2,7,255,1406,250,0,0
stim,197150,227271,0,227271,3424559.455,-0.656,-0.045,0.095,0.747,3096,225,165,3192,1877,2503,228,2439,43,0.967,1,2239,0,27.237,1.387,-18.313,-2.000,-20.063,-0.141,-0.168,0.926,1.211,0.676,-0.730,0.362,0.024,1.227,1.329,2,NULL,NULL,,3,0,2,7,255,1406,250,0,0
stim,197150,227271,0,227271,3424564.453,-0.657,-0.046,0.094,0.747,3095,235,239,3209,1903,2508,231,2451,43,0.967,1,2239,0,20.401,1.916,-13.500,-3.563,-14.875,-0.168,-0.152,0.938,1.820,0.598,-0.730,0.360,0.018,1.227,1.329,2,NULL,NULL,,3,0,2,7,255,1406,250,0,0
stim,197150,227271,0,227271,3424569.455,-0.657,-0.046,0.093,0.747,3096,235,298,3191,1919,2513,222,2455,43,0.967,1,2239,0,16.413,1.851,-9.750,-4.063,-12.563,-0.176,-0.086,0.969,1.820,0.336,-0.563,0.360,0.010,1.227,1.329,2,NULL,NULL,,3,0,2,7,255,1406,250,0,0
stim,197150,227271,0,227271,3424574.454,-0.657,-0.046,0.093,0.746,3077,229,329,3195,1941,2515,227,2469,43,0.967,1,2239,0,18.215,1.222,-10.188,-5.500,-14.063,-0.211,-0.051,0.973,1.195,0.254,-0.219,0.360,0.000,1.227,1.329,2,NULL,NULL,,3,0,2,7,255,1406,250,0,0
stim,197150,227271,0,227271,3424579.455,-0.658,-0.046,0.092,0.746,3077,236,397,3191,1965,2521,233,2477,43,0.960,1,2239,1,19.207,1.222,-9.625,-6.000,-15.500,-0.160,-0.098,0.957,1.195,0.254,-0.219,0.000,0.000,1.186,1.330,2,NULL,NULL,,3,0,2,7,255,1406,250,0,0
stim,197150,227271,0,227271,3424584.454,-0.658,-0.046,0.091,0.746,3068,236,420,3182,1983,2521,243,2483,43,0.960,1,2239,1,13.721,1.284,-8.438,-8.250,-7.000,-0.172,-0.113,0.938,1.266,0.215,-0.359,0.010,0.010,1.186,1.330,2,NULL,NULL,,3,0,2,7,255,1406,250,0,0
stim,197150,227271,0,227271,3424589.455,-0.658,-0.046,0.091,0.746,3061,239,463,3176,1991,2535,243,2490,43,0.960,1,2239,1,11.823,1.284,-4.688,-9.500,-5.250,-0.234,-0.047,0.953,1.266,0.215,-0.359,0.018,0.020,1.186,1.330,2,NULL,NULL,,3,0,2,7,255,1406,250,0,0
stim,197150,227271,0,227271,3424594.453,-0.659,-0.046,0.091,0.745,3061,229,523,3167,2025,2523,243,2509,43,0.960,1,2239,1,15.455,0.894,-1.813,-9.875,-11.750,-0.215,0.023,0.984,0.848,-0.285,-0.223,0.026,0.028,1.186,1.330,2,NULL,NULL,,3,0,2,7,255,1406,250,0,0
stim,197150,227271,0,227271,3424599.455,-0.659,-0.046,0.090,0.745,3059,231,572,3169,2041,2522,236,2509,43,0.960,1,2239,1,19.387,0.323,-0.250,-10.375,-16.375,-0.176,0.066,1.008,0.152,-0.285,0.055,0.034,0.036,1.186,1.330,2,NULL,NULL,,3,0,2,7,255,1406,250,0,0
stim,197171,227292,0,227292,3424604.454,-0.660,-0.046,0.090,0.744,3051,236,613,3161,2072,2527,237,2529,43,0.960,1,2239,1,21.448,0.342,-2.500,-9.875,-18.875,-0.156,0.086,1.043,-0.332,0.082,0.238,0.042,0.042,1.186,1.330,2,NULL,NULL,,3,0,2,7,255,1406,250,0,0
stim,197171,227292,0,227292,3424609.455,-0.661,-0.045,0.089,0.744,3036,232,627,3161,2097,2533,217,2536,43,0.960,1,2239,1,21.475,0.451,-6.063,-9.438,-18.313,-0.141,0.055,1.016,-0.332,0.305,0.238,0.046,0.048,1.186,1.330,2,NULL,NULL,,3,0,2,7,255,1406,250,0,0
stim,197171,227292,0,227292,3424614.453,-0.661,-0.045,0.089,0.744,3033,231,666,3147,2109,2525,215,2531,43,0.960,1,2239,1,20.048,0.449,-3.688,-8.938,-17.563,-0.141,0.039,0.980,-0.246,0.375,0.238,0.052,0.054,1.186,1.330,2,NULL,NULL,,3,0,2,7,255,1406,250,0,0
stim,197171,227292,0,227292,3424619.455,-0.662,-0.045,0.089,0.743,3027,229,695,3142,2111,2532,215,2533,43,0.960,1,2239,1,19.490,0.512,0.750,-7.875,-17.813,-0.125,0.051,1.004,-0.246,0.449,0.094,0.054,0.056,1.186,1.330,2,NULL,NULL,,3,0,2,7,255,1406,250,0,0
stim,197201,227322,0,227322,3424624.454,-0.662,-0.045,0.088,0.743,3022,222,712,3133,2131,2525,209,2536,43,0.960,1,2239,1,18.318,0.585,1.500,-6.813,-16.938,-0.105,0.070,1.023,-0.254,0.527,0.094,0.054,0.056,1.186,1.330,2,NULL,NULL,,3,0,2,7,255,1406,250,0,0
stim,197201,227322,0,227322,3424629.455,-0.663,-0.044,0.088,0.742,3013,220,712,3118,2145,2525,203,2535,43,0.960,1,2239,1,16.228,0.866,-1.063,-4.688,-15.500,-0.094,0.098,1.043,-0.445,0.742,0.273,0.056,0.058,1.186,1.330,2,NULL,NULL,,3,0,2,7,255,1406,250,0,0
stim,197201,227322,0,227322,3424634.453,-0.663,-0.044,0.088,0.742,3000,219,719,3118,2134,2531,187,2533,43,0.960,1,2239,1,16.582,1.036,-2.438,-4.125,-15.875,-0.121,0.121,0.996,-0.723,0.742,0.273,0.056,0.058,1.186,1.330,2,NULL,NULL,,3,0,2,7,255,1406,250,0,0
stim,197201,227322,0,227322,3424639.455,-0.664,-0.044,0.088,0.741,3005,213,725,3119,2155,2529,179,2541,43,0.960,1,2239,1,19.361,0.874,-0.688,-2.938,-19.125,-0.133,0.094,0.996,-0.723,0.492,0.047,0.054,0.058,1.186,1.330,2,NULL,NULL,,3,0,2,7,255,1406,250,0,0
stim,197201,227322,0,227322,3424644.454,-0.665,-0.044,0.087,0.741,2999,191,751,3099,2169,2527,157,2543,43,0.960,1,2239,1,23.592,0.811,-0.750,-1.938,-23.500,-0.113,0.059,0.992,-0.645,0.492,0.031,0.054,0.056,1.186,1.330,2,NULL,NULL,,3,0,2,7,255,1406,250,0,0
stim,197201,227322,0,227322,3424649.455,-0.665,-0.044,0.087,0.740,2987,211,766,3093,2148,2525,140,2535,43,0.960,1,2239,1,17.297,0.688,0.125,-1.938,-17.188,-0.035,-0.027,0.949,-0.340,0.598,-0.043,0.052,0.054,1.186,1.330,2,NULL,NULL,,3,0,2,7,255,1406,250,0,0
stim,197246,227367,0,227367,3424654.453,-0.665,-0.044,0.087,0.740,2988,211,788,3101,2175,2520,123,2543,43,0.960,1,2239,1,3.436,1.131,2.813,-1.938,0.375,-0.070,-0.047,0.953,0.418,1.051,-0.531,0.052,0.054,1.186,1.330,2,NULL,NULL,,3,0,2,7,255,1406,250,0,0
stim,197246,227367,0,227367,3424659.455,-0.665,-0.044,0.087,0.740,2973,205,803,3082,2191,2517,119,2539,43,0.960,1,2239,1,5.944,1.131,3.750,-2.500,3.875,-0.172,0.012,0.949,0.418,1.051,-0.531,0.050,0.052,1.186,1.330,2,NULL,NULL,,3,0,2,7,255,1406,250,0,0
stim,197246,227367,0,227367,3424664.453,-0.665,-0.043,0.087,0.740,2970,206,812,3077,2156,2535,119,2541,43,0.960,1,2239,1,7.315,0.313,6.438,-3.438,-0.500,-0.176,-0.004,0.926,0.313,-0.016,-0.531,0.048,0.048,1.186,1.330,2,NULL,NULL,,3,0,2,7,255,1406,250,0,0
stim,197246,227367,0,227367,3424669.455,-0.665,-0.043,0.087,0.740,2969,205,828,3064,2202,2529,117,2551,43,0.960,1,2239,1,10.658,0.313,9.625,-4.438,-1.125,-0.141,-0.027,0.941,0.313,-0.016,-0.508,0.048,0.046,1.186,1.330,2,NULL,NULL,,3,0,2,7,255,1406,250,0,0
stim,197246,227367,0,227367,3424674.454,-0.665,-0.043,0.087,0.740,2959,211,857,3054,2212,2525,133,2555,43,0.960,1,2239,1,12.429,0.625,10.000,-5.188,5.250,-0.098,-0.039,0.957,0.543,0.309,-0.508,0.046,0.042,1.186,1.330,2,NULL,NULL,,3,0,2,7,255,1406,250,0,0
stim,197246,227367,0,227367,3424679.455,-0.665,-0.042,0.087,0.741,2957,211,875,3051,2225,2533,135,2559,43,0.960,1,2239,1,18.424,0.779,7.875,-5.938,15.563,-0.117,-0.008,0.961,0.543,0.559,-0.426,0.044,0.040,1.186,1.330,2,NULL,NULL,,3,0,2,7,255,1406,250,0,0
stim,197246,227367,0,227367,3424684.453,-0.664,-0.042,0.087,0.741,2965,205,885,3047,2235,2535,149,2555,43,0.960,1,2239,1,22.565,0.654,7.813,-6.938,20.000,-0.164,0.004,0.945,0.340,0.559,-0.410,0.042,0.036,1.186,1.330,2,NULL,NULL,,3,0,2,7,255,1406,250,0,0
stim,197246,227367,0,227367,3424689.455,-0.664,-0.041,0.087,0.742,2953,215,914,3049,2246,2536,159,2583,43,0.960,1,2239,1,23.114,0.305,10.875,-8.313,18.625,-0.188,0.004,0.938,0.297,0.070,-0.410,0.040,0.032,1.186,1.330,2,NULL,NULL,,3,0,2,7,255,1406,250,0,0
stim,197246,227367,0,227367,3424694.454,-0.663,-0.040,0.088,0.742,2953,217,927,3037,2253,2544,179,2585,43,0.960,1,2239,1,24.588,0.297,14.188,-9.625,17.625,-0.168,0.004,0.945,0.297,0.004,-0.410,0.038,0.028,1.186,1.330,2,NULL,NULL,,3,0,2,7,255,1406,250,0,0
stim,197246,227367,0,227367,3424699.455,-0.663,-0.039,0.088,0.743,2941,214,951,3043,2279,2547,201,2601,43,0.960,1,2239,1,28.492,0.297,17.125,-11.000,19.938,-0.160,0.023,0.961,0.297,0.004,-0.410,0.038,0.026,1.186,1.330,2,NULL,NULL,,3,0,2,7,255,1406,250,0,0
stim,197268,227389,0,227389,3424704.453,-0.662,-0.038,0.088,0.743,2935,215,989,3041,2297,2544,231,2607,43,0.960,1,2239,1,31.501,0.125,17.500,-12.063,23.250,-0.180,0.066,0.977,0.125,0.004,-0.277,0.038,0.024,1.186,1.330,2,NULL,NULL,,3,0,2,7,255,1406,250,0,0
stim,197268,227389,0,227389,3424709.455,-0.661,-0.037,0.089,0.744,2939,217,1060,3026,2313,2567,271,2631,43,0.960,1,2239,1,28.080,0.271,16.813,-13.813,17.750,-0.262,0.168,1.012,-0.246,-0.113,-0.047,0.036,0.022,1.186,1.330,2,NULL,NULL,,3,0,2,7,255,1406,250,0,0
stim,197268,227389,0,227389,3424714.454,-0.661,-0.037,0.089,0.744,2922,231,1101,3025,2357,2557,297,2647,43,0.960,1,2239,1,19.095,1.450,11.438,-14.688,4.250,-0.258,0.199,1.027,-1.090,-0.957,0.473,0.036,0.020,1.186,1.330,2,NULL,NULL,,3,0,2,7,255,1406,250,0,0
stim,197268,227389,0,227389,3424719.455,-0.661,-0.036,0.089,0.744,2907,243,1163,3014,2377,2571,335,2661,43,0.960,1,2239,1,17.430,1.450,8.563,-15.125,-1.313,-0.148,0.070,1.023,-1.090,-0.957,0.473,0.034,0.020,1.186,1.330,2,NULL,NULL,,3,0,2,7,255,1406,250,0,0
stim,197305,227426,0,227426,3424724.454,-0.661,-0.035,0.088,0.744,2901,243,1221,3002,2361,2573,403,2677,43,0.960,1,2239,1,21.669,0.620,2.750,-16.875,13.313,-0.148,0.105,1.023,-0.602,0.148,0.367,0.034,0.020,1.186,1.330,2,NULL,NULL,,3,0,2,7,255,1406,250,0,0
stim,197305,227426,0,227426,3424729.455,-0.661,-0.034,0.088,0.745,2889,248,1288,3001,2426,2574,438,2696,43,0.960,1,2239,1,21.140,0.620,3.438,-17.875,10.750,-0.258,0.305,1.023,-0.602,0.148,0.367,0.034,0.020,1.186,1.330,2,NULL,NULL,,3,0,2,7,255,1406,250,0,0
stim,197305,227426,0,227426,3424734.453,-0.661,-0.034,0.088,0.745,2871,260,1326,2995,2469,2589,502,2714,43,0.960,1,2239,1,19.468,2.261,-0.813,-18.563,-5.813,-0.262,0.270,1.102,-2.027,-1.000,0.641,0.034,0.022,1.186,1.330,2,NULL,NULL,,3,0,2,7,255,1406,250,0,0
stim,197305,227426,0,227426,3424739.455,-0.661,-0.033,0.087,0.744,2857,269,1385,2974,2472,2589,605,2725,43,0.960,1,2239,1,25.446,2.261,-7.063,-17.688,-16.875,-0.090,0.125,1.012,-2.027,-1.000,0.641,0.034,0.022,1.186,1.330,2,NULL,NULL,,3,0,2,7,255,1406,250,0,0
stim,197305,227426,0,227426,3424744.454,-0.661,-0.032,0.086,0.744,2837,271,1513,2964,2517,2603,715,2731,43,0.960,1,2239,1,18.572,1.041,-4.500,-18.000,0.813,0.000,0.035,0.969,-0.832,0.625,0.156,0.034,0.024,1.186,1.330,2,NULL,NULL,,3,0,2,7,255,1406,250,0,0
stim,197305,227426,0,227426,3424749.455,-0.661,-0.032,0.086,0.745,2823,291,1579,2965,2537,2605,820,2749,43,0.960,1,2239,1,18.892,1.041,-1.250,-17.625,6.688,-0.203,0.141,1.008,-0.832,0.625,0.156,0.034,0.024,1.186,1.330,2,NULL,NULL,,3,0,2,7,255,1406,250,0,0
stim,197345,227466,0,227466,3424754.453,-0.662,-0.031,0.085,0.744,2798,318,1645,2940,2539,2605,903,2765,43,0.960,1,2239,1,24.256,0.997,-1.875,-16.625,-17.563,-0.266,0.148,1.039,-0.844,-0.531,0.328,0.036,0.026,1.186,1.330,2,NULL,NULL,,3,0,2,7,255,1406,250,0,0
stim,197345,227466,0,227466,3424759.455,-0.663,-0.031,0.085,0.743,2789,343,1717,2928,2581,2605,997,2778,43,0.960,1,2239,1,38.596,0.997,-4.125,-15.875,-34.938,-0.121,0.070,1.016,-0.844,-0.531,0.328,0.038,0.026,1.186,1.330,2,NULL,NULL,,3,0,2,7,255,1406,250,0,0
stim,197345,227466,0,227466,3424764.454,-0.664,-0.031,0.084,0.742,2762,348,1789,2916,2607,2611,1082,2792,43,0.960,1,2239,1,33.249,0.439,-4.750,-15.438,-29.063,-0.043,-0.004,0.984,-0.277,0.340,0.223,0.040,0.026,1.186,1.330,2,NULL,NULL,,3,0,2,7,255,1406,250,0,0
stim,197345,227466,0,227466,3424769.455,-0.665,-0.030,0.083,0.742,2742,357,1844,2907,2631,2611,1163,2794,43,0.960,1,2239,1,23.245,0.736,-4.688,-15.688,-16.500,-0.094,-0.059,0.980,0.348,0.648,-0.234,0.042,0.026,1.186,1.330,2,NULL,NULL,,3,0,2,7,255,1406,250,0,0
stim,197345,227466,0,227466,3424774.454,-0.665,-0.030,0.082,0.741,2724,382,1885,2899,2649,2615,1251,2809,43,0.960,1,2239,1,23.352,1.108,-3.875,-16.563,-16.000,-0.188,-0.063,0.969,0.898,0.648,-0.234,0.042,0.024,1.186,1.330,2,NULL,NULL,,3,0,2,7,255,1406,250,0,0
stim,197345,227466,0,227466,3424779.455,-0.666,-0.030,0.082,0.741,2697,423,1939,2887,2667,2615,1343,2815,43,0.960,1,2239,1,25.655,1.114,0.438,-17.438,-18.813,-0.113,-0.102,0.945,1.031,0.422,-0.234,0.042,0.022,1.186,1.330,2,NULL,NULL,,3,0,2,7,255,1406,250,0,0
stim,197345,227466,0,227466,3424784.454,-0.666,-0.029,0.081,0.741,2659,428,1989,2857,2677,2619,1439,2826,43,0.960,1,2239,1,20.947,1.114,4.500,-17.813,-10.063,-0.098,-0.063,1.000,1.031,0.422,-0.207,0.042,0.020,1.186,1.330,2,NULL,NULL,,3,0,2,7,255,1406,250,0,0
stim,197345,227466,0,227466,3424789.455,-0.667,-0.029,0.080,0.741,2617,429,2056,2835,2699,2629,1507,2837,43,0.960,1,2239,1,18.922,1.039,-5.125,-17.063,-6.375,-0.148,0.051,1.086,0.949,0.422,-0.023,0.044,0.018,1.186,1.330,2,NULL,NULL,,3,0,2,7,255,1406,250,0,0
stim,197345,227466,0,227466,3424794.453,-0.667,-0.029,0.079,0.740,2575,429,2103,2811,2717,2661,1575,2847,43,0.960,1,2239,1,23.098,0.128,-13.750,-17.313,-6.688,-0.152,0.059,0.977,-0.078,0.102,-0.023,0.046,0.018,1.186,1.330,2,NULL,NULL,,3,0,2,7,255,1406,250,0,0
stim,197345,227466,0,227466,3424799.455,-0.667,-0.028,0.079,0.740,2529,439,2161,2799,2735,2623,1657,2869,43,0.960,1,2239,1,23.499,0.125,-9.750,-18.625,-10.500,-0.199,0.039,0.969,-0.078,-0.098,-0.109,0.046,0.020,1.186,1.330,2,NULL,NULL,,3,0,2,7,255,1406,250,0,0
stim,197384,227505,0,227505,3424804.454,-0.668,-0.028,0.078,0.740,2484,437,2207,2763,2744,2633,1725,2860,43,0.960,1,2239,1,26.711,0.269,-5.000,-19.438,-17.625,-0.168,0.031,0.977,0.043,-0.266,-0.113,0.048,0.022,1.186,1.330,2,NULL,NULL,,3,0,2,7,255,1406,250,0,0
stim,197384,227505,0,227505,3424809.455,-0.668,-0.027,0.077,0.739,2429,435,2237,2719,2763,2624,1790,2873,43,0.960,1,2239,1,28.102,0.275,-2.125,-19.563,-20.063,-0.129,0.027,1.000,0.070,-0.266,-0.113,0.048,0.022,1.186,1.330,2,NULL,NULL,,3,0,2,7,255,1406,250,0,0
stim,197384,227505,0,227505,3424814.453,-0.669,-0.027,0.076,0.739,2376,429,2268,2683,2715,2630,1847,2886,43,0.960,1,2239,1,27.379,0.150,-2.438,-19.563,-19.000,-0.105,0.000,1.016,0.070,0.133,0.070,0.048,0.024,1.186,1.330,2,NULL,NULL,,3,0,2,7,255,1406,250,0,0
stim,197384,227505,0,227505,3424819.455,-0.670,-0.026,0.076,0.738,2315,425,2311,2646,2787,2635,1912,2904,43,0.960,1,2239,1,26.469,0.356,-4.000,-19.563,-17.375,-0.109,0.012,1.008,0.203,0.293,0.098,0.048,0.024,1.186,1.330,2,NULL,NULL,,3,0,2,7,255,1406,250,0,0
stim,197384,227505,0,227505,3424824.454,-0.670,-0.026,0.075,0.738,2237,400,2343,2601,2792,2623,1966,2899,43,0.960,1,2239,1,26.197,0.356,-3.438,-19.688,-16.938,-0.113,0.047,1.000,0.203,0.293,0.098,0.050,0.026,1.186,1.330,2,NULL,NULL,,3,0,2,7,255,1406,250,0,0
stim,197384,227505,0,227505,3424829.455,-0.671,-0.025,0.074,0.737,2159,381,2377,2547,2789,2633,2023,2903,43,0.960,1,2239,1,26.797,0.258,-2.188,-19.500,-18.250,-0.117,0.078,1.016,-0.137,0.219,0.098,0.050,0.028,1.186,1.330,2,NULL,NULL,,3,0,2,7,255,1406,250,0,0
stim,197404,227525,0,227525,3424834.453,-0.672,-0.025,0.073,0.737,2083,357,2409,2493,2825,2623,2079,2909,43,0.960,1,2239,1,28.030,0.482,-3.500,-19.063,-20.250,-0.105,0.086,1.039,-0.430,0.219,0.234,0.050,0.030,1.186,1.330,2,NULL,NULL,,3,0,2,7,255,1406,250,0,0
stim,197404,227525,0,227525,3424839.455,-0.672,-0.024,0.073,0.736,1983,351,2449,2437,2835,2632,2127,2925,43,0.960,1,2239,1,28.782,0.545,-7.188,-18.813,-20.563,-0.109,0.090,1.055,-0.496,0.227,0.434,0.050,0.030,1.186,1.330,2,NULL,NULL,,3,0,2,7,255,1406,250,0,0
stim,197404,227525,0,227525,3424844.453,-0.673,-0.024,0.072,0.736,1900,319,2469,2359,2811,2619,2181,2921,43,0.960,1,2239,1,32.144,0.581,-13.438,-18.688,-22.438,-0.133,0.105,1.078,-0.535,0.227,0.605,0.052,0.032,1.186,1.330,2,NULL,NULL,,3,0,2,7,255,1406,250,0,0
stim,197404,227525,0,227525,3424849.455,-0.674,-0.024,0.070,0.735,1799,295,2515,2287,2853,2629,2227,2926,43,0.960,1,2239,1,40.857,0.676,-23.625,-18.375,-27.813,-0.145,0.109,1.109,-0.676,0.004,0.875,0.052,0.032,1.186,1.330,2,NULL,NULL,,3,0,2,7,255,1406,250,0,0
stim,197444,227565,0,227565,3424854.454,-0.675,-0.025,0.069,0.734,1675,276,2535,2205,2861,2616,2279,2936,43,0.960,1,2239,1,51.617,0.719,-36.125,-18.313,-32.000,-0.133,0.113,1.113,-0.719,0.004,1.188,0.052,0.032,1.186,1.330,2,NULL,NULL,,3,0,2,7,255,1406,250,0,0
stim,197444,227565,0,227565,3424859.455,-0.676,-0.025,0.067,0.733,1544,247,2557,2095,2872,2617,2321,2935,43,0.960,1,2239,1,59.257,0.805,-44.688,-18.125,-34.438,-0.098,0.117,1.043,-0.805,0.020,1.188,0.054,0.032,1.186,1.330,2,NULL,NULL,,3,0,2,7,255,1406,250,0,0
stim,197444,227565,0,227565,3424864.453,-0.677,-0.026,0.065,0.733,1341,243,2587,1981,2887,2615,2364,2939,43,0.960,1,2239,1,54.884,0.839,-41.313,-18.563,-31.000,-0.090,0.094,0.980,-0.805,0.238,0.473,0.054,0.032,1.186,1.330,2,NULL,NULL,,3,0,2,7,255,1406,250,0,0
stim,197444,227565,0,227565,3424869.455,-0.678,-0.027,0.063,0.732,1229,236,2617,1895,2899,2611,2409,2949,43,0.960,1,2239,1,51.451,0.791,-36.438,-18.625,-31.188,-0.117,0.043,1.004,-0.754,0.238,0.090,0.054,0.032,1.186,1.330,2,NULL,NULL,,3,0,2,7,255,1406,250,0,0
stim,197444,227565,1,227565,3424874.454,-0.679,-0.027,0.061,0.731,1069,231,2643,1773,2907,2605,2452,2953,43,0.960,1,2239,1,52.164,0.281,-34.875,-19.125,-33.750,-0.133,0.016,1.039,-0.281,0.012,0.090,0.056,0.032,1.186,1.330,2,NULL,NULL,,3,1,2,7,255,1406,250,0,0
stim,197444,227565,1,227565,3424879.455,-0.680,-0.028,0.059,0.730,919,198,2666,1611,2917,2599,2483,2956,43,0.960,1,2239,1,59.773,0.100,-41.813,-19.750,-37.875,-0.156,0.004,1.078,-0.020,-0.098,0.461,0.056,0.032,1.186,1.330,2,NULL,NULL,,3,1,2,7,255,1406,250,0,0
stim,197465,227586,1,227586,3424884.453,-0.682,-0.029,0.057,0.729,725,175,2692,1443,2926,2591,2515,2963,43,0.960,1,2239,1,67.580,0.270,-48.438,-20.750,-42.313,-0.156,0.016,1.051,-0.020,-0.270,0.598,0.058,0.032,1.186,1.330,2,NULL,NULL,,3,1,2,7,255,1406,250,0,0
stim,197465,227586,1,227586,3424889.455,-0.683,-0.029,0.055,0.728,532,115,2716,1204,2921,2581,2547,2967,43,0.960,1,2239,1,69.568,0.285,-47.750,-22.250,-45.438,-0.121,0.035,0.992,-0.094,-0.270,0.598,0.058,0.030,1.186,1.330,2,NULL,NULL,,3,1,2,7,255,1406,250,0,0
stim,197465,227586,1,227586,3424894.454,-0.684,-0.030,0.053,0.727,378,78,2741,1013,2949,2577,2585,2971,43,0.960,1,2239,1,64.224,0.217,-40.438,-23.875,-43.813,-0.113,0.016,0.984,-0.195,-0.094,-0.012,0.060,0.030,1.186,1.330,2,NULL,NULL,,3,1,2,7,255,1406,250,0,0
stim,197465,227586,1,227586,3424899.455,-0.686,-0.030,0.051,0.725,245,69,2761,821,2961,2568,2611,2973,43,0.960,1,2239,1,58.748,0.200,-32.688,-25.500,-41.625,-0.102,0.000,1.008,-0.195,-0.043,-0.012,0.060,0.030,1.186,1.330,2,NULL,NULL,,3,1,2,7,255,1406,250,0,0
stim,197465,227586,1,227586,3424904.453,-0.687,-0.030,0.049,0.724,122,24,2777,605,2969,2547,2637,2979,43,0.960,1,2239,1,57.220,0.082,-30.188,-27.438,-40.125,-0.121,-0.012,1.047,-0.070,-0.043,0.113,0.060,0.030,1.186,1.330,2,NULL,NULL,,3,1,2,7,255,1406,250,0,0
stim,197465,227586,1,227586,3424909.455,-0.688,-0.030,0.047,0.723,46,0,2793,414,2974,2531,2659,2981,43,0.960,1,2239,1,58.915,0.094,-30.375,-29.188,-41.188,-0.133,-0.016,1.059,0.012,-0.094,0.508,0.062,0.030,1.186,1.330,2,NULL,NULL,,3,1,2,7,255,1406,250,0,0
stim,197465,227586,1,227586,3424914.454,-0.690,-0.030,0.045,0.722,19,0,2807,234,2985,2509,2680,2985,43,0.960,1,2239,1,63.214,0.098,-31.188,-32.125,-44.625,-0.113,0.020,1.027,0.012,-0.098,0.508,0.062,0.030,1.186,1.330,2,NULL,NULL,,3,1,2,7,255,1406,250,0,0
stim,197465,227586,1,227586,3424919.455,-0.691,-0.030,0.043,0.721,0,0,2823,137,2989,2486,2700,2987,43,0.960,1,2239,1,68.302,0.380,-28.188,-34.813,-51.563,-0.082,0.066,0.996,-0.367,-0.098,0.305,0.062,0.030,1.186,1.330,2,NULL,NULL,,3,1,2,7,255,1406,250,0,0
stim,197499,227620,1,227620,3424924.454,-0.693,-0.029,0.041,0.719,0,0,2835,83,3001,2459,2719,2991,43,0.960,1,2239,1,70.028,0.561,-21.938,-37.750,-54.750,-0.086,0.035,0.984,-0.559,0.051,-0.027,0.062,0.030,1.186,1.330,2,NULL,NULL,,3,1,2,7,255,1406,250,0,0
stim,197499,227620,1,227620,3424929.455,-0.694,-0.028,0.040,0.718,0,0,2843,28,3007,2430,2743,2994,43,0.960,1,2239,1,58.678,0.561,8.813,-45.688,-35.750,-0.266,-0.086,1.109,-0.559,0.051,-0.027,0.062,0.030,1.186,1.330,2,NULL,NULL,,3,1,2,7,255,1406,250,0,0
stim,197499,227620,1,227620,3424934.453,-0.695,-0.026,0.039,0.717,0,0,2852,0,3007,2404,2761,2997,43,0.960,1,2239,1,66.610,1.705,14.938,-52.125,-38.688,-0.297,-0.160,1.242,0.664,-1.570,1.262,0.060,0.030,1.186,1.330,2,NULL,NULL,,3,1,2,7,255,1406,250,0,0
stim,197499,227620,1,227620,3424939.455,-0.697,-0.024,0.037,0.716,0,0,2856,0,3027,2377,2777,2997,43,0.960,1,2239,0,76.965,2.254,17.750,-55.188,-50.625,-0.309,-0.188,1.297,1.391,-1.773,2.586,0.060,0.030,1.186,1.330,3,NULL,NULL,,3,1,2,7,255,1406,250,0,0
stim,197499,227620,1,227620,3424944.454,-0.698,-0.021,0.036,0.714,0,0,2861,0,3031,2348,2793,2998,43,0.960,1,2239,0,82.675,2.254,31.125,-64.813,-40.813,-0.258,0.000,1.469,1.391,-1.773,3.117,0.060,0.030,1.186,1.330,3,NULL,NULL,,3,1,2,7,255,1406,250,0,0
stim,197499,227620,1,227620,3424949.455,-0.699,-0.019,0.034,0.714,0,0,2863,0,3035,2309,2811,2999,43,0.960,1,2239,0,72.357,1.413,3.750,-70.438,-16.125,-0.066,0.168,1.457,-0.176,-1.402,4.457,0.060,0.032,1.186,1.330,3,NULL,NULL,,3,1,2,7,255,1406,250,0,0
stim,197550,227671,1,227671,3424954.453,-0.699,-0.018,0.031,0.714,0,0,2867,0,3039,2267,2835,3001,43,0.960,1,2239,0,81.644,1.007,-43.688,-67.875,-12.250,-0.012,0.074,1.160,-0.945,0.348,4.457,0.060,0.032,1.186,1.330,3,NULL,NULL,,3,1,2,7,255,1406,250,0,0
stim,197550,227671,1,227671,3424959.455,-0.699,-0.017,0.028,0.714,0,0,2864,0,3047,2216,2846,3001,43,0.960,1,2239,0,81.955,1.007,-37.500,-72.688,5.188,-0.137,0.000,0.918,-0.945,0.348,1.535,0.060,0.030,1.186,1.330,3,NULL,NULL,,3,1,2,7,255,1406,250,0,0
stim,197550,227671,1,227671,3424964.454,-0.699,-0.015,0.025,0.715,0,0,2867,0,3047,2157,2858,3001,43,0.960,1,2239,0,78.577,0.858,-1.125,-77.750,11.313,-0.191,-0.105,0.918,-0.211,-0.832,-0.727,0.062,0.030,1.186,1.330,3,NULL,NULL,,3,1,2,7,255,1406,250,0,0
stim,197550,227671,1,227671,3424969.455,-0.699,-0.012,0.023,0.715,0,0,2863,0,3053,2093,2870,3001,43,0.960,1,2239,0,82.080,1.499,15.313,-80.625,1.500,-0.180,-0.258,1.000,0.828,-1.250,-0.727,0.064,0.030,1.186,1.330,3,NULL,NULL,,3,1,2,7,255,1406,250,0,0
stim,197550,227671,1,227671,3424974.454,-0.699,-0.009,0.021,0.715,0,0,2857,0,3059,2021,2879,2999,43,0.960,1,2239,0,83.836,2.656,15.188,-82.438,-1.375,-0.105,-0.266,1.078,2.344,-1.250,0.109,0.064,0.030,1.186,1.330,3,NULL,NULL,,3,1,2,7,255,1406,250,0,0
stim,197550,227671,1,227671,3424979.455,-0.699,-0.006,0.019,0.715,0,0,2853,0,3061,1928,2893,3000,43,0.960,1,2239,0,85.798,2.418,12.063,-84.813,4.750,-0.090,-0.133,1.102,2.344,-0.594,0.828,0.060,0.034,1.186,1.330,3,NULL,NULL,,3,1,2,7,255,1406,250,0,0
stim,197550,227671,1,227671,3424984.454,-0.698,-0.003,0.017,0.716,0,0,2845,0,3064,1832,2903,2999,43,0.960,1,2239,0,87.446,1.218,10.500,-86.250,9.875,-0.078,-0.117,1.102,1.105,-0.512,1.012,0.054,0.040,1.186,1.330,3,NULL,NULL,,3,1,2,7,255,1406,250,0,0
stim,197550,227671,1,227671,3424989.455,-0.698,0.000,0.014,0.716,0,0,2837,0,3067,1741,2911,2997,43,0.960,1,2239,0,92.819,1.089,15.500,-89.875,17.250,-0.105,-0.113,1.078,0.961,-0.512,1.012,0.046,0.048,1.186,1.330,3,NULL,NULL,,3,1,2,7,255,1406,250,0,0
stim,197550,227671,1,227671,3424994.453,-0.697,0.004,0.012,0.717,0,0,2824,0,3059,1623,2919,2995,43,0.960,1,2239,0,95.375,1.247,17.438,-92.688,14.188,-0.113,0.039,1.125,0.922,-0.840,1.016,0.044,0.052,1.186,1.330,3,NULL,NULL,,3,1,2,7,255,1406,250,0,0
stim,197550,227671,1,227671,3424999.455,-0.697,0.007,0.010,0.717,0,0,2822,0,3076,1484,2926,2991,43,0.960,1,2239,0,98.390,1.170,19.063,-96.000,10.063,-0.141,0.105,1.168,-0.531,-1.043,1.230,0.044,0.054,1.186,1.330,3,NULL,NULL,,3,1,2,7,255,1406,250,0,0
stim,197570,227691,1,227691,3425004.453,-0.697,0.011,0.008,0.717,0,0,2805,0,3080,1334,2935,2988,43,0.960,1,2239,0,101.472,1.557,19.250,-99.625,0.938,-0.078,0.199,1.164,-1.156,-1.043,1.570,0.042,0.056,1.186,1.330,3,NULL,NULL,,3,1,2,7,255,1406,250,0,0
stim,197570,227691,1,227691,3425009.455,-0.697,0.015,0.005,0.717,0,0,2779,0,3079,1163,2939,2983,43,0.960,1,2239,0,105.055,2.168,19.500,-103.000,6.875,-0.016,0.188,1.199,-1.957,-0.934,1.629,0.042,0.058,1.186,1.330,3,NULL,NULL,,3,1,2,7,255,1406,250,0,0
stim,197571,227692,1,227692,3425014.454,-0.696,0.018,0.003,0.718,0,0,2757,0,3083,1021,2949,2979,43,0.960,1,2239,0,106.217,2.015,9.500,-105.375,9.375,-0.012,0.117,1.188,-1.957,-0.480,1.824,0.038,0.064,1.186,1.330,3,NULL,NULL,,3,1,2,7,255,1406,250,0,0
stim,197571,227692,1,227692,3425019.455,-0.696,0.022,-0.000,0.718,0,0,2723,0,3089,847,2953,2969,43,0.960,1,2239,0,110.396,1.338,7.125,-108.875,16.813,0.035,0.121,1.152,-1.266,-0.434,1.824,0.036,0.070,1.186,1.330,3,NULL,NULL,,3,1,2,7,255,1406,250,0,0
stim,197597,227718,1,227718,3425024.454,-0.695,0.026,-0.003,0.719,0,0,2686,0,3067,679,2957,2963,43,0.960,1,2239,0,114.588,1.354,4.500,-111.875,24.375,-0.004,0.125,1.156,-1.266,-0.480,1.523,0.036,0.076,1.186,1.330,3,NULL,NULL,,3,1,2,7,255,1406,250,0,0
stim,197597,227718,1,227718,3425029.455,-0.694,0.029,-0.007,0.720,0,0,2659,0,3089,571,2963,2953,43,0.960,1,2239,0,116.717,1.420,-0.563,-114.313,23.563,-0.016,0.172,1.184,-1.281,-0.613,1.523,0.036,0.080,1.186,1.330,3,NULL,NULL,,3,1,2,7,255,1406,250,0,0
stim,197597,227718,1,227718,3425034.454,-0.693,0.033,-0.010,0.720,0,0,2621,0,3089,469,2965,2939,43,0.960,1,2239,0,121.233,1.724,-3.188,-118.188,26.813,0.004,0.152,1.148,-1.539,-0.777,1.523,0.036,0.082,1.186,1.330,3,NULL,NULL,,3,1,2,7,255,1406,250,0,0
stim,197597,227718,1,227718,3425039.455,-0.692,0.037,-0.014,0.721,0,0,2597,0,3043,348,2969,2924,43,0.960,1,2239,0,123.679,1.957,-6.500,-120.563,26.813,0.008,0.172,1.145,-1.754,-0.867,1.414,0.038,0.086,1.186,1.330,3,NULL,NULL,,3,1,2,7,255,1406,250,0,0
stim,197597,227718,1,227718,3425044.453,-0.691,0.040,-0.018,0.722,0,0,2553,0,3087,187,2972,2915,43,0.960,1,2239,0,124.781,1.863,-10.125,-121.688,25.688,-0.008,0.164,1.160,-1.648,-0.867,1.414,0.042,0.092,1.186,1.330,3,NULL,NULL,,3,1,2,7,255,1406,250,0,0
stim,197597,227718,1,227718,3425049.455,-0.690,0.044,-0.022,0.722,0,0,2515,0,3083,121,2973,2895,43,0.960,1,2239,0,128.238,1.974,-15.125,-125.000,24.313,0.012,0.152,1.191,-1.648,-1.086,1.520,0.048,0.098,1.186,1.330,3,NULL,NULL,,3,1,2,7,255,1406,250,0,0
stim,197651,227772,1,227772,3425054.454,-0.689,0.047,-0.026,0.723,0,0,2471,0,3063,54,2973,2871,43,0.960,1,2239,0,130.442,1.974,-21.500,-126.563,23.125,0.039,0.160,1.230,-1.648,-1.086,1.820,0.052,0.102,1.186,1.330,3,NULL,NULL,,3,1,2,7,255,1406,250,0,0
stim,197651,227772,1,227772,3425059.455,-0.688,0.050,-0.031,0.723,0,0,2415,0,3078,23,2975,2844,43,0.960,1,2239,0,135.619,1.896,-29.500,-129.563,27.125,-0.004,0.129,1.246,-1.555,-1.086,2.207,0.058,0.108,1.186,1.330,3,NULL,NULL,,3,1,2,7,255,1406,250,0,0
stim,197651,227772,1,227772,3425064.453,-0.687,0.053,-0.036,0.724,0,0,2358,0,3068,0,2975,2815,43,0.960,1,2239,0,139.860,2.193,-39.313,-131.813,25.313,-0.031,0.145,1.289,-1.539,-1.563,2.289,0.064,0.114,1.186,1.330,3,NULL,NULL,,3,1,2,7,255,1406,250,0,0
stim,197651,227772,1,227772,3425069.455,-0.686,0.056,-0.041,0.724,0,0,2296,0,3061,1,2973,2781,43,0.960,1,2239,0,143.634,2.443,-44.313,-134.875,21.813,-0.070,0.094,1.398,-1.375,-2.020,2.680,0.070,0.120,1.186,1.330,3,NULL,NULL,,3,1,2,7,255,1406,250,0,0
stim,197651,227772,1,227772,3425074.454,-0.685,0.059,-0.047,0.725,0,0,2232,0,3055,0,2973,2745,43,0.960,1,2239,0,150.270,2.884,-48.000,-140.813,21.188,-0.129,0.020,1.473,-1.066,-2.680,3.664,0.078,0.126,1.186,1.330,3,NULL,NULL,,3,1,2,7,255,1406,250,0,0
stim,197651,227772,1,227772,3425079.455,-0.684,0.061,-0.053,0.725,0,0,2165,0,3049,0,2971,2708,43,0.960,1,2239,0,159.847,3.504,-56.188,-147.750,23.750,-0.137,0.035,1.484,-0.551,-3.461,4.277,0.084,0.134,1.186,1.330,3,NULL,NULL,,3,1,2,7,255,1406,250,0,0
stim,197651,227772,1,227772,3425084.454,-0.683,0.065,-0.059,0.725,0,0,2100,0,3045,0,2966,2660,43,0.960,1,2239,0,165.708,3.798,-55.313,-155.500,14.813,-0.246,0.063,1.449,-0.551,-3.758,4.277,0.092,0.142,1.186,1.330,3,NULL,NULL,,3,1,2,7,255,1406,250,0,0
stim,197651,227772,1,227772,3425089.455,-0.682,0.068,-0.066,0.725,0,0,1994,0,3033,2,2959,2614,43,0.960,1,2239,0,175.619,4.884,-55.813,-166.438,5.063,-0.215,0.086,1.426,-0.832,-4.813,3.719,0.100,0.152,1.186,1.330,3,NULL,NULL,,3,1,2,7,255,1406,250,0,0
stim,197651,227772,1,227772,3425094.453,-0.682,0.072,-0.073,0.724,0,0,1881,0,3018,17,2953,2568,43,0.960,1,2239,0,186.017,4.915,-63.750,-174.750,0.813,-0.156,0.066,1.414,-1.000,-4.813,3.488,0.108,0.162,1.186,1.330,3,NULL,NULL,,3,1,2,7,255,1406,250,0,0
stim,197651,227772,1,227772,3425099.455,-0.681,0.076,-0.081,0.724,0,0,1799,0,3007,29,2935,2485,43,0.960,1,2239,0,194.018,4.915,-62.438,-183.688,-1.875,-0.172,-0.016,1.473,-1.000,-4.813,3.488,0.116,0.174,1.186,1.330,3,NULL,NULL,,3,1,2,7,255,1406,250,0,0
stim,197651,227772,1,227772,3425104.454,-0.681,0.080,-0.088,0.723,0,0,1742,0,2991,37,2919,2399,43,0.960,1,2239,0,204.044,4.903,-60.875,-194.750,0.813,-0.250,-0.039,1.566,-0.281,-4.895,3.906,0.126,0.186,1.186,1.330,3,NULL,NULL,,3,1,2,7,255,1406,250,0,0
stim,197651,227772,1,227772,3425109.455,-0.680,0.084,-0.097,0.722,0,0,1640,0,2975,27,2895,2315,43,0.960,1,2239,0,215.623,6.053,-68.063,-204.438,-8.125,-0.328,-0.008,1.582,-0.281,-6.047,4.355,0.136,0.200,1.186,1.330,3,NULL,NULL,,3,1,2,7,255,1406,250,0,0
stim,197681,227802,1,227802,3425114.453,-0.680,0.089,-0.105,0.720,0,0,1587,0,2907,37,2861,2229,43,0.960,1,2239,0,231.304,7.126,-73.000,-218.875,-16.313,-0.344,0.027,1.652,-0.430,-7.113,4.535,0.146,0.214,1.186,1.330,3,NULL,NULL,,3,1,2,7,255,1406,250,0,0
stim,197681,227802,1,227802,3425119.455,-0.679,0.094,-0.115,0.719,0,0,1515,0,2938,47,2831,2149,43,0.960,1,2239,0,247.838,7.795,-78.750,-234.250,-18.688,-0.301,0.078,1.676,-0.902,-7.742,4.820,0.160,0.230,1.186,1.330,3,NULL,NULL,,3,1,2,7,255,1406,250,0,0
stim,197681,227802,0,227802,3425124.454,-0.679,0.099,-0.125,0.717,0,0,1405,0,2911,48,2781,2071,43,0.960,1,2239,0,264.963,7.888,-91.125,-248.125,-18.313,-0.258,0.074,1.617,-1.512,-7.742,4.820,0.176,0.250,1.186,1.330,3,NULL,NULL,,3,0,2,7,255,1406,250,0,0
stim,197681,227802,0,227802,3425129.455,-0.678,0.105,-0.135,0.715,0,0,1322,0,2869,53,2719,1997,43,0.960,1,2239,0,275.001,7.601,-84.063,-261.375,-15.563,-0.148,-0.070,1.523,-1.512,-7.449,4.359,0.194,0.272,1.186,1.330,3,NULL,NULL,,3,0,2,7,255,1406,250,0,0
stim,197706,227827,0,227827,3425134.453,-0.676,0.112,-0.145,0.714,0,0,1243,0,2853,51,2651,1929,43,0.960,1,2239,0,285.069,7.076,-52.063,-280.250,-3.688,-0.148,-0.051,1.602,-0.551,-7.055,4.305,0.216,0.298,1.186,1.330,3,NULL,NULL,,3,0,2,7,255,1406,250,0,0
stim,197706,227827,0,227827,3425139.455,-0.674,0.120,-0.155,0.712,0,0,1163,0,2807,37,2552,1845,43,0.960,1,2239,0,297.812,7.076,-35.500,-295.688,0.688,-0.191,0.188,1.859,-0.551,-7.055,4.305,0.242,0.328,1.186,1.330,3,NULL,NULL,,3,0,2,7,255,1406,250,0,0
stim,197706,227827,0,227827,3425144.453,-0.672,0.129,-0.165,0.710,0,0,1075,0,2743,5,2437,1752,43,0.960,1,2239,0,306.778,9.356,-33.875,-304.688,-11.438,-0.195,0.313,2.086,-3.043,-8.848,6.090,0.272,0.360,1.186,1.330,3,NULL,NULL,,3,0,2,7,255,1406,250,0,0
stim,197706,227827,0,227827,3425149.455,-0.670,0.138,-0.175,0.708,0,0,983,0,2681,0,2314,1657,43,0.960,1,2239,0,313.556,11.174,-24.750,-312.375,-11.250,-0.121,0.316,2.250,-4.441,-10.254,7.758,0.304,0.394,1.186,1.330,3,NULL,NULL,,3,0,2,7,255,1406,250,0,0
stim,197750,227871,0,227871,3425154.454,-0.668,0.146,-0.186,0.706,0,0,902,0,2613,0,2167,1541,43,0.960,1,2239,0,324.177,11.728,-50.125,-320.188,-7.625,-0.215,0.574,2.484,-4.652,-10.766,9.215,0.338,0.430,1.186,1.330,3,NULL,NULL,,3,0,2,7,255,1406,250,0,0
stim,197750,227871,0,227871,3425159.455,-0.666,0.154,-0.198,0.703,0,0,811,0,2519,0,1964,1417,43,0.960,1,2239,0,340.585,15.108,-96.875,-325.938,-19.438,-0.250,0.680,2.418,-7.316,-13.219,9.215,0.378,0.470,1.186,1.330,3,NULL,NULL,,3,0,2,7,255,1406,250,0,0
stim,197750,227871,0,227871,3425164.453,-0.664,0.160,-0.212,0.699,0,0,695,0,2419,0,1740,1255,43,0.960,1,2239,0,355.810,15.108,-121.125,-333.875,-21.375,-0.211,0.418,2.164,-7.316,-13.219,8.992,0.418,0.514,1.186,1.330,3,NULL,NULL,,3,0,2,7,255,1406,250,0,0
stim,197750,227871,0,227871,3425169.455,-0.662,0.167,-0.225,0.695,0,0,567,0,2282,0,1481,1103,43,0.960,1,2239,0,368.625,13.984,-120.938,-347.938,-14.063,-0.156,0.027,1.918,-5.906,-12.676,6.852,0.464,0.560,1.186,1.330,3,NULL,NULL,,3,0,2,7,255,1406,250,0,0
stim,197750,227871,0,227871,3425174.454,-0.659,0.175,-0.239,0.691,0,0,404,0,2103,0,1103,1007,43,0.960,1,2239,0,380.565,11.592,-104.500,-365.875,-6.688,-0.074,-0.289,1.660,-2.047,-11.410,5.113,0.514,0.610,1.186,1.330,3,NULL,NULL,,3,0,2,7,255,1406,250,0,0
stim,197750,227871,0,227871,3425179.455,-0.655,0.184,-0.252,0.688,0,0,277,0,1879,0,679,851,43,0.960,1,2239,0,385.184,9.802,-80.750,-376.625,-0.188,0.113,-0.207,1.449,0.324,-9.797,3.512,0.568,0.664,1.186,1.330,3,NULL,NULL,,3,0,2,7,255,1406,250,0,0
stim,197750,227871,0,227871,3425184.453,-0.651,0.194,-0.265,0.685,0,0,234,0,1643,0,331,739,43,0.960,1,2239,0,383.551,7.558,-48.063,-380.500,4.563,0.238,-0.020,1.336,0.324,-7.551,2.488,0.624,0.722,1.186,1.330,3,NULL,NULL,,3,0,2,7,255,1406,250,0,0
stim,197750,227871,0,227871,3425189.455,-0.645,0.205,-0.276,0.682,0,0,204,0,1275,0,120,587,43,0.960,1,2239,0,388.153,7.590,-4.125,-387.625,19.813,0.238,0.063,1.461,-1.516,-7.438,2.453,0.686,0.784,1.186,1.330,3,NULL,NULL,,3,0,2,7,255,1406,250,0,0
stim,197750,227871,0,227871,3425194.454,-0.638,0.217,-0.287,0.681,0,0,136,0,989,0,0,482,43,0.960,1,2239,0,394.785,7.822,20.375,-391.500,46.563,0.129,0.188,1.738,-2.422,-7.438,2.453,0.748,0.846,1.186,1.330,3,NULL,NULL,,3,0,2,7,255,1406,250,0,0
stim,197750,227871,0,227871,3425199.455,-0.631,0.228,-0.298,0.679,0,0,106,0,547,0,0,366,43,0.960,1,2239,0,395.988,11.043,14.000,-390.188,66.063,-0.121,0.160,1.996,-3.434,-10.496,3.137,0.812,0.910,1.186,1.330,3,NULL,NULL,,3,0,2,7,255,1406,250,0,0
stim,197770,227891,0,227891,3425204.453,-0.623,0.237,-0.310,0.678,0,0,96,0,249,0,0,291,43,0.960,1,2239,0,407.862,14.867,-21.313,-396.750,92.125,-0.355,0.105,1.996,-3.434,-14.465,3.137,0.872,0.972,1.186,1.330,3,NULL,NULL,,3,0,2,7,255,1406,250,0,0
stim,197770,227891,0,227891,3425209.455,-0.613,0.246,-0.324,0.677,0,0,68,0,3,0,0,167,43,0.960,1,2239,0,430.340,16.687,-40.500,-407.750,131.500,-0.695,0.145,1.629,-2.590,-16.484,1.086,0.930,1.032,1.186,1.330,3,NULL,NULL,,3,0,2,7,255,1406,250,0,0
stim,197770,227891,0,227891,3425214.453,-0.604,0.256,-0.337,0.675,0,0,69,0,0,0,0,85,43,0.960,1,2239,0,436.507,16.687,-28.313,-420.625,113.188,-0.723,0.539,1.402,-2.590,-16.484,-4.391,0.984,1.088,1.186,1.330,3,NULL,NULL,,3,0,2,7,255,1406,250,0,0
stim,197770,227891,0,227891,3425219.455,-0.596,0.264,-0.351,0.672,0,0,23,0,0,0,0,45,43,0.960,1,2239,0,420.677,16.239,-87.313,-403.188,82.375,-0.371,1.000,1.512,-5.570,-15.254,-5.344,1.034,1.140,1.186,1.330,4,NULL,NULL,,3,0,2,7,255,1406,250,0,0
stim,197799,227920,0,227920,3425224.454,-0.589,0.270,-0.366,0.667,0,0,20,0,0,0,0,19,43,0.960,1,2239,0,416.763,17.676,-139.813,-385.813,72.750,-0.211,1.141,1.262,-10.590,-14.152,-6.387,1.080,1.188,1.186,1.330,0,NULL,NULL,,3,0,2,7,255,1406,250,0,0
stim,197799,227920,0,227920,3425229.455,-0.582,0.275,-0.382,0.663,0,0,27,0,0,0,0,18,43,0.960,1,2239,0,422.751,15.568,-165.813,-373.813,107.188,-0.316,1.020,1.164,-10.621,-11.383,-6.387,1.130,1.238,1.186,1.330,0,NULL,NULL,,3,0,2,7,255,1406,250,0,0
stim,197799,227920,0,227920,3425234.453,-0.575,0.277,-0.398,0.659,0,0,31,0,0,0,0,49,43,0.960,1,2239,0,425.890,15.500,-205.563,-352.438,122.125,-0.410,0.730,1.063,-10.621,-11.289,-8.059,1.184,1.296,1.186,1.330,0,NULL,NULL,,3,0,2,7,255,1406,250,0,0
stim,197799,227920,0,227920,3425239.455,-0.570,0.280,-0.413,0.653,0,0,43,0,0,0,0,73,43,0.960,1,2239,0,385.938,13.365,-220.313,-312.188,54.313,-0.184,0.242,0.914,-7.613,-10.984,-8.059,1.248,1.360,1.186,1.330,0,NULL,NULL,,3,0,2,7,255,1406,250,0,0
stim,197799,227920,0,227920,3425244.454,-0.566,0.282,-0.426,0.647,0,0,55,0,0,0,0,116,43,0.960,1,2239,0,323.762,9.233,-180.250,-266.875,33.313,0.012,-0.160,0.855,-3.266,-8.637,-7.438,1.318,1.430,1.186,1.330,0,NULL,NULL,,3,0,2,7,255,1406,250,0,0
stim,197799,227920,0,227920,3425249.455,-0.562,0.284,-0.436,0.643,0,0,55,0,0,0,0,164,43,0.960,1,2239,0,276.062,8.686,-148.125,-227.813,48.688,-0.023,-0.086,1.117,-0.922,-8.637,-5.383,1.388,1.502,1.186,1.330,0,NULL,NULL,,3,0,2,7,255,1406,250,0,0
stim,197847,227968,0,227968,3425254.453,-0.559,0.283,-0.446,0.639,0,0,55,0,0,0,0,202,43,0.960,1,2239,0,256.166,9.871,-175.875,-178.438,53.375,-0.086,0.176,1.199,-0.922,-9.828,-5.383,1.458,1.574,1.186,1.330,0,NULL,NULL,,3,0,2,7,255,1406,250,0,0
stim,197847,227968,0,227968,3425259.455,-0.558,0.280,-0.456,0.634,0,0,55,0,0,0,0,243,43,0.960,1,2239,0,258.614,10.268,-223.813,-121.438,45.188,-0.086,0.172,0.816,-2.973,-9.828,-5.906,1.528,1.644,1.186,1.330,0,NULL,NULL,,3,0,2,7,255,1406,250,0,0
stim,197847,227968,0,227968,3425264.454,-0.558,0.275,-0.464,0.630,0,0,57,0,0,0,0,246,43,0.960,1,2239,0,246.948,8.070,-232.875,-66.563,48.188,-0.059,0.281,0.289,-3.141,-7.434,-7.637,1.598,1.714,1.186,1.330,0,NULL,NULL,,3,0,2,7,255,1406,250,0,0
stim,197847,227968,0,227968,3425269.455,-0.559,0.269,-0.471,0.627,0,0,55,0,0,0,0,225,43,0.960,1,2239,0,209.967,4.083,-203.125,-8.750,52.438,0.063,0.402,-0.094,-3.141,-2.609,-9.945,1.666,1.780,1.186,1.330,0,NULL,NULL,,3,0,2,7,255,1406,250,0,0
stim,197847,227968,0,227968,3425274.454,-0.560,0.263,-0.474,0.626,0,0,38,0,0,0,0,178,43,0.960,1,2239,0,160.562,3.443,-141.125,38.188,66.375,0.027,0.281,-0.371,-3.141,1.410,-10.852,1.732,1.846,1.186,1.330,0,NULL,NULL,,3,0,2,7,255,1406,250,0,0
stim,197847,227968,0,227968,3425279.455,-0.560,0.258,-0.475,0.628,0,0,31,0,0,0,0,153,43,0.960,1,2239,0,129.017,2.983,-66.188,76.188,80.375,-0.070,0.035,-0.305,-1.895,2.305,-11.719,1.798,1.914,1.186,1.330,0,NULL,NULL,,3,0,2,7,255,1406,250,0,0
stim,197847,227968,0,227968,3425284.453,-0.560,0.253,-0.474,0.631,0,0,28,0,0,0,0,149,43,0.960,1,2239,0,137.465,2.347,-21.313,105.000,86.125,-0.148,-0.102,-0.059,0.445,2.305,-11.719,1.866,1.982,1.186,1.330,0,NULL,NULL,,3,0,2,7,255,1406,250,0,0
stim,197847,227968,0,227968,3425289.455,-0.560,0.247,-0.472,0.634,0,0,29,0,0,0,0,111,43,0.960,1,2239,0,166.237,1.398,-8.938,126.750,107.188,-0.188,-0.160,0.000,1.359,-0.324,-10.961,1.936,2.054,1.186,1.330,0,NULL,NULL,,3,0,2,7,255,1406,250,0,0
stim,197847,227968,0,227968,3425294.454,-0.560,0.241,-0.469,0.639,0,0,29,0,0,0,0,105,43,0.960,1,2239,0,183.656,1.627,11.750,143.063,114.563,-0.285,-0.066,-0.094,1.465,-0.707,-10.961,1.994,2.112,1.186,1.330,0,NULL,NULL,,3,0,2,7,255,1406,250,0,0
stim,197847,227968,0,227968,3425299.455,-0.559,0.235,-0.465,0.644,0,0,25,0,0,0,0,107,43,0.960,1,2239,0,206.434,1.952,50.625,154.000,127.813,-0.355,-0.066,-0.105,1.684,-0.988,-12.324,2.040,2.158,1.186,1.330,0,NULL,NULL,,3,0,2,7,255,1406,250,0,0
stim,197868,227989,0,227989,3425304.453,-0.559,0.230,-0.460,0.651,0,0,26,0,0,0,0,103,43,0.960,1,2239,0,221.678,1.767,80.063,166.000,123.188,-0.430,0.012,0.172,1.465,-0.988,-12.492,2.074,2.192,1.186,1.330,0,NULL,NULL,,3,0,2,7,255,1406,250,0,0
stim,197868,227989,0,227989,3425309.457,-0.558,0.225,-0.454,0.657,0,0,19,0,0,0,0,99,43,0.960,1,2239,0,235.699,3.703,90.375,176.438,127.500,-0.543,0.082,0.191,0.535,-3.664,-12.926,2.090,2.208,1.186,1.330,0,NULL,NULL,,3,0,2,7,255,1406,250,0,0
stim,197868,227989,0,227989,3425314.454,-0.558,0.220,-0.448,0.664,0,0,17,0,0,0,0,92,43,0.960,1,2239,0,242.323,4.437,108.313,187.625,108.563,-0.605,0.117,0.340,0.184,-4.434,-13.289,2.090,2.210,1.186,1.330,0,NULL,NULL,,3,0,2,7,255,1406,250,0,0
stim,197868,227989,0,227989,3425319.455,-0.558,0.215,-0.440,0.670,0,0,23,0,0,0,0,96,43,0.960,1,2239,0,251.913,6.026,116.313,198.688,102.250,-0.664,0.031,0.500,0.184,-6.023,-13.289,2.084,2.204,1.186,1.330,0,NULL,NULL,,3,0,2,7,255,1406,250,0,0
stim,197897,228018,0,228018,3425324.454,-0.558,0.210,-0.433,0.676,0,0,17,0,0,0,0,89,43,0.960,1,2239,0,254.868,7.743,113.000,209.188,91.813,-0.695,0.051,0.594,0.105,-7.742,-12.477,2.070,2.192,1.186,1.330,0,NULL,NULL,,3,0,2,7,255,1406,250,0,0
stim,197897,228018,0,228018,3425329.455,-0.559,0.205,-0.424,0.682,0,0,16,0,0,0,0,87,43,0.960,1,2239,0,256.634,8.718,109.938,220.063,73.125,-0.754,0.012,0.727,0.348,-8.711,-12.148,2.052,2.174,1.186,1.330,0,NULL,NULL,,3,0,2,7,255,1406,250,0,0
stim,197897,228019,0,228019,3425334.454,-0.561,0.199,-0.416,0.687,0,0,17,0,0,0,0,99,43,0.960,1,2239,0,257.317,10.161,96.500,233.063,50.813,-0.754,0.012,0.828,0.156,-10.160,-11.531,2.036,2.158,1.186,1.330,0,NULL,NULL,,3,0,2,7,255,1406,250,0,0
stim,197897,228019,0,228019,3425339.455,-0.564,0.193,-0.408,0.691,0,0,13,0,0,0,0,103,43,0.960,1,2239,0,261.857,11.005,86.125,244.063,39.813,-0.734,-0.039,0.926,0.344,-11.000,-10.762,2.022,2.146,1.186,1.330,0,NULL,NULL,,3,0,2,7,255,1406,250,0,0
stim,197897,228019,0,228019,3425344.453,-0.568,0.187,-0.400,0.695,0,0,16,0,0,0,0,121,43,0.960,1,2239,0,262.686,11.657,65.688,253.563,19.875,-0.801,0.102,1.063,0.156,-11.656,-9.625,2.014,2.140,1.186,1.330,0,NULL,NULL,,3,0,2,7,255,1406,250,0,0
stim,197897,228019,0,228019,3425349.455,-0.572,0.180,-0.392,0.697,0,0,15,0,0,0,0,123,43,0.960,1,2239,0,265.246,13.124,40.125,262.000,-10.063,-0.797,0.105,1.098,-1.094,-13.078,-9.531,2.018,2.144,1.186,1.330,0,NULL,NULL,,3,0,2,7,255,1406,250,0,0
stim,197949,228070,0,228070,3425354.453,-0.578,0.173,-0.384,0.699,0,0,12,0,0,0,0,140,43,0.960,1,2239,0,274.743,13.142,16.063,271.875,-36.188,-0.645,0.098,1.070,-1.297,-13.078,-8.988,2.026,2.154,1.186,1.330,0,NULL,NULL,,3,0,2,7,255,1406,250,0,0
stim,197949,228070,0,228070,3425359.455,-0.585,0.166,-0.377,0.699,0,0,17,0,0,0,0,147,43,0.960,1,2239,0,287.543,12.153,-5.750,282.188,-54.938,-0.488,0.043,0.957,-1.480,-12.063,-7.832,2.040,2.168,1.186,1.330,0,NULL,NULL,,3,0,2,7,255,1406,250,0,0
stim,197949,228070,0,228070,3425364.454,-0.592,0.157,-0.369,0.699,0,0,19,0,0,0,0,149,43,0.960,1,2239,0,297.479,10.240,-14.313,291.750,-56.313,-0.395,0.012,0.855,-1.480,-10.133,-7.094,2.066,2.196,1.186,1.330,0,NULL,NULL,,3,0,2,7,255,1406,250,0,0
stim,197949,228070,0,228070,3425369.455,-0.599,0.149,-0.361,0.699,0,0,20,0,0,0,0,154,43,0.960,1,2239,0,310.193,8.820,-13.813,303.125,-64.375,-0.324,0.055,0.777,-1.480,-8.695,-6.816,2.100,2.232,1.186,1.330,0,NULL,NULL,,3,0,2,7,255,1406,250,0,0
stim,197949,228070,0,228070,3425374.454,-0.606,0.141,-0.353,0.698,0,0,20,0,0,0,0,168,43,0.960,1,2239,0,323.769,7.767,-16.250,313.625,-78.750,-0.320,0.070,0.699,-1.754,-7.566,-6.816,2.140,2.274,1.186,1.330,0,NULL,NULL,,3,0,2,7,255,1406,250,0,0
stim,197949,228070,0,228070,3425379.455,-0.614,0.132,-0.344,0.698,0,0,16,0,0,0,0,166,43,0.960,1,2239,0,335.447,7.171,-10.750,324.500,-84.313,-0.219,0.031,0.531,-1.754,-6.953,-7.199,2.188,2.322,1.186,1.330,0,NULL,NULL,,3,0,2,7,255,1406,250,0,0
stim,197949,228070,0,228070,3425384.454,-0.622,0.124,-0.335,0.697,0,0,19,0,0,0,0,170,43,0.960,1,2239,0,345.737,5.222,13.000,335.125,-84.000,-0.102,-0.008,0.414,-1.313,-5.055,-7.379,2.240,2.376,1.186,1.330,0,NULL,NULL,,3,0,2,7,255,1406,250,0,0
stim,197949,228070,0,228070,3425389.455,-0.629,0.116,-0.324,0.697,0,0,9,0,0,0,0,170,43,0.960,1,2239,0,349.500,3.928,43.750,339.313,-71.438,-0.141,-0.023,0.453,-0.930,-3.816,-7.379,2.296,2.432,1.186,1.330,0,NULL,NULL,,3,0,2,7,255,1406,250,0,0
stim,197949,228070,0,228070,3425394.453,-0.636,0.108,-0.312,0.698,0,0,8,0,0,0,0,177,43,0.960,1,2239,0,357.726,3.928,66.313,344.813,-68.375,-0.152,-0.004,0.480,-0.930,-3.816,-7.191,2.352,2.490,1.186,1.330,0,NULL,NULL,,3,0,2,7,255,1406,250,0,0
stim,197949,228070,0,228070,3425399.455,-0.643,0.101,-0.299,0.698,0,0,11,0,0,0,0,184,43,0.960,1,2239,0,367.452,3.922,85.125,349.188,-76.438,-0.004,-0.039,0.441,-0.902,-3.816,-6.977,2.408,2.548,1.186,1.330,0,NULL,NULL,,3,0,2,7,255,1406,250,0,0
stim,197983,228104,0,228104,3425404.454,-0.649,0.095,-0.285,0.699,0,0,9,0,0,0,0,179,43,0.960,1,2239,0,374.509,2.669,120.063,348.875,-64.250,0.109,-0.035,0.422,-1.016,-2.469,-6.289,2.460,2.600,1.186,1.330,0,NULL,NULL,,3,0,2,7,255,1406,250,0,0
stim,197983,228104,0,228104,3425409.455,-0.654,0.090,-0.270,0.700,0,0,3,0,0,0,0,181,43,0.960,1,2239,0,383.185,2.341,159.688,345.063,-47.563,0.094,0.117,0.590,-1.016,-2.109,-5.824,2.508,2.648,1.186,1.330,0,NULL,NULL,,3,0,2,7,255,1406,250,0,0
stim,197983,228104,0,228104,3425414.453,-0.659,0.085,-0.255,0.702,0,0,3,0,0,0,0,182,43,0.960,1,2239,0,390.001,3.503,181.313,343.250,-37.500,0.105,0.117,0.781,-2.797,-2.109,-4.918,2.552,2.694,1.186,1.330,0,NULL,NULL,,3,0,2,7,255,1406,250,0,0
stim,197983,228104,0,228104,3425419.455,-0.663,0.080,-0.239,0.705,0,0,2,0,0,0,0,185,43,0.960,1,2239,0,389.040,4.064,189.000,339.563,-18.125,0.086,0.082,0.895,-3.027,-2.711,-3.168,2.584,2.728,1.186,1.330,0,NULL,NULL,,3,0,2,7,255,1406,250,0,0
stim,197983,228104,0,228104,3425424.454,-0.666,0.076,-0.223,0.708,0,0,6,0,0,0,0,185,43,0.960,1,2239,0,390.577,4.497,197.625,336.875,-3.125,0.020,0.152,0.988,-3.184,-3.176,-2.066,2.610,2.754,1.186,1.330,0,NULL,NULL,,3,0,2,7,255,1406,250,0,0
stim,197983,228104,0,228104,3425429.455,-0.669,0.072,-0.207,0.710,0,0,3,0,0,0,0,181,43,0.960,1,2239,0,393.688,5.378,206.188,335.375,-0.750,-0.039,0.227,1.133,-3.676,-3.926,-1.574,2.632,2.776,1.186,1.330,0,NULL,NULL,,3,0,2,7,255,1406,250,0,0
stim,198003,228124,0,228124,3425434.453,-0.672,0.067,-0.191,0.713,0,0,3,0,0,0,0,180,43,0.960,1,2239,0,393.341,6.552,207.625,334.063,-3.313,-0.055,0.227,1.313,-4.492,-4.770,-0.484,2.648,2.792,1.186,1.330,0,NULL,NULL,,3,0,2,7,255,1406,250,0,0
stim,198003,228124,0,228124,3425439.455,-0.674,0.063,-0.175,0.715,0,0,0,0,0,0,0,173,43,0.960,1,2239,0,387.734,6.921,200.063,332.125,-2.438,-0.059,0.195,1.473,-4.492,-5.266,1.273,2.662,2.808,1.186,1.330,0,NULL,NULL,,3,0,2,7,255,1406,250,0,0
stim,198003,228124,0,228124,3425444.453,-0.676,0.058,-0.159,0.717,0,0,1,0,0,0,0,173,43,0.960,1,2239,0,379.391,7.057,186.188,330.563,0.188,-0.070,0.180,1.586,-4.441,-5.484,2.973,2.678,2.824,1.186,1.330,0,NULL,NULL,,3,0,2,7,255,1406,250,0,0
stim,198003,228124,0,228124,3425449.455,-0.678,0.053,-0.144,0.718,0,0,4,0,0,0,0,179,43,0.960,1,2239,0,368.550,7.106,168.063,328.000,0.500,-0.102,0.230,1.688,-4.441,-5.547,4.230,2.694,2.840,1.186,1.330,0,NULL,NULL,,3,0,2,7,255,1406,250,0,0
stim,198051,228172,0,228172,3425454.454,-0.681,0.047,-0.130,0.719,0,0,2,0,0,0,0,179,43,0.960,1,2239,0,356.980,7.069,147.125,325.188,-6.500,-0.109,0.207,1.734,-4.383,-5.547,5.227,2.712,2.858,1.186,1.330,0,NULL,NULL,,3,0,2,7,255,1406,250,0,0
stim,198051,228172,0,228172,3425459.455,-0.683,0.041,-0.117,0.720,0,0,9,0,0,0,0,179,43,0.960,1,2239,0,344.782,6.999,124.813,321.188,-11.625,-0.063,0.176,1.746,-4.383,-5.457,5.887,2.732,2.878,1.186,1.330,0,NULL,NULL,,3,0,2,7,255,1406,250,0,0
stim,198051,228172,0,228172,3425464.453,-0.685,0.034,-0.104,0.721,0,0,9,0,0,0,0,183,43,0.960,1,2239,0,333.144,6.066,102.875,316.750,-8.438,-0.004,0.148,1.668,-3.988,-4.570,5.887,2.754,2.900,1.186,1.330,0,NULL,NULL,,3,0,2,7,255,1406,250,0,0
stim,198051,228172,0,228172,3425469.455,-0.686,0.027,-0.092,0.721,0,0,8,0,0,0,0,179,43,0.960,1,2239,0,325.150,4.897,88.938,312.750,0.563,-0.004,0.105,1.605,-3.566,-3.355,5.887,2.784,2.930,1.186,1.330,0,NULL,NULL,,3,0,2,7,255,1406,250,0,0
stim,198051,228172,0,228172,3425474.454,-0.687,0.020,-0.080,0.722,0,0,9,0,0,0,0,179,43,0.960,1,2239,0,318.080,4.425,78.938,308.125,1.688,-0.090,0.145,1.535,-3.125,-3.133,5.465,2.814,2.962,1.186,1.330,0,NULL,NULL,,3,0,2,7,255,1406,250,0,0
stim,198051,228172,0,228172,3425479.455,-0.689,0.013,-0.068,0.721,0,0,10,0,0,0,0,179,43,0.960,1,2239,0,313.939,4.086,74.625,304.875,-6.313,-0.063,0.137,1.488,-2.957,-2.820,4.688,2.848,2.996,1.186,1.330,0,NULL,NULL,,3,0,2,7,255,1406,250,0,0
stim,198051,228172,0,228172,3425484.453,-0.690,0.005,-0.057,0.721,0,0,13,0,0,0,0,183,43,0.960,1,2239,0,309.310,3.807,76.313,299.688,-6.063,-0.023,0.063,1.441,-2.934,-2.426,4.371,2.884,3.030,1.186,1.330,0,NULL,NULL,,3,0,2,7,255,1406,250,0,0
stim,198051,228172,0,228172,3425489.455,-0.691,-0.001,-0.045,0.721,0,0,13,0,0,0,0,181,43,0.960,1,2239,0,306.791,2.631,81.563,295.750,-0.125,-0.016,0.059,1.465,-2.117,-1.563,4.371,2.918,3.066,1.186,1.330,0,NULL,NULL,,3,0,2,7,255,1406,250,0,0
stim,198051,228172,0,228172,3425494.454,-0.692,-0.008,-0.034,0.721,0,0,17,0,0,0,0,178,43,0.960,1,2239,0,302.219,2.414,80.500,291.188,8.125,-0.023,0.090,1.461,-2.117,-1.160,4.363,2.952,3.098,1.186,1.330,0,NULL,NULL,,3,0,2,7,255,1406,250,0,0
stim,198051,228172,0,228172,3425499.455,-0.692,-0.014,-0.022,0.721,0,0,14,0,0,0,0,183,43,0.960,1,2239,0,299.281,2.525,84.438,286.938,10.313,-0.113,0.148,1.434,-2.242,-1.160,4.363,2.982,3.130,1.186,1.330,0,NULL,NULL,,3,0,2,7,255,1406,250,0,0
stim,198070,228191,0,228191,3425504.453,-0.693,-0.020,-0.010,0.721,0,0,18,0,0,0,0,181,43,0.960,1,2239,0,297.122,2.490,98.813,280.188,3.500,-0.121,0.074,1.383,-2.242,-1.082,4.059,3.010,3.156,1.186,1.330,0,NULL,NULL,,3,0,2,7,255,1406,250,0,0
stim,198070,228191,0,228191,3425509.455,-0.693,-0.025,0.002,0.721,0,0,13,0,0,0,0,175,43,0.960,1,2239,0,298.444,2.087,115.125,275.188,9.313,-0.012,0.051,1.496,-1.785,-1.082,4.059,3.030,3.178,1.186,1.330,0,NULL,NULL,,3,0,2,7,255,1406,250,0,0
stim,198070,228191,0,228191,3425514.454,-0.692,-0.030,0.014,0.721,0,0,19,0,0,0,0,174,43,0.960,1,2239,0,297.087,1.801,126.000,267.938,24.375,-0.051,0.090,1.543,-1.773,0.313,4.781,3.048,3.196,1.186,1.330,0,NULL,NULL,,3,0,2,7,255,1406,250,0,0
stim,198070,228191,0,228191,3425519.455,-0.692,-0.034,0.026,0.721,0,0,19,0,0,0,0,175,43,0.960,1,2239,0,296.670,1.801,134.313,263.250,25.938,-0.117,0.184,1.672,-1.773,0.313,5.242,3.062,3.210,1.186,1.330,0,NULL,NULL,,3,0,2,7,255,1406,250,0,0
stim,198100,228221,0,228221,3425524.454,-0.691,-0.038,0.039,0.721,0,0,19,0,0,0,0,173,43,0.960,1,2239,0,296.384,2.005,143.500,258.250,23.625,-0.051,0.141,1.672,-1.980,0.313,6.496,3.072,3.220,1.186,1.330,0,NULL,NULL,,3,0,2,7,255,1406,250,0,0
stim,198100,228221,0,228221,3425529.455,-0.690,-0.041,0.052,0.721,0,0,21,0,0,0,0,179,43,0.960,1,2239,0,301.369,2.366,157.875,255.500,24.875,-0.031,0.168,1.820,-2.066,1.152,6.520,3.080,3.228,1.186,1.330,0,NULL,NULL,,3,0,2,7,255,1406,250,0,0
stim,198100,228221,0,228221,3425534.453,-0.689,-0.043,0.064,0.720,0,0,20,0,0,0,0,175,43,0.960,1,2239,0,303.406,2.725,162.938,254.688,25.313,0.051,0.113,1.883,-1.980,1.871,7.879,3.086,3.236,1.186,1.330,0,NULL,NULL,,3,0,2,7,255,1406,250,0,0
stim,198100,228221,0,228221,3425539.455,-0.688,-0.046,0.077,0.720,0,0,20,0,0,0,0,165,43,0.960,1,2239,0,308.865,3.479,172.188,253.938,35.563,0.109,0.148,1.953,-1.438,3.168,8.367,3.090,3.240,1.186,1.330,0,NULL,NULL,,3,0,2,7,255,1406,250,0,0
stim,198100,228221,0,228221,3425544.454,-0.687,-0.048,0.090,0.720,0,0,25,0,0,0,0,169,43,0.960,1,2239,0,311.269,4.483,176.813,254.375,30.313,0.066,0.270,2.066,-1.438,4.246,8.887,3.092,3.242,1.186,1.330,0,NULL,NULL,,3,0,2,7,255,1406,250,0,0
stim,198100,228221,0,228221,3425549.455,-0.686,-0.051,0.104,0.719,0,0,20,0,0,0,0,167,43,0.960,1,2239,0,309.952,4.719,171.813,257.188,20.125,0.281,0.227,2.195,-1.648,4.422,10.020,3.092,3.242,1.186,1.330,0,NULL,NULL,,3,0,2,7,255,1406,250,0,0
stim,198147,228268,0,228268,3425554.453,-0.684,-0.054,0.117,0.718,0,0,23,0,0,0,0,164,43,0.960,1,2239,0,310.277,7.412,170.625,257.438,29.750,0.480,0.109,2.180,-1.648,7.227,10.020,3.092,3.240,1.186,1.330,0,NULL,NULL,,3,0,2,7,255,1406,250,0,0
stim,198147,228268,0,228268,3425559.455,-0.682,-0.057,0.130,0.717,0,0,22,0,0,0,0,165,43,0.960,1,2239,0,316.062,9.627,174.500,259.750,44.438,0.570,0.113,2.254,-0.348,9.621,10.090,3.086,3.234,1.186,1.330,0,NULL,NULL,,3,0,2,7,255,1406,250,0,0
stim,198147,228268,0,228268,3425564.454,-0.680,-0.060,0.143,0.717,0,0,25,0,0,0,0,179,43,0.960,1,2239,0,318.001,11.106,171.875,262.313,52.688,0.656,0.098,2.320,-0.098,11.105,10.090,3.076,3.224,1.186,1.330,0,NULL,NULL,,3,0,2,7,255,1406,250,0,0
stim,198147,228268,0,228268,3425569.455,-0.676,-0.061,0.157,0.717,0,0,27,0,0,0,0,223,43,0.960,1,2239,0,333.379,12.577,201.688,255.125,73.313,0.516,0.051,2.734,0.285,12.574,10.199,3.062,3.212,1.186,1.330,0,NULL,NULL,,3,0,2,7,255,1406,250,0,0
stim,198147,228268,0,228268,3425574.454,-0.672,-0.056,0.174,0.718,0,0,20,0,0,0,0,237,43,0.960,1,2239,0,420.801,12.995,347.875,191.438,139.313,0.691,0.578,4.191,0.285,12.992,14.109,3.044,3.194,1.186,1.330,0,NULL,NULL,,3,0,2,7,255,1406,250,0,0
stim,198147,228268,0,228268,3425579.455,-0.670,-0.063,0.182,0.717,0,0,23,0,0,0,0,265,43,0.960,1,2239,0,246.436,19.527,27.125,244.938,0.688,0.773,-0.387,3.641,1.563,19.465,20.262,3.020,3.168,1.186,1.330,0,NULL,NULL,,3,0,2,7,255,1406,250,0,0
stim,198148,228270,0,228270,3425584.454,-0.667,-0.077,0.185,0.717,0,0,22,0,0,0,0,267,43,0.960,1,2239,0,315.010,20.381,-173.750,262.625,8.375,1.074,-0.566,1.609,6.043,19.465,20.262,2.990,3.138,1.186,1.330,0,NULL,NULL,,3,0,2,7,255,1406,250,0,0
stim,198149,228270,0,228270,3425589.455,-0.663,-0.087,0.190,0.719,0,0,27,0,0,0,0,233,43,0.960,1,2239,0,286.263,16.910,-79.625,268.438,59.563,1.273,0.016,0.332,6.043,15.793,0.254,2.956,3.102,1.186,1.330,0,NULL,NULL,,3,0,2,7,255,1406,250,0,0
stim,198149,228270,0,228270,3425594.453,-0.660,-0.091,0.202,0.718,0,0,24,0,0,0,0,223,43,0.960,1,2239,0,290.179,12.803,121.813,257.063,57.313,1.066,-0.262,0.539,1.828,12.672,-9.566,2.916,3.060,1.186,1.330,0,NULL,NULL,,3,0,2,7,255,1406,250,0,0
stim,198149,228270,0,228270,3425599.455,-0.658,-0.092,0.216,0.716,0,0,25,0,0,0,0,219,43,0.960,1,2239,0,342.085,12.803,234.375,245.375,43.375,0.883,-1.098,1.336,1.828,12.672,-9.566,2.870,3.014,1.186,1.330,0,NULL,NULL,,3,0,2,7,255,1406,250,0,0
stim,198168,228289,0,228289,3425604.454,-0.655,-0.091,0.231,0.714,0,0,27,0,0,0,0,223,43,0.960,1,2239,0,340.253,17.838,247.188,228.188,51.000,0.941,-1.320,2.063,11.113,13.953,-3.430,2.820,2.964,1.186,1.330,0,NULL,NULL,,3,0,2,7,255,1406,250,0,0
stim,198168,228289,0,228289,3425609.455,-0.652,-0.092,0.243,0.712,0,0,24,0,0,0,0,231,43,0.960,1,2239,0,301.373,21.045,196.750,219.188,63.813,1.137,-0.824,2.043,11.113,17.871,1.000,2.766,2.908,1.186,1.330,0,NULL,NULL,,3,0,2,7,255,1406,250,0,0
stim,198168,228289,0,228289,3425614.453,-0.648,-0.092,0.256,0.712,0,0,25,0,0,0,0,231,43,0.960,1,2239,0,298.139,20.206,196.250,208.000,84.313,1.082,-0.266,1.715,9.430,17.871,1.000,2.712,2.852,1.186,1.330,0,NULL,NULL,,3,0,2,7,255,1406,250,0,0
stim,198168,228289,0,228289,3425619.455,-0.645,-0.091,0.268,0.710,0,0,24,0,0,0,0,253,43,0.960,1,2239,0,303.090,17.858,221.438,196.250,65.688,0.836,-0.004,1.852,3.781,17.453,1.000,2.656,2.794,1.186,1.330,0,NULL,NULL,,3,0,2,7,255,1406,250,0,0
stim,198193,228314,0,228314,3425624.454,-0.643,-0.091,0.280,0.707,0,0,25,0,0,0,0,283,43,0.960,1,2239,0,287.502,17.858,220.375,184.250,12.000,0.945,-0.133,2.199,3.781,17.453,1.621,2.596,2.734,1.186,1.330,0,NULL,NULL,,3,0,2,7,255,1406,250,0,0
stim,198193,228314,0,228314,3425629.455,-0.642,-0.091,0.291,0.703,0,0,27,0,0,0,0,315,43,0.960,1,2239,0,248.789,19.450,181.750,169.063,-16.750,1.320,-0.500,2.320,4.086,19.016,1.621,2.532,2.670,1.186,1.330,0,NULL,NULL,,3,0,2,7,255,1406,250,0,0
stim,198193,228314,0,228314,3425634.454,-0.642,-0.092,0.299,0.700,0,0,27,0,0,0,0,343,43,0.960,1,2239,0,202.995,24.211,135.625,149.625,-20.625,1.578,-0.668,2.145,7.488,23.023,1.094,2.460,2.598,1.186,1.330,0,NULL,NULL,,3,0,2,7,255,1406,250,0,0
stim,198193,228314,0,228314,3425639.455,-0.641,-0.094,0.306,0.698,0,0,25,0,0,0,0,364,43,0.960,1,2239,0,168.377,25.529,105.063,129.563,-22.938,1.891,-0.648,1.789,7.488,24.406,-2.469,2.390,2.524,1.186,1.330,0,NULL,NULL,,3,0,2,7,255,1406,250,0,0
stim,198213,228334,0,228334,3425644.453,-0.641,-0.094,0.312,0.695,0,0,25,0,6,0,0,381,43,0.960,1,2239,0,145.403,26.078,96.813,107.750,-12.625,2.172,-0.680,1.488,7.098,25.094,-7.184,2.318,2.454,1.186,1.330,0,NULL,NULL,,3,0,2,7,255,1406,250,0,0
stim,198213,228334,0,228334,3425649.455,-0.641,-0.095,0.317,0.693,0,0,25,0,17,0,0,407,43,0.960,1,2239,0,126.488,26.061,91.625,85.375,-17.750,2.203,-0.809,1.262,7.035,25.094,-11.410,2.248,2.384,1.186,1.330,0,NULL,NULL,,3,0,2,7,255,1406,250,0,0
stim,198245,228366,0,228366,3425654.454,-0.641,-0.094,0.321,0.690,0,0,26,0,19,0,0,415,43,0.960,1,2239,0,127.261,25.986,102.125,65.813,-37.875,2.391,-1.078,1.055,7.035,25.016,-13.988,2.174,2.308,1.186,1.330,0,NULL,NULL,,3,0,2,7,255,1406,250,0,0
stim,198245,228366,0,228366,3425659.455,-0.642,-0.093,0.326,0.687,0,0,25,0,27,0,0,425,43,0.960,1,2239,0,141.811,26.533,129.188,46.625,-35.313,2.645,-1.375,0.938,8.844,25.016,-17.574,2.094,2.230,1.186,1.330,0,NULL,NULL,,3,0,2,7,255,1406,250,0,0
stim,198245,228366,0,228366,3425664.453,-0.643,-0.089,0.332,0.685,0,0,28,0,29,0,0,427,43,0.960,1,2239,0,172.376,28.460,170.688,23.688,-4.250,2.668,-1.480,1.059,11.070,26.219,-20.758,2.010,2.146,1.186,1.330,0,NULL,NULL,,3,0,2,7,255,1406,250,0,0
stim,198245,228366,0,228366,3425669.455,-0.643,-0.083,0.338,0.682,0,0,27,0,37,0,0,431,43,0.960,1,2239,0,207.448,29.643,205.563,1.250,27.875,2.457,-1.340,1.410,12.406,26.922,-20.758,1.918,2.054,1.186,1.330,0,NULL,NULL,,3,0,2,7,255,1406,250,0,0
stim,198245,228366,0,228366,3425674.454,-0.643,-0.076,0.344,0.680,0,0,25,0,36,0,0,421,43,0.960,1,2239,0,213.394,29.824,209.438,-19.875,35.750,2.121,-1.008,1.910,12.406,27.121,-16.777,1.820,1.956,1.186,1.330,0,NULL,NULL,,3,0,2,7,255,1406,250,0,0
stim,198245,228366,0,228366,3425679.455,-0.643,-0.068,0.349,0.679,0,0,2,0,4,0,0,547,43,0.960,1,2239,0,206.277,29.860,197.625,-45.750,37.438,1.504,-1.074,2.594,12.492,27.121,-10.324,1.720,1.856,1.186,1.330,0,NULL,NULL,,3,0,2,7,255,1406,250,0,0
stim,198245,228366,0,228366,3425684.453,-0.638,-0.040,0.360,0.679,99,0,0,333,13,0,0,601,43,0.960,1,2239,0,701.929,31.361,575.500,-248.688,315.688,1.637,-0.016,6.719,15.605,27.203,-2.316,1.612,1.746,1.186,1.330,0,NULL,NULL,,3,0,2,7,255,1406,250,0,0
stim,198245,228366,0,228366,3425689.455,-0.640,-0.029,0.358,0.680,759,0,3,943,2,85,0,615,43,0.960,1,2239,0,260.864,53.832,126.438,-219.625,61.875,1.219,0.391,8.578,21.945,49.156,31.297,1.500,1.634,1.186,1.330,0,NULL,NULL,,3,0,2,7,255,1406,250,0,0
stim,198245,228366,0,228366,3425694.454,-0.636,-0.046,0.329,0.697,1222,0,1,1395,0,275,0,649,43,0.960,1,2239,0,878.436,53.832,-855.688,-139.250,141.625,0.457,0.926,3.387,21.945,49.156,31.297,1.384,1.516,1.186,1.330,0,NULL,NULL,,3,0,2,7,255,1406,250,0,0
stim,198245,228366,0,228366,3425699.455,-0.626,-0.066,0.292,0.720,1677,0,0,1772,0,533,0,691,43,0.960,1,2239,0,1117.072,21.113,-1061.188,-175.688,301.438,0.820,3.281,-0.738,1.453,21.063,17.703,1.264,1.394,1.186,1.330,0,NULL,NULL,,3,0,2,7,255,1406,250,0,0
stim,198276,228397,0,228397,3425704.453,-0.616,-0.073,0.272,0.736,2031,0,0,1973,0,700,0,729,43,0.960,1,2240,0,649.033,28.029,-553.375,-138.813,309.438,-0.422,2.555,-2.570,-28.000,1.277,-9.520,1.142,1.268,1.186,1.330,1,1330.000,-76.000,,3,0,2,7,255,1406,250,0,0
stim,198276,228397,0,228397,3425709.455,-0.609,-0.069,0.264,0.745,2253,0,0,2133,0,879,0,783,43,0.960,1,2240,0,334.829,33.642,-147.000,-163.250,252.688,-1.895,-0.398,-0.777,-28.000,-18.648,-9.578,1.020,1.140,1.186,1.330,1,NULL,NULL,,3,0,2,7,255,1406,250,0,0
stim,198276,228397,0,228397,3425714.454,-0.606,-0.064,0.260,0.749,2421,0,0,2219,0,990,0,866,43,0.960,1,2240,0,189.481,19.851,-8.938,-138.500,129.000,-1.441,-0.621,1.082,6.805,-18.648,-9.578,0.900,1.012,1.186,1.330,1,NULL,NULL,,3,0,2,7,255,1406,250,0,0
stim,198276,228397,0,228397,3425719.455,-0.604,-0.060,0.258,0.752,2601,0,0,2443,0,1145,0,921,43,0.960,1,2240,0,136.303,9.489,-17.375,-99.000,92.063,-0.082,1.898,1.566,6.805,-6.613,3.441,0.782,0.886,1.186,1.330,1,NULL,NULL,,3,0,2,7,255,1406,250,0,0
stim,198276,228397,0,228397,3425724.454,-0.600,-0.057,0.253,0.757,2739,0,0,2621,0,1171,0,968,43,0.960,1,2240,0,202.882,14.542,-83.875,-96.438,157.563,-0.352,2.602,1.781,-14.535,0.461,9.195,0.674,0.764,1.186,1.330,1,NULL,NULL,,3,0,2,7,255,1406,250,0,0
stim,198276,228397,0,228397,3425729.455,-0.592,-0.057,0.241,0.767,2829,0,0,2734,0,1142,0,1011,43,0.960,1,2240,0,403.260,14.542,-274.125,-148.438,255.813,-1.605,0.090,1.359,-14.535,0.461,9.195,0.574,0.646,1.186,1.330,2,NULL,NULL,,3,0,2,7,255,1406,250,0,0
stim,198309,228430,0,228430,3425734.453,-0.587,-0.060,0.225,0.775,2900,0,0,2834,0,1129,0,1111,43,0.960,1,2240,0,428.313,10.239,-367.563,-163.188,147.375,-2.094,-1.164,-0.324,5.930,-8.348,8.105,0.482,0.534,1.186,1.330,2,NULL,NULL,,3,0,2,7,255,1406,250,0,0
stim,198309,228430,0,228430,3425739.455,-0.588,-0.058,0.214,0.778,2936,0,0,2907,0,1113,0,1193,43,0.960,1,2240,0,257.318,17.417,-178.063,-185.500,9.813,-1.508,-0.680,-0.711,9.730,-14.445,-8.211,0.404,0.424,1.186,1.330,2,NULL,NULL,,3,0,2,7,255,1406,250,0,0
stim,198309,228430,0,228430,3425744.454,-0.593,-0.052,0.208,0.776,2979,0,0,2957,0,1125,0,1287,43,0.960,1,2240,0,213.477,17.417,-10.688,-190.500,-95.750,-0.801,-0.012,0.813,9.730,-14.445,-8.211,0.354,0.332,1.186,1.330,2,NULL,NULL,,3,0,2,7,255,1406,250,0,0
stim,198309,228430,0,228430,3425749.455,-0.600,-0.048,0.203,0.772,3005,0,0,3019,0,1161,0,1369,43,0.960,1,2240,0,235.191,5.288,-3.938,-169.500,-163.000,0.117,0.188,1.715,3.375,-4.070,0.020,0.334,0.264,1.186,1.330,2,NULL,NULL,,3,0,2,7,255,1406,250,0,0
stim,198343,228464,0,228464,3425754.453,-0.606,-0.045,0.197,0.770,3033,0,0,3051,0,1207,0,1429,43,0.960,1,2240,0,216.139,6.914,-55.063,-159.188,-135.438,0.945,-0.211,1.563,1.582,6.730,1.070,0.356,0.260,1.186,1.330,2,NULL,NULL,,3,0,2,7,255,1406,250,0,0
stim,198343,228464,0,228464,3425759.455,-0.608,-0.043,0.190,0.770,3089,0,0,3094,0,1313,0,1479,43,0.960,1,2240,0,170.579,14.299,-89.563,-140.063,-38.188,1.066,-0.969,1.773,1.582,14.211,1.234,0.384,0.286,1.186,1.330,2,NULL,NULL,,3,0,2,7,255,1406,250,0,0
stim,198343,228464,0,228464,3425764.454,-0.606,-0.043,0.182,0.773,3051,0,0,3115,0,1426,0,1509,43,0.960,1,2240,0,203.804,16.636,-160.000,-113.688,54.875,0.629,-1.410,1.543,8.648,14.211,1.070,0.412,0.322,1.186,1.330,2,NULL,NULL,,3,0,2,7,255,1406,250,0,0
stim,198343,228464,0,228464,3425769.455,-0.603,-0.044,0.173,0.777,3079,0,0,3145,30,1498,0,1564,43,0.960,1,2240,0,242.603,17.672,-197.875,-101.750,96.688,-0.227,-1.047,1.012,11.422,13.484,-0.188,0.440,0.356,1.186,1.330,2,NULL,NULL,,3,0,2,7,255,1406,250,0,0
stim,198343,228464,0,228464,3425774.454,-0.601,-0.044,0.165,0.781,3080,0,0,3157,84,1625,0,1610,43,0.960,1,2240,0,199.151,11.894,-153.938,-105.188,70.000,-0.570,-0.395,0.469,11.422,3.316,-1.762,0.464,0.378,1.186,1.330,2,NULL,NULL,,3,0,2,7,255,1406,250,0,0
stim,198343,228464,0,228464,3425779.455,-0.601,-0.042,0.159,0.782,3087,0,0,3160,143,1740,0,1657,43,0.960,1,2240,0,143.523,6.341,-81.000,-115.125,28.000,-0.566,-0.148,0.605,5.617,-2.941,-3.004,0.478,0.392,1.186,1.330,2,NULL,NULL,,3,0,2,7,255,1406,250,0,0
stim,198370,228491,0,228491,3425784.454,-0.602,-0.039,0.155,0.783,3080,0,0,3161,240,1832,0,1707,43,0.960,1,2240,0,122.980,4.503,-42.063,-115.563,-0.125,-0.355,-0.137,1.020,3.410,-2.941,-3.004,0.478,0.402,1.186,1.330,2,NULL,NULL,,3,0,2,7,255,1406,250,0,0
stim,198370,228491,0,228491,3425789.455,-0.602,-0.036,0.150,0.783,3081,0,0,3165,361,1917,0,1753,43,0.960,1,2240,0,122.157,3.110,-46.625,-112.750,-6.000,-0.129,0.027,1.211,3.105,-0.168,0.352,0.458,0.408,1.186,1.330,2,NULL,NULL,,3,0,2,7,255,1406,250,0,0
stim,198370,228491,0,228491,3425794.453,-0.603,-0.035,0.145,0.784,3093,0,0,3167,445,1992,0,1789,43,0.960,1,2240,0,119.922,2.242,-61.750,-102.750,-3.250,0.047,0.016,1.180,1.102,1.953,1.215,0.436,0.408,1.186,1.330,2,NULL,NULL,,3,0,2,7,255,1406,250,0,0
stim,198370,228491,0,228491,3425799.455,-0.603,-0.033,0.140,0.785,3095,0,0,3176,542,2075,0,1834,43,0.960,1,2240,0,124.952,3.558,-79.813,-95.813,7.938,0.031,-0.137,1.152,1.102,3.383,1.215,0.412,0.402,1.186,1.330,2,NULL,NULL,,3,0,2,7,255,1406,250,0,0
stim,198370,228491,0,228491,3425804.454,-0.603,-0.033,0.135,0.786,3091,0,0,3164,734,2152,60,1939,43,0.960,1,2240,0,126.719,3.987,-88.438,-89.125,17.125,0.012,-0.277,0.973,2.109,3.383,0.809,0.388,0.384,1.186,1.330,2,NULL,NULL,,3,0,2,7,255,1406,250,0,0
stim,198370,228491,0,228491,3425809.455,-0.602,-0.031,0.130,0.787,3093,0,0,3169,874,2205,133,2013,43,0.960,1,2240,0,107.126,4.308,-68.813,-79.438,20.750,0.020,-0.227,1.121,2.828,3.250,0.500,0.358,0.348,1.186,1.330,2,NULL,NULL,,3,0,2,7,255,1406,250,0,0
stim,198370,228491,0,228491,3425814.454,-0.603,-0.031,0.128,0.787,3095,0,0,3165,998,2239,123,2080,43,0.960,1,2240,0,54.930,4.308,-27.313,-46.813,-8.938,0.168,0.051,1.223,2.828,3.250,0.500,0.328,0.308,1.186,1.330,2,NULL,NULL,,3,0,2,7,255,1406,250,0,0
stim,198370,228491,0,228491,3425819.455,-0.603,-0.029,0.127,0.787,3089,0,0,3163,1123,2277,125,2133,43,0.960,1,2240,0,40.491,4.149,-6.500,-39.938,-1.500,0.371,0.527,1.000,-0.094,4.148,0.500,0.298,0.272,1.186,1.330,2,NULL,NULL,,3,0,2,7,255,1406,250,0,0
stim,198399,228520,0,228520,3425824.454,-0.603,-0.028,0.126,0.787,3097,0,0,3171,1180,2299,131,2169,43,0.960,1,2240,0,34.536,6.707,8.875,-33.000,-5.000,-0.043,0.750,1.469,-5.270,4.148,1.543,0.266,0.244,1.186,1.330,2,NULL,NULL,,3,0,2,7,255,1406,250,0,0
stim,198399,228520,0,228520,3425829.455,-0.604,-0.029,0.124,0.786,3101,0,0,3171,1257,2327,127,2218,43,0.960,1,2240,0,59.518,5.363,-46.875,-19.500,-31.063,-0.211,0.336,1.398,-5.270,0.996,4.359,0.240,0.226,1.186,1.330,2,NULL,NULL,,3,0,2,7,255,1406,250,0,0
stim,198399,228520,0,228520,3425834.454,-0.605,-0.030,0.121,0.786,3089,0,0,3163,1293,2351,125,2251,43,0.960,1,2240,0,77.598,1.935,-71.313,-16.125,-26.000,-0.074,0.164,0.969,-1.680,0.961,4.359,0.218,0.210,1.186,1.330,2,NULL,NULL,,3,0,2,7,255,1406,250,0,0
stim,198399,228520,0,228520,3425839.455,-0.606,-0.031,0.119,0.786,3099,7,0,3175,1369,2364,120,2283,43,0.960,1,2240,0,68.379,0.879,-55.375,-14.250,-37.500,-0.238,0.211,0.965,-0.848,0.234,0.105,0.202,0.198,1.186,1.330,2,NULL,NULL,,3,0,2,7,255,1406,250,0,0
stim,198399,228520,0,228520,3425844.453,-0.609,-0.032,0.117,0.784,3089,19,0,3169,1451,2373,121,2301,43,0.960,1,2240,0,79.515,0.879,-38.813,-11.875,-68.375,-0.180,0.254,0.992,-0.848,-0.234,0.105,0.194,0.182,1.186,1.330,2,NULL,NULL,,3,0,2,7,255,1406,250,0,0
stim,198399,228520,0,228520,3425849.455,-0.611,-0.032,0.115,0.782,3091,37,0,3165,1499,2394,120,2334,43,0.960,1,2240,0,81.191,0.879,-33.563,-11.688,-73.000,0.031,0.129,0.977,-0.848,-0.234,0.105,0.186,0.166,1.186,1.330,2,NULL,NULL,,3,0,2,7,255,1406,250,0,0
stim,198447,228568,0,228568,3425854.454,-0.613,-0.033,0.113,0.781,3093,55,0,3173,1573,2409,121,2371,43,0.960,1,2240,0,65.527,1.836,-39.313,-10.125,-51.438,-0.027,0.105,1.059,-0.824,1.641,0.289,0.178,0.152,1.186,1.330,2,NULL,NULL,,3,0,2,7,255,1406,250,0,0
stim,198447,228568,0,228568,3425859.455,-0.615,-0.034,0.111,0.780,3099,57,0,3175,1605,2425,125,2389,43,0.960,1,2240,0,76.279,1.812,-53.313,-8.188,-53.938,-0.160,0.168,1.055,-0.770,1.641,0.461,0.172,0.140,1.186,1.330,2,NULL,NULL,,3,0,2,7,255,1406,250,0,0
stim,198447,228568,0,228568,3425864.453,-0.617,-0.036,0.109,0.779,3093,73,0,3173,1615,2445,133,2404,43,0.960,1,2240,0,75.188,1.699,-47.000,-4.688,-58.500,0.000,0.008,0.887,-0.441,1.641,0.461,0.172,0.132,1.186,1.330,2,NULL,NULL,,3,0,2,7,255,1406,250,0,0
stim,198447,228568,0,228568,3425869.455,-0.618,-0.036,0.108,0.778,3093,77,0,3179,1674,2450,133,2413,43,0.960,1,2240,0,51.226,1.751,-29.563,-4.188,-41.625,0.031,0.012,1.000,0.172,1.742,-0.277,0.174,0.126,1.186,1.330,2,NULL,NULL,,3,0,2,7,255,1406,250,0,0
stim,198447,228568,0,228568,3425874.454,-0.619,-0.037,0.106,0.777,3095,103,0,3177,1709,2463,133,2428,43,0.960,1,2240,0,48.012,1.751,-36.063,-2.125,-31.625,-0.055,0.094,1.070,0.172,1.742,-0.277,0.182,0.116,1.186,1.330,2,NULL,NULL,,3,0,2,7,255,1406,250,0,0
stim,198447,228568,0,228568,3425879.455,-0.620,-0.038,0.105,0.777,3096,115,24,3181,1745,2477,133,2443,43,0.960,1,2240,0,45.216,1.386,-37.375,-0.750,-25.438,-0.090,0.020,0.941,0.172,1.375,-0.277,0.200,0.102,1.186,1.330,2,NULL,NULL,,3,0,2,7,255,1406,250,0,0
stim,198447,228568,0,228568,3425884.454,-0.621,-0.039,0.104,0.776,3096,119,25,3181,1767,2485,133,2453,43,0.960,1,2240,0,35.949,0.980,-27.750,-1.375,-22.813,-0.164,0.020,0.945,0.285,0.938,-0.418,0.218,0.084,1.186,1.330,2,NULL,NULL,,3,0,2,7,255,1406,250,0,0
stim,198447,228568,0,228568,3425889.455,-0.622,-0.040,0.103,0.775,3095,141,61,3182,1790,2495,133,2459,43,0.960,1,2240,0,36.522,0.390,-22.000,-1.250,-29.125,-0.180,0.043,0.957,0.285,0.266,-0.418,0.234,0.068,1.186,1.330,2,NULL,NULL,,3,0,2,7,255,1406,250,0,0
stim,198447,228568,0,228568,3425894.453,-0.623,-0.040,0.102,0.775,3101,167,67,3183,1807,2503,135,2469,43,0.960,1,2240,0,30.510,0.515,-15.188,-1.125,-26.438,-0.117,-0.020,0.984,0.441,0.266,-0.266,0.248,0.058,1.186,1.330,2,NULL,NULL,,3,0,2,7,255,1406,250,0,0
stim,198447,228568,0,228568,3425899.455,-0.623,-0.041,0.101,0.774,3109,173,103,3195,1851,2510,135,2483,43,0.960,1,2240,0,26.345,1.096,-18.188,-1.500,-19.000,-0.090,-0.090,0.980,0.695,0.848,-0.266,0.256,0.052,1.186,1.330,2,NULL,NULL,,3,0,2,7,255,1406,250,0,0
stim,198469,228590,0,228590,3425904.454,-0.623,-0.041,0.100,0.774,3101,197,115,3193,1879,2518,134,2488,43,0.960,1,2240,0,16.835,1.659,-15.750,-1.250,-5.813,-0.113,-0.137,0.961,1.277,1.059,-0.313,0.264,0.046,1.186,1.330,2,NULL,NULL,,3,0,2,7,255,1406,250,0,0
stim,198469,228590,0,228590,3425909.455,-0.624,-0.042,0.099,0.774,3109,190,157,3187,1892,2521,135,2487,43,0.960,1,2240,0,17.235,1.846,-16.938,-2.813,-1.500,-0.191,-0.098,0.938,1.512,1.059,-0.469,0.274,0.042,1.186,1.330,2,NULL,NULL,,3,0,2,7,255,1406,250,0,0
stim,198469,228590,0,228590,3425914.453,-0.624,-0.042,0.099,0.774,3095,198,181,3191,1908,2525,134,2491,43,1.012,1,2240,1,6.298,1.697,-4.813,-3.938,-1.000,-0.172,-0.121,0.887,1.668,0.313,-0.531,0.000,0.000,1.185,1.336,2,NULL,NULL,,3,0,2,7,255,1406,250,0,0
stim,198469,228590,0,228590,3425919.455,-0.624,-0.042,0.099,0.774,3096,203,215,3188,1918,2525,127,2495,43,1.012,1,2240,1,5.023,1.544,2.188,-4.500,0.438,-0.172,-0.043,0.996,1.512,0.313,-0.531,0.006,0.006,1.185,1.336,2,NULL,NULL,,3,0,2,7,255,1406,250,0,0
stim,198492,228613,0,228613,3425924.454,-0.624,-0.042,0.099,0.774,3095,189,260,3183,1891,2537,121,2505,43,1.012,1,2240,1,5.060,0.992,-2.313,-4.063,1.938,-0.176,0.023,1.039,0.941,0.313,0.039,0.014,0.014,1.185,1.336,2,NULL,NULL,,3,0,2,7,255,1406,250,0,0
stim,198492,228613,0,228613,3425929.455,-0.624,-0.042,0.098,0.774,3095,189,295,3181,1945,2529,115,2507,43,1.012,1,2240,1,11.540,0.548,-10.750,-4.188,-0.250,-0.199,0.016,1.023,0.473,0.277,0.406,0.020,0.020,1.185,1.336,2,NULL,NULL,,3,0,2,7,255,1406,250,0,0
stim,198492,228613,0,228613,3425934.453,-0.624,-0.042,0.097,0.774,3091,187,307,3179,1955,2533,85,2513,43,1.012,1,2240,1,14.120,0.548,-12.813,-5.438,-2.375,-0.168,-0.090,0.922,0.473,0.277,0.406,0.026,0.026,1.185,1.336,2,NULL,NULL,,3,0,2,7,255,1406,250,0,0
stim,198492,228613,0,228613,3425939.455,-0.624,-0.042,0.097,0.774,3091,189,323,3175,1961,2537,83,2515,43,1.012,1,2240,1,6.632,1.142,-0.188,-6.625,0.250,-0.164,-0.066,0.902,1.105,0.285,-0.695,0.030,0.030,1.185,1.336,2,NULL,NULL,,3,0,2,7,255,1406,250,0,0
stim,198513,228634,0,228634,3425944.453,-0.624,-0.042,0.097,0.774,3087,187,338,3173,1977,2535,74,2519,43,1.012,1,2240,1,10.560,1.143,7.750,-7.063,-1.250,-0.152,0.035,0.969,1.105,0.289,-0.695,0.032,0.034,1.185,1.336,2,NULL,NULL,,3,0,2,7,255,1406,250,0,0
stim,198513,228634,0,228634,3425949.455,-0.624,-0.041,0.097,0.774,3087,187,359,3171,1989,2535,71,2521,43,1.012,1,2240,1,11.451,0.321,8.813,-7.313,0.000,-0.137,0.059,1.012,0.141,0.289,-0.215,0.034,0.036,1.185,1.336,2,NULL,NULL,,3,0,2,7,255,1406,250,0,0
stim,198546,228667,0,228667,3425954.454,-0.624,-0.041,0.097,0.774,3083,185,373,3169,1965,2547,57,2525,43,1.012,1,2240,1,7.211,0.303,3.563,-6.250,0.500,-0.172,0.090,1.047,-0.090,0.289,0.203,0.036,0.038,1.185,1.336,2,NULL,NULL,,3,0,2,7,255,1406,250,0,0
stim,198546,228667,0,228667,3425959.455,-0.624,-0.041,0.097,0.774,3079,184,377,3160,1995,2536,57,2529,43,1.012,1,2240,1,8.106,0.351,-4.375,-6.000,-3.250,-0.176,0.105,1.031,-0.313,0.160,0.492,0.036,0.038,1.185,1.336,2,NULL,NULL,,3,0,2,7,255,1406,250,0,0
stim,198546,228667,0,228667,3425964.453,-0.624,-0.040,0.096,0.774,3069,183,427,3157,2003,2537,53,2533,43,1.012,1,2240,1,8.049,0.351,-3.625,-7.125,-0.938,-0.133,-0.008,0.918,-0.313,0.160,0.492,0.034,0.038,1.185,1.336,2,NULL,NULL,,3,0,2,7,255,1406,250,0,0
stim,198546,228667,0,228667,3425969.455,-0.624,-0.040,0.096,0.774,3067,183,450,3151,2012,2537,55,2537,43,1.012,1,2240,1,10.059,0.205,5.875,-7.688,2.750,-0.191,0.039,0.977,0.199,0.047,-0.070,0.034,0.036,1.185,1.336,2,NULL,NULL,,3,0,2,7,255,1406,250,0,0
stim,198546,228667,0,228667,3425974.454,-0.624,-0.040,0.096,0.774,3062,179,471,3147,2023,2537,58,2540,43,1.012,1,2240,1,11.196,0.215,4.500,-8.313,-6.000,-0.219,0.160,1.031,0.199,-0.082,-0.070,0.034,0.036,1.185,1.336,2,NULL,NULL,,3,0,2,7,255,1406,250,0,0
stim,198546,228667,0,228667,3425979.455,-0.625,-0.039,0.096,0.774,3055,179,494,3133,2031,2538,73,2547,43,1.012,1,2240,1,14.485,0.739,2.750,-8.938,-11.063,-0.152,0.133,1.016,-0.734,-0.082,0.301,0.034,0.034,1.185,1.336,2,NULL,NULL,,3,0,2,7,255,1406,250,0,0
stim,198546,228667,0,228667,3425984.453,-0.625,-0.039,0.096,0.774,3049,174,521,3129,2041,2538,84,2555,43,1.012,1,2240,1,10.977,0.754,2.000,-9.250,-5.563,-0.102,0.117,1.027,-0.734,0.172,0.328,0.034,0.032,1.185,1.336,2,NULL,NULL,,3,0,2,7,255,1406,250,0,0
stim,198546,228667,0,228667,3425989.455,-0.625,-0.038,0.096,0.774,3038,181,549,3117,2056,2539,97,2567,43,1.012,1,2240,1,10.157,0.763,0.813,-9.500,3.500,-0.137,0.184,1.031,-0.734,0.207,0.328,0.034,0.030,1.185,1.336,2,NULL,NULL,,3,0,2,7,255,1406,250,0,0
stim,198546,228667,0,228667,3425994.454,-0.625,-0.038,0.095,0.774,3027,183,583,3111,2068,2537,122,2573,43,1.012,1,2240,1,9.535,1.275,-1.250,-9.063,-2.688,-0.195,0.258,1.063,-1.258,0.207,0.488,0.034,0.030,1.185,1.336,2,NULL,NULL,,3,0,2,7,255,1406,250,0,0
stim,198546,228667,0,228667,3425999.455,-0.625,-0.038,0.095,0.774,3016,185,633,3102,2091,2537,147,2584,43,1.012,1,2240,1,12.792,1.572,-4.375,-8.500,-8.500,-0.105,0.211,1.031,-1.559,0.207,0.488,0.038,0.030,1.185,1.336,2,NULL,NULL,,3,0,2,7,255,1406,250,0,0
stim,198579,228700,0,228700,3426004.453,-0.625,-0.037,0.095,0.774,3005,188,665,3097,2125,2536,173,2595,43,1.012,1,2240,1,9.533,1.617,-4.438,-8.438,-0.063,-0.074,0.148,1.012,-1.559,0.430,0.438,0.040,0.032,1.185,1.336,2,NULL,NULL,,3,0,2,7,255,1406,250,0,0
stim,198579,228700,0,228700,3426009.455,-0.625,-0.037,0.094,0.774,2998,199,685,3091,2151,2538,204,2601,43,1.012,1,2240,1,10.449,1.270,-6.188,-8.000,2.625,-0.184,0.188,1.043,-1.195,0.430,0.438,0.042,0.034,1.185,1.336,2,NULL,NULL,,3,0,2,7,255,1406,250,0,0
stim,198579,228700,0,228700,3426014.453,-0.625,-0.037,0.094,0.774,2985,221,711,3082,2173,2545,214,2607,43,1.012,1,2240,1,14.276,1.097,-11.250,-7.313,-4.875,-0.148,0.168,1.023,-1.094,0.082,0.395,0.044,0.036,1.185,1.336,2,NULL,NULL,,3,0,2,7,255,1406,250,0,0
stim,198579,228700,0,228700,3426019.455,-0.625,-0.037,0.093,0.774,2979,235,744,3069,2203,2539,247,2615,43,1.012,1,2240,1,14.939,1.097,-12.125,-6.875,-5.375,-0.145,0.148,1.008,-1.094,0.082,0.395,0.048,0.038,1.185,1.336,2,NULL,NULL,,3,0,2,7,255,1406,250,0,0
stim,198579,228700,0,228700,3426024.454,-0.626,-0.037,0.093,0.774,2975,238,789,3080,2230,2540,285,2623,43,1.012,1,2240,1,13.736,0.910,-10.375,-7.313,-5.250,-0.141,0.105,0.949,-0.902,0.121,0.234,0.050,0.040,1.185,1.336,2,NULL,NULL,,3,0,2,7,255,1406,250,0,0
stim,198579,228700,0,228700,3426029.455,-0.626,-0.037,0.092,0.774,3000,251,861,3052,2247,2548,323,2630,43,1.012,1,2240,1,11.166,0.545,-5.750,-7.250,-6.250,-0.184,0.090,0.980,-0.531,0.121,-0.016,0.052,0.044,1.185,1.336,2,NULL,NULL,,3,0,2,7,255,1406,250,0,0
stim,198604,228725,0,228725,3426034.453,-0.626,-0.037,0.092,0.773,2939,247,933,3049,2280,2543,324,2644,43,1.012,1,2240,1,14.215,0.334,-6.125,-7.188,-10.625,-0.188,0.082,1.023,-0.293,-0.160,-0.016,0.054,0.046,1.185,1.336,2,NULL,NULL,,3,0,2,7,255,1406,250,0,0
stim,198604,228725,0,228725,3426039.455,-0.627,-0.037,0.091,0.773,2926,250,999,3039,2301,2543,357,2652,43,1.012,1,2240,1,21.393,0.271,-11.875,-7.250,-16.250,-0.180,0.059,0.996,-0.219,-0.160,0.105,0.056,0.046,1.185,1.336,2,NULL,NULL,,3,0,2,7,255,1406,250,0,0
stim,198604,228725,0,228725,3426044.454,-0.627,-0.037,0.091,0.773,2910,261,1099,3031,2299,2549,409,2661,43,1.012,1,2240,1,19.352,0.086,-9.000,-8.500,-14.875,-0.156,-0.012,0.918,-0.004,-0.086,0.105,0.058,0.048,1.185,1.336,2,NULL,NULL,,3,0,2,7,255,1406,250,0,0
stim,198604,228725,0,228725,3426049.455,-0.628,-0.037,0.090,0.772,2894,261,1162,3020,2363,2550,447,2670,43,1.012,1,2240,1,21.319,0.550,-8.563,-7.563,-18.000,-0.207,0.004,1.020,0.543,-0.086,0.105,0.058,0.048,1.185,1.336,2,NULL,NULL,,3,0,2,7,255,1406,250,0,0
stim,198645,228766,0,228766,3426054.453,-0.628,-0.037,0.089,0.772,2880,263,1239,3015,2392,2555,503,2679,43,1.012,1,2240,1,20.614,0.580,-4.938,-10.563,-17.000,-0.133,-0.094,0.844,0.570,0.105,-0.707,0.056,0.048,1.185,1.336,2,NULL,NULL,,3,0,2,7,255,1406,250,0,0
stim,198645,228766,0,228766,3426059.455,-0.629,-0.037,0.089,0.771,2891,277,1293,2999,2405,2552,541,2681,43,1.012,1,2240,1,20.091,0.585,-0.375,-9.750,-17.563,-0.227,0.012,1.063,0.543,-0.219,0.371,0.054,0.046,1.185,1.336,2,NULL,NULL,,3,0,2,7,255,1406,250,0,0
stim,198645,228766,0,228766,3426064.454,-0.630,-0.037,0.088,0.771,2853,282,1339,2985,2437,2552,634,2697,43,1.012,1,2240,1,30.589,0.512,-11.375,-11.125,-26.125,-0.184,0.016,0.969,0.496,-0.125,-0.164,0.050,0.042,1.185,1.336,2,NULL,NULL,,3,0,2,7,255,1406,250,0,0
stim,198645,228766,0,228766,3426069.455,-0.631,-0.037,0.088,0.770,2829,300,1435,2983,2471,2549,725,2701,43,1.012,1,2240,1,26.637,0.512,-4.813,-12.313,-23.125,-0.113,-0.039,0.895,0.496,-0.125,-0.164,0.048,0.038,1.185,1.336,2,NULL,NULL,,3,0,2,7,255,1406,250,0,0
stim,198645,228766,0,228766,3426074.454,-0.631,-0.037,0.087,0.770,2799,304,1518,2953,2483,2554,825,2714,43,1.012,1,2240,1,21.903,0.380,-2.688,-12.188,-18.000,-0.164,0.016,1.039,0.352,0.145,-0.164,0.044,0.034,1.185,1.336,2,NULL,NULL,,3,0,2,7,255,1406,250,0,0
stim,198645,228766,0,228766,3426079.455,-0.632,-0.036,0.086,0.769,2797,328,1591,2949,2493,2553,893,2728,43,1.012,1,2240,1,26.806,0.362,-9.438,-14.813,-20.250,-0.188,0.086,0.965,0.332,0.145,-0.164,0.040,0.028,1.185,1.336,2,NULL,NULL,,3,0,2,7,255,1406,250,0,0
stim,198665,228786,0,228786,3426084.453,-0.633,-0.036,0.086,0.769,2775,331,1645,2930,2529,2557,987,2727,43,1.012,1,2240,1,28.571,0.366,-5.125,-13.438,-24.688,-0.141,0.086,1.035,-0.336,0.145,0.453,0.036,0.022,1.185,1.336,2,NULL,NULL,,3,0,2,7,255,1406,250,0,0
stim,198665,228786,0,228786,3426089.455,-0.634,-0.036,0.085,0.768,2738,343,1723,2909,2529,2569,1076,2739,43,1.012,1,2240,1,30.927,0.395,-16.438,-14.125,-22.063,-0.105,0.070,1.059,-0.336,0.207,0.453,0.034,0.018,1.185,1.336,2,NULL,NULL,,3,0,2,7,255,1406,250,0,0
stim,198665,228786,0,228786,3426094.454,-0.634,-0.036,0.084,0.768,2727,339,1805,2895,2555,2568,1151,2745,43,1.012,1,2240,1,30.493,0.516,-20.313,-12.688,-18.875,-0.117,0.098,1.000,-0.398,0.328,0.453,0.034,0.014,1.185,1.336,2,NULL,NULL,,3,0,2,7,255,1406,250,0,0
stim,198665,228786,0,228786,3426099.455,-0.635,-0.036,0.083,0.767,2695,381,1851,2876,2584,2571,1235,2759,43,1.012,1,2240,1,32.278,0.696,-20.500,-12.938,-21.313,-0.148,0.129,0.996,-0.613,0.328,0.121,0.034,0.010,1.185,1.336,2,NULL,NULL,,3,0,2,7,255,1406,250,0,0
stim,198665,228786,0,228786,3426104.453,-0.636,-0.036,0.082,0.766,2655,383,1915,2859,2603,2571,1328,2767,43,1.012,1,2240,1,35.832,0.634,-16.688,-13.375,-28.750,-0.148,0.102,0.984,-0.633,-0.031,0.074,0.034,0.010,1.185,1.336,2,NULL,NULL,,3,0,2,7,255,1406,250,0,0
stim,198665,228786,0,228786,3426109.455,-0.637,-0.036,0.081,0.766,2623,411,1955,2853,2615,2577,1431,2785,43,1.012,1,2240,1,39.175,0.634,-19.313,-11.563,-32.063,-0.094,0.070,1.066,-0.633,-0.031,0.121,0.036,0.010,1.185,1.336,2,NULL,NULL,,3,0,2,7,255,1406,250,0,0
stim,198665,228786,0,228786,3426114.454,-0.638,-0.037,0.079,0.765,2599,426,2039,2833,2635,2566,1507,2777,43,1.012,1,2240,1,40.030,0.792,-27.563,-11.125,-26.813,-0.078,0.051,1.008,-0.426,0.668,0.070,0.038,0.010,1.185,1.336,2,NULL,NULL,,3,0,2,7,255,1406,250,0,0
stim,198665,228786,0,228786,3426119.455,-0.639,-0.037,0.078,0.765,2599,439,2107,2815,2646,2581,1563,2791,43,1.012,1,2240,1,34.943,0.733,-25.250,-10.375,-21.813,-0.105,0.035,0.957,-0.301,0.668,0.070,0.038,0.010,1.185,1.336,2,NULL,NULL,,3,0,2,7,255,1406,250,0,0
stim,198698,228819,0,228819,3426124.454,-0.639,-0.037,0.077,0.764,2519,466,2183,2811,2669,2573,1634,2804,43,1.012,1,2240,1,31.630,0.430,-20.688,-10.625,-21.438,-0.148,0.035,0.969,-0.129,0.410,-0.207,0.040,0.010,1.185,1.336,2,NULL,NULL,,3,0,2,7,255,1406,250,0,0
stim,198698,228819,0,228819,3426129.455,-0.640,-0.038,0.076,0.763,2484,491,2233,2793,2699,2579,1709,2809,43,1.012,1,2240,1,33.018,0.058,-18.500,-11.500,-24.813,-0.168,0.031,0.988,-0.055,-0.020,-0.207,0.040,0.012,1.185,1.336,2,NULL,NULL,,3,0,2,7,255,1406,250,0,0
stim,198698,228820,0,228820,3426134.454,-0.641,-0.038,0.075,0.763,2454,491,2283,2771,2649,2585,1781,2811,43,1.012,1,2240,1,37.181,0.028,-18.938,-11.125,-30.000,-0.152,0.027,1.016,-0.020,-0.020,0.012,0.042,0.014,1.185,1.336,2,NULL,NULL,,3,0,2,7,255,1406,250,0,0
stim,198698,228820,0,228820,3426139.455,-0.642,-0.038,0.074,0.762,2421,504,2333,2749,2728,2583,1845,2822,43,1.012,1,2240,1,36.417,0.016,-20.313,-12.125,-27.688,-0.098,-0.004,0.988,0.004,0.016,0.012,0.042,0.016,1.185,1.336,2,NULL,NULL,,3,0,2,7,255,1406,250,0,0
stim,198698,228820,0,228820,3426144.453,-0.643,-0.038,0.073,0.762,2372,521,2379,2724,2739,2587,1907,2835,43,1.012,1,2240,1,33.133,0.363,-21.313,-12.188,-22.250,-0.117,0.012,1.012,0.051,0.359,0.176,0.044,0.018,1.185,1.336,2,NULL,NULL,,3,0,2,7,255,1406,250,0,0
stim,198698,228820,0,228820,3426149.455,-0.644,-0.039,0.071,0.761,2345,527,2416,2699,2743,2585,1967,2836,43,1.012,1,2240,1,39.575,0.363,-29.938,-11.375,-23.250,-0.148,0.016,1.066,0.051,0.359,0.176,0.044,0.020,1.185,1.336,2,NULL,NULL,,3,0,2,7,255,1406,250,0,0
stim,198750,228871,0,228871,3426154.454,-0.644,-0.040,0.069,0.760,2245,538,2459,2675,2775,2577,2030,2852,43,1.012,1,2240,1,46.321,0.117,-37.000,-12.188,-25.063,-0.148,-0.063,0.965,0.051,0.105,0.176,0.044,0.022,1.185,1.336,2,NULL,NULL,,3,0,2,7,255,1406,250,0,0
stim,198750,228871,0,228871,3426159.458,-0.645,-0.040,0.068,0.760,2198,549,2495,2647,2775,2581,2085,2853,43,1.012,1,2240,1,44.109,0.757,-31.688,-12.688,-27.938,-0.148,-0.094,0.957,0.750,0.105,-0.277,0.044,0.022,1.185,1.336,2,NULL,NULL,,3,0,2,7,255,1406,250,0,0
stim,198750,228871,0,228871,3426164.453,-0.646,-0.041,0.066,0.759,2141,551,2527,2611,2739,2584,2117,2859,43,1.012,1,2240,1,45.591,0.757,-34.875,-12.250,-26.688,-0.098,-0.047,1.059,0.750,0.105,-0.277,0.044,0.024,1.185,1.336,2,NULL,NULL,,3,0,2,7,255,1406,250,0,0
stim,198750,228871,0,228871,3426169.455,-0.647,-0.042,0.064,0.759,2072,555,2553,2584,2799,2585,2168,2872,43,1.012,1,2240,1,49.166,0.624,-43.000,-12.875,-20.063,-0.102,0.000,1.008,0.445,0.438,0.094,0.044,0.026,1.185,1.336,2,NULL,NULL,,3,0,2,7,255,1406,250,0,0
stim,198750,228871,0,228871,3426174.454,-0.647,-0.042,0.063,0.758,2003,553,2579,2537,2819,2580,2201,2874,43,1.012,1,2240,1,47.505,0.439,-41.063,-13.063,-20.000,-0.145,0.039,0.949,-0.035,0.438,0.094,0.046,0.026,1.185,1.336,2,NULL,NULL,,3,0,2,7,255,1406,250,0,0
stim,198750,228871,0,228871,3426179.455,-0.648,-0.043,0.061,0.758,1933,545,2600,2501,2829,2583,2239,2889,43,1.012,1,2240,1,40.341,0.075,-30.250,-13.750,-22.875,-0.137,-0.004,0.918,-0.035,-0.066,-0.383,0.046,0.026,1.185,1.336,2,NULL,NULL,,3,0,2,7,255,1406,250,0,0
stim,198750,228871,0,228871,3426184.453,-0.649,-0.043,0.060,0.757,1867,537,2629,2439,2839,2581,2281,2887,43,1.012,1,2240,1,35.361,0.067,-21.813,-14.813,-23.563,-0.141,-0.043,0.980,-0.004,-0.066,-0.383,0.048,0.024,1.185,1.336,2,NULL,NULL,,3,0,2,7,255,1406,250,0,0
stim,198750,228871,0,228871,3426189.455,-0.650,-0.043,0.059,0.757,1775,535,2651,2373,2857,2583,2331,2894,43,1.012,1,2240,1,36.104,0.153,-22.625,-15.375,-23.563,-0.133,-0.027,1.051,0.148,0.039,-0.105,0.048,0.024,1.185,1.336,2,NULL,NULL,,3,0,2,7,255,1406,250,0,0
stim,198750,228871,0,228871,3426194.453,-0.650,-0.043,0.057,0.756,1659,507,2676,2313,2825,2575,2361,2898,43,1.012,1,2240,1,39.875,0.207,-29.250,-15.563,-22.188,-0.121,0.023,1.063,0.148,0.145,0.551,0.050,0.022,1.185,1.336,2,NULL,NULL,,3,0,2,7,255,1406,250,0,0
stim,198750,228871,0,228871,3426199.455,-0.651,-0.044,0.055,0.756,1543,496,2701,2259,2872,2573,2397,2907,43,1.012,1,2240,1,44.674,0.387,-35.750,-16.313,-21.250,-0.133,0.043,1.047,-0.359,0.145,0.551,0.050,0.020,1.185,1.336,2,NULL,NULL,,3,0,2,7,255,1406,250,0,0
stim,198768,228889,0,228889,3426204.454,-0.652,-0.045,0.054,0.755,1387,475,2730,2175,2888,2572,2437,2919,43,1.012,1,2240,1,48.458,0.359,-38.938,-16.188,-23.875,-0.141,0.020,1.027,-0.359,0.004,0.535,0.052,0.018,1.185,1.336,2,NULL,NULL,,3,0,2,7,255,1406,250,0,0
stim,198768,228889,0,228889,3426209.455,-0.652,-0.045,0.052,0.755,1291,437,2743,2075,2889,2579,2463,2916,43,1.012,1,2240,1,47.868,0.352,-38.188,-17.438,-23.000,-0.129,-0.020,0.996,-0.352,0.004,0.359,0.052,0.016,1.185,1.336,2,NULL,NULL,,3,0,2,7,255,1406,250,0,0
stim,198768,228889,0,228889,3426214.453,-0.653,-0.046,0.050,0.754,1144,377,2766,1963,2905,2555,2489,2920,43,1.012,1,2240,1,45.921,0.067,-35.000,-18.125,-23.563,-0.137,-0.027,1.000,-0.039,-0.055,0.074,0.054,0.016,1.185,1.336,2,NULL,NULL,,3,0,2,7,255,1406,250,0,0
stim,198768,228889,0,228889,3426219.455,-0.654,-0.046,0.048,0.754,1003,351,2791,1837,2911,2554,2523,2935,43,1.012,1,2240,1,43.881,0.070,-31.250,-19.313,-24.000,-0.145,-0.031,0.992,0.043,-0.055,0.047,0.054,0.016,1.185,1.336,2,NULL,NULL,,3,0,2,7,255,1406,250,0,0
stim,198798,228919,0,228919,3426224.454,-0.655,-0.046,0.047,0.753,866,309,2799,1687,2879,2550,2552,2933,43,1.012,1,2240,1,41.018,0.141,-23.875,-21.500,-25.500,-0.152,-0.055,0.930,0.047,-0.133,-0.004,0.056,0.016,1.185,1.336,2,NULL,NULL,,3,0,2,7,255,1406,250,0,0
stim,198798,228919,0,228919,3426229.455,-0.656,-0.045,0.046,0.752,668,285,2823,1525,2935,2543,2595,2937,43,1.012,1,2240,1,40.130,0.346,-9.188,-23.188,-31.438,-0.164,-0.043,0.973,0.184,-0.293,-0.141,0.056,0.016,1.185,1.336,2,NULL,NULL,,3,0,2,7,255,1406,250,0,0
stim,198798,228919,0,228919,3426234.453,-0.657,-0.045,0.045,0.751,533,239,2843,1351,2937,2537,2615,2935,43,1.012,1,2240,1,43.380,0.346,-9.063,-22.938,-35.688,-0.105,0.016,1.090,0.184,-0.293,-0.141,0.056,0.018,1.185,1.336,2,NULL,NULL,,3,0,2,7,255,1406,250,0,0
stim,198798,228919,0,228919,3426239.455,-0.658,-0.045,0.043,0.750,383,182,2846,1139,2942,2530,2631,2943,43,1.012,1,2240,1,42.003,0.507,-18.125,-24.313,-29.063,-0.078,0.004,1.098,-0.449,0.234,0.922,0.056,0.020,1.185,1.336,2,NULL,NULL,,3,0,2,7,255,1406,250,0,0
stim,198798,228919,0,228919,3426244.454,-0.659,-0.045,0.042,0.750,273,169,2859,933,2956,2517,2651,2961,43,1.012,1,2240,1,46.177,0.716,-34.625,-22.250,-20.938,-0.051,0.027,1.156,-0.523,0.488,0.965,0.056,0.022,1.185,1.336,2,NULL,NULL,,3,0,2,7,255,1406,250,0,0
stim,198798,228919,0,228919,3426249.455,-0.659,-0.045,0.039,0.750,143,123,2870,763,2979,2503,2675,2955,43,1.012,1,2240,1,50.260,0.663,-41.813,-24.438,-13.438,-0.133,-0.004,1.016,-0.449,0.488,0.965,0.056,0.024,1.185,1.336,2,NULL,NULL,,3,0,2,7,255,1406,250,0,0
stim,198847,228968,0,228968,3426254.453,-0.659,-0.045,0.038,0.749,81,73,2877,554,2937,2499,2693,2963,43,1.012,1,2240,1,45.256,0.398,-32.563,-26.750,-16.500,-0.180,-0.008,0.965,-0.355,-0.180,0.230,0.056,0.024,1.185,1.336,2,NULL,NULL,,3,0,2,7,255,1406,250,0,0
stim,198847,228968,0,228968,3426259.455,-0.660,-0.045,0.036,0.749,39,41,2897,375,2979,2475,2709,2967,43,1.012,1,2240,1,47.320,0.654,-24.125,-28.313,-29.250,-0.168,-0.031,0.980,-0.266,-0.598,-0.082,0.056,0.026,1.185,1.336,2,NULL,NULL,,3,0,2,7,255,1406,250,0,0
stim,198847,228968,0,228968,3426264.454,-0.662,-0.045,0.035,0.748,17,26,2903,206,2987,2445,2723,2981,43,1.012,1,2240,1,49.824,0.601,-14.188,-31.813,-35.625,-0.117,-0.051,0.984,-0.063,-0.598,-0.090,0.056,0.028,1.185,1.336,2,NULL,NULL,,3,0,2,7,255,1406,250,0,0
stim,198847,228968,0,228968,3426269.455,-0.663,-0.044,0.033,0.747,0,19,2907,137,2999,2425,2747,2973,43,1.012,1,2240,1,51.181,0.094,-5.688,-34.500,-37.375,-0.066,-0.082,0.957,0.039,-0.086,-0.090,0.056,0.030,1.185,1.336,2,NULL,NULL,,3,0,2,7,255,1406,250,0,0
stim,198847,228968,0,228968,3426274.454,-0.664,-0.042,0.032,0.746,0,0,2907,95,3003,2405,2759,2976,43,1.012,1,2240,1,48.922,0.338,6.375,-36.938,-31.438,-0.082,-0.078,0.969,0.281,0.188,-0.262,0.054,0.032,1.185,1.336,2,NULL,NULL,,3,0,2,7,255,1406,250,0,0
stim,198847,228968,0,228968,3426279.455,-0.665,-0.040,0.032,0.746,0,0,2909,55,3016,2367,2783,2982,43,1.012,1,2240,0,53.650,0.345,25.875,-42.500,-20.063,-0.258,-0.156,1.086,0.289,0.188,-0.262,0.052,0.036,1.185,1.336,3,NULL,NULL,,3,0,2,7,255,1406,250,0,0
stim,198867,228988,1,228988,3426284.454,-0.665,-0.038,0.031,0.745,0,0,2923,10,3027,2351,2807,2983,43,1.012,1,2240,0,64.016,1.776,34.813,-48.813,-22.438,-0.352,-0.180,1.273,1.184,-1.324,1.086,0.046,0.044,1.185,1.336,3,NULL,NULL,,3,1,2,7,255,1406,250,0,0
stim,198867,228988,1,228988,3426289.455,-0.667,-0.035,0.031,0.744,0,0,2923,0,3022,2327,2813,2991,43,1.012,1,2240,0,70.696,2.047,30.438,-53.188,-35.250,-0.305,-0.160,1.363,1.234,-1.633,3.004,0.040,0.050,1.185,1.336,3,NULL,NULL,,3,1,2,7,255,1406,250,0,0
stim,198867,228988,1,228988,3426294.453,-0.668,-0.033,0.030,0.743,0,0,2917,0,3029,2277,2789,2985,43,1.012,1,2240,0,71.099,2.047,25.938,-59.750,-28.500,-0.215,0.016,1.445,1.234,-1.633,3.816,0.036,0.056,1.185,1.336,3,NULL,NULL,,3,1,2,7,255,1406,250,0,0
stim,198867,228988,1,228988,3426299.455,-0.668,-0.031,0.028,0.743,0,0,2919,0,3033,2263,2839,2989,43,1.012,1,2240,0,65.792,1.109,-11.563,-62.125,-18.313,0.012,0.066,1.246,-0.574,-0.949,3.816,0.032,0.060,1.185,1.336,3,NULL,NULL,,3,1,2,7,255,1406,250,0,0
stim,198867,228988,1,228988,3426304.453,-0.668,-0.030,0.025,0.743,0,0,2917,0,3038,2215,2853,2989,43,1.012,1,2240,0,66.430,0.701,-22.938,-62.250,3.438,-0.031,0.012,1.063,-0.582,0.391,2.309,0.032,0.064,1.185,1.336,3,NULL,NULL,,3,1,2,7,255,1406,250,0,0
stim,198867,228988,1,228988,3426309.455,-0.667,-0.027,0.023,0.744,0,0,2914,0,3043,2165,2861,2989,43,1.012,1,2240,0,71.741,0.701,-2.375,-68.500,21.188,-0.172,-0.035,0.992,-0.582,0.391,0.582,0.030,0.068,1.185,1.336,3,NULL,NULL,,3,1,2,7,255,1406,250,0,0
stim,198867,228988,1,228988,3426314.454,-0.667,-0.025,0.022,0.745,0,0,2910,0,2983,2085,2872,2989,43,1.012,1,2240,0,76.406,1.020,16.313,-72.813,16.438,-0.262,-0.082,1.066,0.039,-1.020,0.582,0.026,0.074,1.185,1.336,3,NULL,NULL,,3,1,2,7,255,1406,250,0,0
stim,198867,228988,1,228988,3426319.455,-0.667,-0.022,0.020,0.745,0,0,2908,0,3051,2034,2886,2991,43,1.012,1,2240,0,77.084,1.638,18.250,-74.875,-1.625,-0.230,-0.129,1.137,0.582,-1.531,0.805,0.020,0.080,1.185,1.336,3,NULL,NULL,,3,1,2,7,255,1406,250,0,0
stim,198902,229023,1,229023,3426324.454,-0.667,-0.019,0.018,0.744,0,0,2903,0,3053,1947,2893,2990,43,1.012,1,2240,0,78.462,1.756,9.750,-77.125,-10.625,-0.117,-0.125,1.137,0.859,-1.531,1.402,0.012,0.086,1.185,1.336,3,NULL,NULL,,3,1,2,7,255,1406,250,0,0
stim,198902,229023,1,229023,3426329.455,-0.667,-0.017,0.016,0.744,0,0,2893,0,3055,1846,2900,2989,43,1.012,1,2240,0,78.936,0.996,4.625,-78.625,-5.250,-0.059,-0.090,1.074,0.859,-0.504,1.402,0.006,0.092,1.185,1.336,3,NULL,NULL,,3,1,2,7,255,1406,250,0,0
stim,198902,229023,1,229023,3426334.454,-0.667,-0.014,0.014,0.745,0,0,2886,0,3060,1767,2909,2989,43,1.012,1,2240,0,81.272,0.535,9.688,-80.625,3.313,-0.059,-0.059,1.016,0.492,-0.211,0.770,0.004,0.098,1.185,1.336,3,NULL,NULL,,3,1,2,7,255,1406,250,0,0
stim,198902,229023,1,229023,3426339.455,-0.667,-0.011,0.012,0.745,0,0,2873,0,3063,1679,2917,2989,43,1.012,1,2240,0,85.468,0.304,19.625,-83.063,4.500,-0.109,-0.008,1.039,0.219,-0.211,0.414,0.008,0.104,1.185,1.336,3,NULL,NULL,,3,1,2,7,255,1406,250,0,0
stim,198903,229024,1,229024,3426344.453,-0.667,-0.007,0.011,0.745,0,0,2867,0,3039,1555,2924,2988,43,1.012,1,2240,0,88.513,0.814,24.688,-85.000,0.063,-0.121,0.000,1.098,-0.199,-0.789,0.414,0.012,0.110,1.185,1.336,3,NULL,NULL,,3,1,2,7,255,1406,250,0,0
stim,198903,229024,1,229024,3426349.455,-0.667,-0.004,0.009,0.745,0,0,2853,0,3067,1419,2931,2983,43,1.012,1,2240,0,91.781,1.008,25.500,-88.125,-2.750,-0.152,-0.004,1.145,-0.199,-0.988,0.969,0.016,0.114,1.185,1.336,3,NULL,NULL,,3,1,2,7,255,1406,250,0,0
stim,198949,229070,1,229070,3426354.454,-0.667,0.000,0.007,0.745,0,0,2839,0,3068,1291,2935,2981,43,1.012,1,2240,0,96.008,0.999,27.750,-91.250,-11.000,-0.078,-0.012,1.145,-0.145,-0.988,1.410,0.020,0.118,1.185,1.336,3,NULL,NULL,,3,1,2,7,255,1406,250,0,0
stim,198949,229070,1,229070,3426359.455,-0.667,0.004,0.005,0.745,0,0,2827,0,3076,1125,2939,2975,43,1.012,1,2240,0,98.886,0.724,26.250,-95.063,-7.250,0.008,-0.070,1.078,-0.137,-0.711,1.410,0.024,0.122,1.185,1.336,3,NULL,NULL,,3,1,2,7,255,1406,250,0,0
stim,198949,229070,1,229070,3426364.453,-0.667,0.008,0.004,0.745,0,0,2807,0,3077,975,2949,2973,43,1.012,1,2240,0,111.540,0.475,49.563,-98.875,14.438,-0.023,-0.105,1.047,0.391,-0.270,0.770,0.028,0.124,1.185,1.336,3,NULL,NULL,,3,1,2,7,255,1406,250,0,0
stim,198949,229070,1,229070,3426369.455,-0.666,0.013,0.003,0.745,0,0,2789,0,3077,821,2951,2966,43,1.012,1,2240,0,110.085,0.475,40.500,-101.875,10.000,-0.059,0.324,1.309,0.391,-0.270,0.770,0.034,0.128,1.185,1.336,3,NULL,NULL,,3,1,2,7,255,1406,250,0,0
stim,198949,229070,1,229070,3426374.454,-0.666,0.017,-0.000,0.745,0,0,2763,0,3080,662,2955,2958,43,1.012,1,2240,0,100.877,3.408,5.063,-100.750,-0.125,-0.012,0.391,1.320,-3.277,-0.934,2.957,0.042,0.130,1.185,1.336,3,NULL,NULL,,3,1,2,7,255,1406,250,0,0
stim,198949,229070,1,229070,3426379.455,-0.666,0.020,-0.003,0.746,0,0,2733,0,3079,555,2959,2951,43,1.012,1,2240,0,105.644,3.408,-3.438,-105.188,9.188,0.023,0.191,1.258,-3.277,-0.934,2.957,0.048,0.134,1.185,1.336,3,NULL,NULL,,3,1,2,7,255,1406,250,0,0
stim,198949,229070,1,229070,3426384.453,-0.665,0.023,-0.007,0.746,0,0,2699,0,3080,443,2964,2936,43,1.012,1,2240,0,109.841,2.105,-15.563,-106.313,22.813,0.039,0.020,1.160,-2.051,-0.477,2.512,0.056,0.140,1.185,1.336,3,NULL,NULL,,3,1,2,7,255,1406,250,0,0
stim,198949,229070,1,229070,3426389.455,-0.664,0.026,-0.010,0.747,0,0,2668,0,3079,325,2967,2927,43,1.012,1,2240,0,115.485,0.606,-13.125,-110.813,29.750,-0.059,-0.039,1.082,-0.375,-0.477,1.551,0.064,0.146,1.185,1.336,3,NULL,NULL,,3,1,2,7,255,1406,250,0,0
stim,198949,229070,1,229070,3426394.453,-0.663,0.029,-0.014,0.748,0,0,2637,0,3080,165,2969,2913,43,1.012,1,2240,0,117.906,1.190,-5.875,-114.938,25.625,-0.078,0.023,1.086,-0.281,-1.156,0.766,0.074,0.152,1.185,1.336,3,NULL,NULL,,3,1,2,7,255,1406,250,0,0
stim,198949,229070,1,229070,3426399.455,-0.662,0.033,-0.017,0.748,0,0,2587,0,3079,107,2971,2897,43,1.012,1,2240,0,119.580,1.545,1.375,-118.063,18.938,-0.074,0.145,1.164,-0.281,-1.520,0.766,0.082,0.158,1.185,1.336,3,NULL,NULL,,3,1,2,7,255,1406,250,0,0
stim,198972,229094,1,229094,3426404.454,-0.662,0.037,-0.020,0.749,0,0,2543,0,3076,55,2971,2871,43,1.012,1,2240,0,122.844,2.266,-0.063,-122.250,12.063,-0.086,0.145,1.258,-1.430,-1.758,1.516,0.092,0.166,1.185,1.336,3,NULL,NULL,,3,1,2,7,255,1406,250,0,0
stim,198972,229094,1,229094,3426409.455,-0.661,0.041,-0.024,0.749,0,0,2503,0,3067,7,2973,2847,43,1.012,1,2240,0,125.000,2.286,-9.000,-124.625,3.563,-0.031,0.145,1.309,-1.461,-1.758,2.406,0.102,0.176,1.185,1.336,3,NULL,NULL,,3,1,2,7,255,1406,250,0,0
stim,198973,229094,1,229094,3426414.453,-0.661,0.044,-0.028,0.749,0,0,2456,0,3063,0,2973,2823,43,1.012,1,2240,0,130.068,2.230,-26.563,-126.813,11.438,0.035,0.094,1.340,-1.430,-1.711,2.898,0.114,0.186,1.185,1.336,3,NULL,NULL,,3,1,2,7,255,1406,250,0,0
stim,198973,229094,1,229094,3426419.455,-0.660,0.047,-0.033,0.749,0,0,2403,0,3053,0,2967,2791,43,1.012,1,2240,0,138.206,2.020,-38.188,-131.125,21.188,-0.047,0.074,1.383,-1.074,-1.711,3.273,0.126,0.200,1.185,1.336,3,NULL,NULL,,3,1,2,7,255,1406,250,0,0
stim,198997,229118,1,229118,3426424.454,-0.659,0.051,-0.038,0.750,0,0,2341,0,3051,0,2972,2760,43,1.012,1,2240,0,143.677,2.342,-37.438,-136.938,22.125,-0.203,0.102,1.441,-0.914,-2.156,3.594,0.138,0.214,1.185,1.336,3,NULL,NULL,,3,1,2,7,255,1406,250,0,0
stim,198997,229118,1,229118,3426429.455,-0.658,0.055,-0.043,0.750,0,0,2275,0,3047,0,2967,2715,43,1.012,1,2240,0,150.251,4.031,-29.000,-147.250,7.188,-0.305,0.141,1.523,-0.914,-3.926,3.922,0.154,0.232,1.185,1.336,3,NULL,NULL,,3,1,2,7,255,1406,250,0,0
stim,198997,229118,1,229118,3426434.453,-0.658,0.059,-0.049,0.749,0,0,2185,0,3028,0,2963,2669,43,1.012,1,2240,0,159.897,4.126,-38.000,-155.313,1.000,-0.133,0.156,1.625,-1.156,-3.961,4.520,0.170,0.252,1.185,1.336,3,NULL,NULL,,3,1,2,7,255,1406,250,0,0
stim,198997,229118,1,229118,3426439.455,-0.657,0.062,-0.055,0.749,0,0,2116,0,3027,0,2953,2631,43,1.012,1,2240,0,173.227,4.340,-55.313,-163.688,12.438,-0.121,0.133,1.648,-1.406,-4.105,5.703,0.190,0.274,1.185,1.336,3,NULL,NULL,,3,1,2,7,255,1406,250,0,0
stim,198997,229118,1,229118,3426444.454,-0.656,0.066,-0.063,0.750,0,0,2026,0,3015,0,2939,2571,43,1.012,1,2240,0,191.869,4.340,-72.188,-175.563,27.938,-0.207,0.129,1.637,-1.406,-4.105,5.703,0.210,0.298,1.185,1.336,3,NULL,NULL,,3,1,2,7,255,1406,250,0,0
stim,198997,229118,1,229118,3426449.455,-0.654,0.069,-0.071,0.750,0,0,1949,0,2971,3,2924,2489,43,1.012,1,2240,0,206.008,5.306,-88.688,-183.188,31.875,-0.234,0.121,1.688,-1.301,-5.145,5.879,0.232,0.324,1.185,1.336,3,NULL,NULL,,3,1,2,7,255,1406,250,0,0
stim,199047,229168,1,229168,3426454.453,-0.653,0.072,-0.080,0.750,0,0,1867,0,2987,17,2904,2403,43,1.012,1,2240,0,221.726,5.903,-103.813,-194.313,25.063,-0.340,0.117,1.590,-1.285,-5.762,5.559,0.258,0.352,1.185,1.336,3,NULL,NULL,,3,1,2,7,255,1406,250,0,0
stim,199047,229168,1,229168,3426459.455,-0.652,0.077,-0.089,0.749,0,0,1767,0,2971,37,2875,2309,43,1.012,1,2240,0,228.172,6.917,-90.688,-209.250,7.250,-0.395,0.105,1.520,-1.195,-6.813,4.617,0.286,0.382,1.185,1.336,3,NULL,NULL,,3,1,2,7,255,1406,250,0,0
stim,199047,229168,1,229168,3426464.453,-0.651,0.082,-0.098,0.748,0,0,1687,0,2911,38,2845,2207,43,1.012,1,2240,0,239.072,7.528,-77.125,-226.188,-6.813,-0.488,0.121,1.496,-1.109,-7.445,3.711,0.318,0.416,1.185,1.336,3,NULL,NULL,,3,1,2,7,255,1406,250,0,0
stim,199047,229168,1,229168,3426469.455,-0.651,0.089,-0.106,0.746,0,0,1593,0,2925,45,2809,2109,43,1.012,1,2240,0,246.968,8.304,-43.938,-240.375,-35.813,-0.410,0.090,1.570,-1.039,-8.238,3.711,0.352,0.452,1.185,1.336,3,NULL,NULL,,3,1,2,7,255,1406,250,0,0
stim,199047,229168,1,229168,3426474.454,-0.651,0.095,-0.115,0.744,0,0,1507,0,2904,51,2748,2030,43,1.012,1,2240,0,262.154,8.313,-53.500,-254.563,-32.563,-0.156,0.109,1.840,-1.109,-8.238,3.809,0.386,0.490,1.185,1.336,3,NULL,NULL,,3,1,2,7,255,1406,250,0,0
stim,199047,229168,1,229168,3426479.455,-0.650,0.102,-0.125,0.743,0,0,1416,0,2872,54,2671,1941,43,1.012,1,2240,0,279.784,7.621,-82.313,-267.250,-9.000,-0.152,0.172,1.836,-1.629,-7.445,6.609,0.422,0.526,1.185,1.336,3,NULL,NULL,,3,1,2,7,255,1406,250,0,0
stim,199047,229168,1,229168,3426484.453,-0.648,0.108,-0.136,0.741,0,0,1324,0,2836,38,2587,1851,43,1.012,1,2240,0,297.910,7.242,-96.063,-281.938,5.813,-0.109,0.113,1.664,-1.828,-7.008,6.609,0.458,0.564,1.185,1.336,3,NULL,NULL,,3,1,2,7,255,1406,250,0,0
stim,199047,229168,1,229168,3426489.455,-0.646,0.116,-0.147,0.740,0,0,1251,0,2781,16,2477,1743,43,1.012,1,2240,0,303.727,7.666,-58.500,-298.000,4.875,-0.262,0.121,1.730,-1.828,-7.445,5.008,0.502,0.608,1.185,1.336,3,NULL,NULL,,3,1,2,7,255,1406,250,0,0
stim,199047,229168,1,229168,3426494.454,-0.644,0.125,-0.156,0.738,0,0,1173,0,2725,0,2357,1644,43,1.012,1,2240,0,311.121,9.008,-36.000,-308.938,-7.625,-0.266,0.297,2.051,-1.828,-8.820,5.008,0.550,0.656,1.185,1.336,3,NULL,NULL,,3,1,2,7,255,1406,250,0,0
stim,199047,229168,1,229168,3426499.455,-0.643,0.134,-0.167,0.736,0,0,1067,0,2652,0,2208,1531,43,1.012,1,2240,0,317.857,11.288,-40.188,-314.688,-19.750,-0.230,0.539,2.406,-3.586,-10.703,7.344,0.602,0.710,1.185,1.336,3,NULL,NULL,,3,1,2,7,255,1406,250,0,0
stim,199070,229191,1,229191,3426504.453,-0.641,0.142,-0.178,0.733,0,0,969,0,2581,0,2019,1417,43,1.012,1,2240,0,330.870,13.972,-78.188,-320.750,-21.938,-0.176,0.691,2.523,-6.141,-12.551,10.109,0.662,0.770,1.185,1.336,3,NULL,NULL,,3,1,2,7,255,1406,250,0,0
stim,199070,229191,1,229191,3426509.455,-0.639,0.149,-0.191,0.730,0,0,806,0,2468,0,1771,1302,43,1.012,1,2240,0,349.607,15.177,-115.500,-329.688,-13.813,-0.180,0.629,2.422,-7.309,-13.301,10.109,0.728,0.834,1.185,1.336,3,NULL,NULL,,3,1,2,7,255,1406,250,0,0
stim,199070,229191,1,229191,3426514.454,-0.637,0.156,-0.205,0.726,0,0,669,0,2340,0,1514,1158,43,1.012,1,2240,0,368.549,15.177,-144.875,-338.875,1.750,-0.203,0.422,2.184,-7.309,-13.301,9.539,0.790,0.898,1.185,1.336,3,NULL,NULL,,3,1,2,7,255,1406,250,0,0
stim,199070,229191,1,229191,3426519.455,-0.634,0.163,-0.220,0.723,0,0,475,0,2174,0,1122,1034,43,1.012,1,2240,0,382.806,13.873,-155.938,-349.500,8.563,-0.195,0.117,1.805,-5.281,-12.828,7.184,0.850,0.958,1.185,1.336,3,NULL,NULL,,3,1,2,7,255,1406,250,0,0
stim,199092,229213,1,229213,3426524.454,-0.631,0.170,-0.234,0.720,0,0,339,0,1943,0,685,921,43,1.012,1,2240,0,388.405,11.310,-138.125,-363.000,3.250,-0.004,-0.133,1.391,-2.262,-11.082,4.031,0.904,1.014,1.185,1.336,3,NULL,NULL,,3,1,2,7,255,1406,250,0,0
stim,199092,229213,1,229213,3426529.455,-0.627,0.180,-0.247,0.716,0,0,271,0,1739,0,325,792,43,1.012,1,2240,0,387.755,7.536,-78.438,-379.563,11.563,0.152,-0.305,1.227,0.090,-7.535,1.656,0.950,1.062,1.185,1.336,3,NULL,NULL,,3,1,2,7,255,1406,250,0,0
stim,199092,229213,0,229213,3426534.453,-0.622,0.191,-0.259,0.714,0,0,221,0,1461,0,133,647,43,1.012,1,2240,0,388.670,5.626,-22.438,-387.188,25.438,0.297,-0.051,1.301,0.090,-5.625,1.656,0.996,1.108,1.185,1.336,3,NULL,NULL,,3,0,2,7,255,1406,250,0,0
stim,199092,229213,0,229213,3426539.455,-0.616,0.203,-0.269,0.712,0,0,181,0,1135,0,0,504,43,1.012,1,2240,0,392.236,5.727,20.875,-390.813,26.063,0.281,0.195,1.633,-1.074,-5.625,2.074,1.042,1.156,1.185,1.336,3,NULL,NULL,,3,0,2,7,255,1406,250,0,0
stim,199118,229239,0,229239,3426544.454,-0.609,0.215,-0.279,0.711,0,0,119,0,781,0,0,439,43,1.012,1,2240,0,395.405,8.995,24.438,-391.125,52.625,0.164,0.340,2.016,-3.602,-8.242,3.898,1.094,1.208,1.185,1.336,3,NULL,NULL,,3,0,2,7,255,1406,250,0,0
stim,199118,229239,0,229239,3426549.455,-0.601,0.225,-0.291,0.709,0,0,111,0,357,0,0,347,43,1.012,1,2240,0,401.141,12.996,-9.875,-389.938,93.625,-0.090,0.348,2.008,-4.480,-12.199,3.898,1.156,1.272,1.185,1.336,3,NULL,NULL,,3,0,2,7,255,1406,250,0,0
stim,199146,229267,0,229267,3426554.453,-0.592,0.235,-0.303,0.709,0,0,95,0,73,0,0,221,43,1.012,1,2240,0,420.951,15.154,-16.000,-400.938,127.250,-0.441,0.301,1.797,-4.480,-14.477,3.301,1.224,1.342,1.185,1.336,3,NULL,NULL,,3,0,2,7,255,1406,250,0,0
stim,199146,229267,0,229267,3426559.455,-0.582,0.244,-0.317,0.708,0,0,87,0,0,0,0,121,43,1.012,1,2240,0,439.744,16.292,-57.063,-411.188,145.063,-0.594,0.398,1.973,-3.746,-15.855,-0.957,1.296,1.416,1.185,1.336,4,NULL,NULL,,3,0,2,7,255,1406,250,0,0
stim,199146,229267,0,229267,3426564.454,-0.573,0.252,-0.332,0.705,0,0,69,0,0,0,0,53,43,1.012,1,2240,0,439.454,16.292,-119.438,-402.938,128.438,-0.559,0.762,1.535,-3.746,-15.855,-1.621,1.372,1.492,1.185,1.336,0,NULL,NULL,,3,0,2,7,255,1406,250,0,0
stim,199146,229267,0,229267,3426569.455,-0.566,0.257,-0.348,0.702,0,0,43,0,0,0,0,19,43,1.012,1,2240,0,429.352,17.243,-163.375,-383.563,102.625,-0.414,1.090,1.238,-7.027,-15.746,-5.598,1.448,1.568,1.185,1.336,0,NULL,NULL,,3,0,2,7,255,1406,250,0,0
stim,199146,229267,0,229267,3426574.454,-0.559,0.263,-0.363,0.698,0,0,43,0,0,0,0,5,43,1.012,1,2240,0,422.458,16.812,-170.438,-373.625,99.125,-0.523,1.121,1.176,-10.309,-13.281,-7.656,1.524,1.642,1.185,1.336,0,NULL,NULL,,3,0,2,7,255,1406,250,0,0
stim,199146,229267,0,229267,3426579.455,-0.551,0.268,-0.379,0.693,0,0,55,0,0,0,0,9,43,1.012,1,2240,0,422.279,16.812,-181.750,-365.875,106.875,-0.746,0.941,1.355,-10.309,-13.281,-9.508,1.594,1.712,1.185,1.336,0,NULL,NULL,,3,0,2,7,255,1406,250,0,0
stim,199166,229287,0,229287,3426584.454,-0.545,0.271,-0.395,0.688,0,0,60,0,0,0,0,18,43,1.012,1,2240,0,426.358,17.129,-224.063,-354.250,78.000,-0.594,0.664,1.383,-8.199,-15.039,-9.508,1.662,1.780,1.185,1.336,0,NULL,NULL,,3,0,2,7,255,1406,250,0,0
stim,199166,229287,0,229287,3426589.455,-0.542,0.274,-0.411,0.680,0,0,61,0,0,0,0,36,43,1.012,1,2240,0,402.933,16.203,-248.188,-316.563,23.375,-0.258,0.227,1.188,-6.031,-15.039,-8.984,1.720,1.838,1.185,1.336,0,NULL,NULL,,3,0,2,7,255,1406,250,0,0
stim,199166,229287,0,229287,3426594.453,-0.538,0.276,-0.425,0.673,0,0,62,0,0,0,0,61,43,1.012,1,2240,0,369.553,11.771,-233.063,-285.438,27.875,-0.090,-0.027,1.102,-2.734,-11.449,-6.617,1.774,1.894,1.185,1.336,0,NULL,NULL,,3,0,2,7,255,1406,250,0,0
stim,199166,229287,0,229287,3426599.455,-0.535,0.277,-0.438,0.667,0,0,61,0,0,0,0,100,43,1.012,1,2240,0,346.565,11.516,-230.688,-253.313,52.188,-0.188,0.078,1.207,-1.820,-11.371,-6.195,1.828,1.948,1.185,1.336,0,NULL,NULL,,3,0,2,7,255,1406,250,0,0
stim,199166,229287,0,229287,3426604.454,-0.533,0.276,-0.451,0.661,0,0,62,0,0,0,0,135,43,1.012,1,2240,0,336.453,11.011,-260.188,-210.125,36.750,-0.332,0.168,1.066,-1.820,-10.859,-6.195,1.878,1.998,1.185,1.336,0,NULL,NULL,,3,0,2,7,255,1406,250,0,0
stim,199166,229287,0,229287,3426609.455,-0.532,0.274,-0.463,0.654,0,0,60,0,0,0,0,141,43,1.012,1,2240,0,329.953,11.091,-288.875,-158.625,16.063,-0.160,0.211,0.582,-2.254,-10.859,-8.586,1.918,2.040,1.185,1.336,0,NULL,NULL,,3,0,2,7,255,1406,250,0,0
stim,199166,229287,0,229287,3426614.453,-0.533,0.270,-0.474,0.647,0,0,61,0,0,0,0,163,43,1.012,1,2240,0,304.658,6.353,-287.125,-101.625,6.938,-0.043,0.336,0.063,-2.527,-5.828,-9.461,1.946,2.070,1.185,1.336,0,NULL,NULL,,3,0,2,7,255,1406,250,0,0
stim,199166,229287,0,229287,3426619.455,-0.535,0.265,-0.482,0.642,0,0,59,0,0,0,0,163,43,1.012,1,2240,0,249.701,2.604,-246.375,-38.625,12.563,0.129,0.293,-0.422,-2.527,-0.629,-11.047,1.966,2.090,1.185,1.336,0,NULL,NULL,,3,0,2,7,255,1406,250,0,0
stim,199197,229318,0,229318,3426624.454,-0.536,0.260,-0.486,0.639,0,0,61,0,0,0,0,165,43,1.012,1,2240,0,163.763,4.980,-161.125,14.813,25.250,0.102,0.195,-0.703,-2.305,4.414,-11.328,1.978,2.102,1.185,1.336,0,NULL,NULL,,3,0,2,7,255,1406,250,0,0
stim,199197,229318,0,229318,3426629.455,-0.538,0.256,-0.487,0.639,0,0,55,0,0,0,0,137,43,1.012,1,2240,0,105.950,5.503,-77.875,62.875,34.750,0.066,0.113,-0.586,-0.645,5.465,-11.875,1.982,2.106,1.185,1.336,0,NULL,NULL,,3,0,2,7,255,1406,250,0,0
stim,199197,229318,0,229318,3426634.454,-0.539,0.251,-0.486,0.640,0,0,39,0,0,0,0,125,43,1.012,1,2240,0,115.114,5.465,-24.500,103.000,45.188,0.016,-0.008,-0.359,-0.020,5.465,-11.875,1.984,2.110,1.185,1.336,0,NULL,NULL,,3,0,2,7,255,1406,250,0,0
stim,199197,229318,0,229318,3426639.455,-0.540,0.246,-0.483,0.643,0,0,36,0,0,0,0,109,43,1.012,1,2240,0,146.625,3.225,2.563,131.063,65.688,-0.008,-0.160,-0.191,0.750,3.137,-11.051,1.986,2.112,1.185,1.336,0,NULL,NULL,,3,0,2,7,255,1406,250,0,0
stim,199197,229318,0,229318,3426644.453,-0.541,0.241,-0.480,0.648,0,0,35,0,0,0,0,107,43,1.012,1,2240,0,179.769,2.094,23.875,152.813,91.625,-0.141,-0.066,-0.254,1.500,1.461,-11.051,1.988,2.116,1.185,1.336,0,NULL,NULL,,3,0,2,7,255,1406,250,0,0
stim,199197,229318,0,229318,3426649.455,-0.541,0.235,-0.475,0.653,0,0,29,0,0,0,0,101,43,1.012,1,2240,0,208.358,2.083,62.688,170.000,102.875,-0.316,0.055,-0.258,1.500,1.445,-11.738,1.992,2.122,1.185,1.336,0,NULL,NULL,,3,0,2,7,255,1406,250,0,0
stim,199250,229371,0,229371,3426654.454,-0.541,0.231,-0.468,0.659,0,0,27,0,0,0,0,85,43,1.012,1,2240,0,232.970,1.359,109.438,181.188,97.313,-0.367,-0.004,-0.047,1.168,0.695,-12.926,2.002,2.132,1.185,1.336,0,NULL,NULL,,3,0,2,7,255,1406,250,0,0
stim,199250,229371,0,229371,3426659.455,-0.541,0.226,-0.461,0.666,0,0,21,0,0,0,0,77,43,1.012,1,2240,0,250.133,1.739,123.125,189.625,107.000,-0.434,0.105,0.176,0.961,-1.449,-12.926,2.016,2.148,1.185,1.336,0,NULL,NULL,,3,0,2,7,255,1406,250,0,0
stim,199250,229371,0,229371,3426664.453,-0.541,0.222,-0.453,0.673,0,0,17,0,0,0,0,77,43,1.012,1,2240,0,262.717,3.652,138.500,199.438,100.313,-0.598,0.129,0.273,0.012,-3.652,-12.926,2.036,2.170,1.185,1.336,0,NULL,NULL,,3,0,2,7,255,1406,250,0,0
stim,199250,229371,0,229371,3426669.455,-0.541,0.217,-0.445,0.680,0,0,16,0,0,0,0,77,43,1.012,1,2240,0,268.501,5.403,149.875,204.875,87.500,-0.609,0.145,0.422,-0.094,-5.402,-12.953,2.064,2.198,1.185,1.336,0,NULL,NULL,,3,0,2,7,255,1406,250,0,0
stim,199250,229371,0,229371,3426674.454,-0.541,0.213,-0.436,0.687,0,0,16,0,0,0,0,75,43,1.012,1,2240,0,276.131,6.750,158.125,211.813,79.875,-0.715,0.035,0.516,0.012,-6.750,-12.953,2.098,2.234,1.185,1.336,0,NULL,NULL,,3,0,2,7,255,1406,250,0,0
stim,199250,229371,0,229371,3426679.455,-0.542,0.209,-0.426,0.693,0,0,16,0,0,0,0,62,43,1.012,1,2240,0,273.524,8.168,154.938,217.313,59.875,-0.695,0.141,0.750,-0.363,-8.160,-12.676,2.136,2.274,1.185,1.336,0,NULL,NULL,,3,0,2,7,255,1406,250,0,0
stim,199250,229371,0,229371,3426684.453,-0.544,0.205,-0.417,0.699,0,0,14,0,0,0,0,61,43,1.012,1,2240,0,269.533,10.018,138.063,225.500,52.313,-0.711,0.086,0.836,-0.223,-10.016,-11.512,2.180,2.318,1.185,1.336,0,NULL,NULL,,3,0,2,7,255,1406,250,0,0
stim,199250,229371,0,229371,3426689.455,-0.547,0.200,-0.408,0.703,0,0,11,0,0,0,0,59,43,1.012,1,2240,0,264.388,10.823,120.750,233.500,28.250,-0.703,0.109,0.965,-0.625,-10.805,-10.727,2.230,2.370,1.185,1.336,0,NULL,NULL,,3,0,2,7,255,1406,250,0,0
stim,199250,229371,0,229371,3426694.454,-0.550,0.195,-0.400,0.707,0,0,9,0,0,0,0,56,43,1.012,1,2240,0,259.263,11.825,99.250,238.813,18.313,-0.805,0.148,1.137,-0.699,-11.805,-9.777,2.284,2.426,1.185,1.336,0,NULL,NULL,,3,0,2,7,255,1406,250,0,0
stim,199250,229371,0,229371,3426699.455,-0.554,0.190,-0.391,0.710,0,0,12,0,0,0,0,57,43,1.012,1,2240,0,256.427,13.783,66.688,246.563,-22.688,-0.746,0.145,1.230,-1.055,-13.742,-9.367,2.340,2.484,1.185,1.336,0,NULL,NULL,,3,0,2,7,255,1406,250,0,0
stim,199276,229397,0,229397,3426704.453,-0.560,0.183,-0.384,0.711,0,0,19,0,0,0,0,71,43,1.012,1,2240,0,261.629,13.818,35.125,256.625,-36.875,-0.531,0.105,1.180,-1.441,-13.742,-8.113,2.396,2.542,1.185,1.336,0,NULL,NULL,,3,0,2,7,255,1406,250,0,0
stim,199276,229397,0,229397,3426709.455,-0.566,0.176,-0.377,0.712,0,0,16,0,0,0,0,111,43,1.012,1,2240,0,272.492,12.356,0.938,266.688,-55.938,-0.555,0.117,1.168,-1.727,-12.234,-6.527,2.450,2.596,1.185,1.336,0,NULL,NULL,,3,0,2,7,255,1406,250,0,0
stim,199276,229397,0,229397,3426714.453,-0.573,0.169,-0.370,0.712,0,0,18,0,0,0,0,111,43,1.012,1,2240,0,290.792,12.344,-19.563,279.625,-77.375,-0.410,0.055,0.953,-1.727,-12.223,-6.520,2.498,2.646,1.185,1.336,0,NULL,NULL,,3,0,2,7,255,1406,250,0,0
stim,199276,229397,0,229397,3426719.455,-0.581,0.160,-0.363,0.711,0,0,16,0,0,0,0,116,43,1.012,1,2240,0,303.221,9.782,-23.938,289.875,-85.688,-0.352,0.113,0.910,-1.891,-9.598,-6.520,2.544,2.692,1.185,1.336,0,NULL,NULL,,3,0,2,7,255,1406,250,0,0
stim,199297,229418,0,229418,3426724.454,-0.589,0.152,-0.355,0.710,0,0,20,0,0,0,0,123,43,1.012,1,2240,0,321.162,8.952,-29.313,302.375,-104.188,-0.254,0.043,0.789,-1.617,-8.805,-6.414,2.584,2.734,1.185,1.336,0,NULL,NULL,,3,0,2,7,255,1406,250,0,0
stim,199297,229418,0,229418,3426729.455,-0.598,0.144,-0.347,0.708,0,0,12,0,0,0,0,140,43,1.012,1,2240,0,328.653,7.445,-25.375,311.125,-102.813,-0.188,0.063,0.750,-1.969,-7.180,-6.180,2.618,2.768,1.185,1.336,0,NULL,NULL,,3,0,2,7,255,1406,250,0,0
stim,199297,229418,0,229418,3426734.453,-0.606,0.135,-0.339,0.707,0,0,9,0,0,0,0,139,43,1.012,1,2240,0,341.530,6.619,-21.938,322.500,-110.250,-0.137,0.078,0.590,-1.953,-6.324,-6.180,2.646,2.798,1.185,1.336,0,NULL,NULL,,3,0,2,7,255,1406,250,0,0
stim,199297,229418,0,229418,3426739.455,-0.615,0.127,-0.329,0.705,0,0,9,0,0,0,0,142,43,1.012,1,2240,0,345.554,5.190,3.188,329.000,-105.625,-0.066,-0.047,0.516,-1.953,-4.809,-6.320,2.672,2.826,1.185,1.336,0,NULL,NULL,,3,0,2,7,255,1406,250,0,0
stim,199297,229418,0,229418,3426744.454,-0.623,0.119,-0.319,0.704,0,0,7,0,0,0,0,153,43,1.012,1,2240,0,354.395,3.820,22.750,336.750,-108.063,0.141,-0.066,0.469,-0.938,-3.703,-6.320,2.696,2.850,1.185,1.336,0,NULL,NULL,,3,0,2,7,255,1406,250,0,0
stim,199297,229418,0,229418,3426749.455,-0.630,0.111,-0.308,0.704,0,0,7,0,0,0,0,157,43,1.012,1,2240,0,351.495,1.951,49.938,338.250,-81.500,0.184,-0.066,0.457,-0.938,-1.711,-5.340,2.714,2.868,1.185,1.336,0,NULL,NULL,,3,0,2,7,255,1406,250,0,0
stim,199346,229467,0,229467,3426754.453,-0.637,0.104,-0.295,0.705,0,0,9,0,0,0,0,159,43,1.012,1,2240,0,357.380,1.782,83.250,339.688,-73.500,0.145,0.109,0.488,-0.969,-1.496,-5.340,2.732,2.888,1.185,1.336,0,NULL,NULL,,3,0,2,7,255,1406,250,0,0
stim,199346,229467,0,229467,3426759.457,-0.643,0.098,-0.282,0.705,0,0,9,0,0,0,0,157,43,1.012,1,2240,0,362.213,2.984,115.875,335.500,-72.188,0.090,0.098,0.586,-2.582,-1.496,-5.137,2.748,2.904,1.185,1.336,0,NULL,NULL,,3,0,2,7,255,1406,250,0,0
stim,199346,229467,0,229467,3426764.454,-0.649,0.093,-0.268,0.706,0,0,5,0,0,0,0,158,43,1.012,1,2240,0,367.153,3.459,137.500,333.688,-67.438,0.172,0.051,0.754,-2.590,-2.293,-4.980,2.766,2.922,1.185,1.336,0,NULL,NULL,,3,0,2,7,255,1406,250,0,0
stim,199346,229467,0,229467,3426769.455,-0.654,0.088,-0.254,0.707,0,0,7,0,0,0,0,159,43,1.012,1,2240,0,368.896,3.485,154.375,330.813,-53.063,0.215,0.047,0.840,-2.625,-2.293,-3.027,2.784,2.942,1.185,1.336,0,NULL,NULL,,3,0,2,7,255,1406,250,0,0
stim,199346,229467,0,229467,3426774.454,-0.658,0.083,-0.239,0.709,0,0,4,0,0,0,0,159,43,1.012,1,2240,0,372.117,3.593,165.750,331.438,-33.875,0.125,0.191,0.930,-2.766,-2.293,-2.008,2.806,2.964,1.185,1.336,0,NULL,NULL,,3,0,2,7,255,1406,250,0,0
stim,199346,229467,0,229467,3426779.455,-0.662,0.078,-0.224,0.711,0,0,3,0,0,0,0,155,43,1.012,1,2240,0,376.876,5.119,173.688,333.125,-29.938,0.063,0.258,1.063,-4.113,-3.047,-1.887,2.832,2.990,1.185,1.336,0,NULL,NULL,,3,0,2,7,255,1406,250,0,0
stim,199346,229467,0,229467,3426784.454,-0.666,0.073,-0.209,0.713,0,0,5,0,0,0,0,156,43,1.012,1,2240,0,380.742,5.792,183.500,332.375,-28.625,0.008,0.180,1.238,-4.270,-3.914,-1.012,2.858,3.018,1.185,1.336,0,NULL,NULL,,3,0,2,7,255,1406,250,0,0
stim,199346,229467,0,229467,3426789.455,-0.669,0.069,-0.193,0.714,0,0,6,0,0,0,0,155,43,1.012,1,2240,0,378.915,6.789,180.688,331.938,-27.313,-0.027,0.219,1.406,-4.785,-4.816,0.680,2.888,3.046,1.185,1.336,0,NULL,NULL,,3,0,2,7,255,1406,250,0,0
stim,199346,229467,0,229467,3426794.453,-0.673,0.064,-0.178,0.715,0,0,4,0,0,0,0,155,43,1.012,1,2240,0,372.279,7.234,166.875,331.313,-31.250,-0.059,0.219,1.512,-4.785,-5.426,2.164,2.918,3.078,1.185,1.336,0,NULL,NULL,,3,0,2,7,255,1406,250,0,0
stim,199346,229467,0,229467,3426799.455,-0.676,0.058,-0.164,0.716,0,0,7,0,0,0,0,159,43,1.012,1,2240,0,364.704,7.311,153.500,329.313,-31.625,-0.047,0.230,1.617,-4.816,-5.500,3.258,2.950,3.110,1.185,1.336,0,NULL,NULL,,3,0,2,7,255,1406,250,0,0
stim,199369,229490,0,229490,3426804.454,-0.680,0.052,-0.150,0.716,0,0,5,0,0,0,0,157,43,1.012,1,2240,0,355.791,7.412,135.000,327.063,-37.313,-0.043,0.281,1.684,-4.969,-5.500,4.453,2.980,3.140,1.185,1.336,0,NULL,NULL,,3,0,2,7,255,1406,250,0,0
stim,199369,229490,0,229490,3426809.455,-0.683,0.046,-0.137,0.716,0,0,2,0,0,0,0,157,43,1.012,1,2240,0,345.702,7.220,113.438,324.125,-39.813,0.023,0.203,1.680,-4.969,-5.238,5.199,3.010,3.170,1.185,1.336,0,NULL,NULL,,3,0,2,7,255,1406,250,0,0
stim,199369,229490,0,229490,3426814.453,-0.686,0.039,-0.124,0.716,0,0,1,0,0,0,0,160,43,1.012,1,2240,0,333.656,6.148,94.125,319.000,-26.563,0.043,0.141,1.602,-4.555,-4.129,5.199,3.036,3.196,1.185,1.336,0,NULL,NULL,,3,0,2,7,255,1406,250,0,0
stim,199369,229490,0,229490,3426819.455,-0.688,0.032,-0.112,0.716,0,0,0,0,0,0,0,159,43,1.012,1,2240,0,329.148,5.265,95.063,313.875,-28.000,-0.066,0.156,1.473,-3.770,-3.676,5.176,3.058,3.220,1.185,1.336,0,NULL,NULL,,3,0,2,7,255,1406,250,0,0
stim,199393,229514,0,229514,3426824.454,-0.691,0.026,-0.100,0.715,0,0,6,0,0,0,0,162,43,1.012,1,2240,0,326.377,5.016,86.625,311.438,-45.000,-0.023,0.203,1.637,-3.770,-3.309,5.176,3.080,3.242,1.185,1.336,0,NULL,NULL,,3,0,2,7,255,1406,250,0,0
stim,199393,229514,0,229514,3426829.455,-0.694,0.018,-0.088,0.714,0,0,7,0,0,0,0,163,43,1.012,1,2240,0,315.155,4.759,67.125,305.063,-41.875,0.102,0.133,1.465,-3.559,-3.160,4.250,3.098,3.262,1.185,1.336,0,NULL,NULL,,3,0,2,7,255,1406,250,0,0
stim,199393,229514,0,229514,3426834.454,-0.696,0.011,-0.076,0.713,0,0,7,0,0,0,0,160,43,1.012,1,2240,0,309.993,3.462,68.938,300.750,-29.875,0.066,0.148,1.375,-3.223,-1.266,4.250,3.114,3.278,1.185,1.336,0,NULL,NULL,,3,0,2,7,255,1406,250,0,0
stim,199393,229514,0,229514,3426839.455,-0.699,0.005,-0.065,0.713,0,0,4,0,0,0,0,159,43,1.012,1,2240,0,307.867,3.437,78.313,296.063,-31.563,-0.008,0.160,1.387,-3.195,-1.266,3.438,3.128,3.292,1.185,1.336,0,NULL,NULL,,3,0,2,7,255,1406,250,0,0
stim,199413,229534,0,229534,3426844.453,-0.701,-0.001,-0.053,0.711,0,0,5,0,0,0,0,157,43,1.012,1,2240,0,304.770,3.356,82.750,291.188,-35.313,0.051,0.117,1.430,-3.164,-1.117,3.438,3.140,3.304,1.185,1.336,0,NULL,NULL,,3,0,2,7,255,1406,250,0,0
stim,199413,229534,0,229534,3426849.455,-0.702,-0.008,-0.042,0.710,0,0,6,0,0,0,0,167,43,1.012,1,2240,0,300.336,2.969,84.750,287.000,-25.500,0.070,0.141,1.453,-2.910,-0.586,4.004,3.150,3.316,1.185,1.336,0,NULL,NULL,,3,0,2,7,255,1406,250,0,0
stim,199447,229568,0,229568,3426854.454,-0.704,-0.013,-0.030,0.710,0,0,8,0,0,0,0,164,43,1.012,1,2240,0,296.086,2.900,90.500,281.500,-15.313,0.031,0.156,1.398,-2.898,-0.086,4.004,3.158,3.324,1.185,1.336,0,NULL,NULL,,3,0,2,7,255,1406,250,0,0
stim,199447,229568,0,229568,3426859.455,-0.705,-0.018,-0.018,0.709,0,0,7,0,0,0,0,165,43,1.012,1,2240,0,294.838,2.911,103.750,275.625,-14.000,-0.031,0.211,1.441,-2.910,-0.086,4.105,3.166,3.330,1.185,1.336,0,NULL,NULL,,3,0,2,7,255,1406,250,0,0
stim,199447,229568,0,229568,3426864.453,-0.706,-0.023,-0.006,0.708,0,0,6,0,0,0,0,167,43,1.012,1,2240,0,293.274,3.177,116.813,268.625,-14.313,-0.012,0.207,1.500,-3.176,-0.086,4.105,3.170,3.336,1.185,1.336,0,NULL,NULL,,3,0,2,7,255,1406,250,0,0
stim,199447,229568,0,229568,3426869.455,-0.706,-0.027,0.006,0.707,0,0,11,0,0,0,0,163,43,1.012,1,2240,0,290.338,3.310,124.063,262.250,-11.375,-0.023,0.262,1.621,-3.305,0.184,4.707,3.174,3.340,1.185,1.336,0,NULL,NULL,,3,0,2,7,255,1406,250,0,0
stim,199447,229568,0,229568,3426874.454,-0.707,-0.031,0.018,0.706,0,0,8,0,0,0,0,158,43,1.012,1,2240,0,285.728,3.651,123.688,257.313,-11.500,0.020,0.285,1.688,-3.625,0.438,5.867,3.174,3.340,1.185,1.336,0,NULL,NULL,,3,0,2,7,255,1406,250,0,0
stim,199447,229568,0,229568,3426879.455,-0.707,-0.034,0.030,0.705,0,0,8,0,0,0,0,159,43,1.012,1,2240,0,283.803,3.846,130.063,252.188,-5.438,0.074,0.289,1.691,-3.625,1.285,6.496,3.170,3.338,1.185,1.336,0,NULL,NULL,,3,0,2,7,255,1406,250,0,0
stim,199466,229587,0,229587,3426884.453,-0.708,-0.038,0.042,0.704,0,0,9,0,0,0,0,155,43,1.012,1,2240,0,284.624,4.276,138.188,248.813,-2.688,0.102,0.324,1.781,-3.688,2.164,6.520,3.164,3.332,1.185,1.336,0,NULL,NULL,,3,0,2,7,255,1406,250,0,0
stim,199466,229587,0,229587,3426889.455,-0.708,-0.041,0.054,0.703,0,0,12,0,0,0,0,157,43,1.012,1,2240,0,285.471,4.586,143.125,247.000,0.250,0.172,0.309,1.852,-3.551,2.902,7.355,3.154,3.322,1.185,1.336,0,NULL,NULL,,3,0,2,7,255,1406,250,0,0
stim,199466,229587,0,229587,3426894.454,-0.707,-0.044,0.066,0.703,0,0,9,0,0,0,0,151,43,1.012,1,2240,0,287.140,5.244,146.563,246.813,7.250,0.238,0.320,1.898,-3.344,4.039,7.906,3.138,3.306,1.185,1.336,0,NULL,NULL,,3,0,2,7,255,1406,250,0,0
stim,199466,229587,0,229587,3426899.455,-0.707,-0.047,0.078,0.702,0,0,10,0,0,0,0,151,43,1.012,1,2240,0,289.300,6.152,148.688,247.813,13.250,0.305,0.379,1.945,-3.344,5.164,8.211,3.114,3.282,1.185,1.336,0,NULL,NULL,,3,0,2,7,255,1406,250,0,0
stim,199466,229587,0,229587,3426904.453,-0.706,-0.050,0.090,0.701,0,0,12,0,0,0,0,151,43,1.012,1,2240,0,290.071,7.199,146.250,250.000,15.875,0.410,0.402,2.020,-3.523,6.277,8.488,3.082,3.252,1.185,1.336,0,NULL,NULL,,3,0,2,7,255,1406,250,0,0
stim,199466,229587,0,229587,3426909.455,-0.704,-0.053,0.103,0.700,0,0,19,0,0,0,0,151,43,1.012,1,2240,0,294.593,8.581,152.875,250.125,29.188,0.602,0.250,1.902,-3.523,7.824,8.488,3.046,3.214,1.185,1.336,0,NULL,NULL,,3,0,2,7,255,1406,250,0,0
stim,199466,229587,0,229587,3426914.454,-0.702,-0.055,0.115,0.700,0,0,20,0,0,0,0,151,43,1.012,1,2240,0,305.038,9.981,166.688,251.188,46.563,0.609,0.270,2.008,-1.824,9.813,7.961,2.996,3.164,1.185,1.336,0,NULL,NULL,,3,0,2,7,255,1406,250,0,0
stim,199466,229587,0,229587,3426919.455,-0.700,-0.058,0.128,0.700,0,0,22,0,0,0,0,153,43,1.012,1,2240,0,308.370,10.645,168.875,252.250,54.250,0.668,0.246,2.078,-1.727,10.504,7.961,2.938,3.106,1.185,1.336,0,NULL,NULL,,3,0,2,7,255,1406,250,0,0
stim,199494,229615,0,229615,3426924.454,-0.697,-0.060,0.142,0.700,0,0,20,0,0,0,0,153,43,1.012,1,2240,0,310.479,11.675,172.000,250.688,63.000,0.715,0.211,2.094,-1.195,11.613,8.008,2.870,3.038,1.185,1.336,0,NULL,NULL,,3,0,2,7,255,1406,250,0,0
stim,199494,229615,0,229615,3426929.455,-0.694,-0.062,0.155,0.700,0,0,19,0,0,0,0,157,43,1.012,1,2240,0,313.398,12.472,175.438,250.063,70.063,0.762,0.207,2.168,-0.602,12.457,8.246,2.794,2.962,1.185,1.336,0,NULL,NULL,,3,0,2,7,255,1406,250,0,0
stim,199494,229615,0,229615,3426934.454,-0.691,-0.064,0.168,0.700,0,0,18,0,0,0,0,153,43,1.012,1,2240,0,310.680,13.506,169.563,248.250,78.375,0.813,0.215,2.184,-0.242,13.504,8.008,2.718,2.886,1.185,1.336,0,NULL,NULL,,3,0,2,7,255,1406,250,0,0
stim,199494,229615,0,229615,3426939.455,-0.687,-0.066,0.180,0.701,0,0,21,0,0,0,0,153,43,1.012,1,2240,0,305.807,14.399,160.063,245.375,87.688,0.793,0.172,2.125,-0.098,14.398,7.965,2.646,2.812,1.185,1.336,0,NULL,NULL,,3,0,2,7,255,1406,250,0,0
stim,199495,229616,0,229616,3426944.453,-0.683,-0.068,0.193,0.701,0,0,21,0,0,0,0,154,43,1.012,1,2240,0,301.005,14.406,157.625,239.000,92.938,0.758,0.078,2.094,0.457,14.398,7.172,2.572,2.740,1.185,1.336,0,NULL,NULL,,3,0,2,7,255,1406,250,0,0
stim,199495,229616,0,229616,3426949.455,-0.679,-0.070,0.204,0.702,0,0,24,0,0,0,0,165,43,1.012,1,2240,0,291.865,14.479,151.688,232.688,89.625,0.777,-0.055,2.027,1.523,14.398,6.566,2.492,2.662,1.185,1.336,0,NULL,NULL,,3,0,2,7,255,1406,250,0,0
stim,199519,229640,0,229640,3426954.453,-0.674,-0.072,0.216,0.702,0,0,24,0,0,0,0,169,43,1.012,1,2240,0,284.049,14.673,148.875,223.188,93.313,0.793,-0.180,1.863,2.883,14.387,5.352,2.404,2.574,1.185,1.336,0,NULL,NULL,,3,0,2,7,255,1406,250,0,0
stim,199519,229640,0,229640,3426959.455,-0.670,-0.073,0.227,0.703,0,0,21,0,0,0,0,173,43,1.012,1,2240,0,276.993,14.915,154.500,211.125,91.000,0.750,-0.266,1.711,3.934,14.387,3.297,2.316,2.486,1.185,1.336,0,NULL,NULL,,3,0,2,7,255,1406,250,0,0
stim,199549,229670,0,229670,3426964.454,-0.667,-0.073,0.239,0.702,0,0,22,0,0,0,0,177,43,1.012,1,2240,0,275.527,14.692,172.438,199.375,80.188,0.816,-0.461,1.582,4.672,13.930,1.672,2.226,2.398,1.185,1.336,0,NULL,NULL,,3,0,2,7,255,1406,250,0,0
stim,199549,229670,0,229670,3426969.455,-0.663,-0.073,0.250,0.702,0,0,20,0,0,0,0,174,43,1.012,1,2240,0,281.595,15.324,196.188,187.063,76.250,0.914,-0.598,1.566,6.387,13.930,-0.465,2.136,2.308,1.185,1.336,0,NULL,NULL,,3,0,2,7,255,1406,250,0,0
stim,199549,229670,0,229670,3426974.454,-0.660,-0.071,0.262,0.701,0,0,24,0,0,0,0,173,43,1.012,1,2240,0,283.214,16.761,209.875,174.750,75.000,0.961,-0.590,1.621,7.688,14.895,-1.648,2.038,2.210,1.185,1.336,0,NULL,NULL,,3,0,2,7,255,1406,250,0,0
stim,199549,229670,0,229670,3426979.455,-0.656,-0.069,0.274,0.700,0,0,21,0,0,0,0,176,43,1.012,1,2240,0,283.836,17.513,221.875,161.375,72.750,0.984,-0.570,1.676,7.801,15.680,-1.750,1.934,2.104,1.185,1.336,0,NULL,NULL,,3,0,2,7,255,1406,250,0,0
stim,199549,229670,0,229670,3426984.454,-0.653,-0.067,0.285,0.698,0,0,25,0,0,0,0,186,43,1.012,1,2240,0,275.486,18.044,224.938,148.313,57.438,1.023,-0.543,1.758,7.859,16.242,-1.750,1.822,1.992,1.185,1.336,0,NULL,NULL,,3,0,2,7,255,1406,250,0,0
stim,199549,229670,0,229670,3426989.455,-0.651,-0.064,0.296,0.696,0,0,24,0,0,0,0,211,43,1.012,1,2240,0,264.285,18.838,222.000,136.875,42.750,1.203,-0.551,1.852,7.949,17.078,-1.750,1.706,1.874,1.185,1.336,0,NULL,NULL,,3,0,2,7,255,1406,250,0,0
stim,199549,229670,0,229670,3426994.453,-0.649,-0.061,0.306,0.694,0,0,25,0,0,0,0,225,43,1.012,1,2240,0,245.179,20.804,207.813,124.750,36.938,1.348,-0.531,1.902,8.133,19.148,-2.035,1.584,1.752,1.185,1.336,0,NULL,NULL,,3,0,2,7,255,1406,250,0,0
stim,199549,229670,0,229670,3426999.455,-0.647,-0.059,0.315,0.692,0,0,23,0,0,0,0,263,43,1.012,1,2240,0,221.744,22.240,189.063,113.250,24.500,1.449,-0.504,1.898,8.133,20.699,-2.648,1.460,1.628,1.185,1.336,0,NULL,NULL,,3,0,2,7,255,1406,250,0,0
stim,199578,229699,0,229699,3427004.454,-0.646,-0.058,0.323,0.689,0,0,20,0,0,0,0,282,43,1.012,1,2240,0,196.810,23.059,167.875,102.625,4.500,1.613,-0.555,1.840,8.078,21.598,-3.434,1.334,1.498,1.185,1.336,0,NULL,NULL,,3,0,2,7,255,1406,250,0,0
stim,199578,229699,0,229699,3427009.455,-0.646,-0.056,0.330,0.686,0,0,24,0,0,0,0,332,43,1.012,1,2240,0,174.268,24.086,147.313,92.375,-11.625,1.863,-0.660,1.727,8.078,22.691,-5.207,1.202,1.366,1.185,1.336,0,NULL,NULL,,3,0,2,7,255,1406,250,0,0
stim,199578,229699,0,229699,3427014.453,-0.646,-0.055,0.336,0.684,0,0,21,0,0,0,0,363,43,1.012,1,2240,0,153.584,25.582,129.938,80.563,-14.625,2.066,-0.750,1.590,8.453,24.145,-7.977,1.066,1.226,1.185,1.336,0,NULL,NULL,,3,0,2,7,255,1406,250,0,0
stim,199578,229699,0,229699,3427019.455,-0.645,-0.054,0.341,0.681,0,0,22,0,0,0,0,380,43,1.012,1,2240,0,138.058,26.510,119.875,67.250,-12.938,2.207,-0.859,1.445,8.641,25.063,-10.656,0.924,1.084,1.185,1.336,0,NULL,NULL,,3,0,2,7,255,1406,250,0,0
stim,199578,229699,0,229699,3427024.454,-0.645,-0.053,0.346,0.679,0,0,23,0,0,0,0,411,43,1.012,1,2240,0,128.139,26.636,117.625,50.063,-8.813,2.234,-0.941,1.355,9.020,25.063,-13.133,0.776,0.932,1.185,1.336,0,NULL,NULL,,3,0,2,7,255,1406,250,0,0
stim,199578,229699,0,229699,3427029.455,-0.645,-0.050,0.351,0.677,0,0,21,0,0,0,0,427,43,1.012,1,2240,0,131.948,26.751,128.188,30.813,-5.375,2.254,-1.043,1.309,9.488,25.012,-14.512,0.614,0.766,1.185,1.336,0,NULL,NULL,,3,0,2,7,255,1406,250,0,0
stim,199601,229722,0,229722,3427034.453,-0.645,-0.046,0.355,0.675,0,0,21,0,0,0,0,427,43,1.012,1,2240,0,138.326,26.825,138.125,7.063,-2.375,2.113,-0.941,1.469,10.262,24.785,-14.512,0.428,0.568,1.185,1.336,0,NULL,NULL,,3,0,2,7,255,1406,250,0,0
stim,199601,229722,0,229722,3427039.455,-0.646,-0.042,0.359,0.673,0,0,21,0,0,0,0,427,43,1.012,1,2240,0,140.028,26.825,139.125,-15.875,0.375,2.004,-0.785,1.719,10.262,24.785,-13.395,0.296,0.390,1.185,1.336,0,NULL,NULL,,3,0,2,7,255,1406,250,0,0
stim,199601,229722,0,229722,3427044.454,-0.647,-0.037,0.361,0.671,0,0,25,0,0,0,0,430,43,1.012,1,2240,0,121.516,26.909,114.750,-39.813,3.688,1.824,-0.559,1.992,10.102,24.941,-10.504,0.246,0.266,1.185,1.336,0,NULL,NULL,,3,0,2,7,255,1406,250,0,0
stim,199601,229722,0,229722,3427049.455,-0.648,-0.034,0.361,0.670,0,0,23,0,0,0,0,429,43,1.012,1,2240,0,93.573,26.717,69.188,-63.000,-0.188,1.629,-0.336,2.172,9.578,24.941,-6.691,0.272,0.208,1.185,1.336,0,NULL,NULL,,3,0,2,7,255,1406,250,0,0
stim,199647,229768,0,229768,3427054.453,-0.649,-0.031,0.359,0.670,0,0,6,0,0,0,0,467,43,1.012,1,2240,0,84.031,26.113,10.688,-83.250,-4.063,1.324,-0.270,2.281,9.141,24.461,-3.418,0.312,0.226,1.185,1.336,0,NULL,NULL,,3,0,2,7,255,1406,250,0,0
stim,199647,229768,0,229768,3427059.455,-0.650,-0.025,0.357,0.670,0,0,6,101,0,18,0,563,43,1.012,1,2240,0,148.932,24.246,63.688,-131.563,28.563,0.152,-1.027,3.344,9.141,22.457,-0.660,0.328,0.244,1.185,1.336,0,NULL,NULL,,3,0,2,7,255,1406,250,0,0
stim,199647,229768,0,229768,3427064.454,-0.643,0.001,0.361,0.676,520,0,0,763,0,123,0,586,43,1.012,1,2240,0,627.718,29.586,389.563,-282.063,403.375,0.262,1.211,7.051,19.262,22.457,9.984,0.344,0.268,1.185,1.336,0,NULL,NULL,,3,0,2,7,255,1406,250,0,0
stim,199647,229768,0,229768,3427069.455,-0.635,-0.007,0.342,0.692,1107,0,0,1301,0,394,0,636,43,1.012,1,2240,0,630.346,25.844,-544.688,-121.063,293.250,-1.297,1.605,5.215,19.262,17.230,42.668,0.368,0.298,1.185,1.336,0,NULL,NULL,,3,0,2,7,255,1406,250,0,0
stim,199647,229768,0,229768,3427074.454,-0.630,-0.028,0.307,0.712,1589,0,0,1682,0,572,0,730,43,1.012,1,2240,0,1051.206,16.390,-1024.188,-138.250,192.250,-1.102,2.645,0.922,8.566,13.973,42.668,0.392,0.330,1.185,1.336,0,NULL,NULL,,3,0,2,7,255,1406,250,0,0
stim,199647,229768,0,229768,3427079.455,-0.628,-0.044,0.280,0.725,1973,0,0,1913,0,872,0,805,43,1.012,1,2241,0,780.579,19.969,-766.938,-114.750,89.125,-1.332,2.250,-2.172,-19.012,-6.109,12.016,0.390,0.350,1.185,1.336,1,1371.000,-35.000,,3,0,2,7,255,1406,250,0,0
stim,199647,229768,0,229768,3427084.454,-0.628,-0.049,0.267,0.729,2184,0,0,2013,0,1065,0,862,43,1.012,1,2241,0,337.309,27.397,-316.313,-117.125,2.313,-1.039,1.098,-2.203,-19.012,-19.727,-15.285,0.378,0.366,1.185,1.336,1,NULL,NULL,,3,0,2,7,255,1406,250,0,0
stim,199647,229768,0,229768,3427089.455,-0.630,-0.045,0.263,0.729,2366,0,0,2119,0,1252,0,955,43,1.012,1,2241,0,145.571,23.779,-11.500,-143.688,-20.313,-0.344,-0.355,0.289,-13.277,-19.727,-15.285,0.362,0.382,1.185,1.336,1,NULL,NULL,,3,0,2,7,255,1406,250,0,0
stim,199647,229768,0,229768,3427094.453,-0.630,-0.041,0.259,0.731,2483,0,0,2212,0,1343,0,1031,43,1.012,1,2241,0,132.457,3.285,-19.000,-123.813,43.063,0.203,0.621,1.465,-2.902,-1.539,-7.070,0.346,0.390,1.185,1.336,1,NULL,NULL,,3,0,2,7,255,1406,250,0,0
stim,199647,229768,0,229768,3427099.455,-0.628,-0.039,0.252,0.735,2680,0,0,2463,0,1448,0,1059,43,1.012,1,2241,0,197.941,5.424,-104.688,-124.250,113.063,-0.008,1.684,1.543,-2.902,4.582,3.754,0.330,0.378,1.185,1.336,2,NULL,NULL,,3,0,2,7,255,1406,250,0,0
stim,199671,229792,0,229792,3427104.453,-0.624,-0.039,0.243,0.742,2788,0,0,2643,0,1449,0,1119,43,1.012,1,2241,0,272.510,5.424,-200.125,-121.313,139.625,-1.207,0.664,1.453,-2.902,4.582,8.387,0.308,0.348,1.185,1.336,2,NULL,NULL,,3,0,2,7,255,1406,250,0,0
stim,199671,229792,0,229792,3427109.455,-0.620,-0.041,0.228,0.750,2889,0,0,2756,0,1455,0,1239,43,1.012,1,2241,0,402.493,5.768,-329.375,-170.125,156.750,-2.082,-1.070,0.621,-0.625,-5.734,8.387,0.280,0.302,1.185,1.336,2,NULL,NULL,,3,0,2,7,255,1406,250,0,0
stim,199671,229792,0,229792,3427114.454,-0.622,-0.044,0.214,0.752,2933,0,0,2859,0,1463,0,1379,43,1.012,1,2241,0,327.796,20.333,-279.750,-165.813,-41.188,-1.863,-1.102,-0.246,13.930,-14.813,-0.027,0.246,0.248,1.185,1.336,2,NULL,NULL,,3,0,2,7,255,1406,250,0,0
stim,199671,229792,0,229792,3427119.455,-0.627,-0.042,0.205,0.750,2984,0,0,2935,0,1459,0,1463,43,1.012,1,2241,0,248.164,20.333,-114.313,-183.438,-121.938,-0.484,-0.469,-0.125,13.930,-14.813,-8.520,0.218,0.208,1.185,1.336,2,NULL,NULL,,3,0,2,7,255,1406,250,0,0
stim,199693,229814,0,229814,3427124.454,-0.632,-0.036,0.200,0.748,3003,0,0,2981,0,1463,0,1510,43,1.012,1,2241,0,206.097,10.194,7.250,-176.563,-106.063,0.371,-0.852,1.215,9.273,-4.234,-8.520,0.192,0.182,1.185,1.336,2,NULL,NULL,,3,0,2,7,255,1406,250,0,0
stim,199693,229814,0,229814,3427129.455,-0.635,-0.032,0.195,0.747,3035,0,0,3043,0,1472,0,1553,43,1.012,1,2241,0,174.321,12.577,-19.063,-166.938,-46.438,0.746,-1.000,1.879,9.273,8.496,-1.793,0.172,0.166,1.185,1.336,2,NULL,NULL,,3,0,2,7,255,1406,250,0,0
stim,199693,229814,0,229814,3427134.454,-0.635,-0.030,0.188,0.749,3049,0,0,3067,0,1515,0,1561,43,1.012,1,2241,0,180.031,17.471,-106.438,-144.250,16.563,0.766,-0.918,1.938,10.309,14.105,2.973,0.158,0.158,1.185,1.336,2,NULL,NULL,,3,0,2,7,255,1406,250,0,0
stim,199693,229814,0,229814,3427139.455,-0.633,-0.030,0.178,0.753,3115,0,0,3100,0,1605,0,1576,43,1.012,1,2241,0,248.303,17.471,-188.500,-130.938,94.750,0.516,-0.891,1.309,10.309,14.105,2.973,0.152,0.150,1.185,1.336,2,NULL,NULL,,3,0,2,7,255,1406,250,0,0
stim,199713,229834,0,229834,3427144.453,-0.629,-0.031,0.168,0.758,3087,0,0,3119,0,1717,0,1620,43,1.012,1,2241,0,270.659,13.654,-198.750,-122.625,136.813,-0.172,-0.859,0.766,9.445,9.859,-0.859,0.152,0.140,1.185,1.336,2,NULL,NULL,,3,0,2,7,255,1406,250,0,0
stim,199713,229834,0,229834,3427149.455,-0.626,-0.030,0.160,0.763,3087,0,0,3154,0,1838,0,1685,43,1.012,1,2241,0,231.756,9.469,-167.188,-126.813,98.375,-0.879,-0.523,0.688,9.281,1.875,-2.180,0.156,0.132,1.185,1.336,2,NULL,NULL,,3,0,2,7,255,1406,250,0,0
stim,199746,229867,0,229867,3427154.454,-0.626,-0.029,0.153,0.765,3092,0,0,3155,0,1941,0,1733,43,1.012,1,2241,0,172.269,8.169,-103.938,-133.313,33.188,-0.477,0.000,0.512,7.543,-3.137,-3.863,0.162,0.122,1.185,1.336,2,NULL,NULL,,3,0,2,7,255,1406,250,0,0
stim,199746,229867,0,229867,3427159.455,-0.626,-0.025,0.147,0.765,3093,0,0,3161,0,2041,27,1779,43,1.012,1,2241,0,146.107,3.480,-48.938,-137.563,5.375,-0.289,0.145,0.977,1.508,-3.137,-2.180,0.174,0.112,1.185,1.336,2,NULL,NULL,,3,0,2,7,255,1406,250,0,0
stim,199746,229867,0,229867,3427164.453,-0.627,-0.022,0.141,0.766,3101,0,0,3169,28,2137,71,1881,43,1.012,1,2241,0,143.590,0.794,-57.188,-131.625,-4.750,-0.043,0.105,1.352,0.504,-0.613,0.234,0.190,0.100,1.185,1.336,2,NULL,NULL,,3,0,2,7,255,1406,250,0,0
stim,199746,229867,0,229867,3427169.458,-0.627,-0.021,0.135,0.767,3099,0,0,3178,301,2231,123,2006,43,1.012,1,2241,0,157.050,2.589,-96.563,-123.625,7.563,0.102,-0.074,1.305,0.504,2.539,2.230,0.206,0.084,1.185,1.336,2,NULL,NULL,,3,0,2,7,255,1406,250,0,0
stim,199746,229867,0,229867,3427174.454,-0.627,-0.020,0.129,0.768,3109,0,0,3177,489,2279,190,2110,43,1.012,1,2241,0,142.869,4.341,-98.125,-103.250,11.063,0.172,-0.176,1.430,1.785,3.957,3.199,0.222,0.070,1.185,1.336,2,NULL,NULL,,3,0,2,7,255,1406,250,0,0
stim,199746,229867,0,229867,3427179.455,-0.628,-0.020,0.125,0.768,3111,0,0,3176,723,2329,181,2186,43,1.012,1,2241,0,83.086,5.247,-56.438,-56.188,-23.688,0.457,-0.121,1.215,1.785,4.934,2.230,0.232,0.060,1.185,1.336,2,NULL,NULL,,3,0,2,7,255,1406,250,0,0
stim,199766,229887,0,229887,3427184.453,-0.629,-0.019,0.123,0.768,3104,0,0,3173,888,2347,197,2236,43,1.012,1,2241,0,54.929,6.936,-20.938,-50.000,-8.875,0.586,0.445,1.055,1.285,6.816,0.750,0.240,0.052,1.185,1.336,2,NULL,NULL,,3,0,2,7,255,1406,250,0,0
stim,199766,229887,0,229887,3427189.455,-0.629,-0.018,0.122,0.768,3109,0,0,3181,1063,2367,211,2288,43,1.012,1,2241,0,36.947,8.108,-2.188,-36.750,-3.125,0.090,0.582,1.531,-4.391,6.816,0.750,0.246,0.046,1.185,1.336,2,NULL,NULL,,3,0,2,7,255,1406,250,0,0
stim,199766,229887,0,229887,3427194.454,-0.630,-0.019,0.119,0.767,3103,0,0,3176,1147,2410,223,2331,43,1.012,1,2241,0,80.896,5.214,-73.875,-20.813,-25.563,-0.219,0.039,1.508,-4.391,2.813,5.027,0.250,0.044,1.185,1.336,2,NULL,NULL,,3,0,2,7,255,1406,250,0,0
stim,199766,229887,0,229887,3427199.455,-0.630,-0.021,0.115,0.767,3113,0,0,3191,1229,2405,225,2374,43,1.012,1,2241,0,100.637,1.854,-98.188,-12.500,-18.188,0.027,0.125,0.918,-0.590,1.758,5.027,0.258,0.038,1.185,1.336,2,NULL,NULL,,3,0,2,7,255,1406,250,0,0
stim,199766,229887,0,229887,3427204.453,-0.631,-0.023,0.112,0.767,3113,0,0,3179,1274,2415,233,2399,43,1.012,1,2241,0,78.035,1.001,-71.125,-10.750,-30.250,-0.258,0.238,0.996,-0.590,0.809,0.426,0.264,0.032,1.185,1.336,2,NULL,NULL,,3,0,2,7,255,1406,250,0,0
stim,199766,229887,0,229887,3427209.455,-0.634,-0.025,0.110,0.765,3117,23,0,3187,1350,2426,245,2421,43,1.012,1,2241,0,93.007,1.179,-62.313,-3.875,-68.938,-0.137,0.246,1.168,-1.094,0.441,0.426,0.272,0.026,1.185,1.336,2,NULL,NULL,,3,0,2,7,255,1406,250,0,0
stim,199766,229887,0,229887,3427214.453,-0.636,-0.027,0.107,0.764,3100,29,0,3178,1403,2449,243,2441,43,1.012,1,2241,0,103.843,1.179,-77.250,-4.500,-69.250,0.086,0.078,0.988,-1.094,0.441,0.426,0.280,0.020,1.185,1.336,2,NULL,NULL,,3,0,2,7,255,1406,250,0,0
stim,199766,229887,0,229887,3427219.455,-0.637,-0.029,0.105,0.763,3111,55,0,3191,1487,2447,249,2468,43,1.012,1,2241,0,87.185,2.052,-75.250,-4.375,-43.813,0.027,-0.125,0.859,-0.383,2.016,-0.418,0.288,0.014,1.185,1.336,2,NULL,NULL,,3,0,2,7,255,1406,250,0,0
stim,199790,229911,0,229911,3427224.454,-0.638,-0.031,0.102,0.762,3107,57,0,3194,1541,2457,253,2479,43,1.012,1,2241,0,65.162,2.543,-55.125,-3.563,-34.563,-0.133,-0.102,0.844,1.551,2.016,-1.551,0.294,0.008,1.185,1.336,2,NULL,NULL,,3,0,2,7,255,1406,250,0,0
stim,199790,229911,0,229911,3427229.455,-0.640,-0.032,0.101,0.761,3144,77,0,3187,1579,2475,265,2491,43,1.012,1,2241,0,58.402,1.610,-33.750,-3.938,-47.500,-0.188,0.059,0.930,1.551,0.434,-1.551,0.300,0.004,1.185,1.336,2,NULL,NULL,,3,0,2,7,255,1406,250,0,0
stim,199790,229911,0,229911,3427234.453,-0.642,-0.032,0.100,0.760,3107,102,0,3183,1629,2479,275,2502,43,1.012,1,2241,0,63.403,0.453,-26.500,-2.063,-57.563,-0.063,0.090,1.035,0.133,0.434,-0.520,0.000,0.000,1.185,1.336,2,NULL,NULL,,3,0,2,7,255,1406,250,0,0
stim,199790,229911,0,229911,3427239.455,-0.644,-0.033,0.099,0.758,3113,103,3,3189,1670,2488,277,2505,43,1.012,1,2241,0,59.297,1.133,-30.125,-2.750,-51.000,-0.012,0.047,1.047,-0.039,1.133,0.297,0.000,0.000,1.185,1.336,2,NULL,NULL,,3,0,2,7,255,1406,250,0,0
stim,199811,229932,0,229932,3427244.454,-0.645,-0.034,0.097,0.758,3103,110,3,3190,1661,2493,281,2508,43,1.012,1,2241,0,47.258,1.700,-33.688,2.313,-33.063,0.051,-0.078,1.055,-0.039,1.699,0.297,0.000,0.000,1.185,1.336,2,NULL,NULL,,3,0,2,7,255,1406,250,0,0
stim,199811,229932,0,229932,3427249.455,-0.645,-0.035,0.096,0.757,3111,123,0,3196,1709,2501,288,2522,43,1.012,1,2241,0,40.476,1.705,-35.563,1.750,-19.250,-0.094,0.031,0.957,0.137,1.699,0.172,0.000,0.000,1.185,1.336,2,NULL,NULL,,3,0,2,7,255,1406,250,0,0
stim,199811,229932,0,229932,3427254.453,-0.646,-0.036,0.095,0.757,3100,135,0,3206,1741,2509,293,2517,43,1.012,1,2241,0,34.659,0.766,-25.813,1.750,-23.063,-0.176,0.063,0.938,0.137,0.754,-0.418,0.000,0.000,1.185,1.336,2,NULL,NULL,,3,0,2,7,255,1406,250,0,0
stim,199811,229932,0,229932,3427259.455,-0.647,-0.037,0.095,0.756,3130,133,19,3192,1753,2509,273,2519,43,1.012,1,2241,0,36.057,0.316,-19.313,2.125,-30.375,-0.156,-0.012,0.980,0.137,0.285,-0.418,0.000,0.000,1.185,1.336,2,NULL,NULL,,3,0,2,7,255,1406,250,0,0
stim,199848,229969,0,229969,3427264.454,-0.648,-0.038,0.094,0.755,3101,155,55,3209,1775,2511,267,2521,43,1.012,1,2241,0,34.012,0.662,-18.063,2.000,-28.750,-0.090,-0.063,0.988,0.598,0.285,-0.176,0.000,0.000,1.185,1.336,2,NULL,NULL,,3,0,2,7,255,1406,250,0,0
stim,199848,229969,0,229969,3427269.457,-0.648,-0.038,0.093,0.755,3111,167,70,3195,1786,2516,240,2520,43,1.012,1,2241,0,25.607,1.311,-17.250,1.375,-18.875,-0.086,-0.055,0.965,0.879,0.973,-0.176,0.000,0.000,1.185,1.336,2,NULL,NULL,,3,0,2,7,255,1406,250,0,0
stim,199848,229969,0,229969,3427274.454,-0.649,-0.039,0.092,0.754,3109,176,69,3205,1803,2515,225,2525,43,1.012,1,2241,0,19.456,1.384,-13.375,1.375,-14.063,-0.141,-0.078,0.961,0.984,0.973,-0.367,0.000,0.000,1.185,1.336,2,NULL,NULL,,3,0,2,7,255,1406,250,0,0
stim,199848,229969,0,229969,3427279.455,-0.649,-0.039,0.092,0.754,3111,179,73,3192,1823,2511,228,2518,43,1.003,1,2241,1,16.827,1.242,-9.688,0.500,-13.750,-0.148,-0.105,0.953,1.148,0.473,-0.414,0.000,0.000,1.203,1.369,2,NULL,NULL,,3,0,2,7,255,1406,250,0,0
stim,199848,229969,0,229969,3427284.454,-0.650,-0.039,0.091,0.754,3102,172,87,3184,1832,2511,222,2525,43,1.003,1,2241,1,11.578,1.244,-5.375,-0.313,-10.250,-0.148,-0.082,0.949,1.176,0.406,-0.438,0.004,0.004,1.203,1.369,2,NULL,NULL,,3,0,2,7,255,1406,250,0,0
stim,199848,229969,0,229969,3427289.455,-0.650,-0.040,0.091,0.753,3109,176,147,3197,1839,2511,227,2525,43,1.003,1,2241,1,8.731,1.238,-2.250,-1.438,-8.313,-0.168,-0.023,0.973,1.176,0.387,-0.438,0.010,0.008,1.203,1.369,2,NULL,NULL,,3,0,2,7,255,1406,250,0,0
stim,199848,229969,0,229969,3427294.453,-0.650,-0.040,0.091,0.753,3100,171,155,3177,1849,2521,227,2521,43,1.003,1,2241,1,8.838,0.736,-1.313,-1.750,-8.563,-0.148,-0.020,0.988,0.641,0.363,-0.160,0.014,0.014,1.203,1.369,2,NULL,NULL,,3,0,2,7,255,1406,250,0,0
stim,199848,229969,0,229969,3427299.455,-0.650,-0.040,0.091,0.753,3099,171,159,3180,1853,2522,228,2520,43,1.003,1,2241,1,5.577,0.675,-0.875,-2.563,-4.875,-0.145,-0.012,0.973,0.590,0.328,-0.160,0.022,0.020,1.203,1.369,2,NULL,NULL,,3,0,2,7,255,1406,250,0,0
stim,199872,229993,0,229993,3427304.453,-0.651,-0.040,0.091,0.753,3099,173,171,3175,1875,2524,217,2521,43,1.003,1,2241,1,6.489,0.598,-0.188,-2.750,-5.875,-0.184,0.000,0.992,0.500,0.328,-0.043,0.028,0.026,1.203,1.369,2,NULL,NULL,,3,0,2,7,255,1406,250,0,0
stim,199872,229993,0,229993,3427309.456,-0.651,-0.040,0.091,0.753,3099,172,184,3185,1879,2519,201,2535,43,1.003,1,2241,1,10.680,0.465,0.188,-4.063,-9.875,-0.188,0.008,0.953,0.465,-0.016,-0.203,0.034,0.032,1.203,1.369,2,NULL,NULL,,3,0,2,7,255,1406,250,0,0
stim,199872,229993,0,229993,3427314.454,-0.651,-0.039,0.091,0.752,3097,168,201,3164,1891,2522,199,2523,43,1.003,1,2241,1,15.562,0.375,6.063,-4.250,-13.688,-0.148,0.004,0.980,0.375,-0.016,-0.109,0.040,0.038,1.203,1.369,2,NULL,NULL,,3,0,2,7,255,1406,250,0,0
stim,199872,229993,0,229993,3427319.455,-0.652,-0.039,0.090,0.752,3111,167,211,3160,1885,2516,188,2525,43,1.003,1,2241,1,10.982,0.459,4.813,-4.688,-8.688,-0.109,0.016,1.023,0.363,0.281,-0.109,0.044,0.042,1.203,1.369,2,NULL,NULL,,3,0,2,7,255,1406,250,0,0
stim,199894,230015,0,230015,3427324.454,-0.652,-0.039,0.090,0.752,3087,162,225,3160,1892,2516,179,2525,43,1.003,1,2241,1,6.648,0.342,2.188,-5.125,-3.625,-0.152,0.063,1.004,0.195,0.281,0.148,0.050,0.048,1.203,1.369,2,NULL,NULL,,3,0,2,7,255,1406,250,0,0
stim,199894,230015,0,230015,3427329.455,-0.652,-0.038,0.090,0.752,3091,163,235,3153,1901,2515,171,2533,43,1.003,1,2241,1,6.557,0.281,2.688,-4.938,-3.375,-0.148,0.039,1.000,0.043,0.277,0.148,0.054,0.052,1.203,1.369,2,NULL,NULL,,3,0,2,7,255,1406,250,0,0
stim,199894,230015,0,230015,3427334.454,-0.652,-0.038,0.090,0.752,3067,156,251,3135,1891,2505,171,2533,43,1.003,1,2241,1,8.608,0.296,3.750,-6.438,-4.313,-0.223,0.121,0.988,-0.203,0.215,0.148,0.058,0.056,1.203,1.369,2,NULL,NULL,,3,0,2,7,255,1406,250,0,0
stim,199894,230015,0,230015,3427339.455,-0.653,-0.038,0.090,0.751,3068,159,302,3139,1933,2510,173,2543,43,1.003,1,2241,1,19.995,0.875,6.125,-7.188,-17.625,-0.238,0.191,0.988,-0.664,-0.570,0.160,0.060,0.058,1.203,1.369,2,NULL,NULL,,3,0,2,7,255,1406,250,0,0
stim,199894,230015,0,230015,3427344.453,-0.654,-0.037,0.090,0.750,3061,155,339,3114,1947,2513,181,2533,43,1.003,1,2241,1,28.383,0.875,4.375,-6.625,-27.250,-0.145,0.074,1.070,-0.664,-0.570,0.207,0.062,0.060,1.203,1.369,2,NULL,NULL,,3,0,2,7,255,1406,250,0,0
stim,199894,230015,0,230015,3427349.455,-0.654,-0.037,0.090,0.750,3047,163,362,3109,1958,2509,188,2541,43,1.003,1,2241,1,13.542,0.453,-2.750,-8.563,-10.125,-0.016,0.008,0.988,-0.285,0.352,0.207,0.064,0.062,1.203,1.369,2,NULL,NULL,,3,0,2,7,255,1406,250,0,0
stim,199947,230068,0,230068,3427354.454,-0.654,-0.037,0.090,0.750,3037,166,377,3099,1981,2504,190,2552,43,1.003,1,2241,1,10.449,0.453,0.875,-7.875,6.813,-0.133,0.176,1.023,-0.285,0.352,0.375,0.064,0.062,1.203,1.369,2,NULL,NULL,,3,0,2,7,255,1406,250,0,0
stim,199947,230068,0,230068,3427359.457,-0.654,-0.036,0.089,0.750,3026,160,444,3091,2015,2503,199,2553,43,1.003,1,2241,1,8.823,1.298,-3.438,-8.125,0.125,-0.203,0.230,1.047,-1.277,0.230,0.375,0.066,0.062,1.203,1.369,2,NULL,NULL,,3,0,2,7,255,1406,250,0,0
stim,199947,230068,0,230068,3427364.453,-0.654,-0.036,0.089,0.750,3015,165,491,3091,2022,2517,207,2572,43,1.003,1,2241,1,13.584,1.299,-4.375,-9.125,-9.063,-0.176,0.180,1.000,-1.277,-0.238,0.375,0.066,0.062,1.203,1.369,2,NULL,NULL,,3,0,2,7,255,1406,250,0,0
stim,199947,230068,0,230068,3427369.455,-0.655,-0.036,0.089,0.750,3012,170,547,3079,2045,2516,211,2596,43,1.003,1,2241,1,15.709,1.299,-4.063,-9.125,-12.125,-0.145,0.152,1.035,-1.277,-0.238,0.492,0.064,0.062,1.203,1.369,2,NULL,NULL,,3,0,2,7,255,1406,250,0,0
stim,199947,230068,0,230068,3427374.454,-0.655,-0.036,0.088,0.750,2999,177,603,3051,2085,2522,227,2598,43,1.003,1,2241,1,16.825,1.202,-5.125,-9.625,-12.813,-0.133,0.164,1.000,-1.191,0.156,0.203,0.064,0.060,1.203,1.369,2,NULL,NULL,,3,0,2,7,255,1406,250,0,0
stim,199947,230068,0,230068,3427379.455,-0.655,-0.035,0.088,0.749,2976,189,667,3049,2136,2515,272,2611,43,1.003,1,2241,1,13.575,1.056,-2.688,-9.625,-9.188,-0.109,0.129,1.027,-1.039,0.188,0.359,0.060,0.056,1.203,1.369,2,NULL,NULL,,3,0,2,7,255,1406,250,0,0
stim,199947,230068,0,230068,3427384.453,-0.656,-0.035,0.087,0.749,2971,195,691,3032,2183,2511,312,2620,43,1.003,1,2241,1,13.508,0.922,-8.938,-9.250,-4.125,-0.141,0.137,1.063,-0.887,0.254,0.359,0.058,0.052,1.203,1.369,2,NULL,NULL,,3,0,2,7,255,1406,250,0,0
stim,199947,230068,0,230068,3427389.455,-0.656,-0.035,0.087,0.749,2954,225,757,3033,2217,2517,320,2631,43,1.003,1,2241,1,16.660,0.922,-12.375,-10.313,-4.250,-0.184,0.160,0.977,-0.887,0.254,0.359,0.054,0.048,1.203,1.369,2,NULL,NULL,,3,0,2,7,255,1406,250,0,0
stim,199947,230068,0,230068,3427394.454,-0.656,-0.035,0.086,0.749,2923,245,843,3015,2214,2537,347,2637,43,1.003,1,2241,1,15.834,0.962,-6.750,-10.375,-9.875,-0.199,0.141,0.996,-0.898,-0.344,0.211,0.052,0.042,1.203,1.369,2,NULL,NULL,,3,0,2,7,255,1406,250,0,0
stim,199947,230068,0,230068,3427399.455,-0.657,-0.035,0.086,0.749,2909,251,928,3000,2300,2519,383,2647,43,1.003,1,2241,1,22.393,1.186,-6.813,-9.938,-18.875,-0.199,0.164,1.051,-1.109,-0.418,0.211,0.050,0.038,1.203,1.369,2,NULL,NULL,,3,0,2,7,255,1406,250,0,0
stim,199968,230089,0,230089,3427404.453,-0.657,-0.035,0.085,0.748,2888,248,1036,2981,2333,2520,439,2655,43,1.003,1,2241,1,31.105,1.186,-12.000,-10.063,-26.875,-0.172,0.164,1.020,-1.109,-0.418,0.395,0.048,0.032,1.203,1.369,2,NULL,NULL,,3,0,2,7,255,1406,250,0,0
stim,199968,230089,0,230089,3427409.455,-0.658,-0.035,0.085,0.747,2872,255,1133,2970,2376,2519,475,2667,43,1.003,1,2241,1,34.939,1.128,-14.375,-9.563,-30.375,-0.164,0.109,1.008,-1.109,-0.203,0.395,0.048,0.028,1.203,1.369,2,NULL,NULL,,3,0,2,7,255,1406,250,0,0
stim,199968,230089,0,230089,3427414.454,-0.659,-0.035,0.083,0.746,2839,266,1239,2967,2411,2519,596,2681,43,1.003,1,2241,1,37.774,0.657,-19.250,-9.563,-31.063,-0.145,-0.008,0.992,-0.652,-0.078,0.234,0.048,0.024,1.203,1.369,2,NULL,NULL,,3,0,2,7,255,1406,250,0,0
stim,199968,230089,0,230089,3427419.455,-0.661,-0.036,0.082,0.745,2815,269,1309,2937,2439,2525,675,2683,43,1.003,1,2241,1,42.259,0.444,-22.000,-9.250,-34.875,-0.207,-0.066,0.973,0.438,-0.078,0.000,0.048,0.022,1.203,1.369,2,NULL,NULL,,3,0,2,7,255,1406,250,0,0
stim,199993,230114,0,230114,3427424.454,-0.662,-0.037,0.081,0.744,2792,277,1426,2925,2447,2531,788,2695,43,1.003,1,2241,1,48.395,1.065,-25.188,-9.625,-40.188,-0.152,-0.133,0.965,1.047,0.195,-0.105,0.046,0.018,1.203,1.369,2,NULL,NULL,,3,0,2,7,255,1406,250,0,0
stim,199993,230114,0,230114,3427429.455,-0.663,-0.037,0.080,0.743,2775,308,1519,2919,2501,2525,903,2713,43,1.003,1,2241,1,48.023,1.076,-26.250,-10.750,-38.750,-0.137,-0.082,0.930,1.059,0.195,-0.305,0.046,0.016,1.203,1.369,2,NULL,NULL,,3,0,2,7,255,1406,250,0,0
stim,199993,230114,0,230114,3427434.453,-0.665,-0.038,0.078,0.742,2747,329,1610,2895,2519,2522,987,2713,43,1.003,1,2241,1,47.979,1.076,-20.188,-11.188,-42.063,-0.148,-0.004,0.918,1.059,0.195,-0.652,0.046,0.016,1.203,1.369,2,NULL,NULL,,3,0,2,7,255,1406,250,0,0
stim,199993,230114,0,230114,3427439.455,-0.666,-0.038,0.077,0.741,2758,329,1709,2877,2541,2533,1110,2723,43,1.003,1,2241,1,44.095,0.364,-15.938,-12.438,-39.188,-0.102,-0.012,0.949,0.297,0.211,-0.652,0.046,0.016,1.203,1.369,2,NULL,NULL,,3,0,2,7,255,1406,250,0,0
stim,200014,230135,0,230135,3427444.454,-0.667,-0.038,0.076,0.740,2683,355,1809,2869,2581,2532,1191,2735,43,1.003,1,2241,1,40.969,0.325,-16.313,-12.688,-35.375,-0.148,-0.043,0.984,0.297,0.133,-0.469,0.046,0.016,1.203,1.369,2,NULL,NULL,,3,0,2,7,255,1406,250,0,0
stim,200014,230135,0,230135,3427449.455,-0.668,-0.038,0.075,0.739,2661,381,1878,2847,2600,2536,1275,2749,43,1.003,1,2241,1,42.850,0.435,-18.875,-12.875,-36.250,-0.148,-0.023,1.004,0.414,0.133,-0.070,0.046,0.016,1.203,1.369,2,NULL,NULL,,3,0,2,7,255,1406,250,0,0
stim,200045,230166,0,230166,3427454.453,-0.669,-0.038,0.074,0.738,2617,394,1955,2823,2589,2536,1397,2763,43,1.003,1,2241,1,45.424,0.433,-21.375,-14.313,-37.438,-0.164,-0.008,0.984,0.414,0.125,-0.031,0.046,0.018,1.203,1.369,2,NULL,NULL,,3,0,2,7,255,1406,250,0,0
stim,200045,230166,0,230166,3427459.455,-0.671,-0.039,0.073,0.737,2581,421,2053,2804,2647,2535,1491,2779,43,1.003,1,2241,1,46.866,0.287,-19.813,-14.625,-39.875,-0.125,0.016,0.984,0.258,0.125,-0.031,0.046,0.020,1.203,1.369,2,NULL,NULL,,3,0,2,7,255,1406,250,0,0
stim,200045,230166,0,230166,3427464.454,-0.672,-0.039,0.072,0.736,2526,425,2135,2781,2677,2537,1576,2787,43,1.003,1,2241,1,43.294,0.233,-18.188,-15.000,-36.313,-0.059,0.012,0.992,-0.031,0.230,-0.074,0.046,0.022,1.203,1.369,2,NULL,NULL,,3,0,2,7,255,1406,250,0,0
stim,200045,230166,0,230166,3427469.455,-0.673,-0.039,0.070,0.736,2488,444,2201,2763,2697,2547,1655,2799,43,1.003,1,2241,1,34.956,0.763,-18.438,-14.688,-25.813,-0.070,0.008,0.992,-0.047,0.762,-0.105,0.046,0.022,1.203,1.369,2,NULL,NULL,,3,0,2,7,255,1406,250,0,0
stim,200045,230166,0,230166,3427474.454,-0.673,-0.039,0.069,0.735,2453,467,2279,2730,2713,2538,1749,2804,43,1.003,1,2241,1,33.092,0.765,-17.438,-13.813,-24.500,-0.180,0.055,1.027,-0.074,0.762,-0.105,0.046,0.024,1.203,1.369,2,NULL,NULL,,3,0,2,7,255,1406,250,0,0
stim,200045,230166,0,230166,3427479.455,-0.675,-0.039,0.068,0.734,2403,487,2325,2716,2720,2547,1820,2809,43,1.003,1,2241,1,47.599,0.508,-21.250,-13.563,-40.375,-0.215,0.086,1.047,-0.406,-0.305,0.406,0.048,0.022,1.203,1.369,2,NULL,NULL,,3,0,2,7,255,1406,250,0,0
stim,200068,230189,0,230189,3427484.454,-0.676,-0.039,0.067,0.732,2351,486,2381,2679,2745,2541,1907,2825,43,1.003,1,2241,1,62.156,0.508,-25.313,-12.500,-55.375,-0.133,0.035,1.020,-0.406,-0.305,0.406,0.048,0.022,1.203,1.369,2,NULL,NULL,,3,0,2,7,255,1406,250,0,0
stim,200068,230189,0,230189,3427489.455,-0.678,-0.040,0.065,0.731,2287,489,2439,2651,2759,2539,1965,2833,43,1.003,1,2241,1,60.036,0.346,-27.188,-12.438,-52.063,-0.027,-0.043,1.000,-0.316,0.141,0.250,0.048,0.020,1.203,1.369,2,NULL,NULL,,3,0,2,7,255,1406,250,0,0
stim,200068,230189,0,230189,3427494.453,-0.679,-0.040,0.064,0.730,2215,493,2489,2619,2767,2554,2021,2831,43,1.003,1,2241,1,47.171,1.209,-29.000,-12.438,-35.063,0.004,-0.117,1.008,0.352,1.156,-0.047,0.050,0.018,1.203,1.369,2,NULL,NULL,,3,0,2,7,255,1406,250,0,0
stim,200068,230189,0,230189,3427499.455,-0.680,-0.041,0.062,0.730,2167,511,2540,2601,2776,2542,2087,2845,43,1.003,1,2241,1,44.124,1.228,-36.000,-13.438,-21.688,-0.105,-0.051,1.055,0.414,1.156,-0.047,0.050,0.016,1.203,1.369,2,NULL,NULL,,3,0,2,7,255,1406,250,0,0
stim,200068,230189,0,230189,3427504.454,-0.681,-0.042,0.060,0.729,2106,516,2569,2554,2797,2543,2131,2852,43,1.003,1,2241,1,50.906,0.625,-41.125,-12.688,-27.188,-0.176,0.074,1.016,0.414,0.469,0.266,0.052,0.014,1.203,1.369,2,NULL,NULL,,3,0,2,7,255,1406,250,0,0
stim,200068,230189,0,230189,3427509.455,-0.682,-0.043,0.059,0.728,2037,511,2597,2525,2808,2531,2187,2857,43,1.003,1,2241,1,52.637,0.841,-34.938,-12.563,-37.313,-0.148,0.090,0.934,-0.809,-0.230,0.266,0.054,0.014,1.203,1.369,2,NULL,NULL,,3,0,2,7,255,1406,250,0,0
stim,200068,230189,0,230189,3427514.454,-0.683,-0.043,0.058,0.727,1951,521,2628,2475,2766,2533,2221,2859,43,1.003,1,2241,1,47.504,0.841,-23.563,-13.063,-39.125,-0.098,-0.004,0.965,-0.809,-0.230,-0.324,0.056,0.012,1.203,1.369,2,NULL,NULL,,3,0,2,7,255,1406,250,0,0
stim,200068,230189,0,230189,3427519.455,-0.684,-0.043,0.056,0.726,1871,521,2661,2439,2835,2527,2277,2863,43,1.003,1,2241,1,43.701,0.350,-22.938,-13.750,-34.563,-0.105,-0.043,1.055,-0.133,0.324,-0.324,0.056,0.012,1.203,1.369,2,NULL,NULL,,3,0,2,7,255,1406,250,0,0
stim,200093,230214,0,230214,3427524.454,-0.685,-0.044,0.055,0.725,1783,511,2687,2381,2846,2523,2312,2870,43,1.003,1,2241,1,47.895,0.331,-30.563,-13.188,-34.438,-0.137,-0.027,1.051,0.066,0.324,0.551,0.058,0.012,1.203,1.369,2,NULL,NULL,,3,0,2,7,255,1406,250,0,0
stim,200093,230214,0,230214,3427529.455,-0.686,-0.044,0.053,0.724,1721,505,2715,2317,2846,2517,2343,2873,43,1.003,1,2241,1,52.295,0.100,-34.063,-13.500,-37.313,-0.141,0.000,1.008,0.066,0.074,0.551,0.058,0.012,1.203,1.369,2,NULL,NULL,,3,0,2,7,255,1406,250,0,0
stim,200093,230214,0,230214,3427534.453,-0.688,-0.045,0.052,0.723,1587,491,2743,2254,2859,2519,2380,2875,43,1.003,1,2241,1,55.758,0.227,-33.688,-13.750,-42.250,-0.133,-0.004,1.004,-0.227,0.004,0.164,0.060,0.012,1.203,1.369,2,NULL,NULL,,3,0,2,7,255,1406,250,0,0
stim,200093,230214,0,230214,3427539.455,-0.689,-0.046,0.050,0.722,1447,483,2767,2211,2871,2510,2413,2893,43,1.003,1,2241,1,60.710,0.227,-36.313,-14.313,-46.500,-0.117,-0.027,1.020,-0.227,0.004,0.164,0.060,0.012,1.203,1.369,2,NULL,NULL,,3,0,2,7,255,1406,250,0,0
stim,200111,230232,0,230232,3427544.454,-0.690,-0.046,0.048,0.720,1307,473,2787,2131,2841,2515,2442,2891,43,1.003,1,2241,1,61.385,0.173,-37.000,-14.813,-46.688,-0.105,-0.027,0.996,-0.082,0.152,0.090,0.062,0.014,1.203,1.369,2,NULL,NULL,,3,0,2,7,255,1406,250,0,0
stim,200111,230232,0,230232,3427549.455,-0.692,-0.047,0.047,0.719,1197,444,2807,2043,2887,2503,2472,2893,43,1.003,1,2241,1,56.637,0.234,-32.688,-15.188,-43.688,-0.078,-0.027,0.949,-0.082,0.219,-0.012,0.062,0.016,1.203,1.369,2,NULL,NULL,,3,0,2,7,255,1406,250,0,0
stim,200111,230232,0,230232,3427554.453,-0.693,-0.047,0.045,0.718,1095,407,2824,1955,2899,2487,2514,2899,43,1.003,1,2241,1,46.188,0.422,-22.938,-15.875,-36.813,-0.078,-0.055,0.953,-0.082,0.414,-0.430,0.064,0.018,1.203,1.369,2,NULL,NULL,,3,0,2,7,255,1406,250,0,0
stim,200111,230232,0,230232,3427559.458,-0.694,-0.047,0.044,0.717,983,377,2838,1834,2903,2483,2523,2901,43,1.003,1,2241,1,40.214,0.437,-16.750,-16.375,-32.688,-0.086,-0.066,1.004,0.141,0.414,-0.430,0.064,0.020,1.203,1.369,2,NULL,NULL,,3,0,2,7,255,1406,250,0,0
stim,200158,230279,0,230279,3427564.454,-0.695,-0.047,0.043,0.716,841,367,2854,1739,2909,2473,2565,2917,43,1.003,1,2241,1,38.649,0.404,-17.625,-16.938,-29.938,-0.098,-0.059,1.039,0.141,0.379,0.082,0.066,0.022,1.203,1.369,2,NULL,NULL,,3,0,2,7,255,1406,250,0,0
stim,200158,230279,0,230279,3427569.455,-0.696,-0.047,0.041,0.716,713,331,2864,1609,2922,2458,2583,2915,43,1.003,1,2241,1,40.056,0.310,-21.750,-17.563,-28.688,-0.117,-0.035,1.051,0.113,0.289,0.438,0.066,0.022,1.203,1.369,2,NULL,NULL,,3,0,2,7,255,1406,250,0,0
stim,200158,230279,0,230279,3427574.454,-0.697,-0.047,0.040,0.715,569,299,2880,1470,2927,2443,2598,2917,43,1.003,1,2241,1,41.550,0.167,-24.563,-19.063,-27.563,-0.129,-0.004,1.039,-0.141,0.090,0.449,0.068,0.024,1.203,1.369,2,NULL,NULL,,3,0,2,7,255,1406,250,0,0
stim,200158,230279,0,230279,3427579.455,-0.697,-0.047,0.039,0.714,415,269,2903,1326,2943,2432,2627,2921,43,1.003,1,2241,1,42.132,0.484,-24.188,-19.438,-28.500,-0.109,0.012,1.004,-0.477,0.086,0.449,0.068,0.024,1.203,1.369,2,NULL,NULL,,3,0,2,7,255,1406,250,0,0
stim,200158,230279,0,230279,3427584.453,-0.698,-0.047,0.037,0.713,311,234,2915,1163,2953,2430,2645,2923,43,1.003,1,2241,1,38.881,0.491,-19.188,-20.688,-26.750,-0.105,-0.004,1.000,-0.484,0.078,0.051,0.068,0.024,1.203,1.369,2,NULL,NULL,,3,0,2,7,255,1406,250,0,0
stim,200158,230279,0,230279,3427589.455,-0.699,-0.047,0.036,0.713,221,183,2921,972,2962,2410,2655,2925,43,1.003,1,2241,1,37.308,0.491,-15.875,-21.688,-25.875,-0.113,-0.027,1.023,-0.484,0.078,0.051,0.068,0.024,1.203,1.369,2,NULL,NULL,,3,0,2,7,255,1406,250,0,0
stim,200158,230279,0,230279,3427594.453,-0.700,-0.047,0.035,0.712,126,169,2926,821,2962,2391,2680,2937,43,1.003,1,2241,1,40.205,0.307,-16.750,-22.000,-29.188,-0.102,-0.063,1.047,-0.297,0.078,0.297,0.068,0.024,1.203,1.369,2,NULL,NULL,,3,0,2,7,255,1406,250,0,0
stim,200158,230279,0,230279,3427599.455,-0.701,-0.047,0.033,0.711,84,131,2937,651,2981,2373,2685,2937,43,1.003,1,2241,1,38.871,0.150,-18.375,-23.875,-24.563,-0.051,-0.070,1.023,0.020,0.148,0.297,0.068,0.024,1.203,1.369,2,NULL,NULL,,3,0,2,7,255,1406,250,0,0
stim,200158,230279,0,230279,3427604.453,-0.701,-0.046,0.032,0.711,37,100,2944,531,2932,2355,2700,2935,43,1.003,1,2241,1,35.517,0.185,-15.000,-24.875,-20.438,-0.090,-0.031,1.012,0.020,0.184,0.219,0.068,0.024,1.203,1.369,2,NULL,NULL,,3,0,2,7,255,1406,250,0,0
stim,200158,230279,0,230279,3427609.455,-0.702,-0.046,0.031,0.710,19,51,2954,359,2981,2323,2714,2939,43,1.003,1,2241,1,32.125,0.346,-4.500,-28.375,-14.375,-0.109,0.004,1.023,-0.293,0.184,0.219,0.068,0.024,1.203,1.369,2,NULL,NULL,,3,0,2,7,255,1406,250,0,0
stim,200158,230279,0,230279,3427614.455,-0.702,-0.045,0.030,0.710,0,38,2965,215,2989,2292,2735,2956,43,1.003,1,2241,1,36.031,0.643,-2.063,-30.188,-19.563,-0.117,0.027,1.043,-0.641,-0.051,0.270,0.068,0.024,1.203,1.369,2,NULL,NULL,,3,0,2,7,255,1406,250,0,0
stim,200180,230301,0,230301,3427619.455,-0.703,-0.044,0.029,0.709,0,35,2969,155,2991,2283,2759,2955,43,1.003,1,2241,1,41.877,0.779,-4.375,-31.000,-27.813,-0.082,0.016,1.043,-0.777,-0.051,0.426,0.068,0.026,1.203,1.369,2,NULL,NULL,,3,0,2,7,255,1406,250,0,0
stim,200180,230301,0,230301,3427624.454,-0.704,-0.042,0.028,0.709,0,18,2973,146,2999,2267,2771,2963,43,1.003,1,2241,1,40.612,0.784,8.438,-35.875,-17.063,-0.188,-0.051,1.137,-0.777,-0.105,0.461,0.068,0.026,1.203,1.369,2,NULL,NULL,,3,0,2,7,255,1406,250,0,0
stim,200180,230301,0,230301,3427629.455,-0.704,-0.040,0.028,0.709,0,0,2983,137,3003,2233,2790,2957,43,1.003,1,2241,0,61.210,0.785,39.875,-46.000,6.375,-0.348,-0.105,1.441,-0.156,-0.770,1.477,0.068,0.026,1.203,1.369,3,NULL,NULL,,3,0,2,7,255,1406,250,0,0
stim,200180,230301,0,230301,3427634.454,-0.704,-0.038,0.027,0.709,0,0,2987,111,2979,2218,2805,2961,43,1.003,1,2241,0,51.253,1.372,0.188,-51.250,-0.500,-0.270,-0.121,1.453,0.277,-1.344,4.598,0.068,0.026,1.203,1.369,3,NULL,NULL,,3,0,2,7,255,1406,250,0,0
stim,200202,230323,0,230323,3427639.455,-0.704,-0.039,0.023,0.709,0,0,2995,95,3015,2171,2823,2957,43,1.003,1,2241,0,71.668,1.413,-48.938,-47.188,-22.688,-0.098,-0.230,1.094,0.438,-1.344,4.598,0.068,0.024,1.203,1.369,3,NULL,NULL,,3,0,2,7,255,1406,250,0,0
stim,200202,230323,0,230323,3427644.453,-0.704,-0.038,0.021,0.709,0,0,2987,71,3021,2146,2825,2965,43,1.003,1,2241,0,62.127,1.318,-34.125,-51.875,-2.063,-0.055,-0.191,0.879,1.316,-0.055,1.070,0.068,0.024,1.203,1.369,3,NULL,NULL,,3,0,2,7,255,1406,250,0,0
stim,200202,230323,0,230323,3427649.455,-0.704,-0.036,0.019,0.709,0,0,2987,39,3023,2099,2839,2959,43,1.003,1,2241,0,59.410,1.318,2.875,-57.125,16.063,-0.137,-0.098,0.902,1.316,-0.055,-0.852,0.068,0.024,1.203,1.369,3,NULL,NULL,,3,0,2,7,255,1406,250,0,0
stim,200202,230323,0,230323,3427654.454,-0.704,-0.034,0.018,0.710,0,0,2999,0,3043,2031,2859,2971,43,1.003,1,2241,0,62.727,0.787,18.313,-59.563,7.188,-0.199,-0.086,1.012,0.383,-0.688,-0.852,0.066,0.026,1.203,1.369,3,NULL,NULL,,3,0,2,7,255,1406,250,0,0
stim,200247,230368,0,230368,3427659.455,-0.704,-0.032,0.016,0.710,0,0,2991,0,3031,1989,2871,2973,43,1.003,1,2241,0,64.846,1.181,18.500,-62.063,-3.313,-0.188,-0.156,1.125,0.383,-1.117,0.258,0.066,0.026,1.203,1.369,3,NULL,NULL,,3,0,2,7,255,1406,250,0,0
stim,200247,230368,0,230368,3427664.453,-0.704,-0.030,0.015,0.710,0,0,2985,0,3003,1928,2873,2965,43,1.003,1,2241,0,66.400,1.424,13.250,-65.063,-0.563,-0.121,-0.191,1.121,0.883,-1.117,1.324,0.066,0.028,1.203,1.369,3,NULL,NULL,,3,0,2,7,255,1406,250,0,0
stim,200247,230368,0,230368,3427669.455,-0.704,-0.027,0.013,0.710,0,0,2984,0,3047,1867,2889,2965,43,1.003,1,2241,0,67.467,1.272,9.438,-66.750,2.688,-0.117,-0.180,1.063,1.129,-0.586,1.324,0.064,0.032,1.203,1.369,3,NULL,NULL,,3,0,2,7,255,1406,250,0,0
stim,200247,230368,0,230368,3427674.454,-0.703,-0.025,0.011,0.710,0,0,2989,0,3061,1801,2907,2975,43,1.003,1,2241,0,69.858,1.274,11.313,-68.813,4.125,-0.102,-0.180,1.035,1.168,-0.508,0.742,0.060,0.038,1.203,1.369,3,NULL,NULL,,3,0,2,7,255,1406,250,0,0
stim,200247,230368,0,230368,3427679.455,-0.703,-0.022,0.009,0.711,0,0,2983,0,3063,1719,2903,2963,43,1.003,1,2241,0,73.929,1.233,16.188,-71.625,8.563,-0.090,-0.156,1.035,1.129,-0.496,0.441,0.056,0.044,1.203,1.369,3,NULL,NULL,,3,0,2,7,255,1406,250,0,0
stim,200247,230368,0,230368,3427684.453,-0.703,-0.020,0.008,0.711,0,0,2981,0,3062,1639,2921,2972,43,1.003,1,2241,0,77.476,1.064,21.813,-73.438,11.563,-0.102,-0.113,1.047,0.941,-0.496,0.441,0.050,0.052,1.203,1.369,3,NULL,NULL,,3,0,2,7,255,1406,250,0,0
stim,200247,230368,1,230368,3427689.455,-0.702,-0.017,0.006,0.712,0,0,2971,0,3059,1557,2923,2975,43,1.003,1,2241,0,80.138,0.825,23.875,-75.938,9.250,-0.113,-0.078,1.074,0.543,-0.621,0.516,0.048,0.056,1.203,1.369,3,NULL,NULL,,3,1,2,7,255,1406,250,0,0
stim,200247,230368,1,230368,3427694.454,-0.702,-0.014,0.005,0.712,0,0,2957,0,3037,1459,2921,2963,43,1.003,1,2241,0,81.105,0.660,22.000,-77.750,7.000,-0.086,-0.051,1.121,0.223,-0.621,0.777,0.044,0.060,1.203,1.369,3,NULL,NULL,,3,1,2,7,255,1406,250,0,0
stim,200247,230368,1,230368,3427699.455,-0.702,-0.011,0.003,0.712,0,0,2942,0,3061,1341,2921,2957,43,1.003,1,2241,0,81.412,0.617,15.188,-79.625,7.563,-0.074,-0.035,1.145,-0.066,-0.613,1.207,0.042,0.062,1.203,1.369,3,NULL,NULL,,3,1,2,7,255,1406,250,0,0
stim,200247,230368,1,230368,3427704.453,-0.702,-0.008,0.001,0.713,0,0,2935,0,3065,1233,2936,2951,43,1.003,1,2241,0,82.309,0.630,10.063,-81.375,7.188,-0.066,0.020,1.090,-0.199,-0.598,1.207,0.040,0.066,1.203,1.369,3,NULL,NULL,,3,1,2,7,255,1406,250,0,0
stim,200268,230389,1,230389,3427709.455,-0.701,-0.005,-0.001,0.713,0,0,2927,0,3069,1109,2939,2953,43,1.003,1,2241,0,84.666,0.905,12.750,-83.563,4.813,-0.055,0.059,1.055,-0.715,-0.555,0.875,0.034,0.072,1.203,1.369,3,NULL,NULL,,3,1,2,7,255,1406,250,0,0
stim,200268,230389,1,230389,3427714.454,-0.701,-0.001,-0.003,0.713,0,0,2919,0,3077,973,2943,2955,43,1.003,1,2241,0,89.088,1.033,20.938,-86.500,4.000,-0.043,0.039,1.074,-0.871,-0.555,0.707,0.030,0.078,1.203,1.369,3,NULL,NULL,,3,1,2,7,255,1406,250,0,0
stim,200268,230389,1,230389,3427719.455,-0.701,0.002,-0.005,0.713,0,0,2909,0,3077,827,2956,2949,43,1.003,1,2241,0,92.716,1.096,24.438,-89.188,6.688,-0.039,0.051,1.090,-0.945,-0.555,0.707,0.028,0.084,1.203,1.369,3,NULL,NULL,,3,1,2,7,255,1406,250,0,0
stim,200268,230389,1,230389,3427724.454,-0.701,0.006,-0.007,0.713,0,0,2894,0,3077,708,2962,2937,43,1.003,1,2241,0,97.120,1.098,30.500,-92.125,3.875,-0.043,0.090,1.109,-0.945,-0.559,0.848,0.026,0.088,1.203,1.369,3,NULL,NULL,,3,1,2,7,255,1406,250,0,0
stim,200291,230412,1,230412,3427729.455,-0.700,0.010,-0.009,0.714,0,0,2887,0,3081,611,2967,2932,43,1.003,1,2241,0,99.291,1.098,26.313,-95.250,9.688,0.020,-0.004,1.254,-0.945,-0.559,1.020,0.024,0.092,1.203,1.369,3,NULL,NULL,,3,1,2,7,255,1406,250,0,0
stim,200291,230412,1,230412,3427734.453,-0.699,0.013,-0.011,0.715,0,0,2869,0,3083,519,2971,2923,43,1.003,1,2241,0,100.880,1.189,9.750,-98.188,21.000,-0.012,0.059,1.266,-1.027,-0.598,2.457,0.024,0.098,1.203,1.369,3,NULL,NULL,,3,1,2,7,255,1406,250,0,0
stim,200291,230412,1,230412,3427739.455,-0.699,0.016,-0.014,0.715,0,0,2848,0,3079,393,2975,2915,43,1.003,1,2241,0,103.091,1.189,-2.500,-100.938,20.813,-0.020,0.172,1.199,-1.027,-0.598,2.457,0.020,0.102,1.203,1.369,3,NULL,NULL,,3,1,2,7,255,1406,250,0,0
stim,200291,230412,1,230412,3427744.454,-0.698,0.019,-0.018,0.716,0,0,2833,0,3087,270,2984,2901,43,1.003,1,2241,0,106.998,2.242,-9.063,-104.500,21.125,-0.012,0.191,1.152,-2.102,-0.781,1.887,0.018,0.106,1.203,1.369,3,NULL,NULL,,3,1,2,7,255,1406,250,0,0
stim,200314,230435,1,230435,3427749.455,-0.697,0.023,-0.021,0.717,0,0,2811,0,3087,167,2987,2887,43,1.003,1,2241,0,112.988,2.245,-1.875,-108.813,30.375,-0.020,0.160,1.180,-2.102,-0.789,1.684,0.018,0.110,1.203,1.369,3,NULL,NULL,,3,1,2,7,255,1406,250,0,0
stim,200314,230435,1,230435,3427754.453,-0.696,0.026,-0.024,0.718,0,0,2787,0,3059,126,2995,2871,43,1.003,1,2241,0,116.085,2.212,-8.063,-112.688,26.688,0.039,0.168,1.191,-2.066,-0.789,1.684,0.016,0.114,1.203,1.369,3,NULL,NULL,,3,1,2,7,255,1406,250,0,0
stim,200344,230465,1,230465,3427759.455,-0.694,0.029,-0.028,0.719,0,0,2762,0,3087,57,2997,2855,43,1.003,1,2241,0,122.507,2.131,-18.938,-115.750,35.375,0.020,0.055,1.180,-1.965,-0.824,1.711,0.016,0.118,1.203,1.369,3,NULL,NULL,,3,1,2,7,255,1406,250,0,0
stim,200344,230465,1,230465,3427764.454,-0.693,0.032,-0.032,0.720,0,0,2733,0,3079,31,2992,2840,43,1.003,1,2241,0,128.479,1.581,-15.875,-120.313,42.188,0.055,0.098,1.262,-1.418,-0.699,1.824,0.010,0.120,1.203,1.369,3,NULL,NULL,,3,1,2,7,255,1406,250,0,0
stim,200344,230465,1,230465,3427769.455,-0.691,0.035,-0.037,0.721,0,0,2699,0,3084,0,3003,2811,43,1.003,1,2241,0,139.573,1.494,-37.250,-123.250,53.875,0.016,0.078,1.246,-1.246,-0.824,2.313,0.010,0.122,1.203,1.369,3,NULL,NULL,,3,1,2,7,255,1406,250,0,0
stim,200344,230465,1,230465,3427774.454,-0.689,0.038,-0.042,0.723,0,0,2661,0,3079,0,2999,2791,43,1.003,1,2241,0,139.843,1.857,-34.625,-126.000,49.813,-0.066,0.117,1.180,-1.418,-1.199,2.313,0.014,0.124,1.203,1.369,3,NULL,NULL,,3,1,2,7,255,1406,250,0,0
stim,200344,230465,1,230465,3427779.455,-0.687,0.041,-0.047,0.724,0,0,2621,0,3079,0,3001,2759,43,1.003,1,2241,0,138.060,2.509,-35.188,-128.125,37.500,-0.055,0.102,1.191,-1.457,-2.043,1.641,0.020,0.126,1.203,1.369,3,NULL,NULL,,3,1,2,7,255,1406,250,0,0
stim,200344,230465,1,230465,3427784.454,-0.686,0.044,-0.051,0.724,0,0,2585,0,3067,0,3008,2715,43,1.003,1,2241,0,135.437,2.551,-19.625,-130.313,31.250,-0.039,0.066,1.305,-1.457,-2.094,1.641,0.028,0.132,1.203,1.369,3,NULL,NULL,,3,1,2,7,255,1406,250,0,0
stim,200367,230488,1,230488,3427789.455,-0.685,0.047,-0.055,0.725,0,0,2551,0,3060,0,3004,2679,43,1.003,1,2241,0,140.973,2.504,-22.625,-135.563,31.375,-0.066,-0.012,1.434,-1.184,-2.207,2.766,0.034,0.138,1.203,1.369,3,NULL,NULL,,3,1,2,7,255,1406,250,0,0
stim,200367,230488,1,230488,3427794.453,-0.683,0.050,-0.061,0.726,0,0,2516,0,3067,0,3005,2641,43,1.003,1,2241,0,147.269,2.897,-35.000,-139.250,32.750,-0.074,0.031,1.512,-0.969,-2.730,3.984,0.044,0.146,1.203,1.369,3,NULL,NULL,,3,1,2,7,255,1406,250,0,0
stim,200367,230488,1,230488,3427799.455,-0.682,0.054,-0.066,0.727,0,0,2469,0,3052,0,3012,2591,43,1.003,1,2241,0,155.799,3.268,-44.500,-145.313,34.313,-0.160,0.055,1.566,-0.969,-3.121,4.691,0.052,0.154,1.203,1.369,3,NULL,NULL,,3,1,2,7,255,1406,250,0,0
stim,200367,230488,1,230488,3427804.453,-0.680,0.056,-0.073,0.727,0,0,2408,0,3047,0,3003,2525,43,1.003,1,2241,0,167.473,4.421,-61.063,-153.500,27.500,-0.234,0.059,1.520,-1.203,-4.254,4.691,0.062,0.164,1.203,1.369,3,NULL,NULL,,3,1,2,7,255,1406,250,0,0
stim,200367,230488,1,230488,3427809.455,-0.680,0.060,-0.080,0.727,0,0,2349,0,3037,0,3001,2440,43,1.003,1,2241,0,174.958,5.245,-62.938,-162.875,11.000,-0.258,0.066,1.461,-1.219,-5.102,4.359,0.074,0.174,1.203,1.369,3,NULL,NULL,,3,1,2,7,255,1406,250,0,0
stim,200367,230488,1,230488,3427814.454,-0.679,0.064,-0.087,0.726,0,0,2290,0,3013,0,2991,2335,43,1.003,1,2241,0,181.444,5.547,-52.688,-173.625,0.688,-0.227,0.082,1.535,-1.309,-5.391,4.348,0.084,0.186,1.203,1.369,3,NULL,NULL,,3,1,2,7,255,1406,250,0,0
stim,200367,230488,1,230488,3427819.455,-0.678,0.068,-0.094,0.726,0,0,2215,0,3007,6,2983,2247,43,1.003,1,2241,0,195.991,5.616,-64.688,-185.000,-1.688,-0.168,0.125,1.621,-1.574,-5.391,4.348,0.100,0.202,1.203,1.369,3,NULL,NULL,,3,1,2,7,255,1406,250,0,0
stim,200367,230488,1,230488,3427824.454,-0.677,0.071,-0.102,0.725,0,0,2145,0,2995,12,2969,2119,43,1.003,1,2241,0,210.848,5.886,-78.188,-195.813,-1.000,-0.195,0.141,1.648,-2.156,-5.477,5.176,0.116,0.220,1.203,1.369,3,NULL,NULL,,3,1,2,7,255,1406,250,0,0
stim,200393,230514,1,230514,3427829.455,-0.677,0.075,-0.111,0.724,0,0,2075,0,2965,25,2943,2007,43,1.003,1,2241,0,225.576,6.406,-89.063,-207.250,-0.188,-0.250,0.133,1.609,-2.355,-5.957,5.176,0.134,0.238,1.203,1.369,3,NULL,NULL,,3,1,2,7,255,1406,250,0,0
stim,200393,230514,1,230514,3427834.454,-0.676,0.080,-0.121,0.723,0,0,2004,0,2959,30,2925,1881,43,1.003,1,2241,0,238.028,7.053,-85.750,-221.938,-6.938,-0.344,0.063,1.594,-2.355,-6.648,4.602,0.154,0.260,1.203,1.369,3,NULL,NULL,,3,1,2,7,255,1406,250,0,0
stim,200393,230514,1,230514,3427839.455,-0.675,0.085,-0.130,0.721,0,0,1911,0,2935,31,2903,1775,43,1.003,1,2241,0,252.844,8.036,-88.438,-236.125,-18.813,-0.293,0.098,1.691,-2.223,-7.723,4.602,0.176,0.284,1.203,1.369,3,NULL,NULL,,3,1,2,7,255,1406,250,0,0
stim,200393,230515,1,230515,3427844.453,-0.674,0.090,-0.141,0.719,0,0,1816,0,2890,30,2862,1694,43,1.003,1,2241,0,268.316,8.036,-91.938,-251.375,-18.750,-0.230,0.117,1.684,-2.223,-7.723,4.891,0.202,0.312,1.203,1.369,3,NULL,NULL,,3,1,2,7,255,1406,250,0,0
stim,200412,230533,1,230533,3427849.455,-0.673,0.096,-0.151,0.718,0,0,1747,0,2877,28,2813,1623,43,1.003,1,2241,0,280.537,8.264,-84.438,-267.313,-10.750,-0.234,0.203,1.777,-2.555,-7.859,4.988,0.230,0.342,1.203,1.369,3,NULL,NULL,,3,1,2,7,255,1406,250,0,0
stim,200412,230533,1,230533,3427854.454,-0.671,0.102,-0.162,0.716,0,0,1669,0,2843,28,2765,1555,43,1.003,1,2241,0,294.301,9.060,-79.813,-283.250,-3.563,-0.270,0.262,1.895,-3.566,-8.328,5.418,0.264,0.376,1.203,1.369,3,NULL,NULL,,3,1,2,7,255,1406,250,0,0
stim,200412,230533,1,230533,3427859.455,-0.669,0.109,-0.173,0.714,0,0,1544,0,2791,21,2671,1480,43,1.003,1,2241,0,311.540,10.407,-85.250,-299.625,-3.813,-0.262,0.301,2.008,-4.328,-9.465,6.066,0.298,0.412,1.203,1.369,3,NULL,NULL,,3,1,2,7,255,1406,250,0,0
stim,200412,230533,1,230533,3427864.453,-0.667,0.116,-0.185,0.712,0,0,1453,0,2743,3,2577,1390,43,1.003,1,2241,0,324.105,10.994,-87.563,-311.750,-13.750,-0.152,0.234,2.078,-4.516,-10.023,6.773,0.334,0.452,1.203,1.369,3,NULL,NULL,,3,1,2,7,255,1406,250,0,0
stim,200450,230571,1,230571,3427869.455,-0.665,0.125,-0.196,0.709,0,0,1338,0,2668,0,2455,1291,43,1.003,1,2241,0,327.007,11.204,-59.563,-320.875,-20.625,-0.125,0.191,2.348,-4.516,-10.254,7.625,0.372,0.490,1.203,1.369,3,NULL,NULL,,3,1,2,7,255,1406,250,0,0
stim,200450,230571,1,230571,3427874.454,-0.663,0.133,-0.208,0.707,0,0,1183,0,2589,0,2299,1195,43,1.003,1,2241,0,335.834,12.286,-69.375,-328.313,-13.500,-0.176,0.520,2.652,-4.516,-11.426,9.828,0.408,0.528,1.203,1.369,3,NULL,NULL,,3,1,2,7,255,1406,250,0,0
stim,200450,230571,1,230571,3427879.455,-0.661,0.140,-0.221,0.704,0,0,1043,0,2476,0,2122,1051,43,1.003,1,2241,0,354.243,16.063,-116.500,-334.125,-16.625,-0.273,0.680,2.715,-8.066,-13.891,10.699,0.448,0.568,1.203,1.369,3,NULL,NULL,,3,1,2,7,255,1406,250,0,0
stim,200450,230571,1,230571,3427884.453,-0.659,0.146,-0.236,0.699,0,0,867,0,2339,0,1867,959,43,1.003,1,2241,0,384.112,16.477,-169.063,-344.250,-21.250,-0.242,0.434,2.395,-8.066,-14.367,10.699,0.492,0.612,1.203,1.369,3,NULL,NULL,,3,1,2,7,255,1406,250,0,0
stim,200450,230571,1,230571,3427889.455,-0.656,0.151,-0.252,0.695,0,0,655,0,2166,0,1581,851,43,1.003,1,2241,0,405.501,16.128,-189.688,-358.188,-12.313,-0.070,0.008,1.805,-7.328,-14.367,8.023,0.540,0.662,1.203,1.369,3,NULL,NULL,,3,1,2,7,255,1406,250,0,0
stim,200450,230571,1,230571,3427894.453,-0.652,0.158,-0.268,0.691,0,0,442,0,1959,0,1198,751,43,1.003,1,2241,0,405.689,10.701,-160.063,-372.750,4.563,0.074,-0.289,1.336,-2.785,-10.332,4.355,0.600,0.722,1.203,1.369,3,NULL,NULL,,3,1,2,7,255,1406,250,0,0
stim,200450,230571,1,230571,3427899.455,-0.647,0.166,-0.282,0.688,0,0,327,0,1701,0,700,599,43,1.003,1,2241,0,399.040,7.030,-107.688,-383.375,25.688,0.203,-0.227,1.023,0.180,-7.027,1.641,0.662,0.784,1.203,1.369,3,NULL,NULL,,3,1,2,7,255,1406,250,0,0
stim,200450,230571,1,230571,3427904.454,-0.642,0.176,-0.294,0.686,0,0,217,0,1435,0,275,482,43,1.003,1,2241,0,392.833,4.547,-27.125,-391.313,21.375,0.320,-0.082,1.059,0.180,-4.543,0.168,0.728,0.848,1.203,1.369,3,NULL,NULL,,3,1,2,7,255,1406,250,0,0
stim,200483,230604,1,230604,3427909.455,-0.635,0.190,-0.303,0.685,0,0,183,0,1129,0,47,425,43,1.003,1,2241,0,408.318,4.750,81.063,-399.688,20.063,0.156,0.074,1.434,-1.387,-4.543,0.168,0.792,0.914,1.203,1.369,3,NULL,NULL,,3,1,2,7,255,1406,250,0,0
stim,200483,230604,1,230604,3427914.454,-0.627,0.204,-0.312,0.684,0,0,109,0,747,0,0,341,43,1.003,1,2241,0,423.855,8.723,102.250,-409.188,42.000,0.063,0.164,2.375,-3.164,-8.129,1.402,0.848,0.970,1.203,1.369,3,NULL,NULL,,3,1,2,7,255,1406,250,0,0
stim,200483,230604,1,230604,3427919.455,-0.618,0.215,-0.323,0.683,0,0,111,0,355,0,0,278,43,1.003,1,2241,0,415.459,16.087,14.813,-405.938,87.188,-0.098,0.109,2.492,-4.348,-15.488,6.266,0.898,1.022,1.203,1.369,3,NULL,NULL,,3,1,2,7,255,1406,250,0,0
stim,200483,230604,1,230604,3427924.454,-0.608,0.223,-0.337,0.683,0,0,105,0,25,0,0,169,43,1.003,1,2241,0,436.687,18.104,-66.625,-408.000,140.688,-0.273,0.176,2.184,-4.348,-17.574,6.266,0.940,1.066,1.203,1.369,3,NULL,NULL,,3,1,2,7,255,1406,250,0,0
stim,200483,230604,1,230604,3427929.455,-0.598,0.229,-0.353,0.682,0,0,103,0,0,0,0,100,43,1.003,1,2241,0,450.132,18.104,-127.750,-397.375,168.500,-0.359,0.578,1.703,-4.348,-17.574,2.180,0.982,1.108,1.203,1.369,4,NULL,NULL,,3,1,2,7,255,1406,250,0,0
stim,200483,230604,1,230604,3427934.453,-0.590,0.233,-0.369,0.679,0,0,76,0,0,0,0,44,43,1.003,1,2241,0,434.041,16.750,-159.750,-376.938,144.188,-0.426,1.082,1.383,-7.336,-15.059,-3.023,1.028,1.156,1.203,1.369,4,NULL,NULL,,3,1,2,7,255,1406,250,0,0
stim,200501,230622,0,230622,3427939.455,-0.582,0.237,-0.385,0.676,0,0,79,0,0,0,0,21,43,1.003,1,2241,0,410.456,18.206,-171.375,-355.813,111.813,-0.539,1.293,1.383,-11.563,-14.063,-7.246,1.082,1.210,1.203,1.369,0,NULL,NULL,,3,0,2,7,255,1406,250,0,0
stim,200501,230622,0,230622,3427944.454,-0.575,0.240,-0.400,0.672,0,0,77,0,0,0,0,16,43,1.003,1,2241,0,405.766,18.681,-197.813,-337.500,107.750,-0.762,1.219,1.469,-12.297,-14.063,-9.293,1.142,1.272,1.203,1.369,0,NULL,NULL,,3,0,2,7,255,1406,250,0,0
stim,200501,230622,0,230622,3427949.455,-0.569,0.241,-0.417,0.667,0,0,83,0,0,0,0,45,43,1.003,1,2241,0,420.805,18.681,-266.375,-314.563,84.688,-0.586,0.965,1.328,-12.297,-14.063,-10.316,1.212,1.344,1.203,1.369,0,NULL,NULL,,3,0,2,7,255,1406,250,0,0
stim,200501,230622,0,230622,3427954.453,-0.567,0.241,-0.432,0.659,0,0,90,0,0,0,0,69,43,1.003,1,2241,0,402.099,17.164,-291.188,-277.125,9.750,-0.246,0.266,0.914,-10.141,-13.848,-10.316,1.286,1.418,1.203,1.369,0,NULL,NULL,,3,0,2,7,255,1406,250,0,0
stim,200546,230667,0,230667,3427959.457,-0.565,0.242,-0.445,0.652,0,0,87,0,0,0,0,95,43,1.003,1,2241,0,329.374,9.569,-240.188,-225.000,-13.125,-0.039,-0.258,0.875,-3.793,-8.785,-8.066,1.362,1.494,1.203,1.369,0,NULL,NULL,,3,0,2,7,255,1406,250,0,0
stim,200546,230667,0,230667,3427964.454,-0.563,0.242,-0.456,0.646,0,0,83,0,0,0,0,134,43,1.003,1,2241,0,290.000,8.860,-214.313,-194.625,17.063,-0.047,-0.129,1.043,-1.152,-8.785,-5.211,1.440,1.572,1.203,1.369,0,NULL,NULL,,3,0,2,7,255,1406,250,0,0
stim,200546,230667,0,230667,3427969.455,-0.562,0.239,-0.466,0.640,0,0,77,0,0,0,0,141,43,1.003,1,2241,0,288.811,8.663,-245.375,-150.250,25.063,-0.043,0.086,0.992,-1.152,-8.586,-5.211,1.520,1.652,1.203,1.369,0,NULL,NULL,,3,0,2,7,255,1406,250,0,0
stim,200546,230667,0,230667,3427974.454,-0.561,0.234,-0.477,0.634,0,0,77,0,0,0,0,141,43,1.003,1,2241,0,312.186,9.045,-293.625,-99.875,35.625,0.012,0.168,0.461,-2.844,-8.586,-6.176,1.598,1.730,1.203,1.369,0,NULL,NULL,,3,0,2,7,255,1406,250,0,0
stim,200546,230667,0,230667,3427979.455,-0.562,0.228,-0.487,0.629,0,0,70,0,0,0,0,157,43,1.003,1,2241,0,282.987,4.681,-275.813,-46.875,42.563,0.004,0.281,-0.422,-2.844,-3.719,-8.402,1.676,1.808,1.203,1.369,0,NULL,NULL,,3,0,2,7,255,1406,250,0,0
stim,200546,230667,0,230667,3427984.453,-0.563,0.222,-0.492,0.626,0,0,68,0,0,0,0,153,43,1.003,1,2241,0,186.955,4.139,-182.313,1.563,41.375,0.020,0.305,-0.844,-1.422,3.887,-12.512,1.746,1.878,1.203,1.369,0,NULL,NULL,,3,0,2,7,255,1406,250,0,0
stim,200546,230667,0,230667,3427989.455,-0.563,0.218,-0.493,0.626,0,0,62,0,0,0,0,153,43,1.003,1,2241,0,102.738,7.114,-78.000,47.125,47.438,0.102,0.168,-0.766,-0.352,7.105,-12.699,1.810,1.944,1.203,1.369,0,NULL,NULL,,3,0,2,7,255,1406,250,0,0
stim,200546,230667,0,230667,3427994.454,-0.564,0.214,-0.492,0.628,0,0,59,0,0,0,0,125,43,1.003,1,2241,0,108.860,7.121,-14.125,85.938,65.313,0.125,-0.031,-0.484,0.477,7.105,-12.699,1.872,2.006,1.203,1.369,0,NULL,NULL,,3,0,2,7,255,1406,250,0,0
stim,200546,230667,0,230667,3427999.455,-0.564,0.209,-0.490,0.632,0,0,60,0,0,0,0,116,43,1.003,1,2241,0,149.760,4.712,14.563,117.563,91.625,-0.023,-0.008,-0.340,1.098,4.582,-11.398,1.928,2.064,1.203,1.369,0,NULL,NULL,,3,0,2,7,255,1406,250,0,0
stim,200546,230667,0,230667,3428004.453,-0.563,0.204,-0.486,0.637,0,0,55,0,0,0,0,111,43,1.003,1,2241,0,194.110,2.972,45.250,148.375,116.688,-0.051,-0.105,-0.371,1.348,2.648,-11.398,1.966,2.104,1.203,1.369,0,NULL,NULL,,3,0,2,7,255,1406,250,0,0
stim,200578,230699,0,230699,3428009.455,-0.563,0.199,-0.480,0.643,0,0,53,0,0,0,0,107,43,1.003,1,2241,0,216.315,2.842,84.750,157.438,121.750,-0.492,0.184,-0.324,1.098,2.621,-11.398,1.992,2.130,1.203,1.369,0,NULL,NULL,,3,0,2,7,255,1406,250,0,0
stim,200578,230699,0,230699,3428014.454,-0.563,0.195,-0.473,0.650,0,0,53,0,0,0,0,97,43,1.003,1,2241,0,245.939,1.338,131.688,179.438,104.625,-0.395,0.012,-0.129,1.316,0.242,-13.488,2.004,2.142,1.203,1.369,0,NULL,NULL,,3,0,2,7,255,1406,250,0,0
stim,200578,230699,0,230699,3428019.455,-0.562,0.191,-0.465,0.657,0,0,51,0,0,0,0,85,43,1.003,1,2241,0,269.935,1.290,149.875,188.625,121.750,-0.398,0.027,0.074,0.652,-1.113,-13.488,2.002,2.142,1.203,1.369,0,NULL,NULL,,3,0,2,7,255,1406,250,0,0
stim,200578,230699,0,230699,3428024.454,-0.561,0.186,-0.456,0.665,0,0,46,0,0,0,0,79,43,1.003,1,2241,0,287.598,2.865,163.125,195.313,134.000,-0.594,0.148,0.211,0.602,-2.801,-13.488,1.994,2.134,1.203,1.369,0,NULL,NULL,,3,0,2,7,255,1406,250,0,0
stim,200578,230699,0,230699,3428029.455,-0.560,0.182,-0.447,0.673,0,0,51,0,0,0,0,79,43,1.003,1,2241,0,291.460,4.980,171.188,199.813,125.375,-0.762,0.195,0.414,-0.270,-4.973,-13.797,1.986,2.126,1.203,1.369,0,NULL,NULL,,3,0,2,7,255,1406,250,0,0
stim,200578,230699,0,230699,3428034.454,-0.560,0.178,-0.438,0.680,0,0,51,0,0,0,0,71,43,1.003,1,2241,0,282.219,7.650,169.688,201.875,100.500,-0.863,0.172,0.531,-0.449,-7.637,-13.895,1.976,2.116,1.203,1.369,0,NULL,NULL,,3,0,2,7,255,1406,250,0,0
stim,200599,230720,0,230720,3428039.455,-0.561,0.175,-0.428,0.687,0,0,46,0,0,0,0,68,43,1.003,1,2241,0,278.381,9.265,174.000,204.063,74.688,-0.879,0.082,0.660,-0.449,-9.254,-13.895,1.966,2.110,1.203,1.369,0,NULL,NULL,,3,0,2,7,255,1406,250,0,0
stim,200599,230720,0,230720,3428044.453,-0.562,0.172,-0.419,0.692,0,0,50,0,0,0,0,75,43,1.003,1,2241,0,266.943,10.471,165.000,203.313,51.938,-0.891,0.090,0.926,-0.449,-10.461,-12.719,1.962,2.106,1.203,1.369,0,NULL,NULL,,3,0,2,7,255,1406,250,0,0
stim,200599,230720,0,230720,3428049.455,-0.564,0.169,-0.410,0.697,0,0,50,0,0,0,0,71,43,1.003,1,2241,0,247.446,12.633,137.688,203.813,27.063,-0.871,0.156,1.156,-0.543,-12.621,-11.102,1.962,2.106,1.203,1.369,0,NULL,NULL,,3,0,2,7,255,1406,250,0,0
stim,200599,230720,0,230720,3428054.454,-0.567,0.165,-0.402,0.700,0,0,51,0,0,0,0,72,43,1.003,1,2241,0,226.158,14.335,93.188,206.063,1.250,-0.813,0.156,1.230,-1.758,-14.227,-9.633,1.968,2.114,1.203,1.369,0,NULL,NULL,,3,0,2,7,255,1406,250,0,0
stim,200644,230765,0,230765,3428059.455,-0.571,0.161,-0.395,0.702,0,0,44,0,0,0,0,87,43,1.003,1,2241,0,219.687,14.335,51.438,212.000,-25.938,-0.746,0.074,1.199,-1.758,-14.227,-8.516,1.984,2.132,1.203,1.369,0,NULL,NULL,,3,0,2,7,255,1406,250,0,0
stim,200644,230765,0,230765,3428064.453,-0.576,0.155,-0.388,0.702,0,0,43,0,0,0,0,118,43,1.003,1,2241,0,224.642,13.780,19.313,218.125,-50.125,-0.645,0.070,1.098,-1.695,-13.676,-7.691,2.006,2.156,1.203,1.369,0,NULL,NULL,,3,0,2,7,255,1406,250,0,0
stim,200644,230765,0,230765,3428069.455,-0.583,0.150,-0.382,0.702,0,0,33,0,0,0,0,123,43,1.003,1,2241,0,238.288,12.315,-0.938,228.563,-67.375,-0.535,0.063,0.957,-1.688,-12.199,-7.410,2.036,2.186,1.203,1.369,0,NULL,NULL,,3,0,2,7,255,1406,250,0,0
stim,200644,230765,0,230765,3428074.454,-0.590,0.144,-0.376,0.700,0,0,21,0,0,0,0,134,43,1.003,1,2241,0,259.760,10.546,-13.375,243.188,-90.313,-0.508,0.031,0.934,-1.688,-10.410,-7.359,2.072,2.222,1.203,1.369,0,NULL,NULL,,3,0,2,7,255,1406,250,0,0
stim,200644,230765,0,230765,3428079.455,-0.597,0.137,-0.369,0.699,0,0,16,0,0,0,0,151,43,1.003,1,2241,0,278.589,10.149,-30.250,256.875,-103.500,-0.324,0.020,0.813,-1.688,-10.008,-7.035,2.116,2.268,1.203,1.369,0,NULL,NULL,,3,0,2,7,255,1406,250,0,0
stim,200644,230765,0,230765,3428084.454,-0.605,0.130,-0.363,0.697,0,0,10,0,0,0,0,155,43,1.003,1,2241,0,292.406,7.985,-29.125,272.063,-103.125,-0.254,0.055,0.629,-1.707,-7.801,-7.035,2.166,2.320,1.203,1.369,0,NULL,NULL,,3,0,2,7,255,1406,250,0,0
stim,200667,230788,0,230788,3428089.455,-0.613,0.123,-0.355,0.695,0,0,13,0,0,0,0,153,43,1.003,1,2241,0,303.024,6.219,-11.938,284.000,-105.000,-0.223,0.043,0.543,-1.707,-5.980,-7.281,2.220,2.376,1.203,1.369,0,NULL,NULL,,3,0,2,7,255,1406,250,0,0
stim,200667,230788,0,230788,3428094.453,-0.621,0.116,-0.346,0.693,0,0,11,0,0,0,0,156,43,1.003,1,2241,0,316.676,5.384,2.750,296.875,-110.188,-0.195,0.027,0.473,-1.574,-5.148,-7.543,2.278,2.436,1.203,1.369,0,NULL,NULL,,3,0,2,7,255,1406,250,0,0
stim,200667,230788,0,230788,3428099.455,-0.629,0.109,-0.337,0.692,0,0,11,0,0,0,0,163,43,1.003,1,2241,0,325.426,4.651,28.375,304.750,-110.563,-0.141,-0.031,0.426,-1.355,-4.449,-7.543,2.336,2.496,1.203,1.369,0,NULL,NULL,,3,0,2,7,255,1406,250,0,0
stim,200667,230788,0,230788,3428104.454,-0.637,0.103,-0.326,0.691,0,0,11,0,0,0,0,165,43,1.003,1,2241,0,333.848,3.776,51.750,313.563,-102.250,-0.051,-0.086,0.426,-0.797,-3.691,-7.422,2.394,2.554,1.203,1.369,0,NULL,NULL,,3,0,2,7,255,1406,250,0,0
stim,200667,230788,0,230788,3428109.455,-0.644,0.097,-0.314,0.691,0,0,7,0,0,0,0,170,43,1.003,1,2241,0,341.662,3.036,75.313,319.000,-96.438,0.102,-0.027,0.500,-0.797,-2.930,-6.652,2.450,2.612,1.203,1.369,0,NULL,NULL,,3,0,2,7,255,1406,250,0,0
stim,200667,230788,0,230788,3428114.454,-0.651,0.091,-0.302,0.691,0,0,9,0,0,0,0,170,43,1.003,1,2241,0,341.047,2.978,90.500,319.313,-78.500,0.031,0.051,0.543,-1.457,-2.598,-5.609,2.498,2.660,1.203,1.369,0,NULL,NULL,,3,0,2,7,255,1406,250,0,0
stim,200667,230788,0,230788,3428119.455,-0.657,0.086,-0.290,0.691,0,0,9,0,0,0,0,171,43,1.003,1,2241,0,347.610,3.019,113.313,318.500,-80.938,0.090,0.176,0.574,-2.172,-2.098,-5.410,2.542,2.706,1.203,1.369,0,NULL,NULL,,3,0,2,7,255,1406,250,0,0
stim,200667,230788,0,230788,3428124.454,-0.663,0.081,-0.276,0.691,0,0,5,0,0,0,0,167,43,1.003,1,2241,0,352.985,3.263,139.875,317.375,-65.625,0.156,0.047,0.652,-2.500,-2.098,-5.363,2.580,2.746,1.203,1.369,0,NULL,NULL,,3,0,2,7,255,1406,250,0,0
stim,200689,230810,0,230810,3428129.455,-0.667,0.077,-0.262,0.693,0,0,7,0,0,0,0,165,43,1.003,1,2241,0,355.391,3.425,159.375,314.313,-45.938,0.141,0.035,0.813,-2.707,-2.098,-3.934,2.614,2.782,1.203,1.369,0,NULL,NULL,,3,0,2,7,255,1406,250,0,0
stim,200689,230810,0,230810,3428134.453,-0.672,0.073,-0.248,0.695,0,0,9,0,0,0,0,163,43,1.003,1,2241,0,356.132,3.701,167.125,313.250,-27.813,0.031,0.109,0.910,-2.707,-2.523,-2.578,2.640,2.808,1.203,1.369,0,NULL,NULL,,3,0,2,7,255,1406,250,0,0
stim,200689,230810,0,230810,3428139.455,-0.676,0.069,-0.233,0.696,0,0,5,0,0,0,0,165,43,1.003,1,2241,0,361.904,5.059,178.188,313.375,-31.938,0.020,0.156,1.047,-3.480,-3.672,-2.313,2.662,2.830,1.203,1.369,0,NULL,NULL,,3,0,2,7,255,1406,250,0,0
stim,200689,230810,0,230810,3428144.454,-0.679,0.066,-0.218,0.698,0,0,4,0,0,0,0,167,43,1.003,1,2241,0,364.747,5.831,184.875,313.438,-24.875,0.020,0.145,1.242,-4.125,-4.121,-1.156,2.680,2.848,1.203,1.369,0,NULL,NULL,,3,0,2,7,255,1406,250,0,0
stim,200712,230833,0,230833,3428149.455,-0.682,0.062,-0.203,0.700,0,0,7,0,0,0,0,168,43,1.003,1,2241,0,362.570,6.337,180.375,314.250,-13.000,0.023,0.129,1.379,-4.324,-4.633,0.742,2.694,2.864,1.203,1.369,0,NULL,NULL,,3,0,2,7,255,1406,250,0,0
stim,200712,230833,0,230833,3428154.453,-0.685,0.057,-0.189,0.701,0,0,5,0,0,0,0,170,43,1.003,1,2241,0,357.199,6.455,169.563,314.313,-6.875,-0.105,0.180,1.539,-4.328,-4.789,2.199,2.710,2.880,1.203,1.369,0,NULL,NULL,,3,0,2,7,255,1406,250,0,0
stim,200712,230833,0,230833,3428159.455,-0.688,0.052,-0.175,0.702,0,0,3,0,0,0,0,169,43,1.003,1,2241,0,347.768,7.851,146.063,314.938,-20.563,-0.168,0.270,1.637,-4.883,-6.148,3.281,2.726,2.896,1.203,1.369,0,NULL,NULL,,3,0,2,7,255,1406,250,0,0
stim,200712,230833,0,230833,3428164.453,-0.691,0.047,-0.161,0.703,0,0,3,0,0,0,0,168,43,1.003,1,2241,0,339.358,7.861,126.625,313.563,-28.438,-0.105,0.180,1.703,-4.898,-6.148,4.039,2.742,2.912,1.203,1.369,0,NULL,NULL,,3,0,2,7,255,1406,250,0,0
stim,200748,230869,0,230869,3428169.455,-0.694,0.041,-0.149,0.703,0,0,0,0,0,0,0,172,43,1.003,1,2241,0,329.592,7.662,100.688,312.063,-33.313,-0.059,0.191,1.703,-4.918,-5.875,5.215,2.760,2.934,1.203,1.369,0,NULL,NULL,,3,0,2,7,255,1406,250,0,0
stim,200748,230869,0,230869,3428174.454,-0.697,0.034,-0.137,0.703,0,0,5,0,0,0,0,179,43,1.003,1,2241,0,319.930,7.002,78.813,308.688,-29.250,-0.051,0.070,1.602,-4.898,-5.004,5.215,2.782,2.956,1.203,1.369,0,NULL,NULL,,3,0,2,7,255,1406,250,0,0
stim,200748,230869,0,230869,3428179.455,-0.700,0.027,-0.125,0.702,0,0,7,0,0,0,0,185,43,1.003,1,2241,0,314.819,5.780,63.813,306.375,-34.250,-0.082,0.125,1.574,-3.883,-4.281,4.961,2.806,2.980,1.203,1.369,0,NULL,NULL,,3,0,2,7,255,1406,250,0,0
stim,200748,230869,0,230869,3428184.453,-0.704,0.019,-0.115,0.701,0,0,7,0,0,0,0,185,43,1.003,1,2241,0,311.408,5.394,50.250,303.750,-46.750,-0.035,0.105,1.492,-3.512,-4.094,4.656,2.834,3.008,1.203,1.369,0,NULL,NULL,,3,0,2,7,255,1406,250,0,0
stim,200748,230869,0,230869,3428189.455,-0.707,0.012,-0.104,0.700,0,0,9,0,0,0,0,187,43,1.003,1,2241,0,305.242,4.696,48.438,298.750,-39.688,0.000,0.016,1.379,-3.512,-3.117,4.129,2.864,3.040,1.203,1.369,0,NULL,NULL,,3,0,2,7,255,1406,250,0,0
stim,200748,230869,0,230869,3428194.454,-0.709,0.005,-0.093,0.699,0,0,8,0,0,0,0,189,43,1.003,1,2241,0,301.981,3.276,54.063,294.875,-36.313,0.027,0.012,1.336,-2.418,-2.211,3.332,2.896,3.070,1.203,1.369,0,NULL,NULL,,3,0,2,7,255,1406,250,0,0
stim,200748,230869,0,230869,3428199.455,-0.712,-0.002,-0.082,0.698,0,0,5,0,0,0,0,186,43,1.003,1,2241,0,298.354,2.753,61.625,289.875,-34.500,0.016,0.031,1.277,-2.270,-1.559,3.035,2.926,3.102,1.203,1.369,0,NULL,NULL,,3,0,2,7,255,1406,250,0,0
stim,200748,230869,0,230869,3428204.453,-0.714,-0.008,-0.070,0.697,0,0,9,0,0,0,0,183,43,1.003,1,2241,0,296.500,2.595,73.438,286.188,-24.813,0.035,0.078,1.258,-2.270,-1.258,2.461,2.956,3.132,1.203,1.369,0,NULL,NULL,,3,0,2,7,255,1406,250,0,0
stim,200776,230897,0,230897,3428209.455,-0.716,-0.014,-0.059,0.696,0,0,11,0,0,0,0,183,43,1.003,1,2241,0,296.996,2.818,79.313,284.750,-28.875,-0.027,0.199,1.383,-2.605,-1.074,2.461,2.982,3.158,1.203,1.369,0,NULL,NULL,,3,0,2,7,255,1406,250,0,0
stim,200776,230897,0,230897,3428214.454,-0.718,-0.020,-0.047,0.695,0,0,17,0,0,0,0,183,43,1.003,1,2241,0,294.528,3.042,83.625,280.875,-29.375,0.020,0.121,1.367,-2.949,-0.746,3.313,3.006,3.182,1.203,1.369,0,NULL,NULL,,3,0,2,7,255,1406,250,0,0
stim,200776,230897,0,230897,3428219.455,-0.719,-0.025,-0.036,0.694,0,0,13,0,0,0,0,183,43,1.003,1,2241,0,293.414,2.966,92.125,277.875,-19.750,0.023,0.090,1.367,-2.949,-0.313,3.340,3.030,3.206,1.203,1.369,0,NULL,NULL,,3,0,2,7,255,1406,250,0,0
stim,200776,230897,0,230897,3428224.454,-0.720,-0.030,-0.024,0.693,0,0,18,0,0,0,0,187,43,1.003,1,2241,0,291.928,2.966,99.000,274.188,-15.563,-0.059,0.211,1.484,-2.949,-0.313,3.398,3.048,3.224,1.203,1.369,0,NULL,NULL,,3,0,2,7,255,1406,250,0,0
stim,200793,230914,0,230914,3428229.455,-0.721,-0.035,-0.013,0.692,0,0,18,0,0,0,0,184,43,1.003,1,2241,0,287.620,3.750,101.000,268.813,-16.250,-0.023,0.227,1.508,-3.750,0.047,4.438,3.064,3.240,1.203,1.369,0,NULL,NULL,,3,0,2,7,255,1406,250,0,0
stim,200793,230914,0,230914,3428234.454,-0.722,-0.039,-0.001,0.691,0,0,17,0,0,0,0,185,43,1.003,1,2241,0,285.361,3.763,110.125,263.063,-10.063,0.004,0.234,1.520,-3.750,0.309,4.664,3.078,3.254,1.203,1.369,0,NULL,NULL,,3,0,2,7,255,1406,250,0,0
stim,200793,230914,0,230914,3428239.455,-0.723,-0.043,0.011,0.690,0,0,18,0,0,0,0,185,43,1.003,1,2241,0,283.491,3.875,116.625,258.313,-6.375,0.000,0.301,1.613,-3.758,0.945,4.793,3.090,3.268,1.203,1.369,0,NULL,NULL,,3,0,2,7,255,1406,250,0,0
stim,200793,230914,0,230914,3428244.453,-0.723,-0.047,0.022,0.689,0,0,16,0,0,0,0,185,43,1.003,1,2241,0,278.315,4.211,117.313,252.375,-1.938,0.047,0.297,1.633,-3.992,1.340,5.672,3.098,3.276,1.203,1.369,0,NULL,NULL,,3,0,2,7,255,1406,250,0,0
stim,200793,230914,0,230914,3428249.455,-0.723,-0.051,0.034,0.688,0,0,16,0,0,0,0,184,43,1.003,1,2241,0,274.418,4.534,118.375,247.563,2.313,0.047,0.309,1.668,-3.992,2.148,5.852,3.106,3.286,1.203,1.369,0,NULL,NULL,,3,0,2,7,255,1406,250,0,0
stim,200793,230914,0,230914,3428254.454,-0.723,-0.054,0.045,0.687,0,0,18,0,0,0,0,186,43,1.003,1,2241,0,276.859,4.658,134.625,241.688,10.688,0.148,0.191,1.602,-3.926,2.508,5.852,3.114,3.294,1.203,1.369,0,NULL,NULL,,3,0,2,7,255,1406,250,0,0
stim,200848,230969,0,230969,3428259.457,-0.722,-0.056,0.057,0.687,0,0,17,0,0,0,0,181,43,1.003,1,2241,0,282.617,5.358,149.938,238.500,22.563,0.109,0.348,1.840,-3.895,3.680,6.172,3.120,3.300,1.203,1.369,0,NULL,NULL,,3,0,2,7,255,1406,250,0,0
stim,200848,230969,0,230969,3428264.453,-0.722,-0.059,0.069,0.686,0,0,20,0,0,0,0,181,43,1.003,1,2241,0,273.754,5.639,140.000,234.438,19.500,0.141,0.379,1.902,-3.895,4.078,7.699,3.126,3.306,1.203,1.369,0,NULL,NULL,,3,0,2,7,255,1406,250,0,0
stim,200848,230969,0,230969,3428269.455,-0.721,-0.061,0.081,0.686,0,0,25,0,0,0,0,183,43,1.003,1,2241,0,271.886,6.237,138.563,232.500,25.813,0.297,0.293,1.805,-3.895,4.871,7.699,3.128,3.308,1.203,1.369,0,NULL,NULL,,3,0,2,7,255,1406,250,0,0
stim,200848,230969,0,230969,3428274.454,-0.719,-0.063,0.092,0.686,0,0,23,0,0,0,0,184,43,1.003,1,2241,0,278.827,7.066,151.125,230.188,43.813,0.332,0.297,1.855,-2.789,6.492,7.230,3.130,3.310,1.203,1.369,0,NULL,NULL,,3,0,2,7,255,1406,250,0,0
stim,200848,230969,0,230969,3428279.455,-0.717,-0.065,0.104,0.686,0,0,23,0,0,0,0,176,43,1.003,1,2241,0,281.226,7.687,160.375,225.000,52.375,0.363,0.270,1.938,-2.578,7.242,7.230,3.126,3.306,1.203,1.369,0,NULL,NULL,,3,0,2,7,255,1406,250,0,0
stim,200848,230969,0,230969,3428284.453,-0.715,-0.066,0.116,0.686,0,0,25,0,0,0,0,175,43,1.003,1,2241,0,281.693,8.294,163.875,222.313,55.438,0.445,0.184,1.988,-2.023,8.043,7.828,3.118,3.298,1.203,1.369,0,NULL,NULL,,3,0,2,7,255,1406,250,0,0
stim,200848,230969,0,230969,3428289.455,-0.713,-0.068,0.128,0.686,0,0,23,0,0,0,0,173,43,1.003,1,2241,0,279.210,9.272,158.750,220.188,65.375,0.523,0.113,2.023,-0.879,9.230,7.848,3.108,3.288,1.203,1.369,0,NULL,NULL,,3,0,2,7,255,1406,250,0,0
stim,200848,230969,0,230969,3428294.453,-0.710,-0.069,0.140,0.687,0,0,22,0,0,0,0,173,43,1.003,1,2241,0,282.488,10.368,162.250,215.813,83.063,0.527,0.078,1.949,0.094,10.367,7.848,3.094,3.274,1.203,1.369,0,NULL,NULL,,3,0,2,7,255,1406,250,0,0
stim,200848,230969,0,230969,3428299.455,-0.706,-0.069,0.152,0.688,0,0,26,0,0,0,0,169,43,1.003,1,2241,0,290.896,10.409,176.938,212.688,89.875,0.469,0.105,1.996,0.625,10.391,7.391,3.070,3.250,1.203,1.369,0,NULL,NULL,,3,0,2,7,255,1406,250,0,0
stim,200848,230969,0,230969,3428304.454,-0.703,-0.069,0.165,0.688,0,0,21,0,0,0,0,169,43,1.003,1,2241,0,293.018,10.516,183.125,211.375,87.438,0.488,0.094,2.121,0.652,10.496,7.391,3.040,3.220,1.203,1.369,0,NULL,NULL,,3,0,2,7,255,1406,250,0,0
stim,200878,230999,0,230999,3428309.455,-0.700,-0.070,0.177,0.689,0,0,23,0,0,0,0,170,43,1.003,1,2241,0,286.535,11.328,175.000,210.438,84.813,0.500,0.094,2.195,1.188,11.266,8.230,3.008,3.184,1.203,1.369,0,NULL,NULL,,3,0,2,7,255,1406,250,0,0
stim,200878,230999,0,230999,3428314.454,-0.696,-0.071,0.188,0.689,0,0,26,0,0,0,0,171,43,1.003,1,2241,0,277.913,12.077,164.125,208.375,82.938,0.508,0.008,2.156,1.551,11.977,8.230,2.968,3.144,1.203,1.369,0,NULL,NULL,,3,0,2,7,255,1406,250,0,0
stim,200878,230999,0,230999,3428319.455,-0.693,-0.071,0.200,0.689,0,0,23,0,0,0,0,172,43,1.003,1,2241,0,272.755,12.462,159.438,205.375,82.438,0.547,-0.152,2.066,2.582,12.191,7.926,2.920,3.096,1.203,1.369,0,NULL,NULL,,3,0,2,7,255,1406,250,0,0
stim,200878,230999,0,230999,3428324.454,-0.689,-0.072,0.211,0.690,0,0,24,0,0,0,0,173,43,1.003,1,2241,0,266.871,13.136,155.875,200.625,81.688,0.551,-0.258,1.977,4.227,12.438,6.477,2.870,3.044,1.203,1.369,0,NULL,NULL,,3,0,2,7,255,1406,250,0,0
stim,200878,230999,0,230999,3428329.455,-0.685,-0.073,0.222,0.690,0,0,26,0,0,0,0,173,43,1.003,1,2241,0,263.426,13.522,157.938,193.938,82.688,0.633,-0.469,1.746,5.297,12.441,5.234,2.816,2.990,1.203,1.369,0,NULL,NULL,,3,0,2,7,255,1406,250,0,0
stim,200878,230999,0,230999,3428334.453,-0.682,-0.072,0.233,0.690,0,0,23,0,0,0,0,171,43,1.003,1,2241,0,271.325,14.305,178.188,184.000,89.500,0.633,-0.570,1.590,7.066,12.438,2.219,2.756,2.930,1.203,1.369,0,NULL,NULL,,3,0,2,7,255,1406,250,0,0
stim,200899,231020,0,231020,3428339.455,-0.678,-0.071,0.244,0.690,0,0,24,0,0,0,0,172,43,1.003,1,2241,0,275.027,14.391,197.563,173.750,80.125,0.594,-0.574,1.617,7.938,12.004,0.406,2.696,2.868,1.203,1.369,0,NULL,NULL,,3,0,2,7,255,1406,250,0,0
stim,200899,231020,0,231020,3428344.454,-0.675,-0.069,0.255,0.688,0,0,27,0,0,0,0,177,43,1.003,1,2241,0,267.910,14.445,203.688,163.500,59.625,0.648,-0.508,1.754,8.035,12.004,0.406,2.632,2.802,1.203,1.369,0,NULL,NULL,,3,0,2,7,255,1406,250,0,0
stim,200899,231020,0,231020,3428349.455,-0.673,-0.068,0.266,0.687,0,0,28,0,0,0,0,195,43,1.003,1,2241,0,252.341,15.523,194.750,154.438,43.563,0.840,-0.613,1.738,8.238,13.156,0.406,2.564,2.736,1.203,1.369,0,NULL,NULL,,3,0,2,7,255,1406,250,0,0
stim,200899,231020,0,231020,3428354.453,-0.671,-0.065,0.277,0.685,0,0,25,0,0,0,0,215,43,1.003,1,2241,0,262.617,17.396,215.125,143.750,45.000,0.965,-0.770,1.637,9.020,14.875,-0.422,2.494,2.666,1.203,1.369,0,NULL,NULL,,3,0,2,7,255,1406,250,0,0
stim,200945,231066,0,231066,3428359.455,-0.669,-0.062,0.288,0.683,0,0,25,0,0,0,0,235,43,1.003,1,2241,0,265.534,17.960,225.438,136.000,34.500,1.016,-0.531,1.875,9.020,15.531,-0.629,2.422,2.592,1.203,1.369,0,NULL,NULL,,3,0,2,7,255,1406,250,0,0
stim,200945,231066,0,231066,3428364.454,-0.667,-0.060,0.297,0.680,0,0,27,0,0,0,0,239,43,1.003,1,2241,0,240.153,19.394,200.688,131.563,9.438,1.211,-0.379,2.020,8.879,17.242,-0.629,2.346,2.516,1.203,1.369,0,NULL,NULL,,3,0,2,7,255,1406,250,0,0
stim,200945,231066,0,231066,3428369.455,-0.666,-0.060,0.306,0.678,0,0,30,0,0,0,0,293,43,1.003,1,2241,0,198.942,21.271,150.063,130.563,-3.563,1.582,-0.344,2.180,7.898,19.750,-0.629,2.264,2.434,1.203,1.369,0,NULL,NULL,,3,0,2,7,255,1406,250,0,0
stim,200945,231066,0,231066,3428374.454,-0.665,-0.060,0.313,0.676,0,0,29,0,0,0,0,334,43,1.003,1,2241,0,169.233,24.392,113.625,125.188,7.563,1.809,-0.738,1.680,7.898,23.078,-1.016,2.178,2.348,1.203,1.369,0,NULL,NULL,,3,0,2,7,255,1406,250,0,0
stim,200945,231066,0,231066,3428379.455,-0.663,-0.060,0.320,0.674,0,0,27,0,0,0,0,354,43,1.003,1,2241,0,168.083,25.091,119.125,118.438,5.813,1.906,-0.828,1.469,9.848,23.078,-7.648,2.090,2.260,1.203,1.369,0,NULL,NULL,,3,0,2,7,255,1406,250,0,0
stim,200945,231066,0,231066,3428384.454,-0.662,-0.060,0.326,0.672,0,0,25,0,1,0,0,379,43,1.003,1,2241,0,165.425,25.114,125.875,107.313,-2.250,2.109,-0.883,1.340,9.906,23.078,-10.406,1.996,2.166,1.203,1.369,0,NULL,NULL,,3,0,2,7,255,1406,250,0,0
stim,200967,231088,0,231088,3428389.455,-0.662,-0.059,0.333,0.669,0,0,27,0,1,0,0,395,43,1.003,1,2241,0,159.961,25.747,130.000,93.188,-1.938,2.305,-1.012,1.234,9.961,23.742,-12.949,1.896,2.064,1.203,1.369,0,NULL,NULL,,3,0,2,7,255,1406,250,0,0
stim,200967,231088,0,231088,3428394.453,-0.661,-0.057,0.339,0.667,0,0,26,0,3,0,0,408,43,1.003,1,2241,0,160.712,26.784,142.125,74.438,9.375,2.422,-1.148,1.172,10.535,24.625,-15.504,1.790,1.958,1.203,1.369,0,NULL,NULL,,3,0,2,7,255,1406,250,0,0
stim,200967,231088,0,231088,3428399.455,-0.660,-0.053,0.345,0.666,0,0,27,0,1,0,0,411,43,1.003,1,2241,0,170.446,27.595,160.250,50.938,27.875,2.379,-1.180,1.273,11.496,25.086,-16.754,1.682,1.846,1.203,1.369,0,NULL,NULL,,3,0,2,7,255,1406,250,0,0
stim,200967,231088,0,231088,3428404.454,-0.658,-0.049,0.351,0.664,0,0,31,0,0,0,0,412,43,1.003,1,2241,0,179.489,27.874,172.938,24.750,41.188,2.191,-1.066,1.508,12.152,25.086,-16.754,1.570,1.732,1.203,1.369,0,NULL,NULL,,3,0,2,7,255,1406,250,0,0
stim,200967,231088,0,231088,3428409.455,-0.657,-0.043,0.356,0.663,0,0,28,0,5,0,0,415,43,1.003,1,2241,0,173.881,27.695,168.750,-2.125,41.875,1.926,-0.805,1.875,12.152,24.887,-13.863,1.452,1.610,1.203,1.369,0,NULL,NULL,,3,0,2,7,255,1406,250,0,0
stim,200967,231088,0,231088,3428414.455,-0.657,-0.038,0.359,0.661,0,0,27,0,2,0,0,415,43,1.003,1,2241,0,145.803,27.394,139.125,-27.938,33.500,1.695,-0.609,2.203,11.684,24.777,-8.965,1.332,1.486,1.203,1.369,0,NULL,NULL,,3,0,2,7,255,1406,250,0,0
stim,200967,231088,0,231088,3428419.454,-0.657,-0.033,0.361,0.661,0,0,26,0,0,0,0,415,43,1.003,1,2241,0,102.486,27.383,85.563,-48.500,28.813,1.535,-0.508,2.402,11.684,24.766,-4.672,1.212,1.362,1.203,1.369,0,NULL,NULL,,3,0,2,7,255,1406,250,0,0
stim,200967,231088,0,231088,3428424.455,-0.657,-0.031,0.359,0.662,0,0,10,0,0,0,0,461,43,1.003,1,2241,0,72.854,27.104,11.438,-67.375,25.250,1.234,-0.316,2.492,11.625,24.484,-1.977,1.092,1.234,1.203,1.369,0,NULL,NULL,,3,0,2,7,255,1406,250,0,0
stim,200992,231113,0,231113,3428429.454,-0.656,-0.022,0.359,0.664,0,0,6,95,0,0,0,568,43,1.003,1,2241,0,204.539,25.514,106.500,-133.188,112.938,0.266,-0.918,3.715,11.875,22.582,1.098,0.972,1.108,1.203,1.369,0,NULL,NULL,,3,0,2,7,255,1406,250,0,0
stim,200992,231113,0,231113,3428434.455,-0.651,0.002,0.361,0.667,477,0,1,749,0,67,0,595,43,1.003,1,2241,0,579.770,30.410,381.188,-299.375,318.125,0.957,1.477,7.910,20.367,22.582,12.578,0.858,0.980,1.203,1.369,0,NULL,NULL,,3,0,2,7,255,1406,250,0,0
stim,200992,231113,0,231113,3428439.454,-0.649,-0.011,0.339,0.681,1093,0,0,1253,0,253,0,664,43,1.003,1,2241,0,679.051,28.398,-655.750,-107.250,140.000,-1.074,0.711,5.219,20.367,19.789,37.977,0.750,0.856,1.203,1.369,0,NULL,NULL,,3,0,2,7,255,1406,250,0,0
stim,200992,231113,0,231113,3428444.455,-0.644,-0.036,0.301,0.702,1557,0,0,1639,0,525,0,731,43,1.003,1,2241,0,1153.712,22.100,-1131.938,-146.063,168.625,-0.207,2.727,0.578,15.602,15.652,37.977,0.650,0.734,1.203,1.369,0,NULL,NULL,,3,0,2,7,255,1406,250,0,0
stim,201015,231136,0,231136,3428449.454,-0.639,-0.053,0.273,0.717,1947,0,0,1895,0,712,0,810,43,1.003,1,2242,0,829.155,23.043,-804.813,-126.188,154.438,-0.398,2.586,-2.520,-23.031,0.734,5.156,0.558,0.612,1.203,1.369,1,1368.000,-38.000,,3,0,2,7,255,1406,250,0,0
stim,201015,231136,0,231136,3428454.455,-0.636,-0.056,0.261,0.724,2189,0,0,2019,0,943,0,874,43,1.003,1,2242,0,351.860,28.097,-298.813,-139.625,122.563,-0.969,0.555,-2.523,-23.031,-16.094,-21.715,0.474,0.490,1.203,1.369,1,NULL,NULL,,3,0,2,7,255,1406,250,0,0
stim,201015,231136,0,231136,3428459.454,-0.635,-0.048,0.258,0.726,2399,0,0,2147,0,1147,0,965,43,1.003,1,2242,0,184.566,18.447,60.625,-151.813,85.688,-0.781,-1.063,-0.074,-9.016,-16.094,-21.715,0.406,0.376,1.203,1.369,1,NULL,NULL,,3,0,2,7,255,1406,250,0,0
stim,201015,231136,0,231136,3428464.455,-0.634,-0.042,0.257,0.728,2541,0,0,2299,0,1300,0,1064,43,1.003,1,2242,0,162.002,6.703,62.000,-125.125,82.125,-0.055,0.266,1.820,1.758,-6.469,-10.383,0.396,0.324,1.203,1.369,1,NULL,NULL,,3,0,2,7,255,1406,250,0,0
stim,201050,231171,0,231171,3428469.454,-0.631,-0.038,0.253,0.733,2729,0,0,2575,0,1381,0,1121,43,1.003,1,2242,0,180.327,7.077,-57.000,-109.438,131.500,0.117,2.090,1.906,1.758,6.855,6.754,0.408,0.322,1.203,1.369,2,NULL,NULL,,3,0,2,7,255,1406,250,0,0
stim,201050,231171,0,231171,3428474.455,-0.624,-0.037,0.244,0.741,2858,0,0,2716,0,1391,0,1207,43,1.003,1,2242,0,320.490,7.095,-183.938,-126.188,230.125,-1.258,0.773,1.285,-1.828,6.855,7.988,0.430,0.348,1.203,1.369,2,NULL,NULL,,3,0,2,7,255,1406,250,0,0
stim,201050,231171,0,231171,3428479.454,-0.618,-0.038,0.229,0.751,2930,0,0,2840,0,1423,0,1312,43,1.003,1,2242,0,429.945,7.257,-317.875,-177.188,228.938,-2.121,-1.254,0.535,-1.828,-7.023,7.988,0.456,0.392,1.203,1.369,2,NULL,NULL,,3,0,2,7,255,1406,250,0,0
stim,201050,231171,0,231171,3428484.455,-0.618,-0.038,0.217,0.755,2986,0,0,2921,0,1439,0,1444,43,1.003,1,2242,0,283.761,20.684,-224.688,-171.875,22.250,-1.797,-1.129,-0.309,14.051,-15.180,-1.328,0.480,0.424,1.203,1.369,2,NULL,NULL,,3,0,2,7,255,1406,250,0,0
stim,201050,231171,0,231171,3428489.454,-0.621,-0.034,0.211,0.754,3007,0,0,2989,0,1465,0,1511,43,1.003,1,2242,0,199.403,20.684,-52.938,-184.063,-55.500,-0.566,-0.152,0.379,14.051,-15.180,-5.047,0.502,0.448,1.203,1.369,2,NULL,NULL,,3,0,2,7,255,1406,250,0,0
stim,201050,231171,0,231171,3428494.455,-0.625,-0.028,0.207,0.752,3037,0,0,3031,0,1494,0,1579,43,1.003,1,2242,0,197.251,4.895,28.375,-178.938,-78.000,0.188,0.094,1.480,3.250,-3.660,-5.047,0.518,0.466,1.203,1.369,2,NULL,NULL,,3,0,2,7,255,1406,250,0,0
stim,201050,231171,0,231171,3428499.454,-0.629,-0.024,0.201,0.751,3053,0,0,3079,0,1543,0,1631,43,1.003,1,2242,0,178.510,7.232,-41.750,-158.063,-71.688,0.266,-0.262,2.246,3.250,6.461,3.242,0.514,0.474,1.203,1.369,2,NULL,NULL,,3,0,2,7,255,1406,250,0,0
stim,201050,231171,0,231171,3428504.455,-0.632,-0.025,0.191,0.751,3078,0,0,3110,0,1621,0,1676,43,1.003,1,2242,0,232.451,11.610,-176.313,-142.188,-52.250,0.691,-1.004,1.895,5.957,9.965,3.391,0.488,0.474,1.203,1.369,2,NULL,NULL,,3,0,2,7,255,1406,250,0,0
stim,201071,231192,0,231192,3428509.454,-0.631,-0.027,0.180,0.754,3087,0,0,3129,0,1710,0,1695,43,1.003,1,2242,0,262.655,15.915,-228.938,-122.125,40.750,0.676,-1.355,1.043,11.285,11.223,3.391,0.454,0.466,1.203,1.369,2,NULL,NULL,,3,0,2,7,255,1406,250,0,0
stim,201071,231192,0,231192,3428514.455,-0.628,-0.027,0.171,0.758,3097,0,0,3149,0,1833,0,1727,43,1.003,1,2242,0,239.578,16.359,-191.500,-112.563,89.750,-0.102,-1.137,0.707,11.902,11.223,-4.762,0.416,0.454,1.203,1.369,2,NULL,NULL,,3,0,2,7,255,1406,250,0,0
stim,201071,231192,0,231192,3428519.454,-0.626,-0.027,0.163,0.762,3153,0,0,3163,0,1940,0,1752,43,1.003,1,2242,0,192.663,12.232,-131.500,-117.063,78.250,-0.461,-0.367,0.508,11.902,2.820,-4.762,0.372,0.418,1.203,1.369,2,NULL,NULL,,3,0,2,7,255,1406,250,0,0
stim,201071,231192,0,231192,3428524.455,-0.626,-0.024,0.158,0.763,3101,0,0,3172,0,2035,20,1801,43,1.003,1,2242,0,145.957,5.547,-67.063,-125.563,32.250,-0.566,0.258,0.801,5.031,-2.336,-4.633,0.326,0.368,1.203,1.369,2,NULL,NULL,,3,0,2,7,255,1406,250,0,0
stim,201093,231214,0,231214,3428529.454,-0.627,-0.022,0.153,0.764,3109,0,0,3177,0,2111,26,1833,43,1.003,1,2242,0,136.606,2.343,-58.563,-123.000,-10.125,-0.355,0.211,1.238,0.188,-2.336,-0.551,0.282,0.312,1.203,1.369,2,NULL,NULL,,3,0,2,7,255,1406,250,0,0
stim,201093,231214,0,231214,3428534.455,-0.628,-0.020,0.146,0.764,3107,0,0,3177,126,2205,45,1929,43,1.003,1,2242,0,150.842,0.664,-90.250,-119.938,-14.938,-0.086,-0.047,1.285,0.188,-0.637,2.410,0.242,0.256,1.203,1.369,2,NULL,NULL,,3,0,2,7,255,1406,250,0,0
stim,201093,231214,0,231214,3428539.454,-0.629,-0.020,0.139,0.765,3104,0,0,3182,360,2277,107,2029,43,1.003,1,2242,0,162.127,3.096,-115.750,-113.500,-2.188,0.039,-0.195,1.090,2.063,2.309,2.410,0.208,0.220,1.203,1.369,2,NULL,NULL,,3,0,2,7,255,1406,250,0,0
stim,201093,231214,0,231214,3428544.455,-0.629,-0.019,0.134,0.765,3109,0,0,3187,555,2311,175,2125,43,1.003,1,2242,0,120.968,4.301,-76.688,-92.875,-11.250,0.133,-0.242,1.309,2.926,3.152,1.984,0.182,0.198,1.203,1.369,2,NULL,NULL,,3,0,2,7,255,1406,250,0,0
stim,201093,231214,0,231214,3428549.454,-0.631,-0.018,0.131,0.765,3162,0,0,3176,815,2359,124,2187,43,1.003,1,2242,0,75.736,5.358,-36.938,-54.063,-38.063,0.539,-0.113,1.188,2.926,4.488,0.301,0.162,0.184,1.203,1.369,2,NULL,NULL,,3,0,2,7,255,1406,250,0,0
stim,201093,231214,0,231214,3428554.455,-0.631,-0.017,0.129,0.765,3103,0,0,3173,990,2373,151,2236,43,1.003,1,2242,0,50.005,7.279,-18.063,-46.625,-0.625,0.586,0.414,1.164,1.176,7.184,0.773,0.150,0.178,1.203,1.369,2,NULL,NULL,,3,0,2,7,255,1406,250,0,0
stim,201147,231268,0,231268,3428559.454,-0.631,-0.017,0.128,0.765,3111,0,0,3187,1116,2397,170,2277,43,1.003,1,2242,0,46.188,7.740,-32.313,-33.000,-0.500,-0.078,0.480,1.586,-2.883,7.184,0.773,0.148,0.170,1.203,1.369,2,NULL,NULL,,3,0,2,7,255,1406,250,0,0
stim,201147,231268,0,231268,3428564.455,-0.632,-0.018,0.124,0.765,3101,0,0,3176,1191,2419,159,2326,43,1.003,1,2242,0,89.278,3.327,-82.063,-20.063,-28.875,-0.215,0.215,1.129,-2.883,1.660,1.637,0.152,0.158,1.203,1.369,2,NULL,NULL,,3,0,2,7,255,1406,250,0,0
stim,201147,231268,0,231268,3428569.454,-0.633,-0.019,0.121,0.764,3098,0,0,3190,1263,2436,159,2357,43,1.003,1,2242,0,77.294,0.906,-66.375,-20.000,-34.188,-0.082,0.063,0.785,-0.641,0.641,1.637,0.160,0.144,1.203,1.369,2,NULL,NULL,,3,0,2,7,255,1406,250,0,0
stim,201147,231268,0,231268,3428574.455,-0.635,-0.020,0.120,0.763,3097,3,0,3181,1338,2443,163,2391,43,1.003,1,2242,0,61.594,0.357,-34.750,-16.438,-48.125,-0.156,0.125,1.051,-0.063,0.352,0.680,0.182,0.122,1.203,1.369,2,NULL,NULL,,3,0,2,7,255,1406,250,0,0
stim,201147,231268,0,231268,3428579.454,-0.637,-0.020,0.118,0.762,3109,21,0,3176,1443,2459,167,2413,43,1.003,1,2242,0,63.836,0.644,-30.000,-14.313,-54.500,0.012,0.254,1.098,-0.063,0.641,0.680,0.204,0.100,1.203,1.369,2,NULL,NULL,,3,0,2,7,255,1406,250,0,0
stim,201147,231268,0,231268,3428584.455,-0.638,-0.021,0.116,0.761,3098,22,0,3175,1504,2469,171,2437,43,1.003,1,2242,0,64.300,1.814,-47.375,-10.250,-42.250,0.020,0.102,1.082,-0.188,1.805,0.680,0.226,0.080,1.203,1.369,2,NULL,NULL,,3,0,2,7,255,1406,250,0,0
stim,201147,231268,0,231268,3428589.454,-0.639,-0.023,0.114,0.760,3101,53,0,3173,1565,2475,171,2455,43,1.003,1,2242,0,68.570,1.814,-58.563,-6.875,-35.000,-0.129,0.020,1.059,-0.188,1.805,0.609,0.242,0.064,1.203,1.369,2,NULL,NULL,,3,0,2,7,255,1406,250,0,0
stim,201147,231268,0,231268,3428594.455,-0.641,-0.025,0.111,0.759,3097,60,0,3175,1577,2479,154,2467,43,1.003,1,2242,0,75.060,0.840,-57.563,-5.875,-47.813,-0.156,0.047,0.852,0.371,0.754,0.570,0.254,0.056,1.203,1.369,2,NULL,NULL,,3,0,2,7,255,1406,250,0,0
stim,201176,231297,0,231297,3428599.454,-0.643,-0.026,0.110,0.758,3093,71,2,3188,1645,2495,154,2483,43,1.003,1,2242,0,69.149,0.468,-34.750,-3.375,-59.688,-0.137,0.145,0.969,0.371,0.285,-0.148,0.264,0.048,1.203,1.369,2,NULL,NULL,,3,0,2,7,255,1406,250,0,0
stim,201176,231297,0,231297,3428604.455,-0.645,-0.027,0.108,0.756,3103,103,3,3179,1685,2505,153,2487,43,1.003,1,2242,0,77.216,0.634,-35.938,-3.563,-68.250,-0.086,0.164,1.078,-0.566,0.285,-0.148,0.272,0.042,1.203,1.369,2,NULL,NULL,,3,0,2,7,255,1406,250,0,0
stim,201176,231297,0,231297,3428609.454,-0.647,-0.028,0.107,0.755,3107,106,0,3180,1717,2522,149,2505,43,1.003,1,2242,0,71.414,1.109,-43.500,-1.125,-56.625,0.059,0.027,1.039,-0.566,0.953,0.074,0.280,0.036,1.203,1.369,2,NULL,NULL,,3,0,2,7,255,1406,250,0,0
stim,201176,231297,0,231297,3428614.455,-0.648,-0.029,0.105,0.754,3095,107,6,3192,1761,2515,147,2513,43,1.003,1,2242,0,57.876,1.707,-45.563,0.188,-35.688,-0.012,0.008,0.992,0.230,1.691,0.074,0.286,0.030,1.203,1.369,2,NULL,NULL,,3,0,2,7,255,1406,250,0,0
stim,201176,231297,0,231297,3428619.454,-0.649,-0.030,0.103,0.753,3095,123,21,3187,1774,2522,139,2513,43,1.003,1,2242,0,46.862,1.711,-39.438,-0.063,-25.313,-0.082,0.031,0.918,0.258,1.691,-0.258,0.292,0.024,1.203,1.369,2,NULL,NULL,,3,0,2,7,255,1406,250,0,0
stim,201176,231297,0,231297,3428624.455,-0.650,-0.031,0.102,0.753,3095,137,63,3181,1799,2526,137,2510,43,1.003,1,2242,0,39.952,0.886,-29.125,1.375,-27.313,-0.176,0.082,0.973,0.258,0.848,-0.258,0.296,0.020,1.203,1.369,2,NULL,NULL,,3,0,2,7,255,1406,250,0,0
stim,201176,231297,0,231297,3428629.454,-0.651,-0.032,0.101,0.752,3097,153,68,3183,1831,2527,138,2519,43,1.003,1,2242,0,42.885,0.472,-27.375,0.875,-33.000,-0.141,0.047,1.008,0.188,0.434,-0.102,0.300,0.016,1.203,1.369,2,NULL,NULL,,3,0,2,7,255,1406,250,0,0
stim,201176,231297,0,231297,3428634.455,-0.652,-0.033,0.100,0.751,3103,173,73,3183,1863,2533,135,2531,43,1.003,1,2242,0,36.887,0.472,-23.938,0.375,-28.063,-0.078,-0.008,0.953,0.188,0.434,-0.102,0.306,0.010,1.203,1.369,2,NULL,NULL,,3,0,2,7,255,1406,250,0,0
stim,201199,231320,0,231320,3428639.454,-0.652,-0.034,0.100,0.751,3135,176,135,3181,1887,2547,134,2525,43,1.003,1,2242,0,26.474,0.900,-18.813,-0.250,-18.625,-0.113,-0.016,0.984,0.566,0.699,-0.160,0.312,0.004,1.203,1.369,2,NULL,NULL,,3,0,2,7,255,1406,250,0,0
stim,201199,231320,0,231320,3428644.455,-0.653,-0.034,0.099,0.750,3089,185,151,3177,1919,2538,135,2531,43,1.003,1,2242,0,23.741,0.975,-18.750,-0.063,-14.563,-0.141,-0.055,1.012,0.680,0.699,-0.160,0.318,0.000,1.203,1.369,2,NULL,NULL,,3,0,2,7,255,1406,250,0,0
stim,201199,231320,0,231320,3428649.454,-0.653,-0.035,0.098,0.750,3095,206,203,3187,1941,2543,125,2542,43,1.003,1,2242,0,26.167,1.054,-22.563,-0.313,-13.250,-0.168,-0.035,0.973,0.906,0.539,-0.160,0.000,0.000,1.203,1.369,2,NULL,NULL,,3,0,2,7,255,1406,250,0,0
stim,201261,231382,0,231382,3428654.455,-0.654,-0.035,0.097,0.750,3083,213,247,3176,1942,2541,125,2541,43,1.002,1,2242,1,20.615,1.053,-16.438,-2.500,-12.188,-0.172,-0.051,0.910,1.039,0.172,-0.199,0.000,0.000,1.235,1.383,2,NULL,NULL,,3,0,2,7,255,1406,250,0,0
stim,201261,231382,0,231382,3428659.455,-0.654,-0.036,0.097,0.749,3081,211,296,3173,1994,2542,123,2547,43,1.002,1,2242,1,15.468,0.971,-9.063,-3.625,-12.000,-0.184,-0.043,0.953,0.969,0.070,-0.336,0.004,0.002,1.235,1.383,2,NULL,NULL,,3,0,2,7,255,1406,250,0,0
stim,201261,231382,0,231382,3428664.453,-0.654,-0.036,0.096,0.749,3079,211,339,3173,2008,2540,125,2552,43,1.002,1,2242,1,14.544,0.971,-7.063,-4.375,-11.938,-0.160,-0.035,0.977,0.969,0.070,-0.336,0.008,0.006,1.235,1.383,2,NULL,NULL,,3,0,2,7,255,1406,250,0,0
stim,201261,231382,0,231382,3428669.454,-0.655,-0.036,0.096,0.749,3064,207,377,3167,2035,2540,133,2569,43,1.002,1,2242,1,15.199,0.879,-9.375,-5.375,-10.688,-0.180,-0.027,1.008,0.871,0.121,-0.176,0.014,0.010,1.235,1.383,2,NULL,NULL,,3,0,2,7,255,1406,250,0,0
stim,201261,231382,0,231382,3428674.455,-0.655,-0.036,0.095,0.749,3065,217,416,3169,2055,2553,135,2581,43,1.002,1,2242,1,18.123,0.825,-11.563,-5.813,-12.688,-0.172,-0.027,0.957,0.816,0.121,-0.176,0.018,0.016,1.235,1.383,2,NULL,NULL,,3,0,2,7,255,1406,250,0,0
stim,201261,231382,0,231382,3428679.454,-0.656,-0.036,0.094,0.748,3064,218,471,3158,2070,2543,131,2579,43,1.002,1,2242,1,14.399,0.825,-6.250,-6.875,-11.000,-0.141,-0.055,0.941,0.816,0.121,-0.328,0.024,0.020,1.235,1.383,2,NULL,NULL,,3,0,2,7,255,1406,250,0,0
stim,201261,231382,0,231382,3428684.455,-0.656,-0.036,0.094,0.748,3044,219,502,3143,2103,2564,137,2584,43,1.002,1,2242,1,9.527,0.849,-2.563,-7.813,-4.813,-0.148,-0.020,0.977,0.781,0.332,-0.328,0.028,0.026,1.235,1.383,2,NULL,NULL,,3,0,2,7,255,1406,250,0,0
stim,201261,231382,0,231382,3428689.454,-0.656,-0.036,0.094,0.748,3043,211,535,3135,2125,2551,139,2599,43,1.002,1,2242,1,10.065,0.735,-1.688,-9.375,-3.250,-0.203,0.047,0.977,0.656,0.332,-0.180,0.034,0.030,1.235,1.383,2,NULL,NULL,,3,0,2,7,255,1406,250,0,0
stim,201261,231382,0,231382,3428694.455,-0.656,-0.036,0.093,0.748,3029,211,587,3123,2164,2555,147,2605,43,1.002,1,2242,1,13.178,0.361,-1.313,-10.438,-7.938,-0.223,0.039,0.996,0.211,-0.293,-0.016,0.038,0.034,1.235,1.383,2,NULL,NULL,,3,0,2,7,255,1406,250,0,0
stim,201261,231382,0,231382,3428699.454,-0.657,-0.036,0.093,0.748,3017,213,651,3108,2185,2557,155,2617,43,1.002,1,2242,1,18.113,0.405,-2.375,-12.188,-13.188,-0.215,0.043,0.996,0.152,-0.375,0.156,0.042,0.038,1.235,1.383,2,NULL,NULL,,3,0,2,7,255,1406,250,0,0
stim,201261,231382,0,231382,3428704.455,-0.657,-0.035,0.092,0.747,3004,205,679,3099,2214,2567,183,2637,43,1.002,1,2242,1,21.559,0.405,0.125,-13.875,-16.500,-0.168,0.070,0.973,0.152,-0.375,0.156,0.046,0.042,1.235,1.383,2,NULL,NULL,,3,0,2,7,255,1406,250,0,0
stim,201262,231383,0,231383,3428709.454,-0.658,-0.035,0.092,0.747,2991,203,713,3083,2229,2555,189,2641,43,1.002,1,2242,1,21.301,0.179,4.313,-14.750,-14.750,-0.109,0.109,1.004,-0.176,-0.035,0.129,0.048,0.044,1.235,1.383,2,NULL,NULL,,3,0,2,7,255,1406,250,0,0
stim,201262,231383,0,231383,3428714.455,-0.658,-0.034,0.092,0.747,3034,213,759,3061,2249,2577,251,2648,43,1.002,1,2242,1,17.800,0.835,3.375,-14.750,-9.375,-0.105,0.145,1.043,-0.645,0.531,0.129,0.052,0.046,1.235,1.383,2,NULL,NULL,,3,0,2,7,255,1406,250,0,0
stim,201281,231402,0,231402,3428719.454,-0.658,-0.033,0.091,0.746,2963,218,805,3045,2281,2569,287,2662,43,1.002,1,2242,1,18.165,1.101,0.813,-16.438,-7.688,-0.164,0.180,1.020,-0.965,0.531,0.383,0.054,0.050,1.235,1.383,2,NULL,NULL,,3,0,2,7,255,1406,250,0,0
stim,201281,231402,0,231402,3428724.455,-0.659,-0.033,0.091,0.746,2937,221,857,3027,2307,2579,301,2679,43,1.002,1,2242,1,19.730,1.112,3.313,-16.125,-10.875,-0.152,0.168,1.027,-1.109,0.074,0.449,0.056,0.052,1.235,1.383,2,NULL,NULL,,3,0,2,7,255,1406,250,0,0
stim,201281,231402,0,231402,3428729.454,-0.659,-0.032,0.091,0.746,2962,239,908,3007,2336,2567,349,2681,43,1.002,1,2242,1,18.871,1.237,3.563,-16.563,-8.313,-0.121,0.211,1.035,-1.234,0.074,0.449,0.056,0.052,1.235,1.383,2,NULL,NULL,,3,0,2,7,255,1406,250,0,0
stim,201281,231402,0,231402,3428734.455,-0.659,-0.031,0.090,0.746,2899,237,985,2992,2376,2567,374,2697,43,1.002,1,2242,1,18.157,1.568,4.000,-16.500,-6.438,-0.156,0.305,1.074,-1.566,0.074,0.508,0.056,0.052,1.235,1.383,2,NULL,NULL,,3,0,2,7,255,1406,250,0,0
stim,201308,231429,0,231429,3428739.454,-0.660,-0.030,0.090,0.746,2876,248,1067,2983,2399,2569,403,2711,43,1.002,1,2242,1,19.785,2.408,-2.625,-16.063,-11.250,-0.199,0.328,1.121,-2.406,-0.090,0.973,0.056,0.050,1.235,1.383,2,NULL,NULL,,3,0,2,7,255,1406,250,0,0
stim,201308,231429,0,231429,3428744.455,-0.660,-0.030,0.089,0.745,2839,245,1147,2953,2429,2577,479,2713,43,1.002,1,2242,1,30.130,2.430,-12.125,-14.938,-23.188,-0.188,0.273,1.086,-2.406,-0.340,1.113,0.054,0.048,1.235,1.383,2,NULL,NULL,,3,0,2,7,255,1406,250,0,0
stim,201308,231429,0,231429,3428749.454,-0.662,-0.030,0.088,0.744,2813,247,1224,2933,2464,2572,573,2727,43,1.002,1,2242,0,40.273,2.086,-19.563,-13.375,-32.563,-0.172,0.230,1.109,-2.059,-0.340,1.320,0.054,0.046,1.235,1.383,2,NULL,NULL,,3,0,2,7,255,1406,250,0,0
stim,201308,231429,0,231429,3428754.455,-0.663,-0.031,0.087,0.743,2779,251,1339,2926,2493,2572,663,2741,43,1.002,1,2242,0,60.183,1.691,-40.438,-10.000,-43.438,-0.168,0.199,1.184,-1.688,-0.113,1.320,0.052,0.044,1.235,1.383,2,NULL,NULL,,3,0,2,7,255,1406,250,0,0
stim,201308,231429,0,231429,3428759.454,-0.664,-0.033,0.084,0.742,2749,254,1421,2899,2516,2577,795,2738,43,1.002,1,2242,0,77.028,1.395,-58.438,-9.313,-49.313,-0.105,0.039,0.969,-1.395,0.039,1.320,0.050,0.040,1.235,1.383,2,NULL,NULL,,3,0,2,7,255,1406,250,0,0
stim,201308,231429,0,231429,3428764.455,-0.666,-0.034,0.082,0.741,2699,253,1514,2879,2547,2577,905,2758,43,1.002,1,2242,0,68.654,0.220,-48.688,-9.625,-47.438,-0.117,-0.059,0.832,-0.027,0.219,-0.262,0.046,0.036,1.235,1.383,2,NULL,NULL,,3,0,2,7,255,1406,250,0,0
stim,201350,231471,0,231471,3428769.454,-0.668,-0.035,0.081,0.739,2661,266,1619,2867,2583,2575,991,2759,43,1.002,1,2242,0,60.364,0.857,-32.438,-11.625,-49.563,-0.156,-0.117,0.863,0.828,0.219,-1.273,0.042,0.030,1.235,1.383,2,NULL,NULL,,3,0,2,7,255,1406,250,0,0
stim,201350,231471,0,231471,3428774.455,-0.669,-0.035,0.079,0.738,2630,272,1720,2847,2596,2581,1071,2773,43,1.002,1,2242,0,60.437,1.441,-22.625,-12.250,-54.688,-0.145,-0.145,0.934,1.430,0.180,-1.273,0.040,0.026,1.235,1.383,2,NULL,NULL,,3,0,2,7,255,1406,250,0,0
stim,201350,231471,0,231471,3428779.454,-0.671,-0.036,0.078,0.736,2585,293,1805,2827,2621,2573,1167,2774,43,1.002,1,2242,0,61.937,1.441,-25.063,-12.188,-55.313,-0.113,-0.105,0.992,1.430,0.180,-0.633,0.038,0.022,1.235,1.383,2,NULL,NULL,,3,0,2,7,255,1406,250,0,0
stim,201350,231471,0,231471,3428784.455,-0.673,-0.036,0.076,0.735,2543,304,1885,2804,2645,2571,1249,2777,43,1.002,1,2242,0,57.902,1.364,-27.000,-12.188,-49.750,-0.082,-0.023,0.957,1.262,0.520,-0.453,0.038,0.018,1.235,1.383,2,NULL,NULL,,3,0,2,7,255,1406,250,0,0
stim,201350,231471,0,231471,3428789.454,-0.674,-0.037,0.075,0.734,2490,298,1964,2787,2664,2571,1341,2793,43,1.002,1,2242,0,49.008,0.636,-24.688,-13.125,-40.250,-0.102,-0.008,0.930,0.367,0.520,-0.453,0.038,0.014,1.235,1.383,2,NULL,NULL,,3,0,2,7,255,1406,250,0,0
stim,201350,231471,0,231471,3428794.455,-0.675,-0.037,0.074,0.733,2456,305,2043,2757,2681,2569,1449,2797,43,1.002,1,2242,0,41.532,0.565,-21.625,-12.813,-33.063,-0.121,-0.074,0.977,0.367,0.430,-0.453,0.036,0.012,1.235,1.383,2,NULL,NULL,,3,0,2,7,255,1406,250,0,0
stim,201350,231471,0,231471,3428799.454,-0.676,-0.038,0.072,0.732,2404,315,2111,2729,2712,2579,1525,2803,43,1.002,1,2242,0,42.684,0.863,-22.938,-12.688,-33.688,-0.156,-0.066,1.043,0.797,0.332,-0.199,0.036,0.008,1.235,1.383,2,NULL,NULL,,3,0,2,7,255,1406,250,0,0
stim,201350,231471,0,231471,3428804.455,-0.677,-0.038,0.071,0.731,2351,333,2169,2709,2715,2568,1619,2823,43,1.002,1,2242,0,49.165,0.863,-32.625,-12.750,-34.500,-0.102,-0.043,1.047,0.797,0.332,0.449,0.036,0.010,1.235,1.383,2,NULL,NULL,,3,0,2,7,255,1406,250,0,0
stim,201372,231493,0,231493,3428809.454,-0.678,-0.039,0.069,0.731,2291,335,2233,2675,2729,2571,1685,2829,43,1.002,1,2242,0,43.706,0.991,-32.813,-14.000,-25.250,-0.055,-0.090,0.902,0.797,0.590,0.449,0.038,0.012,1.235,1.383,2,NULL,NULL,,3,0,2,7,255,1406,250,0,0
stim,201372,231493,0,231493,3428814.455,-0.679,-0.039,0.068,0.730,2229,343,2295,2637,2747,2568,1779,2837,43,1.002,1,2242,0,35.051,0.783,-24.500,-14.688,-20.313,-0.172,0.000,0.988,0.516,0.590,0.020,0.038,0.014,1.235,1.383,2,NULL,NULL,,3,0,2,7,255,1406,250,0,0
stim,201372,231493,0,231493,3428819.454,-0.680,-0.040,0.067,0.729,2211,357,2343,2603,2747,2569,1837,2834,43,1.002,1,2242,0,48.922,0.266,-29.813,-14.750,-35.875,-0.242,0.129,1.070,0.078,-0.254,0.020,0.038,0.014,1.235,1.383,2,NULL,NULL,,3,0,2,7,255,1406,250,0,0
stim,201372,231493,0,231493,3428824.455,-0.681,-0.040,0.065,0.728,2107,377,2399,2569,2779,2570,1914,2843,43,1.002,1,2242,0,69.127,1.247,-38.750,-14.750,-55.313,-0.184,0.184,1.027,-1.160,-0.457,0.438,0.038,0.014,1.235,1.383,2,NULL,NULL,,3,0,2,7,255,1406,250,0,0
stim,201393,231514,0,231514,3428829.454,-0.683,-0.041,0.063,0.726,2037,383,2462,2523,2787,2552,1972,2855,43,1.002,1,2242,0,73.094,1.247,-36.438,-13.938,-61.813,-0.078,0.105,0.980,-1.160,-0.457,0.438,0.036,0.012,1.235,1.383,2,NULL,NULL,,3,0,2,7,255,1406,250,0,0
stim,201393,231514,0,231514,3428834.455,-0.685,-0.041,0.062,0.725,1944,389,2495,2479,2751,2555,2023,2852,43,1.002,1,2242,0,62.652,1.230,-31.125,-12.938,-52.813,-0.008,-0.043,1.020,-1.105,0.539,0.074,0.036,0.008,1.235,1.383,2,NULL,NULL,,3,0,2,7,255,1406,250,0,0
stim,201393,231514,0,231514,3428839.454,-0.686,-0.042,0.060,0.724,1879,397,2541,2438,2814,2556,2098,2861,43,1.002,1,2242,0,55.943,0.738,-37.000,-13.063,-39.875,-0.078,-0.074,1.051,0.270,0.688,0.074,0.036,0.006,1.235,1.383,2,NULL,NULL,,3,0,2,7,255,1406,250,0,0
stim,201393,231514,0,231514,3428844.455,-0.687,-0.043,0.058,0.723,1806,390,2571,2407,2823,2551,2151,2862,43,1.002,1,2242,0,57.026,0.738,-40.188,-12.438,-38.500,-0.117,-0.031,0.992,0.270,0.688,0.074,0.036,0.004,1.235,1.383,2,NULL,NULL,,3,0,2,7,255,1406,250,0,0
stim,201393,231514,0,231514,3428849.454,-0.689,-0.044,0.056,0.722,1756,391,2597,2351,2828,2554,2200,2867,43,1.002,1,2242,0,58.450,0.449,-38.688,-11.375,-42.313,-0.094,-0.020,0.992,0.152,0.422,-0.008,0.036,0.002,1.235,1.383,2,NULL,NULL,,3,0,2,7,255,1406,250,0,0
stim,201393,231514,0,231514,3428854.455,-0.690,-0.045,0.054,0.720,1643,393,2629,2313,2851,2540,2239,2872,43,1.002,1,2242,0,59.626,0.207,-38.500,-11.938,-43.938,-0.113,-0.012,0.980,-0.004,0.207,-0.055,0.036,0.002,1.235,1.383,2,NULL,NULL,,3,0,2,7,255,1406,250,0,0
stim,201447,231568,0,231568,3428859.454,-0.691,-0.045,0.053,0.719,1531,383,2649,2264,2848,2535,2279,2875,43,1.002,1,2242,0,58.737,0.422,-35.438,-10.875,-45.563,-0.074,-0.051,0.977,-0.004,0.422,-0.125,0.038,0.004,1.235,1.383,2,NULL,NULL,,3,0,2,7,255,1406,250,0,0
stim,201447,231568,0,231568,3428864.455,-0.693,-0.046,0.051,0.718,1447,389,2677,2217,2847,2537,2311,2877,43,1.002,1,2242,0,55.666,0.546,-35.250,-10.875,-41.688,-0.078,-0.047,0.992,0.125,0.531,-0.125,0.038,0.004,1.235,1.383,2,NULL,NULL,,3,0,2,7,255,1406,250,0,0
stim,201447,231568,0,231568,3428869.454,-0.694,-0.047,0.050,0.717,1358,391,2702,2173,2863,2523,2336,2887,43,1.002,1,2242,0,51.451,0.561,-34.500,-10.750,-36.625,-0.078,-0.055,0.973,0.180,0.531,-0.227,0.040,0.004,1.235,1.383,2,NULL,NULL,,3,0,2,7,255,1406,250,0,0
stim,201447,231568,0,231568,3428874.455,-0.695,-0.048,0.048,0.716,1229,381,2731,2115,2872,2519,2367,2889,43,1.002,1,2242,0,45.711,0.531,-32.125,-10.938,-30.625,-0.086,-0.070,0.969,0.180,0.500,-0.258,0.042,0.004,1.235,1.383,2,NULL,NULL,,3,0,2,7,255,1406,250,0,0
stim,201447,231568,0,231568,3428879.454,-0.696,-0.048,0.047,0.715,1149,363,2747,2041,2878,2515,2402,2892,43,1.002,1,2242,0,41.010,0.509,-28.688,-11.688,-26.875,-0.113,-0.082,0.973,0.313,0.402,-0.258,0.042,0.004,1.235,1.383,2,NULL,NULL,,3,0,2,7,255,1406,250,0,0
stim,201447,231568,0,231568,3428884.455,-0.696,-0.049,0.045,0.715,1083,345,2766,1967,2889,2509,2431,2897,43,1.002,1,2242,0,40.124,0.410,-26.938,-12.188,-27.125,-0.117,-0.082,0.984,0.379,0.156,-0.188,0.044,0.004,1.235,1.383,2,NULL,NULL,,3,0,2,7,255,1406,250,0,0
stim,201447,231568,0,231568,3428889.454,-0.697,-0.049,0.044,0.714,999,331,2787,1895,2893,2503,2459,2899,43,1.002,1,2242,0,38.950,0.410,-25.375,-12.688,-26.688,-0.109,-0.074,0.996,0.379,0.156,-0.082,0.044,0.004,1.235,1.383,2,NULL,NULL,,3,0,2,7,255,1406,250,0,0
stim,201447,231568,0,231568,3428894.455,-0.698,-0.049,0.043,0.713,905,333,2799,1783,2857,2503,2486,2903,43,1.002,1,2242,0,39.451,0.285,-24.813,-13.063,-27.750,-0.125,-0.039,1.000,0.262,0.113,0.016,0.048,0.004,1.235,1.383,2,NULL,NULL,,3,0,2,7,255,1406,250,0,0
stim,201477,231598,0,231598,3428899.454,-0.699,-0.050,0.042,0.712,789,328,2820,1719,2911,2487,2510,2913,43,1.002,1,2242,1,37.889,0.152,-22.750,-13.625,-27.063,-0.113,-0.023,1.000,-0.086,0.125,0.051,0.050,0.006,1.235,1.383,2,NULL,NULL,,3,0,2,7,255,1406,250,0,0
stim,201477,231598,0,231598,3428904.455,-0.699,-0.050,0.040,0.712,691,293,2841,1590,2920,2479,2533,2908,43,1.002,1,2242,1,36.188,0.255,-21.063,-14.688,-25.500,-0.125,-0.020,1.000,-0.254,0.027,0.055,0.054,0.006,1.235,1.383,2,NULL,NULL,,3,0,2,7,255,1406,250,0,0
stim,201477,231598,0,231598,3428909.454,-0.700,-0.050,0.039,0.711,601,285,2846,1489,2926,2469,2546,2909,43,1.002,1,2242,1,36.935,0.306,-18.438,-15.500,-28.000,-0.129,-0.023,1.004,-0.305,-0.023,0.059,0.054,0.006,1.235,1.383,2,NULL,NULL,,3,0,2,7,255,1406,250,0,0
stim,201477,231598,0,231598,3428914.455,-0.701,-0.050,0.038,0.710,486,269,2863,1386,2935,2459,2569,2915,43,1.002,1,2242,1,36.700,0.306,-15.250,-16.313,-29.125,-0.098,-0.035,1.008,-0.305,-0.023,0.113,0.056,0.006,1.235,1.383,2,NULL,NULL,,3,0,2,7,255,1406,250,0,0
stim,201477,231598,0,231598,3428919.454,-0.702,-0.050,0.037,0.709,383,237,2877,1275,2937,2451,2587,2917,43,1.002,1,2242,1,34.664,0.307,-13.750,-16.938,-26.938,-0.090,-0.039,1.016,-0.215,0.219,0.125,0.056,0.006,1.235,1.383,2,NULL,NULL,,3,0,2,7,255,1406,250,0,0
stim,201477,231598,0,231598,3428924.455,-0.703,-0.050,0.036,0.709,313,198,2892,1136,2941,2445,2604,2920,43,1.002,1,2242,1,35.257,0.308,-15.375,-17.063,-26.750,-0.094,-0.051,1.020,-0.180,0.250,0.195,0.058,0.006,1.235,1.383,2,NULL,NULL,,3,0,2,7,255,1406,250,0,0
stim,201477,231598,0,231598,3428929.454,-0.704,-0.050,0.035,0.708,199,169,2903,969,2955,2429,2619,2922,43,1.002,1,2242,1,35.867,0.276,-15.375,-17.438,-27.313,-0.098,-0.051,1.016,-0.117,0.250,0.195,0.058,0.006,1.235,1.383,2,NULL,NULL,,3,0,2,7,255,1406,250,0,0
stim,201477,231598,0,231598,3428934.455,-0.704,-0.049,0.034,0.707,139,154,2910,831,2962,2421,2637,2925,43,1.002,1,2242,1,35.665,0.276,-15.063,-17.875,-26.938,-0.074,-0.043,0.996,-0.117,0.250,0.195,0.060,0.006,1.235,1.383,2,NULL,NULL,,3,0,2,7,255,1406,250,0,0
stim,201498,231619,0,231619,3428939.454,-0.705,-0.049,0.033,0.707,107,133,2919,731,2964,2415,2649,2927,43,1.002,1,2242,1,33.208,0.397,-12.625,-18.688,-24.375,-0.070,-0.070,0.984,-0.117,0.379,-0.027,0.060,0.006,1.235,1.383,2,NULL,NULL,,3,0,2,7,255,1406,250,0,0
stim,201498,231619,0,231619,3428944.455,-0.706,-0.049,0.032,0.706,73,103,2925,615,2971,2392,2665,2933,43,1.002,1,2242,1,28.961,0.405,-7.813,-19.813,-19.625,-0.051,-0.082,0.992,0.074,0.398,-0.059,0.060,0.006,1.235,1.383,2,NULL,NULL,,3,0,2,7,255,1406,250,0,0
stim,201498,231619,0,231619,3428949.454,-0.706,-0.048,0.031,0.706,30,77,2931,493,2979,2377,2680,2934,43,1.002,1,2242,1,24.500,0.405,-2.938,-21.500,-11.375,-0.074,-0.070,1.023,0.074,0.398,-0.059,0.062,0.006,1.235,1.383,2,NULL,NULL,,3,0,2,7,255,1406,250,0,0
stim,201498,231619,0,231619,3428954.455,-0.706,-0.048,0.030,0.705,21,45,2939,344,2951,2359,2697,2939,43,1.002,1,2242,1,24.865,0.354,-2.875,-22.875,-9.313,-0.090,-0.039,1.027,0.039,0.352,0.242,0.062,0.006,1.235,1.383,2,NULL,NULL,,3,0,2,7,255,1406,250,0,0
stim,201553,231674,0,231674,3428959.454,-0.707,-0.047,0.029,0.705,1,37,2949,198,2987,2334,2711,2941,43,1.002,1,2242,1,26.266,0.323,0.000,-23.938,-10.813,-0.117,-0.031,1.027,-0.266,0.184,0.305,0.064,0.006,1.235,1.383,2,NULL,NULL,,3,0,2,7,255,1406,250,0,0
stim,201553,231674,0,231674,3428964.455,-0.707,-0.046,0.029,0.705,0,27,2955,145,2991,2317,2726,2943,43,1.002,1,2242,1,28.905,0.372,3.000,-26.125,-12.000,-0.086,-0.008,1.031,-0.336,0.160,0.305,0.066,0.006,1.235,1.383,2,NULL,NULL,,3,0,2,7,255,1406,250,0,0
stim,201553,231674,0,231674,3428969.454,-0.708,-0.045,0.028,0.705,0,20,2959,115,2996,2302,2741,2951,43,1.002,1,2242,1,30.285,0.372,1.500,-26.813,-14.000,-0.082,-0.031,1.031,-0.336,0.160,0.328,0.066,0.008,1.235,1.383,2,NULL,NULL,,3,0,2,7,255,1406,250,0,0
stim,201553,231674,0,231674,3428974.455,-0.708,-0.043,0.027,0.705,0,9,2965,105,3003,2285,2751,2953,43,1.002,1,2242,0,36.660,0.369,18.813,-31.438,-1.313,-0.188,-0.055,1.164,-0.332,0.160,0.344,0.068,0.008,1.235,1.383,3,NULL,NULL,,3,0,2,7,255,1406,250,0,0
stim,201553,231674,0,231674,3428979.454,-0.708,-0.042,0.027,0.705,0,2,2967,87,3006,2271,2765,2953,43,1.002,1,2242,0,46.521,0.786,26.375,-37.438,8.188,-0.227,-0.051,1.348,-0.270,-0.738,1.723,0.068,0.008,1.235,1.383,3,NULL,NULL,,3,0,2,7,255,1406,250,0,0
stim,201553,231674,0,231674,3428984.455,-0.707,-0.041,0.026,0.705,0,0,2971,74,3015,2251,2779,2956,43,1.002,1,2242,0,39.759,0.756,-5.688,-39.063,4.750,-0.180,-0.105,1.313,-0.164,-0.738,3.211,0.070,0.008,1.235,1.383,3,NULL,NULL,,3,0,2,7,255,1406,250,0,0
stim,201553,231674,0,231674,3428989.454,-0.707,-0.040,0.024,0.705,0,0,2974,53,3019,2227,2792,2959,43,1.002,1,2242,0,50.921,0.666,-31.188,-40.250,-0.438,-0.141,-0.141,1.082,0.270,-0.609,3.211,0.072,0.008,1.235,1.383,3,NULL,NULL,,3,0,2,7,255,1406,250,0,0
stim,201553,231674,0,231674,3428994.455,-0.707,-0.040,0.021,0.706,0,0,2975,31,3025,2197,2805,2959,43,1.002,1,2242,0,48.536,0.845,-22.750,-42.688,4.000,-0.094,-0.168,0.906,0.711,-0.457,0.949,0.072,0.010,1.235,1.383,3,NULL,NULL,,3,0,2,7,255,1406,250,0,0
stim,201553,231674,0,231674,3428999.454,-0.707,-0.038,0.020,0.706,0,0,2976,1,3027,2169,2812,2962,43,1.002,1,2242,0,48.142,0.845,3.813,-46.938,10.000,-0.168,-0.094,0.887,0.711,-0.457,-0.793,0.072,0.010,1.235,1.383,3,NULL,NULL,,3,0,2,7,255,1406,250,0,0
stim,201553,231674,0,231674,3429004.455,-0.707,-0.036,0.019,0.706,0,0,2987,0,3038,2131,2839,2964,43,1.002,1,2242,0,54.115,1.023,22.750,-48.938,-4.000,-0.191,-0.043,0.988,0.316,-0.973,-0.793,0.074,0.010,1.235,1.383,3,NULL,NULL,,3,0,2,7,255,1406,250,0,0
stim,201576,231697,0,231697,3429009.454,-0.707,-0.034,0.019,0.706,0,0,2982,0,3038,2073,2840,2964,43,1.002,1,2242,0,57.173,1.023,24.438,-50.875,-9.125,-0.105,-0.133,1.125,0.316,-0.973,-0.008,0.074,0.010,1.235,1.383,3,NULL,NULL,,3,0,2,7,255,1406,250,0,0
stim,201576,231697,0,231697,3429014.455,-0.707,-0.032,0.017,0.706,0,0,2979,0,3035,2021,2847,2967,43,1.002,1,2242,0,54.063,0.685,12.875,-52.500,0.875,-0.059,-0.180,1.191,0.637,-0.254,1.297,0.076,0.012,1.235,1.383,3,NULL,NULL,,3,0,2,7,255,1406,250,0,0
stim,201576,231697,0,231697,3429019.454,-0.707,-0.031,0.016,0.707,0,0,2979,0,3046,1971,2857,2965,43,1.002,1,2242,0,56.309,0.921,0.000,-54.188,15.313,-0.059,-0.160,1.109,0.918,0.074,1.297,0.076,0.014,1.235,1.383,3,NULL,NULL,,3,0,2,7,255,1406,250,0,0
stim,201576,231697,0,231697,3429024.455,-0.706,-0.029,0.014,0.707,0,0,2987,0,3055,1909,2875,2967,43,1.002,1,2242,0,59.773,0.921,0.063,-56.438,19.688,-0.160,-0.063,1.051,0.918,0.074,1.145,0.076,0.016,1.235,1.383,3,NULL,NULL,,3,0,2,7,255,1406,250,0,0
stim,201576,231697,0,231697,3429029.454,-0.706,-0.027,0.012,0.708,0,0,2980,0,3051,1847,2873,2967,43,1.002,1,2242,0,60.739,0.992,7.000,-58.875,13.188,-0.168,-0.055,1.063,0.000,-0.992,0.707,0.074,0.018,1.235,1.383,3,NULL,NULL,,3,0,2,7,255,1406,250,0,0
stim,201576,231697,0,231697,3429034.455,-0.706,-0.025,0.011,0.708,0,0,2979,0,3053,1781,2889,2967,43,1.002,1,2242,0,63.297,1.035,11.688,-61.625,8.500,-0.156,-0.109,1.082,0.000,-1.035,0.707,0.072,0.018,1.235,1.383,3,NULL,NULL,,3,0,2,7,255,1406,250,0,0
stim,201608,231730,0,231730,3429039.454,-0.705,-0.023,0.009,0.708,0,0,2987,0,3065,1707,2909,2971,43,1.002,1,2242,0,65.957,1.127,12.875,-64.438,5.688,-0.105,-0.160,1.055,0.445,-1.035,0.707,0.068,0.020,1.235,1.383,3,NULL,NULL,,3,0,2,7,255,1406,250,0,0
stim,201608,231730,0,231730,3429044.455,-0.705,-0.020,0.008,0.709,0,0,2976,0,3035,1635,2914,2967,43,1.002,1,2242,0,68.649,0.967,15.688,-66.563,6.000,-0.105,-0.129,1.016,0.703,-0.664,0.621,0.064,0.020,1.235,1.383,3,NULL,NULL,,3,0,2,7,255,1406,250,0,0
stim,201608,231730,0,231730,3429049.454,-0.705,-0.018,0.006,0.709,0,0,2967,0,3075,1529,2925,2971,43,1.002,1,2242,0,70.964,0.967,20.500,-67.938,0.438,-0.117,-0.109,1.035,0.703,-0.664,0.402,0.062,0.020,1.235,1.383,3,NULL,NULL,,3,0,2,7,255,1406,250,0,0
stim,201608,231730,0,231730,3429054.455,-0.705,-0.015,0.005,0.709,0,0,2974,0,3078,1439,2935,2963,43,1.002,1,2242,0,72.683,0.831,21.438,-69.438,-1.313,-0.059,-0.098,1.039,0.500,-0.664,0.402,0.056,0.024,1.235,1.383,3,NULL,NULL,,3,0,2,7,255,1406,250,0,0
stim,201608,231730,0,231730,3429059.454,-0.705,-0.012,0.003,0.709,0,0,2959,0,3069,1317,2932,2957,43,1.002,1,2242,0,72.480,0.607,19.438,-69.813,1.313,-0.043,-0.141,1.086,0.500,-0.344,0.426,0.052,0.028,1.235,1.383,3,NULL,NULL,,3,0,2,7,255,1406,250,0,0
stim,201608,231730,0,231730,3429064.455,-0.705,-0.009,0.002,0.709,0,0,2968,0,3080,1213,2953,2966,43,1.002,1,2242,0,73.880,0.523,16.250,-72.000,3.188,-0.055,-0.023,1.090,0.395,-0.344,0.883,0.048,0.032,1.235,1.383,3,NULL,NULL,,3,0,2,7,255,1406,250,0,0
stim,201660,231781,0,231781,3429069.454,-0.705,-0.007,-0.000,0.710,0,0,2944,0,3079,1093,2956,2963,43,1.002,1,2242,0,75.870,0.529,17.000,-73.875,3.125,-0.070,0.020,1.105,-0.297,-0.438,0.891,0.042,0.036,1.235,1.383,3,NULL,NULL,,3,0,2,7,255,1406,250,0,0
stim,201660,231781,0,231781,3429074.455,-0.705,-0.004,-0.002,0.710,0,0,2951,0,3083,955,2961,2957,43,1.002,1,2242,0,79.584,0.965,19.563,-77.125,1.625,-0.074,0.082,1.125,-0.719,-0.645,0.992,0.040,0.042,1.235,1.383,3,NULL,NULL,,3,0,2,7,255,1406,250,0,0
stim,201660,231781,0,231781,3429079.454,-0.704,-0.000,-0.003,0.710,0,0,2941,0,3095,799,2974,2952,43,1.002,1,2242,0,82.662,1.518,19.813,-80.250,0.688,-0.074,0.090,1.152,-1.313,-0.762,1.191,0.036,0.048,1.235,1.383,3,NULL,NULL,,3,0,2,7,255,1406,250,0,0
stim,201660,231781,0,231781,3429084.455,-0.704,0.003,-0.005,0.710,0,0,2927,0,3087,702,2970,2928,43,1.002,1,2242,0,87.087,1.611,21.063,-84.500,-0.500,-0.078,0.117,1.180,-1.387,-0.820,1.449,0.034,0.052,1.235,1.383,3,NULL,NULL,,3,0,2,7,255,1406,250,0,0
stim,201660,231781,0,231781,3429089.454,-0.704,0.006,-0.007,0.710,0,0,2912,0,3087,589,2981,2936,43,1.002,1,2242,0,90.771,1.727,20.813,-88.250,-4.250,-0.059,0.105,1.207,-1.496,-0.863,1.688,0.032,0.058,1.235,1.383,3,NULL,NULL,,3,0,2,7,255,1406,250,0,0
stim,201660,231781,1,231781,3429094.455,-0.704,0.010,-0.009,0.710,0,0,2900,0,3098,490,2983,2923,43,1.002,1,2242,0,92.238,1.727,12.125,-91.438,0.188,0.027,0.027,1.246,-1.496,-0.863,1.977,0.030,0.062,1.235,1.383,3,NULL,NULL,,3,1,2,7,255,1406,250,0,0
stim,201660,231781,1,231781,3429099.454,-0.704,0.013,-0.012,0.710,0,0,2879,0,3100,359,2991,2907,43,1.002,1,2242,0,95.321,1.100,0.563,-94.438,12.938,0.027,0.063,1.219,-1.082,-0.199,2.113,0.028,0.066,1.235,1.383,3,NULL,NULL,,3,1,2,7,255,1406,250,0,0
stim,201660,231781,1,231781,3429104.455,-0.703,0.016,-0.015,0.711,0,0,2867,0,3093,219,2986,2895,43,1.002,1,2242,0,100.048,1.100,-6.125,-97.875,19.813,-0.027,0.137,1.172,-1.082,-0.199,2.113,0.026,0.070,1.235,1.383,3,NULL,NULL,,3,1,2,7,255,1406,250,0,0
stim,201660,231781,1,231781,3429109.454,-0.702,0.018,-0.018,0.712,0,0,2847,0,3093,155,2991,2877,43,1.002,1,2242,0,103.924,1.973,-6.000,-101.938,19.313,-0.059,0.148,1.152,-1.785,-0.840,1.613,0.022,0.072,1.235,1.383,3,NULL,NULL,,3,1,2,7,255,1406,250,0,0
stim,201660,231781,1,231781,3429114.455,-0.702,0.022,-0.022,0.712,0,0,2833,0,3093,75,2996,2861,43,1.002,1,2242,0,107.081,2.108,-4.313,-105.938,15.000,-0.035,0.113,1.160,-1.785,-1.121,1.469,0.018,0.076,1.235,1.383,3,NULL,NULL,,3,1,2,7,255,1406,250,0,0
stim,201679,231800,1,231800,3429119.454,-0.701,0.025,-0.025,0.712,0,0,2808,0,3090,37,2999,2845,43,1.002,1,2242,0,111.033,1.904,-4.813,-109.875,15.250,0.008,0.086,1.191,-1.539,-1.121,1.469,0.014,0.078,1.235,1.383,3,NULL,NULL,,3,1,2,7,255,1406,250,0,0
stim,201679,231800,1,231800,3429124.455,-0.700,0.028,-0.029,0.713,0,0,2779,0,3091,3,3003,2824,43,1.002,1,2242,0,116.845,1.529,-11.438,-113.688,24.438,0.039,0.074,1.281,-1.285,-0.828,1.805,0.010,0.082,1.235,1.383,3,NULL,NULL,,3,1,2,7,255,1406,250,0,0
stim,201679,231800,1,231800,3429129.454,-0.699,0.031,-0.033,0.714,0,0,2751,0,3090,0,3004,2799,43,1.002,1,2242,0,124.236,1.464,-24.563,-116.438,35.688,-0.012,0.063,1.316,-1.207,-0.828,2.719,0.008,0.084,1.235,1.383,3,NULL,NULL,,3,1,2,7,255,1406,250,0,0
stim,201679,231800,1,231800,3429134.455,-0.697,0.034,-0.037,0.715,0,0,2713,0,3051,0,3007,2775,43,1.002,1,2242,0,128.050,1.802,-27.188,-120.063,35.250,-0.098,0.070,1.297,-1.188,-1.355,2.719,0.008,0.088,1.235,1.383,3,NULL,NULL,,3,1,2,7,255,1406,250,0,0
stim,201709,231830,1,231830,3429139.454,-0.696,0.037,-0.042,0.716,0,0,2671,0,3083,0,3013,2741,43,1.002,1,2242,0,131.265,2.475,-28.500,-124.750,29.250,-0.066,0.113,1.316,-1.188,-2.172,2.875,0.010,0.090,1.235,1.383,3,NULL,NULL,,3,1,2,7,255,1406,250,0,0
stim,201709,231830,1,231830,3429144.455,-0.695,0.040,-0.046,0.717,0,0,2636,0,3081,0,3013,2702,43,1.002,1,2242,0,135.759,2.755,-30.000,-129.313,28.438,-0.094,0.098,1.363,-1.527,-2.293,2.875,0.018,0.096,1.235,1.383,3,NULL,NULL,,3,1,2,7,255,1406,250,0,0
stim,201709,231830,1,231830,3429149.454,-0.693,0.043,-0.051,0.718,0,0,2596,0,3067,0,3007,2663,43,1.002,1,2242,0,143.527,3.030,-25.000,-136.688,35.938,-0.137,0.031,1.465,-1.527,-2.617,3.293,0.026,0.102,1.235,1.383,3,NULL,NULL,,3,1,2,7,255,1406,250,0,0
stim,201709,231830,1,231830,3429154.455,-0.692,0.046,-0.056,0.718,0,0,2551,0,3065,0,3007,2617,43,1.002,1,2242,0,150.765,3.538,-33.625,-143.688,30.875,-0.133,0.063,1.547,-1.293,-3.293,4.211,0.036,0.106,1.235,1.383,3,NULL,NULL,,3,1,2,7,255,1406,250,0,0
stim,201747,231868,1,231868,3429159.454,-0.690,0.049,-0.062,0.719,0,0,2505,0,3059,0,3006,2568,43,1.002,1,2242,0,163.067,3.685,-44.625,-153.438,32.500,-0.285,-0.023,1.484,-0.926,-3.566,4.211,0.046,0.114,1.235,1.383,3,NULL,NULL,,3,1,2,7,255,1406,250,0,0
stim,201747,231868,1,231868,3429164.455,-0.689,0.053,-0.068,0.719,0,0,2443,0,3033,0,3001,2494,43,1.002,1,2242,0,170.502,4.972,-41.438,-163.938,21.875,-0.223,0.098,1.516,-1.293,-4.801,4.391,0.054,0.120,1.235,1.383,3,NULL,NULL,,3,1,2,7,255,1406,250,0,0
stim,201747,231868,1,231868,3429169.454,-0.688,0.057,-0.075,0.719,0,0,2377,0,3044,0,3007,2409,43,1.002,1,2242,0,182.305,5.045,-57.063,-172.438,15.625,-0.207,0.074,1.500,-1.500,-4.816,4.176,0.064,0.128,1.235,1.383,3,NULL,NULL,,3,1,2,7,255,1406,250,0,0
stim,201747,231868,1,231868,3429174.455,-0.687,0.061,-0.083,0.719,0,0,2303,0,3033,0,2990,2321,43,1.002,1,2242,0,192.399,5.078,-57.313,-183.125,14.063,-0.152,0.129,1.555,-1.656,-4.801,4.391,0.072,0.136,1.235,1.383,3,NULL,NULL,,3,1,2,7,255,1406,250,0,0
stim,201747,231868,1,231868,3429179.454,-0.686,0.065,-0.091,0.719,0,0,2224,0,3020,0,2979,2233,43,1.002,1,2242,0,209.283,5.045,-70.125,-195.625,24.750,-0.215,0.039,1.543,-1.500,-4.816,4.418,0.082,0.146,1.235,1.383,3,NULL,NULL,,3,1,2,7,255,1406,250,0,0
stim,201747,231868,1,231868,3429184.455,-0.684,0.069,-0.099,0.719,0,0,2157,0,3013,5,2963,2105,43,1.002,1,2242,0,216.945,5.646,-70.750,-204.563,14.625,-0.293,0.055,1.574,-1.508,-5.441,4.438,0.092,0.158,1.235,1.383,3,NULL,NULL,,3,1,2,7,255,1406,250,0,0
stim,201747,231868,1,231868,3429189.454,-0.683,0.073,-0.108,0.719,0,0,2080,0,2991,5,2939,2011,43,1.002,1,2242,0,232.388,6.692,-75.688,-219.250,14.313,-0.340,0.047,1.637,-1.508,-6.520,4.438,0.104,0.170,1.235,1.383,3,NULL,NULL,,3,1,2,7,255,1406,250,0,0
stim,201747,231868,1,231868,3429194.455,-0.682,0.078,-0.118,0.718,0,0,1997,0,2939,33,2919,1909,43,1.002,1,2242,0,247.716,7.547,-82.625,-233.500,3.750,-0.371,0.027,1.652,-1.508,-7.395,4.680,0.114,0.184,1.235,1.383,3,NULL,NULL,,3,1,2,7,255,1406,250,0,0
stim,201776,231897,1,231897,3429199.454,-0.680,0.083,-0.128,0.717,0,0,1899,0,2959,39,2899,1833,43,1.002,1,2242,0,262.036,7.987,-86.063,-247.500,-0.250,-0.328,0.035,1.613,-1.547,-7.836,4.680,0.128,0.200,1.235,1.383,3,NULL,NULL,,3,1,2,7,255,1406,250,0,0
stim,201776,231897,1,231897,3429204.455,-0.679,0.089,-0.138,0.716,0,0,1799,0,2932,43,2843,1783,43,1.002,1,2242,0,276.943,8.137,-81.875,-264.563,0.625,-0.293,0.117,1.648,-1.590,-7.980,4.410,0.144,0.220,1.235,1.383,3,NULL,NULL,,3,1,2,7,255,1406,250,0,0
stim,201776,231897,1,231897,3429209.454,-0.677,0.096,-0.149,0.714,0,0,1705,0,2907,41,2791,1703,43,1.002,1,2242,0,289.440,8.369,-69.125,-281.063,1.125,-0.266,0.188,1.746,-2.520,-7.980,4.410,0.160,0.240,1.235,1.383,3,NULL,NULL,,3,1,2,7,255,1406,250,0,0
stim,201776,231897,1,231897,3429214.455,-0.675,0.103,-0.159,0.713,0,0,1621,0,2869,37,2723,1629,43,1.002,1,2242,0,302.204,9.077,-58.438,-296.500,-0.313,-0.273,0.215,1.961,-3.387,-8.422,5.098,0.182,0.266,1.235,1.383,3,NULL,NULL,,3,1,2,7,255,1406,250,0,0
stim,201776,231897,1,231897,3429219.454,-0.673,0.111,-0.171,0.711,0,0,1549,0,2835,28,2633,1544,43,1.002,1,2242,0,319.024,10.419,-68.000,-311.688,-1.750,-0.305,0.340,2.215,-3.895,-9.664,6.746,0.206,0.292,1.235,1.383,3,NULL,NULL,,3,1,2,7,255,1406,250,0,0
stim,201776,231897,1,231897,3429224.455,-0.671,0.119,-0.183,0.709,0,0,1459,0,2772,7,2521,1467,43,1.002,1,2242,0,332.206,11.798,-72.250,-324.188,-6.563,-0.176,0.262,2.215,-4.844,-10.758,8.488,0.232,0.320,1.235,1.383,3,NULL,NULL,,3,1,2,7,255,1406,250,0,0
stim,201776,231897,1,231897,3429229.454,-0.668,0.127,-0.194,0.707,0,0,1341,0,2719,0,2395,1363,43,1.002,1,2242,0,337.547,12.639,-57.875,-332.375,-10.750,-0.168,0.375,2.484,-5.445,-11.406,8.746,0.260,0.350,1.235,1.383,3,NULL,NULL,,3,1,2,7,255,1406,250,0,0
stim,201776,231897,1,231897,3429234.455,-0.666,0.135,-0.207,0.704,0,0,1183,0,2638,0,2223,1271,43,1.002,1,2242,0,353.487,13.921,-94.750,-340.313,-12.750,-0.203,0.633,2.590,-6.285,-12.422,10.594,0.292,0.382,1.235,1.383,3,NULL,NULL,,3,1,2,7,255,1406,250,0,0
stim,201799,231920,1,231920,3429239.454,-0.664,0.141,-0.221,0.701,0,0,1039,0,2540,0,2009,1162,43,1.002,1,2242,0,373.289,16.077,-142.750,-344.688,-12.563,-0.234,0.578,2.375,-8.465,-13.668,10.594,0.326,0.418,1.235,1.383,3,NULL,NULL,,3,1,2,7,255,1406,250,0,0
stim,201799,231920,1,231920,3429244.455,-0.661,0.147,-0.236,0.697,0,0,877,0,2436,0,1751,1052,43,1.002,1,2242,0,390.892,16.077,-165.875,-353.875,-7.375,-0.230,0.230,2.035,-8.465,-13.668,8.211,0.362,0.456,1.235,1.383,3,NULL,NULL,,3,1,2,7,255,1406,250,0,0
stim,201799,231920,1,231920,3429249.454,-0.658,0.154,-0.252,0.693,0,0,697,0,2279,0,1439,959,43,1.002,1,2242,0,402.114,13.352,-159.938,-368.938,-0.688,-0.129,-0.176,1.652,-4.875,-12.430,5.418,0.402,0.496,1.235,1.383,3,NULL,NULL,,3,1,2,7,255,1406,250,0,0
stim,201799,231920,1,231920,3429254.455,-0.654,0.162,-0.267,0.689,0,0,468,0,2065,0,1051,845,43,1.002,1,2242,0,403.836,10.083,-127.188,-383.250,5.125,0.000,-0.363,1.348,-0.707,-10.059,3.070,0.444,0.540,1.235,1.383,3,NULL,NULL,,3,1,2,7,255,1406,250,0,0
stim,201854,231975,1,231975,3429259.454,-0.649,0.171,-0.281,0.686,0,0,359,0,1865,0,586,727,43,1.002,1,2242,0,399.652,7.767,-80.313,-391.375,9.875,0.195,-0.270,1.133,0.512,-7.750,1.422,0.490,0.586,1.235,1.383,3,NULL,NULL,,3,1,2,7,255,1406,250,0,0
stim,201854,231975,1,231975,3429264.455,-0.644,0.182,-0.292,0.683,0,0,251,0,1608,0,215,559,43,1.002,1,2242,0,399.107,5.341,-15.625,-398.750,6.375,0.383,-0.152,1.168,0.512,-5.316,1.422,0.538,0.636,1.235,1.383,3,NULL,NULL,,3,1,2,7,255,1406,250,0,0
stim,201854,231975,1,231975,3429269.454,-0.637,0.195,-0.302,0.682,0,0,207,0,1283,0,1,466,43,1.002,1,2242,0,410.987,5.382,63.688,-405.750,14.875,0.285,0.012,1.414,-0.836,-5.316,1.492,0.592,0.692,1.235,1.383,3,NULL,NULL,,3,1,2,7,255,1406,250,0,0
stim,201854,231975,1,231975,3429274.455,-0.629,0.210,-0.310,0.681,0,0,119,0,965,0,0,371,43,1.002,1,2242,0,424.324,7.574,119.375,-406.000,31.063,0.113,0.145,1.965,-2.570,-7.125,2.180,0.652,0.752,1.235,1.383,3,NULL,NULL,,3,1,2,7,255,1406,250,0,0
stim,201854,231975,1,231975,3429279.454,-0.620,0.222,-0.321,0.680,0,0,115,0,485,0,0,299,43,1.002,1,2242,0,419.753,13.175,48.875,-409.500,78.188,0.004,0.105,2.488,-4.188,-12.492,4.445,0.718,0.818,1.235,1.383,3,NULL,NULL,,3,1,2,7,255,1406,250,0,0
stim,201854,231975,1,231975,3429284.455,-0.610,0.232,-0.334,0.680,0,0,109,0,185,0,0,185,43,1.002,1,2242,0,440.866,17.895,-35.938,-416.938,138.688,-0.305,0.090,2.309,-4.188,-17.398,4.445,0.788,0.888,1.235,1.383,3,NULL,NULL,,3,1,2,7,255,1406,250,0,0
stim,201854,231975,1,231975,3429289.454,-0.600,0.238,-0.350,0.679,0,0,100,0,0,0,0,88,43,1.002,1,2242,0,462.328,17.895,-114.125,-414.438,170.188,-0.496,0.445,1.797,-4.188,-17.398,2.887,0.854,0.956,1.235,1.383,3,NULL,NULL,,3,1,2,7,255,1406,250,0,0
stim,201854,231975,1,231975,3429294.455,-0.591,0.243,-0.367,0.676,0,0,86,0,0,0,0,47,43,1.002,1,2242,0,450.376,17.651,-152.063,-398.813,143.750,-0.578,1.012,1.188,-5.809,-16.668,-3.156,0.914,1.018,1.235,1.383,4,NULL,NULL,,3,1,2,7,255,1406,250,0,0
stim,201854,231975,1,231975,3429299.454,-0.583,0.249,-0.382,0.673,0,0,71,0,0,0,0,25,43,1.002,1,2242,0,417.555,16.389,-142.750,-378.688,102.813,-0.531,1.383,1.012,-10.277,-12.766,-9.324,0.966,1.070,1.235,1.383,0,NULL,NULL,,3,1,2,7,255,1406,250,0,0
stim,201854,231975,1,231975,3429304.455,-0.575,0.254,-0.396,0.669,0,0,67,0,0,0,0,16,43,1.002,1,2242,0,400.579,18.175,-144.625,-363.438,86.375,-0.602,1.293,1.254,-12.938,-12.766,-10.973,1.004,1.110,1.235,1.383,0,NULL,NULL,,3,1,2,7,255,1406,250,0,0
stim,201873,231994,1,231994,3429309.454,-0.568,0.257,-0.412,0.664,0,0,84,0,0,0,0,13,43,1.002,1,2242,0,409.729,18.696,-191.563,-347.750,101.250,-0.660,0.863,1.434,-12.938,-13.496,-10.973,1.046,1.152,1.235,1.383,0,NULL,NULL,,3,1,2,7,255,1406,250,0,0
stim,201873,231994,1,231994,3429314.455,-0.563,0.259,-0.428,0.658,0,0,78,0,0,0,0,29,43,1.002,1,2242,0,424.893,16.228,-255.500,-330.438,77.875,-0.434,0.469,1.250,-9.012,-13.496,-10.016,1.092,1.200,1.235,1.383,0,NULL,NULL,,3,1,2,7,255,1406,250,0,0
stim,201873,231994,1,231994,3429319.454,-0.559,0.260,-0.443,0.651,0,0,85,0,0,0,0,55,43,1.002,1,2242,0,383.005,13.788,-259.750,-281.000,16.188,-0.152,-0.074,0.961,-5.605,-12.598,-8.617,1.150,1.258,1.235,1.383,0,NULL,NULL,,3,1,2,7,255,1406,250,0,0
stim,201873,231994,1,231994,3429324.455,-0.556,0.261,-0.455,0.644,0,0,79,0,0,0,0,93,43,1.002,1,2242,0,325.407,9.019,-213.250,-245.188,17.250,-0.086,-0.234,0.965,-0.785,-8.984,-6.477,1.218,1.330,1.235,1.383,0,NULL,NULL,,3,1,2,7,255,1406,250,0,0
stim,201873,231994,1,231994,3429329.454,-0.554,0.261,-0.466,0.639,0,0,78,0,0,0,0,123,43,1.002,1,2242,0,288.729,9.019,-198.188,-207.813,30.000,-0.246,0.023,1.195,-0.785,-8.984,-6.477,1.294,1.406,1.235,1.383,0,NULL,NULL,,3,1,2,7,255,1406,250,0,0
stim,201873,231994,1,231994,3429334.455,-0.552,0.260,-0.476,0.633,0,0,79,0,0,0,0,145,43,1.002,1,2242,0,286.810,10.927,-236.625,-161.375,15.063,-0.355,0.223,1.066,-2.180,-10.707,-7.000,1.372,1.484,1.235,1.383,0,NULL,NULL,,3,1,2,7,255,1406,250,0,0
stim,201904,232025,1,232025,3429339.454,-0.553,0.256,-0.487,0.626,0,0,75,0,0,0,0,143,43,1.002,1,2242,0,296.707,11.302,-277.188,-105.750,-4.375,-0.215,0.340,0.555,-3.617,-10.707,-9.313,1.454,1.568,1.235,1.383,0,NULL,NULL,,3,1,2,7,255,1406,250,0,0
stim,201904,232025,0,232025,3429344.455,-0.555,0.250,-0.495,0.619,0,0,71,0,0,0,0,143,43,1.002,1,2242,0,278.558,6.544,-274.750,-45.875,1.563,0.020,0.367,-0.090,-3.617,-5.453,-10.633,1.540,1.652,1.235,1.383,0,NULL,NULL,,3,0,2,7,255,1405,250,0,0
stim,201904,232025,0,232025,3429349.454,-0.557,0.245,-0.501,0.615,0,0,67,0,0,0,0,153,43,1.002,1,2242,0,216.195,3.507,-215.313,8.750,17.438,0.055,0.398,-0.535,-3.262,1.289,-11.219,1.622,1.736,1.235,1.383,0,NULL,NULL,,3,0,2,7,255,1405,250,0,0
stim,201904,232025,0,232025,3429354.455,-0.559,0.239,-0.504,0.613,0,0,63,0,0,0,0,146,43,1.002,1,2242,0,151.534,5.887,-139.000,55.688,23.250,0.027,0.324,-0.582,-2.313,5.414,-12.691,1.702,1.814,1.235,1.383,0,NULL,NULL,,3,0,2,7,255,1405,250,0,0
stim,201904,232025,0,232025,3429359.454,-0.562,0.234,-0.504,0.613,0,0,61,0,0,0,0,115,43,1.002,1,2242,0,125.414,5.580,-77.438,95.688,24.000,0.004,0.109,-0.555,-1.352,5.414,-12.691,1.768,1.880,1.235,1.383,0,NULL,NULL,,3,0,2,7,255,1405,250,0,0
stim,201904,232025,0,232025,3429364.455,-0.564,0.229,-0.502,0.615,0,0,61,0,0,0,0,112,43,1.002,1,2242,0,137.334,4.933,-34.938,127.375,37.625,0.039,-0.148,-0.398,0.613,4.895,-12.211,1.826,1.940,1.235,1.383,0,NULL,NULL,,3,0,2,7,255,1405,250,0,0
stim,201949,232070,0,232070,3429369.454,-0.566,0.224,-0.499,0.617,0,0,57,0,0,0,0,109,43,1.002,1,2242,0,166.782,4.333,-8.813,152.313,67.375,-0.023,-0.203,-0.488,2.355,3.637,-11.129,1.880,1.994,1.235,1.383,0,NULL,NULL,,3,0,2,7,255,1405,250,0,0
stim,201949,232070,0,232070,3429374.455,-0.567,0.218,-0.494,0.622,0,0,57,0,0,0,0,104,43,1.002,1,2242,0,196.170,4.378,44.063,169.438,88.500,-0.156,-0.043,-0.559,2.438,3.637,-11.129,1.924,2.040,1.235,1.383,0,NULL,NULL,,3,0,2,7,255,1405,250,0,0
stim,201949,232070,0,232070,3429379.454,-0.568,0.214,-0.487,0.628,0,0,54,0,0,0,0,105,43,1.002,1,2242,0,228.628,4.378,100.500,183.563,92.063,-0.293,0.125,-0.367,2.438,3.637,-13.152,1.952,2.070,1.235,1.383,0,NULL,NULL,,3,0,2,7,255,1405,250,0,0
stim,201949,232070,0,232070,3429384.455,-0.568,0.210,-0.480,0.635,0,0,54,0,0,0,0,93,43,1.002,1,2242,0,255.694,1.863,136.688,194.938,93.250,-0.309,0.141,-0.145,0.691,1.730,-13.426,1.968,2.084,1.235,1.383,0,NULL,NULL,,3,0,2,7,255,1405,250,0,0
stim,201949,232070,0,232070,3429389.454,-0.568,0.206,-0.471,0.643,0,0,39,0,0,0,0,83,43,1.002,1,2242,0,278.468,0.292,157.938,206.125,100.563,-0.375,0.148,0.066,-0.102,-0.273,-13.426,1.968,2.086,1.235,1.383,0,NULL,NULL,,3,0,2,7,255,1405,250,0,0
stim,201949,232070,0,232070,3429394.455,-0.569,0.202,-0.462,0.650,0,0,30,0,0,0,0,77,43,1.002,1,2242,0,292.297,2.476,168.188,215.375,103.750,-0.492,0.152,0.258,-0.613,-2.398,-13.027,1.956,2.074,1.235,1.383,0,NULL,NULL,,3,0,2,7,255,1405,250,0,0
stim,201949,232070,0,232070,3429399.454,-0.569,0.198,-0.452,0.658,0,0,26,0,0,0,0,71,43,1.002,1,2242,0,300.098,4.744,173.438,223.250,100.688,-0.582,0.141,0.410,-0.867,-4.664,-12.980,1.942,2.060,1.235,1.383,0,NULL,NULL,,3,0,2,7,255,1405,250,0,0
stim,201949,232070,0,232070,3429404.455,-0.570,0.194,-0.442,0.666,0,0,23,0,0,0,0,68,43,1.002,1,2242,0,302.821,6.543,176.313,229.063,90.250,-0.691,0.152,0.539,-0.930,-6.477,-12.762,1.928,2.048,1.235,1.383,0,NULL,NULL,,3,0,2,7,255,1405,250,0,0
stim,201971,232092,0,232092,3429409.454,-0.571,0.191,-0.431,0.672,0,0,29,0,0,0,0,69,43,1.002,1,2242,0,303.094,8.264,179.438,234.813,67.313,-0.754,0.145,0.656,-1.035,-8.199,-12.758,1.916,2.036,1.235,1.383,0,NULL,NULL,,3,0,2,7,255,1405,250,0,0
stim,201971,232092,0,232092,3429414.455,-0.573,0.187,-0.420,0.678,0,0,33,0,0,0,0,59,43,1.002,1,2242,0,299.930,9.641,172.188,242.563,38.375,-0.730,0.141,0.859,-1.066,-9.582,-12.383,1.908,2.030,1.235,1.383,0,NULL,NULL,,3,0,2,7,255,1405,250,0,0
stim,201971,232092,0,232092,3429419.454,-0.576,0.183,-0.409,0.683,0,0,29,0,0,0,0,61,43,1.002,1,2242,0,296.383,11.168,151.813,254.063,15.750,-0.676,0.113,1.047,-1.559,-11.059,-10.813,1.906,2.028,1.235,1.383,0,NULL,NULL,,3,0,2,7,255,1405,250,0,0
stim,201971,232092,0,232092,3429424.455,-0.580,0.178,-0.399,0.687,0,0,29,0,0,0,0,59,43,1.002,1,2242,0,291.826,12.314,121.125,265.500,1.000,-0.648,0.133,1.184,-1.918,-12.164,-8.992,1.908,2.032,1.235,1.383,0,NULL,NULL,,3,0,2,7,255,1405,250,0,0
stim,201994,232115,0,232115,3429429.454,-0.585,0.173,-0.389,0.691,0,0,37,0,0,0,0,67,43,1.002,1,2242,0,290.882,13.182,88.875,276.688,-12.563,-0.641,0.160,1.207,-2.488,-12.945,-7.734,1.924,2.048,1.235,1.383,0,NULL,NULL,,3,0,2,7,255,1405,250,0,0
stim,201994,232115,0,232115,3429434.455,-0.591,0.166,-0.380,0.692,0,0,24,0,0,0,0,69,43,1.002,1,2242,0,295.002,13.322,60.375,286.313,-37.500,-0.664,0.160,1.203,-2.859,-13.012,-7.293,1.946,2.072,1.235,1.383,0,NULL,NULL,,3,0,2,7,255,1405,250,0,0
stim,201994,232115,0,232115,3429439.454,-0.597,0.160,-0.370,0.693,0,0,13,0,0,0,0,77,43,1.002,1,2242,0,304.378,13.323,36.250,294.563,-67.563,-0.578,0.152,1.180,-2.863,-13.012,-7.129,1.976,2.102,1.235,1.383,0,NULL,NULL,,3,0,2,7,255,1405,250,0,0
stim,201994,232115,0,232115,3429444.455,-0.605,0.153,-0.361,0.693,0,0,12,0,0,0,0,106,43,1.002,1,2242,0,314.539,12.578,14.875,302.188,-86.000,-0.398,0.102,1.102,-2.918,-12.234,-6.402,2.014,2.140,1.235,1.383,0,NULL,NULL,,3,0,2,7,255,1405,250,0,0
stim,201994,232115,0,232115,3429449.454,-0.613,0.145,-0.353,0.692,0,0,9,0,0,0,0,116,43,1.002,1,2242,0,321.243,10.676,-0.125,308.250,-90.438,-0.313,0.016,0.965,-2.918,-10.270,-5.324,2.062,2.192,1.235,1.383,0,NULL,NULL,,3,0,2,7,255,1405,250,0,0
stim,201994,232115,0,232115,3429454.455,-0.621,0.137,-0.344,0.691,0,0,11,0,0,0,0,123,43,1.002,1,2242,0,330.928,8.878,-4.938,315.000,-101.313,-0.305,0.035,0.852,-2.055,-8.637,-5.324,2.116,2.246,1.235,1.383,0,NULL,NULL,,3,0,2,7,255,1405,250,0,0
stim,202046,232167,0,232167,3429459.455,-0.629,0.129,-0.334,0.690,0,0,12,0,0,0,0,125,43,1.002,1,2242,0,339.383,7.961,-1.250,321.188,-109.625,-0.152,0.082,0.742,-2.055,-7.691,-5.617,2.174,2.306,1.235,1.383,0,NULL,NULL,,3,0,2,7,255,1405,250,0,0
stim,202046,232167,0,232167,3429464.455,-0.637,0.122,-0.325,0.688,0,0,16,0,0,0,0,142,43,1.002,1,2242,0,342.008,6.123,9.250,324.563,-107.438,-0.129,0.063,0.648,-2.207,-5.711,-5.777,2.234,2.368,1.235,1.383,0,NULL,NULL,,3,0,2,7,255,1405,250,0,0
stim,202046,232167,0,232167,3429469.454,-0.646,0.114,-0.314,0.687,0,0,16,0,0,0,0,155,43,1.002,1,2242,0,354.079,5.341,24.500,330.938,-123.500,-0.051,0.000,0.598,-2.207,-4.863,-5.617,2.294,2.428,1.235,1.383,0,NULL,NULL,,3,0,2,7,255,1405,250,0,0
stim,202046,232167,0,232167,3429474.455,-0.654,0.107,-0.303,0.685,0,0,14,0,0,0,0,155,43,1.002,1,2242,0,358.515,4.194,46.875,333.500,-122.938,0.203,-0.137,0.477,-1.641,-3.859,-5.586,2.348,2.484,1.235,1.383,0,NULL,NULL,,3,0,2,7,255,1405,250,0,0
stim,202046,232167,0,232167,3429479.454,-0.661,0.101,-0.290,0.685,0,0,12,0,0,0,0,163,43,1.002,1,2242,0,357.317,1.754,83.688,334.313,-94.375,0.273,-0.027,0.484,-1.398,-1.059,-4.672,2.402,2.538,1.235,1.383,0,NULL,NULL,,3,0,2,7,255,1405,250,0,0
stim,202046,232167,0,232167,3429484.455,-0.667,0.096,-0.277,0.685,0,0,16,0,0,0,0,169,43,1.002,1,2242,0,362.603,1.545,118.188,334.313,-75.813,0.270,0.086,0.590,-1.398,-0.656,-4.547,2.446,2.584,1.235,1.383,0,NULL,NULL,,3,0,2,7,255,1405,250,0,0
stim,202046,232167,0,232167,3429489.454,-0.673,0.091,-0.262,0.686,0,0,16,0,0,0,0,175,43,1.002,1,2242,0,366.980,2.732,141.875,332.938,-60.813,0.227,0.063,0.707,-2.652,-0.656,-3.988,2.486,2.626,1.235,1.383,0,NULL,NULL,,3,0,2,7,255,1405,250,0,0
stim,202046,232167,0,232167,3429494.455,-0.677,0.086,-0.248,0.687,0,0,10,0,0,0,0,167,43,1.002,1,2242,0,372.859,3.021,157.188,334.500,-49.250,0.234,0.082,0.781,-2.676,-1.402,-3.125,2.522,2.662,1.235,1.383,0,NULL,NULL,,3,0,2,7,255,1405,250,0,0
stim,202080,232201,0,232201,3429499.454,-0.682,0.082,-0.232,0.689,0,0,11,0,0,0,0,167,43,1.002,1,2242,0,379.131,3.022,179.250,332.563,-31.813,0.219,0.063,0.801,-2.652,-1.449,-2.430,2.552,2.694,1.235,1.383,0,NULL,NULL,,3,0,2,7,255,1405,250,0,0
stim,202080,232201,0,232201,3429504.455,-0.685,0.078,-0.216,0.691,0,0,9,0,0,0,0,167,43,1.002,1,2242,0,387.903,3.253,198.438,332.500,-23.125,0.066,0.180,0.969,-2.895,-1.484,-2.195,2.576,2.720,1.235,1.383,0,NULL,NULL,,3,0,2,7,255,1405,250,0,0
stim,202080,232201,0,232201,3429509.454,-0.688,0.075,-0.200,0.693,0,0,10,0,0,0,0,167,43,1.002,1,2242,0,393.563,5.062,212.000,330.563,-26.000,0.027,0.211,1.207,-3.906,-3.219,-1.508,2.600,2.742,1.235,1.383,0,NULL,NULL,,3,0,2,7,255,1405,250,0,0
stim,202080,232201,0,232201,3429514.455,-0.692,0.072,-0.183,0.695,0,0,15,0,0,0,0,168,43,1.002,1,2242,0,391.237,5.961,209.313,329.813,-21.875,0.020,0.172,1.363,-4.223,-4.207,0.574,2.620,2.764,1.235,1.383,0,NULL,NULL,,3,0,2,7,255,1405,250,0,0
stim,202080,232201,0,232201,3429519.454,-0.694,0.068,-0.167,0.697,0,0,13,0,0,0,0,167,43,1.002,1,2242,0,385.998,6.386,203.188,327.813,-15.750,0.039,0.207,1.559,-4.492,-4.539,2.207,2.636,2.782,1.235,1.383,0,NULL,NULL,,3,0,2,7,255,1405,250,0,0
stim,202080,232201,0,232201,3429524.455,-0.696,0.064,-0.152,0.698,0,0,11,0,0,0,0,165,43,1.002,1,2242,0,373.939,6.268,183.750,325.625,-5.875,-0.039,0.164,1.645,-4.223,-4.633,4.191,2.654,2.798,1.235,1.383,0,NULL,NULL,,3,0,2,7,255,1405,250,0,0
stim,202081,232202,0,232202,3429529.454,-0.699,0.059,-0.137,0.700,0,0,12,0,0,0,0,164,43,1.002,1,2242,0,363.151,6.945,163.938,323.813,-12.188,-0.051,0.273,1.750,-4.652,-5.156,5.023,2.670,2.816,1.235,1.383,0,NULL,NULL,,3,0,2,7,255,1405,250,0,0
stim,202081,232202,0,232202,3429534.455,-0.701,0.054,-0.123,0.701,0,0,13,0,0,0,0,167,43,1.002,1,2242,0,349.568,6.623,139.813,320.063,-14.500,-0.059,0.195,1.730,-4.156,-5.156,6.020,2.686,2.834,1.235,1.383,0,NULL,NULL,,3,0,2,7,255,1405,250,0,0
stim,202105,232227,0,232227,3429539.454,-0.703,0.048,-0.109,0.701,0,0,11,0,0,0,0,169,43,1.002,1,2242,0,340.001,6.326,123.250,316.063,-22.688,-0.023,0.215,1.734,-4.156,-4.770,6.094,2.708,2.856,1.235,1.383,0,NULL,NULL,,3,0,2,7,255,1405,250,0,0
stim,202105,232227,0,232227,3429544.455,-0.705,0.042,-0.096,0.701,0,0,11,0,0,0,0,173,43,1.002,1,2242,0,331.522,5.741,110.875,311.625,-22.438,0.039,0.094,1.699,-4.152,-3.965,6.352,2.730,2.878,1.235,1.383,0,NULL,NULL,,3,0,2,7,255,1405,250,0,0
stim,202105,232227,0,232227,3429549.454,-0.707,0.036,-0.084,0.701,0,0,16,0,0,0,0,171,43,1.002,1,2242,0,320.659,4.223,89.813,307.375,-16.625,0.059,0.141,1.660,-3.090,-2.879,6.352,2.756,2.904,1.235,1.383,0,NULL,NULL,,3,0,2,7,255,1405,250,0,0
stim,202105,232227,0,232227,3429554.455,-0.709,0.029,-0.072,0.701,0,0,10,0,0,0,0,171,43,1.002,1,2242,0,311.891,3.542,79.313,301.313,-14.000,0.035,0.102,1.570,-2.789,-2.184,6.113,2.784,2.934,1.235,1.383,0,NULL,NULL,,3,0,2,7,255,1405,250,0,0
stim,202105,232227,0,232227,3429559.454,-0.711,0.022,-0.060,0.701,0,0,10,0,0,0,0,181,43,1.002,1,2242,0,305.486,3.111,74.375,295.813,-16.875,0.059,0.082,1.414,-2.488,-1.867,5.336,2.816,2.966,1.235,1.383,0,NULL,NULL,,3,0,2,7,255,1405,250,0,0
stim,202106,232227,0,232227,3429564.455,-0.712,0.016,-0.048,0.701,0,0,16,0,0,0,0,181,43,1.002,1,2242,0,300.755,2.306,81.000,289.438,-10.875,0.066,0.051,1.406,-2.043,-1.070,3.902,2.848,2.998,1.235,1.383,0,NULL,NULL,,3,0,2,7,255,1405,250,0,0
stim,202159,232280,0,232280,3429569.454,-0.713,0.010,-0.037,0.700,0,0,11,0,0,0,0,183,43,1.002,1,2242,0,298.173,1.771,87.188,284.875,-12.313,0.082,0.059,1.379,-1.652,-0.637,3.895,2.882,3.034,1.235,1.383,0,NULL,NULL,,3,0,2,7,255,1405,250,0,0
stim,202159,232280,0,232280,3429574.455,-0.714,0.005,-0.025,0.700,0,0,9,0,0,0,0,185,43,1.002,1,2242,0,294.312,1.572,95.875,278.250,-2.063,0.059,0.020,1.422,-1.566,-0.137,3.902,2.914,3.066,1.235,1.383,0,NULL,NULL,,3,0,2,7,255,1405,250,0,0
stim,202159,232280,0,232280,3429579.454,-0.714,-0.000,-0.014,0.700,0,0,8,0,0,0,0,173,43,1.002,1,2242,0,290.445,1.568,99.938,272.688,3.500,0.043,0.090,1.441,-1.566,-0.059,4.105,2.944,3.096,1.235,1.383,0,NULL,NULL,,3,0,2,7,255,1405,250,0,0
stim,202159,232280,0,232280,3429584.455,-0.714,-0.005,-0.002,0.700,0,0,11,0,0,0,0,175,43,1.002,1,2242,0,289.328,1.420,106.813,268.750,8.688,0.082,0.078,1.488,-1.414,0.129,4.266,2.974,3.126,1.235,1.383,0,NULL,NULL,,3,0,2,7,255,1405,250,0,0
stim,202159,232280,0,232280,3429589.454,-0.713,-0.009,0.010,0.701,0,0,13,0,0,0,0,173,43,1.002,1,2242,0,285.782,1.595,116.313,259.750,25.938,-0.035,0.109,1.473,-1.590,0.129,4.574,2.998,3.150,1.235,1.383,0,NULL,NULL,,3,0,2,7,255,1405,250,0,0
stim,202159,232280,0,232280,3429594.455,-0.713,-0.013,0.022,0.700,0,0,13,0,0,0,0,173,43,1.002,1,2242,0,285.110,1.590,126.438,255.188,13.438,-0.094,0.180,1.590,-1.590,0.035,4.746,3.018,3.170,1.235,1.383,0,NULL,NULL,,3,0,2,7,255,1405,250,0,0
stim,202159,232280,0,232280,3429599.454,-0.713,-0.016,0.034,0.700,0,0,11,0,0,0,0,169,43,1.002,1,2242,0,282.846,1.606,130.688,250.750,6.875,0.004,0.145,1.703,-1.605,0.035,5.746,3.036,3.190,1.235,1.383,0,NULL,NULL,,3,0,2,7,255,1405,250,0,0
stim,202159,232280,0,232280,3429604.455,-0.712,-0.020,0.045,0.700,0,0,12,0,0,0,0,167,43,1.002,1,2242,0,279.756,2.097,130.875,246.500,19.313,0.078,0.176,1.734,-1.703,1.223,6.816,3.050,3.206,1.235,1.383,0,NULL,NULL,,3,0,2,7,255,1405,250,0,0
stim,202159,232280,0,232280,3429609.454,-0.711,-0.023,0.057,0.700,0,0,11,0,0,0,0,166,43,1.002,1,2242,0,278.835,2.888,130.750,245.125,23.813,0.070,0.203,1.836,-1.703,2.332,7.066,3.064,3.218,1.235,1.383,0,NULL,NULL,,3,0,2,7,255,1405,250,0,0
stim,202159,232280,0,232280,3429614.455,-0.710,-0.026,0.069,0.700,0,0,12,0,0,0,0,163,43,1.002,1,2242,0,279.938,3.192,136.938,242.563,27.875,0.098,0.137,1.793,-1.703,2.699,7.496,3.076,3.230,1.235,1.383,0,NULL,NULL,,3,0,2,7,255,1405,250,0,0
stim,202181,232302,0,232302,3429619.454,-0.709,-0.029,0.081,0.700,0,0,13,0,0,0,0,159,43,1.002,1,2242,0,284.443,3.653,142.000,244.938,27.375,0.141,0.246,1.918,-1.668,3.250,8.012,3.086,3.242,1.235,1.383,0,NULL,NULL,,3,0,2,7,255,1405,250,0,0
stim,202181,232302,0,232302,3429624.455,-0.708,-0.032,0.092,0.700,0,0,16,0,0,0,0,160,43,1.002,1,2242,0,281.456,4.564,135.063,245.375,27.688,0.238,0.270,1.945,-1.664,4.250,8.625,3.096,3.252,1.235,1.383,0,NULL,NULL,,3,0,2,7,255,1405,250,0,0
stim,202181,232302,0,232302,3429629.454,-0.706,-0.035,0.104,0.700,0,0,16,0,0,0,0,163,43,1.002,1,2242,0,284.022,5.862,141.563,243.375,37.375,0.332,0.172,1.879,-1.664,5.621,8.625,3.104,3.260,1.235,1.383,0,NULL,NULL,,3,0,2,7,255,1405,250,0,0
stim,202181,232302,0,232302,3429634.455,-0.704,-0.038,0.116,0.700,0,0,16,0,0,0,0,160,43,1.002,1,2242,0,288.328,6.819,147.125,244.438,41.688,0.398,0.238,2.004,-0.852,6.766,8.621,3.110,3.268,1.235,1.383,0,NULL,NULL,,3,0,2,7,255,1405,250,0,0
stim,202205,232326,0,232326,3429639.454,-0.702,-0.041,0.128,0.700,0,0,16,0,0,0,0,157,43,1.002,1,2242,0,284.842,8.067,139.750,244.250,44.125,0.539,0.246,1.992,-0.758,8.031,8.027,3.118,3.274,1.235,1.383,0,NULL,NULL,,3,0,2,7,255,1405,250,0,0
stim,202205,232326,0,232326,3429644.455,-0.699,-0.044,0.140,0.700,0,0,13,0,0,0,0,157,43,1.002,1,2242,0,285.604,9.787,139.375,242.250,58.813,0.637,0.176,1.926,-0.758,9.758,8.027,3.120,3.278,1.235,1.383,0,NULL,NULL,,3,0,2,7,255,1405,250,0,0
stim,202205,232326,0,232326,3429649.454,-0.696,-0.046,0.152,0.700,0,0,16,0,0,0,0,159,43,1.002,1,2242,0,292.905,10.867,151.875,239.000,74.875,0.672,0.094,1.910,0.027,10.867,6.898,3.122,3.280,1.235,1.383,0,NULL,NULL,,3,0,2,7,255,1405,250,0,0
stim,202205,232326,0,232326,3429654.455,-0.692,-0.048,0.164,0.701,0,0,17,0,0,0,0,160,43,1.002,1,2242,0,298.159,11.513,163.750,234.938,83.000,0.680,0.082,1.965,1.008,11.469,6.551,3.124,3.280,1.235,1.383,0,NULL,NULL,,3,0,2,7,255,1405,250,0,0
stim,202205,232326,0,232326,3429659.454,-0.688,-0.049,0.177,0.702,0,0,16,0,0,0,0,157,43,1.002,1,2242,0,296.763,12.132,165.500,230.875,85.875,0.703,0.109,2.039,1.363,12.055,6.551,3.120,3.278,1.235,1.383,0,NULL,NULL,,3,0,2,7,255,1405,250,0,0
stim,202205,232326,0,232326,3429664.455,-0.684,-0.051,0.189,0.703,0,0,16,0,0,0,0,157,43,1.002,1,2242,0,293.346,12.877,160.625,227.188,92.938,0.750,0.039,2.000,1.398,12.801,6.551,3.114,3.270,1.235,1.383,0,NULL,NULL,,3,0,2,7,255,1405,250,0,0
stim,202258,232379,0,232379,3429669.454,-0.680,-0.052,0.201,0.704,0,0,17,0,0,0,0,160,43,1.002,1,2242,0,292.955,13.448,159.063,223.813,102.125,0.719,-0.027,1.938,2.184,13.270,6.020,3.104,3.260,1.235,1.383,0,NULL,NULL,,3,0,2,7,255,1405,250,0,0
stim,202258,232379,0,232379,3429674.455,-0.675,-0.053,0.212,0.705,0,0,22,0,0,0,0,163,43,1.002,1,2242,0,292.077,13.581,160.750,219.438,106.375,0.672,-0.078,1.914,2.891,13.270,5.148,3.090,3.248,1.235,1.383,0,NULL,NULL,,3,0,2,7,255,1405,250,0,0
stim,202258,232379,0,232379,3429679.454,-0.671,-0.054,0.224,0.705,0,0,21,0,0,0,0,175,43,1.002,1,2242,0,284.858,13.533,159.875,213.563,99.875,0.633,-0.176,1.910,3.523,13.066,4.738,3.070,3.228,1.235,1.383,0,NULL,NULL,,3,0,2,7,255,1405,250,0,0
stim,202258,232379,0,232379,3429684.455,-0.666,-0.055,0.235,0.706,0,0,25,0,0,0,0,175,43,1.002,1,2242,0,275.642,13.857,157.563,207.438,90.125,0.668,-0.320,1.891,4.613,13.066,4.352,3.046,3.202,1.235,1.383,0,NULL,NULL,,3,0,2,7,255,1405,250,0,0
stim,202258,232379,0,232379,3429689.454,-0.662,-0.056,0.246,0.706,0,0,21,0,0,0,0,171,43,1.002,1,2242,0,268.300,14.825,157.625,200.313,83.750,0.684,-0.480,1.820,6.082,13.520,3.410,3.016,3.172,1.235,1.383,0,NULL,NULL,,3,0,2,7,255,1405,250,0,0
stim,202258,232379,0,232379,3429694.455,-0.658,-0.057,0.257,0.705,0,0,24,0,0,0,0,177,43,1.002,1,2242,0,263.833,15.478,164.313,192.313,75.000,0.668,-0.547,1.773,7.535,13.520,2.023,2.982,3.138,1.235,1.383,0,NULL,NULL,,3,0,2,7,255,1405,250,0,0
stim,202258,232379,0,232379,3429699.454,-0.655,-0.057,0.267,0.704,0,0,22,0,0,0,0,181,43,1.002,1,2242,0,256.475,15.877,169.438,184.625,54.625,0.668,-0.516,1.813,8.125,13.641,1.223,2.942,3.098,1.235,1.383,0,NULL,NULL,,3,0,2,7,255,1405,250,0,0
stim,202258,232379,0,232379,3429704.455,-0.652,-0.057,0.278,0.703,0,0,22,0,0,0,0,183,43,1.002,1,2242,0,246.992,16.132,167.500,177.375,38.563,0.820,-0.590,1.852,8.223,13.879,1.184,2.900,3.056,1.235,1.383,0,NULL,NULL,,3,0,2,7,255,1405,250,0,0
stim,202258,232379,0,232379,3429709.454,-0.650,-0.058,0.288,0.701,0,0,26,0,0,0,0,175,43,1.002,1,2242,0,235.223,17.911,160.875,168.000,35.000,0.879,-0.633,1.895,8.867,15.563,0.348,2.854,3.010,1.235,1.383,0,NULL,NULL,,3,0,2,7,255,1405,250,0,0
stim,202258,232379,0,232379,3429714.455,-0.648,-0.058,0.297,0.699,0,0,25,0,0,0,0,188,43,1.002,1,2242,0,220.526,18.809,153.375,156.875,22.313,0.871,-0.637,1.844,9.445,16.266,-0.055,2.804,2.960,1.235,1.383,0,NULL,NULL,,3,0,2,7,255,1405,250,0,0
stim,202278,232399,0,232399,3429719.454,-0.646,-0.058,0.305,0.697,0,0,23,0,0,0,0,217,43,1.002,1,2242,0,208.949,18.965,148.688,146.688,-5.875,0.992,-0.563,1.895,9.445,16.445,-0.797,2.750,2.906,1.235,1.383,0,NULL,NULL,,3,0,2,7,255,1405,250,0,0
stim,202278,232399,0,232399,3429724.455,-0.646,-0.059,0.313,0.694,0,0,23,0,0,0,0,241,43,1.002,1,2242,0,187.320,19.728,127.500,136.063,-17.875,1.301,-0.527,1.914,8.855,17.629,-1.074,2.694,2.848,1.235,1.383,0,NULL,NULL,,3,0,2,7,255,1405,250,0,0
stim,202278,232399,0,232399,3429729.454,-0.645,-0.060,0.319,0.692,0,0,23,0,0,0,0,277,43,1.002,1,2242,0,159.475,22.040,99.625,123.438,-16.438,1.461,-0.500,1.805,8.250,20.438,-2.613,2.634,2.788,1.235,1.383,0,NULL,NULL,,3,0,2,7,255,1405,250,0,0
stim,202278,232399,0,232399,3429734.455,-0.644,-0.062,0.325,0.690,0,0,26,0,0,0,0,316,43,1.002,1,2242,0,139.295,22.562,80.500,111.063,-24.250,1.617,-0.539,1.586,7.492,21.281,-4.449,2.568,2.722,1.235,1.383,0,NULL,NULL,,3,0,2,7,255,1405,250,0,0
stim,202302,232423,0,232423,3429739.454,-0.644,-0.063,0.330,0.687,0,0,25,0,0,0,0,347,43,1.002,1,2242,0,128.412,22.611,74.500,98.063,-36.375,1.797,-0.629,1.391,7.035,21.488,-7.309,2.500,2.656,1.235,1.383,0,NULL,NULL,,3,0,2,7,255,1405,250,0,0
stim,202302,232423,0,232423,3429744.455,-0.645,-0.064,0.334,0.684,0,0,28,0,0,0,0,373,43,1.002,1,2242,0,122.850,23.023,77.000,83.250,-47.250,1.977,-0.738,1.234,7.035,21.922,-10.293,2.430,2.586,1.235,1.383,0,NULL,NULL,,3,0,2,7,255,1405,250,0,0
stim,202302,232423,0,232423,3429749.454,-0.645,-0.065,0.338,0.682,0,0,24,0,0,0,0,381,43,1.002,1,2242,0,118.043,23.658,84.375,68.125,-46.625,2.195,-0.863,1.125,7.359,22.484,-12.977,2.356,2.512,1.235,1.383,0,NULL,NULL,,3,0,2,7,255,1405,250,0,0
stim,202302,232424,0,232424,3429754.455,-0.646,-0.064,0.343,0.679,0,0,28,0,0,0,0,395,43,1.002,1,2242,0,111.373,24.875,97.188,48.688,-24.250,2.289,-0.988,1.059,7.938,23.574,-15.605,2.276,2.432,1.235,1.383,0,NULL,NULL,,3,0,2,7,255,1405,250,0,0
stim,202347,232468,0,232468,3429759.454,-0.646,-0.061,0.347,0.677,0,0,23,0,0,0,0,393,43,1.002,1,2242,0,118.983,25.163,116.188,25.625,-0.813,2.184,-1.035,1.090,8.801,23.574,-16.758,2.192,2.350,1.235,1.383,0,NULL,NULL,,3,0,2,7,255,1405,250,0,0
stim,202347,232468,0,232468,3429764.455,-0.646,-0.057,0.351,0.676,0,0,26,0,0,0,0,391,43,1.002,1,2242,0,137.517,24.969,136.813,1.563,13.813,2.020,-0.965,1.246,9.512,23.086,-16.758,2.104,2.262,1.235,1.383,0,NULL,NULL,,3,0,2,7,255,1405,250,0,0
stim,202347,232468,0,232468,3429769.454,-0.646,-0.052,0.355,0.674,0,0,25,0,0,0,0,381,43,1.002,1,2242,0,145.424,24.531,142.750,-23.750,14.375,1.766,-0.766,1.594,9.637,22.559,-14.629,2.006,2.164,1.235,1.383,0,NULL,NULL,,3,0,2,7,255,1405,250,0,0
stim,202347,232468,0,232468,3429774.455,-0.647,-0.047,0.357,0.672,0,0,29,0,0,0,0,383,43,1.002,1,2242,0,130.824,24.461,122.063,-47.063,0.813,1.566,-0.598,1.895,9.688,22.461,-10.070,1.902,2.058,1.235,1.383,0,NULL,NULL,,3,0,2,7,255,1405,250,0,0
stim,202347,232468,0,232468,3429779.454,-0.648,-0.043,0.357,0.671,0,0,27,0,0,0,0,381,43,1.002,1,2242,0,105.793,24.461,80.938,-66.750,-13.625,1.453,-0.504,2.109,9.688,22.461,-6.223,1.792,1.948,1.235,1.383,0,NULL,NULL,,3,0,2,7,255,1405,250,0,0
stim,202347,232468,0,232468,3429784.455,-0.650,-0.040,0.356,0.670,0,0,26,0,0,0,0,393,43,1.002,1,2242,0,86.643,24.593,28.875,-80.938,-11.063,1.383,-0.477,2.168,10.016,22.461,-3.645,1.678,1.832,1.235,1.383,0,NULL,NULL,,3,0,2,7,255,1405,250,0,0
stim,202347,232468,0,232468,3429789.454,-0.652,-0.038,0.352,0.671,0,0,12,0,0,0,0,493,43,1.002,1,2242,0,100.660,24.454,-29.875,-95.500,-10.938,1.086,-0.379,2.227,10.016,22.309,-2.637,1.560,1.712,1.235,1.383,0,NULL,NULL,,3,0,2,7,255,1405,250,0,0
stim,202347,232468,0,232468,3429794.455,-0.650,-0.025,0.353,0.673,175,0,9,406,0,29,0,573,43,1.002,1,2242,0,303.345,22.564,185.813,-179.750,158.688,-0.219,-0.918,4.098,10.203,20.125,-0.098,1.438,1.588,1.235,1.383,0,NULL,NULL,,3,0,2,7,255,1405,250,0,0
stim,202370,232491,0,232491,3429799.454,-0.640,-0.008,0.352,0.683,877,0,2,1055,0,171,0,605,43,1.002,1,2242,0,514.054,22.608,165.938,-223.813,432.000,-0.328,1.816,6.352,10.301,20.125,18.137,1.314,1.460,1.235,1.383,0,NULL,NULL,,3,0,2,7,255,1405,250,0,0
stim,202370,232491,0,232491,3429804.455,-0.632,-0.019,0.329,0.701,1375,0,0,1515,0,475,0,687,43,1.002,1,2242,0,757.671,20.688,-689.250,-108.750,295.250,-1.453,2.301,3.488,10.301,17.941,33.031,1.188,1.330,1.235,1.383,0,NULL,NULL,,3,0,2,7,255,1405,250,0,0
stim,202370,232491,0,232491,3429809.454,-0.629,-0.038,0.299,0.717,1817,0,0,1847,0,667,0,781,44,1.002,1,2243,0,885.095,6.876,-868.063,-121.563,122.813,-1.441,2.406,-0.301,-5.480,4.152,33.031,1.062,1.198,1.235,1.383,1,1355.000,-50.000,,3,0,2,7,255,1405,250,0,0
stim,202370,232491,0,232491,3429814.455,-0.628,-0.049,0.280,0.725,2102,0,0,1971,0,933,0,849,44,1.002,1,2243,0,536.291,24.373,-525.688,-100.625,33.688,-1.238,1.809,-1.988,-19.238,-14.965,2.211,0.938,1.068,1.235,1.383,1,NULL,NULL,,3,0,2,7,255,1405,250,0,0
stim,202370,232491,0,232491,3429819.454,-0.629,-0.049,0.271,0.726,2265,0,0,2086,0,1099,0,936,44,1.002,1,2243,0,196.957,24.373,-157.313,-116.938,-19.250,-0.523,0.594,-1.137,-19.238,-14.965,-15.488,0.816,0.936,1.235,1.383,1,NULL,NULL,,3,0,2,7,255,1405,250,0,0
stim,202370,232491,0,232491,3429824.455,-0.630,-0.044,0.269,0.728,2412,0,0,2155,0,1263,0,1005,44,1.002,1,2243,0,131.816,12.427,17.438,-126.438,32.938,0.043,-0.016,0.895,-7.238,-10.102,-15.488,0.700,0.808,1.235,1.383,1,NULL,NULL,,3,0,2,7,255,1405,250,0,0
stim,202395,232516,0,232516,3429829.454,-0.627,-0.041,0.264,0.732,2522,0,0,2246,0,1363,0,1077,44,1.002,1,2243,0,181.077,8.384,-47.188,-118.938,128.125,0.125,1.152,1.488,-7.238,4.230,-2.488,0.586,0.678,1.235,1.383,2,NULL,NULL,,3,0,2,7,255,1405,250,0,0
stim,202395,232516,0,232516,3429834.455,-0.622,-0.039,0.257,0.738,2675,0,0,2469,0,1424,0,1102,44,1.002,1,2243,0,244.541,8.614,-134.750,-118.688,166.000,-0.551,1.555,1.563,-7.504,4.230,5.844,0.478,0.548,1.235,1.383,2,NULL,NULL,,3,0,2,7,255,1405,250,0,0
stim,202395,232516,0,232516,3429839.454,-0.619,-0.040,0.247,0.745,2835,0,0,2639,0,1421,0,1141,44,1.002,1,2243,0,288.992,7.504,-228.250,-122.875,127.750,-1.500,0.293,1.203,-7.504,-0.023,6.836,0.384,0.424,1.235,1.383,2,NULL,NULL,,3,0,2,7,255,1405,250,0,0
stim,202395,232516,0,232516,3429844.455,-0.616,-0.041,0.233,0.751,2863,0,0,2769,0,1431,0,1267,44,1.002,1,2243,0,362.586,9.333,-303.750,-162.938,112.500,-1.863,-1.172,0.453,3.129,-8.793,6.836,0.356,0.358,1.235,1.383,2,NULL,NULL,,3,0,2,7,255,1405,250,0,0
stim,202413,232534,0,232534,3429849.454,-0.618,-0.043,0.220,0.753,2943,0,0,2858,0,1439,0,1387,44,1.002,1,2243,0,291.466,17.044,-239.938,-162.063,-33.438,-1.379,-1.035,-0.242,12.328,-11.770,-2.563,0.360,0.338,1.235,1.383,2,NULL,NULL,,3,0,2,7,255,1405,250,0,0
stim,202413,232534,0,232534,3429854.455,-0.622,-0.040,0.213,0.752,2979,0,0,2930,0,1439,0,1477,44,1.002,1,2243,0,208.253,17.044,-82.813,-174.125,-78.688,-0.293,-0.566,0.188,12.328,-11.770,-8.563,0.388,0.358,1.235,1.383,2,NULL,NULL,,3,0,2,7,255,1405,250,0,0
stim,202413,232534,0,232534,3429859.454,-0.626,-0.035,0.208,0.750,3014,0,0,2985,0,1459,0,1511,44,1.002,1,2243,0,181.319,6.331,11.500,-163.250,-78.063,0.391,-0.434,1.363,6.211,-1.227,-8.563,0.408,0.390,1.235,1.383,2,NULL,NULL,,3,0,2,7,255,1405,250,0,0
stim,202413,232534,0,232534,3429864.455,-0.628,-0.030,0.204,0.751,3033,0,0,3035,0,1491,0,1551,44,1.002,1,2243,0,147.573,10.434,-3.063,-147.500,-3.500,0.969,-0.500,1.629,5.586,8.813,0.238,0.422,0.410,1.235,1.383,2,NULL,NULL,,3,0,2,7,255,1405,250,0,0
stim,202454,232575,0,232575,3429869.454,-0.627,-0.027,0.198,0.753,3052,0,0,3078,0,1546,0,1577,44,1.002,1,2243,0,162.202,11.478,-79.875,-129.563,56.063,0.262,-0.680,2.078,5.586,10.027,0.891,0.434,0.422,1.235,1.383,2,NULL,NULL,,3,0,2,7,255,1405,250,0,0
stim,202454,232575,0,232575,3429874.455,-0.625,-0.029,0.189,0.757,3067,0,0,3108,0,1622,0,1605,44,1.002,1,2243,0,242.513,13.521,-202.438,-115.438,67.125,-0.063,-0.707,1.480,9.070,10.027,2.375,0.444,0.430,1.235,1.383,2,NULL,NULL,,3,0,2,7,255,1405,250,0,0
stim,202454,232575,0,232575,3429879.454,-0.623,-0.030,0.178,0.761,3083,0,0,3127,0,1727,0,1652,44,1.002,1,2243,0,257.317,10.382,-217.688,-113.938,76.438,-0.285,-0.543,0.578,9.070,5.051,2.375,0.430,0.430,1.235,1.383,2,NULL,NULL,,3,0,2,7,255,1405,250,0,0
stim,202454,232575,0,232575,3429884.455,-0.622,-0.030,0.170,0.764,3091,0,0,3149,0,1849,0,1718,44,1.002,1,2243,0,201.158,6.496,-151.188,-119.313,58.063,-0.617,-0.438,0.543,6.496,-0.031,-4.070,0.406,0.428,1.235,1.383,2,NULL,NULL,,3,0,2,7,255,1405,250,0,0
stim,202454,232575,0,232575,3429889.454,-0.622,-0.028,0.164,0.765,3099,0,0,3159,0,1951,0,1767,44,1.002,1,2243,0,152.213,6.465,-83.750,-125.625,19.313,-0.461,-0.105,0.766,6.145,-2.012,-4.070,0.374,0.422,1.235,1.383,2,NULL,NULL,,3,0,2,7,255,1405,250,0,0
stim,202454,232575,0,232575,3429894.455,-0.622,-0.025,0.159,0.766,3107,0,0,3161,0,2041,0,1817,44,1.002,1,2243,0,135.093,3.525,-53.875,-123.875,-1.625,-0.195,0.211,1.117,2.895,-2.012,-1.746,0.350,0.416,1.235,1.383,2,NULL,NULL,,3,0,2,7,255,1405,250,0,0
stim,202454,232575,0,232575,3429899.454,-0.623,-0.023,0.153,0.766,3096,0,0,3165,29,2105,0,1853,44,1.002,1,2243,0,141.203,1.042,-74.625,-119.500,-9.438,-0.105,0.105,1.309,0.758,0.715,1.461,0.322,0.396,1.235,1.383,2,NULL,NULL,,3,0,2,7,255,1405,250,0,0
stim,202454,232575,0,232575,3429904.455,-0.624,-0.022,0.146,0.767,3099,0,0,3167,181,2202,0,1951,44,1.002,1,2243,0,158.932,2.241,-110.625,-114.063,-3.375,0.008,-0.164,1.152,0.758,2.109,1.461,0.288,0.362,1.235,1.383,2,NULL,NULL,,3,0,2,7,255,1405,250,0,0
stim,202474,232595,0,232595,3429909.454,-0.624,-0.022,0.139,0.768,3100,0,0,3171,404,2266,89,2038,44,1.002,1,2243,0,159.704,3.873,-117.563,-107.813,7.813,0.008,-0.359,0.871,2.770,2.707,0.785,0.248,0.316,1.235,1.383,2,NULL,NULL,,3,0,2,7,255,1405,250,0,0
stim,202474,232595,0,232595,3429914.455,-0.625,-0.021,0.135,0.769,3111,1,0,3173,565,2315,125,2130,44,1.002,1,2243,0,105.681,4.738,-58.688,-87.500,-8.250,0.070,-0.266,1.219,3.578,3.105,0.785,0.204,0.266,1.235,1.383,2,NULL,NULL,,3,0,2,7,255,1405,250,0,0
stim,202474,232595,0,232595,3429919.454,-0.626,-0.019,0.133,0.768,3109,0,0,3183,803,2360,90,2202,44,1.002,1,2243,0,66.781,5.231,-14.500,-54.875,-35.188,0.477,0.070,1.105,3.578,3.816,-0.125,0.168,0.226,1.235,1.383,2,NULL,NULL,,3,0,2,7,255,1405,250,0,0
stim,202474,232595,0,232595,3429924.455,-0.627,-0.018,0.132,0.768,3101,0,0,3176,937,2377,111,2245,44,1.002,1,2243,0,47.344,6.259,1.625,-47.125,-4.250,0.465,0.586,1.398,-0.594,6.230,1.227,0.138,0.196,1.235,1.383,2,NULL,NULL,,3,0,2,7,255,1405,250,0,0
stim,202474,232595,0,232595,3429929.454,-0.627,-0.018,0.129,0.768,3103,0,0,3179,1097,2404,124,2297,44,1.002,1,2243,0,53.439,7.080,-41.938,-31.875,-9.000,-0.105,0.543,1.633,-3.363,6.230,3.469,0.120,0.184,1.235,1.383,2,NULL,NULL,,3,0,2,7,255,1405,250,0,0
stim,202474,232595,0,232595,3429934.455,-0.628,-0.019,0.126,0.768,3101,0,0,3177,1175,2424,123,2345,44,1.002,1,2243,0,96.966,3.648,-89.438,-21.750,-30.500,-0.227,0.113,0.969,-3.363,1.414,3.469,0.110,0.176,1.235,1.383,2,NULL,NULL,,3,0,2,7,255,1405,250,0,0
stim,202509,232630,0,232630,3429939.454,-0.630,-0.021,0.123,0.767,3109,0,0,3189,1249,2453,117,2382,44,1.002,1,2243,0,79.635,0.225,-62.438,-20.313,-45.063,-0.168,-0.004,0.773,0.219,-0.051,-0.012,0.104,0.166,1.235,1.383,2,NULL,NULL,,3,0,2,7,255,1405,250,0,0
stim,202509,232630,0,232630,3429944.455,-0.632,-0.021,0.121,0.765,3099,0,0,3179,1306,2463,116,2412,44,1.002,1,2243,0,65.582,0.225,-19.188,-19.813,-59.500,-0.047,0.066,0.875,0.219,-0.051,-1.293,0.104,0.154,1.235,1.383,2,NULL,NULL,,3,0,2,7,255,1405,250,0,0
stim,202509,232630,0,232630,3429949.454,-0.634,-0.021,0.120,0.764,3101,22,0,3181,1416,2471,115,2444,44,1.002,1,2243,0,58.103,1.187,-12.125,-16.500,-54.375,0.059,0.125,1.141,0.164,1.176,-1.293,0.118,0.136,1.235,1.383,2,NULL,NULL,,3,0,2,7,255,1405,250,0,0
stim,202509,232630,0,232630,3429954.455,-0.635,-0.021,0.119,0.763,3101,23,0,3181,1489,2484,115,2463,44,1.002,1,2243,0,50.584,2.587,-34.813,-15.125,-33.438,0.047,-0.043,1.102,0.164,2.582,0.586,0.136,0.114,1.235,1.383,2,NULL,NULL,,3,0,2,7,255,1405,250,0,0
stim,202509,232630,0,232630,3429959.454,-0.635,-0.022,0.117,0.763,3123,51,0,3183,1543,2502,111,2483,44,1.002,1,2243,0,53.417,2.840,-47.938,-10.188,-21.250,-0.078,-0.066,0.961,1.184,2.582,0.586,0.158,0.094,1.235,1.383,2,NULL,NULL,,3,0,2,7,255,1405,250,0,0
stim,202509,232630,0,232630,3429964.455,-0.636,-0.023,0.115,0.762,3101,55,0,3187,1583,2515,109,2501,44,1.002,1,2243,0,44.859,1.705,-34.063,-10.625,-27.188,-0.148,0.008,0.863,1.184,1.227,-0.563,0.176,0.076,1.235,1.383,2,NULL,NULL,,3,0,2,7,255,1405,250,0,0
stim,202549,232670,0,232670,3429969.454,-0.638,-0.023,0.114,0.761,3103,58,0,3189,1625,2523,106,2507,44,1.002,1,2243,0,40.650,1.081,-14.188,-9.313,-36.938,-0.105,0.047,0.961,0.793,0.734,-0.563,0.188,0.066,1.235,1.383,2,NULL,NULL,,3,0,2,7,255,1405,250,0,0
stim,202549,232670,0,232670,3429974.455,-0.639,-0.023,0.113,0.761,3103,75,0,3191,1662,2531,105,2519,44,1.002,1,2243,0,38.523,0.845,-13.063,-7.875,-35.375,-0.012,0.063,1.070,0.418,0.734,-0.387,0.198,0.056,1.235,1.383,2,NULL,NULL,,3,0,2,7,255,1405,250,0,0
stim,202549,232670,0,232670,3429979.454,-0.640,-0.024,0.112,0.760,3107,89,0,3188,1685,2535,103,2521,44,1.002,1,2243,0,33.022,1.585,-20.375,-5.313,-25.438,-0.039,0.047,1.055,0.328,1.551,0.422,0.206,0.050,1.235,1.383,2,NULL,NULL,,3,0,2,7,255,1405,250,0,0
stim,202549,232670,0,232670,3429984.455,-0.640,-0.024,0.111,0.760,3109,109,0,3191,1703,2541,88,2525,44,1.002,1,2243,0,30.180,1.585,-22.875,-3.125,-19.438,-0.082,0.039,0.996,0.328,1.551,0.422,0.214,0.042,1.235,1.383,2,NULL,NULL,,3,0,2,7,255,1405,250,0,0
stim,202549,232670,0,232670,3429989.454,-0.641,-0.025,0.110,0.759,3107,105,0,3191,1723,2547,71,2531,44,1.002,1,2243,0,24.436,1.073,-16.250,-2.125,-18.125,-0.102,0.031,0.930,0.398,0.996,-0.090,0.220,0.036,1.235,1.383,2,NULL,NULL,,3,0,2,7,255,1405,250,0,0
stim,202549,232670,0,232670,3429994.455,-0.642,-0.025,0.110,0.759,3110,109,4,3192,1755,2547,45,2535,44,1.002,1,2243,0,18.024,0.801,-7.000,-1.250,-16.563,-0.117,0.078,0.992,0.398,0.695,-0.090,0.226,0.030,1.235,1.383,2,NULL,NULL,,3,0,2,7,255,1405,250,0,0
stim,202549,232670,0,232670,3429999.454,-0.642,-0.025,0.109,0.758,3111,107,22,3195,1774,2556,13,2539,44,1.000,1,2243,1,19.439,0.607,-8.500,-1.250,-17.438,-0.148,0.078,1.035,0.125,0.594,0.000,0.000,0.000,1.200,1.355,2,NULL,NULL,,3,0,2,7,255,1405,250,0,0
stim,202549,232670,0,232670,3430004.455,-0.643,-0.026,0.109,0.758,3110,107,37,3195,1789,2555,6,2543,44,1.000,1,2243,1,20.316,0.607,-10.625,-0.375,-17.313,-0.113,0.004,0.969,0.125,0.594,0.000,0.004,0.004,1.200,1.355,2,NULL,NULL,,3,0,2,7,255,1405,250,0,0
stim,202579,232700,0,232700,3430009.454,-0.643,-0.026,0.109,0.758,3113,127,69,3193,1805,2567,2,2548,44,1.000,1,2243,1,13.870,0.965,-5.813,-0.875,-12.563,-0.121,-0.004,0.965,0.738,0.621,-0.332,0.008,0.008,1.200,1.355,2,NULL,NULL,,3,0,2,7,255,1405,250,0,0
stim,202579,232700,0,232700,3430014.455,-0.643,-0.026,0.108,0.757,3113,131,71,3195,1823,2569,0,2547,44,1.000,1,2243,1,10.825,1.010,-5.250,-0.750,-9.438,-0.125,-0.031,0.961,0.793,0.625,-0.340,0.012,0.012,1.200,1.355,2,NULL,NULL,,3,0,2,7,255,1405,250,0,0
stim,202579,232700,0,232700,3430019.454,-0.644,-0.026,0.108,0.757,3157,139,74,3191,1840,2569,0,2551,44,1.000,1,2243,1,7.128,1.224,-4.125,-1.688,-5.563,-0.137,-0.109,0.922,1.055,0.621,-0.414,0.016,0.016,1.200,1.355,2,NULL,NULL,,3,0,2,7,255,1405,250,0,0
stim,202579,232700,0,232700,3430024.455,-0.644,-0.026,0.107,0.757,3113,137,77,3192,1853,2573,0,2551,44,1.000,1,2243,1,2.858,1.863,-1.063,-1.938,-1.813,-0.145,-0.105,0.953,1.777,0.559,-0.535,0.022,0.020,1.200,1.355,2,NULL,NULL,,3,0,2,7,255,1405,250,0,0
stim,202597,232718,0,232718,3430029.454,-0.644,-0.027,0.107,0.757,3115,135,87,3188,1875,2580,0,2557,44,1.000,1,2243,1,3.999,1.855,-3.813,-1.125,-0.438,-0.160,0.051,1.063,1.777,0.531,-0.535,0.026,0.026,1.200,1.355,2,NULL,NULL,,3,0,2,7,255,1405,250,0,0
stim,202597,232718,0,232718,3430034.455,-0.644,-0.027,0.107,0.757,3117,136,122,3197,1880,2579,0,2568,44,1.000,1,2243,1,6.556,0.522,-6.188,-1.563,-1.500,-0.176,0.164,1.020,0.375,0.363,0.418,0.028,0.030,1.200,1.355,2,NULL,NULL,,3,0,2,7,255,1405,250,0,0
stim,202597,232718,0,232718,3430039.454,-0.644,-0.027,0.107,0.757,3117,133,152,3191,1897,2579,0,2565,44,1.000,1,2243,1,5.838,0.705,-2.563,-1.938,-4.875,-0.184,0.234,1.051,-0.703,-0.047,0.723,0.034,0.034,1.200,1.355,2,NULL,NULL,,3,0,2,7,255,1405,250,0,0
stim,202597,232718,0,232718,3430044.455,-0.644,-0.027,0.107,0.757,3115,133,163,3189,1917,2583,0,2567,44,1.000,1,2243,1,10.036,0.705,-7.125,-2.625,-6.563,-0.164,0.152,1.039,-0.703,-0.047,0.590,0.038,0.040,1.200,1.355,2,NULL,NULL,,3,0,2,7,255,1405,250,0,0
stim,202597,232718,0,232718,3430049.454,-0.644,-0.027,0.106,0.757,3147,139,165,3177,1919,2579,0,2565,44,1.000,1,2243,1,13.823,0.624,-11.063,-3.250,-7.625,-0.156,0.082,0.996,-0.617,0.090,0.590,0.040,0.044,1.200,1.355,2,NULL,NULL,,3,0,2,7,255,1405,250,0,0
stim,202597,232718,0,232718,3430054.455,-0.645,-0.027,0.106,0.757,3111,136,169,3171,1937,2585,0,2575,44,1.000,1,2243,1,11.354,0.225,-8.063,-3.500,-7.188,-0.105,0.063,0.957,0.031,0.223,0.090,0.044,0.048,1.200,1.355,2,NULL,NULL,,3,0,2,7,255,1405,250,0,0
stim,202647,232768,0,232768,3430059.454,-0.645,-0.027,0.105,0.757,3101,137,187,3172,1942,2585,0,2569,44,1.000,1,2243,1,5.228,0.656,-3.813,-3.375,1.188,-0.109,0.016,1.031,0.102,0.648,0.090,0.046,0.050,1.200,1.355,2,NULL,NULL,,3,0,2,7,255,1405,250,0,0
stim,202647,232768,0,232768,3430064.455,-0.645,-0.027,0.105,0.757,3095,133,206,3161,1949,2578,0,2569,44,1.000,1,2243,1,9.157,0.696,-7.938,-4.313,1.500,-0.211,0.066,1.031,0.254,0.648,0.309,0.048,0.052,1.200,1.355,2,NULL,NULL,,3,0,2,7,255,1405,250,0,0
stim,202647,232768,0,232768,3430069.454,-0.645,-0.027,0.105,0.757,3095,126,216,3156,1969,2585,0,2573,44,1.000,1,2243,1,8.548,0.362,-4.750,-4.500,-5.500,-0.199,0.121,0.977,0.254,-0.258,0.309,0.050,0.054,1.200,1.355,2,NULL,NULL,,3,0,2,7,255,1405,250,0,0
stim,202647,232768,0,232768,3430074.455,-0.645,-0.027,0.105,0.756,3091,125,232,3147,1977,2577,0,2573,44,1.000,1,2243,1,12.080,0.448,0.250,-5.625,-10.688,-0.203,0.141,1.004,-0.313,-0.320,0.313,0.048,0.054,1.200,1.355,2,NULL,NULL,,3,0,2,7,255,1405,250,0,0
stim,202647,232768,0,232768,3430079.454,-0.646,-0.027,0.104,0.756,3080,121,265,3145,1993,2577,0,2587,44,1.000,1,2243,1,15.862,0.523,-1.750,-6.188,-14.500,-0.180,0.129,1.039,-0.414,-0.320,0.313,0.048,0.054,1.200,1.355,2,NULL,NULL,,3,0,2,7,255,1405,250,0,0
stim,202647,232768,0,232768,3430084.455,-0.646,-0.027,0.104,0.756,3063,122,284,3128,2009,2574,0,2589,44,1.000,1,2243,1,16.764,0.501,-6.813,-6.875,-13.688,-0.164,0.152,1.016,-0.500,-0.023,0.348,0.046,0.052,1.200,1.355,2,NULL,NULL,,3,0,2,7,255,1405,250,0,0
stim,202647,232768,0,232768,3430089.454,-0.647,-0.027,0.103,0.755,3051,121,301,3117,2020,2577,0,2597,44,1.000,1,2243,1,17.774,0.672,-8.438,-7.688,-13.625,-0.141,0.172,1.023,-0.672,0.020,0.430,0.042,0.048,1.200,1.355,2,NULL,NULL,,3,0,2,7,255,1405,250,0,0
stim,202647,232768,0,232768,3430094.455,-0.647,-0.027,0.103,0.755,3035,110,314,3097,2031,2571,0,2595,44,1.000,1,2243,1,15.884,0.713,-10.563,-7.188,-9.438,-0.102,0.133,1.000,-0.672,0.238,0.348,0.040,0.046,1.200,1.355,2,NULL,NULL,,3,0,2,7,255,1405,250,0,0
stim,202670,232791,0,232791,3430099.454,-0.647,-0.026,0.102,0.755,3024,112,348,3093,2063,2575,0,2613,44,1.000,1,2243,1,14.238,0.937,-6.125,-8.375,-9.750,-0.137,0.184,0.984,-0.906,0.238,0.082,0.034,0.038,1.200,1.355,2,NULL,NULL,,3,0,2,7,255,1405,250,0,0
stim,202670,232791,0,232791,3430104.455,-0.648,-0.026,0.102,0.755,3006,123,371,3089,2073,2571,0,2608,44,1.000,1,2243,1,12.980,0.867,-5.063,-7.000,-9.688,-0.082,0.117,1.023,-0.609,0.617,0.082,0.028,0.032,1.200,1.355,2,NULL,NULL,,3,0,2,7,255,1405,250,0,0
stim,202670,232791,0,232791,3430109.454,-0.648,-0.026,0.101,0.755,2992,124,404,3059,2087,2567,0,2619,44,1.000,1,2243,1,11.728,0.685,-8.938,-7.563,-0.688,-0.113,0.109,0.988,-0.480,0.488,0.031,0.022,0.024,1.200,1.355,2,NULL,NULL,,3,0,2,7,255,1405,250,0,0
stim,202670,232791,0,232791,3430114.455,-0.648,-0.026,0.101,0.755,2988,138,487,3062,2123,2575,0,2632,44,1.000,1,2243,1,10.584,0.623,-6.375,-8.438,-0.438,-0.207,0.121,0.938,-0.387,0.488,-0.016,0.020,0.016,1.200,1.355,2,NULL,NULL,,3,0,2,7,255,1405,250,0,0
stim,202670,232791,0,232791,3430119.455,-0.648,-0.026,0.101,0.754,2971,138,525,3039,2165,2575,0,2639,44,1.000,1,2243,1,13.811,0.667,2.063,-9.688,-9.625,-0.223,0.148,0.941,-0.387,-0.543,-0.254,0.022,0.012,1.200,1.355,2,NULL,NULL,,3,0,2,7,255,1405,250,0,0
stim,202670,232791,0,232791,3430124.454,-0.649,-0.025,0.101,0.754,2953,143,557,3027,2200,2577,0,2643,44,1.000,1,2243,1,19.548,0.819,3.688,-9.813,-16.500,-0.172,0.180,1.047,-0.613,-0.543,-0.254,0.024,0.012,1.200,1.355,2,NULL,NULL,,3,0,2,7,255,1405,250,0,0
stim,202691,232812,0,232812,3430129.455,-0.649,-0.025,0.100,0.754,2935,155,619,3013,2249,2579,6,2651,44,1.000,1,2243,1,20.732,0.740,-8.500,-9.125,-16.563,-0.137,0.156,1.070,-0.734,-0.094,0.695,0.028,0.014,1.200,1.355,2,NULL,NULL,,3,0,2,7,255,1405,250,0,0
stim,202691,232812,0,232812,3430134.453,-0.650,-0.025,0.099,0.753,2917,158,681,2997,2267,2577,21,2659,44,1.000,1,2243,1,23.813,0.741,-15.938,-8.063,-15.750,-0.156,0.109,1.027,-0.734,0.102,0.695,0.028,0.014,1.200,1.355,2,NULL,NULL,,3,0,2,7,255,1405,250,0,0
stim,202691,232812,0,232812,3430139.455,-0.650,-0.026,0.099,0.753,2918,167,715,2984,2295,2579,29,2665,44,1.000,1,2243,1,29.384,0.329,-21.750,-6.938,-18.500,-0.172,0.113,1.039,-0.313,0.102,0.574,0.028,0.014,1.200,1.355,2,NULL,NULL,,3,0,2,7,255,1405,250,0,0
stim,202691,232812,0,232812,3430144.454,-0.651,-0.027,0.097,0.752,2890,181,787,2975,2327,2579,59,2679,44,1.000,1,2243,1,41.477,0.304,-31.938,-5.250,-25.938,-0.195,0.105,1.031,-0.301,-0.043,0.523,0.026,0.014,1.200,1.355,2,NULL,NULL,,3,0,2,7,255,1405,250,0,0
stim,202714,232835,0,232835,3430149.455,-0.652,-0.028,0.096,0.752,2864,187,874,2963,2365,2583,115,2685,44,1.000,1,2243,1,46.760,0.310,-33.313,-6.688,-32.125,-0.176,0.008,0.895,-0.250,-0.184,0.523,0.026,0.016,1.200,1.355,2,NULL,NULL,,3,0,2,7,255,1405,250,0,0
stim,202714,232835,0,232835,3430154.453,-0.653,-0.028,0.095,0.751,2844,190,942,2935,2391,2581,151,2693,44,1.000,1,2243,1,40.103,0.577,-21.875,-7.563,-32.750,-0.152,-0.043,0.879,0.547,-0.184,-0.891,0.026,0.018,1.200,1.355,2,NULL,NULL,,3,0,2,7,255,1405,250,0,0
stim,202714,232835,0,232835,3430159.457,-0.654,-0.028,0.094,0.750,2823,187,1046,2922,2429,2572,185,2701,44,1.000,1,2243,1,37.021,0.849,-13.875,-9.438,-33.000,-0.160,-0.027,0.930,0.848,0.043,-0.891,0.028,0.020,1.200,1.355,2,NULL,NULL,,3,0,2,7,255,1405,250,0,0
stim,202714,232835,0,232835,3430164.454,-0.655,-0.029,0.093,0.749,2805,201,1133,2907,2452,2577,247,2714,44,1.000,1,2243,1,34.983,0.994,-12.813,-10.125,-30.938,-0.125,-0.051,0.953,0.992,0.059,-0.594,0.028,0.022,1.200,1.355,2,NULL,NULL,,3,0,2,7,255,1405,250,0,0
stim,202755,232876,0,232876,3430169.455,-0.656,-0.029,0.092,0.748,2798,222,1203,2892,2477,2577,293,2717,44,1.000,1,2243,1,29.041,0.947,-12.000,-11.375,-23.875,-0.121,-0.020,0.949,0.848,0.422,-0.477,0.030,0.026,1.200,1.355,2,NULL,NULL,,3,0,2,7,255,1405,250,0,0
stim,202755,232876,0,232876,3430174.454,-0.657,-0.029,0.091,0.748,2777,243,1278,2889,2515,2583,317,2728,44,1.000,1,2243,1,27.937,0.810,-11.500,-12.375,-22.250,-0.160,0.078,0.977,0.691,0.422,-0.469,0.034,0.028,1.200,1.355,2,NULL,NULL,,3,0,2,7,255,1405,250,0,0
stim,202755,232876,0,232876,3430179.455,-0.658,-0.029,0.091,0.747,2741,239,1340,2856,2523,2578,394,2745,44,1.000,1,2243,1,32.258,0.202,-12.750,-12.875,-26.688,-0.164,0.125,1.000,-0.195,-0.051,-0.078,0.034,0.032,1.200,1.355,2,NULL,NULL,,3,0,2,7,255,1405,250,0,0
stim,202755,232876,0,232876,3430184.453,-0.659,-0.029,0.090,0.746,2724,243,1461,2847,2551,2582,413,2760,44,1.000,1,2243,1,36.650,0.643,-14.375,-13.250,-31.000,-0.125,0.133,1.012,-0.641,-0.051,0.184,0.036,0.034,1.200,1.355,2,NULL,NULL,,3,0,2,7,255,1405,250,0,0
stim,202755,232876,0,232876,3430189.455,-0.660,-0.029,0.089,0.746,2699,243,1543,2837,2577,2587,488,2769,44,1.000,1,2243,1,34.918,0.695,-16.313,-12.313,-28.313,-0.074,0.047,1.000,-0.641,0.270,0.184,0.036,0.034,1.200,1.355,2,NULL,NULL,,3,0,2,7,255,1405,250,0,0
stim,202755,232876,0,232876,3430194.454,-0.661,-0.029,0.088,0.745,2669,245,1611,2833,2601,2591,599,2778,44,1.000,1,2243,1,31.883,0.913,-16.125,-12.125,-24.688,-0.078,0.102,0.992,-0.582,0.703,-0.008,0.036,0.032,1.200,1.355,2,NULL,NULL,,3,0,2,7,255,1405,250,0,0
stim,202755,232876,0,232876,3430199.455,-0.661,-0.029,0.087,0.745,2643,248,1689,2806,2612,2599,699,2780,44,1.000,1,2243,1,29.870,0.832,-16.750,-12.000,-21.625,-0.102,0.090,0.996,-0.445,0.703,-0.008,0.036,0.030,1.200,1.355,2,NULL,NULL,,3,0,2,7,255,1405,250,0,0
stim,202755,232876,0,232876,3430204.453,-0.662,-0.029,0.086,0.744,2619,263,1781,2805,2637,2590,821,2791,44,1.000,1,2243,1,26.847,0.832,-17.750,-11.188,-16.750,-0.066,-0.023,1.012,-0.445,0.703,0.016,0.038,0.030,1.200,1.355,2,NULL,NULL,,3,0,2,7,255,1405,250,0,0
stim,202774,232895,0,232895,3430209.455,-0.662,-0.029,0.085,0.744,2589,266,1833,2780,2657,2595,922,2807,44,1.000,1,2243,1,25.905,0.515,-19.625,-11.250,-12.625,-0.121,0.066,1.000,-0.223,0.465,0.055,0.040,0.030,1.200,1.355,2,NULL,NULL,,3,0,2,7,255,1405,250,0,0
stim,202774,232895,0,232895,3430214.454,-0.663,-0.029,0.084,0.743,2571,279,1894,2765,2669,2598,1032,2807,44,1.000,1,2243,1,27.774,0.365,-19.375,-10.938,-16.625,-0.148,0.117,0.988,-0.223,0.289,0.055,0.042,0.030,1.200,1.355,2,NULL,NULL,,3,0,2,7,255,1405,250,0,0
stim,202774,232895,0,232895,3430219.455,-0.664,-0.030,0.083,0.743,2523,284,1934,2751,2683,2595,1107,2815,44,1.000,1,2243,1,32.326,0.718,-17.250,-11.063,-25.000,-0.188,0.148,0.969,-0.715,-0.066,0.012,0.044,0.030,1.200,1.355,2,NULL,NULL,,3,0,2,7,255,1405,250,0,0
stim,202774,232895,0,232895,3430224.454,-0.665,-0.030,0.082,0.742,2483,309,2020,2733,2710,2592,1197,2827,44,1.000,1,2243,1,44.972,0.875,-11.500,-11.000,-42.063,-0.195,0.113,0.965,-0.715,-0.504,-0.102,0.046,0.030,1.200,1.355,2,NULL,NULL,,3,0,2,7,255,1405,250,0,0
stim,202774,232895,0,232895,3430229.455,-0.667,-0.030,0.081,0.740,2479,334,2079,2717,2715,2600,1298,2827,44,1.000,1,2243,1,48.095,0.830,-7.188,-12.063,-46.000,-0.094,-0.066,0.992,-0.660,-0.504,-0.117,0.048,0.030,1.200,1.355,2,NULL,NULL,,3,0,2,7,255,1405,250,0,0
stim,202774,232895,0,232895,3430234.454,-0.668,-0.030,0.080,0.740,2424,328,2159,2710,2726,2595,1397,2837,44,1.000,1,2243,1,35.177,1.174,-8.625,-12.125,-31.875,-0.066,-0.082,1.012,0.984,0.641,-0.117,0.050,0.032,1.200,1.355,2,NULL,NULL,,3,0,2,7,255,1405,250,0,0
stim,202805,232926,0,232926,3430239.455,-0.668,-0.030,0.080,0.739,2386,361,2212,2683,2747,2596,1507,2843,44,1.000,1,2243,1,25.623,1.174,-12.000,-12.500,-18.875,-0.090,0.027,0.996,0.984,0.641,-0.039,0.052,0.032,1.200,1.355,2,NULL,NULL,,3,0,2,7,255,1405,250,0,0
stim,202805,232926,0,232926,3430244.453,-0.669,-0.030,0.079,0.739,2323,361,2250,2654,2749,2592,1603,2853,44,1.000,1,2243,1,23.759,0.549,-10.750,-12.125,-17.375,-0.113,0.035,1.016,0.051,0.547,0.043,0.054,0.034,1.200,1.355,2,NULL,NULL,,3,0,2,7,255,1405,250,0,0
stim,202805,232926,0,232926,3430249.455,-0.669,-0.030,0.078,0.738,2264,383,2300,2639,2771,2597,1677,2855,44,1.000,1,2243,1,26.068,0.541,-18.250,-11.750,-14.438,-0.105,-0.020,1.074,0.051,0.539,0.203,0.056,0.036,1.200,1.355,2,NULL,NULL,,3,0,2,7,255,1405,250,0,0
stim,202805,232926,0,232926,3430254.454,-0.670,-0.030,0.076,0.738,2207,409,2347,2605,2780,2587,1760,2871,44,1.000,1,2243,1,33.223,0.621,-29.813,-11.813,-8.688,-0.145,-0.023,1.023,0.512,0.352,0.305,0.058,0.038,1.200,1.355,2,NULL,NULL,,3,0,2,7,255,1405,250,0,0
stim,202805,232926,0,232926,3430259.455,-0.670,-0.031,0.075,0.738,2173,416,2387,2575,2789,2597,1842,2869,44,1.000,1,2243,1,35.737,0.522,-29.438,-12.188,-16.188,-0.223,0.047,0.957,0.512,0.105,0.305,0.058,0.040,1.200,1.355,2,NULL,NULL,,3,0,2,7,255,1405,250,0,0
stim,202805,232926,0,232926,3430264.453,-0.671,-0.031,0.074,0.737,2105,426,2437,2541,2800,2591,1925,2888,44,1.000,1,2243,1,42.011,0.637,-25.438,-13.125,-30.750,-0.207,0.035,1.000,-0.004,-0.637,0.176,0.058,0.040,1.200,1.355,2,NULL,NULL,,3,0,2,7,255,1405,250,0,0
stim,202854,232975,0,232975,3430269.455,-0.672,-0.032,0.072,0.736,2025,431,2478,2503,2815,2587,1979,2879,44,1.000,1,2243,1,54.076,0.637,-30.625,-14.188,-42.250,-0.160,0.020,1.059,-0.004,-0.637,0.176,0.060,0.040,1.200,1.355,2,NULL,NULL,,3,0,2,7,255,1405,250,0,0
stim,202854,232975,0,232975,3430274.454,-0.674,-0.033,0.070,0.735,1959,435,2511,2471,2830,2591,2031,2895,44,1.000,1,2243,1,60.605,0.086,-38.375,-14.063,-44.750,-0.098,0.023,1.035,-0.004,-0.086,0.355,0.060,0.042,1.200,1.355,2,NULL,NULL,,3,0,2,7,255,1405,250,0,0
stim,202854,232975,0,232975,3430279.455,-0.675,-0.033,0.069,0.734,1897,439,2549,2437,2843,2583,2099,2900,44,1.000,1,2243,1,55.154,0.480,-38.625,-13.625,-36.938,-0.039,0.020,0.969,-0.082,0.473,0.355,0.060,0.042,1.200,1.355,2,NULL,NULL,,3,0,2,7,255,1405,250,0,0
stim,202854,232975,0,232975,3430284.453,-0.676,-0.034,0.067,0.733,1821,435,2571,2387,2854,2581,2149,2905,44,1.000,1,2243,1,42.547,0.708,-30.688,-13.875,-26.000,-0.055,0.012,0.941,-0.082,0.703,-0.363,0.060,0.042,1.200,1.355,2,NULL,NULL,,3,0,2,7,255,1405,250,0,0
stim,202854,232975,0,232975,3430289.455,-0.677,-0.034,0.066,0.733,1752,445,2595,2327,2862,2587,2195,2904,44,1.000,1,2243,1,35.792,0.706,-24.688,-14.375,-21.563,-0.129,0.000,0.980,-0.063,0.703,-0.363,0.062,0.040,1.200,1.355,2,NULL,NULL,,3,0,2,7,255,1405,250,0,0
stim,202854,232975,0,232975,3430294.454,-0.677,-0.034,0.065,0.732,1653,437,2622,2281,2868,2587,2247,2915,44,1.000,1,2243,1,37.280,0.067,-22.375,-14.375,-26.125,-0.156,0.012,0.996,-0.012,0.066,-0.133,0.062,0.040,1.200,1.355,2,NULL,NULL,,3,0,2,7,255,1405,250,0,0
stim,202854,232975,0,232975,3430299.455,-0.678,-0.035,0.063,0.731,1544,439,2647,2223,2878,2578,2249,2915,44,1.000,1,2243,1,40.834,0.103,-21.938,-14.875,-31.063,-0.125,-0.004,1.004,0.078,0.066,0.078,0.064,0.040,1.200,1.355,2,NULL,NULL,,3,0,2,7,255,1405,250,0,0
stim,202854,232975,0,232975,3430304.453,-0.679,-0.035,0.062,0.730,1427,429,2675,2159,2887,2581,2322,2919,44,1.000,1,2243,1,40.490,0.130,-21.563,-15.750,-30.438,-0.090,-0.016,1.012,0.090,0.094,0.098,0.066,0.040,1.200,1.355,2,NULL,NULL,,3,0,2,7,255,1405,250,0,0
stim,202874,232995,0,232995,3430309.455,-0.680,-0.035,0.061,0.730,1307,384,2695,2077,2902,2579,2351,2923,44,1.000,1,2243,1,38.686,0.476,-22.438,-15.938,-27.188,-0.082,-0.035,1.023,0.168,0.445,0.129,0.068,0.040,1.200,1.355,2,NULL,NULL,,3,0,2,7,255,1405,250,0,0
stim,202874,232995,0,232995,3430314.454,-0.681,-0.035,0.059,0.729,1193,365,2717,1990,2907,2571,2387,2934,44,1.000,1,2243,1,37.269,0.476,-25.438,-16.313,-21.813,-0.094,-0.020,1.047,0.168,0.445,0.219,0.068,0.042,1.200,1.355,2,NULL,NULL,,3,0,2,7,255,1405,250,0,0
stim,202874,232995,0,232995,3430319.455,-0.681,-0.035,0.058,0.729,1100,348,2735,1895,2915,2579,2415,2931,44,1.000,1,2243,1,37.452,0.448,-27.813,-16.375,-19.000,-0.113,0.051,1.020,0.160,0.418,0.230,0.070,0.042,1.200,1.355,2,NULL,NULL,,3,0,2,7,255,1405,250,0,0
stim,202874,232995,0,232995,3430324.454,-0.682,-0.036,0.057,0.728,968,339,2760,1797,2935,2569,2463,2941,44,1.000,1,2243,1,36.434,0.557,-26.000,-17.250,-18.813,-0.141,0.066,1.008,-0.539,0.141,0.230,0.072,0.042,1.200,1.355,2,NULL,NULL,,3,0,2,7,255,1405,250,0,0
stim,202894,233015,0,233015,3430329.455,-0.683,-0.036,0.055,0.728,815,309,2781,1659,2927,2555,2491,2940,44,1.000,1,2243,1,37.205,0.566,-24.250,-18.563,-21.250,-0.148,0.027,1.027,-0.539,-0.172,0.230,0.072,0.042,1.200,1.355,2,NULL,NULL,,3,0,2,7,255,1405,250,0,0
stim,202894,233015,0,233015,3430334.453,-0.683,-0.036,0.054,0.727,693,280,2799,1511,2936,2547,2517,2943,44,1.000,1,2243,1,40.851,0.381,-24.875,-19.000,-26.250,-0.137,-0.039,1.027,-0.340,-0.172,0.355,0.074,0.040,1.200,1.355,2,NULL,NULL,,3,0,2,7,255,1405,250,0,0
stim,202894,233015,0,233015,3430339.455,-0.684,-0.036,0.052,0.726,537,259,2831,1377,2957,2533,2551,2953,44,1.000,1,2243,1,40.677,0.290,-22.813,-19.875,-27.188,-0.113,-0.051,1.023,0.277,-0.086,0.355,0.074,0.040,1.200,1.355,2,NULL,NULL,,3,0,2,7,255,1405,250,0,0
stim,202894,233015,0,233015,3430344.454,-0.685,-0.036,0.051,0.726,405,202,2835,1194,2959,2521,2567,2965,44,1.000,1,2243,1,40.941,0.311,-24.375,-20.625,-25.625,-0.102,-0.031,1.027,0.277,0.141,0.293,0.072,0.040,1.200,1.355,2,NULL,NULL,,3,0,2,7,255,1405,250,0,0
stim,202894,233015,0,233015,3430349.455,-0.686,-0.036,0.050,0.725,311,173,2847,1017,2968,2521,2587,2955,44,1.000,1,2243,1,39.337,0.202,-22.438,-21.563,-24.063,-0.117,0.016,1.023,0.145,0.141,0.289,0.070,0.042,1.200,1.355,2,NULL,NULL,,3,0,2,7,255,1405,250,0,0
stim,202894,233015,0,233015,3430354.453,-0.687,-0.036,0.048,0.724,159,157,2861,880,2975,2503,2613,2967,44,1.000,1,2243,1,40.105,0.333,-21.563,-22.563,-25.188,-0.109,0.031,1.039,-0.324,0.078,0.293,0.068,0.044,1.200,1.355,2,NULL,NULL,,3,0,2,7,255,1405,250,0,0
stim,202947,233069,0,233069,3430359.455,-0.688,-0.036,0.047,0.724,103,136,2876,685,2984,2493,2634,2963,44,1.000,1,2243,1,42.144,0.533,-23.125,-23.500,-26.250,-0.102,0.039,1.035,-0.527,0.078,0.363,0.066,0.046,1.200,1.355,2,NULL,NULL,,3,0,2,7,255,1405,250,0,0
stim,202947,233069,0,233069,3430364.454,-0.688,-0.036,0.045,0.723,45,75,2889,549,2985,2473,2650,2969,44,1.000,1,2243,1,44.392,0.621,-21.125,-25.063,-29.938,-0.082,0.039,1.016,-0.609,0.121,0.363,0.064,0.050,1.200,1.355,2,NULL,NULL,,3,0,2,7,255,1405,250,0,0
stim,202947,233069,0,233069,3430369.455,-0.689,-0.035,0.044,0.722,19,45,2901,381,2992,2444,2665,2973,44,1.000,1,2243,1,41.477,0.665,-16.500,-26.563,-27.250,-0.059,0.023,1.000,-0.609,0.266,0.141,0.060,0.056,1.200,1.355,2,NULL,NULL,,3,0,2,7,255,1405,250,0,0
stim,202947,233069,0,233069,3430374.454,-0.690,-0.035,0.042,0.722,0,38,2903,235,2999,2437,2685,2975,44,1.000,1,2243,1,41.362,0.689,-14.188,-27.000,-27.938,-0.043,0.016,0.969,-0.520,0.453,0.000,0.056,0.060,1.200,1.355,2,NULL,NULL,,3,0,2,7,255,1405,250,0,0
stim,202947,233069,0,233069,3430379.455,-0.691,-0.034,0.041,0.721,0,28,2915,145,3016,2405,2708,2976,44,1.000,1,2243,1,39.247,0.638,-4.625,-28.750,-26.313,-0.094,0.000,0.977,-0.449,0.453,-0.215,0.056,0.064,1.200,1.355,2,NULL,NULL,,3,0,2,7,255,1405,250,0,0
stim,202948,233069,0,233069,3430384.454,-0.692,-0.033,0.041,0.720,0,22,2931,98,3022,2381,2729,2990,44,1.000,1,2243,1,37.503,0.287,7.688,-32.500,-17.063,-0.180,-0.039,1.125,-0.281,0.059,-0.215,0.054,0.070,1.200,1.355,2,NULL,NULL,,3,0,2,7,255,1405,250,0,0
stim,202948,233069,0,233069,3430389.455,-0.692,-0.032,0.039,0.720,0,3,2936,85,3027,2359,2735,2988,44,1.000,1,2243,0,38.373,0.666,-5.938,-33.125,-18.438,-0.250,-0.195,1.332,0.133,-0.652,1.344,0.052,0.074,1.200,1.355,3,NULL,NULL,,3,0,2,7,255,1405,250,0,0
stim,202948,233069,0,233069,3430394.453,-0.693,-0.032,0.037,0.719,0,0,2932,61,2969,2334,2758,2983,44,1.000,1,2243,0,50.790,1.725,-18.813,-39.813,-25.313,-0.281,-0.164,1.203,1.320,-1.109,2.238,0.050,0.078,1.200,1.355,3,NULL,NULL,,3,0,2,7,255,1405,250,0,0
stim,202972,233093,0,233093,3430399.455,-0.694,-0.030,0.036,0.719,0,0,2937,10,3035,2311,2773,2989,44,1.000,1,2243,0,47.466,1.771,4.000,-45.000,-14.563,-0.250,-0.113,1.379,1.320,-1.180,3.449,0.048,0.084,1.200,1.355,3,NULL,NULL,,3,0,2,7,255,1405,250,0,0
stim,202972,233093,0,233093,3430404.454,-0.694,-0.029,0.034,0.719,0,0,2957,0,3043,2285,2799,2987,44,1.000,1,2243,0,56.254,1.413,-20.938,-52.188,-1.625,-0.109,0.113,1.273,0.777,-1.180,2.684,0.044,0.088,1.200,1.355,3,NULL,NULL,,3,0,2,7,255,1405,250,0,0
stim,202972,233093,0,233093,3430409.455,-0.694,-0.029,0.031,0.719,0,0,2949,0,3045,2255,2809,2989,44,1.000,1,2243,0,66.492,0.823,-43.188,-49.750,-9.000,-0.102,0.047,1.012,-0.789,-0.234,2.684,0.042,0.094,1.200,1.355,3,NULL,NULL,,3,0,2,7,255,1405,250,0,0
stim,202972,233093,0,233093,3430414.454,-0.694,-0.028,0.029,0.719,0,0,2957,0,3051,2219,2828,2996,44,1.000,1,2243,0,59.036,0.823,-16.875,-56.500,2.875,-0.156,-0.004,0.922,-0.789,-0.234,0.145,0.040,0.100,1.200,1.355,3,NULL,NULL,,3,0,2,7,255,1405,250,0,0
stim,202972,233093,0,233093,3430419.455,-0.693,-0.026,0.028,0.719,0,0,2952,0,3052,2167,2837,2989,44,1.000,1,2243,0,62.390,0.897,11.000,-60.938,7.625,-0.191,-0.098,1.066,-0.281,-0.852,0.145,0.040,0.104,1.200,1.355,3,NULL,NULL,,3,0,2,7,255,1405,250,0,0
stim,202972,233093,0,233093,3430424.454,-0.694,-0.024,0.026,0.720,0,0,2953,0,3055,2119,2846,2991,44,1.000,1,2243,0,65.344,1.252,7.813,-64.875,0.250,-0.203,-0.180,1.145,0.609,-1.094,0.770,0.040,0.110,1.200,1.355,3,NULL,NULL,,3,0,2,7,255,1405,250,0,0
stim,202991,233112,0,233112,3430429.455,-0.694,-0.022,0.024,0.720,0,0,2953,0,3063,2055,2859,2997,44,1.000,1,2243,0,67.770,1.640,1.000,-67.688,-3.188,-0.160,-0.164,1.164,1.223,-1.094,1.563,0.038,0.114,1.200,1.355,3,NULL,NULL,,3,0,2,7,255,1405,250,0,0
stim,202991,233112,0,233112,3430434.453,-0.694,-0.020,0.022,0.720,0,0,2941,0,3077,1971,2877,3003,44,1.000,1,2243,0,70.413,1.488,-2.313,-70.375,0.125,-0.109,-0.109,1.125,1.223,-0.848,1.563,0.038,0.118,1.200,1.355,3,NULL,NULL,,3,0,2,7,255,1405,250,0,0
stim,202991,233112,0,233112,3430439.455,-0.693,-0.017,0.019,0.720,0,0,2937,0,3064,1889,2875,2991,44,1.000,1,2243,0,73.578,0.825,0.688,-73.438,4.500,-0.086,-0.074,1.063,0.691,-0.449,1.273,0.034,0.120,1.200,1.355,3,NULL,NULL,,3,0,2,7,255,1405,250,0,0
stim,202991,233112,0,233112,3430444.453,-0.693,-0.015,0.017,0.720,0,0,2933,0,3087,1813,2895,2999,44,1.000,1,2243,0,77.729,0.530,8.313,-76.375,11.813,-0.082,-0.023,1.086,0.375,-0.375,0.855,0.030,0.120,1.200,1.355,3,NULL,NULL,,3,0,2,7,255,1405,250,0,0
stim,203018,233139,0,233139,3430449.455,-0.693,-0.012,0.015,0.721,0,0,2931,0,3079,1711,2901,3000,44,1.000,1,2243,0,82.130,0.401,10.875,-79.625,16.938,-0.109,0.027,1.145,-0.141,-0.375,0.855,0.024,0.122,1.200,1.355,3,NULL,NULL,,3,0,2,7,255,1405,250,0,0
stim,203018,233139,0,233139,3430454.454,-0.692,-0.009,0.013,0.722,0,0,2909,0,3043,1622,2905,2987,44,1.000,1,2243,0,84.743,0.941,11.250,-82.563,15.438,-0.133,0.035,1.145,-0.625,-0.703,1.414,0.016,0.124,1.200,1.355,3,NULL,NULL,,3,0,2,7,255,1405,250,0,0
stim,203018,233139,0,233139,3430459.455,-0.692,-0.006,0.011,0.722,0,0,2895,0,3079,1499,2911,2995,44,1.000,1,2243,0,88.245,1.047,8.938,-86.500,15.000,-0.105,0.043,1.180,-0.656,-0.816,1.418,0.010,0.124,1.200,1.355,3,NULL,NULL,,3,0,2,7,255,1405,250,0,0
stim,203018,233139,0,233139,3430464.453,-0.691,-0.003,0.009,0.723,0,0,2891,0,3081,1389,2921,2991,44,1.000,1,2243,0,90.773,1.095,3.500,-89.063,17.188,-0.078,0.047,1.184,-0.730,-0.816,1.770,0.006,0.126,1.200,1.355,3,NULL,NULL,,3,0,2,7,255,1405,250,0,0
stim,203055,233176,0,233176,3430469.455,-0.690,-0.000,0.006,0.724,0,0,2868,0,3082,1255,2922,2976,44,1.000,1,2243,0,95.262,0.992,0.313,-92.875,21.188,-0.051,0.035,1.137,-0.730,-0.672,1.770,0.004,0.126,1.200,1.355,3,NULL,NULL,,3,0,2,7,255,1405,250,0,0
stim,203055,233176,0,233176,3430474.454,-0.689,0.003,0.003,0.724,0,0,2861,0,3087,1097,2927,2985,44,1.000,1,2243,0,100.119,0.931,4.625,-96.438,26.500,-0.066,0.031,1.117,-0.645,-0.672,1.316,0.012,0.128,1.200,1.355,3,NULL,NULL,,3,0,2,7,255,1405,250,0,0
stim,203055,233176,0,233176,3430479.455,-0.688,0.006,0.001,0.725,0,0,2835,0,3097,941,2940,2967,44,1.000,1,2243,0,105.338,0.977,4.500,-100.688,30.625,-0.063,0.059,1.180,-0.645,-0.734,1.316,0.020,0.130,1.200,1.355,3,NULL,NULL,,3,0,2,7,255,1405,250,0,0
stim,203055,233176,0,233176,3430484.453,-0.687,0.010,-0.002,0.726,0,0,2810,0,3097,762,2943,2965,44,1.000,1,2243,0,108.535,1.132,-0.500,-103.938,31.250,-0.070,0.055,1.152,-0.801,-0.801,1.441,0.028,0.134,1.200,1.355,3,NULL,NULL,,3,0,2,7,255,1405,250,0,0
stim,203055,233176,0,233176,3430489.455,-0.686,0.013,-0.005,0.727,0,0,2792,0,3095,655,2949,2951,44,1.000,1,2243,0,112.329,1.175,0.000,-107.563,32.375,-0.031,0.059,1.148,-0.859,-0.801,1.441,0.036,0.138,1.200,1.355,3,NULL,NULL,,3,0,2,7,255,1405,250,0,0
stim,203055,233176,0,233176,3430494.454,-0.685,0.016,-0.009,0.729,0,0,2760,0,3089,541,2963,2948,44,1.000,1,2243,0,118.303,1.113,-3.000,-111.250,40.125,-0.008,0.090,1.180,-0.859,-0.707,1.441,0.044,0.142,1.200,1.355,3,NULL,NULL,,3,0,2,7,255,1405,250,0,0
stim,203055,233176,1,233176,3430499.455,-0.683,0.020,-0.012,0.730,0,0,2727,0,3087,446,2955,2926,44,1.000,1,2243,0,123.267,1.392,-8.750,-113.875,46.375,-0.039,0.102,1.191,-1.199,-0.707,1.727,0.054,0.150,1.200,1.355,3,NULL,NULL,,3,1,2,7,255,1405,250,0,0
stim,203055,233176,1,233176,3430504.453,-0.681,0.023,-0.016,0.731,0,0,2701,0,3092,313,2971,2919,44,1.000,1,2243,0,126.052,1.592,-11.813,-116.813,45.875,-0.086,0.074,1.184,-1.199,-1.047,1.727,0.064,0.158,1.200,1.355,3,NULL,NULL,,3,1,2,7,255,1405,250,0,0
stim,203073,233194,1,233194,3430509.455,-0.680,0.026,-0.020,0.733,0,0,2653,0,3087,171,2963,2893,44,1.000,1,2243,0,127.245,1.889,-12.500,-120.125,40.063,-0.137,0.020,1.207,-0.988,-1.609,1.809,0.074,0.168,1.200,1.355,3,NULL,NULL,,3,1,2,7,255,1405,250,0,0
stim,203073,233194,1,233194,3430514.454,-0.679,0.030,-0.024,0.734,0,0,2614,0,3081,107,2965,2871,44,1.000,1,2243,0,129.827,2.114,-17.375,-124.188,33.625,-0.113,0.004,1.238,-0.410,-2.074,1.902,0.086,0.182,1.200,1.355,3,NULL,NULL,,3,1,2,7,255,1405,250,0,0
stim,203073,233194,1,233194,3430519.455,-0.678,0.033,-0.028,0.734,0,0,2579,0,3080,46,2965,2845,44,1.000,1,2243,0,131.273,2.218,-21.875,-127.000,25.000,-0.121,0.023,1.258,-0.410,-2.180,2.199,0.100,0.196,1.200,1.355,3,NULL,NULL,,3,1,2,7,255,1405,250,0,0
stim,203073,233194,1,233194,3430524.454,-0.677,0.036,-0.033,0.735,0,0,2531,0,3077,16,2965,2821,44,1.000,1,2243,0,135.459,2.367,-24.188,-131.875,19.313,-0.152,0.063,1.234,-0.488,-2.316,2.199,0.116,0.212,1.200,1.355,3,NULL,NULL,,3,1,2,7,255,1405,250,0,0
stim,203073,233194,1,233194,3430529.455,-0.676,0.040,-0.037,0.735,0,0,2483,0,3063,0,2961,2781,44,1.000,1,2243,0,137.616,2.915,-14.500,-136.813,3.188,-0.176,0.094,1.234,-0.836,-2.793,2.066,0.134,0.234,1.200,1.355,3,NULL,NULL,,3,1,2,7,255,1405,250,0,0
stim,203073,233194,1,233194,3430534.454,-0.676,0.044,-0.041,0.734,0,0,2429,0,3059,0,2962,2743,44,1.000,1,2243,0,141.573,3.015,-11.625,-140.875,-7.875,-0.094,0.086,1.391,-1.137,-2.793,2.066,0.156,0.256,1.200,1.355,3,NULL,NULL,,3,1,2,7,255,1405,250,0,0
stim,203112,233233,1,233233,3430539.455,-0.676,0.048,-0.046,0.734,0,0,2363,0,3051,0,2957,2697,44,1.000,1,2243,0,145.636,3.066,-17.938,-144.375,-6.625,-0.070,0.047,1.586,-1.137,-2.848,3.594,0.176,0.280,1.200,1.355,3,NULL,NULL,,3,1,2,7,255,1405,250,0,0
stim,203112,233233,1,233233,3430544.454,-0.675,0.052,-0.051,0.734,0,0,2297,0,3031,0,2951,2644,44,1.000,1,2243,0,155.254,2.962,-36.313,-150.875,4.688,-0.129,0.008,1.730,-0.816,-2.848,5.473,0.200,0.304,1.200,1.355,3,NULL,NULL,,3,1,2,7,255,1405,250,0,0
stim,203112,233233,1,233233,3430549.455,-0.675,0.055,-0.058,0.734,0,0,2205,0,3029,0,2937,2587,44,1.000,1,2243,0,171.431,3.819,-58.500,-160.375,15.688,-0.297,0.027,1.707,-0.563,-3.777,6.215,0.226,0.332,1.200,1.355,3,NULL,NULL,,3,1,2,7,255,1405,250,0,0
stim,203112,233233,1,233233,3430554.453,-0.674,0.059,-0.065,0.734,0,0,2120,0,3018,0,2926,2513,44,1.000,1,2243,0,184.819,5.669,-67.750,-171.938,2.313,-0.359,0.078,1.523,-0.563,-5.641,6.215,0.256,0.364,1.200,1.355,3,NULL,NULL,,3,1,2,7,255,1405,250,0,0
stim,203112,233233,1,233233,3430559.455,-0.674,0.063,-0.072,0.733,0,0,2013,0,3004,0,2910,2425,44,1.000,1,2243,0,194.528,6.248,-58.875,-184.875,-14.000,-0.371,0.039,1.496,-0.711,-6.207,4.227,0.288,0.396,1.200,1.355,3,NULL,NULL,,3,1,2,7,255,1405,250,0,0
stim,203112,233233,1,233233,3430564.454,-0.674,0.068,-0.080,0.731,0,0,1940,0,2987,0,2898,2329,44,1.000,1,2243,0,206.578,6.293,-52.563,-198.625,-21.438,-0.277,0.082,1.582,-1.039,-6.207,4.227,0.320,0.432,1.200,1.355,3,NULL,NULL,,3,1,2,7,255,1405,250,0,0
stim,203152,233273,1,233273,3430569.455,-0.674,0.073,-0.088,0.730,0,0,1851,0,2971,0,2863,2237,44,1.000,1,2243,0,222.374,6.132,-64.188,-211.125,-27.500,-0.242,0.059,1.609,-1.148,-6.023,4.750,0.358,0.472,1.200,1.355,3,NULL,NULL,,3,1,2,7,255,1405,250,0,0
stim,203152,233273,1,233273,3430574.454,-0.674,0.078,-0.097,0.729,0,0,1757,0,2953,3,2827,2135,44,1.000,1,2243,0,234.061,6.158,-65.313,-224.125,-16.938,-0.254,0.082,1.707,-1.281,-6.023,4.949,0.398,0.512,1.200,1.355,3,NULL,NULL,,3,1,2,7,255,1405,250,0,0
stim,203152,233273,1,233273,3430579.455,-0.673,0.083,-0.106,0.727,0,0,1638,0,2926,5,2780,2039,44,1.000,1,2243,0,252.802,6.770,-78.750,-239.875,-12.938,-0.355,0.055,1.719,-1.215,-6.660,5.438,0.440,0.556,1.200,1.355,3,NULL,NULL,,3,1,2,7,255,1405,250,0,0
stim,203152,233273,1,233273,3430584.454,-0.672,0.089,-0.116,0.726,0,0,1557,0,2903,6,2724,1942,44,1.000,1,2243,0,265.868,8.086,-76.125,-254.313,-14.688,-0.348,0.156,1.707,-1.504,-7.945,5.438,0.486,0.602,1.200,1.355,3,NULL,NULL,,3,1,2,7,255,1405,250,0,0
stim,203152,233273,1,233273,3430589.455,-0.671,0.095,-0.126,0.724,0,0,1467,0,2869,7,2645,1869,44,1.000,1,2243,0,282.017,8.536,-80.438,-269.625,-19.125,-0.375,0.141,1.762,-2.234,-8.238,5.309,0.540,0.656,1.200,1.355,3,NULL,NULL,,3,1,2,7,255,1405,250,0,0
stim,203152,233273,1,233273,3430594.453,-0.671,0.102,-0.137,0.722,0,0,1385,0,2827,0,2540,1775,44,1.000,1,2243,0,297.249,8.551,-76.500,-286.063,-25.938,-0.191,0.172,1.730,-2.293,-8.238,5.309,0.596,0.714,1.200,1.355,3,NULL,NULL,,3,1,2,7,255,1405,250,0,0
stim,203152,233273,1,233273,3430599.455,-0.669,0.110,-0.147,0.720,0,0,1301,0,2776,0,2403,1670,44,1.000,1,2243,0,307.059,8.442,-47.063,-303.125,-13.625,-0.145,0.109,1.891,-2.332,-8.113,5.332,0.658,0.774,1.200,1.355,3,NULL,NULL,,3,1,2,7,255,1405,250,0,0
stim,203152,233273,1,233273,3430604.454,-0.667,0.119,-0.158,0.718,0,0,1214,0,2713,0,2273,1573,44,1.000,1,2243,0,317.714,8.570,-32.750,-316.000,-3.688,-0.207,0.316,2.137,-2.762,-8.113,6.805,0.728,0.842,1.200,1.355,3,NULL,NULL,,3,1,2,7,255,1405,250,0,0
stim,203173,233294,1,233294,3430609.455,-0.665,0.128,-0.168,0.716,0,0,1095,0,2639,0,2093,1445,44,1.000,1,2243,0,324.264,11.122,-37.625,-321.938,-9.375,-0.332,0.590,2.484,-4.480,-10.180,8.367,0.796,0.910,1.200,1.355,3,NULL,NULL,,3,1,2,7,255,1405,250,0,0
stim,203173,233294,1,233294,3430614.454,-0.663,0.137,-0.180,0.713,0,0,979,0,2567,0,1853,1334,44,1.000,1,2243,0,338.559,15.197,-73.375,-329.188,-29.563,-0.320,0.691,2.586,-7.301,-13.328,10.434,0.860,0.976,1.200,1.355,3,NULL,NULL,,3,1,2,7,255,1405,250,0,0
stim,203173,233294,1,233294,3430619.455,-0.662,0.144,-0.193,0.710,0,0,805,0,2457,0,1590,1207,44,1.000,1,2243,0,357.236,15.470,-117.000,-336.375,-27.938,-0.227,0.594,2.457,-7.672,-13.434,10.434,0.920,1.036,1.200,1.355,3,NULL,NULL,,3,1,2,7,255,1405,250,0,0
stim,203173,233294,1,233294,3430624.454,-0.660,0.150,-0.208,0.706,0,0,627,0,2329,0,1245,1065,44,1.000,1,2243,0,378.177,15.470,-152.188,-346.000,-11.875,-0.203,0.293,2.105,-7.672,-13.434,9.758,0.966,1.084,1.200,1.355,3,NULL,NULL,,3,1,2,7,255,1405,250,0,0
stim,203194,233315,1,233315,3430629.455,-0.657,0.156,-0.223,0.703,0,0,420,0,2155,0,841,1002,44,1.000,1,2243,0,391.336,12.921,-162.313,-356.063,4.250,-0.129,-0.016,1.633,-4.703,-12.035,6.734,1.006,1.126,1.200,1.355,3,NULL,NULL,,3,1,2,7,255,1405,250,0,0
stim,203194,233315,1,233315,3430634.454,-0.654,0.164,-0.238,0.699,0,0,293,0,1915,0,455,877,44,1.000,1,2243,0,395.904,9.561,-131.625,-373.375,2.500,0.000,-0.359,1.191,-1.508,-9.441,3.145,1.046,1.166,1.200,1.355,3,NULL,NULL,,3,1,2,7,255,1405,250,0,0
stim,203194,233315,1,233315,3430639.455,-0.649,0.173,-0.251,0.696,0,0,236,0,1720,0,205,761,44,1.000,1,2243,0,391.391,6.722,-63.188,-386.063,12.250,0.168,-0.391,1.023,2.086,-6.391,0.379,1.086,1.208,1.200,1.355,3,NULL,NULL,,3,1,2,7,255,1405,250,0,0
stim,203194,233315,1,233315,3430644.453,-0.644,0.185,-0.262,0.694,0,0,207,0,1437,0,17,595,44,1.000,1,2243,0,391.054,4.907,-3.188,-390.688,16.625,0.336,-0.063,1.121,2.086,-4.441,0.379,1.144,1.268,1.200,1.355,3,NULL,NULL,,3,1,2,7,255,1405,250,0,0
stim,203194,233315,1,233315,3430649.455,-0.638,0.197,-0.273,0.692,0,0,120,0,1095,0,0,487,44,1.000,1,2243,0,397.505,4.563,43.563,-394.250,26.063,0.266,0.141,1.418,-1.047,-4.441,0.914,1.210,1.336,1.200,1.355,3,NULL,NULL,,3,1,2,7,255,1405,250,0,0
stim,203194,233315,1,233315,3430654.454,-0.631,0.210,-0.282,0.692,0,0,107,0,761,0,0,399,44,1.000,1,2243,0,399.945,7.509,73.375,-389.875,50.688,0.098,0.285,1.492,-3.176,-6.805,1.332,1.282,1.408,1.200,1.355,3,NULL,NULL,,3,1,2,7,255,1405,250,0,0
stim,203249,233370,1,233370,3430659.458,-0.622,0.223,-0.292,0.691,0,0,107,0,350,0,0,328,44,1.000,1,2243,0,416.090,9.764,63.125,-401.625,88.563,-0.055,0.215,2.031,-3.785,-9.000,2.293,1.358,1.486,1.200,1.355,3,NULL,NULL,,3,1,2,7,255,1405,250,0,0
stim,203249,233370,1,233370,3430664.453,-0.613,0.233,-0.304,0.691,0,0,75,0,52,0,0,231,44,1.000,1,2243,0,427.786,14.608,7.625,-405.813,135.125,-0.289,0.164,2.020,-3.785,-14.109,1.867,1.438,1.566,1.200,1.355,3,NULL,NULL,,3,1,2,7,255,1405,250,0,0
stim,203249,233370,1,233370,3430669.455,-0.603,0.242,-0.318,0.691,0,0,63,0,0,0,0,152,44,1.000,1,2243,0,434.930,15.413,-57.938,-402.125,155.250,-0.359,0.434,1.711,-3.785,-14.941,1.867,1.518,1.644,1.200,1.355,4,NULL,NULL,,3,1,2,7,255,1405,250,0,0
stim,203249,233370,1,233370,3430674.454,-0.594,0.248,-0.332,0.689,0,0,71,0,0,0,0,83,44,1.000,1,2243,0,426.136,15.771,-101.750,-390.188,137.813,-0.406,0.922,1.438,-5.047,-14.941,-1.695,1.598,1.724,1.200,1.355,0,NULL,NULL,,3,1,2,7,255,1405,250,0,0
stim,203249,233370,1,233370,3430679.455,-0.586,0.254,-0.347,0.687,0,0,43,0,0,0,0,55,44,1.000,1,2243,0,410.593,16.666,-132.125,-370.750,116.938,-0.422,1.203,1.277,-9.430,-13.742,-5.238,1.676,1.802,1.200,1.355,0,NULL,NULL,,3,1,2,7,255,1405,250,0,0
stim,203249,233370,1,233370,3430684.453,-0.578,0.259,-0.362,0.684,0,0,58,0,0,0,0,51,44,1.000,1,2243,0,405.143,16.706,-150.188,-357.625,117.000,-0.668,0.992,1.289,-9.500,-13.742,-7.457,1.746,1.872,1.200,1.355,0,NULL,NULL,,3,1,2,7,255,1405,250,0,0
stim,203249,233370,1,233370,3430689.455,-0.572,0.262,-0.377,0.680,0,0,63,0,0,0,0,73,44,1.000,1,2243,0,396.396,16.681,-191.625,-329.250,109.563,-0.602,0.809,1.246,-9.500,-13.711,-9.285,1.810,1.936,1.200,1.355,0,NULL,NULL,,3,1,2,7,255,1405,250,0,0
stim,203249,233370,1,233370,3430694.453,-0.568,0.264,-0.392,0.674,0,0,67,0,0,0,0,93,44,1.000,1,2243,0,366.823,15.800,-224.188,-286.125,49.313,-0.227,0.383,1.121,-7.852,-13.711,-9.285,1.868,1.994,1.200,1.355,0,NULL,NULL,,3,1,2,7,255,1405,250,0,0
stim,203272,233394,1,233394,3430699.455,-0.565,0.265,-0.404,0.669,0,0,62,0,0,0,0,147,44,1.000,1,2243,0,309.348,11.429,-205.875,-229.688,23.563,-0.023,-0.059,0.984,-4.551,-10.484,-6.480,1.922,2.050,1.200,1.355,0,NULL,NULL,,3,1,2,7,255,1405,250,0,0
stim,203272,233394,1,233394,3430704.454,-0.563,0.265,-0.414,0.665,0,0,61,0,0,0,0,177,44,1.000,1,2243,0,259.971,9.772,-180.813,-182.125,41.500,-0.086,-0.098,1.109,-0.766,-9.742,-4.781,1.970,2.100,1.200,1.355,0,NULL,NULL,,3,1,2,7,255,1405,250,0,0
stim,203273,233394,1,233394,3430709.455,-0.562,0.262,-0.424,0.661,0,0,60,0,0,0,0,227,44,1.000,1,2243,0,245.528,9.772,-207.375,-124.750,41.438,-0.184,0.031,1.090,-0.766,-9.742,-4.781,2.010,2.140,1.200,1.355,0,NULL,NULL,,3,1,2,7,255,1405,250,0,0
stim,203273,233394,1,233394,3430714.454,-0.562,0.257,-0.432,0.656,0,0,59,0,0,0,0,209,44,1.000,1,2243,0,258.470,9.885,-249.563,-61.250,27.813,-0.188,0.113,0.621,-1.676,-9.742,-6.086,2.038,2.168,1.200,1.355,0,NULL,NULL,,3,1,2,7,255,1405,250,0,0
stim,203273,233394,1,233394,3430719.455,-0.564,0.251,-0.440,0.652,0,0,55,0,0,0,0,221,44,1.000,1,2243,0,251.241,6.445,-249.875,-2.313,26.063,-0.152,0.238,-0.008,-1.789,-6.191,-8.691,2.042,2.172,1.200,1.355,0,NULL,NULL,,3,1,2,7,255,1405,250,0,0
stim,203273,233394,1,233394,3430724.454,-0.567,0.245,-0.444,0.649,0,0,53,0,0,0,0,175,44,1.000,1,2243,0,194.254,2.057,-187.750,45.000,21.438,-0.207,0.387,-0.391,-1.953,-0.645,-11.785,2.038,2.168,1.200,1.355,0,NULL,NULL,,3,1,2,7,255,1405,250,0,0
stim,203291,233412,1,233412,3430729.455,-0.569,0.239,-0.445,0.649,0,0,42,0,0,0,0,155,44,1.000,1,2243,0,142.733,3.057,-104.563,95.063,20.063,-0.094,0.199,-0.332,-1.953,2.352,-12.750,2.030,2.160,1.200,1.355,0,NULL,NULL,,3,1,2,7,255,1405,250,0,0
stim,203291,233412,1,233412,3430734.453,-0.571,0.234,-0.444,0.650,0,0,45,0,0,0,0,138,44,1.000,1,2243,0,132.800,2.552,-44.188,121.125,31.813,-0.207,0.137,-0.137,-0.992,2.352,-12.750,2.016,2.148,1.200,1.355,0,NULL,NULL,,3,1,2,7,255,1405,250,0,0
stim,203291,233412,1,233412,3430739.455,-0.573,0.229,-0.441,0.652,0,0,39,0,0,0,0,137,44,1.000,1,2243,0,150.263,0.549,-9.875,144.313,40.688,-0.262,-0.004,0.051,-0.539,0.102,-12.535,2.000,2.132,1.200,1.355,0,NULL,NULL,,3,1,2,7,255,1405,250,0,0
stim,203291,233412,1,233412,3430744.454,-0.575,0.223,-0.437,0.655,0,0,31,0,0,0,0,137,44,1.000,1,2243,0,173.978,1.905,-2.250,163.563,59.250,-0.152,-0.180,0.164,0.430,-1.855,-11.625,1.986,2.118,1.200,1.355,0,NULL,NULL,,3,1,2,7,255,1405,250,0,0
stim,203324,233445,0,233445,3430749.455,-0.575,0.217,-0.434,0.659,0,0,25,0,0,0,0,135,44,1.000,1,2243,0,188.248,2.289,3.063,163.500,93.250,-0.273,-0.023,0.074,0.605,-2.207,-11.457,1.972,2.108,1.200,1.355,0,NULL,NULL,,3,0,2,7,255,1404,250,0,0
stim,203324,233445,0,233445,3430754.453,-0.575,0.210,-0.429,0.663,0,0,20,0,0,0,0,135,44,1.000,1,2243,0,202.672,2.338,28.875,171.313,104.375,-0.438,0.109,-0.031,0.605,-2.258,-11.457,1.968,2.102,1.200,1.355,0,NULL,NULL,,3,0,2,7,255,1404,250,0,0
stim,203324,233445,0,233445,3430759.455,-0.576,0.205,-0.424,0.668,0,0,10,0,0,0,0,133,44,1.000,1,2243,0,200.915,2.258,60.125,170.188,88.250,-0.563,0.203,0.055,0.051,-2.258,-13.672,1.972,2.108,1.200,1.355,0,NULL,NULL,,3,0,2,7,255,1404,250,0,0
stim,203324,233445,0,233445,3430764.454,-0.576,0.201,-0.418,0.673,0,0,17,0,0,0,0,133,44,1.000,1,2243,0,209.002,3.664,86.313,173.688,77.875,-0.469,0.066,0.141,0.051,-3.664,-13.672,1.984,2.120,1.200,1.355,0,NULL,NULL,,3,0,2,7,255,1404,250,0,0
stim,203369,233490,0,233490,3430769.455,-0.576,0.197,-0.411,0.678,0,0,19,0,0,0,0,132,44,1.000,1,2243,0,215.072,3.956,99.125,172.563,81.563,-0.527,0.125,0.297,-0.574,-3.914,-12.727,2.002,2.140,1.200,1.355,0,NULL,NULL,,3,0,2,7,255,1404,250,0,0
stim,203369,233490,0,233490,3430774.454,-0.576,0.193,-0.404,0.684,0,0,25,0,0,0,0,125,44,1.000,1,2243,0,218.277,5.538,103.063,176.688,76.188,-0.570,0.102,0.477,-0.574,-5.508,-12.410,2.030,2.170,1.200,1.355,0,NULL,NULL,,3,0,2,7,255,1404,250,0,0
stim,203369,233490,0,233490,3430779.455,-0.577,0.189,-0.397,0.688,0,0,39,0,0,0,0,131,44,1.000,1,2243,0,213.303,7.216,96.563,177.188,69.125,-0.637,0.098,0.645,-0.645,-7.188,-11.508,2.066,2.208,1.200,1.355,0,NULL,NULL,,3,0,2,7,255,1404,250,0,0
stim,203369,233490,0,233490,3430784.453,-0.578,0.185,-0.391,0.692,0,0,33,0,0,0,0,126,44,1.000,1,2243,0,204.772,8.941,83.875,178.813,54.063,-0.699,0.102,0.813,-0.789,-8.906,-10.813,2.108,2.252,1.200,1.355,0,NULL,NULL,,3,0,2,7,255,1404,250,0,0
stim,203369,233490,0,233490,3430789.455,-0.579,0.180,-0.384,0.696,0,0,33,0,0,0,0,135,44,1.000,1,2243,0,194.660,10.634,62.938,180.813,35.188,-0.711,0.125,0.961,-1.008,-10.586,-10.098,2.156,2.302,1.200,1.355,0,NULL,NULL,,3,0,2,7,255,1404,250,0,0
stim,203369,233490,0,233490,3430794.454,-0.582,0.175,-0.379,0.698,0,0,30,0,0,0,0,147,44,1.000,1,2243,0,189.500,11.832,34.750,185.625,15.688,-0.684,0.152,1.031,-1.488,-11.738,-9.172,2.212,2.360,1.200,1.355,0,NULL,NULL,,3,0,2,7,255,1404,250,0,0
stim,203369,233490,0,233490,3430799.455,-0.585,0.170,-0.373,0.699,0,0,23,0,0,0,0,148,44,1.000,1,2243,0,193.473,11.872,6.063,193.375,-1.125,-0.641,0.113,1.004,-1.777,-11.738,-8.426,2.270,2.420,1.200,1.355,0,NULL,NULL,,3,0,2,7,255,1404,250,0,0
stim,203369,233490,0,233490,3430804.453,-0.589,0.164,-0.369,0.700,0,0,10,0,0,0,0,148,44,1.000,1,2243,0,205.123,11.664,-16.000,203.688,-18.188,-0.633,0.066,0.945,-1.777,-11.527,-8.012,2.330,2.480,1.200,1.355,0,NULL,NULL,,3,0,2,7,255,1404,250,0,0
stim,203369,233490,0,233490,3430809.455,-0.594,0.157,-0.364,0.700,0,0,7,0,0,0,0,154,44,1.000,1,2243,0,222.266,11.095,-31.250,217.063,-36.188,-0.582,0.035,0.879,-1.324,-11.016,-8.008,2.390,2.542,1.200,1.355,0,NULL,NULL,,3,0,2,7,255,1404,250,0,0
stim,203369,233490,0,233490,3430814.454,-0.600,0.150,-0.358,0.699,0,0,4,0,0,0,0,160,44,1.000,1,2243,0,241.357,10.231,-40.813,232.500,-50.313,-0.512,0.047,0.813,-1.324,-10.145,-7.809,2.446,2.598,1.200,1.355,0,NULL,NULL,,3,0,2,7,255,1404,250,0,0
stim,203369,233490,0,233490,3430819.455,-0.606,0.142,-0.353,0.698,0,0,5,0,0,0,0,173,44,1.000,1,2243,0,259.996,9.263,-45.250,248.188,-62.875,-0.453,0.055,0.738,-1.348,-9.164,-7.715,2.496,2.650,1.200,1.355,0,NULL,NULL,,3,0,2,7,255,1404,250,0,0
stim,203369,233490,0,233490,3430824.454,-0.613,0.134,-0.347,0.697,0,0,5,0,0,0,0,171,44,1.000,1,2243,0,277.992,8.318,-44.563,264.125,-74.375,-0.387,0.055,0.645,-1.469,-8.188,-7.715,2.542,2.698,1.200,1.355,0,NULL,NULL,,3,0,2,7,255,1404,250,0,0
stim,203388,233509,0,233509,3430829.455,-0.620,0.126,-0.340,0.696,0,0,5,0,0,0,0,171,44,1.000,1,2243,0,293.192,7.191,-36.125,279.438,-81.063,-0.328,0.047,0.547,-1.469,-7.039,-7.824,2.582,2.738,1.200,1.355,0,NULL,NULL,,3,0,2,7,255,1404,250,0,0
stim,203388,233509,0,233509,3430834.454,-0.627,0.118,-0.332,0.694,0,0,0,0,0,0,0,169,44,1.000,1,2243,0,304.721,6.071,-17.625,291.875,-85.750,-0.313,0.031,0.473,-1.355,-5.918,-8.008,2.614,2.772,1.200,1.355,0,NULL,NULL,,3,0,2,7,255,1404,250,0,0
stim,203388,233509,0,233509,3430839.455,-0.635,0.111,-0.323,0.693,0,0,0,0,0,0,0,171,44,1.000,1,2243,0,316.102,5.456,3.875,302.125,-92.875,-0.273,0.051,0.492,-1.355,-5.285,-8.008,2.642,2.800,1.200,1.355,0,NULL,NULL,,3,0,2,7,255,1404,250,0,0
stim,203388,233509,0,233509,3430844.453,-0.642,0.104,-0.313,0.692,0,0,0,0,0,0,0,175,44,1.000,1,2243,0,325.696,5.243,25.313,310.750,-94.188,-0.156,0.059,0.531,-1.477,-5.031,-7.824,2.662,2.822,1.200,1.355,0,NULL,NULL,,3,0,2,7,255,1404,250,0,0
stim,203411,233532,0,233532,3430849.455,-0.649,0.097,-0.303,0.691,0,0,0,0,0,0,0,179,44,1.000,1,2243,0,335.105,4.616,40.938,317.500,-99.063,0.016,0.023,0.539,-1.855,-4.227,-6.801,2.678,2.838,1.200,1.355,0,NULL,NULL,,3,0,2,7,255,1404,250,0,0
stim,203411,233532,0,233532,3430854.453,-0.656,0.090,-0.292,0.690,0,0,0,0,0,0,0,176,44,1.000,1,2243,0,334.657,3.360,62.688,317.688,-84.500,0.109,0.078,0.516,-1.891,-2.777,-5.641,2.692,2.852,1.200,1.355,0,NULL,NULL,,3,0,2,7,255,1404,250,0,0
stim,203411,233532,0,233532,3430859.455,-0.662,0.085,-0.280,0.690,0,0,0,0,0,0,0,175,44,1.000,1,2243,0,334.343,3.356,95.500,313.438,-66.500,0.078,0.145,0.621,-2.406,-2.340,-5.465,2.704,2.866,1.200,1.355,0,NULL,NULL,,3,0,2,7,255,1404,250,0,0
stim,203411,233532,0,233532,3430864.454,-0.667,0.080,-0.267,0.691,0,0,0,0,0,0,0,173,44,1.000,1,2243,0,336.650,3.823,113.438,310.563,-63.375,0.055,0.102,0.715,-3.023,-2.340,-4.859,2.716,2.878,1.200,1.355,0,NULL,NULL,,3,0,2,7,255,1404,250,0,0
stim,203457,233578,0,233578,3430869.455,-0.672,0.075,-0.254,0.691,0,0,0,0,0,0,0,172,44,1.000,1,2243,0,336.198,4.326,126.125,307.125,-52.875,0.074,0.121,0.797,-3.246,-2.859,-3.992,2.732,2.894,1.200,1.355,0,NULL,NULL,,3,0,2,7,255,1404,250,0,0
stim,203457,233578,0,233578,3430874.454,-0.677,0.070,-0.241,0.692,0,0,0,0,0,0,0,175,44,1.000,1,2243,0,339.853,4.406,146.500,303.688,-42.563,0.102,0.109,0.848,-3.352,-2.859,-3.156,2.750,2.912,1.200,1.355,0,NULL,NULL,,3,0,2,7,255,1404,250,0,0
stim,203457,233578,0,233578,3430879.455,-0.680,0.067,-0.227,0.694,0,0,0,0,0,0,0,174,44,1.000,1,2243,0,344.963,4.444,165.500,302.000,-20.125,0.098,0.148,0.945,-3.398,-2.863,-2.469,2.770,2.934,1.200,1.355,0,NULL,NULL,,3,0,2,7,255,1404,250,0,0
stim,203457,233578,0,233578,3430884.454,-0.683,0.063,-0.212,0.696,0,0,0,0,0,0,0,171,44,1.000,1,2243,0,348.863,4.790,178.813,299.125,-16.000,-0.070,0.203,1.215,-3.840,-2.863,-1.625,2.796,2.958,1.200,1.355,0,NULL,NULL,,3,0,2,7,255,1404,250,0,0
stim,203457,233578,0,233578,3430889.455,-0.686,0.059,-0.198,0.697,0,0,0,0,0,0,0,165,44,1.000,1,2243,0,343.934,6.999,170.438,297.813,-23.438,-0.113,0.313,1.441,-4.750,-5.141,0.117,2.822,2.986,1.200,1.355,0,NULL,NULL,,3,0,2,7,255,1404,250,0,0
stim,203457,233578,0,233578,3430894.453,-0.690,0.055,-0.184,0.698,0,0,0,0,0,0,0,165,44,1.000,1,2243,0,335.050,7.804,152.813,296.313,-33.250,-0.066,0.234,1.535,-5.438,-5.598,1.945,2.850,3.014,1.200,1.355,0,NULL,NULL,,3,0,2,7,255,1404,250,0,0
stim,203457,233578,0,233578,3430899.455,-0.693,0.051,-0.171,0.698,0,0,0,0,0,0,1,169,44,1.000,1,2243,0,325.350,8.214,134.250,294.375,-34.250,-0.016,0.281,1.668,-6.012,-5.598,3.355,2.880,3.044,1.200,1.355,0,NULL,NULL,,3,0,2,7,255,1404,250,0,0
stim,203457,233578,0,233578,3430904.454,-0.696,0.046,-0.159,0.698,0,0,0,0,0,0,0,173,44,1.000,1,2243,0,314.996,7.614,108.625,293.875,-32.563,0.012,0.258,1.652,-5.605,-5.152,4.820,2.908,3.072,1.200,1.355,0,NULL,NULL,,3,0,2,7,255,1404,250,0,0
stim,203457,233578,0,233578,3430909.455,-0.699,0.040,-0.147,0.698,0,0,0,0,0,0,0,175,44,1.000,1,2243,0,311.507,7.171,97.875,293.313,-37.750,0.043,0.207,1.652,-5.605,-4.473,4.957,2.936,3.100,1.200,1.355,0,NULL,NULL,,3,0,2,7,255,1404,250,0,0
stim,203457,233578,0,233578,3430914.454,-0.702,0.034,-0.136,0.698,0,0,0,0,0,0,0,173,44,1.000,1,2243,0,306.548,6.432,78.438,294.563,-32.438,0.098,0.234,1.656,-5.184,-3.809,5.289,2.960,3.124,1.200,1.355,0,NULL,NULL,,3,0,2,7,255,1404,250,0,0
stim,203479,233600,0,233600,3430919.455,-0.705,0.027,-0.125,0.697,0,0,0,0,0,0,0,175,44,1.000,1,2243,0,302.029,5.765,65.438,293.438,-28.875,0.113,0.129,1.582,-5.004,-2.863,5.289,2.980,3.144,1.200,1.355,0,NULL,NULL,,3,0,2,7,255,1404,250,0,0
stim,203479,233600,0,233600,3430924.454,-0.708,0.020,-0.114,0.697,0,0,0,0,0,0,0,183,44,1.000,1,2243,0,299.917,4.677,57.438,293.188,-26.313,0.020,0.152,1.480,-3.953,-2.500,5.133,2.998,3.162,1.200,1.355,0,NULL,NULL,,3,0,2,7,255,1404,250,0,0
stim,203479,233600,0,233600,3430929.455,-0.710,0.013,-0.103,0.696,0,0,0,0,0,0,0,185,44,1.000,1,2243,0,299.120,4.512,59.875,291.375,-31.438,0.090,0.145,1.426,-3.941,-2.195,4.039,3.010,3.176,1.200,1.355,0,NULL,NULL,,3,0,2,7,255,1404,250,0,0
stim,203479,233600,0,233600,3430934.453,-0.713,0.007,-0.092,0.695,0,0,0,0,0,0,0,183,44,1.000,1,2243,0,298.923,3.945,65.000,290.375,-28.500,0.086,0.070,1.367,-3.699,-1.371,3.723,3.022,3.188,1.200,1.355,0,NULL,NULL,,3,0,2,7,255,1404,250,0,0
stim,203503,233624,0,233624,3430939.455,-0.715,0.000,-0.081,0.695,0,0,0,0,0,0,0,187,44,1.000,1,2243,0,296.937,3.836,68.625,288.375,-17.375,0.086,0.180,1.406,-3.699,-1.016,3.598,3.030,3.198,1.200,1.355,0,NULL,NULL,,3,0,2,7,255,1404,250,0,0
stim,203503,233624,0,233624,3430944.453,-0.716,-0.006,-0.069,0.694,0,0,0,0,0,0,0,186,44,1.000,1,2243,0,296.995,3.427,70.250,287.563,-24.063,0.008,0.133,1.402,-3.273,-1.016,3.594,3.038,3.204,1.200,1.355,0,NULL,NULL,,3,0,2,7,255,1404,250,0,0
stim,203503,233624,0,233624,3430949.455,-0.718,-0.012,-0.058,0.693,0,0,0,0,0,0,0,183,44,1.000,1,2243,0,294.844,3.914,72.875,285.000,-19.938,0.004,0.234,1.469,-3.832,-0.797,3.598,3.042,3.210,1.200,1.355,0,NULL,NULL,,3,0,2,7,255,1404,250,0,0
stim,203503,233624,0,233624,3430954.454,-0.720,-0.018,-0.047,0.692,0,0,0,0,0,0,0,187,44,1.000,1,2243,0,294.115,3.681,72.063,283.875,-26.938,0.012,0.184,1.402,-3.594,-0.797,3.605,3.046,3.214,1.200,1.355,0,NULL,NULL,,3,0,2,7,255,1404,250,0,0
stim,203557,233678,0,233678,3430959.455,-0.721,-0.024,-0.036,0.691,0,0,0,0,0,0,0,185,44,1.000,1,2243,0,292.282,3.615,86.438,278.750,-16.000,0.008,0.172,1.387,-3.594,-0.391,3.605,3.050,3.218,1.200,1.355,0,NULL,NULL,,3,0,2,7,255,1404,250,0,0
stim,203557,233678,0,233678,3430964.453,-0.723,-0.029,-0.024,0.690,0,0,0,0,0,0,0,185,44,1.000,1,2243,0,291.888,3.563,98.438,274.250,-17.188,-0.055,0.195,1.484,-3.547,-0.340,3.605,3.054,3.222,1.200,1.355,0,NULL,NULL,,3,0,2,7,255,1404,250,0,0
stim,203557,233678,0,233678,3430969.455,-0.724,-0.034,-0.012,0.689,0,0,0,0,0,0,0,179,44,1.000,1,2243,0,286.932,3.548,97.000,269.625,-14.938,-0.043,0.281,1.535,-3.547,-0.070,4.457,3.054,3.222,1.200,1.355,0,NULL,NULL,,3,0,2,7,255,1404,250,0,0
stim,203557,233678,0,233678,3430974.454,-0.725,-0.039,-0.001,0.688,0,0,0,0,0,0,0,175,44,1.000,1,2243,0,282.815,4.293,97.188,264.875,-19.500,-0.023,0.309,1.570,-4.289,0.180,4.910,3.050,3.220,1.200,1.355,0,NULL,NULL,,3,0,2,7,255,1404,250,0,0
stim,203557,233678,0,233678,3430979.455,-0.725,-0.043,0.010,0.687,0,0,0,0,0,0,0,173,44,1.000,1,2243,0,279.239,4.350,107.500,257.438,-12.000,0.035,0.203,1.473,-4.289,0.723,4.910,3.046,3.216,1.200,1.355,0,NULL,NULL,,3,0,2,7,255,1404,250,0,0
stim,203557,233678,0,233678,3430984.453,-0.726,-0.047,0.022,0.686,0,0,0,0,0,0,0,183,44,1.000,1,2243,0,280.965,4.158,119.625,254.125,-7.188,-0.008,0.289,1.555,-3.875,1.508,5.137,3.038,3.208,1.200,1.355,0,NULL,NULL,,3,0,2,7,255,1404,250,0,0
stim,203557,233678,0,233678,3430989.455,-0.726,-0.050,0.034,0.685,0,0,0,0,0,0,0,183,44,1.000,1,2243,0,281.291,3.471,132.688,247.938,-6.750,0.012,0.230,1.586,-3.117,1.527,5.137,3.026,3.196,1.200,1.355,0,NULL,NULL,,3,0,2,7,255,1404,250,0,0
stim,203557,233678,0,233678,3430994.454,-0.727,-0.052,0.046,0.683,0,0,0,0,0,0,0,183,44,1.000,1,2243,0,286.656,4.325,146.938,246.063,-5.875,0.055,0.324,1.719,-3.813,2.043,5.453,3.010,3.180,1.200,1.355,0,NULL,NULL,,3,0,2,7,255,1404,250,0,0
stim,203557,233678,0,233678,3430999.455,-0.727,-0.055,0.058,0.682,0,0,0,0,0,0,0,182,44,1.000,1,2243,0,285.881,4.479,149.625,243.563,-4.188,0.102,0.297,1.750,-3.297,3.031,6.645,2.988,3.158,1.200,1.355,0,NULL,NULL,,3,0,2,7,255,1404,250,0,0
stim,203557,233678,0,233678,3431004.453,-0.727,-0.057,0.070,0.681,0,0,4,0,0,0,0,183,44,1.000,1,2243,0,291.164,5.079,160.250,243.000,6.875,0.113,0.313,1.895,-3.297,3.863,6.871,2.960,3.128,1.200,1.355,0,NULL,NULL,,3,0,2,7,255,1404,250,0,0
stim,203557,233678,0,233678,3431009.455,-0.726,-0.059,0.083,0.680,0,0,5,0,0,0,0,181,44,1.000,1,2243,0,290.451,5.593,158.875,243.125,3.313,0.168,0.348,1.930,-3.207,4.582,8.203,2.928,3.096,1.200,1.355,0,NULL,NULL,,3,0,2,7,255,1404,250,0,0
stim,203557,233678,0,233678,3431014.454,-0.726,-0.061,0.095,0.679,0,0,7,0,0,0,0,183,44,1.000,1,2243,0,290.278,6.419,158.688,242.938,7.813,0.234,0.352,1.977,-3.203,5.563,8.371,2.890,3.056,1.200,1.355,0,NULL,NULL,,3,0,2,7,255,1404,250,0,0
stim,203584,233705,0,233705,3431019.455,-0.725,-0.064,0.107,0.677,0,0,7,0,0,0,0,186,44,1.000,1,2243,0,286.984,7.286,150.125,244.250,12.813,0.359,0.355,2.012,-2.910,6.680,8.551,2.844,3.010,1.200,1.355,0,NULL,NULL,,3,0,2,7,255,1404,250,0,0
stim,203584,233705,0,233705,3431024.454,-0.724,-0.066,0.120,0.676,0,0,10,0,0,0,0,182,44,1.000,1,2243,0,285.560,8.740,146.125,244.375,21.750,0.461,0.344,2.070,-2.590,8.348,8.621,2.796,2.960,1.200,1.355,0,NULL,NULL,,3,0,2,7,255,1404,250,0,0
stim,203584,233705,0,233705,3431029.455,-0.722,-0.069,0.131,0.676,0,0,13,0,0,0,0,183,44,1.000,1,2243,0,282.329,10.046,144.125,240.500,33.125,0.516,0.207,2.055,-2.117,9.820,8.551,2.742,2.908,1.200,1.355,0,NULL,NULL,,3,0,2,7,255,1404,250,0,0
stim,203584,233705,0,233705,3431034.453,-0.720,-0.071,0.144,0.675,0,0,13,0,0,0,0,175,44,1.000,1,2243,0,286.496,10.591,155.250,236.625,44.563,0.539,0.133,1.945,-0.523,10.578,8.148,2.686,2.850,1.200,1.355,0,NULL,NULL,,3,0,2,7,255,1404,250,0,0
stim,203584,233705,0,233705,3431039.455,-0.718,-0.072,0.156,0.675,0,0,12,0,0,0,0,179,44,1.000,1,2243,0,295.695,10.784,174.563,233.625,48.813,0.578,0.141,1.957,0.387,10.777,6.805,2.628,2.790,1.200,1.355,0,NULL,NULL,,3,0,2,7,255,1404,250,0,0
stim,203584,233705,0,233705,3431044.453,-0.715,-0.072,0.169,0.674,0,0,12,0,0,0,0,183,44,1.000,1,2243,0,302.398,11.512,187.313,231.000,54.750,0.625,0.156,2.063,0.613,11.496,6.805,2.564,2.726,1.200,1.355,0,NULL,NULL,,3,0,2,7,255,1404,250,0,0
stim,203620,233741,0,233741,3431049.455,-0.713,-0.073,0.182,0.674,0,0,13,0,0,0,0,183,44,1.000,1,2243,0,302.130,12.594,185.438,230.563,61.125,0.715,0.117,2.121,0.891,12.563,7.086,2.500,2.662,1.200,1.355,0,NULL,NULL,,3,0,2,7,255,1404,250,0,0
stim,203620,233741,0,233741,3431054.453,-0.709,-0.074,0.195,0.674,0,0,17,0,0,0,0,182,44,1.000,1,2243,0,301.710,14.000,179.125,228.063,83.250,0.762,0.074,2.113,1.684,13.898,7.086,2.432,2.594,1.200,1.355,0,NULL,NULL,,3,0,2,7,255,1404,250,0,0
stim,203620,233741,0,233741,3431059.455,-0.705,-0.074,0.207,0.674,0,0,11,0,0,0,0,180,44,1.000,1,2243,0,299.292,14.052,172.375,223.938,98.563,0.656,0.117,2.063,2.074,13.898,6.492,2.360,2.522,1.200,1.355,0,NULL,NULL,,3,0,2,7,255,1404,250,0,0
stim,203620,233741,0,233741,3431064.454,-0.701,-0.075,0.219,0.674,0,0,12,0,0,0,0,176,44,1.000,1,2243,0,292.100,13.909,174.750,217.813,85.688,0.563,0.129,1.992,2.074,13.754,6.184,2.286,2.446,1.200,1.355,0,NULL,NULL,,3,0,2,7,255,1404,250,0,0
stim,203657,233778,0,233778,3431069.455,-0.698,-0.075,0.231,0.674,0,0,16,0,0,0,0,182,44,1.000,1,2243,0,286.497,13.909,179.500,210.938,73.250,0.695,-0.070,1.953,2.074,13.754,5.668,2.206,2.370,1.200,1.355,0,NULL,NULL,,3,0,2,7,255,1404,250,0,0
stim,203657,233778,0,233778,3431074.454,-0.694,-0.075,0.243,0.674,0,0,17,0,0,0,0,207,44,1.000,1,2243,0,281.963,14.702,176.625,204.688,80.063,0.816,-0.199,1.883,4.160,14.102,4.168,2.124,2.288,1.200,1.355,0,NULL,NULL,,3,0,2,7,255,1404,250,0,0
stim,203657,233778,0,233778,3431079.455,-0.690,-0.074,0.254,0.674,0,0,19,0,0,0,0,248,44,1.000,1,2243,0,278.507,15.556,174.063,197.250,91.438,0.824,-0.262,1.734,5.406,14.586,2.465,2.036,2.200,1.200,1.355,0,NULL,NULL,,3,0,2,7,255,1404,250,0,0
stim,203657,233778,0,233778,3431084.454,-0.686,-0.074,0.266,0.674,0,0,25,0,0,0,0,277,44,1.000,1,2243,0,278.654,15.717,182.938,188.625,92.750,0.809,-0.355,1.586,5.855,14.586,0.707,1.946,2.110,1.200,1.355,0,NULL,NULL,,3,0,2,7,255,1404,250,0,0
stim,203657,233778,0,233778,3431089.455,-0.682,-0.072,0.277,0.673,0,0,25,0,0,0,0,299,44,1.000,1,2243,0,283.226,15.623,200.750,180.125,86.438,0.867,-0.457,1.523,6.551,14.184,-1.004,1.852,2.016,1.200,1.355,0,NULL,NULL,,3,0,2,7,255,1404,250,0,0
stim,203657,233778,0,233778,3431094.453,-0.678,-0.070,0.289,0.672,0,0,24,0,0,0,0,311,44,1.000,1,2243,0,289.099,16.039,217.125,172.250,82.250,0.969,-0.512,1.551,7.488,14.184,-2.398,1.752,1.918,1.200,1.355,0,NULL,NULL,,3,0,2,7,255,1404,250,0,0
stim,203657,233778,0,233778,3431099.455,-0.674,-0.067,0.301,0.671,0,0,22,0,0,0,0,335,44,1.000,1,2243,0,291.045,17.288,226.000,164.438,81.188,1.055,-0.512,1.637,8.137,15.254,-3.129,1.650,1.814,1.200,1.355,0,NULL,NULL,,3,0,2,7,255,1404,250,0,0
stim,203657,233778,0,233778,3431104.454,-0.671,-0.064,0.312,0.670,0,0,26,0,0,0,0,361,44,1.000,1,2243,0,286.151,18.536,226.250,156.688,78.375,1.117,-0.516,1.738,8.445,16.500,-3.195,1.546,1.706,1.200,1.355,0,NULL,NULL,,3,0,2,7,255,1404,250,0,0
stim,203657,233778,0,233778,3431109.455,-0.667,-0.061,0.323,0.668,0,0,23,0,0,0,0,382,44,1.000,1,2243,0,273.354,19.712,217.938,148.313,72.313,1.184,-0.543,1.824,8.883,17.598,-3.266,1.440,1.598,1.200,1.355,0,NULL,NULL,,3,0,2,7,255,1404,250,0,0
stim,203657,233778,0,233778,3431114.454,-0.664,-0.059,0.334,0.667,0,0,22,0,0,0,0,397,44,1.000,1,2243,0,253.368,20.901,202.000,139.250,63.250,1.281,-0.566,1.879,9.469,18.633,-3.320,1.330,1.484,1.200,1.355,0,NULL,NULL,,3,0,2,7,255,1404,250,0,0
stim,203689,233810,0,233810,3431119.455,-0.661,-0.056,0.343,0.665,0,0,22,0,0,0,0,435,44,1.000,1,2243,0,228.895,22.000,181.938,129.438,50.375,1.383,-0.543,1.875,9.668,19.762,-3.879,1.218,1.368,1.200,1.355,0,NULL,NULL,,3,0,2,7,255,1404,250,0,0
stim,203689,233810,0,233810,3431124.454,-0.659,-0.055,0.351,0.663,0,0,24,0,0,0,0,439,44,1.000,1,2243,0,204.129,22.916,161.813,119.250,35.563,1.602,-0.605,1.840,9.883,20.676,-4.730,1.106,1.250,1.200,1.355,0,NULL,NULL,,3,0,2,7,255,1404,250,0,0
stim,203689,233810,0,233810,3431129.455,-0.656,-0.053,0.358,0.662,0,0,24,0,0,0,0,457,44,1.000,1,2243,0,178.552,24.365,138.188,103.813,44.813,1.883,-0.723,1.922,9.930,22.250,-6.711,0.992,1.130,1.200,1.355,0,NULL,NULL,,3,0,2,7,255,1404,250,0,0
stim,203689,233810,0,233810,3431134.453,-0.654,-0.053,0.363,0.662,0,0,27,0,0,0,0,477,44,1.000,1,2243,0,130.025,27.198,75.250,88.688,58.125,1.938,-0.883,1.996,10.953,24.895,-8.383,0.882,1.010,1.200,1.355,0,NULL,NULL,,3,0,2,7,255,1404,250,0,0
stim,203689,233810,0,233810,3431139.455,-0.651,-0.053,0.366,0.663,0,0,27,0,0,0,0,489,44,1.000,1,2243,0,94.215,27.636,30.688,69.625,55.563,1.953,-0.980,1.652,12.000,24.895,-8.992,0.774,0.890,1.200,1.355,0,NULL,NULL,,3,0,2,7,255,1404,250,0,0
stim,203689,233810,0,233810,3431144.454,-0.649,-0.053,0.369,0.664,0,0,24,0,0,0,0,489,44,1.000,1,2243,0,75.395,26.669,35.063,48.125,46.250,1.910,-1.031,1.395,12.000,23.816,-12.113,0.668,0.770,1.200,1.355,0,NULL,NULL,,3,0,2,7,255,1404,250,0,0
stim,203710,233831,0,233831,3431149.455,-0.648,-0.051,0.371,0.663,0,0,24,0,0,0,0,490,44,1.000,1,2243,0,76.444,24.948,69.688,22.250,22.188,1.766,-1.051,1.348,11.668,22.051,-13.832,0.570,0.650,1.200,1.355,0,NULL,NULL,,3,0,2,7,255,1404,250,0,0
stim,203710,233831,0,233831,3431154.453,-0.648,-0.048,0.374,0.662,0,0,27,0,0,0,0,493,44,1.000,1,2243,0,86.799,24.948,86.500,-5.125,5.063,1.855,-0.930,1.730,11.668,22.051,-13.832,0.486,0.534,1.200,1.355,0,NULL,NULL,,3,0,2,7,255,1404,250,0,0
stim,203710,233831,0,233831,3431159.455,-0.648,-0.046,0.374,0.662,0,0,25,0,0,0,0,483,44,1.000,1,2243,0,65.419,26.209,52.750,-30.250,24.125,1.750,-0.664,2.035,11.668,23.469,-11.172,0.416,0.420,1.200,1.355,0,NULL,NULL,,3,0,2,7,255,1404,250,0,0
stim,203710,233831,0,233831,3431164.453,-0.648,-0.044,0.373,0.662,0,0,23,0,0,0,0,479,44,1.000,1,2243,0,55.655,25.942,16.938,-50.000,17.625,1.367,-0.539,1.926,11.055,23.469,-7.352,0.368,0.312,1.200,1.355,0,NULL,NULL,,3,0,2,7,255,1404,250,0,0
stim,203754,233875,0,233875,3431169.455,-0.649,-0.042,0.371,0.663,0,0,27,0,0,0,0,471,44,1.000,1,2243,0,77.245,23.248,-26.313,-72.625,-0.188,1.215,-0.445,2.035,10.137,20.922,-5.508,0.360,0.234,1.200,1.355,0,NULL,NULL,,3,0,2,7,255,1404,250,0,0
stim,203754,233875,0,233875,3431174.454,-0.651,-0.042,0.366,0.664,0,0,21,0,0,0,0,471,44,1.000,1,2243,0,118.508,22.662,-78.375,-87.250,-17.000,1.102,-0.410,1.934,9.977,20.348,-3.379,0.378,0.214,1.200,1.355,0,NULL,NULL,,3,0,2,7,255,1404,250,0,0
stim,203754,233875,0,233875,3431179.455,-0.653,-0.043,0.360,0.665,0,0,17,0,0,0,0,468,44,1.000,1,2243,0,151.340,21.058,-111.813,-98.750,-25.500,0.945,-0.414,1.656,9.375,18.855,-3.379,0.404,0.230,1.200,1.355,0,NULL,NULL,,3,0,2,7,255,1404,250,0,0
stim,203754,233875,0,233875,3431184.453,-0.656,-0.043,0.353,0.666,0,0,12,0,0,0,0,579,44,1.000,1,2243,0,164.324,18.502,-116.438,-108.625,-40.563,0.789,-0.480,1.629,9.184,16.063,-3.559,0.434,0.270,1.200,1.355,0,NULL,NULL,,3,0,2,7,255,1404,250,0,0
stim,203754,233875,0,233875,3431189.455,-0.653,-0.030,0.353,0.670,276,0,2,551,0,45,0,602,44,1.000,1,2243,0,321.164,17.160,149.000,-194.250,207.875,-0.910,-0.809,3.719,9.184,14.496,-3.559,0.466,0.314,1.200,1.355,0,NULL,NULL,,3,0,2,7,255,1404,250,0,0
stim,203754,233875,0,233875,3431194.454,-0.639,-0.020,0.345,0.687,955,0,0,1193,0,261,0,629,44,1.000,1,2243,0,573.165,16.855,-92.500,-196.125,530.563,-1.418,2.828,5.098,9.184,14.133,19.199,0.502,0.354,1.200,1.355,0,NULL,NULL,,3,0,2,7,255,1404,250,0,0
stim,203754,233875,0,233875,3431199.455,-0.633,-0.031,0.322,0.704,1421,0,0,1598,0,505,0,683,44,1.000,1,2243,0,724.359,10.967,-671.813,-115.625,244.938,-2.063,3.066,2.688,-3.316,10.453,32.176,0.536,0.388,1.200,1.355,0,NULL,NULL,,3,0,2,7,255,1404,250,0,0
stim,203754,233875,0,233875,3431204.453,-0.632,-0.047,0.297,0.714,1819,0,0,1862,0,663,0,771,44,1.000,1,2244,0,723.565,14.855,-714.875,-110.875,14.375,-2.121,1.801,-0.516,-14.035,-4.867,32.176,0.564,0.420,1.200,1.355,1,1384.000,-20.000,,3,0,2,7,255,1404,250,0,0
stim,203772,233894,0,233894,3431209.455,-0.635,-0.058,0.280,0.718,2073,0,0,1962,0,859,0,856,44,1.000,1,2244,0,469.469,23.205,-452.750,-94.063,-81.063,-1.141,1.473,-1.531,-14.938,-17.758,1.199,0.558,0.428,1.200,1.355,1,NULL,NULL,,3,0,2,7,255,1404,250,0,0
stim,203772,233894,0,233894,3431214.454,-0.639,-0.059,0.272,0.717,2227,0,0,2065,0,1045,0,929,44,1.000,1,2244,0,209.414,22.635,-141.250,-117.000,-101.063,0.039,0.730,-0.539,-14.035,-17.758,-12.426,0.538,0.430,1.200,1.355,1,NULL,NULL,,3,0,2,7,255,1404,250,0,0
stim,203772,233894,0,233894,3431219.455,-0.640,-0.056,0.268,0.718,2395,0,0,2131,0,1206,0,989,44,1.000,1,2244,0,125.503,8.595,-35.063,-119.938,11.688,0.383,0.461,0.895,-8.219,-2.516,-12.426,0.508,0.424,1.200,1.355,1,NULL,NULL,,3,0,2,7,255,1404,250,0,0
stim,203772,233894,0,233894,3431224.454,-0.638,-0.054,0.261,0.723,2549,0,0,2341,0,1297,0,1031,44,1.000,1,2244,0,198.292,8.147,-110.063,-128.125,103.875,-0.098,1.063,1.355,-6.895,4.340,-2.563,0.478,0.410,1.200,1.355,1,NULL,NULL,,3,0,2,7,255,1404,250,0,0
stim,203794,233916,0,233916,3431229.455,-0.635,-0.054,0.252,0.728,2700,0,0,2531,0,1303,0,1067,44,1.000,1,2244,0,255.514,5.298,-196.250,-131.125,97.875,-1.125,0.594,1.219,-3.039,4.340,5.043,0.450,0.382,1.200,1.355,2,NULL,NULL,,3,0,2,7,255,1404,250,0,0
stim,203794,233916,0,233916,3431234.454,-0.633,-0.056,0.238,0.734,2789,0,0,2663,0,1311,0,1127,44,1.000,1,2244,0,350.639,5.368,-290.125,-169.188,100.750,-1.938,-0.957,0.586,-1.102,-5.254,5.043,0.422,0.346,1.200,1.355,2,NULL,NULL,,3,0,2,7,255,1404,250,0,0
stim,203795,233916,0,233916,3431239.455,-0.636,-0.058,0.225,0.736,2867,0,0,2775,0,1293,0,1243,44,1.000,1,2244,0,316.516,18.947,-263.688,-168.438,-47.750,-1.582,-1.121,-0.141,13.207,-13.586,0.230,0.392,0.304,1.200,1.355,2,NULL,NULL,,3,0,2,7,255,1404,250,0,0
stim,203795,233916,0,233916,3431244.453,-0.641,-0.057,0.216,0.735,2922,0,0,2853,0,1251,0,1332,44,1.000,1,2244,0,244.143,18.947,-113.000,-178.625,-122.188,-0.586,-0.688,0.004,13.207,-13.586,-7.805,0.364,0.264,1.200,1.355,2,NULL,NULL,,3,0,2,7,255,1404,250,0,0
stim,203795,233916,0,233916,3431249.455,-0.646,-0.052,0.210,0.732,3001,0,0,2914,0,1229,0,1395,44,1.000,1,2244,0,209.204,8.786,2.250,-177.000,-111.500,0.180,-0.621,1.055,7.445,-4.664,-7.805,0.336,0.232,1.200,1.355,2,NULL,NULL,,3,0,2,7,255,1404,250,0,0
stim,203795,233916,0,233916,3431254.454,-0.649,-0.048,0.205,0.731,2985,0,0,2969,0,1201,0,1417,44,1.000,1,2244,0,169.602,9.547,-10.313,-156.750,-63.938,0.602,-0.902,1.922,7.445,5.977,-2.277,0.310,0.210,1.200,1.355,2,NULL,NULL,,3,0,2,7,255,1404,250,0,0
stim,203856,233977,0,233977,3431259.455,-0.650,-0.046,0.198,0.732,3016,0,0,3011,0,1205,0,1415,44,1.000,1,2244,0,176.493,16.564,-100.063,-145.375,1.813,0.727,-0.887,1.930,10.328,12.949,3.578,0.290,0.194,1.200,1.355,2,NULL,NULL,,3,0,2,7,255,1404,250,0,0
stim,203856,233977,0,233977,3431264.453,-0.648,-0.046,0.189,0.736,3025,0,0,3039,0,1243,0,1415,44,1.000,1,2244,0,233.001,16.564,-176.563,-131.750,75.875,0.441,-0.727,1.309,10.328,12.949,3.578,0.278,0.182,1.200,1.355,2,NULL,NULL,,3,0,2,7,255,1404,250,0,0
stim,203856,233977,0,233977,3431269.455,-0.645,-0.046,0.180,0.742,3034,0,0,3079,0,1372,0,1419,44,1.000,1,2244,0,259.711,12.093,-191.188,-128.500,119.938,-0.141,-0.703,0.660,8.086,8.992,-0.586,0.270,0.170,1.200,1.355,2,NULL,NULL,,3,0,2,7,255,1404,250,0,0
stim,203856,233977,0,233977,3431274.454,-0.642,-0.045,0.172,0.746,3048,0,0,3098,0,1475,0,1459,44,1.000,1,2244,0,225.451,7.885,-140.250,-133.375,115.625,-0.598,-0.598,0.383,7.738,1.512,-4.578,0.264,0.158,1.200,1.355,2,NULL,NULL,,3,0,2,7,255,1404,250,0,0
stim,203856,233977,0,233977,3431279.455,-0.640,-0.042,0.166,0.749,3061,0,0,3097,0,1568,0,1507,44,1.000,1,2244,0,169.270,7.993,-65.438,-138.188,72.625,-0.652,-0.336,0.652,7.105,-3.660,-4.578,0.260,0.144,1.200,1.355,2,NULL,NULL,,3,0,2,7,255,1404,250,0,0
stim,203856,233977,0,233977,3431284.454,-0.640,-0.038,0.161,0.750,3066,0,0,3112,0,1703,0,1557,44,1.000,1,2244,0,139.881,6.225,-27.688,-135.438,21.375,-0.406,0.070,1.215,5.035,-3.660,-2.539,0.264,0.126,1.200,1.355,2,NULL,NULL,,3,0,2,7,255,1404,250,0,0
stim,203856,233977,0,233977,3431289.455,-0.641,-0.035,0.156,0.751,3077,0,0,3113,0,1816,0,1649,44,1.000,1,2244,0,135.765,1.440,-48.000,-126.938,-3.875,-0.066,0.301,1.434,1.352,-0.496,2.672,0.276,0.106,1.200,1.355,2,NULL,NULL,,3,0,2,7,255,1404,250,0,0
stim,203856,233977,0,233977,3431294.453,-0.641,-0.034,0.150,0.752,3065,0,0,3119,0,1904,0,1704,44,1.000,1,2244,0,145.727,2.844,-86.250,-117.438,-2.375,0.125,0.184,1.375,-0.559,2.789,3.074,0.292,0.086,1.200,1.355,2,NULL,NULL,,3,0,2,7,255,1404,250,0,0
stim,203856,233977,0,233977,3431299.455,-0.641,-0.033,0.143,0.753,3078,0,0,3123,77,1977,0,1751,44,1.000,1,2244,0,152.745,4.418,-110.313,-104.563,15.125,0.141,-0.223,1.121,-0.559,4.383,3.074,0.306,0.074,1.200,1.355,2,NULL,NULL,,3,0,2,7,255,1404,250,0,0
stim,203856,233977,0,233977,3431304.454,-0.641,-0.033,0.137,0.755,3087,0,0,3125,175,2067,0,1801,44,1.000,1,2244,0,146.108,5.285,-105.500,-97.250,27.563,0.000,-0.465,0.895,2.953,4.383,0.129,0.316,0.068,1.200,1.355,2,NULL,NULL,,3,0,2,7,255,1404,250,0,0
stim,203856,233977,0,233977,3431309.455,-0.640,-0.032,0.132,0.756,3092,0,0,3143,429,2141,17,1899,44,1.000,1,2244,0,122.011,5.068,-75.563,-92.375,25.375,-0.055,-0.371,0.762,4.250,2.762,-1.957,0.322,0.060,1.200,1.355,2,NULL,NULL,,3,0,2,7,255,1404,250,0,0
stim,203856,233977,0,233977,3431314.454,-0.640,-0.030,0.129,0.757,3095,0,0,3147,587,2196,111,1983,44,1.000,1,2244,0,91.356,5.041,-32.500,-83.938,15.625,0.004,-0.094,1.156,4.250,2.711,-1.957,0.330,0.054,1.200,1.355,2,NULL,NULL,,3,0,2,7,255,1404,250,0,0
stim,203883,234004,0,234004,3431319.455,-0.641,-0.029,0.127,0.756,3095,0,0,3147,763,2248,99,2063,44,1.000,1,2244,0,50.608,3.261,-12.063,-44.813,-20.188,0.148,0.184,1.648,1.813,2.711,1.043,0.336,0.046,1.200,1.355,2,NULL,NULL,,3,0,2,7,255,1404,250,0,0
stim,203883,234004,0,234004,3431324.454,-0.642,-0.029,0.125,0.756,3091,0,0,3141,919,2274,105,2107,44,1.000,1,2244,0,62.143,4.769,-45.000,-36.438,-22.563,0.348,0.703,1.191,-0.691,4.719,1.684,0.342,0.038,1.200,1.355,2,NULL,NULL,,3,0,2,7,255,1404,250,0,0
stim,203883,234004,0,234004,3431329.455,-0.642,-0.029,0.123,0.756,3087,0,0,3157,1000,2291,109,2152,44,1.000,1,2244,0,37.224,7.979,-20.375,-30.125,-7.938,0.258,0.871,1.180,-6.434,4.719,1.945,0.348,0.030,1.200,1.355,2,NULL,NULL,,3,0,2,7,255,1404,250,0,0
stim,203883,234004,0,234004,3431334.453,-0.642,-0.029,0.121,0.757,3097,0,0,3147,1119,2335,116,2184,44,1.000,1,2244,0,53.935,7.379,-50.875,-16.688,6.500,-0.223,0.219,1.508,-6.434,3.613,1.945,0.352,0.024,1.200,1.355,2,NULL,NULL,,3,0,2,7,255,1404,250,0,0
stim,203883,234004,0,234004,3431339.455,-0.643,-0.032,0.117,0.756,3111,0,0,3147,1149,2353,117,2215,44,1.000,1,2244,0,113.433,0.941,-109.000,-12.625,-28.750,-0.473,0.113,1.172,-0.625,0.703,2.418,0.356,0.018,1.200,1.355,2,NULL,NULL,,3,0,2,7,255,1404,250,0,0
stim,203883,234004,0,234004,3431344.453,-0.645,-0.035,0.114,0.755,3100,19,0,3157,1237,2357,119,2245,44,1.000,1,2244,0,121.205,1.233,-89.813,-6.563,-81.125,-0.230,0.293,0.766,-0.625,-1.063,2.418,0.362,0.012,1.200,1.355,2,NULL,NULL,,3,0,2,7,255,1404,250,0,0
stim,203926,234047,0,234047,3431349.455,-0.648,-0.036,0.112,0.752,3089,30,0,3154,1289,2379,138,2276,44,1.000,1,2244,0,102.574,1.778,-41.313,-7.000,-93.625,0.125,0.172,0.895,-1.426,-1.063,-1.359,0.366,0.006,1.200,1.355,2,NULL,NULL,,3,0,2,7,255,1404,250,0,0
stim,203926,234047,0,234047,3431354.454,-0.650,-0.037,0.111,0.751,3091,53,0,3165,1353,2393,141,2301,44,1.000,1,2244,0,69.410,3.094,-35.125,-5.375,-59.625,0.199,0.090,1.160,-1.426,2.746,-1.359,0.370,0.000,1.200,1.355,2,NULL,NULL,,3,0,2,7,255,1404,250,0,0
stim,203926,234047,0,234047,3431359.455,-0.651,-0.039,0.108,0.750,3101,67,0,3169,1433,2403,151,2316,44,1.000,1,2244,0,68.799,2.808,-63.875,-1.750,-25.500,0.000,0.109,1.160,-0.586,2.746,0.977,0.000,0.000,1.200,1.355,2,NULL,NULL,,3,0,2,7,255,1404,250,0,0
stim,203926,234047,0,234047,3431364.453,-0.652,-0.041,0.106,0.750,3103,76,0,3172,1499,2411,167,2332,44,1.000,1,2244,0,83.564,2.257,-77.750,0.188,-30.625,-0.234,0.152,0.957,-0.586,2.180,0.977,0.000,0.000,1.200,1.355,2,NULL,NULL,,3,0,2,7,255,1404,250,0,0
stim,203951,234072,0,234072,3431369.455,-0.654,-0.043,0.104,0.748,3109,97,0,3171,1545,2422,171,2344,44,1.000,1,2244,0,81.638,0.622,-60.438,0.938,-54.875,-0.199,0.043,0.844,-0.555,-0.281,-0.082,0.000,0.000,1.200,1.355,2,NULL,NULL,,3,0,2,7,255,1404,250,0,0
stim,203951,234072,0,234072,3431374.454,-0.656,-0.044,0.102,0.747,3107,111,0,3175,1581,2441,171,2359,44,1.000,1,2244,0,70.677,0.308,-37.750,0.313,-59.750,-0.051,-0.070,0.906,0.125,-0.281,-1.078,0.000,0.000,1.200,1.355,2,NULL,NULL,,3,0,2,7,255,1404,250,0,0
stim,203951,234072,0,234072,3431379.455,-0.657,-0.045,0.101,0.746,3107,139,0,3186,1609,2450,185,2379,44,1.000,1,2244,0,51.755,1.600,-30.500,0.188,-41.813,-0.016,-0.059,0.996,0.824,1.371,-1.078,0.000,0.000,1.200,1.355,2,NULL,NULL,,3,0,2,7,255,1404,250,0,0
stim,203951,234072,0,234072,3431384.453,-0.658,-0.046,0.099,0.745,3110,176,16,3178,1640,2455,191,2387,44,1.000,1,2244,0,41.761,1.600,-33.625,0.875,-24.750,-0.102,-0.020,1.027,0.824,1.371,-0.270,0.000,0.000,1.200,1.355,2,NULL,NULL,,3,0,2,7,255,1404,250,0,0
stim,203951,234072,0,234072,3431389.455,-0.658,-0.048,0.098,0.745,3107,190,45,3195,1675,2470,205,2396,44,1.000,1,2244,0,43.658,1.314,-37.438,1.000,-22.438,-0.184,-0.035,0.969,0.746,1.082,-0.188,0.000,0.000,1.200,1.355,2,NULL,NULL,,3,0,2,7,255,1404,250,0,0
stim,203951,234072,0,234072,3431394.454,-0.659,-0.049,0.097,0.744,3107,231,63,3188,1717,2479,214,2405,44,1.000,1,2244,0,41.501,0.772,-31.938,0.250,-26.500,-0.180,-0.098,0.906,0.746,0.199,-0.188,0.000,0.000,1.200,1.355,2,NULL,NULL,,3,0,2,7,255,1404,250,0,0
stim,203951,234072,0,234072,3431399.455,-0.660,-0.049,0.096,0.744,3097,233,62,3187,1745,2484,221,2413,44,1.000,1,2244,0,32.582,1.304,-19.688,-1.125,-25.938,-0.121,-0.180,0.891,1.289,0.199,-0.836,0.000,0.000,1.200,1.355,2,NULL,NULL,,3,0,2,7,255,1404,250,0,0
stim,203951,234072,0,234072,3431404.453,-0.660,-0.050,0.095,0.743,3095,242,99,3183,1772,2491,233,2430,44,1.000,1,2244,0,18.407,2.130,-10.125,-2.375,-15.188,-0.094,-0.203,0.910,1.984,0.773,-0.977,0.000,0.000,1.200,1.355,2,NULL,NULL,,3,0,2,7,255,1404,250,0,0
stim,203973,234094,0,234094,3431409.455,-0.660,-0.050,0.095,0.743,3100,249,141,3187,1797,2503,247,2431,44,1.000,1,2244,0,8.901,2.130,-7.688,-4.250,-1.438,-0.137,-0.176,0.934,1.984,0.773,-0.977,0.000,0.000,1.200,1.355,2,NULL,NULL,,3,0,2,7,255,1404,250,0,0
stim,203973,234094,0,234094,3431414.454,-0.660,-0.050,0.094,0.743,3157,249,155,3189,1819,2509,251,2444,44,1.000,1,2244,0,9.020,2.083,-6.313,-5.563,3.250,-0.215,-0.113,0.941,1.961,0.703,-0.652,0.000,0.000,1.200,1.355,2,NULL,NULL,,3,0,2,7,255,1404,250,0,0
stim,203973,234094,0,234094,3431419.455,-0.661,-0.050,0.094,0.743,3107,253,202,3193,1839,2508,251,2459,44,0.976,1,2244,1,7.449,1.456,-2.500,-6.688,-2.125,-0.227,-0.090,0.941,1.453,-0.094,-0.414,0.000,0.000,1.154,1.391,2,NULL,NULL,,3,0,2,7,255,1404,250,0,0
stim,203973,234094,0,234094,3431424.455,-0.661,-0.050,0.093,0.743,3107,243,244,3191,1864,2509,249,2461,44,0.976,1,2244,1,9.000,1.359,1.375,-7.313,-5.063,-0.168,-0.109,0.953,1.355,-0.094,-0.391,0.004,0.004,1.154,1.391,2,NULL,NULL,,3,0,2,7,255,1404,250,0,0
stim,203973,234094,0,234094,3431429.454,-0.661,-0.050,0.093,0.743,3114,237,275,3183,1877,2517,253,2467,44,0.976,1,2244,1,7.312,1.404,1.625,-7.125,0.250,-0.121,-0.117,0.969,1.355,0.367,-0.371,0.010,0.008,1.154,1.391,2,NULL,NULL,,3,0,2,7,255,1404,250,0,0
stim,203973,234094,0,234094,3431434.455,-0.661,-0.050,0.093,0.743,3107,232,299,3187,1891,2515,253,2471,44,0.976,1,2244,1,10.308,1.472,1.063,-7.188,7.313,-0.145,-0.102,0.961,1.355,0.574,-0.359,0.014,0.010,1.154,1.391,2,NULL,NULL,,3,0,2,7,255,1404,250,0,0
stim,204004,234125,0,234125,3431439.454,-0.660,-0.049,0.093,0.744,3101,230,315,3183,1892,2516,255,2480,44,0.976,1,2244,1,10.710,1.351,3.375,-7.188,7.188,-0.176,-0.051,0.961,1.223,0.574,-0.324,0.018,0.014,1.154,1.391,2,NULL,NULL,,3,0,2,7,255,1404,250,0,0
stim,204004,234125,0,234125,3431444.455,-0.660,-0.049,0.093,0.744,3097,231,333,3181,1898,2524,243,2480,44,0.976,1,2244,1,9.932,0.819,6.500,-6.938,2.875,-0.168,-0.004,0.980,0.773,0.270,-0.281,0.022,0.018,1.154,1.391,2,NULL,NULL,,3,0,2,7,255,1404,250,0,0
stim,204004,234125,0,234125,3431449.454,-0.660,-0.048,0.093,0.744,3108,234,351,3189,1914,2524,229,2492,44,0.976,1,2244,1,10.023,0.434,7.250,-6.625,2.000,-0.145,0.016,1.008,0.340,0.270,-0.063,0.028,0.022,1.154,1.391,2,NULL,NULL,,3,0,2,7,255,1404,250,0,0
stim,204004,234125,0,234125,3431454.455,-0.660,-0.048,0.093,0.744,3107,231,354,3181,1917,2515,215,2493,44,0.976,1,2244,1,9.426,0.527,5.938,-6.250,3.813,-0.145,0.043,1.020,0.109,0.516,0.129,0.034,0.028,1.154,1.391,2,NULL,NULL,,3,0,2,7,255,1404,250,0,0
stim,204004,234125,0,234125,3431459.454,-0.660,-0.048,0.092,0.744,3102,231,363,3171,1927,2523,206,2489,44,0.976,1,2244,1,8.330,0.535,4.188,-5.813,4.250,-0.164,0.059,1.016,-0.145,0.516,0.285,0.040,0.034,1.154,1.391,2,NULL,NULL,,3,0,2,7,255,1404,250,0,0
stim,204004,234125,0,234125,3431464.455,-0.660,-0.047,0.092,0.744,3095,231,405,3179,1939,2517,209,2505,44,0.976,1,2244,1,7.514,0.361,3.750,-6.063,2.375,-0.184,0.059,1.004,-0.230,0.277,0.285,0.042,0.038,1.154,1.391,2,NULL,NULL,,3,0,2,7,255,1404,250,0,0
stim,204055,234176,0,234176,3431469.454,-0.660,-0.047,0.092,0.744,3091,225,429,3162,1945,2520,205,2503,44,0.976,1,2244,1,7.875,0.239,4.500,-6.438,-0.563,-0.191,0.055,1.000,-0.230,0.063,0.207,0.044,0.038,1.154,1.391,2,NULL,NULL,,3,0,2,7,255,1404,250,0,0
stim,204055,234176,0,234176,3431474.455,-0.660,-0.046,0.092,0.744,3082,221,454,3163,1957,2519,211,2513,44,0.976,1,2244,1,9.302,0.204,5.375,-7.000,-2.938,-0.188,0.059,1.004,-0.203,0.023,0.203,0.046,0.040,1.154,1.391,2,NULL,NULL,,3,0,2,7,255,1404,250,0,0
stim,204055,234176,0,234176,3431479.454,-0.660,-0.046,0.092,0.744,3091,215,471,3161,1962,2515,219,2507,44,0.976,1,2244,1,10.530,0.204,5.875,-7.375,-4.688,-0.176,0.074,1.016,-0.203,0.023,0.203,0.046,0.038,1.154,1.391,2,NULL,NULL,,3,0,2,7,255,1404,250,0,0
stim,204055,234176,0,234176,3431484.455,-0.661,-0.046,0.092,0.744,3067,201,503,3153,1975,2523,229,2513,44,0.976,1,2244,1,10.742,0.405,5.500,-7.500,-5.375,-0.160,0.105,1.027,-0.383,0.133,0.309,0.046,0.038,1.154,1.391,2,NULL,NULL,,3,0,2,7,255,1404,250,0,0
stim,204055,234176,0,234176,3431489.454,-0.661,-0.045,0.092,0.743,3065,200,523,3146,1992,2521,248,2510,44,0.976,1,2244,1,11.069,0.723,5.000,-7.938,-5.875,-0.148,0.137,1.027,-0.676,0.258,0.395,0.048,0.038,1.154,1.391,2,NULL,NULL,,3,0,2,7,255,1404,250,0,0
stim,204055,234176,0,234176,3431494.455,-0.661,-0.045,0.092,0.743,3059,211,556,3131,2008,2521,253,2519,44,0.976,1,2244,1,10.680,1.041,4.625,-7.813,-5.625,-0.133,0.156,1.039,-0.988,0.328,0.418,0.048,0.040,1.154,1.391,2,NULL,NULL,,3,0,2,7,255,1404,250,0,0
stim,204055,234176,0,234176,3431499.454,-0.661,-0.044,0.092,0.743,3049,213,601,3123,2009,2517,262,2523,44,0.976,1,2244,1,8.790,1.267,2.125,-7.750,-3.563,-0.137,0.160,1.047,-1.191,0.430,0.512,0.050,0.040,1.154,1.391,2,NULL,NULL,,3,0,2,7,255,1404,250,0,0
stim,204055,234176,0,234176,3431504.455,-0.661,-0.044,0.092,0.743,3048,217,644,3114,2026,2509,311,2524,44,0.976,1,2244,1,7.944,1.292,-0.750,-7.438,-2.688,-0.148,0.180,1.039,-1.219,0.430,0.523,0.050,0.040,1.154,1.391,2,NULL,NULL,,3,0,2,7,255,1404,250,0,0
stim,204055,234176,0,234176,3431509.454,-0.661,-0.043,0.092,0.743,3037,219,660,3117,2052,2508,327,2541,44,0.976,1,2244,1,8.248,1.426,-2.000,-7.313,-3.250,-0.145,0.188,1.031,-1.398,0.277,0.523,0.048,0.038,1.154,1.391,2,NULL,NULL,,3,0,2,7,255,1404,250,0,0
stim,204055,234176,0,234176,3431514.455,-0.661,-0.043,0.091,0.743,3022,229,711,3100,2067,2519,342,2551,44,0.976,1,2244,1,8.462,1.426,-3.563,-7.375,-2.125,-0.141,0.172,1.035,-1.398,0.277,0.477,0.048,0.036,1.154,1.391,2,NULL,NULL,,3,0,2,7,255,1404,250,0,0
stim,204078,234199,0,234199,3431519.454,-0.661,-0.043,0.091,0.743,3027,237,747,3097,2087,2505,341,2548,44,0.976,1,2244,1,10.098,1.354,-6.875,-7.375,-0.563,-0.160,0.141,1.031,-1.328,0.266,0.477,0.046,0.034,1.154,1.391,2,NULL,NULL,,3,0,2,7,255,1404,250,0,0
stim,204078,234199,0,234199,3431524.455,-0.662,-0.043,0.091,0.743,3001,247,807,3095,2125,2509,359,2566,44,0.976,1,2244,1,11.577,1.022,-8.688,-7.188,-2.625,-0.180,0.125,1.012,-1.008,0.172,0.477,0.044,0.030,1.154,1.391,2,NULL,NULL,,3,0,2,7,255,1404,250,0,0
stim,204078,234199,0,234199,3431529.454,-0.662,-0.043,0.090,0.743,2991,255,847,3093,2156,2505,389,2567,44,0.976,1,2244,1,12.200,0.845,-7.125,-7.188,-6.813,-0.168,0.121,0.996,-0.844,0.043,0.289,0.044,0.028,1.154,1.391,2,NULL,NULL,,3,0,2,7,255,1404,250,0,0
stim,204078,234199,0,234199,3431534.455,-0.662,-0.043,0.090,0.743,2975,254,919,3077,2190,2507,415,2575,44,0.976,1,2244,1,13.310,0.845,-6.313,-6.500,-9.750,-0.145,0.094,1.004,-0.844,0.043,0.141,0.046,0.024,1.154,1.391,2,NULL,NULL,,3,0,2,7,255,1404,250,0,0
stim,204105,234226,0,234226,3431539.454,-0.662,-0.043,0.089,0.743,2966,267,987,3063,2211,2495,439,2583,44,0.976,1,2244,1,13.728,0.653,-8.750,-6.125,-8.625,-0.148,0.035,1.000,-0.586,0.289,0.121,0.046,0.024,1.154,1.391,2,NULL,NULL,,3,0,2,7,255,1404,250,0,0
stim,204105,234226,0,234226,3431544.455,-0.663,-0.043,0.089,0.742,2957,269,1067,3055,2245,2504,456,2590,44,0.976,1,2244,1,14.642,0.289,-10.250,-6.000,-8.563,-0.184,0.000,0.973,-0.016,0.289,0.102,0.046,0.022,1.154,1.391,2,NULL,NULL,,3,0,2,7,255,1404,250,0,0
stim,204105,234226,0,234226,3431549.454,-0.663,-0.043,0.088,0.742,2943,281,1131,3047,2269,2503,471,2599,44,0.976,1,2244,1,16.039,0.358,-7.563,-6.500,-12.563,-0.215,-0.004,0.953,0.355,-0.043,-0.109,0.046,0.018,1.154,1.391,2,NULL,NULL,,3,0,2,7,255,1404,250,0,0
stim,204105,234226,0,234226,3431554.455,-0.664,-0.043,0.088,0.742,2933,283,1233,3049,2313,2504,557,2615,44,0.976,1,2244,1,20.877,0.528,-4.688,-6.938,-19.125,-0.219,0.004,0.965,0.355,-0.391,-0.113,0.044,0.016,1.154,1.391,2,NULL,NULL,,3,0,2,7,255,1404,250,0,0
stim,204153,234274,0,234274,3431559.454,-0.664,-0.043,0.087,0.741,2913,309,1299,3027,2339,2489,619,2618,44,0.976,1,2244,1,25.638,0.547,-5.188,-7.375,-24.000,-0.207,-0.004,0.988,0.383,-0.391,-0.113,0.044,0.012,1.154,1.391,2,NULL,NULL,,3,0,2,7,255,1404,250,0,0
stim,204153,234274,0,234274,3431564.455,-0.665,-0.043,0.087,0.740,2891,315,1395,3019,2359,2494,701,2627,44,0.976,1,2244,1,28.936,0.411,-8.063,-7.750,-26.688,-0.191,0.004,0.996,0.340,-0.230,0.074,0.044,0.010,1.154,1.391,2,NULL,NULL,,3,0,2,7,255,1404,250,0,0
stim,204153,234274,0,234274,3431569.454,-0.666,-0.043,0.086,0.739,2885,340,1494,3005,2395,2488,805,2641,44,0.976,1,2244,1,31.759,0.320,-11.438,-8.313,-28.438,-0.188,0.016,0.996,0.301,-0.109,0.113,0.044,0.008,1.154,1.391,2,NULL,NULL,,3,0,2,7,255,1404,250,0,0
stim,204153,234274,0,234274,3431574.455,-0.667,-0.044,0.085,0.739,2853,345,1586,2992,2413,2495,889,2647,44,0.976,1,2244,1,34.716,0.184,-14.250,-9.125,-30.313,-0.180,0.031,0.988,0.160,-0.090,0.113,0.044,0.006,1.154,1.391,2,NULL,NULL,,3,0,2,7,255,1404,250,0,0
stim,204153,234274,0,234274,3431579.454,-0.668,-0.044,0.084,0.738,2836,361,1675,2981,2443,2495,969,2655,44,0.976,1,2244,1,36.997,0.059,-15.938,-9.938,-31.875,-0.172,0.035,0.984,-0.023,-0.055,0.051,0.044,0.006,1.154,1.391,2,NULL,NULL,,3,0,2,7,255,1404,250,0,0
stim,204153,234274,0,234274,3431584.455,-0.669,-0.044,0.083,0.737,2811,390,1763,2972,2469,2493,1067,2663,44,0.976,1,2244,1,38.146,0.033,-16.125,-10.500,-32.938,-0.160,0.020,0.980,-0.023,0.023,0.000,0.042,0.008,1.154,1.391,2,NULL,NULL,,3,0,2,7,255,1404,250,0,0
stim,204153,234274,0,234274,3431589.454,-0.670,-0.044,0.082,0.736,2788,396,1839,2951,2503,2487,1169,2669,44,0.976,1,2244,1,37.704,0.144,-14.688,-11.000,-32.938,-0.137,0.023,0.984,-0.055,0.133,-0.063,0.042,0.010,1.154,1.391,2,NULL,NULL,,3,0,2,7,255,1404,250,0,0
stim,204153,234274,0,234274,3431594.455,-0.671,-0.044,0.082,0.735,2750,413,1899,2931,2517,2490,1235,2679,44,0.976,1,2244,1,35.001,0.333,-13.063,-11.313,-30.438,-0.133,0.063,0.988,-0.055,0.328,-0.063,0.042,0.014,1.154,1.391,2,NULL,NULL,,3,0,2,7,255,1404,250,0,0
stim,204153,234274,0,234274,3431599.454,-0.672,-0.044,0.081,0.734,2735,439,2007,2925,2547,2493,1333,2687,44,0.976,1,2244,1,35.512,0.556,-12.625,-11.188,-31.250,-0.145,0.094,1.016,-0.449,0.328,-0.020,0.044,0.016,1.154,1.391,2,NULL,NULL,,3,0,2,7,255,1404,250,0,0
stim,204153,234274,0,234274,3431604.455,-0.674,-0.044,0.080,0.733,2707,461,2101,2909,2575,2491,1423,2701,44,0.976,1,2244,1,39.100,0.715,-14.375,-10.500,-34.813,-0.137,0.082,1.027,-0.641,0.316,0.250,0.044,0.020,1.154,1.391,2,NULL,NULL,,3,0,2,7,255,1404,250,0,0
stim,204153,234274,0,234274,3431609.455,-0.675,-0.045,0.079,0.732,2668,483,2187,2899,2601,2487,1491,2710,44,0.976,1,2244,1,42.663,0.715,-17.625,-9.688,-37.625,-0.113,0.066,1.016,-0.641,0.316,0.250,0.046,0.020,1.154,1.391,2,NULL,NULL,,3,0,2,7,255,1404,250,0,0
stim,204153,234274,0,234274,3431614.455,-0.676,-0.045,0.078,0.732,2636,510,2251,2873,2607,2491,1568,2718,44,0.976,1,2244,1,42.781,0.743,-19.938,-9.313,-36.688,-0.109,0.059,1.008,-0.527,0.523,0.215,0.046,0.020,1.154,1.391,2,NULL,NULL,,3,0,2,7,255,1404,250,0,0
stim,204191,234312,0,234312,3431619.454,-0.677,-0.045,0.077,0.731,2603,533,2315,2871,2637,2493,1652,2725,44,0.976,1,2244,1,42.656,0.716,-21.563,-9.000,-35.688,-0.129,0.035,0.996,-0.488,0.523,0.102,0.046,0.020,1.154,1.391,2,NULL,NULL,,3,0,2,7,255,1404,250,0,0
stim,204191,234312,0,234312,3431624.455,-0.678,-0.046,0.076,0.730,2552,565,2378,2845,2645,2501,1716,2733,44,0.976,1,2244,1,44.183,0.432,-22.250,-8.875,-37.125,-0.152,0.004,0.992,-0.246,0.355,0.043,0.048,0.018,1.154,1.391,2,NULL,NULL,,3,0,2,7,255,1404,250,0,0
stim,204191,234312,0,234312,3431629.454,-0.679,-0.046,0.075,0.729,2517,585,2443,2829,2675,2483,1773,2735,44,0.976,1,2244,1,46.405,0.146,-22.938,-9.313,-39.250,-0.152,-0.023,0.988,0.020,0.145,0.012,0.052,0.018,1.154,1.391,2,NULL,NULL,,3,0,2,7,255,1404,250,0,0
stim,204191,234312,0,234312,3431634.455,-0.681,-0.047,0.073,0.727,2474,601,2493,2808,2702,2489,1865,2747,44,0.976,1,2244,1,48.466,0.306,-25.000,-9.688,-40.375,-0.145,-0.047,0.996,0.270,0.145,0.012,0.054,0.014,1.154,1.391,2,NULL,NULL,,3,0,2,7,255,1404,250,0,0
stim,204191,234312,0,234312,3431639.454,-0.682,-0.047,0.072,0.726,2450,621,2533,2792,2708,2488,1925,2757,44,0.976,1,2244,1,51.297,0.535,-30.125,-10.188,-40.250,-0.148,-0.066,1.016,0.484,0.227,0.055,0.056,0.014,1.154,1.391,2,NULL,NULL,,3,0,2,7,255,1404,250,0,0
stim,204191,234312,0,234312,3431644.455,-0.683,-0.048,0.070,0.725,2389,629,2573,2780,2723,2477,1992,2773,44,0.976,1,2244,1,58.083,0.665,-37.875,-10.813,-42.688,-0.160,-0.074,1.039,0.625,0.227,0.227,0.058,0.012,1.154,1.391,2,NULL,NULL,,3,0,2,7,255,1404,250,0,0
stim,204223,234344,0,234344,3431649.454,-0.685,-0.049,0.068,0.724,2331,637,2606,2747,2743,2476,2042,2772,44,0.976,1,2244,1,62.338,0.665,-42.813,-10.563,-44.063,-0.141,-0.059,0.992,0.625,0.227,0.227,0.060,0.012,1.154,1.391,2,NULL,NULL,,3,0,2,7,255,1404,250,0,0
stim,204223,234344,0,234344,3431654.455,-0.686,-0.050,0.066,0.723,2283,649,2645,2717,2745,2486,2103,2779,44,0.976,1,2244,1,56.743,0.524,-39.188,-11.563,-39.375,-0.117,-0.031,0.938,0.473,0.227,-0.004,0.060,0.012,1.154,1.391,2,NULL,NULL,,3,0,2,7,255,1404,250,0,0
stim,204223,234344,0,234344,3431659.454,-0.687,-0.051,0.065,0.722,2200,647,2677,2685,2764,2474,2141,2789,44,0.976,1,2244,1,47.750,0.284,-30.625,-12.500,-34.438,-0.137,-0.016,0.934,0.172,0.227,-0.551,0.060,0.012,1.154,1.391,2,NULL,NULL,,3,0,2,7,255,1404,250,0,0
stim,204223,234344,0,234344,3431664.455,-0.688,-0.051,0.064,0.721,2140,653,2716,2651,2786,2469,2193,2795,44,0.976,1,2244,1,44.909,0.135,-25.000,-13.250,-34.875,-0.164,-0.027,0.992,0.074,0.113,-0.551,0.060,0.012,1.154,1.391,2,NULL,NULL,,3,0,2,7,255,1404,250,0,0
stim,204253,234374,0,234374,3431669.454,-0.689,-0.052,0.062,0.720,2069,651,2741,2607,2795,2469,2230,2799,44,0.976,1,2244,1,50.042,0.076,-27.688,-13.500,-39.438,-0.160,-0.047,1.027,0.074,0.016,0.051,0.062,0.012,1.154,1.391,2,NULL,NULL,,3,0,2,7,255,1404,250,0,0
stim,204253,234374,0,234374,3431674.455,-0.690,-0.052,0.061,0.719,1965,651,2771,2572,2821,2473,2281,2807,44,0.976,1,2244,1,52.267,0.161,-31.000,-13.813,-39.750,-0.121,-0.043,0.996,0.160,0.016,0.051,0.064,0.014,1.154,1.391,2,NULL,NULL,,3,0,2,7,255,1404,250,0,0
stim,204253,234374,0,234374,3431679.454,-0.691,-0.053,0.059,0.718,1892,657,2799,2541,2827,2461,2317,2822,44,0.976,1,2244,1,49.028,0.351,-30.563,-14.625,-35.438,-0.125,-0.027,1.008,0.160,0.313,0.133,0.066,0.014,1.154,1.391,2,NULL,NULL,,3,0,2,7,255,1404,250,0,0
stim,204253,234374,0,234374,3431684.455,-0.692,-0.053,0.057,0.717,1802,649,2829,2473,2841,2457,2367,2839,44,0.976,1,2244,1,51.925,0.314,-33.500,-15.250,-36.625,-0.156,0.000,1.039,-0.035,0.313,0.133,0.068,0.016,1.154,1.391,2,NULL,NULL,,3,0,2,7,255,1404,250,0,0
stim,204253,234374,0,234374,3431689.454,-0.694,-0.054,0.056,0.716,1693,639,2855,2424,2845,2463,2403,2842,44,0.976,1,2244,1,56.168,0.246,-35.938,-14.938,-40.500,-0.137,-0.016,1.012,-0.199,0.145,0.191,0.068,0.018,1.154,1.391,2,NULL,NULL,,3,0,2,7,255,1404,250,0,0
stim,204253,234374,0,234374,3431694.455,-0.695,-0.055,0.054,0.715,1579,619,2875,2357,2857,2447,2429,2847,44,0.976,1,2244,1,55.456,0.246,-36.063,-15.625,-39.125,-0.105,-0.047,0.984,-0.199,0.145,0.191,0.066,0.020,1.154,1.391,2,NULL,NULL,,3,0,2,7,255,1404,250,0,0
stim,204253,234374,0,234374,3431699.454,-0.696,-0.055,0.052,0.714,1422,589,2877,2279,2863,2454,2455,2845,44,0.976,1,2244,1,49.136,0.325,-30.688,-15.875,-34.938,-0.109,-0.047,0.969,0.027,0.324,-0.102,0.066,0.022,1.154,1.391,2,NULL,NULL,,3,0,2,7,255,1404,250,0,0
stim,204253,234374,0,234374,3431704.455,-0.697,-0.055,0.051,0.713,1307,573,2893,2207,2875,2445,2492,2861,44,0.976,1,2244,1,43.910,0.325,-24.813,-16.625,-32.188,-0.113,-0.023,0.988,0.027,0.324,-0.102,0.066,0.024,1.154,1.391,2,NULL,NULL,,3,0,2,7,255,1404,250,0,0
stim,204274,234395,0,234395,3431709.454,-0.698,-0.056,0.050,0.712,1165,555,2915,2131,2885,2427,2535,2867,44,0.976,1,2244,1,43.860,0.347,-23.750,-17.063,-32.688,-0.125,-0.031,1.027,-0.191,0.289,-0.063,0.066,0.024,1.154,1.391,2,NULL,NULL,,3,0,2,7,255,1404,250,0,0
stim,204274,234395,0,234395,3431714.455,-0.699,-0.056,0.048,0.712,1066,523,2923,2025,2893,2424,2549,2866,44,0.976,1,2244,1,45.319,0.297,-25.625,-17.438,-33.063,-0.125,-0.031,1.023,-0.191,0.227,0.285,0.068,0.024,1.154,1.391,2,NULL,NULL,,3,0,2,7,255,1404,250,0,0
stim,204274,234395,0,234395,3431719.454,-0.700,-0.056,0.047,0.711,942,473,2949,1911,2909,2413,2581,2877,44,0.976,1,2244,1,44.719,0.279,-24.375,-18.250,-32.750,-0.129,-0.012,1.016,-0.191,0.203,0.285,0.070,0.024,1.154,1.391,2,NULL,NULL,,3,0,2,7,255,1404,250,0,0
stim,204274,234395,0,234395,3431724.455,-0.701,-0.056,0.045,0.710,792,427,2953,1817,2917,2403,2611,2884,44,0.976,1,2244,1,44.070,0.427,-22.875,-18.500,-32.813,-0.129,-0.004,1.031,-0.398,0.152,0.285,0.072,0.024,1.154,1.391,2,NULL,NULL,,3,0,2,7,255,1404,250,0,0
stim,204274,234395,0,234395,3431729.454,-0.702,-0.056,0.044,0.709,631,410,2963,1656,2921,2389,2627,2878,44,0.976,1,2244,1,44.334,0.530,-24.125,-19.375,-31.750,-0.113,0.012,1.031,-0.508,0.152,0.344,0.072,0.026,1.154,1.391,2,NULL,NULL,,3,0,2,7,255,1404,250,0,0
stim,204274,234395,0,234395,3431734.455,-0.702,-0.056,0.042,0.708,487,374,2972,1505,2935,2364,2650,2891,44,0.976,1,2244,1,39.434,0.667,-21.188,-21.125,-25.688,-0.063,0.000,1.020,-0.602,0.289,0.344,0.072,0.026,1.154,1.391,2,NULL,NULL,,3,0,2,7,255,1404,250,0,0
stim,204304,234425,0,234425,3431739.454,-0.703,-0.056,0.041,0.708,359,355,2995,1361,2943,2340,2669,2891,44,0.976,1,2244,1,34.432,0.667,-21.000,-20.563,-17.938,-0.121,-0.035,1.035,-0.602,0.289,0.344,0.074,0.026,1.154,1.391,2,NULL,NULL,,3,0,2,7,255,1404,250,0,0
stim,204304,234425,0,234425,3431744.455,-0.704,-0.056,0.040,0.707,273,284,2997,1183,2949,2325,2681,2892,44,0.976,1,2244,1,38.213,0.309,-22.125,-22.000,-22.063,-0.168,-0.059,1.043,-0.262,0.164,0.410,0.076,0.028,1.154,1.391,2,NULL,NULL,,3,0,2,7,255,1404,250,0,0
stim,204304,234425,0,234425,3431749.454,-0.704,-0.056,0.038,0.706,153,231,3007,955,2954,2301,2710,2897,44,0.976,1,2244,1,42.395,0.292,-19.563,-23.875,-29.063,-0.168,-0.059,1.008,-0.078,-0.281,0.410,0.078,0.028,1.154,1.391,2,NULL,NULL,,3,0,2,7,255,1404,250,0,0
stim,204304,234425,0,234425,3431754.455,-0.705,-0.056,0.037,0.706,97,207,3021,813,2966,2285,2712,2895,44,0.976,1,2244,1,42.657,0.292,-12.188,-25.750,-31.750,-0.113,-0.012,0.977,-0.078,-0.281,0.195,0.078,0.028,1.154,1.391,2,NULL,NULL,,3,0,2,7,255,1404,250,0,0
stim,204304,234425,0,234425,3431759.454,-0.706,-0.055,0.036,0.705,43,151,3025,646,2973,2263,2739,2901,44,0.976,1,2244,1,39.433,0.526,-0.938,-28.063,-27.688,-0.109,0.012,1.023,-0.516,0.105,0.195,0.080,0.028,1.154,1.391,2,NULL,NULL,,3,0,2,7,255,1404,250,0,0
stim,204304,234425,0,234425,3431764.455,-0.707,-0.054,0.035,0.704,28,119,3038,477,2983,2229,2769,2905,44,0.976,1,2244,1,38.755,0.812,-0.125,-31.375,-22.750,-0.078,0.012,1.098,-0.789,0.191,0.258,0.080,0.028,1.154,1.391,2,NULL,NULL,,3,0,2,7,255,1404,250,0,0
stim,204355,234476,0,234476,3431769.454,-0.708,-0.053,0.034,0.704,15,83,3035,359,2991,2199,2771,2917,44,0.976,1,2244,1,37.240,0.867,-6.000,-31.938,-18.188,-0.098,-0.004,1.141,-0.789,0.359,0.914,0.080,0.028,1.154,1.391,2,NULL,NULL,,3,0,2,7,255,1404,250,0,0
stim,204355,234476,0,234476,3431774.455,-0.708,-0.052,0.033,0.704,4,63,3052,265,2995,2183,2792,2908,44,0.976,1,2244,1,37.264,0.783,-7.313,-34.313,-12.563,-0.133,-0.023,1.176,-0.695,0.359,1.391,0.080,0.030,1.154,1.391,2,NULL,NULL,,3,0,2,7,255,1404,250,0,0
stim,204355,234476,0,234476,3431779.454,-0.708,-0.051,0.031,0.704,0,53,3049,205,3001,2153,2809,2911,44,0.976,1,2244,1,41.830,0.526,5.375,-41.000,6.313,-0.219,-0.051,1.305,-0.523,0.051,1.766,0.080,0.030,1.154,1.391,2,NULL,NULL,,3,0,2,7,255,1404,250,0,0
stim,204355,234476,0,234476,3431784.455,-0.707,-0.050,0.030,0.704,0,18,3061,183,3007,2121,2823,2915,44,0.976,1,2244,1,49.036,0.795,-11.625,-45.438,14.313,-0.242,-0.102,1.332,-0.363,-0.707,3.156,0.080,0.030,1.154,1.391,2,NULL,NULL,,3,0,2,7,255,1404,250,0,0
stim,204355,234476,0,234476,3431789.454,-0.707,-0.049,0.027,0.705,0,10,3065,151,3017,2079,2841,2919,44,0.976,1,2244,1,60.202,0.945,-36.375,-47.438,7.125,-0.250,-0.234,1.129,0.121,-0.938,3.156,0.082,0.032,1.154,1.391,2,NULL,NULL,,3,0,2,7,255,1404,250,0,0
stim,204355,234476,0,234476,3431794.455,-0.707,-0.049,0.025,0.705,0,6,3060,118,3029,2026,2851,2924,44,0.976,1,2244,0,60.052,1.914,-30.625,-51.438,4.750,-0.219,-0.340,0.969,1.504,-1.184,1.555,0.082,0.032,1.154,1.391,3,NULL,NULL,,3,0,2,7,255,1404,250,0,0
stim,204356,234477,0,234477,3431799.454,-0.707,-0.048,0.023,0.705,0,0,3059,85,3026,1970,2819,2924,44,0.976,1,2244,0,55.841,2.184,-9.438,-54.938,3.313,-0.180,-0.258,0.891,1.836,-1.184,0.035,0.084,0.030,1.154,1.391,3,NULL,NULL,,3,0,2,7,255,1404,250,0,0
stim,204356,234477,0,234477,3431804.455,-0.707,-0.046,0.021,0.706,0,0,3061,56,3037,1896,2867,2922,44,0.976,1,2244,0,58.872,2.131,9.750,-58.000,-2.625,-0.199,-0.176,0.961,1.836,-1.082,-0.164,0.086,0.030,1.154,1.391,3,NULL,NULL,,3,0,2,7,255,1404,250,0,0
stim,204356,234478,0,234478,3431809.454,-0.707,-0.043,0.020,0.706,0,0,3063,16,3046,1838,2885,2932,44,0.976,1,2244,0,64.472,1.374,18.563,-61.438,-6.125,-0.176,-0.117,1.109,1.004,-0.938,-0.164,0.086,0.030,1.154,1.391,3,NULL,NULL,,3,0,2,7,255,1404,250,0,0
stim,204356,234478,0,234478,3431814.455,-0.707,-0.041,0.018,0.706,0,0,3061,0,3039,1753,2891,2931,44,0.976,1,2244,0,64.808,0.855,11.625,-63.438,-6.375,-0.160,-0.102,1.168,0.355,-0.777,1.234,0.086,0.030,1.154,1.391,3,NULL,NULL,,3,0,2,7,255,1404,250,0,0
stim,204378,234499,0,234499,3431819.454,-0.707,-0.039,0.016,0.706,0,0,3059,0,3043,1683,2900,2924,44,0.976,1,2244,0,66.208,0.708,2.563,-66.063,-3.563,-0.152,-0.109,1.141,0.266,-0.656,1.496,0.086,0.032,1.154,1.391,3,NULL,NULL,,3,0,2,7,255,1404,250,0,0
stim,204378,234499,0,234499,3431824.455,-0.707,-0.037,0.014,0.706,0,0,3067,0,3051,1621,2919,2935,44,0.976,1,2244,0,69.079,0.686,1.438,-69.063,0.500,-0.129,-0.117,1.086,0.266,-0.633,1.496,0.082,0.038,1.154,1.391,3,NULL,NULL,,3,0,2,7,255,1404,250,0,0
stim,204378,234499,0,234499,3431829.454,-0.707,-0.035,0.012,0.706,0,0,3051,0,3049,1511,2916,2925,44,0.976,1,2244,0,71.876,0.650,4.688,-71.625,3.750,-0.125,-0.105,1.059,0.289,-0.582,0.934,0.078,0.044,1.154,1.391,3,NULL,NULL,,3,0,2,7,255,1404,250,0,0
stim,204378,234499,0,234499,3431834.455,-0.707,-0.032,0.010,0.706,0,0,3049,0,3047,1407,2922,2923,44,0.976,1,2244,0,74.366,0.686,8.125,-73.813,4.000,-0.145,-0.113,1.047,0.363,-0.582,0.648,0.074,0.050,1.154,1.391,3,NULL,NULL,,3,0,2,7,255,1404,250,0,0
stim,204402,234523,0,234523,3431839.454,-0.707,-0.030,0.008,0.707,0,0,3049,0,3068,1299,2938,2927,44,0.976,1,2244,0,77.438,0.802,10.750,-76.688,0.375,-0.125,-0.117,1.063,0.363,-0.715,0.648,0.072,0.054,1.154,1.391,3,NULL,NULL,,3,0,2,7,255,1404,250,0,0
stim,204402,234523,0,234523,3431844.455,-0.707,-0.027,0.006,0.707,0,0,3047,0,3061,1213,2940,2923,44,0.976,1,2244,0,78.867,0.802,11.188,-78.063,-1.063,-0.102,-0.105,1.078,0.363,-0.715,0.691,0.068,0.058,1.154,1.391,3,NULL,NULL,,3,0,2,7,255,1404,250,0,0
stim,204402,234523,0,234523,3431849.454,-0.707,-0.024,0.004,0.707,0,0,3031,0,3061,1075,2949,2919,44,0.976,1,2244,0,81.729,0.633,9.375,-81.188,0.563,-0.063,-0.102,1.129,0.305,-0.555,0.848,0.066,0.062,1.154,1.391,3,NULL,NULL,,3,0,2,7,255,1404,250,0,0
stim,204402,234523,0,234523,3431854.455,-0.707,-0.022,0.001,0.707,0,0,3021,0,3065,939,2963,2917,44,0.976,1,2244,0,82.992,0.448,3.438,-82.438,8.938,-0.070,-0.074,1.082,0.238,-0.379,0.848,0.060,0.068,1.154,1.391,3,NULL,NULL,,3,0,2,7,255,1404,250,0,0
stim,204455,234576,0,234576,3431859.454,-0.707,-0.019,-0.001,0.707,0,0,3017,0,3067,791,2963,2908,44,0.976,1,2244,0,87.222,0.379,12.563,-86.313,0.063,-0.152,-0.004,1.031,-0.004,-0.379,0.820,0.056,0.074,1.154,1.391,3,NULL,NULL,,3,0,2,7,255,1404,250,0,0
stim,204455,234576,0,234576,3431864.455,-0.707,-0.015,-0.003,0.707,0,0,3007,0,3064,689,2967,2901,44,0.976,1,2244,0,90.661,1.031,20.500,-88.125,-5.750,-0.098,0.012,1.098,-0.629,-0.816,0.820,0.052,0.082,1.154,1.391,3,NULL,NULL,,3,0,2,7,255,1404,250,0,0
stim,204455,234576,0,234576,3431869.454,-0.707,-0.012,-0.005,0.707,0,0,2996,0,3067,583,2974,2891,44,0.976,1,2244,0,96.210,1.141,26.438,-92.438,-3.563,-0.051,0.020,1.156,-0.797,-0.816,0.941,0.048,0.086,1.154,1.391,3,NULL,NULL,,3,0,2,7,255,1404,250,0,0
stim,204455,234576,0,234576,3431874.455,-0.706,-0.008,-0.007,0.708,0,0,2984,0,3077,479,2983,2879,44,0.976,1,2244,0,97.653,1.114,21.438,-95.250,2.000,-0.066,0.031,1.215,-0.895,-0.664,1.484,0.046,0.092,1.154,1.391,3,NULL,NULL,,3,0,2,7,255,1404,250,0,0
stim,204455,234576,0,234576,3431879.454,-0.706,-0.004,-0.009,0.708,0,0,2987,0,3083,347,2989,2876,44,0.976,1,2244,0,100.330,1.210,10.313,-99.750,3.125,-0.082,0.066,1.254,-1.012,-0.664,2.070,0.044,0.096,1.154,1.391,3,NULL,NULL,,3,0,2,7,255,1404,250,0,0
stim,204455,234576,0,234576,3431884.455,-0.706,-0.001,-0.012,0.708,0,0,2965,0,3078,215,2995,2855,44,0.976,1,2244,0,101.260,1.633,3.438,-101.188,1.688,-0.086,0.074,1.133,-1.348,-0.922,2.070,0.040,0.100,1.154,1.391,3,NULL,NULL,,3,0,2,7,255,1404,250,0,0
stim,204455,234576,0,234576,3431889.454,-0.706,0.002,-0.015,0.708,0,0,2953,0,3079,157,3000,2843,44,0.976,1,2244,0,107.592,1.655,6.625,-107.188,6.563,0.031,0.074,1.160,-1.375,-0.922,1.527,0.036,0.104,1.154,1.391,3,NULL,NULL,,3,0,2,7,255,1404,250,0,0
stim,204455,234576,0,234576,3431894.455,-0.705,0.006,-0.018,0.709,0,0,2937,0,3093,70,3007,2831,44,0.976,1,2244,0,112.127,1.719,11.938,-110.875,11.688,-0.094,0.074,1.090,-1.348,-1.066,1.211,0.034,0.108,1.154,1.391,3,NULL,NULL,,3,0,2,7,255,1404,250,0,0
stim,204455,234576,0,234576,3431899.454,-0.705,0.010,-0.021,0.709,0,0,2918,0,3089,39,3019,2823,44,0.976,1,2244,0,116.735,1.534,17.063,-115.313,6.250,-0.008,0.094,1.195,-1.383,-0.664,1.527,0.030,0.112,1.154,1.391,3,NULL,NULL,,3,0,2,7,255,1404,250,0,0
stim,204455,234576,1,234576,3431904.455,-0.704,0.014,-0.024,0.710,0,0,2895,0,3081,16,3002,2791,44,0.976,1,2244,0,120.024,1.665,6.000,-118.750,16.375,0.039,0.113,1.313,-1.527,-0.664,1.840,0.026,0.116,1.154,1.391,3,NULL,NULL,,3,1,2,7,255,1404,250,0,0
stim,204455,234576,1,234576,3431909.454,-0.703,0.018,-0.028,0.711,0,0,2869,0,3079,0,3017,2773,44,0.976,1,2244,0,127.213,1.883,-13.750,-122.625,30.938,0.016,0.109,1.363,-1.762,-0.664,2.984,0.024,0.120,1.154,1.391,3,NULL,NULL,,3,1,2,7,255,1404,250,0,0
stim,204455,234576,1,234576,3431914.455,-0.701,0.020,-0.033,0.712,0,0,2847,0,3079,0,3021,2745,44,0.976,1,2244,0,136.814,1.919,-36.563,-125.938,39.000,-0.020,0.086,1.297,-1.762,-0.762,2.984,0.022,0.126,1.154,1.391,3,NULL,NULL,,3,1,2,7,255,1404,250,0,0
stim,204488,234609,1,234609,3431919.454,-0.700,0.023,-0.038,0.713,0,0,2825,0,3077,0,3023,2717,44,0.976,1,2244,0,144.006,1.939,-48.063,-129.250,41.500,-0.047,0.035,1.203,-1.527,-1.195,2.781,0.022,0.130,1.154,1.391,3,NULL,NULL,,3,1,2,7,255,1404,250,0,0
stim,204488,234609,1,234609,3431924.455,-0.698,0.025,-0.044,0.714,0,0,2797,0,3068,0,3027,2687,44,0.976,1,2244,0,146.147,1.732,-42.125,-133.375,42.375,-0.016,0.039,1.176,-1.098,-1.340,1.848,0.024,0.134,1.154,1.391,3,NULL,NULL,,3,1,2,7,255,1404,250,0,0
stim,204488,234609,1,234609,3431929.454,-0.696,0.029,-0.048,0.715,0,0,2771,0,3067,0,3031,2655,44,0.976,1,2244,0,145.688,1.875,-31.625,-136.063,41.375,-0.070,0.070,1.180,-1.098,-1.520,1.609,0.026,0.140,1.154,1.391,3,NULL,NULL,,3,1,2,7,255,1404,250,0,0
stim,204488,234609,1,234609,3431934.455,-0.695,0.032,-0.053,0.716,0,0,2735,0,3067,0,3032,2615,44,0.976,1,2244,0,145.836,2.479,-24.563,-139.750,33.688,-0.074,0.105,1.281,-1.426,-2.027,1.609,0.030,0.146,1.154,1.391,3,NULL,NULL,,3,1,2,7,255,1404,250,0,0
stim,204488,234609,1,234609,3431939.454,-0.694,0.035,-0.058,0.717,0,0,2700,0,3061,0,3032,2571,44,0.976,1,2244,0,148.152,2.740,-27.813,-142.750,28.250,-0.090,0.055,1.438,-1.457,-2.320,2.484,0.034,0.154,1.154,1.391,3,NULL,NULL,,3,1,2,7,255,1404,250,0,0
stim,204488,234609,1,234609,3431944.455,-0.692,0.039,-0.064,0.718,0,0,2667,0,3053,0,3035,2517,44,0.976,1,2244,0,155.453,3.185,-34.000,-149.563,25.313,-0.148,-0.020,1.461,-1.457,-2.832,3.973,0.040,0.162,1.154,1.391,3,NULL,NULL,,3,1,2,7,255,1404,250,0,0
stim,204518,234639,1,234639,3431949.454,-0.691,0.042,-0.070,0.718,0,0,2629,0,3049,0,3035,2442,44,0.976,1,2244,0,167.499,3.681,-51.813,-156.313,30.625,-0.109,0.016,1.516,-1.211,-3.477,4.141,0.046,0.174,1.154,1.391,3,NULL,NULL,,3,1,2,7,255,1404,250,0,0
stim,204518,234639,1,234639,3431954.455,-0.689,0.045,-0.077,0.719,0,0,2581,0,3035,0,3031,2347,44,0.976,1,2244,0,177.921,3.770,-64.250,-162.563,33.188,-0.160,0.090,1.520,-1.211,-3.570,4.488,0.054,0.186,1.154,1.391,3,NULL,NULL,,3,1,2,7,255,1404,250,0,0
stim,204518,234639,1,234639,3431959.454,-0.688,0.048,-0.084,0.719,0,0,2521,0,3032,0,3029,2240,44,0.976,1,2244,0,183.115,4.626,-68.813,-168.750,17.875,-0.238,0.121,1.477,-1.957,-4.191,4.488,0.064,0.198,1.154,1.391,3,NULL,NULL,,3,1,2,7,255,1404,250,0,0
stim,204518,234639,1,234639,3431964.455,-0.687,0.052,-0.091,0.719,0,0,2467,0,3021,0,3021,2138,44,0.976,1,2244,0,189.901,5.475,-60.688,-179.938,1.438,-0.328,0.039,1.426,-1.957,-5.113,3.844,0.076,0.212,1.154,1.391,3,NULL,NULL,,3,1,2,7,255,1404,250,0,0
stim,204551,234672,1,234672,3431969.454,-0.687,0.056,-0.099,0.718,0,0,2407,0,3001,0,3015,2013,44,0.976,1,2244,0,197.321,5.751,-52.688,-189.813,-11.438,-0.188,0.113,1.582,-2.285,-5.277,3.844,0.090,0.228,1.154,1.391,3,NULL,NULL,,3,1,2,7,255,1404,250,0,0
stim,204551,234672,1,234672,3431974.455,-0.686,0.060,-0.107,0.717,0,0,2343,0,2991,0,3004,1879,44,0.976,1,2244,0,212.122,5.808,-70.875,-199.688,-9.875,-0.121,0.133,1.695,-2.426,-5.277,4.766,0.104,0.244,1.154,1.391,3,NULL,NULL,,3,1,2,7,255,1404,250,0,0
stim,204551,234672,1,234672,3431979.454,-0.685,0.064,-0.116,0.716,0,0,2283,0,2975,0,2992,1758,44,0.976,1,2244,0,231.994,5.982,-90.438,-213.500,7.750,-0.191,0.176,1.676,-2.816,-5.277,5.340,0.120,0.264,1.154,1.391,3,NULL,NULL,,3,1,2,7,255,1404,250,0,0
stim,204551,234672,1,234672,3431984.455,-0.684,0.068,-0.126,0.715,0,0,2205,0,2955,9,2971,1673,44,0.976,1,2244,0,244.826,6.942,-96.500,-225.000,1.563,-0.324,0.195,1.535,-3.297,-6.109,5.340,0.140,0.286,1.154,1.391,3,NULL,NULL,,3,1,2,7,255,1404,250,0,0
stim,204551,234672,1,234672,3431989.454,-0.683,0.073,-0.136,0.714,0,0,2147,0,2935,17,2951,1577,44,0.976,1,2244,0,257.096,7.989,-94.688,-238.750,-11.438,-0.328,0.109,1.539,-3.297,-7.277,3.488,0.164,0.314,1.154,1.391,3,NULL,NULL,,3,1,2,7,255,1404,250,0,0
stim,204551,234672,1,234672,3431994.455,-0.682,0.078,-0.146,0.712,0,0,2076,0,2909,29,2921,1514,44,0.976,1,2244,0,267.940,7.789,-87.063,-252.875,-16.313,-0.234,0.090,1.637,-2.715,-7.301,3.488,0.190,0.342,1.154,1.391,3,NULL,NULL,,3,1,2,7,255,1404,250,0,0
stim,204551,234672,1,234672,3431999.454,-0.680,0.084,-0.157,0.711,0,0,2005,0,2875,35,2885,1464,44,0.976,1,2244,0,281.553,8.064,-84.250,-268.563,-6.938,-0.242,0.141,1.797,-2.715,-7.594,4.488,0.218,0.370,1.154,1.391,3,NULL,NULL,,3,1,2,7,255,1404,250,0,0
stim,204551,234672,1,234672,3432004.455,-0.679,0.090,-0.168,0.709,0,0,1902,0,2848,30,2837,1419,44,0.976,1,2244,0,296.498,8.982,-87.563,-283.250,-3.688,-0.277,0.230,1.918,-3.496,-8.273,5.652,0.248,0.402,1.154,1.391,3,NULL,NULL,,3,1,2,7,255,1404,250,0,0
stim,204573,234694,1,234694,3432009.454,-0.677,0.097,-0.180,0.708,0,0,1790,0,2809,24,2773,1334,44,0.976,1,2244,0,313.155,10.454,-99.375,-296.938,-4.313,-0.285,0.395,2.066,-4.594,-9.391,6.262,0.280,0.438,1.154,1.391,3,NULL,NULL,,3,1,2,7,255,1404,250,0,0
stim,204573,234694,1,234694,3432014.455,-0.675,0.103,-0.192,0.705,0,0,1719,0,2759,16,2696,1251,44,0.976,1,2244,0,326.369,12.319,-102.813,-309.500,-12.500,-0.242,0.367,2.164,-6.500,-10.465,7.016,0.314,0.474,1.154,1.391,3,NULL,NULL,,3,1,2,7,255,1404,250,0,0
stim,204573,234694,1,234694,3432019.454,-0.673,0.110,-0.204,0.703,0,0,1603,0,2699,0,2595,1141,44,0.976,1,2244,0,333.934,12.727,-99.688,-318.125,-19.250,-0.219,0.367,2.395,-6.547,-10.914,7.750,0.352,0.512,1.154,1.391,3,NULL,NULL,,3,1,2,7,255,1404,250,0,0
stim,204573,234694,1,234694,3432024.455,-0.671,0.117,-0.217,0.699,0,0,1467,0,2621,0,2477,1022,44,0.976,1,2244,0,342.756,14.092,-109.500,-323.063,-33.500,-0.148,0.422,2.672,-7.047,-12.203,9.508,0.392,0.552,1.154,1.391,3,NULL,NULL,,3,1,2,7,255,1404,250,0,0
stim,204573,234694,1,234694,3432029.454,-0.669,0.123,-0.231,0.696,0,0,1334,0,2507,0,2333,932,44,0.976,1,2244,0,364.703,15.653,-143.500,-333.688,-32.688,-0.090,0.574,2.672,-8.195,-13.336,11.211,0.434,0.594,1.154,1.391,3,NULL,NULL,,3,1,2,7,255,1404,250,0,0
stim,204573,234694,1,234694,3432034.455,-0.667,0.128,-0.247,0.691,0,0,1141,0,2383,0,2125,863,44,0.976,1,2244,0,393.542,15.844,-189.875,-344.250,-17.750,-0.066,0.449,2.340,-8.555,-13.336,11.211,0.478,0.640,1.154,1.391,3,NULL,NULL,,3,1,2,7,255,1404,250,0,0
stim,204606,234727,1,234727,3432039.454,-0.664,0.133,-0.264,0.687,0,0,979,0,2213,0,1898,749,44,0.976,1,2244,0,414.245,14.932,-210.750,-356.563,-6.813,-0.059,0.156,1.840,-8.555,-12.238,8.258,0.530,0.694,1.154,1.391,3,NULL,NULL,,3,1,2,7,255,1404,250,0,0
stim,204606,234727,1,234727,3432044.455,-0.660,0.139,-0.280,0.683,0,0,713,0,2013,0,1609,683,44,0.976,1,2244,0,412.005,11.379,-176.438,-372.313,1.000,0.004,-0.156,1.469,-5.094,-10.176,4.359,0.588,0.752,1.154,1.391,3,NULL,NULL,,3,1,2,7,255,1404,250,0,0
stim,204606,234727,1,234727,3432049.454,-0.655,0.146,-0.295,0.680,0,0,507,0,1788,0,1194,571,44,0.976,1,2244,0,405.478,8.367,-122.500,-385.875,22.500,0.090,-0.207,1.336,-1.629,-8.207,2.078,0.652,0.814,1.154,1.391,3,NULL,NULL,,3,1,2,7,255,1404,250,0,0
stim,204606,234727,1,234727,3432054.455,-0.650,0.155,-0.308,0.678,0,0,367,0,1544,0,677,488,44,0.976,1,2244,0,394.600,7.717,-66.250,-388.688,15.563,0.188,-0.074,1.469,-1.629,-7.543,2.078,0.718,0.880,1.154,1.391,3,NULL,NULL,,3,1,2,7,255,1404,250,0,0
stim,204606,234727,1,234727,3432059.454,-0.644,0.166,-0.319,0.675,0,0,246,0,1261,0,229,429,44,0.976,1,2244,0,391.121,8.023,-5.938,-391.063,3.188,0.129,0.047,1.980,-2.734,-7.543,2.367,0.780,0.942,1.154,1.391,3,NULL,NULL,,3,1,2,7,255,1404,250,0,0
stim,204606,234727,1,234727,3432064.455,-0.637,0.178,-0.330,0.673,0,0,163,0,965,0,0,310,44,0.976,1,2244,0,393.186,12.525,0.563,-392.563,22.125,-0.035,0.117,2.242,-4.871,-11.539,5.137,0.836,1.000,1.154,1.391,3,NULL,NULL,,3,1,2,7,255,1404,250,0,0
stim,204654,234775,1,234775,3432069.454,-0.630,0.187,-0.343,0.671,0,0,104,0,499,0,0,265,44,0.976,1,2244,0,402.959,16.053,-37.563,-399.000,42.000,-0.148,0.094,2.473,-5.801,-14.969,5.324,0.878,1.042,1.154,1.391,3,NULL,NULL,,3,1,2,7,255,1404,250,0,0
stim,204654,234775,1,234775,3432074.455,-0.622,0.194,-0.358,0.669,0,0,116,0,227,0,0,165,44,0.976,1,2244,0,418.755,18.603,-111.375,-396.188,77.375,-0.305,0.129,2.215,-5.801,-17.676,5.324,0.914,1.080,1.154,1.391,3,NULL,NULL,,3,1,2,7,255,1404,250,0,0
stim,204654,234775,1,234775,3432079.454,-0.613,0.200,-0.374,0.667,0,0,118,0,0,0,0,83,44,0.976,1,2244,0,439.844,18.633,-151.500,-393.813,124.188,-0.410,0.352,1.797,-5.895,-17.676,2.117,0.948,1.118,1.154,1.391,3,NULL,NULL,,3,1,2,7,255,1404,250,0,0
stim,204654,234775,1,234775,3432084.455,-0.604,0.203,-0.390,0.664,0,0,107,0,0,0,0,35,44,0.976,1,2244,0,445.869,16.973,-185.750,-381.188,137.813,-0.520,0.883,1.523,-6.648,-15.617,-2.484,0.984,1.156,1.154,1.391,4,NULL,NULL,,3,1,2,7,255,1404,250,0,0
stim,204654,234775,1,234775,3432089.454,-0.597,0.206,-0.406,0.660,0,0,87,0,0,0,0,7,44,0.976,1,2244,0,424.925,17.880,-199.063,-361.625,100.813,-0.684,1.250,1.391,-10.852,-14.211,-7.078,1.032,1.206,1.154,1.391,0,NULL,NULL,,3,1,2,7,255,1404,250,0,0
stim,204654,234775,1,234775,3432094.455,-0.591,0.208,-0.422,0.655,0,0,94,0,0,0,0,0,44,0.976,1,2244,0,412.532,19.706,-230.313,-336.063,64.813,-0.770,1.340,1.449,-13.652,-14.211,-10.816,1.088,1.260,1.154,1.391,0,NULL,NULL,,3,1,2,7,255,1404,250,0,0
stim,204672,234793,1,234793,3432099.454,-0.586,0.209,-0.439,0.648,0,0,92,0,0,0,0,17,44,0.976,1,2244,0,427.119,19.802,-287.875,-311.563,49.875,-0.754,1.051,1.387,-13.652,-14.344,-12.113,1.148,1.324,1.154,1.391,0,NULL,NULL,,3,1,2,7,255,1404,250,0,0
stim,204672,234793,1,234793,3432104.455,-0.583,0.207,-0.456,0.640,0,0,97,0,0,0,0,43,44,0.976,1,2244,0,448.208,18.542,-351.188,-278.313,10.000,-0.340,0.539,1.102,-11.750,-14.344,-12.113,1.218,1.394,1.154,1.391,0,NULL,NULL,,3,1,2,7,255,1404,250,0,0
stim,204672,234793,1,234793,3432109.454,-0.583,0.205,-0.471,0.630,0,0,91,0,0,0,0,60,44,0.976,1,2244,0,410.783,12.564,-346.938,-215.938,-41.813,-0.059,-0.137,0.711,-7.406,-10.148,-9.094,1.290,1.466,1.154,1.391,0,NULL,NULL,,3,1,2,7,255,1404,250,0,0
stim,204672,234793,1,234793,3432114.455,-0.582,0.203,-0.483,0.622,0,0,88,0,0,0,0,89,44,0.976,1,2244,0,334.309,6.398,-283.000,-175.250,-31.000,-0.145,-0.266,0.523,-0.945,-6.328,-7.707,1.366,1.542,1.154,1.391,0,NULL,NULL,,3,1,2,7,255,1404,250,0,0
stim,204672,234793,1,234793,3432119.454,-0.582,0.202,-0.493,0.615,0,0,87,0,0,0,0,115,44,0.976,1,2244,0,274.554,6.374,-236.063,-134.875,-38.250,-0.355,-0.066,0.602,-0.766,-6.328,-7.707,1.442,1.618,1.154,1.391,0,NULL,NULL,,3,1,2,7,255,1404,250,0,0
stim,204672,234793,1,234793,3432124.455,-0.585,0.199,-0.500,0.607,0,0,81,0,0,0,0,115,44,0.976,1,2244,0,264.160,5.566,-244.875,-72.063,-68.000,-0.238,-0.020,0.375,-0.715,-5.520,-9.918,1.514,1.690,1.154,1.391,0,NULL,NULL,,3,1,2,7,255,1404,250,0,0
stim,204693,234814,1,234814,3432129.454,-0.588,0.194,-0.507,0.600,0,0,80,0,0,0,0,105,44,0.976,1,2244,0,257.108,4.406,-249.000,-12.875,-62.750,-0.008,0.129,-0.188,-0.715,-4.348,-10.160,1.580,1.758,1.154,1.391,0,NULL,NULL,,3,1,2,7,255,1404,250,0,0
stim,204693,234814,1,234814,3432134.455,-0.592,0.189,-0.510,0.594,0,0,71,0,0,0,0,101,44,0.976,1,2244,0,209.901,1.843,-200.063,45.375,-44.438,0.039,0.379,-0.688,-0.715,1.699,-11.113,1.642,1.818,1.154,1.391,0,NULL,NULL,,3,1,2,7,255,1404,250,0,0
stim,204693,234814,1,234814,3432139.454,-0.596,0.185,-0.510,0.592,0,0,64,0,0,0,0,101,44,0.976,1,2244,0,145.973,6.622,-104.625,95.813,-34.375,-0.016,0.426,-0.801,-0.461,6.605,-13.664,1.696,1.874,1.154,1.391,0,NULL,NULL,,3,1,2,7,255,1404,250,0,0
stim,204693,234814,1,234814,3432144.455,-0.600,0.181,-0.507,0.592,0,0,59,0,0,0,0,93,44,0.976,1,2244,0,136.446,6.620,-15.875,133.063,-25.688,-0.090,0.242,-0.480,-0.445,6.605,-13.664,1.744,1.924,1.154,1.391,0,NULL,NULL,,3,1,2,7,255,1404,250,0,0
stim,204693,234814,1,234814,3432149.454,-0.603,0.178,-0.502,0.593,0,0,58,0,0,0,0,91,44,0.976,1,2244,0,161.488,3.910,21.750,159.688,-10.250,-0.129,0.059,-0.160,-0.008,3.910,-13.383,1.784,1.968,1.154,1.391,0,NULL,NULL,,3,1,2,7,255,1404,250,0,0
stim,204693,234814,0,234814,3432154.455,-0.607,0.174,-0.497,0.595,0,0,56,0,0,0,0,80,44,0.976,1,2244,0,179.403,0.684,31.188,176.250,12.188,-0.133,0.004,-0.004,0.164,0.664,-11.719,1.808,1.992,1.154,1.391,0,NULL,NULL,,3,0,2,7,255,1403,250,0,0
stim,204723,234844,0,234844,3432159.455,-0.610,0.170,-0.491,0.599,0,0,53,0,0,0,0,77,44,0.976,1,2244,0,194.899,0.183,42.875,186.625,36.313,-0.238,0.117,-0.129,0.164,-0.082,-11.719,1.824,2.008,1.154,1.391,0,NULL,NULL,,3,0,2,7,255,1403,250,0,0
stim,204723,234844,0,234844,3432164.455,-0.612,0.166,-0.484,0.603,0,0,47,0,0,0,0,71,44,0.976,1,2244,0,209.039,0.173,76.250,189.813,43.063,-0.363,0.258,-0.180,-0.105,-0.137,-12.719,1.832,2.018,1.154,1.391,0,NULL,NULL,,3,0,2,7,255,1403,250,0,0
stim,204723,234844,0,234844,3432169.454,-0.615,0.163,-0.476,0.607,0,0,55,0,0,0,0,69,44,0.976,1,2244,0,226.878,0.917,114.313,191.625,41.063,-0.363,0.332,-0.063,-0.906,-0.137,-14.199,1.838,2.026,1.154,1.391,0,NULL,NULL,,3,0,2,7,255,1403,250,0,0
stim,204723,234844,0,234844,3432174.455,-0.616,0.161,-0.468,0.613,0,0,51,0,0,0,0,69,44,0.976,1,2244,0,240.990,2.255,136.188,192.813,48.500,-0.324,0.352,0.145,-2.055,-0.930,-14.199,1.846,2.034,1.154,1.391,0,NULL,NULL,,3,0,2,7,255,1403,250,0,0
stim,204723,234844,0,234844,3432179.454,-0.618,0.158,-0.459,0.618,0,0,43,0,0,0,0,69,44,0.976,1,2244,0,246.286,3.882,139.250,194.000,60.250,-0.359,0.355,0.277,-3.133,-2.293,-12.914,1.854,2.042,1.154,1.391,0,NULL,NULL,,3,0,2,7,255,1403,250,0,0
stim,204723,234844,0,234844,3432184.455,-0.619,0.156,-0.450,0.624,0,0,44,0,0,0,0,71,44,0.976,1,2244,0,248.765,4.967,141.188,194.375,64.563,-0.430,0.336,0.309,-3.465,-3.559,-12.637,1.862,2.054,1.154,1.391,0,NULL,NULL,,3,0,2,7,255,1403,250,0,0
stim,204770,234891,0,234891,3432189.454,-0.621,0.153,-0.441,0.630,0,0,37,0,0,0,0,61,44,0.976,1,2244,0,249.784,5.662,146.938,193.375,58.375,-0.465,0.328,0.414,-3.660,-4.320,-12.445,1.874,2.066,1.154,1.391,0,NULL,NULL,,3,0,2,7,255,1403,250,0,0
stim,204770,234891,0,234891,3432194.455,-0.622,0.151,-0.432,0.635,0,0,40,0,0,0,0,57,44,0.976,1,2244,0,246.005,6.577,144.688,193.250,47.313,-0.438,0.305,0.559,-3.734,-5.414,-12.203,1.886,2.080,1.154,1.391,0,NULL,NULL,,3,0,2,7,255,1403,250,0,0
stim,204770,234891,0,234891,3432199.454,-0.624,0.149,-0.424,0.639,0,0,39,0,0,0,0,55,44,0.976,1,2244,0,239.526,7.581,132.188,195.625,40.375,-0.363,0.254,0.680,-4.078,-6.391,-10.965,1.904,2.098,1.154,1.391,0,NULL,NULL,,3,0,2,7,255,1403,250,0,0
stim,204770,234891,0,234891,3432204.455,-0.626,0.145,-0.415,0.644,0,0,37,0,0,0,0,57,44,0.976,1,2244,0,232.494,8.036,111.188,200.375,39.250,-0.316,0.219,0.746,-4.168,-6.871,-9.398,1.926,2.124,1.154,1.391,0,NULL,NULL,,3,0,2,7,255,1403,250,0,0
stim,204770,234891,0,234891,3432209.454,-0.629,0.142,-0.407,0.647,0,0,35,0,0,0,0,59,44,0.976,1,2244,0,229.206,8.204,91.000,207.188,36.438,-0.324,0.211,0.754,-4.168,-7.066,-8.426,1.954,2.152,1.154,1.391,0,NULL,NULL,,3,0,2,7,255,1403,250,0,0
stim,204770,234891,0,234891,3432214.455,-0.631,0.137,-0.399,0.651,0,0,35,0,0,0,0,71,44,0.976,1,2244,0,230.485,8.224,75.125,216.188,27.250,-0.324,0.219,0.754,-4.148,-7.102,-8.211,1.986,2.188,1.154,1.391,0,NULL,NULL,,3,0,2,7,255,1403,250,0,0
stim,204770,234891,0,234891,3432219.454,-0.635,0.132,-0.391,0.653,0,0,25,0,0,0,0,93,44,0.976,1,2244,0,235.943,8.224,63.750,226.563,16.563,-0.305,0.215,0.750,-4.148,-7.102,-8.090,2.030,2.232,1.154,1.391,0,NULL,NULL,,3,0,2,7,255,1403,250,0,0
stim,204770,234891,0,234891,3432224.455,-0.638,0.127,-0.383,0.656,0,0,23,0,0,0,0,101,44,0.976,1,2244,0,244.550,8.130,53.688,238.438,8.375,-0.293,0.172,0.777,-4.148,-6.992,-7.820,2.076,2.280,1.154,1.391,0,NULL,NULL,,3,0,2,7,255,1403,250,0,0
stim,204791,234912,0,234912,3432229.454,-0.642,0.121,-0.375,0.657,0,0,28,0,0,0,0,105,44,0.976,1,2244,0,254.064,7.992,42.000,250.563,1.750,-0.313,0.078,0.773,-3.871,-6.992,-7.230,2.126,2.334,1.154,1.391,0,NULL,NULL,,3,0,2,7,255,1403,250,0,0
stim,204791,234912,0,234912,3432234.455,-0.647,0.115,-0.366,0.659,0,0,23,0,0,0,0,107,44,0.976,1,2244,0,264.429,7.627,32.813,262.313,-6.188,-0.336,0.027,0.723,-3.027,-7.000,-7.063,2.180,2.388,1.154,1.391,0,NULL,NULL,,3,0,2,7,255,1403,250,0,0
stim,204791,234912,0,234912,3432239.454,-0.652,0.108,-0.358,0.660,0,0,23,0,0,0,0,108,44,0.976,1,2244,0,275.390,7.456,29.438,273.438,-14.313,-0.344,0.070,0.656,-2.566,-7.000,-7.063,2.232,2.442,1.154,1.391,0,NULL,NULL,,3,0,2,7,255,1403,250,0,0
stim,204791,234912,0,234912,3432244.455,-0.657,0.101,-0.348,0.661,0,0,19,0,0,0,0,111,44,0.976,1,2244,0,286.511,7.017,34.313,283.563,-22.438,-0.363,0.105,0.645,-2.566,-6.531,-7.516,2.282,2.494,1.154,1.391,0,NULL,NULL,,3,0,2,7,255,1403,250,0,0
stim,204821,234942,0,234942,3432249.454,-0.662,0.095,-0.339,0.662,0,0,12,0,0,0,0,111,44,0.976,1,2244,0,296.358,7.027,42.000,291.375,-34.125,-0.344,0.063,0.680,-2.641,-6.512,-7.516,2.332,2.544,1.154,1.391,0,NULL,NULL,,3,0,2,7,255,1403,250,0,0
stim,204821,234942,0,234942,3432254.455,-0.668,0.088,-0.329,0.662,0,0,12,0,0,0,0,111,44,0.976,1,2244,0,303.875,7.009,44.125,297.750,-41.688,-0.203,0.027,0.672,-2.641,-6.492,-6.992,2.376,2.590,1.154,1.391,0,NULL,NULL,,3,0,2,7,255,1403,250,0,0
stim,204821,234942,0,234942,3432259.454,-0.673,0.082,-0.318,0.662,0,0,17,0,0,0,0,113,44,0.976,1,2244,0,310.693,5.833,49.375,304.125,-40.000,-0.137,-0.059,0.582,-2.469,-5.285,-6.008,2.416,2.632,1.154,1.391,0,NULL,NULL,,3,0,2,7,255,1403,250,0,0
stim,204821,234942,0,234942,3432264.455,-0.679,0.076,-0.307,0.663,0,0,13,0,0,0,0,115,44,0.976,1,2244,0,317.008,4.484,69.938,306.500,-40.750,-0.129,-0.070,0.500,-1.430,-4.250,-6.008,2.454,2.672,1.154,1.391,0,NULL,NULL,,3,0,2,7,255,1403,250,0,0
stim,204851,234972,0,234972,3432269.454,-0.684,0.070,-0.295,0.664,0,0,14,0,0,0,0,117,44,0.976,1,2244,0,324.820,3.984,100.125,306.500,-39.250,-0.055,0.020,0.574,-1.430,-3.719,-5.926,2.486,2.706,1.154,1.391,0,NULL,NULL,,3,0,2,7,255,1403,250,0,0
stim,204851,234972,0,234972,3432274.455,-0.688,0.066,-0.282,0.665,0,0,15,0,0,0,0,117,44,0.976,1,2244,0,331.432,4.020,125.563,305.188,-30.688,-0.059,-0.059,0.668,-1.680,-3.652,-5.574,2.516,2.736,1.154,1.391,0,NULL,NULL,,3,0,2,7,255,1403,250,0,0
stim,204851,234972,0,234972,3432279.454,-0.693,0.062,-0.269,0.666,0,0,17,0,0,0,0,120,44,0.976,1,2244,0,337.247,3.686,148.688,301.438,-27.625,-0.070,-0.082,0.586,-1.680,-3.281,-5.070,2.544,2.764,1.154,1.391,0,NULL,NULL,,3,0,2,7,255,1403,250,0,0
stim,204851,234972,0,234972,3432284.455,-0.697,0.059,-0.254,0.668,0,0,11,0,0,0,0,120,44,0.976,1,2244,0,353.642,4.020,172.500,307.938,-21.938,-0.051,0.102,1.016,-1.680,-3.652,-4.520,2.566,2.788,1.154,1.391,0,NULL,NULL,,3,0,2,7,255,1403,250,0,0
stim,204851,234972,0,234972,3432289.454,-0.700,0.055,-0.240,0.670,0,0,15,0,0,0,0,118,44,0.976,1,2244,0,343.735,5.097,156.688,305.625,-14.000,0.008,0.051,0.992,-3.426,-3.773,-1.785,2.586,2.810,1.154,1.391,0,NULL,NULL,,3,0,2,7,255,1403,250,0,0
stim,204851,234972,0,234972,3432294.455,-0.703,0.051,-0.226,0.672,0,0,14,0,0,0,0,119,44,0.976,1,2244,0,350.666,5.705,173.313,304.813,-4.313,-0.133,0.055,1.004,-3.426,-4.563,-1.734,2.606,2.830,1.154,1.391,0,NULL,NULL,,3,0,2,7,255,1403,250,0,0
stim,204851,234972,0,234972,3432299.454,-0.707,0.049,-0.211,0.674,0,0,11,0,0,0,0,123,44,0.976,1,2244,0,361.417,5.899,194.938,304.063,-12.938,-0.133,0.012,1.156,-3.328,-4.871,-1.441,2.624,2.850,1.154,1.391,0,NULL,NULL,,3,0,2,7,255,1403,250,0,0
stim,204851,234972,0,234972,3432304.455,-0.709,0.046,-0.195,0.676,0,0,13,0,0,0,0,135,44,0.976,1,2244,0,365.435,6.183,203.250,303.438,-12.563,-0.156,0.055,1.348,-3.328,-5.211,-0.102,2.642,2.870,1.154,1.391,0,NULL,NULL,,3,0,2,7,255,1403,250,0,0
stim,204874,234995,0,234995,3432309.454,-0.713,0.044,-0.180,0.677,0,0,11,0,0,0,0,130,44,0.976,1,2244,0,361.659,6.940,196.438,302.750,-23.500,-0.141,0.133,1.574,-3.863,-5.766,1.609,2.662,2.890,1.154,1.391,0,NULL,NULL,,3,0,2,7,255,1403,250,0,0
stim,204874,234995,0,234995,3432314.455,-0.715,0.040,-0.165,0.678,0,0,11,0,0,0,0,138,44,0.976,1,2244,0,352.373,7.433,176.563,304.188,-21.500,-0.078,0.129,1.613,-4.691,-5.766,3.746,2.684,2.912,1.154,1.391,0,NULL,NULL,,3,0,2,7,255,1403,250,0,0
stim,204874,234995,0,234995,3432319.454,-0.718,0.037,-0.151,0.678,0,0,15,0,0,0,0,140,44,0.976,1,2244,0,346.470,6.931,165.813,303.500,-20.875,-0.047,0.082,1.660,-4.691,-5.102,4.547,2.710,2.938,1.154,1.391,0,NULL,NULL,,3,0,2,7,255,1403,250,0,0
stim,204874,234995,0,234995,3432324.455,-0.721,0.033,-0.137,0.679,0,0,16,0,0,0,0,155,44,0.976,1,2244,0,340.472,6.517,150.938,304.438,-21.375,-0.109,0.125,1.699,-4.395,-4.813,5.340,2.738,2.968,1.154,1.391,0,NULL,NULL,,3,0,2,7,255,1403,250,0,0
stim,204874,234995,0,234995,3432329.454,-0.723,0.028,-0.123,0.679,0,0,13,0,0,0,0,155,44,0.976,1,2244,0,334.326,6.352,133.875,305.000,-28.750,-0.043,0.152,1.766,-4.395,-4.586,5.641,2.770,2.998,1.154,1.391,0,NULL,NULL,,3,0,2,7,255,1403,250,0,0
stim,204874,234995,0,234995,3432334.455,-0.726,0.023,-0.110,0.678,0,0,18,0,0,0,0,159,44,0.976,1,2244,0,327.121,5.869,115.750,304.063,-34.000,-0.066,0.023,1.703,-4.395,-3.891,6.238,2.802,3.030,1.154,1.391,0,NULL,NULL,,3,0,2,7,255,1403,250,0,0
stim,204903,235024,0,235024,3432339.454,-0.728,0.018,-0.097,0.678,0,0,13,0,0,0,0,149,44,0.976,1,2244,0,322.382,4.750,109.875,302.000,-25.563,0.055,0.039,1.602,-3.004,-3.680,6.238,2.832,3.062,1.154,1.391,0,NULL,NULL,,3,0,2,7,255,1403,250,0,0
stim,204903,235024,0,235024,3432344.455,-0.730,0.013,-0.084,0.678,0,0,14,0,0,0,0,154,44,0.976,1,2244,0,320.620,3.349,111.125,299.875,-22.875,0.023,0.000,1.555,-2.742,-1.922,5.563,2.860,3.090,1.154,1.391,0,NULL,NULL,,3,0,2,7,255,1403,250,0,0
stim,204903,235024,0,235024,3432349.454,-0.732,0.008,-0.071,0.677,0,0,18,0,0,0,0,153,44,0.976,1,2244,0,316.790,3.274,109.875,296.688,-16.125,-0.012,0.152,1.598,-2.742,-1.789,5.438,2.886,3.116,1.154,1.391,0,NULL,NULL,,3,0,2,7,255,1403,250,0,0
stim,204903,235024,0,235024,3432354.455,-0.734,0.002,-0.059,0.676,0,0,17,0,0,0,0,151,44,0.976,1,2244,0,314.045,2.807,104.063,295.000,-27.750,0.016,0.051,1.504,-2.258,-1.668,5.203,2.908,3.140,1.154,1.391,0,NULL,NULL,,3,0,2,7,255,1403,250,0,0
stim,204903,235024,0,235024,3432359.454,-0.736,-0.002,-0.046,0.676,0,0,21,0,0,0,0,151,44,0.976,1,2244,0,312.694,2.485,114.063,290.688,-16.375,0.078,0.020,1.516,-2.258,-1.039,4.977,2.930,3.160,1.154,1.391,0,NULL,NULL,,3,0,2,7,255,1403,250,0,0
stim,204903,235024,0,235024,3432364.455,-0.737,-0.007,-0.033,0.675,0,0,23,0,0,0,0,151,44,0.976,1,2244,0,310.305,2.142,116.750,287.313,-10.500,-0.004,0.063,1.598,-2.082,-0.504,4.977,2.948,3.180,1.154,1.391,0,NULL,NULL,,3,0,2,7,255,1403,250,0,0
stim,204951,235072,0,235072,3432369.454,-0.737,-0.012,-0.020,0.675,0,0,25,0,0,0,0,153,44,0.976,1,2244,0,305.434,2.010,113.625,283.438,-6.500,0.004,0.078,1.574,-2.008,-0.086,5.500,2.962,3.194,1.154,1.391,0,NULL,NULL,,3,0,2,7,255,1403,250,0,0
stim,204951,235072,0,235072,3432374.455,-0.738,-0.016,-0.008,0.675,0,0,27,0,0,0,0,154,44,0.976,1,2244,0,304.174,2.009,124.688,277.438,-1.750,0.012,0.016,1.586,-2.008,-0.078,5.680,2.976,3.210,1.154,1.391,0,NULL,NULL,,3,0,2,7,255,1403,250,0,0
stim,204951,235072,0,235072,3432379.454,-0.738,-0.019,0.005,0.674,0,0,27,0,0,0,0,152,44,0.976,1,2244,0,301.778,2.034,131.000,271.688,9.750,-0.027,0.117,1.641,-2.008,0.324,5.680,2.990,3.224,1.154,1.391,0,NULL,NULL,,3,0,2,7,255,1403,250,0,0
stim,204951,235072,0,235072,3432384.455,-0.738,-0.023,0.018,0.674,0,0,25,0,0,0,0,152,44,0.976,1,2244,0,296.883,2.104,129.438,267.063,7.938,-0.051,0.168,1.652,-2.063,0.414,6.203,3.000,3.234,1.154,1.391,0,NULL,NULL,,3,0,2,7,255,1403,250,0,0
stim,204951,235072,0,235072,3432389.454,-0.738,-0.026,0.030,0.674,0,0,27,0,0,0,0,152,44,0.976,1,2244,0,297.205,2.148,143.625,259.938,11.625,-0.012,0.059,1.688,-2.063,0.602,6.316,3.012,3.246,1.154,1.391,0,NULL,NULL,,3,0,2,7,255,1403,250,0,0
stim,204951,235072,0,235072,3432394.455,-0.738,-0.028,0.043,0.673,0,0,27,0,0,0,0,150,44,0.976,1,2244,0,296.919,1.751,149.688,256.125,12.438,0.027,0.109,1.766,-1.242,1.234,6.660,3.022,3.256,1.154,1.391,0,NULL,NULL,,3,0,2,7,255,1403,250,0,0
stim,204975,235096,0,235096,3432399.454,-0.737,-0.031,0.055,0.673,0,0,25,0,0,0,0,151,44,0.976,1,2244,0,296.686,2.345,153.188,252.938,24.063,0.055,0.125,1.836,-1.086,2.078,7.371,3.030,3.266,1.154,1.391,0,NULL,NULL,,3,0,2,7,255,1403,250,0,0
stim,204975,235096,0,235096,3432404.455,-0.736,-0.033,0.068,0.673,0,0,27,0,0,0,0,155,44,0.976,1,2244,0,297.576,3.037,154.000,253.000,28.750,0.078,0.160,1.863,-1.137,2.816,7.984,3.038,3.274,1.154,1.391,0,NULL,NULL,,3,0,2,7,255,1403,250,0,0
stim,204975,235096,0,235096,3432409.454,-0.734,-0.035,0.081,0.673,0,0,28,0,0,0,0,163,44,0.976,1,2244,0,299.758,3.624,162.125,250.125,31.750,0.047,0.160,1.996,-1.086,3.457,8.156,3.044,3.280,1.154,1.391,0,NULL,NULL,,3,0,2,7,255,1403,250,0,0
stim,204975,235096,0,235096,3432414.455,-0.733,-0.036,0.094,0.673,0,0,29,0,0,0,0,167,44,0.976,1,2244,0,299.581,3.815,165.063,247.438,35.750,0.102,0.086,1.961,-0.797,3.730,8.895,3.050,3.286,1.154,1.391,0,NULL,NULL,,3,0,2,7,255,1403,250,0,0
stim,204975,235096,0,235096,3432419.454,-0.731,-0.038,0.107,0.673,0,0,25,0,0,0,0,165,44,0.976,1,2244,0,304.953,4.511,169.625,250.188,40.375,0.184,0.180,2.117,-0.168,4.508,9.430,3.052,3.288,1.154,1.391,0,NULL,NULL,,3,0,2,7,255,1403,250,0,0
stim,204975,235096,0,235096,3432424.455,-0.729,-0.041,0.119,0.673,0,0,26,0,0,0,0,165,44,0.976,1,2244,0,297.864,6.069,156.000,250.750,38.875,0.281,0.223,2.195,-0.164,6.066,10.168,3.052,3.288,1.154,1.391,0,NULL,NULL,,3,0,2,7,255,1403,250,0,0
stim,204998,235119,0,235119,3432429.454,-0.727,-0.043,0.132,0.673,0,0,25,0,0,0,0,160,44,0.976,1,2244,0,296.198,7.603,149.688,250.375,51.375,0.402,0.141,2.148,-0.164,7.602,10.168,3.050,3.286,1.154,1.391,0,NULL,NULL,,3,0,2,7,255,1403,250,0,0
stim,204998,235119,0,235119,3432434.455,-0.724,-0.045,0.144,0.673,0,0,27,0,0,0,0,163,44,0.976,1,2244,0,298.467,9.048,148.250,250.563,65.750,0.441,0.105,2.176,0.934,9.000,9.648,3.044,3.280,1.154,1.391,0,NULL,NULL,,3,0,2,7,255,1403,250,0,0
stim,204998,235119,0,235119,3432439.454,-0.721,-0.048,0.157,0.674,0,0,28,0,0,0,0,168,44,0.976,1,2244,0,298.794,9.942,148.375,248.250,75.063,0.441,0.031,2.172,1.625,9.809,9.547,3.034,3.270,1.154,1.391,0,NULL,NULL,,3,0,2,7,255,1403,250,0,0
stim,204998,235119,0,235119,3432444.455,-0.717,-0.050,0.169,0.674,0,0,29,0,0,0,0,163,44,0.976,1,2244,0,297.979,10.456,147.500,246.625,78.813,0.414,0.055,2.215,2.578,10.133,9.438,3.022,3.258,1.154,1.391,0,NULL,NULL,,3,0,2,7,255,1403,250,0,0
stim,204998,235119,0,235119,3432449.454,-0.713,-0.052,0.181,0.675,0,0,26,0,0,0,0,159,44,0.976,1,2244,0,293.272,10.747,140.625,245.938,75.813,0.480,0.051,2.164,2.668,10.410,9.184,3.004,3.240,1.154,1.391,0,NULL,NULL,,3,0,2,7,255,1403,250,0,0
stim,204998,235119,0,235119,3432454.455,-0.710,-0.055,0.193,0.676,0,0,27,0,0,0,0,165,44,0.976,1,2244,0,293.958,11.618,138.313,245.938,82.438,0.574,-0.012,2.105,2.871,11.258,8.531,2.980,3.214,1.154,1.391,0,NULL,NULL,,3,0,2,7,255,1403,250,0,0
stim,205054,235175,0,235175,3432459.454,-0.705,-0.057,0.205,0.676,0,0,28,0,0,0,0,167,44,0.976,1,2244,0,296.932,12.557,142.000,242.563,95.750,0.551,-0.098,2.016,3.594,12.031,7.285,2.950,3.184,1.154,1.391,0,NULL,NULL,,3,0,2,7,255,1403,250,0,0
stim,205054,235175,0,235175,3432464.455,-0.701,-0.058,0.217,0.677,0,0,27,0,0,0,0,166,44,0.976,1,2244,0,297.141,12.825,148.188,239.688,94.250,0.469,-0.145,2.047,4.441,12.031,6.320,2.916,3.150,1.154,1.391,0,NULL,NULL,,3,0,2,7,255,1403,250,0,0
stim,205054,235175,0,235175,3432469.454,-0.697,-0.060,0.229,0.677,0,0,28,0,0,0,0,168,44,0.976,1,2244,0,289.008,13.090,145.438,235.375,83.500,0.543,-0.270,2.008,5.156,12.031,6.145,2.876,3.108,1.154,1.391,0,NULL,NULL,,3,0,2,7,255,1403,250,0,0
stim,205054,235175,0,235175,3432474.455,-0.692,-0.062,0.240,0.678,0,0,29,0,0,0,0,173,44,0.976,1,2244,0,281.514,14.024,140.313,229.688,82.500,0.609,-0.309,1.980,6.434,12.461,5.125,2.830,3.062,1.154,1.391,0,NULL,NULL,,3,0,2,7,255,1403,250,0,0
stim,205054,235175,0,235175,3432479.454,-0.688,-0.064,0.251,0.678,0,0,27,0,0,0,0,183,44,0.976,1,2244,0,273.643,14.874,136.875,220.500,86.750,0.660,-0.445,1.816,6.879,13.188,4.215,2.780,3.012,1.154,1.391,0,NULL,NULL,,3,0,2,7,255,1403,250,0,0
stim,205054,235175,0,235175,3432484.455,-0.684,-0.065,0.262,0.678,0,0,26,0,0,0,0,198,44,0.976,1,2244,0,273.792,15.394,149.688,210.063,91.813,0.633,-0.559,1.727,7.941,13.188,1.961,2.726,2.956,1.154,1.391,0,NULL,NULL,,3,0,2,7,255,1403,250,0,0
stim,205054,235175,0,235175,3432489.454,-0.679,-0.065,0.273,0.678,0,0,24,0,0,0,0,213,44,0.976,1,2244,0,268.500,15.548,161.313,197.813,83.313,0.570,-0.582,1.742,8.949,12.715,0.703,2.668,2.898,1.154,1.391,0,NULL,NULL,,3,0,2,7,255,1403,250,0,0
stim,205054,235175,0,235175,3432494.455,-0.676,-0.065,0.283,0.677,0,0,27,0,0,0,0,217,44,0.976,1,2244,0,251.097,15.784,158.750,185.563,58.438,0.598,-0.566,1.805,9.352,12.715,0.703,2.608,2.836,1.154,1.391,0,NULL,NULL,,3,0,2,7,255,1403,250,0,0
stim,205054,235175,0,235175,3432499.454,-0.673,-0.065,0.293,0.676,0,0,29,0,0,0,0,235,44,0.976,1,2244,0,232.866,16.203,151.563,172.563,38.438,0.750,-0.676,1.766,9.496,13.129,0.664,2.546,2.774,1.154,1.391,0,NULL,NULL,,3,0,2,7,255,1403,250,0,0
stim,205054,235175,0,235175,3432504.455,-0.671,-0.066,0.302,0.674,0,0,27,0,2,0,0,266,44,0.976,1,2244,0,215.273,17.690,141.125,160.250,27.313,0.836,-0.641,1.844,10.348,14.348,-0.891,2.480,2.708,1.154,1.391,0,NULL,NULL,,3,0,2,7,255,1403,250,0,0
stim,205054,235175,0,235175,3432509.454,-0.669,-0.067,0.310,0.672,0,0,29,0,20,0,0,308,44,0.976,1,2244,0,187.638,18.731,113.063,149.313,11.438,0.977,-0.633,1.883,10.348,15.613,-0.906,2.410,2.638,1.154,1.391,0,NULL,NULL,,3,0,2,7,255,1403,250,0,0
stim,205054,235175,0,235175,3432514.455,-0.668,-0.068,0.316,0.671,0,0,31,0,35,0,0,329,44,0.976,1,2244,0,162.990,19.975,87.125,137.750,0.000,1.250,-0.809,1.582,10.348,17.086,-1.602,2.340,2.566,1.154,1.391,0,NULL,NULL,,3,0,2,7,255,1403,250,0,0
stim,205087,235208,0,235208,3432519.454,-0.666,-0.069,0.323,0.669,0,0,25,0,44,0,0,346,44,0.976,1,2244,0,158.706,20.899,95.188,126.875,-5.438,1.484,-0.941,1.355,10.867,17.852,-6.141,2.266,2.490,1.154,1.391,0,NULL,NULL,,3,0,2,7,255,1403,250,0,0
stim,205087,235208,0,235208,3432524.455,-0.666,-0.070,0.329,0.666,0,0,27,0,85,0,0,363,44,0.976,1,2244,0,155.600,21.655,101.125,116.813,-18.438,1.727,-1.074,1.258,11.223,18.520,-9.809,2.188,2.414,1.154,1.391,0,NULL,NULL,,3,0,2,7,255,1403,250,0,0
stim,205087,235208,0,235208,3432529.454,-0.665,-0.070,0.335,0.663,0,0,27,0,102,0,0,389,44,0.976,1,2244,0,151.840,23.197,106.063,105.375,-26.500,1.973,-1.258,1.152,11.980,19.863,-12.551,2.108,2.334,1.154,1.391,0,NULL,NULL,,3,0,2,7,255,1403,250,0,0
stim,205087,235208,0,235208,3432534.455,-0.665,-0.070,0.341,0.661,0,0,31,0,119,0,0,399,44,0.976,1,2244,0,148.955,24.823,114.875,91.063,-26.438,2.152,-1.438,1.031,13.129,21.066,-15.527,2.022,2.246,1.154,1.391,0,NULL,NULL,,3,0,2,7,255,1403,250,0,0
stim,205087,235208,0,235208,3432539.454,-0.665,-0.068,0.347,0.658,0,0,27,0,125,0,0,405,44,0.976,1,2244,0,157.431,25.784,139.438,70.625,-18.813,2.207,-1.547,0.980,14.238,21.496,-18.281,1.932,2.156,1.154,1.391,0,NULL,NULL,,3,0,2,7,255,1403,250,0,0
stim,205087,235208,0,235208,3432544.455,-0.665,-0.065,0.353,0.655,0,0,29,0,135,0,0,405,44,0.976,1,2244,0,184.694,26.339,178.813,46.000,-4.688,2.137,-1.531,1.145,15.059,21.609,-18.293,1.836,2.060,1.154,1.391,0,NULL,NULL,,3,0,2,7,255,1403,250,0,0
stim,205120,235241,0,235241,3432549.454,-0.665,-0.059,0.359,0.652,0,0,28,0,143,0,0,411,44,0.976,1,2244,0,203.245,26.400,202.563,16.500,2.188,1.844,-1.191,1.676,15.059,21.684,-18.293,1.736,1.958,1.154,1.391,0,NULL,NULL,,3,0,2,7,255,1403,250,0,0
stim,205120,235241,0,235241,3432554.455,-0.666,-0.054,0.364,0.648,0,0,30,0,147,0,0,415,44,0.976,1,2244,0,188.031,26.895,187.563,-9.750,-9.000,1.676,-0.926,2.117,14.859,22.418,-11.906,1.630,1.852,1.154,1.391,0,NULL,NULL,,3,0,2,7,255,1403,250,0,0
stim,205120,235241,0,235241,3432559.454,-0.668,-0.049,0.367,0.646,0,0,29,0,143,0,0,428,44,0.976,1,2244,0,133.166,27.762,126.375,-37.375,-19.125,1.418,-0.523,2.543,14.504,23.672,-7.012,1.518,1.738,1.154,1.391,0,NULL,NULL,,3,0,2,7,255,1403,250,0,0
stim,205120,235241,0,235241,3432564.455,-0.669,-0.047,0.366,0.645,0,0,33,0,122,0,0,427,44,0.976,1,2244,0,78.341,27.042,46.563,-56.438,-28.000,1.313,-0.480,2.555,13.074,23.672,-1.094,1.402,1.618,1.154,1.391,0,NULL,NULL,,3,0,2,7,255,1403,250,0,0
stim,205154,235275,0,235275,3432569.454,-0.671,-0.046,0.363,0.644,0,0,29,0,79,0,0,435,44,0.976,1,2244,0,87.288,26.795,-38.875,-71.688,-31.125,1.074,-0.332,2.496,13.000,23.430,-0.223,1.280,1.494,1.154,1.391,0,NULL,NULL,,3,0,2,7,255,1403,250,0,0
stim,205154,235275,0,235275,3432574.455,-0.674,-0.048,0.357,0.645,0,0,29,0,59,0,0,442,44,0.976,1,2244,0,147.907,24.285,-110.875,-84.125,-50.063,0.824,-0.285,2.184,11.648,21.309,0.859,1.160,1.368,1.154,1.391,0,NULL,NULL,,3,0,2,7,255,1403,250,0,0
stim,205154,235275,0,235275,3432579.454,-0.677,-0.050,0.351,0.645,0,0,30,0,53,0,0,441,44,0.976,1,2244,0,185.227,20.354,-143.438,-90.313,-74.688,0.863,-0.426,1.836,10.141,17.648,0.859,1.040,1.242,1.154,1.391,0,NULL,NULL,,3,0,2,7,255,1403,250,0,0
stim,205154,235275,0,235275,3432584.455,-0.680,-0.054,0.343,0.646,0,0,26,0,3,0,0,423,44,0.976,1,2244,0,204.319,18.750,-163.625,-95.000,-77.125,0.941,-0.477,1.695,9.934,15.902,-2.227,0.922,1.116,1.154,1.391,0,NULL,NULL,,3,0,2,7,255,1403,250,0,0
stim,205154,235275,0,235275,3432589.454,-0.683,-0.056,0.335,0.647,35,0,29,173,37,0,0,531,44,0.976,1,2244,0,199.600,18.568,-161.188,-104.250,-54.688,0.699,-0.570,1.852,9.934,15.688,-2.227,0.808,0.992,1.154,1.391,0,NULL,NULL,,3,0,2,7,255,1403,250,0,0
stim,205154,235275,0,235275,3432594.455,-0.680,-0.042,0.333,0.652,628,0,11,947,0,28,0,549,44,0.976,1,2244,0,348.181,19.264,148.563,-233.125,211.688,0.156,0.367,4.445,11.180,15.688,-1.172,0.698,0.868,1.154,1.391,0,NULL,NULL,,3,0,2,7,255,1403,250,0,0
stim,205154,235275,0,235275,3432599.454,-0.669,-0.041,0.319,0.670,1223,0,3,1439,0,148,0,597,44,0.976,1,2244,0,588.837,19.522,-349.188,-177.250,439.750,-0.570,2.422,3.973,11.180,16.004,24.906,0.600,0.750,1.154,1.391,0,NULL,NULL,,3,0,2,7,255,1403,250,0,0
stim,205154,235275,0,235275,3432604.455,-0.659,-0.053,0.295,0.690,1691,0,0,1816,0,427,0,679,44,0.976,1,2244,0,784.192,18.066,-693.875,-144.688,335.500,-1.121,2.512,0.879,-8.383,16.004,24.906,0.516,0.636,1.154,1.391,0,NULL,NULL,,3,0,2,7,255,1403,250,0,0
stim,205181,235302,0,235302,3432609.454,-0.652,-0.060,0.277,0.703,2019,0,0,1961,0,571,0,757,44,0.976,1,2245,0,576.964,20.245,-499.063,-151.250,246.875,-1.824,2.203,-0.840,-19.652,-4.863,10.074,0.446,0.530,1.154,1.391,1,1427.000,24.000,,3,0,2,7,255,1403,250,0,0
stim,205181,235302,0,235302,3432614.455,-0.652,-0.062,0.267,0.707,2202,0,0,2067,0,701,0,819,44,0.976,1,2245,0,252.832,24.254,-223.438,-112.750,35.875,-1.324,1.270,-0.520,-19.652,-14.215,-2.684,0.396,0.430,1.154,1.391,1,NULL,NULL,,3,0,2,7,255,1403,250,0,0
stim,205181,235302,0,235302,3432619.455,-0.654,-0.060,0.262,0.707,2386,0,0,2185,0,869,0,904,44,0.976,1,2245,0,122.666,18.218,-39.438,-112.313,-29.625,-0.066,0.727,0.703,-11.395,-14.215,-2.684,0.374,0.344,1.154,1.391,1,NULL,NULL,,3,0,2,7,255,1403,250,0,0
stim,205181,235302,0,235302,3432624.454,-0.652,-0.059,0.256,0.711,2585,0,0,2451,0,965,0,921,44,0.976,1,2245,0,169.267,5.752,-101.438,-107.688,82.250,0.441,0.813,1.629,-5.273,2.297,-1.680,0.374,0.276,1.154,1.391,1,NULL,NULL,,3,0,2,7,255,1403,250,0,0
stim,205181,235302,0,235302,3432629.455,-0.645,-0.059,0.246,0.721,2733,0,0,2623,0,939,0,943,44,0.976,1,2245,0,357.131,5.385,-237.875,-135.125,229.563,-0.855,0.156,1.270,-4.871,2.297,4.367,0.396,0.234,1.154,1.391,1,NULL,NULL,,3,0,2,7,255,1403,250,0,0
stim,205181,235302,0,235302,3432634.453,-0.638,-0.061,0.230,0.733,2812,0,0,2757,0,935,0,1015,44,0.976,1,2245,0,483.838,3.279,-360.500,-182.438,266.188,-2.102,-1.141,0.207,2.297,-2.340,4.367,0.418,0.256,1.154,1.391,1,NULL,NULL,,3,0,2,7,255,1403,250,0,0
stim,205216,235337,0,235337,3432639.455,-0.637,-0.062,0.217,0.737,2898,0,0,2839,0,955,0,1117,44,0.976,1,2245,0,319.815,20.399,-257.250,-184.875,43.875,-2.172,-0.930,-0.711,11.523,-16.832,-2.695,0.440,0.292,1.154,1.391,2,NULL,NULL,,3,0,2,7,255,1403,250,0,0
stim,205216,235337,0,235337,3432644.454,-0.642,-0.057,0.210,0.735,2938,0,0,2921,0,981,0,1213,44,0.976,1,2245,0,218.121,20.399,-27.563,-192.875,-98.063,-0.688,-0.191,-0.215,11.523,-16.832,-9.727,0.460,0.342,1.154,1.391,2,NULL,NULL,,3,0,2,7,255,1403,250,0,0
stim,205216,235337,0,235337,3432649.455,-0.648,-0.050,0.208,0.731,2988,0,0,2979,0,1005,0,1301,44,0.976,1,2245,0,239.336,7.312,91.688,-185.188,-120.750,0.262,0.043,1.316,2.543,-6.855,-9.727,0.488,0.386,1.154,1.391,2,NULL,NULL,,3,0,2,7,255,1403,250,0,0
stim,205216,235337,0,235337,3432654.453,-0.651,-0.044,0.204,0.729,3008,0,0,3030,0,1080,0,1337,44,0.976,1,2245,0,184.104,7.448,42.375,-162.125,-76.250,0.699,-0.270,2.348,2.543,7.000,1.223,0.516,0.420,1.154,1.391,2,NULL,NULL,,3,0,2,7,255,1403,250,0,0
stim,205217,235338,0,235338,3432659.455,-0.652,-0.042,0.197,0.731,3033,0,0,3067,0,1161,0,1389,44,0.976,1,2245,0,178.403,15.656,-105.438,-143.750,6.813,0.809,-0.652,2.191,5.410,14.691,6.246,0.538,0.448,1.154,1.391,2,NULL,NULL,,3,0,2,7,255,1403,250,0,0
stim,205217,235338,0,235338,3432664.453,-0.650,-0.043,0.187,0.736,3049,0,0,3107,0,1259,0,1448,44,0.976,1,2245,0,267.545,16.983,-213.875,-129.938,94.625,0.301,-0.824,1.305,8.520,14.691,6.246,0.538,0.462,1.154,1.391,2,NULL,NULL,,3,0,2,7,255,1403,250,0,0
stim,205250,235371,0,235371,3432669.455,-0.646,-0.044,0.177,0.741,3065,0,0,3117,0,1408,0,1509,44,0.976,1,2245,0,275.887,11.611,-212.063,-123.688,125.875,-0.477,-0.750,0.660,8.695,7.695,-0.324,0.510,0.462,1.154,1.391,2,NULL,NULL,,3,0,2,7,255,1403,250,0,0
stim,205250,235371,0,235371,3432674.454,-0.644,-0.044,0.168,0.745,3063,0,0,3129,41,1507,0,1567,44,0.976,1,2245,0,211.163,8.837,-145.563,-130.313,80.125,-0.898,-0.559,0.457,8.695,-1.578,-3.652,0.476,0.456,1.154,1.391,2,NULL,NULL,,3,0,2,7,255,1403,250,0,0
stim,205250,235371,0,235371,3432679.455,-0.645,-0.041,0.162,0.746,3079,0,0,3133,93,1623,0,1652,44,0.976,1,2245,0,151.643,8.104,-65.750,-136.313,-9.563,-0.672,-0.262,0.844,7.281,-3.559,-3.652,0.440,0.446,1.154,1.391,2,NULL,NULL,,3,0,2,7,255,1403,250,0,0
stim,205250,235371,0,235371,3432684.453,-0.647,-0.038,0.158,0.745,3078,0,0,3153,184,1721,0,1709,44,0.976,1,2245,0,140.592,5.725,-30.313,-131.000,-41.063,0.012,0.020,1.152,4.484,-3.559,-0.602,0.402,0.414,1.154,1.391,2,NULL,NULL,,3,0,2,7,255,1403,250,0,0
stim,205250,235371,0,235371,3432689.455,-0.648,-0.036,0.152,0.745,3068,0,0,3155,349,1842,0,1755,44,0.976,1,2245,0,134.654,3.380,-54.563,-122.125,-15.500,0.234,0.051,1.484,1.043,3.215,0.957,0.370,0.372,1.154,1.391,2,NULL,NULL,,3,0,2,7,255,1403,250,0,0
stim,205250,235371,0,235371,3432694.454,-0.648,-0.035,0.146,0.747,3080,0,0,3153,408,1908,0,1787,44,0.976,1,2245,0,156.386,5.131,-108.750,-111.500,14.063,0.156,-0.117,1.363,1.043,5.023,2.461,0.338,0.320,1.154,1.391,2,NULL,NULL,,3,0,2,7,255,1403,250,0,0
stim,205272,235393,0,235393,3432699.455,-0.648,-0.035,0.139,0.748,3067,0,0,3149,465,1995,0,1817,44,0.976,1,2245,0,163.324,5.490,-125.438,-100.813,27.875,-0.008,-0.305,0.918,2.215,5.023,2.461,0.316,0.272,1.154,1.391,2,NULL,NULL,,3,0,2,7,255,1403,250,0,0
stim,205272,235393,0,235393,3432704.453,-0.647,-0.034,0.133,0.750,3079,0,0,3151,651,2093,0,1907,44,0.976,1,2245,0,136.046,4.352,-92.875,-97.688,18.438,-0.137,-0.293,0.688,3.563,2.500,-1.516,0.292,0.236,1.154,1.391,2,NULL,NULL,,3,0,2,7,255,1403,250,0,0
stim,205272,235393,0,235393,3432709.455,-0.648,-0.033,0.129,0.750,3080,0,0,3146,774,2163,73,1987,44,0.976,1,2245,0,109.335,3.753,-48.500,-97.938,3.188,-0.090,-0.180,0.809,3.563,1.180,-2.168,0.270,0.208,1.154,1.391,2,NULL,NULL,,3,0,2,7,255,1403,250,0,0
stim,205272,235393,0,235393,3432714.454,-0.648,-0.030,0.126,0.750,3087,0,0,3149,917,2214,91,2054,44,0.976,1,2245,0,75.737,2.726,-5.938,-73.250,-18.313,0.129,0.051,1.578,2.457,1.180,-2.168,0.252,0.196,1.154,1.391,2,NULL,NULL,,3,0,2,7,255,1403,250,0,0
stim,205272,235393,0,235393,3432719.455,-0.650,-0.030,0.124,0.749,3091,0,0,3155,1061,2264,87,2111,44,0.976,1,2245,0,62.903,4.640,-35.125,-38.188,-35.563,0.309,0.352,1.523,0.566,4.605,4.457,0.242,0.188,1.154,1.391,2,NULL,NULL,,3,0,2,7,255,1403,250,0,0
stim,205272,235393,0,235393,3432724.454,-0.650,-0.031,0.121,0.749,3089,0,0,3159,1146,2293,89,2152,44,0.976,1,2245,0,65.368,5.809,-53.375,-34.000,-16.375,0.379,0.723,1.195,-2.652,5.168,4.457,0.240,0.178,1.154,1.391,2,NULL,NULL,,3,0,2,7,255,1403,250,0,0
stim,205297,235418,0,235418,3432729.455,-0.650,-0.031,0.119,0.749,3087,0,0,3161,1207,2327,91,2196,44,0.976,1,2245,0,51.503,6.736,-46.500,-22.063,-1.875,0.008,0.535,1.227,-4.320,5.168,2.441,0.244,0.166,1.154,1.391,2,NULL,NULL,,3,0,2,7,255,1403,250,0,0
stim,205297,235418,0,235418,3432734.453,-0.651,-0.033,0.116,0.749,3080,3,0,3155,1279,2359,101,2237,44,0.976,1,2245,0,84.569,4.736,-80.313,-16.625,-20.625,-0.398,0.066,1.238,-4.320,1.941,2.441,0.252,0.152,1.154,1.391,2,NULL,NULL,,3,0,2,7,255,1403,250,0,0
stim,205297,235418,0,235418,3432739.455,-0.653,-0.036,0.113,0.748,3087,18,0,3163,1355,2367,111,2277,44,0.976,1,2245,0,114.306,1.361,-90.688,-17.625,-67.313,-0.391,0.129,0.898,-0.238,-1.340,2.441,0.258,0.138,1.154,1.391,2,NULL,NULL,,3,0,2,7,255,1403,250,0,0
stim,205297,235418,0,235418,3432744.454,-0.657,-0.037,0.110,0.745,3092,41,0,3167,1419,2383,125,2313,44,0.976,1,2245,0,121.243,1.361,-54.750,-12.625,-107.438,-0.086,0.215,0.867,-0.238,-1.340,-0.359,0.266,0.126,1.154,1.391,2,NULL,NULL,,3,0,2,7,255,1403,250,0,0
stim,205297,235418,0,235418,3432749.455,-0.660,-0.038,0.109,0.742,3095,59,0,3167,1509,2407,141,2333,44,0.976,1,2245,0,105.760,1.532,-33.750,-11.000,-99.625,0.137,0.176,1.023,-1.387,0.652,-0.359,0.280,0.112,1.154,1.391,2,NULL,NULL,,3,0,2,7,255,1403,250,0,0
stim,205297,235418,0,235418,3432754.453,-0.662,-0.039,0.107,0.741,3081,61,0,3179,1557,2410,145,2373,44,0.976,1,2245,0,80.879,3.430,-44.500,-5.500,-67.313,0.156,0.000,1.148,-1.387,3.137,-0.133,0.298,0.096,1.154,1.391,2,NULL,NULL,,3,0,2,7,255,1403,250,0,0
stim,205323,235444,0,235444,3432759.456,-0.663,-0.041,0.105,0.740,3093,75,0,3183,1593,2427,149,2397,44,0.976,1,2245,0,75.494,3.154,-66.250,-3.125,-36.063,-0.004,-0.102,1.023,0.328,3.137,-0.063,0.318,0.080,1.154,1.391,2,NULL,NULL,,3,0,2,7,255,1403,250,0,0
stim,205323,235444,0,235444,3432764.454,-0.664,-0.043,0.102,0.739,3089,110,0,3179,1619,2439,149,2408,44,0.976,1,2245,0,67.504,2.215,-58.938,-2.563,-32.813,-0.168,-0.027,0.859,0.699,2.102,-0.063,0.336,0.062,1.154,1.391,2,NULL,NULL,,3,0,2,7,255,1403,250,0,0
stim,205355,235476,0,235476,3432769.455,-0.666,-0.044,0.101,0.738,3091,117,3,3180,1660,2449,172,2421,44,0.976,1,2245,0,60.937,0.707,-36.313,-2.438,-48.875,-0.188,0.078,0.902,0.699,0.105,-0.742,0.348,0.054,1.154,1.391,2,NULL,NULL,,3,0,2,7,255,1403,250,0,0
stim,205355,235476,0,235476,3432774.454,-0.667,-0.045,0.100,0.737,3091,157,27,3183,1703,2461,181,2439,44,0.976,1,2245,0,61.374,0.170,-23.438,-2.000,-56.688,-0.066,0.047,1.000,-0.133,0.105,-0.742,0.356,0.050,1.154,1.391,2,NULL,NULL,,3,0,2,7,255,1403,250,0,0
stim,205355,235476,0,235476,3432779.455,-0.669,-0.046,0.099,0.735,3093,191,36,3191,1739,2472,199,2443,44,0.976,1,2245,0,51.725,1.292,-26.563,-0.875,-44.375,-0.012,-0.012,1.039,-0.133,1.285,-0.086,0.364,0.050,1.154,1.391,2,NULL,NULL,,3,0,2,7,255,1403,250,0,0
stim,205355,235476,0,235476,3432784.454,-0.670,-0.047,0.098,0.735,3105,218,69,3196,1759,2483,199,2451,44,0.976,1,2245,0,38.923,1.847,-29.563,0.563,-25.313,-0.023,-0.074,1.004,0.395,1.805,-0.086,0.372,0.046,1.154,1.391,2,NULL,NULL,,3,0,2,7,255,1403,250,0,0
stim,205355,235476,0,235476,3432789.455,-0.670,-0.048,0.096,0.734,3099,233,99,3208,1799,2499,199,2471,44,0.976,1,2245,0,30.766,2.046,-26.625,1.125,-15.375,-0.098,-0.090,0.953,0.965,1.805,-0.184,0.382,0.044,1.154,1.391,2,NULL,NULL,,3,0,2,7,255,1403,250,0,0
stim,205355,235476,0,235476,3432794.453,-0.670,-0.048,0.096,0.734,3091,253,115,3212,1821,2503,199,2463,44,0.976,1,2245,0,21.500,1.523,-16.313,0.375,-14.000,-0.152,-0.090,0.898,1.152,0.996,-0.512,0.392,0.044,1.154,1.391,2,NULL,NULL,,3,0,2,7,255,1403,250,0,0
stim,205355,235476,0,235476,3432799.455,-0.671,-0.049,0.095,0.734,3095,263,149,3199,1851,2505,202,2473,44,0.976,1,2245,0,15.123,1.408,-11.813,-0.313,-9.438,-0.133,-0.141,0.996,1.164,0.793,-0.512,0.396,0.044,1.154,1.391,2,NULL,NULL,,3,0,2,7,255,1403,250,0,0
stim,205355,235476,0,235476,3432804.453,-0.671,-0.049,0.094,0.734,3095,269,168,3205,1863,2509,179,2473,44,0.976,1,2245,0,13.486,1.219,-12.938,-1.500,-3.500,-0.180,-0.078,0.965,1.164,0.363,-0.227,0.402,0.042,1.154,1.391,2,NULL,NULL,,3,0,2,7,255,1403,250,0,0
stim,205376,235497,0,235497,3432809.455,-0.671,-0.049,0.094,0.734,3096,273,212,3200,1883,2511,179,2483,44,1.026,1,2245,1,10.222,1.073,-8.813,-1.750,-4.875,-0.188,-0.047,0.996,1.055,0.199,-0.047,0.000,0.000,1.231,1.427,2,NULL,NULL,,3,0,2,7,255,1403,250,0,0
stim,205376,235497,0,235497,3432814.455,-0.671,-0.050,0.094,0.734,3101,263,262,3214,1889,2507,179,2479,44,1.026,1,2245,1,10.269,1.073,-9.563,-2.063,-3.125,-0.148,-0.082,0.996,1.055,0.199,0.008,0.008,0.008,1.231,1.427,2,NULL,NULL,,3,0,2,7,255,1403,250,0,0
stim,205376,235497,0,235497,3432819.454,-0.671,-0.050,0.093,0.734,3103,264,283,3205,1895,2513,176,2477,44,1.026,1,2245,1,11.066,1.154,-10.250,-2.688,3.188,-0.160,-0.109,0.961,1.078,0.410,0.008,0.016,0.016,1.231,1.427,2,NULL,NULL,,3,0,2,7,255,1403,250,0,0
stim,205376,235497,0,235497,3432824.455,-0.671,-0.050,0.093,0.734,3111,253,299,3196,1903,2521,175,2479,44,1.026,1,2245,1,9.461,1.286,-7.000,-3.938,5.000,-0.195,-0.098,0.938,1.219,0.410,-0.324,0.022,0.024,1.231,1.427,2,NULL,NULL,,3,0,2,7,255,1403,250,0,0
stim,205376,235497,0,235497,3432829.454,-0.671,-0.050,0.092,0.734,3102,251,316,3203,1923,2523,173,2479,44,1.026,1,2245,1,4.832,1.234,-2.063,-4.188,1.250,-0.180,-0.070,0.961,1.219,0.191,-0.324,0.030,0.030,1.231,1.427,2,NULL,NULL,,3,0,2,7,255,1403,250,0,0
stim,205376,235497,0,235497,3432834.455,-0.671,-0.050,0.092,0.734,3093,239,318,3196,1915,2519,168,2493,44,1.026,1,2245,1,4.855,0.945,-1.750,-4.250,1.563,-0.137,-0.055,0.980,0.926,0.191,-0.254,0.036,0.036,1.231,1.427,2,NULL,NULL,,3,0,2,7,255,1403,250,0,0
stim,205400,235521,0,235521,3432839.454,-0.671,-0.050,0.092,0.734,3097,232,329,3192,1919,2523,165,2485,44,1.026,1,2245,1,8.246,0.965,-1.563,-4.375,6.813,-0.133,-0.043,0.969,0.738,0.621,-0.254,0.042,0.042,1.231,1.427,2,NULL,NULL,,3,0,2,7,255,1403,250,0,0
stim,205400,235521,0,235521,3432844.455,-0.670,-0.050,0.091,0.735,3096,231,342,3191,1927,2521,166,2491,44,1.026,1,2245,1,9.724,0.881,0.688,-4.438,8.625,-0.160,-0.020,0.980,0.625,0.621,-0.156,0.046,0.046,1.231,1.427,2,NULL,NULL,,3,0,2,7,255,1403,250,0,0
stim,205400,235521,0,235521,3432849.454,-0.670,-0.050,0.091,0.735,3087,229,354,3187,1925,2515,137,2487,44,1.026,1,2245,1,8.346,0.538,2.875,-4.375,6.500,-0.168,0.016,0.992,0.426,0.328,-0.102,0.048,0.048,1.231,1.427,2,NULL,NULL,,3,0,2,7,255,1403,250,0,0
stim,205400,235521,0,235521,3432854.455,-0.670,-0.049,0.091,0.735,3087,227,355,3180,1919,2523,137,2487,44,1.026,1,2245,1,6.723,0.339,3.563,-4.000,4.063,-0.156,0.039,1.008,0.086,0.328,0.059,0.050,0.050,1.231,1.427,2,NULL,NULL,,3,0,2,7,255,1403,250,0,0
stim,205421,235542,0,235542,3432859.454,-0.670,-0.049,0.091,0.735,3080,228,355,3176,1919,2511,133,2487,44,1.026,1,2245,1,6.220,0.410,2.938,-3.750,4.000,-0.148,0.039,1.012,-0.125,0.391,0.188,0.052,0.052,1.231,1.427,2,NULL,NULL,,3,0,2,7,255,1403,250,0,0
stim,205421,235542,0,235542,3432864.455,-0.670,-0.049,0.091,0.735,3079,205,355,3173,1915,2509,133,2487,44,1.026,1,2245,1,6.127,0.411,2.688,-3.500,4.250,-0.160,0.039,1.012,-0.129,0.391,0.207,0.052,0.052,1.231,1.427,2,NULL,NULL,,3,0,2,7,255,1403,250,0,0
stim,205452,235573,0,235573,3432869.454,-0.670,-0.048,0.091,0.735,3091,201,358,3167,1915,2513,131,2485,44,1.026,1,2245,1,5.296,0.359,2.625,-3.375,3.125,-0.172,0.051,1.008,-0.137,0.332,0.211,0.052,0.052,1.231,1.427,2,NULL,NULL,,3,0,2,7,255,1403,250,0,0
stim,205452,235573,0,235573,3432874.455,-0.670,-0.048,0.091,0.735,3064,198,363,3164,1917,2505,127,2487,44,1.026,1,2245,1,4.304,0.283,2.438,-3.438,0.875,-0.176,0.059,1.004,-0.215,0.184,0.207,0.050,0.050,1.231,1.427,2,NULL,NULL,,3,0,2,7,255,1403,250,0,0
stim,205452,235573,0,235573,3432879.454,-0.670,-0.048,0.091,0.735,3063,197,363,3159,1914,2504,133,2487,44,1.026,1,2245,1,4.389,0.333,2.313,-3.688,-0.563,-0.168,0.059,0.996,-0.277,0.184,0.172,0.050,0.050,1.231,1.427,2,NULL,NULL,,3,0,2,7,255,1403,250,0,0
stim,205452,235573,0,235573,3432884.455,-0.670,-0.048,0.091,0.735,3055,188,371,3153,1913,2495,141,2487,44,1.026,1,2245,1,5.203,0.356,3.000,-4.250,0.063,-0.164,0.059,0.988,-0.305,0.184,0.098,0.048,0.048,1.231,1.427,2,NULL,NULL,,3,0,2,7,255,1403,250,0,0
stim,205452,235573,0,235573,3432889.454,-0.670,-0.047,0.091,0.735,3050,187,397,3147,1909,2493,141,2488,44,1.026,1,2245,1,7.094,0.368,5.063,-4.938,0.563,-0.164,0.082,0.984,-0.316,0.188,0.004,0.046,0.044,1.231,1.427,2,NULL,NULL,,3,0,2,7,255,1403,250,0,0
stim,205452,235573,0,235573,3432894.455,-0.670,-0.047,0.091,0.735,3044,187,404,3142,1916,2491,146,2488,44,1.026,1,2245,1,9.228,0.569,7.250,-5.688,0.500,-0.156,0.109,1.008,-0.523,0.223,0.004,0.044,0.040,1.231,1.427,2,NULL,NULL,,3,0,2,7,255,1403,250,0,0
stim,205452,235573,0,235573,3432899.454,-0.670,-0.046,0.091,0.735,3041,187,410,3129,1917,2491,150,2491,44,1.026,1,2245,1,7.582,0.816,3.688,-5.875,3.063,-0.148,0.125,1.043,-0.766,0.281,0.215,0.040,0.036,1.231,1.427,2,NULL,NULL,,3,0,2,7,255,1403,250,0,0
stim,205452,235573,0,235573,3432904.455,-0.670,-0.046,0.091,0.736,3028,188,437,3125,1938,2487,164,2493,44,1.026,1,2245,1,7.944,0.953,-0.938,-6.250,4.813,-0.176,0.125,1.012,-0.910,0.281,0.305,0.038,0.030,1.231,1.427,2,NULL,NULL,,3,0,2,7,255,1403,250,0,0
stim,205473,235594,0,235594,3432909.454,-0.670,-0.046,0.091,0.736,3018,189,476,3119,1955,2485,175,2501,44,1.026,1,2245,1,7.559,0.918,0.063,-6.938,3.000,-0.188,0.129,0.984,-0.914,0.086,0.305,0.036,0.024,1.231,1.427,2,NULL,NULL,,3,0,2,7,255,1403,250,0,0
stim,205473,235594,0,235594,3432914.455,-0.670,-0.045,0.091,0.736,3019,189,509,3115,1965,2489,198,2505,44,1.026,1,2245,1,8.712,0.918,3.625,-7.813,1.313,-0.168,0.125,0.996,-0.914,0.086,0.117,0.034,0.018,1.231,1.427,2,NULL,NULL,,3,0,2,7,255,1403,250,0,0
stim,205473,235594,0,235594,3432919.454,-0.669,-0.045,0.091,0.736,2999,205,548,3109,1981,2479,214,2511,44,1.026,1,2245,1,9.149,0.949,3.688,-8.188,1.750,-0.148,0.129,1.020,-0.945,0.086,0.117,0.034,0.014,1.231,1.427,2,NULL,NULL,,3,0,2,7,255,1403,250,0,0
stim,205473,235594,0,235594,3432924.455,-0.669,-0.045,0.091,0.736,2991,214,605,3104,2001,2479,245,2516,44,1.026,1,2245,1,8.668,1.001,1.063,-8.063,3.000,-0.152,0.129,1.020,-0.957,0.293,0.313,0.034,0.010,1.231,1.427,2,NULL,NULL,,3,0,2,7,255,1403,250,0,0
stim,205473,235594,0,235594,3432929.454,-0.669,-0.044,0.090,0.736,2991,218,651,3097,2020,2485,267,2521,44,1.026,1,2245,1,8.403,1.001,-2.250,-7.813,2.125,-0.172,0.117,1.016,-0.957,0.293,0.313,0.034,0.006,1.231,1.427,2,NULL,NULL,,3,0,2,7,255,1403,250,0,0
stim,205473,235594,0,235594,3432934.455,-0.669,-0.044,0.090,0.736,2972,223,675,3095,2040,2477,299,2529,44,1.026,1,2245,1,8.718,0.824,-3.938,-7.688,-1.188,-0.176,0.102,0.996,-0.820,0.082,0.309,0.036,0.002,1.231,1.427,2,NULL,NULL,,3,0,2,7,255,1403,250,0,0
stim,205508,235629,0,235629,3432939.454,-0.669,-0.038,0.092,0.736,2967,253,714,3099,2077,2477,340,2537,44,1.026,1,2245,1,9.764,0.661,-4.063,-7.250,-5.125,-0.164,0.082,1.000,-0.656,0.082,0.156,0.036,0.002,1.231,1.427,2,NULL,NULL,,3,0,2,7,255,1403,250,0,0
stim,205508,235629,0,235629,3432944.455,-0.669,-0.038,0.092,0.736,2955,249,751,3080,2104,2487,368,2547,44,1.026,1,2245,1,11.492,0.371,-6.625,-7.063,-6.188,-0.160,0.063,1.004,-0.352,0.117,0.156,0.038,0.002,1.231,1.427,2,NULL,NULL,,3,0,2,7,255,1403,250,0,0
stim,205508,235629,0,235629,3432949.454,-0.670,-0.038,0.091,0.736,2937,249,807,3067,2151,2477,397,2553,44,1.026,1,2245,1,12.140,0.211,-7.688,-7.875,-5.125,-0.172,0.008,0.957,-0.176,0.117,0.156,0.036,0.004,1.231,1.427,2,NULL,NULL,,3,0,2,7,255,1403,250,0,0
stim,205508,235629,0,235629,3432954.455,-0.670,-0.038,0.091,0.736,2925,268,879,3063,2195,2476,419,2571,44,1.026,1,2245,1,11.024,0.274,-2.938,-8.500,-6.375,-0.207,0.016,0.953,0.273,0.023,-0.262,0.036,0.006,1.231,1.427,2,NULL,NULL,,3,0,2,7,255,1403,250,0,0
stim,205508,235630,0,235630,3432959.454,-0.670,-0.038,0.090,0.736,2917,264,949,3053,2219,2485,444,2579,44,1.026,1,2245,1,16.695,0.455,-1.625,-8.750,-14.125,-0.223,0.074,0.992,0.273,-0.363,-0.262,0.036,0.008,1.231,1.427,2,NULL,NULL,,3,0,2,7,255,1403,250,0,0
stim,205508,235630,0,235630,3432964.455,-0.671,-0.038,0.090,0.735,2904,276,1019,3048,2253,2483,530,2589,44,1.026,1,2245,1,23.085,0.364,-3.875,-9.063,-20.875,-0.180,0.043,0.984,-0.020,-0.363,0.004,0.034,0.010,1.231,1.427,2,NULL,NULL,,3,0,2,7,255,1403,250,0,0
stim,205549,235670,0,235670,3432969.454,-0.672,-0.038,0.090,0.735,2899,283,1125,3049,2285,2492,596,2612,44,1.026,1,2245,1,21.851,0.088,-4.625,-9.750,-19.000,-0.148,0.004,0.977,-0.020,-0.086,0.004,0.034,0.012,1.231,1.427,2,NULL,NULL,,3,0,2,7,255,1403,250,0,0
stim,205549,235670,0,235670,3432974.455,-0.672,-0.038,0.089,0.734,2876,309,1209,3033,2312,2487,715,2616,44,1.026,1,2245,1,20.891,0.335,-7.000,-9.813,-17.063,-0.164,0.008,0.996,0.320,0.098,0.004,0.034,0.014,1.231,1.427,2,NULL,NULL,,3,0,2,7,255,1403,250,0,0
stim,205549,235670,0,235670,3432979.454,-0.673,-0.038,0.088,0.734,2872,346,1264,3025,2346,2500,781,2629,44,1.026,1,2245,1,23.056,0.370,-10.313,-10.063,-18.000,-0.164,-0.004,0.984,0.355,0.102,-0.051,0.034,0.016,1.231,1.427,2,NULL,NULL,,3,0,2,7,255,1403,250,0,0
stim,205549,235670,0,235670,3432984.455,-0.673,-0.038,0.087,0.733,2844,343,1369,3019,2380,2495,879,2648,44,1.026,1,2245,1,23.714,0.415,-11.688,-10.625,-17.688,-0.152,-0.027,0.961,0.402,0.102,-0.051,0.034,0.018,1.231,1.427,2,NULL,NULL,,3,0,2,7,255,1403,250,0,0
stim,205549,235670,0,235670,3432989.454,-0.674,-0.038,0.087,0.733,2829,377,1463,3002,2411,2489,981,2652,44,1.026,1,2245,1,22.332,0.468,-10.563,-11.625,-15.875,-0.172,-0.012,0.961,0.457,0.102,-0.270,0.034,0.018,1.231,1.427,2,NULL,NULL,,3,0,2,7,255,1403,250,0,0
stim,205549,235670,0,235670,3432994.455,-0.675,-0.038,0.086,0.732,2813,403,1557,2999,2432,2495,1053,2667,44,1.026,1,2245,1,26.055,0.461,-7.938,-12.063,-21.688,-0.195,0.047,0.984,0.457,-0.059,-0.270,0.034,0.018,1.231,1.427,2,NULL,NULL,,3,0,2,7,255,1403,250,0,0
stim,205571,235692,0,235692,3432999.454,-0.675,-0.038,0.085,0.732,2789,413,1639,2975,2473,2500,1119,2671,44,1.026,1,2245,1,29.599,0.095,-8.250,-12.563,-25.500,-0.141,0.051,1.008,-0.074,-0.059,0.031,0.036,0.018,1.231,1.427,2,NULL,NULL,,3,0,2,7,255,1403,250,0,0
stim,205571,235692,0,235692,3433004.455,-0.676,-0.038,0.084,0.731,2771,437,1740,2968,2484,2501,1213,2683,44,1.026,1,2245,1,27.772,0.328,-10.563,-12.500,-22.438,-0.125,0.055,1.027,-0.188,0.270,0.152,0.038,0.018,1.231,1.427,2,NULL,NULL,,3,0,2,7,255,1403,250,0,0
stim,205571,235692,0,235692,3433009.454,-0.677,-0.038,0.083,0.730,2747,467,1814,2952,2510,2503,1316,2695,44,1.026,1,2245,1,30.614,0.360,-16.688,-12.000,-22.688,-0.160,0.090,1.051,-0.238,0.270,0.340,0.040,0.018,1.231,1.427,2,NULL,NULL,,3,0,2,7,255,1403,250,0,0
stim,205571,235692,0,235692,3433014.455,-0.678,-0.038,0.082,0.730,2727,495,1883,2939,2535,2503,1383,2709,44,1.026,1,2245,1,35.905,0.542,-20.438,-11.938,-27.000,-0.164,0.086,1.004,-0.531,0.109,0.340,0.044,0.016,1.231,1.427,2,NULL,NULL,,3,0,2,7,255,1403,250,0,0
stim,205571,235692,0,235692,3433019.454,-0.679,-0.038,0.081,0.729,2715,527,1971,2925,2555,2513,1449,2718,44,1.026,1,2245,1,36.069,0.542,-18.438,-11.750,-28.688,-0.121,-0.008,0.973,-0.531,0.109,0.195,0.046,0.016,1.231,1.427,2,NULL,NULL,,3,0,2,7,255,1403,250,0,0
stim,205571,235692,0,235692,3433024.455,-0.679,-0.038,0.080,0.728,2682,542,2063,2919,2589,2515,1529,2727,44,1.026,1,2245,1,29.474,0.513,-13.688,-12.688,-22.813,-0.109,-0.039,0.945,0.309,0.410,-0.223,0.048,0.016,1.231,1.427,2,NULL,NULL,,3,0,2,7,255,1403,250,0,0
stim,205597,235718,0,235718,3433029.454,-0.680,-0.038,0.080,0.728,2648,557,2137,2909,2603,2511,1604,2743,44,1.026,1,2245,1,28.633,0.513,-7.563,-12.500,-24.625,-0.191,0.078,0.984,0.309,0.410,-0.223,0.048,0.016,1.231,1.427,2,NULL,NULL,,3,0,2,7,255,1403,250,0,0
stim,205597,235718,0,235718,3433034.455,-0.681,-0.038,0.079,0.727,2617,587,2201,2877,2617,2521,1673,2744,44,1.026,1,2245,1,42.413,0.612,-8.313,-12.438,-39.688,-0.219,0.109,1.027,-0.504,-0.348,0.023,0.050,0.016,1.231,1.427,2,NULL,NULL,,3,0,2,7,255,1403,250,0,0
stim,205597,235718,0,235718,3433039.454,-0.683,-0.038,0.078,0.725,2583,606,2265,2873,2645,2516,1726,2765,44,1.026,1,2245,1,48.033,0.612,-13.375,-11.938,-44.563,-0.070,-0.066,1.035,-0.504,-0.348,0.289,0.050,0.016,1.231,1.427,2,NULL,NULL,,3,0,2,7,255,1403,250,0,0
stim,205597,235718,0,235718,3433044.455,-0.684,-0.038,0.077,0.725,2534,611,2331,2844,2664,2511,1813,2763,44,1.026,1,2245,1,35.117,1.253,-20.250,-11.438,-26.313,-0.023,-0.113,1.020,0.809,0.957,0.289,0.050,0.018,1.231,1.427,2,NULL,NULL,,3,0,2,7,255,1403,250,0,0
stim,205597,235718,0,235718,3433049.454,-0.684,-0.039,0.076,0.724,2496,631,2387,2825,2681,2519,1893,2775,44,1.026,1,2245,1,29.524,1.253,-23.938,-12.375,-12.063,-0.141,0.004,0.992,0.809,0.957,0.031,0.052,0.018,1.231,1.427,2,NULL,NULL,,3,0,2,7,255,1403,250,0,0
stim,205597,235718,0,235718,3433054.455,-0.685,-0.039,0.075,0.724,2455,644,2438,2812,2711,2521,1961,2788,44,1.026,1,2245,1,32.205,0.200,-22.625,-13.000,-18.875,-0.234,0.066,0.988,0.129,0.152,0.031,0.052,0.020,1.231,1.427,2,NULL,NULL,,3,0,2,7,255,1403,250,0,0
stim,205623,235744,0,235744,3433059.454,-0.686,-0.039,0.073,0.723,2413,651,2493,2799,2723,2514,2015,2803,44,1.026,1,2245,1,41.572,0.486,-22.000,-13.563,-32.563,-0.199,0.039,1.016,-0.227,-0.430,0.145,0.052,0.020,1.231,1.427,2,NULL,NULL,,3,0,2,7,255,1403,250,0,0
stim,205623,235744,0,235744,3433064.455,-0.687,-0.040,0.072,0.722,2355,653,2531,2763,2732,2518,2075,2799,44,1.026,1,2245,1,47.981,0.486,-24.000,-13.625,-39.250,-0.141,0.008,1.027,-0.227,-0.430,0.328,0.054,0.022,1.231,1.427,2,NULL,NULL,,3,0,2,7,255,1403,250,0,0
stim,205655,235776,0,235776,3433069.454,-0.688,-0.040,0.071,0.721,2294,659,2573,2739,2744,2511,2119,2811,44,1.026,1,2245,1,49.145,0.189,-28.625,-13.938,-37.438,-0.109,-0.020,1.039,0.027,0.188,0.348,0.054,0.022,1.231,1.427,2,NULL,NULL,,3,0,2,7,255,1403,250,0,0
stim,205655,235776,0,235776,3433074.456,-0.689,-0.041,0.069,0.720,2214,661,2603,2701,2767,2519,2159,2825,44,1.026,1,2245,1,50.546,0.425,-35.250,-13.938,-33.438,-0.125,-0.035,1.043,0.238,0.352,0.406,0.054,0.024,1.231,1.427,2,NULL,NULL,,3,0,2,7,255,1403,250,0,0
stim,205655,235776,0,235776,3433079.454,-0.690,-0.042,0.067,0.719,2155,665,2636,2675,2781,2513,2207,2835,44,1.026,1,2245,1,54.728,0.425,-41.938,-14.438,-32.063,-0.152,-0.020,1.023,0.238,0.352,0.406,0.056,0.024,1.231,1.427,2,NULL,NULL,,3,0,2,7,255,1403,250,0,0
stim,205655,235776,0,235776,3433084.455,-0.691,-0.043,0.065,0.718,2079,661,2677,2631,2797,2505,2259,2839,44,1.026,1,2245,1,56.036,0.164,-41.000,-14.563,-35.313,-0.141,0.012,0.977,0.160,0.035,0.313,0.056,0.024,1.231,1.427,2,NULL,NULL,,3,0,2,7,255,1403,250,0,0
stim,205655,235776,0,235776,3433089.454,-0.692,-0.043,0.064,0.718,1991,659,2707,2591,2815,2508,2293,2846,44,1.026,1,2245,1,51.315,0.156,-32.250,-15.125,-36.938,-0.113,0.027,0.938,-0.152,0.035,-0.145,0.058,0.026,1.231,1.427,2,NULL,NULL,,3,0,2,7,255,1403,250,0,0
stim,205655,235776,0,235776,3433094.455,-0.693,-0.043,0.062,0.717,1911,659,2735,2538,2824,2503,2341,2852,44,1.026,1,2245,1,47.051,0.274,-24.438,-15.438,-37.125,-0.109,0.008,0.992,-0.180,0.207,-0.145,0.058,0.026,1.231,1.427,2,NULL,NULL,,3,0,2,7,255,1403,250,0,0
stim,205655,235776,0,235776,3433099.454,-0.695,-0.044,0.061,0.716,1817,653,2769,2480,2839,2505,2379,2863,44,1.026,1,2245,1,46.681,0.360,-25.938,-15.688,-35.500,-0.117,-0.039,1.043,-0.180,0.313,-0.051,0.060,0.026,1.231,1.427,2,NULL,NULL,,3,0,2,7,255,1403,250,0,0
stim,205655,235776,0,235776,3433104.455,-0.696,-0.044,0.059,0.715,1688,645,2793,2421,2846,2491,2407,2875,44,1.026,1,2245,1,49.417,0.388,-32.813,-16.500,-33.063,-0.129,-0.070,1.059,0.230,0.313,0.469,0.062,0.026,1.231,1.427,2,NULL,NULL,,3,0,2,7,255,1403,250,0,0
stim,205655,235776,0,235776,3433109.454,-0.696,-0.045,0.057,0.714,1581,619,2823,2348,2867,2485,2449,2885,44,1.026,1,2245,1,51.138,0.332,-36.688,-16.875,-31.375,-0.133,-0.027,1.020,0.230,0.238,0.469,0.062,0.026,1.231,1.427,2,NULL,NULL,,3,0,2,7,255,1403,250,0,0
stim,205655,235776,0,235776,3433114.455,-0.697,-0.046,0.056,0.713,1405,589,2847,2279,2871,2483,2473,2879,44,1.026,1,2245,1,52.555,0.110,-37.250,-17.375,-32.750,-0.145,0.016,1.012,0.043,0.102,0.281,0.064,0.026,1.231,1.427,2,NULL,NULL,,3,0,2,7,255,1403,250,0,0
stim,205683,235804,0,235804,3433119.454,-0.699,-0.046,0.054,0.712,1277,567,2861,2195,2889,2482,2517,2892,44,1.026,1,2245,1,54.355,0.393,-36.313,-18.313,-36.063,-0.152,0.039,1.016,-0.391,-0.047,0.246,0.064,0.026,1.231,1.427,2,NULL,NULL,,3,0,2,7,255,1403,250,0,0
stim,205683,235804,0,235804,3433124.455,-0.700,-0.047,0.052,0.711,1129,533,2879,2085,2893,2464,2548,2893,44,1.026,1,2245,1,53.394,0.646,-33.125,-19.375,-37.125,-0.137,0.035,1.004,-0.645,-0.047,0.203,0.066,0.024,1.231,1.427,2,NULL,NULL,,3,0,2,7,255,1403,250,0,0
stim,205683,235804,0,235804,3433129.454,-0.701,-0.047,0.050,0.710,1011,488,2904,1951,2907,2457,2577,2899,44,1.026,1,2245,1,53.223,0.645,-31.563,-19.813,-38.000,-0.125,-0.012,1.027,-0.645,-0.020,0.246,0.068,0.024,1.231,1.427,2,NULL,NULL,,3,0,2,7,255,1403,250,0,0
stim,205683,235804,0,235804,3433134.455,-0.702,-0.047,0.049,0.709,841,429,2922,1823,2923,2449,2616,2903,44,1.026,1,2245,1,53.343,0.245,-31.563,-20.938,-37.563,-0.125,-0.051,1.031,-0.227,0.094,0.324,0.070,0.024,1.231,1.427,2,NULL,NULL,,3,0,2,7,255,1403,250,0,0
stim,205683,235804,0,235804,3433139.454,-0.703,-0.048,0.047,0.708,621,403,2926,1639,2924,2437,2633,2905,44,1.026,1,2245,1,53.525,0.163,-31.375,-21.563,-37.625,-0.125,-0.063,1.023,0.133,0.094,0.324,0.070,0.024,1.231,1.427,2,NULL,NULL,,3,0,2,7,255,1403,250,0,0
stim,205683,235804,0,235804,3433144.455,-0.704,-0.048,0.045,0.707,489,360,2943,1463,2943,2423,2663,2916,44,1.026,1,2245,1,51.021,0.160,-29.875,-23.000,-34.375,-0.137,-0.043,1.027,0.133,0.090,0.355,0.070,0.026,1.231,1.427,2,NULL,NULL,,3,0,2,7,255,1403,250,0,0
stim,205719,235840,0,235840,3433149.454,-0.705,-0.048,0.043,0.706,335,309,2963,1252,2950,2407,2683,2916,44,1.026,1,2245,1,49.509,0.055,-26.625,-24.125,-34.063,-0.152,-0.027,1.016,-0.039,-0.039,0.320,0.072,0.028,1.231,1.427,2,NULL,NULL,,3,0,2,7,255,1403,250,0,0
stim,205719,235840,0,235840,3433154.455,-0.706,-0.048,0.042,0.705,199,239,2970,983,2955,2381,2696,2921,44,1.026,1,2245,1,48.385,0.293,-20.875,-27.375,-34.000,-0.148,0.008,1.043,-0.207,-0.207,0.355,0.072,0.028,1.231,1.427,2,NULL,NULL,,3,0,2,7,255,1403,250,0,0
stim,205719,235840,0,235840,3433159.454,-0.707,-0.048,0.040,0.704,105,189,2982,822,2973,2350,2719,2928,44,1.026,1,2245,1,52.347,0.613,-19.000,-28.875,-39.313,-0.152,0.020,1.055,-0.566,-0.234,0.508,0.074,0.030,1.231,1.427,2,NULL,NULL,,3,0,2,7,255,1403,250,0,0
stim,205719,235840,0,235840,3433164.455,-0.709,-0.047,0.039,0.703,44,135,2991,607,2975,2321,2737,2933,44,1.026,1,2245,1,54.656,0.684,-12.688,-31.688,-42.688,-0.098,0.016,1.027,-0.652,-0.207,0.508,0.074,0.030,1.231,1.427,2,NULL,NULL,,3,0,2,7,255,1403,250,0,0
stim,205752,235873,0,235873,3433169.454,-0.710,-0.046,0.038,0.702,20,93,2999,404,2983,2293,2759,2933,44,1.026,1,2245,1,51.869,0.691,-4.813,-34.000,-38.875,-0.055,-0.027,1.035,-0.652,0.227,0.328,0.076,0.032,1.231,1.427,2,NULL,NULL,,3,0,2,7,255,1403,250,0,0
stim,205752,235873,0,235873,3433174.455,-0.710,-0.045,0.036,0.701,0,60,3011,267,2999,2265,2775,2935,44,1.026,1,2245,1,44.483,0.802,3.625,-38.563,-21.875,-0.066,0.004,1.102,-0.590,0.543,0.328,0.078,0.034,1.231,1.427,2,NULL,NULL,,3,0,2,7,255,1403,250,0,0
stim,205752,235873,0,235873,3433179.454,-0.711,-0.043,0.035,0.701,0,54,3023,179,3003,2236,2803,2948,44,1.026,1,2245,1,47.822,0.802,-2.813,-39.625,-26.625,-0.141,0.063,1.121,-0.590,0.543,0.977,0.078,0.036,1.231,1.427,2,NULL,NULL,,3,0,2,7,255,1403,250,0,0
stim,205752,235873,0,235873,3433184.455,-0.712,-0.042,0.034,0.700,0,16,3019,155,3013,2203,2823,2943,44,1.026,1,2245,1,52.938,0.788,16.438,-45.438,-21.625,-0.285,0.012,1.301,-0.770,-0.172,1.234,0.074,0.040,1.231,1.427,2,NULL,NULL,,3,0,2,7,255,1403,250,0,0
stim,205752,235873,0,235873,3433189.454,-0.712,-0.039,0.034,0.700,0,6,3029,117,3019,2163,2839,2950,44,1.026,1,2245,1,72.682,1.660,42.063,-58.938,6.313,-0.406,0.008,1.645,-0.809,-1.449,3.141,0.070,0.044,1.231,1.427,2,NULL,NULL,,3,0,2,7,255,1403,250,0,0
stim,205752,235873,0,235873,3433194.455,-0.712,-0.038,0.031,0.700,0,0,3032,93,3019,2123,2845,2951,44,1.026,1,2245,0,67.376,1.641,-26.125,-61.688,-7.188,-0.246,-0.172,1.504,-0.770,-1.449,5.145,0.064,0.050,1.231,1.427,3,NULL,NULL,,3,0,2,7,255,1403,250,0,0
stim,205752,235873,0,235873,3433199.454,-0.713,-0.038,0.027,0.700,0,0,3030,74,3027,2053,2858,2950,44,1.026,1,2245,0,94.404,1.390,-70.438,-59.063,-21.500,-0.121,-0.305,1.039,0.953,-1.012,5.145,0.058,0.056,1.231,1.427,3,NULL,NULL,,3,0,2,7,255,1403,250,0,0
stim,205752,235873,0,235873,3433204.455,-0.713,-0.038,0.024,0.700,0,0,3043,30,3032,1977,2885,2943,44,1.026,1,2245,0,77.092,1.675,-40.250,-65.750,0.125,-0.137,-0.211,0.844,1.523,-0.695,0.574,0.052,0.062,1.231,1.427,3,NULL,NULL,,3,0,2,7,255,1403,250,0,0
stim,205773,235894,0,235894,3433209.454,-0.712,-0.035,0.022,0.701,0,0,3041,0,3045,1895,2879,2955,44,1.026,1,2245,0,72.732,1.675,6.563,-71.750,9.938,-0.219,-0.090,0.910,1.523,-0.695,-0.734,0.046,0.068,1.231,1.427,3,NULL,NULL,,3,0,2,7,255,1403,250,0,0
stim,205773,235894,0,235894,3433214.455,-0.712,-0.033,0.020,0.701,0,0,3031,0,3039,1819,2894,2951,44,1.026,1,2245,0,78.700,1.509,22.875,-75.250,-2.813,-0.230,-0.098,1.051,0.328,-1.473,-0.734,0.042,0.074,1.231,1.427,3,NULL,NULL,,3,0,2,7,255,1403,250,0,0
stim,205773,235894,0,235894,3433219.454,-0.713,-0.030,0.018,0.701,0,0,3037,0,3049,1715,2915,2943,44,1.026,1,2245,0,80.785,1.509,17.688,-78.250,-9.500,-0.184,-0.156,1.176,0.328,-1.473,0.648,0.038,0.080,1.231,1.427,3,NULL,NULL,,3,0,2,7,255,1403,250,0,0
stim,205773,235894,0,235894,3433224.455,-0.713,-0.027,0.016,0.701,0,0,3043,0,3048,1627,2917,2942,44,1.026,1,2245,0,81.259,1.393,7.375,-80.875,-2.813,-0.141,-0.215,1.172,0.883,-1.078,1.820,0.034,0.084,1.231,1.427,3,NULL,NULL,,3,0,2,7,255,1403,250,0,0
stim,205773,235894,0,235894,3433229.454,-0.713,-0.025,0.013,0.701,0,0,3028,0,3052,1518,2922,2939,44,1.026,1,2245,0,83.605,1.691,2.438,-83.438,4.688,-0.141,-0.242,1.078,1.449,-0.871,1.820,0.030,0.090,1.231,1.427,3,NULL,NULL,,3,0,2,7,255,1403,250,0,0
stim,205773,235894,0,235894,3433234.455,-0.712,-0.022,0.011,0.701,0,0,3031,0,3063,1391,2933,2949,44,1.026,1,2245,0,87.050,1.691,6.250,-86.563,6.750,-0.148,-0.195,1.047,1.449,-0.871,0.906,0.028,0.094,1.231,1.427,3,NULL,NULL,,3,0,2,7,255,1403,250,0,0
stim,205804,235925,0,235925,3433239.454,-0.712,-0.019,0.008,0.702,0,0,3020,0,3060,1275,2941,2940,44,1.026,1,2245,0,90.690,1.640,13.688,-89.438,6.188,-0.133,-0.145,1.059,1.320,-0.973,0.668,0.024,0.100,1.231,1.427,3,NULL,NULL,,3,0,2,7,255,1403,250,0,0
stim,205804,235925,0,235925,3433244.455,-0.712,-0.016,0.006,0.702,0,0,3015,0,3059,1115,2953,2933,44,1.026,1,2245,0,96.580,1.278,24.813,-93.125,6.313,-0.129,-0.102,1.086,0.824,-0.977,0.668,0.022,0.104,1.231,1.427,3,NULL,NULL,,3,0,2,7,255,1403,250,0,0
stim,205804,235925,0,235925,3433249.454,-0.712,-0.012,0.004,0.702,0,0,3015,0,3077,967,2975,2933,44,1.026,1,2245,0,102.147,1.062,30.688,-97.125,7.688,-0.109,-0.035,1.168,0.426,-0.973,0.906,0.020,0.108,1.231,1.427,3,NULL,NULL,,3,0,2,7,255,1403,250,0,0
stim,205804,235925,0,235925,3433254.455,-0.711,-0.008,0.002,0.703,0,0,3006,0,3069,777,2969,2931,44,1.026,1,2245,0,104.116,0.876,23.813,-100.688,11.625,-0.082,0.031,1.234,-0.234,-0.844,1.676,0.016,0.114,1.231,1.427,3,NULL,NULL,,3,0,2,7,255,1403,250,0,0
stim,205804,235925,0,235925,3433259.454,-0.711,-0.004,-0.001,0.704,0,0,2983,0,3067,663,2971,2905,44,1.026,1,2245,0,106.531,1.185,15.125,-104.250,15.875,-0.105,0.027,1.250,-0.832,-0.844,2.281,0.012,0.118,1.231,1.427,3,NULL,NULL,,3,0,2,7,255,1403,250,0,0
stim,205804,235925,0,235925,3433264.455,-0.710,-0.001,-0.004,0.704,0,0,2968,0,3079,551,2982,2899,44,1.026,1,2245,0,109.933,1.141,5.125,-107.625,21.813,-0.070,-0.066,1.266,-0.832,-0.781,2.418,0.010,0.122,1.231,1.427,3,NULL,NULL,,3,0,2,7,255,1403,250,0,0
stim,205848,235969,0,235969,3433269.454,-0.709,0.002,-0.007,0.705,0,0,2951,0,3087,411,2991,2879,44,1.026,1,2245,0,116.888,1.189,-6.875,-112.813,29.813,-0.090,0.008,1.215,-0.625,-1.012,2.418,0.006,0.126,1.231,1.427,3,NULL,NULL,,3,0,2,7,255,1403,250,0,0
stim,205848,235969,0,235969,3433274.455,-0.708,0.006,-0.011,0.706,0,0,2940,0,3079,262,2991,2863,44,1.026,1,2245,0,120.704,1.243,-10.563,-117.313,26.375,-0.117,0.156,1.113,-0.625,-1.074,2.059,0.008,0.130,1.231,1.427,3,NULL,NULL,,3,0,2,7,255,1403,250,0,0
stim,205848,235969,0,235969,3433279.454,-0.707,0.009,-0.015,0.707,0,0,2919,0,3077,153,3005,2846,44,1.026,1,2245,0,123.044,2.385,-1.625,-121.625,18.563,-0.086,0.188,1.074,-2.031,-1.250,1.000,0.012,0.134,1.231,1.427,3,NULL,NULL,,3,0,2,7,255,1403,250,0,0
stim,205848,235969,0,235969,3433284.455,-0.706,0.014,-0.018,0.707,0,0,2895,0,3087,63,3013,2827,44,1.026,1,2245,0,127.480,2.385,8.938,-126.188,15.750,-0.047,0.141,1.145,-2.031,-1.250,1.000,0.018,0.140,1.231,1.427,3,NULL,NULL,,3,0,2,7,255,1403,250,0,0
stim,205848,235969,0,235969,3433289.454,-0.706,0.018,-0.021,0.708,0,0,2868,0,3087,25,3013,2804,44,1.026,1,2245,0,131.886,2.134,11.313,-130.188,17.813,-0.023,0.094,1.242,-1.883,-1.004,1.301,0.026,0.144,1.231,1.427,3,NULL,NULL,,3,0,2,7,255,1403,250,0,0
stim,205848,235969,0,235969,3433294.455,-0.705,0.022,-0.025,0.709,0,0,2847,0,3065,4,3003,2777,44,1.026,1,2245,0,135.506,1.763,2.313,-133.563,22.750,-0.063,0.090,1.363,-1.449,-1.004,2.273,0.034,0.150,1.231,1.427,3,NULL,NULL,,3,0,2,7,255,1403,250,0,0
stim,205871,235992,0,235992,3433299.454,-0.704,0.026,-0.030,0.710,0,0,2812,0,3067,0,2957,2741,44,1.026,1,2245,0,141.634,2.117,-21.500,-137.438,26.625,-0.070,0.078,1.422,-1.438,-1.555,3.426,0.040,0.156,1.231,1.427,3,NULL,NULL,,3,0,2,7,255,1403,250,0,0
stim,205871,235992,1,235992,3433304.455,-0.702,0.029,-0.035,0.710,0,0,2783,0,3077,0,3021,2717,44,1.026,1,2245,0,149.303,2.267,-36.625,-141.438,30.750,-0.082,0.051,1.355,-1.352,-1.820,3.426,0.050,0.160,1.231,1.427,3,NULL,NULL,,3,1,2,7,255,1403,250,0,0
stim,205871,235992,1,235992,3433309.454,-0.701,0.032,-0.041,0.711,0,0,2741,0,3059,0,3027,2675,44,1.026,1,2245,0,153.319,2.456,-40.188,-145.000,29.438,-0.121,0.109,1.344,-1.352,-2.051,3.316,0.058,0.166,1.231,1.427,3,NULL,NULL,,3,1,2,7,255,1403,250,0,0
stim,205871,235992,1,235992,3433314.455,-0.700,0.035,-0.046,0.712,0,0,2712,0,3049,0,3017,2623,44,1.026,1,2245,0,154.204,3.090,-32.375,-149.375,20.438,-0.168,0.160,1.391,-1.703,-2.578,3.316,0.068,0.174,1.231,1.427,3,NULL,NULL,,3,1,2,7,255,1403,250,0,0
stim,205871,235992,1,235992,3433319.454,-0.699,0.039,-0.052,0.712,0,0,2653,0,3043,0,3015,2551,44,1.026,1,2245,0,158.868,3.980,-27.813,-155.688,15.063,-0.137,0.164,1.527,-2.246,-3.285,3.453,0.076,0.182,1.231,1.427,3,NULL,NULL,,3,1,2,7,255,1403,250,0,0
stim,205871,235992,1,235992,3433324.455,-0.698,0.043,-0.058,0.712,0,0,2607,0,3033,0,3015,2484,44,1.026,1,2245,0,168.469,4.028,-34.938,-163.875,17.500,-0.176,0.137,1.688,-2.246,-3.344,4.762,0.086,0.192,1.231,1.427,3,NULL,NULL,,3,1,2,7,255,1403,250,0,0
stim,205900,236021,1,236021,3433329.454,-0.697,0.047,-0.065,0.713,0,0,2553,0,3023,0,3012,2391,44,1.026,1,2245,0,185.465,4.783,-59.313,-174.000,24.563,-0.199,0.148,1.695,-2.395,-4.141,6.172,0.096,0.202,1.231,1.427,3,NULL,NULL,,3,1,2,7,255,1403,250,0,0
stim,205900,236021,1,236021,3433334.455,-0.696,0.050,-0.073,0.713,0,0,2479,0,3005,0,3002,2280,44,1.026,1,2245,0,199.904,5.214,-74.188,-183.938,25.000,-0.242,0.188,1.625,-2.414,-4.621,6.172,0.106,0.214,1.231,1.427,3,NULL,NULL,,3,1,2,7,255,1403,250,0,0
stim,205900,236021,1,236021,3433339.454,-0.694,0.054,-0.081,0.713,0,0,2413,0,2999,0,2995,2181,44,1.026,1,2245,0,211.610,5.901,-79.813,-195.188,17.625,-0.277,0.215,1.617,-2.813,-5.188,5.316,0.118,0.230,1.231,1.427,3,NULL,NULL,,3,1,2,7,255,1403,250,0,0
stim,205900,236021,1,236021,3433344.455,-0.693,0.057,-0.090,0.713,0,0,2347,0,2982,0,2983,2039,44,1.026,1,2245,0,225.387,6.436,-88.313,-206.813,15.125,-0.301,0.164,1.566,-2.813,-5.789,5.055,0.134,0.246,1.231,1.427,3,NULL,NULL,,3,1,2,7,255,1403,250,0,0
stim,205900,236021,1,236021,3433349.454,-0.692,0.062,-0.099,0.712,0,0,2266,0,2961,0,2965,1907,44,1.026,1,2245,0,233.144,6.736,-76.375,-220.125,8.250,-0.387,0.039,1.656,-2.734,-6.156,5.055,0.150,0.264,1.231,1.427,3,NULL,NULL,,3,1,2,7,255,1403,250,0,0
stim,205900,236021,1,236021,3433354.455,-0.691,0.067,-0.109,0.712,0,0,2205,0,2935,0,2942,1762,44,1.026,1,2245,0,248.397,7.804,-79.375,-235.313,5.375,-0.383,0.090,1.816,-2.375,-7.434,5.066,0.168,0.284,1.231,1.427,3,NULL,NULL,,3,1,2,7,255,1403,250,0,0
stim,205924,236045,1,236045,3433359.454,-0.690,0.071,-0.120,0.711,0,0,2105,0,2919,0,2915,1655,44,1.026,1,2245,0,270.829,8.240,-104.813,-249.625,-7.063,-0.344,0.172,1.742,-2.375,-7.891,5.504,0.190,0.310,1.231,1.427,3,NULL,NULL,,3,1,2,7,255,1403,250,0,0
stim,205924,236045,1,236045,3433364.455,-0.688,0.076,-0.131,0.709,0,0,2023,0,2889,0,2879,1578,44,1.026,1,2245,0,289.274,8.509,-109.313,-267.813,2.563,-0.281,0.168,1.555,-3.184,-7.891,5.504,0.214,0.336,1.231,1.427,3,NULL,NULL,,3,1,2,7,255,1403,250,0,0
stim,205955,236076,1,236076,3433369.454,-0.686,0.083,-0.142,0.709,0,0,1909,0,2859,2,2828,1485,44,1.026,1,2245,0,294.090,8.241,-72.938,-284.625,12.563,-0.246,0.328,1.691,-3.246,-7.574,4.707,0.240,0.364,1.231,1.427,3,NULL,NULL,,3,1,2,7,255,1403,250,0,0
stim,205955,236076,1,236076,3433374.456,-0.684,0.090,-0.153,0.708,0,0,1801,0,2821,0,2762,1417,44,1.026,1,2245,0,307.855,9.074,-70.500,-299.375,13.375,-0.305,0.457,2.012,-4.996,-7.574,4.707,0.268,0.392,1.231,1.427,3,NULL,NULL,,3,1,2,7,255,1403,250,0,0
stim,205955,236076,1,236076,3433379.454,-0.681,0.096,-0.166,0.706,0,0,1715,0,2775,0,2683,1341,44,1.026,1,2245,0,328.190,11.660,-91.063,-315.063,12.313,-0.320,0.539,2.273,-6.621,-9.598,7.055,0.300,0.426,1.231,1.427,3,NULL,NULL,,3,1,2,7,255,1403,250,0,0
stim,205955,236076,1,236076,3433384.455,-0.679,0.103,-0.179,0.705,0,0,1565,0,2717,0,2577,1231,44,1.026,1,2245,0,343.247,13.538,-111.813,-324.500,4.000,-0.375,0.508,2.281,-7.680,-11.148,8.445,0.332,0.460,1.231,1.427,3,NULL,NULL,,3,1,2,7,255,1403,250,0,0
stim,205955,236076,1,236076,3433389.454,-0.677,0.110,-0.192,0.702,0,0,1453,0,2645,0,2453,1135,44,1.026,1,2245,0,349.314,14.428,-102.188,-333.438,-19.938,-0.316,0.398,2.438,-7.680,-12.215,8.930,0.368,0.498,1.231,1.427,3,NULL,NULL,,3,1,2,7,255,1403,250,0,0
stim,205955,236076,1,236076,3433394.455,-0.675,0.118,-0.204,0.699,0,0,1293,0,2538,0,2275,1001,44,1.026,1,2245,0,352.109,14.978,-94.688,-338.188,-25.375,-0.273,0.461,2.797,-7.680,-12.859,9.813,0.406,0.538,1.231,1.427,3,NULL,NULL,,3,1,2,7,255,1403,250,0,0
stim,205955,236076,1,236076,3433399.454,-0.672,0.124,-0.219,0.696,0,0,1107,0,2409,0,2070,930,44,1.026,1,2245,0,383.447,16.769,-147.813,-353.625,-11.500,-0.285,0.543,2.758,-8.273,-14.586,11.469,0.448,0.582,1.231,1.427,3,NULL,NULL,,3,1,2,7,255,1403,250,0,0
stim,205955,236076,1,236076,3433404.455,-0.670,0.129,-0.236,0.692,0,0,919,0,2231,0,1790,807,44,1.026,1,2245,0,421.571,16.769,-213.688,-363.188,-12.438,-0.234,0.324,2.230,-8.273,-14.586,11.469,0.496,0.628,1.231,1.427,3,NULL,NULL,,3,1,2,7,255,1403,250,0,0
stim,205955,236076,1,236076,3433409.454,-0.667,0.134,-0.254,0.687,0,0,660,0,2045,0,1459,729,44,1.026,1,2245,0,433.138,14.546,-216.750,-375.000,-1.625,-0.023,0.023,1.539,-6.754,-12.883,7.051,0.546,0.682,1.231,1.427,3,NULL,NULL,,3,1,2,7,255,1403,250,0,0
stim,205955,236076,1,236076,3433414.455,-0.663,0.141,-0.270,0.684,0,0,486,0,1817,0,999,581,44,1.026,1,2245,0,419.164,8.758,-149.625,-391.313,13.625,0.031,-0.395,1.168,-3.090,-8.195,2.527,0.606,0.740,1.231,1.427,3,NULL,NULL,,3,1,2,7,255,1403,250,0,0
stim,205983,236104,1,236104,3433419.454,-0.657,0.150,-0.284,0.682,0,0,311,0,1533,0,473,475,44,1.026,1,2245,0,407.312,6.377,-73.313,-399.188,34.313,0.191,-0.176,1.172,-0.848,-6.320,0.680,0.668,0.804,1.231,1.427,3,NULL,NULL,,3,1,2,7,255,1403,250,0,0
stim,205983,236104,1,236104,3433424.455,-0.651,0.162,-0.295,0.680,0,0,217,0,1235,0,189,436,44,1.026,1,2245,0,401.214,6.377,12.875,-400.563,18.875,0.117,-0.012,1.680,-0.848,-6.320,0.680,0.736,0.872,1.231,1.427,3,NULL,NULL,,3,1,2,7,255,1403,250,0,0
stim,205983,236104,1,236104,3433429.454,-0.644,0.175,-0.306,0.679,0,0,159,0,883,0,0,331,44,1.026,1,2245,0,415.921,9.806,48.250,-412.500,22.500,-0.008,0.168,2.430,-3.309,-9.230,3.543,0.806,0.944,1.231,1.427,3,NULL,NULL,,3,1,2,7,255,1403,250,0,0
stim,205983,236104,1,236104,3433434.455,-0.636,0.186,-0.318,0.678,0,0,103,0,485,0,0,293,44,1.026,1,2245,0,421.766,16.481,-20.563,-416.063,66.000,-0.133,0.199,2.754,-6.125,-15.301,7.563,0.874,1.012,1.231,1.427,3,NULL,NULL,,3,1,2,7,255,1403,250,0,0
stim,205983,236104,1,236104,3433439.454,-0.628,0.193,-0.334,0.676,0,0,111,0,197,0,0,170,44,1.026,1,2245,0,443.776,19.387,-127.688,-411.563,106.063,-0.305,0.293,2.363,-6.797,-18.156,7.563,0.936,1.076,1.231,1.427,3,NULL,NULL,,3,1,2,7,255,1403,250,0,0
stim,205983,236104,1,236104,3433444.455,-0.619,0.198,-0.351,0.674,0,0,109,0,0,0,0,89,44,1.026,1,2245,0,456.432,19.387,-160.625,-404.313,138.063,-0.590,0.504,1.387,-6.797,-18.156,3.594,0.992,1.130,1.231,1.427,4,NULL,NULL,,3,1,2,7,255,1403,250,0,0
stim,206022,236143,1,236143,3433449.454,-0.610,0.203,-0.367,0.672,0,0,103,0,0,0,0,29,44,1.026,1,2245,0,442.945,15.637,-148.375,-397.563,127.000,-0.590,0.824,1.434,-6.871,-14.047,-6.016,1.042,1.182,1.231,1.427,0,NULL,NULL,,3,1,2,7,255,1403,250,0,0
stim,206022,236143,1,236143,3433454.455,-0.602,0.208,-0.383,0.669,0,0,87,0,0,0,0,9,44,1.026,1,2245,0,424.449,16.858,-163.250,-377.813,103.750,-0.559,1.074,1.418,-9.742,-13.758,-7.129,1.092,1.234,1.231,1.427,0,NULL,NULL,,3,1,2,7,255,1403,250,0,0
stim,206022,236143,1,236143,3433459.454,-0.594,0.211,-0.399,0.665,0,0,85,0,0,0,0,0,44,1.026,1,2245,0,425.152,18.556,-200.438,-361.375,99.938,-0.797,1.184,1.586,-12.125,-14.047,-8.324,1.148,1.292,1.231,1.427,0,NULL,NULL,,3,1,2,7,255,1403,250,0,0
stim,206022,236143,1,236143,3433464.455,-0.588,0.213,-0.417,0.660,0,0,91,0,0,0,0,7,44,1.026,1,2245,0,440.957,20.457,-260.500,-345.313,85.688,-0.988,1.055,1.586,-12.125,-16.477,-10.109,1.216,1.362,1.231,1.427,0,NULL,NULL,,3,1,2,7,255,1403,250,0,0
stim,206052,236173,1,236173,3433469.454,-0.584,0.213,-0.434,0.652,0,0,89,0,0,0,0,19,44,1.026,1,2245,0,458.108,20.068,-320.750,-325.438,32.750,-0.641,0.680,1.305,-11.457,-16.477,-10.285,1.292,1.438,1.231,1.427,0,NULL,NULL,,3,1,2,7,255,1403,250,0,0
stim,206052,236173,1,236173,3433474.456,-0.582,0.213,-0.450,0.643,0,0,87,0,0,0,0,45,44,1.026,1,2245,0,425.700,15.833,-323.000,-275.625,-30.375,-0.230,0.070,0.969,-8.234,-13.523,-10.285,1.370,1.520,1.231,1.427,0,NULL,NULL,,3,1,2,7,255,1403,250,0,0
stim,206052,236173,1,236173,3433479.454,-0.580,0.213,-0.464,0.635,0,0,83,0,0,0,0,73,44,1.026,1,2245,0,369.804,9.502,-280.250,-240.563,-18.563,-0.156,-0.137,0.957,-2.867,-9.059,-7.168,1.452,1.602,1.231,1.427,0,NULL,NULL,,3,1,2,7,255,1403,250,0,0
stim,206052,236173,1,236173,3433484.455,-0.578,0.211,-0.477,0.627,0,0,90,0,0,0,0,104,44,1.026,1,2245,0,342.382,9.502,-275.563,-203.188,-2.313,-0.336,0.094,1.035,-2.867,-9.059,-7.168,1.538,1.690,1.231,1.427,0,NULL,NULL,,3,1,2,7,255,1403,250,0,0
stim,206052,236173,1,236173,3433489.454,-0.579,0.208,-0.489,0.619,0,0,85,0,0,0,0,115,44,1.026,1,2245,0,346.816,9.458,-310.063,-152.938,-27.438,-0.375,0.219,0.734,-3.332,-8.852,-8.316,1.626,1.778,1.231,1.427,0,NULL,NULL,,3,1,2,7,255,1403,250,0,0
stim,206052,236173,1,236173,3433494.455,-0.580,0.203,-0.500,0.610,0,0,89,0,0,0,0,110,44,1.026,1,2245,0,346.312,8.311,-328.813,-98.125,-46.750,-0.176,0.246,0.023,-3.332,-7.613,-10.602,1.716,1.866,1.231,1.427,0,NULL,NULL,,3,1,2,7,255,1403,250,0,0
stim,206052,236173,1,236173,3433499.454,-0.583,0.198,-0.508,0.602,0,0,87,0,0,0,0,117,44,1.026,1,2245,0,289.687,2.048,-282.750,-39.625,-49.000,0.031,0.313,-0.691,-1.945,-0.641,-12.074,1.798,1.950,1.231,1.427,0,NULL,NULL,,3,1,2,7,255,1403,250,0,0
stim,206052,236173,1,236173,3433504.455,-0.586,0.194,-0.512,0.597,0,0,87,0,0,0,0,115,44,1.026,1,2245,0,193.016,6.445,-189.313,21.688,-30.750,0.254,0.313,-0.965,-0.305,6.438,-12.633,1.868,2.020,1.231,1.427,0,NULL,NULL,,3,1,2,7,255,1403,250,0,0
stim,206073,236194,1,236194,3433509.454,-0.588,0.190,-0.513,0.595,0,0,78,0,0,0,0,113,44,1.026,1,2245,0,108.093,8.078,-88.375,62.125,-3.813,0.121,0.285,-0.844,0.359,8.070,-13.172,1.928,2.082,1.231,1.427,0,NULL,NULL,,3,1,2,7,255,1403,250,0,0
stim,206073,236194,1,236194,3433514.455,-0.591,0.187,-0.511,0.596,0,0,72,0,0,0,0,107,44,1.026,1,2245,0,104.041,8.086,-28.000,100.125,3.938,-0.012,0.141,-0.508,0.508,8.070,-12.633,1.978,2.132,1.231,1.427,0,NULL,NULL,,3,1,2,7,255,1403,250,0,0
stim,206073,236194,1,236194,3433519.454,-0.593,0.183,-0.508,0.597,0,0,68,0,0,0,0,104,44,1.026,1,2245,0,129.655,4.397,-2.438,128.625,16.125,-0.004,-0.008,-0.355,0.773,4.328,-12.422,2.014,2.168,1.231,1.427,0,NULL,NULL,,3,1,2,7,255,1403,250,0,0
stim,206073,236194,1,236194,3433524.455,-0.596,0.179,-0.504,0.600,0,0,59,0,0,0,0,87,44,1.026,1,2245,0,156.634,3.300,22.563,148.438,44.625,-0.012,-0.008,-0.391,1.426,2.977,-11.457,2.040,2.196,1.231,1.427,0,NULL,NULL,,3,1,2,7,255,1403,250,0,0
stim,206073,236194,1,236194,3433529.454,-0.597,0.175,-0.498,0.604,0,0,53,0,0,0,0,77,44,1.026,1,2245,0,187.568,3.098,62.000,161.188,73.188,-0.145,0.141,-0.387,1.426,2.750,-11.457,2.054,2.212,1.231,1.427,0,NULL,NULL,,3,1,2,7,255,1403,250,0,0
stim,206073,236194,1,236194,3433534.455,-0.598,0.171,-0.492,0.609,0,0,53,0,0,0,0,72,44,1.026,1,2245,0,212.382,2.592,100.438,168.813,80.750,-0.293,0.305,-0.270,0.574,2.527,-13.156,2.052,2.210,1.231,1.427,0,NULL,NULL,,3,1,2,7,255,1403,250,0,0
stim,206104,236225,1,236225,3433539.454,-0.599,0.168,-0.484,0.616,0,0,47,0,0,0,0,71,44,1.026,1,2245,0,235.819,1.501,134.250,177.438,78.125,-0.316,0.297,-0.156,-1.012,1.109,-14.141,2.046,2.204,1.231,1.427,0,NULL,NULL,,3,1,2,7,255,1403,250,0,0
stim,206104,236225,1,236225,3433544.455,-0.599,0.166,-0.476,0.622,0,0,39,0,0,0,0,63,44,1.026,1,2245,0,252.907,1.367,154.000,183.313,81.500,-0.336,0.305,0.027,-1.367,-0.027,-14.141,2.036,2.196,1.231,1.427,0,NULL,NULL,,3,1,2,7,255,1403,250,0,0
stim,206104,236225,1,236225,3433549.454,-0.600,0.163,-0.467,0.629,0,0,39,0,0,0,0,61,44,1.026,1,2245,0,266.374,2.662,166.750,187.125,90.188,-0.371,0.340,0.188,-2.117,-1.613,-13.461,2.030,2.190,1.231,1.427,0,NULL,NULL,,3,1,2,7,255,1403,250,0,0
stim,206104,236225,0,236225,3433554.455,-0.600,0.161,-0.457,0.636,0,0,35,0,0,0,0,56,44,1.026,1,2245,0,274.368,4.263,172.813,191.375,93.750,-0.430,0.332,0.344,-2.961,-3.066,-13.031,2.026,2.188,1.231,1.427,0,NULL,NULL,,3,0,2,7,255,1402,250,0,0
stim,206104,236225,0,236225,3433559.454,-0.601,0.158,-0.448,0.643,0,0,40,0,0,0,0,51,44,1.026,1,2245,0,275.911,5.697,171.313,196.813,89.688,-0.492,0.297,0.445,-3.191,-4.719,-12.578,2.024,2.186,1.231,1.427,0,NULL,NULL,,3,0,2,7,255,1402,250,0,0
stim,206104,236225,0,236225,3433564.455,-0.601,0.155,-0.438,0.650,0,0,45,0,0,0,0,55,44,1.026,1,2245,0,276.818,6.799,170.063,203.438,79.500,-0.516,0.270,0.523,-3.191,-6.004,-12.195,2.024,2.186,1.231,1.427,0,NULL,NULL,,3,0,2,7,255,1402,250,0,0
stim,206149,236270,0,236270,3433569.454,-0.603,0.152,-0.428,0.656,0,0,41,0,0,0,0,47,44,1.026,1,2245,0,275.621,7.527,163.250,211.625,67.313,-0.512,0.277,0.656,-3.191,-6.816,-11.707,2.030,2.194,1.231,1.427,0,NULL,NULL,,3,0,2,7,255,1402,250,0,0
stim,206149,236270,0,236270,3433574.456,-0.604,0.149,-0.419,0.661,0,0,43,0,0,0,0,51,44,1.026,1,2245,0,271.776,8.628,149.813,220.063,54.688,-0.520,0.258,0.730,-3.645,-7.820,-10.773,2.042,2.206,1.231,1.427,0,NULL,NULL,,3,0,2,7,255,1402,250,0,0
stim,206149,236270,0,236270,3433579.454,-0.607,0.145,-0.409,0.666,0,0,43,0,0,0,0,55,44,1.026,1,2245,0,270.336,9.233,132.625,232.125,40.125,-0.559,0.215,0.906,-3.668,-8.473,-10.129,2.058,2.222,1.231,1.427,0,NULL,NULL,,3,0,2,7,255,1402,250,0,0
stim,206149,236270,0,236270,3433584.455,-0.610,0.140,-0.399,0.670,0,0,40,0,0,0,0,59,44,1.026,1,2245,0,264.805,10.665,106.250,241.438,23.250,-0.551,0.180,0.984,-3.695,-10.004,-8.965,2.078,2.242,1.231,1.427,0,NULL,NULL,,3,0,2,7,255,1402,250,0,0
stim,206149,236270,0,236270,3433589.454,-0.614,0.135,-0.390,0.673,0,0,41,0,0,0,0,75,44,1.026,1,2245,0,265.559,10.953,80.250,253.125,3.063,-0.512,0.188,1.000,-3.766,-10.285,-8.051,2.104,2.270,1.231,1.427,0,NULL,NULL,,3,0,2,7,255,1402,250,0,0
stim,206149,236270,0,236270,3433594.455,-0.619,0.129,-0.381,0.675,0,0,27,0,0,0,0,95,44,1.026,1,2245,0,271.141,11.012,57.188,264.688,-13.688,-0.434,0.195,0.949,-3.934,-10.285,-7.473,2.134,2.302,1.231,1.427,0,NULL,NULL,,3,0,2,7,255,1402,250,0,0
stim,206171,236292,0,236292,3433599.454,-0.624,0.123,-0.373,0.676,0,0,25,0,0,0,0,100,44,1.026,1,2245,0,280.302,10.098,40.500,276.000,-27.438,-0.422,0.160,0.898,-3.934,-9.301,-7.078,2.168,2.336,1.231,1.427,0,NULL,NULL,,3,0,2,7,255,1402,250,0,0
stim,206171,236292,0,236292,3433604.455,-0.630,0.116,-0.364,0.676,0,0,24,0,0,0,0,107,44,1.026,1,2245,0,292.101,9.520,31.688,287.063,-43.750,-0.418,0.082,0.832,-3.629,-8.801,-7.004,2.204,2.374,1.231,1.427,0,NULL,NULL,,3,0,2,7,255,1402,250,0,0
stim,206171,236292,0,236292,3433609.454,-0.636,0.109,-0.354,0.676,0,0,23,0,0,0,0,107,44,1.026,1,2245,0,305.266,8.767,28.438,298.438,-57.563,-0.387,0.039,0.813,-2.773,-8.316,-6.945,2.242,2.412,1.231,1.427,0,NULL,NULL,,3,0,2,7,255,1402,250,0,0
stim,206171,236292,0,236292,3433614.455,-0.643,0.102,-0.344,0.676,0,0,25,0,0,0,0,105,44,1.026,1,2245,0,316.851,8.297,24.813,308.813,-66.438,-0.348,0.047,0.777,-2.566,-7.891,-6.527,2.282,2.452,1.231,1.427,0,NULL,NULL,,3,0,2,7,255,1402,250,0,0
stim,206171,236292,0,236292,3433619.454,-0.650,0.095,-0.335,0.675,0,0,22,0,0,0,0,109,44,1.026,1,2245,0,326.994,7.702,25.125,317.750,-73.000,-0.328,0.094,0.707,-2.566,-7.262,-6.527,2.322,2.492,1.231,1.427,0,NULL,NULL,,3,0,2,7,255,1402,250,0,0
stim,206171,236292,0,236292,3433624.455,-0.657,0.088,-0.324,0.675,0,0,16,0,0,0,0,111,44,1.026,1,2245,0,338.179,7.132,34.188,326.000,-83.188,-0.266,0.102,0.652,-2.828,-6.547,-6.672,2.360,2.534,1.231,1.427,0,NULL,NULL,,3,0,2,7,255,1402,250,0,0
stim,206202,236323,0,236323,3433629.454,-0.665,0.081,-0.313,0.673,0,0,17,0,0,0,0,121,44,1.026,1,2245,0,349.728,6.299,44.750,333.375,-95.750,-0.070,-0.004,0.574,-2.828,-5.629,-6.672,2.398,2.572,1.231,1.427,0,NULL,NULL,,3,0,2,7,255,1402,250,0,0
stim,206202,236323,0,236323,3433634.455,-0.672,0.074,-0.301,0.673,0,0,13,0,0,0,0,127,44,1.026,1,2245,0,353.714,4.043,63.188,336.813,-87.625,0.055,-0.066,0.492,-1.867,-3.586,-5.758,2.436,2.612,1.231,1.427,0,NULL,NULL,,3,0,2,7,255,1402,250,0,0
stim,206202,236323,0,236323,3433639.454,-0.679,0.068,-0.288,0.672,0,0,12,0,0,0,0,139,44,1.026,1,2245,0,356.090,2.800,92.000,336.125,-73.188,0.074,0.066,0.461,-1.867,-2.086,-5.758,2.474,2.650,1.231,1.427,0,NULL,NULL,,3,0,2,7,255,1402,250,0,0
stim,206202,236323,0,236323,3433644.455,-0.685,0.063,-0.274,0.672,0,0,17,0,0,0,0,138,44,1.026,1,2245,0,364.511,2.943,127.000,335.000,-67.188,0.051,0.047,0.531,-2.223,-1.930,-5.504,2.508,2.686,1.231,1.427,0,NULL,NULL,,3,0,2,7,255,1402,250,0,0
stim,206202,236323,0,236323,3433649.454,-0.690,0.059,-0.260,0.673,0,0,11,0,0,0,0,135,44,1.026,1,2245,0,371.100,2.943,151.938,332.563,-63.500,0.055,-0.020,0.652,-2.223,-1.930,-5.383,2.542,2.722,1.231,1.427,0,NULL,NULL,,3,0,2,7,255,1402,250,0,0
stim,206202,236323,0,236323,3433654.455,-0.695,0.055,-0.244,0.674,0,0,11,0,0,0,0,133,44,1.026,1,2245,0,377.826,2.943,170.875,332.250,-56.250,0.109,0.059,0.688,-2.223,-1.930,-4.102,2.574,2.756,1.231,1.427,0,NULL,NULL,,3,0,2,7,255,1402,250,0,0
stim,206223,236344,0,236344,3433659.454,-0.700,0.052,-0.228,0.675,0,0,9,0,0,0,0,135,44,1.026,1,2245,0,389.401,3.519,198.125,332.438,-43.188,0.059,0.145,0.801,-2.648,-2.316,-3.688,2.602,2.784,1.231,1.427,0,NULL,NULL,,3,0,2,7,255,1402,250,0,0
stim,206223,236344,0,236344,3433664.455,-0.704,0.049,-0.212,0.676,0,0,7,0,0,0,0,125,44,1.026,1,2245,0,400.824,4.346,219.125,332.875,-42.875,-0.074,0.164,1.023,-3.645,-2.367,-3.043,2.628,2.810,1.231,1.427,0,NULL,NULL,,3,0,2,7,255,1402,250,0,0
stim,206254,236375,0,236375,3433669.454,-0.708,0.047,-0.195,0.677,0,0,5,0,0,0,0,120,44,1.026,1,2245,0,405.024,5.921,222.063,335.250,-48.375,-0.102,0.207,1.277,-4.273,-4.098,-1.473,2.650,2.834,1.231,1.427,0,NULL,NULL,,3,0,2,7,255,1402,250,0,0
stim,206254,236375,0,236375,3433674.455,-0.713,0.044,-0.178,0.677,0,0,3,0,0,0,0,117,44,1.026,1,2245,0,403.444,6.734,220.875,333.563,-52.125,-0.145,0.133,1.477,-4.633,-4.887,0.848,2.672,2.858,1.231,1.427,0,NULL,NULL,,3,0,2,7,255,1402,250,0,0
stim,206254,236375,0,236375,3433679.454,-0.716,0.041,-0.161,0.677,0,0,3,0,0,0,0,119,44,1.026,1,2245,0,395.390,7.510,206.813,332.875,-52.500,-0.129,0.180,1.633,-5.105,-5.508,2.895,2.694,2.882,1.231,1.427,0,NULL,NULL,,3,0,2,7,255,1402,250,0,0
stim,206254,236375,0,236375,3433684.455,-0.720,0.038,-0.145,0.677,0,0,0,0,0,0,0,121,44,1.026,1,2245,0,383.509,7.633,186.813,330.813,-52.375,-0.211,0.219,1.758,-5.125,-5.656,4.520,2.718,2.906,1.231,1.427,0,NULL,NULL,,3,0,2,7,255,1402,250,0,0
stim,206254,236375,0,236375,3433689.454,-0.724,0.034,-0.130,0.676,0,0,4,0,0,0,0,125,44,1.026,1,2245,0,370.383,8.004,162.750,325.688,-68.000,-0.203,0.289,1.855,-5.527,-5.789,5.645,2.744,2.932,1.231,1.427,0,NULL,NULL,,3,0,2,7,255,1402,250,0,0
stim,206254,236375,0,236375,3433694.455,-0.728,0.029,-0.116,0.675,0,0,6,0,0,0,0,124,44,1.026,1,2245,0,356.500,8.004,135.750,321.500,-72.813,-0.141,0.234,1.762,-5.527,-5.789,6.270,2.770,2.960,1.231,1.427,0,NULL,NULL,,3,0,2,7,255,1402,250,0,0
stim,206254,236375,0,236375,3433699.454,-0.732,0.025,-0.102,0.673,0,0,9,0,0,0,0,133,44,1.026,1,2245,0,349.854,6.905,125.500,316.188,-81.688,-0.043,0.098,1.691,-5.180,-4.566,6.270,2.800,2.990,1.231,1.427,0,NULL,NULL,,3,0,2,7,255,1402,250,0,0
stim,206254,236375,0,236375,3433704.455,-0.736,0.019,-0.089,0.671,0,0,10,0,0,0,0,139,44,1.026,1,2245,0,337.448,5.201,112.875,310.125,-70.375,-0.039,0.188,1.648,-4.125,-3.168,6.125,2.830,3.022,1.231,1.427,0,NULL,NULL,,3,0,2,7,255,1402,250,0,0
stim,206289,236410,0,236410,3433709.454,-0.740,0.014,-0.076,0.669,0,0,16,0,0,0,0,141,44,1.026,1,2245,0,335.677,4.364,108.375,305.875,-85.875,-0.027,0.094,1.605,-3.516,-2.586,5.730,2.864,3.056,1.231,1.427,0,NULL,NULL,,3,0,2,7,255,1402,250,0,0
stim,206289,236410,0,236410,3433714.456,-0.743,0.010,-0.063,0.666,0,0,17,0,0,0,0,147,44,1.026,1,2245,0,327.824,3.851,103.938,300.625,-79.313,0.105,0.160,1.566,-3.234,-2.090,5.574,2.896,3.088,1.231,1.427,0,NULL,NULL,,3,0,2,7,255,1402,250,0,0
stim,206289,236410,0,236410,3433719.455,-0.746,0.005,-0.050,0.664,0,0,15,0,0,0,0,148,44,1.026,1,2245,0,323.786,2.962,106.438,296.625,-74.313,0.129,0.129,1.531,-2.949,-0.273,5.348,2.928,3.122,1.231,1.427,0,NULL,NULL,,3,0,2,7,255,1402,250,0,0
stim,206289,236410,0,236410,3433724.454,-0.749,0.000,-0.037,0.662,0,0,11,0,0,0,0,147,44,1.026,1,2245,0,317.973,2.794,111.063,291.250,-62.813,0.094,0.152,1.566,-2.777,0.305,5.348,2.960,3.154,1.231,1.427,0,NULL,NULL,,3,0,2,7,255,1402,250,0,0
stim,206289,236410,0,236410,3433729.455,-0.751,-0.004,-0.024,0.659,0,0,12,0,0,0,0,151,44,1.026,1,2245,0,315.769,2.798,112.250,287.813,-65.375,0.129,0.195,1.543,-2.777,0.340,5.156,2.988,3.184,1.231,1.427,0,NULL,NULL,,3,0,2,7,255,1402,250,0,0
stim,206289,236410,0,236410,3433734.454,-0.753,-0.007,-0.011,0.657,0,0,16,0,0,0,0,149,44,1.026,1,2245,0,313.591,2.994,130.875,280.063,-52.688,0.145,0.105,1.570,-2.777,1.117,5.402,3.014,3.210,1.231,1.427,0,NULL,NULL,,3,0,2,7,255,1402,250,0,0
stim,206289,236410,0,236410,3433739.455,-0.755,-0.010,0.002,0.656,0,0,13,0,0,0,0,148,44,1.026,1,2245,0,311.669,3.279,136.688,276.438,-45.125,0.152,0.277,1.672,-2.922,1.488,5.488,3.036,3.234,1.231,1.427,0,NULL,NULL,,3,0,2,7,255,1402,250,0,0
stim,206289,236410,0,236410,3433744.453,-0.756,-0.013,0.015,0.654,0,0,12,0,0,0,0,155,44,1.026,1,2245,0,307.735,3.372,142.500,270.250,-36.875,0.152,0.230,1.781,-2.563,2.191,6.422,3.056,3.254,1.231,1.427,0,NULL,NULL,,3,0,2,7,255,1402,250,0,0
stim,206318,236439,0,236439,3433749.455,-0.757,-0.016,0.027,0.652,0,0,12,0,0,0,0,147,44,1.026,1,2245,0,303.351,4.124,140.188,266.938,-33.375,0.188,0.336,1.855,-3.262,2.523,7.480,3.072,3.270,1.231,1.427,0,NULL,NULL,,3,0,2,7,255,1402,250,0,0
stim,206318,236439,0,236439,3433754.454,-0.758,-0.019,0.040,0.651,0,0,16,0,0,0,0,148,44,1.026,1,2245,0,299.370,4.341,139.875,263.688,-22.938,0.246,0.316,1.902,-2.676,3.418,8.164,3.086,3.284,1.231,1.427,0,NULL,NULL,,3,0,2,7,255,1402,250,0,0
stim,206318,236439,0,236439,3433759.455,-0.758,-0.022,0.053,0.649,0,0,20,0,0,0,0,149,44,1.026,1,2245,0,300.652,5.135,144.125,263.063,-20.438,0.328,0.344,2.016,-2.676,4.383,8.523,3.098,3.298,1.231,1.427,0,NULL,NULL,,3,0,2,7,255,1402,250,0,0
stim,206318,236439,0,236439,3433764.453,-0.758,-0.024,0.066,0.648,0,0,13,0,0,0,0,141,44,1.026,1,2245,0,299.288,6.245,141.063,263.938,-3.375,0.422,0.301,1.984,-2.500,5.723,8.965,3.108,3.306,1.231,1.427,0,NULL,NULL,,3,0,2,7,255,1402,250,0,0
stim,206352,236473,0,236473,3433769.455,-0.757,-0.027,0.079,0.648,0,0,16,0,0,0,0,141,44,1.026,1,2245,0,305.457,7.147,146.500,267.813,10.875,0.543,0.367,2.012,-1.809,6.914,8.965,3.114,3.314,1.231,1.427,0,NULL,NULL,,3,0,2,7,255,1402,250,0,0
stim,206352,236473,0,236473,3433774.454,-0.756,-0.030,0.092,0.647,0,0,17,0,0,0,0,143,44,1.026,1,2245,0,312.094,8.773,153.438,270.625,24.938,0.563,0.352,2.066,-1.664,8.613,8.965,3.122,3.322,1.231,1.427,0,NULL,NULL,,3,0,2,7,255,1402,250,0,0
stim,206352,236473,0,236473,3433779.455,-0.754,-0.032,0.105,0.647,0,0,16,0,0,0,0,147,44,1.026,1,2245,0,317.799,9.376,150.250,276.500,44.375,0.656,0.406,2.090,-1.355,9.277,9.133,3.126,3.328,1.231,1.427,0,NULL,NULL,,3,0,2,7,255,1402,250,0,0
stim,206352,236473,0,236473,3433784.454,-0.752,-0.035,0.119,0.648,0,0,21,0,0,0,0,147,44,1.026,1,2245,0,324.675,10.788,154.563,279.375,58.938,0.668,0.324,2.043,-1.289,10.711,9.133,3.130,3.332,1.231,1.427,0,NULL,NULL,,3,0,2,7,255,1402,250,0,0
stim,206352,236473,0,236473,3433789.455,-0.748,-0.037,0.133,0.649,0,0,21,0,0,0,0,146,44,1.026,1,2245,0,338.109,11.012,169.063,282.688,76.313,0.637,0.371,2.195,-0.309,11.008,9.133,3.130,3.334,1.231,1.427,0,NULL,NULL,,3,0,2,7,255,1402,250,0,0
stim,206352,236473,0,236473,3433794.453,-0.745,-0.040,0.147,0.650,0,0,19,0,0,0,0,151,44,1.026,1,2245,0,333.536,11.504,146.875,287.250,84.625,0.660,0.391,2.363,-0.285,11.500,9.715,3.130,3.332,1.231,1.427,0,NULL,NULL,,3,0,2,7,255,1402,250,0,0
stim,206352,236473,0,236473,3433799.455,-0.740,-0.043,0.160,0.651,0,0,18,0,0,0,0,155,44,1.026,1,2245,0,334.843,12.629,137.938,287.313,102.688,0.727,0.387,2.223,0.047,12.629,9.715,3.124,3.328,1.231,1.427,0,NULL,NULL,,3,0,2,7,255,1402,250,0,0
stim,206352,236473,0,236473,3433804.454,-0.735,-0.046,0.174,0.653,0,0,19,0,0,0,0,165,44,1.026,1,2245,0,340.436,13.313,141.938,288.188,112.688,0.723,0.461,2.199,0.047,13.313,9.199,3.116,3.320,1.231,1.427,0,NULL,NULL,,3,0,2,7,255,1402,250,0,0
stim,206373,236494,0,236494,3433809.455,-0.730,-0.049,0.188,0.655,0,0,19,0,0,0,0,165,44,1.026,1,2245,0,341.457,13.728,140.500,284.813,125.438,0.734,0.371,2.238,0.164,13.727,8.797,3.106,3.310,1.231,1.427,0,NULL,NULL,,3,0,2,7,255,1402,250,0,0
stim,206373,236494,0,236494,3433814.453,-0.724,-0.052,0.201,0.657,0,0,21,0,0,0,0,163,44,1.026,1,2245,0,337.728,14.233,128.938,281.563,134.750,0.777,0.316,2.184,0.793,14.211,8.664,3.092,3.296,1.231,1.427,0,NULL,NULL,,3,0,2,7,255,1402,250,0,0
stim,206373,236494,0,236494,3433819.455,-0.718,-0.055,0.213,0.660,0,0,19,0,0,0,0,172,44,1.026,1,2245,0,330.881,14.831,119.063,276.000,138.313,0.855,0.293,2.023,1.395,14.766,7.641,3.072,3.276,1.231,1.427,0,NULL,NULL,,3,0,2,7,255,1402,250,0,0
stim,206373,236494,0,236494,3433824.454,-0.712,-0.058,0.225,0.663,0,0,22,0,0,0,0,200,44,1.026,1,2245,0,331.041,15.143,123.313,264.625,156.063,0.895,0.180,1.828,1.441,15.074,5.520,3.048,3.252,1.231,1.427,0,NULL,NULL,,3,0,2,7,255,1402,250,0,0
stim,206373,236494,0,236494,3433829.455,-0.705,-0.059,0.238,0.666,0,0,23,0,0,0,0,229,44,1.026,1,2245,0,333.335,15.238,136.375,250.688,172.250,0.875,0.078,1.691,2.227,15.074,3.105,3.018,3.222,1.231,1.427,0,NULL,NULL,,3,0,2,7,255,1402,250,0,0
stim,206373,236494,0,236494,3433834.453,-0.698,-0.060,0.250,0.669,0,0,23,0,0,0,0,261,44,1.026,1,2245,0,330.161,14.811,150.063,235.375,176.313,0.867,-0.051,1.570,2.941,14.516,1.477,2.980,3.184,1.231,1.427,0,NULL,NULL,,3,0,2,7,255,1402,250,0,0
stim,206406,236527,0,236527,3433839.455,-0.691,-0.059,0.262,0.672,0,0,27,0,0,0,0,283,44,1.026,1,2245,0,330.435,14.619,163.250,217.563,187.625,0.863,-0.254,1.414,3.926,14.082,-0.105,2.940,3.142,1.231,1.427,0,NULL,NULL,,3,0,2,7,255,1402,250,0,0
stim,206406,236527,0,236527,3433844.454,-0.683,-0.058,0.274,0.675,0,0,24,0,0,0,0,311,44,1.026,1,2245,0,336.208,14.469,179.500,198.375,203.625,0.797,-0.484,1.223,5.473,13.395,-2.211,2.896,3.098,1.231,1.427,0,NULL,NULL,,3,0,2,7,255,1402,250,0,0
stim,206406,236527,0,236527,3433849.455,-0.675,-0.055,0.286,0.678,0,0,22,0,0,0,0,340,44,1.026,1,2245,0,344.841,13.964,207.813,178.875,209.125,0.684,-0.707,1.090,7.188,11.973,-4.375,2.846,3.050,1.231,1.427,0,NULL,NULL,,3,0,2,7,255,1402,250,0,0
stim,206406,236527,0,236527,3433854.453,-0.668,-0.050,0.299,0.680,0,0,25,0,0,0,0,359,44,1.026,1,2245,0,359.420,13.776,248.875,159.688,204.313,0.578,-0.891,1.117,9.004,10.426,-5.930,2.792,2.996,1.231,1.427,0,NULL,NULL,,3,0,2,7,255,1402,250,0,0
stim,206406,236527,0,236527,3433859.455,-0.661,-0.043,0.312,0.681,0,0,24,0,0,0,0,374,44,1.026,1,2245,0,373.221,14.983,287.000,143.813,190.375,0.512,-0.957,1.355,10.906,10.273,-5.930,2.736,2.940,1.231,1.427,0,NULL,NULL,,3,0,2,7,255,1402,250,0,0
stim,206406,236527,0,236527,3433864.454,-0.654,-0.036,0.325,0.682,0,0,28,0,3,0,0,381,44,1.026,1,2245,0,370.669,16.099,302.938,132.625,167.438,0.508,-0.914,1.699,12.395,10.273,-4.605,2.678,2.880,1.231,1.427,0,NULL,NULL,,3,0,2,7,255,1402,250,0,0
stim,206449,236570,0,236570,3433869.455,-0.649,-0.030,0.338,0.681,0,0,25,0,19,0,0,401,44,1.026,1,2245,0,353.610,17.921,294.313,123.375,152.313,0.691,-0.848,2.016,13.289,12.023,-2.238,2.614,2.816,1.231,1.427,0,NULL,NULL,,3,0,2,7,255,1402,250,0,0
stim,206449,236570,0,236570,3433874.454,-0.643,-0.024,0.349,0.682,0,0,25,0,45,0,0,408,44,1.026,1,2245,0,314.399,20.534,247.375,117.563,154.375,0.613,-0.852,2.387,13.746,15.254,-0.895,2.546,2.748,1.231,1.427,0,NULL,NULL,,3,0,2,7,255,1402,250,0,0
stim,206449,236570,0,236570,3433879.455,-0.638,-0.021,0.358,0.681,0,0,26,0,53,0,0,431,44,1.026,1,2245,0,237.770,21.785,185.250,112.688,97.563,0.500,-1.008,2.316,15.477,15.332,0.676,2.476,2.678,1.231,1.427,0,NULL,NULL,,3,0,2,7,255,1402,250,0,0
stim,206449,236570,0,236570,3433884.454,-0.635,-0.019,0.365,0.680,0,0,29,0,69,0,0,456,44,1.026,1,2245,0,182.894,23.382,140.313,105.375,51.563,1.008,-1.137,2.133,16.504,16.563,0.676,2.402,2.606,1.231,1.427,0,NULL,NULL,,3,0,2,7,255,1402,250,0,0
stim,206449,236570,0,236570,3433889.455,-0.633,-0.018,0.371,0.679,0,0,27,0,103,0,0,477,44,1.026,1,2245,0,156.368,24.900,118.063,95.000,38.563,1.336,-1.199,2.000,16.504,18.645,-4.035,2.326,2.530,1.231,1.427,0,NULL,NULL,,3,0,2,7,255,1402,250,0,0
stim,206449,236570,0,236570,3433894.453,-0.631,-0.018,0.376,0.679,0,0,29,0,108,0,0,493,44,1.026,1,2245,0,124.688,26.123,90.625,81.438,26.500,1.488,-1.168,1.949,15.895,20.730,-7.191,2.248,2.452,1.231,1.427,0,NULL,NULL,,3,0,2,7,255,1402,250,0,0
stim,206472,236593,0,236593,3433899.455,-0.630,-0.018,0.380,0.677,0,0,28,0,109,0,0,505,44,1.026,1,2245,0,100.008,26.419,77.000,63.688,-4.063,1.602,-1.160,1.758,15.098,21.680,-8.461,2.166,2.370,1.231,1.427,0,NULL,NULL,,3,0,2,7,255,1402,250,0,0
stim,206472,236593,0,236593,3433904.453,-0.630,-0.018,0.383,0.675,0,0,28,0,107,0,0,509,44,1.026,1,2245,0,78.997,25.903,63.000,41.250,-23.875,1.898,-1.047,1.805,14.043,21.766,-10.570,2.078,2.282,1.231,1.427,0,NULL,NULL,,3,0,2,7,255,1402,250,0,0
stim,206472,236593,0,236593,3433909.455,-0.630,-0.017,0.384,0.674,0,0,27,0,88,0,0,519,44,1.026,1,2245,0,39.507,27.076,35.000,11.125,-14.563,1.809,-0.820,1.820,12.734,23.895,-10.570,1.984,2.190,1.231,1.427,0,NULL,NULL,,3,0,2,7,255,1402,250,0,0
stim,206472,236593,0,236593,3433914.453,-0.631,-0.017,0.385,0.673,0,0,24,0,61,0,0,509,44,1.026,1,2245,0,43.953,26.331,28.000,-10.188,-32.313,1.703,-0.746,1.582,11.063,23.895,-10.660,1.888,2.094,1.231,1.427,0,NULL,NULL,,3,0,2,7,255,1402,250,0,0
stim,206472,236593,0,236593,3433919.455,-0.633,-0.015,0.385,0.672,0,0,25,0,41,0,0,510,44,1.026,1,2245,0,58.914,24.548,41.313,-39.063,-15.438,1.707,-0.816,1.652,10.707,22.090,-10.480,1.788,1.992,1.231,1.427,0,NULL,NULL,,3,0,2,7,255,1402,250,0,0
stim,206472,236593,0,236593,3433924.454,-0.633,-0.013,0.383,0.672,0,0,26,0,5,0,0,503,44,1.026,1,2245,0,61.308,24.017,4.813,-60.063,11.313,1.367,-0.543,1.902,10.137,21.773,-10.480,1.678,1.884,1.231,1.427,0,NULL,NULL,,3,0,2,7,255,1402,250,0,0
stim,206496,236617,0,236617,3433929.455,-0.634,-0.012,0.380,0.674,0,0,21,0,0,0,0,504,44,1.026,1,2245,0,94.531,23.122,-52.250,-77.750,12.688,1.031,-0.344,1.887,10.137,20.781,-5.641,1.564,1.770,1.231,1.427,0,NULL,NULL,,3,0,2,7,255,1402,250,0,0
stim,206496,236617,0,236617,3433934.454,-0.635,-0.012,0.374,0.675,0,0,19,0,0,0,0,501,44,1.026,1,2245,0,136.919,20.397,-100.938,-92.500,1.438,0.742,-0.406,1.773,9.543,18.027,-3.008,1.448,1.652,1.231,1.427,0,NULL,NULL,,3,0,2,7,255,1402,250,0,0
stim,206496,236617,0,236617,3433939.455,-0.637,-0.012,0.368,0.677,0,0,17,0,0,0,0,499,44,1.026,1,2245,0,155.691,17.470,-121.938,-96.125,-11.438,0.684,-0.527,1.398,9.059,14.938,-3.008,1.324,1.528,1.231,1.427,0,NULL,NULL,,3,0,2,7,255,1402,250,0,0
stim,206496,236617,0,236617,3433944.453,-0.639,-0.013,0.361,0.679,0,0,16,0,0,0,0,568,44,1.026,1,2245,0,162.901,15.355,-124.063,-103.063,-22.875,0.434,-0.500,1.355,9.059,12.398,-4.074,1.198,1.402,1.231,1.427,0,NULL,NULL,,3,0,2,7,255,1402,250,0,0
stim,206496,236617,0,236617,3433949.455,-0.640,-0.008,0.358,0.680,117,0,8,381,0,21,0,611,44,1.026,1,2245,0,140.543,13.528,2.750,-131.438,49.688,-0.660,-1.227,2.344,9.059,10.047,-4.074,1.070,1.272,1.231,1.427,0,NULL,NULL,,3,0,2,7,255,1402,250,0,0
stim,206496,236617,0,236617,3433954.454,-0.627,0.016,0.362,0.689,803,0,0,1017,0,153,0,628,44,1.026,1,2245,0,659.833,18.083,339.125,-233.188,515.750,-1.520,1.570,5.746,15.035,10.047,5.195,0.942,1.140,1.231,1.427,0,NULL,NULL,,3,0,2,7,255,1402,250,0,0
stim,206523,236644,0,236644,3433959.455,-0.620,0.010,0.344,0.705,1325,0,0,1481,0,491,0,719,44,1.026,1,2245,0,594.406,15.892,-500.000,-106.750,303.188,-2.383,2.969,4.680,15.035,5.148,46.703,0.816,1.010,1.231,1.427,0,NULL,NULL,,3,0,2,7,255,1402,250,0,0
stim,206523,236644,0,236644,3433964.453,-0.622,-0.011,0.316,0.717,1785,0,0,1806,0,655,0,811,44,1.026,1,2246,0,843.350,1.581,-839.438,-75.563,-29.563,-2.117,2.387,0.746,-1.383,0.766,46.703,0.694,0.880,1.231,1.427,1,1342.000,-60.000,,3,0,2,7,255,1402,250,0,0
stim,206556,236677,0,236677,3433969.455,-0.627,-0.028,0.292,0.722,2071,0,0,1935,0,927,0,901,44,1.026,1,2246,0,706.061,21.331,-688.000,-84.188,-134.500,-1.266,1.652,-1.617,-14.129,-15.980,14.301,0.580,0.756,1.231,1.427,1,NULL,NULL,,3,0,2,7,255,1402,250,0,0
stim,206556,236677,0,236677,3433974.454,-0.632,-0.036,0.279,0.722,2249,0,0,2024,0,1129,0,1007,44,1.026,1,2246,0,351.516,22.520,-304.563,-84.313,-153.938,0.078,0.992,-2.430,-15.867,-15.980,-12.238,0.482,0.644,1.231,1.427,1,NULL,NULL,,3,0,2,7,255,1402,250,0,0
stim,206556,236677,0,236677,3433979.455,-0.635,-0.031,0.277,0.720,2401,0,0,2121,0,1289,0,1109,44,1.026,1,2246,0,148.661,19.094,54.500,-130.438,-46.000,0.594,-0.074,-0.105,-15.867,-10.621,-13.250,0.398,0.536,1.231,1.427,1,NULL,NULL,,3,0,2,7,255,1402,250,0,0
stim,206556,236677,0,236677,3433984.453,-0.634,-0.025,0.275,0.723,2505,0,0,2183,0,1426,0,1184,44,1.026,1,2246,0,156.079,4.836,37.875,-122.813,88.563,0.234,0.492,1.680,-0.824,4.766,-13.250,0.328,0.434,1.231,1.427,2,NULL,NULL,,3,0,2,7,255,1402,250,0,0
stim,206556,236677,0,236677,3433989.455,-0.631,-0.023,0.269,0.727,2652,0,0,2350,0,1541,0,1206,44,1.026,1,2246,0,198.748,4.836,-111.750,-121.438,110.750,-0.496,1.148,2.180,-0.824,4.766,5.063,0.276,0.334,1.231,1.427,2,NULL,NULL,,3,0,2,7,255,1402,250,0,0
stim,206556,236677,0,236677,3433994.454,-0.631,-0.026,0.258,0.731,2783,0,0,2572,0,1553,0,1259,44,1.026,1,2246,0,271.759,3.743,-250.688,-100.063,31.563,-0.988,0.762,1.703,-0.852,3.645,10.695,0.280,0.258,1.231,1.427,2,NULL,NULL,,3,0,2,7,255,1402,250,0,0
stim,206556,236677,0,236677,3433999.455,-0.631,-0.031,0.244,0.736,2887,0,0,2715,0,1527,0,1331,44,1.026,1,2246,0,351.830,2.812,-328.125,-124.188,26.375,-1.582,-1.188,0.621,-0.852,-2.680,10.695,0.306,0.218,1.231,1.427,2,NULL,NULL,,3,0,2,7,255,1402,250,0,0
stim,206556,236677,0,236677,3434004.453,-0.633,-0.035,0.231,0.738,2943,0,0,2827,0,1488,0,1413,44,1.026,1,2246,0,317.221,17.114,-286.375,-130.125,-41.063,-0.984,-1.527,0.047,15.531,-7.188,-2.352,0.346,0.216,1.231,1.427,2,NULL,NULL,,3,0,2,7,255,1402,250,0,0
stim,206556,236677,0,236677,3434009.455,-0.636,-0.034,0.224,0.737,2990,0,0,2914,0,1447,0,1447,44,1.026,1,2246,0,184.230,17.114,-107.250,-129.375,-75.500,-0.195,-1.102,0.266,15.531,-7.188,-9.617,0.380,0.262,1.231,1.427,2,NULL,NULL,,3,0,2,7,255,1402,250,0,0
stim,206556,236677,0,236677,3434014.453,-0.639,-0.031,0.220,0.737,3019,0,0,2971,0,1406,0,1454,44,1.026,1,2246,0,129.109,11.163,-18.000,-123.313,-33.750,0.277,-0.465,1.250,11.160,0.230,-9.617,0.412,0.306,1.231,1.427,2,NULL,NULL,,3,0,2,7,255,1402,250,0,0
stim,206583,236704,0,236704,3434019.455,-0.639,-0.029,0.215,0.738,3042,0,0,3021,0,1386,0,1431,44,1.026,1,2246,0,119.248,9.976,-45.688,-109.938,6.813,0.273,-0.395,1.805,6.734,7.359,-0.719,0.442,0.346,1.231,1.427,2,NULL,NULL,,3,0,2,7,255,1402,250,0,0
stim,206583,236704,0,236704,3434024.454,-0.639,-0.029,0.208,0.740,3053,0,0,3055,0,1432,0,1435,44,1.026,1,2246,0,184.880,9.976,-146.375,-104.688,42.375,0.023,-0.473,1.613,6.734,7.359,3.543,0.466,0.376,1.231,1.427,2,NULL,NULL,,3,0,2,7,255,1402,250,0,0
stim,206583,236704,0,236704,3434029.455,-0.637,-0.031,0.198,0.745,3063,0,0,3089,0,1495,0,1471,44,1.026,1,2246,0,259.502,9.546,-225.813,-107.250,69.625,-0.359,-0.578,0.832,7.367,6.070,3.543,0.456,0.388,1.231,1.427,2,NULL,NULL,,3,0,2,7,255,1402,250,0,0
stim,206583,236704,0,236704,3434034.453,-0.635,-0.033,0.188,0.748,3087,0,0,3102,0,1595,0,1551,44,1.026,1,2246,0,247.231,7.461,-208.688,-116.500,63.250,-0.863,-0.613,0.273,7.461,0.035,-2.484,0.434,0.398,1.231,1.427,2,NULL,NULL,,3,0,2,7,255,1402,250,0,0
stim,206583,236704,0,236704,3434039.455,-0.636,-0.032,0.180,0.749,3101,0,0,3117,0,1717,0,1617,44,1.026,1,2246,0,179.421,9.788,-124.500,-129.063,-5.875,-0.930,-0.422,0.457,7.461,-6.336,-3.887,0.402,0.406,1.231,1.427,2,NULL,NULL,,3,0,2,7,255,1402,250,0,0
stim,206583,236704,0,236704,3434044.454,-0.639,-0.029,0.175,0.748,3093,0,0,3129,0,1818,0,1675,44,1.026,1,2246,0,150.277,8.944,-47.375,-128.250,-62.375,-0.238,-0.105,0.836,6.313,-6.336,-3.887,0.378,0.410,1.231,1.427,2,NULL,NULL,,3,0,2,7,255,1402,250,0,0
stim,206617,236738,0,236738,3434049.455,-0.642,-0.027,0.170,0.747,3089,0,0,3145,0,1903,0,1735,44,1.026,1,2246,0,144.765,2.568,-34.750,-126.813,-60.563,0.102,-0.066,1.371,2.551,0.301,-1.668,0.358,0.396,1.231,1.427,2,NULL,NULL,,3,0,2,7,255,1402,250,0,0
stim,206617,236738,0,236738,3434054.453,-0.643,-0.025,0.164,0.747,3093,0,0,3144,0,1997,0,1765,44,1.026,1,2246,0,144.890,5.461,-82.688,-115.438,-28.813,0.273,-0.391,1.363,2.551,4.828,1.504,0.338,0.366,1.231,1.427,2,NULL,NULL,,3,0,2,7,255,1402,250,0,0
stim,206617,236738,0,236738,3434059.455,-0.643,-0.025,0.158,0.749,3093,0,0,3159,0,2065,0,1781,44,1.026,1,2246,0,155.943,7.105,-109.250,-110.313,14.625,0.168,-0.770,0.938,5.098,4.949,1.504,0.318,0.322,1.231,1.427,2,NULL,NULL,,3,0,2,7,255,1402,250,0,0
stim,206617,236738,0,236738,3434064.454,-0.643,-0.023,0.152,0.751,3101,0,0,3148,0,2125,0,1797,44,1.026,1,2246,0,138.010,8.911,-80.313,-104.625,40.625,-0.012,-0.691,0.680,7.410,4.949,-2.746,0.296,0.282,1.231,1.427,2,NULL,NULL,,3,0,2,7,255,1402,250,0,0
stim,206653,236774,0,236774,3434069.455,-0.642,-0.021,0.148,0.752,3104,0,0,3145,123,2205,9,1875,44,1.026,1,2246,0,120.747,7.806,-45.125,-103.875,41.875,-0.141,-0.184,0.863,7.410,2.453,-2.746,0.272,0.250,1.231,1.427,2,NULL,NULL,,3,0,2,7,255,1402,250,0,0
stim,206653,236774,0,236774,3434074.454,-0.641,-0.018,0.144,0.753,3102,0,0,3143,325,2267,111,1957,44,1.026,1,2246,0,109.688,3.356,-34.688,-100.063,28.563,-0.082,0.148,1.105,2.984,1.535,-1.684,0.248,0.226,1.231,1.427,2,NULL,NULL,,3,0,2,7,255,1402,250,0,0
stim,206653,236774,0,236774,3434079.455,-0.642,-0.016,0.141,0.754,3101,0,0,3147,525,2300,127,2039,44,1.026,1,2246,0,73.209,1.535,-13.250,-72.000,0.000,0.109,0.297,1.664,0.000,1.535,1.035,0.230,0.214,1.231,1.427,2,NULL,NULL,,3,0,2,7,255,1402,250,0,0
stim,206653,236774,0,236774,3434084.453,-0.642,-0.016,0.139,0.754,3099,0,0,3148,671,2330,99,2091,44,1.026,1,2246,0,55.173,4.455,-31.500,-43.813,-11.500,0.379,0.500,1.289,-1.070,4.324,2.418,0.222,0.200,1.231,1.427,2,NULL,NULL,,3,0,2,7,255,1402,250,0,0
stim,206653,236774,0,236774,3434089.455,-0.643,-0.015,0.137,0.754,3103,0,0,3158,816,2361,101,2133,44,1.026,1,2246,0,41.703,5.864,-21.375,-35.688,-2.938,0.246,0.883,1.250,-3.961,4.324,2.906,0.222,0.184,1.231,1.427,2,NULL,NULL,,3,0,2,7,255,1402,250,0,0
stim,206653,236774,0,236774,3434094.454,-0.643,-0.015,0.136,0.753,3098,0,0,3150,911,2386,105,2166,44,1.026,1,2246,0,47.474,5.463,-35.500,-20.938,-23.563,-0.203,0.496,1.410,-3.961,3.762,2.906,0.226,0.166,1.231,1.427,2,NULL,NULL,,3,0,2,7,255,1402,250,0,0
stim,206653,236774,0,236774,3434099.455,-0.645,-0.017,0.133,0.752,3103,1,0,3150,994,2393,107,2198,44,1.026,1,2246,0,94.286,2.866,-75.250,-18.750,-53.625,-0.289,0.027,1.043,-2.840,0.387,2.906,0.230,0.154,1.231,1.427,2,NULL,NULL,,3,0,2,7,255,1402,250,0,0
stim,206653,236774,0,236774,3434104.453,-0.648,-0.019,0.130,0.751,3100,17,0,3165,1067,2407,105,2232,44,1.026,1,2246,0,95.207,0.648,-57.625,-15.188,-74.250,-0.117,0.164,0.883,-0.520,0.387,0.688,0.236,0.142,1.231,1.427,2,NULL,NULL,,3,0,2,7,255,1402,250,0,0
stim,206674,236795,0,236795,3434109.455,-0.650,-0.020,0.128,0.749,3102,23,0,3155,1131,2415,117,2240,44,1.026,1,2246,0,87.512,0.721,-40.625,-11.688,-76.625,0.043,0.234,1.066,-0.520,0.500,0.555,0.242,0.132,1.231,1.427,2,NULL,NULL,,3,0,2,7,255,1402,250,0,0
stim,206674,236795,0,236795,3434114.454,-0.652,-0.021,0.126,0.747,3111,53,0,3161,1175,2428,119,2275,44,1.026,1,2246,0,75.513,2.366,-47.438,-9.375,-58.000,0.090,0.125,1.094,-0.520,2.309,0.555,0.256,0.118,1.231,1.427,2,NULL,NULL,,3,0,2,7,255,1402,250,0,0
stim,206674,236795,0,236795,3434119.455,-0.653,-0.022,0.124,0.747,3099,62,0,3161,1253,2432,115,2297,44,1.026,1,2246,0,66.616,2.332,-54.875,-6.938,-37.125,-0.027,0.043,0.980,-0.332,2.309,0.555,0.276,0.100,1.231,1.427,2,NULL,NULL,,3,0,2,7,255,1402,250,0,0
stim,206674,236795,0,236795,3434124.454,-0.654,-0.024,0.122,0.746,3110,71,0,3176,1327,2447,119,2322,44,1.026,1,2246,0,61.078,1.651,-48.000,-4.500,-37.500,-0.172,0.113,0.910,-0.086,1.648,-0.363,0.294,0.084,1.231,1.427,2,NULL,NULL,,3,0,2,7,255,1402,250,0,0
stim,206674,236795,0,236795,3434129.455,-0.656,-0.025,0.121,0.744,3113,85,0,3167,1390,2469,115,2333,44,1.026,1,2246,0,65.896,0.178,-37.688,-2.438,-54.000,-0.168,0.164,0.980,-0.086,0.156,-0.363,0.310,0.070,1.231,1.427,2,NULL,NULL,,3,0,2,7,255,1402,250,0,0
stim,206674,236795,0,236795,3434134.454,-0.658,-0.026,0.119,0.743,3115,112,6,3180,1427,2471,101,2343,44,1.026,1,2246,0,70.406,0.178,-34.938,-0.313,-61.125,-0.070,0.094,1.023,-0.086,0.156,0.055,0.318,0.066,1.231,1.427,2,NULL,NULL,,3,0,2,7,255,1402,250,0,0
stim,206704,236825,0,236825,3434139.455,-0.660,-0.027,0.118,0.742,3110,136,11,3183,1467,2487,109,2363,44,1.026,1,2246,0,60.531,1.258,-35.875,0.625,-48.750,-0.035,0.000,1.004,-0.039,1.258,0.055,0.324,0.062,1.231,1.427,2,NULL,NULL,,3,0,2,7,255,1402,250,0,0
stim,206704,236825,0,236825,3434144.453,-0.661,-0.028,0.117,0.741,3103,153,9,3177,1513,2489,104,2361,44,1.026,1,2246,0,48.569,1.466,-33.063,1.063,-35.563,-0.105,0.008,0.980,0.754,1.258,-0.148,0.330,0.060,1.231,1.427,2,NULL,NULL,,3,0,2,7,255,1402,250,0,0
stim,206704,236825,0,236825,3434149.455,-0.662,-0.029,0.116,0.740,3115,177,37,3187,1547,2495,104,2375,44,1.026,1,2246,0,44.997,1.203,-29.188,2.000,-34.188,-0.168,0.027,0.965,0.754,0.938,-0.250,0.340,0.054,1.231,1.427,2,NULL,NULL,,3,0,2,7,255,1402,250,0,0
stim,206704,236825,0,236825,3434154.453,-0.663,-0.030,0.115,0.739,3108,189,79,3187,1573,2513,108,2385,44,1.026,1,2246,0,48.831,0.643,-23.000,3.438,-42.938,-0.195,0.031,0.961,0.586,0.266,-0.250,0.350,0.048,1.231,1.427,2,NULL,NULL,,3,0,2,7,255,1402,250,0,0
stim,206704,236825,0,236825,3434159.455,-0.665,-0.031,0.114,0.738,3118,221,93,3181,1604,2508,104,2381,44,1.026,1,2246,0,50.661,0.643,-19.313,4.438,-46.625,-0.121,-0.023,0.984,0.586,0.266,-0.207,0.358,0.042,1.231,1.427,2,NULL,NULL,,3,0,2,7,255,1402,250,0,0
stim,206704,236825,0,236825,3434164.454,-0.666,-0.032,0.113,0.737,3115,224,97,3193,1630,2509,105,2389,44,1.026,1,2246,0,41.726,1.295,-21.625,3.625,-35.500,-0.078,-0.078,0.992,0.996,0.828,-0.207,0.364,0.036,1.231,1.427,2,NULL,NULL,,3,0,2,7,255,1402,250,0,0
stim,206750,236871,0,236871,3434169.455,-0.666,-0.033,0.112,0.736,3113,245,127,3188,1653,2518,93,2387,44,1.026,1,2246,0,29.588,1.939,-26.688,0.813,-12.750,-0.082,-0.211,0.938,1.469,1.266,-0.238,0.370,0.032,1.231,1.427,2,NULL,NULL,,3,0,2,7,255,1402,250,0,0
stim,206750,236871,0,236871,3434174.454,-0.666,-0.034,0.111,0.737,3103,251,131,3187,1675,2519,89,2401,44,1.026,1,2246,0,22.398,1.939,-22.375,0.125,-1.000,-0.195,-0.070,0.949,1.469,1.266,-0.426,0.376,0.028,1.231,1.427,2,NULL,NULL,,3,0,2,7,255,1402,250,0,0
stim,206750,236871,0,236871,3434179.455,-0.667,-0.035,0.111,0.736,3107,249,135,3181,1699,2523,90,2394,44,1.026,1,2246,0,21.898,1.431,-20.938,-1.438,-6.250,-0.246,-0.008,0.969,1.430,0.051,-0.426,0.382,0.024,1.231,1.427,2,NULL,NULL,,3,0,2,7,255,1402,250,0,0
stim,206750,236871,0,236871,3434184.454,-0.667,-0.035,0.110,0.736,3111,253,125,3193,1718,2523,92,2405,44,1.026,1,2246,0,23.178,1.423,-19.688,-2.375,-12.000,-0.191,-0.074,0.965,1.422,0.051,-0.285,0.388,0.018,1.231,1.427,2,NULL,NULL,,3,0,2,7,255,1402,250,0,0
stim,206750,236871,0,236871,3434189.455,-0.667,-0.036,0.109,0.736,3101,263,209,3177,1745,2518,89,2404,44,1.000,1,2246,1,20.434,1.344,-18.500,-2.688,-8.250,-0.156,-0.070,0.961,1.336,0.145,-0.285,0.000,0.000,1.170,1.370,2,NULL,NULL,,3,0,2,7,255,1402,250,0,0
stim,206750,236871,0,236871,3434194.454,-0.667,-0.036,0.108,0.736,3097,249,249,3178,1753,2531,89,2412,44,1.000,1,2246,1,17.968,1.366,-17.250,-3.938,-3.125,-0.172,-0.031,0.961,1.336,0.285,-0.305,0.006,0.006,1.170,1.370,2,NULL,NULL,,3,0,2,7,255,1402,250,0,0
stim,206772,236893,0,236893,3434199.455,-0.667,-0.037,0.107,0.736,3095,254,281,3173,1773,2520,87,2413,44,1.000,1,2246,1,17.280,1.002,-16.625,-4.375,-1.750,-0.195,-0.023,0.961,0.961,0.285,-0.305,0.012,0.010,1.170,1.370,2,NULL,NULL,,3,0,2,7,255,1402,250,0,0
stim,206772,236893,0,236893,3434204.454,-0.667,-0.037,0.107,0.736,3095,254,300,3179,1799,2521,93,2429,44,1.000,1,2246,1,16.172,0.891,-14.813,-5.688,-3.125,-0.199,-0.004,0.965,0.891,0.016,-0.262,0.018,0.016,1.170,1.370,2,NULL,NULL,,3,0,2,7,255,1402,250,0,0
stim,206772,236893,0,236893,3434209.455,-0.668,-0.037,0.106,0.736,3087,263,339,3173,1815,2527,94,2443,44,1.000,1,2246,1,15.386,0.703,-13.313,-5.875,-5.000,-0.188,0.027,0.977,0.703,0.016,-0.188,0.024,0.022,1.170,1.370,2,NULL,NULL,,3,0,2,7,255,1402,250,0,0
stim,206772,236893,0,236893,3434214.454,-0.668,-0.038,0.105,0.736,3095,254,369,3171,1839,2525,101,2440,44,1.000,1,2246,1,14.701,0.387,-11.750,-6.813,-5.625,-0.164,0.059,0.996,0.379,0.078,-0.059,0.028,0.026,1.170,1.370,2,NULL,NULL,,3,0,2,7,255,1402,250,0,0
stim,206772,236893,0,236893,3434219.455,-0.668,-0.038,0.105,0.736,3093,251,405,3153,1855,2524,118,2446,44,1.000,1,2246,1,13.797,0.305,-11.250,-6.375,-4.813,-0.160,0.070,1.004,0.051,0.301,0.098,0.034,0.032,1.170,1.370,2,NULL,NULL,,3,0,2,7,255,1402,250,0,0
stim,206772,236893,0,236893,3434224.454,-0.668,-0.038,0.104,0.736,3081,249,439,3149,1889,2533,124,2457,44,1.000,1,2246,1,13.999,0.311,-11.625,-6.938,-3.563,-0.180,0.074,1.012,-0.078,0.301,0.168,0.038,0.036,1.170,1.370,2,NULL,NULL,,3,0,2,7,255,1402,250,0,0
stim,206799,236920,0,236920,3434229.455,-0.668,-0.038,0.103,0.736,3087,249,476,3143,1907,2522,141,2461,44,1.000,1,2246,1,15.483,0.191,-12.563,-6.938,-5.813,-0.219,0.078,1.004,-0.098,0.164,0.281,0.042,0.040,1.170,1.370,2,NULL,NULL,,3,0,2,7,255,1402,250,0,0
stim,206799,236920,0,236920,3434234.454,-0.669,-0.038,0.103,0.735,3061,249,520,3127,1915,2533,141,2469,44,1.000,1,2246,1,18.056,0.257,-12.313,-8.250,-10.313,-0.219,0.094,1.004,-0.113,-0.230,0.297,0.046,0.042,1.170,1.370,2,NULL,NULL,,3,0,2,7,255,1402,250,0,0
stim,206799,236920,0,236920,3434239.455,-0.669,-0.038,0.102,0.735,3059,253,563,3125,1939,2523,145,2483,44,1.000,1,2246,1,20.058,0.358,-10.875,-9.000,-14.250,-0.184,0.129,1.012,-0.273,-0.230,0.297,0.050,0.044,1.170,1.370,2,NULL,NULL,,3,0,2,7,255,1402,250,0,0
stim,206799,236920,0,236920,3434244.453,-0.670,-0.038,0.102,0.735,3059,260,585,3116,1957,2529,151,2485,44,1.000,1,2246,1,19.745,0.674,-10.125,-10.000,-13.688,-0.145,0.148,1.027,-0.672,0.055,0.336,0.050,0.046,1.170,1.370,2,NULL,NULL,,3,0,2,7,255,1402,250,0,0
stim,206799,236920,0,236920,3434249.455,-0.670,-0.038,0.101,0.735,3045,265,627,3097,1977,2532,179,2494,44,1.000,1,2246,1,18.025,0.973,-11.125,-10.750,-9.250,-0.145,0.148,1.031,-0.879,0.418,0.402,0.052,0.046,1.170,1.370,2,NULL,NULL,,3,0,2,7,255,1402,250,0,0
stim,206799,236920,0,236920,3434254.454,-0.670,-0.038,0.100,0.735,3029,265,675,3095,2020,2521,223,2505,44,1.000,1,2246,1,18.251,0.977,-12.438,-11.375,-7.000,-0.188,0.176,1.027,-0.883,0.418,0.449,0.054,0.046,1.170,1.370,2,NULL,NULL,,3,0,2,7,255,1402,250,0,0
stim,206834,236955,0,236955,3434259.455,-0.670,-0.038,0.100,0.734,3001,267,726,3083,2068,2535,253,2515,44,1.000,1,2246,1,19.870,1.149,-12.000,-12.125,-10.188,-0.195,0.215,1.023,-1.148,-0.023,0.492,0.054,0.046,1.170,1.370,2,NULL,NULL,,3,0,2,7,255,1402,250,0,0
stim,206834,236955,0,236955,3434264.453,-0.671,-0.037,0.099,0.734,2987,263,791,3061,2103,2532,275,2527,44,1.000,1,2246,1,21.580,1.535,-11.438,-12.688,-13.188,-0.168,0.219,1.027,-1.535,-0.023,0.500,0.054,0.046,1.170,1.370,2,NULL,NULL,,3,0,2,7,255,1402,250,0,0
stim,206855,236976,0,236976,3434269.455,-0.671,-0.037,0.098,0.734,2971,266,885,3049,2151,2529,309,2551,44,1.000,1,2246,1,21.669,1.538,-13.313,-12.875,-11.250,-0.141,0.188,1.047,-1.535,0.086,0.512,0.054,0.044,1.170,1.370,2,NULL,NULL,,3,0,2,7,255,1402,250,0,0
stim,206855,236976,0,236976,3434274.454,-0.671,-0.037,0.097,0.734,2956,280,943,3037,2189,2535,367,2565,44,1.000,1,2246,1,23.558,1.358,-18.125,-12.375,-8.563,-0.152,0.145,1.035,-1.328,0.281,0.500,0.052,0.042,1.170,1.370,2,NULL,NULL,,3,0,2,7,255,1402,250,0,0
stim,206855,236976,0,236976,3434279.455,-0.672,-0.038,0.096,0.733,2936,301,1016,3029,2227,2533,457,2577,44,1.000,1,2246,1,26.017,0.934,-20.250,-12.188,-10.875,-0.176,0.109,0.992,-0.891,0.281,0.484,0.052,0.040,1.170,1.370,2,NULL,NULL,,3,0,2,7,255,1402,250,0,0
stim,206855,236976,0,236976,3434284.453,-0.672,-0.038,0.095,0.733,2925,313,1109,3021,2257,2539,499,2584,44,1.000,1,2246,1,26.776,0.555,-18.188,-12.000,-15.563,-0.176,0.090,0.973,-0.555,0.008,0.105,0.050,0.038,1.170,1.370,2,NULL,NULL,,3,0,2,7,255,1402,250,0,0
stim,206855,236976,0,236976,3434289.455,-0.673,-0.038,0.094,0.733,2903,307,1211,3006,2295,2535,581,2603,44,1.000,1,2246,1,27.826,0.387,-15.938,-11.625,-19.625,-0.168,0.074,0.984,-0.387,0.008,0.008,0.048,0.034,1.170,1.370,2,NULL,NULL,,3,0,2,7,255,1402,250,0,0
stim,206855,236976,0,236976,3434294.453,-0.674,-0.038,0.093,0.732,2889,327,1309,2998,2343,2533,647,2619,44,1.000,1,2246,1,30.102,0.262,-17.500,-11.500,-21.625,-0.176,0.055,1.000,-0.258,0.047,0.008,0.048,0.030,1.170,1.370,2,NULL,NULL,,3,0,2,7,255,1402,250,0,0
stim,206855,236976,0,236976,3434299.455,-0.674,-0.038,0.092,0.732,2863,361,1385,2979,2365,2539,698,2628,44,1.000,1,2246,1,34.279,0.088,-21.500,-11.438,-24.125,-0.195,0.023,1.000,-0.074,0.047,0.148,0.046,0.028,1.170,1.370,2,NULL,NULL,,3,0,2,7,255,1402,250,0,0
stim,206855,236976,0,236976,3434304.454,-0.675,-0.039,0.091,0.731,2833,371,1469,2959,2404,2535,778,2634,44,1.000,1,2246,1,39.823,0.244,-25.438,-11.250,-28.500,-0.203,-0.023,0.980,0.207,-0.129,0.148,0.044,0.022,1.170,1.370,2,NULL,NULL,,3,0,2,7,255,1402,250,0,0
stim,206855,236976,0,236976,3434309.455,-0.676,-0.040,0.090,0.730,2805,404,1571,2941,2437,2536,861,2647,44,1.000,1,2246,1,43.679,0.657,-26.875,-12.063,-32.250,-0.199,-0.055,0.957,0.625,-0.203,-0.008,0.042,0.018,1.170,1.370,2,NULL,NULL,,3,0,2,7,255,1402,250,0,0
stim,206855,236976,0,236976,3434314.453,-0.677,-0.040,0.088,0.729,2782,416,1655,2927,2460,2536,939,2661,44,1.000,1,2246,1,45.024,0.913,-25.813,-13.063,-34.500,-0.188,-0.063,0.953,0.891,-0.203,-0.289,0.042,0.014,1.170,1.370,2,NULL,NULL,,3,0,2,7,255,1402,250,0,0
stim,206884,237005,0,237005,3434319.455,-0.679,-0.041,0.087,0.728,2761,426,1746,2917,2485,2535,1015,2670,44,1.000,1,2246,1,47.272,0.966,-26.000,-13.938,-36.938,-0.180,-0.070,0.965,0.957,-0.129,-0.289,0.042,0.010,1.170,1.370,2,NULL,NULL,,3,0,2,7,255,1402,250,0,0
stim,206884,237005,0,237005,3434324.454,-0.680,-0.041,0.085,0.727,2727,439,1830,2893,2513,2547,1115,2675,44,1.000,1,2246,1,48.458,0.958,-26.563,-14.750,-37.750,-0.148,-0.070,0.969,0.957,-0.043,-0.258,0.042,0.008,1.170,1.370,2,NULL,NULL,,3,0,2,7,255,1402,250,0,0
stim,206884,237005,0,237005,3434329.455,-0.681,-0.042,0.084,0.726,2708,477,1916,2877,2543,2537,1198,2697,44,1.000,1,2246,1,46.740,0.991,-26.813,-14.938,-35.250,-0.113,-0.063,0.961,0.953,0.270,-0.258,0.042,0.006,1.170,1.370,2,NULL,NULL,,3,0,2,7,255,1402,250,0,0
stim,206884,237005,0,237005,3434334.453,-0.682,-0.042,0.082,0.726,2664,491,2015,2859,2572,2539,1273,2707,44,1.000,1,2246,1,42.962,0.935,-25.875,-15.188,-30.750,-0.121,-0.055,0.973,0.797,0.488,-0.258,0.042,0.006,1.170,1.370,2,NULL,NULL,,3,0,2,7,255,1402,250,0,0
stim,206884,237005,0,237005,3434339.455,-0.683,-0.042,0.081,0.725,2637,495,2089,2829,2585,2543,1341,2709,44,1.000,1,2246,1,41.112,0.869,-26.000,-15.625,-27.750,-0.133,-0.020,0.984,0.719,0.488,-0.227,0.042,0.006,1.170,1.370,2,NULL,NULL,,3,0,2,7,255,1402,250,0,0
stim,206884,237005,0,237005,3434344.454,-0.684,-0.043,0.079,0.724,2598,509,2156,2821,2603,2535,1467,2727,44,1.000,1,2246,1,39.026,0.489,-24.875,-15.938,-25.500,-0.137,0.043,0.980,0.340,0.352,-0.121,0.042,0.004,1.170,1.370,2,NULL,NULL,,3,0,2,7,255,1402,250,0,0
stim,206919,237040,0,237040,3434349.455,-0.685,-0.043,0.078,0.724,2549,533,2208,2805,2623,2540,1577,2734,44,1.000,1,2246,1,37.704,0.365,-21.875,-15.625,-26.438,-0.141,0.078,1.004,-0.270,0.246,-0.098,0.042,0.002,1.170,1.370,2,NULL,NULL,,3,0,2,7,255,1402,250,0,0
stim,206919,237040,0,237040,3434354.453,-0.685,-0.043,0.077,0.723,2505,537,2266,2774,2645,2539,1643,2733,44,1.000,1,2246,1,39.832,0.686,-22.250,-14.750,-29.563,-0.129,0.094,1.027,-0.641,0.246,0.113,0.042,0.002,1.170,1.370,2,NULL,NULL,,3,0,2,7,255,1402,250,0,0
stim,206919,237040,0,237040,3434359.455,-0.686,-0.043,0.076,0.722,2471,553,2333,2757,2671,2539,1717,2751,44,1.000,1,2246,1,42.634,0.742,-24.750,-13.750,-31.875,-0.109,0.063,1.031,-0.641,0.375,0.332,0.040,0.002,1.170,1.370,2,NULL,NULL,,3,0,2,7,255,1402,250,0,0
stim,206919,237040,0,237040,3434364.453,-0.687,-0.044,0.074,0.721,2431,569,2383,2741,2682,2547,1765,2769,44,1.000,1,2246,1,44.293,0.776,-29.125,-12.813,-30.813,-0.102,0.020,1.012,-0.535,0.563,0.332,0.040,0.004,1.170,1.370,2,NULL,NULL,,3,0,2,7,255,1402,250,0,0
stim,206951,237072,0,237072,3434369.455,-0.688,-0.044,0.073,0.720,2392,586,2441,2711,2708,2541,1833,2769,44,1.000,1,2246,1,45.620,0.578,-32.063,-12.375,-30.000,-0.129,-0.027,0.996,-0.133,0.563,0.137,0.042,0.004,1.170,1.370,2,NULL,NULL,,3,0,2,7,255,1402,250,0,0
stim,206951,237072,0,237072,3434374.454,-0.689,-0.045,0.071,0.720,2344,601,2488,2699,2719,2547,1909,2789,44,1.000,1,2246,1,47.557,0.430,-32.500,-11.875,-32.625,-0.141,-0.035,0.988,0.277,0.328,0.012,0.042,0.006,1.170,1.370,2,NULL,NULL,,3,0,2,7,255,1402,250,0,0
stim,206951,237072,0,237072,3434379.455,-0.690,-0.046,0.070,0.719,2295,614,2536,2675,2735,2547,1979,2793,44,1.000,1,2246,1,50.722,0.424,-33.500,-12.063,-36.125,-0.137,-0.043,1.000,0.355,0.230,0.012,0.042,0.008,1.170,1.370,2,NULL,NULL,,3,0,2,7,255,1402,250,0,0
stim,206951,237072,0,237072,3434384.453,-0.691,-0.047,0.068,0.718,2239,629,2580,2647,2744,2537,2037,2802,44,1.000,1,2246,1,51.886,0.424,-35.000,-12.000,-36.375,-0.109,-0.035,0.992,0.355,0.230,-0.039,0.042,0.008,1.170,1.370,2,NULL,NULL,,3,0,2,7,255,1402,250,0,0
stim,206951,237072,0,237072,3434389.455,-0.693,-0.047,0.066,0.717,2195,633,2612,2631,2764,2540,2089,2807,44,1.000,1,2246,1,51.466,0.525,-35.125,-11.313,-35.875,-0.105,-0.023,0.984,0.266,0.453,-0.059,0.042,0.010,1.170,1.370,2,NULL,NULL,,3,0,2,7,255,1402,250,0,0
stim,206951,237072,0,237072,3434394.454,-0.694,-0.048,0.065,0.716,2147,645,2647,2599,2770,2547,2137,2805,44,1.000,1,2246,1,45.450,0.536,-30.563,-10.938,-31.813,-0.086,-0.039,0.945,0.238,0.480,-0.129,0.042,0.010,1.170,1.370,2,NULL,NULL,,3,0,2,7,255,1402,250,0,0
stim,206951,237072,0,237072,3434399.455,-0.694,-0.048,0.064,0.715,2092,655,2665,2573,2781,2549,2171,2811,44,1.000,1,2246,1,35.923,0.625,-24.375,-11.500,-23.750,-0.090,-0.086,0.953,0.238,0.578,-0.453,0.044,0.010,1.170,1.370,2,NULL,NULL,,3,0,2,7,255,1402,250,0,0
stim,206951,237072,0,237072,3434404.453,-0.695,-0.049,0.062,0.715,2029,664,2686,2543,2807,2545,2213,2827,44,1.000,1,2246,1,30.632,0.880,-21.313,-11.813,-18.563,-0.141,-0.094,0.992,0.664,0.578,-0.453,0.044,0.010,1.170,1.370,2,NULL,NULL,,3,0,2,7,255,1402,250,0,0
stim,206973,237094,0,237094,3434409.455,-0.695,-0.049,0.061,0.714,1952,665,2713,2507,2811,2540,2253,2835,44,1.000,1,2246,1,34.063,0.675,-24.063,-12.063,-20.875,-0.180,-0.059,1.023,0.664,0.121,0.020,0.044,0.010,1.170,1.370,2,NULL,NULL,,3,0,2,7,255,1402,250,0,0
stim,206973,237094,0,237094,3434414.454,-0.696,-0.050,0.060,0.714,1901,668,2734,2463,2815,2536,2296,2835,44,1.000,1,2246,1,38.880,0.378,-26.375,-12.625,-25.625,-0.160,-0.020,1.000,0.367,-0.090,0.117,0.046,0.010,1.170,1.370,2,NULL,NULL,,3,0,2,7,255,1402,250,0,0
stim,206973,237094,0,237094,3434419.455,-0.697,-0.050,0.059,0.713,1823,665,2759,2427,2835,2538,2329,2843,44,1.000,1,2246,1,38.571,0.136,-24.625,-12.875,-26.750,-0.125,-0.035,0.977,0.102,-0.090,0.117,0.046,0.012,1.170,1.370,2,NULL,NULL,,3,0,2,7,255,1402,250,0,0
stim,206973,237094,0,237094,3434424.454,-0.698,-0.050,0.057,0.712,1751,651,2781,2379,2840,2531,2357,2845,44,1.000,1,2246,1,36.008,0.224,-22.500,-13.563,-24.625,-0.125,-0.070,0.996,0.102,0.199,0.043,0.048,0.012,1.170,1.370,2,NULL,NULL,,3,0,2,7,255,1402,250,0,0
stim,206973,237094,0,237094,3434429.455,-0.698,-0.051,0.056,0.712,1661,635,2797,2314,2847,2530,2379,2853,44,1.000,1,2246,1,36.898,0.411,-23.500,-13.688,-24.938,-0.137,-0.070,1.016,0.359,0.199,0.043,0.048,0.012,1.170,1.370,2,NULL,NULL,,3,0,2,7,255,1402,250,0,0
stim,206973,237094,0,237094,3434434.454,-0.699,-0.051,0.055,0.711,1559,627,2824,2267,2861,2525,2407,2867,44,1.000,1,2246,1,38.264,0.421,-24.313,-13.563,-26.250,-0.125,-0.043,1.004,0.359,0.219,0.105,0.050,0.012,1.170,1.370,2,NULL,NULL,,3,0,2,7,255,1402,250,0,0
stim,207003,237124,0,237124,3434439.455,-0.700,-0.051,0.053,0.710,1435,615,2844,2217,2869,2509,2437,2867,44,1.000,1,2246,1,38.106,0.230,-24.125,-13.813,-26.063,-0.109,-0.020,0.996,0.070,0.219,0.105,0.052,0.012,1.170,1.370,2,NULL,NULL,,3,0,2,7,255,1402,250,0,0
stim,207003,237124,0,237124,3434444.453,-0.701,-0.052,0.052,0.710,1311,603,2856,2153,2869,2520,2451,2869,44,1.000,1,2246,1,35.182,0.356,-21.563,-13.813,-24.125,-0.098,-0.023,0.984,-0.156,0.320,-0.004,0.052,0.012,1.170,1.370,2,NULL,NULL,,3,0,2,7,255,1402,250,0,0
stim,207003,237124,0,237124,3434449.455,-0.701,-0.052,0.051,0.709,1243,587,2871,2087,2888,2505,2479,2877,44,1.000,1,2246,1,31.657,0.356,-19.063,-13.875,-21.125,-0.109,-0.043,0.988,-0.156,0.320,-0.051,0.052,0.014,1.170,1.370,2,NULL,NULL,,3,0,2,7,255,1402,250,0,0
stim,207003,237124,0,237124,3434454.454,-0.702,-0.052,0.050,0.709,1116,563,2891,2017,2886,2495,2491,2885,44,1.000,1,2246,1,28.814,0.305,-16.313,-14.000,-19.188,-0.121,-0.047,0.996,0.016,0.305,-0.051,0.052,0.014,1.170,1.370,2,NULL,NULL,,3,0,2,7,255,1402,250,0,0
stim,207021,237142,0,237142,3434459.455,-0.703,-0.052,0.049,0.708,1053,549,2897,1903,2892,2492,2509,2878,44,1.000,1,2246,1,29.294,0.212,-15.938,-14.375,-19.938,-0.121,-0.051,1.012,0.047,0.207,0.043,0.054,0.016,1.170,1.370,2,NULL,NULL,,3,0,2,7,255,1402,250,0,0
stim,207021,237142,0,237142,3434464.453,-0.703,-0.052,0.048,0.707,949,521,2909,1819,2905,2490,2527,2897,44,1.000,1,2246,1,29.680,0.212,-16.375,-14.500,-20.063,-0.117,-0.043,1.012,0.047,0.207,0.172,0.054,0.016,1.170,1.370,2,NULL,NULL,,3,0,2,7,255,1402,250,0,0
stim,207049,237170,0,237170,3434469.455,-0.704,-0.052,0.047,0.707,843,481,2931,1719,2920,2477,2555,2892,44,1.000,1,2246,1,29.783,0.228,-16.063,-14.625,-20.375,-0.109,-0.035,1.012,-0.023,0.227,0.172,0.056,0.016,1.170,1.370,2,NULL,NULL,,3,0,2,7,255,1402,250,0,0
stim,207049,237170,0,237170,3434474.454,-0.704,-0.052,0.046,0.706,711,437,2931,1621,2921,2473,2571,2893,44,1.000,1,2246,1,28.666,0.263,-15.750,-15.438,-18.313,-0.129,-0.031,1.027,-0.133,0.227,0.180,0.056,0.016,1.170,1.370,2,NULL,NULL,,3,0,2,7,255,1402,250,0,0
stim,207049,237170,0,237170,3434479.455,-0.705,-0.052,0.045,0.706,582,397,2936,1465,2932,2459,2588,2903,44,1.000,1,2246,1,31.667,0.190,-18.563,-16.375,-19.750,-0.152,-0.027,1.035,-0.172,0.082,0.340,0.058,0.018,1.170,1.370,2,NULL,NULL,,3,0,2,7,255,1402,250,0,0
stim,207049,237170,0,237170,3434484.453,-0.706,-0.052,0.044,0.705,499,368,2953,1323,2932,2451,2601,2909,44,1.000,1,2246,1,34.641,0.256,-18.125,-16.563,-24.438,-0.141,-0.023,1.008,-0.246,-0.070,0.340,0.058,0.018,1.170,1.370,2,NULL,NULL,,3,0,2,7,255,1402,250,0,0
stim,207049,237170,0,237170,3434489.455,-0.706,-0.052,0.043,0.705,377,347,2955,1195,2941,2439,2623,2909,44,1.000,1,2246,1,31.798,0.256,-12.500,-17.563,-23.375,-0.094,-0.047,0.980,-0.246,-0.070,0.160,0.060,0.018,1.170,1.370,2,NULL,NULL,,3,0,2,7,255,1402,250,0,0
stim,207049,237170,0,237170,3434494.453,-0.707,-0.052,0.042,0.704,295,327,2963,1045,2957,2424,2647,2909,44,1.000,1,2246,1,26.934,0.347,-8.000,-19.188,-17.125,-0.094,-0.055,1.016,-0.070,0.340,0.160,0.060,0.018,1.170,1.370,2,NULL,NULL,,3,0,2,7,255,1402,250,0,0
stim,207071,237192,0,237192,3434499.455,-0.707,-0.051,0.041,0.704,185,265,2971,893,2963,2411,2639,2909,44,1.000,1,2246,1,25.667,0.340,-8.688,-19.813,-13.813,-0.105,-0.070,1.043,-0.012,0.340,0.176,0.062,0.018,1.170,1.370,2,NULL,NULL,,3,0,2,7,255,1402,250,0,0
stim,207071,237192,0,237192,3434504.454,-0.708,-0.051,0.040,0.704,137,229,2985,773,2969,2397,2680,2919,44,1.000,1,2246,1,26.395,0.274,-10.375,-20.375,-13.188,-0.141,-0.070,1.031,0.121,0.246,0.414,0.062,0.018,1.170,1.370,2,NULL,NULL,,3,0,2,7,255,1402,250,0,0
stim,207071,237192,0,237192,3434509.455,-0.708,-0.051,0.039,0.703,81,189,2987,605,2954,2367,2685,2916,44,1.000,1,2246,1,29.531,0.158,-11.250,-21.563,-16.750,-0.145,-0.031,1.023,0.121,-0.102,0.414,0.062,0.020,1.170,1.370,2,NULL,NULL,,3,0,2,7,255,1402,250,0,0
stim,207071,237192,0,237192,3434514.453,-0.709,-0.050,0.038,0.703,43,153,3001,483,2967,2347,2708,2920,44,1.000,1,2246,1,30.335,0.200,-7.375,-23.563,-17.625,-0.090,-0.043,1.008,-0.172,-0.102,0.305,0.062,0.020,1.170,1.370,2,NULL,NULL,,3,0,2,7,255,1402,250,0,0
stim,207071,237192,0,237192,3434519.455,-0.709,-0.049,0.037,0.702,29,136,2999,363,2975,2328,2715,2921,44,1.000,1,2246,1,28.536,0.384,-2.063,-26.063,-11.438,-0.098,-0.035,1.051,-0.270,0.273,0.305,0.062,0.020,1.170,1.370,2,NULL,NULL,,3,0,2,7,255,1402,250,0,0
stim,207071,237192,0,237192,3434524.454,-0.709,-0.049,0.036,0.702,21,95,3013,227,2976,2311,2727,2927,44,1.000,1,2246,1,28.584,0.376,-1.688,-27.813,-6.375,-0.109,-0.035,1.066,-0.258,0.273,0.543,0.062,0.022,1.170,1.370,2,NULL,NULL,,3,0,2,7,255,1402,250,0,0
stim,207101,237222,0,237222,3434529.455,-0.710,-0.048,0.035,0.702,0,70,3019,151,2998,2277,2751,2934,44,1.000,1,2246,1,30.559,0.310,2.125,-29.938,-5.750,-0.168,-0.035,1.078,-0.270,0.152,0.688,0.062,0.022,1.170,1.370,2,NULL,NULL,,3,0,2,7,255,1402,250,0,0
stim,207101,237222,0,237222,3434534.453,-0.710,-0.047,0.034,0.702,0,41,3019,117,3013,2253,2759,2931,44,1.000,1,2246,1,34.819,0.382,1.438,-33.688,-8.688,-0.148,-0.051,1.102,-0.258,-0.281,0.867,0.062,0.024,1.170,1.370,2,NULL,NULL,,3,0,2,7,255,1402,250,0,0
stim,207101,237222,0,237222,3434539.455,-0.710,-0.045,0.033,0.702,0,35,3033,93,2999,2235,2771,2935,44,1.000,1,2246,1,38.610,0.471,9.125,-36.938,-6.563,-0.188,-0.082,1.195,-0.113,-0.457,1.082,0.062,0.026,1.170,1.370,2,NULL,NULL,,3,0,2,7,255,1402,250,0,0
stim,207101,237222,0,237222,3434544.454,-0.710,-0.043,0.032,0.702,0,33,3027,79,3013,2204,2789,2949,44,1.000,1,2246,0,47.328,0.574,16.250,-43.438,9.438,-0.230,-0.008,1.367,-0.113,-0.563,2.066,0.062,0.028,1.170,1.370,3,NULL,NULL,,3,0,2,7,255,1402,250,0,0
stim,207101,237222,0,237222,3434549.455,-0.710,-0.042,0.031,0.703,0,3,3025,57,3007,2181,2789,2935,44,1.000,1,2246,0,48.389,0.787,-13.750,-45.438,9.375,-0.207,-0.047,1.289,-0.250,-0.746,2.953,0.062,0.030,1.170,1.370,3,NULL,NULL,,3,0,2,7,255,1402,250,0,0
stim,207101,237222,0,237222,3434554.453,-0.709,-0.042,0.028,0.703,0,0,3032,30,3015,2151,2813,2939,44,1.000,1,2246,0,55.769,0.787,-30.938,-46.375,1.563,-0.164,-0.105,1.055,-0.250,-0.746,2.953,0.062,0.032,1.170,1.370,3,NULL,NULL,,3,0,2,7,255,1402,250,0,0
stim,207132,237253,0,237253,3434559.457,-0.709,-0.041,0.026,0.703,0,0,3039,0,3025,2093,2823,2952,44,1.000,1,2246,0,54.924,0.753,-20.625,-50.438,6.875,-0.109,-0.117,0.980,0.402,-0.637,0.668,0.062,0.032,1.170,1.370,3,NULL,NULL,,3,0,2,7,255,1402,250,0,0
stim,207132,237253,0,237253,3434564.454,-0.709,-0.040,0.024,0.704,0,0,3037,0,3022,2044,2833,2939,44,1.000,1,2246,0,55.121,0.753,-1.125,-53.688,12.438,-0.188,-0.102,1.000,0.402,-0.637,0.156,0.064,0.034,1.170,1.370,3,NULL,NULL,,3,0,2,7,255,1402,250,0,0
stim,207155,237276,0,237276,3434569.455,-0.709,-0.038,0.023,0.704,0,0,3039,0,3026,1999,2841,2939,44,1.000,1,2246,0,56.942,1.048,4.625,-56.688,2.750,-0.199,-0.105,1.070,0.391,-0.973,0.156,0.064,0.038,1.170,1.370,3,NULL,NULL,,3,0,2,7,255,1402,250,0,0
stim,207155,237276,0,237276,3434574.454,-0.709,-0.036,0.021,0.704,0,0,3050,0,3035,1917,2861,2941,44,1.000,1,2246,0,57.546,1.048,2.250,-57.375,-3.813,-0.137,-0.141,1.090,0.391,-0.973,0.848,0.062,0.044,1.170,1.370,3,NULL,NULL,,3,0,2,7,255,1402,250,0,0
stim,207155,237276,0,237276,3434579.455,-0.709,-0.034,0.019,0.704,0,0,3048,0,3036,1849,2873,2943,44,1.000,1,2246,0,60.668,0.865,-1.000,-60.563,3.438,-0.102,-0.152,1.113,0.703,-0.504,1.016,0.058,0.048,1.170,1.370,3,NULL,NULL,,3,0,2,7,255,1402,250,0,0
stim,207155,237276,0,237276,3434584.454,-0.708,-0.033,0.017,0.705,0,0,3036,0,3051,1785,2887,2940,44,1.000,1,2246,0,63.143,0.802,-4.063,-62.000,11.250,-0.113,-0.129,1.098,0.703,-0.387,1.035,0.054,0.052,1.170,1.370,3,NULL,NULL,,3,0,2,7,255,1402,250,0,0
stim,207155,237276,0,237276,3434589.455,-0.708,-0.031,0.015,0.705,0,0,3039,0,3051,1693,2887,2937,44,1.000,1,2246,0,66.055,0.709,-4.188,-64.750,12.375,-0.168,-0.082,1.070,0.594,-0.387,1.035,0.050,0.056,1.170,1.370,3,NULL,NULL,,3,0,2,7,255,1402,250,0,0
stim,207155,237276,0,237276,3434594.453,-0.708,-0.029,0.013,0.706,0,0,3042,0,3045,1614,2899,2939,44,1.000,1,2246,0,67.671,1.026,1.688,-67.500,4.500,-0.172,-0.059,1.063,0.145,-1.016,0.773,0.046,0.060,1.170,1.370,3,NULL,NULL,,3,0,2,7,255,1402,250,0,0
stim,207155,237276,0,237276,3434599.455,-0.708,-0.027,0.011,0.706,0,0,3045,0,3047,1520,2913,2935,44,1.000,1,2246,0,70.367,1.020,8.063,-69.875,-2.000,-0.148,-0.074,1.063,0.094,-1.016,0.688,0.040,0.066,1.170,1.370,3,NULL,NULL,,3,0,2,7,255,1402,250,0,0
stim,207155,237276,0,237276,3434604.453,-0.708,-0.024,0.009,0.706,0,0,3029,0,3055,1405,2867,2933,44,1.000,1,2246,0,72.908,0.954,7.063,-72.563,0.625,-0.051,-0.102,1.133,0.094,-0.949,0.688,0.032,0.072,1.170,1.370,3,NULL,NULL,,3,0,2,7,255,1402,250,0,0
stim,207155,237276,0,237276,3434609.455,-0.708,-0.022,0.007,0.706,0,0,3029,0,3053,1305,2873,2931,44,1.000,1,2246,0,75.192,0.494,-1.500,-74.688,8.563,-0.090,-0.090,1.141,0.188,-0.457,1.344,0.026,0.080,1.170,1.370,3,NULL,NULL,,3,0,2,7,255,1402,250,0,0
stim,207155,237276,0,237276,3434614.454,-0.707,-0.020,0.005,0.707,0,0,3021,0,3053,1207,2941,2923,44,1.000,1,2246,0,77.156,0.494,-2.750,-76.188,11.875,-0.086,-0.074,1.098,0.188,-0.457,1.344,0.022,0.084,1.170,1.370,3,NULL,NULL,,3,0,2,7,255,1402,250,0,0
stim,207183,237304,0,237304,3434619.455,-0.707,-0.017,0.002,0.707,0,0,3029,0,3064,1061,2951,2919,44,1.000,1,2246,0,78.951,0.514,-1.438,-78.563,7.688,-0.168,-0.031,1.031,0.078,-0.508,0.992,0.018,0.092,1.170,1.370,3,NULL,NULL,,3,0,2,7,255,1402,250,0,0
stim,207183,237304,0,237304,3434624.454,-0.707,-0.015,0.000,0.707,0,0,3007,0,3061,933,2943,2917,44,1.000,1,2246,0,83.920,1.072,14.563,-82.063,-9.813,-0.125,-0.047,0.977,-0.141,-1.063,0.336,0.018,0.098,1.170,1.370,3,NULL,NULL,,3,0,2,7,255,1402,250,0,0
stim,207183,237304,0,237304,3434629.455,-0.707,-0.011,-0.002,0.707,0,0,3005,0,3078,762,2953,2907,44,1.000,1,2246,0,86.702,1.073,17.438,-84.875,-3.063,0.031,-0.051,1.133,-0.152,-1.063,0.336,0.018,0.104,1.170,1.370,3,NULL,NULL,,3,0,2,7,255,1402,250,0,0
stim,207183,237304,0,237304,3434634.454,-0.707,-0.008,-0.004,0.707,0,0,3001,0,3065,665,2969,2903,44,1.000,1,2246,0,90.956,0.712,20.063,-88.500,6.188,-0.074,-0.039,1.094,-0.152,-0.695,0.934,0.020,0.110,1.170,1.370,3,NULL,NULL,,3,0,2,7,255,1402,250,0,0
stim,207183,237304,0,237304,3434639.455,-0.706,-0.005,-0.006,0.708,0,0,2988,0,3064,582,2968,2891,44,1.000,1,2246,0,93.784,0.727,19.813,-91.313,8.063,-0.066,0.004,1.164,-0.211,-0.695,1.289,0.022,0.116,1.170,1.370,3,NULL,NULL,,3,0,2,7,255,1402,250,0,0
stim,207183,237304,0,237304,3434644.453,-0.706,-0.001,-0.009,0.708,0,0,2987,0,3078,447,2983,2889,44,1.000,1,2246,0,94.453,0.943,7.000,-93.750,9.125,-0.047,0.016,1.242,-0.637,-0.695,1.594,0.024,0.122,1.170,1.370,3,NULL,NULL,,3,0,2,7,255,1402,250,0,0
stim,207216,237337,0,237337,3434649.455,-0.705,0.001,-0.012,0.709,0,0,2969,0,3079,316,2983,2867,44,1.000,1,2246,0,98.015,0.969,-4.375,-97.000,13.375,-0.066,0.000,1.191,-0.637,-0.730,1.855,0.024,0.128,1.170,1.370,3,NULL,NULL,,3,0,2,7,255,1402,250,0,0
stim,207216,237337,0,237337,3434654.454,-0.705,0.004,-0.015,0.709,0,0,2955,0,3067,199,2985,2852,44,1.000,1,2246,0,104.888,1.036,-7.125,-102.813,19.500,0.004,0.070,1.203,-0.809,-0.648,1.930,0.024,0.134,1.170,1.370,3,NULL,NULL,,3,0,2,7,255,1402,250,0,0
stim,207216,237337,0,237337,3434659.455,-0.704,0.007,-0.019,0.710,0,0,2939,0,3083,138,2995,2847,44,1.000,1,2246,0,109.559,1.428,-21.313,-103.938,27.313,-0.004,0.086,1.180,-1.328,-0.523,1.855,0.026,0.140,1.170,1.370,3,NULL,NULL,,3,0,2,7,255,1402,250,0,0
stim,207216,237337,0,237337,3434664.453,-0.703,0.010,-0.022,0.711,0,0,2933,0,3077,45,2999,2814,44,1.000,1,2246,0,112.411,1.428,-14.813,-108.188,26.688,-0.094,0.070,1.129,-1.328,-0.523,1.695,0.028,0.146,1.170,1.370,3,NULL,NULL,,3,0,2,7,255,1402,250,0,0
stim,207252,237373,0,237373,3434669.455,-0.702,0.013,-0.026,0.712,0,0,2910,0,3069,22,2997,2792,44,1.000,1,2246,0,113.599,1.952,-7.750,-111.688,19.250,-0.094,0.059,1.152,-1.281,-1.473,1.391,0.034,0.152,1.170,1.370,3,NULL,NULL,,3,0,2,7,255,1402,250,0,0
stim,207252,237373,0,237373,3434674.454,-0.701,0.016,-0.029,0.712,0,0,2894,0,3081,0,3007,2765,44,1.000,1,2246,0,116.617,2.000,-0.625,-116.125,10.688,-0.117,0.027,1.219,-1.203,-1.598,1.391,0.040,0.160,1.170,1.370,3,NULL,NULL,,3,0,2,7,255,1402,250,0,0
stim,207252,237373,0,237373,3434679.455,-0.701,0.020,-0.033,0.712,0,0,2884,0,3079,0,3003,2735,44,1.000,1,2246,0,120.612,2.241,-1.938,-120.500,4.813,-0.090,0.055,1.301,-1.203,-1.891,1.996,0.046,0.168,1.170,1.370,3,NULL,NULL,,3,0,2,7,255,1402,250,0,0
stim,207252,237373,0,237373,3434684.453,-0.700,0.023,-0.037,0.712,0,0,2856,0,3080,0,3017,2701,44,1.000,1,2246,0,124.581,2.241,-14.625,-123.500,7.375,-0.023,0.070,1.383,-1.203,-1.891,2.809,0.054,0.176,1.170,1.370,3,NULL,NULL,,3,0,2,7,255,1402,250,0,0
stim,207252,237373,0,237373,3434689.455,-0.699,0.026,-0.041,0.713,0,0,2839,0,3059,0,3015,2660,44,1.000,1,2246,0,131.410,2.222,-26.625,-127.375,18.313,-0.027,0.066,1.480,-1.418,-1.711,3.637,0.066,0.186,1.170,1.370,3,NULL,NULL,,3,0,2,7,255,1402,250,0,0
stim,207252,237373,0,237373,3434694.453,-0.698,0.029,-0.046,0.714,0,0,2799,0,3062,0,3005,2617,44,1.000,1,2246,0,141.478,2.252,-42.063,-131.750,29.813,-0.078,0.098,1.527,-1.465,-1.711,4.566,0.078,0.198,1.170,1.370,3,NULL,NULL,,3,0,2,7,255,1402,250,0,0
stim,207252,237373,0,237373,3434699.455,-0.697,0.031,-0.052,0.715,0,0,2761,0,3049,0,3007,2549,44,1.000,1,2246,0,152.869,3.041,-59.563,-137.000,32.438,-0.168,0.105,1.508,-1.840,-2.422,4.590,0.090,0.212,1.170,1.370,3,NULL,NULL,,3,0,2,7,255,1402,250,0,0
stim,207252,237373,0,237373,3434704.454,-0.696,0.034,-0.058,0.715,0,0,2731,0,3051,0,3005,2480,44,1.000,1,2246,0,156.309,3.906,-52.813,-145.188,23.750,-0.285,0.086,1.445,-1.840,-3.445,4.590,0.106,0.228,1.170,1.370,3,NULL,NULL,,3,0,2,7,255,1402,250,0,0
stim,207275,237396,1,237396,3434709.455,-0.695,0.038,-0.064,0.715,0,0,2687,0,3036,0,3019,2401,44,1.000,1,2246,0,161.264,5.015,-34.375,-157.500,4.250,-0.363,0.086,1.492,-1.781,-4.688,4.051,0.124,0.246,1.170,1.370,3,NULL,NULL,,3,1,2,7,255,1402,250,0,0
stim,207275,237396,1,237396,3434714.453,-0.695,0.042,-0.070,0.715,0,0,2647,0,3025,0,3003,2277,44,1.000,1,2246,0,172.646,5.238,-37.875,-168.313,-6.563,-0.246,0.098,1.590,-1.781,-4.926,4.051,0.146,0.268,1.170,1.370,3,NULL,NULL,,3,1,2,7,255,1402,250,0,0
stim,207275,237396,1,237396,3434719.455,-0.694,0.046,-0.077,0.714,0,0,2598,0,3014,0,2998,2171,44,1.000,1,2246,0,184.011,5.343,-49.188,-177.250,-4.813,-0.188,0.113,1.789,-2.043,-4.938,5.098,0.168,0.290,1.170,1.370,3,NULL,NULL,,3,1,2,7,255,1402,250,0,0
stim,207275,237396,1,237396,3434724.454,-0.693,0.050,-0.085,0.714,0,0,2548,0,2997,0,2990,2027,44,1.000,1,2246,0,203.181,5.441,-72.938,-189.500,7.250,-0.258,0.098,1.766,-2.285,-4.938,6.551,0.194,0.318,1.170,1.370,3,NULL,NULL,,3,1,2,7,255,1402,250,0,0
stim,207275,237396,1,237396,3434729.455,-0.692,0.054,-0.094,0.714,0,0,2463,0,2979,0,2975,1867,44,1.000,1,2246,0,218.655,6.339,-80.375,-203.125,9.500,-0.379,0.121,1.691,-2.410,-5.863,6.551,0.222,0.348,1.170,1.370,3,NULL,NULL,,3,1,2,7,255,1402,250,0,0
stim,207275,237396,1,237396,3434734.453,-0.691,0.058,-0.103,0.713,0,0,2393,0,2963,0,2967,1705,44,1.000,1,2246,0,233.443,7.600,-82.875,-218.188,-4.625,-0.395,0.184,1.746,-2.527,-7.168,5.727,0.252,0.378,1.170,1.370,3,NULL,NULL,,3,1,2,7,255,1402,250,0,0
stim,207304,237425,1,237425,3434739.455,-0.691,0.063,-0.113,0.712,0,0,2318,0,2937,0,2943,1563,44,1.000,1,2246,0,250.577,8.160,-86.313,-235.063,-9.188,-0.332,0.172,1.750,-3.297,-7.465,5.727,0.286,0.414,1.170,1.370,3,NULL,NULL,,3,1,2,7,255,1402,250,0,0
stim,207304,237425,1,237425,3434744.454,-0.689,0.068,-0.123,0.711,0,0,2261,0,2916,0,2919,1461,44,1.000,1,2246,0,271.311,8.164,-99.063,-252.563,-2.938,-0.262,0.273,1.699,-3.305,-7.465,5.727,0.324,0.452,1.170,1.370,3,NULL,NULL,,3,1,2,7,255,1402,250,0,0
stim,207304,237425,1,237425,3434749.455,-0.688,0.073,-0.135,0.710,0,0,2181,0,2888,0,2879,1389,44,1.000,1,2246,0,285.817,8.295,-98.125,-268.438,2.063,-0.188,0.352,1.629,-4.383,-7.043,5.168,0.362,0.492,1.170,1.370,3,NULL,NULL,,3,1,2,7,255,1402,250,0,0
stim,207304,237425,1,237425,3434754.454,-0.686,0.079,-0.145,0.709,0,0,2095,0,2856,0,2835,1297,44,1.000,1,2246,0,294.541,8.770,-75.438,-284.563,9.375,-0.234,0.391,1.770,-5.227,-7.043,5.168,0.402,0.534,1.170,1.370,3,NULL,NULL,,3,1,2,7,255,1402,250,0,0
stim,207304,237425,1,237425,3434759.455,-0.683,0.086,-0.157,0.708,0,0,2013,0,2811,0,2769,1204,44,1.000,1,2246,0,307.858,9.680,-66.625,-300.188,15.000,-0.336,0.426,2.086,-5.816,-7.738,5.324,0.446,0.580,1.170,1.370,3,NULL,NULL,,3,1,2,7,255,1402,250,0,0
stim,207304,237425,1,237425,3434764.453,-0.681,0.093,-0.169,0.707,0,0,1895,0,2773,0,2681,1133,44,1.000,1,2246,0,326.585,12.068,-86.375,-314.750,11.375,-0.336,0.590,2.316,-6.555,-10.133,7.578,0.498,0.630,1.170,1.370,3,NULL,NULL,,3,1,2,7,255,1402,250,0,0
stim,207349,237470,1,237470,3434769.455,-0.679,0.100,-0.182,0.704,0,0,1785,0,2715,0,2591,1039,44,1.000,1,2246,0,342.486,14.273,-118.188,-321.313,-9.313,-0.293,0.758,2.422,-8.555,-11.426,9.125,0.554,0.688,1.170,1.370,3,NULL,NULL,,3,1,2,7,255,1402,250,0,0
stim,207349,237470,1,237470,3434774.454,-0.677,0.106,-0.196,0.702,0,0,1657,0,2643,0,2467,919,44,1.000,1,2246,0,353.527,15.238,-134.750,-326.563,-13.438,-0.266,0.609,2.488,-9.422,-11.977,9.578,0.616,0.750,1.170,1.370,3,NULL,NULL,,3,1,2,7,255,1402,250,0,0
stim,207349,237470,1,237470,3434779.455,-0.674,0.112,-0.211,0.699,0,0,1495,0,2539,0,2314,853,44,1.000,1,2246,0,375.830,15.719,-157.750,-341.000,-9.063,-0.258,0.254,2.414,-9.422,-12.582,9.578,0.686,0.820,1.170,1.370,3,NULL,NULL,,3,1,2,7,255,1402,250,0,0
stim,207349,237470,1,237470,3434784.453,-0.672,0.117,-0.227,0.696,0,0,1326,0,2439,0,2097,793,44,1.000,1,2246,0,399.621,14.004,-190.563,-351.250,-2.438,-0.215,0.133,2.039,-6.148,-12.582,9.512,0.758,0.894,1.170,1.370,3,NULL,NULL,,3,1,2,7,255,1402,250,0,0
stim,207349,237470,1,237470,3434789.455,-0.669,0.122,-0.243,0.692,0,0,1141,0,2287,0,1837,709,44,1.000,1,2246,0,411.472,12.227,-189.750,-365.063,5.813,-0.188,0.059,1.629,-4.695,-11.289,6.262,0.832,0.968,1.170,1.370,3,NULL,NULL,,3,1,2,7,255,1402,250,0,0
stim,207349,237470,1,237470,3434794.454,-0.664,0.129,-0.259,0.689,0,0,964,0,2122,0,1513,679,44,1.000,1,2246,0,410.029,10.216,-154.688,-379.375,16.438,-0.012,-0.055,1.352,-3.488,-9.602,2.664,0.900,1.038,1.170,1.370,3,NULL,NULL,,3,1,2,7,255,1402,250,0,0
stim,207371,237492,1,237492,3434799.455,-0.659,0.137,-0.273,0.687,0,0,692,0,1911,0,1069,537,44,1.000,1,2246,0,403.376,7.550,-86.688,-393.125,25.500,0.066,-0.332,1.398,-2.160,-7.234,2.336,0.958,1.096,1.170,1.370,3,NULL,NULL,,3,1,2,7,255,1402,250,0,0
stim,207371,237492,1,237492,3434804.453,-0.653,0.147,-0.286,0.685,0,0,489,0,1658,0,604,453,44,1.000,1,2246,0,393.748,7.490,-43.938,-390.250,28.500,0.223,-0.160,1.602,-1.941,-7.234,2.336,1.008,1.148,1.170,1.370,3,NULL,NULL,,3,1,2,7,255,1402,250,0,0
stim,207371,237492,1,237492,3434809.455,-0.648,0.159,-0.296,0.684,0,0,287,0,1364,0,185,384,44,1.000,1,2246,0,381.695,7.732,16.438,-381.000,16.125,0.004,0.020,1.523,-1.941,-7.484,2.336,1.054,1.196,1.170,1.370,3,NULL,NULL,,3,1,2,7,255,1402,250,0,0
stim,207371,237492,1,237492,3434814.454,-0.641,0.172,-0.306,0.682,0,0,215,0,1081,0,2,298,44,1.000,1,2246,0,407.088,9.676,67.000,-401.438,8.938,0.039,-0.043,2.262,-3.219,-9.125,4.141,1.108,1.252,1.170,1.370,3,NULL,NULL,,3,1,2,7,255,1402,250,0,0
stim,207371,237492,1,237492,3434819.455,-0.634,0.183,-0.317,0.681,0,0,166,0,695,0,0,269,44,1.000,1,2246,0,403.773,14.333,-4.750,-401.313,44.250,0.090,-0.152,2.609,-3.441,-13.914,7.090,1.174,1.320,1.170,1.370,3,NULL,NULL,,3,1,2,7,255,1402,250,0,0
stim,207371,237492,1,237492,3434824.454,-0.625,0.190,-0.332,0.680,0,0,109,0,339,0,0,202,44,1.000,1,2246,0,431.257,16.233,-99.625,-402.438,118.750,-0.039,0.098,2.285,-3.867,-15.766,7.090,1.248,1.394,1.170,1.370,3,NULL,NULL,,3,1,2,7,255,1402,250,0,0
stim,207401,237522,1,237522,3434829.455,-0.615,0.195,-0.350,0.679,0,0,100,0,29,0,0,117,44,1.000,1,2246,0,467.365,16.585,-163.125,-402.625,172.375,-0.410,0.426,1.734,-5.148,-15.766,5.398,1.328,1.474,1.170,1.370,3,NULL,NULL,,3,1,2,7,255,1402,250,0,0
stim,207401,237522,1,237522,3434834.453,-0.605,0.198,-0.367,0.678,0,0,103,0,0,0,0,50,44,1.000,1,2246,0,466.542,16.381,-188.250,-386.750,180.688,-0.594,0.977,1.281,-6.793,-14.906,-2.246,1.408,1.556,1.170,1.370,3,NULL,NULL,,3,1,2,7,255,1402,250,0,0
stim,207401,237522,1,237522,3434839.455,-0.597,0.202,-0.383,0.675,0,0,91,0,0,0,0,25,44,1.000,1,2246,0,428.869,16.884,-188.313,-366.438,119.125,-0.637,1.316,1.156,-10.773,-13.000,-8.543,1.492,1.642,1.170,1.370,4,NULL,NULL,,3,1,2,7,255,1402,250,0,0
stim,207401,237522,1,237522,3434844.454,-0.591,0.206,-0.399,0.671,0,0,85,0,0,0,0,9,44,1.000,1,2246,0,406.913,18.359,-196.500,-348.000,76.563,-0.672,1.289,1.184,-13.266,-12.691,-11.199,1.578,1.728,1.170,1.370,0,NULL,NULL,,3,1,2,7,255,1402,250,0,0
stim,207401,237522,1,237522,3434849.455,-0.585,0.208,-0.415,0.666,0,0,87,0,0,0,0,6,44,1.000,1,2246,0,406.902,18.359,-234.625,-325.313,68.500,-0.758,0.820,1.316,-13.266,-12.691,-11.199,1.668,1.820,1.170,1.370,0,NULL,NULL,,3,1,2,7,255,1402,250,0,0
stim,207401,237522,1,237522,3434854.453,-0.579,0.206,-0.432,0.660,0,0,89,0,0,0,0,23,44,1.000,1,2246,0,437.828,15.584,-314.938,-292.250,84.250,-0.594,0.723,1.129,-9.043,-12.691,-10.898,1.756,1.908,1.170,1.370,0,NULL,NULL,,3,1,2,7,255,1402,250,0,0
stim,207427,237548,1,237548,3434859.455,-0.577,0.204,-0.448,0.652,0,0,85,0,0,0,0,46,44,1.000,1,2246,0,424.995,14.433,-342.625,-249.688,29.750,-0.297,0.453,0.715,-8.152,-11.910,-10.844,1.838,1.990,1.170,1.370,0,NULL,NULL,,3,1,2,7,255,1402,250,0,0
stim,207427,237548,1,237548,3434864.454,-0.575,0.203,-0.461,0.644,0,0,87,0,0,0,0,73,44,1.000,1,2246,0,346.044,8.883,-275.938,-208.063,-17.750,-0.230,-0.141,0.414,-5.434,-7.027,-10.164,1.908,2.062,1.170,1.370,0,NULL,NULL,,3,1,2,7,255,1402,250,0,0
stim,207454,237575,1,237575,3434869.455,-0.574,0.203,-0.471,0.638,0,0,79,0,0,0,0,97,44,1.000,1,2246,0,274.384,7.049,-214.000,-170.313,-22.000,-0.199,-0.348,0.676,0.555,-7.027,-9.137,1.970,2.124,1.170,1.370,0,NULL,NULL,,3,1,2,7,255,1402,250,0,0
stim,207454,237575,1,237575,3434874.454,-0.574,0.201,-0.480,0.632,0,0,80,0,0,0,0,119,44,1.000,1,2246,0,258.077,5.264,-227.125,-120.500,-22.313,-0.094,-0.203,0.539,0.555,-5.234,-7.445,2.022,2.178,1.170,1.370,0,NULL,NULL,,3,1,2,7,255,1402,250,0,0
stim,207454,237575,1,237575,3434879.455,-0.575,0.197,-0.489,0.626,0,0,79,0,0,0,0,109,44,1.000,1,2246,0,262.465,5.240,-254.188,-63.313,-16.375,0.035,0.148,-0.051,0.234,-5.234,-7.445,2.066,2.224,1.170,1.370,0,NULL,NULL,,3,1,2,7,255,1402,250,0,0
stim,207454,237575,1,237575,3434884.453,-0.577,0.191,-0.495,0.620,0,0,81,0,0,0,0,115,44,1.000,1,2246,0,233.492,1.521,-233.438,-2.875,-4.125,0.145,0.453,-0.750,-1.316,0.762,-10.328,2.094,2.254,1.170,1.370,0,NULL,NULL,,3,1,2,7,255,1402,250,0,0
stim,207454,237575,1,237575,3434889.455,-0.579,0.185,-0.498,0.618,0,0,79,0,0,0,0,110,44,1.000,1,2246,0,155.237,7.707,-144.000,54.125,20.813,0.293,0.359,-1.094,-1.316,7.594,-13.516,2.096,2.256,1.170,1.370,0,NULL,NULL,,3,1,2,7,255,1402,250,0,0
stim,207454,237575,1,237575,3434894.454,-0.580,0.181,-0.497,0.620,0,0,72,0,0,0,0,107,44,1.000,1,2246,0,114.971,9.332,-33.063,94.063,57.250,0.059,0.246,-1.070,0.051,9.332,-13.598,2.090,2.250,1.170,1.370,0,NULL,NULL,,3,1,2,7,255,1402,250,0,0
stim,207454,237575,1,237575,3434899.455,-0.581,0.178,-0.492,0.623,0,0,61,0,0,0,0,103,44,1.000,1,2246,0,154.027,9.474,59.875,128.750,59.688,-0.121,-0.027,-0.672,1.633,9.332,-13.535,2.076,2.236,1.170,1.370,0,NULL,NULL,,3,1,2,7,255,1402,250,0,0
stim,207454,237575,1,237575,3434904.453,-0.582,0.174,-0.486,0.628,0,0,53,0,0,0,0,101,44,1.000,1,2246,0,193.767,5.250,98.188,151.875,69.563,-0.176,-0.094,-0.363,2.527,4.602,-13.535,2.058,2.220,1.170,1.370,0,NULL,NULL,,3,1,2,7,255,1402,250,0,0
stim,207454,237575,1,237575,3434909.455,-0.582,0.171,-0.479,0.634,0,0,53,0,0,0,0,95,44,1.000,1,2246,0,217.987,3.048,122.188,163.688,76.125,-0.340,0.160,-0.305,2.527,1.703,-13.535,2.042,2.204,1.170,1.370,0,NULL,NULL,,3,1,2,7,255,1402,250,0,0
stim,207454,237575,1,237575,3434914.454,-0.583,0.169,-0.471,0.640,0,0,49,0,0,0,0,82,44,1.000,1,2246,0,246.983,0.825,150.625,177.500,82.500,-0.266,0.180,-0.148,0.473,0.676,-13.250,2.028,2.190,1.170,1.370,0,NULL,NULL,,3,1,2,7,255,1402,250,0,0
stim,207485,237606,1,237606,3434919.455,-0.583,0.166,-0.462,0.648,0,0,42,0,0,0,0,75,44,1.000,1,2246,0,268.819,0.482,169.313,180.875,104.313,-0.375,0.301,-0.055,-0.449,-0.176,-14.105,2.014,2.178,1.170,1.370,0,NULL,NULL,,3,1,2,7,255,1402,250,0,0
stim,207485,237606,1,237606,3434924.454,-0.582,0.163,-0.453,0.655,0,0,37,0,0,0,0,71,44,1.000,1,2246,0,281.048,2.136,183.563,184.688,105.750,-0.551,0.438,0.125,-1.555,-1.465,-14.105,2.008,2.172,1.170,1.370,0,NULL,NULL,,3,1,2,7,255,1402,250,0,0
stim,207485,237606,1,237606,3434929.455,-0.582,0.161,-0.443,0.663,0,0,37,0,0,0,0,57,44,1.000,1,2246,0,289.838,4.150,198.188,186.688,99.375,-0.574,0.199,0.215,-1.555,-3.848,-14.105,2.006,2.172,1.170,1.370,0,NULL,NULL,,3,1,2,7,255,1402,250,0,0
stim,207485,237606,1,237606,3434934.454,-0.581,0.159,-0.433,0.670,0,0,37,0,0,0,0,55,44,1.000,1,2246,0,296.919,5.255,207.063,186.938,101.688,-0.578,0.207,0.363,-1.516,-5.031,-13.594,2.010,2.176,1.170,1.370,0,NULL,NULL,,3,1,2,7,255,1402,250,0,0
stim,207485,237606,1,237606,3434939.455,-0.581,0.157,-0.423,0.678,0,0,37,0,0,0,0,51,44,1.000,1,2246,0,294.429,6.443,207.063,185.875,96.250,-0.684,0.313,0.551,-1.516,-6.262,-12.707,2.020,2.188,1.170,1.370,0,NULL,NULL,,3,1,2,7,255,1402,250,0,0
stim,207485,237606,1,237606,3434944.454,-0.581,0.155,-0.412,0.685,0,0,35,0,0,0,0,51,44,1.000,1,2246,0,283.435,8.747,200.750,185.750,74.375,-0.734,0.328,0.711,-2.676,-8.328,-12.648,2.038,2.208,1.170,1.370,0,NULL,NULL,,3,1,2,7,255,1402,250,0,0
stim,207515,237636,1,237636,3434949.455,-0.581,0.153,-0.403,0.690,0,0,36,0,0,0,0,56,44,1.000,1,2246,0,265.883,10.408,182.813,186.375,50.375,-0.676,0.258,0.914,-3.094,-9.938,-11.898,2.062,2.232,1.170,1.370,0,NULL,NULL,,3,1,2,7,255,1402,250,0,0
stim,207515,237636,1,237636,3434954.453,-0.583,0.151,-0.393,0.695,0,0,29,0,0,0,0,61,44,1.000,1,2246,0,247.213,11.453,154.250,189.438,37.875,-0.574,0.148,1.000,-3.094,-11.027,-9.793,2.092,2.264,1.170,1.370,0,NULL,NULL,,3,1,2,7,255,1402,250,0,0
stim,207515,237636,0,237636,3434959.455,-0.585,0.148,-0.385,0.699,0,0,25,0,0,0,0,75,44,1.000,1,2246,0,231.642,11.377,123.063,194.000,29.625,-0.551,0.137,1.035,-2.609,-11.074,-7.934,2.126,2.300,1.170,1.370,0,NULL,NULL,,3,0,2,7,255,1400,250,0,0
stim,207515,237636,0,237636,3434964.454,-0.587,0.144,-0.377,0.702,0,0,20,0,0,0,0,101,44,1.000,1,2246,0,222.502,11.326,94.063,201.250,12.563,-0.563,0.141,1.012,-2.586,-11.027,-7.305,2.168,2.342,1.170,1.370,0,NULL,NULL,,3,0,2,7,255,1400,250,0,0
stim,207567,237688,0,237688,3434969.455,-0.591,0.139,-0.369,0.704,0,0,13,0,0,0,0,109,44,1.000,1,2246,0,223.554,11.217,72.938,211.188,-7.500,-0.484,0.086,0.934,-2.555,-10.922,-7.281,2.212,2.386,1.170,1.370,0,NULL,NULL,,3,0,2,7,255,1400,250,0,0
stim,207567,237688,0,237688,3434974.454,-0.595,0.135,-0.361,0.706,0,0,13,0,0,0,0,117,44,1.000,1,2246,0,230.548,10.020,58.000,222.125,-21.188,-0.445,0.027,0.879,-2.086,-9.801,-6.938,2.258,2.434,1.170,1.370,0,NULL,NULL,,3,0,2,7,255,1400,250,0,0
stim,207567,237688,0,237688,3434979.455,-0.599,0.129,-0.354,0.707,0,0,11,0,0,0,0,119,44,1.000,1,2246,0,241.239,9.208,46.688,234.375,-32.938,-0.402,0.027,0.785,-1.543,-9.078,-6.867,2.308,2.486,1.170,1.370,0,NULL,NULL,,3,0,2,7,255,1400,250,0,0
stim,207567,237688,0,237688,3434984.454,-0.604,0.124,-0.345,0.707,0,0,17,0,0,0,0,123,44,1.000,1,2246,0,253.485,8.208,44.438,246.000,-42.000,-0.355,0.016,0.680,-1.457,-8.078,-6.867,2.358,2.536,1.170,1.370,0,NULL,NULL,,3,0,2,7,255,1400,250,0,0
stim,207567,237688,0,237688,3434989.455,-0.609,0.118,-0.337,0.708,0,0,13,0,0,0,0,120,44,1.000,1,2246,0,265.413,7.098,49.750,256.063,-49.000,-0.340,0.004,0.633,-1.199,-6.996,-7.125,2.404,2.586,1.170,1.370,0,NULL,NULL,,3,0,2,7,255,1400,250,0,0
stim,207567,237688,0,237688,3434994.453,-0.615,0.112,-0.328,0.708,0,0,13,0,0,0,0,123,44,1.000,1,2246,0,277.648,6.599,57.688,265.500,-57.188,-0.285,-0.051,0.566,-1.047,-6.516,-7.125,2.450,2.632,1.170,1.370,0,NULL,NULL,,3,0,2,7,255,1400,250,0,0
stim,207567,237688,0,237688,3434999.455,-0.620,0.107,-0.318,0.709,0,0,11,0,0,0,0,123,44,1.000,1,2246,0,288.690,5.653,74.938,273.625,-53.438,-0.188,-0.082,0.496,-0.523,-5.629,-7.047,2.494,2.676,1.170,1.370,0,NULL,NULL,,3,0,2,7,255,1400,250,0,0
stim,207567,237688,0,237688,3435004.454,-0.626,0.102,-0.307,0.710,0,0,16,0,0,0,0,124,44,1.000,1,2246,0,298.291,5.194,95.250,278.750,-46.938,-0.250,-0.035,0.563,-0.523,-5.168,-6.820,2.534,2.718,1.170,1.370,0,NULL,NULL,,3,0,2,7,255,1400,250,0,0
stim,207568,237689,0,237689,3435009.455,-0.631,0.097,-0.296,0.711,0,0,10,0,0,0,0,134,44,1.000,1,2246,0,308.496,5.226,107.000,283.875,-56.000,-0.242,-0.039,0.641,-0.777,-5.168,-6.703,2.574,2.760,1.170,1.370,0,NULL,NULL,,3,0,2,7,255,1400,250,0,0
stim,207568,237689,0,237689,3435014.453,-0.636,0.092,-0.284,0.712,0,0,14,0,0,0,0,138,44,1.000,1,2246,0,317.011,5.226,121.875,286.313,-60.563,-0.117,-0.148,0.559,-0.777,-5.168,-5.895,2.608,2.794,1.170,1.370,0,NULL,NULL,,3,0,2,7,255,1400,250,0,0
stim,207568,237689,0,237689,3435019.455,-0.641,0.088,-0.271,0.713,0,0,10,0,0,0,0,141,44,1.000,1,2246,0,329.591,3.871,153.500,286.250,-55.938,-0.125,-0.137,0.566,0.000,-3.871,-5.500,2.634,2.822,1.170,1.370,0,NULL,NULL,,3,0,2,7,255,1400,250,0,0
stim,207568,237689,0,237689,3435024.454,-0.646,0.085,-0.257,0.714,0,0,11,0,0,0,0,140,44,1.000,1,2246,0,345.615,3.871,182.563,287.813,-57.313,-0.094,-0.004,0.703,0.000,-3.871,-5.387,2.658,2.848,1.170,1.370,0,NULL,NULL,,3,0,2,7,255,1400,250,0,0
stim,207589,237710,0,237710,3435029.455,-0.650,0.083,-0.242,0.716,0,0,10,0,0,0,0,137,44,1.000,1,2246,0,356.394,4.446,201.500,288.938,-54.125,-0.086,0.035,0.871,-1.578,-4.156,-4.406,2.680,2.870,1.170,1.370,0,NULL,NULL,,3,0,2,7,255,1400,250,0,0
stim,207589,237710,0,237710,3435034.454,-0.654,0.080,-0.227,0.717,0,0,11,0,0,0,0,139,44,1.000,1,2246,0,359.931,5.089,206.813,291.250,-44.188,-0.039,-0.020,1.020,-1.980,-4.688,-2.898,2.696,2.888,1.170,1.370,0,NULL,NULL,,3,0,2,7,255,1400,250,0,0
stim,207589,237711,0,237711,3435039.455,-0.657,0.077,-0.212,0.719,0,0,7,0,0,0,0,133,44,1.000,1,2246,0,360.685,5.163,208.375,292.625,-32.313,-0.094,0.004,1.078,-2.121,-4.707,-1.164,2.714,2.906,1.170,1.370,0,NULL,NULL,,3,0,2,7,255,1400,250,0,0
stim,207589,237711,0,237711,3435044.453,-0.660,0.075,-0.197,0.721,0,0,11,0,0,0,0,135,44,1.000,1,2246,0,367.898,5.619,216.125,295.875,-33.125,-0.156,0.055,1.160,-2.121,-5.203,-0.758,2.732,2.924,1.170,1.370,0,NULL,NULL,,3,0,2,7,255,1400,250,0,0
stim,207614,237735,0,237735,3435049.455,-0.664,0.072,-0.181,0.722,0,0,9,0,0,0,0,136,44,1.000,1,2246,0,374.170,6.260,224.750,296.938,-36.313,-0.160,0.023,1.297,-2.254,-5.840,-0.191,2.750,2.944,1.170,1.370,0,NULL,NULL,,3,0,2,7,255,1400,250,0,0
stim,207614,237735,0,237735,3435054.454,-0.667,0.070,-0.166,0.723,0,0,10,0,0,0,0,136,44,1.000,1,2246,0,372.729,6.551,220.313,298.000,-39.813,-0.164,0.039,1.465,-2.473,-6.066,1.270,2.774,2.970,1.170,1.370,0,NULL,NULL,,3,0,2,7,255,1400,250,0,0
stim,207614,237735,0,237735,3435059.455,-0.670,0.067,-0.150,0.724,0,0,9,0,0,0,0,133,44,1.000,1,2246,0,366.168,6.736,208.125,298.750,-38.875,-0.156,0.066,1.559,-2.473,-6.266,2.957,2.802,2.998,1.170,1.370,0,NULL,NULL,,3,0,2,7,255,1400,250,0,0
stim,207614,237735,0,237735,3435064.453,-0.673,0.063,-0.135,0.725,0,0,9,0,0,0,0,141,44,1.000,1,2246,0,358.306,6.841,194.188,298.063,-42.813,-0.207,0.055,1.672,-2.473,-6.379,4.023,2.832,3.028,1.170,1.370,0,NULL,NULL,,3,0,2,7,255,1400,250,0,0
stim,207658,237779,0,237779,3435069.455,-0.676,0.059,-0.121,0.725,0,0,13,0,0,0,0,150,44,1.000,1,2246,0,346.311,6.807,172.438,296.375,-48.563,-0.164,0.090,1.715,-2.660,-6.266,5.156,2.864,3.062,1.170,1.370,0,NULL,NULL,,3,0,2,7,255,1400,250,0,0
stim,207658,237779,0,237779,3435074.454,-0.678,0.055,-0.107,0.725,0,0,17,0,0,0,0,154,44,1.000,1,2246,0,335.942,6.433,153.938,294.875,-47.000,-0.129,0.070,1.680,-2.418,-5.961,5.773,2.900,3.098,1.170,1.370,0,NULL,NULL,,3,0,2,7,255,1400,250,0,0
stim,207658,237779,0,237779,3435079.455,-0.681,0.050,-0.094,0.724,0,0,17,0,0,0,0,154,44,1.000,1,2246,0,329.102,5.608,140.938,292.625,-53.063,-0.164,0.004,1.730,-2.277,-5.125,5.813,2.934,3.134,1.170,1.370,0,NULL,NULL,,3,0,2,7,255,1400,250,0,0
stim,207658,237779,0,237779,3435084.453,-0.684,0.045,-0.081,0.723,0,0,17,0,0,0,0,153,44,1.000,1,2246,0,318.319,5.323,122.188,288.563,-55.938,-0.059,-0.012,1.590,-1.492,-5.109,5.773,2.968,3.168,1.170,1.370,0,NULL,NULL,,3,0,2,7,255,1400,250,0,0
stim,207658,237779,0,237779,3435089.455,-0.687,0.040,-0.068,0.722,0,0,13,0,0,0,0,151,44,1.000,1,2246,0,318.251,3.598,126.563,287.188,-52.813,-0.055,-0.121,1.484,-1.137,-3.414,5.395,2.996,3.198,1.170,1.370,0,NULL,NULL,,3,0,2,7,255,1400,250,0,0
stim,207658,237779,0,237779,3435094.454,-0.689,0.035,-0.055,0.721,0,0,13,0,0,0,0,157,44,1.000,1,2246,0,317.740,2.820,129.313,285.875,-50.125,0.031,-0.039,1.531,-0.570,-2.762,5.102,3.022,3.224,1.170,1.370,0,NULL,NULL,,3,0,2,7,255,1400,250,0,0
stim,207658,237779,0,237779,3435099.455,-0.691,0.030,-0.043,0.721,0,0,16,0,0,0,0,165,44,1.000,1,2246,0,314.870,1.815,127.563,285.313,-38.313,-0.023,-0.047,1.516,-0.348,-1.781,4.957,3.044,3.246,1.170,1.370,0,NULL,NULL,,3,0,2,7,255,1400,250,0,0
stim,207658,237779,0,237779,3435104.454,-0.693,0.025,-0.030,0.720,0,0,18,0,0,0,0,169,44,1.000,1,2246,0,316.664,1.711,129.938,285.250,-45.000,-0.031,-0.039,1.531,-0.348,-1.676,5.102,3.060,3.262,1.170,1.370,0,NULL,NULL,,3,0,2,7,255,1400,250,0,0
stim,207658,237779,0,237779,3435109.455,-0.695,0.020,-0.017,0.719,0,0,16,0,0,0,0,167,44,1.000,1,2246,0,316.444,1.551,133.625,285.000,-32.500,-0.008,0.016,1.625,-0.348,-1.512,5.148,3.072,3.276,1.170,1.370,0,NULL,NULL,,3,0,2,7,255,1400,250,0,0
stim,207658,237779,0,237779,3435114.453,-0.696,0.015,-0.004,0.718,0,0,16,0,0,0,0,170,44,1.000,1,2246,0,314.151,1.325,128.500,284.375,-36.188,-0.082,-0.008,1.648,-0.270,-1.297,6.094,3.082,3.286,1.170,1.370,0,NULL,NULL,,3,0,2,7,255,1400,250,0,0
stim,207683,237804,0,237804,3435119.457,-0.697,0.010,0.009,0.717,0,0,21,0,0,0,0,169,44,1.000,1,2246,0,313.064,1.004,130.938,282.813,-29.688,-0.027,-0.008,1.672,-0.250,-0.973,6.313,3.090,3.294,1.170,1.370,0,NULL,NULL,,3,0,2,7,255,1400,250,0,0
stim,207683,237804,0,237804,3435124.454,-0.698,0.005,0.021,0.716,0,0,17,0,0,0,0,170,44,1.000,1,2246,0,310.720,0.428,130.188,281.188,-23.063,-0.043,0.035,1.691,-0.250,-0.348,6.594,3.094,3.298,1.170,1.370,0,NULL,NULL,,3,0,2,7,255,1400,250,0,0
stim,207683,237804,0,237804,3435129.455,-0.699,0.000,0.034,0.715,0,0,20,0,0,0,0,172,44,1.000,1,2246,0,309.034,0.348,134.313,277.688,-18.750,-0.094,0.055,1.789,-0.309,-0.160,6.781,3.096,3.302,1.170,1.370,0,NULL,NULL,,3,0,2,7,255,1400,250,0,0
stim,207683,237804,0,237804,3435134.453,-0.699,-0.004,0.046,0.714,0,0,17,0,0,0,0,171,44,1.000,1,2246,0,303.499,0.347,124.938,275.875,-19.875,-0.031,0.125,1.793,-0.328,-0.113,7.770,3.094,3.302,1.170,1.370,0,NULL,NULL,,3,0,2,7,255,1400,250,0,0
stim,207701,237822,0,237822,3435139.455,-0.699,-0.009,0.058,0.713,0,0,17,0,0,0,0,171,44,1.000,1,2246,0,300.869,0.928,132.188,270.000,-12.188,-0.016,0.008,1.820,-0.309,0.875,7.785,3.092,3.300,1.170,1.370,0,NULL,NULL,,3,0,2,7,255,1400,250,0,0
stim,207701,237822,0,237822,3435144.454,-0.699,-0.013,0.071,0.712,0,0,21,0,0,0,0,169,44,1.000,1,2246,0,298.323,1.579,127.750,269.438,-8.938,0.039,0.133,1.863,-0.516,1.492,7.961,3.084,3.292,1.170,1.370,0,NULL,NULL,,3,0,2,7,255,1400,250,0,0
stim,207701,237822,0,237822,3435149.455,-0.698,-0.017,0.083,0.711,0,0,18,0,0,0,0,167,44,1.000,1,2246,0,297.241,2.528,136.875,263.813,4.500,0.102,0.012,1.852,0.527,2.473,7.992,3.072,3.280,1.170,1.370,0,NULL,NULL,,3,0,2,7,255,1400,250,0,0
stim,207701,237822,0,237822,3435154.453,-0.697,-0.021,0.095,0.710,0,0,21,0,0,0,0,171,44,1.000,1,2246,0,299.310,3.513,140.875,264.000,6.688,0.074,0.141,1.973,-0.102,3.512,8.336,3.056,3.262,1.170,1.370,0,NULL,NULL,,3,0,2,7,255,1400,250,0,0
stim,207727,237848,0,237848,3435159.458,-0.696,-0.025,0.107,0.709,0,0,17,0,0,0,0,171,44,1.000,1,2246,0,296.938,3.811,136.063,263.688,11.313,0.160,0.129,1.988,0.227,3.805,9.078,3.034,3.242,1.170,1.370,0,NULL,NULL,,3,0,2,7,255,1400,250,0,0
stim,207727,237848,0,237848,3435164.454,-0.695,-0.029,0.119,0.708,0,0,17,0,0,0,0,168,44,1.000,1,2246,0,300.634,5.118,139.813,265.875,12.000,0.270,0.102,2.027,0.227,5.113,9.086,3.006,3.214,1.170,1.370,0,NULL,NULL,,3,0,2,7,255,1400,250,0,0
stim,207770,237891,0,237891,3435169.455,-0.693,-0.032,0.132,0.708,0,0,21,0,0,0,0,171,44,1.000,1,2246,0,303.770,6.708,140.188,267.813,30.000,0.270,0.133,2.043,0.652,6.676,9.086,2.974,3.180,1.170,1.370,0,NULL,NULL,,3,0,2,7,255,1400,250,0,0
stim,207770,237891,0,237891,3435174.454,-0.691,-0.036,0.144,0.707,0,0,13,0,0,0,0,169,44,1.000,1,2246,0,306.931,7.170,140.438,271.250,30.125,0.336,0.176,2.117,0.652,7.141,9.098,2.938,3.144,1.170,1.370,0,NULL,NULL,,3,0,2,7,255,1400,250,0,0
stim,207770,237891,0,237891,3435179.455,-0.689,-0.041,0.157,0.707,0,0,13,0,0,0,0,167,44,1.000,1,2246,0,308.139,8.435,139.500,272.563,34.625,0.336,0.109,2.211,0.652,8.410,9.484,2.898,3.104,1.170,1.370,0,NULL,NULL,,3,0,2,7,255,1400,250,0,0
stim,207770,237891,0,237891,3435184.453,-0.686,-0.045,0.169,0.706,0,0,17,0,0,0,0,169,44,1.000,1,2246,0,302.830,9.197,122.188,273.438,44.813,0.383,0.176,2.238,1.020,9.141,10.039,2.852,3.058,1.170,1.370,0,NULL,NULL,,3,0,2,7,255,1400,250,0,0
stim,207770,237891,0,237891,3435189.455,-0.683,-0.050,0.181,0.706,0,0,13,0,0,0,0,171,44,1.000,1,2246,0,297.129,10.232,110.938,271.375,48.313,0.410,0.121,2.191,1.477,10.125,10.039,2.806,3.012,1.170,1.370,0,NULL,NULL,,3,0,2,7,255,1400,250,0,0
stim,207770,237891,0,237891,3435194.454,-0.679,-0.055,0.192,0.706,0,0,17,0,0,0,0,171,44,1.000,1,2246,0,294.932,10.792,109.063,267.750,58.313,0.492,0.109,2.125,1.633,10.668,9.168,2.758,2.962,1.170,1.370,0,NULL,NULL,,3,0,2,7,255,1400,250,0,0
stim,207770,237891,0,237891,3435199.455,-0.675,-0.059,0.203,0.706,0,0,20,0,0,0,0,179,44,1.000,1,2246,0,289.567,11.766,104.313,261.813,66.500,0.484,0.094,2.090,1.711,11.641,8.004,2.704,2.906,1.170,1.370,0,NULL,NULL,,3,0,2,7,255,1400,250,0,0
stim,207770,237891,0,237891,3435204.453,-0.672,-0.063,0.214,0.706,0,0,20,0,0,0,0,181,44,1.000,1,2246,0,282.269,12.035,103.188,254.063,66.938,0.539,0.008,2.063,1.910,11.883,7.410,2.648,2.850,1.170,1.370,0,NULL,NULL,,3,0,2,7,255,1400,250,0,0
stim,207770,237891,0,237891,3435209.455,-0.668,-0.068,0.225,0.707,0,0,17,0,0,0,0,189,44,1.000,1,2246,0,272.619,12.921,97.250,245.438,68.000,0.648,0.004,2.012,2.660,12.645,6.527,2.590,2.792,1.170,1.370,0,NULL,NULL,,3,0,2,7,255,1400,250,0,0
stim,207770,237891,0,237891,3435214.454,-0.664,-0.072,0.235,0.707,0,0,18,0,0,0,0,211,44,1.000,1,2246,0,262.089,13.521,91.875,234.313,73.125,0.633,-0.141,1.832,2.770,13.234,5.363,2.532,2.732,1.170,1.370,0,NULL,NULL,,3,0,2,7,255,1400,250,0,0
stim,207770,237891,0,237891,3435219.455,-0.659,-0.075,0.244,0.707,0,0,19,0,0,0,0,217,44,1.000,1,2246,0,255.113,13.775,98.875,224.000,71.625,0.594,-0.180,1.711,3.820,13.234,3.262,2.472,2.670,1.170,1.370,0,NULL,NULL,,3,0,2,7,255,1400,250,0,0
stim,207770,237891,0,237891,3435224.454,-0.656,-0.078,0.254,0.707,0,0,21,0,0,0,0,231,44,1.000,1,2246,0,248.484,13.837,110.625,214.188,60.250,0.750,-0.297,1.570,4.039,13.234,1.996,2.410,2.608,1.170,1.370,0,NULL,NULL,,3,0,2,7,255,1400,250,0,0
stim,207801,237922,0,237922,3435229.455,-0.652,-0.080,0.264,0.706,0,0,23,0,0,0,0,250,44,1.000,1,2246,0,248.184,14.443,126.000,200.000,75.625,0.758,-0.391,1.527,4.781,13.629,-0.426,2.348,2.544,1.170,1.370,0,NULL,NULL,,3,0,2,7,255,1400,250,0,0
stim,207801,237922,0,237922,3435234.454,-0.648,-0.081,0.274,0.706,0,0,21,0,0,0,0,263,44,1.000,1,2246,0,244.607,14.743,135.438,187.188,80.313,0.645,-0.434,1.547,5.621,13.629,-1.043,2.282,2.478,1.170,1.370,0,NULL,NULL,,3,0,2,7,255,1400,250,0,0
stim,207801,237922,0,237922,3435239.455,-0.645,-0.082,0.283,0.705,0,0,22,0,0,0,0,281,44,1.000,1,2246,0,230.531,14.444,139.500,173.875,58.750,0.590,-0.535,1.504,6.262,13.016,-1.344,2.216,2.410,1.170,1.370,0,NULL,NULL,,3,0,2,7,255,1400,250,0,0
stim,207801,237922,0,237922,3435244.453,-0.642,-0.082,0.293,0.704,0,0,25,0,0,0,0,301,44,1.000,1,2246,0,224.233,14.927,150.875,158.938,47.500,0.699,-0.648,1.441,7.309,13.016,-1.691,2.144,2.340,1.170,1.370,0,NULL,NULL,,3,0,2,7,255,1400,250,0,0
stim,207801,237922,0,237922,3435249.455,-0.639,-0.081,0.302,0.703,0,0,23,0,0,0,0,314,44,1.000,1,2246,0,221.244,15.476,161.188,144.813,44.688,0.742,-0.625,1.465,8.004,13.246,-3.332,2.070,2.264,1.170,1.370,0,NULL,NULL,,3,0,2,7,255,1400,250,0,0
stim,207801,237922,0,237922,3435254.454,-0.637,-0.080,0.310,0.701,0,0,27,0,0,0,0,339,44,1.000,1,2246,0,211.890,15.961,163.875,130.500,31.813,0.770,-0.594,1.531,8.004,13.809,-3.402,1.986,2.182,1.170,1.370,0,NULL,NULL,,3,0,2,7,255,1400,250,0,0
stim,207821,237942,0,237942,3435259.455,-0.636,-0.079,0.319,0.699,0,0,21,0,0,0,0,347,44,1.000,1,2246,0,198.116,16.486,159.063,116.813,17.438,0.926,-0.609,1.539,7.930,14.453,-3.555,1.894,2.090,1.170,1.370,0,NULL,NULL,,3,0,2,7,255,1400,250,0,0
stim,207821,237942,0,237942,3435264.453,-0.635,-0.078,0.326,0.696,0,0,24,0,0,0,0,369,44,1.000,1,2246,0,182.635,17.682,149.688,104.313,8.250,1.109,-0.645,1.484,7.930,15.805,-4.434,1.798,1.994,1.170,1.370,0,NULL,NULL,,3,0,2,7,255,1400,250,0,0
stim,207851,237972,0,237972,3435269.455,-0.634,-0.077,0.333,0.694,0,0,18,0,0,0,0,379,44,1.000,1,2246,0,168.591,18.796,141.313,91.938,1.063,1.258,-0.680,1.426,7.910,17.051,-6.191,1.692,1.890,1.170,1.370,0,NULL,NULL,,3,0,2,7,255,1400,250,0,0
stim,207851,237972,0,237972,3435274.454,-0.634,-0.076,0.339,0.691,0,0,18,0,0,0,0,393,44,1.000,1,2246,0,157.985,19.611,137.000,78.125,-9.313,1.379,-0.781,1.352,7.910,17.945,-7.773,1.578,1.776,1.170,1.370,0,NULL,NULL,,3,0,2,7,255,1400,250,0,0
stim,207851,237972,0,237972,3435279.455,-0.634,-0.074,0.345,0.688,0,0,17,0,0,0,0,411,44,1.000,1,2246,0,156.420,20.342,141.938,64.000,-15.000,1.566,-0.898,1.293,8.492,18.484,-9.535,1.460,1.658,1.170,1.370,0,NULL,NULL,,3,0,2,7,255,1400,250,0,0
stim,207851,237972,0,237972,3435284.453,-0.634,-0.072,0.351,0.686,0,0,18,0,0,0,0,421,44,1.000,1,2246,0,157.680,21.617,149.000,49.813,-13.438,1.695,-0.945,1.293,9.164,19.578,-11.590,1.340,1.538,1.170,1.370,0,NULL,NULL,,3,0,2,7,255,1400,250,0,0
stim,207851,237972,0,237972,3435289.455,-0.634,-0.069,0.356,0.683,0,0,22,0,0,0,0,425,44,1.000,1,2246,0,154.715,22.543,150.313,34.688,-11.813,1.688,-0.871,1.434,9.344,20.516,-11.590,1.220,1.414,1.170,1.370,0,NULL,NULL,,3,0,2,7,255,1400,250,0,0
stim,207851,237972,0,237972,3435294.453,-0.635,-0.066,0.361,0.680,0,0,19,0,0,0,0,435,44,1.000,1,2246,0,145.571,23.185,143.625,19.063,-14.125,1.672,-0.793,1.551,9.344,21.219,-11.559,1.102,1.290,1.170,1.370,0,NULL,NULL,,3,0,2,7,255,1400,250,0,0
stim,207876,237997,0,237997,3435299.455,-0.635,-0.062,0.365,0.678,0,0,19,0,0,0,0,431,44,1.000,1,2246,0,135.443,23.584,134.688,1.688,-14.188,1.617,-0.672,1.699,9.191,21.719,-10.496,0.986,1.168,1.170,1.370,0,NULL,NULL,,3,0,2,7,255,1400,250,0,0
stim,207876,237997,0,237997,3435304.454,-0.636,-0.059,0.368,0.675,0,0,21,0,0,0,0,438,44,1.000,1,2246,0,118.402,23.829,116.563,-15.813,-13.500,1.508,-0.516,1.887,8.859,22.121,-8.797,0.878,1.050,1.170,1.370,0,NULL,NULL,,3,0,2,7,255,1400,250,0,0
stim,207876,237997,0,237997,3435309.455,-0.638,-0.056,0.369,0.674,0,0,19,0,0,0,0,439,44,1.000,1,2246,0,87.980,23.695,79.625,-32.563,-18.438,1.348,-0.324,2.047,8.492,22.121,-6.363,0.782,0.938,1.170,1.370,0,NULL,NULL,,3,0,2,7,255,1400,250,0,0
stim,207876,237997,0,237997,3435314.453,-0.639,-0.054,0.369,0.673,0,0,20,0,0,0,0,441,44,1.000,1,2246,0,61.925,23.352,29.563,-47.313,-26.875,1.230,-0.199,2.094,7.797,22.012,-3.629,0.696,0.834,1.170,1.370,0,NULL,NULL,,3,0,2,7,255,1400,250,0,0
stim,207876,237997,0,237997,3435319.455,-0.641,-0.053,0.366,0.672,0,0,16,0,0,0,0,441,44,1.000,1,2246,0,71.884,22.525,-23.125,-59.938,-32.250,1.137,-0.172,2.008,7.152,21.359,-2.117,0.620,0.736,1.170,1.370,0,NULL,NULL,,3,0,2,7,255,1400,250,0,0
stim,207876,237997,0,237997,3435324.454,-0.643,-0.054,0.362,0.673,0,0,13,0,0,0,0,455,44,1.000,1,2246,0,103.898,21.201,-69.375,-69.438,-34.063,1.051,-0.207,1.820,6.785,20.086,-2.117,0.560,0.650,1.170,1.370,0,NULL,NULL,,3,0,2,7,255,1400,250,0,0
stim,207876,237997,0,237997,3435329.455,-0.645,-0.055,0.357,0.674,0,0,12,0,0,0,0,458,44,1.000,1,2246,0,133.492,19.437,-102.188,-77.813,-36.375,0.914,-0.164,1.578,6.570,18.293,-2.875,0.516,0.574,1.170,1.370,0,NULL,NULL,,3,0,2,7,255,1400,250,0,0
stim,207876,237997,0,237997,3435334.453,-0.647,-0.056,0.351,0.674,0,0,17,0,0,0,0,459,44,1.000,1,2246,0,145.776,16.741,-109.875,-82.875,-48.063,0.836,-0.176,1.320,5.465,15.824,-3.617,0.474,0.498,1.170,1.370,0,NULL,NULL,,3,0,2,7,255,1400,250,0,0
stim,207903,238024,0,238024,3435339.455,-0.650,-0.057,0.345,0.675,0,0,12,0,0,0,0,461,44,1.000,1,2246,0,150.867,14.706,-111.063,-87.313,-52.938,0.863,-0.199,1.313,4.863,13.879,-5.000,0.438,0.426,1.170,1.370,0,NULL,NULL,,3,0,2,7,255,1400,250,0,0
stim,207903,238024,0,238024,3435344.454,-0.652,-0.059,0.339,0.675,0,0,11,0,0,0,0,465,44,1.000,1,2246,0,159.876,14.568,-121.750,-91.438,-48.750,0.832,-0.145,1.250,4.746,13.773,-5.098,0.416,0.376,1.170,1.370,0,NULL,NULL,,3,0,2,7,255,1400,250,0,0
stim,207903,238024,0,238024,3435349.455,-0.655,-0.060,0.332,0.676,0,0,9,0,0,0,0,538,44,1.000,1,2246,0,168.076,13.932,-130.188,-93.813,-50.000,0.793,-0.090,1.109,4.160,13.297,-5.148,0.406,0.358,1.170,1.370,0,NULL,NULL,,3,0,2,7,255,1400,250,0,0
stim,207903,238024,0,238024,3435354.453,-0.655,-0.056,0.329,0.678,253,0,5,503,0,27,0,571,44,1.000,1,2246,0,137.508,12.919,3.688,-129.688,45.563,-0.289,-0.805,2.180,4.160,12.230,-5.098,0.406,0.368,1.170,1.370,0,NULL,NULL,,3,0,2,7,255,1400,250,0,0
stim,207903,238024,0,238024,3435359.455,-0.642,-0.036,0.330,0.690,956,0,0,1180,0,155,0,581,44,1.000,1,2246,0,612.414,12.649,208.875,-224.625,530.063,-1.184,1.863,5.102,3.227,12.230,5.734,0.420,0.408,1.170,1.370,0,NULL,NULL,,3,0,2,7,255,1400,250,0,0
stim,207903,238024,0,238024,3435364.454,-0.630,-0.041,0.314,0.709,1461,0,0,1613,0,484,0,663,44,1.000,1,2246,0,655.969,8.557,-492.313,-104.625,420.688,-1.836,3.477,3.715,2.367,8.223,40.453,0.442,0.448,1.170,1.370,0,NULL,NULL,,3,0,2,7,255,1400,250,0,0
stim,207965,238086,0,238086,3435369.455,-0.626,-0.055,0.290,0.722,1879,0,0,1887,0,650,0,761,43,1.000,1,2247,0,702.351,13.883,-687.063,-97.313,108.500,-2.125,2.086,0.496,-13.797,1.547,40.453,0.464,0.478,1.170,1.370,1,1442.000,42.000,,3,0,2,7,255,1400,250,0,0
stim,207965,238086,0,238086,3435374.454,-0.626,-0.066,0.271,0.728,2122,0,0,1997,0,867,0,845,43,1.000,1,2247,0,515.522,22.007,-507.813,-88.625,-5.938,-1.457,1.262,-1.266,-13.797,-17.145,10.105,0.482,0.498,1.170,1.370,1,NULL,NULL,,3,0,2,7,255,1400,250,0,0
stim,207965,238086,0,238086,3435379.455,-0.629,-0.070,0.262,0.729,2299,0,0,2109,0,1065,0,956,43,1.000,1,2247,0,230.065,20.882,-201.063,-87.250,-69.938,-0.215,1.051,-1.227,-11.922,-17.145,-10.625,0.492,0.508,1.170,1.370,1,NULL,NULL,,3,0,2,7,255,1400,250,0,0
stim,207965,238086,0,238086,3435384.453,-0.630,-0.065,0.260,0.729,2496,0,0,2307,0,1223,0,1015,43,1.000,1,2247,0,115.555,14.341,38.188,-109.000,3.688,0.344,0.617,0.402,-11.594,-8.441,-10.625,0.482,0.504,1.170,1.370,1,NULL,NULL,,3,0,2,7,255,1400,250,0,0
stim,207965,238086,0,238086,3435389.455,-0.626,-0.060,0.257,0.733,2667,0,0,2517,0,1244,0,1063,43,1.000,1,2247,0,183.945,7.143,-11.688,-116.188,142.125,-0.008,0.766,1.430,-5.770,4.211,-6.188,0.454,0.486,1.170,1.370,1,NULL,NULL,,3,0,2,7,255,1400,250,0,0
stim,207965,238086,0,238086,3435394.454,-0.619,-0.057,0.248,0.743,2774,0,0,2667,0,1259,0,1117,43,1.000,1,2247,0,366.343,6.092,-170.688,-168.563,276.875,-1.531,-0.379,1.176,-4.402,4.211,4.477,0.412,0.458,1.170,1.370,2,NULL,NULL,,3,0,2,7,255,1400,250,0,0
stim,207965,238086,0,238086,3435399.455,-0.614,-0.056,0.235,0.751,2859,0,0,2769,0,1243,0,1211,43,1.000,1,2247,0,367.094,12.077,-267.313,-178.563,177.250,-2.102,-0.902,0.203,9.105,-7.934,4.477,0.370,0.422,1.170,1.370,2,NULL,NULL,,3,0,2,7,255,1400,250,0,0
stim,207965,238086,0,238086,3435404.453,-0.615,-0.054,0.226,0.753,2911,0,0,2851,0,1211,0,1306,43,1.000,1,2247,0,227.501,18.259,-136.500,-182.000,-0.563,-1.766,-0.672,-0.141,10.082,-15.223,-2.613,0.334,0.382,1.170,1.370,2,NULL,NULL,,3,0,2,7,255,1400,250,0,0
stim,207965,238086,0,238086,3435409.455,-0.621,-0.050,0.219,0.751,2967,0,0,2921,0,1188,0,1383,43,1.000,1,2247,0,228.646,18.259,-38.438,-188.750,-123.188,-0.691,-0.449,0.859,10.082,-15.223,-2.613,0.304,0.342,1.170,1.370,2,NULL,NULL,,3,0,2,7,255,1400,250,0,0
stim,207965,238086,0,238086,3435414.454,-0.627,-0.046,0.214,0.748,2983,0,0,2982,0,1177,0,1413,43,1.000,1,2247,0,232.481,7.726,-15.375,-178.625,-148.000,0.285,-0.566,1.625,7.367,-2.328,-0.871,0.278,0.302,1.170,1.370,2,NULL,NULL,,3,0,2,7,255,1400,250,0,0
stim,207965,238086,0,238086,3435419.455,-0.631,-0.043,0.207,0.746,3007,0,0,3019,0,1181,0,1431,43,1.000,1,2247,0,191.366,11.783,-51.875,-158.188,-94.375,0.961,-0.754,1.742,7.367,9.195,1.117,0.248,0.270,1.170,1.370,2,NULL,NULL,,3,0,2,7,255,1400,250,0,0
stim,207965,238086,0,238086,3435424.454,-0.632,-0.041,0.200,0.748,3043,0,0,3059,0,1212,0,1439,43,1.000,1,2247,0,179.557,17.661,-108.000,-141.250,25.000,0.980,-0.813,1.695,8.051,15.719,1.117,0.216,0.248,1.170,1.370,2,NULL,NULL,,3,0,2,7,255,1400,250,0,0
stim,207995,238116,0,238116,3435429.455,-0.628,-0.040,0.191,0.753,3052,0,0,3095,0,1305,0,1447,43,1.000,1,2247,0,243.269,17.807,-171.000,-127.188,117.313,0.289,-0.770,1.230,8.367,15.719,0.781,0.188,0.232,1.170,1.370,2,NULL,NULL,,3,0,2,7,255,1400,250,0,0
stim,207995,238116,0,238116,3435434.454,-0.624,-0.040,0.182,0.759,3064,0,0,3115,0,1418,0,1486,43,1.000,1,2247,0,264.274,11.384,-182.313,-127.938,142.250,-0.543,-0.594,0.672,8.367,7.719,-1.004,0.168,0.220,1.170,1.370,2,NULL,NULL,,3,0,2,7,255,1400,250,0,0
stim,207995,238116,0,238116,3435439.455,-0.622,-0.039,0.174,0.762,3081,0,0,3119,0,1513,0,1543,43,1.000,1,2247,0,203.495,7.840,-132.313,-130.875,82.313,-0.820,-0.363,0.516,7.594,-1.949,-3.250,0.162,0.202,1.170,1.370,2,NULL,NULL,,3,0,2,7,255,1400,250,0,0
stim,207995,238116,0,238116,3435444.453,-0.622,-0.036,0.169,0.764,3091,0,0,3135,0,1631,0,1595,43,1.000,1,2247,0,155.876,6.097,-61.063,-138.875,35.813,-0.418,-0.031,0.762,5.777,-1.949,-3.250,0.160,0.180,1.170,1.370,2,NULL,NULL,,3,0,2,7,255,1400,250,0,0
stim,207995,238116,0,238116,3435449.455,-0.622,-0.032,0.164,0.765,3095,0,0,3143,0,1744,0,1671,43,1.000,1,2247,0,137.363,2.636,-31.688,-133.000,13.250,-0.168,0.164,1.277,2.066,-1.637,-1.703,0.166,0.158,1.170,1.370,2,NULL,NULL,,3,0,2,7,255,1400,250,0,0
stim,207995,238116,0,238116,3435454.453,-0.622,-0.029,0.159,0.766,3097,0,0,3150,7,1843,0,1727,43,1.000,1,2247,0,136.213,1.694,-53.813,-124.375,13.750,0.016,0.219,1.387,0.297,1.668,2.797,0.176,0.142,1.170,1.370,2,NULL,NULL,,3,0,2,7,255,1400,250,0,0
stim,208032,238153,0,238153,3435459.455,-0.622,-0.027,0.153,0.767,3095,0,0,3155,81,1939,1,1787,43,1.000,1,2247,0,141.599,3.415,-84.438,-112.438,16.688,0.055,0.059,1.262,0.297,3.402,2.797,0.188,0.130,1.170,1.370,2,NULL,NULL,,3,0,2,7,255,1400,250,0,0
stim,208032,238153,0,238153,3435464.454,-0.622,-0.026,0.147,0.769,3103,0,0,3157,159,2027,45,1815,43,1.000,1,2247,0,145.345,3.474,-98.188,-105.125,20.813,0.035,-0.223,1.012,0.703,3.402,1.988,0.202,0.120,1.170,1.370,2,NULL,NULL,,3,0,2,7,255,1400,250,0,0
stim,208054,238175,0,238175,3435469.455,-0.622,-0.025,0.141,0.770,3100,0,0,3166,263,2092,57,1864,43,1.000,1,2247,0,130.013,4.418,-81.688,-98.438,23.250,-0.008,-0.379,0.836,3.051,3.195,-0.727,0.218,0.106,1.170,1.370,2,NULL,NULL,,3,0,2,7,255,1400,250,0,0
stim,208054,238175,0,238175,3435474.454,-0.621,-0.023,0.137,0.771,3097,0,0,3171,485,2175,108,1975,43,1.000,1,2247,0,111.503,4.368,-54.250,-93.813,26.250,-0.027,-0.281,0.859,3.512,2.598,-2.023,0.234,0.090,1.170,1.370,2,NULL,NULL,,3,0,2,7,255,1400,250,0,0
stim,208054,238175,0,238175,3435479.455,-0.621,-0.021,0.134,0.772,3111,0,0,3167,607,2229,213,2063,43,1.000,1,2247,0,94.512,4.363,-29.125,-85.938,26.438,-0.008,0.012,1.227,3.512,2.590,-2.023,0.246,0.076,1.170,1.370,2,NULL,NULL,,3,0,2,7,255,1400,250,0,0
stim,208054,238175,0,238175,3435484.454,-0.621,-0.020,0.132,0.772,3109,0,0,3167,799,2265,197,2131,43,1.000,1,2247,0,50.003,2.801,-5.875,-49.500,-3.938,0.203,0.285,1.512,1.066,2.590,1.871,0.258,0.066,1.170,1.370,2,NULL,NULL,,3,0,2,7,255,1400,250,0,0
stim,208054,238175,0,238175,3435489.455,-0.621,-0.019,0.131,0.773,3112,0,0,3173,955,2295,201,2174,43,1.000,1,2247,0,35.832,4.902,-12.750,-33.063,5.313,0.434,0.730,1.180,-1.699,4.598,1.871,0.266,0.060,1.170,1.370,2,NULL,NULL,,3,0,2,7,255,1400,250,0,0
stim,208054,238175,0,238175,3435494.453,-0.621,-0.018,0.129,0.773,3110,0,0,3179,1059,2329,215,2217,43,1.000,1,2247,0,33.550,7.866,-10.438,-31.875,0.813,-0.016,0.820,1.461,-6.383,4.598,4.570,0.274,0.054,1.170,1.370,2,NULL,NULL,,3,0,2,7,255,1400,250,0,0
stim,208054,238175,0,238175,3435499.455,-0.622,-0.019,0.127,0.773,3115,0,0,3173,1139,2341,220,2264,43,1.000,1,2247,0,70.538,6.510,-63.813,-19.500,-22.875,-0.227,0.250,1.371,-6.383,1.281,4.012,0.282,0.048,1.170,1.370,2,NULL,NULL,,3,0,2,7,255,1400,250,0,0
stim,208054,238175,0,238175,3435504.454,-0.623,-0.021,0.124,0.772,3107,0,0,3169,1189,2367,219,2297,43,1.000,1,2247,0,83.573,0.964,-78.125,-16.000,-25.000,-0.082,0.141,0.887,-0.633,0.727,4.012,0.290,0.042,1.170,1.370,2,NULL,NULL,,3,0,2,7,255,1400,250,0,0
stim,208054,238175,0,238175,3435509.455,-0.624,-0.022,0.122,0.772,3115,0,0,3174,1256,2375,237,2319,43,1.000,1,2247,0,64.676,0.663,-48.688,-13.125,-40.500,-0.188,0.199,0.957,-0.633,0.199,-0.090,0.298,0.038,1.170,1.370,2,NULL,NULL,,3,0,2,7,255,1400,250,0,0
stim,208054,238175,0,238175,3435514.453,-0.626,-0.022,0.120,0.770,3111,0,0,3178,1294,2389,245,2348,43,1.000,1,2247,0,73.016,1.039,-29.750,-5.688,-66.438,-0.039,0.293,1.086,-0.742,0.727,-0.090,0.304,0.036,1.170,1.370,2,NULL,NULL,,3,0,2,7,255,1400,250,0,0
stim,208087,238208,0,238208,3435519.455,-0.628,-0.023,0.119,0.769,3123,8,0,3187,1357,2398,247,2361,43,1.000,1,2247,0,62.415,1.453,-35.125,-4.000,-51.438,0.172,0.129,1.113,-0.766,1.234,0.672,0.308,0.034,1.170,1.370,2,NULL,NULL,,3,0,2,7,255,1400,250,0,0
stim,208087,238208,0,238208,3435524.454,-0.629,-0.025,0.117,0.768,3109,17,0,3179,1427,2411,251,2381,43,1.000,1,2247,0,69.709,1.882,-64.688,1.438,-25.938,-0.035,0.137,1.176,-0.766,1.719,1.008,0.314,0.032,1.170,1.370,2,NULL,NULL,,3,0,2,7,255,1400,250,0,0
stim,208087,238208,0,238208,3435529.455,-0.630,-0.027,0.114,0.768,3111,39,0,3183,1485,2423,248,2403,43,1.000,1,2247,0,83.577,1.808,-78.250,1.688,-29.313,-0.199,0.160,0.926,-0.563,1.719,0.672,0.318,0.028,1.170,1.370,2,NULL,NULL,,3,0,2,7,255,1400,250,0,0
stim,208087,238208,0,238208,3435534.454,-0.631,-0.029,0.112,0.767,3112,55,0,3189,1528,2431,239,2419,43,1.000,1,2247,0,79.333,0.500,-59.813,2.375,-52.063,-0.199,0.066,0.887,-0.410,-0.285,-0.426,0.322,0.024,1.170,1.370,2,NULL,NULL,,3,0,2,7,255,1400,250,0,0
stim,208088,238209,0,238209,3435539.455,-0.633,-0.031,0.110,0.766,3124,69,0,3190,1563,2444,247,2426,43,1.000,1,2247,0,65.602,0.384,-37.250,0.000,-54.000,-0.020,-0.063,0.820,0.258,-0.285,-0.875,0.326,0.020,1.170,1.370,2,NULL,NULL,,3,0,2,7,255,1400,250,0,0
stim,208088,238209,0,238209,3435544.453,-0.634,-0.031,0.109,0.765,3116,73,0,3193,1591,2459,265,2441,43,1.000,1,2247,0,45.092,1.443,-24.563,0.438,-37.813,-0.070,0.031,1.090,0.371,1.395,-0.875,0.330,0.016,1.170,1.370,2,NULL,NULL,,3,0,2,7,255,1400,250,0,0
stim,208114,238235,0,238235,3435549.455,-0.635,-0.033,0.108,0.764,3126,89,0,3205,1619,2463,260,2451,43,1.000,1,2247,0,52.435,1.443,-41.938,2.500,-31.375,-0.078,0.051,1.031,0.371,1.395,0.273,0.334,0.012,1.170,1.370,2,NULL,NULL,,3,0,2,7,255,1400,250,0,0
stim,208114,238235,0,238235,3435554.454,-0.636,-0.034,0.106,0.763,3115,97,0,3193,1648,2473,264,2455,43,1.000,1,2247,0,44.748,1.211,-37.250,1.500,-24.750,-0.156,0.023,0.934,0.371,1.152,0.273,0.338,0.006,1.170,1.370,2,NULL,NULL,,3,0,2,7,255,1400,250,0,0
stim,208114,238235,0,238235,3435559.455,-0.637,-0.035,0.105,0.763,3125,101,0,3205,1673,2479,269,2463,43,1.000,1,2247,0,45.157,0.530,-33.000,0.875,-30.813,-0.199,-0.074,0.969,0.461,0.262,-0.238,0.342,0.000,1.170,1.370,2,NULL,NULL,,3,0,2,7,255,1400,250,0,0
stim,208114,238235,0,238235,3435564.453,-0.638,-0.036,0.104,0.762,3116,117,8,3195,1711,2489,277,2473,43,1.000,1,2247,0,37.566,1.473,-24.813,1.000,-28.188,-0.121,-0.121,0.887,1.449,0.262,-0.547,0.000,0.000,1.170,1.370,2,NULL,NULL,,3,0,2,7,255,1400,250,0,0
stim,208151,238272,0,238272,3435569.455,-0.639,-0.037,0.103,0.761,3128,143,21,3197,1736,2491,281,2479,43,1.000,1,2247,0,29.383,1.479,-17.625,-0.688,-23.500,-0.184,-0.059,1.008,1.449,0.293,-0.238,0.000,0.000,1.170,1.370,2,NULL,NULL,,3,0,2,7,255,1400,250,0,0
stim,208151,238272,0,238272,3435574.454,-0.640,-0.037,0.102,0.761,3123,141,28,3205,1757,2503,295,2479,43,1.000,1,2247,0,29.904,1.755,-21.313,-2.063,-20.875,-0.121,-0.113,0.910,1.590,0.742,-0.941,0.000,0.000,1.170,1.370,2,NULL,NULL,,3,0,2,7,255,1400,250,0,0
stim,208151,238272,0,238272,3435579.455,-0.640,-0.038,0.102,0.761,3125,141,67,3205,1773,2505,299,2488,43,1.000,1,2247,0,13.662,1.717,-5.250,-3.250,-12.188,-0.133,-0.133,0.898,1.590,0.648,-0.941,0.000,0.000,1.170,1.370,2,NULL,NULL,,3,0,2,7,255,1400,250,0,0
stim,208151,238272,0,238272,3435584.453,-0.640,-0.038,0.101,0.760,3111,141,67,3211,1798,2504,299,2492,43,1.000,1,2247,0,16.514,1.848,-11.875,-0.938,-11.438,-0.184,-0.109,1.117,1.730,0.648,-0.941,0.000,0.000,1.170,1.370,2,NULL,NULL,,3,0,2,7,255,1400,250,0,0
stim,208151,238272,0,238272,3435589.455,-0.641,-0.039,0.100,0.760,3122,149,73,3209,1809,2509,298,2507,43,0.968,1,2247,1,18.563,1.857,-16.750,-4.750,-6.438,-0.121,-0.141,0.801,1.766,0.574,-1.055,0.000,0.000,1.113,1.335,2,NULL,NULL,,3,0,2,7,255,1400,250,0,0
stim,208151,238272,0,238272,3435594.454,-0.641,-0.038,0.100,0.760,3107,147,75,3191,1815,2511,300,2503,43,0.968,1,2247,1,5.555,1.815,3.313,-4.438,-0.438,-0.188,-0.117,0.949,1.730,0.547,-0.438,0.008,0.006,1.113,1.335,2,NULL,NULL,,3,0,2,7,255,1400,250,0,0
stim,208181,238302,0,238302,3435599.455,-0.641,-0.038,0.099,0.760,3167,147,77,3191,1823,2509,298,2504,43,0.968,1,2247,1,8.314,1.731,-0.313,-5.875,-5.875,-0.207,-0.031,0.996,1.723,0.172,-0.438,0.014,0.012,1.113,1.335,2,NULL,NULL,,3,0,2,7,255,1400,250,0,0
stim,208181,238302,0,238302,3435604.454,-0.641,-0.038,0.099,0.760,3114,139,133,3188,1835,2514,299,2517,43,0.968,1,2247,1,11.982,0.965,4.813,-6.188,-9.063,-0.129,0.020,0.938,0.949,0.172,-0.438,0.020,0.020,1.113,1.335,2,NULL,NULL,,3,0,2,7,255,1400,250,0,0
stim,208181,238302,0,238302,3435609.455,-0.641,-0.038,0.099,0.760,3107,139,153,3181,1844,2513,297,2517,43,0.968,1,2247,1,9.736,0.592,6.938,-5.625,-3.875,-0.113,0.027,1.035,0.316,0.500,0.121,0.026,0.026,1.113,1.335,2,NULL,NULL,,3,0,2,7,255,1400,250,0,0
stim,208181,238302,0,238302,3435614.453,-0.641,-0.037,0.099,0.760,3102,141,155,3180,1851,2507,286,2511,43,0.968,1,2247,1,5.349,0.556,0.813,-5.250,-0.625,-0.148,0.078,1.035,0.242,0.500,0.340,0.032,0.032,1.113,1.335,2,NULL,NULL,,3,0,2,7,255,1400,250,0,0
stim,208181,238302,0,238302,3435619.455,-0.642,-0.037,0.099,0.760,3095,139,160,3167,1866,2509,289,2517,43,0.968,1,2247,1,6.600,0.411,-2.813,-4.375,-4.063,-0.176,0.121,1.027,-0.168,0.375,0.449,0.038,0.036,1.113,1.335,2,NULL,NULL,,3,0,2,7,255,1400,250,0,0
stim,208181,238302,0,238302,3435624.454,-0.642,-0.037,0.099,0.760,3101,141,170,3179,1869,2507,277,2523,43,0.968,1,2247,1,7.711,0.562,-3.750,-4.063,-5.375,-0.105,0.094,0.988,-0.418,0.375,0.449,0.042,0.042,1.113,1.335,2,NULL,NULL,,3,0,2,7,255,1400,250,0,0
stim,208181,238302,0,238302,3435629.455,-0.642,-0.037,0.098,0.760,3107,139,183,3160,1873,2508,269,2515,43,0.968,1,2247,1,5.039,0.628,-0.063,-4.375,2.500,-0.133,0.055,0.992,-0.418,0.469,0.000,0.046,0.044,1.113,1.335,2,NULL,NULL,,3,0,2,7,255,1400,250,0,0
stim,208181,238302,0,238302,3435634.453,-0.642,-0.037,0.098,0.760,3099,143,188,3161,1880,2507,267,2519,43,0.968,1,2247,1,4.745,0.628,1.250,-4.563,-0.375,-0.203,0.117,1.016,-0.418,0.469,0.000,0.048,0.046,1.113,1.335,2,NULL,NULL,,3,0,2,7,255,1400,250,0,0
stim,208204,238325,0,238325,3435639.455,-0.642,-0.037,0.098,0.759,3079,141,217,3155,1893,2507,267,2529,43,0.968,1,2247,1,9.272,0.528,0.438,-4.875,-7.875,-0.199,0.152,1.020,-0.465,-0.250,0.379,0.050,0.048,1.113,1.335,2,NULL,NULL,,3,0,2,7,255,1400,250,0,0
stim,208204,238325,0,238325,3435644.454,-0.643,-0.037,0.098,0.759,3069,141,223,3143,1894,2505,274,2523,43,0.968,1,2247,1,17.495,0.838,-2.063,-5.625,-16.438,-0.215,0.152,1.035,-0.793,-0.270,0.461,0.050,0.048,1.113,1.335,2,NULL,NULL,,3,0,2,7,255,1400,250,0,0
stim,208204,238325,0,238325,3435649.455,-0.643,-0.036,0.098,0.758,3063,141,251,3143,1913,2495,281,2535,43,0.968,1,2247,1,21.833,0.838,-3.063,-6.063,-20.750,-0.137,0.125,0.984,-0.793,-0.270,0.461,0.050,0.048,1.113,1.335,2,NULL,NULL,,3,0,2,7,255,1400,250,0,0
stim,208204,238325,0,238325,3435654.453,-0.644,-0.036,0.098,0.758,3065,149,297,3139,1944,2503,293,2541,43,0.968,1,2247,1,15.251,0.815,4.063,-8.125,-12.250,-0.094,0.125,0.941,-0.754,0.309,-0.027,0.050,0.048,1.113,1.335,2,NULL,NULL,,3,0,2,7,255,1400,250,0,0
stim,208204,238325,0,238325,3435659.455,-0.644,-0.035,0.098,0.758,3052,152,326,3116,1961,2502,309,2536,43,0.968,1,2247,1,11.881,0.872,7.563,-7.375,-5.438,-0.137,0.148,1.086,-0.754,0.438,-0.027,0.048,0.046,1.113,1.335,2,NULL,NULL,,3,0,2,7,255,1400,250,0,0
stim,208204,238325,0,238325,3435664.453,-0.644,-0.035,0.098,0.758,3036,152,371,3114,1995,2503,347,2551,43,0.968,1,2247,1,9.316,0.957,-4.000,-8.188,1.938,-0.145,0.199,1.051,-0.852,0.438,0.699,0.044,0.044,1.113,1.335,2,NULL,NULL,,3,0,2,7,255,1400,250,0,0
stim,208265,238386,0,238386,3435669.455,-0.644,-0.035,0.097,0.758,3035,167,457,3107,2019,2495,354,2555,43,0.968,1,2247,1,9.824,1.347,-3.938,-9.000,-0.063,-0.227,0.277,0.984,-1.328,0.227,0.699,0.042,0.040,1.113,1.335,2,NULL,NULL,,3,0,2,7,255,1400,250,0,0
stim,208265,238386,0,238386,3435674.454,-0.644,-0.034,0.097,0.758,3014,173,507,3096,2039,2503,361,2567,43,0.968,1,2247,1,15.206,1.522,-1.438,-9.063,-12.125,-0.203,0.223,1.047,-1.469,-0.398,0.699,0.038,0.036,1.113,1.335,2,NULL,NULL,,3,0,2,7,255,1400,250,0,0
stim,208265,238386,0,238386,3435679.455,-0.645,-0.034,0.097,0.757,3003,185,573,3091,2069,2513,374,2575,43,0.968,1,2247,1,19.739,1.522,-7.000,-8.750,-16.250,-0.125,0.160,1.047,-1.469,-0.398,0.578,0.034,0.030,1.113,1.335,2,NULL,NULL,,3,0,2,7,255,1400,250,0,0
stim,208265,238386,0,238386,3435684.453,-0.645,-0.034,0.096,0.757,2993,201,655,3087,2101,2511,408,2589,43,0.968,1,2247,1,17.776,1.103,-10.688,-8.250,-11.563,-0.105,0.121,0.996,-1.016,0.430,0.578,0.028,0.024,1.113,1.335,2,NULL,NULL,,3,0,2,7,255,1400,250,0,0
stim,208265,238386,0,238386,3435689.455,-0.646,-0.034,0.095,0.757,2983,233,715,3068,2149,2504,409,2599,43,0.968,1,2247,1,17.956,0.821,-12.688,-7.063,-10.563,-0.176,0.121,1.043,-0.699,0.430,0.578,0.026,0.020,1.113,1.335,2,NULL,NULL,,3,0,2,7,255,1400,250,0,0
stim,208265,238386,0,238386,3435694.454,-0.646,-0.035,0.094,0.756,2967,238,764,3063,2199,2501,462,2610,43,0.968,1,2247,1,31.317,0.551,-22.625,-6.188,-20.750,-0.180,0.086,1.008,-0.551,-0.020,0.258,0.022,0.016,1.113,1.335,2,NULL,NULL,,3,0,2,7,255,1400,250,0,0
stim,208265,238386,0,238386,3435699.455,-0.647,-0.035,0.094,0.756,2961,251,855,3065,2235,2506,483,2629,43,0.968,1,2247,1,26.487,0.243,-15.438,-6.750,-20.438,-0.133,-0.004,0.883,-0.242,-0.020,0.258,0.022,0.012,1.113,1.335,2,NULL,NULL,,3,0,2,7,255,1400,250,0,0
stim,208265,238386,0,238386,3435704.453,-0.648,-0.035,0.093,0.756,2937,247,955,3043,2264,2509,544,2631,43,0.968,1,2247,1,20.398,0.380,-4.063,-8.563,-18.063,-0.195,0.020,0.953,0.371,-0.082,-0.297,0.022,0.012,1.113,1.335,2,NULL,NULL,,3,0,2,7,255,1400,250,0,0
stim,208265,238386,0,238386,3435709.455,-0.648,-0.035,0.093,0.755,2919,255,1053,3033,2309,2509,627,2639,43,0.968,1,2247,1,27.563,0.445,-6.188,-8.625,-25.438,-0.227,0.074,1.023,0.371,-0.246,-0.297,0.022,0.012,1.113,1.335,2,NULL,NULL,,3,0,2,7,255,1400,250,0,0
stim,208265,238386,0,238386,3435714.454,-0.649,-0.035,0.092,0.754,2899,266,1165,3024,2341,2507,735,2649,43,0.968,1,2247,1,35.350,0.284,-11.563,-8.938,-32.188,-0.195,0.074,0.996,-0.102,-0.266,0.145,0.022,0.012,1.113,1.335,2,NULL,NULL,,3,0,2,7,255,1400,250,0,0
stim,208265,238386,0,238386,3435719.455,-0.651,-0.036,0.091,0.753,2888,267,1246,3007,2376,2515,839,2661,43,0.968,1,2247,1,41.047,0.306,-16.750,-9.500,-36.250,-0.203,0.043,1.004,-0.102,-0.289,0.219,0.022,0.014,1.113,1.335,2,NULL,NULL,,3,0,2,7,255,1400,250,0,0
stim,208265,238386,0,238386,3435724.454,-0.652,-0.036,0.090,0.752,2869,291,1371,3013,2413,2516,923,2683,43,0.968,1,2247,1,45.828,0.304,-20.188,-10.375,-39.813,-0.184,-0.035,0.957,0.148,-0.266,0.145,0.020,0.016,1.113,1.335,2,NULL,NULL,,3,0,2,7,255,1400,250,0,0
stim,208299,238420,0,238420,3435729.455,-0.653,-0.036,0.089,0.751,2843,313,1460,2995,2443,2511,1013,2695,43,0.968,1,2247,1,41.582,0.821,-17.688,-11.563,-35.813,-0.152,-0.078,0.949,0.816,-0.090,-0.289,0.020,0.018,1.113,1.335,2,NULL,NULL,,3,0,2,7,255,1400,250,0,0
stim,208299,238420,0,238420,3435734.454,-0.654,-0.037,0.088,0.750,2810,316,1561,2967,2470,2519,1115,2697,43,0.968,1,2247,1,44.716,0.821,-21.813,-12.625,-36.938,-0.203,0.047,1.031,0.816,-0.090,-0.289,0.020,0.020,1.113,1.335,2,NULL,NULL,,3,0,2,7,255,1400,250,0,0
stim,208299,238420,0,238420,3435739.455,-0.656,-0.037,0.086,0.749,2789,328,1657,2956,2505,2531,1196,2713,43,0.968,1,2247,1,52.613,0.263,-27.938,-12.438,-42.813,-0.137,0.023,0.984,0.141,0.223,-0.082,0.022,0.024,1.113,1.335,2,NULL,NULL,,3,0,2,7,255,1400,250,0,0
stim,208299,238420,0,238420,3435744.453,-0.657,-0.038,0.085,0.748,2773,341,1765,2935,2531,2519,1259,2716,43,0.968,1,2247,1,50.784,0.314,-26.688,-14.000,-40.875,-0.133,-0.027,0.965,0.141,0.281,-0.082,0.024,0.026,1.113,1.335,2,NULL,NULL,,3,0,2,7,255,1400,250,0,0
stim,208299,238420,0,238420,3435749.455,-0.658,-0.038,0.083,0.747,2744,363,1831,2915,2547,2533,1371,2727,43,0.968,1,2247,1,49.001,0.653,-26.938,-13.188,-38.750,-0.121,-0.039,0.984,0.566,0.324,-0.121,0.028,0.030,1.113,1.335,2,NULL,NULL,,3,0,2,7,255,1400,250,0,0
stim,208299,238420,0,238420,3435754.453,-0.660,-0.038,0.082,0.746,2724,381,1909,2911,2579,2527,1449,2743,43,0.968,1,2247,1,44.902,0.659,-25.250,-14.188,-34.313,-0.125,-0.008,0.957,0.566,0.336,-0.309,0.030,0.032,1.113,1.335,2,NULL,NULL,,3,0,2,7,255,1400,250,0,0
stim,208332,238453,0,238453,3435759.457,-0.661,-0.039,0.081,0.745,2677,409,1991,2879,2601,2531,1520,2749,43,0.968,1,2247,1,43.861,0.459,-21.563,-14.250,-35.438,-0.133,0.031,0.969,0.313,0.336,-0.223,0.034,0.034,1.113,1.335,2,NULL,NULL,,3,0,2,7,255,1400,250,0,0
stim,208332,238453,0,238453,3435764.454,-0.662,-0.039,0.080,0.745,2652,425,2084,2871,2619,2531,1609,2759,43,0.968,1,2247,1,38.421,0.343,-16.813,-14.188,-31.500,-0.082,0.031,0.969,-0.070,0.336,-0.320,0.036,0.034,1.113,1.335,2,NULL,NULL,,3,0,2,7,255,1400,250,0,0
stim,208353,238474,0,238474,3435769.455,-0.663,-0.039,0.079,0.744,2613,441,2141,2843,2641,2527,1691,2767,43,0.968,1,2247,1,37.992,0.269,-14.813,-14.000,-32.063,-0.133,0.105,1.035,-0.145,0.227,-0.223,0.036,0.034,1.113,1.335,2,NULL,NULL,,3,0,2,7,255,1400,250,0,0
stim,208353,238474,0,238474,3435774.454,-0.664,-0.039,0.077,0.743,2566,467,2209,2823,2667,2539,1747,2789,43,0.968,1,2247,1,41.743,0.815,-22.563,-12.188,-32.938,-0.086,0.063,1.078,-0.438,0.688,0.430,0.036,0.032,1.113,1.335,2,NULL,NULL,,3,0,2,7,255,1400,250,0,0
stim,208353,238474,0,238474,3435779.455,-0.665,-0.040,0.076,0.742,2533,475,2269,2809,2693,2533,1821,2788,43,0.968,1,2247,1,45.003,0.831,-33.250,-11.188,-28.188,-0.094,-0.008,1.031,-0.438,0.707,0.430,0.038,0.030,1.113,1.335,2,NULL,NULL,,3,0,2,7,255,1400,250,0,0
stim,208353,238474,0,238474,3435784.454,-0.665,-0.040,0.074,0.742,2483,503,2327,2789,2708,2534,1899,2799,43,0.968,1,2247,1,42.170,0.707,-31.625,-12.250,-25.063,-0.129,0.016,0.891,-0.023,0.707,0.289,0.038,0.030,1.113,1.335,2,NULL,NULL,,3,0,2,7,255,1400,250,0,0
stim,208353,238474,0,238474,3435789.455,-0.666,-0.040,0.073,0.741,2453,517,2376,2777,2729,2535,1967,2803,43,0.968,1,2247,1,32.011,0.123,-15.938,-12.938,-24.563,-0.133,0.023,0.945,-0.023,0.121,-0.465,0.040,0.030,1.113,1.335,2,NULL,NULL,,3,0,2,7,255,1400,250,0,0
stim,208353,238474,0,238474,3435794.453,-0.667,-0.041,0.072,0.740,2402,525,2436,2759,2743,2535,2023,2825,43,0.968,1,2247,1,42.541,0.082,-22.938,-13.188,-33.313,-0.211,-0.051,1.117,-0.023,0.078,-0.465,0.042,0.030,1.113,1.335,2,NULL,NULL,,3,0,2,7,255,1400,250,0,0
stim,208353,238474,0,238474,3435799.455,-0.669,-0.042,0.070,0.739,2348,533,2477,2718,2747,2541,2079,2827,43,0.968,1,2247,1,56.877,0.683,-40.875,-12.188,-37.625,-0.141,-0.082,1.082,0.672,0.121,0.871,0.044,0.030,1.113,1.335,2,NULL,NULL,,3,0,2,7,255,1400,250,0,0
stim,208353,238474,0,238474,3435804.454,-0.670,-0.043,0.068,0.738,2275,538,2517,2685,2773,2538,2089,2833,43,0.968,1,2247,1,64.927,0.686,-49.000,-12.813,-40.625,-0.164,-0.008,0.984,0.672,-0.141,0.871,0.046,0.030,1.113,1.335,2,NULL,NULL,,3,0,2,7,255,1400,250,0,0
stim,208353,238474,0,238474,3435809.455,-0.671,-0.043,0.066,0.737,2217,551,2552,2661,2777,2541,2175,2841,43,0.968,1,2247,1,58.750,0.374,-41.875,-14.188,-38.688,-0.074,0.012,0.887,0.137,0.348,-0.020,0.048,0.030,1.113,1.335,2,NULL,NULL,,3,0,2,7,255,1400,250,0,0
stim,208353,238474,0,238474,3435814.453,-0.672,-0.044,0.065,0.737,2164,549,2573,2621,2796,2541,2213,2855,43,0.968,1,2247,1,40.183,0.556,-24.438,-14.813,-28.250,-0.074,-0.027,0.934,0.137,0.539,-0.648,0.052,0.032,1.113,1.335,2,NULL,NULL,,3,0,2,7,255,1400,250,0,0
stim,208383,238504,0,238504,3435819.455,-0.673,-0.044,0.063,0.736,2091,551,2605,2591,2811,2543,2253,2857,43,0.968,1,2247,1,41.238,0.552,-29.688,-13.938,-25.000,-0.141,-0.020,1.105,0.121,0.539,-0.648,0.054,0.034,1.113,1.335,2,NULL,NULL,,3,0,2,7,255,1400,250,0,0
stim,208383,238504,0,238504,3435824.454,-0.674,-0.045,0.061,0.735,2003,547,2642,2537,2823,2539,2293,2863,43,0.968,1,2247,1,52.937,0.286,-42.188,-14.000,-28.750,-0.152,-0.031,1.035,0.152,0.242,0.445,0.056,0.036,1.113,1.335,2,NULL,NULL,,3,0,2,7,255,1400,250,0,0
stim,208383,238504,0,238504,3435829.455,-0.675,-0.046,0.060,0.734,1939,541,2665,2491,2829,2535,2331,2871,43,0.968,1,2247,1,52.675,0.207,-37.625,-14.688,-33.813,-0.156,-0.035,0.910,0.207,0.008,0.445,0.058,0.038,1.113,1.335,2,NULL,NULL,,3,0,2,7,255,1400,250,0,0
stim,208383,238504,0,238504,3435834.453,-0.676,-0.046,0.058,0.733,1851,533,2694,2451,2851,2541,2361,2893,43,0.968,1,2247,1,45.253,0.207,-24.438,-14.875,-35.063,-0.109,-0.020,0.977,0.207,0.008,-0.172,0.060,0.040,1.113,1.335,2,NULL,NULL,,3,0,2,7,255,1400,250,0,0
stim,208383,238504,0,238504,3435839.455,-0.677,-0.046,0.057,0.733,1753,509,2716,2380,2853,2535,2393,2885,43,0.968,1,2247,1,46.996,0.309,-30.688,-15.063,-32.250,-0.105,-0.004,1.125,0.008,0.309,-0.172,0.062,0.042,1.113,1.335,2,NULL,NULL,,3,0,2,7,255,1400,250,0,0
stim,208383,238504,0,238504,3435844.453,-0.678,-0.047,0.055,0.732,1645,496,2739,2323,2861,2531,2425,2891,43,0.968,1,2247,1,55.710,0.414,-45.000,-14.813,-29.313,-0.109,0.004,1.070,-0.199,0.363,0.711,0.062,0.042,1.113,1.335,2,NULL,NULL,,3,0,2,7,255,1400,250,0,0
stim,208415,238536,0,238536,3435849.455,-0.678,-0.048,0.053,0.731,1523,483,2765,2255,2871,2525,2453,2897,43,0.968,1,2247,1,58.368,0.477,-47.250,-14.063,-31.250,-0.117,0.008,0.973,-0.309,0.363,0.711,0.064,0.044,1.113,1.335,2,NULL,NULL,,3,0,2,7,255,1400,250,0,0
stim,208415,238536,0,238536,3435854.454,-0.679,-0.049,0.051,0.730,1385,461,2785,2195,2878,2526,2485,2903,43,0.968,1,2247,1,54.444,0.382,-41.000,-15.063,-32.500,-0.117,0.016,0.945,-0.355,0.141,-0.215,0.066,0.046,1.113,1.335,2,NULL,NULL,,3,0,2,7,255,1400,250,0,0
stim,208415,238536,0,238536,3435859.455,-0.680,-0.049,0.050,0.729,1289,432,2800,2110,2891,2517,2513,2905,43,0.968,1,2247,1,44.892,0.376,-26.125,-16.750,-32.438,-0.105,-0.043,0.867,-0.355,0.121,-0.504,0.066,0.046,1.113,1.335,2,NULL,NULL,,3,0,2,7,255,1400,250,0,0
stim,208415,238536,0,238536,3435864.453,-0.681,-0.049,0.048,0.729,1181,403,2824,2025,2906,2509,2539,2921,43,0.968,1,2247,1,36.216,0.169,-12.063,-16.313,-30.000,-0.094,-0.078,1.004,0.117,0.121,-0.504,0.068,0.046,1.113,1.335,2,NULL,NULL,,3,0,2,7,255,1400,250,0,0
stim,208453,238574,0,238574,3435869.455,-0.682,-0.049,0.047,0.728,1067,367,2839,1919,2907,2517,2554,2915,43,0.968,1,2247,1,39.540,0.450,-23.125,-16.188,-27.688,-0.102,-0.063,1.113,0.176,0.414,0.086,0.068,0.046,1.113,1.335,2,NULL,NULL,,3,0,2,7,255,1400,250,0,0
stim,208453,238574,0,238574,3435874.454,-0.683,-0.050,0.045,0.727,937,359,2855,1817,2917,2501,2583,2919,43,0.968,1,2247,1,44.097,0.517,-33.938,-16.063,-23.125,-0.074,-0.070,1.016,0.219,0.469,0.180,0.070,0.046,1.113,1.335,2,NULL,NULL,,3,0,2,7,255,1400,250,0,0
stim,208453,238574,0,238574,3435879.455,-0.683,-0.050,0.044,0.727,798,309,2863,1703,2925,2493,2603,2923,43,0.968,1,2247,1,43.344,0.501,-35.000,-16.313,-19.688,-0.109,-0.043,1.000,0.176,0.469,0.180,0.070,0.046,1.113,1.335,2,NULL,NULL,,3,0,2,7,255,1400,250,0,0
stim,208453,238574,0,238574,3435884.453,-0.684,-0.051,0.042,0.727,633,295,2875,1557,2935,2487,2621,2925,43,0.968,1,2247,1,38.506,0.198,-30.438,-17.500,-15.813,-0.113,-0.043,0.973,-0.031,0.195,0.059,0.072,0.046,1.113,1.335,2,NULL,NULL,,3,0,2,7,255,1400,250,0,0
stim,208453,238574,0,238574,3435889.455,-0.684,-0.051,0.041,0.726,518,261,2891,1401,2943,2477,2643,2933,43,0.968,1,2247,1,33.182,0.124,-22.938,-19.375,-14.125,-0.156,-0.031,0.984,-0.039,0.117,-0.039,0.072,0.046,1.113,1.335,2,NULL,NULL,,3,0,2,7,255,1400,250,0,0
stim,208453,238574,0,238574,3435894.454,-0.685,-0.051,0.040,0.726,383,197,2901,1227,2955,2467,2660,2936,43,0.968,1,2247,1,33.583,0.378,-17.750,-20.500,-19.813,-0.168,-0.023,1.016,-0.188,-0.328,-0.039,0.072,0.046,1.113,1.335,2,NULL,NULL,,3,0,2,7,255,1400,250,0,0
stim,208481,238602,0,238602,3435899.455,-0.686,-0.050,0.038,0.725,287,174,2908,1039,2963,2456,2676,2941,43,0.968,1,2247,1,36.813,0.422,-15.875,-22.563,-24.375,-0.160,-0.023,1.035,-0.266,-0.328,0.289,0.074,0.046,1.113,1.335,2,NULL,NULL,,3,0,2,7,255,1400,250,0,0
stim,208481,238602,0,238602,3435904.453,-0.687,-0.050,0.037,0.724,155,127,2922,879,2968,2441,2695,2949,43,0.968,1,2247,1,38.504,0.437,-13.500,-24.250,-26.688,-0.129,-0.020,1.047,-0.293,-0.324,0.465,0.074,0.046,1.113,1.335,2,NULL,NULL,,3,0,2,7,255,1400,250,0,0
stim,208481,238602,0,238602,3435909.455,-0.687,-0.050,0.036,0.724,93,104,2932,661,2975,2423,2708,2952,43,0.968,1,2247,1,41.047,0.304,-14.313,-25.563,-28.750,-0.094,-0.031,1.039,-0.301,-0.047,0.465,0.074,0.046,1.113,1.335,2,NULL,NULL,,3,0,2,7,255,1400,250,0,0
stim,208481,238602,0,238602,3435914.454,-0.688,-0.049,0.035,0.723,42,46,2953,519,2995,2407,2731,2967,43,0.968,1,2247,1,39.277,0.453,-10.500,-27.563,-25.938,-0.082,0.027,1.070,-0.367,0.266,0.523,0.074,0.046,1.113,1.335,2,NULL,NULL,,3,0,2,7,255,1400,250,0,0
stim,208481,238602,0,238602,3435919.455,-0.689,-0.048,0.033,0.722,22,37,2956,361,2991,2376,2739,2967,43,0.968,1,2247,1,39.038,0.956,-11.750,-29.125,-23.188,-0.074,0.063,1.066,-0.883,0.367,0.594,0.074,0.046,1.113,1.335,2,NULL,NULL,,3,0,2,7,255,1400,250,0,0
stim,208481,238602,0,238602,3435924.454,-0.690,-0.048,0.032,0.722,0,23,2952,220,2997,2344,2759,2963,43,0.968,1,2247,1,40.136,0.961,-10.813,-30.688,-23.500,-0.066,0.023,1.016,-0.883,0.379,0.594,0.076,0.046,1.113,1.335,2,NULL,NULL,,3,0,2,7,255,1400,250,0,0
stim,208481,238602,0,238602,3435929.455,-0.690,-0.047,0.031,0.721,0,9,2957,149,3004,2319,2772,2966,43,0.968,1,2247,1,39.791,0.939,-3.938,-34.063,-20.188,-0.098,-0.020,1.016,-0.859,0.379,0.195,0.076,0.046,1.113,1.335,2,NULL,NULL,,3,0,2,7,255,1400,250,0,0
stim,208481,238602,0,238602,3435934.453,-0.691,-0.045,0.030,0.721,0,1,2964,117,3013,2299,2792,2970,43,0.968,1,2247,1,42.632,0.421,12.438,-39.500,-10.125,-0.238,-0.086,1.129,-0.414,0.074,0.195,0.076,0.046,1.113,1.335,2,NULL,NULL,,3,0,2,7,255,1400,250,0,0
stim,208504,238625,0,238625,3435939.455,-0.691,-0.043,0.030,0.721,0,0,2968,101,3019,2283,2807,2973,43,0.968,1,2247,0,53.878,1.215,26.125,-46.313,-8.688,-0.355,-0.133,1.359,0.258,-1.188,1.453,0.076,0.046,1.113,1.335,3,NULL,NULL,,3,0,2,7,255,1400,250,0,0
stim,208504,238625,0,238625,3435944.454,-0.691,-0.041,0.029,0.721,0,0,2971,87,3021,2265,2823,2975,43,0.968,1,2247,0,60.567,1.997,25.250,-54.313,-9.000,-0.352,-0.117,1.559,0.449,-1.945,3.848,0.076,0.046,1.113,1.335,3,NULL,NULL,,3,0,2,7,255,1400,250,0,0
stim,208504,238625,0,238625,3435949.455,-0.692,-0.040,0.026,0.721,0,0,2976,72,3043,2237,2845,2987,43,0.968,1,2247,0,68.459,1.997,-38.500,-54.188,-16.375,-0.066,-0.082,1.348,0.449,-1.945,3.848,0.076,0.046,1.113,1.335,3,NULL,NULL,,3,0,2,7,255,1400,250,0,0
stim,208504,238625,0,238625,3435954.453,-0.692,-0.040,0.022,0.720,0,0,2975,29,3036,2195,2846,2979,43,0.968,1,2247,0,82.792,0.630,-62.938,-53.125,-8.438,-0.039,-0.141,0.953,0.449,0.441,3.406,0.074,0.046,1.113,1.335,3,NULL,NULL,,3,0,2,7,255,1400,250,0,0
stim,208504,238625,0,238625,3435959.455,-0.691,-0.039,0.020,0.721,0,0,2979,0,3039,2154,2861,2981,43,0.968,1,2247,0,67.608,0.633,-26.313,-59.563,18.188,-0.105,-0.105,0.867,0.453,0.441,-0.422,0.072,0.048,1.113,1.335,3,NULL,NULL,,3,0,2,7,255,1400,250,0,0
stim,208504,238625,0,238625,3435964.454,-0.691,-0.037,0.018,0.722,0,0,2975,0,3045,2103,2871,2983,43,0.968,1,2247,0,68.718,0.576,7.875,-64.750,21.625,-0.238,-0.082,0.953,0.453,-0.355,-0.422,0.068,0.050,1.113,1.335,3,NULL,NULL,,3,0,2,7,255,1400,250,0,0
stim,208565,238686,0,238686,3435969.455,-0.691,-0.035,0.017,0.722,0,0,2975,0,3049,2038,2887,2984,43,0.968,1,2247,0,70.650,1.695,19.563,-67.813,3.188,-0.270,-0.113,1.078,0.453,-1.633,-0.273,0.066,0.052,1.113,1.335,3,NULL,NULL,,3,0,2,7,255,1400,250,0,0
stim,208565,238686,0,238686,3435974.454,-0.691,-0.032,0.015,0.722,0,0,2975,0,3053,1982,2895,2984,43,0.968,1,2247,0,73.344,1.715,17.063,-70.688,-9.563,-0.188,-0.152,1.188,0.523,-1.633,0.961,0.064,0.056,1.113,1.335,3,NULL,NULL,,3,0,2,7,255,1400,250,0,0
stim,208565,238686,0,238686,3435979.455,-0.691,-0.030,0.013,0.722,0,0,2975,0,3058,1895,2903,2983,43,0.968,1,2247,0,73.418,1.321,6.688,-72.813,-6.625,-0.105,-0.184,1.160,0.801,-1.051,1.691,0.062,0.060,1.113,1.335,3,NULL,NULL,,3,0,2,7,255,1400,250,0,0
stim,208565,238686,0,238686,3435984.454,-0.691,-0.027,0.011,0.722,0,0,2973,0,3060,1821,2909,2983,43,0.968,1,2247,0,75.250,1.130,3.063,-75.125,3.063,-0.105,-0.172,1.082,1.039,-0.445,1.691,0.058,0.064,1.113,1.335,3,NULL,NULL,,3,0,2,7,255,1400,250,0,0
stim,208565,238686,0,238686,3435989.455,-0.691,-0.025,0.009,0.723,0,0,2969,0,3064,1743,2920,2981,43,0.968,1,2247,0,78.235,1.130,6.813,-77.500,8.250,-0.117,-0.125,1.051,1.039,-0.445,0.914,0.056,0.070,1.113,1.335,3,NULL,NULL,,3,0,2,7,255,1400,250,0,0
stim,208565,238686,0,238686,3435994.453,-0.690,-0.022,0.007,0.723,0,0,2962,0,3067,1658,2927,2980,43,0.968,1,2247,0,80.966,0.914,10.875,-79.938,6.875,-0.148,-0.074,1.070,0.602,-0.688,0.754,0.056,0.076,1.113,1.335,3,NULL,NULL,,3,0,2,7,255,1400,250,0,0
stim,208565,238686,0,238686,3435999.455,-0.690,-0.019,0.005,0.723,0,0,2953,0,3076,1565,2937,2975,43,0.968,1,2247,0,83.655,1.070,13.438,-82.563,-1.000,-0.176,-0.055,1.070,0.129,-1.063,0.754,0.054,0.080,1.113,1.335,3,NULL,NULL,,3,0,2,7,255,1400,250,0,0
stim,208565,238686,0,238686,3436004.453,-0.690,-0.016,0.003,0.723,0,0,2943,0,3076,1451,2940,2972,43,0.968,1,2247,0,88.735,1.070,23.125,-85.625,-2.750,-0.070,-0.125,1.051,0.129,-1.063,0.754,0.054,0.086,1.113,1.335,3,NULL,NULL,,3,0,2,7,255,1400,250,0,0
stim,208565,238686,0,238686,3436009.455,-0.690,-0.012,0.001,0.723,0,0,2936,0,3080,1321,2951,2971,43,0.968,1,2247,0,90.890,0.477,22.625,-88.000,2.250,-0.055,-0.086,1.137,0.250,-0.406,0.758,0.052,0.090,1.113,1.335,3,NULL,NULL,,3,0,2,7,255,1400,250,0,0
stim,208565,238686,0,238686,3436014.454,-0.690,-0.009,-0.001,0.724,0,0,2931,0,3082,1184,2956,2968,43,0.968,1,2247,0,92.544,0.477,18.313,-90.563,5.250,-0.082,-0.063,1.098,0.250,-0.406,0.965,0.052,0.096,1.113,1.335,3,NULL,NULL,,3,0,2,7,255,1400,250,0,0
stim,208565,238686,0,238686,3436019.455,-0.690,-0.005,-0.003,0.724,0,0,2919,0,3082,1071,2963,2963,43,0.968,1,2247,0,97.769,0.733,26.063,-93.938,7.438,-0.086,-0.035,1.105,0.063,-0.730,1.012,0.050,0.102,1.113,1.335,3,NULL,NULL,,3,0,2,7,255,1400,250,0,0
stim,208565,238686,0,238686,3436024.454,-0.689,-0.002,-0.005,0.724,0,0,2905,0,3093,895,2969,2958,43,0.968,1,2247,0,100.248,0.877,24.625,-96.938,6.813,-0.078,0.016,1.148,-0.191,-0.855,1.012,0.050,0.106,1.113,1.335,3,NULL,NULL,,3,0,2,7,255,1400,250,0,0
stim,208593,238714,0,238714,3436029.455,-0.689,0.002,-0.007,0.725,0,0,2901,0,3093,728,2979,2963,43,0.968,1,2247,0,102.953,1.085,22.750,-100.250,5.625,-0.055,0.020,1.148,-0.668,-0.855,1.418,0.050,0.110,1.113,1.335,3,NULL,NULL,,3,0,2,7,255,1400,250,0,0
stim,208593,238714,0,238714,3436034.454,-0.689,0.006,-0.009,0.725,0,0,2877,0,3087,619,2981,2941,43,0.968,1,2247,0,109.003,1.024,27.688,-104.750,11.938,-0.023,0.047,1.160,-0.676,-0.770,1.422,0.048,0.116,1.113,1.335,3,NULL,NULL,,3,0,2,7,255,1400,250,0,0
stim,208593,238714,0,238714,3436039.455,-0.688,0.011,-0.012,0.726,0,0,2855,0,3084,535,2995,2935,43,0.968,1,2247,0,113.183,1.213,25.688,-109.313,14.188,-0.059,0.152,1.219,-0.938,-0.770,1.520,0.048,0.120,1.113,1.335,3,NULL,NULL,,3,0,2,7,255,1400,250,0,0
stim,208593,238714,0,238714,3436044.453,-0.687,0.015,-0.014,0.726,0,0,2836,0,3097,401,2991,2918,43,0.968,1,2247,0,114.189,1.488,23.375,-111.125,12.000,-0.008,0.094,1.180,-1.332,-0.664,1.711,0.046,0.124,1.113,1.335,3,NULL,NULL,,3,0,2,7,255,1400,250,0,0
stim,208593,238714,0,238714,3436049.455,-0.687,0.019,-0.017,0.727,0,0,2808,0,3091,249,2997,2904,43,0.968,1,2247,0,122.131,1.613,29.000,-116.875,20.375,-0.023,0.016,1.207,-1.332,-0.910,1.965,0.046,0.130,1.113,1.335,3,NULL,NULL,,3,0,2,7,255,1400,250,0,0
stim,208593,238714,0,238714,3436054.454,-0.686,0.024,-0.020,0.727,0,0,2791,0,3093,156,3003,2897,43,0.968,1,2247,0,122.572,1.613,14.375,-119.813,21.500,-0.051,0.238,1.355,-1.332,-0.910,1.965,0.044,0.134,1.113,1.335,3,NULL,NULL,,3,0,2,7,255,1400,250,0,0
stim,208633,238754,0,238754,3436059.457,-0.685,0.027,-0.023,0.728,0,0,2748,0,3093,103,3005,2873,43,0.968,1,2247,0,123.251,2.900,-8.125,-121.188,20.938,0.020,0.289,1.363,-2.719,-1.008,3.367,0.042,0.136,1.113,1.335,3,NULL,NULL,,3,0,2,7,255,1400,250,0,0
stim,208633,238754,0,238754,3436064.453,-0.684,0.031,-0.027,0.729,0,0,2714,0,3087,41,3005,2846,43,0.968,1,2247,0,131.705,3.107,-16.938,-127.000,30.500,-0.047,0.215,1.305,-2.719,-1.504,3.367,0.040,0.140,1.113,1.335,3,NULL,NULL,,3,0,2,7,255,1400,250,0,0
stim,208654,238775,0,238775,3436069.455,-0.682,0.034,-0.032,0.730,0,0,2693,0,3084,9,3018,2833,43,0.968,1,2247,0,136.306,2.981,-24.875,-130.938,28.563,-0.102,0.141,1.285,-2.449,-1.699,2.824,0.038,0.144,1.113,1.335,3,NULL,NULL,,3,0,2,7,255,1400,250,0,0
stim,208654,238775,0,238775,3436074.454,-0.681,0.038,-0.037,0.730,0,0,2648,0,3085,0,3015,2795,43,0.968,1,2247,0,140.225,2.552,-30.938,-134.938,22.313,-0.051,0.070,1.262,-1.688,-1.914,2.582,0.036,0.148,1.113,1.335,3,NULL,NULL,,3,0,2,7,255,1400,250,0,0
stim,208654,238775,0,238775,3436079.455,-0.680,0.041,-0.042,0.731,0,0,2589,0,3066,0,3008,2749,43,0.968,1,2247,0,144.689,2.509,-32.625,-139.125,22.688,-0.055,0.090,1.309,-1.289,-2.152,2.582,0.034,0.152,1.113,1.335,3,NULL,NULL,,3,0,2,7,255,1400,250,0,0
stim,208654,238775,0,238775,3436084.454,-0.679,0.044,-0.047,0.731,0,0,2553,0,3079,0,3013,2723,43,0.968,1,2247,0,148.630,2.509,-32.000,-143.250,23.375,-0.090,0.113,1.465,-1.289,-2.152,2.844,0.032,0.156,1.113,1.335,3,NULL,NULL,,3,0,2,7,255,1400,250,0,0
stim,208654,238775,0,238775,3436089.455,-0.678,0.048,-0.052,0.732,0,0,2506,0,3064,0,3025,2662,43,0.968,1,2247,0,155.989,3.279,-30.875,-150.188,28.688,-0.141,0.121,1.602,-1.570,-2.879,4.246,0.034,0.164,1.113,1.335,3,NULL,NULL,,3,0,2,7,255,1400,250,0,0
stim,208654,238775,0,238775,3436094.453,-0.677,0.052,-0.058,0.732,0,0,2450,0,3063,0,3007,2621,43,0.968,1,2247,0,166.637,4.068,-38.625,-159.438,29.250,-0.234,0.125,1.695,-1.641,-3.723,5.461,0.038,0.172,1.113,1.335,3,NULL,NULL,,3,0,2,7,255,1400,250,0,0
stim,208654,238775,0,238775,3436099.455,-0.675,0.056,-0.065,0.733,0,0,2387,0,3045,0,3007,2556,43,0.968,1,2247,0,181.557,5.296,-56.875,-170.438,26.063,-0.285,0.125,1.711,-1.676,-5.023,6.180,0.046,0.180,1.113,1.335,3,NULL,NULL,,3,0,2,7,255,1400,250,0,0
stim,208654,238775,0,238775,3436104.454,-0.674,0.059,-0.073,0.733,0,0,2316,0,3033,0,3001,2473,43,0.968,1,2247,0,198.476,6.021,-77.750,-181.438,20.688,-0.270,0.148,1.652,-1.695,-5.777,6.180,0.054,0.190,1.113,1.335,3,NULL,NULL,,3,0,2,7,255,1400,250,0,0
stim,208654,238775,1,238775,3436109.455,-0.673,0.063,-0.081,0.733,0,0,2227,0,3018,0,2988,2365,43,0.968,1,2247,0,210.470,6.025,-78.563,-194.438,17.875,-0.301,0.113,1.582,-1.695,-5.781,5.523,0.062,0.198,1.113,1.335,3,NULL,NULL,,3,1,2,7,255,1400,250,0,0
stim,208654,238775,1,238775,3436114.453,-0.672,0.067,-0.090,0.732,0,0,2142,0,3012,11,2981,2279,43,0.968,1,2247,0,222.926,6.051,-82.313,-206.500,16.688,-0.215,0.105,1.648,-1.773,-5.785,5.387,0.076,0.212,1.113,1.335,3,NULL,NULL,,3,1,2,7,255,1400,250,0,0
stim,208683,238804,1,238804,3436119.455,-0.670,0.071,-0.099,0.732,0,0,2057,0,2985,11,2943,2163,43,0.968,1,2247,0,242.458,6.444,-99.375,-220.188,20.688,-0.289,0.129,1.598,-1.773,-6.195,4.703,0.092,0.228,1.113,1.335,3,NULL,NULL,,3,1,2,7,255,1400,250,0,0
stim,208683,238804,1,238804,3436124.454,-0.669,0.075,-0.109,0.732,0,0,1961,0,2971,35,2936,2071,43,0.968,1,2247,0,253.162,6.924,-94.750,-234.563,9.688,-0.379,0.113,1.535,-1.836,-6.676,4.566,0.110,0.248,1.113,1.335,3,NULL,NULL,,3,1,2,7,255,1400,250,0,0
stim,208683,238804,1,238804,3436129.455,-0.667,0.081,-0.119,0.731,0,0,1879,0,2957,40,2905,1973,43,0.968,1,2247,0,265.357,7.551,-89.375,-249.813,4.500,-0.297,0.066,1.602,-1.836,-7.324,4.336,0.132,0.270,1.113,1.335,3,NULL,NULL,,3,1,2,7,255,1400,250,0,0
stim,208683,238804,1,238804,3436134.454,-0.666,0.087,-0.130,0.729,0,0,1757,0,2921,41,2859,1895,43,0.968,1,2247,0,282.244,7.877,-84.188,-269.375,3.375,-0.328,0.129,1.574,-1.836,-7.660,3.742,0.156,0.294,1.113,1.335,3,NULL,NULL,,3,1,2,7,255,1400,250,0,0
stim,208683,238804,1,238804,3436139.455,-0.664,0.094,-0.140,0.728,0,0,1647,0,2891,41,2803,1805,43,0.968,1,2247,0,289.523,8.248,-65.813,-281.938,-1.875,-0.262,0.168,1.723,-2.199,-7.949,4.336,0.182,0.322,1.113,1.335,3,NULL,NULL,,3,1,2,7,255,1400,250,0,0
stim,208683,238804,1,238804,3436144.453,-0.662,0.102,-0.151,0.727,0,0,1532,0,2848,36,2743,1723,43,0.968,1,2247,0,303.805,8.644,-53.125,-299.063,6.063,-0.289,0.191,2.035,-2.816,-8.172,5.074,0.210,0.350,1.113,1.335,3,NULL,NULL,,3,1,2,7,255,1400,250,0,0
stim,208713,238834,1,238834,3436149.455,-0.660,0.110,-0.162,0.726,0,0,1463,0,2805,29,2643,1629,43,0.968,1,2247,0,321.926,10.443,-62.000,-315.688,11.563,-0.379,0.285,2.293,-3.305,-9.906,7.559,0.244,0.384,1.113,1.335,3,NULL,NULL,,3,1,2,7,255,1400,250,0,0
stim,208713,238834,1,238834,3436154.454,-0.657,0.118,-0.173,0.724,0,0,1337,0,2748,4,2537,1524,43,0.968,1,2247,0,337.011,12.983,-74.750,-328.563,-5.938,-0.387,0.332,2.426,-4.367,-12.227,9.172,0.280,0.420,1.113,1.335,3,NULL,NULL,,3,1,2,7,255,1400,250,0,0
stim,208713,238834,1,238834,3436159.455,-0.656,0.127,-0.186,0.721,0,0,1239,0,2672,0,2395,1405,43,0.968,1,2247,0,347.749,14.319,-75.250,-338.813,-21.750,-0.332,0.410,2.570,-5.000,-13.418,9.863,0.316,0.458,1.113,1.335,3,NULL,NULL,,3,1,2,7,255,1400,250,0,0
stim,208713,238834,1,238834,3436164.453,-0.654,0.135,-0.198,0.718,0,0,1111,0,2591,0,2231,1293,43,0.968,1,2247,0,360.770,15.393,-98.750,-346.250,-22.688,-0.301,0.551,2.617,-6.008,-14.172,10.730,0.354,0.496,1.113,1.335,3,NULL,NULL,,3,1,2,7,255,1400,250,0,0
stim,208751,238872,1,238872,3436169.455,-0.652,0.142,-0.213,0.714,0,0,964,0,2475,0,1991,1159,43,0.968,1,2247,0,380.525,16.619,-145.625,-350.563,-26.438,-0.324,0.578,2.445,-7.582,-14.789,10.730,0.396,0.538,1.113,1.335,3,NULL,NULL,,3,1,2,7,255,1400,250,0,0
stim,208751,238872,1,238872,3436174.454,-0.649,0.148,-0.228,0.710,0,0,755,0,2343,0,1727,1039,43,0.968,1,2247,0,398.825,16.619,-171.500,-359.750,-15.125,-0.344,0.258,2.121,-7.582,-14.789,8.602,0.442,0.584,1.113,1.335,3,NULL,NULL,,3,1,2,7,255,1400,250,0,0
stim,208751,238872,1,238872,3436179.455,-0.647,0.155,-0.244,0.706,0,0,567,0,2153,0,1388,940,43,0.968,1,2247,0,411.159,14.557,-164.813,-376.563,-9.438,-0.230,-0.074,1.766,-4.664,-13.789,5.723,0.494,0.636,1.113,1.335,3,NULL,NULL,,3,1,2,7,255,1400,250,0,0
stim,208751,238872,1,238872,3436184.453,-0.643,0.163,-0.260,0.702,0,0,371,0,1947,0,970,792,43,0.968,1,2247,0,417.429,11.465,-148.313,-390.188,1.938,-0.008,-0.344,1.297,-1.336,-11.387,3.445,0.554,0.694,1.113,1.335,3,NULL,NULL,,3,1,2,7,255,1400,250,0,0
stim,208751,238872,1,238872,3436189.455,-0.638,0.172,-0.274,0.698,0,0,266,0,1699,0,505,653,43,0.968,1,2247,0,411.755,7.516,-91.500,-401.438,4.250,0.238,-0.336,1.020,1.449,-7.375,1.020,0.618,0.760,1.113,1.335,3,NULL,NULL,,3,1,2,7,255,1400,250,0,0
stim,208751,238872,1,238872,3436194.453,-0.633,0.184,-0.286,0.696,0,0,229,0,1401,0,201,525,43,0.968,1,2247,0,411.587,4.427,-9.563,-411.125,17.000,0.367,-0.227,1.109,1.449,-4.184,1.020,0.686,0.826,1.113,1.335,3,NULL,NULL,,3,1,2,7,255,1400,250,0,0
stim,208782,238903,1,238903,3436199.455,-0.625,0.198,-0.295,0.695,0,0,170,0,1069,0,0,447,43,0.968,1,2247,0,418.858,4.185,81.563,-409.188,36.813,0.188,0.059,1.336,0.113,-4.184,0.996,0.754,0.894,1.113,1.335,3,NULL,NULL,,3,1,2,7,255,1400,250,0,0
stim,208782,238903,1,238903,3436204.454,-0.617,0.212,-0.304,0.694,0,0,108,0,712,0,0,378,43,0.968,1,2247,0,430.278,7.733,83.563,-418.438,55.375,0.031,0.258,2.258,-2.527,-7.309,1.137,0.814,0.956,1.113,1.335,3,NULL,NULL,,3,1,2,7,255,1400,250,0,0
stim,208782,238903,1,238903,3436209.455,-0.608,0.223,-0.316,0.693,0,0,107,0,327,0,0,302,43,0.968,1,2247,0,422.644,15.520,2.188,-411.938,94.500,-0.113,0.137,2.363,-3.691,-15.074,5.277,0.870,1.014,1.113,1.335,3,NULL,NULL,,3,1,2,7,255,1400,250,0,0
stim,208782,238903,1,238903,3436214.453,-0.598,0.231,-0.331,0.693,0,0,73,0,18,0,0,227,43,0.968,1,2247,0,452.133,17.767,-75.750,-416.563,158.625,-0.410,0.211,2.168,-3.691,-17.379,5.277,0.922,1.068,1.113,1.335,3,NULL,NULL,,3,1,2,7,255,1400,250,0,0
stim,208782,238903,1,238903,3436219.455,-0.588,0.237,-0.348,0.691,0,0,85,0,0,0,0,150,43,0.968,1,2247,0,459.631,17.767,-147.750,-402.875,164.688,-0.488,0.840,1.598,-3.691,-17.379,1.090,0.968,1.114,1.113,1.335,4,NULL,NULL,,3,1,2,7,255,1400,250,0,0
stim,208782,238903,1,238903,3436224.454,-0.580,0.242,-0.363,0.688,0,0,61,0,0,0,0,83,43,0.968,1,2247,0,427.935,17.808,-168.188,-377.000,112.750,-0.426,1.184,1.141,-8.918,-15.414,-5.137,1.014,1.162,1.113,1.335,0,NULL,NULL,,3,1,2,7,255,1400,250,0,0
stim,208782,238903,1,238903,3436229.455,-0.574,0.246,-0.378,0.684,0,0,70,0,0,0,0,61,43,0.968,1,2247,0,398.078,16.708,-165.625,-350.875,89.000,-0.387,1.230,1.129,-11.809,-11.820,-8.891,1.064,1.214,1.113,1.335,0,NULL,NULL,,3,1,2,7,255,1400,250,0,0
stim,208782,238903,1,238903,3436234.453,-0.567,0.249,-0.393,0.680,0,0,82,0,0,0,0,79,43,0.968,1,2247,0,395.828,16.708,-198.688,-322.188,115.750,-0.520,0.926,1.262,-11.809,-11.820,-9.301,1.120,1.272,1.113,1.335,0,NULL,NULL,,3,1,2,7,255,1400,250,0,0
stim,208808,238929,1,238929,3436239.455,-0.562,0.249,-0.409,0.675,0,0,77,0,0,0,0,105,43,0.968,1,2247,0,397.636,14.859,-269.375,-280.375,83.313,-0.309,0.594,1.109,-9.328,-11.566,-9.301,1.188,1.340,1.113,1.335,0,NULL,NULL,,3,1,2,7,255,1400,250,0,0
stim,208808,238929,1,238929,3436244.454,-0.560,0.248,-0.422,0.668,0,0,79,0,0,0,0,163,43,0.968,1,2247,0,336.752,12.679,-255.813,-217.563,25.063,-0.098,-0.059,0.879,-6.609,-10.820,-8.117,1.260,1.414,1.113,1.335,0,NULL,NULL,,3,1,2,7,255,1400,250,0,0
stim,208808,238929,1,238929,3436249.455,-0.558,0.248,-0.433,0.664,0,0,72,0,0,0,0,180,43,0.968,1,2247,0,261.781,8.530,-197.063,-170.313,26.250,-0.047,-0.270,0.977,-0.762,-8.496,-6.016,1.334,1.490,1.113,1.335,0,NULL,NULL,,3,1,2,7,255,1400,250,0,0
stim,208808,238929,1,238929,3436254.454,-0.556,0.245,-0.442,0.660,0,0,71,0,0,0,0,180,43,0.968,1,2247,0,231.464,8.530,-193.500,-119.313,43.563,-0.117,-0.086,1.156,-0.762,-8.496,-5.027,1.412,1.568,1.113,1.335,0,NULL,NULL,,3,1,2,7,255,1400,250,0,0
stim,208808,238929,1,238929,3436259.455,-0.557,0.240,-0.450,0.655,0,0,61,0,0,0,0,179,43,0.968,1,2247,0,255.926,8.588,-245.500,-60.313,39.875,-0.227,0.047,0.844,-1.250,-8.496,-5.027,1.492,1.650,1.113,1.335,0,NULL,NULL,,3,1,2,7,255,1400,250,0,0
stim,208808,238929,1,238929,3436264.453,-0.558,0.233,-0.459,0.651,0,0,59,0,0,0,0,147,43,0.968,1,2247,0,268.210,8.432,-265.563,-5.500,37.188,-0.234,0.297,0.176,-1.703,-8.258,-7.910,1.574,1.730,1.113,1.335,0,NULL,NULL,,3,1,2,7,255,1400,250,0,0
stim,208864,238985,1,238985,3436269.455,-0.560,0.226,-0.464,0.648,0,0,70,0,0,0,0,136,43,0.968,1,2247,0,227.359,3.627,-219.500,45.938,37.438,-0.195,0.422,-0.313,-2.613,-2.516,-11.930,1.652,1.810,1.113,1.335,0,NULL,NULL,,3,1,2,7,255,1400,250,0,0
stim,208864,238985,1,238985,3436274.454,-0.562,0.219,-0.466,0.647,0,0,59,0,0,0,0,115,43,0.968,1,2247,0,156.988,3.235,-125.188,85.000,41.813,-0.172,0.313,-0.504,-2.613,1.906,-14.270,1.722,1.880,1.113,1.335,0,NULL,NULL,,3,1,2,7,255,1400,250,0,0
stim,208864,238985,1,238985,3436279.455,-0.564,0.214,-0.465,0.648,0,0,55,0,0,0,0,115,43,0.968,1,2247,0,129.773,2.227,-46.813,110.563,49.250,-0.262,0.215,-0.227,-1.152,1.906,-14.270,1.780,1.940,1.113,1.335,0,NULL,NULL,,3,1,2,7,255,1400,250,0,0
stim,208864,238985,1,238985,3436284.453,-0.565,0.209,-0.462,0.651,0,0,53,0,0,0,0,110,43,0.968,1,2247,0,146.336,0.968,-20.625,133.875,55.375,-0.273,0.035,0.086,-0.711,0.656,-13.680,1.830,1.990,1.113,1.335,0,NULL,NULL,,3,1,2,7,255,1400,250,0,0
stim,208864,238985,1,238985,3436289.455,-0.566,0.203,-0.460,0.653,0,0,47,0,0,0,0,110,43,0.968,1,2247,0,165.519,1.951,-24.000,147.063,72.063,-0.270,-0.043,0.051,0.078,-1.949,-11.672,1.870,2.030,1.113,1.335,0,NULL,NULL,,3,1,2,7,255,1400,250,0,0
stim,208864,238985,1,238985,3436294.454,-0.567,0.196,-0.457,0.656,0,0,44,0,0,0,0,110,43,0.968,1,2247,0,178.009,2.141,-15.000,153.250,89.313,-0.324,-0.016,-0.055,0.887,-1.949,-11.672,1.894,2.058,1.113,1.335,0,NULL,NULL,,3,1,2,7,255,1400,250,0,0
stim,208864,238985,1,238985,3436299.455,-0.568,0.190,-0.454,0.660,0,0,31,0,0,0,0,108,43,0.968,1,2247,0,184.351,1.682,17.938,156.625,95.563,-0.473,0.172,-0.258,0.887,-1.430,-12.473,1.908,2.070,1.113,1.335,0,NULL,NULL,,3,1,2,7,255,1400,250,0,0
stim,208864,238985,1,238985,3436304.453,-0.568,0.186,-0.448,0.665,0,0,28,0,0,0,0,101,43,0.968,1,2247,0,188.563,1.487,62.250,159.188,79.625,-0.527,0.277,-0.125,0.410,-1.430,-15.320,1.908,2.072,1.113,1.335,0,NULL,NULL,,3,1,2,7,255,1400,250,0,0
stim,208864,238985,1,238985,3436309.457,-0.568,0.182,-0.442,0.669,0,0,24,0,0,0,0,93,43,0.968,1,2247,0,199.191,1.981,86.688,161.938,77.063,-0.422,0.152,0.063,-0.449,-1.930,-15.320,1.890,2.054,1.113,1.335,0,NULL,NULL,,3,1,2,7,255,1400,250,0,0
stim,208864,238985,1,238985,3436314.454,-0.569,0.177,-0.436,0.674,0,0,26,0,0,0,0,93,43,0.968,1,2247,0,208.013,3.024,90.813,165.063,88.188,-0.453,0.152,0.223,-0.750,-2.930,-13.180,1.868,2.034,1.113,1.335,0,NULL,NULL,,3,1,2,7,255,1400,250,0,0
stim,208864,238985,1,238985,3436319.455,-0.569,0.173,-0.430,0.680,0,0,33,0,0,0,0,85,43,0.968,1,2247,0,209.621,4.500,90.063,167.125,88.875,-0.574,0.199,0.297,-0.770,-4.434,-13.047,1.848,2.014,1.113,1.335,0,NULL,NULL,,3,1,2,7,255,1400,250,0,0
stim,208864,238985,1,238985,3436324.454,-0.569,0.169,-0.423,0.684,0,0,33,0,0,0,0,93,43,0.968,1,2247,0,207.694,5.832,95.813,168.625,74.313,-0.664,0.168,0.383,-0.770,-5.781,-12.996,1.828,1.996,1.113,1.335,0,NULL,NULL,,3,1,2,7,255,1400,250,0,0
stim,208894,239015,1,239015,3436329.455,-0.570,0.165,-0.417,0.689,0,0,34,0,0,0,0,91,43,0.968,1,2247,0,202.816,7.105,98.000,169.688,52.313,-0.691,0.160,0.543,-0.992,-7.035,-12.996,1.818,1.986,1.113,1.335,0,NULL,NULL,,3,1,2,7,255,1400,250,0,0
stim,208894,239015,1,239015,3436334.453,-0.572,0.162,-0.410,0.692,0,0,37,0,0,0,0,101,43,0.968,1,2247,0,196.435,8.527,87.375,173.313,30.250,-0.645,0.152,0.691,-0.992,-8.469,-12.094,1.814,1.982,1.113,1.335,0,NULL,NULL,,3,1,2,7,255,1400,250,0,0
stim,208894,239015,1,239015,3436339.455,-0.574,0.158,-0.403,0.695,0,0,38,0,0,0,0,109,43,0.968,1,2247,0,193.688,9.193,68.875,180.125,18.063,-0.555,0.105,0.742,-1.426,-9.082,-10.719,1.814,1.984,1.113,1.335,0,NULL,NULL,,3,1,2,7,255,1400,250,0,0
stim,208894,239015,1,239015,3436344.454,-0.577,0.153,-0.397,0.697,0,0,36,0,0,0,0,119,43,0.968,1,2247,0,195.062,9.249,50.875,187.813,13.688,-0.559,0.117,0.746,-1.438,-9.137,-9.477,1.822,1.994,1.113,1.335,0,NULL,NULL,,3,1,2,7,255,1400,250,0,0
stim,208894,239015,1,239015,3436349.455,-0.580,0.148,-0.391,0.699,0,0,27,0,0,0,0,119,43,0.968,1,2247,0,200.849,9.267,36.188,197.563,0.000,-0.617,0.148,0.738,-1.551,-9.137,-9.477,1.840,2.014,1.113,1.335,0,NULL,NULL,,3,1,2,7,255,1400,250,0,0
stim,208894,239015,1,239015,3436354.453,-0.584,0.143,-0.385,0.700,0,0,13,0,0,0,0,125,43,0.968,1,2247,0,211.920,9.284,25.438,209.188,-22.438,-0.586,0.133,0.707,-1.645,-9.137,-9.551,1.864,2.038,1.113,1.335,0,NULL,NULL,,3,1,2,7,255,1400,250,0,0
stim,208928,239049,0,239049,3436359.457,-0.590,0.138,-0.378,0.700,0,0,0,0,0,0,0,125,43,0.968,1,2247,0,226.669,9.145,18.000,222.063,-41.750,-0.500,0.086,0.660,-1.645,-8.996,-9.551,1.894,2.070,1.113,1.335,0,NULL,NULL,,3,0,2,7,255,1399,250,0,0
stim,208928,239049,0,239049,3436364.454,-0.595,0.132,-0.371,0.700,0,0,0,0,0,0,0,145,43,0.968,1,2247,0,243.067,8.190,14.688,236.875,-52.500,-0.414,0.043,0.602,-1.375,-8.074,-8.977,1.934,2.110,1.113,1.335,0,NULL,NULL,,3,0,2,7,255,1399,250,0,0
stim,208973,239094,0,239094,3436369.455,-0.601,0.126,-0.364,0.700,0,0,0,0,0,0,0,151,43,0.968,1,2247,0,258.593,7.172,16.313,251.375,-58.438,-0.402,0.074,0.559,-1.375,-7.039,-8.715,1.978,2.158,1.113,1.335,0,NULL,NULL,,3,0,2,7,255,1399,250,0,0
stim,208973,239094,0,239094,3436374.454,-0.607,0.120,-0.356,0.700,0,0,0,0,0,0,0,147,43,0.968,1,2247,0,275.512,6.778,23.688,266.063,-67.500,-0.379,0.090,0.523,-1.375,-6.637,-8.715,2.026,2.206,1.113,1.335,0,NULL,NULL,,3,0,2,7,255,1399,250,0,0
stim,208973,239094,0,239094,3436379.455,-0.614,0.113,-0.347,0.700,0,0,0,0,0,0,0,147,43,0.968,1,2247,0,291.123,6.393,34.938,279.000,-75.438,-0.344,0.094,0.516,-1.547,-6.203,-8.715,2.076,2.258,1.113,1.335,0,NULL,NULL,,3,0,2,7,255,1399,250,0,0
stim,208973,239094,0,239094,3436384.454,-0.621,0.107,-0.337,0.699,0,0,0,0,0,0,0,151,43,0.968,1,2247,0,305.464,6.079,46.500,290.625,-81.750,-0.324,0.094,0.531,-1.703,-5.836,-8.469,2.126,2.310,1.113,1.335,0,NULL,NULL,,3,0,2,7,255,1399,250,0,0
stim,208973,239094,0,239094,3436389.455,-0.628,0.101,-0.327,0.699,0,0,1,0,0,0,0,148,43,0.968,1,2247,0,318.475,5.963,60.188,300.875,-85.313,-0.281,0.047,0.539,-1.703,-5.715,-8.090,2.176,2.362,1.113,1.335,0,NULL,NULL,,3,0,2,7,255,1399,250,0,0
stim,208973,239094,0,239094,3436394.453,-0.635,0.095,-0.316,0.699,0,0,3,0,0,0,0,145,43,0.968,1,2247,0,329.093,5.665,79.250,308.250,-83.688,-0.246,0.051,0.586,-1.836,-5.359,-7.520,2.222,2.410,1.113,1.335,0,NULL,NULL,,3,0,2,7,255,1399,250,0,0
stim,208973,239094,0,239094,3436399.455,-0.641,0.090,-0.304,0.699,0,0,5,0,0,0,0,149,43,0.968,1,2247,0,339.914,5.574,94.438,313.813,-90.250,-0.113,0.039,0.637,-1.840,-5.262,-6.828,2.266,2.454,1.113,1.335,0,NULL,NULL,,3,0,2,7,255,1399,250,0,0
stim,208973,239094,0,239094,3436404.454,-0.648,0.084,-0.291,0.699,0,0,9,0,0,0,0,149,43,0.968,1,2247,0,345.719,4.721,108.813,316.250,-87.563,0.012,-0.035,0.621,-1.840,-4.348,-5.590,2.304,2.496,1.113,1.335,0,NULL,NULL,,3,0,2,7,255,1399,250,0,0
stim,208973,239094,0,239094,3436409.455,-0.654,0.080,-0.278,0.699,0,0,8,0,0,0,0,151,43,0.968,1,2247,0,347.977,3.744,132.063,313.500,-73.250,0.027,0.109,0.684,-2.098,-3.102,-4.734,2.342,2.532,1.113,1.335,0,NULL,NULL,,3,0,2,7,255,1399,250,0,0
stim,208973,239094,0,239094,3436414.454,-0.660,0.076,-0.264,0.700,0,0,5,0,0,0,0,149,43,0.968,1,2247,0,354.254,4.331,152.188,312.188,-69.813,0.027,0.152,0.785,-3.023,-3.102,-4.516,2.374,2.568,1.113,1.335,0,NULL,NULL,,3,0,2,7,255,1399,250,0,0
stim,208973,239094,0,239094,3436419.455,-0.665,0.072,-0.250,0.700,0,0,2,0,0,0,0,149,43,0.968,1,2247,0,356.570,4.537,166.250,309.375,-61.563,0.023,0.063,0.906,-3.023,-3.383,-3.664,2.404,2.598,1.113,1.335,0,NULL,NULL,,3,0,2,7,255,1399,250,0,0
stim,208973,239094,0,239094,3436424.454,-0.669,0.068,-0.236,0.701,0,0,2,0,0,0,0,145,43,0.968,1,2247,0,358.440,5.059,175.688,307.563,-54.938,0.004,0.082,1.008,-3.344,-3.797,-2.285,2.432,2.628,1.113,1.335,0,NULL,NULL,,3,0,2,7,255,1399,250,0,0
stim,208996,239117,0,239117,3436429.455,-0.674,0.065,-0.221,0.702,0,0,0,0,0,0,0,158,43,0.968,1,2247,0,362.051,5.347,183.813,307.188,-54.125,-0.008,0.160,1.129,-3.344,-4.172,-1.387,2.458,2.656,1.113,1.335,0,NULL,NULL,,3,0,2,7,255,1399,250,0,0
stim,208996,239117,0,239117,3436434.454,-0.678,0.062,-0.206,0.703,0,0,0,0,0,0,0,153,43,0.968,1,2247,0,365.213,6.176,191.313,306.813,-51.438,0.012,0.152,1.277,-4.227,-4.504,-0.418,2.480,2.680,1.113,1.335,0,NULL,NULL,,3,0,2,7,255,1399,250,0,0
stim,208996,239117,0,239117,3436439.455,-0.682,0.059,-0.191,0.704,0,0,0,0,0,0,0,153,43,0.968,1,2247,0,364.672,6.314,190.875,307.125,-47.188,-0.012,0.184,1.457,-4.348,-4.578,1.145,2.502,2.704,1.113,1.335,0,NULL,NULL,,3,0,2,7,255,1399,250,0,0
stim,208996,239117,0,239117,3436444.453,-0.686,0.055,-0.176,0.704,0,0,0,0,0,0,0,163,43,0.968,1,2247,0,358.703,7.011,180.063,306.625,-47.188,-0.051,0.184,1.617,-4.805,-5.105,2.832,2.526,2.728,1.113,1.335,0,NULL,NULL,,3,0,2,7,255,1399,250,0,0
stim,209014,239135,0,239135,3436449.455,-0.689,0.051,-0.162,0.704,0,0,0,0,0,0,0,155,43,0.968,1,2247,0,350.005,7.280,162.875,305.188,-53.250,-0.047,0.176,1.707,-4.805,-5.469,4.352,2.548,2.752,1.113,1.335,0,NULL,NULL,,3,0,2,7,255,1399,250,0,0
stim,209014,239135,0,239135,3436454.454,-0.693,0.047,-0.148,0.704,0,0,0,0,0,0,0,159,43,0.968,1,2247,0,342.758,7.360,145.438,305.000,-57.500,0.000,0.199,1.785,-4.926,-5.469,5.426,2.574,2.780,1.113,1.335,0,NULL,NULL,,3,0,2,7,255,1399,250,0,0
stim,209014,239135,0,239135,3436459.455,-0.697,0.042,-0.135,0.703,0,0,0,0,0,0,0,159,43,0.968,1,2247,0,333.182,6.851,124.500,304.000,-55.625,0.020,0.199,1.832,-4.906,-4.781,6.426,2.600,2.808,1.113,1.335,0,NULL,NULL,,3,0,2,7,255,1399,250,0,0
stim,209014,239135,0,239135,3436464.453,-0.700,0.036,-0.123,0.702,0,0,0,0,0,0,0,159,43,0.968,1,2247,0,324.165,6.512,100.125,302.750,-58.313,-0.012,0.180,1.793,-4.906,-4.281,6.809,2.630,2.836,1.113,1.335,0,NULL,NULL,,3,0,2,7,255,1399,250,0,0
stim,209052,239173,0,239173,3436469.455,-0.704,0.030,-0.111,0.701,0,0,0,0,0,0,0,163,43,0.968,1,2247,0,319.599,6.054,84.750,300.688,-67.438,-0.020,0.137,1.734,-4.523,-4.023,6.809,2.658,2.868,1.113,1.335,0,NULL,NULL,,3,0,2,7,255,1399,250,0,0
stim,209052,239173,0,239173,3436474.454,-0.708,0.023,-0.099,0.699,0,0,0,0,0,0,0,163,43,0.968,1,2247,0,314.138,5.242,71.313,298.313,-67.875,0.070,0.090,1.727,-3.871,-3.535,6.684,2.690,2.900,1.113,1.335,0,NULL,NULL,,3,0,2,7,255,1399,250,0,0
stim,209052,239173,0,239173,3436479.455,-0.711,0.016,-0.088,0.697,0,0,1,0,0,0,0,163,43,0.968,1,2247,0,306.291,4.254,50.938,295.750,-61.250,0.078,0.152,1.578,-3.617,-2.238,6.441,2.722,2.934,1.113,1.335,0,NULL,NULL,,3,0,2,7,255,1399,250,0,0
stim,209052,239173,0,239173,3436484.453,-0.714,0.009,-0.077,0.695,0,0,1,0,0,0,0,158,43,0.968,1,2247,0,304.632,3.628,53.500,293.125,-63.375,0.031,0.094,1.516,-3.309,-1.488,5.270,2.754,2.968,1.113,1.335,0,NULL,NULL,,3,0,2,7,255,1399,250,0,0
stim,209052,239173,0,239173,3436489.455,-0.718,0.003,-0.067,0.693,0,0,9,0,0,0,0,157,43,0.968,1,2247,0,300.605,3.267,54.313,288.813,-63.250,0.094,0.102,1.492,-2.914,-1.477,4.719,2.786,3.000,1.113,1.335,0,NULL,NULL,,3,0,2,7,255,1399,250,0,0
stim,209052,239173,0,239173,3436494.453,-0.720,-0.004,-0.056,0.691,0,0,14,0,0,0,0,165,43,0.968,1,2247,0,297.231,2.976,58.563,285.188,-59.875,0.039,0.121,1.457,-2.914,-0.602,4.594,2.816,3.032,1.113,1.335,0,NULL,NULL,,3,0,2,7,255,1399,250,0,0
stim,209080,239201,0,239201,3436499.455,-0.723,-0.010,-0.045,0.689,0,0,5,0,0,0,0,169,43,0.968,1,2247,0,297.729,2.874,71.813,280.625,-68.813,0.164,0.027,1.496,-2.832,-0.492,4.594,2.844,3.060,1.113,1.335,0,NULL,NULL,,3,0,2,7,255,1399,250,0,0
stim,209080,239201,0,239201,3436504.454,-0.726,-0.015,-0.034,0.687,0,0,10,0,0,0,0,171,43,0.968,1,2247,0,297.953,2.090,85.688,277.938,-64.688,0.246,-0.160,1.586,-1.895,0.883,4.797,2.868,3.086,1.113,1.335,0,NULL,NULL,,3,0,2,7,255,1399,250,0,0
stim,209080,239201,0,239201,3436509.455,-0.728,-0.020,-0.022,0.685,0,0,9,0,0,0,0,159,43,0.968,1,2247,0,296.543,2.693,85.188,279.938,-48.125,0.230,0.098,1.688,-1.895,1.914,5.887,2.886,3.104,1.113,1.335,0,NULL,NULL,,3,0,2,7,255,1399,250,0,0
stim,209080,239201,0,239201,3436514.453,-0.730,-0.026,-0.011,0.683,0,0,13,0,0,0,0,157,43,0.968,1,2247,0,289.610,3.075,74.813,278.438,-27.375,0.035,0.438,1.563,-2.406,1.914,5.887,2.902,3.122,1.113,1.335,0,NULL,NULL,,3,0,2,7,255,1399,250,0,0
stim,209080,239201,0,239201,3436519.455,-0.731,-0.032,0.000,0.681,0,0,9,0,0,0,0,159,43,0.968,1,2247,0,293.078,5.290,82.375,278.250,-41.063,-0.027,0.406,1.563,-5.207,0.934,5.164,2.914,3.136,1.113,1.335,0,NULL,NULL,,3,0,2,7,255,1399,250,0,0
stim,209080,239201,0,239201,3436524.454,-0.733,-0.036,0.012,0.680,0,0,14,0,0,0,0,157,43,0.968,1,2247,0,288.546,5.290,99.250,268.563,-35.813,0.008,0.285,1.727,-5.207,0.934,5.164,2.926,3.148,1.113,1.335,0,NULL,NULL,,3,0,2,7,255,1399,250,0,0
stim,209080,239201,0,239201,3436529.455,-0.734,-0.041,0.023,0.678,0,0,12,0,0,0,0,155,43,0.968,1,2247,0,280.276,4.181,93.250,261.188,-40.500,0.082,0.098,1.820,-3.934,1.418,6.840,2.934,3.158,1.113,1.335,0,NULL,NULL,,3,0,2,7,255,1399,250,0,0
stim,209080,239201,0,239201,3436534.453,-0.735,-0.045,0.033,0.676,0,0,14,0,0,0,0,157,43,0.968,1,2247,0,270.267,3.147,96.625,250.375,-31.938,0.164,0.090,1.809,-1.922,2.492,7.574,2.942,3.166,1.113,1.335,0,NULL,NULL,,3,0,2,7,255,1399,250,0,0
stim,209104,239225,0,239225,3436539.455,-0.736,-0.049,0.044,0.674,0,0,9,0,0,0,0,152,43,0.968,1,2247,0,265.441,4.093,96.688,245.938,-25.000,0.191,0.293,1.832,-1.922,3.613,7.594,2.946,3.174,1.113,1.335,0,NULL,NULL,,3,0,2,7,255,1399,250,0,0
stim,209104,239225,0,239225,3436544.454,-0.736,-0.053,0.055,0.672,0,0,15,0,0,0,0,154,43,0.968,1,2247,0,260.876,5.558,99.188,240.500,-19.438,0.352,0.355,1.773,-3.352,4.434,7.574,2.950,3.178,1.113,1.335,0,NULL,NULL,,3,0,2,7,255,1399,250,0,0
stim,209104,239225,0,239225,3436549.455,-0.736,-0.056,0.065,0.671,0,0,18,0,0,0,0,155,43,0.968,1,2247,0,263.710,7.144,114.938,237.313,-3.875,0.395,0.305,1.828,-3.352,6.309,7.074,2.952,3.180,1.113,1.335,0,NULL,NULL,,3,0,2,7,255,1399,250,0,0
stim,209104,239225,0,239225,3436554.453,-0.736,-0.059,0.077,0.670,0,0,13,0,0,0,0,153,43,0.968,1,2247,0,264.805,7.669,123.375,234.125,9.250,0.496,0.273,1.789,-2.887,7.105,6.695,2.952,3.182,1.113,1.335,0,NULL,NULL,,3,0,2,7,255,1399,250,0,0
stim,209104,239225,0,239225,3436559.455,-0.735,-0.061,0.088,0.669,0,0,13,0,0,0,0,147,43,0.968,1,2247,0,271.351,8.638,139.438,232.063,18.313,0.500,0.289,1.988,-2.277,8.332,7.074,2.948,3.180,1.113,1.335,0,NULL,NULL,,3,0,2,7,255,1399,250,0,0
stim,209104,239225,0,239225,3436564.454,-0.734,-0.064,0.099,0.669,0,0,17,0,0,0,0,149,43,0.968,1,2247,0,265.309,9.382,130.438,229.563,26.000,0.574,0.332,1.965,-2.262,9.105,7.656,2.942,3.174,1.113,1.335,0,NULL,NULL,,3,0,2,7,255,1399,250,0,0
stim,209157,239278,0,239278,3436569.455,-0.732,-0.066,0.111,0.669,0,0,19,0,0,0,0,142,43,0.968,1,2247,0,267.618,10.370,137.188,226.500,38.688,0.633,0.230,2.012,-2.152,10.145,7.754,2.932,3.164,1.113,1.335,0,NULL,NULL,,3,0,2,7,255,1399,250,0,0
stim,209157,239278,0,239278,3436574.454,-0.730,-0.068,0.122,0.668,0,0,13,0,0,0,0,141,43,0.968,1,2247,0,268.809,11.079,141.063,224.125,46.125,0.645,0.238,2.078,-0.984,11.035,7.754,2.918,3.150,1.113,1.335,0,NULL,NULL,,3,0,2,7,255,1399,250,0,0
stim,209157,239278,0,239278,3436579.455,-0.728,-0.070,0.134,0.669,0,0,21,0,0,0,0,139,43,0.968,1,2247,0,271.423,11.666,140.438,222.375,67.063,0.684,0.227,2.125,-0.770,11.641,8.156,2.898,3.132,1.113,1.335,0,NULL,NULL,,3,0,2,7,255,1399,250,0,0
stim,209157,239278,0,239278,3436584.453,-0.725,-0.071,0.145,0.669,0,0,16,0,0,0,0,143,43,0.968,1,2247,0,272.241,12.473,139.875,222.063,72.375,0.707,0.289,2.156,-0.695,12.453,8.270,2.874,3.110,1.113,1.335,0,NULL,NULL,,3,0,2,7,255,1399,250,0,0
stim,209157,239278,0,239278,3436589.455,-0.722,-0.072,0.157,0.670,0,0,17,0,0,0,0,147,43,0.968,1,2247,0,286.178,13.134,169.375,212.125,90.625,0.598,0.250,2.547,-0.379,13.129,8.320,2.846,3.082,1.113,1.335,0,NULL,NULL,,3,0,2,7,255,1399,250,0,0
stim,209157,239278,0,239278,3436594.454,-0.718,-0.072,0.168,0.671,0,0,17,0,0,0,0,153,43,0.968,1,2247,0,271.090,13.588,157.000,199.000,96.125,0.773,0.391,2.965,-0.258,13.586,12.023,2.814,3.050,1.113,1.335,0,NULL,NULL,,3,0,2,7,255,1399,250,0,0
stim,209157,239278,0,239278,3436599.455,-0.715,-0.079,0.176,0.672,0,0,22,0,0,0,0,152,43,0.968,1,2247,0,235.110,13.940,3.688,231.813,39.063,0.813,-0.164,1.934,0.270,13.938,12.023,2.776,3.012,1.113,1.335,0,NULL,NULL,,3,0,2,7,255,1399,250,0,0
stim,209157,239278,0,239278,3436604.453,-0.712,-0.085,0.184,0.673,0,0,20,0,0,0,0,161,43,0.968,1,2247,0,242.558,13.970,11.500,230.688,74.063,0.992,0.039,1.016,0.945,13.938,4.809,2.734,2.972,1.113,1.335,0,NULL,NULL,,3,0,2,7,255,1399,250,0,0
stim,209157,239278,0,239278,3436609.456,-0.708,-0.086,0.195,0.674,0,0,19,0,0,0,0,165,43,0.968,1,2247,0,281.152,13.081,145.813,217.438,102.500,0.984,0.238,1.074,0.945,13.047,-3.719,2.688,2.926,1.113,1.335,0,NULL,NULL,,3,0,2,7,255,1399,250,0,0
stim,209157,239278,0,239278,3436614.454,-0.704,-0.084,0.208,0.674,0,0,23,0,0,0,0,168,43,0.968,1,2247,0,320.905,13.081,223.750,203.438,107.375,0.801,-0.203,1.754,0.945,13.047,-3.719,2.638,2.878,1.113,1.335,0,NULL,NULL,,3,0,2,7,255,1399,250,0,0
stim,209180,239302,0,239302,3436619.455,-0.700,-0.084,0.220,0.675,0,0,21,0,0,0,0,165,43,0.968,1,2247,0,280.533,14.620,171.563,198.375,99.563,0.809,-0.480,2.043,4.488,13.914,2.250,2.584,2.824,1.113,1.335,0,NULL,NULL,,3,0,2,7,255,1399,250,0,0
stim,209180,239302,0,239302,3436624.454,-0.695,-0.085,0.230,0.676,0,0,21,0,0,0,0,164,43,0.968,1,2247,0,250.179,15.510,115.063,191.813,112.063,0.965,-0.500,1.348,6.852,13.914,2.250,2.528,2.768,1.113,1.335,0,NULL,NULL,,3,0,2,7,255,1399,250,0,0
stim,209180,239302,0,239302,3436629.455,-0.690,-0.084,0.241,0.678,0,0,20,0,0,0,0,173,43,0.968,1,2247,0,282.303,15.485,165.250,179.063,142.563,0.875,-0.289,0.895,6.852,13.887,-3.043,2.468,2.708,1.113,1.335,0,NULL,NULL,,3,0,2,7,255,1399,250,0,0
stim,209180,239302,0,239302,3436634.454,-0.685,-0.080,0.253,0.679,0,0,24,0,0,0,0,178,43,0.968,1,2247,0,324.551,12.160,240.938,165.000,141.625,0.707,-0.273,1.078,4.371,11.348,-4.387,2.404,2.646,1.113,1.335,0,NULL,NULL,,3,0,2,7,255,1399,250,0,0
stim,209201,239322,0,239322,3436639.455,-0.681,-0.076,0.266,0.678,0,0,21,0,0,0,0,189,43,0.968,1,2247,0,331.609,12.160,269.875,153.063,117.063,0.664,-0.578,1.398,4.371,11.348,-4.387,2.340,2.582,1.113,1.335,0,NULL,NULL,,3,0,2,7,255,1399,250,0,0
stim,209201,239322,0,239322,3436644.453,-0.677,-0.071,0.279,0.677,0,0,21,0,0,0,0,203,43,0.968,1,2247,0,320.387,14.333,269.750,142.875,97.313,0.707,-0.750,1.613,8.168,11.777,-2.473,2.272,2.514,1.113,1.335,0,NULL,NULL,,3,0,2,7,255,1399,250,0,0
stim,209201,239322,0,239322,3436649.455,-0.674,-0.066,0.291,0.676,0,0,21,0,0,0,0,223,43,0.968,1,2247,0,304.597,16.785,260.375,134.750,82.625,0.875,-0.707,1.734,10.473,13.117,-1.754,2.202,2.446,1.113,1.335,0,NULL,NULL,,3,0,2,7,255,1399,250,0,0
stim,209201,239322,0,239322,3436654.454,-0.671,-0.062,0.302,0.675,0,0,21,0,0,0,0,237,43,0.968,1,2247,0,292.089,18.493,251.563,127.125,76.625,0.984,-0.621,1.855,10.473,15.242,-1.672,2.130,2.376,1.113,1.335,0,NULL,NULL,,3,0,2,7,255,1399,250,0,0
stim,209228,239349,0,239349,3436659.456,-0.668,-0.058,0.313,0.673,0,0,23,0,0,0,0,247,43,0.968,1,2247,0,268.704,19.847,231.375,119.563,66.125,0.984,-0.621,1.953,10.473,16.859,-1.473,2.058,2.304,1.113,1.335,0,NULL,NULL,,3,0,2,7,255,1399,250,0,0
stim,209228,239349,0,239349,3436664.453,-0.666,-0.055,0.322,0.671,0,0,26,0,0,0,0,287,43,0.968,1,2247,0,233.153,20.407,199.500,114.125,39.188,1.066,-0.664,1.965,10.621,17.426,-1.473,1.984,2.232,1.113,1.335,0,NULL,NULL,,3,0,2,7,255,1399,250,0,0
stim,209264,239385,0,239385,3436669.455,-0.664,-0.053,0.330,0.668,0,0,27,0,0,0,0,328,43,0.968,1,2247,0,198.263,21.328,165.688,108.688,6.563,1.293,-0.695,1.891,11.133,18.191,-1.910,1.906,2.154,1.113,1.335,0,NULL,NULL,,3,0,2,7,255,1399,250,0,0
stim,209264,239385,0,239385,3436674.454,-0.664,-0.052,0.337,0.666,0,0,26,0,1,0,0,349,43,0.968,1,2247,0,170.142,22.673,137.438,99.375,-13.563,1.539,-0.801,1.785,11.164,19.734,-4.063,1.826,2.076,1.113,1.335,0,NULL,NULL,,3,0,2,7,255,1399,250,0,0
stim,209264,239385,0,239385,3436679.455,-0.663,-0.052,0.343,0.663,0,0,27,0,0,0,0,381,43,0.968,1,2247,0,145.866,24.141,116.438,85.188,-21.500,1.715,-0.945,1.688,11.621,21.160,-6.797,1.742,1.994,1.113,1.335,0,NULL,NULL,,3,0,2,7,255,1399,250,0,0
stim,209264,239385,0,239385,3436684.454,-0.664,-0.051,0.347,0.661,0,0,24,0,0,0,0,391,43,0.968,1,2247,0,122.980,25.237,98.563,67.750,-28.625,1.820,-1.008,1.594,12.496,21.926,-9.223,1.654,1.906,1.113,1.335,0,NULL,NULL,,3,0,2,7,255,1399,250,0,0
stim,209264,239385,0,239385,3436689.455,-0.664,-0.051,0.351,0.658,0,0,25,0,0,0,0,406,43,0.968,1,2247,0,104.101,25.475,87.688,45.375,-33.000,1.898,-0.926,1.539,12.496,22.199,-10.953,1.562,1.814,1.113,1.335,0,NULL,NULL,,3,0,2,7,255,1399,250,0,0
stim,209264,239385,0,239385,3436694.453,-0.665,-0.049,0.354,0.656,0,0,27,0,0,0,0,412,43,0.968,1,2247,0,92.329,25.462,83.813,19.000,-33.750,1.883,-0.770,1.574,11.785,22.570,-10.953,1.466,1.720,1.113,1.335,0,NULL,NULL,,3,0,2,7,255,1399,250,0,0
stim,209264,239385,0,239385,3436699.455,-0.666,-0.047,0.356,0.654,0,0,29,0,0,0,0,416,43,0.968,1,2247,0,80.278,25.096,74.313,-7.938,-29.313,1.813,-0.605,1.723,10.637,22.730,-10.863,1.366,1.620,1.113,1.335,0,NULL,NULL,,3,0,2,7,255,1399,250,0,0
stim,209264,239385,0,239385,3436704.454,-0.667,-0.045,0.356,0.653,0,0,29,0,0,0,0,416,43,0.968,1,2247,0,61.827,24.797,46.125,-34.063,-23.125,1.660,-0.477,1.871,9.910,22.730,-8.859,1.260,1.516,1.113,1.335,0,NULL,NULL,,3,0,2,7,255,1399,250,0,0
stim,209264,239385,0,239385,3436709.455,-0.669,-0.044,0.354,0.652,0,0,25,0,0,0,0,412,43,0.968,1,2247,0,62.148,24.652,3.625,-58.688,-20.125,1.426,-0.344,1.930,9.598,22.707,-6.445,1.150,1.406,1.113,1.335,0,NULL,NULL,,3,0,2,7,255,1399,250,0,0
stim,209264,239385,0,239385,3436714.453,-0.670,-0.043,0.351,0.652,0,0,21,0,0,0,0,415,43,0.968,1,2247,0,91.936,23.005,-45.313,-77.438,-20.063,1.313,-0.313,1.863,8.906,21.211,-4.227,1.040,1.296,1.113,1.335,0,NULL,NULL,,3,0,2,7,255,1399,250,0,0
stim,209284,239405,0,239405,3436719.455,-0.673,-0.043,0.346,0.653,0,0,13,0,0,0,0,413,43,0.968,1,2247,0,124.704,21.737,-73.875,-95.000,-32.688,0.914,-0.395,1.621,8.688,19.926,-3.840,0.926,1.182,1.113,1.335,0,NULL,NULL,,3,0,2,7,255,1399,250,0,0
stim,209284,239405,0,239405,3436724.454,-0.676,-0.043,0.340,0.652,0,0,11,0,0,0,0,469,43,0.968,1,2247,0,142.384,17.537,-77.250,-103.250,-60.375,0.965,-0.512,1.410,8.688,15.234,-3.840,0.814,1.068,1.113,1.335,0,NULL,NULL,,3,0,2,7,255,1399,250,0,0
stim,209284,239405,0,239405,3436729.455,-0.675,-0.032,0.339,0.654,39,0,7,285,0,0,0,525,43,0.968,1,2247,0,253.173,17.668,140.625,-180.375,108.563,-0.023,-0.844,3.504,8.949,15.234,-3.707,0.702,0.954,1.113,1.335,0,NULL,NULL,,3,0,2,7,255,1399,250,0,0
stim,209284,239405,0,239405,3436734.453,-0.669,-0.019,0.335,0.663,543,0,0,844,0,99,0,558,43,0.968,1,2247,0,411.492,17.996,66.188,-230.063,334.688,-0.273,1.625,5.902,8.949,15.613,13.969,0.594,0.842,1.113,1.335,0,NULL,NULL,,3,0,2,7,255,1399,250,0,0
stim,209284,239405,0,239405,3436739.455,-0.663,-0.030,0.314,0.679,1081,0,0,1299,0,293,0,627,43,0.968,1,2247,0,670.171,17.781,-618.125,-119.438,229.750,-1.406,1.813,3.434,8.508,15.613,30.281,0.494,0.736,1.113,1.335,0,NULL,NULL,,3,0,2,7,255,1399,250,0,0
stim,209284,239405,0,239405,3436744.454,-0.660,-0.049,0.286,0.693,1513,0,0,1645,0,508,0,697,43,0.968,1,2247,0,826.261,5.742,-812.500,-123.063,86.063,-1.152,2.172,-0.016,-3.305,4.695,30.281,0.404,0.636,1.113,1.335,0,NULL,NULL,,3,0,2,7,255,1399,250,0,0
stim,209313,239434,0,239434,3436749.455,-0.660,-0.060,0.268,0.699,1849,0,0,1873,0,667,0,776,43,0.968,1,2248,0,514.918,19.988,-504.000,-105.375,-4.563,-0.996,1.551,-1.668,-17.488,-9.680,1.617,0.326,0.542,1.113,1.335,1,1348.000,-51.000,,3,0,2,7,255,1399,250,0,0
stim,209313,239434,0,239434,3436754.453,-0.663,-0.062,0.259,0.700,2089,0,0,1975,0,861,0,855,43,0.968,1,2248,0,216.597,20.000,-171.063,-119.563,-57.938,-0.453,0.316,-1.297,-17.488,-9.703,-15.477,0.260,0.456,1.113,1.335,1,NULL,NULL,,3,0,2,7,255,1399,250,0,0
stim,209313,239434,0,239434,3436759.455,-0.665,-0.057,0.257,0.699,2267,0,0,2099,0,1047,0,939,43,0.968,1,2248,0,144.077,11.138,54.438,-131.813,-20.500,0.055,-0.117,0.496,-5.469,-9.703,-15.477,0.222,0.380,1.113,1.335,1,NULL,NULL,,3,0,2,7,255,1399,250,0,0
stim,209313,239434,0,239434,3436764.453,-0.665,-0.052,0.254,0.701,2492,0,0,2313,0,1207,0,999,43,0.968,1,2248,0,142.156,4.037,4.563,-128.500,60.625,0.074,0.695,1.574,-3.148,2.527,-6.098,0.208,0.306,1.113,1.335,1,NULL,NULL,,3,0,2,7,255,1399,250,0,0
stim,209359,239480,0,239480,3436769.455,-0.662,-0.050,0.247,0.705,2677,0,0,2539,0,1227,0,1059,43,0.968,1,2248,0,194.998,4.037,-114.188,-123.625,98.500,-0.555,1.063,1.594,-3.148,2.527,5.145,0.216,0.240,1.113,1.335,1,NULL,NULL,,3,0,2,7,255,1399,250,0,0
stim,209359,239480,0,239480,3436774.454,-0.658,-0.051,0.235,0.713,2781,0,0,2696,0,1236,0,1132,43,0.968,1,2248,0,335.218,3.423,-246.813,-154.188,166.375,-1.707,-0.449,0.965,-3.148,1.344,5.145,0.246,0.184,1.113,1.335,2,NULL,NULL,,3,0,2,7,255,1399,250,0,0
stim,209359,239480,0,239480,3436779.455,-0.658,-0.054,0.222,0.718,2857,0,0,2790,0,1221,0,1251,43,0.968,1,2248,0,326.196,14.094,-282.750,-157.563,40.375,-1.758,-1.023,0.137,8.273,-11.410,3.980,0.278,0.164,1.113,1.335,2,NULL,NULL,,3,0,2,7,255,1399,250,0,0
stim,209359,239480,0,239480,3436784.453,-0.661,-0.052,0.213,0.718,2933,0,0,2875,0,1192,0,1349,43,0.968,1,2248,0,215.711,14.094,-119.500,-168.125,-63.125,-0.918,-0.742,-0.301,8.273,-11.410,-4.426,0.304,0.172,1.113,1.335,2,NULL,NULL,,3,0,2,7,255,1399,250,0,0
stim,209359,239480,0,239480,3436789.455,-0.665,-0.047,0.208,0.716,2966,0,0,2955,0,1189,0,1421,43,0.968,1,2248,0,191.994,11.885,2.750,-175.938,-76.813,-0.238,-0.520,0.879,7.578,-9.156,-4.426,0.318,0.206,1.113,1.335,2,NULL,NULL,,3,0,2,7,255,1399,250,0,0
stim,209359,239480,0,239480,3436794.454,-0.668,-0.043,0.203,0.715,2994,0,0,2988,0,1193,0,1462,43,0.968,1,2248,0,179.691,7.607,-7.063,-173.000,-48.063,0.316,-0.527,1.648,7.531,1.070,-2.164,0.328,0.258,1.113,1.335,2,NULL,NULL,,3,0,2,7,255,1399,250,0,0
stim,209359,239480,0,239480,3436799.455,-0.669,-0.040,0.196,0.716,3017,0,0,3035,0,1222,0,1475,43,0.968,1,2248,0,180.904,11.459,-76.625,-163.813,4.500,0.461,-0.715,1.641,7.531,8.637,2.246,0.348,0.306,1.113,1.335,2,NULL,NULL,,3,0,2,7,255,1399,250,0,0
stim,209359,239480,0,239480,3436804.453,-0.668,-0.039,0.187,0.719,3045,0,0,3079,0,1333,0,1481,43,0.968,1,2248,0,208.265,12.544,-137.375,-149.563,46.188,0.332,-0.957,1.449,9.098,8.637,2.246,0.372,0.346,1.113,1.335,2,NULL,NULL,,3,0,2,7,255,1399,250,0,0
stim,209360,239481,0,239481,3436809.455,-0.666,-0.038,0.178,0.723,3063,0,0,3109,0,1443,0,1507,43,0.968,1,2248,0,230.036,13.293,-161.813,-140.125,84.250,0.109,-0.980,0.918,10.602,8.020,0.668,0.386,0.372,1.113,1.335,2,NULL,NULL,,3,0,2,7,255,1399,250,0,0
stim,209360,239481,0,239481,3436814.454,-0.663,-0.037,0.170,0.728,3063,0,0,3127,0,1544,0,1544,43,0.968,1,2248,0,220.186,11.435,-137.563,-137.750,102.875,-0.281,-0.645,0.695,10.602,4.285,-3.387,0.370,0.382,1.113,1.335,2,NULL,NULL,,3,0,2,7,255,1399,250,0,0
stim,209381,239502,0,239502,3436819.455,-0.661,-0.035,0.164,0.731,3081,0,0,3135,0,1683,0,1611,43,0.968,1,2248,0,184.023,7.394,-83.125,-141.063,84.000,-0.457,-0.172,0.723,7.391,-0.234,-3.387,0.342,0.390,1.113,1.335,2,NULL,NULL,,3,0,2,7,255,1399,250,0,0
stim,209381,239502,0,239502,3436824.454,-0.661,-0.031,0.158,0.733,3087,0,0,3153,0,1813,0,1705,43,0.968,1,2248,0,154.466,3.461,-48.000,-140.188,43.625,-0.457,0.133,1.090,3.086,-1.566,-2.160,0.306,0.396,1.113,1.335,2,NULL,NULL,,3,0,2,7,255,1399,250,0,0
stim,209381,239502,0,239502,3436829.455,-0.661,-0.028,0.152,0.734,3091,0,0,3157,0,1927,5,1753,43,0.968,1,2248,0,145.927,1.685,-53.000,-135.125,15.063,-0.164,0.262,1.266,0.621,-1.566,1.707,0.272,0.390,1.113,1.335,2,NULL,NULL,,3,0,2,7,255,1399,250,0,0
stim,209381,239502,0,239502,3436834.453,-0.661,-0.026,0.146,0.735,3100,0,0,3162,37,2021,24,1811,43,0.968,1,2248,0,148.596,1.397,-76.688,-126.688,12.250,0.031,0.133,1.320,0.195,1.383,2.730,0.242,0.362,1.113,1.335,2,NULL,NULL,,3,0,2,7,255,1399,250,0,0
stim,209409,239530,0,239530,3436839.455,-0.661,-0.025,0.140,0.737,3096,0,0,3167,196,2119,49,1915,43,0.968,1,2248,0,158.561,3.326,-103.250,-118.250,22.313,0.051,-0.195,1.180,0.195,3.320,2.730,0.214,0.320,1.113,1.335,2,NULL,NULL,,3,0,2,7,255,1399,250,0,0
stim,209409,239530,0,239530,3436844.454,-0.661,-0.025,0.133,0.738,3099,0,0,3165,463,2205,125,2009,43,0.968,1,2248,0,150.654,4.533,-98.500,-110.688,27.250,0.039,-0.285,0.918,3.086,3.320,0.941,0.194,0.268,1.113,1.335,2,NULL,NULL,,3,0,2,7,255,1399,250,0,0
stim,209409,239530,0,239530,3436849.455,-0.661,-0.023,0.129,0.739,3101,0,0,3171,623,2252,218,2099,43,0.968,1,2248,0,104.197,4.565,-47.063,-92.563,8.625,0.082,-0.105,1.305,3.086,3.363,0.941,0.184,0.226,1.113,1.335,2,NULL,NULL,,3,0,2,7,255,1399,250,0,0
stim,209409,239530,0,239530,3436854.453,-0.662,-0.022,0.127,0.738,3101,0,0,3173,875,2288,199,2159,43,0.968,1,2248,0,57.788,4.244,-14.188,-48.875,-27.375,0.426,0.160,1.367,2.188,3.637,2.281,0.178,0.196,1.113,1.335,2,NULL,NULL,,3,0,2,7,255,1399,250,0,0
stim,209409,239530,0,239530,3436859.455,-0.662,-0.021,0.126,0.739,3103,0,0,3176,1017,2333,213,2207,43,0.968,1,2248,0,43.735,6.757,-14.625,-41.125,-2.750,0.539,0.711,1.297,-0.750,6.715,2.375,0.174,0.178,1.113,1.335,2,NULL,NULL,,3,0,2,7,255,1399,250,0,0
stim,209409,239530,0,239530,3436864.454,-0.662,-0.021,0.124,0.739,3101,0,0,3179,1130,2351,221,2252,43,0.968,1,2248,0,38.094,8.692,-29.063,-24.500,2.500,-0.023,0.742,1.703,-5.520,6.715,2.555,0.174,0.168,1.113,1.335,2,NULL,NULL,,3,0,2,7,255,1399,250,0,0
stim,209455,239577,0,239577,3436869.455,-0.663,-0.024,0.120,0.739,3099,5,0,3181,1199,2373,229,2297,43,0.968,1,2248,0,117.394,6.061,-113.250,-12.563,-28.250,-0.328,0.281,1.348,-5.520,2.504,4.000,0.178,0.160,1.113,1.335,2,NULL,NULL,,3,0,2,7,255,1399,250,0,0
stim,209455,239577,0,239577,3436874.454,-0.664,-0.027,0.116,0.738,3101,18,0,3181,1276,2388,230,2333,43,0.968,1,2248,0,115.188,1.192,-106.938,-10.750,-41.438,-0.137,0.055,0.691,-1.191,-0.035,4.000,0.188,0.152,1.113,1.335,2,NULL,NULL,,3,0,2,7,255,1399,250,0,0
stim,209455,239577,0,239577,3436879.455,-0.666,-0.029,0.114,0.736,3101,41,0,3183,1355,2396,244,2359,43,0.968,1,2248,0,87.114,0.377,-58.750,-9.438,-63.625,-0.219,-0.059,0.863,0.113,-0.359,-1.211,0.200,0.142,1.113,1.335,2,NULL,NULL,,3,0,2,7,255,1399,250,0,0
stim,209455,239577,0,239577,3436884.453,-0.669,-0.030,0.112,0.734,3100,58,0,3183,1449,2409,243,2383,43,0.968,1,2248,0,92.008,0.119,-33.813,-11.813,-84.750,-0.059,0.086,0.961,0.113,-0.035,-1.211,0.214,0.132,1.113,1.335,2,NULL,NULL,,3,0,2,7,255,1399,250,0,0
stim,209455,239577,0,239577,3436889.455,-0.671,-0.030,0.111,0.732,3099,65,0,3189,1517,2420,244,2411,43,0.968,1,2248,0,75.533,1.200,-25.438,-9.375,-70.500,0.145,0.051,0.969,-0.027,1.199,-0.758,0.228,0.126,1.113,1.335,2,NULL,NULL,,3,0,2,7,255,1399,250,0,0
stim,209455,239577,0,239577,3436894.454,-0.673,-0.031,0.109,0.731,3101,76,0,3190,1572,2431,242,2427,43,0.968,1,2248,0,56.384,2.449,-40.313,-2.938,-39.313,0.023,-0.039,1.145,-0.027,2.449,-0.438,0.244,0.120,1.113,1.335,2,NULL,NULL,,3,0,2,7,255,1399,250,0,0
stim,209455,239577,0,239577,3436899.455,-0.673,-0.033,0.107,0.731,3102,109,0,3192,1621,2441,248,2443,43,0.968,1,2248,0,71.133,2.473,-62.750,-0.375,-33.500,-0.191,0.043,1.094,0.340,2.449,1.047,0.260,0.112,1.113,1.335,2,NULL,NULL,,3,0,2,7,255,1399,250,0,0
stim,209455,239577,0,239577,3436904.453,-0.675,-0.035,0.105,0.729,3099,112,0,3193,1653,2457,250,2456,43,0.968,1,2248,0,74.938,0.411,-56.313,-0.688,-49.438,-0.180,0.098,0.855,0.340,0.230,1.047,0.276,0.098,1.113,1.335,2,NULL,NULL,,3,0,2,7,255,1399,250,0,0
stim,209455,239577,0,239577,3436909.455,-0.677,-0.036,0.104,0.728,3103,155,0,3196,1691,2463,253,2471,43,0.968,1,2248,0,72.477,0.437,-40.563,-0.313,-60.063,-0.141,0.109,1.039,-0.371,0.230,0.496,0.290,0.080,1.113,1.335,2,NULL,NULL,,3,0,2,7,255,1399,250,0,0
stim,209455,239577,0,239577,3436914.454,-0.679,-0.038,0.101,0.726,3103,182,10,3198,1747,2473,260,2479,43,0.968,1,2248,0,81.749,0.667,-56.375,3.000,-59.125,-0.066,-0.004,1.141,-0.371,0.555,0.496,0.302,0.062,1.113,1.335,2,NULL,NULL,,3,0,2,7,255,1399,250,0,0
stim,209478,239599,0,239599,3436919.455,-0.680,-0.040,0.099,0.725,3112,211,39,3199,1779,2484,253,2487,43,0.968,1,2248,0,75.164,1.618,-61.188,1.625,-43.625,-0.004,-0.098,0.836,0.555,1.520,0.496,0.310,0.052,1.113,1.335,2,NULL,NULL,,3,0,2,7,255,1399,250,0,0
stim,209478,239599,0,239599,3436924.454,-0.681,-0.042,0.098,0.725,3101,229,59,3207,1806,2489,253,2492,43,0.968,1,2248,0,42.483,1.970,-32.000,0.563,-27.938,-0.063,-0.125,0.789,1.254,1.520,-1.848,0.318,0.042,1.113,1.335,2,NULL,NULL,,3,0,2,7,255,1399,250,0,0
stim,209478,239599,0,239599,3436929.455,-0.681,-0.042,0.098,0.724,3107,247,63,3207,1834,2495,251,2496,43,0.968,1,2248,0,23.038,1.766,-9.875,0.250,-20.813,-0.102,-0.141,0.922,1.484,0.957,-1.848,0.324,0.034,1.113,1.335,2,NULL,NULL,,3,0,2,7,255,1399,250,0,0
stim,209478,239599,0,239599,3436934.453,-0.682,-0.042,0.097,0.724,3103,254,95,3208,1853,2513,253,2501,43,0.968,1,2248,0,14.013,1.956,-9.063,0.000,-10.688,-0.105,-0.160,1.000,1.715,0.941,-0.832,0.330,0.026,1.113,1.335,2,NULL,NULL,,3,0,2,7,255,1399,250,0,0
stim,209500,239621,0,239621,3436939.455,-0.682,-0.043,0.096,0.724,3103,260,138,3207,1877,2507,251,2505,43,0.968,1,2248,0,16.194,1.908,-14.313,-1.438,-7.438,-0.211,-0.086,0.973,1.715,0.836,-0.109,0.338,0.020,1.113,1.335,2,NULL,NULL,,3,0,2,7,255,1399,250,0,0
stim,209500,239621,0,239621,3436944.454,-0.682,-0.043,0.096,0.723,3104,252,149,3209,1890,2509,247,2507,43,0.968,1,2248,0,14.641,1.268,-9.063,-1.188,-11.438,-0.164,-0.078,0.941,1.250,0.215,-0.109,0.344,0.016,1.113,1.335,2,NULL,NULL,,3,0,2,7,255,1399,250,0,0
stim,209500,239621,0,239621,3436949.455,-0.683,-0.043,0.095,0.723,3111,247,168,3207,1900,2518,239,2505,43,0.977,1,2248,1,8.019,1.122,-1.625,-1.875,-7.625,-0.117,-0.070,0.973,1.102,0.215,-0.293,0.000,0.000,1.155,1.358,2,NULL,NULL,,3,0,2,7,255,1399,250,0,0
stim,209500,239621,0,239621,3436954.454,-0.683,-0.043,0.095,0.723,3103,239,198,3207,1907,2511,235,2509,43,0.977,1,2248,1,3.038,1.257,-2.063,-2.188,0.438,-0.133,-0.074,1.012,1.074,0.652,-0.293,0.004,0.004,1.155,1.358,2,NULL,NULL,,3,0,2,7,255,1399,250,0,0
stim,209526,239647,0,239647,3436959.457,-0.683,-0.044,0.095,0.723,3103,227,215,3205,1916,2511,237,2509,43,0.977,1,2248,1,7.577,1.201,-6.500,-2.625,2.875,-0.199,-0.063,0.977,1.008,0.652,-0.090,0.010,0.008,1.155,1.358,2,NULL,NULL,,3,0,2,7,255,1399,250,0,0
stim,209526,239647,0,239647,3436964.454,-0.683,-0.044,0.095,0.723,3103,221,230,3197,1925,2519,219,2511,43,0.977,1,2248,1,4.900,1.076,-2.813,-3.188,-2.438,-0.199,-0.074,0.918,1.074,-0.059,-0.090,0.016,0.014,1.155,1.358,2,NULL,NULL,,3,0,2,7,255,1399,250,0,0
stim,209560,239681,0,239681,3436969.455,-0.683,-0.043,0.094,0.723,3101,223,246,3195,1932,2513,205,2515,43,0.977,1,2248,1,8.376,0.974,5.875,-4.063,-4.375,-0.148,-0.059,0.934,0.973,-0.059,-0.594,0.022,0.020,1.155,1.358,2,NULL,NULL,,3,0,2,7,255,1399,250,0,0
stim,209560,239681,0,239681,3436974.454,-0.683,-0.043,0.094,0.723,3099,216,280,3192,1939,2514,181,2517,43,0.977,1,2248,1,7.608,0.948,6.688,-3.563,0.688,-0.121,-0.012,1.027,0.891,0.324,-0.594,0.030,0.028,1.155,1.358,2,NULL,NULL,,3,0,2,7,255,1399,250,0,0
stim,209560,239681,0,239681,3436979.455,-0.683,-0.043,0.094,0.723,3097,212,293,3189,1939,2513,170,2516,43,0.977,1,2248,1,4.980,0.582,-1.563,-3.375,3.313,-0.160,0.043,1.031,0.461,0.355,0.297,0.038,0.036,1.155,1.358,2,NULL,NULL,,3,0,2,7,255,1399,250,0,0
stim,209560,239681,0,239681,3436984.453,-0.683,-0.043,0.094,0.723,3099,211,307,3187,1943,2513,165,2516,43,0.977,1,2248,1,4.413,0.358,-3.000,-3.188,0.563,-0.180,0.043,0.973,-0.043,0.355,0.297,0.046,0.044,1.155,1.358,2,NULL,NULL,,3,0,2,7,255,1399,250,0,0
stim,209560,239682,0,239682,3436989.455,-0.683,-0.043,0.094,0.723,3095,201,315,3180,1945,2513,156,2516,43,0.977,1,2248,1,4.163,0.147,0.438,-3.625,-2.000,-0.172,0.008,0.973,-0.043,0.141,-0.098,0.054,0.052,1.155,1.358,2,NULL,NULL,,3,0,2,7,255,1399,250,0,0
stim,209560,239682,0,239682,3436994.454,-0.683,-0.043,0.094,0.723,3093,190,326,3176,1947,2511,154,2515,43,0.977,1,2248,1,5.047,0.183,2.688,-4.000,-1.500,-0.160,0.023,0.996,0.117,0.141,-0.098,0.062,0.060,1.155,1.358,2,NULL,NULL,,3,0,2,7,255,1399,250,0,0
stim,209560,239682,0,239682,3436999.455,-0.683,-0.042,0.094,0.723,3089,191,347,3170,1949,2509,155,2519,43,0.977,1,2248,1,4.453,0.312,2.063,-3.875,0.750,-0.152,0.055,1.020,0.117,0.289,0.055,0.068,0.068,1.155,1.358,2,NULL,NULL,,3,0,2,7,255,1399,250,0,0
stim,209560,239682,0,239682,3437004.453,-0.683,-0.042,0.094,0.723,3081,189,356,3161,1963,2515,153,2520,43,0.977,1,2248,1,6.986,0.330,2.375,-5.938,2.813,-0.215,0.090,0.953,-0.160,0.289,0.055,0.074,0.072,1.155,1.358,2,NULL,NULL,,3,0,2,7,255,1399,250,0,0
stim,209560,239682,0,239682,3437009.455,-0.683,-0.042,0.094,0.723,3077,189,371,3155,1959,2508,153,2521,43,0.977,1,2248,1,15.466,0.597,11.375,-7.625,-7.188,-0.281,0.121,0.992,-0.477,-0.359,0.285,0.076,0.076,1.155,1.358,2,NULL,NULL,,3,0,2,7,255,1399,250,0,0
stim,209560,239682,0,239682,3437014.454,-0.684,-0.041,0.094,0.723,3066,191,403,3147,1967,2509,155,2525,43,0.977,1,2248,1,21.544,0.762,6.563,-7.750,-19.000,-0.215,0.117,1.117,-0.672,-0.359,0.285,0.078,0.078,1.155,1.358,2,NULL,NULL,,3,0,2,7,255,1399,250,0,0
stim,209584,239705,0,239705,3437019.455,-0.684,-0.041,0.093,0.722,3059,191,448,3141,1979,2507,155,2527,43,0.977,1,2248,1,13.240,0.726,-3.938,-7.813,-9.938,-0.047,0.105,1.016,-0.719,-0.105,0.285,0.080,0.078,1.155,1.358,2,NULL,NULL,,3,0,2,7,255,1399,250,0,0
stim,209584,239705,0,239705,3437024.454,-0.684,-0.040,0.093,0.722,3049,189,488,3130,1993,2509,155,2533,43,0.977,1,2248,1,9.520,0.805,0.063,-8.250,4.750,-0.141,0.215,1.008,-0.727,0.348,0.250,0.080,0.078,1.155,1.358,2,NULL,NULL,,3,0,2,7,255,1399,250,0,0
stim,209584,239705,0,239705,3437029.455,-0.684,-0.040,0.093,0.722,3036,192,525,3124,2009,2505,169,2537,43,0.977,1,2248,1,9.123,1.388,-0.313,-9.063,-1.000,-0.207,0.180,1.035,-1.344,0.348,0.250,0.080,0.078,1.155,1.358,2,NULL,NULL,,3,0,2,7,255,1399,250,0,0
stim,209584,239705,0,239705,3437034.454,-0.684,-0.040,0.093,0.722,3043,189,569,3123,2019,2507,206,2539,43,0.977,1,2248,1,12.550,1.355,1.750,-9.563,-7.938,-0.156,0.145,0.980,-1.344,0.172,0.250,0.078,0.076,1.155,1.358,2,NULL,NULL,,3,0,2,7,255,1399,250,0,0
stim,209584,239705,0,239705,3437039.455,-0.684,-0.039,0.093,0.722,3025,213,629,3103,2030,2505,229,2549,43,0.977,1,2248,1,12.108,1.246,4.750,-9.500,-5.813,-0.117,0.164,1.035,-1.234,0.172,0.453,0.076,0.074,1.155,1.358,2,NULL,NULL,,3,0,2,7,255,1399,250,0,0
stim,209584,239705,0,239705,3437044.454,-0.684,-0.039,0.093,0.722,3005,211,665,3101,2069,2510,263,2567,43,0.977,1,2248,1,9.931,1.270,-1.563,-9.750,-1.063,-0.152,0.199,1.063,-1.234,0.301,0.453,0.074,0.070,1.155,1.358,2,NULL,NULL,,3,0,2,7,255,1399,250,0,0
stim,209614,239735,0,239735,3437049.455,-0.685,-0.039,0.092,0.722,2995,225,716,3087,2094,2495,285,2571,43,0.977,1,2248,1,12.769,1.561,-8.500,-8.813,-3.625,-0.184,0.207,1.070,-1.531,0.301,0.797,0.072,0.066,1.155,1.358,2,NULL,NULL,,3,0,2,7,255,1399,250,0,0
stim,209614,239735,0,239735,3437054.453,-0.685,-0.039,0.092,0.722,2979,233,751,3079,2140,2514,325,2583,43,0.977,1,2248,1,17.248,1.531,-13.375,-8.875,-6.313,-0.176,0.191,1.023,-1.531,0.020,0.797,0.068,0.064,1.155,1.358,2,NULL,NULL,,3,0,2,7,255,1399,250,0,0
stim,209614,239735,0,239735,3437059.455,-0.685,-0.039,0.091,0.722,2967,249,819,3051,2181,2496,363,2591,43,0.977,1,2248,1,18.561,1.457,-11.750,-8.938,-11.250,-0.180,0.156,0.988,-1.457,0.020,0.422,0.066,0.060,1.155,1.358,2,NULL,NULL,,3,0,2,7,255,1399,250,0,0
stim,209614,239735,0,239735,3437064.454,-0.686,-0.038,0.090,0.721,2953,256,891,3064,2220,2509,405,2611,43,0.977,1,2248,1,17.582,1.160,-7.938,-9.563,-12.438,-0.156,0.098,0.984,-1.160,0.020,0.074,0.064,0.054,1.155,1.358,2,NULL,NULL,,3,0,2,7,255,1399,250,0,0
stim,209651,239772,0,239772,3437069.455,-0.686,-0.038,0.090,0.721,2935,247,982,3046,2239,2504,427,2612,43,0.977,1,2248,1,16.475,0.641,-6.188,-9.750,-11.750,-0.184,0.105,1.000,-0.637,-0.070,0.074,0.060,0.050,1.155,1.358,2,NULL,NULL,,3,0,2,7,255,1399,250,0,0
stim,209651,239772,0,239772,3437074.454,-0.686,-0.038,0.090,0.721,2921,267,1079,3045,2278,2504,471,2629,43,0.977,1,2248,1,20.976,0.612,-8.313,-8.438,-17.313,-0.188,0.086,1.023,-0.605,-0.090,0.207,0.056,0.044,1.155,1.358,2,NULL,NULL,,3,0,2,7,255,1399,250,0,0
stim,209651,239772,0,239772,3437079.455,-0.687,-0.038,0.089,0.720,2892,273,1171,3033,2311,2495,544,2642,43,0.977,1,2248,1,29.001,0.461,-11.438,-9.063,-25.063,-0.215,0.070,0.980,-0.449,-0.102,0.207,0.054,0.038,1.155,1.358,2,NULL,NULL,,3,0,2,7,255,1399,250,0,0
stim,209651,239772,0,239772,3437084.454,-0.688,-0.039,0.088,0.719,2871,273,1241,3015,2336,2505,667,2643,43,0.977,1,2248,1,32.599,0.333,-11.313,-8.688,-29.313,-0.160,-0.031,0.980,-0.320,-0.090,0.059,0.052,0.034,1.155,1.358,2,NULL,NULL,,3,0,2,7,255,1399,250,0,0
stim,209651,239772,0,239772,3437089.455,-0.689,-0.039,0.087,0.718,2853,285,1361,3003,2381,2505,758,2659,43,0.977,1,2248,1,33.530,0.627,-13.688,-8.813,-29.313,-0.164,-0.055,0.977,0.617,0.113,-0.113,0.050,0.030,1.155,1.358,2,NULL,NULL,,3,0,2,7,255,1399,250,0,0
stim,209651,239772,0,239772,3437094.453,-0.690,-0.039,0.086,0.718,2825,313,1437,2989,2405,2503,843,2669,43,0.977,1,2248,1,35.333,0.809,-17.000,-8.625,-29.750,-0.180,-0.051,0.984,0.801,0.113,-0.113,0.050,0.028,1.155,1.358,2,NULL,NULL,,3,0,2,7,255,1399,250,0,0
stim,209679,239800,0,239800,3437099.455,-0.691,-0.040,0.085,0.717,2845,329,1533,2970,2428,2507,940,2669,43,0.977,1,2248,1,39.853,0.802,-20.188,-10.000,-32.875,-0.215,-0.016,0.945,0.801,-0.043,-0.137,0.048,0.028,1.155,1.358,2,NULL,NULL,,3,0,2,7,255,1399,250,0,0
stim,209679,239800,0,239800,3437104.453,-0.692,-0.040,0.084,0.715,2781,341,1647,2961,2469,2501,1055,2679,43,0.977,1,2248,1,46.318,0.809,-20.375,-9.750,-40.438,-0.184,-0.063,0.973,0.801,-0.113,-0.129,0.048,0.028,1.155,1.358,2,NULL,NULL,,3,0,2,7,255,1399,250,0,0
stim,209679,239800,0,239800,3437109.455,-0.694,-0.041,0.083,0.714,2751,363,1751,2939,2493,2505,1127,2683,43,0.977,1,2248,1,46.521,0.871,-22.625,-11.875,-38.875,-0.152,-0.094,0.945,0.863,-0.113,-0.344,0.048,0.028,1.155,1.358,2,NULL,NULL,,3,0,2,7,255,1399,250,0,0
stim,209679,239800,0,239800,3437114.454,-0.695,-0.041,0.082,0.713,2728,380,1835,2931,2522,2509,1200,2698,43,0.977,1,2248,1,42.924,0.872,-22.250,-12.188,-34.625,-0.129,-0.047,0.984,0.863,0.121,-0.129,0.046,0.028,1.155,1.358,2,NULL,NULL,,3,0,2,7,255,1399,250,0,0
stim,209679,239800,0,239800,3437119.455,-0.696,-0.042,0.080,0.713,2696,405,1912,2909,2551,2503,1303,2717,43,0.977,1,2248,1,42.447,0.697,-25.000,-13.438,-31.563,-0.133,0.008,0.973,0.629,0.301,-0.207,0.046,0.028,1.155,1.358,2,NULL,NULL,,3,0,2,7,255,1399,250,0,0
stim,209679,239800,0,239800,3437124.454,-0.697,-0.042,0.079,0.712,2668,411,2003,2897,2580,2502,1406,2729,43,0.977,1,2248,1,41.920,0.308,-23.438,-13.563,-32.000,-0.176,0.070,0.984,0.066,0.301,-0.121,0.046,0.030,1.155,1.358,2,NULL,NULL,,3,0,2,7,255,1399,250,0,0
stim,209697,239819,0,239819,3437129.455,-0.698,-0.042,0.078,0.711,2639,439,2095,2874,2599,2509,1524,2732,43,0.977,1,2248,1,47.769,0.568,-22.500,-13.625,-39.875,-0.184,0.082,0.996,-0.559,-0.102,-0.012,0.046,0.034,1.155,1.358,2,NULL,NULL,,3,0,2,7,255,1399,250,0,0
stim,209697,239819,0,239819,3437134.454,-0.699,-0.043,0.077,0.709,2611,473,2165,2860,2627,2508,1625,2748,43,0.977,1,2248,1,50.771,0.568,-20.750,-13.750,-44.250,-0.141,0.047,1.012,-0.559,-0.102,0.125,0.046,0.036,1.155,1.358,2,NULL,NULL,,3,0,2,7,255,1399,250,0,0
stim,209697,239819,0,239819,3437139.455,-0.701,-0.043,0.075,0.708,2549,485,2231,2837,2639,2508,1683,2750,43,0.977,1,2248,1,48.615,0.497,-21.500,-13.375,-41.500,-0.059,0.051,1.023,-0.418,0.270,0.180,0.048,0.038,1.155,1.358,2,NULL,NULL,,3,0,2,7,255,1399,250,0,0
stim,209697,239819,0,239819,3437144.453,-0.701,-0.043,0.074,0.708,2521,505,2301,2824,2659,2510,1757,2761,43,0.977,1,2248,1,41.259,1.030,-24.250,-12.063,-31.125,-0.063,0.020,1.000,-0.359,0.965,0.180,0.050,0.040,1.155,1.358,2,NULL,NULL,,3,0,2,7,255,1399,250,0,0
stim,209697,239819,0,239819,3437149.455,-0.702,-0.044,0.073,0.707,2471,531,2377,2814,2695,2505,1863,2775,43,0.977,1,2248,1,37.556,0.976,-23.375,-12.188,-26.750,-0.168,0.012,0.984,-0.148,0.965,-0.035,0.052,0.042,1.155,1.358,2,NULL,NULL,,3,0,2,7,255,1399,250,0,0
stim,209697,239819,0,239819,3437154.453,-0.703,-0.044,0.072,0.706,2439,543,2445,2792,2713,2507,1935,2782,43,0.977,1,2248,1,46.184,0.168,-21.875,-12.750,-38.625,-0.227,0.035,1.012,-0.148,-0.078,-0.035,0.054,0.044,1.155,1.358,2,NULL,NULL,,3,0,2,7,255,1399,250,0,0
stim,209760,239881,0,239881,3437159.455,-0.705,-0.044,0.071,0.704,2381,564,2493,2763,2717,2511,1995,2787,43,0.977,1,2248,1,60.658,0.353,-24.938,-11.313,-54.125,-0.168,0.059,1.039,-0.344,-0.078,0.344,0.056,0.046,1.155,1.358,2,NULL,NULL,,3,0,2,7,255,1399,250,0,0
stim,209760,239881,0,239881,3437164.454,-0.707,-0.045,0.069,0.702,2327,573,2537,2743,2741,2503,2065,2803,43,0.977,1,2248,1,69.824,0.344,-33.000,-11.563,-60.438,-0.137,0.027,1.055,-0.344,-0.012,0.512,0.058,0.046,1.155,1.358,2,NULL,NULL,,3,0,2,7,255,1399,250,0,0
stim,209760,239881,0,239881,3437169.455,-0.709,-0.046,0.067,0.701,2257,587,2581,2725,2747,2501,2117,2805,43,0.977,1,2248,1,71.967,0.423,-43.938,-11.563,-55.813,-0.043,-0.133,1.055,-0.313,0.285,0.512,0.058,0.044,1.155,1.358,2,NULL,NULL,,3,0,2,7,255,1399,250,0,0
stim,209760,239881,0,239881,3437174.454,-0.710,-0.048,0.065,0.700,2201,607,2615,2683,2761,2506,2165,2807,43,0.977,1,2248,1,65.315,1.481,-51.188,-11.813,-38.813,-0.055,-0.133,0.977,1.152,0.930,0.477,0.060,0.044,1.155,1.358,2,NULL,NULL,,3,0,2,7,255,1399,250,0,0
stim,209760,239881,0,239881,3437179.455,-0.710,-0.049,0.063,0.699,2147,607,2649,2661,2785,2505,2219,2827,43,0.977,1,2248,1,51.312,1.481,-41.313,-11.625,-28.125,-0.094,-0.020,0.887,1.152,0.930,-0.289,0.062,0.044,1.155,1.358,2,NULL,NULL,,3,0,2,7,255,1399,250,0,0
stim,209760,239881,0,239881,3437184.454,-0.711,-0.049,0.062,0.699,2086,620,2681,2621,2799,2493,2261,2830,43,0.977,1,2248,1,38.816,0.426,-26.688,-11.875,-25.563,-0.133,0.016,0.930,0.012,0.426,-0.598,0.064,0.044,1.155,1.358,2,NULL,NULL,,3,0,2,7,255,1399,250,0,0
stim,209760,239881,0,239881,3437189.455,-0.712,-0.049,0.060,0.698,2005,623,2717,2597,2809,2489,2303,2835,43,0.977,1,2248,1,39.823,0.188,-23.625,-12.250,-29.625,-0.172,-0.012,1.035,-0.160,0.098,-0.598,0.066,0.044,1.155,1.358,2,NULL,NULL,,3,0,2,7,255,1399,250,0,0
stim,209760,239881,0,239881,3437194.453,-0.713,-0.050,0.059,0.697,1915,619,2749,2553,2824,2487,2341,2843,43,0.977,1,2248,1,48.453,0.213,-29.750,-12.000,-36.313,-0.180,-0.016,1.047,-0.160,-0.141,0.453,0.068,0.046,1.155,1.358,2,NULL,NULL,,3,0,2,7,255,1399,250,0,0
stim,209760,239881,0,239881,3437199.455,-0.714,-0.051,0.057,0.696,1839,614,2779,2503,2835,2479,2381,2843,43,0.977,1,2248,1,57.498,0.253,-36.688,-12.188,-42.563,-0.176,-0.012,1.035,-0.160,-0.195,0.477,0.068,0.048,1.155,1.358,2,NULL,NULL,,3,0,2,7,255,1399,250,0,0
stim,209760,239881,0,239881,3437204.454,-0.716,-0.052,0.056,0.694,1757,613,2798,2456,2841,2489,2413,2853,43,0.977,1,2248,1,65.270,0.290,-41.938,-12.938,-48.313,-0.172,-0.016,1.031,-0.215,-0.195,0.477,0.070,0.050,1.155,1.358,2,NULL,NULL,,3,0,2,7,255,1399,250,0,0
stim,209761,239882,0,239882,3437209.455,-0.717,-0.053,0.054,0.693,1663,604,2833,2406,2863,2475,2451,2860,43,0.977,1,2248,1,71.269,0.270,-46.688,-13.750,-52.063,-0.141,-0.051,1.012,-0.215,-0.164,0.422,0.072,0.050,1.155,1.358,2,NULL,NULL,,3,0,2,7,255,1399,250,0,0
stim,209761,239882,0,239882,3437214.453,-0.719,-0.054,0.052,0.691,1547,603,2858,2341,2863,2473,2477,2867,43,0.977,1,2248,1,68.987,0.128,-45.188,-14.313,-50.125,-0.102,-0.063,0.957,0.102,0.078,0.223,0.074,0.052,1.155,1.358,2,NULL,NULL,,3,0,2,7,255,1399,250,0,0
stim,209787,239908,0,239908,3437219.455,-0.720,-0.055,0.050,0.690,1405,576,2869,2279,2872,2457,2503,2869,43,0.977,1,2248,1,59.071,0.375,-35.125,-14.813,-45.125,-0.082,-0.055,0.914,0.105,0.359,-0.371,0.076,0.054,1.155,1.358,2,NULL,NULL,,3,0,2,7,255,1399,250,0,0
stim,209787,239908,0,239908,3437224.454,-0.721,-0.055,0.048,0.689,1299,567,2900,2215,2885,2463,2533,2873,43,0.977,1,2248,1,48.279,0.504,-23.688,-14.813,-39.375,-0.078,-0.082,0.945,0.195,0.465,-0.504,0.076,0.054,1.155,1.358,2,NULL,NULL,,3,0,2,7,255,1399,250,0,0
stim,209787,239908,0,239908,3437229.455,-0.722,-0.055,0.047,0.688,1165,541,2903,2149,2893,2459,2555,2887,43,0.977,1,2248,1,41.832,0.481,-19.625,-15.438,-33.563,-0.098,-0.066,1.004,0.125,0.465,-0.504,0.078,0.056,1.155,1.358,2,NULL,NULL,,3,0,2,7,255,1399,250,0,0
stim,209787,239908,0,239908,3437234.453,-0.723,-0.056,0.046,0.687,1075,493,2917,2053,2900,2447,2579,2887,43,0.977,1,2248,1,41.744,0.523,-21.938,-14.875,-32.250,-0.105,-0.086,1.020,0.293,0.434,0.094,0.080,0.056,1.155,1.358,2,NULL,NULL,,3,0,2,7,255,1399,250,0,0
stim,209787,239908,0,239908,3437239.455,-0.724,-0.056,0.045,0.686,971,473,2939,1941,2919,2440,2603,2891,43,0.977,1,2248,1,39.126,0.437,-22.500,-16.063,-27.688,-0.105,-0.098,1.008,0.293,0.324,0.145,0.080,0.056,1.155,1.358,2,NULL,NULL,,3,0,2,7,255,1399,250,0,0
stim,209787,239908,0,239908,3437244.453,-0.725,-0.056,0.043,0.685,840,423,2950,1833,2921,2427,2619,2899,43,0.977,1,2248,1,38.090,0.412,-21.625,-16.563,-26.625,-0.133,-0.051,1.012,0.293,0.289,0.215,0.082,0.056,1.155,1.358,2,NULL,NULL,,3,0,2,7,255,1399,250,0,0
stim,209816,239937,0,239937,3437249.455,-0.725,-0.056,0.042,0.685,703,391,2957,1700,2927,2423,2637,2899,43,0.977,1,2248,1,39.049,0.122,-20.313,-17.625,-28.313,-0.141,0.008,1.023,-0.109,0.055,0.215,0.082,0.056,1.155,1.358,2,NULL,NULL,,3,0,2,7,255,1399,250,0,0
stim,209816,239937,0,239937,3437254.454,-0.726,-0.056,0.041,0.684,571,373,2979,1545,2937,2399,2663,2905,43,0.977,1,2248,1,39.988,0.716,-18.750,-18.438,-30.125,-0.133,0.020,1.012,-0.715,0.039,0.215,0.082,0.056,1.155,1.358,2,NULL,NULL,,3,0,2,7,255,1399,250,0,0
stim,209816,239937,0,239937,3437259.455,-0.727,-0.056,0.040,0.683,415,331,2985,1404,2941,2389,2683,2915,43,0.977,1,2248,1,37.483,0.716,-13.813,-19.688,-28.750,-0.125,-0.012,1.016,-0.715,0.039,0.195,0.084,0.056,1.155,1.358,2,NULL,NULL,,3,0,2,7,255,1399,250,0,0
stim,209816,239937,0,239937,3437264.453,-0.728,-0.056,0.039,0.682,313,281,2985,1251,2951,2365,2693,2907,43,0.977,1,2248,1,36.004,0.565,-10.688,-21.125,-27.125,-0.121,-0.043,1.055,-0.555,0.109,0.195,0.084,0.056,1.155,1.358,2,NULL,NULL,,3,0,2,7,255,1399,250,0,0
stim,209860,239981,0,239981,3437269.455,-0.729,-0.055,0.037,0.682,213,245,2998,1034,2971,2336,2711,2920,43,0.977,1,2248,1,37.245,0.324,-14.000,-22.188,-26.438,-0.117,-0.051,1.063,-0.281,0.160,0.586,0.086,0.056,1.155,1.358,2,NULL,NULL,,3,0,2,7,255,1399,250,0,0
stim,209860,239981,0,239981,3437274.454,-0.729,-0.055,0.036,0.681,121,208,3002,869,2974,2327,2718,2915,43,0.977,1,2248,1,37.031,0.324,-13.750,-24.250,-24.375,-0.125,-0.023,1.059,-0.281,0.160,0.625,0.088,0.056,1.155,1.358,2,NULL,NULL,,3,0,2,7,255,1399,250,0,0
stim,209860,239981,0,239981,3437279.455,-0.730,-0.055,0.035,0.680,74,169,3026,709,2973,2302,2747,2931,43,0.977,1,2248,1,40.086,0.514,-14.313,-25.813,-27.125,-0.117,0.027,1.051,-0.488,0.160,0.625,0.090,0.058,1.155,1.358,2,NULL,NULL,,3,0,2,7,255,1399,250,0,0
stim,209860,239981,0,239981,3437284.453,-0.731,-0.054,0.034,0.679,39,135,3023,557,2983,2267,2763,2931,43,0.977,1,2248,1,38.081,1.013,-6.813,-28.875,-23.875,-0.125,0.047,1.066,-1.008,0.098,0.625,0.090,0.058,1.155,1.358,2,NULL,NULL,,3,0,2,7,255,1399,250,0,0
stim,209860,239981,0,239981,3437289.455,-0.732,-0.053,0.033,0.679,9,87,3027,376,2985,2237,2771,2933,43,0.977,1,2248,1,39.881,1.224,-4.813,-31.438,-24.063,-0.094,0.051,1.078,-1.211,0.176,0.664,0.090,0.058,1.155,1.358,2,NULL,NULL,,3,0,2,7,255,1399,250,0,0
stim,209860,239981,0,239981,3437294.454,-0.732,-0.052,0.031,0.678,0,59,3029,295,2996,2215,2791,2934,43,0.977,1,2248,1,40.663,1.272,-3.625,-33.250,-23.125,-0.086,0.012,1.090,-1.211,0.391,0.730,0.090,0.058,1.155,1.358,2,NULL,NULL,,3,0,2,7,255,1399,250,0,0
stim,209860,239981,0,239981,3437299.455,-0.733,-0.051,0.030,0.678,0,55,3035,211,3001,2191,2803,2936,43,0.977,1,2248,1,39.974,0.951,6.688,-37.438,-12.313,-0.137,-0.031,1.227,-0.867,0.391,0.871,0.088,0.056,1.155,1.358,2,NULL,NULL,,3,0,2,7,255,1399,250,0,0
stim,209860,239981,0,239981,3437304.453,-0.732,-0.049,0.030,0.679,0,33,3035,205,3017,2160,2799,2934,43,0.977,1,2248,1,53.013,0.724,17.875,-46.125,19.063,-0.227,-0.031,1.438,-0.723,0.035,2.277,0.088,0.056,1.155,1.358,2,NULL,NULL,,3,0,2,7,255,1399,250,0,0
stim,209860,239981,0,239981,3437309.455,-0.732,-0.048,0.028,0.679,0,18,3041,183,3027,2125,2844,2953,43,0.977,1,2248,1,56.418,0.920,-22.000,-48.938,17.438,-0.289,-0.043,1.387,-0.656,-0.645,3.988,0.088,0.054,1.155,1.358,2,NULL,NULL,,3,0,2,7,255,1399,250,0,0
stim,209860,239981,0,239981,3437314.454,-0.732,-0.048,0.025,0.679,0,8,3049,149,3033,2079,2855,2951,43,0.977,1,2248,0,70.710,1.534,-49.813,-50.000,-4.313,-0.293,-0.176,1.113,-0.656,-1.387,3.988,0.088,0.052,1.155,1.358,3,NULL,NULL,,3,0,2,7,255,1399,250,0,0
stim,209885,240006,0,240006,3437319.455,-0.732,-0.048,0.022,0.679,0,3,3045,123,3031,2021,2861,2955,43,0.977,1,2248,0,66.631,1.575,-37.188,-54.688,-8.125,-0.156,-0.250,0.957,0.746,-1.387,1.410,0.088,0.050,1.155,1.358,3,NULL,NULL,,3,0,2,7,255,1399,250,0,0
stim,209885,240006,0,240006,3437324.454,-0.732,-0.047,0.019,0.680,0,0,3047,101,3032,1966,2871,2943,43,0.977,1,2248,0,60.098,1.794,-15.250,-58.125,0.813,-0.102,-0.246,0.922,1.609,-0.793,-0.188,0.088,0.046,1.155,1.358,3,NULL,NULL,,3,0,2,7,255,1399,250,0,0
stim,209885,240006,0,240006,3437329.455,-0.732,-0.045,0.017,0.680,0,0,3053,82,3043,1893,2894,2956,43,0.977,1,2248,0,62.180,1.789,4.438,-61.625,7.000,-0.160,-0.141,1.016,1.609,-0.781,-0.188,0.086,0.046,1.155,1.358,3,NULL,NULL,,3,0,2,7,255,1399,250,0,0
stim,209885,240006,0,240006,3437334.453,-0.731,-0.043,0.016,0.680,0,0,3055,45,3047,1831,2904,2957,43,0.977,1,2248,0,66.177,0.769,8.500,-65.000,9.063,-0.148,-0.094,1.148,0.512,-0.574,0.313,0.084,0.046,1.155,1.358,3,NULL,NULL,,3,0,2,7,255,1399,250,0,0
stim,209907,240028,0,240028,3437339.455,-0.731,-0.041,0.013,0.681,0,0,3045,6,3045,1745,2904,2940,43,0.977,1,2248,0,69.965,0.597,1.000,-67.750,17.438,-0.137,-0.117,1.188,0.164,-0.574,1.563,0.078,0.050,1.155,1.358,3,NULL,NULL,,3,0,2,7,255,1399,250,0,0
stim,209907,240028,0,240028,3437344.454,-0.730,-0.039,0.011,0.682,0,0,3049,0,3045,1659,2918,2955,43,0.977,1,2248,0,74.377,0.597,-6.688,-71.000,21.125,-0.195,-0.133,1.141,0.164,-0.574,1.563,0.074,0.054,1.155,1.358,3,NULL,NULL,,3,0,2,7,255,1399,250,0,0
stim,209907,240028,0,240028,3437349.455,-0.730,-0.038,0.009,0.683,0,0,3050,0,3047,1605,2926,2951,43,0.977,1,2248,0,76.644,1.236,-7.938,-74.313,17.000,-0.199,-0.152,1.094,0.328,-1.191,1.527,0.072,0.058,1.155,1.358,3,NULL,NULL,,3,0,2,7,255,1399,250,0,0
stim,209907,240028,0,240028,3437354.453,-0.729,-0.035,0.006,0.683,0,0,3043,0,3053,1491,2931,2939,43,0.977,1,2248,0,77.993,1.434,-2.625,-77.375,9.438,-0.195,-0.145,1.055,0.480,-1.352,1.082,0.072,0.060,1.155,1.358,3,NULL,NULL,,3,0,2,7,255,1399,250,0,0
stim,209907,240028,0,240028,3437359.455,-0.729,-0.033,0.004,0.684,0,0,3035,0,3063,1373,2940,2938,43,0.977,1,2248,0,80.699,1.434,6.063,-80.438,2.313,-0.164,-0.141,1.027,0.480,-1.352,0.680,0.068,0.064,1.155,1.358,3,NULL,NULL,,3,0,2,7,255,1399,250,0,0
stim,209907,240028,0,240028,3437364.454,-0.729,-0.030,0.002,0.684,0,0,3044,0,3063,1278,2955,2935,43,0.977,1,2248,0,84.685,1.250,14.625,-83.375,2.500,-0.105,-0.121,1.059,0.465,-1.160,0.656,0.066,0.070,1.155,1.358,3,NULL,NULL,,3,0,2,7,255,1399,250,0,0
stim,209951,240072,0,240072,3437369.455,-0.729,-0.027,-0.001,0.684,0,0,3029,0,3065,1144,2959,2932,43,0.977,1,2248,0,88.283,0.858,16.625,-86.563,4.938,-0.117,-0.082,1.102,0.297,-0.805,0.656,0.062,0.076,1.155,1.358,3,NULL,NULL,,3,0,2,7,255,1399,250,0,0
stim,209951,240072,0,240072,3437374.454,-0.729,-0.024,-0.003,0.684,0,0,3035,0,3066,1001,2971,2926,43,0.977,1,2248,0,90.804,0.810,16.938,-89.188,2.000,-0.125,-0.078,1.105,-0.094,-0.805,1.063,0.060,0.084,1.155,1.358,3,NULL,NULL,,3,0,2,7,255,1399,250,0,0
stim,209951,240072,0,240072,3437379.455,-0.728,-0.021,-0.005,0.685,0,0,3028,0,3083,871,2972,2921,43,0.977,1,2248,0,93.782,0.810,18.813,-91.750,4.813,-0.078,-0.121,1.113,-0.094,-0.805,1.070,0.060,0.090,1.155,1.358,3,NULL,NULL,,3,0,2,7,255,1399,250,0,0
stim,209951,240072,0,240072,3437384.454,-0.728,-0.017,-0.008,0.685,0,0,3018,0,3087,725,2989,2923,43,0.977,1,2248,0,98.135,0.685,17.625,-95.500,14.125,-0.059,-0.141,1.129,0.305,-0.613,1.156,0.058,0.096,1.155,1.358,3,NULL,NULL,,3,0,2,7,255,1399,250,0,0
stim,209951,240072,0,240072,3437389.455,-0.727,-0.014,-0.010,0.686,0,0,3003,0,3069,612,2987,2907,43,0.977,1,2248,0,102.155,0.685,16.563,-98.875,19.625,-0.086,-0.121,1.141,0.305,-0.613,1.324,0.058,0.102,1.155,1.358,3,NULL,NULL,,3,0,2,7,255,1399,250,0,0
stim,209951,240072,0,240072,3437394.454,-0.726,-0.011,-0.013,0.687,0,0,2997,0,3087,505,2987,2893,43,0.977,1,2248,0,107.052,0.915,14.750,-103.250,24.125,-0.094,-0.078,1.168,0.305,-0.863,1.441,0.058,0.108,1.155,1.358,3,NULL,NULL,,3,0,2,7,255,1399,250,0,0
stim,209978,240099,0,240099,3437399.455,-0.725,-0.007,-0.016,0.688,0,0,2975,0,3079,367,2991,2870,43,0.977,1,2248,0,110.539,1.014,10.438,-107.438,23.813,-0.090,0.031,1.195,-0.109,-1.008,1.645,0.056,0.114,1.155,1.358,3,NULL,NULL,,3,0,2,7,255,1399,250,0,0
stim,209978,240099,0,240099,3437404.453,-0.725,-0.003,-0.019,0.689,0,0,2964,0,3087,247,3004,2869,43,0.977,1,2248,0,113.497,1.563,5.063,-111.375,21.250,-0.074,0.180,1.184,-1.195,-1.008,1.645,0.056,0.118,1.155,1.358,3,NULL,NULL,,3,0,2,7,255,1399,250,0,0
stim,209978,240099,0,240099,3437409.455,-0.724,0.000,-0.022,0.690,0,0,2955,0,3080,189,3003,2845,43,0.977,1,2248,0,117.682,2.772,4.375,-115.688,21.125,-0.043,0.207,1.168,-2.621,-0.902,1.621,0.056,0.124,1.155,1.358,3,NULL,NULL,,3,0,2,7,255,1399,250,0,0
stim,209978,240099,0,240099,3437414.454,-0.723,0.004,-0.026,0.691,0,0,2927,0,3091,101,3017,2837,43,0.977,1,2248,0,122.809,2.712,6.438,-120.000,25.313,-0.020,0.141,1.188,-2.621,-0.695,1.621,0.054,0.128,1.155,1.358,3,NULL,NULL,,3,0,2,7,255,1399,250,0,0
stim,209978,240099,0,240099,3437419.455,-0.722,0.008,-0.029,0.692,0,0,2917,0,3080,55,3018,2809,43,0.977,1,2248,0,127.671,2.307,3.063,-123.750,31.250,-0.023,0.047,1.230,-2.199,-0.695,1.688,0.054,0.132,1.155,1.358,3,NULL,NULL,,3,0,2,7,255,1399,250,0,0
stim,209978,240099,0,240099,3437424.454,-0.720,0.012,-0.033,0.693,0,0,2891,0,3081,7,3017,2783,43,0.977,1,2248,0,133.441,1.554,-3.250,-127.875,38.000,-0.063,-0.012,1.266,-1.289,-0.867,2.160,0.050,0.136,1.155,1.358,3,NULL,NULL,,3,0,2,7,255,1399,250,0,0
stim,209996,240117,0,240117,3437429.455,-0.719,0.015,-0.038,0.694,0,0,2854,0,3069,0,3017,2746,43,0.977,1,2248,0,139.547,1.723,-12.188,-132.438,42.250,-0.090,0.008,1.285,-0.984,-1.414,2.512,0.048,0.138,1.155,1.358,3,NULL,NULL,,3,0,2,7,255,1399,250,0,0
stim,209996,240117,0,240117,3437434.454,-0.717,0.018,-0.042,0.696,0,0,2836,0,3083,0,3033,2725,43,0.977,1,2248,0,143.726,2.090,-21.750,-136.250,40.250,-0.098,0.086,1.355,-0.984,-1.844,2.672,0.044,0.140,1.155,1.358,3,NULL,NULL,,3,0,2,7,255,1399,250,0,0
stim,209996,240117,0,240117,3437439.455,-0.715,0.022,-0.047,0.697,0,0,2795,0,3081,0,3033,2687,43,0.977,1,2248,0,147.302,2.329,-20.375,-140.313,39.938,-0.074,0.023,1.320,-1.199,-1.996,2.953,0.038,0.142,1.155,1.358,3,NULL,NULL,,3,0,2,7,255,1399,250,0,0
stim,209996,240117,0,240117,3437444.453,-0.714,0.026,-0.052,0.698,0,0,2751,0,3059,0,3022,2641,43,0.977,1,2248,0,153.283,2.604,-18.500,-145.063,45.938,-0.078,0.051,1.398,-1.543,-2.098,3.246,0.034,0.146,1.155,1.358,3,NULL,NULL,,3,0,2,7,255,1399,250,0,0
stim,209996,240118,0,240118,3437449.455,-0.712,0.029,-0.057,0.699,0,0,2707,0,3061,0,3027,2596,43,0.977,1,2248,0,156.549,2.744,-26.438,-148.188,43.000,-0.121,0.113,1.465,-1.543,-2.270,3.680,0.026,0.148,1.155,1.358,3,NULL,NULL,,3,0,2,7,255,1399,250,0,0
stim,209996,240118,0,240118,3437454.453,-0.710,0.033,-0.063,0.700,0,0,2648,0,3047,0,3035,2538,43,0.977,1,2248,0,159.569,3.560,-30.250,-153.188,32.875,-0.172,0.082,1.555,-2.039,-2.918,4.188,0.022,0.150,1.155,1.358,3,NULL,NULL,,3,0,2,7,255,1399,250,0,0
stim,210029,240150,0,240150,3437459.455,-0.709,0.036,-0.069,0.701,0,0,2595,0,3036,0,3019,2457,43,0.977,1,2248,0,172.198,4.262,-44.938,-162.625,34.438,-0.184,0.035,1.574,-2.039,-3.742,4.953,0.020,0.154,1.155,1.358,3,NULL,NULL,,3,0,2,7,255,1399,250,0,0
stim,210029,240150,0,240150,3437464.454,-0.707,0.039,-0.076,0.702,0,0,2537,0,3033,0,3015,2365,43,0.977,1,2248,0,183.700,4.398,-60.813,-170.063,33.563,-0.199,0.023,1.598,-1.637,-4.082,5.102,0.026,0.160,1.155,1.358,3,NULL,NULL,,3,0,2,7,255,1399,250,0,0
stim,210062,240183,0,240183,3437469.455,-0.706,0.043,-0.084,0.702,0,0,2477,0,3027,0,3020,2281,43,0.977,1,2248,0,192.813,4.790,-63.625,-179.875,27.813,-0.293,0.016,1.516,-1.621,-4.508,5.102,0.036,0.168,1.155,1.358,3,NULL,NULL,,3,0,2,7,255,1399,250,0,0
stim,210062,240183,0,240183,3437474.454,-0.704,0.047,-0.091,0.702,0,0,2391,0,3001,0,3003,2163,43,0.977,1,2248,0,200.381,5.738,-58.813,-191.250,10.813,-0.383,0.066,1.465,-1.621,-5.504,4.246,0.048,0.178,1.155,1.358,3,NULL,NULL,,3,0,2,7,255,1399,250,0,0
stim,210062,240183,0,240183,3437479.455,-0.704,0.051,-0.099,0.701,0,0,2323,0,2985,0,2992,2035,43,0.977,1,2248,0,209.400,6.825,-50.875,-202.625,-14.250,-0.363,0.055,1.582,-2.070,-6.504,4.246,0.060,0.190,1.155,1.358,3,NULL,NULL,,3,0,2,7,255,1399,250,0,0
stim,210062,240183,0,240183,3437484.454,-0.703,0.057,-0.107,0.700,0,0,2235,0,2968,0,2983,1901,43,0.977,1,2248,0,223.721,7.079,-47.000,-217.813,-20.000,-0.289,0.012,1.789,-2.070,-6.770,4.453,0.076,0.204,1.155,1.358,3,NULL,NULL,,3,0,2,7,255,1399,250,0,0
stim,210062,240183,0,240183,3437489.455,-0.703,0.062,-0.117,0.699,0,0,2163,0,2955,9,2967,1771,43,0.977,1,2248,0,243.275,7.142,-69.875,-232.625,-13.625,-0.266,0.148,1.855,-2.145,-6.813,6.488,0.094,0.220,1.155,1.358,3,NULL,NULL,,3,0,2,7,255,1399,250,0,0
stim,210062,240183,0,240183,3437494.453,-0.702,0.066,-0.127,0.698,0,0,2088,0,2921,9,2935,1659,43,0.977,1,2248,0,263.794,7.882,-95.750,-245.563,-10.875,-0.320,0.246,1.742,-3.516,-7.055,6.488,0.114,0.240,1.155,1.358,3,NULL,NULL,,3,0,2,7,255,1399,250,0,0
stim,210062,240183,0,240183,3437499.455,-0.701,0.071,-0.138,0.696,0,0,1989,0,2905,7,2913,1582,43,0.977,1,2248,0,279.683,8.832,-95.438,-262.625,-11.938,-0.309,0.328,1.711,-4.457,-7.625,5.395,0.138,0.266,1.155,1.358,3,NULL,NULL,,3,0,2,7,255,1399,250,0,0
stim,210062,240183,0,240183,3437504.454,-0.699,0.077,-0.149,0.695,0,0,1874,0,2858,8,2861,1481,43,0.977,1,2248,0,289.307,9.414,-74.688,-279.313,-10.250,-0.277,0.348,1.836,-5.344,-7.750,5.395,0.164,0.294,1.155,1.358,3,NULL,NULL,,3,0,2,7,255,1399,250,0,0
stim,210062,240183,1,240183,3437509.455,-0.697,0.084,-0.160,0.694,0,0,1779,0,2816,5,2803,1389,43,0.977,1,2248,0,304.310,10.024,-66.250,-296.938,-6.625,-0.313,0.355,2.113,-5.816,-8.164,5.840,0.192,0.322,1.155,1.358,3,NULL,NULL,,3,1,2,7,255,1399,250,0,0
stim,210062,240183,1,240183,3437514.453,-0.695,0.091,-0.172,0.692,0,0,1688,0,2779,0,2744,1319,43,0.977,1,2248,0,323.396,11.697,-86.000,-311.625,-8.875,-0.348,0.477,2.293,-6.336,-9.832,7.969,0.222,0.354,1.155,1.358,3,NULL,NULL,,3,1,2,7,255,1399,250,0,0
stim,210096,240217,1,240217,3437519.455,-0.694,0.098,-0.185,0.689,0,0,1549,0,2719,0,2648,1226,43,0.977,1,2248,0,341.938,13.731,-109.375,-323.375,-19.688,-0.324,0.563,2.305,-7.906,-11.227,8.652,0.254,0.386,1.155,1.358,3,NULL,NULL,,3,1,2,7,255,1399,250,0,0
stim,210096,240217,1,240217,3437524.454,-0.692,0.104,-0.199,0.686,0,0,1435,0,2651,0,2537,1127,43,0.977,1,2248,0,356.118,13.731,-119.375,-333.813,-33.750,-0.191,0.430,2.301,-7.906,-11.227,8.949,0.288,0.422,1.155,1.358,3,NULL,NULL,,3,1,2,7,255,1399,250,0,0
stim,210096,240217,1,240217,3437529.455,-0.690,0.111,-0.212,0.683,0,0,1295,0,2565,0,2403,1018,43,0.977,1,2248,0,363.352,13.701,-118.625,-342.438,-26.250,-0.152,0.313,2.313,-7.859,-11.223,8.949,0.324,0.460,1.155,1.358,3,NULL,NULL,,3,1,2,7,255,1399,250,0,0
stim,210096,240217,1,240217,3437534.454,-0.687,0.117,-0.227,0.680,0,0,1139,0,2457,0,2219,949,43,0.977,1,2248,0,384.102,13.216,-142.125,-356.813,-4.438,-0.262,0.273,2.063,-6.980,-11.223,8.949,0.364,0.500,1.155,1.358,3,NULL,NULL,,3,1,2,7,255,1399,250,0,0
stim,210096,240217,1,240217,3437539.455,-0.684,0.124,-0.243,0.677,0,0,967,0,2335,0,2001,909,43,0.977,1,2248,0,396.362,12.899,-150.750,-366.563,-3.063,-0.246,0.125,1.766,-6.359,-11.223,5.973,0.406,0.542,1.155,1.358,3,NULL,NULL,,3,1,2,7,255,1399,250,0,0
stim,210096,240217,1,240217,3437544.453,-0.680,0.131,-0.258,0.674,0,0,741,0,2157,0,1725,789,43,0.977,1,2248,0,404.515,11.587,-137.813,-380.313,-1.688,-0.078,-0.180,1.445,-4.578,-10.645,3.395,0.452,0.592,1.155,1.358,3,NULL,NULL,,3,1,2,7,255,1399,250,0,0
stim,210116,240237,1,240237,3437549.455,-0.675,0.139,-0.272,0.671,0,0,509,0,1956,0,1354,696,43,0.977,1,2248,0,392.119,8.339,-82.875,-382.875,17.188,0.254,-0.422,1.133,-1.238,-8.246,1.848,0.508,0.646,1.155,1.358,3,NULL,NULL,,3,1,2,7,255,1399,250,0,0
stim,210116,240237,1,240237,3437554.454,-0.669,0.149,-0.284,0.670,0,0,368,0,1719,0,867,555,43,0.977,1,2248,0,394.381,5.994,-14.625,-391.688,43.625,0.281,-0.344,1.398,0.152,-5.992,1.848,0.570,0.710,1.155,1.358,3,NULL,NULL,,3,1,2,7,255,1399,250,0,0
stim,210116,240237,1,240237,3437559.455,-0.662,0.161,-0.296,0.670,0,0,263,0,1443,0,351,483,43,0.977,1,2248,0,404.066,5.994,25.313,-399.750,53.188,0.188,-0.168,1.637,0.152,-5.992,3.277,0.638,0.778,1.155,1.358,3,NULL,NULL,,3,1,2,7,255,1399,250,0,0
stim,210116,240237,1,240237,3437564.453,-0.654,0.174,-0.306,0.669,0,0,159,0,1150,0,123,429,43,0.977,1,2248,0,418.771,8.669,52.875,-411.813,54.625,0.035,-0.031,2.020,-1.906,-8.457,3.945,0.708,0.848,1.155,1.358,3,NULL,NULL,,3,1,2,7,255,1399,250,0,0
stim,210166,240287,1,240287,3437569.455,-0.646,0.185,-0.318,0.669,0,0,100,0,787,0,0,343,43,0.977,1,2248,0,420.987,12.933,29.125,-414.938,64.875,-0.047,0.172,2.277,-3.758,-12.375,5.246,0.782,0.922,1.155,1.358,3,NULL,NULL,,3,1,2,7,255,1399,250,0,0
stim,210166,240287,1,240287,3437574.454,-0.637,0.195,-0.331,0.668,0,0,103,0,395,0,0,297,43,0.977,1,2248,0,424.979,16.141,-29.375,-412.688,97.125,-0.168,0.195,2.113,-5.750,-15.082,5.246,0.852,0.992,1.155,1.358,3,NULL,NULL,,3,1,2,7,255,1399,250,0,0
stim,210166,240287,1,240287,3437579.455,-0.628,0.203,-0.346,0.667,0,0,95,0,83,0,0,187,43,0.977,1,2248,0,440.120,16.236,-73.313,-412.500,134.813,-0.313,0.320,1.781,-6.012,-15.082,3.133,0.912,1.056,1.155,1.358,3,NULL,NULL,,3,1,2,7,255,1399,250,0,0
stim,210166,240287,1,240287,3437584.454,-0.618,0.209,-0.361,0.667,0,0,93,0,0,0,0,116,43,0.977,1,2248,0,437.049,15.739,-95.938,-402.750,140.000,-0.414,0.504,1.500,-6.121,-14.500,-0.949,0.962,1.108,1.155,1.358,3,NULL,NULL,,3,1,2,7,255,1399,250,0,0
stim,210166,240287,1,240287,3437589.455,-0.609,0.215,-0.376,0.665,0,0,95,0,0,0,0,54,43,0.977,1,2248,0,419.912,15.213,-117.375,-382.000,128.938,-0.402,0.887,1.410,-7.184,-13.410,-4.480,1.002,1.148,1.155,1.358,4,NULL,NULL,,3,1,2,7,255,1399,250,0,0
stim,210166,240287,1,240287,3437594.453,-0.601,0.219,-0.391,0.662,0,0,89,0,0,0,0,22,43,0.977,1,2248,0,408.104,17.099,-150.313,-362.313,112.625,-0.590,1.051,1.473,-10.609,-13.410,-6.426,1.040,1.188,1.155,1.358,0,NULL,NULL,,3,1,2,7,255,1399,250,0,0
stim,210166,240287,1,240287,3437599.455,-0.593,0.222,-0.406,0.659,0,0,92,0,0,0,0,33,43,0.977,1,2248,0,410.230,18.703,-190.625,-345.875,111.000,-0.855,1.082,1.617,-11.941,-14.395,-8.484,1.082,1.230,1.155,1.358,0,NULL,NULL,,3,1,2,7,255,1399,250,0,0
stim,210166,240287,1,240287,3437604.454,-0.587,0.222,-0.423,0.654,0,0,95,0,0,0,0,46,43,0.977,1,2248,0,423.388,19.292,-264.438,-318.500,88.813,-0.758,0.973,1.441,-11.941,-15.152,-10.430,1.140,1.290,1.155,1.358,0,NULL,NULL,,3,1,2,7,255,1399,250,0,0
stim,210166,240287,1,240287,3437609.455,-0.584,0.223,-0.438,0.646,0,0,92,0,0,0,0,87,43,0.977,1,2248,0,399.597,18.672,-288.063,-276.938,1.750,-0.391,0.434,1.043,-10.910,-15.152,-10.430,1.208,1.360,1.155,1.358,0,NULL,NULL,,3,1,2,7,255,1399,250,0,0
stim,210166,240287,1,240287,3437614.453,-0.583,0.223,-0.450,0.638,0,0,89,0,0,0,0,122,43,0.977,1,2248,0,329.494,11.781,-237.813,-225.750,-32.375,-0.172,-0.227,1.020,-5.855,-10.223,-9.031,1.280,1.434,1.155,1.358,0,NULL,NULL,,3,1,2,7,255,1399,250,0,0
stim,210184,240305,1,240305,3437619.455,-0.581,0.223,-0.461,0.632,0,0,90,0,0,0,0,135,43,0.977,1,2248,0,293.983,10.416,-225.875,-188.063,-6.250,-0.207,-0.133,1.289,-2.000,-10.223,-5.598,1.358,1.512,1.155,1.358,0,NULL,NULL,,3,1,2,7,255,1399,250,0,0
stim,210184,240305,1,240305,3437624.454,-0.581,0.219,-0.472,0.625,0,0,87,0,0,0,0,159,43,0.977,1,2248,0,308.953,11.292,-278.813,-132.938,6.563,-0.184,0.082,1.242,-2.000,-11.113,-5.598,1.434,1.586,1.155,1.358,0,NULL,NULL,,3,1,2,7,255,1399,250,0,0
stim,210184,240305,1,240305,3437629.455,-0.583,0.212,-0.484,0.617,0,0,88,0,0,0,0,172,43,0.977,1,2248,0,356.958,11.846,-347.938,-79.438,6.938,-0.281,0.375,0.629,-4.102,-11.113,-6.137,1.508,1.660,1.155,1.358,0,NULL,NULL,,3,1,2,7,255,1399,250,0,0
stim,210184,240305,1,240305,3437634.453,-0.585,0.204,-0.494,0.610,0,0,85,0,0,0,0,181,43,0.977,1,2248,0,347.554,7.265,-346.688,-22.500,-9.750,-0.219,0.559,-0.320,-4.102,-5.996,-10.777,1.580,1.734,1.155,1.358,0,NULL,NULL,,3,1,2,7,255,1399,250,0,0
stim,210209,240330,1,240330,3437639.454,-0.589,0.198,-0.499,0.604,0,0,83,0,0,0,0,147,43,0.977,1,2248,0,252.453,4.266,-249.188,32.313,-24.375,0.023,0.293,-0.852,-3.426,2.543,-14.160,1.644,1.798,1.155,1.358,0,NULL,NULL,,3,1,2,7,255,1399,250,0,0
stim,210209,240330,1,240330,3437644.453,-0.592,0.192,-0.501,0.602,0,0,79,0,0,0,0,139,43,0.977,1,2248,0,161.435,7.639,-142.813,74.813,8.313,0.168,0.164,-0.824,0.457,7.625,-14.160,1.700,1.856,1.155,1.358,0,NULL,NULL,,3,1,2,7,255,1399,250,0,0
stim,210209,240330,1,240330,3437649.455,-0.594,0.187,-0.501,0.601,0,0,77,0,0,0,0,133,43,0.977,1,2248,0,127.656,7.667,-71.375,102.813,25.125,-0.090,0.180,-0.578,0.801,7.625,-13.578,1.754,1.908,1.155,1.358,0,NULL,NULL,,3,1,2,7,255,1399,250,0,0
stim,210209,240330,1,240330,3437654.454,-0.596,0.182,-0.498,0.602,0,0,72,0,0,0,0,127,43,0.977,1,2248,0,134.955,4.697,-29.000,129.188,26.125,-0.086,-0.043,-0.469,1.266,4.523,-12.426,1.802,1.958,1.155,1.358,0,NULL,NULL,,3,1,2,7,255,1399,250,0,0
stim,210209,240330,1,240330,3437659.454,-0.598,0.177,-0.495,0.605,0,0,69,0,0,0,0,124,43,0.977,1,2248,0,154.654,3.985,5.438,146.375,49.625,-0.051,-0.098,-0.480,2.328,3.234,-12.297,1.840,1.998,1.155,1.358,0,NULL,NULL,,3,1,2,7,255,1399,250,0,0
stim,210209,240330,1,240330,3437664.453,-0.600,0.173,-0.490,0.609,0,0,60,0,0,0,0,109,43,0.977,1,2248,0,179.196,3.897,48.313,155.500,74.813,-0.172,0.043,-0.469,2.328,3.125,-12.297,1.868,2.028,1.155,1.358,0,NULL,NULL,,3,1,2,7,255,1399,250,0,0
stim,210261,240382,1,240382,3437669.455,-0.600,0.169,-0.484,0.614,0,0,52,0,0,0,0,93,43,0.977,1,2248,0,201.617,3.259,87.938,162.313,81.063,-0.301,0.258,-0.316,1.773,2.734,-13.379,1.890,2.048,1.155,1.358,0,NULL,NULL,,3,1,2,7,255,1399,250,0,0
stim,210261,240382,1,240382,3437674.454,-0.601,0.166,-0.477,0.620,0,0,45,0,0,0,0,91,43,0.977,1,2248,0,220.339,1.307,114.125,170.188,81.000,-0.305,0.316,-0.141,-0.430,1.234,-14.059,1.898,2.058,1.155,1.358,0,NULL,NULL,,3,1,2,7,255,1399,250,0,0
stim,210261,240382,1,240382,3437679.455,-0.602,0.163,-0.469,0.626,0,0,43,0,0,0,0,85,43,0.977,1,2248,0,237.319,1.664,132.000,176.188,88.625,-0.316,0.270,-0.004,-1.660,-0.117,-14.059,1.906,2.068,1.155,1.358,0,NULL,NULL,,3,1,2,7,255,1399,250,0,0
stim,210261,240382,1,240382,3437684.453,-0.602,0.160,-0.460,0.633,0,0,37,0,0,0,0,75,43,0.977,1,2248,0,259.366,2.176,153.813,181.063,104.063,-0.363,0.102,0.055,-1.660,-1.406,-13.270,1.914,2.076,1.155,1.358,0,NULL,NULL,,3,1,2,7,255,1399,250,0,0
stim,210261,240382,1,240382,3437689.455,-0.601,0.157,-0.452,0.640,0,0,33,0,0,0,0,69,43,0.977,1,2248,0,268.304,3.035,162.688,184.438,107.250,-0.543,0.297,0.313,-1.738,-2.488,-13.270,1.922,2.086,1.155,1.358,0,NULL,NULL,,3,1,2,7,255,1399,250,0,0
stim,210261,240382,1,240382,3437694.454,-0.602,0.154,-0.443,0.647,0,0,24,0,0,0,0,63,43,0.977,1,2248,0,261.859,5.908,157.688,189.313,88.688,-0.617,0.320,0.434,-2.617,-5.297,-13.180,1.928,2.094,1.155,1.358,0,NULL,NULL,,3,1,2,7,255,1399,250,0,0
stim,210261,240382,1,240382,3437699.455,-0.603,0.151,-0.434,0.653,0,0,28,0,0,0,0,57,43,0.977,1,2248,0,259.382,7.185,156.313,194.250,71.500,-0.594,0.211,0.531,-2.617,-6.691,-13.180,1.936,2.102,1.155,1.358,0,NULL,NULL,,3,1,2,7,255,1399,250,0,0
stim,210261,240382,1,240382,3437704.453,-0.604,0.149,-0.424,0.658,0,0,35,0,0,0,0,61,43,0.977,1,2248,0,260.214,7.875,155.563,199.438,61.125,-0.602,0.121,0.672,-2.473,-7.477,-11.895,1.944,2.112,1.155,1.358,0,NULL,NULL,,3,1,2,7,255,1399,250,0,0
stim,210262,240383,1,240383,3437709.455,-0.605,0.146,-0.415,0.663,0,0,36,0,0,0,0,71,43,0.977,1,2248,0,253.784,9.044,141.875,204.875,48.000,-0.660,0.129,0.863,-2.473,-8.699,-10.613,1.958,2.126,1.155,1.358,0,NULL,NULL,,3,1,2,7,255,1399,250,0,0
stim,210262,240383,1,240383,3437714.453,-0.608,0.142,-0.406,0.667,0,0,39,0,0,0,0,79,43,0.977,1,2248,0,244.488,10.798,117.813,212.250,29.063,-0.656,0.137,0.969,-2.629,-10.473,-9.727,1.976,2.146,1.155,1.358,0,NULL,NULL,,3,1,2,7,255,1399,250,0,0
stim,210280,240401,1,240401,3437719.455,-0.611,0.138,-0.398,0.670,0,0,39,0,0,0,0,101,43,0.977,1,2248,0,238.712,11.525,89.625,221.125,7.375,-0.613,0.145,1.008,-3.055,-11.113,-8.871,1.996,2.168,1.155,1.358,0,NULL,NULL,,3,1,2,7,255,1399,250,0,0
stim,210280,240401,1,240401,3437724.454,-0.615,0.134,-0.389,0.672,0,0,31,0,0,0,0,109,43,0.977,1,2248,0,240.585,11.545,63.438,231.625,-14.375,-0.555,0.113,0.973,-3.129,-11.113,-8.152,2.024,2.196,1.155,1.358,0,NULL,NULL,,3,1,2,7,255,1399,250,0,0
stim,210280,240401,1,240401,3437729.455,-0.620,0.128,-0.381,0.673,0,0,23,0,0,0,0,111,43,0.977,1,2248,0,249.887,10.893,45.563,243.875,-29.875,-0.441,0.078,0.879,-3.129,-10.434,-7.633,2.058,2.232,1.155,1.358,0,NULL,NULL,,3,1,2,7,255,1399,250,0,0
stim,210280,240401,1,240401,3437734.453,-0.626,0.123,-0.373,0.674,0,0,16,0,0,0,0,116,43,0.977,1,2248,0,260.804,9.375,37.438,255.188,-38.688,-0.441,0.055,0.816,-2.754,-8.961,-7.289,2.094,2.270,1.155,1.358,0,NULL,NULL,,3,1,2,7,255,1399,250,0,0
stim,210311,240432,1,240432,3437739.455,-0.632,0.117,-0.364,0.674,0,0,20,0,0,0,0,122,43,0.977,1,2248,0,277.331,8.851,31.625,268.938,-59.875,-0.430,0.035,0.766,-2.426,-8.512,-7.289,2.134,2.312,1.155,1.358,0,NULL,NULL,,3,1,2,7,255,1399,250,0,0
stim,210311,240432,1,240432,3437744.454,-0.638,0.111,-0.355,0.674,0,0,12,0,0,0,0,137,43,0.977,1,2248,0,292.804,8.315,30.688,281.250,-75.438,-0.313,-0.016,0.688,-2.168,-8.027,-7.289,2.176,2.354,1.155,1.358,0,NULL,NULL,,3,1,2,7,255,1399,250,0,0
stim,210311,240432,1,240432,3437749.455,-0.645,0.105,-0.346,0.673,0,0,7,0,0,0,0,143,43,0.977,1,2248,0,304.692,6.824,36.250,292.250,-78.188,-0.250,-0.020,0.613,-1.699,-6.609,-6.813,2.218,2.400,1.155,1.358,0,NULL,NULL,,3,1,2,7,255,1399,250,0,0
stim,210311,240432,1,240432,3437754.453,-0.652,0.098,-0.336,0.673,0,0,6,0,0,0,0,147,43,0.977,1,2248,0,316.111,5.854,48.375,302.250,-78.938,-0.227,0.008,0.570,-1.699,-5.602,-6.813,2.262,2.444,1.155,1.358,0,NULL,NULL,,3,1,2,7,255,1399,250,0,0
stim,210311,240432,0,240432,3437759.455,-0.659,0.093,-0.324,0.672,0,0,6,0,0,0,0,149,43,0.977,1,2248,0,326.897,5.351,65.250,309.875,-81.125,-0.180,0.012,0.559,-1.734,-5.063,-6.797,2.304,2.486,1.155,1.358,0,NULL,NULL,,3,0,2,7,255,1397,250,0,0
stim,210311,240432,0,240432,3437764.454,-0.666,0.087,-0.313,0.672,0,0,3,0,0,0,0,153,43,0.977,1,2248,0,336.411,4.863,81.563,315.313,-84.250,-0.059,-0.047,0.555,-1.734,-4.543,-6.629,2.342,2.526,1.155,1.358,0,NULL,NULL,,3,0,2,7,255,1397,250,0,0
stim,210360,240481,0,240481,3437769.455,-0.672,0.082,-0.300,0.672,0,0,3,0,0,0,0,160,43,0.977,1,2248,0,341.194,3.739,100.875,316.563,-77.625,0.043,-0.113,0.520,-1.395,-3.469,-5.727,2.378,2.564,1.155,1.358,0,NULL,NULL,,3,0,2,7,255,1397,250,0,0
stim,210360,240481,0,240481,3437774.454,-0.678,0.078,-0.287,0.672,0,0,3,0,0,0,0,157,43,0.977,1,2248,0,345.742,2.815,131.188,313.188,-65.125,0.043,-0.020,0.574,-1.395,-2.445,-5.180,2.414,2.602,1.155,1.358,0,NULL,NULL,,3,0,2,7,255,1397,250,0,0
stim,210360,240481,0,240481,3437779.455,-0.683,0.074,-0.273,0.673,0,0,1,0,0,0,0,167,43,0.977,1,2248,0,355.885,2.987,159.313,311.500,-65.125,0.043,0.039,0.680,-1.715,-2.445,-4.973,2.448,2.634,1.155,1.358,0,NULL,NULL,,3,0,2,7,255,1397,250,0,0
stim,210360,240481,0,240481,3437784.453,-0.688,0.071,-0.258,0.674,0,0,4,0,0,0,0,165,43,0.977,1,2248,0,363.366,3.286,179.250,310.438,-59.438,0.113,-0.012,0.770,-2.195,-2.445,-4.195,2.478,2.668,1.155,1.358,0,NULL,NULL,,3,0,2,7,255,1397,250,0,0
stim,210360,240481,0,240481,3437789.455,-0.693,0.069,-0.243,0.676,0,0,5,0,0,0,0,167,43,0.977,1,2248,0,369.880,3.481,194.875,311.188,-44.688,0.125,0.012,0.844,-2.488,-2.434,-2.898,2.510,2.700,1.155,1.358,0,NULL,NULL,,3,0,2,7,255,1397,250,0,0
stim,210360,240481,0,240481,3437794.454,-0.696,0.066,-0.227,0.677,0,0,0,0,0,0,0,164,43,0.977,1,2248,0,378.491,3.481,211.625,312.375,-29.875,0.082,0.055,0.941,-2.488,-2.434,-2.168,2.538,2.730,1.155,1.358,0,NULL,NULL,,3,0,2,7,255,1397,250,0,0
stim,210360,240481,0,240481,3437799.455,-0.700,0.064,-0.211,0.680,0,0,1,0,0,0,0,168,43,0.977,1,2248,0,387.434,4.204,227.063,313.313,-19.563,0.016,0.109,1.129,-2.996,-2.949,-1.500,2.564,2.756,1.155,1.358,0,NULL,NULL,,3,0,2,7,255,1397,250,0,0
stim,210360,240481,0,240481,3437804.453,-0.703,0.062,-0.194,0.682,0,0,0,0,0,0,0,165,43,0.977,1,2248,0,389.895,5.454,230.250,314.125,-18.125,-0.043,0.164,1.348,-3.750,-3.961,-0.082,2.588,2.782,1.155,1.358,0,NULL,NULL,,3,0,2,7,255,1397,250,0,0
stim,210361,240482,0,240482,3437809.455,-0.706,0.060,-0.178,0.683,0,0,1,0,0,0,0,166,43,0.977,1,2248,0,384.841,6.727,220.000,315.063,-20.938,-0.063,0.160,1.531,-4.539,-4.965,1.734,2.610,2.804,1.155,1.358,0,NULL,NULL,,3,0,2,7,255,1397,250,0,0
stim,210361,240482,0,240482,3437814.454,-0.708,0.057,-0.162,0.685,0,0,0,0,0,0,0,165,43,0.977,1,2248,0,375.233,6.985,203.188,314.813,-20.188,-0.063,0.125,1.617,-4.539,-5.309,3.551,2.632,2.828,1.155,1.358,0,NULL,NULL,,3,0,2,7,255,1397,250,0,0
stim,210394,240515,0,240515,3437819.455,-0.711,0.054,-0.147,0.686,0,0,0,0,0,0,0,165,43,0.977,1,2248,0,365.009,7.047,186.000,313.188,-23.438,-0.113,0.172,1.699,-4.539,-5.391,4.645,2.656,2.852,1.155,1.358,0,NULL,NULL,,3,0,2,7,255,1397,250,0,0
stim,210394,240515,0,240515,3437824.454,-0.714,0.050,-0.132,0.686,0,0,0,0,0,0,0,167,43,0.977,1,2248,0,354.456,6.942,164.563,312.563,-29.375,-0.043,0.184,1.758,-4.473,-5.309,5.391,2.680,2.876,1.155,1.358,0,NULL,NULL,,3,0,2,7,255,1397,250,0,0
stim,210394,240515,0,240515,3437829.455,-0.716,0.045,-0.118,0.686,0,0,1,0,0,0,0,166,43,0.977,1,2248,0,341.626,6.462,141.500,309.813,-26.500,0.008,0.129,1.754,-4.473,-4.664,6.305,2.706,2.904,1.155,1.358,0,NULL,NULL,,3,0,2,7,255,1397,250,0,0
stim,210394,240515,0,240515,3437834.454,-0.718,0.040,-0.105,0.687,0,0,1,0,0,0,0,167,43,0.977,1,2248,0,329.412,5.298,119.750,306.125,-21.438,0.008,0.063,1.699,-3.711,-3.781,6.305,2.734,2.932,1.155,1.358,0,NULL,NULL,,3,0,2,7,255,1397,250,0,0
stim,210394,240515,0,240515,3437839.455,-0.720,0.034,-0.092,0.687,0,0,7,0,0,0,0,173,43,0.977,1,2248,0,319.880,4.285,106.688,300.938,-19.438,-0.012,0.027,1.609,-2.793,-3.250,6.305,2.762,2.962,1.155,1.358,0,NULL,NULL,,3,0,2,7,255,1397,250,0,0
stim,210394,240515,0,240515,3437844.453,-0.722,0.029,-0.080,0.687,0,0,7,0,0,0,0,167,43,0.977,1,2248,0,310.402,3.717,96.563,294.375,-19.188,-0.004,0.066,1.563,-2.355,-2.875,5.570,2.794,2.992,1.155,1.358,0,NULL,NULL,,3,0,2,7,255,1397,250,0,0
stim,210417,240538,0,240538,3437849.455,-0.724,0.023,-0.068,0.686,0,0,7,0,0,0,0,167,43,0.977,1,2248,0,303.195,3.206,92.375,287.813,-23.625,0.051,-0.023,1.414,-2.195,-2.336,5.160,2.826,3.026,1.155,1.358,0,NULL,NULL,,3,0,2,7,255,1397,250,0,0
stim,210417,240538,0,240538,3437854.453,-0.725,0.018,-0.056,0.686,0,0,7,0,0,0,0,175,43,0.977,1,2248,0,299.986,1.752,100.313,282.250,-16.250,0.082,-0.039,1.375,-1.191,-1.285,3.969,2.856,3.056,1.155,1.358,0,NULL,NULL,,3,0,2,7,255,1397,250,0,0
stim,210417,240538,0,240538,3437859.455,-0.726,0.013,-0.043,0.686,0,0,7,0,0,0,0,179,43,0.977,1,2248,0,297.195,1.160,105.875,277.563,-8.625,0.031,-0.047,1.379,-0.840,-0.801,3.691,2.886,3.086,1.155,1.358,0,NULL,NULL,,3,0,2,7,255,1397,250,0,0
stim,210417,240538,0,240538,3437864.454,-0.727,0.008,-0.031,0.686,0,0,6,0,0,0,0,175,43,0.977,1,2248,0,296.404,0.951,115.063,273.063,-7.250,0.016,-0.070,1.457,-0.645,-0.699,3.691,2.914,3.116,1.155,1.358,0,NULL,NULL,,3,0,2,7,255,1397,250,0,0
stim,210461,240583,0,240583,3437869.455,-0.728,0.004,-0.019,0.686,0,0,6,0,0,0,0,179,43,0.977,1,2248,0,292.907,0.951,116.875,268.563,3.000,0.016,-0.008,1.508,-0.645,-0.699,4.469,2.940,3.140,1.155,1.358,0,NULL,NULL,,3,0,2,7,255,1397,250,0,0
stim,210461,240583,0,240583,3437874.454,-0.728,0.000,-0.007,0.686,0,0,10,0,0,0,0,181,43,0.977,1,2248,0,291.518,1.048,122.500,264.500,4.000,-0.102,0.016,1.516,-0.781,-0.699,4.953,2.960,3.164,1.155,1.358,0,NULL,NULL,,3,0,2,7,255,1397,250,0,0
stim,210461,240583,0,240583,3437879.455,-0.728,-0.004,0.005,0.685,0,0,7,0,0,0,0,175,43,0.977,1,2248,0,291.195,1.041,129.625,260.750,-1.188,-0.078,0.031,1.629,-0.883,-0.551,5.027,2.980,3.184,1.155,1.358,0,NULL,NULL,,3,0,2,7,255,1397,250,0,0
stim,210462,240583,0,240583,3437884.454,-0.728,-0.007,0.017,0.685,0,0,8,0,0,0,0,171,43,0.977,1,2248,0,286.130,1.041,129.313,255.188,5.313,-0.059,-0.043,1.641,-0.883,-0.551,6.148,2.996,3.200,1.155,1.358,0,NULL,NULL,,3,0,2,7,255,1397,250,0,0
stim,210462,240583,0,240583,3437889.455,-0.728,-0.010,0.029,0.685,0,0,7,0,0,0,0,170,43,0.977,1,2248,0,286.097,0.381,134.813,252.250,6.875,-0.082,0.020,1.668,-0.375,-0.066,6.293,3.008,3.212,1.155,1.358,0,NULL,NULL,,3,0,2,7,255,1397,250,0,0
stim,210462,240583,0,240583,3437894.453,-0.728,-0.013,0.041,0.684,0,0,8,0,0,0,0,169,43,0.977,1,2248,0,285.458,0.203,140.313,248.438,8.813,-0.047,0.023,1.770,-0.168,0.113,6.563,3.018,3.222,1.155,1.358,0,NULL,NULL,,3,0,2,7,255,1397,250,0,0
stim,210462,240583,0,240583,3437899.455,-0.727,-0.016,0.053,0.684,0,0,19,0,0,0,0,173,43,0.977,1,2248,0,284.164,0.872,141.063,246.375,12.250,-0.016,0.012,1.781,-0.168,0.855,7.523,3.026,3.230,1.155,1.358,0,NULL,NULL,,3,0,2,7,255,1397,250,0,0
stim,210462,240583,0,240583,3437904.454,-0.727,-0.019,0.065,0.684,0,0,20,0,0,0,0,169,43,0.977,1,2248,0,285.445,1.560,147.188,244.188,13.688,0.023,0.000,1.852,0.227,1.543,7.582,3.026,3.232,1.155,1.358,0,NULL,NULL,,3,0,2,7,255,1397,250,0,0
stim,210462,240583,0,240583,3437909.455,-0.725,-0.021,0.078,0.684,0,0,21,0,0,0,0,168,43,0.977,1,2248,0,287.309,2.355,148.938,244.688,22.188,0.078,0.109,1.965,0.227,2.344,8.164,3.028,3.234,1.155,1.358,0,NULL,NULL,,3,0,2,7,255,1397,250,0,0
stim,210462,240583,0,240583,3437914.453,-0.724,-0.024,0.089,0.683,0,0,20,0,0,0,0,167,43,0.977,1,2248,0,283.233,3.502,139.875,245.625,18.000,0.094,0.055,1.973,0.629,3.445,9.113,3.032,3.238,1.155,1.358,0,NULL,NULL,,3,0,2,7,255,1397,250,0,0
stim,210492,240613,0,240613,3437919.455,-0.723,-0.026,0.102,0.683,0,0,24,0,0,0,0,165,43,0.977,1,2248,0,287.665,3.975,146.188,246.063,28.875,0.219,0.129,1.992,0.328,3.961,9.113,3.036,3.242,1.155,1.358,0,NULL,NULL,,3,0,2,7,255,1397,250,0,0
stim,210492,240613,0,240613,3437924.454,-0.721,-0.029,0.114,0.683,0,0,24,0,0,0,0,169,43,0.977,1,2248,0,288.448,5.676,145.375,247.500,28.500,0.242,0.094,2.070,0.699,5.633,9.113,3.036,3.242,1.155,1.358,0,NULL,NULL,,3,0,2,7,255,1397,250,0,0
stim,210492,240613,0,240613,3437929.455,-0.719,-0.032,0.126,0.682,0,0,27,0,0,0,0,167,43,0.977,1,2248,0,287.211,6.438,139.813,248.688,33.125,0.355,0.152,2.176,0.840,6.383,9.586,3.032,3.240,1.155,1.358,0,NULL,NULL,,3,0,2,7,255,1397,250,0,0
stim,210492,240613,0,240613,3437934.454,-0.717,-0.036,0.137,0.682,0,0,22,0,0,0,0,201,43,0.977,1,2248,0,283.227,8.187,125.625,251.250,36.188,0.469,0.121,2.121,1.008,8.125,9.586,3.028,3.234,1.155,1.358,0,NULL,NULL,,3,0,2,7,255,1397,250,0,0
stim,210492,240613,0,240613,3437939.455,-0.714,-0.037,0.150,0.683,0,0,20,0,0,0,0,245,43,0.977,1,2248,0,300.855,9.564,168.438,239.813,68.063,0.387,0.027,2.594,1.320,9.473,10.223,3.016,3.224,1.155,1.358,0,NULL,NULL,,3,0,2,7,255,1397,250,0,0
stim,210492,240613,0,240613,3437944.453,-0.710,-0.033,0.165,0.684,0,0,16,0,0,0,0,249,43,0.977,1,2248,0,364.062,10.323,289.750,179.938,127.313,0.516,0.691,4.105,1.320,10.238,13.527,3.002,3.208,1.155,1.358,0,NULL,NULL,,3,0,2,7,255,1397,250,0,0
stim,210513,240634,0,240634,3437949.455,-0.708,-0.041,0.170,0.685,0,0,25,0,0,0,0,268,43,0.977,1,2248,0,239.920,14.881,-54.875,232.625,20.875,0.570,-0.395,3.285,3.117,14.551,18.344,2.984,3.190,1.155,1.358,0,NULL,NULL,,3,0,2,7,255,1397,250,0,0
stim,210513,240634,0,240634,3437954.454,-0.704,-0.055,0.172,0.687,0,0,26,0,0,0,0,255,43,0.977,1,2248,0,323.887,15.527,-209.313,243.375,43.125,0.824,-0.391,1.301,5.418,14.551,18.344,2.960,3.166,1.155,1.358,0,NULL,NULL,,3,0,2,7,255,1397,250,0,0
stim,210513,240634,0,240634,3437959.455,-0.700,-0.064,0.177,0.689,0,0,24,0,0,0,0,223,43,0.977,1,2248,0,272.207,12.666,-90.625,243.375,81.563,0.984,0.180,0.324,5.418,11.449,-0.891,2.930,3.136,1.155,1.358,0,NULL,NULL,,3,0,2,7,255,1397,250,0,0
stim,210513,240634,0,240634,3437964.453,-0.697,-0.068,0.187,0.689,0,0,25,0,0,0,0,208,43,0.977,1,2248,0,257.767,10.302,91.375,233.000,61.688,0.848,-0.109,0.691,1.727,10.156,-6.645,2.896,3.102,1.155,1.358,0,NULL,NULL,,3,0,2,7,255,1397,250,0,0
stim,210558,240679,0,240679,3437969.455,-0.694,-0.070,0.198,0.689,0,0,23,0,0,0,0,202,43,0.977,1,2248,0,277.226,10.302,153.000,224.250,56.188,0.684,-0.793,1.410,1.727,10.156,-6.645,2.860,3.064,1.155,1.358,0,NULL,NULL,,3,0,2,7,255,1397,250,0,0
stim,210558,240679,0,240679,3437974.454,-0.690,-0.071,0.209,0.689,0,0,21,0,0,0,0,179,43,0.977,1,2248,0,267.736,14.549,145.875,209.313,81.188,0.871,-0.844,1.863,9.445,11.066,-0.805,2.816,3.018,1.155,1.358,0,NULL,NULL,,3,0,2,7,255,1397,250,0,0
stim,210558,240679,0,240679,3437979.455,-0.686,-0.073,0.219,0.690,0,0,19,0,0,0,0,181,43,0.977,1,2248,0,258.030,17.443,120.563,201.250,107.438,0.902,-0.582,1.820,9.445,14.664,1.664,2.770,2.972,1.155,1.358,0,NULL,NULL,,3,0,2,7,255,1397,250,0,0
stim,210558,240679,0,240679,3437984.453,-0.680,-0.074,0.229,0.692,0,0,21,0,0,0,0,191,43,0.977,1,2248,0,263.861,16.757,122.938,192.188,132.563,0.730,-0.238,1.480,8.109,14.664,1.664,2.722,2.922,1.155,1.358,0,NULL,NULL,,3,0,2,7,255,1397,250,0,0
stim,210558,240679,0,240679,3437989.455,-0.675,-0.074,0.240,0.693,0,0,28,0,0,0,0,199,43,0.977,1,2248,0,271.428,13.202,157.875,187.438,116.688,0.465,-0.172,1.512,4.340,12.469,0.945,2.668,2.868,1.155,1.358,0,NULL,NULL,,3,0,2,7,255,1397,250,0,0
stim,210558,240679,0,240679,3437994.454,-0.672,-0.074,0.251,0.693,0,0,36,0,0,0,0,208,43,0.977,1,2248,0,263.409,12.904,167.563,184.063,86.188,0.500,-0.273,1.793,4.340,12.152,0.945,2.614,2.812,1.155,1.358,0,NULL,NULL,,3,0,2,7,255,1397,250,0,0
stim,210559,240680,0,240680,3437999.455,-0.668,-0.074,0.261,0.693,0,0,36,0,0,0,0,223,43,0.977,1,2248,0,239.688,13.421,147.375,177.750,64.313,0.613,-0.426,1.934,5.695,12.152,2.730,2.558,2.754,1.155,1.358,0,NULL,NULL,,3,0,2,7,255,1397,250,0,0
stim,210559,240680,0,240680,3438004.453,-0.665,-0.075,0.269,0.692,0,0,37,0,0,0,0,233,43,0.977,1,2248,0,211.588,15.863,117.625,167.625,53.250,0.652,-0.582,2.027,7.496,13.980,2.730,2.500,2.696,1.155,1.358,0,NULL,NULL,,3,0,2,7,255,1397,250,0,0
stim,210560,240681,0,240681,3438009.455,-0.663,-0.077,0.276,0.692,0,0,33,0,0,0,0,247,43,0.977,1,2248,0,178.545,17.528,78.875,157.125,31.125,0.754,-0.676,1.824,9.234,14.898,2.730,2.442,2.636,1.155,1.358,0,NULL,NULL,,3,0,2,7,255,1397,250,0,0
stim,210560,240681,0,240681,3438014.453,-0.661,-0.080,0.283,0.690,0,0,30,0,13,0,0,282,43,0.977,1,2248,0,157.994,17.735,63.500,144.125,12.563,0.895,-0.805,1.473,9.621,14.898,0.063,2.378,2.572,1.155,1.358,0,NULL,NULL,,3,0,2,7,255,1397,250,0,0
stim,210581,240702,0,240702,3438019.455,-0.660,-0.081,0.289,0.689,0,0,25,0,22,0,0,309,43,0.977,1,2248,0,153.942,17.890,82.813,129.688,4.625,1.074,-0.859,1.270,9.762,14.992,-4.035,2.312,2.504,1.155,1.358,0,NULL,NULL,,3,0,2,7,255,1397,250,0,0
stim,210581,240702,0,240702,3438024.454,-0.659,-0.082,0.295,0.687,0,0,22,0,27,0,0,334,43,0.977,1,2248,0,153.136,18.015,99.875,115.813,-7.938,1.254,-0.820,1.258,9.762,15.141,-6.945,2.246,2.436,1.155,1.358,0,NULL,NULL,,3,0,2,7,255,1397,250,0,0
stim,210581,240702,0,240702,3438029.455,-0.658,-0.082,0.301,0.685,0,0,23,0,40,0,0,337,43,0.977,1,2248,0,144.069,19.024,102.313,100.625,-12.750,1.422,-0.848,1.227,9.262,16.617,-8.063,2.180,2.370,1.155,1.358,0,NULL,NULL,,3,0,2,7,255,1397,250,0,0
stim,210581,240702,0,240702,3438034.453,-0.658,-0.082,0.306,0.683,0,0,27,0,47,0,0,351,43,0.977,1,2248,0,134.145,20.090,100.625,86.813,-18.250,1.559,-0.879,1.164,9.262,17.828,-9.434,2.114,2.304,1.155,1.358,0,NULL,NULL,,3,0,2,7,255,1397,250,0,0
stim,210612,240733,0,240733,3438039.455,-0.659,-0.082,0.312,0.680,0,0,25,0,55,0,0,365,43,0.977,1,2248,0,134.677,20.832,108.250,72.813,-33.438,1.707,-0.977,1.086,9.324,18.629,-10.945,2.046,2.236,1.155,1.358,0,NULL,NULL,,3,0,2,7,255,1397,250,0,0
stim,210612,240733,0,240733,3438044.454,-0.660,-0.081,0.317,0.677,0,0,25,0,85,0,0,393,43,0.977,1,2248,0,142.195,21.721,121.688,60.000,-42.563,1.844,-1.059,1.109,9.941,19.313,-12.824,1.970,2.160,1.155,1.358,0,NULL,NULL,,3,0,2,7,255,1397,250,0,0
stim,210612,240733,0,240733,3438049.455,-0.661,-0.079,0.322,0.674,0,0,23,0,103,0,0,399,43,0.977,1,2248,0,141.584,23.085,128.938,46.438,-35.563,1.926,-1.102,1.188,10.727,20.441,-13.801,1.886,2.078,1.155,1.358,0,NULL,NULL,,3,0,2,7,255,1397,250,0,0
stim,210612,240733,0,240733,3438054.453,-0.661,-0.076,0.326,0.671,0,0,23,0,116,0,0,405,43,0.977,1,2248,0,141.405,24.243,135.688,32.125,-23.500,1.891,-1.074,1.320,11.387,21.402,-13.801,1.798,1.990,1.155,1.358,0,NULL,NULL,,3,0,2,7,255,1397,250,0,0
stim,210612,240733,0,240733,3438059.455,-0.662,-0.073,0.331,0.668,0,0,24,0,122,0,0,413,43,0.977,1,2248,0,140.407,24.649,138.750,14.438,-15.938,1.738,-0.957,1.559,11.605,21.746,-12.871,1.706,1.898,1.155,1.358,0,NULL,NULL,,3,0,2,7,255,1397,250,0,0
stim,210612,240733,0,240733,3438064.454,-0.663,-0.069,0.334,0.666,0,0,25,0,121,0,0,423,43,0.977,1,2248,0,123.462,24.653,121.750,-3.125,-20.250,1.563,-0.781,1.844,11.605,21.750,-10.047,1.606,1.798,1.155,1.358,0,NULL,NULL,,3,0,2,7,255,1397,250,0,0
stim,210662,240783,0,240783,3438069.455,-0.665,-0.067,0.336,0.664,0,0,24,0,106,0,0,411,43,0.977,1,2248,0,90.741,24.598,82.750,-20.438,-31.125,1.484,-0.641,2.020,11.227,21.887,-6.516,1.500,1.692,1.155,1.358,0,NULL,NULL,,3,0,2,7,255,1397,250,0,0
stim,210662,240783,0,240783,3438074.454,-0.666,-0.064,0.336,0.663,0,0,11,33,62,0,0,509,43,0.977,1,2248,0,76.396,24.598,58.063,-44.813,-21.375,1.094,-0.801,2.352,11.227,21.887,-4.363,1.392,1.584,1.155,1.358,0,NULL,NULL,,3,0,2,7,255,1397,250,0,0
stim,210662,240783,0,240783,3438079.455,-0.665,-0.042,0.343,0.662,283,0,4,499,73,0,0,611,43,0.977,1,2248,0,529.094,26.180,436.000,-236.813,183.750,1.664,0.359,5.973,13.840,22.223,-0.262,1.276,1.466,1.155,1.358,0,NULL,NULL,,3,0,2,7,255,1397,250,0,0
stim,210662,240783,0,240783,3438084.453,-0.668,-0.036,0.336,0.663,936,0,4,1080,29,63,0,629,43,0.977,1,2248,0,220.023,47.240,-8.375,-219.563,-11.500,1.203,-0.059,7.012,16.570,44.238,28.453,1.160,1.346,1.155,1.358,0,NULL,NULL,,3,0,2,7,255,1397,250,0,0
stim,210662,240783,0,240783,3438089.455,-0.663,-0.054,0.306,0.681,1379,0,3,1469,0,212,0,662,43,0.977,1,2248,0,925.236,47.240,-888.375,-162.250,201.313,0.781,0.977,2.473,16.570,44.238,28.453,1.042,1.226,1.155,1.358,0,NULL,NULL,,3,0,2,7,255,1397,250,0,0
stim,210662,240783,0,240783,3438094.454,-0.651,-0.070,0.274,0.704,1783,0,1,1797,0,511,0,699,43,0.977,1,2249,0,996.592,19.194,-906.563,-193.938,365.688,0.617,3.398,-1.012,-2.723,19.000,9.379,0.926,1.104,1.155,1.358,1,1349.000,-48.000,,3,0,2,7,255,1397,250,0,0
stim,210662,240783,0,240783,3438099.455,-0.642,-0.073,0.259,0.718,2099,0,1,1947,0,649,0,746,43,0.977,1,2249,0,510.299,27.375,-378.250,-153.438,306.250,-0.855,2.535,-2.395,-27.375,-0.016,-12.059,0.814,0.984,1.155,1.358,1,NULL,NULL,,3,0,2,7,255,1397,250,0,0
stim,210662,240783,0,240783,3438104.453,-0.638,-0.065,0.256,0.723,2295,0,0,2099,0,799,0,799,43,0.977,1,2249,0,251.446,31.911,18.313,-168.000,186.188,-1.867,-0.996,-0.168,-27.375,-16.398,-12.059,0.706,0.864,1.155,1.358,1,NULL,NULL,,3,0,2,7,255,1397,250,0,0
stim,210663,240784,0,240784,3438109.457,-0.636,-0.059,0.253,0.726,2513,0,0,2293,0,949,0,873,43,0.977,1,2249,0,165.381,20.051,19.563,-135.563,92.688,-0.984,-0.656,1.824,11.539,-16.398,-6.090,0.606,0.750,1.155,1.358,1,NULL,NULL,,3,0,2,7,255,1397,250,0,0
stim,210663,240784,0,240784,3438114.454,-0.634,-0.057,0.248,0.730,2697,0,0,2523,0,1002,0,921,43,0.977,1,2249,0,166.258,11.543,-85.938,-105.188,95.875,0.051,1.703,2.133,11.539,-0.297,8.027,0.520,0.644,1.155,1.358,1,NULL,NULL,,3,0,2,7,255,1397,250,0,0
stim,210700,240821,0,240821,3438119.455,-0.626,-0.056,0.238,0.740,2793,2,0,2671,0,1017,0,980,43,0.977,1,2249,0,370.145,10.161,-216.813,-135.438,267.688,-0.805,1.480,1.223,-10.156,-0.297,8.027,0.448,0.544,1.155,1.358,1,NULL,NULL,,3,0,2,7,255,1397,250,0,0
stim,210700,240821,0,240821,3438124.454,-0.618,-0.057,0.223,0.752,2867,0,0,2787,0,1037,0,1075,43,0.977,1,2249,0,469.289,10.846,-335.750,-170.188,280.250,-1.809,-0.469,0.262,-10.156,-3.805,7.543,0.390,0.448,1.155,1.358,2,NULL,NULL,,3,0,2,7,255,1397,250,0,0
stim,210700,240821,0,240821,3438129.455,-0.615,-0.056,0.211,0.758,2928,0,0,2873,0,1045,0,1173,43,0.977,1,2249,0,324.266,16.834,-234.313,-193.188,113.688,-2.016,-0.738,-0.520,8.824,-14.336,-2.180,0.350,0.360,1.155,1.358,2,NULL,NULL,,3,0,2,7,255,1397,250,0,0
stim,210700,240821,0,240821,3438134.453,-0.618,-0.051,0.204,0.757,2973,0,0,2925,0,1066,0,1275,43,0.977,1,2249,0,202.729,16.834,-36.750,-192.688,-51.188,-1.133,0.000,0.168,8.824,-14.336,-4.648,0.344,0.300,1.155,1.358,2,NULL,NULL,,3,0,2,7,255,1397,250,0,0
stim,210700,240821,0,240821,3438139.455,-0.624,-0.045,0.201,0.754,2997,0,0,2987,0,1107,0,1359,43,0.977,1,2249,0,226.937,9.979,42.875,-180.688,-130.438,-0.070,0.305,1.563,2.703,-9.605,-4.648,0.356,0.276,1.155,1.358,2,NULL,NULL,,3,0,2,7,255,1397,250,0,0
stim,210700,240821,0,240821,3438144.454,-0.629,-0.041,0.194,0.751,3027,0,0,3029,0,1176,0,1447,43,0.977,1,2249,0,210.712,4.317,-39.250,-166.938,-122.438,0.484,0.273,2.039,-0.492,4.289,5.188,0.382,0.284,1.155,1.358,2,NULL,NULL,,3,0,2,7,255,1397,250,0,0
stim,210700,240821,0,240821,3438149.455,-0.632,-0.041,0.185,0.751,3044,0,0,3065,0,1289,0,1518,43,0.977,1,2249,0,221.594,10.804,-146.688,-153.500,-63.438,0.820,-0.383,1.824,-0.492,10.793,5.188,0.410,0.320,1.155,1.358,2,NULL,NULL,,3,0,2,7,255,1397,250,0,0
stim,210700,240821,0,240821,3438154.453,-0.632,-0.042,0.175,0.753,3049,0,0,3107,67,1429,0,1595,43,0.977,1,2249,0,240.870,11.926,-201.750,-131.188,10.250,0.625,-1.137,1.203,4.504,11.043,3.777,0.436,0.352,1.155,1.358,2,NULL,NULL,,3,0,2,7,255,1397,250,0,0
stim,210724,240845,0,240845,3438159.455,-0.631,-0.042,0.166,0.757,3054,0,0,3125,165,1533,0,1660,43,0.977,1,2249,0,218.951,15.614,-171.313,-119.000,66.563,0.195,-1.313,0.707,11.039,11.043,-2.488,0.458,0.380,1.155,1.358,2,NULL,NULL,,3,0,2,7,255,1397,250,0,0
stim,210724,240845,0,240845,3438164.454,-0.629,-0.041,0.160,0.760,3081,0,0,3133,335,1663,0,1707,43,0.977,1,2249,0,179.343,12.496,-112.250,-116.438,77.500,-0.348,-0.824,0.766,11.039,5.855,-3.066,0.480,0.402,1.155,1.358,2,NULL,NULL,,3,0,2,7,255,1397,250,0,0
stim,210756,240877,0,240877,3438169.455,-0.628,-0.039,0.153,0.762,3067,0,0,3153,428,1789,0,1763,43,0.977,1,2249,0,151.569,9.281,-86.750,-120.813,29.188,-0.695,-0.164,0.953,9.277,0.262,-3.066,0.482,0.412,1.155,1.358,2,NULL,NULL,,3,0,2,7,255,1397,250,0,0
stim,210756,240877,0,240877,3438174.454,-0.629,-0.037,0.148,0.762,3066,0,0,3151,519,1893,0,1805,43,0.977,1,2249,0,139.737,3.875,-71.375,-117.750,-23.813,-0.281,0.152,0.969,3.855,-0.391,0.184,0.470,0.418,1.155,1.358,2,NULL,NULL,,3,0,2,7,255,1397,250,0,0
stim,210756,240877,0,240877,3438179.455,-0.631,-0.036,0.142,0.762,3087,0,0,3161,653,1991,0,1833,43,0.977,1,2249,0,138.540,1.396,-70.438,-116.188,-27.063,-0.059,-0.027,1.133,1.340,-0.391,0.578,0.446,0.420,1.155,1.358,2,NULL,NULL,,3,0,2,7,255,1397,250,0,0
stim,210756,240877,0,240877,3438184.453,-0.632,-0.034,0.136,0.762,3087,0,0,3161,751,2100,0,1931,43,0.977,1,2249,0,142.687,2.673,-89.375,-110.375,-13.750,-0.039,-0.270,1.203,1.340,2.313,0.945,0.416,0.414,1.155,1.358,2,NULL,NULL,,3,0,2,7,255,1397,250,0,0
stim,210757,240878,0,240878,3438189.455,-0.632,-0.034,0.130,0.763,3079,0,0,3160,907,2197,0,2005,43,0.977,1,2249,0,142.352,4.509,-95.625,-105.250,-6.500,0.016,-0.340,0.879,3.617,2.691,0.945,0.384,0.396,1.155,1.358,2,NULL,NULL,,3,0,2,7,255,1397,250,0,0
stim,210757,240878,0,240878,3438194.454,-0.633,-0.032,0.126,0.763,3077,0,0,3163,1051,2253,77,2087,43,0.977,1,2249,0,98.319,4.705,-42.938,-87.000,-15.938,0.133,-0.316,1.238,3.672,2.941,1.316,0.352,0.366,1.155,1.358,2,NULL,NULL,,3,0,2,7,255,1397,250,0,0
stim,210757,240878,0,240878,3438199.455,-0.635,-0.031,0.124,0.762,3087,0,0,3171,1190,2293,59,2159,43,0.977,1,2249,0,66.435,5.796,-17.438,-46.563,-44.063,0.391,-0.098,1.320,3.672,4.484,1.328,0.320,0.328,1.155,1.358,2,NULL,NULL,,3,0,2,7,255,1397,250,0,0
stim,210757,240878,0,240878,3438204.453,-0.635,-0.030,0.122,0.762,3064,0,0,3164,1285,2340,59,2205,43,0.977,1,2249,0,50.610,6.687,-18.313,-44.938,-14.375,0.496,0.340,1.180,1.156,6.586,1.328,0.286,0.284,1.155,1.358,2,NULL,NULL,,3,0,2,7,255,1397,250,0,0
stim,210757,240878,0,240878,3438209.455,-0.635,-0.029,0.121,0.762,3087,0,0,3169,1357,2360,74,2248,43,0.977,1,2249,0,33.418,7.390,-14.188,-29.375,7.250,0.141,0.457,1.305,-3.352,6.586,1.859,0.254,0.246,1.155,1.358,2,NULL,NULL,,3,0,2,7,255,1397,250,0,0
stim,210757,240878,0,240878,3438214.454,-0.636,-0.030,0.119,0.762,3065,14,0,3163,1415,2393,79,2293,43,0.977,1,2249,0,62.683,4.688,-58.438,-22.188,-4.688,-0.371,0.078,1.293,-3.352,3.277,2.871,0.228,0.214,1.155,1.358,2,NULL,NULL,,3,0,2,7,255,1397,250,0,0
stim,210783,240904,0,240904,3438219.455,-0.637,-0.032,0.116,0.762,3067,21,0,3163,1506,2403,73,2327,43,0.977,1,2249,0,77.194,1.100,-66.563,-22.188,-32.188,-0.254,-0.004,0.820,0.805,-0.750,2.871,0.210,0.200,1.155,1.358,2,NULL,NULL,,3,0,2,7,255,1397,250,0,0
stim,210783,240904,0,240904,3438224.454,-0.639,-0.032,0.114,0.760,3067,29,0,3166,1560,2421,75,2360,43,0.977,1,2249,0,66.454,1.100,-31.813,-18.750,-55.250,-0.164,0.148,0.961,0.805,-0.750,-0.176,0.200,0.192,1.155,1.358,2,NULL,NULL,,3,0,2,7,255,1397,250,0,0
stim,210783,240904,0,240904,3438229.455,-0.641,-0.032,0.112,0.759,3069,55,0,3165,1597,2429,76,2401,43,0.977,1,2249,0,68.347,0.599,-21.563,-18.625,-62.125,0.000,0.230,1.109,-0.586,0.125,-0.176,0.194,0.184,1.155,1.358,2,NULL,NULL,,3,0,2,7,255,1397,250,0,0
stim,210783,240904,0,240904,3438234.453,-0.642,-0.033,0.111,0.758,3083,59,0,3171,1641,2455,78,2411,43,0.977,1,2249,0,60.980,1.946,-32.375,-12.313,-50.188,0.047,0.102,1.090,-0.586,1.855,0.637,0.194,0.174,1.155,1.358,2,NULL,NULL,,3,0,2,7,255,1397,250,0,0
stim,210809,240930,0,240930,3438239.455,-0.643,-0.034,0.109,0.757,3079,67,0,3163,1675,2468,76,2431,43,0.977,1,2249,0,56.208,1.919,-45.375,-9.188,-31.875,-0.051,-0.047,0.996,-0.488,1.855,0.637,0.198,0.162,1.155,1.358,2,NULL,NULL,,3,0,2,7,255,1397,250,0,0
stim,210809,240930,0,240930,3438244.454,-0.644,-0.035,0.107,0.756,3079,77,0,3179,1723,2473,75,2455,43,0.977,1,2249,0,51.311,1.652,-39.563,-7.188,-31.875,-0.199,0.012,0.906,0.590,1.543,-0.219,0.206,0.148,1.155,1.358,2,NULL,NULL,,3,0,2,7,255,1397,250,0,0
stim,210809,240930,0,240930,3438249.455,-0.646,-0.036,0.106,0.755,3068,91,0,3173,1751,2491,75,2469,43,0.977,1,2249,0,58.061,0.608,-24.625,-3.875,-52.438,-0.211,0.180,0.957,0.590,-0.148,-0.219,0.218,0.130,1.155,1.358,2,NULL,NULL,,3,0,2,7,255,1397,250,0,0
stim,210809,240930,0,240930,3438254.453,-0.648,-0.036,0.105,0.753,3081,107,13,3167,1773,2509,71,2475,43,0.977,1,2249,0,66.321,1.019,-24.625,-4.188,-61.438,-0.047,0.164,1.070,-1.008,-0.148,-0.090,0.240,0.110,1.155,1.358,2,NULL,NULL,,3,0,2,7,255,1397,250,0,0
stim,210809,240930,0,240930,3438259.455,-0.649,-0.037,0.104,0.752,3081,121,37,3187,1803,2517,69,2493,43,0.977,1,2249,0,54.778,1.714,-32.188,-4.188,-44.125,0.078,-0.070,1.031,-1.008,1.387,-0.090,0.262,0.090,1.155,1.358,2,NULL,NULL,,3,0,2,7,255,1397,250,0,0
stim,210809,240930,0,240930,3438264.454,-0.650,-0.038,0.102,0.752,3089,138,70,3179,1834,2523,63,2491,43,0.977,1,2249,0,35.618,2.266,-28.313,-2.188,-21.500,0.031,-0.035,0.961,0.633,2.176,-0.125,0.282,0.074,1.155,1.358,2,NULL,NULL,,3,0,2,7,255,1397,250,0,0
stim,210853,240974,0,240974,3438269.455,-0.651,-0.038,0.102,0.752,3087,149,76,3173,1849,2532,59,2490,43,0.977,1,2249,0,22.003,2.266,-19.000,-0.875,-11.063,-0.090,0.078,0.961,0.633,2.176,-0.371,0.298,0.064,1.155,1.358,2,NULL,NULL,,3,0,2,7,255,1397,250,0,0
stim,210853,240974,0,240974,3438274.454,-0.651,-0.039,0.101,0.751,3089,166,111,3186,1869,2537,53,2505,43,0.977,1,2249,0,18.927,0.867,-13.063,-0.500,-13.688,-0.156,0.059,0.996,0.008,0.867,-0.371,0.304,0.062,1.155,1.358,2,NULL,NULL,,3,0,2,7,255,1397,250,0,0
stim,210882,241003,0,241003,3438279.455,-0.651,-0.039,0.100,0.751,3083,169,141,3175,1895,2537,36,2503,43,0.977,1,2249,0,19.715,0.512,-14.188,0.188,-13.688,-0.148,0.012,1.016,0.008,0.512,0.086,0.312,0.058,1.155,1.358,2,NULL,NULL,,3,0,2,7,255,1397,250,0,0
stim,210882,241003,0,241003,3438284.453,-0.652,-0.040,0.100,0.751,3093,189,160,3187,1913,2549,33,2515,43,0.977,1,2249,0,18.837,0.394,-15.188,-0.625,-11.125,-0.168,0.035,0.984,0.219,0.328,0.086,0.320,0.054,1.155,1.358,2,NULL,NULL,,3,0,2,7,255,1397,250,0,0
stim,210882,241003,0,241003,3438289.455,-0.652,-0.040,0.099,0.751,3079,200,221,3179,1931,2539,24,2508,43,1.027,1,2249,1,16.859,0.301,-12.625,-1.563,-11.063,-0.180,0.035,0.973,0.219,0.207,-0.047,0.000,0.000,1.186,1.376,2,NULL,NULL,,3,0,2,7,255,1397,250,0,0
stim,210882,241003,0,241003,3438294.454,-0.652,-0.040,0.099,0.750,3087,205,270,3176,1955,2555,1,2511,43,1.027,1,2249,1,15.629,0.301,-9.375,-2.188,-12.313,-0.168,0.004,0.988,0.219,0.207,-0.047,0.006,0.006,1.186,1.376,2,NULL,NULL,,3,0,2,7,255,1397,250,0,0
stim,210882,241003,0,241003,3438299.455,-0.653,-0.040,0.098,0.750,3117,202,306,3175,1963,2553,0,2519,43,1.027,1,2249,1,14.908,0.535,-7.375,-2.625,-12.688,-0.156,-0.023,0.973,0.480,0.234,-0.133,0.012,0.012,1.186,1.376,2,NULL,NULL,,3,0,2,7,255,1397,250,0,0
stim,210882,241003,0,241003,3438304.453,-0.653,-0.041,0.098,0.750,3087,201,329,3177,1983,2553,0,2521,43,1.027,1,2249,1,11.932,0.805,-5.688,-2.500,-10.188,-0.137,-0.047,0.992,0.715,0.371,-0.051,0.018,0.018,1.186,1.376,2,NULL,NULL,,3,0,2,7,255,1397,250,0,0
stim,210882,241003,0,241003,3438309.455,-0.653,-0.041,0.097,0.750,3069,198,350,3175,1997,2555,0,2527,43,1.027,1,2249,1,9.701,1.106,-8.438,-2.813,-3.875,-0.133,-0.063,0.996,0.910,0.629,-0.051,0.024,0.024,1.186,1.376,2,NULL,NULL,,3,0,2,7,255,1397,250,0,0
stim,210882,241003,0,241003,3438314.453,-0.653,-0.041,0.097,0.750,3083,197,368,3173,2003,2565,0,2527,43,1.027,1,2249,1,9.743,1.106,-9.188,-2.938,-1.375,-0.176,-0.043,0.949,0.910,0.629,-0.051,0.030,0.030,1.186,1.376,2,NULL,NULL,,3,0,2,7,255,1397,250,0,0
stim,210882,241003,0,241003,3438319.455,-0.654,-0.041,0.097,0.750,3077,188,407,3174,2023,2567,0,2532,43,1.027,1,2249,1,7.194,0.900,-3.563,-3.750,-5.000,-0.199,-0.027,0.934,0.887,0.152,-0.406,0.034,0.034,1.186,1.376,2,NULL,NULL,,3,0,2,7,255,1397,250,0,0
stim,210882,241003,0,241003,3438324.454,-0.654,-0.041,0.096,0.749,3063,201,421,3165,2026,2555,0,2535,43,1.027,1,2249,1,10.706,0.765,-0.125,-4.688,-9.625,-0.176,-0.023,0.977,0.750,0.152,-0.406,0.038,0.038,1.186,1.376,2,NULL,NULL,,3,0,2,7,255,1397,250,0,0
stim,210883,241004,0,241004,3438329.455,-0.654,-0.041,0.096,0.749,3065,190,446,3160,2031,2565,0,2539,43,1.027,1,2249,1,7.631,0.765,-0.500,-4.438,-6.188,-0.094,-0.070,1.004,0.750,0.152,-0.129,0.040,0.040,1.186,1.376,2,NULL,NULL,,3,0,2,7,255,1397,250,0,0
stim,210883,241004,0,241004,3438334.453,-0.654,-0.041,0.096,0.749,3063,190,466,3160,2041,2567,0,2555,43,1.027,1,2249,1,8.957,0.832,-4.563,-5.063,5.813,-0.145,0.008,0.996,0.703,0.445,-0.027,0.042,0.042,1.186,1.376,2,NULL,NULL,,3,0,2,7,255,1397,250,0,0
stim,210908,241029,0,241029,3438339.455,-0.654,-0.041,0.095,0.749,3053,187,476,3149,2067,2569,0,2550,43,1.027,1,2249,1,8.005,0.580,-3.063,-5.563,4.875,-0.234,0.043,0.961,0.371,0.445,-0.027,0.044,0.044,1.186,1.376,2,NULL,NULL,,3,0,2,7,255,1397,250,0,0
stim,210908,241029,0,241029,3438344.454,-0.654,-0.041,0.095,0.749,3055,187,491,3140,2072,2571,0,2553,43,1.027,1,2249,1,11.010,0.530,0.438,-6.750,-8.688,-0.277,0.082,0.996,0.121,-0.516,0.020,0.046,0.044,1.186,1.376,2,NULL,NULL,,3,0,2,7,255,1397,250,0,0
stim,210908,241029,0,241029,3438349.455,-0.655,-0.040,0.095,0.749,3040,181,517,3133,2099,2572,0,2567,43,1.027,1,2249,1,19.344,0.516,-1.125,-7.750,-17.688,-0.160,0.047,1.016,-0.008,-0.516,0.258,0.046,0.044,1.186,1.376,2,NULL,NULL,,3,0,2,7,255,1397,250,0,0
stim,210908,241029,0,241029,3438354.453,-0.655,-0.040,0.095,0.748,3048,178,536,3123,2122,2577,0,2575,43,1.027,1,2249,1,14.305,0.293,-3.500,-7.938,-11.375,-0.117,0.047,0.996,-0.082,0.281,0.258,0.044,0.044,1.186,1.376,2,NULL,NULL,,3,0,2,7,255,1397,250,0,0
stim,210926,241047,0,241047,3438359.457,-0.655,-0.040,0.094,0.748,3033,179,590,3109,2133,2573,0,2581,43,1.027,1,2249,1,9.602,0.491,-2.000,-8.375,-4.250,-0.129,0.047,0.992,-0.051,0.488,-0.016,0.042,0.042,1.186,1.376,2,NULL,NULL,,3,0,2,7,255,1397,250,0,0
stim,210926,241047,0,241047,3438364.453,-0.655,-0.040,0.094,0.748,3029,175,626,3099,2155,2569,0,2589,43,1.027,1,2249,1,9.422,0.495,-1.750,-9.250,-0.375,-0.168,0.082,1.016,-0.082,0.488,-0.016,0.040,0.040,1.186,1.376,2,NULL,NULL,,3,0,2,7,255,1397,250,0,0
stim,210961,241082,0,241082,3438369.455,-0.656,-0.039,0.094,0.748,3018,175,661,3101,2173,2572,0,2601,43,1.027,1,2249,1,11.446,0.357,-0.563,-10.188,-5.188,-0.191,0.137,0.980,-0.340,0.109,0.039,0.038,0.036,1.186,1.376,2,NULL,NULL,,3,0,2,7,255,1397,250,0,0
stim,210961,241082,0,241082,3438374.454,-0.656,-0.039,0.094,0.748,3002,181,691,3079,2194,2579,0,2605,43,1.027,1,2249,1,15.040,0.862,4.625,-10.813,-9.375,-0.145,0.156,1.016,-0.855,0.109,0.297,0.034,0.032,1.186,1.376,2,NULL,NULL,,3,0,2,7,255,1397,250,0,0
stim,210961,241082,0,241082,3438379.455,-0.656,-0.038,0.093,0.748,2996,181,711,3077,2220,2580,7,2621,43,1.027,1,2249,1,13.375,1.119,3.000,-11.438,-6.250,-0.113,0.176,1.051,-1.090,0.254,0.305,0.030,0.028,1.186,1.376,2,NULL,NULL,,3,0,2,7,255,1397,250,0,0
stim,210961,241082,0,241082,3438384.453,-0.656,-0.038,0.093,0.748,2985,189,743,3051,2249,2583,39,2636,43,1.027,1,2249,1,11.940,1.320,0.188,-11.938,0.125,-0.137,0.203,1.047,-1.289,0.285,0.602,0.028,0.022,1.186,1.376,2,NULL,NULL,,3,0,2,7,255,1397,250,0,0
stim,210961,241082,0,241082,3438389.455,-0.656,-0.037,0.093,0.748,2956,199,789,3036,2269,2573,53,2639,43,1.027,1,2249,1,12.367,1.554,-1.938,-12.188,0.813,-0.188,0.238,1.051,-1.527,0.285,0.613,0.026,0.018,1.186,1.376,2,NULL,NULL,,3,0,2,7,255,1397,250,0,0
stim,210961,241082,0,241082,3438394.454,-0.656,-0.037,0.092,0.748,2937,198,857,3028,2299,2584,85,2659,43,1.027,1,2249,1,14.200,1.819,-3.750,-12.250,-6.125,-0.203,0.254,1.039,-1.801,-0.254,0.699,0.024,0.012,1.186,1.376,2,NULL,NULL,,3,0,2,7,255,1397,250,0,0
stim,210961,241082,0,241082,3438399.455,-0.657,-0.036,0.092,0.748,2919,207,910,3020,2339,2579,124,2668,43,1.027,1,2249,1,18.429,1.819,-6.125,-11.813,-12.750,-0.152,0.219,1.043,-1.801,-0.254,0.699,0.026,0.008,1.186,1.376,2,NULL,NULL,,3,0,2,7,255,1397,250,0,0
stim,210961,241082,0,241082,3438404.453,-0.657,-0.036,0.091,0.747,2904,231,986,2995,2373,2581,132,2667,43,1.027,1,2249,1,19.119,1.646,-10.188,-11.188,-11.688,-0.125,0.156,1.035,-1.645,0.078,0.637,0.028,0.008,1.186,1.376,2,NULL,NULL,,3,0,2,7,255,1397,250,0,0
stim,210979,241100,0,241100,3438409.457,-0.658,-0.036,0.091,0.747,2888,246,1078,2987,2405,2584,155,2681,43,1.027,1,2249,1,22.093,1.089,-11.625,-11.313,-15.000,-0.199,0.164,0.980,-1.086,0.078,0.465,0.030,0.012,1.186,1.376,2,NULL,NULL,,3,0,2,7,255,1397,250,0,0
stim,210979,241100,0,241100,3438414.453,-0.658,-0.036,0.090,0.746,2859,249,1172,2975,2431,2589,224,2697,43,1.027,1,2249,1,27.060,1.089,-9.563,-10.438,-23.063,-0.156,0.070,0.992,-1.082,0.125,0.066,0.032,0.016,1.186,1.376,2,NULL,NULL,,3,0,2,7,255,1397,250,0,0
stim,210979,241100,0,241100,3438419.455,-0.659,-0.036,0.089,0.746,2845,244,1242,2955,2457,2591,281,2695,43,1.027,1,2249,1,29.200,0.232,-10.938,-10.688,-24.875,-0.168,0.035,0.984,-0.230,0.027,0.055,0.036,0.020,1.186,1.376,2,NULL,NULL,,3,0,2,7,255,1397,250,0,0
stim,210979,241100,0,241100,3438424.454,-0.660,-0.036,0.088,0.745,2824,251,1333,2953,2485,2585,339,2705,43,1.027,1,2249,1,31.494,0.161,-14.563,-10.188,-26.000,-0.141,-0.035,0.996,0.102,0.125,0.016,0.038,0.024,1.186,1.376,2,NULL,NULL,,3,0,2,7,255,1397,250,0,0
stim,210979,241100,0,241100,3438429.455,-0.661,-0.037,0.087,0.744,2791,248,1407,2931,2513,2587,363,2712,43,1.027,1,2249,1,33.187,0.735,-16.938,-10.438,-26.563,-0.160,-0.035,0.961,0.727,0.113,-0.008,0.038,0.026,1.186,1.376,2,NULL,NULL,,3,0,2,7,255,1397,250,0,0
stim,210979,241100,0,241100,3438434.453,-0.662,-0.037,0.086,0.744,2767,255,1502,2920,2521,2589,429,2729,43,1.027,1,2249,1,32.844,0.772,-16.000,-11.125,-26.438,-0.145,-0.051,0.934,0.738,0.227,-0.289,0.040,0.026,1.186,1.376,2,NULL,NULL,,3,0,2,7,255,1397,250,0,0
stim,211011,241132,0,241132,3438439.455,-0.663,-0.037,0.086,0.743,2739,269,1581,2904,2549,2591,498,2736,43,1.027,1,2249,1,33.912,0.759,-10.188,-11.938,-30.063,-0.188,-0.039,0.941,0.750,0.113,-0.441,0.038,0.026,1.186,1.376,2,NULL,NULL,,3,0,2,7,255,1397,250,0,0
stim,211011,241132,0,241132,3438444.454,-0.664,-0.037,0.085,0.742,2713,268,1674,2891,2573,2588,587,2747,43,1.027,1,2249,1,33.517,0.783,-11.688,-12.938,-28.625,-0.121,-0.039,0.992,0.750,0.227,-0.441,0.036,0.024,1.186,1.376,2,NULL,NULL,,3,0,2,7,255,1397,250,0,0
stim,211011,241132,0,241132,3438449.455,-0.665,-0.037,0.084,0.742,2695,269,1740,2867,2595,2601,647,2749,43,1.027,1,2249,1,33.190,0.684,-16.563,-12.938,-25.688,-0.160,0.008,0.992,0.680,0.074,-0.070,0.034,0.024,1.186,1.376,2,NULL,NULL,,3,0,2,7,255,1397,250,0,0
stim,211011,241132,0,241132,3438454.453,-0.665,-0.038,0.082,0.741,2661,279,1800,2844,2622,2601,781,2765,43,1.027,1,2249,1,34.764,0.718,-20.313,-14.313,-24.313,-0.148,-0.063,0.980,0.680,0.230,-0.070,0.032,0.024,1.186,1.376,2,NULL,NULL,,3,0,2,7,255,1397,250,0,0
stim,211011,241132,0,241132,3438459.455,-0.666,-0.038,0.081,0.740,2631,296,1867,2829,2631,2590,883,2771,43,1.027,1,2249,1,32.399,0.920,-20.563,-15.063,-20.000,-0.121,-0.086,0.965,0.891,0.230,-0.125,0.030,0.024,1.186,1.376,2,NULL,NULL,,3,0,2,7,255,1397,250,0,0
stim,211011,241132,0,241132,3438464.453,-0.667,-0.038,0.080,0.740,2600,301,1927,2807,2649,2599,960,2781,43,1.027,1,2249,1,30.176,0.920,-18.375,-15.563,-18.188,-0.164,0.012,0.977,0.891,0.230,-0.125,0.030,0.024,1.186,1.376,2,NULL,NULL,,3,0,2,7,255,1397,250,0,0
stim,211056,241177,0,241177,3438469.455,-0.668,-0.038,0.079,0.739,2555,306,2002,2796,2679,2603,1051,2795,43,1.027,1,2249,1,34.854,0.160,-16.875,-16.438,-25.688,-0.180,0.125,0.988,0.148,-0.059,-0.102,0.030,0.024,1.186,1.376,2,NULL,NULL,,3,0,2,7,255,1397,250,0,0
stim,211056,241177,0,241177,3438474.454,-0.669,-0.038,0.078,0.739,2496,303,2069,2765,2693,2599,1140,2805,43,1.027,1,2249,1,37.146,0.939,-14.125,-15.813,-30.500,-0.090,0.117,1.000,-0.938,-0.059,0.020,0.030,0.024,1.186,1.376,2,NULL,NULL,,3,0,2,7,255,1397,250,0,0
stim,211056,241177,0,241177,3438479.455,-0.669,-0.038,0.077,0.738,2463,311,2137,2747,2714,2597,1239,2823,43,1.027,1,2249,1,32.823,1.103,-15.125,-15.563,-24.625,-0.090,0.023,1.023,-0.938,0.582,0.082,0.030,0.026,1.186,1.376,2,NULL,NULL,,3,0,2,7,255,1397,250,0,0
stim,211056,241177,0,241177,3438484.453,-0.670,-0.038,0.076,0.737,2439,333,2183,2731,2715,2596,1355,2825,43,1.027,1,2249,1,31.545,0.625,-17.750,-15.375,-21.063,-0.148,0.043,1.020,-0.227,0.582,0.215,0.032,0.026,1.186,1.376,2,NULL,NULL,,3,0,2,7,255,1397,250,0,0
stim,211056,241177,0,241177,3438489.455,-0.671,-0.038,0.075,0.737,2389,345,2233,2700,2733,2607,1461,2823,43,1.027,1,2249,1,38.039,0.241,-18.438,-14.125,-30.125,-0.164,0.074,1.012,-0.227,0.082,0.258,0.034,0.024,1.186,1.376,2,NULL,NULL,,3,0,2,7,255,1397,250,0,0
stim,211056,241177,0,241177,3438494.454,-0.672,-0.038,0.074,0.736,2331,356,2287,2676,2740,2600,1565,2837,43,1.027,1,2249,1,45.205,0.530,-18.750,-14.313,-38.563,-0.133,0.074,1.016,-0.523,0.082,0.258,0.036,0.024,1.186,1.376,2,NULL,NULL,,3,0,2,7,255,1397,250,0,0
stim,211077,241198,0,241198,3438499.455,-0.674,-0.038,0.072,0.735,2273,379,2330,2653,2763,2601,1635,2840,43,1.027,1,2249,1,47.782,0.589,-21.500,-13.625,-40.438,-0.105,0.090,1.008,-0.570,0.148,0.258,0.038,0.024,1.186,1.376,2,NULL,NULL,,3,0,2,7,255,1397,250,0,0
stim,211077,241198,0,241198,3438504.453,-0.675,-0.038,0.071,0.734,2216,407,2377,2621,2773,2599,1720,2845,43,1.027,1,2249,1,48.395,0.698,-23.625,-13.563,-40.000,-0.074,0.008,1.031,-0.570,0.402,0.258,0.040,0.024,1.186,1.376,2,NULL,NULL,,3,0,2,7,255,1397,250,0,0
stim,211077,241198,0,241198,3438509.455,-0.676,-0.039,0.070,0.733,2167,421,2424,2600,2779,2591,1787,2847,43,1.027,1,2249,1,50.244,0.532,-33.000,-12.000,-35.938,-0.113,-0.035,1.102,-0.027,0.531,0.305,0.042,0.026,1.186,1.376,2,NULL,NULL,,3,0,2,7,255,1397,250,0,0
stim,211077,241198,0,241198,3438514.453,-0.677,-0.040,0.068,0.732,2124,429,2475,2581,2801,2596,1859,2857,43,1.027,1,2249,1,58.914,0.532,-45.750,-11.438,-35.313,-0.129,0.000,1.043,0.031,0.531,0.480,0.042,0.026,1.186,1.376,2,NULL,NULL,,3,0,2,7,255,1397,250,0,0
stim,211077,241198,0,241198,3438519.455,-0.678,-0.041,0.066,0.731,2063,439,2511,2538,2803,2600,1912,2871,43,1.027,1,2249,1,60.565,0.267,-43.875,-11.750,-40.063,-0.152,0.078,0.934,0.031,0.266,0.480,0.044,0.024,1.186,1.376,2,NULL,NULL,,3,0,2,7,255,1397,250,0,0
stim,211077,241198,0,241198,3438524.454,-0.680,-0.042,0.064,0.730,1973,451,2540,2502,2809,2599,1977,2867,43,1.027,1,2249,1,55.281,0.764,-30.688,-11.813,-44.438,-0.102,0.066,0.918,-0.719,0.258,-0.547,0.046,0.022,1.186,1.376,2,NULL,NULL,,3,0,2,7,255,1397,250,0,0
stim,211077,241198,0,241198,3438529.455,-0.681,-0.042,0.063,0.728,1903,461,2581,2471,2826,2588,2047,2874,43,1.027,1,2249,1,49.370,0.764,-23.250,-12.188,-41.813,-0.086,-0.039,0.992,-0.719,0.258,-0.547,0.048,0.020,1.186,1.376,2,NULL,NULL,,3,0,2,7,255,1397,250,0,0
stim,211077,241198,0,241198,3438534.453,-0.682,-0.042,0.062,0.727,1833,469,2598,2421,2841,2580,2116,2879,43,1.027,1,2249,1,46.003,0.511,-24.563,-12.188,-36.938,-0.105,-0.082,1.023,0.277,0.430,-0.078,0.050,0.020,1.186,1.376,2,NULL,NULL,,3,0,2,7,255,1397,250,0,0
stim,211107,241228,0,241228,3438539.455,-0.683,-0.043,0.060,0.727,1763,472,2631,2383,2843,2586,2155,2879,43,1.027,1,2249,1,44.834,0.843,-29.313,-12.438,-31.563,-0.102,-0.109,1.016,0.688,0.488,0.191,0.050,0.022,1.186,1.376,2,NULL,NULL,,3,0,2,7,255,1397,250,0,0
stim,211107,241228,0,241228,3438544.454,-0.684,-0.044,0.059,0.726,1687,468,2659,2335,2859,2585,2212,2897,43,1.027,1,2249,1,44.209,0.811,-32.375,-13.188,-27.063,-0.121,-0.074,1.000,0.688,0.430,0.191,0.050,0.022,1.186,1.376,2,NULL,NULL,,3,0,2,7,255,1397,250,0,0
stim,211107,241228,0,241228,3438549.455,-0.685,-0.044,0.057,0.725,1573,468,2685,2295,2865,2571,2247,2903,43,1.027,1,2249,1,45.256,0.615,-31.313,-13.375,-29.813,-0.152,0.000,0.977,0.578,0.211,0.043,0.050,0.024,1.186,1.376,2,NULL,NULL,,3,0,2,7,255,1397,250,0,0
stim,211107,241228,0,241228,3438554.453,-0.686,-0.044,0.056,0.724,1481,463,2701,2232,2866,2579,2276,2897,43,1.027,1,2249,1,47.114,0.193,-27.188,-13.750,-35.938,-0.141,0.023,0.969,-0.164,-0.102,-0.133,0.050,0.026,1.186,1.376,2,NULL,NULL,,3,0,2,7,255,1397,250,0,0
stim,211107,241228,0,241228,3438559.455,-0.687,-0.045,0.054,0.723,1383,438,2731,2171,2875,2577,2323,2905,43,1.027,1,2249,1,45.747,0.193,-24.125,-14.500,-36.063,-0.094,-0.027,1.000,-0.164,-0.102,-0.133,0.050,0.028,1.186,1.376,2,NULL,NULL,,3,0,2,7,255,1397,250,0,0
stim,211107,241228,0,241228,3438564.454,-0.688,-0.045,0.053,0.722,1242,431,2741,2109,2886,2571,2349,2911,43,1.027,1,2249,1,41.408,0.410,-24.125,-14.750,-30.250,-0.090,-0.043,1.004,0.000,0.410,0.004,0.050,0.028,1.186,1.376,2,NULL,NULL,,3,0,2,7,255,1397,250,0,0
stim,211162,241283,0,241283,3438569.455,-0.689,-0.045,0.052,0.722,1164,421,2761,2031,2889,2559,2390,2905,43,1.027,1,2249,1,40.180,0.410,-23.875,-15.000,-28.625,-0.121,-0.027,1.000,0.000,0.410,0.063,0.052,0.028,1.186,1.376,2,NULL,NULL,,3,0,2,7,255,1397,250,0,0
stim,211162,241283,0,241283,3438574.454,-0.690,-0.046,0.050,0.721,1065,365,2783,1945,2907,2551,2424,2913,43,1.027,1,2249,1,41.433,0.126,-22.313,-15.313,-31.375,-0.129,-0.027,0.992,-0.012,0.125,0.063,0.054,0.028,1.186,1.376,2,NULL,NULL,,3,0,2,7,255,1397,250,0,0
stim,211162,241283,0,241283,3438579.455,-0.691,-0.046,0.049,0.720,960,335,2794,1849,2904,2547,2445,2925,43,1.027,1,2249,1,43.422,0.126,-21.375,-15.438,-34.500,-0.102,-0.047,1.000,-0.012,0.125,0.055,0.056,0.028,1.186,1.376,2,NULL,NULL,,3,0,2,7,255,1397,250,0,0
stim,211162,241283,0,241283,3438584.453,-0.692,-0.046,0.048,0.719,841,329,2807,1753,2917,2543,2469,2919,43,1.027,1,2249,1,42.127,0.297,-21.313,-15.875,-32.688,-0.094,-0.059,1.016,0.117,0.273,0.055,0.056,0.028,1.186,1.376,2,NULL,NULL,,3,0,2,7,255,1397,250,0,0
stim,211162,241283,0,241283,3438589.455,-0.693,-0.046,0.047,0.718,739,302,2828,1650,2931,2535,2501,2925,43,1.027,1,2249,1,38.734,0.400,-20.500,-16.688,-28.313,-0.086,-0.027,1.000,0.117,0.383,0.055,0.058,0.028,1.186,1.376,2,NULL,NULL,,3,0,2,7,255,1397,250,0,0
stim,211162,241283,0,241283,3438594.454,-0.694,-0.046,0.045,0.718,633,288,2843,1553,2931,2535,2519,2933,43,1.027,1,2249,1,35.296,0.402,-18.500,-16.875,-24.875,-0.090,-0.027,0.996,-0.121,0.383,0.031,0.058,0.028,1.186,1.376,2,NULL,NULL,,3,0,2,7,255,1397,250,0,0
stim,211162,241283,0,241283,3438599.455,-0.694,-0.046,0.044,0.717,491,275,2843,1417,2941,2523,2537,2927,43,1.027,1,2249,1,32.350,0.368,-16.563,-17.375,-21.688,-0.102,-0.031,1.004,-0.121,0.348,0.031,0.060,0.028,1.186,1.376,2,NULL,NULL,,3,0,2,7,255,1397,250,0,0
stim,211162,241283,0,241283,3438604.453,-0.695,-0.046,0.043,0.716,403,237,2857,1299,2943,2520,2556,2939,43,1.027,1,2249,1,31.881,0.260,-14.500,-18.250,-21.750,-0.117,-0.023,1.008,-0.121,0.230,0.059,0.060,0.028,1.186,1.376,2,NULL,NULL,,3,0,2,7,255,1397,250,0,0
stim,211162,241283,0,241283,3438609.455,-0.696,-0.046,0.042,0.716,311,187,2868,1126,2955,2505,2580,2935,43,1.027,1,2249,1,31.614,0.263,-13.563,-18.938,-21.375,-0.102,-0.031,1.031,-0.156,0.211,0.145,0.062,0.028,1.186,1.376,2,NULL,NULL,,3,0,2,7,255,1397,250,0,0
stim,211162,241283,0,241283,3438614.454,-0.696,-0.045,0.041,0.715,201,174,2875,947,2967,2495,2604,2949,43,1.027,1,2249,1,32.856,0.226,-15.250,-19.750,-21.375,-0.105,-0.012,1.016,-0.180,0.137,0.195,0.062,0.030,1.186,1.376,2,NULL,NULL,,3,0,2,7,255,1397,250,0,0
stim,211181,241302,0,241302,3438619.455,-0.697,-0.045,0.040,0.715,127,148,2893,819,2973,2487,2619,2943,43,1.027,1,2249,1,33.862,0.397,-14.063,-20.063,-23.375,-0.098,-0.012,1.012,-0.352,0.184,0.195,0.064,0.030,1.186,1.376,2,NULL,NULL,,3,0,2,7,255,1397,250,0,0
stim,211181,241302,0,241302,3438624.454,-0.698,-0.045,0.039,0.714,91,131,2904,683,2973,2468,2637,2959,43,1.027,1,2249,1,32.661,0.397,-11.813,-21.375,-21.688,-0.074,-0.016,1.008,-0.352,0.184,0.141,0.066,0.030,1.186,1.376,2,NULL,NULL,,3,0,2,7,255,1397,250,0,0
stim,211181,241302,0,241302,3438629.455,-0.698,-0.044,0.038,0.714,43,77,2904,548,2973,2460,2649,2950,43,1.027,1,2249,1,32.100,0.521,-11.000,-22.000,-20.625,-0.066,-0.023,0.992,-0.336,0.398,0.070,0.068,0.032,1.186,1.376,2,NULL,NULL,,3,0,2,7,255,1397,250,0,0
stim,211181,241302,0,241302,3438634.454,-0.699,-0.044,0.037,0.713,21,55,2919,375,2985,2443,2675,2959,43,1.027,1,2249,1,29.704,0.472,-6.313,-23.250,-17.375,-0.074,-0.039,0.992,-0.254,0.398,-0.047,0.070,0.034,1.186,1.376,2,NULL,NULL,,3,0,2,7,255,1397,250,0,0
stim,211207,241328,0,241328,3438639.455,-0.699,-0.043,0.036,0.713,2,35,2923,247,2989,2422,2687,2959,43,1.027,1,2249,1,28.947,0.348,-2.438,-24.000,-16.000,-0.074,-0.039,0.992,-0.117,0.328,-0.047,0.074,0.036,1.186,1.376,2,NULL,NULL,,3,0,2,7,255,1397,250,0,0
stim,211207,241328,0,241328,3438644.453,-0.700,-0.042,0.035,0.712,0,31,2919,155,2989,2405,2695,2957,43,1.027,1,2249,1,29.611,0.320,-0.438,-25.188,-15.563,-0.086,-0.059,0.996,-0.109,0.301,-0.043,0.076,0.038,1.186,1.376,2,NULL,NULL,,3,0,2,7,255,1397,250,0,0
stim,211207,241328,0,241328,3438649.455,-0.700,-0.041,0.034,0.712,0,19,2931,123,2999,2383,2719,2964,43,1.027,1,2249,1,31.016,0.213,7.313,-27.313,-12.750,-0.133,-0.074,1.039,0.063,0.203,-0.023,0.078,0.042,1.186,1.376,2,NULL,NULL,,3,0,2,7,255,1397,250,0,0
stim,211207,241328,0,241328,3438654.453,-0.701,-0.040,0.034,0.712,0,19,2937,104,2995,2374,2725,2975,43,1.027,1,2249,1,34.170,0.337,12.188,-30.125,-10.563,-0.176,-0.113,1.105,0.227,-0.250,0.465,0.080,0.046,1.186,1.376,2,NULL,NULL,,3,0,2,7,255,1397,250,0,0
stim,211226,241347,0,241347,3438659.457,-0.701,-0.039,0.033,0.711,0,17,2931,87,3001,2333,2735,2965,43,1.027,1,2249,0,35.160,0.867,7.375,-31.563,-13.625,-0.199,-0.188,1.180,0.605,-0.621,1.176,0.080,0.050,1.186,1.376,3,NULL,NULL,,3,0,2,7,255,1397,250,0,0
stim,211226,241347,0,241347,3438664.454,-0.701,-0.038,0.032,0.711,0,0,2933,79,3013,2334,2767,2975,43,1.027,1,2249,0,43.636,1.091,21.563,-37.375,-6.500,-0.254,-0.133,1.277,0.770,-0.773,1.957,0.076,0.054,1.186,1.376,3,NULL,NULL,,3,0,2,7,255,1397,250,0,0
stim,211261,241382,0,241382,3438669.455,-0.701,-0.036,0.031,0.711,0,0,2939,57,3008,2323,2773,2975,43,1.027,1,2249,0,41.522,1.091,-5.438,-41.125,1.813,-0.125,-0.055,1.285,0.770,-0.773,2.855,0.070,0.058,1.186,1.376,3,NULL,NULL,,3,0,2,7,255,1397,250,0,0
stim,211261,241382,0,241382,3438674.454,-0.701,-0.036,0.029,0.711,0,0,2939,25,3019,2321,2779,2971,43,1.027,1,2249,0,53.167,0.771,-37.813,-37.188,-3.750,-0.020,-0.156,1.098,0.770,-0.051,2.855,0.064,0.060,1.186,1.376,3,NULL,NULL,,3,0,2,7,255,1397,250,0,0
stim,211261,241382,0,241382,3438679.455,-0.701,-0.036,0.026,0.712,0,0,2953,0,3027,2287,2797,2983,43,1.027,1,2249,0,52.578,0.128,-27.063,-42.375,15.375,-0.109,-0.063,0.930,0.117,-0.051,0.961,0.060,0.064,1.186,1.376,3,NULL,NULL,,3,0,2,7,255,1397,250,0,0
stim,211261,241382,0,241382,3438684.454,-0.700,-0.035,0.025,0.713,0,0,2943,0,3026,2269,2809,2987,43,1.027,1,2249,0,51.391,0.337,-4.938,-46.000,22.375,-0.152,-0.020,0.977,0.117,-0.316,-0.152,0.056,0.068,1.186,1.376,3,NULL,NULL,,3,0,2,7,255,1397,250,0,0
stim,211261,241383,0,241383,3438689.455,-0.700,-0.033,0.024,0.713,0,0,2943,0,3030,2228,2812,2976,43,1.027,1,2249,0,49.027,0.799,6.875,-48.063,6.813,-0.234,-0.004,0.969,-0.297,-0.742,-0.168,0.052,0.074,1.186,1.376,3,NULL,NULL,,3,0,2,7,255,1397,250,0,0
stim,211261,241383,0,241383,3438694.453,-0.700,-0.031,0.023,0.713,0,0,2943,0,3036,2193,2827,2976,43,1.027,1,2249,0,54.749,1.081,18.500,-50.813,-8.563,-0.184,-0.074,1.047,-0.297,-1.039,-0.152,0.048,0.080,1.186,1.376,3,NULL,NULL,,3,0,2,7,255,1397,250,0,0
stim,211261,241383,0,241383,3438699.455,-0.700,-0.029,0.022,0.713,0,0,2951,0,3039,2149,2840,2983,43,1.027,1,2249,0,56.937,1.059,18.188,-53.250,-8.688,-0.094,-0.141,1.125,0.207,-1.039,0.566,0.042,0.086,1.186,1.376,3,NULL,NULL,,3,0,2,7,255,1397,250,0,0
stim,211261,241383,0,241383,3438704.453,-0.701,-0.027,0.020,0.713,0,0,2941,0,3043,2101,2845,2979,43,1.027,1,2249,0,56.012,0.864,11.188,-54.875,-0.938,-0.070,-0.160,1.109,0.852,-0.148,1.133,0.038,0.092,1.186,1.376,3,NULL,NULL,,3,0,2,7,255,1397,250,0,0
stim,211262,241383,0,241383,3438709.455,-0.700,-0.025,0.019,0.713,0,0,2951,0,3051,2041,2860,2984,43,1.027,1,2249,0,57.808,0.864,7.438,-56.875,7.188,-0.090,-0.121,1.086,0.852,-0.148,1.133,0.032,0.098,1.186,1.376,3,NULL,NULL,,3,0,2,7,255,1397,250,0,0
stim,211262,241383,0,241383,3438714.454,-0.700,-0.023,0.017,0.714,0,0,2939,0,3045,1982,2863,2980,43,1.027,1,2249,0,60.049,0.741,7.813,-58.938,8.438,-0.133,-0.039,1.074,0.699,-0.246,0.906,0.028,0.104,1.186,1.376,3,NULL,NULL,,3,0,2,7,255,1397,250,0,0
stim,211294,241415,0,241415,3438719.455,-0.700,-0.021,0.016,0.714,0,0,2937,0,3051,1909,2872,2979,43,1.027,1,2249,0,62.241,0.742,11.125,-61.188,2.500,-0.137,-0.020,1.059,-0.109,-0.734,0.762,0.026,0.110,1.186,1.376,3,NULL,NULL,,3,0,2,7,255,1397,250,0,0
stim,211294,241415,0,241415,3438724.454,-0.700,-0.018,0.015,0.714,0,0,2933,0,3060,1847,2879,2989,43,1.027,1,2249,0,65.541,0.744,16.438,-63.438,-1.063,-0.105,-0.035,1.066,-0.117,-0.734,0.680,0.024,0.116,1.186,1.376,3,NULL,NULL,,3,0,2,7,255,1397,250,0,0
stim,211294,241415,0,241415,3438729.455,-0.700,-0.016,0.013,0.714,0,0,2927,0,3077,1775,2899,2988,43,1.027,1,2249,0,67.685,0.590,16.750,-65.563,-1.500,-0.074,-0.043,1.094,-0.117,-0.578,0.680,0.024,0.122,1.186,1.376,3,NULL,NULL,,3,0,2,7,255,1397,250,0,0
stim,211294,241415,0,241415,3438734.454,-0.700,-0.013,0.012,0.714,0,0,2915,0,3059,1707,2903,2976,43,1.027,1,2249,0,68.815,0.338,14.813,-67.188,1.375,-0.059,-0.043,1.102,-0.039,-0.336,0.934,0.024,0.126,1.186,1.376,3,NULL,NULL,,3,0,2,7,255,1397,250,0,0
stim,211294,241415,0,241415,3438739.455,-0.700,-0.011,0.010,0.714,0,0,2911,0,3067,1607,2917,2975,43,1.027,1,2249,0,70.704,0.338,14.500,-69.063,4.375,-0.074,-0.035,1.090,-0.039,-0.336,0.934,0.024,0.132,1.186,1.376,3,NULL,NULL,,3,0,2,7,255,1397,250,0,0
stim,211294,241415,0,241415,3438744.453,-0.700,-0.008,0.008,0.714,0,0,2900,0,3079,1507,2924,2983,43,1.027,1,2249,0,72.519,0.463,14.313,-71.000,3.625,-0.078,-0.016,1.086,-0.074,-0.457,0.875,0.026,0.138,1.186,1.376,3,NULL,NULL,,3,0,2,7,255,1397,250,0,0
stim,211318,241439,0,241439,3438749.455,-0.700,-0.005,0.007,0.715,0,0,2894,0,3063,1403,2924,2969,43,1.027,1,2249,0,74.597,0.575,15.500,-72.938,2.125,-0.066,-0.008,1.094,-0.238,-0.523,0.875,0.032,0.144,1.186,1.376,3,NULL,NULL,,3,0,2,7,255,1397,250,0,0
stim,211318,241439,0,241439,3438754.454,-0.699,-0.003,0.005,0.715,0,0,2891,0,3079,1285,2933,2968,43,1.027,1,2249,0,77.997,0.606,18.125,-75.750,4.125,-0.051,-0.008,1.105,-0.305,-0.523,0.902,0.040,0.150,1.186,1.376,3,NULL,NULL,,3,0,2,7,255,1397,250,0,0
stim,211318,241439,0,241439,3438759.455,-0.699,0.001,0.003,0.715,0,0,2871,0,3078,1164,2951,2971,43,1.027,1,2249,0,81.502,0.535,19.313,-78.750,8.250,-0.023,0.023,1.129,-0.324,-0.426,1.039,0.048,0.156,1.186,1.376,3,NULL,NULL,,3,0,2,7,255,1397,250,0,0
stim,211318,241440,0,241440,3438764.454,-0.699,0.004,0.001,0.716,0,0,2851,0,3067,1039,2941,2958,43,1.027,1,2249,0,83.784,0.737,15.313,-81.438,12.375,-0.031,0.055,1.156,-0.602,-0.426,1.250,0.058,0.162,1.186,1.376,3,NULL,NULL,,3,0,2,7,255,1397,250,0,0
stim,211361,241482,0,241482,3438769.455,-0.698,0.007,-0.001,0.716,0,0,2845,0,3065,889,2954,2950,43,1.027,1,2249,0,85.600,0.999,9.813,-83.938,13.625,-0.035,0.078,1.156,-0.902,-0.430,1.488,0.068,0.170,1.186,1.376,3,NULL,NULL,,3,0,2,7,255,1397,250,0,0
stim,211361,241482,0,241482,3438774.454,-0.698,0.010,-0.003,0.717,0,0,2823,0,3081,733,2956,2957,43,1.027,1,2249,0,88.848,1.244,8.750,-87.188,14.688,-0.035,0.086,1.148,-1.117,-0.547,1.488,0.076,0.178,1.186,1.376,3,NULL,NULL,,3,0,2,7,255,1397,250,0,0
stim,211361,241482,0,241482,3438779.455,-0.697,0.013,-0.006,0.717,0,0,2805,0,3079,629,2968,2939,43,1.027,1,2249,0,92.271,1.330,7.750,-90.313,17.250,-0.035,0.098,1.164,-1.172,-0.629,1.488,0.086,0.186,1.186,1.376,3,NULL,NULL,,3,0,2,7,255,1397,250,0,0
stim,211361,241482,0,241482,3438784.454,-0.696,0.016,-0.008,0.718,0,0,2772,0,3087,539,2964,2933,43,1.027,1,2249,0,95.724,1.426,3.563,-93.688,19.313,-0.020,0.117,1.176,-1.258,-0.672,1.578,0.096,0.198,1.186,1.376,3,NULL,NULL,,3,0,2,7,255,1397,250,0,0
stim,211362,241484,0,241484,3438789.455,-0.695,0.019,-0.011,0.718,0,0,2751,0,3081,435,2975,2927,43,1.027,1,2249,0,99.484,1.605,-2.375,-97.063,21.688,-0.012,0.117,1.172,-1.441,-0.707,1.637,0.106,0.210,1.186,1.376,3,NULL,NULL,,3,0,2,7,255,1397,250,0,0
stim,211362,241484,0,241484,3438794.453,-0.694,0.022,-0.014,0.719,0,0,2725,0,3089,318,2976,2913,43,1.027,1,2249,0,104.225,1.620,-5.500,-100.813,25.875,-0.008,0.117,1.180,-1.457,-0.707,1.680,0.118,0.222,1.186,1.376,3,NULL,NULL,,3,0,2,7,255,1397,250,0,0
stim,211363,241484,0,241484,3438799.455,-0.693,0.025,-0.017,0.720,0,0,2706,0,3080,201,2985,2903,43,1.027,1,2249,0,109.333,1.646,-11.313,-104.563,29.875,-0.023,0.129,1.203,-1.461,-0.758,1.688,0.134,0.240,1.186,1.376,3,NULL,NULL,,3,0,2,7,255,1397,250,0,0
stim,211363,241484,0,241484,3438804.453,-0.692,0.027,-0.021,0.721,0,0,2671,0,3089,137,2989,2875,43,1.027,1,2249,0,113.693,1.778,-19.438,-107.875,30.188,-0.012,0.113,1.203,-1.457,-1.020,1.902,0.150,0.258,1.186,1.376,3,NULL,NULL,,3,0,2,7,255,1397,250,0,0
stim,211363,241484,0,241484,3438809.455,-0.691,0.030,-0.025,0.722,0,0,2645,0,3069,62,2989,2862,43,1.027,1,2249,0,117.281,1.792,-22.375,-110.875,31.000,-0.027,0.070,1.180,-1.449,-1.055,1.902,0.170,0.278,1.186,1.376,3,NULL,NULL,,3,0,2,7,255,1397,250,0,0
stim,211363,241484,0,241484,3438814.454,-0.690,0.033,-0.029,0.723,0,0,2612,0,3077,43,2997,2851,43,1.027,1,2249,0,118.375,1.631,-14.625,-114.625,25.688,-0.094,0.039,1.137,-1.023,-1.270,1.656,0.190,0.300,1.186,1.376,3,NULL,NULL,,3,0,2,7,255,1397,250,0,0
stim,211383,241504,0,241504,3438819.455,-0.689,0.037,-0.033,0.723,0,0,2581,0,3081,0,2997,2823,43,1.027,1,2249,0,120.578,1.560,-11.000,-118.563,19.000,-0.020,0.035,1.195,-0.691,-1.398,1.656,0.214,0.328,1.186,1.376,3,NULL,NULL,,3,0,2,7,255,1397,250,0,0
stim,211383,241504,0,241504,3438824.454,-0.688,0.040,-0.037,0.724,0,0,2527,0,3063,0,2985,2788,43,1.027,1,2249,0,123.450,1.560,-15.125,-120.563,21.813,0.047,0.051,1.305,-0.691,-1.398,1.832,0.240,0.356,1.186,1.376,3,NULL,NULL,,3,0,2,7,255,1397,250,0,0
stim,211383,241504,0,241504,3438829.455,-0.687,0.043,-0.041,0.725,0,0,2503,0,3067,0,2995,2759,43,1.027,1,2249,0,131.473,1.574,-24.125,-123.813,37.063,-0.004,0.031,1.406,-0.723,-1.398,2.922,0.270,0.388,1.186,1.376,3,NULL,NULL,,3,0,2,7,255,1397,250,0,0
stim,211383,241504,0,241504,3438834.454,-0.685,0.046,-0.046,0.726,0,0,2457,0,3065,0,2985,2725,43,1.027,1,2249,0,138.809,1.904,-32.250,-127.875,43.313,-0.156,0.039,1.449,-0.777,-1.738,3.863,0.302,0.424,1.186,1.376,3,NULL,NULL,,3,0,2,7,255,1397,250,0,0
stim,211408,241529,0,241529,3438839.455,-0.684,0.049,-0.051,0.726,0,0,2401,0,3051,0,2985,2681,43,1.027,1,2249,0,143.219,3.513,-37.125,-135.563,27.500,-0.250,0.027,1.395,-0.723,-3.438,3.863,0.338,0.460,1.186,1.376,3,NULL,NULL,,3,0,2,7,255,1397,250,0,0
stim,211408,241529,0,241529,3438844.453,-0.683,0.052,-0.056,0.726,0,0,2342,0,3047,0,2984,2642,43,1.027,1,2249,0,147.453,4.208,-32.563,-143.438,10.375,-0.207,-0.016,1.391,-0.609,-4.164,3.367,0.376,0.500,1.186,1.376,3,NULL,NULL,,3,0,2,7,255,1397,250,0,0
stim,211408,241529,0,241529,3438849.455,-0.682,0.056,-0.062,0.726,0,0,2281,0,3042,0,2981,2597,43,1.027,1,2249,0,159.203,4.208,-38.813,-153.938,11.938,-0.125,0.020,1.473,-0.609,-4.164,3.367,0.420,0.544,1.186,1.376,3,NULL,NULL,,3,0,2,7,255,1397,250,0,0
stim,211408,241529,0,241529,3438854.453,-0.681,0.059,-0.068,0.726,0,0,2212,0,3032,0,2973,2535,43,1.027,1,2249,0,169.197,4.094,-50.250,-160.750,16.188,-0.141,0.051,1.465,-0.691,-4.035,4.016,0.466,0.590,1.186,1.376,3,NULL,NULL,,3,0,2,7,255,1397,250,0,0
stim,211408,241529,0,241529,3438859.455,-0.680,0.063,-0.075,0.726,0,0,2133,0,3021,0,2967,2467,43,1.027,1,2249,0,179.329,4.099,-51.063,-171.000,17.625,-0.238,0.020,1.453,-0.723,-4.035,4.016,0.518,0.644,1.186,1.376,3,NULL,NULL,,3,0,2,7,255,1397,250,0,0
stim,211408,241529,0,241529,3438864.454,-0.679,0.067,-0.082,0.726,0,0,2056,0,3015,3,2952,2376,43,1.027,1,2249,0,189.936,5.199,-55.188,-181.625,6.500,-0.273,0.000,1.547,-0.723,-5.148,4.016,0.576,0.702,1.186,1.376,3,NULL,NULL,,3,0,2,7,255,1397,250,0,0
stim,211459,241580,0,241580,3438869.455,-0.679,0.071,-0.090,0.725,0,0,1978,0,3001,7,2935,2293,43,1.027,1,2249,0,201.197,5.922,-62.750,-191.125,-3.750,-0.270,-0.066,1.574,-0.574,-5.895,4.441,0.638,0.762,1.186,1.376,3,NULL,NULL,,3,0,2,7,255,1397,250,0,0
stim,211459,241580,0,241580,3438874.454,-0.678,0.076,-0.098,0.725,0,0,1919,0,3001,23,2925,2204,43,1.027,1,2249,0,214.763,6.106,-61.563,-205.750,-0.500,-0.305,-0.070,1.656,-0.078,-6.105,4.645,0.700,0.826,1.186,1.376,3,NULL,NULL,,3,0,2,7,255,1397,250,0,0
stim,211459,241580,0,241580,3438879.455,-0.677,0.081,-0.107,0.724,0,0,1849,0,2975,25,2907,2106,43,1.027,1,2249,0,231.919,6.915,-68.125,-221.688,0.313,-0.328,0.078,1.750,-0.078,-6.914,5.230,0.764,0.890,1.186,1.376,3,NULL,NULL,,3,0,2,7,255,1397,250,0,0
stim,211459,241580,0,241580,3438884.454,-0.676,0.086,-0.116,0.723,0,0,1749,0,2963,37,2875,2041,43,1.027,1,2249,0,251.640,7.908,-85.938,-236.438,-5.875,-0.328,0.203,1.734,-1.629,-7.738,5.383,0.826,0.954,1.186,1.376,3,NULL,NULL,,3,0,2,7,255,1397,250,0,0
stim,211459,241580,0,241580,3438889.455,-0.675,0.091,-0.127,0.721,0,0,1661,0,2947,39,2831,1957,43,1.027,1,2249,0,270.558,8.280,-91.188,-254.625,-7.250,-0.273,0.254,1.602,-2.945,-7.738,5.383,0.884,1.012,1.186,1.376,3,NULL,NULL,,3,0,2,7,255,1397,250,0,0
stim,211459,241580,0,241580,3438894.453,-0.673,0.098,-0.136,0.720,0,0,1599,0,2923,41,2767,1900,43,1.027,1,2249,0,278.291,8.087,-57.375,-272.313,-0.313,-0.176,0.133,1.527,-2.945,-7.531,4.059,0.932,1.062,1.186,1.376,3,NULL,NULL,,3,0,2,7,255,1397,250,0,0
stim,211459,241580,0,241580,3438899.455,-0.671,0.106,-0.146,0.719,0,0,1513,0,2889,43,2701,1824,43,1.027,1,2249,0,290.249,8.245,-31.625,-288.438,6.938,-0.215,0.215,1.852,-3.355,-7.531,4.059,0.974,1.106,1.186,1.376,3,NULL,NULL,,3,0,2,7,255,1397,250,0,0
stim,211459,241580,1,241580,3438904.453,-0.669,0.114,-0.156,0.717,0,0,1439,0,2837,35,2613,1741,43,1.027,1,2249,0,305.684,9.153,-38.000,-303.313,-0.625,-0.238,0.219,2.160,-3.355,-8.516,6.168,1.014,1.148,1.186,1.376,3,NULL,NULL,,3,1,2,7,255,1397,250,0,0
stim,211459,241580,1,241580,3438909.455,-0.667,0.123,-0.167,0.716,0,0,1351,0,2791,26,2485,1643,43,1.027,1,2249,0,319.455,10.939,-39.000,-317.063,1.313,-0.309,0.273,2.379,-3.637,-10.316,8.633,1.058,1.194,1.186,1.376,3,NULL,NULL,,3,1,2,7,255,1397,250,0,0
stim,211459,241580,1,241580,3438914.454,-0.664,0.132,-0.178,0.714,0,0,1255,0,2735,7,2361,1551,43,1.027,1,2249,0,333.864,13.093,-51.438,-329.875,1.375,-0.383,0.473,2.520,-4.309,-12.363,9.977,1.112,1.250,1.186,1.376,3,NULL,NULL,,3,1,2,7,255,1397,250,0,0
stim,211481,241602,1,241602,3438919.455,-0.662,0.140,-0.190,0.711,0,0,1145,0,2659,0,2201,1445,43,1.027,1,2249,0,349.554,15.569,-82.250,-339.500,-12.750,-0.375,0.578,2.563,-6.316,-14.230,10.152,1.174,1.314,1.186,1.376,3,NULL,NULL,,3,1,2,7,255,1397,250,0,0
stim,211481,241602,1,241602,3438924.454,-0.660,0.148,-0.204,0.708,0,0,997,0,2585,0,1992,1327,43,1.027,1,2249,0,366.394,15.569,-112.563,-347.750,-25.375,-0.305,0.434,2.398,-6.316,-14.230,10.152,1.242,1.384,1.186,1.376,3,NULL,NULL,,3,1,2,7,255,1397,250,0,0
stim,211481,241602,1,241602,3438929.455,-0.658,0.155,-0.218,0.704,0,0,827,0,2455,0,1723,1191,43,1.027,1,2249,0,380.206,15.482,-126.750,-357.750,-22.500,-0.238,0.188,2.168,-6.207,-14.184,8.707,1.312,1.456,1.186,1.376,3,NULL,NULL,,3,1,2,7,255,1397,250,0,0
stim,211481,241602,1,241602,3438934.454,-0.655,0.163,-0.232,0.700,0,0,654,0,2331,0,1452,1051,43,1.027,1,2249,0,389.586,13.531,-122.750,-369.625,-9.313,-0.180,-0.063,1.973,-3.820,-12.980,6.910,1.388,1.532,1.186,1.376,3,NULL,NULL,,3,1,2,7,255,1397,250,0,0
stim,211504,241625,1,241625,3438939.455,-0.652,0.171,-0.247,0.697,0,0,456,0,2152,0,1055,956,43,1.027,1,2249,0,399.933,12.048,-111.063,-384.188,3.438,-0.063,-0.211,1.680,-1.410,-11.965,5.500,1.468,1.612,1.186,1.376,3,NULL,NULL,,3,1,2,7,255,1397,250,0,0
stim,211504,241625,1,241625,3438944.453,-0.647,0.181,-0.261,0.693,0,0,318,0,1931,0,661,823,43,1.027,1,2249,0,406.084,9.868,-83.625,-397.313,7.313,0.113,-0.262,1.359,0.156,-9.867,3.598,1.550,1.696,1.186,1.376,3,NULL,NULL,,3,1,2,7,255,1397,250,0,0
stim,211504,241625,1,241625,3438949.455,-0.642,0.192,-0.273,0.690,0,0,237,0,1689,0,232,677,43,1.027,1,2249,0,408.703,7.091,-24.938,-407.625,16.063,0.246,-0.238,1.293,0.492,-7.074,1.840,1.638,1.784,1.186,1.376,3,NULL,NULL,,3,1,2,7,255,1397,250,0,0
stim,211504,241625,1,241625,3438954.453,-0.636,0.205,-0.284,0.688,0,0,201,0,1356,0,58,518,43,1.027,1,2249,0,414.978,7.091,32.313,-413.188,20.938,0.285,0.016,1.539,0.492,-7.074,1.840,1.718,1.864,1.186,1.376,3,NULL,NULL,,3,1,2,7,255,1397,250,0,0
stim,211526,241647,1,241647,3438959.455,-0.628,0.218,-0.294,0.686,0,0,109,0,1013,0,0,439,43,1.027,1,2249,0,414.825,8.083,42.563,-410.625,40.688,0.211,0.234,1.859,-2.203,-7.777,3.297,1.792,1.938,1.186,1.376,3,NULL,NULL,,3,1,2,7,255,1397,250,0,0
stim,211526,241647,1,241647,3438964.454,-0.620,0.229,-0.306,0.685,0,0,105,0,505,0,0,357,43,1.027,1,2249,0,421.147,11.385,24.813,-411.063,88.188,-0.063,0.125,2.051,-3.148,-10.941,3.715,1.860,2.008,1.186,1.376,3,NULL,NULL,,3,1,2,7,255,1397,250,0,0
stim,211558,241679,1,241679,3438969.455,-0.610,0.240,-0.318,0.685,0,0,99,0,221,0,0,251,43,1.027,1,2249,0,443.881,14.991,-2.688,-422.625,135.688,-0.379,0.098,2.031,-3.148,-14.656,3.715,1.922,2.072,1.186,1.376,3,NULL,NULL,,3,1,2,7,255,1397,250,0,0
stim,211558,241679,1,241679,3438974.454,-0.598,0.249,-0.333,0.685,0,0,71,0,0,0,0,152,43,1.027,1,2249,0,468.619,17.374,-44.250,-433.438,172.563,-0.691,0.227,1.746,-2.715,-17.160,0.863,1.976,2.126,1.186,1.376,3,NULL,NULL,,3,1,2,7,255,1397,250,0,0
stim,211558,241679,1,241679,3438979.455,-0.589,0.257,-0.348,0.683,0,0,77,0,0,0,0,73,43,1.027,1,2249,0,444.868,17.374,-72.250,-417.688,135.000,-0.734,0.859,1.016,-2.715,-17.160,-4.117,2.016,2.166,1.186,1.376,4,NULL,NULL,,3,1,2,7,255,1397,250,0,0
stim,211558,241679,1,241679,3438984.454,-0.581,0.265,-0.361,0.680,0,0,59,0,0,0,0,41,43,1.027,1,2249,0,419.549,14.947,-76.563,-403.625,85.125,-0.402,1.184,1.145,-7.965,-12.648,-8.578,2.040,2.192,1.186,1.376,0,NULL,NULL,,3,1,2,7,255,1397,250,0,0
stim,211558,241679,1,241679,3438989.455,-0.573,0.272,-0.375,0.676,0,0,69,0,0,0,0,19,43,1.027,1,2249,0,408.677,17.219,-117.063,-382.313,84.563,-0.324,1.316,1.277,-11.730,-12.605,-8.578,2.044,2.198,1.186,1.376,0,NULL,NULL,,3,1,2,7,255,1397,250,0,0
stim,211558,241679,1,241679,3438994.453,-0.565,0.276,-0.391,0.672,0,0,76,0,0,0,0,28,43,1.027,1,2249,0,422.669,17.219,-172.438,-363.938,128.313,-0.578,1.031,1.293,-11.730,-12.605,-8.578,2.036,2.188,1.186,1.376,0,NULL,NULL,,3,1,2,7,255,1397,250,0,0
stim,211558,241679,1,241679,3438999.455,-0.558,0.278,-0.407,0.667,0,0,83,0,0,0,0,59,43,1.027,1,2249,0,427.098,16.112,-231.875,-341.188,110.625,-0.523,0.699,1.027,-10.035,-12.605,-9.953,2.022,2.176,1.186,1.376,0,NULL,NULL,,3,1,2,7,255,1397,250,0,0
stim,211558,241679,1,241679,3439004.453,-0.555,0.280,-0.421,0.661,0,0,82,0,0,0,0,85,43,1.027,1,2249,0,369.032,13.280,-223.875,-291.563,32.500,-0.258,0.148,0.785,-6.734,-11.445,-9.953,2.008,2.162,1.186,1.376,0,NULL,NULL,,3,1,2,7,255,1397,250,0,0
stim,211558,241679,1,241679,3439009.455,-0.551,0.283,-0.433,0.655,0,0,76,0,0,0,0,118,43,1.027,1,2249,0,304.107,8.529,-172.813,-249.063,24.188,-0.059,-0.199,0.926,-1.891,-8.316,-8.629,1.992,2.148,1.186,1.376,0,NULL,NULL,,3,1,2,7,255,1397,250,0,0
stim,211558,241679,1,241679,3439014.454,-0.548,0.283,-0.443,0.651,0,0,73,0,0,0,0,171,43,1.027,1,2249,0,273.665,8.442,-171.313,-207.813,48.563,-0.137,-0.016,1.262,-1.453,-8.316,-5.641,1.978,2.136,1.186,1.376,0,NULL,NULL,,3,1,2,7,255,1397,250,0,0
stim,211589,241710,1,241710,3439019.455,-0.546,0.281,-0.454,0.645,0,0,67,0,0,0,0,213,43,1.027,1,2249,0,282.543,10.763,-234.188,-152.813,40.438,-0.195,0.191,1.121,-1.453,-10.664,-5.641,1.970,2.128,1.186,1.376,0,NULL,NULL,,3,1,2,7,255,1397,250,0,0
stim,211589,241710,1,241710,3439024.454,-0.547,0.276,-0.465,0.639,0,0,61,0,0,0,0,238,43,1.027,1,2249,0,303.216,11.137,-287.250,-91.063,33.688,-0.094,0.316,0.371,-3.211,-10.664,-7.391,1.966,2.124,1.186,1.376,0,NULL,NULL,,3,1,2,7,255,1397,250,0,0
stim,211589,241710,1,241710,3439029.455,-0.549,0.270,-0.474,0.634,0,0,63,0,0,0,0,232,43,1.027,1,2249,0,282.244,4.969,-278.438,-28.875,36.063,0.031,0.426,-0.289,-3.492,-3.535,-10.082,1.968,2.128,1.186,1.376,0,NULL,NULL,,3,1,2,7,255,1397,250,0,0
stim,211589,241710,1,241710,3439034.454,-0.551,0.263,-0.479,0.631,0,0,61,0,0,0,0,219,43,1.027,1,2249,0,219.668,4.571,-212.063,32.688,47.063,0.109,0.371,-0.848,-3.492,2.949,-12.004,1.978,2.140,1.186,1.376,0,NULL,NULL,,3,1,2,7,255,1397,250,0,0
stim,211589,241710,1,241710,3439039.455,-0.552,0.256,-0.481,0.631,0,0,61,0,0,0,0,158,43,1.027,1,2249,0,148.581,8.371,-109.063,82.438,58.188,0.055,0.262,-0.891,-1.918,8.148,-13.371,1.996,2.158,1.186,1.376,0,NULL,NULL,,3,1,2,7,255,1397,250,0,0
stim,211589,241710,1,241710,3439044.453,-0.553,0.251,-0.479,0.634,0,0,61,0,0,0,0,136,43,1.027,1,2249,0,141.346,8.167,-22.688,122.063,67.563,-0.004,0.016,-0.688,-0.551,8.148,-13.371,2.018,2.182,1.186,1.376,0,NULL,NULL,,3,1,2,7,255,1397,250,0,0
stim,211622,241743,1,241743,3439049.455,-0.554,0.246,-0.475,0.638,0,0,57,0,0,0,0,135,43,1.027,1,2249,0,175.881,6.063,28.125,151.875,84.125,-0.109,-0.121,-0.383,1.402,5.898,-12.641,2.048,2.214,1.186,1.376,0,NULL,NULL,,3,1,2,7,255,1397,250,0,0
stim,211622,241743,1,241743,3439054.453,-0.554,0.240,-0.471,0.643,0,0,47,0,0,0,0,116,43,1.027,1,2249,0,206.515,3.237,41.875,174.250,102.625,-0.129,-0.109,-0.289,1.926,2.602,-11.879,2.086,2.252,1.186,1.376,0,NULL,NULL,,3,1,2,7,255,1397,250,0,0
stim,211622,241743,1,241743,3439059.456,-0.554,0.234,-0.466,0.649,0,0,45,0,0,0,0,115,43,1.027,1,2249,0,237.299,2.669,73.250,187.688,125.375,-0.277,-0.059,-0.359,2.039,1.723,-11.879,2.128,2.296,1.186,1.376,0,NULL,NULL,,3,1,2,7,255,1397,250,0,0
stim,211622,241743,1,241743,3439064.454,-0.554,0.228,-0.459,0.657,0,0,37,0,0,0,0,111,43,1.027,1,2249,0,261.832,2.482,112.625,196.875,130.813,-0.406,0.145,-0.277,1.926,1.566,-13.391,2.174,2.344,1.186,1.376,0,NULL,NULL,,3,1,2,7,255,1397,250,0,0
stim,211659,241781,1,241781,3439069.455,-0.553,0.224,-0.451,0.664,0,0,31,0,0,0,0,103,43,1.027,1,2249,0,280.399,0.475,148.250,203.188,123.938,-0.508,0.145,-0.082,0.371,0.297,-14.660,2.224,2.394,1.186,1.376,0,NULL,NULL,,3,1,2,7,255,1397,250,0,0
stim,211659,241781,1,241781,3439074.454,-0.552,0.219,-0.442,0.672,0,0,23,0,0,0,0,99,43,1.027,1,2249,0,293.565,1.991,165.750,210.813,119.438,-0.520,0.117,0.148,0.203,-1.980,-14.660,2.274,2.446,1.186,1.376,0,NULL,NULL,,3,1,2,7,255,1397,250,0,0
stim,211659,241781,1,241781,3439079.455,-0.551,0.215,-0.433,0.680,0,0,22,0,0,0,0,91,43,1.027,1,2249,0,299.888,4.052,168.125,217.375,120.063,-0.566,0.086,0.277,0.199,-4.047,-13.477,2.322,2.496,1.186,1.376,0,NULL,NULL,,3,1,2,7,255,1397,250,0,0
stim,211659,241781,1,241781,3439084.454,-0.551,0.210,-0.423,0.688,0,0,23,0,0,0,0,87,43,1.027,1,2249,0,306.930,5.410,173.438,224.938,116.313,-0.688,0.109,0.359,0.199,-5.406,-13.367,2.368,2.544,1.186,1.376,0,NULL,NULL,,3,1,2,7,255,1397,250,0,0
stim,211659,241781,1,241781,3439089.455,-0.551,0.205,-0.413,0.696,0,0,29,0,0,0,0,71,43,1.027,1,2249,0,308.041,6.864,178.813,232.625,93.813,-0.754,0.051,0.469,0.246,-6.859,-12.973,2.410,2.588,1.186,1.376,0,NULL,NULL,,3,1,2,7,255,1397,250,0,0
stim,211659,241781,1,241781,3439094.453,-0.552,0.201,-0.402,0.703,0,0,38,0,0,0,0,71,43,1.027,1,2249,0,308.328,8.158,176.875,242.125,71.813,-0.777,0.074,0.652,0.391,-8.148,-12.879,2.448,2.626,1.186,1.376,0,NULL,NULL,,3,1,2,7,255,1397,250,0,0
stim,211677,241798,1,241798,3439099.455,-0.553,0.197,-0.391,0.709,0,0,37,0,0,0,0,72,43,1.027,1,2249,0,304.854,9.812,169.563,248.938,47.063,-0.852,0.051,0.883,0.461,-9.801,-11.867,2.484,2.664,1.186,1.376,0,NULL,NULL,,3,1,2,7,255,1397,250,0,0
stim,211677,241798,1,241798,3439104.453,-0.556,0.192,-0.380,0.714,0,0,39,0,0,0,0,76,43,1.027,1,2249,0,292.991,12.069,144.250,254.250,19.813,-0.832,0.168,1.121,0.391,-12.063,-10.668,2.516,2.698,1.186,1.376,0,NULL,NULL,,3,1,2,7,255,1397,250,0,0
stim,211677,241798,1,241798,3439109.455,-0.560,0.187,-0.371,0.717,0,0,39,0,0,0,0,89,43,1.027,1,2249,0,281.192,13.816,105.438,260.500,-9.563,-0.742,0.180,1.242,-1.086,-13.773,-9.191,2.542,2.726,1.186,1.376,0,NULL,NULL,,3,1,2,7,255,1397,250,0,0
stim,211677,241798,1,241798,3439114.454,-0.564,0.181,-0.362,0.720,0,0,38,0,0,0,0,111,43,1.027,1,2249,0,276.642,13.816,72.938,266.250,-17.938,-0.523,-0.047,1.137,-1.086,-13.773,-7.535,2.566,2.750,1.186,1.376,0,NULL,NULL,,3,1,2,7,255,1397,250,0,0
stim,211677,241798,1,241798,3439119.455,-0.569,0.174,-0.353,0.722,0,0,29,0,0,0,0,121,43,1.027,1,2249,0,272.618,11.914,45.875,268.063,-18.938,-0.613,0.027,1.098,-0.520,-11.902,-6.508,2.588,2.774,1.186,1.376,0,NULL,NULL,,3,1,2,7,255,1397,250,0,0
stim,211677,241798,1,241798,3439124.454,-0.575,0.167,-0.345,0.723,0,0,19,0,0,0,0,123,43,1.027,1,2249,0,276.283,11.637,25.313,270.563,-49.875,-0.656,0.023,1.008,-0.305,-11.633,-6.508,2.608,2.794,1.186,1.376,0,NULL,NULL,,3,1,2,7,255,1397,250,0,0
stim,211677,241798,1,241798,3439129.455,-0.582,0.160,-0.337,0.722,0,0,4,0,0,0,0,149,43,1.027,1,2249,0,288.275,11.543,12.688,274.875,-85.938,-0.480,-0.027,0.902,-0.305,-11.539,-6.508,2.624,2.812,1.186,1.376,0,NULL,NULL,,3,1,2,7,255,1397,250,0,0
stim,211677,241798,1,241798,3439134.454,-0.589,0.153,-0.329,0.722,0,0,0,0,0,0,0,155,43,1.027,1,2249,0,298.840,9.472,9.438,282.438,-97.188,-0.254,-0.098,0.813,-0.254,-9.469,-6.367,2.642,2.832,1.186,1.376,0,NULL,NULL,,3,1,2,7,255,1397,250,0,0
stim,211710,241831,1,241831,3439139.455,-0.596,0.146,-0.321,0.721,0,0,0,0,0,0,0,155,43,1.027,1,2249,0,307.566,7.087,10.563,292.438,-94.688,-0.172,-0.113,0.707,-0.105,-7.086,-5.320,2.662,2.850,1.186,1.376,0,NULL,NULL,,3,1,2,7,255,1397,250,0,0
stim,211710,241831,1,241831,3439144.453,-0.604,0.138,-0.312,0.721,0,0,3,0,0,0,0,167,43,1.027,1,2249,0,321.012,5.708,18.375,305.750,-96.063,-0.160,-0.078,0.586,-0.105,-5.707,-5.320,2.680,2.870,1.186,1.376,0,NULL,NULL,,3,1,2,7,255,1397,250,0,0
stim,211710,241831,1,241831,3439149.455,-0.611,0.131,-0.301,0.720,0,0,4,0,0,0,0,173,43,1.027,1,2249,0,337.159,4.773,39.313,319.813,-99.250,-0.121,-0.109,0.488,-0.008,-4.773,-6.117,2.704,2.894,1.186,1.376,0,NULL,NULL,,3,1,2,7,255,1397,250,0,0
stim,211710,241831,0,241831,3439154.453,-0.619,0.124,-0.290,0.720,0,0,1,0,0,0,0,173,43,1.027,1,2249,0,353.093,3.797,69.313,330.625,-102.750,-0.023,-0.188,0.465,0.168,-3.793,-6.117,2.730,2.922,1.186,1.376,0,NULL,NULL,,3,0,2,7,255,1394,250,0,0
stim,211710,241831,0,241831,3439159.455,-0.626,0.117,-0.277,0.720,0,0,1,0,0,0,0,175,43,1.027,1,2249,0,366.655,2.814,101.750,338.938,-95.938,0.109,-0.191,0.500,0.500,-2.770,-5.809,2.760,2.952,1.186,1.376,0,NULL,NULL,,3,0,2,7,255,1394,250,0,0
stim,211710,241831,0,241831,3439164.454,-0.632,0.111,-0.263,0.721,0,0,3,0,0,0,0,172,43,1.027,1,2249,0,376.013,2.366,132.875,343.250,-76.875,0.125,-0.066,0.648,0.500,-2.313,-4.766,2.790,2.982,1.186,1.376,0,NULL,NULL,,3,0,2,7,255,1394,250,0,0
stim,211758,241879,0,241879,3439169.455,-0.637,0.106,-0.248,0.722,0,0,1,0,0,0,0,173,43,1.027,1,2249,0,381.859,2.500,150.125,344.063,-70.000,0.059,0.016,0.766,-0.949,-2.313,-3.758,2.820,3.014,1.186,1.376,0,NULL,NULL,,3,0,2,7,255,1394,250,0,0
stim,211758,241879,0,241879,3439174.454,-0.643,0.100,-0.233,0.723,0,0,1,0,0,0,0,172,43,1.027,1,2249,0,384.987,3.726,162.438,342.500,-67.250,0.023,0.023,0.844,-1.801,-3.262,-3.234,2.850,3.046,1.186,1.376,0,NULL,NULL,,3,0,2,7,255,1394,250,0,0
stim,211758,241879,0,241879,3439179.455,-0.647,0.095,-0.218,0.724,0,0,0,0,0,0,0,175,43,1.027,1,2249,0,388.518,3.760,178.938,339.688,-59.500,0.066,-0.094,0.895,-1.801,-3.301,-2.629,2.878,3.074,1.186,1.376,0,NULL,NULL,,3,0,2,7,255,1394,250,0,0
stim,211758,241879,0,241879,3439184.454,-0.651,0.091,-0.202,0.726,0,0,0,0,0,0,0,165,43,1.027,1,2249,0,390.491,3.978,195.188,335.125,-45.563,0.039,-0.039,1.012,-1.371,-3.734,-1.637,2.904,3.100,1.186,1.376,0,NULL,NULL,,3,0,2,7,255,1394,250,0,0
stim,211758,241879,0,241879,3439189.455,-0.655,0.087,-0.186,0.727,0,0,0,0,0,0,0,159,43,1.027,1,2249,0,393.032,4.018,207.688,331.563,-37.500,-0.047,0.008,1.211,-1.371,-3.777,-0.699,2.926,3.122,1.186,1.376,0,NULL,NULL,,3,0,2,7,255,1394,250,0,0
stim,211758,241879,0,241879,3439194.453,-0.658,0.083,-0.170,0.729,0,0,0,0,0,0,0,159,43,1.027,1,2249,0,389.547,5.398,206.500,327.375,-43.938,-0.113,0.051,1.441,-1.863,-5.066,0.820,2.944,3.142,1.186,1.376,0,NULL,NULL,,3,0,2,7,255,1394,250,0,0
stim,211758,241879,0,241879,3439199.455,-0.662,0.078,-0.154,0.729,0,0,0,0,0,0,0,157,43,1.027,1,2249,0,380.365,6.617,193.938,323.500,-49.125,-0.133,0.063,1.648,-2.344,-6.188,2.793,2.960,3.158,1.186,1.376,0,NULL,NULL,,3,0,2,7,255,1394,250,0,0
stim,211758,241879,0,241879,3439204.454,-0.666,0.074,-0.139,0.730,0,0,0,0,0,0,0,165,43,1.027,1,2249,0,367.187,6.946,172.438,319.250,-56.313,-0.125,0.047,1.785,-2.344,-6.539,4.789,2.970,3.170,1.186,1.376,0,NULL,NULL,,3,0,2,7,255,1394,250,0,0
stim,211758,241879,0,241879,3439209.455,-0.669,0.069,-0.125,0.729,0,0,0,0,0,0,0,164,43,1.027,1,2249,0,353.929,6.995,149.500,315.813,-56.375,-0.117,0.078,1.887,-2.484,-6.539,6.328,2.980,3.180,1.186,1.376,0,NULL,NULL,,3,0,2,7,255,1394,250,0,0
stim,211758,241879,0,241879,3439214.453,-0.673,0.063,-0.112,0.729,0,0,0,0,0,0,0,169,43,1.027,1,2249,0,340.660,6.808,121.313,311.438,-65.875,-0.137,0.090,1.938,-2.570,-6.305,7.477,2.988,3.188,1.186,1.376,0,NULL,NULL,,3,0,2,7,255,1394,250,0,0
stim,211781,241902,0,241902,3439219.455,-0.677,0.056,-0.100,0.727,0,0,0,0,0,0,0,175,43,1.027,1,2249,0,330.764,6.639,93.563,308.125,-75.563,-0.078,0.070,1.895,-2.570,-6.121,7.980,2.994,3.196,1.186,1.376,0,NULL,NULL,,3,0,2,7,255,1394,250,0,0
stim,211781,241902,0,241902,3439224.454,-0.681,0.049,-0.088,0.726,0,0,0,0,0,0,0,175,43,1.027,1,2249,0,322.626,5.485,69.875,303.938,-82.625,0.012,0.027,1.801,-2.289,-4.984,7.980,3.000,3.202,1.186,1.376,0,NULL,NULL,,3,0,2,7,255,1394,250,0,0
stim,211781,241902,0,241902,3439229.455,-0.685,0.041,-0.077,0.724,0,0,6,0,0,0,0,176,43,1.027,1,2249,0,316.500,3.847,55.125,299.813,-85.125,0.051,-0.020,1.680,-1.766,-3.418,7.445,3.004,3.208,1.186,1.376,0,NULL,NULL,,3,0,2,7,255,1394,250,0,0
stim,211781,241902,0,241902,3439234.454,-0.688,0.034,-0.067,0.722,0,0,5,0,0,0,0,176,43,1.027,1,2249,0,310.830,2.657,48.313,295.375,-83.875,0.184,-0.012,1.516,-1.215,-2.363,6.445,3.008,3.212,1.186,1.376,0,NULL,NULL,,3,0,2,7,255,1394,250,0,0
stim,211807,241928,0,241928,3439239.455,-0.692,0.027,-0.056,0.720,0,0,7,0,0,0,0,183,43,1.027,1,2249,0,304.970,1.247,52.438,291.188,-73.938,0.230,-0.027,1.488,-1.176,-0.414,5.121,3.008,3.216,1.186,1.376,0,NULL,NULL,,3,0,2,7,255,1394,250,0,0
stim,211807,241928,0,241928,3439244.453,-0.694,0.020,-0.046,0.718,0,0,6,0,0,0,0,182,43,1.027,1,2249,0,298.099,1.073,54.688,286.188,-63.000,0.211,-0.020,1.391,-0.957,0.484,4.902,3.008,3.216,1.186,1.376,0,NULL,NULL,,3,0,2,7,255,1394,250,0,0
stim,211807,241928,0,241928,3439249.455,-0.697,0.013,-0.035,0.716,0,0,5,0,0,0,0,183,43,1.027,1,2249,0,295.721,1.136,69.438,281.438,-58.500,0.191,-0.027,1.367,-0.883,0.715,3.934,3.004,3.212,1.186,1.376,0,NULL,NULL,,3,0,2,7,255,1394,250,0,0
stim,211807,241928,0,241928,3439254.454,-0.699,0.007,-0.024,0.714,0,0,8,0,0,0,0,185,43,1.027,1,2249,0,292.664,1.068,80.313,276.188,-54.063,0.145,-0.016,1.508,-0.793,0.715,3.934,2.996,3.206,1.186,1.376,0,NULL,NULL,,3,0,2,7,255,1394,250,0,0
stim,211826,241947,0,241947,3439259.455,-0.701,0.002,-0.013,0.713,0,0,7,0,0,0,0,176,43,1.027,1,2249,0,288.380,1.201,85.938,270.500,-51.063,0.160,0.066,1.563,-0.793,0.902,5.012,2.986,3.196,1.186,1.376,0,NULL,NULL,,3,0,2,7,255,1394,250,0,0
stim,211826,241947,0,241947,3439264.453,-0.703,-0.004,-0.002,0.711,0,0,6,0,0,0,0,175,43,1.027,1,2249,0,283.588,1.899,87.563,266.500,-41.625,0.191,0.113,1.680,-1.488,1.180,5.477,2.972,3.182,1.186,1.376,0,NULL,NULL,,3,0,2,7,255,1394,250,0,0
stim,211864,241985,0,241985,3439269.455,-0.704,-0.009,0.008,0.710,0,0,5,0,0,0,0,181,43,1.027,1,2249,0,276.242,2.502,79.625,262.688,-31.063,0.133,0.133,1.730,-1.879,1.652,6.602,2.950,3.162,1.186,1.376,0,NULL,NULL,,3,0,2,7,255,1394,250,0,0
stim,211864,241985,0,241985,3439274.454,-0.705,-0.014,0.018,0.709,0,0,7,0,0,0,0,175,43,1.027,1,2249,0,271.093,2.561,80.688,257.063,-30.000,0.066,0.191,1.691,-1.957,1.652,6.672,2.926,3.138,1.186,1.376,0,NULL,NULL,,3,0,2,7,255,1394,250,0,0
stim,211864,241985,0,241985,3439279.455,-0.706,-0.019,0.029,0.707,0,0,5,0,0,0,0,175,43,1.027,1,2249,0,271.226,2.561,87.313,254.063,-37.313,0.102,0.133,1.766,-1.957,1.652,7.074,2.898,3.110,1.186,1.376,0,NULL,NULL,,3,0,2,7,255,1394,250,0,0
stim,211864,241985,0,241985,3439284.454,-0.707,-0.024,0.039,0.705,0,0,9,0,0,0,0,173,43,1.027,1,2249,0,268.183,2.991,85.250,252.188,-32.500,0.195,0.191,1.824,-2.121,2.109,7.355,2.860,3.072,1.186,1.376,0,NULL,NULL,,3,0,2,7,255,1394,250,0,0
stim,211864,241985,0,241985,3439289.455,-0.708,-0.029,0.049,0.704,0,0,7,0,0,0,0,173,43,1.027,1,2249,0,265.299,3.970,83.313,250.500,-26.313,0.238,0.184,1.840,-1.910,3.480,7.801,2.816,3.028,1.186,1.376,0,NULL,NULL,,3,0,2,7,255,1394,250,0,0
stim,211864,241985,0,241985,3439294.453,-0.708,-0.034,0.060,0.703,0,0,9,0,0,0,0,173,43,1.027,1,2249,0,266.342,4.688,85.188,251.875,-15.500,0.305,0.188,1.785,-1.910,4.281,7.801,2.764,2.976,1.186,1.376,0,NULL,NULL,,3,0,2,7,255,1394,250,0,0
stim,211864,241985,0,241985,3439299.455,-0.708,-0.039,0.070,0.701,0,0,13,0,0,0,0,180,43,1.027,1,2249,0,270.488,5.572,89.500,254.750,-16.000,0.313,0.234,1.910,-1.910,5.234,7.844,2.704,2.918,1.186,1.376,0,NULL,NULL,,3,0,2,7,255,1394,250,0,0
stim,211864,241985,0,241985,3439304.454,-0.708,-0.045,0.081,0.700,0,0,10,0,0,0,0,175,43,1.027,1,2249,0,271.673,6.180,88.000,257.000,-3.625,0.434,0.184,1.758,-1.820,5.906,7.133,2.648,2.862,1.186,1.376,0,NULL,NULL,,3,0,2,7,255,1394,250,0,0
stim,211865,241986,0,241986,3439309.455,-0.708,-0.049,0.092,0.699,0,0,11,0,0,0,0,174,43,1.027,1,2249,0,281.962,7.353,109.313,259.875,4.250,0.512,0.121,1.738,-1.477,7.203,6.438,2.592,2.806,1.186,1.376,0,NULL,NULL,,3,0,2,7,255,1394,250,0,0
stim,211865,241986,0,241986,3439314.453,-0.706,-0.053,0.104,0.698,0,0,6,0,0,0,0,175,43,1.027,1,2249,0,287.942,8.412,118.313,261.563,22.313,0.516,0.250,1.914,-1.477,8.281,6.438,2.534,2.748,1.186,1.376,0,NULL,NULL,,3,0,2,7,255,1394,250,0,0
stim,211895,242016,0,242016,3439319.455,-0.705,-0.058,0.116,0.697,0,0,9,0,0,0,0,178,43,1.027,1,2249,0,288.980,9.180,114.375,264.500,21.625,0.574,0.230,1.855,-1.414,9.070,6.520,2.472,2.686,1.186,1.376,0,NULL,NULL,,3,0,2,7,255,1394,250,0,0
stim,211895,242016,0,242016,3439324.454,-0.703,-0.062,0.127,0.697,0,0,7,0,0,0,0,179,43,1.027,1,2249,0,292.272,9.976,118.188,264.375,39.500,0.633,0.238,1.906,-1.414,9.875,6.656,2.400,2.616,1.186,1.376,0,NULL,NULL,,3,0,2,7,255,1394,250,0,0
stim,211895,242016,0,242016,3439329.455,-0.700,-0.066,0.139,0.697,0,0,9,0,0,0,0,183,43,1.027,1,2249,0,293.990,10.863,122.188,261.625,55.250,0.602,0.145,1.836,-1.297,10.785,6.520,2.330,2.544,1.186,1.376,0,NULL,NULL,,3,0,2,7,255,1394,250,0,0
stim,211895,242016,0,242016,3439334.453,-0.697,-0.070,0.151,0.697,0,0,7,0,0,0,0,179,43,1.027,1,2249,0,294.701,10.974,127.813,258.500,60.750,0.566,0.223,1.934,-0.797,10.945,6.613,2.258,2.476,1.186,1.376,0,NULL,NULL,,3,0,2,7,255,1394,250,0,0
stim,211895,242016,0,242016,3439339.455,-0.694,-0.073,0.163,0.697,0,0,10,0,0,0,0,175,43,1.027,1,2249,0,289.011,11.097,126.563,250.938,67.375,0.539,0.164,1.973,-0.258,11.094,6.613,2.192,2.408,1.186,1.376,0,NULL,NULL,,3,0,2,7,255,1394,250,0,0
stim,211895,242016,0,242016,3439344.453,-0.691,-0.077,0.174,0.697,0,0,10,0,0,0,0,181,43,1.027,1,2249,0,280.625,11.328,119.188,244.313,69.688,0.582,0.133,1.973,-0.023,11.328,6.613,2.120,2.338,1.186,1.376,0,NULL,NULL,,3,0,2,7,255,1394,250,0,0
stim,211921,242042,0,242042,3439349.455,-0.687,-0.080,0.185,0.698,0,0,12,0,0,0,0,176,43,1.027,1,2249,0,273.178,12.053,115.438,236.813,72.250,0.570,0.039,1.992,0.398,12.047,6.340,2.046,2.264,1.186,1.376,0,NULL,NULL,,3,0,2,7,255,1394,250,0,0
stim,211921,242042,0,242042,3439354.454,-0.684,-0.084,0.196,0.698,0,0,17,0,0,0,0,175,43,1.027,1,2249,0,263.080,12.454,100.563,230.875,76.125,0.586,0.012,1.910,1.500,12.363,6.188,1.968,2.186,1.186,1.376,0,NULL,NULL,,3,0,2,7,255,1394,250,0,0
stim,211921,242042,0,242042,3439359.457,-0.680,-0.087,0.206,0.699,0,0,11,0,0,0,0,203,43,1.027,1,2249,0,257.721,12.632,98.813,224.000,80.500,0.594,-0.043,1.840,1.766,12.508,5.086,1.886,2.106,1.186,1.376,0,NULL,NULL,,3,0,2,7,255,1394,250,0,0
stim,211921,242042,0,242042,3439364.453,-0.676,-0.090,0.215,0.699,0,0,17,0,0,0,0,237,43,1.027,1,2249,0,251.865,12.716,100.125,218.750,74.563,0.563,-0.145,1.727,2.289,12.508,4.121,1.800,2.020,1.186,1.376,0,NULL,NULL,,3,0,2,7,255,1394,250,0,0
stim,211960,242081,0,242081,3439369.455,-0.672,-0.093,0.225,0.699,0,0,17,0,0,0,0,259,43,1.027,1,2249,0,251.801,12.622,109.813,211.813,80.500,0.563,-0.234,1.691,3.195,12.211,2.832,1.712,1.934,1.186,1.376,0,NULL,NULL,,3,0,2,7,255,1394,250,0,0
stim,211960,242081,0,242081,3439374.454,-0.669,-0.095,0.235,0.699,0,0,19,0,0,0,0,288,43,1.027,1,2249,0,242.780,12.889,106.813,207.125,68.063,0.566,-0.242,1.668,4.125,12.211,2.133,1.622,1.844,1.186,1.376,0,NULL,NULL,,3,0,2,7,255,1394,250,0,0
stim,211960,242081,0,242081,3439379.455,-0.665,-0.097,0.244,0.699,0,0,21,0,0,0,0,313,43,1.027,1,2249,0,239.218,13.062,110.625,199.688,71.500,0.633,-0.402,1.492,4.238,12.355,1.621,1.528,1.750,1.186,1.376,0,NULL,NULL,,3,0,2,7,255,1394,250,0,0
stim,211960,242081,0,242081,3439384.453,-0.661,-0.099,0.254,0.699,0,0,22,0,0,0,0,349,43,1.027,1,2249,0,243.191,13.538,128.375,192.813,74.063,0.652,-0.391,1.504,5.480,12.379,-0.715,1.428,1.652,1.186,1.376,0,NULL,NULL,,3,0,2,7,255,1394,250,0,0
stim,211960,242081,0,242081,3439389.455,-0.658,-0.100,0.264,0.698,0,0,21,0,0,0,0,377,43,1.027,1,2249,0,236.334,13.901,128.875,185.063,70.688,0.660,-0.426,1.563,5.512,12.762,-0.852,1.326,1.550,1.186,1.376,0,NULL,NULL,,3,0,2,7,255,1394,250,0,0
stim,211960,242081,0,242081,3439394.454,-0.654,-0.101,0.273,0.698,0,0,22,0,0,0,0,389,43,1.027,1,2249,0,230.454,14.451,127.875,176.813,74.125,0.734,-0.414,1.523,5.750,13.258,-0.977,1.218,1.442,1.186,1.376,0,NULL,NULL,,3,0,2,7,255,1394,250,0,0
stim,211977,242098,0,242098,3439399.455,-0.651,-0.102,0.282,0.697,0,0,26,0,0,0,0,414,43,1.027,1,2249,0,225.571,15.057,133.125,167.125,72.313,0.762,-0.477,1.508,5.949,13.832,-1.813,1.106,1.330,1.186,1.376,0,NULL,NULL,,3,0,2,7,255,1394,250,0,0
stim,211977,242098,0,242098,3439404.454,-0.647,-0.102,0.292,0.697,0,0,24,0,0,0,0,431,43,1.027,1,2249,0,223.051,15.492,140.813,157.000,72.625,0.746,-0.492,1.570,6.371,14.121,-2.254,0.992,1.214,1.186,1.376,0,NULL,NULL,,3,0,2,7,255,1394,250,0,0
stim,211977,242098,0,242098,3439409.455,-0.644,-0.102,0.300,0.696,0,0,25,0,0,0,0,451,43,1.027,1,2249,0,207.704,15.784,131.625,149.000,60.125,0.785,-0.402,1.648,6.371,14.441,-2.254,0.876,1.096,1.186,1.376,0,NULL,NULL,,3,0,2,7,255,1394,250,0,0
stim,211977,242098,0,242098,3439414.453,-0.642,-0.102,0.308,0.695,0,0,26,0,0,0,0,481,43,1.027,1,2249,0,189.593,16.610,117.188,140.313,50.250,0.859,-0.445,1.680,6.465,15.301,-2.254,0.758,0.978,1.186,1.376,0,NULL,NULL,,3,0,2,7,255,1394,250,0,0
stim,211977,242098,0,242098,3439419.455,-0.639,-0.103,0.315,0.694,0,0,29,0,16,0,0,491,43,1.027,1,2249,0,174.727,17.427,102.375,133.500,47.188,0.957,-0.473,1.668,6.465,16.184,-2.387,0.636,0.852,1.186,1.376,0,NULL,NULL,,3,0,2,7,255,1394,250,0,0
stim,211977,242098,0,242098,3439424.454,-0.636,-0.104,0.321,0.694,0,0,23,0,29,0,0,519,43,1.027,1,2249,0,158.679,18.195,83.938,126.875,45.125,0.996,-0.508,1.594,6.598,16.957,-3.328,0.500,0.702,1.186,1.376,0,NULL,NULL,,3,0,2,7,255,1394,250,0,0
stim,211977,242098,0,242098,3439429.455,-0.634,-0.105,0.327,0.693,0,0,26,0,53,0,0,536,43,1.027,1,2249,0,146.953,18.230,73.688,118.063,47.188,0.984,-0.570,1.504,6.691,16.957,-4.438,0.368,0.540,1.186,1.376,0,NULL,NULL,,3,0,2,7,255,1394,250,0,0
stim,211977,242098,0,242098,3439434.453,-0.631,-0.106,0.332,0.693,0,0,21,0,62,0,0,553,43,1.027,1,2249,0,134.653,17.803,68.250,109.438,38.688,0.992,-0.559,1.465,6.855,16.430,-5.480,0.264,0.376,1.186,1.376,0,NULL,NULL,,3,0,2,7,255,1394,250,0,0
stim,212007,242128,0,242128,3439439.455,-0.629,-0.107,0.337,0.692,0,0,23,0,77,0,0,567,43,1.027,1,2249,0,119.046,17.819,59.938,99.500,26.063,1.063,-0.574,1.473,6.898,16.430,-5.961,0.286,0.290,1.186,1.376,0,NULL,NULL,,3,0,2,7,255,1394,250,0,0
stim,212007,242128,0,242128,3439444.454,-0.628,-0.108,0.341,0.692,0,0,20,0,88,0,0,569,43,1.027,1,2249,0,101.527,18.307,45.250,86.625,27.500,1.113,-0.613,1.480,6.898,16.957,-6.527,0.330,0.270,1.186,1.376,0,NULL,NULL,,3,0,2,7,255,1394,250,0,0
stim,212007,242128,0,242128,3439449.455,-0.626,-0.109,0.344,0.692,0,0,24,0,100,0,0,579,43,1.027,1,2249,0,84.229,18.540,28.375,73.438,29.938,1.090,-0.637,1.449,7.180,17.094,-7.039,0.370,0.282,1.186,1.376,0,NULL,NULL,,3,0,2,7,255,1394,250,0,0
stim,212007,242128,0,242128,3439454.453,-0.624,-0.110,0.346,0.692,0,0,21,0,95,0,0,583,43,1.027,1,2249,0,65.813,18.583,15.813,60.000,21.938,1.055,-0.641,1.410,7.289,17.094,-7.336,0.382,0.298,1.186,1.376,0,NULL,NULL,,3,0,2,7,255,1394,250,0,0
stim,212007,242128,0,242128,3439459.458,-0.623,-0.111,0.347,0.692,0,0,20,0,99,0,0,587,43,1.027,1,2249,0,48.063,18.138,6.438,45.750,13.250,1.031,-0.629,1.395,7.289,16.609,-7.516,0.386,0.306,1.186,1.376,0,NULL,NULL,,3,0,2,7,255,1394,250,0,0
stim,212007,242128,0,242128,3439464.453,-0.623,-0.112,0.348,0.692,0,0,19,0,95,0,0,591,43,1.027,1,2249,0,32.835,17.882,-3.438,31.563,8.375,0.992,-0.582,1.414,7.176,16.379,-7.516,0.392,0.322,1.186,1.376,0,NULL,NULL,,3,0,2,7,255,1394,250,0,0
stim,212060,242181,0,242181,3439469.455,-0.622,-0.113,0.348,0.692,0,0,19,0,94,0,0,591,43,1.027,1,2249,0,24.320,17.573,-15.313,18.813,1.750,0.945,-0.516,1.457,6.840,16.188,-7.090,0.394,0.342,1.186,1.376,0,NULL,NULL,,3,0,2,7,255,1394,250,0,0
stim,212060,242181,0,242181,3439474.454,-0.622,-0.114,0.348,0.692,0,0,19,0,90,0,0,597,43,1.027,1,2249,0,31.738,17.316,-30.125,7.188,-6.938,0.879,-0.465,1.492,6.391,16.094,-6.305,0.382,0.360,1.186,1.376,0,NULL,NULL,,3,0,2,7,255,1394,250,0,0
stim,212060,242181,0,242181,3439479.455,-0.622,-0.116,0.346,0.693,0,0,16,0,93,0,0,601,43,1.027,1,2249,0,49.576,16.941,-47.563,-2.875,-13.688,0.813,-0.438,1.520,6.090,15.809,-5.488,0.358,0.378,1.186,1.376,0,NULL,NULL,,3,0,2,7,255,1394,250,0,0
stim,212060,242181,0,242181,3439484.453,-0.623,-0.117,0.343,0.693,0,0,21,0,79,0,0,604,43,1.027,1,2249,0,73.729,16.588,-68.875,-11.188,-23.813,0.727,-0.387,1.480,6.000,15.465,-4.789,0.342,0.390,1.186,1.376,0,NULL,NULL,,3,0,2,7,255,1394,250,0,0
stim,212060,242181,0,242181,3439489.455,-0.624,-0.120,0.340,0.693,0,0,20,0,72,0,0,609,43,1.027,1,2249,0,92.442,15.586,-84.563,-18.063,-32.688,0.707,-0.348,1.367,5.535,14.570,-4.789,0.332,0.394,1.186,1.376,0,NULL,NULL,,3,0,2,7,255,1394,250,0,0
stim,212060,242181,0,242181,3439494.454,-0.625,-0.122,0.336,0.694,0,0,17,0,59,0,0,605,43,1.027,1,2249,0,102.308,14.579,-90.500,-25.625,-40.250,0.641,-0.277,1.285,4.879,13.738,-4.852,0.326,0.384,1.186,1.376,0,NULL,NULL,,3,0,2,7,255,1394,250,0,0
stim,212060,242181,0,242181,3439499.455,-0.626,-0.124,0.333,0.694,0,0,13,0,50,0,0,607,43,1.027,1,2249,0,107.994,13.362,-91.750,-32.813,-46.563,0.660,-0.281,1.219,4.121,12.711,-4.891,0.310,0.348,1.186,1.376,0,NULL,NULL,,3,0,2,7,255,1394,250,0,0
stim,212060,242181,0,242181,3439504.453,-0.628,-0.126,0.328,0.695,0,0,13,0,39,0,0,608,43,1.027,1,2249,0,110.583,13.052,-92.063,-40.813,-45.688,0.598,-0.234,1.191,3.934,12.445,-4.988,0.290,0.308,1.186,1.376,0,NULL,NULL,,3,0,2,7,255,1394,250,0,0
stim,212060,242181,0,242181,3439509.455,-0.629,-0.128,0.324,0.695,0,0,13,0,29,0,0,609,43,1.027,1,2249,0,117.028,12.289,-92.563,-46.813,-54.188,0.543,-0.172,1.172,3.469,11.789,-4.988,0.268,0.266,1.186,1.376,0,NULL,NULL,,3,0,2,7,255,1394,250,0,0
stim,212060,242181,0,242181,3439514.454,-0.631,-0.129,0.319,0.695,0,0,17,0,20,0,0,615,43,1.027,1,2249,0,121.867,11.580,-92.000,-53.500,-59.375,0.559,-0.156,1.137,2.898,11.211,-4.820,0.248,0.230,1.186,1.376,0,NULL,NULL,,3,0,2,7,255,1394,250,0,0
stim,212082,242203,0,242203,3439519.455,-0.634,-0.131,0.315,0.695,45,0,25,333,5,0,0,629,43,1.027,1,2249,0,118.489,11.470,-84.688,-60.625,-56.500,0.379,-0.270,1.223,2.898,11.098,-4.570,0.234,0.208,1.186,1.376,0,NULL,NULL,,3,0,2,7,255,1394,250,0,0
stim,212082,242203,0,242203,3439524.454,-0.630,-0.119,0.316,0.699,751,0,10,1091,0,13,0,613,43,1.027,1,2249,0,287.686,11.457,149.563,-150.375,194.375,-1.070,-0.480,3.285,4.117,10.691,-3.340,0.224,0.190,1.186,1.376,0,NULL,NULL,,3,0,2,7,255,1394,250,0,0
stim,212082,242203,0,242203,3439529.455,-0.615,-0.112,0.310,0.716,1263,0,0,1541,0,135,0,619,43,1.027,1,2249,0,569.892,10.963,-155.063,-154.250,526.250,-1.410,2.813,3.555,4.117,10.160,19.969,0.220,0.176,1.186,1.376,0,NULL,NULL,,3,0,2,7,255,1394,250,0,0
stim,212082,242203,0,242203,3439534.453,-0.604,-0.118,0.294,0.731,1692,0,0,1877,0,348,0,683,43,1.027,1,2249,0,574.291,18.198,-484.625,-101.688,290.875,-1.805,2.871,1.004,-16.762,7.086,19.969,0.220,0.162,1.186,1.376,0,NULL,NULL,,3,0,2,7,255,1394,250,0,0
stim,212110,242231,0,242231,3439539.455,-0.601,-0.121,0.282,0.738,2021,0,0,2029,0,468,0,749,43,1.027,1,2250,0,340.638,20.637,-308.563,-113.688,88.875,-2.195,1.617,-0.508,-16.762,-12.039,14.867,0.224,0.144,1.186,1.376,1,1448.000,54.000,,3,0,2,7,255,1394,250,0,0
stim,212110,242231,0,242231,3439544.454,-0.602,-0.122,0.276,0.739,2219,0,0,2163,0,573,0,811,43,1.027,1,2250,0,145.317,16.084,-117.500,-84.188,-14.938,-1.145,1.188,-0.211,-10.648,-12.055,1.148,0.236,0.126,1.186,1.376,1,NULL,NULL,,3,0,2,7,255,1394,250,0,0
stim,212110,242231,0,242231,3439549.455,-0.604,-0.119,0.274,0.739,2427,0,0,2335,0,628,0,843,43,1.027,1,2250,0,102.545,16.084,17.188,-95.813,-32.250,-0.207,1.406,0.621,-10.648,-12.055,-0.484,0.254,0.104,1.186,1.376,1,NULL,NULL,,3,0,2,7,255,1394,250,0,0
stim,212110,242231,0,242231,3439554.453,-0.602,-0.114,0.270,0.743,2556,0,0,2485,0,637,0,845,43,1.027,1,2250,0,175.517,8.772,-36.813,-130.563,111.375,-0.637,0.785,1.273,-8.766,-0.324,-0.484,0.276,0.082,1.186,1.376,1,NULL,NULL,,3,0,2,7,255,1394,250,0,0
stim,212110,242231,0,242231,3439559.457,-0.597,-0.113,0.259,0.750,2655,0,0,2603,0,627,0,860,43,1.027,1,2250,0,310.714,4.395,-218.438,-156.375,156.125,-1.379,0.219,0.848,-4.383,-0.324,4.203,0.292,0.068,1.186,1.376,1,NULL,NULL,,3,0,2,7,255,1394,250,0,0
stim,212110,242231,0,242231,3439564.454,-0.595,-0.113,0.248,0.756,2736,0,0,2697,0,619,0,919,43,1.027,1,2250,0,296.818,7.755,-229.875,-172.063,75.188,-1.594,-0.090,-0.152,2.313,-7.402,4.203,0.302,0.058,1.186,1.376,1,NULL,NULL,,3,0,2,7,255,1394,250,0,0
stim,212156,242277,0,242277,3439569.455,-0.597,-0.110,0.239,0.758,2813,0,0,2764,0,599,0,965,43,1.027,1,2250,0,223.763,12.620,-128.500,-180.938,-28.625,-1.313,-0.262,-0.238,4.770,-11.684,-3.980,0.310,0.052,1.186,1.376,1,NULL,NULL,,3,0,2,7,255,1394,250,0,0
stim,212156,242277,0,242277,3439574.454,-0.603,-0.106,0.233,0.756,2863,0,0,2835,0,588,0,1013,43,1.027,1,2250,0,212.690,12.828,-15.313,-184.188,-105.250,-0.582,-0.371,0.516,5.297,-11.684,-3.980,0.316,0.048,1.186,1.376,1,NULL,NULL,,3,0,2,7,255,1394,250,0,0
stim,212156,242277,0,242277,3439579.455,-0.609,-0.100,0.229,0.753,2909,0,0,2895,0,584,0,1053,43,1.027,1,2250,0,222.030,5.632,30.125,-177.500,-129.938,0.121,-0.398,1.191,5.297,-1.914,-3.582,0.322,0.042,1.186,1.376,1,NULL,NULL,,3,0,2,7,255,1394,250,0,0
stim,212156,242277,0,242277,3439584.453,-0.614,-0.095,0.225,0.751,2950,0,0,2953,0,583,0,1092,43,1.027,1,2250,0,186.240,8.604,23.000,-152.563,-104.313,0.605,-0.500,1.668,4.980,7.016,-0.793,0.330,0.036,1.186,1.376,1,NULL,NULL,,3,0,2,7,255,1394,250,0,0
stim,212156,242277,0,242277,3439589.455,-0.615,-0.092,0.220,0.751,2980,0,0,2982,0,598,0,1117,43,1.027,1,2250,0,137.414,14.206,-19.813,-134.125,-22.375,0.898,-0.715,1.660,4.980,13.305,-0.242,0.336,0.030,1.186,1.376,1,NULL,NULL,,3,0,2,7,255,1394,250,0,0
stim,212156,242277,0,242277,3439594.454,-0.613,-0.089,0.215,0.755,2996,0,0,3017,0,613,0,1115,43,1.027,1,2250,0,162.632,14.765,-76.375,-120.750,77.688,0.473,-0.781,1.484,6.402,13.305,-0.047,0.340,0.028,1.186,1.376,1,NULL,NULL,,3,0,2,7,255,1394,250,0,0
stim,212156,242277,0,242277,3439599.455,-0.610,-0.087,0.209,0.760,3029,0,0,3043,0,628,0,1105,43,1.027,1,2250,0,208.976,13.761,-113.563,-115.688,131.875,-0.215,-0.645,0.992,7.426,11.586,-0.242,0.344,0.026,1.186,1.376,1,NULL,NULL,,3,0,2,7,255,1394,250,0,0
stim,212156,242277,0,242277,3439604.453,-0.606,-0.085,0.203,0.764,3036,0,0,3063,0,685,0,1111,43,1.027,1,2250,0,195.984,8.126,-100.438,-119.000,119.000,-0.758,-0.449,0.633,7.426,3.301,-1.359,0.350,0.022,1.186,1.376,1,NULL,NULL,,3,0,2,7,255,1394,250,0,0
stim,212156,242277,0,242277,3439609.455,-0.605,-0.082,0.198,0.767,3046,0,0,3091,0,739,0,1141,43,1.027,1,2250,0,152.813,7.341,-61.938,-123.688,64.938,-0.797,-0.254,0.680,6.555,-3.305,-1.359,0.356,0.016,1.186,1.376,1,NULL,NULL,,3,0,2,7,255,1394,250,0,0
stim,212156,242277,0,242277,3439614.454,-0.605,-0.078,0.194,0.769,3065,0,0,3097,0,798,0,1181,43,1.027,1,2250,0,134.054,5.870,-31.188,-127.375,27.813,-0.441,-0.137,0.828,4.852,-3.305,-1.328,0.362,0.010,1.186,1.376,1,NULL,NULL,,3,0,2,7,255,1394,250,0,0
stim,212190,242311,0,242311,3439619.455,-0.605,-0.074,0.190,0.770,3087,0,0,3109,0,842,0,1229,43,1.027,1,2250,0,129.997,3.053,-11.813,-125.875,30.250,-0.145,0.043,1.012,3.004,-0.543,-1.047,0.368,0.006,1.186,1.376,1,NULL,NULL,,3,0,2,7,255,1394,250,0,0
stim,212190,242311,0,242311,3439624.454,-0.604,-0.070,0.186,0.772,3091,0,0,3127,0,923,9,1301,43,1.027,1,2250,0,128.308,2.420,-13.000,-120.188,43.000,-0.129,0.176,1.152,0.715,2.313,-0.117,0.374,0.002,1.186,1.376,1,NULL,NULL,,3,0,2,7,255,1394,250,0,0
stim,212190,242311,0,242311,3439629.455,-0.603,-0.066,0.183,0.774,3090,0,0,3131,0,1011,33,1351,43,1.027,1,2250,0,123.721,2.315,-21.625,-113.250,44.875,-0.152,0.145,1.102,-0.113,2.313,0.957,0.378,0.000,1.186,1.376,1,NULL,NULL,,3,0,2,7,255,1394,250,0,0
stim,212190,242311,0,242311,3439634.453,-0.602,-0.063,0.179,0.775,3101,0,0,3129,0,1113,31,1399,43,1.027,1,2250,0,118.277,2.132,-23.375,-108.500,40.875,-0.199,0.047,1.039,-0.113,2.129,0.957,0.000,0.000,1.186,1.376,1,NULL,NULL,,3,0,2,7,255,1394,250,0,0
stim,212190,242311,0,242311,3439639.455,-0.602,-0.059,0.175,0.777,3103,0,0,3147,0,1225,40,1456,43,1.027,1,2250,0,110.344,1.865,-21.938,-103.375,31.750,-0.203,-0.016,1.047,0.895,1.637,0.395,0.000,0.000,1.186,1.376,2,NULL,NULL,,3,0,2,7,255,1394,250,0,0
stim,212190,242311,0,242311,3439644.454,-0.602,-0.056,0.172,0.778,3115,0,0,3145,0,1331,61,1513,43,1.027,1,2250,0,106.135,2.096,-23.938,-99.625,27.688,-0.152,-0.008,1.055,1.309,1.637,0.375,0.000,0.000,1.186,1.376,2,NULL,NULL,,3,0,2,7,255,1394,250,0,0
stim,212224,242345,0,242345,3439649.455,-0.601,-0.053,0.168,0.779,3125,0,0,3151,0,1426,73,1545,43,1.027,1,2250,0,102.175,2.397,-22.000,-95.063,30.313,-0.113,0.035,1.031,1.309,2.008,0.328,0.000,0.000,1.186,1.376,2,NULL,NULL,,3,0,2,7,255,1394,250,0,0
stim,212224,242345,0,242345,3439654.453,-0.601,-0.051,0.165,0.781,3129,0,0,3164,0,1483,105,1581,43,1.027,1,2250,0,100.931,2.156,-21.313,-91.250,37.500,-0.141,0.086,1.066,0.785,2.008,0.328,0.000,0.000,1.186,1.376,2,NULL,NULL,,3,0,2,7,255,1394,250,0,0
stim,212224,242345,0,242345,3439659.455,-0.600,-0.048,0.162,0.782,3131,0,0,3159,0,1573,149,1622,43,1.027,1,2250,0,98.464,1.806,-27.063,-87.063,37.188,-0.195,0.164,1.074,0.430,1.754,0.602,0.000,0.000,1.186,1.376,2,NULL,NULL,,3,0,2,7,255,1394,250,0,0
stim,212224,242345,0,242345,3439664.454,-0.599,-0.046,0.159,0.783,3153,0,0,3161,8,1669,179,1657,43,1.027,1,2250,0,93.376,1.029,-32.000,-82.500,29.813,-0.184,0.223,1.063,-0.168,1.016,0.926,0.000,0.000,1.186,1.376,2,NULL,NULL,,3,0,2,7,255,1394,250,0,0
stim,212255,242376,0,242376,3439669.455,-0.599,-0.043,0.156,0.785,3139,0,0,3165,52,1742,181,1687,43,1.027,1,2250,0,88.625,1.213,-33.688,-78.625,23.188,-0.141,0.234,1.008,-0.746,0.957,0.926,0.000,0.000,1.186,1.376,2,NULL,NULL,,3,0,2,7,255,1394,250,0,0
stim,212255,242376,0,242376,3439674.454,-0.598,-0.041,0.153,0.785,3149,0,0,3175,83,1800,191,1707,43,1.027,1,2250,0,81.942,1.416,-25.250,-75.313,20.125,-0.102,0.230,1.031,-1.043,0.957,0.441,0.000,0.000,1.186,1.376,2,NULL,NULL,,3,0,2,7,255,1394,250,0,0
stim,212255,242376,0,242376,3439679.455,-0.598,-0.039,0.150,0.786,3148,0,0,3179,116,1868,197,1727,43,1.027,1,2250,0,76.452,1.703,-25.625,-69.125,20.250,-0.070,0.246,1.082,-1.070,1.324,0.441,0.000,0.000,1.186,1.376,2,NULL,NULL,,3,0,2,7,255,1394,250,0,0
stim,212255,242376,0,242376,3439684.453,-0.598,-0.037,0.147,0.787,3149,0,0,3177,151,1913,200,1743,43,1.027,1,2250,0,74.195,1.826,-29.813,-65.375,18.500,-0.105,0.309,1.125,-1.258,1.324,0.895,0.000,0.000,1.186,1.376,2,NULL,NULL,,3,0,2,7,255,1394,250,0,0
stim,212255,242376,0,242376,3439689.455,-0.597,-0.036,0.145,0.788,3153,0,0,3181,229,1967,213,1759,43,1.027,1,2250,0,71.859,1.953,-34.813,-61.063,14.938,-0.102,0.285,1.102,-1.551,1.188,1.230,0.000,0.000,1.186,1.376,2,NULL,NULL,,3,0,2,7,255,1394,250,0,0
stim,212255,242376,0,242376,3439694.454,-0.597,-0.035,0.142,0.789,3149,0,0,3190,277,2006,229,1760,43,1.027,1,2250,0,69.295,1.953,-39.125,-55.500,13.813,-0.094,0.254,1.105,-1.551,1.188,1.230,0.000,0.000,1.186,1.376,2,NULL,NULL,,3,0,2,7,255,1394,250,0,0
stim,212276,242397,0,242397,3439699.455,-0.597,-0.034,0.139,0.790,3155,0,0,3189,338,2056,243,1769,43,1.027,1,2250,0,67.834,1.739,-38.813,-53.875,13.875,-0.102,0.246,1.035,-1.281,1.176,1.188,0.000,0.000,1.186,1.376,2,NULL,NULL,,3,0,2,7,255,1394,250,0,0
stim,212276,242397,0,242397,3439704.453,-0.597,-0.033,0.137,0.790,3157,0,0,3187,373,2083,247,1772,43,1.027,1,2250,0,62.547,1.577,-35.375,-50.313,11.375,-0.121,0.254,1.066,-1.266,0.941,0.887,0.000,0.000,1.186,1.376,2,NULL,NULL,,3,0,2,7,255,1394,250,0,0
stim,212276,242397,0,242397,3439709.455,-0.597,-0.032,0.134,0.791,3163,0,0,3197,463,2136,253,1829,43,1.027,1,2250,0,61.044,1.491,-37.563,-47.625,6.875,-0.125,0.270,1.098,-1.266,0.789,0.887,0.000,0.000,1.186,1.376,2,NULL,NULL,,3,0,2,7,255,1394,250,0,0
stim,212276,242397,0,242397,3439714.453,-0.597,-0.031,0.131,0.791,3161,0,0,3191,570,2183,293,1863,43,1.027,1,2250,0,63.083,1.535,-47.250,-41.688,3.000,-0.121,0.266,1.191,-1.316,0.789,1.234,0.000,0.000,1.186,1.376,2,NULL,NULL,,3,0,2,7,255,1394,250,0,0
stim,212276,242397,0,242397,3439719.455,-0.597,-0.031,0.129,0.791,3165,0,0,3195,692,2197,303,1913,43,1.027,1,2250,0,49.321,1.607,-38.625,-30.375,-4.250,-0.051,0.129,1.160,-1.316,0.922,1.469,0.000,0.000,1.186,1.376,2,NULL,NULL,,3,0,2,7,255,1394,250,0,0
stim,212276,242397,0,242397,3439724.454,-0.597,-0.031,0.127,0.791,3177,0,0,3195,761,2235,302,1957,43,1.027,1,2250,0,40.948,1.978,-32.375,-22.375,-11.313,0.000,0.320,1.035,-1.316,1.477,1.469,0.000,0.000,1.186,1.376,2,NULL,NULL,,3,0,2,7,255,1394,250,0,0
stim,212276,242397,0,242397,3439729.455,-0.598,-0.031,0.126,0.791,3175,0,0,3199,837,2249,309,1997,43,1.027,1,2250,0,26.338,2.767,-15.563,-18.438,-10.563,0.008,0.492,1.113,-2.340,1.477,1.391,0.000,0.000,1.186,1.376,2,NULL,NULL,,3,0,2,7,255,1394,250,0,0
stim,212276,242397,0,242397,3439734.453,-0.598,-0.031,0.125,0.791,3165,0,0,3210,903,2269,314,2025,43,1.027,1,2250,0,38.015,2.651,-35.438,-13.750,-0.500,-0.156,0.141,1.258,-2.340,1.246,1.391,0.000,0.000,1.186,1.376,2,NULL,NULL,,3,0,2,7,255,1394,250,0,0
stim,212306,242427,0,242427,3439739.455,-0.598,-0.033,0.122,0.792,3173,0,0,3207,935,2285,313,2055,43,1.027,1,2250,0,73.442,0.972,-72.125,-10.625,-8.875,-0.328,0.078,1.121,-0.117,0.965,1.613,0.000,0.000,1.186,1.376,2,NULL,NULL,,3,0,2,7,255,1394,250,0,0
stim,212306,242427,0,242427,3439744.454,-0.599,-0.035,0.119,0.791,3171,0,0,3209,1002,2309,319,2083,43,1.027,1,2250,0,80.008,0.386,-74.375,-6.563,-28.750,-0.238,0.102,0.988,0.184,-0.340,1.613,0.000,0.000,1.186,1.376,2,NULL,NULL,,3,0,2,7,255,1394,250,0,0
stim,212306,242427,0,242427,3439749.455,-0.600,-0.037,0.116,0.791,3167,0,0,3221,1075,2330,335,2105,43,1.027,1,2250,0,83.240,0.472,-74.313,-2.250,-37.438,-0.141,0.051,0.996,0.328,-0.340,0.180,0.000,0.000,1.186,1.376,2,NULL,NULL,,3,0,2,7,255,1394,250,0,0
stim,212306,242427,0,242427,3439754.453,-0.601,-0.038,0.114,0.790,3177,17,0,3209,1129,2348,344,2129,43,1.027,1,2250,0,72.802,0.744,-61.938,-9.250,-37.125,-0.109,-0.008,0.832,0.328,0.668,0.016,0.000,0.000,1.186,1.376,2,NULL,NULL,,3,0,2,7,255,1394,250,0,0
stim,212306,242427,0,242427,3439759.455,-0.602,-0.039,0.112,0.790,3176,33,0,3221,1194,2364,345,2159,43,1.027,1,2250,0,50.971,0.991,-42.625,-8.500,-26.625,-0.063,-0.172,0.852,0.648,0.750,-1.672,0.000,0.000,1.186,1.376,2,NULL,NULL,,3,0,2,7,255,1394,250,0,0
stim,212306,242427,0,242427,3439764.453,-0.602,-0.039,0.111,0.789,3173,41,0,3211,1253,2377,376,2175,43,1.027,1,2250,0,29.626,2.163,-26.438,-10.000,-8.875,-0.117,-0.145,0.855,1.914,1.008,-1.672,0.000,0.000,1.186,1.376,2,NULL,NULL,,3,0,2,7,255,1394,250,0,0
stim,212359,242480,0,242480,3439769.455,-0.603,-0.040,0.110,0.789,3171,40,0,3211,1287,2382,381,2201,43,1.027,1,2250,0,21.334,2.163,-15.875,-10.625,-9.500,-0.238,-0.008,0.977,1.914,1.008,-1.539,0.000,0.000,1.186,1.376,2,NULL,NULL,,3,0,2,7,255,1394,250,0,0
stim,212359,242480,0,242480,3439774.454,-0.604,-0.040,0.109,0.789,3173,51,0,3213,1333,2393,403,2232,43,1.027,1,2250,0,32.033,1.022,-16.938,-10.688,-25.000,-0.227,0.063,1.008,1.004,-0.191,-0.039,0.000,0.000,1.186,1.376,2,NULL,NULL,,3,0,2,7,255,1394,250,0,0
stim,212359,242480,0,242480,3439779.455,-0.605,-0.040,0.108,0.788,3171,59,0,3223,1397,2397,399,2253,43,1.027,1,2250,0,31.221,0.922,-18.625,-9.188,-23.313,-0.043,-0.059,0.977,0.902,-0.191,-0.039,0.000,0.000,1.186,1.376,2,NULL,NULL,,3,0,2,7,255,1394,250,0,0
stim,212359,242480,0,242480,3439784.453,-0.605,-0.040,0.106,0.788,3167,63,0,3219,1443,2403,409,2265,43,0.917,1,2250,1,20.073,1.470,-16.625,-10.750,-3.313,-0.090,-0.066,0.926,0.902,1.160,-0.449,0.000,0.000,1.081,1.358,2,NULL,NULL,,3,0,2,7,255,1394,250,0,0
stim,212359,242480,0,242480,3439789.455,-0.605,-0.040,0.106,0.788,3165,71,0,3208,1483,2419,413,2291,43,0.917,1,2250,1,13.569,1.470,-8.875,-10.125,1.688,-0.191,-0.008,0.961,0.902,1.160,-0.449,0.002,0.002,1.081,1.358,2,NULL,NULL,,3,0,2,7,255,1394,250,0,0
stim,212359,242480,0,242480,3439794.454,-0.605,-0.040,0.105,0.788,3175,69,0,3211,1516,2421,413,2311,43,0.917,1,2250,1,18.605,0.822,-10.688,-9.688,-11.750,-0.281,0.086,1.047,0.809,0.148,-0.246,0.006,0.004,1.081,1.358,2,NULL,NULL,,3,0,2,7,255,1394,250,0,0
stim,212359,242480,0,242480,3439799.455,-0.606,-0.040,0.104,0.788,3167,63,1,3215,1559,2427,424,2332,43,0.917,1,2250,1,31.661,0.227,-12.875,-9.875,-27.188,-0.160,0.074,0.977,0.172,0.148,-0.078,0.008,0.006,1.081,1.358,2,NULL,NULL,,3,0,2,7,255,1394,250,0,0
stim,212359,242480,0,242480,3439804.454,-0.607,-0.040,0.104,0.787,3165,74,3,3213,1583,2440,421,2349,43,0.917,1,2250,1,21.554,0.316,-8.938,-9.563,-17.125,-0.027,-0.020,0.984,0.172,0.266,-0.078,0.012,0.008,1.081,1.358,2,NULL,NULL,,3,0,2,7,255,1394,250,0,0
stim,212359,242480,0,242480,3439809.455,-0.607,-0.040,0.103,0.787,3149,78,4,3195,1610,2443,419,2356,43,0.917,1,2250,1,12.095,0.670,-6.000,-10.500,-0.188,-0.129,0.047,1.012,0.133,0.656,-0.078,0.016,0.012,1.081,1.358,2,NULL,NULL,,3,0,2,7,255,1394,250,0,0
stim,212359,242480,0,242480,3439814.453,-0.607,-0.040,0.103,0.787,3160,87,5,3197,1623,2439,420,2374,43,0.917,1,2250,1,13.880,0.670,-5.500,-10.438,-7.313,-0.250,0.152,1.031,0.133,0.656,0.176,0.020,0.016,1.081,1.358,2,NULL,NULL,,3,0,2,7,255,1394,250,0,0
stim,212381,242502,0,242502,3439819.455,-0.608,-0.040,0.102,0.787,3145,89,4,3195,1635,2445,424,2389,43,0.917,1,2250,1,22.730,0.573,-4.500,-10.313,-19.750,-0.164,0.152,1.027,-0.566,0.090,0.477,0.024,0.020,1.081,1.358,2,NULL,NULL,,3,0,2,7,255,1394,250,0,0
stim,212381,242502,0,242502,3439824.454,-0.608,-0.039,0.102,0.786,3145,91,31,3183,1653,2451,431,2391,43,0.917,1,2250,1,19.250,0.631,-5.375,-9.875,-15.625,-0.105,0.121,1.059,-0.625,0.090,0.621,0.026,0.024,1.081,1.358,2,NULL,NULL,,3,0,2,7,255,1394,250,0,0
stim,212381,242502,0,242502,3439829.455,-0.609,-0.039,0.101,0.786,3143,90,39,3176,1673,2454,445,2406,43,0.917,1,2250,1,18.883,0.798,-11.438,-9.125,-11.938,-0.168,0.191,1.086,-0.793,0.090,0.621,0.030,0.028,1.081,1.358,2,NULL,NULL,,3,0,2,7,255,1394,250,0,0
stim,212381,242502,0,242502,3439834.453,-0.609,-0.039,0.100,0.786,3124,95,53,3180,1682,2453,460,2420,43,0.917,1,2250,1,23.138,1.141,-15.438,-8.813,-14.813,-0.172,0.227,1.051,-1.141,0.031,0.773,0.034,0.032,1.081,1.358,2,NULL,NULL,,3,0,2,7,255,1394,250,0,0
stim,212404,242525,0,242525,3439839.455,-0.610,-0.039,0.100,0.785,3119,109,71,3166,1693,2453,474,2427,43,0.917,1,2250,1,26.756,1.477,-17.875,-8.375,-18.063,-0.180,0.227,1.074,-1.469,-0.156,1.012,0.036,0.036,1.081,1.358,2,NULL,NULL,,3,0,2,7,255,1394,250,0,0
stim,212404,242525,0,242525,3439844.453,-0.610,-0.040,0.099,0.785,3165,117,85,3161,1707,2459,483,2441,43,0.917,1,2250,1,32.498,1.489,-22.750,-7.750,-21.875,-0.160,0.219,1.059,-1.480,-0.156,0.805,0.038,0.038,1.081,1.358,2,NULL,NULL,,3,0,2,7,255,1394,250,0,0
stim,212404,242525,0,242525,3439849.455,-0.611,-0.040,0.098,0.784,3110,127,79,3165,1725,2461,491,2446,43,0.917,1,2250,1,34.989,1.469,-25.313,-7.188,-23.063,-0.141,0.191,1.039,-1.469,-0.016,0.805,0.040,0.038,1.081,1.358,2,NULL,NULL,,3,0,2,7,255,1394,250,0,0
stim,212404,242525,0,242525,3439854.454,-0.612,-0.041,0.096,0.784,3103,141,87,3151,1743,2457,505,2454,43,0.917,1,2250,1,38.012,1.286,-29.313,-6.500,-23.313,-0.156,0.148,1.039,-1.281,0.109,0.570,0.040,0.040,1.081,1.358,2,NULL,NULL,,3,0,2,7,255,1394,250,0,0
stim,212427,242548,0,242548,3439859.455,-0.613,-0.041,0.095,0.783,3096,169,80,3145,1770,2463,531,2461,43,0.917,1,2250,1,42.486,0.866,-33.938,-5.875,-24.875,-0.180,0.113,1.004,-0.859,0.109,0.563,0.042,0.040,1.081,1.358,2,NULL,NULL,,3,0,2,7,255,1394,250,0,0
stim,212427,242548,0,242548,3439864.453,-0.614,-0.042,0.094,0.783,3089,174,115,3135,1791,2461,537,2471,43,0.917,1,2250,1,44.596,0.512,-34.750,-5.938,-27.313,-0.191,0.086,0.965,-0.500,-0.109,0.238,0.042,0.040,1.081,1.358,2,NULL,NULL,,3,0,2,7,255,1394,250,0,0
stim,212458,242579,0,242579,3439869.455,-0.615,-0.043,0.092,0.782,3082,201,133,3131,1827,2461,557,2479,43,0.917,1,2250,1,44.378,0.344,-31.875,-6.188,-30.250,-0.195,0.070,0.965,-0.266,-0.219,-0.133,0.040,0.040,1.081,1.358,2,NULL,NULL,,3,0,2,7,255,1394,250,0,0
stim,212458,242579,0,242579,3439874.454,-0.616,-0.044,0.091,0.781,3067,223,187,3127,1864,2473,610,2491,43,0.917,1,2250,1,46.840,0.283,-31.500,-6.438,-34.063,-0.195,0.070,0.996,-0.180,-0.219,-0.133,0.040,0.038,1.081,1.358,2,NULL,NULL,,3,0,2,7,255,1394,250,0,0
stim,212458,242579,0,242579,3439879.455,-0.617,-0.044,0.090,0.781,3061,244,295,3119,1893,2467,629,2503,43,0.917,1,2250,1,51.144,0.237,-32.750,-6.063,-38.813,-0.168,0.035,0.996,-0.145,-0.188,0.090,0.038,0.034,1.081,1.358,2,NULL,NULL,,3,0,2,7,255,1394,250,0,0
stim,212458,242579,0,242579,3439884.453,-0.618,-0.045,0.088,0.780,3049,253,353,3113,1940,2467,647,2514,43,0.917,1,2250,1,51.370,0.145,-32.313,-5.875,-39.500,-0.109,-0.074,0.957,0.074,0.125,0.090,0.036,0.030,1.081,1.358,2,NULL,NULL,,3,0,2,7,255,1394,250,0,0
stim,212458,242579,0,242579,3439889.455,-0.619,-0.046,0.087,0.779,3042,251,442,3107,1981,2469,703,2520,43,0.917,1,2250,1,40.203,1.237,-27.750,-6.938,-28.250,-0.102,-0.098,0.918,0.926,0.820,-0.438,0.032,0.024,1.081,1.358,2,NULL,NULL,,3,0,2,7,255,1394,250,0,0
stim,212458,242579,0,242579,3439894.453,-0.620,-0.046,0.085,0.778,3027,254,571,3099,2013,2468,765,2527,43,0.917,1,2250,1,34.577,1.237,-23.313,-8.000,-24.250,-0.207,-0.004,0.945,0.926,0.820,-0.438,0.030,0.018,1.081,1.358,2,NULL,NULL,,3,0,2,7,255,1394,250,0,0
stim,212458,242579,0,242579,3439899.455,-0.621,-0.047,0.085,0.778,3015,263,667,3091,2043,2469,811,2535,43,0.917,1,2250,1,42.417,0.534,-20.188,-8.000,-36.438,-0.242,0.063,0.973,0.449,-0.289,-0.352,0.030,0.012,1.081,1.358,2,NULL,NULL,,3,0,2,7,255,1394,250,0,0
stim,212458,242579,0,242579,3439904.454,-0.623,-0.047,0.083,0.777,3003,261,724,3083,2079,2475,876,2541,43,0.917,1,2250,1,47.515,0.297,-19.375,-7.750,-42.688,-0.113,0.008,0.977,0.070,-0.289,-0.215,0.030,0.008,1.081,1.358,2,NULL,NULL,,3,0,2,7,255,1394,250,0,0
stim,212458,242579,0,242579,3439909.455,-0.624,-0.047,0.082,0.776,2991,269,869,3065,2121,2469,932,2552,43,0.917,1,2250,1,39.834,0.602,-21.000,-8.313,-32.813,-0.105,0.004,0.984,0.070,0.598,-0.129,0.032,0.010,1.081,1.358,2,NULL,NULL,,3,0,2,7,255,1394,250,0,0
stim,212458,242579,0,242579,3439914.453,-0.625,-0.048,0.081,0.775,2981,282,973,3060,2175,2468,981,2559,43,0.917,1,2250,1,36.643,0.603,-24.063,-6.938,-26.750,-0.137,-0.027,1.004,0.078,0.598,-0.129,0.034,0.012,1.081,1.358,2,NULL,NULL,,3,0,2,7,255,1394,250,0,0
stim,212490,242611,0,242611,3439919.455,-0.626,-0.049,0.080,0.775,2975,309,1100,3049,2217,2477,1052,2575,43,0.917,1,2250,1,38.461,0.552,-26.750,-6.938,-26.750,-0.172,-0.008,0.969,0.266,0.484,-0.129,0.036,0.016,1.081,1.358,2,NULL,NULL,,3,0,2,7,255,1394,250,0,0
stim,212490,242611,0,242611,3439924.454,-0.627,-0.049,0.079,0.774,2953,315,1205,3043,2257,2469,1131,2588,43,0.917,1,2250,1,38.366,0.270,-22.438,-7.313,-30.250,-0.164,0.031,0.934,0.266,0.051,-0.180,0.038,0.016,1.081,1.358,2,NULL,NULL,,3,0,2,7,255,1394,250,0,0
stim,212490,242611,0,242611,3439929.455,-0.628,-0.049,0.078,0.773,2938,331,1305,3033,2287,2469,1209,2601,43,0.917,1,2250,1,36.458,0.114,-15.688,-7.688,-32.000,-0.141,0.035,0.965,-0.102,0.051,-0.270,0.038,0.018,1.081,1.358,2,NULL,NULL,,3,0,2,7,255,1394,250,0,0
stim,212490,242611,0,242611,3439934.453,-0.629,-0.049,0.077,0.772,2921,346,1434,3027,2317,2471,1255,2612,43,0.917,1,2250,1,35.469,0.299,-13.000,-7.813,-32.063,-0.133,0.039,0.996,-0.203,0.219,-0.270,0.038,0.016,1.081,1.358,2,NULL,NULL,,3,0,2,7,255,1394,250,0,0
stim,212490,242611,0,242611,3439939.455,-0.630,-0.049,0.076,0.771,2907,375,1557,3016,2345,2469,1315,2617,43,0.917,1,2250,1,36.231,0.357,-13.500,-8.125,-32.625,-0.137,0.063,1.000,-0.270,0.234,0.027,0.038,0.016,1.081,1.358,2,NULL,NULL,,3,0,2,7,255,1394,250,0,0
stim,212490,242611,0,242611,3439944.453,-0.631,-0.050,0.076,0.771,2893,404,1675,3004,2380,2469,1399,2629,43,0.917,1,2250,1,36.294,0.537,-15.500,-7.000,-32.063,-0.121,0.047,1.031,-0.434,0.316,0.066,0.036,0.016,1.081,1.358,2,NULL,NULL,,3,0,2,7,255,1394,250,0,0
stim,212524,242645,0,242645,3439949.455,-0.632,-0.050,0.075,0.770,2887,424,1772,2999,2404,2475,1462,2635,43,0.917,1,2250,1,40.471,0.493,-21.063,-6.188,-34.000,-0.148,0.047,1.031,-0.434,0.234,0.336,0.036,0.016,1.081,1.358,2,NULL,NULL,,3,0,2,7,255,1394,250,0,0
stim,212524,242645,0,242645,3439954.454,-0.633,-0.051,0.074,0.769,2863,443,1852,2995,2427,2469,1510,2643,43,0.917,1,2250,1,45.886,0.435,-23.938,-5.563,-38.750,-0.148,0.035,0.980,-0.395,0.184,0.336,0.036,0.016,1.081,1.358,2,NULL,NULL,,3,0,2,7,255,1394,250,0,0
stim,212524,242645,0,242645,3439959.455,-0.635,-0.051,0.073,0.768,2851,485,1959,2984,2455,2469,1579,2648,43,0.917,1,2250,1,47.011,0.334,-21.938,-5.688,-41.188,-0.141,0.023,0.949,-0.297,0.152,-0.078,0.036,0.018,1.081,1.358,2,NULL,NULL,,3,0,2,7,255,1394,250,0,0
stim,212524,242645,0,242645,3439964.453,-0.636,-0.051,0.072,0.767,2840,521,2059,2971,2479,2463,1637,2653,43,0.917,1,2250,1,48.740,0.245,-19.063,-4.563,-44.625,-0.160,-0.027,1.004,-0.195,0.148,-0.078,0.036,0.020,1.081,1.358,2,NULL,NULL,,3,0,2,7,255,1394,250,0,0
stim,212555,242676,0,242676,3439969.455,-0.637,-0.052,0.070,0.765,2808,537,2149,2967,2509,2463,1699,2661,43,0.917,1,2250,1,47.606,0.330,-21.188,-5.688,-42.250,-0.113,-0.082,0.969,0.293,0.152,-0.277,0.036,0.022,1.081,1.358,2,NULL,NULL,,3,0,2,7,255,1394,250,0,0
stim,212555,242676,0,242676,3439974.454,-0.638,-0.052,0.069,0.765,2792,551,2221,2954,2535,2463,1753,2667,43,0.917,1,2250,1,35.793,0.676,-20.375,-5.000,-29.000,-0.102,-0.039,0.973,0.293,0.609,-0.242,0.038,0.022,1.081,1.358,2,NULL,NULL,,3,0,2,7,255,1394,250,0,0
stim,212555,242676,0,242676,3439979.455,-0.639,-0.053,0.069,0.764,2777,572,2298,2939,2555,2463,1815,2671,43,0.917,1,2250,1,33.536,0.660,-18.063,-5.938,-27.625,-0.188,0.055,1.000,0.254,0.609,-0.242,0.038,0.022,1.081,1.358,2,NULL,NULL,,3,0,2,7,255,1394,250,0,0
stim,212555,242676,0,242676,3439984.453,-0.640,-0.053,0.068,0.763,2759,589,2363,2933,2579,2463,1883,2679,43,0.917,1,2250,1,42.766,0.579,-24.313,-5.500,-34.750,-0.199,0.051,1.035,-0.492,-0.305,0.180,0.040,0.022,1.081,1.358,2,NULL,NULL,,3,0,2,7,255,1394,250,0,0
stim,212555,242676,0,242676,3439989.455,-0.642,-0.054,0.066,0.762,2735,604,2421,2925,2599,2461,1937,2686,43,0.917,1,2250,1,50.216,0.579,-29.188,-4.938,-40.563,-0.117,-0.082,0.988,-0.492,-0.305,0.180,0.042,0.022,1.081,1.358,2,NULL,NULL,,3,0,2,7,255,1394,250,0,0
stim,212555,242676,0,242676,3439994.453,-0.643,-0.055,0.065,0.761,2715,619,2471,2917,2611,2460,1981,2696,43,0.917,1,2250,1,41.315,0.824,-27.188,-6.125,-30.500,-0.059,-0.207,0.906,0.609,0.555,-0.063,0.042,0.022,1.081,1.358,2,NULL,NULL,,3,0,2,7,255,1394,250,0,0
stim,212576,242697,0,242697,3439999.455,-0.643,-0.055,0.064,0.761,2685,632,2522,2905,2629,2459,2036,2702,43,0.917,1,2250,1,28.103,1.140,-18.875,-7.625,-19.375,-0.156,-0.117,0.914,0.996,0.555,-0.703,0.044,0.022,1.081,1.358,2,NULL,NULL,,3,0,2,7,255,1394,250,0,0
stim,212576,242697,0,242697,3440004.454,-0.644,-0.055,0.063,0.760,2659,651,2571,2891,2657,2467,2079,2712,43,0.917,1,2250,1,36.224,1.002,-14.063,-7.625,-32.500,-0.270,0.043,1.004,0.996,0.105,-0.703,0.046,0.020,1.081,1.358,2,NULL,NULL,,3,0,2,7,255,1394,250,0,0
stim,212576,242697,0,242697,3440009.455,-0.646,-0.056,0.062,0.759,2636,665,2611,2874,2661,2459,2123,2719,43,0.917,1,2250,1,57.797,0.664,-21.750,-8.063,-52.938,-0.227,0.039,1.082,-0.383,-0.543,0.316,0.048,0.020,1.081,1.358,2,NULL,NULL,,3,0,2,7,255,1394,250,0,0
stim,212576,242697,0,242697,3440014.453,-0.648,-0.057,0.060,0.757,2605,671,2639,2857,2677,2457,2163,2724,43,0.917,1,2250,1,69.930,0.664,-34.438,-7.688,-60.375,-0.117,-0.023,1.047,-0.383,-0.543,0.508,0.050,0.020,1.081,1.358,2,NULL,NULL,,3,0,2,7,255,1394,250,0,0
stim,212576,242697,0,242697,3440019.455,-0.650,-0.057,0.059,0.756,2572,677,2671,2838,2700,2459,2203,2728,43,0.917,1,2250,1,64.720,0.504,-37.438,-8.375,-52.125,-0.086,-0.063,0.957,-0.063,0.500,0.508,0.052,0.020,1.081,1.358,2,NULL,NULL,,3,0,2,7,255,1394,250,0,0
stim,212576,242697,0,242697,3440024.454,-0.651,-0.058,0.057,0.755,2533,686,2699,2823,2707,2459,2247,2734,43,0.917,1,2250,1,52.696,0.736,-29.813,-8.438,-42.625,-0.086,-0.074,0.930,0.262,0.688,-0.418,0.054,0.020,1.081,1.358,2,NULL,NULL,,3,0,2,7,255,1394,250,0,0
stim,212576,242697,0,242697,3440029.455,-0.652,-0.058,0.056,0.754,2483,692,2725,2806,2727,2453,2278,2741,43,0.917,1,2250,1,39.422,0.804,-21.813,-9.063,-31.563,-0.082,-0.094,0.957,0.344,0.727,-0.418,0.056,0.020,1.081,1.358,2,NULL,NULL,,3,0,2,7,255,1394,250,0,0
stim,212576,242697,0,242697,3440034.453,-0.653,-0.059,0.055,0.753,2447,687,2751,2788,2730,2452,2301,2747,43,0.917,1,2250,1,33.648,0.769,-20.188,-9.500,-25.188,-0.145,-0.070,1.012,0.344,0.688,-0.406,0.058,0.018,1.081,1.358,2,NULL,NULL,,3,0,2,7,255,1394,250,0,0
stim,212608,242729,0,242729,3440039.455,-0.654,-0.059,0.054,0.752,2418,704,2773,2766,2735,2453,2327,2748,43,0.917,1,2250,1,37.746,0.379,-22.063,-8.875,-29.313,-0.160,-0.039,0.992,0.324,0.195,0.031,0.060,0.018,1.081,1.358,2,NULL,NULL,,3,0,2,7,255,1394,250,0,0
stim,212608,242729,0,242729,3440044.454,-0.655,-0.059,0.053,0.752,2366,699,2808,2744,2757,2445,2361,2760,43,0.917,1,2250,1,37.048,0.271,-19.375,-9.063,-30.250,-0.098,-0.066,0.965,0.188,0.195,0.031,0.062,0.018,1.081,1.358,2,NULL,NULL,,3,0,2,7,255,1394,250,0,0
stim,212608,242729,0,242729,3440049.455,-0.655,-0.060,0.052,0.751,2328,697,2823,2729,2763,2442,2395,2761,43,0.917,1,2250,1,28.114,0.414,-15.313,-9.250,-21.688,-0.109,-0.043,0.977,0.004,0.414,-0.188,0.062,0.018,1.081,1.358,2,NULL,NULL,,3,0,2,7,255,1394,250,0,0
stim,212608,242729,0,242729,3440054.454,-0.656,-0.060,0.051,0.751,2275,699,2837,2697,2773,2442,2411,2765,43,0.917,1,2250,1,28.534,0.414,-14.063,-8.875,-23.188,-0.184,0.004,1.004,-0.016,0.414,-0.188,0.064,0.020,1.081,1.358,2,NULL,NULL,,3,0,2,7,255,1394,250,0,0
stim,212608,242729,0,242729,3440059.455,-0.657,-0.060,0.050,0.750,2216,699,2856,2679,2783,2442,2451,2771,43,0.917,1,2250,1,39.394,0.544,-16.438,-9.563,-34.500,-0.188,0.016,1.012,-0.418,-0.348,0.195,0.064,0.020,1.081,1.358,2,NULL,NULL,,3,0,2,7,255,1394,250,0,0
stim,212608,242729,0,242729,3440064.453,-0.659,-0.060,0.049,0.749,2159,697,2867,2647,2797,2430,2477,2783,43,0.917,1,2250,1,45.797,0.544,-18.063,-8.938,-41.125,-0.117,-0.008,1.012,-0.418,-0.348,0.195,0.064,0.020,1.081,1.358,2,NULL,NULL,,3,0,2,7,255,1394,250,0,0
stim,212659,242780,0,242780,3440069.455,-0.660,-0.060,0.048,0.748,2111,693,2879,2616,2802,2431,2488,2777,43,0.917,1,2250,1,43.637,0.513,-21.250,-8.625,-37.125,-0.082,-0.055,1.035,-0.418,0.297,0.250,0.066,0.022,1.081,1.358,2,NULL,NULL,,3,0,2,7,255,1394,250,0,0
stim,212659,242780,0,242780,3440074.454,-0.661,-0.061,0.047,0.747,2042,692,2904,2591,2811,2421,2510,2791,43,0.917,1,2250,1,42.437,0.537,-28.063,-8.000,-30.813,-0.102,-0.066,1.035,-0.043,0.535,0.328,0.066,0.022,1.081,1.358,2,NULL,NULL,,3,0,2,7,255,1394,250,0,0
stim,212659,242780,0,242780,3440079.455,-0.662,-0.062,0.045,0.746,1970,685,2919,2567,2823,2422,2531,2791,43,0.917,1,2250,1,43.913,0.537,-31.750,-7.813,-29.313,-0.133,-0.047,1.000,-0.043,0.535,0.328,0.068,0.022,1.081,1.358,2,NULL,NULL,,3,0,2,7,255,1394,250,0,0
stim,212659,242780,0,242780,3440084.453,-0.663,-0.062,0.044,0.745,1899,679,2922,2523,2824,2415,2541,2799,43,0.917,1,2250,1,45.016,0.186,-30.188,-7.938,-32.438,-0.152,-0.039,0.977,-0.094,0.160,0.074,0.068,0.024,1.081,1.358,2,NULL,NULL,,3,0,2,7,255,1394,250,0,0
stim,212659,242780,0,242780,3440089.455,-0.664,-0.063,0.043,0.744,1829,677,2932,2488,2837,2412,2555,2797,43,0.917,1,2250,1,47.770,0.098,-28.500,-9.063,-37.250,-0.148,-0.059,0.996,-0.094,-0.027,0.074,0.070,0.024,1.081,1.358,2,NULL,NULL,,3,0,2,7,255,1394,250,0,0
stim,212659,242780,0,242780,3440094.454,-0.665,-0.063,0.041,0.743,1753,669,2943,2457,2845,2408,2581,2799,43,0.917,1,2250,1,50.179,0.182,-29.063,-9.125,-39.875,-0.125,-0.043,0.992,-0.180,-0.027,0.008,0.072,0.024,1.081,1.358,2,NULL,NULL,,3,0,2,7,255,1394,250,0,0
stim,212659,242780,0,242780,3440099.455,-0.666,-0.064,0.040,0.742,1685,659,2963,2412,2847,2395,2588,2805,43,0.917,1,2250,1,46.213,0.269,-25.625,-9.563,-37.250,-0.094,-0.020,0.949,-0.207,0.172,0.008,0.074,0.024,1.081,1.358,2,NULL,NULL,,3,0,2,7,255,1394,250,0,0
stim,212659,242780,0,242780,3440104.453,-0.667,-0.064,0.039,0.741,1616,650,2957,2361,2853,2395,2611,2797,43,0.917,1,2250,1,37.597,0.425,-17.563,-9.438,-31.875,-0.094,-0.055,0.953,-0.207,0.371,-0.441,0.076,0.024,1.081,1.358,2,NULL,NULL,,3,0,2,7,255,1394,250,0,0
stim,212659,242780,0,242780,3440109.455,-0.668,-0.064,0.038,0.741,1543,624,2965,2315,2859,2391,2613,2805,43,0.917,1,2250,1,32.933,0.410,-15.313,-9.688,-27.500,-0.109,-0.125,0.996,-0.156,0.379,-0.441,0.076,0.024,1.081,1.358,2,NULL,NULL,,3,0,2,7,255,1394,250,0,0
stim,212659,242780,0,242780,3440114.453,-0.669,-0.064,0.037,0.740,1451,606,2985,2275,2861,2367,2631,2821,43,0.917,1,2250,1,32.226,0.612,-16.563,-9.563,-25.938,-0.129,-0.121,0.988,0.480,0.379,0.004,0.078,0.024,1.081,1.358,2,NULL,NULL,,3,0,2,7,255,1394,250,0,0
stim,212681,242803,0,242803,3440119.455,-0.670,-0.064,0.036,0.739,1355,569,2981,2233,2869,2375,2635,2821,43,0.917,1,2250,1,31.514,0.512,-14.500,-9.688,-26.250,-0.125,-0.086,0.961,0.480,0.176,0.004,0.080,0.024,1.081,1.358,2,NULL,NULL,,3,0,2,7,255,1394,250,0,0
stim,212681,242803,0,242803,3440124.454,-0.670,-0.064,0.035,0.738,1241,558,2995,2171,2875,2359,2657,2821,43,0.917,1,2250,1,27.543,0.204,-9.750,-10.688,-23.438,-0.117,-0.059,0.969,0.109,0.172,-0.246,0.080,0.024,1.081,1.358,2,NULL,NULL,,3,0,2,7,255,1394,250,0,0
stim,212681,242803,0,242803,3440129.455,-0.671,-0.064,0.035,0.738,1181,531,2991,2095,2877,2361,2659,2826,43,0.917,1,2250,1,25.795,0.199,-7.500,-11.063,-22.063,-0.133,-0.055,1.004,-0.145,0.137,-0.246,0.082,0.024,1.081,1.358,2,NULL,NULL,,3,0,2,7,255,1394,250,0,0
stim,212681,242803,0,242803,3440134.454,-0.672,-0.064,0.034,0.737,1082,519,2999,2020,2886,2351,2667,2833,43,0.917,1,2250,1,27.052,0.162,-10.000,-11.813,-22.188,-0.133,-0.070,1.023,-0.145,0.074,0.133,0.084,0.024,1.081,1.358,2,NULL,NULL,,3,0,2,7,255,1394,250,0,0
stim,212692,242813,0,242813,3440139.455,-0.672,-0.064,0.033,0.737,1013,473,3003,1917,2891,2336,2683,2834,43,0.917,1,2250,1,29.093,0.123,-14.625,-12.188,-22.000,-0.121,-0.082,1.020,-0.098,0.074,0.277,0.086,0.024,1.081,1.358,2,NULL,NULL,,3,0,2,7,255,1394,250,0,0
stim,212692,242813,0,242813,3440144.454,-0.673,-0.064,0.032,0.736,935,441,3006,1821,2897,2327,2681,2840,43,0.917,1,2250,1,30.216,0.074,-16.750,-12.625,-21.750,-0.129,-0.094,0.992,0.004,0.074,0.277,0.086,0.024,1.081,1.358,2,NULL,NULL,,3,0,2,7,255,1394,250,0,0
stim,212711,242832,0,242832,3440149.455,-0.674,-0.064,0.031,0.736,828,413,3025,1700,2903,2309,2699,2857,43,0.917,1,2250,1,27.424,0.074,-12.125,-13.500,-20.563,-0.125,-0.063,0.973,0.004,0.074,0.016,0.088,0.024,1.081,1.358,2,NULL,NULL,,3,0,2,7,255,1394,250,0,0
stim,212711,242832,0,242832,3440154.454,-0.674,-0.064,0.031,0.735,715,396,3020,1613,2906,2309,2709,2856,43,0.917,1,2250,1,26.344,0.177,-7.250,-14.250,-20.938,-0.113,-0.059,0.980,-0.160,0.074,-0.145,0.088,0.026,1.081,1.358,2,NULL,NULL,,3,0,2,7,255,1394,250,0,0
stim,212711,242832,0,242832,3440159.455,-0.675,-0.064,0.030,0.735,619,371,3025,1503,2916,2297,2717,2855,43,0.917,1,2250,1,23.862,0.220,-2.750,-15.125,-18.250,-0.109,-0.066,0.988,-0.176,0.133,-0.145,0.086,0.028,1.081,1.358,2,NULL,NULL,,3,0,2,7,255,1394,250,0,0
stim,212711,242832,0,242832,3440164.453,-0.675,-0.063,0.029,0.734,538,351,3028,1391,2921,2275,2727,2857,43,0.917,1,2250,1,24.632,0.263,-2.875,-15.563,-18.875,-0.121,-0.063,1.004,-0.227,0.133,-0.055,0.084,0.032,1.081,1.358,2,NULL,NULL,,3,0,2,7,255,1394,250,0,0
stim,212757,242878,0,242878,3440169.455,-0.676,-0.063,0.029,0.734,428,318,3043,1277,2931,2267,2743,2860,43,0.917,1,2250,1,24.944,0.240,-3.938,-15.750,-18.938,-0.109,-0.082,0.996,-0.176,0.164,0.039,0.080,0.038,1.081,1.358,2,NULL,NULL,,3,0,2,7,255,1394,250,0,0
stim,212757,242878,0,242878,3440174.454,-0.677,-0.062,0.028,0.733,360,295,3035,1193,2933,2259,2745,2868,43,0.917,1,2250,1,22.517,0.168,-2.938,-16.813,-14.688,-0.090,-0.094,0.996,-0.035,0.164,0.039,0.078,0.042,1.081,1.358,2,NULL,NULL,,3,0,2,7,255,1394,250,0,0
stim,212757,242878,0,242878,3440179.455,-0.677,-0.062,0.027,0.733,303,254,3051,1085,2940,2249,2769,2871,43,0.917,1,2250,1,20.759,0.317,-4.375,-17.250,-10.688,-0.094,-0.125,0.980,0.070,0.309,0.012,0.076,0.044,1.081,1.358,2,NULL,NULL,,3,0,2,7,255,1394,250,0,0
stim,212757,242878,0,242878,3440184.453,-0.677,-0.061,0.026,0.733,246,229,3052,979,2955,2233,2782,2885,43,0.917,1,2250,1,19.167,0.492,-1.688,-18.063,-6.188,-0.094,-0.148,0.965,0.383,0.309,-0.098,0.074,0.048,1.081,1.358,2,NULL,NULL,,3,0,2,7,255,1394,250,0,0
stim,212757,242878,0,242878,3440189.455,-0.677,-0.061,0.026,0.733,159,201,3050,871,2967,2226,2791,2887,43,0.917,1,2250,1,19.700,0.482,2.875,-19.125,-3.750,-0.117,-0.105,0.992,0.383,0.293,-0.098,0.072,0.052,1.081,1.358,2,NULL,NULL,,3,0,2,7,255,1394,250,0,0
stim,212757,242878,0,242878,3440194.454,-0.677,-0.060,0.025,0.733,110,187,3065,757,2964,2205,2805,2890,43,0.917,1,2250,1,21.060,0.205,4.938,-20.000,-4.375,-0.121,-0.063,1.012,0.203,0.027,0.012,0.070,0.056,1.081,1.358,2,NULL,NULL,,3,0,2,7,255,1394,250,0,0
stim,212757,242878,0,242878,3440199.455,-0.677,-0.059,0.025,0.733,78,143,3063,649,2971,2193,2807,2891,43,0.917,1,2250,1,22.545,0.238,6.563,-21.313,-3.313,-0.117,-0.039,1.039,-0.238,0.008,0.188,0.066,0.062,1.081,1.358,2,NULL,NULL,,3,0,2,7,255,1394,250,0,0
stim,212757,242878,0,242878,3440204.453,-0.678,-0.058,0.025,0.733,58,117,3063,540,2973,2171,2813,2891,43,0.917,1,2250,1,23.403,0.486,5.938,-22.438,-3.000,-0.121,-0.031,1.055,-0.484,-0.035,0.426,0.064,0.066,1.081,1.358,2,NULL,NULL,,3,0,2,7,255,1394,250,0,0
stim,212757,242878,0,242878,3440209.455,-0.678,-0.057,0.024,0.733,40,89,3067,434,2987,2141,2825,2895,43,0.917,1,2250,1,24.906,0.565,6.063,-24.125,-1.250,-0.129,-0.027,1.066,-0.563,-0.055,0.582,0.060,0.072,1.081,1.358,2,NULL,NULL,,3,0,2,7,255,1394,250,0,0
stim,212757,242878,0,242878,3440214.454,-0.678,-0.056,0.024,0.733,31,75,3087,327,2989,2122,2841,2913,43,0.917,1,2250,1,25.985,0.598,5.125,-25.375,-2.250,-0.137,-0.027,1.074,-0.582,-0.137,0.719,0.058,0.076,1.081,1.358,2,NULL,NULL,,3,0,2,7,255,1394,250,0,0
stim,212789,242910,0,242910,3440219.455,-0.678,-0.055,0.023,0.733,22,62,3081,279,2985,2105,2843,2902,43,0.917,1,2250,1,28.248,0.631,6.500,-27.250,-3.625,-0.141,-0.023,1.090,-0.594,-0.215,0.785,0.056,0.080,1.081,1.358,2,NULL,NULL,,3,0,2,7,255,1394,250,0,0
stim,212789,242910,0,242910,3440224.454,-0.678,-0.054,0.022,0.733,19,59,3083,223,3003,2087,2855,2909,43,0.917,1,2250,1,30.682,0.659,7.938,-29.313,-4.375,-0.148,-0.031,1.145,-0.594,-0.285,0.934,0.052,0.084,1.081,1.358,2,NULL,NULL,,3,0,2,7,255,1394,250,0,0
stim,212789,242910,0,242910,3440229.455,-0.678,-0.052,0.022,0.733,14,41,3094,203,3000,2059,2861,2904,43,0.917,1,2250,1,35.329,0.687,11.250,-33.250,4.000,-0.156,-0.004,1.238,-0.621,-0.293,1.492,0.050,0.088,1.081,1.358,2,NULL,NULL,,3,0,2,7,255,1394,250,0,0
stim,212789,242910,0,242910,3440234.453,-0.678,-0.051,0.021,0.733,9,37,3093,182,3003,2026,2863,2907,43,0.917,1,2250,1,36.408,0.690,-8.813,-34.813,6.000,-0.129,-0.027,1.191,-0.625,-0.293,1.922,0.048,0.092,1.081,1.358,2,NULL,NULL,,3,0,2,7,255,1394,250,0,0
stim,212789,242910,0,242910,3440239.455,-0.677,-0.051,0.019,0.734,0,17,3094,164,3014,2003,2873,2907,43,0.917,1,2250,1,40.687,0.706,-16.563,-36.250,8.188,-0.168,-0.090,1.086,-0.625,-0.328,1.922,0.046,0.096,1.081,1.358,2,NULL,NULL,,3,0,2,7,255,1394,250,0,0
stim,212789,242910,0,242910,3440244.454,-0.677,-0.050,0.018,0.734,0,12,3101,159,3013,1979,2891,2921,43,0.917,1,2250,0,42.098,0.603,-10.063,-39.875,9.000,-0.188,-0.137,1.035,0.082,-0.598,0.973,0.044,0.100,1.081,1.358,3,NULL,NULL,,3,0,2,7,255,1394,250,0,0
stim,212818,242939,0,242939,3440249.455,-0.677,-0.049,0.016,0.734,0,4,3097,139,3017,1943,2891,2909,43,0.917,1,2250,0,41.717,0.834,-4.000,-41.438,2.688,-0.145,-0.148,1.000,0.582,-0.598,0.531,0.040,0.102,1.081,1.358,3,NULL,NULL,,3,0,2,7,255,1394,250,0,0
stim,212818,242939,0,242939,3440254.453,-0.677,-0.047,0.015,0.734,0,3,3104,105,3029,1901,2905,2911,43,0.917,1,2250,0,43.309,0.833,3.063,-43.188,1.063,-0.129,-0.148,0.996,0.672,-0.492,0.152,0.038,0.106,1.081,1.358,3,NULL,NULL,,3,0,2,7,255,1394,250,0,0
stim,212818,242939,0,242939,3440259.455,-0.677,-0.046,0.014,0.735,0,0,3109,85,3033,1863,2908,2915,43,0.917,1,2250,0,46.350,0.764,9.125,-45.250,4.188,-0.109,-0.137,1.059,0.672,-0.363,0.152,0.036,0.110,1.081,1.358,3,NULL,NULL,,3,0,2,7,255,1394,250,0,0
stim,212818,242939,0,242939,3440264.454,-0.676,-0.044,0.013,0.735,0,0,3103,69,3029,1807,2911,2915,43,0.917,1,2250,0,48.291,0.534,7.250,-46.750,9.688,-0.094,-0.129,1.094,0.504,-0.176,0.668,0.034,0.112,1.081,1.358,3,NULL,NULL,,3,0,2,7,255,1394,250,0,0
stim,212857,242978,0,242978,3440269.455,-0.676,-0.042,0.012,0.736,0,0,3103,45,3043,1767,2925,2921,43,0.917,1,2250,0,50.512,0.439,3.688,-48.375,14.063,-0.117,-0.113,1.086,0.402,-0.176,0.949,0.032,0.116,1.081,1.358,3,NULL,NULL,,3,0,2,7,255,1394,250,0,0
stim,212857,242978,0,242978,3440274.454,-0.675,-0.041,0.010,0.736,0,0,3103,16,3046,1693,2933,2923,43,0.917,1,2250,0,52.734,0.423,3.125,-50.250,15.688,-0.121,-0.090,1.078,0.289,-0.309,0.949,0.032,0.118,1.081,1.358,3,NULL,NULL,,3,0,2,7,255,1394,250,0,0
stim,212857,242978,0,242978,3440279.457,-0.675,-0.039,0.009,0.737,0,0,3100,0,3045,1637,2949,2925,43,0.917,1,2250,0,54.428,0.455,4.500,-52.250,14.563,-0.133,-0.070,1.066,0.070,-0.449,0.852,0.032,0.122,1.081,1.358,3,NULL,NULL,,3,0,2,7,255,1394,250,0,0
stim,212857,242978,0,242978,3440284.453,-0.675,-0.037,0.008,0.737,0,0,3097,0,3045,1587,2937,2912,43,0.917,1,2250,0,56.513,0.643,9.000,-54.500,11.938,-0.129,-0.055,1.063,-0.090,-0.637,0.715,0.032,0.126,1.081,1.358,3,NULL,NULL,,3,0,2,7,255,1394,250,0,0
stim,212857,242978,0,242978,3440289.455,-0.674,-0.035,0.007,0.738,0,0,3103,0,3039,1509,2948,2909,43,0.917,1,2250,0,58.751,0.676,12.063,-56.750,9.250,-0.121,-0.051,1.078,-0.227,-0.637,0.715,0.036,0.130,1.081,1.358,3,NULL,NULL,,3,0,2,7,255,1394,250,0,0
stim,212857,242978,0,242978,3440294.454,-0.674,-0.033,0.005,0.738,0,0,3101,0,3049,1417,2957,2923,43,0.917,1,2250,0,60.638,0.654,12.875,-58.688,8.188,-0.078,-0.055,1.094,-0.266,-0.598,0.797,0.040,0.134,1.081,1.358,3,NULL,NULL,,3,0,2,7,255,1394,250,0,0
stim,212877,242998,1,242998,3440299.455,-0.674,-0.030,0.004,0.738,0,0,3096,0,3059,1324,2957,2919,43,0.917,1,2250,0,62.850,0.434,11.875,-60.625,11.563,-0.082,-0.051,1.094,-0.266,-0.344,0.941,0.044,0.140,1.081,1.358,3,NULL,NULL,,3,1,2,7,255,1394,250,0,0
stim,212877,242998,1,242998,3440304.453,-0.673,-0.028,0.003,0.739,0,0,3083,0,3059,1254,2952,2905,43,0.917,1,2250,0,64.138,0.352,10.938,-62.000,12.250,-0.047,-0.094,1.070,-0.266,-0.230,0.941,0.050,0.146,1.081,1.358,3,NULL,NULL,,3,1,2,7,255,1394,250,0,0
stim,212877,242998,1,242998,3440309.455,-0.672,-0.026,0.001,0.740,0,0,3079,0,3051,1183,2957,2904,43,0.917,1,2250,0,68.114,0.143,11.813,-63.813,20.688,-0.016,-0.098,1.055,0.141,-0.023,0.727,0.056,0.152,1.081,1.358,3,NULL,NULL,,3,1,2,7,255,1394,250,0,0
stim,212877,242998,1,242998,3440314.453,-0.671,-0.023,-0.000,0.741,0,0,3067,0,3052,1052,2963,2899,43,0.917,1,2250,0,72.416,0.143,13.813,-65.313,28.063,-0.035,-0.070,1.074,0.141,-0.023,0.727,0.062,0.160,1.081,1.358,3,NULL,NULL,,3,1,2,7,255,1394,250,0,0
stim,212877,242998,1,242998,3440319.455,-0.670,-0.021,-0.002,0.742,0,0,3062,0,3053,979,2966,2891,43,0.917,1,2250,0,76.558,0.072,12.875,-67.500,33.750,-0.051,-0.059,1.105,-0.063,-0.035,0.742,0.068,0.168,1.081,1.358,3,NULL,NULL,,3,1,2,7,255,1394,250,0,0
stim,212877,242998,1,242998,3440324.454,-0.669,-0.018,-0.003,0.743,0,0,3053,0,3052,885,2969,2879,43,0.917,1,2250,0,77.595,0.295,7.813,-69.000,34.625,-0.078,-0.008,1.125,-0.180,-0.234,1.039,0.072,0.176,1.081,1.358,3,NULL,NULL,,3,1,2,7,255,1394,250,0,0
stim,212877,242998,1,242998,3440329.455,-0.668,-0.016,-0.005,0.744,0,0,3047,0,3054,775,2973,2877,43,0.917,1,2250,0,76.899,0.876,-0.625,-70.563,30.563,-0.082,0.063,1.109,-0.629,-0.609,1.039,0.078,0.186,1.081,1.358,3,NULL,NULL,,3,1,2,7,255,1394,250,0,0
stim,212877,242998,1,242998,3440334.453,-0.667,-0.014,-0.007,0.745,0,0,3037,0,3053,690,2975,2869,43,0.917,1,2250,0,77.229,1.443,-2.188,-72.688,26.000,-0.055,0.098,1.070,-1.293,-0.641,1.012,0.084,0.196,1.081,1.358,3,NULL,NULL,,3,1,2,7,255,1394,250,0,0
stim,212913,243034,1,243034,3440339.455,-0.666,-0.011,-0.009,0.746,0,0,3026,0,3053,649,2979,2857,43,0.917,1,2250,0,79.308,1.443,1.438,-75.125,25.375,-0.020,0.063,1.066,-1.293,-0.641,0.590,0.094,0.212,1.081,1.358,3,NULL,NULL,,3,1,2,7,255,1394,250,0,0
stim,212913,243034,1,243034,3440344.454,-0.665,-0.008,-0.011,0.747,0,0,3015,0,3051,588,2981,2845,43,0.917,1,2250,0,82.894,1.336,4.500,-77.313,29.563,-0.004,0.000,1.094,-1.293,-0.336,0.590,0.104,0.228,1.081,1.358,3,NULL,NULL,,3,1,2,7,255,1394,250,0,0
stim,212913,243034,1,243034,3440349.455,-0.664,-0.006,-0.013,0.748,0,0,2997,0,3055,487,2985,2839,43,0.917,1,2250,0,87.144,0.928,0.563,-79.188,36.375,0.012,0.020,1.113,-0.906,-0.199,0.895,0.118,0.246,1.081,1.358,3,NULL,NULL,,3,1,2,7,255,1394,250,0,0
stim,212913,243034,1,243034,3440354.453,-0.662,-0.003,-0.016,0.749,0,0,2981,0,3053,431,2984,2827,43,0.917,1,2250,0,90.117,0.750,-5.500,-80.813,39.500,-0.020,-0.063,1.105,-0.723,-0.199,1.051,0.132,0.266,1.081,1.358,3,NULL,NULL,,3,1,2,7,255,1394,250,0,0
stim,212913,243034,1,243034,3440359.455,-0.661,-0.001,-0.018,0.750,0,0,2966,0,3051,317,2988,2808,43,0.917,1,2250,0,94.529,0.409,-7.750,-82.938,44.688,-0.070,-0.098,1.113,-0.074,-0.402,1.070,0.150,0.290,1.081,1.358,3,NULL,NULL,,3,1,2,7,255,1394,250,0,0
stim,212913,243034,1,243034,3440364.453,-0.659,0.001,-0.021,0.752,0,0,2941,0,3051,243,2990,2793,43,0.917,1,2250,0,93.155,0.933,-11.063,-84.188,38.313,-0.059,-0.035,1.113,-0.074,-0.930,1.086,0.168,0.312,1.081,1.358,3,NULL,NULL,,3,1,2,7,255,1394,250,0,0
stim,212959,243080,1,243080,3440369.455,-0.658,0.004,-0.024,0.753,0,0,2931,0,3048,201,2990,2779,43,0.917,1,2250,0,95.253,1.000,-13.000,-87.250,35.938,-0.086,-0.074,1.105,0.121,-0.992,1.086,0.192,0.340,1.081,1.358,3,NULL,NULL,,3,1,2,7,255,1394,250,0,0
stim,212959,243080,1,243080,3440374.454,-0.657,0.006,-0.027,0.754,0,0,2915,0,3047,139,2995,2764,43,0.917,1,2250,0,95.090,1.033,-9.688,-88.250,34.063,-0.008,0.012,1.141,-0.289,-0.992,1.086,0.218,0.370,1.081,1.358,3,NULL,NULL,,3,1,2,7,255,1394,250,0,0
stim,212959,243080,1,243080,3440379.457,-0.655,0.008,-0.030,0.755,0,0,2893,0,3039,94,2997,2741,43,0.917,1,2250,0,99.926,1.264,-15.313,-91.063,38.188,-0.094,-0.086,1.172,0.121,-1.258,1.328,0.244,0.400,1.081,1.358,3,NULL,NULL,,3,1,2,7,255,1394,250,0,0
stim,212959,243080,1,243080,3440384.453,-0.654,0.011,-0.033,0.756,0,0,2871,0,3035,52,2996,2718,43,0.917,1,2250,0,101.448,1.622,-14.438,-93.813,35.813,-0.074,-0.012,1.223,-0.547,-1.527,1.625,0.278,0.436,1.081,1.358,3,NULL,NULL,,3,1,2,7,255,1394,250,0,0
stim,212959,243080,1,243080,3440389.455,-0.652,0.013,-0.036,0.757,0,0,2843,0,3032,33,2997,2693,43,0.917,1,2250,0,107.938,1.601,-26.813,-97.813,36.938,-0.090,-0.035,1.285,-0.367,-1.559,2.105,0.314,0.474,1.081,1.358,3,NULL,NULL,,3,1,2,7,255,1394,250,0,0
stim,212959,243080,1,243080,3440394.454,-0.651,0.015,-0.040,0.758,0,0,2811,0,3030,3,2995,2661,43,0.917,1,2250,0,113.204,1.880,-39.688,-100.313,34.313,-0.102,-0.051,1.258,-0.367,-1.844,2.395,0.352,0.512,1.081,1.358,3,NULL,NULL,,3,1,2,7,255,1394,250,0,0
stim,212959,243080,1,243080,3440399.455,-0.650,0.017,-0.044,0.759,0,0,2779,0,3019,1,2997,2623,43,0.917,1,2250,0,115.355,2.017,-36.625,-105.438,29.125,-0.164,-0.035,1.223,-0.262,-2.000,2.395,0.392,0.554,1.081,1.358,3,NULL,NULL,,3,1,2,7,255,1394,250,0,0
stim,212959,243080,1,243080,3440404.454,-0.649,0.020,-0.048,0.759,0,0,2749,0,3017,0,2997,2585,43,0.917,1,2250,0,117.233,2.706,-37.563,-109.875,16.125,-0.164,-0.047,1.195,-0.191,-2.699,1.977,0.436,0.598,1.081,1.358,3,NULL,NULL,,3,1,2,7,255,1394,250,0,0
stim,212959,243080,1,243080,3440409.455,-0.649,0.022,-0.053,0.759,0,0,2717,0,3007,0,2991,2532,43,0.917,1,2250,0,117.319,2.702,-36.250,-111.563,1.875,-0.148,-0.070,1.203,-0.125,-2.699,1.773,0.484,0.648,1.081,1.358,3,NULL,NULL,,3,1,2,7,255,1394,250,0,0
stim,212959,243080,1,243080,3440414.453,-0.649,0.025,-0.056,0.759,0,0,2677,0,2998,0,2991,2479,43,0.917,1,2250,0,118.688,2.743,-25.313,-115.563,-9.563,-0.129,-0.117,1.348,0.051,-2.742,1.773,0.542,0.708,1.081,1.358,3,NULL,NULL,,3,1,2,7,255,1394,250,0,0
stim,212991,243112,1,243112,3440419.455,-0.649,0.028,-0.061,0.758,0,0,2621,0,2987,0,2989,2413,43,0.917,1,2250,0,125.294,2.767,-25.313,-121.938,-13.750,-0.203,-0.141,1.375,0.367,-2.742,3.223,0.606,0.772,1.081,1.358,3,NULL,NULL,,3,1,2,7,255,1394,250,0,0
stim,212991,243112,1,243112,3440424.454,-0.649,0.031,-0.065,0.757,0,0,2579,0,2979,0,2987,2343,43,0.917,1,2250,0,133.424,3.453,-35.375,-126.438,-23.750,-0.168,-0.125,1.375,0.461,-3.422,3.383,0.674,0.838,1.081,1.358,3,NULL,NULL,,3,1,2,7,255,1394,250,0,0
stim,212991,243112,1,243112,3440429.455,-0.650,0.035,-0.070,0.756,0,0,2519,0,2965,0,2981,2247,43,0.917,1,2250,0,142.079,3.639,-38.313,-132.313,-34.813,-0.168,-0.063,1.414,0.461,-3.609,3.398,0.742,0.910,1.081,1.358,3,NULL,NULL,,3,1,2,7,255,1394,250,0,0
stim,212991,243112,1,243112,3440434.453,-0.650,0.038,-0.075,0.755,0,0,2469,0,2949,0,2971,2165,43,0.917,1,2250,0,151.204,3.658,-41.875,-140.500,-37.000,-0.133,-0.047,1.465,-0.203,-3.652,3.652,0.810,0.978,1.081,1.358,3,NULL,NULL,,3,1,2,7,255,1394,250,0,0
stim,212991,243112,1,243112,3440439.455,-0.651,0.041,-0.081,0.754,0,0,2419,0,2933,0,2967,2077,43,0.917,1,2250,0,159.705,3.731,-46.688,-149.938,-29.063,-0.129,-0.055,1.461,-0.422,-3.707,4.078,0.872,1.042,1.081,1.358,3,NULL,NULL,,3,1,2,7,255,1394,250,0,0
stim,212991,243112,1,243112,3440444.453,-0.651,0.045,-0.087,0.753,0,0,2355,0,2915,0,2955,1964,43,0.917,1,2250,0,170.218,3.825,-52.500,-158.875,-31.250,-0.191,0.035,1.453,-0.461,-3.797,4.078,0.924,1.096,1.081,1.358,3,NULL,NULL,,3,1,2,7,255,1394,250,0,0
stim,213011,243132,1,243132,3440449.455,-0.652,0.050,-0.093,0.751,0,0,2278,0,2898,0,2941,1837,43,0.917,1,2250,0,180.622,4.731,-44.688,-170.000,-41.563,-0.207,-0.004,1.324,-0.770,-4.668,3.734,0.972,1.146,1.081,1.358,3,NULL,NULL,,3,1,2,7,255,1394,250,0,0
stim,213011,243132,1,243132,3440454.454,-0.652,0.055,-0.100,0.749,0,0,2203,0,2876,0,2927,1719,43,0.917,1,2250,0,194.656,4.822,-45.875,-182.750,-48.875,-0.109,0.129,1.547,-1.211,-4.668,3.734,1.018,1.194,1.081,1.358,3,NULL,NULL,,3,1,2,7,255,1394,250,0,0
stim,213011,243132,1,243132,3440459.455,-0.653,0.059,-0.107,0.748,0,0,2125,0,2856,0,2909,1640,43,0.917,1,2250,0,205.671,5.104,-66.250,-190.750,-39.063,0.031,0.082,1.449,-2.090,-4.656,3.891,1.064,1.242,1.081,1.358,3,NULL,NULL,,3,1,2,7,255,1394,250,0,0
stim,213011,243132,1,243132,3440464.453,-0.652,0.064,-0.115,0.747,0,0,2031,0,2841,0,2877,1555,43,0.917,1,2250,0,214.597,3.874,-71.500,-202.063,-10.500,0.047,0.070,1.316,-2.090,-3.262,3.891,1.118,1.298,1.081,1.358,3,NULL,NULL,,3,1,2,7,255,1394,250,0,0
stim,213059,243180,1,243180,3440469.455,-0.651,0.069,-0.122,0.746,0,0,1947,0,2813,0,2851,1464,43,0.917,1,2250,0,220.924,3.874,-53.063,-214.375,5.938,-0.117,0.129,1.352,-2.090,-3.262,2.629,1.178,1.360,1.081,1.358,3,NULL,NULL,,3,1,2,7,255,1394,250,0,0
stim,213059,243180,1,243180,3440474.454,-0.650,0.075,-0.130,0.745,0,0,1853,0,2791,0,2810,1413,43,0.917,1,2250,0,229.486,5.490,-45.875,-224.813,-4.313,-0.211,0.227,1.586,-2.336,-4.969,2.629,1.248,1.432,1.081,1.358,3,NULL,NULL,,3,1,2,7,255,1394,250,0,0
stim,213059,243180,1,243180,3440479.457,-0.648,0.082,-0.138,0.744,0,0,1753,0,2769,0,2767,1353,43,0.917,1,2250,0,240.331,5.490,-36.188,-237.563,-3.688,0.035,-0.016,1.422,-2.336,-4.969,3.469,1.322,1.504,1.081,1.358,3,NULL,NULL,,3,1,2,7,255,1394,250,0,0
stim,213059,243180,1,243180,3440484.453,-0.646,0.089,-0.146,0.744,0,0,1682,0,2731,0,2713,1288,43,0.917,1,2250,0,249.761,6.942,-12.938,-248.375,22.875,-0.027,0.227,1.680,-3.367,-6.070,4.121,1.394,1.580,1.081,1.358,3,NULL,NULL,,3,1,2,7,255,1394,250,0,0
stim,213059,243180,1,243180,3440489.455,-0.644,0.096,-0.154,0.743,0,0,1582,0,2683,0,2637,1237,43,0.917,1,2250,0,259.590,7.084,-37.375,-256.563,12.875,-0.168,0.492,2.035,-3.652,-6.070,5.273,1.470,1.656,1.081,1.358,3,NULL,NULL,,3,1,2,7,255,1394,250,0,0
stim,213059,243180,1,243180,3440494.453,-0.642,0.103,-0.164,0.742,0,0,1487,0,2645,0,2554,1160,43,0.917,1,2250,0,271.458,11.011,-66.000,-263.125,-9.938,-0.125,0.438,2.145,-5.973,-9.250,7.523,1.546,1.730,1.081,1.358,3,NULL,NULL,,3,1,2,7,255,1394,250,0,0
stim,213059,243180,1,243180,3440499.455,-0.641,0.110,-0.174,0.740,0,0,1373,0,2588,0,2471,1065,43,0.917,1,2250,0,279.245,11.304,-73.000,-269.313,-10.938,-0.109,0.367,2.188,-5.973,-9.598,8.504,1.618,1.804,1.081,1.358,3,NULL,NULL,,3,1,2,7,255,1394,250,0,0
stim,213059,243180,1,243180,3440504.454,-0.639,0.116,-0.185,0.738,0,0,1216,0,2489,0,2345,987,43,0.917,1,2250,0,294.769,11.453,-94.750,-279.063,-5.938,-0.176,0.387,2.176,-5.563,-10.012,8.504,1.686,1.872,1.081,1.358,3,NULL,NULL,,3,1,2,7,255,1394,250,0,0
stim,213060,243182,1,243182,3440509.455,-0.637,0.122,-0.197,0.735,0,0,1115,0,2408,0,2219,933,43,0.917,1,2250,0,314.408,11.601,-126.813,-287.563,-8.875,-0.121,0.340,2.012,-5.426,-10.254,8.145,1.744,1.932,1.081,1.358,3,NULL,NULL,,3,1,2,7,255,1394,250,0,0
stim,213060,243182,1,243182,3440514.453,-0.635,0.127,-0.209,0.732,0,0,969,0,2295,0,2053,853,43,0.917,1,2250,0,329.731,11.493,-143.063,-296.813,-12.563,-0.043,0.230,1.727,-5.191,-10.254,6.652,1.800,1.988,1.081,1.358,3,NULL,NULL,,3,1,2,7,255,1394,250,0,0
stim,213087,243208,1,243208,3440519.457,-0.633,0.133,-0.222,0.730,0,0,807,0,2143,0,1831,795,43,0.917,1,2250,0,335.813,9.513,-134.813,-307.563,-1.063,0.047,0.086,1.453,-4.105,-8.582,4.418,1.854,2.042,1.081,1.358,3,NULL,NULL,,3,1,2,7,255,1394,250,0,0
stim,213087,243208,1,243208,3440524.455,-0.630,0.140,-0.235,0.727,0,0,629,0,1995,0,1583,711,43,0.917,1,2250,0,336.784,7.297,-103.250,-320.250,14.250,0.102,-0.023,1.332,-2.664,-6.793,2.504,1.900,2.088,1.081,1.358,3,NULL,NULL,,3,1,2,7,255,1394,250,0,0
stim,213087,243208,1,243208,3440529.454,-0.626,0.149,-0.246,0.725,0,0,467,0,1811,0,1275,587,43,0.917,1,2250,0,337.856,6.624,-58.313,-332.313,17.750,0.113,-0.105,1.379,-1.625,-6.422,2.180,1.934,2.124,1.081,1.358,3,NULL,NULL,,3,1,2,7,255,1394,250,0,0
stim,213087,243208,1,243208,3440534.455,-0.621,0.159,-0.256,0.724,0,0,293,0,1575,0,875,493,43,0.917,1,2250,0,340.789,6.541,-27.500,-339.313,15.750,0.262,-0.008,1.500,-1.625,-6.336,2.180,1.950,2.140,1.081,1.358,3,NULL,NULL,,3,1,2,7,255,1394,250,0,0
stim,213087,243208,1,243208,3440539.454,-0.617,0.169,-0.265,0.722,0,0,247,0,1363,0,465,434,43,0.917,1,2250,0,341.547,6.801,-0.688,-341.375,10.813,0.379,0.129,1.766,-2.238,-6.422,3.566,1.946,2.138,1.081,1.358,3,NULL,NULL,,3,1,2,7,255,1394,250,0,0
stim,213087,243208,1,243208,3440544.455,-0.611,0.180,-0.275,0.720,0,0,203,0,1107,0,215,355,43,0.917,1,2250,0,347.166,8.446,3.938,-346.188,25.750,0.324,0.270,2.012,-3.973,-7.453,5.844,1.936,2.128,1.081,1.358,3,NULL,NULL,,3,1,2,7,255,1394,250,0,0
stim,213123,243244,0,243244,3440549.454,-0.605,0.189,-0.285,0.719,0,0,140,0,807,0,11,313,43,0.917,1,2250,0,355.763,11.340,-24.938,-350.688,54.438,0.168,0.328,2.141,-5.383,-9.980,6.488,1.922,2.114,1.081,1.358,3,NULL,NULL,,3,0,2,7,255,1392,250,0,0
stim,213123,243244,0,243244,3440554.455,-0.599,0.197,-0.298,0.717,0,0,101,0,475,0,0,273,43,0.917,1,2250,0,363.773,13.777,-80.938,-345.500,80.063,-0.016,0.406,2.023,-5.742,-12.523,6.488,1.906,2.100,1.081,1.358,3,NULL,NULL,,3,0,2,7,255,1392,250,0,0
stim,213123,243244,0,243244,3440559.454,-0.592,0.202,-0.311,0.715,0,0,91,0,280,0,0,181,43,0.917,1,2250,0,376.473,14.958,-129.750,-340.313,95.313,-0.258,0.523,1.742,-6.016,-13.695,3.906,1.892,2.086,1.081,1.358,3,NULL,NULL,,3,0,2,7,255,1392,250,0,0
stim,213123,243244,0,243244,3440564.455,-0.585,0.208,-0.326,0.713,0,0,70,0,31,0,0,125,43,0.917,1,2250,0,384.246,15.427,-149.375,-341.125,94.688,-0.461,0.621,1.551,-6.387,-14.043,-0.371,1.882,2.076,1.081,1.358,4,NULL,NULL,,3,0,2,7,255,1392,250,0,0
stim,213178,243299,0,243299,3440569.454,-0.579,0.213,-0.339,0.710,0,0,73,0,0,0,0,75,43,0.917,1,2250,0,363.923,15.427,-129.188,-330.938,78.938,-0.719,0.672,0.855,-6.387,-14.043,-3.781,1.876,2.074,1.081,1.358,0,NULL,NULL,,3,0,2,7,255,1392,250,0,0
stim,213178,243299,0,243299,3440574.455,-0.574,0.221,-0.351,0.706,0,0,76,0,0,0,0,44,43,0.917,1,2250,0,362.638,15.735,-104.375,-346.688,20.500,-0.387,0.539,1.590,-6.129,-14.492,-3.805,1.876,2.076,1.081,1.358,0,NULL,NULL,,3,0,2,7,255,1392,250,0,0
stim,213178,243299,0,243299,3440579.454,-0.569,0.225,-0.366,0.702,0,0,77,0,0,0,0,18,43,0.917,1,2250,0,383.605,14.641,-197.563,-324.438,53.500,0.004,0.418,1.719,-6.129,-13.297,-3.805,1.884,2.084,1.081,1.358,0,NULL,NULL,,3,0,2,7,255,1392,250,0,0
stim,213178,243299,0,243299,3440584.455,-0.563,0.225,-0.383,0.697,0,0,72,0,0,0,0,23,43,0.917,1,2250,0,439.656,14.686,-286.188,-311.750,119.188,-0.223,0.766,1.406,-6.234,-13.297,-3.805,1.900,2.102,1.081,1.358,0,NULL,NULL,,3,0,2,7,255,1392,250,0,0
stim,213178,243299,0,243299,3440589.454,-0.556,0.223,-0.402,0.692,0,0,75,0,0,0,0,11,43,0.917,1,2250,0,464.843,14.553,-330.875,-292.750,144.563,-0.734,0.828,0.898,-7.211,-12.641,-5.465,1.920,2.126,1.081,1.358,0,NULL,NULL,,3,0,2,7,255,1392,250,0,0
stim,213178,243299,0,243299,3440594.455,-0.552,0.221,-0.419,0.686,0,0,75,0,0,0,0,9,43,0.917,1,2250,0,431.589,13.730,-330.813,-259.000,98.750,-0.793,0.758,0.488,-7.211,-11.684,-12.883,1.948,2.156,1.081,1.358,0,NULL,NULL,,3,0,2,7,255,1392,250,0,0
stim,213178,243299,0,243299,3440599.454,-0.550,0.221,-0.433,0.679,0,0,77,0,0,0,0,41,43,0.917,1,2250,0,370.475,10.261,-289.250,-231.438,4.750,-0.516,0.207,0.383,-5.684,-8.543,-12.883,1.988,2.196,1.081,1.358,0,NULL,NULL,,3,0,2,7,255,1392,250,0,0
stim,213178,243299,0,243299,3440604.455,-0.549,0.222,-0.444,0.672,0,0,79,0,0,0,0,52,43,0.917,1,2250,0,304.739,6.086,-228.250,-196.688,-45.625,-0.195,-0.266,0.504,-1.227,-5.961,-12.539,2.032,2.242,1.081,1.358,0,NULL,NULL,,3,0,2,7,255,1392,250,0,0
stim,213178,243299,0,243299,3440609.453,-0.549,0.222,-0.454,0.666,0,0,79,0,0,0,0,99,43,0.917,1,2250,0,268.433,5.474,-210.000,-163.875,-33.188,0.094,-0.258,0.695,0.375,-5.461,-7.906,2.082,2.296,1.081,1.358,0,NULL,NULL,,3,0,2,7,255,1392,250,0,0
stim,213178,243299,0,243299,3440614.455,-0.549,0.220,-0.464,0.660,0,0,82,0,0,0,0,103,43,0.917,1,2250,0,266.501,5.334,-238.438,-118.938,4.938,0.199,0.008,0.410,0.375,-5.320,-6.438,2.138,2.354,1.081,1.358,0,NULL,NULL,,3,0,2,7,255,1392,250,0,0
stim,213179,243300,0,243300,3440619.454,-0.549,0.216,-0.473,0.655,0,0,73,0,0,0,0,101,43,0.917,1,2250,0,248.991,3.037,-237.500,-71.938,20.375,-0.008,0.258,-0.227,-1.746,-2.484,-6.438,2.194,2.412,1.081,1.358,0,NULL,NULL,,3,0,2,7,255,1392,250,0,0
stim,213179,243300,0,243300,3440624.455,-0.549,0.212,-0.479,0.651,0,0,75,0,0,0,0,101,43,0.917,1,2250,0,180.748,2.661,-178.375,-23.688,17.063,0.023,0.176,-0.750,-1.746,2.008,-11.871,2.250,2.470,1.081,1.358,0,NULL,NULL,,3,0,2,7,255,1392,250,0,0
stim,213180,243301,0,243301,3440629.454,-0.550,0.209,-0.481,0.651,0,0,77,0,0,0,0,104,43,0.917,1,2250,0,85.574,6.496,-79.250,17.313,27.250,0.086,0.035,-0.824,0.313,6.488,-12.840,2.304,2.526,1.081,1.358,0,NULL,NULL,,3,0,2,7,255,1392,250,0,0
stim,213180,243301,0,243301,3440634.455,-0.550,0.206,-0.479,0.652,0,0,72,0,0,0,0,98,43,0.917,1,2250,0,69.246,6.692,12.000,52.000,44.125,0.020,-0.105,-0.586,1.641,6.488,-12.840,2.352,2.576,1.081,1.358,0,NULL,NULL,,3,0,2,7,255,1392,250,0,0
stim,213206,243327,0,243327,3440639.454,-0.549,0.205,-0.476,0.656,0,0,59,0,0,0,0,88,43,0.917,1,2250,0,115.328,5.103,64.688,79.375,53.063,-0.117,-0.004,-0.168,1.641,4.832,-11.785,2.396,2.622,1.081,1.358,0,NULL,NULL,,3,0,2,7,255,1392,250,0,0
stim,213206,243327,0,243327,3440644.455,-0.549,0.202,-0.472,0.660,0,0,52,0,0,0,0,81,43,0.917,1,2250,0,145.201,1.050,79.750,105.000,60.813,-0.145,0.043,0.059,0.754,0.730,-11.453,2.432,2.660,1.081,1.358,0,NULL,NULL,,3,0,2,7,255,1392,250,0,0
stim,213206,243327,0,243327,3440649.454,-0.549,0.199,-0.467,0.664,0,0,47,0,0,0,0,77,43,0.917,1,2250,0,172.237,1.286,91.625,123.313,77.875,-0.215,0.016,0.063,0.266,-1.258,-11.219,2.462,2.692,1.081,1.358,0,NULL,NULL,,3,0,2,7,255,1392,250,0,0
stim,213206,243327,0,243327,3440654.455,-0.548,0.196,-0.461,0.670,0,0,41,0,0,0,0,70,43,0.917,1,2250,0,199.755,1.697,115.938,138.500,85.313,-0.336,0.070,0.078,0.137,-1.691,-11.219,2.490,2.722,1.081,1.358,0,NULL,NULL,,3,0,2,7,255,1392,250,0,0
stim,213206,243327,0,243327,3440659.454,-0.548,0.194,-0.453,0.676,0,0,35,0,0,0,0,64,43,0.917,1,2250,0,224.543,2.488,139.875,154.063,84.375,-0.434,0.156,0.164,0.137,-2.484,-12.234,2.508,2.742,1.081,1.358,0,NULL,NULL,,3,0,2,7,255,1392,250,0,0
stim,213206,243327,0,243327,3440664.455,-0.548,0.191,-0.445,0.682,0,0,31,0,0,0,0,61,43,0.917,1,2250,0,245.744,3.721,158.938,171.438,75.750,-0.496,0.047,0.293,0.137,-3.719,-12.234,2.528,2.762,1.081,1.358,0,NULL,NULL,,3,0,2,7,255,1392,250,0,0
stim,213260,243381,0,243381,3440669.454,-0.548,0.188,-0.436,0.688,0,0,25,0,0,0,0,59,43,0.917,1,2250,0,262.215,5.200,169.438,187.500,69.938,-0.539,0.055,0.508,-0.070,-5.199,-12.168,2.544,2.780,1.081,1.358,0,NULL,NULL,,3,0,2,7,255,1392,250,0,0
stim,213260,243381,0,243381,3440674.455,-0.549,0.185,-0.427,0.695,0,0,29,0,0,0,0,57,43,0.917,1,2250,0,273.428,7.207,169.063,203.875,67.938,-0.613,0.063,0.590,-0.066,-7.207,-11.246,2.562,2.800,1.081,1.358,0,NULL,NULL,,3,0,2,7,255,1392,250,0,0
stim,213260,243381,0,243381,3440679.454,-0.550,0.181,-0.417,0.701,0,0,26,0,0,0,0,52,43,0.917,1,2250,0,279.615,8.297,169.125,217.625,47.125,-0.777,0.113,0.758,-0.070,-8.297,-11.246,2.580,2.818,1.081,1.358,0,NULL,NULL,,3,0,2,7,255,1392,250,0,0
stim,213260,243381,0,243381,3440684.455,-0.553,0.178,-0.406,0.705,0,0,25,0,0,0,0,53,43,0.917,1,2250,0,279.076,10.654,159.250,228.500,17.625,-0.770,0.184,0.996,-0.332,-10.648,-11.230,2.598,2.838,1.081,1.358,0,NULL,NULL,,3,0,2,7,255,1392,250,0,0
stim,213260,243381,0,243381,3440689.453,-0.556,0.174,-0.396,0.709,0,0,26,0,0,0,0,55,43,0.917,1,2250,0,271.071,12.522,131.750,236.875,-3.375,-0.707,0.195,1.109,-1.488,-12.434,-9.984,2.620,2.860,1.081,1.358,0,NULL,NULL,,3,0,2,7,255,1392,250,0,0
stim,213260,243381,0,243381,3440694.455,-0.561,0.169,-0.387,0.712,0,0,27,0,0,0,0,53,43,0.917,1,2250,0,265.444,13.043,103.563,243.563,-20.313,-0.598,0.113,1.246,-1.988,-12.891,-8.648,2.644,2.886,1.081,1.358,0,NULL,NULL,,3,0,2,7,255,1392,250,0,0
stim,213260,243381,0,243381,3440699.454,-0.565,0.164,-0.379,0.714,0,0,23,0,0,0,0,56,43,0.917,1,2250,0,254.092,13.043,61.563,245.625,-21.000,-0.535,0.039,1.184,-1.988,-12.891,-6.453,2.670,2.914,1.081,1.358,0,NULL,NULL,,3,0,2,7,255,1392,250,0,0
stim,213260,243381,0,243381,3440704.455,-0.570,0.158,-0.371,0.715,0,0,24,0,0,0,0,93,43,0.917,1,2250,0,254.213,12.189,31.188,249.000,-40.625,-0.586,0.066,1.109,-1.426,-12.105,-6.453,2.700,2.946,1.081,1.358,0,NULL,NULL,,3,0,2,7,255,1392,250,0,0
stim,213260,243381,0,243381,3440709.453,-0.577,0.151,-0.364,0.715,0,0,14,0,0,0,0,105,43,0.917,1,2250,0,259.536,11.958,12.125,250.875,-65.375,-0.461,-0.043,0.883,-1.406,-11.875,-6.566,2.732,2.978,1.081,1.358,0,NULL,NULL,,3,0,2,7,255,1392,250,0,0
stim,213260,243381,0,243381,3440714.455,-0.583,0.145,-0.357,0.715,0,0,6,0,0,0,0,111,43,0.917,1,2250,0,270.627,9.296,12.500,257.563,-82.125,-0.289,-0.074,0.781,-0.445,-9.285,-6.566,2.764,3.010,1.081,1.358,0,NULL,NULL,,3,0,2,7,255,1392,250,0,0
stim,213288,243409,0,243409,3440719.454,-0.590,0.139,-0.349,0.715,0,0,0,0,0,0,0,117,43,0.917,1,2250,0,273.501,7.322,14.313,262.875,-74.125,-0.199,-0.082,0.691,-0.445,-7.309,-6.004,2.794,3.042,1.081,1.358,0,NULL,NULL,,3,0,2,7,255,1392,250,0,0
stim,213288,243409,0,243409,3440724.455,-0.597,0.132,-0.341,0.714,0,0,0,0,0,0,0,120,43,0.917,1,2250,0,283.550,5.994,18.813,271.563,-79.375,-0.223,-0.047,0.629,-0.457,-5.977,-6.004,2.822,3.070,1.081,1.358,0,NULL,NULL,,3,0,2,7,255,1392,250,0,0
stim,213288,243409,0,243409,3440729.454,-0.603,0.126,-0.333,0.714,0,0,0,0,0,0,0,118,43,0.917,1,2250,0,289.854,5.715,28.500,277.563,-78.500,-0.223,-0.023,0.578,-0.633,-5.680,-6.484,2.846,3.096,1.081,1.358,0,NULL,NULL,,3,0,2,7,255,1392,250,0,0
stim,213288,243409,0,243409,3440734.455,-0.610,0.119,-0.323,0.713,0,0,0,0,0,0,0,135,43,0.917,1,2250,0,301.960,5.331,44.063,284.188,-92.063,-0.168,-0.102,0.523,-0.633,-5.293,-6.547,2.864,3.116,1.081,1.358,0,NULL,NULL,,3,0,2,7,255,1392,250,0,0
stim,213288,243409,0,243409,3440739.454,-0.617,0.114,-0.313,0.713,0,0,0,0,0,0,0,139,43,0.917,1,2250,0,308.013,4.459,66.250,289.500,-81.688,-0.082,-0.102,0.547,-0.344,-4.445,-6.547,2.876,3.130,1.081,1.358,0,NULL,NULL,,3,0,2,7,255,1392,250,0,0
stim,213288,243409,0,243409,3440744.455,-0.623,0.108,-0.302,0.713,0,0,0,0,0,0,0,141,43,0.917,1,2250,0,315.202,3.842,81.813,292.563,-84.063,-0.039,-0.117,0.570,-0.332,-3.828,-5.797,2.886,3.140,1.081,1.358,0,NULL,NULL,,3,0,2,7,255,1392,250,0,0
stim,213312,243433,0,243433,3440749.454,-0.629,0.103,-0.291,0.714,0,0,0,0,0,0,0,141,43,0.917,1,2250,0,321.664,3.529,104.938,295.750,-70.625,0.047,-0.090,0.617,-0.344,-3.512,-5.285,2.888,3.144,1.081,1.358,0,NULL,NULL,,3,0,2,7,255,1392,250,0,0
stim,213312,243433,0,243433,3440754.455,-0.634,0.098,-0.278,0.715,0,0,0,0,0,0,0,144,43,0.917,1,2250,0,326.504,3.615,121.188,296.813,-61.813,0.031,0.051,0.766,-0.859,-3.512,-4.469,2.890,3.148,1.081,1.358,0,NULL,NULL,,3,0,2,7,255,1392,250,0,0
stim,213312,243433,0,243433,3440759.454,-0.639,0.093,-0.266,0.716,0,0,0,0,0,0,0,143,43,0.917,1,2250,0,329.709,4.469,127.688,298.813,-55.813,0.016,0.059,0.840,-2.449,-3.738,-3.676,2.892,3.148,1.081,1.358,0,NULL,NULL,,3,0,2,7,255,1392,250,0,0
stim,213312,243433,0,243433,3440764.455,-0.644,0.088,-0.253,0.717,0,0,0,0,0,0,0,148,43,0.917,1,2250,0,334.652,4.674,135.625,301.625,-51.188,0.035,-0.027,0.906,-2.449,-3.980,-3.043,2.890,3.148,1.081,1.358,0,NULL,NULL,,3,0,2,7,255,1392,250,0,0
stim,213358,243479,0,243479,3440769.454,-0.648,0.083,-0.240,0.718,0,0,0,0,0,0,0,154,43,0.917,1,2250,0,339.427,4.497,145.375,304.563,-36.313,0.027,-0.016,0.945,-2.055,-4.000,-2.063,2.888,3.146,1.081,1.358,0,NULL,NULL,,3,0,2,7,255,1392,250,0,0
stim,213358,243479,0,243479,3440774.455,-0.652,0.078,-0.226,0.720,0,0,0,0,0,0,0,157,43,0.917,1,2250,0,346.679,4.497,155.000,308.250,-33.813,-0.047,0.078,1.023,-2.055,-4.000,-1.656,2.884,3.144,1.081,1.358,0,NULL,NULL,,3,0,2,7,255,1392,250,0,0
stim,213358,243479,0,243479,3440779.454,-0.656,0.074,-0.212,0.721,0,0,0,0,0,0,0,157,43,0.917,1,2250,0,352.718,5.610,165.125,309.750,-34.625,-0.094,0.055,1.234,-2.902,-4.801,-1.371,2.880,3.140,1.081,1.358,0,NULL,NULL,,3,0,2,7,255,1392,250,0,0
stim,213358,243479,0,243479,3440784.455,-0.660,0.069,-0.198,0.722,0,0,0,0,0,0,0,165,43,0.917,1,2250,0,352.524,6.320,156.375,313.313,-40.688,-0.051,0.105,1.363,-2.926,-5.602,0.520,2.872,3.134,1.081,1.358,0,NULL,NULL,,3,0,2,7,255,1392,250,0,0
stim,213358,243479,0,243479,3440789.453,-0.663,0.064,-0.184,0.723,0,0,0,0,0,0,0,165,43,0.917,1,2250,0,345.940,6.320,145.688,312.250,-30.813,-0.016,0.035,1.387,-2.926,-5.602,1.883,2.864,3.126,1.081,1.358,0,NULL,NULL,,3,0,2,7,255,1392,250,0,0
stim,213358,243479,0,243479,3440794.455,-0.666,0.058,-0.171,0.724,0,0,0,0,0,0,0,160,43,0.917,1,2250,0,340.863,6.638,139.250,309.938,-27.125,-0.129,0.109,1.504,-3.563,-5.602,2.523,2.850,3.112,1.081,1.358,0,NULL,NULL,,3,0,2,7,255,1392,250,0,0
stim,213358,243479,0,243479,3440799.454,-0.670,0.052,-0.158,0.724,0,0,0,0,0,0,0,164,43,0.917,1,2250,0,335.380,6.566,124.875,307.875,-45.813,-0.094,0.121,1.551,-3.563,-5.516,3.277,2.832,3.096,1.081,1.358,0,NULL,NULL,,3,0,2,7,255,1392,250,0,0
stim,213358,243479,0,243479,3440804.455,-0.673,0.047,-0.145,0.723,0,0,0,0,0,0,0,157,43,0.917,1,2250,0,324.785,6.566,110.500,302.688,-40.688,0.008,0.023,1.504,-3.563,-5.516,3.980,2.812,3.076,1.081,1.358,0,NULL,NULL,,3,0,2,7,255,1392,250,0,0
stim,213358,243479,0,243479,3440809.453,-0.676,0.040,-0.133,0.723,0,0,0,0,0,0,0,159,43,0.917,1,2250,0,317.057,4.819,102.875,297.750,-35.875,-0.004,0.016,1.465,-2.652,-4.023,3.980,2.786,3.052,1.081,1.358,0,NULL,NULL,,3,0,2,7,255,1392,250,0,0
stim,213358,243479,0,243479,3440814.455,-0.679,0.035,-0.121,0.723,0,0,0,0,0,0,0,167,43,0.917,1,2250,0,313.405,4.390,103.813,292.688,-42.188,-0.008,0.000,1.480,-2.418,-3.664,4.145,2.756,3.022,1.081,1.358,0,NULL,NULL,,3,0,2,7,255,1392,250,0,0
stim,213387,243508,0,243508,3440819.454,-0.682,0.029,-0.109,0.722,0,0,0,0,0,0,0,167,43,0.917,1,2250,0,306.867,4.013,96.625,288.313,-41.313,0.039,-0.004,1.492,-2.184,-3.367,4.145,2.724,2.988,1.081,1.358,0,NULL,NULL,,3,0,2,7,255,1392,250,0,0
stim,213387,243508,0,243508,3440824.455,-0.685,0.023,-0.098,0.722,0,0,1,0,0,0,0,169,43,0.917,1,2250,0,300.754,3.322,89.188,285.000,-35.688,0.094,0.000,1.414,-2.109,-2.566,4.145,2.686,2.950,1.081,1.358,0,NULL,NULL,,3,0,2,7,255,1392,250,0,0
stim,213387,243508,0,243508,3440829.454,-0.687,0.017,-0.086,0.721,0,0,1,0,0,0,0,169,43,0.917,1,2250,0,297.800,2.544,90.375,282.125,-30.375,0.102,0.012,1.430,-2.008,-1.563,4.082,2.644,2.908,1.081,1.358,0,NULL,NULL,,3,0,2,7,255,1392,250,0,0
stim,213387,243508,0,243508,3440834.455,-0.689,0.011,-0.075,0.721,0,0,0,0,0,0,0,167,43,0.917,1,2250,0,294.976,2.340,94.125,278.188,-27.625,0.047,0.016,1.383,-1.961,-1.277,3.859,2.600,2.864,1.081,1.358,0,NULL,NULL,,3,0,2,7,255,1392,250,0,0
stim,213387,243508,0,243508,3440839.454,-0.691,0.005,-0.063,0.720,0,0,0,0,0,0,0,168,43,0.917,1,2250,0,295.110,2.309,100.563,275.875,-29.500,0.047,0.055,1.414,-2.008,-1.141,3.887,2.554,2.818,1.081,1.358,0,NULL,NULL,,3,0,2,7,255,1392,250,0,0
stim,213387,243508,0,243508,3440844.455,-0.693,0.000,-0.052,0.719,0,0,0,0,0,0,0,170,43,0.917,1,2250,0,293.074,2.137,99.938,273.688,-31.625,0.066,0.035,1.445,-1.895,-0.988,3.887,2.502,2.766,1.081,1.358,0,NULL,NULL,,3,0,2,7,255,1392,250,0,0
stim,213424,243545,0,243545,3440849.454,-0.695,-0.005,-0.040,0.718,0,0,0,0,0,0,0,175,43,0.917,1,2250,0,291.125,1.955,108.250,269.688,-17.438,0.117,-0.023,1.398,-1.895,-0.484,3.887,2.450,2.714,1.081,1.358,0,NULL,NULL,,3,0,2,7,255,1392,250,0,0
stim,213424,243545,0,243545,3440854.455,-0.696,-0.010,-0.028,0.718,0,0,3,0,0,0,0,183,43,0.917,1,2250,0,291.493,1.955,117.250,266.750,-8.063,-0.004,0.066,1.473,-1.895,-0.484,4.270,2.396,2.660,1.081,1.358,0,NULL,NULL,,3,0,2,7,255,1392,250,0,0
stim,213424,243545,0,243545,3440859.454,-0.697,-0.014,-0.016,0.717,0,0,1,0,0,0,0,183,43,0.917,1,2250,0,289.118,1.992,118.375,263.438,-13.313,-0.055,0.133,1.539,-1.926,-0.508,4.520,2.340,2.604,1.081,1.358,0,NULL,NULL,,3,0,2,7,255,1392,250,0,0
stim,213424,243545,0,243545,3440864.455,-0.698,-0.018,-0.004,0.716,0,0,0,0,0,0,0,182,43,0.917,1,2250,0,285.452,1.992,119.750,258.375,-19.625,-0.016,0.086,1.508,-1.926,-0.508,4.887,2.280,2.544,1.081,1.358,0,NULL,NULL,,3,0,2,7,255,1392,250,0,0
stim,213454,243575,0,243575,3440869.454,-0.698,-0.022,0.007,0.715,0,0,1,0,0,0,0,181,43,0.917,1,2250,0,285.556,1.869,129.313,254.438,-9.063,0.023,0.035,1.594,-1.867,0.070,5.152,2.220,2.484,1.081,1.358,0,NULL,NULL,,3,0,2,7,255,1392,250,0,0
stim,213454,243575,0,243575,3440874.455,-0.699,-0.026,0.019,0.715,0,0,0,0,0,0,0,182,43,0.917,1,2250,0,280.771,1.575,125.938,250.938,-1.563,-0.047,0.074,1.668,-1.496,0.492,5.730,2.158,2.424,1.081,1.358,0,NULL,NULL,,3,0,2,7,255,1392,250,0,0
stim,213454,243575,0,243575,3440879.454,-0.699,-0.030,0.030,0.714,0,0,0,0,0,0,0,175,43,0.917,1,2250,0,276.796,1.701,124.500,247.188,-3.750,-0.047,0.129,1.668,-1.496,0.809,6.473,2.096,2.360,1.081,1.358,0,NULL,NULL,,3,0,2,7,255,1392,250,0,0
stim,213454,243575,0,243575,3440884.455,-0.699,-0.033,0.042,0.713,0,0,0,0,0,0,0,173,43,0.917,1,2250,0,274.027,1.777,128.063,242.250,-2.375,-0.016,0.117,1.672,-1.566,0.840,6.473,2.032,2.296,1.081,1.358,0,NULL,NULL,,3,0,2,7,255,1392,250,0,0
stim,213454,243575,0,243575,3440889.454,-0.699,-0.037,0.053,0.712,0,0,0,0,0,0,0,173,43,0.917,1,2250,0,271.999,2.177,128.688,239.625,1.625,0.047,0.098,1.727,-1.566,1.512,6.477,1.964,2.230,1.081,1.358,0,NULL,NULL,,3,0,2,7,255,1392,250,0,0
stim,213454,243575,0,243575,3440894.455,-0.698,-0.040,0.064,0.712,0,0,0,0,0,0,0,166,43,0.917,1,2250,0,270.409,2.808,129.625,236.938,13.375,0.086,0.086,1.746,-1.199,2.539,6.926,1.894,2.162,1.081,1.358,0,NULL,NULL,,3,0,2,7,255,1392,250,0,0
stim,213476,243597,0,243597,3440899.453,-0.697,-0.043,0.075,0.711,0,0,0,0,0,0,0,167,43,0.917,1,2250,0,269.688,3.512,129.500,235.813,18.813,0.066,0.148,1.813,-1.199,3.301,7.008,1.824,2.092,1.081,1.358,0,NULL,NULL,,3,0,2,7,255,1392,250,0,0
stim,213476,243597,0,243597,3440904.455,-0.696,-0.046,0.086,0.711,0,0,0,0,0,0,0,167,43,0.917,1,2250,0,268.814,3.666,128.000,235.438,21.125,0.129,0.133,1.828,-1.012,3.523,7.582,1.748,2.018,1.081,1.358,0,NULL,NULL,,3,0,2,7,255,1392,250,0,0
stim,213476,243597,0,243597,3440909.453,-0.695,-0.050,0.098,0.711,0,0,3,0,0,0,0,166,43,0.917,1,2250,0,269.355,4.628,126.688,236.063,27.875,0.164,0.121,1.852,-1.012,4.516,7.613,1.672,1.944,1.081,1.358,0,NULL,NULL,,3,0,2,7,255,1392,250,0,0
stim,213476,243597,0,243597,3440914.455,-0.694,-0.053,0.109,0.710,0,0,6,0,0,0,0,165,43,0.917,1,2250,0,269.572,5.316,126.438,235.938,31.875,0.164,0.121,1.840,-0.703,5.270,7.582,1.594,1.866,1.081,1.358,0,NULL,NULL,,3,0,2,7,255,1392,250,0,0
stim,213476,243597,0,243597,3440919.454,-0.692,-0.056,0.120,0.710,0,0,3,0,0,0,0,171,43,0.917,1,2250,0,269.898,5.618,126.563,235.938,34.063,0.227,0.113,1.867,-0.523,5.594,7.438,1.510,1.784,1.081,1.358,0,NULL,NULL,,3,0,2,7,255,1392,250,0,0
stim,213476,243597,0,243597,3440924.455,-0.690,-0.060,0.131,0.709,0,0,2,0,0,0,0,168,43,0.917,1,2250,0,268.305,6.635,125.125,234.000,39.688,0.273,0.117,1.863,-0.285,6.629,7.414,1.426,1.700,1.081,1.358,0,NULL,NULL,,3,0,2,7,255,1392,250,0,0
stim,213476,243597,0,243597,3440929.454,-0.688,-0.063,0.142,0.709,0,0,5,0,0,0,0,172,43,0.917,1,2250,0,266.633,7.389,125.188,231.375,43.438,0.293,0.102,1.871,-0.164,7.387,7.109,1.338,1.614,1.081,1.358,0,NULL,NULL,,3,0,2,7,255,1392,250,0,0
stim,213476,243597,0,243597,3440934.455,-0.685,-0.066,0.153,0.709,0,0,3,0,0,0,0,173,43,0.917,1,2250,0,263.322,7.939,123.438,227.188,49.875,0.348,0.047,1.883,0.156,7.938,6.973,1.252,1.528,1.081,1.358,0,NULL,NULL,,3,0,2,7,255,1392,250,0,0
stim,213506,243627,0,243627,3440939.454,-0.682,-0.069,0.163,0.709,0,0,0,0,0,0,0,173,43,0.917,1,2250,0,259.794,8.891,119.813,221.563,63.625,0.375,0.027,1.891,0.840,8.852,6.707,1.162,1.440,1.081,1.358,0,NULL,NULL,,3,0,2,7,255,1392,250,0,0
stim,213506,243627,0,243627,3440944.455,-0.679,-0.072,0.174,0.710,0,0,3,0,0,0,0,173,43,0.917,1,2250,0,255.642,9.121,117.438,215.313,72.125,0.301,0.055,1.887,1.102,9.055,6.496,1.074,1.352,1.081,1.358,0,NULL,NULL,,3,0,2,7,255,1392,250,0,0
stim,213506,243627,0,243627,3440949.454,-0.676,-0.074,0.184,0.710,0,0,5,0,0,0,0,171,43,0.917,1,2250,0,246.653,9.128,116.375,208.688,61.188,0.215,0.063,1.855,1.152,9.055,6.453,0.984,1.262,1.081,1.358,0,NULL,NULL,,3,0,2,7,255,1392,250,0,0
stim,213506,243627,0,243627,3440954.455,-0.673,-0.077,0.193,0.709,0,0,1,0,0,0,0,173,43,0.917,1,2250,0,241.998,9.132,118.125,204.500,52.813,0.391,-0.082,1.863,1.184,9.055,6.371,0.894,1.172,1.081,1.358,0,NULL,NULL,,3,0,2,7,255,1392,250,0,0
stim,213506,243627,0,243627,3440959.454,-0.670,-0.079,0.203,0.710,0,0,2,0,0,0,0,173,43,0.917,1,2250,0,240.018,10.740,113.750,199.750,69.063,0.484,-0.137,1.855,2.578,10.426,5.434,0.804,1.084,1.081,1.358,0,NULL,NULL,,3,0,2,7,255,1392,250,0,0
stim,213506,243627,0,243627,3440964.455,-0.666,-0.082,0.212,0.710,0,0,3,0,0,0,0,171,43,0.917,1,2250,0,237.794,10.740,108.813,195.125,81.438,0.352,-0.055,1.801,2.578,10.426,4.691,0.714,0.996,1.081,1.358,0,NULL,NULL,,3,0,2,7,255,1392,250,0,0
stim,213560,243681,0,243681,3440969.454,-0.663,-0.084,0.222,0.710,0,0,4,0,0,0,0,191,43,0.917,1,2250,0,230.759,10.728,110.063,191.500,66.813,0.316,-0.094,1.695,2.859,10.340,4.660,0.628,0.908,1.081,1.358,0,NULL,NULL,,3,0,2,7,255,1392,250,0,0
stim,213560,243681,0,243681,3440974.455,-0.660,-0.086,0.231,0.710,0,0,7,0,0,0,0,204,43,0.917,1,2250,0,227.977,10.728,118.188,185.688,59.375,0.441,-0.176,1.633,2.859,10.340,3.566,0.542,0.822,1.081,1.358,0,NULL,NULL,,3,0,2,7,255,1392,250,0,0
stim,213560,243681,0,243681,3440979.454,-0.657,-0.087,0.240,0.709,0,0,3,0,0,0,0,213,43,0.917,1,2250,0,227.417,11.509,124.438,180.250,61.188,0.477,-0.195,1.625,3.547,10.949,2.164,0.458,0.738,1.081,1.358,0,NULL,NULL,,3,0,2,7,255,1392,250,0,0
stim,213560,243681,0,243681,3440984.455,-0.654,-0.088,0.249,0.709,0,0,7,0,0,0,0,233,43,0.917,1,2250,0,224.090,12.046,127.813,174.375,58.938,0.500,-0.191,1.621,3.770,11.441,1.711,0.380,0.656,1.081,1.358,0,NULL,NULL,,3,0,2,7,255,1392,250,0,0
stim,213560,243681,0,243681,3440989.454,-0.651,-0.089,0.259,0.708,0,0,3,0,0,0,0,247,43,0.917,1,2250,0,219.886,12.386,130.125,167.813,57.063,0.570,-0.234,1.570,3.824,11.781,1.352,0.304,0.576,1.081,1.358,0,NULL,NULL,,3,0,2,7,255,1392,250,0,0
stim,213560,243681,0,243681,3440994.455,-0.648,-0.090,0.268,0.708,0,0,4,0,0,0,0,251,43,0.917,1,2250,0,221.013,13.004,139.063,160.938,60.063,0.625,-0.277,1.512,4.137,12.328,0.270,0.240,0.502,1.081,1.358,0,NULL,NULL,,3,0,2,7,255,1392,250,0,0
stim,213560,243681,0,243681,3440999.453,-0.645,-0.090,0.277,0.707,0,0,5,0,0,0,0,276,43,0.917,1,2250,0,220.811,13.459,147.125,153.188,60.375,0.625,-0.281,1.500,4.469,12.695,-0.789,0.188,0.432,1.081,1.358,0,NULL,NULL,,3,0,2,7,255,1392,250,0,0
stim,213560,243681,0,243681,3441004.455,-0.642,-0.090,0.286,0.706,0,0,5,0,0,0,0,308,43,0.917,1,2250,0,215.302,13.522,149.563,145.750,52.375,0.645,-0.262,1.520,4.516,12.746,-1.133,0.152,0.362,1.081,1.358,0,NULL,NULL,,3,0,2,7,255,1392,250,0,0
stim,213560,243681,0,243681,3441009.454,-0.640,-0.089,0.294,0.704,0,0,6,0,0,0,0,329,43,0.917,1,2250,0,208.069,13.896,147.563,139.188,46.313,0.738,-0.316,1.488,4.574,13.121,-1.266,0.152,0.298,1.081,1.358,0,NULL,NULL,,3,0,2,7,255,1392,250,0,0
stim,213560,243681,0,243681,3441014.455,-0.637,-0.089,0.303,0.703,0,0,12,0,0,0,0,357,43,0.917,1,2250,0,203.119,14.738,147.000,132.125,46.813,0.781,-0.379,1.441,4.902,13.898,-2.348,0.172,0.238,1.081,1.358,0,NULL,NULL,,3,0,2,7,255,1392,250,0,0
stim,213584,243705,0,243705,3441019.454,-0.635,-0.088,0.311,0.702,0,0,9,0,0,0,0,389,43,0.917,1,2250,0,197.507,15.093,146.375,125.438,43.000,0.777,-0.414,1.438,5.422,14.086,-3.336,0.206,0.180,1.081,1.358,0,NULL,NULL,,3,0,2,7,255,1392,250,0,0
stim,213584,243705,0,243705,3441024.455,-0.633,-0.087,0.319,0.700,0,0,8,0,0,0,0,405,43,0.917,1,2250,0,189.799,15.277,144.125,118.563,34.563,0.816,-0.461,1.410,5.848,14.113,-3.691,0.254,0.128,1.081,1.358,0,NULL,NULL,,3,0,2,7,255,1392,250,0,0
stim,213584,243705,0,243705,3441029.454,-0.631,-0.086,0.326,0.699,0,0,9,0,0,0,0,423,43,0.917,1,2250,0,185.205,15.620,145.250,110.250,32.375,0.895,-0.480,1.387,6.203,14.336,-4.504,0.296,0.084,1.081,1.358,0,NULL,NULL,,3,0,2,7,255,1392,250,0,0
stim,213584,243705,0,243705,3441034.455,-0.629,-0.085,0.334,0.697,0,0,8,0,0,0,0,443,43,0.917,1,2250,0,179.483,16.166,144.813,100.625,33.438,0.914,-0.508,1.398,6.246,14.910,-5.387,0.336,0.054,1.081,1.358,0,NULL,NULL,,3,0,2,7,255,1392,250,0,0
stim,213605,243726,0,243726,3441039.454,-0.627,-0.083,0.341,0.695,0,0,9,0,0,0,0,448,43,0.917,1,2250,0,170.087,16.519,141.313,90.188,28.750,0.910,-0.539,1.406,6.578,15.152,-5.707,0.346,0.080,1.081,1.358,0,NULL,NULL,,3,0,2,7,255,1392,250,0,0
stim,213605,243726,0,243726,3441044.455,-0.626,-0.082,0.347,0.693,0,0,9,0,0,0,0,453,43,0.917,1,2250,0,155.701,16.742,132.563,79.563,18.438,0.941,-0.543,1.430,6.977,15.219,-5.941,0.354,0.122,1.081,1.358,0,NULL,NULL,,3,0,2,7,255,1392,250,0,0
stim,213605,243726,0,243726,3441049.454,-0.625,-0.081,0.352,0.691,0,0,10,0,0,0,0,459,43,0.917,1,2250,0,139.985,17.134,122.188,67.875,7.688,0.984,-0.563,1.445,7.109,15.590,-6.168,0.362,0.172,1.081,1.358,0,NULL,NULL,,3,0,2,7,255,1392,250,0,0
stim,213605,243726,0,243726,3441054.455,-0.625,-0.079,0.357,0.689,0,0,13,0,0,0,0,467,43,0.917,1,2250,0,124.355,17.622,111.438,55.188,-0.500,1.047,-0.598,1.473,7.316,16.031,-6.539,0.376,0.216,1.081,1.358,0,NULL,NULL,,3,0,2,7,255,1392,250,0,0
stim,213626,243747,0,243747,3441059.454,-0.625,-0.078,0.361,0.688,0,0,11,0,0,0,0,477,43,0.917,1,2250,0,105.970,18.344,96.938,42.125,-7.625,1.090,-0.609,1.508,7.695,16.652,-6.953,0.382,0.250,1.081,1.358,0,NULL,NULL,,3,0,2,7,255,1392,250,0,0
stim,213626,243747,0,243747,3441064.455,-0.625,-0.077,0.364,0.686,0,0,10,0,0,0,0,483,43,0.917,1,2250,0,86.388,18.846,80.438,28.438,-13.563,1.125,-0.574,1.531,7.695,17.203,-7.117,0.380,0.280,1.081,1.358,0,NULL,NULL,,3,0,2,7,255,1392,250,0,0
stim,213657,243778,0,243778,3441069.454,-0.626,-0.076,0.367,0.684,0,0,10,0,0,0,0,493,43,0.917,1,2250,0,68.111,19.176,63.313,15.188,-20.000,1.137,-0.508,1.551,7.672,17.574,-7.117,0.362,0.304,1.081,1.358,0,NULL,NULL,,3,0,2,7,255,1392,250,0,0
stim,213657,243778,0,243778,3441074.455,-0.627,-0.075,0.368,0.683,0,0,12,0,0,0,0,491,43,0.917,1,2250,0,51.648,19.187,44.438,1.938,-26.250,1.125,-0.438,1.582,7.180,17.793,-6.867,0.340,0.322,1.081,1.358,0,NULL,NULL,,3,0,2,7,255,1392,250,0,0
stim,213657,243778,0,243778,3441079.454,-0.628,-0.075,0.368,0.682,0,0,12,0,0,0,0,495,43,0.917,1,2250,0,40.098,19.025,22.125,-10.688,-31.688,1.098,-0.379,1.594,6.734,17.793,-6.375,0.318,0.330,1.081,1.358,0,NULL,NULL,,3,0,2,7,255,1392,250,0,0
stim,213657,243778,0,243778,3441084.455,-0.629,-0.075,0.367,0.681,0,0,13,0,0,0,0,501,43,0.917,1,2250,0,41.441,18.854,-2.188,-22.375,-34.813,1.066,-0.328,1.551,6.355,17.750,-5.934,0.304,0.314,1.081,1.358,0,NULL,NULL,,3,0,2,7,255,1392,250,0,0
stim,213657,243778,0,243778,3441089.454,-0.631,-0.075,0.366,0.680,0,0,17,0,0,0,0,505,43,0.917,1,2250,0,52.703,18.235,-23.625,-33.250,-33.375,1.023,-0.305,1.480,5.879,17.262,-5.934,0.296,0.282,1.081,1.358,0,NULL,NULL,,3,0,2,7,255,1392,250,0,0
stim,213657,243778,0,243778,3441094.455,-0.632,-0.075,0.363,0.680,0,0,13,0,0,0,0,503,43,0.917,1,2250,0,67.787,17.384,-40.875,-44.000,-31.438,0.918,-0.258,1.406,5.520,16.484,-5.848,0.294,0.242,1.081,1.358,0,NULL,NULL,,3,0,2,7,255,1392,250,0,0
stim,213657,243778,0,243778,3441099.453,-0.634,-0.075,0.360,0.680,0,0,9,0,0,0,0,502,43,0.917,1,2250,0,84.707,16.058,-54.063,-53.438,-37.375,0.836,-0.191,1.301,5.066,15.238,-5.660,0.298,0.196,1.081,1.358,0,NULL,NULL,,3,0,2,7,255,1392,250,0,0
stim,213657,243778,0,243778,3441104.455,-0.636,-0.076,0.356,0.680,0,0,9,0,0,0,0,495,43,0.917,1,2250,0,95.551,14.617,-58.813,-62.125,-42.563,0.805,-0.207,1.234,4.293,13.973,-5.660,0.296,0.164,1.081,1.358,0,NULL,NULL,,3,0,2,7,255,1392,250,0,0
stim,213657,243778,0,243778,3441109.454,-0.638,-0.076,0.352,0.680,0,0,7,0,0,0,0,499,43,0.917,1,2250,0,102.175,13.991,-61.688,-69.938,-41.750,0.773,-0.215,1.230,4.293,13.316,-5.715,0.292,0.142,1.081,1.358,0,NULL,NULL,,3,0,2,7,255,1392,250,0,0
stim,213657,243778,0,243778,3441114.455,-0.640,-0.076,0.348,0.681,0,0,7,0,0,0,0,493,43,0.917,1,2250,0,110.014,13.682,-68.125,-76.000,-41.063,0.719,-0.148,1.219,4.266,13.000,-5.715,0.284,0.134,1.081,1.358,0,NULL,NULL,,3,0,2,7,255,1392,250,0,0
stim,213688,243809,0,243809,3441119.454,-0.642,-0.076,0.343,0.681,0,0,7,0,0,0,0,493,43,0.917,1,2250,0,115.543,13.049,-72.000,-80.563,-40.938,0.688,-0.121,1.172,3.797,12.484,-5.160,0.282,0.130,1.081,1.358,0,NULL,NULL,,3,0,2,7,255,1392,250,0,0
stim,213688,243809,0,243809,3441124.455,-0.645,-0.076,0.339,0.681,0,0,13,0,0,0,0,554,43,0.917,1,2250,0,117.753,12.452,-71.438,-83.813,-41.688,0.641,-0.121,1.160,3.477,11.957,-5.113,0.282,0.128,1.081,1.358,0,NULL,NULL,,3,0,2,7,255,1392,250,0,0
stim,213688,243809,0,243809,3441129.454,-0.645,-0.071,0.337,0.683,264,0,7,552,0,17,0,597,43,0.917,1,2250,0,137.323,11.992,43.750,-118.438,54.000,-0.566,-0.828,2.273,3.477,11.477,-4.848,0.286,0.124,1.081,1.358,0,NULL,NULL,,3,0,2,7,255,1392,250,0,0
stim,213688,243809,0,243809,3441134.455,-0.632,-0.053,0.338,0.696,935,0,0,1191,0,138,0,594,43,0.917,1,2250,0,589.221,11.224,159.625,-204.438,529.063,-1.656,1.859,4.598,3.477,10.672,7.582,0.294,0.120,1.081,1.358,0,NULL,NULL,,3,0,2,7,255,1392,250,0,0
stim,213688,243809,0,243809,3441139.454,-0.619,-0.057,0.322,0.714,1435,0,0,1611,0,397,0,663,43,0.917,1,2250,0,624.746,7.386,-462.625,-92.438,409.563,-2.047,3.613,3.195,0.859,7.336,37.723,0.302,0.116,1.081,1.358,0,NULL,NULL,,3,0,2,7,255,1392,250,0,0
stim,213688,243809,0,243809,3441144.455,-0.617,-0.069,0.302,0.723,1822,0,0,1889,0,543,0,744,43,0.917,1,2251,0,578.583,11.773,-569.375,-85.063,57.750,-2.477,1.949,0.371,-11.613,-1.934,37.723,0.308,0.112,1.081,1.358,1,1578.000,186.000,,3,0,2,7,255,1392,250,0,0
stim,213734,243855,0,243855,3441149.454,-0.618,-0.078,0.287,0.728,2075,0,0,1992,0,651,0,825,43,0.917,1,2251,0,430.482,22.827,-420.063,-75.250,-56.563,-1.672,1.000,-0.945,-11.613,-19.652,10.910,0.316,0.110,1.081,1.358,1,NULL,NULL,,3,0,2,7,255,1392,250,0,0
stim,213734,243855,0,243855,3441154.455,-0.622,-0.081,0.279,0.728,2203,0,0,2085,0,745,0,863,43,0.917,1,2251,0,202.001,22.827,-158.500,-84.688,-92.250,-0.082,1.145,-0.609,-11.613,-19.652,-6.941,0.324,0.106,1.081,1.358,1,NULL,NULL,,3,0,2,7,255,1392,250,0,0
stim,213734,243855,0,243855,3441159.454,-0.622,-0.078,0.276,0.729,2311,0,0,2124,0,869,0,905,43,0.917,1,2251,0,100.535,9.043,-16.875,-97.563,17.438,0.484,0.879,1.051,-7.695,-4.750,-6.941,0.332,0.104,1.081,1.358,1,NULL,NULL,,3,0,2,7,255,1392,250,0,0
stim,213734,243855,0,243855,3441164.455,-0.618,-0.076,0.270,0.735,2445,0,0,2233,0,953,0,943,43,0.917,1,2251,0,221.812,10.249,-119.188,-110.938,150.625,-0.055,1.242,1.465,-8.844,5.180,-0.895,0.340,0.102,1.081,1.358,1,NULL,NULL,,3,0,2,7,255,1392,250,0,0
stim,213753,243874,0,243874,3441169.454,-0.614,-0.076,0.261,0.741,2587,0,0,2415,0,969,0,953,43,0.917,1,2251,0,273.129,8.932,-201.813,-115.000,143.688,-0.977,0.973,1.266,-7.277,5.180,6.004,0.346,0.098,1.081,1.358,1,NULL,NULL,,3,0,2,7,255,1392,250,0,0
stim,213753,243874,0,243874,3441174.455,-0.611,-0.078,0.249,0.747,2681,0,0,2572,0,895,0,969,43,0.917,1,2251,0,313.654,6.004,-267.625,-129.250,100.250,-1.602,-0.457,0.684,-4.754,-3.668,6.004,0.352,0.094,1.081,1.358,1,NULL,NULL,,3,0,2,7,255,1392,250,0,0
stim,213753,243874,0,243874,3441179.454,-0.610,-0.081,0.237,0.752,2759,0,0,2669,0,804,0,1013,43,0.917,1,2251,0,309.594,12.256,-276.125,-136.438,31.438,-1.191,-1.332,0.008,9.066,-8.246,1.551,0.360,0.088,1.081,1.358,2,NULL,NULL,,3,0,2,7,255,1392,250,0,0
stim,213753,243874,0,243874,3441184.455,-0.611,-0.080,0.228,0.754,2824,0,0,2759,0,735,0,1062,43,0.917,1,2251,0,202.486,15.247,-140.625,-145.688,0.563,-0.668,-1.238,-0.262,12.824,-8.246,-7.945,0.366,0.082,1.081,1.358,2,NULL,NULL,,3,0,2,7,255,1392,250,0,0
stim,213753,243874,0,243874,3441189.453,-0.613,-0.076,0.223,0.754,2875,0,0,2827,0,665,0,1093,43,0.917,1,2251,0,156.244,13.763,-20.438,-151.250,-33.438,-0.598,-0.215,0.801,12.824,-4.996,-7.945,0.374,0.074,1.081,1.358,2,NULL,NULL,,3,0,2,7,255,1392,250,0,0
stim,213753,243874,0,243874,3441194.455,-0.617,-0.072,0.220,0.752,2907,0,0,2897,0,631,0,1103,43,0.917,1,2251,0,159.822,4.631,12.625,-133.063,-87.625,0.102,-0.004,1.422,4.344,-1.605,-0.980,0.380,0.066,1.081,1.358,2,NULL,NULL,,3,0,2,7,255,1392,250,0,0
stim,213777,243898,0,243898,3441199.454,-0.620,-0.069,0.216,0.751,2933,0,0,2939,0,603,0,1109,43,0.917,1,2251,0,125.428,7.026,-18.000,-116.188,-43.688,0.516,-0.133,1.734,2.352,6.621,2.363,0.386,0.060,1.081,1.358,2,NULL,NULL,,3,0,2,7,255,1392,250,0,0
stim,213777,243898,0,243898,3441204.455,-0.620,-0.068,0.209,0.753,2951,0,0,2967,35,601,0,1103,43,0.917,1,2251,0,159.264,7.536,-111.375,-111.938,20.750,0.078,-0.168,1.621,2.352,7.160,3.418,0.394,0.052,1.081,1.358,2,NULL,NULL,,3,0,2,7,255,1392,250,0,0
stim,213777,243898,0,243898,3441209.454,-0.618,-0.069,0.201,0.757,2979,0,0,2997,109,613,0,1127,43,0.917,1,2251,0,221.809,7.909,-184.125,-110.688,55.188,-0.262,-0.352,0.883,3.359,7.160,3.418,0.398,0.046,1.081,1.358,2,NULL,NULL,,3,0,2,7,255,1392,250,0,0
stim,213777,243898,0,243898,3441214.455,-0.616,-0.069,0.192,0.761,2987,0,0,3035,235,636,0,1157,43,0.917,1,2251,0,217.026,5.054,-169.625,-117.063,68.000,-0.609,-0.500,0.344,4.824,1.508,-1.652,0.404,0.040,1.081,1.358,2,NULL,NULL,,3,0,2,7,255,1392,250,0,0
stim,213777,243898,0,243898,3441219.454,-0.616,-0.067,0.185,0.763,3003,0,0,3053,317,685,0,1207,43,0.917,1,2251,0,169.616,7.076,-110.500,-123.563,35.938,-0.805,-0.422,0.504,6.211,-3.391,-3.316,0.412,0.032,1.081,1.358,2,NULL,NULL,,3,0,2,7,255,1392,250,0,0
stim,213777,243898,0,243898,3441224.455,-0.617,-0.065,0.179,0.764,3017,0,0,3059,425,793,0,1260,43,0.917,1,2251,0,148.138,7.076,-70.250,-130.188,-7.813,-0.563,-0.203,0.758,6.211,-3.391,-3.316,0.418,0.024,1.081,1.358,2,NULL,NULL,,3,0,2,7,255,1392,250,0,0
stim,213777,243898,0,243898,3441229.454,-0.618,-0.062,0.174,0.764,3026,0,0,3081,553,855,0,1320,43,0.917,1,2251,0,140.114,4.380,-48.688,-129.813,-20.250,-0.172,-0.063,0.957,3.809,-2.164,-1.438,0.426,0.016,1.081,1.358,2,NULL,NULL,,3,0,2,7,255,1392,250,0,0
stim,213777,243898,0,243898,3441234.455,-0.619,-0.059,0.169,0.765,3032,0,0,3081,613,921,0,1380,43,0.917,1,2251,0,136.337,2.588,-50.375,-126.688,-0.563,-0.055,-0.102,1.113,1.969,1.680,-0.586,0.434,0.010,1.081,1.358,2,NULL,NULL,,3,0,2,7,255,1392,250,0,0
stim,213806,243927,0,243927,3441239.454,-0.619,-0.057,0.164,0.766,3043,0,0,3091,694,1043,0,1447,43,0.917,1,2251,0,137.966,3.693,-66.625,-120.125,12.875,-0.102,-0.254,1.168,1.969,3.125,0.441,0.438,0.008,1.081,1.358,2,NULL,NULL,,3,0,2,7,255,1392,250,0,0
stim,213806,243927,0,243927,3441244.455,-0.619,-0.055,0.158,0.768,3049,0,0,3101,786,1166,0,1495,43,0.917,1,2251,0,138.710,4.768,-78.875,-112.188,20.813,-0.027,-0.402,1.074,3.539,3.195,0.441,0.442,0.008,1.081,1.358,2,NULL,NULL,,3,0,2,7,255,1392,250,0,0
stim,213806,243927,0,243927,3441249.454,-0.618,-0.053,0.153,0.769,3051,0,0,3101,871,1277,0,1545,43,0.917,1,2251,0,130.405,5.562,-72.625,-104.875,27.063,-0.023,-0.375,1.047,4.316,3.508,-0.328,0.444,0.010,1.081,1.358,2,NULL,NULL,,3,0,2,7,255,1392,250,0,0
stim,213806,243927,0,243927,3441254.455,-0.618,-0.051,0.148,0.771,3053,0,0,3108,907,1405,0,1582,43,0.917,1,2251,0,122.367,5.562,-64.500,-99.063,31.625,-0.023,-0.246,0.980,4.316,3.508,-0.508,0.446,0.008,1.081,1.358,2,NULL,NULL,,3,0,2,7,255,1392,250,0,0
stim,213806,243927,0,243927,3441259.454,-0.617,-0.049,0.144,0.772,3055,0,0,3113,936,1497,0,1629,43,0.917,1,2251,0,115.187,4.237,-50.688,-95.750,39.125,-0.023,-0.066,0.945,3.023,2.969,-0.895,0.450,0.004,1.081,1.358,2,NULL,NULL,,3,0,2,7,255,1392,250,0,0
stim,213806,243927,0,243927,3441264.455,-0.615,-0.047,0.140,0.774,3061,0,0,3113,987,1589,0,1671,43,0.917,1,2251,0,111.136,2.736,-39.313,-92.750,46.938,-0.082,0.039,0.961,1.266,2.426,-0.895,0.000,0.000,1.081,1.358,2,NULL,NULL,,3,0,2,7,255,1392,250,0,0
stim,213860,243981,0,243981,3441269.454,-0.614,-0.045,0.137,0.776,3077,0,0,3114,1007,1685,0,1688,43,0.917,1,2251,0,105.954,1.680,-34.250,-89.188,45.813,-0.168,0.117,1.039,0.379,1.637,-0.520,0.000,0.000,1.081,1.358,2,NULL,NULL,,3,0,2,7,255,1392,250,0,0
stim,213860,243981,0,243981,3441274.455,-0.613,-0.042,0.133,0.777,3069,0,0,3133,1045,1769,0,1725,43,0.917,1,2251,0,98.570,0.802,-38.000,-83.250,36.625,-0.172,0.227,1.070,-0.121,0.793,0.516,0.000,0.000,1.081,1.358,2,NULL,NULL,,3,0,2,7,255,1392,250,0,0
stim,213860,243981,0,243981,3441279.454,-0.613,-0.040,0.130,0.778,3087,0,0,3131,1069,1836,0,1751,43,0.917,1,2251,0,92.387,1.256,-40.938,-79.250,24.063,-0.145,0.305,1.063,-1.137,0.535,0.938,0.000,0.000,1.081,1.358,2,NULL,NULL,,3,0,2,7,255,1392,250,0,0
stim,213860,243981,0,243981,3441284.455,-0.613,-0.039,0.126,0.779,3079,0,0,3128,1122,1918,0,1816,43,0.917,1,2251,0,86.169,2.033,-43.250,-73.375,13.063,-0.098,0.309,1.094,-1.961,0.535,0.984,0.000,0.000,1.081,1.358,2,NULL,NULL,,3,0,2,7,255,1392,250,0,0
stim,213860,243981,0,243981,3441289.453,-0.613,-0.038,0.123,0.780,3081,0,0,3143,1211,2011,0,1891,43,0.917,1,2251,0,84.913,2.265,-51.625,-67.188,5.563,-0.113,0.320,1.176,-2.098,0.855,1.148,0.000,0.000,1.081,1.358,2,NULL,NULL,,3,0,2,7,255,1392,250,0,0
stim,213860,243981,0,243981,3441294.455,-0.613,-0.037,0.119,0.780,3097,0,0,3145,1277,2069,25,1951,43,0.917,1,2251,0,81.863,2.284,-59.688,-54.375,-13.500,-0.031,0.289,1.402,-2.098,0.902,1.969,0.000,0.000,1.081,1.358,2,NULL,NULL,,3,0,2,7,255,1392,250,0,0
stim,213860,243981,0,243981,3441299.454,-0.614,-0.038,0.117,0.780,3103,0,0,3146,1343,2125,42,2019,43,0.917,1,2251,0,65.402,2.869,-50.313,-28.563,-30.500,0.211,0.211,1.219,-1.953,2.102,1.969,0.000,0.000,1.081,1.358,2,NULL,NULL,,3,0,2,7,255,1392,250,0,0
stim,213860,243981,0,243981,3441304.455,-0.615,-0.038,0.115,0.779,3101,0,0,3151,1403,2167,71,2063,43,0.917,1,2251,0,52.046,3.263,-40.188,-19.188,-26.938,0.164,0.699,1.238,-1.953,2.613,2.375,0.000,0.000,1.081,1.358,2,NULL,NULL,,3,0,2,7,255,1392,250,0,0
stim,213860,243981,0,243981,3441309.454,-0.616,-0.039,0.113,0.778,3099,0,0,3156,1419,2204,101,2089,43,0.917,1,2251,0,49.776,6.609,-36.500,-12.375,-31.500,0.129,0.664,1.348,-6.070,2.613,2.375,0.000,0.000,1.081,1.358,2,NULL,NULL,,3,0,2,7,255,1392,250,0,0
stim,213860,243981,0,243981,3441314.455,-0.617,-0.041,0.110,0.778,3101,0,0,3159,1451,2229,109,2105,43,0.917,1,2251,0,77.924,6.594,-76.313,-6.188,-14.500,-0.121,0.117,1.367,-6.070,2.574,3.457,0.000,0.000,1.081,1.358,2,NULL,NULL,,3,0,2,7,255,1392,250,0,0
stim,213883,244004,0,244004,3441319.454,-0.617,-0.044,0.107,0.778,3109,5,0,3167,1476,2253,125,2125,43,0.917,1,2251,0,109.353,1.488,-105.438,-2.688,-28.875,-0.301,0.094,0.961,-0.355,1.445,3.457,0.000,0.000,1.081,1.358,2,NULL,NULL,,3,0,2,7,255,1392,250,0,0
stim,213883,244004,0,244004,3441324.455,-0.619,-0.045,0.105,0.777,3103,37,0,3167,1491,2267,123,2151,43,0.917,1,2251,0,77.882,0.582,-59.063,-1.313,-50.750,-0.172,0.133,0.711,-0.355,-0.461,0.063,0.000,0.000,1.081,1.358,2,NULL,NULL,,3,0,2,7,255,1392,250,0,0
stim,213883,244004,0,244004,3441329.454,-0.621,-0.046,0.103,0.776,3118,52,0,3173,1525,2287,139,2159,43,0.917,1,2251,0,62.102,0.462,-24.750,-1.500,-56.938,-0.031,0.016,1.027,0.023,-0.461,0.063,0.000,0.000,1.081,1.358,2,NULL,NULL,,3,0,2,7,255,1392,250,0,0
stim,213883,244004,0,244004,3441334.455,-0.622,-0.047,0.102,0.775,3109,68,0,3187,1567,2308,141,2185,43,0.917,1,2251,0,58.447,1.904,-38.750,0.688,-43.750,-0.035,0.113,1.156,-0.750,1.750,0.105,0.000,0.000,1.081,1.358,2,NULL,NULL,,3,0,2,7,255,1392,250,0,0
stim,213903,244024,0,244024,3441339.454,-0.623,-0.049,0.100,0.774,3115,72,0,3187,1584,2325,142,2207,43,0.917,1,2251,0,59.052,1.750,-53.313,1.000,-25.375,-0.090,0.027,0.930,0.020,1.750,0.105,0.000,0.000,1.081,1.358,2,NULL,NULL,,3,0,2,7,255,1392,250,0,0
stim,213903,244024,0,244024,3441344.455,-0.624,-0.050,0.098,0.774,3119,88,0,3183,1612,2344,148,2221,43,0.917,1,2251,0,62.075,0.961,-56.563,1.938,-25.500,-0.301,-0.094,1.004,0.020,0.961,0.348,0.000,0.000,1.081,1.358,2,NULL,NULL,,3,0,2,7,255,1392,250,0,0
stim,213903,244024,0,244024,3441349.454,-0.625,-0.052,0.096,0.773,3111,94,1,3181,1651,2363,153,2250,43,0.917,1,2251,0,63.439,1.428,-49.688,-0.563,-39.438,-0.234,-0.094,0.785,1.352,-0.461,-0.703,0.000,0.000,1.081,1.358,2,NULL,NULL,,3,0,2,7,255,1392,250,0,0
stim,213903,244024,0,244024,3441354.455,-0.627,-0.053,0.095,0.772,3111,109,4,3188,1663,2364,158,2267,43,0.917,1,2251,0,52.404,1.428,-22.125,-3.500,-47.375,-0.199,-0.031,0.840,1.352,-0.461,-1.379,0.000,0.000,1.081,1.358,2,NULL,NULL,,3,0,2,7,255,1392,250,0,0
stim,213927,244048,0,244048,3441359.454,-0.628,-0.053,0.094,0.771,3119,123,29,3191,1691,2395,187,2290,43,0.917,1,2251,0,47.803,1.360,-13.938,-5.125,-45.438,-0.109,-0.184,0.984,1.352,-0.148,-1.379,0.000,0.000,1.081,1.358,2,NULL,NULL,,3,0,2,7,255,1392,250,0,0
stim,213927,244048,0,244048,3441364.455,-0.629,-0.054,0.093,0.770,3115,169,53,3194,1735,2403,213,2311,43,0.917,1,2251,0,41.018,2.226,-21.375,-4.250,-34.750,-0.121,-0.180,0.996,1.902,1.156,-0.227,0.000,0.000,1.081,1.358,2,NULL,NULL,,3,0,2,7,255,1392,250,0,0
stim,213957,244078,0,244078,3441369.454,-0.630,-0.055,0.091,0.769,3117,188,69,3207,1753,2404,242,2323,43,0.917,1,2251,0,38.145,2.226,-27.000,-4.875,-26.500,-0.148,-0.125,0.957,1.902,1.156,-0.227,0.000,0.000,1.081,1.358,2,NULL,NULL,,3,0,2,7,255,1392,250,0,0
stim,213957,244078,0,244078,3441374.455,-0.631,-0.056,0.090,0.769,3115,202,93,3193,1780,2420,255,2339,43,0.917,1,2251,0,41.643,1.567,-32.563,-2.750,-25.813,-0.176,-0.105,1.004,1.395,0.715,-0.094,0.000,0.000,1.081,1.358,2,NULL,NULL,,3,0,2,7,255,1392,250,0,0
stim,213957,244078,0,244078,3441379.454,-0.632,-0.057,0.089,0.768,3115,207,127,3212,1812,2425,295,2356,43,0.917,1,2251,0,36.801,1.567,-29.938,-4.438,-20.938,-0.129,-0.160,0.875,1.395,0.715,-0.410,0.000,0.000,1.081,1.358,2,NULL,NULL,,3,0,2,7,255,1392,250,0,0
stim,213957,244078,0,244078,3441384.455,-0.632,-0.057,0.087,0.768,3115,213,125,3197,1830,2444,309,2373,43,0.917,1,2251,0,31.566,1.533,-22.938,-5.875,-20.875,-0.203,-0.129,0.961,1.445,0.512,-0.230,0.000,0.000,1.081,1.358,2,NULL,NULL,,3,0,2,7,255,1392,250,0,0
stim,213957,244078,0,244078,3441389.453,-0.633,-0.057,0.086,0.767,3117,232,157,3207,1851,2441,329,2385,43,0.917,1,2251,0,24.213,1.747,-12.625,-4.938,-20.063,-0.082,-0.164,0.859,1.574,0.758,-1.203,0.000,0.000,1.081,1.358,2,NULL,NULL,,3,0,2,7,255,1392,250,0,0
stim,213957,244078,0,244078,3441394.455,-0.633,-0.057,0.086,0.767,3127,231,189,3193,1869,2453,341,2396,43,0.917,1,2251,0,11.646,1.766,-5.438,-6.563,-7.938,-0.137,-0.168,0.949,1.574,0.801,-0.484,0.000,0.000,1.081,1.358,2,NULL,NULL,,3,0,2,7,255,1392,250,0,0
stim,213957,244078,0,244078,3441399.454,-0.634,-0.057,0.085,0.767,3113,234,240,3197,1868,2454,346,2407,43,0.917,1,2251,0,9.598,1.766,-1.875,-6.688,-6.625,-0.191,-0.105,0.973,1.574,0.801,-0.484,0.000,0.000,1.081,1.358,2,NULL,NULL,,3,0,2,7,255,1392,250,0,0
stim,213957,244078,0,244078,3441404.455,-0.634,-0.057,0.085,0.767,3119,236,270,3195,1881,2459,347,2411,43,0.814,1,2251,1,10.641,1.249,-3.188,-6.250,-8.000,-0.168,-0.023,1.008,1.191,0.375,-0.137,0.000,0.000,1.114,1.331,2,NULL,NULL,,3,0,2,7,255,1392,250,0,0
stim,213957,244078,0,244078,3441409.455,-0.634,-0.057,0.085,0.766,3114,230,296,3195,1898,2457,344,2421,43,0.814,1,2251,1,9.438,0.493,-3.938,-6.250,-5.875,-0.133,0.023,0.957,0.320,0.375,-0.137,0.006,0.006,1.114,1.331,2,NULL,NULL,,3,0,2,7,255,1392,250,0,0
stim,213957,244078,0,244078,3441414.454,-0.634,-0.057,0.084,0.766,3113,243,309,3193,1903,2472,347,2424,43,0.814,1,2251,1,7.417,0.409,1.375,-6.750,-2.750,-0.168,-0.004,0.992,0.164,0.375,0.035,0.012,0.012,1.114,1.331,2,NULL,NULL,,3,0,2,7,255,1392,250,0,0
stim,213986,244107,0,244107,3441419.455,-0.634,-0.057,0.084,0.766,3117,250,333,3193,1911,2473,345,2427,43,0.814,1,2251,1,7.116,0.384,0.000,-5.563,-4.438,-0.172,-0.008,1.043,0.164,0.348,0.035,0.018,0.018,1.114,1.331,2,NULL,NULL,,3,0,2,7,255,1392,250,0,0
stim,213986,244107,0,244107,3441424.455,-0.635,-0.057,0.084,0.766,3123,249,379,3188,1929,2473,349,2439,43,0.814,1,2251,1,7.517,0.319,-2.625,-5.313,-4.625,-0.164,0.063,1.012,0.164,0.273,0.219,0.024,0.022,1.114,1.331,2,NULL,NULL,,3,0,2,7,255,1392,250,0,0
stim,213986,244108,0,244108,3441429.454,-0.635,-0.056,0.084,0.766,3113,243,401,3197,1929,2471,347,2439,43,0.814,1,2251,1,8.609,0.543,-0.688,-4.875,-7.063,-0.164,0.082,1.035,-0.492,0.230,0.465,0.030,0.028,1.114,1.331,2,NULL,NULL,,3,0,2,7,255,1392,250,0,0
stim,213986,244108,0,244108,3441434.455,-0.635,-0.056,0.084,0.766,3115,244,421,3181,1933,2477,348,2439,43,0.814,1,2251,1,9.822,0.696,-2.688,-4.250,-8.438,-0.152,0.078,1.055,-0.656,0.230,0.465,0.032,0.032,1.114,1.331,2,NULL,NULL,,3,0,2,7,255,1392,250,0,0
stim,213986,244108,0,244108,3441439.454,-0.635,-0.056,0.083,0.766,3112,249,435,3192,1941,2471,347,2443,43,0.814,1,2251,1,10.845,0.738,-4.375,-3.750,-9.188,-0.152,0.094,1.031,-0.676,0.297,0.465,0.036,0.036,1.114,1.331,2,NULL,NULL,,3,0,2,7,255,1392,250,0,0
stim,213986,244108,0,244108,3441444.455,-0.636,-0.056,0.083,0.765,3103,251,483,3179,1944,2475,346,2440,43,0.814,1,2251,1,11.239,0.887,-3.063,-3.625,-10.188,-0.148,0.094,1.016,-0.828,0.316,0.418,0.040,0.038,1.114,1.331,2,NULL,NULL,,3,0,2,7,255,1392,250,0,0
stim,214018,244139,0,244139,3441449.454,-0.636,-0.056,0.083,0.765,3111,265,495,3175,1945,2479,345,2440,43,0.814,1,2251,1,10.684,0.887,-1.000,-3.625,-10.000,-0.141,0.086,1.020,-0.828,0.316,0.289,0.042,0.040,1.114,1.331,2,NULL,NULL,,3,0,2,7,255,1392,250,0,0
stim,214018,244139,0,244139,3441454.455,-0.636,-0.056,0.083,0.765,3109,265,523,3181,1951,2473,349,2451,43,0.814,1,2251,1,9.258,0.877,-0.875,-3.250,-8.625,-0.133,0.086,1.031,-0.777,0.406,0.289,0.044,0.042,1.114,1.331,2,NULL,NULL,,3,0,2,7,255,1392,250,0,0
stim,214018,244139,0,244139,3441459.454,-0.637,-0.056,0.083,0.765,3099,261,569,3176,1952,2472,349,2445,43,0.814,1,2251,1,7.288,0.870,-2.250,-3.125,-6.188,-0.145,0.082,1.035,-0.770,0.406,0.375,0.044,0.042,1.114,1.331,2,NULL,NULL,,3,0,2,7,255,1392,250,0,0
stim,214018,244139,0,244139,3441464.455,-0.637,-0.056,0.082,0.765,3099,261,607,3165,1959,2474,359,2439,43,0.814,1,2251,1,7.703,0.858,-4.188,-3.188,-5.625,-0.172,0.094,1.027,-0.777,0.363,0.406,0.044,0.040,1.114,1.331,2,NULL,NULL,,3,0,2,7,255,1392,250,0,0
stim,214054,244175,0,244175,3441469.454,-0.637,-0.056,0.082,0.765,3093,263,630,3171,1973,2464,366,2443,43,0.814,1,2251,1,9.308,0.785,-5.563,-3.313,-6.688,-0.184,0.094,1.027,-0.781,0.074,0.418,0.042,0.038,1.114,1.331,2,NULL,NULL,,3,0,2,7,255,1392,250,0,0
stim,214054,244175,0,244175,3441474.455,-0.637,-0.056,0.082,0.764,3093,265,665,3160,1989,2471,379,2449,43,0.814,1,2251,1,11.063,0.782,-7.313,-3.813,-7.375,-0.176,0.082,1.016,-0.781,0.035,0.406,0.040,0.034,1.114,1.331,2,NULL,NULL,,3,0,2,7,255,1392,250,0,0
stim,214054,244175,0,244175,3441479.454,-0.637,-0.056,0.081,0.764,3082,263,694,3158,1993,2464,396,2445,43,0.814,1,2251,1,11.298,0.665,-8.188,-4.188,-6.563,-0.176,0.059,1.008,-0.664,0.035,0.316,0.036,0.030,1.114,1.331,2,NULL,NULL,,3,0,2,7,255,1392,250,0,0
stim,214054,244175,0,244175,3441484.455,-0.638,-0.056,0.081,0.764,3069,269,719,3149,2002,2459,405,2446,43,0.814,1,2251,1,12.049,0.474,-8.813,-4.500,-6.875,-0.188,0.047,1.000,-0.473,0.035,0.242,0.034,0.024,1.114,1.331,2,NULL,NULL,,3,0,2,7,255,1392,250,0,0
stim,214054,244175,0,244175,3441489.453,-0.638,-0.056,0.081,0.764,3053,276,731,3154,2022,2462,421,2451,43,0.814,1,2251,1,12.809,0.330,-8.313,-5.188,-8.250,-0.199,0.039,0.980,-0.328,-0.039,0.145,0.030,0.020,1.114,1.331,2,NULL,NULL,,3,0,2,7,255,1392,250,0,0
stim,214054,244175,0,244175,3441494.455,-0.638,-0.056,0.080,0.764,3047,283,785,3143,2045,2459,442,2457,43,0.814,1,2251,1,14.287,0.297,-8.688,-5.688,-9.813,-0.211,0.035,1.008,-0.230,-0.188,0.145,0.030,0.014,1.114,1.331,2,NULL,NULL,,3,0,2,7,255,1392,250,0,0
stim,214077,244198,0,244198,3441499.453,-0.639,-0.056,0.080,0.763,3039,291,848,3132,2072,2461,446,2462,43,0.814,1,2251,1,18.106,0.300,-12.188,-6.188,-11.875,-0.211,0.031,1.008,-0.188,-0.234,0.285,0.030,0.012,1.114,1.331,2,NULL,NULL,,3,0,2,7,255,1392,250,0,0
stim,214077,244198,0,244198,3441504.455,-0.639,-0.056,0.079,0.763,3027,286,917,3119,2108,2459,475,2471,43,0.814,1,2251,1,20.806,0.293,-13.375,-6.188,-14.688,-0.188,0.027,0.977,-0.176,-0.234,0.285,0.030,0.008,1.114,1.331,2,NULL,NULL,,3,0,2,7,255,1392,250,0,0
stim,214077,244198,0,244198,3441509.454,-0.639,-0.056,0.078,0.763,3015,286,970,3115,2139,2467,503,2477,43,0.814,1,2251,1,18.658,0.180,-10.875,-6.250,-13.813,-0.160,0.004,0.961,-0.160,-0.082,-0.078,0.030,0.008,1.114,1.331,2,NULL,NULL,,3,0,2,7,255,1392,250,0,0
stim,214077,244198,0,244198,3441514.455,-0.640,-0.056,0.078,0.762,3003,297,1043,3116,2169,2466,551,2501,43,0.814,1,2251,1,15.994,0.055,-8.563,-7.188,-11.438,-0.176,-0.012,0.961,0.000,0.055,-0.230,0.030,0.006,1.114,1.331,2,NULL,NULL,,3,0,2,7,255,1392,250,0,0
stim,214077,244198,0,244198,3441519.454,-0.640,-0.056,0.077,0.762,2995,306,1129,3097,2205,2455,611,2505,43,0.814,1,2251,1,15.923,0.177,-7.375,-8.000,-11.625,-0.199,-0.027,0.957,0.168,0.055,-0.250,0.030,0.006,1.114,1.331,2,NULL,NULL,,3,0,2,7,255,1392,250,0,0
stim,214077,244198,0,244198,3441524.455,-0.641,-0.056,0.077,0.762,2982,325,1191,3082,2223,2461,683,2505,43,0.814,1,2251,1,16.307,0.369,-4.188,-9.000,-12.938,-0.199,-0.066,0.922,0.332,-0.160,-0.250,0.030,0.006,1.114,1.331,2,NULL,NULL,,3,0,2,7,255,1392,250,0,0
stim,214077,244198,0,244198,3441529.454,-0.641,-0.056,0.077,0.761,2972,340,1247,3087,2265,2459,761,2519,43,0.814,1,2251,1,20.233,0.376,3.188,-11.625,-16.250,-0.262,0.031,0.922,0.332,-0.176,-0.445,0.032,0.004,1.114,1.331,2,NULL,NULL,,3,0,2,7,255,1392,250,0,0
stim,214077,244198,0,244198,3441534.455,-0.642,-0.056,0.076,0.761,2963,346,1299,3063,2285,2468,843,2533,43,0.814,1,2251,1,34.231,0.304,3.938,-10.000,-32.500,-0.207,0.098,1.059,-0.125,-0.277,-0.445,0.032,0.004,1.114,1.331,2,NULL,NULL,,3,0,2,7,255,1392,250,0,0
stim,214106,244227,0,244227,3441539.454,-0.644,-0.056,0.076,0.760,2937,349,1399,3051,2303,2467,904,2541,43,0.814,1,2251,1,40.039,0.840,-9.563,-11.750,-37.063,-0.172,0.082,1.051,-0.793,-0.277,0.645,0.032,0.004,1.114,1.331,2,NULL,NULL,,3,0,2,7,255,1392,250,0,0
stim,214106,244227,0,244227,3441544.455,-0.645,-0.056,0.074,0.759,2925,351,1495,3046,2343,2471,979,2567,43,0.814,1,2251,1,32.964,0.796,-15.188,-8.688,-27.938,0.016,-0.129,0.977,-0.793,0.066,0.645,0.034,0.006,1.114,1.331,2,NULL,NULL,,3,0,2,7,255,1392,250,0,0
stim,214106,244227,0,244227,3441549.454,-0.645,-0.056,0.074,0.759,2915,379,1564,3033,2365,2468,1046,2569,43,0.814,1,2251,1,18.141,0.671,-12.375,-11.563,-6.500,-0.109,-0.047,0.902,0.359,0.566,-0.449,0.034,0.006,1.114,1.331,2,NULL,NULL,,3,0,2,7,255,1392,250,0,0
stim,214106,244227,0,244227,3441554.455,-0.645,-0.055,0.073,0.759,2903,404,1637,3023,2387,2469,1117,2581,43,0.814,1,2251,1,14.111,0.671,-4.188,-10.750,-8.125,-0.215,0.020,0.984,0.359,0.566,-0.449,0.036,0.008,1.114,1.331,2,NULL,NULL,,3,0,2,7,255,1392,250,0,0
stim,214106,244227,0,244227,3441559.454,-0.646,-0.055,0.073,0.758,2893,413,1711,3016,2407,2469,1205,2599,43,0.814,1,2251,1,28.918,0.429,-7.500,-11.250,-25.563,-0.262,0.098,1.023,-0.113,-0.414,0.055,0.038,0.010,1.114,1.331,2,NULL,NULL,,3,0,2,7,255,1392,250,0,0
stim,214106,244227,0,244227,3441564.455,-0.647,-0.055,0.072,0.757,2885,437,1783,3007,2439,2477,1303,2605,43,0.814,1,2251,1,41.350,0.912,-8.938,-10.438,-39.000,-0.129,0.074,1.000,-0.813,-0.414,0.070,0.038,0.010,1.114,1.331,2,NULL,NULL,,3,0,2,7,255,1392,250,0,0
stim,214159,244280,0,244280,3441569.454,-0.648,-0.055,0.071,0.756,2857,460,1839,2997,2453,2475,1365,2613,43,0.814,1,2251,1,33.244,0.873,-9.688,-9.813,-30.250,-0.027,0.023,1.023,-0.813,0.320,0.098,0.040,0.012,1.114,1.331,2,NULL,NULL,,3,0,2,7,255,1392,250,0,0
stim,214159,244280,0,244280,3441574.455,-0.649,-0.055,0.070,0.756,2851,489,1908,2988,2473,2475,1439,2628,43,0.814,1,2251,1,20.565,0.976,-11.188,-10.000,-14.063,-0.078,0.016,0.984,-0.477,0.852,0.070,0.040,0.012,1.114,1.331,2,NULL,NULL,,3,0,2,7,255,1392,250,0,0
stim,214159,244280,0,244280,3441579.454,-0.649,-0.055,0.070,0.756,2827,535,1972,2976,2495,2477,1491,2634,43,0.814,1,2251,1,15.368,0.913,-8.250,-8.688,-9.625,-0.160,0.020,1.008,-0.328,0.852,0.098,0.042,0.010,1.114,1.331,2,NULL,NULL,,3,0,2,7,255,1392,250,0,0
stim,214159,244280,0,244280,3441584.455,-0.649,-0.055,0.069,0.755,2815,557,2055,2969,2523,2479,1541,2638,43,0.814,1,2251,1,20.666,0.343,-11.063,-9.625,-14.563,-0.254,0.086,1.004,-0.328,0.102,0.168,0.042,0.010,1.114,1.331,2,NULL,NULL,,3,0,2,7,255,1392,250,0,0
stim,214159,244280,0,244280,3441589.453,-0.650,-0.055,0.069,0.754,2796,565,2121,2967,2541,2476,1611,2650,43,0.814,1,2251,1,33.091,0.846,-8.250,-9.438,-30.625,-0.223,0.059,0.969,-0.566,-0.629,0.168,0.044,0.010,1.114,1.331,2,NULL,NULL,,3,0,2,7,255,1392,250,0,0
stim,214159,244280,0,244280,3441594.455,-0.652,-0.055,0.068,0.753,2776,589,2183,2950,2567,2477,1661,2665,43,0.814,1,2251,1,39.076,0.846,-6.250,-8.500,-37.625,-0.133,0.000,1.020,-0.566,-0.629,0.246,0.046,0.008,1.114,1.331,2,NULL,NULL,,3,0,2,7,255,1392,250,0,0
stim,214159,244280,0,244280,3441599.454,-0.653,-0.055,0.067,0.753,2750,608,2253,2949,2581,2480,1725,2673,43,0.814,1,2251,1,32.880,0.420,-11.313,-8.250,-29.750,-0.066,-0.031,1.012,-0.145,0.395,0.082,0.046,0.008,1.114,1.331,2,NULL,NULL,,3,0,2,7,255,1392,250,0,0
stim,214159,244280,0,244280,3441604.455,-0.653,-0.055,0.066,0.752,2730,622,2308,2939,2592,2483,1775,2672,43,0.814,1,2251,1,26.546,0.486,-15.813,-8.625,-19.500,-0.125,-0.090,0.969,0.043,0.484,0.082,0.048,0.008,1.114,1.331,2,NULL,NULL,,3,0,2,7,255,1392,250,0,0
stim,214159,244280,0,244280,3441609.454,-0.654,-0.055,0.066,0.752,2707,637,2340,2915,2613,2483,1821,2679,43,0.814,1,2251,1,29.687,0.666,-15.125,-9.563,-23.688,-0.223,-0.051,0.953,0.457,0.484,-0.238,0.048,0.008,1.114,1.331,2,NULL,NULL,,3,0,2,7,255,1392,250,0,0
stim,214159,244280,0,244280,3441614.455,-0.655,-0.056,0.065,0.751,2691,651,2389,2905,2623,2487,1885,2701,43,0.814,1,2251,1,36.886,0.683,-12.250,-8.938,-33.625,-0.184,-0.117,0.945,0.676,-0.098,-0.258,0.050,0.008,1.114,1.331,2,NULL,NULL,,3,0,2,7,255,1392,250,0,0
stim,214193,244314,0,244314,3441619.455,-0.656,-0.056,0.064,0.750,2669,649,2427,2889,2647,2484,1930,2701,43,0.814,1,2251,1,38.178,0.888,-11.313,-9.563,-35.188,-0.141,-0.113,0.984,0.883,-0.098,-0.238,0.052,0.008,1.114,1.331,2,NULL,NULL,,3,0,2,7,255,1392,250,0,0
stim,214193,244314,0,244314,3441624.455,-0.657,-0.056,0.063,0.749,2641,653,2461,2875,2661,2488,1981,2711,43,0.814,1,2251,1,32.283,0.947,-12.500,-10.438,-27.875,-0.102,-0.117,0.949,0.887,0.332,-0.375,0.052,0.008,1.114,1.331,2,NULL,NULL,,3,0,2,7,255,1392,250,0,0
stim,214193,244314,0,244314,3441629.454,-0.658,-0.056,0.062,0.748,2613,660,2489,2858,2669,2489,2015,2714,43,0.814,1,2251,1,29.062,0.943,-9.125,-11.125,-25.250,-0.191,-0.020,0.965,0.883,0.332,-0.184,0.054,0.008,1.114,1.331,2,NULL,NULL,,3,0,2,7,255,1392,250,0,0
stim,214193,244314,0,244314,3441634.455,-0.659,-0.056,0.061,0.747,2577,666,2523,2853,2685,2489,2057,2728,43,0.814,1,2251,1,34.899,0.138,-8.375,-11.125,-32.000,-0.168,-0.035,1.012,0.137,-0.020,-0.184,0.054,0.008,1.114,1.331,2,NULL,NULL,,3,0,2,7,255,1392,250,0,0
stim,214194,244315,0,244315,3441639.454,-0.660,-0.056,0.061,0.747,2535,667,2566,2833,2699,2501,2095,2729,43,0.814,1,2251,1,34.367,0.138,-12.000,-10.875,-30.313,-0.094,-0.070,1.016,0.137,-0.020,0.164,0.056,0.010,1.114,1.331,2,NULL,NULL,,3,0,2,7,255,1392,250,0,0
stim,214194,244315,0,244315,3441644.455,-0.661,-0.056,0.060,0.746,2503,667,2579,2805,2711,2491,2121,2737,43,0.814,1,2251,1,26.816,0.801,-15.563,-10.875,-18.938,-0.074,-0.070,1.012,0.328,0.730,0.164,0.056,0.012,1.114,1.331,2,NULL,NULL,,3,0,2,7,255,1392,250,0,0
stim,214219,244340,0,244340,3441649.454,-0.661,-0.056,0.059,0.746,2479,669,2611,2791,2727,2487,2163,2749,43,0.814,1,2251,1,22.105,0.801,-15.875,-10.688,-11.063,-0.129,-0.047,0.980,0.328,0.730,0.082,0.056,0.012,1.114,1.331,2,NULL,NULL,,3,0,2,7,255,1392,250,0,0
stim,214219,244340,0,244340,3441654.455,-0.661,-0.056,0.058,0.746,2449,661,2624,2779,2739,2500,2184,2759,43,0.814,1,2251,1,21.233,0.308,-11.563,-10.250,-14.563,-0.168,0.012,0.980,0.148,0.270,-0.066,0.056,0.014,1.114,1.331,2,NULL,NULL,,3,0,2,7,255,1392,250,0,0
stim,214219,244340,0,244340,3441659.454,-0.662,-0.056,0.057,0.745,2423,660,2648,2745,2740,2472,2213,2761,43,0.814,1,2251,1,27.223,0.384,-11.188,-9.625,-22.875,-0.164,0.039,1.031,-0.371,-0.098,-0.066,0.056,0.014,1.114,1.331,2,NULL,NULL,,3,0,2,7,255,1392,250,0,0
stim,214219,244340,0,244340,3441664.455,-0.663,-0.056,0.056,0.744,2378,659,2671,2729,2749,2491,2237,2777,43,0.814,1,2251,1,33.806,0.575,-15.875,-9.063,-28.438,-0.129,0.023,1.035,-0.566,-0.098,0.406,0.058,0.016,1.114,1.331,2,NULL,NULL,,3,0,2,7,255,1392,250,0,0
stim,214257,244378,0,244378,3441669.454,-0.664,-0.056,0.055,0.744,2329,661,2697,2710,2761,2487,2280,2776,43,0.814,1,2251,1,34.468,0.616,-20.063,-8.563,-26.688,-0.105,-0.004,1.027,-0.566,0.242,0.406,0.060,0.016,1.114,1.331,2,NULL,NULL,,3,0,2,7,255,1392,250,0,0
stim,214257,244378,0,244378,3441674.455,-0.665,-0.057,0.054,0.743,2287,664,2717,2681,2767,2491,2295,2775,43,0.814,1,2251,1,34.153,0.621,-22.813,-8.000,-24.125,-0.113,0.012,1.016,-0.492,0.379,0.273,0.062,0.018,1.114,1.331,2,NULL,NULL,,3,0,2,7,255,1392,250,0,0
stim,214257,244378,0,244378,3441679.454,-0.665,-0.057,0.053,0.742,2235,665,2733,2664,2789,2492,2331,2789,43,0.814,1,2251,1,34.277,0.525,-24.063,-8.000,-23.063,-0.133,-0.004,1.000,-0.363,0.379,0.195,0.064,0.020,1.114,1.331,2,NULL,NULL,,3,0,2,7,255,1392,250,0,0
stim,214257,244378,0,244378,3441684.455,-0.666,-0.058,0.052,0.742,2189,669,2758,2635,2799,2479,2356,2787,43,0.814,1,2251,1,33.878,0.397,-22.125,-8.375,-24.250,-0.141,-0.023,0.969,-0.359,0.168,0.055,0.066,0.022,1.114,1.331,2,NULL,NULL,,3,0,2,7,255,1392,250,0,0
stim,214257,244378,1,244378,3441689.453,-0.667,-0.058,0.051,0.741,2147,669,2782,2612,2808,2483,2383,2791,43,0.814,1,2251,1,31.780,0.161,-17.188,-9.125,-25.125,-0.141,-0.039,0.969,-0.156,0.039,-0.199,0.068,0.022,1.114,1.331,2,NULL,NULL,,3,1,2,7,255,1392,250,0,0
stim,214257,244378,1,244378,3441694.455,-0.668,-0.058,0.050,0.740,2095,667,2797,2583,2813,2487,2399,2797,43,0.814,1,2251,1,31.355,0.064,-15.000,-9.750,-25.750,-0.137,-0.039,1.000,-0.051,0.039,-0.199,0.068,0.022,1.114,1.331,2,NULL,NULL,,3,1,2,7,255,1392,250,0,0
stim,214284,244405,1,244405,3441699.454,-0.669,-0.058,0.049,0.740,2019,661,2809,2549,2814,2464,2414,2803,43,0.814,1,2251,1,35.376,0.058,-18.500,-10.375,-28.313,-0.152,-0.043,1.031,-0.043,0.039,0.090,0.068,0.022,1.114,1.331,2,NULL,NULL,,3,1,2,7,255,1392,250,0,0
stim,214284,244405,1,244405,3441704.455,-0.670,-0.058,0.048,0.739,1972,663,2828,2513,2827,2477,2441,2809,43,0.814,1,2251,1,37.641,0.155,-20.688,-10.188,-29.750,-0.117,-0.047,0.992,-0.043,0.148,0.090,0.070,0.022,1.114,1.331,2,NULL,NULL,,3,1,2,7,255,1392,250,0,0
stim,214284,244405,1,244405,3441709.454,-0.670,-0.059,0.047,0.738,1925,653,2843,2484,2836,2469,2459,2814,43,0.814,1,2251,1,35.779,0.288,-20.625,-10.750,-27.188,-0.105,-0.082,0.992,-0.039,0.285,-0.031,0.070,0.020,1.114,1.331,2,NULL,NULL,,3,1,2,7,255,1392,250,0,0
stim,214284,244405,1,244405,3441714.455,-0.671,-0.059,0.046,0.738,1854,647,2853,2444,2840,2467,2485,2825,43,0.814,1,2251,1,34.011,0.433,-21.563,-11.563,-23.625,-0.113,-0.090,0.996,0.258,0.348,-0.031,0.072,0.020,1.114,1.331,2,NULL,NULL,,3,1,2,7,255,1392,250,0,0
stim,214284,244405,1,244405,3441719.454,-0.672,-0.059,0.045,0.737,1773,619,2861,2389,2845,2463,2503,2828,43,0.814,1,2251,1,31.921,0.433,-21.063,-11.813,-20.875,-0.113,-0.070,0.965,0.258,0.348,-0.031,0.072,0.020,1.114,1.331,2,NULL,NULL,,3,1,2,7,255,1392,250,0,0
stim,214284,244405,1,244405,3441724.455,-0.672,-0.059,0.044,0.737,1689,605,2871,2343,2853,2459,2521,2833,43,0.814,1,2251,1,26.255,0.313,-15.000,-12.125,-17.813,-0.109,-0.059,0.941,0.129,0.285,-0.277,0.074,0.020,1.114,1.331,2,NULL,NULL,,3,1,2,7,255,1392,250,0,0
stim,214284,244405,1,244405,3441729.454,-0.673,-0.059,0.043,0.736,1615,579,2879,2300,2859,2449,2537,2839,43,0.814,1,2251,1,20.719,0.288,-8.188,-12.688,-14.188,-0.113,-0.070,0.957,0.129,0.258,-0.336,0.074,0.020,1.114,1.331,2,NULL,NULL,,3,1,2,7,255,1392,250,0,0
stim,214284,244405,1,244405,3441734.455,-0.673,-0.059,0.042,0.736,1511,569,2892,2257,2863,2455,2551,2845,43,0.814,1,2251,1,18.488,0.227,-4.813,-13.438,-11.750,-0.129,-0.059,1.000,0.020,0.227,-0.336,0.076,0.018,1.114,1.331,2,NULL,NULL,,3,1,2,7,255,1392,250,0,0
stim,214284,244405,1,244405,3441739.454,-0.673,-0.059,0.042,0.736,1400,549,2903,2201,2874,2450,2571,2847,43,0.814,1,2251,1,19.530,0.134,-7.500,-13.625,-11.813,-0.145,-0.039,1.031,-0.020,0.133,0.078,0.076,0.018,1.114,1.331,2,NULL,NULL,,3,1,2,7,255,1392,250,0,0
stim,214284,244405,1,244405,3441744.455,-0.674,-0.059,0.041,0.735,1308,533,2915,2152,2879,2449,2589,2856,43,0.814,1,2251,1,22.837,0.185,-12.188,-13.750,-13.563,-0.145,-0.043,1.023,-0.184,-0.020,0.324,0.078,0.018,1.114,1.331,2,NULL,NULL,,3,1,2,7,255,1392,250,0,0
stim,214319,244440,1,244440,3441749.454,-0.674,-0.058,0.040,0.735,1224,500,2920,2069,2889,2441,2603,2857,43,0.814,1,2251,1,23.635,0.192,-12.188,-14.750,-13.875,-0.133,-0.027,1.012,-0.191,-0.020,0.324,0.078,0.018,1.114,1.331,2,NULL,NULL,,3,1,2,7,255,1392,250,0,0
stim,214319,244440,1,244440,3441754.455,-0.675,-0.058,0.039,0.735,1135,467,2931,1963,2897,2431,2619,2861,43,0.814,1,2251,1,23.152,0.328,-11.938,-14.875,-13.125,-0.148,-0.020,1.000,-0.324,-0.051,0.184,0.080,0.020,1.114,1.331,2,NULL,NULL,,3,1,2,7,255,1392,250,0,0
stim,214319,244440,1,244440,3441759.454,-0.675,-0.058,0.038,0.734,1021,413,2941,1863,2903,2425,2631,2867,43,0.814,1,2251,1,24.568,0.419,-8.063,-16.750,-16.063,-0.152,-0.016,1.039,-0.395,-0.141,0.184,0.082,0.020,1.114,1.331,2,NULL,NULL,,3,1,2,7,255,1392,250,0,0
stim,214319,244440,1,244440,3441764.456,-0.676,-0.058,0.037,0.734,923,405,2952,1781,2909,2423,2643,2871,43,0.814,1,2251,1,28.021,0.474,-13.938,-16.938,-17.438,-0.141,-0.020,1.047,-0.453,-0.141,0.465,0.082,0.020,1.114,1.331,2,NULL,NULL,,3,1,2,7,255,1392,250,0,0
stim,214354,244475,1,244475,3441769.454,-0.676,-0.058,0.036,0.733,808,378,2963,1671,2919,2409,2655,2873,43,0.814,1,2251,1,30.452,0.519,-12.938,-18.500,-20.438,-0.160,-0.016,1.055,-0.488,-0.176,0.527,0.084,0.022,1.114,1.331,2,NULL,NULL,,3,1,2,7,255,1392,250,0,0
stim,214354,244475,1,244475,3441774.455,-0.677,-0.057,0.035,0.733,671,348,2971,1563,2925,2398,2669,2885,43,0.814,1,2251,1,34.178,0.493,-17.063,-18.500,-23.125,-0.117,0.012,1.020,-0.488,-0.066,0.527,0.084,0.022,1.114,1.331,2,NULL,NULL,,3,1,2,7,255,1392,250,0,0
stim,214354,244475,1,244475,3441779.454,-0.678,-0.057,0.034,0.732,554,317,2979,1426,2932,2388,2679,2885,43,0.814,1,2251,1,31.237,0.549,-10.625,-19.813,-21.688,-0.129,-0.012,1.008,-0.547,-0.051,0.203,0.084,0.022,1.114,1.331,2,NULL,NULL,,3,1,2,7,255,1392,250,0,0
stim,214354,244475,1,244475,3441784.455,-0.678,-0.057,0.033,0.732,434,276,2987,1289,2939,2375,2695,2889,43,0.814,1,2251,1,32.097,0.549,-8.250,-20.813,-23.000,-0.133,-0.035,1.039,-0.547,-0.051,0.203,0.086,0.022,1.114,1.331,2,NULL,NULL,,3,1,2,7,255,1392,250,0,0
stim,214354,244475,1,244475,3441789.453,-0.679,-0.056,0.032,0.731,345,243,2990,1159,2944,2349,2707,2892,43,0.814,1,2251,1,32.721,0.340,-11.750,-21.625,-21.563,-0.113,-0.059,1.039,-0.336,-0.051,0.434,0.086,0.022,1.114,1.331,2,NULL,NULL,,3,1,2,7,255,1392,250,0,0
stim,214354,244475,1,244475,3441794.455,-0.680,-0.056,0.031,0.731,259,217,2999,995,2956,2331,2719,2895,43,0.814,1,2251,1,31.607,0.323,-10.438,-22.250,-19.875,-0.086,-0.047,1.027,-0.285,0.152,0.434,0.086,0.022,1.114,1.331,2,NULL,NULL,,3,1,2,7,255,1392,250,0,0
stim,214376,244497,1,244497,3441799.454,-0.680,-0.055,0.030,0.730,179,183,3005,881,2964,2313,2733,2899,43,0.814,1,2251,1,29.276,0.313,-8.813,-23.625,-14.875,-0.121,-0.047,1.020,-0.273,0.152,0.277,0.086,0.020,1.114,1.331,2,NULL,NULL,,3,1,2,7,255,1392,250,0,0
stim,214376,244497,1,244497,3441804.455,-0.681,-0.055,0.029,0.730,120,143,3013,747,2967,2286,2749,2902,43,0.814,1,2251,1,31.888,0.290,-7.938,-24.250,-19.125,-0.109,-0.035,1.012,-0.285,0.055,0.258,0.088,0.020,1.114,1.331,2,NULL,NULL,,3,1,2,7,255,1392,250,0,0
stim,214376,244497,1,244497,3441809.454,-0.681,-0.054,0.028,0.729,77,99,3025,603,2973,2267,2765,2906,43,0.814,1,2251,1,30.637,0.352,-4.188,-25.750,-16.063,-0.121,-0.039,1.016,-0.352,-0.016,0.215,0.088,0.020,1.114,1.331,2,NULL,NULL,,3,1,2,7,255,1392,250,0,0
stim,214376,244497,1,244497,3441814.455,-0.682,-0.053,0.027,0.729,50,79,3030,484,2980,2247,2781,2907,43,0.814,1,2251,1,32.805,0.353,0.063,-26.875,-18.813,-0.117,-0.051,1.035,-0.352,-0.027,0.215,0.088,0.020,1.114,1.331,2,NULL,NULL,,3,1,2,7,255,1392,250,0,0
stim,214376,244497,1,244497,3441819.454,-0.682,-0.052,0.027,0.729,31,62,3036,365,2987,2219,2794,2913,43,0.814,1,2251,1,32.347,0.325,0.250,-28.625,-15.063,-0.098,-0.043,1.051,-0.324,-0.027,0.410,0.090,0.020,1.114,1.331,2,NULL,NULL,,3,1,2,7,255,1392,250,0,0
stim,214376,244497,1,244497,3441824.455,-0.683,-0.051,0.026,0.728,21,48,3037,277,2991,2187,2807,2913,43,0.814,1,2251,1,32.857,0.259,-0.188,-29.813,-13.813,-0.113,-0.051,1.059,-0.258,-0.023,0.531,0.092,0.022,1.114,1.331,2,NULL,NULL,,3,1,2,7,255,1392,250,0,0
stim,214376,244497,1,244497,3441829.454,-0.683,-0.050,0.025,0.728,5,38,3045,225,2992,2151,2813,2917,43,0.814,1,2251,1,34.764,0.325,-1.500,-31.813,-13.938,-0.113,-0.023,1.059,-0.324,-0.023,0.602,0.092,0.022,1.114,1.331,2,NULL,NULL,,3,1,2,7,255,1392,250,0,0
stim,214376,244497,1,244497,3441834.455,-0.684,-0.049,0.024,0.728,0,20,3047,205,3003,2133,2833,2919,43,0.814,1,2251,1,39.280,0.267,13.813,-36.063,-7.188,-0.215,-0.070,1.160,-0.258,-0.070,0.648,0.092,0.024,1.114,1.331,2,NULL,NULL,,3,1,2,7,255,1392,250,0,0
stim,214407,244528,1,244528,3441839.454,-0.683,-0.047,0.024,0.728,0,13,3052,201,3005,2115,2842,2919,43,0.814,1,2251,1,51.362,1.003,27.125,-43.438,3.938,-0.285,-0.055,1.367,-0.289,-0.961,1.734,0.092,0.024,1.114,1.331,2,NULL,NULL,,3,1,2,7,255,1392,250,0,0
stim,214407,244528,1,244528,3441844.455,-0.684,-0.046,0.022,0.728,0,3,3055,181,3013,2069,2855,2922,43,0.814,1,2251,0,46.602,0.962,-8.563,-45.500,-5.313,-0.215,-0.109,1.309,-0.047,-0.961,3.211,0.094,0.022,1.114,1.331,3,NULL,NULL,,3,1,2,7,255,1392,250,0,0
stim,214407,244528,1,244528,3441849.454,-0.684,-0.045,0.020,0.728,0,0,3060,135,3017,2012,2863,2923,43,0.814,1,2251,0,57.815,0.901,-33.313,-45.500,-12.750,-0.109,-0.168,1.082,0.246,-0.867,3.211,0.094,0.020,1.114,1.331,3,NULL,NULL,,3,1,2,7,255,1392,250,0,0
stim,214407,244528,1,244528,3441854.455,-0.684,-0.044,0.017,0.728,0,0,3061,99,3020,1976,2873,2921,43,0.814,1,2251,0,53.451,0.420,-20.313,-49.438,0.625,-0.090,-0.117,0.961,0.414,-0.070,0.918,0.094,0.018,1.114,1.331,3,NULL,NULL,,3,1,2,7,255,1392,250,0,0
stim,214407,244528,1,244528,3441859.454,-0.684,-0.043,0.016,0.728,0,0,3063,85,3027,1926,2889,2924,43,0.814,1,2251,0,53.779,0.420,1.813,-53.063,8.563,-0.133,-0.063,0.988,0.414,-0.070,-0.023,0.092,0.016,1.114,1.331,3,NULL,NULL,,3,1,2,7,255,1392,250,0,0
stim,214407,244528,1,244528,3441864.455,-0.683,-0.040,0.015,0.729,0,0,3064,61,3031,1860,2891,2920,43,0.814,1,2251,0,57.096,0.549,12.438,-55.500,5.000,-0.137,-0.059,1.063,-0.082,-0.543,-0.023,0.092,0.014,1.114,1.331,3,NULL,NULL,,3,1,2,7,255,1392,250,0,0
stim,214460,244581,1,244581,3441869.454,-0.683,-0.038,0.013,0.729,0,0,3063,37,3033,1799,2903,2921,43,0.814,1,2251,0,59.171,0.563,11.375,-57.813,5.438,-0.121,-0.066,1.148,-0.148,-0.543,0.703,0.092,0.012,1.114,1.331,3,NULL,NULL,,3,1,2,7,255,1392,250,0,0
stim,214460,244581,1,244581,3441874.455,-0.683,-0.036,0.012,0.730,0,0,3063,0,3037,1733,2909,2923,43,0.814,1,2251,0,61.205,0.433,0.750,-59.563,14.063,-0.066,-0.109,1.188,-0.148,-0.406,1.512,0.090,0.012,1.114,1.331,3,NULL,NULL,,3,1,2,7,255,1392,250,0,0
stim,214460,244581,1,244581,3441879.454,-0.682,-0.035,0.010,0.731,0,0,3063,0,3043,1671,2919,2923,43,0.814,1,2251,0,68.628,0.225,-9.313,-61.875,28.188,-0.066,-0.145,1.102,0.219,0.051,1.512,0.090,0.012,1.114,1.331,3,NULL,NULL,,3,1,2,7,255,1392,250,0,0
stim,214460,244581,1,244581,3441884.455,-0.681,-0.033,0.007,0.732,0,0,3059,0,3044,1606,2930,2922,43,0.814,1,2251,0,72.994,0.225,-10.313,-64.125,33.313,-0.121,-0.066,1.043,0.219,0.051,1.059,0.088,0.016,1.114,1.331,3,NULL,NULL,,3,1,2,7,255,1392,250,0,0
stim,214460,244581,1,244581,3441889.453,-0.680,-0.031,0.006,0.733,0,0,3059,0,3049,1529,2936,2921,43,0.814,1,2251,0,72.735,0.764,3.688,-67.438,27.000,-0.195,-0.105,0.988,0.410,-0.645,0.465,0.086,0.018,1.114,1.331,3,NULL,NULL,,3,1,2,7,255,1392,250,0,0
stim,214460,244581,1,244581,3441894.455,-0.679,-0.028,0.004,0.733,0,0,3055,0,3051,1414,2940,2919,43,0.814,1,2251,0,76.390,0.865,19.438,-70.563,21.875,-0.129,-0.141,1.039,0.410,-0.762,0.465,0.084,0.022,1.114,1.331,3,NULL,NULL,,3,1,2,7,255,1392,250,0,0
stim,214460,244581,1,244581,3441899.454,-0.678,-0.025,0.003,0.734,0,0,3047,0,3053,1331,2949,2913,43,0.814,1,2251,0,80.330,0.915,24.750,-72.938,22.813,-0.082,-0.125,1.109,0.508,-0.762,0.480,0.082,0.026,1.114,1.331,3,NULL,NULL,,3,1,2,7,255,1392,250,0,0
stim,214460,244581,1,244581,3441904.455,-0.677,-0.022,0.001,0.735,0,0,3043,0,3055,1243,2955,2909,43,0.814,1,2251,0,82.248,0.611,16.750,-75.500,28.000,-0.066,-0.070,1.168,0.508,-0.340,1.152,0.080,0.030,1.114,1.331,3,NULL,NULL,,3,1,2,7,255,1392,250,0,0
stim,214460,244581,1,244581,3441909.454,-0.676,-0.020,-0.000,0.736,0,0,3033,0,3060,1147,2957,2905,43,0.814,1,2251,0,84.975,0.349,9.063,-77.938,32.625,-0.086,0.047,1.180,-0.078,-0.340,1.684,0.078,0.032,1.114,1.331,3,NULL,NULL,,3,1,2,7,255,1392,250,0,0
stim,214460,244581,1,244581,3441914.455,-0.675,-0.017,-0.003,0.738,0,0,3027,0,3059,1039,2963,2902,43,0.814,1,2251,0,86.827,1.332,1.813,-80.188,33.250,-0.090,0.074,1.148,-1.164,-0.648,1.684,0.076,0.036,1.114,1.331,3,NULL,NULL,,3,1,2,7,255,1392,250,0,0
stim,214482,244603,1,244603,3441919.454,-0.674,-0.014,-0.005,0.739,0,0,3015,0,3061,918,2969,2897,43,0.814,1,2251,0,88.999,1.422,-2.125,-83.188,31.563,-0.102,0.039,1.102,-1.164,-0.816,1.391,0.074,0.038,1.114,1.331,3,NULL,NULL,,3,1,2,7,255,1392,250,0,0
stim,214482,244603,1,244603,3441924.455,-0.673,-0.012,-0.007,0.740,0,0,2997,0,3061,786,2971,2892,43,0.814,1,2251,0,92.932,1.334,0.625,-87.563,31.125,-0.090,-0.035,1.074,-1.000,-0.883,0.965,0.070,0.042,1.114,1.331,3,NULL,NULL,,3,1,2,7,255,1392,250,0,0
stim,214482,244603,1,244603,3441929.454,-0.672,-0.009,-0.010,0.741,0,0,2985,0,3063,701,2975,2878,43,0.814,1,2251,0,97.374,0.927,7.063,-90.688,34.750,-0.086,-0.074,1.086,-0.281,-0.883,0.844,0.068,0.046,1.114,1.331,3,NULL,NULL,,3,1,2,7,255,1392,250,0,0
stim,214482,244603,1,244603,3441934.455,-0.670,-0.005,-0.012,0.742,0,0,2969,0,3059,597,2983,2869,43,0.814,1,2251,0,99.859,0.927,9.625,-93.375,34.063,-0.117,-0.031,1.156,-0.281,-0.883,0.844,0.066,0.048,1.114,1.331,3,NULL,NULL,,3,1,2,7,255,1392,250,0,0
stim,214503,244624,0,244624,3441939.454,-0.669,-0.002,-0.014,0.743,0,0,2943,0,3061,511,2985,2856,43,0.814,1,2251,0,101.796,1.275,5.875,-97.000,30.313,-0.105,-0.070,1.203,0.055,-1.273,1.512,0.064,0.052,1.114,1.331,3,NULL,NULL,,3,0,2,7,255,1389,250,0,0
stim,214503,244624,0,244624,3441944.455,-0.668,0.001,-0.017,0.744,0,0,2926,0,3060,397,2985,2839,43,0.814,1,2251,0,105.611,1.275,0.563,-100.625,32.063,-0.090,-0.078,1.180,0.055,-1.273,1.750,0.062,0.054,1.114,1.331,3,NULL,NULL,,3,0,2,7,255,1389,250,0,0
stim,214503,244624,0,244624,3441949.454,-0.667,0.004,-0.020,0.745,0,0,2908,0,3059,264,2989,2825,43,0.814,1,2251,0,110.269,1.275,-4.188,-104.813,34.000,-0.102,-0.039,1.195,0.055,-1.273,1.852,0.062,0.054,1.114,1.331,3,NULL,NULL,,3,0,2,7,255,1389,250,0,0
stim,214503,244624,0,244624,3441954.455,-0.665,0.007,-0.023,0.746,0,0,2887,0,3059,181,2991,2799,43,0.814,1,2251,0,112.806,1.477,-3.563,-107.813,33.000,-0.148,-0.008,1.191,-0.219,-1.461,1.793,0.062,0.056,1.114,1.331,3,NULL,NULL,,3,0,2,7,255,1389,250,0,0
stim,214532,244653,0,244653,3441959.454,-0.664,0.011,-0.026,0.747,0,0,2853,0,3055,87,2991,2779,43,0.814,1,2251,0,115.350,2.078,-0.563,-112.438,25.750,-0.176,0.000,1.234,-0.438,-2.031,1.852,0.060,0.058,1.114,1.331,3,NULL,NULL,,3,0,2,7,255,1389,250,0,0
stim,214532,244653,0,244653,3441964.455,-0.664,0.014,-0.030,0.747,0,0,2824,0,3051,43,2991,2761,43,0.814,1,2251,0,118.289,2.465,-0.750,-116.938,17.813,-0.160,-0.012,1.297,-0.438,-2.426,2.148,0.058,0.060,1.114,1.331,3,NULL,NULL,,3,0,2,7,255,1389,250,0,0
stim,214556,244677,0,244677,3441969.454,-0.663,0.018,-0.033,0.748,0,0,2779,0,3045,35,2991,2727,43,0.814,1,2251,0,124.137,2.475,-12.688,-122.438,16.063,-0.109,0.004,1.375,-0.492,-2.426,2.785,0.058,0.064,1.114,1.331,3,NULL,NULL,,3,0,2,7,255,1389,250,0,0
stim,214556,244677,0,244677,3441974.455,-0.662,0.021,-0.038,0.748,0,0,2735,0,3038,0,2989,2699,43,0.814,1,2251,0,132.972,2.252,-33.813,-126.875,21.000,-0.074,0.016,1.391,-0.664,-2.152,3.523,0.058,0.066,1.114,1.331,3,NULL,NULL,,3,0,2,7,255,1389,250,0,0
stim,214556,244677,0,244677,3441979.454,-0.661,0.024,-0.043,0.749,0,0,2693,0,3033,0,2989,2661,43,0.814,1,2251,0,138.449,2.252,-42.563,-129.563,23.875,-0.172,-0.008,1.262,-0.664,-2.152,3.523,0.058,0.068,1.114,1.331,3,NULL,NULL,,3,0,2,7,255,1389,250,0,0
stim,214556,244677,0,244677,3441984.455,-0.660,0.027,-0.048,0.749,0,0,2637,0,3026,0,2987,2616,43,0.814,1,2251,0,138.794,2.960,-34.250,-134.500,0.750,-0.316,0.020,1.184,-0.496,-2.918,2.313,0.058,0.070,1.114,1.331,3,NULL,NULL,,3,0,2,7,255,1389,250,0,0
stim,214556,244677,0,244677,3441989.453,-0.661,0.031,-0.053,0.748,0,0,2585,0,3015,0,2985,2569,43,0.814,1,2251,0,144.313,3.798,-24.125,-139.500,-28.000,-0.230,-0.035,1.277,-0.465,-3.770,2.313,0.058,0.074,1.114,1.331,3,NULL,NULL,,3,0,2,7,255,1389,250,0,0
stim,214556,244677,0,244677,3441994.455,-0.662,0.035,-0.057,0.747,0,0,2524,0,3004,0,2983,2507,43,0.814,1,2251,0,152.915,3.772,-16.063,-146.438,-41.000,-0.188,-0.105,1.484,-0.141,-3.770,2.344,0.060,0.076,1.114,1.331,3,NULL,NULL,,3,0,2,7,255,1389,250,0,0
stim,214586,244707,0,244707,3441999.454,-0.662,0.039,-0.062,0.746,0,0,2473,0,3001,0,2979,2442,43,0.814,1,2251,0,159.170,3.707,-27.938,-153.063,-33.563,-0.121,-0.082,1.613,-0.039,-3.707,4.422,0.060,0.080,1.114,1.331,3,NULL,NULL,,3,0,2,7,255,1389,250,0,0
stim,214586,244707,0,244707,3442004.455,-0.662,0.043,-0.068,0.745,0,0,2399,0,2979,0,2965,2348,43,0.814,1,2251,0,166.908,3.707,-41.750,-159.875,-23.563,-0.223,0.023,1.609,-0.039,-3.707,5.367,0.058,0.084,1.114,1.331,3,NULL,NULL,,3,0,2,7,255,1389,250,0,0
stim,214586,244707,0,244707,3442009.454,-0.663,0.047,-0.075,0.743,0,0,2328,0,2965,0,2958,2253,43,0.814,1,2251,0,180.506,4.872,-51.000,-170.500,-30.188,-0.297,0.168,1.734,-0.973,-4.773,5.676,0.058,0.088,1.114,1.331,3,NULL,NULL,,3,0,2,7,255,1389,250,0,0
stim,214586,244707,0,244707,3442014.455,-0.663,0.052,-0.082,0.742,0,0,2251,0,2941,0,2943,2147,43,0.814,1,2251,0,199.847,6.326,-70.750,-183.563,-35.188,-0.246,0.238,1.699,-2.395,-5.855,5.855,0.056,0.094,1.114,1.331,3,NULL,NULL,,3,0,2,7,255,1389,250,0,0
stim,214586,244707,0,244707,3442019.454,-0.664,0.056,-0.091,0.740,0,0,2163,0,2933,0,2931,2037,43,0.814,1,2251,0,213.490,6.499,-82.125,-194.063,-34.250,-0.211,0.195,1.594,-2.820,-5.855,5.855,0.054,0.100,1.114,1.331,3,NULL,NULL,,3,0,2,7,255,1389,250,0,0
stim,214586,244707,0,244707,3442024.455,-0.664,0.060,-0.099,0.739,0,0,2069,0,2915,0,2907,1935,43,0.814,1,2251,0,225.601,6.499,-78.375,-209.375,-30.250,-0.238,0.141,1.609,-2.820,-5.855,4.855,0.052,0.108,1.114,1.331,3,NULL,NULL,,3,0,2,7,255,1389,250,0,0
stim,214586,244707,0,244707,3442029.454,-0.664,0.065,-0.109,0.737,0,0,1967,0,2897,0,2869,1817,43,0.814,1,2251,0,241.648,6.475,-86.375,-224.438,-23.688,-0.176,0.195,1.621,-2.820,-5.828,4.855,0.052,0.116,1.114,1.331,3,NULL,NULL,,3,0,2,7,255,1389,250,0,0
stim,214586,244707,0,244707,3442034.455,-0.663,0.070,-0.118,0.736,0,0,1863,0,2857,0,2835,1739,43,0.814,1,2251,0,253.388,6.580,-88.375,-236.938,-16.000,-0.148,0.207,1.492,-3.055,-5.828,4.855,0.052,0.126,1.114,1.331,3,NULL,NULL,,3,0,2,7,255,1389,250,0,0
stim,214587,244708,0,244708,3442039.454,-0.662,0.076,-0.128,0.735,0,0,1763,0,2827,0,2793,1647,43,0.814,1,2251,0,261.155,6.326,-70.125,-251.500,-5.688,0.039,0.102,1.180,-3.055,-5.539,3.613,0.054,0.136,1.114,1.331,3,NULL,NULL,,3,0,2,7,255,1389,250,0,0
stim,214587,244708,0,244708,3442044.455,-0.659,0.084,-0.136,0.735,0,0,1691,0,2791,0,2739,1581,43,0.814,1,2251,0,266.160,5.955,-10.063,-264.750,25.438,-0.016,0.254,1.508,-3.168,-5.043,3.613,0.056,0.148,1.114,1.331,3,NULL,NULL,,3,0,2,7,255,1389,250,0,0
stim,214621,244742,0,244742,3442049.454,-0.657,0.092,-0.145,0.734,0,0,1580,0,2745,0,2653,1499,43,0.814,1,2251,0,277.027,6.322,-26.938,-275.313,14.875,-0.207,0.488,2.012,-3.813,-5.043,3.836,0.062,0.160,1.114,1.331,3,NULL,NULL,,3,0,2,7,255,1389,250,0,0
stim,214621,244742,0,244742,3442054.455,-0.655,0.099,-0.155,0.733,0,0,1507,0,2699,0,2579,1408,43,0.814,1,2251,0,289.636,10.948,-69.938,-281.063,-1.250,-0.191,0.570,2.152,-6.273,-8.973,7.473,0.068,0.174,1.114,1.331,3,NULL,NULL,,3,0,2,7,255,1389,250,0,0
stim,214621,244742,0,244742,3442059.454,-0.653,0.106,-0.166,0.731,0,0,1397,0,2647,0,2473,1302,43,0.814,1,2251,0,303.421,11.718,-84.125,-291.500,-3.875,-0.148,0.480,2.129,-6.512,-9.742,8.191,0.076,0.188,1.114,1.331,3,NULL,NULL,,3,0,2,7,255,1389,250,0,0
stim,214621,244742,0,244742,3442064.455,-0.651,0.113,-0.177,0.729,0,0,1241,0,2585,0,2360,1215,43,0.814,1,2251,0,312.554,11.842,-92.250,-298.625,1.750,-0.203,0.492,2.098,-6.605,-9.828,8.191,0.086,0.204,1.114,1.331,3,NULL,NULL,,3,0,2,7,255,1389,250,0,0
stim,214661,244782,0,244782,3442069.454,-0.649,0.120,-0.189,0.727,0,0,1107,0,2489,0,2219,1107,43,0.814,1,2251,0,319.374,12.514,-96.750,-304.188,-10.438,-0.199,0.516,2.254,-6.605,-10.629,8.191,0.098,0.220,1.114,1.331,3,NULL,NULL,,3,0,2,7,255,1389,250,0,0
stim,214661,244782,0,244782,3442074.455,-0.647,0.126,-0.202,0.724,0,0,979,0,2385,0,2011,1019,43,0.814,1,2251,0,338.533,13.439,-128.938,-313.000,-3.250,-0.227,0.336,2.211,-6.605,-11.703,7.789,0.114,0.238,1.114,1.331,3,NULL,NULL,,3,0,2,7,255,1389,250,0,0
stim,214661,244782,0,244782,3442079.454,-0.645,0.131,-0.216,0.721,0,0,792,0,2253,0,1775,957,43,0.814,1,2251,0,362.632,12.906,-164.813,-323.000,-3.125,-0.188,0.133,1.926,-5.441,-11.703,7.789,0.130,0.258,1.114,1.331,3,NULL,NULL,,3,0,2,7,255,1389,250,0,0
stim,214661,244782,0,244782,3442084.455,-0.642,0.137,-0.231,0.718,0,0,645,0,2085,0,1515,827,43,0.814,1,2251,0,377.671,11.372,-171.125,-336.563,8.813,-0.102,-0.047,1.453,-3.387,-10.855,5.480,0.148,0.278,1.114,1.331,3,NULL,NULL,,3,0,2,7,255,1389,250,0,0
stim,214661,244782,0,244782,3442089.454,-0.638,0.144,-0.245,0.715,0,0,473,0,1881,0,1112,741,43,0.814,1,2251,0,368.240,8.265,-120.250,-347.875,11.125,-0.039,-0.148,1.219,-1.359,-8.152,1.902,0.168,0.298,1.114,1.331,3,NULL,NULL,,3,0,2,7,255,1389,250,0,0
stim,214661,244782,0,244782,3442094.455,-0.634,0.154,-0.257,0.713,0,0,327,0,1635,0,696,575,43,0.814,1,2251,0,365.534,6.814,-54.563,-361.438,-1.125,0.070,-0.152,1.336,-0.535,-6.793,1.539,0.188,0.320,1.114,1.331,3,NULL,NULL,,3,0,2,7,255,1389,250,0,0
stim,214661,244782,0,244782,3442099.454,-0.630,0.165,-0.267,0.710,0,0,245,0,1387,0,347,489,43,0.814,1,2251,0,371.560,6.814,-6.438,-371.500,-1.813,0.250,-0.129,1.578,-0.535,-6.793,1.539,0.210,0.342,1.114,1.331,3,NULL,NULL,,3,0,2,7,255,1389,250,0,0
stim,214661,244782,0,244782,3442104.455,-0.625,0.177,-0.277,0.708,0,0,203,0,1084,0,167,425,43,0.814,1,2251,0,372.319,7.253,16.813,-371.938,-1.188,0.496,0.059,1.887,-1.293,-7.137,4.160,0.232,0.364,1.114,1.331,3,NULL,NULL,,3,0,2,7,255,1389,250,0,0
stim,214661,244782,0,244782,3442109.454,-0.618,0.188,-0.287,0.707,0,0,141,0,739,0,0,333,43,0.814,1,2251,0,378.755,8.501,16.188,-375.313,48.313,0.262,0.293,2.270,-3.758,-7.625,7.352,0.254,0.386,1.114,1.331,3,NULL,NULL,,3,0,2,7,255,1389,250,0,0
stim,214661,244782,0,244782,3442114.455,-0.611,0.197,-0.300,0.706,0,0,99,0,431,0,0,315,43,0.814,1,2251,0,384.880,13.855,-55.688,-369.875,90.688,-0.043,0.531,2.313,-5.992,-12.492,7.352,0.278,0.410,1.114,1.331,3,NULL,NULL,,3,0,2,7,255,1389,250,0,0
stim,214692,244813,0,244813,3442119.454,-0.604,0.202,-0.314,0.704,0,0,93,0,209,0,0,203,43,0.814,1,2251,0,403.414,17.209,-133.563,-364.063,111.188,-0.309,0.535,1.969,-7.023,-15.711,5.559,0.304,0.436,1.114,1.331,3,NULL,NULL,,3,0,2,7,255,1389,250,0,0
stim,214692,244813,0,244813,3442124.455,-0.596,0.208,-0.330,0.702,0,0,71,0,0,0,0,119,43,0.814,1,2251,0,413.667,17.238,-164.500,-364.250,106.688,-0.570,0.594,1.645,-7.023,-15.742,0.816,0.334,0.466,1.114,1.331,4,NULL,NULL,,3,0,2,7,255,1389,250,0,0
stim,214692,244813,0,244813,3442129.454,-0.589,0.212,-0.345,0.699,0,0,74,0,0,0,0,51,43,0.814,1,2251,0,409.728,17.138,-169.563,-355.625,112.500,-0.723,0.695,1.176,-6.773,-15.742,-3.883,0.368,0.500,1.114,1.331,0,NULL,NULL,,3,0,2,7,255,1389,250,0,0
stim,214692,244813,0,244813,3442134.455,-0.582,0.219,-0.359,0.696,0,0,83,0,0,0,0,31,43,0.814,1,2251,0,381.772,15.219,-121.063,-357.063,60.000,-0.645,0.883,1.109,-6.773,-13.629,-8.871,0.410,0.540,1.114,1.331,0,NULL,NULL,,3,0,2,7,255,1389,250,0,0
stim,214693,244814,0,244814,3442139.454,-0.577,0.224,-0.373,0.691,0,0,77,0,0,0,0,17,43,0.814,1,2251,0,389.574,16.087,-184.313,-341.188,37.250,-0.426,0.703,1.891,-8.547,-13.629,-8.871,0.456,0.586,1.114,1.331,0,NULL,NULL,,3,0,2,7,255,1389,250,0,0
stim,214693,244814,0,244814,3442144.455,-0.572,0.225,-0.391,0.685,0,0,79,0,0,0,0,17,43,0.814,1,2251,0,440.207,16.500,-289.188,-323.250,75.250,-0.398,0.719,1.488,-8.547,-14.113,-6.313,0.506,0.634,1.114,1.331,0,NULL,NULL,,3,0,2,7,255,1389,250,0,0
stim,214715,244836,0,244836,3442149.454,-0.567,0.222,-0.410,0.679,0,0,84,0,0,0,0,17,43,0.814,1,2251,0,477.080,16.516,-360.438,-290.875,114.375,-0.598,0.961,1.113,-8.578,-14.113,-6.313,0.558,0.688,1.114,1.331,0,NULL,NULL,,3,0,2,7,255,1389,250,0,0
stim,214715,244836,0,244836,3442154.455,-0.564,0.219,-0.428,0.672,0,0,87,0,0,0,0,45,43,0.814,1,2251,0,451.312,14.856,-366.000,-257.750,57.375,-0.582,0.809,0.586,-8.348,-12.289,-11.266,0.610,0.738,1.114,1.331,0,NULL,NULL,,3,0,2,7,255,1389,250,0,0
stim,214715,244836,0,244836,3442159.454,-0.563,0.218,-0.442,0.664,0,0,89,0,0,0,0,72,43,0.814,1,2251,0,372.418,10.649,-300.625,-219.375,-13.938,-0.422,0.082,0.480,-7.262,-7.789,-11.266,0.660,0.788,1.114,1.331,0,NULL,NULL,,3,0,2,7,255,1389,250,0,0
stim,214715,244836,0,244836,3442164.456,-0.562,0.218,-0.453,0.656,0,0,88,0,0,0,0,105,43,0.814,1,2251,0,309.790,6.482,-244.750,-186.625,-35.188,-0.203,-0.234,0.625,-0.824,-6.430,-11.000,0.702,0.832,1.114,1.331,0,NULL,NULL,,3,0,2,7,255,1389,250,0,0
stim,214760,244881,0,244881,3442169.454,-0.563,0.217,-0.464,0.649,0,0,83,0,0,0,0,115,43,0.814,1,2251,0,291.503,6.275,-254.063,-140.750,-24.813,0.152,-0.133,0.570,-0.781,-6.227,-7.605,0.744,0.874,1.114,1.331,0,NULL,NULL,,3,0,2,7,255,1389,250,0,0
stim,214760,244881,0,244881,3442174.455,-0.563,0.212,-0.474,0.643,0,0,85,0,0,0,0,123,43,0.814,1,2251,0,289.259,4.168,-275.250,-88.000,12.813,0.191,0.051,-0.008,-0.781,-4.094,-7.605,0.782,0.912,1.114,1.331,0,NULL,NULL,,3,0,2,7,255,1389,250,0,0
stim,214760,244881,0,244881,3442179.454,-0.564,0.206,-0.481,0.639,0,0,77,0,0,0,0,123,43,0.814,1,2251,0,244.509,1.486,-240.750,-28.563,31.750,0.137,0.297,-0.656,-1.055,1.047,-8.535,0.822,0.954,1.114,1.331,0,NULL,NULL,,3,0,2,7,255,1389,250,0,0
stim,214760,244881,0,244881,3442184.455,-0.565,0.201,-0.485,0.637,0,0,77,0,0,0,0,124,43,0.814,1,2251,0,159.673,6.519,-154.313,24.875,32.625,0.090,0.344,-1.047,-1.055,6.434,-12.711,0.862,0.994,1.114,1.331,0,NULL,NULL,,3,0,2,7,255,1389,250,0,0
stim,214760,244881,0,244881,3442189.454,-0.565,0.197,-0.485,0.637,0,0,73,0,0,0,0,107,43,0.814,1,2251,0,89.772,8.450,-42.125,67.313,41.875,0.043,0.176,-0.980,-0.086,8.449,-14.398,0.914,1.046,1.114,1.331,0,NULL,NULL,,3,0,2,7,255,1389,250,0,0
stim,214760,244881,0,244881,3442194.455,-0.566,0.194,-0.482,0.640,0,0,70,0,0,0,0,109,43,0.814,1,2251,0,123.535,8.561,43.063,102.125,54.563,0.008,0.012,-0.527,1.379,8.449,-14.398,0.970,1.104,1.114,1.331,0,NULL,NULL,,3,0,2,7,255,1389,250,0,0
stim,214760,244881,0,244881,3442199.454,-0.566,0.191,-0.477,0.645,0,0,55,0,0,0,0,103,43,0.814,1,2251,0,164.135,4.528,67.313,128.563,76.688,-0.055,-0.055,-0.066,1.379,4.313,-12.113,1.032,1.166,1.114,1.331,0,NULL,NULL,,3,0,2,7,255,1389,250,0,0
stim,214760,244881,0,244881,3442204.455,-0.566,0.186,-0.472,0.650,0,0,44,0,0,0,0,91,43,0.814,1,2251,0,192.753,0.755,75.000,145.563,101.688,-0.277,0.074,-0.145,0.746,0.117,-12.113,1.100,1.236,1.114,1.331,0,NULL,NULL,,3,0,2,7,255,1389,250,0,0
stim,214760,244881,0,244881,3442209.454,-0.565,0.182,-0.466,0.656,0,0,37,0,0,0,0,83,43,0.814,1,2251,0,215.230,0.590,107.625,156.813,100.750,-0.438,0.199,-0.141,0.488,-0.332,-12.887,1.172,1.306,1.114,1.331,0,NULL,NULL,,3,0,2,7,255,1389,250,0,0
stim,214760,244881,0,244881,3442214.455,-0.565,0.179,-0.459,0.662,0,0,37,0,0,0,0,75,43,0.814,1,2251,0,237.025,1.193,142.188,163.875,95.438,-0.430,0.164,0.000,-0.148,-1.184,-13.672,1.244,1.380,1.114,1.331,0,NULL,NULL,,3,0,2,7,255,1389,250,0,0
stim,214788,244909,0,244909,3442219.454,-0.564,0.176,-0.450,0.669,0,0,33,0,0,0,0,73,43,0.814,1,2251,0,254.948,2.414,161.125,169.063,102.250,-0.465,0.188,0.227,-0.273,-2.398,-13.672,1.318,1.454,1.114,1.331,0,NULL,NULL,,3,0,2,7,255,1389,250,0,0
stim,214788,244909,0,244909,3442224.455,-0.564,0.173,-0.442,0.676,0,0,31,0,0,0,0,71,43,0.814,1,2251,0,259.617,4.548,161.563,173.500,105.813,-0.566,0.270,0.379,-1.063,-4.422,-12.988,1.390,1.528,1.114,1.331,0,NULL,NULL,,3,0,2,7,255,1389,250,0,0
stim,214788,244909,0,244909,3442229.454,-0.563,0.170,-0.434,0.683,0,0,29,0,0,0,0,67,43,0.814,1,2251,0,256.648,6.467,158.688,177.500,95.813,-0.656,0.262,0.438,-1.645,-6.254,-12.988,1.462,1.598,1.114,1.331,0,NULL,NULL,,3,0,2,7,255,1389,250,0,0
stim,214788,244909,0,244909,3442234.455,-0.563,0.167,-0.425,0.689,0,0,29,0,0,0,0,57,43,0.814,1,2251,0,259.106,7.495,165.438,182.000,81.500,-0.672,0.133,0.477,-1.645,-7.313,-12.988,1.530,1.668,1.114,1.331,0,NULL,NULL,,3,0,2,7,255,1389,250,0,0
stim,214788,244909,0,244909,3442239.454,-0.563,0.165,-0.415,0.695,0,0,27,0,0,0,0,55,43,0.814,1,2251,0,261.564,7.851,169.313,187.688,67.250,-0.703,0.102,0.668,-0.602,-7.828,-12.367,1.584,1.722,1.114,1.331,0,NULL,NULL,,3,0,2,7,255,1389,250,0,0
stim,214788,244909,0,244909,3442244.455,-0.565,0.162,-0.406,0.700,0,0,25,0,0,0,0,57,43,0.814,1,2251,0,257.239,9.519,158.750,195.750,51.500,-0.711,0.133,0.871,-0.602,-9.500,-11.176,1.634,1.772,1.114,1.331,0,NULL,NULL,,3,0,2,7,255,1389,250,0,0
stim,214818,244939,0,244939,3442249.454,-0.566,0.158,-0.397,0.705,0,0,21,0,0,0,0,61,43,0.814,1,2251,0,245.642,11.160,133.063,203.938,32.313,-0.742,0.188,1.066,-1.348,-11.078,-9.949,1.674,1.814,1.114,1.331,0,NULL,NULL,,3,0,2,7,255,1389,250,0,0
stim,214818,244939,0,244939,3442254.455,-0.569,0.154,-0.389,0.708,0,0,22,0,0,0,0,82,43,0.814,1,2251,0,234.910,12.887,95.438,214.500,8.000,-0.707,0.156,1.113,-2.148,-12.707,-8.918,1.704,1.844,1.114,1.331,0,NULL,NULL,,3,0,2,7,255,1389,250,0,0
stim,214818,244939,0,244939,3442259.454,-0.573,0.149,-0.381,0.710,0,0,21,0,0,0,0,100,43,0.814,1,2251,0,234.372,12.887,62.563,225.500,-12.875,-0.652,0.105,1.039,-2.148,-12.707,-8.016,1.728,1.870,1.114,1.331,0,NULL,NULL,,3,0,2,7,255,1389,250,0,0
stim,214818,244939,0,244939,3442264.455,-0.578,0.143,-0.374,0.711,0,0,21,0,0,0,0,105,43,0.814,1,2251,0,242.078,11.951,41.188,236.375,-32.125,-0.605,0.094,0.941,-1.734,-11.824,-7.762,1.732,1.876,1.114,1.331,0,NULL,NULL,,3,0,2,7,255,1389,250,0,0
stim,214856,244977,0,244977,3442269.454,-0.584,0.137,-0.366,0.711,0,0,22,0,0,0,0,115,43,0.814,1,2251,0,253.224,10.921,28.375,246.250,-51.750,-0.543,0.094,0.871,-1.695,-10.789,-7.719,1.730,1.872,1.114,1.331,0,NULL,NULL,,3,0,2,7,255,1389,250,0,0
stim,214856,244977,0,244977,3442274.455,-0.590,0.131,-0.359,0.711,0,0,11,0,0,0,0,110,43,0.814,1,2251,0,264.108,9.933,19.313,254.688,-67.188,-0.449,0.063,0.813,-1.590,-9.805,-7.641,1.718,1.862,1.114,1.331,0,NULL,NULL,,3,0,2,7,255,1389,250,0,0
stim,214856,244977,0,244977,3442279.454,-0.597,0.125,-0.351,0.711,0,0,9,0,0,0,0,117,43,0.814,1,2251,0,273.988,8.813,12.438,262.375,-77.938,-0.383,0.008,0.742,-1.590,-8.668,-7.199,1.706,1.852,1.114,1.331,0,NULL,NULL,,3,0,2,7,255,1389,250,0,0
stim,214856,244977,0,244977,3442284.455,-0.604,0.118,-0.343,0.710,0,0,7,0,0,0,0,119,43,0.814,1,2251,0,284.179,7.708,11.375,270.813,-85.375,-0.313,-0.039,0.617,-1.156,-7.621,-7.059,1.696,1.842,1.114,1.331,0,NULL,NULL,,3,0,2,7,255,1389,250,0,0
stim,214856,244977,0,244977,3442289.454,-0.611,0.112,-0.335,0.709,0,0,5,0,0,0,0,122,43,0.814,1,2251,0,294.274,6.284,21.375,279.438,-89.750,-0.285,-0.031,0.512,-0.652,-6.250,-7.059,1.692,1.840,1.114,1.331,0,NULL,NULL,,3,0,2,7,255,1389,250,0,0
stim,214856,244977,0,244977,3442294.455,-0.618,0.105,-0.325,0.708,0,0,6,0,0,0,0,135,43,0.814,1,2251,0,306.493,5.373,41.688,288.688,-94.125,-0.266,-0.023,0.465,-0.598,-5.340,-7.574,1.694,1.840,1.114,1.331,0,NULL,NULL,,3,0,2,7,255,1389,250,0,0
stim,214887,245008,0,245008,3442299.454,-0.625,0.100,-0.315,0.707,0,0,9,0,0,0,0,139,43,0.814,1,2251,0,320.149,4.877,64.813,297.563,-98.750,-0.227,-0.023,0.512,-0.598,-4.840,-7.574,1.698,1.846,1.114,1.331,0,NULL,NULL,,3,0,2,7,255,1389,250,0,0
stim,214887,245008,0,245008,3442304.455,-0.632,0.094,-0.304,0.707,0,0,6,0,0,0,0,144,43,0.814,1,2251,0,333.813,4.814,85.375,306.063,-102.313,-0.066,-0.059,0.535,-0.848,-4.738,-7.074,1.710,1.860,1.114,1.331,0,NULL,NULL,,3,0,2,7,255,1389,250,0,0
stim,214887,245008,0,245008,3442309.454,-0.639,0.089,-0.291,0.707,0,0,0,0,0,0,0,149,43,0.814,1,2251,0,343.081,3.583,104.625,312.813,-94.375,0.027,-0.063,0.563,-0.898,-3.469,-5.836,1.726,1.878,1.114,1.331,0,NULL,NULL,,3,0,2,7,255,1389,250,0,0
stim,214887,245008,0,245008,3442314.455,-0.645,0.084,-0.278,0.707,0,0,0,0,0,0,0,149,43,0.814,1,2251,0,349.665,3.290,128.250,314.938,-81.438,0.008,0.074,0.637,-1.086,-3.105,-5.051,1.750,1.902,1.114,1.331,0,NULL,NULL,,3,0,2,7,255,1389,250,0,0
stim,214887,245008,0,245008,3442319.454,-0.651,0.080,-0.264,0.707,0,0,0,0,0,0,0,153,43,0.814,1,2251,0,358.754,3.972,150.125,316.313,-78.188,0.031,0.121,0.715,-2.477,-3.105,-4.875,1.782,1.936,1.114,1.331,0,NULL,NULL,,3,0,2,7,255,1389,250,0,0
stim,214887,245008,0,245008,3442324.455,-0.656,0.076,-0.250,0.708,0,0,0,0,0,0,0,153,43,0.814,1,2251,0,363.362,4.086,167.500,315.375,-67.188,0.051,0.051,0.809,-2.609,-3.145,-4.156,1.818,1.974,1.114,1.331,0,NULL,NULL,,3,0,2,7,255,1389,250,0,0
stim,214887,245008,0,245008,3442329.454,-0.661,0.072,-0.235,0.709,0,0,0,0,0,0,0,150,43,0.814,1,2251,0,365.627,4.399,180.313,313.938,-51.125,0.074,0.078,0.906,-3.023,-3.195,-2.973,1.866,2.024,1.114,1.331,0,NULL,NULL,,3,0,2,7,255,1389,250,0,0
stim,214887,245008,0,245008,3442334.455,-0.665,0.068,-0.220,0.710,0,0,0,0,0,0,0,150,43,0.814,1,2251,0,367.596,4.419,191.688,310.750,-42.625,-0.023,0.125,1.008,-3.023,-3.223,-1.969,1.918,2.078,1.114,1.331,0,NULL,NULL,,3,0,2,7,255,1389,250,0,0
stim,214887,245008,0,245008,3442339.454,-0.669,0.065,-0.205,0.712,0,0,1,0,0,0,0,153,43,0.814,1,2251,0,371.959,5.501,201.875,309.125,-45.188,-0.016,0.148,1.160,-3.469,-4.270,-1.449,1.974,2.134,1.114,1.331,0,NULL,NULL,,3,0,2,7,255,1389,250,0,0
stim,214887,245008,0,245008,3442344.455,-0.673,0.062,-0.190,0.713,0,0,0,0,0,0,0,149,43,0.814,1,2251,0,370.628,5.961,204.688,305.813,-44.125,-0.012,0.137,1.320,-3.887,-4.520,0.035,2.030,2.192,1.114,1.331,0,NULL,NULL,,3,0,2,7,255,1389,250,0,0
stim,214918,245039,0,245039,3442349.454,-0.676,0.059,-0.174,0.714,0,0,0,0,0,0,0,156,43,0.814,1,2251,0,367.236,6.070,201.500,304.750,-37.250,0.027,0.145,1.492,-3.949,-4.609,1.707,2.084,2.248,1.114,1.331,0,NULL,NULL,,3,0,2,7,255,1389,250,0,0
stim,214918,245039,0,245039,3442354.455,-0.679,0.055,-0.159,0.714,0,0,1,0,0,0,0,155,43,0.814,1,2251,0,356.468,6.314,188.438,300.500,-35.500,-0.090,0.215,1.645,-4.160,-4.750,3.539,2.132,2.298,1.114,1.331,0,NULL,NULL,,3,0,2,7,255,1389,250,0,0
stim,214918,245039,0,245039,3442359.454,-0.682,0.052,-0.145,0.715,0,0,1,0,0,0,0,157,43,0.814,1,2251,0,349.984,6.710,176.063,299.313,-43.625,-0.023,0.188,1.719,-4.492,-4.984,4.676,2.176,2.342,1.114,1.331,0,NULL,NULL,,3,0,2,7,255,1389,250,0,0
stim,214918,245039,0,245039,3442364.455,-0.685,0.048,-0.131,0.715,0,0,0,0,0,0,0,159,43,0.814,1,2251,0,338.726,6.747,156.813,297.000,-44.000,0.000,0.195,1.836,-4.547,-4.984,5.785,2.216,2.382,1.114,1.331,0,NULL,NULL,,3,0,2,7,255,1389,250,0,0
stim,214970,245091,0,245091,3442369.454,-0.688,0.043,-0.118,0.714,0,0,1,0,0,0,0,163,43,0.814,1,2251,0,326.280,6.467,130.563,295.938,-42.813,0.047,0.160,1.855,-4.492,-4.652,7.113,2.248,2.418,1.114,1.331,0,NULL,NULL,,3,0,2,7,255,1389,250,0,0
stim,214970,245091,0,245091,3442374.455,-0.691,0.037,-0.106,0.714,0,0,3,0,0,0,0,160,43,0.814,1,2251,0,314.033,5.542,103.313,293.563,-42.000,0.008,0.176,1.828,-4.070,-3.762,7.387,2.280,2.450,1.114,1.331,0,NULL,NULL,,3,0,2,7,255,1389,250,0,0
stim,214970,245091,0,245091,3442379.454,-0.694,0.031,-0.094,0.713,0,0,1,0,0,0,0,163,43,0.814,1,2251,0,309.123,5.410,87.375,291.313,-55.313,0.102,0.055,1.691,-4.020,-3.621,7.387,2.306,2.478,1.114,1.331,0,NULL,NULL,,3,0,2,7,255,1389,250,0,0
stim,214970,245091,0,245091,3442384.455,-0.697,0.025,-0.082,0.712,0,0,3,0,0,0,0,165,43,0.814,1,2251,0,307.330,3.281,89.438,289.938,-48.875,0.184,-0.016,1.625,-2.598,-2.004,6.480,2.330,2.504,1.114,1.331,0,NULL,NULL,,3,0,2,7,255,1389,250,0,0
stim,214970,245091,0,245091,3442389.454,-0.700,0.019,-0.071,0.711,0,0,7,0,0,0,0,167,43,0.814,1,2251,0,299.935,3.081,81.188,286.563,-35.375,0.047,0.148,1.641,-2.598,-1.656,6.113,2.352,2.528,1.114,1.331,0,NULL,NULL,,3,0,2,7,255,1389,250,0,0
stim,214970,245091,0,245091,3442394.455,-0.702,0.012,-0.060,0.710,0,0,2,0,0,0,0,159,43,0.814,1,2251,0,292.105,3.440,67.813,281.313,-39.875,0.035,0.191,1.543,-3.199,-1.266,5.965,2.374,2.550,1.114,1.331,0,NULL,NULL,,3,0,2,7,255,1389,250,0,0
stim,214970,245091,0,245091,3442399.454,-0.704,0.007,-0.049,0.708,0,0,1,0,0,0,0,165,43,0.814,1,2251,0,289.332,3.440,82.250,274.188,-42.063,0.156,-0.063,1.398,-3.199,-1.266,5.008,2.396,2.572,1.114,1.331,0,NULL,NULL,,3,0,2,7,255,1389,250,0,0
stim,214970,245091,0,245091,3442404.455,-0.706,0.001,-0.037,0.707,0,0,6,0,0,0,0,165,43,0.814,1,2251,0,290.144,0.974,100.438,269.688,-36.938,0.082,-0.043,1.594,-0.969,-0.102,5.008,2.418,2.594,1.114,1.331,0,NULL,NULL,,3,0,2,7,255,1389,250,0,0
stim,214970,245091,0,245091,3442409.454,-0.708,-0.004,-0.027,0.706,0,0,3,0,0,0,0,159,43,0.814,1,2251,0,281.277,1.042,84.438,266.500,-31.063,0.105,0.141,1.648,-0.969,0.383,5.797,2.440,2.618,1.114,1.331,0,NULL,NULL,,3,0,2,7,255,1389,250,0,0
stim,214970,245091,0,245091,3442414.455,-0.709,-0.009,-0.016,0.705,0,0,0,0,0,0,0,160,43,0.814,1,2251,0,273.783,2.428,84.125,259.938,-17.688,0.113,0.137,1.488,-2.379,0.484,5.797,2.462,2.642,1.114,1.331,0,NULL,NULL,,3,0,2,7,255,1389,250,0,0
stim,214970,245091,0,245091,3442419.454,-0.710,-0.014,-0.005,0.705,0,0,7,0,0,0,0,159,43,0.814,1,2251,0,273.789,2.428,101.688,253.563,-18.063,0.004,0.117,1.559,-2.379,0.484,5.375,2.488,2.668,1.114,1.331,0,NULL,NULL,,3,0,2,7,255,1389,250,0,0
stim,214970,245091,0,245091,3442424.455,-0.711,-0.018,0.006,0.703,0,0,3,0,0,0,0,159,43,0.814,1,2251,0,272.938,2.243,112.750,247.375,-24.250,0.031,0.094,1.637,-2.094,0.805,5.375,2.516,2.696,1.114,1.331,0,NULL,NULL,,3,0,2,7,255,1389,250,0,0
stim,214991,245112,0,245112,3442429.454,-0.711,-0.022,0.017,0.702,0,0,8,0,0,0,0,164,43,0.814,1,2251,0,266.622,2.051,107.438,243.375,-17.688,0.148,0.121,1.793,-1.887,0.805,6.137,2.544,2.726,1.114,1.331,0,NULL,NULL,,3,0,2,7,255,1389,250,0,0
stim,214991,245112,0,245112,3442434.455,-0.711,-0.026,0.027,0.702,0,0,7,0,0,0,0,157,43,0.814,1,2251,0,254.519,3.045,92.313,237.188,0.688,0.129,0.176,1.727,-1.887,2.391,6.918,2.574,2.756,1.114,1.331,0,NULL,NULL,,3,0,2,7,255,1389,250,0,0
stim,214991,245112,0,245112,3442439.454,-0.711,-0.029,0.038,0.701,0,0,7,0,0,0,0,157,43,0.814,1,2251,0,254.749,3.048,108.250,230.563,4.438,0.059,0.156,1.547,-1.891,2.391,6.918,2.604,2.786,1.114,1.331,0,NULL,NULL,,3,0,2,7,255,1389,250,0,0
stim,214991,245112,0,245112,3442444.455,-0.711,-0.032,0.049,0.700,0,0,9,0,0,0,0,159,43,0.814,1,2251,0,258.808,3.389,122.938,227.688,-5.125,0.066,0.211,1.781,-2.262,2.523,6.918,2.634,2.816,1.114,1.331,0,NULL,NULL,,3,0,2,7,255,1389,250,0,0
stim,215017,245138,0,245138,3442449.454,-0.711,-0.035,0.059,0.699,0,0,9,0,0,0,0,153,43,0.814,1,2251,0,253.661,3.241,121.688,222.563,-1.438,0.262,0.109,1.699,-1.891,2.633,6.355,2.660,2.844,1.114,1.331,0,NULL,NULL,,3,0,2,7,255,1389,250,0,0
stim,215017,245138,0,245138,3442454.455,-0.711,-0.038,0.070,0.699,0,0,6,0,0,0,0,155,43,0.814,1,2251,0,258.533,4.982,133.188,220.688,19.938,0.277,0.184,1.789,-1.574,4.727,7.145,2.684,2.868,1.114,1.331,0,NULL,NULL,,3,0,2,7,255,1389,250,0,0
stim,215017,245138,0,245138,3442459.454,-0.709,-0.040,0.081,0.699,0,0,9,0,0,0,0,153,43,0.814,1,2251,0,255.295,5.548,129.188,218.625,26.250,0.227,0.285,1.871,-1.574,5.320,7.145,2.706,2.892,1.114,1.331,0,NULL,NULL,,3,0,2,7,255,1389,250,0,0
stim,215017,245138,0,245138,3442464.455,-0.708,-0.043,0.092,0.699,0,0,6,0,0,0,0,152,43,0.814,1,2251,0,254.643,5.607,129.063,217.688,28.250,0.324,0.242,1.832,-1.758,5.324,7.277,2.728,2.912,1.114,1.331,0,NULL,NULL,,3,0,2,7,255,1389,250,0,0
stim,215060,245181,0,245181,3442469.454,-0.707,-0.045,0.103,0.699,0,0,5,0,0,0,0,153,43,0.814,1,2251,0,257.437,6.733,134.313,216.188,38.688,0.398,0.176,1.813,-1.758,6.500,7.277,2.742,2.928,1.114,1.331,0,NULL,NULL,,3,0,2,7,255,1389,250,0,0
stim,215060,245181,0,245181,3442474.455,-0.704,-0.047,0.114,0.699,0,0,12,0,0,0,0,155,43,0.814,1,2251,0,262.817,7.570,142.063,215.063,51.375,0.398,0.211,1.891,-1.000,7.504,7.277,2.756,2.942,1.114,1.331,0,NULL,NULL,,3,0,2,7,255,1389,250,0,0
stim,215060,245181,0,245181,3442479.454,-0.702,-0.049,0.125,0.699,0,0,9,0,0,0,0,158,43,0.814,1,2251,0,260.473,8.055,138.125,213.875,55.000,0.395,0.242,1.961,-1.000,7.992,7.457,2.768,2.954,1.114,1.331,0,NULL,NULL,,3,0,2,7,255,1389,250,0,0
stim,215060,245181,0,245181,3442484.455,-0.700,-0.052,0.135,0.700,0,0,10,0,0,0,0,155,43,0.814,1,2251,0,256.815,8.473,129.563,214.000,58.063,0.453,0.207,2.008,-1.000,8.414,8.016,2.778,2.966,1.114,1.331,0,NULL,NULL,,3,0,2,7,255,1389,250,0,0
stim,215060,245181,0,245181,3442489.454,-0.697,-0.054,0.146,0.700,0,0,12,0,0,0,0,157,43,0.814,1,2251,0,254.262,9.431,120.438,212.438,70.813,0.480,0.176,1.961,-0.496,9.418,8.016,2.788,2.974,1.114,1.331,0,NULL,NULL,,3,0,2,7,255,1389,250,0,0
stim,215060,245181,0,245181,3442494.455,-0.693,-0.057,0.156,0.701,0,0,17,0,0,0,0,157,43,0.814,1,2251,0,256.625,9.879,120.750,211.000,82.188,0.469,0.148,1.906,-0.051,9.879,7.402,2.796,2.982,1.114,1.331,0,NULL,NULL,,3,0,2,7,255,1389,250,0,0
stim,215060,245181,0,245181,3442499.454,-0.690,-0.059,0.166,0.702,0,0,18,0,0,0,0,156,43,0.814,1,2251,0,256.807,9.914,119.875,209.000,88.875,0.449,0.125,1.902,0.285,9.910,6.695,2.802,2.990,1.114,1.331,0,NULL,NULL,,3,0,2,7,255,1389,250,0,0
stim,215060,245181,0,245181,3442504.455,-0.686,-0.061,0.176,0.704,0,0,15,0,0,0,0,155,43,0.814,1,2251,0,255.448,10.007,118.063,205.875,94.500,0.477,0.074,1.922,0.672,9.984,6.527,2.808,2.996,1.114,1.331,0,NULL,NULL,,3,0,2,7,255,1389,250,0,0
stim,215060,245181,0,245181,3442509.454,-0.681,-0.063,0.186,0.705,0,0,17,0,0,0,0,153,43,0.814,1,2251,0,252.140,10.674,110.875,204.000,98.313,0.508,0.008,1.891,1.305,10.594,6.363,2.812,3.002,1.114,1.331,0,NULL,NULL,,3,0,2,7,255,1389,250,0,0
stim,215060,245181,0,245181,3442514.455,-0.677,-0.066,0.196,0.706,0,0,14,0,0,0,0,157,43,0.814,1,2251,0,251.228,11.246,106.125,201.438,106.188,0.531,-0.051,1.766,2.004,11.066,5.688,2.816,3.006,1.114,1.331,0,NULL,NULL,,3,0,2,7,255,1389,250,0,0
stim,215085,245206,0,245206,3442519.454,-0.672,-0.068,0.205,0.708,0,0,17,0,0,0,0,159,43,0.814,1,2251,0,254.006,11.333,111.375,198.500,112.750,0.492,-0.078,1.656,2.445,11.066,4.168,2.816,3.008,1.114,1.331,0,NULL,NULL,,3,0,2,7,255,1389,250,0,0
stim,215085,245206,0,245206,3442524.455,-0.667,-0.069,0.215,0.709,0,0,20,0,0,0,0,165,43,0.814,1,2251,0,255.055,10.936,121.625,194.063,112.250,0.453,-0.129,1.590,2.668,10.605,3.066,2.816,3.008,1.114,1.331,0,NULL,NULL,,3,0,2,7,255,1389,250,0,0
stim,215085,245206,0,245206,3442529.454,-0.663,-0.070,0.225,0.711,0,0,18,0,0,0,0,165,43,0.814,1,2251,0,253.949,10.862,129.375,189.000,109.688,0.449,-0.203,1.570,3.164,10.391,2.320,2.816,3.006,1.114,1.331,0,NULL,NULL,,3,0,2,7,255,1389,250,0,0
stim,215085,245206,0,245206,3442534.455,-0.658,-0.071,0.235,0.712,0,0,19,0,0,0,0,167,43,0.814,1,2251,0,251.526,11.123,133.125,183.063,109.688,0.477,-0.305,1.535,3.969,10.391,1.793,2.810,3.000,1.114,1.331,0,NULL,NULL,,3,0,2,7,255,1389,250,0,0
stim,215103,245224,0,245224,3442539.454,-0.653,-0.072,0.245,0.713,0,0,20,0,0,0,0,160,43,0.814,1,2251,0,251.566,11.492,140.813,173.750,115.188,0.449,-0.418,1.445,4.910,10.391,0.969,2.802,2.994,1.114,1.331,0,NULL,NULL,,3,0,2,7,255,1389,250,0,0
stim,215103,245224,0,245224,3442544.455,-0.649,-0.072,0.255,0.713,0,0,17,0,0,0,0,164,43,0.814,1,2251,0,248.832,11.906,152.938,165.000,106.313,0.352,-0.438,1.473,5.938,10.320,0.164,2.790,2.982,1.114,1.331,0,NULL,NULL,,3,0,2,7,255,1389,250,0,0
stim,215103,245224,0,245224,3442549.454,-0.645,-0.071,0.265,0.714,0,0,18,0,0,0,0,168,43,0.814,1,2251,0,241.938,12.066,162.250,155.125,90.250,0.379,-0.512,1.473,6.422,10.215,-0.172,2.776,2.968,1.114,1.331,0,NULL,NULL,,3,0,2,7,255,1389,250,0,0
stim,215103,245224,0,245224,3442554.455,-0.641,-0.070,0.274,0.713,0,0,18,0,0,0,0,171,43,0.814,1,2251,0,239.171,12.490,171.688,146.000,80.063,0.441,-0.551,1.531,7.188,10.215,-0.363,2.758,2.952,1.114,1.331,0,NULL,NULL,,3,0,2,7,255,1389,250,0,0
stim,215126,245247,0,245247,3442559.454,-0.638,-0.069,0.283,0.713,0,0,19,0,0,0,0,189,43,0.814,1,2251,0,225.566,13.469,162.875,139.375,70.188,0.461,-0.473,1.750,7.547,11.156,-0.363,2.736,2.930,1.114,1.331,0,NULL,NULL,,3,0,2,7,255,1389,250,0,0
stim,215126,245247,0,245247,3442564.455,-0.635,-0.068,0.292,0.712,0,0,18,0,0,0,0,229,43,0.814,1,2251,0,205.898,14.596,147.875,129.313,61.688,0.488,-0.551,1.645,7.727,12.383,-0.328,2.712,2.906,1.114,1.331,0,NULL,NULL,,3,0,2,7,255,1389,250,0,0
stim,215158,245279,0,245279,3442569.454,-0.633,-0.068,0.300,0.711,0,0,23,0,0,0,0,245,43,0.814,1,2251,0,190.864,14.874,138.563,123.375,44.813,0.543,-0.535,1.684,8.074,12.492,-0.328,2.684,2.876,1.114,1.331,0,NULL,NULL,,3,0,2,7,255,1389,250,0,0
stim,215158,245279,0,245279,3442574.455,-0.631,-0.067,0.307,0.710,0,0,21,0,0,0,0,269,43,0.814,1,2251,0,171.864,15.420,122.563,116.188,31.875,0.629,-0.535,1.680,8.074,13.137,-0.438,2.652,2.844,1.114,1.331,0,NULL,NULL,,3,0,2,7,255,1389,250,0,0
stim,215158,245279,0,245279,3442579.454,-0.629,-0.068,0.313,0.708,0,0,25,0,0,0,0,283,43,0.814,1,2251,0,152.198,15.966,105.375,108.875,14.375,0.672,-0.520,1.574,7.961,13.840,-1.117,2.618,2.810,1.114,1.331,0,NULL,NULL,,3,0,2,7,255,1389,250,0,0
stim,215158,245279,0,245279,3442584.455,-0.628,-0.069,0.319,0.707,0,0,23,0,0,0,0,299,43,0.814,1,2251,0,138.610,15.973,92.000,103.625,-3.250,0.887,-0.617,1.480,7.824,13.926,-2.320,2.578,2.772,1.114,1.331,0,NULL,NULL,,3,0,2,7,255,1389,250,0,0
stim,215158,245279,0,245279,3442589.454,-0.627,-0.069,0.324,0.705,0,0,29,0,0,0,0,329,43,0.814,1,2251,0,124.974,17.102,78.750,97.000,-2.813,1.023,-0.680,1.383,7.824,15.207,-4.594,2.538,2.732,1.114,1.331,0,NULL,NULL,,3,0,2,7,255,1389,250,0,0
stim,215158,245279,0,245279,3442594.455,-0.626,-0.070,0.328,0.703,0,0,28,0,0,0,0,335,43,0.814,1,2251,0,113.228,17.356,69.813,88.750,-8.375,1.055,-0.703,1.262,7.824,15.492,-6.445,2.496,2.690,1.114,1.331,0,NULL,NULL,,3,0,2,7,255,1389,250,0,0
stim,215183,245304,0,245304,3442599.454,-0.626,-0.071,0.333,0.701,0,0,26,0,0,0,0,348,43,0.814,1,2251,0,107.702,17.496,69.750,78.938,-22.438,1.137,-0.762,1.160,7.879,15.621,-7.777,2.450,2.644,1.114,1.331,0,NULL,NULL,,3,0,2,7,255,1389,250,0,0
stim,215183,245304,0,245304,3442604.455,-0.627,-0.072,0.337,0.699,0,0,24,0,2,0,0,358,43,0.814,1,2251,0,105.407,17.496,75.625,66.563,-31.000,1.258,-0.832,1.117,7.879,15.621,-9.340,2.402,2.596,1.114,1.331,0,NULL,NULL,,3,0,2,7,255,1389,250,0,0
stim,215183,245304,0,245304,3442609.454,-0.627,-0.071,0.340,0.697,0,0,23,0,1,0,0,375,43,0.814,1,2251,0,103.280,18.276,83.500,51.125,-32.875,1.301,-0.852,1.137,8.211,16.328,-10.699,2.352,2.546,1.114,1.331,0,NULL,NULL,,3,0,2,7,255,1389,250,0,0
stim,215183,245304,0,245304,3442614.455,-0.628,-0.071,0.344,0.695,0,0,27,0,4,0,0,379,43,0.814,1,2251,0,99.282,18.748,88.250,34.188,-30.000,1.301,-0.820,1.223,8.430,16.746,-10.699,2.300,2.494,1.114,1.331,0,NULL,NULL,,3,0,2,7,255,1389,250,0,0
stim,215183,245304,0,245304,3442619.454,-0.629,-0.069,0.347,0.693,0,0,23,0,1,0,0,379,43,0.814,1,2251,0,89.908,19.017,83.688,15.688,-28.875,1.203,-0.715,1.348,8.430,17.047,-10.344,2.246,2.440,1.114,1.331,0,NULL,NULL,,3,0,2,7,255,1389,250,0,0
stim,215183,245304,0,245304,3442624.455,-0.630,-0.068,0.349,0.691,0,0,29,0,1,0,0,383,43,0.814,1,2251,0,77.976,18.911,71.250,-1.875,-31.625,1.125,-0.629,1.445,8.188,17.047,-8.633,2.190,2.384,1.114,1.331,0,NULL,NULL,,3,0,2,7,255,1389,250,0,0
stim,215183,245304,0,245304,3442629.455,-0.632,-0.066,0.350,0.689,0,0,28,0,1,0,0,389,43,0.814,1,2251,0,67.407,18.702,53.438,-19.688,-36.063,0.980,-0.547,1.543,7.938,16.934,-7.227,2.132,2.328,1.114,1.331,0,NULL,NULL,,3,0,2,7,255,1389,250,0,0
stim,215183,245304,0,245304,3442634.453,-0.634,-0.065,0.349,0.687,0,0,25,0,1,0,0,389,43,0.814,1,2251,0,65.076,18.127,30.063,-36.063,-45.063,0.848,-0.512,1.617,7.938,16.297,-5.457,2.072,2.266,1.114,1.331,0,NULL,NULL,,3,0,2,7,255,1389,250,0,0
stim,215201,245322,0,245322,3442639.455,-0.636,-0.064,0.348,0.686,0,0,25,0,0,0,0,391,43,0.814,1,2251,0,74.748,17.576,1.000,-49.000,-56.438,0.758,-0.477,1.629,8.102,15.598,-4.098,2.008,2.202,1.114,1.331,0,NULL,NULL,,3,0,2,7,255,1389,250,0,0
stim,215201,245322,0,245322,3442644.454,-0.639,-0.064,0.345,0.685,0,0,23,0,0,0,0,394,43,0.814,1,2251,0,92.837,16.962,-28.813,-58.938,-65.688,0.699,-0.445,1.559,8.102,14.902,-3.367,1.946,2.140,1.114,1.331,0,NULL,NULL,,3,0,2,7,255,1389,250,0,0
stim,215201,245322,0,245322,3442649.455,-0.642,-0.064,0.341,0.684,0,0,26,0,0,0,0,401,43,0.814,1,2251,0,108.524,15.958,-50.750,-66.250,-69.375,0.672,-0.418,1.445,7.723,13.965,-3.367,1.878,2.072,1.114,1.331,0,NULL,NULL,,3,0,2,7,255,1389,250,0,0
stim,215201,245322,0,245322,3442654.453,-0.645,-0.065,0.337,0.683,0,0,25,0,0,0,0,407,43,0.814,1,2251,0,120.969,14.915,-64.938,-70.813,-73.500,0.629,-0.430,1.340,7.164,13.082,-3.859,1.810,2.004,1.114,1.331,0,NULL,NULL,,3,0,2,7,255,1389,250,0,0
stim,215224,245345,0,245345,3442659.457,-0.648,-0.066,0.333,0.682,0,0,26,0,0,0,0,410,43,0.814,1,2251,0,130.308,13.987,-71.750,-74.375,-79.375,0.594,-0.430,1.277,7.027,12.094,-4.352,1.738,1.932,1.114,1.331,0,NULL,NULL,,3,0,2,7,255,1389,250,0,0
stim,215224,245345,0,245345,3442664.454,-0.651,-0.067,0.328,0.681,0,0,25,0,0,0,0,415,43,0.814,1,2251,0,138.335,13.397,-77.875,-76.188,-85.250,0.625,-0.371,1.246,6.898,11.484,-4.523,1.666,1.860,1.114,1.331,0,NULL,NULL,,3,0,2,7,255,1389,250,0,0
stim,215266,245387,0,245387,3442669.455,-0.655,-0.068,0.323,0.680,0,0,27,0,0,0,0,419,43,0.814,1,2251,0,143.032,13.054,-84.125,-76.875,-86.438,0.680,-0.305,1.195,6.207,11.484,-4.617,1.592,1.786,1.114,1.331,0,NULL,NULL,,3,0,2,7,255,1389,250,0,0
stim,215266,245387,0,245387,3442674.454,-0.658,-0.069,0.318,0.679,0,0,22,0,0,0,0,419,43,0.814,1,2251,0,143.327,12.694,-86.000,-77.500,-84.500,0.699,-0.293,1.145,5.375,11.500,-4.953,1.514,1.708,1.114,1.331,0,NULL,NULL,,3,0,2,7,255,1389,250,0,0
stim,215266,245387,0,245387,3442679.455,-0.661,-0.070,0.313,0.678,0,0,24,87,0,0,0,490,43,0.814,1,2251,0,138.413,12.694,-80.063,-77.813,-81.813,0.617,-0.391,1.215,5.375,11.500,-4.953,1.434,1.628,1.114,1.331,0,NULL,NULL,,3,0,2,7,255,1389,250,0,0
stim,215266,245387,0,245387,3442684.454,-0.659,-0.058,0.315,0.681,573,0,12,915,0,19,0,562,43,0.814,1,2251,0,307.704,13.111,202.750,-165.625,161.688,-0.723,-0.449,3.629,6.297,11.500,-4.516,1.354,1.548,1.114,1.331,0,NULL,NULL,,3,0,2,7,255,1389,250,0,0
stim,215266,245387,0,245387,3442689.455,-0.646,-0.047,0.310,0.696,1141,0,0,1387,0,165,0,601,43,0.814,1,2251,0,535.901,13.248,-53.750,-180.063,501.875,-1.180,2.914,4.613,6.297,11.656,20.887,1.272,1.466,1.114,1.331,0,NULL,NULL,,3,0,2,7,255,1389,250,0,0
stim,215266,245387,0,245387,3442694.453,-0.638,-0.057,0.290,0.711,1643,0,0,1769,0,439,0,691,43,0.814,1,2251,0,630.035,16.194,-571.500,-89.375,249.688,-1.625,2.875,2.098,-11.242,11.656,23.426,1.188,1.382,1.114,1.331,0,NULL,NULL,,3,0,2,7,255,1389,250,0,0
stim,215266,245387,0,245387,3442699.455,-0.634,-0.067,0.272,0.720,1972,0,0,1941,0,587,0,759,42,0.814,1,2252,0,528.754,14.403,-509.875,-97.250,100.750,-1.906,1.688,-0.512,-13.539,-4.914,23.426,1.100,1.294,1.114,1.331,1,1578.000,189.000,,3,0,2,7,255,1389,250,0,0
stim,215266,245387,0,245387,3442704.453,-0.634,-0.073,0.261,0.724,2168,0,0,2013,0,721,0,825,42,0.814,1,2252,0,290.771,20.091,-279.938,-78.375,-6.313,-1.117,1.184,-0.934,-13.539,-14.844,-1.180,1.012,1.204,1.114,1.331,1,NULL,NULL,,3,0,2,7,255,1389,250,0,0
stim,215266,245387,0,245387,3442709.455,-0.636,-0.070,0.258,0.723,2303,0,0,2094,0,867,0,885,42,0.814,1,2252,0,95.570,18.494,-7.375,-90.563,-29.625,-0.059,0.914,0.074,-11.031,-14.844,-6.656,0.922,1.112,1.114,1.331,1,NULL,NULL,,3,0,2,7,255,1389,250,0,0
stim,215266,245387,0,245387,3442714.454,-0.635,-0.066,0.256,0.726,2485,0,0,2294,0,987,0,927,42,0.814,1,2252,0,127.654,8.520,-3.813,-103.000,75.313,0.109,0.875,1.410,-8.477,-0.855,-6.656,0.832,1.020,1.114,1.331,1,NULL,NULL,,3,0,2,7,255,1389,250,0,0
stim,215294,245415,0,245415,3442719.455,-0.631,-0.065,0.249,0.732,2617,0,0,2473,0,995,0,937,42,0.814,1,2252,0,239.322,5.847,-142.813,-109.250,157.938,-0.617,0.637,1.520,-5.816,0.598,3.980,0.742,0.928,1.114,1.331,1,NULL,NULL,,3,0,2,7,255,1389,250,0,0
stim,215294,245415,0,245415,3442724.455,-0.624,-0.065,0.236,0.742,2725,0,0,2603,0,983,0,956,42,0.814,1,2252,0,381.266,2.170,-275.000,-155.938,213.125,-1.840,-0.785,0.699,-2.086,0.598,3.980,0.656,0.836,1.114,1.331,1,NULL,NULL,,3,0,2,7,255,1389,250,0,0
stim,215294,245415,0,245415,3442729.454,-0.623,-0.067,0.223,0.747,2799,0,0,2709,0,951,0,1016,42,0.814,1,2252,0,328.256,17.401,-279.625,-159.125,65.125,-1.840,-1.055,-0.254,12.293,-12.316,1.477,0.572,0.746,1.114,1.331,1,NULL,NULL,,3,0,2,7,255,1389,250,0,0
stim,215294,245415,0,245415,3442734.455,-0.626,-0.065,0.215,0.747,2855,0,0,2797,0,935,0,1074,42,0.814,1,2252,0,210.277,17.401,-108.313,-174.000,-47.000,-0.992,-0.504,-0.457,12.293,-12.316,-7.504,0.494,0.658,1.114,1.331,2,NULL,NULL,,3,0,2,7,255,1389,250,0,0
stim,215294,245415,0,245415,3442739.454,-0.630,-0.059,0.211,0.745,2917,0,0,2859,0,938,0,1169,42,0.814,1,2252,0,201.836,11.687,29.313,-173.250,-99.313,-0.250,-0.035,0.938,6.074,-9.984,-7.504,0.426,0.576,1.114,1.331,2,NULL,NULL,,3,0,2,7,255,1389,250,0,0
stim,215294,245415,0,245415,3442744.455,-0.635,-0.054,0.207,0.742,2952,0,0,2925,0,953,0,1229,42,0.814,1,2252,0,190.944,3.655,19.688,-160.688,-101.250,0.422,-0.176,1.773,3.422,1.285,-0.656,0.364,0.496,1.114,1.331,2,NULL,NULL,,3,0,2,7,255,1389,250,0,0
stim,215318,245439,0,245439,3442749.454,-0.637,-0.051,0.201,0.742,2995,0,0,2968,0,984,0,1271,42,0.814,1,2252,0,149.406,10.992,-43.063,-138.875,-34.375,0.855,-0.477,1.750,3.422,10.445,2.219,0.320,0.424,1.114,1.331,2,NULL,NULL,,3,0,2,7,255,1389,250,0,0
stim,215318,245439,0,245439,3442754.455,-0.635,-0.049,0.195,0.746,3005,0,0,3007,0,1059,0,1311,42,0.814,1,2252,0,178.669,13.562,-102.563,-125.500,75.188,0.730,-0.723,1.430,5.488,12.402,2.219,0.288,0.354,1.114,1.331,2,NULL,NULL,,3,0,2,7,255,1389,250,0,0
stim,215318,245439,0,245439,3442759.455,-0.631,-0.048,0.187,0.751,3025,0,0,3053,0,1121,0,1343,42,0.814,1,2252,0,233.003,14.352,-141.188,-116.938,143.813,-0.105,-0.598,1.094,7.223,12.402,-0.566,0.270,0.288,1.114,1.331,2,NULL,NULL,,3,0,2,7,255,1389,250,0,0
stim,215318,245439,0,245439,3442764.455,-0.628,-0.047,0.180,0.756,3045,0,0,3079,0,1197,0,1385,42,0.814,1,2252,0,217.484,8.007,-135.375,-118.375,122.313,-0.738,-0.316,0.676,7.223,3.457,-0.621,0.274,0.230,1.114,1.331,2,NULL,NULL,,3,0,2,7,255,1389,250,0,0
stim,215359,245480,0,245480,3442769.454,-0.626,-0.045,0.174,0.759,3053,0,0,3087,17,1303,0,1423,42,0.814,1,2252,0,159.259,6.683,-80.500,-123.625,60.000,-0.727,-0.160,0.605,5.246,-4.141,-2.043,0.288,0.178,1.114,1.331,2,NULL,NULL,,3,0,2,7,255,1389,250,0,0
stim,215359,245480,0,245480,3442774.455,-0.626,-0.042,0.169,0.760,3061,0,0,3095,75,1433,0,1493,42,0.814,1,2252,0,134.477,5.516,-36.625,-127.125,24.125,-0.359,-0.090,0.996,3.645,-4.141,-2.043,0.314,0.142,1.114,1.331,2,NULL,NULL,,3,0,2,7,255,1389,250,0,0
stim,215359,245480,0,245480,3442779.454,-0.626,-0.038,0.165,0.761,3056,0,0,3113,119,1504,0,1557,42,0.814,1,2252,0,131.448,2.678,-36.188,-123.313,27.625,-0.094,0.031,1.262,2.668,-0.230,0.215,0.338,0.134,1.114,1.331,2,NULL,NULL,,3,0,2,7,255,1389,250,0,0
stim,215359,245480,0,245480,3442784.455,-0.626,-0.036,0.160,0.763,3081,0,0,3119,201,1596,0,1617,42,0.814,1,2252,0,131.225,2.974,-55.938,-113.563,34.563,-0.063,0.086,1.324,1.281,2.684,2.203,0.360,0.144,1.114,1.331,2,NULL,NULL,,3,0,2,7,255,1389,250,0,0
stim,215359,245480,0,245480,3442789.454,-0.625,-0.034,0.154,0.764,3078,0,0,3125,310,1709,0,1660,42,0.814,1,2252,0,132.423,2.974,-76.125,-103.938,30.625,-0.078,-0.039,1.160,1.281,2.684,2.203,0.362,0.182,1.114,1.331,2,NULL,NULL,,3,0,2,7,255,1389,250,0,0
stim,215359,245480,0,245480,3442794.455,-0.625,-0.033,0.149,0.766,3079,0,0,3131,371,1797,0,1715,42,0.814,1,2252,0,124.685,2.953,-74.813,-96.563,25.000,-0.055,-0.172,0.941,1.711,2.406,1.160,0.368,0.224,1.114,1.331,2,NULL,NULL,,3,0,2,7,255,1389,250,0,0
stim,215359,245480,0,245480,3442799.454,-0.624,-0.031,0.145,0.767,3079,0,0,3123,391,1876,0,1739,42,0.814,1,2252,0,110.620,3.405,-55.625,-92.375,24.688,-0.043,-0.234,0.875,2.625,2.168,-1.121,0.390,0.270,1.114,1.331,2,NULL,NULL,,3,0,2,7,255,1389,250,0,0
stim,215359,245480,0,245480,3442804.455,-0.624,-0.029,0.141,0.768,3083,0,0,3129,432,1939,0,1762,42,0.814,1,2252,0,103.387,3.402,-42.813,-90.188,26.875,-0.098,-0.137,0.988,2.625,2.164,-1.121,0.416,0.310,1.114,1.331,2,NULL,NULL,,3,0,2,7,255,1389,250,0,0
stim,215359,245480,0,245480,3442809.454,-0.623,-0.027,0.137,0.770,3083,0,0,3123,447,2013,0,1776,42,0.814,1,2252,0,102.106,2.927,-45.188,-87.375,27.375,-0.105,0.031,1.012,2.395,1.684,-0.461,0.448,0.348,1.114,1.331,2,NULL,NULL,,3,0,2,7,255,1389,250,0,0
stim,215359,245480,0,245480,3442814.455,-0.623,-0.025,0.133,0.771,3093,0,0,3133,560,2093,0,1852,42,0.814,1,2252,0,99.944,1.517,-43.563,-85.063,29.250,-0.133,0.133,0.992,0.813,1.281,0.031,0.452,0.362,1.114,1.331,2,NULL,NULL,,3,0,2,7,255,1389,250,0,0
stim,215386,245507,0,245507,3442819.454,-0.622,-0.023,0.130,0.772,3087,0,0,3125,665,2153,0,1947,42,0.814,1,2252,0,96.936,0.719,-44.125,-81.813,27.500,-0.148,0.176,1.066,-0.129,0.707,0.066,0.442,0.368,1.114,1.331,2,NULL,NULL,,3,0,2,7,255,1389,250,0,0
stim,215386,245507,0,245507,3442824.455,-0.622,-0.022,0.127,0.772,3101,0,0,3129,803,2215,0,2031,42,0.814,1,2252,0,68.102,0.827,-22.438,-63.875,7.375,-0.027,0.305,1.379,-0.430,0.707,0.836,0.414,0.360,1.114,1.331,2,NULL,NULL,,3,0,2,7,255,1389,250,0,0
stim,215386,245507,0,245507,3442829.454,-0.623,-0.021,0.125,0.772,3095,0,0,3129,919,2261,0,2089,42,0.814,1,2252,0,47.043,2.607,-21.125,-36.375,-21.063,0.180,0.492,1.270,-1.648,2.020,2.621,0.382,0.346,1.114,1.331,2,NULL,NULL,,3,0,2,7,255,1389,250,0,0
stim,215386,245507,0,245507,3442834.455,-0.624,-0.020,0.124,0.772,3096,0,0,3133,991,2292,0,2139,42,0.814,1,2252,0,44.292,5.128,-15.813,-35.938,-20.500,0.285,0.918,1.152,-3.988,3.223,2.621,0.350,0.332,1.114,1.331,2,NULL,NULL,,3,0,2,7,255,1389,250,0,0
stim,215404,245525,0,245525,3442839.454,-0.624,-0.020,0.122,0.771,3096,0,0,3139,1085,2329,0,2173,42,0.814,1,2252,0,38.528,6.110,-22.000,-27.813,-15.063,-0.016,0.668,1.363,-5.191,3.223,2.621,0.332,0.312,1.114,1.331,2,NULL,NULL,,3,0,2,7,255,1389,250,0,0
stim,215404,245525,0,245525,3442844.455,-0.625,-0.022,0.119,0.771,3109,0,0,3143,1127,2361,0,2213,42,0.814,1,2252,0,83.715,5.347,-74.625,-17.688,-33.563,-0.289,0.109,1.379,-5.191,1.281,4.023,0.316,0.290,1.114,1.331,2,NULL,NULL,,3,0,2,7,255,1389,250,0,0
stim,215404,245525,0,245525,3442849.454,-0.627,-0.024,0.116,0.770,3100,0,0,3147,1181,2377,0,2248,42,0.814,1,2252,0,100.425,0.568,-85.063,-13.813,-51.563,-0.094,0.094,0.840,-0.152,0.547,4.023,0.304,0.264,1.114,1.331,2,NULL,NULL,,3,0,2,7,255,1389,250,0,0
stim,215404,245525,0,245525,3442854.455,-0.629,-0.025,0.114,0.768,3100,0,0,3149,1230,2391,0,2267,42,0.814,1,2252,0,81.514,0.568,-48.500,-7.688,-65.063,-0.027,0.215,1.008,-0.152,0.547,0.137,0.286,0.244,1.114,1.331,2,NULL,NULL,,3,0,2,7,255,1389,250,0,0
stim,215432,245553,0,245553,3442859.454,-0.631,-0.026,0.112,0.767,3110,0,0,3159,1275,2391,0,2293,42,0.814,1,2252,0,75.754,1.849,-45.813,-5.688,-60.063,0.094,0.270,1.094,-1.355,1.258,0.137,0.266,0.224,1.114,1.331,2,NULL,NULL,,3,0,2,7,255,1389,250,0,0
stim,215432,245553,0,245553,3442864.455,-0.632,-0.027,0.110,0.766,3103,21,0,3161,1341,2426,0,2317,42,0.814,1,2252,0,63.417,2.329,-49.875,-6.125,-38.688,0.035,0.133,0.953,-1.355,1.895,0.137,0.244,0.214,1.114,1.331,2,NULL,NULL,,3,0,2,7,255,1389,250,0,0
stim,215457,245578,0,245578,3442869.454,-0.634,-0.029,0.108,0.766,3106,41,0,3165,1387,2445,0,2333,42,0.814,1,2252,0,66.427,2.051,-57.750,-0.875,-32.813,-0.215,0.039,1.152,-0.785,1.895,0.801,0.224,0.204,1.114,1.331,2,NULL,NULL,,3,0,2,7,255,1389,250,0,0
stim,215457,245578,0,245578,3442874.455,-0.635,-0.032,0.105,0.764,3119,53,0,3171,1451,2469,0,2355,42,0.814,1,2252,0,99.016,0.298,-81.813,3.125,-55.688,-0.305,0.145,1.156,-0.289,0.074,1.656,0.210,0.196,1.114,1.331,2,NULL,NULL,,3,0,2,7,255,1389,250,0,0
stim,215457,245578,0,245578,3442879.454,-0.638,-0.034,0.102,0.763,3110,71,0,3175,1501,2467,0,2375,42,0.814,1,2252,0,121.240,0.398,-88.313,0.875,-83.063,-0.184,0.098,0.883,-0.289,-0.273,1.656,0.202,0.182,1.114,1.331,2,NULL,NULL,,3,0,2,7,255,1389,250,0,0
stim,215457,245578,0,245578,3442884.455,-0.640,-0.036,0.100,0.761,3109,79,0,3177,1548,2484,0,2394,42,0.814,1,2252,0,93.876,0.398,-56.375,0.438,-75.063,0.027,-0.098,0.699,-0.289,-0.273,-0.941,0.196,0.170,1.114,1.331,2,NULL,NULL,,3,0,2,7,255,1389,250,0,0
stim,215457,245578,0,245578,3442889.454,-0.642,-0.037,0.099,0.759,3111,105,0,3179,1575,2495,0,2415,42,0.814,1,2252,0,56.581,1.778,-26.938,-2.625,-49.688,-0.051,-0.195,0.863,1.094,1.402,-1.574,0.194,0.154,1.114,1.331,2,NULL,NULL,,3,0,2,7,255,1389,250,0,0
stim,215457,245578,0,245578,3442894.455,-0.643,-0.038,0.098,0.758,3111,123,0,3181,1605,2513,0,2427,42,0.814,1,2252,0,44.994,2.612,-22.438,-3.125,-38.875,-0.180,-0.184,0.992,2.203,1.402,-1.574,0.196,0.140,1.114,1.331,2,NULL,NULL,,3,0,2,7,255,1389,250,0,0
stim,215487,245608,0,245608,3442899.454,-0.645,-0.039,0.096,0.757,3111,126,5,3182,1635,2520,0,2446,42,0.814,1,2252,0,55.359,2.238,-27.813,-3.313,-47.750,-0.215,-0.090,0.973,2.203,0.395,-0.121,0.198,0.126,1.114,1.331,2,NULL,NULL,,3,0,2,7,255,1389,250,0,0
stim,215487,245608,0,245608,3442904.455,-0.646,-0.040,0.095,0.756,3145,147,21,3183,1673,2532,0,2457,42,0.814,1,2252,0,54.378,1.604,-22.813,-3.313,-49.250,-0.066,-0.129,0.906,1.555,0.395,-0.121,0.206,0.118,1.114,1.331,2,NULL,NULL,,3,0,2,7,255,1389,250,0,0
stim,215487,245608,0,245608,3442909.454,-0.648,-0.040,0.094,0.755,3113,169,52,3187,1707,2532,0,2471,42,0.814,1,2252,0,37.022,1.956,-15.000,-5.250,-33.438,-0.063,-0.152,0.934,1.555,1.188,-0.809,0.212,0.110,1.114,1.331,2,NULL,NULL,,3,0,2,7,255,1389,250,0,0
stim,215487,245608,0,245608,3442914.455,-0.648,-0.040,0.093,0.755,3112,171,71,3189,1745,2537,0,2478,42,0.814,1,2252,0,25.643,2.112,-10.375,-4.250,-23.063,-0.109,-0.156,0.965,1.746,1.188,-0.809,0.220,0.104,1.114,1.331,2,NULL,NULL,,3,0,2,7,255,1389,250,0,0
stim,215487,245608,0,245608,3442919.454,-0.649,-0.041,0.093,0.754,3115,169,73,3187,1773,2539,0,2486,42,0.814,1,2252,0,20.348,2.047,-9.438,-5.438,-17.188,-0.125,-0.152,0.938,1.824,0.930,-0.652,0.226,0.098,1.114,1.331,2,NULL,NULL,,3,0,2,7,255,1389,250,0,0
stim,215487,245608,0,245608,3442924.455,-0.649,-0.041,0.092,0.754,3113,169,109,3187,1799,2543,0,2493,42,0.814,1,2252,0,14.595,1.955,-4.438,-5.250,-12.875,-0.133,-0.121,0.938,1.824,0.703,-0.629,0.232,0.094,1.114,1.331,2,NULL,NULL,,3,0,2,7,255,1389,250,0,0
stim,215487,245608,0,245608,3442929.454,-0.650,-0.041,0.092,0.753,3113,177,115,3183,1823,2548,0,2501,42,0.814,1,2252,0,12.937,1.622,-3.875,-4.938,-11.313,-0.176,-0.078,0.992,1.520,0.566,-0.629,0.238,0.088,1.114,1.331,2,NULL,NULL,,3,0,2,7,255,1389,250,0,0
stim,215487,245608,0,245608,3442934.455,-0.650,-0.041,0.091,0.753,3115,181,135,3185,1847,2568,0,2507,42,0.901,1,2252,1,17.116,1.211,-7.313,-4.875,-14.688,-0.164,-0.023,0.984,1.191,0.219,-0.063,0.000,0.000,1.211,1.379,2,NULL,NULL,,3,0,2,7,255,1389,250,0,0
stim,215488,245609,0,245609,3442939.455,-0.651,-0.041,0.091,0.753,3115,176,163,3181,1865,2555,0,2511,42,0.901,1,2252,1,14.619,0.684,-4.875,-4.750,-12.938,-0.090,-0.027,0.945,0.648,0.219,-0.063,0.006,0.006,1.211,1.379,2,NULL,NULL,,3,0,2,7,255,1389,250,0,0
stim,215488,245609,0,245609,3442944.454,-0.651,-0.041,0.090,0.753,3115,173,183,3179,1875,2556,0,2517,42,0.901,1,2252,1,7.817,0.747,1.250,-4.438,-6.313,-0.133,-0.008,0.984,0.563,0.492,-0.094,0.012,0.012,1.211,1.379,2,NULL,NULL,,3,0,2,7,255,1389,250,0,0
stim,215520,245641,0,245641,3442949.455,-0.651,-0.041,0.090,0.752,3123,173,201,3175,1885,2573,0,2517,42,0.901,1,2252,1,9.789,0.638,-0.313,-3.688,-9.063,-0.156,0.000,1.031,0.406,0.492,-0.094,0.016,0.016,1.211,1.379,2,NULL,NULL,,3,0,2,7,255,1389,250,0,0
stim,215520,245641,0,245641,3442954.453,-0.652,-0.041,0.090,0.752,3116,171,221,3175,1897,2567,0,2520,42,0.901,1,2252,1,10.975,0.624,-2.063,-2.438,-10.500,-0.117,0.035,1.008,0.383,0.492,0.113,0.018,0.018,1.211,1.379,2,NULL,NULL,,3,0,2,7,255,1389,250,0,0
stim,215520,245641,0,245641,3442959.457,-0.652,-0.041,0.090,0.752,3115,168,243,3175,1903,2569,0,2523,42,0.901,1,2252,1,7.910,0.489,-1.438,-2.063,-7.500,-0.125,0.059,1.000,-0.020,0.488,0.113,0.020,0.020,1.211,1.379,2,NULL,NULL,,3,0,2,7,255,1389,250,0,0
stim,215520,245641,0,245641,3442964.454,-0.652,-0.040,0.090,0.752,3123,167,269,3167,1909,2577,0,2524,42,0.901,1,2252,1,7.247,0.499,-0.063,-1.625,-7.063,-0.156,0.051,1.004,-0.102,0.488,0.113,0.020,0.020,1.211,1.379,2,NULL,NULL,,3,0,2,7,255,1389,250,0,0
stim,215520,245641,0,245641,3442969.455,-0.652,-0.040,0.090,0.751,3113,160,280,3164,1915,2571,0,2525,42,0.901,1,2252,1,10.024,0.315,1.063,-1.750,-9.813,-0.172,0.070,1.012,-0.234,0.211,0.156,0.022,0.020,1.211,1.379,2,NULL,NULL,,3,0,2,7,255,1389,250,0,0
stim,215520,245641,0,245641,3442974.454,-0.653,-0.040,0.090,0.751,3123,153,291,3172,1927,2580,0,2539,42,0.901,1,2252,1,13.742,0.355,1.625,-1.500,-13.563,-0.148,0.086,1.016,-0.285,0.211,0.277,0.020,0.018,1.211,1.379,2,NULL,NULL,,3,0,2,7,255,1389,250,0,0
stim,215564,245685,0,245685,3442979.455,-0.653,-0.040,0.090,0.751,3109,149,297,3155,1925,2579,0,2527,42,0.901,1,2252,1,11.925,0.441,2.000,-1.750,-11.625,-0.109,0.070,1.004,-0.352,0.266,0.277,0.020,0.016,1.211,1.379,2,NULL,NULL,,3,0,2,7,255,1389,250,0,0
stim,215564,245685,0,245685,3442984.454,-0.654,-0.040,0.090,0.750,3107,143,300,3149,1931,2572,0,2527,42,0.901,1,2252,1,10.901,0.524,6.375,-2.438,-8.500,-0.137,0.094,0.973,-0.449,0.270,0.074,0.020,0.014,1.211,1.379,2,NULL,NULL,,3,0,2,7,255,1389,250,0,0
stim,215564,245685,0,245685,3442989.455,-0.654,-0.039,0.090,0.750,3103,139,299,3144,1933,2573,0,2531,42,0.901,1,2252,1,14.002,0.599,8.938,-2.688,-10.438,-0.195,0.152,1.008,-0.535,0.270,0.074,0.022,0.012,1.211,1.379,2,NULL,NULL,,3,0,2,7,255,1389,250,0,0
stim,215564,245685,0,245685,3442994.454,-0.655,-0.039,0.090,0.750,3099,138,301,3135,1940,2572,0,2527,42,0.901,1,2252,1,21.918,0.984,7.500,-3.000,-20.375,-0.195,0.148,1.035,-0.953,-0.246,0.320,0.022,0.012,1.211,1.379,2,NULL,NULL,,3,0,2,7,255,1389,250,0,0
stim,215564,245685,0,245685,3442999.455,-0.655,-0.039,0.090,0.749,3097,133,310,3128,1943,2573,0,2531,42,0.901,1,2252,1,14.631,0.984,2.813,-3.188,-14.000,-0.043,0.023,1.016,-0.953,-0.246,0.320,0.024,0.010,1.211,1.379,2,NULL,NULL,,3,0,2,7,255,1389,250,0,0
stim,215564,245685,0,245685,3443004.453,-0.655,-0.039,0.090,0.749,3093,133,325,3125,1949,2577,0,2535,42,0.901,1,2252,1,8.657,1.270,2.500,-2.938,7.750,-0.051,0.078,1.023,-0.488,1.172,0.188,0.026,0.010,1.211,1.379,2,NULL,NULL,,3,0,2,7,255,1389,250,0,0
stim,215564,245685,0,245685,3443009.455,-0.654,-0.038,0.090,0.750,3095,131,335,3112,1959,2539,0,2537,42,0.901,1,2252,1,14.487,1.270,-0.688,-4.875,13.625,-0.234,0.203,0.996,-0.488,1.172,0.188,0.028,0.010,1.211,1.379,2,NULL,NULL,,3,0,2,7,255,1389,250,0,0
stim,215564,245685,0,245685,3443014.454,-0.654,-0.038,0.090,0.750,3081,132,359,3113,1977,2579,0,2547,42,0.901,1,2252,1,7.821,1.190,4.875,-6.000,-1.188,-0.242,0.148,0.973,-0.895,-0.785,0.188,0.030,0.012,1.211,1.379,2,NULL,NULL,,3,0,2,7,255,1389,250,0,0
stim,215587,245708,0,245708,3443019.455,-0.655,-0.038,0.090,0.750,3067,134,377,3115,1999,2583,0,2555,42,0.901,1,2252,1,9.210,1.190,5.563,-7.063,-2.000,-0.141,0.086,1.020,-0.895,-0.785,0.301,0.032,0.012,1.211,1.379,2,NULL,NULL,,3,0,2,7,255,1389,250,0,0
stim,215587,245708,0,245708,3443024.455,-0.654,-0.037,0.090,0.750,3067,125,397,3095,2019,2571,0,2555,42,0.901,1,2252,1,9.216,0.922,2.375,-8.188,3.500,-0.184,0.164,1.016,-0.895,-0.223,0.313,0.034,0.012,1.211,1.379,2,NULL,NULL,,3,0,2,7,255,1389,250,0,0
stim,215587,245708,0,245708,3443029.454,-0.655,-0.037,0.090,0.750,3061,139,423,3091,2055,2589,0,2577,42,0.901,1,2252,1,8.595,1.109,-1.125,-8.438,-1.188,-0.207,0.164,1.031,-1.086,-0.223,0.387,0.034,0.014,1.211,1.379,2,NULL,NULL,,3,0,2,7,255,1389,250,0,0
stim,215587,245708,0,245708,3443034.455,-0.655,-0.037,0.090,0.750,3053,139,457,3083,2093,2589,0,2587,42,0.901,1,2252,1,12.306,1.109,-5.688,-8.813,-6.438,-0.184,0.105,1.004,-1.086,-0.223,0.387,0.036,0.014,1.211,1.379,2,NULL,NULL,,3,0,2,7,255,1389,250,0,0
stim,215606,245727,0,245727,3443039.454,-0.655,-0.037,0.089,0.749,3050,143,493,3063,2123,2599,0,2589,42,0.901,1,2252,1,13.661,0.624,-6.000,-10.250,-6.750,-0.188,0.070,0.941,-0.555,-0.285,0.242,0.036,0.014,1.211,1.379,2,NULL,NULL,,3,0,2,7,255,1389,250,0,0
stim,215606,245727,0,245727,3443044.455,-0.655,-0.036,0.089,0.749,3037,149,597,3063,2167,2599,0,2611,42,0.901,1,2252,1,13.418,0.297,-1.313,-10.500,-8.250,-0.168,0.020,0.957,-0.227,-0.191,-0.301,0.036,0.016,1.211,1.379,2,NULL,NULL,,3,0,2,7,255,1389,250,0,0
stim,215606,245727,0,245727,3443049.454,-0.656,-0.036,0.088,0.749,3022,147,629,3051,2204,2601,0,2621,42,0.901,1,2252,1,14.485,0.143,0.813,-11.563,-8.688,-0.168,0.031,0.980,0.141,-0.023,-0.301,0.036,0.016,1.211,1.379,2,NULL,NULL,,3,0,2,7,255,1389,250,0,0
stim,215606,245727,0,245727,3443054.455,-0.656,-0.036,0.088,0.749,3016,167,655,3035,2233,2605,0,2633,42,0.901,1,2252,1,14.281,0.143,-2.000,-12.250,-7.063,-0.180,0.078,0.984,0.141,-0.023,-0.070,0.036,0.014,1.211,1.379,2,NULL,NULL,,3,0,2,7,255,1389,250,0,0
stim,215606,245727,0,245727,3443059.454,-0.656,-0.035,0.087,0.749,3005,163,717,3039,2280,2603,0,2661,42,0.901,1,2252,1,17.292,0.186,-1.250,-12.625,-11.750,-0.191,0.051,0.969,-0.031,-0.184,-0.070,0.034,0.014,1.211,1.379,2,NULL,NULL,,3,0,2,7,255,1389,250,0,0
stim,215606,245727,0,245727,3443064.455,-0.657,-0.035,0.087,0.748,2983,171,761,3014,2309,2611,0,2661,42,0.901,1,2252,1,17.779,0.186,-3.625,-13.438,-11.063,-0.164,0.004,0.980,-0.031,-0.184,-0.074,0.034,0.014,1.211,1.379,2,NULL,NULL,,3,0,2,7,255,1389,250,0,0
stim,215662,245783,0,245783,3443069.454,-0.657,-0.035,0.086,0.748,2976,169,791,2999,2340,2613,0,2675,42,0.901,1,2252,1,19.746,0.295,-1.563,-14.500,-13.313,-0.195,0.039,0.934,0.090,-0.281,-0.133,0.034,0.014,1.211,1.379,2,NULL,NULL,,3,0,2,7,255,1389,250,0,0
stim,215662,245783,0,245783,3443074.455,-0.658,-0.034,0.086,0.748,2967,173,878,2997,2367,2612,0,2698,42,0.901,1,2252,1,21.955,0.395,2.625,-14.938,-15.875,-0.117,-0.012,0.961,0.395,0.016,-0.340,0.034,0.016,1.211,1.379,2,NULL,NULL,,3,0,2,7,255,1389,250,0,0
stim,215662,245783,1,245783,3443079.454,-0.658,-0.034,0.085,0.747,2943,184,927,2984,2406,2619,0,2708,42,0.901,1,2252,1,16.683,0.619,1.063,-15.625,-5.750,-0.098,-0.020,0.988,0.453,0.422,-0.340,0.036,0.016,1.211,1.379,2,NULL,NULL,,3,1,2,7,255,1389,250,0,0
stim,215662,245783,1,245783,3443084.455,-0.658,-0.033,0.085,0.747,2936,197,997,2969,2441,2623,0,2724,42,0.901,1,2252,1,16.399,0.619,-0.625,-15.938,-3.813,-0.172,0.055,0.973,0.453,0.422,-0.121,0.036,0.018,1.211,1.379,2,NULL,NULL,,3,1,2,7,255,1389,250,0,0
stim,215662,245783,1,245783,3443089.454,-0.658,-0.033,0.085,0.747,2921,201,1077,2939,2457,2627,3,2725,42,0.901,1,2252,1,18.642,0.114,2.438,-16.313,-8.688,-0.145,0.055,0.965,-0.090,0.070,-0.121,0.038,0.018,1.211,1.379,2,NULL,NULL,,3,1,2,7,255,1389,250,0,0
stim,215662,245783,1,245783,3443094.455,-0.659,-0.032,0.084,0.747,2909,205,1141,2933,2479,2628,22,2735,42,0.901,1,2252,1,19.986,0.164,5.438,-16.313,-10.188,-0.121,0.078,0.988,-0.148,0.070,-0.121,0.038,0.018,1.211,1.379,2,NULL,NULL,,3,1,2,7,255,1389,250,0,0
stim,215662,245783,1,245783,3443099.454,-0.659,-0.031,0.084,0.747,2899,210,1183,2923,2503,2621,42,2744,42,0.901,1,2252,1,19.336,0.466,5.125,-16.563,-8.563,-0.113,0.098,1.008,-0.371,0.281,-0.039,0.040,0.020,1.211,1.379,2,NULL,NULL,,3,1,2,7,255,1389,250,0,0
stim,215662,245783,1,245783,3443104.455,-0.659,-0.030,0.083,0.746,2885,217,1247,2913,2527,2628,85,2763,42,0.901,1,2252,1,18.091,0.648,2.875,-16.000,-7.938,-0.117,0.133,1.031,-0.582,0.285,0.141,0.042,0.022,1.211,1.379,2,NULL,NULL,,3,1,2,7,255,1389,250,0,0
stim,215662,245783,1,245783,3443109.454,-0.660,-0.030,0.083,0.746,2861,227,1301,2894,2553,2636,99,2776,42,0.901,1,2252,1,17.717,0.917,-2.375,-15.000,-9.125,-0.137,0.141,1.039,-0.871,0.285,0.387,0.044,0.022,1.211,1.379,2,NULL,NULL,,3,1,2,7,255,1389,250,0,0
stim,215662,245783,1,245783,3443114.455,-0.660,-0.029,0.082,0.746,2847,229,1341,2885,2583,2637,171,2787,42,0.901,1,2252,1,17.381,0.917,-5.250,-15.188,-6.625,-0.070,0.039,0.992,-0.871,0.285,0.387,0.046,0.022,1.211,1.379,2,NULL,NULL,,3,1,2,7,255,1389,250,0,0
stim,215683,245804,1,245804,3443119.454,-0.660,-0.029,0.082,0.746,2829,236,1428,2867,2601,2639,234,2796,42,0.901,1,2252,1,15.742,0.290,0.063,-15.500,2.750,-0.117,0.004,0.949,-0.055,0.285,-0.102,0.050,0.024,1.211,1.379,2,NULL,NULL,,3,1,2,7,255,1389,250,0,0
stim,215683,245804,1,245804,3443124.455,-0.660,-0.028,0.082,0.746,2809,236,1496,2853,2619,2645,284,2805,42,0.901,1,2252,1,16.653,0.290,5.625,-15.188,-3.875,-0.199,0.141,0.992,-0.055,0.285,-0.102,0.052,0.026,1.211,1.379,2,NULL,NULL,,3,1,2,7,255,1389,250,0,0
stim,215683,245804,1,245804,3443129.454,-0.661,-0.028,0.081,0.746,2799,239,1567,2836,2643,2653,343,2811,42,0.901,1,2252,1,23.737,1.028,4.500,-15.250,-17.625,-0.199,0.148,1.035,-0.863,-0.559,0.141,0.052,0.028,1.211,1.379,2,NULL,NULL,,3,1,2,7,255,1389,250,0,0
stim,215683,245804,1,245804,3443134.455,-0.662,-0.027,0.081,0.745,2775,243,1635,2824,2660,2651,361,2824,42,0.901,1,2252,1,30.489,1.028,-3.063,-14.188,-26.813,-0.117,0.105,1.055,-0.863,-0.559,0.586,0.054,0.030,1.211,1.379,2,NULL,NULL,,3,1,2,7,255,1389,250,0,0
stim,215703,245824,1,245824,3443139.454,-0.662,-0.027,0.080,0.744,2751,245,1687,2809,2671,2651,423,2833,42,0.901,1,2252,1,29.022,0.653,-9.875,-12.875,-24.063,-0.074,-0.004,0.984,-0.586,0.289,0.586,0.054,0.030,1.211,1.379,2,NULL,NULL,,3,1,2,7,255,1389,250,0,0
stim,215703,245824,1,245824,3443144.455,-0.663,-0.027,0.079,0.744,2732,247,1737,2792,2686,2655,479,2839,42,0.901,1,2252,1,23.850,0.741,-7.125,-12.438,-19.063,-0.078,-0.035,0.949,0.359,0.648,-0.164,0.054,0.030,1.211,1.379,2,NULL,NULL,,3,1,2,7,255,1389,250,0,0
stim,215703,245824,1,245824,3443149.454,-0.664,-0.027,0.079,0.744,2715,251,1782,2775,2707,2659,531,2848,42,0.901,1,2252,1,16.841,0.956,-3.438,-12.813,-10.375,-0.074,-0.066,0.945,0.660,0.691,-0.535,0.054,0.028,1.211,1.379,2,NULL,NULL,,3,1,2,7,255,1389,250,0,0
stim,215703,245824,1,245824,3443154.455,-0.664,-0.026,0.078,0.743,2695,250,1827,2761,2717,2663,621,2855,42,0.901,1,2252,1,13.998,1.177,2.000,-13.438,-3.375,-0.074,-0.086,0.945,0.953,0.691,-0.590,0.052,0.026,1.211,1.379,2,NULL,NULL,,3,1,2,7,255,1389,250,0,0
stim,215728,245849,1,245849,3443159.454,-0.664,-0.026,0.078,0.744,2679,250,1861,2743,2727,2648,692,2862,42,0.901,1,2252,1,14.132,1.177,3.688,-13.375,2.688,-0.129,0.000,0.938,0.953,0.691,-0.590,0.050,0.022,1.211,1.379,2,NULL,NULL,,3,1,2,7,255,1389,250,0,0
stim,215728,245849,1,245849,3443164.455,-0.664,-0.025,0.078,0.743,2647,249,1885,2725,2735,2665,781,2869,42,0.901,1,2252,1,18.917,0.421,10.500,-15.313,-3.625,-0.176,0.004,0.980,0.418,0.047,-0.543,0.048,0.020,1.211,1.379,2,NULL,NULL,,3,1,2,7,255,1389,250,0,0
stim,215757,245878,1,245878,3443169.454,-0.664,-0.025,0.077,0.743,2620,251,1903,2709,2745,2667,847,2876,42,0.901,1,2252,1,17.084,0.421,6.625,-13.813,-7.563,-0.078,-0.047,0.980,0.418,0.047,-0.215,0.048,0.020,1.211,1.379,2,NULL,NULL,,3,1,2,7,255,1389,250,0,0
stim,215757,245878,1,245878,3443174.455,-0.664,-0.024,0.077,0.743,2611,256,1931,2685,2751,2669,924,2885,42,0.901,1,2252,1,17.498,0.745,8.125,-15.125,3.375,-0.059,0.035,0.988,0.418,0.617,-0.141,0.048,0.018,1.211,1.379,2,NULL,NULL,,3,1,2,7,255,1389,250,0,0
stim,215757,245878,1,245878,3443179.454,-0.664,-0.023,0.077,0.743,2572,253,1979,2665,2765,2675,979,2888,42,0.901,1,2252,1,16.624,0.617,8.000,-13.688,5.000,-0.133,0.063,1.008,0.000,0.617,-0.141,0.048,0.016,1.211,1.379,2,NULL,NULL,,3,1,2,7,255,1389,250,0,0
stim,215757,245878,1,245878,3443184.455,-0.664,-0.022,0.077,0.744,2539,253,2019,2635,2775,2675,1015,2893,42,0.901,1,2252,1,15.838,0.168,3.750,-14.875,3.938,-0.141,0.094,1.012,-0.168,-0.012,0.152,0.048,0.016,1.211,1.379,2,NULL,NULL,,3,1,2,7,255,1389,250,0,0
stim,215757,245878,1,245878,3443189.454,-0.664,-0.022,0.076,0.744,2505,253,2041,2611,2783,2677,1069,2899,42,0.901,1,2252,1,16.800,0.327,6.000,-15.688,-0.375,-0.152,0.078,0.984,-0.313,-0.098,0.152,0.048,0.016,1.211,1.379,2,NULL,NULL,,3,1,2,7,255,1389,250,0,0
stim,215757,245878,1,245878,3443194.455,-0.664,-0.021,0.076,0.743,2471,255,2073,2588,2796,2677,1135,2904,42,0.901,1,2252,1,18.524,0.344,9.125,-14.938,-6.063,-0.141,0.066,0.988,-0.313,-0.145,-0.016,0.050,0.016,1.211,1.379,2,NULL,NULL,,3,1,2,7,255,1389,250,0,0
stim,215783,245904,1,245904,3443199.454,-0.664,-0.020,0.076,0.743,2429,253,2104,2555,2807,2679,1215,2909,42,0.901,1,2252,1,20.277,0.344,9.938,-16.063,-7.375,-0.113,0.102,1.023,-0.313,-0.145,-0.016,0.050,0.016,1.211,1.379,2,NULL,NULL,,3,1,2,7,255,1389,250,0,0
stim,215783,245904,1,245904,3443204.455,-0.665,-0.019,0.076,0.743,2383,247,2130,2511,2812,2683,1285,2915,42,0.901,1,2252,1,19.862,0.560,8.438,-16.563,-7.000,-0.113,0.125,1.035,-0.551,0.102,0.320,0.052,0.016,1.211,1.379,2,NULL,NULL,,3,1,2,7,255,1389,250,0,0
stim,215783,245904,1,245904,3443209.455,-0.665,-0.019,0.076,0.743,2335,245,2156,2477,2826,2681,1364,2920,42,0.901,1,2252,1,18.656,0.560,5.625,-15.625,-8.500,-0.117,0.098,1.020,-0.551,0.102,0.320,0.054,0.016,1.211,1.379,2,NULL,NULL,,3,1,2,7,255,1389,250,0,0
stim,215783,245904,1,245904,3443214.455,-0.665,-0.018,0.075,0.743,2281,242,2185,2445,2835,2681,1433,2923,42,0.901,1,2252,1,18.140,0.487,3.938,-15.250,-9.000,-0.098,0.051,1.004,-0.477,0.102,0.266,0.056,0.016,1.211,1.379,2,NULL,NULL,,3,1,2,7,255,1389,250,0,0
stim,215783,245904,1,245904,3443219.454,-0.666,-0.017,0.075,0.742,2235,240,2201,2397,2840,2682,1481,2926,42,0.901,1,2252,1,17.288,0.249,3.688,-15.813,-5.938,-0.086,0.031,0.992,-0.059,0.242,0.070,0.058,0.016,1.211,1.379,2,NULL,NULL,,3,1,2,7,255,1389,250,0,0
stim,215783,245904,1,245904,3443224.455,-0.666,-0.017,0.075,0.742,2171,235,2219,2344,2846,2684,1529,2931,42,0.901,1,2252,1,17.362,0.276,5.125,-16.188,-3.625,-0.098,0.023,0.988,0.133,0.242,-0.043,0.060,0.016,1.211,1.379,2,NULL,NULL,,3,1,2,7,255,1389,250,0,0
stim,215783,245904,1,245904,3443229.454,-0.666,-0.016,0.074,0.742,2105,228,2239,2287,2852,2685,1589,2936,42,0.901,1,2252,1,18.179,0.317,7.500,-16.250,-3.188,-0.090,0.027,0.984,0.160,0.273,-0.094,0.060,0.018,1.211,1.379,2,NULL,NULL,,3,1,2,7,255,1389,250,0,0
stim,215783,245904,1,245904,3443234.455,-0.666,-0.015,0.074,0.742,2045,219,2265,2229,2859,2680,1655,2940,42,0.901,1,2252,1,18.655,0.290,8.813,-16.313,-2.063,-0.102,0.051,1.000,0.160,0.242,-0.094,0.062,0.018,1.211,1.379,2,NULL,NULL,,3,1,2,7,255,1389,250,0,0
stim,215801,245922,1,245922,3443239.454,-0.666,-0.014,0.074,0.742,1977,217,2283,2156,2868,2682,1719,2943,42,0.901,1,2252,1,18.505,0.173,7.438,-16.750,-2.563,-0.129,0.078,1.020,-0.020,0.172,0.027,0.062,0.018,1.211,1.379,2,NULL,NULL,,3,1,2,7,255,1389,250,0,0
stim,215801,245922,1,245922,3443244.455,-0.666,-0.014,0.073,0.742,1903,197,2297,2059,2877,2685,1767,2951,42,0.901,1,2252,1,18.646,0.271,4.750,-17.250,-5.250,-0.133,0.086,1.020,-0.250,-0.105,0.277,0.064,0.018,1.211,1.379,2,NULL,NULL,,3,1,2,7,255,1389,250,0,0
stim,215801,245922,1,245922,3443249.454,-0.667,-0.013,0.073,0.742,1828,183,2313,1977,2885,2681,1819,2953,42,0.901,1,2252,1,19.214,0.271,3.563,-17.750,-6.438,-0.105,0.066,1.008,-0.250,-0.105,0.277,0.064,0.018,1.211,1.379,2,NULL,NULL,,3,1,2,7,255,1389,250,0,0
stim,215801,245922,1,245922,3443254.455,-0.667,-0.012,0.073,0.742,1706,175,2333,1890,2891,2683,1867,2958,42,0.901,1,2252,1,19.085,0.203,3.125,-18.063,-5.313,-0.102,0.070,1.023,-0.184,0.086,0.273,0.064,0.018,1.211,1.379,2,NULL,NULL,,3,1,2,7,255,1389,250,0,0
stim,215823,245944,1,245944,3443259.454,-0.667,-0.012,0.072,0.741,1583,159,2357,1815,2901,2683,1903,2963,42,0.901,1,2252,1,18.979,0.203,0.938,-18.063,-5.750,-0.117,0.086,1.039,-0.184,0.086,0.273,0.066,0.016,1.211,1.379,2,NULL,NULL,,3,1,2,7,255,1389,250,0,0
stim,215823,245944,1,245944,3443264.455,-0.667,-0.011,0.072,0.741,1477,135,2375,1699,2905,2685,1955,2966,42,0.901,1,2252,1,19.561,0.294,-3.063,-18.125,-6.688,-0.113,0.094,1.047,-0.293,-0.023,0.477,0.066,0.016,1.211,1.379,2,NULL,NULL,,3,1,2,7,255,1389,250,0,0
stim,215823,245944,1,245944,3443269.454,-0.668,-0.011,0.071,0.741,1357,107,2395,1593,2910,2679,1995,2969,42,0.901,1,2252,1,20.816,0.294,-8.125,-17.500,-7.813,-0.094,0.078,1.047,-0.293,-0.023,0.496,0.068,0.016,1.211,1.379,2,NULL,NULL,,3,1,2,7,255,1389,250,0,0
stim,215823,245944,1,245944,3443274.455,-0.668,-0.011,0.070,0.741,1251,93,2414,1483,2923,2675,2035,2965,42,0.901,1,2252,1,22.860,0.290,-12.500,-17.500,-7.750,-0.094,0.074,1.047,-0.254,0.141,0.508,0.068,0.016,1.211,1.379,2,NULL,NULL,,3,1,2,7,255,1389,250,0,0
stim,215870,245991,1,245991,3443279.454,-0.668,-0.011,0.069,0.741,1129,75,2425,1321,2921,2679,2085,2974,42,0.901,1,2252,1,25.817,0.283,-16.438,-17.563,-9.375,-0.117,0.074,1.031,-0.246,0.141,0.496,0.068,0.016,1.211,1.379,2,NULL,NULL,,3,1,2,7,255,1389,250,0,0
stim,215870,245991,1,245991,3443284.455,-0.669,-0.010,0.068,0.740,967,59,2444,1181,2933,2667,2123,2979,42,0.901,1,2252,1,27.525,0.269,-15.688,-17.563,-14.250,-0.121,0.074,1.004,-0.246,-0.109,0.383,0.070,0.018,1.211,1.379,2,NULL,NULL,,3,1,2,7,255,1389,250,0,0
stim,215870,245991,1,245991,3443289.454,-0.669,-0.010,0.067,0.740,839,39,2462,1075,2937,2660,2162,2981,42,0.901,1,2252,1,28.602,0.329,-12.688,-17.938,-18.313,-0.125,0.066,1.020,-0.246,-0.219,0.266,0.070,0.018,1.211,1.379,2,NULL,NULL,,3,1,2,7,255,1389,250,0,0
stim,215870,245991,1,245991,3443294.455,-0.670,-0.010,0.066,0.739,687,16,2480,917,2949,2654,2207,2985,42,0.901,1,2252,1,30.787,0.300,-14.438,-18.625,-19.813,-0.129,0.070,1.063,-0.191,-0.230,0.266,0.070,0.020,1.211,1.379,2,NULL,NULL,,3,1,2,7,255,1389,250,0,0
stim,215870,245991,1,245991,3443299.454,-0.671,-0.010,0.065,0.739,542,10,2505,775,2956,2647,2249,2987,42,0.901,1,2252,1,36.904,0.297,-21.875,-18.438,-23.313,-0.129,0.059,1.082,-0.188,-0.230,0.703,0.072,0.022,1.211,1.379,2,NULL,NULL,,3,1,2,7,255,1389,250,0,0
stim,215870,245991,1,245991,3443304.455,-0.672,-0.011,0.063,0.738,422,0,2525,649,2967,2643,2287,2989,42,0.901,1,2252,1,46.124,0.260,-31.250,-19.063,-28.063,-0.133,0.047,1.094,-0.121,-0.230,0.891,0.072,0.024,1.211,1.379,2,NULL,NULL,,3,1,2,7,255,1389,250,0,0
stim,215870,245991,1,245991,3443309.454,-0.673,-0.011,0.061,0.737,291,0,2547,495,2966,2592,2313,2991,42,0.901,1,2252,1,53.824,0.243,-37.750,-18.813,-33.438,-0.098,0.074,1.039,-0.121,-0.211,0.891,0.072,0.026,1.211,1.379,2,NULL,NULL,,3,1,2,7,255,1389,250,0,0
stim,215870,245991,1,245991,3443314.455,-0.674,-0.012,0.059,0.736,167,0,2568,342,2973,2615,2364,2999,42,0.901,1,2252,1,52.132,0.438,-34.563,-19.813,-33.625,-0.133,0.082,1.012,-0.352,-0.262,0.426,0.074,0.028,1.211,1.379,2,NULL,NULL,,3,1,2,7,255,1389,250,0,0
stim,215870,245991,1,245991,3443319.454,-0.675,-0.012,0.058,0.735,107,0,2589,209,2981,2604,2397,3000,42,0.901,1,2252,1,52.186,0.549,-29.313,-21.938,-37.188,-0.156,0.059,1.039,-0.352,-0.422,0.426,0.076,0.030,1.211,1.379,2,NULL,NULL,,3,1,2,7,255,1389,250,0,0
stim,215870,245991,1,245991,3443324.455,-0.677,-0.012,0.056,0.734,48,0,2611,133,2986,2585,2424,3000,42,0.901,1,2252,1,58.502,0.477,-28.938,-23.063,-45.313,-0.105,0.031,1.016,-0.223,-0.422,0.215,0.076,0.032,1.211,1.379,2,NULL,NULL,,3,1,2,7,255,1389,250,0,0
stim,215891,246012,0,246012,3443329.454,-0.678,-0.012,0.054,0.733,27,0,2632,87,2997,2572,2469,3005,42,0.901,1,2252,1,59.027,0.139,-28.875,-24.438,-45.313,-0.055,0.027,1.031,-0.051,-0.129,0.309,0.078,0.032,1.211,1.379,2,NULL,NULL,,3,0,2,7,255,1386,250,0,0
stim,215891,246012,0,246012,3443334.455,-0.679,-0.012,0.053,0.732,3,0,2637,55,3005,2551,2507,3005,42,0.901,1,2252,1,60.684,0.359,-29.188,-26.625,-46.063,-0.031,0.066,1.027,-0.051,0.355,0.254,0.080,0.034,1.211,1.379,2,NULL,NULL,,3,0,2,7,255,1386,250,0,0
stim,215891,246012,0,246012,3443339.454,-0.681,-0.012,0.051,0.731,0,0,2655,0,3011,2531,2509,3005,42,0.901,1,2252,0,52.927,0.601,-22.750,-28.813,-38.125,-0.090,0.078,1.039,-0.484,0.355,0.309,0.080,0.036,1.211,1.379,3,NULL,NULL,,3,0,2,7,255,1386,250,0,0
stim,215891,246012,0,246012,3443344.455,-0.682,-0.011,0.050,0.730,0,0,2693,0,3019,2516,2568,3020,42,0.901,1,2252,0,51.799,0.576,-17.938,-31.938,-36.625,-0.164,0.105,1.113,-0.570,-0.078,0.426,0.082,0.036,1.211,1.379,3,NULL,NULL,,3,0,2,7,255,1386,250,0,0
stim,215921,246042,0,246042,3443349.454,-0.683,-0.011,0.048,0.728,0,0,2699,0,3029,2489,2595,3007,42,0.901,1,2252,0,59.695,0.980,-20.375,-34.500,-44.250,-0.176,0.070,1.172,-0.570,-0.797,1.219,0.082,0.038,1.211,1.379,3,NULL,NULL,,3,0,2,7,255,1386,250,0,0
stim,215921,246042,0,246042,3443354.455,-0.685,-0.011,0.046,0.727,0,0,2710,0,3027,2471,2611,3013,42,0.901,1,2252,0,65.594,0.907,-26.625,-36.813,-47.313,-0.137,0.023,1.156,-0.434,-0.797,1.605,0.084,0.040,1.211,1.379,3,NULL,NULL,,3,0,2,7,255,1386,250,0,0
stim,215921,246042,0,246042,3443359.454,-0.686,-0.010,0.044,0.726,0,0,2724,0,3031,2441,2645,3019,42,0.901,1,2252,0,63.199,0.498,-25.625,-40.125,-41.563,-0.129,0.012,1.148,-0.043,-0.496,1.605,0.086,0.042,1.211,1.379,3,NULL,NULL,,3,0,2,7,255,1386,250,0,0
stim,215921,246042,0,246042,3443364.455,-0.687,-0.010,0.042,0.725,0,0,2739,0,3045,2409,2663,3019,42,0.901,1,2252,0,64.111,0.498,-26.563,-43.625,-38.750,-0.129,0.043,1.094,-0.043,-0.496,1.523,0.086,0.042,1.211,1.379,3,NULL,NULL,,3,0,2,7,255,1386,250,0,0
stim,215960,246081,0,246081,3443369.454,-0.689,-0.008,0.040,0.724,0,0,2745,0,3037,2383,2668,3015,42,0.901,1,2252,0,58.677,0.621,-4.500,-48.813,-32.250,-0.148,0.102,1.156,-0.301,-0.543,1.523,0.088,0.046,1.211,1.379,3,NULL,NULL,,3,0,2,7,255,1386,250,0,0
stim,215960,246081,0,246081,3443374.455,-0.689,-0.006,0.039,0.724,0,0,2749,0,3052,2355,2695,3018,42,0.901,1,2252,0,59.223,1.087,16.625,-56.125,-9.000,-0.137,0.242,1.352,-0.852,-0.676,1.613,0.086,0.048,1.211,1.379,3,NULL,NULL,,3,0,2,7,255,1386,250,0,0
stim,215960,246081,0,246081,3443379.454,-0.689,-0.005,0.037,0.724,0,0,2765,0,3051,2323,2715,3023,42,0.901,1,2252,0,63.093,2.215,-24.938,-57.750,-4.875,-0.066,0.227,1.305,-2.109,-0.676,3.023,0.086,0.052,1.211,1.379,3,NULL,NULL,,3,0,2,7,255,1386,250,0,0
stim,215960,246081,0,246081,3443384.455,-0.689,-0.004,0.034,0.724,0,0,2775,0,3053,2277,2735,3020,42,0.901,1,2252,0,74.311,2.112,-46.250,-57.938,-5.125,-0.063,0.016,1.078,-2.109,-0.113,3.023,0.084,0.056,1.211,1.379,3,NULL,NULL,,3,0,2,7,255,1386,250,0,0
stim,215960,246081,0,246081,3443389.454,-0.689,-0.004,0.031,0.724,0,0,2773,0,3067,2230,2749,3018,42,0.901,1,2252,0,71.149,0.175,-34.625,-61.563,8.563,-0.074,-0.086,0.965,-0.133,-0.113,0.789,0.082,0.058,1.211,1.379,3,NULL,NULL,,3,0,2,7,255,1386,250,0,0
stim,215960,246081,0,246081,3443394.455,-0.689,-0.002,0.028,0.725,0,0,2772,0,3063,2184,2773,3013,42,0.901,1,2252,0,68.384,0.897,-16.813,-65.313,11.313,-0.129,-0.098,0.988,0.848,-0.293,-0.078,0.080,0.060,1.211,1.379,3,NULL,NULL,,3,0,2,7,255,1386,250,0,0
stim,215960,246081,0,246081,3443399.454,-0.688,-0.000,0.026,0.725,0,0,2776,0,3077,2145,2789,3017,42,0.901,1,2252,0,68.711,1.204,-5.188,-68.188,6.688,-0.145,-0.047,1.023,0.848,-0.855,-0.078,0.080,0.062,1.211,1.379,3,NULL,NULL,,3,0,2,7,255,1386,250,0,0
stim,215960,246081,0,246081,3443404.455,-0.688,0.002,0.024,0.725,0,0,2767,0,3080,2083,2803,3020,42,0.901,1,2252,0,71.712,1.138,-1.875,-71.688,0.125,-0.137,-0.031,1.137,0.480,-1.031,0.277,0.078,0.066,1.211,1.379,3,NULL,NULL,,3,0,2,7,255,1386,250,0,0
stim,215960,246081,0,246081,3443409.454,-0.688,0.004,0.021,0.725,0,0,2760,0,3080,2015,2813,3013,42,0.901,1,2252,0,74.617,1.081,-9.188,-74.000,2.688,-0.070,-0.027,1.141,0.324,-1.031,1.352,0.076,0.068,1.211,1.379,3,NULL,NULL,,3,0,2,7,255,1386,250,0,0
stim,215960,246081,0,246081,3443414.455,-0.688,0.006,0.019,0.725,0,0,2762,0,3082,1940,2836,3013,42,0.901,1,2252,0,77.097,0.526,-9.938,-75.938,8.875,-0.047,-0.008,1.094,0.238,-0.469,1.352,0.076,0.070,1.211,1.379,3,NULL,NULL,,3,0,2,7,255,1386,250,0,0
stim,215986,246107,0,246107,3443419.454,-0.687,0.008,0.016,0.726,0,0,2744,0,3087,1840,2844,3005,42,0.901,1,2252,0,80.936,0.472,-8.313,-78.625,17.313,-0.059,-0.008,1.102,0.059,-0.469,1.004,0.074,0.072,1.211,1.379,3,NULL,NULL,,3,0,2,7,255,1386,250,0,0
stim,215986,246107,0,246107,3443424.455,-0.687,0.010,0.013,0.727,0,0,2734,0,3091,1751,2855,3005,42,0.901,1,2252,0,84.649,0.492,-9.063,-81.813,19.750,-0.109,-0.016,1.102,0.059,-0.488,0.984,0.072,0.074,1.211,1.379,3,NULL,NULL,,3,0,2,7,255,1386,250,0,0
stim,215986,246107,0,246107,3443429.454,-0.686,0.013,0.011,0.727,0,0,2719,0,3090,1663,2862,3003,42,0.901,1,2252,0,88.151,1.056,-2.063,-85.813,20.063,-0.109,0.027,1.109,0.059,-1.055,1.004,0.070,0.076,1.211,1.379,3,NULL,NULL,,3,0,2,7,255,1386,250,0,0
stim,215986,246107,0,246107,3443434.455,-0.685,0.016,0.008,0.728,0,0,2707,0,3092,1525,2875,3007,42,0.901,1,2252,0,94.048,1.089,0.000,-91.000,23.750,-0.086,0.035,1.156,-0.270,-1.055,1.063,0.066,0.080,1.211,1.379,3,NULL,NULL,,3,0,2,7,255,1386,250,0,0
stim,216004,246125,0,246125,3443439.454,-0.684,0.019,0.005,0.729,0,0,2693,0,3101,1387,2893,3013,42,0.901,1,2252,0,97.131,1.085,-5.000,-93.313,26.500,-0.070,0.051,1.176,-0.348,-1.027,1.512,0.064,0.084,1.211,1.379,3,NULL,NULL,,3,0,2,7,255,1386,250,0,0
stim,216004,246125,0,246125,3443444.455,-0.683,0.021,0.002,0.730,0,0,2651,0,3095,1229,2895,2993,42,0.901,1,2252,0,104.151,1.146,-4.813,-98.813,32.563,-0.078,0.074,1.203,-0.508,-1.027,1.699,0.064,0.088,1.211,1.379,3,NULL,NULL,,3,0,2,7,255,1386,250,0,0
stim,216004,246125,0,246125,3443449.454,-0.682,0.024,-0.001,0.731,0,0,2635,0,3105,1047,2907,2999,42,0.901,1,2252,0,108.313,1.388,-12.500,-102.875,31.500,-0.094,0.090,1.176,-0.730,-1.180,1.699,0.064,0.090,1.211,1.379,3,NULL,NULL,,3,0,2,7,255,1386,250,0,0
stim,216004,246125,0,246125,3443454.455,-0.681,0.027,-0.004,0.732,0,0,2613,0,3099,890,2911,2983,42,0.901,1,2252,0,110.682,1.388,-10.250,-105.938,30.375,-0.055,0.070,1.152,-0.730,-1.180,1.660,0.066,0.096,1.211,1.379,3,NULL,NULL,,3,0,2,7,255,1386,250,0,0
stim,216028,246149,0,246149,3443459.454,-0.680,0.030,-0.008,0.732,0,0,2579,0,3101,723,2919,2974,42,0.901,1,2252,0,114.614,1.604,-13.375,-109.875,29.750,-0.078,0.023,1.145,-0.711,-1.438,1.441,0.068,0.102,1.211,1.379,3,NULL,NULL,,3,0,2,7,255,1386,250,0,0
stim,216028,246149,0,246149,3443464.455,-0.679,0.034,-0.011,0.733,0,0,2543,0,3107,563,2924,2971,42,0.901,1,2252,0,117.211,1.611,-7.563,-112.938,30.438,-0.082,0.074,1.152,-0.711,-1.445,1.402,0.070,0.106,1.211,1.379,3,NULL,NULL,,3,0,2,7,255,1386,250,0,0
stim,216057,246178,0,246178,3443469.454,-0.678,0.037,-0.015,0.734,0,0,2519,0,3101,443,2928,2967,42,0.901,1,2252,0,117.472,1.631,-8.188,-115.938,17.063,-0.215,0.016,1.113,-0.242,-1.613,1.332,0.072,0.112,1.211,1.379,3,NULL,NULL,,3,0,2,7,255,1386,250,0,0
stim,216057,246178,0,246178,3443474.455,-0.678,0.041,-0.018,0.734,0,0,2463,0,3101,332,2934,2943,42,0.901,1,2252,0,120.500,1.905,-0.063,-120.500,-0.313,-0.070,0.074,1.203,-0.715,-1.766,1.402,0.074,0.118,1.211,1.379,3,NULL,NULL,,3,0,2,7,255,1386,250,0,0
stim,216082,246203,0,246203,3443479.454,-0.678,0.044,-0.022,0.733,0,0,2423,0,3113,172,2936,2935,42,0.901,1,2252,0,123.276,1.988,-15.375,-122.313,-0.438,-0.082,0.016,1.234,-0.125,-1.984,1.883,0.074,0.124,1.211,1.379,3,NULL,NULL,,3,0,2,7,255,1386,250,0,0
stim,216082,246203,0,246203,3443484.455,-0.678,0.048,-0.026,0.733,0,0,2356,0,3101,102,2939,2915,42,0.901,1,2252,0,128.051,2.115,-13.813,-127.125,-6.750,-0.066,0.117,1.266,-0.730,-1.984,2.156,0.076,0.132,1.211,1.379,3,NULL,NULL,,3,0,2,7,255,1386,250,0,0
stim,216082,246203,0,246203,3443489.454,-0.678,0.051,-0.031,0.733,0,0,2297,0,3107,40,2952,2887,42,0.901,1,2252,0,135.577,2.142,-28.250,-132.563,-3.188,-0.125,0.059,1.301,-0.535,-2.074,2.449,0.078,0.140,1.211,1.379,3,NULL,NULL,,3,0,2,7,255,1386,250,0,0
stim,216082,246203,0,246203,3443494.455,-0.678,0.054,-0.035,0.732,0,0,2233,0,3109,2,2950,2868,42,0.901,1,2252,0,141.728,2.821,-22.813,-139.625,-8.438,-0.168,0.055,1.398,-0.535,-2.770,2.715,0.082,0.150,1.211,1.379,3,NULL,NULL,,3,0,2,7,255,1386,250,0,0
stim,216082,246203,0,246203,3443499.454,-0.678,0.058,-0.041,0.732,0,0,2165,0,3096,0,2951,2839,42,0.901,1,2252,0,153.277,3.384,-36.000,-148.750,-8.438,-0.141,0.012,1.395,-0.469,-3.352,3.508,0.086,0.160,1.211,1.379,3,NULL,NULL,,3,0,2,7,255,1386,250,0,0
stim,216082,246203,0,246203,3443504.455,-0.678,0.062,-0.046,0.731,0,0,2068,0,3087,2,2939,2797,42,0.901,1,2252,0,159.321,3.472,-29.125,-156.313,-10.063,-0.168,0.012,1.488,-0.141,-3.469,3.566,0.094,0.172,1.211,1.379,3,NULL,NULL,,3,0,2,7,255,1386,250,0,0
stim,216082,246203,0,246203,3443509.454,-0.677,0.066,-0.052,0.731,0,0,1947,0,3087,0,2941,2770,42,0.901,1,2252,0,168.671,3.917,-28.938,-166.125,-3.875,-0.195,0.055,1.520,-0.141,-3.914,4.340,0.102,0.184,1.211,1.379,3,NULL,NULL,,3,0,2,7,255,1386,250,0,0
stim,216082,246203,0,246203,3443514.455,-0.677,0.071,-0.058,0.730,0,0,1829,0,3068,0,2935,2733,42,0.901,1,2252,0,180.484,4.491,-37.375,-176.313,-9.563,-0.227,0.039,1.543,-0.406,-4.473,4.527,0.110,0.196,1.211,1.379,3,NULL,NULL,,3,0,2,7,255,1386,250,0,0
stim,216082,246203,0,246203,3443519.454,-0.677,0.076,-0.065,0.729,0,0,1718,0,3065,11,2927,2681,42,0.901,1,2252,0,192.531,5.062,-42.313,-187.813,-2.063,-0.242,0.047,1.633,-0.523,-5.035,4.633,0.120,0.210,1.211,1.379,3,NULL,NULL,,3,0,2,7,255,1386,250,0,0
stim,216082,246203,0,246203,3443524.455,-0.676,0.080,-0.073,0.729,0,0,1627,0,3051,24,2917,2635,42,0.901,1,2252,0,208.658,5.607,-58.750,-200.125,-6.063,-0.266,0.109,1.578,-0.523,-5.582,4.695,0.134,0.228,1.211,1.379,3,NULL,NULL,,3,0,2,7,255,1386,250,0,0
stim,216082,246203,0,246203,3443529.454,-0.676,0.085,-0.081,0.728,0,0,1544,0,3047,31,2913,2580,42,0.901,1,2252,0,220.454,6.050,-61.250,-211.688,-6.063,-0.340,0.020,1.563,-0.523,-6.027,4.695,0.146,0.244,1.211,1.379,3,NULL,NULL,,3,0,2,7,255,1386,250,0,0
stim,216082,246203,0,246203,3443534.455,-0.675,0.091,-0.089,0.726,0,0,1451,0,3021,29,2877,2506,42,0.901,1,2252,0,232.525,6.910,-44.688,-227.938,-10.750,-0.391,0.020,1.723,-0.320,-6.902,4.695,0.160,0.262,1.211,1.379,3,NULL,NULL,,3,0,2,7,255,1386,250,0,0
stim,216101,246222,0,246222,3443539.454,-0.675,0.097,-0.098,0.725,0,0,1365,0,3005,39,2859,2427,42,0.901,1,2252,0,250.786,8.072,-53.813,-244.375,-16.688,-0.449,-0.012,1.793,-0.289,-8.066,5.559,0.178,0.284,1.211,1.379,3,NULL,NULL,,3,0,2,7,255,1386,250,0,0
stim,216101,246222,0,246222,3443544.455,-0.674,0.104,-0.108,0.723,0,0,1267,0,2983,45,2811,2357,42,0.901,1,2252,0,268.932,9.119,-56.250,-262.375,-17.875,-0.402,0.137,1.910,-0.320,-9.113,5.887,0.198,0.306,1.211,1.379,3,NULL,NULL,,3,0,2,7,255,1386,250,0,0
stim,216101,246222,0,246222,3443549.454,-0.674,0.111,-0.118,0.721,0,0,1197,0,2951,53,2771,2251,42,0.901,1,2252,0,287.794,9.260,-66.813,-278.813,-25.000,-0.297,0.199,1.898,-1.641,-9.113,6.766,0.222,0.330,1.211,1.379,3,NULL,NULL,,3,0,2,7,255,1386,250,0,0
stim,216101,246222,0,246222,3443554.455,-0.673,0.119,-0.128,0.719,0,0,1179,0,2931,52,2716,2143,42,0.901,1,2252,0,299.641,9.591,-51.063,-294.750,-17.313,-0.309,0.074,1.973,-1.641,-9.449,6.852,0.250,0.360,1.211,1.379,3,NULL,NULL,,3,0,2,7,255,1386,250,0,0
stim,216123,246244,0,246244,3443559.454,-0.671,0.128,-0.138,0.717,0,0,1135,0,2879,47,2632,2059,42,0.901,1,2252,0,315.807,9.804,-33.563,-314.000,-3.438,-0.469,0.152,2.234,-2.020,-9.594,7.273,0.278,0.388,1.211,1.379,3,NULL,NULL,,3,0,2,7,255,1386,250,0,0
stim,216123,246244,0,246244,3443564.455,-0.669,0.137,-0.149,0.715,0,0,1035,0,2828,30,2515,1958,42,0.901,1,2252,0,336.029,12.678,-42.938,-333.063,-11.875,-0.582,0.418,2.418,-2.020,-12.516,8.742,0.308,0.418,1.211,1.379,3,NULL,NULL,,3,0,2,7,255,1386,250,0,0
stim,216123,246244,0,246244,3443569.454,-0.668,0.146,-0.162,0.712,0,0,948,0,2787,5,2389,1853,42,0.901,1,2252,0,355.409,15.601,-69.125,-347.063,-32.938,-0.523,0.555,2.441,-4.617,-14.902,9.313,0.340,0.450,1.211,1.379,3,NULL,NULL,,3,0,2,7,255,1386,250,0,0
stim,216123,246244,0,246244,3443574.455,-0.667,0.154,-0.175,0.708,0,0,887,0,2716,0,2237,1746,42,0.901,1,2252,0,373.920,15.979,-98.625,-357.563,-47.313,-0.328,0.500,2.223,-5.766,-14.902,9.313,0.370,0.480,1.211,1.379,3,NULL,NULL,,3,0,2,7,255,1386,250,0,0
stim,216163,246284,0,246284,3443579.454,-0.665,0.163,-0.189,0.704,0,0,799,0,2622,0,2053,1630,42,0.901,1,2252,0,383.352,14.221,-98.750,-368.563,-37.000,-0.242,0.258,2.035,-5.766,-13.000,7.781,0.402,0.510,1.211,1.379,3,NULL,NULL,,3,0,2,7,255,1386,250,0,0
stim,216163,246284,0,246284,3443584.455,-0.663,0.172,-0.202,0.700,0,0,719,0,2526,0,1839,1507,42,0.901,1,2252,0,390.116,12.704,-86.125,-380.000,-19.313,-0.258,0.160,1.980,-3.492,-12.215,6.309,0.440,0.548,1.211,1.379,3,NULL,NULL,,3,0,2,7,255,1386,250,0,0
stim,216163,246284,0,246284,3443589.454,-0.660,0.182,-0.215,0.696,0,0,565,0,2409,0,1581,1365,42,0.901,1,2252,0,398.163,12.495,-65.438,-392.375,-17.125,-0.250,-0.020,1.926,-2.629,-12.215,5.414,0.480,0.588,1.211,1.379,3,NULL,NULL,,3,0,2,7,255,1386,250,0,0
stim,216163,246284,0,246284,3443594.455,-0.657,0.193,-0.228,0.692,0,0,403,0,2251,0,1223,1203,42,0.901,1,2252,0,407.083,12.249,-39.188,-404.750,-18.938,-0.148,-0.223,1.914,-0.914,-12.215,4.938,0.528,0.634,1.211,1.379,3,NULL,NULL,,3,0,2,7,255,1386,250,0,0
stim,216163,246284,0,246284,3443599.454,-0.652,0.205,-0.241,0.689,0,0,253,0,2053,0,807,1055,42,0.901,1,2252,0,416.928,11.964,-26.375,-416.063,-5.000,-0.082,-0.273,1.867,1.008,-11.922,4.723,0.580,0.686,1.211,1.379,3,NULL,NULL,,3,0,2,7,255,1386,250,0,0
stim,216163,246284,0,246284,3443604.455,-0.648,0.216,-0.254,0.685,0,0,217,0,1819,0,415,939,42,0.901,1,2252,0,413.201,11.676,-36.688,-411.563,2.313,0.047,-0.094,1.582,1.008,-11.633,4.559,0.636,0.742,1.211,1.379,3,NULL,NULL,,3,0,2,7,255,1386,250,0,0
stim,216163,246284,0,246284,3443609.454,-0.642,0.227,-0.266,0.682,0,0,156,0,1524,0,206,796,42,0.901,1,2252,0,411.702,9.423,-23.125,-410.563,20.063,0.219,-0.129,1.379,0.145,-9.422,2.578,0.696,0.802,1.211,1.379,3,NULL,NULL,,3,0,2,7,255,1386,250,0,0
stim,216163,246284,0,246284,3443614.455,-0.635,0.238,-0.279,0.679,0,0,117,0,1136,0,0,669,42,0.901,1,2252,0,428.508,9.040,-20.000,-422.625,67.875,0.039,-0.082,1.387,-0.156,-9.039,1.883,0.754,0.860,1.211,1.379,3,NULL,NULL,,3,0,2,7,255,1386,250,0,0
stim,216190,246311,0,246311,3443619.454,-0.627,0.249,-0.292,0.678,0,0,105,0,787,0,0,539,42,0.901,1,2252,0,435.543,9.040,-7.313,-426.563,87.688,-0.254,0.016,1.457,-0.156,-9.039,0.430,0.810,0.918,1.211,1.379,3,NULL,NULL,,3,0,2,7,255,1386,250,0,0
stim,216190,246311,0,246311,3443624.455,-0.618,0.261,-0.305,0.676,0,0,89,0,351,0,0,463,42,0.901,1,2252,0,441.953,11.967,10.875,-432.438,90.563,-0.422,0.012,1.453,-0.566,-11.953,-1.578,0.858,0.966,1.211,1.379,3,NULL,NULL,,3,0,2,7,255,1386,250,0,0
stim,216190,246311,0,246311,3443629.454,-0.607,0.274,-0.317,0.675,0,0,71,0,25,0,0,356,42,0.901,1,2252,0,478.035,13.344,44.313,-456.375,135.188,-0.582,-0.145,1.434,-0.566,-13.332,-3.234,0.902,1.012,1.211,1.379,3,NULL,NULL,,3,0,2,7,255,1386,250,0,0
stim,216190,246311,0,246311,3443634.455,-0.595,0.286,-0.330,0.675,0,0,37,0,0,0,0,231,42,0.901,1,2252,0,502.457,14.393,49.750,-470.313,169.688,-0.652,0.066,1.359,-0.422,-14.387,-4.867,0.942,1.054,1.211,1.379,4,NULL,NULL,,3,0,2,7,255,1386,250,0,0
stim,216191,246312,0,246312,3443639.454,-0.583,0.297,-0.344,0.673,0,0,10,0,0,0,0,135,42,0.901,1,2252,0,474.397,14.393,7.813,-453.375,139.438,-0.438,0.559,1.137,-0.422,-14.387,-6.688,0.982,1.096,1.211,1.379,0,NULL,NULL,,3,0,2,7,255,1386,250,0,0
stim,216191,246312,0,246312,3443644.455,-0.575,0.306,-0.357,0.670,0,0,22,0,0,0,0,100,42,0.901,1,2252,0,421.583,13.012,-43.750,-410.563,85.188,0.074,1.086,0.871,-5.250,-11.906,-6.688,1.030,1.144,1.211,1.379,0,NULL,NULL,,3,0,2,7,255,1386,250,0,0
stim,216213,246334,0,246334,3443649.454,-0.568,0.313,-0.369,0.666,0,0,24,0,0,0,0,126,42,0.901,1,2252,0,369.999,13.230,-100.250,-347.188,79.438,0.391,1.301,0.793,-10.973,-7.391,-5.984,1.082,1.198,1.211,1.379,0,NULL,NULL,,3,0,2,7,255,1386,250,0,0
stim,216213,246334,0,246334,3443654.455,-0.562,0.315,-0.382,0.662,0,0,27,0,0,0,0,179,42,0.901,1,2252,0,329.801,12.201,-147.688,-276.125,103.500,0.348,0.855,0.633,-10.973,-5.336,-5.211,1.152,1.268,1.211,1.379,0,NULL,NULL,,3,0,2,7,255,1386,250,0,0
stim,216213,246334,0,246334,3443659.454,-0.557,0.316,-0.391,0.661,0,0,30,0,0,0,0,201,42,0.901,1,2252,0,250.470,10.631,-90.750,-202.125,116.813,0.035,0.273,0.719,-9.195,-5.336,-5.211,1.224,1.340,1.211,1.379,0,NULL,NULL,,3,0,2,7,255,1386,250,0,0
stim,216213,246334,0,246334,3443664.455,-0.552,0.318,-0.397,0.661,0,0,43,0,0,0,0,217,42,0.901,1,2252,0,173.044,6.876,-34.188,-134.688,103.125,-0.320,-0.008,1.234,-3.102,-6.137,-6.551,1.298,1.416,1.211,1.379,0,NULL,NULL,,3,0,2,7,255,1386,250,0,0
stim,216263,246384,0,246384,3443669.454,-0.550,0.317,-0.401,0.661,0,0,40,0,0,0,0,216,42,0.901,1,2252,0,113.100,12.152,-65.250,-69.813,60.500,-0.469,0.004,1.590,-0.035,-12.152,-6.551,1.376,1.494,1.211,1.379,0,NULL,NULL,,3,0,2,7,255,1386,250,0,0
stim,216263,246384,0,246384,3443674.455,-0.551,0.313,-0.406,0.659,0,0,25,0,0,0,0,223,42,0.901,1,2252,0,157.847,12.648,-153.063,-2.313,38.500,-0.281,-0.078,1.313,0.008,-12.648,-6.410,1.454,1.572,1.211,1.379,0,NULL,NULL,,3,0,2,7,255,1386,250,0,0
stim,216263,246384,0,246384,3443679.454,-0.553,0.305,-0.411,0.658,0,0,24,0,0,0,0,211,42,0.901,1,2252,0,219.624,12.648,-201.938,55.750,65.938,-0.199,0.133,0.648,-0.035,-12.648,-6.410,1.534,1.652,1.211,1.379,0,NULL,NULL,,3,0,2,7,255,1386,250,0,0
stim,216263,246384,0,246384,3443684.455,-0.554,0.296,-0.415,0.658,0,0,23,0,0,0,0,169,42,0.901,1,2252,0,224.242,6.780,-178.625,101.875,89.438,-0.363,0.555,0.188,-1.512,-6.609,-8.770,1.610,1.728,1.211,1.379,0,NULL,NULL,,3,0,2,7,255,1386,250,0,0
stim,216263,246384,0,246384,3443689.454,-0.556,0.288,-0.416,0.659,0,0,19,0,0,0,0,135,42,0.901,1,2252,0,197.282,5.916,-119.063,135.625,79.688,-0.488,0.602,0.063,-4.813,-3.441,-13.230,1.682,1.802,1.211,1.379,0,NULL,NULL,,3,0,2,7,255,1386,250,0,0
stim,216263,246384,0,246384,3443694.455,-0.558,0.280,-0.415,0.661,0,0,22,0,0,0,0,127,42,0.901,1,2252,0,190.213,5.916,-78.563,161.000,63.938,-0.457,0.199,0.344,-4.813,-3.441,-13.230,1.744,1.864,1.211,1.379,0,NULL,NULL,,3,0,2,7,255,1386,250,0,0
stim,216263,246384,0,246384,3443699.454,-0.561,0.272,-0.414,0.663,0,0,16,0,0,0,0,107,42,0.901,1,2252,0,205.891,5.425,-88.688,173.813,65.688,-0.410,0.023,0.387,-1.426,-5.234,-12.375,1.794,1.914,1.211,1.379,0,NULL,NULL,,3,0,2,7,255,1386,250,0,0
stim,216263,246384,0,246384,3443704.455,-0.563,0.262,-0.413,0.666,0,0,10,0,0,0,0,108,42,0.901,1,2252,0,228.911,5.235,-103.563,186.063,84.000,-0.285,-0.035,0.273,0.074,-5.234,-11.305,1.836,1.956,1.211,1.379,0,NULL,NULL,,3,0,2,7,255,1386,250,0,0
stim,216263,246384,0,246384,3443709.454,-0.565,0.253,-0.413,0.668,0,0,7,0,0,0,0,117,42,0.901,1,2252,0,236.989,3.805,-97.500,189.250,104.125,-0.402,0.098,-0.027,0.074,-3.805,-11.305,1.866,1.986,1.211,1.379,0,NULL,NULL,,3,0,2,7,255,1386,250,0,0
stim,216263,246384,0,246384,3443714.455,-0.566,0.244,-0.411,0.672,0,0,0,0,0,0,0,115,42,0.901,1,2252,0,225.651,1.973,-65.250,191.438,100.063,-0.480,0.145,-0.129,-0.047,-1.973,-13.395,1.878,2.000,1.211,1.379,0,NULL,NULL,,3,0,2,7,255,1386,250,0,0
stim,216283,246404,0,246404,3443719.454,-0.568,0.235,-0.408,0.675,0,0,0,0,0,0,0,117,42,0.901,1,2252,0,218.317,1.641,-33.750,195.875,90.313,-0.414,0.066,-0.121,-0.047,-1.641,-13.824,1.880,2.002,1.211,1.379,0,NULL,NULL,,3,0,2,7,255,1386,250,0,0
stim,216283,246404,0,246404,3443724.455,-0.569,0.228,-0.404,0.679,0,0,0,0,0,0,0,121,42,0.901,1,2252,0,222.141,1.533,-11.125,199.625,96.813,-0.332,0.047,-0.063,0.398,-1.480,-13.824,1.866,1.988,1.211,1.379,0,NULL,NULL,,3,0,2,7,255,1386,250,0,0
stim,216283,246404,0,246404,3443729.455,-0.570,0.220,-0.400,0.684,0,0,0,0,0,0,0,123,42,0.901,1,2252,0,229.419,1.533,0.938,203.688,105.563,-0.391,0.172,0.090,0.398,-1.480,-12.809,1.848,1.970,1.211,1.379,0,NULL,NULL,,3,0,2,7,255,1386,250,0,0
stim,216283,246404,0,246404,3443734.454,-0.570,0.212,-0.395,0.688,0,0,0,0,0,0,0,122,42,0.901,1,2252,0,234.019,3.123,2.375,209.813,103.625,-0.453,0.133,0.160,-0.453,-3.090,-12.738,1.830,1.954,1.211,1.379,0,NULL,NULL,,3,0,2,7,255,1386,250,0,0
stim,216303,246424,0,246424,3443739.455,-0.571,0.204,-0.390,0.693,0,0,0,0,0,0,0,125,42,0.901,1,2252,0,233.210,4.064,17.250,212.563,94.375,-0.563,0.152,0.137,-0.453,-4.039,-12.738,1.820,1.942,1.211,1.379,0,NULL,NULL,,3,0,2,7,255,1386,250,0,0
stim,216303,246424,0,246424,3443744.453,-0.573,0.197,-0.384,0.697,0,0,0,0,0,0,0,122,42,0.901,1,2252,0,232.898,4.614,31.563,218.625,73.813,-0.609,0.094,0.359,-0.281,-4.605,-12.598,1.814,1.936,1.211,1.379,0,NULL,NULL,,3,0,2,7,255,1386,250,0,0
stim,216303,246424,0,246424,3443749.455,-0.574,0.190,-0.378,0.701,0,0,0,0,0,0,0,123,42,0.901,1,2252,0,234.313,6.645,28.875,223.813,63.063,-0.574,0.027,0.539,-0.051,-6.645,-12.223,1.810,1.936,1.211,1.379,0,NULL,NULL,,3,0,2,7,255,1386,250,0,0
stim,216303,246424,0,246424,3443754.454,-0.577,0.183,-0.372,0.704,0,0,0,0,0,0,0,127,42,0.901,1,2252,0,237.889,7.750,16.563,230.625,55.938,-0.594,0.102,0.660,-0.051,-7.750,-10.516,1.818,1.944,1.211,1.379,0,NULL,NULL,,3,0,2,7,255,1386,250,0,0
stim,216335,246456,0,246456,3443759.455,-0.579,0.175,-0.366,0.707,0,0,0,0,0,0,0,127,42,0.901,1,2252,0,244.391,8.810,2.813,240.313,44.375,-0.598,0.160,0.691,-0.754,-8.777,-9.961,1.830,1.956,1.211,1.379,0,NULL,NULL,,3,0,2,7,255,1386,250,0,0
stim,216335,246456,0,246456,3443764.453,-0.583,0.166,-0.360,0.709,0,0,0,0,0,0,0,145,42,0.901,1,2252,0,253.424,9.181,-9.438,251.625,28.625,-0.625,0.184,0.715,-1.395,-9.074,-9.801,1.848,1.976,1.211,1.379,0,NULL,NULL,,3,0,2,7,255,1386,250,0,0
stim,216357,246478,0,246478,3443769.455,-0.587,0.158,-0.354,0.711,0,0,0,0,0,0,0,147,42,0.901,1,2252,0,265.939,9.525,-20.188,265.063,7.625,-0.633,0.172,0.711,-1.594,-9.391,-9.715,1.874,2.004,1.211,1.379,0,NULL,NULL,,3,0,2,7,255,1386,250,0,0
stim,216357,246478,0,246478,3443774.454,-0.592,0.148,-0.348,0.712,0,0,0,0,0,0,0,149,42,0.901,1,2252,0,282.820,9.525,-26.625,281.188,-14.563,-0.586,0.102,0.684,-1.594,-9.391,-9.543,1.906,2.036,1.211,1.379,0,NULL,NULL,,3,0,2,7,255,1386,250,0,0
stim,216357,246478,0,246478,3443779.455,-0.598,0.139,-0.341,0.712,0,0,0,0,0,0,0,149,42,0.901,1,2252,0,301.091,8.926,-27.938,298.313,-29.750,-0.523,0.043,0.656,-1.117,-8.855,-9.004,1.942,2.074,1.211,1.379,0,NULL,NULL,,3,0,2,7,255,1386,250,0,0
stim,216357,246478,0,246478,3443784.454,-0.604,0.129,-0.333,0.712,0,0,0,0,0,0,0,150,42,0.901,1,2252,0,319.689,8.213,-24.938,316.250,-39.563,-0.488,0.051,0.617,-0.926,-8.160,-8.438,1.986,2.122,1.211,1.379,0,NULL,NULL,,3,0,2,7,255,1386,250,0,0
stim,216380,246501,0,246501,3443789.455,-0.611,0.120,-0.324,0.712,0,0,0,0,0,0,0,151,42,0.901,1,2252,0,336.862,7.646,-16.688,332.750,-49.750,-0.484,0.094,0.586,-0.926,-7.590,-8.438,2.036,2.172,1.211,1.379,0,NULL,NULL,,3,0,2,7,255,1386,250,0,0
stim,216380,246501,0,246501,3443794.453,-0.618,0.110,-0.315,0.712,0,0,0,0,0,0,0,149,42,0.901,1,2252,0,352.514,7.471,-3.688,347.188,-60.938,-0.449,0.125,0.578,-1.352,-7.348,-8.344,2.090,2.226,1.211,1.379,0,NULL,NULL,,3,0,2,7,255,1386,250,0,0
stim,216380,246501,0,246501,3443799.455,-0.625,0.100,-0.304,0.712,0,0,0,0,0,0,0,149,42,0.901,1,2252,0,364.316,7.171,13.188,357.813,-67.250,-0.414,0.129,0.613,-1.801,-6.941,-8.281,2.142,2.282,1.211,1.379,0,NULL,NULL,,3,0,2,7,255,1386,250,0,0
stim,216380,246501,0,246501,3443804.454,-0.633,0.091,-0.293,0.711,0,0,0,0,0,0,0,148,42,0.901,1,2252,0,374.692,7.089,26.313,366.063,-75.500,-0.336,0.184,0.680,-2.066,-6.781,-7.637,2.196,2.336,1.211,1.379,0,NULL,NULL,,3,0,2,7,255,1386,250,0,0
stim,216380,246501,0,246501,3443809.455,-0.640,0.082,-0.281,0.711,0,0,0,0,0,0,0,153,42,0.901,1,2252,0,377.860,6.960,43.125,368.063,-73.813,-0.031,0.113,0.598,-2.684,-6.422,-6.715,2.246,2.388,1.211,1.379,0,NULL,NULL,,3,0,2,7,255,1386,250,0,0
stim,216380,246501,0,246501,3443814.453,-0.646,0.073,-0.269,0.710,0,0,0,0,0,0,0,159,42,0.901,1,2252,0,380.270,4.233,59.125,368.875,-71.000,0.012,0.023,0.512,-2.684,-3.273,-5.656,2.292,2.436,1.211,1.379,0,NULL,NULL,,3,0,2,7,255,1386,250,0,0
stim,216380,246501,0,246501,3443819.455,-0.653,0.065,-0.256,0.710,0,0,0,0,0,0,0,157,42,0.901,1,2252,0,377.713,3.128,94.438,360.625,-60.813,0.000,0.078,0.465,-2.063,-2.352,-5.656,2.334,2.480,1.211,1.379,0,NULL,NULL,,3,0,2,7,255,1386,250,0,0
stim,216380,246501,0,246501,3443824.455,-0.658,0.059,-0.241,0.711,0,0,0,0,0,0,0,151,42,0.901,1,2252,0,381.338,3.128,134.313,351.375,-62.563,-0.020,0.156,0.586,-2.063,-2.352,-5.656,2.372,2.518,1.211,1.379,0,NULL,NULL,,3,0,2,7,255,1386,250,0,0
stim,216380,246501,0,246501,3443829.455,-0.663,0.054,-0.226,0.711,0,0,0,0,0,0,0,147,42,0.901,1,2252,0,382.721,4.043,161.125,341.938,-59.938,-0.008,0.117,0.770,-3.051,-2.652,-5.359,2.404,2.552,1.211,1.379,0,NULL,NULL,,3,0,2,7,255,1386,250,0,0
stim,216380,246501,0,246501,3443834.454,-0.668,0.049,-0.211,0.712,0,0,0,0,0,0,0,147,42,0.901,1,2252,0,381.774,4.378,176.750,333.813,-55.500,-0.008,0.207,0.930,-3.109,-3.082,-3.512,2.434,2.584,1.211,1.379,0,NULL,NULL,,3,0,2,7,255,1386,250,0,0
stim,216401,246522,0,246522,3443839.455,-0.673,0.045,-0.195,0.712,0,0,0,0,0,0,0,145,42,0.901,1,2252,0,382.640,5.237,191.625,327.875,-46.813,0.086,0.246,1.043,-4.234,-3.082,-2.176,2.460,2.612,1.211,1.379,0,NULL,NULL,,3,0,2,7,255,1386,250,0,0
stim,216401,246522,0,246522,3443844.453,-0.676,0.042,-0.180,0.713,0,0,0,0,0,0,0,145,42,0.901,1,2252,0,382.640,5.958,204.313,322.063,-30.750,0.035,0.297,1.270,-4.836,-3.480,-0.793,2.484,2.636,1.211,1.379,0,NULL,NULL,,3,0,2,7,255,1386,250,0,0
stim,216401,246522,0,246522,3443849.455,-0.679,0.038,-0.164,0.714,0,0,0,0,0,0,0,141,42,0.901,1,2252,0,378.520,6.684,203.625,317.875,-27.750,-0.051,0.273,1.500,-5.590,-3.664,1.148,2.506,2.660,1.211,1.379,0,NULL,NULL,,3,0,2,7,255,1386,250,0,0
stim,216401,246522,0,246522,3443854.454,-0.682,0.034,-0.148,0.715,0,0,0,0,0,0,0,145,42,0.901,1,2252,0,370.463,7.354,193.875,314.125,-31.313,-0.094,0.266,1.688,-5.598,-4.770,3.250,2.526,2.680,1.211,1.379,0,NULL,NULL,,3,0,2,7,255,1386,250,0,0
stim,216424,246545,0,246545,3443859.455,-0.686,0.030,-0.133,0.715,0,0,0,0,0,0,0,145,42,0.901,1,2252,0,361.876,7.704,177.125,312.375,-44.750,-0.113,0.262,1.848,-5.609,-5.281,5.129,2.546,2.702,1.211,1.379,0,NULL,NULL,,3,0,2,7,255,1386,250,0,0
stim,216424,246545,0,246545,3443864.453,-0.689,0.026,-0.119,0.714,0,0,0,0,0,0,0,141,42,0.901,1,2252,0,351.538,7.721,156.875,311.063,-47.000,-0.020,0.262,1.949,-5.633,-5.281,6.816,2.568,2.722,1.211,1.379,0,NULL,NULL,,3,0,2,7,255,1386,250,0,0
stim,216424,246545,0,246545,3443869.455,-0.692,0.020,-0.106,0.714,0,0,0,0,0,0,0,145,42,0.901,1,2252,0,339.010,7.172,129.563,310.063,-44.750,-0.074,0.348,2.070,-5.641,-4.430,8.164,2.590,2.746,1.211,1.379,0,NULL,NULL,,3,0,2,7,255,1386,250,0,0
stim,216424,246545,0,246545,3443874.454,-0.695,0.014,-0.094,0.712,0,0,0,0,0,0,0,149,42,0.901,1,2252,0,326.671,7.673,91.000,308.938,-54.688,-0.090,0.398,2.090,-6.422,-4.199,9.266,2.612,2.770,1.211,1.379,0,NULL,NULL,,3,0,2,7,255,1386,250,0,0
stim,216466,246588,0,246588,3443879.455,-0.699,0.007,-0.082,0.711,0,0,0,0,0,0,0,147,42,0.901,1,2252,0,320.038,7.609,65.750,307.313,-60.500,0.027,0.250,1.871,-6.422,-4.082,9.266,2.638,2.794,1.211,1.379,0,NULL,NULL,,3,0,2,7,255,1386,250,0,0
stim,216466,246588,0,246588,3443884.454,-0.702,-0.001,-0.071,0.709,0,0,0,0,0,0,0,152,42,0.901,1,2252,0,315.741,5.464,65.313,304.375,-52.750,0.098,0.125,1.652,-5.035,-2.121,7.906,2.666,2.822,1.211,1.379,0,NULL,NULL,,3,0,2,7,255,1386,250,0,0
stim,216467,246588,0,246588,3443889.455,-0.704,-0.007,-0.059,0.707,0,0,0,0,0,0,0,159,42,0.901,1,2252,0,313.851,4.396,74.000,301.000,-49.250,0.000,0.199,1.773,-4.195,-1.313,7.152,2.694,2.850,1.211,1.379,0,NULL,NULL,,3,0,2,7,255,1386,250,0,0
stim,216467,246588,0,246588,3443894.453,-0.707,-0.015,-0.049,0.705,0,0,0,0,0,0,0,159,42,0.901,1,2252,0,309.641,4.277,48.125,298.563,-66.500,0.004,0.281,1.781,-4.195,-0.832,7.152,2.722,2.880,1.211,1.379,0,NULL,NULL,,3,0,2,7,255,1386,250,0,0
stim,216467,246588,0,246588,3443899.455,-0.710,-0.022,-0.038,0.702,0,0,0,0,0,0,0,163,42,0.901,1,2252,0,305.953,4.277,47.250,294.750,-67.063,0.152,0.188,1.609,-4.195,-0.832,7.152,2.752,2.910,1.211,1.379,0,NULL,NULL,,3,0,2,7,255,1386,250,0,0
stim,216467,246588,0,246588,3443904.454,-0.713,-0.028,-0.027,0.700,0,0,0,0,0,0,0,167,42,0.901,1,2252,0,298.993,3.879,63.313,288.000,-49.438,0.199,0.109,1.512,-3.715,1.117,5.664,2.782,2.940,1.211,1.379,0,NULL,NULL,,3,0,2,7,255,1386,250,0,0
stim,216467,246588,0,246588,3443909.455,-0.714,-0.034,-0.016,0.699,0,0,0,0,0,0,0,157,42,0.901,1,2252,0,294.918,3.933,75.500,282.563,-37.875,0.086,0.215,1.648,-3.715,1.293,5.664,2.810,2.966,1.211,1.379,0,NULL,NULL,,3,0,2,7,255,1386,250,0,0
stim,216467,246588,0,246588,3443914.453,-0.716,-0.040,-0.005,0.697,0,0,0,0,0,0,0,154,42,0.901,1,2252,0,291.175,3.866,89.688,274.188,-39.500,0.070,0.215,1.543,-3.574,1.473,4.984,2.834,2.992,1.211,1.379,0,NULL,NULL,,3,0,2,7,255,1386,250,0,0
stim,216484,246605,0,246605,3443919.455,-0.718,-0.044,0.007,0.695,0,0,0,0,0,0,0,155,42,0.901,1,2252,0,291.796,4.105,104.813,269.313,-40.375,0.094,0.262,1.785,-3.832,1.473,6.031,2.856,3.014,1.211,1.379,0,NULL,NULL,,3,0,2,7,255,1386,250,0,0
stim,216484,246605,0,246605,3443924.455,-0.719,-0.049,0.018,0.693,0,0,0,0,0,0,0,157,42,0.901,1,2252,0,281.652,4.213,100.938,260.688,-34.375,0.188,0.203,1.703,-3.574,2.230,6.449,2.874,3.032,1.211,1.379,0,NULL,NULL,,3,0,2,7,255,1386,250,0,0
stim,216484,246605,0,246605,3443929.455,-0.720,-0.053,0.029,0.691,0,0,0,0,0,0,0,159,42,0.901,1,2252,0,281.870,4.788,118.750,255.000,-18.000,0.184,0.230,1.734,-3.313,3.457,6.672,2.890,3.048,1.211,1.379,0,NULL,NULL,,3,0,2,7,255,1386,250,0,0
stim,216484,246605,0,246605,3443934.454,-0.721,-0.056,0.041,0.690,0,0,0,0,0,0,0,167,42,0.901,1,2252,0,280.521,5.048,130.313,248.063,-13.250,0.164,0.266,1.789,-3.313,3.809,6.672,2.902,3.062,1.211,1.379,0,NULL,NULL,,3,0,2,7,255,1386,250,0,0
stim,216507,246628,0,246628,3443939.455,-0.721,-0.059,0.053,0.688,0,0,0,0,0,0,0,159,42,0.901,1,2252,0,282.279,5.369,142.500,243.375,-12.000,0.223,0.305,1.891,-3.492,4.078,7.180,2.912,3.072,1.211,1.379,0,NULL,NULL,,3,0,2,7,255,1386,250,0,0
stim,216507,246628,0,246628,3443944.453,-0.721,-0.062,0.065,0.687,0,0,0,0,0,0,0,162,42,0.901,1,2252,0,279.828,6.250,144.938,239.313,-5.125,0.352,0.301,1.926,-3.492,5.184,7.977,2.918,3.078,1.211,1.379,0,NULL,NULL,,3,0,2,7,255,1386,250,0,0
stim,216507,246628,0,246628,3443949.455,-0.721,-0.064,0.077,0.686,0,0,5,0,0,0,0,163,42,0.901,1,2252,0,278.937,7.622,149.125,235.438,11.688,0.414,0.336,1.945,-3.332,6.855,8.004,2.924,3.084,1.211,1.379,0,NULL,NULL,,3,0,2,7,255,1386,250,0,0
stim,216507,246628,0,246628,3443954.454,-0.720,-0.066,0.089,0.685,0,0,1,0,0,0,0,159,42,0.901,1,2252,0,280.513,8.538,158.000,230.063,28.188,0.473,0.313,1.922,-3.289,7.879,8.004,2.928,3.088,1.211,1.379,0,NULL,NULL,,3,0,2,7,255,1386,250,0,0
stim,216507,246628,0,246628,3443959.455,-0.718,-0.068,0.101,0.685,0,0,7,0,0,0,0,164,42,0.901,1,2252,0,279.566,9.190,159.438,226.500,37.875,0.508,0.352,1.992,-2.906,8.719,8.004,2.930,3.090,1.211,1.379,0,NULL,NULL,,3,0,2,7,255,1386,250,0,0
stim,216507,246628,0,246628,3443964.453,-0.716,-0.069,0.113,0.685,0,0,10,0,0,0,0,159,42,0.901,1,2252,0,280.597,9.973,163.063,222.813,50.000,0.574,0.320,2.035,-2.832,9.563,8.008,2.932,3.092,1.211,1.379,0,NULL,NULL,,3,0,2,7,255,1386,250,0,0
stim,216558,246679,0,246679,3443969.455,-0.714,-0.070,0.125,0.685,0,0,11,0,0,0,0,159,42,0.901,1,2252,0,281.988,10.870,166.688,218.000,64.875,0.625,0.254,2.051,-2.313,10.621,8.008,2.930,3.090,1.211,1.379,0,NULL,NULL,,3,0,2,7,255,1386,250,0,0
stim,216558,246679,0,246679,3443974.454,-0.711,-0.071,0.137,0.686,0,0,9,0,0,0,0,159,42,0.901,1,2252,0,287.155,11.531,168.938,217.500,81.313,0.621,0.301,2.188,-1.496,11.434,8.090,2.928,3.088,1.211,1.379,0,NULL,NULL,,3,0,2,7,255,1386,250,0,0
stim,216558,246679,0,246679,3443979.455,-0.708,-0.072,0.149,0.687,0,0,10,0,0,0,0,158,42,0.901,1,2252,0,283.773,12.198,159.250,214.500,95.688,0.602,0.332,2.266,-1.465,12.109,9.035,2.922,3.084,1.211,1.379,0,NULL,NULL,,3,0,2,7,255,1386,250,0,0
stim,216558,246679,0,246679,3443984.454,-0.704,-0.073,0.160,0.688,0,0,11,0,0,0,0,155,42,0.901,1,2252,0,281.414,12.601,150.500,213.688,104.313,0.605,0.332,2.270,-1.465,12.516,9.477,2.914,3.076,1.211,1.379,0,NULL,NULL,,3,0,2,7,255,1386,250,0,0
stim,216558,246679,0,246679,3443989.455,-0.699,-0.075,0.171,0.690,0,0,19,0,0,0,0,153,42,0.901,1,2252,0,279.299,12.958,139.625,215.500,109.875,0.641,0.273,2.230,-1.238,12.898,9.477,2.904,3.064,1.211,1.379,0,NULL,NULL,,3,0,2,7,255,1386,250,0,0
stim,216558,246679,0,246679,3443994.453,-0.695,-0.077,0.182,0.691,0,0,16,0,0,0,0,157,42,0.901,1,2252,0,277.884,13.407,124.813,218.375,118.125,0.660,0.242,2.199,-0.492,13.398,8.727,2.890,3.050,1.211,1.379,0,NULL,NULL,,3,0,2,7,255,1386,250,0,0
stim,216558,246679,0,246679,3443999.455,-0.690,-0.079,0.193,0.693,0,0,13,0,0,0,0,167,42,0.901,1,2252,0,277.365,13.781,112.000,219.750,126.875,0.688,0.168,2.082,-0.070,13.781,8.102,2.872,3.032,1.211,1.379,0,NULL,NULL,,3,0,2,7,255,1386,250,0,0
stim,216558,246679,0,246679,3444004.454,-0.684,-0.082,0.203,0.696,0,0,17,0,0,0,0,185,42,0.901,1,2252,0,281.344,13.794,111.125,219.563,136.375,0.711,0.059,1.914,0.598,13.781,6.586,2.852,3.012,1.211,1.379,0,NULL,NULL,,3,0,2,7,255,1386,250,0,0
stim,216558,246679,0,246679,3444009.455,-0.679,-0.083,0.214,0.698,0,0,13,0,0,0,0,192,42,0.901,1,2252,0,287.644,13.844,118.625,217.938,145.500,0.715,-0.023,1.781,1.504,13.762,4.570,2.828,2.986,1.211,1.379,0,NULL,NULL,,3,0,2,7,255,1386,250,0,0
stim,216558,246679,0,246679,3444014.453,-0.672,-0.085,0.225,0.700,0,0,13,0,0,0,0,212,42,0.901,1,2252,0,291.309,13.724,124.250,214.375,153.188,0.664,-0.098,1.684,2.176,13.551,2.992,2.800,2.958,1.211,1.379,0,NULL,NULL,,3,0,2,7,255,1386,250,0,0
stim,216585,246706,0,246706,3444019.455,-0.666,-0.087,0.235,0.702,0,0,16,0,0,0,0,228,42,0.901,1,2252,0,287.962,13.241,126.438,209.813,151.375,0.590,-0.180,1.590,2.820,12.938,1.957,2.770,2.928,1.211,1.379,0,NULL,NULL,,3,0,2,7,255,1386,250,0,0
stim,216585,246706,0,246706,3444024.455,-0.660,-0.088,0.246,0.704,0,0,16,0,0,0,0,237,42,0.901,1,2252,0,281.549,12.616,127.000,203.250,147.750,0.582,-0.406,1.453,3.605,12.090,1.059,2.736,2.892,1.211,1.379,0,NULL,NULL,,3,0,2,7,255,1386,250,0,0
stim,216585,246706,0,246706,3444029.455,-0.654,-0.088,0.257,0.706,0,0,12,0,0,0,0,249,42,0.901,1,2252,0,290.533,12.952,145.938,193.938,159.688,0.625,-0.672,1.273,5.598,11.680,-0.816,2.700,2.854,1.211,1.379,0,NULL,NULL,,3,0,2,7,255,1386,250,0,0
stim,216585,246706,0,246706,3444034.454,-0.648,-0.087,0.268,0.708,0,0,18,0,0,0,0,283,42,0.901,1,2252,0,298.658,13.870,170.375,184.188,162.000,0.477,-0.695,1.320,7.789,11.477,-2.672,2.662,2.816,1.211,1.379,0,NULL,NULL,,3,0,2,7,255,1386,250,0,0
stim,216604,246725,0,246725,3444039.455,-0.642,-0.086,0.279,0.709,0,0,13,0,0,0,0,299,42,0.901,1,2252,0,300.944,13.719,193.688,173.875,151.063,0.422,-0.715,1.441,8.344,10.891,-2.672,2.620,2.772,1.211,1.379,0,NULL,NULL,,3,0,2,7,255,1386,250,0,0
stim,216604,246725,0,246725,3444044.453,-0.637,-0.084,0.291,0.709,0,0,13,0,0,0,0,306,42,0.901,1,2252,0,282.743,14.049,192.250,165.875,124.375,0.375,-0.617,1.754,8.875,10.891,-1.805,2.574,2.726,1.211,1.379,0,NULL,NULL,,3,0,2,7,255,1386,250,0,0
stim,216604,246725,0,246725,3444049.455,-0.632,-0.083,0.301,0.709,0,0,16,0,0,0,0,330,42,0.901,1,2252,0,255.561,15.134,175.125,156.500,100.750,0.477,-0.645,1.848,8.930,12.219,0.754,2.530,2.680,1.211,1.379,0,NULL,NULL,,3,0,2,7,255,1386,250,0,0
stim,216604,246725,0,246725,3444054.454,-0.628,-0.083,0.310,0.709,0,0,16,0,0,0,0,343,42,0.901,1,2252,0,220.547,16.600,140.438,151.813,76.625,0.613,-0.621,2.012,9.289,13.758,0.875,2.480,2.630,1.211,1.379,0,NULL,NULL,,3,0,2,7,255,1386,250,0,0
stim,216635,246756,0,246756,3444059.457,-0.625,-0.083,0.317,0.708,0,0,18,0,1,0,0,357,42,0.901,1,2252,0,191.896,18.431,109.063,142.438,68.125,0.781,-0.813,1.750,9.305,15.910,0.754,2.430,2.578,1.211,1.379,0,NULL,NULL,,3,0,2,7,255,1386,250,0,0
stim,216635,246756,0,246756,3444064.453,-0.622,-0.084,0.324,0.708,0,0,24,0,1,0,0,365,42,0.901,1,2252,0,173.028,18.761,98.438,133.688,48.750,0.809,-0.813,1.660,9.910,15.930,-2.664,2.380,2.528,1.211,1.379,0,NULL,NULL,,3,0,2,7,255,1386,250,0,0
stim,216657,246778,0,246778,3444069.455,-0.620,-0.086,0.330,0.707,0,0,22,0,2,0,0,381,42,0.901,1,2252,0,146.083,18.890,74.063,125.250,12.938,1.035,-0.863,1.617,9.910,16.082,-3.781,2.326,2.474,1.211,1.379,0,NULL,NULL,,3,0,2,7,255,1386,250,0,0
stim,216657,246778,0,246778,3444074.454,-0.619,-0.088,0.334,0.705,0,0,21,0,3,0,0,396,42,0.901,1,2252,0,124.936,20.200,56.000,111.500,-6.375,1.320,-1.020,1.395,9.910,17.602,-5.699,2.272,2.420,1.211,1.379,0,NULL,NULL,,3,0,2,7,255,1386,250,0,0
stim,216657,246778,0,246778,3444079.455,-0.618,-0.090,0.339,0.703,0,0,26,0,9,0,0,405,42,0.901,1,2252,0,110.660,21.208,54.375,95.750,-11.000,1.574,-1.113,1.238,9.984,18.711,-9.625,2.218,2.364,1.211,1.379,0,NULL,NULL,,3,0,2,7,255,1386,250,0,0
stim,216657,246778,0,246778,3444084.454,-0.618,-0.090,0.343,0.702,0,0,24,0,7,0,0,411,42,0.901,1,2252,0,99.437,22.186,65.125,74.500,-9.813,1.660,-1.109,1.160,9.984,19.813,-12.695,2.158,2.306,1.211,1.379,0,NULL,NULL,,3,0,2,7,255,1386,250,0,0
stim,216657,246778,0,246778,3444089.455,-0.618,-0.090,0.346,0.700,0,0,25,0,5,0,0,415,42,0.901,1,2252,0,95.959,22.180,80.438,50.313,-14.375,1.668,-1.012,1.188,9.582,20.004,-13.578,2.098,2.246,1.211,1.379,0,NULL,NULL,,3,0,2,7,255,1386,250,0,0
stim,216657,246778,0,246778,3444094.453,-0.618,-0.089,0.350,0.698,0,0,25,0,3,0,0,415,42,0.901,1,2252,0,96.350,22.002,91.500,25.438,-16.250,1.680,-0.867,1.336,8.785,20.172,-13.578,2.036,2.184,1.211,1.379,0,NULL,NULL,,3,0,2,7,255,1386,250,0,0
stim,216689,246810,0,246810,3444099.455,-0.619,-0.086,0.352,0.697,0,0,29,0,4,0,0,413,42,0.901,1,2252,0,86.687,22.514,86.063,-0.500,-10.375,1.563,-0.660,1.539,7.922,21.074,-12.184,1.968,2.116,1.211,1.379,0,NULL,NULL,,3,0,2,7,255,1386,250,0,0
stim,216689,246810,0,246810,3444104.454,-0.620,-0.084,0.354,0.695,0,0,27,0,0,0,0,413,42,0.901,1,2252,0,69.248,22.184,64.438,-24.000,-8.188,1.395,-0.504,1.688,6.930,21.074,-9.410,1.898,2.046,1.211,1.379,0,NULL,NULL,,3,0,2,7,255,1386,250,0,0
stim,216689,246810,0,246810,3444109.455,-0.621,-0.082,0.353,0.695,0,0,24,0,0,0,0,417,42,0.901,1,2252,0,54.438,21.748,30.375,-44.750,-6.188,1.184,-0.418,1.758,6.387,20.789,-6.867,1.826,1.974,1.211,1.379,0,NULL,NULL,,3,0,2,7,255,1386,250,0,0
stim,216689,246810,0,246810,3444114.453,-0.622,-0.080,0.351,0.695,0,0,27,0,0,0,0,415,42,0.901,1,2252,0,62.301,20.495,-6.500,-60.500,-13.375,0.949,-0.359,1.711,6.320,19.496,-4.816,1.750,1.900,1.211,1.379,0,NULL,NULL,,3,0,2,7,255,1386,250,0,0
stim,216689,246810,0,246810,3444119.455,-0.624,-0.080,0.348,0.695,0,0,24,0,0,0,0,421,42,0.901,1,2252,0,85.338,18.456,-36.500,-72.375,-26.688,0.801,-0.363,1.656,6.320,17.340,-3.609,1.674,1.822,1.211,1.379,0,NULL,NULL,,3,0,2,7,255,1386,250,0,0
stim,216689,246810,0,246810,3444124.455,-0.626,-0.079,0.344,0.695,0,0,17,0,0,0,0,427,42,0.901,1,2252,0,107.547,17.043,-60.688,-81.438,-35.375,0.746,-0.422,1.523,6.379,15.805,-3.609,1.594,1.742,1.211,1.379,0,NULL,NULL,,3,0,2,7,255,1386,250,0,0
stim,216689,246810,0,246810,3444129.455,-0.628,-0.079,0.339,0.696,0,0,17,0,0,0,0,425,42,0.901,1,2252,0,120.963,15.888,-75.875,-85.813,-38.875,0.680,-0.402,1.426,6.379,14.551,-3.855,1.512,1.660,1.211,1.379,0,NULL,NULL,,3,0,2,7,255,1386,250,0,0
stim,216689,246810,0,246810,3444134.453,-0.630,-0.079,0.334,0.696,0,0,13,0,0,0,0,427,42,0.901,1,2252,0,133.565,14.811,-89.063,-88.688,-45.188,0.586,-0.313,1.359,6.305,13.402,-3.855,1.428,1.576,1.211,1.379,0,NULL,NULL,,3,0,2,7,255,1386,250,0,0
stim,216690,246811,0,246811,3444139.455,-0.633,-0.080,0.328,0.696,0,0,12,0,0,0,0,431,42,0.901,1,2252,0,149.257,13.359,-99.250,-90.250,-65.438,0.508,-0.234,1.270,5.426,12.207,-3.586,1.344,1.490,1.211,1.379,0,NULL,NULL,,3,0,2,7,255,1386,250,0,0
stim,216690,246811,0,246811,3444144.453,-0.636,-0.081,0.322,0.696,0,0,18,0,0,0,0,429,42,0.901,1,2252,0,154.441,12.297,-97.500,-90.625,-78.313,0.625,-0.313,1.160,4.766,11.336,-3.586,1.258,1.404,1.211,1.379,0,NULL,NULL,,3,0,2,7,255,1386,250,0,0
stim,216718,246839,0,246839,3444149.455,-0.640,-0.082,0.317,0.696,0,0,13,0,0,0,0,429,42,0.901,1,2252,0,148.734,12.237,-90.938,-92.813,-72.375,0.664,-0.309,1.141,4.609,11.336,-5.027,1.170,1.314,1.211,1.379,0,NULL,NULL,,3,0,2,7,255,1386,250,0,0
stim,216718,246839,0,246839,3444154.454,-0.643,-0.082,0.311,0.695,0,0,22,0,0,0,0,488,42,0.901,1,2252,0,146.438,12.237,-87.250,-95.375,-68.813,0.605,-0.250,1.152,4.609,11.336,-5.027,1.082,1.222,1.211,1.379,0,NULL,NULL,,3,0,2,7,255,1386,250,0,0
stim,216718,246839,0,246839,3444159.455,-0.642,-0.074,0.310,0.697,265,0,9,629,0,7,0,538,42,0.901,1,2252,0,198.125,11.945,93.063,-150.313,89.438,-0.813,-0.813,2.793,4.609,11.020,-4.547,0.994,1.132,1.211,1.379,0,NULL,NULL,,3,0,2,7,255,1386,250,0,0
stim,216718,246839,0,246839,3444164.453,-0.627,-0.058,0.308,0.713,951,0,0,1223,0,127,0,541,42,0.901,1,2252,0,606.869,9.711,64.750,-209.313,565.938,-1.465,2.551,4.398,4.188,8.762,13.789,0.906,1.040,1.211,1.379,0,NULL,NULL,,3,0,2,7,255,1386,250,0,0
stim,216718,246839,0,246839,3444169.455,-0.615,-0.064,0.290,0.730,1415,0,0,1640,0,409,0,613,42,0.901,1,2252,0,654.315,11.644,-519.438,-107.813,383.000,-2.059,3.305,2.473,-8.773,7.656,29.852,0.822,0.950,1.211,1.379,0,NULL,NULL,,3,0,2,7,255,1386,250,0,0
stim,216718,246839,0,246839,3444174.454,-0.613,-0.073,0.272,0.739,1781,0,0,1876,0,563,0,672,41,0.901,1,2253,0,516.444,12.871,-496.938,-123.438,67.313,-2.555,1.629,-0.336,-9.938,-8.180,29.852,0.740,0.862,1.211,1.379,1,1452.000,66.000,,3,0,2,7,255,1386,250,0,0
stim,216762,246883,0,246883,3444179.455,-0.615,-0.078,0.260,0.741,2043,0,0,1977,0,701,0,761,41,0.901,1,2253,0,309.026,20.715,-287.188,-90.500,-69.500,-1.438,1.203,-0.938,-9.938,-18.176,3.000,0.660,0.776,1.211,1.379,1,NULL,NULL,,3,0,2,7,255,1386,250,0,0
stim,216762,246883,0,246883,3444184.454,-0.620,-0.076,0.256,0.738,2193,0,0,2063,0,867,0,829,41,0.901,1,2253,0,156.181,20.602,-8.938,-107.375,-113.063,0.082,0.969,-0.059,-9.699,-18.176,-8.230,0.588,0.694,1.211,1.379,1,NULL,NULL,,3,0,2,7,255,1386,250,0,0
stim,216762,246883,0,246883,3444189.455,-0.620,-0.072,0.254,0.739,2375,0,0,2185,0,991,0,861,41,0.901,1,2253,0,116.980,9.512,32.125,-110.813,19.313,0.516,0.875,1.227,-9.484,-0.730,-8.230,0.520,0.614,1.211,1.379,1,NULL,NULL,,3,0,2,7,255,1386,250,0,0
stim,216762,246883,0,246883,3444194.453,-0.617,-0.069,0.248,0.744,2529,0,0,2361,0,1045,0,889,41,0.901,1,2253,0,206.784,8.285,-90.625,-126.625,136.063,-0.152,0.984,1.488,-7.285,3.945,0.727,0.458,0.538,1.211,1.379,1,NULL,NULL,,3,0,2,7,255,1386,250,0,0
stim,216762,246883,0,246883,3444199.455,-0.612,-0.068,0.238,0.752,2631,0,0,2493,0,1071,0,915,41,0.901,1,2253,0,319.926,7.554,-214.313,-152.938,181.750,-1.590,-0.156,0.953,-6.441,3.945,4.215,0.406,0.468,1.211,1.379,1,NULL,NULL,,3,0,2,7,255,1386,250,0,0
stim,216762,246883,0,246883,3444204.454,-0.609,-0.068,0.224,0.757,2725,0,0,2616,0,1079,0,969,41,0.901,1,2253,0,340.264,11.659,-278.063,-174.438,89.625,-1.805,-0.910,0.055,6.664,-9.566,4.215,0.360,0.400,1.211,1.379,2,NULL,NULL,,3,0,2,7,255,1386,250,0,0
stim,216762,246883,0,246883,3444209.455,-0.612,-0.066,0.215,0.759,2797,0,0,2697,0,1055,0,1039,41,0.901,1,2253,0,234.955,14.094,-144.063,-182.750,-32.438,-1.145,-0.777,-0.422,9.410,-10.492,-4.680,0.324,0.334,1.211,1.379,2,NULL,NULL,,3,0,2,7,255,1386,250,0,0
stim,216762,246883,0,246883,3444214.453,-0.615,-0.061,0.209,0.758,2852,0,0,2759,0,1059,0,1103,41,0.901,1,2253,0,203.870,14.094,-10.875,-192.563,-66.063,-0.344,-0.398,0.488,9.410,-10.492,-5.117,0.304,0.268,1.211,1.379,2,NULL,NULL,,3,0,2,7,255,1386,250,0,0
stim,216783,246904,0,246904,3444219.455,-0.619,-0.055,0.204,0.756,2892,0,0,2823,0,1051,0,1169,41,0.901,1,2253,0,202.623,5.131,21.500,-189.250,-69.125,-0.027,-0.266,1.582,5.094,-0.617,-5.117,0.294,0.208,1.211,1.379,2,NULL,NULL,,3,0,2,7,255,1386,250,0,0
stim,216783,246904,0,246904,3444224.455,-0.622,-0.050,0.198,0.756,2927,0,0,2880,0,1049,0,1203,41,0.901,1,2253,0,181.774,7.799,-33.875,-170.250,-53.938,0.457,-0.457,1.863,5.094,5.906,3.941,0.312,0.162,1.211,1.379,2,NULL,NULL,,3,0,2,7,255,1386,250,0,0
stim,216783,246904,0,246904,3444229.455,-0.623,-0.048,0.191,0.757,2965,0,0,2924,0,1101,0,1246,41,0.901,1,2253,0,191.100,12.228,-114.750,-152.813,0.250,0.520,-0.430,1.707,5.109,11.109,3.941,0.342,0.154,1.211,1.379,2,NULL,NULL,,3,0,2,7,255,1386,250,0,0
stim,216783,246904,0,246904,3444234.453,-0.622,-0.048,0.181,0.760,2988,0,0,2971,0,1145,0,1269,41,0.901,1,2253,0,228.837,12.228,-167.438,-143.188,61.875,0.359,-0.348,1.098,5.109,11.109,3.324,0.374,0.170,1.211,1.379,2,NULL,NULL,,3,0,2,7,255,1386,250,0,0
stim,216806,246927,0,246927,3444239.455,-0.619,-0.046,0.173,0.765,3002,0,0,2995,0,1235,0,1317,41,0.901,1,2253,0,230.952,8.649,-155.938,-139.438,97.875,-0.145,-0.367,0.727,4.531,7.367,-1.426,0.398,0.214,1.211,1.379,2,NULL,NULL,,3,0,2,7,255,1386,250,0,0
stim,216806,246927,0,246927,3444244.453,-0.617,-0.044,0.165,0.768,3019,0,0,3035,0,1398,0,1371,41,0.901,1,2253,0,199.884,4.785,-113.250,-140.125,86.563,-0.410,-0.336,0.672,4.531,1.539,-3.047,0.424,0.260,1.211,1.379,2,NULL,NULL,,3,0,2,7,255,1386,250,0,0
stim,216806,246927,0,246927,3444249.455,-0.616,-0.041,0.159,0.771,3035,0,0,3051,0,1496,0,1459,41,0.901,1,2253,0,166.972,4.539,-71.375,-139.438,57.813,-0.332,-0.102,0.926,4.531,-0.273,-3.047,0.452,0.306,1.211,1.379,2,NULL,NULL,,3,0,2,7,255,1386,250,0,0
stim,216806,246927,0,246927,3444254.454,-0.615,-0.038,0.154,0.773,3042,0,0,3061,0,1611,0,1524,41,0.901,1,2253,0,149.477,2.581,-53.375,-133.563,40.688,-0.102,0.090,1.172,2.566,-0.273,-0.492,0.472,0.336,1.211,1.379,2,NULL,NULL,,3,0,2,7,255,1386,250,0,0
stim,216806,246927,0,246927,3444259.455,-0.614,-0.035,0.149,0.774,3059,0,0,3087,71,1726,0,1589,41,0.901,1,2253,0,141.517,2.093,-59.688,-122.500,38.188,0.016,0.086,1.336,0.453,2.043,1.551,0.476,0.354,1.211,1.379,2,NULL,NULL,,3,0,2,7,255,1386,250,0,0
stim,216806,246927,0,246927,3444264.453,-0.613,-0.033,0.143,0.776,3059,0,0,3095,139,1831,0,1675,41,0.901,1,2253,0,147.062,3.448,-83.000,-111.563,47.875,0.051,-0.023,1.238,0.453,3.418,1.703,0.464,0.360,1.211,1.379,2,NULL,NULL,,3,0,2,7,255,1386,250,0,0
stim,216860,246981,0,246981,3444269.455,-0.612,-0.032,0.137,0.778,3079,0,0,3095,260,1915,0,1707,41,0.901,1,2253,0,144.618,3.608,-87.000,-103.563,51.188,0.000,-0.129,1.016,1.156,3.418,1.703,0.434,0.362,1.211,1.379,2,NULL,NULL,,3,0,2,7,255,1386,250,0,0
stim,216860,246981,0,246981,3444274.454,-0.610,-0.030,0.132,0.780,3065,0,0,3113,373,2001,0,1781,41,0.901,1,2253,0,132.649,3.354,-75.438,-96.688,50.563,-0.078,-0.188,0.934,2.027,2.672,-0.406,0.406,0.360,1.211,1.379,2,NULL,NULL,,3,0,2,7,255,1386,250,0,0
stim,216860,246981,0,246981,3444279.455,-0.609,-0.028,0.128,0.782,3077,0,0,3109,615,2095,0,1893,41,0.901,1,2253,0,120.331,2.780,-61.375,-96.125,38.375,-0.164,-0.109,0.934,2.102,1.820,-0.754,0.380,0.356,1.211,1.379,2,NULL,NULL,,3,0,2,7,255,1386,250,0,0
stim,216860,246981,0,246981,3444284.454,-0.609,-0.026,0.124,0.783,3091,0,0,3119,744,2155,125,2002,41,0.901,1,2253,0,97.265,2.780,-39.688,-86.250,21.125,-0.063,0.012,1.227,2.102,1.820,-0.754,0.360,0.328,1.211,1.379,2,NULL,NULL,,3,0,2,7,255,1386,250,0,0
stim,216860,246981,0,246981,3444289.455,-0.610,-0.025,0.122,0.783,3096,0,0,3126,913,2213,111,2079,41,0.901,1,2253,0,54.013,2.187,-21.313,-46.938,-16.125,0.121,0.168,1.633,0.910,1.988,2.004,0.340,0.294,1.211,1.379,2,NULL,NULL,,3,0,2,7,255,1386,250,0,0
stim,216860,246981,0,246981,3444294.453,-0.611,-0.026,0.119,0.783,3090,0,0,3127,1004,2263,123,2137,41,0.901,1,2253,0,57.597,4.178,-45.625,-29.250,-19.500,0.355,0.656,1.152,-0.711,4.117,2.004,0.320,0.254,1.211,1.379,2,NULL,NULL,,3,0,2,7,255,1386,250,0,0
stim,216860,246981,0,246981,3444299.455,-0.611,-0.025,0.118,0.783,3093,0,0,3131,1115,2298,149,2184,41,0.901,1,2253,0,36.152,7.543,-13.750,-33.188,-4.063,0.313,0.883,1.129,-6.320,4.117,1.496,0.300,0.222,1.211,1.379,2,NULL,NULL,,3,0,2,7,255,1386,250,0,0
stim,216860,246981,0,246981,3444304.454,-0.610,-0.025,0.116,0.783,3097,0,0,3140,1181,2329,154,2231,41,0.901,1,2253,0,48.846,7.054,-42.313,-21.250,12.000,-0.168,0.195,1.477,-6.320,3.133,1.496,0.280,0.198,1.211,1.379,2,NULL,NULL,,3,0,2,7,255,1386,250,0,0
stim,216860,246981,0,246981,3444309.455,-0.611,-0.027,0.112,0.783,3093,0,0,3147,1255,2346,155,2281,41,0.901,1,2253,0,103.515,1.043,-99.563,-19.688,-20.375,-0.461,0.086,1.152,-0.480,0.926,2.148,0.262,0.184,1.211,1.379,2,NULL,NULL,,3,0,2,7,255,1386,250,0,0
stim,216860,246981,0,246981,3444314.453,-0.613,-0.029,0.109,0.782,3099,18,0,3159,1305,2361,173,2315,41,0.901,1,2253,0,104.173,0.669,-74.875,-11.938,-71.438,-0.141,0.223,0.723,-0.480,-0.465,2.148,0.248,0.174,1.211,1.379,2,NULL,NULL,,3,0,2,7,255,1386,250,0,0
stim,216885,247006,0,247006,3444319.455,-0.616,-0.030,0.108,0.780,3095,22,0,3159,1384,2380,181,2335,41,0.901,1,2253,0,80.067,1.272,-26.313,-11.438,-74.750,0.160,0.129,0.949,-1.184,-0.465,-0.871,0.238,0.164,1.211,1.379,2,NULL,NULL,,3,0,2,7,255,1386,250,0,0
stim,216885,247006,0,247006,3444324.455,-0.617,-0.030,0.107,0.779,3097,46,0,3155,1451,2399,190,2365,41,0.901,1,2253,0,45.283,3.232,-23.813,-7.000,-37.875,0.172,0.102,1.230,-1.184,3.008,-0.871,0.234,0.154,1.211,1.379,2,NULL,NULL,,3,0,2,7,255,1386,250,0,0
stim,216885,247006,0,247006,3444329.455,-0.618,-0.032,0.104,0.779,3101,59,0,3156,1513,2416,205,2392,41,0.901,1,2253,0,66.403,3.191,-64.625,-3.688,-14.813,-0.086,0.184,1.207,-1.066,3.008,1.777,0.232,0.142,1.211,1.379,2,NULL,NULL,,3,0,2,7,255,1386,250,0,0
stim,216885,247006,0,247006,3444334.454,-0.618,-0.034,0.102,0.778,3099,73,0,3163,1559,2431,203,2416,41,0.901,1,2253,0,78.073,1.338,-73.875,-3.125,-25.063,-0.219,0.066,0.855,-0.793,1.078,1.777,0.232,0.132,1.211,1.379,2,NULL,NULL,,3,0,2,7,255,1386,250,0,0
stim,216903,247024,0,247024,3444339.455,-0.620,-0.036,0.100,0.777,3107,85,0,3171,1599,2445,207,2439,41,0.901,1,2253,0,69.572,0.322,-48.938,-1.125,-49.438,-0.223,-0.035,0.934,0.125,-0.297,-0.473,0.232,0.122,1.211,1.379,2,NULL,NULL,,3,0,2,7,255,1386,250,0,0
stim,216903,247024,0,247024,3444344.453,-0.622,-0.037,0.098,0.776,3096,117,0,3165,1629,2459,207,2447,41,0.901,1,2253,0,77.124,0.463,-48.375,0.688,-60.063,-0.086,0.012,1.113,0.355,-0.297,-0.473,0.232,0.114,1.211,1.379,2,NULL,NULL,,3,0,2,7,255,1386,250,0,0
stim,216903,247024,0,247024,3444349.455,-0.624,-0.039,0.096,0.775,3109,119,0,3180,1664,2457,211,2469,41,0.901,1,2253,0,82.907,1.255,-63.250,2.000,-53.563,-0.016,0.027,1.008,0.355,1.203,-0.066,0.234,0.108,1.211,1.379,2,NULL,NULL,,3,0,2,7,255,1386,250,0,0
stim,216903,247024,0,247024,3444354.454,-0.625,-0.040,0.093,0.774,3095,131,0,3180,1701,2473,206,2478,41,0.901,1,2253,0,65.808,1.255,-55.250,0.125,-35.750,-0.051,-0.094,0.836,0.355,1.203,-0.066,0.238,0.104,1.211,1.379,2,NULL,NULL,,3,0,2,7,255,1386,250,0,0
stim,216932,247053,0,247053,3444359.455,-0.626,-0.042,0.092,0.773,3097,155,12,3179,1733,2463,206,2478,41,0.901,1,2253,0,43.243,1.644,-33.813,-1.000,-26.938,-0.160,-0.172,0.859,1.125,1.199,-1.352,0.244,0.098,1.211,1.379,2,NULL,NULL,,3,0,2,7,255,1386,250,0,0
stim,216932,247053,0,247053,3444364.453,-0.627,-0.042,0.091,0.773,3097,179,25,3179,1759,2493,212,2487,41,0.901,1,2253,0,36.201,1.852,-20.063,-2.063,-30.063,-0.168,-0.145,0.926,1.813,0.383,-1.352,0.250,0.090,1.211,1.379,2,NULL,NULL,,3,0,2,7,255,1386,250,0,0
stim,216957,247078,0,247078,3444369.455,-0.628,-0.043,0.090,0.772,3096,182,69,3175,1797,2494,215,2502,41,0.901,1,2253,0,33.741,1.852,-14.188,-2.625,-30.500,-0.109,-0.117,0.949,1.813,0.383,-0.684,0.268,0.080,1.211,1.379,2,NULL,NULL,,3,0,2,7,255,1386,250,0,0
stim,216957,247078,0,247078,3444374.454,-0.629,-0.043,0.089,0.771,3094,185,69,3173,1813,2509,219,2505,41,0.901,1,2253,0,24.949,1.951,-14.875,-3.688,-19.688,-0.086,-0.156,0.938,1.734,0.895,-0.684,0.284,0.070,1.211,1.379,2,NULL,NULL,,3,0,2,7,255,1386,250,0,0
stim,216957,247078,0,247078,3444379.455,-0.629,-0.043,0.089,0.771,3101,185,74,3176,1839,2519,221,2519,41,0.901,1,2253,0,15.265,1.966,-12.875,-4.375,-6.938,-0.113,-0.215,0.891,1.734,0.926,-0.727,0.300,0.066,1.211,1.379,2,NULL,NULL,,3,0,2,7,255,1386,250,0,0
stim,216957,247078,0,247078,3444384.454,-0.629,-0.044,0.088,0.771,3093,172,133,3187,1853,2525,219,2517,41,0.901,1,2253,0,8.695,1.966,-5.813,-6.063,-2.250,-0.191,-0.137,0.902,1.734,0.926,-0.844,0.310,0.064,1.211,1.379,2,NULL,NULL,,3,0,2,7,255,1386,250,0,0
stim,216957,247078,0,247078,3444389.455,-0.629,-0.043,0.088,0.771,3096,175,149,3171,1869,2526,202,2523,41,0.945,1,2253,1,9.123,1.746,1.938,-6.813,-5.750,-0.164,-0.090,0.945,1.723,0.285,-0.844,0.000,0.000,1.194,1.376,2,NULL,NULL,,3,0,2,7,255,1386,250,0,0
stim,216957,247078,0,247078,3444394.454,-0.629,-0.043,0.087,0.771,3096,169,159,3171,1890,2525,191,2531,41,0.945,1,2253,1,9.069,1.240,3.625,-6.688,-4.938,-0.121,-0.043,0.984,1.207,0.285,-0.453,0.006,0.006,1.194,1.376,2,NULL,NULL,,3,0,2,7,255,1386,250,0,0
stim,216982,247103,0,247103,3444399.455,-0.629,-0.043,0.087,0.771,3096,171,173,3175,1911,2529,181,2537,41,0.945,1,2253,1,6.735,0.969,0.500,-6.688,-0.625,-0.129,-0.047,0.992,0.750,0.613,-0.125,0.012,0.014,1.194,1.376,2,NULL,NULL,,3,0,2,7,255,1386,250,0,0
stim,216982,247103,0,247103,3444404.454,-0.629,-0.043,0.087,0.771,3132,169,203,3169,1913,2537,171,2537,41,0.945,1,2253,1,6.642,0.969,-0.188,-6.438,1.625,-0.141,-0.051,0.953,0.750,0.613,-0.125,0.018,0.020,1.194,1.376,2,NULL,NULL,,3,0,2,7,255,1386,250,0,0
stim,216982,247103,0,247103,3444409.455,-0.629,-0.042,0.087,0.771,3101,173,211,3163,1935,2534,136,2549,41,0.945,1,2253,1,8.636,0.855,4.813,-6.938,1.813,-0.145,-0.027,0.934,0.750,0.410,-0.398,0.022,0.024,1.194,1.376,2,NULL,NULL,,3,0,2,7,255,1386,250,0,0
stim,216982,247103,0,247103,3444414.453,-0.629,-0.042,0.087,0.771,3101,170,227,3172,1937,2539,117,2565,41,0.945,1,2253,1,12.162,0.652,9.875,-7.000,1.188,-0.148,0.031,0.984,0.578,0.301,-0.398,0.026,0.026,1.194,1.376,2,NULL,NULL,,3,0,2,7,255,1386,250,0,0
stim,216982,247103,0,247103,3444419.455,-0.629,-0.041,0.087,0.771,3096,165,241,3159,1950,2546,101,2567,41,0.945,1,2253,1,9.872,0.254,7.500,-6.375,-0.750,-0.148,0.074,1.039,0.047,0.250,-0.059,0.028,0.030,1.194,1.376,2,NULL,NULL,,3,0,2,7,255,1386,250,0,0
stim,216982,247104,0,247104,3444424.455,-0.629,-0.041,0.087,0.771,3092,160,269,3165,1967,2547,75,2555,41,0.945,1,2253,1,7.372,0.406,3.938,-6.000,-1.688,-0.137,0.070,1.016,-0.320,0.250,0.262,0.030,0.030,1.194,1.376,2,NULL,NULL,,3,0,2,7,255,1386,250,0,0
stim,216982,247104,0,247104,3444429.455,-0.630,-0.041,0.087,0.771,3091,164,300,3155,1988,2536,61,2567,41,0.945,1,2253,1,8.385,0.413,5.313,-5.875,-2.750,-0.148,0.094,1.004,-0.340,0.234,0.262,0.030,0.032,1.194,1.376,2,NULL,NULL,,3,0,2,7,255,1386,250,0,0
stim,216982,247104,0,247104,3444434.454,-0.630,-0.040,0.087,0.771,3091,159,311,3150,1991,2541,47,2571,41,0.945,1,2253,1,10.625,0.548,7.188,-5.688,-5.375,-0.164,0.113,1.027,-0.535,0.117,0.262,0.032,0.032,1.194,1.376,2,NULL,NULL,,3,0,2,7,255,1386,250,0,0
stim,217001,247122,0,247122,3444439.455,-0.630,-0.040,0.087,0.771,3091,157,328,3153,2000,2547,45,2581,41,0.945,1,2253,1,11.012,0.609,5.188,-5.688,-7.875,-0.160,0.105,1.043,-0.605,0.063,0.426,0.032,0.032,1.194,1.376,2,NULL,NULL,,3,0,2,7,255,1386,250,0,0
stim,217001,247122,0,247122,3444444.453,-0.630,-0.040,0.087,0.770,3087,155,343,3151,2012,2544,43,2587,41,0.945,1,2253,1,11.955,0.664,3.750,-5.813,-9.750,-0.156,0.129,1.027,-0.664,0.023,0.426,0.032,0.030,1.194,1.376,2,NULL,NULL,,3,0,2,7,255,1386,250,0,0
stim,217001,247122,0,247122,3444449.455,-0.631,-0.039,0.087,0.770,3079,157,355,3131,2015,2549,43,2581,41,0.945,1,2253,1,13.835,0.846,4.813,-6.000,-11.500,-0.148,0.152,1.031,-0.844,0.063,0.453,0.030,0.030,1.194,1.376,2,NULL,NULL,,3,0,2,7,255,1386,250,0,0
stim,217001,247122,0,247122,3444454.454,-0.631,-0.039,0.087,0.770,3079,157,377,3129,2028,2548,45,2591,41,0.945,1,2253,1,14.629,1.069,5.125,-5.750,-12.438,-0.109,0.148,1.047,-1.066,0.070,0.453,0.030,0.028,1.194,1.376,2,NULL,NULL,,3,0,2,7,255,1386,250,0,0
stim,217023,247144,0,247144,3444459.455,-0.631,-0.038,0.087,0.770,2983,157,431,3123,2039,2541,41,2591,41,0.945,1,2253,1,9.590,1.115,3.250,-6.125,-6.625,-0.117,0.191,1.043,-1.082,0.270,0.547,0.030,0.024,1.194,1.376,2,NULL,NULL,,3,0,2,7,255,1386,250,0,0
stim,217023,247144,1,247144,3444464.453,-0.632,-0.038,0.087,0.769,3061,159,469,3110,2056,2549,56,2596,41,0.945,1,2253,1,12.065,1.524,0.813,-6.313,-10.250,-0.180,0.234,1.047,-1.500,0.270,0.555,0.030,0.022,1.194,1.376,2,NULL,NULL,,3,1,2,7,255,1386,250,0,0
stim,217023,247144,1,247144,3444469.455,-0.632,-0.038,0.087,0.769,3049,165,489,3107,2084,2541,87,2605,41,0.945,1,2253,1,16.759,1.531,-4.563,-6.375,-14.813,-0.188,0.176,1.066,-1.500,-0.305,0.703,0.030,0.022,1.194,1.376,2,NULL,NULL,,3,1,2,7,255,1386,250,0,0
stim,217023,247144,1,247144,3444474.454,-0.633,-0.038,0.086,0.769,3035,173,510,3096,2093,2543,93,2607,41,0.945,1,2253,1,16.663,1.218,-5.938,-7.063,-13.875,-0.098,0.109,0.988,-1.180,-0.305,0.703,0.030,0.018,1.194,1.376,2,NULL,NULL,,3,1,2,7,255,1386,250,0,0
stim,217067,247188,1,247188,3444479.455,-0.633,-0.037,0.086,0.769,3028,179,552,3089,2124,2551,107,2613,41,0.945,1,2253,1,8.252,1.281,-2.625,-7.625,1.750,-0.070,0.164,1.008,-1.180,0.500,0.113,0.028,0.014,1.194,1.376,2,NULL,NULL,,3,1,2,7,255,1386,250,0,0
stim,217067,247188,1,247188,3444484.454,-0.633,-0.037,0.086,0.769,3013,172,619,3081,2158,2548,143,2622,41,0.945,1,2253,1,10.414,1.415,-2.750,-7.813,6.313,-0.168,0.207,1.055,-1.324,0.500,0.113,0.028,0.010,1.194,1.376,2,NULL,NULL,,3,1,2,7,255,1386,250,0,0
stim,217067,247188,1,247188,3444489.455,-0.632,-0.037,0.085,0.769,2999,183,658,3068,2198,2547,164,2635,41,0.945,1,2253,1,13.681,1.345,-11.563,-7.313,0.125,-0.188,0.148,1.066,-1.324,-0.234,0.746,0.028,0.006,1.194,1.376,2,NULL,NULL,,3,1,2,7,255,1386,250,0,0
stim,217067,247188,1,247188,3444494.453,-0.633,-0.037,0.085,0.769,2987,187,683,3061,2229,2547,191,2638,41,0.945,1,2253,1,17.532,0.964,-14.250,-7.438,-7.000,-0.176,0.098,0.949,-0.918,-0.293,0.746,0.030,0.002,1.194,1.376,2,NULL,NULL,,3,1,2,7,255,1386,250,0,0
stim,217067,247188,1,247188,3444499.455,-0.633,-0.037,0.084,0.769,2976,199,713,3052,2254,2549,223,2647,41,0.945,1,2253,1,15.672,0.590,-7.313,-6.938,-12.000,-0.156,0.055,0.949,-0.512,-0.293,-0.305,0.030,0.002,1.194,1.376,2,NULL,NULL,,3,1,2,7,255,1386,250,0,0
stim,217067,247188,1,247188,3444504.453,-0.634,-0.037,0.084,0.768,2967,219,761,3047,2277,2549,242,2659,41,0.945,1,2253,1,17.767,0.153,-6.250,-7.313,-14.938,-0.160,0.035,0.988,-0.148,-0.039,-0.305,0.030,0.004,1.194,1.376,2,NULL,NULL,,3,1,2,7,255,1386,250,0,0
stim,217067,247188,1,247188,3444509.455,-0.634,-0.037,0.083,0.768,2953,226,807,3036,2297,2505,265,2663,41,0.945,1,2253,1,18.986,0.067,-8.563,-7.125,-15.375,-0.121,-0.031,0.957,0.066,0.004,-0.359,0.032,0.006,1.194,1.376,2,NULL,NULL,,3,1,2,7,255,1386,250,0,0
stim,217067,247188,1,247188,3444514.454,-0.635,-0.037,0.083,0.768,2938,229,896,3026,2325,2553,282,2671,41,0.945,1,2253,1,13.356,0.586,-4.313,-8.813,-9.063,-0.160,-0.039,0.898,0.586,0.004,-0.387,0.032,0.008,1.194,1.376,2,NULL,NULL,,3,1,2,7,255,1386,250,0,0
stim,217067,247188,1,247188,3444519.455,-0.635,-0.037,0.082,0.767,2923,232,987,3015,2355,2553,309,2681,41,0.945,1,2253,1,16.096,0.688,1.750,-9.500,-12.875,-0.223,-0.020,0.969,0.688,-0.004,-0.387,0.032,0.010,1.194,1.376,2,NULL,NULL,,3,1,2,7,255,1386,250,0,0
stim,217067,247189,1,247189,3444524.455,-0.636,-0.037,0.082,0.767,2909,249,1061,3003,2385,2535,345,2686,41,0.945,1,2253,1,23.170,0.795,-0.875,-9.750,-21.000,-0.207,0.012,1.000,0.688,-0.398,-0.125,0.030,0.012,1.194,1.376,2,NULL,NULL,,3,1,2,7,255,1386,250,0,0
stim,217100,247221,1,247221,3444529.455,-0.637,-0.037,0.082,0.766,2893,251,1123,2995,2412,2565,383,2699,41,0.945,1,2253,1,27.798,0.524,-3.500,-10.500,-25.500,-0.164,0.066,0.988,0.340,-0.398,0.004,0.030,0.014,1.194,1.376,2,NULL,NULL,,3,1,2,7,255,1386,250,0,0
stim,217100,247221,1,247221,3444534.454,-0.637,-0.036,0.081,0.765,2873,251,1196,2975,2431,2566,437,2707,41,0.945,1,2253,1,27.402,0.110,-6.063,-10.813,-24.438,-0.145,0.039,0.988,-0.043,-0.102,0.004,0.030,0.014,1.194,1.376,2,NULL,NULL,,3,1,2,7,255,1386,250,0,0
stim,217100,247221,1,247221,3444539.455,-0.638,-0.036,0.080,0.765,2863,254,1268,2962,2462,2567,507,2719,41,0.945,1,2253,1,26.150,0.114,-7.313,-11.750,-22.188,-0.148,-0.012,0.977,-0.043,0.105,-0.016,0.030,0.014,1.194,1.376,2,NULL,NULL,,3,1,2,7,255,1386,250,0,0
stim,217100,247221,1,247221,3444544.453,-0.639,-0.036,0.080,0.764,2837,255,1323,2949,2483,2568,541,2729,41,0.945,1,2253,1,28.028,0.454,-7.813,-12.188,-24.000,-0.180,-0.008,0.973,0.441,0.105,-0.145,0.030,0.016,1.194,1.376,2,NULL,NULL,,3,1,2,7,255,1386,250,0,0
stim,217100,247221,1,247221,3444549.455,-0.640,-0.036,0.079,0.763,2813,267,1370,2927,2505,2571,582,2739,41,0.945,1,2253,1,31.755,0.463,-7.000,-13.375,-27.938,-0.129,0.043,0.965,0.441,0.141,-0.152,0.030,0.016,1.194,1.376,2,NULL,NULL,,3,1,2,7,255,1386,250,0,0
stim,217100,247221,1,247221,3444554.453,-0.641,-0.036,0.078,0.763,2797,269,1491,2917,2522,2575,668,2745,41,0.945,1,2253,1,29.675,0.214,-3.000,-13.750,-26.125,-0.094,0.039,0.984,-0.133,0.168,-0.145,0.030,0.016,1.194,1.376,2,NULL,NULL,,3,1,2,7,255,1386,250,0,0
stim,217120,247241,1,247241,3444559.455,-0.642,-0.035,0.078,0.762,2777,275,1571,2902,2547,2577,775,2759,41,0.945,1,2253,1,24.116,0.544,-5.875,-13.375,-19.188,-0.082,0.031,1.000,-0.133,0.527,-0.145,0.030,0.016,1.194,1.376,2,NULL,NULL,,3,1,2,7,255,1386,250,0,0
stim,217120,247241,1,247241,3444564.454,-0.642,-0.035,0.077,0.762,2757,281,1639,2887,2577,2579,861,2771,41,0.945,1,2253,1,20.314,0.548,-6.375,-15.000,-12.125,-0.121,0.086,0.988,-0.148,0.527,-0.023,0.032,0.016,1.194,1.376,2,NULL,NULL,,3,1,2,7,255,1386,250,0,0
stim,217169,247290,1,247290,3444569.455,-0.643,-0.035,0.077,0.762,2730,300,1709,2867,2591,2574,971,2777,41,0.945,1,2253,1,23.780,0.593,0.063,-13.875,-19.313,-0.188,0.129,0.988,-0.570,0.164,-0.020,0.036,0.016,1.194,1.376,2,NULL,NULL,,3,1,2,7,255,1386,250,0,0
stim,217169,247290,1,247290,3444574.454,-0.644,-0.034,0.076,0.761,2705,315,1801,2853,2615,2582,1058,2787,41,0.945,1,2253,1,31.664,0.868,-2.563,-13.688,-28.438,-0.141,0.152,1.051,-0.867,-0.031,0.074,0.038,0.016,1.194,1.376,2,NULL,NULL,,3,1,2,7,255,1386,250,0,0
stim,217169,247290,1,247290,3444579.455,-0.645,-0.034,0.076,0.760,2671,327,1851,2835,2639,2585,1133,2797,41,0.945,1,2253,1,34.963,1.161,-10.125,-14.313,-30.250,-0.109,0.172,1.055,-1.160,-0.031,0.621,0.040,0.016,1.194,1.376,2,NULL,NULL,,3,1,2,7,255,1386,250,0,0
stim,217169,247290,1,247290,3444584.454,-0.646,-0.034,0.075,0.759,2643,333,1902,2815,2655,2585,1239,2805,41,0.945,1,2253,1,36.009,1.181,-14.563,-11.625,-30.813,-0.090,0.055,1.012,-1.160,0.223,0.621,0.042,0.018,1.194,1.376,2,NULL,NULL,,3,1,2,7,255,1386,250,0,0
stim,217169,247290,1,247290,3444589.455,-0.647,-0.034,0.074,0.758,2615,344,1973,2805,2676,2589,1324,2811,41,0.945,1,2253,1,35.013,0.489,-14.813,-11.188,-29.688,-0.109,-0.012,0.977,-0.336,0.355,0.145,0.044,0.020,1.194,1.376,2,NULL,NULL,,3,1,2,7,255,1386,250,0,0
stim,217169,247290,1,247290,3444594.453,-0.648,-0.034,0.073,0.758,2579,355,2036,2793,2695,2591,1400,2824,41,0.945,1,2253,1,33.981,0.575,-14.250,-11.500,-28.625,-0.098,-0.027,0.977,0.328,0.473,-0.188,0.046,0.022,1.194,1.376,2,NULL,NULL,,3,1,2,7,255,1386,250,0,0
stim,217169,247290,1,247290,3444599.455,-0.648,-0.034,0.072,0.757,2541,373,2119,2777,2711,2591,1495,2831,41,0.945,1,2253,1,29.987,0.575,-14.688,-12.313,-23.063,-0.094,-0.016,0.977,0.328,0.473,-0.211,0.048,0.022,1.194,1.376,2,NULL,NULL,,3,1,2,7,255,1386,250,0,0
stim,217169,247290,1,247290,3444604.453,-0.649,-0.034,0.071,0.757,2504,383,2182,2759,2723,2591,1563,2839,41,0.945,1,2253,1,29.609,0.569,-13.813,-11.813,-23.375,-0.137,0.004,0.977,0.316,0.473,-0.211,0.050,0.022,1.194,1.376,2,NULL,NULL,,3,1,2,7,255,1386,250,0,0
stim,217169,247290,1,247290,3444609.455,-0.650,-0.034,0.070,0.756,2463,393,2229,2731,2735,2595,1623,2846,41,0.945,1,2253,1,33.377,0.195,-14.563,-12.625,-27.250,-0.168,0.016,0.988,0.191,0.035,-0.148,0.050,0.020,1.194,1.376,2,NULL,NULL,,3,1,2,7,255,1386,250,0,0
stim,217169,247290,1,247290,3444614.454,-0.651,-0.034,0.069,0.755,2428,399,2271,2709,2750,2595,1701,2854,41,0.945,1,2253,1,35.754,0.195,-13.563,-12.813,-30.500,-0.137,-0.074,0.957,0.191,0.035,-0.148,0.050,0.018,1.194,1.376,2,NULL,NULL,,3,1,2,7,255,1386,250,0,0
stim,217169,247290,1,247290,3444619.455,-0.652,-0.034,0.068,0.754,2381,403,2323,2685,2763,2599,1775,2863,41,0.945,1,2253,1,33.941,0.320,-8.938,-13.813,-29.688,-0.129,-0.016,0.961,0.309,0.086,-0.316,0.050,0.018,1.194,1.376,2,NULL,NULL,,3,1,2,7,255,1386,250,0,0
stim,217169,247290,1,247290,3444624.455,-0.653,-0.034,0.068,0.754,2324,405,2358,2645,2779,2597,1833,2868,41,0.945,1,2253,1,32.875,0.320,-4.188,-15.500,-28.688,-0.133,0.027,0.988,0.309,0.086,-0.316,0.050,0.016,1.194,1.376,2,NULL,NULL,,3,1,2,7,255,1386,250,0,0
stim,217199,247320,1,247320,3444629.455,-0.654,-0.034,0.067,0.753,2283,409,2395,2631,2787,2583,1881,2877,41,0.945,1,2253,1,32.108,0.142,-6.750,-15.250,-27.438,-0.113,0.035,1.039,-0.113,0.086,-0.027,0.050,0.016,1.194,1.376,2,NULL,NULL,,3,1,2,7,255,1386,250,0,0
stim,217199,247320,1,247320,3444634.454,-0.655,-0.034,0.066,0.752,2218,405,2425,2593,2799,2601,1945,2886,41,0.945,1,2253,1,35.027,0.200,-13.625,-15.250,-28.438,-0.133,0.051,1.059,-0.191,0.059,0.449,0.050,0.018,1.194,1.376,2,NULL,NULL,,3,1,2,7,255,1386,250,0,0
stim,217199,247320,1,247320,3444639.455,-0.656,-0.034,0.065,0.751,2155,405,2456,2555,2811,2601,1997,2893,41,0.945,1,2253,1,40.417,0.309,-22.000,-15.313,-30.250,-0.094,0.008,1.051,-0.191,0.242,0.496,0.052,0.018,1.194,1.376,2,NULL,NULL,,3,1,2,7,255,1386,250,0,0
stim,217199,247320,1,247320,3444644.453,-0.657,-0.034,0.063,0.751,2098,407,2486,2511,2827,2596,2041,2898,41,0.945,1,2253,1,41.457,0.453,-27.875,-14.813,-26.875,-0.070,-0.027,1.004,0.008,0.453,0.496,0.052,0.018,1.194,1.376,2,NULL,NULL,,3,1,2,7,255,1386,250,0,0
stim,217199,247320,1,247320,3444649.455,-0.658,-0.034,0.062,0.750,2017,405,2513,2473,2837,2599,2089,2903,41,0.945,1,2253,1,37.794,0.453,-25.875,-14.375,-23.500,-0.090,0.004,0.957,0.008,0.453,0.023,0.052,0.018,1.194,1.376,2,NULL,NULL,,3,1,2,7,255,1386,250,0,0
stim,217199,247320,1,247320,3444654.454,-0.658,-0.034,0.061,0.750,1948,397,2535,2421,2845,2599,2137,2906,41,0.945,1,2253,1,34.429,0.333,-19.500,-14.313,-24.500,-0.113,0.027,0.957,-0.027,0.332,-0.383,0.054,0.020,1.194,1.376,2,NULL,NULL,,3,1,2,7,255,1386,250,0,0
stim,217235,247356,1,247356,3444659.455,-0.659,-0.034,0.060,0.749,1891,393,2554,2374,2853,2591,2170,2907,41,0.945,1,2253,1,32.782,0.210,-13.813,-14.750,-25.813,-0.109,0.016,0.977,-0.156,0.141,-0.383,0.054,0.020,1.194,1.376,2,NULL,NULL,,3,1,2,7,255,1386,250,0,0
stim,217235,247356,1,247356,3444664.454,-0.660,-0.034,0.059,0.748,1812,349,2581,2321,2861,2595,2215,2916,41,0.945,1,2253,1,30.133,0.210,-9.750,-14.688,-24.438,-0.090,-0.008,0.992,-0.156,0.141,-0.199,0.056,0.020,1.194,1.376,2,NULL,NULL,,3,1,2,7,255,1386,250,0,0
stim,217256,247377,1,247377,3444669.455,-0.661,-0.034,0.058,0.748,1709,348,2601,2265,2870,2596,2253,2918,41,0.945,1,2253,1,27.211,0.347,-9.250,-15.063,-20.688,-0.090,-0.008,1.027,0.051,0.344,-0.066,0.056,0.020,1.194,1.376,2,NULL,NULL,,3,1,2,7,255,1386,250,0,0
stim,217256,247377,1,247377,3444674.454,-0.661,-0.034,0.057,0.747,1611,332,2617,2199,2875,2595,2285,2924,41,0.945,1,2253,1,27.968,0.347,-13.750,-15.000,-19.188,-0.102,0.016,1.043,0.051,0.344,0.285,0.058,0.020,1.194,1.376,2,NULL,NULL,,3,1,2,7,255,1386,250,0,0
stim,217256,247377,1,247377,3444679.455,-0.662,-0.034,0.056,0.747,1490,313,2642,2131,2891,2589,2323,2927,41,0.945,1,2253,1,31.010,0.303,-17.063,-15.063,-21.063,-0.117,0.039,1.012,-0.172,0.250,0.285,0.060,0.022,1.194,1.376,2,NULL,NULL,,3,1,2,7,255,1386,250,0,0
stim,217256,247377,1,247377,3444684.454,-0.663,-0.034,0.055,0.746,1349,295,2661,2058,2899,2589,2351,2933,41,0.945,1,2253,1,32.427,0.333,-16.063,-15.438,-23.563,-0.125,0.031,0.996,-0.332,0.027,0.172,0.060,0.022,1.194,1.376,2,NULL,NULL,,3,1,2,7,255,1386,250,0,0
stim,217256,247377,1,247377,3444689.455,-0.664,-0.034,0.054,0.745,1250,273,2679,1951,2906,2586,2385,2936,41,0.945,1,2253,1,32.572,0.340,-14.375,-16.500,-24.125,-0.141,0.008,1.023,-0.332,-0.074,0.172,0.062,0.022,1.194,1.376,2,NULL,NULL,,3,1,2,7,255,1386,250,0,0
stim,217256,247377,1,247377,3444694.453,-0.664,-0.034,0.053,0.745,1161,268,2698,1845,2911,2586,2408,2939,41,0.945,1,2253,1,35.782,0.247,-16.813,-17.188,-26.500,-0.148,0.012,1.063,-0.141,-0.203,0.293,0.062,0.022,1.194,1.376,2,NULL,NULL,,3,1,2,7,255,1386,250,0,0
stim,217280,247401,1,247401,3444699.455,-0.665,-0.034,0.052,0.744,1031,245,2714,1719,2919,2579,2439,2943,41,0.945,1,2253,1,41.465,0.247,-23.188,-17.438,-29.625,-0.121,0.023,1.063,-0.141,-0.203,0.668,0.062,0.022,1.194,1.376,2,NULL,NULL,,3,1,2,7,255,1386,250,0,0
stim,217280,247401,1,247401,3444704.454,-0.666,-0.034,0.050,0.743,917,231,2729,1613,2923,2575,2463,2949,41,0.945,1,2253,1,43.312,0.324,-26.500,-17.313,-29.563,-0.074,0.031,1.016,-0.324,-0.008,0.668,0.064,0.024,1.194,1.376,2,NULL,NULL,,3,1,2,7,255,1386,250,0,0
stim,217280,247401,1,247401,3444709.455,-0.667,-0.034,0.049,0.743,779,211,2744,1497,2935,2568,2487,2955,41,0.945,1,2253,1,38.417,0.496,-22.438,-18.125,-25.375,-0.086,0.031,0.984,-0.449,0.211,0.148,0.064,0.024,1.194,1.376,2,NULL,NULL,,3,1,2,7,255,1386,250,0,0
stim,217280,247401,0,247401,3444714.453,-0.668,-0.034,0.048,0.742,615,179,2761,1398,2941,2557,2511,2959,41,0.945,1,2253,1,33.799,0.496,-16.563,-19.313,-22.250,-0.125,0.012,1.004,-0.449,0.211,0.094,0.064,0.026,1.194,1.376,2,NULL,NULL,,3,0,2,7,255,1383,250,0,0
stim,217280,247401,0,247401,3444719.455,-0.669,-0.034,0.047,0.741,491,147,2775,1239,2951,2549,2537,2963,41,0.945,1,2253,1,34.483,0.263,-14.750,-19.813,-24.063,-0.121,-0.008,1.035,-0.242,-0.102,0.094,0.066,0.026,1.194,1.376,2,NULL,NULL,,3,0,2,7,255,1383,250,0,0
stim,217280,247401,0,247401,3444724.455,-0.669,-0.034,0.045,0.741,347,99,2793,1063,2964,2549,2579,2974,41,0.945,1,2253,1,34.935,0.203,-14.313,-20.750,-24.188,-0.102,0.000,1.031,-0.176,-0.102,0.352,0.066,0.026,1.194,1.376,2,NULL,NULL,,3,0,2,7,255,1383,250,0,0
stim,217280,247401,0,247401,3444729.455,-0.670,-0.033,0.044,0.740,247,76,2804,889,2971,2527,2588,2969,41,0.945,1,2253,1,37.586,0.184,-17.000,-21.313,-25.875,-0.102,0.008,1.031,-0.176,0.055,0.352,0.066,0.028,1.194,1.376,2,NULL,NULL,,3,0,2,7,255,1383,250,0,0
stim,217280,247401,0,247401,3444734.454,-0.671,-0.033,0.043,0.739,143,61,2821,685,2966,2525,2604,2971,41,0.945,1,2253,1,40.594,0.184,-18.875,-21.813,-28.563,-0.105,-0.023,1.023,-0.176,0.055,0.328,0.068,0.028,1.194,1.376,2,NULL,NULL,,3,0,2,7,255,1383,250,0,0
stim,217302,247423,0,247423,3444739.455,-0.672,-0.033,0.042,0.739,85,33,2825,573,2986,2509,2624,2975,41,0.945,1,2253,1,35.598,0.252,-14.750,-23.250,-22.563,-0.086,0.000,1.016,-0.246,0.055,0.285,0.068,0.028,1.194,1.376,2,NULL,NULL,,3,0,2,7,255,1383,250,0,0
stim,217302,247423,0,247423,3444744.453,-0.673,-0.032,0.040,0.738,55,1,2841,375,2989,2495,2636,2981,41,0.945,1,2253,1,38.537,0.246,-14.875,-24.313,-25.938,-0.133,0.074,1.012,-0.246,0.000,0.188,0.070,0.030,1.194,1.376,2,NULL,NULL,,3,0,2,7,255,1383,250,0,0
stim,217302,247423,0,247423,3444749.455,-0.674,-0.032,0.039,0.737,37,0,2843,224,2987,2457,2651,2981,41,0.945,1,2253,1,45.590,0.850,-11.875,-25.938,-35.563,-0.117,0.059,1.012,-0.809,-0.262,0.176,0.070,0.032,1.194,1.376,2,NULL,NULL,,3,0,2,7,255,1383,250,0,0
stim,217302,247423,0,247423,3444754.454,-0.675,-0.031,0.038,0.736,19,0,2854,133,2991,2459,2668,2983,41,0.945,1,2253,1,44.157,0.850,-5.438,-28.688,-33.125,-0.055,-0.008,1.035,-0.809,-0.262,0.188,0.070,0.034,1.194,1.376,2,NULL,NULL,,3,0,2,7,255,1383,250,0,0
stim,217323,247444,0,247444,3444759.455,-0.676,-0.030,0.037,0.735,0,0,2863,101,3003,2439,2693,2989,41,0.945,1,2253,1,44.331,0.444,-9.250,-30.500,-30.813,-0.039,-0.023,1.023,-0.219,0.387,0.195,0.070,0.036,1.194,1.376,2,NULL,NULL,,3,0,2,7,255,1383,250,0,0
stim,217323,247444,0,247444,3444764.453,-0.677,-0.029,0.036,0.735,0,0,2864,70,3006,2413,2699,2989,41,0.945,1,2253,1,39.946,0.399,0.438,-32.875,-22.688,-0.156,-0.031,1.055,-0.098,0.387,0.348,0.070,0.038,1.194,1.376,2,NULL,NULL,,3,0,2,7,255,1383,250,0,0
stim,217323,247444,0,247444,3444769.455,-0.677,-0.028,0.035,0.734,0,0,2883,39,3015,2395,2719,3001,41,0.945,1,2253,0,43.610,0.608,14.125,-38.313,-15.313,-0.258,-0.094,1.137,0.059,-0.605,0.621,0.070,0.040,1.194,1.376,3,NULL,NULL,,3,0,2,7,255,1383,250,0,0
stim,217323,247444,0,247444,3444774.454,-0.678,-0.026,0.034,0.734,0,0,2879,0,3023,2361,2741,2990,41,0.945,1,2253,0,52.103,1.684,13.250,-42.625,-26.875,-0.273,-0.184,1.145,0.750,-1.508,1.516,0.070,0.042,1.194,1.376,3,NULL,NULL,,3,0,2,7,255,1383,250,0,0
stim,217365,247486,0,247486,3444779.455,-0.679,-0.025,0.033,0.733,0,0,2879,0,3027,2345,2744,2995,41,0.945,1,2253,0,63.052,1.684,12.750,-46.063,-41.125,-0.227,-0.090,1.145,0.750,-1.508,1.559,0.070,0.046,1.194,1.376,3,NULL,NULL,,3,0,2,7,255,1383,250,0,0
stim,217365,247486,0,247486,3444784.454,-0.681,-0.022,0.033,0.732,0,0,2886,0,3031,2325,2767,2997,41,0.945,1,2253,0,67.348,1.453,27.000,-50.375,-35.625,-0.137,0.027,1.301,0.707,-1.270,1.629,0.070,0.048,1.194,1.376,3,NULL,NULL,,3,0,2,7,255,1383,250,0,0
stim,217365,247486,0,247486,3444789.455,-0.681,-0.020,0.031,0.731,0,0,2887,0,3044,2287,2779,3001,41,0.945,1,2253,0,58.346,0.649,13.875,-56.313,-6.375,0.000,0.145,1.320,-0.496,-0.418,2.980,0.070,0.050,1.194,1.376,3,NULL,NULL,,3,0,2,7,255,1383,250,0,0
stim,217365,247486,0,247486,3444794.453,-0.681,-0.019,0.029,0.732,0,0,2893,0,3039,2260,2803,3001,41,0.945,1,2253,0,58.093,0.915,-20.750,-54.188,2.813,-0.059,0.066,1.160,-0.910,0.094,2.980,0.070,0.050,1.194,1.376,3,NULL,NULL,,3,0,2,7,255,1383,250,0,0
stim,217365,247486,0,247486,3444799.455,-0.680,-0.018,0.027,0.732,0,0,2889,0,3049,2220,2813,3007,41,0.945,1,2253,0,62.337,0.915,-20.625,-57.938,10.188,-0.141,-0.023,1.035,-0.910,0.094,1.551,0.072,0.052,1.194,1.376,3,NULL,NULL,,3,0,2,7,255,1383,250,0,0
stim,217365,247486,0,247486,3444804.454,-0.680,-0.016,0.025,0.733,0,0,2891,0,3051,2181,2816,3013,41,0.945,1,2253,0,64.332,0.801,-2.250,-62.750,14.000,-0.180,-0.074,1.004,0.027,-0.801,0.410,0.072,0.054,1.194,1.376,3,NULL,NULL,,3,0,2,7,255,1383,250,0,0
stim,217365,247486,0,247486,3444809.455,-0.680,-0.014,0.024,0.733,0,0,2879,0,3051,2090,2831,3000,41,0.945,1,2253,0,66.703,1.312,10.688,-65.688,4.500,-0.219,-0.098,1.063,0.559,-1.188,0.410,0.074,0.056,1.194,1.376,3,NULL,NULL,,3,0,2,7,255,1383,250,0,0
stim,217365,247486,0,247486,3444814.453,-0.680,-0.011,0.022,0.733,0,0,2891,0,3055,2073,2845,3000,41,0.945,1,2253,0,68.777,1.437,7.625,-68.188,-4.750,-0.113,-0.121,1.145,0.809,-1.188,0.699,0.074,0.060,1.194,1.376,3,NULL,NULL,,3,0,2,7,255,1383,250,0,0
stim,217384,247505,0,247505,3444819.455,-0.680,-0.009,0.020,0.733,0,0,2884,0,3063,2012,2861,3001,41,0.945,1,2253,0,71.237,0.981,2.625,-71.188,0.375,-0.059,-0.055,1.113,0.809,-0.555,1.105,0.074,0.064,1.194,1.376,3,NULL,NULL,,3,0,2,7,255,1383,250,0,0
stim,217384,247505,0,247505,3444824.455,-0.680,-0.007,0.018,0.733,0,0,2871,0,3063,1903,2863,3001,41,0.945,1,2253,0,73.078,0.321,6.000,-72.438,7.563,-0.047,-0.031,1.043,0.285,-0.148,1.105,0.074,0.066,1.194,1.376,3,NULL,NULL,,3,0,2,7,255,1383,250,0,0
stim,217384,247505,0,247505,3444829.455,-0.679,-0.004,0.016,0.734,0,0,2861,0,3063,1845,2877,3001,41,0.945,1,2253,0,77.102,0.168,14.063,-74.813,12.250,-0.094,-0.020,1.039,0.078,-0.148,0.430,0.074,0.072,1.194,1.376,3,NULL,NULL,,3,0,2,7,255,1383,250,0,0
stim,217384,247505,0,247505,3444834.454,-0.679,-0.001,0.014,0.734,0,0,2855,0,3068,1769,2889,3001,41,0.945,1,2253,0,80.404,0.680,17.563,-77.688,11.000,-0.105,-0.031,1.113,0.078,-0.676,0.430,0.076,0.076,1.194,1.376,3,NULL,NULL,,3,0,2,7,255,1383,250,0,0
stim,217406,247527,0,247527,3444839.455,-0.679,0.002,0.013,0.734,0,0,2843,0,3069,1691,2895,2999,41,0.945,1,2253,0,83.745,0.840,19.813,-80.688,10.500,-0.109,0.023,1.148,0.031,-0.840,1.133,0.080,0.080,1.194,1.376,3,NULL,NULL,,3,0,2,7,255,1383,250,0,0
stim,217406,247527,0,247527,3444844.453,-0.678,0.005,0.011,0.735,0,0,2838,0,3077,1563,2905,2996,41,0.945,1,2253,0,83.960,0.845,11.750,-82.625,9.188,-0.090,-0.023,1.164,0.094,-0.840,1.441,0.084,0.084,1.194,1.376,3,NULL,NULL,,3,0,2,7,255,1383,250,0,0
stim,217406,247527,0,247527,3444849.455,-0.678,0.008,0.008,0.735,0,0,2826,0,3089,1462,2919,2995,41,0.945,1,2253,0,84.006,0.910,3.063,-83.813,4.813,-0.070,0.043,1.129,-0.352,-0.840,1.441,0.088,0.086,1.194,1.376,3,NULL,NULL,,3,0,2,7,255,1383,250,0,0
stim,217406,247527,0,247527,3444854.454,-0.678,0.011,0.006,0.735,0,0,2807,0,3082,1321,2917,2991,41,0.945,1,2253,0,88.297,0.951,5.438,-87.688,8.813,-0.031,0.051,1.125,-0.559,-0.770,1.246,0.088,0.090,1.194,1.376,3,NULL,NULL,,3,0,2,7,255,1383,250,0,0
stim,217406,247527,0,247527,3444859.455,-0.677,0.014,0.004,0.736,0,0,2791,0,3087,1165,2925,2987,41,0.945,1,2253,0,90.957,0.984,3.313,-89.813,14.000,-0.047,0.074,1.090,-0.637,-0.750,1.219,0.086,0.094,1.194,1.376,3,NULL,NULL,,3,0,2,7,255,1383,250,0,0
stim,217406,247527,0,247527,3444864.453,-0.677,0.017,0.001,0.736,0,0,2775,0,3087,1033,2932,2983,41,0.945,1,2253,0,94.841,1.072,12.500,-93.188,12.438,-0.086,0.074,1.113,-0.766,-0.750,1.059,0.086,0.098,1.194,1.376,3,NULL,NULL,,3,0,2,7,255,1383,250,0,0
stim,217465,247586,0,247586,3444869.455,-0.676,0.021,-0.001,0.736,0,0,2749,0,3089,875,2935,2975,41,0.945,1,2253,0,97.353,1.464,9.813,-96.750,4.563,-0.082,0.117,1.137,-0.816,-1.215,1.059,0.084,0.102,1.194,1.376,3,NULL,NULL,,3,0,2,7,255,1383,250,0,0
stim,217465,247586,0,247586,3444874.454,-0.676,0.024,-0.004,0.736,0,0,2728,0,3091,711,2941,2971,41,0.945,1,2253,0,100.187,1.436,10.625,-99.500,4.938,-0.004,0.047,1.168,-0.766,-1.215,1.305,0.082,0.106,1.194,1.376,3,NULL,NULL,,3,0,2,7,255,1383,250,0,0
stim,217465,247586,0,247586,3444879.455,-0.676,0.027,-0.006,0.737,0,0,2694,0,3091,589,2952,2965,41,0.945,1,2253,0,103.310,1.169,3.188,-102.625,11.438,-0.043,0.020,1.180,-0.543,-1.035,1.637,0.080,0.110,1.194,1.376,3,NULL,NULL,,3,0,2,7,255,1383,250,0,0
stim,217465,247586,0,247586,3444884.454,-0.675,0.031,-0.009,0.737,0,0,2666,0,3093,483,2956,2953,41,0.945,1,2253,0,109.083,1.169,3.438,-107.625,17.438,-0.035,0.137,1.211,-0.543,-1.035,1.707,0.080,0.114,1.194,1.376,3,NULL,NULL,,3,0,2,7,255,1383,250,0,0
stim,217465,247586,0,247586,3444889.455,-0.674,0.034,-0.013,0.737,0,0,2643,0,3095,367,2963,2939,41,0.945,1,2253,0,111.490,1.835,-7.875,-110.500,12.563,-0.086,0.152,1.168,-1.375,-1.215,1.707,0.080,0.120,1.194,1.376,3,NULL,NULL,,3,0,2,7,255,1383,250,0,0
stim,217465,247586,0,247586,3444894.453,-0.674,0.038,-0.016,0.738,0,0,2611,0,3096,223,2967,2931,41,0.945,1,2253,0,115.001,1.912,-4.625,-114.625,8.063,0.023,0.191,1.199,-1.477,-1.215,1.910,0.080,0.126,1.194,1.376,3,NULL,NULL,,3,0,2,7,255,1383,250,0,0
stim,217465,247586,0,247586,3444899.455,-0.673,0.041,-0.020,0.738,0,0,2567,0,3093,137,2969,2919,41,0.945,1,2253,0,120.058,2.050,-16.438,-117.938,15.313,-0.027,0.098,1.191,-1.477,-1.422,1.781,0.082,0.132,1.194,1.376,3,NULL,NULL,,3,0,2,7,255,1383,250,0,0
stim,217465,247586,0,247586,3444904.454,-0.673,0.045,-0.024,0.738,0,0,2526,0,3093,77,2975,2899,41,0.945,1,2253,0,123.532,1.981,-15.750,-121.813,13.188,0.000,0.141,1.246,-1.430,-1.371,1.910,0.084,0.138,1.194,1.376,3,NULL,NULL,,3,0,2,7,255,1383,250,0,0
stim,217465,247586,0,247586,3444909.455,-0.672,0.048,-0.028,0.738,0,0,2491,0,3096,31,2979,2875,41,0.945,1,2253,0,129.122,1.723,-31.125,-124.625,13.125,-0.047,0.051,1.242,-0.973,-1.422,2.242,0.088,0.144,1.194,1.376,3,NULL,NULL,,3,0,2,7,255,1383,250,0,0
stim,217465,247586,0,247586,3444914.454,-0.672,0.051,-0.033,0.738,0,0,2451,0,3093,0,2981,2848,41,0.945,1,2253,0,131.031,1.981,-26.875,-127.938,8.875,-0.070,0.063,1.258,-0.617,-1.883,2.332,0.092,0.152,1.194,1.376,3,NULL,NULL,,3,0,2,7,255,1383,250,0,0
stim,217465,247586,0,247586,3444919.455,-0.671,0.054,-0.037,0.738,0,0,2391,0,3087,0,2981,2824,41,0.945,1,2253,0,137.953,2.325,-34.500,-133.500,4.313,-0.125,0.027,1.289,-0.539,-2.262,2.332,0.096,0.158,1.194,1.376,3,NULL,NULL,,3,0,2,7,255,1383,250,0,0
stim,217465,247586,0,247586,3444924.455,-0.671,0.058,-0.042,0.738,0,0,2343,0,3087,0,2980,2789,41,0.945,1,2253,0,142.271,3.013,-24.563,-140.063,4.500,-0.090,0.063,1.469,-0.617,-2.949,2.543,0.102,0.168,1.194,1.376,3,NULL,NULL,,3,0,2,7,255,1383,250,0,0
stim,217501,247622,0,247622,3444929.455,-0.670,0.061,-0.047,0.738,0,0,2283,0,3077,0,2979,2747,41,0.945,1,2253,0,150.117,3.105,-29.125,-146.938,9.813,-0.156,0.129,1.566,-0.656,-3.035,4.285,0.108,0.176,1.194,1.376,3,NULL,NULL,,3,0,2,7,255,1383,250,0,0
stim,217501,247622,0,247622,3444934.454,-0.669,0.065,-0.053,0.738,0,0,2219,0,3067,0,2975,2707,41,0.945,1,2253,0,161.295,4.222,-35.500,-156.938,11.250,-0.211,0.160,1.605,-1.254,-4.031,5.117,0.114,0.184,1.194,1.376,3,NULL,NULL,,3,0,2,7,255,1383,250,0,0
stim,217501,247622,0,247622,3444939.455,-0.669,0.069,-0.059,0.738,0,0,2131,0,3061,0,2971,2659,41,0.945,1,2253,0,172.749,5.067,-40.938,-167.688,6.875,-0.266,0.152,1.656,-1.449,-4.855,5.316,0.120,0.194,1.194,1.376,3,NULL,NULL,,3,0,2,7,255,1383,250,0,0
stim,217501,247622,0,247622,3444944.453,-0.668,0.074,-0.066,0.738,0,0,2028,0,3051,0,2967,2601,41,0.945,1,2253,0,189.328,5.681,-57.500,-180.188,8.438,-0.203,0.223,1.668,-1.551,-5.465,5.633,0.128,0.206,1.194,1.376,3,NULL,NULL,,3,0,2,7,255,1383,250,0,0
stim,217501,247622,0,247622,3444949.455,-0.667,0.077,-0.074,0.737,0,0,1946,0,3048,7,2961,2555,41,0.945,1,2253,0,204.389,5.984,-74.063,-190.438,4.813,-0.211,0.234,1.555,-2.246,-5.547,5.633,0.136,0.218,1.194,1.376,3,NULL,NULL,,3,0,2,7,255,1383,250,0,0
stim,217501,247622,0,247622,3444954.453,-0.666,0.082,-0.082,0.737,0,0,1893,0,3031,22,2952,2469,41,0.945,1,2253,0,215.606,5.984,-68.875,-203.938,12.313,-0.223,0.137,1.578,-2.246,-5.547,4.680,0.146,0.230,1.194,1.376,3,NULL,NULL,,3,0,2,7,255,1383,250,0,0
stim,217559,247680,0,247680,3444959.455,-0.665,0.087,-0.091,0.736,0,0,1803,0,3015,23,2935,2379,41,0.945,1,2253,0,228.128,6.164,-69.938,-216.938,9.438,-0.219,0.160,1.594,-1.816,-5.891,4.680,0.156,0.246,1.194,1.376,3,NULL,NULL,,3,0,2,7,255,1383,250,0,0
stim,217559,247680,0,247680,3444964.454,-0.664,0.092,-0.100,0.735,0,0,1737,0,2999,37,2917,2290,41,0.945,1,2253,0,240.522,6.377,-72.188,-229.250,9.188,-0.316,0.078,1.629,-1.527,-6.191,4.688,0.170,0.262,1.194,1.376,3,NULL,NULL,,3,0,2,7,255,1383,250,0,0
stim,217559,247680,0,247680,3444969.455,-0.662,0.098,-0.109,0.735,0,0,1638,0,2981,42,2890,2189,41,0.945,1,2253,0,253.910,7.494,-61.375,-246.000,13.688,-0.418,0.078,1.840,-1.012,-7.426,4.695,0.184,0.280,1.194,1.376,3,NULL,NULL,,3,0,2,7,255,1383,250,0,0
stim,217559,247680,0,247680,3444974.454,-0.661,0.104,-0.119,0.733,0,0,1530,0,2953,61,2852,2093,41,0.945,1,2253,0,271.589,9.363,-74.438,-261.188,0.875,-0.438,0.211,1.953,-1.012,-9.309,6.215,0.200,0.302,1.194,1.376,3,NULL,NULL,,3,0,2,7,255,1383,250,0,0
stim,217559,247680,0,247680,3444979.455,-0.660,0.110,-0.130,0.732,0,0,1453,0,2922,55,2815,1996,41,0.945,1,2253,0,289.201,10.601,-90.250,-274.563,-10.375,-0.391,0.246,1.969,-2.375,-10.332,6.883,0.220,0.326,1.194,1.376,3,NULL,NULL,,3,0,2,7,255,1383,250,0,0
stim,217559,247680,0,247680,3444984.454,-0.659,0.117,-0.141,0.730,0,0,1391,0,2899,56,2765,1895,41,0.945,1,2253,0,303.080,10.752,-81.250,-291.813,-10.063,-0.363,0.234,2.102,-2.863,-10.363,6.887,0.242,0.352,1.194,1.376,3,NULL,NULL,,3,0,2,7,255,1383,250,0,0
stim,217559,247680,0,247680,3444989.455,-0.657,0.125,-0.153,0.728,0,0,1326,0,2855,48,2697,1792,41,0.945,1,2253,0,322.056,11.392,-84.438,-310.625,-10.125,-0.379,0.289,2.199,-2.949,-11.004,7.926,0.266,0.378,1.194,1.376,3,NULL,NULL,,3,0,2,7,255,1383,250,0,0
stim,217559,247680,0,247680,3444994.454,-0.656,0.132,-0.165,0.725,0,0,1243,0,2795,37,2603,1691,41,0.945,1,2253,0,338.115,12.585,-95.438,-323.813,-18.938,-0.309,0.336,2.223,-3.590,-12.063,8.352,0.296,0.412,1.194,1.376,3,NULL,NULL,,3,0,2,7,255,1383,250,0,0
stim,217580,247701,0,247701,3444999.455,-0.654,0.141,-0.177,0.722,0,0,1181,0,2732,6,2487,1577,41,0.945,1,2253,0,348.401,12.807,-86.750,-337.000,-17.000,-0.309,0.438,2.313,-4.227,-12.090,8.453,0.328,0.448,1.194,1.376,3,NULL,NULL,,3,0,2,7,255,1383,250,0,0
stim,217580,247701,0,247701,3445004.453,-0.652,0.149,-0.190,0.719,0,0,1063,0,2651,0,2345,1461,41,0.945,1,2253,0,363.073,14.119,-101.125,-348.188,-19.000,-0.320,0.621,2.367,-5.379,-13.055,8.535,0.364,0.488,1.194,1.376,3,NULL,NULL,,3,0,2,7,255,1383,250,0,0
stim,217580,247701,0,247701,3445009.457,-0.650,0.157,-0.204,0.715,0,0,932,0,2555,0,2199,1323,41,0.945,1,2253,0,376.323,15.749,-118.875,-356.125,-25.750,-0.320,0.570,2.379,-6.988,-14.113,8.535,0.406,0.530,1.194,1.376,3,NULL,NULL,,3,0,2,7,255,1383,250,0,0
stim,217580,247701,0,247701,3445014.454,-0.648,0.165,-0.218,0.711,0,0,787,0,2445,0,1981,1184,41,0.945,1,2253,0,387.480,16.234,-127.250,-365.313,-22.250,-0.301,0.336,2.324,-6.988,-14.652,8.180,0.450,0.576,1.194,1.376,3,NULL,NULL,,3,0,2,7,255,1383,250,0,0
stim,217580,247701,0,247701,3445019.455,-0.645,0.172,-0.233,0.707,0,0,631,0,2303,0,1737,1019,41,0.945,1,2253,0,401.553,15.442,-134.000,-378.375,-11.000,-0.289,0.105,2.207,-4.875,-14.652,7.586,0.498,0.624,1.194,1.376,3,NULL,NULL,,3,0,2,7,255,1383,250,0,0
stim,217580,247701,0,247701,3445024.455,-0.642,0.181,-0.248,0.703,0,0,452,0,2119,0,1403,926,41,0.945,1,2253,0,418.926,14.692,-131.938,-397.563,-5.938,-0.324,-0.078,1.609,-2.703,-14.441,6.434,0.552,0.682,1.194,1.376,3,NULL,NULL,,3,0,2,7,255,1383,250,0,0
stim,217580,247701,0,247701,3445029.455,-0.638,0.191,-0.262,0.698,0,0,331,0,1895,0,972,777,41,0.945,1,2253,0,405.245,11.811,-77.063,-397.563,-15.125,0.066,-0.340,1.160,-0.496,-11.801,1.195,0.616,0.746,1.194,1.376,3,NULL,NULL,,3,0,2,7,255,1383,250,0,0
stim,217580,247701,0,247701,3445034.454,-0.633,0.202,-0.274,0.695,0,0,232,0,1633,0,505,666,41,0.945,1,2253,0,416.326,6.400,-36.125,-414.750,2.125,0.352,-0.242,1.383,0.523,-6.379,1.195,0.682,0.812,1.194,1.376,3,NULL,NULL,,3,0,2,7,255,1383,250,0,0
stim,217601,247722,0,247722,3445039.455,-0.627,0.214,-0.287,0.692,0,0,196,0,1328,0,223,500,41,0.945,1,2253,0,421.062,6.400,-18.250,-418.313,44.438,0.289,-0.027,1.586,0.523,-6.379,3.066,0.750,0.880,1.194,1.376,3,NULL,NULL,,3,0,2,7,255,1383,250,0,0
stim,217601,247722,0,247722,3445044.454,-0.619,0.224,-0.300,0.691,0,0,119,0,971,0,0,430,41,0.945,1,2253,0,426.638,8.446,-25.375,-418.000,81.563,0.012,0.176,1.773,-1.660,-8.281,3.066,0.816,0.946,1.194,1.376,3,NULL,NULL,,3,0,2,7,255,1383,250,0,0
stim,217601,247722,0,247722,3445049.455,-0.610,0.235,-0.313,0.689,0,0,109,0,501,0,0,358,41,0.945,1,2253,0,429.895,12.246,-18.500,-419.000,94.375,-0.391,0.102,1.758,-2.043,-12.074,2.441,0.880,1.010,1.194,1.376,3,NULL,NULL,,3,0,2,7,255,1383,250,0,0
stim,217601,247722,0,247722,3445054.453,-0.600,0.246,-0.326,0.688,0,0,87,0,211,0,0,275,41,0.945,1,2253,0,450.061,15.270,-11.750,-435.438,113.188,-0.602,-0.055,1.781,-2.043,-15.133,-0.789,0.942,1.074,1.194,1.376,3,NULL,NULL,,3,0,2,7,255,1383,250,0,0
stim,217634,247755,0,247755,3445059.455,-0.589,0.256,-0.340,0.687,0,0,93,0,0,0,0,148,41,0.945,1,2253,0,473.401,17.000,-23.813,-449.938,145.250,-0.668,0.047,1.719,-0.727,-16.984,-2.465,1.002,1.134,1.194,1.376,3,NULL,NULL,,3,0,2,7,255,1383,250,0,0
stim,217634,247755,0,247755,3445064.454,-0.579,0.265,-0.355,0.685,0,0,52,0,0,0,0,73,41,0.945,1,2253,0,475.184,17.000,-67.875,-445.750,150.000,-0.582,0.598,1.426,-0.727,-16.984,-4.160,1.058,1.194,1.194,1.376,3,NULL,NULL,,3,0,2,7,255,1383,250,0,0
stim,217634,247755,0,247755,3445069.455,-0.569,0.273,-0.370,0.681,0,0,19,0,0,0,0,25,41,0.945,1,2253,0,452.550,16.019,-116.188,-421.563,116.563,-0.328,1.160,1.043,-5.816,-14.926,-6.984,1.112,1.250,1.194,1.376,4,NULL,NULL,,3,0,2,7,255,1383,250,0,0
stim,217634,247755,0,247755,3445074.454,-0.561,0.280,-0.385,0.677,0,0,19,0,0,0,0,5,41,0.945,1,2253,0,429.408,15.721,-126.625,-399.000,95.688,-0.219,1.250,0.898,-11.367,-10.859,-8.945,1.160,1.302,1.194,1.376,0,NULL,NULL,,3,0,2,7,255,1383,250,0,0
stim,217669,247790,0,247790,3445079.455,-0.554,0.284,-0.400,0.673,0,0,39,0,0,0,0,24,41,0.945,1,2253,0,416.045,14.611,-167.250,-365.188,108.438,-0.176,0.922,0.855,-11.367,-9.180,-9.109,1.212,1.354,1.194,1.376,0,NULL,NULL,,3,0,2,7,255,1383,250,0,0
stim,217669,247790,0,247790,3445084.454,-0.548,0.287,-0.415,0.667,0,0,45,0,0,0,0,45,41,0.945,1,2253,0,388.816,12.557,-204.875,-318.563,87.875,-0.004,0.387,0.715,-9.254,-8.488,-9.109,1.266,1.410,1.194,1.376,0,NULL,NULL,,3,0,2,7,255,1383,250,0,0
stim,217669,247790,0,247790,3445089.455,-0.543,0.289,-0.426,0.663,0,0,45,0,0,0,0,71,41,0.945,1,2253,0,296.442,7.711,-154.000,-247.438,54.188,0.070,-0.086,0.629,-4.473,-6.281,-7.434,1.326,1.472,1.194,1.376,0,NULL,NULL,,3,0,2,7,255,1383,250,0,0
stim,217669,247790,0,247790,3445094.454,-0.539,0.291,-0.434,0.661,0,0,51,0,0,0,0,89,41,0.945,1,2253,0,217.018,6.282,-82.000,-191.938,59.438,-0.035,-0.176,1.008,-0.117,-6.281,-6.184,1.388,1.536,1.194,1.376,0,NULL,NULL,,3,0,2,7,255,1383,250,0,0
stim,217669,247790,0,247790,3445099.455,-0.536,0.292,-0.440,0.659,0,0,51,0,0,0,0,115,41,0.945,1,2253,0,168.862,8.962,-96.000,-128.125,53.688,-0.160,-0.070,1.367,-0.117,-8.961,-5.238,1.452,1.602,1.194,1.376,0,NULL,NULL,,3,0,2,7,255,1383,250,0,0
stim,217669,247790,0,247790,3445104.453,-0.536,0.288,-0.447,0.656,0,0,51,0,0,0,0,113,41,0.945,1,2253,0,189.432,10.776,-175.375,-53.313,47.813,-0.090,-0.066,1.176,-0.625,-10.758,-5.238,1.512,1.662,1.194,1.376,0,NULL,NULL,,3,0,2,7,255,1383,250,0,0
stim,217669,247790,0,247790,3445109.455,-0.537,0.280,-0.455,0.653,0,0,45,0,0,0,0,102,41,0.945,1,2253,0,254.810,10.784,-243.250,15.938,74.188,-0.109,0.234,0.590,-0.758,-10.758,-5.484,1.568,1.716,1.194,1.376,0,NULL,NULL,,3,0,2,7,255,1383,250,0,0
stim,217669,247790,0,247790,3445114.453,-0.539,0.271,-0.460,0.651,0,0,43,0,0,0,0,107,41,0.945,1,2253,0,247.767,6.355,-218.813,82.188,82.188,-0.313,0.641,-0.246,-2.883,-5.664,-8.988,1.618,1.766,1.194,1.376,0,NULL,NULL,,3,0,2,7,255,1383,250,0,0
stim,217669,247790,0,247790,3445119.455,-0.541,0.264,-0.461,0.652,0,0,40,0,0,0,0,103,41,0.945,1,2253,0,180.403,4.434,-116.875,125.188,56.688,-0.500,0.688,-0.418,-4.344,0.891,-15.453,1.662,1.808,1.194,1.376,0,NULL,NULL,,3,0,2,7,255,1383,250,0,0
stim,217669,247790,0,247790,3445124.455,-0.545,0.258,-0.458,0.653,0,0,30,0,0,0,0,99,41,0.945,1,2253,0,165.565,4.434,-31.000,160.875,23.875,-0.438,0.203,0.012,-4.344,0.891,-15.453,1.710,1.856,1.194,1.376,0,NULL,NULL,,3,0,2,7,255,1383,250,0,0
stim,217700,247821,0,247821,3445129.454,-0.548,0.252,-0.455,0.656,0,0,25,0,0,0,0,93,41,0.945,1,2253,0,187.131,2.254,-15.125,183.313,34.438,-0.262,-0.184,0.297,-0.793,-2.109,-14.016,1.760,1.906,1.194,1.376,0,NULL,NULL,,3,0,2,7,255,1383,250,0,0
stim,217700,247821,0,247821,3445134.455,-0.550,0.244,-0.451,0.659,0,0,24,0,0,0,0,91,41,0.945,1,2253,0,207.079,3.955,-36.313,194.938,59.688,-0.340,-0.039,0.313,0.543,-3.918,-11.004,1.812,1.960,1.194,1.376,0,NULL,NULL,,3,0,2,7,255,1383,250,0,0
stim,217700,247821,0,247821,3445139.454,-0.553,0.236,-0.448,0.662,0,0,19,0,0,0,0,89,41,0.945,1,2253,0,216.297,3.955,-36.375,200.938,71.313,-0.402,0.051,0.020,0.543,-3.918,-11.004,1.862,2.010,1.194,1.376,0,NULL,NULL,,3,0,2,7,255,1383,250,0,0
stim,217700,247821,0,247821,3445144.455,-0.555,0.229,-0.444,0.665,0,0,12,0,0,0,0,89,41,0.945,1,2253,0,215.222,2.318,-4.438,203.125,71.000,-0.414,0.078,-0.172,0.543,-2.254,-13.078,1.906,2.056,1.194,1.376,0,NULL,NULL,,3,0,2,7,255,1383,250,0,0
stim,217700,247821,0,247821,3445149.454,-0.557,0.223,-0.439,0.669,0,0,9,0,0,0,0,87,41,0.945,1,2253,0,219.238,1.077,36.438,203.625,72.625,-0.398,0.086,-0.156,0.570,-0.914,-13.965,1.944,2.094,1.194,1.376,0,NULL,NULL,,3,0,2,7,255,1383,250,0,0
stim,217700,247821,0,247821,3445154.455,-0.558,0.217,-0.432,0.674,0,0,3,0,0,0,0,81,41,0.945,1,2253,0,227.926,1.077,65.125,204.938,75.563,-0.414,0.113,-0.059,0.570,-0.914,-13.965,1.976,2.126,1.194,1.376,0,NULL,NULL,,3,0,2,7,255,1383,250,0,0
stim,217720,247841,0,247841,3445159.454,-0.559,0.211,-0.426,0.680,0,0,0,0,0,0,0,76,41,0.945,1,2253,0,234.294,1.863,80.813,205.500,78.313,-0.465,0.156,0.090,0.164,-1.855,-13.664,2.006,2.158,1.194,1.376,0,NULL,NULL,,3,0,2,7,255,1383,250,0,0
stim,217720,247841,0,247841,3445164.455,-0.560,0.206,-0.418,0.685,0,0,0,0,0,0,0,81,41,0.945,1,2253,0,237.382,3.386,90.250,205.938,76.125,-0.492,0.125,0.180,-0.223,-3.379,-13.375,2.034,2.186,1.194,1.376,0,NULL,NULL,,3,0,2,7,255,1383,250,0,0
stim,217769,247890,0,247890,3445169.454,-0.561,0.201,-0.411,0.690,0,0,0,0,0,0,0,77,41,0.945,1,2253,0,239.370,4.349,98.563,205.625,72.813,-0.516,0.086,0.301,-0.223,-4.344,-12.898,2.056,2.208,1.194,1.376,0,NULL,NULL,,3,0,2,7,255,1383,250,0,0
stim,217769,247890,0,247890,3445174.455,-0.562,0.196,-0.403,0.695,0,0,0,0,0,0,0,73,41,0.945,1,2253,0,237.471,5.481,100.313,205.625,63.625,-0.574,0.059,0.434,-0.020,-5.480,-12.180,2.074,2.228,1.194,1.376,0,NULL,NULL,,3,0,2,7,255,1383,250,0,0
stim,217769,247890,0,247890,3445179.454,-0.563,0.192,-0.396,0.700,0,0,0,0,0,0,0,72,41,0.945,1,2253,0,233.477,6.883,98.875,205.063,51.813,-0.629,0.063,0.586,-0.020,-6.883,-11.613,2.088,2.244,1.194,1.376,0,NULL,NULL,,3,0,2,7,255,1383,250,0,0
stim,217769,247890,0,247890,3445184.455,-0.565,0.187,-0.388,0.704,0,0,0,0,0,0,0,73,41,0.945,1,2253,0,231.262,8.410,90.125,209.188,40.000,-0.574,0.055,0.715,-0.031,-8.410,-10.973,2.100,2.256,1.194,1.376,0,NULL,NULL,,3,0,2,7,255,1383,250,0,0
stim,217769,247890,0,247890,3445189.454,-0.567,0.181,-0.381,0.707,0,0,0,0,0,0,0,79,41,0.945,1,2253,0,229.662,9.063,73.438,215.000,33.563,-0.559,0.117,0.805,-0.383,-9.055,-9.633,2.112,2.270,1.194,1.376,0,NULL,NULL,,3,0,2,7,255,1383,250,0,0
stim,217769,247890,0,247890,3445194.455,-0.570,0.176,-0.374,0.710,0,0,0,0,0,0,0,90,41,0.945,1,2253,0,231.390,9.699,53.438,224.250,19.938,-0.621,0.164,0.832,-1.164,-9.629,-9.191,2.126,2.284,1.194,1.376,0,NULL,NULL,,3,0,2,7,255,1383,250,0,0
stim,217769,247890,0,247890,3445199.454,-0.574,0.169,-0.366,0.712,0,0,0,0,0,0,0,105,41,0.945,1,2253,0,240.051,10.169,36.375,237.250,-3.688,-0.633,0.133,0.805,-1.199,-10.098,-9.145,2.142,2.302,1.194,1.376,0,NULL,NULL,,3,0,2,7,255,1383,250,0,0
stim,217769,247890,0,247890,3445204.455,-0.579,0.163,-0.359,0.714,0,0,0,0,0,0,0,111,41,0.945,1,2253,0,253.398,10.169,27.313,250.875,-22.938,-0.566,0.059,0.750,-1.199,-10.098,-9.145,2.164,2.324,1.194,1.376,0,NULL,NULL,,3,0,2,7,255,1383,250,0,0
stim,217769,247890,0,247890,3445209.454,-0.584,0.156,-0.351,0.715,0,0,0,0,0,0,0,115,41,0.945,1,2253,0,267.174,9.214,24.063,264.188,-31.750,-0.516,0.031,0.723,-0.645,-9.191,-8.598,2.188,2.352,1.194,1.376,0,NULL,NULL,,3,0,2,7,255,1383,250,0,0
stim,217769,247890,0,247890,3445214.455,-0.590,0.149,-0.343,0.716,0,0,0,0,0,0,0,118,41,0.945,1,2253,0,282.292,8.623,22.438,278.313,-41.563,-0.477,0.020,0.668,-0.555,-8.605,-8.215,2.218,2.384,1.194,1.376,0,NULL,NULL,,3,0,2,7,255,1383,250,0,0
stim,217770,247891,0,247891,3445219.454,-0.595,0.141,-0.335,0.717,0,0,0,0,0,0,0,119,41,0.945,1,2253,0,297.307,7.933,26.125,292.313,-47.563,-0.406,0.012,0.605,-0.551,-7.914,-8.105,2.254,2.420,1.194,1.376,0,NULL,NULL,,3,0,2,7,255,1383,250,0,0
stim,217770,247891,0,247891,3445224.455,-0.602,0.133,-0.325,0.717,0,0,0,0,0,0,0,123,41,0.945,1,2253,0,310.739,6.952,34.625,304.500,-51.375,-0.383,0.012,0.559,-0.551,-6.930,-7.980,2.294,2.460,1.194,1.376,0,NULL,NULL,,3,0,2,7,255,1383,250,0,0
stim,217797,247918,0,247918,3445229.455,-0.608,0.126,-0.315,0.718,0,0,0,0,0,0,0,119,41,0.945,1,2253,0,322.686,6.445,48.813,314.063,-55.750,-0.363,0.008,0.531,-0.551,-6.422,-7.941,2.336,2.504,1.194,1.376,0,NULL,NULL,,3,0,2,7,255,1383,250,0,0
stim,217797,247918,0,247918,3445234.453,-0.614,0.118,-0.304,0.719,0,0,0,0,0,0,0,119,41,0.945,1,2253,0,332.681,6.445,67.313,320.063,-60.875,-0.387,0.051,0.598,-0.551,-6.422,-7.891,2.378,2.548,1.194,1.376,0,NULL,NULL,,3,0,2,7,255,1383,250,0,0
stim,217797,247918,0,247918,3445239.455,-0.620,0.112,-0.292,0.719,0,0,0,0,0,0,0,121,41,0.945,1,2253,0,340.326,6.538,83.563,323.188,-66.250,-0.352,-0.008,0.652,-0.809,-6.488,-7.449,2.420,2.592,1.194,1.376,0,NULL,NULL,,3,0,2,7,255,1383,250,0,0
stim,217797,247918,0,247918,3445244.453,-0.626,0.105,-0.280,0.720,0,0,0,0,0,0,0,117,41,0.945,1,2253,0,345.069,6.624,99.438,323.438,-67.625,-0.344,-0.020,0.711,-0.840,-6.570,-6.512,2.464,2.636,1.194,1.376,0,NULL,NULL,,3,0,2,7,255,1383,250,0,0
stim,217797,247918,0,247918,3445249.455,-0.632,0.099,-0.268,0.721,0,0,0,0,0,0,0,121,41,0.945,1,2253,0,349.470,6.542,113.438,321.750,-75.750,-0.289,-0.027,0.746,-0.840,-6.488,-5.773,2.504,2.676,1.194,1.376,0,NULL,NULL,,3,0,2,7,255,1383,250,0,0
stim,217797,247918,0,247918,3445254.454,-0.638,0.094,-0.254,0.721,0,0,0,0,0,0,0,123,41,0.945,1,2253,0,355.209,6.264,129.625,320.875,-80.063,-0.090,-0.121,0.727,-0.840,-6.207,-5.035,2.542,2.716,1.194,1.376,0,NULL,NULL,,3,0,2,7,255,1383,250,0,0
stim,217828,247949,0,247949,3445259.455,-0.643,0.089,-0.240,0.722,0,0,0,0,0,0,0,119,41,0.945,1,2253,0,354.762,4.373,152.563,314.813,-58.938,-0.031,-0.008,0.809,-0.980,-4.262,-3.867,2.580,2.756,1.194,1.376,0,NULL,NULL,,3,0,2,7,255,1383,250,0,0
stim,217828,247949,0,247949,3445264.453,-0.647,0.085,-0.226,0.723,0,0,0,0,0,0,0,135,41,0.945,1,2253,0,357.289,4.562,168.500,310.875,-51.188,-0.078,0.156,0.941,-1.629,-4.262,-3.102,2.616,2.792,1.194,1.376,0,NULL,NULL,,3,0,2,7,255,1383,250,0,0
stim,217865,247986,0,247986,3445269.455,-0.651,0.081,-0.212,0.724,0,0,0,0,0,0,0,140,41,0.945,1,2253,0,356.514,5.869,174.938,306.563,-50.188,-0.059,0.141,1.051,-3.309,-4.848,-2.430,2.648,2.826,1.194,1.376,0,NULL,NULL,,3,0,2,7,255,1383,250,0,0
stim,217865,247986,0,247986,3445274.454,-0.655,0.077,-0.197,0.725,0,0,0,0,0,0,0,138,41,0.945,1,2253,0,356.022,5.869,181.500,303.250,-43.000,0.020,0.063,1.109,-3.309,-4.848,-1.176,2.678,2.856,1.194,1.376,0,NULL,NULL,,3,0,2,7,255,1383,250,0,0
stim,217865,247986,0,247986,3445279.455,-0.658,0.073,-0.183,0.727,0,0,0,0,0,0,0,142,41,0.945,1,2253,0,357.764,5.064,188.438,302.188,-34.188,0.016,0.066,1.215,-2.699,-4.285,-0.035,2.700,2.878,1.194,1.376,0,NULL,NULL,,3,0,2,7,255,1383,250,0,0
stim,217865,247986,0,247986,3445284.454,-0.661,0.069,-0.168,0.728,0,0,0,0,0,0,0,141,41,0.945,1,2253,0,359.455,5.031,194.063,301.625,-23.875,0.027,0.078,1.328,-2.699,-4.246,1.031,2.720,2.900,1.194,1.376,0,NULL,NULL,,3,0,2,7,255,1383,250,0,0
stim,217865,247986,0,247986,3445289.455,-0.663,0.065,-0.153,0.730,0,0,0,0,0,0,0,143,41,0.945,1,2253,0,360.514,5.143,195.438,302.563,-15.188,-0.012,0.133,1.461,-2.844,-4.285,2.215,2.740,2.920,1.194,1.376,0,NULL,NULL,,3,0,2,7,255,1383,250,0,0
stim,217865,247986,0,247986,3445294.453,-0.666,0.061,-0.138,0.731,0,0,0,0,0,0,0,141,41,0.945,1,2253,0,358.094,5.752,189.313,303.563,-15.563,-0.121,0.168,1.656,-3.316,-4.699,3.395,2.760,2.940,1.194,1.376,0,NULL,NULL,,3,0,2,7,255,1383,250,0,0
stim,217865,247986,0,247986,3445299.455,-0.668,0.057,-0.123,0.732,0,0,0,0,0,0,0,146,41,0.945,1,2253,0,351.141,6.332,171.563,305.563,-22.313,-0.086,0.125,1.750,-3.316,-5.395,5.059,2.780,2.960,1.194,1.376,0,NULL,NULL,,3,0,2,7,255,1383,250,0,0
stim,217865,247986,0,247986,3445304.454,-0.670,0.052,-0.109,0.732,0,0,1,0,0,0,0,152,41,0.945,1,2253,0,343.224,6.236,150.188,308.000,-19.563,-0.043,0.129,1.793,-3.129,-5.395,6.285,2.802,2.982,1.194,1.376,0,NULL,NULL,,3,0,2,7,255,1383,250,0,0
stim,217865,247986,0,247986,3445309.455,-0.672,0.046,-0.096,0.733,0,0,11,0,0,0,0,155,41,0.945,1,2253,0,336.591,5.584,129.938,310.125,-15.250,-0.078,0.152,1.809,-3.129,-4.625,6.949,2.824,3.006,1.194,1.376,0,NULL,NULL,,3,0,2,7,255,1383,250,0,0
stim,217865,247986,0,247986,3445314.453,-0.674,0.039,-0.083,0.733,0,0,7,0,0,0,0,153,41,0.945,1,2253,0,331.671,5.481,113.813,311.250,-13.250,-0.098,0.105,1.723,-3.090,-4.527,6.949,2.852,3.032,1.194,1.376,0,NULL,NULL,,3,0,2,7,255,1383,250,0,0
stim,217865,247986,0,247986,3445319.455,-0.675,0.032,-0.070,0.733,0,0,11,0,0,0,0,153,41,0.945,1,2253,0,331.036,4.776,106.313,313.188,-14.000,-0.090,0.059,1.672,-2.492,-4.074,6.492,2.880,3.060,1.194,1.376,0,NULL,NULL,,3,0,2,7,255,1383,250,0,0
stim,217865,247986,0,247986,3445324.455,-0.677,0.025,-0.058,0.733,0,0,11,0,0,0,0,171,41,0.945,1,2253,0,327.847,3.877,96.188,313.188,-12.063,-0.086,0.063,1.637,-1.887,-3.387,6.180,2.910,3.088,1.194,1.376,0,NULL,NULL,,3,0,2,7,255,1383,250,0,0
stim,217897,248018,0,248018,3445329.455,-0.678,0.018,-0.045,0.733,0,0,9,0,0,0,0,172,41,0.945,1,2253,0,326.912,3.361,92.750,313.188,-13.500,-0.094,0.059,1.594,-1.785,-2.848,5.930,2.940,3.118,1.194,1.376,0,NULL,NULL,,3,0,2,7,255,1383,250,0,0
stim,217897,248018,0,248018,3445334.453,-0.679,0.011,-0.033,0.733,0,0,10,0,0,0,0,173,41,0.945,1,2253,0,326.330,2.944,96.875,311.438,-10.625,-0.035,-0.023,1.547,-1.645,-2.441,5.602,2.968,3.146,1.194,1.376,0,NULL,NULL,,3,0,2,7,255,1383,250,0,0
stim,217897,248018,0,248018,3445339.455,-0.680,0.004,-0.020,0.733,0,0,11,0,0,0,0,181,41,0.945,1,2253,0,326.743,1.578,103.375,309.938,-3.625,-0.066,-0.008,1.582,-0.781,-1.371,5.602,2.996,3.174,1.194,1.376,0,NULL,NULL,,3,0,2,7,255,1383,250,0,0
stim,217897,248018,0,248018,3445344.453,-0.681,-0.003,-0.008,0.733,0,0,19,0,0,0,0,181,41,0.945,1,2253,0,325.469,1.484,108.250,306.938,1.125,-0.094,0.012,1.594,-0.781,-1.262,5.648,3.018,3.196,1.194,1.376,0,NULL,NULL,,3,0,2,7,255,1383,250,0,0
stim,217916,248037,0,248037,3445349.455,-0.681,-0.009,0.005,0.732,0,0,12,0,0,0,0,174,41,0.945,1,2253,0,325.839,1.385,118.500,303.500,4.063,-0.102,0.047,1.633,-0.840,-1.102,5.801,3.038,3.216,1.194,1.376,0,NULL,NULL,,3,0,2,7,255,1383,250,0,0
stim,217916,248037,0,248037,3445354.454,-0.681,-0.015,0.018,0.732,0,0,17,0,0,0,0,173,41,0.945,1,2253,0,326.713,1.331,127.750,300.563,9.125,-0.070,0.066,1.719,-1.074,-0.785,6.172,3.056,3.232,1.194,1.376,0,NULL,NULL,,3,0,2,7,255,1383,250,0,0
stim,217916,248037,0,248037,3445359.455,-0.680,-0.020,0.032,0.732,0,0,17,0,0,0,0,173,41,0.945,1,2253,0,325.061,1.149,132.125,296.625,14.875,-0.102,0.125,1.781,-1.148,-0.020,7.031,3.066,3.244,1.194,1.376,0,NULL,NULL,,3,0,2,7,255,1383,250,0,0
stim,217916,248037,0,248037,3445364.453,-0.680,-0.025,0.045,0.732,0,0,17,0,0,0,0,173,41,0.945,1,2253,0,326.994,1.411,142.563,293.875,15.438,-0.074,0.129,1.832,-1.406,0.121,7.672,3.076,3.252,1.194,1.376,0,NULL,NULL,,3,0,2,7,255,1383,250,0,0
stim,217917,248038,0,248038,3445369.455,-0.679,-0.030,0.058,0.731,0,0,19,0,0,0,0,171,41,0.945,1,2253,0,328.256,1.673,148.688,292.000,19.500,0.000,0.129,1.941,-1.406,0.906,8.133,3.082,3.258,1.194,1.376,0,NULL,NULL,,3,0,2,7,255,1383,250,0,0
stim,217917,248038,0,248038,3445374.454,-0.678,-0.035,0.072,0.731,0,0,15,0,0,0,0,170,41,0.945,1,2253,0,328.815,2.627,151.813,290.625,24.688,0.023,0.191,2.016,-1.406,2.219,9.086,3.084,3.260,1.194,1.376,0,NULL,NULL,,3,0,2,7,255,1383,250,0,0
stim,217966,248087,0,248087,3445379.455,-0.677,-0.039,0.085,0.730,0,0,17,0,0,0,0,171,41,0.945,1,2253,0,330.254,3.426,152.438,291.813,26.000,0.063,0.250,2.121,-1.676,2.988,9.738,3.086,3.262,1.194,1.376,0,NULL,NULL,,3,0,2,7,255,1383,250,0,0
stim,217966,248087,0,248087,3445384.454,-0.675,-0.044,0.098,0.730,0,0,22,0,0,0,0,173,41,0.945,1,2253,0,327.813,4.500,138.938,296.375,17.875,0.156,0.281,2.215,-2.000,4.031,10.652,3.086,3.260,1.194,1.376,0,NULL,NULL,,3,0,2,7,255,1383,250,0,0
stim,217966,248087,0,248087,3445389.455,-0.674,-0.049,0.112,0.729,0,0,16,0,0,0,0,171,41,0.945,1,2253,0,330.980,5.959,141.563,297.813,28.563,0.379,0.137,2.039,-2.000,5.613,10.652,3.080,3.254,1.194,1.376,0,NULL,NULL,,3,0,2,7,255,1383,250,0,0
stim,217966,248087,0,248087,3445394.453,-0.671,-0.054,0.126,0.728,0,0,23,0,0,0,0,170,41,0.945,1,2253,0,347.614,8.091,165.625,301.688,48.875,0.402,0.215,2.137,-1.285,7.988,9.602,3.072,3.248,1.194,1.376,0,NULL,NULL,,3,0,2,7,255,1383,250,0,0
stim,217966,248087,0,248087,3445399.455,-0.669,-0.058,0.140,0.728,0,0,5,0,0,0,0,245,41,0.945,1,2253,0,352.382,9.022,168.750,305.000,51.688,0.379,0.313,2.375,-1.285,8.930,9.602,3.064,3.236,1.194,1.376,0,NULL,NULL,,3,0,2,7,255,1383,250,0,0
stim,217966,248087,0,248087,3445404.454,-0.664,-0.056,0.159,0.728,0,0,5,0,0,0,0,280,41,0.945,1,2253,0,433.812,9.959,331.063,257.750,110.250,0.156,0.516,3.715,-1.680,9.816,11.754,3.048,3.222,1.194,1.376,0,NULL,NULL,,3,0,2,7,255,1383,250,0,0
stim,217966,248087,0,248087,3445409.455,-0.661,-0.055,0.174,0.728,0,0,5,0,0,0,0,302,41,0.945,1,2253,0,365.940,12.232,277.938,221.938,86.063,0.801,0.871,4.996,-1.832,12.094,24.875,3.030,3.202,1.194,1.376,0,NULL,NULL,,3,0,2,7,255,1383,250,0,0
stim,217966,248087,0,248087,3445414.453,-0.659,-0.070,0.177,0.727,0,0,7,0,0,0,0,328,41,0.945,1,2253,0,354.377,18.798,-188.375,298.813,-28.438,0.828,-0.613,3.137,-1.680,18.723,24.875,3.008,3.178,1.194,1.376,0,NULL,NULL,,3,0,2,7,255,1383,250,0,0
stim,217984,248105,0,248105,3445419.455,-0.655,-0.087,0.177,0.730,0,0,9,0,0,0,0,327,41,0.945,1,2253,0,403.927,18.888,-261.438,303.125,54.063,1.348,0.137,0.848,-2.496,18.723,15.309,2.980,3.150,1.194,1.376,0,NULL,NULL,,3,0,2,7,255,1383,250,0,0
stim,217984,248105,0,248105,3445424.455,-0.650,-0.098,0.184,0.731,0,0,9,0,0,0,0,308,41,0.945,1,2253,0,322.891,15.322,-60.750,305.625,84.625,1.211,0.547,0.066,-2.496,15.117,-6.715,2.948,3.116,1.194,1.376,0,NULL,NULL,,3,0,2,7,255,1383,250,0,0
stim,217984,248105,0,248105,3445429.455,-0.646,-0.103,0.198,0.730,0,0,11,0,0,0,0,298,41,0.945,1,2253,0,336.079,11.600,149.063,293.625,67.188,0.918,-0.094,0.773,-2.496,11.328,-6.734,2.912,3.078,1.194,1.376,0,NULL,NULL,,3,0,2,7,255,1383,250,0,0
stim,217984,248105,0,248105,3445434.454,-0.643,-0.106,0.212,0.728,0,0,13,0,0,0,0,295,41,0.945,1,2253,0,346.377,11.328,185.063,288.750,48.500,0.781,-0.875,1.527,0.086,11.328,-6.734,2.872,3.036,1.194,1.376,0,NULL,NULL,,3,0,2,7,255,1383,250,0,0
stim,218010,248131,0,248131,3445439.455,-0.639,-0.109,0.226,0.727,0,0,16,0,0,0,0,287,41,0.945,1,2253,0,334.400,16.589,181.750,269.875,77.188,1.016,-0.965,1.805,8.500,14.246,-0.984,2.826,2.990,1.194,1.376,0,NULL,NULL,,3,0,2,7,255,1383,250,0,0
stim,218010,248131,0,248131,3445444.453,-0.634,-0.111,0.239,0.727,0,0,19,0,0,0,0,285,41,0.945,1,2253,0,339.171,19.066,185.000,253.000,129.625,0.996,-0.363,1.738,8.500,17.066,-0.238,2.778,2.940,1.194,1.376,0,NULL,NULL,,3,0,2,7,255,1383,250,0,0
stim,218010,248131,0,248131,3445449.455,-0.627,-0.112,0.253,0.728,0,0,23,0,0,0,0,287,41,0.945,1,2253,0,340.756,17.441,195.625,237.375,146.625,0.699,0.012,1.594,3.594,17.066,-0.223,2.728,2.888,1.194,1.376,0,NULL,NULL,,3,0,2,7,255,1383,250,0,0
stim,218010,248131,0,248131,3445454.454,-0.622,-0.111,0.267,0.728,0,0,23,0,0,0,0,291,41,0.945,1,2253,0,340.896,13.746,223.688,221.500,130.813,0.438,0.063,1.707,0.805,13.723,0.250,2.674,2.834,1.194,1.376,0,NULL,NULL,,3,0,2,7,255,1383,250,0,0
stim,218010,248131,0,248131,3445459.457,-0.618,-0.111,0.280,0.726,0,0,25,0,0,0,0,327,41,0.945,1,2253,0,311.985,13.598,220.125,205.813,80.750,0.363,-0.063,1.996,0.805,13.574,2.250,2.620,2.776,1.194,1.376,0,NULL,NULL,,3,0,2,7,255,1383,250,0,0
stim,218010,248131,0,248131,3445464.453,-0.616,-0.111,0.291,0.724,0,0,25,0,0,0,0,343,41,0.945,1,2253,0,281.136,13.855,203.000,189.625,43.250,0.621,-0.426,2.191,2.773,13.574,3.418,2.562,2.716,1.194,1.376,0,NULL,NULL,,3,0,2,7,255,1383,250,0,0
stim,218066,248187,0,248187,3445469.455,-0.613,-0.112,0.301,0.721,0,0,24,0,0,0,0,359,41,0.945,1,2253,0,240.591,18.380,164.313,171.938,36.375,0.840,-0.656,2.363,6.195,17.305,3.418,2.504,2.654,1.194,1.376,0,NULL,NULL,,3,0,2,7,255,1383,250,0,0
stim,218066,248187,0,248187,3445474.454,-0.611,-0.113,0.309,0.720,0,0,26,0,0,0,0,377,41,0.945,1,2253,0,197.933,21.387,123.313,151.563,31.625,0.895,-0.805,2.102,8.355,19.688,2.625,2.442,2.594,1.194,1.376,0,NULL,NULL,,3,0,2,7,255,1383,250,0,0
stim,218066,248187,0,248187,3445479.455,-0.610,-0.115,0.316,0.717,0,0,29,0,0,0,0,405,41,0.945,1,2253,0,171.270,21.387,108.063,132.875,-0.500,0.938,-0.738,1.824,8.355,19.688,-0.484,2.382,2.530,1.194,1.376,0,NULL,NULL,,3,0,2,7,255,1383,250,0,0
stim,218066,248187,0,248187,3445484.454,-0.610,-0.116,0.323,0.714,0,0,26,0,5,0,0,421,41,0.945,1,2253,0,164.877,21.298,108.313,117.375,-40.938,1.258,-0.742,1.664,8.125,19.688,-2.992,2.320,2.468,1.194,1.376,0,NULL,NULL,,3,0,2,7,255,1383,250,0,0
stim,218066,248187,0,248187,3445489.455,-0.611,-0.117,0.328,0.711,0,0,23,0,2,0,0,438,41,0.945,1,2253,0,154.733,21.326,105.188,101.563,-50.625,1.637,-0.840,1.563,7.273,20.047,-6.250,2.258,2.406,1.194,1.376,0,NULL,NULL,,3,0,2,7,255,1383,250,0,0
stim,218066,248187,0,248187,3445494.453,-0.612,-0.118,0.333,0.708,0,0,24,0,20,0,0,461,41,0.945,1,2253,0,139.596,23.594,99.875,84.688,-48.375,1.813,-0.930,1.445,7.273,22.445,-9.668,2.194,2.340,1.194,1.376,0,NULL,NULL,,3,0,2,7,255,1383,250,0,0
stim,218066,248187,0,248187,3445499.455,-0.613,-0.118,0.338,0.704,0,0,21,0,42,0,0,471,41,0.945,1,2253,0,134.747,24.306,100.125,66.813,-60.563,1.926,-1.004,1.340,7.617,23.082,-12.020,2.126,2.274,1.194,1.376,0,NULL,NULL,,3,0,2,7,255,1383,250,0,0
stim,218066,248187,0,248187,3445504.454,-0.616,-0.117,0.342,0.700,0,0,21,0,42,0,0,484,41,0.945,1,2253,0,141.636,24.600,109.750,47.125,-76.125,2.141,-1.078,1.281,7.992,23.266,-13.930,2.056,2.206,1.194,1.376,0,NULL,NULL,,3,0,2,7,255,1383,250,0,0
stim,218066,248187,0,248187,3445509.455,-0.618,-0.116,0.346,0.696,0,0,23,0,51,0,0,491,41,0.945,1,2253,0,147.269,25.852,126.063,24.563,-72.063,2.277,-1.152,1.340,8.320,24.477,-16.000,1.984,2.134,1.194,1.376,0,NULL,NULL,,3,0,2,7,255,1383,250,0,0
stim,218066,248187,0,248187,3445514.453,-0.621,-0.113,0.350,0.692,0,0,24,0,47,0,0,495,41,0.945,1,2253,0,153.837,27.297,138.688,1.063,-66.563,2.203,-1.117,1.477,9.082,25.742,-16.000,1.908,2.058,1.194,1.376,0,NULL,NULL,,3,0,2,7,255,1383,250,0,0
stim,218066,248187,0,248187,3445519.455,-0.624,-0.109,0.353,0.689,0,0,23,0,47,0,0,500,41,0.945,1,2253,0,158.506,27.434,144.563,-23.625,-60.563,2.105,-0.906,1.730,9.082,25.887,-15.414,1.824,1.976,1.194,1.376,0,NULL,NULL,,3,0,2,7,255,1383,250,0,0
stim,218066,248187,0,248187,3445524.455,-0.627,-0.105,0.356,0.685,0,0,25,0,43,0,0,503,41,0.945,1,2253,0,145.655,27.960,126.563,-46.313,-55.250,1.926,-0.625,2.066,8.645,26.590,-12.430,1.738,1.892,1.194,1.376,0,NULL,NULL,,3,0,2,7,255,1383,250,0,0
stim,218096,248217,0,248217,3445529.455,-0.630,-0.102,0.356,0.683,0,0,23,0,31,0,0,505,41,0.945,1,2253,0,118.823,28.361,85.563,-65.938,-49.500,1.824,-0.578,2.215,7.980,27.215,-8.094,1.646,1.802,1.194,1.376,0,NULL,NULL,,3,0,2,7,255,1383,250,0,0
stim,218096,248217,0,248217,3445534.454,-0.632,-0.099,0.354,0.682,0,0,24,0,11,0,0,507,41,0.945,1,2253,0,96.911,28.249,31.625,-81.313,-42.188,1.559,-0.387,2.332,7.574,27.215,-6.242,1.552,1.708,1.194,1.376,0,NULL,NULL,,3,0,2,7,255,1383,250,0,0
stim,218096,248217,0,248217,3445539.455,-0.635,-0.098,0.351,0.681,0,0,18,0,0,0,0,519,41,0.945,1,2253,0,109.688,26.845,-29.625,-90.313,-54.750,1.355,-0.289,2.230,7.223,25.855,-3.098,1.452,1.610,1.194,1.376,0,NULL,NULL,,3,0,2,7,255,1383,250,0,0
stim,218096,248217,0,248217,3445544.453,-0.638,-0.095,0.347,0.681,83,1,12,351,3,1,0,582,41,0.945,1,2253,0,124.049,24.716,-6.188,-120.875,-27.188,0.824,-0.680,2.707,7.223,23.637,-2.156,1.350,1.508,1.194,1.376,0,NULL,NULL,,3,0,2,7,255,1383,250,0,0
stim,218096,248217,0,248217,3445549.455,-0.635,-0.075,0.348,0.685,839,0,4,1060,0,100,0,605,41,0.945,1,2253,0,458.958,25.636,268.563,-282.813,241.938,0.891,0.664,5.801,9.926,23.637,3.320,1.246,1.402,1.194,1.376,0,NULL,NULL,,3,0,2,7,255,1383,250,0,0
stim,218096,248217,0,248217,3445554.454,-0.625,-0.079,0.331,0.702,1427,0,0,1581,0,307,0,650,41,0.945,1,2253,0,620.262,24.146,-489.250,-156.438,347.688,-0.484,1.625,4.141,9.926,22.012,29.754,1.140,1.296,1.194,1.376,0,NULL,NULL,,3,0,2,7,255,1383,250,0,0
stim,218132,248253,0,248253,3445559.455,-0.614,-0.090,0.303,0.723,1903,0,0,1939,0,507,0,703,41,0.945,1,2253,0,868.610,18.899,-782.563,-184.063,328.938,-0.840,2.652,0.445,-2.969,18.664,29.754,1.034,1.188,1.194,1.376,0,NULL,NULL,,3,0,2,7,255,1383,250,0,0
stim,218132,248253,0,248253,3445564.453,-0.606,-0.096,0.284,0.737,2203,0,0,2119,0,680,0,775,41,0.945,1,2254,0,580.820,20.145,-506.625,-151.438,240.313,-1.375,2.148,-1.301,-19.039,-6.582,5.723,0.930,1.080,1.194,1.376,1,1414.000,31.000,,3,0,2,7,255,1383,250,0,0
stim,218166,248287,0,248287,3445569.455,-0.604,-0.095,0.275,0.742,2399,0,0,2221,0,867,0,863,41,0.945,1,2254,0,238.865,24.608,-182.125,-131.125,81.813,-1.332,0.883,-0.656,-19.039,-15.590,-6.707,0.830,0.974,1.194,1.376,1,NULL,NULL,,3,0,2,7,255,1383,250,0,0
stim,218166,248287,0,248287,3445574.454,-0.604,-0.092,0.270,0.744,2578,0,0,2386,0,1034,0,939,41,0.945,1,2254,0,149.250,16.733,-57.688,-131.500,40.688,-0.293,0.461,0.781,-6.078,-15.590,-6.707,0.734,0.870,1.194,1.376,1,NULL,NULL,,3,0,2,7,255,1383,250,0,0
stim,218166,248287,0,248287,3445579.455,-0.601,-0.089,0.265,0.749,2740,0,0,2597,0,1157,0,960,41,0.945,1,2254,0,191.306,6.130,-81.813,-126.938,117.438,0.230,1.523,1.203,-6.078,0.793,-0.816,0.648,0.774,1.194,1.376,1,NULL,NULL,,3,0,2,7,255,1383,250,0,0
stim,218166,248287,0,248287,3445584.454,-0.593,-0.084,0.257,0.759,2869,0,0,2733,0,1198,0,1043,41,0.945,1,2254,0,361.968,3.715,-138.500,-163.688,291.625,-0.992,0.813,0.859,-3.629,0.793,3.141,0.568,0.682,1.194,1.376,1,NULL,NULL,,3,0,2,7,255,1383,250,0,0
stim,218166,248287,0,248287,3445589.455,-0.584,-0.081,0.245,0.770,2943,0,0,2847,0,1237,0,1125,41,0.945,1,2254,0,438.967,6.773,-258.188,-197.125,295.250,-2.094,-0.770,0.500,-3.629,-5.719,3.141,0.496,0.594,1.194,1.376,2,NULL,NULL,,3,0,2,7,255,1383,250,0,0
stim,218166,248287,0,248287,3445594.453,-0.582,-0.078,0.234,0.775,2999,0,0,2924,0,1265,0,1237,41,0.945,1,2254,0,291.509,18.899,-191.375,-197.250,97.188,-2.250,-0.715,-0.426,12.898,-13.813,0.984,0.432,0.514,1.194,1.376,2,NULL,NULL,,3,0,2,7,255,1383,250,0,0
stim,218166,248287,0,248287,3445599.455,-0.585,-0.072,0.227,0.775,3043,0,0,2991,0,1291,0,1339,41,0.945,1,2254,0,221.178,18.899,-26.375,-214.688,-46.188,-0.996,-0.109,0.055,12.898,-13.813,-5.902,0.382,0.440,1.194,1.376,2,NULL,NULL,,3,0,2,7,255,1383,250,0,0
stim,218166,248287,0,248287,3445604.454,-0.590,-0.063,0.225,0.773,3060,0,0,3042,0,1336,0,1396,41,0.945,1,2254,0,240.318,9.055,102.813,-205.563,-70.188,0.266,-0.105,1.207,3.973,-8.137,-5.902,0.340,0.370,1.194,1.376,2,NULL,NULL,,3,0,2,7,255,1383,250,0,0
stim,218166,248287,0,248287,3445609.455,-0.593,-0.056,0.222,0.772,3083,0,0,3087,0,1381,0,1448,41,0.945,1,2254,0,196.768,8.394,58.250,-184.813,-34.188,0.359,-0.324,2.289,3.973,7.395,-0.383,0.310,0.304,1.194,1.376,2,NULL,NULL,,3,0,2,7,255,1383,250,0,0
stim,218166,248287,0,248287,3445614.453,-0.594,-0.052,0.216,0.773,3099,0,0,3103,0,1427,0,1491,41,0.945,1,2254,0,184.721,13.832,-64.750,-172.563,-12.313,0.586,-0.457,2.109,5.191,12.820,5.965,0.298,0.240,1.194,1.376,2,NULL,NULL,,3,0,2,7,255,1383,250,0,0
stim,218166,248287,0,248287,3445619.455,-0.594,-0.050,0.207,0.776,3123,0,0,3131,0,1467,0,1513,41,0.945,1,2254,0,211.572,14.214,-149.125,-143.938,42.500,0.527,-1.113,1.656,5.531,13.094,5.965,0.296,0.182,1.194,1.376,2,NULL,NULL,,3,0,2,7,255,1383,250,0,0
stim,218166,248287,0,248287,3445624.455,-0.591,-0.050,0.198,0.780,3132,0,0,3154,0,1501,0,1502,41,0.945,1,2254,0,240.395,17.094,-183.500,-129.188,86.188,0.016,-1.363,1.098,10.988,13.094,0.836,0.312,0.134,1.194,1.376,2,NULL,NULL,,3,0,2,7,255,1383,250,0,0
stim,218193,248314,0,248314,3445629.455,-0.589,-0.048,0.190,0.784,3128,0,0,3159,0,1563,0,1503,41,0.945,1,2254,0,209.938,13.079,-135.250,-127.813,97.188,-0.277,-0.609,0.648,10.988,7.094,-2.863,0.332,0.124,1.194,1.376,2,NULL,NULL,,3,0,2,7,255,1383,250,0,0
stim,218193,248314,0,248314,3445634.454,-0.587,-0.045,0.184,0.787,3135,0,0,3173,0,1647,42,1543,41,0.945,1,2254,0,177.109,7.221,-86.063,-135.375,75.063,-0.570,0.102,0.848,7.125,1.176,-2.863,0.350,0.138,1.194,1.376,2,NULL,NULL,,3,0,2,7,255,1383,250,0,0
stim,218193,248314,0,248314,3445639.455,-0.586,-0.042,0.178,0.789,3142,0,0,3175,0,1734,61,1595,41,0.945,1,2254,0,156.037,1.804,-69.563,-134.563,37.438,-0.406,0.199,1.098,1.660,-0.707,-0.238,0.362,0.178,1.194,1.376,2,NULL,NULL,,3,0,2,7,255,1383,250,0,0
stim,218193,248314,0,248314,3445644.453,-0.586,-0.039,0.172,0.791,3157,0,0,3183,0,1820,83,1637,41,0.945,1,2254,0,154.281,1.349,-77.063,-130.188,30.250,-0.199,0.070,1.184,1.148,-0.707,1.770,0.384,0.228,1.194,1.376,2,NULL,NULL,,3,0,2,7,255,1383,250,0,0
stim,218221,248342,0,248342,3445649.455,-0.586,-0.037,0.166,0.793,3157,0,0,3182,0,1881,104,1685,41,0.945,1,2254,0,151.116,1.681,-83.813,-121.750,31.438,-0.109,0.133,1.105,0.523,1.598,1.770,0.410,0.272,1.194,1.376,2,NULL,NULL,,3,0,2,7,255,1383,250,0,0
stim,218221,248342,0,248342,3445654.454,-0.585,-0.035,0.160,0.794,3146,0,0,3187,0,1951,112,1718,41,0.945,1,2254,0,141.333,1.606,-80.750,-114.438,18.938,-0.156,0.172,1.074,0.164,1.598,0.961,0.442,0.310,1.194,1.376,2,NULL,NULL,,3,0,2,7,255,1383,250,0,0
stim,218221,248342,0,248342,3445659.455,-0.586,-0.033,0.155,0.795,3148,0,0,3183,0,2009,141,1740,41,0.945,1,2254,0,129.557,1.867,-74.313,-106.125,-0.188,-0.086,0.043,1.043,0.164,1.859,0.875,0.456,0.332,1.194,1.376,2,NULL,NULL,,3,0,2,7,255,1383,250,0,0
stim,218221,248342,0,248342,3445664.453,-0.587,-0.031,0.150,0.795,3151,0,0,3181,0,2069,165,1757,41,0.945,1,2254,0,124.032,2.029,-70.313,-102.000,-6.000,-0.023,-0.102,0.969,0.785,1.871,0.215,0.454,0.350,1.194,1.376,2,NULL,NULL,,3,0,2,7,255,1383,250,0,0
stim,218222,248343,0,248343,3445669.455,-0.587,-0.029,0.145,0.796,3150,0,0,3188,0,2116,218,1778,41,0.945,1,2254,0,117.865,3.147,-63.625,-99.000,6.563,0.008,-0.148,1.012,1.844,2.551,-0.527,0.440,0.362,1.194,1.376,2,NULL,NULL,,3,0,2,7,255,1383,250,0,0
stim,218222,248343,0,248343,3445674.454,-0.587,-0.028,0.140,0.797,3160,0,0,3193,31,2171,234,1829,41,0.945,1,2254,0,113.203,3.147,-61.625,-93.250,17.938,-0.066,0.027,1.004,1.844,2.551,-0.527,0.416,0.368,1.194,1.376,2,NULL,NULL,,3,0,2,7,255,1383,250,0,0
stim,218263,248384,0,248384,3445679.455,-0.586,-0.026,0.136,0.798,3159,0,0,3179,203,2221,271,1926,41,0.945,1,2254,0,110.983,1.865,-59.750,-91.563,19.063,-0.113,0.148,1.031,0.734,1.715,-0.145,0.392,0.364,1.194,1.376,2,NULL,NULL,,3,0,2,7,255,1383,250,0,0
stim,218263,248384,0,248384,3445684.454,-0.586,-0.024,0.132,0.799,3145,0,0,3183,355,2263,311,2000,41,0.945,1,2254,0,90.626,1.728,-43.625,-78.938,8.875,-0.027,0.164,1.324,-0.211,1.715,0.406,0.368,0.350,1.194,1.376,2,NULL,NULL,,3,0,2,7,255,1383,250,0,0
stim,218263,248384,0,248384,3445689.455,-0.587,-0.023,0.130,0.799,3148,0,0,3177,524,2301,305,2066,41,0.945,1,2254,0,49.570,2.267,-25.875,-39.625,-14.750,0.246,0.313,1.398,-0.383,2.234,3.078,0.344,0.320,1.194,1.376,2,NULL,NULL,,3,0,2,7,255,1383,250,0,0
stim,218263,248384,0,248384,3445694.453,-0.588,-0.023,0.128,0.798,3156,0,0,3179,619,2332,309,2102,41,0.945,1,2254,0,40.976,4.383,-25.750,-26.000,-18.438,0.383,0.965,1.277,-2.559,3.559,3.078,0.324,0.284,1.194,1.376,2,NULL,NULL,,3,0,2,7,255,1383,250,0,0
stim,218263,248384,0,248384,3445699.455,-0.589,-0.023,0.127,0.798,3145,0,0,3187,679,2342,315,2139,41,0.945,1,2254,0,48.835,8.027,-33.375,-27.500,-22.688,0.063,0.871,1.477,-7.195,3.559,3.484,0.306,0.250,1.194,1.376,2,NULL,NULL,,3,0,2,7,255,1383,250,0,0
stim,218263,248384,0,248384,3445704.453,-0.590,-0.025,0.123,0.798,3149,0,0,3179,761,2359,317,2173,41,0.945,1,2254,0,107.121,7.313,-99.563,-13.563,-37.125,-0.258,0.152,1.465,-7.195,1.309,4.836,0.290,0.224,1.194,1.376,2,NULL,NULL,,3,0,2,7,255,1383,250,0,0
stim,218263,248384,0,248384,3445709.456,-0.592,-0.028,0.118,0.797,3147,0,0,3181,837,2312,329,2201,41,0.945,1,2254,0,130.586,1.076,-118.938,-9.875,-53.000,-0.121,0.191,0.777,-1.039,0.281,4.836,0.276,0.206,1.194,1.376,2,NULL,NULL,,3,0,2,7,255,1383,250,0,0
stim,218263,248384,0,248384,3445714.454,-0.594,-0.029,0.116,0.796,3144,0,0,3181,915,2379,357,2223,41,0.945,1,2254,0,91.150,1.076,-59.313,-11.125,-68.313,-0.059,0.215,0.762,-1.039,0.281,-1.926,0.266,0.192,1.194,1.376,2,NULL,NULL,,3,0,2,7,255,1383,250,0,0
stim,218283,248404,0,248404,3445719.455,-0.597,-0.030,0.114,0.794,3151,0,0,3193,1023,2391,373,2240,41,0.945,1,2254,0,83.989,1.547,-37.000,-7.125,-75.063,0.066,0.207,1.184,-1.492,0.406,-1.926,0.260,0.180,1.194,1.376,2,NULL,NULL,,3,0,2,7,255,1383,250,0,0
stim,218283,248404,0,248404,3445724.455,-0.598,-0.032,0.112,0.793,3148,3,0,3191,1087,2381,383,2269,41,0.945,1,2254,0,76.611,2.893,-58.375,-3.375,-49.500,0.191,0.227,1.129,-1.539,2.449,0.883,0.260,0.166,1.194,1.376,2,NULL,NULL,,3,0,2,7,255,1383,250,0,0
stim,218283,248404,0,248404,3445729.455,-0.599,-0.034,0.109,0.793,3149,25,0,3196,1126,2408,392,2286,41,0.945,1,2254,0,87.783,2.893,-84.250,3.250,-24.438,-0.086,0.148,1.164,-1.539,2.449,1.629,0.260,0.154,1.194,1.376,2,NULL,NULL,,3,0,2,7,255,1383,250,0,0
stim,218283,248404,0,248404,3445734.454,-0.600,-0.037,0.106,0.792,3142,53,0,3195,1181,2425,389,2312,41,0.945,1,2254,0,98.089,1.337,-92.500,4.125,-32.375,-0.223,0.094,0.875,-0.734,1.117,0.883,0.262,0.140,1.194,1.376,2,NULL,NULL,,3,0,2,7,255,1383,250,0,0
stim,218315,248436,0,248436,3445739.455,-0.602,-0.039,0.104,0.791,3148,63,0,3199,1231,2443,389,2321,41,0.945,1,2254,0,80.330,0.656,-63.375,2.188,-49.313,-0.234,0.113,0.820,-0.270,-0.598,-0.953,0.264,0.130,1.194,1.376,2,NULL,NULL,,3,0,2,7,255,1383,250,0,0
stim,218315,248436,0,248436,3445744.454,-0.604,-0.040,0.102,0.790,3143,64,0,3207,1267,2450,392,2347,41,0.945,1,2254,0,73.435,0.600,-42.250,0.313,-60.063,-0.125,0.059,0.934,-0.055,-0.598,-0.953,0.266,0.120,1.194,1.376,2,NULL,NULL,,3,0,2,7,255,1383,250,0,0
stim,218315,248436,0,248436,3445749.455,-0.605,-0.041,0.100,0.789,3145,91,0,3209,1301,2457,393,2356,41,0.945,1,2254,0,66.674,0.498,-41.375,1.875,-52.250,-0.059,0.020,1.102,-0.039,0.496,-0.586,0.270,0.110,1.194,1.376,2,NULL,NULL,,3,0,2,7,255,1383,250,0,0
stim,218315,248436,0,248436,3445754.453,-0.607,-0.043,0.098,0.788,3143,99,0,3208,1349,2463,389,2361,41,0.945,1,2254,0,73.813,1.348,-60.625,3.000,-42.000,-0.086,0.004,1.133,0.148,1.340,0.883,0.286,0.096,1.194,1.376,2,NULL,NULL,,3,0,2,7,255,1383,250,0,0
stim,218315,248436,0,248436,3445759.455,-0.608,-0.046,0.095,0.787,3135,124,0,3213,1394,2475,381,2381,41,0.945,1,2254,0,96.732,1.381,-86.375,7.625,-42.875,-0.184,0.004,1.148,0.336,1.340,1.242,0.304,0.082,1.194,1.376,2,NULL,NULL,,3,0,2,7,255,1383,250,0,0
stim,218315,248436,0,248436,3445764.454,-0.609,-0.048,0.092,0.786,3145,137,0,3213,1445,2477,381,2387,41,0.945,1,2254,0,97.814,0.699,-87.188,4.938,-44.063,-0.137,-0.168,0.727,0.500,0.488,1.242,0.324,0.068,1.194,1.376,2,NULL,NULL,,3,0,2,7,255,1383,250,0,0
stim,218366,248487,0,248487,3445769.455,-0.611,-0.050,0.090,0.785,3131,150,0,3205,1483,2478,381,2393,41,0.945,1,2254,0,61.941,1.944,-45.813,0.000,-41.688,-0.188,-0.238,0.715,1.887,0.469,-2.660,0.336,0.062,1.194,1.376,2,NULL,NULL,,3,0,2,7,255,1383,250,0,0
stim,218366,248487,0,248487,3445774.454,-0.612,-0.050,0.090,0.784,3125,161,0,3209,1516,2491,392,2407,41,0.945,1,2254,0,42.667,2.685,-17.375,-1.563,-38.938,-0.141,-0.270,0.879,2.641,0.488,-2.660,0.346,0.058,1.194,1.376,2,NULL,NULL,,3,0,2,7,255,1383,250,0,0
stim,218366,248487,0,248487,3445779.455,-0.613,-0.051,0.089,0.783,3129,165,4,3205,1557,2484,393,2408,41,0.945,1,2254,0,34.501,2.807,-13.750,-3.000,-31.500,-0.129,-0.164,0.996,2.641,0.953,-1.230,0.356,0.056,1.194,1.376,2,NULL,NULL,,3,0,2,7,255,1383,250,0,0
stim,218366,248487,0,248487,3445784.454,-0.614,-0.051,0.088,0.783,3119,173,21,3196,1567,2485,383,2412,41,0.945,1,2254,0,32.847,2.020,-20.688,-4.438,-25.125,-0.160,-0.090,1.000,1.781,0.953,-0.082,0.366,0.054,1.194,1.376,2,NULL,NULL,,3,0,2,7,255,1383,250,0,0
stim,218366,248487,0,248487,3445789.455,-0.615,-0.052,0.087,0.782,3130,173,31,3209,1591,2490,373,2429,41,0.945,1,2254,0,30.952,1.515,-19.938,-2.875,-23.500,-0.137,-0.121,0.945,1.336,0.715,-0.082,0.376,0.052,1.194,1.376,2,NULL,NULL,,3,0,2,7,255,1383,250,0,0
stim,218366,248487,0,248487,3445794.454,-0.615,-0.052,0.086,0.782,3124,179,67,3195,1606,2491,366,2422,41,0.945,1,2254,0,25.041,1.423,-17.563,-3.813,-17.438,-0.137,-0.113,0.961,1.230,0.715,-0.367,0.386,0.052,1.194,1.376,2,NULL,NULL,,3,0,2,7,255,1383,250,0,0
stim,218366,248487,0,248487,3445799.455,-0.616,-0.053,0.085,0.782,3109,175,61,3189,1635,2485,371,2423,41,0.974,1,2254,1,20.395,1.423,-12.938,-4.000,-15.250,-0.168,-0.043,0.930,1.230,0.715,-0.523,0.000,0.000,1.253,1.368,2,NULL,NULL,,3,0,2,7,255,1383,250,0,0
stim,218366,248487,0,248487,3445804.454,-0.616,-0.053,0.084,0.781,3116,179,71,3183,1651,2479,367,2429,41,0.974,1,2254,1,18.341,0.663,-6.750,-4.063,-16.563,-0.168,-0.016,0.965,0.625,0.223,-0.367,0.008,0.008,1.253,1.368,2,NULL,NULL,,3,0,2,7,255,1383,250,0,0
stim,218366,248487,0,248487,3445809.455,-0.617,-0.053,0.084,0.781,3100,179,73,3175,1683,2478,360,2431,41,0.974,1,2254,1,20.392,0.411,-5.188,-4.813,-19.125,-0.168,0.004,0.980,0.348,0.219,-0.238,0.016,0.016,1.253,1.368,2,NULL,NULL,,3,0,2,7,255,1383,250,0,0
stim,218366,248487,0,248487,3445814.454,-0.618,-0.053,0.084,0.780,3101,177,119,3167,1693,2475,363,2442,41,0.974,1,2254,1,22.373,0.276,-4.188,-4.250,-21.563,-0.152,0.035,0.996,0.168,0.219,-0.078,0.022,0.024,1.253,1.368,2,NULL,NULL,,3,0,2,7,255,1383,250,0,0
stim,218366,248487,0,248487,3445819.455,-0.618,-0.053,0.083,0.780,3097,175,153,3163,1704,2469,363,2445,41,0.974,1,2254,1,21.721,0.342,-4.813,-4.250,-20.750,-0.125,0.043,0.980,-0.156,0.305,-0.078,0.028,0.030,1.253,1.368,2,NULL,NULL,,3,0,2,7,255,1383,250,0,0
stim,218366,248487,0,248487,3445824.455,-0.619,-0.053,0.083,0.779,3089,173,160,3158,1721,2459,347,2445,41,0.974,1,2254,1,17.754,0.581,-2.188,-3.875,-17.188,-0.125,0.043,0.996,-0.309,0.492,0.027,0.032,0.034,1.253,1.368,2,NULL,NULL,,3,0,2,7,255,1383,250,0,0
stim,218396,248517,0,248517,3445829.455,-0.620,-0.053,0.083,0.779,3089,178,181,3153,1741,2409,349,2447,41,0.974,1,2254,1,17.127,0.587,-4.125,-3.500,-16.250,-0.156,0.063,1.027,-0.320,0.492,0.027,0.036,0.040,1.253,1.368,2,NULL,NULL,,3,0,2,7,255,1383,250,0,0
stim,218396,248517,0,248517,3445834.453,-0.620,-0.053,0.082,0.778,3077,179,203,3147,1763,2455,351,2451,41,0.974,1,2254,1,19.672,0.505,-5.813,-2.938,-18.563,-0.160,0.078,1.012,-0.441,0.246,0.234,0.038,0.042,1.253,1.368,2,NULL,NULL,,3,0,2,7,255,1383,250,0,0
stim,218396,248517,0,248517,3445839.455,-0.621,-0.053,0.082,0.778,3065,181,249,3141,1783,2453,354,2454,41,0.974,1,2254,1,20.284,0.607,-6.500,-3.250,-18.938,-0.164,0.094,1.016,-0.590,0.145,0.293,0.040,0.044,1.253,1.368,2,NULL,NULL,,3,0,2,7,255,1383,250,0,0
stim,218396,248517,0,248517,3445844.454,-0.621,-0.053,0.082,0.777,3061,190,283,3131,1816,2457,357,2459,41,0.974,1,2254,1,21.449,0.738,-8.625,-3.563,-19.313,-0.191,0.129,1.027,-0.734,0.070,0.293,0.042,0.044,1.253,1.368,2,NULL,NULL,,3,0,2,7,255,1383,250,0,0
stim,218396,248517,1,248517,3445849.455,-0.622,-0.053,0.081,0.777,3053,191,349,3124,1836,2449,365,2463,41,0.974,1,2254,1,27.049,1.031,-10.500,-4.250,-24.563,-0.203,0.141,1.023,-1.000,-0.250,0.430,0.040,0.044,1.253,1.368,2,NULL,NULL,,3,1,2,7,255,1383,250,0,0
stim,218396,248517,1,248517,3445854.453,-0.623,-0.053,0.081,0.776,3043,201,403,3116,1865,2447,383,2469,41,0.974,1,2254,1,30.011,1.126,-11.063,-5.375,-27.375,-0.176,0.137,0.992,-1.098,-0.250,0.430,0.040,0.044,1.253,1.368,2,NULL,NULL,,3,1,2,7,255,1383,250,0,0
stim,218432,248553,1,248553,3445859.455,-0.624,-0.053,0.080,0.776,3031,212,442,3107,1901,2447,397,2473,41,0.974,1,2254,1,26.166,1.124,-9.188,-5.500,-23.875,-0.137,0.125,1.012,-1.109,-0.184,0.199,0.038,0.042,1.253,1.368,2,NULL,NULL,,3,1,2,7,255,1383,250,0,0
stim,218432,248553,1,248553,3445864.453,-0.625,-0.053,0.080,0.775,3022,231,534,3099,1934,2446,405,2484,41,0.974,1,2254,1,28.268,1.111,-9.875,-6.938,-25.563,-0.168,0.113,1.016,-1.109,-0.051,0.199,0.036,0.038,1.253,1.368,2,NULL,NULL,,3,1,2,7,255,1383,250,0,0
stim,218464,248585,1,248585,3445869.455,-0.625,-0.053,0.079,0.774,3015,234,623,3093,1971,2446,439,2492,41,0.974,1,2254,1,24.655,0.985,-15.000,-6.375,-18.500,-0.102,0.059,1.027,-0.961,0.215,0.266,0.032,0.036,1.253,1.368,2,NULL,NULL,,3,1,2,7,255,1383,250,0,0
stim,218464,248585,1,248585,3445874.454,-0.626,-0.053,0.078,0.774,3000,243,663,3084,2001,2444,434,2501,41,0.974,1,2254,1,21.231,0.720,-14.875,-6.750,-13.563,-0.137,0.078,0.941,-0.695,0.188,0.266,0.030,0.032,1.253,1.368,2,NULL,NULL,,3,1,2,7,255,1383,250,0,0
stim,218464,248585,1,248585,3445879.455,-0.626,-0.053,0.078,0.774,2989,245,741,3079,2037,2450,437,2511,41,0.974,1,2254,1,15.572,0.666,-8.875,-7.313,-10.500,-0.133,0.016,0.957,-0.570,0.344,-0.348,0.028,0.028,1.253,1.368,2,NULL,NULL,,3,1,2,7,255,1383,250,0,0
stim,218464,248585,1,248585,3445884.454,-0.627,-0.053,0.077,0.774,2979,260,790,3063,2069,2451,446,2519,41,0.974,1,2254,1,14.408,0.242,-6.063,-7.250,-10.875,-0.160,0.023,1.000,-0.152,0.188,-0.348,0.026,0.022,1.253,1.368,2,NULL,NULL,,3,1,2,7,255,1383,250,0,0
stim,218464,248585,1,248585,3445889.455,-0.627,-0.053,0.077,0.773,2967,251,872,3055,2105,2453,487,2526,41,0.974,1,2254,1,17.030,0.260,-9.750,-6.813,-12.188,-0.148,0.055,1.008,-0.152,0.211,0.129,0.026,0.016,1.253,1.368,2,NULL,NULL,,3,1,2,7,255,1383,250,0,0
stim,218464,248585,1,248585,3445894.454,-0.627,-0.053,0.076,0.773,2957,252,939,3051,2150,2456,583,2539,41,0.974,1,2254,1,20.209,0.374,-10.125,-7.063,-16.000,-0.176,0.047,0.957,-0.340,0.156,0.129,0.026,0.012,1.253,1.368,2,NULL,NULL,,3,1,2,7,255,1383,250,0,0
stim,218464,248585,1,248585,3445899.455,-0.628,-0.053,0.075,0.773,2939,264,1022,3039,2196,2457,633,2552,41,0.974,1,2254,1,19.472,0.400,-9.750,-7.438,-15.125,-0.145,-0.020,0.980,-0.340,0.211,-0.102,0.030,0.010,1.253,1.368,2,NULL,NULL,,3,1,2,7,255,1383,250,0,0
stim,218464,248585,1,248585,3445904.454,-0.628,-0.053,0.075,0.772,2925,271,1109,3032,2231,2459,718,2569,41,0.974,1,2254,1,17.400,0.180,-8.438,-9.438,-11.938,-0.184,0.000,0.938,0.102,-0.148,-0.273,0.032,0.008,1.253,1.368,2,NULL,NULL,,3,1,2,7,255,1383,250,0,0
stim,218464,248585,1,248585,3445909.455,-0.629,-0.053,0.074,0.772,2909,271,1211,3022,2267,2461,811,2585,41,0.974,1,2254,1,15.549,0.203,-5.063,-9.000,-11.625,-0.191,0.023,0.996,0.102,-0.176,-0.102,0.036,0.008,1.253,1.368,2,NULL,NULL,,3,1,2,7,255,1383,250,0,0
stim,218464,248585,1,248585,3445914.453,-0.629,-0.053,0.074,0.772,2898,285,1267,3013,2297,2463,878,2599,41,0.974,1,2254,1,23.410,0.208,-10.250,-9.313,-18.875,-0.215,0.066,1.023,-0.105,-0.180,0.121,0.038,0.010,1.253,1.368,2,NULL,NULL,,3,1,2,7,255,1383,250,0,0
stim,218464,248585,1,248585,3445919.455,-0.630,-0.053,0.073,0.771,2886,309,1369,3003,2329,2469,951,2610,41,0.974,1,2254,1,32.173,0.304,-14.188,-9.188,-27.375,-0.199,0.020,0.984,-0.105,-0.285,0.121,0.038,0.010,1.253,1.368,2,NULL,NULL,,3,1,2,7,255,1383,250,0,0
stim,218464,248585,1,248585,3445924.455,-0.631,-0.053,0.072,0.770,2867,326,1445,2997,2361,2469,1029,2621,41,0.974,1,2254,1,35.196,0.301,-17.625,-8.938,-29.125,-0.109,-0.055,0.992,-0.098,-0.285,0.023,0.040,0.012,1.253,1.368,2,NULL,NULL,,3,1,2,7,255,1383,250,0,0
stim,218496,248617,1,248617,3445929.455,-0.632,-0.054,0.071,0.770,2854,327,1545,2987,2393,2473,1099,2635,41,0.974,1,2254,1,28.753,0.569,-17.750,-9.563,-20.500,-0.137,-0.094,0.926,0.414,0.391,-0.066,0.040,0.010,1.253,1.368,2,NULL,NULL,,3,1,2,7,255,1383,250,0,0
stim,218496,248617,1,248617,3445934.453,-0.633,-0.054,0.070,0.769,2837,357,1629,2975,2415,2473,1173,2647,41,0.974,1,2254,1,25.473,0.770,-12.688,-10.375,-19.500,-0.137,-0.074,0.922,0.664,0.391,-0.641,0.038,0.008,1.253,1.368,2,NULL,NULL,,3,1,2,7,255,1383,250,0,0
stim,218496,248617,1,248617,3445939.455,-0.633,-0.054,0.069,0.769,2815,367,1720,2967,2453,2478,1231,2660,41,0.974,1,2254,1,21.465,0.736,-5.438,-12.188,-16.813,-0.164,-0.039,0.945,0.664,0.316,-0.641,0.036,0.006,1.253,1.368,2,NULL,NULL,,3,1,2,7,255,1383,250,0,0
stim,218496,248617,1,248617,3445944.453,-0.634,-0.053,0.069,0.768,2796,393,1811,2955,2479,2482,1324,2676,41,0.974,1,2254,1,24.616,0.349,-6.063,-11.438,-20.938,-0.195,0.012,0.996,0.348,0.035,-0.418,0.034,0.006,1.253,1.368,2,NULL,NULL,,3,1,2,7,255,1383,250,0,0
stim,218517,248638,1,248638,3445949.455,-0.635,-0.053,0.068,0.768,2786,425,1875,2939,2507,2457,1419,2680,41,0.974,1,2254,1,31.019,0.099,-10.750,-12.938,-26.063,-0.168,0.039,1.027,-0.094,-0.031,0.121,0.034,0.006,1.253,1.368,2,NULL,NULL,,3,1,2,7,255,1383,250,0,0
stim,218517,248638,1,248638,3445954.454,-0.636,-0.053,0.067,0.767,2765,468,1949,2925,2535,2487,1493,2694,41,0.974,1,2254,1,33.557,0.441,-10.438,-14.063,-28.625,-0.156,0.070,0.980,-0.434,-0.082,0.121,0.032,0.006,1.253,1.368,2,NULL,NULL,,3,1,2,7,255,1383,250,0,0
stim,218517,248638,1,248638,3445959.455,-0.637,-0.053,0.067,0.766,2743,487,2042,2915,2555,2491,1553,2709,41,0.974,1,2254,1,29.211,0.435,-5.063,-13.438,-25.438,-0.102,0.004,0.980,-0.434,-0.031,-0.086,0.032,0.008,1.253,1.368,2,NULL,NULL,,3,1,2,7,255,1383,250,0,0
stim,218517,248638,1,248638,3445964.453,-0.637,-0.053,0.066,0.766,2717,509,2118,2905,2587,2495,1635,2718,41,0.974,1,2254,1,22.988,0.871,-7.125,-13.500,-17.188,-0.102,0.051,1.051,-0.672,0.555,-0.086,0.032,0.010,1.253,1.368,2,NULL,NULL,,3,1,2,7,255,1383,250,0,0
stim,218517,248638,1,248638,3445969.455,-0.638,-0.052,0.065,0.766,2685,538,2189,2891,2605,2495,1707,2729,41,0.974,1,2254,1,25.599,0.871,-11.688,-13.625,-18.250,-0.168,0.125,1.063,-0.672,0.555,0.523,0.032,0.012,1.253,1.368,2,NULL,NULL,,3,1,2,7,255,1383,250,0,0
stim,218517,248638,1,248638,3445974.454,-0.639,-0.052,0.064,0.765,2657,563,2251,2874,2623,2503,1763,2735,41,0.974,1,2254,1,39.035,1.053,-16.563,-12.500,-33.063,-0.211,0.105,1.031,-1.035,-0.195,0.523,0.032,0.012,1.253,1.368,2,NULL,NULL,,3,1,2,7,255,1383,250,0,0
stim,218561,248682,1,248682,3445979.455,-0.640,-0.053,0.063,0.764,2627,582,2309,2856,2642,2503,1837,2747,41,0.974,1,2254,1,49.069,1.053,-20.688,-11.438,-43.000,-0.141,0.016,0.996,-1.035,-0.195,0.512,0.034,0.010,1.253,1.368,2,NULL,NULL,,3,1,2,7,255,1383,250,0,0
stim,218561,248682,1,248682,3445984.454,-0.642,-0.053,0.062,0.763,2594,597,2361,2841,2666,2505,1913,2757,41,0.974,1,2254,1,46.630,0.318,-19.063,-11.625,-40.938,-0.090,-0.105,0.961,-0.289,0.133,0.047,0.036,0.010,1.253,1.368,2,NULL,NULL,,3,1,2,7,255,1383,250,0,0
stim,218561,248682,1,248682,3445989.455,-0.643,-0.053,0.061,0.762,2539,616,2415,2823,2685,2505,1979,2767,41,0.974,1,2254,1,37.458,0.840,-15.188,-13.125,-31.625,-0.109,-0.086,0.988,0.613,0.574,-0.086,0.038,0.010,1.253,1.368,2,NULL,NULL,,3,1,2,7,255,1383,250,0,0
stim,218561,248682,1,248682,3445994.453,-0.644,-0.053,0.060,0.761,2507,622,2470,2803,2708,2506,2029,2777,41,0.974,1,2254,1,34.617,0.840,-16.625,-14.250,-26.813,-0.148,-0.016,1.020,0.613,0.574,-0.086,0.042,0.008,1.253,1.368,2,NULL,NULL,,3,1,2,7,255,1383,250,0,0
stim,218561,248682,1,248682,3445999.455,-0.645,-0.053,0.059,0.760,2463,631,2509,2788,2723,2507,2085,2786,41,0.974,1,2254,1,41.509,0.118,-22.438,-14.125,-31.938,-0.180,0.000,1.047,-0.043,0.109,0.273,0.044,0.008,1.253,1.368,2,NULL,NULL,,3,1,2,7,255,1383,250,0,0
stim,218561,248682,1,248682,3446004.454,-0.646,-0.054,0.057,0.760,2424,639,2541,2765,2732,2507,2133,2793,41,0.974,1,2254,1,50.033,0.118,-31.813,-13.313,-36.250,-0.129,-0.027,1.047,-0.043,0.109,0.531,0.048,0.008,1.253,1.368,2,NULL,NULL,,3,1,2,7,255,1383,250,0,0
stim,218561,248682,1,248682,3446009.455,-0.647,-0.054,0.055,0.759,2362,638,2579,2736,2747,2460,2167,2799,41,0.974,1,2254,1,51.545,0.273,-35.875,-13.875,-34.313,-0.121,-0.023,0.980,-0.078,0.262,0.531,0.050,0.008,1.253,1.368,2,NULL,NULL,,3,1,2,7,255,1383,250,0,0
stim,218561,248682,1,248682,3446014.453,-0.648,-0.055,0.054,0.758,2323,639,2601,2713,2761,2507,2212,2807,41,0.974,1,2254,1,46.991,0.262,-31.625,-14.000,-31.813,-0.117,-0.043,0.949,-0.004,0.262,-0.152,0.050,0.006,1.253,1.368,2,NULL,NULL,,3,1,2,7,255,1383,250,0,0
stim,218583,248704,1,248704,3446019.455,-0.649,-0.055,0.052,0.757,2255,647,2631,2679,2773,2507,2255,2815,41,0.974,1,2254,1,41.174,0.279,-23.875,-14.500,-30.250,-0.129,-0.059,0.949,0.105,0.258,-0.414,0.052,0.006,1.253,1.368,2,NULL,NULL,,3,1,2,7,255,1383,250,0,0
stim,218583,248704,1,248704,3446024.455,-0.650,-0.055,0.051,0.756,2213,648,2653,2651,2787,2501,2287,2825,41,0.974,1,2254,1,39.658,0.182,-18.375,-14.250,-32.125,-0.129,-0.039,0.977,0.105,0.148,-0.414,0.052,0.006,1.253,1.368,2,NULL,NULL,,3,1,2,7,255,1383,250,0,0
stim,218583,248704,1,248704,3446029.455,-0.651,-0.055,0.050,0.756,2136,639,2679,2613,2799,2505,2324,2835,41,0.974,1,2254,1,40.137,0.221,-18.500,-14.438,-32.563,-0.113,-0.059,1.008,0.164,0.148,-0.164,0.052,0.006,1.253,1.368,2,NULL,NULL,,3,1,2,7,255,1383,250,0,0
stim,218583,248704,1,248704,3446034.453,-0.652,-0.055,0.049,0.755,2057,637,2708,2577,2813,2503,2356,2840,41,0.974,1,2254,1,40.516,0.362,-21.188,-13.875,-31.625,-0.113,-0.055,1.004,0.113,0.344,0.094,0.052,0.006,1.253,1.368,2,NULL,NULL,,3,1,2,7,255,1383,250,0,0
stim,218609,248730,1,248730,3446039.455,-0.653,-0.055,0.047,0.754,1989,635,2727,2529,2821,2502,2391,2844,41,0.974,1,2254,1,40.587,0.362,-22.063,-14.125,-31.000,-0.117,-0.031,0.988,0.113,0.344,0.094,0.052,0.008,1.253,1.368,2,NULL,NULL,,3,1,2,7,255,1383,250,0,0
stim,218609,248730,1,248730,3446044.453,-0.654,-0.056,0.046,0.753,1908,621,2749,2488,2831,2494,2413,2853,41,0.974,1,2254,1,37.355,0.350,-18.938,-14.375,-28.813,-0.102,-0.043,0.980,-0.066,0.344,-0.047,0.052,0.008,1.253,1.368,2,NULL,NULL,,3,1,2,7,255,1383,250,0,0
stim,218609,248730,1,248730,3446049.455,-0.655,-0.056,0.045,0.753,1828,611,2773,2441,2843,2491,2445,2859,41,0.974,1,2254,1,34.595,0.244,-16.688,-14.813,-26.438,-0.121,-0.051,1.012,-0.066,0.234,-0.047,0.052,0.010,1.253,1.368,2,NULL,NULL,,3,1,2,7,255,1383,250,0,0
stim,218609,248730,1,248730,3446054.454,-0.656,-0.056,0.044,0.752,1741,588,2789,2376,2853,2491,2469,2867,41,0.974,1,2254,1,37.184,0.229,-20.125,-16.188,-26.750,-0.152,-0.027,1.063,-0.066,0.219,0.168,0.054,0.010,1.253,1.368,2,NULL,NULL,,3,1,2,7,255,1383,250,0,0
stim,218609,248730,1,248730,3446059.455,-0.656,-0.056,0.043,0.751,1627,568,2808,2321,2858,2487,2495,2873,41,0.974,1,2254,1,43.239,0.207,-26.563,-16.250,-30.000,-0.137,0.004,1.043,-0.207,0.000,0.500,0.054,0.010,1.253,1.368,2,NULL,NULL,,3,1,2,7,255,1383,250,0,0
stim,218609,248730,1,248730,3446064.453,-0.657,-0.056,0.041,0.750,1483,557,2829,2251,2869,2478,2529,2875,41,0.974,1,2254,1,43.604,0.559,-27.813,-16.500,-29.250,-0.102,0.027,1.008,-0.559,0.000,0.500,0.056,0.010,1.253,1.368,2,NULL,NULL,,3,1,2,7,255,1383,250,0,0
stim,218661,248782,1,248782,3446069.455,-0.658,-0.056,0.040,0.750,1324,534,2846,2171,2876,2453,2553,2885,41,0.974,1,2254,1,40.357,0.817,-25.125,-16.688,-26.813,-0.109,0.035,1.000,-0.805,0.141,0.102,0.058,0.012,1.253,1.368,2,NULL,NULL,,3,1,2,7,255,1383,250,0,0
stim,218661,248782,1,248782,3446074.454,-0.659,-0.056,0.039,0.749,1211,491,2861,2087,2888,2469,2580,2888,41,0.974,1,2254,1,38.300,0.817,-23.063,-17.063,-25.375,-0.125,-0.012,1.012,-0.805,0.141,0.102,0.058,0.012,1.253,1.368,2,NULL,NULL,,3,1,2,7,255,1383,250,0,0
stim,218661,248782,1,248782,3446079.455,-0.660,-0.056,0.037,0.748,1082,443,2875,1981,2898,2459,2605,2895,41,0.974,1,2254,1,39.312,0.457,-23.500,-17.625,-26.125,-0.145,-0.063,1.031,-0.457,0.016,0.160,0.060,0.012,1.253,1.368,2,NULL,NULL,,3,1,2,7,255,1383,250,0,0
stim,218661,248782,1,248782,3446084.454,-0.661,-0.056,0.036,0.748,950,405,2891,1855,2905,2451,2631,2898,41,0.974,1,2254,1,39.897,0.050,-23.563,-18.375,-26.438,-0.137,-0.066,1.020,0.031,-0.039,0.281,0.060,0.012,1.253,1.368,2,NULL,NULL,,3,1,2,7,255,1383,250,0,0
stim,218661,248782,1,248782,3446089.455,-0.661,-0.056,0.034,0.747,807,392,2901,1704,2916,2439,2649,2903,41,0.974,1,2254,1,40.560,0.050,-23.438,-19.500,-26.750,-0.121,-0.031,1.016,0.031,-0.039,0.281,0.062,0.012,1.253,1.368,2,NULL,NULL,,3,1,2,7,255,1383,250,0,0
stim,218661,248782,1,248782,3446094.453,-0.662,-0.056,0.033,0.746,637,370,2916,1563,2923,2428,2667,2906,41,0.974,1,2254,1,41.536,0.119,-23.750,-20.625,-27.125,-0.117,-0.059,1.012,-0.117,0.020,0.207,0.064,0.012,1.253,1.368,2,NULL,NULL,,3,1,2,7,255,1383,250,0,0
stim,218661,248782,0,248782,3446099.455,-0.663,-0.056,0.032,0.746,499,339,2923,1443,2933,2413,2683,2910,41,0.974,1,2254,1,37.391,0.282,-19.563,-22.688,-22.375,-0.141,-0.039,1.004,-0.281,0.020,0.180,0.064,0.012,1.253,1.368,2,NULL,NULL,,3,0,2,7,255,1380,250,0,0
stim,218661,248782,0,248782,3446104.454,-0.664,-0.056,0.030,0.745,362,265,2933,1257,2939,2404,2700,2915,41,0.974,1,2254,1,38.314,0.349,-16.750,-23.313,-25.375,-0.172,-0.012,1.027,-0.281,-0.207,0.180,0.066,0.012,1.253,1.368,2,NULL,NULL,,3,0,2,7,255,1380,250,0,0
stim,218691,248812,0,248812,3446109.455,-0.665,-0.056,0.029,0.745,248,224,2943,1079,2952,2389,2717,2919,41,0.974,1,2254,1,39.764,0.552,-13.813,-25.250,-27.438,-0.137,-0.023,1.059,-0.512,-0.207,0.387,0.066,0.012,1.253,1.368,2,NULL,NULL,,3,0,2,7,255,1380,250,0,0
stim,218691,248812,0,248812,3446114.453,-0.666,-0.055,0.028,0.744,137,176,2963,877,2963,2361,2733,2931,41,0.974,1,2254,1,45.267,0.559,-17.875,-26.563,-32.000,-0.125,0.008,1.063,-0.535,-0.160,0.633,0.066,0.014,1.253,1.368,2,NULL,NULL,,3,0,2,7,255,1380,250,0,0
stim,218691,248812,0,248812,3446119.455,-0.667,-0.055,0.026,0.743,85,133,2969,679,2975,2327,2744,2934,41,0.974,1,2254,1,50.406,0.820,-16.000,-27.813,-38.875,-0.121,0.020,1.035,-0.809,-0.137,0.633,0.066,0.012,1.253,1.368,2,NULL,NULL,,3,0,2,7,255,1380,250,0,0
stim,218691,248812,0,248812,3446124.455,-0.668,-0.054,0.025,0.742,37,90,2972,524,2984,2312,2779,2933,41,0.974,1,2254,1,45.827,0.814,-8.000,-31.688,-32.125,-0.059,-0.051,1.004,-0.809,-0.090,0.355,0.068,0.012,1.253,1.368,2,NULL,NULL,,3,0,2,7,255,1380,250,0,0
stim,218691,248812,0,248812,3446129.455,-0.668,-0.053,0.024,0.742,20,61,2975,320,2982,2236,2788,2935,41,0.974,1,2254,1,39.054,0.459,0.625,-34.750,-17.813,-0.078,-0.090,1.039,-0.309,0.340,0.355,0.070,0.012,1.253,1.368,2,NULL,NULL,,3,0,2,7,255,1380,250,0,0
stim,218691,248812,0,248812,3446134.453,-0.669,-0.051,0.023,0.741,0,39,2987,181,2988,2251,2808,2957,41,0.974,1,2254,1,40.694,0.459,-1.188,-36.750,-17.438,-0.125,-0.031,1.070,-0.309,0.340,0.426,0.070,0.012,1.253,1.368,2,NULL,NULL,,3,0,2,7,255,1380,250,0,0
stim,218692,248813,0,248813,3446139.455,-0.670,-0.050,0.022,0.740,0,39,2997,165,3003,2235,2837,2953,41,0.974,1,2254,1,48.538,0.442,-3.688,-38.125,-29.813,-0.191,-0.031,1.059,-0.398,-0.191,0.684,0.072,0.012,1.253,1.368,2,NULL,NULL,,3,0,2,7,255,1380,250,0,0
stim,218692,248813,0,248813,3446144.453,-0.671,-0.048,0.021,0.740,0,5,2991,137,3003,2215,2836,2943,41,0.974,1,2254,1,56.023,0.947,26.125,-45.875,-18.750,-0.313,-0.125,1.242,-0.398,-0.859,0.762,0.072,0.012,1.253,1.368,2,NULL,NULL,,3,0,2,7,255,1380,250,0,0
stim,218715,248836,0,248836,3446149.455,-0.671,-0.045,0.021,0.740,0,0,2999,115,3021,2184,2857,2953,41,0.974,1,2254,0,73.565,1.903,45.938,-57.438,1.563,-0.359,-0.156,1.531,0.527,-1.828,2.656,0.072,0.014,1.253,1.368,3,NULL,NULL,,3,0,2,7,255,1380,250,0,0
stim,218715,248836,0,248836,3446154.454,-0.671,-0.044,0.018,0.740,0,1,2997,95,3027,2147,2871,2958,41,0.974,1,2254,0,62.974,1.963,-20.938,-57.125,-16.250,-0.133,-0.230,1.332,0.715,-1.828,3.410,0.074,0.014,1.253,1.368,3,NULL,NULL,,3,0,2,7,255,1380,250,0,0
stim,218715,248836,0,248836,3446159.455,-0.671,-0.044,0.015,0.740,0,0,2998,64,3021,2055,2875,2955,41,0.974,1,2254,0,73.043,1.352,-45.438,-55.188,-15.000,-0.090,-0.250,0.965,1.352,-0.008,3.410,0.074,0.014,1.253,1.368,3,NULL,NULL,,3,0,2,7,255,1380,250,0,0
stim,218715,248836,0,248836,3446164.453,-0.671,-0.042,0.013,0.740,0,0,2997,46,3034,2041,2891,2959,41,0.974,1,2254,0,64.418,1.352,-9.250,-62.750,11.250,-0.133,-0.102,0.926,1.352,-0.008,-0.188,0.076,0.014,1.253,1.368,3,NULL,NULL,,3,0,2,7,255,1380,250,0,0
stim,218734,248855,0,248855,3446169.455,-0.671,-0.040,0.012,0.741,0,0,3004,0,3039,1989,2915,2965,41,0.974,1,2254,0,70.813,0.678,17.500,-67.250,13.625,-0.199,-0.055,0.992,0.348,-0.582,-0.188,0.078,0.016,1.253,1.368,3,NULL,NULL,,3,0,2,7,255,1380,250,0,0
stim,218734,248855,0,248855,3446174.454,-0.671,-0.037,0.011,0.741,0,0,2997,0,3037,1929,2907,2962,41,0.974,1,2254,0,73.750,1.320,23.188,-70.000,1.188,-0.215,-0.117,1.086,0.348,-1.273,0.055,0.080,0.016,1.253,1.368,3,NULL,NULL,,3,0,2,7,255,1380,250,0,0
stim,218764,248885,0,248885,3446179.455,-0.671,-0.034,0.009,0.741,0,0,3003,0,3051,1847,2923,2971,41,0.974,1,2254,0,76.041,1.367,20.875,-73.063,-2.875,-0.188,-0.152,1.172,0.496,-1.273,0.992,0.080,0.016,1.253,1.368,3,NULL,NULL,,3,0,2,7,255,1380,250,0,0
stim,218764,248885,0,248885,3446184.454,-0.671,-0.031,0.007,0.741,0,0,2991,0,3049,1772,2927,2967,41,0.974,1,2254,0,76.636,1.346,13.500,-75.438,0.063,-0.125,-0.184,1.168,0.789,-1.090,1.773,0.080,0.020,1.253,1.368,3,NULL,NULL,,3,0,2,7,255,1380,250,0,0
stim,218764,248885,0,248885,3446189.455,-0.670,-0.028,0.005,0.741,0,0,2997,0,3053,1689,2941,2966,41,0.974,1,2254,0,79.835,1.307,10.625,-78.938,5.438,-0.141,-0.195,1.090,1.051,-0.777,1.773,0.076,0.024,1.253,1.368,3,NULL,NULL,,3,0,2,7,255,1380,250,0,0
stim,218764,248885,0,248885,3446194.453,-0.670,-0.025,0.003,0.742,0,0,2985,0,3055,1596,2940,2963,41,0.974,1,2254,0,84.516,1.307,14.875,-82.938,6.563,-0.125,-0.105,1.047,1.051,-0.777,1.004,0.072,0.030,1.253,1.368,3,NULL,NULL,,3,0,2,7,255,1380,250,0,0
stim,218764,248885,0,248885,3446199.455,-0.670,-0.022,0.002,0.742,0,0,2981,0,3059,1499,2951,2957,41,0.974,1,2254,0,87.652,0.906,23.750,-84.250,4.563,-0.094,-0.113,1.059,0.465,-0.777,0.641,0.068,0.036,1.253,1.368,3,NULL,NULL,,3,0,2,7,255,1380,250,0,0
stim,218764,248885,0,248885,3446204.454,-0.670,-0.018,0.000,0.743,0,0,2973,0,3079,1373,2969,2955,41,0.974,1,2254,0,95.460,0.829,34.313,-88.375,11.188,-0.102,-0.066,1.094,0.398,-0.727,0.641,0.068,0.040,1.253,1.368,3,NULL,NULL,,3,0,2,7,255,1380,250,0,0
stim,218764,248885,0,248885,3446209.455,-0.669,-0.014,-0.001,0.743,0,0,2954,0,3067,1256,2967,2951,41,0.974,1,2254,0,98.689,0.753,36.750,-90.563,13.688,-0.094,-0.094,1.203,0.289,-0.695,0.957,0.068,0.044,1.253,1.368,3,NULL,NULL,,3,0,2,7,255,1380,250,0,0
stim,218764,248885,0,248885,3446214.453,-0.669,-0.011,-0.003,0.744,0,0,2941,0,3067,1111,2975,2941,41,0.974,1,2254,0,98.179,0.727,22.875,-94.688,12.250,-0.113,0.059,1.242,0.020,-0.727,2.031,0.068,0.046,1.253,1.368,3,NULL,NULL,,3,0,2,7,255,1380,250,0,0
stim,218787,248908,0,248908,3446219.455,-0.668,-0.007,-0.005,0.744,0,0,2937,0,3069,983,2983,2937,41,0.974,1,2254,0,99.344,1.611,15.250,-97.563,10.875,-0.094,0.105,1.207,-1.176,-1.102,2.031,0.066,0.050,1.253,1.368,3,NULL,NULL,,3,0,2,7,255,1380,250,0,0
stim,218787,248908,0,248908,3446224.455,-0.668,-0.003,-0.007,0.745,0,0,2919,0,3068,775,2984,2933,41,0.974,1,2254,0,104.143,1.937,16.125,-102.125,12.500,-0.102,0.145,1.172,-1.582,-1.117,1.977,0.064,0.054,1.253,1.368,3,NULL,NULL,,3,0,2,7,255,1380,250,0,0
stim,218787,248908,0,248908,3446229.455,-0.667,0.001,-0.010,0.745,0,0,2900,0,3069,675,2988,2922,41,0.974,1,2254,0,107.290,1.987,14.438,-105.750,10.938,-0.078,0.113,1.184,-1.613,-1.160,1.699,0.062,0.060,1.253,1.368,3,NULL,NULL,,3,0,2,7,255,1380,250,0,0
stim,218787,248908,0,248908,3446234.453,-0.666,0.005,-0.012,0.745,0,0,2878,0,3076,581,2995,2915,41,0.974,1,2254,0,111.921,2.001,16.500,-110.125,11.250,-0.074,0.082,1.211,-1.613,-1.184,1.699,0.058,0.064,1.253,1.368,3,NULL,NULL,,3,0,2,7,255,1380,250,0,0
stim,218787,248908,0,248908,3446239.455,-0.666,0.009,-0.015,0.746,0,0,2873,0,3089,457,3013,2907,41,0.974,1,2254,0,116.916,1.942,12.375,-115.375,14.313,-0.066,0.109,1.262,-1.539,-1.184,2.004,0.056,0.068,1.253,1.368,3,NULL,NULL,,3,0,2,7,255,1380,250,0,0
stim,218787,248908,0,248908,3446244.453,-0.665,0.013,-0.018,0.747,0,0,2839,0,3083,297,3007,2891,41,0.974,1,2254,0,121.646,1.942,3.875,-119.875,20.313,0.012,0.117,1.227,-1.539,-1.184,2.152,0.054,0.072,1.253,1.368,3,NULL,NULL,,3,0,2,7,255,1380,250,0,0
stim,218816,248938,0,248938,3446249.455,-0.664,0.017,-0.022,0.747,0,0,2807,0,3077,152,3005,2861,41,0.974,1,2254,0,126.935,2.008,0.500,-123.563,29.063,-0.066,0.105,1.254,-1.539,-1.289,2.363,0.052,0.076,1.253,1.368,3,NULL,NULL,,3,0,2,7,255,1380,250,0,0
stim,218816,248938,0,248938,3446254.454,-0.663,0.021,-0.025,0.748,0,0,2779,0,3083,90,3023,2845,41,0.974,1,2254,0,132.911,2.254,-6.688,-129.250,30.250,-0.059,0.168,1.277,-1.668,-1.516,2.363,0.052,0.082,1.253,1.368,3,NULL,NULL,,3,0,2,7,255,1380,250,0,0
stim,218816,248938,0,248938,3446259.455,-0.661,0.025,-0.029,0.749,0,0,2735,0,3067,41,3016,2813,41,0.974,1,2254,0,137.313,2.463,-7.188,-133.188,32.625,-0.129,0.152,1.297,-1.805,-1.676,2.570,0.052,0.086,1.253,1.368,3,NULL,NULL,,3,0,2,7,255,1380,250,0,0
stim,218816,248938,0,248938,3446264.453,-0.660,0.029,-0.033,0.750,0,0,2695,0,3063,6,3017,2791,41,0.974,1,2254,0,140.235,3.074,-12.688,-138.063,21.063,-0.152,0.109,1.355,-1.805,-2.488,2.711,0.052,0.090,1.253,1.368,3,NULL,NULL,,3,0,2,7,255,1380,250,0,0
stim,218816,248938,0,248938,3446269.455,-0.659,0.033,-0.038,0.750,0,0,2653,0,3063,0,3029,2771,41,0.974,1,2254,0,149.105,2.963,-19.125,-145.625,25.688,-0.082,0.121,1.434,-1.609,-2.488,3.219,0.054,0.094,1.253,1.368,3,NULL,NULL,,3,0,2,7,255,1380,250,0,0
stim,218816,248938,0,248938,3446274.454,-0.658,0.037,-0.043,0.751,0,0,2591,0,3062,0,3029,2716,41,0.974,1,2254,0,155.060,3.216,-34.625,-149.063,25.000,-0.117,0.109,1.449,-1.457,-2.867,4.027,0.056,0.098,1.253,1.368,3,NULL,NULL,,3,0,2,7,255,1380,250,0,0
stim,218861,248982,0,248982,3446279.455,-0.656,0.041,-0.048,0.752,0,0,2536,0,3047,0,3019,2671,41,0.974,1,2254,0,163.512,3.373,-34.813,-156.063,34.188,-0.102,0.152,1.570,-1.609,-2.965,4.105,0.060,0.102,1.253,1.368,3,NULL,NULL,,3,0,2,7,255,1380,250,0,0
stim,218861,248982,0,248982,3446284.454,-0.655,0.045,-0.054,0.752,0,0,2485,0,3045,0,3025,2637,41,0.974,1,2254,0,170.535,3.678,-42.875,-161.938,31.938,-0.242,0.152,1.602,-1.773,-3.223,5.246,0.064,0.108,1.253,1.368,3,NULL,NULL,,3,0,2,7,255,1380,250,0,0
stim,218861,248982,0,248982,3446289.455,-0.654,0.049,-0.061,0.753,0,0,2415,0,3036,0,3027,2573,41,0.974,1,2254,0,179.388,5.166,-37.750,-173.625,24.688,-0.301,0.129,1.688,-1.773,-4.852,5.289,0.068,0.114,1.253,1.368,3,NULL,NULL,,3,0,2,7,255,1380,250,0,0
stim,218861,248982,0,248982,3446294.453,-0.652,0.054,-0.068,0.753,0,0,2341,0,3019,0,3019,2503,41,0.974,1,2254,0,197.229,5.858,-59.000,-186.375,26.125,-0.266,0.102,1.699,-1.508,-5.660,6.000,0.074,0.120,1.253,1.368,3,NULL,NULL,,3,0,2,7,255,1380,250,0,0
stim,218861,248982,0,248982,3446299.455,-0.650,0.058,-0.076,0.753,0,0,2235,0,3013,2,2997,2415,41,0.974,1,2254,0,212.300,5.907,-68.813,-198.688,29.313,-0.293,0.078,1.637,-1.352,-5.750,6.000,0.080,0.126,1.253,1.368,3,NULL,NULL,,3,0,2,7,255,1380,250,0,0
stim,218861,248982,0,248982,3446304.454,-0.649,0.063,-0.084,0.754,0,0,2137,0,2990,37,2985,2325,41,0.974,1,2254,0,225.529,6.204,-70.813,-212.125,29.188,-0.348,0.137,1.602,-1.352,-6.055,5.324,0.086,0.132,1.253,1.368,3,NULL,NULL,,3,0,2,7,255,1380,250,0,0
stim,218861,248982,0,248982,3446309.455,-0.647,0.068,-0.093,0.753,0,0,2031,0,2981,47,2971,2239,41,0.974,1,2254,0,240.320,7.036,-77.125,-226.875,18.250,-0.332,0.113,1.594,-1.441,-6.887,4.711,0.094,0.138,1.253,1.368,3,NULL,NULL,,3,0,2,7,255,1380,250,0,0
stim,218861,248982,0,248982,3446314.453,-0.645,0.074,-0.103,0.753,0,0,1931,0,2969,71,2959,2149,41,0.974,1,2254,0,253.737,7.132,-71.125,-242.625,21.375,-0.348,0.070,1.652,-1.441,-6.984,4.711,0.102,0.146,1.253,1.368,3,NULL,NULL,,3,0,2,7,255,1380,250,0,0
stim,218883,249004,0,249004,3446319.455,-0.644,0.080,-0.112,0.753,0,0,1819,0,2943,78,2927,2063,41,0.974,1,2254,0,269.365,7.672,-71.875,-259.000,17.625,-0.305,0.172,1.727,-1.441,-7.535,4.945,0.110,0.154,1.253,1.368,3,NULL,NULL,,3,0,2,7,255,1380,250,0,0
stim,218883,249004,0,249004,3446324.455,-0.642,0.087,-0.122,0.752,0,0,1701,0,2913,75,2887,1939,41,0.974,1,2254,0,284.668,8.090,-69.250,-275.500,18.438,-0.352,0.207,1.813,-2.188,-7.789,5.469,0.120,0.162,1.253,1.368,3,NULL,NULL,,3,0,2,7,255,1380,250,0,0
stim,218883,249004,0,249004,3446329.455,-0.640,0.095,-0.132,0.751,0,0,1589,0,2888,74,2843,1825,41,0.974,1,2254,0,295.054,9.285,-57.500,-289.188,11.000,-0.371,0.371,2.031,-2.543,-8.930,5.898,0.128,0.172,1.253,1.368,3,NULL,NULL,,3,0,2,7,255,1380,250,0,0
stim,218883,249004,0,249004,3446334.454,-0.638,0.103,-0.143,0.750,0,0,1507,0,2836,73,2795,1717,41,0.974,1,2254,0,308.265,11.239,-59.563,-302.438,-3.313,-0.430,0.516,2.410,-4.207,-10.422,7.480,0.138,0.182,1.253,1.368,3,NULL,NULL,,3,0,2,7,255,1380,250,0,0
stim,218910,249031,0,249031,3446339.455,-0.636,0.111,-0.154,0.748,0,0,1448,0,2787,53,2715,1587,41,0.974,1,2254,0,330.800,14.114,-77.625,-321.563,-0.500,-0.504,0.590,2.602,-5.738,-12.895,10.309,0.148,0.196,1.253,1.368,3,NULL,NULL,,3,0,2,7,255,1380,250,0,0
stim,218910,249031,0,249031,3446344.453,-0.634,0.119,-0.167,0.746,0,0,1337,0,2734,26,2627,1467,41,0.974,1,2254,0,354.437,16.283,-107.313,-337.563,-12.688,-0.484,0.582,2.613,-6.480,-14.938,10.984,0.160,0.210,1.253,1.368,3,NULL,NULL,,3,0,2,7,255,1380,250,0,0
stim,218910,249031,0,249031,3446349.455,-0.632,0.127,-0.181,0.742,0,0,1224,0,2667,1,2495,1365,41,0.974,1,2254,0,377.947,16.283,-135.188,-352.375,-20.000,-0.469,0.441,2.398,-6.480,-14.938,10.984,0.174,0.228,1.253,1.368,3,NULL,NULL,,3,0,2,7,255,1380,250,0,0
stim,218910,249031,0,249031,3446354.454,-0.631,0.135,-0.196,0.739,0,0,1082,0,2581,0,2344,1253,41,0.974,1,2254,0,393.312,15.828,-148.938,-363.375,-21.688,-0.430,0.449,2.188,-5.387,-14.883,8.820,0.194,0.250,1.253,1.368,3,NULL,NULL,,3,0,2,7,255,1380,250,0,0
stim,218910,249031,0,249031,3446359.455,-0.628,0.143,-0.211,0.735,0,0,933,0,2459,0,2139,1147,41,0.974,1,2254,0,401.607,15.124,-145.813,-373.750,-18.375,-0.363,0.320,2.055,-5.262,-14.180,6.594,0.216,0.274,1.253,1.368,3,NULL,NULL,,3,0,2,7,255,1380,250,0,0
stim,218910,249031,0,249031,3446364.453,-0.625,0.151,-0.226,0.732,0,0,731,0,2316,0,1853,1039,41,0.974,1,2254,0,412.923,14.058,-141.625,-387.875,0.813,-0.309,-0.012,1.934,-4.281,-13.391,5.438,0.240,0.300,1.253,1.368,3,NULL,NULL,,3,0,2,7,255,1380,250,0,0
stim,218960,249081,0,249081,3446369.455,-0.621,0.160,-0.242,0.728,0,0,503,0,2108,0,1519,919,41,0.974,1,2254,0,423.925,12.594,-134.250,-401.813,15.375,-0.230,-0.289,1.691,-1.180,-12.539,4.754,0.266,0.328,1.253,1.368,3,NULL,NULL,,3,0,2,7,255,1380,250,0,0
stim,218960,249081,0,249081,3446374.454,-0.616,0.170,-0.256,0.725,0,0,355,0,1887,0,1067,779,41,0.974,1,2254,0,427.157,10.926,-99.125,-415.125,17.563,-0.113,-0.465,1.395,1.457,-10.828,3.199,0.294,0.358,1.253,1.368,3,NULL,NULL,,3,0,2,7,255,1380,250,0,0
stim,218960,249082,0,249082,3446379.455,-0.611,0.183,-0.268,0.722,0,0,249,0,1586,0,537,599,41,0.974,1,2254,0,418.053,8.799,-21.500,-417.375,10.188,0.105,-0.371,1.125,2.246,-8.508,1.438,0.324,0.390,1.253,1.368,3,NULL,NULL,,3,0,2,7,255,1380,250,0,0
stim,218960,249082,0,249082,3446384.454,-0.605,0.199,-0.277,0.720,0,0,206,0,1275,0,210,475,41,0.974,1,2254,0,445.464,8.799,100.938,-433.875,-1.500,0.148,-0.148,1.594,2.246,-8.508,1.438,0.358,0.424,1.253,1.368,3,NULL,NULL,,3,0,2,7,255,1380,250,0,0
stim,218960,249082,0,249082,3446389.455,-0.597,0.215,-0.285,0.718,0,0,139,0,937,0,0,413,41,0.974,1,2254,0,448.031,8.849,106.688,-434.750,18.500,0.168,0.156,2.559,-0.176,-8.848,3.254,0.396,0.466,1.253,1.368,3,NULL,NULL,,3,0,2,7,255,1380,250,0,0
stim,218960,249082,0,249082,3446394.453,-0.589,0.227,-0.296,0.716,0,0,117,0,499,0,0,349,41,0.974,1,2254,0,433.420,16.155,9.063,-427.438,71.188,0.063,0.301,2.844,-3.473,-15.777,9.559,0.438,0.510,1.253,1.368,3,NULL,NULL,,3,0,2,7,255,1380,250,0,0
stim,218960,249082,0,249082,3446399.455,-0.580,0.236,-0.312,0.715,0,0,94,0,183,0,0,217,41,0.974,1,2254,0,454.416,19.766,-95.438,-422.813,136.438,-0.324,0.352,2.434,-4.063,-19.344,9.559,0.484,0.558,1.253,1.368,3,NULL,NULL,,3,0,2,7,255,1380,250,0,0
stim,218960,249082,0,249082,3446404.453,-0.570,0.243,-0.329,0.713,0,0,103,0,0,0,0,91,41,0.974,1,2254,0,483.870,19.803,-146.000,-426.063,176.875,-0.746,0.504,1.836,-4.242,-19.344,3.727,0.538,0.614,1.253,1.368,3,NULL,NULL,,3,0,2,7,255,1380,250,0,0
stim,218981,249102,0,249102,3446409.455,-0.560,0.249,-0.346,0.710,0,0,90,0,0,0,0,33,41,0.974,1,2254,0,471.785,19.361,-163.625,-413.500,157.563,-0.926,0.762,1.367,-4.242,-18.891,-4.254,0.594,0.670,1.253,1.368,4,NULL,NULL,,3,0,2,7,255,1380,250,0,0
stim,218981,249102,0,249102,3446414.454,-0.552,0.255,-0.362,0.707,0,0,71,0,0,0,0,12,41,0.974,1,2254,0,444.084,17.923,-176.750,-391.625,112.250,-0.785,1.098,1.340,-5.906,-16.922,-9.805,0.652,0.730,1.253,1.368,0,NULL,NULL,,3,0,2,7,255,1380,250,0,0
stim,218981,249102,0,249102,3446419.455,-0.546,0.260,-0.378,0.701,0,0,77,0,0,0,0,0,41,0.974,1,2254,0,429.805,19.340,-204.938,-368.500,83.313,-0.770,1.316,1.492,-9.363,-16.922,-10.426,0.718,0.794,1.253,1.368,0,NULL,NULL,,3,0,2,7,255,1380,250,0,0
stim,218981,249102,0,249102,3446424.455,-0.541,0.262,-0.395,0.695,0,0,86,0,0,0,0,19,41,0.974,1,2254,0,436.714,20.778,-261.688,-342.750,69.000,-0.797,1.270,1.520,-11.184,-17.512,-10.699,0.788,0.864,1.253,1.368,0,NULL,NULL,,3,0,2,7,255,1380,250,0,0
stim,218981,249102,0,249102,3446429.455,-0.538,0.263,-0.412,0.686,0,0,81,0,0,0,0,25,41,0.974,1,2254,0,445.920,20.778,-324.375,-305.438,18.250,-0.484,0.813,1.414,-11.184,-17.512,-10.699,0.860,0.938,1.253,1.368,0,NULL,NULL,,3,0,2,7,255,1380,250,0,0
stim,218981,249102,0,249102,3446434.454,-0.538,0.263,-0.428,0.677,0,0,79,0,0,0,0,44,41,0.974,1,2254,0,412.831,16.733,-332.125,-243.500,-28.813,-0.277,0.098,1.137,-7.879,-14.762,-8.914,0.934,1.010,1.253,1.368,0,NULL,NULL,,3,0,2,7,255,1380,250,0,0
stim,219004,249125,0,249125,3446439.455,-0.538,0.262,-0.441,0.669,0,0,75,0,0,0,0,81,41,0.974,1,2254,0,361.008,11.365,-300.563,-198.938,-20.313,-0.332,-0.090,1.121,-1.719,-11.234,-7.098,1.000,1.080,1.253,1.368,0,NULL,NULL,,3,0,2,7,255,1380,250,0,0
stim,219004,249125,0,249125,3446444.453,-0.539,0.260,-0.453,0.661,0,0,67,0,0,0,0,109,41,0.974,1,2254,0,348.375,11.328,-314.813,-147.438,-22.813,-0.391,0.051,1.148,-1.453,-11.234,-7.098,1.062,1.140,1.253,1.368,0,NULL,NULL,,3,0,2,7,255,1380,250,0,0
stim,219004,249125,0,249125,3446449.455,-0.543,0.254,-0.465,0.652,0,0,71,0,0,0,0,110,41,0.974,1,2254,0,376.736,11.328,-365.500,-85.438,-32.250,-0.207,0.195,0.793,-1.453,-11.234,-8.152,1.114,1.196,1.253,1.368,0,NULL,NULL,,3,0,2,7,255,1380,250,0,0
stim,219004,249125,0,249125,3446454.453,-0.547,0.246,-0.477,0.642,0,0,71,0,0,0,0,116,41,0.974,1,2254,0,396.706,8.275,-393.750,-32.813,-35.500,-0.273,0.578,-0.184,-2.879,-7.758,-8.828,1.160,1.242,1.253,1.368,0,NULL,NULL,,3,0,2,7,255,1380,250,0,0
stim,219026,249147,0,249147,3446459.455,-0.553,0.239,-0.485,0.634,0,0,67,0,0,0,0,111,41,0.974,1,2254,0,339.210,4.245,-331.313,33.813,-64.438,-0.125,0.645,-0.555,-4.184,0.719,-14.816,1.208,1.294,1.253,1.368,0,NULL,NULL,,3,0,2,7,255,1380,250,0,0
stim,219026,249147,0,249147,3446464.454,-0.559,0.232,-0.489,0.628,0,0,61,0,0,0,0,110,41,0.974,1,2254,0,259.824,6.371,-239.938,82.563,-55.875,0.121,0.371,-1.008,-4.184,4.805,-14.816,1.262,1.348,1.253,1.368,0,NULL,NULL,,3,0,2,7,255,1380,250,0,0
stim,219026,249147,0,249147,3446469.455,-0.563,0.226,-0.489,0.626,0,0,57,0,0,0,0,111,41,0.974,1,2254,0,175.563,8.770,-121.875,124.188,-23.375,0.129,0.125,-0.945,-0.945,8.719,-14.137,1.324,1.412,1.253,1.368,0,NULL,NULL,,3,0,2,7,255,1380,250,0,0
stim,219026,249147,0,249147,3446474.454,-0.567,0.221,-0.486,0.627,0,0,52,0,0,0,0,95,41,0.974,1,2254,0,154.449,8.798,-42.563,148.188,9.125,0.012,-0.012,-0.574,1.180,8.719,-12.996,1.394,1.484,1.253,1.368,0,NULL,NULL,,3,0,2,7,255,1380,250,0,0
stim,219064,249185,0,249185,3446479.455,-0.570,0.216,-0.483,0.629,0,0,45,0,0,0,0,91,41,0.974,1,2254,0,170.215,5.022,-14.250,166.438,32.688,-0.113,-0.031,-0.328,1.449,4.809,-12.020,1.466,1.556,1.253,1.368,0,NULL,NULL,,3,0,2,7,255,1380,250,0,0
stim,219064,249185,0,249185,3446484.454,-0.572,0.210,-0.479,0.632,0,0,41,0,0,0,0,78,41,0.974,1,2254,0,185.704,2.534,0.063,178.688,50.563,-0.168,0.012,-0.316,1.449,2.078,-12.020,1.540,1.632,1.253,1.368,0,NULL,NULL,,3,0,2,7,255,1380,250,0,0
stim,219064,249185,0,249185,3446489.455,-0.574,0.204,-0.474,0.636,0,0,28,0,0,0,0,73,41,0.974,1,2254,0,200.216,2.397,30.063,186.375,66.688,-0.203,0.145,-0.383,1.195,2.078,-12.551,1.610,1.700,1.253,1.368,0,NULL,NULL,,3,0,2,7,255,1380,250,0,0
stim,219064,249185,0,249185,3446494.453,-0.576,0.199,-0.468,0.641,0,0,11,0,0,0,0,59,41,0.974,1,2254,0,220.558,1.726,73.500,192.438,78.813,-0.258,0.289,-0.328,0.305,1.699,-13.660,1.674,1.764,1.253,1.368,0,NULL,NULL,,3,0,2,7,255,1380,250,0,0
stim,219064,249185,0,249185,3446499.455,-0.576,0.194,-0.460,0.647,0,0,6,0,0,0,0,57,41,0.974,1,2254,0,242.506,1.872,108.438,198.563,87.313,-0.320,0.352,-0.129,-1.043,1.555,-14.215,1.734,1.824,1.253,1.368,0,NULL,NULL,,3,0,2,7,255,1380,250,0,0
stim,219064,249185,0,249185,3446504.453,-0.577,0.190,-0.452,0.653,0,0,6,0,0,0,0,54,41,0.974,1,2254,0,257.013,2.084,124.313,204.938,92.750,-0.383,0.348,0.074,-2.043,-0.410,-14.215,1.786,1.874,1.253,1.368,0,NULL,NULL,,3,0,2,7,255,1380,250,0,0
stim,219064,249185,0,249185,3446509.455,-0.578,0.185,-0.444,0.660,0,0,3,0,0,0,0,48,41,0.974,1,2254,0,265.800,3.297,131.813,210.188,95.375,-0.438,0.301,0.172,-2.172,-2.480,-13.660,1.832,1.920,1.253,1.368,0,NULL,NULL,,3,0,2,7,255,1380,250,0,0
stim,219064,249185,0,249185,3446514.454,-0.578,0.181,-0.435,0.666,0,0,0,0,0,0,0,43,41,0.974,1,2254,0,273.120,4.313,142.125,213.500,93.875,-0.492,0.281,0.277,-2.172,-3.727,-13.328,1.878,1.968,1.253,1.368,0,NULL,NULL,,3,0,2,7,255,1380,250,0,0
stim,219064,249185,0,249185,3446519.455,-0.579,0.177,-0.426,0.673,0,0,0,0,0,0,0,39,41,0.974,1,2254,0,272.928,5.405,143.563,215.750,85.625,-0.531,0.309,0.453,-2.172,-4.949,-13.004,1.926,2.016,1.253,1.368,0,NULL,NULL,,3,0,2,7,255,1380,250,0,0
stim,219064,249185,0,249185,3446524.455,-0.580,0.172,-0.417,0.678,0,0,0,0,0,0,0,41,41,0.974,1,2254,0,267.825,7.156,136.063,218.875,72.875,-0.547,0.313,0.590,-2.742,-6.609,-12.301,1.968,2.060,1.253,1.368,0,NULL,NULL,,3,0,2,7,255,1380,250,0,0
stim,219094,249215,0,249215,3446529.455,-0.581,0.168,-0.408,0.684,0,0,0,0,0,0,0,45,41,0.974,1,2254,0,260.009,8.383,122.125,221.563,60.000,-0.563,0.301,0.734,-3.090,-7.793,-11.477,2.004,2.096,1.253,1.368,0,NULL,NULL,,3,0,2,7,255,1380,250,0,0
stim,219094,249215,0,249215,3446534.454,-0.584,0.163,-0.399,0.688,0,0,0,0,0,0,0,43,41,0.974,1,2254,0,252.181,9.608,103.938,225.063,46.250,-0.586,0.285,0.855,-3.332,-9.012,-10.488,2.032,2.122,1.253,1.368,0,NULL,NULL,,3,0,2,7,255,1380,250,0,0
stim,219094,249215,0,249215,3446539.455,-0.586,0.158,-0.391,0.692,0,0,0,0,0,0,0,51,41,0.974,1,2254,0,246.022,10.639,80.125,231.000,27.313,-0.609,0.289,0.969,-3.410,-10.078,-9.652,2.050,2.142,1.253,1.368,0,NULL,NULL,,3,0,2,7,255,1380,250,0,0
stim,219094,249215,0,249215,3446544.453,-0.590,0.152,-0.383,0.694,0,0,0,0,0,0,0,53,41,0.974,1,2254,0,245.793,11.348,53.688,239.750,7.188,-0.563,0.273,0.980,-3.691,-10.730,-8.902,2.068,2.160,1.253,1.368,0,NULL,NULL,,3,0,2,7,255,1380,250,0,0
stim,219116,249237,0,249237,3446549.455,-0.595,0.146,-0.376,0.696,0,0,0,0,0,0,0,56,41,0.974,1,2254,0,252.815,11.362,31.625,250.688,-8.438,-0.555,0.258,0.988,-3.734,-10.730,-8.223,2.084,2.178,1.253,1.368,0,NULL,NULL,,3,0,2,7,255,1380,250,0,0
stim,219116,249237,0,249237,3446554.453,-0.600,0.138,-0.368,0.697,0,0,0,0,0,0,0,62,41,0.974,1,2254,0,265.504,11.318,12.250,263.875,-26.688,-0.566,0.258,0.984,-3.758,-10.676,-7.852,2.100,2.194,1.253,1.368,0,NULL,NULL,,3,0,2,7,255,1380,250,0,0
stim,219116,249237,0,249237,3446559.455,-0.606,0.131,-0.361,0.697,0,0,0,0,0,0,0,61,41,0.974,1,2254,0,283.360,11.296,-5.313,279.063,-48.875,-0.539,0.246,0.961,-3.770,-10.648,-7.695,2.112,2.206,1.253,1.368,0,NULL,NULL,,3,0,2,7,255,1380,250,0,0
stim,219116,249237,0,249237,3446564.454,-0.613,0.123,-0.353,0.696,0,0,0,0,0,0,0,69,41,0.974,1,2254,0,303.820,10.885,-19.750,295.625,-67.250,-0.430,0.223,0.891,-3.770,-10.211,-7.418,2.122,2.218,1.253,1.368,0,NULL,NULL,,3,0,2,7,255,1380,250,0,0
stim,219116,249237,0,249237,3446569.455,-0.621,0.114,-0.345,0.695,0,0,0,0,0,0,0,77,41,0.974,1,2254,0,324.431,9.615,-29.500,312.688,-81.313,-0.258,0.227,0.773,-3.781,-8.840,-6.930,2.130,2.226,1.253,1.368,0,NULL,NULL,,3,0,2,7,255,1380,250,0,0
stim,219116,249237,0,249237,3446574.454,-0.629,0.105,-0.337,0.693,0,0,3,0,0,0,0,89,41,0.974,1,2254,0,344.907,7.660,-29.813,330.563,-93.813,-0.035,0.141,0.566,-3.742,-6.684,-6.609,2.142,2.238,1.253,1.368,0,NULL,NULL,,3,0,2,7,255,1380,250,0,0
stim,219163,249284,0,249284,3446579.455,-0.636,0.095,-0.327,0.692,0,0,0,0,0,0,0,91,41,0.974,1,2254,0,349.593,4.690,-8.750,340.625,-78.188,0.039,0.078,0.410,-3.031,-3.578,-6.609,2.156,2.252,1.253,1.368,0,NULL,NULL,,3,0,2,7,255,1380,250,0,0
stim,219163,249284,0,249284,3446584.454,-0.643,0.087,-0.317,0.691,0,0,0,0,0,0,0,95,41,0.974,1,2254,0,350.965,3.801,25.750,343.063,-69.438,-0.051,0.254,0.359,-3.031,-2.293,-6.836,2.172,2.270,1.253,1.368,0,NULL,NULL,,3,0,2,7,255,1380,250,0,0
stim,219163,249284,0,249284,3446589.455,-0.651,0.080,-0.305,0.691,0,0,0,0,0,0,0,95,41,0.974,1,2254,0,362.744,4.132,62.813,348.063,-80.563,0.000,0.230,0.535,-3.438,-2.293,-6.836,2.192,2.292,1.253,1.368,0,NULL,NULL,,3,0,2,7,255,1380,250,0,0
stim,219163,249284,0,249284,3446594.453,-0.657,0.072,-0.292,0.691,0,0,1,0,0,0,0,94,41,0.974,1,2254,0,358.972,4.132,76.875,343.688,-69.500,0.148,0.105,0.586,-3.438,-2.293,-6.445,2.220,2.320,1.253,1.368,0,NULL,NULL,,3,0,2,7,255,1380,250,0,0
stim,219163,249284,0,249284,3446599.455,-0.663,0.066,-0.279,0.691,0,0,0,0,0,0,0,95,41,0.974,1,2254,0,357.685,3.554,99.375,340.313,-47.438,0.117,0.129,0.574,-3.156,-1.633,-5.059,2.250,2.354,1.253,1.368,0,NULL,NULL,,3,0,2,7,255,1380,250,0,0
stim,219163,249284,0,249284,3446604.453,-0.668,0.060,-0.266,0.692,0,0,0,0,0,0,0,99,41,0.974,1,2254,0,361.180,3.554,127.938,335.188,-41.625,0.016,0.230,0.656,-3.156,-1.633,-5.023,2.286,2.390,1.253,1.368,0,NULL,NULL,,3,0,2,7,255,1380,250,0,0
stim,219163,249284,0,249284,3446609.455,-0.673,0.055,-0.251,0.693,0,0,0,0,0,0,0,93,41,0.974,1,2254,0,366.260,4.968,152.563,329.875,-45.313,0.012,0.285,0.785,-4.184,-2.680,-5.023,2.328,2.432,1.253,1.368,0,NULL,NULL,,3,0,2,7,255,1380,250,0,0
stim,219163,249284,0,249284,3446614.454,-0.678,0.051,-0.236,0.694,0,0,0,0,0,0,0,91,41,0.974,1,2254,0,372.136,5.824,170.875,327.500,-45.063,0.066,0.273,0.934,-5.020,-2.953,-4.012,2.370,2.478,1.253,1.368,0,NULL,NULL,,3,0,2,7,255,1380,250,0,0
stim,219183,249304,0,249304,3446619.455,-0.682,0.047,-0.221,0.696,0,0,0,0,0,0,0,87,41,0.974,1,2254,0,374.849,6.079,185.125,324.438,-31.313,0.078,0.266,1.094,-5.258,-3.051,-2.313,2.416,2.524,1.253,1.368,0,NULL,NULL,,3,0,2,7,255,1380,250,0,0
stim,219183,249304,0,249304,3446624.455,-0.686,0.043,-0.206,0.697,0,0,0,0,0,0,0,82,41,0.974,1,2254,0,374.797,6.373,188.813,322.688,-26.375,-0.020,0.340,1.293,-5.500,-3.219,-0.688,2.460,2.570,1.253,1.368,0,NULL,NULL,,3,0,2,7,255,1380,250,0,0
stim,219183,249304,0,249304,3446629.455,-0.690,0.039,-0.190,0.698,0,0,0,0,0,0,0,79,41,0.974,1,2254,0,372.970,7.823,185.313,321.938,-33.500,-0.027,0.316,1.434,-6.418,-4.473,0.727,2.502,2.614,1.253,1.368,0,NULL,NULL,,3,0,2,7,255,1380,250,0,0
stim,219183,249304,0,249304,3446634.454,-0.693,0.036,-0.175,0.698,0,0,0,0,0,0,0,79,41,0.974,1,2254,0,370.535,7.854,180.313,321.750,-35.500,-0.012,0.281,1.551,-6.418,-4.527,2.242,2.544,2.656,1.253,1.368,0,NULL,NULL,,3,0,2,7,255,1380,250,0,0
stim,219218,249339,0,249339,3446639.455,-0.697,0.031,-0.160,0.699,0,0,0,0,0,0,0,75,41,0.974,1,2254,0,365.249,7.856,171.500,320.750,-33.375,-0.047,0.293,1.656,-6.301,-4.691,3.660,2.582,2.696,1.253,1.368,0,NULL,NULL,,3,0,2,7,255,1380,250,0,0
stim,219218,249339,0,249339,3446644.454,-0.700,0.027,-0.146,0.699,0,0,0,0,0,0,0,71,41,0.974,1,2254,0,358.095,7.870,157.500,319.375,-37.750,-0.109,0.340,1.738,-6.301,-4.715,4.727,2.618,2.732,1.253,1.368,0,NULL,NULL,,3,0,2,7,255,1380,250,0,0
stim,219218,249339,0,249339,3446649.455,-0.704,0.022,-0.132,0.698,0,0,0,0,0,0,0,75,41,0.974,1,2254,0,351.363,8.203,140.313,318.188,-50.250,-0.117,0.344,1.785,-6.641,-4.816,5.488,2.652,2.768,1.253,1.368,0,NULL,NULL,,3,0,2,7,255,1380,250,0,0
stim,219218,249339,0,249339,3446654.453,-0.707,0.016,-0.118,0.697,0,0,0,0,0,0,0,75,41,0.974,1,2254,0,344.667,8.203,123.625,316.313,-58.813,-0.070,0.301,1.793,-6.641,-4.816,6.125,2.686,2.802,1.253,1.368,0,NULL,NULL,,3,0,2,7,255,1380,250,0,0
stim,219218,249339,0,249339,3446659.455,-0.711,0.011,-0.105,0.695,0,0,0,0,0,0,0,77,41,0.974,1,2254,0,337.405,7.208,108.313,313.438,-62.188,-0.070,0.297,1.805,-6.063,-3.898,6.543,2.718,2.836,1.253,1.368,0,NULL,NULL,,3,0,2,7,255,1380,250,0,0
stim,219218,249339,0,249339,3446664.454,-0.715,0.004,-0.093,0.693,0,0,0,0,0,0,0,82,41,0.974,1,2254,0,331.053,6.822,91.500,310.375,-69.938,-0.063,0.297,1.801,-5.879,-3.461,6.809,2.752,2.870,1.253,1.368,0,NULL,NULL,,3,0,2,7,255,1380,250,0,0
stim,219262,249383,0,249383,3446669.455,-0.718,-0.002,-0.081,0.691,0,0,0,0,0,0,0,84,41,0.974,1,2254,0,325.625,6.448,76.875,306.688,-77.875,-0.027,0.305,1.723,-5.766,-2.887,6.809,2.782,2.902,1.253,1.368,0,NULL,NULL,,3,0,2,7,255,1380,250,0,0
stim,219262,249383,0,249383,3446674.454,-0.722,-0.008,-0.069,0.688,0,0,0,0,0,0,0,87,41,0.974,1,2254,0,321.698,5.923,73.688,302.438,-81.188,0.020,0.250,1.637,-5.586,-1.969,6.320,2.810,2.930,1.253,1.368,0,NULL,NULL,,3,0,2,7,255,1380,250,0,0
stim,219262,249383,0,249383,3446679.455,-0.726,-0.014,-0.058,0.686,0,0,0,0,0,0,0,89,41,0.974,1,2254,0,317.198,4.895,80.438,296.750,-78.000,0.043,0.227,1.570,-4.781,-1.047,5.711,2.838,2.958,1.253,1.368,0,NULL,NULL,,3,0,2,7,255,1380,250,0,0
stim,219262,249383,0,249383,3446684.454,-0.729,-0.020,-0.046,0.683,0,0,0,0,0,0,0,89,41,0.974,1,2254,0,315.061,4.766,89.063,291.938,-78.125,0.031,0.281,1.594,-4.754,-0.340,5.363,2.864,2.986,1.253,1.368,0,NULL,NULL,,3,0,2,7,255,1380,250,0,0
stim,219262,249383,0,249383,3446689.455,-0.732,-0.025,-0.034,0.680,0,0,0,0,0,0,0,87,41,0.974,1,2254,0,312.213,4.621,95.438,286.938,-77.688,0.078,0.285,1.613,-4.621,-0.059,5.363,2.892,3.012,1.253,1.368,0,NULL,NULL,,3,0,2,7,255,1380,250,0,0
stim,219262,249383,0,249383,3446694.454,-0.735,-0.030,-0.022,0.677,0,0,3,0,0,0,0,85,41,0.974,1,2254,0,308.021,4.693,103.250,281.063,-72.250,0.086,0.297,1.598,-4.621,0.820,5.449,2.918,3.038,1.253,1.368,0,NULL,NULL,,3,0,2,7,255,1380,250,0,0
stim,219262,249383,0,249383,3446699.455,-0.738,-0.034,-0.010,0.674,0,0,5,0,0,0,0,92,41,0.974,1,2254,0,307.657,4.724,118.750,275.688,-67.438,0.105,0.258,1.590,-4.547,1.281,5.449,2.944,3.064,1.253,1.368,0,NULL,NULL,,3,0,2,7,255,1380,250,0,0
stim,219262,249383,0,249383,3446704.453,-0.740,-0.038,0.002,0.672,0,0,3,0,0,0,0,91,41,0.974,1,2254,0,309.372,4.585,134.375,271.188,-64.125,0.105,0.305,1.672,-4.215,1.805,5.449,2.968,3.090,1.253,1.368,0,NULL,NULL,,3,0,2,7,255,1380,250,0,0
stim,219281,249402,0,249402,3446709.455,-0.742,-0.041,0.015,0.669,0,0,5,0,0,0,0,91,41,0.974,1,2254,0,311.555,4.793,149.875,266.438,-60.125,0.137,0.352,1.750,-4.215,2.281,6.188,2.994,3.118,1.253,1.368,0,NULL,NULL,,3,0,2,7,255,1380,250,0,0
stim,219281,249402,0,249402,3446714.454,-0.744,-0.043,0.028,0.666,0,0,4,0,0,0,0,89,41,0.974,1,2254,0,313.326,5.276,159.125,262.813,-61.500,0.172,0.367,1.832,-4.293,3.066,6.895,3.022,3.146,1.253,1.368,0,NULL,NULL,,3,0,2,7,255,1380,250,0,0
stim,219281,249402,0,249402,3446719.455,-0.746,-0.045,0.042,0.663,0,0,8,0,0,0,0,99,41,0.974,1,2254,0,316.810,5.791,170.563,261.563,-53.500,0.313,0.293,1.891,-4.293,3.887,7.656,3.050,3.174,1.253,1.368,0,NULL,NULL,,3,0,2,7,255,1380,250,0,0
stim,219281,249402,0,249402,3446724.455,-0.747,-0.047,0.055,0.661,0,0,7,0,0,0,0,95,41,0.974,1,2254,0,317.743,6.495,180.063,259.250,-36.438,0.375,0.344,1.914,-3.199,5.652,8.051,3.078,3.202,1.253,1.368,0,NULL,NULL,,3,0,2,7,255,1380,250,0,0
stim,219281,249402,0,249402,3446729.455,-0.748,-0.049,0.069,0.659,0,0,19,0,0,0,0,105,41,0.974,1,2254,0,321.000,7.442,186.125,259.688,-31.000,0.410,0.445,2.004,-3.199,6.719,8.102,3.104,3.228,1.253,1.368,0,NULL,NULL,,3,0,2,7,255,1380,250,0,0
stim,219281,249402,0,249402,3446734.453,-0.748,-0.050,0.083,0.656,0,0,19,0,0,0,0,107,41,0.974,1,2254,0,325.853,8.359,191.938,261.813,-28.188,0.605,0.418,2.020,-3.199,7.723,8.492,3.130,3.252,1.253,1.368,0,NULL,NULL,,3,0,2,7,255,1380,250,0,0
stim,219315,249436,0,249436,3446739.455,-0.748,-0.051,0.097,0.654,0,0,24,0,0,0,0,114,41,0.974,1,2254,0,330.563,10.371,202.313,261.313,-7.563,0.699,0.316,2.055,-2.848,9.973,8.492,3.152,3.274,1.253,1.368,0,NULL,NULL,,3,0,2,7,255,1380,250,0,0
stim,219315,249436,0,249436,3446744.454,-0.748,-0.051,0.112,0.653,0,0,21,0,0,0,0,110,41,0.974,1,2254,0,339.999,11.261,219.188,259.688,10.875,0.707,0.297,2.203,-1.348,11.180,8.492,3.170,3.294,1.253,1.368,0,NULL,NULL,,3,0,2,7,255,1380,250,0,0
stim,219315,249436,0,249436,3446749.455,-0.746,-0.051,0.126,0.651,0,0,23,0,0,0,0,116,41,0.974,1,2254,0,341.540,11.958,220.625,260.250,15.625,0.730,0.320,2.352,-0.629,11.941,9.648,3.188,3.312,1.253,1.368,0,NULL,NULL,,3,0,2,7,255,1380,250,0,0
stim,219315,249436,0,249436,3446754.453,-0.745,-0.052,0.141,0.650,0,0,23,0,0,0,0,115,41,0.974,1,2254,0,336.986,12.936,211.750,261.000,24.500,0.816,0.352,2.465,-0.227,12.934,10.770,3.202,3.326,1.253,1.368,0,NULL,NULL,,3,0,2,7,255,1380,250,0,0
stim,219315,249436,0,249436,3446759.455,-0.743,-0.052,0.155,0.649,0,0,21,0,0,0,0,111,41,0.974,1,2254,0,329.956,14.497,198.313,260.688,39.813,0.895,0.375,2.449,0.152,14.496,10.770,3.212,3.338,1.253,1.368,0,NULL,NULL,,3,0,2,7,255,1380,250,0,0
stim,219315,249436,0,249436,3446764.454,-0.740,-0.053,0.169,0.649,0,0,20,0,0,0,0,119,41,0.974,1,2254,0,325.533,15.619,188.375,259.813,54.625,0.883,0.430,2.441,0.250,15.617,10.699,3.222,3.348,1.253,1.368,0,NULL,NULL,,3,0,2,7,255,1380,250,0,0
stim,219334,249455,0,249455,3446769.455,-0.737,-0.055,0.183,0.648,0,0,23,0,0,0,0,137,41,0.974,1,2254,0,319.136,15.974,175.938,259.000,61.750,0.906,0.434,2.473,0.398,15.969,10.383,3.230,3.356,1.253,1.368,0,NULL,NULL,,3,0,2,7,255,1380,250,0,0
stim,219334,249455,0,249455,3446774.454,-0.734,-0.057,0.195,0.648,0,0,23,0,0,0,0,138,41,0.974,1,2254,0,305.387,16.684,153.125,255.750,66.375,0.969,0.402,2.461,0.641,16.672,10.281,3.234,3.362,1.253,1.368,0,NULL,NULL,,3,0,2,7,255,1380,250,0,0
stim,219364,249485,0,249485,3446779.455,-0.730,-0.059,0.207,0.649,0,0,23,0,0,0,0,141,41,0.974,1,2254,0,291.694,17.604,129.500,251.188,72.250,1.086,0.320,2.324,1.258,17.559,9.559,3.238,3.364,1.253,1.368,0,NULL,NULL,,3,0,2,7,255,1380,250,0,0
stim,219364,249485,0,249485,3446784.455,-0.726,-0.062,0.219,0.650,0,0,27,0,0,0,0,150,41,0.974,1,2254,0,284.714,18.517,118.500,242.688,90.125,1.199,0.160,2.070,2.059,18.402,7.406,3.236,3.364,1.253,1.368,0,NULL,NULL,,3,0,2,7,255,1380,250,0,0
stim,219364,249485,0,249485,3446789.455,-0.721,-0.064,0.230,0.651,0,0,21,0,0,0,0,149,41,0.974,1,2254,0,281.342,18.695,117.188,232.375,106.875,1.191,0.055,1.863,3.293,18.402,4.094,3.234,3.362,1.253,1.368,0,NULL,NULL,,3,0,2,7,255,1380,250,0,0
stim,219364,249485,0,249485,3446794.454,-0.716,-0.065,0.240,0.652,0,0,21,0,0,0,0,156,41,0.974,1,2254,0,274.754,18.299,118.188,220.188,114.188,1.188,-0.113,1.637,3.914,17.875,1.730,3.228,3.356,1.253,1.368,0,NULL,NULL,,3,0,2,7,255,1380,250,0,0
stim,219364,249485,0,249485,3446799.455,-0.711,-0.066,0.251,0.654,0,0,25,0,0,0,0,158,41,0.974,1,2254,0,271.956,17.648,125.438,207.188,123.688,1.230,-0.375,1.418,5.063,16.906,-0.859,3.214,3.342,1.253,1.368,0,NULL,NULL,,3,0,2,7,255,1380,250,0,0
stim,219364,249485,0,249485,3446804.453,-0.705,-0.066,0.261,0.656,0,0,21,0,0,0,0,165,41,0.974,1,2254,0,273.928,17.700,141.500,190.875,136.313,1.207,-0.582,1.211,7.043,16.238,-3.828,3.196,3.324,1.253,1.368,0,NULL,NULL,,3,0,2,7,255,1380,250,0,0
stim,219364,249485,0,249485,3446809.455,-0.700,-0.064,0.272,0.658,0,0,21,0,0,0,0,169,41,0.974,1,2254,0,286.428,17.257,177.000,175.688,140.875,1.172,-0.738,1.160,8.477,15.031,-6.230,3.174,3.300,1.253,1.368,0,NULL,NULL,,3,0,2,7,255,1380,250,0,0
stim,219364,249485,0,249485,3446814.454,-0.694,-0.061,0.284,0.659,0,0,19,0,0,0,0,167,41,0.974,1,2254,0,300.521,17.715,213.375,160.813,137.563,1.160,-0.836,1.262,9.781,14.770,-6.992,3.142,3.268,1.253,1.368,0,NULL,NULL,,3,0,2,7,255,1380,250,0,0
stim,219364,249485,0,249485,3446819.455,-0.689,-0.056,0.296,0.659,0,0,21,0,0,0,0,175,41,0.974,1,2254,0,311.807,18.381,241.375,148.313,130.250,1.176,-0.855,1.500,10.941,14.770,-6.992,3.104,3.228,1.253,1.368,0,NULL,NULL,,3,0,2,7,255,1380,250,0,0
stim,219364,249485,0,249485,3446824.457,-0.685,-0.051,0.307,0.659,0,0,25,0,0,0,0,189,41,0.974,1,2254,0,304.091,19.939,244.250,137.438,118.000,1.207,-0.809,1.762,11.871,16.020,-5.598,3.056,3.180,1.253,1.368,0,NULL,NULL,,3,0,2,7,255,1380,250,0,0
stim,219395,249516,0,249516,3446829.455,-0.681,-0.047,0.318,0.658,0,0,21,0,0,0,0,207,41,0.974,1,2254,0,276.362,21.531,222.813,128.813,100.688,1.297,-0.770,1.973,12.328,17.652,-3.969,2.998,3.120,1.253,1.368,0,NULL,NULL,,3,0,2,7,255,1380,250,0,0
stim,219395,249516,0,249516,3446834.453,-0.677,-0.044,0.327,0.658,0,0,22,0,0,0,0,221,41,0.974,1,2254,0,237.287,23.279,187.625,119.000,83.313,1.422,-0.840,2.004,12.703,19.508,-3.969,2.934,3.056,1.253,1.368,0,NULL,NULL,,3,0,2,7,255,1380,250,0,0
stim,219395,249516,0,249516,3446839.455,-0.674,-0.042,0.335,0.657,0,0,26,0,0,0,0,237,41,0.974,1,2254,0,199.378,24.721,155.188,107.500,64.125,1.527,-0.934,1.953,13.480,20.723,-4.082,2.872,2.992,1.253,1.368,0,NULL,NULL,,3,0,2,7,255,1380,250,0,0
stim,219395,249516,0,249516,3446844.454,-0.672,-0.040,0.341,0.656,0,0,23,0,0,0,0,271,41,0.974,1,2254,0,160.701,25.550,125.188,92.750,39.375,1.652,-1.012,1.883,14.109,21.301,-5.691,2.814,2.932,1.253,1.368,0,NULL,NULL,,3,0,2,7,255,1380,250,0,0
stim,219416,249537,0,249537,3446849.455,-0.670,-0.039,0.346,0.655,0,0,25,0,0,0,0,291,41,0.974,1,2254,0,128.840,26.285,103.125,74.938,18.688,1.809,-1.102,1.809,14.496,21.926,-7.449,2.752,2.866,1.253,1.368,0,NULL,NULL,,3,0,2,7,255,1380,250,0,0
stim,219416,249537,0,249537,3446854.453,-0.670,-0.038,0.350,0.654,0,0,27,0,0,0,0,299,41,0.974,1,2254,0,99.478,27.147,84.625,51.813,7.063,1.875,-1.098,1.801,14.813,22.750,-9.395,2.682,2.796,1.253,1.368,0,NULL,NULL,,3,0,2,7,255,1380,250,0,0
stim,219416,249537,0,249537,3446859.455,-0.669,-0.037,0.353,0.653,0,0,29,0,0,0,0,313,41,0.974,1,2254,0,69.464,27.581,64.000,27.000,-0.500,1.875,-0.953,1.824,14.813,23.266,-9.406,2.606,2.722,1.253,1.368,0,NULL,NULL,,3,0,2,7,255,1380,250,0,0
stim,219416,249537,0,249537,3446864.454,-0.670,-0.036,0.354,0.652,0,0,25,0,0,0,0,319,41,0.974,1,2254,0,41.930,26.985,41.750,-1.375,-3.625,1.797,-0.789,1.867,13.672,23.266,-9.406,2.530,2.644,1.253,1.368,0,NULL,NULL,,3,0,2,7,255,1380,250,0,0
stim,219416,249537,0,249537,3446869.455,-0.670,-0.034,0.353,0.652,0,0,26,0,0,0,0,318,41,0.974,1,2254,0,35.002,26.388,15.563,-31.000,-4.688,1.633,-0.621,1.969,12.473,23.254,-8.117,2.458,2.572,1.253,1.368,0,NULL,NULL,,3,0,2,7,255,1380,250,0,0
stim,219416,249537,0,249537,3446874.454,-0.672,-0.034,0.351,0.652,0,0,24,0,0,0,0,317,41,0.974,1,2254,0,64.802,25.421,-26.875,-56.500,-16.875,1.453,-0.496,1.949,11.605,22.617,-5.836,2.388,2.500,1.253,1.368,0,NULL,NULL,,3,0,2,7,255,1380,250,0,0
stim,219465,249586,0,249586,3446879.455,-0.673,-0.034,0.347,0.652,0,0,25,0,0,0,0,315,41,0.974,1,2254,0,105.365,23.627,-66.375,-77.938,-24.938,1.379,-0.449,1.836,10.613,21.109,-4.574,2.316,2.428,1.253,1.368,0,NULL,NULL,,3,0,2,7,255,1380,250,0,0
stim,219465,249586,0,249586,3446884.454,-0.675,-0.034,0.341,0.653,0,0,25,0,0,0,0,317,41,0.974,1,2254,0,135.891,22.234,-95.375,-94.438,-21.250,1.246,-0.473,1.711,9.785,19.965,-4.574,2.230,2.342,1.253,1.368,0,NULL,NULL,,3,0,2,7,255,1380,250,0,0
stim,219465,249586,0,249586,3446889.455,-0.677,-0.035,0.335,0.654,0,0,16,0,0,0,0,431,41,0.974,1,2254,0,161.327,20.646,-116.375,-107.625,-30.000,0.945,-0.512,1.625,9.785,18.180,-4.574,2.140,2.252,1.253,1.368,0,NULL,NULL,,3,0,2,7,255,1380,250,0,0
stim,219465,249586,0,249586,3446894.454,-0.676,-0.023,0.333,0.657,76,0,12,311,0,5,0,498,41,0.974,1,2254,0,273.901,18.038,127.375,-192.938,146.875,-0.668,-0.910,3.844,9.840,15.117,-3.770,2.046,2.158,1.253,1.368,0,NULL,NULL,,3,0,2,7,255,1380,250,0,0
stim,219465,249586,0,249586,3446899.455,-0.667,-0.012,0.327,0.669,660,0,0,905,0,122,0,551,41,0.974,1,2254,0,461.577,18.038,2.875,-216.063,407.875,-0.684,2.004,5.930,9.840,15.117,19.688,1.946,2.058,1.253,1.368,0,NULL,NULL,,3,0,2,7,255,1380,250,0,0
stim,219465,249586,0,249586,3446904.453,-0.661,-0.025,0.305,0.685,1145,0,0,1339,0,347,0,612,41,0.974,1,2254,0,712.919,12.361,-668.688,-103.625,224.438,-1.602,2.109,3.477,5.563,11.039,32.582,1.842,1.954,1.253,1.368,0,NULL,NULL,,3,0,2,7,255,1380,250,0,0
stim,219465,249586,0,249586,3446909.455,-0.659,-0.046,0.277,0.698,1590,0,0,1637,0,537,0,695,41,0.974,1,2254,0,865.756,6.260,-859.188,-93.125,51.563,-1.301,2.031,-0.141,-5.805,2.344,32.582,1.734,1.844,1.253,1.368,0,NULL,NULL,,3,0,2,7,255,1380,250,0,0
stim,219465,249586,0,249586,3446914.454,-0.659,-0.059,0.257,0.704,1911,0,0,1823,0,712,0,780,41,0.974,1,2255,0,558.120,20.683,-550.000,-93.313,-17.063,-1.094,1.469,-1.910,-16.898,-11.926,0.438,1.622,1.732,1.253,1.368,1,1333.000,-47.000,,3,0,2,7,255,1380,250,0,0
stim,219483,249604,0,249604,3446919.455,-0.662,-0.061,0.249,0.705,2107,0,0,1919,0,943,0,849,41,0.974,1,2255,0,201.780,20.683,-162.125,-105.438,-57.563,-0.355,0.496,-1.664,-16.898,-11.926,-17.871,1.504,1.612,1.253,1.368,1,NULL,NULL,,3,0,2,7,255,1380,250,0,0
stim,219483,249604,0,249604,3446924.455,-0.664,-0.055,0.247,0.704,2315,0,0,2093,0,1080,0,923,41,0.974,1,2255,0,146.259,12.976,74.438,-124.250,-20.313,-0.031,0.031,0.730,-7.871,-10.316,-17.871,1.384,1.490,1.253,1.368,1,NULL,NULL,,3,0,2,7,255,1380,250,0,0
stim,219483,249604,0,249604,3446929.455,-0.663,-0.052,0.244,0.706,2568,0,0,2380,0,1203,0,960,41,0.974,1,2255,0,126.642,2.917,-13.563,-113.688,54.125,0.105,0.516,1.805,-1.188,2.664,-3.328,1.258,1.364,1.253,1.368,1,NULL,NULL,,3,0,2,7,255,1380,250,0,0
stim,219483,249604,0,249604,3446934.453,-0.659,-0.051,0.235,0.713,2705,0,0,2571,0,1179,0,1011,41,0.974,1,2255,0,271.631,2.931,-181.563,-128.688,155.750,-1.109,0.012,1.488,1.223,2.664,6.656,1.130,1.232,1.253,1.368,1,NULL,NULL,,3,0,2,7,255,1380,250,0,0
stim,219509,249630,0,249630,3446939.455,-0.654,-0.054,0.221,0.721,2797,0,0,2699,0,1145,0,1099,41,0.974,1,2255,0,401.614,5.892,-323.563,-164.500,171.875,-2.027,-0.910,0.547,4.184,-4.148,6.656,1.000,1.098,1.253,1.368,2,NULL,NULL,,3,0,2,7,255,1380,250,0,0
stim,219509,249630,0,249630,3446944.454,-0.656,-0.056,0.208,0.723,2859,0,0,2790,0,1119,0,1195,41,0.974,1,2255,0,294.824,18.946,-244.313,-160.750,-37.313,-1.965,-0.883,-0.234,10.570,-15.723,0.363,0.870,0.962,1.253,1.368,2,NULL,NULL,,3,0,2,7,255,1380,250,0,0
stim,219509,249630,0,249630,3446949.455,-0.662,-0.054,0.200,0.720,2907,0,0,2885,0,1053,0,1273,41,0.974,1,2255,0,248.298,18.946,-99.500,-176.875,-143.063,-0.711,-0.391,0.180,10.570,-15.723,-6.535,0.744,0.826,1.253,1.368,2,NULL,NULL,,3,0,2,7,255,1380,250,0,0
stim,219509,249630,0,249630,3446954.453,-0.667,-0.050,0.194,0.717,2939,0,0,2923,0,1017,0,1319,41,0.974,1,2255,0,226.155,8.329,-4.688,-183.125,-132.625,0.348,-0.516,1.023,6.074,-5.699,-6.535,0.626,0.694,1.253,1.368,2,NULL,NULL,,3,0,2,7,255,1380,250,0,0
stim,219509,249630,0,249630,3446959.455,-0.670,-0.046,0.187,0.716,2967,0,0,2976,0,1017,0,1369,41,0.974,1,2255,0,187.452,9.133,-42.438,-172.875,-58.750,0.508,-1.008,1.824,6.074,6.820,-2.594,0.514,0.562,1.253,1.368,2,NULL,NULL,,3,0,2,7,255,1380,250,0,0
stim,219509,249631,0,249631,3446964.454,-0.671,-0.044,0.179,0.718,2989,0,0,3020,0,1111,0,1403,41,0.974,1,2255,0,196.028,15.311,-107.938,-163.625,-1.813,0.543,-1.043,1.477,11.594,10.000,0.402,0.412,0.434,1.253,1.368,2,NULL,NULL,,3,0,2,7,255,1380,250,0,0
stim,219562,249683,0,249683,3446969.455,-0.671,-0.043,0.171,0.720,3020,0,0,3060,0,1208,0,1437,41,0.974,1,2255,0,207.737,15.311,-141.188,-146.938,40.375,0.391,-0.996,1.180,11.594,10.000,0.402,0.356,0.328,1.253,1.368,2,NULL,NULL,,3,0,2,7,255,1380,250,0,0
stim,219562,249683,0,249683,3446974.454,-0.669,-0.042,0.162,0.724,3028,0,0,3083,0,1397,0,1487,41,0.974,1,2255,0,213.242,13.157,-138.563,-138.813,83.688,0.133,-0.816,0.707,10.738,7.602,-1.590,0.344,0.264,1.253,1.368,2,NULL,NULL,,3,0,2,7,255,1380,250,0,0
stim,219562,249683,0,249683,3446979.455,-0.666,-0.040,0.156,0.728,3038,0,0,3098,0,1519,0,1530,41,0.974,1,2255,0,199.085,9.308,-91.188,-139.813,108.500,-0.234,-0.445,0.676,8.547,3.688,-3.496,0.364,0.240,1.253,1.368,2,NULL,NULL,,3,0,2,7,255,1380,250,0,0
stim,219562,249683,0,249683,3446984.454,-0.664,-0.037,0.150,0.732,3046,0,0,3109,0,1677,0,1595,41,0.974,1,2255,0,170.566,5.247,-56.938,-136.438,85.063,-0.496,-0.086,1.117,5.246,-0.105,-3.496,0.404,0.270,1.253,1.368,2,NULL,NULL,,3,0,2,7,255,1380,250,0,0
stim,219562,249683,0,249683,3446989.455,-0.664,-0.035,0.144,0.733,3051,0,0,3125,9,1813,0,1687,41,0.974,1,2255,0,152.869,3.085,-66.063,-135.188,27.000,-0.508,0.164,1.270,2.543,-1.746,1.785,0.440,0.304,1.253,1.368,2,NULL,NULL,,3,0,2,7,255,1380,250,0,0
stim,219562,249683,0,249683,3446994.454,-0.664,-0.032,0.138,0.734,3047,0,0,3128,81,1911,0,1748,41,0.974,1,2255,0,144.389,1.768,-67.250,-127.688,4.625,-0.023,0.102,1.129,0.277,-1.746,1.785,0.474,0.338,1.253,1.368,2,NULL,NULL,,3,0,2,7,255,1380,250,0,0
stim,219562,249683,0,249683,3446999.455,-0.664,-0.030,0.132,0.735,3053,0,0,3133,185,2011,0,1801,41,0.974,1,2255,0,145.622,2.360,-75.625,-123.313,16.750,0.012,-0.168,1.211,0.277,2.344,1.426,0.502,0.368,1.253,1.368,2,NULL,NULL,,3,0,2,7,255,1380,250,0,0
stim,219562,249683,0,249683,3447004.453,-0.664,-0.029,0.126,0.737,3061,0,0,3135,483,2135,47,1933,41,0.974,1,2255,0,145.499,4.028,-87.063,-114.000,24.375,0.078,-0.285,1.066,2.723,2.969,1.016,0.506,0.386,1.253,1.368,2,NULL,NULL,,3,0,2,7,255,1380,250,0,0
stim,219581,249702,0,249702,3447009.455,-0.663,-0.028,0.121,0.738,3055,0,0,3123,619,2199,140,2028,41,0.974,1,2255,0,128.609,4.272,-68.375,-104.063,32.188,0.125,-0.207,1.098,2.727,3.289,0.191,0.498,0.402,1.253,1.368,2,NULL,NULL,,3,0,2,7,255,1380,250,0,0
stim,219581,249702,0,249702,3447014.454,-0.664,-0.026,0.119,0.738,3078,0,0,3133,858,2247,121,2117,41,0.974,1,2255,0,67.292,4.527,-18.313,-63.875,-10.625,0.242,0.047,1.465,2.727,3.613,0.191,0.480,0.416,1.253,1.368,2,NULL,NULL,,3,0,2,7,255,1380,250,0,0
stim,219581,249702,0,249702,3447019.455,-0.664,-0.025,0.117,0.738,3079,0,0,3133,1013,2281,120,2165,41,0.974,1,2255,0,47.984,5.196,-16.625,-43.313,-12.250,0.563,0.418,1.137,0.461,5.176,0.414,0.464,0.422,1.253,1.368,2,NULL,NULL,,3,0,2,7,255,1380,250,0,0
stim,219581,249702,0,249702,3447024.455,-0.664,-0.024,0.116,0.738,3068,0,0,3145,1139,2316,135,2215,41,0.974,1,2255,0,34.884,6.887,3.375,-33.500,9.125,0.398,0.781,1.395,-3.809,5.738,3.602,0.440,0.408,1.253,1.368,2,NULL,NULL,,3,0,2,7,255,1380,250,0,0
stim,219581,249702,0,249702,3447029.455,-0.664,-0.025,0.114,0.739,3077,0,0,3131,1199,2300,149,2248,41,0.974,1,2255,0,55.142,6.887,-51.750,-16.813,8.938,-0.297,0.465,1.684,-3.809,5.738,3.602,0.412,0.380,1.253,1.368,2,NULL,NULL,,3,0,2,7,255,1380,250,0,0
stim,219581,249702,0,249702,3447034.453,-0.665,-0.027,0.110,0.739,3076,0,0,3145,1277,2365,153,2293,41,0.974,1,2255,0,104.993,2.864,-101.125,-13.813,-24.625,-0.262,0.254,0.910,-2.863,-0.055,3.602,0.376,0.336,1.253,1.368,2,NULL,NULL,,3,0,2,7,255,1380,250,0,0
stim,219613,249734,0,249734,3447039.455,-0.666,-0.029,0.108,0.738,3064,18,0,3141,1343,2375,155,2329,41,0.974,1,2255,0,80.635,1.646,-66.188,-9.813,-45.000,-0.195,0.137,0.852,-1.590,-0.426,-0.383,0.332,0.286,1.253,1.368,2,NULL,NULL,,3,0,2,7,255,1380,250,0,0
stim,219613,249734,0,249734,3447044.454,-0.668,-0.030,0.106,0.736,3065,28,0,3141,1427,2387,162,2346,41,0.974,1,2255,0,76.554,0.763,-39.188,-11.500,-64.750,-0.117,0.129,0.996,-0.633,-0.426,-0.383,0.292,0.242,1.253,1.368,2,NULL,NULL,,3,0,2,7,255,1380,250,0,0
stim,219613,249734,0,249734,3447049.455,-0.670,-0.031,0.105,0.734,3079,55,0,3158,1507,2403,168,2387,41,0.974,1,2255,0,78.214,0.887,-31.125,-9.000,-71.188,0.027,0.211,1.035,-0.633,0.621,0.043,0.258,0.206,1.253,1.368,2,NULL,NULL,,3,0,2,7,255,1380,250,0,0
stim,219613,249734,0,249734,3447054.453,-0.672,-0.032,0.103,0.733,3065,67,0,3148,1571,2420,175,2407,41,0.974,1,2255,0,68.149,2.085,-43.875,-5.313,-51.875,0.043,0.117,1.074,-0.629,1.988,0.227,0.236,0.190,1.253,1.368,2,NULL,NULL,,3,0,2,7,255,1380,250,0,0
stim,219613,249734,0,249734,3447059.457,-0.673,-0.033,0.101,0.732,3067,77,0,3204,1605,2423,189,2423,41,0.974,1,2255,0,71.578,2.085,-60.625,-2.000,-38.000,-0.109,0.039,1.066,-0.629,1.988,0.531,0.222,0.178,1.253,1.368,2,NULL,NULL,,3,0,2,7,255,1380,250,0,0
stim,219613,249734,0,249734,3447064.453,-0.675,-0.036,0.098,0.731,3079,101,0,3157,1639,2443,196,2443,41,0.974,1,2255,0,81.693,0.857,-65.875,-0.313,-48.313,-0.156,0.035,0.918,0.172,0.840,0.531,0.210,0.170,1.253,1.368,2,NULL,NULL,,3,0,2,7,255,1380,250,0,0
stim,219634,249755,0,249755,3447069.455,-0.676,-0.037,0.097,0.729,3079,115,0,3164,1679,2456,199,2467,41,0.974,1,2255,0,64.323,0.653,-38.750,-3.063,-51.250,-0.086,-0.004,0.809,0.203,0.621,-0.691,0.204,0.162,1.253,1.368,2,NULL,NULL,,3,0,2,7,255,1380,250,0,0
stim,219634,249755,0,249755,3447074.454,-0.678,-0.037,0.096,0.728,3091,141,14,3163,1723,2459,206,2467,41,0.974,1,2255,0,51.443,0.740,-21.313,-2.563,-46.750,-0.055,-0.035,0.996,0.402,0.621,-0.691,0.202,0.156,1.253,1.368,2,NULL,NULL,,3,0,2,7,255,1380,250,0,0
stim,219663,249784,0,249784,3447079.455,-0.679,-0.038,0.094,0.727,3081,174,55,3165,1759,2479,211,2479,41,0.974,1,2255,0,52.469,1.350,-33.125,-0.500,-40.688,-0.074,0.023,1.160,0.402,1.289,-0.160,0.200,0.148,1.253,1.368,2,NULL,NULL,,3,0,2,7,255,1380,250,0,0
stim,219663,249784,0,249784,3447084.454,-0.680,-0.040,0.093,0.726,3092,183,63,3181,1791,2503,221,2487,41,0.974,1,2255,0,54.223,1.529,-41.250,0.625,-35.188,-0.016,-0.102,0.867,0.723,1.348,-0.160,0.200,0.140,1.253,1.368,2,NULL,NULL,,3,0,2,7,255,1380,250,0,0
stim,219663,249784,0,249784,3447089.455,-0.680,-0.040,0.092,0.726,3095,213,71,3181,1823,2506,233,2501,41,0.974,1,2255,0,27.848,1.817,-20.625,0.938,-18.688,-0.051,-0.188,0.891,1.219,1.348,-1.254,0.200,0.134,1.253,1.368,2,NULL,NULL,,3,0,2,7,255,1380,250,0,0
stim,219663,249784,0,249784,3447094.454,-0.681,-0.041,0.091,0.726,3089,228,139,3180,1849,2513,233,2509,41,0.974,1,2255,0,21.092,2.018,-20.000,1.000,-6.625,-0.125,-0.129,1.035,1.605,1.223,-1.254,0.202,0.128,1.253,1.368,2,NULL,NULL,,3,0,2,7,255,1380,250,0,0
stim,219663,249784,0,249784,3447099.455,-0.681,-0.042,0.090,0.726,3095,237,149,3190,1863,2517,229,2509,41,0.974,1,2255,0,30.166,1.762,-30.063,0.063,-2.500,-0.191,-0.086,0.961,1.605,0.727,-0.277,0.206,0.120,1.253,1.368,2,NULL,NULL,,3,0,2,7,255,1380,250,0,0
stim,219663,249784,0,249784,3447104.454,-0.681,-0.043,0.089,0.726,3089,235,181,3178,1885,2515,225,2509,41,0.974,1,2255,0,18.121,1.232,-17.688,-1.813,-3.500,-0.172,-0.098,0.824,1.230,-0.070,-0.277,0.214,0.112,1.253,1.368,2,NULL,NULL,,3,0,2,7,255,1380,250,0,0
stim,219663,249784,0,249784,3447109.457,-0.681,-0.043,0.089,0.726,3090,237,202,3180,1898,2519,214,2517,41,1.021,1,2255,1,4.327,1.221,0.375,-3.750,-2.125,-0.141,-0.098,0.934,1.219,-0.070,-0.602,0.000,0.000,1.273,1.343,2,NULL,NULL,,3,0,2,7,255,1380,250,0,0
stim,219663,249784,0,249784,3447114.454,-0.681,-0.043,0.089,0.726,3093,233,217,3178,1903,2531,199,2517,41,1.021,1,2255,1,6.828,1.287,0.438,-4.188,5.375,-0.137,-0.113,1.023,1.230,0.379,-0.602,0.008,0.008,1.273,1.343,2,NULL,NULL,,3,0,2,7,255,1380,250,0,0
stim,219663,249784,0,249784,3447119.455,-0.680,-0.043,0.089,0.726,3101,221,237,3186,1914,2533,197,2527,41,1.021,1,2255,1,12.833,1.374,-4.813,-4.375,11.063,-0.160,-0.105,0.984,1.320,0.379,-0.109,0.014,0.016,1.273,1.343,2,NULL,NULL,,3,0,2,7,255,1380,250,0,0
stim,219663,249784,0,249784,3447124.455,-0.680,-0.043,0.088,0.726,3093,216,271,3177,1926,2531,183,2524,41,1.021,1,2255,1,9.433,1.347,-0.625,-5.250,7.813,-0.199,-0.027,0.945,1.320,0.266,-0.109,0.020,0.022,1.273,1.343,2,NULL,NULL,,3,0,2,7,255,1380,250,0,0
stim,219696,249817,0,249817,3447129.455,-0.680,-0.042,0.088,0.727,3093,209,295,3175,1939,2532,175,2525,41,1.021,1,2255,1,7.799,0.622,2.750,-4.938,5.375,-0.133,-0.023,0.996,0.563,0.266,-0.109,0.026,0.028,1.273,1.343,2,NULL,NULL,,3,0,2,7,255,1380,250,0,0
stim,219696,249817,0,249817,3447134.453,-0.680,-0.042,0.088,0.727,3093,198,303,3175,1931,2533,179,2532,41,1.021,1,2255,1,12.364,0.718,-0.563,-4.813,11.375,-0.125,-0.027,0.996,0.520,0.496,-0.012,0.028,0.030,1.273,1.343,2,NULL,NULL,,3,0,2,7,255,1380,250,0,0
stim,219696,249817,0,249817,3447139.455,-0.679,-0.042,0.088,0.727,3100,198,314,3189,1943,2531,173,2547,41,1.021,1,2255,1,14.786,0.704,-1.688,-5.000,13.813,-0.168,-0.016,0.973,0.500,0.496,-0.012,0.030,0.034,1.273,1.343,2,NULL,NULL,,3,0,2,7,255,1380,250,0,0
stim,219696,249817,0,249817,3447144.453,-0.679,-0.042,0.088,0.728,3099,183,315,3175,1944,2535,165,2541,41,1.021,1,2255,1,11.645,0.434,2.125,-5.688,9.938,-0.184,0.016,0.957,0.426,0.082,-0.148,0.032,0.034,1.273,1.343,2,NULL,NULL,,3,0,2,7,255,1380,250,0,0
stim,219717,249838,0,249838,3447149.455,-0.679,-0.042,0.088,0.728,3099,186,326,3173,1940,2509,157,2538,41,1.021,1,2255,1,10.031,0.156,6.625,-5.688,4.938,-0.160,0.043,0.992,0.133,0.082,-0.148,0.032,0.036,1.273,1.343,2,NULL,NULL,,3,0,2,7,255,1380,250,0,0
stim,219717,249838,0,249838,3447154.454,-0.679,-0.041,0.088,0.728,3097,183,325,3165,1943,2533,151,2542,41,1.021,1,2255,1,10.404,0.219,7.375,-5.938,4.313,-0.137,0.051,1.012,-0.141,0.168,0.051,0.032,0.036,1.273,1.343,2,NULL,NULL,,3,0,2,7,255,1380,250,0,0
stim,219717,249838,0,249838,3447159.455,-0.679,-0.041,0.088,0.728,3095,181,329,3163,1951,2540,149,2542,41,1.021,1,2255,1,10.994,0.432,7.250,-5.750,5.938,-0.137,0.063,1.016,-0.207,0.379,0.211,0.030,0.034,1.273,1.343,2,NULL,NULL,,3,0,2,7,255,1380,250,0,0
stim,219717,249838,0,249838,3447164.453,-0.678,-0.040,0.088,0.728,3095,172,327,3155,1940,2533,149,2543,41,1.021,1,2255,1,11.290,0.499,6.813,-5.813,6.875,-0.164,0.094,1.020,-0.324,0.379,0.246,0.030,0.034,1.273,1.343,2,NULL,NULL,,3,0,2,7,255,1380,250,0,0
stim,219717,249838,0,249838,3447169.455,-0.678,-0.040,0.088,0.728,3087,171,331,3147,1947,2532,151,2549,41,1.021,1,2255,1,9.694,0.599,6.188,-6.000,4.438,-0.176,0.105,1.020,-0.590,0.102,0.344,0.028,0.030,1.273,1.343,2,NULL,NULL,,3,0,2,7,255,1380,250,0,0
stim,219717,249838,0,249838,3447174.454,-0.678,-0.039,0.088,0.728,3091,163,338,3142,1947,2538,150,2555,41,1.021,1,2255,1,9.894,0.650,7.313,-6.250,2.313,-0.164,0.102,1.008,-0.645,0.086,0.344,0.026,0.026,1.273,1.343,2,NULL,NULL,,3,0,2,7,255,1380,250,0,0
stim,219764,249885,0,249885,3447179.455,-0.678,-0.039,0.088,0.729,3067,160,345,3140,1949,2491,152,2547,41,1.021,1,2255,1,10.886,0.689,8.500,-6.500,2.000,-0.164,0.145,1.027,-0.684,0.086,0.352,0.024,0.024,1.273,1.343,2,NULL,NULL,,3,0,2,7,255,1380,250,0,0
stim,219764,249885,0,249885,3447184.454,-0.678,-0.038,0.088,0.728,3077,162,360,3129,1957,2535,154,2551,41,1.021,1,2255,1,10.186,1.039,6.688,-7.125,-2.875,-0.211,0.223,1.051,-1.035,0.086,0.434,0.022,0.020,1.273,1.343,2,NULL,NULL,,3,0,2,7,255,1380,250,0,0
stim,219764,249885,0,249885,3447189.455,-0.679,-0.038,0.088,0.728,3065,163,398,3129,1974,2535,159,2567,41,1.021,1,2255,1,13.257,1.600,4.063,-7.000,-10.500,-0.156,0.203,1.043,-1.598,0.090,0.621,0.022,0.016,1.273,1.343,2,NULL,NULL,,3,0,2,7,255,1380,250,0,0
stim,219764,249885,0,249885,3447194.453,-0.679,-0.037,0.088,0.728,3049,164,424,3108,1977,2525,169,2557,41,1.021,1,2255,1,8.500,1.602,0.375,-6.625,-5.313,-0.094,0.156,1.059,-1.598,0.113,0.621,0.024,0.012,1.273,1.343,2,NULL,NULL,,3,0,2,7,255,1380,250,0,0
stim,219764,249885,0,249885,3447199.455,-0.679,-0.037,0.088,0.728,3045,163,441,3103,1993,2523,183,2567,41,1.021,1,2255,1,7.535,1.602,-1.438,-7.375,0.563,-0.164,0.238,1.020,-1.598,0.113,0.617,0.026,0.010,1.273,1.343,2,NULL,NULL,,3,0,2,7,255,1380,250,0,0
stim,219764,249885,0,249885,3447204.454,-0.679,-0.037,0.088,0.728,3025,173,488,3106,2021,2523,197,2569,41,1.021,1,2255,1,7.850,1.734,-1.750,-6.000,-4.750,-0.148,0.215,1.086,-1.719,0.230,0.617,0.028,0.010,1.273,1.343,2,NULL,NULL,,3,0,2,7,255,1380,250,0,0
stim,219764,249885,0,249885,3447209.457,-0.679,-0.037,0.087,0.728,3015,181,523,3087,2023,2520,207,2578,41,1.021,1,2255,1,12.337,1.795,-9.000,-6.750,-5.063,-0.156,0.223,1.043,-1.793,0.090,0.598,0.030,0.008,1.273,1.343,2,NULL,NULL,,3,0,2,7,255,1380,250,0,0
stim,219764,249885,0,249885,3447214.453,-0.679,-0.036,0.087,0.728,3013,183,573,3081,2044,2522,250,2583,41,1.021,1,2255,1,11.424,1.734,-8.063,-5.938,-5.500,-0.121,0.152,1.008,-1.719,0.230,0.598,0.030,0.008,1.273,1.343,2,NULL,NULL,,3,0,2,7,255,1380,250,0,0
stim,219783,249904,0,249904,3447219.455,-0.679,-0.036,0.087,0.728,2997,198,615,3087,2077,2525,283,2598,41,1.021,1,2255,1,10.399,1.136,-7.875,-6.688,-1.188,-0.164,0.152,1.016,-1.133,0.090,0.320,0.032,0.008,1.273,1.343,2,NULL,NULL,,3,0,2,7,255,1380,250,0,0
stim,219783,249904,0,249904,3447224.454,-0.680,-0.036,0.086,0.728,2973,201,665,3059,2093,2467,313,2592,41,1.021,1,2255,1,12.085,1.133,-8.188,-6.500,-6.063,-0.188,0.156,1.004,-1.133,0.012,0.266,0.032,0.008,1.273,1.343,2,NULL,NULL,,3,0,2,7,255,1380,250,0,0
stim,219783,249904,1,249904,3447229.455,-0.680,-0.036,0.086,0.727,2979,225,701,3063,2146,2523,327,2611,41,1.021,1,2255,1,16.152,1.134,-8.000,-6.250,-12.563,-0.188,0.145,1.012,-1.113,-0.215,0.320,0.034,0.008,1.273,1.343,2,NULL,NULL,,3,1,2,7,255,1380,250,0,0
stim,219783,249904,1,249904,3447234.454,-0.681,-0.036,0.086,0.727,2949,235,763,3059,2173,2515,359,2607,41,1.021,1,2255,1,22.015,1.046,-9.063,-6.063,-19.125,-0.168,0.137,1.000,-1.023,-0.215,0.266,0.034,0.008,1.273,1.343,2,NULL,NULL,,3,1,2,7,255,1380,250,0,0
stim,219807,249928,1,249928,3447239.455,-0.681,-0.037,0.085,0.726,2933,251,814,3043,2207,2485,381,2612,41,1.021,1,2255,1,23.593,0.990,-9.313,-5.375,-21.000,-0.129,0.066,0.988,-0.988,-0.059,0.160,0.032,0.008,1.273,1.343,2,NULL,NULL,,3,1,2,7,255,1380,250,0,0
stim,219807,249928,1,249928,3447244.453,-0.682,-0.037,0.084,0.726,2917,260,873,3032,2231,2509,424,2619,41,1.021,1,2255,1,22.671,0.423,-10.250,-4.875,-19.625,-0.141,0.016,0.977,-0.359,0.223,-0.051,0.032,0.008,1.273,1.343,2,NULL,NULL,,3,1,2,7,255,1380,250,0,0
stim,219807,249928,1,249928,3447249.455,-0.682,-0.037,0.084,0.725,2903,253,953,3023,2259,2507,437,2628,41,1.021,1,2255,1,23.876,0.274,-11.938,-4.750,-20.125,-0.172,-0.023,0.961,0.160,0.223,-0.148,0.032,0.010,1.273,1.343,2,NULL,NULL,,3,1,2,7,255,1380,250,0,0
stim,219807,249928,1,249928,3447254.454,-0.683,-0.037,0.083,0.725,2893,265,1016,3015,2279,2504,447,2632,41,1.021,1,2255,1,26.522,0.528,-11.563,-5.125,-23.313,-0.184,-0.039,0.930,0.520,-0.094,-0.281,0.032,0.014,1.273,1.343,2,NULL,NULL,,3,1,2,7,255,1380,250,0,0
stim,219807,249928,1,249928,3447259.457,-0.684,-0.038,0.083,0.724,2871,267,1101,3005,2309,2507,567,2639,41,1.021,1,2255,1,30.690,0.720,-6.938,-5.875,-29.313,-0.207,-0.070,0.926,0.680,-0.238,-0.547,0.032,0.016,1.273,1.343,2,NULL,NULL,,3,1,2,7,255,1380,250,0,0
stim,219807,249928,1,249928,3447264.453,-0.685,-0.038,0.082,0.723,2855,267,1172,2996,2333,2505,633,2647,41,1.021,1,2255,1,30.208,0.982,-6.438,-6.938,-28.688,-0.102,-0.125,0.941,0.953,-0.238,-0.570,0.032,0.020,1.273,1.343,2,NULL,NULL,,3,1,2,7,255,1380,250,0,0
stim,219863,249984,1,249984,3447269.455,-0.686,-0.038,0.081,0.722,2807,277,1246,2991,2361,2478,731,2653,41,1.021,1,2255,1,22.128,0.963,-6.938,-7.000,-19.813,-0.148,-0.043,0.980,0.953,0.141,-0.547,0.032,0.022,1.273,1.343,2,NULL,NULL,,3,1,2,7,255,1380,250,0,0
stim,219863,249984,1,249984,3447274.454,-0.686,-0.038,0.081,0.722,2821,277,1303,2971,2387,2507,837,2663,41,1.021,1,2255,1,27.668,0.671,-15.000,-7.875,-21.875,-0.207,0.004,1.008,0.656,0.141,-0.102,0.032,0.022,1.273,1.343,2,NULL,NULL,,3,1,2,7,255,1380,250,0,0
stim,219863,249984,1,249984,3447279.455,-0.687,-0.039,0.080,0.721,2804,299,1396,2958,2407,2508,901,2669,41,1.021,1,2255,1,34.112,0.339,-19.188,-8.938,-26.750,-0.168,-0.012,0.945,0.316,-0.121,-0.102,0.032,0.022,1.273,1.343,2,NULL,NULL,,3,1,2,7,255,1380,250,0,0
stim,219863,249984,1,249984,3447284.454,-0.688,-0.039,0.079,0.720,2789,315,1451,2948,2422,2509,987,2679,41,1.021,1,2255,1,30.064,0.267,-13.438,-10.375,-24.813,-0.148,0.023,0.930,0.238,-0.121,-0.395,0.034,0.022,1.273,1.343,2,NULL,NULL,,3,1,2,7,255,1380,250,0,0
stim,219863,249984,1,249984,3447289.455,-0.689,-0.039,0.078,0.720,2773,319,1532,2927,2457,2511,1069,2685,41,1.021,1,2255,1,33.485,0.121,-12.438,-9.625,-29.563,-0.180,0.020,1.012,0.000,-0.121,-0.395,0.036,0.020,1.273,1.343,2,NULL,NULL,,3,1,2,7,255,1380,250,0,0
stim,219863,249984,1,249984,3447294.453,-0.690,-0.039,0.077,0.719,2749,318,1596,2917,2477,2515,1177,2698,41,1.021,1,2255,1,37.905,0.027,-17.688,-11.125,-31.625,-0.145,0.012,1.004,0.000,0.027,0.109,0.038,0.018,1.273,1.343,2,NULL,NULL,,3,1,2,7,255,1380,250,0,0
stim,219863,249984,1,249984,3447299.455,-0.691,-0.039,0.076,0.718,2731,349,1685,2907,2491,2517,1226,2708,41,1.021,1,2255,1,36.769,0.145,-19.375,-11.000,-29.250,-0.102,-0.012,0.969,0.035,0.141,0.109,0.042,0.016,1.273,1.343,2,NULL,NULL,,3,1,2,7,255,1380,250,0,0
stim,219863,249984,1,249984,3447304.454,-0.691,-0.039,0.075,0.717,2713,370,1761,2895,2517,2519,1307,2717,41,1.021,1,2255,1,26.262,0.532,-13.250,-12.750,-18.750,-0.094,0.043,0.969,0.035,0.531,-0.273,0.044,0.016,1.273,1.343,2,NULL,NULL,,3,1,2,7,255,1380,250,0,0
stim,219881,250002,1,250002,3447309.455,-0.692,-0.039,0.074,0.717,2682,399,1832,2879,2538,2533,1395,2727,41,1.021,1,2255,1,25.880,0.609,-13.250,-11.438,-19.063,-0.121,0.168,1.000,-0.297,0.531,-0.273,0.044,0.016,1.273,1.343,2,NULL,NULL,,3,1,2,7,255,1380,250,0,0
stim,219881,250002,1,250002,3447314.454,-0.693,-0.039,0.074,0.716,2663,411,1884,2868,2565,2522,1462,2735,41,1.021,1,2255,1,26.039,1.487,-11.938,-12.750,-19.313,-0.188,0.164,1.055,-1.457,0.297,0.066,0.046,0.016,1.273,1.343,2,NULL,NULL,,3,1,2,7,255,1380,250,0,0
stim,219881,250002,1,250002,3447319.455,-0.694,-0.040,0.073,0.715,2637,427,1963,2854,2585,2523,1543,2745,41,1.021,1,2255,1,42.490,1.465,-21.063,-9.625,-35.625,-0.176,0.055,1.047,-1.457,-0.148,0.582,0.046,0.016,1.273,1.343,2,NULL,NULL,,3,1,2,7,255,1380,250,0,0
stim,219881,250002,1,250002,3447324.454,-0.695,-0.040,0.071,0.715,2605,462,2044,2839,2607,2524,1609,2750,41,1.021,1,2255,1,41.899,0.469,-24.188,-11.938,-32.063,-0.070,0.023,0.973,-0.445,-0.148,0.582,0.048,0.018,1.273,1.343,2,NULL,NULL,,3,1,2,7,255,1380,250,0,0
stim,219881,250002,1,250002,3447329.455,-0.696,-0.040,0.071,0.714,2583,485,2109,2822,2621,2485,1669,2763,41,1.021,1,2255,1,34.664,0.278,-14.375,-11.000,-29.563,-0.141,0.031,0.934,-0.277,-0.012,-0.289,0.048,0.020,1.273,1.343,2,NULL,NULL,,3,1,2,7,255,1380,250,0,0
stim,219881,250002,1,250002,3447334.454,-0.697,-0.040,0.070,0.713,2529,499,2167,2803,2641,2533,1735,2776,41,1.021,1,2255,1,35.760,0.191,-9.063,-11.500,-32.625,-0.148,0.016,0.977,-0.191,-0.004,-0.289,0.050,0.020,1.273,1.343,2,NULL,NULL,,3,1,2,7,255,1380,250,0,0
stim,219911,250032,1,250032,3447339.455,-0.698,-0.040,0.069,0.712,2489,521,2227,2788,2663,2533,1801,2785,41,1.021,1,2255,1,34.669,0.121,-10.125,-13.438,-30.313,-0.078,0.004,1.023,-0.121,-0.004,-0.141,0.050,0.020,1.273,1.343,2,NULL,NULL,,3,1,2,7,255,1380,250,0,0
stim,219911,250032,1,250032,3447344.453,-0.698,-0.040,0.068,0.711,2456,534,2280,2771,2683,2533,1881,2791,41,1.021,1,2255,1,28.337,0.516,-13.813,-11.563,-21.875,-0.102,-0.027,1.023,-0.008,0.516,0.215,0.050,0.022,1.273,1.343,2,NULL,NULL,,3,1,2,7,255,1380,250,0,0
stim,219911,250032,1,250032,3447349.455,-0.699,-0.040,0.067,0.711,2423,557,2335,2751,2700,2535,1945,2799,41,1.021,1,2255,1,30.564,0.573,-19.688,-11.125,-20.563,-0.160,-0.031,1.004,0.250,0.516,0.215,0.052,0.024,1.273,1.343,2,NULL,NULL,,3,1,2,7,255,1380,250,0,0
stim,219911,250032,1,250032,3447354.454,-0.700,-0.041,0.066,0.710,2383,567,2382,2729,2715,2537,1996,2811,41,1.021,1,2255,1,34.743,0.267,-21.188,-12.688,-24.438,-0.164,-0.008,0.992,0.250,-0.094,0.156,0.052,0.026,1.273,1.343,2,NULL,NULL,,3,1,2,7,255,1380,250,0,0
stim,219911,250032,1,250032,3447359.458,-0.701,-0.041,0.065,0.709,2325,581,2427,2701,2729,2536,2045,2814,41,1.021,1,2255,1,36.120,0.107,-19.688,-14.313,-26.688,-0.137,-0.012,0.980,0.051,-0.094,0.035,0.052,0.026,1.273,1.343,2,NULL,NULL,,3,1,2,7,255,1380,250,0,0
stim,219911,250032,1,250032,3447364.454,-0.701,-0.041,0.064,0.709,2265,587,2479,2669,2743,2538,2100,2828,41,1.021,1,2255,1,35.591,0.072,-18.938,-13.875,-26.750,-0.137,-0.023,0.992,0.051,0.051,0.000,0.054,0.028,1.273,1.343,2,NULL,NULL,,3,1,2,7,255,1380,250,0,0
stim,219934,250055,1,250055,3447369.455,-0.702,-0.041,0.062,0.708,2204,594,2520,2643,2760,2539,2143,2839,41,1.021,1,2255,1,38.594,0.096,-22.688,-14.063,-27.875,-0.148,-0.020,1.023,0.082,0.051,0.000,0.056,0.028,1.273,1.343,2,NULL,NULL,,3,1,2,7,255,1380,250,0,0
stim,219934,250055,1,250055,3447374.454,-0.703,-0.042,0.061,0.707,2154,598,2549,2607,2771,2533,2183,2845,41,1.021,1,2255,1,44.172,0.089,-28.000,-14.625,-30.875,-0.156,0.000,1.027,0.082,-0.035,0.332,0.056,0.030,1.273,1.343,2,NULL,NULL,,3,1,2,7,255,1380,250,0,0
stim,219965,250086,1,250086,3447379.455,-0.704,-0.042,0.060,0.706,2093,596,2585,2569,2788,2539,2223,2857,41,1.021,1,2255,1,47.790,0.134,-30.000,-14.813,-34.125,-0.125,0.008,1.000,-0.129,-0.035,0.332,0.058,0.030,1.273,1.343,2,NULL,NULL,,3,1,2,7,255,1380,250,0,0
stim,219965,250086,1,250086,3447384.454,-0.705,-0.043,0.058,0.705,2009,589,2607,2525,2799,2539,2264,2863,41,1.021,1,2255,1,44.488,0.261,-26.813,-15.500,-31.938,-0.098,0.004,0.969,-0.215,0.148,0.059,0.060,0.030,1.273,1.343,2,NULL,NULL,,3,1,2,7,255,1380,250,0,0
stim,219965,250086,1,250086,3447389.455,-0.706,-0.043,0.057,0.705,1947,583,2639,2484,2812,2539,2299,2871,41,1.021,1,2255,1,36.926,0.412,-18.438,-15.250,-28.125,-0.094,0.012,0.957,-0.215,0.352,-0.266,0.060,0.028,1.273,1.343,2,NULL,NULL,,3,1,2,7,255,1380,250,0,0
stim,219965,250086,1,250086,3447394.453,-0.707,-0.043,0.056,0.704,1871,580,2667,2440,2831,2537,2335,2877,41,1.021,1,2255,1,32.616,0.412,-13.563,-16.063,-24.938,-0.125,-0.004,1.016,-0.215,0.352,-0.266,0.062,0.026,1.273,1.343,2,NULL,NULL,,3,1,2,7,255,1380,250,0,0
stim,219965,250086,1,250086,3447399.455,-0.708,-0.043,0.055,0.703,1776,566,2699,2385,2843,2533,2378,2887,41,1.021,1,2255,1,34.577,0.296,-16.875,-16.625,-25.188,-0.141,0.004,1.059,-0.258,0.145,0.227,0.064,0.026,1.273,1.343,2,NULL,NULL,,3,1,2,7,255,1380,250,0,0
stim,219965,250086,1,250086,3447404.454,-0.708,-0.043,0.054,0.703,1663,555,2727,2315,2854,2533,2411,2893,41,1.021,1,2255,1,37.900,0.264,-21.375,-16.750,-26.438,-0.133,0.008,1.039,-0.258,0.055,0.461,0.064,0.026,1.273,1.343,2,NULL,NULL,,3,1,2,7,255,1380,250,0,0
stim,219965,250086,1,250086,3447409.457,-0.709,-0.043,0.052,0.702,1555,530,2751,2253,2868,2531,2441,2900,41,1.021,1,2255,1,41.390,0.264,-26.313,-17.375,-26.813,-0.121,-0.008,1.043,-0.258,0.055,0.461,0.066,0.026,1.273,1.343,2,NULL,NULL,,3,1,2,7,255,1380,250,0,0
stim,219965,250086,1,250086,3447414.454,-0.710,-0.044,0.051,0.701,1385,509,2779,2172,2873,2525,2474,2904,41,1.021,1,2255,1,43.250,0.327,-29.000,-17.625,-26.813,-0.125,0.004,1.023,-0.316,0.082,0.461,0.066,0.026,1.273,1.343,2,NULL,NULL,,3,1,2,7,255,1380,250,0,0
stim,219965,250086,1,250086,3447419.455,-0.711,-0.044,0.049,0.700,1277,486,2802,2079,2889,2523,2503,2907,41,1.021,1,2255,1,43.756,0.379,-29.813,-18.875,-25.875,-0.109,0.012,1.020,-0.344,0.160,0.277,0.066,0.026,1.273,1.343,2,NULL,NULL,,3,1,2,7,255,1380,250,0,0
stim,219965,250086,1,250086,3447424.454,-0.711,-0.044,0.048,0.700,1139,457,2827,1943,2903,2519,2540,2916,41,1.021,1,2255,1,42.934,0.441,-29.063,-19.250,-25.063,-0.129,0.031,1.012,-0.434,0.082,0.227,0.068,0.028,1.273,1.343,2,NULL,NULL,,3,1,2,7,255,1380,250,0,0
stim,219994,250115,1,250115,3447429.455,-0.712,-0.044,0.046,0.699,993,397,2846,1827,2911,2515,2577,2921,41,1.021,1,2255,1,42.098,0.653,-26.438,-20.875,-25.250,-0.160,0.027,1.008,-0.652,-0.016,0.172,0.068,0.028,1.273,1.343,2,NULL,NULL,,3,1,2,7,255,1380,250,0,0
stim,219994,250115,1,250115,3447434.454,-0.713,-0.044,0.045,0.698,823,374,2869,1703,2919,2507,2610,2924,41,1.021,1,2255,1,43.342,0.714,-24.000,-22.063,-28.563,-0.156,0.004,1.039,-0.652,-0.289,0.172,0.070,0.026,1.273,1.343,2,NULL,NULL,,3,1,2,7,255,1380,250,0,0
stim,219994,250115,1,250115,3447439.455,-0.714,-0.045,0.043,0.698,604,331,2887,1512,2931,2491,2635,2932,41,1.021,1,2255,1,45.788,0.551,-24.313,-23.250,-31.063,-0.148,-0.012,1.055,-0.469,-0.289,0.492,0.070,0.026,1.273,1.343,2,NULL,NULL,,3,1,2,7,255,1380,250,0,0
stim,219994,250115,1,250115,3447444.453,-0.715,-0.044,0.042,0.697,423,285,2899,1307,2944,2479,2659,2937,41,1.021,1,2255,1,45.183,0.551,-23.125,-25.375,-29.375,-0.164,0.012,1.074,-0.469,-0.289,0.641,0.072,0.026,1.273,1.343,2,NULL,NULL,,3,1,2,7,255,1380,250,0,0
stim,220027,250148,1,250148,3447449.455,-0.716,-0.044,0.040,0.696,313,235,2911,1111,2956,2457,2677,2939,41,1.021,1,2255,1,50.285,0.674,-25.750,-26.875,-33.813,-0.156,0.035,1.078,-0.609,-0.289,0.828,0.074,0.026,1.273,1.343,2,NULL,NULL,,3,1,2,7,255,1380,250,0,0
stim,220027,250148,1,250148,3447454.454,-0.717,-0.044,0.038,0.695,157,180,2925,879,2967,2443,2700,2943,41,1.021,1,2255,1,50.839,0.898,-22.563,-28.938,-35.188,-0.156,0.043,1.059,-0.836,-0.328,0.828,0.076,0.026,1.273,1.343,2,NULL,NULL,,3,1,2,7,255,1380,250,0,0
stim,220027,250148,1,250148,3447459.455,-0.718,-0.044,0.037,0.694,93,138,2933,650,2975,2425,2719,2953,41,1.021,1,2255,1,53.689,0.885,-19.500,-31.938,-38.500,-0.129,0.027,1.043,-0.836,-0.289,0.648,0.078,0.026,1.273,1.343,2,NULL,NULL,,3,1,2,7,255,1380,250,0,0
stim,220027,250148,1,250148,3447464.453,-0.719,-0.043,0.035,0.693,29,92,2949,475,2983,2399,2739,2955,41,1.021,1,2255,1,53.490,0.816,-11.000,-35.125,-38.813,-0.102,0.023,1.043,-0.805,-0.133,0.473,0.076,0.028,1.273,1.343,2,NULL,NULL,,3,1,2,7,255,1380,250,0,0
stim,220027,250148,1,250148,3447469.455,-0.720,-0.042,0.034,0.691,0,46,2955,311,2995,2360,2759,2958,41,1.021,1,2255,1,56.309,0.815,-8.375,-37.813,-40.875,-0.070,0.070,1.066,-0.805,0.129,0.473,0.074,0.034,1.273,1.343,2,NULL,NULL,,3,1,2,7,255,1380,250,0,0
stim,220027,250148,1,250148,3447474.454,-0.721,-0.041,0.032,0.690,0,41,2963,201,3003,2326,2783,2968,41,1.021,1,2255,1,54.189,1.313,-3.375,-40.250,-36.125,-0.043,0.121,1.055,-1.246,0.414,0.457,0.070,0.040,1.273,1.343,2,NULL,NULL,,3,1,2,7,255,1380,250,0,0
stim,220063,250184,0,250184,3447479.455,-0.723,-0.040,0.031,0.689,0,21,2970,119,3007,2295,2809,2968,41,1.021,1,2255,1,55.689,1.313,-2.500,-42.938,-35.375,-0.121,0.008,1.078,-1.246,0.414,0.613,0.066,0.046,1.273,1.343,2,NULL,NULL,,3,0,2,7,255,1376,250,0,0
stim,220063,250184,0,250184,3447484.454,-0.723,-0.037,0.030,0.689,0,0,2983,103,3021,2283,2824,2973,41,1.021,1,2255,1,64.007,0.658,34.063,-53.625,-7.813,-0.379,-0.125,1.355,-0.641,-0.152,0.809,0.060,0.052,1.273,1.343,2,NULL,NULL,,3,0,2,7,255,1376,250,0,0
stim,220063,250184,0,250184,3447489.455,-0.723,-0.033,0.030,0.690,0,0,2989,81,3023,2248,2844,2983,41,1.021,1,2255,0,89.240,2.522,57.500,-67.500,10.063,-0.508,-0.133,1.746,0.410,-2.488,3.816,0.056,0.058,1.273,1.343,3,NULL,NULL,,3,0,2,7,255,1376,250,0,0
stim,220063,250184,0,250184,3447494.453,-0.723,-0.033,0.027,0.689,0,0,2991,53,3035,2207,2858,2973,41,1.021,1,2255,0,77.869,2.522,-33.625,-67.438,-19.625,-0.184,-0.113,1.508,0.410,-2.488,5.102,0.052,0.064,1.273,1.343,3,NULL,NULL,,3,0,2,7,255,1376,250,0,0
stim,220063,250184,0,250184,3447499.455,-0.724,-0.033,0.022,0.689,0,0,2992,0,3043,2163,2871,2983,41,1.021,1,2255,0,105.747,0.731,-77.500,-64.438,-32.000,-0.102,-0.203,0.949,0.410,-0.605,5.102,0.046,0.072,1.273,1.343,3,NULL,NULL,,3,0,2,7,255,1376,250,0,0
stim,220063,250184,0,250184,3447504.454,-0.724,-0.032,0.019,0.689,0,0,2996,0,3047,2087,2887,2973,41,1.021,1,2255,0,77.467,0.982,-24.563,-73.438,2.188,-0.121,-0.133,0.832,0.773,-0.605,-0.363,0.042,0.080,1.273,1.343,3,NULL,NULL,,3,0,2,7,255,1376,250,0,0
stim,220063,250184,0,250184,3447509.455,-0.723,-0.029,0.018,0.690,0,0,2991,0,3048,1993,2899,2975,41,1.021,1,2255,0,84.137,1.040,21.125,-79.688,16.813,-0.199,-0.102,0.973,0.773,-0.695,-0.363,0.036,0.086,1.273,1.343,3,NULL,NULL,,3,0,2,7,255,1376,250,0,0
stim,220063,250184,0,250184,3447514.453,-0.723,-0.026,0.016,0.690,0,0,2996,0,3061,1915,2914,2985,41,1.021,1,2255,0,86.883,1.562,25.500,-82.750,7.125,-0.238,-0.148,1.199,0.734,-1.379,-0.141,0.032,0.094,1.273,1.343,3,NULL,NULL,,3,0,2,7,255,1376,250,0,0
stim,220087,250208,0,250208,3447519.455,-0.723,-0.023,0.013,0.690,0,0,2991,0,3065,1823,2923,2981,41,1.021,1,2255,0,86.154,1.562,7.250,-85.813,2.500,-0.184,-0.246,1.324,0.734,-1.379,2.098,0.026,0.100,1.273,1.343,3,NULL,NULL,,3,0,2,7,255,1376,250,0,0
stim,220087,250208,0,250208,3447524.454,-0.723,-0.021,0.010,0.691,0,0,2983,0,3063,1691,2927,2975,41,1.021,1,2255,0,90.286,2.056,-11.938,-88.625,12.438,-0.133,-0.238,1.203,1.629,-1.254,2.105,0.024,0.108,1.273,1.343,3,NULL,NULL,,3,0,2,7,255,1376,250,0,0
stim,220087,250208,0,250208,3447529.455,-0.722,-0.019,0.007,0.691,0,0,2983,0,3066,1613,2940,2971,41,1.021,1,2255,0,94.880,1.918,-15.625,-91.688,18.750,-0.133,-0.160,1.043,1.629,-1.012,2.105,0.024,0.112,1.273,1.343,3,NULL,NULL,,3,0,2,7,255,1376,250,0,0
stim,220087,250208,0,250208,3447534.454,-0.721,-0.017,0.004,0.692,0,0,2971,0,3080,1468,2949,2979,41,1.021,1,2255,0,97.030,1.387,-8.313,-94.813,18.875,-0.168,-0.055,1.016,0.949,-1.012,0.531,0.026,0.118,1.273,1.343,3,NULL,NULL,,3,0,2,7,255,1376,250,0,0
stim,220110,250232,0,250232,3447539.455,-0.721,-0.013,0.001,0.693,0,0,2957,0,3077,1309,2951,2966,41,1.021,1,2255,0,99.725,1.425,10.813,-98.625,10.063,-0.203,0.016,1.020,-0.094,-1.422,0.211,0.028,0.122,1.273,1.343,3,NULL,NULL,,3,0,2,7,255,1376,250,0,0
stim,220110,250232,0,250232,3447544.453,-0.721,-0.009,-0.001,0.693,0,0,2961,0,3091,1148,2969,2969,41,1.021,1,2255,0,106.744,1.725,28.250,-102.938,-0.188,-0.176,-0.008,1.074,-0.578,-1.625,0.211,0.034,0.126,1.273,1.343,3,NULL,NULL,,3,0,2,7,255,1376,250,0,0
stim,220110,250232,0,250232,3447549.455,-0.721,-0.005,-0.003,0.693,0,0,2935,0,3081,983,2970,2961,41,1.021,1,2255,0,112.719,1.798,34.813,-107.000,-6.688,-0.117,0.012,1.199,-0.770,-1.625,0.723,0.042,0.128,1.273,1.343,3,NULL,NULL,,3,0,2,7,255,1376,250,0,0
stim,220111,250232,0,250232,3447554.454,-0.721,-0.001,-0.006,0.693,0,0,2919,0,3083,758,2971,2941,41,1.021,1,2255,0,113.912,1.306,26.875,-110.688,-1.375,-0.070,0.004,1.289,-0.656,-1.129,1.934,0.050,0.132,1.273,1.343,3,NULL,NULL,,3,0,2,7,255,1376,250,0,0
stim,220111,250232,0,250232,3447559.457,-0.721,0.003,-0.009,0.693,0,0,2903,0,3097,631,2976,2935,41,1.021,1,2255,0,116.412,1.366,16.188,-115.125,6.000,-0.105,0.027,1.281,-0.770,-1.129,2.719,0.060,0.136,1.273,1.343,3,NULL,NULL,,3,0,2,7,255,1376,250,0,0
stim,220111,250232,0,250232,3447564.453,-0.720,0.007,-0.012,0.693,0,0,2888,0,3091,489,2988,2923,41,1.021,1,2255,0,120.581,1.534,11.688,-119.813,6.938,-0.156,0.098,1.285,-0.895,-1.246,2.719,0.068,0.140,1.273,1.343,3,NULL,NULL,,3,0,2,7,255,1376,250,0,0
stim,220163,250284,0,250284,3447569.455,-0.720,0.011,-0.016,0.694,0,0,2859,0,3087,299,2989,2904,41,1.021,1,2255,0,125.516,2.418,7.375,-125.250,3.500,-0.141,0.184,1.301,-1.605,-1.809,2.719,0.078,0.146,1.273,1.343,3,NULL,NULL,,3,0,2,7,255,1376,250,0,0
stim,220163,250284,0,250284,3447574.454,-0.720,0.015,-0.019,0.694,0,0,2838,0,3087,148,2999,2887,41,1.021,1,2255,0,131.002,3.013,3.438,-130.938,2.250,-0.098,0.219,1.313,-2.410,-1.809,2.797,0.090,0.152,1.273,1.343,3,NULL,NULL,,3,0,2,7,255,1376,250,0,0
stim,220163,250284,0,250284,3447579.455,-0.719,0.019,-0.023,0.694,0,0,2807,0,3083,61,2997,2861,41,1.021,1,2255,0,136.452,3.120,-5.563,-136.125,7.625,-0.063,0.215,1.367,-2.723,-1.523,2.918,0.100,0.160,1.273,1.343,3,NULL,NULL,,3,0,2,7,255,1376,250,0,0
stim,220163,250284,0,250284,3447584.454,-0.719,0.023,-0.028,0.694,0,0,2769,0,3081,19,3003,2824,41,1.021,1,2255,0,143.334,3.140,-17.063,-141.625,14.000,-0.094,0.254,1.422,-2.746,-1.523,3.457,0.112,0.170,1.273,1.343,3,NULL,NULL,,3,0,2,7,255,1376,250,0,0
stim,220163,250284,0,250284,3447589.455,-0.718,0.027,-0.034,0.695,0,0,2727,0,3087,0,3015,2803,41,1.021,1,2255,0,151.618,3.647,-25.500,-148.875,13.188,-0.156,0.254,1.504,-3.145,-1.848,3.906,0.126,0.182,1.273,1.343,3,NULL,NULL,,3,0,2,7,255,1376,250,0,0
stim,220163,250284,0,250284,3447594.453,-0.717,0.030,-0.040,0.695,0,0,2673,0,3069,0,3004,2741,41,1.021,1,2255,0,159.707,4.154,-37.625,-155.063,6.813,-0.203,0.215,1.434,-3.145,-2.715,3.906,0.140,0.194,1.273,1.343,3,NULL,NULL,,3,0,2,7,255,1376,250,0,0
stim,220163,250284,0,250284,3447599.455,-0.717,0.034,-0.046,0.695,0,0,2621,0,3067,0,3017,2697,41,1.021,1,2255,0,165.069,4.374,-41.313,-159.813,-0.938,-0.141,0.242,1.500,-3.227,-2.953,4.512,0.156,0.208,1.273,1.343,3,NULL,NULL,,3,0,2,7,255,1376,250,0,0
stim,220163,250284,0,250284,3447604.454,-0.716,0.038,-0.052,0.695,0,0,2567,0,3062,0,3007,2649,41,1.021,1,2255,0,171.924,4.391,-34.250,-168.375,5.875,-0.160,0.172,1.637,-2.883,-3.313,4.512,0.172,0.226,1.273,1.343,3,NULL,NULL,,3,0,2,7,255,1376,250,0,0
stim,220181,250302,0,250302,3447609.455,-0.715,0.042,-0.059,0.695,0,0,2507,0,3044,0,2999,2577,41,1.021,1,2255,0,187.687,4.445,-38.313,-182.250,23.313,-0.223,0.156,1.770,-2.684,-3.543,5.793,0.192,0.248,1.273,1.343,3,NULL,NULL,,3,0,2,7,255,1376,250,0,0
stim,220181,250302,0,250302,3447614.454,-0.713,0.046,-0.066,0.696,0,0,2437,0,3031,0,3005,2501,41,1.021,1,2255,0,202.086,5.313,-50.813,-192.875,32.500,-0.305,0.238,1.871,-2.684,-4.586,6.953,0.216,0.272,1.273,1.343,3,NULL,NULL,,3,0,2,7,255,1376,250,0,0
stim,220181,250302,0,250302,3447619.455,-0.712,0.050,-0.075,0.697,0,0,2349,0,3022,0,3003,2379,41,1.021,1,2255,0,224.013,6.637,-78.125,-207.063,34.688,-0.430,0.188,1.781,-3.203,-5.813,6.953,0.240,0.298,1.273,1.343,3,NULL,NULL,,3,0,2,7,255,1376,250,0,0
stim,220181,250302,0,250302,3447624.454,-0.710,0.054,-0.084,0.697,0,0,2275,0,3005,0,2989,2257,41,1.021,1,2255,0,234.199,7.880,-76.750,-220.563,17.625,-0.520,0.160,1.766,-3.203,-7.199,6.492,0.266,0.326,1.273,1.343,3,NULL,NULL,,3,0,2,7,255,1376,250,0,0
stim,220181,250302,0,250302,3447629.455,-0.709,0.059,-0.094,0.696,0,0,2185,0,2983,0,2968,2131,41,1.021,1,2255,0,252.077,8.834,-80.250,-238.750,10.063,-0.453,0.156,1.863,-3.180,-8.242,6.492,0.296,0.358,1.273,1.343,3,NULL,NULL,,3,0,2,7,255,1376,250,0,0
stim,220181,250302,0,250302,3447634.455,-0.708,0.063,-0.105,0.696,0,0,2095,0,2967,0,2951,1980,41,1.021,1,2255,0,271.016,8.834,-91.500,-254.938,9.188,-0.422,0.215,1.840,-3.180,-8.242,6.484,0.328,0.392,1.273,1.343,3,NULL,NULL,,3,0,2,7,255,1376,250,0,0
stim,220213,250334,0,250334,3447639.454,-0.706,0.069,-0.116,0.695,0,0,2007,0,2940,9,2925,1846,41,1.021,1,2255,0,290.756,9.092,-94.688,-274.813,7.188,-0.332,0.375,1.883,-3.855,-8.234,6.730,0.360,0.428,1.273,1.343,3,NULL,NULL,,3,0,2,7,255,1376,250,0,0
stim,220213,250334,0,250334,3447644.453,-0.704,0.074,-0.128,0.694,0,0,1895,0,2907,17,2891,1715,41,1.021,1,2255,0,309.172,9.654,-101.750,-291.500,16.188,-0.301,0.492,1.867,-5.605,-7.859,6.484,0.398,0.466,1.273,1.343,3,NULL,NULL,,3,0,2,7,255,1376,250,0,0
stim,220213,250334,0,250334,3447649.455,-0.702,0.081,-0.141,0.694,0,0,1799,0,2869,22,2844,1605,41,1.021,1,2255,0,321.116,10.434,-85.875,-309.000,16.125,-0.406,0.523,2.035,-6.863,-7.859,6.730,0.442,0.512,1.273,1.343,3,NULL,NULL,,3,0,2,7,255,1376,250,0,0
stim,220213,250334,0,250334,3447654.453,-0.699,0.088,-0.153,0.693,0,0,1721,0,2826,6,2790,1479,41,1.021,1,2255,0,334.262,12.329,-83.500,-323.250,16.375,-0.492,0.664,2.340,-7.500,-9.785,7.234,0.492,0.562,1.273,1.343,3,NULL,NULL,,3,0,2,7,255,1376,250,0,0
stim,220234,250355,0,250355,3447659.454,-0.697,0.095,-0.167,0.691,0,0,1596,0,2764,1,2711,1349,41,1.021,1,2255,0,355.352,15.227,-99.000,-341.125,10.375,-0.652,0.734,2.598,-9.344,-12.023,9.242,0.548,0.620,1.273,1.343,3,NULL,NULL,,3,0,2,7,255,1376,250,0,0
stim,220234,250355,0,250355,3447664.454,-0.695,0.101,-0.182,0.689,0,0,1490,0,2707,0,2617,1223,41,1.021,1,2255,0,383.630,17.526,-147.250,-354.188,-6.375,-0.516,0.785,2.527,-10.512,-14.023,9.668,0.614,0.684,1.273,1.343,3,NULL,NULL,,3,0,2,7,255,1376,250,0,0
stim,220234,250355,0,250355,3447669.455,-0.693,0.107,-0.198,0.685,0,0,1339,0,2635,0,2485,1121,41,1.021,1,2255,0,401.186,17.526,-166.313,-364.000,-28.188,-0.391,0.438,2.316,-10.512,-14.023,9.668,0.686,0.756,1.273,1.343,3,NULL,NULL,,3,0,2,7,255,1376,250,0,0
stim,220234,250355,0,250355,3447674.454,-0.690,0.114,-0.214,0.682,0,0,1181,0,2520,0,2309,995,41,1.021,1,2255,0,403.800,15.101,-156.438,-371.875,-17.063,-0.367,0.375,2.254,-7.828,-12.914,8.246,0.758,0.828,1.273,1.343,3,NULL,NULL,,3,0,2,7,255,1376,250,0,0
stim,220264,250385,0,250385,3447679.455,-0.687,0.120,-0.230,0.679,0,0,1005,0,2403,0,2085,919,41,1.021,1,2255,0,422.518,14.891,-167.938,-387.500,12.750,-0.480,0.207,2.148,-7.414,-12.914,7.371,0.832,0.902,1.273,1.343,3,NULL,NULL,,3,0,2,7,255,1376,250,0,0
stim,220264,250385,0,250385,3447684.454,-0.683,0.126,-0.248,0.676,0,0,777,0,2221,0,1797,813,41,1.021,1,2255,0,441.030,14.590,-180.000,-402.313,15.875,-0.426,-0.004,1.965,-5.820,-13.379,5.719,0.902,0.974,1.273,1.343,3,NULL,NULL,,3,0,2,7,255,1376,250,0,0
stim,220264,250385,0,250385,3447689.455,-0.678,0.133,-0.265,0.672,0,0,556,0,2008,0,1454,733,41,1.021,1,2255,0,450.587,13.886,-174.438,-415.375,8.000,-0.254,-0.332,1.500,-3.719,-13.379,4.266,0.966,1.038,1.273,1.343,3,NULL,NULL,,3,0,2,7,255,1376,250,0,0
stim,220264,250385,0,250385,3447694.454,-0.673,0.141,-0.282,0.669,0,0,365,0,1766,0,969,584,41,1.021,1,2255,0,447.235,10.254,-138.688,-424.625,21.875,0.082,-0.449,1.027,0.066,-10.254,1.523,1.020,1.098,1.273,1.343,3,NULL,NULL,,3,0,2,7,255,1376,250,0,0
stim,220264,250385,0,250385,3447699.455,-0.667,0.151,-0.296,0.667,0,0,249,0,1460,0,457,499,41,1.021,1,2255,0,432.096,5.687,-52.313,-428.375,21.563,0.293,-0.422,0.961,1.652,-5.441,0.070,1.072,1.150,1.273,1.343,3,NULL,NULL,,3,0,2,7,255,1376,250,0,0
stim,220264,250385,0,250385,3447704.453,-0.659,0.165,-0.308,0.666,0,0,199,0,1193,0,197,435,41,1.021,1,2255,0,441.456,5.687,56.188,-435.688,43.625,0.191,-0.254,1.535,1.652,-5.441,0.070,1.118,1.202,1.273,1.343,3,NULL,NULL,,3,0,2,7,255,1376,250,0,0
stim,220264,250385,0,250385,3447709.455,-0.650,0.179,-0.319,0.666,0,0,135,0,803,0,0,343,41,1.021,1,2255,0,454.685,8.258,77.438,-442.688,69.063,-0.074,0.121,2.309,-1.074,-8.188,3.188,1.174,1.258,1.273,1.343,3,NULL,NULL,,3,0,2,7,255,1376,250,0,0
stim,220264,250385,0,250385,3447714.454,-0.641,0.190,-0.332,0.666,0,0,110,0,373,0,0,287,41,1.021,1,2255,0,452.376,16.406,5.063,-442.500,93.875,-0.285,0.152,2.605,-5.879,-15.316,5.891,1.240,1.324,1.273,1.343,3,NULL,NULL,,3,0,2,7,255,1376,250,0,0
stim,220264,250385,0,250385,3447719.455,-0.631,0.197,-0.348,0.665,0,0,103,0,90,0,0,178,41,1.021,1,2255,0,472.228,19.376,-99.688,-438.938,142.813,-0.449,0.270,2.199,-6.410,-18.285,5.891,1.314,1.402,1.273,1.343,3,NULL,NULL,,3,0,2,7,255,1376,250,0,0
stim,220264,250385,0,250385,3447724.454,-0.621,0.202,-0.366,0.663,0,0,93,0,0,0,0,105,41,1.021,1,2255,0,487.047,19.426,-181.875,-425.813,151.063,-0.543,0.691,1.512,-6.559,-18.285,0.988,1.396,1.484,1.273,1.343,3,NULL,NULL,,3,0,2,7,255,1376,250,0,0
stim,220294,250415,0,250415,3447729.455,-0.612,0.206,-0.384,0.660,0,0,87,0,0,0,0,55,41,1.021,1,2255,0,470.455,16.778,-202.250,-403.813,131.750,-0.520,1.121,1.008,-9.066,-14.117,-5.875,1.484,1.574,1.273,1.343,4,NULL,NULL,,3,0,2,7,255,1376,250,0,0
stim,220294,250415,0,250415,3447734.453,-0.604,0.210,-0.401,0.657,0,0,73,0,0,0,0,20,41,1.021,1,2255,0,441.269,15.759,-184.188,-384.500,113.813,-0.629,1.313,0.945,-12.043,-10.164,-10.535,1.574,1.664,1.273,1.343,0,NULL,NULL,,3,0,2,7,255,1376,250,0,0
stim,220294,250415,0,250415,3447739.455,-0.595,0.213,-0.416,0.653,0,0,79,0,0,0,0,18,41,1.021,1,2255,0,426.352,15.759,-179.375,-370.625,110.625,-0.820,1.035,1.164,-12.043,-10.164,-12.824,1.664,1.754,1.273,1.343,0,NULL,NULL,,3,0,2,7,255,1376,250,0,0
stim,220294,250415,0,250415,3447744.454,-0.588,0.215,-0.433,0.649,0,0,89,0,0,0,0,25,41,1.021,1,2255,0,432.408,17.086,-228.938,-352.813,100.438,-0.762,0.691,1.266,-10.926,-13.137,-12.824,1.758,1.848,1.273,1.343,0,NULL,NULL,,3,0,2,7,255,1376,250,0,0
stim,220317,250438,0,250438,3447749.455,-0.583,0.216,-0.449,0.642,0,0,89,0,0,0,0,51,41,1.021,1,2255,0,418.749,15.416,-272.063,-316.250,36.313,-0.336,0.309,1.125,-8.066,-13.137,-11.410,1.850,1.938,1.273,1.343,0,NULL,NULL,,3,0,2,7,255,1376,250,0,0
stim,220317,250438,0,250438,3447754.453,-0.580,0.218,-0.463,0.634,0,0,92,0,0,0,0,74,41,1.021,1,2255,0,359.155,11.860,-242.563,-264.813,-5.500,-0.133,-0.176,1.020,-5.199,-10.660,-8.031,1.934,2.022,1.273,1.343,0,NULL,NULL,,3,0,2,7,255,1376,250,0,0
stim,220317,250438,0,250438,3447759.455,-0.576,0.218,-0.474,0.629,0,0,89,0,0,0,0,120,41,1.021,1,2255,0,309.407,10.795,-207.375,-228.813,19.313,-0.219,-0.195,1.313,-1.699,-10.660,-5.613,2.010,2.098,1.273,1.343,0,NULL,NULL,,3,0,2,7,255,1376,250,0,0
stim,220317,250438,0,250438,3447764.454,-0.574,0.216,-0.486,0.622,0,0,86,0,0,0,0,136,41,1.021,1,2255,0,306.230,12.387,-247.188,-179.625,20.250,-0.375,0.043,1.383,-1.699,-12.270,-5.613,2.080,2.168,1.273,1.343,0,NULL,NULL,,3,0,2,7,255,1376,250,0,0
stim,220317,250438,0,250438,3447769.455,-0.575,0.211,-0.497,0.615,0,0,89,0,0,0,0,153,41,1.021,1,2255,0,338.030,12.866,-317.063,-117.188,-1.688,-0.320,0.246,0.797,-3.871,-12.270,-7.250,2.140,2.230,1.273,1.343,0,NULL,NULL,,3,0,2,7,255,1376,250,0,0
stim,220317,250438,0,250438,3447774.454,-0.577,0.204,-0.507,0.607,0,0,87,0,0,0,0,148,41,1.021,1,2255,0,334.522,8.708,-330.688,-50.188,-5.625,-0.141,0.430,-0.180,-3.871,-7.801,-10.199,2.184,2.274,1.273,1.343,0,NULL,NULL,,3,0,2,7,255,1376,250,0,0
stim,220362,250483,0,250483,3447779.455,-0.579,0.197,-0.514,0.601,0,0,83,0,0,0,0,139,41,1.021,1,2255,0,260.800,3.310,-260.313,15.938,0.000,-0.043,0.574,-0.828,-2.879,1.633,-13.301,2.212,2.302,1.273,1.343,0,NULL,NULL,,3,0,2,7,255,1376,250,0,0
stim,220362,250483,0,250483,3447784.453,-0.582,0.192,-0.516,0.598,0,0,85,0,0,0,0,137,41,1.021,1,2255,0,163.434,8.038,-147.375,70.625,1.813,-0.063,0.445,-0.945,-1.824,7.828,-15.531,2.224,2.314,1.273,1.343,0,NULL,NULL,,3,0,2,7,255,1376,250,0,0
stim,220362,250483,0,250483,3447789.455,-0.585,0.188,-0.514,0.598,0,0,71,0,0,0,0,125,41,1.021,1,2255,0,125.925,7.829,-56.313,112.625,1.250,-0.086,0.121,-0.602,-0.098,7.828,-15.531,2.218,2.306,1.273,1.343,0,NULL,NULL,,3,0,2,7,255,1376,250,0,0
stim,220362,250483,0,250483,3447794.454,-0.588,0.183,-0.511,0.599,0,0,67,0,0,0,0,114,41,1.021,1,2255,0,148.008,4.899,-24.063,145.188,15.750,-0.094,-0.094,-0.336,1.461,4.676,-13.281,2.202,2.290,1.273,1.343,0,NULL,NULL,,3,0,2,7,255,1376,250,0,0
stim,220362,250483,0,250483,3447799.455,-0.591,0.177,-0.508,0.601,0,0,57,0,0,0,0,101,41,1.021,1,2255,0,174.169,2.997,-13.375,169.000,39.938,-0.152,-0.086,-0.352,2.293,1.930,-12.090,2.184,2.272,1.273,1.343,0,NULL,NULL,,3,0,2,7,255,1376,250,0,0
stim,220362,250483,0,250483,3447804.453,-0.594,0.172,-0.503,0.604,0,0,53,0,0,0,0,88,41,1.021,1,2255,0,193.424,2.997,18.000,183.000,60.000,-0.234,0.035,-0.488,2.293,1.930,-12.090,2.168,2.256,1.273,1.343,0,NULL,NULL,,3,0,2,7,255,1376,250,0,0
stim,220362,250483,0,250483,3447809.455,-0.596,0.167,-0.497,0.609,0,0,39,0,0,0,0,77,41,1.021,1,2255,0,215.599,3.008,68.063,191.625,71.625,-0.309,0.156,-0.449,2.137,2.117,-13.840,2.154,2.244,1.273,1.343,0,NULL,NULL,,3,0,2,7,255,1376,250,0,0
stim,220362,250483,0,250483,3447814.453,-0.598,0.163,-0.489,0.614,0,0,39,0,0,0,0,69,41,1.021,1,2255,0,238.483,2.390,111.688,197.688,72.938,-0.387,0.289,-0.297,1.109,2.117,-14.805,2.144,2.234,1.273,1.343,0,NULL,NULL,,3,0,2,7,255,1376,250,0,0
stim,220383,250504,0,250504,3447819.455,-0.599,0.160,-0.480,0.620,0,0,30,0,0,0,0,58,41,1.021,1,2255,0,257.370,0.826,138.125,205.188,71.125,-0.371,0.320,-0.086,-0.480,0.672,-14.805,2.136,2.228,1.273,1.343,0,NULL,NULL,,3,0,2,7,255,1376,250,0,0
stim,220383,250504,0,250504,3447824.454,-0.601,0.156,-0.471,0.627,0,0,20,0,0,0,0,55,41,1.021,1,2255,0,269.989,1.919,147.688,211.688,79.188,-0.359,0.328,0.043,-1.691,-0.906,-14.352,2.136,2.226,1.273,1.343,0,NULL,NULL,,3,0,2,7,255,1376,250,0,0
stim,220383,250504,0,250504,3447829.455,-0.602,0.153,-0.462,0.634,0,0,11,0,0,0,0,57,41,1.021,1,2255,0,282.095,2.978,154.750,217.625,90.938,-0.418,0.305,0.145,-2.285,-1.910,-13.641,2.140,2.230,1.273,1.343,0,NULL,NULL,,3,0,2,7,255,1376,250,0,0
stim,220383,250504,0,250504,3447834.453,-0.603,0.149,-0.452,0.641,0,0,7,0,0,0,0,55,41,1.021,1,2255,0,290.095,3.955,162.750,222.000,91.563,-0.523,0.305,0.258,-2.383,-3.156,-13.461,2.154,2.244,1.273,1.343,0,NULL,NULL,,3,0,2,7,255,1376,250,0,0
stim,220411,250532,0,250532,3447839.455,-0.604,0.146,-0.441,0.647,0,0,5,0,0,0,0,57,41,1.021,1,2255,0,293.009,5.415,167.813,226.125,81.000,-0.586,0.293,0.406,-2.570,-4.766,-13.391,2.174,2.264,1.273,1.343,0,NULL,NULL,,3,0,2,7,255,1376,250,0,0
stim,220411,250532,0,250532,3447844.454,-0.606,0.142,-0.431,0.653,0,0,5,0,0,0,0,59,41,1.021,1,2255,0,292.391,6.987,166.375,231.063,66.500,-0.609,0.266,0.543,-2.859,-6.375,-12.941,2.198,2.290,1.273,1.343,0,NULL,NULL,,3,0,2,7,255,1376,250,0,0
stim,220411,250532,0,250532,3447849.455,-0.608,0.139,-0.420,0.659,0,0,2,0,0,0,0,60,41,1.021,1,2255,0,291.991,8.221,164.375,235.563,52.438,-0.621,0.238,0.629,-3.055,-7.633,-12.051,2.230,2.322,1.273,1.343,0,NULL,NULL,,3,0,2,7,255,1376,250,0,0
stim,220411,250533,0,250533,3447854.453,-0.611,0.136,-0.409,0.664,0,0,0,0,0,0,0,57,41,1.021,1,2255,0,290.303,8.931,159.500,239.625,37.625,-0.633,0.242,0.773,-3.059,-8.391,-11.301,2.270,2.362,1.273,1.343,0,NULL,NULL,,3,0,2,7,255,1376,250,0,0
stim,220411,250533,0,250533,3447859.457,-0.614,0.132,-0.399,0.669,0,0,0,0,0,0,0,61,41,1.021,1,2255,0,284.103,10.134,143.313,244.375,21.375,-0.625,0.230,0.902,-3.527,-9.500,-10.297,2.314,2.406,1.273,1.343,0,NULL,NULL,,3,0,2,7,255,1376,250,0,0
stim,220411,250533,0,250533,3447864.453,-0.617,0.128,-0.388,0.672,0,0,0,0,0,0,0,69,41,1.021,1,2255,0,277.880,11.048,121.000,250.125,3.688,-0.590,0.203,0.965,-3.891,-10.340,-9.152,2.362,2.456,1.273,1.343,0,NULL,NULL,,3,0,2,7,255,1376,250,0,0
stim,220463,250584,0,250584,3447869.455,-0.622,0.124,-0.379,0.674,0,0,0,0,0,0,0,71,41,1.021,1,2255,0,275.410,11.048,98.563,256.875,-12.313,-0.527,0.168,0.965,-3.891,-10.340,-8.160,2.412,2.506,1.273,1.343,0,NULL,NULL,,3,0,2,7,255,1376,250,0,0
stim,220463,250584,0,250584,3447874.454,-0.627,0.119,-0.369,0.676,0,0,0,0,0,0,0,96,41,1.021,1,2255,0,277.757,10.714,81.750,264.250,-25.250,-0.484,0.156,0.922,-3.742,-10.039,-7.402,2.466,2.562,1.273,1.343,0,NULL,NULL,,3,0,2,7,255,1376,250,0,0
stim,220463,250584,0,250584,3447879.455,-0.632,0.113,-0.359,0.677,0,0,0,0,0,0,0,106,41,1.021,1,2255,0,283.685,10.052,70.375,272.125,-38.375,-0.445,0.152,0.875,-3.605,-9.383,-7.113,2.520,2.616,1.273,1.343,0,NULL,NULL,,3,0,2,7,255,1376,250,0,0
stim,220463,250584,0,250584,3447884.453,-0.638,0.108,-0.349,0.678,0,0,0,0,0,0,0,107,41,1.021,1,2255,0,292.067,9.407,62.813,280.625,-51.063,-0.387,0.098,0.801,-3.523,-8.723,-6.941,2.572,2.668,1.273,1.343,0,NULL,NULL,,3,0,2,7,255,1376,250,0,0
stim,220463,250584,0,250584,3447889.455,-0.644,0.102,-0.339,0.678,0,0,0,0,0,0,0,109,41,1.021,1,2255,0,301.541,8.311,61.063,289.250,-59.438,-0.328,0.031,0.711,-2.930,-7.777,-6.727,2.622,2.720,1.273,1.343,0,NULL,NULL,,3,0,2,7,255,1376,250,0,0
stim,220463,250584,0,250584,3447894.454,-0.650,0.096,-0.328,0.679,0,0,0,0,0,0,0,114,41,1.021,1,2255,0,311.632,7.066,67.688,297.438,-63.750,-0.285,0.008,0.621,-2.176,-6.723,-6.727,2.664,2.760,1.273,1.343,0,NULL,NULL,,3,0,2,7,255,1376,250,0,0
stim,220483,250604,0,250604,3447899.455,-0.656,0.091,-0.317,0.679,0,0,0,0,0,0,0,119,41,1.021,1,2255,0,322.712,6.067,81.813,304.688,-67.938,-0.223,0.004,0.559,-1.766,-5.805,-6.785,2.698,2.794,1.273,1.343,0,NULL,NULL,,3,0,2,7,255,1376,250,0,0
stim,220483,250604,0,250604,3447904.454,-0.662,0.086,-0.305,0.679,0,0,0,0,0,0,0,119,41,1.021,1,2255,0,334.558,5.135,100.875,311.000,-70.938,-0.102,-0.059,0.500,-1.613,-4.875,-6.785,2.726,2.824,1.273,1.343,0,NULL,NULL,,3,0,2,7,255,1376,250,0,0
stim,220483,250604,0,250604,3447909.455,-0.668,0.081,-0.292,0.680,0,0,0,0,0,0,0,134,41,1.021,1,2255,0,344.498,3.657,127.125,314.063,-62.313,-0.031,-0.105,0.477,-0.992,-3.520,-6.281,2.752,2.848,1.273,1.343,0,NULL,NULL,,3,0,2,7,255,1376,250,0,0
stim,220483,250604,0,250604,3447914.453,-0.673,0.077,-0.278,0.681,0,0,0,0,0,0,0,134,41,1.021,1,2255,0,355.220,3.134,158.125,314.000,-50.813,-0.035,-0.004,0.559,-0.992,-2.973,-5.852,2.772,2.870,1.273,1.343,0,NULL,NULL,,3,0,2,7,255,1376,250,0,0
stim,220483,250604,0,250604,3447919.455,-0.678,0.074,-0.263,0.683,0,0,0,0,0,0,0,134,41,1.021,1,2255,0,366.082,3.411,183.375,313.375,-46.750,-0.027,0.055,0.680,-1.672,-2.973,-5.469,2.792,2.888,1.273,1.343,0,NULL,NULL,,3,0,2,7,255,1376,250,0,0
stim,220483,250604,0,250604,3447924.454,-0.682,0.071,-0.247,0.684,0,0,0,0,0,0,0,133,41,1.021,1,2255,0,373.277,4.097,201.813,311.688,-38.188,0.004,0.027,0.793,-2.438,-3.293,-4.484,2.810,2.906,1.273,1.343,0,NULL,NULL,,3,0,2,7,255,1376,250,0,0
stim,220483,250604,0,250604,3447929.455,-0.686,0.069,-0.232,0.686,0,0,0,0,0,0,0,137,41,1.021,1,2255,0,380.966,4.200,219.188,310.313,-28.250,-0.031,0.070,0.867,-2.500,-3.375,-3.184,2.830,2.924,1.273,1.343,0,NULL,NULL,,3,0,2,7,255,1376,250,0,0
stim,220483,250604,0,250604,3447934.453,-0.689,0.067,-0.215,0.689,0,0,0,0,0,0,0,136,41,1.021,1,2255,0,390.327,4.765,236.500,309.563,-24.375,-0.051,0.059,1.008,-2.895,-3.785,-2.672,2.850,2.944,1.273,1.343,0,NULL,NULL,,3,0,2,7,255,1376,250,0,0
stim,220512,250633,0,250633,3447939.455,-0.692,0.065,-0.198,0.691,0,0,0,0,0,0,0,139,41,1.021,1,2255,0,397.068,5.221,248.000,309.438,-20.188,-0.098,0.094,1.168,-2.949,-4.309,-1.352,2.872,2.968,1.273,1.343,0,NULL,NULL,,3,0,2,7,255,1376,250,0,0
stim,220512,250633,0,250633,3447944.453,-0.695,0.064,-0.181,0.693,0,0,0,0,0,0,0,137,41,1.021,1,2255,0,397.501,6.074,247.813,310.313,-17.375,-0.098,0.070,1.383,-3.367,-5.055,0.012,2.898,2.992,1.273,1.343,0,NULL,NULL,,3,0,2,7,255,1376,250,0,0
stim,220512,250633,0,250633,3447949.455,-0.697,0.062,-0.165,0.695,0,0,0,0,0,0,0,136,41,1.021,1,2255,0,390.783,6.476,237.750,309.938,-11.188,-0.176,0.109,1.531,-3.395,-5.516,2.219,2.924,3.018,1.273,1.343,0,NULL,NULL,,3,0,2,7,255,1376,250,0,0
stim,220512,250633,0,250633,3447954.454,-0.699,0.059,-0.148,0.697,0,0,0,0,0,0,0,139,41,1.021,1,2255,0,383.290,7.362,225.438,309.625,-14.875,-0.246,0.168,1.660,-3.723,-6.352,3.480,2.954,3.048,1.273,1.343,0,NULL,NULL,,3,0,2,7,255,1376,250,0,0
stim,220512,250633,0,250633,3447959.455,-0.702,0.057,-0.132,0.697,0,0,0,0,0,0,0,137,41,1.021,1,2255,0,374.759,8.085,209.813,309.250,-28.063,-0.262,0.164,1.754,-4.031,-7.008,4.629,2.988,3.078,1.273,1.343,0,NULL,NULL,,3,0,2,7,255,1376,250,0,0
stim,220512,250633,0,250633,3447964.453,-0.705,0.053,-0.117,0.698,0,0,0,0,0,0,0,139,41,1.021,1,2255,0,365.161,8.085,192.063,308.375,-36.875,-0.211,0.102,1.813,-4.031,-7.008,5.699,3.020,3.110,1.273,1.343,0,NULL,NULL,,3,0,2,7,255,1376,250,0,0
stim,220535,250656,0,250656,3447969.455,-0.707,0.050,-0.102,0.698,0,0,0,0,0,0,0,150,41,1.021,1,2255,0,351.959,7.055,166.625,308.000,-35.313,-0.148,0.051,1.891,-3.234,-6.270,6.695,3.054,3.142,1.273,1.343,0,NULL,NULL,,3,0,2,7,255,1376,250,0,0
stim,220535,250656,0,250656,3447974.454,-0.709,0.044,-0.089,0.698,0,0,0,0,0,0,0,152,41,1.021,1,2255,0,335.801,5.974,134.188,306.438,-29.188,-0.145,0.063,1.840,-2.559,-5.398,7.504,3.086,3.176,1.273,1.343,0,NULL,NULL,,3,0,2,7,255,1376,250,0,0
stim,220563,250684,0,250684,3447979.455,-0.711,0.039,-0.076,0.698,0,0,0,0,0,0,0,151,41,1.021,1,2255,0,327.320,5.351,116.750,304.125,-31.875,-0.184,0.094,1.691,-2.418,-4.773,7.504,3.118,3.206,1.273,1.343,0,NULL,NULL,,3,0,2,7,255,1376,250,0,0
stim,220563,250684,0,250684,3447984.454,-0.714,0.034,-0.063,0.697,0,0,0,0,0,0,0,155,41,1.021,1,2255,0,325.057,5.077,115.375,301.063,-41.375,-0.145,0.020,1.598,-2.410,-4.469,6.125,3.150,3.236,1.273,1.343,0,NULL,NULL,,3,0,2,7,255,1376,250,0,0
stim,220563,250684,0,250684,3447989.455,-0.716,0.028,-0.050,0.696,0,0,4,0,0,0,0,153,41,1.021,1,2255,0,321.875,3.837,118.188,296.563,-41.063,-0.074,-0.039,1.598,-1.465,-3.547,5.664,3.178,3.262,1.273,1.343,0,NULL,NULL,,3,0,2,7,255,1376,250,0,0
stim,220563,250684,0,250684,3447994.453,-0.718,0.023,-0.037,0.695,0,0,9,0,0,0,0,153,41,1.021,1,2255,0,316.329,2.603,113.500,293.250,-34.438,-0.055,-0.020,1.613,-0.727,-2.500,5.664,3.202,3.286,1.273,1.343,0,NULL,NULL,,3,0,2,7,255,1376,250,0,0
stim,220563,250684,0,250684,3447999.455,-0.719,0.018,-0.025,0.694,0,0,8,0,0,0,0,153,41,1.021,1,2255,0,310.627,2.044,109.625,289.313,-27.750,-0.086,-0.031,1.563,-0.695,-1.922,5.664,3.224,3.306,1.273,1.343,0,NULL,NULL,,3,0,2,7,255,1376,250,0,0
stim,220563,250684,0,250684,3448004.454,-0.720,0.013,-0.012,0.694,0,0,8,0,0,0,0,157,41,1.021,1,2255,0,307.385,1.830,116.375,283.563,-23.125,-0.113,-0.070,1.539,-0.453,-1.773,5.410,3.242,3.322,1.273,1.343,0,NULL,NULL,,3,0,2,7,255,1376,250,0,0
stim,220563,250684,0,250684,3448009.455,-0.721,0.008,0.001,0.693,0,0,9,0,0,0,0,153,41,1.021,1,2255,0,305.976,1.678,127.813,277.125,-22.063,-0.133,-0.086,1.574,0.086,-1.676,5.410,3.256,3.336,1.273,1.343,0,NULL,NULL,,3,0,2,7,255,1376,250,0,0
stim,220563,250684,0,250684,3448014.453,-0.722,0.004,0.013,0.692,0,0,11,0,0,0,0,153,41,1.021,1,2255,0,304.468,1.571,136.250,271.625,-18.875,-0.129,-0.074,1.637,0.398,-1.520,5.602,3.268,3.348,1.273,1.343,0,NULL,NULL,,3,0,2,7,255,1376,250,0,0
stim,220563,250684,0,250684,3448019.455,-0.722,0.001,0.026,0.691,0,0,12,0,0,0,0,153,41,1.021,1,2255,0,303.483,1.225,142.875,267.250,-16.313,-0.137,-0.051,1.719,0.477,-1.129,6.250,3.276,3.356,1.273,1.343,0,NULL,NULL,,3,0,2,7,255,1376,250,0,0
stim,220563,250684,0,250684,3448024.454,-0.723,-0.003,0.039,0.690,0,0,18,0,0,0,0,151,41,1.021,1,2255,0,304.723,0.913,151.375,263.938,-16.688,-0.137,-0.031,1.801,0.492,-0.770,7.074,3.284,3.362,1.273,1.343,0,NULL,NULL,,3,0,2,7,255,1376,250,0,0
stim,220595,250716,0,250716,3448029.455,-0.723,-0.006,0.052,0.689,0,0,21,0,0,0,0,150,41,1.021,1,2255,0,307.344,0.634,158.875,262.500,-17.688,-0.109,-0.035,1.930,0.527,-0.352,7.887,3.288,3.364,1.273,1.343,0,NULL,NULL,,3,0,2,7,255,1376,250,0,0
stim,220595,250716,0,250716,3448034.454,-0.723,-0.008,0.065,0.688,0,0,21,0,0,0,0,151,41,1.021,1,2255,0,308.468,0.991,160.500,262.813,-17.938,-0.070,-0.039,2.047,0.902,0.410,9.117,3.288,3.364,1.273,1.343,0,NULL,NULL,,3,0,2,7,255,1376,250,0,0
stim,220595,250716,0,250716,3448039.455,-0.723,-0.011,0.078,0.686,0,0,23,0,0,0,0,151,41,1.021,1,2255,0,308.607,1.848,157.563,264.750,-17.875,-0.008,-0.035,2.129,1.285,1.328,10.188,3.284,3.358,1.273,1.343,0,NULL,NULL,,3,0,2,7,255,1376,250,0,0
stim,220595,250716,0,250716,3448044.453,-0.723,-0.015,0.091,0.685,0,0,23,0,0,0,0,147,41,1.021,1,2255,0,309.412,2.972,154.813,267.313,-17.688,0.078,-0.004,2.172,1.613,2.496,10.816,3.276,3.348,1.273,1.343,0,NULL,NULL,,3,0,2,7,255,1376,250,0,0
stim,220615,250736,0,250736,3448049.455,-0.723,-0.018,0.104,0.683,0,0,24,0,0,0,0,147,41,1.021,1,2255,0,311.590,4.217,154.750,269.875,-17.563,0.199,0.035,2.219,1.699,3.859,11.055,3.262,3.332,1.273,1.343,0,NULL,NULL,,3,0,2,7,255,1376,250,0,0
stim,220615,250736,0,250736,3448054.454,-0.722,-0.021,0.117,0.681,0,0,25,0,0,0,0,149,41,1.021,1,2255,0,314.838,5.821,157.000,272.438,-15.875,0.344,0.027,2.277,1.715,5.563,11.203,3.244,3.312,1.273,1.343,0,NULL,NULL,,3,0,2,7,255,1376,250,0,0
stim,220615,250736,0,250736,3448059.456,-0.722,-0.024,0.130,0.680,0,0,25,0,0,0,0,148,41,1.021,1,2255,0,317.012,7.879,157.438,274.938,-10.938,0.492,0.008,2.340,2.238,7.555,11.309,3.218,3.284,1.273,1.343,0,NULL,NULL,,3,0,2,7,255,1376,250,0,0
stim,220615,250736,0,250736,3448064.453,-0.720,-0.028,0.143,0.678,0,0,26,0,0,0,0,148,41,1.021,1,2255,0,317.685,10.010,155.188,277.188,-2.813,0.621,0.000,2.383,2.871,9.590,11.309,3.184,3.248,1.273,1.343,0,NULL,NULL,,3,0,2,7,255,1376,250,0,0
stim,220615,250736,0,250736,3448069.455,-0.719,-0.031,0.157,0.677,0,0,25,0,0,0,0,151,41,1.021,1,2255,0,317.908,11.872,152.938,278.625,6.625,0.715,0.008,2.414,3.371,11.383,11.160,3.146,3.208,1.273,1.343,0,NULL,NULL,,3,0,2,7,255,1376,250,0,0
stim,220615,250736,0,250736,3448074.454,-0.717,-0.035,0.170,0.675,0,0,25,0,0,0,0,147,41,1.021,1,2255,0,316.158,13.366,148.750,278.563,15.250,0.781,0.035,2.449,3.699,12.844,10.898,3.102,3.160,1.273,1.343,0,NULL,NULL,,3,0,2,7,255,1376,250,0,0
stim,220662,250783,0,250783,3448079.455,-0.715,-0.038,0.183,0.674,0,0,25,0,0,0,0,149,41,1.021,1,2255,0,314.792,14.571,143.563,279.500,19.063,0.867,0.008,2.445,3.801,14.066,10.691,3.052,3.106,1.273,1.343,0,NULL,NULL,,3,0,2,7,255,1376,250,0,0
stim,220662,250783,0,250783,3448084.454,-0.712,-0.042,0.195,0.673,0,0,27,0,0,0,0,155,41,1.021,1,2255,0,310.261,15.893,134.813,278.188,26.438,0.902,0.047,2.449,4.215,15.324,9.941,2.996,3.048,1.273,1.343,0,NULL,NULL,,3,0,2,7,255,1376,250,0,0
stim,220662,250783,0,250783,3448089.455,-0.709,-0.046,0.208,0.672,0,0,25,0,0,0,0,164,41,1.021,1,2255,0,303.112,16.671,124.063,274.688,32.125,0.949,0.105,2.473,4.215,16.129,9.523,2.936,2.984,1.273,1.343,0,NULL,NULL,,3,0,2,7,255,1376,250,0,0
stim,220662,250783,0,250783,3448094.453,-0.706,-0.051,0.219,0.671,0,0,24,0,0,0,0,167,41,1.021,1,2255,0,292.693,17.616,107.750,270.438,30.375,1.031,0.105,2.477,4.082,17.137,9.246,2.874,2.920,1.273,1.343,0,NULL,NULL,,3,0,2,7,255,1376,250,0,0
stim,220662,250783,0,250783,3448099.455,-0.703,-0.055,0.230,0.670,0,0,27,0,0,0,0,166,41,1.021,1,2255,0,279.121,18.804,87.375,263.375,30.125,1.152,0.031,2.418,4.082,18.355,8.523,2.806,2.848,1.273,1.343,0,NULL,NULL,,3,0,2,7,255,1376,250,0,0
stim,220662,250783,0,250783,3448104.454,-0.700,-0.061,0.240,0.670,0,0,25,0,0,0,0,167,41,1.021,1,2255,0,264.304,20.137,65.500,253.750,34.313,1.254,-0.059,2.262,4.762,19.566,6.965,2.736,2.772,1.273,1.343,0,NULL,NULL,,3,0,2,7,255,1376,250,0,0
stim,220662,250783,0,250783,3448109.455,-0.697,-0.066,0.249,0.670,0,0,25,0,0,0,0,168,41,1.021,1,2255,0,249.963,20.726,50.688,241.500,39.875,1.328,-0.172,2.023,5.305,20.035,4.539,2.662,2.694,1.273,1.343,0,NULL,NULL,,3,0,2,7,255,1376,250,0,0
stim,220662,250783,0,250783,3448114.453,-0.693,-0.071,0.257,0.669,0,0,26,0,0,0,0,174,41,1.021,1,2255,0,235.920,20.858,49.375,226.875,41.813,1.395,-0.305,1.789,5.801,20.035,1.496,2.588,2.614,1.273,1.343,0,NULL,NULL,,3,0,2,7,255,1376,250,0,0
stim,220683,250804,0,250804,3448119.455,-0.690,-0.075,0.265,0.669,0,0,24,0,0,0,0,179,41,1.021,1,2255,0,220.584,20.748,54.063,209.438,43.250,1.469,-0.410,1.625,6.477,19.711,-1.484,2.510,2.532,1.273,1.343,0,NULL,NULL,,3,0,2,7,255,1376,250,0,0
stim,220683,250804,0,250804,3448124.454,-0.687,-0.078,0.273,0.669,0,0,23,0,0,0,0,203,41,1.021,1,2255,0,204.774,20.852,59.625,191.813,39.813,1.492,-0.430,1.484,6.848,19.695,-3.820,2.430,2.450,1.273,1.343,0,NULL,NULL,,3,0,2,7,255,1376,250,0,0
stim,220683,250804,0,250804,3448129.455,-0.684,-0.080,0.280,0.668,0,0,24,0,0,0,0,209,41,1.021,1,2255,0,191.753,20.910,78.125,172.063,32.563,1.738,-0.570,1.285,7.023,19.695,-5.496,2.350,2.366,1.273,1.343,0,NULL,NULL,,3,0,2,7,255,1376,250,0,0
stim,220683,250804,0,250804,3448134.454,-0.681,-0.081,0.288,0.668,0,0,25,0,0,0,0,215,41,1.021,1,2255,0,188.130,21.826,97.125,152.000,53.438,1.859,-0.707,1.449,7.555,20.477,-8.918,2.266,2.280,1.273,1.343,0,NULL,NULL,,3,0,2,7,255,1376,250,0,0
stim,220716,250837,0,250837,3448139.455,-0.678,-0.082,0.295,0.668,0,0,25,0,0,0,0,226,41,1.021,1,2255,0,166.796,24.004,81.375,134.938,54.688,1.922,-0.891,1.422,9.133,22.199,-9.004,2.178,2.190,1.273,1.343,0,NULL,NULL,,3,0,2,7,255,1376,250,0,0
stim,220716,250837,0,250837,3448144.453,-0.676,-0.083,0.301,0.668,0,0,29,0,0,0,0,231,41,1.021,1,2255,0,155.113,24.713,82.875,117.438,58.313,2.051,-0.902,1.254,10.188,22.516,-10.242,2.084,2.094,1.273,1.343,0,NULL,NULL,,3,0,2,7,255,1376,250,0,0
stim,220716,250837,0,250837,3448149.455,-0.673,-0.082,0.307,0.668,0,0,27,0,0,0,0,237,41,1.021,1,2255,0,157.020,24.713,105.938,101.438,56.063,2.047,-0.914,1.117,10.188,22.516,-12.559,1.986,1.994,1.273,1.343,0,NULL,NULL,,3,0,2,7,255,1376,250,0,0
stim,220716,250837,0,250837,3448154.453,-0.671,-0.080,0.313,0.667,0,0,23,0,0,0,0,235,41,1.021,1,2255,0,159.514,24.938,128.625,82.438,45.875,2.082,-0.988,1.262,10.188,22.762,-13.469,1.882,1.888,1.273,1.343,0,NULL,NULL,,3,0,2,7,255,1376,250,0,0
stim,220716,250837,0,250837,3448159.457,-0.670,-0.078,0.319,0.666,0,0,25,0,0,0,0,237,41,1.021,1,2255,0,152.235,25.418,133.000,66.313,33.000,2.082,-1.184,1.352,10.910,22.957,-13.594,1.772,1.776,1.273,1.343,0,NULL,NULL,,3,0,2,7,255,1376,250,0,0
stim,220716,250837,0,250837,3448164.454,-0.669,-0.075,0.325,0.665,0,0,25,0,0,0,0,237,41,1.021,1,2255,0,143.472,26.582,132.938,45.938,28.313,2.098,-1.305,1.539,12.984,23.195,-13.469,1.658,1.656,1.273,1.343,0,NULL,NULL,,3,0,2,7,255,1376,250,0,0
stim,220760,250881,0,250881,3448169.455,-0.668,-0.071,0.329,0.664,0,0,19,0,0,0,0,237,41,1.021,1,2255,0,127.436,28.282,121.188,23.938,31.313,1.984,-1.223,1.758,14.715,24.152,-12.836,1.538,1.532,1.273,1.343,0,NULL,NULL,,3,0,2,7,255,1376,250,0,0
stim,220760,250881,0,250881,3448174.454,-0.667,-0.068,0.332,0.663,0,0,17,0,0,0,0,239,41,1.021,1,2255,0,109.867,28.282,106.625,1.688,26.438,1.770,-1.031,1.930,14.715,24.152,-10.539,1.418,1.406,1.273,1.343,0,NULL,NULL,,3,0,2,7,255,1376,250,0,0
stim,220782,250903,0,250903,3448179.455,-0.668,-0.065,0.334,0.662,0,0,17,0,0,0,0,243,41,1.021,1,2255,0,86.341,27.643,83.250,-22.438,4.563,1.570,-0.789,2.262,13.832,23.934,-7.625,1.294,1.276,1.273,1.343,0,NULL,NULL,,3,0,2,7,255,1376,250,0,0
stim,220782,250903,0,250903,3448184.454,-0.669,-0.063,0.333,0.661,0,0,20,0,0,0,0,246,41,1.021,1,2255,0,49.155,27.229,18.688,-43.375,-13.625,1.484,-0.641,2.508,12.984,23.934,-3.305,1.174,1.146,1.273,1.343,0,NULL,NULL,,3,0,2,7,255,1376,250,0,0
stim,220782,250903,0,250903,3448189.455,-0.670,-0.064,0.330,0.662,0,0,25,0,0,0,0,245,41,1.021,1,2255,0,86.155,27.034,-54.438,-60.000,-29.313,1.336,-0.461,2.391,12.570,23.934,-0.426,1.060,1.018,1.273,1.343,0,NULL,NULL,,3,0,2,7,255,1376,250,0,0
stim,220782,250903,0,250903,3448194.453,-0.673,-0.065,0.324,0.662,0,0,27,0,0,0,0,301,41,1.021,1,2255,0,142.305,25.244,-110.750,-74.563,-49.250,1.250,-0.414,2.176,10.660,22.883,-0.426,0.950,0.894,1.273,1.343,0,NULL,NULL,,3,0,2,7,255,1376,250,0,0
stim,220782,250903,0,250903,3448199.455,-0.674,-0.066,0.318,0.663,35,0,28,230,0,0,0,414,41,1.021,1,2255,0,145.301,23.596,-101.438,-100.938,-25.188,0.898,-0.832,2.453,10.660,21.051,0.188,0.852,0.774,1.273,1.343,0,NULL,NULL,,3,0,2,7,255,1376,250,0,0
stim,220782,250903,0,250903,3448204.453,-0.670,-0.052,0.317,0.670,604,0,11,926,0,7,0,445,41,1.021,1,2255,0,365.759,23.496,144.750,-206.000,265.313,0.266,0.457,4.680,10.438,21.051,2.316,0.768,0.666,1.273,1.343,0,NULL,NULL,,3,0,2,7,255,1376,250,0,0
stim,220782,250903,0,250903,3448209.455,-0.658,-0.056,0.301,0.688,1163,0,1,1403,0,127,0,543,41,1.021,1,2255,0,617.258,21.709,-450.063,-136.750,399.688,-0.992,2.410,3.652,10.438,19.035,27.242,0.696,0.564,1.273,1.343,0,NULL,NULL,,3,0,2,7,255,1376,250,0,0
stim,220782,250903,0,250903,3448214.454,-0.651,-0.069,0.277,0.704,1605,0,0,1771,0,347,0,601,41,1.021,1,2255,0,752.689,14.590,-706.438,-122.313,229.188,-1.203,2.520,0.641,-10.840,9.766,27.242,0.634,0.470,1.273,1.343,0,NULL,NULL,,3,0,2,7,255,1376,250,0,0
stim,220782,250903,0,250903,3448219.455,-0.645,-0.078,0.260,0.714,1957,0,0,1938,0,531,0,660,41,1.021,1,2256,0,519.135,17.012,-480.250,-104.250,167.313,-1.453,1.641,-0.895,-15.156,-7.727,7.664,0.588,0.388,1.273,1.343,1,1317.000,-59.000,,3,0,2,7,255,1376,250,0,0
stim,220782,250903,0,250903,3448224.454,-0.643,-0.080,0.251,0.719,2165,0,0,2041,0,634,0,745,41,1.021,1,2256,0,234.960,19.963,-204.813,-95.000,65.063,-1.086,0.629,-0.695,-15.156,-12.992,-7.055,0.574,0.344,1.273,1.343,1,NULL,NULL,,3,0,2,7,255,1376,250,0,0
stim,220782,250903,0,250903,3448229.455,-0.643,-0.077,0.248,0.721,2381,0,0,2195,0,739,0,819,41,1.021,1,2256,0,110.502,14.433,-23.813,-97.313,46.625,-0.266,0.824,0.707,-6.285,-12.992,-7.055,0.582,0.336,1.273,1.343,1,NULL,NULL,,3,0,2,7,255,1376,250,0,0
stim,220782,250903,0,250903,3448234.454,-0.640,-0.075,0.243,0.725,2581,0,0,2445,0,845,0,861,41,1.021,1,2256,0,172.530,6.291,-89.125,-98.188,110.375,-0.047,1.203,1.582,-6.285,0.262,-0.758,0.606,0.356,1.273,1.343,1,NULL,NULL,,3,0,2,7,255,1376,250,0,0
stim,220810,250931,0,250931,3448239.455,-0.633,-0.076,0.233,0.735,2711,0,0,2615,0,877,0,918,41,1.021,1,2256,0,362.563,6.291,-240.750,-134.500,235.375,-1.215,0.133,1.023,-6.285,0.262,4.219,0.640,0.396,1.273,1.343,1,NULL,NULL,,3,0,2,7,255,1376,250,0,0
stim,220810,250931,0,250931,3448244.453,-0.626,-0.078,0.217,0.745,2823,0,0,2741,0,901,0,1005,41,1.021,1,2256,0,458.089,6.912,-368.813,-169.625,212.250,-2.145,-1.137,-0.113,2.414,-6.477,4.219,0.668,0.430,1.273,1.343,1,NULL,NULL,,3,0,2,7,255,1376,250,0,0
stim,220810,250931,0,250931,3448249.455,-0.626,-0.077,0.205,0.749,2887,0,0,2829,0,935,0,1117,41,1.021,1,2256,0,289.348,20.556,-212.813,-192.313,38.063,-1.887,-0.805,-1.172,10.102,-17.902,-4.836,0.686,0.452,1.273,1.343,1,NULL,NULL,,3,0,2,7,255,1376,250,0,0
stim,220810,250931,0,250931,3448254.453,-0.630,-0.070,0.200,0.747,2933,0,0,2915,0,965,0,1239,41,1.021,1,2256,0,220.240,20.556,35.375,-204.375,-74.063,-0.773,-0.199,-0.156,10.102,-17.902,-8.844,0.694,0.464,1.273,1.343,1,NULL,NULL,,3,0,2,7,255,1376,250,0,0
stim,220810,250931,0,250931,3448259.455,-0.635,-0.061,0.199,0.744,2981,0,0,2963,0,1013,0,1337,41,1.021,1,2256,0,259.420,7.944,136.250,-198.000,-97.625,0.086,0.133,1.457,3.148,-7.293,-8.844,0.688,0.466,1.273,1.343,2,NULL,NULL,,3,0,2,7,255,1376,250,0,0
stim,220810,250931,0,250931,3448264.454,-0.638,-0.054,0.195,0.743,3007,0,0,3021,0,1110,0,1431,41,1.021,1,2256,0,193.062,6.127,46.500,-180.000,-52.063,0.566,0.023,2.340,1.879,5.832,3.293,0.662,0.460,1.273,1.343,2,NULL,NULL,,3,0,2,7,255,1376,250,0,0
stim,220833,250954,0,250954,3448269.455,-0.638,-0.051,0.187,0.745,3036,0,0,3051,0,1194,0,1508,41,1.021,1,2256,0,201.111,13.375,-108.375,-168.625,16.313,0.684,-0.379,2.102,1.879,13.242,6.551,0.634,0.454,1.273,1.343,2,NULL,NULL,,3,0,2,7,255,1376,250,0,0
stim,220833,250954,0,250954,3448274.454,-0.636,-0.051,0.177,0.749,3051,0,0,3089,0,1338,0,1561,41,1.021,1,2256,0,257.997,14.169,-192.688,-149.063,84.938,0.504,-1.035,1.160,5.039,13.242,6.551,0.602,0.442,1.273,1.343,2,NULL,NULL,,3,0,2,7,255,1376,250,0,0
stim,220865,250986,0,250986,3448279.455,-0.633,-0.050,0.168,0.754,3065,0,0,3112,0,1486,0,1617,41,1.021,1,2256,0,246.501,14.092,-155.188,-140.813,129.813,0.078,-1.301,0.488,10.234,9.688,-2.383,0.568,0.420,1.273,1.343,2,NULL,NULL,,3,0,2,7,255,1376,250,0,0
stim,220865,250986,0,250986,3448284.453,-0.629,-0.046,0.163,0.759,3069,0,0,3141,0,1611,0,1689,41,1.021,1,2256,0,205.887,11.027,-64.250,-142.438,134.063,-0.328,-0.922,0.508,10.234,4.105,-5.656,0.524,0.378,1.273,1.343,2,NULL,NULL,,3,0,2,7,255,1376,250,0,0
stim,220865,250986,0,250986,3448289.455,-0.627,-0.042,0.159,0.761,3089,0,0,3143,19,1751,0,1735,41,1.021,1,2256,0,162.259,9.871,-17.563,-142.875,74.875,-0.695,-0.207,1.293,9.871,-0.070,-5.656,0.478,0.328,1.273,1.343,2,NULL,NULL,,3,0,2,7,255,1376,250,0,0
stim,220865,250986,0,250986,3448294.454,-0.627,-0.038,0.154,0.763,3091,0,0,3163,77,1869,0,1788,41,1.021,1,2256,0,141.563,4.653,-40.188,-134.438,18.750,-0.129,0.352,1.270,4.652,-0.070,2.934,0.434,0.280,1.273,1.343,2,NULL,NULL,,3,0,2,7,255,1376,250,0,0
stim,220865,250986,0,250986,3448299.455,-0.627,-0.035,0.148,0.764,3101,0,0,3159,173,1971,0,1842,41,1.021,1,2256,0,143.788,2.254,-60.813,-126.750,30.188,0.020,0.297,1.379,-1.582,1.605,3.555,0.392,0.236,1.273,1.343,2,NULL,NULL,,3,0,2,7,255,1376,250,0,0
stim,220865,250986,0,250986,3448304.453,-0.626,-0.034,0.141,0.766,3103,0,0,3160,291,2077,0,1879,41,1.021,1,2256,0,158.096,2.365,-100.250,-117.813,32.625,-0.148,0.035,1.316,-1.582,1.758,2.984,0.360,0.210,1.273,1.343,2,NULL,NULL,,3,0,2,7,255,1376,250,0,0
stim,220865,250986,0,250986,3448309.455,-0.626,-0.033,0.135,0.768,3099,0,0,3161,395,2151,0,1962,41,1.021,1,2256,0,151.052,2.079,-100.188,-110.563,23.563,-0.133,-0.090,0.891,1.109,1.758,2.984,0.336,0.194,1.273,1.343,2,NULL,NULL,,3,0,2,7,255,1376,250,0,0
stim,220865,250986,0,250986,3448314.453,-0.626,-0.031,0.130,0.768,3101,0,0,3160,583,2233,37,2041,41,1.021,1,2256,0,123.638,2.074,-63.688,-105.875,4.563,-0.145,-0.145,0.813,1.813,1.008,-1.219,0.320,0.184,1.273,1.343,2,NULL,NULL,,3,0,2,7,255,1376,250,0,0
stim,220865,250986,0,250986,3448319.455,-0.627,-0.028,0.127,0.768,3112,0,0,3161,721,2288,109,2111,41,1.021,1,2256,0,96.465,2.074,-14.500,-93.000,-21.125,0.070,-0.082,1.270,1.813,1.008,-1.219,0.306,0.174,1.273,1.343,2,NULL,NULL,,3,0,2,7,255,1376,250,0,0
stim,220865,250986,0,250986,3448324.454,-0.629,-0.027,0.126,0.767,3111,0,0,3161,904,2327,63,2175,41,1.021,1,2256,0,67.395,3.921,7.813,-48.750,-45.875,0.453,0.090,1.547,1.621,3.570,2.020,0.296,0.164,1.273,1.343,2,NULL,NULL,,3,0,2,7,255,1376,250,0,0
stim,220894,251015,0,251015,3448329.455,-0.629,-0.026,0.124,0.767,3111,0,0,3151,1003,2360,67,2213,41,1.021,1,2256,0,44.801,7.364,-12.813,-42.500,-6.063,0.598,0.504,1.258,-0.547,7.344,2.020,0.288,0.150,1.273,1.343,2,NULL,NULL,,3,0,2,7,255,1376,250,0,0
stim,220894,251015,0,251015,3448334.453,-0.629,-0.025,0.122,0.767,3103,0,0,3155,1103,2385,73,2245,41,1.021,1,2256,0,39.542,8.084,-22.563,-31.750,6.813,-0.090,0.496,1.531,-3.379,7.344,4.133,0.284,0.134,1.273,1.343,2,NULL,NULL,,3,0,2,7,255,1376,250,0,0
stim,220894,251015,0,251015,3448339.455,-0.630,-0.026,0.120,0.767,3103,0,0,3151,1175,2404,53,2277,41,1.021,1,2256,0,78.823,3.664,-71.625,-21.688,-24.750,-0.352,0.168,1.109,-3.379,1.418,1.664,0.288,0.116,1.273,1.343,2,NULL,NULL,,3,0,2,7,255,1376,250,0,0
stim,220894,251015,0,251015,3448344.453,-0.632,-0.027,0.117,0.766,3117,0,0,3157,1229,2423,25,2325,41,1.021,1,2256,0,71.483,0.772,-50.938,-23.250,-44.438,-0.203,0.082,0.660,-0.125,-0.762,1.637,0.302,0.094,1.273,1.343,2,NULL,NULL,,3,0,2,7,255,1376,250,0,0
stim,220917,251038,0,251038,3448349.455,-0.634,-0.027,0.116,0.764,3109,0,0,3156,1315,2413,3,2343,41,1.021,1,2256,0,69.050,0.766,-9.625,-20.438,-65.250,-0.168,0.109,0.969,-0.078,-0.762,-0.109,0.318,0.078,1.273,1.343,2,NULL,NULL,,3,0,2,7,255,1376,250,0,0
stim,220917,251038,0,251038,3448354.454,-0.636,-0.027,0.115,0.762,3104,0,0,3145,1395,2461,0,2379,41,1.021,1,2256,0,78.310,0.151,-13.563,-19.000,-74.750,-0.016,0.227,1.148,-0.078,0.129,-0.109,0.332,0.066,1.273,1.343,2,NULL,NULL,,3,0,2,7,255,1376,250,0,0
stim,220917,251038,0,251038,3448359.458,-0.638,-0.027,0.113,0.761,3103,0,0,3159,1485,2475,0,2405,41,1.021,1,2256,0,70.717,1.795,-36.313,-16.125,-58.500,0.047,0.109,1.055,-0.492,1.727,0.297,0.342,0.060,1.273,1.343,2,NULL,NULL,,3,0,2,7,255,1376,250,0,0
stim,220917,251038,0,251038,3448364.453,-0.640,-0.028,0.111,0.760,3117,0,0,3148,1554,2495,0,2430,41,1.021,1,2256,0,60.035,1.795,-43.375,-14.375,-38.938,-0.066,-0.031,0.898,-0.492,1.727,0.297,0.352,0.058,1.273,1.343,2,NULL,NULL,,3,0,2,7,255,1376,250,0,0
stim,220917,251038,0,251038,3448369.455,-0.641,-0.029,0.109,0.759,3119,0,4,3152,1591,2509,0,2455,41,1.021,1,2256,0,51.489,1.122,-29.500,-14.688,-39.563,-0.168,0.066,0.871,0.141,1.113,-1.094,0.358,0.056,1.273,1.343,2,NULL,NULL,,3,0,2,7,255,1376,250,0,0
stim,220917,251038,0,251038,3448374.454,-0.643,-0.029,0.108,0.758,3113,17,7,3155,1619,2530,0,2473,41,1.021,1,2256,0,60.253,0.584,-14.375,-13.750,-56.875,-0.102,0.188,0.965,0.141,0.566,-1.094,0.366,0.052,1.273,1.343,2,NULL,NULL,,3,0,2,7,255,1376,250,0,0
stim,220963,251084,0,251084,3448379.455,-0.645,-0.029,0.107,0.756,3118,21,11,3160,1660,2511,0,2486,41,1.021,1,2256,0,60.394,0.846,-10.875,-10.688,-58.438,0.063,0.113,1.039,-0.629,0.566,-0.211,0.374,0.050,1.273,1.343,2,NULL,NULL,,3,0,2,7,255,1376,250,0,0
stim,220963,251084,0,251084,3448384.454,-0.646,-0.029,0.107,0.755,3129,30,5,3161,1703,2550,0,2502,41,1.021,1,2256,0,37.801,2.442,-14.438,-7.188,-34.188,0.094,-0.027,1.023,-0.629,2.359,-0.188,0.378,0.046,1.273,1.343,2,NULL,NULL,,3,0,2,7,255,1376,250,0,0
stim,220963,251084,0,251084,3448389.455,-0.646,-0.029,0.106,0.755,3131,55,10,3173,1743,2571,0,2520,41,1.021,1,2256,0,19.850,2.373,-14.563,-6.625,-11.750,-0.059,0.035,0.973,0.254,2.359,-0.188,0.382,0.044,1.273,1.343,2,NULL,NULL,,3,0,2,7,255,1376,250,0,0
stim,220963,251084,0,251084,3448394.453,-0.647,-0.029,0.105,0.755,3129,55,6,3173,1763,2575,0,2535,41,1.021,1,2256,0,16.202,1.195,-8.688,-5.688,-12.438,-0.195,0.145,0.969,0.254,1.168,-0.188,0.384,0.040,1.273,1.343,2,NULL,NULL,,3,0,2,7,255,1376,250,0,0
stim,220963,251084,0,251084,3448399.455,-0.648,-0.029,0.105,0.754,3135,69,26,3175,1787,2589,0,2537,41,1.021,1,2256,0,25.619,0.595,-3.813,-5.688,-24.688,-0.188,0.148,1.016,-0.582,-0.125,-0.047,0.386,0.034,1.273,1.343,2,NULL,NULL,,3,0,2,7,255,1376,250,0,0
stim,220963,251084,0,251084,3448404.454,-0.649,-0.029,0.105,0.753,3129,75,42,3175,1798,2588,0,2539,41,1.021,1,2256,0,30.186,0.595,-3.750,-5.188,-29.500,-0.113,0.090,1.023,-0.582,-0.125,0.289,0.388,0.030,1.273,1.343,2,NULL,NULL,,3,0,2,7,255,1376,250,0,0
stim,220986,251107,0,251107,3448409.455,-0.649,-0.029,0.104,0.753,3127,76,55,3171,1813,2585,0,2547,41,1.018,1,2256,1,24.849,0.682,-3.750,-4.625,-24.125,-0.078,0.039,1.000,-0.172,0.660,0.289,0.000,0.000,1.246,1.324,2,NULL,NULL,,3,0,2,7,255,1376,250,0,0
stim,220986,251107,0,251107,3448414.454,-0.650,-0.029,0.104,0.752,3133,102,73,3185,1834,2603,0,2571,41,1.018,1,2256,1,16.865,0.768,-1.563,-4.688,-16.125,-0.109,0.020,0.984,0.250,0.727,-0.039,0.006,0.006,1.246,1.324,2,NULL,NULL,,3,0,2,7,255,1376,250,0,0
stim,220986,251107,0,251107,3448419.455,-0.651,-0.029,0.104,0.752,3131,99,95,3187,1851,2615,0,2572,41,1.018,1,2256,1,14.823,0.875,0.750,-4.813,-14.000,-0.141,0.004,0.992,0.488,0.727,-0.039,0.012,0.014,1.246,1.324,2,NULL,NULL,,3,0,2,7,255,1376,250,0,0
stim,220986,251107,0,251107,3448424.454,-0.651,-0.029,0.103,0.751,3130,91,101,3187,1864,2611,0,2583,41,1.018,1,2256,1,14.567,0.856,1.250,-5.000,-13.625,-0.133,-0.012,0.988,0.684,0.516,-0.113,0.020,0.022,1.246,1.324,2,NULL,NULL,,3,0,2,7,255,1376,250,0,0
stim,220986,251107,0,251107,3448429.455,-0.651,-0.029,0.103,0.751,3127,89,105,3175,1871,2619,0,2580,41,1.018,1,2256,1,11.799,0.966,2.000,-5.125,-10.438,-0.125,-0.039,0.973,0.816,0.516,-0.113,0.026,0.028,1.246,1.324,2,NULL,NULL,,3,0,2,7,255,1376,250,0,0
stim,220986,251107,0,251107,3448434.454,-0.652,-0.028,0.103,0.751,3133,89,105,3173,1875,2615,0,2589,41,1.018,1,2256,1,8.611,1.134,3.188,-5.625,-5.688,-0.133,-0.035,0.973,1.004,0.527,-0.273,0.030,0.034,1.246,1.324,2,NULL,NULL,,3,0,2,7,255,1376,250,0,0
stim,221007,251128,0,251128,3448439.455,-0.652,-0.028,0.103,0.751,3135,87,103,3171,1881,2575,0,2587,41,1.018,1,2256,1,7.827,1.134,4.063,-5.813,-3.313,-0.133,-0.008,0.980,1.004,0.527,-0.273,0.034,0.038,1.246,1.324,2,NULL,NULL,,3,0,2,7,255,1376,250,0,0
stim,221007,251128,0,251128,3448444.453,-0.652,-0.028,0.103,0.751,3123,80,102,3173,1883,2618,0,2595,41,1.018,1,2256,1,7.680,0.936,4.750,-5.813,-1.625,-0.113,0.000,0.984,0.773,0.527,-0.180,0.038,0.042,1.246,1.324,2,NULL,NULL,,3,0,2,7,255,1376,250,0,0
stim,221007,251128,0,251128,3448449.455,-0.652,-0.027,0.102,0.751,3125,59,101,3173,1885,2621,0,2591,41,1.018,1,2256,1,8.160,0.936,5.625,-5.563,2.000,-0.102,0.008,0.984,0.664,0.660,-0.180,0.042,0.046,1.246,1.324,2,NULL,NULL,,3,0,2,7,255,1376,250,0,0
stim,221007,251128,0,251128,3448454.453,-0.652,-0.027,0.102,0.751,3132,57,106,3160,1881,2617,0,2597,41,1.018,1,2256,1,10.780,0.870,7.063,-5.438,6.063,-0.113,0.031,0.984,0.566,0.660,-0.145,0.044,0.050,1.246,1.324,2,NULL,NULL,,3,0,2,7,255,1376,250,0,0
stim,221007,251128,0,251128,3448459.457,-0.651,-0.027,0.103,0.751,3123,44,108,3155,1881,2623,0,2598,41,1.018,1,2256,1,12.621,0.744,8.500,-5.375,7.625,-0.137,0.047,0.980,0.391,0.633,-0.145,0.044,0.052,1.246,1.324,2,NULL,NULL,,3,0,2,7,255,1376,250,0,0
stim,221007,251128,0,251128,3448464.454,-0.651,-0.026,0.103,0.751,3124,29,105,3161,1869,2628,0,2611,41,1.018,1,2256,1,13.496,0.453,10.250,-5.688,6.688,-0.148,0.059,0.980,0.281,0.355,-0.125,0.046,0.052,1.246,1.324,2,NULL,NULL,,3,0,2,7,255,1376,250,0,0
stim,221061,251182,0,251182,3448469.455,-0.651,-0.026,0.103,0.752,3123,20,109,3143,1852,2577,0,2599,41,1.018,1,2256,1,14.666,0.415,11.563,-6.125,6.625,-0.133,0.055,0.980,0.215,0.355,-0.121,0.044,0.052,1.246,1.324,2,NULL,NULL,,3,0,2,7,255,1376,250,0,0
stim,221061,251182,0,251182,3448474.454,-0.651,-0.025,0.103,0.752,3128,18,109,3149,1834,2633,0,2612,41,1.018,1,2256,1,17.231,0.425,12.875,-6.750,9.250,-0.121,0.051,0.980,0.215,0.367,-0.121,0.044,0.052,1.246,1.324,2,NULL,NULL,,3,0,2,7,255,1376,250,0,0
stim,221061,251182,0,251182,3448479.455,-0.650,-0.024,0.103,0.752,3123,12,111,3131,1821,2643,0,2611,41,1.018,1,2256,1,20.554,0.446,14.500,-7.375,12.563,-0.129,0.070,0.977,0.215,0.391,-0.133,0.042,0.050,1.246,1.324,2,NULL,NULL,,3,0,2,7,255,1376,250,0,0
stim,221061,251182,0,251182,3448484.453,-0.650,-0.023,0.104,0.752,3113,8,115,3125,1815,2637,0,2612,41,1.018,1,2256,1,23.382,0.400,16.500,-8.125,14.438,-0.137,0.098,0.980,0.086,0.391,-0.133,0.040,0.048,1.246,1.324,2,NULL,NULL,,3,0,2,7,255,1376,250,0,0
stim,221061,251182,0,251182,3448489.455,-0.650,-0.022,0.104,0.753,3116,2,110,3123,1799,2638,0,2607,41,1.018,1,2256,1,25.336,0.316,18.000,-8.813,15.500,-0.137,0.121,0.988,-0.164,0.270,-0.070,0.038,0.044,1.246,1.324,2,NULL,NULL,,3,0,2,7,255,1376,250,0,0
stim,221061,251182,0,251182,3448494.454,-0.649,-0.022,0.104,0.753,3112,0,109,3108,1789,2643,0,2607,41,1.018,1,2256,1,27.059,0.443,18.375,-9.625,17.375,-0.133,0.125,0.984,-0.363,0.254,-0.020,0.034,0.040,1.246,1.324,2,NULL,NULL,,3,0,2,7,255,1376,250,0,0
stim,221061,251182,0,251182,3448499.455,-0.648,-0.021,0.105,0.754,3101,1,109,3109,1784,2648,0,2608,41,1.018,1,2256,1,29.197,0.466,19.188,-10.438,19.375,-0.137,0.141,0.980,-0.402,0.234,-0.020,0.030,0.036,1.246,1.324,2,NULL,NULL,,3,0,2,7,255,1376,250,0,0
stim,221061,251182,0,251182,3448504.453,-0.648,-0.019,0.105,0.754,3099,1,107,3093,1771,2645,0,2627,41,1.018,1,2256,1,31.273,0.537,20.063,-11.250,21.188,-0.137,0.152,0.988,-0.512,0.164,-0.020,0.028,0.030,1.246,1.324,2,NULL,NULL,,3,0,2,7,255,1376,250,0,0
stim,221081,251202,0,251202,3448509.455,-0.647,-0.018,0.105,0.755,3095,0,103,3080,1763,2646,0,2613,41,1.018,1,2256,1,32.437,0.608,20.125,-11.750,22.563,-0.129,0.172,1.000,-0.586,0.164,0.055,0.026,0.022,1.246,1.324,2,NULL,NULL,,3,0,2,7,255,1376,250,0,0
stim,221081,251202,0,251202,3448514.453,-0.646,-0.017,0.106,0.755,3099,0,107,3080,1755,2644,0,2620,41,1.018,1,2256,1,33.433,0.816,19.563,-12.125,24.250,-0.117,0.199,1.012,-0.781,0.234,0.188,0.026,0.016,1.246,1.324,2,NULL,NULL,,3,0,2,7,255,1376,250,0,0
stim,221081,251202,0,251202,3448519.455,-0.646,-0.016,0.106,0.756,3087,0,101,3065,1751,2651,0,2623,41,1.018,1,2256,1,33.894,1.068,18.125,-11.875,26.063,-0.117,0.223,1.020,-1.031,0.277,0.297,0.030,0.010,1.246,1.324,2,NULL,NULL,,3,0,2,7,255,1376,250,0,0
stim,221081,251202,0,251202,3448524.454,-0.645,-0.015,0.107,0.757,3079,0,100,3060,1749,2653,0,2628,41,1.018,1,2256,1,33.189,1.261,15.563,-11.563,26.938,-0.129,0.234,1.023,-1.230,0.277,0.426,0.034,0.004,1.246,1.324,2,NULL,NULL,,3,0,2,7,255,1376,250,0,0
stim,221081,251202,0,251202,3448529.455,-0.644,-0.014,0.107,0.758,3069,0,90,3050,1742,2591,0,2623,41,1.018,1,2256,1,30.849,1.254,12.938,-11.438,25.563,-0.145,0.234,1.012,-1.246,0.137,0.426,0.038,0.004,1.246,1.324,2,NULL,NULL,,3,0,2,7,255,1376,250,0,0
stim,221081,251202,0,251202,3448534.453,-0.643,-0.013,0.107,0.758,3063,0,89,3043,1747,2658,0,2631,41,1.018,1,2256,1,28.020,1.246,11.125,-11.250,23.125,-0.145,0.219,1.004,-1.246,-0.023,0.410,0.042,0.008,1.246,1.324,2,NULL,NULL,,3,0,2,7,255,1376,250,0,0
stim,221108,251229,0,251229,3448539.455,-0.642,-0.012,0.107,0.759,3069,0,96,3046,1767,2659,0,2643,41,1.018,1,2256,1,26.642,1.106,9.375,-11.625,22.063,-0.141,0.207,0.996,-1.105,-0.023,0.289,0.046,0.014,1.246,1.324,2,NULL,NULL,,3,0,2,7,255,1376,250,0,0
stim,221108,251229,0,251229,3448544.453,-0.642,-0.012,0.107,0.759,3053,0,89,3034,1779,2627,0,2645,41,1.018,1,2256,1,26.409,0.958,7.563,-12.500,22.000,-0.176,0.199,0.996,-0.957,-0.035,0.270,0.050,0.016,1.246,1.324,2,NULL,NULL,,3,0,2,7,255,1376,250,0,0
stim,221108,251229,0,251229,3448549.455,-0.641,-0.011,0.107,0.760,3039,0,93,3017,1811,2665,0,2653,41,1.018,1,2256,1,21.258,0.991,3.250,-13.688,15.938,-0.230,0.223,1.023,-0.930,-0.344,0.270,0.052,0.018,1.246,1.324,2,NULL,NULL,,3,0,2,7,255,1376,250,0,0
stim,221108,251229,0,251229,3448554.454,-0.641,-0.010,0.107,0.760,3033,0,95,3015,1827,2665,0,2667,41,1.018,1,2256,1,14.948,1.222,-0.875,-14.125,4.813,-0.211,0.266,1.012,-0.930,-0.793,0.555,0.054,0.020,1.246,1.324,2,NULL,NULL,,3,0,2,7,255,1376,250,0,0
stim,221127,251248,0,251248,3448559.455,-0.641,-0.010,0.106,0.760,3019,0,95,3048,1861,2659,0,2677,41,1.018,1,2256,1,15.386,1.386,-4.875,-14.438,-2.125,-0.164,0.234,1.027,-1.137,-0.793,0.578,0.054,0.020,1.246,1.324,2,NULL,NULL,,3,0,2,7,255,1376,250,0,0
stim,221127,251248,0,251248,3448564.453,-0.641,-0.010,0.105,0.760,3025,0,93,2999,1897,2665,0,2695,41,1.018,1,2256,1,18.417,1.169,-10.438,-14.688,-3.813,-0.148,0.180,1.031,-1.137,-0.273,0.555,0.052,0.018,1.246,1.324,2,NULL,NULL,,3,0,2,7,255,1376,250,0,0
stim,221127,251248,0,251248,3448569.455,-0.642,-0.010,0.105,0.760,3016,0,98,2987,1956,2671,0,2712,41,1.018,1,2256,1,20.882,0.665,-14.063,-14.688,-4.750,-0.152,0.160,1.000,-0.656,-0.105,0.520,0.050,0.016,1.246,1.324,2,NULL,NULL,,3,0,2,7,255,1376,250,0,0
stim,221127,251248,0,251248,3448574.454,-0.642,-0.010,0.104,0.760,2999,0,133,2970,1992,2607,0,2713,41,1.018,1,2256,1,21.705,0.496,-14.500,-14.813,-6.438,-0.156,0.145,0.992,-0.484,-0.105,0.223,0.048,0.014,1.246,1.324,2,NULL,NULL,,3,0,2,7,255,1376,250,0,0
stim,221164,251285,0,251285,3448579.455,-0.642,-0.009,0.103,0.760,2982,0,148,2965,2039,2677,0,2727,41,1.018,1,2256,1,22.443,0.427,-14.250,-14.625,-9.313,-0.129,0.145,0.992,-0.414,-0.105,0.117,0.046,0.012,1.246,1.324,2,NULL,NULL,,3,0,2,7,255,1376,250,0,0
stim,221164,251285,0,251285,3448584.454,-0.643,-0.009,0.102,0.759,2975,0,183,2967,2078,2667,0,2743,41,1.018,1,2256,1,22.509,0.425,-14.563,-14.125,-9.750,-0.105,0.152,1.020,-0.414,0.094,0.117,0.044,0.012,1.246,1.324,2,NULL,NULL,,3,0,2,7,255,1376,250,0,0
stim,221164,251285,0,251285,3448589.455,-0.643,-0.009,0.101,0.759,2962,0,209,2940,2119,2681,0,2751,41,1.018,1,2256,1,24.401,0.616,-18.125,-13.063,-9.813,-0.098,0.156,1.016,-0.523,0.324,0.281,0.042,0.014,1.246,1.324,2,NULL,NULL,,3,0,2,7,255,1376,250,0,0
stim,221164,251285,0,251285,3448594.453,-0.643,-0.010,0.100,0.759,2944,3,277,2938,2152,2675,0,2771,41,1.018,1,2256,1,25.431,0.632,-19.750,-12.313,-10.250,-0.102,0.148,0.980,-0.543,0.324,0.281,0.042,0.014,1.246,1.324,2,NULL,NULL,,3,0,2,7,255,1376,250,0,0
stim,221164,251285,0,251285,3448599.455,-0.644,-0.010,0.099,0.759,2935,24,325,2919,2199,2685,0,2772,41,1.018,1,2256,1,25.805,0.619,-19.438,-12.188,-11.813,-0.133,0.113,0.973,-0.543,0.297,-0.047,0.042,0.016,1.246,1.324,2,NULL,NULL,,3,0,2,7,255,1376,250,0,0
stim,221164,251285,1,251285,3448604.454,-0.644,-0.010,0.098,0.758,2931,30,357,2920,2247,2691,0,2787,41,1.018,1,2256,1,25.718,0.208,-17.500,-12.188,-14.375,-0.125,0.086,0.953,-0.188,0.090,-0.129,0.042,0.016,1.246,1.324,2,NULL,NULL,,3,1,2,7,255,1376,250,0,0
stim,221164,251285,1,251285,3448609.455,-0.645,-0.010,0.097,0.758,2910,41,393,2905,2297,2680,0,2795,41,1.018,1,2256,1,23.572,0.208,-12.375,-12.813,-15.438,-0.078,0.105,0.965,-0.188,0.090,-0.281,0.042,0.018,1.246,1.324,2,NULL,NULL,,3,1,2,7,255,1376,250,0,0
stim,221164,251285,1,251285,3448614.453,-0.645,-0.010,0.096,0.758,2900,45,461,2897,2333,2679,0,2799,41,1.018,1,2256,1,22.728,0.222,-14.063,-12.500,-12.750,-0.129,0.121,1.027,-0.203,0.090,-0.281,0.044,0.016,1.246,1.324,2,NULL,NULL,,3,1,2,7,255,1376,250,0,0
stim,221165,251286,1,251286,3448619.455,-0.646,-0.010,0.095,0.757,2889,50,520,2885,2359,2681,0,2811,41,1.018,1,2256,1,25.412,0.420,-16.500,-11.375,-15.625,-0.094,0.137,0.984,-0.258,0.332,-0.055,0.046,0.016,1.246,1.324,2,NULL,NULL,,3,1,2,7,255,1376,250,0,0
stim,221165,251286,1,251286,3448624.454,-0.646,-0.010,0.094,0.757,2871,75,567,2875,2389,2683,0,2823,41,1.018,1,2256,1,25.315,0.285,-17.313,-11.750,-14.250,-0.125,0.074,0.988,-0.258,0.121,-0.020,0.050,0.016,1.246,1.324,2,NULL,NULL,,3,1,2,7,255,1376,250,0,0
stim,221194,251315,1,251315,3448629.455,-0.647,-0.010,0.094,0.757,2857,93,603,2863,2412,2691,24,2829,41,1.018,1,2256,1,23.592,0.333,-13.813,-11.375,-15.375,-0.082,0.082,0.965,-0.027,0.332,-0.055,0.052,0.018,1.246,1.324,2,NULL,NULL,,3,1,2,7,255,1376,250,0,0
stim,221194,251315,1,251315,3448634.454,-0.647,-0.010,0.093,0.756,2844,105,697,2856,2455,2679,30,2839,41,1.018,1,2256,1,22.038,0.168,-13.188,-11.000,-13.813,-0.117,0.086,1.008,0.012,0.168,-0.020,0.054,0.018,1.246,1.324,2,NULL,NULL,,3,1,2,7,255,1376,250,0,0
stim,221194,251315,1,251315,3448639.455,-0.648,-0.010,0.092,0.756,2830,109,745,2845,2483,2692,83,2845,41,1.018,1,2256,1,23.709,0.211,-14.063,-10.313,-16.063,-0.109,0.082,0.973,0.000,0.211,-0.191,0.056,0.020,1.246,1.324,2,NULL,NULL,,3,1,2,7,255,1376,250,0,0
stim,221194,251315,1,251315,3448644.453,-0.648,-0.010,0.091,0.756,2810,115,765,2839,2505,2695,166,2853,41,1.018,1,2256,1,22.288,0.211,-11.188,-10.563,-16.125,-0.102,0.086,0.977,0.000,0.211,-0.148,0.058,0.020,1.246,1.324,2,NULL,NULL,,3,1,2,7,255,1376,250,0,0
stim,221216,251337,1,251337,3448649.455,-0.649,-0.010,0.091,0.755,2795,119,816,2827,2526,2649,213,2859,41,1.018,1,2256,1,21.921,0.229,-10.813,-10.375,-16.000,-0.105,0.098,0.996,-0.078,0.215,-0.148,0.058,0.020,1.246,1.324,2,NULL,NULL,,3,1,2,7,255,1376,250,0,0
stim,221216,251337,1,251337,3448654.453,-0.650,-0.010,0.090,0.755,2779,121,893,2813,2549,2693,239,2867,41,1.018,1,2256,1,22.360,0.283,-12.688,-9.938,-15.500,-0.113,0.102,1.008,-0.184,0.215,0.039,0.060,0.020,1.246,1.324,2,NULL,NULL,,3,1,2,7,255,1376,250,0,0
stim,221216,251337,1,251337,3448659.455,-0.650,-0.010,0.089,0.755,2759,153,957,2803,2577,2693,309,2873,41,1.018,1,2256,1,24.230,0.234,-14.375,-9.563,-17.000,-0.117,0.090,0.988,-0.184,0.145,0.039,0.060,0.020,1.246,1.324,2,NULL,NULL,,3,1,2,7,255,1376,250,0,0
stim,221216,251337,1,251337,3448664.454,-0.651,-0.010,0.088,0.754,2739,167,1071,2797,2595,2680,333,2875,41,1.018,1,2256,1,22.455,0.215,-11.250,-10.063,-16.625,-0.117,0.098,0.988,-0.188,0.105,-0.027,0.060,0.022,1.246,1.324,2,NULL,NULL,,3,1,2,7,255,1376,250,0,0
stim,221216,251337,1,251337,3448669.455,-0.651,-0.010,0.088,0.754,2713,173,1135,2778,2615,2696,391,2886,41,1.018,1,2256,1,25.264,0.194,-12.375,-9.750,-19.750,-0.133,0.109,1.008,-0.188,0.051,-0.027,0.060,0.022,1.246,1.324,2,NULL,NULL,,3,1,2,7,255,1376,250,0,0
stim,221216,251337,1,251337,3448674.454,-0.652,-0.010,0.087,0.753,2687,179,1215,2760,2633,2695,488,2891,41,1.018,1,2256,1,24.803,0.282,-10.313,-10.313,-20.063,-0.102,0.105,0.992,-0.277,0.051,0.008,0.060,0.022,1.246,1.324,2,NULL,NULL,,3,1,2,7,255,1376,250,0,0
stim,221262,251383,1,251383,3448679.455,-0.653,-0.010,0.086,0.753,2655,188,1287,2740,2659,2648,523,2893,41,1.018,1,2256,1,27.133,0.336,-13.813,-9.688,-21.250,-0.137,0.117,1.039,-0.324,-0.090,0.215,0.060,0.024,1.246,1.324,2,NULL,NULL,,3,1,2,7,255,1376,250,0,0
stim,221262,251383,1,251383,3448684.454,-0.653,-0.010,0.086,0.752,2617,186,1340,2719,2677,2696,645,2902,41,1.018,1,2256,1,26.144,0.375,-12.000,-10.313,-20.813,-0.102,0.105,1.000,-0.324,0.188,0.098,0.060,0.026,1.246,1.324,2,NULL,NULL,,3,1,2,7,255,1376,250,0,0
stim,221262,251383,1,251383,3448689.455,-0.654,-0.011,0.085,0.751,2584,202,1395,2702,2699,2694,755,2904,41,1.018,1,2256,1,30.998,0.323,-16.813,-9.000,-24.438,-0.117,0.102,1.020,-0.316,0.063,0.281,0.060,0.026,1.246,1.324,2,NULL,NULL,,3,1,2,7,255,1376,250,0,0
stim,221262,251383,1,251383,3448694.454,-0.655,-0.011,0.084,0.751,2537,206,1495,2675,2713,2695,861,2908,41,1.018,1,2256,1,26.119,0.323,-13.063,-10.563,-20.000,-0.121,0.109,1.020,-0.316,0.063,0.281,0.062,0.026,1.246,1.324,2,NULL,NULL,,3,1,2,7,255,1376,250,0,0
stim,221262,251383,1,251383,3448699.455,-0.656,-0.011,0.083,0.750,2491,211,1589,2652,2727,2693,999,2913,41,1.018,1,2256,1,33.007,0.276,-15.063,-9.250,-27.875,-0.117,0.074,1.000,-0.273,0.039,0.281,0.062,0.026,1.246,1.324,2,NULL,NULL,,3,1,2,7,255,1376,250,0,0
stim,221262,251383,1,251383,3448704.453,-0.657,-0.011,0.082,0.750,2439,210,1647,2617,2735,2693,1105,2919,41,1.018,1,2256,1,33.448,0.361,-17.938,-9.563,-26.563,-0.094,0.125,1.035,-0.359,0.039,0.285,0.064,0.026,1.246,1.324,2,NULL,NULL,,3,1,2,7,255,1376,250,0,0
stim,221289,251410,1,251410,3448709.455,-0.658,-0.011,0.081,0.749,2383,206,1758,2584,2751,2682,1215,2920,41,1.018,1,2256,1,30.178,0.342,-16.063,-9.875,-23.563,-0.117,0.102,1.008,-0.340,0.039,0.195,0.066,0.026,1.246,1.324,2,NULL,NULL,,3,1,2,7,255,1376,250,0,0
stim,221289,251410,1,251410,3448714.454,-0.659,-0.012,0.081,0.748,2318,209,1815,2541,2771,2687,1311,2924,41,1.018,1,2256,1,36.446,0.340,-20.313,-9.250,-28.813,-0.121,0.070,0.992,-0.340,-0.004,0.195,0.066,0.026,1.246,1.324,2,NULL,NULL,,3,1,2,7,255,1376,250,0,0
stim,221289,251410,1,251410,3448719.455,-0.659,-0.012,0.079,0.747,2251,206,1877,2503,2791,2685,1413,2931,41,1.018,1,2256,1,38.989,0.148,-23.625,-11.000,-29.000,-0.109,0.078,1.008,-0.148,-0.004,0.152,0.068,0.028,1.246,1.324,2,NULL,NULL,,3,1,2,7,255,1376,250,0,0
stim,221289,251410,1,251410,3448724.454,-0.660,-0.012,0.078,0.747,2163,207,1939,2447,2805,2683,1531,2933,41,1.018,1,2256,1,36.111,0.118,-22.375,-12.375,-25.500,-0.102,0.039,0.992,-0.066,0.098,0.020,0.070,0.028,1.246,1.324,2,NULL,NULL,,3,1,2,7,255,1376,250,0,0
stim,221289,251410,1,251410,3448729.455,-0.661,-0.013,0.077,0.746,2079,207,2013,2383,2824,2681,1622,2939,41,1.018,1,2256,1,35.765,0.222,-23.750,-12.875,-23.438,-0.137,0.012,1.012,0.199,0.098,0.152,0.072,0.028,1.246,1.324,2,NULL,NULL,,3,1,2,7,255,1376,250,0,0
stim,221289,251410,1,251410,3448734.454,-0.662,-0.013,0.076,0.746,1991,205,2091,2299,2837,2681,1709,2943,41,1.018,1,2256,1,38.839,0.204,-27.000,-13.500,-24.438,-0.121,0.059,1.000,0.199,-0.043,0.090,0.074,0.030,1.246,1.324,2,NULL,NULL,,3,1,2,7,255,1376,250,0,0
stim,221290,251411,1,251411,3448739.455,-0.663,-0.013,0.074,0.745,1893,205,2155,2207,2847,2639,1800,2951,41,1.018,1,2256,1,38.287,0.051,-25.375,-15.875,-23.875,-0.113,0.090,0.988,-0.020,-0.047,0.090,0.076,0.032,1.246,1.324,2,NULL,NULL,,3,1,2,7,255,1376,250,0,0
stim,221290,251411,1,251411,3448744.454,-0.664,-0.013,0.073,0.744,1756,203,2207,2109,2861,2677,1868,2956,41,1.018,1,2256,1,37.839,0.167,-22.938,-16.938,-24.875,-0.129,0.070,1.008,-0.160,-0.047,0.090,0.078,0.032,1.246,1.324,2,NULL,NULL,,3,1,2,7,255,1376,250,0,0
stim,221313,251434,1,251434,3448749.455,-0.664,-0.014,0.072,0.744,1607,187,2265,2007,2877,2675,1929,2959,41,1.018,1,2256,1,38.722,0.167,-22.813,-17.500,-25.938,-0.113,0.000,1.020,-0.160,-0.047,0.168,0.080,0.036,1.246,1.324,2,NULL,NULL,,3,1,2,7,255,1376,250,0,0
stim,221313,251434,1,251434,3448754.453,-0.665,-0.014,0.070,0.743,1417,157,2311,1885,2891,2661,2005,2967,41,1.018,1,2256,1,38.192,0.481,-26.000,-18.625,-20.875,-0.074,-0.055,1.031,0.477,0.063,0.223,0.080,0.038,1.246,1.324,2,NULL,NULL,,3,1,2,7,255,1376,250,0,0
stim,221313,251434,1,251434,3448759.455,-0.666,-0.014,0.068,0.743,1289,141,2351,1735,2903,2667,2079,2969,41,1.018,1,2256,1,39.712,0.736,-31.438,-19.500,-14.438,-0.098,-0.031,1.031,0.703,0.219,0.277,0.084,0.040,1.246,1.324,2,NULL,NULL,,3,1,2,7,255,1376,250,0,0
stim,221313,251434,1,251434,3448764.454,-0.666,-0.015,0.067,0.743,1107,111,2399,1543,2915,2661,2135,2975,41,1.018,1,2256,1,38.444,0.736,-30.125,-20.313,-12.563,-0.137,0.055,0.988,0.703,0.219,0.277,0.086,0.044,1.246,1.324,2,NULL,NULL,,3,1,2,7,255,1376,250,0,0
stim,221367,251488,1,251488,3448769.455,-0.667,-0.015,0.065,0.742,923,63,2429,1319,2924,2604,2197,2981,41,1.018,1,2256,1,39.920,0.324,-25.938,-22.375,-20.500,-0.180,0.098,1.027,-0.129,-0.297,0.305,0.090,0.046,1.246,1.324,2,NULL,NULL,,3,1,2,7,255,1376,250,0,0
stim,221367,251488,1,251488,3448774.454,-0.668,-0.015,0.064,0.741,703,28,2456,1092,2936,2649,2261,2985,41,1.018,1,2256,1,50.171,0.676,-29.063,-23.188,-33.688,-0.180,0.039,1.066,-0.129,-0.664,0.426,0.094,0.048,1.246,1.324,2,NULL,NULL,,3,1,2,7,255,1376,250,0,0
stim,221367,251488,1,251488,3448779.455,-0.669,-0.015,0.062,0.740,483,0,2484,863,2951,2642,2315,2989,41,1.018,1,2256,1,59.717,0.666,-36.250,-25.438,-40.063,-0.145,-0.020,1.086,0.047,-0.664,0.773,0.098,0.050,1.246,1.324,2,NULL,NULL,,3,1,2,7,255,1376,250,0,0
stim,221367,251488,1,251488,3448784.453,-0.671,-0.016,0.060,0.739,301,0,2515,654,2955,2577,2367,2995,41,1.018,1,2256,1,64.824,0.530,-41.938,-26.563,-41.688,-0.121,-0.016,1.035,0.449,-0.281,0.773,0.102,0.052,1.246,1.324,2,NULL,NULL,,3,1,2,7,255,1376,250,0,0
stim,221367,251488,1,251488,3448789.455,-0.672,-0.016,0.057,0.738,141,0,2535,423,2969,2613,2419,2999,41,1.018,1,2256,1,61.971,0.530,-38.063,-28.313,-39.875,-0.129,0.039,1.016,0.449,-0.281,0.402,0.106,0.056,1.246,1.324,2,NULL,NULL,,3,1,2,7,255,1376,250,0,0
stim,221367,251488,1,251488,3448794.454,-0.673,-0.016,0.055,0.737,57,0,2557,201,2975,2597,2459,3004,41,1.018,1,2256,1,64.044,0.300,-34.563,-30.625,-44.375,-0.121,0.090,1.035,-0.113,-0.277,0.402,0.106,0.062,1.246,1.324,2,NULL,NULL,,3,1,2,7,255,1376,250,0,0
stim,221367,251488,1,251488,3448799.455,-0.675,-0.016,0.053,0.736,21,0,2584,103,2985,2582,2503,3007,41,1.018,1,2256,1,67.948,0.641,-32.375,-32.500,-50.125,-0.109,0.078,1.035,-0.578,-0.277,0.406,0.104,0.068,1.246,1.324,2,NULL,NULL,,3,1,2,7,255,1376,250,0,0
stim,221367,251488,1,251488,3448804.453,-0.677,-0.016,0.051,0.734,0,0,2601,55,2995,2556,2536,3013,41,1.018,1,2256,1,71.727,0.607,-31.750,-37.938,-51.938,-0.070,0.043,1.035,-0.578,-0.184,0.406,0.102,0.074,1.246,1.324,2,NULL,NULL,,3,1,2,7,255,1376,250,0,0
stim,221367,251488,1,251488,3448809.455,-0.678,-0.015,0.049,0.733,0,0,2615,0,3004,2534,2579,3019,41,1.018,1,2256,1,67.713,0.303,-23.688,-40.813,-48.563,-0.098,0.008,1.031,-0.289,-0.090,0.344,0.100,0.078,1.246,1.324,2,NULL,NULL,,3,1,2,7,255,1376,250,0,0
stim,221367,251488,1,251488,3448814.454,-0.679,-0.014,0.048,0.732,0,0,2637,0,3015,2507,2607,3021,41,1.018,1,2256,0,61.268,0.101,-8.000,-47.188,-38.250,-0.250,-0.023,1.133,0.047,-0.090,0.344,0.096,0.082,1.246,1.324,3,NULL,NULL,,3,1,2,7,255,1376,250,0,0
stim,221367,251488,1,251488,3448819.455,-0.681,-0.013,0.046,0.731,0,0,2637,0,3016,2470,2633,3027,41,1.018,1,2256,0,70.820,1.493,-7.563,-53.313,-46.000,-0.254,0.047,1.285,0.047,-1.492,1.438,0.092,0.088,1.246,1.324,3,NULL,NULL,,3,1,2,7,255,1376,250,0,0
stim,221367,251488,1,251488,3448824.454,-0.683,-0.012,0.044,0.729,0,0,2649,0,3019,2441,2666,3020,41,1.018,1,2256,0,81.342,1.525,-12.375,-56.125,-57.563,-0.273,0.051,1.254,-0.199,-1.512,2.656,0.088,0.094,1.246,1.324,3,NULL,NULL,,3,1,2,7,255,1376,250,0,0
stim,221397,251518,1,251518,3448829.455,-0.685,-0.010,0.042,0.727,0,0,2651,0,3032,2399,2683,3029,41,1.018,1,2256,0,87.563,1.525,-6.375,-62.250,-61.250,-0.199,0.039,1.172,-0.203,-1.512,2.656,0.084,0.100,1.246,1.324,3,NULL,NULL,,3,1,2,7,255,1376,250,0,0
stim,221397,251518,1,251518,3448834.453,-0.686,-0.007,0.040,0.726,0,0,2657,0,3038,2377,2711,3031,41,1.018,1,2256,0,86.380,1.193,17.438,-69.188,-48.688,-0.164,0.098,1.398,-0.242,-1.168,2.656,0.078,0.108,1.246,1.324,3,NULL,NULL,,3,1,2,7,255,1376,250,0,0
stim,221397,251518,1,251518,3448839.455,-0.687,-0.004,0.039,0.726,0,0,2659,0,3044,2335,2732,3031,41,1.018,1,2256,0,84.384,1.094,26.375,-80.000,-5.000,-0.141,0.285,1.582,-0.773,-0.773,3.973,0.076,0.114,1.246,1.324,3,NULL,NULL,,3,1,2,7,255,1376,250,0,0
stim,221397,251518,1,251518,3448844.454,-0.687,-0.002,0.035,0.726,0,0,2652,0,3048,2280,2749,3031,41,1.018,1,2256,0,87.916,2.091,-35.688,-80.250,-3.938,-0.102,0.219,1.332,-1.992,-0.637,3.973,0.076,0.122,1.246,1.324,3,NULL,NULL,,3,1,2,7,255,1376,250,0,0
stim,221397,251518,1,251518,3448849.455,-0.687,-0.001,0.031,0.726,0,0,2647,0,3053,2227,2767,3031,41,1.018,1,2256,0,96.076,2.091,-49.625,-81.688,-9.750,-0.121,-0.016,1.004,-1.992,-0.637,3.297,0.078,0.130,1.246,1.324,3,NULL,NULL,,3,1,2,7,255,1376,250,0,0
stim,221397,251518,0,251518,3448854.453,-0.687,0.001,0.028,0.726,0,0,2637,0,3059,2163,2782,3033,41,1.018,1,2256,0,91.448,0.708,-19.438,-89.000,8.000,-0.105,-0.082,1.004,0.223,-0.672,0.074,0.082,0.138,1.246,1.324,3,NULL,NULL,,3,0,2,7,255,1373,250,0,0
stim,221427,251548,0,251548,3448859.455,-0.686,0.004,0.025,0.727,0,0,2620,0,3061,2073,2794,3030,41,1.018,1,2256,0,96.307,1.133,4.813,-94.750,16.563,-0.160,-0.074,1.078,0.832,-0.770,0.074,0.088,0.146,1.246,1.324,3,NULL,NULL,,3,0,2,7,255,1373,250,0,0
stim,221427,251548,0,251548,3448864.454,-0.686,0.007,0.023,0.727,0,0,2605,0,3064,1981,2813,3031,41,1.018,1,2256,0,100.318,1.343,2.063,-99.188,14.875,-0.133,-0.027,1.238,0.832,-1.055,0.770,0.094,0.154,1.246,1.324,3,NULL,NULL,,3,0,2,7,255,1373,250,0,0
stim,221427,251548,0,251548,3448869.455,-0.686,0.010,0.019,0.728,0,0,2589,0,3067,1877,2831,3031,41,1.018,1,2256,0,102.101,1.310,-12.438,-100.438,13.500,-0.141,0.016,1.215,0.391,-1.250,2.109,0.102,0.162,1.246,1.324,3,NULL,NULL,,3,0,2,7,255,1373,250,0,0
stim,221427,251548,0,251548,3448874.454,-0.685,0.013,0.016,0.728,0,0,2557,0,3068,1740,2845,3027,41,1.018,1,2256,0,105.615,1.282,-1.313,-105.500,4.750,-0.223,0.031,1.016,-0.051,-1.281,2.109,0.110,0.170,1.246,1.324,3,NULL,NULL,,3,0,2,7,255,1373,250,0,0
stim,221465,251586,0,251586,3448879.455,-0.685,0.017,0.013,0.728,0,0,2540,0,3077,1625,2855,3021,41,1.018,1,2256,0,112.952,1.292,12.688,-111.813,9.750,-0.004,0.063,1.180,-0.164,-1.281,1.750,0.122,0.178,1.246,1.324,3,NULL,NULL,,3,0,2,7,255,1373,250,0,0
stim,221465,251586,0,251586,3448884.453,-0.684,0.021,0.011,0.729,0,0,2507,0,3079,1423,2867,3019,41,1.018,1,2256,0,118.991,1.909,19.438,-115.688,19.938,-0.156,0.125,1.164,-0.574,-1.820,1.602,0.134,0.188,1.246,1.324,3,NULL,NULL,,3,0,2,7,255,1373,250,0,0
stim,221465,251586,0,251586,3448889.455,-0.684,0.026,0.008,0.729,0,0,2469,0,3080,1203,2875,3013,41,1.018,1,2256,0,124.000,1.971,21.625,-120.875,17.250,-0.125,0.141,1.289,-1.043,-1.672,1.750,0.150,0.198,1.246,1.324,3,NULL,NULL,,3,0,2,7,255,1373,250,0,0
stim,221465,251586,0,251586,3448894.454,-0.683,0.030,0.005,0.730,0,0,2421,0,3083,965,2889,3005,41,1.018,1,2256,0,127.175,2.042,8.688,-125.000,21.750,-0.078,0.160,1.395,-1.172,-1.672,2.805,0.166,0.210,1.246,1.324,3,NULL,NULL,,3,0,2,7,255,1373,250,0,0
stim,221465,251586,0,251586,3448899.455,-0.682,0.033,0.000,0.731,0,0,2375,0,3082,752,2893,2997,41,1.018,1,2256,0,133.591,1.905,-17.563,-128.813,30.750,-0.027,0.148,1.422,-1.285,-1.406,3.840,0.182,0.224,1.246,1.324,3,NULL,NULL,,3,0,2,7,255,1373,250,0,0
stim,221465,251586,0,251586,3448904.453,-0.680,0.037,-0.005,0.732,0,0,2315,0,3083,583,2899,2987,41,1.018,1,2256,0,144.289,1.934,-35.313,-133.250,42.625,-0.113,0.180,1.328,-1.328,-1.406,3.840,0.202,0.242,1.246,1.324,3,NULL,NULL,,3,0,2,7,255,1373,250,0,0
stim,221465,251586,0,251586,3448909.455,-0.679,0.040,-0.009,0.733,0,0,2249,0,3080,425,2903,2975,41,1.018,1,2256,0,146.521,2.577,-35.000,-137.875,35.125,-0.176,0.230,1.242,-1.570,-2.043,3.148,0.222,0.260,1.246,1.324,3,NULL,NULL,,3,0,2,7,255,1373,250,0,0
stim,221465,251586,0,251586,3448914.454,-0.678,0.043,-0.015,0.733,0,0,2167,0,3087,285,2902,2963,41,1.018,1,2256,0,147.605,3.452,-31.563,-143.125,17.500,-0.242,0.254,1.215,-2.023,-2.797,2.223,0.244,0.282,1.246,1.324,3,NULL,NULL,,3,0,2,7,255,1373,250,0,0
stim,221465,251586,0,251586,3448919.455,-0.678,0.047,-0.020,0.733,0,0,2077,0,3067,153,2904,2939,41,1.018,1,2256,0,149.997,4.094,-23.250,-148.000,-7.375,-0.227,0.223,1.227,-2.023,-3.559,1.965,0.266,0.304,1.246,1.324,3,NULL,NULL,,3,0,2,7,255,1373,250,0,0
stim,221465,251586,0,251586,3448924.454,-0.679,0.052,-0.025,0.732,0,0,1981,0,3065,95,2903,2917,41,1.018,1,2256,0,158.172,4.063,-17.500,-155.750,-21.313,-0.199,0.156,1.277,-1.961,-3.559,1.965,0.294,0.334,1.246,1.324,3,NULL,NULL,,3,0,2,7,255,1373,250,0,0
stim,221493,251614,0,251614,3448929.455,-0.679,0.057,-0.030,0.731,0,0,1851,0,3060,24,2899,2887,41,1.018,1,2256,0,166.468,3.712,-11.813,-164.250,-24.375,-0.160,0.098,1.453,-1.332,-3.465,2.430,0.326,0.368,1.246,1.324,3,NULL,NULL,,3,0,2,7,255,1373,250,0,0
stim,221493,251614,0,251614,3448934.453,-0.679,0.062,-0.035,0.730,0,0,1715,0,3051,4,2892,2853,41,1.018,1,2256,0,177.255,3.549,-15.813,-176.375,-7.813,-0.145,0.039,1.602,-0.770,-3.465,4.129,0.360,0.404,1.246,1.324,3,NULL,NULL,,3,0,2,7,255,1373,250,0,0
stim,221493,251614,0,251614,3448939.455,-0.679,0.067,-0.042,0.730,0,0,1591,0,3046,3,2887,2810,41,1.018,1,2256,0,188.870,3.685,-25.500,-187.000,7.250,-0.230,0.082,1.789,-0.547,-3.645,5.555,0.398,0.444,1.246,1.324,3,NULL,NULL,,3,0,2,7,255,1373,250,0,0
stim,221493,251614,0,251614,3448944.454,-0.678,0.072,-0.049,0.730,0,0,1500,0,3034,12,2869,2765,41,1.018,1,2256,0,204.446,5.053,-44.063,-198.938,16.750,-0.352,0.094,1.871,-0.547,-5.023,7.164,0.438,0.488,1.246,1.324,3,NULL,NULL,,3,0,2,7,255,1373,250,0,0
stim,221527,251648,0,251648,3448949.455,-0.676,0.077,-0.058,0.730,0,0,1371,0,3020,37,2845,2707,41,1.018,1,2256,0,223.015,6.686,-60.938,-213.750,18.250,-0.480,0.133,1.883,-0.633,-6.656,7.402,0.484,0.532,1.246,1.324,3,NULL,NULL,,3,0,2,7,255,1373,250,0,0
stim,221527,251648,0,251648,3448954.453,-0.675,0.082,-0.067,0.730,0,0,1268,0,3004,45,2823,2645,41,1.018,1,2256,0,243.733,8.304,-74.313,-231.750,13.250,-0.512,0.199,1.852,-0.977,-8.246,7.402,0.534,0.582,1.246,1.324,3,NULL,NULL,,3,0,2,7,255,1373,250,0,0
stim,221527,251648,0,251648,3448959.455,-0.675,0.088,-0.077,0.729,0,0,1191,0,2985,46,2788,2577,41,1.018,1,2256,0,260.564,9.054,-75.375,-249.375,4.938,-0.543,0.191,1.855,-1.672,-8.898,6.836,0.588,0.636,1.246,1.324,3,NULL,NULL,,3,0,2,7,255,1373,250,0,0
stim,221527,251648,0,251648,3448964.454,-0.674,0.094,-0.087,0.728,0,0,1107,0,2965,53,2740,2483,41,1.018,1,2256,0,277.917,9.718,-66.625,-269.813,-0.438,-0.535,0.207,1.961,-1.707,-9.566,6.836,0.652,0.700,1.246,1.324,3,NULL,NULL,,3,0,2,7,255,1373,250,0,0
stim,221527,251648,0,251648,3448969.455,-0.673,0.102,-0.097,0.726,0,0,1051,0,2926,51,2671,2365,41,1.018,1,2256,0,297.032,10.281,-63.313,-290.000,-10.938,-0.508,0.160,2.148,-1.672,-10.145,7.398,0.726,0.772,1.246,1.324,3,NULL,NULL,,3,0,2,7,255,1373,250,0,0
stim,221527,251648,0,251648,3448974.454,-0.672,0.109,-0.108,0.725,0,0,978,0,2891,47,2599,2262,41,1.018,1,2256,0,315.974,10.968,-65.063,-309.063,-9.313,-0.488,0.305,2.301,-1.930,-10.797,8.965,0.800,0.846,1.246,1.324,3,NULL,NULL,,3,0,2,7,255,1373,250,0,0
stim,221561,251682,0,251682,3448979.455,-0.670,0.118,-0.120,0.723,0,0,919,0,2839,37,2475,2150,41,1.018,1,2256,0,331.376,12.084,-69.250,-323.875,-10.938,-0.543,0.492,2.438,-3.129,-11.672,10.094,0.876,0.922,1.246,1.324,3,NULL,NULL,,3,0,2,7,255,1373,250,0,0
stim,221561,251682,0,251682,3448984.453,-0.669,0.126,-0.133,0.720,0,0,877,0,2781,28,2357,2035,41,1.018,1,2256,0,355.644,14.248,-79.875,-346.313,-13.063,-0.656,0.516,2.539,-5.035,-13.328,10.738,0.950,0.996,1.246,1.324,3,NULL,NULL,,3,0,2,7,255,1373,250,0,0
stim,221561,251682,0,251682,3448989.455,-0.668,0.135,-0.147,0.717,0,0,815,0,2723,1,2201,1909,41,1.018,1,2256,0,380.297,16.240,-108.313,-364.188,-16.188,-0.668,0.563,2.430,-5.320,-15.344,10.738,1.020,1.070,1.246,1.324,3,NULL,NULL,,3,0,2,7,255,1373,250,0,0
stim,221561,251682,0,251682,3448994.454,-0.666,0.143,-0.162,0.714,0,0,763,0,2636,0,2018,1789,41,1.018,1,2256,0,400.293,16.240,-132.688,-376.813,-25.313,-0.586,0.480,2.180,-5.320,-15.344,9.211,1.084,1.136,1.246,1.324,3,NULL,NULL,,3,0,2,7,255,1373,250,0,0
stim,221561,251682,0,251682,3448999.455,-0.665,0.151,-0.177,0.710,0,0,648,0,2535,0,1784,1678,41,1.018,1,2256,0,408.427,15.419,-124.438,-388.063,-27.125,-0.480,0.238,1.930,-5.309,-14.477,6.816,1.138,1.192,1.246,1.324,3,NULL,NULL,,3,0,2,7,255,1373,250,0,0
stim,221561,251682,0,251682,3449004.453,-0.662,0.161,-0.191,0.706,0,0,495,0,2413,0,1498,1557,41,1.018,1,2256,0,414.564,13.261,-86.375,-405.000,-19.438,-0.371,-0.051,1.938,-3.047,-12.906,5.066,1.182,1.238,1.246,1.324,3,NULL,NULL,,3,0,2,7,255,1373,250,0,0
stim,221587,251709,0,251709,3449009.455,-0.659,0.172,-0.205,0.703,0,0,345,0,2261,0,1101,1381,41,1.018,1,2256,0,423.915,12.409,-63.438,-419.125,3.750,-0.254,-0.219,1.992,-0.414,-12.402,5.066,1.220,1.278,1.246,1.324,3,NULL,NULL,,3,0,2,7,255,1373,250,0,0
stim,221588,251709,0,251709,3449014.454,-0.654,0.183,-0.219,0.700,0,0,263,0,2063,0,697,1235,41,1.018,1,2256,0,429.052,12.450,-51.250,-425.938,6.000,-0.207,-0.250,2.000,1.086,-12.402,5.672,1.268,1.330,1.246,1.324,3,NULL,NULL,,3,0,2,7,255,1373,250,0,0
stim,221588,251709,0,251709,3449019.455,-0.649,0.194,-0.234,0.697,0,0,227,0,1812,0,315,1077,41,1.018,1,2256,0,438.305,12.247,-63.438,-432.563,31.250,-0.035,-0.109,1.754,1.086,-12.199,5.672,1.326,1.392,1.246,1.324,3,NULL,NULL,,3,0,2,7,255,1373,250,0,0
stim,221588,251709,0,251709,3449024.454,-0.644,0.205,-0.248,0.694,0,0,141,0,1507,0,110,927,41,1.018,1,2256,0,441.372,10.304,-60.438,-435.500,38.688,-0.051,-0.188,1.414,0.887,-10.266,4.066,1.396,1.462,1.246,1.324,3,NULL,NULL,,3,0,2,7,255,1373,250,0,0
stim,221588,251709,0,251709,3449029.455,-0.637,0.217,-0.262,0.692,0,0,118,0,1120,0,0,773,41,1.018,1,2256,0,445.944,8.842,-37.250,-440.188,60.938,-0.008,-0.102,1.109,0.203,-8.840,1.047,1.474,1.542,1.246,1.324,3,NULL,NULL,,3,0,2,7,255,1373,250,0,0
stim,221588,251709,0,251709,3449034.454,-0.629,0.229,-0.275,0.690,0,0,108,0,744,0,0,617,41,1.018,1,2256,0,455.952,8.189,10.938,-448.813,79.625,-0.117,-0.164,1.113,0.887,-8.141,-1.410,1.552,1.620,1.246,1.324,3,NULL,NULL,,3,0,2,7,255,1373,250,0,0
stim,221606,251727,0,251727,3449039.455,-0.619,0.243,-0.287,0.690,0,0,89,0,343,0,0,471,41,1.018,1,2256,0,474.446,8.143,47.563,-455.750,123.000,-0.320,0.094,1.266,0.203,-8.141,-2.297,1.630,1.698,1.246,1.324,3,NULL,NULL,,3,0,2,7,255,1373,250,0,0
stim,221606,251727,0,251727,3449044.454,-0.607,0.256,-0.300,0.690,0,0,72,0,13,0,0,343,41,1.018,1,2256,0,497.814,11.049,66.438,-472.125,143.188,-0.574,0.121,1.383,-1.082,-10.996,-3.238,1.708,1.774,1.246,1.324,3,NULL,NULL,,3,0,2,7,255,1373,250,0,0
stim,221606,251727,0,251727,3449049.455,-0.595,0.270,-0.312,0.690,0,0,39,0,0,0,0,183,41,1.018,1,2256,0,511.116,13.888,56.125,-481.250,162.750,-0.637,0.219,1.316,-1.285,-13.828,-4.688,1.786,1.852,1.246,1.324,4,NULL,NULL,,3,0,2,7,255,1373,250,0,0
stim,221606,251727,0,251727,3449054.453,-0.584,0.282,-0.326,0.688,0,0,17,0,0,0,0,109,41,1.018,1,2256,0,486.975,13.929,10.938,-466.625,138.875,-0.395,0.570,1.078,-1.672,-13.828,-6.258,1.860,1.926,1.246,1.324,4,NULL,NULL,,3,0,2,7,255,1373,250,0,0
stim,221606,251727,0,251727,3449059.455,-0.574,0.292,-0.339,0.686,0,0,13,0,0,0,0,53,41,1.018,1,2256,0,449.462,12.318,-27.813,-435.313,108.375,0.031,0.930,0.871,-5.215,-11.160,-6.258,1.928,1.994,1.246,1.324,0,NULL,NULL,,3,0,2,7,255,1373,250,0,0
stim,221606,251727,0,251727,3449064.453,-0.565,0.300,-0.353,0.683,0,0,21,0,0,0,0,69,41,1.018,1,2256,0,415.516,11.945,-67.500,-390.438,125.125,0.090,1.008,0.836,-9.281,-7.520,-6.051,1.992,2.060,1.246,1.324,0,NULL,NULL,,3,0,2,7,255,1373,250,0,0
stim,221666,251787,0,251787,3449069.455,-0.557,0.305,-0.366,0.680,0,0,30,0,0,0,0,119,41,1.018,1,2256,0,385.898,11.850,-112.250,-342.250,138.500,0.004,0.887,0.797,-9.281,-7.367,-6.051,2.054,2.122,1.246,1.324,0,NULL,NULL,,3,0,2,7,255,1373,250,0,0
stim,221666,251787,0,251787,3449074.454,-0.550,0.310,-0.377,0.678,0,0,29,0,0,0,0,168,41,1.018,1,2256,0,308.123,11.489,-77.250,-278.813,106.000,-0.105,0.484,0.926,-8.816,-7.367,-6.848,2.110,2.180,1.246,1.324,0,NULL,NULL,,3,0,2,7,255,1373,250,0,0
stim,221666,251787,0,251787,3449079.455,-0.544,0.313,-0.384,0.677,0,0,29,0,0,0,0,190,41,1.018,1,2256,0,235.998,9.941,-35.938,-216.313,87.250,-0.258,0.055,1.383,-4.770,-8.723,-6.848,2.152,2.222,1.246,1.324,0,NULL,NULL,,3,0,2,7,255,1373,250,0,0
stim,221666,251787,0,251787,3449084.453,-0.540,0.315,-0.391,0.675,0,0,25,0,0,0,0,233,41,1.018,1,2256,0,183.731,13.072,-68.250,-157.063,66.563,-0.332,0.012,1.805,-0.395,-13.066,-5.219,2.178,2.248,1.246,1.324,0,NULL,NULL,,3,0,2,7,255,1373,250,0,0
stim,221666,251787,0,251787,3449089.455,-0.539,0.313,-0.398,0.673,0,0,27,0,0,0,0,239,41,1.018,1,2256,0,193.559,15.516,-162.563,-89.938,54.313,-0.297,-0.004,1.641,-0.027,-15.516,-4.543,2.188,2.258,1.246,1.324,0,NULL,NULL,,3,0,2,7,255,1373,250,0,0
stim,221666,251787,0,251787,3449094.454,-0.540,0.307,-0.407,0.670,0,0,23,0,0,0,0,241,41,1.018,1,2256,0,249.124,15.516,-240.000,-21.313,63.313,-0.254,0.250,0.965,-0.027,-15.516,-4.543,2.182,2.252,1.246,1.324,0,NULL,NULL,,3,0,2,7,255,1373,250,0,0
stim,221666,251787,0,251787,3449099.455,-0.542,0.298,-0.414,0.668,0,0,24,0,0,0,0,240,41,1.018,1,2256,0,258.924,10.000,-246.313,41.188,68.375,-0.281,0.547,0.301,-2.449,-9.695,-8.008,2.170,2.240,1.246,1.324,0,NULL,NULL,,3,0,2,7,255,1373,250,0,0
stim,221666,251787,0,251787,3449104.453,-0.545,0.290,-0.418,0.667,0,0,22,0,0,0,0,220,41,1.018,1,2256,0,228.265,6.266,-197.875,94.688,63.125,-0.309,0.563,-0.020,-4.668,-4.180,-12.074,2.158,2.230,1.246,1.324,0,NULL,NULL,,3,0,2,7,255,1373,250,0,0
stim,221666,251787,0,251787,3449109.457,-0.548,0.281,-0.419,0.667,0,0,23,0,0,0,0,181,41,1.018,1,2256,0,206.500,4.943,-144.813,137.000,53.875,-0.277,0.273,0.020,-4.668,-1.625,-12.723,2.146,2.218,1.246,1.324,0,NULL,NULL,,3,0,2,7,255,1373,250,0,0
stim,221666,251787,0,251787,3449114.453,-0.551,0.273,-0.419,0.668,0,0,19,0,0,1,0,159,41,1.018,1,2256,0,210.661,2.607,-116.000,165.875,58.375,-0.262,0.000,0.160,-2.039,-1.625,-12.723,2.134,2.206,1.246,1.324,0,NULL,NULL,,3,0,2,7,255,1373,250,0,0
stim,221666,251787,0,251787,3449119.455,-0.554,0.264,-0.419,0.670,0,0,13,0,0,0,0,141,41,1.018,1,2256,0,227.440,2.717,-112.438,185.938,67.188,-0.281,0.027,0.160,0.109,-2.715,-11.363,2.124,2.196,1.246,1.324,0,NULL,NULL,,3,0,2,7,255,1373,250,0,0
stim,221666,251787,0,251787,3449124.454,-0.557,0.254,-0.418,0.672,0,0,13,0,0,0,0,139,41,1.018,1,2256,0,238.238,2.717,-107.313,199.250,74.438,-0.238,0.070,0.000,0.109,-2.715,-11.363,2.118,2.190,1.246,1.324,0,NULL,NULL,,3,0,2,7,255,1373,250,0,0
stim,221696,251817,0,251817,3449129.455,-0.559,0.244,-0.416,0.675,0,0,8,0,0,0,0,139,41,1.018,1,2256,0,239.295,1.317,-81.938,205.313,91.625,-0.254,0.039,-0.141,0.109,-1.313,-11.906,2.118,2.190,1.246,1.324,0,NULL,NULL,,3,0,2,7,255,1373,250,0,0
stim,221696,251817,0,251817,3449134.453,-0.560,0.235,-0.413,0.678,0,0,8,0,0,0,0,132,41,1.018,1,2256,0,237.364,0.672,-47.750,209.188,101.500,-0.313,0.063,-0.156,0.406,-0.535,-12.645,2.122,2.196,1.246,1.324,0,NULL,NULL,,3,0,2,7,255,1373,250,0,0
stim,221696,251817,0,251817,3449139.455,-0.562,0.226,-0.410,0.682,0,0,0,0,0,0,0,137,41,1.018,1,2256,0,236.111,0.672,-20.500,213.313,99.125,-0.316,0.105,-0.105,0.406,-0.535,-13.113,2.136,2.210,1.246,1.324,0,NULL,NULL,,3,0,2,7,255,1373,250,0,0
stim,221696,251817,0,251817,3449144.454,-0.563,0.218,-0.405,0.687,0,0,0,0,0,0,0,137,41,1.018,1,2256,0,240.534,1.053,0.438,216.375,105.063,-0.277,0.109,-0.063,-0.066,-1.051,-13.113,2.156,2.230,1.246,1.324,0,NULL,NULL,,3,0,2,7,255,1373,250,0,0
stim,221696,251817,0,251817,3449149.455,-0.563,0.210,-0.400,0.692,0,0,0,0,0,0,0,139,41,1.018,1,2256,0,249.584,1.233,19.813,220.000,116.188,-0.363,0.156,0.035,-0.254,-1.207,-12.746,2.180,2.254,1.246,1.324,0,NULL,NULL,,3,0,2,7,255,1373,250,0,0
stim,221696,251817,0,251817,3449154.453,-0.563,0.202,-0.395,0.697,0,0,0,0,0,0,0,139,41,1.018,1,2256,0,251.393,2.608,34.063,222.125,112.688,-0.453,0.160,0.164,-0.594,-2.539,-12.613,2.210,2.286,1.246,1.324,0,NULL,NULL,,3,0,2,7,255,1373,250,0,0
stim,221727,251848,0,251848,3449159.455,-0.564,0.195,-0.388,0.702,0,0,0,0,0,0,0,136,41,1.018,1,2256,0,249.120,4.168,43.063,223.563,101.125,-0.492,0.105,0.305,-0.594,-4.125,-12.613,2.248,2.324,1.246,1.324,0,NULL,NULL,,3,0,2,7,255,1373,250,0,0
stim,221727,251848,0,251848,3449164.453,-0.565,0.187,-0.382,0.707,0,0,0,0,0,0,0,135,41,1.018,1,2256,0,246.955,5.506,45.188,224.500,92.438,-0.516,0.051,0.434,-0.258,-5.500,-11.777,2.290,2.366,1.246,1.324,0,NULL,NULL,,3,0,2,7,255,1373,250,0,0
stim,221727,251848,0,251848,3449169.455,-0.566,0.180,-0.376,0.711,0,0,0,0,0,0,0,136,41,1.018,1,2256,0,245.320,6.598,41.875,226.188,85.250,-0.594,0.063,0.578,-0.066,-6.598,-10.824,2.336,2.414,1.246,1.324,0,NULL,NULL,,3,0,2,7,255,1373,250,0,0
stim,221727,251848,0,251848,3449174.454,-0.567,0.173,-0.370,0.715,0,0,1,0,0,0,0,135,41,1.018,1,2256,0,241.219,8.199,34.313,228.313,69.875,-0.656,0.133,0.738,-0.066,-8.199,-10.344,2.384,2.462,1.246,1.324,0,NULL,NULL,,3,0,2,7,255,1373,250,0,0
stim,221765,251886,0,251886,3449179.455,-0.570,0.165,-0.364,0.718,0,0,4,0,0,0,0,141,41,1.018,1,2256,0,237.725,9.834,19.500,232.063,47.750,-0.656,0.199,0.867,-0.855,-9.797,-9.824,2.434,2.514,1.246,1.324,0,NULL,NULL,,3,0,2,7,255,1373,250,0,0
stim,221765,251886,0,251886,3449184.453,-0.573,0.157,-0.358,0.720,0,0,5,0,0,0,0,137,41,1.018,1,2256,0,239.431,10.880,-3.125,237.625,29.188,-0.625,0.203,0.926,-1.750,-10.738,-9.000,2.482,2.564,1.246,1.324,0,NULL,NULL,,3,0,2,7,255,1373,250,0,0
stim,221765,251886,0,251886,3449189.455,-0.577,0.149,-0.353,0.722,0,0,7,0,0,0,0,141,41,1.018,1,2256,0,246.614,10.919,-25.750,244.938,12.688,-0.609,0.188,0.891,-1.977,-10.738,-8.207,2.530,2.612,1.246,1.324,0,NULL,NULL,,3,0,2,7,255,1373,250,0,0
stim,221765,251886,0,251886,3449194.454,-0.581,0.140,-0.347,0.723,0,0,7,0,0,0,0,135,41,1.018,1,2256,0,256.462,10.688,-40.625,253.188,-4.313,-0.578,0.141,0.813,-1.977,-10.504,-8.102,2.574,2.656,1.246,1.324,0,NULL,NULL,,3,0,2,7,255,1373,250,0,0
stim,221765,251886,0,251886,3449199.455,-0.586,0.131,-0.342,0.723,0,0,4,0,0,0,0,140,41,1.018,1,2256,0,266.692,9.796,-45.500,261.875,-21.813,-0.566,0.121,0.723,-1.602,-9.664,-8.102,2.614,2.698,1.246,1.324,0,NULL,NULL,,3,0,2,7,255,1373,250,0,0
stim,221765,251886,0,251886,3449204.454,-0.592,0.122,-0.336,0.722,0,0,2,0,0,0,0,139,41,1.018,1,2256,0,278.007,9.041,-43.875,271.500,-40.625,-0.535,0.090,0.664,-1.363,-8.938,-8.371,2.648,2.734,1.246,1.324,0,NULL,NULL,,3,0,2,7,255,1373,250,0,0
stim,221765,251886,0,251886,3449209.455,-0.598,0.113,-0.330,0.721,0,0,1,0,0,0,0,151,41,1.018,1,2256,0,291.141,8.344,-40.188,282.563,-57.500,-0.477,0.047,0.621,-1.109,-8.270,-8.371,2.678,2.764,1.246,1.324,0,NULL,NULL,,3,0,2,7,255,1373,250,0,0
stim,221765,251886,0,251886,3449214.453,-0.605,0.104,-0.323,0.720,0,0,5,0,0,0,0,155,41,1.018,1,2256,0,303.014,7.559,-33.750,293.750,-66.250,-0.418,0.051,0.527,-0.941,-7.500,-8.293,2.704,2.792,1.246,1.324,0,NULL,NULL,,3,0,2,7,255,1373,250,0,0
stim,221765,251886,0,251886,3449219.455,-0.612,0.096,-0.315,0.719,0,0,5,0,0,0,0,153,41,1.018,1,2256,0,314.160,6.487,-13.563,305.125,-73.563,-0.391,0.066,0.445,-0.941,-6.418,-8.293,2.728,2.816,1.246,1.324,0,NULL,NULL,,3,0,2,7,255,1373,250,0,0
stim,221765,251886,0,251886,3449224.454,-0.619,0.087,-0.306,0.718,0,0,0,0,0,0,0,153,41,1.018,1,2256,0,326.482,5.821,13.625,315.313,-83.563,-0.336,0.098,0.457,-1.023,-5.730,-8.293,2.750,2.838,1.246,1.324,0,NULL,NULL,,3,0,2,7,255,1373,250,0,0
stim,221793,251914,0,251914,3449229.455,-0.627,0.080,-0.295,0.717,0,0,0,0,0,0,0,155,41,1.018,1,2256,0,341.305,5.514,32.375,325.625,-97.000,-0.105,0.098,0.496,-1.531,-5.297,-8.270,2.770,2.860,1.246,1.324,0,NULL,NULL,,3,0,2,7,255,1373,250,0,0
stim,221793,251914,0,251914,3449234.453,-0.634,0.072,-0.285,0.716,0,0,0,0,0,0,0,155,41,1.018,1,2256,0,349.023,3.835,48.250,333.750,-90.000,0.078,-0.012,0.426,-1.531,-3.516,-6.766,2.792,2.882,1.246,1.324,0,NULL,NULL,,3,0,2,7,255,1373,250,0,0
stim,221793,251914,0,251914,3449239.455,-0.640,0.065,-0.273,0.716,0,0,0,0,0,0,0,153,41,1.018,1,2256,0,347.788,2.990,81.813,332.375,-61.563,0.004,0.113,0.430,-2.168,-2.059,-6.652,2.814,2.904,1.246,1.324,0,NULL,NULL,,3,0,2,7,255,1373,250,0,0
stim,221793,251914,0,251914,3449244.453,-0.645,0.059,-0.260,0.716,0,0,0,0,0,0,0,156,41,1.018,1,2256,0,355.927,3.117,118.000,330.563,-59.063,-0.074,0.230,0.566,-2.340,-2.059,-6.148,2.840,2.930,1.246,1.324,0,NULL,NULL,,3,0,2,7,255,1373,250,0,0
stim,221818,251939,0,251939,3449249.455,-0.651,0.053,-0.246,0.716,0,0,0,0,0,0,0,153,41,1.018,1,2256,0,362.398,4.660,143.938,327.188,-59.688,-0.047,0.145,0.742,-3.348,-3.242,-6.148,2.866,2.958,1.246,1.324,0,NULL,NULL,,3,0,2,7,255,1373,250,0,0
stim,221818,251939,0,251939,3449254.454,-0.656,0.048,-0.231,0.717,0,0,0,0,0,0,0,155,41,1.018,1,2256,0,364.224,5.105,158.313,323.750,-52.750,-0.047,0.156,0.891,-3.656,-3.563,-4.141,2.896,2.988,1.246,1.324,0,NULL,NULL,,3,0,2,7,255,1373,250,0,0
stim,221818,251939,0,251939,3449259.455,-0.660,0.044,-0.217,0.718,0,0,0,0,0,0,0,155,41,1.018,1,2256,0,362.194,5.501,162.250,320.500,-46.250,-0.055,0.223,1.047,-3.805,-3.973,-2.777,2.928,3.020,1.246,1.324,0,NULL,NULL,,3,0,2,7,255,1373,250,0,0
stim,221818,251939,0,251939,3449264.453,-0.665,0.039,-0.203,0.718,0,0,0,0,0,0,0,153,41,1.018,1,2256,0,361.130,6.449,167.313,317.500,-40.188,-0.086,0.305,1.133,-4.734,-4.379,-1.453,2.964,3.056,1.246,1.324,0,NULL,NULL,,3,0,2,7,255,1373,250,0,0
stim,221818,251939,0,251939,3449269.455,-0.669,0.035,-0.188,0.719,0,0,0,0,0,0,0,155,41,1.018,1,2256,0,363.419,7.304,176.625,314.688,-43.000,-0.145,0.375,1.238,-5.563,-4.734,-0.828,3.000,3.092,1.246,1.324,0,NULL,NULL,,3,0,2,7,255,1373,250,0,0
stim,221818,251939,0,251939,3449274.454,-0.673,0.031,-0.173,0.719,0,0,0,0,0,0,0,150,41,1.018,1,2256,0,364.567,8.000,181.438,311.813,-52.563,-0.148,0.309,1.422,-5.953,-5.344,-0.012,3.034,3.126,1.246,1.324,0,NULL,NULL,,3,0,2,7,255,1373,250,0,0
stim,221861,251982,0,251982,3449279.455,-0.677,0.027,-0.159,0.719,0,0,0,0,0,0,0,149,41,1.018,1,2256,0,356.816,8.000,171.250,308.375,-53.813,-0.086,0.238,1.586,-5.953,-5.344,2.055,3.066,3.160,1.246,1.324,0,NULL,NULL,,3,0,2,7,255,1373,250,0,0
stim,221861,251982,0,251982,3449284.453,-0.680,0.022,-0.145,0.718,0,0,0,0,0,0,0,147,41,1.018,1,2256,0,345.813,7.707,153.000,306.250,-48.875,-0.082,0.273,1.672,-5.848,-5.020,4.109,3.096,3.192,1.246,1.324,0,NULL,NULL,,3,0,2,7,255,1373,250,0,0
stim,221861,251982,0,251982,3449289.455,-0.684,0.017,-0.131,0.717,0,0,0,0,0,0,0,149,41,1.018,1,2256,0,337.341,7.576,136.000,304.375,-51.563,-0.109,0.301,1.723,-5.848,-4.816,5.047,3.124,3.218,1.246,1.324,0,NULL,NULL,,3,0,2,7,255,1373,250,0,0
stim,221861,251982,0,251982,3449294.453,-0.688,0.012,-0.118,0.716,0,0,0,0,0,0,0,149,41,1.018,1,2256,0,331.347,7.681,123.875,302.000,-56.938,-0.125,0.309,1.793,-6.055,-4.727,5.582,3.146,3.242,1.246,1.324,0,NULL,NULL,,3,0,2,7,255,1373,250,0,0
stim,221861,251982,0,251982,3449299.455,-0.691,0.006,-0.106,0.715,0,0,0,0,0,0,0,147,41,1.018,1,2256,0,325.829,7.652,104.375,301.438,-66.375,-0.129,0.332,1.824,-6.113,-4.602,6.383,3.166,3.262,1.246,1.324,0,NULL,NULL,,3,0,2,7,255,1373,250,0,0
stim,221861,251982,0,251982,3449304.454,-0.695,-0.001,-0.095,0.712,0,0,0,0,0,0,0,146,41,1.018,1,2256,0,321.036,7.421,83.875,300.813,-74.438,-0.082,0.289,1.777,-6.113,-4.207,6.637,3.184,3.280,1.246,1.324,0,NULL,NULL,,3,0,2,7,255,1373,250,0,0
stim,221894,252015,0,252015,3449309.455,-0.699,-0.007,-0.083,0.710,0,0,0,0,0,0,0,149,41,1.018,1,2256,0,316.327,6.543,71.875,299.188,-73.375,-0.047,0.266,1.695,-5.703,-3.207,6.637,3.196,3.294,1.246,1.324,0,NULL,NULL,,3,0,2,7,255,1373,250,0,0
stim,221894,252015,0,252015,3449314.453,-0.703,-0.014,-0.072,0.708,0,0,0,0,0,0,0,152,41,1.018,1,2256,0,313.411,5.954,69.688,296.625,-73.375,-0.051,0.301,1.676,-5.480,-2.328,6.020,3.206,3.304,1.246,1.324,0,NULL,NULL,,3,0,2,7,255,1373,250,0,0
stim,221894,252015,0,252015,3449319.455,-0.706,-0.021,-0.061,0.705,0,0,0,0,0,0,0,148,41,1.018,1,2256,0,310.596,5.654,66.813,293.438,-76.813,-0.027,0.293,1.668,-5.328,-1.891,5.883,3.216,3.314,1.246,1.324,0,NULL,NULL,,3,0,2,7,255,1373,250,0,0
stim,221894,252015,0,252015,3449324.454,-0.710,-0.027,-0.050,0.702,0,0,0,0,0,0,0,148,41,1.018,1,2256,0,306.800,5.466,64.813,289.938,-76.563,0.031,0.262,1.633,-5.328,-1.219,5.871,3.222,3.322,1.246,1.324,0,NULL,NULL,,3,0,2,7,255,1373,250,0,0
stim,221894,252015,0,252015,3449329.455,-0.713,-0.034,-0.040,0.700,0,0,3,0,0,0,0,149,41,1.018,1,2256,0,302.183,4.892,68.750,285.750,-70.250,0.059,0.270,1.594,-4.887,-0.230,5.688,3.226,3.328,1.246,1.324,0,NULL,NULL,,3,0,2,7,255,1373,250,0,0
stim,221894,252015,0,252015,3449334.453,-0.715,-0.040,-0.029,0.697,0,0,3,0,0,0,0,147,41,1.018,1,2256,0,298.760,4.908,78.438,281.000,-64.375,0.051,0.316,1.598,-4.887,0.457,5.328,3.228,3.330,1.246,1.324,0,NULL,NULL,,3,0,2,7,255,1373,250,0,0
stim,221894,252015,0,252015,3449339.455,-0.718,-0.045,-0.018,0.694,0,0,3,0,0,0,0,149,41,1.018,1,2256,0,296.531,5.197,88.813,276.250,-61.063,0.063,0.336,1.629,-5.133,0.816,5.328,3.228,3.330,1.246,1.324,0,NULL,NULL,,3,0,2,7,255,1373,250,0,0
stim,221894,252015,0,252015,3449344.453,-0.720,-0.050,-0.006,0.692,0,0,3,0,0,0,0,149,41,1.018,1,2256,0,294.786,5.304,99.813,271.688,-55.875,0.109,0.316,1.660,-5.133,1.336,5.594,3.224,3.326,1.246,1.324,0,NULL,NULL,,3,0,2,7,255,1373,250,0,0
stim,221913,252034,0,252034,3449349.455,-0.722,-0.055,0.005,0.690,0,0,3,0,0,0,0,151,41,1.018,1,2256,0,294.733,5.342,113.688,267.875,-46.750,0.156,0.313,1.699,-4.879,2.176,5.906,3.214,3.318,1.246,1.324,0,NULL,NULL,,3,0,2,7,255,1373,250,0,0
stim,221913,252034,0,252034,3449354.454,-0.724,-0.058,0.018,0.687,0,0,5,0,0,0,0,151,41,1.018,1,2256,0,296.787,5.756,128.625,264.938,-36.688,0.188,0.348,1.773,-4.879,3.055,6.254,3.198,3.304,1.246,1.324,0,NULL,NULL,,3,0,2,7,255,1373,250,0,0
stim,221913,252034,0,252034,3449359.455,-0.725,-0.062,0.030,0.685,0,0,7,0,0,0,0,147,41,1.018,1,2256,0,298.824,6.105,139.625,262.750,-27.625,0.238,0.355,1.852,-4.730,3.859,6.898,3.176,3.282,1.246,1.324,0,NULL,NULL,,3,0,2,7,255,1373,250,0,0
stim,221913,252034,0,252034,3449364.453,-0.726,-0.065,0.042,0.684,0,0,5,0,0,0,0,150,41,1.018,1,2256,0,299.729,6.762,146.938,260.688,-17.000,0.320,0.355,1.891,-4.730,4.832,7.570,3.148,3.254,1.246,1.324,0,NULL,NULL,,3,0,2,7,255,1373,250,0,0
stim,221974,252095,0,252095,3449369.455,-0.726,-0.068,0.055,0.682,0,0,9,0,0,0,0,152,41,1.018,1,2256,0,301.853,7.551,154.750,259.125,-4.688,0.445,0.387,1.883,-4.449,6.102,7.570,3.112,3.218,1.246,1.324,0,NULL,NULL,,3,0,2,7,255,1373,250,0,0
stim,221974,252095,0,252095,3449374.454,-0.726,-0.070,0.068,0.681,0,0,17,0,0,0,0,153,41,1.018,1,2256,0,308.533,8.848,169.563,257.563,10.125,0.582,0.395,1.875,-4.395,7.680,7.375,3.064,3.170,1.246,1.324,0,NULL,NULL,,3,0,2,7,255,1373,250,0,0
stim,221974,252095,0,252095,3449379.455,-0.725,-0.072,0.082,0.680,0,0,17,0,0,0,0,151,41,1.018,1,2256,0,319.761,10.217,189.750,255.875,27.750,0.695,0.359,1.941,-4.070,9.371,7.180,3.010,3.116,1.246,1.324,0,NULL,NULL,,3,0,2,7,255,1373,250,0,0
stim,221974,252095,0,252095,3449384.454,-0.723,-0.073,0.097,0.680,0,0,13,0,0,0,0,147,41,1.018,1,2256,0,330.732,11.441,206.188,254.625,45.125,0.770,0.305,2.059,-3.355,10.938,7.180,2.950,3.056,1.246,1.324,0,NULL,NULL,,3,0,2,7,255,1373,250,0,0
stim,221974,252095,0,252095,3449389.455,-0.721,-0.073,0.111,0.680,0,0,17,0,0,0,0,151,41,1.018,1,2256,0,338.612,12.503,215.625,253.750,61.438,0.824,0.285,2.188,-2.445,12.262,7.965,2.884,2.990,1.246,1.324,0,NULL,NULL,,3,0,2,7,255,1373,250,0,0
stim,221974,252095,0,252095,3449394.453,-0.719,-0.074,0.126,0.680,0,0,16,0,0,0,0,151,41,1.018,1,2256,0,342.977,13.581,217.938,253.750,75.813,0.871,0.332,2.289,-1.832,13.457,8.844,2.812,2.916,1.246,1.324,0,NULL,NULL,,3,0,2,7,255,1373,250,0,0
stim,221974,252095,0,252095,3449399.455,-0.716,-0.074,0.141,0.680,0,0,13,0,0,0,0,149,41,1.018,1,2256,0,344.172,14.708,214.125,255.000,87.063,0.914,0.395,2.344,-1.832,14.594,9.414,2.734,2.836,1.246,1.324,0,NULL,NULL,,3,0,2,7,255,1373,250,0,0
stim,221974,252095,0,252095,3449404.454,-0.712,-0.075,0.155,0.681,0,0,17,0,0,0,0,155,41,1.018,1,2256,0,343.484,15.692,206.875,256.063,98.063,0.945,0.430,2.375,-1.984,15.566,9.492,2.652,2.752,1.246,1.324,0,NULL,NULL,,3,0,2,7,255,1373,250,0,0
stim,221974,252095,0,252095,3449409.457,-0.708,-0.076,0.169,0.682,0,0,17,0,0,0,0,156,41,1.018,1,2256,0,339.264,16.491,194.188,256.688,107.250,0.977,0.441,2.383,-1.984,16.371,9.492,2.564,2.664,1.246,1.324,0,NULL,NULL,,3,0,2,7,255,1373,250,0,0
stim,221974,252095,0,252095,3449414.453,-0.703,-0.077,0.183,0.683,0,0,12,0,0,0,0,159,41,1.018,1,2256,0,331.553,17.192,177.688,254.438,116.688,0.996,0.379,2.328,-1.797,17.098,9.133,2.472,2.570,1.246,1.324,0,NULL,NULL,,3,0,2,7,255,1373,250,0,0
stim,221974,252095,0,252095,3449419.455,-0.698,-0.079,0.196,0.684,0,0,17,0,0,0,0,157,41,1.018,1,2256,0,323.902,17.466,165.500,248.000,126.563,1.039,0.277,2.262,-0.992,17.438,8.176,2.378,2.474,1.246,1.324,0,NULL,NULL,,3,0,2,7,255,1373,250,0,0
stim,221974,252095,0,252095,3449424.454,-0.693,-0.080,0.208,0.686,0,0,16,0,0,0,0,165,41,1.018,1,2256,0,312.850,17.895,151.500,239.063,133.313,1.098,0.152,2.105,0.086,17.895,6.953,2.282,2.376,1.246,1.324,0,NULL,NULL,,3,0,2,7,255,1373,250,0,0
stim,221996,252117,0,252117,3449429.455,-0.687,-0.081,0.220,0.688,0,0,17,0,0,0,0,187,41,1.018,1,2256,0,303.896,17.933,142.563,226.875,143.375,1.164,-0.023,1.844,1.176,17.895,4.809,2.184,2.276,1.246,1.324,0,NULL,NULL,,3,0,2,7,255,1373,250,0,0
stim,221996,252117,0,252117,3449434.454,-0.681,-0.082,0.231,0.690,0,0,21,0,0,0,0,224,41,1.018,1,2256,0,300.822,17.993,144.188,211.938,157.438,1.180,-0.293,1.508,2.543,17.813,1.582,2.086,2.174,1.246,1.324,0,NULL,NULL,,3,0,2,7,255,1373,250,0,0
stim,221996,252117,0,252117,3449439.455,-0.674,-0.082,0.243,0.693,0,0,21,0,0,0,0,243,41,1.018,1,2256,0,305.421,17.329,161.813,194.625,170.938,1.148,-0.602,1.172,4.559,16.719,-2.215,1.982,2.068,1.246,1.324,0,NULL,NULL,,3,0,2,7,255,1373,250,0,0
stim,221996,252117,0,252117,3449444.453,-0.668,-0.080,0.255,0.695,0,0,19,0,0,0,0,247,41,1.018,1,2256,0,319.137,16.591,199.188,176.938,175.688,1.113,-0.871,0.957,6.914,15.082,-5.898,1.874,1.956,1.246,1.324,0,NULL,NULL,,3,0,2,7,255,1373,250,0,0
stim,221996,252117,0,252117,3449449.455,-0.662,-0.075,0.268,0.696,0,0,18,0,0,0,0,247,41,1.018,1,2256,0,345.561,16.585,253.188,160.188,172.188,1.090,-1.031,0.961,9.063,13.891,-8.535,1.764,1.842,1.246,1.324,0,NULL,NULL,,3,0,2,7,255,1373,250,0,0
stim,221996,252117,0,252117,3449454.454,-0.656,-0.069,0.282,0.697,0,0,17,0,0,0,0,237,41,1.018,1,2256,0,374.322,17.462,303.750,145.750,163.125,1.082,-1.016,1.238,10.582,13.891,-8.535,1.650,1.724,1.246,1.324,0,NULL,NULL,,3,0,2,7,255,1373,250,0,0
stim,222029,252150,0,252150,3449459.455,-0.651,-0.062,0.296,0.696,0,0,18,0,0,0,0,239,41,1.018,1,2256,0,383.302,18.435,326.000,135.188,149.563,1.133,-0.848,1.672,10.629,15.063,-7.320,1.532,1.604,1.246,1.324,0,NULL,NULL,,3,0,2,7,255,1373,250,0,0
stim,222029,252150,0,252150,3449464.453,-0.646,-0.056,0.310,0.695,0,0,17,0,0,0,0,275,41,1.018,1,2256,0,359.892,20.667,309.125,129.500,131.125,1.195,-0.734,2.059,10.734,17.660,-4.063,1.412,1.480,1.246,1.324,0,NULL,NULL,,3,0,2,7,255,1373,250,0,0
stim,222029,252150,0,252150,3449469.455,-0.642,-0.051,0.321,0.695,0,0,19,0,0,0,0,300,41,1.018,1,2256,0,310.981,22.784,261.438,124.750,113.125,1.332,-0.641,2.316,10.637,20.148,-1.402,1.288,1.352,1.246,1.324,0,NULL,NULL,,3,0,2,7,255,1373,250,0,0
stim,222029,252150,0,252150,3449474.454,-0.638,-0.048,0.331,0.693,0,0,19,0,0,0,0,332,41,1.018,1,2256,0,254.460,25.120,208.938,123.500,76.438,1.398,-0.848,2.234,10.734,22.711,-1.402,1.162,1.220,1.246,1.324,0,NULL,NULL,,3,0,2,7,255,1373,250,0,0
stim,222064,252185,0,252185,3449479.455,-0.635,-0.046,0.340,0.692,0,0,23,0,0,0,0,355,41,1.018,1,2256,0,206.996,25.987,164.188,117.313,46.125,1.699,-0.926,2.148,12.258,22.914,-2.387,1.032,1.086,1.246,1.324,0,NULL,NULL,,3,0,2,7,255,1373,250,0,0
stim,222064,252185,0,252185,3449484.454,-0.633,-0.046,0.346,0.691,0,0,22,0,0,0,0,393,41,1.018,1,2256,0,165.856,27.871,123.438,105.688,33.188,1.973,-0.992,2.031,12.258,25.031,-5.238,0.904,0.950,1.246,1.324,0,NULL,NULL,,3,0,2,7,255,1373,250,0,0
stim,222064,252185,0,252185,3449489.455,-0.631,-0.046,0.352,0.690,0,0,20,0,0,0,0,408,41,1.018,1,2256,0,130.685,29.287,92.063,88.563,27.563,2.055,-1.043,1.902,11.984,26.723,-8.090,0.780,0.816,1.246,1.324,0,NULL,NULL,,3,0,2,7,255,1373,250,0,0
stim,222064,252185,0,252185,3449494.453,-0.630,-0.045,0.356,0.689,0,0,23,0,0,0,0,415,41,1.018,1,2256,0,95.083,29.228,69.563,63.250,14.188,2.074,-1.031,1.863,11.840,26.723,-9.977,0.660,0.682,1.246,1.324,0,NULL,NULL,,3,0,2,7,255,1373,250,0,0
stim,222064,252185,0,252185,3449499.455,-0.629,-0.045,0.358,0.688,0,0,23,0,0,0,0,416,41,1.018,1,2256,0,59.460,29.042,48.438,33.188,9.375,2.098,-0.930,1.824,11.527,26.656,-10.543,0.554,0.554,1.246,1.324,0,NULL,NULL,,3,0,2,7,255,1373,250,0,0
stim,222064,252185,0,252185,3449504.454,-0.629,-0.044,0.359,0.688,0,0,21,0,0,0,0,423,41,1.018,1,2256,0,34.900,28.630,29.938,0.063,17.938,2.063,-0.773,1.852,10.465,26.648,-10.543,0.464,0.430,1.246,1.324,0,NULL,NULL,,3,0,2,7,255,1373,250,0,0
stim,222064,252185,0,252185,3449509.455,-0.629,-0.042,0.358,0.689,0,0,22,0,0,0,0,408,41,1.018,1,2256,0,45.415,28.137,12.313,-32.875,28.813,1.848,-0.598,1.855,9.234,26.578,-9.672,0.400,0.316,1.246,1.324,0,NULL,NULL,,3,0,2,7,255,1373,250,0,0
stim,222064,252185,0,252185,3449514.453,-0.628,-0.040,0.356,0.691,0,0,0,0,0,0,0,527,41,1.018,1,2256,0,78.536,26.559,-16.750,-63.250,43.438,1.477,-0.703,2.121,9.234,24.902,-7.793,0.370,0.222,1.246,1.324,0,NULL,NULL,,3,0,2,7,255,1373,250,0,0
stim,222064,252185,0,252185,3449519.455,-0.622,-0.019,0.362,0.695,18,0,0,148,0,17,0,553,41,1.018,1,2256,0,531.035,27.122,350.688,-217.375,334.313,0.453,-0.516,5.227,10.746,24.902,-4.258,0.386,0.176,1.246,1.324,0,NULL,NULL,,3,0,2,7,255,1373,250,0,0
stim,222064,252185,0,252185,3449524.454,-0.614,-0.005,0.358,0.703,465,0,0,724,0,127,0,565,41,1.018,1,2256,0,410.302,35.203,53.813,-223.750,339.688,-0.176,1.531,7.598,17.270,30.676,24.305,0.416,0.190,1.246,1.324,0,NULL,NULL,,3,0,2,7,255,1373,250,0,0
stim,222094,252215,0,252215,3449529.455,-0.609,-0.023,0.327,0.722,999,0,0,1213,0,364,0,621,41,1.018,1,2256,0,927.929,35.203,-900.125,-112.500,195.375,-1.359,1.676,3.348,17.270,30.676,29.023,0.446,0.220,1.246,1.324,0,NULL,NULL,,3,0,2,7,255,1373,250,0,0
stim,222094,252215,0,252215,3449534.454,-0.606,-0.046,0.289,0.740,1445,0,0,1553,0,556,0,659,41,1.018,1,2256,0,1105.990,3.874,-1092.188,-144.125,97.813,-0.844,2.555,-0.676,-0.484,3.844,29.023,0.474,0.256,1.246,1.324,0,NULL,NULL,,3,0,2,7,255,1373,250,0,0
stim,222094,252215,0,252215,3449539.455,-0.605,-0.059,0.264,0.749,1821,0,0,1821,0,767,0,715,43,1.018,1,2257,0,665.991,24.412,-654.438,-116.063,42.250,-0.766,1.836,-2.734,-20.496,-13.262,-3.277,0.502,0.290,1.246,1.324,1,1312.000,-61.000,,3,0,2,7,255,1373,250,0,0
stim,222094,252215,0,252215,3449544.453,-0.605,-0.059,0.254,0.752,2080,0,0,1955,0,925,0,787,43,1.018,1,2257,0,252.871,25.538,-200.938,-152.250,19.688,-0.832,-0.121,-1.855,-20.496,-15.234,-22.785,0.518,0.314,1.246,1.324,1,NULL,NULL,,3,0,2,7,255,1373,250,0,0
stim,222119,252240,0,252240,3449549.455,-0.606,-0.052,0.252,0.753,2253,0,0,2040,0,1052,0,850,43,1.018,1,2257,0,174.575,15.237,53.813,-162.438,34.563,-0.395,-0.668,0.727,-0.270,-15.234,-22.785,0.516,0.332,1.246,1.324,1,NULL,NULL,,3,0,2,7,255,1373,250,0,0
stim,222119,252240,0,252240,3449554.454,-0.605,-0.047,0.248,0.755,2403,0,0,2138,0,1247,0,919,43,1.018,1,2257,0,149.478,0.717,-12.000,-136.188,60.438,0.070,1.074,2.039,-0.270,0.664,-3.973,0.500,0.348,1.246,1.324,1,NULL,NULL,,3,0,2,7,255,1373,250,0,0
stim,222119,252240,0,252240,3449559.457,-0.603,-0.047,0.240,0.760,2573,0,0,2336,0,1353,0,991,43,1.018,1,2257,0,216.103,7.620,-160.000,-117.750,85.063,-0.086,2.129,2.152,-6.230,4.387,10.613,0.478,0.366,1.246,1.324,2,NULL,NULL,,3,0,2,7,255,1373,250,0,0
stim,222119,252240,0,252240,3449564.454,-0.601,-0.051,0.227,0.765,2723,0,0,2549,0,1353,0,1019,43,1.018,1,2257,0,328.160,7.748,-303.750,-108.500,60.438,-0.773,1.164,1.516,-6.387,4.387,10.613,0.462,0.378,1.246,1.324,2,NULL,NULL,,3,0,2,7,255,1373,250,0,0
stim,222119,252240,0,252240,3449569.455,-0.598,-0.054,0.211,0.771,2816,0,0,2705,0,1367,0,1129,43,1.018,1,2257,0,414.203,7.058,-370.438,-153.375,104.000,-1.730,-1.180,0.246,-6.387,-3.004,9.172,0.448,0.372,1.246,1.324,2,NULL,NULL,,3,0,2,7,255,1373,250,0,0
stim,222119,252240,0,252240,3449574.454,-0.599,-0.057,0.196,0.775,2885,0,0,2805,0,1373,0,1253,43,1.018,1,2257,0,357.995,19.617,-317.313,-165.750,-0.688,-1.547,-1.734,-0.375,15.957,-11.410,-4.613,0.428,0.350,1.246,1.324,2,NULL,NULL,,3,0,2,7,255,1373,250,0,0
stim,222161,252282,0,252282,3449579.455,-0.603,-0.054,0.187,0.774,2937,0,0,2885,0,1351,0,1385,43,1.018,1,2257,0,231.535,19.617,-114.313,-177.125,-95.750,-0.734,-0.984,-0.105,15.957,-11.410,-10.434,0.404,0.316,1.246,1.324,2,NULL,NULL,,3,0,2,7,255,1373,250,0,0
stim,222161,252282,0,252282,3449584.454,-0.608,-0.049,0.182,0.771,2961,0,0,2953,0,1415,0,1444,43,1.018,1,2257,0,205.896,12.016,5.313,-175.063,-108.250,0.086,-0.188,1.137,10.969,-4.906,-10.434,0.372,0.270,1.246,1.324,2,NULL,NULL,,3,0,2,7,255,1373,250,0,0
stim,222161,252282,0,252282,3449589.455,-0.612,-0.045,0.177,0.770,2987,0,0,3000,0,1439,0,1485,43,1.018,1,2257,0,176.939,6.023,-17.125,-154.375,-84.750,0.520,-0.281,2.012,3.605,4.824,-0.016,0.338,0.232,1.246,1.324,2,NULL,NULL,,3,0,2,7,255,1373,250,0,0
stim,222161,252282,0,252282,3449594.453,-0.613,-0.044,0.169,0.770,3017,0,0,3035,0,1493,0,1526,43,1.018,1,2257,0,191.715,12.127,-127.938,-139.250,-31.563,0.707,-0.660,2.004,3.605,11.578,5.676,0.306,0.202,1.246,1.324,2,NULL,NULL,,3,0,2,7,255,1373,250,0,0
stim,222161,252282,0,252282,3449599.455,-0.612,-0.045,0.158,0.773,3032,0,0,3077,0,1593,0,1565,43,1.018,1,2257,0,258.542,13.334,-220.375,-127.313,45.500,0.570,-0.953,1.289,6.613,11.578,5.676,0.282,0.180,1.246,1.324,2,NULL,NULL,,3,0,2,7,255,1373,250,0,0
stim,222161,252282,0,252282,3449604.453,-0.609,-0.046,0.148,0.778,3036,0,0,3107,0,1735,0,1637,43,1.018,1,2257,0,267.201,13.902,-217.313,-118.250,100.938,0.066,-0.984,0.566,8.719,10.828,-0.766,0.270,0.168,1.246,1.324,2,NULL,NULL,,3,0,2,7,255,1373,250,0,0
stim,222193,252314,0,252314,3449609.455,-0.606,-0.046,0.140,0.782,3045,0,0,3107,0,1865,0,1689,43,1.018,1,2257,0,217.788,9.710,-148.938,-119.813,104.375,-0.504,-0.695,0.340,8.719,4.273,-6.066,0.264,0.156,1.246,1.324,2,NULL,NULL,,3,0,2,7,255,1373,250,0,0
stim,222193,252314,0,252314,3449614.454,-0.605,-0.043,0.134,0.784,3053,0,0,3128,39,1991,0,1751,43,1.018,1,2257,0,156.061,8.297,-87.375,-126.000,29.063,-0.852,-0.199,0.832,8.004,-2.188,-6.066,0.260,0.148,1.246,1.324,2,NULL,NULL,,3,0,2,7,255,1373,250,0,0
stim,222193,252314,0,252314,3449619.455,-0.607,-0.041,0.128,0.783,3045,0,0,3129,275,2134,0,1883,43,1.018,1,2257,0,147.227,5.021,-59.313,-129.625,-36.813,-0.195,0.129,0.906,4.520,-2.188,-0.652,0.256,0.140,1.246,1.324,2,NULL,NULL,,3,0,2,7,255,1373,250,0,0
stim,222193,252314,0,252314,3449624.454,-0.608,-0.038,0.123,0.783,3043,0,0,3145,507,2222,94,2015,43,1.018,1,2257,0,140.263,0.016,-57.625,-124.563,-28.938,0.117,0.043,1.309,-0.016,0.000,-0.285,0.254,0.134,1.246,1.324,2,NULL,NULL,,3,0,2,7,255,1373,250,0,0
stim,222193,252314,0,252314,3449629.455,-0.610,-0.037,0.119,0.783,3053,0,0,3143,723,2279,95,2123,43,1.018,1,2257,0,112.332,3.914,-56.125,-87.625,-42.313,0.313,-0.168,1.977,-0.016,3.914,2.441,0.258,0.118,1.246,1.324,2,NULL,NULL,,3,0,2,7,255,1373,250,0,0
stim,222193,252314,0,252314,3449634.453,-0.612,-0.037,0.115,0.782,3044,0,0,3155,979,2323,88,2195,43,1.018,1,2257,0,106.775,7.597,-77.188,-47.813,-56.188,0.625,-0.188,1.234,0.801,7.555,2.441,0.270,0.100,1.246,1.324,2,NULL,NULL,,3,0,2,7,255,1373,250,0,0
stim,222193,252314,0,252314,3449639.455,-0.613,-0.037,0.112,0.781,3043,0,0,3155,1117,2298,89,2233,43,1.018,1,2257,0,64.965,7.597,-38.438,-44.688,-27.313,0.539,0.379,0.984,0.801,7.555,0.563,0.286,0.080,1.246,1.324,2,NULL,NULL,,3,0,2,7,255,1373,250,0,0
stim,222193,252314,0,252314,3449644.454,-0.614,-0.036,0.111,0.781,3044,18,0,3159,1199,2367,107,2293,43,1.018,1,2257,0,33.120,6.589,-13.938,-28.625,-9.125,0.145,0.258,1.219,-2.285,6.180,0.563,0.302,0.064,1.246,1.324,2,NULL,NULL,,3,0,2,7,255,1373,250,0,0
stim,222213,252334,0,252334,3449649.455,-0.614,-0.038,0.108,0.781,3047,25,0,3161,1290,2398,120,2341,43,1.018,1,2257,0,69.985,3.954,-65.500,-19.563,-15.000,-0.355,-0.227,1.328,-2.285,3.227,1.820,0.310,0.056,1.246,1.324,2,NULL,NULL,,3,0,2,7,255,1373,250,0,0
stim,222213,252334,0,252334,3449654.453,-0.615,-0.039,0.105,0.780,3050,40,0,3159,1353,2404,123,2361,43,1.018,1,2257,0,95.380,2.188,-83.000,-17.625,-43.563,-0.223,-0.152,0.879,2.188,-0.031,1.820,0.318,0.052,1.246,1.324,2,NULL,NULL,,3,0,2,7,255,1373,250,0,0
stim,222213,252334,0,252334,3449659.455,-0.618,-0.040,0.103,0.779,3043,55,0,3171,1451,2411,133,2393,43,1.018,1,2257,0,81.637,2.188,-38.500,-14.563,-70.500,-0.078,0.133,0.895,2.188,-0.031,-0.996,0.322,0.046,1.246,1.324,2,NULL,NULL,,3,0,2,7,255,1373,250,0,0
stim,222213,252334,0,252334,3449664.454,-0.620,-0.040,0.102,0.777,3051,67,0,3160,1515,2425,148,2419,43,1.018,1,2257,0,71.806,1.121,-21.438,-13.188,-67.250,0.082,0.207,1.117,-0.883,0.691,-0.996,0.328,0.042,1.246,1.324,2,NULL,NULL,,3,0,2,7,255,1373,250,0,0
stim,222242,252363,0,252363,3449669.455,-0.621,-0.041,0.099,0.776,3047,98,0,3163,1565,2399,166,2431,43,1.018,1,2257,0,59.139,2.644,-43.438,-8.938,-39.125,0.035,-0.031,1.121,-0.883,2.492,0.844,0.334,0.036,1.246,1.324,2,NULL,NULL,,3,0,2,7,255,1373,250,0,0
stim,222242,252363,0,252363,3449674.454,-0.622,-0.043,0.097,0.776,3038,109,0,3162,1607,2445,171,2455,43,1.018,1,2257,0,66.264,2.534,-62.000,-6.375,-22.500,-0.180,-0.125,0.965,0.457,2.492,0.844,0.338,0.032,1.246,1.324,2,NULL,NULL,,3,0,2,7,255,1373,250,0,0
stim,222274,252395,0,252395,3449679.455,-0.623,-0.045,0.095,0.775,3045,111,0,3163,1645,2459,171,2469,43,1.018,1,2257,0,68.491,0.591,-56.500,-4.625,-38.438,-0.270,0.035,0.918,0.457,0.375,-0.305,0.344,0.028,1.246,1.324,2,NULL,NULL,,3,0,2,7,255,1373,250,0,0
stim,222274,252395,0,252395,3449684.453,-0.625,-0.046,0.093,0.774,3043,109,0,3164,1672,2453,185,2471,43,1.018,1,2257,0,72.129,0.496,-45.063,-5.375,-56.063,-0.117,-0.004,0.945,0.324,0.375,-0.492,0.348,0.024,1.246,1.324,2,NULL,NULL,,3,0,2,7,255,1373,250,0,0
stim,222274,252395,0,252395,3449689.455,-0.627,-0.047,0.091,0.772,3039,135,20,3177,1715,2483,183,2484,43,1.018,1,2257,0,61.983,0.725,-38.625,-4.688,-48.250,0.039,-0.145,0.973,0.324,0.648,-0.504,0.356,0.016,1.246,1.324,2,NULL,NULL,,3,0,2,7,255,1373,250,0,0
stim,222274,252395,0,252395,3449694.454,-0.627,-0.048,0.090,0.772,3047,141,52,3165,1757,2483,185,2491,43,1.018,1,2257,0,41.233,2.775,-33.875,-2.500,-23.375,0.059,-0.164,0.957,1.313,2.445,-0.613,0.362,0.010,1.246,1.324,2,NULL,NULL,,3,0,2,7,255,1373,250,0,0
stim,222274,252395,0,252395,3449699.455,-0.627,-0.048,0.089,0.772,3045,140,56,3165,1779,2485,169,2491,43,1.018,1,2257,0,29.819,2.775,-29.563,-1.438,-3.625,-0.055,-0.059,0.973,1.313,2.445,-0.613,0.366,0.006,1.246,1.324,2,NULL,NULL,,3,0,2,7,255,1373,250,0,0
stim,222274,252395,0,252395,3449704.453,-0.627,-0.049,0.088,0.772,3044,155,57,3171,1800,2486,157,2487,43,1.018,1,2257,0,26.394,1.523,-26.375,-0.125,-1.000,-0.160,0.035,0.984,0.621,1.391,-0.406,0.370,0.002,1.246,1.324,2,NULL,NULL,,3,0,2,7,255,1373,250,0,0
stim,222274,252395,0,252395,3449709.455,-0.628,-0.050,0.087,0.772,3051,167,120,3167,1823,2489,155,2490,43,1.018,1,2257,0,25.890,0.234,-23.438,0.000,-11.000,-0.172,0.094,1.012,-0.059,0.227,-0.035,0.000,0.000,1.246,1.324,2,NULL,NULL,,3,0,2,7,255,1373,250,0,0
stim,222274,252395,0,252395,3449714.453,-0.628,-0.050,0.086,0.772,3054,175,141,3163,1838,2457,152,2488,43,1.009,1,2257,1,24.931,0.628,-19.688,1.813,-15.188,-0.090,0.070,0.988,-0.586,0.227,-0.035,0.000,0.000,1.192,1.312,2,NULL,NULL,,3,0,2,7,255,1373,250,0,0
stim,222292,252413,0,252413,3449719.455,-0.628,-0.051,0.086,0.772,3049,183,158,3180,1853,2504,152,2499,43,1.009,1,2257,1,18.569,0.989,-17.813,1.125,-5.125,-0.082,0.047,0.988,-0.586,0.797,-0.125,0.004,0.002,1.192,1.312,2,NULL,NULL,,3,0,2,7,255,1373,250,0,0
stim,222292,252413,0,252413,3449724.454,-0.628,-0.051,0.085,0.772,3055,182,198,3171,1873,2503,152,2488,43,1.009,1,2257,1,16.942,0.879,-16.875,0.438,1.438,-0.164,0.039,0.992,-0.371,0.797,-0.125,0.006,0.004,1.192,1.312,2,NULL,NULL,,3,0,2,7,255,1373,250,0,0
stim,222292,252413,0,252413,3449729.455,-0.628,-0.052,0.085,0.772,3052,197,217,3171,1879,2487,149,2491,43,1.009,1,2257,1,14.762,0.241,-14.438,0.313,-3.063,-0.191,0.043,0.980,-0.160,0.180,0.000,0.010,0.008,1.192,1.312,2,NULL,NULL,,3,0,2,7,255,1373,250,0,0
stim,222292,252413,0,252413,3449734.453,-0.629,-0.052,0.084,0.771,3055,205,236,3176,1893,2494,149,2502,43,1.009,1,2257,1,13.248,0.228,-10.688,0.500,-7.813,-0.152,0.027,0.980,-0.141,0.180,0.000,0.014,0.010,1.192,1.312,2,NULL,NULL,,3,0,2,7,255,1373,250,0,0
stim,222292,252413,0,252413,3449739.455,-0.629,-0.052,0.084,0.771,3047,203,279,3175,1899,2504,141,2501,43,1.009,1,2257,1,11.416,0.289,-10.063,0.438,-5.375,-0.121,0.008,1.004,-0.105,0.270,0.000,0.016,0.014,1.192,1.312,2,NULL,NULL,,3,0,2,7,255,1373,250,0,0
stim,222292,252413,0,252413,3449744.453,-0.629,-0.052,0.083,0.771,3049,201,317,3170,1907,2477,135,2493,43,1.009,1,2257,1,10.849,0.489,-10.625,0.750,-2.063,-0.137,0.008,1.000,0.031,0.488,0.066,0.020,0.018,1.192,1.312,2,NULL,NULL,,3,0,2,7,255,1373,250,0,0
stim,222311,252432,0,252432,3449749.455,-0.629,-0.053,0.083,0.771,3051,200,341,3171,1915,2495,125,2493,43,1.009,1,2257,1,9.507,0.492,-9.250,0.750,-2.063,-0.152,0.004,0.980,0.059,0.488,0.066,0.024,0.024,1.192,1.312,2,NULL,NULL,,3,0,2,7,255,1373,250,0,0
stim,222311,252432,0,252432,3449754.454,-0.629,-0.053,0.083,0.771,3055,200,352,3165,1927,2502,121,2494,43,1.009,1,2257,1,7.107,0.368,-6.813,0.313,-2.000,-0.148,-0.008,0.973,0.094,0.355,-0.102,0.028,0.028,1.192,1.312,2,NULL,NULL,,3,0,2,7,255,1373,250,0,0
stim,222311,252432,0,252432,3449759.455,-0.629,-0.053,0.083,0.771,3043,205,364,3195,1929,2501,121,2493,43,1.009,1,2257,1,5.275,0.402,-5.188,0.188,-0.938,-0.145,-0.012,0.977,0.188,0.355,-0.148,0.034,0.034,1.192,1.312,2,NULL,NULL,,3,0,2,7,255,1373,250,0,0
stim,222311,252432,0,252432,3449764.453,-0.629,-0.053,0.082,0.771,3047,203,375,3175,1944,2505,117,2493,43,1.009,1,2257,1,4.598,0.475,-4.500,-0.125,0.938,-0.145,-0.016,0.977,0.219,0.422,-0.160,0.038,0.038,1.192,1.312,2,NULL,NULL,,3,0,2,7,255,1373,250,0,0
stim,222336,252457,0,252457,3449769.455,-0.629,-0.053,0.082,0.771,3053,205,397,3163,1950,2495,117,2492,43,1.009,1,2257,1,4.156,0.492,-3.438,-0.625,2.250,-0.152,-0.016,0.973,0.254,0.422,-0.160,0.042,0.042,1.192,1.312,2,NULL,NULL,,3,0,2,7,255,1373,250,0,0
stim,222336,252457,0,252457,3449774.454,-0.629,-0.053,0.082,0.771,3049,204,429,3160,1949,2446,107,2495,43,1.009,1,2257,1,3.227,0.415,-1.313,-1.063,2.750,-0.156,-0.008,0.973,0.254,0.328,-0.184,0.044,0.046,1.192,1.312,2,NULL,NULL,,3,0,2,7,255,1373,250,0,0
stim,222364,252485,0,252485,3449779.455,-0.629,-0.053,0.082,0.772,3047,205,442,3159,1959,2494,109,2496,43,1.009,1,2257,1,4.336,0.342,0.125,-1.813,3.938,-0.160,-0.004,0.973,0.184,0.289,-0.184,0.048,0.048,1.192,1.312,2,NULL,NULL,,3,0,2,7,255,1373,250,0,0
stim,222364,252485,0,252485,3449784.454,-0.628,-0.053,0.082,0.772,3043,197,457,3155,1951,2494,107,2501,43,1.009,1,2257,1,6.124,0.268,1.313,-2.750,5.313,-0.164,0.004,0.977,0.160,0.215,-0.141,0.050,0.052,1.192,1.312,2,NULL,NULL,,3,0,2,7,255,1373,250,0,0
stim,222364,252485,0,252485,3449789.455,-0.628,-0.053,0.082,0.772,3041,199,469,3149,1957,2495,116,2516,43,1.009,1,2257,1,8.486,0.237,1.875,-3.875,7.313,-0.172,0.004,0.980,0.145,0.188,-0.133,0.052,0.054,1.192,1.312,2,NULL,NULL,,3,0,2,7,255,1373,250,0,0
stim,222364,252485,0,252485,3449794.453,-0.628,-0.051,0.078,0.772,3032,191,484,3147,1971,2503,133,2508,43,1.009,1,2257,1,9.257,0.189,1.750,-4.750,7.750,-0.180,-0.004,0.984,0.145,0.121,-0.063,0.054,0.056,1.192,1.312,2,NULL,NULL,,3,0,2,7,255,1373,250,0,0
stim,222364,252485,0,252485,3449799.455,-0.628,-0.051,0.078,0.773,3030,189,495,3145,1980,2493,133,2520,43,1.009,1,2257,1,9.588,0.145,2.875,-5.813,7.063,-0.180,0.008,0.977,0.145,-0.016,-0.063,0.056,0.058,1.192,1.312,2,NULL,NULL,,3,0,2,7,255,1373,250,0,0
stim,222364,252485,0,252485,3449804.454,-0.628,-0.051,0.078,0.773,3021,188,509,3135,1982,2493,134,2521,43,1.009,1,2257,1,10.232,0.121,5.188,-6.688,5.750,-0.180,0.035,0.984,0.105,-0.059,-0.027,0.056,0.058,1.192,1.312,2,NULL,NULL,,3,0,2,7,255,1373,250,0,0
stim,222364,252485,0,252485,3449809.455,-0.628,-0.050,0.078,0.773,3013,189,533,3125,1993,2495,142,2519,43,1.009,1,2257,1,10.343,0.210,5.875,-7.375,4.250,-0.180,0.070,1.012,-0.180,-0.109,0.008,0.058,0.058,1.192,1.312,2,NULL,NULL,,3,0,2,7,255,1373,250,0,0
stim,222364,252485,0,252485,3449814.454,-0.628,-0.050,0.078,0.773,3003,197,559,3115,2011,2496,153,2525,43,1.009,1,2257,1,9.426,0.532,4.500,-7.813,2.750,-0.176,0.105,1.023,-0.520,-0.113,0.277,0.058,0.056,1.192,1.312,2,NULL,NULL,,3,0,2,7,255,1373,250,0,0
stim,222364,252485,0,252485,3449819.455,-0.628,-0.049,0.078,0.773,2995,197,605,3107,2029,2495,167,2532,43,1.009,1,2257,1,10.083,0.838,3.188,-9.063,3.063,-0.195,0.129,1.023,-0.828,-0.129,0.379,0.058,0.056,1.192,1.312,2,NULL,NULL,,3,0,2,7,255,1373,250,0,0
stim,222364,252485,0,252485,3449824.454,-0.628,-0.049,0.078,0.773,2985,207,651,3096,2059,2494,185,2543,43,1.009,1,2257,1,10.601,1.104,1.313,-10.438,1.313,-0.230,0.184,1.043,-1.035,-0.383,0.410,0.058,0.054,1.192,1.312,2,NULL,NULL,,3,0,2,7,255,1373,250,0,0
stim,222395,252516,0,252516,3449829.455,-0.628,-0.048,0.078,0.773,2981,218,695,3089,2099,2496,225,2565,43,1.009,1,2257,1,13.279,1.679,-0.563,-10.813,-7.688,-0.230,0.238,1.055,-1.465,-0.820,0.680,0.056,0.052,1.192,1.312,2,NULL,NULL,,3,0,2,7,255,1373,250,0,0
stim,222395,252516,0,252516,3449834.454,-0.628,-0.048,0.077,0.773,2959,226,749,3081,2135,2505,263,2572,43,1.009,1,2257,1,19.488,2.158,-1.875,-10.875,-16.063,-0.148,0.254,1.059,-1.996,-0.820,0.727,0.056,0.048,1.192,1.312,2,NULL,NULL,,3,0,2,7,255,1373,250,0,0
stim,222395,252516,0,252516,3449839.455,-0.629,-0.048,0.077,0.772,2951,245,805,3065,2180,2500,299,2581,43,1.009,1,2257,1,18.326,2.004,-5.125,-9.875,-14.563,-0.082,0.199,1.070,-1.996,-0.176,0.727,0.056,0.044,1.192,1.312,2,NULL,NULL,,3,0,2,7,255,1373,250,0,0
stim,222395,252516,0,252516,3449844.453,-0.629,-0.047,0.076,0.772,2935,253,840,3060,2205,2493,333,2587,43,1.009,1,2257,1,16.885,1.981,-11.625,-8.438,-8.875,-0.098,0.121,1.039,-1.906,0.539,0.711,0.056,0.040,1.192,1.312,2,NULL,NULL,,3,0,2,7,255,1373,250,0,0
stim,222421,252542,0,252542,3449849.455,-0.629,-0.048,0.076,0.772,2927,253,891,3052,2231,2462,367,2591,43,1.009,1,2257,1,17.350,1.269,-13.375,-7.625,-8.000,-0.141,0.078,0.977,-1.148,0.539,0.398,0.056,0.036,1.192,1.312,2,NULL,NULL,,3,0,2,7,255,1373,250,0,0
stim,222421,252542,0,252542,3449854.453,-0.630,-0.048,0.075,0.772,2909,251,958,3049,2257,2493,399,2601,43,1.009,1,2257,1,17.732,0.664,-9.438,-6.938,-13.313,-0.156,0.039,0.945,-0.656,0.102,-0.145,0.056,0.032,1.192,1.312,2,NULL,NULL,,3,0,2,7,255,1373,250,0,0
stim,222421,252542,0,252542,3449859.455,-0.630,-0.047,0.075,0.771,2901,252,1017,3042,2281,2495,413,2608,43,1.009,1,2257,1,17.924,0.266,-4.000,-6.875,-16.063,-0.129,0.031,0.969,-0.246,0.102,-0.223,0.056,0.028,1.192,1.312,2,NULL,NULL,,3,0,2,7,255,1373,250,0,0
stim,222421,252542,0,252542,3449864.454,-0.631,-0.047,0.074,0.771,2901,267,1094,3043,2298,2461,489,2616,43,1.009,1,2257,1,17.689,0.359,-3.125,-6.250,-16.250,-0.117,0.055,1.000,-0.246,0.262,-0.223,0.056,0.024,1.192,1.312,2,NULL,NULL,,3,0,2,7,255,1373,250,0,0
stim,222421,252542,0,252542,3449869.455,-0.632,-0.047,0.074,0.770,2873,269,1163,3032,2328,2495,541,2621,43,1.009,1,2257,1,17.375,0.534,-6.250,-5.500,-15.250,-0.125,0.051,1.012,-0.418,0.332,0.051,0.056,0.018,1.192,1.312,2,NULL,NULL,,3,0,2,7,255,1373,250,0,0
stim,222421,252542,0,252542,3449874.454,-0.632,-0.047,0.073,0.770,2860,271,1215,3025,2356,2495,631,2631,43,1.009,1,2257,1,19.488,0.534,-11.250,-4.750,-15.188,-0.145,-0.008,0.996,-0.418,0.332,0.051,0.056,0.014,1.192,1.312,2,NULL,NULL,,3,0,2,7,255,1373,250,0,0
stim,222462,252583,0,252583,3449879.455,-0.633,-0.048,0.073,0.770,2856,287,1272,3020,2380,2473,709,2635,43,1.009,1,2257,1,21.202,0.281,-13.375,-4.750,-15.750,-0.164,-0.059,0.961,0.176,0.219,0.043,0.056,0.008,1.192,1.312,2,NULL,NULL,,3,0,2,7,255,1373,250,0,0
stim,222462,252583,0,252583,3449884.454,-0.633,-0.048,0.072,0.769,2827,315,1369,3017,2397,2502,795,2643,43,1.009,1,2257,1,20.814,0.669,-11.000,-5.438,-16.813,-0.180,-0.059,0.941,0.664,0.082,-0.273,0.058,0.004,1.192,1.312,2,NULL,NULL,,3,0,2,7,255,1373,250,0,0
stim,222462,252583,0,252583,3449889.455,-0.634,-0.048,0.072,0.769,2826,316,1425,3012,2413,2502,840,2659,43,1.009,1,2257,1,21.743,0.675,-7.250,-6.125,-19.563,-0.191,-0.012,0.965,0.664,-0.121,-0.273,0.058,0.002,1.192,1.312,2,NULL,NULL,,3,0,2,7,255,1373,250,0,0
stim,222462,252583,0,252583,3449894.454,-0.635,-0.048,0.071,0.768,2799,345,1495,3000,2441,2503,938,2664,43,1.009,1,2257,1,25.245,0.362,-8.375,-6.625,-22.875,-0.188,0.023,1.004,0.262,-0.250,-0.168,0.060,0.002,1.192,1.312,2,NULL,NULL,,3,0,2,7,255,1373,250,0,0
stim,222462,252583,0,252583,3449899.455,-0.635,-0.048,0.070,0.768,2787,365,1579,2981,2463,2496,1059,2663,43,1.009,1,2257,1,28.574,0.250,-13.750,-7.375,-23.938,-0.184,0.012,1.016,-0.008,-0.250,0.211,0.062,0.004,1.192,1.312,2,NULL,NULL,,3,0,2,7,255,1373,250,0,0
stim,222462,252583,0,252583,3449904.453,-0.636,-0.049,0.069,0.767,2773,398,1677,2971,2487,2501,1125,2668,43,1.009,1,2257,1,31.612,0.250,-18.688,-8.250,-24.125,-0.191,0.000,1.004,-0.008,-0.250,0.211,0.066,0.006,1.192,1.312,2,NULL,NULL,,3,0,2,7,255,1373,250,0,0
stim,222492,252613,0,252613,3449909.455,-0.637,-0.049,0.068,0.766,2739,408,1749,2956,2505,2501,1195,2676,43,1.009,1,2257,1,34.937,0.266,-20.563,-9.250,-26.688,-0.199,0.004,0.988,0.047,-0.262,0.180,0.068,0.006,1.192,1.312,2,NULL,NULL,,3,0,2,7,255,1373,250,0,0
stim,222492,252613,0,252613,3449914.454,-0.638,-0.049,0.067,0.766,2715,430,1820,2937,2527,2503,1280,2683,43,1.009,1,2257,1,38.252,0.266,-20.375,-10.313,-30.688,-0.180,0.023,0.992,0.047,-0.262,0.078,0.070,0.006,1.192,1.312,2,NULL,NULL,,3,0,2,7,255,1373,250,0,0
stim,222492,252613,0,252613,3449919.455,-0.639,-0.050,0.066,0.765,2683,462,1895,2923,2550,2503,1357,2695,43,1.009,1,2257,1,40.879,0.294,-21.438,-10.688,-33.125,-0.160,0.035,1.016,-0.188,-0.227,0.078,0.070,0.008,1.192,1.312,2,NULL,NULL,,3,0,2,7,255,1373,250,0,0
stim,222492,252613,0,252613,3449924.454,-0.640,-0.050,0.065,0.764,2661,481,1987,2909,2578,2504,1456,2701,43,1.009,1,2257,1,44.529,0.350,-25.188,-10.500,-35.188,-0.148,0.047,1.031,-0.348,-0.043,0.254,0.072,0.008,1.192,1.312,2,NULL,NULL,,3,0,2,7,255,1373,250,0,0
stim,222492,252613,0,252613,3449929.455,-0.641,-0.050,0.064,0.763,2632,492,2071,2895,2592,2503,1553,2712,43,1.009,1,2257,1,49.004,0.513,-29.813,-10.313,-37.500,-0.133,0.055,1.023,-0.512,0.039,0.309,0.074,0.008,1.192,1.312,2,NULL,NULL,,3,0,2,7,255,1373,250,0,0
stim,222492,252613,0,252613,3449934.453,-0.643,-0.051,0.062,0.762,2601,519,2127,2876,2611,2505,1619,2717,43,1.009,1,2257,1,49.484,0.586,-31.250,-9.688,-37.125,-0.094,0.035,0.988,-0.559,0.176,0.309,0.076,0.008,1.192,1.312,2,NULL,NULL,,3,0,2,7,255,1373,250,0,0
stim,222492,252613,0,252613,3449939.455,-0.644,-0.051,0.061,0.761,2572,549,2193,2861,2629,2491,1667,2725,43,1.009,1,2257,1,44.270,0.760,-28.813,-9.250,-32.313,-0.090,-0.023,0.961,-0.559,0.516,-0.090,0.076,0.008,1.192,1.312,2,NULL,NULL,,3,0,2,7,255,1373,250,0,0
stim,222492,252613,0,252613,3449944.454,-0.645,-0.052,0.060,0.761,2517,561,2255,2844,2647,2504,1733,2731,43,1.009,1,2257,1,38.096,0.516,-23.750,-9.063,-28.375,-0.121,-0.047,0.965,-0.004,0.516,-0.301,0.078,0.008,1.192,1.312,2,NULL,NULL,,3,0,2,7,255,1373,250,0,0
stim,222513,252634,0,252634,3449949.455,-0.645,-0.052,0.059,0.760,2479,571,2317,2827,2669,2503,1803,2740,43,1.009,1,2257,1,36.947,0.345,-21.000,-9.313,-28.938,-0.141,-0.035,0.984,0.137,0.316,-0.301,0.078,0.008,1.192,1.312,2,NULL,NULL,,3,0,2,7,255,1373,250,0,0
stim,222513,252634,0,252634,3449954.453,-0.646,-0.053,0.057,0.759,2447,589,2362,2813,2683,2469,1875,2745,43,1.009,1,2257,1,37.991,0.196,-21.313,-9.438,-30.000,-0.141,-0.012,1.000,0.137,0.141,-0.078,0.080,0.006,1.192,1.312,2,NULL,NULL,,3,0,2,7,255,1373,250,0,0
stim,222513,252634,0,252634,3449959.455,-0.647,-0.053,0.056,0.758,2413,613,2423,2789,2707,2503,1945,2757,43,1.009,1,2257,1,39.835,0.173,-22.500,-9.188,-31.563,-0.133,0.012,1.016,-0.105,0.137,0.078,0.080,0.006,1.192,1.312,2,NULL,NULL,,3,0,2,7,255,1373,250,0,0
stim,222513,252634,0,252634,3449964.454,-0.648,-0.053,0.055,0.757,2373,619,2483,2767,2718,2503,1997,2765,43,1.009,1,2257,1,41.607,0.313,-24.875,-9.188,-32.063,-0.133,0.000,1.020,-0.281,0.137,0.223,0.082,0.006,1.192,1.312,2,NULL,NULL,,3,0,2,7,255,1373,250,0,0
stim,222543,252664,0,252664,3449969.455,-0.649,-0.054,0.054,0.757,2318,629,2522,2743,2729,2461,2041,2771,43,1.009,1,2257,1,43.371,0.316,-28.125,-9.688,-31.563,-0.137,-0.020,1.016,-0.281,0.145,0.223,0.084,0.006,1.192,1.312,2,NULL,NULL,,3,0,2,7,255,1373,250,0,0
stim,222543,252664,0,252664,3449974.454,-0.650,-0.054,0.052,0.756,2261,634,2569,2713,2743,2501,2093,2779,43,1.009,1,2257,1,46.301,0.194,-31.938,-10.188,-31.938,-0.164,-0.027,1.020,-0.129,0.145,0.238,0.084,0.006,1.192,1.312,2,NULL,NULL,,3,0,2,7,255,1373,250,0,0
stim,222575,252696,1,252696,3449979.455,-0.652,-0.055,0.051,0.755,2187,635,2603,2679,2759,2501,2139,2785,43,1.009,1,2257,1,52.299,0.185,-36.313,-10.563,-36.125,-0.180,-0.008,1.023,-0.129,-0.133,0.305,0.086,0.006,1.192,1.312,2,NULL,NULL,,3,1,2,7,255,1373,250,0,0
stim,222575,252696,1,252696,3449984.453,-0.653,-0.056,0.049,0.754,2134,637,2636,2645,2771,2475,2195,2793,43,1.009,1,2257,1,57.414,0.263,-39.063,-11.188,-40.563,-0.152,-0.004,1.008,-0.227,-0.133,0.305,0.086,0.006,1.192,1.312,2,NULL,NULL,,3,1,2,7,255,1373,250,0,0
stim,222575,252696,1,252696,3449989.455,-0.654,-0.057,0.047,0.753,2063,635,2667,2608,2787,2489,2235,2797,43,1.009,1,2257,1,56.929,0.248,-38.188,-11.500,-40.625,-0.117,-0.027,0.984,-0.227,-0.102,0.172,0.088,0.008,1.192,1.312,2,NULL,NULL,,3,1,2,7,255,1373,250,0,0
stim,222575,252696,1,252696,3449994.454,-0.655,-0.057,0.046,0.752,1967,633,2703,2577,2799,2487,2275,2807,43,1.009,1,2257,1,50.592,0.287,-33.188,-11.813,-36.313,-0.098,-0.035,0.965,-0.203,0.203,-0.113,0.088,0.008,1.192,1.312,2,NULL,NULL,,3,1,2,7,255,1373,250,0,0
stim,222575,252696,1,252696,3449999.455,-0.656,-0.058,0.044,0.751,1887,627,2733,2521,2813,2484,2313,2813,43,1.009,1,2257,1,44.471,0.278,-28.375,-12.188,-32.000,-0.117,-0.051,0.980,-0.156,0.230,-0.113,0.090,0.010,1.192,1.312,2,NULL,NULL,,3,1,2,7,255,1373,250,0,0
stim,222575,252696,1,252696,3450004.453,-0.657,-0.058,0.043,0.750,1787,614,2761,2464,2827,2479,2349,2824,43,1.009,1,2257,1,42.991,0.232,-27.375,-12.688,-30.625,-0.141,-0.063,1.012,-0.023,0.230,-0.113,0.090,0.010,1.192,1.312,2,NULL,NULL,,3,1,2,7,255,1373,250,0,0
stim,222575,252696,1,252696,3450009.455,-0.658,-0.058,0.042,0.750,1687,604,2787,2411,2839,2476,2379,2829,43,1.009,1,2257,1,45.497,0.089,-29.688,-13.438,-31.750,-0.141,-0.063,1.012,0.070,0.055,0.215,0.092,0.012,1.192,1.312,2,NULL,NULL,,3,1,2,7,255,1373,250,0,0
stim,222575,252696,1,252696,3450014.454,-0.659,-0.059,0.040,0.749,1595,583,2808,2343,2846,2454,2414,2839,43,1.009,1,2257,1,46.446,0.085,-30.688,-14.125,-31.875,-0.133,-0.043,1.000,0.070,0.047,0.215,0.094,0.012,1.192,1.312,2,NULL,NULL,,3,1,2,7,255,1373,250,0,0
stim,222575,252696,1,252696,3450019.455,-0.660,-0.059,0.038,0.748,1461,573,2831,2275,2859,2470,2453,2845,43,1.009,1,2257,1,46.368,0.172,-30.438,-14.813,-31.688,-0.129,-0.035,0.984,-0.168,0.035,0.066,0.096,0.014,1.192,1.312,2,NULL,NULL,,3,1,2,7,255,1373,250,0,0
stim,222575,252696,1,252696,3450024.454,-0.661,-0.060,0.037,0.747,1307,555,2853,2196,2870,2463,2479,2855,43,1.009,1,2257,1,46.066,0.173,-29.625,-16.125,-31.375,-0.129,-0.051,1.000,-0.168,0.043,0.066,0.096,0.014,1.192,1.312,2,NULL,NULL,,3,1,2,7,255,1373,250,0,0
stim,222596,252717,1,252717,3450029.455,-0.662,-0.060,0.035,0.746,1183,527,2871,2103,2877,2449,2509,2859,43,1.009,1,2257,1,46.135,0.158,-29.375,-17.000,-31.250,-0.121,-0.063,1.000,-0.152,0.043,0.063,0.098,0.016,1.192,1.312,2,NULL,NULL,,3,1,2,7,255,1373,250,0,0
stim,222596,252717,1,252717,3450034.453,-0.663,-0.060,0.034,0.746,1052,484,2889,1993,2891,2455,2537,2867,43,1.009,1,2257,1,44.432,0.119,-28.438,-17.500,-29.313,-0.117,-0.082,0.973,-0.055,0.105,0.063,0.098,0.016,1.192,1.312,2,NULL,NULL,,3,1,2,7,255,1373,250,0,0
stim,222596,252717,1,252717,3450039.455,-0.664,-0.060,0.032,0.745,955,427,2905,1828,2902,2447,2568,2871,43,1.009,1,2257,1,40.570,0.157,-22.125,-18.063,-28.813,-0.098,-0.086,0.949,0.113,0.109,-0.191,0.098,0.016,1.192,1.312,2,NULL,NULL,,3,1,2,7,255,1373,250,0,0
stim,222596,252717,1,252717,3450044.454,-0.664,-0.060,0.031,0.744,819,396,2918,1704,2910,2427,2590,2875,43,1.009,1,2257,1,30.683,0.278,-13.250,-20.063,-19.063,-0.063,-0.063,0.961,0.113,0.254,-0.379,0.098,0.018,1.192,1.312,2,NULL,NULL,,3,1,2,7,255,1373,250,0,0
stim,222596,252717,1,252717,3450049.455,-0.665,-0.060,0.030,0.744,646,363,2933,1530,2921,2427,2613,2887,43,1.009,1,2257,1,25.794,0.300,-11.188,-20.125,-11.625,-0.137,-0.059,1.035,-0.160,0.254,-0.379,0.098,0.018,1.192,1.312,2,NULL,NULL,,3,1,2,7,255,1373,250,0,0
stim,222596,252717,1,252717,3450054.453,-0.665,-0.059,0.029,0.744,519,338,2949,1335,2933,2421,2643,2890,43,1.009,1,2257,1,28.485,0.208,-10.250,-23.250,-12.875,-0.234,-0.020,1.070,-0.191,-0.082,0.422,0.098,0.020,1.192,1.312,2,NULL,NULL,,3,1,2,7,255,1373,250,0,0
stim,222626,252747,1,252747,3450059.455,-0.666,-0.059,0.028,0.743,357,271,2959,1165,2941,2408,2662,2893,43,1.009,1,2257,1,42.372,0.946,-16.438,-23.000,-31.563,-0.203,0.000,1.055,-0.484,-0.813,0.676,0.098,0.020,1.192,1.312,2,NULL,NULL,,3,1,2,7,255,1373,250,0,0
stim,222626,252747,1,252747,3450064.454,-0.667,-0.059,0.027,0.742,253,233,2970,935,2957,2391,2680,2901,43,1.009,1,2257,1,46.363,1.087,-16.500,-26.375,-34.375,-0.152,-0.004,1.043,-0.723,-0.813,0.676,0.098,0.022,1.192,1.312,2,NULL,NULL,,3,1,2,7,255,1373,250,0,0
stim,222626,252747,1,252747,3450069.455,-0.668,-0.058,0.026,0.741,131,191,2981,741,2964,2375,2707,2905,43,1.009,1,2257,1,48.501,0.800,-11.563,-25.563,-39.563,-0.105,-0.035,1.004,-0.723,-0.344,0.492,0.096,0.022,1.192,1.312,2,NULL,NULL,,3,1,2,7,255,1373,250,0,0
stim,222626,252747,1,252747,3450074.454,-0.669,-0.057,0.025,0.741,63,139,2987,541,2971,2301,2727,2909,43,1.009,1,2257,1,39.192,0.491,-0.438,-29.813,-25.438,-0.070,-0.035,0.977,-0.484,0.082,0.090,0.096,0.024,1.192,1.312,2,NULL,NULL,,3,1,2,7,255,1373,250,0,0
stim,222673,252794,1,252794,3450079.455,-0.670,-0.056,0.024,0.740,37,93,2998,317,2979,2322,2745,2918,43,1.009,1,2257,1,38.219,0.487,4.750,-29.813,-23.438,-0.145,-0.066,1.055,-0.480,0.082,0.090,0.094,0.026,1.192,1.312,2,NULL,NULL,,3,1,2,7,255,1373,250,0,0
stim,222673,252794,1,252794,3450084.454,-0.671,-0.055,0.023,0.739,13,67,3003,162,2989,2295,2769,2923,43,1.009,1,2257,1,41.490,0.508,6.313,-33.250,-24.000,-0.156,-0.039,1.090,-0.438,-0.258,0.645,0.092,0.030,1.192,1.312,2,NULL,NULL,,3,1,2,7,255,1373,250,0,0
stim,222673,252794,1,252794,3450089.455,-0.672,-0.053,0.022,0.739,0,42,3003,102,2997,2279,2789,2925,43,1.009,1,2257,1,46.984,0.508,4.563,-35.500,-30.438,-0.129,-0.039,1.074,-0.438,-0.258,0.770,0.090,0.034,1.192,1.312,2,NULL,NULL,,3,1,2,7,255,1373,250,0,0
stim,222673,252794,1,252794,3450094.454,-0.673,-0.052,0.021,0.738,0,39,3013,85,2999,2244,2805,2923,43,1.009,1,2257,1,49.345,0.482,10.438,-40.500,-26.188,-0.102,-0.027,1.102,-0.445,-0.184,0.965,0.088,0.036,1.192,1.312,2,NULL,NULL,,3,1,2,7,255,1373,250,0,0
stim,222673,252794,1,252794,3450099.455,-0.673,-0.050,0.020,0.738,0,3,3029,39,3004,2214,2825,2937,43,1.009,1,2257,0,51.032,0.482,18.813,-45.813,-12.313,-0.152,-0.090,1.176,-0.445,-0.184,1.031,0.088,0.040,1.192,1.312,3,NULL,NULL,,3,1,2,7,255,1373,250,0,0
stim,222673,252794,1,252794,3450104.453,-0.673,-0.047,0.020,0.738,0,0,3019,31,3021,2175,2840,2936,43,1.009,1,2257,0,68.966,0.373,42.250,-54.250,5.313,-0.391,-0.180,1.461,0.039,-0.371,1.840,0.086,0.042,1.192,1.312,3,NULL,NULL,,3,1,2,7,255,1373,250,0,0
stim,222673,252794,1,252794,3450109.455,-0.673,-0.044,0.019,0.738,0,0,3027,25,3027,2146,2857,2940,43,1.009,1,2257,0,68.795,2.114,21.750,-64.563,9.563,-0.344,0.039,1.586,0.039,-2.113,4.910,0.086,0.046,1.192,1.312,3,NULL,NULL,,3,1,2,7,255,1373,250,0,0
stim,222673,252794,1,252794,3450114.454,-0.673,-0.043,0.016,0.738,0,0,3031,0,3035,2095,2867,2941,43,1.009,1,2257,0,76.160,2.424,-43.438,-59.563,-19.125,-0.148,0.035,1.254,-1.188,-2.113,4.910,0.086,0.048,1.192,1.312,3,NULL,NULL,,3,1,2,7,255,1373,250,0,0
stim,222673,252795,1,252795,3450119.455,-0.673,-0.042,0.013,0.738,0,0,3035,0,3039,2027,2873,2943,43,1.009,1,2257,0,75.511,1.312,-38.563,-64.250,-9.313,-0.078,-0.047,0.961,-1.188,-0.559,2.492,0.086,0.048,1.192,1.312,3,NULL,NULL,,3,1,2,7,255,1373,250,0,0
stim,222673,252795,1,252795,3450124.454,-0.673,-0.040,0.011,0.739,0,0,3035,0,3044,1971,2895,2949,43,1.009,1,2257,0,71.736,0.537,-3.500,-70.063,15.000,-0.117,-0.105,0.957,-0.301,-0.445,-0.324,0.086,0.052,1.192,1.312,3,NULL,NULL,,3,1,2,7,255,1373,250,0,0
stim,222694,252815,1,252815,3450129.455,-0.672,-0.038,0.009,0.739,0,0,3031,0,3048,1896,2905,2943,43,1.009,1,2257,0,75.131,0.560,10.938,-73.000,14.000,-0.227,-0.188,1.063,0.340,-0.445,-0.324,0.084,0.058,1.192,1.312,3,NULL,NULL,,3,1,2,7,255,1373,250,0,0
stim,222694,252815,1,252815,3450134.453,-0.672,-0.036,0.007,0.739,0,0,3028,0,3051,1817,2915,2950,43,1.009,1,2257,0,75.188,1.837,8.188,-74.688,2.813,-0.242,-0.238,1.141,1.168,-1.418,0.832,0.082,0.064,1.192,1.312,3,NULL,NULL,,3,1,2,7,255,1373,250,0,0
stim,222694,252815,1,252815,3450139.455,-0.672,-0.033,0.005,0.740,0,0,3028,0,3055,1708,2922,2951,43,1.009,1,2257,0,78.633,1.927,1.000,-78.625,-0.563,-0.191,-0.215,1.191,1.305,-1.418,1.637,0.080,0.070,1.192,1.312,3,NULL,NULL,,3,1,2,7,255,1373,250,0,0
stim,222694,252815,1,252815,3450144.454,-0.672,-0.031,0.003,0.740,0,0,3023,0,3061,1605,2937,2950,43,1.009,1,2257,0,80.550,1.788,-2.625,-80.500,-1.063,-0.184,-0.172,1.105,1.305,-1.223,1.637,0.080,0.076,1.192,1.312,3,NULL,NULL,,3,1,2,7,255,1373,250,0,0
stim,222719,252840,1,252840,3450149.455,-0.672,-0.028,0.000,0.740,0,0,3019,0,3064,1496,2943,2942,43,1.009,1,2257,0,84.266,1.534,1.313,-84.000,-6.563,-0.168,-0.121,1.039,0.961,-1.195,1.203,0.082,0.082,1.192,1.312,3,NULL,NULL,,3,1,2,7,255,1373,250,0,0
stim,222719,252840,1,252840,3450154.453,-0.673,-0.025,-0.002,0.740,0,0,3015,0,3065,1335,2953,2938,43,1.009,1,2257,0,87.774,1.300,12.375,-86.125,-11.563,-0.145,-0.086,1.023,0.512,-1.195,0.473,0.086,0.088,1.192,1.312,3,NULL,NULL,,3,1,2,7,255,1373,250,0,0
stim,222719,252840,1,252840,3450159.456,-0.673,-0.022,-0.004,0.739,0,0,3004,0,3069,1215,2963,2936,43,1.009,1,2257,0,94.079,1.205,24.188,-89.813,-14.125,-0.148,-0.066,1.074,0.156,-1.195,0.473,0.090,0.092,1.192,1.312,3,NULL,NULL,,3,1,2,7,255,1373,250,0,0
stim,222719,252840,1,252840,3450164.454,-0.673,-0.018,-0.006,0.739,0,0,2995,0,3067,1035,2967,2931,43,1.009,1,2257,0,97.524,1.120,27.813,-92.938,-10.000,-0.066,-0.094,1.188,0.125,-1.113,0.762,0.090,0.096,1.192,1.312,3,NULL,NULL,,3,1,2,7,255,1373,250,0,0
stim,222719,252840,1,252840,3450169.455,-0.673,-0.015,-0.008,0.739,0,0,2983,0,3079,861,2974,2923,43,1.009,1,2257,0,94.656,0.981,11.125,-94.000,0.000,-0.109,-0.105,1.242,0.125,-0.973,1.863,0.090,0.102,1.192,1.312,3,NULL,NULL,,3,1,2,7,255,1373,250,0,0
stim,222719,252840,1,252840,3450174.454,-0.673,-0.011,-0.010,0.739,0,0,2971,0,3079,711,2983,2915,43,1.009,1,2257,0,98.448,1.008,8.313,-97.375,-11.875,-0.266,-0.086,1.070,0.266,-0.973,1.863,0.090,0.108,1.192,1.312,3,NULL,NULL,,3,1,2,7,255,1373,250,0,0
stim,222762,252883,1,252883,3450179.455,-0.674,-0.008,-0.013,0.739,0,0,2953,0,3080,589,2984,2905,43,1.009,1,2257,0,103.783,1.015,12.125,-101.000,-20.563,-0.039,-0.102,1.102,0.289,-0.973,1.008,0.090,0.114,1.192,1.312,3,NULL,NULL,,3,1,2,7,255,1373,250,0,0
stim,222762,252883,1,252883,3450184.453,-0.674,-0.004,-0.015,0.738,0,0,2937,0,3080,459,2990,2898,43,1.009,1,2257,0,110.197,1.566,24.813,-106.188,-15.875,-0.133,-0.039,1.086,0.289,-1.539,0.801,0.090,0.122,1.192,1.312,3,NULL,NULL,,3,1,2,7,255,1373,250,0,0
stim,222762,252883,1,252883,3450189.455,-0.675,0.001,-0.017,0.738,0,0,2919,0,3080,309,2996,2877,43,1.009,1,2257,0,115.390,1.155,30.000,-109.875,-18.500,-0.074,0.031,1.176,-0.207,-1.137,1.008,0.090,0.130,1.192,1.312,3,NULL,NULL,,3,1,2,7,255,1373,250,0,0
stim,222762,252883,1,252883,3450194.454,-0.675,0.005,-0.020,0.737,0,0,2901,0,3080,163,3000,2860,43,1.009,1,2257,0,116.399,1.473,21.188,-112.500,-21.063,-0.027,0.070,1.238,-0.938,-1.137,1.645,0.094,0.138,1.192,1.312,3,NULL,NULL,,3,1,2,7,255,1373,250,0,0
stim,222762,252883,1,252883,3450199.455,-0.675,0.009,-0.023,0.737,0,0,2873,0,3083,109,3003,2844,43,1.009,1,2257,0,116.640,1.597,4.188,-116.188,-9.375,0.016,0.098,1.305,-1.352,-0.852,2.246,0.098,0.146,1.192,1.312,3,NULL,NULL,,3,1,2,7,255,1373,250,0,0
stim,222762,252883,1,252883,3450204.453,-0.675,0.013,-0.026,0.737,0,0,2852,0,3079,39,3005,2824,43,1.009,1,2257,0,119.701,1.894,-3.750,-119.563,-4.375,-0.078,0.117,1.270,-1.691,-0.852,2.500,0.104,0.154,1.192,1.312,3,NULL,NULL,,3,1,2,7,255,1373,250,0,0
stim,222789,252910,1,252910,3450209.455,-0.675,0.016,-0.030,0.737,0,0,2821,0,3076,5,3013,2795,43,1.009,1,2257,0,125.308,2.415,-15.313,-124.313,-3.750,-0.090,0.121,1.328,-1.758,-1.656,2.887,0.112,0.162,1.192,1.312,3,NULL,NULL,,3,1,2,7,255,1373,250,0,0
stim,222789,252910,1,252910,3450214.454,-0.675,0.020,-0.034,0.737,0,0,2790,0,3069,0,3012,2765,43,1.009,1,2257,0,130.091,2.645,-18.188,-128.688,-5.688,-0.094,0.121,1.320,-1.801,-1.938,2.930,0.120,0.172,1.192,1.312,3,NULL,NULL,,3,1,2,7,255,1373,250,0,0
stim,222789,252910,1,252910,3450219.455,-0.675,0.024,-0.039,0.737,0,0,2761,0,3077,0,3015,2725,43,1.009,1,2257,0,135.236,2.648,-15.625,-134.313,-2.188,-0.051,0.184,1.344,-1.805,-1.938,3.043,0.130,0.182,1.192,1.312,3,NULL,NULL,,3,1,2,7,255,1373,250,0,0
stim,222789,252910,1,252910,3450224.454,-0.674,0.028,-0.043,0.737,0,0,2723,0,3061,0,3016,2683,43,1.009,1,2257,0,140.537,3.244,-16.375,-139.563,2.188,-0.086,0.258,1.430,-2.465,-2.109,3.156,0.142,0.196,1.192,1.312,3,NULL,NULL,,3,1,2,7,255,1373,250,0,0
stim,222789,252910,0,252910,3450229.455,-0.674,0.032,-0.048,0.737,0,0,2671,0,3053,0,3017,2637,43,1.009,1,2257,0,146.462,4.093,-17.625,-145.375,2.563,-0.148,0.281,1.523,-3.191,-2.563,3.891,0.156,0.212,1.192,1.312,3,NULL,NULL,,3,0,2,7,255,1369,250,0,0
stim,222789,252910,0,252910,3450234.453,-0.673,0.036,-0.053,0.737,0,0,2622,0,3047,0,3015,2582,43,1.009,1,2257,0,155.550,4.719,-18.500,-154.438,1.625,-0.211,0.250,1.563,-3.191,-3.477,4.664,0.172,0.228,1.192,1.312,3,NULL,NULL,,3,0,2,7,255,1369,250,0,0
stim,222814,252935,0,252935,3450239.455,-0.672,0.041,-0.059,0.737,0,0,2578,0,3037,0,3015,2504,43,1.009,1,2257,0,167.202,5.431,-20.938,-165.875,1.875,-0.180,0.266,1.711,-3.332,-4.289,4.957,0.188,0.246,1.192,1.312,3,NULL,NULL,,3,0,2,7,255,1369,250,0,0
stim,222814,252935,0,252935,3450244.454,-0.671,0.046,-0.065,0.737,0,0,2537,0,3027,0,3019,2421,43,1.009,1,2257,0,182.665,5.534,-40.000,-177.625,14.688,-0.145,0.289,1.813,-3.332,-4.418,6.367,0.204,0.264,1.192,1.312,3,NULL,NULL,,3,0,2,7,255,1369,250,0,0
stim,222814,252935,0,252935,3450249.455,-0.670,0.050,-0.073,0.737,0,0,2461,0,3017,0,3005,2296,43,1.009,1,2257,0,201.805,5.846,-66.313,-188.438,28.625,-0.215,0.344,1.688,-3.703,-4.523,6.367,0.220,0.284,1.192,1.312,3,NULL,NULL,,3,0,2,7,255,1369,250,0,0
stim,222814,252935,0,252935,3450254.453,-0.668,0.054,-0.081,0.737,0,0,2395,0,2999,0,2999,2201,43,1.009,1,2257,0,212.562,6.571,-67.000,-200.188,24.875,-0.305,0.316,1.629,-3.840,-5.332,5.840,0.240,0.310,1.192,1.312,3,NULL,NULL,,3,0,2,7,255,1369,250,0,0
stim,222814,252935,0,252935,3450259.455,-0.667,0.059,-0.090,0.737,0,0,2329,0,2995,0,2999,2083,43,1.009,1,2257,0,224.904,7.389,-70.125,-212.938,17.938,-0.273,0.293,1.637,-3.840,-6.313,5.039,0.262,0.338,1.192,1.312,3,NULL,NULL,,3,0,2,7,255,1369,250,0,0
stim,222814,252935,0,252935,3450264.453,-0.665,0.064,-0.099,0.737,0,0,2260,0,2968,0,2981,1943,43,1.009,1,2257,0,238.448,7.340,-75.188,-225.313,20.938,-0.262,0.230,1.699,-3.691,-6.344,5.039,0.292,0.372,1.192,1.312,3,NULL,NULL,,3,0,2,7,255,1369,250,0,0
stim,222837,252958,0,252958,3450269.455,-0.663,0.069,-0.108,0.737,0,0,2173,0,2939,0,2959,1811,43,1.009,1,2257,0,256.229,7.326,-83.000,-240.250,32.313,-0.336,0.215,1.789,-3.184,-6.598,5.590,0.326,0.410,1.192,1.312,3,NULL,NULL,,3,0,2,7,255,1369,250,0,0
stim,222837,252958,0,252958,3450274.454,-0.661,0.074,-0.119,0.737,0,0,2093,0,2917,3,2931,1706,43,1.009,1,2257,0,275.557,8.431,-97.625,-255.563,33.000,-0.422,0.207,1.836,-3.102,-7.840,6.105,0.364,0.454,1.192,1.312,3,NULL,NULL,,3,0,2,7,255,1369,250,0,0
stim,222869,252991,0,252991,3450279.455,-0.659,0.079,-0.131,0.737,0,0,2008,0,2890,6,2906,1582,43,1.009,1,2257,0,295.874,9.475,-114.750,-271.438,26.375,-0.375,0.223,1.777,-3.102,-8.953,6.105,0.408,0.502,1.192,1.312,3,NULL,NULL,,3,0,2,7,255,1369,250,0,0
stim,222869,252991,0,252991,3450284.453,-0.657,0.085,-0.142,0.736,0,0,1911,0,2853,9,2859,1471,43,1.009,1,2257,0,307.075,9.545,-107.063,-287.188,18.875,-0.293,0.250,1.801,-3.309,-8.953,5.609,0.456,0.552,1.192,1.312,3,NULL,NULL,,3,0,2,7,255,1369,250,0,0
stim,222869,252991,0,252991,3450289.455,-0.654,0.092,-0.154,0.735,0,0,1835,0,2819,8,2806,1353,43,1.009,1,2257,0,313.885,9.723,-89.250,-300.375,18.250,-0.285,0.363,1.988,-3.793,-8.953,5.609,0.510,0.608,1.192,1.312,3,NULL,NULL,,3,0,2,7,255,1369,250,0,0
stim,222869,252991,0,252991,3450294.453,-0.651,0.099,-0.166,0.734,0,0,1766,0,2761,6,2743,1238,43,1.009,1,2257,0,326.370,11.029,-83.750,-314.625,22.688,-0.402,0.645,2.336,-5.117,-9.770,6.930,0.574,0.672,1.192,1.312,3,NULL,NULL,,3,0,2,7,255,1369,250,0,0
stim,222870,252991,0,252991,3450299.455,-0.648,0.106,-0.178,0.732,0,0,1651,0,2699,0,2655,1125,43,1.009,1,2257,0,343.856,15.165,-109.875,-325.500,14.625,-0.445,0.914,2.578,-8.113,-12.813,8.953,0.642,0.742,1.192,1.312,3,NULL,NULL,,3,0,2,7,255,1369,250,0,0
stim,222870,252991,0,252991,3450304.454,-0.646,0.113,-0.192,0.730,0,0,1529,0,2621,0,2537,985,43,1.009,1,2257,0,362.353,17.333,-143.875,-332.375,-11.250,-0.230,0.816,2.625,-10.594,-13.719,10.141,0.712,0.812,1.192,1.312,3,NULL,NULL,,3,0,2,7,255,1369,250,0,0
stim,222870,252991,0,252991,3450309.455,-0.644,0.119,-0.207,0.727,0,0,1375,0,2523,0,2392,935,43,1.009,1,2257,0,376.301,17.333,-157.875,-341.563,-3.625,-0.152,0.430,2.586,-10.594,-13.719,11.008,0.784,0.886,1.192,1.312,3,NULL,NULL,,3,0,2,7,255,1369,250,0,0
stim,222870,252991,0,252991,3450314.453,-0.640,0.124,-0.224,0.724,0,0,1183,0,2390,0,2195,865,43,1.009,1,2257,0,414.335,15.070,-205.688,-357.875,35.938,-0.277,0.250,2.207,-7.164,-13.258,11.008,0.852,0.954,1.192,1.312,3,NULL,NULL,,3,0,2,7,255,1369,250,0,0
stim,222888,253009,0,253009,3450319.455,-0.636,0.129,-0.242,0.722,0,0,1005,0,2230,0,1982,777,43,1.009,1,2257,0,437.268,14.018,-226.063,-371.375,46.688,-0.344,0.168,1.645,-5.066,-13.070,7.129,0.916,1.022,1.192,1.312,3,NULL,NULL,,3,0,2,7,255,1369,250,0,0
stim,222888,253009,0,253009,3450324.454,-0.631,0.136,-0.258,0.719,0,0,779,0,2031,0,1657,723,43,1.009,1,2257,0,428.478,11.897,-179.313,-387.438,36.500,-0.230,-0.051,1.273,-3.609,-11.336,1.801,0.978,1.086,1.192,1.312,3,NULL,NULL,,3,0,2,7,255,1369,250,0,0
stim,222888,253009,0,253009,3450329.455,-0.626,0.146,-0.271,0.717,0,0,553,0,1800,0,1266,551,43,1.009,1,2257,0,398.939,8.805,-59.438,-393.438,28.750,-0.102,-0.352,0.934,-1.258,-8.715,-0.609,1.036,1.148,1.192,1.312,3,NULL,NULL,,3,0,2,7,255,1369,250,0,0
stim,222888,253009,0,253009,3450334.454,-0.620,0.159,-0.281,0.715,0,0,357,0,1531,0,759,468,43,1.009,1,2257,0,407.937,8.805,41.625,-405.500,15.813,0.188,-0.113,1.809,-1.258,-8.715,-0.609,1.090,1.206,1.192,1.312,3,NULL,NULL,,3,0,2,7,255,1369,250,0,0
stim,222888,253009,0,253009,3450339.455,-0.614,0.173,-0.290,0.713,0,0,251,0,1236,0,281,394,43,1.009,1,2257,0,393.628,9.396,45.000,-391.000,6.063,0.242,0.203,2.633,-2.023,-9.176,5.418,1.138,1.256,1.192,1.312,3,NULL,NULL,,3,0,2,7,255,1369,250,0,0
stim,222888,253009,0,253009,3450344.453,-0.607,0.184,-0.302,0.712,0,0,173,0,869,0,25,316,43,1.009,1,2257,0,404.012,15.762,-23.563,-400.938,43.813,0.031,0.227,2.957,-6.105,-14.531,10.941,1.186,1.306,1.192,1.312,3,NULL,NULL,,3,0,2,7,255,1369,250,0,0
stim,222911,253032,0,253032,3450349.455,-0.599,0.191,-0.317,0.710,0,0,99,0,435,0,0,227,43,1.009,1,2257,0,433.811,19.886,-126.250,-403.313,97.938,-0.211,0.219,2.699,-6.105,-18.926,10.941,1.232,1.354,1.192,1.312,3,NULL,NULL,,3,0,2,7,255,1369,250,0,0
stim,222911,253032,0,253032,3450354.454,-0.591,0.197,-0.335,0.707,0,0,104,0,181,0,0,137,43,1.009,1,2257,0,467.510,19.686,-185.938,-407.063,135.250,-0.559,0.273,1.961,-5.418,-18.926,7.348,1.282,1.406,1.192,1.312,3,NULL,NULL,,3,0,2,7,255,1369,250,0,0
stim,222911,253032,0,253032,3450359.455,-0.582,0.202,-0.353,0.705,0,0,108,0,0,0,0,69,43,1.009,1,2257,0,474.454,18.473,-204.688,-404.875,138.875,-0.660,0.555,1.340,-5.418,-17.660,-0.914,1.340,1.468,1.192,1.312,4,NULL,NULL,,3,0,2,7,255,1369,250,0,0
stim,222911,253032,0,253032,3450364.453,-0.573,0.206,-0.370,0.702,0,0,109,0,0,0,0,29,43,1.009,1,2257,0,454.304,15.488,-202.750,-386.000,127.625,-0.578,1.117,1.113,-5.766,-14.375,-7.148,1.400,1.528,1.192,1.312,0,NULL,NULL,,3,0,2,7,255,1369,250,0,0
stim,222941,253062,0,253062,3450369.455,-0.566,0.210,-0.386,0.697,0,0,93,0,0,0,0,8,43,1.009,1,2257,0,436.236,17.238,-216.188,-366.813,94.938,-0.633,1.387,1.172,-10.875,-13.375,-10.258,1.458,1.586,1.192,1.312,0,NULL,NULL,,3,0,2,7,255,1369,250,0,0
stim,222941,253062,0,253062,3450374.454,-0.559,0.213,-0.403,0.692,0,0,88,0,0,0,0,0,43,1.009,1,2257,0,435.351,18.318,-244.938,-349.563,85.688,-0.859,1.348,1.309,-12.516,-13.375,-11.762,1.514,1.640,1.192,1.312,0,NULL,NULL,,3,0,2,7,255,1369,250,0,0
stim,222964,253085,0,253085,3450379.455,-0.553,0.214,-0.421,0.686,0,0,97,0,0,0,0,0,43,1.009,1,2257,0,451.918,20.065,-289.125,-336.688,85.313,-1.066,0.949,1.449,-12.516,-15.684,-13.184,1.564,1.690,1.192,1.312,0,NULL,NULL,,3,0,2,7,255,1369,250,0,0
stim,222964,253085,0,253085,3450384.454,-0.549,0.214,-0.440,0.678,0,0,99,0,0,0,0,11,43,1.009,1,2257,0,482.495,17.861,-357.313,-320.813,47.000,-0.770,0.621,1.176,-8.547,-15.684,-13.184,1.616,1.742,1.192,1.312,0,NULL,NULL,,3,0,2,7,255,1369,250,0,0
stim,222964,253085,0,253085,3450389.455,-0.548,0.214,-0.457,0.668,0,0,93,0,0,0,0,15,43,1.009,1,2257,0,452.804,14.981,-358.875,-274.000,-34.125,-0.309,0.094,0.852,-5.965,-13.742,-12.063,1.670,1.794,1.192,1.312,0,NULL,NULL,,3,0,2,7,255,1369,250,0,0
stim,222964,253085,0,253085,3450394.453,-0.546,0.214,-0.471,0.659,0,0,99,0,0,0,0,57,43,1.009,1,2257,0,394.280,8.901,-311.063,-239.500,-36.563,-0.133,-0.223,0.742,-2.039,-8.664,-8.539,1.728,1.852,1.192,1.312,0,NULL,NULL,,3,0,2,7,255,1369,250,0,0
stim,222964,253085,0,253085,3450399.455,-0.545,0.213,-0.484,0.650,0,0,101,0,0,0,0,97,43,1.009,1,2257,0,358.977,8.677,-295.438,-202.875,-20.563,-0.234,-0.164,0.938,-0.469,-8.664,-7.051,1.792,1.916,1.192,1.312,0,NULL,NULL,,3,0,2,7,255,1369,250,0,0
stim,222964,253085,0,253085,3450404.454,-0.546,0.210,-0.496,0.642,0,0,103,0,0,0,0,107,43,1.009,1,2257,0,347.128,7.101,-312.125,-150.000,-24.000,-0.371,-0.047,0.336,0.402,-7.090,-7.051,1.852,1.978,1.192,1.312,0,NULL,NULL,,3,0,2,7,255,1369,250,0,0
stim,222964,253085,0,253085,3450409.455,-0.548,0.207,-0.506,0.633,0,0,91,0,0,0,0,112,43,1.009,1,2257,0,312.425,4.765,-290.000,-92.313,-70.625,-0.449,0.277,-0.082,-0.469,-4.742,-11.223,1.906,2.034,1.192,1.312,0,NULL,NULL,,3,0,2,7,255,1369,250,0,0
stim,222964,253085,0,253085,3450414.454,-0.552,0.205,-0.513,0.625,0,0,85,0,0,0,0,111,43,1.009,1,2257,0,275.535,1.430,-254.000,-30.375,-102.375,-0.074,0.590,-0.621,-0.867,-1.137,-14.879,1.950,2.078,1.192,1.312,0,NULL,NULL,,3,0,2,7,255,1369,250,0,0
stim,222964,253085,0,253085,3450419.455,-0.557,0.202,-0.516,0.618,0,0,87,0,0,0,0,113,43,1.009,1,2257,0,206.551,6.109,-175.625,30.625,-104.313,0.270,0.488,-0.895,-2.008,5.770,-14.879,1.982,2.112,1.192,1.312,0,NULL,NULL,,3,0,2,7,255,1369,250,0,0
stim,222964,253085,0,253085,3450424.454,-0.561,0.199,-0.516,0.616,0,0,86,0,0,0,0,111,43,1.009,1,2257,0,129.593,9.332,-85.000,80.813,-55.125,0.262,0.238,-0.895,-2.008,9.113,-12.969,2.008,2.136,1.192,1.312,0,NULL,NULL,,3,0,2,7,255,1369,250,0,0
stim,222995,253116,0,253116,3450429.455,-0.565,0.196,-0.513,0.616,0,0,78,0,0,0,0,99,43,1.009,1,2257,0,122.947,9.117,-10.188,120.188,-23.813,0.094,-0.082,-0.598,0.273,9.113,-12.008,2.028,2.158,1.192,1.312,0,NULL,NULL,,3,0,2,7,255,1369,250,0,0
stim,222995,253116,0,253116,3450434.454,-0.568,0.193,-0.509,0.618,0,0,69,0,0,0,0,90,43,1.009,1,2257,0,153.456,5.769,28.688,150.750,-0.500,-0.051,-0.148,-0.352,2.508,5.195,-10.980,2.046,2.176,1.192,1.312,0,NULL,NULL,,3,0,2,7,255,1369,250,0,0
stim,222995,253116,0,253116,3450439.455,-0.571,0.189,-0.503,0.620,0,0,60,0,0,0,0,77,43,1.009,1,2257,0,178.652,3.547,47.625,171.000,20.188,-0.129,0.059,-0.383,2.508,2.508,-10.980,2.058,2.190,1.192,1.312,0,NULL,NULL,,3,0,2,7,255,1369,250,0,0
stim,222995,253116,0,253116,3450444.453,-0.574,0.186,-0.496,0.625,0,0,57,0,0,0,0,76,43,1.009,1,2257,0,210.677,2.579,95.563,185.750,27.375,-0.207,0.211,-0.328,1.141,2.313,-12.613,2.068,2.200,1.192,1.312,0,NULL,NULL,,3,0,2,7,255,1369,250,0,0
stim,223025,253146,0,253146,3450449.455,-0.576,0.183,-0.488,0.630,0,0,45,0,0,0,0,69,43,1.009,1,2257,0,241.453,1.889,127.125,199.313,49.125,-0.133,0.199,-0.137,-0.199,1.879,-12.613,2.074,2.208,1.192,1.312,0,NULL,NULL,,3,0,2,7,255,1369,250,0,0
stim,223025,253146,0,253146,3450454.453,-0.577,0.179,-0.479,0.636,0,0,39,0,0,0,0,60,43,1.009,1,2257,0,263.377,1.193,148.313,204.750,73.813,-0.328,0.332,-0.031,-1.004,0.645,-13.664,2.080,2.216,1.192,1.312,0,NULL,NULL,,3,0,2,7,255,1369,250,0,0
stim,223025,253146,0,253146,3450459.455,-0.579,0.177,-0.469,0.643,0,0,35,0,0,0,0,54,43,1.009,1,2257,0,279.850,2.328,172.438,212.000,60.313,-0.426,0.383,0.094,-2.027,-1.145,-13.824,2.088,2.224,1.192,1.312,0,NULL,NULL,,3,0,2,7,255,1369,250,0,0
stim,223025,253146,0,253146,3450464.454,-0.580,0.174,-0.459,0.650,0,0,31,0,0,0,0,51,43,1.009,1,2257,0,291.872,3.782,186.875,216.250,59.188,-0.469,0.332,0.254,-2.637,-2.711,-13.824,2.100,2.236,1.192,1.312,0,NULL,NULL,,3,0,2,7,255,1369,250,0,0
stim,223025,253146,0,253146,3450469.455,-0.582,0.172,-0.448,0.657,0,0,36,0,0,0,0,45,43,1.009,1,2257,0,299.869,5.154,194.563,220.688,58.000,-0.469,0.340,0.352,-2.680,-4.402,-13.375,2.116,2.254,1.192,1.312,0,NULL,NULL,,3,0,2,7,255,1369,250,0,0
stim,223025,253146,0,253146,3450474.454,-0.583,0.170,-0.437,0.663,0,0,27,0,0,0,0,45,43,1.009,1,2257,0,306.320,6.041,204.188,223.063,48.813,-0.520,0.316,0.504,-3.016,-5.234,-12.762,2.136,2.276,1.192,1.312,0,NULL,NULL,,3,0,2,7,255,1369,250,0,0
stim,223061,253182,0,253182,3450479.455,-0.585,0.167,-0.426,0.670,0,0,23,0,0,0,0,47,43,1.009,1,2257,0,302.375,7.465,197.375,223.688,49.375,-0.566,0.328,0.727,-3.121,-6.781,-12.070,2.162,2.302,1.192,1.312,0,NULL,NULL,,3,0,2,7,255,1369,250,0,0
stim,223061,253182,0,253182,3450484.453,-0.587,0.165,-0.415,0.675,0,0,22,0,0,0,0,48,43,1.009,1,2257,0,287.892,9.585,175.313,225.563,35.625,-0.551,0.359,0.844,-3.734,-8.828,-11.023,2.194,2.336,1.192,1.312,0,NULL,NULL,,3,0,2,7,255,1369,250,0,0
stim,223061,253182,0,253182,3450489.455,-0.590,0.162,-0.405,0.680,0,0,25,0,0,0,0,56,43,1.009,1,2257,0,274.649,10.338,152.750,227.563,17.750,-0.504,0.258,0.922,-3.754,-9.633,-10.129,2.232,2.376,1.192,1.312,0,NULL,NULL,,3,0,2,7,255,1369,250,0,0
stim,223061,253182,0,253182,3450494.454,-0.593,0.158,-0.395,0.684,0,0,19,0,0,0,0,51,43,1.009,1,2257,0,265.747,10.630,132.938,229.750,12.813,-0.520,0.188,0.996,-3.754,-9.945,-8.715,2.276,2.422,1.192,1.312,0,NULL,NULL,,3,0,2,7,255,1369,250,0,0
stim,223061,253182,0,253182,3450499.455,-0.596,0.154,-0.385,0.687,0,0,16,0,0,0,0,61,43,1.009,1,2257,0,256.216,11.176,108.063,232.313,-0.313,-0.555,0.211,1.082,-3.617,-10.574,-7.875,2.322,2.470,1.192,1.312,0,NULL,NULL,,3,0,2,7,255,1369,250,0,0
stim,223061,253182,0,253182,3450504.453,-0.600,0.150,-0.377,0.689,0,0,9,0,0,0,0,71,43,1.009,1,2257,0,249.856,11.847,80.688,235.563,-20.688,-0.527,0.180,1.109,-3.531,-11.309,-7.383,2.372,2.520,1.192,1.312,0,NULL,NULL,,3,0,2,7,255,1369,250,0,0
stim,223091,253212,0,253212,3450509.455,-0.605,0.145,-0.369,0.691,0,0,0,0,0,0,0,82,43,1.009,1,2257,0,250.196,11.873,53.938,241.438,-37.375,-0.445,0.195,1.086,-3.617,-11.309,-6.660,2.420,2.568,1.192,1.312,0,NULL,NULL,,3,0,2,7,255,1369,250,0,0
stim,223091,253212,0,253212,3450514.454,-0.611,0.139,-0.361,0.691,0,0,0,0,0,0,0,95,43,1.009,1,2257,0,257.378,11.143,30.875,250.250,-51.625,-0.367,0.199,1.012,-3.840,-10.461,-6.113,2.466,2.616,1.192,1.312,0,NULL,NULL,,3,0,2,7,255,1369,250,0,0
stim,223091,253212,0,253212,3450519.455,-0.617,0.133,-0.353,0.691,0,0,0,0,0,0,0,103,43,1.009,1,2257,0,267.234,10.044,17.500,259.938,-59.500,-0.324,0.105,0.918,-3.840,-9.281,-5.922,2.510,2.660,1.192,1.312,0,NULL,NULL,,3,0,2,7,255,1369,250,0,0
stim,223091,253212,0,253212,3450524.454,-0.623,0.126,-0.345,0.691,0,0,0,0,0,0,0,105,43,1.009,1,2257,0,279.445,8.790,10.750,271.250,-66.313,-0.324,0.059,0.832,-2.957,-8.277,-5.922,2.550,2.704,1.192,1.312,0,NULL,NULL,,3,0,2,7,255,1369,250,0,0
stim,223091,253212,0,253212,3450529.455,-0.630,0.119,-0.336,0.690,0,0,0,0,0,0,0,110,43,1.009,1,2257,0,294.440,8.030,7.875,283.500,-79.125,-0.297,0.078,0.738,-2.383,-7.668,-6.063,2.586,2.742,1.192,1.312,0,NULL,NULL,,3,0,2,7,255,1369,250,0,0
stim,223091,253212,0,253212,3450534.453,-0.637,0.112,-0.327,0.689,0,0,0,0,0,0,0,112,43,1.009,1,2257,0,308.379,7.155,13.438,294.875,-89.250,-0.176,0.074,0.637,-2.352,-6.758,-6.340,2.620,2.776,1.192,1.312,0,NULL,NULL,,3,0,2,7,255,1369,250,0,0
stim,223091,253212,0,253212,3450539.455,-0.644,0.105,-0.318,0.688,0,0,0,0,0,0,0,119,43,1.009,1,2257,0,318.509,5.613,27.688,305.000,-87.500,-0.027,-0.023,0.516,-2.324,-5.109,-6.340,2.650,2.808,1.192,1.312,0,NULL,NULL,,3,0,2,7,255,1369,250,0,0
stim,223091,253212,0,253212,3450544.454,-0.650,0.098,-0.307,0.688,0,0,0,0,0,0,0,121,43,1.009,1,2257,0,325.076,3.449,52.250,312.125,-74.313,-0.012,-0.051,0.441,-1.336,-3.180,-6.324,2.676,2.834,1.192,1.312,0,NULL,NULL,,3,0,2,7,255,1369,250,0,0
stim,223113,253234,0,253234,3450549.455,-0.657,0.092,-0.295,0.688,0,0,0,0,0,0,0,121,43,1.009,1,2257,0,333.400,3.078,82.250,315.750,-68.500,-0.039,0.043,0.465,-1.336,-2.773,-6.324,2.698,2.856,1.192,1.312,0,NULL,NULL,,3,0,2,7,255,1369,250,0,0
stim,223113,253234,0,253234,3450554.453,-0.662,0.087,-0.283,0.688,0,0,0,0,0,0,0,118,43,1.009,1,2257,0,341.563,3.102,110.188,316.375,-66.563,0.008,0.039,0.512,-1.754,-2.559,-6.324,2.718,2.876,1.192,1.312,0,NULL,NULL,,3,0,2,7,255,1369,250,0,0
stim,223113,253234,0,253234,3450559.455,-0.668,0.082,-0.269,0.689,0,0,0,0,0,0,0,117,43,1.009,1,2257,0,346.417,3.103,136.813,313.875,-52.625,0.043,0.016,0.578,-1.832,-2.504,-5.813,2.738,2.896,1.192,1.312,0,NULL,NULL,,3,0,2,7,255,1369,250,0,0
stim,223113,253234,0,253234,3450564.453,-0.672,0.078,-0.255,0.691,0,0,0,0,0,0,0,120,43,1.009,1,2257,0,352.356,3.133,161.563,310.750,-38.563,0.008,0.082,0.672,-1.883,-2.504,-4.957,2.758,2.918,1.192,1.312,0,NULL,NULL,,3,0,2,7,255,1369,250,0,0
stim,223140,253261,0,253261,3450569.455,-0.676,0.075,-0.240,0.693,0,0,0,0,0,0,0,115,43,1.009,1,2257,0,359.421,3.935,182.563,307.813,-33.250,-0.020,0.129,0.797,-2.613,-2.941,-4.402,2.782,2.940,1.192,1.312,0,NULL,NULL,,3,0,2,7,255,1369,250,0,0
stim,223140,253261,0,253261,3450574.454,-0.680,0.072,-0.225,0.694,0,0,0,0,0,0,0,110,43,1.009,1,2257,0,364.547,4.818,198.563,304.375,-28.688,-0.027,0.125,0.945,-3.266,-3.543,-3.469,2.806,2.966,1.192,1.312,0,NULL,NULL,,3,0,2,7,255,1369,250,0,0
stim,223169,253290,0,253290,3450579.455,-0.683,0.069,-0.210,0.696,0,0,0,0,0,0,0,107,43,1.009,1,2257,0,366.175,5.321,207.188,301.125,-21.938,-0.059,0.121,1.098,-3.441,-4.059,-2.055,2.834,2.992,1.192,1.312,0,NULL,NULL,,3,0,2,7,255,1369,250,0,0
stim,223169,253290,0,253290,3450584.453,-0.686,0.067,-0.195,0.698,0,0,0,0,0,0,0,107,43,1.009,1,2257,0,365.318,5.934,209.625,298.625,-18.375,-0.121,0.152,1.246,-3.598,-4.719,-0.656,2.864,3.022,1.192,1.312,0,NULL,NULL,,3,0,2,7,255,1369,250,0,0
stim,223169,253290,0,253290,3450589.455,-0.688,0.064,-0.179,0.700,0,0,0,0,0,0,0,103,43,1.009,1,2257,0,362.357,6.838,206.500,297.000,-21.250,-0.164,0.191,1.387,-3.988,-5.555,0.559,2.894,3.052,1.192,1.312,0,NULL,NULL,,3,0,2,7,255,1369,250,0,0
stim,223169,253290,0,253290,3450594.454,-0.691,0.061,-0.164,0.701,0,0,0,0,0,0,0,100,43,1.009,1,2257,0,358.530,7.545,199.500,296.563,-28.188,-0.176,0.195,1.535,-4.395,-6.133,1.824,2.926,3.082,1.192,1.312,0,NULL,NULL,,3,0,2,7,255,1369,250,0,0
stim,223169,253290,0,253290,3450599.455,-0.694,0.058,-0.150,0.702,0,0,0,0,0,0,0,101,43,1.009,1,2257,0,350.848,7.808,184.563,296.438,-34.000,-0.188,0.199,1.668,-4.492,-6.387,3.363,2.958,3.114,1.192,1.312,0,NULL,NULL,,3,0,2,7,255,1369,250,0,0
stim,223169,253290,0,253290,3450604.454,-0.697,0.055,-0.136,0.702,0,0,0,0,0,0,0,100,43,1.009,1,2257,0,341.743,7.815,165.125,296.500,-40.125,-0.176,0.203,1.773,-4.504,-6.387,4.777,2.990,3.144,1.192,1.312,0,NULL,NULL,,3,0,2,7,255,1369,250,0,0
stim,223169,253290,0,253290,3450609.455,-0.700,0.050,-0.122,0.702,0,0,0,0,0,0,0,100,43,1.009,1,2257,0,331.714,7.735,141.438,296.750,-44.375,-0.152,0.195,1.816,-4.504,-6.289,6.016,3.022,3.176,1.192,1.312,0,NULL,NULL,,3,0,2,7,255,1369,250,0,0
stim,223169,253290,0,253290,3450614.453,-0.703,0.045,-0.109,0.701,0,0,0,0,0,0,0,110,43,1.009,1,2257,0,323.770,7.171,116.688,297.875,-49.813,-0.125,0.168,1.766,-4.301,-5.738,6.508,3.050,3.204,1.192,1.312,0,NULL,NULL,,3,0,2,7,255,1369,250,0,0
stim,223169,253290,0,253290,3450619.455,-0.706,0.039,-0.097,0.700,0,0,0,0,0,0,0,117,43,1.009,1,2257,0,320.021,6.274,100.813,298.625,-55.438,-0.074,0.156,1.684,-3.836,-4.965,6.508,3.078,3.230,1.192,1.312,0,NULL,NULL,,3,0,2,7,255,1369,250,0,0
stim,223169,253290,0,253290,3450624.454,-0.709,0.033,-0.085,0.699,0,0,0,0,0,0,0,121,43,1.009,1,2257,0,318.007,5.187,91.563,299.063,-57.500,-0.012,0.137,1.582,-3.461,-3.863,5.965,3.102,3.254,1.192,1.312,0,NULL,NULL,,3,0,2,7,255,1369,250,0,0
stim,223196,253317,0,253317,3450629.455,-0.712,0.027,-0.073,0.698,0,0,0,0,0,0,0,124,43,1.009,1,2257,0,315.372,4.047,91.938,297.125,-52.188,0.020,0.113,1.523,-3.039,-2.672,5.234,3.124,3.276,1.192,1.312,0,NULL,NULL,,3,0,2,7,255,1369,250,0,0
stim,223196,253317,0,253317,3450634.453,-0.715,0.022,-0.060,0.697,0,0,0,0,0,0,0,134,43,1.009,1,2257,0,314.253,3.249,97.250,294.688,-49.563,0.027,0.094,1.512,-2.637,-1.898,4.816,3.142,3.292,1.192,1.312,0,NULL,NULL,,3,0,2,7,255,1369,250,0,0
stim,223196,253317,0,253317,3450639.455,-0.717,0.016,-0.048,0.695,0,0,0,0,0,0,0,137,43,1.009,1,2257,0,311.702,2.695,100.938,291.188,-46.688,0.039,0.098,1.520,-2.277,-1.441,4.816,3.158,3.306,1.192,1.312,0,NULL,NULL,,3,0,2,7,255,1369,250,0,0
stim,223196,253317,0,253317,3450644.453,-0.719,0.011,-0.035,0.694,0,0,0,0,0,0,0,126,43,1.009,1,2257,0,308.225,2.413,105.750,286.625,-40.813,0.051,0.117,1.508,-2.219,-0.949,4.863,3.170,3.318,1.192,1.312,0,NULL,NULL,,3,0,2,7,255,1369,250,0,0
stim,223196,253317,0,253317,3450649.455,-0.721,0.006,-0.023,0.693,0,0,0,0,0,0,0,123,43,1.009,1,2257,0,306.603,2.225,116.125,281.500,-35.750,0.055,0.129,1.527,-2.180,-0.449,4.949,3.180,3.326,1.192,1.312,0,NULL,NULL,,3,0,2,7,255,1369,250,0,0
stim,223196,253317,0,253317,3450654.454,-0.722,0.002,-0.010,0.692,0,0,3,0,0,0,0,119,43,1.009,1,2257,0,305.497,2.157,127.563,275.875,-30.813,0.059,0.129,1.590,-2.156,-0.063,5.074,3.186,3.332,1.192,1.312,0,NULL,NULL,,3,0,2,7,255,1369,250,0,0
stim,223225,253346,0,253346,3450659.455,-0.723,-0.001,0.002,0.691,0,0,3,0,0,0,0,119,43,1.009,1,2257,0,304.677,2.014,137.188,270.750,-26.500,0.078,0.133,1.668,-1.988,0.320,5.703,3.188,3.332,1.192,1.312,0,NULL,NULL,,3,0,2,7,255,1369,250,0,0
stim,223225,253346,0,253346,3450664.453,-0.724,-0.005,0.015,0.690,0,0,3,0,0,0,0,116,43,1.009,1,2257,0,304.934,2.034,145.500,267.063,-22.188,0.105,0.148,1.742,-1.832,0.883,6.480,3.188,3.332,1.192,1.312,0,NULL,NULL,,3,0,2,7,255,1369,250,0,0
stim,223225,253346,0,253346,3450669.455,-0.724,-0.008,0.028,0.689,0,0,3,0,0,0,0,117,43,1.009,1,2257,0,306.655,2.344,153.375,264.938,-17.938,0.137,0.164,1.836,-1.754,1.555,7.215,3.186,3.326,1.192,1.312,0,NULL,NULL,,3,0,2,7,255,1369,250,0,0
stim,223225,253346,0,253346,3450674.454,-0.725,-0.010,0.041,0.688,0,0,13,0,0,0,0,115,43,1.009,1,2257,0,308.448,2.828,158.250,264.375,-14.250,0.184,0.168,1.926,-1.645,2.301,8.074,3.178,3.318,1.192,1.312,0,NULL,NULL,,3,0,2,7,255,1369,250,0,0
stim,223279,253400,0,253400,3450679.455,-0.725,-0.013,0.054,0.687,0,0,18,0,0,0,0,111,43,1.009,1,2257,0,309.953,3.485,157.375,266.750,-12.188,0.254,0.203,1.977,-1.383,3.199,8.898,3.166,3.302,1.192,1.312,0,NULL,NULL,,3,0,2,7,255,1369,250,0,0
stim,223279,253400,0,253400,3450684.453,-0.725,-0.016,0.067,0.685,0,0,20,0,0,0,0,117,43,1.009,1,2257,0,311.918,4.596,160.000,267.688,-6.000,0.340,0.203,2.008,-1.383,4.383,9.285,3.146,3.280,1.192,1.312,0,NULL,NULL,,3,0,2,7,255,1369,250,0,0
stim,223279,253400,0,253400,3450689.455,-0.724,-0.019,0.081,0.684,0,0,21,0,0,0,0,109,43,1.009,1,2257,0,316.236,5.759,165.250,269.625,0.000,0.430,0.203,2.055,-1.020,5.668,9.387,3.122,3.254,1.192,1.312,0,NULL,NULL,,3,0,2,7,255,1369,250,0,0
stim,223279,253400,0,253400,3450694.453,-0.723,-0.022,0.094,0.683,0,0,21,0,0,0,0,108,43,1.009,1,2257,0,319.245,7.105,170.750,269.688,5.500,0.555,0.195,2.129,-0.660,7.074,9.590,3.092,3.222,1.192,1.312,0,NULL,NULL,,3,0,2,7,255,1369,250,0,0
stim,223279,253400,0,253400,3450699.455,-0.722,-0.024,0.108,0.683,0,0,19,0,0,0,0,97,43,1.009,1,2257,0,319.607,8.810,171.625,269.375,11.438,0.695,0.195,2.172,-0.152,8.809,9.895,3.052,3.180,1.192,1.312,0,NULL,NULL,,3,0,2,7,255,1369,250,0,0
stim,223279,253400,0,253400,3450704.454,-0.721,-0.027,0.122,0.682,0,0,19,0,0,0,0,100,43,1.009,1,2257,0,318.793,10.707,171.625,267.750,22.000,0.828,0.180,2.180,0.297,10.703,9.895,3.006,3.130,1.192,1.312,0,NULL,NULL,,3,0,2,7,255,1369,250,0,0
stim,223279,253400,0,253400,3450709.455,-0.719,-0.029,0.135,0.681,0,0,21,0,0,0,0,93,43,1.009,1,2257,0,319.709,12.445,175.000,265.188,35.563,0.926,0.168,2.172,0.816,12.418,9.398,2.956,3.078,1.192,1.312,0,NULL,NULL,,3,0,2,7,255,1369,250,0,0
stim,223279,253400,0,253400,3450714.453,-0.716,-0.031,0.149,0.681,0,0,22,0,0,0,0,91,43,1.009,1,2257,0,321.521,13.779,180.250,262.063,47.000,0.977,0.172,2.195,1.242,13.723,8.809,2.902,3.020,1.192,1.312,0,NULL,NULL,,3,0,2,7,255,1369,250,0,0
stim,223279,253400,0,253400,3450719.455,-0.713,-0.033,0.163,0.681,0,0,24,0,0,0,0,104,43,1.009,1,2257,0,320.707,14.771,181.750,258.500,54.750,1.012,0.191,2.242,1.531,14.691,8.586,2.842,2.958,1.192,1.312,0,NULL,NULL,,3,0,2,7,255,1369,250,0,0
stim,223279,253400,0,253400,3450724.454,-0.710,-0.035,0.176,0.681,0,0,24,0,0,0,0,106,43,1.009,1,2257,0,314.722,15.635,174.750,254.750,60.125,1.039,0.203,2.258,1.695,15.543,8.578,2.780,2.890,1.192,1.312,0,NULL,NULL,,3,0,2,7,255,1369,250,0,0
stim,223280,253401,0,253401,3450729.455,-0.707,-0.037,0.188,0.681,0,0,21,0,0,0,0,111,43,1.009,1,2257,0,304.600,16.340,161.375,249.750,66.063,1.051,0.188,2.223,1.887,16.230,8.320,2.714,2.820,1.192,1.312,0,NULL,NULL,,3,0,2,7,255,1369,250,0,0
stim,223280,253401,0,253401,3450734.454,-0.703,-0.039,0.201,0.681,0,0,22,0,0,0,0,119,43,1.009,1,2257,0,294.367,16.754,150.500,243.000,70.375,1.074,0.172,2.145,2.164,16.613,7.543,2.646,2.748,1.192,1.312,0,NULL,NULL,,3,0,2,7,255,1369,250,0,0
stim,223304,253425,0,253425,3450739.455,-0.699,-0.041,0.212,0.682,0,0,21,0,0,0,0,126,43,1.009,1,2257,0,284.991,17.081,145.313,234.750,70.688,1.133,0.090,2.051,2.352,16.918,6.367,2.574,2.670,1.192,1.312,0,NULL,NULL,,3,0,2,7,255,1369,250,0,0
stim,223304,253425,0,253425,3450744.453,-0.695,-0.043,0.223,0.682,0,0,23,0,0,0,0,136,43,1.009,1,2257,0,275.870,17.661,142.313,225.313,71.313,1.199,-0.078,1.949,3.078,17.391,4.801,2.500,2.592,1.192,1.312,0,NULL,NULL,,3,0,2,7,255,1369,250,0,0
stim,223304,253425,0,253425,3450749.455,-0.691,-0.044,0.234,0.682,0,0,23,0,0,0,0,149,43,1.009,1,2257,0,266.056,18.414,139.125,214.563,73.438,1.266,-0.270,1.813,4.563,17.840,2.953,2.424,2.512,1.192,1.312,0,NULL,NULL,,3,0,2,7,255,1369,250,0,0
stim,223304,253425,0,253425,3450754.454,-0.688,-0.045,0.245,0.682,0,0,23,0,0,0,0,153,43,1.009,1,2257,0,258.446,19.064,141.625,202.875,74.688,1.324,-0.426,1.645,6.145,18.047,0.680,2.346,2.432,1.192,1.312,0,NULL,NULL,,3,0,2,7,255,1369,250,0,0
stim,223323,253444,0,253444,3450759.455,-0.684,-0.046,0.255,0.682,0,0,25,0,0,0,0,153,43,1.009,1,2257,0,255.346,19.440,153.313,190.000,74.813,1.375,-0.516,1.508,7.227,18.047,-1.773,2.266,2.350,1.192,1.312,0,NULL,NULL,,3,0,2,7,255,1369,250,0,0
stim,223323,253444,0,253444,3450764.453,-0.680,-0.045,0.266,0.682,0,0,23,0,0,0,0,149,43,1.009,1,2257,0,256.023,19.644,170.813,176.188,73.000,1.426,-0.574,1.457,7.758,18.047,-3.754,2.180,2.266,1.192,1.312,0,NULL,NULL,,3,0,2,7,255,1369,250,0,0
stim,223323,253444,0,253444,3450769.455,-0.677,-0.044,0.276,0.681,0,0,27,0,0,0,0,155,43,1.009,1,2257,0,259.348,19.784,189.250,164.313,66.688,1.406,-0.504,1.430,7.758,18.199,-4.926,2.092,2.176,1.192,1.312,0,NULL,NULL,,3,0,2,7,255,1369,250,0,0
stim,223323,253444,0,253444,3450774.454,-0.674,-0.042,0.287,0.680,0,0,27,0,0,0,0,159,43,1.009,1,2257,0,253.763,20.094,201.063,146.375,50.438,1.625,-0.762,1.594,8.176,18.355,-5.281,1.996,2.080,1.192,1.312,0,NULL,NULL,,3,0,2,7,255,1369,250,0,0
stim,223362,253483,0,253483,3450779.455,-0.671,-0.039,0.297,0.679,0,0,23,0,0,0,0,169,43,1.009,1,2257,0,241.142,23.136,188.688,135.625,64.438,1.746,-0.777,1.605,10.273,20.730,-6.043,1.896,1.978,1.192,1.312,0,NULL,NULL,,3,0,2,7,255,1369,250,0,0
stim,223362,253483,0,253483,3450784.454,-0.668,-0.037,0.306,0.678,0,0,23,0,0,0,0,171,43,1.009,1,2257,0,223.742,24.171,178.063,121.375,60.188,1.762,-0.762,1.609,10.273,21.879,-6.969,1.786,1.864,1.192,1.312,0,NULL,NULL,,3,0,2,7,255,1369,250,0,0
stim,223362,253483,0,253483,3450789.455,-0.665,-0.035,0.314,0.677,0,0,25,0,0,0,0,173,43,1.009,1,2257,0,206.461,24.350,170.188,108.813,42.688,1.824,-0.746,1.531,10.270,22.078,-7.340,1.668,1.744,1.192,1.312,0,NULL,NULL,,3,0,2,7,255,1369,250,0,0
stim,223362,253483,0,253483,3450794.453,-0.664,-0.033,0.321,0.675,0,0,22,0,0,0,0,182,43,1.009,1,2257,0,187.697,24.541,162.000,91.625,24.313,1.867,-0.863,1.609,10.270,22.289,-8.535,1.546,1.618,1.192,1.312,0,NULL,NULL,,3,0,2,7,255,1369,250,0,0
stim,223362,253483,0,253483,3450799.455,-0.663,-0.030,0.328,0.673,0,0,27,0,0,0,0,218,43,1.009,1,2257,0,165.390,25.491,147.500,74.500,6.875,2.121,-1.094,1.586,11.184,22.906,-8.879,1.418,1.486,1.192,1.312,0,NULL,NULL,,3,0,2,7,255,1369,250,0,0
stim,223362,253483,0,253483,3450804.454,-0.661,-0.028,0.333,0.671,0,0,27,0,0,0,0,244,43,1.009,1,2257,0,146.622,27.970,134.250,54.063,23.500,2.258,-1.145,1.602,12.992,24.770,-11.375,1.288,1.348,1.192,1.312,0,NULL,NULL,,3,0,2,7,255,1369,250,0,0
stim,223391,253512,0,253512,3450809.455,-0.660,-0.025,0.338,0.670,0,0,24,0,0,0,0,267,43,1.009,1,2257,0,143.399,27.970,135.375,34.000,32.875,2.113,-1.105,1.531,12.992,24.770,-12.309,1.162,1.210,1.192,1.312,0,NULL,NULL,,3,0,2,7,255,1369,250,0,0
stim,223391,253512,0,253512,3450814.453,-0.659,-0.020,0.343,0.669,0,0,26,0,0,0,0,275,43,1.009,1,2257,0,141.313,27.577,139.500,8.563,20.875,1.961,-0.914,1.750,12.957,24.344,-12.309,1.038,1.072,1.192,1.312,0,NULL,NULL,,3,0,2,7,255,1369,250,0,0
stim,223391,253512,0,253512,3450819.455,-0.660,-0.017,0.345,0.667,0,0,27,0,0,0,0,276,43,1.009,1,2257,0,106.744,27.305,104.875,-18.125,8.188,1.941,-0.691,2.125,12.367,24.344,-9.383,0.920,0.936,1.192,1.312,0,NULL,NULL,,3,0,2,7,255,1369,250,0,0
stim,223391,253512,0,253512,3450824.454,-0.660,-0.014,0.346,0.667,0,0,0,0,0,0,0,424,43,1.009,1,2257,0,69.842,27.180,54.125,-43.688,6.313,1.609,-0.727,2.258,12.367,24.203,-5.617,0.810,0.802,1.192,1.312,0,NULL,NULL,,3,0,2,7,255,1369,250,0,0
stim,223391,253512,0,253512,3450829.455,-0.656,0.006,0.352,0.668,69,0,0,176,0,22,0,518,43,1.009,1,2257,0,492.502,29.233,387.563,-192.688,235.000,0.582,-0.809,5.410,13.379,25.992,-3.176,0.702,0.660,1.192,1.312,0,NULL,NULL,,3,0,2,7,255,1369,250,0,0
stim,223391,253512,0,253512,3450834.454,-0.652,0.025,0.353,0.670,623,0,0,774,0,137,0,577,43,1.009,1,2257,0,445.938,38.846,284.000,-247.875,238.250,1.102,1.469,8.777,25.969,28.891,24.676,0.610,0.522,1.192,1.312,0,NULL,NULL,,3,0,2,7,255,1369,250,0,0
stim,223391,253512,0,253512,3450839.455,-0.653,0.005,0.325,0.684,1133,0,0,1257,0,317,0,621,43,1.009,1,2257,0,845.823,38.846,-837.188,-106.063,57.313,-0.832,0.883,4.746,25.969,28.891,34.598,0.544,0.404,1.192,1.312,0,NULL,NULL,,3,0,2,7,255,1369,250,0,0
stim,223391,253512,0,253512,3450844.453,-0.651,-0.025,0.284,0.704,1589,0,0,1564,0,589,0,679,43,1.009,1,2257,0,1256.207,18.169,-1246.313,-132.625,84.688,-0.086,2.855,-0.172,12.082,13.570,34.598,0.522,0.332,1.192,1.312,0,NULL,NULL,,3,0,2,7,255,1369,250,0,0
stim,223413,253534,0,253534,3450849.455,-0.649,-0.044,0.255,0.716,1939,0,0,1835,0,848,0,743,44,1.009,1,2258,0,851.667,26.872,-840.750,-117.625,68.125,-0.313,2.484,-2.957,-26.820,-1.664,-1.375,0.548,0.344,1.192,1.312,1,1319.000,-50.000,,3,0,2,7,255,1369,250,0,0
stim,223413,253534,0,253534,3450854.454,-0.647,-0.047,0.242,0.721,2160,0,0,1963,0,997,0,811,44,1.009,1,2258,0,316.470,31.264,-275.813,-136.500,73.813,-1.063,0.105,-2.723,-26.820,-16.066,-27.168,0.574,0.370,1.192,1.312,1,NULL,NULL,,3,0,2,7,255,1369,250,0,0
stim,223413,253534,0,253534,3450859.456,-0.647,-0.040,0.240,0.723,2351,0,0,2079,0,1179,0,886,44,1.009,1,2258,0,179.683,16.887,61.938,-159.125,55.938,-0.984,-1.273,0.383,-5.199,-16.066,-27.168,0.596,0.400,1.192,1.312,1,NULL,NULL,,3,0,2,7,255,1369,250,0,0
stim,223413,253534,0,253534,3450864.454,-0.647,-0.034,0.238,0.723,2469,0,0,2151,0,1301,0,965,44,1.009,1,2258,0,135.003,7.382,42.125,-123.125,35.938,-0.207,0.875,2.145,-3.191,-6.656,-6.277,0.616,0.424,1.192,1.312,1,NULL,NULL,,3,0,2,7,255,1369,250,0,0
stim,223442,253563,0,253563,3450869.455,-0.646,-0.034,0.232,0.726,2659,0,0,2405,0,1381,0,1039,44,1.009,1,2258,0,153.674,6.542,-106.625,-98.375,50.688,0.000,2.707,2.523,-3.191,5.711,12.020,0.640,0.444,1.192,1.312,2,NULL,NULL,,3,0,2,7,255,1369,250,0,0
stim,223442,253563,0,253563,3450874.454,-0.644,-0.039,0.220,0.731,2771,0,0,2603,0,1371,0,1099,44,1.009,1,2258,0,327.199,11.061,-306.688,-89.125,71.125,-0.805,1.531,1.977,-9.473,5.711,14.105,0.660,0.462,1.192,1.312,2,NULL,NULL,,3,0,2,7,255,1369,250,0,0
stim,223471,253592,0,253592,3450879.455,-0.640,-0.045,0.202,0.740,2861,0,0,2739,0,1352,0,1229,44,1.009,1,2258,0,494.276,9.585,-444.500,-149.250,156.375,-1.945,-1.371,0.270,-9.473,-1.461,14.105,0.664,0.474,1.192,1.312,2,NULL,NULL,,3,0,2,7,255,1369,250,0,0
stim,223471,253592,0,253592,3450884.454,-0.641,-0.051,0.185,0.743,2915,0,0,2838,0,1303,0,1336,44,1.009,1,2258,0,404.144,22.741,-374.375,-149.313,-29.688,-1.934,-1.973,-0.813,16.777,-15.352,-4.004,0.648,0.472,1.192,1.312,2,NULL,NULL,,3,0,2,7,255,1369,250,0,0
stim,223471,253592,0,253592,3450889.455,-0.647,-0.050,0.176,0.740,2955,0,0,2916,0,1283,0,1433,44,1.009,1,2258,0,258.540,22.741,-127.938,-167.313,-149.938,-0.883,-1.160,-0.410,16.777,-15.352,-12.871,0.612,0.460,1.192,1.312,2,NULL,NULL,,3,0,2,7,255,1369,250,0,0
stim,223471,253592,0,253592,3450894.453,-0.654,-0.045,0.172,0.735,2985,0,0,2979,0,1304,0,1487,44,1.009,1,2258,0,250.743,14.474,25.063,-163.438,-188.500,0.230,-0.297,1.098,11.914,-8.219,-12.871,0.576,0.444,1.192,1.312,2,NULL,NULL,,3,0,2,7,255,1369,250,0,0
stim,223471,253592,0,253592,3450899.455,-0.659,-0.042,0.167,0.732,3026,0,0,3041,0,1391,0,1527,44,1.009,1,2258,0,197.409,7.742,-11.688,-139.625,-139.063,0.938,-0.414,2.012,5.266,5.676,-0.824,0.544,0.420,1.192,1.312,2,NULL,NULL,,3,0,2,7,255,1369,250,0,0
stim,223471,253592,0,253592,3450904.453,-0.661,-0.042,0.159,0.732,3041,0,0,3087,0,1511,0,1583,44,1.009,1,2258,0,191.397,15.816,-132.500,-134.375,-31.938,1.145,-0.875,1.867,5.266,14.914,3.277,0.514,0.388,1.192,1.312,2,NULL,NULL,,3,0,2,7,255,1369,250,0,0
stim,223471,253592,0,253592,3450909.455,-0.658,-0.044,0.148,0.737,3043,0,0,3102,0,1655,0,1670,44,1.009,1,2258,0,268.402,17.494,-222.250,-119.563,91.375,0.742,-1.301,1.176,9.145,14.914,3.277,0.482,0.344,1.192,1.312,2,NULL,NULL,,3,0,2,7,255,1369,250,0,0
stim,223471,253592,0,253592,3450914.454,-0.653,-0.046,0.139,0.743,3053,0,0,3134,37,1786,0,1723,44,1.009,1,2258,0,290.291,16.615,-214.625,-111.375,160.625,-0.102,-1.219,0.434,12.176,11.305,-2.352,0.450,0.296,1.192,1.312,2,NULL,NULL,,3,0,2,7,255,1369,250,0,0
stim,223471,253592,0,253592,3450919.455,-0.649,-0.045,0.132,0.748,3062,0,0,3147,127,1949,0,1781,44,1.009,1,2258,0,227.273,12.268,-136.750,-115.250,140.250,-0.809,-0.680,0.359,12.176,1.504,-5.262,0.418,0.256,1.192,1.312,2,NULL,NULL,,3,0,2,7,255,1369,250,0,0
stim,223471,253592,0,253592,3450924.454,-0.649,-0.043,0.125,0.750,3067,0,0,3159,285,2066,0,1853,44,1.009,1,2258,0,152.766,9.905,-83.063,-125.688,25.313,-1.168,-0.125,0.883,7.945,-5.914,-5.262,0.388,0.224,1.192,1.312,2,NULL,NULL,,3,0,2,7,255,1369,250,0,0
stim,223498,253619,0,253619,3450929.455,-0.651,-0.041,0.120,0.749,3077,0,0,3158,586,2195,0,1996,44,1.009,1,2258,0,151.234,6.866,-51.000,-131.375,-54.875,-0.227,0.016,0.754,3.488,-5.914,-2.148,0.362,0.206,1.192,1.312,2,NULL,NULL,,3,0,2,7,255,1369,250,0,0
stim,223498,253619,0,253619,3450934.453,-0.653,-0.037,0.115,0.748,3079,0,0,3156,792,2277,103,2107,44,1.009,1,2258,0,133.817,2.832,-19.813,-125.688,-41.438,0.195,-0.230,1.457,2.785,-0.516,1.059,0.348,0.192,1.192,1.312,2,NULL,NULL,,3,0,2,7,255,1369,250,0,0
stim,223498,253619,0,253619,3450939.455,-0.655,-0.035,0.113,0.746,3059,0,0,3159,1020,2325,82,2200,44,1.009,1,2258,0,95.795,5.895,-12.438,-71.250,-62.813,0.512,-0.348,1.961,2.785,5.195,3.488,0.342,0.172,1.192,1.312,2,NULL,NULL,,3,0,2,7,255,1369,250,0,0
stim,223498,253619,0,253619,3450944.454,-0.656,-0.035,0.109,0.746,3076,0,0,3155,1180,2331,77,2253,44,1.009,1,2258,0,88.337,9.242,-51.438,-60.625,-38.500,0.668,0.004,1.238,2.785,8.813,3.488,0.344,0.150,1.192,1.312,2,NULL,NULL,,3,0,2,7,255,1369,250,0,0
stim,223498,253619,0,253619,3450949.455,-0.656,-0.034,0.107,0.746,3059,20,0,3157,1277,2381,105,2309,44,1.009,1,2258,0,50.263,8.818,-22.750,-44.813,0.813,0.637,0.301,1.090,-0.301,8.813,0.754,0.350,0.126,1.192,1.312,2,NULL,NULL,,3,0,2,7,255,1369,250,0,0
stim,223498,253619,0,253619,3450954.453,-0.655,-0.034,0.106,0.747,3059,21,0,3157,1370,2407,115,2354,44,1.009,1,2258,0,51.660,7.810,-22.813,-27.750,37.125,-0.020,-0.031,1.156,-0.301,7.805,0.754,0.364,0.104,1.192,1.312,2,NULL,NULL,,3,0,2,7,255,1369,250,0,0
stim,223526,253647,0,253647,3450959.455,-0.655,-0.035,0.103,0.748,3061,35,0,3157,1461,2419,119,2385,44,1.009,1,2258,0,63.798,2.232,-58.750,-23.938,6.750,-0.566,-0.180,1.160,0.891,2.047,1.281,0.374,0.086,1.192,1.312,2,NULL,NULL,,3,0,2,7,255,1369,250,0,0
stim,223526,253647,0,253647,3450964.454,-0.657,-0.036,0.101,0.746,3059,47,0,3155,1520,2428,119,2411,44,1.009,1,2258,0,80.180,1.410,-45.375,-18.375,-63.500,-0.285,0.105,0.941,0.891,-1.094,1.281,0.380,0.074,1.192,1.312,2,NULL,NULL,,3,0,2,7,255,1369,250,0,0
stim,223526,253647,0,253647,3450969.455,-0.660,-0.036,0.100,0.744,3059,58,0,3156,1571,2442,141,2430,44,1.009,1,2258,0,86.478,1.128,-15.375,-14.750,-83.813,0.117,0.293,1.035,-0.277,-1.094,0.102,0.384,0.064,1.192,1.312,2,NULL,NULL,,3,0,2,7,255,1369,250,0,0
stim,223526,253647,0,253647,3450974.454,-0.661,-0.036,0.099,0.743,3077,63,0,3155,1609,2402,149,2451,44,1.009,1,2258,0,45.822,2.717,-21.438,-10.688,-39.063,0.234,0.051,1.102,-0.371,2.691,0.102,0.390,0.056,1.192,1.312,2,NULL,NULL,,3,0,2,7,255,1369,250,0,0
stim,223569,253691,0,253691,3450979.455,-0.661,-0.037,0.097,0.743,3060,92,0,3155,1641,2463,147,2468,44,1.009,1,2258,0,45.167,2.717,-44.063,-8.500,5.125,-0.109,-0.168,1.008,-0.371,2.691,0.102,0.396,0.048,1.192,1.312,2,NULL,NULL,,3,0,2,7,255,1369,250,0,0
stim,223569,253691,0,253691,3450984.453,-0.661,-0.039,0.095,0.743,3061,109,0,3153,1677,2477,124,2483,44,1.009,1,2258,0,44.946,1.053,-42.625,-6.125,-12.875,-0.398,0.035,0.922,0.395,0.977,-0.039,0.402,0.042,1.192,1.312,2,NULL,NULL,,3,0,2,7,255,1369,250,0,0
stim,223570,253691,0,253691,3450989.455,-0.663,-0.040,0.094,0.741,3060,110,5,3155,1724,2501,121,2499,44,1.009,1,2258,0,66.205,1.035,-31.625,-5.125,-57.938,-0.262,0.242,0.996,0.395,-0.957,-0.039,0.404,0.036,1.192,1.312,2,NULL,NULL,,3,0,2,7,255,1369,250,0,0
stim,223570,253691,0,253691,3450994.454,-0.665,-0.040,0.093,0.740,3067,121,25,3149,1757,2504,121,2494,44,1.009,1,2258,0,69.853,1.021,-32.250,-5.125,-61.750,0.043,-0.016,1.020,0.355,-0.957,-0.102,0.408,0.030,1.192,1.312,2,NULL,NULL,,3,0,2,7,255,1369,250,0,0
stim,223570,253691,0,253691,3450999.455,-0.666,-0.041,0.091,0.739,3081,120,61,3161,1782,2507,118,2508,44,1.009,1,2258,0,43.781,2.293,-31.688,-3.563,-30.000,0.086,-0.145,0.992,0.355,2.266,-0.102,0.410,0.024,1.192,1.312,2,NULL,NULL,,3,0,2,7,255,1369,250,0,0
stim,223570,253691,0,253691,3451004.453,-0.666,-0.042,0.090,0.739,3063,127,63,3155,1813,2509,117,2511,44,1.009,1,2258,0,27.753,2.293,-26.313,-1.875,-8.625,-0.059,0.008,0.977,0.355,2.266,-0.305,0.414,0.016,1.192,1.312,2,NULL,NULL,,3,0,2,7,255,1369,250,0,0
stim,223570,253691,0,253691,3451009.455,-0.667,-0.042,0.090,0.739,3076,139,70,3155,1832,2509,107,2510,44,1.009,1,2258,0,23.782,1.171,-20.000,-1.188,-12.813,-0.160,0.105,0.992,0.184,1.156,-0.305,0.416,0.008,1.192,1.312,2,NULL,NULL,,3,0,2,7,255,1369,250,0,0
stim,223570,253691,0,253691,3451014.453,-0.667,-0.043,0.089,0.738,3065,147,137,3154,1844,2519,89,2513,44,1.009,1,2258,0,28.601,0.724,-18.125,0.000,-22.125,-0.105,0.031,1.004,-0.047,0.723,0.043,0.420,0.000,1.192,1.312,2,NULL,NULL,,3,0,2,7,255,1369,250,0,0
stim,223570,253691,0,253691,3451019.455,-0.668,-0.043,0.088,0.738,3065,150,155,3165,1862,2518,84,2516,44,1.009,1,2258,0,22.881,0.724,-15.563,0.875,-16.750,-0.047,0.012,0.973,-0.047,0.723,0.043,0.000,0.000,1.192,1.312,2,NULL,NULL,,3,0,2,7,255,1369,250,0,0
stim,223570,253691,0,253691,3451024.454,-0.668,-0.044,0.088,0.738,3081,155,168,3157,1871,2525,78,2515,44,1.009,1,2258,0,12.744,0.954,-11.688,1.625,-4.813,-0.078,0.055,0.988,-0.047,0.953,-0.156,0.000,0.000,1.192,1.312,2,NULL,NULL,,3,0,2,7,255,1369,250,0,0
stim,223594,253715,0,253715,3451029.455,-0.668,-0.044,0.088,0.738,3083,164,199,3149,1885,2521,85,2520,44,1.006,1,2258,1,9.853,1.012,-9.813,0.688,0.563,-0.164,0.082,1.004,-0.340,0.953,-0.156,0.000,0.000,1.331,1.323,2,NULL,NULL,,3,0,2,7,255,1369,250,0,0
stim,223594,253715,0,253715,3451034.454,-0.668,-0.044,0.087,0.738,3078,173,234,3155,1897,2464,78,2515,44,1.006,1,2258,1,9.620,0.362,-9.438,0.438,-1.813,-0.188,0.055,0.988,-0.340,0.125,0.063,0.004,0.004,1.331,1.323,2,NULL,NULL,,3,0,2,7,255,1369,250,0,0
stim,223594,253715,0,253715,3451039.455,-0.668,-0.044,0.087,0.738,3087,179,250,3151,1903,2523,73,2517,44,1.006,1,2258,1,8.639,0.266,-7.688,0.188,-3.938,-0.164,0.027,0.984,-0.234,0.125,0.063,0.010,0.008,1.331,1.323,2,NULL,NULL,,3,0,2,7,255,1369,250,0,0
stim,223594,253715,0,253715,3451044.453,-0.668,-0.045,0.087,0.737,3077,179,280,3155,1918,2531,75,2518,44,1.006,1,2258,1,6.371,0.149,-5.625,-0.563,-2.938,-0.148,0.016,0.992,0.016,0.148,0.000,0.014,0.012,1.331,1.323,2,NULL,NULL,,3,0,2,7,255,1369,250,0,0
stim,223618,253739,0,253739,3451049.455,-0.668,-0.045,0.087,0.737,3079,182,303,3148,1927,2505,62,2515,44,1.006,1,2258,1,5.575,0.338,-5.438,-0.625,-1.063,-0.145,0.008,1.000,0.109,0.320,0.000,0.018,0.016,1.331,1.323,2,NULL,NULL,,3,0,2,7,255,1369,250,0,0
stim,223618,253739,0,253739,3451054.454,-0.668,-0.045,0.086,0.738,3068,180,323,3144,1941,2535,39,2522,44,1.006,1,2258,1,5.788,0.356,-5.688,-0.875,0.625,-0.156,0.000,0.988,0.156,0.320,0.000,0.020,0.016,1.331,1.323,2,NULL,NULL,,3,0,2,7,255,1369,250,0,0
stim,223618,253739,0,253739,3451059.455,-0.668,-0.045,0.086,0.738,3066,176,351,3143,1945,2524,39,2520,44,1.006,1,2258,1,4.723,0.288,-4.125,-1.688,1.563,-0.172,0.020,0.977,0.156,0.242,-0.008,0.022,0.018,1.331,1.323,2,NULL,NULL,,3,0,2,7,255,1369,250,0,0
stim,223618,253739,0,253739,3451064.453,-0.668,-0.045,0.086,0.738,3087,175,365,3143,1959,2472,36,2523,44,1.006,1,2258,1,4.053,0.094,-2.500,-2.625,1.813,-0.180,0.031,0.984,0.066,0.066,-0.008,0.024,0.020,1.331,1.323,2,NULL,NULL,,3,0,2,7,255,1369,250,0,0
stim,223618,253739,0,253739,3451069.455,-0.668,-0.045,0.086,0.738,3061,175,379,3135,1974,2527,35,2527,44,1.006,1,2258,1,4.367,0.047,-2.125,-3.625,1.188,-0.184,0.039,0.992,-0.035,-0.031,0.004,0.026,0.022,1.331,1.323,2,NULL,NULL,,3,0,2,7,255,1369,250,0,0
stim,223618,253739,0,253739,3451074.454,-0.668,-0.045,0.086,0.738,3065,184,395,3131,1981,2533,38,2537,44,1.006,1,2258,1,5.456,0.053,-2.375,-4.750,1.250,-0.180,0.023,0.984,-0.035,-0.039,0.004,0.028,0.022,1.331,1.323,2,NULL,NULL,,3,0,2,7,255,1369,250,0,0
stim,223661,253782,0,253782,3451079.455,-0.668,-0.045,0.085,0.738,3048,182,443,3135,2005,2517,42,2537,44,1.006,1,2258,1,6.428,0.061,-1.250,-6.000,1.938,-0.184,0.008,0.973,0.027,-0.055,-0.004,0.030,0.024,1.331,1.323,2,NULL,NULL,,3,0,2,7,255,1369,250,0,0
stim,223661,253782,0,253782,3451084.453,-0.668,-0.044,0.085,0.738,3051,179,474,3117,2020,2532,51,2543,44,1.006,1,2258,1,7.722,0.117,0.250,-7.438,2.063,-0.199,0.020,0.977,0.094,-0.070,-0.039,0.032,0.026,1.331,1.323,2,NULL,NULL,,3,0,2,7,255,1369,250,0,0
stim,223661,253782,0,253782,3451089.455,-0.668,-0.044,0.085,0.738,3051,181,509,3116,2039,2531,59,2567,44,1.006,1,2258,1,8.758,0.263,1.500,-8.625,-0.250,-0.207,0.047,0.984,0.094,-0.246,-0.039,0.034,0.028,1.331,1.323,2,NULL,NULL,,3,0,2,7,255,1369,250,0,0
stim,223661,253782,0,253782,3451094.453,-0.668,-0.044,0.085,0.738,3023,188,539,3100,2063,2533,79,2573,44,1.006,1,2258,1,10.817,0.369,2.188,-10.438,-1.813,-0.207,0.063,0.992,-0.152,-0.336,0.055,0.036,0.030,1.331,1.323,2,NULL,NULL,,3,0,2,7,255,1369,250,0,0
stim,223661,253782,0,253782,3451099.455,-0.668,-0.043,0.085,0.738,3018,187,581,3092,2105,2538,99,2585,44,1.006,1,2258,1,12.612,0.454,1.750,-12.250,-2.438,-0.223,0.078,1.008,-0.297,-0.344,0.137,0.038,0.032,1.331,1.323,2,NULL,NULL,,3,0,2,7,255,1369,250,0,0
stim,223661,253782,0,253782,3451104.454,-0.669,-0.043,0.084,0.738,3013,189,650,3077,2141,2533,111,2599,44,1.006,1,2258,1,15.264,0.645,0.875,-13.438,-7.188,-0.234,0.094,1.008,-0.430,-0.480,0.297,0.038,0.034,1.331,1.323,2,NULL,NULL,,3,0,2,7,255,1369,250,0,0
stim,223685,253806,0,253806,3451109.455,-0.669,-0.042,0.084,0.737,2989,189,676,3051,2181,2537,133,2605,44,1.006,1,2258,1,19.484,0.770,0.938,-14.313,-13.188,-0.195,0.109,1.000,-0.602,-0.480,0.297,0.040,0.036,1.331,1.323,2,NULL,NULL,,3,0,2,7,255,1369,250,0,0
stim,223685,253806,0,253806,3451114.453,-0.669,-0.042,0.083,0.737,2985,199,734,3051,2218,2543,151,2621,44,1.006,1,2258,1,20.627,0.838,1.313,-15.375,-13.688,-0.148,0.117,1.012,-0.785,-0.293,0.258,0.042,0.038,1.331,1.323,2,NULL,NULL,,3,0,2,7,255,1369,250,0,0
stim,223685,253806,0,253806,3451119.455,-0.670,-0.041,0.083,0.737,2969,211,787,3017,2249,2543,178,2639,44,1.006,1,2258,1,18.898,0.893,-0.375,-15.750,-10.438,-0.145,0.137,1.035,-0.879,0.156,0.258,0.042,0.040,1.331,1.323,2,NULL,NULL,,3,0,2,7,255,1369,250,0,0
stim,223685,253806,0,253806,3451124.454,-0.670,-0.041,0.083,0.737,2944,207,849,3014,2272,2543,221,2659,44,1.006,1,2258,1,18.933,1.093,-3.375,-15.875,-9.750,-0.152,0.172,1.043,-1.082,0.156,0.484,0.044,0.040,1.331,1.323,2,NULL,NULL,,3,0,2,7,255,1369,250,0,0
stim,223685,253806,0,253806,3451129.455,-0.671,-0.040,0.082,0.736,2938,221,893,2991,2303,2547,280,2669,44,1.006,1,2258,1,20.409,1.411,-4.625,-15.250,-12.750,-0.145,0.180,1.035,-1.402,0.156,0.484,0.044,0.042,1.331,1.323,2,NULL,NULL,,3,0,2,7,255,1369,250,0,0
stim,223685,253806,0,253806,3451134.454,-0.671,-0.040,0.081,0.736,2911,233,981,2971,2359,2555,331,2685,44,1.006,1,2258,1,20.657,1.528,-5.500,-14.750,-13.375,-0.121,0.184,1.035,-1.520,0.156,0.473,0.044,0.042,1.331,1.323,2,NULL,NULL,,3,0,2,7,255,1369,250,0,0
stim,223706,253827,0,253827,3451139.455,-0.671,-0.039,0.081,0.736,2901,247,1064,2961,2387,2540,361,2683,44,1.006,1,2258,1,19.893,1.582,-7.063,-13.938,-12.313,-0.133,0.188,1.035,-1.566,0.219,0.457,0.044,0.040,1.331,1.323,2,NULL,NULL,,3,0,2,7,255,1369,250,0,0
stim,223706,253827,0,253827,3451144.453,-0.672,-0.039,0.080,0.735,2869,252,1171,2941,2419,2553,397,2707,44,1.006,1,2258,1,21.700,1.624,-9.125,-13.250,-14.563,-0.160,0.195,1.035,-1.609,0.219,0.457,0.042,0.038,1.331,1.323,2,NULL,NULL,,3,0,2,7,255,1369,250,0,0
stim,223706,253827,0,253827,3451149.455,-0.673,-0.039,0.080,0.735,2844,247,1247,2931,2459,2564,473,2707,44,1.006,1,2258,1,25.806,1.610,-11.313,-12.750,-19.375,-0.160,0.176,1.031,-1.609,-0.039,0.457,0.040,0.034,1.331,1.323,2,NULL,NULL,,3,0,2,7,255,1369,250,0,0
stim,223706,253827,0,253827,3451154.454,-0.673,-0.039,0.079,0.734,2829,254,1343,2915,2485,2495,569,2711,44,1.006,1,2258,1,29.843,1.477,-13.563,-12.188,-23.625,-0.148,0.133,1.016,-1.477,-0.039,0.449,0.040,0.030,1.331,1.323,2,NULL,NULL,,3,0,2,7,255,1369,250,0,0
stim,223706,253827,0,253827,3451159.455,-0.674,-0.039,0.078,0.733,2791,261,1436,2905,2509,2565,645,2733,44,1.006,1,2258,1,33.000,1.066,-15.875,-11.750,-26.438,-0.156,0.086,1.012,-1.066,0.012,0.297,0.040,0.024,1.331,1.323,2,NULL,NULL,,3,0,2,7,255,1369,250,0,0
stim,223706,253827,0,253827,3451164.454,-0.675,-0.039,0.077,0.733,2772,259,1532,2885,2539,2571,747,2735,44,1.006,1,2258,1,38.532,0.617,-19.375,-11.000,-31.438,-0.160,0.035,1.012,-0.617,0.012,0.246,0.044,0.018,1.331,1.323,2,NULL,NULL,,3,0,2,7,255,1369,250,0,0
stim,223739,253860,0,253860,3451169.455,-0.676,-0.040,0.076,0.732,2743,265,1631,2863,2566,2555,876,2741,44,1.006,1,2258,1,43.728,0.156,-23.063,-10.750,-35.563,-0.160,-0.035,0.988,-0.156,0.004,0.219,0.048,0.016,1.331,1.323,2,NULL,NULL,,3,0,2,7,255,1369,250,0,0
stim,223739,253860,0,253860,3451174.454,-0.677,-0.040,0.074,0.731,2707,283,1733,2851,2587,2573,971,2752,44,1.006,1,2258,1,46.725,0.523,-25.188,-11.125,-37.750,-0.160,-0.078,0.969,0.523,0.004,-0.012,0.052,0.016,1.331,1.323,2,NULL,NULL,,3,0,2,7,255,1369,250,0,0
stim,223775,253896,0,253896,3451179.455,-0.679,-0.041,0.073,0.730,2667,292,1815,2833,2612,2569,1054,2765,44,1.006,1,2258,1,48.253,0.910,-25.188,-11.563,-39.500,-0.152,-0.086,0.957,0.910,0.004,-0.207,0.056,0.016,1.331,1.323,2,NULL,NULL,,3,0,2,7,255,1369,250,0,0
stim,223775,253896,0,253896,3451184.454,-0.680,-0.041,0.072,0.729,2636,307,1877,2803,2632,2509,1148,2772,44,1.006,1,2258,1,47.343,0.911,-24.938,-12.313,-38.313,-0.141,-0.082,0.949,0.910,0.035,-0.316,0.060,0.018,1.331,1.323,2,NULL,NULL,,3,0,2,7,255,1369,250,0,0
stim,223775,253896,0,253896,3451189.455,-0.681,-0.042,0.070,0.728,2591,315,1964,2787,2658,2573,1229,2787,44,1.006,1,2258,1,43.528,0.866,-22.313,-13.438,-34.875,-0.137,-0.066,0.945,0.859,0.109,-0.426,0.062,0.020,1.331,1.323,2,NULL,NULL,,3,0,2,7,255,1369,250,0,0
stim,223775,253896,0,253896,3451194.453,-0.682,-0.042,0.069,0.727,2536,319,2047,2752,2683,2581,1341,2793,44,1.006,1,2258,1,40.444,0.690,-18.938,-13.563,-33.063,-0.137,-0.051,0.961,0.680,0.117,-0.426,0.066,0.020,1.331,1.323,2,NULL,NULL,,3,0,2,7,255,1369,250,0,0
stim,223775,253896,0,253896,3451199.455,-0.683,-0.042,0.068,0.726,2491,332,2121,2735,2700,2579,1427,2805,44,1.006,1,2258,1,38.616,0.525,-17.938,-14.438,-31.000,-0.141,-0.020,0.984,0.512,0.117,-0.301,0.068,0.022,1.331,1.323,2,NULL,NULL,,3,0,2,7,255,1369,250,0,0
stim,223775,253896,0,253896,3451204.453,-0.684,-0.042,0.067,0.725,2451,335,2182,2699,2719,2580,1531,2806,44,1.006,1,2258,1,39.959,0.224,-19.313,-14.688,-31.750,-0.148,-0.004,1.000,0.207,0.086,-0.066,0.070,0.020,1.331,1.323,2,NULL,NULL,,3,0,2,7,255,1369,250,0,0
stim,223775,253896,0,253896,3451209.455,-0.685,-0.043,0.066,0.724,2405,343,2235,2667,2727,2579,1617,2813,44,1.006,1,2258,1,42.638,0.090,-21.125,-14.688,-34.000,-0.121,0.004,1.000,0.027,0.086,0.039,0.068,0.020,1.331,1.323,2,NULL,NULL,,3,0,2,7,255,1369,250,0,0
stim,223775,253896,0,253896,3451214.454,-0.686,-0.043,0.064,0.723,2359,350,2284,2633,2741,2551,1687,2823,44,1.006,1,2258,1,44.452,0.272,-23.500,-14.250,-34.938,-0.098,-0.004,1.000,-0.035,0.270,0.039,0.068,0.018,1.331,1.323,2,NULL,NULL,,3,0,2,7,255,1369,250,0,0
stim,223776,253897,0,253897,3451219.455,-0.687,-0.043,0.063,0.722,2297,361,2349,2603,2759,2573,1756,2833,44,1.006,1,2258,1,44.247,0.478,-26.625,-14.313,-32.313,-0.090,-0.031,0.996,-0.035,0.477,0.031,0.068,0.016,1.331,1.323,2,NULL,NULL,,3,0,2,7,255,1369,250,0,0
stim,223776,253897,0,253897,3451224.454,-0.688,-0.044,0.061,0.722,2235,372,2389,2579,2773,2577,1829,2851,44,1.006,1,2258,1,43.563,0.555,-28.563,-13.625,-29.938,-0.090,-0.051,0.984,0.184,0.523,-0.016,0.066,0.014,1.331,1.323,2,NULL,NULL,,3,0,2,7,255,1369,250,0,0
stim,223798,253919,0,253919,3451229.455,-0.689,-0.044,0.060,0.721,2180,399,2431,2575,2779,2569,1891,2845,44,1.006,1,2258,1,41.359,0.555,-28.063,-13.563,-27.188,-0.105,-0.027,0.988,0.184,0.523,-0.078,0.066,0.012,1.331,1.323,2,NULL,NULL,,3,0,2,7,255,1369,250,0,0
stim,223798,253919,0,253919,3451234.454,-0.690,-0.045,0.059,0.720,2136,409,2485,2503,2805,2573,1961,2861,44,1.006,1,2258,1,41.400,0.372,-27.500,-13.313,-27.938,-0.125,0.023,1.000,0.109,0.355,-0.078,0.064,0.010,1.331,1.323,2,NULL,NULL,,3,0,2,7,255,1369,250,0,0
stim,223798,253919,0,253919,3451239.455,-0.691,-0.045,0.057,0.719,2067,416,2522,2457,2813,2573,2023,2867,44,1.006,1,2258,1,42.321,0.443,-28.313,-13.313,-28.500,-0.125,0.059,1.012,-0.414,0.156,0.074,0.064,0.008,1.331,1.323,2,NULL,NULL,,3,0,2,7,255,1369,250,0,0
stim,223798,253919,0,253919,3451244.453,-0.692,-0.045,0.056,0.719,1983,425,2554,2410,2821,2513,2083,2867,44,1.006,1,2258,1,41.757,0.644,-27.063,-13.188,-28.938,-0.113,0.039,1.000,-0.625,0.156,0.074,0.064,0.006,1.331,1.323,2,NULL,NULL,,3,0,2,7,255,1369,250,0,0
stim,223798,253919,0,253919,3451249.455,-0.692,-0.046,0.055,0.718,1928,421,2587,2377,2841,2572,2149,2877,44,1.006,1,2258,1,37.675,0.663,-23.750,-13.750,-25.813,-0.109,0.012,0.996,-0.625,0.223,0.039,0.064,0.006,1.331,1.323,2,NULL,NULL,,3,0,2,7,255,1369,250,0,0
stim,223798,253919,0,253919,3451254.453,-0.693,-0.046,0.054,0.717,1833,418,2617,2316,2846,2570,2190,2887,44,1.006,1,2258,1,36.114,0.439,-22.500,-14.063,-24.500,-0.141,-0.004,1.020,-0.379,0.223,0.039,0.066,0.006,1.331,1.323,2,NULL,NULL,,3,0,2,7,255,1369,250,0,0
stim,223826,253947,0,253947,3451259.457,-0.694,-0.046,0.052,0.717,1738,411,2648,2261,2856,2567,2233,2885,44,1.006,1,2258,1,39.950,0.297,-25.063,-14.188,-27.688,-0.160,0.000,1.039,-0.297,-0.008,0.262,0.066,0.006,1.331,1.323,2,NULL,NULL,,3,0,2,7,255,1369,250,0,0
stim,223826,253947,0,253947,3451264.454,-0.695,-0.047,0.051,0.716,1633,399,2677,2195,2875,2558,2276,2897,44,1.006,1,2258,1,45.699,0.302,-28.188,-14.313,-33.000,-0.141,0.004,1.023,-0.297,-0.055,0.309,0.068,0.006,1.331,1.323,2,NULL,NULL,,3,0,2,7,255,1369,250,0,0
stim,223826,253947,0,253947,3451269.455,-0.696,-0.047,0.049,0.715,1497,375,2705,2125,2873,2555,2317,2905,44,1.006,1,2258,1,45.615,0.313,-27.750,-14.750,-33.063,-0.113,-0.004,0.996,-0.309,-0.055,0.309,0.070,0.006,1.331,1.323,2,NULL,NULL,,3,0,2,7,255,1369,250,0,0
stim,223826,253947,0,253947,3451274.454,-0.697,-0.047,0.048,0.714,1375,357,2720,2043,2888,2549,2347,2899,44,1.006,1,2258,1,46.792,0.359,-29.563,-15.188,-32.938,-0.117,-0.031,1.039,-0.309,0.184,0.309,0.072,0.006,1.331,1.323,2,NULL,NULL,,3,0,2,7,255,1369,250,0,0
stim,223868,253989,0,253989,3451279.455,-0.698,-0.048,0.046,0.713,1269,351,2747,1933,2892,2555,2387,2906,44,1.006,1,2258,1,52.174,0.206,-35.125,-15.250,-35.438,-0.141,-0.047,1.035,-0.094,0.184,0.441,0.072,0.006,1.331,1.323,2,NULL,NULL,,3,0,2,7,255,1369,250,0,0
stim,223868,253989,0,253989,3451284.454,-0.699,-0.049,0.044,0.712,1143,329,2761,1823,2910,2551,2423,2916,44,1.006,1,2258,1,54.905,0.159,-36.938,-16.063,-37.313,-0.113,-0.027,0.988,-0.094,0.129,0.441,0.074,0.008,1.331,1.323,2,NULL,NULL,,3,0,2,7,255,1369,250,0,0
stim,223868,253989,0,253989,3451289.455,-0.700,-0.049,0.043,0.711,1043,299,2788,1707,2909,2543,2450,2919,44,1.006,1,2258,1,50.094,0.206,-29.938,-15.625,-37.000,-0.082,-0.023,0.945,-0.160,0.129,-0.082,0.074,0.008,1.331,1.323,2,NULL,NULL,,3,0,2,7,255,1369,250,0,0
stim,223868,253989,0,253989,3451294.453,-0.701,-0.049,0.042,0.710,914,282,2803,1596,2921,2533,2474,2923,44,1.006,1,2258,1,40.977,0.376,-21.125,-16.250,-31.125,-0.070,-0.039,0.965,-0.160,0.340,-0.328,0.076,0.008,1.331,1.323,2,NULL,NULL,,3,0,2,7,255,1369,250,0,0
stim,223868,253989,0,253989,3451299.455,-0.702,-0.049,0.040,0.709,767,255,2821,1454,2927,2527,2502,2923,44,1.006,1,2258,1,36.620,0.351,-18.938,-16.438,-26.688,-0.102,-0.070,1.020,-0.086,0.340,-0.328,0.076,0.008,1.331,1.323,2,NULL,NULL,,3,0,2,7,255,1369,250,0,0
stim,223868,253989,0,253989,3451304.453,-0.703,-0.050,0.039,0.709,651,219,2835,1315,2936,2525,2531,2925,44,1.006,1,2258,1,38.903,0.295,-23.313,-16.563,-26.375,-0.125,-0.074,1.035,0.168,0.242,0.246,0.078,0.008,1.331,1.323,2,NULL,NULL,,3,0,2,7,255,1369,250,0,0
stim,223868,253989,0,253989,3451309.456,-0.704,-0.050,0.038,0.708,521,186,2846,1165,2949,2511,2547,2925,44,1.006,1,2258,1,41.644,0.168,-25.563,-17.125,-28.063,-0.125,-0.059,0.996,0.168,0.012,0.246,0.078,0.008,1.331,1.323,2,NULL,NULL,,3,0,2,7,255,1369,250,0,0
stim,223868,253989,0,253989,3451314.454,-0.704,-0.050,0.036,0.707,401,174,2857,1000,2957,2509,2556,2931,44,1.006,1,2258,1,39.903,0.012,-22.375,-17.438,-28.063,-0.102,-0.043,0.957,0.004,0.012,0.055,0.080,0.008,1.331,1.323,2,NULL,NULL,,3,0,2,7,255,1369,250,0,0
stim,223868,253989,0,253989,3451319.455,-0.705,-0.050,0.035,0.706,301,159,2868,850,2969,2491,2585,2936,44,1.006,1,2258,1,34.405,0.177,-13.813,-18.250,-25.688,-0.098,-0.039,0.957,-0.125,0.125,-0.367,0.080,0.008,1.331,1.323,2,NULL,NULL,,3,0,2,7,255,1369,250,0,0
stim,223868,253989,0,253989,3451324.454,-0.706,-0.049,0.034,0.706,169,118,2892,715,2973,2481,2610,2948,44,1.006,1,2258,1,31.149,0.225,-6.750,-19.375,-23.438,-0.109,-0.031,1.012,-0.188,0.125,-0.367,0.082,0.008,1.331,1.323,2,NULL,NULL,,3,0,2,7,255,1369,250,0,0
stim,223894,254015,0,254015,3451329.455,-0.707,-0.049,0.033,0.705,122,76,2893,555,2979,2468,2620,2940,44,1.006,1,2258,1,31.939,0.284,-8.313,-20.188,-23.313,-0.121,-0.035,1.047,-0.277,0.063,0.152,0.082,0.008,1.331,1.323,2,NULL,NULL,,3,0,2,7,255,1369,250,0,0
stim,223894,254015,0,254015,3451334.454,-0.707,-0.049,0.032,0.704,83,43,2900,404,2979,2393,2637,2941,44,1.006,1,2258,1,35.345,0.278,-12.188,-20.688,-25.938,-0.113,-0.043,1.047,-0.277,0.020,0.508,0.084,0.010,1.331,1.323,2,NULL,NULL,,3,0,2,7,255,1369,250,0,0
stim,223894,254015,0,254015,3451339.455,-0.708,-0.048,0.031,0.704,39,38,2908,227,2995,2439,2665,2957,44,1.006,1,2258,1,32.365,0.278,-9.313,-22.625,-21.188,-0.066,-0.016,1.012,-0.277,0.020,0.508,0.084,0.010,1.331,1.323,2,NULL,NULL,,3,0,2,7,255,1369,250,0,0
stim,223894,254015,1,254015,3451344.453,-0.709,-0.048,0.030,0.703,16,23,2919,135,2987,2414,2677,2955,44,1.006,1,2258,1,31.551,0.498,-7.813,-23.438,-19.625,-0.094,-0.004,1.012,-0.480,0.133,0.133,0.084,0.010,1.331,1.323,2,NULL,NULL,,3,1,2,7,255,1369,250,0,0
stim,223917,254038,1,254038,3451349.455,-0.709,-0.047,0.029,0.703,0,17,2919,111,2992,2376,2686,2953,44,1.006,1,2258,1,35.048,0.616,-3.750,-25.500,-23.750,-0.145,0.000,1.047,-0.602,0.133,0.133,0.084,0.010,1.331,1.323,2,NULL,NULL,,3,1,2,7,255,1369,250,0,0
stim,223917,254038,1,254038,3451354.453,-0.710,-0.046,0.028,0.702,0,0,2925,73,2997,2357,2708,2957,44,1.006,1,2258,1,40.474,0.604,-1.500,-28.000,-29.188,-0.109,-0.027,1.039,-0.602,-0.051,0.410,0.086,0.012,1.331,1.323,2,NULL,NULL,,3,1,2,7,255,1369,250,0,0
stim,223917,254038,1,254038,3451359.455,-0.711,-0.045,0.028,0.701,0,0,2928,33,3003,2325,2725,2959,44,1.006,1,2258,0,40.683,0.540,7.625,-32.000,-23.938,-0.164,-0.129,1.039,-0.406,-0.355,0.543,0.086,0.012,1.331,1.323,3,NULL,NULL,,3,1,2,7,255,1369,250,0,0
stim,223917,254038,1,254038,3451364.454,-0.711,-0.043,0.027,0.701,0,0,2937,26,3012,2310,2739,2961,44,1.006,1,2258,0,48.120,0.840,25.500,-37.750,-15.500,-0.266,-0.188,1.164,0.570,-0.617,0.551,0.086,0.012,1.331,1.323,3,NULL,NULL,,3,1,2,7,255,1369,250,0,0
stim,223917,254038,1,254038,3451369.455,-0.712,-0.041,0.027,0.700,0,0,2942,12,3017,2295,2751,2964,44,1.006,1,2258,0,55.913,1.605,28.938,-43.688,-19.500,-0.277,-0.125,1.324,0.570,-1.500,1.898,0.086,0.014,1.331,1.323,3,NULL,NULL,,3,1,2,7,255,1369,250,0,0
stim,223917,254038,1,254038,3451374.454,-0.713,-0.039,0.026,0.700,0,0,2944,0,3021,2267,2771,2966,44,1.006,1,2258,0,54.977,1.557,20.688,-48.125,-16.688,-0.195,0.043,1.406,0.418,-1.500,3.414,0.088,0.016,1.331,1.323,3,NULL,NULL,,3,1,2,7,255,1369,250,0,0
stim,223962,254083,1,254083,3451379.455,-0.713,-0.038,0.024,0.700,0,0,2951,0,3028,2204,2781,2968,44,1.006,1,2258,0,54.103,1.397,-18.313,-50.063,-9.250,-0.051,0.113,1.254,-1.227,-0.668,3.414,0.088,0.016,1.331,1.323,3,NULL,NULL,,3,1,2,7,255,1369,250,0,0
stim,223962,254083,1,254083,3451384.454,-0.713,-0.037,0.022,0.700,0,0,2952,0,3032,2203,2797,2969,44,1.006,1,2258,0,57.922,1.231,-27.250,-51.063,2.250,-0.094,0.043,1.047,-1.227,-0.109,2.391,0.088,0.014,1.331,1.323,3,NULL,NULL,,3,1,2,7,255,1369,250,0,0
stim,223962,254083,1,254083,3451389.455,-0.712,-0.036,0.020,0.701,0,0,2955,0,3037,2158,2812,2971,44,1.006,1,2258,0,57.986,1.056,-9.625,-56.000,11.563,-0.156,-0.039,0.988,-1.051,-0.109,0.441,0.088,0.014,1.331,1.323,3,NULL,NULL,,3,1,2,7,255,1369,250,0,0
stim,223962,254083,1,254083,3451394.453,-0.712,-0.034,0.018,0.701,0,0,2958,0,3043,2111,2829,2971,44,1.006,1,2258,0,60.371,0.865,5.375,-59.813,6.188,-0.199,-0.109,1.008,-0.250,-0.828,0.227,0.090,0.014,1.331,1.323,3,NULL,NULL,,3,1,2,7,255,1369,250,0,0
stim,223962,254083,1,254083,3451399.455,-0.712,-0.032,0.016,0.701,0,0,2961,0,3047,2057,2841,2973,44,1.006,1,2258,0,64.806,1.340,13.188,-63.438,1.250,-0.215,-0.160,1.090,0.418,-1.273,0.227,0.090,0.014,1.331,1.323,3,NULL,NULL,,3,1,2,7,255,1369,250,0,0
stim,223962,254083,1,254083,3451404.453,-0.712,-0.030,0.015,0.701,0,0,2961,0,3053,1995,2855,2973,44,1.006,1,2258,0,67.268,1.362,11.625,-66.063,-5.063,-0.137,-0.121,1.148,0.484,-1.273,1.047,0.094,0.014,1.331,1.323,3,NULL,NULL,,3,1,2,7,255,1369,250,0,0
stim,223984,254105,1,254105,3451409.455,-0.712,-0.028,0.013,0.701,0,0,2957,0,3055,1925,2867,2973,44,1.006,1,2258,0,67.451,0.874,0.313,-67.313,-4.313,-0.082,-0.121,1.082,0.539,-0.688,1.047,0.096,0.014,1.331,1.323,3,NULL,NULL,,3,1,2,7,255,1369,250,0,0
stim,223984,254105,1,254105,3451414.454,-0.712,-0.025,0.011,0.701,0,0,2957,0,3061,1848,2877,2975,44,1.006,1,2258,0,71.656,0.688,8.938,-70.500,9.188,-0.098,-0.086,1.070,0.484,-0.488,0.863,0.096,0.014,1.331,1.323,3,NULL,NULL,,3,1,2,7,255,1369,250,0,0
stim,223984,254105,1,254105,3451419.455,-0.712,-0.023,0.009,0.702,0,0,2953,0,3062,1773,2890,2974,44,1.006,1,2258,0,72.926,0.526,6.750,-72.375,5.875,-0.141,-0.063,1.078,0.195,-0.488,0.824,0.098,0.016,1.331,1.323,3,NULL,NULL,,3,1,2,7,255,1369,250,0,0
stim,223984,254105,1,254105,3451424.454,-0.712,-0.020,0.007,0.702,0,0,2943,0,3065,1689,2901,2972,44,1.006,1,2258,0,76.347,0.938,12.813,-75.063,5.500,-0.137,-0.047,1.086,-0.020,-0.938,0.824,0.098,0.016,1.331,1.323,3,NULL,NULL,,3,1,2,7,255,1369,250,0,0
stim,223984,254105,1,254105,3451429.455,-0.712,-0.018,0.005,0.702,0,0,2939,0,3067,1587,2909,2971,44,1.006,1,2258,0,77.598,0.969,11.438,-76.750,0.063,-0.156,-0.090,1.090,-0.020,-0.969,0.867,0.100,0.020,1.331,1.323,3,NULL,NULL,,3,1,2,7,255,1369,250,0,0
stim,223984,254105,1,254105,3451434.454,-0.712,-0.015,0.003,0.702,0,0,2935,0,3067,1481,2920,2968,44,1.006,1,2258,0,81.948,0.985,16.188,-80.313,-1.813,-0.074,-0.035,1.113,-0.176,-0.969,0.941,0.100,0.026,1.331,1.323,3,NULL,NULL,,3,1,2,7,255,1369,250,0,0
stim,224006,254127,1,254127,3451439.455,-0.712,-0.012,0.001,0.703,0,0,2927,0,3077,1333,2931,2964,44,1.006,1,2258,0,82.460,0.809,12.250,-81.438,4.188,-0.098,-0.059,1.113,-0.035,-0.809,1.121,0.100,0.032,1.331,1.323,3,NULL,NULL,,3,1,2,7,255,1369,250,0,0
stim,224006,254127,1,254127,3451444.453,-0.711,-0.009,-0.001,0.703,0,0,2921,0,3080,1245,2938,2963,44,1.006,1,2258,0,85.366,0.812,11.438,-84.563,2.375,-0.117,-0.055,1.113,-0.078,-0.809,1.125,0.102,0.038,1.331,1.323,3,NULL,NULL,,3,1,2,7,255,1369,250,0,0
stim,224006,254127,1,254127,3451449.455,-0.711,-0.006,-0.004,0.703,0,0,2914,0,3081,1101,2943,2962,44,1.006,1,2258,0,89.177,0.855,13.250,-88.125,3.313,-0.086,-0.008,1.133,-0.078,-0.852,1.141,0.104,0.042,1.331,1.323,3,NULL,NULL,,3,1,2,7,255,1369,250,0,0
stim,224006,254127,1,254127,3451454.453,-0.711,-0.003,-0.006,0.703,0,0,2899,0,3081,939,2954,2951,44,1.006,1,2258,0,91.490,1.158,11.938,-90.563,5.125,-0.102,-0.020,1.137,-0.391,-1.090,1.270,0.102,0.048,1.331,1.323,3,NULL,NULL,,3,1,2,7,255,1369,250,0,0
stim,224006,254127,1,254127,3451459.455,-0.711,0.000,-0.008,0.703,0,0,2889,0,3087,779,2957,2942,44,1.006,1,2258,0,95.103,1.158,9.813,-94.500,4.250,-0.094,-0.027,1.148,-0.391,-1.090,1.305,0.100,0.052,1.331,1.323,3,NULL,NULL,,3,1,2,7,255,1369,250,0,0
stim,224006,254127,1,254127,3451464.454,-0.710,0.003,-0.011,0.704,0,0,2871,0,3093,667,2967,2936,44,1.006,1,2258,0,98.184,1.158,6.750,-97.875,3.875,-0.078,-0.008,1.148,-0.391,-1.090,1.406,0.096,0.060,1.331,1.323,3,NULL,NULL,,3,1,2,7,255,1369,250,0,0
stim,224041,254162,1,254162,3451469.455,-0.710,0.007,-0.014,0.704,0,0,2863,0,3091,563,2971,2931,44,1.006,1,2258,0,101.034,1.200,3.875,-100.750,6.500,-0.074,0.008,1.148,-0.512,-1.086,1.406,0.092,0.066,1.331,1.323,3,NULL,NULL,,3,1,2,7,255,1369,250,0,0
stim,224041,254162,1,254162,3451474.454,-0.710,0.010,-0.017,0.704,0,0,2853,0,3093,445,2980,2920,44,1.006,1,2258,0,104.721,1.201,-1.750,-104.438,7.500,-0.051,0.004,1.156,-0.609,-1.035,1.406,0.088,0.074,1.331,1.323,3,NULL,NULL,,3,1,2,7,255,1369,250,0,0
stim,224067,254188,1,254188,3451479.455,-0.709,0.013,-0.021,0.705,0,0,2829,0,3095,298,2983,2913,44,1.006,1,2258,0,108.859,1.245,-7.188,-108.313,8.188,-0.059,0.004,1.117,-0.609,-1.086,1.391,0.086,0.082,1.331,1.323,3,NULL,NULL,,3,1,2,7,255,1369,250,0,0
stim,224067,254188,1,254188,3451484.454,-0.709,0.016,-0.024,0.705,0,0,2809,0,3095,181,2987,2897,44,1.006,1,2258,0,111.022,1.235,-10.500,-110.438,4.375,-0.043,0.016,1.094,-0.609,-1.074,1.098,0.086,0.090,1.331,1.323,3,NULL,NULL,,3,1,2,7,255,1369,250,0,0
stim,224067,254188,1,254188,3451489.455,-0.709,0.019,-0.028,0.705,0,0,2785,0,3097,118,2995,2885,44,1.006,1,2258,0,112.713,1.292,-7.875,-112.438,-0.250,-0.039,0.020,1.051,-0.688,-1.094,0.859,0.086,0.096,1.331,1.323,3,NULL,NULL,,3,1,2,7,255,1369,250,0,0
stim,224067,254188,1,254188,3451494.453,-0.709,0.023,-0.031,0.705,0,0,2760,0,3097,40,2999,2867,44,1.006,1,2258,0,116.061,1.308,1.688,-116.000,-3.375,-0.016,0.039,1.098,-0.746,-1.074,0.859,0.086,0.104,1.331,1.323,3,NULL,NULL,,3,1,2,7,255,1369,250,0,0
stim,224067,254188,1,254188,3451499.455,-0.708,0.027,-0.034,0.704,0,0,2717,0,3097,17,3003,2847,44,1.006,1,2258,0,119.247,1.448,8.938,-118.625,-8.250,-0.043,0.059,1.148,-0.949,-1.094,0.867,0.086,0.110,1.331,1.323,3,NULL,NULL,,3,1,2,7,255,1369,250,0,0
stim,224067,254188,1,254188,3451504.453,-0.708,0.031,-0.038,0.704,0,0,2684,0,3096,0,3004,2826,44,1.006,1,2258,0,123.789,1.790,10.313,-122.938,-10.188,-0.016,0.063,1.266,-1.141,-1.379,1.316,0.088,0.116,1.331,1.323,3,NULL,NULL,,3,1,2,7,255,1369,250,0,0
stim,224067,254188,1,254188,3451509.455,-0.708,0.035,-0.042,0.704,0,0,2647,0,3095,0,3008,2795,44,1.006,1,2258,0,124.986,1.848,-0.500,-124.938,-3.438,0.051,0.059,1.383,-1.230,-1.379,2.492,0.090,0.124,1.331,1.323,3,NULL,NULL,,3,1,2,7,255,1369,250,0,0
stim,224067,254188,1,254188,3451514.454,-0.708,0.038,-0.046,0.704,0,0,2603,0,3092,0,3007,2767,44,1.006,1,2258,0,130.419,1.851,-10.250,-129.500,11.563,-0.012,0.090,1.461,-1.234,-1.379,3.691,0.094,0.130,1.331,1.323,3,NULL,NULL,,3,1,2,7,255,1369,250,0,0
stim,224067,254188,1,254188,3451519.455,-0.707,0.042,-0.050,0.705,0,0,2558,0,3091,0,3007,2729,44,1.006,1,2258,0,139.468,2.403,-19.875,-136.250,22.188,-0.113,0.133,1.531,-1.555,-1.832,4.344,0.100,0.136,1.331,1.323,3,NULL,NULL,,3,1,2,7,255,1369,250,0,0
stim,224067,254188,1,254188,3451524.454,-0.705,0.045,-0.056,0.705,0,0,2523,0,3089,0,3015,2683,44,1.006,1,2258,0,151.097,3.678,-29.813,-145.938,25.375,-0.195,0.176,1.586,-2.031,-3.066,4.867,0.106,0.140,1.331,1.323,3,NULL,NULL,,3,1,2,7,255,1369,250,0,0
stim,224106,254227,1,254227,3451529.455,-0.704,0.049,-0.061,0.706,0,0,2473,0,3079,0,3007,2637,44,1.006,1,2258,0,160.499,4.855,-32.563,-155.875,20.063,-0.215,0.223,1.605,-2.535,-4.141,5.203,0.114,0.146,1.331,1.323,3,NULL,NULL,,3,1,2,7,255,1369,250,0,0
stim,224106,254227,1,254227,3451534.453,-0.703,0.053,-0.068,0.706,0,0,2409,0,3065,0,3012,2581,44,1.006,1,2258,0,172.763,5.493,-38.625,-167.250,19.563,-0.207,0.254,1.699,-3.035,-4.578,5.270,0.122,0.152,1.331,1.323,3,NULL,NULL,,3,1,2,7,255,1369,250,0,0
stim,224106,254227,1,254227,3451539.455,-0.702,0.056,-0.075,0.706,0,0,2343,0,3061,0,3013,2519,44,1.006,1,2258,0,189.759,5.939,-53.188,-180.438,24.938,-0.230,0.273,1.727,-3.426,-4.852,6.109,0.134,0.158,1.331,1.323,3,NULL,NULL,,3,1,2,7,255,1369,250,0,0
stim,224106,254227,1,254227,3451544.454,-0.700,0.060,-0.083,0.707,0,0,2285,0,3053,0,3000,2427,44,1.006,1,2258,0,205.249,6.555,-61.875,-193.750,27.563,-0.250,0.320,1.723,-3.695,-5.414,6.109,0.146,0.168,1.331,1.323,3,NULL,NULL,,3,1,2,7,255,1369,250,0,0
stim,224106,254227,1,254227,3451549.455,-0.699,0.065,-0.091,0.707,0,0,2191,0,3039,0,2995,2339,44,1.006,1,2258,0,218.380,7.232,-68.375,-206.250,21.813,-0.270,0.336,1.645,-4.250,-5.852,5.988,0.160,0.178,1.331,1.323,3,NULL,NULL,,3,1,2,7,255,1369,250,0,0
stim,224106,254227,1,254227,3451554.453,-0.697,0.069,-0.100,0.706,0,0,2121,0,3032,23,2981,2258,44,1.006,1,2258,0,232.007,7.478,-68.188,-221.188,15.938,-0.277,0.273,1.613,-4.250,-6.152,5.059,0.178,0.190,1.331,1.323,3,NULL,NULL,,3,1,2,7,255,1369,250,0,0
stim,224127,254248,1,254248,3451559.455,-0.696,0.074,-0.110,0.706,0,0,2027,0,3017,39,2963,2150,44,1.006,1,2258,0,247.748,7.516,-71.438,-236.438,19.313,-0.266,0.211,1.691,-3.867,-6.445,5.059,0.196,0.206,1.331,1.323,3,NULL,NULL,,3,1,2,7,255,1369,250,0,0
stim,224127,254248,1,254248,3451564.454,-0.693,0.079,-0.120,0.706,0,0,1919,0,3001,59,2935,2059,44,1.006,1,2258,0,265.359,7.660,-77.125,-252.125,30.000,-0.305,0.195,1.801,-3.418,-6.855,5.297,0.218,0.224,1.331,1.323,3,NULL,NULL,,3,1,2,7,255,1369,250,0,0
stim,224127,254248,1,254248,3451569.455,-0.691,0.085,-0.131,0.706,0,0,1835,0,2987,73,2905,1979,44,1.006,1,2258,0,285.476,8.567,-91.000,-268.625,32.500,-0.371,0.238,1.848,-3.418,-7.855,6.059,0.244,0.246,1.331,1.323,3,NULL,NULL,,3,1,2,7,255,1369,250,0,0
stim,224127,254248,1,254248,3451574.454,-0.689,0.090,-0.142,0.705,0,0,1720,0,2961,67,2863,1919,44,1.006,1,2258,0,302.528,9.754,-95.750,-285.750,26.500,-0.395,0.215,1.824,-3.816,-8.977,6.059,0.270,0.272,1.331,1.323,3,NULL,NULL,,3,1,2,7,255,1369,250,0,0
stim,224173,254294,1,254294,3451579.455,-0.686,0.097,-0.154,0.705,0,0,1634,0,2931,80,2809,1861,44,1.006,1,2258,0,316.125,10.256,-80.500,-304.750,24.125,-0.398,0.141,1.941,-3.816,-9.520,6.059,0.300,0.298,1.331,1.323,3,NULL,NULL,,3,1,2,7,255,1369,250,0,0
stim,224173,254294,1,254294,3451584.453,-0.683,0.105,-0.166,0.704,0,0,1543,0,2893,76,2731,1759,44,1.006,1,2258,0,330.352,11.040,-70.625,-322.063,20.500,-0.445,0.195,2.180,-3.816,-10.359,6.391,0.330,0.328,1.331,1.323,3,NULL,NULL,,3,1,2,7,255,1369,250,0,0
stim,224173,254294,1,254294,3451589.455,-0.680,0.112,-0.179,0.702,0,0,1463,0,2839,75,2647,1653,44,1.006,1,2258,0,346.627,12.832,-75.938,-337.750,17.563,-0.445,0.387,2.383,-4.145,-12.145,7.969,0.364,0.362,1.331,1.323,3,NULL,NULL,,3,1,2,7,255,1369,250,0,0
stim,224173,254294,0,254294,3451594.454,-0.677,0.121,-0.191,0.700,0,0,1386,0,2779,41,2510,1535,44,1.006,1,2258,0,358.128,14.873,-67.250,-351.750,2.313,-0.355,0.488,2.664,-6.324,-13.461,9.176,0.398,0.398,1.331,1.323,3,NULL,NULL,,3,0,2,7,255,1365,250,0,0
stim,224173,254294,0,254294,3451599.455,-0.674,0.130,-0.204,0.698,0,0,1229,0,2712,19,2351,1408,44,1.006,1,2258,0,369.224,16.416,-81.000,-360.188,-5.500,-0.320,0.563,2.840,-7.770,-14.461,11.426,0.436,0.436,1.331,1.323,3,NULL,NULL,,3,0,2,7,255,1365,250,0,0
stim,224173,254294,0,254294,3451604.453,-0.671,0.137,-0.219,0.695,0,0,1077,0,2622,0,2163,1307,44,1.006,1,2258,0,384.270,17.948,-116.688,-366.125,-0.063,-0.457,0.656,2.555,-8.859,-15.609,11.426,0.474,0.476,1.331,1.323,3,NULL,NULL,,3,0,2,7,255,1365,250,0,0
stim,224173,254294,0,254294,3451609.455,-0.668,0.145,-0.234,0.691,0,0,919,0,2495,0,1901,1145,44,1.006,1,2258,0,400.654,18.392,-132.188,-378.125,-8.438,-0.523,0.547,2.469,-8.859,-16.117,8.699,0.518,0.522,1.331,1.323,3,NULL,NULL,,3,0,2,7,255,1365,250,0,0
stim,224173,254294,0,254294,3451614.453,-0.665,0.152,-0.249,0.688,0,0,727,0,2355,0,1581,1018,44,1.006,1,2258,0,414.906,18.227,-143.188,-389.375,-5.625,-0.328,0.078,2.211,-8.512,-16.117,7.184,0.566,0.570,1.331,1.323,3,NULL,NULL,,3,0,2,7,255,1365,250,0,0
stim,224173,254294,0,254294,3451619.455,-0.660,0.160,-0.266,0.684,0,0,499,0,2139,0,1216,915,44,1.006,1,2258,0,433.274,15.052,-144.313,-408.250,15.250,-0.098,-0.309,1.906,-3.926,-14.531,6.184,0.618,0.624,1.331,1.323,3,NULL,NULL,,3,0,2,7,255,1365,250,0,0
stim,224173,254294,0,254294,3451624.454,-0.655,0.168,-0.282,0.681,0,0,354,0,1912,0,743,741,44,1.006,1,2258,0,441.216,11.645,-138.750,-417.688,30.938,-0.004,-0.320,1.414,-0.078,-11.645,5.207,0.678,0.684,1.331,1.323,3,NULL,NULL,,3,0,2,7,255,1365,250,0,0
stim,224198,254319,0,254319,3451629.455,-0.649,0.178,-0.297,0.677,0,0,253,0,1643,0,275,603,44,1.006,1,2258,0,434.602,8.565,-79.750,-426.688,21.375,0.164,-0.320,1.145,0.609,-8.543,1.551,0.750,0.754,1.331,1.323,3,NULL,NULL,,3,0,2,7,255,1365,250,0,0
stim,224198,254319,0,254319,3451634.453,-0.642,0.190,-0.309,0.675,0,0,205,0,1303,0,54,455,44,1.006,1,2258,0,441.197,7.521,5.375,-439.938,32.875,0.211,-0.227,1.375,0.609,-7.496,1.551,0.824,0.826,1.331,1.323,3,NULL,NULL,,3,0,2,7,255,1365,250,0,0
stim,224198,254319,0,254319,3451639.455,-0.634,0.203,-0.321,0.674,0,0,138,0,917,0,0,365,44,1.006,1,2258,0,442.685,7.508,45.625,-437.813,47.000,0.055,0.047,1.949,-0.422,-7.496,1.852,0.896,0.898,1.331,1.323,3,NULL,NULL,,3,0,2,7,255,1365,250,0,0
stim,224198,254319,0,254319,3451644.453,-0.625,0.216,-0.333,0.673,0,0,111,0,439,0,0,277,44,1.006,1,2258,0,444.828,13.342,26.938,-436.125,83.313,-0.258,0.125,2.258,-3.723,-12.813,3.203,0.966,0.968,1.331,1.323,3,NULL,NULL,,3,0,2,7,255,1365,250,0,0
stim,224220,254341,0,254341,3451649.455,-0.614,0.226,-0.347,0.672,0,0,105,0,107,0,0,170,44,1.006,1,2258,0,466.906,18.178,-24.688,-444.875,139.563,-0.559,0.180,2.219,-4.340,-17.652,3.203,1.026,1.032,1.331,1.323,3,NULL,NULL,,3,0,2,7,255,1365,250,0,0
stim,224220,254341,0,254341,3451654.454,-0.603,0.233,-0.363,0.671,0,0,100,0,0,0,0,89,44,1.006,1,2258,0,477.402,18.528,-98.625,-438.938,159.750,-0.633,0.625,1.867,-4.438,-17.988,0.012,1.082,1.088,1.331,1.323,3,NULL,NULL,,3,0,2,7,255,1365,250,0,0
stim,224220,254341,0,254341,3451659.455,-0.594,0.238,-0.380,0.668,0,0,74,0,0,0,0,36,44,1.006,1,2258,0,468.386,19.638,-173.688,-412.875,136.938,-0.563,1.176,1.316,-7.879,-17.988,-4.461,1.134,1.142,1.331,1.323,4,NULL,NULL,,3,0,2,7,255,1365,250,0,0
stim,224220,254341,0,254341,3451664.453,-0.585,0.242,-0.397,0.664,0,0,66,0,0,0,0,5,44,1.006,1,2258,0,453.899,18.254,-195.063,-392.625,117.563,-0.527,1.461,1.035,-12.371,-13.422,-9.219,1.190,1.198,1.331,1.323,0,NULL,NULL,,3,0,2,7,255,1365,250,0,0
stim,224220,254341,0,254341,3451669.455,-0.578,0.245,-0.414,0.660,0,0,71,0,0,0,0,7,44,1.006,1,2258,0,441.294,18.191,-206.125,-374.000,111.250,-0.633,1.367,1.105,-13.645,-12.031,-11.949,1.256,1.266,1.331,1.323,0,NULL,NULL,,3,0,2,7,255,1365,250,0,0
stim,224220,254341,0,254341,3451674.454,-0.570,0.247,-0.431,0.654,0,0,76,0,0,0,0,21,44,1.006,1,2258,0,458.966,18.191,-249.688,-369.688,107.875,-0.633,0.785,1.262,-13.645,-12.031,-11.949,1.332,1.346,1.331,1.323,0,NULL,NULL,,3,0,2,7,255,1365,250,0,0
stim,224262,254383,0,254383,3451679.455,-0.565,0.248,-0.448,0.647,0,0,78,0,0,0,0,40,44,1.006,1,2258,0,441.031,14.722,-287.875,-329.563,55.000,-0.379,0.246,1.105,-8.484,-12.031,-11.027,1.414,1.428,1.331,1.323,0,NULL,NULL,,3,0,2,7,255,1365,250,0,0
stim,224262,254383,0,254383,3451684.453,-0.562,0.249,-0.463,0.639,0,0,81,0,0,0,0,64,44,1.006,1,2258,0,380.853,11.725,-256.375,-281.500,8.875,-0.215,-0.250,0.875,-3.828,-11.082,-8.625,1.496,1.512,1.331,1.323,0,NULL,NULL,,3,0,2,7,255,1365,250,0,0
stim,224262,254383,0,254383,3451689.455,-0.558,0.251,-0.475,0.633,0,0,89,0,0,0,0,107,44,1.006,1,2258,0,321.943,11.083,-202.188,-249.500,22.750,-0.250,-0.230,1.160,-0.105,-11.082,-7.016,1.578,1.596,1.331,1.323,0,NULL,NULL,,3,0,2,7,255,1365,250,0,0
stim,224262,254383,0,254383,3451694.453,-0.555,0.250,-0.486,0.627,0,0,98,0,0,0,0,143,44,1.006,1,2258,0,304.399,11.422,-221.500,-207.250,25.375,-0.434,-0.008,1.438,-0.105,-11.422,-7.016,1.664,1.680,1.331,1.323,0,NULL,NULL,,3,0,2,7,255,1365,250,0,0
stim,224262,254383,0,254383,3451699.455,-0.555,0.247,-0.498,0.619,0,0,93,0,0,0,0,159,44,1.006,1,2258,0,326.639,11.752,-288.000,-154.000,5.750,-0.441,0.227,1.129,-2.531,-11.477,-7.895,1.750,1.766,1.331,1.323,0,NULL,NULL,,3,0,2,7,255,1365,250,0,0
stim,224262,254383,0,254383,3451704.454,-0.556,0.242,-0.509,0.611,0,0,88,0,0,0,0,171,44,1.006,1,2258,0,345.402,12.174,-332.813,-92.250,-5.313,-0.223,0.469,0.445,-4.063,-11.477,-10.211,1.838,1.852,1.331,1.323,0,NULL,NULL,,3,0,2,7,255,1365,250,0,0
stim,224301,254422,0,254422,3451709.455,-0.559,0.235,-0.518,0.603,0,0,80,0,0,0,0,169,44,1.006,1,2258,0,314.277,5.781,-312.813,-28.875,-9.188,-0.086,0.535,-0.289,-4.063,-4.113,-11.816,1.926,1.938,1.331,1.323,0,NULL,NULL,,3,0,2,7,255,1365,250,0,0
stim,224301,254422,0,254422,3451714.453,-0.563,0.229,-0.523,0.598,0,0,77,0,0,0,0,170,44,1.006,1,2258,0,233.182,4.821,-230.750,31.125,-12.625,0.008,0.547,-0.672,-3.707,3.082,-13.449,2.000,2.012,1.331,1.323,0,NULL,NULL,,3,0,2,7,255,1365,250,0,0
stim,224301,254422,0,254422,3451719.455,-0.566,0.224,-0.525,0.595,0,0,76,0,0,0,0,140,44,1.006,1,2258,0,169.675,7.097,-148.250,82.125,-8.188,0.035,0.355,-0.668,-2.684,6.570,-13.449,2.064,2.078,1.331,1.323,0,NULL,NULL,,3,0,2,7,255,1365,250,0,0
stim,224301,254422,0,254422,3451724.454,-0.570,0.218,-0.524,0.594,0,0,71,0,0,0,0,127,44,1.006,1,2258,0,155.038,6.640,-92.563,124.313,-3.938,0.004,0.051,-0.512,-0.961,6.570,-13.051,2.120,2.134,1.331,1.323,0,NULL,NULL,,3,0,2,7,255,1365,250,0,0
stim,224301,254422,0,254422,3451729.455,-0.574,0.212,-0.522,0.594,0,0,61,0,0,0,0,115,44,1.006,1,2258,0,170.380,4.600,-65.250,156.563,16.125,0.020,-0.121,-0.469,1.309,4.410,-11.719,2.164,2.180,1.331,1.323,0,NULL,NULL,,3,0,2,7,255,1365,250,0,0
stim,224301,254422,0,254422,3451734.454,-0.578,0.206,-0.519,0.596,0,0,59,0,0,0,0,115,44,1.006,1,2258,0,191.037,5.140,-38.688,182.375,41.688,-0.039,-0.121,-0.617,2.641,4.410,-11.719,2.196,2.212,1.331,1.323,0,NULL,NULL,,3,0,2,7,255,1365,250,0,0
stim,224301,254422,0,254422,3451739.455,-0.581,0.200,-0.514,0.599,0,0,51,0,0,0,0,103,44,1.006,1,2258,0,210.018,5.333,15.875,200.125,61.688,-0.121,0.047,-0.641,2.641,4.633,-11.871,2.214,2.230,1.331,1.323,0,NULL,NULL,,3,0,2,7,255,1365,250,0,0
stim,224301,254422,0,254422,3451744.453,-0.583,0.194,-0.507,0.605,0,0,49,0,0,0,0,93,44,1.006,1,2258,0,235.311,5.137,69.250,212.563,73.438,-0.230,0.137,-0.547,2.219,4.633,-13.363,2.220,2.236,1.331,1.323,0,NULL,NULL,,3,0,2,7,255,1365,250,0,0
stim,224301,254422,0,254422,3451749.455,-0.585,0.190,-0.499,0.611,0,0,41,0,0,0,0,78,44,1.006,1,2258,0,263.086,3.790,114.875,225.000,73.438,-0.258,0.254,-0.258,1.324,3.551,-13.941,2.210,2.226,1.331,1.323,0,NULL,NULL,,3,0,2,7,255,1365,250,0,0
stim,224301,254422,0,254422,3451754.453,-0.587,0.185,-0.490,0.618,0,0,28,0,0,0,0,71,44,1.006,1,2258,0,283.872,1.416,134.500,234.313,87.125,-0.285,0.234,-0.066,-0.734,1.211,-13.941,2.192,2.206,1.331,1.323,0,NULL,NULL,,3,0,2,7,255,1365,250,0,0
stim,224320,254441,0,254441,3451759.455,-0.589,0.180,-0.480,0.625,0,0,22,0,0,0,0,63,44,1.006,1,2258,0,298.506,1.384,148.000,243.500,88.938,-0.383,0.285,0.117,-1.246,-0.602,-13.383,2.172,2.186,1.331,1.323,0,NULL,NULL,,3,0,2,7,255,1365,250,0,0
stim,224320,254441,0,254441,3451764.454,-0.591,0.176,-0.470,0.632,0,0,24,0,0,0,0,59,44,1.006,1,2258,0,308.699,3.367,155.688,248.750,95.813,-0.465,0.305,0.262,-2.133,-2.605,-13.301,2.154,2.166,1.331,1.323,0,NULL,NULL,,3,0,2,7,255,1365,250,0,0
stim,224320,254441,0,254441,3451769.455,-0.592,0.171,-0.459,0.639,0,0,18,0,0,0,0,43,44,1.006,1,2258,0,311.517,4.883,160.063,254.500,81.563,-0.570,0.246,0.422,-2.391,-4.258,-13.301,2.138,2.150,1.331,1.323,0,NULL,NULL,,3,0,2,7,255,1365,250,0,0
stim,224320,254441,0,254441,3451774.454,-0.595,0.167,-0.449,0.646,0,0,12,0,0,0,0,41,44,1.006,1,2258,0,311.692,6.810,156.750,259.313,73.063,-0.582,0.281,0.559,-2.594,-6.297,-12.965,2.126,2.140,1.331,1.323,0,NULL,NULL,,3,0,2,7,255,1365,250,0,0
stim,224368,254489,0,254489,3451779.455,-0.598,0.162,-0.438,0.652,0,0,21,0,0,0,0,44,44,1.006,1,2258,0,310.835,7.856,152.000,266.188,51.563,-0.590,0.195,0.613,-2.520,-7.441,-12.285,2.122,2.134,1.331,1.323,0,NULL,NULL,,3,0,2,7,255,1365,250,0,0
stim,224368,254489,0,254489,3451784.454,-0.601,0.158,-0.427,0.657,0,0,13,0,0,0,0,39,44,1.006,1,2258,0,314.217,8.686,148.875,274.063,38.188,-0.609,0.242,0.770,-3.152,-8.094,-11.488,2.122,2.134,1.331,1.323,0,NULL,NULL,,3,0,2,7,255,1365,250,0,0
stim,224368,254489,0,254489,3451789.455,-0.605,0.153,-0.415,0.662,0,0,15,0,0,0,0,37,44,1.006,1,2258,0,313.057,9.952,136.500,281.188,17.500,-0.668,0.203,0.957,-3.395,-9.355,-10.707,2.130,2.140,1.331,1.323,0,NULL,NULL,,3,0,2,7,255,1365,250,0,0
stim,224368,254489,0,254489,3451794.453,-0.610,0.148,-0.404,0.666,0,0,11,0,0,0,0,50,44,1.006,1,2258,0,310.241,11.672,112.563,289.063,-4.688,-0.680,0.230,1.109,-3.543,-11.121,-9.590,2.146,2.156,1.331,1.323,0,NULL,NULL,,3,0,2,7,255,1365,250,0,0
stim,224368,254489,0,254489,3451799.455,-0.615,0.142,-0.394,0.668,0,0,2,0,0,0,0,47,44,1.006,1,2258,0,309.623,12.979,85.063,296.188,-30.063,-0.676,0.195,1.227,-4.289,-12.250,-8.539,2.168,2.180,1.331,1.323,0,NULL,NULL,,3,0,2,7,255,1365,250,0,0
stim,224368,254489,0,254489,3451804.453,-0.622,0.136,-0.384,0.669,0,0,0,0,0,0,0,47,44,1.006,1,2258,0,314.417,13.018,49.438,305.438,-55.875,-0.563,0.199,1.191,-4.406,-12.250,-7.301,2.196,2.208,1.331,1.323,0,NULL,NULL,,3,0,2,7,255,1365,250,0,0
stim,224368,254489,0,254489,3451809.455,-0.630,0.129,-0.374,0.669,0,0,0,0,0,0,0,69,44,1.006,1,2258,0,322.491,12.622,28.563,313.250,-71.125,-0.500,0.113,1.121,-4.406,-11.828,-6.484,2.232,2.244,1.331,1.323,0,NULL,NULL,,3,0,2,7,255,1365,250,0,0
stim,224368,254489,0,254489,3451814.454,-0.637,0.121,-0.364,0.668,0,0,1,0,0,0,0,76,44,1.006,1,2258,0,333.871,11.820,11.813,322.188,-86.750,-0.445,0.195,1.059,-4.621,-10.879,-6.023,2.274,2.286,1.331,1.323,0,NULL,NULL,,3,0,2,7,255,1365,250,0,0
stim,224369,254490,0,254490,3451819.455,-0.646,0.114,-0.354,0.666,0,0,1,0,0,0,0,99,44,1.006,1,2258,0,346.823,10.673,-2.250,329.938,-106.875,-0.309,0.172,0.902,-4.207,-9.809,-5.934,2.320,2.332,1.331,1.323,0,NULL,NULL,,3,0,2,7,255,1365,250,0,0
stim,224369,254490,0,254490,3451824.454,-0.655,0.106,-0.344,0.665,0,0,2,0,0,0,0,117,44,1.006,1,2258,0,356.086,8.770,0.250,336.813,-115.563,-0.109,0.105,0.793,-4.207,-7.695,-5.934,2.368,2.382,1.331,1.323,0,NULL,NULL,,3,0,2,7,255,1365,250,0,0
stim,224402,254523,0,254523,3451829.455,-0.663,0.098,-0.334,0.662,0,0,6,0,0,0,0,121,44,1.006,1,2258,0,361.112,6.475,3.500,342.125,-115.500,-0.023,0.102,0.652,-3.551,-5.414,-5.504,2.420,2.434,1.331,1.323,0,NULL,NULL,,3,0,2,7,255,1365,250,0,0
stim,224402,254523,0,254523,3451834.453,-0.671,0.090,-0.323,0.661,0,0,8,0,0,0,0,132,44,1.006,1,2258,0,358.611,4.941,17.313,343.438,-101.750,0.016,0.117,0.496,-3.199,-3.766,-5.504,2.474,2.490,1.331,1.323,0,NULL,NULL,,3,0,2,7,255,1365,250,0,0
stim,224402,254523,0,254523,3451839.455,-0.679,0.084,-0.311,0.659,0,0,3,0,0,0,0,135,44,1.006,1,2258,0,362.341,3.743,46.188,344.625,-101.938,0.078,0.113,0.422,-2.844,-2.434,-6.375,2.528,2.542,1.331,1.323,0,NULL,NULL,,3,0,2,7,255,1365,250,0,0
stim,224402,254523,0,254523,3451844.454,-0.686,0.078,-0.299,0.659,0,0,5,0,0,0,0,133,44,1.006,1,2258,0,364.348,2.953,80.750,342.438,-94.688,0.129,0.023,0.426,-2.586,-1.426,-6.375,2.578,2.594,1.331,1.323,0,NULL,NULL,,3,0,2,7,255,1365,250,0,0
stim,224402,254523,0,254523,3451849.455,-0.693,0.072,-0.285,0.659,0,0,5,0,0,0,0,148,44,1.006,1,2258,0,363.744,2.522,110.313,339.000,-72.250,0.160,0.070,0.469,-2.309,-1.016,-5.895,2.626,2.644,1.331,1.323,0,NULL,NULL,,3,0,2,7,255,1365,250,0,0
stim,224402,254523,0,254523,3451854.453,-0.698,0.068,-0.271,0.659,0,0,5,0,0,0,0,142,44,1.006,1,2258,0,368.800,2.432,139.188,335.875,-61.875,0.180,0.137,0.535,-2.309,-0.766,-5.484,2.670,2.688,1.331,1.323,0,NULL,NULL,,3,0,2,7,255,1365,250,0,0
stim,224426,254547,0,254547,3451859.455,-0.703,0.064,-0.255,0.660,0,0,1,0,0,0,0,147,44,1.006,1,2258,0,376.471,3.149,171.875,331.250,-49.625,0.176,0.125,0.660,-3.055,-0.766,-5.012,2.710,2.726,1.331,1.323,0,NULL,NULL,,3,0,2,7,255,1365,250,0,0
stim,224426,254547,0,254547,3451864.454,-0.708,0.061,-0.240,0.662,0,0,0,0,0,0,0,149,44,1.006,1,2258,0,382.930,3.396,195.000,327.750,-34.500,0.117,0.176,0.816,-3.211,-1.105,-3.859,2.744,2.760,1.331,1.323,0,NULL,NULL,,3,0,2,7,255,1365,250,0,0
stim,224426,254547,0,254547,3451869.455,-0.712,0.059,-0.223,0.663,0,0,0,0,0,0,0,145,44,1.006,1,2258,0,391.403,4.507,215.063,325.125,-35.188,-0.012,0.246,0.961,-4.039,-2.000,-2.813,2.772,2.790,1.331,1.323,0,NULL,NULL,,3,0,2,7,255,1365,250,0,0
stim,224426,254547,0,254547,3451874.454,-0.715,0.057,-0.207,0.665,0,0,0,0,0,0,0,125,44,1.006,1,2258,0,394.417,5.500,224.188,322.875,-32.500,0.027,0.125,1.238,-4.313,-3.414,-2.094,2.796,2.814,1.331,1.323,0,NULL,NULL,,3,0,2,7,255,1365,250,0,0
stim,224470,254591,0,254591,3451879.455,-0.719,0.055,-0.190,0.667,0,0,0,0,0,0,0,123,44,1.006,1,2258,0,387.739,6.349,215.688,321.625,-19.438,-0.012,0.180,1.477,-4.965,-3.957,0.953,2.816,2.834,1.331,1.323,0,NULL,NULL,,3,0,2,7,255,1365,250,0,0
stim,224470,254591,0,254591,3451884.453,-0.721,0.052,-0.174,0.668,0,0,0,0,0,0,0,118,44,1.006,1,2258,0,375.682,6.986,194.625,321.063,-13.313,-0.090,0.297,1.633,-5.145,-4.727,3.043,2.834,2.854,1.331,1.323,0,NULL,NULL,,3,0,2,7,255,1365,250,0,0
stim,224470,254591,0,254591,3451889.455,-0.724,0.048,-0.159,0.669,0,0,0,0,0,0,0,119,44,1.006,1,2258,0,366.185,8.379,176.063,320.500,-19.313,-0.188,0.344,1.703,-6.379,-5.434,4.215,2.854,2.872,1.331,1.323,0,NULL,NULL,,3,0,2,7,255,1365,250,0,0
stim,224470,254591,0,254591,3451894.454,-0.727,0.044,-0.144,0.670,0,0,0,0,0,0,0,125,44,1.006,1,2258,0,359.692,8.830,160.875,320.000,-33.125,-0.203,0.254,1.781,-6.379,-6.105,4.758,2.872,2.892,1.331,1.323,0,NULL,NULL,,3,0,2,7,255,1365,250,0,0
stim,224470,254591,0,254591,3451899.455,-0.730,0.040,-0.130,0.669,0,0,0,0,0,0,0,135,44,1.006,1,2258,0,352.069,8.438,140.250,319.813,-44.750,-0.152,0.219,1.891,-5.824,-6.105,5.855,2.894,2.914,1.331,1.323,0,NULL,NULL,,3,0,2,7,255,1365,250,0,0
stim,224470,254591,0,254591,3451904.453,-0.734,0.034,-0.117,0.669,0,0,0,0,0,0,0,136,44,1.006,1,2258,0,341.368,7.707,107.813,320.063,-49.688,-0.090,0.219,1.867,-5.395,-5.504,7.281,2.918,2.936,1.331,1.323,0,NULL,NULL,,3,0,2,7,255,1365,250,0,0
stim,224471,254592,0,254592,3451909.457,-0.737,0.028,-0.104,0.667,0,0,0,0,0,0,0,135,44,1.006,1,2258,0,332.852,6.752,83.750,318.500,-48.313,-0.055,0.191,1.754,-5.129,-4.391,7.281,2.944,2.962,1.331,1.323,0,NULL,NULL,,3,0,2,7,255,1365,250,0,0
stim,224471,254592,0,254592,3451914.453,-0.740,0.021,-0.092,0.666,0,0,0,0,0,0,0,139,44,1.006,1,2258,0,328.106,5.645,73.125,316.000,-49.500,-0.039,0.168,1.629,-4.504,-3.402,6.594,2.974,2.992,1.331,1.323,0,NULL,NULL,,3,0,2,7,255,1365,250,0,0
stim,224471,254592,0,254592,3451919.455,-0.743,0.015,-0.079,0.665,0,0,3,0,0,0,0,144,44,1.006,1,2258,0,325.659,4.744,72.000,313.125,-53.125,0.012,0.168,1.563,-3.941,-2.641,5.574,3.006,3.024,1.331,1.323,0,NULL,NULL,,3,0,2,7,255,1365,250,0,0
stim,224471,254592,0,254592,3451924.454,-0.745,0.009,-0.067,0.663,0,0,0,0,0,0,0,143,44,1.006,1,2258,0,321.056,4.031,73.500,308.625,-49.250,0.066,0.113,1.496,-3.688,-1.629,5.094,3.040,3.058,1.331,1.323,0,NULL,NULL,,3,0,2,7,255,1365,250,0,0
stim,224494,254615,0,254615,3451929.455,-0.748,0.003,-0.055,0.662,0,0,4,0,0,0,0,151,44,1.006,1,2258,0,316.088,2.944,80.625,302.938,-40.500,0.063,0.082,1.469,-2.859,-0.699,4.629,3.076,3.094,1.331,1.323,0,NULL,NULL,,3,0,2,7,255,1365,250,0,0
stim,224494,254615,0,254615,3451934.453,-0.750,-0.003,-0.042,0.661,0,0,8,0,0,0,0,143,44,1.006,1,2258,0,311.545,2.885,88.813,296.625,-34.438,0.027,0.148,1.465,-2.859,-0.387,4.438,3.112,3.128,1.331,1.323,0,NULL,NULL,,3,0,2,7,255,1365,250,0,0
stim,224494,254615,0,254615,3451939.455,-0.751,-0.007,-0.030,0.659,0,0,9,0,0,0,0,146,44,1.006,1,2258,0,308.647,2.650,100.750,289.875,-32.938,0.039,0.141,1.465,-2.633,-0.305,4.379,3.148,3.164,1.331,1.323,0,NULL,NULL,,3,0,2,7,255,1365,250,0,0
stim,224494,254615,0,254615,3451944.454,-0.753,-0.011,-0.017,0.658,0,0,6,0,0,0,0,137,44,1.006,1,2258,0,306.304,2.639,116.125,282.125,-27.250,0.063,0.133,1.520,-2.633,0.180,4.379,3.180,3.194,1.331,1.323,0,NULL,NULL,,3,0,2,7,255,1365,250,0,0
stim,224520,254641,0,254641,3451949.455,-0.754,-0.015,-0.004,0.657,0,0,6,0,0,0,0,139,44,1.006,1,2258,0,303.689,2.631,127.750,274.813,-19.625,0.070,0.168,1.605,-2.527,0.730,4.977,3.208,3.224,1.331,1.323,0,NULL,NULL,,3,0,2,7,255,1365,250,0,0
stim,224520,254641,0,254641,3451954.453,-0.754,-0.018,0.009,0.656,0,0,9,0,0,0,0,141,44,1.006,1,2258,0,302.093,2.690,136.875,268.938,-14.063,0.086,0.184,1.668,-2.414,1.188,5.789,3.234,3.250,1.331,1.323,0,NULL,NULL,,3,0,2,7,255,1365,250,0,0
stim,224520,254641,0,254641,3451959.455,-0.755,-0.020,0.022,0.655,0,0,10,0,0,0,0,141,44,1.006,1,2258,0,303.125,2.975,148.375,264.188,-8.625,0.121,0.184,1.738,-2.414,1.738,6.375,3.254,3.268,1.331,1.323,0,NULL,NULL,,3,0,2,7,255,1365,250,0,0
stim,224520,254641,0,254641,3451964.453,-0.755,-0.022,0.035,0.655,0,0,10,0,0,0,0,143,44,1.006,1,2258,0,306.273,3.256,159.313,261.563,-2.750,0.168,0.223,1.836,-2.141,2.453,7.043,3.272,3.286,1.331,1.323,0,NULL,NULL,,3,0,2,7,255,1365,250,0,0
stim,224520,254641,0,254641,3451969.455,-0.755,-0.024,0.048,0.654,0,0,11,0,0,0,0,149,44,1.006,1,2258,0,309.431,4.004,165.500,261.438,2.813,0.219,0.246,1.922,-2.137,3.387,7.961,3.286,3.300,1.331,1.323,0,NULL,NULL,,3,0,2,7,255,1365,250,0,0
stim,224520,254641,0,254641,3451974.454,-0.754,-0.026,0.061,0.653,0,0,19,0,0,0,0,151,44,1.006,1,2258,0,312.574,4.797,169.938,262.125,10.688,0.289,0.238,1.992,-1.992,4.363,8.699,3.298,3.312,1.331,1.323,0,NULL,NULL,,3,0,2,7,255,1365,250,0,0
stim,224569,254690,0,254690,3451979.455,-0.753,-0.028,0.075,0.653,0,0,16,0,0,0,0,149,44,1.006,1,2258,0,316.449,5.682,173.375,264.000,19.625,0.387,0.246,2.047,-1.441,5.496,9.219,3.308,3.318,1.331,1.323,0,NULL,NULL,,3,0,2,7,255,1365,250,0,0
stim,224569,254690,0,254690,3451984.453,-0.752,-0.029,0.089,0.652,0,0,21,0,0,0,0,149,44,1.006,1,2258,0,322.606,6.964,178.688,267.063,28.688,0.496,0.273,2.082,-1.031,6.887,9.500,3.314,3.324,1.331,1.323,0,NULL,NULL,,3,0,2,7,255,1365,250,0,0
stim,224569,254690,0,254690,3451989.455,-0.750,-0.031,0.103,0.652,0,0,20,0,0,0,0,146,44,1.006,1,2258,0,331.038,8.484,186.375,270.813,38.875,0.609,0.281,2.141,-0.766,8.449,9.531,3.318,3.328,1.331,1.323,0,NULL,NULL,,3,0,2,7,255,1365,250,0,0
stim,224569,254690,0,254690,3451994.454,-0.748,-0.032,0.118,0.652,0,0,20,0,0,0,0,141,44,1.006,1,2258,0,339.425,10.063,192.313,275.125,50.313,0.715,0.270,2.219,-0.289,10.059,9.715,3.318,3.328,1.331,1.323,0,NULL,NULL,,3,0,2,7,255,1365,250,0,0
stim,224569,254690,0,254690,3451999.455,-0.745,-0.034,0.133,0.653,0,0,19,0,0,0,0,147,44,1.006,1,2258,0,346.124,11.624,194.125,279.438,63.500,0.781,0.242,2.281,0.395,11.617,10.008,3.316,3.326,1.331,1.323,0,NULL,NULL,,3,0,2,7,255,1365,250,0,0
stim,224569,254690,0,254690,3452004.454,-0.742,-0.035,0.148,0.653,0,0,24,0,0,0,0,145,44,1.006,1,2258,0,352.411,12.801,197.563,281.313,77.625,0.836,0.270,2.383,1.184,12.746,10.145,3.310,3.318,1.331,1.323,0,NULL,NULL,,3,0,2,7,255,1365,250,0,0
stim,224569,254690,0,254690,3452009.455,-0.738,-0.036,0.162,0.654,0,0,23,0,0,0,0,146,44,1.006,1,2258,0,353.304,14.061,191.813,284.563,84.000,0.891,0.316,2.457,1.500,13.980,10.699,3.300,3.306,1.331,1.323,0,NULL,NULL,,3,0,2,7,255,1365,250,0,0
stim,224569,254690,0,254690,3452014.453,-0.734,-0.038,0.177,0.655,0,0,25,0,0,0,0,149,44,1.006,1,2258,0,349.783,15.287,178.438,286.813,90.813,0.965,0.348,2.477,1.566,15.207,10.699,3.286,3.292,1.331,1.323,0,NULL,NULL,,3,0,2,7,255,1365,250,0,0
stim,224569,254690,0,254690,3452019.455,-0.729,-0.041,0.191,0.656,0,0,22,0,0,0,0,151,44,1.006,1,2258,0,343.584,16.545,160.438,286.875,100.063,1.039,0.355,2.445,1.664,16.461,10.570,3.264,3.268,1.331,1.323,0,NULL,NULL,,3,0,2,7,255,1365,250,0,0
stim,224569,254690,0,254690,3452024.454,-0.724,-0.043,0.204,0.657,0,0,27,0,0,0,0,158,44,1.006,1,2258,0,336.018,17.614,143.813,283.500,108.875,1.090,0.313,2.359,1.855,17.516,9.648,3.234,3.236,1.331,1.323,0,NULL,NULL,,3,0,2,7,255,1365,250,0,0
stim,224591,254712,0,254712,3452029.455,-0.719,-0.046,0.217,0.659,0,0,27,0,0,0,0,166,44,1.006,1,2258,0,327.334,18.224,131.563,276.688,115.250,1.156,0.191,2.238,2.305,18.078,8.203,3.198,3.198,1.331,1.323,0,NULL,NULL,,3,0,2,7,255,1365,250,0,0
stim,224591,254712,0,254712,3452034.453,-0.713,-0.049,0.229,0.661,0,0,22,0,0,0,0,171,44,1.006,1,2258,0,318.003,18.801,125.188,266.813,119.438,1.227,-0.027,2.070,3.371,18.496,6.238,3.156,3.154,1.331,1.323,0,NULL,NULL,,3,0,2,7,255,1365,250,0,0
stim,224591,254712,0,254712,3452039.455,-0.707,-0.052,0.241,0.662,0,0,24,0,0,0,0,175,44,1.006,1,2258,0,309.636,19.198,124.813,253.750,126.125,1.270,-0.254,1.867,5.145,18.496,3.594,3.104,3.100,1.331,1.323,0,NULL,NULL,,3,0,2,7,255,1365,250,0,0
stim,224591,254712,0,254712,3452044.453,-0.701,-0.053,0.253,0.664,0,0,25,0,0,0,0,174,44,1.006,1,2258,0,302.016,19.529,129.875,238.063,132.938,1.266,-0.465,1.641,6.867,18.281,0.754,3.048,3.042,1.331,1.323,0,NULL,NULL,,3,0,2,7,255,1365,250,0,0
stim,224623,254744,0,254744,3452049.455,-0.696,-0.054,0.264,0.666,0,0,25,0,0,0,0,182,44,1.006,1,2258,0,296.827,19.258,146.500,219.813,135.375,1.242,-0.680,1.445,8.281,17.387,-2.109,2.986,2.978,1.331,1.323,0,NULL,NULL,,3,0,2,7,255,1365,250,0,0
stim,224623,254744,0,254744,3452054.454,-0.690,-0.053,0.276,0.667,0,0,23,0,0,0,0,205,44,1.006,1,2258,0,295.452,19.046,173.313,200.438,130.688,1.223,-0.875,1.359,9.766,16.352,-4.609,2.922,2.912,1.331,1.323,0,NULL,NULL,,3,0,2,7,255,1365,250,0,0
stim,224623,254744,0,254744,3452059.455,-0.685,-0.051,0.287,0.668,0,0,25,0,0,0,0,217,44,1.006,1,2258,0,297.743,19.649,203.875,181.000,119.688,1.227,-0.949,1.398,11.355,16.035,-6.180,2.854,2.840,1.331,1.323,0,NULL,NULL,,3,0,2,7,255,1365,250,0,0
stim,224623,254744,0,254744,3452064.453,-0.680,-0.048,0.299,0.667,0,0,24,0,0,0,0,233,44,1.006,1,2258,0,298.388,20.129,229.188,161.688,101.813,1.305,-1.008,1.613,12.168,16.035,-6.180,2.782,2.764,1.331,1.323,0,NULL,NULL,,3,0,2,7,255,1365,250,0,0
stim,224623,254744,0,254744,3452069.455,-0.676,-0.044,0.310,0.667,0,0,22,0,0,0,0,250,44,1.006,1,2258,0,278.961,22.152,218.500,145.500,94.375,1.609,-1.070,1.887,13.332,17.691,-5.836,2.708,2.686,1.331,1.323,0,NULL,NULL,,3,0,2,7,255,1365,250,0,0
stim,224623,254744,0,254744,3452074.454,-0.672,-0.042,0.320,0.666,0,0,26,0,0,0,0,291,44,1.006,1,2258,0,243.933,25.526,184.563,133.438,87.375,1.613,-0.938,1.953,13.637,21.578,-5.750,2.630,2.604,1.331,1.323,0,NULL,NULL,,3,0,2,7,255,1365,250,0,0
stim,224669,254790,0,254790,3452079.455,-0.670,-0.040,0.328,0.664,0,0,22,0,0,0,0,335,44,1.006,1,2258,0,209.402,26.526,167.500,122.625,27.500,1.797,-1.152,1.738,14.598,22.148,-5.750,2.548,2.518,1.331,1.323,0,NULL,NULL,,3,0,2,7,255,1365,250,0,0
stim,224669,254790,0,254790,3452084.453,-0.669,-0.039,0.336,0.662,0,0,27,0,1,0,0,367,44,1.006,1,2258,0,195.911,26.880,161.250,110.688,-11.313,2.223,-1.387,1.695,14.766,22.461,-9.047,2.462,2.428,1.331,1.323,0,NULL,NULL,,3,0,2,7,255,1365,250,0,0
stim,224669,254790,0,254790,3452089.455,-0.669,-0.037,0.343,0.659,0,0,26,0,22,0,0,389,44,1.006,1,2258,0,173.962,30.360,146.125,92.500,-18.813,2.438,-1.582,1.699,16.398,25.551,-12.758,2.372,2.336,1.331,1.323,0,NULL,NULL,,3,0,2,7,255,1365,250,0,0
stim,224669,254790,0,254790,3452094.453,-0.669,-0.036,0.349,0.656,0,0,29,0,35,0,0,411,44,1.006,1,2258,0,152.558,32.517,133.938,70.625,-18.625,2.609,-1.613,1.691,18.063,27.039,-14.941,2.282,2.242,1.331,1.323,0,NULL,NULL,,3,0,2,7,255,1365,250,0,0
stim,224669,254790,0,254790,3452099.455,-0.668,-0.033,0.354,0.654,0,0,27,0,43,0,0,427,44,1.006,1,2258,0,139.954,33.235,134.063,39.875,-4.938,2.508,-1.480,1.777,18.063,27.898,-15.004,2.188,2.142,1.331,1.323,0,NULL,NULL,,3,0,2,7,255,1365,250,0,0
stim,224669,254790,0,254790,3452104.454,-0.668,-0.029,0.358,0.652,0,0,30,0,47,0,0,431,44,1.006,1,2258,0,137.126,32.960,136.688,4.750,9.875,2.285,-1.219,2.043,17.551,27.898,-15.004,2.086,2.038,1.331,1.323,0,NULL,NULL,,3,0,2,7,255,1365,250,0,0
stim,224669,254790,0,254790,3452109.455,-0.669,-0.025,0.360,0.650,0,0,26,0,46,0,0,430,44,1.006,1,2258,0,116.828,32.238,112.750,-30.563,-1.500,1.977,-0.777,2.395,16.605,27.633,-11.094,1.980,1.928,1.331,1.323,0,NULL,NULL,,3,0,2,7,255,1365,250,0,0
stim,224669,254790,0,254790,3452114.453,-0.670,-0.021,0.360,0.649,0,0,11,0,1,0,0,563,44,1.006,1,2258,0,93.810,31.251,67.938,-62.500,-16.688,1.598,-0.668,2.641,15.258,27.273,-5.270,1.872,1.814,1.331,1.323,0,NULL,NULL,,3,0,2,7,255,1365,250,0,0
stim,224670,254791,0,254791,3452119.455,-0.667,-0.001,0.365,0.650,131,0,13,369,16,18,0,599,44,1.006,1,2258,0,480.917,31.251,365.938,-214.438,226.688,0.836,-0.621,5.672,15.258,27.273,-1.051,1.762,1.698,1.331,1.323,0,NULL,NULL,,3,0,2,7,255,1365,250,0,0
stim,224670,254791,0,254791,3452124.454,-0.662,0.013,0.361,0.656,812,0,10,967,0,139,0,639,44,1.006,1,2258,0,379.219,39.120,107.000,-224.063,286.625,0.184,1.598,7.664,21.156,32.906,25.055,1.646,1.576,1.331,1.323,0,NULL,NULL,,3,0,2,7,255,1365,250,0,0
stim,224704,254825,0,254825,3452129.455,-0.657,-0.006,0.332,0.677,1291,0,2,1439,0,405,0,703,44,1.006,1,2258,0,932.061,39.120,-893.750,-119.875,235.750,-0.918,2.184,3.301,21.156,32.906,28.777,1.528,1.450,1.331,1.323,0,NULL,NULL,,3,0,2,7,255,1365,250,0,0
stim,224704,254825,0,254825,3452134.453,-0.653,-0.029,0.297,0.696,1736,0,0,1757,0,585,0,773,45,1.006,1,2259,0,1060.274,9.884,-1038.438,-148.250,154.438,-0.840,3.031,-0.773,-5.293,8.348,28.777,1.406,1.320,1.331,1.323,1,1291.000,-74.000,,3,0,2,7,255,1365,250,0,0
stim,224704,254825,0,254825,3452139.455,-0.650,-0.041,0.276,0.706,2054,0,0,1945,0,791,0,827,45,1.006,1,2259,0,598.517,24.137,-578.125,-109.438,109.625,-1.141,1.824,-2.406,-21.809,-10.344,-2.230,1.286,1.188,1.331,1.323,1,NULL,NULL,,3,0,2,7,255,1365,250,0,0
stim,224704,254825,0,254825,3452144.453,-0.650,-0.042,0.267,0.710,2233,0,0,2040,0,937,0,891,45,1.006,1,2259,0,234.052,26.366,-188.625,-131.563,43.500,-1.191,-0.195,-1.008,-21.809,-14.816,-14.145,1.170,1.058,1.331,1.323,1,NULL,NULL,,3,0,2,7,255,1365,250,0,0
stim,224704,254825,0,254825,3452149.455,-0.651,-0.038,0.263,0.712,2403,0,0,2135,0,1098,0,983,45,1.006,1,2259,0,126.395,14.847,-25.313,-121.750,22.625,-0.305,-0.250,1.012,0.953,-14.816,-14.145,1.050,0.922,1.331,1.323,1,NULL,NULL,,3,0,2,7,255,1365,250,0,0
stim,224704,254826,0,254826,3452154.454,-0.649,-0.037,0.258,0.715,2495,0,0,2206,0,1243,0,1043,45,1.006,1,2259,0,144.563,1.781,-77.250,-102.063,67.188,0.262,1.684,1.637,0.953,1.504,-0.738,0.926,0.780,1.331,1.323,1,NULL,NULL,,3,0,2,7,255,1365,250,0,0
stim,224727,254848,0,254848,3452159.457,-0.646,-0.037,0.250,0.720,2636,0,0,2411,0,1306,0,1053,45,1.006,1,2259,0,238.053,13.249,-176.188,-98.188,126.438,-0.078,2.125,1.770,-12.191,5.188,8.043,0.794,0.624,1.331,1.323,2,NULL,NULL,,3,0,2,7,255,1365,250,0,0
stim,224727,254848,0,254848,3452164.453,-0.643,-0.041,0.238,0.727,2773,0,0,2600,0,1289,0,1084,45,1.006,1,2259,0,329.151,13.249,-293.063,-93.313,117.250,-1.023,0.652,1.500,-12.191,5.188,8.672,0.688,0.488,1.331,1.323,2,NULL,NULL,,3,0,2,7,255,1365,250,0,0
stim,224727,254848,0,254848,3452169.455,-0.639,-0.046,0.222,0.735,2848,0,0,2731,0,1275,0,1149,45,1.006,1,2259,0,439.486,4.080,-390.688,-143.938,140.688,-2.004,-1.449,0.355,-1.336,-3.855,8.672,0.640,0.410,1.331,1.323,2,NULL,NULL,,3,0,2,7,255,1365,250,0,0
stim,224727,254848,0,254848,3452174.454,-0.639,-0.051,0.207,0.739,2931,0,0,2827,0,1214,0,1242,45,1.006,1,2259,0,376.708,22.238,-345.125,-150.750,8.500,-1.793,-1.473,-0.648,16.059,-15.383,-3.148,0.636,0.388,1.331,1.323,2,NULL,NULL,,3,0,2,7,255,1365,250,0,0
stim,224767,254888,0,254888,3452179.455,-0.643,-0.050,0.198,0.738,2975,0,0,2923,0,1215,0,1331,45,1.006,1,2259,0,231.173,22.238,-128.000,-169.500,-91.250,-0.785,-0.563,-0.527,16.059,-15.383,-12.727,0.668,0.412,1.331,1.323,2,NULL,NULL,,3,0,2,7,255,1365,250,0,0
stim,224767,254888,0,254888,3452184.454,-0.648,-0.044,0.194,0.735,3015,0,0,2981,0,1235,0,1417,45,1.006,1,2259,0,204.032,10.275,44.063,-163.375,-114.000,0.109,-0.016,0.891,5.813,-8.473,-12.727,0.700,0.446,1.331,1.323,2,NULL,NULL,,3,0,2,7,255,1365,250,0,0
stim,224767,254888,0,254888,3452189.455,-0.652,-0.040,0.191,0.733,3035,0,0,3031,0,1293,0,1478,45,1.006,1,2259,0,166.512,6.415,21.063,-141.813,-84.688,0.523,-0.285,2.016,5.055,3.949,-2.094,0.728,0.476,1.331,1.323,2,NULL,NULL,,3,0,2,7,255,1365,250,0,0
stim,224767,254888,0,254888,3452194.453,-0.653,-0.038,0.183,0.734,3050,0,0,3077,0,1413,0,1518,45,1.006,1,2259,0,173.021,12.573,-104.688,-136.875,-15.563,0.629,-0.570,1.949,5.055,11.512,5.188,0.756,0.504,1.331,1.323,2,NULL,NULL,,3,0,2,7,255,1365,250,0,0
stim,224767,254888,0,254888,3452199.455,-0.652,-0.040,0.173,0.738,3063,0,0,3104,0,1517,0,1592,45,1.006,1,2259,0,260.044,13.693,-215.500,-130.563,64.313,0.254,-0.844,1.273,7.414,11.512,5.188,0.788,0.532,1.331,1.323,2,NULL,NULL,,3,0,2,7,255,1365,250,0,0
stim,224767,254888,0,254888,3452204.454,-0.649,-0.041,0.162,0.742,3079,0,0,3131,0,1645,0,1651,45,1.006,1,2259,0,272.874,11.638,-222.688,-127.500,92.813,-0.324,-0.996,0.586,9.344,6.938,-0.211,0.800,0.546,1.331,1.323,2,NULL,NULL,,3,0,2,7,255,1365,250,0,0
stim,224786,254907,0,254907,3452209.455,-0.648,-0.041,0.154,0.745,3090,0,0,3149,69,1771,0,1711,45,1.006,1,2259,0,207.970,10.668,-158.313,-128.875,39.750,-0.836,-0.922,0.676,10.664,-0.293,-2.664,0.784,0.542,1.331,1.323,2,NULL,NULL,,3,0,2,7,255,1365,250,0,0
stim,224786,254907,0,254907,3452214.454,-0.650,-0.040,0.147,0.745,3089,0,0,3153,155,1897,0,1755,45,1.006,1,2259,0,163.566,10.713,-92.125,-131.625,-30.688,-0.336,-0.500,0.605,10.664,-1.027,-3.980,0.756,0.530,1.331,1.323,2,NULL,NULL,,3,0,2,7,255,1365,250,0,0
stim,224786,254907,0,254907,3452219.455,-0.651,-0.037,0.142,0.745,3100,0,0,3162,349,1991,0,1789,45,1.006,1,2259,0,139.400,5.910,-38.375,-131.938,-23.500,0.078,-0.145,1.020,5.820,-1.027,-2.664,0.722,0.512,1.331,1.323,2,NULL,NULL,,3,0,2,7,255,1365,250,0,0
stim,224786,254907,0,254907,3452224.454,-0.652,-0.035,0.136,0.745,3097,0,0,3177,458,2085,0,1827,45,1.006,1,2259,0,142.820,4.094,-66.625,-126.188,-5.938,-0.016,-0.102,1.473,2.277,3.402,-0.582,0.688,0.482,1.331,1.323,2,NULL,NULL,,3,0,2,7,255,1365,250,0,0
stim,224786,254907,0,254907,3452229.455,-0.652,-0.034,0.129,0.746,3101,0,0,3173,724,2190,0,1945,45,1.006,1,2259,0,164.688,4.094,-112.313,-120.188,7.938,0.035,-0.258,1.113,2.277,3.402,0.383,0.646,0.438,1.331,1.323,2,NULL,NULL,,3,0,2,7,255,1365,250,0,0
stim,224786,254907,0,254907,3452234.454,-0.652,-0.033,0.123,0.748,3100,0,0,3171,875,2248,55,2029,45,1.006,1,2259,0,155.091,4.551,-101.313,-116.000,18.250,-0.039,-0.391,0.840,3.293,3.141,0.383,0.602,0.384,1.331,1.323,2,NULL,NULL,,3,0,2,7,255,1365,250,0,0
stim,224786,254907,0,254907,3452239.455,-0.653,-0.031,0.119,0.748,3095,0,0,3173,1059,2321,80,2136,45,1.006,1,2259,0,90.933,4.551,-28.000,-84.688,-17.688,0.102,-0.141,1.410,3.293,3.141,0.383,0.552,0.324,1.331,1.323,2,NULL,NULL,,3,0,2,7,255,1365,250,0,0
stim,224786,254907,0,254907,3452244.453,-0.654,-0.030,0.117,0.746,3101,0,0,3187,1221,2359,75,2199,45,1.006,1,2259,0,73.312,4.607,-13.438,-52.500,-49.375,0.504,0.270,1.313,2.195,4.051,2.020,0.504,0.274,1.331,1.323,2,NULL,NULL,,3,0,2,7,255,1365,250,0,0
stim,224822,254943,0,254943,3452249.455,-0.655,-0.029,0.116,0.746,3092,0,0,3177,1328,2373,73,2231,45,1.006,1,2259,0,48.863,7.264,-7.063,-41.938,-24.063,0.520,0.672,1.355,-2.379,6.863,2.824,0.464,0.244,1.331,1.323,2,NULL,NULL,,3,0,2,7,255,1365,250,0,0
stim,224822,254943,0,254943,3452254.453,-0.656,-0.028,0.114,0.746,3092,25,0,3175,1427,2413,67,2284,45,1.006,1,2259,0,39.100,7.479,-28.875,-24.688,-9.250,0.012,0.410,1.484,-2.973,6.863,2.824,0.430,0.224,1.331,1.323,2,NULL,NULL,,3,0,2,7,255,1365,250,0,0
stim,224822,254943,0,254943,3452259.457,-0.657,-0.031,0.111,0.745,3095,21,0,3173,1486,2427,62,2325,45,1.006,1,2259,0,93.516,3.902,-86.313,-19.500,-30.250,-0.422,-0.105,1.148,-2.973,2.527,2.824,0.402,0.206,1.331,1.323,2,NULL,NULL,,3,0,2,7,255,1365,250,0,0
stim,224822,254943,0,254943,3452264.454,-0.659,-0.032,0.107,0.744,3095,52,0,3173,1565,2391,62,2351,45,1.006,1,2259,0,97.485,2.067,-71.313,-21.000,-63.063,-0.270,-0.105,0.711,1.727,-1.137,1.859,0.380,0.184,1.331,1.323,2,NULL,NULL,,3,0,2,7,255,1365,250,0,0
stim,224822,254943,0,254943,3452269.455,-0.662,-0.033,0.106,0.742,3097,59,0,3182,1609,2457,59,2391,45,1.006,1,2259,0,93.661,2.067,-24.688,-17.875,-88.563,-0.051,0.125,0.949,1.727,-1.137,-0.516,0.366,0.156,1.331,1.323,2,NULL,NULL,,3,0,2,7,255,1365,250,0,0
stim,224822,254943,0,254943,3452274.454,-0.664,-0.033,0.105,0.740,3093,78,0,3175,1663,2471,59,2405,45,1.006,1,2259,0,76.528,1.347,-21.250,-12.563,-72.438,0.199,0.133,1.121,-0.672,1.168,-0.516,0.360,0.126,1.331,1.323,2,NULL,NULL,,3,0,2,7,255,1365,250,0,0
stim,224868,254989,0,254989,3452279.455,-0.665,-0.034,0.103,0.739,3095,92,1,3171,1719,2472,55,2425,45,1.006,1,2259,0,55.516,2.698,-42.813,-10.688,-33.688,0.063,-0.047,1.055,-0.672,2.613,0.172,0.356,0.098,1.331,1.323,2,NULL,NULL,,3,0,2,7,255,1365,250,0,0
stim,224868,254989,0,254989,3452284.453,-0.666,-0.035,0.101,0.738,3093,109,43,3183,1758,2511,55,2463,45,1.006,1,2259,0,53.611,2.752,-48.625,-8.750,-20.813,-0.211,-0.094,0.906,0.863,2.613,0.172,0.356,0.078,1.331,1.323,2,NULL,NULL,,3,0,2,7,255,1365,250,0,0
stim,224868,254989,0,254989,3452289.455,-0.667,-0.037,0.100,0.737,3095,123,55,3173,1818,2525,52,2479,45,1.006,1,2259,0,55.806,0.900,-34.625,-7.813,-43.063,-0.309,0.059,0.883,0.863,-0.254,-0.738,0.356,0.066,1.331,1.323,2,NULL,NULL,,3,0,2,7,255,1365,250,0,0
stim,224868,254989,0,254989,3452294.454,-0.669,-0.037,0.099,0.735,3091,142,83,3175,1865,2531,51,2479,45,1.006,1,2259,0,76.456,0.286,-18.438,-5.438,-74.000,-0.199,0.180,0.977,0.070,-0.277,-0.738,0.356,0.058,1.331,1.323,2,NULL,NULL,,3,0,2,7,255,1365,250,0,0
stim,224868,254989,0,254989,3452299.455,-0.672,-0.038,0.098,0.733,3096,170,111,3183,1893,2538,43,2505,45,1.006,1,2259,0,87.774,0.918,-14.125,-0.938,-86.625,0.016,0.129,1.098,-0.875,-0.277,0.035,0.358,0.048,1.331,1.323,2,NULL,NULL,,3,0,2,7,255,1365,250,0,0
stim,224868,254989,0,254989,3452304.453,-0.674,-0.038,0.097,0.731,3103,187,168,3189,1927,2533,47,2511,45,1.006,1,2259,0,60.556,2.215,-29.688,-1.750,-52.750,0.238,-0.219,1.043,-0.875,2.035,0.035,0.362,0.040,1.331,1.323,2,NULL,NULL,,3,0,2,7,255,1365,250,0,0
stim,224868,254989,0,254989,3452309.455,-0.674,-0.039,0.096,0.732,3096,212,256,3183,1958,2541,25,2517,45,1.006,1,2259,0,27.974,3.593,-27.938,-1.313,-0.563,0.098,-0.273,0.887,2.289,2.770,-0.371,0.362,0.034,1.331,1.323,2,NULL,NULL,,3,0,2,7,255,1365,250,0,0
stim,224868,254989,0,254989,3452314.453,-0.673,-0.040,0.095,0.732,3107,227,324,3191,1983,2549,17,2518,45,1.006,1,2259,0,22.620,3.593,-15.750,-1.250,16.188,-0.223,0.098,0.934,2.289,2.770,-0.375,0.364,0.030,1.331,1.323,2,NULL,NULL,,3,0,2,7,255,1365,250,0,0
stim,224868,254989,0,254989,3452319.455,-0.674,-0.040,0.095,0.732,3097,227,345,3177,1999,2554,0,2517,45,1.006,1,2259,0,13.161,0.703,-9.125,-0.938,-9.438,-0.324,0.199,1.020,-0.465,-0.527,-0.375,0.364,0.026,1.331,1.323,2,NULL,NULL,,3,0,2,7,255,1365,250,0,0
stim,224868,254989,0,254989,3452324.454,-0.674,-0.040,0.095,0.731,3100,221,420,3181,2024,2567,0,2524,45,1.006,1,2259,0,28.634,0.703,-10.063,-1.750,-26.750,-0.148,0.051,1.047,-0.465,-0.527,0.555,0.364,0.022,1.331,1.323,2,NULL,NULL,,3,0,2,7,255,1365,250,0,0
stim,224890,255011,0,255011,3452329.455,-0.675,-0.040,0.094,0.731,3103,225,442,3187,2043,2567,0,2533,45,1.060,1,2259,1,18.305,0.451,-10.375,-1.563,-15.000,-0.039,-0.012,1.004,-0.070,0.445,0.555,0.000,0.000,1.303,1.383,2,NULL,NULL,,3,0,2,7,255,1365,250,0,0
stim,224890,255011,0,255011,3452334.454,-0.675,-0.041,0.094,0.731,3095,227,475,3179,2060,2567,0,2532,45,1.060,1,2259,1,9.924,0.776,-9.563,-1.938,1.813,-0.109,0.016,1.004,0.215,0.746,0.035,0.004,0.004,1.303,1.383,2,NULL,NULL,,3,0,2,7,255,1365,250,0,0
stim,224890,255011,0,255011,3452339.455,-0.675,-0.041,0.093,0.731,3097,233,472,3235,2079,2555,0,2533,45,1.060,1,2259,1,9.178,0.776,-8.938,-1.625,1.313,-0.203,0.027,1.008,0.215,0.746,0.035,0.008,0.006,1.303,1.383,2,NULL,NULL,,3,0,2,7,255,1365,250,0,0
stim,224890,255011,0,255011,3452344.454,-0.675,-0.041,0.093,0.731,3099,221,523,3183,2101,2569,0,2547,45,1.060,1,2259,1,11.066,0.178,-8.188,-1.938,-7.188,-0.195,0.027,0.988,0.148,-0.098,0.051,0.012,0.008,1.303,1.383,2,NULL,NULL,,3,0,2,7,255,1365,250,0,0
stim,224922,255043,0,255043,3452349.455,-0.675,-0.041,0.093,0.731,3100,227,563,3181,2117,2571,0,2547,45,1.060,1,2259,1,10.445,0.178,-6.125,-1.875,-8.250,-0.129,-0.012,0.973,0.148,-0.098,0.051,0.014,0.010,1.303,1.383,2,NULL,NULL,,3,0,2,7,255,1365,250,0,0
stim,224922,255043,0,255043,3452354.454,-0.675,-0.041,0.092,0.731,3099,220,591,3172,2123,2515,0,2543,45,1.060,1,2259,1,5.867,0.608,-5.063,-2.813,-0.938,-0.141,-0.023,0.977,0.438,0.422,-0.184,0.016,0.010,1.303,1.383,2,NULL,NULL,,3,0,2,7,255,1365,250,0,0
stim,224922,255043,0,255043,3452359.455,-0.675,-0.041,0.092,0.731,3093,219,621,3173,2139,2577,0,2547,45,1.060,1,2259,1,6.415,0.608,-4.625,-3.938,2.063,-0.184,0.000,0.980,0.438,0.422,-0.184,0.018,0.010,1.303,1.383,2,NULL,NULL,,3,0,2,7,255,1365,250,0,0
stim,224922,255043,0,255043,3452364.453,-0.675,-0.041,0.092,0.731,3087,221,635,3164,2157,2581,0,2553,45,1.060,1,2259,1,5.764,0.391,-3.625,-4.438,-0.625,-0.195,0.016,0.977,0.391,0.004,-0.059,0.018,0.012,1.303,1.383,2,NULL,NULL,,3,0,2,7,255,1365,250,0,0
stim,224922,255043,0,255043,3452369.455,-0.675,-0.041,0.091,0.731,3091,217,638,3191,2157,2569,0,2553,45,1.060,1,2259,1,6.148,0.234,-1.625,-4.875,-3.375,-0.164,0.020,0.984,0.234,0.004,-0.055,0.020,0.012,1.303,1.383,2,NULL,NULL,,3,0,2,7,255,1365,250,0,0
stim,224922,255043,0,255043,3452374.454,-0.675,-0.041,0.091,0.731,3079,216,652,3159,2171,2577,0,2568,45,1.060,1,2259,1,5.884,0.251,-0.625,-5.563,-1.813,-0.156,0.020,0.988,0.180,0.176,-0.027,0.020,0.012,1.303,1.383,2,NULL,NULL,,3,0,2,7,255,1365,250,0,0
stim,224971,255092,0,255092,3452379.455,-0.676,-0.041,0.091,0.731,3080,217,674,3153,2190,2585,0,2577,45,1.060,1,2259,1,6.271,0.240,-0.750,-6.188,-0.688,-0.184,0.035,0.984,0.164,0.176,-0.020,0.022,0.014,1.303,1.383,2,NULL,NULL,,3,0,2,7,255,1365,250,0,0
stim,224971,255092,0,255092,3452384.454,-0.676,-0.041,0.091,0.730,3064,211,681,3134,2201,2521,0,2573,45,1.060,1,2259,1,7.801,0.080,-0.063,-7.063,-3.313,-0.211,0.035,0.977,0.055,-0.059,-0.008,0.022,0.012,1.303,1.383,2,NULL,NULL,,3,0,2,7,255,1365,250,0,0
stim,224971,255092,0,255092,3452389.455,-0.676,-0.040,0.091,0.730,3063,207,697,3138,2212,2583,0,2591,45,1.060,1,2259,1,11.376,0.244,1.188,-8.063,-7.938,-0.203,0.027,0.980,0.055,-0.238,0.008,0.022,0.012,1.303,1.383,2,NULL,NULL,,3,0,2,7,255,1365,250,0,0
stim,224971,255092,0,255092,3452394.453,-0.676,-0.040,0.090,0.730,3055,201,703,3117,2231,2591,0,2589,45,1.060,1,2259,1,13.298,0.273,2.000,-8.750,-9.813,-0.172,0.020,0.980,0.133,-0.238,-0.008,0.022,0.012,1.303,1.383,2,NULL,NULL,,3,0,2,7,255,1365,250,0,0
stim,224971,255092,0,255092,3452399.455,-0.677,-0.040,0.090,0.730,3047,191,725,3101,2232,2591,0,2603,45,1.060,1,2259,1,12.228,0.173,2.063,-9.125,-7.875,-0.160,0.020,0.984,0.164,0.055,-0.055,0.022,0.012,1.303,1.383,2,NULL,NULL,,3,0,2,7,255,1365,250,0,0
stim,224971,255092,0,255092,3452404.454,-0.677,-0.040,0.090,0.730,3029,187,733,3095,2259,2595,0,2607,45,1.060,1,2259,1,12.375,0.173,2.313,-10.313,-6.438,-0.184,0.027,0.977,0.164,0.055,-0.063,0.020,0.012,1.303,1.383,2,NULL,NULL,,3,0,2,7,255,1365,250,0,0
stim,224971,255092,0,255092,3452409.455,-0.677,-0.040,0.087,0.729,3016,180,748,3067,2263,2588,0,2613,45,1.060,1,2259,1,14.624,0.126,4.000,-11.438,-8.188,-0.184,0.039,0.973,0.102,-0.074,-0.090,0.018,0.012,1.303,1.383,2,NULL,NULL,,3,0,2,7,255,1365,250,0,0
stim,224971,255092,0,255092,3452414.453,-0.678,-0.040,0.087,0.729,3005,179,777,3051,2281,2579,0,2621,45,1.060,1,2259,1,16.528,0.092,6.063,-12.375,-9.125,-0.168,0.063,0.984,-0.055,-0.074,-0.090,0.018,0.012,1.303,1.383,2,NULL,NULL,,3,0,2,7,255,1365,250,0,0
stim,224971,255092,0,255092,3452419.455,-0.678,-0.039,0.087,0.729,2990,183,821,3037,2307,2590,0,2638,45,1.060,1,2259,1,17.354,0.274,6.875,-13.063,-9.125,-0.145,0.113,1.008,-0.273,0.020,0.000,0.016,0.012,1.303,1.383,2,NULL,NULL,,3,0,2,7,255,1365,250,0,0
stim,224971,255092,0,255092,3452424.454,-0.678,-0.038,0.087,0.729,2983,185,845,3029,2327,2595,0,2647,45,1.060,1,2259,1,16.824,0.808,6.688,-13.563,-7.375,-0.133,0.160,1.027,-0.773,0.234,0.207,0.016,0.012,1.303,1.383,2,NULL,NULL,,3,0,2,7,255,1365,250,0,0
stim,225004,255125,0,255125,3452429.455,-0.679,-0.038,0.087,0.728,2964,183,888,3047,2349,2589,0,2659,45,1.060,1,2259,1,15.682,1.249,4.813,-14.063,-5.000,-0.152,0.184,1.035,-1.227,0.234,0.371,0.018,0.012,1.303,1.383,2,NULL,NULL,,3,0,2,7,255,1365,250,0,0
stim,225004,255125,0,255125,3452434.454,-0.679,-0.037,0.086,0.728,2943,185,939,2994,2379,2597,0,2677,45,1.060,1,2259,1,15.430,1.469,2.000,-14.438,-5.063,-0.180,0.215,1.039,-1.461,0.156,0.508,0.022,0.012,1.303,1.383,2,NULL,NULL,,3,0,2,7,255,1365,250,0,0
stim,225004,255125,0,255125,3452439.455,-0.679,-0.036,0.086,0.728,2927,192,997,2971,2411,2605,0,2681,45,1.060,1,2259,1,17.055,1.719,-0.063,-14.750,-8.563,-0.184,0.230,1.031,-1.711,-0.164,0.547,0.026,0.012,1.303,1.383,2,NULL,NULL,,3,0,2,7,255,1365,250,0,0
stim,225004,255125,0,255125,3452444.453,-0.679,-0.036,0.086,0.728,2919,197,1084,2951,2420,2541,13,2687,45,1.060,1,2259,1,19.275,1.738,-0.813,-15.063,-12.000,-0.156,0.215,1.020,-1.730,-0.164,0.547,0.032,0.014,1.303,1.383,2,NULL,NULL,,3,0,2,7,255,1365,250,0,0
stim,225004,255125,0,255125,3452449.455,-0.680,-0.035,0.085,0.728,2893,207,1143,2934,2453,2611,43,2700,45,1.060,1,2259,1,18.838,1.731,-2.250,-14.750,-11.500,-0.121,0.176,1.023,-1.730,0.035,0.395,0.038,0.018,1.303,1.383,2,NULL,NULL,,3,0,2,7,255,1365,250,0,0
stim,225004,255125,0,255125,3452454.453,-0.680,-0.035,0.085,0.727,2876,217,1210,2929,2475,2605,67,2715,45,1.060,1,2259,1,18.344,1.418,-5.125,-14.000,-10.688,-0.113,0.121,1.008,-1.371,0.363,0.355,0.046,0.024,1.303,1.383,2,NULL,NULL,,3,0,2,7,255,1365,250,0,0
stim,225027,255148,0,255148,3452459.457,-0.681,-0.035,0.084,0.727,2848,228,1267,2914,2493,2607,101,2716,45,1.060,1,2259,1,18.102,0.970,-6.250,-13.000,-10.938,-0.109,0.063,0.984,-0.863,0.441,0.156,0.052,0.030,1.303,1.383,2,NULL,NULL,,3,0,2,7,255,1365,250,0,0
stim,225027,255148,0,255148,3452464.454,-0.681,-0.034,0.083,0.727,2829,248,1315,2895,2531,2615,112,2729,45,1.060,1,2259,1,17.096,0.534,-5.813,-12.438,-10.188,-0.117,0.008,0.957,-0.301,0.441,-0.105,0.060,0.036,1.303,1.383,2,NULL,NULL,,3,0,2,7,255,1365,250,0,0
stim,225027,255148,0,255148,3452469.455,-0.681,-0.034,0.083,0.727,2813,251,1382,2885,2543,2627,173,2741,45,1.060,1,2259,1,15.911,0.446,-3.125,-12.375,-9.500,-0.137,-0.020,0.941,0.223,0.387,-0.398,0.066,0.040,1.303,1.383,2,NULL,NULL,,3,0,2,7,255,1365,250,0,0
stim,225027,255148,0,255148,3452474.454,-0.682,-0.034,0.082,0.726,2791,251,1469,2871,2565,2607,229,2747,45,1.060,1,2259,1,16.301,0.514,-0.563,-12.813,-10.063,-0.152,-0.020,0.949,0.488,0.160,-0.402,0.070,0.044,1.303,1.383,2,NULL,NULL,,3,0,2,7,255,1365,250,0,0
stim,225075,255196,0,255196,3452479.455,-0.682,-0.033,0.082,0.726,2777,259,1529,2847,2583,2620,299,2767,45,1.060,1,2259,1,17.283,0.489,0.938,-13.500,-10.750,-0.160,-0.012,0.965,0.488,0.027,-0.402,0.072,0.046,1.303,1.383,2,NULL,NULL,,3,0,2,7,255,1365,250,0,0
stim,225075,255196,0,255196,3452484.454,-0.682,-0.033,0.081,0.726,2740,260,1598,2825,2615,2627,349,2773,45,1.060,1,2259,1,17.793,0.447,0.000,-14.500,-10.313,-0.168,-0.004,0.980,0.445,-0.039,-0.246,0.072,0.046,1.303,1.383,2,NULL,NULL,,3,0,2,7,255,1365,250,0,0
stim,225075,255196,0,255196,3452489.455,-0.683,-0.033,0.081,0.725,2717,249,1653,2812,2632,2619,415,2783,45,1.060,1,2259,1,18.903,0.374,-1.500,-15.563,-10.625,-0.172,0.023,0.984,0.352,-0.129,-0.078,0.072,0.044,1.303,1.383,2,NULL,NULL,,3,0,2,7,255,1365,250,0,0
stim,225075,255196,0,255196,3452494.454,-0.683,-0.032,0.080,0.725,2691,249,1733,2789,2647,2629,504,2804,45,1.060,1,2259,1,20.252,0.189,-2.813,-16.688,-11.125,-0.168,0.066,0.988,0.094,-0.164,-0.027,0.070,0.042,1.303,1.383,2,NULL,NULL,,3,0,2,7,255,1365,250,0,0
stim,225075,255196,0,255196,3452499.455,-0.683,-0.032,0.080,0.725,2651,263,1804,2763,2675,2631,597,2811,45,1.060,1,2259,1,21.673,0.385,-4.688,-18.000,-11.125,-0.184,0.086,0.996,-0.332,-0.195,0.035,0.068,0.040,1.303,1.383,2,NULL,NULL,,3,0,2,7,255,1365,250,0,0
stim,225075,255196,0,255196,3452504.453,-0.684,-0.031,0.079,0.724,2629,265,1853,2747,2683,2633,696,2815,45,1.060,1,2259,1,25.633,0.535,-6.813,-17.875,-17.063,-0.172,0.094,1.012,-0.492,-0.211,0.148,0.064,0.038,1.303,1.383,2,NULL,NULL,,3,0,2,7,255,1365,250,0,0
stim,225075,255196,0,255196,3452509.455,-0.685,-0.031,0.078,0.724,2583,269,1897,2727,2712,2630,823,2837,45,1.060,1,2259,1,29.884,0.535,-10.125,-18.625,-21.063,-0.137,0.063,1.020,-0.492,-0.211,0.273,0.062,0.036,1.303,1.383,2,NULL,NULL,,3,0,2,7,255,1365,250,0,0
stim,225075,255196,0,255196,3452514.454,-0.685,-0.031,0.077,0.723,2537,269,1962,2701,2727,2639,903,2841,45,1.060,1,2259,1,30.946,0.348,-12.875,-17.625,-21.938,-0.086,0.035,1.000,-0.328,0.117,0.273,0.060,0.034,1.303,1.383,2,NULL,NULL,,3,0,2,7,255,1365,250,0,0
stim,225075,255196,0,255196,3452519.455,-0.686,-0.031,0.076,0.723,2493,277,2020,2671,2734,2644,995,2853,45,1.060,1,2259,1,28.485,0.615,-13.688,-17.125,-18.188,-0.078,0.000,0.984,-0.109,0.605,0.004,0.060,0.034,1.303,1.383,2,NULL,NULL,,3,0,2,7,255,1365,250,0,0
stim,225075,255196,0,255196,3452524.454,-0.687,-0.031,0.075,0.723,2463,276,2088,2657,2757,2640,1084,2867,45,1.060,1,2259,1,25.654,0.648,-12.813,-16.625,-14.750,-0.098,-0.008,0.980,0.230,0.605,-0.180,0.060,0.032,1.303,1.383,2,NULL,NULL,,3,0,2,7,255,1365,250,0,0
stim,225093,255214,0,255214,3452529.455,-0.687,-0.031,0.074,0.722,2431,280,2143,2631,2765,2647,1163,2860,45,1.060,1,2259,1,24.539,0.512,-11.750,-16.688,-13.625,-0.121,0.035,0.996,0.230,0.457,-0.180,0.060,0.030,1.303,1.383,2,NULL,NULL,,3,0,2,7,255,1365,250,0,0
stim,225093,255214,0,255214,3452534.453,-0.688,-0.030,0.073,0.722,2387,294,2195,2601,2773,2580,1273,2873,45,1.060,1,2259,1,25.305,0.210,-10.875,-16.063,-16.250,-0.125,0.078,1.004,-0.102,0.184,0.012,0.060,0.028,1.303,1.383,2,NULL,NULL,,3,0,2,7,255,1365,250,0,0
stim,225093,255214,0,255214,3452539.455,-0.688,-0.030,0.072,0.721,2327,301,2249,2581,2788,2646,1371,2887,45,1.060,1,2259,1,26.141,0.569,-10.563,-15.813,-17.938,-0.109,0.078,1.012,-0.539,0.184,0.105,0.060,0.026,1.303,1.383,2,NULL,NULL,,3,0,2,7,255,1365,250,0,0
stim,225093,255214,0,255214,3452544.454,-0.689,-0.030,0.071,0.721,2281,298,2287,2535,2807,2653,1479,2891,45,1.060,1,2259,1,26.106,0.615,-12.000,-15.063,-17.625,-0.094,0.051,1.020,-0.539,0.297,0.184,0.060,0.026,1.303,1.383,2,NULL,NULL,,3,0,2,7,255,1365,250,0,0
stim,225122,255243,0,255243,3452549.455,-0.689,-0.030,0.070,0.721,2200,301,2317,2523,2810,2637,1557,2899,45,1.060,1,2259,1,25.194,0.469,-14.063,-14.875,-14.688,-0.102,0.004,1.008,-0.297,0.363,0.184,0.062,0.026,1.303,1.383,2,NULL,NULL,,3,0,2,7,255,1365,250,0,0
stim,225122,255243,0,255243,3452554.453,-0.690,-0.030,0.069,0.720,2153,309,2366,2472,2829,2650,1638,2909,45,1.060,1,2259,1,25.308,0.388,-15.000,-14.875,-13.938,-0.129,-0.004,1.000,0.137,0.363,0.121,0.062,0.026,1.303,1.383,2,NULL,NULL,,3,0,2,7,255,1365,250,0,0
stim,225122,255243,0,255243,3452559.458,-0.690,-0.030,0.068,0.720,2087,305,2407,2419,2851,2651,1705,2915,45,1.060,1,2259,1,26.964,0.150,-15.375,-15.188,-16.125,-0.152,0.008,1.004,0.137,0.063,0.121,0.066,0.026,1.303,1.383,2,NULL,NULL,,3,0,2,7,255,1365,250,0,0
stim,225122,255243,0,255243,3452564.453,-0.691,-0.030,0.067,0.719,2007,300,2431,2363,2843,2600,1788,2915,45,1.060,1,2259,1,30.154,0.206,-16.375,-16.000,-19.625,-0.156,0.023,1.027,0.102,-0.180,0.141,0.068,0.026,1.303,1.383,2,NULL,NULL,,3,0,2,7,255,1365,250,0,0
stim,225122,255243,0,255243,3452569.455,-0.692,-0.030,0.066,0.719,1943,295,2473,2313,2857,2660,1845,2923,45,1.060,1,2259,1,36.534,0.193,-21.500,-16.313,-24.625,-0.145,0.031,1.055,-0.070,-0.180,0.379,0.070,0.028,1.303,1.383,2,NULL,NULL,,3,0,2,7,255,1365,250,0,0
stim,225122,255243,0,255243,3452574.454,-0.692,-0.031,0.065,0.718,1867,292,2501,2245,2863,2655,1907,2924,45,1.060,1,2259,1,42.157,0.172,-28.000,-16.563,-26.813,-0.129,0.031,1.043,-0.160,-0.063,0.492,0.070,0.030,1.303,1.383,2,NULL,NULL,,3,0,2,7,255,1365,250,0,0
stim,225168,255289,0,255289,3452579.455,-0.693,-0.031,0.063,0.717,1741,277,2523,2198,2869,2647,1975,2926,45,1.060,1,2259,1,44.125,0.222,-30.938,-16.563,-26.750,-0.102,0.031,1.008,-0.211,0.070,0.492,0.072,0.030,1.303,1.383,2,NULL,NULL,,3,0,2,7,255,1365,250,0,0
stim,225168,255289,0,255289,3452584.453,-0.694,-0.031,0.062,0.717,1647,265,2544,2085,2891,2649,2055,2943,45,1.060,1,2259,1,41.189,0.355,-28.813,-16.313,-24.500,-0.094,0.012,0.977,-0.211,0.285,0.121,0.074,0.030,1.303,1.383,2,NULL,NULL,,3,0,2,7,255,1365,250,0,0
stim,225168,255289,0,255289,3452589.455,-0.695,-0.032,0.060,0.716,1525,255,2573,1989,2899,2647,2103,2940,45,1.060,1,2259,1,35.312,0.293,-23.125,-16.625,-20.875,-0.102,-0.004,0.965,-0.066,0.285,-0.211,0.074,0.032,1.303,1.383,2,NULL,NULL,,3,0,2,7,255,1365,250,0,0
stim,225168,255289,0,255289,3452594.454,-0.695,-0.032,0.059,0.716,1373,248,2597,1899,2903,2651,2147,2949,45,1.060,1,2259,1,32.968,0.211,-19.625,-16.625,-20.625,-0.129,-0.020,1.000,0.059,0.203,-0.211,0.076,0.032,1.303,1.383,2,NULL,NULL,,3,0,2,7,255,1365,250,0,0
stim,225168,255289,0,255289,3452599.455,-0.696,-0.032,0.058,0.715,1292,239,2611,1780,2909,2651,2189,2943,45,1.060,1,2259,1,35.513,0.070,-19.813,-16.750,-24.250,-0.129,-0.004,1.020,0.059,-0.039,0.078,0.078,0.032,1.303,1.383,2,NULL,NULL,,3,0,2,7,255,1365,250,0,0
stim,225168,255289,0,255289,3452604.453,-0.697,-0.032,0.057,0.714,1163,237,2636,1670,2917,2639,2233,2951,45,1.060,1,2259,1,38.417,0.055,-21.313,-16.500,-27.375,-0.105,0.016,1.016,0.039,-0.039,0.203,0.078,0.032,1.303,1.383,2,NULL,NULL,,3,0,2,7,255,1365,250,0,0
stim,225168,255289,0,255289,3452609.455,-0.698,-0.032,0.055,0.713,1043,225,2653,1553,2923,2635,2277,2955,45,1.060,1,2259,1,39.204,0.216,-22.563,-16.688,-27.375,-0.109,0.012,1.031,-0.176,0.125,0.258,0.078,0.032,1.303,1.383,2,NULL,NULL,,3,0,2,7,255,1365,250,0,0
stim,225168,255289,0,255289,3452614.453,-0.699,-0.033,0.054,0.713,887,187,2675,1381,2935,2629,2303,2969,45,1.060,1,2259,1,41.462,0.225,-26.063,-17.438,-27.125,-0.121,0.016,1.039,-0.188,0.125,0.367,0.080,0.032,1.303,1.383,2,NULL,NULL,,3,0,2,7,255,1365,250,0,0
stim,225192,255313,0,255313,3452619.455,-0.699,-0.033,0.053,0.712,745,175,2687,1229,2939,2616,2336,2975,45,1.060,1,2259,1,43.877,0.231,-27.563,-17.500,-29.313,-0.117,0.031,1.020,-0.230,0.012,0.367,0.080,0.032,1.303,1.383,2,NULL,NULL,,3,0,2,7,255,1365,250,0,0
stim,225192,255313,0,255313,3452624.454,-0.700,-0.033,0.051,0.711,601,137,2703,1069,2961,2613,2386,2969,45,1.060,1,2259,1,42.137,0.418,-24.188,-18.500,-29.125,-0.113,0.047,0.996,-0.418,0.000,0.230,0.080,0.032,1.303,1.383,2,NULL,NULL,,3,0,2,7,255,1365,250,0,0
stim,225192,255313,0,255313,3452629.455,-0.701,-0.033,0.050,0.710,459,94,2728,923,2959,2615,2412,2979,45,1.060,1,2259,1,41.290,0.559,-20.500,-19.125,-30.313,-0.102,0.043,1.012,-0.559,0.000,0.141,0.080,0.032,1.303,1.383,2,NULL,NULL,,3,0,2,7,255,1365,250,0,0
stim,225192,255313,0,255313,3452634.453,-0.702,-0.033,0.049,0.710,363,82,2745,765,2971,2607,2449,2969,45,1.060,1,2259,1,41.769,0.570,-20.500,-19.563,-30.688,-0.102,0.016,1.047,-0.559,0.113,0.141,0.082,0.032,1.303,1.383,2,NULL,NULL,,3,0,2,7,255,1365,250,0,0
stim,225192,255313,0,255313,3452639.455,-0.703,-0.033,0.047,0.709,225,55,2761,623,2968,2585,2477,2975,45,1.060,1,2259,1,43.916,0.347,-24.438,-20.313,-30.313,-0.109,-0.012,1.047,-0.328,0.113,0.480,0.082,0.032,1.303,1.383,2,NULL,NULL,,3,0,2,7,255,1365,250,0,0
stim,225192,255313,0,255313,3452644.454,-0.704,-0.033,0.046,0.708,142,16,2777,427,2984,2583,2509,2984,45,1.060,1,2259,1,46.511,0.105,-27.188,-20.875,-31.438,-0.113,-0.012,1.020,-0.098,0.039,0.480,0.084,0.034,1.303,1.383,2,NULL,NULL,,3,0,2,7,255,1365,250,0,0
stim,225215,255336,0,255336,3452649.455,-0.705,-0.033,0.044,0.707,73,0,2783,271,2984,2569,2526,2989,45,1.060,1,2259,1,45.186,0.112,-22.688,-22.250,-32.125,-0.117,-0.004,0.996,-0.098,-0.055,0.238,0.084,0.034,1.303,1.383,2,NULL,NULL,,3,0,2,7,255,1365,250,0,0
stim,225215,255336,0,255336,3452654.453,-0.706,-0.033,0.043,0.706,33,0,2795,140,2987,2505,2551,2984,45,1.060,1,2259,1,44.656,0.229,-18.375,-24.250,-32.688,-0.102,0.012,1.000,-0.223,-0.055,0.035,0.086,0.034,1.303,1.383,2,NULL,NULL,,3,0,2,7,255,1365,250,0,0
stim,225215,255336,0,255336,3452659.457,-0.707,-0.033,0.041,0.705,16,0,2803,107,3001,2539,2589,2985,45,1.060,1,2259,1,46.313,0.340,-16.563,-26.000,-34.563,-0.082,0.008,1.004,-0.340,0.008,0.035,0.088,0.036,1.303,1.383,2,NULL,NULL,,3,0,2,7,255,1365,250,0,0
stim,225215,255336,0,255336,3452664.453,-0.708,-0.032,0.040,0.704,0,0,2823,77,3001,2521,2605,2998,45,1.060,1,2259,1,44.272,0.419,-10.813,-29.438,-31.250,-0.070,0.031,1.023,-0.375,0.188,0.070,0.092,0.038,1.303,1.383,2,NULL,NULL,,3,0,2,7,255,1365,250,0,0
stim,225236,255357,0,255357,3452669.455,-0.709,-0.032,0.039,0.703,0,0,2827,18,3005,2489,2621,2995,45,1.060,1,2259,0,45.610,0.472,-9.375,-31.625,-31.500,-0.121,0.012,1.047,-0.434,0.188,0.238,0.092,0.040,1.303,1.383,3,NULL,NULL,,3,0,2,7,255,1365,250,0,0
stim,225236,255357,0,255357,3452674.454,-0.710,-0.031,0.038,0.703,0,0,2841,0,3027,2477,2653,3001,45,1.060,1,2259,0,44.133,0.482,0.813,-36.188,-25.250,-0.242,-0.055,1.117,-0.434,-0.211,0.504,0.090,0.044,1.303,1.383,3,NULL,NULL,,3,0,2,7,255,1365,250,0,0
stim,225272,255393,0,255393,3452679.455,-0.711,-0.030,0.037,0.702,0,0,2846,0,3020,2451,2672,2998,45,1.060,1,2259,0,53.979,1.385,0.625,-40.875,-35.250,-0.262,-0.074,1.172,0.199,-1.371,1.328,0.088,0.048,1.303,1.383,3,NULL,NULL,,3,0,2,7,255,1365,250,0,0
stim,225272,255393,0,255393,3452684.453,-0.712,-0.028,0.035,0.700,0,0,2845,0,3026,2406,2693,3001,45,1.060,1,2259,0,63.951,1.416,-2.813,-43.813,-46.500,-0.219,-0.086,1.176,0.355,-1.371,1.867,0.088,0.052,1.303,1.383,3,NULL,NULL,,3,0,2,7,255,1365,250,0,0
stim,225272,255393,0,255393,3452689.455,-0.714,-0.027,0.034,0.699,0,0,2853,0,3033,2412,2711,3003,45,1.060,1,2259,0,62.750,1.198,3.000,-49.750,-38.125,-0.145,-0.035,1.191,0.355,-1.145,1.867,0.088,0.056,1.303,1.383,3,NULL,NULL,,3,0,2,7,255,1365,250,0,0
stim,225272,255393,0,255393,3452694.454,-0.714,-0.024,0.033,0.699,0,0,2861,0,3039,2391,2731,3006,45,1.060,1,2259,0,62.520,0.547,22.688,-54.438,-20.750,-0.160,0.063,1.320,-0.012,-0.547,1.953,0.090,0.060,1.303,1.383,3,NULL,NULL,,3,0,2,7,255,1365,250,0,0
stim,225272,255393,0,255393,3452699.455,-0.714,-0.022,0.031,0.699,0,0,2857,0,3039,2363,2747,3013,45,1.060,1,2259,0,61.085,1.067,5.063,-60.875,0.125,-0.078,0.164,1.336,-0.961,-0.465,3.203,0.092,0.066,1.303,1.383,3,NULL,NULL,,3,0,2,7,255,1365,250,0,0
stim,225272,255393,0,255393,3452704.454,-0.714,-0.021,0.028,0.699,0,0,2861,0,3049,2328,2775,3015,45,1.060,1,2259,0,65.578,0.964,-29.063,-58.750,-2.063,-0.086,0.047,1.168,-0.961,-0.074,3.203,0.094,0.070,1.303,1.383,3,NULL,NULL,,3,0,2,7,255,1365,250,0,0
stim,225272,255393,1,255393,3452709.455,-0.714,-0.020,0.026,0.699,0,0,2856,0,3049,2279,2787,3007,45,1.060,1,2259,0,68.169,0.789,-25.000,-62.813,8.750,-0.133,-0.082,1.012,-0.785,-0.074,1.668,0.094,0.076,1.303,1.383,3,NULL,NULL,,3,1,2,7,255,1365,250,0,0
stim,225272,255393,1,255393,3452714.453,-0.714,-0.019,0.023,0.700,0,0,2856,0,3049,2193,2797,3007,45,1.060,1,2259,0,69.782,0.870,-1.813,-68.000,15.563,-0.188,-0.113,0.996,0.473,-0.730,0.188,0.092,0.080,1.303,1.383,3,NULL,NULL,,3,1,2,7,255,1365,250,0,0
stim,225290,255411,1,255411,3452719.455,-0.713,-0.016,0.022,0.700,0,0,2855,0,3053,2187,2814,3007,45,1.060,1,2259,0,72.684,1.444,9.500,-71.750,6.688,-0.207,-0.098,1.059,0.594,-1.316,0.188,0.092,0.084,1.303,1.383,3,NULL,NULL,,3,1,2,7,255,1365,250,0,0
stim,225290,255411,1,255411,3452724.454,-0.714,-0.014,0.020,0.700,0,0,2846,0,3059,2131,2827,3012,45,1.060,1,2259,0,75.628,1.483,12.563,-74.563,-1.500,-0.188,-0.063,1.137,0.594,-1.359,0.664,0.090,0.090,1.303,1.383,3,NULL,NULL,,3,1,2,7,255,1365,250,0,0
stim,225290,255411,1,255411,3452729.455,-0.714,-0.011,0.018,0.700,0,0,2843,0,3061,2058,2839,3005,45,1.060,1,2259,0,78.652,1.379,10.875,-77.813,-3.625,-0.129,-0.035,1.164,0.230,-1.359,1.406,0.088,0.092,1.303,1.383,3,NULL,NULL,,3,1,2,7,255,1365,250,0,0
stim,225290,255411,1,255411,3452734.453,-0.714,-0.008,0.015,0.700,0,0,2829,0,3061,1967,2854,3003,45,1.060,1,2259,0,80.722,0.859,7.313,-80.375,1.563,-0.098,-0.020,1.156,-0.012,-0.859,1.531,0.088,0.098,1.303,1.383,3,NULL,NULL,,3,1,2,7,255,1365,250,0,0
stim,225290,255411,1,255411,3452739.455,-0.713,-0.006,0.013,0.701,0,0,2825,0,3067,1873,2859,3005,45,1.060,1,2259,0,84.074,0.858,4.438,-83.563,8.125,-0.113,-0.008,1.152,-0.156,-0.844,1.531,0.088,0.104,1.303,1.383,3,NULL,NULL,,3,1,2,7,255,1365,250,0,0
stim,225290,255411,1,255411,3452744.453,-0.713,-0.003,0.010,0.701,0,0,2812,0,3069,1754,2871,3004,45,1.060,1,2259,0,87.103,0.863,2.188,-86.563,9.438,-0.133,-0.016,1.133,-0.184,-0.844,1.508,0.088,0.108,1.303,1.383,3,NULL,NULL,,3,1,2,7,255,1365,250,0,0
stim,225314,255436,1,255436,3452749.455,-0.713,-0.000,0.008,0.702,0,0,2803,0,3079,1700,2885,3001,45,1.060,1,2259,0,89.828,1.051,1.500,-89.250,10.063,-0.113,-0.043,1.090,-0.184,-1.035,1.316,0.090,0.114,1.303,1.383,3,NULL,NULL,,3,1,2,7,255,1365,250,0,0
stim,225314,255436,1,255436,3452754.454,-0.712,0.003,0.005,0.702,0,0,2789,0,3080,1560,2893,2999,45,1.060,1,2259,0,94.553,1.137,3.750,-93.500,13.563,-0.129,-0.051,1.105,0.098,-1.133,1.031,0.090,0.118,1.303,1.383,3,NULL,NULL,,3,1,2,7,255,1365,250,0,0
stim,225314,255436,1,255436,3452759.457,-0.712,0.005,0.002,0.702,0,0,2772,0,3082,1404,2904,2995,45,1.060,1,2259,0,97.480,1.282,4.188,-96.875,10.000,-0.145,-0.059,1.098,0.176,-1.270,0.957,0.092,0.124,1.303,1.383,3,NULL,NULL,,3,1,2,7,255,1365,250,0,0
stim,225314,255436,1,255436,3452764.453,-0.712,0.008,-0.001,0.703,0,0,2757,0,3087,1269,2915,2995,45,1.060,1,2259,0,100.134,1.290,3.125,-100.000,4.125,-0.090,-0.066,1.098,0.230,-1.270,0.957,0.096,0.130,1.303,1.383,3,NULL,NULL,,3,1,2,7,255,1365,250,0,0
stim,225333,255454,1,255454,3452769.455,-0.711,0.012,-0.004,0.703,0,0,2735,0,3083,1078,2922,2989,45,1.060,1,2259,0,101.290,1.121,1.375,-101.250,2.500,-0.047,-0.074,1.043,0.332,-1.070,0.945,0.098,0.136,1.303,1.383,3,NULL,NULL,,3,1,2,7,255,1365,250,0,0
stim,225333,255454,1,255454,3452774.454,-0.711,0.015,-0.007,0.703,0,0,2715,0,3092,911,2931,2983,45,1.060,1,2259,0,105.121,0.987,7.438,-104.813,3.063,-0.059,-0.055,1.027,0.332,-0.930,0.391,0.102,0.142,1.303,1.383,3,NULL,NULL,,3,1,2,7,255,1365,250,0,0
stim,225333,255454,1,255454,3452779.455,-0.711,0.019,-0.009,0.703,0,0,2687,0,3093,742,2939,2979,45,1.060,1,2259,0,109.757,0.964,15.938,-108.500,4.500,-0.051,0.012,1.090,0.254,-0.930,0.391,0.106,0.148,1.303,1.383,3,NULL,NULL,,3,1,2,7,255,1365,250,0,0
stim,225333,255454,1,255454,3452784.454,-0.711,0.023,-0.012,0.703,0,0,2651,0,3096,584,2951,2971,45,1.060,1,2259,0,111.964,1.018,16.000,-110.813,0.750,-0.031,0.055,1.121,-0.414,-0.930,0.848,0.110,0.156,1.303,1.383,3,NULL,NULL,,3,1,2,7,255,1365,250,0,0
stim,225356,255477,1,255477,3452789.455,-0.710,0.026,-0.015,0.703,0,0,2628,0,3097,485,2955,2966,45,1.060,1,2259,0,114.248,1.186,13.313,-113.375,4.625,0.000,0.125,1.164,-0.805,-0.871,1.125,0.116,0.162,1.303,1.383,3,NULL,NULL,,3,1,2,7,255,1365,250,0,0
stim,225356,255477,1,255477,3452794.453,-0.710,0.030,-0.019,0.703,0,0,2601,0,3099,357,2963,2956,45,1.060,1,2259,0,115.961,1.718,4.438,-115.875,0.563,-0.031,0.141,1.133,-1.480,-0.871,1.215,0.120,0.170,1.303,1.383,3,NULL,NULL,,3,1,2,7,255,1365,250,0,0
stim,225387,255508,1,255508,3452799.455,-0.710,0.034,-0.022,0.703,0,0,2568,0,3099,183,2967,2939,45,1.060,1,2259,0,119.564,1.931,7.625,-119.313,-1.375,-0.008,0.152,1.148,-1.645,-1.012,1.367,0.126,0.176,1.303,1.383,3,NULL,NULL,,3,1,2,7,255,1365,250,0,0
stim,225387,255508,1,255508,3452804.454,-0.710,0.038,-0.025,0.703,0,0,2525,0,3097,101,2971,2927,45,1.060,1,2259,0,124.277,2.039,9.000,-123.938,1.813,0.000,0.152,1.230,-1.719,-1.098,1.367,0.132,0.182,1.303,1.383,3,NULL,NULL,,3,1,2,7,255,1365,250,0,0
stim,225387,255508,1,255508,3452809.455,-0.709,0.042,-0.029,0.703,0,0,2478,0,3099,59,2972,2915,45,1.060,1,2259,0,124.337,2.039,-6.000,-124.188,-1.125,0.012,0.117,1.273,-1.719,-1.098,2.195,0.138,0.190,1.303,1.383,3,NULL,NULL,,3,1,2,7,255,1365,250,0,0
stim,225387,255508,1,255508,3452814.453,-0.709,0.046,-0.033,0.703,0,0,2427,0,3095,5,2973,2891,45,1.060,1,2259,0,130.294,1.923,-6.188,-130.000,6.188,0.000,0.129,1.328,-1.516,-1.184,2.598,0.146,0.198,1.303,1.383,3,NULL,NULL,,3,1,2,7,255,1365,250,0,0
stim,225387,255508,1,255508,3452819.455,-0.708,0.049,-0.037,0.703,0,0,2365,0,3097,0,2975,2863,45,1.060,1,2259,0,136.634,2.045,-9.438,-135.500,14.813,-0.102,0.090,1.449,-1.402,-1.488,3.102,0.154,0.206,1.303,1.383,3,NULL,NULL,,3,1,2,7,255,1365,250,0,0
stim,225387,255508,1,255508,3452824.454,-0.707,0.053,-0.042,0.704,0,0,2296,0,3095,0,2975,2836,45,1.060,1,2259,0,145.274,3.001,-20.313,-143.063,15.000,-0.164,0.090,1.578,-1.211,-2.746,4.145,0.164,0.214,1.303,1.383,3,NULL,NULL,,3,1,2,7,255,1365,250,0,0
stim,225387,255508,1,255508,3452829.455,-0.707,0.057,-0.048,0.704,0,0,2233,0,3089,0,2979,2796,45,1.060,1,2259,0,155.111,3.900,-32.063,-151.375,10.813,-0.258,0.125,1.598,-1.211,-3.707,5.281,0.174,0.226,1.303,1.383,3,NULL,NULL,,3,1,2,7,255,1365,250,0,0
stim,225387,255508,1,255508,3452834.454,-0.706,0.061,-0.054,0.704,0,0,2171,0,3083,0,2973,2761,45,1.060,1,2259,0,166.552,5.024,-34.500,-162.625,10.125,-0.223,0.176,1.633,-1.613,-4.758,5.289,0.188,0.240,1.303,1.383,3,NULL,NULL,,3,1,2,7,255,1365,250,0,0
stim,225387,255508,1,255508,3452839.455,-0.705,0.065,-0.061,0.704,0,0,2091,0,3077,0,2971,2709,45,1.060,1,2259,0,181.229,5.326,-41.438,-175.625,16.813,-0.207,0.238,1.699,-2.180,-4.859,5.578,0.206,0.258,1.303,1.383,3,NULL,NULL,,3,1,2,7,255,1365,250,0,0
stim,225387,255508,1,255508,3452844.453,-0.704,0.069,-0.068,0.704,0,0,1976,0,3063,0,2965,2661,45,1.060,1,2259,0,196.236,5.688,-56.375,-187.188,17.063,-0.281,0.223,1.723,-2.797,-4.953,6.148,0.228,0.280,1.303,1.383,3,NULL,NULL,,3,1,2,7,255,1365,250,0,0
stim,225417,255538,1,255538,3452849.455,-0.703,0.073,-0.077,0.704,0,0,1875,0,3049,17,2955,2600,45,1.060,1,2259,0,212.857,6.616,-68.125,-201.000,16.313,-0.316,0.219,1.656,-2.813,-5.988,6.148,0.252,0.304,1.303,1.383,3,NULL,NULL,,3,1,2,7,255,1365,250,0,0
stim,225417,255538,1,255538,3452854.453,-0.702,0.077,-0.085,0.703,0,0,1800,0,3043,29,2941,2539,45,1.060,1,2259,0,223.667,7.050,-66.375,-213.500,6.250,-0.348,0.215,1.574,-2.813,-6.465,5.348,0.280,0.332,1.303,1.383,3,NULL,NULL,,3,1,2,7,255,1365,250,0,0
stim,225417,255538,1,255538,3452859.455,-0.701,0.082,-0.094,0.702,0,0,1709,0,3027,37,2927,2453,45,1.060,1,2259,0,236.685,7.421,-52.375,-230.813,1.438,-0.340,0.133,1.711,-2.813,-6.867,5.348,0.312,0.364,1.303,1.383,3,NULL,NULL,,3,1,2,7,255,1365,250,0,0
stim,225417,255538,1,255538,3452864.454,-0.700,0.088,-0.103,0.702,0,0,1628,0,3005,42,2907,2361,45,1.060,1,2259,0,253.946,7.768,-58.500,-247.063,5.125,-0.336,0.133,1.883,-2.344,-7.406,5.555,0.344,0.396,1.303,1.383,3,NULL,NULL,,3,1,2,7,255,1365,250,0,0
stim,225417,255538,1,255538,3452869.455,-0.698,0.094,-0.113,0.701,0,0,1553,0,2985,57,2886,2259,45,1.060,1,2259,0,274.175,8.483,-71.125,-264.500,12.375,-0.410,0.184,1.992,-2.344,-8.152,7.008,0.378,0.432,1.303,1.383,3,NULL,NULL,,3,1,2,7,255,1365,250,0,0
stim,225417,255538,1,255538,3452874.454,-0.696,0.100,-0.125,0.700,0,0,1507,0,2963,63,2851,2147,45,1.060,1,2259,0,294.434,10.004,-80.125,-283.000,13.500,-0.520,0.215,2.059,-2.965,-9.555,7.574,0.414,0.468,1.303,1.383,3,NULL,NULL,,3,1,2,7,255,1365,250,0,0
stim,225470,255591,1,255591,3452879.455,-0.695,0.107,-0.136,0.698,0,0,1449,0,2927,69,2799,2041,45,1.060,1,2259,0,308.353,11.569,-76.750,-298.625,-3.750,-0.527,0.152,2.105,-2.992,-11.176,7.574,0.454,0.510,1.303,1.383,3,NULL,NULL,,3,1,2,7,255,1365,250,0,0
stim,225470,255591,1,255591,3452884.453,-0.693,0.115,-0.147,0.696,0,0,1379,0,2893,59,2741,1939,45,1.060,1,2259,0,323.140,12.250,-58.938,-317.188,-18.375,-0.516,0.035,2.277,-2.992,-11.879,7.691,0.496,0.554,1.303,1.383,3,NULL,NULL,,3,1,2,7,255,1365,250,0,0
stim,225470,255591,1,255591,3452889.455,-0.691,0.123,-0.160,0.694,0,0,1309,0,2839,58,2661,1821,45,1.060,1,2259,0,345.595,13.211,-61.875,-339.875,-9.625,-0.531,0.324,2.461,-2.992,-12.867,9.066,0.542,0.602,1.303,1.383,3,NULL,NULL,,3,1,2,7,255,1365,250,0,0
stim,225470,255591,1,255591,3452894.454,-0.689,0.131,-0.173,0.691,0,0,1237,0,2781,47,2557,1707,45,1.060,1,2259,0,366.549,15.118,-82.375,-357.000,-11.125,-0.578,0.609,2.496,-5.125,-14.223,9.406,0.592,0.654,1.303,1.383,3,NULL,NULL,,3,1,2,7,255,1365,250,0,0
stim,225470,255591,1,255591,3452899.455,-0.687,0.140,-0.187,0.688,0,0,1144,0,2719,29,2415,1595,45,1.060,1,2259,0,384.012,17.327,-102.688,-369.500,-19.750,-0.578,0.645,2.410,-8.086,-15.324,9.406,0.648,0.710,1.303,1.383,3,NULL,NULL,,3,1,2,7,255,1365,250,0,0
stim,225470,255591,1,255591,3452904.453,-0.685,0.148,-0.201,0.684,0,0,1070,0,2637,4,2255,1484,45,1.060,1,2259,0,393.758,17.327,-91.625,-381.375,-34.688,-0.508,0.379,2.230,-8.086,-15.324,8.063,0.712,0.778,1.303,1.383,3,NULL,NULL,,3,1,2,7,255,1365,250,0,0
stim,225470,255591,1,255591,3452909.457,-0.683,0.158,-0.215,0.680,0,0,885,0,2523,0,2038,1327,45,1.060,1,2259,0,404.112,15.997,-77.875,-395.188,-32.688,-0.352,0.156,2.395,-5.973,-14.840,8.063,0.784,0.850,1.303,1.383,3,NULL,NULL,,3,1,2,7,255,1365,250,0,0
stim,225470,255591,1,255591,3452914.453,-0.679,0.168,-0.229,0.677,0,0,719,0,2409,0,1775,1161,45,1.060,1,2259,0,412.768,15.404,-76.313,-405.500,-11.125,-0.301,0.039,2.348,-4.129,-14.840,7.797,0.862,0.928,1.303,1.383,3,NULL,NULL,,3,1,2,7,255,1365,250,0,0
stim,225470,255591,1,255591,3452919.455,-0.675,0.178,-0.244,0.673,0,0,565,0,2247,0,1479,1034,45,1.060,1,2259,0,428.398,15.168,-82.063,-420.438,4.813,-0.273,-0.047,2.285,-3.063,-14.855,7.797,0.942,1.010,1.303,1.383,3,NULL,NULL,,3,1,2,7,255,1365,250,0,0
stim,225470,255591,1,255591,3452924.454,-0.670,0.186,-0.261,0.669,0,0,405,0,2043,0,1045,923,45,1.060,1,2259,0,452.393,15.032,-120.375,-435.625,20.000,-0.125,-0.211,1.902,-2.297,-14.855,6.984,1.024,1.094,1.303,1.383,3,NULL,NULL,,3,1,2,7,255,1365,250,0,0
stim,225492,255613,1,255613,3452929.455,-0.665,0.196,-0.277,0.666,0,0,267,0,1805,0,611,799,45,1.060,1,2259,0,453.502,12.309,-109.688,-439.313,25.250,0.074,-0.277,1.250,-0.449,-12.301,4.469,1.096,1.168,1.303,1.383,3,NULL,NULL,,3,1,2,7,255,1365,250,0,0
stim,225492,255613,1,255613,3452934.453,-0.658,0.207,-0.291,0.663,0,0,215,0,1487,0,167,619,45,1.060,1,2259,0,451.506,7.363,-31.375,-448.375,42.813,0.023,-0.234,1.082,0.676,-7.332,0.391,1.162,1.234,1.303,1.383,3,NULL,NULL,,3,1,2,7,255,1365,250,0,0
stim,225492,255613,1,255613,3452939.455,-0.649,0.220,-0.304,0.661,0,0,133,0,1084,0,0,482,45,1.060,1,2259,0,461.416,7.363,38.313,-455.250,64.688,-0.172,-0.043,1.398,0.676,-7.332,-1.109,1.218,1.294,1.303,1.383,3,NULL,NULL,,3,1,2,7,255,1365,250,0,0
stim,225492,255613,1,255613,3452944.453,-0.640,0.234,-0.316,0.660,0,0,110,0,669,0,0,406,45,1.060,1,2259,0,464.223,10.783,58.063,-454.875,72.250,-0.363,0.020,1.855,-1.402,-10.691,-1.109,1.264,1.342,1.303,1.383,3,NULL,NULL,,3,1,2,7,255,1365,250,0,0
stim,225517,255638,1,255638,3452949.455,-0.630,0.246,-0.329,0.659,0,0,103,0,283,0,0,317,45,1.060,1,2259,0,482.346,15.612,43.313,-468.500,106.250,-0.563,-0.047,2.023,-1.547,-15.535,-0.773,1.316,1.396,1.303,1.383,3,NULL,NULL,,3,1,2,7,255,1365,250,0,0
stim,225517,255638,1,255638,3452954.454,-0.617,0.258,-0.344,0.659,0,0,59,0,0,0,0,189,45,1.060,1,2259,0,513.581,18.593,9.375,-487.375,161.688,-0.746,0.039,1.883,-1.816,-18.504,-0.773,1.374,1.456,1.303,1.383,3,NULL,NULL,,3,1,2,7,255,1365,250,0,0
stim,225517,255638,0,255638,3452959.455,-0.604,0.268,-0.360,0.658,0,0,51,0,0,0,0,101,45,1.060,1,2259,0,527.790,18.593,-28.438,-493.063,186.125,-0.859,0.391,1.488,-1.816,-18.504,-3.871,1.440,1.526,1.303,1.383,4,NULL,NULL,,3,0,2,7,255,1361,250,0,0
stim,225517,255638,0,255638,3452964.453,-0.593,0.277,-0.376,0.656,0,0,21,0,0,0,0,23,45,1.060,1,2259,0,496.680,17.312,-78.375,-468.688,144.500,-0.563,0.934,1.020,-4.465,-16.727,-8.461,1.518,1.606,1.303,1.383,0,NULL,NULL,,3,0,2,7,255,1361,250,0,0
stim,225543,255664,0,255664,3452969.455,-0.584,0.285,-0.391,0.652,0,0,19,0,0,0,0,17,45,1.060,1,2259,0,456.369,14.737,-96.625,-435.375,96.875,-0.164,1.250,0.957,-9.449,-11.309,-8.566,1.602,1.688,1.303,1.383,0,NULL,NULL,,3,0,2,7,255,1361,250,0,0
stim,225543,255664,0,255664,3452974.454,-0.577,0.290,-0.407,0.647,0,0,41,0,0,0,0,59,45,1.060,1,2259,0,423.617,14.752,-162.438,-380.625,90.500,0.059,1.098,1.027,-11.965,-8.629,-8.566,1.686,1.772,1.303,1.383,0,NULL,NULL,,3,0,2,7,255,1361,250,0,0
stim,225567,255688,0,255688,3452979.455,-0.571,0.291,-0.421,0.642,0,0,41,0,0,0,0,82,45,1.060,1,2259,0,385.750,14.491,-201.625,-314.500,96.125,0.145,0.473,0.715,-11.965,-8.176,-6.582,1.768,1.854,1.303,1.383,0,NULL,NULL,,3,0,2,7,255,1361,250,0,0
stim,225567,255688,0,255688,3452984.454,-0.566,0.293,-0.432,0.638,0,0,36,0,0,0,0,106,45,1.060,1,2259,0,279.469,8.234,-141.250,-227.313,80.500,-0.039,0.020,0.648,-5.816,-5.828,-6.582,1.850,1.936,1.303,1.383,0,NULL,NULL,,3,0,2,7,255,1361,250,0,0
stim,225567,255688,0,255688,3452989.455,-0.562,0.294,-0.439,0.637,0,0,43,0,0,0,0,147,45,1.060,1,2259,0,189.417,5.934,-78.375,-160.000,64.313,-0.375,-0.113,1.148,-1.113,-5.828,-7.328,1.924,2.010,1.303,1.383,0,NULL,NULL,,3,0,2,7,255,1361,250,0,0
stim,225567,255688,0,255688,3452994.453,-0.561,0.293,-0.445,0.634,0,0,28,0,0,0,0,147,45,1.060,1,2259,0,144.178,11.826,-111.063,-88.313,25.563,-0.477,0.012,1.563,-1.113,-11.773,-7.359,1.994,2.078,1.303,1.383,0,NULL,NULL,,3,0,2,7,255,1361,250,0,0
stim,225567,255688,0,255688,3452999.455,-0.563,0.288,-0.451,0.630,0,0,33,0,0,0,0,139,45,1.060,1,2259,0,206.896,11.893,-206.500,-12.563,2.438,-0.258,0.102,1.219,-1.680,-11.773,-7.359,2.058,2.144,1.303,1.383,0,NULL,NULL,,3,0,2,7,255,1361,250,0,0
stim,225567,255688,0,255688,3453004.454,-0.567,0.280,-0.456,0.626,0,0,22,0,0,0,0,107,45,1.060,1,2259,0,262.070,12.042,-255.188,55.313,22.375,-0.113,0.352,0.387,-2.617,-11.754,-7.359,2.118,2.204,1.303,1.383,0,NULL,NULL,,3,0,2,7,255,1361,250,0,0
stim,225567,255688,0,255688,3453009.455,-0.571,0.271,-0.460,0.624,0,0,18,0,0,0,0,111,45,1.060,1,2259,0,244.179,5.329,-214.688,107.688,44.000,-0.234,0.543,-0.137,-3.910,-3.621,-10.105,2.176,2.264,1.303,1.383,0,NULL,NULL,,3,0,2,7,255,1361,250,0,0
stim,225567,255688,0,255688,3453014.454,-0.574,0.263,-0.461,0.624,0,0,17,0,0,0,0,111,45,1.060,1,2259,0,202.290,3.910,-135.063,145.375,39.313,-0.398,0.414,-0.172,-3.910,0.008,-13.832,2.226,2.314,1.303,1.383,0,NULL,NULL,,3,0,2,7,255,1361,250,0,0
stim,225588,255709,0,255709,3453019.455,-0.578,0.255,-0.459,0.625,0,0,17,0,0,0,0,107,45,1.060,1,2259,0,192.407,2.766,-85.250,170.813,24.000,-0.406,0.125,0.078,-2.766,0.008,-13.832,2.264,2.354,1.303,1.383,0,NULL,NULL,,3,0,2,7,255,1361,250,0,0
stim,225588,255709,0,255709,3453024.454,-0.582,0.248,-0.456,0.626,0,0,19,0,0,0,0,109,45,1.060,1,2259,0,205.182,2.594,-80.563,187.313,22.875,-0.313,0.000,0.188,-0.633,-2.516,-13.215,2.290,2.380,1.303,1.383,0,NULL,NULL,,3,0,2,7,255,1361,250,0,0
stim,225588,255709,0,255709,3453029.455,-0.586,0.240,-0.454,0.627,0,0,17,0,0,0,0,104,45,1.060,1,2259,0,215.442,2.530,-83.250,196.063,32.313,-0.277,0.063,0.055,-0.270,-2.516,-12.004,2.292,2.380,1.303,1.383,0,NULL,NULL,,3,0,2,7,255,1361,250,0,0
stim,225588,255709,0,255709,3453034.454,-0.590,0.232,-0.451,0.629,0,0,10,0,0,0,0,102,45,1.060,1,2259,0,216.682,1.841,-65.438,200.375,50.188,-0.203,0.066,-0.137,0.070,-1.840,-12.004,2.286,2.374,1.303,1.383,0,NULL,NULL,,3,0,2,7,255,1361,250,0,0
stim,225588,255709,0,255709,3453039.455,-0.592,0.224,-0.447,0.632,0,0,13,0,0,0,0,102,45,1.060,1,2259,0,216.555,0.098,-32.375,202.313,70.125,-0.234,0.105,-0.227,0.000,0.098,-12.293,2.274,2.364,1.303,1.383,0,NULL,NULL,,3,0,2,7,255,1361,250,0,0
stim,225588,255709,0,255709,3453044.453,-0.594,0.217,-0.443,0.635,0,0,5,0,0,0,0,101,45,1.060,1,2259,0,218.714,0.234,0.688,204.188,78.375,-0.297,0.141,-0.223,0.000,0.234,-13.109,2.258,2.348,1.303,1.383,0,NULL,NULL,,3,0,2,7,255,1361,250,0,0
stim,225614,255735,0,255735,3453049.455,-0.596,0.211,-0.437,0.640,0,0,3,0,0,0,0,91,45,1.060,1,2259,0,221.391,0.303,27.875,205.875,76.500,-0.332,0.184,-0.141,-0.191,0.234,-13.691,2.238,2.328,1.303,1.383,0,NULL,NULL,,3,0,2,7,255,1361,250,0,0
stim,225614,255735,0,255735,3453054.453,-0.598,0.205,-0.431,0.644,0,0,0,0,0,0,0,91,45,1.060,1,2259,0,227.546,0.945,47.938,207.938,79.000,-0.289,0.168,-0.031,-0.723,-0.609,-13.691,2.218,2.310,1.303,1.383,0,NULL,NULL,,3,0,2,7,255,1361,250,0,0
stim,225614,255735,0,255735,3453059.455,-0.599,0.199,-0.424,0.650,0,0,0,0,0,0,0,87,45,1.060,1,2259,0,234.909,1.642,61.313,208.438,89.313,-0.305,0.152,0.043,-0.992,-1.309,-12.719,2.202,2.292,1.303,1.383,0,NULL,NULL,,3,0,2,7,255,1361,250,0,0
stim,225614,255735,0,255735,3453064.454,-0.599,0.193,-0.417,0.655,0,0,0,0,0,0,0,83,45,1.060,1,2259,0,241.050,2.268,73.500,209.500,93.875,-0.418,0.145,0.141,-0.992,-2.039,-12.586,2.190,2.280,1.303,1.383,0,NULL,NULL,,3,0,2,7,255,1361,250,0,0
stim,225634,255755,0,255755,3453069.455,-0.600,0.188,-0.410,0.660,0,0,0,0,0,0,0,75,45,1.060,1,2259,0,240.021,3.696,84.000,208.938,83.063,-0.512,0.109,0.289,-0.957,-3.570,-12.379,2.186,2.278,1.303,1.383,0,NULL,NULL,,3,0,2,7,255,1361,250,0,0
stim,225634,255755,0,255755,3453074.454,-0.602,0.183,-0.403,0.665,0,0,0,0,0,0,0,73,45,1.060,1,2259,0,235.007,5.444,86.438,207.438,68.750,-0.527,0.125,0.422,-0.957,-5.359,-12.234,2.192,2.286,1.303,1.383,0,NULL,NULL,,3,0,2,7,255,1361,250,0,0
stim,225671,255792,0,255792,3453079.455,-0.603,0.178,-0.395,0.670,0,0,0,0,0,0,0,72,45,1.060,1,2259,0,233.538,6.602,85.375,209.750,57.063,-0.570,0.117,0.590,-1.281,-6.477,-11.516,2.206,2.300,1.303,1.383,0,NULL,NULL,,3,0,2,7,255,1361,250,0,0
stim,225671,255792,0,255792,3453084.453,-0.605,0.173,-0.388,0.674,0,0,0,0,0,0,0,71,45,1.060,1,2259,0,228.292,8.138,72.750,212.188,42.438,-0.551,0.152,0.734,-1.535,-7.992,-10.629,2.226,2.320,1.303,1.383,0,NULL,NULL,,3,0,2,7,255,1361,250,0,0
stim,225671,255792,0,255792,3453089.455,-0.608,0.168,-0.380,0.677,0,0,0,0,0,0,0,77,45,1.060,1,2259,0,227.223,9.203,56.188,217.938,31.250,-0.574,0.188,0.832,-2.289,-8.914,-9.559,2.256,2.348,1.303,1.383,0,NULL,NULL,,3,0,2,7,255,1361,250,0,0
stim,225671,255792,0,255792,3453094.454,-0.611,0.162,-0.373,0.679,0,0,0,0,0,0,0,85,45,1.060,1,2259,0,230.176,9.739,32.875,227.563,10.750,-0.555,0.168,0.801,-2.625,-9.379,-9.043,2.290,2.386,1.303,1.383,0,NULL,NULL,,3,0,2,7,255,1361,250,0,0
stim,225671,255792,0,255792,3453099.455,-0.615,0.156,-0.366,0.681,0,0,0,0,0,0,0,92,45,1.060,1,2259,0,240.125,9.795,22.938,239.000,-3.563,-0.516,0.172,0.816,-2.824,-9.379,-8.855,2.332,2.428,1.303,1.383,0,NULL,NULL,,3,0,2,7,255,1361,250,0,0
stim,225671,255792,0,255792,3453104.453,-0.620,0.149,-0.359,0.682,0,0,0,0,0,0,0,101,45,1.060,1,2259,0,252.585,9.529,10.625,251.750,-17.563,-0.492,0.082,0.730,-2.625,-9.160,-8.324,2.378,2.476,1.303,1.383,0,NULL,NULL,,3,0,2,7,255,1361,250,0,0
stim,225671,255792,0,255792,3453109.455,-0.625,0.142,-0.351,0.683,0,0,0,0,0,0,0,105,45,1.060,1,2259,0,268.900,8.679,10.000,266.375,-35.375,-0.488,0.105,0.734,-2.203,-8.395,-8.277,2.432,2.530,1.303,1.383,0,NULL,NULL,,3,0,2,7,255,1361,250,0,0
stim,225671,255792,0,255792,3453114.453,-0.631,0.135,-0.343,0.683,0,0,0,0,0,0,0,115,45,1.060,1,2259,0,283.379,8.618,7.438,279.563,-45.750,-0.398,0.113,0.660,-2.203,-8.332,-8.109,2.488,2.588,1.303,1.383,0,NULL,NULL,,3,0,2,7,255,1361,250,0,0
stim,225671,255792,0,255792,3453119.455,-0.637,0.127,-0.334,0.683,0,0,0,0,0,0,0,121,45,1.060,1,2259,0,299.776,7.566,15.563,293.563,-58.688,-0.426,0.043,0.652,-2.203,-7.238,-7.922,2.546,2.646,1.303,1.383,0,NULL,NULL,,3,0,2,7,255,1361,250,0,0
stim,225671,255792,0,255792,3453124.454,-0.644,0.120,-0.325,0.683,0,0,0,0,0,0,0,123,45,1.060,1,2259,0,311.727,7.483,19.688,304.438,-64.063,-0.359,0.109,0.590,-2.250,-7.137,-7.852,2.604,2.704,1.303,1.383,0,NULL,NULL,,3,0,2,7,255,1361,250,0,0
stim,225694,255815,0,255815,3453129.455,-0.650,0.113,-0.314,0.682,0,0,0,0,0,0,0,119,45,1.060,1,2259,0,324.982,6.795,39.313,314.125,-73.438,-0.387,0.027,0.613,-1.625,-6.598,-7.754,2.660,2.762,1.303,1.383,0,NULL,NULL,,3,0,2,7,255,1361,250,0,0
stim,225694,255815,0,255815,3453134.453,-0.657,0.106,-0.303,0.682,0,0,0,0,0,0,0,119,45,1.060,1,2259,0,334.241,6.661,50.875,321.188,-77.250,-0.332,0.133,0.621,-2.250,-6.270,-7.418,2.706,2.808,1.303,1.383,0,NULL,NULL,,3,0,2,7,255,1361,250,0,0
stim,225694,255815,0,255815,3453139.455,-0.664,0.100,-0.291,0.682,0,0,0,0,0,0,0,123,45,1.060,1,2259,0,345.539,6.612,70.625,326.563,-88.125,-0.141,0.129,0.648,-2.684,-6.043,-7.207,2.746,2.850,1.303,1.383,0,NULL,NULL,,3,0,2,7,255,1361,250,0,0
stim,225694,255815,0,255815,3453144.453,-0.670,0.094,-0.279,0.682,0,0,0,0,0,0,0,124,45,1.060,1,2259,0,352.420,5.226,86.125,331.750,-82.000,0.160,0.031,0.551,-2.684,-4.484,-5.805,2.782,2.884,1.303,1.383,0,NULL,NULL,,3,0,2,7,255,1361,250,0,0
stim,225720,255841,0,255841,3453149.455,-0.676,0.088,-0.265,0.682,0,0,0,0,0,0,0,122,45,1.060,1,2259,0,356.900,2.712,115.313,332.375,-60.063,0.141,0.090,0.496,-2.324,-1.398,-5.305,2.810,2.914,1.303,1.383,0,NULL,NULL,,3,0,2,7,255,1361,250,0,0
stim,225720,255841,0,255841,3453154.454,-0.681,0.084,-0.251,0.683,0,0,0,0,0,0,0,125,45,1.060,1,2259,0,367.127,2.712,155.938,327.813,-54.813,0.066,0.195,0.617,-2.324,-1.398,-4.855,2.832,2.936,1.303,1.383,0,NULL,NULL,,3,0,2,7,255,1361,250,0,0
stim,225720,255841,0,255841,3453159.455,-0.685,0.080,-0.236,0.684,0,0,0,0,0,0,0,123,45,1.060,1,2259,0,372.804,4.060,178.688,323.688,-47.750,0.168,0.168,0.848,-3.516,-2.031,-4.855,2.848,2.952,1.303,1.383,0,NULL,NULL,,3,0,2,7,255,1361,250,0,0
stim,225720,255841,0,255841,3453164.453,-0.689,0.076,-0.221,0.686,0,0,0,0,0,0,0,121,45,1.060,1,2259,0,368.995,4.060,182.188,319.500,-29.750,0.211,0.074,0.922,-3.516,-2.031,-2.277,2.864,2.968,1.303,1.383,0,NULL,NULL,,3,0,2,7,255,1361,250,0,0
stim,225720,255841,0,255841,3453169.455,-0.692,0.073,-0.205,0.689,0,0,0,0,0,0,0,124,45,1.060,1,2259,0,372.269,4.282,198.500,314.875,-6.000,0.137,0.160,1.000,-3.770,-2.031,-1.121,2.878,2.982,1.303,1.383,0,NULL,NULL,,3,0,2,7,255,1361,250,0,0
stim,225720,255841,0,255841,3453174.454,-0.694,0.070,-0.189,0.691,0,0,0,0,0,0,0,125,45,1.060,1,2259,0,376.520,4.508,208.438,313.563,0.000,0.090,0.180,1.160,-3.770,-2.473,-0.824,2.892,2.996,1.303,1.383,0,NULL,NULL,,3,0,2,7,255,1361,250,0,0
stim,225770,255891,0,255891,3453179.455,-0.696,0.067,-0.173,0.694,0,0,0,0,0,0,0,119,45,1.060,1,2259,0,377.230,5.203,211.625,312.125,9.750,0.004,0.219,1.328,-4.078,-3.230,0.539,2.910,3.014,1.303,1.383,0,NULL,NULL,,3,0,2,7,255,1361,250,0,0
stim,225770,255891,0,255891,3453184.454,-0.698,0.064,-0.157,0.696,0,0,0,0,0,0,0,119,45,1.060,1,2259,0,378.619,6.237,214.313,312.125,-0.688,-0.051,0.258,1.559,-4.547,-4.270,1.887,2.930,3.034,1.303,1.383,0,NULL,NULL,,3,0,2,7,255,1361,250,0,0
stim,225770,255891,0,255891,3453189.455,-0.700,0.061,-0.142,0.698,0,0,0,0,0,0,0,115,45,1.060,1,2259,0,373.300,7.182,203.313,313.063,-2.938,-0.078,0.258,1.766,-5.027,-5.129,3.965,2.954,3.058,1.303,1.383,0,NULL,NULL,,3,0,2,7,255,1361,250,0,0
stim,225770,255891,0,255891,3453194.453,-0.702,0.057,-0.127,0.699,0,0,0,0,0,0,0,124,45,1.060,1,2259,0,361.869,7.529,177.375,315.313,-8.063,-0.082,0.293,1.914,-5.078,-5.559,6.031,2.982,3.086,1.303,1.383,0,NULL,NULL,,3,0,2,7,255,1361,250,0,0
stim,225770,255891,0,255891,3453199.455,-0.704,0.052,-0.112,0.700,0,0,0,0,0,0,0,125,45,1.060,1,2259,0,349.683,7.529,149.188,315.938,-14.313,-0.078,0.184,2.051,-5.078,-5.559,7.590,3.016,3.118,1.303,1.383,0,NULL,NULL,,3,0,2,7,255,1361,250,0,0
stim,225770,255891,0,255891,3453204.454,-0.706,0.046,-0.099,0.700,0,0,0,0,0,0,0,127,45,1.060,1,2259,0,336.294,6.912,111.313,317.125,-11.625,-0.070,0.215,2.086,-4.375,-5.352,9.250,3.050,3.154,1.303,1.383,0,NULL,NULL,,3,0,2,7,255,1361,250,0,0
stim,225770,255891,0,255891,3453209.455,-0.708,0.038,-0.087,0.700,0,0,0,0,0,0,0,137,45,1.060,1,2259,0,327.807,6.479,73.250,319.000,-18.188,-0.109,0.238,1.926,-4.316,-4.832,9.250,3.088,3.188,1.303,1.383,0,NULL,NULL,,3,0,2,7,255,1361,250,0,0
stim,225770,255891,0,255891,3453214.454,-0.710,0.031,-0.075,0.700,0,0,0,0,0,0,0,137,45,1.060,1,2259,0,324.753,6.138,61.875,317.813,-25.125,-0.098,0.176,1.801,-4.316,-4.363,8.254,3.124,3.224,1.303,1.383,0,NULL,NULL,,3,0,2,7,255,1361,250,0,0
stim,225770,255891,0,255891,3453219.455,-0.712,0.023,-0.064,0.699,0,0,0,0,0,0,0,137,45,1.060,1,2259,0,323.782,4.978,54.750,317.188,-35.063,-0.031,0.125,1.730,-3.469,-3.570,7.258,3.156,3.258,1.303,1.383,0,NULL,NULL,,3,0,2,7,255,1361,250,0,0
stim,225770,255891,0,255891,3453224.454,-0.714,0.015,-0.052,0.698,0,0,0,0,0,0,0,138,45,1.060,1,2259,0,319.397,3.685,48.625,313.938,-33.063,0.023,0.031,1.652,-2.820,-2.371,6.797,3.186,3.288,1.303,1.383,0,NULL,NULL,,3,0,2,7,255,1361,250,0,0
stim,225791,255912,0,255912,3453229.455,-0.716,0.007,-0.041,0.697,0,0,0,0,0,0,0,150,45,1.060,1,2259,0,314.419,2.191,50.375,309.438,-23.875,0.023,0.043,1.574,-1.758,-1.309,6.246,3.212,3.314,1.303,1.383,0,NULL,NULL,,3,0,2,7,255,1361,250,0,0
stim,225791,255912,0,255912,3453234.454,-0.717,-0.000,-0.029,0.696,0,0,0,0,0,0,0,151,45,1.060,1,2259,0,312.054,1.946,57.750,305.500,-26.688,0.031,0.105,1.516,-1.758,-0.836,5.539,3.236,3.336,1.303,1.383,0,NULL,NULL,,3,0,2,7,255,1361,250,0,0
stim,225791,255912,0,255912,3453239.455,-0.719,-0.007,-0.018,0.695,0,0,0,0,0,0,0,149,45,1.060,1,2259,0,308.881,1.736,72.375,299.250,-24.875,0.086,0.059,1.488,-1.707,-0.316,4.945,3.252,3.352,1.303,1.383,0,NULL,NULL,,3,0,2,7,255,1361,250,0,0
stim,225791,255912,0,255912,3453244.453,-0.719,-0.013,-0.006,0.694,0,0,9,0,0,0,0,153,45,1.060,1,2259,0,306.597,1.716,90.625,292.625,-12.625,0.090,0.035,1.516,-1.605,0.605,4.945,3.266,3.366,1.303,1.383,0,NULL,NULL,,3,0,2,7,255,1361,250,0,0
stim,225817,255938,0,255938,3453249.455,-0.720,-0.018,0.007,0.694,0,0,7,0,0,0,0,147,45,1.060,1,2259,0,306.619,1.720,105.438,287.813,-7.875,0.086,0.063,1.590,-1.379,1.027,5.008,3.278,3.378,1.303,1.383,0,NULL,NULL,,3,0,2,7,255,1361,250,0,0
stim,225817,255938,0,255938,3453254.453,-0.720,-0.022,0.019,0.693,0,0,9,0,0,0,0,149,45,1.060,1,2259,0,307.854,1.934,120.000,283.438,-6.125,0.125,0.102,1.633,-1.379,1.355,5.695,3.288,3.388,1.303,1.383,0,NULL,NULL,,3,0,2,7,255,1361,250,0,0
stim,225817,255938,0,255938,3453259.455,-0.720,-0.026,0.032,0.692,0,0,7,0,0,0,0,151,45,1.060,1,2259,0,311.375,2.582,136.813,279.688,3.438,0.180,0.105,1.688,-1.402,2.168,6.063,3.294,3.394,1.303,1.383,0,NULL,NULL,,3,0,2,7,255,1361,250,0,0
stim,225817,255938,0,255938,3453264.454,-0.720,-0.030,0.045,0.692,0,0,13,0,0,0,0,149,45,1.060,1,2259,0,317.718,3.429,153.000,278.125,13.500,0.207,0.113,1.773,-1.402,3.129,6.508,3.298,3.398,1.303,1.383,0,NULL,NULL,,3,0,2,7,255,1361,250,0,0
stim,225837,255958,0,255958,3453269.455,-0.719,-0.033,0.059,0.691,0,0,18,0,0,0,0,151,45,1.060,1,2259,0,324.511,4.064,166.000,278.250,18.125,0.266,0.145,1.871,-1.273,3.859,7.258,3.302,3.398,1.303,1.383,0,NULL,NULL,,3,0,2,7,255,1361,250,0,0
stim,225837,255958,0,255958,3453274.454,-0.718,-0.036,0.073,0.691,0,0,19,0,0,0,0,151,45,1.060,1,2259,0,332.289,5.121,178.313,279.375,23.875,0.363,0.180,1.949,-1.254,4.965,8.020,3.300,3.398,1.303,1.383,0,NULL,NULL,,3,0,2,7,255,1361,250,0,0
stim,225869,255990,0,255990,3453279.455,-0.717,-0.038,0.088,0.690,0,0,25,0,0,0,0,149,45,1.060,1,2259,0,341.392,6.598,189.750,282.063,31.375,0.500,0.215,2.043,-1.238,6.480,8.547,3.296,3.392,1.303,1.383,0,NULL,NULL,,3,0,2,7,255,1361,250,0,0
stim,225869,255990,0,255990,3453284.453,-0.715,-0.041,0.103,0.690,0,0,22,0,0,0,0,147,45,1.060,1,2259,0,349.487,8.502,195.375,287.063,39.563,0.625,0.234,2.102,-1.191,8.418,9.063,3.286,3.382,1.303,1.383,0,NULL,NULL,,3,0,2,7,255,1361,250,0,0
stim,225869,255990,0,255990,3453289.455,-0.713,-0.043,0.118,0.690,0,0,21,0,0,0,0,147,45,1.060,1,2259,0,358.531,10.245,204.125,289.750,54.063,0.734,0.227,2.184,-0.973,10.199,9.215,3.272,3.368,1.303,1.383,0,NULL,NULL,,3,0,2,7,255,1361,250,0,0
stim,225869,255990,0,255990,3453294.454,-0.710,-0.045,0.134,0.690,0,0,23,0,0,0,0,147,45,1.060,1,2259,0,366.381,11.873,210.188,292.375,67.625,0.805,0.195,2.266,-0.477,11.863,9.477,3.254,3.348,1.303,1.383,0,NULL,NULL,,3,0,2,7,255,1361,250,0,0
stim,225869,255990,0,255990,3453299.455,-0.706,-0.047,0.149,0.690,0,0,26,0,0,0,0,151,45,1.060,1,2259,0,370.737,13.202,211.125,294.813,77.188,0.855,0.191,2.344,0.246,13.199,9.758,3.228,3.322,1.303,1.383,0,NULL,NULL,,3,0,2,7,255,1361,250,0,0
stim,225869,255990,0,255990,3453304.453,-0.703,-0.049,0.165,0.691,0,0,25,0,0,0,0,151,45,1.060,1,2259,0,370.566,14.397,205.688,296.750,83.375,0.910,0.227,2.395,0.715,14.379,9.973,3.196,3.288,1.303,1.383,0,NULL,NULL,,3,0,2,7,255,1361,250,0,0
stim,225869,255990,0,255990,3453309.455,-0.698,-0.051,0.180,0.691,0,0,20,0,0,0,0,155,45,1.060,1,2259,0,366.361,15.528,194.688,296.938,90.250,0.961,0.262,2.395,0.715,15.512,9.973,3.156,3.246,1.303,1.383,0,NULL,NULL,,3,0,2,7,255,1361,250,0,0
stim,225869,255990,0,255990,3453314.453,-0.694,-0.054,0.195,0.691,0,0,19,0,0,0,0,164,45,1.060,1,2259,0,358.515,16.542,180.188,293.688,99.063,0.977,0.250,2.355,0.773,16.523,9.473,3.112,3.200,1.303,1.383,0,NULL,NULL,,3,0,2,7,255,1361,250,0,0
stim,225869,255990,0,255990,3453319.455,-0.689,-0.057,0.209,0.692,0,0,22,0,0,0,0,167,45,1.060,1,2259,0,348.046,17.005,167.250,286.438,105.438,0.953,0.188,2.293,0.980,16.977,8.609,3.060,3.146,1.303,1.383,0,NULL,NULL,,3,0,2,7,255,1361,250,0,0
stim,225869,255990,0,255990,3453324.454,-0.683,-0.060,0.222,0.693,0,0,22,0,0,0,0,173,45,1.060,1,2259,0,333.230,17.065,155.375,275.000,106.188,0.957,0.117,2.234,1.695,16.980,7.598,3.002,3.086,1.303,1.383,0,NULL,NULL,,3,0,2,7,255,1361,250,0,0
stim,225903,256024,0,256024,3453329.455,-0.678,-0.063,0.234,0.694,0,0,21,0,0,0,0,180,45,1.060,1,2259,0,315.488,17.327,142.875,261.250,104.250,1.023,-0.043,2.113,2.398,17.160,6.492,2.940,3.020,1.303,1.383,0,NULL,NULL,,3,0,2,7,255,1361,250,0,0
stim,225903,256024,0,256024,3453334.453,-0.673,-0.065,0.246,0.694,0,0,23,0,0,0,0,183,45,1.060,1,2259,0,299.291,18.007,135.188,245.375,105.313,1.098,-0.262,1.945,3.746,17.613,4.441,2.872,2.950,1.303,1.383,0,NULL,NULL,,3,0,2,7,255,1361,250,0,0
stim,225903,256024,0,256024,3453339.455,-0.668,-0.067,0.257,0.695,0,0,21,0,0,0,0,203,45,1.060,1,2259,0,286.460,18.466,136.250,228.313,106.625,1.133,-0.473,1.773,5.508,17.625,1.781,2.802,2.876,1.303,1.383,0,NULL,NULL,,3,0,2,7,255,1361,250,0,0
stim,225903,256024,0,256024,3453344.454,-0.663,-0.068,0.268,0.696,0,0,20,0,0,0,0,205,45,1.060,1,2259,0,276.917,19.019,146.375,210.688,104.250,1.137,-0.641,1.656,7.148,17.625,-0.738,2.726,2.796,1.303,1.383,0,NULL,NULL,,3,0,2,7,255,1361,250,0,0
stim,225903,256024,0,256024,3453349.455,-0.658,-0.069,0.279,0.696,0,0,22,0,0,0,0,219,45,1.060,1,2259,0,269.323,19.305,160.938,193.000,96.875,1.137,-0.738,1.637,8.461,17.352,-2.563,2.646,2.712,1.303,1.383,0,NULL,NULL,,3,0,2,7,255,1361,250,0,0
stim,225903,256024,0,256024,3453354.454,-0.654,-0.068,0.290,0.695,0,0,24,0,0,0,0,231,45,1.060,1,2259,0,259.976,19.728,171.500,175.563,85.750,1.152,-0.766,1.707,9.387,17.352,-3.414,2.562,2.624,1.303,1.383,0,NULL,NULL,,3,0,2,7,255,1361,250,0,0
stim,225936,256057,0,256057,3453359.455,-0.651,-0.067,0.300,0.695,0,0,21,0,0,0,0,248,45,1.060,1,2259,0,244.497,20.435,171.125,159.375,71.375,1.207,-0.730,1.813,9.746,17.961,-3.414,2.476,2.536,1.303,1.383,0,NULL,NULL,,3,0,2,7,255,1361,250,0,0
stim,225936,256057,0,256057,3453364.453,-0.648,-0.066,0.309,0.693,0,0,22,0,0,0,0,302,45,1.060,1,2259,0,229.196,21.392,168.250,144.750,57.188,1.344,-0.531,1.789,9.746,19.043,-3.422,2.386,2.444,1.303,1.383,0,NULL,NULL,,3,0,2,7,255,1361,250,0,0
stim,225936,256057,0,256057,3453369.455,-0.644,-0.066,0.317,0.693,0,0,26,0,0,0,0,341,45,1.060,1,2259,0,193.939,22.449,132.250,127.250,62.688,1.758,-0.715,2.191,9.746,20.223,-3.523,2.292,2.348,1.303,1.383,0,NULL,NULL,,3,0,2,7,255,1361,250,0,0
stim,225936,256057,0,256057,3453374.454,-0.642,-0.066,0.323,0.693,0,0,24,0,0,0,0,371,45,1.060,1,2259,0,153.305,23.319,80.000,121.375,48.688,1.492,-0.777,1.730,9.602,21.250,-3.746,2.196,2.250,1.303,1.383,0,NULL,NULL,,3,0,2,7,255,1361,250,0,0
stim,225964,256085,0,256085,3453379.455,-0.640,-0.067,0.328,0.691,0,0,26,0,0,0,0,393,45,1.060,1,2259,0,133.050,25.114,78.813,107.188,1.313,1.859,-0.941,1.504,9.852,23.102,-6.355,2.092,2.144,1.303,1.383,0,NULL,NULL,,3,0,2,7,255,1361,250,0,0
stim,225964,256085,0,256085,3453384.453,-0.640,-0.068,0.333,0.689,0,0,26,0,0,0,0,410,45,1.060,1,2259,0,127.642,25.055,89.250,91.063,-5.875,2.199,-1.004,1.449,9.699,23.102,-10.750,1.980,2.032,1.303,1.383,0,NULL,NULL,,3,0,2,7,255,1361,250,0,0
stim,225964,256085,0,256085,3453389.455,-0.639,-0.068,0.338,0.688,0,0,25,0,0,0,0,423,45,1.060,1,2259,0,113.097,27.322,86.063,73.375,-0.500,2.293,-0.973,1.422,9.699,25.543,-13.406,1.862,1.910,1.303,1.383,0,NULL,NULL,,3,0,2,7,255,1361,250,0,0
stim,225964,256085,0,256085,3453394.453,-0.638,-0.067,0.342,0.687,0,0,23,0,0,0,0,435,45,1.060,1,2259,0,102.030,27.704,87.500,52.250,4.875,2.352,-0.965,1.398,9.207,26.129,-14.219,1.736,1.782,1.303,1.383,0,NULL,NULL,,3,0,2,7,255,1361,250,0,0
stim,225964,256085,0,256085,3453399.455,-0.638,-0.065,0.346,0.686,0,0,23,0,0,0,0,437,45,1.060,1,2259,0,98.378,27.904,92.938,27.063,17.563,2.328,-0.938,1.438,8.996,26.414,-14.531,1.602,1.644,1.303,1.383,0,NULL,NULL,,3,0,2,7,255,1361,250,0,0
stim,225964,256085,0,256085,3453404.454,-0.637,-0.062,0.348,0.685,0,0,22,0,0,0,0,439,45,1.060,1,2259,0,97.475,27.915,88.375,-0.063,41.125,2.254,-0.898,1.688,8.996,26.426,-14.531,1.462,1.498,1.303,1.383,0,NULL,NULL,,3,0,2,7,255,1361,250,0,0
stim,225986,256107,0,256107,3453409.455,-0.635,-0.058,0.350,0.686,0,0,26,0,0,0,0,439,45,1.060,1,2259,0,95.383,27.878,76.000,-22.938,52.875,1.891,-0.754,1.691,8.914,26.414,-12.199,1.316,1.346,1.303,1.383,0,NULL,NULL,,3,0,2,7,255,1361,250,0,0
stim,225986,256107,0,256107,3453414.453,-0.635,-0.054,0.351,0.686,0,0,23,0,0,0,0,435,45,1.060,1,2259,0,96.711,25.865,72.375,-52.000,37.563,1.492,-0.551,1.883,8.859,24.301,-9.773,1.170,1.190,1.303,1.383,0,NULL,NULL,,3,0,2,7,255,1361,250,0,0
stim,225986,256107,0,256107,3453419.455,-0.636,-0.050,0.350,0.685,0,0,10,0,0,0,0,475,45,1.060,1,2259,0,86.848,24.850,43.063,-75.375,2.625,1.426,-0.328,2.215,8.457,23.367,-5.508,1.026,1.034,1.303,1.383,0,NULL,NULL,,3,0,2,7,255,1361,250,0,0
stim,225986,256107,0,256107,3453424.454,-0.636,-0.043,0.349,0.686,0,0,7,29,0,2,0,570,45,1.060,1,2259,0,167.600,23.675,85.563,-127.063,68.000,0.340,-1.063,3.168,8.457,22.113,-1.730,0.888,0.880,1.303,1.383,0,NULL,NULL,,3,0,2,7,255,1361,250,0,0
stim,225986,256107,0,256107,3453429.455,-0.628,-0.017,0.356,0.692,331,0,0,562,0,75,0,589,45,1.060,1,2259,0,664.746,28.136,428.563,-271.375,429.625,0.367,1.141,6.844,15.672,23.367,8.074,0.754,0.718,1.303,1.383,0,NULL,NULL,,3,0,2,7,255,1361,250,0,0
stim,225986,256107,0,256107,3453434.454,-0.620,-0.022,0.339,0.707,956,0,0,1145,0,271,0,620,45,1.060,1,2259,0,554.316,24.651,-466.750,-111.688,277.375,-1.441,1.551,5.395,15.672,19.027,44.473,0.636,0.560,1.303,1.383,0,NULL,NULL,,3,0,2,7,255,1361,250,0,0
stim,225986,256107,0,256107,3453439.455,-0.615,-0.042,0.305,0.726,1426,0,0,1567,0,522,0,680,45,1.060,1,2259,0,1007.499,16.689,-982.625,-126.000,183.375,-1.215,2.742,1.262,8.504,14.359,44.473,0.554,0.428,1.303,1.383,0,NULL,NULL,,3,0,2,7,255,1361,250,0,0
stim,225986,256107,0,256107,3453444.453,-0.612,-0.059,0.277,0.738,1819,0,0,1869,0,681,0,751,45,1.060,1,2259,0,809.655,19.658,-799.000,-112.063,67.688,-1.262,2.289,-1.770,-18.645,-6.230,15.375,0.524,0.348,1.303,1.383,0,NULL,NULL,,3,0,2,7,255,1361,250,0,0
stim,226017,256138,0,256138,3453449.455,-0.612,-0.066,0.262,0.743,2099,0,0,1995,0,869,0,814,46,1.060,1,2260,0,396.999,27.494,-381.188,-110.625,-8.125,-1.020,0.969,-2.227,-18.645,-20.207,-12.316,0.552,0.358,1.303,1.383,1,1313.000,-48.000,,3,0,2,7,255,1361,250,0,0
stim,226017,256138,0,256138,3453454.453,-0.614,-0.063,0.257,0.743,2269,0,0,2103,0,1021,0,883,46,1.060,1,2260,0,146.709,22.977,-41.813,-139.000,-21.313,-0.406,-0.414,-0.344,-10.938,-20.207,-12.316,0.578,0.382,1.303,1.383,1,NULL,NULL,,3,0,2,7,255,1361,250,0,0
stim,226017,256138,0,256138,3453459.455,-0.615,-0.058,0.254,0.745,2429,0,0,2189,0,1205,0,950,46,1.060,1,2260,0,129.246,4.891,11.563,-125.688,27.813,0.141,0.406,1.324,-1.668,-4.598,-12.254,0.600,0.408,1.303,1.383,1,NULL,NULL,,3,0,2,7,255,1361,250,0,0
stim,226017,256138,0,256138,3453464.454,-0.613,-0.056,0.248,0.748,2585,0,0,2359,0,1299,0,997,46,1.060,1,2260,0,167.339,5.931,-84.500,-117.500,84.000,0.078,1.855,1.777,-1.668,5.691,2.098,0.622,0.430,1.303,1.383,1,NULL,NULL,,3,0,2,7,255,1361,250,0,0
stim,226017,256138,0,256138,3453469.455,-0.611,-0.057,0.239,0.753,2747,0,0,2581,0,1351,0,1049,46,1.060,1,2260,0,255.563,11.435,-209.688,-113.438,92.063,-0.656,1.523,1.617,-9.918,5.691,10.250,0.658,0.462,1.303,1.383,2,NULL,NULL,,3,0,2,7,255,1361,250,0,0
stim,226017,256138,0,256138,3453474.454,-0.607,-0.059,0.224,0.760,2843,0,0,2727,0,1367,0,1145,46,1.060,1,2260,0,378.942,10.013,-320.250,-154.625,130.875,-1.895,-0.754,0.590,-9.918,-1.375,10.250,0.684,0.486,1.303,1.383,2,NULL,NULL,,3,0,2,7,255,1361,250,0,0
stim,226069,256190,0,256190,3453479.455,-0.607,-0.062,0.209,0.764,2925,0,0,2825,0,1385,0,1263,46,1.060,1,2260,0,363.998,18.177,-323.813,-165.938,10.250,-1.875,-1.434,-0.211,12.641,-13.063,0.313,0.690,0.498,1.303,1.383,2,NULL,NULL,,3,0,2,7,255,1361,250,0,0
stim,226069,256190,0,256190,3453484.454,-0.612,-0.060,0.200,0.763,2969,0,0,2904,0,1419,0,1399,46,1.060,1,2260,0,252.977,18.177,-136.313,-175.688,-120.625,-1.016,-0.785,-0.395,12.641,-13.063,-8.328,0.674,0.496,1.303,1.383,2,NULL,NULL,,3,0,2,7,255,1361,250,0,0
stim,226069,256190,0,256190,3453489.455,-0.618,-0.055,0.195,0.760,3000,0,0,2973,0,1421,0,1469,46,1.060,1,2260,0,227.837,13.043,15.750,-180.938,-137.563,-0.008,-0.234,0.773,9.281,-9.164,-8.328,0.640,0.486,1.303,1.383,2,NULL,NULL,,3,0,2,7,255,1361,250,0,0
stim,226069,256190,0,256190,3453494.454,-0.623,-0.050,0.191,0.757,3029,0,0,3031,0,1443,0,1525,46,1.060,1,2260,0,195.951,7.540,22.313,-163.813,-105.188,0.531,-0.590,1.969,6.930,2.973,-3.246,0.608,0.472,1.303,1.383,2,NULL,NULL,,3,0,2,7,255,1361,250,0,0
stim,226069,256190,0,256190,3453499.455,-0.625,-0.047,0.184,0.757,3058,0,0,3059,0,1464,0,1547,46,1.060,1,2260,0,171.450,14.204,-76.813,-145.938,-46.875,0.805,-0.969,2.188,6.930,12.398,5.336,0.578,0.452,1.303,1.383,2,NULL,NULL,,3,0,2,7,255,1361,250,0,0
stim,226069,256190,0,256190,3453504.453,-0.625,-0.048,0.175,0.760,3054,0,0,3091,0,1515,0,1551,46,1.060,1,2260,0,231.208,17.050,-186.375,-132.125,35.563,0.734,-1.141,1.637,10.188,13.672,5.336,0.548,0.422,1.303,1.383,2,NULL,NULL,,3,0,2,7,255,1361,250,0,0
stim,226069,256190,0,256190,3453509.455,-0.621,-0.048,0.165,0.765,3035,0,0,3115,0,1607,0,1543,46,1.060,1,2260,0,262.332,17.050,-207.313,-119.625,107.375,0.285,-1.035,0.820,10.188,13.672,1.219,0.514,0.382,1.303,1.383,2,NULL,NULL,,3,0,2,7,255,1361,250,0,0
stim,226069,256190,0,256190,3453514.454,-0.617,-0.048,0.157,0.769,3077,0,0,3129,0,1709,0,1572,46,1.060,1,2260,0,229.846,12.075,-149.500,-116.250,130.250,-0.281,-0.770,0.516,9.930,6.871,-4.621,0.476,0.336,1.303,1.383,2,NULL,NULL,,3,0,2,7,255,1361,250,0,0
stim,226069,256190,0,256190,3453519.455,-0.614,-0.045,0.151,0.773,3081,0,0,3141,0,1821,0,1609,46,1.060,1,2260,0,175.351,8.339,-81.875,-118.563,99.938,-0.582,-0.332,0.711,8.332,0.340,-4.621,0.436,0.296,1.303,1.383,2,NULL,NULL,,3,0,2,7,255,1361,250,0,0
stim,226069,256190,0,256190,3453524.454,-0.613,-0.043,0.147,0.775,3089,0,0,3154,0,1917,0,1669,46,1.060,1,2260,0,137.430,5.733,-49.750,-120.063,44.688,-0.559,0.211,1.051,5.043,-2.727,-2.176,0.396,0.260,1.303,1.383,2,NULL,NULL,,3,0,2,7,255,1361,250,0,0
stim,226092,256213,0,256213,3453529.455,-0.614,-0.040,0.142,0.776,3096,0,0,3159,0,2008,0,1701,46,1.060,1,2260,0,131.179,2.728,-59.313,-117.000,-1.000,-0.273,0.430,1.246,0.098,-2.727,1.695,0.360,0.234,1.303,1.383,2,NULL,NULL,,3,0,2,7,255,1361,250,0,0
stim,226092,256213,0,256213,3453534.453,-0.615,-0.038,0.136,0.776,3093,0,0,3159,0,2090,9,1751,46,1.060,1,2260,0,143.722,0.841,-88.438,-113.063,-7.188,-0.055,0.188,1.230,-0.801,-0.258,2.176,0.338,0.212,1.303,1.383,2,NULL,NULL,,3,0,2,7,255,1361,250,0,0
stim,226092,256213,0,256213,3453539.455,-0.615,-0.038,0.129,0.777,3103,0,0,3175,101,2194,37,1880,46,1.060,1,2260,0,156.833,2.216,-113.125,-108.625,0.125,-0.055,-0.195,1.074,-0.801,2.066,2.176,0.320,0.190,1.303,1.383,2,NULL,NULL,,3,0,2,7,255,1361,250,0,0
stim,226092,256213,0,256213,3453544.454,-0.615,-0.037,0.123,0.778,3095,0,0,3171,326,2261,175,1983,46,1.060,1,2260,0,143.394,3.567,-100.500,-102.250,2.563,0.031,-0.379,0.980,2.637,2.402,0.258,0.304,0.170,1.303,1.383,2,NULL,NULL,,3,0,2,7,255,1361,250,0,0
stim,226115,256236,0,256236,3453549.455,-0.616,-0.036,0.120,0.778,3091,0,0,3163,558,2299,166,2091,46,1.060,1,2260,0,81.096,4.198,-39.938,-64.625,-28.375,0.234,-0.258,1.434,2.652,3.254,0.258,0.294,0.150,1.303,1.383,2,NULL,NULL,,3,0,2,7,255,1361,250,0,0
stim,226115,256236,0,256236,3453554.454,-0.617,-0.036,0.117,0.777,3091,0,0,3167,799,2283,173,2140,46,1.060,1,2260,0,72.542,6.407,-47.125,-48.125,-26.938,0.484,0.129,1.156,2.652,5.832,0.391,0.294,0.130,1.303,1.383,2,NULL,NULL,,3,0,2,7,255,1361,250,0,0
stim,226115,256236,0,256236,3453559.455,-0.617,-0.035,0.115,0.778,3099,0,0,3165,951,2364,198,2207,46,1.060,1,2260,0,45.254,6.092,-21.875,-39.438,3.750,0.488,0.641,1.137,-1.762,5.832,0.750,0.306,0.108,1.303,1.383,2,NULL,NULL,,3,0,2,7,255,1361,250,0,0
stim,226115,256236,0,256236,3453564.453,-0.616,-0.035,0.113,0.778,3095,3,0,3173,1107,2387,235,2252,46,1.060,1,2260,0,49.133,5.945,-33.750,-23.438,26.938,-0.055,0.313,1.418,-2.168,5.535,0.750,0.320,0.088,1.303,1.383,2,NULL,NULL,,3,0,2,7,255,1361,250,0,0
stim,226136,256257,0,256257,3453569.455,-0.616,-0.037,0.109,0.779,3090,21,0,3228,1179,2403,237,2303,46,1.060,1,2260,0,97.277,2.759,-95.125,-20.250,-2.000,-0.520,0.063,1.242,-2.168,1.707,3.117,0.332,0.072,1.303,1.383,2,NULL,NULL,,3,0,2,7,255,1361,250,0,0
stim,226136,256257,0,256257,3453574.454,-0.618,-0.039,0.106,0.778,3099,31,0,3179,1271,2429,239,2350,46,1.060,1,2260,0,103.666,1.849,-84.438,-17.625,-57.500,-0.320,0.137,0.754,-0.367,-1.813,3.117,0.338,0.064,1.303,1.383,2,NULL,NULL,,3,0,2,7,255,1361,250,0,0
stim,226167,256288,0,256288,3453579.455,-0.621,-0.039,0.104,0.776,3097,52,0,3179,1353,2441,239,2377,46,1.060,1,2260,0,92.608,1.849,-32.188,-16.188,-85.313,-0.008,0.137,0.875,-0.367,-1.813,-1.293,0.342,0.058,1.303,1.383,2,NULL,NULL,,3,0,2,7,255,1361,250,0,0
stim,226167,256288,0,256288,3453584.454,-0.623,-0.040,0.103,0.774,3100,69,0,3179,1443,2395,238,2398,46,1.060,1,2260,0,70.565,1.506,-19.375,-12.188,-66.750,0.195,0.063,1.145,-0.695,1.336,-1.293,0.348,0.052,1.303,1.383,2,NULL,NULL,,3,0,2,7,255,1361,250,0,0
stim,226167,256288,0,256288,3453589.456,-0.624,-0.041,0.101,0.773,3099,98,0,3185,1517,2466,241,2416,46,1.060,1,2260,0,56.516,3.095,-47.375,-7.563,-29.875,0.078,-0.012,1.168,-0.695,3.016,0.859,0.352,0.044,1.303,1.383,2,NULL,NULL,,3,0,2,7,255,1361,250,0,0
stim,226167,256288,0,256288,3453594.453,-0.625,-0.043,0.099,0.773,3089,104,0,3183,1575,2477,245,2445,46,1.060,1,2260,0,68.096,3.024,-65.313,-3.875,-18.875,-0.176,-0.020,0.953,0.219,3.016,0.859,0.358,0.038,1.303,1.383,2,NULL,NULL,,3,0,2,7,255,1361,250,0,0
stim,226167,256288,0,256288,3453599.455,-0.626,-0.044,0.097,0.772,3089,121,0,3179,1623,2494,262,2461,46,1.060,1,2260,0,65.182,0.291,-52.250,-4.125,-38.750,-0.281,0.055,0.848,0.219,0.191,-0.336,0.360,0.034,1.303,1.383,2,NULL,NULL,,3,0,2,7,255,1361,250,0,0
stim,226167,256288,0,256288,3453604.454,-0.628,-0.045,0.095,0.771,3096,150,0,3195,1657,2501,269,2485,46,1.060,1,2260,0,65.078,0.260,-32.000,-5.750,-56.375,-0.141,0.031,0.934,0.176,0.191,-0.566,0.362,0.032,1.303,1.383,2,NULL,NULL,,3,0,2,7,255,1361,250,0,0
stim,226167,256288,0,256288,3453609.455,-0.630,-0.046,0.094,0.770,3093,173,19,3187,1702,2510,279,2487,46,1.060,1,2260,0,56.879,0.400,-28.000,-5.063,-49.250,0.000,-0.039,1.035,0.176,0.359,-0.566,0.364,0.028,1.303,1.383,2,NULL,NULL,,3,0,2,7,255,1361,250,0,0
stim,226167,256288,0,256288,3453614.454,-0.631,-0.046,0.092,0.769,3100,215,55,3189,1758,2463,284,2494,46,1.060,1,2260,0,44.536,2.050,-34.625,-3.813,-27.750,0.027,-0.070,1.020,0.469,1.996,-0.090,0.368,0.024,1.303,1.383,2,NULL,NULL,,3,0,2,7,255,1361,250,0,0
stim,226167,256288,0,256288,3453619.455,-0.631,-0.047,0.091,0.769,3101,235,53,3195,1791,2524,281,2503,46,1.060,1,2260,0,34.831,2.105,-32.500,-2.313,-12.313,-0.023,-0.090,0.945,0.668,1.996,-0.090,0.372,0.016,1.303,1.383,2,NULL,NULL,,3,0,2,7,255,1361,250,0,0
stim,226167,256288,0,256288,3453624.454,-0.631,-0.048,0.090,0.769,3109,235,121,3197,1820,2535,291,2509,46,1.060,1,2260,0,21.934,1.946,-21.375,-2.125,-4.438,-0.090,-0.102,0.914,0.934,1.707,-0.727,0.374,0.008,1.303,1.383,2,NULL,NULL,,3,0,2,7,255,1361,250,0,0
stim,226203,256324,0,256324,3453629.455,-0.631,-0.048,0.089,0.769,3093,247,141,3237,1843,2527,295,2511,46,1.060,1,2260,0,12.407,1.404,-12.125,-2.625,-0.125,-0.141,-0.070,0.953,0.949,1.035,-0.727,0.378,0.004,1.303,1.383,2,NULL,NULL,,3,0,2,7,255,1361,250,0,0
stim,226203,256324,0,256324,3453634.454,-0.631,-0.048,0.089,0.769,3098,251,178,3195,1870,2535,293,2522,46,1.060,1,2260,0,9.158,1.095,-8.625,-3.063,-0.313,-0.172,0.000,1.000,0.949,0.547,-0.418,0.378,0.000,1.303,1.383,2,NULL,NULL,,3,0,2,7,255,1361,250,0,0
stim,226203,256324,0,256324,3453639.455,-0.631,-0.048,0.088,0.769,3096,266,211,3209,1883,2541,295,2529,46,1.016,1,2260,1,7.997,0.437,-6.750,-3.125,-2.938,-0.160,0.035,1.023,0.320,0.297,0.117,0.000,0.000,1.258,1.331,2,NULL,NULL,,3,0,2,7,255,1361,250,0,0
stim,226203,256324,0,256324,3453644.454,-0.631,-0.048,0.088,0.769,3103,264,235,3194,1896,2516,284,2524,46,1.016,1,2260,1,7.548,0.355,-6.500,-3.063,-2.313,-0.133,0.004,1.020,0.195,0.297,0.230,0.004,0.002,1.258,1.331,2,NULL,NULL,,3,0,2,7,255,1361,250,0,0
stim,226203,256324,0,256324,3453649.455,-0.631,-0.048,0.088,0.769,3093,269,283,3192,1915,2537,284,2531,46,1.016,1,2260,1,8.242,0.618,-7.125,-3.438,2.313,-0.133,-0.031,0.996,0.195,0.586,0.230,0.006,0.006,1.258,1.331,2,NULL,NULL,,3,0,2,7,255,1361,250,0,0
stim,226203,256324,0,256324,3453654.453,-0.631,-0.048,0.087,0.769,3093,273,308,3192,1939,2541,283,2535,46,1.016,1,2260,1,8.106,0.775,-5.375,-3.438,5.000,-0.156,-0.039,0.973,0.508,0.586,-0.012,0.008,0.008,1.258,1.331,2,NULL,NULL,,3,0,2,7,255,1361,250,0,0
stim,226235,256356,0,256356,3453659.457,-0.631,-0.048,0.087,0.769,3091,261,327,3195,1945,2535,279,2535,46,1.016,1,2260,1,6.994,0.671,-1.938,-4.625,4.875,-0.176,-0.027,0.969,0.574,0.348,-0.199,0.010,0.010,1.258,1.331,2,NULL,NULL,,3,0,2,7,255,1361,250,0,0
stim,226235,256356,0,256356,3453664.454,-0.631,-0.048,0.087,0.770,3083,261,344,3181,1961,2547,278,2541,46,1.016,1,2260,1,6.600,0.604,1.625,-5.313,3.563,-0.168,0.000,0.977,0.574,0.188,-0.199,0.012,0.012,1.258,1.331,2,NULL,NULL,,3,0,2,7,255,1361,250,0,0
stim,226235,256356,0,256356,3453669.455,-0.631,-0.048,0.087,0.770,3082,250,362,3191,1977,2537,279,2549,46,1.016,1,2260,1,8.781,0.341,3.563,-6.375,4.875,-0.164,0.035,1.000,0.297,0.168,-0.102,0.014,0.014,1.258,1.331,2,NULL,NULL,,3,0,2,7,255,1361,250,0,0
stim,226235,256356,0,256356,3453674.454,-0.630,-0.047,0.087,0.770,3081,251,419,3177,1989,2521,294,2549,46,1.016,1,2260,1,9.197,0.179,2.750,-6.938,5.375,-0.188,0.070,1.016,-0.063,0.168,0.109,0.016,0.016,1.258,1.331,2,NULL,NULL,,3,0,2,7,255,1361,250,0,0
stim,226270,256391,0,256391,3453679.455,-0.630,-0.047,0.087,0.770,3065,248,459,3179,2003,2537,300,2567,46,1.016,1,2260,1,7.502,0.362,0.813,-7.250,1.750,-0.195,0.086,1.020,-0.355,-0.070,0.344,0.018,0.018,1.258,1.331,2,NULL,NULL,,3,0,2,7,255,1361,250,0,0
stim,226270,256391,0,256391,3453684.453,-0.631,-0.047,0.086,0.770,3054,248,491,3167,2020,2535,310,2555,46,1.016,1,2260,1,7.897,0.362,0.250,-7.375,-2.813,-0.164,0.063,1.004,-0.355,-0.070,0.344,0.018,0.020,1.258,1.331,2,NULL,NULL,,3,0,2,7,255,1361,250,0,0
stim,226270,256391,0,256391,3453689.457,-0.631,-0.047,0.086,0.770,3059,247,529,3173,2022,2535,316,2570,46,1.016,1,2260,1,7.869,0.332,0.813,-7.438,-2.438,-0.141,0.035,0.996,-0.316,0.102,0.176,0.020,0.022,1.258,1.331,2,NULL,NULL,,3,0,2,7,255,1361,250,0,0
stim,226270,256391,0,256391,3453694.454,-0.631,-0.046,0.086,0.770,3049,237,554,3170,2037,2535,313,2575,46,1.016,1,2260,1,7.473,0.302,1.125,-7.375,-0.438,-0.148,0.027,1.000,-0.086,0.289,0.082,0.022,0.022,1.258,1.331,2,NULL,NULL,,3,0,2,7,255,1361,250,0,0
stim,226270,256391,0,256391,3453699.455,-0.631,-0.046,0.086,0.770,3029,236,587,3147,2045,2526,327,2583,46,1.016,1,2260,1,7.706,0.291,1.188,-7.500,-1.313,-0.184,0.039,0.996,-0.031,0.289,0.082,0.022,0.024,1.258,1.331,2,NULL,NULL,,3,0,2,7,255,1361,250,0,0
stim,226270,256391,0,256391,3453704.454,-0.631,-0.046,0.086,0.770,3027,237,620,3149,2069,2529,333,2585,46,1.016,1,2260,1,9.726,0.053,2.000,-7.813,-5.438,-0.195,0.063,1.000,-0.031,-0.043,0.129,0.022,0.026,1.258,1.331,2,NULL,NULL,,3,0,2,7,255,1361,250,0,0
stim,226271,256392,0,256392,3453709.457,-0.631,-0.045,0.086,0.769,3007,235,663,3129,2077,2517,350,2591,46,1.016,1,2260,1,12.630,0.265,2.063,-8.063,-9.500,-0.188,0.070,1.012,-0.223,-0.145,0.191,0.022,0.028,1.258,1.331,2,NULL,NULL,,3,0,2,7,255,1361,250,0,0
stim,226271,256392,0,256392,3453714.453,-0.632,-0.045,0.085,0.769,2997,233,700,3117,2109,2520,357,2597,46,1.016,1,2260,1,14.200,0.355,1.000,-8.688,-11.188,-0.184,0.074,1.012,-0.324,-0.145,0.270,0.022,0.028,1.258,1.331,2,NULL,NULL,,3,0,2,7,255,1361,250,0,0
stim,226271,256392,0,256392,3453719.455,-0.632,-0.045,0.085,0.769,2984,239,731,3099,2143,2519,379,2603,46,1.016,1,2260,1,15.297,0.402,0.250,-9.563,-11.938,-0.195,0.098,1.008,-0.375,-0.145,0.281,0.024,0.030,1.258,1.331,2,NULL,NULL,,3,0,2,7,255,1361,250,0,0
stim,226271,256392,0,256392,3453724.454,-0.633,-0.044,0.085,0.768,2969,245,799,3092,2173,2509,384,2607,46,1.016,1,2260,1,18.275,0.641,-0.188,-10.438,-15.000,-0.203,0.129,1.020,-0.578,-0.277,0.285,0.024,0.030,1.258,1.331,2,NULL,NULL,,3,0,2,7,255,1361,250,0,0
stim,226304,256425,0,256425,3453729.455,-0.633,-0.044,0.085,0.768,2955,247,844,3087,2215,2511,415,2617,46,1.016,1,2260,1,23.010,0.884,-1.063,-10.875,-20.250,-0.188,0.148,1.027,-0.840,-0.277,0.402,0.024,0.032,1.258,1.331,2,NULL,NULL,,3,0,2,7,255,1361,250,0,0
stim,226304,256425,0,256425,3453734.453,-0.634,-0.044,0.084,0.767,2932,244,915,3054,2233,2455,451,2623,46,1.016,1,2260,1,25.231,1.112,-1.938,-11.125,-22.563,-0.148,0.168,1.031,-1.078,-0.273,0.453,0.022,0.032,1.258,1.331,2,NULL,NULL,,3,0,2,7,255,1361,250,0,0
stim,226304,256425,0,256425,3453739.455,-0.635,-0.043,0.084,0.767,2915,258,990,3044,2265,2507,478,2631,46,1.016,1,2260,1,24.494,1.325,-4.250,-10.938,-21.500,-0.133,0.172,1.035,-1.324,0.047,0.469,0.022,0.030,1.258,1.331,2,NULL,NULL,,3,0,2,7,255,1361,250,0,0
stim,226304,256425,0,256425,3453744.453,-0.636,-0.043,0.083,0.766,2899,255,1083,3041,2294,2508,533,2648,46,1.016,1,2260,1,25.900,1.325,-8.000,-10.438,-22.313,-0.148,0.164,1.035,-1.324,0.047,0.484,0.020,0.028,1.258,1.331,2,NULL,NULL,,3,0,2,7,255,1361,250,0,0
stim,226304,256425,0,256425,3453749.455,-0.636,-0.043,0.083,0.766,2861,253,1141,3061,2317,2493,579,2647,46,1.016,1,2260,1,30.194,1.311,-11.000,-9.750,-26.375,-0.145,0.133,1.020,-1.309,0.086,0.484,0.018,0.022,1.258,1.331,2,NULL,NULL,,3,0,2,7,255,1361,250,0,0
stim,226304,256425,0,256425,3453754.454,-0.637,-0.043,0.082,0.765,2840,265,1225,2997,2357,2503,655,2657,46,1.016,1,2260,1,33.220,1.027,-12.500,-9.188,-29.375,-0.121,0.098,1.000,-1.023,0.086,0.309,0.018,0.018,1.258,1.331,2,NULL,NULL,,3,0,2,7,255,1361,250,0,0
stim,226323,256444,0,256444,3453759.455,-0.638,-0.043,0.081,0.764,2814,265,1336,2982,2379,2483,723,2663,46,1.016,1,2260,1,32.559,0.811,-11.938,-8.750,-29.000,-0.109,0.070,0.984,-0.730,0.352,0.066,0.020,0.012,1.258,1.331,2,NULL,NULL,,3,0,2,7,255,1361,250,0,0
stim,226323,256444,0,256444,3453764.453,-0.639,-0.043,0.080,0.763,2796,267,1403,3014,2405,2487,823,2667,46,1.016,1,2260,1,30.788,0.627,-11.250,-8.875,-27.250,-0.137,0.066,0.984,-0.520,0.352,-0.047,0.024,0.006,1.258,1.331,2,NULL,NULL,,3,0,2,7,255,1361,250,0,0
stim,226323,256444,0,256444,3453769.455,-0.640,-0.043,0.080,0.763,2764,269,1481,2958,2424,2489,895,2681,46,1.016,1,2260,1,33.358,0.494,-12.563,-9.000,-29.563,-0.172,0.070,1.000,-0.441,0.223,-0.047,0.030,0.006,1.258,1.331,2,NULL,NULL,,3,0,2,7,255,1361,250,0,0
stim,226323,256444,0,256444,3453774.454,-0.642,-0.043,0.079,0.762,2743,276,1583,2938,2461,2489,989,2683,46,1.016,1,2260,1,40.442,0.462,-15.250,-9.188,-36.313,-0.184,0.074,1.016,-0.441,-0.137,0.145,0.036,0.006,1.258,1.331,2,NULL,NULL,,3,0,2,7,255,1361,250,0,0
stim,226370,256491,0,256491,3453779.455,-0.643,-0.044,0.078,0.761,2709,300,1695,2956,2480,2479,1111,2685,46,1.016,1,2260,1,48.577,0.447,-20.125,-8.875,-43.313,-0.156,0.055,1.020,-0.426,-0.137,0.297,0.038,0.008,1.258,1.331,2,NULL,NULL,,3,0,2,7,255,1361,250,0,0
stim,226370,256491,0,256491,3453784.454,-0.644,-0.044,0.077,0.760,2669,312,1779,2918,2509,2485,1172,2701,46,1.016,1,2260,1,51.929,0.325,-25.750,-8.688,-44.250,-0.133,0.016,1.004,-0.316,0.074,0.297,0.042,0.010,1.258,1.331,2,NULL,NULL,,3,0,2,7,255,1361,250,0,0
stim,226370,256491,0,256491,3453789.457,-0.646,-0.045,0.075,0.759,2645,306,1846,2901,2536,2488,1255,2709,46,1.016,1,2260,1,50.994,0.325,-28.313,-8.750,-41.500,-0.125,-0.004,0.961,-0.020,0.324,0.098,0.042,0.010,1.258,1.331,2,NULL,NULL,,3,0,2,7,255,1361,250,0,0
stim,226370,256491,0,256491,3453794.453,-0.647,-0.045,0.074,0.758,2607,335,1933,2885,2555,2489,1339,2713,46,1.016,1,2260,1,47.775,0.343,-25.875,-9.063,-39.125,-0.137,-0.008,0.941,0.113,0.324,-0.324,0.042,0.008,1.258,1.331,2,NULL,NULL,,3,0,2,7,255,1361,250,0,0
stim,226370,256491,0,256491,3453799.455,-0.648,-0.046,0.073,0.757,2581,347,2029,2868,2587,2478,1416,2725,46,1.016,1,2260,1,46.488,0.259,-24.188,-9.438,-38.563,-0.148,-0.043,0.957,0.160,0.203,-0.324,0.042,0.006,1.258,1.331,2,NULL,NULL,,3,0,2,7,255,1361,250,0,0
stim,226370,256491,0,256491,3453804.453,-0.650,-0.046,0.071,0.756,2533,393,2133,2859,2599,2485,1520,2740,46,1.016,1,2260,1,47.207,0.510,-23.813,-9.813,-39.563,-0.152,-0.078,0.965,0.480,0.172,-0.316,0.040,0.006,1.258,1.331,2,NULL,NULL,,3,0,2,7,255,1361,250,0,0
stim,226370,256491,0,256491,3453809.455,-0.651,-0.047,0.070,0.754,2489,409,2183,2834,2617,2478,1596,2735,46,1.016,1,2260,1,47.751,0.819,-23.875,-9.750,-40.188,-0.129,-0.090,0.969,0.801,0.172,-0.270,0.040,0.006,1.258,1.331,2,NULL,NULL,,3,0,2,7,255,1361,250,0,0
stim,226370,256491,0,256491,3453814.454,-0.652,-0.047,0.069,0.754,2461,427,2253,2815,2637,2478,1657,2743,46,1.016,1,2260,1,45.483,0.888,-24.125,-10.188,-37.188,-0.125,-0.082,0.969,0.801,0.383,-0.262,0.040,0.006,1.258,1.331,2,NULL,NULL,,3,0,2,7,255,1361,250,0,0
stim,226370,256491,0,256491,3453819.455,-0.653,-0.048,0.068,0.753,2423,441,2311,2799,2659,2479,1715,2749,46,1.016,1,2260,1,43.874,0.846,-24.625,-10.938,-34.625,-0.141,-0.035,1.000,0.754,0.383,-0.250,0.040,0.008,1.258,1.331,2,NULL,NULL,,3,0,2,7,255,1361,250,0,0
stim,226370,256491,0,256491,3453824.454,-0.654,-0.048,0.066,0.752,2387,457,2367,2783,2679,2478,1802,2760,46,1.016,1,2260,1,48.047,0.366,-28.938,-11.188,-36.688,-0.152,0.012,1.027,0.297,0.215,0.090,0.042,0.010,1.258,1.331,2,NULL,NULL,,3,0,2,7,255,1361,250,0,0
stim,226391,256512,0,256512,3453829.455,-0.656,-0.049,0.064,0.751,2333,472,2426,2765,2699,2477,1876,2773,46,1.016,1,2260,1,55.079,0.189,-36.125,-11.563,-39.938,-0.152,0.027,1.047,-0.176,0.070,0.348,0.042,0.010,1.258,1.331,2,NULL,NULL,,3,0,2,7,255,1361,250,0,0
stim,226391,256512,0,256512,3453834.454,-0.657,-0.050,0.063,0.750,2282,491,2477,2741,2712,2477,1931,2781,46,1.016,1,2260,1,62.202,0.359,-43.125,-11.313,-43.375,-0.125,0.039,1.031,-0.352,0.070,0.355,0.044,0.010,1.258,1.331,2,NULL,NULL,,3,0,2,7,255,1361,250,0,0
stim,226391,256512,0,256512,3453839.455,-0.658,-0.051,0.061,0.749,2237,510,2525,2719,2727,2475,1989,2787,46,1.016,1,2260,1,59.930,0.600,-41.250,-10.750,-42.125,-0.086,0.047,0.945,-0.527,0.285,0.355,0.044,0.008,1.258,1.331,2,NULL,NULL,,3,0,2,7,255,1361,250,0,0
stim,226391,256512,0,256512,3453844.454,-0.659,-0.051,0.059,0.748,2187,533,2569,2695,2743,2476,2041,2793,46,1.016,1,2260,1,49.528,0.727,-32.313,-11.438,-35.750,-0.086,0.000,0.930,-0.527,0.500,-0.551,0.046,0.006,1.258,1.331,2,NULL,NULL,,3,0,2,7,255,1361,250,0,0
stim,226421,256542,0,256542,3453849.455,-0.660,-0.052,0.058,0.747,2140,542,2598,2671,2751,2475,2094,2799,46,1.016,1,2260,1,42.787,0.564,-26.438,-11.813,-31.500,-0.117,-0.055,0.984,-0.262,0.500,-0.551,0.046,0.006,1.258,1.331,2,NULL,NULL,,3,0,2,7,255,1361,250,0,0
stim,226421,256542,0,256542,3453854.453,-0.661,-0.052,0.056,0.746,2091,557,2633,2644,2767,2451,2141,2808,46,1.016,1,2260,1,44.852,0.426,-28.375,-11.750,-32.688,-0.145,-0.059,1.027,0.262,0.336,-0.090,0.048,0.006,1.258,1.331,2,NULL,NULL,,3,0,2,7,255,1361,250,0,0
stim,226421,256542,0,256542,3453859.457,-0.663,-0.053,0.055,0.745,2019,566,2659,2613,2783,2474,2195,2813,46,1.016,1,2260,1,48.665,0.373,-31.000,-11.563,-35.688,-0.121,-0.027,1.004,0.262,0.266,0.078,0.052,0.006,1.258,1.331,2,NULL,NULL,,3,0,2,7,255,1361,250,0,0
stim,226421,256542,0,256542,3453864.454,-0.664,-0.053,0.054,0.744,1943,585,2693,2595,2796,2479,2233,2825,46,1.016,1,2260,1,46.724,0.269,-30.125,-11.688,-33.750,-0.090,-0.008,0.980,-0.043,0.266,0.078,0.054,0.006,1.258,1.331,2,NULL,NULL,,3,0,2,7,255,1361,250,0,0
stim,226421,256542,0,256542,3453869.455,-0.664,-0.054,0.052,0.744,1881,598,2719,2553,2808,2471,2275,2829,46,1.016,1,2260,1,43.812,0.423,-29.563,-11.750,-30.125,-0.102,-0.031,1.000,-0.066,0.418,0.039,0.054,0.006,1.258,1.331,2,NULL,NULL,,3,0,2,7,255,1361,250,0,0
stim,226421,256542,0,256542,3453874.454,-0.665,-0.054,0.051,0.743,1819,605,2743,2519,2823,2471,2311,2838,46,1.016,1,2260,1,44.183,0.423,-31.750,-11.938,-28.313,-0.129,-0.063,1.012,-0.066,0.418,0.039,0.054,0.004,1.258,1.331,2,NULL,NULL,,3,0,2,7,255,1361,250,0,0
stim,226466,256587,0,256587,3453879.455,-0.666,-0.055,0.049,0.742,1739,603,2771,2475,2836,2469,2341,2847,46,1.016,1,2260,1,45.998,0.273,-33.313,-12.563,-29.125,-0.145,-0.063,0.992,0.191,0.195,0.039,0.056,0.004,1.258,1.331,2,NULL,NULL,,3,0,2,7,255,1361,250,0,0
stim,226466,256587,0,256587,3453884.453,-0.667,-0.055,0.048,0.741,1647,601,2792,2420,2844,2446,2381,2853,46,1.016,1,2260,1,43.641,0.195,-29.625,-13.500,-29.063,-0.133,-0.039,0.965,0.191,0.035,0.035,0.056,0.006,1.258,1.331,2,NULL,NULL,,3,0,2,7,255,1361,250,0,0
stim,226466,256587,0,256587,3453889.457,-0.668,-0.056,0.046,0.741,1533,587,2811,2365,2855,2463,2413,2860,46,1.016,1,2260,1,38.844,0.056,-22.875,-14.563,-27.813,-0.137,-0.023,0.969,-0.051,0.023,-0.230,0.056,0.006,1.258,1.331,2,NULL,NULL,,3,0,2,7,255,1361,250,0,0
stim,226466,256587,0,256587,3453894.454,-0.669,-0.056,0.045,0.740,1415,573,2837,2301,2863,2463,2453,2868,46,1.016,1,2260,1,37.375,0.219,-19.500,-15.813,-27.688,-0.141,-0.027,1.008,-0.219,0.000,-0.230,0.056,0.006,1.258,1.331,2,NULL,NULL,,3,0,2,7,255,1361,250,0,0
stim,226466,256587,0,256587,3453899.455,-0.670,-0.056,0.044,0.739,1289,557,2855,2245,2875,2459,2484,2873,46,1.016,1,2260,1,38.602,0.219,-20.625,-16.438,-28.188,-0.133,-0.031,1.035,-0.219,0.000,0.176,0.058,0.008,1.258,1.331,2,NULL,NULL,,3,0,2,7,255,1361,250,0,0
stim,226466,256587,0,256587,3453904.453,-0.671,-0.056,0.043,0.739,1165,547,2873,2165,2887,2455,2511,2877,46,1.016,1,2260,1,40.330,0.221,-23.438,-16.813,-28.188,-0.117,-0.039,1.031,-0.211,0.066,0.367,0.058,0.008,1.258,1.331,2,NULL,NULL,,3,0,2,7,255,1361,250,0,0
stim,226466,256587,0,256587,3453909.457,-0.671,-0.056,0.041,0.738,1065,505,2889,2087,2893,2451,2533,2887,46,1.016,1,2260,1,39.444,0.280,-24.063,-17.250,-26.063,-0.098,-0.051,1.008,-0.180,0.215,0.367,0.060,0.008,1.258,1.331,2,NULL,NULL,,3,0,2,7,255,1361,250,0,0
stim,226466,256587,0,256587,3453914.454,-0.672,-0.056,0.040,0.737,969,466,2901,1973,2903,2419,2555,2891,46,1.016,1,2260,1,37.317,0.284,-22.625,-17.625,-23.875,-0.105,-0.063,1.008,-0.090,0.270,0.125,0.060,0.008,1.258,1.331,2,NULL,NULL,,3,0,2,7,255,1361,250,0,0
stim,226489,256610,0,256610,3453919.455,-0.673,-0.056,0.038,0.737,809,408,2910,1849,2910,2429,2583,2895,46,1.016,1,2260,1,35.592,0.271,-21.000,-18.563,-21.938,-0.121,-0.059,1.000,-0.023,0.270,0.102,0.060,0.008,1.258,1.331,2,NULL,NULL,,3,0,2,7,255,1361,250,0,0
stim,226489,256610,0,256610,3453924.454,-0.673,-0.056,0.037,0.736,681,397,2925,1708,2920,2423,2605,2901,46,1.016,1,2260,1,34.564,0.127,-18.250,-18.625,-22.688,-0.113,-0.035,0.988,-0.023,0.125,0.082,0.060,0.010,1.258,1.331,2,NULL,NULL,,3,0,2,7,255,1361,250,0,0
stim,226489,256610,0,256610,3453929.455,-0.674,-0.056,0.036,0.736,553,372,2937,1564,2927,2409,2623,2902,46,1.016,1,2260,1,32.775,0.289,-14.500,-19.563,-21.938,-0.113,-0.023,1.000,-0.266,0.113,0.055,0.062,0.010,1.258,1.331,2,NULL,NULL,,3,0,2,7,255,1361,250,0,0
stim,226489,256610,0,256610,3453934.453,-0.675,-0.055,0.035,0.735,391,348,2950,1431,2940,2408,2645,2915,46,1.016,1,2260,1,30.926,0.410,-11.563,-20.125,-20.438,-0.113,-0.023,1.031,-0.391,0.125,0.055,0.062,0.010,1.258,1.331,2,NULL,NULL,,3,0,2,7,255,1361,250,0,0
stim,226489,256610,0,256610,3453939.455,-0.675,-0.055,0.034,0.735,295,287,2963,1263,2949,2381,2665,2911,46,1.016,1,2260,1,31.536,0.448,-13.063,-21.063,-19.500,-0.105,-0.027,1.043,-0.426,0.141,0.340,0.064,0.012,1.258,1.331,2,NULL,NULL,,3,0,2,7,255,1361,250,0,0
stim,226489,256610,0,256610,3453944.454,-0.676,-0.055,0.033,0.734,173,247,2971,1051,2957,2349,2685,2915,46,1.016,1,2260,1,33.359,0.448,-13.625,-21.625,-21.438,-0.117,-0.027,1.031,-0.426,0.141,0.367,0.064,0.012,1.258,1.331,2,NULL,NULL,,3,0,2,7,255,1361,250,0,0
stim,226513,256634,0,256634,3453949.455,-0.677,-0.054,0.032,0.734,109,199,2980,870,2963,2343,2699,2921,46,1.016,1,2260,1,32.100,0.429,-8.750,-24.000,-19.438,-0.113,-0.004,1.027,-0.426,0.051,0.367,0.066,0.012,1.258,1.331,2,NULL,NULL,,3,0,2,7,255,1361,250,0,0
stim,226513,256634,0,256634,3453954.453,-0.677,-0.054,0.031,0.733,61,163,2989,704,2982,2319,2717,2936,46,1.016,1,2260,1,33.843,0.630,-6.875,-25.000,-21.750,-0.117,0.020,1.035,-0.629,0.035,0.367,0.068,0.012,1.258,1.331,2,NULL,NULL,,3,0,2,7,255,1361,250,0,0
stim,226513,256634,0,256634,3453959.455,-0.678,-0.053,0.030,0.733,31,133,2991,550,2979,2297,2731,2927,46,1.016,1,2260,1,34.568,0.867,-1.063,-27.813,-20.500,-0.121,0.035,1.063,-0.867,-0.020,0.379,0.068,0.012,1.258,1.331,2,NULL,NULL,,3,0,2,7,255,1361,250,0,0
stim,226513,256634,0,256634,3453964.453,-0.679,-0.052,0.029,0.732,7,99,3002,371,2986,2275,2749,2931,46,1.016,1,2260,1,36.810,1.047,-2.125,-29.938,-21.313,-0.086,0.063,1.086,-1.047,-0.020,0.629,0.070,0.014,1.258,1.331,2,NULL,NULL,,3,0,2,7,255,1361,250,0,0
stim,226533,256654,0,256654,3453969.455,-0.679,-0.051,0.028,0.732,0,68,3006,249,2992,2250,2773,2934,46,1.016,1,2260,1,37.672,1.307,-2.938,-31.750,-20.063,-0.094,0.055,1.109,-1.297,0.160,0.809,0.072,0.014,1.258,1.331,2,NULL,NULL,,3,0,2,7,255,1361,250,0,0
stim,226533,256654,0,256654,3453974.454,-0.680,-0.049,0.027,0.731,0,43,3015,199,2999,2221,2789,2937,46,1.016,1,2260,1,38.251,1.307,2.563,-36.250,-11.938,-0.152,0.031,1.199,-1.297,0.160,1.035,0.072,0.014,1.258,1.331,2,NULL,NULL,,3,0,2,7,255,1361,250,0,0
stim,226573,256694,0,256694,3453979.455,-0.680,-0.047,0.027,0.732,0,35,3021,157,3005,2201,2808,2941,46,1.016,1,2260,1,51.566,1.108,24.875,-44.375,8.438,-0.297,-0.008,1.438,-1.063,-0.313,1.977,0.074,0.016,1.258,1.331,2,NULL,NULL,,3,0,2,7,255,1361,250,0,0
stim,226573,256694,0,256694,3453984.453,-0.679,-0.046,0.025,0.732,0,18,3023,145,3015,2168,2826,2941,46,1.016,1,2260,1,53.873,1.637,-2.750,-51.688,14.938,-0.297,-0.020,1.520,-0.715,-1.473,4.477,0.074,0.016,1.258,1.331,2,NULL,NULL,,3,0,2,7,255,1361,250,0,0
stim,226573,256694,0,256694,3453989.457,-0.679,-0.045,0.022,0.732,0,4,3038,104,3032,2132,2847,2943,46,1.016,1,2260,0,69.027,1.601,-45.875,-51.563,1.250,-0.234,-0.176,1.238,-0.629,-1.473,4.477,0.076,0.018,1.258,1.331,3,NULL,NULL,,3,0,2,7,255,1361,250,0,0
stim,226573,256694,0,256694,3453994.453,-0.679,-0.045,0.019,0.733,0,0,3034,92,3034,2074,2859,2943,46,1.016,1,2260,0,72.044,1.448,-45.438,-55.875,1.938,-0.164,-0.203,0.973,0.988,-1.059,2.559,0.074,0.022,1.258,1.331,3,NULL,NULL,,3,0,2,7,255,1361,250,0,0
stim,226573,256694,0,256694,3453999.455,-0.678,-0.044,0.017,0.733,0,0,3043,73,3032,2021,2872,2955,46,1.016,1,2260,0,63.516,1.328,-16.813,-60.813,7.313,-0.172,-0.137,0.906,0.988,-0.887,-0.074,0.072,0.028,1.258,1.331,3,NULL,NULL,,3,0,2,7,255,1361,250,0,0
stim,226573,256694,0,256694,3454004.454,-0.678,-0.042,0.015,0.733,0,0,3047,37,3043,1955,2889,2952,46,1.016,1,2260,0,66.761,1.156,8.063,-66.000,6.000,-0.203,-0.074,1.031,0.742,-0.887,-0.074,0.070,0.032,1.258,1.331,3,NULL,NULL,,3,0,2,7,255,1361,250,0,0
stim,226573,256694,0,256694,3454009.455,-0.678,-0.039,0.014,0.734,0,0,3041,4,3047,1895,2899,2965,46,1.016,1,2260,0,70.264,1.091,10.625,-69.438,1.625,-0.195,-0.055,1.164,0.047,-1.090,0.465,0.070,0.038,1.258,1.331,3,NULL,NULL,,3,0,2,7,255,1361,250,0,0
stim,226573,256694,0,256694,3454014.453,-0.678,-0.037,0.012,0.734,0,0,3037,0,3059,1819,2902,2953,46,1.016,1,2260,0,72.072,1.091,1.188,-72.063,0.000,-0.176,-0.105,1.195,0.047,-1.090,1.703,0.070,0.040,1.258,1.331,3,NULL,NULL,,3,0,2,7,255,1361,250,0,0
stim,226573,256694,0,256694,3454019.455,-0.678,-0.035,0.009,0.734,0,0,3043,0,3061,1711,2923,2959,46,1.016,1,2260,0,75.828,0.961,-7.813,-75.250,5.125,-0.145,-0.168,1.141,0.242,-0.930,1.703,0.072,0.044,1.258,1.331,3,NULL,NULL,,3,0,2,7,255,1361,250,0,0
stim,226573,256694,0,256694,3454024.454,-0.678,-0.033,0.006,0.735,0,0,3046,0,3061,1639,2925,2961,46,1.016,1,2260,0,79.342,1.266,-9.875,-78.188,9.188,-0.176,-0.180,1.090,0.859,-0.930,1.531,0.072,0.046,1.258,1.331,3,NULL,NULL,,3,0,2,7,255,1361,250,0,0
stim,226596,256717,0,256717,3454029.455,-0.677,-0.031,0.004,0.735,0,0,3033,0,3056,1527,2932,2955,46,1.016,1,2260,0,82.145,1.430,-5.625,-81.625,7.313,-0.184,-0.164,1.047,0.930,-1.086,1.027,0.072,0.050,1.258,1.331,3,NULL,NULL,,3,0,2,7,255,1361,250,0,0
stim,226596,256717,0,256717,3454034.454,-0.677,-0.028,0.002,0.735,0,0,3027,0,3061,1367,2940,2943,46,1.016,1,2260,0,84.801,1.536,3.875,-84.688,2.063,-0.172,-0.145,1.051,0.930,-1.223,0.637,0.070,0.056,1.258,1.331,3,NULL,NULL,,3,0,2,7,255,1361,250,0,0
stim,226596,256717,0,256717,3454039.455,-0.677,-0.025,-0.001,0.736,0,0,3028,0,3066,1305,2953,2953,46,1.016,1,2260,0,88.155,1.434,8.375,-87.750,1.063,-0.109,-0.141,1.078,0.750,-1.223,0.637,0.070,0.062,1.258,1.331,3,NULL,NULL,,3,0,2,7,255,1361,250,0,0
stim,226596,256717,0,256717,3454044.453,-0.677,-0.022,-0.003,0.736,0,0,3017,0,3078,1147,2971,2951,46,1.016,1,2260,0,91.385,1.025,10.625,-90.563,6.063,-0.113,-0.117,1.098,0.625,-0.813,0.836,0.068,0.068,1.258,1.331,3,NULL,NULL,,3,0,2,7,255,1361,250,0,0
stim,226616,256737,0,256737,3454049.455,-0.676,-0.019,-0.005,0.736,0,0,3013,0,3069,979,2969,2933,46,1.016,1,2260,0,94.806,0.914,10.813,-94.000,5.938,-0.148,-0.098,1.129,0.418,-0.813,1.039,0.068,0.074,1.258,1.331,3,NULL,NULL,,3,0,2,7,255,1361,250,0,0
stim,226616,256737,0,256737,3454054.454,-0.676,-0.015,-0.008,0.736,0,0,3004,0,3069,824,2985,2926,46,1.016,1,2260,0,96.363,1.183,5.313,-96.188,2.375,-0.125,-0.109,1.117,0.367,-1.125,1.199,0.068,0.080,1.258,1.331,3,NULL,NULL,,3,0,2,7,255,1361,250,0,0
stim,226616,256737,0,256737,3454059.455,-0.676,-0.012,-0.011,0.737,0,0,2998,0,3069,683,2983,2927,46,1.016,1,2260,0,99.317,1.198,3.313,-99.250,1.500,-0.121,-0.133,1.098,0.367,-1.141,1.199,0.068,0.084,1.258,1.331,3,NULL,NULL,,3,0,2,7,255,1361,250,0,0
stim,226616,256737,0,256737,3454064.454,-0.676,-0.009,-0.014,0.737,0,0,2987,0,3079,549,2988,2907,46,1.016,1,2260,0,102.694,1.222,3.688,-102.625,-0.813,-0.129,-0.113,1.129,0.438,-1.141,1.199,0.070,0.090,1.258,1.331,3,NULL,NULL,,3,0,2,7,255,1361,250,0,0
stim,226616,256737,0,256737,3454069.455,-0.676,-0.006,-0.017,0.737,0,0,2979,0,3081,423,2995,2901,46,1.016,1,2260,0,105.898,1.226,-0.563,-105.875,2.125,-0.066,-0.121,1.121,0.449,-1.141,1.223,0.072,0.096,1.258,1.331,3,NULL,NULL,,3,0,2,7,255,1361,250,0,0
stim,226616,256737,1,256737,3454074.454,-0.676,-0.002,-0.020,0.737,0,0,2971,0,3087,267,3001,2891,46,1.016,1,2260,0,110.714,1.409,10.125,-110.250,-0.313,-0.129,-0.074,1.023,0.438,-1.340,1.223,0.074,0.104,1.258,1.331,3,NULL,NULL,,3,1,2,7,255,1361,250,0,0
stim,226669,256790,1,256790,3454079.455,-0.675,0.002,-0.022,0.737,0,0,2937,0,3080,157,3005,2863,46,1.016,1,2260,0,115.727,1.066,15.750,-114.500,-5.875,-0.059,-0.012,1.145,0.129,-1.059,1.223,0.076,0.110,1.258,1.331,3,NULL,NULL,,3,1,2,7,255,1361,250,0,0
stim,226669,256790,1,256790,3454084.454,-0.675,0.006,-0.025,0.737,0,0,2923,0,3083,57,3014,2847,46,1.016,1,2260,0,118.467,1.265,17.125,-117.063,-6.125,-0.047,0.051,1.176,-0.594,-1.117,1.352,0.078,0.116,1.258,1.331,3,NULL,NULL,,3,1,2,7,255,1361,250,0,0
stim,226669,256790,1,256790,3454089.455,-0.675,0.011,-0.028,0.737,0,0,2901,0,3083,23,3017,2831,46,1.016,1,2260,0,123.979,1.613,19.500,-122.375,-3.875,-0.055,0.105,1.223,-1.164,-1.117,1.625,0.080,0.122,1.258,1.331,3,NULL,NULL,,3,1,2,7,255,1361,250,0,0
stim,226669,256790,1,256790,3454094.454,-0.675,0.016,-0.031,0.737,0,0,2877,0,3081,0,3021,2809,46,1.016,1,2260,0,129.316,2.193,17.500,-128.125,-0.500,-0.043,0.133,1.305,-1.715,-1.367,2.035,0.082,0.128,1.258,1.331,3,NULL,NULL,,3,1,2,7,255,1361,250,0,0
stim,226669,256790,1,256790,3454099.455,-0.674,0.020,-0.034,0.737,0,0,2847,0,3083,0,3029,2780,46,1.016,1,2260,0,134.112,2.472,8.875,-133.625,7.188,-0.051,0.180,1.406,-1.988,-1.469,2.816,0.086,0.134,1.258,1.331,3,NULL,NULL,,3,1,2,7,255,1361,250,0,0
stim,226669,256790,1,256790,3454104.453,-0.674,0.024,-0.038,0.738,0,0,2815,0,3079,0,3029,2744,46,1.016,1,2260,0,138.105,2.964,-9.938,-137.250,11.688,-0.039,0.168,1.469,-2.352,-1.805,3.785,0.090,0.140,1.258,1.331,3,NULL,NULL,,3,1,2,7,255,1361,250,0,0
stim,226669,256790,1,256790,3454109.455,-0.673,0.028,-0.043,0.738,0,0,2786,0,3077,0,3032,2709,46,1.016,1,2260,0,144.544,3.020,-18.750,-141.813,20.750,-0.074,0.102,1.477,-2.352,-1.895,4.371,0.096,0.144,1.258,1.331,3,NULL,NULL,,3,1,2,7,255,1361,250,0,0
stim,226669,256790,1,256790,3454114.454,-0.671,0.032,-0.048,0.739,0,0,2743,0,3067,0,3033,2667,46,1.016,1,2260,0,153.320,3.328,-30.500,-148.000,25.938,-0.070,0.203,1.551,-2.352,-2.355,4.438,0.104,0.150,1.258,1.331,3,NULL,NULL,,3,1,2,7,255,1361,250,0,0
stim,226669,256790,1,256790,3454119.455,-0.670,0.036,-0.054,0.739,0,0,2700,0,3059,0,3035,2615,46,1.016,1,2260,0,160.850,3.826,-47.125,-151.938,23.813,-0.105,0.258,1.496,-2.734,-2.676,4.438,0.112,0.156,1.258,1.331,3,NULL,NULL,,3,1,2,7,255,1361,250,0,0
stim,226669,256790,1,256790,3454124.454,-0.669,0.040,-0.060,0.740,0,0,2649,0,3055,0,3031,2546,46,1.016,1,2260,0,167.875,4.560,-37.063,-161.813,25.000,-0.164,0.262,1.547,-3.230,-3.219,4.777,0.122,0.164,1.258,1.331,3,NULL,NULL,,3,1,2,7,255,1361,250,0,0
stim,226692,256813,1,256813,3454129.455,-0.667,0.044,-0.066,0.740,0,0,2611,0,3045,0,3035,2469,46,1.016,1,2260,0,178.107,5.203,-33.313,-172.438,29.625,-0.250,0.203,1.742,-3.230,-4.078,4.777,0.130,0.170,1.258,1.331,3,NULL,NULL,,3,1,2,7,255,1361,250,0,0
stim,226692,256813,1,256813,3454134.454,-0.666,0.048,-0.073,0.741,0,0,2555,0,3035,0,3031,2361,46,1.016,1,2260,0,193.867,6.233,-62.313,-181.938,24.500,-0.199,0.262,1.809,-3.266,-5.309,6.516,0.140,0.180,1.258,1.331,3,NULL,NULL,,3,1,2,7,255,1361,250,0,0
stim,226692,256813,1,256813,3454139.455,-0.665,0.052,-0.082,0.741,0,0,2491,0,3023,0,3027,2254,46,1.016,1,2260,0,211.899,6.063,-83.125,-193.313,24.938,-0.289,0.207,1.707,-2.828,-5.363,6.516,0.152,0.192,1.258,1.331,3,NULL,NULL,,3,1,2,7,255,1361,250,0,0
stim,226692,256813,1,256813,3454144.454,-0.663,0.056,-0.090,0.741,0,0,2431,0,3007,0,3019,2135,46,1.016,1,2260,0,221.240,7.148,-75.750,-206.688,22.125,-0.297,0.336,1.691,-3.461,-6.254,5.887,0.168,0.208,1.258,1.331,3,NULL,NULL,,3,1,2,7,255,1361,250,0,0
stim,226718,256839,1,256839,3454149.455,-0.662,0.061,-0.099,0.740,0,0,2359,0,2991,0,3003,1996,46,1.016,1,2260,0,235.683,7.410,-85.375,-219.563,7.063,-0.348,0.250,1.504,-3.207,-6.680,5.465,0.186,0.226,1.258,1.331,3,NULL,NULL,,3,1,2,7,255,1361,250,0,0
stim,226718,256839,1,256839,3454154.454,-0.661,0.066,-0.108,0.740,0,0,2285,0,2975,0,2992,1855,46,1.016,1,2260,0,244.271,7.568,-66.438,-235.063,0.438,-0.238,0.258,1.680,-3.559,-6.680,5.266,0.208,0.248,1.258,1.331,3,NULL,NULL,,3,1,2,7,255,1361,250,0,0
stim,226718,256839,1,256839,3454159.455,-0.659,0.071,-0.119,0.739,0,0,2203,0,2957,11,2972,1719,46,1.016,1,2260,0,266.714,7.721,-93.625,-249.438,12.313,-0.227,0.219,1.750,-3.324,-6.969,5.266,0.230,0.274,1.258,1.331,3,NULL,NULL,,3,1,2,7,255,1361,250,0,0
stim,226718,256839,1,256839,3454164.454,-0.657,0.077,-0.129,0.739,0,0,2120,0,2933,23,2939,1653,46,1.016,1,2260,0,281.662,7.856,-97.563,-263.250,22.688,-0.305,0.234,1.688,-3.449,-7.059,5.266,0.258,0.302,1.258,1.331,3,NULL,NULL,,3,1,2,7,255,1361,250,0,0
stim,226736,256857,1,256857,3454169.455,-0.655,0.083,-0.141,0.738,0,0,2035,0,2905,37,2909,1533,46,1.016,1,2260,0,297.346,8.662,-95.938,-280.688,20.625,-0.395,0.223,1.762,-3.359,-7.984,5.031,0.290,0.334,1.258,1.331,3,NULL,NULL,,3,1,2,7,255,1361,250,0,0
stim,226736,256857,1,256857,3454174.454,-0.653,0.090,-0.152,0.737,0,0,1962,0,2869,41,2867,1454,46,1.016,1,2260,0,307.747,10.022,-84.375,-295.688,12.563,-0.410,0.305,1.988,-3.449,-9.410,5.031,0.322,0.366,1.258,1.331,3,NULL,NULL,,3,1,2,7,255,1361,250,0,0
stim,226768,256889,1,256889,3454179.455,-0.650,0.098,-0.163,0.736,0,0,1849,0,2827,36,2806,1379,46,1.016,1,2260,0,323.067,11.652,-78.688,-313.250,7.438,-0.477,0.375,2.344,-4.371,-10.801,6.672,0.356,0.402,1.258,1.331,3,NULL,NULL,,3,1,2,7,255,1361,250,0,0
stim,226768,256889,1,256889,3454184.454,-0.648,0.105,-0.176,0.734,0,0,1770,0,2771,25,2731,1261,46,1.016,1,2260,0,345.408,14.270,-110.688,-327.188,1.750,-0.477,0.566,2.547,-5.375,-13.219,9.242,0.396,0.444,1.258,1.331,3,NULL,NULL,,3,1,2,7,255,1361,250,0,0
stim,226768,256889,1,256889,3454189.455,-0.646,0.112,-0.190,0.731,0,0,1677,0,2711,13,2644,1161,46,1.016,1,2260,0,363.943,16.530,-134.813,-337.813,-12.750,-0.434,0.773,2.625,-7.539,-14.711,10.344,0.438,0.490,1.258,1.331,3,NULL,NULL,,3,1,2,7,255,1361,250,0,0
stim,226768,256889,1,256889,3454194.454,-0.644,0.119,-0.204,0.727,0,0,1547,0,2629,0,2529,1031,46,1.016,1,2260,0,381.239,17.392,-150.125,-348.938,-32.375,-0.254,0.664,2.660,-9.277,-14.711,10.352,0.488,0.540,1.258,1.331,3,NULL,NULL,,3,1,2,7,255,1361,250,0,0
stim,226768,256889,1,256889,3454199.455,-0.643,0.126,-0.220,0.723,0,0,1399,0,2520,0,2388,921,46,1.016,1,2260,0,395.973,17.257,-169.125,-356.438,-33.813,-0.184,0.398,2.613,-9.277,-14.551,10.836,0.540,0.594,1.258,1.331,3,NULL,NULL,,3,1,2,7,255,1361,250,0,0
stim,226768,256889,1,256889,3454204.454,-0.640,0.132,-0.237,0.719,0,0,1211,0,2395,0,2199,855,46,1.016,1,2260,0,422.557,15.843,-202.500,-370.875,0.000,-0.246,0.344,2.297,-7.004,-14.211,10.836,0.600,0.656,1.258,1.331,3,NULL,NULL,,3,1,2,7,255,1361,250,0,0
stim,226768,256889,1,256889,3454209.455,-0.636,0.137,-0.254,0.716,0,0,1034,0,2223,0,1973,760,46,1.016,1,2260,0,441.859,15.148,-220.563,-382.438,18.250,-0.301,0.246,1.773,-6.289,-13.781,7.430,0.668,0.724,1.258,1.331,3,NULL,NULL,,3,1,2,7,255,1361,250,0,0
stim,226768,256889,1,256889,3454214.454,-0.632,0.145,-0.270,0.712,0,0,774,0,2020,0,1677,684,46,1.016,1,2260,0,426.331,12.918,-150.688,-398.813,0.188,-0.395,-0.094,1.023,-4.742,-12.016,2.520,0.740,0.796,1.258,1.331,3,NULL,NULL,,3,1,2,7,255,1361,250,0,0
stim,226768,256889,1,256889,3454219.455,-0.627,0.156,-0.283,0.708,0,0,537,0,1781,0,1285,538,46,1.016,1,2260,0,420.834,8.886,-64.313,-415.813,-8.063,0.117,-0.414,1.473,-0.219,-8.883,2.520,0.816,0.874,1.258,1.331,3,NULL,NULL,,3,1,2,7,255,1361,250,0,0
stim,226768,256889,1,256889,3454224.454,-0.621,0.168,-0.296,0.706,0,0,359,0,1489,0,731,459,46,1.016,1,2260,0,415.886,7.800,-38.688,-413.563,20.750,0.438,-0.258,1.816,-0.219,-7.797,3.102,0.894,0.952,1.258,1.331,3,NULL,NULL,,3,1,2,7,255,1361,250,0,0
stim,226802,256923,1,256923,3454229.455,-0.614,0.179,-0.308,0.704,0,0,252,0,1209,0,237,377,46,1.016,1,2260,0,416.206,7.898,-11.625,-412.813,51.750,0.188,0.023,2.258,-1.262,-7.797,6.922,0.970,1.028,1.258,1.331,3,NULL,NULL,,3,1,2,7,255,1361,250,0,0
stim,226802,256923,1,256923,3454234.454,-0.606,0.190,-0.321,0.703,0,0,158,0,831,0,0,302,46,1.016,1,2260,0,427.250,13.813,-20.563,-420.313,73.875,-0.270,0.152,2.449,-4.098,-13.191,6.922,1.044,1.104,1.258,1.331,3,NULL,NULL,,3,1,2,7,255,1361,250,0,0
stim,226802,256923,1,256923,3454239.455,-0.597,0.200,-0.334,0.701,0,0,92,0,431,0,0,213,46,1.016,1,2260,0,436.949,18.891,-65.188,-424.938,78.125,-0.438,0.156,2.398,-4.203,-18.418,5.285,1.116,1.178,1.258,1.331,3,NULL,NULL,,3,1,2,7,255,1361,250,0,0
stim,226802,256923,1,256923,3454244.454,-0.589,0.208,-0.350,0.698,0,0,109,0,114,0,0,123,46,1.016,1,2260,0,456.435,18.891,-124.688,-426.625,103.813,-0.469,0.164,2.102,-4.203,-18.418,3.078,1.178,1.242,1.258,1.331,3,NULL,NULL,,3,1,2,7,255,1361,250,0,0
stim,226802,256923,1,256923,3454249.455,-0.579,0.214,-0.368,0.696,0,0,111,0,0,0,0,43,46,1.016,1,2260,0,477.213,18.857,-173.688,-421.000,142.563,-0.551,0.574,1.613,-4.203,-18.383,0.172,1.230,1.296,1.258,1.331,4,NULL,NULL,,3,1,2,7,255,1361,250,0,0
stim,226802,256923,1,256923,3454254.454,-0.570,0.218,-0.385,0.692,0,0,105,0,0,0,0,25,46,1.016,1,2260,0,472.866,17.144,-212.750,-400.500,133.938,-0.535,1.121,1.273,-6.707,-15.777,-5.332,1.282,1.350,1.258,1.331,0,NULL,NULL,,3,1,2,7,255,1361,250,0,0
stim,226835,256956,1,256956,3454259.455,-0.562,0.222,-0.403,0.688,0,0,95,0,0,0,0,0,46,1.016,1,2260,0,455.130,17.690,-227.313,-380.063,105.000,-0.648,1.355,1.207,-11.297,-13.613,-9.555,1.338,1.406,1.258,1.331,0,NULL,NULL,,3,1,2,7,255,1361,250,0,0
stim,226835,256956,1,256956,3454264.454,-0.555,0.225,-0.420,0.682,0,0,87,0,0,0,0,0,46,1.016,1,2260,0,447.941,17.937,-244.000,-363.750,93.813,-0.898,1.262,1.320,-11.680,-13.613,-12.191,1.400,1.472,1.258,1.331,0,NULL,NULL,,3,1,2,7,255,1361,250,0,0
stim,226835,256956,1,256956,3454269.455,-0.548,0.227,-0.437,0.676,0,0,89,0,0,0,0,5,46,1.016,1,2260,0,457.868,19.636,-273.188,-359.625,75.375,-1.020,0.914,1.363,-11.680,-15.785,-13.895,1.474,1.548,1.258,1.331,0,NULL,NULL,,3,1,2,7,255,1361,250,0,0
stim,226835,256956,1,256956,3454274.454,-0.545,0.229,-0.455,0.667,0,0,88,0,0,0,0,16,46,1.016,1,2260,0,465.287,17.780,-322.500,-335.313,7.188,-0.477,0.391,1.117,-8.184,-15.785,-13.895,1.552,1.626,1.258,1.331,0,NULL,NULL,,3,1,2,7,255,1361,250,0,0
stim,226864,256985,1,256985,3454279.455,-0.543,0.231,-0.470,0.657,0,0,93,0,0,0,0,39,46,1.016,1,2260,0,417.705,12.580,-300.000,-285.375,-55.125,-0.125,-0.316,0.832,-4.605,-11.707,-9.836,1.630,1.704,1.258,1.331,0,NULL,NULL,,3,1,2,7,255,1361,250,0,0
stim,226864,256985,1,256985,3454284.453,-0.541,0.233,-0.483,0.649,0,0,95,0,0,0,0,61,46,1.016,1,2260,0,351.770,8.649,-247.563,-249.063,-20.563,-0.023,-0.398,0.941,1.223,-8.563,-6.047,1.704,1.780,1.258,1.331,0,NULL,NULL,,3,1,2,7,255,1361,250,0,0
stim,226864,256985,1,256985,3454289.455,-0.538,0.233,-0.495,0.641,0,0,94,0,0,0,0,91,46,1.016,1,2260,0,323.867,8.649,-244.188,-212.750,-0.125,-0.484,0.074,1.004,1.223,-8.563,-6.047,1.770,1.844,1.258,1.331,0,NULL,NULL,,3,1,2,7,255,1361,250,0,0
stim,226864,256985,1,256985,3454294.454,-0.539,0.232,-0.505,0.633,0,0,91,0,0,0,0,103,46,1.016,1,2260,0,312.273,8.665,-267.563,-155.438,-42.000,-0.504,0.094,0.707,-1.328,-8.563,-10.211,1.830,1.904,1.258,1.331,0,NULL,NULL,,3,1,2,7,255,1361,250,0,0
stim,226864,256985,1,256985,3454299.455,-0.541,0.229,-0.515,0.624,0,0,95,0,0,0,0,103,46,1.016,1,2260,0,302.440,8.455,-279.688,-95.313,-64.500,-0.230,0.219,0.090,-1.590,-8.305,-11.742,1.884,1.956,1.258,1.331,0,NULL,NULL,,3,1,2,7,255,1361,250,0,0
stim,226864,256985,1,256985,3454304.454,-0.545,0.225,-0.521,0.617,0,0,92,0,0,0,0,108,46,1.016,1,2260,0,257.615,2.197,-247.563,-29.625,-64.813,-0.012,0.461,-0.461,-1.590,-1.516,-12.266,1.934,2.006,1.258,1.331,0,NULL,NULL,,3,1,2,7,255,1361,250,0,0
stim,226887,257008,1,257008,3454309.455,-0.548,0.222,-0.525,0.612,0,0,90,0,0,0,0,105,46,1.016,1,2260,0,184.989,5.226,-173.813,32.875,-54.125,0.051,0.504,-0.688,-2.418,4.633,-13.313,1.986,2.060,1.258,1.331,0,NULL,NULL,,3,1,2,7,255,1361,250,0,0
stim,226887,257008,1,257008,3454314.454,-0.553,0.219,-0.525,0.609,0,0,79,0,0,0,0,108,46,1.016,1,2260,0,131.272,5.812,-89.688,82.125,-49.438,-0.063,0.301,-0.590,-2.418,5.285,-13.508,2.040,2.112,1.258,1.331,0,NULL,NULL,,3,1,2,7,255,1361,250,0,0
stim,226887,257008,1,257008,3454319.455,-0.557,0.215,-0.523,0.609,0,0,73,0,0,0,0,103,46,1.016,1,2260,0,135.484,5.317,-42.688,121.313,-42.625,-0.020,0.020,-0.293,-0.582,5.285,-13.508,2.088,2.160,1.258,1.331,0,NULL,NULL,,3,1,2,7,255,1361,250,0,0
stim,226887,257008,0,257008,3454324.454,-0.562,0.211,-0.519,0.609,0,0,63,0,0,0,0,94,46,1.016,1,2260,0,157.514,2.529,-24.813,152.938,-28.375,-0.137,-0.016,-0.344,0.789,2.402,-12.074,2.126,2.200,1.258,1.331,0,NULL,NULL,,3,0,2,7,255,1356,250,0,0
stim,226887,257008,0,257008,3454329.455,-0.566,0.208,-0.514,0.610,0,0,57,0,0,0,0,87,46,1.016,1,2260,0,176.331,2.887,11.938,175.313,-14.688,-0.113,-0.008,-0.434,1.602,2.402,-12.074,2.154,2.228,1.258,1.331,0,NULL,NULL,,3,0,2,7,255,1356,250,0,0
stim,226887,257008,0,257008,3454334.454,-0.569,0.204,-0.508,0.613,0,0,48,0,0,0,0,75,46,1.016,1,2260,0,199.385,3.075,57.375,190.500,13.125,-0.109,0.090,-0.367,1.602,2.625,-12.277,2.174,2.248,1.258,1.331,0,NULL,NULL,,3,0,2,7,255,1356,250,0,0
stim,226887,257008,0,257008,3454339.455,-0.572,0.200,-0.501,0.618,0,0,43,0,0,0,0,72,46,1.016,1,2260,0,224.993,2.717,94.000,202.313,29.250,-0.230,0.273,-0.238,0.699,2.625,-12.445,2.192,2.266,1.258,1.331,0,NULL,NULL,,3,0,2,7,255,1356,250,0,0
stim,226887,257008,0,257008,3454344.454,-0.575,0.197,-0.492,0.623,0,0,44,0,0,0,0,67,46,1.016,1,2260,0,246.751,1.650,120.813,212.750,32.063,-0.281,0.332,-0.094,-1.082,1.246,-13.711,2.208,2.282,1.258,1.331,0,NULL,NULL,,3,0,2,7,255,1356,250,0,0
stim,226922,257043,0,257043,3454349.455,-0.578,0.194,-0.483,0.628,0,0,37,0,0,0,0,61,46,1.016,1,2260,0,262.455,1.991,136.875,221.125,35.375,-0.297,0.320,0.063,-1.984,-0.160,-13.711,2.218,2.294,1.258,1.331,0,NULL,NULL,,3,0,2,7,255,1356,250,0,0
stim,226922,257043,0,257043,3454354.454,-0.581,0.190,-0.474,0.634,0,0,29,0,0,0,0,57,46,1.016,1,2260,0,274.448,2.881,146.313,228.000,43.938,-0.285,0.313,0.188,-2.371,-1.637,-13.129,2.226,2.302,1.258,1.331,0,NULL,NULL,,3,0,2,7,255,1356,250,0,0
stim,226922,257043,0,257043,3454359.455,-0.583,0.187,-0.464,0.640,0,0,29,0,0,0,0,55,46,1.016,1,2260,0,284.411,3.826,151.500,233.625,57.938,-0.309,0.320,0.332,-2.762,-2.648,-12.383,2.230,2.306,1.258,1.331,0,NULL,NULL,,3,0,2,7,255,1356,250,0,0
stim,226922,257043,0,257043,3454364.454,-0.585,0.183,-0.454,0.647,0,0,22,0,0,0,0,52,46,1.016,1,2260,0,288.670,5.150,152.375,236.813,63.500,-0.430,0.391,0.391,-3.254,-3.992,-12.383,2.234,2.310,1.258,1.331,0,NULL,NULL,,3,0,2,7,255,1356,250,0,0
stim,226922,257043,0,257043,3454369.455,-0.587,0.179,-0.444,0.653,0,0,16,0,0,0,0,48,46,1.016,1,2260,0,294.429,6.350,162.875,239.875,51.188,-0.504,0.391,0.445,-3.738,-5.133,-12.598,2.238,2.316,1.258,1.331,0,NULL,NULL,,3,0,2,7,255,1356,250,0,0
stim,226922,257043,0,257043,3454374.454,-0.590,0.176,-0.433,0.659,0,0,9,0,0,0,0,47,46,1.016,1,2260,0,297.295,7.143,167.250,243.063,36.500,-0.469,0.320,0.621,-3.746,-6.082,-12.598,2.246,2.324,1.258,1.331,0,NULL,NULL,,3,0,2,7,255,1356,250,0,0
stim,226970,257091,0,257091,3454379.455,-0.592,0.172,-0.422,0.664,0,0,6,0,0,0,0,47,46,1.016,1,2260,0,293.509,8.241,153.500,248.250,30.938,-0.402,0.266,0.754,-3.746,-7.340,-11.047,2.256,2.334,1.258,1.331,0,NULL,NULL,,3,0,2,7,255,1356,250,0,0
stim,226970,257091,0,257091,3454384.453,-0.596,0.168,-0.412,0.669,0,0,5,0,0,0,0,50,46,1.016,1,2260,0,289.144,8.844,133.625,254.813,28.625,-0.406,0.242,0.801,-3.746,-8.012,-9.422,2.268,2.348,1.258,1.331,0,NULL,NULL,,3,0,2,7,255,1356,250,0,0
stim,226970,257091,0,257091,3454389.455,-0.599,0.163,-0.402,0.673,0,0,9,0,0,0,0,61,46,1.016,1,2260,0,288.964,9.175,118.563,262.813,19.313,-0.453,0.207,0.836,-3.676,-8.406,-8.875,2.288,2.368,1.258,1.331,0,NULL,NULL,,3,0,2,7,255,1356,250,0,0
stim,226970,257091,0,257091,3454394.454,-0.603,0.158,-0.391,0.677,0,0,11,0,0,0,0,71,46,1.016,1,2260,0,292.494,9.576,106.875,272.250,3.250,-0.465,0.168,0.895,-3.355,-8.969,-8.641,2.314,2.394,1.258,1.331,0,NULL,NULL,,3,0,2,7,255,1356,250,0,0
stim,226970,257091,0,257091,3454399.455,-0.608,0.152,-0.381,0.680,0,0,9,0,0,0,0,77,46,1.016,1,2260,0,299.254,9.989,91.625,284.563,-13.500,-0.426,0.152,0.953,-3.262,-9.441,-7.973,2.346,2.426,1.258,1.331,0,NULL,NULL,,3,0,2,7,255,1356,250,0,0
stim,226970,257091,0,257091,3454404.454,-0.613,0.146,-0.371,0.682,0,0,11,0,0,0,0,92,46,1.016,1,2260,0,308.525,9.989,74.813,298.063,-27.375,-0.387,0.168,0.957,-3.262,-9.441,-7.063,2.382,2.464,1.258,1.331,0,NULL,NULL,,3,0,2,7,255,1356,250,0,0
stim,226970,257091,0,257091,3454409.456,-0.619,0.139,-0.360,0.684,0,0,9,0,0,0,0,104,46,1.016,1,2260,0,318.961,9.813,61.563,310.500,-39.188,-0.375,0.180,0.941,-3.539,-9.152,-6.566,2.422,2.504,1.258,1.331,0,NULL,NULL,,3,0,2,7,255,1356,250,0,0
stim,226970,257091,0,257091,3454414.454,-0.626,0.132,-0.349,0.685,0,0,13,0,0,0,0,107,46,1.016,1,2260,0,328.941,9.553,53.000,320.750,-50.125,-0.367,0.164,0.945,-3.613,-8.844,-6.344,2.466,2.550,1.258,1.331,0,NULL,NULL,,3,0,2,7,255,1356,250,0,0
stim,226970,257091,0,257091,3454419.455,-0.633,0.125,-0.339,0.685,0,0,11,0,0,0,0,111,46,1.016,1,2260,0,337.957,9.405,45.125,329.000,-62.750,-0.305,0.098,0.926,-3.613,-8.684,-5.996,2.510,2.594,1.258,1.331,0,NULL,NULL,,3,0,2,7,255,1356,250,0,0
stim,226970,257091,0,257091,3454424.454,-0.640,0.117,-0.328,0.685,0,0,11,0,0,0,0,121,46,1.016,1,2260,0,344.536,8.564,36.250,335.000,-71.875,-0.168,0.023,0.785,-3.086,-7.988,-5.305,2.552,2.638,1.258,1.331,0,NULL,NULL,,3,0,2,7,255,1356,250,0,0
stim,227001,257122,0,257122,3454429.455,-0.647,0.109,-0.317,0.685,0,0,16,0,0,0,0,121,46,1.016,1,2260,0,346.394,6.383,40.625,337.625,-65.938,-0.105,0.063,0.613,-2.281,-5.961,-5.305,2.596,2.682,1.258,1.331,0,NULL,NULL,,3,0,2,7,255,1356,250,0,0
stim,227001,257122,0,257122,3454434.454,-0.653,0.102,-0.305,0.686,0,0,10,0,0,0,0,123,46,1.016,1,2260,0,347.700,4.868,65.438,335.625,-63.000,-0.129,0.066,0.555,-2.250,-4.316,-5.996,2.636,2.722,1.258,1.331,0,NULL,NULL,,3,0,2,7,255,1356,250,0,0
stim,227001,257122,0,257122,3454439.455,-0.659,0.096,-0.293,0.686,0,0,11,0,0,0,0,124,46,1.016,1,2260,0,348.977,4.588,88.125,331.438,-64.563,-0.066,0.031,0.551,-2.109,-4.074,-5.996,2.676,2.762,1.258,1.331,0,NULL,NULL,,3,0,2,7,255,1356,250,0,0
stim,227001,257122,0,257122,3454444.454,-0.665,0.090,-0.280,0.687,0,0,11,0,0,0,0,123,46,1.016,1,2260,0,351.215,3.889,110.750,328.375,-57.063,-0.012,-0.008,0.605,-1.855,-3.418,-5.910,2.712,2.800,1.258,1.331,0,NULL,NULL,,3,0,2,7,255,1356,250,0,0
stim,227001,257122,0,257122,3454449.455,-0.670,0.085,-0.266,0.688,0,0,9,0,0,0,0,128,46,1.016,1,2260,0,354.233,3.540,133.875,323.813,-52.000,0.043,-0.035,0.668,-1.648,-3.133,-5.000,2.748,2.836,1.258,1.331,0,NULL,NULL,,3,0,2,7,255,1356,250,0,0
stim,227001,257122,0,257122,3454454.454,-0.674,0.080,-0.252,0.689,0,0,9,0,0,0,0,139,46,1.016,1,2260,0,357.044,3.290,152.188,320.938,-36.313,0.059,0.043,0.684,-1.648,-2.848,-4.070,2.780,2.870,1.258,1.331,0,NULL,NULL,,3,0,2,7,255,1356,250,0,0
stim,227020,257141,0,257141,3454459.455,-0.679,0.076,-0.237,0.691,0,0,13,0,0,0,0,141,46,1.016,1,2260,0,368.553,3.574,178.938,320.563,-32.438,-0.008,0.016,0.805,-2.160,-2.848,-3.961,2.808,2.898,1.258,1.331,0,NULL,NULL,,3,0,2,7,255,1356,250,0,0
stim,227020,257141,0,257141,3454464.454,-0.682,0.073,-0.222,0.693,0,0,11,0,0,0,0,139,46,1.016,1,2260,0,376.668,4.197,197.188,319.875,-26.000,0.004,0.117,0.977,-2.293,-3.516,-3.039,2.832,2.920,1.258,1.331,0,NULL,NULL,,3,0,2,7,255,1356,250,0,0
stim,227020,257141,0,257141,3454469.455,-0.686,0.070,-0.206,0.695,0,0,8,0,0,0,0,134,46,1.016,1,2260,0,384.098,4.850,208.250,321.813,-24.500,-0.121,0.047,1.156,-2.922,-3.871,-1.609,2.850,2.940,1.258,1.331,0,NULL,NULL,,3,0,2,7,255,1356,250,0,0
stim,227020,257141,0,257141,3454474.454,-0.689,0.067,-0.189,0.696,0,0,9,0,0,0,0,117,46,1.016,1,2260,0,386.221,6.425,209.000,323.500,-28.875,-0.102,0.188,1.363,-3.430,-5.434,-0.152,2.868,2.958,1.258,1.331,0,NULL,NULL,,3,0,2,7,255,1356,250,0,0
stim,227067,257188,0,257188,3454479.455,-0.692,0.063,-0.173,0.698,0,0,8,0,0,0,0,124,46,1.016,1,2260,0,384.795,7.106,204.313,325.000,-26.438,-0.180,0.156,1.535,-4.281,-5.672,1.672,2.886,2.974,1.258,1.331,0,NULL,NULL,,3,0,2,7,255,1356,250,0,0
stim,227067,257188,0,257188,3454484.454,-0.695,0.059,-0.158,0.699,0,0,8,0,0,0,0,126,46,1.016,1,2260,0,377.746,7.974,187.375,326.125,-35.000,-0.195,0.215,1.656,-4.484,-6.594,3.270,2.904,2.992,1.258,1.331,0,NULL,NULL,,3,0,2,7,255,1356,250,0,0
stim,227067,257188,0,257188,3454489.455,-0.698,0.055,-0.143,0.699,0,0,11,0,0,0,0,133,46,1.016,1,2260,0,369.342,7.866,170.125,325.625,-37.938,-0.195,0.168,1.738,-4.289,-6.594,4.516,2.922,3.010,1.258,1.331,0,NULL,NULL,,3,0,2,7,255,1356,250,0,0
stim,227067,257188,0,257188,3454494.454,-0.702,0.050,-0.128,0.699,0,0,11,0,0,0,0,135,46,1.016,1,2260,0,359.994,7.827,148.313,325.250,-42.563,-0.188,0.164,1.738,-4.289,-6.547,5.563,2.942,3.030,1.258,1.331,0,NULL,NULL,,3,0,2,7,255,1356,250,0,0
stim,227067,257188,0,257188,3454499.455,-0.705,0.044,-0.114,0.699,0,0,8,0,0,0,0,134,46,1.016,1,2260,0,352.427,7.250,131.500,323.188,-49.625,-0.141,0.148,1.719,-4.059,-6.008,5.832,2.968,3.056,1.258,1.331,0,NULL,NULL,,3,0,2,7,255,1356,250,0,0
stim,227067,257188,0,257188,3454504.454,-0.708,0.039,-0.100,0.698,0,0,13,0,0,0,0,141,46,1.016,1,2260,0,345.858,6.311,118.938,321.188,-48.063,-0.113,0.168,1.699,-3.727,-5.094,5.984,2.994,3.084,1.258,1.331,0,NULL,NULL,,3,0,2,7,255,1356,250,0,0
stim,227089,257210,0,257210,3454509.455,-0.711,0.032,-0.087,0.697,0,0,13,0,0,0,0,151,46,1.016,1,2260,0,339.825,5.678,105.625,318.625,-52.938,-0.051,0.152,1.613,-3.707,-4.301,5.984,3.024,3.112,1.258,1.331,0,NULL,NULL,,3,0,2,7,255,1356,250,0,0
stim,227089,257210,0,257210,3454514.454,-0.714,0.026,-0.074,0.696,0,0,11,0,0,0,0,151,46,1.016,1,2260,0,336.602,4.568,106.625,315.563,-48.500,-0.012,0.109,1.617,-3.324,-3.133,5.684,3.056,3.144,1.258,1.331,0,NULL,NULL,,3,0,2,7,255,1356,250,0,0
stim,227089,257210,0,257210,3454519.455,-0.716,0.020,-0.061,0.695,0,0,10,0,0,0,0,153,46,1.016,1,2260,0,330.903,3.583,97.625,313.000,-44.688,0.000,0.133,1.523,-2.727,-2.324,5.449,3.088,3.174,1.258,1.331,0,NULL,NULL,,3,0,2,7,255,1356,250,0,0
stim,227089,257210,0,257210,3454524.454,-0.718,0.014,-0.048,0.694,0,0,12,0,0,0,0,156,46,1.016,1,2260,0,329.664,3.202,108.250,308.375,-43.188,0.000,0.113,1.508,-2.727,-1.680,4.852,3.118,3.206,1.258,1.331,0,NULL,NULL,,3,0,2,7,255,1356,250,0,0
stim,227089,257210,0,257210,3454529.455,-0.720,0.009,-0.035,0.693,0,0,12,0,0,0,0,155,46,1.016,1,2260,0,327.115,2.683,113.438,304.375,-38.625,0.016,0.055,1.539,-2.359,-1.277,4.852,3.148,3.234,1.258,1.331,0,NULL,NULL,,3,0,2,7,255,1356,250,0,0
stim,227089,257210,0,257210,3454534.454,-0.722,0.004,-0.022,0.692,0,0,16,0,0,0,0,155,46,1.016,1,2260,0,321.967,2.483,116.938,298.938,-25.000,0.023,0.145,1.559,-2.359,-0.773,5.199,3.174,3.260,1.258,1.331,0,NULL,NULL,,3,0,2,7,255,1356,250,0,0
stim,227089,257210,0,257210,3454539.455,-0.723,-0.001,-0.008,0.691,0,0,13,0,0,0,0,153,46,1.016,1,2260,0,321.106,2.169,127.563,293.250,-29.000,-0.027,0.137,1.582,-2.137,-0.375,5.359,3.194,3.282,1.258,1.331,0,NULL,NULL,,3,0,2,7,255,1356,250,0,0
stim,227089,257210,0,257210,3454544.454,-0.724,-0.005,0.005,0.690,0,0,14,0,0,0,0,154,46,1.016,1,2260,0,318.273,2.157,137.563,286.563,-16.000,-0.027,0.148,1.641,-2.137,-0.293,5.625,3.212,3.298,1.258,1.331,0,NULL,NULL,,3,0,2,7,255,1356,250,0,0
stim,227118,257239,0,257239,3454549.455,-0.725,-0.009,0.018,0.689,0,0,11,0,0,0,0,151,46,1.016,1,2260,0,318.202,2.031,145.375,282.375,-19.563,-0.004,0.160,1.723,-2.031,0.012,6.203,3.226,3.312,1.258,1.331,0,NULL,NULL,,3,0,2,7,255,1356,250,0,0
stim,227118,257239,0,257239,3454554.454,-0.725,-0.012,0.032,0.688,0,0,13,0,0,0,0,145,46,1.016,1,2260,0,318.722,2.036,156.875,277.125,-13.250,0.012,0.109,1.820,-1.930,0.648,7.027,3.236,3.322,1.258,1.331,0,NULL,NULL,,3,0,2,7,255,1356,250,0,0
stim,227118,257239,0,257239,3454559.455,-0.725,-0.015,0.045,0.687,0,0,14,0,0,0,0,150,46,1.016,1,2260,0,318.746,1.994,161.563,274.688,-6.563,0.043,0.180,1.922,-1.566,1.234,7.973,3.242,3.328,1.258,1.331,0,NULL,NULL,,3,0,2,7,255,1356,250,0,0
stim,227118,257239,0,257239,3454564.454,-0.725,-0.018,0.059,0.686,0,0,17,0,0,0,0,147,46,1.016,1,2260,0,321.035,2.409,166.688,274.313,-5.625,0.090,0.125,2.000,-1.191,2.094,8.918,3.244,3.330,1.258,1.331,0,NULL,NULL,,3,0,2,7,255,1356,250,0,0
stim,227119,257240,0,257240,3454569.455,-0.725,-0.021,0.073,0.685,0,0,12,0,0,0,0,147,46,1.016,1,2260,0,324.928,3.092,171.063,276.250,-1.438,0.180,0.125,2.059,-0.664,3.020,9.605,3.244,3.330,1.258,1.331,0,NULL,NULL,,3,0,2,7,255,1356,250,0,0
stim,227119,257240,0,257240,3454574.454,-0.724,-0.023,0.086,0.684,0,0,17,0,0,0,0,149,46,1.016,1,2260,0,329.237,4.430,175.938,278.250,4.500,0.266,0.117,2.102,-0.270,4.422,9.973,3.242,3.328,1.258,1.331,0,NULL,NULL,,3,0,2,7,255,1356,250,0,0
stim,227166,257287,0,257287,3454579.455,-0.723,-0.026,0.101,0.683,0,0,19,0,0,0,0,147,46,1.016,1,2260,0,336.421,5.745,185.125,280.563,13.875,0.352,0.117,2.176,0.188,5.742,10.160,3.234,3.320,1.258,1.331,0,NULL,NULL,,3,0,2,7,255,1356,250,0,0
stim,227166,257287,0,257287,3454584.453,-0.722,-0.028,0.115,0.682,0,0,17,0,0,0,0,140,46,1.016,1,2260,0,343.529,7.185,190.813,285.313,14.125,0.480,0.184,2.262,0.500,7.168,10.563,3.224,3.310,1.258,1.331,0,NULL,NULL,,3,0,2,7,255,1356,250,0,0
stim,227166,257287,0,257287,3454589.455,-0.720,-0.030,0.130,0.681,0,0,19,0,0,0,0,140,46,1.016,1,2260,0,349.010,9.146,194.938,288.750,20.750,0.609,0.133,2.332,0.625,9.125,10.980,3.208,3.294,1.258,1.331,0,NULL,NULL,,3,0,2,7,255,1356,250,0,0
stim,227166,257287,0,257287,3454594.454,-0.718,-0.033,0.146,0.680,0,0,19,0,0,0,0,139,46,1.016,1,2260,0,354.512,11.057,198.063,292.000,34.438,0.695,0.109,2.418,1.512,10.953,11.090,3.188,3.274,1.258,1.331,0,NULL,NULL,,3,0,2,7,255,1356,250,0,0
stim,227166,257287,0,257287,3454599.455,-0.715,-0.035,0.161,0.679,0,0,22,0,0,0,0,141,46,1.016,1,2260,0,355.898,12.660,194.938,294.813,41.813,0.723,0.129,2.480,2.258,12.457,11.332,3.162,3.246,1.258,1.331,0,NULL,NULL,,3,0,2,7,255,1356,250,0,0
stim,227166,257287,0,257287,3454604.454,-0.712,-0.038,0.176,0.679,0,0,26,0,0,0,0,141,46,1.016,1,2260,0,356.368,13.680,194.563,294.438,49.500,0.770,0.090,2.559,2.523,13.445,11.492,3.126,3.208,1.258,1.331,0,NULL,NULL,,3,0,2,7,255,1356,250,0,0
stim,227187,257308,0,257308,3454609.455,-0.709,-0.040,0.190,0.678,0,0,26,0,0,0,0,142,46,1.016,1,2260,0,350.212,14.969,182.875,293.375,56.000,0.773,0.082,2.598,3.398,14.578,11.539,3.084,3.166,1.258,1.331,0,NULL,NULL,,3,0,2,7,255,1356,250,0,0
stim,227187,257308,0,257308,3454614.453,-0.705,-0.043,0.204,0.678,0,0,26,0,0,0,0,149,46,1.016,1,2260,0,338.679,15.706,165.813,290.063,55.438,0.801,0.125,2.586,3.727,15.258,11.539,3.036,3.116,1.258,1.331,0,NULL,NULL,,3,0,2,7,255,1356,250,0,0
stim,227187,257308,0,257308,3454619.455,-0.702,-0.047,0.218,0.677,0,0,28,0,0,0,0,155,46,1.016,1,2260,0,325.657,16.479,150.813,284.000,51.500,0.902,0.121,2.539,3.863,16.020,10.977,2.980,3.060,1.258,1.331,0,NULL,NULL,,3,0,2,7,255,1356,250,0,0
stim,227187,257308,0,257308,3454624.454,-0.698,-0.050,0.230,0.676,0,0,24,0,0,0,0,152,46,1.016,1,2260,0,312.103,17.730,136.375,275.563,53.625,1.016,0.043,2.469,3.914,17.293,9.762,2.918,2.996,1.258,1.331,0,NULL,NULL,,3,0,2,7,255,1356,250,0,0
stim,227187,257308,0,257308,3454629.455,-0.694,-0.054,0.242,0.676,0,0,24,0,0,0,0,165,46,1.016,1,2260,0,297.306,19.026,119.938,266.188,56.125,1.098,-0.078,2.352,4.695,18.438,8.078,2.852,2.928,1.258,1.331,0,NULL,NULL,,3,0,2,7,255,1356,250,0,0
stim,227187,257308,0,257308,3454634.454,-0.690,-0.058,0.253,0.676,0,0,25,0,0,0,0,166,46,1.016,1,2260,0,282.083,19.879,107.813,254.813,54.938,1.172,-0.246,2.180,5.680,19.051,6.008,2.784,2.858,1.258,1.331,0,NULL,NULL,,3,0,2,7,255,1356,250,0,0
stim,227187,257308,0,257308,3454639.455,-0.686,-0.061,0.263,0.675,0,0,29,0,0,0,0,167,46,1.016,1,2260,0,268.593,20.459,105.625,240.750,55.000,1.246,-0.395,2.000,6.918,19.254,3.355,2.712,2.782,1.258,1.331,0,NULL,NULL,,3,0,2,7,255,1356,250,0,0
stim,227187,257308,0,257308,3454644.454,-0.682,-0.064,0.274,0.675,0,0,24,0,0,0,0,171,46,1.016,1,2260,0,256.567,20.836,109.500,225.625,54.125,1.316,-0.469,1.863,7.906,19.277,0.695,2.634,2.704,1.258,1.331,0,NULL,NULL,,3,0,2,7,255,1356,250,0,0
stim,227217,257338,0,257338,3454649.455,-0.679,-0.067,0.283,0.674,0,0,25,0,0,0,0,184,46,1.016,1,2260,0,243.946,21.149,113.750,209.750,50.750,1.410,-0.504,1.766,8.234,19.480,-1.418,2.556,2.622,1.258,1.331,0,NULL,NULL,,3,0,2,7,255,1356,250,0,0
stim,227217,257338,0,257338,3454654.454,-0.676,-0.068,0.293,0.673,0,0,26,0,0,0,0,210,46,1.016,1,2260,0,230.329,21.623,116.313,192.938,47.938,1.520,-0.563,1.688,8.313,19.961,-3.164,2.472,2.538,1.258,1.331,0,NULL,NULL,,3,0,2,7,255,1356,250,0,0
stim,227217,257338,0,257338,3454659.455,-0.672,-0.069,0.301,0.672,0,0,27,0,0,0,0,244,46,1.016,1,2260,0,217.031,22.304,119.125,174.813,48.500,1.621,-0.602,1.594,8.555,20.598,-4.918,2.386,2.450,1.258,1.331,0,NULL,NULL,,3,0,2,7,255,1356,250,0,0
stim,227217,257338,0,257338,3454664.453,-0.670,-0.070,0.310,0.671,0,0,25,0,0,0,0,276,46,1.016,1,2260,0,206.047,22.748,125.813,157.063,44.250,1.746,-0.500,1.551,8.555,21.078,-6.680,2.294,2.358,1.258,1.331,0,NULL,NULL,,3,0,2,7,255,1356,250,0,0
stim,227217,257338,0,257338,3454669.455,-0.667,-0.071,0.317,0.671,0,0,25,0,0,0,0,308,46,1.016,1,2260,0,172.400,23.644,92.313,138.875,43.750,2.176,-0.875,1.727,8.582,22.031,-7.738,2.200,2.262,1.258,1.331,0,NULL,NULL,,3,0,2,7,255,1356,250,0,0
stim,227217,257338,0,257338,3454674.454,-0.663,-0.072,0.322,0.671,0,0,23,0,0,0,0,329,46,1.016,1,2260,0,150.198,26.340,51.375,127.125,61.313,2.172,-1.121,1.309,10.930,23.965,-9.961,2.104,2.166,1.258,1.331,0,NULL,NULL,,3,0,2,7,255,1356,250,0,0
stim,227270,257391,0,257391,3454679.455,-0.661,-0.072,0.328,0.671,0,0,26,0,0,0,0,333,46,1.016,1,2260,0,147.377,26.746,89.813,108.625,43.063,2.230,-1.402,0.750,11.875,23.965,-14.273,2.004,2.064,1.258,1.331,0,NULL,NULL,,3,0,2,7,255,1356,250,0,0
stim,227270,257391,0,257391,3454684.454,-0.659,-0.070,0.335,0.669,0,0,26,0,0,0,0,347,46,1.016,1,2260,0,173.465,26.272,147.813,84.500,33.188,2.387,-1.574,0.887,12.633,23.035,-20.102,1.898,1.956,1.258,1.331,0,NULL,NULL,,3,0,2,7,255,1356,250,0,0
stim,227270,257391,0,257391,3454689.455,-0.658,-0.066,0.343,0.667,0,0,28,0,0,0,0,350,46,1.016,1,2260,0,203.107,27.142,190.625,60.813,34.875,2.379,-1.707,1.113,14.355,23.035,-20.102,1.788,1.844,1.258,1.331,0,NULL,NULL,,3,0,2,7,255,1356,250,0,0
stim,227270,257391,0,257391,3454694.454,-0.657,-0.060,0.350,0.665,0,0,25,0,0,0,0,350,46,1.016,1,2260,0,221.483,28.939,215.688,35.625,35.563,2.270,-1.543,1.551,16.250,23.945,-19.828,1.674,1.730,1.258,1.331,0,NULL,NULL,,3,0,2,7,255,1356,250,0,0
stim,227270,257391,0,257391,3454699.455,-0.656,-0.054,0.357,0.663,0,0,30,0,0,0,0,360,46,1.016,1,2260,0,218.452,30.139,214.688,8.375,39.500,2.117,-1.156,2.113,16.250,25.383,-15.793,1.558,1.610,1.258,1.331,0,NULL,NULL,,3,0,2,7,255,1356,250,0,0
stim,227270,257391,0,257391,3454704.454,-0.656,-0.048,0.361,0.661,0,0,27,0,2,0,0,365,46,1.016,1,2260,0,172.083,31.361,164.938,-20.688,44.500,1.809,-0.703,2.648,15.230,27.414,-9.727,1.436,1.484,1.258,1.331,0,NULL,NULL,,3,0,2,7,255,1356,250,0,0
stim,227270,257391,0,257391,3454709.455,-0.656,-0.044,0.362,0.661,0,0,29,0,0,0,0,366,46,1.016,1,2260,0,103.210,30.657,89.563,-46.063,22.563,1.520,-0.445,2.816,13.723,27.414,-2.625,1.312,1.354,1.258,1.331,0,NULL,NULL,,3,0,2,7,255,1356,250,0,0
stim,227270,257391,0,257391,3454714.454,-0.657,-0.042,0.361,0.661,0,0,31,0,0,0,0,375,46,1.016,1,2260,0,65.463,29.665,8.000,-64.875,-3.563,1.262,-0.270,2.598,12.602,26.855,1.121,1.188,1.224,1.258,1.331,0,NULL,NULL,,3,0,2,7,255,1356,250,0,0
stim,227270,257391,0,257391,3454719.455,-0.659,-0.041,0.357,0.661,0,0,27,0,0,0,0,374,46,1.016,1,2260,0,105.317,25.924,-51.500,-84.250,-36.625,1.121,-0.246,2.457,10.613,23.652,1.668,1.064,1.092,1.258,1.331,0,NULL,NULL,,3,0,2,7,255,1356,250,0,0
stim,227270,257391,0,257391,3454724.454,-0.662,-0.043,0.350,0.661,0,0,30,0,0,0,0,383,46,1.016,1,2260,0,170.333,23.904,-127.188,-98.063,-56.750,1.125,-0.258,2.348,10.035,21.695,1.668,0.946,0.960,1.258,1.331,0,NULL,NULL,,3,0,2,7,255,1356,250,0,0
stim,227294,257415,0,257415,3454729.455,-0.665,-0.046,0.341,0.663,0,0,27,0,0,0,0,441,46,1.016,1,2260,0,223.188,23.143,-184.563,-109.813,-60.750,1.082,-0.391,1.980,9.633,21.043,1.047,0.836,0.834,1.258,1.331,0,NULL,NULL,,3,0,2,7,255,1356,250,0,0
stim,227294,257415,0,257415,3454734.454,-0.665,-0.041,0.336,0.666,235,0,19,463,0,11,0,549,46,1.016,1,2260,0,187.087,20.937,-35.563,-165.938,78.750,0.035,-0.766,3.121,9.633,18.590,1.047,0.732,0.710,1.258,1.331,0,NULL,NULL,,3,0,2,7,255,1356,250,0,0
stim,227294,257415,0,257415,3454739.455,-0.653,-0.030,0.328,0.682,904,0,7,1163,0,137,0,563,46,1.016,1,2260,0,547.470,17.644,-85.813,-215.563,495.875,-0.973,2.020,4.480,9.340,14.969,11.195,0.636,0.588,1.258,1.331,0,NULL,NULL,,3,0,2,7,255,1356,250,0,0
stim,227294,257415,0,257415,3454744.454,-0.641,-0.040,0.305,0.703,1417,0,0,1591,0,408,0,627,46,1.016,1,2260,0,796.230,14.221,-668.875,-128.188,412.500,-1.426,3.320,2.281,-1.184,14.172,26.313,0.544,0.466,1.258,1.331,0,NULL,NULL,,3,0,2,7,255,1356,250,0,0
stim,227314,257435,0,257435,3454749.455,-0.636,-0.051,0.283,0.716,1822,0,0,1889,0,573,0,691,46,1.016,1,2261,0,651.960,16.689,-623.000,-119.938,150.125,-2.320,2.113,-0.422,-16.594,-1.785,26.313,0.480,0.366,1.258,1.331,1,1297.000,-59.000,,3,0,2,7,255,1356,250,0,0
stim,227314,257435,0,257435,3454754.454,-0.636,-0.059,0.268,0.721,2083,0,0,1981,0,703,0,782,46,1.016,1,2261,0,400.376,25.059,-386.938,-102.250,11.188,-1.695,1.301,-0.711,-16.594,-18.777,3.086,0.452,0.306,1.258,1.331,1,NULL,NULL,,3,0,2,7,255,1356,250,0,0
stim,227314,257435,0,257435,3454759.455,-0.639,-0.061,0.260,0.721,2231,0,0,2099,0,910,0,843,46,1.016,1,2261,0,200.000,21.678,-158.875,-98.125,-71.625,-0.086,1.082,0.137,-10.832,-18.777,-5.070,0.458,0.292,1.258,1.331,1,NULL,NULL,,3,0,2,7,255,1356,250,0,0
stim,227314,257435,0,257435,3454764.454,-0.639,-0.061,0.254,0.723,2385,0,0,2167,0,1053,0,939,46,1.016,1,2261,0,154.909,9.893,-117.125,-98.813,22.688,0.492,0.918,1.066,-9.855,-0.863,-5.070,0.486,0.326,1.258,1.331,1,NULL,NULL,,3,0,2,7,255,1356,250,0,0
stim,227339,257460,0,257460,3454769.455,-0.635,-0.061,0.245,0.730,2571,0,0,2425,0,1177,0,981,46,1.016,1,2261,0,264.944,10.666,-196.438,-110.688,139.125,0.113,1.203,1.207,-9.391,5.059,-0.348,0.516,0.366,1.258,1.331,1,NULL,NULL,,3,0,2,7,255,1356,250,0,0
stim,227339,257460,0,257460,3454774.454,-0.630,-0.063,0.234,0.738,2713,0,0,2599,0,1178,0,1031,46,1.016,1,2261,0,325.560,8.995,-254.625,-118.375,164.750,-1.082,0.418,0.832,-7.438,5.059,2.547,0.542,0.398,1.258,1.331,2,NULL,NULL,,3,0,2,7,255,1356,250,0,0
stim,227367,257488,0,257488,3454779.455,-0.625,-0.064,0.220,0.746,2813,0,0,2733,0,1165,0,1102,46,1.016,1,2261,0,403.022,6.617,-315.438,-172.500,182.125,-2.125,-1.387,0.219,-0.551,-6.594,2.547,0.570,0.426,1.258,1.331,2,NULL,NULL,,3,0,2,7,255,1356,250,0,0
stim,227367,257488,0,257488,3454784.453,-0.625,-0.066,0.206,0.750,2903,0,0,2828,0,1132,0,1207,46,1.016,1,2261,0,321.661,23.466,-273.000,-170.000,6.063,-1.949,-1.434,-0.445,16.988,-16.188,-3.137,0.602,0.454,1.258,1.331,2,NULL,NULL,,3,0,2,7,255,1356,250,0,0
stim,227367,257488,0,257488,3454789.455,-0.630,-0.063,0.199,0.748,2961,0,0,2917,0,1149,0,1325,46,1.016,1,2261,0,225.115,23.466,-75.750,-185.938,-101.813,-0.785,-0.410,-0.246,16.988,-16.188,-9.738,0.614,0.472,1.258,1.331,2,NULL,NULL,,3,0,2,7,255,1356,250,0,0
stim,227367,257488,0,257488,3454794.454,-0.635,-0.056,0.195,0.745,2984,0,0,2981,0,1157,0,1399,46,1.016,1,2261,0,224.841,9.007,61.813,-180.063,-119.625,0.141,0.063,1.078,5.051,-7.457,-9.738,0.610,0.482,1.258,1.331,2,NULL,NULL,,3,0,2,7,255,1356,250,0,0
stim,227367,257488,0,257488,3454799.455,-0.639,-0.050,0.192,0.743,3008,0,0,3027,0,1180,0,1448,46,1.016,1,2261,0,180.655,5.940,46.563,-154.750,-80.750,0.664,-0.172,2.141,3.332,4.918,-0.402,0.594,0.482,1.258,1.331,2,NULL,NULL,,3,0,2,7,255,1356,250,0,0
stim,227367,257488,0,257488,3454804.454,-0.641,-0.048,0.185,0.743,3037,0,0,3061,0,1227,0,1489,46,1.016,1,2261,0,165.345,13.886,-83.875,-141.688,-15.125,0.770,-0.547,2.289,3.332,13.480,7.242,0.568,0.478,1.258,1.331,2,NULL,NULL,,3,0,2,7,255,1356,250,0,0
stim,227367,257488,0,257488,3454809.455,-0.639,-0.049,0.175,0.747,3051,0,0,3097,0,1355,0,1509,46,1.016,1,2261,0,249.975,15.134,-206.500,-127.250,60.438,0.512,-0.855,1.484,6.879,13.480,7.242,0.538,0.456,1.258,1.331,2,NULL,NULL,,3,0,2,7,255,1356,250,0,0
stim,227367,257488,0,257488,3454814.453,-0.636,-0.051,0.165,0.752,3080,0,0,3117,0,1447,44,1528,46,1.016,1,2261,0,267.668,13.768,-213.313,-119.313,109.125,-0.020,-0.996,0.523,8.961,10.453,0.926,0.498,0.416,1.258,1.331,2,NULL,NULL,,3,0,2,7,255,1356,250,0,0
stim,227367,257488,0,257488,3454819.455,-0.633,-0.050,0.158,0.756,3078,0,0,3133,0,1565,131,1575,46,1.016,1,2261,0,211.322,9.651,-135.625,-122.313,106.313,-0.480,-0.844,0.379,9.238,2.793,-6.188,0.454,0.366,1.258,1.331,2,NULL,NULL,,3,0,2,7,255,1356,250,0,0
stim,227367,257488,0,257488,3454824.454,-0.631,-0.047,0.153,0.759,3087,0,0,3150,0,1695,207,1627,46,1.016,1,2261,0,148.888,9.471,-58.438,-123.875,58.375,-0.613,-0.395,0.793,9.238,-2.086,-6.188,0.406,0.308,1.258,1.331,2,NULL,NULL,,3,0,2,7,255,1356,250,0,0
stim,227396,257517,0,257517,3454829.455,-0.632,-0.044,0.148,0.760,3091,0,0,3174,0,1821,261,1695,46,1.016,1,2261,0,131.775,5.959,-43.563,-123.938,10.313,-0.375,0.117,1.211,5.582,-2.086,-1.348,0.360,0.256,1.258,1.331,2,NULL,NULL,,3,0,2,7,255,1356,250,0,0
stim,227396,257517,0,257517,3454834.454,-0.632,-0.042,0.142,0.760,3091,0,0,3167,0,1919,316,1745,46,1.016,1,2261,0,136.230,0.721,-67.875,-118.000,-5.250,-0.066,0.266,1.320,0.570,-0.441,2.645,0.322,0.220,1.258,1.331,2,NULL,NULL,,3,0,2,7,255,1356,250,0,0
stim,227396,257517,0,257517,3454839.455,-0.633,-0.041,0.136,0.761,3101,0,0,3167,0,2013,357,1783,46,1.016,1,2261,0,147.647,2.374,-96.313,-111.813,4.625,0.043,-0.059,1.203,0.570,2.305,2.645,0.292,0.194,1.258,1.331,2,NULL,NULL,,3,0,2,7,255,1356,250,0,0
stim,227396,257517,0,257517,3454844.454,-0.632,-0.040,0.130,0.763,3099,0,0,3173,0,2067,405,1801,46,1.016,1,2261,0,148.475,3.288,-104.438,-103.500,20.625,-0.008,-0.434,1.000,1.336,3.004,1.395,0.272,0.182,1.258,1.331,2,NULL,NULL,,3,0,2,7,255,1356,250,0,0
stim,227396,257517,0,257517,3454849.455,-0.632,-0.039,0.124,0.764,3098,0,0,3173,57,2184,458,1911,46,1.016,1,2261,0,135.885,5.647,-87.500,-100.563,26.375,-0.105,-0.434,0.797,4.781,3.004,-0.824,0.260,0.176,1.258,1.331,2,NULL,NULL,,3,0,2,7,255,1356,250,0,0
stim,227396,257517,0,257517,3454854.454,-0.631,-0.037,0.120,0.765,3099,0,0,3175,215,2239,599,1999,46,1.016,1,2261,0,113.074,5.022,-52.688,-99.125,13.563,-0.098,-0.203,0.918,4.781,1.535,-1.070,0.252,0.168,1.258,1.331,2,NULL,NULL,,3,0,2,7,255,1356,250,0,0
stim,227430,257551,0,257551,3454859.455,-0.633,-0.035,0.117,0.765,3101,0,0,3191,404,2283,630,2099,46,1.016,1,2261,0,73.476,3.044,-8.000,-68.063,-26.500,0.078,0.016,1.617,2.629,1.535,-1.070,0.244,0.156,1.258,1.331,2,NULL,NULL,,3,0,2,7,255,1356,250,0,0
stim,227430,257551,0,257551,3454864.454,-0.634,-0.035,0.115,0.764,3101,0,0,3173,565,2323,655,2146,46,1.016,1,2261,0,75.696,4.176,-39.938,-45.500,-45.438,0.352,0.344,1.320,0.648,4.125,2.434,0.236,0.142,1.258,1.331,2,NULL,NULL,,3,0,2,7,255,1356,250,0,0
stim,227430,257551,0,257551,3454869.455,-0.635,-0.034,0.113,0.763,3101,0,0,3173,704,2349,695,2189,46,1.016,1,2261,0,43.800,6.352,-16.875,-36.313,-17.750,0.520,0.809,1.145,-3.258,5.453,2.434,0.236,0.122,1.258,1.331,2,NULL,NULL,,3,0,2,7,255,1356,250,0,0
stim,227430,257551,0,257551,3454874.454,-0.634,-0.034,0.112,0.764,3104,3,0,3173,809,2365,719,2238,46,1.016,1,2261,0,40.044,6.352,-26.688,-21.938,20.250,0.008,0.391,1.484,-3.258,5.453,2.434,0.244,0.102,1.258,1.331,2,NULL,NULL,,3,0,2,7,255,1356,250,0,0
stim,227467,257588,0,257588,3454879.455,-0.634,-0.036,0.108,0.765,3100,21,0,3172,938,2391,746,2280,46,1.016,1,2261,0,97.203,3.797,-95.625,-17.438,0.438,-0.504,0.043,1.340,-2.969,2.367,4.016,0.254,0.084,1.258,1.331,2,NULL,NULL,,3,0,2,7,255,1356,250,0,0
stim,227467,257588,0,257588,3454884.454,-0.636,-0.039,0.104,0.763,3098,36,0,3173,1014,2405,783,2325,46,1.016,1,2261,0,120.662,2.274,-100.188,-13.188,-65.938,-0.441,0.176,0.824,-0.605,-2.191,4.016,0.264,0.072,1.258,1.331,2,NULL,NULL,,3,0,2,7,255,1356,250,0,0
stim,227467,257588,0,257588,3454889.455,-0.640,-0.039,0.102,0.761,3097,58,0,3174,1111,2415,845,2351,46,1.016,1,2261,0,119.613,2.274,-46.813,-14.875,-109.063,-0.039,0.172,0.734,-0.605,-2.191,-0.945,0.270,0.066,1.258,1.331,2,NULL,NULL,,3,0,2,7,255,1356,250,0,0
stim,227467,257588,0,257588,3454894.454,-0.643,-0.040,0.101,0.758,3097,73,0,3176,1173,2428,873,2379,46,1.016,1,2261,0,91.869,1.118,-19.375,-12.875,-88.875,0.234,0.078,1.070,-0.840,0.738,-0.945,0.274,0.064,1.258,1.331,2,NULL,NULL,,3,0,2,7,255,1356,250,0,0
stim,227467,257588,0,257588,3454899.455,-0.644,-0.041,0.099,0.757,3099,97,0,3176,1255,2442,907,2405,46,1.016,1,2261,0,62.195,3.873,-46.438,-7.500,-40.688,0.148,0.004,1.242,-0.840,3.781,0.086,0.280,0.058,1.258,1.331,2,NULL,NULL,,3,0,2,7,255,1356,250,0,0
stim,227467,257588,0,257588,3454904.454,-0.645,-0.043,0.096,0.757,3099,116,0,3179,1324,2449,921,2425,46,1.016,1,2261,0,79.317,3.809,-76.438,-3.563,-20.875,-0.137,0.090,1.063,-0.457,3.781,0.699,0.288,0.052,1.258,1.331,2,NULL,NULL,,3,0,2,7,255,1356,250,0,0
stim,227487,257608,0,257608,3454909.455,-0.646,-0.045,0.094,0.756,3097,139,0,3179,1390,2462,931,2444,46,1.016,1,2261,0,79.963,0.713,-67.063,-2.125,-43.500,-0.262,0.164,0.883,-0.457,0.547,0.699,0.294,0.046,1.258,1.331,2,NULL,NULL,,3,0,2,7,255,1356,250,0,0
stim,227487,257608,0,257608,3454914.453,-0.648,-0.046,0.092,0.754,3098,167,0,3181,1470,2474,940,2457,46,1.016,1,2261,0,79.311,0.675,-43.938,-1.938,-66.000,-0.117,0.055,0.906,-0.457,0.496,-0.758,0.298,0.042,1.258,1.331,2,NULL,NULL,,3,0,2,7,255,1356,250,0,0
stim,227487,257608,0,257608,3454919.455,-0.650,-0.047,0.091,0.753,3099,211,0,3183,1542,2485,944,2467,46,1.016,1,2261,0,67.782,0.570,-33.438,-1.625,-58.938,0.039,-0.051,1.004,-0.281,0.496,-0.758,0.300,0.038,1.258,1.331,2,NULL,NULL,,3,0,2,7,255,1356,250,0,0
stim,227487,257608,0,257608,3454924.454,-0.651,-0.048,0.089,0.752,3100,233,4,3188,1579,2495,939,2472,46,1.016,1,2261,0,50.163,2.194,-35.750,-0.375,-35.188,0.023,-0.023,1.043,0.211,2.184,-0.242,0.302,0.034,1.258,1.331,2,NULL,NULL,,3,0,2,7,255,1356,250,0,0
stim,227487,257608,0,257608,3454929.455,-0.652,-0.049,0.088,0.752,3099,261,40,3189,1615,2503,927,2483,46,1.016,1,2261,0,44.161,2.194,-37.750,1.375,-22.875,-0.070,0.008,1.004,0.211,2.184,-0.035,0.306,0.028,1.258,1.331,2,NULL,NULL,,3,0,2,7,255,1356,250,0,0
stim,227487,257608,0,257608,3454934.454,-0.652,-0.050,0.087,0.751,3102,275,61,3193,1659,2503,888,2483,46,1.016,1,2261,0,38.284,1.183,-31.563,2.125,-21.563,-0.105,-0.066,0.945,0.211,1.164,-0.035,0.308,0.020,1.258,1.331,2,NULL,NULL,,3,0,2,7,255,1356,250,0,0
stim,227487,257608,0,257608,3454939.455,-0.653,-0.051,0.086,0.751,3101,275,99,3193,1705,2509,847,2488,46,1.016,1,2261,0,28.593,1.100,-23.188,1.188,-16.688,-0.129,-0.133,0.930,0.750,0.805,-0.535,0.312,0.014,1.258,1.331,2,NULL,NULL,,3,0,2,7,255,1356,250,0,0
stim,227487,257608,0,257608,3454944.454,-0.653,-0.052,0.085,0.750,3101,279,121,3195,1728,2509,819,2490,46,1.016,1,2261,0,21.349,1.527,-17.250,0.625,-12.563,-0.172,-0.125,0.957,1.379,0.656,-0.535,0.314,0.006,1.258,1.331,2,NULL,NULL,,3,0,2,7,255,1356,250,0,0
stim,227517,257638,0,257638,3454949.455,-0.654,-0.052,0.084,0.750,3099,281,158,3239,1763,2510,773,2489,46,1.016,1,2261,0,19.118,1.404,-12.313,0.125,-14.625,-0.184,-0.070,0.977,1.379,0.266,-0.336,0.314,0.000,1.258,1.331,2,NULL,NULL,,3,0,2,7,255,1356,250,0,0
stim,227517,257638,0,257638,3454954.454,-0.654,-0.053,0.084,0.750,3100,277,199,3193,1786,2515,703,2493,46,1.016,1,2261,0,18.718,0.892,-7.688,-0.375,-17.063,-0.148,-0.051,0.984,0.852,0.266,-0.094,0.000,0.000,1.258,1.331,2,NULL,NULL,,3,0,2,7,255,1356,250,0,0
stim,227517,257638,0,257638,3454959.455,-0.655,-0.053,0.083,0.749,3097,275,235,3193,1805,2513,669,2493,46,1.066,1,2261,1,13.376,0.963,-6.438,-0.938,-11.688,-0.129,-0.086,0.984,0.852,0.449,-0.094,0.000,0.000,1.259,1.407,2,NULL,NULL,,3,0,2,7,255,1356,250,0,0
stim,227517,257638,0,257638,3454964.454,-0.655,-0.053,0.083,0.749,3099,264,284,3190,1828,2507,629,2493,46,1.066,1,2261,1,8.979,1.001,-7.250,-1.750,-5.000,-0.160,-0.102,0.973,0.895,0.449,-0.121,0.004,0.004,1.259,1.407,2,NULL,NULL,,3,0,2,7,255,1356,250,0,0
stim,227517,257638,0,257638,3454969.455,-0.655,-0.053,0.083,0.749,3093,269,317,3188,1846,2515,601,2501,46,1.066,1,2261,1,7.044,0.972,-4.625,-2.500,-4.688,-0.195,-0.078,0.949,0.906,0.352,-0.176,0.008,0.008,1.259,1.407,2,NULL,NULL,,3,0,2,7,255,1356,250,0,0
stim,227517,257638,0,257638,3454974.454,-0.655,-0.053,0.082,0.749,3091,269,338,3188,1863,2513,571,2504,46,1.066,1,2261,1,8.432,0.909,0.688,-3.250,-7.750,-0.180,-0.047,0.961,0.906,0.070,-0.246,0.012,0.012,1.259,1.407,2,NULL,NULL,,3,0,2,7,255,1356,250,0,0
stim,227570,257691,0,257691,3454979.455,-0.656,-0.053,0.082,0.749,3091,269,379,3183,1875,2507,551,2502,46,1.066,1,2261,1,9.076,0.586,2.875,-3.875,-7.688,-0.148,-0.039,0.984,0.582,0.070,-0.246,0.016,0.014,1.259,1.407,2,NULL,NULL,,3,0,2,7,255,1356,250,0,0
stim,227570,257691,0,257691,3454984.454,-0.656,-0.053,0.082,0.749,3087,265,414,3178,1896,2509,531,2505,46,1.066,1,2261,1,6.583,0.607,1.938,-4.125,-4.750,-0.141,-0.023,0.992,0.461,0.395,-0.066,0.018,0.018,1.259,1.407,2,NULL,NULL,,3,0,2,7,255,1356,250,0,0
stim,227570,257691,0,257691,3454989.455,-0.656,-0.053,0.082,0.748,3087,263,435,3180,1913,2508,495,2509,46,1.066,1,2261,1,5.216,0.485,1.188,-4.188,-2.875,-0.152,-0.008,0.984,0.281,0.395,-0.051,0.022,0.020,1.259,1.407,2,NULL,NULL,,3,0,2,7,255,1356,250,0,0
stim,227570,257691,0,257691,3454994.454,-0.656,-0.053,0.082,0.748,3069,265,460,3165,1919,2508,455,2511,46,1.066,1,2261,1,5.229,0.369,1.500,-4.188,-2.750,-0.160,-0.008,0.988,0.168,0.328,-0.027,0.024,0.022,1.259,1.407,2,NULL,NULL,,3,0,2,7,255,1356,250,0,0
stim,227570,257691,0,257691,3454999.455,-0.656,-0.052,0.082,0.748,3064,261,461,3171,1919,2503,431,2511,46,1.066,1,2261,1,6.305,0.304,2.688,-4.688,-3.250,-0.172,-0.008,0.984,0.168,0.254,-0.039,0.026,0.024,1.259,1.407,2,NULL,NULL,,3,0,2,7,255,1356,250,0,0
stim,227570,257691,0,257691,3455004.454,-0.656,-0.052,0.082,0.748,3077,261,478,3161,1934,2503,432,2523,46,1.066,1,2261,1,8.052,0.217,4.500,-4.875,-4.563,-0.168,0.027,0.992,0.168,0.137,-0.027,0.026,0.024,1.259,1.407,2,NULL,NULL,,3,0,2,7,255,1356,250,0,0
stim,227570,257691,0,257691,3455009.455,-0.657,-0.052,0.082,0.748,3053,261,536,3147,1949,2493,431,2511,46,1.066,1,2261,1,8.926,0.177,4.813,-5.125,-5.500,-0.172,0.047,1.008,-0.129,0.121,0.051,0.026,0.024,1.259,1.407,2,NULL,NULL,,3,0,2,7,255,1356,250,0,0
stim,227570,257691,0,257691,3455014.454,-0.657,-0.051,0.082,0.748,3046,253,587,3135,1957,2504,433,2525,46,1.066,1,2261,1,8.957,0.323,2.875,-5.375,-6.563,-0.188,0.059,1.016,-0.313,0.082,0.230,0.026,0.024,1.259,1.407,2,NULL,NULL,,3,0,2,7,255,1356,250,0,0
stim,227570,257691,0,257691,3455019.455,-0.657,-0.051,0.082,0.748,3037,253,615,3128,1971,2495,435,2517,46,1.066,1,2261,1,10.963,0.405,1.125,-5.875,-9.188,-0.199,0.074,1.004,-0.398,-0.070,0.242,0.026,0.024,1.259,1.407,2,NULL,NULL,,3,0,2,7,255,1356,250,0,0
stim,227570,257691,0,257691,3455024.454,-0.658,-0.051,0.082,0.747,3029,247,661,3129,1995,2491,442,2533,46,1.066,1,2261,1,13.898,0.577,1.188,-6.688,-12.125,-0.191,0.082,1.000,-0.547,-0.184,0.242,0.026,0.024,1.259,1.407,2,NULL,NULL,,3,0,2,7,255,1356,250,0,0
stim,227600,257721,0,257721,3455029.455,-0.658,-0.051,0.081,0.747,3019,247,681,3109,2009,2485,454,2533,46,1.066,1,2261,1,14.856,0.629,1.000,-8.063,-12.438,-0.188,0.078,1.008,-0.602,-0.184,0.234,0.026,0.024,1.259,1.407,2,NULL,NULL,,3,0,2,7,255,1356,250,0,0
stim,227600,257721,0,257721,3455034.454,-0.658,-0.050,0.081,0.747,3000,249,704,3096,2033,2488,493,2538,46,1.066,1,2261,1,15.551,0.651,0.125,-9.250,-12.500,-0.195,0.098,1.012,-0.625,-0.184,0.234,0.026,0.024,1.259,1.407,2,NULL,NULL,,3,0,2,7,255,1356,250,0,0
stim,227600,257721,0,257721,3455039.455,-0.659,-0.050,0.081,0.746,2990,265,751,3108,2057,2480,531,2539,46,1.066,1,2261,1,18.504,0.817,-0.063,-9.813,-15.688,-0.184,0.137,1.016,-0.801,-0.164,0.316,0.024,0.022,1.259,1.407,2,NULL,NULL,,3,0,2,7,255,1356,250,0,0
stim,227600,257721,0,257721,3455044.454,-0.659,-0.050,0.081,0.746,2986,263,799,3081,2094,2491,551,2555,46,1.066,1,2261,1,20.445,1.179,-0.313,-10.250,-17.688,-0.141,0.148,1.023,-1.168,-0.164,0.320,0.024,0.022,1.259,1.407,2,NULL,NULL,,3,0,2,7,255,1356,250,0,0
stim,227600,257721,0,257721,3455049.455,-0.660,-0.049,0.080,0.745,2972,261,843,3065,2135,2489,590,2572,46,1.066,1,2261,1,18.554,1.197,-2.813,-10.188,-15.250,-0.117,0.117,1.027,-1.168,0.262,0.320,0.022,0.020,1.259,1.407,2,NULL,NULL,,3,0,2,7,255,1356,250,0,0
stim,227600,257721,0,257721,3455054.454,-0.660,-0.049,0.080,0.745,2940,253,903,3095,2167,2479,635,2572,46,1.066,1,2261,1,16.040,1.173,-6.375,-10.250,-10.563,-0.121,0.082,1.008,-1.066,0.488,0.309,0.020,0.018,1.259,1.407,2,NULL,NULL,,3,0,2,7,255,1356,250,0,0
stim,227621,257742,0,257742,3455059.455,-0.661,-0.049,0.079,0.745,2937,254,943,3033,2201,2491,672,2587,46,1.066,1,2261,1,15.518,0.875,-7.188,-10.063,-9.375,-0.141,0.055,0.977,-0.727,0.488,0.145,0.020,0.016,1.259,1.407,2,NULL,NULL,,3,0,2,7,255,1356,250,0,0
stim,227621,257742,0,257742,3455064.453,-0.661,-0.048,0.079,0.745,2923,253,1017,3025,2230,2485,760,2605,46,1.066,1,2261,1,15.528,0.486,-4.063,-10.313,-10.875,-0.145,0.051,0.965,-0.422,0.242,-0.121,0.020,0.014,1.259,1.407,2,NULL,NULL,,3,0,2,7,255,1356,250,0,0
stim,227621,257742,0,257742,3455069.455,-0.661,-0.048,0.078,0.744,2904,268,1087,3036,2260,2485,812,2605,46,1.066,1,2261,1,15.709,0.486,-0.438,-10.625,-11.563,-0.137,0.074,0.977,-0.422,0.242,-0.145,0.022,0.012,1.259,1.407,2,NULL,NULL,,3,0,2,7,255,1356,250,0,0
stim,227621,257742,0,257742,3455074.454,-0.662,-0.048,0.078,0.744,2891,269,1164,3000,2293,2489,867,2617,46,1.066,1,2261,1,15.669,0.686,0.625,-10.625,-11.500,-0.137,0.086,1.000,-0.641,0.246,-0.145,0.024,0.012,1.259,1.407,2,NULL,NULL,,3,0,2,7,255,1356,250,0,0
stim,227667,257788,0,257788,3455079.455,-0.662,-0.047,0.078,0.744,2868,283,1225,2994,2326,2491,922,2639,46,1.066,1,2261,1,15.784,0.705,-1.250,-10.250,-11.938,-0.148,0.078,1.008,-0.660,0.246,0.074,0.028,0.014,1.259,1.407,2,NULL,NULL,,3,0,2,7,255,1356,250,0,0
stim,227667,257788,0,257788,3455084.453,-0.663,-0.047,0.077,0.743,2840,287,1301,2985,2351,2483,995,2636,46,1.066,1,2261,1,17.198,0.683,-4.000,-9.875,-13.500,-0.156,0.059,1.000,-0.660,0.176,0.098,0.032,0.016,1.259,1.407,2,NULL,NULL,,3,0,2,7,255,1356,250,0,0
stim,227667,257788,0,257788,3455089.455,-0.663,-0.047,0.077,0.743,2837,297,1385,2979,2387,2491,1084,2647,46,1.066,1,2261,1,19.427,0.464,-5.438,-9.688,-15.938,-0.164,0.020,0.973,-0.453,0.098,0.098,0.036,0.018,1.259,1.407,2,NULL,NULL,,3,0,2,7,255,1356,250,0,0
stim,227667,257788,0,257788,3455094.454,-0.664,-0.047,0.076,0.743,2813,317,1463,2951,2405,2489,1143,2653,46,1.066,1,2261,1,21.008,0.116,-4.500,-10.188,-17.813,-0.152,0.000,0.973,-0.063,0.098,-0.133,0.040,0.020,1.259,1.407,2,NULL,NULL,,3,0,2,7,255,1356,250,0,0
stim,227667,257788,0,257788,3455099.455,-0.664,-0.047,0.076,0.742,2799,317,1547,2936,2441,2492,1211,2670,46,1.066,1,2261,1,21.824,0.135,-5.563,-9.563,-18.813,-0.137,-0.004,0.980,0.074,0.113,-0.133,0.042,0.022,1.259,1.407,2,NULL,NULL,,3,0,2,7,255,1356,250,0,0
stim,227667,257788,0,257788,3455104.454,-0.665,-0.047,0.075,0.742,2778,331,1635,2931,2467,2496,1279,2677,46,1.066,1,2261,1,21.366,0.188,-8.313,-9.813,-17.063,-0.152,-0.031,0.980,0.098,0.160,-0.125,0.044,0.024,1.259,1.407,2,NULL,NULL,,3,0,2,7,255,1356,250,0,0
stim,227688,257809,0,257809,3455109.455,-0.666,-0.047,0.074,0.741,2760,359,1733,2919,2485,2503,1383,2696,46,1.066,1,2261,1,21.606,0.390,-10.313,-10.875,-15.563,-0.188,-0.051,0.969,0.355,0.160,-0.125,0.046,0.026,1.259,1.407,2,NULL,NULL,,3,0,2,7,255,1356,250,0,0
stim,227688,257809,0,257809,3455114.453,-0.666,-0.047,0.073,0.741,2735,379,1799,2907,2509,2493,1443,2701,46,1.066,1,2261,1,24.251,0.400,-10.125,-11.875,-18.563,-0.191,-0.020,0.965,0.355,-0.184,-0.168,0.048,0.026,1.259,1.407,2,NULL,NULL,,3,0,2,7,255,1356,250,0,0
stim,227688,257809,0,257809,3455119.455,-0.667,-0.047,0.073,0.740,2713,403,1867,2899,2539,2515,1513,2715,46,1.066,1,2261,1,26.449,0.360,-8.000,-13.063,-21.563,-0.184,0.016,0.977,0.270,-0.238,-0.168,0.048,0.026,1.259,1.407,2,NULL,NULL,,3,0,2,7,255,1356,250,0,0
stim,227688,257809,0,257809,3455124.454,-0.668,-0.046,0.072,0.740,2681,438,1947,2887,2568,2505,1609,2727,46,1.066,1,2261,1,27.737,0.252,-7.813,-14.313,-22.438,-0.164,0.031,1.008,-0.082,-0.238,-0.082,0.048,0.026,1.259,1.407,2,NULL,NULL,,3,0,2,7,255,1356,250,0,0
stim,227688,257809,0,257809,3455129.455,-0.668,-0.046,0.071,0.739,2663,439,2055,2869,2587,2517,1659,2732,46,1.066,1,2261,1,30.138,0.267,-10.375,-13.938,-24.625,-0.145,0.043,1.020,-0.266,-0.027,0.184,0.048,0.026,1.259,1.407,2,NULL,NULL,,3,0,2,7,255,1356,250,0,0
stim,227688,257809,0,257809,3455134.454,-0.669,-0.046,0.070,0.738,2631,474,2129,2851,2613,2519,1727,2751,46,1.066,1,2261,1,32.671,0.304,-14.313,-14.125,-25.750,-0.133,0.023,1.012,-0.266,0.148,0.199,0.046,0.024,1.259,1.407,2,NULL,NULL,,3,0,2,7,255,1356,250,0,0
stim,227688,257809,0,257809,3455139.455,-0.670,-0.046,0.069,0.738,2590,497,2173,2825,2600,2519,1812,2755,46,1.066,1,2261,1,33.816,0.356,-16.438,-14.500,-25.750,-0.133,0.000,0.996,-0.254,0.250,0.199,0.046,0.022,1.259,1.407,2,NULL,NULL,,3,0,2,7,255,1356,250,0,0
stim,227688,257809,0,257809,3455144.454,-0.671,-0.046,0.068,0.737,2539,521,2236,2809,2648,2517,1879,2766,46,1.066,1,2261,1,33.741,0.273,-16.313,-14.688,-25.625,-0.133,0.008,0.988,-0.109,0.250,0.027,0.044,0.022,1.259,1.407,2,NULL,NULL,,3,0,2,7,255,1356,250,0,0
stim,227718,257839,0,257839,3455149.455,-0.672,-0.046,0.067,0.736,2495,539,2297,2801,2679,2529,1939,2777,46,1.066,1,2261,1,34.335,0.273,-15.313,-14.563,-27.063,-0.129,0.012,1.000,-0.109,0.250,0.027,0.044,0.020,1.259,1.407,2,NULL,NULL,,3,0,2,7,255,1356,250,0,0
stim,227718,257839,0,257839,3455154.454,-0.673,-0.046,0.066,0.736,2475,559,2358,2777,2696,2535,2005,2791,46,1.066,1,2261,1,34.887,0.287,-15.938,-14.500,-27.438,-0.109,0.004,1.016,-0.133,0.254,0.074,0.044,0.020,1.259,1.407,2,NULL,NULL,,3,0,2,7,255,1356,250,0,0
stim,227718,257839,0,257839,3455159.457,-0.673,-0.046,0.065,0.735,2443,573,2399,2751,2712,2525,2044,2794,46,1.066,1,2261,1,35.391,0.468,-18.875,-13.688,-26.625,-0.102,-0.012,1.020,-0.133,0.449,0.188,0.044,0.022,1.259,1.407,2,NULL,NULL,,3,0,2,7,255,1356,250,0,0
stim,227718,257839,0,257839,3455164.454,-0.674,-0.047,0.064,0.734,2389,587,2459,2735,2728,2525,2104,2803,46,1.066,1,2261,1,35.821,0.449,-22.375,-13.500,-24.500,-0.117,-0.031,1.016,0.008,0.449,0.191,0.046,0.022,1.259,1.407,2,NULL,NULL,,3,0,2,7,255,1356,250,0,0
stim,227718,257839,0,257839,3455169.455,-0.675,-0.047,0.062,0.734,2328,600,2501,2696,2741,2525,2143,2813,46,1.066,1,2261,1,37.389,0.409,-25.250,-13.688,-23.938,-0.137,-0.039,1.004,0.172,0.371,0.191,0.048,0.022,1.259,1.407,2,NULL,NULL,,3,0,2,7,255,1356,250,0,0
stim,227718,257839,0,257839,3455174.454,-0.676,-0.048,0.061,0.733,2274,606,2533,2693,2751,2525,2190,2823,46,1.066,1,2261,1,39.432,0.243,-27.000,-14.063,-25.063,-0.156,-0.023,1.000,0.172,0.172,0.102,0.050,0.020,1.259,1.407,2,NULL,NULL,,3,0,2,7,255,1356,250,0,0
stim,227763,257884,0,257884,3455179.455,-0.677,-0.048,0.060,0.732,2199,617,2570,2639,2767,2535,2249,2839,46,1.066,1,2261,1,41.532,0.079,-27.188,-14.688,-27.750,-0.152,0.012,1.000,0.066,-0.043,0.098,0.052,0.020,1.259,1.407,2,NULL,NULL,,3,0,2,7,255,1356,250,0,0
stim,227763,257884,0,257884,3455184.454,-0.678,-0.048,0.058,0.732,2149,614,2611,2605,2789,2533,2277,2843,46,1.066,1,2261,1,41.640,0.277,-25.125,-14.750,-29.750,-0.129,0.012,0.984,-0.273,-0.043,0.090,0.052,0.020,1.259,1.407,2,NULL,NULL,,3,0,2,7,255,1356,250,0,0
stim,227763,257884,0,257884,3455189.455,-0.678,-0.048,0.057,0.731,2074,615,2645,2567,2795,2531,2325,2851,46,1.066,1,2261,1,36.549,0.302,-19.750,-15.063,-26.813,-0.102,-0.016,0.977,-0.273,0.129,-0.086,0.054,0.020,1.259,1.407,2,NULL,NULL,,3,0,2,7,255,1356,250,0,0
stim,227763,257884,0,257884,3455194.454,-0.679,-0.048,0.056,0.730,1993,619,2663,2507,2815,2533,2351,2867,46,1.066,1,2261,1,33.881,0.166,-17.938,-15.625,-24.125,-0.133,-0.039,1.020,-0.094,0.137,-0.086,0.056,0.020,1.259,1.407,2,NULL,NULL,,3,0,2,7,255,1356,250,0,0
stim,227763,257884,0,257884,3455199.455,-0.680,-0.048,0.055,0.730,1919,612,2695,2459,2827,2532,2397,2869,46,1.066,1,2261,1,36.279,0.166,-20.438,-16.250,-25.188,-0.164,-0.016,1.039,-0.094,0.137,0.273,0.058,0.020,1.259,1.407,2,NULL,NULL,,3,0,2,7,255,1356,250,0,0
stim,227763,257884,0,257884,3455204.454,-0.681,-0.049,0.053,0.729,1820,595,2718,2407,2851,2525,2425,2877,46,1.066,1,2261,1,41.845,0.148,-23.875,-16.875,-29.938,-0.152,0.012,1.039,-0.121,-0.086,0.473,0.058,0.020,1.259,1.407,2,NULL,NULL,,3,0,2,7,255,1356,250,0,0
stim,227786,257907,0,257907,3455209.455,-0.682,-0.049,0.052,0.728,1708,579,2743,2327,2855,2523,2469,2885,46,1.066,1,2261,1,46.412,0.235,-27.063,-16.813,-33.750,-0.125,-0.012,1.023,-0.219,-0.086,0.473,0.058,0.020,1.259,1.407,2,NULL,NULL,,3,0,2,7,255,1356,250,0,0
stim,227786,257907,0,257907,3455214.454,-0.683,-0.049,0.050,0.727,1579,553,2763,2265,2855,2525,2491,2886,46,1.066,1,2261,1,44.637,0.269,-28.000,-17.563,-30.000,-0.090,-0.031,1.000,-0.219,0.156,0.305,0.060,0.020,1.259,1.407,2,NULL,NULL,,3,0,2,7,255,1356,250,0,0
stim,227786,257907,0,257907,3455219.455,-0.684,-0.050,0.049,0.727,1429,529,2781,2187,2871,2521,2520,2898,46,1.066,1,2261,1,44.036,0.215,-29.688,-17.563,-27.375,-0.121,-0.047,1.027,-0.082,0.199,0.305,0.060,0.022,1.259,1.407,2,NULL,NULL,,3,0,2,7,255,1356,250,0,0
stim,227786,257907,0,257907,3455224.454,-0.684,-0.050,0.047,0.726,1269,501,2804,2092,2877,2516,2551,2907,46,1.066,1,2261,1,47.334,0.215,-32.938,-18.625,-28.438,-0.141,-0.023,1.020,-0.082,0.199,0.277,0.060,0.022,1.259,1.407,2,NULL,NULL,,3,0,2,7,255,1356,250,0,0
stim,227786,257907,0,257907,3455229.458,-0.685,-0.050,0.046,0.725,1160,469,2835,1977,2890,2505,2585,2903,46,1.066,1,2261,1,45.812,0.187,-28.313,-18.750,-30.750,-0.117,0.000,0.965,-0.168,0.082,0.277,0.060,0.022,1.259,1.407,2,NULL,NULL,,3,0,2,7,255,1356,250,0,0
stim,227786,257907,0,257907,3455234.454,-0.686,-0.050,0.044,0.724,1042,405,2839,1855,2900,2491,2599,2906,46,1.066,1,2261,1,41.679,0.441,-20.563,-19.500,-30.563,-0.102,0.004,0.984,-0.434,0.082,-0.109,0.062,0.024,1.259,1.407,2,NULL,NULL,,3,0,2,7,255,1356,250,0,0
stim,227786,257907,0,257907,3455239.455,-0.687,-0.050,0.043,0.724,896,391,2855,1741,2916,2485,2619,2911,46,1.066,1,2261,1,36.659,0.526,-15.938,-19.688,-26.500,-0.082,0.008,1.016,-0.473,0.230,-0.109,0.064,0.024,1.259,1.407,2,NULL,NULL,,3,0,2,7,255,1356,250,0,0
stim,227786,257907,0,257907,3455244.454,-0.688,-0.050,0.042,0.723,743,355,2874,1593,2919,2491,2643,2925,46,1.066,1,2261,1,33.490,0.535,-15.813,-20.813,-20.938,-0.105,-0.023,1.055,-0.473,0.250,0.137,0.064,0.024,1.259,1.407,2,NULL,NULL,,3,0,2,7,255,1356,250,0,0
stim,227816,257937,0,257937,3455249.455,-0.688,-0.050,0.040,0.722,559,308,2889,1445,2927,2467,2661,2921,46,1.066,1,2261,1,37.096,0.368,-22.313,-21.813,-20.063,-0.156,-0.035,1.090,-0.270,0.250,0.590,0.066,0.026,1.259,1.407,2,NULL,NULL,,3,0,2,7,255,1356,250,0,0
stim,227816,257937,0,257937,3455254.454,-0.689,-0.050,0.039,0.722,399,264,2906,1253,2937,2461,2679,2933,46,1.066,1,2261,1,43.075,0.352,-25.938,-22.438,-26.063,-0.172,-0.008,1.043,-0.270,-0.227,0.590,0.066,0.026,1.259,1.407,2,NULL,NULL,,3,0,2,7,255,1356,250,0,0
stim,227816,257937,0,257937,3455259.455,-0.690,-0.050,0.037,0.721,293,220,2921,1035,2952,2449,2697,2941,46,1.066,1,2261,1,45.788,0.507,-22.438,-23.688,-32.125,-0.141,0.008,0.992,-0.453,-0.227,0.531,0.068,0.026,1.259,1.407,2,NULL,NULL,,3,0,2,7,255,1356,250,0,0
stim,227816,257937,0,257937,3455264.454,-0.691,-0.049,0.036,0.720,139,167,2923,879,2959,2419,2717,2935,46,1.066,1,2261,1,44.105,0.558,-12.813,-25.750,-33.438,-0.113,-0.004,1.008,-0.512,-0.223,0.098,0.068,0.026,1.259,1.407,2,NULL,NULL,,3,0,2,7,255,1356,250,0,0
stim,227839,257960,0,257960,3455269.455,-0.692,-0.049,0.035,0.719,93,125,2943,649,2979,2409,2751,2952,46,1.066,1,2261,1,42.845,0.512,-8.438,-28.000,-31.313,-0.102,-0.016,1.043,-0.512,0.027,0.098,0.070,0.028,1.259,1.407,2,NULL,NULL,,3,0,2,7,255,1356,250,0,0
stim,227839,257960,0,257960,3455274.454,-0.693,-0.048,0.034,0.718,41,93,2951,500,2983,2385,2771,2951,46,1.066,1,2261,1,41.801,0.520,-3.563,-30.313,-28.563,-0.105,0.016,1.063,-0.512,0.090,0.453,0.072,0.028,1.259,1.407,2,NULL,NULL,,3,0,2,7,255,1356,250,0,0
stim,227839,257960,0,257960,3455279.455,-0.694,-0.047,0.033,0.718,17,44,2955,301,2983,2343,2779,2951,46,1.066,1,2261,1,45.304,0.786,-4.938,-31.875,-31.813,-0.086,0.090,1.074,-0.770,0.160,0.645,0.074,0.030,1.259,1.407,2,NULL,NULL,,3,0,2,7,255,1356,250,0,0
stim,227839,257960,0,257960,3455284.453,-0.695,-0.046,0.032,0.717,0,38,2964,171,2987,2312,2795,2953,46,1.066,1,2261,1,44.568,0.974,-1.250,-35.813,-26.500,-0.094,0.035,1.078,-0.961,0.160,0.680,0.076,0.030,1.259,1.407,2,NULL,NULL,,3,0,2,7,255,1356,250,0,0
stim,227869,257990,0,257990,3455289.455,-0.696,-0.044,0.030,0.716,0,24,2969,133,3005,2293,2823,2961,46,1.066,1,2261,1,46.639,0.995,-3.688,-37.625,-27.313,-0.082,0.016,1.086,-0.961,0.258,0.777,0.080,0.032,1.259,1.407,2,NULL,NULL,,3,0,2,7,255,1356,250,0,0
stim,227869,257990,0,257990,3455294.454,-0.696,-0.043,0.029,0.716,0,2,2972,102,3003,2275,2826,2956,46,1.066,1,2261,1,46.981,0.786,4.688,-41.313,-21.875,-0.207,-0.098,1.129,-0.770,0.160,0.816,0.084,0.036,1.259,1.407,2,NULL,NULL,,3,0,2,7,255,1356,250,0,0
stim,227869,257990,0,257990,3455299.455,-0.697,-0.041,0.029,0.716,0,0,2987,95,3007,2249,2841,2969,46,1.066,1,2261,0,61.801,0.972,34.313,-51.125,-5.313,-0.363,-0.148,1.422,0.332,-0.914,1.418,0.088,0.038,1.259,1.407,3,NULL,NULL,,3,0,2,7,255,1356,250,0,0
stim,227869,257990,0,257990,3455304.454,-0.697,-0.038,0.028,0.716,0,0,2995,69,3028,2217,2867,2969,46,1.066,1,2261,0,67.705,1.781,26.750,-61.750,7.438,-0.324,-0.051,1.609,0.332,-1.750,4.453,0.090,0.042,1.259,1.407,3,NULL,NULL,,3,0,2,7,255,1356,250,0,0
stim,227869,257990,0,257990,3455309.455,-0.697,-0.038,0.024,0.716,0,0,2994,29,3024,2163,2873,2969,46,1.066,1,2261,0,78.464,1.751,-52.063,-56.688,-15.250,-0.090,-0.066,1.281,-0.047,-1.750,4.453,0.092,0.048,1.259,1.407,3,NULL,NULL,,3,0,2,7,255,1356,250,0,0
stim,227869,257990,0,257990,3455314.453,-0.697,-0.038,0.021,0.716,0,0,2999,0,3037,2131,2887,2974,46,1.066,1,2261,0,84.160,0.072,-60.125,-58.625,-5.563,-0.066,-0.160,0.898,-0.047,0.055,2.777,0.090,0.054,1.259,1.407,3,NULL,NULL,,3,0,2,7,255,1356,250,0,0
stim,227869,257990,0,257990,3455319.455,-0.696,-0.037,0.018,0.716,0,0,2989,0,3029,2067,2893,2967,46,1.066,1,2261,0,69.690,0.639,-16.938,-64.875,19.000,-0.125,-0.121,0.875,0.637,0.055,-0.922,0.088,0.058,1.259,1.407,3,NULL,NULL,,3,0,2,7,255,1356,250,0,0
stim,227869,257990,0,257990,3455324.454,-0.696,-0.034,0.017,0.717,0,0,2990,0,3043,1994,2905,2975,46,1.066,1,2261,0,71.578,0.855,11.438,-68.750,16.313,-0.227,-0.117,0.930,0.637,-0.570,-0.922,0.086,0.064,1.259,1.407,3,NULL,NULL,,3,0,2,7,255,1356,250,0,0
stim,227895,258016,0,258016,3455329.455,-0.696,-0.031,0.015,0.717,0,0,2998,0,3047,1929,2909,2972,46,1.066,1,2261,0,75.234,1.709,22.625,-71.750,0.375,-0.246,-0.133,1.082,0.637,-1.586,-0.523,0.082,0.068,1.259,1.407,3,NULL,NULL,,3,0,2,7,255,1356,250,0,0
stim,227895,258016,0,258016,3455334.454,-0.696,-0.029,0.013,0.717,0,0,2987,0,3053,1851,2923,2971,46,1.066,1,2261,0,76.331,1.733,14.188,-74.813,-5.313,-0.168,-0.168,1.215,0.699,-1.586,0.969,0.078,0.074,1.259,1.407,3,NULL,NULL,,3,0,2,7,255,1356,250,0,0
stim,227895,258016,0,258016,3455339.455,-0.696,-0.027,0.011,0.717,0,0,2986,0,3051,1759,2935,2967,46,1.066,1,2261,0,76.405,1.362,0.188,-76.375,-2.125,-0.133,-0.203,1.145,0.969,-0.957,1.543,0.076,0.080,1.259,1.407,3,NULL,NULL,,3,0,2,7,255,1356,250,0,0
stim,227895,258016,0,258016,3455344.454,-0.696,-0.024,0.008,0.718,0,0,2991,0,3061,1675,2954,2966,46,1.066,1,2261,0,78.917,1.491,-3.563,-78.813,1.938,-0.109,-0.199,1.059,1.316,-0.699,1.543,0.072,0.086,1.259,1.407,3,NULL,NULL,,3,0,2,7,255,1356,250,0,0
stim,227915,258036,0,258036,3455349.455,-0.696,-0.022,0.006,0.718,0,0,2989,0,3067,1589,2961,2968,46,1.066,1,2261,0,81.284,1.435,-1.375,-80.938,7.375,-0.090,-0.133,1.074,1.316,-0.570,0.809,0.070,0.092,1.259,1.407,3,NULL,NULL,,3,0,2,7,255,1356,250,0,0
stim,227915,258036,0,258036,3455354.454,-0.695,-0.019,0.004,0.718,0,0,2975,0,3064,1433,2958,2963,46,1.066,1,2261,0,83.944,0.869,3.688,-83.438,8.438,-0.160,-0.063,1.039,0.656,-0.570,0.672,0.064,0.098,1.259,1.407,3,NULL,NULL,,3,0,2,7,255,1356,250,0,0
stim,227915,258036,0,258036,3455359.455,-0.695,-0.016,0.001,0.719,0,0,2969,0,3087,1329,2981,2957,46,1.066,1,2261,0,88.840,1.271,15.250,-87.500,1.938,-0.160,-0.074,1.047,0.152,-1.262,0.492,0.060,0.104,1.259,1.407,3,NULL,NULL,,3,0,2,7,255,1356,250,0,0
stim,227915,258036,0,258036,3455364.453,-0.695,-0.013,-0.001,0.719,0,0,2971,0,3067,1204,2974,2965,46,1.066,1,2261,0,91.977,1.265,18.750,-90.000,-2.875,-0.137,-0.070,1.098,0.094,-1.262,0.492,0.056,0.110,1.259,1.407,3,NULL,NULL,,3,0,2,7,255,1356,250,0,0
stim,227937,258058,0,258058,3455369.455,-0.695,-0.010,-0.003,0.718,0,0,2951,0,3077,1039,2980,2949,46,1.066,1,2261,0,95.083,1.180,18.750,-92.750,-9.313,-0.125,-0.070,1.145,0.102,-1.176,1.000,0.054,0.116,1.259,1.407,3,NULL,NULL,,3,0,2,7,255,1356,250,0,0
stim,227937,258058,0,258058,3455374.454,-0.696,-0.006,-0.005,0.718,0,0,2949,0,3089,885,2994,2955,46,1.066,1,2261,0,97.736,1.176,14.875,-96.250,-8.188,-0.109,-0.090,1.156,0.102,-1.172,1.441,0.052,0.124,1.259,1.407,3,NULL,NULL,,3,0,2,7,255,1356,250,0,0
stim,227967,258088,0,258088,3455379.455,-0.696,-0.003,-0.008,0.718,0,0,2927,0,3080,719,2995,2941,46,1.066,1,2261,0,99.984,1.098,10.313,-99.250,-6.313,-0.055,-0.063,1.176,0.102,-1.094,1.563,0.052,0.130,1.259,1.407,3,NULL,NULL,,3,0,2,7,255,1356,250,0,0
stim,227967,258088,0,258088,3455384.454,-0.696,0.000,-0.011,0.718,0,0,2910,0,3080,602,2998,2926,46,1.066,1,2261,0,102.919,0.664,3.000,-102.875,-0.313,-0.043,-0.004,1.203,0.004,-0.664,1.734,0.052,0.136,1.259,1.407,3,NULL,NULL,,3,0,2,7,255,1356,250,0,0
stim,227967,258088,0,258088,3455389.455,-0.695,0.004,-0.014,0.719,0,0,2903,0,3087,491,3005,2919,46,1.066,1,2261,0,108.431,0.868,-0.313,-108.313,5.063,-0.063,0.043,1.090,-0.559,-0.664,1.734,0.052,0.144,1.259,1.407,3,NULL,NULL,,3,0,2,7,255,1356,250,0,0
stim,227967,258088,0,258088,3455394.454,-0.695,0.008,-0.017,0.719,0,0,2891,0,3083,333,3019,2913,46,1.066,1,2261,0,111.504,1.370,15.813,-110.375,-0.750,-0.117,0.094,1.055,-0.973,-0.965,0.813,0.054,0.152,1.259,1.407,3,NULL,NULL,,3,0,2,7,255,1356,250,0,0
stim,227967,258088,0,258088,3455399.455,-0.695,0.012,-0.019,0.719,0,0,2862,0,3095,187,3021,2904,46,1.066,1,2261,0,117.785,1.863,23.563,-115.063,-8.875,-0.066,0.090,1.160,-1.402,-1.227,0.813,0.056,0.158,1.259,1.407,3,NULL,NULL,,3,0,2,7,255,1356,250,0,0
stim,227967,258088,0,258088,3455404.454,-0.695,0.017,-0.022,0.718,0,0,2843,0,3089,119,3034,2885,46,1.066,1,2261,0,121.246,1.875,23.500,-118.438,-11.000,-0.008,0.105,1.258,-1.418,-1.227,1.465,0.058,0.166,1.259,1.407,3,NULL,NULL,,3,0,2,7,255,1356,250,0,0
stim,227990,258111,0,258111,3455409.455,-0.695,0.021,-0.025,0.718,0,0,2822,0,3095,44,3027,2854,46,1.066,1,2261,0,124.029,1.783,11.438,-123.500,-0.125,0.020,0.137,1.316,-1.570,-0.844,2.461,0.064,0.172,1.259,1.407,3,NULL,NULL,,3,0,2,7,255,1356,250,0,0
stim,227990,258111,0,258111,3455414.454,-0.695,0.025,-0.029,0.718,0,0,2787,0,3087,17,3027,2829,46,1.066,1,2261,0,127.032,2.070,-2.250,-126.813,7.125,-0.039,0.195,1.391,-1.891,-0.844,3.000,0.070,0.180,1.259,1.407,3,NULL,NULL,,3,0,2,7,255,1356,250,0,0
stim,227990,258111,0,258111,3455419.455,-0.694,0.028,-0.033,0.719,0,0,2744,0,3091,0,3033,2804,46,1.066,1,2261,0,132.723,2.767,-18.500,-131.188,7.938,-0.070,0.180,1.414,-2.313,-1.520,3.684,0.080,0.188,1.259,1.407,3,NULL,NULL,,3,0,2,7,255,1356,250,0,0
stim,227990,258111,0,258111,3455424.454,-0.693,0.032,-0.038,0.719,0,0,2717,0,3095,0,3047,2779,46,1.066,1,2261,0,139.696,3.060,-29.875,-136.188,8.688,-0.098,0.172,1.367,-2.313,-2.004,3.684,0.088,0.196,1.259,1.407,3,NULL,NULL,,3,0,2,7,255,1356,250,0,0
stim,227990,258111,1,258111,3455429.455,-0.693,0.035,-0.043,0.719,0,0,2677,0,3081,0,3037,2731,46,1.066,1,2261,0,143.928,3.318,-29.188,-140.813,5.938,-0.078,0.195,1.422,-2.313,-2.379,3.863,0.100,0.204,1.259,1.407,3,NULL,NULL,,3,1,2,7,255,1356,250,0,0
stim,227990,258111,1,258111,3455434.454,-0.692,0.039,-0.048,0.719,0,0,2623,0,3067,0,3047,2695,46,1.066,1,2261,0,152.147,3.489,-26.813,-149.063,14.500,-0.098,0.199,1.574,-2.504,-2.430,3.863,0.114,0.214,1.259,1.407,3,NULL,NULL,,3,1,2,7,255,1356,250,0,0
stim,227990,258111,1,258111,3455439.455,-0.691,0.043,-0.054,0.720,0,0,2579,0,3049,0,3036,2637,46,1.066,1,2261,0,165.520,3.972,-30.188,-159.813,30.750,-0.164,0.230,1.719,-2.621,-2.984,5.293,0.128,0.226,1.259,1.407,3,NULL,NULL,,3,1,2,7,255,1356,250,0,0
stim,227990,258111,1,258111,3455444.454,-0.689,0.047,-0.060,0.721,0,0,2525,0,3053,0,3035,2579,46,1.066,1,2261,0,177.962,5.019,-44.063,-169.813,29.875,-0.277,0.258,1.742,-2.984,-4.035,6.496,0.146,0.240,1.259,1.407,3,NULL,NULL,,3,1,2,7,255,1356,250,0,0
stim,228012,258133,1,258133,3455449.455,-0.688,0.051,-0.068,0.721,0,0,2469,0,3047,0,3033,2505,46,1.066,1,2261,0,193.118,6.357,-60.250,-182.063,22.750,-0.281,0.277,1.742,-3.273,-5.449,6.496,0.164,0.258,1.259,1.407,3,NULL,NULL,,3,1,2,7,255,1356,250,0,0
stim,228012,258133,1,258133,3455454.454,-0.687,0.055,-0.076,0.721,0,0,2403,0,3037,0,3027,2405,46,1.066,1,2261,0,210.919,6.491,-76.938,-194.813,24.813,-0.219,0.281,1.688,-3.527,-5.449,6.379,0.188,0.278,1.259,1.407,3,NULL,NULL,,3,1,2,7,255,1356,250,0,0
stim,228012,258133,1,258133,3455459.457,-0.685,0.058,-0.085,0.721,0,0,2328,0,3028,0,3017,2297,46,1.066,1,2261,0,224.326,6.781,-80.563,-207.438,28.313,-0.266,0.270,1.629,-3.594,-5.750,5.867,0.212,0.304,1.259,1.407,3,NULL,NULL,,3,1,2,7,255,1356,250,0,0
stim,228012,258133,1,258133,3455464.453,-0.683,0.063,-0.094,0.721,0,0,2255,0,3016,0,3003,2189,46,1.066,1,2261,0,237.598,6.940,-83.625,-221.063,24.313,-0.277,0.203,1.559,-3.594,-5.938,5.074,0.240,0.330,1.259,1.407,3,NULL,NULL,,3,1,2,7,255,1356,250,0,0
stim,228035,258156,1,258156,3455469.455,-0.682,0.068,-0.103,0.721,0,0,2165,0,3001,11,2992,2072,46,1.066,1,2261,0,246.977,6.842,-73.875,-234.563,22.813,-0.348,0.129,1.508,-2.961,-6.168,4.301,0.270,0.362,1.259,1.407,3,NULL,NULL,,3,1,2,7,255,1356,250,0,0
stim,228035,258156,1,258156,3455474.454,-0.680,0.074,-0.113,0.721,0,0,2083,0,2985,39,2970,1961,46,1.066,1,2261,0,259.912,7.432,-63.500,-251.563,15.438,-0.410,0.148,1.652,-2.551,-6.980,4.301,0.304,0.394,1.259,1.407,3,NULL,NULL,,3,1,2,7,255,1356,250,0,0
stim,228083,258204,1,258204,3455479.455,-0.678,0.080,-0.123,0.720,0,0,2007,0,2968,53,2937,1871,46,1.066,1,2261,0,276.994,8.494,-72.063,-267.250,10.500,-0.309,0.184,1.805,-2.551,-8.102,4.590,0.338,0.430,1.259,1.407,3,NULL,NULL,,3,1,2,7,255,1356,250,0,0
stim,228083,258204,1,258204,3455484.453,-0.676,0.086,-0.134,0.719,0,0,1891,0,2942,72,2909,1783,46,1.066,1,2261,0,296.033,8.685,-84.938,-283.250,13.813,-0.254,0.230,1.824,-3.129,-8.102,6.027,0.374,0.466,1.259,1.407,3,NULL,NULL,,3,1,2,7,255,1356,250,0,0
stim,228083,258204,1,258204,3455489.455,-0.674,0.093,-0.146,0.719,0,0,1816,0,2914,70,2867,1685,46,1.066,1,2261,0,310.583,8.924,-79.813,-299.063,25.563,-0.371,0.262,1.961,-3.742,-8.102,6.129,0.412,0.506,1.259,1.407,3,NULL,NULL,,3,1,2,7,255,1356,250,0,0
stim,228083,258204,1,258204,3455494.454,-0.671,0.101,-0.157,0.718,0,0,1741,0,2876,71,2807,1589,46,1.066,1,2261,0,321.710,10.864,-64.688,-314.688,16.875,-0.512,0.430,2.336,-4.152,-10.039,6.711,0.452,0.548,1.259,1.407,3,NULL,NULL,,3,1,2,7,255,1356,250,0,0
stim,228083,258204,1,258204,3455499.455,-0.668,0.108,-0.169,0.716,0,0,1670,0,2829,55,2735,1483,46,1.066,1,2261,0,340.594,14.503,-85.438,-329.688,3.313,-0.582,0.582,2.617,-6.094,-13.160,9.164,0.498,0.596,1.259,1.407,3,NULL,NULL,,3,1,2,7,255,1356,250,0,0
stim,228083,258204,1,258204,3455504.454,-0.666,0.116,-0.183,0.713,0,0,1549,0,2773,37,2642,1391,46,1.066,1,2261,0,366.598,16.981,-122.188,-345.500,-9.688,-0.438,0.727,2.668,-7.879,-15.043,10.789,0.548,0.648,1.259,1.407,3,NULL,NULL,,3,1,2,7,255,1356,250,0,0
stim,228083,258204,1,258204,3455509.455,-0.665,0.123,-0.198,0.710,0,0,1416,0,2713,8,2517,1288,46,1.066,1,2261,0,386.457,16.998,-146.438,-356.688,-26.063,-0.242,0.523,2.504,-7.914,-15.043,10.789,0.608,0.710,1.259,1.407,3,NULL,NULL,,3,1,2,7,255,1356,250,0,0
stim,228083,258204,1,258204,3455514.453,-0.662,0.129,-0.214,0.706,0,0,1273,0,2629,0,2373,1183,46,1.066,1,2261,0,401.988,15.390,-160.500,-368.375,-11.563,-0.195,0.375,2.277,-7.914,-13.199,10.188,0.678,0.780,1.259,1.407,3,NULL,NULL,,3,1,2,7,255,1356,250,0,0
stim,228083,258204,1,258204,3455519.455,-0.659,0.136,-0.230,0.704,0,0,1092,0,2515,0,2172,1067,46,1.066,1,2261,0,412.323,14.424,-165.188,-377.438,16.250,-0.324,0.281,2.043,-6.457,-12.898,8.172,0.752,0.856,1.259,1.407,3,NULL,NULL,,3,1,2,7,255,1356,250,0,0
stim,228083,258204,1,258204,3455524.454,-0.655,0.144,-0.245,0.701,0,0,894,0,2391,0,1899,967,46,1.066,1,2261,0,414.726,13.463,-130.188,-393.438,16.000,-0.469,0.039,1.598,-5.355,-12.352,5.223,0.830,0.932,1.259,1.407,3,NULL,NULL,,3,1,2,7,255,1356,250,0,0
stim,228083,258204,1,258204,3455529.455,-0.650,0.154,-0.259,0.698,0,0,685,0,2198,0,1577,861,46,1.066,1,2261,0,415.842,12.520,-76.000,-408.813,4.563,-0.258,-0.270,1.668,-2.355,-12.297,2.578,0.906,1.010,1.259,1.407,3,NULL,NULL,,3,1,2,7,255,1356,250,0,0
stim,228083,258204,1,258204,3455534.454,-0.645,0.165,-0.273,0.695,0,0,462,0,1961,0,1171,731,46,1.066,1,2261,0,427.389,11.344,-54.250,-423.875,6.938,0.086,-0.539,1.691,0.289,-11.340,2.578,0.980,1.084,1.259,1.407,3,NULL,NULL,,3,1,2,7,255,1356,250,0,0
stim,228101,258222,1,258222,3455539.455,-0.639,0.177,-0.286,0.692,0,0,315,0,1687,0,648,559,46,1.066,1,2261,0,429.158,9.200,-31.063,-427.188,26.875,0.418,-0.289,1.664,0.289,-9.195,4.816,1.046,1.150,1.259,1.407,3,NULL,NULL,,3,1,2,7,255,1356,250,0,0
stim,228101,258222,1,258222,3455544.454,-0.631,0.189,-0.298,0.690,0,0,235,0,1374,0,206,483,46,1.066,1,2261,0,433.479,9.200,19.750,-431.125,40.563,0.336,-0.055,1.891,-0.293,-9.195,5.781,1.104,1.212,1.259,1.407,3,NULL,NULL,,3,1,2,7,255,1356,250,0,0
stim,228101,258222,1,258222,3455549.455,-0.623,0.203,-0.309,0.689,0,0,167,0,1039,0,0,373,46,1.066,1,2261,0,440.390,9.965,54.500,-433.938,51.688,0.004,0.250,2.359,-2.680,-9.598,6.203,1.154,1.264,1.259,1.407,3,NULL,NULL,,3,1,2,7,255,1356,250,0,0
stim,228101,258222,1,258222,3455554.454,-0.614,0.215,-0.321,0.688,0,0,111,0,556,0,0,301,46,1.066,1,2261,0,438.712,16.609,13.000,-431.125,80.188,-0.234,0.230,2.590,-5.238,-15.762,6.203,1.208,1.320,1.259,1.407,3,NULL,NULL,,3,1,2,7,255,1356,250,0,0
stim,228129,258250,1,258250,3455559.455,-0.605,0.224,-0.335,0.687,0,0,113,0,203,0,0,227,46,1.066,1,2261,0,454.140,20.320,-63.500,-431.938,125.063,-0.469,0.172,2.406,-5.238,-19.633,5.836,1.268,1.384,1.259,1.407,3,NULL,NULL,,3,1,2,7,255,1356,250,0,0
stim,228129,258250,1,258250,3455564.454,-0.594,0.231,-0.352,0.686,0,0,105,0,0,0,0,91,46,1.066,1,2261,0,482.068,20.234,-116.313,-432.563,178.188,-0.664,0.375,1.891,-4.895,-19.633,2.344,1.338,1.456,1.259,1.407,3,NULL,NULL,,3,1,2,7,255,1356,250,0,0
stim,228129,258250,1,258250,3455569.455,-0.584,0.236,-0.369,0.684,0,0,82,0,0,0,0,39,46,1.066,1,2261,0,477.261,19.065,-167.063,-412.000,173.563,-0.652,0.922,1.570,-4.895,-18.426,-3.582,1.416,1.534,1.259,1.407,4,NULL,NULL,,3,1,2,7,255,1356,250,0,0
stim,228129,258250,1,258250,3455574.454,-0.575,0.240,-0.386,0.680,0,0,71,0,0,0,0,7,46,1.066,1,2261,0,455.907,18.921,-205.563,-383.313,136.625,-0.688,1.410,1.297,-9.660,-16.270,-7.500,1.498,1.620,1.259,1.407,0,NULL,NULL,,3,1,2,7,255,1356,250,0,0
stim,228169,258290,1,258290,3455579.455,-0.568,0.242,-0.403,0.675,0,0,85,0,0,0,0,6,46,1.066,1,2261,0,435.007,21.064,-227.438,-356.688,101.375,-0.785,1.703,1.418,-13.781,-15.930,-11.340,1.582,1.704,1.259,1.407,0,NULL,NULL,,3,1,2,7,255,1356,250,0,0
stim,228169,258290,1,258290,3455584.453,-0.563,0.244,-0.420,0.669,0,0,87,0,0,0,0,27,46,1.066,1,2261,0,440.439,21.064,-276.375,-335.688,70.125,-0.785,1.277,1.457,-13.781,-15.930,-12.359,1.668,1.790,1.259,1.407,0,NULL,NULL,,3,1,2,7,255,1356,250,0,0
stim,228169,258290,1,258290,3455589.455,-0.560,0.244,-0.438,0.660,0,0,85,0,0,0,0,47,46,1.066,1,2261,0,457.014,20.319,-345.938,-298.000,19.625,-0.305,0.523,1.477,-12.613,-15.930,-12.359,1.754,1.876,1.259,1.407,0,NULL,NULL,,3,1,2,7,255,1356,250,0,0
stim,228169,258290,1,258290,3455594.454,-0.559,0.241,-0.454,0.651,0,0,90,0,0,0,0,77,46,1.066,1,2261,0,425.363,15.454,-354.875,-234.500,-2.625,-0.184,-0.199,0.984,-7.047,-13.754,-6.809,1.842,1.964,1.259,1.407,0,NULL,NULL,,3,1,2,7,255,1356,250,0,0
stim,228169,258290,1,258290,3455599.455,-0.557,0.239,-0.468,0.643,0,0,84,0,0,0,0,109,46,1.066,1,2261,0,373.898,10.689,-314.500,-201.563,16.188,-0.363,-0.129,1.031,-0.449,-10.680,-6.809,1.922,2.046,1.259,1.407,0,NULL,NULL,,3,1,2,7,255,1356,250,0,0
stim,228169,258290,1,258290,3455604.454,-0.557,0.236,-0.480,0.635,0,0,77,0,0,0,0,134,46,1.066,1,2261,0,349.217,10.689,-310.438,-159.938,1.188,-0.539,0.145,0.984,-0.449,-10.680,-7.883,1.996,2.120,1.259,1.407,0,NULL,NULL,,3,1,2,7,255,1356,250,0,0
stim,228169,258290,1,258290,3455609.455,-0.559,0.232,-0.492,0.626,0,0,77,0,0,0,0,135,46,1.066,1,2261,0,344.481,10.936,-321.938,-115.375,-41.375,-0.500,0.227,0.539,-2.355,-10.680,-10.711,2.058,2.184,1.259,1.407,0,NULL,NULL,,3,1,2,7,255,1356,250,0,0
stim,228169,258290,1,258290,3455614.453,-0.563,0.227,-0.501,0.617,0,0,75,0,0,0,0,128,46,1.066,1,2261,0,340.498,7.072,-330.188,-50.750,-65.875,-0.133,0.230,0.027,-2.355,-6.668,-11.668,2.110,2.236,1.259,1.407,0,NULL,NULL,,3,1,2,7,255,1356,250,0,0
stim,228170,258291,1,258291,3455619.455,-0.567,0.221,-0.509,0.609,0,0,71,0,0,0,0,126,46,1.066,1,2261,0,305.582,1.967,-300.375,2.250,-56.125,0.098,0.406,-0.645,-1.895,-0.527,-12.664,2.156,2.284,1.259,1.407,0,NULL,NULL,,3,1,2,7,255,1356,250,0,0
stim,228170,258291,1,258291,3455624.454,-0.572,0.214,-0.513,0.604,0,0,61,0,0,0,0,115,46,1.066,1,2261,0,221.674,6.834,-210.438,62.375,-31.063,0.273,0.344,-0.996,-1.824,6.586,-12.484,2.196,2.326,1.259,1.407,0,NULL,NULL,,3,1,2,7,255,1356,250,0,0
stim,228199,258320,1,258320,3455629.455,-0.575,0.208,-0.513,0.603,0,0,61,0,0,0,0,114,46,1.066,1,2261,0,155.565,9.284,-110.500,108.063,17.688,0.215,0.148,-0.961,-0.344,9.277,-12.484,2.226,2.356,1.259,1.407,0,NULL,NULL,,3,1,2,7,255,1356,250,0,0
stim,228199,258320,1,258320,3455634.454,-0.577,0.203,-0.511,0.604,0,0,59,0,0,0,0,111,46,1.066,1,2261,0,148.696,9.400,-39.063,138.000,39.250,-0.117,0.070,-0.738,1.512,9.277,-12.484,2.232,2.364,1.259,1.407,0,NULL,NULL,,3,1,2,7,255,1356,250,0,0
stim,228199,258320,1,258320,3455639.455,-0.580,0.198,-0.507,0.606,0,0,51,0,0,0,0,109,46,1.066,1,2261,0,167.978,6.078,9.875,163.625,36.688,-0.207,-0.090,-0.613,2.273,5.637,-13.531,2.232,2.364,1.259,1.407,0,NULL,NULL,,3,1,2,7,255,1356,250,0,0
stim,228199,258320,1,258320,3455644.453,-0.582,0.194,-0.501,0.610,0,0,43,0,0,0,0,103,46,1.066,1,2261,0,194.808,4.988,53.375,181.000,48.375,-0.168,-0.109,-0.539,3.262,3.773,-13.531,2.228,2.360,1.259,1.407,0,NULL,NULL,,3,1,2,7,255,1356,250,0,0
stim,228199,258320,1,258320,3455649.455,-0.584,0.190,-0.494,0.616,0,0,41,0,0,0,0,95,46,1.066,1,2261,0,226.144,4.610,95.563,191.875,72.063,-0.215,0.086,-0.410,3.262,3.258,-13.531,2.220,2.352,1.259,1.407,0,NULL,NULL,,3,1,2,7,255,1356,250,0,0
stim,228199,258320,1,258320,3455654.454,-0.585,0.186,-0.486,0.622,0,0,23,0,0,0,0,85,46,1.066,1,2261,0,253.875,2.591,131.500,199.625,85.500,-0.352,0.316,-0.227,1.184,2.305,-13.578,2.208,2.342,1.259,1.407,0,NULL,NULL,,3,1,2,7,255,1356,250,0,0
stim,228220,258341,1,258341,3455659.455,-0.586,0.182,-0.477,0.629,0,0,20,0,0,0,0,74,46,1.066,1,2261,0,270.472,1.295,153.125,206.625,83.750,-0.453,0.414,-0.023,-1.223,0.426,-14.820,2.198,2.332,1.259,1.407,0,NULL,NULL,,3,1,2,7,255,1356,250,0,0
stim,228220,258341,1,258341,3455664.453,-0.587,0.179,-0.468,0.636,0,0,11,0,0,0,0,73,46,1.066,1,2261,0,280.510,3.049,162.063,213.938,81.563,-0.457,0.340,0.156,-2.539,-1.688,-14.820,2.186,2.322,1.259,1.407,0,NULL,NULL,,3,1,2,7,255,1356,250,0,0
stim,228220,258341,1,258341,3455669.455,-0.588,0.176,-0.458,0.643,0,0,11,0,0,0,0,69,46,1.066,1,2261,0,286.182,4.227,164.688,217.000,87.688,-0.500,0.254,0.266,-2.539,-3.379,-13.902,2.180,2.316,1.259,1.407,0,NULL,NULL,,3,1,2,7,255,1356,250,0,0
stim,228220,258341,1,258341,3455674.454,-0.589,0.172,-0.448,0.650,0,0,9,0,0,0,0,69,46,1.066,1,2261,0,289.416,5.156,167.625,218.500,89.000,-0.598,0.258,0.359,-2.105,-4.707,-13.359,2.180,2.316,1.259,1.407,0,NULL,NULL,,3,1,2,7,255,1356,250,0,0
stim,228271,258392,0,258392,3455679.455,-0.590,0.169,-0.438,0.657,0,0,8,0,0,0,0,62,46,1.066,1,2261,0,289.110,6.469,172.313,219.313,76.125,-0.672,0.297,0.457,-2.105,-6.117,-13.359,2.184,2.322,1.259,1.407,0,NULL,NULL,,3,0,2,7,255,1352,250,0,0
stim,228271,258392,0,258392,3455684.454,-0.592,0.166,-0.428,0.663,0,0,17,0,0,0,0,55,46,1.066,1,2261,0,286.346,7.794,173.938,220.125,57.313,-0.648,0.273,0.625,-2.566,-7.359,-13.359,2.194,2.332,1.259,1.407,0,NULL,NULL,,3,0,2,7,255,1352,250,0,0
stim,228271,258392,0,258392,3455689.455,-0.593,0.163,-0.418,0.669,0,0,13,0,0,0,0,63,46,1.066,1,2261,0,276.652,9.042,159.875,221.313,44.688,-0.605,0.238,0.824,-2.918,-8.559,-11.977,2.210,2.348,1.259,1.407,0,NULL,NULL,,3,0,2,7,255,1352,250,0,0
stim,228271,258392,0,258392,3455694.454,-0.596,0.159,-0.408,0.673,0,0,12,0,0,0,0,59,46,1.066,1,2261,0,261.336,10.356,130.875,223.938,31.938,-0.613,0.238,0.969,-3.277,-9.824,-10.188,2.234,2.372,1.259,1.407,0,NULL,NULL,,3,0,2,7,255,1352,250,0,0
stim,228271,258392,0,258392,3455699.455,-0.599,0.155,-0.399,0.677,0,0,10,0,0,0,0,63,46,1.066,1,2261,0,249.583,11.513,96.375,229.875,12.688,-0.590,0.207,1.012,-3.570,-10.945,-9.191,2.262,2.400,1.259,1.407,0,NULL,NULL,,3,0,2,7,255,1352,250,0,0
stim,228271,258392,0,258392,3455704.454,-0.603,0.150,-0.391,0.679,0,0,11,0,0,0,0,77,46,1.066,1,2261,0,248.505,11.513,68.000,238.938,-6.313,-0.527,0.133,0.941,-3.570,-10.945,-8.387,2.294,2.434,1.259,1.407,0,NULL,NULL,,3,0,2,7,255,1352,250,0,0
stim,228288,258409,0,258409,3455709.457,-0.608,0.144,-0.383,0.681,0,0,12,0,0,0,0,88,46,1.066,1,2261,0,256.461,10.574,50.688,250.688,-18.938,-0.465,0.078,0.867,-2.875,-10.176,-7.879,2.330,2.470,1.259,1.407,0,NULL,NULL,,3,0,2,7,255,1352,250,0,0
stim,228288,258409,0,258409,3455714.454,-0.613,0.138,-0.374,0.682,0,0,13,0,0,0,0,115,46,1.066,1,2261,0,267.284,9.553,40.250,262.688,-28.563,-0.473,0.129,0.828,-2.699,-9.164,-7.828,2.372,2.514,1.259,1.407,0,NULL,NULL,,3,0,2,7,255,1352,250,0,0
stim,228288,258409,0,258409,3455719.455,-0.619,0.132,-0.366,0.683,0,0,13,0,0,0,0,118,46,1.066,1,2261,0,280.200,9.295,34.563,274.250,-45.875,-0.477,0.160,0.797,-2.699,-8.895,-7.828,2.416,2.558,1.259,1.407,0,NULL,NULL,,3,0,2,7,255,1352,250,0,0
stim,228288,258409,0,258409,3455724.454,-0.625,0.125,-0.357,0.683,0,0,12,0,0,0,0,121,46,1.066,1,2261,0,296.300,9.133,28.438,288.125,-63.000,-0.410,0.133,0.828,-2.969,-8.637,-7.828,2.460,2.604,1.259,1.407,0,NULL,NULL,,3,0,2,7,255,1352,250,0,0
stim,228288,258409,0,258409,3455729.455,-0.632,0.118,-0.347,0.683,0,0,12,0,0,0,0,121,46,1.066,1,2261,0,308.726,8.786,15.938,300.750,-67.875,-0.273,0.094,0.777,-2.969,-8.270,-7.035,2.508,2.652,1.259,1.407,0,NULL,NULL,,3,0,2,7,255,1352,250,0,0
stim,228288,258409,0,258409,3455734.454,-0.639,0.110,-0.338,0.682,0,0,13,0,0,0,0,133,46,1.066,1,2261,0,316.795,7.404,9.063,311.250,-58.313,-0.277,0.039,0.664,-2.836,-6.840,-6.727,2.554,2.700,1.259,1.407,0,NULL,NULL,,3,0,2,7,255,1352,250,0,0
stim,228288,258409,0,258409,3455739.455,-0.645,0.102,-0.328,0.682,0,0,11,0,0,0,0,133,46,1.066,1,2261,0,325.669,6.431,21.000,318.438,-64.938,-0.422,0.027,0.477,-2.020,-6.105,-6.727,2.602,2.748,1.259,1.407,0,NULL,NULL,,3,0,2,7,255,1352,250,0,0
stim,228288,258409,0,258409,3455744.454,-0.653,0.095,-0.317,0.681,0,0,11,0,0,0,0,125,46,1.066,1,2261,0,340.291,6.206,52.000,325.375,-85.000,-0.344,-0.039,0.395,-1.195,-6.090,-8.547,2.648,2.796,1.259,1.407,0,NULL,NULL,,3,0,2,7,255,1352,250,0,0
stim,228314,258435,0,258435,3455749.455,-0.660,0.090,-0.305,0.681,0,0,11,0,0,0,0,133,46,1.066,1,2261,0,352.107,5.070,85.250,329.563,-90.000,-0.125,-0.113,0.422,-0.520,-5.043,-8.547,2.690,2.840,1.259,1.407,0,NULL,NULL,,3,0,2,7,255,1352,250,0,0
stim,228314,258435,0,258435,3455754.453,-0.666,0.084,-0.292,0.681,0,0,18,0,0,0,0,127,46,1.066,1,2261,0,358.104,3.358,115.000,330.250,-77.125,-0.074,-0.125,0.473,-0.262,-3.348,-6.836,2.728,2.878,1.259,1.407,0,NULL,NULL,,3,0,2,7,255,1352,250,0,0
stim,228314,258435,0,258435,3455759.455,-0.672,0.080,-0.278,0.682,0,0,12,0,0,0,0,131,46,1.066,1,2261,0,364.513,3.358,146.188,326.813,-68.500,-0.137,0.020,0.598,-0.262,-3.348,-6.066,2.760,2.912,1.259,1.407,0,NULL,NULL,,3,0,2,7,255,1352,250,0,0
stim,228314,258435,0,258435,3455764.454,-0.678,0.076,-0.263,0.683,0,0,14,0,0,0,0,131,46,1.066,1,2261,0,373.135,4.459,169.938,324.000,-73.313,-0.121,0.137,0.766,-1.898,-4.035,-5.676,2.790,2.942,1.259,1.407,0,NULL,NULL,,3,0,2,7,255,1352,250,0,0
stim,228334,258455,0,258455,3455769.455,-0.683,0.073,-0.248,0.683,0,0,11,0,0,0,0,138,46,1.066,1,2261,0,377.151,5.274,182.625,322.313,-70.750,-0.027,0.082,0.914,-3.262,-4.145,-4.438,2.816,2.968,1.259,1.407,0,NULL,NULL,,3,0,2,7,255,1352,250,0,0
stim,228334,258455,0,258455,3455774.454,-0.688,0.070,-0.232,0.684,0,0,11,0,0,0,0,137,46,1.066,1,2261,0,375.117,5.325,187.500,320.313,-54.375,0.027,0.078,1.008,-3.344,-4.145,-2.453,2.838,2.992,1.259,1.407,0,NULL,NULL,,3,0,2,7,255,1352,250,0,0
stim,228375,258496,0,258496,3455779.455,-0.692,0.067,-0.217,0.686,0,0,17,0,0,0,0,141,46,1.066,1,2261,0,376.283,5.175,193.500,320.375,-38.813,0.008,0.129,1.066,-3.344,-3.949,-1.234,2.858,3.014,1.259,1.407,0,NULL,NULL,,3,0,2,7,255,1352,250,0,0
stim,228375,258496,0,258496,3455784.453,-0.695,0.064,-0.201,0.687,0,0,18,0,0,0,0,139,46,1.066,1,2261,0,382.236,5.500,206.063,320.500,-30.375,-0.102,0.148,1.184,-3.828,-3.949,-0.781,2.880,3.034,1.259,1.407,0,NULL,NULL,,3,0,2,7,255,1352,250,0,0
stim,228375,258496,0,258496,3455789.455,-0.699,0.061,-0.185,0.688,0,0,11,0,0,0,0,137,46,1.066,1,2261,0,386.743,6.376,212.625,320.938,-36.875,-0.113,0.113,1.344,-3.840,-5.090,0.008,2.900,3.058,1.259,1.407,0,NULL,NULL,,3,0,2,7,255,1352,250,0,0
stim,228375,258496,0,258496,3455794.454,-0.702,0.058,-0.169,0.690,0,0,18,0,0,0,0,136,46,1.066,1,2261,0,384.358,6.631,211.750,319.188,-31.813,-0.078,0.156,1.484,-4.051,-5.250,1.703,2.924,3.082,1.259,1.407,0,NULL,NULL,,3,0,2,7,255,1352,250,0,0
stim,228375,258496,0,258496,3455799.455,-0.705,0.055,-0.153,0.691,0,0,17,0,0,0,0,135,46,1.066,1,2261,0,379.072,6.985,202.438,319.125,-29.563,-0.129,0.160,1.621,-4.316,-5.492,3.227,2.952,3.110,1.259,1.407,0,NULL,NULL,,3,0,2,7,255,1352,250,0,0
stim,228375,258496,0,258496,3455804.453,-0.708,0.051,-0.137,0.691,0,0,17,0,0,0,0,139,46,1.066,1,2261,0,369.772,6.975,183.000,319.563,-33.500,-0.117,0.215,1.727,-4.324,-5.473,4.551,2.982,3.140,1.259,1.407,0,NULL,NULL,,3,0,2,7,255,1352,250,0,0
stim,228375,258496,0,258496,3455809.455,-0.710,0.047,-0.122,0.691,0,0,16,0,0,0,0,141,46,1.066,1,2261,0,358.882,7.259,163.875,317.688,-31.875,-0.105,0.227,1.801,-4.770,-5.473,5.711,3.014,3.174,1.259,1.407,0,NULL,NULL,,3,0,2,7,255,1352,250,0,0
stim,228375,258496,0,258496,3455814.453,-0.713,0.042,-0.108,0.691,0,0,16,0,0,0,0,142,46,1.066,1,2261,0,348.149,6.972,140.125,317.063,-32.313,-0.094,0.176,1.766,-4.770,-5.086,6.570,3.050,3.210,1.259,1.407,0,NULL,NULL,,3,0,2,7,255,1352,250,0,0
stim,228375,258496,0,258496,3455819.455,-0.716,0.037,-0.095,0.691,0,0,16,0,0,0,0,143,46,1.066,1,2261,0,342.255,6.007,124.438,316.750,-36.375,-0.105,0.164,1.777,-3.996,-4.484,6.625,3.086,3.246,1.259,1.407,0,NULL,NULL,,3,0,2,7,255,1352,250,0,0
stim,228375,258496,0,258496,3455824.454,-0.718,0.031,-0.081,0.691,0,0,12,0,0,0,0,149,46,1.066,1,2261,0,334.343,5.574,108.125,314.625,-33.250,-0.008,0.137,1.680,-3.715,-4.156,6.570,3.120,3.282,1.259,1.407,0,NULL,NULL,,3,0,2,7,255,1352,250,0,0
stim,228396,258517,0,258517,3455829.455,-0.720,0.025,-0.068,0.690,0,0,18,0,0,0,0,154,46,1.066,1,2261,0,332.222,4.112,107.625,313.250,-25.750,-0.039,0.074,1.668,-3.172,-2.617,6.223,3.154,3.314,1.259,1.407,0,NULL,NULL,,3,0,2,7,255,1352,250,0,0
stim,228396,258517,0,258517,3455834.454,-0.722,0.019,-0.055,0.690,0,0,14,0,0,0,0,152,46,1.066,1,2261,0,326.675,3.586,100.188,310.063,-23.250,-0.047,0.113,1.637,-2.586,-2.484,6.207,3.184,3.346,1.259,1.407,0,NULL,NULL,,3,0,2,7,255,1352,250,0,0
stim,228396,258517,0,258517,3455839.455,-0.723,0.013,-0.042,0.689,0,0,21,0,0,0,0,155,46,1.066,1,2261,0,325.414,3.151,100.000,308.688,-24.625,-0.066,0.086,1.641,-2.379,-2.066,6.090,3.210,3.372,1.259,1.407,0,NULL,NULL,,3,0,2,7,255,1352,250,0,0
stim,228396,258517,0,258517,3455844.453,-0.725,0.007,-0.029,0.689,0,0,16,0,0,0,0,153,46,1.066,1,2261,0,321.174,2.832,101.313,304.188,-18.938,-0.004,0.035,1.582,-2.152,-1.840,5.973,3.232,3.394,1.259,1.407,0,NULL,NULL,,3,0,2,7,255,1352,250,0,0
stim,228416,258537,0,258537,3455849.455,-0.725,0.001,-0.016,0.688,0,0,17,0,0,0,0,151,46,1.066,1,2261,0,321.662,1.654,111.500,301.500,-11.500,-0.031,0.035,1.621,-1.434,-0.824,6.020,3.250,3.414,1.259,1.407,0,NULL,NULL,,3,0,2,7,255,1352,250,0,0
stim,228416,258537,0,258537,3455854.454,-0.726,-0.004,-0.003,0.688,0,0,16,0,0,0,0,151,46,1.066,1,2261,0,318.425,1.600,118.938,295.375,1.375,-0.066,0.086,1.668,-1.434,-0.711,6.020,3.268,3.432,1.259,1.407,0,NULL,NULL,,3,0,2,7,255,1352,250,0,0
stim,228416,258537,0,258537,3455859.455,-0.726,-0.008,0.010,0.687,0,0,17,0,0,0,0,152,46,1.066,1,2261,0,318.096,1.405,125.500,292.250,-5.000,-0.086,0.066,1.699,-1.270,-0.602,6.484,3.280,3.444,1.259,1.407,0,NULL,NULL,,3,0,2,7,255,1352,250,0,0
stim,228416,258537,0,258537,3455864.453,-0.726,-0.013,0.023,0.687,0,0,21,0,0,0,0,149,46,1.066,1,2261,0,317.098,1.553,135.125,286.813,5.563,-0.070,0.113,1.789,-1.504,-0.387,6.852,3.290,3.456,1.259,1.407,0,NULL,NULL,,3,0,2,7,255,1352,250,0,0
stim,228416,258537,0,258537,3455869.455,-0.726,-0.017,0.036,0.686,0,0,25,0,0,0,0,147,46,1.066,1,2261,0,316.308,1.276,138.625,284.313,-0.063,-0.027,0.086,1.813,-1.250,0.254,7.723,3.300,3.464,1.259,1.407,0,NULL,NULL,,3,0,2,7,255,1352,250,0,0
stim,228416,258537,0,258537,3455874.454,-0.726,-0.020,0.050,0.686,0,0,23,0,0,0,0,143,46,1.066,1,2261,0,320.514,1.434,154.375,280.563,13.500,0.008,0.055,1.902,-0.949,1.074,7.930,3.306,3.472,1.259,1.407,0,NULL,NULL,,3,0,2,7,255,1352,250,0,0
stim,228470,258591,0,258591,3455879.455,-0.725,-0.023,0.064,0.685,0,0,23,0,0,0,0,137,46,1.066,1,2261,0,323.852,1.944,162.500,279.750,14.625,0.031,0.070,1.996,-0.379,1.906,8.750,3.310,3.476,1.259,1.407,0,NULL,NULL,,3,0,2,7,255,1352,250,0,0
stim,228470,258591,0,258591,3455884.454,-0.724,-0.026,0.077,0.685,0,0,25,0,0,0,0,135,46,1.066,1,2261,0,326.100,2.689,166.875,279.313,21.875,0.098,0.086,2.070,-0.168,2.684,9.578,3.312,3.478,1.259,1.407,0,NULL,NULL,,3,0,2,7,255,1352,250,0,0
stim,228470,258591,0,258591,3455889.455,-0.723,-0.029,0.091,0.684,0,0,25,0,0,0,0,136,46,1.066,1,2261,0,328.525,3.902,170.188,280.313,19.750,0.160,0.148,2.160,-0.168,3.898,10.133,3.310,3.476,1.259,1.407,0,NULL,NULL,,3,0,2,7,255,1352,250,0,0
stim,228470,258591,0,258591,3455894.454,-0.721,-0.032,0.105,0.684,0,0,24,0,0,0,0,135,46,1.066,1,2261,0,330.512,5.129,171.938,281.188,24.688,0.293,0.148,2.121,0.035,5.129,10.133,3.304,3.470,1.259,1.407,0,NULL,NULL,,3,0,2,7,255,1352,250,0,0
stim,228470,258591,0,258591,3455899.455,-0.720,-0.034,0.119,0.683,0,0,26,0,0,0,0,135,46,1.066,1,2261,0,338.227,6.846,183.125,282.750,30.250,0.480,0.105,2.191,0.176,6.844,10.137,3.290,3.458,1.259,1.407,0,NULL,NULL,,3,0,2,7,255,1352,250,0,0
stim,228470,258591,0,258591,3455904.454,-0.717,-0.037,0.134,0.683,0,0,25,0,0,0,0,135,46,1.066,1,2261,0,345.065,9.274,193.000,282.688,43.688,0.559,0.094,2.324,1.078,9.211,10.137,3.272,3.438,1.259,1.407,0,NULL,NULL,,3,0,2,7,255,1352,250,0,0
stim,228470,258591,0,258591,3455909.455,-0.715,-0.039,0.149,0.682,0,0,27,0,0,0,0,122,46,1.066,1,2261,0,345.517,10.839,189.000,284.688,51.125,0.656,0.156,2.379,1.555,10.727,10.949,3.248,3.414,1.259,1.407,0,NULL,NULL,,3,0,2,7,255,1352,250,0,0
stim,228470,258591,0,258591,3455914.454,-0.711,-0.041,0.163,0.682,0,0,25,0,0,0,0,135,46,1.066,1,2261,0,347.257,12.423,190.250,284.000,61.125,0.746,0.059,2.426,1.711,12.305,10.949,3.218,3.384,1.259,1.407,0,NULL,NULL,,3,0,2,7,255,1352,250,0,0
stim,228470,258591,0,258591,3455919.455,-0.707,-0.041,0.180,0.683,0,0,21,0,0,0,0,147,46,1.066,1,2261,0,381.825,14.027,258.313,265.250,93.313,0.637,0.219,3.195,2.906,13.723,10.957,3.176,3.342,1.259,1.407,0,NULL,NULL,,3,0,2,7,255,1352,250,0,0
stim,228470,258591,0,258591,3455924.454,-0.703,-0.040,0.194,0.683,0,0,25,0,0,0,0,151,46,1.066,1,2261,0,347.294,15.801,234.188,239.625,91.375,0.918,0.434,3.863,2.906,15.531,17.949,3.126,3.292,1.259,1.407,0,NULL,NULL,,3,0,2,7,255,1352,250,0,0
stim,228502,258623,0,258623,3455929.455,-0.700,-0.049,0.202,0.683,0,0,27,0,0,0,0,154,46,1.066,1,2261,0,290.266,17.104,-36.375,287.375,18.625,0.949,-0.469,2.469,3.102,16.820,17.949,3.072,3.238,1.259,1.407,0,NULL,NULL,,3,0,2,7,255,1352,250,0,0
stim,228502,258623,0,258623,3455934.454,-0.696,-0.060,0.209,0.684,0,0,25,0,0,0,0,152,46,1.066,1,2261,0,304.864,17.053,-67.375,292.688,52.313,1.219,-0.137,0.945,2.805,16.820,8.363,3.012,3.178,1.259,1.407,0,NULL,NULL,,3,0,2,7,255,1352,250,0,0
stim,228502,258623,0,258623,3455939.455,-0.692,-0.064,0.221,0.684,0,0,25,0,0,0,0,155,46,1.066,1,2261,0,312.196,14.638,118.500,276.688,82.875,1.152,0.234,0.855,2.613,14.402,-6.090,2.946,3.110,1.259,1.407,0,NULL,NULL,,3,0,2,7,255,1352,250,0,0
stim,228502,258623,0,258623,3455944.453,-0.688,-0.062,0.237,0.683,0,0,27,0,0,0,0,159,46,1.066,1,2261,0,385.367,14.638,278.313,250.875,90.063,0.992,-0.230,1.934,2.613,14.402,-6.090,2.874,3.036,1.259,1.407,0,NULL,NULL,,3,0,2,7,255,1352,250,0,0
stim,228502,258623,0,258623,3455949.455,-0.684,-0.062,0.252,0.682,0,0,25,0,0,0,0,157,46,1.066,1,2261,0,340.668,17.466,235.125,235.188,73.875,0.980,-0.813,2.840,5.648,16.527,2.508,2.798,2.958,1.259,1.407,0,NULL,NULL,,3,0,2,7,255,1352,250,0,0
stim,228502,258623,0,258623,3455954.453,-0.679,-0.065,0.261,0.683,0,0,27,0,0,0,0,163,46,1.066,1,2261,0,258.536,24.199,95.500,225.938,81.688,1.320,-0.949,2.285,13.320,20.203,2.508,2.716,2.876,1.259,1.407,0,NULL,NULL,,3,0,2,7,255,1352,250,0,0
stim,228521,258642,0,258642,3455959.455,-0.674,-0.068,0.271,0.684,0,0,26,0,0,0,0,165,46,1.066,1,2261,0,256.997,24.199,84.000,215.125,112.750,1.180,-0.453,1.410,13.320,20.203,1.508,2.628,2.786,1.259,1.407,0,NULL,NULL,,3,0,2,7,255,1352,250,0,0
stim,228521,258642,0,258642,3455964.454,-0.669,-0.068,0.282,0.684,0,0,26,0,0,0,0,165,46,1.066,1,2261,0,269.644,17.666,160.000,198.625,87.500,0.977,-0.168,1.285,6.570,16.398,-4.180,2.536,2.694,1.259,1.407,0,NULL,NULL,,3,0,2,7,255,1352,250,0,0
stim,228568,258689,0,258689,3455969.455,-0.666,-0.067,0.294,0.682,0,0,27,0,0,0,0,176,46,1.066,1,2261,0,289.267,17.666,216.938,184.563,50.500,1.148,-0.527,1.773,6.570,16.398,-4.180,2.440,2.598,1.259,1.407,0,NULL,NULL,,3,0,2,7,255,1352,250,0,0
stim,228568,258689,0,258689,3455974.454,-0.664,-0.066,0.304,0.680,0,0,27,0,0,0,0,199,46,1.066,1,2261,0,259.621,19.923,190.500,171.938,39.375,1.316,-0.910,2.195,8.414,18.059,-2.344,2.344,2.498,1.259,1.407,0,NULL,NULL,,3,0,2,7,255,1352,250,0,0
stim,228568,258689,0,258689,3455979.455,-0.661,-0.066,0.313,0.679,0,0,26,0,0,0,0,207,46,1.066,1,2261,0,208.574,24.550,130.750,159.688,30.125,1.504,-0.840,2.059,11.914,21.465,-2.344,2.242,2.396,1.259,1.407,0,NULL,NULL,,3,0,2,7,255,1352,250,0,0
stim,228568,258689,0,258689,3455984.453,-0.659,-0.067,0.320,0.677,0,0,27,0,0,0,0,221,46,1.066,1,2261,0,180.856,25.453,106.750,144.500,20.813,1.703,-0.672,1.734,11.914,22.492,-3.570,2.138,2.290,1.259,1.407,0,NULL,NULL,,3,0,2,7,255,1352,250,0,0
stim,228568,258689,0,258689,3455989.455,-0.657,-0.068,0.327,0.675,0,0,27,0,0,0,0,253,46,1.066,1,2261,0,165.667,24.696,104.063,128.750,6.313,1.895,-0.805,1.602,9.828,22.656,-6.996,2.032,2.180,1.259,1.407,0,NULL,NULL,,3,0,2,7,255,1352,250,0,0
stim,228568,258689,0,258689,3455994.454,-0.656,-0.069,0.333,0.673,0,0,28,0,0,0,0,279,46,1.066,1,2261,0,147.278,25.498,94.313,112.750,-9.125,2.105,-1.043,1.488,9.828,23.527,-9.754,1.920,2.068,1.259,1.407,0,NULL,NULL,,3,0,2,7,255,1352,250,0,0
stim,228568,258689,0,258689,3455999.455,-0.656,-0.070,0.338,0.671,0,0,29,0,0,0,0,313,46,1.066,1,2261,0,133.461,27.006,90.500,95.563,-22.125,2.309,-1.281,1.289,11.461,24.453,-12.840,1.804,1.948,1.259,1.407,0,NULL,NULL,,3,0,2,7,255,1352,250,0,0
stim,228568,258689,0,258689,3456004.453,-0.656,-0.069,0.343,0.669,0,0,28,0,0,0,0,323,46,1.066,1,2261,0,126.755,27.929,103.125,70.063,-22.875,2.422,-1.402,1.160,12.813,24.816,-16.504,1.682,1.824,1.259,1.407,0,NULL,NULL,,3,0,2,7,255,1352,250,0,0
stim,228592,258713,0,258713,3456009.455,-0.656,-0.067,0.349,0.666,0,0,26,0,0,0,0,328,46,1.066,1,2261,0,143.883,28.228,136.500,43.250,-14.125,2.438,-1.430,1.254,13.438,24.824,-18.512,1.558,1.698,1.259,1.407,0,NULL,NULL,,3,0,2,7,255,1352,250,0,0
stim,228592,258713,0,258713,3456014.454,-0.657,-0.063,0.353,0.663,0,0,25,0,0,0,0,331,46,1.066,1,2261,0,159.385,28.702,158.563,14.125,-7.875,2.234,-1.227,1.543,13.531,25.313,-18.512,1.430,1.568,1.259,1.407,0,NULL,NULL,,3,0,2,7,255,1352,250,0,0
stim,228592,258713,0,258713,3456019.455,-0.658,-0.058,0.358,0.660,0,0,27,0,1,0,0,342,46,1.066,1,2261,0,158.215,28.716,156.875,-14.688,-14.375,2.012,-0.879,2.035,13.531,25.328,-14.777,1.296,1.430,1.259,1.407,0,NULL,NULL,,3,0,2,7,255,1352,250,0,0
stim,228592,258713,0,258713,3456024.454,-0.659,-0.054,0.360,0.658,0,0,27,0,2,0,0,349,46,1.066,1,2261,0,122.257,29.224,113.813,-41.313,-16.938,1.848,-0.594,2.406,12.594,26.371,-8.875,1.158,1.286,1.259,1.407,0,NULL,NULL,,3,0,2,7,255,1352,250,0,0
stim,228592,258713,0,258713,3456029.455,-0.661,-0.051,0.359,0.657,0,0,25,0,0,0,0,345,46,1.066,1,2261,0,81.362,28.904,42.375,-66.125,-21.250,1.527,-0.402,2.527,11.832,26.371,-4.281,1.018,1.142,1.259,1.407,0,NULL,NULL,,3,0,2,7,255,1352,250,0,0
stim,228592,258713,0,258713,3456034.454,-0.663,-0.050,0.355,0.657,0,0,28,0,0,0,0,412,46,1.066,1,2261,0,96.641,27.729,-29.938,-85.063,-34.750,1.223,-0.344,2.563,11.102,25.410,-0.836,0.880,0.994,1.259,1.407,0,NULL,NULL,,3,0,2,7,255,1352,250,0,0
stim,228592,258713,0,258713,3456039.455,-0.664,-0.037,0.355,0.657,225,0,11,421,0,0,0,467,46,1.066,1,2261,0,292.993,27.729,191.250,-200.250,95.750,1.035,-0.238,4.637,11.102,25.410,1.414,0.752,0.852,1.259,1.407,0,NULL,NULL,,3,0,2,7,255,1352,250,0,0
stim,228592,258713,0,258713,3456044.454,-0.660,-0.027,0.348,0.665,903,0,7,1067,0,55,0,522,46,1.066,1,2261,0,336.407,35.369,-17.813,-243.375,231.563,0.344,0.984,6.309,15.223,31.926,18.414,0.638,0.718,1.259,1.407,0,NULL,NULL,,3,0,2,7,255,1352,250,0,0
stim,228611,258732,0,258732,3456049.455,-0.652,-0.041,0.321,0.685,1371,0,0,1481,0,243,0,589,46,1.066,1,2261,0,865.049,35.369,-797.563,-151.375,298.813,-0.332,1.754,2.301,15.223,31.926,18.414,0.538,0.588,1.259,1.407,0,NULL,NULL,,3,0,2,7,255,1352,250,0,0
stim,228611,258732,0,258732,3456054.453,-0.644,-0.055,0.293,0.704,1811,0,0,1817,0,484,0,647,46,1.066,1,2261,0,860.883,12.133,-795.688,-180.125,274.875,-0.762,2.703,-0.844,-8.102,9.031,16.035,0.456,0.468,1.259,1.407,0,NULL,NULL,,3,0,2,7,255,1352,250,0,0
stim,228611,258732,0,258732,3456059.455,-0.639,-0.059,0.278,0.715,2079,0,0,1945,0,603,0,713,46,1.066,1,2262,0,447.176,21.007,-381.750,-138.375,187.313,-1.367,1.809,-1.387,-17.930,-10.945,-4.934,0.404,0.360,1.259,1.407,1,1297.000,-55.000,,3,0,2,7,255,1352,250,0,0
stim,228611,258732,0,258732,3456064.453,-0.639,-0.056,0.271,0.718,2247,0,0,2053,0,717,0,794,46,1.066,1,2262,0,176.014,21.007,-93.313,-138.938,54.500,-1.156,0.527,0.367,-17.930,-10.945,-4.934,0.390,0.278,1.259,1.407,1,NULL,NULL,,3,0,2,7,255,1352,250,0,0
stim,228643,258764,0,258764,3456069.455,-0.639,-0.055,0.265,0.720,2408,0,0,2126,0,871,0,887,46,1.066,1,2262,0,159.931,9.091,-104.813,-118.938,21.125,-0.172,0.707,1.715,-2.574,-8.719,-0.367,0.402,0.232,1.259,1.407,1,NULL,NULL,,3,0,2,7,255,1352,250,0,0
stim,228643,258764,0,258764,3456074.454,-0.637,-0.057,0.256,0.725,2495,0,0,2229,0,986,0,953,46,1.066,1,2262,0,237.451,6.175,-199.188,-104.188,76.500,0.313,1.742,1.695,-2.574,5.613,7.355,0.430,0.226,1.259,1.407,1,NULL,NULL,,3,0,2,7,255,1352,250,0,0
stim,228671,258792,0,258792,3456079.455,-0.633,-0.059,0.245,0.732,2667,0,0,2428,0,1056,0,999,46,1.066,1,2262,0,320.661,14.592,-266.625,-107.813,141.813,-0.102,1.703,1.141,-13.469,5.613,7.355,0.456,0.266,1.259,1.407,1,NULL,NULL,,3,0,2,7,255,1352,250,0,0
stim,228671,258792,0,258792,3456084.453,-0.629,-0.061,0.235,0.739,2781,0,0,2629,0,1031,0,1041,46,1.066,1,2262,0,305.856,13.668,-246.813,-105.250,146.813,-0.844,0.191,0.898,-13.469,2.328,4.723,0.488,0.312,1.259,1.407,1,NULL,NULL,,3,0,2,7,255,1352,250,0,0
stim,228671,258792,0,258792,3456089.455,-0.622,-0.063,0.221,0.748,2873,0,0,2747,0,980,0,1093,46,1.066,1,2262,0,399.874,4.207,-308.375,-146.500,208.188,-1.559,-1.691,0.379,1.328,-3.992,1.676,0.524,0.358,1.259,1.407,2,NULL,NULL,,3,0,2,7,255,1352,250,0,0
stim,228671,258792,0,258792,3456094.454,-0.620,-0.064,0.209,0.754,2937,0,0,2860,0,920,0,1193,46,1.066,1,2262,0,312.249,20.126,-257.938,-148.250,94.813,-1.375,-1.609,-0.539,17.461,-10.008,-4.523,0.562,0.400,1.259,1.407,2,NULL,NULL,,3,0,2,7,255,1352,250,0,0
stim,228671,258792,0,258792,3456099.455,-0.620,-0.060,0.203,0.755,2987,0,0,2951,0,879,0,1256,46,1.066,1,2262,0,167.754,20.126,-48.250,-159.750,17.125,-0.777,-0.480,-0.129,17.461,-10.008,-9.320,0.592,0.432,1.259,1.407,2,NULL,NULL,,3,0,2,7,255,1352,250,0,0
stim,228671,258792,0,258792,3456104.454,-0.623,-0.053,0.202,0.754,3029,0,0,3015,102,877,0,1323,46,1.066,1,2262,0,183.639,9.017,84.500,-155.188,-50.000,-0.141,0.527,1.176,5.996,-6.734,-9.320,0.588,0.444,1.259,1.407,2,NULL,NULL,,3,0,2,7,255,1352,250,0,0
stim,228671,258792,0,258792,3456109.455,-0.627,-0.048,0.200,0.751,3044,0,0,3063,217,925,0,1375,46,1.066,1,2262,0,161.079,2.378,61.125,-124.813,-81.438,0.309,0.363,2.148,-1.043,2.137,2.332,0.564,0.444,1.259,1.407,2,NULL,NULL,,3,0,2,7,255,1352,250,0,0
stim,228671,258792,0,258792,3456114.453,-0.629,-0.047,0.195,0.752,3077,0,0,3097,419,989,0,1421,46,1.066,1,2262,0,137.936,9.810,-76.563,-111.938,-25.188,0.590,-0.184,2.043,-1.043,9.754,6.563,0.528,0.440,1.259,1.407,2,NULL,NULL,,3,0,2,7,255,1352,250,0,0
stim,228671,258792,0,258792,3456119.455,-0.626,-0.048,0.185,0.756,3081,0,0,3123,575,1118,0,1492,46,1.066,1,2262,0,243.488,10.310,-205.813,-103.375,79.000,0.305,-0.578,1.234,3.340,9.754,6.563,0.494,0.436,1.259,1.407,2,NULL,NULL,,3,0,2,7,255,1352,250,0,0
stim,228671,258792,0,258792,3456124.454,-0.622,-0.050,0.175,0.761,3099,0,0,3157,746,1252,0,1571,46,1.066,1,2262,0,276.921,9.963,-220.500,-104.500,130.938,-0.461,-0.746,0.434,6.328,7.695,-0.504,0.468,0.418,1.259,1.407,2,NULL,NULL,,3,0,2,7,255,1352,250,0,0
stim,228694,258815,0,258815,3456129.455,-0.620,-0.049,0.168,0.765,3099,0,0,3161,829,1417,0,1638,46,1.066,1,2262,0,199.216,8.607,-143.875,-111.563,80.875,-1.055,-0.723,0.379,8.457,-1.598,-4.563,0.442,0.388,1.259,1.407,2,NULL,NULL,,3,0,2,7,255,1352,250,0,0
stim,228694,258815,0,258815,3456134.454,-0.621,-0.048,0.162,0.765,3106,0,0,3190,889,1520,0,1682,46,1.066,1,2262,0,139.482,9.903,-69.938,-116.813,-30.313,-0.930,-0.570,0.813,8.457,-5.152,-4.563,0.416,0.346,1.259,1.407,2,NULL,NULL,,3,0,2,7,255,1352,250,0,0
stim,228694,258815,0,258815,3456139.455,-0.624,-0.045,0.158,0.764,3115,0,0,3175,957,1643,0,1739,46,1.066,1,2262,0,145.602,9.637,-35.688,-121.750,-71.438,-0.117,-0.207,0.906,8.145,-5.152,-1.387,0.390,0.298,1.259,1.407,2,NULL,NULL,,3,0,2,7,255,1352,250,0,0
stim,228694,258815,0,258815,3456144.453,-0.627,-0.042,0.153,0.763,3113,0,0,3193,1015,1765,0,1773,46,1.066,1,2262,0,133.578,3.508,-41.000,-119.250,-44.063,0.125,-0.090,1.273,3.004,1.813,-0.660,0.360,0.258,1.259,1.407,2,NULL,NULL,,3,0,2,7,255,1352,250,0,0
stim,228716,258837,0,258837,3456149.455,-0.627,-0.041,0.147,0.764,3117,0,0,3207,1064,1863,0,1810,46,1.066,1,2262,0,149.267,5.633,-95.563,-114.500,-6.188,0.090,-0.367,1.332,3.004,4.766,1.656,0.330,0.228,1.259,1.407,2,NULL,NULL,,3,0,2,7,255,1352,250,0,0
stim,228716,258837,0,258837,3456154.454,-0.627,-0.041,0.139,0.766,3111,0,0,3183,1117,1943,0,1840,46,1.066,1,2262,0,170.043,6.488,-130.000,-106.938,24.063,0.039,-0.516,1.016,4.402,4.766,1.656,0.306,0.206,1.259,1.407,2,NULL,NULL,,3,0,2,7,255,1352,250,0,0
stim,228716,258837,0,258837,3456159.455,-0.626,-0.040,0.133,0.768,3115,0,0,3196,1187,2045,0,1903,46,1.066,1,2262,0,161.712,5.819,-114.500,-106.938,40.063,-0.121,-0.391,0.680,4.402,3.805,-0.988,0.290,0.192,1.259,1.407,2,NULL,NULL,,3,0,2,7,255,1352,250,0,0
stim,228716,258837,0,258837,3456164.454,-0.625,-0.038,0.127,0.769,3116,0,0,3181,1323,2137,0,1993,46,1.066,1,2262,0,131.769,4.533,-70.000,-107.688,29.438,-0.234,-0.203,0.770,4.367,1.215,-2.234,0.280,0.178,1.259,1.407,2,NULL,NULL,,3,0,2,7,255,1352,250,0,0
stim,228716,258837,0,258837,3456169.455,-0.625,-0.036,0.124,0.770,3113,0,0,3191,1421,2204,78,2092,46,1.066,1,2262,0,99.082,3.118,-26.938,-95.188,5.563,-0.039,0.070,1.336,2.871,1.215,-2.234,0.274,0.166,1.259,1.407,2,NULL,NULL,,3,0,2,7,255,1352,250,0,0
stim,228716,258837,0,258837,3456174.454,-0.627,-0.034,0.122,0.769,3115,0,0,3187,1517,2261,76,2154,46,1.066,1,2262,0,66.424,2.482,-10.875,-54.125,-36.938,0.156,0.496,1.582,0.211,2.473,3.059,0.266,0.154,1.259,1.407,2,NULL,NULL,,3,0,2,7,255,1352,250,0,0
stim,228768,258889,0,258889,3456179.455,-0.628,-0.034,0.119,0.768,3115,0,0,3207,1559,2293,81,2211,46,1.066,1,2262,0,72.130,5.696,-32.250,-44.000,-47.188,0.410,0.902,1.344,-4.066,3.988,3.152,0.260,0.144,1.259,1.407,2,NULL,NULL,,3,0,2,7,255,1352,250,0,0
stim,228768,258889,0,258889,3456184.453,-0.630,-0.034,0.118,0.767,3103,7,0,3179,1581,2344,82,2258,46,1.066,1,2262,0,59.444,8.081,-27.938,-32.188,-41.438,0.254,0.766,1.453,-7.008,4.023,4.363,0.260,0.132,1.259,1.407,2,NULL,NULL,,3,0,2,7,255,1352,250,0,0
stim,228768,258889,0,258889,3456189.455,-0.631,-0.036,0.114,0.767,3110,36,0,3187,1605,2361,79,2295,46,1.066,1,2262,0,93.332,8.081,-85.375,-18.250,-33.000,-0.152,0.039,1.406,-7.008,4.023,3.965,0.268,0.118,1.259,1.407,2,NULL,NULL,,3,0,2,7,255,1352,250,0,0
stim,228768,258889,0,258889,3456194.454,-0.633,-0.039,0.110,0.766,3107,55,0,3187,1635,2381,83,2341,46,1.066,1,2262,0,127.572,1.536,-115.750,-14.313,-51.688,-0.324,-0.156,0.867,0.652,1.391,3.965,0.282,0.102,1.259,1.407,2,NULL,NULL,,3,0,2,7,255,1352,250,0,0
stim,228768,258889,0,258889,3456199.455,-0.636,-0.040,0.107,0.764,3100,59,0,3183,1677,2403,105,2367,46,1.066,1,2262,0,110.385,1.021,-63.125,-12.938,-89.625,-0.219,0.020,0.668,0.652,-0.785,-1.020,0.302,0.082,1.259,1.407,2,NULL,NULL,,3,0,2,7,255,1352,250,0,0
stim,228768,258889,0,258889,3456204.453,-0.639,-0.041,0.105,0.761,3100,72,0,3181,1715,2409,107,2389,46,1.066,1,2262,0,107.092,0.886,-23.438,-13.938,-103.563,0.063,0.109,0.969,0.410,-0.785,-1.020,0.314,0.072,1.259,1.407,2,NULL,NULL,,3,0,2,7,255,1352,250,0,0
stim,228768,258889,0,258889,3456209.455,-0.641,-0.042,0.104,0.759,3097,94,0,3183,1747,2424,117,2418,46,1.066,1,2262,0,77.907,2.357,-31.250,-10.250,-70.625,0.180,0.035,1.137,-0.285,2.340,-0.559,0.324,0.068,1.259,1.407,2,NULL,NULL,,3,0,2,7,255,1352,250,0,0
stim,228768,258889,0,258889,3456214.453,-0.642,-0.043,0.102,0.758,3103,117,1,3183,1773,2443,112,2437,46,1.066,1,2262,0,69.100,2.357,-57.875,-7.188,-37.063,-0.047,0.008,1.074,-0.285,2.340,0.586,0.328,0.066,1.259,1.407,2,NULL,NULL,,3,0,2,7,255,1352,250,0,0
stim,228768,258889,0,258889,3456219.455,-0.644,-0.045,0.099,0.757,3099,112,22,3181,1773,2457,121,2451,46,1.066,1,2262,0,69.771,1.673,-55.375,-5.688,-42.063,-0.207,0.035,0.902,0.168,1.664,0.586,0.334,0.064,1.259,1.407,2,NULL,NULL,,3,0,2,7,255,1352,250,0,0
stim,228768,258889,0,258889,3456224.454,-0.646,-0.046,0.098,0.756,3113,167,69,3197,1832,2485,142,2476,46,1.066,1,2262,0,67.289,0.621,-37.125,-5.875,-55.813,-0.109,0.023,0.867,0.168,0.598,-0.746,0.344,0.056,1.259,1.407,2,NULL,NULL,,3,0,2,7,255,1352,250,0,0
stim,228799,258920,0,258920,3456229.455,-0.647,-0.046,0.097,0.755,3112,187,102,3179,1853,2495,160,2477,46,1.066,1,2262,0,58.051,0.621,-21.750,-3.813,-53.688,0.000,-0.035,1.020,0.168,0.598,-0.746,0.356,0.048,1.259,1.407,2,NULL,NULL,,3,0,2,7,255,1352,250,0,0
stim,228799,258920,0,258920,3456234.454,-0.649,-0.047,0.095,0.754,3111,205,115,3195,1883,2505,173,2486,46,1.066,1,2262,0,49.762,2.063,-27.938,-2.125,-41.125,0.035,-0.121,1.031,0.492,2.004,-0.055,0.364,0.042,1.259,1.407,2,NULL,NULL,,3,0,2,7,255,1352,250,0,0
stim,228799,258920,0,258920,3456239.455,-0.649,-0.048,0.095,0.753,3109,224,163,3209,1897,2502,172,2484,46,1.066,1,2262,0,30.484,2.627,-25.563,-2.375,-16.438,0.035,-0.184,0.906,1.254,2.309,-0.055,0.370,0.040,1.259,1.407,2,NULL,NULL,,3,0,2,7,255,1352,250,0,0
stim,228799,258920,0,258920,3456244.453,-0.649,-0.048,0.094,0.753,3102,243,218,3190,1916,2519,174,2493,46,1.066,1,2262,0,15.618,2.685,-14.125,-1.938,6.375,-0.078,-0.121,0.941,1.371,2.309,-0.688,0.376,0.036,1.259,1.407,2,NULL,NULL,,3,0,2,7,255,1352,250,0,0
stim,228799,258920,0,258920,3456249.455,-0.649,-0.048,0.093,0.754,3107,245,283,3192,1917,2519,170,2490,46,1.066,1,2262,0,11.573,1.827,-10.563,-2.313,4.125,-0.258,0.055,1.008,1.371,1.207,-0.688,0.384,0.030,1.259,1.407,2,NULL,NULL,,3,0,2,7,255,1352,250,0,0
stim,228799,258920,0,258920,3456254.454,-0.649,-0.049,0.093,0.753,3115,240,301,3191,1919,2505,167,2489,46,1.066,1,2262,0,18.835,0.229,-10.563,-1.000,-15.563,-0.230,0.074,1.086,-0.055,-0.223,0.371,0.390,0.026,1.259,1.407,2,NULL,NULL,,3,0,2,7,255,1352,250,0,0
stim,228825,258946,0,258946,3456259.455,-0.650,-0.049,0.092,0.753,3101,230,328,3190,1929,2521,156,2493,46,1.083,1,2262,1,31.286,0.229,-23.125,-0.625,-21.063,-0.117,-0.039,1.063,-0.055,-0.223,0.602,0.000,0.000,1.257,1.402,2,NULL,NULL,,3,0,2,7,255,1352,250,0,0
stim,228825,258946,0,258946,3456264.454,-0.650,-0.050,0.091,0.753,3110,216,335,3192,1931,2523,134,2503,46,1.083,1,2262,1,20.580,1.154,-20.000,-1.813,-4.500,-0.063,-0.156,0.852,0.621,0.973,0.602,0.006,0.006,1.257,1.402,2,NULL,NULL,,3,0,2,7,255,1352,250,0,0
stim,228825,258946,0,258946,3456269.455,-0.650,-0.050,0.091,0.753,3103,211,343,3196,1931,2519,127,2495,46,1.083,1,2262,1,9.352,1.472,-2.500,-3.625,8.250,-0.160,-0.090,0.930,1.105,0.973,-0.625,0.010,0.010,1.257,1.402,2,NULL,NULL,,3,0,2,7,255,1352,250,0,0
stim,228825,258946,0,258946,3456274.454,-0.650,-0.050,0.091,0.753,3099,204,357,3181,1942,2521,137,2496,46,1.083,1,2262,1,7.755,1.155,-0.313,-4.313,6.438,-0.207,-0.031,1.000,1.105,0.336,-0.625,0.014,0.016,1.257,1.402,2,NULL,NULL,,3,0,2,7,255,1352,250,0,0
stim,228866,258987,0,258987,3456279.455,-0.650,-0.050,0.090,0.753,3099,185,365,3181,1941,2526,135,2503,46,1.083,1,2262,1,5.874,0.704,-3.250,-4.438,2.063,-0.172,-0.027,1.000,0.641,0.293,0.113,0.020,0.020,1.257,1.402,2,NULL,NULL,,3,0,2,7,255,1352,250,0,0
stim,228866,258987,0,258987,3456284.454,-0.649,-0.050,0.090,0.753,3099,188,361,3215,1939,2519,125,2501,46,1.083,1,2262,1,7.909,0.596,-1.063,-5.188,5.875,-0.137,-0.027,0.949,0.520,0.293,0.113,0.024,0.024,1.257,1.402,2,NULL,NULL,,3,0,2,7,255,1352,250,0,0
stim,228866,258987,0,258987,3456289.455,-0.649,-0.049,0.090,0.754,3099,181,365,3175,1939,2531,126,2505,46,1.083,1,2262,1,11.193,0.618,4.063,-5.375,8.938,-0.148,-0.008,0.973,0.469,0.402,-0.176,0.026,0.028,1.257,1.402,2,NULL,NULL,,3,0,2,7,255,1352,250,0,0
stim,228866,258987,0,258987,3456294.454,-0.649,-0.049,0.090,0.754,3089,175,370,3162,1939,2525,124,2505,46,1.083,1,2262,1,11.764,0.519,5.688,-5.813,8.500,-0.168,0.008,0.992,0.328,0.402,-0.176,0.030,0.030,1.257,1.402,2,NULL,NULL,,3,0,2,7,255,1352,250,0,0
stim,228866,258987,0,258987,3456299.455,-0.649,-0.049,0.090,0.754,3087,172,379,3160,1932,2524,121,2509,46,1.083,1,2262,1,10.145,0.406,5.313,-5.625,6.563,-0.152,0.031,1.004,0.195,0.355,0.027,0.032,0.034,1.257,1.402,2,NULL,NULL,,3,0,2,7,255,1352,250,0,0
stim,228866,258987,0,258987,3456304.453,-0.649,-0.048,0.090,0.754,3087,167,377,3156,1927,2521,119,2507,46,1.083,1,2262,1,9.772,0.357,5.125,-5.563,6.188,-0.148,0.047,0.992,-0.035,0.355,0.027,0.034,0.036,1.257,1.402,2,NULL,NULL,,3,0,2,7,255,1352,250,0,0
stim,228892,259013,0,259013,3456309.455,-0.648,-0.048,0.090,0.754,3077,153,381,3145,1937,2525,119,2507,46,1.083,1,2262,1,11.581,0.406,7.250,-6.000,6.750,-0.160,0.059,0.992,-0.195,0.355,0.039,0.034,0.036,1.257,1.402,2,NULL,NULL,,3,0,2,7,255,1352,250,0,0
stim,228892,259013,0,259013,3456314.454,-0.648,-0.047,0.090,0.755,3069,151,379,3135,1927,2519,111,2507,46,1.083,1,2262,1,11.605,0.369,8.250,-6.250,5.250,-0.180,0.074,1.012,-0.285,0.234,0.039,0.036,0.038,1.257,1.402,2,NULL,NULL,,3,0,2,7,255,1352,250,0,0
stim,228892,259013,0,259013,3456319.455,-0.648,-0.047,0.090,0.755,3065,150,415,3132,1932,2519,111,2521,46,1.083,1,2262,1,8.755,0.394,5.625,-6.250,2.438,-0.188,0.098,1.031,-0.391,0.051,0.285,0.036,0.038,1.257,1.402,2,NULL,NULL,,3,0,2,7,255,1352,250,0,0
stim,228892,259013,0,259013,3456324.454,-0.648,-0.047,0.090,0.755,3056,152,427,3125,1941,2523,110,2511,46,1.083,1,2262,1,6.936,0.613,1.750,-6.688,0.563,-0.180,0.102,1.000,-0.613,-0.004,0.285,0.036,0.038,1.257,1.402,2,NULL,NULL,,3,0,2,7,255,1352,250,0,0
stim,228892,259013,0,259013,3456329.455,-0.648,-0.046,0.090,0.755,3059,147,443,3117,1956,2524,127,2520,46,1.083,1,2262,1,9.172,0.613,4.313,-7.875,1.875,-0.168,0.070,0.953,-0.613,-0.004,0.188,0.034,0.036,1.257,1.402,2,NULL,NULL,,3,0,2,7,255,1352,250,0,0
stim,228892,259013,0,259013,3456334.454,-0.648,-0.046,0.090,0.755,3051,147,471,3113,1973,2522,145,2534,46,1.083,1,2262,1,12.184,0.523,8.188,-8.688,2.438,-0.191,0.094,1.012,-0.523,-0.004,0.188,0.032,0.034,1.257,1.402,2,NULL,NULL,,3,0,2,7,255,1352,250,0,0
stim,228892,259013,0,259013,3456339.455,-0.648,-0.045,0.090,0.755,3026,147,482,3089,1947,2515,143,2526,46,1.083,1,2262,1,10.446,0.536,4.125,-9.563,-0.813,-0.199,0.156,1.031,-0.523,-0.113,0.301,0.028,0.032,1.257,1.402,2,NULL,NULL,,3,0,2,7,255,1352,250,0,0
stim,228892,259013,0,259013,3456344.454,-0.648,-0.045,0.090,0.755,3016,147,507,3079,2003,2514,151,2534,46,1.083,1,2262,1,11.489,1.128,0.500,-11.063,-3.063,-0.219,0.199,1.016,-1.098,-0.258,0.441,0.026,0.030,1.257,1.402,2,NULL,NULL,,3,0,2,7,255,1352,250,0,0
stim,228911,259032,0,259032,3456349.455,-0.649,-0.044,0.090,0.755,3001,149,548,3059,2025,2525,151,2542,46,1.083,1,2262,1,15.029,1.128,2.063,-11.250,-9.750,-0.145,0.121,0.988,-1.098,-0.258,0.441,0.022,0.026,1.257,1.402,2,NULL,NULL,,3,0,2,7,255,1352,250,0,0
stim,228911,259032,0,259032,3456354.453,-0.649,-0.043,0.089,0.755,2989,154,597,3053,2055,2511,170,2556,46,1.083,1,2262,1,12.844,1.112,3.438,-12.375,0.125,-0.098,0.141,1.016,-1.090,0.219,0.184,0.020,0.024,1.257,1.402,2,NULL,NULL,,3,0,2,7,255,1352,250,0,0
stim,228911,259032,0,259032,3456359.455,-0.649,-0.043,0.089,0.755,2983,151,658,3051,2077,2515,217,2571,46,1.083,1,2262,1,13.030,1.113,3.500,-12.188,3.000,-0.141,0.203,1.043,-1.090,0.227,0.184,0.020,0.020,1.257,1.402,2,NULL,NULL,,3,0,2,7,255,1352,250,0,0
stim,228911,259032,0,259032,3456364.453,-0.648,-0.042,0.089,0.755,2971,168,687,3035,2133,2517,261,2587,46,1.083,1,2262,1,13.261,1.432,-4.875,-12.125,2.250,-0.172,0.188,1.074,-1.414,0.227,0.563,0.020,0.016,1.257,1.402,2,NULL,NULL,,3,0,2,7,255,1352,250,0,0
stim,228933,259054,0,259054,3456369.455,-0.649,-0.042,0.088,0.755,2955,181,714,3023,2171,2519,302,2607,46,1.083,1,2262,1,14.116,1.432,-9.188,-10.563,-1.813,-0.133,0.117,0.992,-1.414,0.227,0.563,0.020,0.014,1.257,1.402,2,NULL,NULL,,3,0,2,7,255,1352,250,0,0
stim,228933,259054,0,259054,3456374.454,-0.649,-0.042,0.088,0.755,2936,189,767,3030,2207,2515,329,2611,46,1.083,1,2262,1,13.068,0.918,-2.250,-12.813,1.250,-0.160,0.129,0.934,-0.918,-0.023,0.012,0.022,0.010,1.257,1.402,2,NULL,NULL,,3,0,2,7,255,1352,250,0,0
stim,228933,259054,0,259054,3456379.455,-0.649,-0.041,0.088,0.755,2925,207,831,3015,2246,2523,368,2635,46,1.083,1,2262,1,11.676,0.890,3.313,-11.188,-0.438,-0.145,0.109,1.055,-0.836,0.305,0.012,0.024,0.010,1.257,1.402,2,NULL,NULL,,3,0,2,7,255,1352,250,0,0
stim,228933,259054,0,259054,3456384.453,-0.649,-0.041,0.087,0.755,2901,227,903,2991,2275,2521,406,2639,46,1.083,1,2262,1,13.471,0.919,-5.875,-11.875,2.438,-0.168,0.160,1.035,-0.918,-0.051,0.527,0.026,0.008,1.257,1.402,2,NULL,NULL,,3,0,2,7,255,1352,250,0,0
stim,228977,259098,0,259098,3456389.455,-0.649,-0.041,0.087,0.755,2879,247,984,2983,2301,2519,425,2649,46,1.083,1,2262,1,14.672,1.185,-2.938,-11.500,-8.625,-0.230,0.219,0.977,-1.184,-0.051,0.527,0.028,0.008,1.257,1.402,2,NULL,NULL,,3,0,2,7,255,1352,250,0,0
stim,228977,259098,0,259098,3456394.454,-0.649,-0.040,0.087,0.754,2862,249,1081,2979,2347,2522,529,2665,46,1.083,1,2262,1,21.786,1.190,-3.375,-11.000,-18.500,-0.180,0.133,1.047,-1.184,-0.125,0.527,0.030,0.008,1.257,1.402,2,NULL,NULL,,3,0,2,7,255,1352,250,0,0
stim,228977,259098,0,259098,3456399.455,-0.650,-0.040,0.086,0.754,2845,251,1163,2965,2389,2533,621,2679,46,1.083,1,2262,1,25.777,0.915,-9.000,-11.250,-21.375,-0.164,0.070,0.996,-0.906,-0.125,0.117,0.032,0.008,1.257,1.402,2,NULL,NULL,,3,0,2,7,255,1352,250,0,0
stim,228977,259098,0,259098,3456404.454,-0.651,-0.040,0.085,0.753,2816,263,1265,2949,2419,2526,735,2692,46,1.083,1,2262,1,30.716,0.337,-10.500,-11.000,-26.688,-0.207,0.035,0.984,-0.313,-0.125,0.117,0.034,0.010,1.257,1.402,2,NULL,NULL,,3,0,2,7,255,1352,250,0,0
stim,228977,259098,0,259098,3456409.455,-0.652,-0.040,0.084,0.752,2795,266,1337,2935,2451,2527,849,2687,46,1.083,1,2262,1,36.844,0.236,-12.188,-11.500,-32.813,-0.195,-0.004,0.977,0.078,-0.223,0.039,0.034,0.010,1.257,1.402,2,NULL,NULL,,3,0,2,7,255,1352,250,0,0
stim,228977,259098,0,259098,3456414.453,-0.653,-0.041,0.083,0.751,2777,270,1455,2920,2478,2528,932,2701,46,1.083,1,2262,1,39.844,0.463,-15.125,-11.938,-34.875,-0.168,-0.027,0.965,0.406,-0.223,-0.063,0.034,0.010,1.257,1.402,2,NULL,NULL,,3,0,2,7,255,1352,250,0,0
stim,228977,259098,0,259098,3456419.455,-0.655,-0.041,0.082,0.750,2741,301,1571,2903,2503,2527,1053,2711,46,1.083,1,2262,1,43.253,0.454,-16.000,-12.125,-38.313,-0.191,0.000,0.996,0.406,-0.203,-0.063,0.034,0.012,1.257,1.402,2,NULL,NULL,,3,0,2,7,255,1352,250,0,0
stim,228977,259098,0,259098,3456424.454,-0.656,-0.041,0.081,0.749,2716,315,1663,2887,2539,2535,1159,2723,46,1.083,1,2262,1,50.741,0.404,-25.563,-11.438,-42.313,-0.164,-0.012,1.063,0.402,0.039,0.113,0.034,0.014,1.257,1.402,2,NULL,NULL,,3,0,2,7,255,1352,250,0,0
stim,229002,259123,0,259123,3456429.455,-0.657,-0.042,0.079,0.748,2677,348,1772,2866,2568,2531,1238,2741,46,1.083,1,2262,1,54.710,0.436,-34.938,-12.750,-40.125,-0.129,-0.055,0.957,0.402,0.168,0.113,0.034,0.016,1.257,1.402,2,NULL,NULL,,3,0,2,7,255,1352,250,0,0
stim,229002,259123,0,259123,3456434.454,-0.658,-0.043,0.078,0.747,2647,373,1852,2863,2587,2531,1357,2741,46,1.083,1,2262,1,46.006,0.795,-28.875,-13.313,-33.250,-0.098,-0.078,0.910,0.688,0.398,-0.363,0.034,0.016,1.257,1.402,2,NULL,NULL,,3,0,2,7,255,1352,250,0,0
stim,229002,259123,0,259123,3456439.455,-0.659,-0.043,0.077,0.747,2603,391,1925,2834,2617,2532,1458,2761,46,1.083,1,2262,1,36.050,0.795,-18.375,-14.813,-27.250,-0.137,-0.047,0.910,0.688,0.398,-0.813,0.034,0.018,1.257,1.402,2,NULL,NULL,,3,0,2,7,255,1352,250,0,0
stim,229002,259123,0,259123,3456444.453,-0.660,-0.043,0.076,0.746,2577,419,2019,2807,2641,2535,1564,2765,46,1.083,1,2262,1,33.428,0.628,-9.688,-15.250,-28.125,-0.137,-0.016,0.969,0.590,0.215,-0.813,0.034,0.018,1.257,1.402,2,NULL,NULL,,3,0,2,7,255,1352,250,0,0
stim,229020,259141,0,259141,3456449.455,-0.661,-0.042,0.075,0.745,2509,434,2101,2809,2659,2537,1642,2779,46,1.083,1,2262,1,36.197,0.334,-10.438,-15.500,-31.000,-0.141,0.031,1.020,0.273,0.191,-0.246,0.036,0.020,1.257,1.402,2,NULL,NULL,,3,0,2,7,255,1352,250,0,0
stim,229020,259141,0,259141,3456454.454,-0.662,-0.042,0.074,0.744,2464,446,2183,2765,2693,2549,1715,2789,46,1.083,1,2262,1,39.323,0.288,-15.375,-15.000,-32.938,-0.129,0.043,1.035,-0.191,0.215,0.270,0.036,0.020,1.257,1.402,2,NULL,NULL,,3,0,2,7,255,1352,250,0,0
stim,229020,259141,0,259141,3456459.455,-0.663,-0.043,0.073,0.744,2423,477,2247,2735,2710,2542,1787,2807,46,1.083,1,2262,1,44.922,0.366,-22.500,-14.688,-36.000,-0.160,0.063,1.043,-0.313,0.191,0.410,0.038,0.020,1.257,1.402,2,NULL,NULL,,3,0,2,7,255,1352,250,0,0
stim,229020,259141,0,259141,3456464.453,-0.665,-0.043,0.071,0.742,2379,489,2313,2741,2716,2543,1880,2805,46,1.083,1,2262,1,51.541,0.346,-28.063,-14.438,-40.750,-0.145,0.031,1.035,-0.313,0.148,0.434,0.040,0.020,1.257,1.402,2,NULL,NULL,,3,0,2,7,255,1352,250,0,0
stim,229020,259141,0,259141,3456469.455,-0.666,-0.044,0.069,0.741,2313,494,2374,2678,2743,2555,1962,2825,46,1.083,1,2262,1,57.225,0.271,-36.125,-15.563,-41.563,-0.145,-0.004,1.066,-0.227,0.148,0.543,0.040,0.018,1.257,1.402,2,NULL,NULL,,3,0,2,7,255,1352,250,0,0
stim,229020,259141,0,259141,3456474.454,-0.667,-0.044,0.067,0.740,2225,504,2438,2649,2763,2551,2027,2828,46,1.083,1,2262,1,67.193,0.271,-46.688,-15.188,-45.875,-0.172,0.051,1.086,-0.227,0.148,0.734,0.042,0.018,1.257,1.402,2,NULL,NULL,,3,0,2,7,255,1352,250,0,0
stim,229069,259190,0,259190,3456479.455,-0.669,-0.046,0.065,0.739,2153,527,2493,2628,2769,2543,2079,2835,46,1.083,1,2262,1,75.426,0.509,-54.813,-15.313,-49.500,-0.125,0.090,1.027,-0.469,0.199,0.734,0.042,0.018,1.257,1.402,2,NULL,NULL,,3,0,2,7,255,1352,250,0,0
stim,229069,259190,0,259190,3456484.454,-0.670,-0.047,0.063,0.738,2088,536,2547,2577,2793,2550,2141,2845,46,1.083,1,2262,1,69.153,0.820,-50.188,-14.688,-45.250,-0.078,0.066,0.949,-0.793,0.207,0.336,0.044,0.020,1.257,1.402,2,NULL,NULL,,3,0,2,7,255,1352,250,0,0
stim,229069,259190,0,259190,3456489.455,-0.672,-0.047,0.061,0.737,1999,546,2589,2520,2803,2552,2203,2853,46,1.083,1,2262,1,60.419,0.881,-43.875,-15.125,-38.688,-0.105,0.004,0.996,-0.793,0.383,0.000,0.044,0.020,1.257,1.402,2,NULL,NULL,,3,0,2,7,255,1352,250,0,0
stim,229069,259190,0,259190,3456494.454,-0.673,-0.048,0.059,0.736,1904,548,2619,2461,2824,2541,2254,2869,46,1.083,1,2262,1,62.477,0.443,-45.375,-15.313,-40.125,-0.156,-0.047,1.031,-0.223,0.383,0.000,0.046,0.022,1.257,1.402,2,NULL,NULL,,3,0,2,7,255,1352,250,0,0
stim,229069,259190,0,259190,3456499.455,-0.674,-0.049,0.057,0.735,1813,539,2663,2403,2835,2539,2301,2885,46,1.083,1,2262,1,65.311,0.277,-46.063,-15.688,-43.563,-0.152,-0.059,1.000,0.277,0.000,0.113,0.046,0.022,1.257,1.402,2,NULL,NULL,,3,0,2,7,255,1352,250,0,0
stim,229069,259190,0,259190,3456504.453,-0.676,-0.050,0.054,0.734,1707,524,2681,2330,2845,2545,2349,2888,46,1.083,1,2262,1,68.588,0.355,-47.375,-16.563,-46.750,-0.145,-0.074,1.008,0.355,0.000,0.191,0.046,0.022,1.257,1.402,2,NULL,NULL,,3,0,2,7,255,1352,250,0,0
stim,229069,259190,0,259190,3456509.457,-0.677,-0.051,0.052,0.732,1590,505,2724,2251,2858,2543,2382,2887,46,1.083,1,2262,1,73.673,0.438,-50.500,-16.625,-51.000,-0.117,-0.082,1.000,0.434,0.063,0.113,0.048,0.024,1.257,1.402,2,NULL,NULL,,3,0,2,7,255,1352,250,0,0
stim,229069,259190,0,259190,3456514.454,-0.679,-0.052,0.050,0.731,1447,489,2757,2197,2871,2535,2421,2891,46,1.083,1,2262,0,71.463,0.513,-49.250,-16.563,-49.063,-0.074,-0.070,0.945,0.434,0.273,0.074,0.048,0.024,1.257,1.402,2,NULL,NULL,,3,0,2,7,255,1352,250,0,0
stim,229069,259190,0,259190,3456519.455,-0.680,-0.053,0.048,0.730,1291,484,2770,2099,2831,2531,2451,2893,46,1.083,1,2262,0,60.054,0.653,-40.500,-17.188,-40.875,-0.063,-0.059,0.926,0.297,0.582,-0.520,0.048,0.024,1.257,1.402,2,NULL,NULL,,3,0,2,7,255,1352,250,0,0
stim,229069,259190,0,259190,3456524.454,-0.681,-0.053,0.046,0.729,1176,455,2794,1999,2902,2523,2490,2905,46,1.083,1,2262,0,48.316,0.597,-30.063,-17.563,-33.500,-0.098,-0.051,0.957,0.133,0.582,-0.520,0.048,0.026,1.257,1.402,2,NULL,NULL,,3,0,2,7,255,1352,250,0,0
stim,229092,259213,0,259213,3456529.455,-0.682,-0.053,0.045,0.728,1056,397,2813,1877,2903,2517,2517,2914,46,1.083,1,2262,0,44.195,0.320,-25.188,-18.500,-31.250,-0.129,-0.039,1.004,0.051,0.316,-0.383,0.050,0.026,1.257,1.402,2,NULL,NULL,,3,0,2,7,255,1352,250,0,0
stim,229092,259213,0,259213,3456534.454,-0.683,-0.054,0.043,0.727,937,362,2841,1759,2920,2515,2544,2917,46,1.083,1,2262,0,46.232,0.219,-25.750,-18.875,-33.438,-0.113,-0.055,1.027,-0.012,0.219,0.113,0.052,0.028,1.257,1.402,2,NULL,NULL,,3,0,2,7,255,1352,250,0,0
stim,229092,259213,0,259213,3456539.455,-0.684,-0.054,0.041,0.726,764,359,2855,1645,2923,2503,2577,2915,46,1.083,1,2262,0,48.199,0.219,-28.438,-19.375,-33.750,-0.102,-0.070,1.020,-0.012,0.219,0.238,0.052,0.028,1.257,1.402,2,NULL,NULL,,3,0,2,7,255,1352,250,0,0
stim,229092,259213,0,259213,3456544.454,-0.685,-0.054,0.040,0.726,619,304,2879,1477,2931,2496,2600,2931,46,1.083,1,2262,0,45.618,0.228,-27.625,-20.625,-29.875,-0.113,-0.066,1.000,0.063,0.219,0.238,0.054,0.028,1.257,1.402,2,NULL,NULL,,3,0,2,7,255,1352,250,0,0
stim,229114,259235,0,259235,3456549.455,-0.686,-0.054,0.038,0.725,461,277,2889,1303,2941,2495,2618,2924,46,1.083,1,2262,0,40.865,0.179,-21.250,-21.813,-27.250,-0.125,-0.020,0.988,0.063,0.168,0.078,0.056,0.028,1.257,1.402,2,NULL,NULL,,3,0,2,7,255,1352,250,0,0
stim,229114,259235,0,259235,3456554.453,-0.686,-0.054,0.037,0.724,336,234,2895,1113,2953,2472,2639,2927,46,1.083,1,2262,0,38.125,0.387,-14.188,-22.875,-27.000,-0.121,-0.012,0.996,-0.387,0.016,0.016,0.058,0.028,1.257,1.402,2,NULL,NULL,,3,0,2,7,255,1352,250,0,0
stim,229114,259235,0,259235,3456559.455,-0.687,-0.053,0.036,0.724,227,180,2915,888,2963,2453,2669,2937,46,1.083,1,2262,0,36.292,0.446,-8.875,-24.250,-25.500,-0.133,-0.020,1.047,-0.445,-0.016,0.016,0.058,0.030,1.257,1.402,2,NULL,NULL,,3,0,2,7,255,1352,250,0,0
stim,229114,259235,0,259235,3456564.454,-0.688,-0.053,0.035,0.723,131,147,2923,691,2979,2443,2677,2949,46,1.083,1,2262,1,41.190,0.502,-9.750,-25.688,-30.688,-0.148,-0.008,1.070,-0.496,-0.078,0.520,0.058,0.032,1.257,1.402,2,NULL,NULL,,3,0,2,7,255,1352,250,0,0
stim,229139,259260,0,259260,3456569.455,-0.689,-0.052,0.034,0.722,74,107,2927,533,2975,2425,2694,2941,46,1.083,1,2262,1,43.580,0.525,-10.313,-27.438,-32.250,-0.113,-0.016,1.059,-0.520,-0.078,0.629,0.060,0.034,1.257,1.402,2,NULL,NULL,,3,0,2,7,255,1352,250,0,0
stim,229139,259260,0,259260,3456574.454,-0.690,-0.051,0.033,0.721,22,45,2943,285,2988,2412,2716,2952,46,1.083,1,2262,1,44.413,0.588,-7.938,-29.000,-32.688,-0.098,0.008,1.035,-0.582,0.086,0.629,0.062,0.034,1.257,1.402,2,NULL,NULL,,3,0,2,7,255,1352,250,0,0
stim,229167,259288,0,259288,3456579.455,-0.691,-0.050,0.031,0.720,1,39,2955,149,2997,2385,2741,2963,46,1.083,1,2262,1,44.472,0.573,-5.688,-30.938,-31.438,-0.059,-0.012,1.008,-0.543,0.184,0.359,0.064,0.036,1.257,1.402,2,NULL,NULL,,3,0,2,7,255,1352,250,0,0
stim,229167,259288,0,259288,3456584.453,-0.692,-0.049,0.030,0.720,0,29,2956,119,2999,2345,2747,2955,46,1.083,1,2262,1,42.625,0.753,2.250,-33.750,-25.938,-0.102,0.016,1.039,-0.730,0.184,0.359,0.066,0.038,1.257,1.402,2,NULL,NULL,,3,0,2,7,255,1352,250,0,0
stim,229167,259288,0,259288,3456589.455,-0.693,-0.048,0.029,0.719,0,9,2965,87,3007,2323,2773,2965,46,1.083,1,2262,1,47.318,0.549,5.438,-37.188,-28.750,-0.184,-0.043,1.070,-0.543,0.078,0.406,0.070,0.040,1.257,1.402,2,NULL,NULL,,3,0,2,7,255,1352,250,0,0
stim,229167,259288,0,259288,3456594.454,-0.694,-0.046,0.029,0.718,0,1,2971,75,3025,2303,2797,2967,46,1.083,1,2262,0,55.192,0.731,24.375,-43.313,-24.000,-0.316,-0.164,1.195,-0.227,-0.695,0.836,0.072,0.042,1.257,1.402,3,NULL,NULL,,3,0,2,7,255,1352,250,0,0
stim,229167,259288,0,259288,3456599.455,-0.694,-0.043,0.029,0.718,0,0,2968,60,3029,2278,2812,2969,46,1.083,1,2262,0,70.588,2.076,43.000,-52.188,-20.250,-0.398,-0.203,1.461,0.961,-1.840,2.242,0.074,0.044,1.257,1.402,3,NULL,NULL,,3,0,2,7,255,1352,250,0,0
stim,229167,259288,0,259288,3456604.453,-0.695,-0.041,0.027,0.717,0,0,2981,20,3023,2259,2823,2967,46,1.083,1,2262,0,64.399,2.076,15.125,-58.813,-21.438,-0.199,-0.070,1.480,0.961,-1.840,4.824,0.074,0.048,1.257,1.402,3,NULL,NULL,,3,0,2,7,255,1352,250,0,0
stim,229197,259318,0,259318,3456609.455,-0.696,-0.040,0.024,0.717,0,0,2974,0,3033,2217,2835,2969,46,1.083,1,2262,0,73.126,0.598,-40.875,-55.438,-24.563,-0.008,-0.094,1.148,0.191,-0.566,4.824,0.072,0.052,1.257,1.402,3,NULL,NULL,,3,0,2,7,255,1352,250,0,0
stim,229197,259318,0,259318,3456614.453,-0.696,-0.040,0.021,0.717,0,0,2975,0,3033,2170,2843,2969,46,1.083,1,2262,0,68.594,0.210,-33.438,-59.875,1.438,-0.066,-0.086,0.922,0.191,0.086,1.430,0.070,0.058,1.257,1.402,3,NULL,NULL,,3,0,2,7,255,1352,250,0,0
stim,229197,259318,0,259318,3456619.455,-0.695,-0.038,0.019,0.717,0,0,2989,0,3052,2130,2869,2973,46,1.083,1,2262,0,66.594,0.210,0.625,-64.625,16.063,-0.168,-0.070,0.910,0.191,0.086,-0.711,0.070,0.062,1.257,1.402,3,NULL,NULL,,3,0,2,7,255,1352,250,0,0
stim,229197,259318,0,259318,3456624.454,-0.695,-0.035,0.018,0.718,0,0,2983,0,3053,2077,2876,2971,46,1.083,1,2262,0,70.960,1.004,19.188,-67.938,7.188,-0.223,-0.184,0.977,0.234,-0.977,-0.711,0.066,0.064,1.257,1.402,3,NULL,NULL,,3,0,2,7,255,1352,250,0,0
stim,229197,259318,0,259318,3456629.455,-0.695,-0.033,0.017,0.718,0,0,2981,0,3054,2007,2887,2971,46,1.083,1,2262,0,75.151,1.633,25.063,-70.813,-2.250,-0.188,-0.250,1.086,1.223,-1.082,-0.027,0.064,0.068,1.257,1.402,3,NULL,NULL,,3,0,2,7,255,1352,250,0,0
stim,229197,259318,0,259318,3456634.454,-0.695,-0.030,0.015,0.718,0,0,2983,0,3063,1943,2903,2979,46,1.083,1,2262,0,75.767,1.821,19.500,-73.188,-2.000,-0.145,-0.215,1.148,1.465,-1.082,1.063,0.060,0.074,1.257,1.402,3,NULL,NULL,,3,0,2,7,255,1352,250,0,0
stim,229197,259318,0,259318,3456639.455,-0.695,-0.027,0.013,0.718,0,0,2969,0,3053,1863,2902,2971,46,1.083,1,2262,0,76.370,1.623,13.813,-75.063,2.688,-0.090,-0.172,1.113,1.465,-0.699,1.211,0.054,0.080,1.257,1.402,3,NULL,NULL,,3,0,2,7,255,1352,250,0,0
stim,229197,259318,0,259318,3456644.454,-0.695,-0.024,0.011,0.719,0,0,2967,0,3064,1769,2911,2971,46,1.083,1,2262,0,80.296,1.091,14.625,-77.875,13.000,-0.082,-0.121,1.055,1.043,-0.320,1.211,0.050,0.086,1.257,1.402,3,NULL,NULL,,3,0,2,7,255,1352,250,0,0
stim,229197,259318,0,259318,3456649.455,-0.694,-0.021,0.009,0.719,0,0,2967,0,3087,1687,2935,2981,46,1.083,1,2262,0,84.986,0.685,21.313,-80.688,16.063,-0.152,-0.086,1.047,0.605,-0.320,0.605,0.044,0.092,1.257,1.402,3,NULL,NULL,,3,0,2,7,255,1352,250,0,0
stim,229197,259318,0,259318,3456654.454,-0.694,-0.018,0.008,0.720,0,0,2953,0,3077,1579,2935,2973,46,1.083,1,2262,0,89.788,1.130,31.000,-83.938,7.438,-0.207,-0.051,1.063,0.297,-1.090,0.605,0.040,0.096,1.257,1.402,3,NULL,NULL,,3,0,2,7,255,1352,250,0,0
stim,229231,259352,0,259352,3456659.455,-0.694,-0.014,0.006,0.720,0,0,2939,0,3079,1459,2939,2965,46,1.083,1,2262,0,93.847,1.130,35.313,-86.938,-1.500,-0.125,-0.086,1.074,0.297,-1.090,0.676,0.036,0.102,1.257,1.402,3,NULL,NULL,,3,0,2,7,255,1352,250,0,0
stim,229231,259352,0,259352,3456664.453,-0.694,-0.010,0.005,0.720,0,0,2939,0,3081,1341,2954,2971,46,1.083,1,2262,0,96.054,1.009,35.625,-89.188,-1.688,-0.086,-0.102,1.109,0.352,-0.945,0.773,0.032,0.110,1.257,1.402,3,NULL,NULL,,3,0,2,7,255,1352,250,0,0
stim,229231,259352,0,259352,3456669.455,-0.694,-0.007,0.003,0.720,0,0,2927,0,3081,1181,2958,2963,46,1.083,1,2262,0,96.145,0.811,30.000,-91.313,2.438,-0.063,-0.098,1.141,0.492,-0.645,1.113,0.032,0.116,1.257,1.402,3,NULL,NULL,,3,0,2,7,255,1352,250,0,0
stim,229231,259352,0,259352,3456674.454,-0.693,-0.003,0.001,0.720,0,0,2907,0,3081,1035,2963,2955,46,1.083,1,2262,0,97.745,0.811,25.375,-94.125,7.125,-0.074,-0.063,1.137,0.492,-0.645,1.348,0.034,0.122,1.257,1.402,3,NULL,NULL,,3,0,2,7,255,1352,250,0,0
stim,229231,259352,0,259352,3456679.455,-0.693,0.001,-0.001,0.721,0,0,2908,0,3091,872,2981,2957,46,1.083,1,2262,0,99.855,0.724,22.313,-97.125,6.313,-0.094,0.035,1.125,0.156,-0.707,1.348,0.036,0.130,1.257,1.402,3,NULL,NULL,,3,0,2,7,255,1352,250,0,0
stim,229231,259352,0,259352,3456684.454,-0.693,0.005,-0.003,0.721,0,0,2876,0,3095,711,2976,2951,46,1.083,1,2262,0,103.010,1.278,23.938,-100.188,0.750,-0.094,0.105,1.133,-0.750,-1.035,1.227,0.038,0.136,1.257,1.402,3,NULL,NULL,,3,0,2,7,255,1352,250,0,0
stim,229281,259402,0,259402,3456689.455,-0.693,0.009,-0.005,0.721,0,0,2861,0,3093,604,2981,2935,46,1.083,1,2262,0,107.724,1.734,28.375,-103.875,-3.063,-0.066,0.113,1.164,-1.391,-1.035,1.227,0.042,0.142,1.257,1.402,3,NULL,NULL,,3,0,2,7,255,1352,250,0,0
stim,229281,259402,0,259402,3456694.454,-0.693,0.013,-0.008,0.721,0,0,2847,0,3099,475,2995,2935,46,1.083,1,2262,0,111.403,1.711,27.938,-107.813,-2.563,-0.047,0.105,1.207,-1.391,-0.996,1.559,0.046,0.148,1.257,1.402,3,NULL,NULL,,3,0,2,7,255,1352,250,0,0
stim,229281,259402,0,259402,3456699.455,-0.693,0.017,-0.010,0.721,0,0,2825,0,3108,327,3007,2923,46,1.083,1,2262,0,114.961,1.752,22.875,-112.625,2.875,-0.039,0.133,1.258,-1.457,-0.973,1.980,0.052,0.154,1.257,1.402,3,NULL,NULL,,3,0,2,7,255,1352,250,0,0
stim,229281,259402,0,259402,3456704.454,-0.692,0.022,-0.013,0.721,0,0,2793,0,3103,177,3003,2916,46,1.083,1,2262,0,117.111,1.887,11.875,-116.500,1.313,-0.086,0.254,1.313,-1.617,-0.973,2.473,0.058,0.160,1.257,1.402,3,NULL,NULL,,3,0,2,7,255,1352,250,0,0
stim,229281,259402,0,259402,3456709.455,-0.692,0.025,-0.016,0.721,0,0,2765,0,3104,117,3003,2903,46,1.083,1,2262,0,120.886,2.291,-0.875,-120.875,-1.375,-0.008,0.180,1.297,-2.074,-0.973,2.828,0.066,0.166,1.257,1.402,3,NULL,NULL,,3,0,2,7,255,1352,250,0,0
stim,229281,259402,0,259402,3456714.454,-0.692,0.029,-0.020,0.721,0,0,2731,0,3101,57,3019,2885,46,1.083,1,2262,0,127.340,2.346,-9.500,-126.688,8.688,0.020,0.188,1.277,-2.141,-0.961,2.828,0.074,0.172,1.257,1.402,3,NULL,NULL,,3,0,2,7,255,1352,250,0,0
stim,229281,259402,0,259402,3456719.455,-0.691,0.033,-0.025,0.722,0,0,2681,0,3099,21,3014,2846,46,1.083,1,2262,0,132.401,2.346,-17.313,-130.375,15.250,-0.004,0.215,1.277,-2.141,-0.961,2.656,0.084,0.178,1.257,1.402,3,NULL,NULL,,3,0,2,7,255,1352,250,0,0
stim,229281,259402,0,259402,3456724.454,-0.690,0.036,-0.029,0.722,0,0,2643,0,3103,0,3019,2835,46,1.083,1,2262,0,137.400,2.579,-24.500,-134.188,16.500,-0.059,0.203,1.328,-2.285,-1.195,2.656,0.094,0.186,1.257,1.402,3,NULL,NULL,,3,0,2,7,255,1352,250,0,0
stim,229281,259402,0,259402,3456729.455,-0.689,0.040,-0.034,0.722,0,0,2600,0,3096,0,3021,2797,46,1.083,1,2262,0,145.465,2.976,-27.813,-141.125,21.688,-0.074,0.180,1.402,-2.285,-1.906,3.031,0.108,0.196,1.257,1.402,3,NULL,NULL,,3,0,2,7,255,1352,250,0,0
stim,229281,259402,0,259402,3456734.454,-0.688,0.044,-0.039,0.723,0,0,2551,0,3093,0,3022,2764,46,1.083,1,2262,0,153.842,3.114,-26.875,-148.625,29.250,-0.098,0.168,1.523,-2.094,-2.305,3.734,0.120,0.208,1.257,1.402,3,NULL,NULL,,3,0,2,7,255,1352,250,0,0
stim,229301,259422,0,259422,3456739.455,-0.687,0.047,-0.045,0.724,0,0,2509,0,3091,0,3023,2733,46,1.083,1,2262,0,164.808,3.525,-34.375,-156.938,36.750,-0.168,0.195,1.621,-2.094,-2.836,4.875,0.136,0.222,1.257,1.402,3,NULL,NULL,,3,0,2,7,255,1352,250,0,0
stim,229301,259422,0,259422,3456744.453,-0.685,0.052,-0.051,0.725,0,0,2445,0,3096,0,3020,2685,46,1.083,1,2262,0,175.741,4.488,-34.000,-168.500,36.563,-0.309,0.246,1.566,-2.305,-3.852,4.875,0.156,0.238,1.257,1.402,3,NULL,NULL,,3,0,2,7,255,1352,250,0,0
stim,229301,259422,0,259422,3456749.455,-0.684,0.056,-0.058,0.725,0,0,2377,0,3079,0,3018,2635,46,1.083,1,2262,0,183.295,6.062,-32.188,-179.250,20.750,-0.277,0.270,1.676,-2.727,-5.414,5.676,0.178,0.260,1.257,1.402,3,NULL,NULL,,3,0,2,7,255,1352,250,0,0
stim,229301,259422,0,259422,3456754.453,-0.682,0.061,-0.065,0.725,0,0,2317,0,3080,0,3025,2583,46,1.083,1,2262,0,198.520,6.203,-46.125,-191.438,25.188,-0.195,0.285,1.785,-3.027,-5.414,5.863,0.202,0.284,1.257,1.402,3,NULL,NULL,,3,0,2,7,255,1352,250,0,0
stim,229326,259447,0,259447,3456759.457,-0.681,0.065,-0.073,0.726,0,0,2248,0,3075,0,3020,2522,46,1.083,1,2262,0,218.416,6.434,-68.063,-204.250,36.813,-0.250,0.289,1.770,-3.313,-5.516,6.570,0.230,0.312,1.257,1.402,3,NULL,NULL,,3,0,2,7,255,1352,250,0,0
stim,229326,259447,0,259447,3456764.454,-0.679,0.069,-0.082,0.726,0,0,2158,0,3053,42,2995,2441,46,1.083,1,2262,0,235.783,6.889,-83.125,-217.625,36.375,-0.316,0.301,1.715,-3.371,-6.008,6.570,0.260,0.342,1.257,1.402,3,NULL,NULL,,3,0,2,7,255,1352,250,0,0
stim,229326,259447,0,259447,3456769.455,-0.677,0.074,-0.092,0.726,0,0,2077,0,3044,55,2983,2362,46,1.083,1,2262,0,250.748,7.629,-92.250,-231.125,30.750,-0.320,0.227,1.621,-3.371,-6.844,5.766,0.290,0.374,1.257,1.402,3,NULL,NULL,,3,0,2,7,255,1352,250,0,0
stim,229326,259447,0,259447,3456774.454,-0.675,0.079,-0.102,0.726,0,0,2002,0,3037,72,2958,2261,46,1.083,1,2262,0,266.275,7.512,-91.313,-248.000,32.563,-0.313,0.195,1.605,-2.844,-6.953,4.746,0.324,0.408,1.257,1.402,3,NULL,NULL,,3,0,2,7,255,1352,250,0,0
stim,229372,259493,1,259493,3456779.455,-0.673,0.084,-0.113,0.726,0,0,1887,0,3015,81,2927,2169,46,1.083,1,2262,0,280.716,7.636,-90.563,-263.188,36.500,-0.344,0.188,1.645,-2.633,-7.168,4.563,0.356,0.444,1.257,1.402,3,NULL,NULL,,3,1,2,7,255,1352,250,0,0
stim,229372,259493,1,259493,3456784.453,-0.670,0.090,-0.124,0.726,0,0,1796,0,2997,99,2901,2100,46,1.083,1,2262,0,296.030,8.318,-85.250,-281.250,35.563,-0.398,0.191,1.758,-2.633,-7.891,4.563,0.394,0.482,1.257,1.402,3,NULL,NULL,,3,1,2,7,255,1352,250,0,0
stim,229372,259493,1,259493,3456789.455,-0.668,0.097,-0.136,0.726,0,0,1703,0,2971,113,2848,2008,46,1.083,1,2262,0,310.291,9.520,-79.563,-298.500,29.125,-0.457,0.188,1.941,-2.754,-9.113,5.230,0.434,0.524,1.257,1.402,3,NULL,NULL,,3,1,2,7,255,1352,250,0,0
stim,229372,259493,1,259493,3456794.454,-0.665,0.105,-0.147,0.725,0,0,1637,0,2947,114,2803,1906,46,1.083,1,2262,0,323.155,11.004,-73.000,-314.250,18.625,-0.500,0.238,2.203,-2.848,-10.629,6.500,0.476,0.568,1.257,1.402,3,NULL,NULL,,3,1,2,7,255,1352,250,0,0
stim,229372,259493,1,259493,3456799.455,-0.663,0.113,-0.159,0.723,0,0,1555,0,2902,97,2723,1803,46,1.083,1,2262,0,338.070,12.937,-68.813,-330.875,8.813,-0.555,0.359,2.547,-3.559,-12.438,8.379,0.524,0.618,1.257,1.402,3,NULL,NULL,,3,1,2,7,255,1352,250,0,0
stim,229372,259493,1,259493,3456804.453,-0.660,0.121,-0.172,0.721,0,0,1465,0,2845,85,2621,1692,46,1.083,1,2262,0,359.053,15.625,-87.063,-348.313,4.188,-0.566,0.512,2.777,-5.031,-14.793,10.797,0.586,0.682,1.257,1.402,3,NULL,NULL,,3,1,2,7,255,1352,250,0,0
stim,229372,259493,1,259493,3456809.455,-0.658,0.130,-0.186,0.719,0,0,1399,0,2793,75,2492,1583,46,1.083,1,2262,0,382.997,17.882,-113.000,-365.938,-2.688,-0.504,0.516,2.805,-6.770,-16.551,12.023,0.654,0.750,1.257,1.402,3,NULL,NULL,,3,1,2,7,255,1352,250,0,0
stim,229372,259493,1,259493,3456814.453,-0.655,0.137,-0.201,0.715,0,0,1237,0,2725,63,2345,1483,46,1.083,1,2262,0,404.144,17.882,-142.063,-378.250,-8.813,-0.469,0.441,2.637,-6.770,-16.551,12.023,0.726,0.822,1.257,1.402,3,NULL,NULL,,3,1,2,7,255,1352,250,0,0
stim,229372,259493,1,259493,3456819.455,-0.652,0.145,-0.217,0.711,0,0,1066,0,2621,26,2135,1371,46,1.083,1,2262,0,422.659,17.650,-162.375,-390.125,-8.813,-0.469,0.359,2.375,-6.418,-16.441,10.199,0.800,0.896,1.257,1.402,3,NULL,NULL,,3,1,2,7,255,1352,250,0,0
stim,229372,259493,1,259493,3456824.454,-0.649,0.153,-0.234,0.707,0,0,893,0,2507,0,1845,1256,46,1.083,1,2262,0,430.070,16.752,-151.938,-402.250,-8.375,-0.426,0.152,2.246,-5.598,-15.789,7.445,0.870,0.970,1.257,1.402,3,NULL,NULL,,3,1,2,7,255,1352,250,0,0
stim,229392,259513,1,259513,3456829.455,-0.645,0.162,-0.250,0.704,0,0,683,0,2342,0,1501,1093,46,1.083,1,2262,0,438.588,15.746,-132.000,-418.250,1.625,-0.328,-0.168,2.145,-3.703,-15.305,6.270,0.938,1.038,1.257,1.402,3,NULL,NULL,,3,1,2,7,255,1352,250,0,0
stim,229392,259513,1,259513,3456834.454,-0.641,0.172,-0.265,0.700,0,0,443,0,2093,0,1079,943,46,1.083,1,2262,0,435.163,14.492,-96.625,-424.188,9.750,-0.102,-0.430,1.602,-0.742,-14.473,5.914,1.002,1.104,1.257,1.402,3,NULL,NULL,,3,1,2,7,255,1352,250,0,0
stim,229392,259513,1,259513,3456839.455,-0.635,0.184,-0.278,0.697,0,0,317,0,1854,0,567,798,46,1.083,1,2262,0,443.019,10.191,-41.813,-440.875,12.125,0.148,-0.418,1.613,1.754,-10.039,4.020,1.060,1.164,1.257,1.402,3,NULL,NULL,,3,1,2,7,255,1352,250,0,0
stim,229392,259513,1,259513,3456844.453,-0.629,0.197,-0.291,0.694,0,0,235,0,1562,0,200,650,46,1.083,1,2262,0,442.089,9.737,-4.875,-442.063,0.313,0.266,-0.176,1.805,1.754,-9.578,4.020,1.112,1.218,1.257,1.402,3,NULL,NULL,,3,1,2,7,255,1352,250,0,0
stim,229414,259535,1,259535,3456849.455,-0.622,0.211,-0.302,0.691,0,0,184,0,1192,0,0,498,46,1.083,1,2262,0,447.364,9.623,34.500,-445.875,11.813,0.176,0.098,2.270,-0.926,-9.578,5.414,1.164,1.272,1.257,1.402,3,NULL,NULL,,3,1,2,7,255,1352,250,0,0
stim,229414,259535,1,259535,3456854.454,-0.614,0.223,-0.315,0.689,0,0,109,0,777,0,0,411,46,1.083,1,2262,0,444.136,14.464,-2.875,-439.063,66.875,-0.023,0.211,2.543,-3.824,-13.949,7.043,1.222,1.332,1.257,1.402,3,NULL,NULL,,3,1,2,7,255,1352,250,0,0
stim,229414,259535,1,259535,3456859.455,-0.604,0.232,-0.330,0.687,0,0,119,0,319,0,0,315,46,1.083,1,2262,0,463.864,18.306,-64.688,-442.313,123.875,-0.527,0.141,2.379,-3.824,-17.902,7.043,1.288,1.400,1.257,1.402,3,NULL,NULL,,3,1,2,7,255,1352,250,0,0
stim,229414,259535,1,259535,3456864.453,-0.593,0.240,-0.347,0.686,0,0,115,0,4,0,0,171,46,1.083,1,2262,0,491.389,20.493,-114.250,-445.875,172.063,-0.875,0.254,1.949,-3.172,-20.246,1.809,1.364,1.480,1.257,1.402,3,NULL,NULL,,3,1,2,7,255,1352,250,0,0
stim,229436,259557,1,259557,3456869.455,-0.583,0.246,-0.364,0.683,0,0,89,0,0,0,0,75,46,1.083,1,2262,0,488.808,20.493,-144.938,-437.188,163.688,-0.918,0.816,1.512,-3.172,-20.246,-4.492,1.452,1.568,1.257,1.402,4,NULL,NULL,,3,1,2,7,255,1352,250,0,0
stim,229436,259557,1,259557,3456874.454,-0.574,0.251,-0.381,0.679,0,0,71,0,0,0,0,9,46,1.083,1,2262,0,468.208,19.192,-193.375,-408.000,123.938,-0.695,1.578,1.164,-7.844,-17.516,-9.512,1.540,1.658,1.257,1.402,0,NULL,NULL,,3,1,2,7,255,1352,250,0,0
stim,229466,259587,1,259587,3456879.455,-0.568,0.255,-0.398,0.674,0,0,84,0,0,0,0,9,46,1.083,1,2262,0,445.794,20.364,-218.688,-380.063,80.375,-0.547,1.977,1.164,-15.074,-13.691,-12.383,1.632,1.750,1.257,1.402,0,NULL,NULL,,3,1,2,7,255,1352,250,0,0
stim,229466,259587,1,259587,3456884.454,-0.562,0.259,-0.415,0.667,0,0,85,0,0,0,0,25,46,1.083,1,2262,0,449.156,19.746,-254.063,-365.688,58.875,-0.535,1.457,1.168,-15.074,-12.754,-12.383,1.726,1.844,1.257,1.402,0,NULL,NULL,,3,1,2,7,255,1352,250,0,0
stim,229501,259623,1,259623,3456889.455,-0.558,0.260,-0.433,0.659,0,0,87,0,0,0,0,56,46,1.083,1,2262,0,450.978,19.007,-299.688,-334.750,38.875,-0.266,0.418,1.137,-14.328,-12.488,-12.203,1.822,1.940,1.257,1.402,0,NULL,NULL,,3,1,2,7,255,1352,250,0,0
stim,229501,259623,1,259623,3456894.454,-0.555,0.260,-0.449,0.650,0,0,90,0,0,0,0,75,46,1.083,1,2262,0,416.000,12.058,-303.563,-283.813,18.875,-0.164,-0.352,0.996,-5.266,-10.848,-7.793,1.912,2.030,1.257,1.402,0,NULL,NULL,,3,1,2,7,255,1352,250,0,0
stim,229501,259623,1,259623,3456899.455,-0.552,0.259,-0.463,0.643,0,0,95,0,0,0,0,95,46,1.083,1,2262,0,388.632,10.895,-287.625,-257.625,44.000,-0.305,-0.293,1.172,1.020,-10.848,-6.496,1.996,2.114,1.257,1.402,0,NULL,NULL,,3,1,2,7,255,1352,250,0,0
stim,229501,259623,1,259623,3456904.453,-0.549,0.258,-0.477,0.636,0,0,99,0,0,0,0,126,46,1.083,1,2262,0,350.126,10.149,-269.938,-221.250,27.750,-0.539,0.191,0.898,1.020,-10.098,-6.496,2.068,2.188,1.257,1.402,0,NULL,NULL,,3,1,2,7,255,1352,250,0,0
stim,229501,259623,1,259623,3456909.457,-0.549,0.257,-0.488,0.628,0,0,96,0,0,0,0,171,46,1.083,1,2262,0,317.022,10.384,-259.688,-181.250,-14.625,-0.477,0.211,0.785,-2.422,-10.098,-11.387,2.134,2.254,1.257,1.402,0,NULL,NULL,,3,1,2,7,255,1352,250,0,0
stim,229501,259623,1,259623,3456914.454,-0.549,0.255,-0.498,0.620,0,0,92,0,0,0,0,183,46,1.083,1,2262,0,303.685,9.164,-274.875,-126.625,-25.188,-0.117,0.191,0.480,-2.621,-8.781,-11.387,2.188,2.310,1.257,1.402,0,NULL,NULL,,3,1,2,7,255,1352,250,0,0
stim,229501,259623,1,259623,3456919.455,-0.551,0.250,-0.508,0.613,0,0,91,0,0,0,0,180,46,1.083,1,2262,0,290.209,5.278,-282.250,-67.500,-0.188,0.078,0.371,-0.063,-2.746,-4.508,-10.676,2.230,2.352,1.257,1.402,0,NULL,NULL,,3,1,2,7,255,1352,250,0,0
stim,229501,259623,1,259623,3456924.454,-0.553,0.243,-0.514,0.609,0,0,86,0,0,0,0,183,46,1.083,1,2262,0,245.299,3.720,-244.250,-6.125,21.813,0.160,0.516,-0.539,-3.469,1.344,-10.676,2.256,2.382,1.257,1.402,0,NULL,NULL,,3,1,2,7,255,1352,250,0,0
stim,229502,259623,1,259623,3456929.455,-0.555,0.237,-0.518,0.606,0,0,75,0,0,0,0,139,46,1.083,1,2262,0,184.361,7.063,-173.250,48.563,40.188,0.129,0.473,-0.711,-3.469,6.152,-12.109,2.264,2.390,1.257,1.402,0,NULL,NULL,,3,1,2,7,255,1352,250,0,0
stim,229502,259623,1,259623,3456934.454,-0.557,0.231,-0.519,0.606,0,0,72,0,0,0,0,109,46,1.083,1,2262,0,152.782,6.982,-110.375,93.125,49.875,0.012,0.246,-0.703,-2.457,6.535,-12.828,2.252,2.376,1.257,1.402,0,NULL,NULL,,3,1,2,7,255,1352,250,0,0
stim,229502,259623,1,259623,3456939.455,-0.559,0.225,-0.518,0.607,0,0,71,0,0,0,0,109,46,1.083,1,2262,0,145.305,6.535,-55.063,123.875,52.313,-0.090,0.004,-0.742,-0.039,6.535,-12.996,2.232,2.358,1.257,1.402,0,NULL,NULL,,3,1,2,7,255,1352,250,0,0
stim,229502,259623,1,259623,3456944.454,-0.561,0.220,-0.515,0.610,0,0,66,0,0,0,0,108,46,1.083,1,2262,0,161.931,6.449,-2.063,149.500,62.188,-0.102,-0.148,-0.711,2.563,5.918,-12.996,2.210,2.336,1.257,1.402,0,NULL,NULL,,3,1,2,7,255,1352,250,0,0
stim,229504,259625,1,259625,3456949.455,-0.562,0.214,-0.510,0.614,0,0,59,0,0,0,0,99,46,1.083,1,2262,0,195.004,5.877,44.250,171.063,82.500,-0.117,-0.043,-0.598,2.570,5.285,-12.805,2.188,2.314,1.257,1.402,0,NULL,NULL,,3,1,2,7,255,1352,250,0,0
stim,229504,259625,1,259625,3456954.453,-0.563,0.209,-0.504,0.620,0,0,58,0,0,0,0,88,46,1.083,1,2262,0,227.555,5.081,84.625,185.250,101.500,-0.230,0.172,-0.445,2.570,4.383,-12.805,2.168,2.294,1.257,1.402,0,NULL,NULL,,3,1,2,7,255,1352,250,0,0
stim,229510,259632,1,259632,3456959.455,-0.564,0.205,-0.497,0.627,0,0,54,0,0,0,0,71,46,1.083,1,2262,0,255.151,2.927,119.500,197.438,108.813,-0.328,0.270,-0.293,0.508,2.883,-14.059,2.152,2.280,1.257,1.402,0,NULL,NULL,,3,1,2,7,255,1352,250,0,0
stim,229510,259632,1,259632,3456964.454,-0.564,0.200,-0.489,0.635,0,0,51,0,0,0,0,55,46,1.083,1,2262,0,275.629,1.337,145.125,207.500,108.875,-0.410,0.277,-0.117,-0.613,1.188,-14.645,2.144,2.274,1.257,1.402,0,NULL,NULL,,3,1,2,7,255,1352,250,0,0
stim,229533,259654,1,259654,3456969.455,-0.564,0.196,-0.480,0.642,0,0,41,0,0,0,0,43,46,1.083,1,2262,0,291.012,1.284,161.125,216.313,109.250,-0.449,0.230,0.043,-1.016,-0.785,-14.645,2.144,2.274,1.257,1.402,0,NULL,NULL,,3,1,2,7,255,1352,250,0,0
stim,229533,259654,1,259654,3456974.454,-0.565,0.191,-0.470,0.650,0,0,31,0,0,0,0,36,46,1.083,1,2262,0,299.988,2.689,169.375,222.438,108.750,-0.539,0.250,0.207,-1.020,-2.488,-14.047,2.152,2.284,1.257,1.402,0,NULL,NULL,,3,1,2,7,255,1352,250,0,0
stim,229533,259654,1,259654,3456979.455,-0.566,0.187,-0.461,0.658,0,0,23,0,0,0,0,29,46,1.083,1,2262,0,302.505,4.634,171.813,228.313,99.313,-0.602,0.266,0.359,-1.434,-4.406,-13.973,2.170,2.302,1.257,1.402,0,NULL,NULL,,3,1,2,7,255,1352,250,0,0
stim,229533,259654,1,259654,3456984.453,-0.567,0.183,-0.450,0.665,0,0,25,0,0,0,0,28,46,1.083,1,2262,0,300.629,6.331,169.250,233.125,85.938,-0.617,0.246,0.488,-1.824,-6.063,-13.672,2.192,2.324,1.257,1.402,0,NULL,NULL,,3,1,2,7,255,1352,250,0,0
stim,229581,259702,1,259702,3456989.455,-0.568,0.179,-0.440,0.672,0,0,33,0,0,0,0,29,46,1.083,1,2262,0,299.165,7.514,165.188,238.750,72.188,-0.629,0.191,0.551,-1.824,-7.289,-12.914,2.220,2.354,1.257,1.402,0,NULL,NULL,,3,1,2,7,255,1352,250,0,0
stim,229581,259702,1,259702,3456994.454,-0.570,0.175,-0.430,0.678,0,0,33,0,0,0,0,35,46,1.083,1,2262,0,298.984,8.130,163.000,244.063,57.063,-0.672,0.176,0.672,-1.609,-7.969,-12.242,2.256,2.390,1.257,1.402,0,NULL,NULL,,3,1,2,7,255,1352,250,0,0
stim,229581,259702,1,259702,3456999.455,-0.573,0.171,-0.419,0.684,0,0,33,0,0,0,0,39,46,1.083,1,2262,0,294.447,9.374,152.438,248.938,38.625,-0.715,0.184,0.863,-1.609,-9.234,-11.613,2.298,2.434,1.257,1.402,0,NULL,NULL,,3,1,2,7,255,1352,250,0,0
stim,229581,259702,1,259702,3457004.454,-0.576,0.166,-0.409,0.688,0,0,28,0,0,0,0,38,46,1.083,1,2262,0,286.192,11.177,131.313,253.813,15.563,-0.719,0.207,1.020,-2.066,-10.984,-10.613,2.346,2.482,1.257,1.402,0,NULL,NULL,,3,1,2,7,255,1352,250,0,0
stim,229581,259702,1,259702,3457009.455,-0.580,0.161,-0.399,0.691,0,0,25,0,0,0,0,35,46,1.083,1,2262,0,278.969,12.462,100.250,260.063,-11.875,-0.676,0.230,1.133,-2.707,-12.164,-9.539,2.396,2.532,1.257,1.402,0,NULL,NULL,,3,1,2,7,255,1352,250,0,0
stim,229581,259702,1,259702,3457014.453,-0.586,0.156,-0.390,0.693,0,0,23,0,0,0,0,43,46,1.083,1,2262,0,278.850,12.571,66.250,268.438,-36.188,-0.574,0.176,1.121,-3.172,-12.164,-8.355,2.446,2.584,1.257,1.402,0,NULL,NULL,,3,1,2,7,255,1352,250,0,0
stim,229581,259702,1,259702,3457019.455,-0.592,0.149,-0.381,0.694,0,0,16,0,0,0,0,47,46,1.083,1,2262,0,285.298,12.295,38.563,277.438,-54.188,-0.516,0.164,1.055,-3.172,-11.879,-7.266,2.494,2.634,1.257,1.402,0,NULL,NULL,,3,1,2,7,255,1352,250,0,0
stim,229581,259702,1,259702,3457024.454,-0.599,0.143,-0.373,0.694,0,0,13,0,0,0,0,47,46,1.083,1,2262,0,298.361,11.346,21.313,288.188,-74.250,-0.461,0.145,0.961,-3.129,-10.906,-6.992,2.540,2.684,1.257,1.402,0,NULL,NULL,,3,1,2,7,255,1352,250,0,0
stim,229581,259702,0,259702,3457029.455,-0.607,0.136,-0.364,0.693,0,0,16,0,0,0,0,56,46,1.083,1,2262,0,311.850,10.211,15.438,298.500,-88.938,-0.371,0.105,0.875,-2.945,-9.777,-6.930,2.588,2.730,1.257,1.402,0,NULL,NULL,,3,0,2,7,255,1347,250,0,0
stim,229581,259702,0,259702,3457034.455,-0.615,0.128,-0.355,0.692,0,0,12,0,0,0,0,73,46,1.083,1,2262,0,325.757,8.981,11.750,309.563,-100.750,-0.313,0.141,0.863,-2.945,-8.484,-6.586,2.632,2.776,1.257,1.402,0,NULL,NULL,,3,0,2,7,255,1347,250,0,0
stim,229601,259722,0,259722,3457039.454,-0.623,0.121,-0.345,0.691,0,0,6,0,0,0,0,85,46,1.083,1,2262,0,336.189,8.330,9.250,321.188,-98.875,-0.137,0.074,0.797,-2.793,-7.848,-6.203,2.672,2.818,1.257,1.402,0,NULL,NULL,,3,0,2,7,255,1347,250,0,0
stim,229601,259722,0,259722,3457044.455,-0.631,0.113,-0.336,0.690,0,0,9,0,0,0,0,106,46,1.083,1,2262,0,342.351,6.687,11.688,329.375,-92.625,-0.148,0.113,0.730,-2.977,-5.988,-5.762,2.710,2.856,1.257,1.402,0,NULL,NULL,,3,0,2,7,255,1347,250,0,0
stim,229601,259722,0,259722,3457049.454,-0.639,0.105,-0.325,0.689,0,0,11,0,0,0,0,119,46,1.083,1,2262,0,358.088,6.169,19.063,339.875,-111.125,-0.027,0.090,0.594,-2.793,-5.500,-5.762,2.744,2.890,1.257,1.402,0,NULL,NULL,,3,0,2,7,255,1347,250,0,0
stim,229601,259722,0,259722,3457054.455,-0.648,0.097,-0.314,0.687,0,0,11,0,0,0,0,121,46,1.083,1,2262,0,366.868,4.456,39.688,346.625,-113.438,0.176,-0.016,0.402,-2.641,-3.590,-5.781,2.774,2.922,1.257,1.402,0,NULL,NULL,,3,0,2,7,255,1347,250,0,0
stim,229625,259746,0,259746,3457059.454,-0.655,0.091,-0.301,0.687,0,0,13,0,0,0,0,125,46,1.083,1,2262,0,366.239,2.115,81.938,345.875,-88.250,0.250,0.055,0.352,-1.938,-0.848,-5.859,2.798,2.948,1.257,1.402,0,NULL,NULL,,3,0,2,7,255,1347,250,0,0
stim,229625,259746,0,259746,3457064.455,-0.662,0.085,-0.287,0.687,0,0,11,0,0,0,0,125,46,1.083,1,2262,0,374.400,2.115,125.750,343.688,-79.000,0.137,0.102,0.480,-1.938,-0.848,-5.781,2.822,2.972,1.257,1.402,0,NULL,NULL,,3,0,2,7,255,1347,250,0,0
stim,229625,259746,0,259746,3457069.454,-0.668,0.081,-0.272,0.688,0,0,18,0,0,0,0,141,46,1.083,1,2262,0,382.620,2.301,157.063,341.000,-73.813,0.227,-0.004,0.637,-2.016,-1.109,-5.633,2.844,2.996,1.257,1.402,0,NULL,NULL,,3,0,2,7,255,1347,250,0,0
stim,229625,259746,0,259746,3457074.455,-0.673,0.077,-0.257,0.690,0,0,13,0,0,0,0,147,46,1.083,1,2262,0,384.157,2.314,179.250,336.313,-48.375,0.320,-0.023,0.723,-2.031,-1.109,-3.555,2.868,3.020,1.257,1.402,0,NULL,NULL,,3,0,2,7,255,1347,250,0,0
stim,229670,259791,0,259791,3457079.454,-0.677,0.073,-0.241,0.692,0,0,8,0,0,0,0,140,46,1.083,1,2262,0,390.092,2.314,199.875,334.188,-23.250,0.242,0.070,0.813,-2.031,-1.109,-2.324,2.892,3.046,1.257,1.402,0,NULL,NULL,,3,0,2,7,255,1347,250,0,0
stim,229670,259791,0,259791,3457084.455,-0.680,0.070,-0.224,0.695,0,0,9,0,0,0,0,125,46,1.083,1,2262,0,400.091,3.241,223.250,331.875,-9.563,0.105,0.129,0.934,-2.969,-1.301,-2.090,2.918,3.072,1.257,1.402,0,NULL,NULL,,3,0,2,7,255,1347,250,0,0
stim,229670,259791,0,259791,3457089.454,-0.683,0.067,-0.207,0.697,0,0,3,0,0,0,0,124,46,1.083,1,2262,0,410.478,4.509,244.250,329.750,-9.938,-0.008,0.168,1.137,-3.570,-2.754,-1.645,2.944,3.098,1.257,1.402,0,NULL,NULL,,3,0,2,7,255,1347,250,0,0
stim,229670,259791,0,259791,3457094.455,-0.686,0.065,-0.190,0.700,0,0,0,0,0,0,0,121,46,1.083,1,2262,0,413.075,5.970,249.688,328.750,-14.500,-0.059,0.203,1.422,-4.129,-4.313,-0.215,2.972,3.128,1.257,1.402,0,NULL,NULL,,3,0,2,7,255,1347,250,0,0
stim,229670,259791,0,259791,3457099.454,-0.689,0.062,-0.172,0.702,0,0,0,0,0,0,0,117,46,1.083,1,2262,0,406.464,7.255,238.625,328.750,-13.938,-0.063,0.191,1.637,-4.785,-5.453,2.316,3.002,3.158,1.257,1.402,0,NULL,NULL,,3,0,2,7,255,1347,250,0,0
stim,229670,259791,0,259791,3457104.455,-0.691,0.059,-0.156,0.703,0,0,1,0,0,0,0,111,46,1.083,1,2262,0,392.733,7.547,216.438,327.500,-11.750,-0.121,0.230,1.820,-4.805,-5.820,4.527,3.032,3.188,1.257,1.402,0,NULL,NULL,,3,0,2,7,255,1347,250,0,0
stim,229670,259791,0,259791,3457109.454,-0.693,0.054,-0.140,0.705,0,0,4,0,0,0,0,110,46,1.083,1,2262,0,377.821,8.254,187.500,327.563,-17.188,-0.172,0.227,1.957,-5.098,-6.492,6.219,3.064,3.222,1.257,1.402,0,NULL,NULL,,3,0,2,7,255,1347,250,0,0
stim,229670,259791,0,259791,3457114.455,-0.696,0.049,-0.126,0.705,0,0,5,0,0,0,0,109,46,1.083,1,2262,0,360.874,8.393,152.063,326.188,-26.625,-0.195,0.195,1.996,-5.098,-6.668,7.633,3.098,3.254,1.257,1.402,0,NULL,NULL,,3,0,2,7,255,1347,250,0,0
stim,229670,259791,0,259791,3457119.454,-0.699,0.043,-0.112,0.705,0,0,7,0,0,0,0,115,46,1.083,1,2262,0,348.069,8.106,120.375,324.125,-40.063,-0.184,0.133,1.902,-4.609,-6.668,7.664,3.130,3.288,1.257,1.402,0,NULL,NULL,,3,0,2,7,255,1347,250,0,0
stim,229670,259791,0,259791,3457124.455,-0.702,0.037,-0.099,0.704,0,0,11,0,0,0,0,118,46,1.083,1,2262,0,340.998,6.919,100.063,322.563,-47.125,-0.051,0.113,1.828,-3.711,-5.840,7.664,3.160,3.318,1.257,1.402,0,NULL,NULL,,3,0,2,7,255,1347,250,0,0
stim,229691,259812,0,259812,3457129.454,-0.705,0.030,-0.086,0.703,0,0,17,0,0,0,0,125,46,1.083,1,2262,0,331.837,5.141,83.313,319.063,-37.063,0.027,0.117,1.723,-3.301,-3.941,7.422,3.188,3.346,1.257,1.402,0,NULL,NULL,,3,0,2,7,255,1347,250,0,0
stim,229691,259812,0,259812,3457134.455,-0.707,0.023,-0.074,0.703,0,0,18,0,0,0,0,135,46,1.083,1,2262,0,326.529,4.003,76.875,316.000,-29.250,-0.012,0.066,1.594,-3.117,-2.512,6.660,3.212,3.370,1.257,1.402,0,NULL,NULL,,3,0,2,7,255,1347,250,0,0
stim,229691,259812,0,259812,3457139.454,-0.709,0.016,-0.062,0.702,0,0,19,0,0,0,0,135,46,1.083,1,2262,0,324.685,3.265,82.063,312.188,-35.000,-0.043,0.031,1.551,-2.344,-2.273,5.488,3.234,3.392,1.257,1.402,0,NULL,NULL,,3,0,2,7,255,1347,250,0,0
stim,229691,259812,0,259812,3457144.455,-0.711,0.009,-0.049,0.701,0,0,23,0,0,0,0,139,46,1.083,1,2262,0,321.369,2.812,88.188,306.625,-38.500,0.012,0.023,1.551,-1.855,-2.113,5.281,3.252,3.412,1.257,1.402,0,NULL,NULL,,3,0,2,7,255,1347,250,0,0
stim,229713,259834,0,259834,3457149.454,-0.713,0.003,-0.037,0.700,0,0,23,0,0,0,0,135,46,1.083,1,2262,0,317.163,2.032,90.500,302.188,-32.938,0.055,0.035,1.547,-1.668,-1.160,5.273,3.268,3.428,1.257,1.402,0,NULL,NULL,,3,0,2,7,255,1347,250,0,0
stim,229713,259834,0,259834,3457154.455,-0.715,-0.003,-0.025,0.699,0,0,20,0,0,0,0,135,46,1.083,1,2262,0,312.750,1.705,97.500,296.063,-25.563,0.035,0.059,1.559,-1.668,-0.352,5.281,3.280,3.442,1.257,1.402,0,NULL,NULL,,3,0,2,7,255,1347,250,0,0
stim,229713,259834,0,259834,3457159.454,-0.716,-0.008,-0.012,0.698,0,0,19,0,0,0,0,133,46,1.083,1,2262,0,309.494,1.742,108.313,289.188,-20.625,-0.012,0.094,1.578,-1.730,-0.199,5.406,3.290,3.452,1.257,1.402,0,NULL,NULL,,3,0,2,7,255,1347,250,0,0
stim,229713,259834,0,259834,3457164.455,-0.717,-0.013,0.000,0.697,0,0,20,0,0,0,0,127,46,1.083,1,2262,0,309.461,1.737,118.938,284.938,-20.750,0.012,0.078,1.648,-1.730,-0.152,5.578,3.300,3.462,1.257,1.402,0,NULL,NULL,,3,0,2,7,255,1347,250,0,0
stim,229751,259872,0,259872,3457169.454,-0.718,-0.017,0.013,0.696,0,0,21,0,0,0,0,123,46,1.083,1,2262,0,308.909,1.760,130.250,279.688,-15.313,0.055,0.102,1.766,-1.711,0.414,6.281,3.306,3.470,1.257,1.402,0,NULL,NULL,,3,0,2,7,255,1347,250,0,0
stim,229751,259872,0,259872,3457174.455,-0.718,-0.021,0.026,0.695,0,0,21,0,0,0,0,124,46,1.083,1,2262,0,309.122,2.095,136.000,277.375,-11.125,0.016,0.094,1.832,-1.648,1.293,7.410,3.310,3.474,1.257,1.402,0,NULL,NULL,,3,0,2,7,255,1347,250,0,0
stim,229751,259872,0,259872,3457179.454,-0.719,-0.025,0.039,0.694,0,0,24,0,0,0,0,116,46,1.083,1,2262,0,313.089,1.964,145.563,276.625,-17.750,0.074,0.094,1.934,-1.418,1.359,8.047,3.310,3.474,1.257,1.402,0,NULL,NULL,,3,0,2,7,255,1347,250,0,0
stim,229751,259872,0,259872,3457184.455,-0.719,-0.028,0.052,0.692,0,0,25,0,0,0,0,115,46,1.083,1,2262,0,316.230,2.692,152.313,276.813,-13.313,0.148,0.105,2.012,-1.176,2.422,8.992,3.308,3.472,1.257,1.402,0,NULL,NULL,,3,0,2,7,255,1347,250,0,0
stim,229751,259872,0,259872,3457189.454,-0.719,-0.032,0.065,0.691,0,0,25,0,0,0,0,117,46,1.083,1,2262,0,322.427,3.834,156.250,281.375,-19.313,0.234,0.094,2.102,-0.992,3.703,9.598,3.300,3.466,1.257,1.402,0,NULL,NULL,,3,0,2,7,255,1347,250,0,0
stim,229751,259872,0,259872,3457194.455,-0.719,-0.036,0.079,0.689,0,0,27,0,0,0,0,112,46,1.083,1,2262,0,326.788,5.145,159.188,285.063,-13.750,0.391,0.156,2.191,-0.750,5.090,10.270,3.288,3.454,1.257,1.402,0,NULL,NULL,,3,0,2,7,255,1347,250,0,0
stim,229751,259872,0,259872,3457199.454,-0.719,-0.039,0.093,0.687,0,0,28,0,0,0,0,117,46,1.083,1,2262,0,332.985,7.305,161.188,291.188,-10.375,0.539,0.125,2.238,-0.535,7.285,10.770,3.270,3.438,1.257,1.402,0,NULL,NULL,,3,0,2,7,255,1347,250,0,0
stim,229751,259872,0,259872,3457204.455,-0.719,-0.043,0.107,0.686,0,0,23,0,0,0,0,117,46,1.083,1,2262,0,338.385,9.283,163.375,296.313,-3.438,0.730,0.207,2.266,-0.430,9.273,10.770,3.248,3.414,1.257,1.402,0,NULL,NULL,,3,0,2,7,255,1347,250,0,0
stim,229789,259910,0,259910,3457209.454,-0.718,-0.047,0.122,0.684,0,0,27,0,0,0,0,115,46,1.083,1,2262,0,346.489,11.719,169.250,302.313,4.000,0.867,0.191,2.297,-0.043,11.719,10.449,3.218,3.384,1.257,1.402,0,NULL,NULL,,3,0,2,7,255,1347,250,0,0
stim,229789,259910,0,259910,3457214.455,-0.716,-0.051,0.136,0.683,0,0,24,0,0,0,0,111,46,1.083,1,2262,0,350.228,13.598,171.125,305.188,15.375,0.980,0.160,2.332,0.137,13.598,10.105,3.176,3.342,1.257,1.402,0,NULL,NULL,,3,0,2,7,255,1347,250,0,0
stim,229789,259910,0,259910,3457219.454,-0.714,-0.054,0.151,0.682,0,0,27,0,0,0,0,116,46,1.083,1,2262,0,354.333,15.287,174.375,306.875,31.188,1.109,0.098,2.355,0.813,15.266,9.723,3.126,3.294,1.257,1.402,0,NULL,NULL,,3,0,2,7,255,1347,250,0,0
stim,229789,259910,0,259910,3457224.455,-0.711,-0.058,0.166,0.681,0,0,26,0,0,0,0,120,46,1.083,1,2262,0,353.510,17.095,170.125,305.063,54.438,1.086,0.090,2.324,1.801,17.000,9.094,3.070,3.238,1.257,1.402,0,NULL,NULL,,3,0,2,7,255,1347,250,0,0
stim,229789,259910,0,259910,3457229.454,-0.707,-0.061,0.181,0.681,0,0,21,0,0,0,0,118,46,1.083,1,2262,0,350.976,17.254,171.188,299.625,64.063,1.031,0.168,2.316,1.801,17.160,8.410,3.008,3.176,1.257,1.402,0,NULL,NULL,,3,0,2,7,255,1347,250,0,0
stim,229789,259910,0,259910,3457234.455,-0.704,-0.064,0.195,0.680,0,0,25,0,0,0,0,122,46,1.083,1,2262,0,341.398,17.286,163.563,291.688,68.688,1.012,0.125,2.219,2.078,17.160,8.129,2.940,3.104,1.257,1.402,0,NULL,NULL,,3,0,2,7,255,1347,250,0,0
stim,229789,259910,0,259910,3457239.454,-0.700,-0.067,0.208,0.680,0,0,28,0,0,0,0,127,46,1.083,1,2262,0,332.142,17.265,162.000,279.563,76.938,1.031,0.168,2.246,1.898,17.160,6.793,2.870,3.034,1.257,1.402,0,NULL,NULL,,3,0,2,7,255,1347,250,0,0
stim,229789,259910,0,259910,3457244.455,-0.696,-0.070,0.221,0.680,0,0,25,0,0,0,0,141,46,1.083,1,2262,0,315.308,17.848,149.688,266.813,76.313,1.137,0.074,2.219,2.078,17.727,6.602,2.798,2.962,1.257,1.402,0,NULL,NULL,,3,0,2,7,255,1347,250,0,0
stim,229813,259934,0,259934,3457249.454,-0.691,-0.072,0.233,0.680,0,0,24,0,0,0,0,145,46,1.083,1,2262,0,299.805,19.113,139.000,250.438,88.563,1.172,-0.063,2.105,2.910,18.891,5.336,2.724,2.888,1.257,1.402,0,NULL,NULL,,3,0,2,7,255,1347,250,0,0
stim,229813,259934,0,259934,3457254.455,-0.687,-0.074,0.245,0.680,0,0,26,0,0,0,0,155,46,1.083,1,2262,0,283.031,19.333,138.625,232.625,82.313,1.188,-0.289,2.004,4.113,18.891,3.520,2.642,2.804,1.257,1.402,0,NULL,NULL,,3,0,2,7,255,1347,250,0,0
stim,229813,259934,0,259934,3457259.454,-0.683,-0.076,0.255,0.681,0,0,24,0,0,0,0,155,46,1.083,1,2262,0,267.358,19.965,132.688,215.688,85.750,1.285,-0.516,1.828,6.168,18.988,1.719,2.546,2.708,1.257,1.402,0,NULL,NULL,,3,0,2,7,255,1347,250,0,0
stim,229813,259934,0,259934,3457264.455,-0.678,-0.077,0.266,0.681,0,0,22,0,0,0,0,159,46,1.083,1,2262,0,257.408,20.469,136.813,199.438,88.125,1.320,-0.660,1.594,7.957,18.859,-1.098,2.450,2.612,1.257,1.402,0,NULL,NULL,,3,0,2,7,255,1347,250,0,0
stim,229834,259955,0,259955,3457269.454,-0.674,-0.077,0.276,0.681,0,0,24,0,0,0,0,165,46,1.083,1,2262,0,259.424,20.386,161.375,183.250,87.625,1.352,-0.816,1.488,8.828,18.375,-3.977,2.354,2.518,1.257,1.402,0,NULL,NULL,,3,0,2,7,255,1347,250,0,0
stim,229834,259955,0,259955,3457274.455,-0.670,-0.075,0.287,0.680,0,0,24,0,0,0,0,181,46,1.083,1,2262,0,262.145,20.940,179.750,167.750,90.938,1.367,-0.809,1.504,10.043,18.375,-5.813,2.260,2.424,1.257,1.402,0,NULL,NULL,,3,0,2,7,255,1347,250,0,0
stim,229834,259955,0,259955,3457279.454,-0.667,-0.074,0.297,0.680,0,0,23,0,0,0,0,197,46,1.083,1,2262,0,254.234,21.064,188.000,152.625,77.438,1.332,-0.867,1.574,10.094,18.488,-6.004,2.158,2.322,1.257,1.402,0,NULL,NULL,,3,0,2,7,255,1347,250,0,0
stim,229834,259955,0,259955,3457284.455,-0.664,-0.072,0.307,0.678,0,0,25,0,0,0,0,205,46,1.083,1,2262,0,244.297,21.519,189.750,140.438,62.875,1.504,-0.949,1.652,10.852,18.582,-6.164,2.050,2.214,1.257,1.402,0,NULL,NULL,,3,0,2,7,255,1347,250,0,0
stim,229879,260000,0,260000,3457289.454,-0.661,-0.070,0.316,0.677,0,0,24,0,0,0,0,229,46,1.083,1,2262,0,225.705,23.442,176.750,130.625,51.375,1.730,-0.953,1.648,11.531,20.410,-6.887,1.936,2.100,1.257,1.402,0,NULL,NULL,,3,0,2,7,255,1347,250,0,0
stim,229879,260000,0,260000,3457294.455,-0.658,-0.068,0.325,0.676,0,0,26,0,0,0,0,250,46,1.083,1,2262,0,207.335,25.191,163.313,118.375,48.000,1.859,-1.027,1.617,11.715,22.301,-8.504,1.820,1.984,1.257,1.402,0,NULL,NULL,,3,0,2,7,255,1347,250,0,0
stim,229879,260000,0,260000,3457299.454,-0.656,-0.066,0.332,0.674,0,0,27,0,0,0,0,269,46,1.083,1,2262,0,190.256,26.097,151.875,106.813,41.500,2.031,-1.137,1.574,12.035,23.156,-10.039,1.698,1.860,1.257,1.402,0,NULL,NULL,,3,0,2,7,255,1347,250,0,0
stim,229879,260000,0,260000,3457304.455,-0.655,-0.065,0.339,0.673,0,0,28,0,0,0,0,286,46,1.083,1,2262,0,169.137,27.372,138.688,92.563,28.375,2.156,-1.211,1.477,12.688,24.254,-11.973,1.572,1.734,1.257,1.402,0,NULL,NULL,,3,0,2,7,255,1347,250,0,0
stim,229879,260000,0,260000,3457309.454,-0.653,-0.063,0.345,0.671,0,0,30,0,0,0,0,309,46,1.083,1,2262,0,154.431,27.481,136.000,71.688,14.625,2.156,-1.305,1.371,12.922,24.254,-13.984,1.442,1.602,1.257,1.402,0,NULL,NULL,,3,0,2,7,255,1347,250,0,0
stim,229879,260000,0,260000,3457314.455,-0.653,-0.060,0.351,0.669,0,0,26,0,0,0,0,323,46,1.083,1,2262,0,157.531,28.091,149.125,49.063,13.063,2.262,-1.395,1.449,13.453,24.660,-15.453,1.308,1.468,1.257,1.402,0,NULL,NULL,,3,0,2,7,255,1347,250,0,0
stim,229879,260000,0,260000,3457319.454,-0.652,-0.056,0.356,0.667,0,0,28,0,0,0,0,325,46,1.083,1,2262,0,158.774,28.668,156.125,19.563,21.250,2.176,-1.223,1.695,13.926,25.059,-15.453,1.172,1.330,1.257,1.402,0,NULL,NULL,,3,0,2,7,255,1347,250,0,0
stim,229879,260000,0,260000,3457324.455,-0.652,-0.051,0.360,0.665,0,0,31,0,0,0,0,326,46,1.083,1,2262,0,142.153,29.144,140.375,-10.938,19.563,1.902,-0.871,2.031,13.926,25.602,-13.363,1.034,1.190,1.257,1.402,0,NULL,NULL,,3,0,2,7,255,1347,250,0,0
stim,229880,260001,0,260001,3457329.454,-0.652,-0.047,0.362,0.665,0,0,28,0,0,0,0,325,46,1.083,1,2262,0,103.831,28.603,92.188,-39.625,26.688,1.906,-0.559,2.348,12.469,25.742,-8.277,0.898,1.050,1.257,1.402,0,NULL,NULL,,3,0,2,7,255,1347,250,0,0
stim,229880,260001,0,260001,3457334.455,-0.653,-0.044,0.360,0.665,0,0,28,0,0,0,0,319,46,1.083,1,2262,0,75.230,27.851,16.188,-69.438,24.000,1.160,-0.344,2.508,10.965,25.602,-4.805,0.762,0.908,1.257,1.402,0,NULL,NULL,,3,0,2,7,255,1347,250,0,0
stim,229901,260022,0,260022,3457339.454,-0.655,-0.043,0.356,0.665,0,0,27,0,0,0,0,323,46,1.083,1,2262,0,112.371,24.865,-47.500,-87.188,-52.625,1.152,-0.457,2.164,10.781,22.406,-1.480,0.632,0.768,1.257,1.402,0,NULL,NULL,,3,0,2,7,255,1347,250,0,0
stim,229901,260022,0,260022,3457344.455,-0.658,-0.043,0.351,0.665,0,0,30,0,0,0,0,325,46,1.083,1,2262,0,138.523,24.767,-79.750,-108.500,-32.500,1.445,-0.641,2.125,10.781,22.297,-1.480,0.502,0.620,1.257,1.402,0,NULL,NULL,,3,0,2,7,255,1347,250,0,0
stim,229901,260022,0,260022,3457349.454,-0.659,-0.043,0.343,0.668,0,0,27,0,0,0,0,348,46,1.083,1,2262,0,178.243,22.891,-128.938,-123.063,-1.125,1.035,-0.406,2.137,10.523,20.328,-1.480,0.390,0.474,1.257,1.402,0,NULL,NULL,,3,0,2,7,255,1347,250,0,0
stim,229901,260022,0,260022,3457354.455,-0.661,-0.042,0.336,0.670,117,0,28,345,0,0,0,525,46,1.083,1,2262,0,185.087,22.359,-114.188,-145.250,11.000,0.090,-0.656,2.652,11.641,19.090,-0.332,0.318,0.348,1.257,1.402,0,NULL,NULL,,3,0,2,7,255,1347,250,0,0
stim,229929,260050,0,260050,3457359.454,-0.651,-0.027,0.332,0.682,873,0,10,1095,0,120,0,495,46,1.083,1,2262,0,498.208,16.706,58.875,-233.188,436.313,-1.238,1.000,4.605,9.973,13.402,7.703,0.304,0.262,1.257,1.402,0,NULL,NULL,,3,0,2,7,255,1347,250,0,0
stim,229929,260050,0,260050,3457364.455,-0.635,-0.031,0.311,0.707,1400,0,3,1595,0,421,0,569,46,1.083,1,2262,0,829.291,15.228,-577.125,-158.438,574.063,-1.520,3.816,2.977,9.285,12.070,34.605,0.336,0.260,1.257,1.402,0,NULL,NULL,,3,0,2,7,255,1347,250,0,0
stim,229929,260050,0,260050,3457369.454,-0.629,-0.044,0.287,0.721,1835,0,0,1901,0,589,0,627,46,1.083,1,2262,0,718.972,16.050,-683.938,-129.250,180.125,-2.852,2.309,-0.141,-16.047,0.313,34.605,0.368,0.276,1.257,1.402,0,NULL,NULL,,3,0,2,7,255,1347,250,0,0
stim,229929,260050,0,260050,3457374.455,-0.629,-0.051,0.271,0.727,2093,0,0,1997,0,751,0,695,46,1.083,1,2263,0,429.603,31.114,-412.500,-119.313,12.938,-2.441,1.742,-1.273,-16.047,-26.656,8.430,0.398,0.298,1.257,1.402,1,1318.000,-29.000,,3,0,2,7,255,1347,250,0,0
stim,229979,260100,0,260100,3457379.454,-0.634,-0.052,0.263,0.725,2247,0,0,2105,0,939,0,821,46,1.083,1,2263,0,217.973,30.386,-132.938,-128.563,-115.375,-0.414,1.637,0.023,-14.586,-26.656,-3.324,0.432,0.322,1.257,1.402,1,NULL,NULL,,3,0,2,7,255,1347,250,0,0
stim,229979,260100,0,260100,3457384.455,-0.636,-0.050,0.258,0.725,2377,0,0,2149,0,1116,0,905,46,1.083,1,2263,0,124.009,15.179,-47.125,-109.375,-34.563,0.754,1.133,1.328,-14.418,-4.746,-3.324,0.474,0.354,1.257,1.402,1,NULL,NULL,,3,0,2,7,255,1347,250,0,0
stim,229979,260100,0,260100,3457389.454,-0.633,-0.049,0.249,0.731,2464,0,0,2205,0,1259,0,995,46,1.083,1,2263,0,255.574,15.026,-170.188,-133.188,136.438,0.473,1.492,1.602,-11.633,9.512,1.695,0.506,0.380,1.257,1.402,1,NULL,NULL,,3,0,2,7,255,1347,250,0,0
stim,229979,260100,0,260100,3457394.455,-0.628,-0.050,0.238,0.740,2583,0,0,2331,0,1353,0,1055,46,1.083,1,2263,0,343.124,13.353,-256.625,-133.125,184.813,-0.590,1.363,1.223,-9.371,9.512,6.219,0.510,0.390,1.257,1.402,2,NULL,NULL,,3,0,2,7,255,1347,250,0,0
stim,229979,260100,0,260100,3457399.454,-0.625,-0.053,0.225,0.746,2732,0,0,2547,0,1401,0,1095,46,1.083,1,2263,0,332.502,9.548,-289.250,-131.063,98.563,-1.125,0.453,0.781,-9.371,-1.832,6.219,0.490,0.384,1.257,1.402,2,NULL,NULL,,3,0,2,7,255,1347,250,0,0
stim,229979,260100,0,260100,3457404.455,-0.623,-0.055,0.212,0.751,2815,0,0,2687,0,1417,0,1193,46,1.083,1,2263,0,323.613,7.608,-275.813,-154.875,68.313,-1.523,-1.188,0.098,-0.672,-7.578,2.141,0.450,0.368,1.257,1.402,2,NULL,NULL,,3,0,2,7,255,1347,250,0,0
stim,229979,260100,0,260100,3457409.455,-0.623,-0.055,0.200,0.754,2903,0,0,2795,0,1439,0,1333,46,1.083,1,2263,0,295.598,16.663,-231.313,-181.063,33.000,-1.168,-1.863,-0.113,14.539,-8.141,-6.332,0.422,0.358,1.257,1.402,2,NULL,NULL,,3,0,2,7,255,1347,250,0,0
stim,229979,260100,0,260100,3457414.455,-0.626,-0.051,0.192,0.754,2955,0,0,2891,0,1479,0,1461,46,1.083,1,2263,0,204.288,16.663,-83.250,-178.813,-53.188,-0.441,-0.973,0.219,14.539,-8.141,-8.316,0.404,0.346,1.257,1.402,2,NULL,NULL,,3,0,2,7,255,1347,250,0,0
stim,229979,260100,0,260100,3457419.454,-0.629,-0.045,0.189,0.753,2995,0,0,2956,0,1499,0,1501,46,1.083,1,2263,0,173.436,10.501,31.375,-166.813,-35.625,0.422,-0.152,0.949,10.336,-1.855,-8.316,0.392,0.328,1.257,1.402,2,NULL,NULL,,3,0,2,7,255,1347,250,0,0
stim,229979,260100,0,260100,3457424.455,-0.630,-0.039,0.186,0.753,3027,0,0,3013,0,1519,0,1533,46,1.083,1,2263,0,155.559,7.656,54.688,-144.188,-20.438,0.395,-0.094,1.910,2.742,7.148,-2.699,0.380,0.304,1.257,1.402,2,NULL,NULL,,3,0,2,7,255,1347,250,0,0
stim,229979,260100,0,260100,3457429.454,-0.631,-0.036,0.181,0.753,3039,0,0,3059,0,1579,0,1560,46,1.083,1,2263,0,139.987,10.177,-54.500,-128.938,1.063,0.473,-0.410,2.352,2.742,9.801,6.348,0.362,0.272,1.257,1.402,2,NULL,NULL,,3,0,2,7,255,1347,250,0,0
stim,229979,260100,0,260100,3457434.455,-0.630,-0.038,0.171,0.757,3051,0,0,3097,0,1663,0,1587,46,1.083,1,2263,0,242.574,11.595,-205.188,-114.500,60.250,0.383,-0.598,1.703,6.195,9.801,6.348,0.336,0.246,1.257,1.402,2,NULL,NULL,,3,0,2,7,255,1347,250,0,0
stim,230017,260138,0,260138,3457439.454,-0.626,-0.040,0.160,0.762,3064,0,0,3129,0,1759,0,1623,46,1.083,1,2263,0,296.272,11.755,-249.250,-107.125,119.063,-0.023,-0.695,0.578,6.977,9.461,3.836,0.306,0.226,1.257,1.402,2,NULL,NULL,,3,0,2,7,255,1347,250,0,0
stim,230017,260138,0,260138,3457444.455,-0.622,-0.040,0.152,0.767,3091,0,0,3133,0,1877,0,1691,46,1.083,1,2263,0,241.755,7.651,-174.250,-113.813,123.000,-0.570,-0.738,0.223,7.211,2.559,-5.496,0.276,0.212,1.257,1.402,2,NULL,NULL,,3,0,2,7,255,1347,250,0,0
stim,230017,260138,0,260138,3457449.454,-0.620,-0.038,0.146,0.770,3093,0,0,3142,0,1956,0,1741,46,1.083,1,2263,0,157.271,7.952,-75.750,-119.813,68.125,-0.719,-0.344,0.547,7.211,-3.352,-5.496,0.252,0.198,1.257,1.402,2,NULL,NULL,,3,0,2,7,255,1347,250,0,0
stim,230017,260138,0,260138,3457454.455,-0.621,-0.035,0.142,0.770,3095,0,0,3176,0,2039,9,1773,46,1.083,1,2263,0,124.669,6.248,-36.813,-119.000,-5.125,-0.410,0.188,1.180,5.273,-3.352,-3.484,0.238,0.180,1.257,1.402,2,NULL,NULL,,3,0,2,7,255,1347,250,0,0
stim,230017,260138,0,260138,3457459.454,-0.622,-0.033,0.137,0.770,3094,0,0,3159,117,2147,19,1885,46,1.083,1,2263,0,130.802,1.247,-59.813,-114.250,-21.875,0.035,0.273,1.266,0.105,-1.242,2.457,0.226,0.164,1.257,1.402,2,NULL,NULL,,3,0,2,7,255,1347,250,0,0
stim,230017,260138,0,260138,3457464.455,-0.623,-0.032,0.130,0.771,3093,0,0,3173,377,2234,85,1997,46,1.083,1,2263,0,148.715,2.811,-101.313,-108.688,-6.250,0.008,-0.125,1.328,0.105,2.809,2.484,0.218,0.148,1.257,1.402,2,NULL,NULL,,3,0,2,7,255,1347,250,0,0
stim,230042,260164,0,260164,3457469.454,-0.623,-0.032,0.124,0.771,3097,0,0,3179,594,2277,155,2099,46,1.083,1,2263,0,137.785,3.970,-105.875,-87.938,-6.500,0.121,-0.250,1.441,2.164,3.328,2.629,0.214,0.138,1.257,1.402,2,NULL,NULL,,3,0,2,7,255,1347,250,0,0
stim,230042,260164,0,260164,3457474.455,-0.624,-0.033,0.120,0.771,3099,0,0,3176,887,2329,137,2173,46,1.083,1,2263,0,94.899,5.220,-76.063,-46.563,-32.438,0.328,-0.105,1.180,2.164,4.750,2.629,0.214,0.130,1.257,1.402,2,NULL,NULL,,3,0,2,7,255,1347,250,0,0
stim,230067,260188,0,260188,3457479.454,-0.625,-0.033,0.118,0.771,3109,0,0,3177,1069,2355,151,2231,46,1.083,1,2263,0,65.555,5.242,-48.313,-38.813,-21.375,0.383,0.398,1.121,1.008,5.145,0.660,0.222,0.120,1.257,1.402,2,NULL,NULL,,3,0,2,7,255,1347,250,0,0
stim,230067,260188,0,260188,3457484.455,-0.626,-0.033,0.116,0.771,3103,0,0,3223,1176,2375,155,2292,46,1.083,1,2263,0,49.641,6.373,-38.938,-24.938,-18.063,0.121,0.449,1.379,-3.762,5.145,0.660,0.236,0.106,1.257,1.402,2,NULL,NULL,,3,0,2,7,255,1347,250,0,0
stim,230067,260188,0,260188,3457489.454,-0.627,-0.035,0.112,0.770,3097,0,0,3177,1285,2399,165,2347,46,1.083,1,2263,0,99.387,4.888,-92.688,-22.188,-28.188,-0.316,-0.082,1.270,-3.762,3.121,2.848,0.256,0.090,1.257,1.402,2,NULL,NULL,,3,0,2,7,255,1347,250,0,0
stim,230067,260188,0,260188,3457494.455,-0.629,-0.038,0.108,0.769,3100,22,0,3191,1381,2417,201,2387,46,1.083,1,2263,0,117.852,2.068,-103.313,-20.000,-53.063,-0.242,-0.180,0.777,2.055,-0.230,2.848,0.276,0.076,1.257,1.402,2,NULL,NULL,,3,0,2,7,255,1347,250,0,0
stim,230067,260188,0,260188,3457499.454,-0.631,-0.039,0.105,0.768,3097,33,0,3179,1497,2429,215,2425,46,1.083,1,2263,0,89.831,2.068,-50.188,-18.188,-72.250,-0.078,-0.098,0.746,2.055,-0.230,-2.059,0.290,0.066,1.257,1.402,2,NULL,NULL,,3,0,2,7,255,1347,250,0,0
stim,230067,260188,0,260188,3457504.455,-0.633,-0.039,0.104,0.766,3102,57,0,3182,1567,2441,219,2447,46,1.083,1,2263,0,75.583,1.578,-19.063,-17.813,-70.938,0.086,0.016,1.055,1.297,0.898,-2.059,0.298,0.060,1.257,1.402,2,NULL,NULL,,3,0,2,7,255,1347,250,0,0
stim,230096,260217,0,260217,3457509.454,-0.635,-0.040,0.102,0.765,3095,61,0,3178,1628,2450,231,2483,46,1.083,1,2263,0,61.301,2.892,-35.875,-13.813,-47.750,0.078,-0.055,1.121,0.707,2.805,0.152,0.304,0.058,1.257,1.402,2,NULL,NULL,,3,0,2,7,255,1347,250,0,0
stim,230096,260217,0,260217,3457514.455,-0.636,-0.041,0.100,0.764,3093,99,0,3165,1673,2455,231,2494,46,1.083,1,2263,0,60.376,2.892,-52.563,-9.563,-28.125,-0.063,-0.145,0.957,0.707,2.805,0.152,0.312,0.052,1.257,1.402,2,NULL,NULL,,3,0,2,7,255,1347,250,0,0
stim,230096,260217,0,260217,3457519.454,-0.637,-0.042,0.098,0.764,3097,108,0,3181,1735,2473,235,2511,46,1.083,1,2263,0,55.471,1.659,-44.063,-8.438,-32.625,-0.242,-0.020,0.902,0.785,1.461,-0.613,0.320,0.046,1.257,1.402,2,NULL,NULL,,3,0,2,7,255,1347,250,0,0
stim,230096,260217,0,260217,3457524.455,-0.639,-0.043,0.097,0.762,3098,117,0,3189,1779,2476,235,2533,46,1.083,1,2263,0,65.598,0.957,-27.438,-5.688,-59.313,-0.238,0.195,0.988,0.785,-0.547,-0.613,0.326,0.042,1.257,1.402,2,NULL,NULL,,3,0,2,7,255,1347,250,0,0
stim,230096,260217,0,260217,3457529.454,-0.641,-0.043,0.095,0.760,3100,147,19,3183,1815,2483,233,2535,46,1.083,1,2263,0,79.194,1.095,-29.938,-5.313,-73.125,-0.070,0.129,1.105,-0.949,-0.547,0.223,0.332,0.036,1.257,1.402,2,NULL,NULL,,3,0,2,7,255,1347,250,0,0
stim,230096,260217,0,260217,3457534.455,-0.643,-0.045,0.094,0.759,3101,152,59,3188,1851,2489,235,2543,46,1.083,1,2263,0,68.809,1.539,-39.375,-3.625,-56.313,0.098,-0.086,1.066,-0.949,1.211,0.223,0.338,0.032,1.257,1.402,2,NULL,NULL,,3,0,2,7,255,1347,250,0,0
stim,230096,260217,0,260217,3457539.454,-0.644,-0.046,0.092,0.758,3100,173,67,3181,1865,2490,232,2543,46,1.083,1,2263,0,49.110,2.941,-38.188,-0.500,-30.875,0.094,-0.105,0.957,0.793,2.832,0.191,0.344,0.024,1.257,1.402,2,NULL,NULL,,3,0,2,7,255,1347,250,0,0
stim,230096,260217,0,260217,3457544.455,-0.644,-0.047,0.091,0.758,3100,185,139,3183,1896,2491,230,2547,46,1.083,1,2263,0,30.628,2.941,-27.875,0.313,-12.688,-0.027,-0.066,0.918,0.793,2.832,-0.832,0.350,0.016,1.257,1.402,2,NULL,NULL,,3,0,2,7,255,1347,250,0,0
stim,230096,260217,0,260217,3457549.454,-0.645,-0.047,0.090,0.758,3102,205,153,3195,1917,2505,231,2557,46,1.083,1,2263,0,20.725,1.777,-19.063,-0.375,-8.125,-0.148,-0.063,0.953,0.867,1.551,-0.832,0.356,0.008,1.257,1.402,2,NULL,NULL,,3,0,2,7,255,1347,250,0,0
stim,230096,260217,0,260217,3457554.455,-0.645,-0.048,0.090,0.757,3113,207,203,3188,1943,2507,223,2555,46,1.083,1,2263,0,18.634,0.876,-13.875,-0.188,-12.438,-0.180,0.008,1.004,0.750,0.453,-0.422,0.000,0.000,1.257,1.402,2,NULL,NULL,,3,0,2,7,255,1347,250,0,0
stim,230126,260247,0,260247,3457559.454,-0.646,-0.048,0.089,0.757,3103,215,232,3187,1956,2495,201,2553,46,1.083,1,2263,0,20.043,0.403,-12.313,0.313,-15.813,-0.152,0.102,1.043,0.254,0.313,0.188,0.000,0.000,1.257,1.402,2,NULL,NULL,,3,0,2,7,255,1347,250,0,0
stim,230126,260247,0,260247,3457564.455,-0.646,-0.048,0.089,0.757,3103,218,285,3181,1963,2504,165,2567,46,1.062,1,2263,1,20.636,0.784,-13.313,0.750,-15.750,-0.121,0.102,1.059,-0.719,0.313,0.547,0.000,0.000,1.223,1.385,2,NULL,NULL,,3,0,2,7,255,1347,250,0,0
stim,230126,260247,0,260247,3457569.455,-0.646,-0.049,0.088,0.756,3107,215,313,3192,1975,2507,157,2565,46,1.062,1,2263,1,21.101,0.958,-16.000,1.375,-13.688,-0.125,0.047,1.047,-0.719,0.633,0.547,0.004,0.004,1.223,1.385,2,NULL,NULL,,3,0,2,7,255,1347,250,0,0
stim,230126,260247,0,260247,3457574.454,-0.647,-0.049,0.088,0.756,3099,218,333,3203,1977,2501,151,2549,46,1.062,1,2263,1,19.261,0.707,-15.438,1.813,-11.375,-0.117,-0.012,0.988,-0.254,0.660,0.492,0.010,0.008,1.223,1.385,2,NULL,NULL,,3,0,2,7,255,1347,250,0,0
stim,230126,260247,0,260247,3457579.455,-0.647,-0.050,0.087,0.756,3103,211,349,3177,1981,2496,149,2548,46,1.062,1,2263,1,14.158,0.724,-11.750,1.813,-7.688,-0.133,-0.039,0.977,0.297,0.660,-0.090,0.014,0.012,1.223,1.385,2,NULL,NULL,,3,0,2,7,255,1347,250,0,0
stim,230126,260247,0,260247,3457584.453,-0.647,-0.050,0.087,0.756,3095,205,359,3183,1981,2495,148,2541,46,1.062,1,2263,1,11.098,0.725,-7.813,1.438,-7.750,-0.168,-0.020,0.969,0.422,0.590,-0.191,0.018,0.018,1.223,1.385,2,NULL,NULL,,3,0,2,7,255,1347,250,0,0
stim,230175,260296,0,260296,3457589.455,-0.648,-0.050,0.087,0.755,3091,200,367,3197,1981,2491,141,2539,46,1.062,1,2263,1,11.373,0.514,-4.063,1.125,-10.563,-0.156,0.008,0.977,0.422,0.293,-0.191,0.022,0.022,1.223,1.385,2,NULL,NULL,,3,0,2,7,255,1347,250,0,0
stim,230175,260296,0,260296,3457594.454,-0.648,-0.050,0.087,0.755,3087,199,382,3172,1995,2495,137,2541,46,1.062,1,2263,1,9.265,0.316,-1.875,0.438,-9.063,-0.125,0.016,0.996,0.117,0.293,-0.125,0.028,0.026,1.223,1.385,2,NULL,NULL,,3,0,2,7,255,1347,250,0,0
stim,230175,260296,0,260296,3457599.455,-0.648,-0.050,0.086,0.755,3096,197,409,3177,1995,2495,137,2543,46,1.062,1,2263,1,5.914,0.449,-2.688,0.438,-5.250,-0.141,0.031,1.012,0.016,0.449,-0.008,0.032,0.030,1.223,1.385,2,NULL,NULL,,3,0,2,7,255,1347,250,0,0
stim,230175,260296,0,260296,3457604.454,-0.648,-0.050,0.086,0.755,3080,197,409,3159,1997,2489,136,2537,46,1.062,1,2263,1,7.399,0.461,-4.875,0.188,-5.563,-0.172,0.043,1.000,-0.105,0.449,0.121,0.036,0.034,1.223,1.385,2,NULL,NULL,,3,0,2,7,255,1347,250,0,0
stim,230175,260296,0,260296,3457609.455,-0.648,-0.051,0.086,0.755,3070,197,415,3151,1993,2485,134,2535,46,1.062,1,2263,1,10.011,0.215,-5.188,0.000,-8.563,-0.168,0.004,0.980,-0.105,0.188,0.121,0.038,0.036,1.223,1.385,2,NULL,NULL,,3,0,2,7,255,1347,250,0,0
stim,230175,260296,0,260296,3457614.453,-0.649,-0.051,0.086,0.754,3075,185,425,3147,1993,2487,126,2535,46,1.062,1,2263,1,10.074,0.244,-4.875,-0.250,-8.813,-0.148,-0.059,0.969,0.156,0.188,-0.070,0.040,0.038,1.223,1.385,2,NULL,NULL,,3,0,2,7,255,1347,250,0,0
stim,230175,260296,0,260296,3457619.455,-0.649,-0.051,0.085,0.754,3076,190,437,3143,1992,2477,126,2530,46,1.062,1,2263,1,6.555,0.785,-2.563,-1.375,-5.875,-0.160,-0.074,0.938,0.734,0.277,-0.238,0.042,0.040,1.223,1.385,2,NULL,NULL,,3,0,2,7,255,1347,250,0,0
stim,230175,260296,0,260296,3457624.455,-0.649,-0.051,0.085,0.754,3055,191,463,3139,2001,2483,143,2540,46,1.062,1,2263,1,6.287,0.803,3.875,-3.438,-3.563,-0.191,-0.055,0.922,0.754,0.277,-0.504,0.044,0.042,1.223,1.385,2,NULL,NULL,,3,0,2,7,255,1347,250,0,0
stim,230193,260314,0,260314,3457629.455,-0.649,-0.050,0.086,0.754,3049,189,491,3128,2003,2487,149,2539,46,1.062,1,2263,1,12.263,0.760,9.750,-5.563,-4.938,-0.219,0.000,0.953,0.754,-0.094,-0.504,0.044,0.042,1.223,1.385,2,NULL,NULL,,3,0,2,7,255,1347,250,0,0
stim,230193,260314,0,260314,3457634.454,-0.650,-0.050,0.086,0.754,3038,183,508,3107,2009,2473,149,2535,46,1.062,1,2263,1,15.694,0.332,10.938,-7.000,-8.813,-0.203,0.031,0.988,0.273,-0.188,-0.227,0.044,0.040,1.223,1.385,2,NULL,NULL,,3,0,2,7,255,1347,250,0,0
stim,230193,260314,0,260314,3457639.455,-0.650,-0.049,0.086,0.753,3023,179,537,3093,2024,2470,149,2541,46,1.062,1,2263,1,15.475,0.189,10.063,-8.188,-8.438,-0.160,0.027,0.992,-0.027,-0.188,0.055,0.044,0.040,1.223,1.385,2,NULL,NULL,,3,0,2,7,255,1347,250,0,0
stim,230193,260314,0,260314,3457644.453,-0.650,-0.049,0.086,0.753,3016,175,556,3089,2040,2479,155,2551,46,1.062,1,2263,1,13.440,0.091,9.063,-9.500,-2.875,-0.168,0.055,0.988,-0.039,0.082,0.055,0.042,0.038,1.223,1.385,2,NULL,NULL,,3,0,2,7,255,1347,250,0,0
stim,230217,260338,0,260338,3457649.455,-0.650,-0.048,0.086,0.753,2999,179,597,3105,2053,2469,169,2549,46,1.062,1,2263,1,14.664,0.300,8.375,-11.375,-3.938,-0.242,0.137,1.000,-0.289,0.082,0.055,0.042,0.036,1.223,1.385,2,NULL,NULL,,3,0,2,7,255,1347,250,0,0
stim,230217,260338,0,260338,3457654.453,-0.651,-0.047,0.086,0.753,2981,179,663,3051,2080,2469,219,2567,46,1.062,1,2263,1,20.611,1.184,7.563,-12.250,-14.750,-0.242,0.141,1.027,-0.973,-0.676,0.305,0.040,0.032,1.223,1.385,2,NULL,NULL,,3,0,2,7,255,1347,250,0,0
stim,230217,260339,0,260339,3457659.455,-0.651,-0.047,0.086,0.752,2969,183,685,3032,2121,2473,248,2577,46,1.062,1,2263,1,21.815,1.223,3.250,-14.188,-16.250,-0.164,0.141,1.012,-1.020,-0.676,0.305,0.038,0.028,1.223,1.385,2,NULL,NULL,,3,0,2,7,255,1347,250,0,0
stim,230217,260339,0,260339,3457664.454,-0.652,-0.046,0.085,0.752,2950,189,745,3037,2168,2472,279,2596,46,1.062,1,2263,1,19.120,1.114,5.688,-16.188,-8.438,-0.152,0.176,1.000,-1.113,0.023,0.285,0.036,0.024,1.223,1.385,2,NULL,NULL,,3,0,2,7,255,1347,250,0,0
stim,230217,260339,0,260339,3457669.455,-0.652,-0.045,0.085,0.752,2933,199,785,3000,2212,2474,327,2610,46,1.062,1,2263,1,17.920,1.451,4.063,-16.625,-5.313,-0.156,0.215,1.090,-1.449,0.070,0.285,0.036,0.020,1.223,1.385,2,NULL,NULL,,3,0,2,7,255,1347,250,0,0
stim,230217,260339,0,260339,3457674.454,-0.652,-0.045,0.085,0.752,2917,203,859,2984,2257,2478,361,2631,46,1.062,1,2263,1,17.900,1.819,-7.000,-16.125,-3.375,-0.133,0.266,1.098,-1.816,0.102,1.043,0.036,0.016,1.223,1.385,2,NULL,NULL,,3,0,2,7,255,1347,250,0,0
stim,230278,260399,0,260399,3457679.455,-0.652,-0.044,0.084,0.752,2891,219,945,2985,2281,2479,407,2643,46,1.062,1,2263,1,20.624,2.221,-11.938,-15.563,-6.375,-0.152,0.254,1.027,-2.219,0.102,1.043,0.036,0.010,1.223,1.385,2,NULL,NULL,,3,0,2,7,255,1347,250,0,0
stim,230278,260399,0,260399,3457684.453,-0.653,-0.044,0.083,0.752,2871,229,1017,2956,2326,2495,425,2663,46,1.062,1,2263,1,21.573,2.225,-12.000,-15.125,-9.625,-0.145,0.133,1.008,-2.219,0.160,0.434,0.038,0.006,1.223,1.385,2,NULL,NULL,,3,0,2,7,255,1347,250,0,0
stim,230278,260399,0,260399,3457689.455,-0.653,-0.044,0.082,0.752,2856,255,1114,2939,2379,2499,493,2671,46,1.062,1,2263,1,21.771,1.046,-11.188,-14.813,-11.375,-0.152,0.094,0.980,-1.043,0.082,0.203,0.040,0.002,1.223,1.385,2,NULL,NULL,,3,0,2,7,255,1347,250,0,0
stim,230278,260399,0,260399,3457694.454,-0.654,-0.044,0.082,0.751,2837,253,1211,2923,2399,2501,572,2677,46,1.062,1,2263,1,23.021,0.798,-8.313,-14.313,-16.000,-0.148,0.105,0.977,-0.793,0.090,-0.051,0.044,0.006,1.223,1.385,2,NULL,NULL,,3,0,2,7,255,1347,250,0,0
stim,230278,260399,0,260399,3457699.455,-0.654,-0.043,0.081,0.751,2805,251,1276,2908,2439,2491,672,2695,46,1.062,1,2263,1,25.190,0.693,-6.750,-13.375,-20.250,-0.121,0.082,0.996,-0.688,0.090,-0.051,0.046,0.008,1.223,1.385,2,NULL,NULL,,3,0,2,7,255,1347,250,0,0
stim,230278,260399,0,260399,3457704.453,-0.655,-0.043,0.080,0.750,2782,249,1397,2909,2463,2495,777,2705,46,1.062,1,2263,1,25.806,0.732,-9.125,-12.438,-20.688,-0.121,0.055,1.008,-0.633,0.367,0.016,0.050,0.014,1.223,1.385,2,NULL,NULL,,3,0,2,7,255,1347,250,0,0
stim,230278,260399,0,260399,3457709.455,-0.656,-0.043,0.079,0.750,2751,267,1481,2889,2491,2495,857,2710,46,1.062,1,2263,1,27.538,0.508,-12.688,-11.625,-21.500,-0.141,0.047,1.004,-0.352,0.367,0.137,0.052,0.018,1.223,1.385,2,NULL,NULL,,3,0,2,7,255,1347,250,0,0
stim,230278,260399,0,260399,3457714.453,-0.656,-0.043,0.078,0.749,2741,269,1578,2879,2521,2507,969,2718,46,1.062,1,2263,1,32.214,0.356,-15.938,-10.688,-25.875,-0.156,0.012,1.000,-0.258,0.246,0.137,0.056,0.022,1.223,1.385,2,NULL,NULL,,3,0,2,7,255,1347,250,0,0
stim,230278,260399,0,260399,3457719.455,-0.657,-0.044,0.077,0.748,2703,271,1689,2855,2486,2494,1069,2728,46,1.062,1,2263,1,36.818,0.209,-19.438,-10.188,-29.563,-0.148,-0.043,0.984,0.074,0.195,0.090,0.058,0.024,1.223,1.385,2,NULL,NULL,,3,0,2,7,255,1347,250,0,0
stim,230278,260399,0,260399,3457724.454,-0.658,-0.044,0.076,0.748,2677,309,1797,2842,2577,2511,1139,2739,46,1.062,1,2263,1,38.901,0.592,-21.688,-10.250,-30.625,-0.145,-0.074,0.957,0.559,0.195,-0.082,0.058,0.026,1.223,1.385,2,NULL,NULL,,3,0,2,7,255,1347,250,0,0
stim,230278,260399,0,260399,3457729.455,-0.659,-0.044,0.075,0.747,2645,325,1863,2823,2599,2509,1229,2747,46,1.062,1,2263,1,37.988,0.858,-20.500,-11.250,-29.938,-0.156,-0.090,0.938,0.836,0.195,-0.355,0.058,0.028,1.223,1.385,2,NULL,NULL,,3,0,2,7,255,1347,250,0,0
stim,230278,260399,0,260399,3457734.454,-0.660,-0.045,0.074,0.746,2616,339,1947,2808,2619,2516,1321,2761,46,1.062,1,2263,1,36.517,0.877,-17.625,-12.500,-29.438,-0.160,-0.078,0.949,0.871,0.105,-0.383,0.058,0.028,1.223,1.385,2,NULL,NULL,,3,0,2,7,255,1347,250,0,0
stim,230308,260429,0,260429,3457739.455,-0.661,-0.045,0.073,0.745,2573,347,2027,2810,2635,2515,1433,2773,46,1.062,1,2263,1,37.548,0.872,-16.813,-13.188,-30.875,-0.160,-0.039,0.973,0.871,0.035,-0.383,0.056,0.026,1.223,1.385,2,NULL,NULL,,3,0,2,7,255,1347,250,0,0
stim,230308,260429,0,260429,3457744.453,-0.662,-0.045,0.072,0.744,2525,361,2117,2771,2665,2521,1541,2782,46,1.062,1,2263,1,39.618,0.482,-16.563,-13.313,-33.438,-0.152,-0.020,0.980,0.480,0.035,-0.160,0.056,0.026,1.223,1.385,2,NULL,NULL,,3,0,2,7,255,1347,250,0,0
stim,230308,260429,0,260429,3457749.455,-0.663,-0.045,0.071,0.743,2485,379,2180,2748,2695,2521,1621,2792,46,1.062,1,2263,1,39.222,0.271,-17.563,-14.625,-31.875,-0.133,-0.023,0.984,0.258,0.082,-0.086,0.054,0.024,1.223,1.385,2,NULL,NULL,,3,0,2,7,255,1347,250,0,0
stim,230308,260429,0,260429,3457754.454,-0.664,-0.045,0.069,0.743,2444,401,2249,2747,2706,2523,1687,2799,46,1.062,1,2263,1,36.242,0.356,-17.313,-14.688,-28.250,-0.098,-0.063,0.992,0.258,0.246,-0.082,0.054,0.022,1.223,1.385,2,NULL,NULL,,3,0,2,7,255,1347,250,0,0
stim,230308,260429,0,260429,3457759.455,-0.665,-0.045,0.068,0.742,2405,424,2300,2701,2718,2525,1767,2808,46,1.062,1,2263,1,32.815,0.415,-18.563,-14.750,-22.688,-0.125,-0.023,1.000,0.238,0.340,-0.074,0.052,0.020,1.223,1.385,2,NULL,NULL,,3,0,2,7,255,1347,250,0,0
stim,230308,260429,0,260429,3457764.453,-0.666,-0.045,0.067,0.742,2359,439,2359,2671,2745,2527,1847,2823,46,1.062,1,2263,1,36.714,0.386,-20.375,-14.625,-26.813,-0.176,0.023,1.027,0.184,0.340,0.051,0.052,0.018,1.223,1.385,2,NULL,NULL,,3,0,2,7,255,1347,250,0,0
stim,230339,260460,0,260460,3457769.455,-0.667,-0.046,0.066,0.741,2295,435,2408,2649,2749,2525,1915,2831,46,1.062,1,2263,1,50.803,0.287,-26.938,-15.500,-40.188,-0.223,0.047,1.063,-0.227,-0.176,0.395,0.052,0.018,1.223,1.385,2,NULL,NULL,,3,0,2,7,255,1347,250,0,0
stim,230339,260460,0,260460,3457774.454,-0.669,-0.047,0.064,0.739,2244,444,2461,2617,2775,2536,1997,2846,46,1.062,1,2263,1,71.438,0.506,-38.125,-15.563,-58.375,-0.184,0.043,1.070,-0.438,-0.254,0.832,0.054,0.018,1.223,1.385,2,NULL,NULL,,3,0,2,7,255,1347,250,0,0
stim,230369,260490,0,260490,3457779.455,-0.671,-0.047,0.062,0.737,2163,453,2507,2569,2783,2539,2059,2847,46,1.062,1,2263,1,75.951,0.506,-44.000,-14.750,-60.125,-0.047,0.016,1.008,-0.438,-0.254,0.832,0.054,0.018,1.223,1.385,2,NULL,NULL,,3,0,2,7,255,1347,250,0,0
stim,230369,260490,0,260490,3457784.454,-0.672,-0.048,0.060,0.736,2115,459,2536,2537,2795,2527,2108,2856,46,1.062,1,2263,1,60.322,1.043,-37.813,-14.750,-44.625,-0.004,-0.004,0.926,-0.355,0.980,0.020,0.056,0.020,1.223,1.385,2,NULL,NULL,,3,0,2,7,255,1347,250,0,0
stim,230369,260490,0,260490,3457789.455,-0.673,-0.048,0.058,0.736,2041,458,2577,2485,2810,2531,2159,2869,46,1.062,1,2263,1,40.995,1.056,-26.125,-14.750,-27.938,-0.035,-0.043,0.949,-0.246,1.027,-0.578,0.056,0.020,1.223,1.385,2,NULL,NULL,,3,0,2,7,255,1347,250,0,0
stim,230369,260490,0,260490,3457794.454,-0.674,-0.048,0.057,0.735,1963,457,2605,2449,2835,2531,2221,2875,46,1.062,1,2263,1,32.305,1.037,-20.625,-14.688,-20.063,-0.102,-0.063,1.016,0.145,1.027,-0.578,0.058,0.022,1.223,1.385,2,NULL,NULL,,3,0,2,7,255,1347,250,0,0
stim,230369,260490,0,260490,3457799.455,-0.675,-0.049,0.056,0.735,1890,457,2636,2385,2841,2531,2261,2875,46,1.062,1,2263,1,34.700,0.502,-22.938,-14.688,-21.500,-0.160,-0.012,1.035,0.145,0.480,0.176,0.062,0.022,1.223,1.385,2,NULL,NULL,,3,0,2,7,255,1347,250,0,0
stim,230369,260490,0,260490,3457804.454,-0.676,-0.049,0.055,0.734,1808,458,2663,2332,2857,2524,2297,2897,46,1.062,1,2263,1,43.926,0.170,-26.000,-14.188,-32.438,-0.168,0.047,1.027,-0.133,-0.105,0.379,0.064,0.022,1.223,1.385,2,NULL,NULL,,3,0,2,7,255,1347,250,0,0
stim,230396,260517,0,260517,3457809.455,-0.677,-0.049,0.053,0.733,1701,441,2684,2269,2859,2521,2328,2889,46,1.062,1,2263,1,47.907,0.435,-27.125,-14.125,-36.875,-0.094,0.012,1.000,-0.422,-0.105,0.379,0.066,0.024,1.223,1.385,2,NULL,NULL,,3,0,2,7,255,1347,250,0,0
stim,230396,260517,0,260517,3457814.454,-0.678,-0.050,0.052,0.732,1599,435,2711,2207,2869,2519,2358,2894,46,1.062,1,2263,1,44.943,0.605,-28.313,-13.938,-32.000,-0.070,-0.070,1.008,-0.422,0.434,0.066,0.068,0.024,1.223,1.385,2,NULL,NULL,,3,0,2,7,255,1347,250,0,0
stim,230396,260517,0,260517,3457819.455,-0.678,-0.050,0.050,0.731,1478,407,2730,2123,2875,2518,2392,2901,46,1.062,1,2263,1,41.812,0.540,-29.688,-14.500,-25.625,-0.098,-0.082,1.004,0.305,0.445,0.066,0.068,0.024,1.223,1.385,2,NULL,NULL,,3,0,2,7,255,1347,250,0,0
stim,230396,260517,0,260517,3457824.454,-0.679,-0.051,0.049,0.731,1339,378,2749,2028,2887,2515,2425,2905,46,1.062,1,2263,1,42.901,0.540,-31.188,-14.750,-25.500,-0.133,-0.055,1.008,0.305,0.445,0.070,0.068,0.024,1.223,1.385,2,NULL,NULL,,3,0,2,7,255,1347,250,0,0
stim,230396,260517,0,260517,3457829.455,-0.680,-0.051,0.047,0.730,1224,359,2773,1949,2894,2509,2458,2909,46,1.062,1,2263,1,44.479,0.178,-30.625,-14.750,-28.688,-0.133,-0.020,0.984,0.172,0.047,0.070,0.068,0.024,1.223,1.385,2,NULL,NULL,,3,0,2,7,255,1347,250,0,0
stim,230396,260517,0,260517,3457834.454,-0.681,-0.051,0.046,0.729,1139,357,2790,1839,2903,2505,2487,2914,46,1.062,1,2263,1,45.718,0.216,-28.500,-14.750,-32.563,-0.117,-0.004,0.980,-0.211,0.047,-0.070,0.068,0.022,1.223,1.385,2,NULL,NULL,,3,0,2,7,255,1347,250,0,0
stim,230396,260517,0,260517,3457839.455,-0.682,-0.052,0.044,0.728,1011,313,2803,1739,2848,2504,2511,2916,46,1.062,1,2263,1,42.899,0.243,-23.875,-15.438,-32.125,-0.090,-0.027,0.969,-0.211,0.121,-0.125,0.068,0.022,1.223,1.385,2,NULL,NULL,,3,0,2,7,255,1347,250,0,0
stim,230396,260517,0,260517,3457844.453,-0.683,-0.052,0.043,0.727,921,298,2816,1642,2919,2491,2535,2920,46,1.062,1,2263,1,37.839,0.420,-19.375,-15.625,-28.500,-0.086,-0.063,0.988,-0.203,0.367,-0.125,0.070,0.022,1.223,1.385,2,NULL,NULL,,3,0,2,7,255,1347,250,0,0
stim,230396,260517,0,260517,3457849.455,-0.684,-0.052,0.042,0.727,776,275,2835,1519,2927,2487,2551,2924,46,1.062,1,2263,1,35.536,0.381,-18.188,-16.000,-26.000,-0.109,-0.066,1.008,0.102,0.367,-0.090,0.070,0.020,1.223,1.385,2,NULL,NULL,,3,0,2,7,255,1347,250,0,0
stim,230396,260517,0,260517,3457854.453,-0.685,-0.052,0.041,0.726,666,249,2851,1377,2935,2477,2573,2926,46,1.062,1,2263,1,36.479,0.245,-17.813,-16.250,-27.375,-0.105,-0.047,1.004,0.102,0.223,0.102,0.072,0.020,1.223,1.385,2,NULL,NULL,,3,0,2,7,255,1347,250,0,0
stim,230426,260547,0,260547,3457859.455,-0.685,-0.052,0.040,0.725,537,209,2860,1230,2941,2469,2591,2932,46,1.062,1,2263,1,36.083,0.229,-17.438,-17.000,-26.625,-0.109,-0.035,1.016,-0.078,0.215,0.148,0.072,0.020,1.223,1.385,2,NULL,NULL,,3,0,2,7,255,1347,250,0,0
stim,230426,260547,0,260547,3457864.454,-0.686,-0.052,0.038,0.725,428,181,2872,1095,2950,2461,2608,2933,46,1.062,1,2263,1,37.733,0.272,-18.563,-17.875,-27.563,-0.117,-0.027,1.027,-0.207,0.176,0.215,0.072,0.020,1.223,1.385,2,NULL,NULL,,3,0,2,7,255,1347,250,0,0
stim,230426,260547,0,260547,3457869.455,-0.687,-0.052,0.037,0.724,315,159,2879,939,2956,2453,2627,2936,46,1.062,1,2263,1,37.476,0.345,-16.688,-17.813,-28.438,-0.090,-0.020,0.988,-0.297,0.176,0.215,0.074,0.022,1.223,1.385,2,NULL,NULL,,3,0,2,7,255,1347,250,0,0
stim,230426,260547,0,260547,3457874.454,-0.688,-0.051,0.036,0.723,235,149,2891,755,2965,2440,2643,2940,46,1.062,1,2263,1,32.474,0.478,-10.063,-18.625,-24.625,-0.082,-0.012,0.973,-0.387,0.281,-0.090,0.076,0.022,1.223,1.385,2,NULL,NULL,,3,0,2,7,255,1347,250,0,0
stim,230426,260547,0,260547,3457879.455,-0.689,-0.051,0.035,0.722,121,88,2899,647,2971,2422,2661,2943,46,1.062,1,2263,1,30.317,0.488,-4.250,-19.438,-22.875,-0.113,-0.020,1.023,-0.398,0.281,-0.090,0.076,0.024,1.223,1.385,2,NULL,NULL,,3,0,2,7,255,1347,250,0,0
stim,230426,260547,0,260547,3457884.453,-0.689,-0.050,0.035,0.722,77,70,2907,463,2975,2408,2672,2951,46,1.062,1,2263,1,33.788,0.403,-7.250,-20.000,-26.250,-0.113,-0.027,1.055,-0.398,0.063,0.277,0.078,0.026,1.223,1.385,2,NULL,NULL,,3,0,2,7,255,1347,250,0,0
stim,230478,260599,0,260599,3457889.455,-0.690,-0.050,0.034,0.721,42,41,2913,286,2983,2393,2696,2951,46,1.062,1,2263,1,35.810,0.403,-9.250,-21.313,-27.250,-0.105,-0.023,1.039,-0.398,0.063,0.426,0.080,0.028,1.223,1.385,2,NULL,NULL,,3,0,2,7,255,1347,250,0,0
stim,230478,260599,0,260599,3457894.454,-0.691,-0.049,0.033,0.720,21,33,2923,155,2987,2375,2713,2955,46,1.062,1,2263,1,36.480,0.415,-8.188,-23.125,-27.000,-0.094,-0.004,1.023,-0.402,0.102,0.426,0.080,0.028,1.223,1.385,2,NULL,NULL,,3,0,2,7,255,1347,250,0,0
stim,230478,260599,0,260599,3457899.455,-0.692,-0.049,0.032,0.720,5,29,2932,125,2996,2350,2728,2959,46,1.062,1,2263,1,35.534,0.619,-4.313,-25.313,-24.563,-0.086,0.004,1.027,-0.594,0.176,0.270,0.084,0.030,1.223,1.385,2,NULL,NULL,,3,0,2,7,255,1347,250,0,0
stim,230478,260599,0,260599,3457904.453,-0.693,-0.048,0.031,0.719,0,22,2939,99,2999,2325,2743,2963,46,1.062,1,2263,1,36.806,0.691,-0.938,-27.563,-24.375,-0.105,0.020,1.031,-0.668,0.176,0.270,0.084,0.032,1.223,1.385,2,NULL,NULL,,3,0,2,7,255,1347,250,0,0
stim,230478,260599,0,260599,3457909.455,-0.693,-0.047,0.030,0.718,0,6,2951,77,3005,2293,2760,2965,46,1.062,1,2263,0,40.161,0.669,9.063,-31.375,-23.375,-0.219,-0.035,1.078,-0.668,0.039,0.324,0.084,0.036,1.223,1.385,3,NULL,NULL,,3,0,2,7,255,1347,250,0,0
stim,230478,260599,0,260599,3457914.453,-0.694,-0.045,0.029,0.718,0,0,2957,46,3013,2267,2775,2968,46,1.062,1,2263,0,47.581,1.065,15.563,-36.188,-26.688,-0.277,-0.121,1.176,-0.281,-1.027,0.938,0.080,0.040,1.223,1.385,3,NULL,NULL,,3,0,2,7,255,1347,250,0,0
stim,230478,260599,0,260599,3457919.455,-0.695,-0.043,0.029,0.717,0,0,2962,28,3019,2251,2789,2969,46,1.062,1,2263,0,56.899,1.603,17.813,-40.688,-35.563,-0.285,-0.172,1.262,0.543,-1.508,1.984,0.076,0.046,1.223,1.385,3,NULL,NULL,,3,0,2,7,255,1347,250,0,0
stim,230478,260599,0,260599,3457924.454,-0.697,-0.041,0.028,0.716,0,0,2966,21,3022,2231,2806,2971,46,1.062,1,2263,0,59.940,1.603,20.188,-45.875,-32.875,-0.184,-0.086,1.352,0.543,-1.508,2.824,0.072,0.052,1.223,1.385,3,NULL,NULL,,3,0,2,7,255,1347,250,0,0
stim,230478,260599,0,260599,3457929.455,-0.697,-0.040,0.026,0.715,0,0,2969,0,3030,2204,2823,2972,46,1.062,1,2263,0,52.604,0.540,-7.125,-49.563,-16.125,-0.020,0.027,1.258,0.117,-0.527,2.824,0.068,0.056,1.223,1.385,3,NULL,NULL,,3,0,2,7,255,1347,250,0,0
stim,230478,260599,0,260599,3457934.454,-0.697,-0.039,0.024,0.715,0,0,2974,0,3034,2163,2835,2971,46,1.062,1,2263,0,56.656,0.684,-29.625,-48.000,-5.313,-0.027,-0.027,1.043,-0.359,0.582,2.457,0.066,0.060,1.223,1.385,3,NULL,NULL,,3,0,2,7,255,1347,250,0,0
stim,230512,260633,0,260633,3457939.455,-0.697,-0.038,0.022,0.716,0,0,2979,0,3037,2125,2843,2973,46,1.062,1,2263,0,55.134,0.684,-15.938,-51.813,10.063,-0.121,-0.102,0.941,-0.359,0.582,0.398,0.062,0.064,1.223,1.385,3,NULL,NULL,,3,0,2,7,255,1347,250,0,0
stim,230512,260633,0,260633,3457944.454,-0.696,-0.037,0.020,0.716,0,0,2979,0,3045,2083,2853,2974,46,1.062,1,2263,0,56.715,0.586,4.688,-55.313,11.625,-0.199,-0.180,0.965,0.414,-0.414,-0.141,0.058,0.068,1.223,1.385,3,NULL,NULL,,3,0,2,7,255,1347,250,0,0
stim,230512,260633,0,260633,3457949.455,-0.696,-0.035,0.019,0.717,0,0,2981,0,3047,2022,2861,2975,46,1.062,1,2263,0,59.243,1.679,13.750,-57.625,-0.063,-0.203,-0.223,1.023,1.184,-1.191,-0.141,0.050,0.074,1.223,1.385,3,NULL,NULL,,3,0,2,7,255,1347,250,0,0
stim,230512,260633,0,260633,3457954.454,-0.697,-0.032,0.017,0.716,0,0,2981,0,3051,1957,2871,2976,46,1.062,1,2263,0,62.157,1.696,15.563,-59.500,-9.000,-0.148,-0.184,1.059,1.207,-1.191,0.426,0.044,0.080,1.223,1.385,3,NULL,NULL,,3,0,2,7,255,1347,250,0,0
stim,230512,260633,0,260633,3457959.455,-0.697,-0.030,0.016,0.716,0,0,2979,0,3054,1901,2885,2976,46,1.062,1,2263,0,63.774,1.409,16.500,-61.438,-4.500,-0.063,-0.141,1.082,1.207,-0.727,0.715,0.038,0.086,1.223,1.385,3,NULL,NULL,,3,0,2,7,255,1347,250,0,0
stim,230512,260633,0,260633,3457964.453,-0.697,-0.028,0.014,0.717,0,0,2980,0,3059,1827,2895,2976,46,1.062,1,2263,0,64.896,0.758,14.813,-62.938,5.563,-0.059,-0.133,1.090,0.758,0.023,0.871,0.034,0.092,1.223,1.385,3,NULL,NULL,,3,0,2,7,255,1347,250,0,0
stim,230531,260652,0,260652,3457969.455,-0.696,-0.025,0.013,0.717,0,0,2977,0,3061,1767,2904,2973,46,1.062,1,2263,0,67.072,0.688,10.500,-64.625,14.563,-0.082,-0.074,1.125,0.688,0.023,0.918,0.028,0.098,1.223,1.385,3,NULL,NULL,,3,0,2,7,255,1347,250,0,0
stim,230531,260652,0,260652,3457974.454,-0.696,-0.023,0.011,0.718,0,0,2973,0,3063,1682,2911,2973,46,1.062,1,2263,0,68.604,0.250,7.438,-66.875,13.375,-0.152,-0.012,1.070,0.098,-0.230,0.918,0.024,0.104,1.223,1.385,3,NULL,NULL,,3,0,2,7,255,1347,250,0,0
stim,230580,260701,0,260701,3457979.455,-0.696,-0.020,0.010,0.718,0,0,2969,0,3065,1587,2921,2971,46,1.062,1,2263,0,71.897,1.135,17.688,-69.688,-0.188,-0.184,0.043,1.020,-0.430,-1.051,0.730,0.020,0.112,1.223,1.385,3,NULL,NULL,,3,0,2,7,255,1347,250,0,0
stim,230580,260701,0,260701,3457984.454,-0.696,-0.017,0.008,0.718,0,0,2965,0,3069,1498,2931,2971,46,1.062,1,2263,0,77.356,1.135,27.313,-72.188,-5.188,-0.066,-0.047,1.066,-0.430,-1.051,0.672,0.016,0.118,1.223,1.385,3,NULL,NULL,,3,0,2,7,255,1347,250,0,0
stim,230580,260701,0,260701,3457989.455,-0.696,-0.014,0.007,0.718,0,0,2964,0,3087,1387,2951,2973,46,1.062,1,2263,0,76.190,0.343,23.188,-72.563,-1.375,-0.051,-0.152,1.215,-0.086,-0.332,0.672,0.012,0.122,1.223,1.385,3,NULL,NULL,,3,0,2,7,255,1347,250,0,0
stim,230580,260701,0,260701,3457994.454,-0.696,-0.012,0.005,0.718,0,0,2953,0,3091,1267,2943,2965,46,1.062,1,2263,0,75.399,0.343,4.688,-75.250,0.688,-0.086,0.039,1.156,-0.086,-0.332,1.500,0.012,0.128,1.223,1.385,3,NULL,NULL,,3,0,2,7,255,1347,250,0,0
stim,230580,260701,0,260701,3457999.455,-0.696,-0.009,0.003,0.718,0,0,2949,0,3078,1132,2965,2967,46,1.062,1,2263,0,77.383,0.505,4.063,-77.250,2.000,-0.063,-0.078,1.109,0.230,-0.449,1.500,0.016,0.134,1.223,1.385,3,NULL,NULL,,3,0,2,7,255,1347,250,0,0
stim,230580,260701,0,260701,3458004.454,-0.696,-0.007,0.001,0.718,0,0,2939,0,3081,989,2965,2965,46,1.062,1,2263,0,80.968,0.929,6.875,-80.438,6.188,-0.070,0.020,1.105,-0.680,-0.633,1.078,0.020,0.138,1.223,1.385,3,NULL,NULL,,3,0,2,7,255,1347,250,0,0
stim,230580,260701,0,260701,3458009.455,-0.695,-0.004,-0.002,0.719,0,0,2928,0,3081,839,2971,2953,46,1.062,1,2263,0,83.745,0.929,9.438,-83.188,2.000,-0.094,0.090,1.098,-0.680,-0.633,1.031,0.026,0.144,1.223,1.385,3,NULL,NULL,,3,0,2,7,255,1347,250,0,0
stim,230580,260701,0,260701,3458014.454,-0.695,-0.001,-0.003,0.719,0,0,2920,0,3093,668,2984,2950,46,1.062,1,2263,0,88.340,1.628,15.125,-87.000,-2.500,-0.078,0.133,1.129,-1.355,-0.902,1.031,0.034,0.148,1.223,1.385,3,NULL,NULL,,3,0,2,7,255,1347,250,0,0
stim,230580,260701,0,260701,3458019.455,-0.695,0.003,-0.005,0.719,0,0,2897,0,3035,601,2981,2931,46,1.062,1,2263,0,92.920,1.994,18.875,-90.938,-2.875,-0.070,0.133,1.211,-1.762,-0.934,1.211,0.042,0.152,1.223,1.385,3,NULL,NULL,,3,0,2,7,255,1347,250,0,0
stim,230580,260701,0,260701,3458024.454,-0.695,0.006,-0.008,0.719,0,0,2889,0,3093,496,2992,2923,46,1.062,1,2263,0,95.700,2.008,11.938,-94.938,-1.688,-0.074,0.156,1.277,-1.777,-0.934,1.988,0.050,0.158,1.223,1.385,3,NULL,NULL,,3,0,2,7,255,1347,250,0,0
stim,230580,260701,0,260701,3458029.455,-0.695,0.009,-0.011,0.719,0,0,2875,0,3095,358,2997,2919,46,1.062,1,2263,0,98.896,2.008,-1.938,-98.875,-0.625,-0.035,0.098,1.254,-1.777,-0.934,2.430,0.060,0.164,1.223,1.385,3,NULL,NULL,,3,0,2,7,255,1347,250,0,0
stim,230580,260701,0,260701,3458034.454,-0.695,0.012,-0.014,0.719,0,0,2861,0,3099,207,2997,2908,46,1.062,1,2263,0,103.760,1.635,-10.063,-103.063,6.563,-0.012,0.082,1.195,-1.434,-0.785,2.430,0.072,0.170,1.223,1.385,3,NULL,NULL,,3,0,2,7,255,1347,250,0,0
stim,230606,260727,0,260727,3458039.455,-0.694,0.015,-0.017,0.719,0,0,2840,0,3091,137,3003,2875,46,1.062,1,2263,0,108.141,1.635,-13.125,-106.875,10.000,-0.027,0.113,1.188,-1.434,-0.785,1.875,0.084,0.178,1.223,1.385,3,NULL,NULL,,3,0,2,7,255,1347,250,0,0
stim,230606,260727,0,260727,3458044.454,-0.694,0.019,-0.021,0.720,0,0,2828,0,3101,78,3007,2860,46,1.062,1,2263,0,113.555,1.816,-14.313,-111.875,13.188,-0.035,0.141,1.180,-1.574,-0.906,1.754,0.098,0.186,1.223,1.385,3,NULL,NULL,,3,0,2,7,255,1347,250,0,0
stim,230606,260727,0,260727,3458049.455,-0.693,0.022,-0.025,0.720,0,0,2797,0,3099,25,3015,2843,46,1.062,1,2263,0,118.561,2.129,-14.313,-116.750,14.875,-0.016,0.168,1.230,-1.836,-1.078,1.754,0.112,0.198,1.223,1.385,3,NULL,NULL,,3,0,2,7,255,1347,250,0,0
stim,230606,260727,0,260727,3458054.453,-0.692,0.025,-0.029,0.721,0,0,2773,0,3091,0,3019,2813,46,1.062,1,2263,0,123.392,2.387,-17.250,-120.875,17.813,-0.023,0.164,1.320,-2.117,-1.102,2.160,0.128,0.214,1.223,1.385,3,NULL,NULL,,3,0,2,7,255,1347,250,0,0
stim,230606,260727,0,260727,3458059.455,-0.691,0.028,-0.033,0.721,0,0,2735,0,3099,0,3033,2799,46,1.062,1,2263,0,131.472,2.510,-31.500,-125.438,23.625,-0.031,0.133,1.355,-2.117,-1.348,3.020,0.146,0.234,1.223,1.385,3,NULL,NULL,,3,0,2,7,255,1347,250,0,0
stim,230606,260727,0,260727,3458064.454,-0.690,0.031,-0.038,0.722,0,0,2709,0,3087,0,3029,2760,46,1.062,1,2263,0,138.032,2.458,-42.313,-128.938,25.250,-0.059,0.117,1.348,-1.871,-1.594,3.203,0.168,0.256,1.223,1.385,3,NULL,NULL,,3,0,2,7,255,1347,250,0,0
stim,230645,260766,0,260766,3458069.455,-0.689,0.034,-0.044,0.723,0,0,2669,0,3083,0,3030,2713,46,1.062,1,2263,0,143.044,2.644,-39.000,-134.875,27.375,-0.113,0.078,1.375,-1.738,-1.992,3.336,0.192,0.282,1.223,1.385,3,NULL,NULL,,3,0,2,7,255,1347,250,0,0
stim,230645,260766,0,260766,3458074.454,-0.688,0.037,-0.049,0.723,0,0,2634,0,3087,0,3037,2669,46,1.062,1,2263,0,149.184,3.001,-31.125,-142.875,29.563,-0.203,0.055,1.477,-1.367,-2.672,3.434,0.222,0.312,1.223,1.385,3,NULL,NULL,,3,0,2,7,255,1347,250,0,0
stim,230666,260787,0,260787,3458079.455,-0.686,0.041,-0.054,0.724,0,0,2595,0,3087,0,3045,2622,46,1.062,1,2263,0,158.255,4.069,-33.313,-152.313,27.125,-0.223,0.078,1.621,-1.367,-3.832,4.254,0.252,0.342,1.223,1.385,3,NULL,NULL,,3,0,2,7,255,1347,250,0,0
stim,230666,260787,0,260787,3458084.453,-0.685,0.045,-0.060,0.725,0,0,2537,0,3061,0,3032,2553,46,1.062,1,2263,0,169.425,4.624,-42.750,-161.938,25.563,-0.262,0.090,1.699,-1.473,-4.383,5.570,0.284,0.376,1.223,1.385,3,NULL,NULL,,3,0,2,7,255,1347,250,0,0
stim,230666,260787,0,260787,3458089.455,-0.684,0.048,-0.068,0.725,0,0,2489,0,3063,0,3041,2476,46,1.062,1,2263,0,185.508,5.366,-58.750,-173.875,27.000,-0.281,0.098,1.684,-1.652,-5.105,5.930,0.318,0.412,1.223,1.385,3,NULL,NULL,,3,0,2,7,255,1347,250,0,0
stim,230666,260787,0,260787,3458094.454,-0.682,0.052,-0.075,0.725,0,0,2425,0,3049,0,3033,2382,46,1.062,1,2263,0,200.348,5.831,-71.875,-185.375,24.688,-0.281,0.113,1.625,-1.773,-5.555,5.930,0.354,0.450,1.223,1.385,3,NULL,NULL,,3,0,2,7,255,1347,250,0,0
stim,230666,260787,0,260787,3458099.455,-0.681,0.056,-0.083,0.725,0,0,2376,0,3047,0,3033,2277,46,1.062,1,2263,0,211.133,6.006,-69.188,-198.438,20.313,-0.293,0.141,1.652,-1.941,-5.684,5.363,0.392,0.492,1.223,1.385,3,NULL,NULL,,3,0,2,7,255,1347,250,0,0
stim,230666,260787,0,260787,3458104.454,-0.679,0.060,-0.092,0.725,0,0,2295,0,3033,0,3027,2169,46,1.062,1,2263,0,227.063,6.557,-76.625,-212.563,22.438,-0.281,0.164,1.645,-2.320,-6.133,5.254,0.434,0.536,1.223,1.385,3,NULL,NULL,,3,0,2,7,255,1347,250,0,0
stim,230693,260814,0,260814,3458109.457,-0.678,0.065,-0.102,0.725,0,0,2211,0,3017,0,3007,2039,46,1.062,1,2263,0,241.449,6.764,-78.813,-227.250,21.063,-0.340,0.129,1.688,-2.348,-6.344,5.324,0.480,0.586,1.223,1.385,3,NULL,NULL,,3,0,2,7,255,1347,250,0,0
stim,230693,260814,0,260814,3458114.453,-0.676,0.070,-0.111,0.725,0,0,2121,0,2991,0,2991,1911,46,1.062,1,2263,0,257.310,7.676,-78.750,-244.125,20.250,-0.375,0.133,1.734,-2.453,-7.273,5.324,0.536,0.644,1.223,1.385,3,NULL,NULL,,3,0,2,7,255,1347,250,0,0
stim,230693,260814,0,260814,3458119.455,-0.674,0.076,-0.122,0.724,0,0,2043,0,2973,7,2981,1807,46,1.062,1,2263,0,274.504,8.416,-80.438,-262.000,15.438,-0.359,0.176,1.777,-2.453,-8.051,5.527,0.602,0.714,1.223,1.385,3,NULL,NULL,,3,0,2,7,255,1347,250,0,0
stim,230693,260814,0,260814,3458124.454,-0.672,0.082,-0.132,0.724,0,0,1961,0,2955,24,2947,1723,46,1.062,1,2263,0,290.452,8.924,-76.813,-279.625,16.500,-0.340,0.293,1.855,-2.984,-8.410,5.719,0.676,0.788,1.223,1.385,3,NULL,NULL,,3,0,2,7,255,1347,250,0,0
stim,230693,260814,1,260814,3458129.455,-0.670,0.089,-0.143,0.723,0,0,1871,0,2922,23,2920,1629,46,1.062,1,2263,0,304.125,9.871,-71.000,-295.250,16.688,-0.414,0.383,2.043,-4.281,-8.895,6.141,0.752,0.866,1.223,1.385,3,NULL,NULL,,3,1,2,7,255,1347,250,0,0
stim,230693,260814,1,260814,3458134.454,-0.667,0.097,-0.154,0.722,0,0,1799,0,2887,22,2855,1523,46,1.062,1,2263,0,319.053,11.898,-62.000,-312.688,13.313,-0.547,0.449,2.379,-5.332,-10.637,7.281,0.834,0.950,1.223,1.385,3,NULL,NULL,,3,1,2,7,255,1347,250,0,0
stim,230693,260814,1,260814,3458139.455,-0.665,0.105,-0.167,0.721,0,0,1736,0,2797,16,2797,1429,46,1.062,1,2263,0,341.167,14.900,-80.188,-331.563,5.563,-0.625,0.574,2.703,-6.230,-13.535,9.496,0.914,1.030,1.223,1.385,3,NULL,NULL,,3,1,2,7,255,1347,250,0,0
stim,230693,260814,1,260814,3458144.453,-0.663,0.112,-0.181,0.718,0,0,1627,0,2786,3,2713,1309,46,1.062,1,2263,0,372.289,17.657,-130.438,-348.563,-9.438,-0.551,0.664,2.637,-7.746,-15.867,10.535,0.990,1.110,1.223,1.385,3,NULL,NULL,,3,1,2,7,255,1347,250,0,0
stim,230711,260832,1,260832,3458149.455,-0.661,0.119,-0.196,0.714,0,0,1501,0,2727,0,2604,1225,46,1.062,1,2263,0,398.325,17.657,-165.063,-361.313,-29.500,-0.313,0.438,2.313,-7.746,-15.867,10.535,1.060,1.182,1.223,1.385,3,NULL,NULL,,3,1,2,7,255,1347,250,0,0
stim,230711,260832,1,260832,3458154.453,-0.659,0.126,-0.212,0.711,0,0,1349,0,2645,0,2459,1124,46,1.062,1,2263,0,399.314,14.553,-146.875,-370.813,-19.438,-0.211,0.188,2.145,-6.770,-12.883,8.410,1.122,1.248,1.223,1.385,3,NULL,NULL,,3,1,2,7,255,1347,250,0,0
stim,230711,260832,1,260832,3458159.457,-0.655,0.134,-0.227,0.708,0,0,1165,0,2537,0,2270,994,46,1.062,1,2263,0,407.197,13.618,-133.500,-384.563,9.938,-0.320,0.160,2.125,-4.414,-12.883,7.316,1.176,1.304,1.223,1.385,3,NULL,NULL,,3,1,2,7,255,1347,250,0,0
stim,230711,260832,1,260832,3458164.454,-0.651,0.142,-0.243,0.705,0,0,970,0,2415,0,2025,923,46,1.062,1,2263,0,422.760,13.832,-135.688,-399.875,20.375,-0.395,0.102,2.109,-4.172,-13.188,6.242,1.236,1.366,1.223,1.385,3,NULL,NULL,,3,1,2,7,255,1347,250,0,0
stim,230733,260854,1,260854,3458169.455,-0.647,0.151,-0.259,0.701,0,0,757,0,2247,0,1739,841,46,1.062,1,2263,0,439.515,13.686,-144.375,-414.938,12.500,-0.230,-0.164,1.801,-3.660,-13.188,5.309,1.300,1.434,1.223,1.385,3,NULL,NULL,,3,1,2,7,255,1347,250,0,0
stim,230733,260854,1,260854,3458174.454,-0.642,0.160,-0.275,0.698,0,0,539,0,2025,0,1341,740,46,1.062,1,2263,0,439.188,11.809,-118.938,-422.313,19.813,0.016,-0.375,1.148,-0.961,-11.770,3.645,1.374,1.510,1.223,1.385,3,NULL,NULL,,3,1,2,7,255,1347,250,0,0
stim,230733,260854,1,260854,3458179.455,-0.636,0.172,-0.287,0.696,0,0,348,0,1772,0,828,599,46,1.062,1,2263,0,428.850,6.757,-12.188,-428.438,14.313,0.172,-0.336,0.637,1.688,-6.543,-0.070,1.458,1.596,1.223,1.385,3,NULL,NULL,,3,1,2,7,255,1347,250,0,0
stim,230733,260854,1,260854,3458184.453,-0.629,0.188,-0.296,0.694,0,0,267,0,1483,0,303,488,46,1.062,1,2263,0,448.193,6.421,99.188,-437.000,8.375,0.422,-0.309,1.473,1.688,-6.195,-0.070,1.548,1.686,1.223,1.385,3,NULL,NULL,,3,1,2,7,255,1347,250,0,0
stim,230779,260900,1,260900,3458189.455,-0.620,0.204,-0.305,0.694,0,0,171,0,1127,0,73,408,46,1.062,1,2263,0,463.193,6.201,123.188,-443.625,50.688,0.375,-0.008,2.363,0.254,-6.195,4.207,1.638,1.778,1.223,1.385,3,NULL,NULL,,3,1,2,7,255,1347,250,0,0
stim,230779,260900,1,260900,3458194.454,-0.610,0.217,-0.317,0.694,0,0,109,0,723,0,0,298,46,1.062,1,2263,0,458.375,13.491,50.875,-441.875,110.750,-0.008,0.133,2.672,-3.477,-13.035,8.211,1.726,1.866,1.223,1.385,3,NULL,NULL,,3,1,2,7,255,1347,250,0,0
stim,230779,260900,1,260900,3458199.455,-0.599,0.226,-0.331,0.693,0,0,114,0,311,0,0,233,46,1.062,1,2263,0,471.186,19.019,-48.938,-442.438,154.500,-0.438,0.215,2.305,-3.926,-18.609,8.211,1.814,1.952,1.223,1.385,3,NULL,NULL,,3,1,2,7,255,1347,250,0,0
stim,230779,260900,1,260900,3458204.453,-0.587,0.235,-0.347,0.692,0,0,103,0,4,0,0,116,46,1.062,1,2263,0,486.746,19.019,-83.000,-448.313,170.438,-0.660,0.129,1.766,-3.926,-18.609,1.895,1.894,2.032,1.223,1.385,3,NULL,NULL,,3,1,2,7,255,1347,250,0,0
stim,230779,260900,1,260900,3458209.458,-0.576,0.242,-0.363,0.691,0,0,93,0,0,0,0,47,46,1.062,1,2263,0,489.752,17.878,-107.750,-439.688,186.875,-0.566,0.523,1.359,-3.926,-17.441,-3.727,1.968,2.106,1.223,1.385,4,NULL,NULL,,3,1,2,7,255,1347,250,0,0
stim,230779,260900,1,260900,3458214.453,-0.565,0.248,-0.379,0.689,0,0,77,0,0,0,0,14,46,1.062,1,2263,0,467.370,15.169,-131.250,-417.188,164.813,-0.613,1.141,1.137,-5.348,-14.195,-7.094,2.034,2.172,1.223,1.385,4,NULL,NULL,,3,1,2,7,255,1347,250,0,0
stim,230779,260900,1,260900,3458219.455,-0.556,0.254,-0.395,0.686,0,0,60,0,0,0,0,0,46,1.062,1,2263,0,437.663,17.236,-144.750,-391.813,130.688,-0.637,1.590,1.137,-10.766,-13.461,-10.879,2.092,2.232,1.223,1.385,0,NULL,NULL,,3,1,2,7,255,1347,250,0,0
stim,230779,260900,1,260900,3458224.454,-0.548,0.259,-0.410,0.682,0,0,77,0,0,0,0,1,46,1.062,1,2263,0,418.926,18.156,-171.188,-367.938,104.000,-0.770,1.332,1.289,-12.184,-13.461,-12.891,2.146,2.288,1.223,1.385,0,NULL,NULL,,3,1,2,7,255,1347,250,0,0
stim,230779,260900,1,260900,3458229.455,-0.541,0.262,-0.426,0.676,0,0,85,0,0,0,0,21,46,1.062,1,2263,0,426.308,18.683,-217.250,-355.250,91.313,-0.590,0.684,1.305,-12.184,-14.164,-12.891,2.192,2.334,1.223,1.385,0,NULL,NULL,,3,1,2,7,255,1347,250,0,0
stim,230779,260900,1,260900,3458234.454,-0.537,0.264,-0.441,0.669,0,0,77,0,0,0,0,29,46,1.062,1,2263,0,396.440,15.634,-250.563,-304.875,37.875,-0.293,0.016,1.203,-6.617,-14.164,-10.324,2.228,2.372,1.223,1.385,0,NULL,NULL,,3,1,2,7,255,1347,250,0,0
stim,230810,260931,1,260931,3458239.455,-0.534,0.266,-0.454,0.662,0,0,84,0,0,0,0,55,46,1.062,1,2263,0,346.026,11.831,-229.000,-258.875,16.625,-0.285,-0.320,1.148,-1.168,-11.773,-6.770,2.250,2.394,1.223,1.385,0,NULL,NULL,,3,1,2,7,255,1347,250,0,0
stim,230810,260931,1,260931,3458244.453,-0.531,0.266,-0.466,0.656,0,0,79,0,0,0,0,83,46,1.062,1,2263,0,316.219,11.824,-223.625,-221.688,29.000,-0.332,-0.063,1.484,-1.090,-11.773,-6.320,2.252,2.396,1.223,1.385,0,NULL,NULL,,3,1,2,7,255,1347,250,0,0
stim,230810,260931,1,260931,3458249.455,-0.530,0.264,-0.479,0.648,0,0,73,0,0,0,0,119,46,1.062,1,2263,0,349.231,14.525,-303.688,-171.000,22.250,-0.438,0.211,1.438,-1.090,-14.484,-6.320,2.246,2.390,1.223,1.385,0,NULL,NULL,,3,1,2,7,255,1347,250,0,0
stim,230810,260931,1,260931,3458254.454,-0.532,0.259,-0.491,0.640,0,0,71,0,0,0,0,121,46,1.062,1,2263,0,363.636,14.898,-347.938,-105.625,-3.750,-0.328,0.414,0.383,-3.484,-14.484,-8.656,2.232,2.378,1.223,1.385,0,NULL,NULL,,3,1,2,7,255,1347,250,0,0
stim,230810,260931,1,260931,3458259.455,-0.535,0.252,-0.501,0.632,0,0,73,0,0,0,0,116,46,1.062,1,2263,0,339.612,5.685,-337.750,-32.188,-15.000,-0.086,0.340,-0.320,-3.484,-4.492,-12.648,2.212,2.358,1.223,1.385,0,NULL,NULL,,3,1,2,7,255,1347,250,0,0
stim,230810,260931,1,260931,3458264.453,-0.539,0.245,-0.507,0.626,0,0,61,0,0,0,0,114,46,1.062,1,2263,0,263.562,3.479,-261.188,34.000,-9.500,-0.004,0.383,-0.898,-2.137,2.746,-12.930,2.190,2.336,1.223,1.385,0,NULL,NULL,,3,1,2,7,255,1347,250,0,0
stim,230831,260952,1,260952,3458269.455,-0.543,0.239,-0.509,0.623,0,0,59,0,0,0,0,111,46,1.062,1,2263,0,176.413,8.372,-151.063,90.500,-10.563,-0.039,0.371,-0.973,-1.148,8.293,-14.410,2.170,2.316,1.223,1.385,0,NULL,NULL,,3,1,2,7,255,1347,250,0,0
stim,230831,260952,1,260952,3458274.454,-0.547,0.235,-0.507,0.623,0,0,59,0,0,0,0,107,46,1.062,1,2263,0,148.205,8.314,-62.188,133.688,-15.000,-0.074,0.137,-0.668,-0.594,8.293,-14.410,2.152,2.300,1.223,1.385,0,NULL,NULL,,3,1,2,7,255,1347,250,0,0
stim,230879,261000,1,261000,3458279.455,-0.551,0.230,-0.504,0.624,0,0,57,0,0,0,0,103,46,1.062,1,2263,0,168.315,5.656,-19.375,167.188,-1.688,-0.023,-0.133,-0.418,0.813,5.598,-13.348,2.140,2.288,1.223,1.385,0,NULL,NULL,,3,1,2,7,255,1347,250,0,0
stim,230879,261000,1,261000,3458284.454,-0.555,0.224,-0.500,0.626,0,0,50,0,0,0,0,93,46,1.062,1,2263,0,189.862,3.978,-1.125,187.875,27.375,-0.094,-0.105,-0.395,2.277,3.262,-11.684,2.138,2.288,1.223,1.385,0,NULL,NULL,,3,1,2,7,255,1347,250,0,0
stim,230879,261000,1,261000,3458289.455,-0.558,0.218,-0.494,0.630,0,0,11,0,0,0,0,90,46,1.062,1,2263,0,210.739,3.589,29.063,202.938,48.813,-0.191,0.004,-0.441,2.277,2.773,-11.684,2.142,2.294,1.223,1.385,0,NULL,NULL,,3,1,2,7,255,1347,250,0,0
stim,230879,261000,1,261000,3458294.454,-0.560,0.213,-0.488,0.635,0,0,37,0,0,0,0,76,46,1.062,1,2263,0,230.834,3.222,73.125,210.688,59.563,-0.277,0.113,-0.438,1.711,2.730,-13.121,2.154,2.306,1.223,1.385,0,NULL,NULL,,3,1,2,7,255,1347,250,0,0
stim,230879,261000,1,261000,3458299.455,-0.562,0.209,-0.479,0.641,0,0,23,0,0,0,0,71,46,1.062,1,2263,0,254.225,2.569,116.688,217.063,62.438,-0.309,0.191,-0.285,0.988,2.371,-14.242,2.172,2.324,1.223,1.385,0,NULL,NULL,,3,1,2,7,255,1347,250,0,0
stim,230879,261000,1,261000,3458304.453,-0.564,0.205,-0.470,0.647,0,0,16,0,0,0,0,61,46,1.062,1,2263,0,274.794,0.960,144.938,223.188,68.500,-0.309,0.234,-0.090,-0.117,0.953,-14.242,2.200,2.354,1.223,1.385,0,NULL,NULL,,3,1,2,7,255,1347,250,0,0
stim,230879,261000,1,261000,3458309.455,-0.565,0.201,-0.461,0.654,0,0,18,0,0,0,0,50,46,1.062,1,2263,0,288.523,1.277,159.938,227.625,76.500,-0.387,0.297,0.098,-1.059,-0.715,-13.535,2.232,2.388,1.223,1.385,0,NULL,NULL,,3,1,2,7,255,1347,250,0,0
stim,230879,261000,1,261000,3458314.454,-0.566,0.197,-0.451,0.661,0,0,7,0,0,0,0,47,46,1.062,1,2263,0,299.238,3.102,170.875,232.688,78.750,-0.461,0.230,0.246,-1.563,-2.680,-13.457,2.270,2.428,1.223,1.385,0,NULL,NULL,,3,1,2,7,255,1347,250,0,0
stim,230879,261000,1,261000,3458319.455,-0.567,0.193,-0.440,0.669,0,0,4,0,0,0,0,37,46,1.062,1,2263,0,304.584,4.705,177.000,235.938,76.000,-0.539,0.207,0.387,-1.563,-4.438,-12.957,2.314,2.472,1.223,1.385,0,NULL,NULL,,3,1,2,7,255,1347,250,0,0
stim,230879,261000,1,261000,3458324.454,-0.569,0.189,-0.429,0.676,0,0,5,0,0,0,0,37,46,1.062,1,2263,0,308.428,6.317,183.813,238.750,65.875,-0.590,0.223,0.492,-1.563,-6.121,-12.609,2.364,2.526,1.223,1.385,0,NULL,NULL,,3,1,2,7,255,1347,250,0,0
stim,230879,261000,1,261000,3458329.455,-0.570,0.186,-0.418,0.682,0,0,9,0,0,0,0,37,46,1.062,1,2263,0,306.880,7.506,182.625,241.438,50.313,-0.598,0.262,0.688,-1.742,-7.301,-12.297,2.420,2.582,1.223,1.385,0,NULL,NULL,,3,1,2,7,255,1347,250,0,0
stim,230879,261000,1,261000,3458334.454,-0.573,0.182,-0.407,0.688,0,0,9,0,0,0,0,30,46,1.062,1,2263,0,300.330,9.256,168.063,246.563,34.063,-0.578,0.238,0.848,-2.535,-8.902,-11.230,2.476,2.638,1.223,1.385,0,NULL,NULL,,3,1,2,7,255,1347,250,0,0
stim,230909,261030,1,261030,3458339.455,-0.576,0.178,-0.397,0.693,0,0,17,0,0,0,0,36,46,1.062,1,2263,0,292.637,10.411,148.563,251.188,21.688,-0.590,0.211,1.008,-2.730,-10.047,-9.852,2.530,2.694,1.223,1.385,0,NULL,NULL,,3,1,2,7,255,1347,250,0,0
stim,230909,261030,1,261030,3458344.454,-0.579,0.173,-0.387,0.697,0,0,6,0,0,0,0,33,46,1.062,1,2263,0,283.693,11.661,121.313,256.375,6.063,-0.617,0.203,1.133,-2.797,-11.320,-8.590,2.584,2.748,1.223,1.385,0,NULL,NULL,,3,1,2,7,255,1347,250,0,0
stim,230909,261030,1,261030,3458349.455,-0.584,0.168,-0.377,0.699,0,0,6,0,0,0,0,29,46,1.062,1,2263,0,277.839,12.697,89.500,262.438,-17.625,-0.613,0.191,1.176,-2.910,-12.359,-7.703,2.632,2.798,1.223,1.385,0,NULL,NULL,,3,1,2,7,255,1347,250,0,0
stim,230909,261030,1,261030,3458354.453,-0.589,0.162,-0.368,0.701,0,0,5,0,0,0,0,40,46,1.062,1,2263,0,279.662,12.705,59.438,269.938,-42.563,-0.555,0.172,1.148,-2.945,-12.359,-7.063,2.676,2.846,1.223,1.385,0,NULL,NULL,,3,1,2,7,255,1347,250,0,0
stim,230909,261030,1,261030,3458359.455,-0.595,0.156,-0.359,0.702,0,0,9,0,0,0,0,51,46,1.062,1,2263,0,286.859,12.242,36.625,277.688,-61.938,-0.484,0.133,1.098,-2.945,-11.883,-6.469,2.718,2.888,1.223,1.385,0,NULL,NULL,,3,1,2,7,255,1347,250,0,0
stim,230909,261030,1,261030,3458364.453,-0.602,0.149,-0.351,0.702,0,0,8,0,0,0,0,46,46,1.062,1,2263,0,296.585,11.245,21.813,286.375,-74.000,-0.395,0.090,1.027,-2.723,-10.910,-5.969,2.754,2.924,1.223,1.385,0,NULL,NULL,,3,1,2,7,255,1347,250,0,0
stim,230945,261066,1,261066,3458369.455,-0.609,0.142,-0.342,0.701,0,0,8,0,0,0,0,59,46,1.062,1,2263,0,306.891,10.040,9.688,293.938,-87.688,-0.367,0.105,0.984,-2.664,-9.680,-5.492,2.780,2.952,1.223,1.385,0,NULL,NULL,,3,1,2,7,255,1347,250,0,0
stim,230945,261066,1,261066,3458374.454,-0.617,0.134,-0.333,0.700,0,0,9,0,0,0,0,77,46,1.062,1,2263,0,322.858,9.422,0.500,304.125,-108.375,-0.164,0.051,0.816,-2.465,-9.094,-5.469,2.802,2.974,1.223,1.385,0,NULL,NULL,,3,1,2,7,255,1347,250,0,0
stim,230966,261087,0,261087,3458379.455,-0.625,0.127,-0.324,0.698,0,0,12,0,0,0,0,104,46,1.062,1,2263,0,330.759,6.726,4.813,311.563,-110.938,-0.023,-0.023,0.629,-2.246,-6.340,-5.254,2.820,2.992,1.223,1.385,0,NULL,NULL,,3,0,2,7,255,1342,250,0,0
stim,230966,261087,0,261087,3458384.453,-0.633,0.120,-0.314,0.698,0,0,9,0,0,0,0,117,46,1.062,1,2263,0,332.869,4.359,29.500,316.938,-97.375,0.086,0.023,0.512,-1.750,-3.992,-5.254,2.834,3.008,1.223,1.385,0,NULL,NULL,,3,0,2,7,255,1342,250,0,0
stim,230966,261087,0,261087,3458389.455,-0.640,0.113,-0.303,0.697,0,0,7,0,0,0,0,121,46,1.062,1,2263,0,336.726,2.925,58.188,320.500,-85.313,0.105,0.086,0.531,-1.750,-2.344,-5.445,2.846,3.020,1.223,1.385,0,NULL,NULL,,3,0,2,7,255,1342,250,0,0
stim,230966,261087,0,261087,3458394.454,-0.646,0.107,-0.291,0.697,0,0,7,0,0,0,0,121,46,1.062,1,2263,0,342.780,3.365,79.188,322.313,-85.688,0.063,0.086,0.590,-2.414,-2.344,-5.445,2.858,3.032,1.223,1.385,0,NULL,NULL,,3,0,2,7,255,1342,250,0,0
stim,230966,261087,0,261087,3458399.455,-0.653,0.101,-0.279,0.697,0,0,7,0,0,0,0,121,46,1.062,1,2263,0,348.769,3.211,97.688,324.438,-82.688,0.203,0.016,0.570,-2.414,-2.117,-5.121,2.872,3.046,1.223,1.385,0,NULL,NULL,,3,0,2,7,255,1342,250,0,0
stim,230966,261087,0,261087,3458404.454,-0.658,0.096,-0.265,0.698,0,0,6,0,0,0,0,123,46,1.062,1,2263,0,354.963,2.268,131.938,324.000,-60.125,0.270,-0.008,0.488,-1.895,-1.246,-4.551,2.888,3.064,1.223,1.385,0,NULL,NULL,,3,0,2,7,255,1342,250,0,0
stim,230999,261120,0,261120,3458409.455,-0.663,0.091,-0.250,0.700,0,0,6,0,0,0,0,121,46,1.062,1,2263,0,366.186,2.268,172.375,319.875,-45.375,0.051,0.086,0.676,-1.895,-1.246,-4.309,2.910,3.086,1.223,1.385,0,NULL,NULL,,3,0,2,7,255,1342,250,0,0
stim,230999,261120,0,261120,3458414.453,-0.668,0.088,-0.235,0.701,0,0,5,0,0,0,0,118,46,1.062,1,2263,0,379.615,3.710,194.563,320.313,-60.438,0.008,0.133,0.879,-2.512,-2.730,-4.188,2.936,3.114,1.223,1.385,0,NULL,NULL,,3,0,2,7,255,1342,250,0,0
stim,230999,261120,0,261120,3458419.455,-0.672,0.085,-0.219,0.702,0,0,4,0,0,0,0,117,46,1.062,1,2263,0,385.647,4.448,206.563,320.500,-57.750,0.160,0.133,1.059,-3.277,-3.008,-2.621,2.968,3.144,1.223,1.385,0,NULL,NULL,,3,0,2,7,255,1342,250,0,0
stim,230999,261120,0,261120,3458424.454,-0.676,0.082,-0.203,0.704,0,0,3,0,0,0,0,117,46,1.062,1,2263,0,384.915,5.269,212.750,319.125,-32.500,0.102,0.164,1.273,-3.621,-3.828,-0.277,3.000,3.178,1.223,1.385,0,NULL,NULL,,3,0,2,7,255,1342,250,0,0
stim,230999,261120,0,261120,3458429.455,-0.679,0.078,-0.187,0.706,0,0,3,0,0,0,0,111,46,1.062,1,2263,0,382.287,5.773,207.063,320.375,-25.063,-0.055,0.242,1.461,-4.102,-4.063,1.477,3.036,3.214,1.223,1.385,0,NULL,NULL,,3,0,2,7,255,1342,250,0,0
stim,230999,261120,0,261120,3458434.454,-0.682,0.075,-0.171,0.707,0,0,5,0,0,0,0,110,46,1.062,1,2263,0,376.419,7.616,193.500,320.625,-38.063,-0.176,0.254,1.602,-4.875,-5.852,2.637,3.072,3.250,1.223,1.385,0,NULL,NULL,,3,0,2,7,255,1342,250,0,0
stim,230999,261120,0,261120,3458439.455,-0.686,0.071,-0.156,0.707,0,0,0,0,0,0,0,108,46,1.062,1,2263,0,371.804,8.141,178.000,321.813,-54.688,-0.121,0.195,1.711,-4.875,-6.520,3.711,3.106,3.286,1.223,1.385,0,NULL,NULL,,3,0,2,7,255,1342,250,0,0
stim,230999,261120,0,261120,3458444.453,-0.689,0.066,-0.141,0.708,0,0,0,0,0,0,0,109,46,1.062,1,2263,0,363.388,7.933,157.625,322.875,-54.375,-0.035,0.215,1.824,-4.520,-6.520,5.234,3.136,3.316,1.223,1.385,0,NULL,NULL,,3,0,2,7,255,1342,250,0,0
stim,230999,261120,0,261120,3458449.455,-0.693,0.060,-0.128,0.707,0,0,0,0,0,0,0,105,46,1.062,1,2263,0,350.632,7.126,130.125,322.063,-47.813,-0.047,0.219,1.844,-4.414,-5.594,6.750,3.162,3.342,1.223,1.385,0,NULL,NULL,,3,0,2,7,255,1342,250,0,0
stim,230999,261120,0,261120,3458454.453,-0.696,0.054,-0.114,0.707,0,0,6,0,0,0,0,109,46,1.062,1,2263,0,342.737,6.871,112.875,320.000,-48.250,-0.102,0.188,1.746,-4.414,-5.266,6.750,3.182,3.364,1.223,1.385,0,NULL,NULL,,3,0,2,7,255,1342,250,0,0
stim,231026,261147,0,261147,3458459.457,-0.699,0.048,-0.102,0.706,0,0,5,0,0,0,0,110,46,1.062,1,2263,0,338.049,6.717,92.625,318.688,-64.313,-0.121,0.258,1.820,-4.414,-5.063,7.020,3.200,3.382,1.223,1.385,0,NULL,NULL,,3,0,2,7,255,1342,250,0,0
stim,231026,261147,0,261147,3458464.454,-0.703,0.040,-0.090,0.704,0,0,4,0,0,0,0,113,46,1.062,1,2263,0,330.799,6.259,67.813,314.938,-75.125,0.039,0.172,1.660,-3.832,-4.949,6.246,3.214,3.396,1.223,1.385,0,NULL,NULL,,3,0,2,7,255,1342,250,0,0
stim,231026,261147,0,261147,3458469.455,-0.707,0.033,-0.078,0.703,0,0,4,0,0,0,0,117,46,1.062,1,2263,0,323.069,4.305,61.813,310.063,-66.438,0.105,0.145,1.531,-3.391,-2.652,6.000,3.226,3.408,1.223,1.385,0,NULL,NULL,,3,0,2,7,255,1342,250,0,0
stim,231026,261147,0,261147,3458474.454,-0.710,0.026,-0.067,0.701,0,0,5,0,0,0,0,119,46,1.062,1,2263,0,317.728,3.235,59.438,305.938,-61.813,0.086,0.152,1.453,-2.938,-1.355,4.965,3.234,3.418,1.223,1.385,0,NULL,NULL,,3,0,2,7,255,1342,250,0,0
stim,231026,261147,0,261147,3458479.455,-0.712,0.019,-0.055,0.699,0,0,9,0,0,0,0,135,46,1.062,1,2263,0,313.972,3.025,66.500,300.938,-59.938,0.086,0.066,1.395,-2.840,-1.043,4.246,3.240,3.424,1.223,1.385,0,NULL,NULL,,3,0,2,7,255,1342,250,0,0
stim,231026,261147,0,261147,3458484.453,-0.715,0.013,-0.043,0.698,0,0,6,0,0,0,0,128,46,1.062,1,2263,0,309.824,1.961,78.000,294.438,-56.688,0.090,0.074,1.395,-1.867,-0.598,3.781,3.244,3.430,1.223,1.385,0,NULL,NULL,,3,0,2,7,255,1342,250,0,0
stim,231073,261194,0,261194,3458489.455,-0.717,0.007,-0.031,0.696,0,0,5,0,0,0,0,131,46,1.062,1,2263,0,306.335,1.880,92.375,287.375,-52.188,0.078,0.137,1.449,-1.867,-0.219,3.781,3.246,3.432,1.223,1.385,0,NULL,NULL,,3,0,2,7,255,1342,250,0,0
stim,231073,261194,0,261194,3458494.454,-0.719,0.002,-0.019,0.694,0,0,6,0,0,0,0,127,46,1.062,1,2263,0,303.693,2.074,102.125,282.375,-45.438,0.113,0.125,1.480,-2.074,0.004,4.285,3.246,3.430,1.223,1.385,0,NULL,NULL,,3,0,2,7,255,1342,250,0,0
stim,231073,261194,0,261194,3458499.455,-0.721,-0.002,-0.007,0.693,0,0,6,0,0,0,0,134,46,1.062,1,2263,0,301.040,2.330,111.625,277.188,-36.500,0.070,0.152,1.555,-2.242,0.633,4.625,3.240,3.426,1.223,1.385,0,NULL,NULL,,3,0,2,7,255,1342,250,0,0
stim,231073,261194,0,261194,3458504.453,-0.722,-0.007,0.005,0.692,0,0,7,0,0,0,0,133,46,1.062,1,2263,0,297.936,2.338,118.938,271.500,-30.125,0.066,0.195,1.602,-2.242,0.664,5.359,3.232,3.416,1.223,1.385,0,NULL,NULL,,3,0,2,7,255,1342,250,0,0
stim,231073,261194,0,261194,3458509.455,-0.723,-0.010,0.017,0.691,0,0,7,0,0,0,0,123,46,1.062,1,2263,0,298.510,2.651,128.875,267.875,-27.250,0.020,0.234,1.672,-2.492,0.902,5.797,3.216,3.402,1.223,1.385,0,NULL,NULL,,3,0,2,7,255,1342,250,0,0
stim,231073,261194,0,261194,3458514.453,-0.724,-0.014,0.030,0.689,0,0,12,0,0,0,0,123,46,1.062,1,2263,0,299.196,2.667,137.125,263.875,-32.938,0.055,0.234,1.785,-2.492,0.949,6.484,3.194,3.380,1.223,1.385,0,NULL,NULL,,3,0,2,7,255,1342,250,0,0
stim,231073,261194,0,261194,3458519.455,-0.725,-0.017,0.042,0.687,0,0,9,0,0,0,0,110,46,1.062,1,2263,0,296.787,3.003,137.375,261.313,-30.438,0.117,0.254,1.863,-2.484,1.688,7.605,3.162,3.348,1.223,1.385,0,NULL,NULL,,3,0,2,7,255,1342,250,0,0
stim,231073,261194,0,261194,3458524.454,-0.726,-0.021,0.054,0.686,0,0,10,0,0,0,0,109,46,1.062,1,2263,0,296.360,3.660,135.813,261.688,-30.063,0.168,0.273,1.957,-2.379,2.781,8.285,3.122,3.308,1.223,1.385,0,NULL,NULL,,3,0,2,7,255,1342,250,0,0
stim,231094,261215,0,261215,3458529.455,-0.726,-0.024,0.067,0.684,0,0,10,0,0,0,0,101,46,1.062,1,2263,0,294.266,4.394,137.438,259.500,-19.063,0.277,0.172,1.926,-2.277,3.758,8.578,3.074,3.260,1.223,1.385,0,NULL,NULL,,3,0,2,7,255,1342,250,0,0
stim,231094,261215,0,261215,3458534.454,-0.726,-0.027,0.079,0.683,0,0,11,0,0,0,0,103,46,1.062,1,2263,0,299.373,5.322,150.125,258.875,-8.375,0.250,0.223,1.910,-1.254,5.172,8.578,3.018,3.202,1.223,1.385,0,NULL,NULL,,3,0,2,7,255,1342,250,0,0
stim,231094,261215,0,261215,3458539.455,-0.726,-0.030,0.092,0.681,0,0,12,0,0,0,0,103,46,1.062,1,2263,0,302.148,5.443,152.500,260.375,-15.563,0.324,0.406,2.172,-1.254,5.297,8.578,2.952,3.136,1.223,1.385,0,NULL,NULL,,3,0,2,7,255,1342,250,0,0
stim,231094,261215,0,261215,3458544.454,-0.725,-0.033,0.104,0.679,0,0,13,0,0,0,0,99,46,1.062,1,2263,0,296.568,7.108,144.000,258.813,-15.250,0.523,0.234,2.039,-1.254,6.996,8.867,2.884,3.064,1.223,1.385,0,NULL,NULL,,3,0,2,7,255,1342,250,0,0
stim,231121,261242,0,261242,3458549.455,-0.725,-0.036,0.117,0.678,0,0,12,0,0,0,0,93,46,1.062,1,2263,0,302.207,8.996,156.438,258.563,-1.250,0.680,0.250,2.137,-0.590,8.977,9.273,2.810,2.990,1.223,1.385,0,NULL,NULL,,3,0,2,7,255,1342,250,0,0
stim,231121,261242,0,261242,3458554.454,-0.723,-0.039,0.130,0.677,0,0,11,0,0,0,0,92,46,1.062,1,2263,0,300.663,11.113,155.563,256.813,15.688,0.715,0.215,2.152,-0.293,11.109,9.074,2.736,2.914,1.223,1.385,0,NULL,NULL,,3,0,2,7,255,1342,250,0,0
stim,231121,261242,0,261242,3458559.455,-0.722,-0.041,0.143,0.676,0,0,10,0,0,0,0,85,46,1.062,1,2263,0,300.820,11.842,155.625,256.500,21.938,0.820,0.230,2.254,0.371,11.836,9.273,2.656,2.832,1.223,1.385,0,NULL,NULL,,3,0,2,7,255,1342,250,0,0
stim,231121,261242,0,261242,3458564.454,-0.719,-0.044,0.155,0.676,0,0,12,0,0,0,0,87,46,1.062,1,2263,0,298.637,13.532,151.250,254.813,37.125,0.871,0.223,2.246,0.668,13.516,9.074,2.574,2.748,1.223,1.385,0,NULL,NULL,,3,0,2,7,255,1342,250,0,0
stim,231121,261242,0,261242,3458569.455,-0.717,-0.046,0.168,0.675,0,0,20,0,0,0,0,89,46,1.062,1,2263,0,296.781,14.389,149.875,252.875,40.875,0.895,0.227,2.262,1.035,14.352,8.973,2.488,2.662,1.223,1.385,0,NULL,NULL,,3,0,2,7,255,1342,250,0,0
stim,231121,261242,0,261242,3458574.454,-0.714,-0.049,0.180,0.675,0,0,16,0,0,0,0,91,46,1.062,1,2263,0,292.539,15.096,143.125,250.688,47.438,0.949,0.238,2.285,1.266,15.043,8.750,2.400,2.572,1.223,1.385,0,NULL,NULL,,3,0,2,7,255,1342,250,0,0
stim,231178,261299,0,261299,3458579.455,-0.711,-0.052,0.192,0.674,0,0,17,0,0,0,0,91,46,1.062,1,2263,0,285.563,16.045,132.500,246.813,55.438,0.984,0.172,2.242,1.434,15.980,8.445,2.306,2.476,1.223,1.385,0,NULL,NULL,,3,0,2,7,255,1342,250,0,0
stim,231178,261299,0,261299,3458584.454,-0.708,-0.055,0.203,0.675,0,0,17,0,0,0,0,111,46,1.062,1,2263,0,277.628,16.663,120.938,242.375,60.875,1.031,0.137,2.133,2.215,16.516,7.496,2.210,2.378,1.223,1.385,0,NULL,NULL,,3,0,2,7,255,1342,250,0,0
stim,231178,261299,0,261299,3458589.455,-0.704,-0.058,0.214,0.675,0,0,17,0,0,0,0,111,46,1.062,1,2263,0,269.893,16.701,116.125,234.750,65.188,1.000,0.074,2.012,2.484,16.516,5.938,2.112,2.278,1.223,1.385,0,NULL,NULL,,3,0,2,7,255,1342,250,0,0
stim,231178,261299,0,261299,3458594.454,-0.701,-0.060,0.224,0.675,0,0,17,0,0,0,0,121,46,1.062,1,2263,0,257.599,17.038,109.625,225.938,57.375,1.031,-0.039,1.980,2.992,16.773,4.488,2.010,2.176,1.223,1.385,0,NULL,NULL,,3,0,2,7,255,1342,250,0,0
stim,231178,261299,0,261299,3458599.455,-0.697,-0.063,0.234,0.674,0,0,16,0,0,0,0,126,46,1.062,1,2263,0,243.919,17.272,97.875,216.875,53.688,1.137,-0.328,1.734,4.121,16.773,3.563,1.904,2.070,1.223,1.385,0,NULL,NULL,,3,0,2,7,255,1342,250,0,0
stim,231178,261299,0,261299,3458604.454,-0.694,-0.066,0.243,0.675,0,0,16,0,0,0,0,132,46,1.062,1,2263,0,238.698,17.959,103.938,203.438,69.188,1.160,-0.504,1.492,6.418,16.773,0.078,1.794,1.960,1.223,1.385,0,NULL,NULL,,3,0,2,7,255,1342,250,0,0
stim,231178,261299,0,261299,3458609.455,-0.690,-0.067,0.253,0.675,0,0,19,0,0,0,0,137,46,1.062,1,2263,0,239.844,17.775,130.625,190.125,65.688,1.137,-0.625,1.352,7.578,16.078,-2.855,1.678,1.844,1.223,1.385,0,NULL,NULL,,3,0,2,7,255,1342,250,0,0
stim,231178,261299,0,261299,3458614.453,-0.687,-0.067,0.263,0.674,0,0,17,0,0,0,0,141,46,1.062,1,2263,0,242.864,17.708,154.813,176.313,62.688,1.109,-0.676,1.449,8.477,15.547,-4.070,1.558,1.722,1.223,1.385,0,NULL,NULL,,3,0,2,7,255,1342,250,0,0
stim,231178,261299,0,261299,3458619.455,-0.684,-0.066,0.273,0.673,0,0,13,0,0,0,0,145,46,1.062,1,2263,0,234.586,18.089,159.250,163.813,53.250,1.242,-0.723,1.531,9.246,15.547,-4.461,1.434,1.596,1.223,1.385,0,NULL,NULL,,3,0,2,7,255,1342,250,0,0
stim,231178,261299,0,261299,3458624.454,-0.681,-0.065,0.282,0.672,0,0,17,0,0,0,0,142,46,1.062,1,2263,0,229.661,19.780,166.688,149.313,51.625,1.262,-0.793,1.574,9.898,17.125,-4.461,1.304,1.464,1.223,1.385,0,NULL,NULL,,3,0,2,7,255,1342,250,0,0
stim,231178,261299,0,261299,3458629.455,-0.679,-0.064,0.292,0.671,0,0,16,0,0,0,0,147,46,1.062,1,2263,0,220.629,20.414,167.500,136.813,43.625,1.309,-0.738,1.645,10.465,17.527,-4.617,1.172,1.330,1.223,1.385,0,NULL,NULL,,3,0,2,7,255,1342,250,0,0
stim,231178,261299,0,261299,3458634.454,-0.677,-0.062,0.300,0.669,0,0,18,0,0,0,0,149,46,1.062,1,2263,0,203.130,21.129,158.125,125.313,23.563,1.449,-0.719,1.703,10.465,18.355,-4.746,1.040,1.192,1.223,1.385,0,NULL,NULL,,3,0,2,7,255,1342,250,0,0
stim,231209,261330,0,261330,3458639.455,-0.676,-0.061,0.308,0.667,0,0,23,0,0,0,0,163,46,1.062,1,2263,0,184.495,22.455,144.563,114.188,10.063,1.637,-0.785,1.727,10.465,19.867,-5.113,0.904,1.054,1.223,1.385,0,NULL,NULL,,3,0,2,7,255,1342,250,0,0
stim,231209,261330,0,261330,3458644.453,-0.675,-0.061,0.314,0.665,0,0,25,0,0,0,0,165,46,1.062,1,2263,0,159.622,24.199,120.875,104.250,-0.500,1.836,-0.801,1.676,11.023,21.543,-6.379,0.776,0.914,1.223,1.385,0,NULL,NULL,,3,0,2,7,255,1342,250,0,0
stim,231209,261330,0,261330,3458649.455,-0.674,-0.061,0.320,0.663,0,0,22,0,0,0,0,169,46,1.062,1,2263,0,134.838,25.502,98.500,91.750,-7.813,1.984,-0.898,1.555,11.105,22.957,-8.156,0.654,0.778,1.223,1.385,0,NULL,NULL,,3,0,2,7,255,1342,250,0,0
stim,231209,261330,0,261330,3458654.453,-0.674,-0.061,0.324,0.661,0,0,23,0,0,0,0,167,46,1.062,1,2263,0,115.965,26.138,87.125,75.875,-10.000,2.098,-1.016,1.422,11.500,23.473,-10.406,0.540,0.648,1.223,1.385,0,NULL,NULL,,3,0,2,7,255,1342,250,0,0
stim,231209,261330,0,261330,3458659.455,-0.674,-0.060,0.328,0.659,0,0,23,0,0,0,0,173,46,1.062,1,2263,0,105.450,26.514,86.813,58.125,-14.313,2.191,-1.105,1.309,12.098,23.594,-12.637,0.442,0.518,1.223,1.385,0,NULL,NULL,,3,0,2,7,255,1342,250,0,0
stim,231209,261330,0,261330,3458664.454,-0.674,-0.058,0.332,0.657,0,0,25,0,0,0,0,186,46,1.062,1,2263,0,99.150,26.753,91.938,35.000,-12.375,2.172,-1.113,1.348,12.547,23.629,-14.289,0.368,0.400,1.223,1.385,0,NULL,NULL,,3,0,2,7,255,1342,250,0,0
stim,231247,261368,0,261368,3458669.455,-0.674,-0.056,0.335,0.656,0,0,24,0,0,0,0,197,46,1.062,1,2263,0,98.466,26.829,97.875,9.375,-5.313,2.074,-1.043,1.457,12.707,23.629,-14.289,0.322,0.288,1.223,1.385,0,NULL,NULL,,3,0,2,7,255,1342,250,0,0
stim,231247,261368,0,261368,3458674.454,-0.675,-0.053,0.337,0.654,0,0,27,0,0,0,0,201,46,1.062,1,2263,0,94.852,26.626,93.250,-15.500,-7.813,1.887,-0.793,1.711,12.707,23.398,-12.848,0.304,0.192,1.223,1.385,0,NULL,NULL,,3,0,2,7,255,1342,250,0,0
stim,231277,261398,0,261398,3458679.455,-0.676,-0.050,0.338,0.653,0,0,28,0,0,0,0,189,46,1.062,1,2263,0,81.516,26.068,68.438,-41.438,-15.625,1.734,-0.609,1.918,11.570,23.359,-9.164,0.318,0.118,1.223,1.385,0,NULL,NULL,,3,0,2,7,255,1342,250,0,0
stim,231277,261398,0,261398,3458684.453,-0.678,-0.048,0.337,0.652,0,0,26,0,0,0,0,182,46,1.062,1,2263,0,73.149,25.700,23.125,-65.563,-22.750,1.570,-0.496,2.063,10.910,23.270,-6.180,0.334,0.120,1.223,1.385,0,NULL,NULL,,3,0,2,7,255,1342,250,0,0
stim,231277,261398,0,261398,3458689.455,-0.679,-0.046,0.333,0.652,0,0,25,0,0,0,0,185,46,1.062,1,2263,0,92.641,25.068,-28.188,-85.063,-23.500,1.434,-0.418,2.008,10.621,22.707,-3.723,0.344,0.162,1.223,1.385,0,NULL,NULL,,3,0,2,7,255,1342,250,0,0
stim,231277,261398,0,261398,3458694.454,-0.681,-0.045,0.329,0.652,0,0,25,0,0,0,0,350,46,1.062,1,2263,0,122.132,23.819,-58.438,-103.625,-27.625,1.094,-0.535,2.117,10.621,21.320,-3.031,0.360,0.222,1.223,1.385,0,NULL,NULL,,3,0,2,7,255,1342,250,0,0
stim,231277,261398,0,261398,3458699.455,-0.679,-0.029,0.329,0.655,338,0,12,531,0,7,0,419,46,1.062,1,2263,0,383.108,24.245,243.875,-224.625,191.938,0.063,-0.223,5.008,11.543,21.320,-0.637,0.392,0.282,1.223,1.385,0,NULL,NULL,,3,0,2,7,255,1342,250,0,0
stim,231277,261398,0,261398,3458704.453,-0.671,-0.023,0.319,0.668,947,0,0,1161,0,149,0,482,46,1.062,1,2263,0,440.474,24.772,-167.188,-203.500,353.063,-0.492,1.719,5.457,11.543,21.918,28.039,0.442,0.326,1.223,1.385,0,NULL,NULL,,3,0,2,7,255,1342,250,0,0
stim,231277,261398,0,261398,3458709.455,-0.663,-0.038,0.293,0.687,1437,0,0,1577,0,425,0,568,46,1.062,1,2263,0,842.290,22.385,-778.688,-138.750,289.563,-0.734,2.348,2.086,4.551,21.918,28.039,0.490,0.366,1.223,1.385,0,NULL,NULL,,3,0,2,7,255,1342,250,0,0
stim,231277,261398,0,261398,3458714.453,-0.657,-0.052,0.267,0.703,1843,0,0,1868,0,594,0,621,46,1.062,1,2263,0,769.613,15.191,-724.313,-148.188,213.813,-1.258,2.227,-1.012,-14.730,3.711,17.977,0.522,0.402,1.223,1.385,0,NULL,NULL,,3,0,2,7,255,1342,250,0,0
stim,231277,261398,0,261398,3458719.455,-0.654,-0.057,0.253,0.711,2071,0,0,1964,0,779,0,713,46,1.062,1,2264,0,394.394,22.516,-356.563,-125.625,112.375,-1.406,1.586,-1.371,-16.148,-15.691,-6.980,0.538,0.424,1.223,1.385,1,1348.000,6.000,,3,0,2,7,255,1342,250,0,0
stim,231277,261398,0,261398,3458724.454,-0.655,-0.055,0.247,0.712,2234,0,0,2075,0,965,0,805,46,1.062,1,2264,0,143.415,22.516,-58.313,-130.563,11.000,-0.738,0.637,0.023,-16.148,-15.691,-6.980,0.520,0.424,1.223,1.385,1,NULL,NULL,,3,0,2,7,255,1342,250,0,0
stim,231277,261398,0,261398,3458729.455,-0.655,-0.051,0.243,0.714,2399,0,0,2163,0,1149,0,868,46,1.062,1,2264,0,129.640,8.424,-22.750,-123.438,32.438,0.059,0.664,1.438,-5.086,-6.715,-5.113,0.488,0.414,1.223,1.385,1,NULL,NULL,,3,0,2,7,255,1342,250,0,0
stim,231277,261398,0,261398,3458734.454,-0.652,-0.050,0.236,0.718,2578,0,0,2418,0,1255,0,935,46,1.062,1,2264,0,209.520,7.910,-123.500,-124.125,115.063,0.109,1.344,1.652,-5.086,6.059,4.063,0.456,0.396,1.223,1.385,1,NULL,NULL,,3,0,2,7,255,1342,250,0,0
stim,231311,261432,0,261432,3458739.455,-0.647,-0.051,0.226,0.726,2709,0,0,2603,0,1250,0,979,46,1.062,1,2264,0,313.460,6.974,-228.563,-129.438,171.063,-1.020,0.762,1.250,-3.453,6.059,6.648,0.430,0.372,1.223,1.385,2,NULL,NULL,,3,0,2,7,255,1342,250,0,0
stim,231311,261432,0,261432,3458744.454,-0.641,-0.052,0.211,0.736,2795,0,0,2712,0,1241,0,1079,46,1.062,1,2264,0,423.522,6.028,-320.938,-176.750,212.438,-1.914,-1.199,0.461,-3.453,-4.941,6.648,0.408,0.342,1.223,1.385,2,NULL,NULL,,3,0,2,7,255,1342,250,0,0
stim,231311,261432,0,261432,3458749.455,-0.641,-0.054,0.198,0.739,2869,0,0,2797,0,1239,0,1185,46,1.062,1,2264,0,328.381,21.044,-275.313,-176.500,29.750,-1.973,-1.359,-0.309,15.281,-14.469,-1.688,0.390,0.302,1.223,1.385,2,NULL,NULL,,3,0,2,7,255,1342,250,0,0
stim,231311,261432,0,261432,3458754.454,-0.645,-0.051,0.189,0.738,2919,0,0,2897,0,1240,0,1302,46,1.062,1,2264,0,233.887,21.044,-97.250,-191.875,-91.813,-0.762,-0.324,-0.242,15.281,-14.469,-8.754,0.370,0.260,1.223,1.385,2,NULL,NULL,,3,0,2,7,255,1342,250,0,0
stim,231311,261432,0,261432,3458759.455,-0.651,-0.044,0.185,0.735,2964,0,0,2951,0,1260,0,1368,46,1.062,1,2264,0,225.800,8.444,47.938,-184.313,-121.313,0.172,-0.094,1.121,3.887,-7.496,-8.754,0.350,0.224,1.223,1.385,2,NULL,NULL,,3,0,2,7,255,1342,250,0,0
stim,231311,261432,0,261432,3458764.453,-0.655,-0.039,0.181,0.733,2983,0,0,2997,0,1291,0,1419,46,1.062,1,2264,0,186.993,6.504,27.750,-160.125,-92.500,0.691,-0.246,2.117,3.887,5.215,-0.230,0.328,0.198,1.223,1.385,2,NULL,NULL,,3,0,2,7,255,1342,250,0,0
stim,231335,261456,0,261456,3458769.455,-0.657,-0.037,0.174,0.733,2997,0,0,3033,0,1365,0,1455,46,1.062,1,2264,0,184.140,13.841,-94.438,-155.500,-28.438,0.773,-0.441,2.102,4.430,13.113,6.691,0.308,0.184,1.223,1.385,2,NULL,NULL,,3,0,2,7,255,1342,250,0,0
stim,231335,261456,0,261456,3458774.454,-0.656,-0.038,0.164,0.736,3015,0,0,3079,0,1467,19,1477,46,1.062,1,2264,0,239.177,14.450,-194.563,-132.813,41.375,0.621,-0.734,1.563,6.070,13.113,6.691,0.296,0.174,1.223,1.385,2,NULL,NULL,,3,0,2,7,255,1342,250,0,0
stim,231335,261456,0,261456,3458779.455,-0.653,-0.040,0.153,0.741,3022,0,0,3100,0,1576,121,1510,46,1.062,1,2264,0,267.009,13.570,-216.125,-119.875,101.063,0.125,-0.785,0.816,8.121,10.871,1.910,0.288,0.164,1.223,1.385,2,NULL,NULL,,3,0,2,7,255,1342,250,0,0
stim,231335,261456,0,261456,3458784.454,-0.650,-0.040,0.145,0.745,3035,0,0,3113,0,1693,211,1560,46,1.062,1,2264,0,229.700,9.121,-169.250,-118.813,100.000,-0.563,-0.465,0.543,8.121,4.152,-3.598,0.286,0.152,1.223,1.385,2,NULL,NULL,,3,0,2,7,255,1342,250,0,0
stim,231375,261496,0,261496,3458789.455,-0.649,-0.039,0.138,0.747,3032,0,0,3131,77,1823,251,1596,46,1.062,1,2264,0,169.516,6.646,-109.625,-122.750,40.625,-0.734,-0.117,0.625,5.734,-3.359,-3.598,0.290,0.134,1.223,1.385,2,NULL,NULL,,3,0,2,7,255,1342,250,0,0
stim,231375,261496,0,261496,3458794.454,-0.650,-0.037,0.132,0.747,3041,0,0,3132,199,1916,287,1715,46,1.062,1,2264,0,147.378,4.314,-67.813,-128.813,-23.000,-0.477,0.137,0.902,2.707,-3.359,-2.332,0.302,0.116,1.223,1.385,2,NULL,NULL,,3,0,2,7,255,1342,250,0,0
stim,231375,261496,0,261496,3458799.455,-0.652,-0.035,0.126,0.746,3033,0,0,3133,631,2097,311,1879,46,1.062,1,2264,0,147.044,2.571,-61.375,-125.750,-45.188,-0.105,0.125,1.164,0.059,-2.570,-0.043,0.316,0.100,1.223,1.385,2,NULL,NULL,,3,0,2,7,255,1342,250,0,0
stim,231375,261496,0,261496,3458804.454,-0.654,-0.034,0.120,0.746,3028,0,0,3131,852,2164,463,2021,46,1.062,1,2264,0,145.753,1.439,-80.563,-114.313,-41.063,0.180,-0.016,1.582,0.059,1.438,1.609,0.330,0.088,1.223,1.385,2,NULL,NULL,,3,0,2,7,255,1342,250,0,0
stim,231375,261496,0,261496,3458809.455,-0.657,-0.034,0.116,0.744,3023,0,0,3141,1065,2222,444,2139,46,1.062,1,2264,0,131.990,5.181,-89.125,-62.375,-74.750,0.336,-0.047,1.895,1.008,5.082,4.867,0.338,0.080,1.223,1.385,2,NULL,NULL,,3,0,2,7,255,1342,250,0,0
stim,231375,261496,0,261496,3458814.454,-0.660,-0.037,0.110,0.743,3023,0,0,3145,1235,2266,469,2200,46,1.062,1,2264,0,160.689,6.945,-125.750,-44.063,-89.813,0.512,0.117,1.059,1.008,6.871,4.867,0.342,0.072,1.223,1.385,2,NULL,NULL,,3,0,2,7,255,1342,250,0,0
stim,231375,261496,0,261496,3458819.455,-0.662,-0.038,0.107,0.741,3027,23,0,3151,1395,2298,503,2267,46,1.062,1,2264,0,101.117,6.982,-60.750,-36.000,-72.375,0.547,0.309,0.816,-1.238,6.871,-0.613,0.346,0.064,1.223,1.385,2,NULL,NULL,,3,0,2,7,255,1342,250,0,0
stim,231375,261496,0,261496,3458824.454,-0.663,-0.038,0.105,0.741,3036,37,0,3164,1520,2329,521,2339,46,1.062,1,2264,0,52.083,6.609,-43.000,-22.313,-19.125,0.125,-0.172,1.184,-1.238,6.492,-0.613,0.352,0.056,1.223,1.385,2,NULL,NULL,,3,0,2,7,255,1342,250,0,0
stim,231394,261515,0,261515,3458829.455,-0.663,-0.041,0.101,0.741,3029,59,0,3166,1591,2341,538,2387,46,1.062,1,2264,0,104.047,4.197,-101.688,-16.250,-14.875,-0.324,-0.391,1.406,2.020,3.680,1.160,0.360,0.046,1.223,1.385,2,NULL,NULL,,3,0,2,7,255,1342,250,0,0
stim,231394,261515,0,261515,3458834.454,-0.665,-0.045,0.096,0.739,3028,83,0,3181,1661,2343,539,2414,46,1.062,1,2264,0,143.232,2.020,-128.375,-9.063,-62.875,-0.344,-0.125,0.926,2.020,0.039,1.160,0.364,0.038,1.223,1.385,2,NULL,NULL,,3,0,2,7,255,1342,250,0,0
stim,231394,261515,0,261515,3458839.455,-0.668,-0.046,0.093,0.737,3023,107,0,3163,1727,2355,569,2443,46,1.062,1,2264,0,123.131,1.774,-71.750,-12.750,-99.250,-0.008,0.086,0.598,1.773,0.039,-0.352,0.366,0.034,1.223,1.385,2,NULL,NULL,,3,0,2,7,255,1342,250,0,0
stim,231394,261515,0,261515,3458844.454,-0.670,-0.047,0.092,0.735,3026,132,17,3165,1803,2365,613,2473,46,1.062,1,2264,0,77.564,1.006,-19.000,-15.313,-73.625,0.211,-0.051,0.820,0.395,0.926,-2.348,0.370,0.032,1.223,1.385,2,NULL,NULL,,3,0,2,7,255,1342,250,0,0
stim,231416,261537,0,261537,3458849.455,-0.671,-0.047,0.091,0.734,3035,157,57,3206,1848,2377,629,2492,46,1.062,1,2264,0,36.952,3.615,-22.875,-11.688,-26.563,0.137,-0.328,1.129,0.395,3.594,-2.348,0.374,0.028,1.223,1.385,2,NULL,NULL,,3,0,2,7,255,1342,250,0,0
stim,231416,261537,0,261537,3458854.453,-0.671,-0.048,0.089,0.735,3031,181,135,3167,1893,2390,651,2509,46,1.062,1,2264,0,50.772,4.832,-50.125,-7.313,3.438,-0.043,-0.391,1.020,3.230,3.594,-0.074,0.380,0.020,1.223,1.385,2,NULL,NULL,,3,0,2,7,255,1342,250,0,0
stim,231416,261537,0,261537,3458859.455,-0.671,-0.049,0.087,0.735,3033,215,173,3171,1931,2403,653,2521,46,1.062,1,2264,0,47.659,3.712,-46.750,-7.875,4.875,-0.188,-0.238,0.836,3.230,1.828,-0.074,0.388,0.014,1.223,1.385,2,NULL,NULL,,3,0,2,7,255,1342,250,0,0
stim,231416,261537,0,261537,3458864.454,-0.671,-0.050,0.086,0.735,3043,233,269,3190,1961,2408,649,2530,46,1.062,1,2264,0,26.746,2.504,-23.750,-9.500,-7.813,-0.176,-0.063,0.816,2.504,-0.051,-1.512,0.394,0.006,1.223,1.385,2,NULL,NULL,,3,0,2,7,255,1342,250,0,0
stim,231416,261537,0,261537,3458869.455,-0.671,-0.050,0.086,0.735,3051,243,349,3185,1995,2424,637,2550,46,1.062,1,2264,0,14.131,0.779,-2.813,-9.313,-10.250,-0.070,-0.035,0.941,0.777,-0.051,-1.512,0.398,0.000,1.223,1.385,2,NULL,NULL,,3,0,2,7,255,1342,250,0,0
stim,231416,261537,0,261537,3458874.454,-0.671,-0.049,0.085,0.735,3039,235,411,3175,2007,2427,617,2550,46,1.062,1,2264,0,10.219,1.152,-1.688,-10.063,-0.563,-0.047,-0.012,1.082,0.426,1.070,-0.629,0.000,0.000,1.223,1.385,2,NULL,NULL,,3,0,2,7,255,1342,250,0,0
stim,231473,261594,0,261594,3458879.455,-0.671,-0.049,0.085,0.735,3045,239,510,3188,2029,2431,591,2555,46,1.062,1,2264,0,13.906,1.319,-9.438,-7.000,7.438,-0.059,0.043,1.070,0.195,1.305,0.598,0.000,0.000,1.223,1.385,2,NULL,NULL,,3,0,2,7,255,1342,250,0,0
stim,231473,261594,0,261594,3458884.453,-0.671,-0.049,0.084,0.735,3047,235,571,3179,2059,2445,553,2569,46,1.062,1,2264,0,16.645,1.353,-13.063,-4.813,9.125,-0.090,0.059,1.012,-0.359,1.305,0.598,0.000,0.000,1.223,1.385,2,NULL,NULL,,3,0,2,7,255,1342,250,0,0
stim,231473,261594,0,261594,3458889.455,-0.671,-0.049,0.084,0.736,3048,253,589,3179,2077,2451,547,2573,46,1.062,1,2264,0,13.229,0.950,-8.750,-4.438,8.875,-0.129,0.023,0.988,-0.359,0.879,0.090,0.000,0.000,1.223,1.385,2,NULL,NULL,,3,0,2,7,255,1342,250,0,0
stim,231473,261594,0,261594,3458894.454,-0.670,-0.049,0.083,0.736,3060,254,631,3181,2099,2454,509,2580,46,1.062,1,2264,0,8.529,0.516,-4.125,-3.188,6.750,-0.133,0.027,1.000,-0.156,0.492,0.055,0.000,0.000,1.223,1.385,2,NULL,NULL,,3,0,2,7,255,1342,250,0,0
stim,231473,261594,0,261594,3458899.455,-0.670,-0.049,0.083,0.736,3050,255,671,3179,2101,2459,489,2583,46,1.070,1,2264,1,7.950,0.516,-0.688,-3.188,7.250,-0.125,0.055,1.023,-0.156,0.492,0.055,0.000,0.000,1.221,1.429,2,NULL,NULL,,3,0,2,7,255,1342,250,0,0
stim,231473,261594,0,261594,3458904.454,-0.670,-0.049,0.083,0.736,3054,263,697,3182,2122,2467,459,2587,46,1.070,1,2264,1,8.181,0.623,-1.375,-2.438,7.688,-0.152,0.090,1.059,-0.406,0.473,0.273,0.004,0.002,1.221,1.429,2,NULL,NULL,,3,0,2,7,255,1342,250,0,0
stim,231473,261594,0,261594,3458909.457,-0.670,-0.049,0.083,0.736,3052,261,712,3179,2122,2459,453,2588,46,1.070,1,2264,1,6.420,0.711,-5.063,-1.563,3.625,-0.176,0.082,1.055,-0.625,0.340,0.688,0.008,0.004,1.221,1.429,2,NULL,NULL,,3,0,2,7,255,1342,250,0,0
stim,231473,261594,0,261594,3458914.453,-0.670,-0.049,0.083,0.736,3051,255,719,3179,2127,2461,445,2589,46,1.070,1,2264,1,7.431,0.682,-7.000,-0.938,-2.313,-0.156,0.008,1.016,-0.625,0.273,0.688,0.012,0.006,1.221,1.429,2,NULL,NULL,,3,0,2,7,255,1342,250,0,0
stim,231492,261613,0,261613,3458919.455,-0.670,-0.049,0.082,0.736,3047,259,728,3177,2099,2463,421,2587,46,1.070,1,2264,1,4.395,0.282,-4.188,-1.313,-0.250,-0.109,-0.055,0.969,0.070,0.273,0.250,0.014,0.008,1.221,1.429,2,NULL,NULL,,3,0,2,7,255,1342,250,0,0
stim,231492,261613,0,261613,3458924.454,-0.670,-0.049,0.082,0.736,3055,262,747,3180,2135,2463,409,2592,46,1.070,1,2264,1,5.013,0.525,0.563,-1.500,4.750,-0.145,-0.027,0.980,0.383,0.359,-0.102,0.018,0.010,1.221,1.429,2,NULL,NULL,,3,0,2,7,255,1342,250,0,0
stim,231492,261613,0,261613,3458929.455,-0.670,-0.049,0.082,0.737,3050,254,760,3177,2137,2463,397,2589,46,1.070,1,2264,1,3.193,0.525,0.750,-1.313,2.813,-0.152,-0.016,1.008,0.383,0.359,-0.102,0.020,0.012,1.221,1.429,2,NULL,NULL,,3,0,2,7,255,1342,250,0,0
stim,231492,261613,0,261613,3458934.454,-0.670,-0.049,0.082,0.737,3055,243,762,3183,2136,2463,381,2601,46,1.070,1,2264,1,2.700,0.443,-0.250,-1.563,2.188,-0.148,-0.016,0.984,0.293,0.332,-0.090,0.024,0.014,1.221,1.429,2,NULL,NULL,,3,0,2,7,255,1342,250,0,0
stim,231492,261613,0,261613,3458939.455,-0.669,-0.049,0.082,0.737,3047,237,765,3177,2136,2459,373,2589,46,1.070,1,2264,1,4.410,0.443,3.438,-1.688,2.188,-0.137,-0.020,0.977,0.293,0.332,-0.090,0.026,0.014,1.221,1.429,2,NULL,NULL,,3,0,2,7,255,1342,250,0,0
stim,231492,261613,0,261613,3458944.453,-0.669,-0.049,0.082,0.737,3043,233,761,3166,2135,2455,346,2589,46,1.070,1,2264,1,6.222,0.509,4.688,-1.313,3.875,-0.129,0.000,1.027,0.285,0.422,-0.090,0.028,0.016,1.221,1.429,2,NULL,NULL,,3,0,2,7,255,1342,250,0,0
stim,231515,261636,0,261636,3458949.455,-0.669,-0.049,0.082,0.737,3039,221,749,3161,2131,2453,341,2585,46,1.070,1,2264,1,5.687,0.434,1.250,-1.375,5.375,-0.141,0.035,1.012,0.102,0.422,0.199,0.030,0.016,1.221,1.429,2,NULL,NULL,,3,0,2,7,255,1342,250,0,0
stim,231515,261636,0,261636,3458954.453,-0.669,-0.048,0.082,0.737,3043,213,741,3180,2124,2447,313,2583,46,1.070,1,2264,1,5.129,0.371,2.375,-1.438,4.313,-0.164,0.016,0.984,-0.004,0.371,0.199,0.032,0.016,1.221,1.429,2,NULL,NULL,,3,0,2,7,255,1342,250,0,0
stim,231515,261636,0,261636,3458959.457,-0.669,-0.048,0.082,0.737,3030,211,735,3153,2121,2445,311,2579,46,1.070,1,2264,1,5.379,0.164,4.625,-1.813,2.063,-0.160,-0.008,0.977,-0.004,0.164,-0.027,0.032,0.016,1.221,1.429,2,NULL,NULL,,3,0,2,7,255,1342,250,0,0
stim,231515,261636,0,261636,3458964.454,-0.669,-0.048,0.082,0.737,3028,191,730,3148,2109,2443,293,2579,46,1.070,1,2264,1,7.950,0.183,7.375,-2.250,1.938,-0.145,0.004,0.977,0.082,0.164,-0.105,0.036,0.018,1.221,1.429,2,NULL,NULL,,3,0,2,7,255,1342,250,0,0
stim,231539,261660,0,261660,3458969.455,-0.669,-0.048,0.082,0.737,3027,185,724,3144,2101,2432,277,2573,46,1.070,1,2264,1,8.994,0.319,7.938,-2.375,3.500,-0.137,0.023,1.008,0.082,0.309,-0.105,0.036,0.020,1.221,1.429,2,NULL,NULL,,3,0,2,7,255,1342,250,0,0
stim,231539,261660,0,261660,3458974.454,-0.669,-0.047,0.083,0.737,3017,185,717,3133,2094,2427,278,2573,46,1.070,1,2264,1,7.398,0.398,4.813,-2.438,5.063,-0.141,0.020,1.008,-0.055,0.395,0.145,0.038,0.022,1.221,1.429,2,NULL,NULL,,3,0,2,7,255,1342,250,0,0
stim,231573,261694,0,261694,3458979.455,-0.669,-0.047,0.083,0.738,3012,181,717,3126,2092,2425,270,2571,46,1.070,1,2264,1,7.498,0.398,3.500,-2.688,6.063,-0.160,0.020,0.992,-0.055,0.395,0.145,0.038,0.022,1.221,1.429,2,NULL,NULL,,3,0,2,7,255,1342,250,0,0
stim,231573,261694,0,261694,3458984.453,-0.669,-0.046,0.079,0.738,3004,175,723,3125,2088,2421,283,2573,46,1.070,1,2264,1,8.386,0.155,5.250,-3.813,5.313,-0.180,0.035,0.973,-0.055,0.145,0.023,0.038,0.024,1.221,1.429,2,NULL,NULL,,3,0,2,7,255,1342,250,0,0
stim,231573,261694,0,261694,3458989.455,-0.669,-0.045,0.079,0.738,2998,169,728,3112,2087,2415,287,2583,46,1.070,1,2264,1,10.632,0.238,8.250,-5.188,4.250,-0.211,0.086,0.996,-0.172,-0.164,0.023,0.038,0.024,1.221,1.429,2,NULL,NULL,,3,0,2,7,255,1342,250,0,0
stim,231573,261694,0,261694,3458994.454,-0.669,-0.045,0.079,0.738,2996,173,735,3103,2100,2420,303,2579,46,1.070,1,2264,1,10.411,0.781,8.313,-6.000,-1.813,-0.219,0.121,1.031,-0.637,-0.453,0.160,0.038,0.024,1.221,1.429,2,NULL,NULL,,3,0,2,7,255,1342,250,0,0
stim,231573,261694,0,261694,3458999.455,-0.669,-0.044,0.079,0.738,2981,167,755,3095,2115,2415,304,2579,46,1.070,1,2264,1,13.509,1.104,6.438,-7.750,-9.000,-0.230,0.207,1.020,-0.977,-0.516,0.469,0.036,0.022,1.221,1.429,2,NULL,NULL,,3,0,2,7,255,1342,250,0,0
stim,231573,261694,0,261694,3459004.453,-0.670,-0.044,0.079,0.737,2963,166,793,3087,2133,2413,327,2581,46,1.070,1,2264,1,19.559,1.341,4.500,-6.188,-18.000,-0.141,0.145,1.082,-1.238,-0.516,0.527,0.034,0.018,1.221,1.429,2,NULL,NULL,,3,0,2,7,255,1342,250,0,0
stim,231573,261694,0,261694,3459009.455,-0.670,-0.044,0.079,0.737,2950,172,839,3067,2151,2403,359,2592,46,1.070,1,2264,1,11.569,1.277,-3.563,-7.625,-7.938,-0.070,0.090,1.008,-1.238,0.313,0.469,0.032,0.014,1.221,1.429,2,NULL,NULL,,3,0,2,7,255,1342,250,0,0
stim,231573,261694,0,261694,3459014.453,-0.670,-0.043,0.079,0.737,2932,181,861,3053,2174,2407,365,2599,46,1.070,1,2264,1,7.238,1.066,-0.688,-7.188,0.500,-0.141,0.121,1.000,-1.020,0.313,0.102,0.032,0.010,1.221,1.429,2,NULL,NULL,,3,0,2,7,255,1342,250,0,0
stim,231573,261694,0,261694,3459019.455,-0.670,-0.043,0.078,0.737,2927,187,895,3059,2201,2399,381,2605,46,1.070,1,2264,1,8.229,0.877,-3.688,-7.250,-1.250,-0.180,0.109,1.039,-0.859,0.176,0.102,0.032,0.008,1.221,1.429,2,NULL,NULL,,3,0,2,7,255,1342,250,0,0
stim,231573,261694,0,261694,3459024.454,-0.670,-0.043,0.078,0.737,2904,191,925,3038,2156,2407,402,2605,46,1.070,1,2264,1,11.811,1.015,-2.813,-8.625,-7.563,-0.191,0.121,0.914,-1.004,-0.148,0.102,0.036,0.010,1.221,1.429,2,NULL,NULL,,3,0,2,7,255,1342,250,0,0
stim,231573,261694,0,261694,3459029.455,-0.671,-0.042,0.078,0.736,2893,205,983,3031,2233,2409,429,2617,46,1.070,1,2264,1,23.148,1.122,11.438,-9.000,-18.000,-0.203,0.145,0.953,-1.004,-0.500,-0.219,0.042,0.016,1.221,1.429,2,NULL,NULL,,3,0,2,7,255,1342,250,0,0
stim,231573,261694,0,261694,3459034.454,-0.672,-0.042,0.078,0.736,2875,212,1049,3029,2257,2404,472,2632,46,1.070,1,2264,1,28.579,1.122,9.750,-9.000,-25.313,-0.113,0.082,1.059,-1.004,-0.500,-0.219,0.046,0.022,1.221,1.429,2,NULL,NULL,,3,0,2,7,255,1342,250,0,0
stim,231603,261724,0,261724,3459039.455,-0.672,-0.041,0.078,0.735,2863,229,1097,3015,2275,2409,555,2632,46,1.070,1,2264,1,15.528,0.833,0.000,-7.563,-13.563,-0.016,0.008,1.047,-0.648,0.523,0.336,0.052,0.028,1.221,1.429,2,NULL,NULL,,3,0,2,7,255,1342,250,0,0
stim,231603,261724,0,261724,3459044.453,-0.672,-0.041,0.077,0.735,2847,251,1142,3005,2287,2405,575,2634,46,1.070,1,2264,1,9.429,0.833,-6.875,-6.438,-0.438,-0.121,0.094,1.004,-0.648,0.523,0.336,0.056,0.032,1.221,1.429,2,NULL,NULL,,3,0,2,7,255,1342,250,0,0
stim,231603,261724,0,261724,3459049.455,-0.672,-0.041,0.077,0.735,2847,255,1181,3011,2319,2404,627,2651,46,1.070,1,2264,1,11.535,0.657,-7.188,-6.125,-6.625,-0.184,0.078,0.957,-0.563,0.340,0.125,0.060,0.036,1.221,1.429,2,NULL,NULL,,3,0,2,7,255,1342,250,0,0
stim,231603,261724,0,261724,3459054.454,-0.673,-0.041,0.077,0.735,2816,264,1286,2991,2345,2411,723,2653,46,1.070,1,2264,1,15.658,0.624,-2.750,-6.313,-14.063,-0.184,0.000,0.945,-0.563,-0.270,-0.242,0.062,0.040,1.221,1.429,2,NULL,NULL,,3,0,2,7,255,1342,250,0,0
stim,231626,261747,0,261747,3459059.455,-0.673,-0.041,0.076,0.734,2812,263,1343,2987,2365,2408,787,2653,46,1.070,1,2264,1,20.266,0.328,-1.375,-6.375,-19.188,-0.180,-0.012,0.984,0.188,-0.270,-0.242,0.066,0.040,1.221,1.429,2,NULL,NULL,,3,0,2,7,255,1342,250,0,0
stim,231626,261747,0,261747,3459064.453,-0.674,-0.041,0.076,0.734,2791,265,1423,2976,2391,2413,905,2666,46,1.070,1,2264,1,22.902,0.268,-4.188,-6.688,-21.500,-0.152,0.004,0.980,0.188,-0.191,-0.082,0.066,0.042,1.221,1.429,2,NULL,NULL,,3,0,2,7,255,1342,250,0,0
stim,231626,261747,0,261747,3459069.455,-0.675,-0.041,0.076,0.733,2771,263,1486,2967,2409,2411,967,2675,46,1.070,1,2264,1,23.446,0.137,-7.125,-6.688,-21.313,-0.164,0.035,1.004,0.133,-0.035,-0.020,0.066,0.040,1.221,1.429,2,NULL,NULL,,3,0,2,7,255,1342,250,0,0
stim,231626,261747,0,261747,3459074.454,-0.676,-0.041,0.075,0.732,2763,283,1577,2970,2438,2415,1077,2677,46,1.070,1,2264,1,28.859,0.096,-13.500,-6.875,-24.563,-0.184,0.023,1.012,-0.090,-0.035,0.141,0.066,0.038,1.221,1.429,2,NULL,NULL,,3,0,2,7,255,1342,250,0,0
stim,231626,261747,0,261747,3459079.455,-0.676,-0.042,0.074,0.732,2747,311,1659,2949,2471,2420,1173,2686,46,1.070,1,2264,1,33.422,0.187,-17.750,-7.250,-27.375,-0.180,-0.047,0.980,-0.090,-0.164,0.141,0.064,0.036,1.221,1.429,2,NULL,NULL,,3,0,2,7,255,1342,250,0,0
stim,231626,261747,0,261747,3459084.454,-0.677,-0.042,0.073,0.731,2720,315,1739,2937,2493,2429,1234,2700,46,1.070,1,2264,1,32.998,0.605,-17.125,-8.563,-26.875,-0.125,-0.102,0.938,0.582,-0.164,-0.047,0.062,0.034,1.221,1.429,2,NULL,NULL,,3,0,2,7,255,1342,250,0,0
stim,231678,261799,0,261799,3459089.455,-0.678,-0.042,0.072,0.730,2701,345,1811,2936,2509,2424,1317,2707,46,1.070,1,2264,1,21.631,0.886,-10.250,-9.938,-16.250,-0.117,-0.082,0.926,0.832,0.305,-0.570,0.060,0.032,1.221,1.429,2,NULL,NULL,,3,0,2,7,255,1342,250,0,0
stim,231678,261799,0,261799,3459094.454,-0.678,-0.042,0.072,0.730,2682,373,1877,2923,2533,2427,1407,2719,46,1.070,1,2264,1,21.185,0.886,-4.938,-10.563,-17.688,-0.219,0.086,0.992,0.832,0.305,-0.570,0.060,0.030,1.221,1.429,2,NULL,NULL,,3,0,2,7,255,1342,250,0,0
stim,231678,261799,0,261799,3459099.455,-0.679,-0.042,0.071,0.729,2653,403,1941,2904,2555,2441,1502,2730,46,1.070,1,2264,1,36.172,0.975,-7.688,-10.500,-33.750,-0.227,0.148,1.051,-0.707,-0.672,0.129,0.060,0.028,1.221,1.429,2,NULL,NULL,,3,0,2,7,255,1342,250,0,0
stim,231678,261799,0,261799,3459104.453,-0.681,-0.042,0.070,0.728,2623,411,2053,2894,2587,2437,1592,2739,46,1.070,1,2264,1,49.599,1.153,-16.438,-10.125,-45.688,-0.172,0.102,1.059,-0.938,-0.672,0.703,0.060,0.028,1.221,1.429,2,NULL,NULL,,3,0,2,7,255,1342,250,0,0
stim,231678,261799,0,261799,3459109.457,-0.682,-0.043,0.069,0.726,2602,458,2119,2878,2599,2438,1637,2743,46,1.070,1,2264,1,53.337,0.950,-22.188,-9.813,-47.500,-0.098,0.023,1.023,-0.938,-0.156,0.703,0.060,0.028,1.221,1.429,2,NULL,NULL,,3,0,2,7,255,1342,250,0,0
stim,231678,261799,0,261799,3459114.454,-0.684,-0.043,0.068,0.725,2569,488,2191,2863,2617,2441,1686,2749,46,1.070,1,2264,1,44.838,0.624,-24.250,-10.188,-36.313,-0.039,-0.035,0.988,-0.234,0.578,0.227,0.060,0.028,1.221,1.429,2,NULL,NULL,,3,0,2,7,255,1342,250,0,0
stim,231678,261799,0,261799,3459119.456,-0.684,-0.043,0.067,0.725,2520,521,2249,2851,2641,2443,1770,2763,46,1.070,1,2264,1,33.162,0.710,-22.875,-10.688,-21.500,-0.082,-0.059,0.973,0.262,0.660,-0.176,0.060,0.030,1.221,1.429,2,NULL,NULL,,3,0,2,7,255,1342,250,0,0
stim,231678,261799,0,261799,3459124.454,-0.685,-0.044,0.066,0.724,2487,529,2303,2834,2665,2445,1828,2777,46,1.070,1,2264,1,30.256,0.710,-20.688,-10.813,-19.250,-0.160,-0.023,0.992,0.262,0.660,-0.176,0.060,0.030,1.221,1.429,2,NULL,NULL,,3,0,2,7,255,1342,250,0,0
stim,231678,261799,0,261799,3459129.457,-0.686,-0.044,0.065,0.724,2452,547,2377,2822,2685,2455,1883,2780,46,1.070,1,2264,1,35.526,0.172,-21.125,-10.813,-26.438,-0.152,0.008,1.023,0.172,0.008,0.039,0.062,0.030,1.221,1.429,2,NULL,NULL,,3,0,2,7,255,1342,250,0,0
stim,231678,261799,0,261799,3459134.454,-0.687,-0.045,0.063,0.723,2412,565,2420,2822,2699,2445,1927,2787,46,1.070,1,2264,1,43.021,0.133,-27.688,-10.563,-31.188,-0.129,0.004,1.063,-0.133,0.008,0.328,0.066,0.030,1.221,1.429,2,NULL,NULL,,3,0,2,7,255,1342,250,0,0
stim,231705,261826,0,261826,3459139.455,-0.688,-0.045,0.062,0.722,2382,585,2463,2783,2717,2457,1988,2797,46,1.070,1,2264,1,51.512,0.322,-39.063,-10.375,-31.938,-0.117,-0.004,1.066,-0.133,0.293,0.672,0.068,0.028,1.221,1.429,2,NULL,NULL,,3,0,2,7,255,1342,250,0,0
stim,231705,261826,0,261826,3459144.454,-0.688,-0.047,0.060,0.721,2331,601,2510,2769,2733,2451,2031,2803,46,1.070,1,2264,1,56.142,0.330,-45.063,-10.063,-31.938,-0.129,0.004,0.988,-0.152,0.293,0.672,0.070,0.028,1.221,1.429,2,NULL,NULL,,3,0,2,7,255,1342,250,0,0
stim,231705,261826,0,261826,3459149.456,-0.689,-0.047,0.058,0.721,2279,611,2543,2746,2739,2453,2080,2811,46,1.070,1,2264,1,51.884,0.274,-39.500,-10.938,-31.813,-0.125,0.004,0.926,-0.230,0.148,-0.031,0.072,0.028,1.221,1.429,2,NULL,NULL,,3,0,2,7,255,1342,250,0,0
stim,231705,261826,0,261826,3459154.453,-0.690,-0.048,0.057,0.720,2217,612,2589,2715,2752,2461,2129,2828,46,1.070,1,2264,1,42.129,0.247,-26.625,-11.813,-30.438,-0.129,-0.023,0.910,-0.230,0.090,-0.668,0.074,0.030,1.221,1.429,2,NULL,NULL,,3,0,2,7,255,1342,250,0,0
stim,231730,261851,0,261851,3459159.457,-0.691,-0.048,0.056,0.719,2159,618,2612,2680,2769,2457,2163,2826,46,1.070,1,2264,1,37.655,0.042,-18.750,-12.750,-30.063,-0.152,-0.039,0.980,-0.016,0.039,-0.668,0.076,0.030,1.221,1.429,2,NULL,NULL,,3,0,2,7,255,1342,250,0,0
stim,231730,261851,0,261851,3459164.454,-0.692,-0.048,0.054,0.718,2121,629,2641,2661,2781,2456,2207,2835,46,1.070,1,2264,1,42.651,0.115,-21.125,-13.188,-34.625,-0.160,-0.035,1.047,0.066,-0.094,-0.090,0.078,0.028,1.221,1.429,2,NULL,NULL,,3,0,2,7,255,1342,250,0,0
stim,231730,261851,0,261851,3459169.455,-0.693,-0.049,0.053,0.717,2065,634,2677,2617,2797,2459,2255,2851,46,1.070,1,2264,1,49.155,0.115,-28.313,-13.063,-38.000,-0.117,-0.039,1.023,0.066,-0.094,0.297,0.078,0.028,1.221,1.429,2,NULL,NULL,,3,0,2,7,255,1342,250,0,0
stim,231730,261851,0,261851,3459174.454,-0.694,-0.049,0.052,0.716,1976,635,2707,2591,2810,2457,2283,2853,46,1.070,1,2264,1,46.601,0.270,-29.813,-13.625,-33.125,-0.082,-0.055,0.973,0.066,0.262,0.297,0.078,0.028,1.221,1.429,2,NULL,NULL,,3,0,2,7,255,1342,250,0,0
stim,231776,261897,0,261897,3459179.455,-0.695,-0.050,0.050,0.715,1903,647,2723,2547,2823,2455,2318,2857,46,1.070,1,2264,1,39.564,0.431,-26.313,-14.375,-25.813,-0.094,-0.063,0.969,0.164,0.398,-0.238,0.080,0.028,1.221,1.429,2,NULL,NULL,,3,0,2,7,255,1342,250,0,0
stim,231776,261897,0,261897,3459184.453,-0.696,-0.050,0.049,0.715,1829,639,2749,2503,2837,2463,2360,2875,46,1.070,1,2264,1,36.204,0.472,-23.875,-14.938,-22.750,-0.129,-0.066,1.000,0.254,0.398,-0.238,0.080,0.028,1.221,1.429,2,NULL,NULL,,3,0,2,7,255,1342,250,0,0
stim,231776,261897,0,261897,3459189.457,-0.697,-0.050,0.047,0.714,1747,637,2776,2447,2843,2457,2407,2887,46,1.070,1,2264,1,37.940,0.281,-24.313,-15.750,-24.500,-0.133,-0.074,1.020,0.270,0.078,0.078,0.082,0.030,1.221,1.429,2,NULL,NULL,,3,0,2,7,255,1342,250,0,0
stim,231776,261897,0,261897,3459194.454,-0.697,-0.051,0.046,0.713,1643,629,2805,2391,2859,2452,2437,2891,46,1.070,1,2264,1,38.302,0.281,-25.063,-17.188,-23.313,-0.117,-0.063,1.008,0.270,0.078,0.152,0.082,0.030,1.221,1.429,2,NULL,NULL,,3,0,2,7,255,1342,250,0,0
stim,231776,261897,0,261897,3459199.456,-0.698,-0.051,0.045,0.713,1523,595,2827,2317,2863,2450,2457,2891,46,1.070,1,2264,1,35.911,0.223,-22.625,-17.375,-21.813,-0.117,0.004,0.996,0.176,0.137,0.152,0.084,0.030,1.221,1.429,2,NULL,NULL,,3,0,2,7,255,1342,250,0,0
stim,231776,261897,0,261897,3459204.453,-0.699,-0.051,0.044,0.712,1368,583,2841,2253,2875,2445,2479,2901,46,1.070,1,2264,1,32.980,0.518,-17.938,-18.313,-20.750,-0.117,0.039,1.000,-0.500,0.137,0.047,0.086,0.030,1.221,1.429,2,NULL,NULL,,3,0,2,7,255,1342,250,0,0
stim,231776,261897,0,261897,3459209.455,-0.699,-0.051,0.042,0.712,1257,542,2855,2183,2885,2444,2517,2905,46,1.070,1,2264,1,32.383,0.569,-16.375,-19.313,-20.188,-0.125,0.004,1.031,-0.563,0.086,0.047,0.086,0.030,1.221,1.429,2,NULL,NULL,,3,0,2,7,255,1342,250,0,0
stim,231776,261897,0,261897,3459214.453,-0.700,-0.050,0.041,0.711,1093,507,2871,2069,2901,2431,2540,2907,46,1.070,1,2264,1,33.063,0.567,-16.750,-20.000,-20.313,-0.129,-0.027,1.043,-0.563,0.070,0.348,0.088,0.030,1.221,1.429,2,NULL,NULL,,3,0,2,7,255,1342,250,0,0
stim,231776,261897,0,261897,3459219.457,-0.700,-0.050,0.040,0.711,985,474,2888,1947,2901,2429,2569,2910,46,1.070,1,2264,1,33.818,0.418,-17.188,-20.750,-20.438,-0.137,-0.012,1.039,-0.418,0.012,0.465,0.090,0.030,1.221,1.429,2,NULL,NULL,,3,0,2,7,255,1342,250,0,0
stim,231776,261897,0,261897,3459224.454,-0.701,-0.050,0.039,0.710,827,423,2901,1800,2923,2420,2592,2919,46,1.070,1,2264,1,36.399,0.419,-19.250,-21.875,-21.813,-0.133,-0.016,1.051,-0.418,-0.035,0.477,0.092,0.032,1.221,1.429,2,NULL,NULL,,3,0,2,7,255,1342,250,0,0
stim,231778,261899,0,261899,3459229.455,-0.702,-0.050,0.037,0.710,665,390,2923,1645,2926,2411,2627,2931,46,1.070,1,2264,1,38.126,0.436,-21.313,-23.000,-21.688,-0.148,0.004,1.063,-0.430,-0.074,0.563,0.094,0.034,1.221,1.429,2,NULL,NULL,,3,0,2,7,255,1342,250,0,0
stim,231778,261899,0,261899,3459234.454,-0.702,-0.050,0.036,0.709,491,351,2927,1471,2949,2397,2643,2925,46,1.070,1,2264,1,39.083,0.666,-18.875,-24.938,-23.438,-0.156,0.043,1.043,-0.633,-0.207,0.563,0.094,0.034,1.221,1.429,2,NULL,NULL,,3,0,2,7,255,1342,250,0,0
stim,231806,261927,0,261927,3459239.456,-0.703,-0.050,0.035,0.708,345,304,2933,1273,2951,2380,2655,2931,46,1.070,1,2264,1,41.444,1.040,-16.813,-26.313,-27.250,-0.137,0.043,1.039,-1.020,-0.207,0.465,0.096,0.036,1.221,1.429,2,NULL,NULL,,3,0,2,7,255,1342,250,0,0
stim,231806,261927,0,261927,3459244.453,-0.704,-0.049,0.033,0.708,227,253,2942,1049,2968,2364,2680,2949,46,1.070,1,2264,1,43.385,1.045,-12.313,-27.813,-30.938,-0.141,0.016,1.059,-1.020,-0.230,0.465,0.098,0.038,1.221,1.429,2,NULL,NULL,,3,0,2,7,255,1342,250,0,0
stim,231806,261927,0,261927,3459249.457,-0.705,-0.048,0.032,0.707,117,209,2955,863,2972,2343,2703,2943,46,1.070,1,2264,1,45.370,0.819,-10.125,-30.063,-32.438,-0.094,-0.008,1.039,-0.797,-0.188,0.422,0.100,0.040,1.221,1.429,2,NULL,NULL,,3,0,2,7,255,1342,250,0,0
stim,231806,261927,0,261927,3459254.454,-0.706,-0.047,0.031,0.706,45,164,2967,633,2979,2323,2723,2943,46,1.070,1,2264,1,44.141,0.632,-5.813,-31.375,-30.500,-0.098,-0.004,1.055,-0.613,0.152,0.559,0.102,0.042,1.221,1.429,2,NULL,NULL,,3,0,2,7,255,1342,250,0,0
stim,231806,261927,0,261927,3459259.455,-0.707,-0.046,0.030,0.705,17,137,2976,457,2987,2285,2745,2952,46,1.070,1,2264,1,43.735,0.632,-4.938,-34.000,-27.063,-0.102,0.074,1.078,-0.613,0.152,0.559,0.100,0.046,1.221,1.429,2,NULL,NULL,,3,0,2,7,255,1342,250,0,0
stim,231806,261927,0,261927,3459264.453,-0.708,-0.045,0.029,0.704,0,89,2995,285,3005,2251,2775,2955,46,1.070,1,2264,1,48.958,1.407,-6.813,-34.500,-34.063,-0.105,0.117,1.086,-1.402,0.113,0.758,0.098,0.052,1.221,1.429,2,NULL,NULL,,3,0,2,7,255,1342,250,0,0
stim,231840,261961,0,261961,3459269.455,-0.709,-0.044,0.027,0.703,0,64,2991,187,3003,2217,2783,2957,46,1.070,1,2264,1,51.419,1.403,-6.375,-38.375,-33.625,-0.117,0.043,1.117,-1.402,0.055,0.816,0.094,0.056,1.221,1.429,2,NULL,NULL,,3,0,2,7,255,1342,250,0,0
stim,231840,261961,0,261961,3459274.454,-0.710,-0.043,0.026,0.703,0,42,3000,157,3019,2199,2803,2970,46,1.070,1,2264,1,50.397,1.112,10.688,-44.188,-21.750,-0.242,-0.039,1.262,-1.109,-0.070,1.172,0.092,0.060,1.221,1.429,2,NULL,NULL,,3,0,2,7,255,1342,250,0,0
stim,231873,261994,0,261994,3459279.457,-0.710,-0.040,0.026,0.703,0,20,3007,123,3017,2153,2825,2971,46,1.070,1,2264,1,69.484,1.271,42.375,-55.063,0.688,-0.391,-0.156,1.598,-0.398,-1.207,2.746,0.092,0.062,1.221,1.429,2,NULL,NULL,,3,0,2,7,255,1342,250,0,0
stim,231873,261994,0,261994,3459284.454,-0.710,-0.038,0.024,0.703,0,4,3015,103,3025,2105,2841,2961,46,1.070,1,2264,0,64.432,1.621,-2.688,-63.938,7.500,-0.285,-0.164,1.570,0.613,-1.500,5.840,0.092,0.064,1.221,1.429,3,NULL,NULL,,3,0,2,7,255,1342,250,0,0
stim,231873,261994,0,261994,3459289.456,-0.710,-0.039,0.020,0.703,0,0,3018,89,3036,2069,2857,2975,46,1.070,1,2264,0,92.523,1.652,-70.063,-58.375,-15.625,-0.148,-0.285,1.164,0.691,-1.500,5.840,0.090,0.066,1.221,1.429,3,NULL,NULL,,3,0,2,7,255,1342,250,0,0
stim,231873,261994,0,261994,3459294.454,-0.710,-0.039,0.016,0.703,0,0,3029,28,3043,1993,2867,2965,46,1.070,1,2264,0,84.769,1.763,-55.125,-64.375,-1.688,-0.137,-0.227,0.855,1.598,-0.746,1.836,0.084,0.070,1.221,1.429,3,NULL,NULL,,3,0,2,7,255,1342,250,0,0
stim,231873,261994,0,261994,3459299.455,-0.709,-0.037,0.014,0.704,0,0,3021,11,3051,1911,2885,2973,46,1.070,1,2264,0,73.576,1.763,-3.875,-71.375,17.438,-0.172,-0.180,0.887,1.598,-0.746,-0.945,0.080,0.074,1.221,1.429,3,NULL,NULL,,3,0,2,7,255,1342,250,0,0
stim,231873,261994,0,261994,3459304.454,-0.709,-0.034,0.012,0.704,0,0,3029,0,3051,1835,2895,2965,46,1.070,1,2264,0,77.777,1.544,16.625,-75.438,9.063,-0.254,-0.109,1.035,1.082,-1.102,-0.945,0.074,0.076,1.221,1.429,3,NULL,NULL,,3,0,2,7,255,1342,250,0,0
stim,231873,261994,0,261994,3459309.455,-0.709,-0.031,0.010,0.704,0,0,3027,0,3054,1761,2909,2967,46,1.070,1,2264,0,80.895,1.906,16.750,-78.875,-6.500,-0.266,-0.109,1.176,0.320,-1.879,0.508,0.070,0.080,1.221,1.429,3,NULL,NULL,,3,0,2,7,255,1342,250,0,0
stim,231873,261994,0,261994,3459314.454,-0.709,-0.029,0.008,0.704,0,0,3028,0,3055,1653,2925,2966,46,1.070,1,2264,0,83.058,1.906,8.375,-81.813,-11.625,-0.203,-0.137,1.227,0.320,-1.879,1.875,0.068,0.082,1.221,1.429,3,NULL,NULL,,3,0,2,7,255,1342,250,0,0
stim,231873,261994,0,261994,3459319.455,-0.710,-0.026,0.005,0.704,0,0,3021,0,3078,1561,2935,2957,46,1.070,1,2264,0,85.511,1.484,-1.438,-85.063,-8.625,-0.152,-0.176,1.148,0.496,-1.398,1.875,0.064,0.086,1.221,1.429,3,NULL,NULL,,3,0,2,7,255,1342,250,0,0
stim,231873,261994,0,261994,3459324.454,-0.710,-0.024,0.002,0.704,0,0,3013,0,3001,1416,2935,2953,46,1.070,1,2264,0,89.277,1.281,0.938,-89.125,-5.125,-0.145,-0.145,1.055,0.691,-1.078,1.570,0.062,0.090,1.221,1.429,3,NULL,NULL,,3,0,2,7,255,1342,250,0,0
stim,231895,262016,0,262016,3459329.457,-0.710,-0.021,0.000,0.704,0,0,3005,0,3068,1279,2952,2959,46,1.070,1,2264,0,94.450,1.281,15.688,-93.000,-5.063,-0.145,-0.082,1.027,0.691,-1.078,0.645,0.060,0.096,1.221,1.429,3,NULL,NULL,,3,0,2,7,255,1342,250,0,0
stim,231895,262016,0,262016,3459334.454,-0.710,-0.017,-0.002,0.704,0,0,3002,0,3068,1149,2955,2943,46,1.070,1,2264,0,100.508,1.274,26.625,-96.813,-4.500,-0.129,-0.145,1.148,0.680,-1.078,0.645,0.058,0.100,1.221,1.429,3,NULL,NULL,,3,0,2,7,255,1342,250,0,0
stim,231895,262016,0,262016,3459339.455,-0.710,-0.013,-0.004,0.704,0,0,2988,0,3081,971,2959,2940,46,1.070,1,2264,0,103.713,1.219,25.125,-100.563,-3.500,-0.129,-0.109,1.207,0.309,-1.180,1.520,0.056,0.104,1.221,1.429,3,NULL,NULL,,3,0,2,7,255,1342,250,0,0
stim,231895,262016,0,262016,3459344.454,-0.710,-0.009,-0.007,0.704,0,0,2973,0,3079,803,2969,2932,46,1.070,1,2264,0,106.438,1.200,17.375,-105.000,-1.438,-0.117,-0.016,1.223,0.309,-1.160,2.082,0.056,0.108,1.221,1.429,3,NULL,NULL,,3,0,2,7,255,1342,250,0,0
stim,231895,262016,0,262016,3459349.455,-0.710,-0.006,-0.010,0.704,0,0,2973,0,3089,649,2987,2931,46,1.070,1,2264,0,110.630,1.330,14.375,-109.688,1.000,-0.125,0.055,1.223,-0.613,-1.180,2.105,0.056,0.112,1.221,1.429,3,NULL,NULL,,3,0,2,7,255,1342,250,0,0
stim,231895,262016,0,262016,3459354.455,-0.709,-0.002,-0.013,0.705,0,0,2955,0,3081,549,2996,2917,46,1.070,1,2264,0,115.452,1.843,13.688,-114.625,1.688,-0.125,0.078,1.203,-1.262,-1.344,2.105,0.056,0.116,1.221,1.429,3,NULL,NULL,,3,0,2,7,255,1342,250,0,0
stim,231927,262048,0,262048,3459359.455,-0.709,0.003,-0.016,0.705,0,0,2943,0,3082,407,2998,2893,46,1.070,1,2264,0,120.831,2.047,14.063,-120.000,1.563,-0.109,0.086,1.207,-1.473,-1.422,1.938,0.058,0.122,1.221,1.429,3,NULL,NULL,,3,0,2,7,255,1342,250,0,0
stim,231927,262048,0,262048,3459364.454,-0.709,0.007,-0.019,0.705,0,0,2911,0,3083,215,2991,2877,46,1.070,1,2264,0,125.445,2.098,8.750,-125.063,4.375,-0.023,0.102,1.238,-1.543,-1.422,1.938,0.062,0.128,1.221,1.429,3,NULL,NULL,,3,0,2,7,255,1342,250,0,0
stim,231927,262048,0,262048,3459369.458,-0.708,0.011,-0.023,0.706,0,0,2891,0,3087,151,3007,2859,46,1.070,1,2264,0,131.140,1.832,-0.375,-130.000,17.250,0.016,0.105,1.246,-1.684,-0.723,2.258,0.068,0.134,1.221,1.429,3,NULL,NULL,,3,0,2,7,255,1342,250,0,0
stim,231927,262048,0,262048,3459374.454,-0.707,0.015,-0.027,0.707,0,0,2856,0,3077,45,3003,2829,46,1.070,1,2264,0,136.944,1.861,-7.875,-134.063,26.813,-0.031,0.141,1.270,-1.715,-0.723,2.336,0.074,0.142,1.221,1.429,3,NULL,NULL,,3,0,2,7,255,1342,250,0,0
stim,231927,262048,0,262048,3459379.455,-0.706,0.018,-0.032,0.708,0,0,2843,0,3087,20,3019,2813,46,1.070,1,2264,0,143.409,2.329,-19.000,-138.625,31.438,-0.043,0.137,1.328,-2.063,-1.082,2.523,0.080,0.148,1.221,1.429,3,NULL,NULL,,3,0,2,7,255,1342,250,0,0
stim,231927,262048,0,262048,3459384.453,-0.704,0.022,-0.037,0.709,0,0,2799,0,3089,0,3015,2773,46,1.070,1,2264,0,151.078,2.514,-30.438,-143.313,36.875,-0.094,0.133,1.363,-2.086,-1.402,3.074,0.088,0.156,1.221,1.429,3,NULL,NULL,,3,0,2,7,255,1342,250,0,0
stim,231956,262077,0,262077,3459389.455,-0.703,0.025,-0.043,0.709,0,0,2769,0,3067,0,3014,2731,46,1.070,1,2264,0,154.240,2.936,-31.813,-148.063,29.250,-0.188,0.129,1.270,-2.086,-2.066,3.074,0.096,0.164,1.221,1.429,3,NULL,NULL,,3,0,2,7,255,1342,250,0,0
stim,231956,262077,0,262077,3459394.454,-0.702,0.029,-0.048,0.710,0,0,2729,0,3076,0,3015,2685,46,1.070,1,2264,0,154.706,3.607,-20.250,-152.813,13.125,-0.152,0.141,1.320,-2.094,-2.938,2.781,0.104,0.172,1.221,1.429,3,NULL,NULL,,3,0,2,7,255,1342,250,0,0
stim,231956,262077,0,262077,3459399.455,-0.701,0.034,-0.053,0.710,0,0,2687,0,3075,0,3019,2650,46,1.070,1,2264,0,157.666,3.653,-9.000,-157.250,7.063,-0.109,0.199,1.457,-2.172,-2.938,2.781,0.114,0.182,1.221,1.429,3,NULL,NULL,,3,0,2,7,255,1342,250,0,0
stim,231956,262077,0,262077,3459404.454,-0.701,0.039,-0.058,0.710,0,0,2637,0,3048,0,3017,2581,46,1.070,1,2264,0,165.045,4.088,-11.500,-164.188,12.250,-0.098,0.215,1.676,-2.844,-2.938,4.109,0.124,0.192,1.221,1.429,3,NULL,NULL,,3,0,2,7,255,1342,250,0,0
stim,231956,262077,0,262077,3459409.455,-0.699,0.043,-0.064,0.711,0,0,2592,0,3055,0,3027,2519,46,1.070,1,2264,0,178.600,4.333,-25.250,-174.625,27.688,-0.168,0.168,1.836,-2.844,-3.270,6.168,0.134,0.204,1.221,1.429,3,NULL,NULL,,3,0,2,7,255,1342,250,0,0
stim,231956,262077,0,262077,3459414.453,-0.697,0.047,-0.072,0.712,0,0,2539,0,3031,0,3017,2412,46,1.070,1,2264,0,199.959,5.411,-59.000,-186.313,42.313,-0.246,0.195,1.863,-3.113,-4.426,7.590,0.144,0.216,1.221,1.429,3,NULL,NULL,,3,0,2,7,255,1342,250,0,0
stim,231987,262108,0,262108,3459419.455,-0.695,0.050,-0.080,0.712,0,0,2450,0,3019,0,3004,2297,46,1.070,1,2264,0,219.053,6.334,-85.500,-197.375,41.438,-0.313,0.227,1.715,-3.121,-5.512,7.590,0.156,0.232,1.221,1.429,3,NULL,NULL,,3,0,2,7,255,1342,250,0,0
stim,231987,262108,0,262108,3459424.454,-0.694,0.054,-0.090,0.713,0,0,2396,0,3007,0,3004,2203,46,1.070,1,2264,0,230.527,7.082,-85.313,-211.813,31.625,-0.348,0.242,1.621,-3.410,-6.207,5.945,0.168,0.248,1.221,1.429,3,NULL,NULL,,3,0,2,7,255,1342,250,0,0
stim,231987,262108,0,262108,3459429.457,-0.692,0.058,-0.099,0.713,0,0,2312,0,3003,0,2989,2063,46,1.070,1,2264,0,243.381,7.564,-85.125,-226.375,27.250,-0.313,0.273,1.645,-3.578,-6.664,4.922,0.182,0.270,1.221,1.429,3,NULL,NULL,,3,0,2,7,255,1342,250,0,0
stim,231987,262108,0,262108,3459434.454,-0.690,0.063,-0.109,0.713,0,0,2233,0,2971,0,2969,1913,46,1.070,1,2264,0,252.419,7.575,-74.500,-240.313,20.375,-0.348,0.215,1.723,-3.594,-6.668,4.922,0.200,0.292,1.221,1.429,3,NULL,NULL,,3,0,2,7,255,1342,250,0,0
stim,231987,262108,0,262108,3459439.455,-0.688,0.069,-0.119,0.713,0,0,2164,0,2955,8,2961,1775,46,1.070,1,2264,0,271.221,8.499,-80.438,-258.250,19.938,-0.324,0.301,1.895,-4.027,-7.484,5.469,0.218,0.320,1.221,1.429,3,NULL,NULL,,3,0,2,7,255,1342,250,0,0
stim,231987,262108,0,262108,3459444.453,-0.686,0.074,-0.130,0.712,0,0,2089,0,2924,11,2923,1675,46,1.070,1,2264,0,290.606,9.348,-97.688,-273.000,19.500,-0.313,0.367,1.906,-4.664,-8.102,6.684,0.242,0.348,1.221,1.429,3,NULL,NULL,,3,0,2,7,255,1342,250,0,0
stim,232023,262144,0,262144,3459449.455,-0.684,0.080,-0.142,0.711,0,0,1995,0,2887,22,2879,1545,46,1.070,1,2264,0,307.264,10.047,-100.500,-289.313,24.688,-0.375,0.453,1.934,-5.473,-8.426,6.684,0.266,0.378,1.221,1.429,3,NULL,NULL,,3,0,2,7,255,1342,250,0,0
stim,232023,262144,0,262144,3459454.453,-0.681,0.087,-0.154,0.711,0,0,1910,0,2847,18,2843,1451,46,1.070,1,2264,0,318.919,11.457,-82.563,-307.000,25.375,-0.527,0.547,2.207,-6.398,-9.504,6.684,0.294,0.410,1.221,1.429,3,NULL,NULL,,3,0,2,7,255,1342,250,0,0
stim,232023,262144,0,262144,3459459.455,-0.678,0.094,-0.167,0.710,0,0,1824,0,2799,6,2775,1354,46,1.070,1,2264,0,337.286,14.491,-91.125,-324.500,12.563,-0.633,0.695,2.582,-7.641,-12.313,7.992,0.326,0.448,1.221,1.429,3,NULL,NULL,,3,0,2,7,255,1342,250,0,0
stim,232023,262144,0,262144,3459464.454,-0.676,0.100,-0.181,0.707,0,0,1737,0,2747,1,2679,1251,46,1.070,1,2264,0,367.929,17.908,-139.813,-340.250,-7.375,-0.543,0.813,2.648,-9.563,-15.141,10.379,0.362,0.486,1.221,1.429,3,NULL,NULL,,3,0,2,7,255,1342,250,0,0
stim,232023,262144,1,262144,3459469.455,-0.674,0.106,-0.197,0.704,0,0,1588,0,2679,0,2577,1146,46,1.070,1,2264,0,395.061,18.154,-181.000,-350.500,-21.500,-0.387,0.699,2.379,-10.016,-15.141,10.379,0.400,0.528,1.221,1.429,3,NULL,NULL,,3,1,2,7,255,1342,250,0,0
stim,232023,262144,1,262144,3459474.454,-0.672,0.112,-0.212,0.700,0,0,1465,0,2615,0,2429,1017,46,1.070,1,2264,0,396.728,16.622,-166.500,-359.438,-21.813,-0.289,0.316,2.105,-10.016,-13.266,8.395,0.446,0.576,1.221,1.429,3,NULL,NULL,,3,1,2,7,255,1342,250,0,0
stim,232074,262195,1,262195,3459479.457,-0.669,0.119,-0.228,0.697,0,0,1289,0,2485,0,2249,940,46,1.070,1,2264,0,400.709,14.428,-144.813,-373.625,-1.125,-0.297,0.137,2.230,-6.234,-13.012,7.445,0.498,0.632,1.221,1.429,3,NULL,NULL,,3,1,2,7,255,1342,250,0,0
stim,232074,262195,1,262195,3459484.453,-0.665,0.126,-0.244,0.694,0,0,1083,0,2345,0,2003,867,46,1.070,1,2264,0,425.584,13.902,-167.375,-390.813,19.313,-0.328,0.113,2.129,-4.895,-13.012,6.551,0.558,0.694,1.221,1.429,3,NULL,NULL,,3,1,2,7,255,1342,250,0,0
stim,232074,262195,1,262195,3459489.455,-0.661,0.132,-0.262,0.691,0,0,887,0,2163,0,1694,760,46,1.070,1,2264,0,444.794,13.824,-185.813,-403.500,22.438,-0.199,-0.020,1.730,-4.668,-13.012,5.988,0.628,0.766,1.221,1.429,3,NULL,NULL,,3,1,2,7,255,1342,250,0,0
stim,232074,262195,1,262195,3459494.454,-0.655,0.140,-0.279,0.688,0,0,594,0,1950,0,1289,651,46,1.070,1,2264,0,445.894,11.196,-151.375,-418.625,25.688,-0.039,-0.352,1.340,-3.020,-10.781,3.145,0.702,0.840,1.221,1.429,3,NULL,NULL,,3,1,2,7,255,1342,250,0,0
stim,232074,262195,1,262195,3459499.455,-0.649,0.150,-0.294,0.686,0,0,407,0,1695,0,750,537,46,1.070,1,2264,0,436.067,7.931,-84.625,-425.938,39.625,0.145,-0.453,1.152,0.625,-7.906,1.266,0.774,0.916,1.221,1.429,3,NULL,NULL,,3,1,2,7,255,1342,250,0,0
stim,232074,262195,1,262195,3459504.453,-0.642,0.162,-0.306,0.684,0,0,265,0,1387,0,284,467,46,1.070,1,2264,0,426.270,6.989,2.313,-425.250,29.375,0.273,-0.301,1.453,0.625,-6.961,1.266,0.846,0.988,1.221,1.429,3,NULL,NULL,,3,1,2,7,255,1342,250,0,0
stim,232074,262195,1,262195,3459509.456,-0.634,0.176,-0.316,0.683,0,0,189,0,1069,0,78,364,46,1.070,1,2264,0,438.507,6.975,73.438,-430.563,38.875,0.082,-0.098,2.180,-0.441,-6.961,3.250,0.914,1.060,1.221,1.429,3,NULL,NULL,,3,1,2,7,255,1342,250,0,0
stim,232074,262195,1,262195,3459514.453,-0.625,0.189,-0.328,0.683,0,0,115,0,633,0,0,303,46,1.070,1,2264,0,446.414,13.839,35.313,-437.500,81.438,-0.109,0.141,2.656,-3.340,-13.430,6.563,0.978,1.126,1.221,1.429,3,NULL,NULL,,3,1,2,7,255,1342,250,0,0
stim,232092,262213,1,262213,3459519.457,-0.615,0.198,-0.342,0.682,0,0,103,0,274,0,0,187,46,1.070,1,2264,0,460.053,19.542,-63.375,-438.875,122.563,-0.344,0.227,2.512,-6.000,-18.598,6.563,1.034,1.186,1.221,1.429,3,NULL,NULL,,3,1,2,7,255,1342,250,0,0
stim,232092,262213,1,262213,3459524.454,-0.605,0.204,-0.360,0.681,0,0,106,0,0,0,0,100,46,1.070,1,2264,0,487.779,19.542,-145.500,-437.125,160.250,-0.578,0.367,1.883,-6.000,-18.598,4.070,1.082,1.236,1.221,1.429,3,NULL,NULL,,3,1,2,7,255,1342,250,0,0
stim,232092,262213,1,262213,3459529.456,-0.594,0.209,-0.378,0.678,0,0,109,0,0,0,0,43,46,1.070,1,2264,0,490.045,18.498,-191.688,-421.188,161.250,-0.582,0.824,1.207,-6.141,-17.449,-2.789,1.122,1.280,1.221,1.429,4,NULL,NULL,,3,1,2,7,255,1342,250,0,0
stim,232092,262213,1,262213,3459534.454,-0.585,0.213,-0.395,0.675,0,0,91,0,0,0,0,22,46,1.070,1,2264,0,462.330,15.511,-186.188,-404.125,125.563,-0.629,1.176,0.953,-9.000,-12.633,-8.945,1.168,1.328,1.221,1.429,0,NULL,NULL,,3,1,2,7,255,1342,250,0,0
stim,232092,262213,1,262213,3459539.455,-0.577,0.218,-0.411,0.672,0,0,79,0,0,0,0,0,46,1.070,1,2264,0,438.173,17.162,-174.000,-387.125,108.875,-0.762,1.336,1.086,-11.617,-12.633,-12.441,1.224,1.386,1.221,1.429,0,NULL,NULL,,3,1,2,7,255,1342,250,0,0
stim,232092,262213,1,262213,3459544.453,-0.568,0.222,-0.427,0.667,0,0,87,0,0,0,0,0,46,1.070,1,2264,0,434.225,17.203,-190.813,-375.813,104.438,-0.980,1.070,1.352,-11.617,-12.688,-13.781,1.288,1.454,1.221,1.429,0,NULL,NULL,,3,1,2,7,255,1342,250,0,0
stim,232114,262235,1,262235,3459549.455,-0.561,0.225,-0.444,0.662,0,0,89,0,0,0,0,9,46,1.070,1,2264,0,451.691,19.011,-242.125,-372.625,80.938,-0.824,0.641,1.434,-10.395,-15.918,-13.781,1.364,1.532,1.221,1.429,0,NULL,NULL,,3,1,2,7,255,1342,250,0,0
stim,232114,262235,1,262235,3459554.454,-0.556,0.227,-0.461,0.653,0,0,92,0,0,0,0,19,46,1.070,1,2264,0,445.668,17.388,-293.375,-335.000,18.063,-0.324,0.020,1.207,-6.996,-15.918,-11.508,1.442,1.612,1.221,1.429,0,NULL,NULL,,3,1,2,7,255,1342,250,0,0
stim,232114,262235,1,262235,3459559.457,-0.553,0.230,-0.475,0.645,0,0,95,0,0,0,0,52,46,1.070,1,2264,0,390.294,12.011,-250.875,-298.438,-18.063,-0.316,-0.305,0.715,-2.301,-11.789,-8.227,1.520,1.694,1.221,1.429,0,NULL,NULL,,3,1,2,7,255,1342,250,0,0
stim,232114,262235,1,262235,3459564.453,-0.550,0.233,-0.486,0.638,0,0,93,0,0,0,0,69,46,1.070,1,2264,0,317.229,11.472,-181.313,-259.938,-13.875,-0.281,-0.309,1.141,0.504,-11.461,-6.988,1.602,1.774,1.221,1.429,0,NULL,NULL,,3,1,2,7,255,1342,250,0,0
stim,232138,262259,1,262259,3459569.456,-0.547,0.233,-0.498,0.632,0,0,102,0,0,0,0,103,46,1.070,1,2264,0,307.860,11.472,-217.188,-218.188,-1.313,-0.449,-0.035,1.371,0.504,-11.461,-8.184,1.684,1.858,1.221,1.429,0,NULL,NULL,,3,1,2,7,255,1342,250,0,0
stim,232138,262259,1,262259,3459574.454,-0.547,0.231,-0.509,0.623,0,0,107,0,0,0,0,123,46,1.070,1,2264,0,330.218,11.676,-289.500,-157.563,-20.188,-0.438,0.313,0.949,-2.230,-11.461,-8.184,1.766,1.940,1.221,1.429,0,NULL,NULL,,3,1,2,7,255,1342,250,0,0
stim,232138,262259,1,262259,3459579.455,-0.549,0.227,-0.520,0.614,0,0,107,0,0,0,0,127,46,1.070,1,2264,0,333.848,10.700,-318.375,-92.500,-39.188,-0.203,0.559,0.082,-4.383,-9.762,-11.270,1.842,2.016,1.221,1.429,0,NULL,NULL,,3,1,2,7,255,1342,250,0,0
stim,232138,262259,1,262259,3459584.454,-0.552,0.222,-0.527,0.607,0,0,95,0,0,0,0,133,46,1.070,1,2264,0,278.127,4.439,-273.250,-22.563,-46.688,0.000,0.656,-0.566,-4.383,-0.707,-13.422,1.914,2.090,1.221,1.429,0,NULL,NULL,,3,1,2,7,255,1342,250,0,0
stim,232174,262295,1,262295,3459589.455,-0.556,0.217,-0.531,0.602,0,0,92,0,0,0,0,135,46,1.070,1,2264,0,196.605,7.248,-187.750,38.875,-43.500,0.074,0.473,-0.801,-3.949,6.078,-13.668,1.982,2.160,1.221,1.429,0,NULL,NULL,,3,1,2,7,255,1342,250,0,0
stim,232174,262295,1,262295,3459594.454,-0.560,0.213,-0.531,0.599,0,0,89,0,0,0,0,137,46,1.070,1,2264,0,146.239,6.660,-108.938,89.938,-37.813,0.031,0.137,-0.715,-1.617,6.461,-13.668,2.050,2.228,1.221,1.429,0,NULL,NULL,,3,1,2,7,255,1342,250,0,0
stim,232174,262295,1,262295,3459599.457,-0.565,0.209,-0.529,0.598,0,0,82,0,0,0,0,137,46,1.070,1,2264,0,149.069,6.577,-62.188,131.750,-31.563,-0.004,-0.141,-0.594,1.230,6.461,-12.441,2.108,2.288,1.221,1.429,0,NULL,NULL,,3,1,2,7,255,1342,250,0,0
stim,232174,262295,1,262295,3459604.453,-0.569,0.205,-0.526,0.598,0,0,67,0,0,0,0,123,46,1.070,1,2264,0,168.190,5.975,-30.500,164.875,-13.188,0.020,-0.211,-0.648,3.301,4.980,-11.262,2.154,2.336,1.221,1.429,0,NULL,NULL,,3,1,2,7,255,1342,250,0,0
stim,232174,262295,1,262295,3459609.455,-0.573,0.200,-0.520,0.600,0,0,59,0,0,0,0,116,46,1.070,1,2264,0,190.666,6.083,16.125,189.375,15.188,-0.027,-0.078,-0.754,3.492,4.980,-11.262,2.174,2.358,1.221,1.429,0,NULL,NULL,,3,1,2,7,255,1342,250,0,0
stim,232174,262295,1,262295,3459614.454,-0.576,0.196,-0.513,0.605,0,0,55,0,0,0,0,91,46,1.070,1,2264,0,225.915,6.195,80.188,207.125,41.313,-0.125,0.078,-0.684,3.492,5.117,-12.441,2.176,2.360,1.221,1.429,0,NULL,NULL,,3,1,2,7,255,1342,250,0,0
stim,232174,262295,1,262295,3459619.455,-0.579,0.192,-0.505,0.611,0,0,43,0,0,0,0,81,46,1.070,1,2264,0,264.766,5.538,134.438,220.875,56.938,-0.230,0.184,-0.438,2.117,5.117,-13.715,2.168,2.352,1.221,1.429,0,NULL,NULL,,3,1,2,7,255,1342,250,0,0
stim,232174,262295,1,262295,3459624.454,-0.581,0.189,-0.495,0.618,0,0,41,0,0,0,0,62,46,1.070,1,2264,0,295.446,2.783,168.125,233.125,68.375,-0.277,0.176,-0.160,0.516,2.734,-13.715,2.154,2.338,1.221,1.429,0,NULL,NULL,,3,1,2,7,255,1342,250,0,0
stim,232196,262317,1,262317,3459629.457,-0.583,0.185,-0.484,0.626,0,0,31,0,0,0,0,60,46,1.070,1,2264,0,312.506,0.362,181.750,240.438,82.563,-0.379,0.242,0.063,-0.348,0.102,-13.445,2.138,2.324,1.221,1.429,0,NULL,NULL,,3,1,2,7,255,1342,250,0,0
stim,232196,262317,1,262317,3459634.454,-0.584,0.181,-0.473,0.634,0,0,36,0,0,0,0,48,46,1.070,1,2264,0,320.367,2.654,189.375,245.688,80.063,-0.527,0.363,0.219,-1.492,-2.195,-13.445,2.122,2.308,1.221,1.429,0,NULL,NULL,,3,1,2,7,255,1342,250,0,0
stim,232196,262317,1,262317,3459639.455,-0.586,0.178,-0.462,0.641,0,0,33,0,0,0,0,41,46,1.070,1,2264,0,325.472,5.016,197.250,249.750,68.188,-0.566,0.352,0.371,-2.750,-4.195,-13.664,2.106,2.294,1.221,1.429,0,NULL,NULL,,3,1,2,7,255,1342,250,0,0
stim,232196,262317,1,262317,3459644.454,-0.588,0.175,-0.450,0.649,0,0,26,0,0,0,0,43,46,1.070,1,2264,0,329.079,6.446,201.688,252.938,60.313,-0.578,0.293,0.500,-2.914,-5.750,-13.664,2.092,2.282,1.221,1.429,0,NULL,NULL,,3,1,2,7,255,1342,250,0,0
stim,232196,262317,1,262317,3459649.455,-0.590,0.172,-0.438,0.656,0,0,21,0,0,0,0,38,46,1.070,1,2264,0,331.268,7.642,204.563,255.063,53.250,-0.625,0.273,0.637,-3.047,-7.008,-12.672,2.086,2.276,1.221,1.429,0,NULL,NULL,,3,1,2,7,255,1342,250,0,0
stim,232196,262317,1,262317,3459654.454,-0.593,0.169,-0.426,0.662,0,0,25,0,0,0,0,47,46,1.070,1,2264,0,324.665,8.958,193.813,257.438,39.625,-0.645,0.309,0.867,-3.063,-8.418,-11.996,2.084,2.278,1.221,1.429,0,NULL,NULL,,3,1,2,7,255,1342,250,0,0
stim,232231,262352,1,262352,3459659.455,-0.596,0.166,-0.414,0.667,0,0,20,0,0,0,0,41,46,1.070,1,2264,0,311.915,11.053,167.500,262.250,21.438,-0.625,0.270,0.996,-3.969,-10.316,-10.754,2.090,2.284,1.221,1.429,0,NULL,NULL,,3,1,2,7,255,1342,250,0,0
stim,232231,262352,1,262352,3459664.453,-0.600,0.162,-0.403,0.672,0,0,23,0,0,0,0,51,46,1.070,1,2264,0,302.092,11.882,138.250,268.563,4.563,-0.598,0.191,1.082,-3.969,-11.199,-9.395,2.100,2.296,1.221,1.429,0,NULL,NULL,,3,1,2,7,255,1342,250,0,0
stim,232231,262352,1,262352,3459669.455,-0.605,0.157,-0.393,0.675,0,0,23,0,0,0,0,57,46,1.070,1,2264,0,296.957,12.230,110.000,275.625,-10.688,-0.594,0.117,1.141,-3.629,-11.680,-8.113,2.122,2.320,1.221,1.429,0,NULL,NULL,,3,1,2,7,255,1342,250,0,0
stim,232231,262352,1,262352,3459674.454,-0.610,0.151,-0.383,0.677,0,0,19,0,0,0,0,76,46,1.070,1,2264,0,297.628,12.382,81.813,284.625,-29.625,-0.570,0.102,1.164,-3.156,-11.973,-7.168,2.152,2.350,1.221,1.429,0,NULL,NULL,,3,1,2,7,255,1342,250,0,0
stim,232232,262353,1,262353,3459679.456,-0.616,0.145,-0.373,0.679,0,0,17,0,0,0,0,87,46,1.070,1,2264,0,305.618,12.382,55.625,296.250,-50.438,-0.496,0.117,1.125,-3.156,-11.973,-6.484,2.186,2.386,1.221,1.429,0,NULL,NULL,,3,1,2,7,255,1342,250,0,0
stim,232232,262353,1,262353,3459684.454,-0.623,0.138,-0.363,0.679,0,0,8,0,0,0,0,99,46,1.070,1,2264,0,317.825,11.575,36.625,308.625,-66.500,-0.406,0.129,1.043,-3.406,-11.063,-6.023,2.226,2.428,1.221,1.429,0,NULL,NULL,,3,1,2,7,255,1342,250,0,0
stim,232271,262392,1,262392,3459689.457,-0.631,0.131,-0.353,0.679,0,0,8,0,0,0,0,104,46,1.070,1,2264,0,329.533,10.328,24.500,319.563,-76.625,-0.355,0.113,0.980,-3.406,-9.750,-5.750,2.276,2.478,1.221,1.429,0,NULL,NULL,,3,1,2,7,255,1342,250,0,0
stim,232271,262392,1,262392,3459694.454,-0.638,0.123,-0.343,0.678,0,0,10,0,0,0,0,107,46,1.070,1,2264,0,339.583,9.445,16.938,328.125,-85.813,-0.344,0.070,0.930,-3.387,-8.816,-5.566,2.328,2.534,1.221,1.429,0,NULL,NULL,,3,1,2,7,255,1342,250,0,0
stim,232271,262392,1,262392,3459699.455,-0.646,0.115,-0.333,0.677,0,0,8,0,0,0,0,115,46,1.070,1,2264,0,348.063,8.785,13.375,334.313,-95.938,-0.316,0.039,0.867,-2.953,-8.273,-5.477,2.384,2.590,1.221,1.429,0,NULL,NULL,,3,1,2,7,255,1342,250,0,0
stim,232271,262392,1,262392,3459704.454,-0.654,0.107,-0.322,0.676,0,0,12,0,0,0,0,116,46,1.070,1,2264,0,354.802,8.005,16.063,338.625,-104.688,-0.242,-0.004,0.785,-2.578,-7.578,-5.449,2.440,2.648,1.221,1.429,0,NULL,NULL,,3,1,2,7,255,1342,250,0,0
stim,232271,262392,1,262392,3459709.458,-0.662,0.100,-0.311,0.674,0,0,16,0,0,0,0,119,46,1.070,1,2264,0,358.982,6.751,23.688,341.313,-108.688,-0.129,-0.039,0.695,-2.105,-6.414,-5.313,2.496,2.706,1.221,1.429,0,NULL,NULL,,3,1,2,7,255,1342,250,0,0
stim,232271,262392,1,262392,3459714.454,-0.670,0.092,-0.300,0.673,0,0,17,0,0,0,0,119,46,1.070,1,2264,0,362.045,5.170,35.938,343.688,-108.000,0.027,-0.117,0.555,-1.711,-4.879,-5.086,2.548,2.760,1.221,1.429,0,NULL,NULL,,3,1,2,7,255,1342,250,0,0
stim,232271,262392,0,262392,3459719.455,-0.677,0.086,-0.287,0.672,0,0,11,0,0,0,0,137,46,1.070,1,2264,0,360.117,2.900,65.813,341.688,-92.750,0.074,-0.090,0.480,-0.738,-2.805,-5.086,2.596,2.808,1.221,1.429,0,NULL,NULL,,3,0,2,7,255,1337,250,0,0
stim,232271,262392,0,262392,3459724.454,-0.684,0.080,-0.274,0.671,0,0,17,0,0,0,0,139,46,1.070,1,2264,0,362.965,2.019,104.938,337.375,-83.125,0.086,0.027,0.559,-0.738,-1.879,-4.996,2.638,2.852,1.221,1.429,0,NULL,NULL,,3,0,2,7,255,1337,250,0,0
stim,232296,262417,0,262417,3459729.457,-0.690,0.076,-0.260,0.671,0,0,11,0,0,0,0,141,46,1.070,1,2264,0,367.213,2.764,133.750,333.063,-77.625,0.141,-0.004,0.703,-2.027,-1.879,-4.938,2.670,2.886,1.221,1.429,0,NULL,NULL,,3,0,2,7,255,1337,250,0,0
stim,232296,262417,0,262417,3459734.454,-0.695,0.071,-0.245,0.672,0,0,10,0,0,0,0,143,46,1.070,1,2264,0,367.688,2.764,150.438,329.500,-63.188,0.207,-0.039,0.797,-2.027,-1.879,-3.336,2.696,2.914,1.221,1.429,0,NULL,NULL,,3,0,2,7,255,1337,250,0,0
stim,232296,262417,0,262417,3459739.455,-0.700,0.067,-0.230,0.673,0,0,12,0,0,0,0,147,46,1.070,1,2264,0,371.162,2.649,166.500,328.438,-46.563,0.199,0.012,0.832,-2.098,-1.617,-2.094,2.720,2.938,1.221,1.429,0,NULL,NULL,,3,0,2,7,255,1337,250,0,0
stim,232296,262417,0,262417,3459744.454,-0.704,0.064,-0.215,0.674,0,0,5,0,0,0,0,143,46,1.070,1,2264,0,379.995,2.851,189.438,327.688,-33.625,0.117,0.059,0.922,-2.348,-1.617,-1.883,2.738,2.958,1.221,1.429,0,NULL,NULL,,3,0,2,7,255,1337,250,0,0
stim,232319,262440,0,262440,3459749.455,-0.707,0.061,-0.198,0.676,0,0,5,0,0,0,0,137,46,1.070,1,2264,0,389.999,3.702,209.625,327.563,-29.313,0.023,0.082,1.125,-2.879,-2.328,-1.434,2.754,2.976,1.221,1.429,0,NULL,NULL,,3,0,2,7,255,1337,250,0,0
stim,232319,262440,0,262440,3459754.453,-0.710,0.059,-0.182,0.677,0,0,0,0,0,0,0,135,46,1.070,1,2264,0,394.475,4.976,216.750,328.188,-30.375,-0.063,0.090,1.367,-3.371,-3.660,0.094,2.770,2.992,1.221,1.429,0,NULL,NULL,,3,0,2,7,255,1337,250,0,0
stim,232319,262440,0,262440,3459759.457,-0.714,0.056,-0.165,0.678,0,0,0,0,0,0,0,135,46,1.070,1,2264,0,392.078,6.206,211.063,328.750,-33.188,-0.117,0.141,1.609,-3.766,-4.934,2.176,2.786,3.010,1.221,1.429,0,NULL,NULL,,3,0,2,7,255,1337,250,0,0
stim,232319,262440,0,262440,3459764.454,-0.717,0.052,-0.149,0.679,0,0,0,0,0,0,0,135,46,1.070,1,2264,0,383.684,7.306,192.500,329.688,-38.250,-0.156,0.164,1.797,-4.473,-5.777,4.340,2.804,3.028,1.221,1.429,0,NULL,NULL,,3,0,2,7,255,1337,250,0,0
stim,232319,262440,0,262440,3459769.455,-0.720,0.048,-0.134,0.679,0,0,0,0,0,0,0,127,46,1.070,1,2264,0,372.077,7.842,166.875,329.625,-44.063,-0.176,0.176,1.922,-4.777,-6.219,6.156,2.826,3.050,1.221,1.429,0,NULL,NULL,,3,0,2,7,255,1337,250,0,0
stim,232319,262440,0,262440,3459774.454,-0.724,0.043,-0.119,0.678,0,0,0,0,0,0,0,135,46,1.070,1,2264,0,359.999,7.878,135.625,329.375,-52.125,-0.180,0.195,1.965,-4.836,-6.219,7.523,2.852,3.076,1.221,1.429,0,NULL,NULL,,3,0,2,7,255,1337,250,0,0
stim,232369,262490,0,262490,3459779.457,-0.727,0.037,-0.106,0.677,0,0,0,0,0,0,0,132,46,1.070,1,2264,0,349.048,7.597,104.063,327.875,-59.188,-0.133,0.172,1.906,-4.836,-5.859,7.859,2.880,3.106,1.221,1.429,0,NULL,NULL,,3,0,2,7,255,1337,250,0,0
stim,232369,262490,0,262490,3459784.453,-0.731,0.031,-0.093,0.676,0,0,8,0,0,0,0,147,46,1.070,1,2264,0,341.542,6.486,84.688,324.750,-63.375,-0.090,0.141,1.758,-4.336,-4.824,7.859,2.912,3.138,1.221,1.429,0,NULL,NULL,,3,0,2,7,255,1337,250,0,0
stim,232369,262490,0,262490,3459789.455,-0.734,0.024,-0.080,0.674,0,0,16,0,0,0,0,154,46,1.070,1,2264,0,336.187,5.196,74.750,321.438,-64.125,-0.035,0.059,1.691,-3.656,-3.691,6.730,2.946,3.174,1.221,1.429,0,NULL,NULL,,3,0,2,7,255,1337,250,0,0
stim,232369,262490,0,262490,3459794.454,-0.737,0.017,-0.068,0.672,0,0,16,0,0,0,0,157,46,1.070,1,2264,0,331.014,3.724,69.125,317.250,-64.375,0.004,0.070,1.617,-2.605,-2.660,6.367,2.980,3.208,1.221,1.429,0,NULL,NULL,,3,0,2,7,255,1337,250,0,0
stim,232369,262490,0,262490,3459799.455,-0.740,0.010,-0.056,0.670,0,0,16,0,0,0,0,163,46,1.070,1,2264,0,326.158,3.023,66.625,313.375,-61.125,0.070,0.031,1.563,-2.465,-1.750,5.773,3.014,3.242,1.221,1.429,0,NULL,NULL,,3,0,2,7,255,1337,250,0,0
stim,232369,262490,0,262490,3459804.454,-0.742,0.004,-0.043,0.669,0,0,18,0,0,0,0,168,46,1.070,1,2264,0,320.466,1.967,68.313,309.063,-50.125,0.102,0.000,1.543,-1.852,-0.664,5.395,3.046,3.276,1.221,1.429,0,NULL,NULL,,3,0,2,7,255,1337,250,0,0
stim,232369,262490,0,262490,3459809.455,-0.744,-0.002,-0.031,0.667,0,0,14,0,0,0,0,163,46,1.070,1,2264,0,317.137,1.801,77.188,304.500,-43.563,0.051,0.059,1.500,-1.801,0.004,5.285,3.076,3.306,1.221,1.429,0,NULL,NULL,,3,0,2,7,255,1337,250,0,0
stim,232369,262490,0,262490,3459814.453,-0.746,-0.008,-0.019,0.665,0,0,17,0,0,0,0,160,46,1.070,1,2264,0,316.127,1.801,91.375,299.563,-43.000,0.039,0.078,1.551,-1.801,0.020,5.285,3.100,3.332,1.221,1.429,0,NULL,NULL,,3,0,2,7,255,1337,250,0,0
stim,232391,262512,0,262512,3459819.458,-0.748,-0.013,-0.006,0.664,0,0,17,0,0,0,0,159,46,1.070,1,2264,0,314.352,1.824,102.813,294.375,-39.875,0.070,0.090,1.648,-1.801,0.293,5.297,3.122,3.354,1.221,1.429,0,NULL,NULL,,3,0,2,7,255,1337,250,0,0
stim,232391,262512,0,262512,3459824.454,-0.749,-0.018,0.006,0.662,0,0,16,0,0,0,0,159,46,1.070,1,2264,0,311.018,2.086,107.250,290.250,-31.375,0.090,0.113,1.719,-1.844,0.977,6.246,3.138,3.370,1.221,1.429,0,NULL,NULL,,3,0,2,7,255,1337,250,0,0
stim,232391,262512,0,262512,3459829.457,-0.750,-0.022,0.019,0.661,0,0,19,0,0,0,0,157,46,1.070,1,2264,0,308.897,2.445,111.250,287.125,-24.500,0.082,0.141,1.773,-1.844,1.605,6.910,3.150,3.382,1.221,1.429,0,NULL,NULL,,3,0,2,7,255,1337,250,0,0
stim,232391,262512,0,262512,3459834.454,-0.751,-0.026,0.032,0.659,0,0,17,0,0,0,0,157,46,1.070,1,2264,0,309.554,2.720,121.500,283.813,-22.625,0.121,0.160,1.855,-1.844,2.000,7.410,3.160,3.394,1.221,1.429,0,NULL,NULL,,3,0,2,7,255,1337,250,0,0
stim,232391,262512,0,262512,3459839.456,-0.751,-0.030,0.044,0.658,0,0,20,0,0,0,0,157,46,1.070,1,2264,0,310.815,3.381,129.188,282.188,-16.938,0.188,0.133,1.934,-1.816,2.852,8.164,3.168,3.402,1.221,1.429,0,NULL,NULL,,3,0,2,7,255,1337,250,0,0
stim,232391,262512,0,262512,3459844.453,-0.751,-0.033,0.057,0.657,0,0,20,0,0,0,0,157,46,1.070,1,2264,0,313.553,4.137,133.125,283.625,-12.250,0.230,0.102,1.992,-1.207,3.957,8.801,3.174,3.408,1.221,1.429,0,NULL,NULL,,3,0,2,7,255,1337,250,0,0
stim,232413,262534,0,262534,3459849.457,-0.751,-0.037,0.071,0.655,0,0,24,0,0,0,0,159,46,1.070,1,2264,0,317.354,4.873,139.813,284.813,-6.938,0.340,0.160,2.082,-0.660,4.828,9.254,3.178,3.414,1.221,1.429,0,NULL,NULL,,3,0,2,7,255,1337,250,0,0
stim,232413,262534,0,262534,3459854.454,-0.751,-0.040,0.084,0.654,0,0,23,0,0,0,0,152,46,1.070,1,2264,0,321.620,6.557,143.625,287.750,3.375,0.445,0.215,2.117,-0.660,6.523,9.840,3.182,3.416,1.221,1.429,0,NULL,NULL,,3,0,2,7,255,1337,250,0,0
stim,232413,262534,0,262534,3459859.455,-0.750,-0.044,0.098,0.653,0,0,25,0,0,0,0,153,46,1.070,1,2264,0,328.676,8.179,150.125,292.313,6.625,0.547,0.223,2.188,-0.660,8.152,9.844,3.182,3.420,1.221,1.429,0,NULL,NULL,,3,0,2,7,255,1337,250,0,0
stim,232413,262534,0,262534,3459864.454,-0.749,-0.047,0.112,0.652,0,0,25,0,0,0,0,153,46,1.070,1,2264,0,334.849,9.720,153.000,297.438,15.688,0.691,0.254,2.262,-0.309,9.715,10.145,3.182,3.420,1.221,1.429,0,NULL,NULL,,3,0,2,7,255,1337,250,0,0
stim,232435,262556,0,262556,3459869.456,-0.747,-0.051,0.126,0.651,0,0,27,0,0,0,0,153,46,1.070,1,2264,0,339.975,11.770,155.438,300.500,33.500,0.723,0.191,2.336,-0.035,11.770,10.293,3.178,3.414,1.221,1.429,0,NULL,NULL,,3,0,2,7,255,1337,250,0,0
stim,232435,262556,0,262556,3459874.454,-0.744,-0.054,0.141,0.651,0,0,28,0,0,0,0,156,46,1.070,1,2264,0,342.677,12.648,158.500,300.688,43.500,0.730,0.180,2.469,1.035,12.605,10.574,3.170,3.408,1.221,1.429,0,NULL,NULL,,3,0,2,7,255,1337,250,0,0
stim,232435,262556,0,262556,3459879.458,-0.742,-0.058,0.155,0.650,0,0,25,0,0,0,0,156,46,1.070,1,2264,0,337.896,13.570,144.750,301.750,46.563,0.766,0.258,2.512,1.293,13.508,11.465,3.160,3.396,1.221,1.429,0,NULL,NULL,,3,0,2,7,255,1337,250,0,0
stim,232435,262556,0,262556,3459884.454,-0.739,-0.062,0.168,0.650,0,0,25,0,0,0,0,153,46,1.070,1,2264,0,330.182,14.654,130.750,298.688,52.063,0.859,0.289,2.504,1.332,14.594,11.465,3.142,3.380,1.221,1.429,0,NULL,NULL,,3,0,2,7,255,1337,250,0,0
stim,232473,262594,0,262594,3459889.455,-0.735,-0.066,0.181,0.650,0,0,27,0,0,0,0,151,46,1.070,1,2264,0,319.425,16.044,109.813,293.688,61.000,0.902,0.305,2.363,1.293,15.992,10.746,3.118,3.356,1.221,1.429,0,NULL,NULL,,3,0,2,7,255,1337,250,0,0
stim,232473,262594,0,262594,3459894.454,-0.731,-0.070,0.193,0.650,0,0,25,0,0,0,0,159,46,1.070,1,2264,0,311.308,16.484,104.375,284.875,69.750,0.992,0.285,2.281,1.332,16.430,8.922,3.090,3.326,1.221,1.429,0,NULL,NULL,,3,0,2,7,255,1337,250,0,0
stim,232473,262594,0,262594,3459899.457,-0.727,-0.074,0.205,0.650,0,0,27,0,0,0,0,158,46,1.070,1,2264,0,300.042,17.157,96.625,273.563,76.500,1.016,0.113,2.113,1.559,17.086,7.426,3.054,3.292,1.221,1.429,0,NULL,NULL,,3,0,2,7,255,1337,250,0,0
stim,232473,262594,0,262594,3459904.453,-0.723,-0.078,0.217,0.651,0,0,25,0,0,0,0,171,46,1.070,1,2264,0,289.104,17.593,98.500,259.438,81.063,1.141,0.059,2.000,3.043,17.328,5.211,3.010,3.246,1.221,1.429,0,NULL,NULL,,3,0,2,7,255,1337,250,0,0
stim,232473,262594,0,262594,3459909.455,-0.719,-0.081,0.227,0.652,0,0,25,0,0,0,0,167,46,1.070,1,2264,0,279.007,17.929,100.000,244.313,90.313,1.184,-0.086,1.777,3.566,17.570,3.238,2.960,3.196,1.221,1.429,0,NULL,NULL,,3,0,2,7,255,1337,250,0,0
stim,232473,262594,0,262594,3459914.454,-0.714,-0.083,0.238,0.653,0,0,26,0,0,0,0,170,46,1.070,1,2264,0,272.613,18.168,110.750,227.625,101.188,1.250,-0.141,1.598,4.621,17.570,0.512,2.904,3.138,1.221,1.429,0,NULL,NULL,,3,0,2,7,255,1337,250,0,0
stim,232473,262594,0,262594,3459919.455,-0.710,-0.084,0.249,0.654,0,0,24,0,0,0,0,192,46,1.070,1,2264,0,270.183,18.184,127.875,210.438,111.188,1.215,-0.367,1.402,4.844,17.527,-1.816,2.846,3.078,1.221,1.429,0,NULL,NULL,,3,0,2,7,255,1337,250,0,0
stim,232473,262594,0,262594,3459924.454,-0.705,-0.084,0.260,0.655,0,0,29,0,0,0,0,236,46,1.070,1,2264,0,270.678,17.525,147.000,192.750,120.438,1.207,-0.508,1.246,6.602,16.234,-4.066,2.780,3.010,1.221,1.429,0,NULL,NULL,,3,0,2,7,255,1337,250,0,0
stim,232496,262617,0,262617,3459929.458,-0.700,-0.082,0.270,0.656,0,0,26,0,0,0,0,263,46,1.070,1,2264,0,277.468,17.227,177.563,173.938,123.313,1.160,-0.738,1.172,7.613,15.453,-5.957,2.710,2.942,1.221,1.429,0,NULL,NULL,,3,0,2,7,255,1337,250,0,0
stim,232496,262617,0,262617,3459934.454,-0.695,-0.079,0.282,0.656,0,0,23,0,0,0,0,275,46,1.070,1,2264,0,285.303,17.423,204.563,157.688,121.188,1.145,-0.770,1.180,9.625,14.523,-7.168,2.640,2.868,1.221,1.429,0,NULL,NULL,,3,0,2,7,255,1337,250,0,0
stim,232496,262617,0,262617,3459939.455,-0.691,-0.075,0.293,0.656,0,0,25,0,0,0,0,275,46,1.070,1,2264,0,294.353,17.611,233.125,141.188,111.188,1.168,-0.906,1.309,9.961,14.523,-7.266,2.566,2.794,1.221,1.429,0,NULL,NULL,,3,0,2,7,255,1337,250,0,0
stim,232496,262617,0,262617,3459944.454,-0.687,-0.070,0.305,0.656,0,0,25,0,0,0,0,288,46,1.070,1,2264,0,301.748,19.109,251.875,128.938,104.813,1.277,-0.891,1.496,11.633,15.160,-7.266,2.488,2.714,1.221,1.429,0,NULL,NULL,,3,0,2,7,255,1337,250,0,0
stim,232496,262617,0,262617,3459949.455,-0.684,-0.065,0.315,0.655,0,0,29,0,0,0,0,303,46,1.070,1,2264,0,286.933,20.855,243.000,116.688,98.313,1.344,-0.996,1.797,12.031,17.035,-6.699,2.408,2.632,1.221,1.429,0,NULL,NULL,,3,0,2,7,255,1337,250,0,0
stim,232496,262617,0,262617,3459954.454,-0.681,-0.060,0.325,0.654,0,0,27,0,0,0,0,328,46,1.070,1,2264,0,258.042,23.512,218.625,106.688,86.063,1.336,-0.926,1.930,13.898,18.965,-5.418,2.326,2.548,1.221,1.429,0,NULL,NULL,,3,0,2,7,255,1337,250,0,0
stim,232526,262647,0,262647,3459959.455,-0.678,-0.057,0.333,0.652,0,0,29,0,4,0,0,341,46,1.070,1,2264,0,216.721,24.126,188.938,96.125,45.063,1.500,-0.953,1.918,13.988,19.656,-5.418,2.242,2.464,1.221,1.429,0,NULL,NULL,,3,0,2,7,255,1337,250,0,0
stim,232526,262647,0,262647,3459964.453,-0.677,-0.054,0.341,0.650,0,0,26,0,10,0,0,355,46,1.070,1,2264,0,184.293,25.274,162.375,81.375,31.250,1.695,-1.078,1.902,14.133,20.953,-5.988,2.152,2.374,1.221,1.429,0,NULL,NULL,,3,0,2,7,255,1337,250,0,0
stim,232526,262647,0,262647,3459969.457,-0.676,-0.052,0.346,0.648,0,0,26,0,11,0,0,365,46,1.070,1,2264,0,151.244,26.916,136.500,64.625,8.125,1.793,-1.059,1.918,15.094,22.285,-7.906,2.060,2.282,1.221,1.429,0,NULL,NULL,,3,0,2,7,255,1337,250,0,0
stim,232526,262647,0,262647,3459974.454,-0.676,-0.050,0.351,0.646,0,0,26,0,5,0,0,375,46,1.070,1,2264,0,118.433,27.685,108.625,46.250,-9.375,2.016,-1.074,1.934,15.191,23.145,-8.539,1.964,2.186,1.221,1.429,0,NULL,NULL,,3,0,2,7,255,1337,250,0,0
stim,232526,262647,0,262647,3459979.455,-0.675,-0.048,0.354,0.645,0,0,26,0,4,0,0,383,46,1.070,1,2264,0,84.611,29.190,80.313,22.250,14.625,2.125,-1.004,1.938,15.094,24.984,-9.887,1.866,2.088,1.221,1.429,0,NULL,NULL,,3,0,2,7,255,1337,250,0,0
stim,232526,262647,0,262647,3459984.453,-0.675,-0.046,0.355,0.645,0,0,27,0,5,0,0,394,46,1.070,1,2264,0,65.902,28.907,62.375,-3.375,21.000,1.836,-0.801,1.965,14.539,24.984,-9.887,1.760,1.980,1.221,1.429,0,NULL,NULL,,3,0,2,7,255,1337,250,0,0
stim,232571,262692,0,262692,3459989.456,-0.675,-0.044,0.356,0.644,0,0,26,0,0,0,0,391,46,1.070,1,2264,0,48.195,27.345,37.188,-30.125,-5.688,1.582,-0.563,2.117,13.113,23.996,-7.895,1.648,1.868,1.221,1.429,0,NULL,NULL,,3,0,2,7,255,1337,250,0,0
stim,232571,262692,0,262692,3459994.454,-0.677,-0.043,0.354,0.644,0,0,30,0,0,0,0,391,46,1.070,1,2264,0,62.672,26.043,-14.188,-52.625,-30.938,1.559,-0.402,2.156,11.855,23.188,-4.563,1.534,1.752,1.221,1.429,0,NULL,NULL,,3,0,2,7,255,1337,250,0,0
stim,232571,262692,0,262692,3459999.455,-0.679,-0.044,0.350,0.644,0,0,27,0,0,0,0,383,46,1.070,1,2264,0,101.682,25.327,-61.438,-73.688,-33.688,1.496,-0.402,1.965,10.629,22.988,-4.367,1.416,1.632,1.221,1.429,0,NULL,NULL,,3,0,2,7,255,1337,250,0,0
stim,232571,262692,0,262692,3460004.454,-0.681,-0.044,0.344,0.645,0,0,27,0,0,0,0,379,46,1.070,1,2264,0,130.369,23.827,-90.813,-91.813,-17.875,1.332,-0.414,1.809,9.938,21.656,-4.367,1.292,1.506,1.221,1.429,0,NULL,NULL,,3,0,2,7,255,1337,250,0,0
stim,232571,262692,0,262692,3460009.458,-0.682,-0.045,0.338,0.647,0,0,25,0,0,0,0,374,46,1.070,1,2264,0,157.982,21.661,-116.375,-105.000,-19.750,1.109,-0.395,1.758,9.527,19.453,-4.367,1.168,1.378,1.221,1.429,0,NULL,NULL,,3,0,2,7,255,1337,250,0,0
stim,232571,262692,0,262692,3460014.453,-0.685,-0.046,0.330,0.648,0,0,25,0,0,0,0,373,46,1.070,1,2264,0,186.453,19.621,-141.875,-115.938,-34.563,1.020,-0.359,1.602,9.227,17.316,-3.742,1.046,1.250,1.221,1.429,0,NULL,NULL,,3,0,2,7,255,1337,250,0,0
stim,232571,262692,0,262692,3460019.455,-0.687,-0.048,0.322,0.649,0,0,29,0,0,0,0,443,46,1.070,1,2264,0,204.660,17.862,-157.000,-125.688,-37.938,0.863,-0.348,1.461,8.309,15.813,-3.742,0.922,1.120,1.221,1.429,0,NULL,NULL,,3,0,2,7,255,1337,250,0,0
stim,232571,262692,0,262692,3460024.454,-0.686,-0.039,0.319,0.653,354,0,18,635,0,7,0,545,46,1.070,1,2264,0,230.572,16.069,52.063,-175.250,140.500,-0.625,-0.852,3.152,8.309,13.754,-3.742,0.804,0.992,1.221,1.429,0,NULL,NULL,,3,0,2,7,255,1337,250,0,0
stim,232593,262714,0,262714,3460029.458,-0.671,-0.028,0.312,0.673,981,0,5,1271,0,156,0,547,46,1.070,1,2264,0,628.884,11.929,-81.875,-193.875,592.625,-1.547,2.953,4.492,7.684,9.125,15.215,0.692,0.864,1.221,1.429,0,NULL,NULL,,3,0,2,7,255,1337,250,0,0
stim,232593,262714,0,262714,3460034.454,-0.660,-0.039,0.290,0.692,1501,0,0,1655,0,441,0,619,46,1.070,1,2264,0,746.219,12.990,-644.688,-112.688,358.500,-2.227,3.789,2.605,-10.063,8.215,33.223,0.588,0.740,1.221,1.429,0,NULL,NULL,,3,0,2,7,255,1337,250,0,0
stim,232593,262714,0,262714,3460039.455,-0.660,-0.055,0.268,0.700,1853,0,0,1885,0,581,0,665,46,1.070,1,2265,0,646.470,17.143,-639.688,-92.688,11.500,-2.707,1.926,-0.309,-15.695,-6.895,33.223,0.496,0.616,1.221,1.429,1,1316.000,-21.000,,3,0,2,7,255,1337,250,0,0
stim,232593,262714,0,262714,3460044.453,-0.663,-0.066,0.253,0.701,2082,0,0,1973,0,715,0,755,46,1.070,1,2265,0,444.239,24.246,-418.500,-79.063,-126.313,-1.523,1.090,-1.141,-15.695,-18.480,4.262,0.426,0.496,1.221,1.429,1,NULL,NULL,,3,0,2,7,255,1337,250,0,0
stim,232628,262749,0,262749,3460049.457,-0.669,-0.068,0.246,0.699,2223,0,0,2085,0,911,0,839,46,1.070,1,2265,0,212.949,21.593,-113.375,-91.813,-155.125,0.277,0.852,-0.570,-11.168,-18.480,-10.590,0.390,0.390,1.221,1.429,1,NULL,NULL,,3,0,2,7,255,1337,250,0,0
stim,232628,262749,0,262749,3460054.453,-0.669,-0.064,0.243,0.699,2449,0,0,2259,0,1063,0,895,46,1.070,1,2265,0,104.793,9.609,2.750,-104.750,1.188,0.668,0.809,1.105,-9.609,-0.043,-10.590,0.388,0.308,1.221,1.429,1,NULL,NULL,,3,0,2,7,255,1337,250,0,0
stim,232628,262749,0,262749,3460059.457,-0.666,-0.063,0.236,0.705,2591,0,0,2470,0,1114,0,925,46,1.070,1,2265,0,222.961,8.154,-124.375,-122.438,138.750,-0.254,1.082,1.523,-7.234,3.762,-1.199,0.418,0.282,1.221,1.429,1,NULL,NULL,,3,0,2,7,255,1337,250,0,0
stim,232628,262749,0,262749,3460064.454,-0.660,-0.063,0.223,0.715,2717,0,0,2648,0,1116,0,993,46,1.070,1,2265,0,396.445,7.265,-280.125,-172.313,221.375,-1.945,-0.320,0.742,-6.215,3.762,3.441,0.450,0.310,1.221,1.429,2,NULL,NULL,,3,0,2,7,255,1337,250,0,0
stim,232628,262749,0,262749,3460069.455,-0.659,-0.067,0.208,0.720,2804,0,0,2729,0,1121,0,1093,46,1.070,1,2265,0,387.093,15.871,-340.063,-180.125,41.875,-2.461,-1.172,-0.082,6.566,-14.449,3.441,0.480,0.348,1.221,1.429,2,NULL,NULL,,3,0,2,7,255,1337,250,0,0
stim,232628,262749,0,262749,3460074.454,-0.665,-0.068,0.196,0.718,2869,0,0,2813,0,1123,0,1205,46,1.070,1,2265,0,308.763,17.558,-185.813,-190.875,-156.125,-1.422,-0.906,-0.641,9.328,-14.875,-3.676,0.508,0.386,1.221,1.429,2,NULL,NULL,,3,0,2,7,255,1337,250,0,0
stim,232669,262790,0,262790,3460079.455,-0.673,-0.063,0.189,0.712,2921,0,0,2904,0,1122,0,1286,46,1.070,1,2265,0,282.244,17.558,-6.375,-196.313,-202.688,0.027,-0.527,0.352,9.328,-14.875,-7.512,0.538,0.414,1.221,1.429,2,NULL,NULL,,3,0,2,7,255,1337,250,0,0
stim,232669,262790,0,262790,3460084.453,-0.678,-0.057,0.185,0.709,2963,0,0,2942,0,1131,0,1331,46,1.070,1,2265,0,234.630,9.463,50.625,-184.000,-136.500,0.828,-0.852,1.629,9.328,1.590,-7.512,0.556,0.434,1.221,1.429,2,NULL,NULL,,3,0,2,7,255,1337,250,0,0
stim,232669,262790,0,262790,3460089.456,-0.680,-0.052,0.179,0.709,2981,0,0,2999,0,1175,0,1363,46,1.070,1,2265,0,169.826,16.402,-15.125,-167.313,-24.875,1.164,-1.094,2.059,9.773,13.172,1.051,0.554,0.444,1.221,1.429,2,NULL,NULL,,3,0,2,7,255,1337,250,0,0
stim,232669,262790,0,262790,3460094.454,-0.678,-0.051,0.171,0.713,3019,0,0,3047,0,1235,0,1383,46,1.070,1,2265,0,214.641,18.643,-119.375,-155.938,86.625,0.906,-1.078,1.809,12.016,14.254,2.617,0.532,0.444,1.221,1.429,2,NULL,NULL,,3,0,2,7,255,1337,250,0,0
stim,232669,262790,0,262790,3460099.455,-0.674,-0.050,0.162,0.719,3027,0,0,3065,0,1383,0,1413,46,1.070,1,2265,0,284.103,18.643,-180.313,-143.688,166.000,0.191,-0.770,1.012,12.016,14.254,2.617,0.492,0.442,1.221,1.429,2,NULL,NULL,,3,0,2,7,255,1337,250,0,0
stim,232669,262790,0,262790,3460104.453,-0.669,-0.049,0.153,0.726,3051,0,0,3093,0,1508,0,1449,46,1.070,1,2265,0,281.740,9.779,-157.625,-146.625,181.750,-0.523,-0.477,0.418,8.371,5.055,-2.008,0.462,0.436,1.221,1.429,2,NULL,NULL,,3,0,2,7,255,1337,250,0,0
stim,232669,262790,0,262790,3460109.457,-0.665,-0.046,0.146,0.731,3047,0,0,3111,0,1651,0,1507,46,1.070,1,2265,0,223.886,6.474,-88.813,-153.750,136.375,-0.805,-0.293,0.586,5.477,-3.453,-2.613,0.434,0.420,1.221,1.429,2,NULL,NULL,,3,0,2,7,255,1337,250,0,0
stim,232669,262790,0,262790,3460114.453,-0.663,-0.042,0.141,0.734,3051,0,0,3115,0,1816,0,1581,46,1.070,1,2265,0,175.367,5.781,-47.813,-156.063,64.125,-0.695,0.020,1.043,4.199,-3.973,-2.613,0.414,0.390,1.221,1.429,2,NULL,NULL,,3,0,2,7,255,1337,250,0,0
stim,232692,262813,0,262813,3460119.455,-0.664,-0.038,0.135,0.735,3051,0,0,3091,44,1909,0,1662,46,1.070,1,2265,0,157.357,4.238,-46.000,-150.188,9.438,-0.254,0.430,1.324,1.477,-3.973,1.734,0.396,0.348,1.221,1.429,2,NULL,NULL,,3,0,2,7,255,1337,250,0,0
stim,232692,262813,0,262813,3460124.454,-0.664,-0.036,0.129,0.735,3054,0,0,3140,149,2067,7,1801,46,1.070,1,2265,0,154.771,2.785,-68.000,-139.000,-3.000,0.133,0.406,1.426,-2.758,0.387,3.766,0.380,0.302,1.221,1.429,2,NULL,NULL,,3,0,2,7,255,1337,250,0,0
stim,232692,262813,0,262813,3460129.456,-0.664,-0.035,0.122,0.737,3065,0,0,3131,470,2169,55,1919,46,1.070,1,2265,0,162.953,4.943,-102.938,-125.438,14.938,0.273,-0.051,1.344,-2.758,4.102,3.766,0.362,0.264,1.221,1.429,2,NULL,NULL,,3,0,2,7,255,1337,250,0,0
stim,232692,262813,0,262813,3460134.454,-0.664,-0.034,0.115,0.738,3079,0,0,3145,615,2235,163,2028,46,1.070,1,2265,0,150.405,5.642,-106.313,-102.625,28.063,0.285,-0.402,1.426,1.133,5.527,2.855,0.346,0.236,1.221,1.429,2,NULL,NULL,,3,0,2,7,255,1337,250,0,0
stim,232692,262813,0,262813,3460139.455,-0.664,-0.035,0.111,0.738,3069,0,0,3148,891,2281,133,2117,46,1.070,1,2265,0,98.651,6.589,-80.313,-54.688,-17.063,0.230,-0.313,1.402,3.586,5.527,2.855,0.330,0.224,1.221,1.429,2,NULL,NULL,,3,0,2,7,255,1337,250,0,0
stim,232692,262813,0,262813,3460144.453,-0.665,-0.035,0.108,0.738,3067,0,0,3148,1049,2323,157,2163,46,1.070,1,2265,0,83.691,6.796,-58.938,-52.000,-28.750,0.484,0.293,0.738,3.586,5.773,2.855,0.320,0.216,1.221,1.429,2,NULL,NULL,,3,0,2,7,255,1337,250,0,0
stim,232714,262835,0,262835,3460149.456,-0.666,-0.033,0.107,0.738,3089,0,0,3157,1146,2347,189,2217,46,1.070,1,2265,0,45.162,6.512,23.313,-38.625,-2.063,0.484,0.500,1.066,-3.012,5.773,-0.109,0.316,0.206,1.221,1.429,2,NULL,NULL,,3,0,2,7,255,1337,250,0,0
stim,232714,262835,0,262835,3460154.454,-0.665,-0.033,0.106,0.739,3079,21,0,3189,1253,2375,201,2253,46,1.070,1,2265,0,37.638,6.512,-8.375,-22.563,28.938,-0.105,0.047,1.664,-3.012,5.773,-0.109,0.320,0.192,1.221,1.429,2,NULL,NULL,,3,0,2,7,255,1337,250,0,0
stim,232714,262835,0,262835,3460159.455,-0.665,-0.035,0.103,0.739,3081,21,0,3159,1307,2395,211,2298,46,1.070,1,2265,0,90.849,2.136,-88.938,-18.375,2.438,-0.484,0.137,1.313,-0.180,2.129,3.770,0.332,0.172,1.221,1.429,2,NULL,NULL,,3,0,2,7,255,1337,250,0,0
stim,232714,262835,0,262835,3460164.454,-0.666,-0.037,0.100,0.738,3091,44,0,3169,1413,2415,236,2343,46,1.070,1,2265,0,102.564,2.308,-82.313,-12.313,-59.938,-0.379,0.289,0.801,-0.180,-2.301,3.770,0.350,0.152,1.221,1.429,2,NULL,NULL,,3,0,2,7,255,1337,250,0,0
stim,232736,262857,0,262857,3460169.455,-0.669,-0.037,0.098,0.735,3079,67,0,3176,1486,2425,237,2367,46,1.070,1,2265,0,97.319,2.507,-31.000,-14.750,-91.063,-0.023,0.133,0.828,-0.996,-2.301,-1.250,0.368,0.132,1.221,1.429,2,NULL,NULL,,3,0,2,7,255,1337,250,0,0
stim,232736,262857,0,262857,3460174.454,-0.672,-0.038,0.097,0.734,3083,84,0,3173,1555,2444,249,2397,46,1.070,1,2265,0,70.987,1.544,-19.313,-13.313,-67.000,0.172,-0.082,1.121,-0.996,1.180,-1.250,0.382,0.114,1.221,1.429,2,NULL,NULL,,3,0,2,7,255,1337,250,0,0
stim,232736,262857,0,262857,3460179.455,-0.672,-0.039,0.095,0.733,3083,110,0,3173,1593,2459,250,2426,46,1.070,1,2265,0,56.263,3.011,-47.125,-9.250,-29.313,0.066,-0.129,1.141,1.043,2.824,0.586,0.390,0.102,1.221,1.429,2,NULL,NULL,,3,0,2,7,255,1337,250,0,0
stim,232736,262857,0,262857,3460184.454,-0.673,-0.041,0.093,0.733,3096,103,0,3207,1636,2463,261,2441,46,1.070,1,2265,0,64.120,3.033,-61.625,-5.188,-16.938,-0.121,-0.078,0.941,1.105,2.824,0.586,0.396,0.092,1.221,1.429,2,NULL,NULL,,3,0,2,7,255,1337,250,0,0
stim,232776,262897,0,262897,3460189.457,-0.674,-0.042,0.091,0.732,3089,148,0,3177,1685,2483,269,2466,46,1.070,1,2265,0,53.775,1.248,-44.313,-4.938,-30.063,-0.195,-0.039,0.832,1.105,0.578,-0.594,0.402,0.082,1.221,1.429,2,NULL,NULL,,3,0,2,7,255,1337,250,0,0
stim,232776,262897,0,262897,3460194.454,-0.675,-0.043,0.090,0.731,3091,155,20,3177,1727,2493,292,2475,46,1.070,1,2265,0,47.510,0.901,-21.063,-5.813,-42.188,-0.105,-0.016,0.930,0.691,0.578,-0.699,0.410,0.070,1.221,1.429,2,NULL,NULL,,3,0,2,7,255,1337,250,0,0
stim,232776,262897,0,262897,3460199.457,-0.676,-0.043,0.089,0.730,3098,183,37,3183,1763,2495,295,2485,46,1.070,1,2265,0,39.403,0.765,-14.813,-4.375,-36.250,0.000,-0.004,1.059,0.406,0.648,-0.699,0.418,0.054,1.221,1.429,2,NULL,NULL,,3,0,2,7,255,1337,250,0,0
stim,232776,262897,0,262897,3460204.453,-0.677,-0.043,0.088,0.729,3099,190,67,3187,1802,2513,293,2479,46,1.070,1,2265,0,30.297,1.920,-22.375,-2.688,-20.250,-0.004,-0.020,1.090,0.375,1.883,0.355,0.422,0.042,1.221,1.429,2,NULL,NULL,,3,0,2,7,255,1337,250,0,0
stim,232776,262897,0,262897,3460209.455,-0.677,-0.044,0.087,0.729,3095,217,69,3181,1809,2505,295,2487,46,1.070,1,2265,0,29.202,1.920,-27.813,-0.688,-8.875,-0.066,-0.063,0.992,0.375,1.883,0.355,0.424,0.030,1.221,1.429,2,NULL,NULL,,3,0,2,7,255,1337,250,0,0
stim,232776,262897,0,262897,3460214.453,-0.677,-0.045,0.086,0.729,3093,227,143,3190,1835,2517,296,2493,46,1.070,1,2265,0,21.988,1.391,-21.438,-0.875,-4.813,-0.137,-0.063,0.910,0.797,1.141,-0.145,0.428,0.020,1.221,1.429,2,NULL,NULL,,3,0,2,7,255,1337,250,0,0
stim,232776,262897,0,262897,3460219.455,-0.678,-0.045,0.086,0.729,3103,234,163,3193,1859,2523,299,2501,46,1.070,1,2265,0,11.650,0.884,-9.625,-1.563,-6.375,-0.176,-0.066,0.930,0.824,0.320,-0.559,0.430,0.014,1.221,1.429,2,NULL,NULL,,3,0,2,7,255,1337,250,0,0
stim,232776,262897,0,262897,3460224.454,-0.678,-0.045,0.085,0.729,3096,233,189,3187,1840,2519,288,2493,46,1.044,1,2265,1,9.481,0.856,-3.188,-2.313,-8.625,-0.160,-0.016,0.992,0.824,0.230,-0.559,0.000,0.000,1.292,1.389,2,NULL,NULL,,3,0,2,7,255,1337,250,0,0
stim,232796,262917,0,262917,3460229.455,-0.678,-0.045,0.085,0.729,3095,233,211,3190,1884,2521,287,2503,46,1.044,1,2265,1,8.033,0.447,-3.875,-2.188,-6.688,-0.125,-0.008,1.020,0.383,0.230,0.031,0.004,0.002,1.292,1.389,2,NULL,NULL,,3,0,2,7,255,1337,250,0,0
stim,232796,262917,0,262917,3460234.454,-0.678,-0.045,0.085,0.729,3095,230,225,3198,1893,2525,286,2504,46,1.044,1,2265,1,7.234,0.652,-6.750,-2.375,-1.063,-0.133,-0.055,1.008,0.383,0.527,0.105,0.008,0.006,1.292,1.389,2,NULL,NULL,,3,0,2,7,255,1337,250,0,0
stim,232796,262917,0,262917,3460239.455,-0.678,-0.046,0.084,0.729,3097,224,251,3184,1901,2525,271,2505,46,1.044,1,2265,1,6.258,0.876,-5.500,-2.813,1.000,-0.164,-0.074,0.965,0.699,0.527,0.105,0.010,0.008,1.292,1.389,2,NULL,NULL,,3,0,2,7,255,1337,250,0,0
stim,232796,262917,0,262917,3460244.453,-0.678,-0.046,0.084,0.729,3103,226,261,3199,1901,2521,239,2503,46,1.044,1,2265,1,3.392,0.797,0.375,-3.313,-0.625,-0.176,-0.059,0.957,0.781,0.160,-0.234,0.012,0.008,1.292,1.389,2,NULL,NULL,,3,0,2,7,255,1337,250,0,0
stim,232796,262917,0,262917,3460249.455,-0.678,-0.045,0.084,0.729,3093,223,269,3183,1909,2523,233,2505,46,1.044,1,2265,1,6.246,0.797,4.688,-3.500,-2.188,-0.152,-0.039,0.984,0.781,0.160,-0.234,0.016,0.010,1.292,1.389,2,NULL,NULL,,3,0,2,7,255,1337,250,0,0
stim,232796,262917,0,262917,3460254.454,-0.678,-0.045,0.084,0.729,3097,213,279,3189,1911,2525,237,2517,46,1.044,1,2265,1,5.580,0.618,4.188,-3.688,-0.063,-0.137,-0.016,1.000,0.551,0.281,-0.074,0.018,0.010,1.292,1.389,2,NULL,NULL,,3,0,2,7,255,1337,250,0,0
stim,232826,262947,0,262947,3460259.455,-0.678,-0.045,0.084,0.729,3100,209,285,3183,1910,2520,234,2509,46,1.044,1,2265,1,5.087,0.441,2.750,-3.750,2.063,-0.148,-0.008,0.988,0.340,0.281,-0.012,0.020,0.012,1.292,1.389,2,NULL,NULL,,3,0,2,7,255,1337,250,0,0
stim,232826,262947,0,262947,3460264.453,-0.678,-0.045,0.084,0.729,3092,197,301,3183,1911,2523,232,2520,46,1.044,1,2265,1,5.611,0.376,3.563,-3.938,1.813,-0.160,-0.004,0.984,0.250,0.281,-0.012,0.020,0.012,1.292,1.389,2,NULL,NULL,,3,0,2,7,255,1337,250,0,0
stim,232826,262947,0,262947,3460269.455,-0.678,-0.044,0.084,0.729,3083,188,315,3167,1917,2522,232,2516,46,1.044,1,2265,1,6.819,0.288,5.500,-4.000,0.500,-0.156,0.020,0.988,0.230,0.172,-0.012,0.022,0.012,1.292,1.389,2,NULL,NULL,,3,0,2,7,255,1337,250,0,0
stim,232826,262947,0,262947,3460274.454,-0.678,-0.044,0.084,0.729,3095,191,333,3177,1917,2518,231,2512,46,1.044,1,2265,1,7.441,0.172,6.188,-4.125,0.250,-0.156,0.047,1.008,0.012,0.172,-0.004,0.024,0.014,1.292,1.389,2,NULL,NULL,,3,0,2,7,255,1337,250,0,0
stim,232826,262947,0,262947,3460279.455,-0.678,-0.044,0.084,0.729,3089,189,345,3163,1928,2523,232,2517,46,1.044,1,2265,1,6.473,0.300,4.813,-4.313,-0.375,-0.164,0.063,1.016,-0.246,0.172,0.176,0.026,0.016,1.292,1.389,2,NULL,NULL,,3,0,2,7,255,1337,250,0,0
stim,232826,262947,0,262947,3460284.454,-0.678,-0.043,0.084,0.729,3076,185,351,3155,1931,2519,231,2523,46,1.044,1,2265,1,5.830,0.394,3.375,-4.313,-2.000,-0.172,0.070,1.004,-0.375,0.121,0.199,0.028,0.016,1.292,1.389,2,NULL,NULL,,3,0,2,7,255,1337,250,0,0
stim,232875,262996,0,262996,3460289.456,-0.678,-0.043,0.084,0.729,3067,185,363,3155,1943,2515,231,2519,46,1.044,1,2265,1,6.353,0.376,2.438,-4.563,-3.688,-0.172,0.055,1.000,-0.375,0.027,0.199,0.030,0.018,1.292,1.389,2,NULL,NULL,,3,0,2,7,255,1337,250,0,0
stim,232875,262996,0,262996,3460294.454,-0.679,-0.043,0.084,0.728,3059,183,393,3143,1947,2519,237,2517,46,1.044,1,2265,1,7.137,0.289,1.813,-4.625,-5.125,-0.172,0.039,1.000,-0.289,0.012,0.133,0.030,0.020,1.292,1.389,2,NULL,NULL,,3,0,2,7,255,1337,250,0,0
stim,232875,262996,0,262996,3460299.455,-0.679,-0.043,0.084,0.728,3064,188,407,3143,1957,2517,237,2530,46,1.044,1,2265,1,8.513,0.160,2.125,-5.375,-6.250,-0.176,0.039,0.992,-0.160,0.000,0.133,0.032,0.020,1.292,1.389,2,NULL,NULL,,3,0,2,7,255,1337,250,0,0
stim,232875,262996,0,262996,3460304.453,-0.679,-0.042,0.084,0.728,3051,182,443,3131,1963,2509,255,2534,46,1.044,1,2265,1,10.590,0.169,3.688,-6.125,-7.813,-0.184,0.051,0.996,-0.160,-0.055,0.133,0.034,0.020,1.292,1.389,2,NULL,NULL,,3,0,2,7,255,1337,250,0,0
stim,232875,262996,0,262996,3460309.455,-0.679,-0.042,0.084,0.728,3039,183,465,3115,1983,2507,279,2531,46,1.044,1,2265,1,12.804,0.247,4.188,-6.813,-10.000,-0.180,0.078,1.016,-0.234,-0.078,0.137,0.036,0.022,1.292,1.389,2,NULL,NULL,,3,0,2,7,255,1337,250,0,0
stim,232875,262996,0,262996,3460314.454,-0.680,-0.042,0.084,0.727,3027,181,495,3109,1997,2508,297,2537,46,1.044,1,2265,1,13.984,0.529,3.688,-7.250,-11.375,-0.172,0.121,1.031,-0.523,-0.078,0.301,0.036,0.022,1.292,1.389,2,NULL,NULL,,3,0,2,7,255,1337,250,0,0
stim,232875,262996,0,262996,3460319.455,-0.680,-0.041,0.084,0.727,3015,186,540,3096,2019,2507,339,2536,46,1.044,1,2265,1,14.408,0.914,1.875,-8.125,-11.750,-0.168,0.164,1.039,-0.914,0.008,0.457,0.038,0.022,1.292,1.389,2,NULL,NULL,,3,0,2,7,255,1337,250,0,0
stim,232875,262996,0,262996,3460324.454,-0.681,-0.041,0.083,0.727,3007,188,596,3093,2036,2505,349,2552,46,1.044,1,2265,1,15.216,1.352,-0.625,-8.563,-12.563,-0.172,0.195,1.055,-1.352,0.008,0.570,0.038,0.022,1.292,1.389,2,NULL,NULL,,3,0,2,7,255,1337,250,0,0
stim,232893,263014,0,263014,3460329.455,-0.681,-0.041,0.083,0.726,2985,184,645,3067,2065,2504,345,2553,46,1.044,1,2265,1,17.640,1.660,-3.500,-8.813,-14.875,-0.164,0.230,1.055,-1.660,0.012,0.711,0.038,0.020,1.292,1.389,2,NULL,NULL,,3,0,2,7,255,1337,250,0,0
stim,232893,263014,0,263014,3460334.454,-0.682,-0.040,0.083,0.726,2985,207,675,3064,2089,2502,365,2557,46,1.044,1,2265,1,19.620,1.934,-6.438,-8.563,-16.438,-0.137,0.223,1.066,-1.934,0.027,0.730,0.036,0.016,1.292,1.389,2,NULL,NULL,,3,0,2,7,255,1337,250,0,0
stim,232893,263014,0,263014,3460339.455,-0.682,-0.040,0.082,0.726,2965,230,725,3055,2131,2501,409,2581,46,1.044,1,2265,1,21.230,1.961,-12.063,-7.688,-15.688,-0.117,0.160,1.051,-1.934,0.328,0.730,0.036,0.012,1.292,1.389,2,NULL,NULL,,3,0,2,7,255,1337,250,0,0
stim,232893,263014,0,263014,3460344.453,-0.682,-0.041,0.081,0.725,2943,248,779,3039,2184,2505,441,2583,46,1.044,1,2265,1,21.533,1.407,-15.188,-7.125,-13.500,-0.121,0.121,1.000,-1.355,0.379,0.586,0.038,0.010,1.292,1.389,2,NULL,NULL,,3,0,2,7,255,1337,250,0,0
stim,232919,263041,0,263041,3460349.456,-0.683,-0.041,0.081,0.725,2941,247,845,3033,2211,2495,453,2589,46,1.044,1,2265,1,21.182,1.058,-13.875,-6.500,-14.625,-0.145,0.086,0.977,-0.988,0.379,0.090,0.040,0.008,1.292,1.389,2,NULL,NULL,,3,0,2,7,255,1337,250,0,0
stim,232919,263041,0,263041,3460354.454,-0.684,-0.041,0.080,0.724,2923,253,917,3023,2239,2504,487,2601,46,1.044,1,2265,1,22.850,0.641,-11.563,-5.875,-18.813,-0.148,0.051,0.977,-0.625,0.145,-0.109,0.042,0.008,1.292,1.389,2,NULL,NULL,,3,0,2,7,255,1337,250,0,0
stim,232919,263041,0,263041,3460359.455,-0.684,-0.041,0.080,0.724,2905,268,987,3017,2265,2491,531,2605,46,1.044,1,2265,1,24.176,0.355,-9.625,-5.438,-21.500,-0.129,0.047,0.980,-0.324,0.145,-0.121,0.044,0.008,1.292,1.389,2,NULL,NULL,,3,0,2,7,255,1337,250,0,0
stim,232919,263041,0,263041,3460364.453,-0.685,-0.041,0.079,0.723,2887,276,1082,3018,2295,2491,623,2611,46,1.044,1,2265,1,23.258,0.436,-9.063,-5.063,-20.813,-0.129,0.031,0.980,-0.305,0.313,-0.125,0.048,0.012,1.292,1.389,2,NULL,NULL,,3,0,2,7,255,1337,250,0,0
stim,232919,263041,0,263041,3460369.455,-0.686,-0.041,0.079,0.723,2868,272,1157,2991,2325,2495,727,2627,46,1.044,1,2265,1,23.454,0.353,-9.313,-5.000,-20.938,-0.160,0.008,0.980,-0.164,0.313,-0.121,0.050,0.016,1.292,1.389,2,NULL,NULL,,3,0,2,7,255,1337,250,0,0
stim,232919,263041,0,263041,3460374.454,-0.686,-0.042,0.078,0.722,2853,275,1241,2983,2357,2502,815,2637,46,1.044,1,2265,1,24.453,0.088,-9.750,-5.938,-21.625,-0.180,-0.004,0.969,0.086,0.020,-0.125,0.054,0.018,1.292,1.389,2,NULL,NULL,,3,0,2,7,255,1337,250,0,0
stim,232968,263089,0,263089,3460379.455,-0.687,-0.042,0.077,0.721,2833,302,1315,2972,2388,2491,919,2637,46,1.044,1,2265,1,26.955,0.261,-9.063,-6.875,-24.438,-0.207,0.000,0.969,0.168,-0.199,-0.137,0.058,0.022,1.292,1.389,2,NULL,NULL,,3,0,2,7,255,1337,250,0,0
stim,232968,263089,0,263089,3460384.454,-0.688,-0.042,0.077,0.721,2813,330,1408,2967,2421,2501,1007,2648,46,1.044,1,2265,1,31.097,0.472,-8.500,-7.813,-28.875,-0.211,0.027,0.980,0.168,-0.441,-0.137,0.060,0.024,1.292,1.389,2,NULL,NULL,,3,0,2,7,255,1337,250,0,0
stim,232968,263089,0,263089,3460389.455,-0.689,-0.042,0.076,0.720,2787,339,1495,2938,2442,2501,1101,2659,46,1.044,1,2265,1,36.637,0.456,-9.625,-8.500,-34.313,-0.195,0.035,0.996,-0.113,-0.441,0.008,0.062,0.026,1.292,1.389,2,NULL,NULL,,3,0,2,7,255,1337,250,0,0
stim,232968,263089,0,263089,3460394.455,-0.690,-0.042,0.075,0.718,2763,357,1597,2935,2471,2506,1195,2667,46,1.044,1,2265,1,41.638,0.355,-14.063,-8.813,-38.188,-0.164,0.000,1.004,-0.113,-0.336,0.137,0.064,0.026,1.292,1.389,2,NULL,NULL,,3,0,2,7,255,1337,250,0,0
stim,232968,263089,0,263089,3460399.455,-0.691,-0.043,0.074,0.717,2743,379,1694,2919,2488,2508,1258,2681,46,1.044,1,2265,1,43.701,0.098,-19.500,-9.250,-38.000,-0.133,-0.055,0.984,0.098,0.008,0.137,0.064,0.028,1.292,1.389,2,NULL,NULL,,3,0,2,7,255,1337,250,0,0
stim,232968,263089,0,263089,3460404.453,-0.692,-0.043,0.073,0.716,2714,394,1783,2906,2519,2503,1368,2695,46,1.044,1,2265,1,41.399,0.676,-21.125,-9.500,-34.313,-0.117,-0.102,0.945,0.613,0.285,-0.109,0.064,0.028,1.292,1.389,2,NULL,NULL,,3,0,2,7,255,1337,250,0,0
stim,232968,263089,0,263089,3460409.457,-0.693,-0.043,0.072,0.716,2681,413,1850,2877,2543,2504,1444,2696,46,1.044,1,2265,1,35.962,1.077,-18.188,-10.688,-29.125,-0.125,-0.105,0.930,1.039,0.285,-0.496,0.064,0.026,1.292,1.389,2,NULL,NULL,,3,0,2,7,255,1337,250,0,0
stim,232968,263089,0,263089,3460414.454,-0.694,-0.044,0.071,0.715,2649,426,1927,2862,2575,2507,1529,2703,46,1.044,1,2265,1,31.837,1.072,-13.063,-12.000,-26.438,-0.152,-0.055,0.945,1.039,0.262,-0.496,0.064,0.026,1.292,1.389,2,NULL,NULL,,3,0,2,7,255,1337,250,0,0
stim,232990,263111,0,263111,3460419.457,-0.695,-0.044,0.070,0.714,2615,441,2014,2843,2583,2509,1597,2715,46,1.044,1,2265,1,32.502,0.563,-9.563,-12.500,-28.438,-0.164,0.023,0.988,0.563,-0.027,-0.445,0.062,0.024,1.292,1.389,2,NULL,NULL,,3,0,2,7,255,1337,250,0,0
stim,232990,263111,0,263111,3460424.454,-0.696,-0.043,0.070,0.713,2580,488,2103,2825,2612,2517,1676,2727,46,1.044,1,2265,1,35.977,0.232,-10.375,-12.438,-32.125,-0.141,0.074,1.023,-0.230,-0.027,-0.012,0.060,0.022,1.292,1.389,2,NULL,NULL,,3,0,2,7,255,1337,250,0,0
stim,232990,263111,0,263111,3460429.455,-0.697,-0.043,0.069,0.712,2537,487,2168,2815,2635,2509,1749,2738,46,1.044,1,2265,1,38.035,0.689,-14.875,-12.688,-32.625,-0.121,0.066,1.039,-0.672,0.152,0.324,0.060,0.022,1.292,1.389,2,NULL,NULL,,3,0,2,7,255,1337,250,0,0
stim,232990,263111,0,263111,3460434.454,-0.698,-0.044,0.068,0.712,2501,507,2223,2792,2657,2511,1817,2744,46,1.044,1,2265,1,39.525,0.771,-20.313,-12.063,-31.688,-0.113,0.043,1.035,-0.672,0.379,0.371,0.060,0.022,1.292,1.389,2,NULL,NULL,,3,0,2,7,255,1337,250,0,0
stim,232990,263111,0,263111,3460439.455,-0.699,-0.044,0.066,0.711,2463,527,2291,2776,2671,2511,1899,2751,46,1.044,1,2265,1,40.275,0.600,-22.688,-11.938,-31.063,-0.113,0.012,1.004,-0.465,0.379,0.371,0.060,0.024,1.292,1.389,2,NULL,NULL,,3,0,2,7,255,1337,250,0,0
stim,232990,263111,0,263111,3460444.454,-0.700,-0.044,0.065,0.710,2420,547,2349,2749,2697,2516,1971,2769,46,1.044,1,2265,1,40.126,0.420,-23.000,-12.125,-30.563,-0.129,-0.008,1.000,-0.203,0.367,0.094,0.060,0.026,1.292,1.389,2,NULL,NULL,,3,0,2,7,255,1337,250,0,0
stim,233016,263137,0,263137,3460449.457,-0.701,-0.045,0.064,0.709,2365,565,2397,2723,2719,2514,2015,2776,46,1.044,1,2265,1,43.786,0.247,-24.938,-12.500,-33.750,-0.152,0.000,1.027,-0.129,0.211,0.094,0.062,0.028,1.292,1.389,2,NULL,NULL,,3,0,2,7,255,1337,250,0,0
stim,233016,263137,0,263137,3460454.453,-0.702,-0.045,0.063,0.708,2301,585,2453,2708,2725,2515,2061,2779,46,1.044,1,2265,1,52.720,0.129,-31.000,-11.938,-40.938,-0.152,0.012,1.039,-0.129,0.012,0.367,0.064,0.026,1.292,1.389,2,NULL,NULL,,3,0,2,7,255,1337,250,0,0
stim,233016,263137,0,263137,3460459.457,-0.703,-0.046,0.061,0.707,2263,591,2495,2676,2744,2515,2119,2795,46,1.044,1,2265,1,56.925,0.239,-35.063,-11.625,-43.313,-0.098,0.004,1.000,-0.238,0.012,0.367,0.066,0.026,1.292,1.389,2,NULL,NULL,,3,0,2,7,255,1337,250,0,0
stim,233016,263137,0,263137,3460464.454,-0.705,-0.047,0.059,0.706,2182,607,2547,2637,2751,2516,2159,2795,46,1.044,1,2265,1,52.295,0.526,-34.000,-11.813,-37.938,-0.074,-0.043,0.957,-0.238,0.469,0.027,0.066,0.026,1.292,1.389,2,NULL,NULL,,3,0,2,7,255,1337,250,0,0
stim,233036,263157,0,263157,3460469.456,-0.705,-0.047,0.058,0.705,2133,616,2570,2611,2765,2516,2199,2802,46,1.044,1,2265,1,41.204,0.523,-28.125,-12.813,-27.250,-0.086,-0.078,0.938,0.215,0.477,-0.441,0.066,0.026,1.292,1.389,2,NULL,NULL,,3,0,2,7,255,1337,250,0,0
stim,233036,263157,0,263157,3460474.454,-0.706,-0.048,0.057,0.704,2069,616,2599,2571,2779,2522,2238,2821,46,1.044,1,2265,1,33.476,0.639,-21.625,-13.313,-21.813,-0.133,-0.070,0.961,0.426,0.477,-0.441,0.066,0.026,1.292,1.389,2,NULL,NULL,,3,0,2,7,255,1337,250,0,0
stim,233036,263157,0,263157,3460479.455,-0.707,-0.048,0.056,0.704,1989,613,2637,2525,2804,2521,2285,2830,46,1.044,1,2265,1,35.242,0.459,-19.625,-14.375,-25.500,-0.180,-0.078,1.004,0.457,0.039,-0.305,0.068,0.026,1.292,1.389,2,NULL,NULL,,3,0,2,7,255,1337,250,0,0
stim,233036,263157,0,263157,3460484.453,-0.708,-0.048,0.054,0.703,1916,609,2659,2487,2808,2514,2322,2829,46,1.044,1,2265,1,40.127,0.431,-21.813,-15.188,-30.063,-0.148,-0.063,1.008,0.426,-0.066,0.184,0.068,0.026,1.292,1.389,2,NULL,NULL,,3,0,2,7,255,1337,250,0,0
stim,233073,263194,0,263194,3460489.456,-0.709,-0.049,0.053,0.702,1836,587,2691,2429,2835,2519,2365,2853,46,1.044,1,2265,1,40.047,0.285,-22.563,-15.813,-29.063,-0.125,-0.027,1.000,0.277,-0.066,0.184,0.070,0.026,1.292,1.389,2,NULL,NULL,,3,0,2,7,255,1337,250,0,0
stim,233073,263194,0,263194,3460494.455,-0.709,-0.049,0.052,0.701,1728,583,2719,2361,2839,2517,2395,2847,46,1.044,1,2265,1,36.956,0.143,-21.500,-16.875,-24.875,-0.125,-0.016,1.004,-0.070,0.125,0.094,0.070,0.026,1.292,1.389,2,NULL,NULL,,3,0,2,7,255,1337,250,0,0
stim,233073,263194,0,263194,3460499.455,-0.710,-0.049,0.050,0.701,1619,557,2741,2298,2854,2511,2429,2863,46,1.044,1,2265,1,38.682,0.154,-23.438,-17.500,-25.313,-0.148,-0.031,1.031,-0.090,0.125,0.094,0.072,0.026,1.292,1.389,2,NULL,NULL,,3,0,2,7,255,1337,250,0,0
stim,233073,263194,0,263194,3460504.454,-0.711,-0.049,0.049,0.700,1479,541,2761,2230,2865,2513,2457,2871,46,1.044,1,2265,1,44.650,0.112,-28.313,-17.938,-29.500,-0.148,-0.035,1.035,-0.098,-0.055,0.402,0.072,0.026,1.292,1.389,2,NULL,NULL,,3,0,2,7,255,1337,250,0,0
stim,233073,263194,0,263194,3460509.457,-0.712,-0.050,0.047,0.699,1342,521,2781,2153,2868,2502,2480,2869,46,1.044,1,2265,1,47.366,0.112,-30.125,-18.000,-31.813,-0.109,-0.020,0.996,-0.098,-0.055,0.402,0.072,0.026,1.292,1.389,2,NULL,NULL,,3,0,2,7,255,1337,250,0,0
stim,233073,263194,0,263194,3460514.453,-0.713,-0.050,0.046,0.698,1221,491,2807,2059,2885,2496,2519,2887,46,1.044,1,2265,1,43.433,0.309,-26.813,-18.563,-28.688,-0.082,-0.023,0.969,-0.215,0.223,0.016,0.072,0.024,1.292,1.389,2,NULL,NULL,,3,0,2,7,255,1337,250,0,0
stim,233073,263194,0,263194,3460519.455,-0.713,-0.050,0.044,0.698,1115,459,2821,1951,2893,2489,2539,2889,46,1.044,1,2265,1,35.245,0.376,-19.375,-19.063,-22.438,-0.094,-0.039,0.965,-0.215,0.309,-0.301,0.072,0.024,1.292,1.389,2,NULL,NULL,,3,0,2,7,255,1337,250,0,0
stim,233073,263194,0,263194,3460524.454,-0.714,-0.050,0.043,0.697,989,397,2843,1832,2891,2491,2567,2889,46,1.044,1,2265,1,33.191,0.317,-16.500,-19.438,-21.250,-0.117,-0.055,1.012,-0.074,0.309,-0.301,0.072,0.024,1.292,1.389,2,NULL,NULL,,3,0,2,7,255,1337,250,0,0
stim,233096,263217,0,263217,3460529.455,-0.715,-0.050,0.042,0.696,871,374,2867,1717,2920,2477,2603,2894,46,1.044,1,2265,1,34.720,0.113,-17.125,-19.938,-22.688,-0.121,-0.051,1.027,-0.027,0.109,0.168,0.072,0.024,1.292,1.389,2,NULL,NULL,,3,0,2,7,255,1337,250,0,0
stim,233096,263217,0,263217,3460534.454,-0.715,-0.050,0.041,0.696,727,357,2872,1591,2919,2477,2617,2905,46,1.044,1,2265,1,35.524,0.113,-17.438,-20.500,-23.188,-0.113,-0.039,1.008,-0.027,0.109,0.168,0.072,0.024,1.292,1.389,2,NULL,NULL,,3,0,2,7,255,1337,250,0,0
stim,233096,263217,0,263217,3460539.455,-0.716,-0.050,0.040,0.695,573,304,2889,1431,2937,2463,2643,2907,46,1.044,1,2265,1,33.698,0.175,-13.125,-21.313,-22.563,-0.105,-0.020,0.988,-0.137,0.109,0.121,0.072,0.024,1.292,1.389,2,NULL,NULL,,3,0,2,7,255,1337,250,0,0
stim,233096,263217,0,263217,3460544.453,-0.717,-0.049,0.039,0.695,445,269,2899,1243,2935,2453,2653,2908,46,1.044,1,2265,1,30.075,0.370,-8.688,-23.375,-16.813,-0.078,-0.016,1.039,-0.336,0.156,0.121,0.074,0.024,1.292,1.389,2,NULL,NULL,,3,0,2,7,255,1337,250,0,0
stim,233096,263217,0,263217,3460549.455,-0.717,-0.049,0.038,0.694,329,228,2911,1045,2957,2446,2679,2924,46,1.044,1,2265,1,27.880,0.374,-10.500,-23.188,-11.375,-0.129,-0.023,1.035,-0.340,0.156,0.379,0.076,0.026,1.292,1.389,2,NULL,NULL,,3,0,2,7,255,1337,250,0,0
stim,233096,263217,0,263217,3460554.454,-0.717,-0.048,0.036,0.694,213,179,2919,886,2966,2421,2685,2923,46,1.044,1,2265,1,31.592,0.346,-9.813,-24.313,-17.625,-0.180,-0.039,1.027,-0.340,-0.066,0.402,0.076,0.026,1.292,1.389,2,NULL,NULL,,3,0,2,7,255,1337,250,0,0
stim,233126,263247,0,263247,3460559.455,-0.718,-0.048,0.035,0.693,119,155,2930,711,2979,2412,2711,2923,46,1.044,1,2265,1,35.307,0.346,-4.375,-26.750,-22.625,-0.141,-0.043,1.023,-0.230,-0.258,0.402,0.078,0.028,1.292,1.389,2,NULL,NULL,,3,0,2,7,255,1337,250,0,0
stim,233126,263247,0,263247,3460564.453,-0.719,-0.047,0.034,0.693,62,115,2936,521,2976,2403,2719,2935,46,1.044,1,2265,1,37.435,0.346,-2.188,-28.000,-24.750,-0.102,-0.008,1.047,-0.230,-0.258,0.402,0.080,0.030,1.292,1.389,2,NULL,NULL,,3,0,2,7,255,1337,250,0,0
stim,233126,263247,0,263247,3460569.455,-0.720,-0.046,0.033,0.692,29,53,2943,327,2981,2373,2747,2938,46,1.044,1,2265,1,37.799,0.545,1.563,-30.875,-21.750,-0.094,0.027,1.070,-0.527,0.137,0.484,0.082,0.032,1.292,1.389,2,NULL,NULL,,3,0,2,7,255,1337,250,0,0
stim,233126,263247,0,263247,3460574.454,-0.720,-0.045,0.032,0.692,12,45,2955,188,2988,2341,2762,2935,46,1.044,1,2265,1,38.321,0.910,0.813,-33.125,-19.250,-0.086,0.055,1.098,-0.883,0.219,0.688,0.086,0.034,1.292,1.389,2,NULL,NULL,,3,0,2,7,255,1337,250,0,0
stim,233126,263247,0,263247,3460579.455,-0.721,-0.043,0.031,0.691,0,38,2963,138,3011,2309,2787,2955,46,1.044,1,2265,1,39.762,1.138,2.625,-35.938,-16.813,-0.121,0.051,1.090,-1.117,0.219,0.906,0.088,0.038,1.292,1.389,2,NULL,NULL,,3,0,2,7,255,1337,250,0,0
stim,233126,263247,0,263247,3460584.454,-0.721,-0.042,0.030,0.691,0,14,2971,103,3007,2291,2807,2950,46,1.044,1,2265,1,44.816,1.118,4.125,-40.438,-18.875,-0.180,-0.012,1.121,-1.117,-0.051,0.930,0.090,0.040,1.292,1.389,2,NULL,NULL,,3,0,2,7,255,1337,250,0,0
stim,233170,263291,0,263291,3460589.457,-0.722,-0.040,0.030,0.690,0,1,2973,89,3013,2264,2812,2949,46,1.044,1,2265,0,51.249,0.853,19.063,-46.313,-10.875,-0.289,-0.102,1.250,-0.535,-0.664,1.289,0.094,0.044,1.292,1.389,3,NULL,NULL,,3,0,2,7,255,1337,250,0,0
stim,233170,263291,0,263291,3460594.455,-0.722,-0.037,0.029,0.690,0,0,2985,75,3029,2239,2839,2955,46,1.044,1,2265,0,66.839,1.691,35.000,-56.625,-6.000,-0.406,-0.102,1.496,0.105,-1.688,2.684,0.098,0.046,1.292,1.389,3,NULL,NULL,,3,0,2,7,255,1337,250,0,0
stim,233170,263291,0,263291,3460599.455,-0.722,-0.035,0.027,0.690,0,0,2985,47,3034,2207,2853,2955,46,1.044,1,2265,0,64.453,1.691,7.250,-63.813,-5.438,-0.184,0.039,1.508,0.105,-1.688,5.051,0.102,0.050,1.292,1.389,3,NULL,NULL,,3,0,2,7,255,1337,250,0,0
stim,233170,263291,0,263291,3460604.453,-0.722,-0.035,0.024,0.690,0,0,2997,0,3042,2171,2869,2965,46,1.044,1,2265,0,77.070,0.802,-47.188,-60.313,-8.688,-0.027,0.004,1.188,-0.645,-0.477,5.051,0.106,0.054,1.292,1.389,3,NULL,NULL,,3,0,2,7,255,1337,250,0,0
stim,233170,263291,0,263291,3460609.455,-0.722,-0.034,0.021,0.691,0,0,2990,0,3044,2135,2887,2963,46,1.044,1,2265,0,76.755,0.645,-39.563,-64.563,12.563,-0.070,-0.051,0.953,-0.645,0.000,1.801,0.110,0.058,1.292,1.389,3,NULL,NULL,,3,0,2,7,255,1337,250,0,0
stim,233170,263291,0,263291,3460614.454,-0.721,-0.032,0.018,0.692,0,0,2993,0,3055,2073,2899,2959,46,1.044,1,2265,0,76.406,0.129,-10.125,-70.063,28.750,-0.195,-0.051,0.965,-0.129,0.000,-0.242,0.112,0.062,1.292,1.389,3,NULL,NULL,,3,0,2,7,255,1337,250,0,0
stim,233170,263291,0,263291,3460619.455,-0.721,-0.030,0.016,0.693,0,0,2988,0,3051,1992,2897,2965,46,1.044,1,2265,0,75.826,1.291,6.500,-74.250,13.938,-0.238,-0.121,1.023,-0.074,-1.289,-0.242,0.112,0.066,1.292,1.389,3,NULL,NULL,,3,0,2,7,255,1337,250,0,0
stim,233170,263291,0,263291,3460624.454,-0.720,-0.028,0.014,0.693,0,0,3000,0,3063,1927,2907,2967,46,1.044,1,2265,0,77.414,1.381,6.688,-77.000,4.375,-0.164,-0.188,1.164,0.496,-1.289,0.395,0.108,0.070,1.292,1.389,3,NULL,NULL,,3,0,2,7,255,1337,250,0,0
stim,233194,263315,0,263315,3460629.457,-0.720,-0.026,0.011,0.694,0,0,2991,0,3063,1833,2917,2971,46,1.044,1,2265,0,82.698,1.512,-11.875,-78.688,22.500,0.016,-0.238,1.262,1.105,-1.031,1.734,0.104,0.072,1.292,1.389,3,NULL,NULL,,3,0,2,7,255,1337,250,0,0
stim,233194,263315,0,263315,3460634.454,-0.719,-0.024,0.008,0.695,0,0,2980,0,3063,1751,2924,2962,46,1.044,1,2265,0,87.453,1.512,-12.625,-81.688,28.563,-0.309,-0.102,0.969,1.105,-1.031,1.734,0.098,0.076,1.292,1.389,3,NULL,NULL,,3,0,2,7,255,1337,250,0,0
stim,233194,263315,0,263315,3460639.455,-0.718,-0.022,0.006,0.695,0,0,2983,0,3083,1647,2943,2967,46,1.044,1,2265,0,86.789,1.855,3.188,-86.438,7.125,-0.223,-0.063,1.047,0.313,-1.828,0.539,0.094,0.078,1.292,1.389,3,NULL,NULL,,3,0,2,7,255,1337,250,0,0
stim,233194,263315,0,263315,3460644.454,-0.718,-0.018,0.004,0.695,0,0,2975,0,3079,1545,2956,2967,46,1.044,1,2265,0,90.841,1.840,17.625,-89.063,-3.063,-0.180,-0.090,1.059,0.207,-1.828,0.539,0.088,0.086,1.292,1.389,3,NULL,NULL,,3,0,2,7,255,1337,250,0,0
stim,233216,263337,0,263337,3460649.456,-0.719,-0.015,0.002,0.695,0,0,2963,0,3079,1405,2952,2956,46,1.044,1,2265,0,96.200,1.506,24.375,-93.000,-3.375,-0.133,-0.098,1.109,0.207,-1.492,0.648,0.086,0.092,1.292,1.389,3,NULL,NULL,,3,0,2,7,255,1337,250,0,0
stim,233216,263337,0,263337,3460654.453,-0.719,-0.011,-0.001,0.695,0,0,2967,0,3083,1274,2962,2952,46,1.044,1,2265,0,99.360,1.338,25.875,-95.875,-3.313,-0.145,-0.113,1.152,0.277,-1.309,1.105,0.082,0.100,1.292,1.389,3,NULL,NULL,,3,0,2,7,255,1337,250,0,0
stim,233216,263337,0,263337,3460659.455,-0.719,-0.008,-0.003,0.695,0,0,2942,0,3097,1131,2966,2952,46,1.044,1,2265,0,101.137,1.128,17.500,-99.563,-3.125,-0.098,-0.082,1.215,0.277,-1.094,1.535,0.080,0.106,1.292,1.389,3,NULL,NULL,,3,0,2,7,255,1337,250,0,0
stim,233216,263337,0,263337,3460664.453,-0.718,-0.004,-0.006,0.696,0,0,2927,0,3087,947,2972,2940,46,1.044,1,2265,0,103.593,0.945,12.125,-102.625,7.250,-0.082,-0.074,1.133,0.145,-0.934,1.535,0.078,0.114,1.292,1.389,3,NULL,NULL,,3,0,2,7,255,1337,250,0,0
stim,233216,263337,0,263337,3460669.456,-0.718,-0.001,-0.008,0.696,0,0,2923,0,3099,757,2989,2933,46,1.044,1,2265,0,108.886,0.940,20.500,-106.875,3.688,-0.188,-0.035,1.090,0.109,-0.934,1.328,0.076,0.120,1.292,1.389,3,NULL,NULL,,3,0,2,7,255,1337,250,0,0
stim,233216,263337,0,263337,3460674.454,-0.718,0.004,-0.011,0.696,0,0,2909,0,3107,631,2987,2931,46,1.044,1,2265,0,117.634,1.293,29.500,-113.875,-0.188,-0.102,-0.016,1.117,-0.281,-1.262,1.117,0.076,0.128,1.292,1.389,3,NULL,NULL,,3,0,2,7,255,1337,250,0,0
stim,233269,263390,0,263390,3460679.457,-0.718,0.008,-0.013,0.696,0,0,2885,0,3093,508,2991,2915,46,1.044,1,2265,0,123.073,1.327,35.563,-117.813,1.563,-0.059,0.051,1.230,-0.410,-1.262,1.117,0.078,0.134,1.292,1.389,3,NULL,NULL,,3,0,2,7,255,1337,250,0,0
stim,233269,263390,0,263390,3460684.453,-0.717,0.013,-0.016,0.697,0,0,2871,0,3097,353,3002,2904,46,1.044,1,2265,0,124.075,1.438,21.750,-121.563,12.000,-0.016,0.109,1.352,-1.070,-0.961,2.180,0.082,0.142,1.292,1.389,3,NULL,NULL,,3,0,2,7,255,1337,250,0,0
stim,233269,263390,0,263390,3460689.455,-0.716,0.017,-0.020,0.697,0,0,2842,0,3099,181,3003,2895,46,1.044,1,2265,0,128.201,1.905,1.313,-126.625,20.000,-0.070,0.164,1.383,-1.645,-0.961,3.359,0.088,0.150,1.292,1.389,3,NULL,NULL,,3,0,2,7,255,1337,250,0,0
stim,233269,263390,0,263390,3460694.454,-0.715,0.020,-0.024,0.698,0,0,2823,0,3100,107,3015,2873,46,1.044,1,2265,0,133.684,2.609,-16.125,-131.125,20.438,-0.105,0.203,1.332,-2.215,-1.379,3.359,0.094,0.158,1.292,1.389,3,NULL,NULL,,3,0,2,7,255,1337,250,0,0
stim,233269,263390,0,263390,3460699.455,-0.715,0.024,-0.029,0.698,0,0,2790,0,3109,37,3021,2851,46,1.044,1,2265,0,138.351,3.052,-19.250,-136.375,13.125,-0.137,0.188,1.262,-2.449,-1.820,3.074,0.102,0.164,1.292,1.389,3,NULL,NULL,,3,0,2,7,255,1337,250,0,0
stim,233269,263390,0,263390,3460704.454,-0.714,0.028,-0.033,0.698,0,0,2748,0,3109,3,3019,2824,46,1.044,1,2265,0,141.744,3.336,-8.313,-141.500,0.313,-0.137,0.176,1.305,-2.449,-2.266,2.723,0.110,0.172,1.292,1.389,3,NULL,NULL,,3,0,2,7,255,1337,250,0,0
stim,233269,263390,0,263390,3460709.455,-0.714,0.032,-0.038,0.698,0,0,2717,0,3093,0,3015,2787,46,1.044,1,2265,0,148.001,3.385,-6.875,-147.750,-5.188,-0.105,0.215,1.383,-2.449,-2.336,2.723,0.120,0.178,1.292,1.389,3,NULL,NULL,,3,0,2,7,255,1337,250,0,0
stim,233269,263390,0,263390,3460714.453,-0.714,0.036,-0.043,0.698,0,0,2676,0,3092,0,3016,2747,46,1.044,1,2265,0,152.035,3.681,-11.313,-151.438,-7.313,-0.094,0.262,1.570,-2.758,-2.438,3.504,0.130,0.186,1.292,1.389,3,NULL,NULL,,3,0,2,7,255,1337,250,0,0
stim,233290,263411,0,263411,3460719.457,-0.714,0.040,-0.048,0.698,0,0,2627,0,3063,0,3017,2685,46,1.044,1,2265,0,161.316,4.185,-28.438,-158.750,3.563,-0.137,0.258,1.754,-3.297,-2.578,5.281,0.142,0.196,1.292,1.389,3,NULL,NULL,,3,0,2,7,255,1337,250,0,0
stim,233290,263411,0,263411,3460724.454,-0.713,0.044,-0.055,0.698,0,0,2585,0,3087,0,3029,2644,46,1.044,1,2265,0,174.300,4.837,-42.500,-168.563,12.688,-0.227,0.254,1.828,-3.395,-3.445,6.945,0.154,0.206,1.292,1.389,3,NULL,NULL,,3,0,2,7,255,1337,250,0,0
stim,233290,263411,0,263411,3460729.455,-0.711,0.048,-0.062,0.698,0,0,2531,0,3069,0,3017,2583,46,1.044,1,2265,0,191.299,5.813,-54.375,-182.188,21.125,-0.262,0.301,1.891,-3.484,-4.652,7.516,0.170,0.220,1.292,1.389,3,NULL,NULL,,3,0,2,7,255,1337,250,0,0
stim,233290,263411,0,263411,3460734.454,-0.710,0.051,-0.071,0.699,0,0,2461,0,3061,0,3016,2513,46,1.044,1,2265,0,211.559,6.712,-74.000,-196.313,27.250,-0.336,0.348,1.852,-4.051,-5.352,7.516,0.186,0.236,1.292,1.389,3,NULL,NULL,,3,0,2,7,255,1337,250,0,0
stim,233290,263411,0,263411,3460739.455,-0.709,0.055,-0.080,0.699,0,0,2387,0,3045,0,3000,2403,46,1.044,1,2265,0,230.240,7.840,-88.313,-211.125,25.250,-0.363,0.359,1.734,-4.629,-6.328,7.285,0.202,0.252,1.292,1.389,3,NULL,NULL,,3,0,2,7,255,1337,250,0,0
stim,233290,263411,0,263411,3460744.453,-0.707,0.059,-0.090,0.699,0,0,2329,0,3035,3,2999,2285,46,1.044,1,2265,0,240.664,8.124,-81.875,-225.688,16.750,-0.406,0.273,1.707,-4.629,-6.676,5.961,0.222,0.272,1.292,1.389,3,NULL,NULL,,3,0,2,7,255,1337,250,0,0
stim,233317,263438,0,263438,3460749.455,-0.706,0.064,-0.099,0.698,0,0,2239,0,3033,16,2984,2151,46,1.044,1,2265,0,255.292,8.404,-81.000,-241.813,11.813,-0.410,0.211,1.801,-4.043,-7.367,5.961,0.246,0.296,1.292,1.389,3,NULL,NULL,,3,0,2,7,255,1337,250,0,0
stim,233317,263438,0,263438,3460754.453,-0.704,0.069,-0.110,0.698,0,0,2157,0,3001,45,2954,2027,46,1.044,1,2265,0,274.340,8.762,-89.563,-258.875,15.000,-0.422,0.191,1.926,-3.660,-7.961,6.219,0.272,0.324,1.292,1.389,3,NULL,NULL,,3,0,2,7,255,1337,250,0,0
stim,233317,263438,0,263438,3460759.457,-0.702,0.074,-0.122,0.697,0,0,2071,0,2984,69,2923,1928,46,1.044,1,2265,0,299.041,9.459,-108.688,-277.938,19.063,-0.430,0.355,1.941,-3.660,-8.723,6.898,0.300,0.354,1.292,1.389,3,NULL,NULL,,3,0,2,7,255,1337,250,0,0
stim,233317,263438,0,263438,3460764.454,-0.700,0.079,-0.135,0.696,0,0,1989,0,2959,77,2897,1828,46,1.044,1,2265,0,319.003,10.704,-115.875,-296.813,15.438,-0.418,0.438,1.871,-5.426,-9.227,6.898,0.332,0.386,1.292,1.389,3,NULL,NULL,,3,0,2,7,255,1337,250,0,0
stim,233336,263457,0,263457,3460769.455,-0.698,0.085,-0.148,0.695,0,0,1863,0,2919,75,2828,1693,46,1.044,1,2265,0,332.829,11.268,-106.625,-315.125,10.125,-0.418,0.473,1.961,-6.344,-9.313,6.359,0.368,0.424,1.292,1.389,3,NULL,NULL,,3,0,2,7,255,1337,250,0,0
stim,233336,263457,0,263457,3460774.454,-0.696,0.093,-0.161,0.694,0,0,1801,0,2875,75,2765,1583,46,1.044,1,2265,0,343.557,12.179,-89.688,-331.500,9.750,-0.461,0.516,2.293,-6.930,-10.016,6.359,0.404,0.462,1.292,1.389,3,NULL,NULL,,3,0,2,7,255,1337,250,0,0
stim,233336,263457,0,263457,3460779.457,-0.693,0.100,-0.174,0.693,0,0,1704,0,2835,61,2677,1495,46,1.044,1,2265,0,361.467,14.359,-90.688,-349.688,12.375,-0.582,0.695,2.723,-7.855,-12.020,8.820,0.446,0.504,1.292,1.389,3,NULL,NULL,,3,0,2,7,255,1337,250,0,0
stim,233336,263457,0,263457,3460784.453,-0.690,0.107,-0.189,0.690,0,0,1567,0,2767,31,2533,1367,46,1.044,1,2265,0,393.901,18.349,-143.500,-366.813,3.750,-0.582,0.883,2.805,-10.262,-15.211,11.410,0.492,0.552,1.292,1.389,3,NULL,NULL,,3,0,2,7,255,1337,250,0,0
stim,233374,263495,0,263495,3460789.455,-0.688,0.112,-0.207,0.686,0,0,1434,0,2703,6,2391,1267,46,1.044,1,2265,0,425.532,18.550,-198.250,-375.875,-22.188,-0.391,0.699,2.441,-10.617,-15.211,11.410,0.546,0.606,1.292,1.389,3,NULL,NULL,,3,0,2,7,255,1337,250,0,0
stim,233374,263495,0,263495,3460794.454,-0.686,0.118,-0.224,0.682,0,0,1263,0,2611,0,2183,1148,46,1.044,1,2265,0,428.760,17.273,-188.625,-384.375,-22.625,-0.262,0.383,2.156,-10.617,-13.625,8.637,0.608,0.668,1.292,1.389,3,NULL,NULL,,3,0,2,7,255,1337,250,0,0
stim,233374,263495,0,263495,3460799.455,-0.682,0.125,-0.241,0.679,0,0,1075,0,2487,0,1892,1031,46,1.044,1,2265,0,434.349,14.698,-168.875,-400.063,9.500,-0.316,0.211,2.074,-7.414,-12.691,6.691,0.678,0.738,1.292,1.389,3,NULL,NULL,,3,0,2,7,255,1337,250,0,0
stim,233374,263495,1,263495,3460804.454,-0.677,0.132,-0.258,0.676,0,0,869,0,2317,0,1555,927,46,1.044,1,2265,0,447.311,13.980,-162.813,-415.813,26.063,-0.379,-0.004,1.996,-5.863,-12.691,5.488,0.754,0.816,1.292,1.389,3,NULL,NULL,,3,1,2,7,255,1337,250,0,0
stim,233374,263495,1,263495,3460809.455,-0.672,0.140,-0.276,0.673,0,0,601,0,2120,0,1136,805,46,1.044,1,2265,0,457.999,13.255,-157.875,-429.563,17.750,-0.184,-0.309,1.676,-3.824,-12.691,4.422,0.830,0.892,1.292,1.389,3,NULL,NULL,,3,1,2,7,255,1337,250,0,0
stim,233374,263495,1,263495,3460814.453,-0.667,0.149,-0.292,0.670,0,0,380,0,1843,0,610,687,46,1.044,1,2265,0,453.874,10.893,-114.063,-439.000,16.438,0.133,-0.555,1.250,-0.547,-10.879,3.012,0.904,0.968,1.292,1.389,3,NULL,NULL,,3,1,2,7,255,1337,250,0,0
stim,233374,263495,1,263495,3460819.455,-0.660,0.160,-0.306,0.667,0,0,263,0,1529,0,219,539,46,1.044,1,2265,0,446.850,6.794,-36.438,-444.438,28.688,0.430,-0.465,1.141,1.555,-6.613,2.242,0.978,1.042,1.292,1.389,3,NULL,NULL,,3,1,2,7,255,1337,250,0,0
stim,233374,263495,1,263495,3460824.454,-0.652,0.174,-0.318,0.667,0,0,184,0,1172,0,0,457,46,1.044,1,2265,0,455.909,6.794,61.500,-449.375,46.188,0.367,-0.211,1.672,1.555,-6.613,2.242,1.042,1.108,1.292,1.389,3,NULL,NULL,,3,1,2,7,255,1337,250,0,0
stim,233396,263517,1,263517,3460829.456,-0.642,0.188,-0.329,0.667,0,0,100,0,804,0,0,339,46,1.044,1,2265,0,466.271,8.326,84.313,-451.000,83.063,0.086,0.133,2.383,-1.887,-8.109,4.949,1.100,1.168,1.292,1.389,3,NULL,NULL,,3,1,2,7,255,1337,250,0,0
stim,233396,263517,1,263517,3460834.454,-0.631,0.199,-0.342,0.667,0,0,110,0,365,0,0,277,46,1.044,1,2265,0,463.662,16.388,6.063,-446.750,123.938,-0.219,0.285,2.574,-6.137,-15.195,5.234,1.150,1.220,1.292,1.389,3,NULL,NULL,,3,1,2,7,255,1337,250,0,0
stim,233396,263517,1,263517,3460839.455,-0.620,0.207,-0.358,0.667,0,0,111,0,23,0,0,151,46,1.044,1,2265,0,487.334,20.182,-81.313,-448.688,171.938,-0.582,0.266,2.203,-6.137,-19.227,5.234,1.194,1.268,1.292,1.389,3,NULL,NULL,,3,1,2,7,255,1337,250,0,0
stim,233396,263517,1,263517,3460844.453,-0.608,0.213,-0.376,0.667,0,0,103,0,0,0,0,67,46,1.044,1,2265,0,505.594,20.631,-134.938,-444.625,199.313,-0.730,0.699,1.695,-7.480,-19.227,-0.480,1.242,1.318,1.292,1.389,3,NULL,NULL,,3,1,2,7,255,1337,250,0,0
stim,233416,263537,1,263537,3460849.455,-0.597,0.217,-0.393,0.665,0,0,82,0,0,0,0,18,46,1.044,1,2265,0,487.661,19.189,-178.125,-420.375,171.375,-0.691,1.262,1.250,-8.848,-17.027,-6.590,1.300,1.378,1.292,1.389,4,NULL,NULL,,3,1,2,7,255,1337,250,0,0
stim,233416,263537,1,263537,3460854.454,-0.588,0.221,-0.410,0.661,0,0,81,0,0,0,0,0,46,1.044,1,2265,0,456.315,18.744,-185.375,-394.313,135.563,-0.602,1.563,1.117,-13.238,-13.270,-11.230,1.368,1.448,1.292,1.389,0,NULL,NULL,,3,1,2,7,255,1337,250,0,0
stim,233416,263537,1,263537,3460859.455,-0.579,0.224,-0.426,0.658,0,0,87,0,0,0,0,4,46,1.044,1,2265,0,431.223,19.047,-194.750,-368.438,110.813,-0.602,1.328,1.289,-13.949,-12.969,-11.941,1.446,1.528,1.292,1.389,0,NULL,NULL,,3,1,2,7,255,1337,250,0,0
stim,233416,263537,1,263537,3460864.454,-0.572,0.226,-0.443,0.652,0,0,92,0,0,0,0,30,46,1.044,1,2265,0,438.730,19.047,-243.250,-351.000,100.563,-0.477,0.656,1.340,-13.949,-12.969,-11.941,1.526,1.610,1.292,1.389,0,NULL,NULL,,3,1,2,7,255,1337,250,0,0
stim,233433,263554,1,263554,3460869.455,-0.567,0.226,-0.459,0.646,0,0,91,0,0,0,0,45,46,1.044,1,2265,0,404.942,15.320,-275.688,-292.000,52.063,-0.234,-0.012,1.242,-8.156,-12.969,-9.203,1.606,1.692,1.292,1.389,0,NULL,NULL,,3,1,2,7,255,1337,250,0,0
stim,233433,263554,1,263554,3460874.454,-0.564,0.226,-0.472,0.639,0,0,98,0,0,0,0,73,46,1.044,1,2265,0,354.671,11.859,-253.625,-245.750,32.750,-0.234,-0.238,1.137,-2.547,-11.582,-5.961,1.688,1.774,1.292,1.389,0,NULL,NULL,,3,1,2,7,255,1337,250,0,0
stim,233433,263554,1,263554,3460879.455,-0.560,0.224,-0.484,0.633,0,0,102,0,0,0,0,109,46,1.044,1,2265,0,322.093,11.859,-240.625,-209.000,46.500,-0.355,0.004,1.316,-2.547,-11.582,-5.961,1.772,1.856,1.292,1.389,0,NULL,NULL,,3,1,2,7,255,1337,250,0,0
stim,233433,263554,1,263554,3460884.453,-0.559,0.222,-0.496,0.626,0,0,102,0,0,0,0,127,46,1.044,1,2265,0,320.774,12.658,-276.313,-161.500,21.563,-0.457,0.211,1.227,-2.906,-12.320,-7.305,1.858,1.942,1.292,1.389,0,NULL,NULL,,3,1,2,7,255,1337,250,0,0
stim,233471,263592,1,263592,3460889.455,-0.559,0.216,-0.508,0.619,0,0,95,0,0,0,0,133,46,1.044,1,2265,0,337.375,12.990,-320.188,-106.125,6.250,-0.270,0.305,0.641,-4.117,-12.320,-9.563,1.938,2.022,1.292,1.389,0,NULL,NULL,,3,1,2,7,255,1337,250,0,0
stim,233471,263592,1,263592,3460894.454,-0.561,0.210,-0.517,0.611,0,0,95,0,0,0,0,135,46,1.044,1,2265,0,320.747,7.474,-317.375,-46.000,6.000,-0.086,0.313,-0.203,-4.117,-6.238,-10.813,2.010,2.096,1.292,1.389,0,NULL,NULL,,3,1,2,7,255,1337,250,0,0
stim,233471,263592,1,263592,3460899.457,-0.563,0.203,-0.524,0.606,0,0,95,0,0,0,0,115,46,1.044,1,2265,0,250.790,2.649,-250.250,11.813,11.438,0.008,0.445,-0.715,-1.906,1.840,-12.492,2.076,2.162,1.292,1.389,0,NULL,NULL,,3,1,2,7,255,1337,250,0,0
stim,233471,263592,1,263592,3460904.453,-0.566,0.197,-0.526,0.603,0,0,93,0,0,0,0,109,46,1.044,1,2265,0,171.573,7.023,-158.813,63.813,12.000,0.000,0.363,-0.855,-1.359,6.891,-14.086,2.134,2.224,1.292,1.389,0,NULL,NULL,,3,1,2,7,255,1337,250,0,0
stim,233471,263592,1,263592,3460909.455,-0.569,0.192,-0.526,0.602,0,0,86,0,0,0,0,109,46,1.044,1,2265,0,132.875,6.891,-80.813,104.188,16.438,-0.031,0.121,-0.668,0.000,6.891,-14.086,2.190,2.282,1.292,1.389,0,NULL,NULL,,3,1,2,7,255,1337,250,0,0
stim,233471,263592,1,263592,3460914.453,-0.571,0.187,-0.524,0.603,0,0,83,0,0,0,0,109,46,1.044,1,2265,0,145.687,5.826,-40.063,136.188,32.750,-0.047,-0.113,-0.520,1.547,5.617,-12.922,2.238,2.330,1.292,1.389,0,NULL,NULL,,3,1,2,7,255,1337,250,0,0
stim,233471,263592,1,263592,3460919.456,-0.574,0.181,-0.521,0.606,0,0,68,0,0,0,0,95,46,1.044,1,2265,0,170.955,4.836,-12.563,160.188,58.375,-0.109,-0.207,-0.539,3.059,3.746,-11.805,2.274,2.366,1.292,1.389,0,NULL,NULL,,3,1,2,7,255,1337,250,0,0
stim,233471,263592,1,263592,3460924.454,-0.576,0.175,-0.516,0.610,0,0,69,0,0,0,0,86,46,1.044,1,2265,0,195.716,4.984,27.688,176.375,80.188,-0.230,-0.094,-0.590,3.703,3.336,-11.805,2.284,2.376,1.292,1.389,0,NULL,NULL,,3,1,2,7,255,1337,250,0,0
stim,233493,263614,1,263614,3460929.458,-0.577,0.170,-0.510,0.615,0,0,61,0,0,0,0,70,46,1.044,1,2265,0,221.840,4.979,80.188,187.625,87.063,-0.359,0.121,-0.508,3.703,3.328,-13.500,2.282,2.374,1.292,1.389,0,NULL,NULL,,3,1,2,7,255,1337,250,0,0
stim,233493,263614,1,263614,3460934.453,-0.578,0.167,-0.502,0.621,0,0,61,0,0,0,0,53,46,1.044,1,2265,0,248.569,3.034,127.688,196.188,83.625,-0.398,0.219,-0.297,1.883,2.379,-15.086,2.272,2.364,1.292,1.389,0,NULL,NULL,,3,1,2,7,255,1337,250,0,0
stim,233493,263614,1,263614,3460939.457,-0.580,0.163,-0.493,0.628,0,0,53,0,0,0,0,39,46,1.044,1,2265,0,269.683,0.627,152.188,204.750,87.438,-0.410,0.227,-0.023,0.277,0.563,-15.086,2.256,2.348,1.292,1.389,0,NULL,NULL,,3,1,2,7,255,1337,250,0,0
stim,233493,263614,1,263614,3460944.453,-0.581,0.159,-0.484,0.635,0,0,51,0,0,0,0,29,46,1.044,1,2265,0,279.784,1.945,159.250,210.375,93.063,-0.508,0.254,0.148,-0.832,-1.758,-14.043,2.234,2.326,1.292,1.389,0,NULL,NULL,,3,1,2,7,255,1337,250,0,0
stim,233518,263639,1,263639,3460949.455,-0.582,0.156,-0.474,0.642,0,0,51,0,0,0,0,27,46,1.044,1,2265,0,282.803,3.995,163.000,214.000,87.250,-0.617,0.258,0.289,-1.469,-3.715,-14.043,2.210,2.304,1.292,1.389,0,NULL,NULL,,3,1,2,7,255,1337,250,0,0
stim,233518,263639,1,263639,3460954.454,-0.583,0.152,-0.465,0.649,0,0,45,0,0,0,0,25,46,1.044,1,2265,0,281.095,5.782,164.188,216.188,72.938,-0.688,0.258,0.426,-1.723,-5.520,-14.043,2.188,2.282,1.292,1.389,0,NULL,NULL,,3,1,2,7,255,1337,250,0,0
stim,233518,263639,1,263639,3460959.455,-0.585,0.149,-0.455,0.654,0,0,48,0,0,0,0,11,46,1.044,1,2265,0,275.952,7.386,159.938,218.250,54.188,-0.707,0.246,0.570,-2.043,-7.098,-13.797,2.168,2.264,1.292,1.389,0,NULL,NULL,,3,1,2,7,255,1337,250,0,0
stim,233518,263639,1,263639,3460964.453,-0.588,0.146,-0.445,0.660,0,0,43,0,0,0,0,29,46,1.044,1,2265,0,269.322,8.750,150.500,220.188,37.438,-0.711,0.234,0.684,-2.402,-8.414,-12.980,2.162,2.258,1.292,1.389,0,NULL,NULL,,3,1,2,7,255,1337,250,0,0
stim,233518,263639,1,263639,3460969.455,-0.591,0.143,-0.435,0.664,0,0,50,0,0,0,0,29,46,1.044,1,2265,0,263.740,9.740,140.188,222.438,20.688,-0.719,0.234,0.781,-2.695,-9.359,-12.121,2.164,2.260,1.292,1.389,0,NULL,NULL,,3,1,2,7,255,1337,250,0,0
stim,233518,263639,1,263639,3460974.454,-0.594,0.140,-0.426,0.668,0,0,47,0,0,0,0,30,46,1.044,1,2265,0,256.965,10.609,123.438,225.375,0.250,-0.703,0.242,0.926,-3.016,-10.172,-11.418,2.174,2.270,1.292,1.389,0,NULL,NULL,,3,1,2,7,255,1337,250,0,0
stim,233568,263689,1,263689,3460979.456,-0.599,0.136,-0.417,0.670,0,0,47,0,0,0,0,31,46,1.044,1,2265,0,250.137,11.733,95.500,230.250,-20.813,-0.652,0.211,1.004,-3.645,-11.152,-10.270,2.192,2.288,1.292,1.389,0,NULL,NULL,,3,1,2,7,255,1337,250,0,0
stim,233568,263689,1,263689,3460984.454,-0.604,0.132,-0.409,0.671,0,0,45,0,0,0,0,41,46,1.044,1,2265,0,248.819,11.733,65.938,236.875,-38.125,-0.582,0.160,0.973,-3.645,-11.152,-9.086,2.220,2.318,1.292,1.389,0,NULL,NULL,,3,1,2,7,255,1337,250,0,0
stim,233568,263689,1,263689,3460989.456,-0.610,0.127,-0.401,0.672,0,0,35,0,0,0,0,43,46,1.044,1,2265,0,254.151,11.233,43.625,244.813,-52.500,-0.531,0.125,0.871,-3.480,-10.680,-8.375,2.256,2.354,1.292,1.389,0,NULL,NULL,,3,1,2,7,255,1337,250,0,0
stim,233568,263689,1,263689,3460994.453,-0.616,0.122,-0.392,0.672,0,0,22,0,0,0,0,57,46,1.044,1,2265,0,264.302,10.054,32.688,253.438,-67.500,-0.488,0.121,0.758,-2.996,-9.598,-8.375,2.296,2.396,1.292,1.389,0,NULL,NULL,,3,1,2,7,255,1337,250,0,0
stim,233568,263689,1,263689,3460999.456,-0.623,0.117,-0.384,0.671,0,0,17,0,0,0,0,72,46,1.044,1,2265,0,277.161,8.924,29.938,262.938,-82.375,-0.414,0.109,0.680,-2.754,-8.488,-8.379,2.344,2.444,1.292,1.389,0,NULL,NULL,,3,1,2,7,255,1337,250,0,0
stim,233568,263689,1,263689,3461004.453,-0.630,0.111,-0.375,0.670,0,0,16,0,0,0,0,77,46,1.044,1,2265,0,289.470,7.819,31.688,272.563,-92.188,-0.324,0.094,0.621,-2.629,-7.363,-8.379,2.396,2.498,1.292,1.389,0,NULL,NULL,,3,1,2,7,255,1337,250,0,0
stim,233568,263689,1,263689,3461009.457,-0.638,0.106,-0.366,0.669,0,0,18,0,0,0,0,107,46,1.044,1,2265,0,301.023,6.779,36.938,282.563,-97.000,-0.254,0.094,0.574,-2.520,-6.293,-7.988,2.452,2.554,1.292,1.389,0,NULL,NULL,,3,1,2,7,255,1337,250,0,0
stim,233568,263689,1,263689,3461014.454,-0.645,0.100,-0.356,0.668,0,0,18,0,0,0,0,85,46,1.044,1,2265,0,312.271,5.944,46.938,292.250,-99.500,-0.223,0.102,0.527,-2.512,-5.387,-7.781,2.508,2.612,1.292,1.389,0,NULL,NULL,,3,1,2,7,255,1337,250,0,0
stim,233592,263713,1,263713,3461019.456,-0.653,0.095,-0.345,0.667,0,0,14,0,0,0,0,93,46,1.044,1,2265,0,324.409,5.413,62.625,301.500,-102.063,-0.207,0.074,0.508,-2.500,-4.801,-7.758,2.562,2.668,1.292,1.389,0,NULL,NULL,,3,1,2,7,255,1337,250,0,0
stim,233592,263713,1,263713,3461024.454,-0.661,0.090,-0.334,0.667,0,0,19,0,0,0,0,99,46,1.044,1,2265,0,338.233,5.052,83.000,310.688,-104.813,-0.195,0.043,0.535,-2.266,-4.516,-7.625,2.616,2.722,1.292,1.389,0,NULL,NULL,,3,1,2,7,255,1337,250,0,0
stim,233592,263713,1,263713,3461029.457,-0.668,0.086,-0.321,0.666,0,0,17,0,0,0,0,109,46,1.044,1,2265,0,353.140,5.042,103.750,319.813,-108.000,-0.129,0.055,0.633,-2.266,-4.504,-7.105,2.666,2.774,1.292,1.389,0,NULL,NULL,,3,1,2,7,255,1337,250,0,0
stim,233592,263713,1,263713,3461034.454,-0.676,0.081,-0.308,0.665,0,0,16,0,0,0,0,116,46,1.044,1,2265,0,368.097,5.101,117.063,330.250,-112.813,0.074,0.035,0.688,-2.617,-4.379,-5.906,2.714,2.822,1.292,1.389,0,NULL,NULL,,3,1,2,7,255,1337,250,0,0
stim,233592,263713,1,263713,3461039.455,-0.683,0.077,-0.293,0.665,0,0,18,0,0,0,0,133,46,1.044,1,2265,0,375.286,3.894,132.125,337.438,-97.563,0.164,0.016,0.664,-2.617,-2.883,-4.246,2.758,2.868,1.292,1.389,0,NULL,NULL,,3,1,2,7,255,1337,250,0,0
stim,233592,263713,1,263713,3461044.454,-0.689,0.073,-0.278,0.665,0,0,20,0,0,0,0,119,46,1.044,1,2265,0,382.699,3.420,157.813,339.563,-79.063,0.125,0.238,0.738,-2.723,-2.070,-3.949,2.794,2.906,1.292,1.389,0,NULL,NULL,,3,1,2,7,255,1337,250,0,0
stim,233618,263739,1,263739,3461049.456,-0.695,0.070,-0.263,0.666,0,0,16,0,0,0,0,123,46,1.044,1,2265,0,394.260,5.092,181.625,341.000,-78.563,0.137,0.238,0.879,-4.652,-2.070,-3.816,2.826,2.938,1.292,1.389,0,NULL,NULL,,3,1,2,7,255,1337,250,0,0
stim,233618,263739,0,263739,3461054.454,-0.701,0.067,-0.247,0.666,0,0,17,0,0,0,0,115,46,1.044,1,2265,0,398.368,5.173,195.688,340.063,-69.000,0.215,0.102,1.027,-4.652,-2.262,-2.574,2.852,2.966,1.292,1.389,0,NULL,NULL,,3,0,2,7,255,1332,250,0,0
stim,233618,263739,0,263739,3461059.455,-0.705,0.064,-0.230,0.667,0,0,16,0,0,0,0,122,46,1.044,1,2265,0,397.856,4.622,200.688,339.438,-52.875,0.238,0.109,1.102,-4.031,-2.262,-0.477,2.874,2.988,1.292,1.389,0,NULL,NULL,,3,0,2,7,255,1332,250,0,0
stim,233618,263739,0,263739,3461064.453,-0.709,0.061,-0.214,0.669,0,0,17,0,0,0,0,119,46,1.044,1,2265,0,398.022,4.553,205.438,338.625,-39.375,0.203,0.188,1.141,-4.031,-2.117,0.359,2.892,3.006,1.292,1.389,0,NULL,NULL,,3,0,2,7,255,1332,250,0,0
stim,233636,263757,0,263757,3461069.457,-0.713,0.058,-0.197,0.670,0,0,13,0,0,0,0,118,46,1.044,1,2265,0,401.115,5.097,215.000,337.313,-29.813,0.152,0.211,1.223,-4.637,-2.117,0.539,2.908,3.022,1.292,1.389,0,NULL,NULL,,3,0,2,7,255,1332,250,0,0
stim,233636,263757,0,263757,3461074.454,-0.716,0.056,-0.180,0.672,0,0,12,0,0,0,0,112,46,1.044,1,2265,0,404.696,5.483,224.688,335.625,-25.500,0.082,0.230,1.363,-4.859,-2.539,1.180,2.922,3.038,1.292,1.389,0,NULL,NULL,,3,0,2,7,255,1332,250,0,0
stim,233636,263757,0,263757,3461079.457,-0.719,0.053,-0.163,0.673,0,0,13,0,0,0,0,110,46,1.044,1,2265,0,403.288,5.870,224.063,334.313,-25.938,0.066,0.180,1.563,-4.859,-3.293,2.359,2.938,3.054,1.292,1.389,0,NULL,NULL,,3,0,2,7,255,1332,250,0,0
stim,233636,263757,0,263757,3461084.454,-0.722,0.050,-0.146,0.674,0,0,12,0,0,0,0,108,46,1.044,1,2265,0,393.420,6.043,210.625,331.625,-21.000,0.012,0.172,1.746,-4.742,-3.746,4.426,2.954,3.072,1.292,1.389,0,NULL,NULL,,3,0,2,7,255,1332,250,0,0
stim,233673,263794,0,263794,3461089.455,-0.725,0.047,-0.130,0.675,0,0,18,0,0,0,0,106,46,1.044,1,2265,0,380.140,6.423,189.375,328.938,-21.063,-0.059,0.219,1.891,-4.742,-4.332,6.215,2.976,3.092,1.292,1.389,0,NULL,NULL,,3,0,2,7,255,1332,250,0,0
stim,233673,263794,0,263794,3461094.453,-0.727,0.042,-0.115,0.675,0,0,15,0,0,0,0,105,46,1.044,1,2265,0,365.532,6.773,160.688,326.875,-30.750,-0.090,0.207,1.934,-4.805,-4.773,7.508,3.000,3.116,1.292,1.389,0,NULL,NULL,,3,0,2,7,255,1332,250,0,0
stim,233673,263794,0,263794,3461099.455,-0.730,0.037,-0.100,0.675,0,0,11,0,0,0,0,104,46,1.044,1,2265,0,353.519,6.773,134.563,324.625,-38.563,-0.043,0.168,1.914,-4.805,-4.773,8.066,3.028,3.146,1.292,1.389,0,NULL,NULL,,3,0,2,7,255,1332,250,0,0
stim,233673,263794,0,263794,3461104.453,-0.733,0.032,-0.087,0.674,0,0,12,0,0,0,0,103,46,1.044,1,2265,0,344.041,5.625,112.438,322.625,-40.438,-0.008,0.168,1.863,-4.121,-3.828,8.066,3.062,3.178,1.292,1.389,0,NULL,NULL,,3,0,2,7,255,1332,250,0,0
stim,233673,263794,0,263794,3461109.456,-0.735,0.026,-0.073,0.674,0,0,12,0,0,0,0,107,46,1.044,1,2265,0,336.011,4.804,97.438,319.313,-38.063,-0.004,0.172,1.820,-3.828,-2.902,7.926,3.096,3.212,1.292,1.389,0,NULL,NULL,,3,0,2,7,255,1332,250,0,0
stim,233673,263794,0,263794,3461114.454,-0.737,0.019,-0.060,0.672,0,0,18,0,0,0,0,115,46,1.044,1,2265,0,329.950,4.274,85.375,316.000,-41.500,-0.008,0.152,1.773,-3.602,-2.301,7.609,3.130,3.246,1.292,1.389,0,NULL,NULL,,3,0,2,7,255,1332,250,0,0
stim,233673,263794,0,263794,3461119.455,-0.740,0.013,-0.048,0.671,0,0,17,0,0,0,0,125,46,1.044,1,2265,0,325.439,3.670,78.813,312.438,-45.625,0.035,0.082,1.703,-3.191,-1.813,7.250,3.162,3.278,1.292,1.389,0,NULL,NULL,,3,0,2,7,255,1332,250,0,0
stim,233673,263794,0,263794,3461124.454,-0.742,0.007,-0.036,0.670,0,0,14,0,0,0,0,123,46,1.044,1,2265,0,320.367,2.460,79.000,307.438,-43.313,0.074,0.047,1.648,-2.258,-0.977,6.730,3.188,3.306,1.292,1.389,0,NULL,NULL,,3,0,2,7,255,1332,250,0,0
stim,233696,263817,0,263817,3461129.455,-0.744,0.001,-0.023,0.668,0,0,16,0,0,0,0,115,46,1.044,1,2265,0,315.128,1.918,83.563,301.438,-38.188,0.074,0.090,1.613,-1.910,-0.168,6.297,3.212,3.330,1.292,1.389,0,NULL,NULL,,3,0,2,7,255,1332,250,0,0
stim,233696,263817,0,263817,3461134.453,-0.745,-0.005,-0.011,0.667,0,0,12,0,0,0,0,109,46,1.044,1,2265,0,311.458,1.933,92.875,295.000,-36.813,0.066,0.125,1.613,-1.910,0.297,5.934,3.232,3.350,1.292,1.389,0,NULL,NULL,,3,0,2,7,255,1332,250,0,0
stim,233696,263817,0,263817,3461139.455,-0.747,-0.009,0.002,0.665,0,0,16,0,0,0,0,110,46,1.044,1,2265,0,309.448,2.021,105.625,288.500,-37.000,0.098,0.121,1.656,-1.910,0.660,5.934,3.248,3.366,1.292,1.389,0,NULL,NULL,,3,0,2,7,255,1332,250,0,0
stim,233696,263817,0,263817,3461144.454,-0.748,-0.013,0.014,0.664,0,0,17,0,0,0,0,107,46,1.044,1,2265,0,308.104,2.254,117.313,282.875,-33.875,0.156,0.125,1.711,-1.801,1.355,6.332,3.258,3.376,1.292,1.389,0,NULL,NULL,,3,0,2,7,255,1332,250,0,0
stim,233696,263817,0,263817,3461149.456,-0.749,-0.017,0.027,0.662,0,0,16,0,0,0,0,107,46,1.044,1,2265,0,308.332,2.808,127.125,279.500,-28.063,0.203,0.113,1.750,-1.570,2.328,6.855,3.266,3.384,1.292,1.389,0,NULL,NULL,,3,0,2,7,255,1332,250,0,0
stim,233696,263817,0,263817,3461154.453,-0.749,-0.020,0.040,0.661,0,0,18,0,0,0,0,101,46,1.044,1,2265,0,311.572,3.374,139.125,277.750,-24.000,0.234,0.109,1.785,-1.172,3.164,7.156,3.272,3.390,1.292,1.389,0,NULL,NULL,,3,0,2,7,255,1332,250,0,0
stim,233726,263847,0,263847,3461159.455,-0.750,-0.023,0.053,0.659,0,0,19,0,0,0,0,101,46,1.044,1,2265,0,318.420,3.955,155.563,276.875,-23.063,0.301,0.117,1.855,-0.828,3.867,7.422,3.276,3.394,1.292,1.389,0,NULL,NULL,,3,0,2,7,255,1332,250,0,0
stim,233726,263847,0,263847,3461164.453,-0.750,-0.026,0.067,0.657,0,0,19,0,0,0,0,107,46,1.044,1,2265,0,326.364,5.004,171.250,277.188,-18.813,0.422,0.133,1.941,-0.523,4.977,7.926,3.276,3.396,1.292,1.389,0,NULL,NULL,,3,0,2,7,255,1332,250,0,0
stim,233726,263847,0,263847,3461169.457,-0.750,-0.028,0.081,0.656,0,0,18,0,0,0,0,101,46,1.044,1,2265,0,334.767,6.663,182.625,280.250,-13.313,0.547,0.191,2.020,-0.180,6.660,8.496,3.276,3.394,1.292,1.389,0,NULL,NULL,,3,0,2,7,255,1332,250,0,0
stim,233726,263847,0,263847,3461174.454,-0.750,-0.029,0.096,0.654,0,0,17,0,0,0,0,101,46,1.044,1,2265,0,343.513,8.490,194.438,283.063,-8.438,0.707,0.258,2.117,-0.172,8.488,8.926,3.270,3.390,1.292,1.389,0,NULL,NULL,,3,0,2,7,255,1332,250,0,0
stim,233726,263847,0,263847,3461179.455,-0.749,-0.031,0.111,0.653,0,0,18,0,0,0,0,104,46,1.044,1,2265,0,350.074,10.697,202.313,285.688,2.000,0.871,0.281,2.184,-0.172,10.695,9.414,3.262,3.380,1.292,1.389,0,NULL,NULL,,3,0,2,7,255,1332,250,0,0
stim,233726,263847,0,263847,3461184.454,-0.748,-0.033,0.126,0.651,0,0,20,0,0,0,0,97,46,1.044,1,2265,0,354.729,12.843,202.813,290.813,11.313,0.930,0.230,2.184,0.289,12.840,9.414,3.246,3.364,1.292,1.389,0,NULL,NULL,,3,0,2,7,255,1332,250,0,0
stim,233771,263892,0,263892,3461189.457,-0.745,-0.034,0.142,0.650,0,0,18,0,0,0,0,99,46,1.044,1,2265,0,362.427,13.795,219.375,286.438,34.375,0.988,0.199,2.313,1.254,13.738,9.480,3.226,3.344,1.292,1.389,0,NULL,NULL,,3,0,2,7,255,1332,250,0,0
stim,233771,263892,0,263892,3461194.453,-0.743,-0.034,0.158,0.650,0,0,21,0,0,0,0,110,46,1.044,1,2265,0,362.730,15.122,219.500,284.938,46.938,0.965,0.184,2.398,2.199,14.961,9.691,3.202,3.318,1.292,1.389,0,NULL,NULL,,3,0,2,7,255,1332,250,0,0
stim,233771,263892,0,263892,3461199.457,-0.740,-0.035,0.173,0.649,0,0,17,0,0,0,0,119,46,1.044,1,2265,0,354.966,15.655,209.750,283.063,43.375,0.957,0.230,2.469,2.887,15.387,10.145,3.170,3.286,1.292,1.389,0,NULL,NULL,,3,0,2,7,255,1332,250,0,0
stim,233771,263892,0,263892,3461204.454,-0.737,-0.037,0.187,0.648,0,0,19,0,0,0,0,116,46,1.044,1,2265,0,338.853,16.274,187.750,277.250,52.000,1.039,0.348,2.430,2.887,16.016,10.145,3.128,3.244,1.292,1.389,0,NULL,NULL,,3,0,2,7,255,1332,250,0,0
stim,233771,263892,0,263892,3461209.455,-0.734,-0.039,0.201,0.648,0,0,19,0,0,0,0,133,46,1.044,1,2265,0,325.176,17.433,169.813,270.938,59.125,1.055,0.305,2.305,2.648,17.230,9.633,3.082,3.196,1.292,1.389,0,NULL,NULL,,3,0,2,7,255,1332,250,0,0
stim,233771,263892,0,263892,3461214.454,-0.730,-0.040,0.214,0.648,0,0,20,0,0,0,0,147,46,1.044,1,2265,0,314.079,17.533,165.000,259.563,63.625,1.113,0.223,2.238,2.648,17.332,7.957,3.032,3.142,1.292,1.389,0,NULL,NULL,,3,0,2,7,255,1332,250,0,0
stim,233771,263892,0,263892,3461219.455,-0.726,-0.042,0.226,0.648,0,0,18,0,0,0,0,141,46,1.044,1,2265,0,301.497,18.266,156.313,249.188,66.125,1.199,0.066,2.168,3.586,17.910,6.613,2.974,3.084,1.292,1.389,0,NULL,NULL,,3,0,2,7,255,1332,250,0,0
stim,233771,263892,0,263892,3461224.454,-0.722,-0.043,0.238,0.648,0,0,17,0,0,0,0,143,46,1.044,1,2265,0,286.905,19.215,147.000,236.250,69.938,1.270,-0.164,2.023,5.164,18.508,4.930,2.912,3.020,1.292,1.389,0,NULL,NULL,,3,0,2,7,255,1332,250,0,0
stim,233793,263914,0,263914,3461229.457,-0.718,-0.045,0.249,0.648,0,0,19,0,0,0,0,139,46,1.044,1,2265,0,274.247,19.847,138.375,224.313,75.813,1.320,-0.332,1.762,7.168,18.508,2.512,2.846,2.952,1.292,1.389,0,NULL,NULL,,3,0,2,7,255,1332,250,0,0
stim,233793,263914,0,263914,3461234.453,-0.714,-0.045,0.260,0.649,0,0,17,0,0,0,0,153,46,1.044,1,2265,0,271.432,19.779,150.813,208.625,86.063,1.324,-0.523,1.531,8.172,18.012,-0.773,2.778,2.880,1.292,1.389,0,NULL,NULL,,3,0,2,7,255,1332,250,0,0
stim,233793,263914,0,263914,3461239.455,-0.710,-0.044,0.272,0.648,0,0,21,0,0,0,0,159,46,1.044,1,2265,0,271.964,19.467,170.688,195.313,81.750,1.320,-0.633,1.371,9.387,17.055,-3.652,2.704,2.804,1.292,1.389,0,NULL,NULL,,3,0,2,7,255,1332,250,0,0
stim,233793,263914,0,263914,3461244.454,-0.706,-0.042,0.283,0.648,0,0,21,0,0,0,0,168,46,1.044,1,2265,0,281.330,19.356,199.938,178.438,85.625,1.348,-0.719,1.387,9.984,16.582,-5.676,2.628,2.726,1.292,1.389,0,NULL,NULL,,3,0,2,7,255,1332,250,0,0
stim,233818,263939,0,263939,3461249.456,-0.702,-0.040,0.294,0.647,0,0,21,0,0,0,0,167,46,1.044,1,2265,0,282.417,19.832,217.563,164.750,72.688,1.391,-0.730,1.492,10.879,16.582,-6.105,2.550,2.644,1.292,1.389,0,NULL,NULL,,3,0,2,7,255,1332,250,0,0
stim,233818,263939,0,263939,3461254.453,-0.698,-0.036,0.305,0.646,0,0,22,0,0,0,0,167,46,1.044,1,2265,0,277.626,20.600,221.875,146.688,79.563,1.578,-0.594,1.723,10.949,17.449,-6.105,2.470,2.562,1.292,1.389,0,NULL,NULL,,3,0,2,7,255,1332,250,0,0
stim,233818,263939,0,263939,3461259.455,-0.695,-0.033,0.315,0.646,0,0,29,0,0,0,0,199,46,1.044,1,2265,0,247.743,23.278,194.750,134.813,72.625,1.441,-0.574,1.969,11.383,20.305,-5.152,2.388,2.478,1.292,1.389,0,NULL,NULL,,3,0,2,7,255,1332,250,0,0
stim,233818,263939,0,263939,3461264.453,-0.693,-0.031,0.324,0.644,0,0,24,0,0,0,0,227,46,1.044,1,2265,0,210.695,23.498,168.313,122.875,31.063,1.633,-0.930,1.742,11.773,20.336,-5.152,2.306,2.394,1.292,1.389,0,NULL,NULL,,3,0,2,7,255,1332,250,0,0
stim,233818,263939,0,263939,3461269.455,-0.691,-0.029,0.331,0.642,0,0,24,0,0,0,0,261,46,1.044,1,2265,0,197.472,24.211,165.375,105.625,22.125,1.957,-0.828,1.676,12.980,20.438,-7.148,2.222,2.308,1.292,1.389,0,NULL,NULL,,3,0,2,7,255,1332,250,0,0
stim,233818,263939,0,263939,3461274.454,-0.689,-0.026,0.338,0.640,0,0,28,0,0,0,0,277,46,1.044,1,2265,0,178.129,26.617,151.500,89.250,28.500,2.086,-0.816,1.789,13.316,23.047,-9.285,2.136,2.222,1.292,1.389,0,NULL,NULL,,3,0,2,7,255,1332,250,0,0
stim,233873,263994,0,263994,3461279.457,-0.687,-0.024,0.344,0.639,0,0,25,0,0,0,0,311,46,1.044,1,2265,0,142.961,28.019,120.000,71.938,29.375,2.164,-0.898,1.715,13.316,24.652,-9.340,2.044,2.128,1.292,1.389,0,NULL,NULL,,3,0,2,7,255,1332,250,0,0
stim,233873,263994,0,263994,3461284.453,-0.686,-0.022,0.349,0.638,0,0,25,0,0,0,0,331,46,1.044,1,2265,0,120.161,28.214,106.125,50.813,24.375,2.141,-1.039,1.641,13.723,24.652,-10.875,1.944,2.030,1.292,1.389,0,NULL,NULL,,3,0,2,7,255,1332,250,0,0
stim,233873,263994,0,263994,3461289.455,-0.685,-0.020,0.352,0.637,0,0,29,0,0,0,0,344,46,1.044,1,2265,0,105.687,28.072,100.000,28.438,19.000,2.133,-1.023,1.621,14.496,24.039,-12.086,1.840,1.924,1.292,1.389,0,NULL,NULL,,3,0,2,7,255,1332,250,0,0
stim,233873,263994,0,263994,3461294.453,-0.685,-0.017,0.355,0.636,0,0,26,0,0,0,0,349,46,1.044,1,2265,0,100.092,27.996,97.813,2.188,21.125,2.055,-0.973,1.742,14.672,23.844,-12.086,1.730,1.814,1.292,1.389,0,NULL,NULL,,3,0,2,7,255,1332,250,0,0
stim,233873,263994,0,263994,3461299.455,-0.684,-0.013,0.357,0.636,0,0,29,0,0,0,0,345,46,1.044,1,2265,0,89.692,27.905,81.875,-23.750,27.875,1.863,-0.715,2.027,14.496,23.844,-10.934,1.614,1.696,1.292,1.389,0,NULL,NULL,,3,0,2,7,255,1332,250,0,0
stim,233873,263994,0,263994,3461304.454,-0.684,-0.011,0.356,0.636,0,0,27,0,0,0,0,343,46,1.044,1,2265,0,58.720,27.522,31.563,-47.813,12.875,1.598,-0.406,2.262,13.840,23.789,-6.875,1.490,1.572,1.292,1.389,0,NULL,NULL,,3,0,2,7,255,1332,250,0,0
stim,233873,263994,0,263994,3461309.456,-0.685,-0.009,0.354,0.637,0,0,30,0,0,0,0,330,46,1.044,1,2265,0,71.393,26.341,-20.938,-68.000,5.875,1.504,-0.422,2.133,12.367,23.258,-2.918,1.362,1.442,1.292,1.389,0,NULL,NULL,,3,0,2,7,255,1332,250,0,0
stim,233873,263994,0,263994,3461314.453,-0.687,-0.008,0.350,0.638,0,0,8,0,0,0,0,443,46,1.044,1,2265,0,99.406,25.068,-48.750,-86.625,1.063,1.219,-0.535,2.059,12.367,21.805,-2.477,1.230,1.308,1.292,1.389,0,NULL,NULL,,3,0,2,7,255,1332,250,0,0
stim,233891,264012,0,264012,3461319.458,-0.683,0.007,0.351,0.641,83,0,8,277,0,16,0,523,46,1.044,1,2265,0,378.347,22.741,237.938,-181.813,231.250,-0.234,-0.914,4.566,12.852,18.762,-2.336,1.098,1.172,1.292,1.389,0,NULL,NULL,,3,0,2,7,255,1332,250,0,0
stim,233891,264012,0,264012,3461324.454,-0.673,0.020,0.346,0.653,648,0,5,859,0,145,0,553,46,1.044,1,2265,0,478.352,22.741,30.563,-189.125,438.313,-0.719,2.195,6.484,12.852,18.762,21.703,0.970,1.036,1.292,1.389,0,NULL,NULL,,3,0,2,7,255,1332,250,0,0
stim,233891,264012,0,264012,3461329.456,-0.667,0.003,0.321,0.672,1123,0,0,1323,0,423,0,614,46,1.044,1,2265,0,823.761,19.849,-784.000,-96.063,233.875,-1.879,2.539,3.328,11.184,16.398,34.570,0.848,0.904,1.292,1.389,0,NULL,NULL,,3,0,2,7,255,1332,250,0,0
stim,233891,264012,0,264012,3461334.454,-0.668,-0.021,0.291,0.685,1558,0,0,1624,0,588,0,691,46,1.044,1,2265,0,939.724,7.483,-935.500,-87.500,16.250,-1.555,2.496,-0.570,-7.469,-0.465,34.570,0.734,0.776,1.292,1.389,0,NULL,NULL,,3,0,2,7,255,1332,250,0,0
stim,233891,264012,0,264012,3461339.458,-0.670,-0.036,0.271,0.690,1858,0,0,1823,0,789,0,761,46,1.044,1,2266,0,581.125,23.607,-572.250,-83.375,-57.313,-1.207,1.438,-2.102,-18.199,-15.035,0.277,0.632,0.654,1.292,1.389,1,1298.000,-34.000,,3,0,2,7,255,1332,250,0,0
stim,233891,264012,0,264012,3461344.453,-0.673,-0.040,0.262,0.691,2077,0,0,1909,0,983,0,828,46,1.044,1,2266,0,242.803,23.607,-207.000,-102.688,-74.563,-0.391,0.234,-1.211,-18.199,-15.035,-17.910,0.546,0.542,1.292,1.389,1,NULL,NULL,,3,0,2,7,255,1332,250,0,0
stim,233920,264041,0,264041,3461349.456,-0.674,-0.037,0.258,0.691,2231,0,0,1999,0,1161,0,893,46,1.044,1,2266,0,114.477,9.841,-11.750,-113.625,-7.500,0.105,-0.137,0.813,-5.109,-8.410,-17.910,0.474,0.436,1.292,1.389,1,NULL,NULL,,3,0,2,7,255,1332,250,0,0
stim,233920,264041,0,264041,3461354.453,-0.673,-0.035,0.253,0.694,2366,0,0,2104,0,1270,0,955,46,1.044,1,2266,0,148.949,6.540,-83.188,-105.875,63.688,0.027,1.043,1.543,-5.109,4.082,-3.645,0.418,0.338,1.292,1.389,1,NULL,NULL,,3,0,2,7,255,1332,250,0,0
stim,233920,264041,0,264041,3461359.455,-0.672,-0.037,0.244,0.698,2541,0,0,2325,0,1371,0,1001,46,1.044,1,2266,0,222.689,7.257,-187.375,-100.375,66.375,-0.410,1.531,1.508,-6.000,4.082,6.207,0.388,0.258,1.292,1.389,1,NULL,NULL,,3,0,2,7,255,1332,250,0,0
stim,233920,264041,0,264041,3461364.454,-0.672,-0.042,0.233,0.702,2723,0,0,2535,0,1368,0,1063,46,1.044,1,2266,0,284.225,6.385,-265.875,-98.250,21.000,-1.086,0.359,1.066,-6.000,2.184,6.207,0.388,0.208,1.292,1.389,2,NULL,NULL,,3,0,2,7,255,1332,250,0,0
stim,233920,264041,0,264041,3461369.456,-0.670,-0.046,0.219,0.708,2813,0,0,2680,0,1357,0,1144,46,1.044,1,2266,0,362.159,5.861,-326.625,-144.063,61.000,-1.719,-1.492,0.301,-0.145,-5.859,4.363,0.406,0.190,1.292,1.389,2,NULL,NULL,,3,0,2,7,255,1332,250,0,0
stim,233920,264041,0,264041,3461374.454,-0.673,-0.050,0.207,0.709,2887,0,0,2782,0,1351,0,1251,46,1.044,1,2266,0,295.032,19.424,-252.063,-143.000,-55.313,-1.367,-1.402,-0.348,13.977,-13.488,-4.313,0.434,0.208,1.292,1.389,2,NULL,NULL,,3,0,2,7,255,1332,250,0,0
stim,233943,264064,0,264064,3461379.457,-0.677,-0.048,0.200,0.707,2932,0,0,2863,0,1299,0,1343,46,1.044,1,2266,0,204.917,19.424,-79.063,-155.813,-107.063,-0.539,-0.645,0.051,13.977,-13.488,-8.773,0.462,0.258,1.292,1.389,2,NULL,NULL,,3,0,2,7,255,1332,250,0,0
stim,233943,264064,0,264064,3461384.453,-0.681,-0.043,0.195,0.704,2966,0,0,2943,0,1273,0,1386,46,1.044,1,2266,0,187.475,8.165,11.875,-157.375,-101.188,0.102,-0.465,1.164,6.633,-4.762,-8.773,0.494,0.308,1.292,1.389,2,NULL,NULL,,3,0,2,7,255,1332,250,0,0
stim,233973,264094,0,264094,3461389.455,-0.684,-0.040,0.190,0.703,2989,0,0,2981,0,1275,0,1405,46,1.044,1,2266,0,158.534,8.133,-31.313,-140.875,-65.625,0.457,-0.816,1.918,6.633,4.707,-0.418,0.532,0.356,1.292,1.389,2,NULL,NULL,,3,0,2,7,255,1332,250,0,0
stim,233973,264094,0,264094,3461394.454,-0.685,-0.040,0.182,0.704,3021,0,0,3027,0,1351,0,1413,46,1.044,1,2266,0,185.864,14.870,-129.563,-133.250,-1.875,0.656,-0.969,1.703,10.766,10.258,2.215,0.568,0.398,1.292,1.389,2,NULL,NULL,,3,0,2,7,255,1332,250,0,0
stim,233973,264094,0,264094,3461399.455,-0.683,-0.041,0.172,0.708,3045,0,0,3059,0,1439,0,1435,46,1.044,1,2266,0,241.214,14.870,-189.000,-125.375,82.125,0.449,-0.980,0.988,10.766,10.258,2.215,0.588,0.426,1.292,1.389,2,NULL,NULL,,3,0,2,7,255,1332,250,0,0
stim,233973,264094,0,264094,3461404.454,-0.679,-0.042,0.164,0.714,3051,0,0,3083,0,1525,0,1468,46,1.044,1,2266,0,248.419,12.769,-165.563,-123.938,137.625,-0.133,-0.852,0.418,10.543,7.203,-3.496,0.586,0.442,1.292,1.389,2,NULL,NULL,,3,0,2,7,255,1332,250,0,0
stim,233973,264094,0,264094,3461409.455,-0.676,-0.040,0.158,0.719,3058,0,0,3101,0,1657,0,1501,46,1.044,1,2266,0,209.655,8.814,-96.938,-129.625,133.250,-0.621,-0.531,0.488,8.813,0.176,-4.367,0.570,0.452,1.292,1.389,2,NULL,NULL,,3,0,2,7,255,1332,250,0,0
stim,233973,264094,0,264094,3461414.453,-0.674,-0.036,0.152,0.722,3078,0,0,3127,0,1812,0,1567,46,1.044,1,2266,0,160.525,7.535,-49.688,-132.875,75.125,-0.727,-0.074,0.934,6.160,-4.340,-4.367,0.546,0.456,1.292,1.389,2,NULL,NULL,,3,0,2,7,255,1332,250,0,0
stim,233973,264094,0,264094,3461419.455,-0.674,-0.033,0.147,0.723,3087,0,0,3129,0,1915,0,1645,46,1.044,1,2266,0,139.139,4.951,-42.500,-131.000,19.813,-0.414,0.273,1.156,2.383,-4.340,0.676,0.512,0.438,1.292,1.389,2,NULL,NULL,,3,0,2,7,255,1332,250,0,0
stim,233973,264094,0,264094,3461424.454,-0.675,-0.031,0.142,0.724,3077,0,0,3133,0,2027,29,1715,46,1.044,1,2266,0,139.771,1.581,-58.625,-126.875,-1.313,-0.105,0.270,1.293,-1.012,-1.215,2.426,0.472,0.398,1.292,1.389,2,NULL,NULL,,3,0,2,7,255,1332,250,0,0
stim,233999,264120,0,264120,3461429.455,-0.675,-0.030,0.135,0.725,3079,0,0,3134,0,2109,43,1811,46,1.044,1,2266,0,151.820,2.165,-90.875,-121.438,6.625,0.012,-0.102,1.254,-1.012,1.914,2.426,0.426,0.346,1.292,1.389,2,NULL,NULL,,3,0,2,7,255,1332,250,0,0
stim,233999,264120,0,264120,3461434.454,-0.675,-0.029,0.128,0.726,3092,0,0,3142,221,2220,93,1928,46,1.044,1,2266,0,162.689,3.267,-113.625,-115.188,17.000,-0.012,-0.426,1.047,2.219,2.398,1.902,0.380,0.286,1.292,1.389,2,NULL,NULL,,3,0,2,7,255,1332,250,0,0
stim,233999,264120,0,264120,3461439.455,-0.675,-0.028,0.123,0.727,3083,0,0,3143,455,2267,235,2052,46,1.044,1,2266,0,132.392,5.299,-82.125,-102.563,16.250,0.125,-0.367,1.090,4.379,2.984,-0.070,0.344,0.242,1.292,1.389,2,NULL,NULL,,3,0,2,7,255,1332,250,0,0
stim,233999,264120,0,264120,3461444.453,-0.676,-0.027,0.120,0.727,3087,0,0,3161,687,2301,224,2130,46,1.044,1,2266,0,69.950,5.710,-28.938,-58.438,-25.313,0.258,-0.109,1.449,4.379,3.664,-0.070,0.312,0.214,1.292,1.389,2,NULL,NULL,,3,0,2,7,255,1332,250,0,0
stim,233999,264120,0,264120,3461449.455,-0.677,-0.027,0.117,0.726,3100,0,0,3148,901,2347,234,2181,46,1.044,1,2266,0,68.385,5.850,-26.563,-53.875,-32.688,0.477,0.594,1.094,2.047,5.480,0.316,0.284,0.198,1.292,1.389,2,NULL,NULL,,3,0,2,7,255,1332,250,0,0
stim,233999,264120,0,264120,3461454.453,-0.678,-0.025,0.117,0.726,3091,0,0,3156,1045,2368,240,2234,46,1.044,1,2266,0,40.767,8.255,10.813,-35.875,-16.063,0.449,0.852,1.328,-5.301,6.328,2.902,0.264,0.194,1.292,1.389,2,NULL,NULL,,3,0,2,7,255,1332,250,0,0
stim,234028,264149,0,264149,3461459.455,-0.677,-0.026,0.115,0.726,3091,0,0,3149,1140,2389,249,2274,46,1.044,1,2266,0,48.514,8.255,-43.125,-18.375,12.500,-0.109,0.188,1.730,-5.301,6.328,2.902,0.260,0.190,1.292,1.389,2,NULL,NULL,,3,0,2,7,255,1332,250,0,0
stim,234028,264149,0,264149,3461464.454,-0.678,-0.029,0.110,0.726,3091,22,0,3158,1232,2411,253,2329,46,1.044,1,2266,0,126.995,2.199,-125.438,-12.750,-15.188,-0.496,0.078,1.230,-0.344,2.172,2.996,0.260,0.178,1.292,1.389,2,NULL,NULL,,3,0,2,7,255,1332,250,0,0
stim,234028,264149,0,264149,3461469.457,-0.680,-0.032,0.107,0.725,3096,33,0,3171,1299,2421,259,2361,46,1.044,1,2266,0,126.678,2.319,-99.375,-9.375,-78.000,-0.348,0.254,0.648,-0.344,-2.293,2.996,0.260,0.164,1.292,1.389,2,NULL,NULL,,3,0,2,7,255,1332,250,0,0
stim,234028,264149,0,264149,3461474.454,-0.683,-0.033,0.105,0.722,3093,56,0,3171,1381,2428,253,2379,46,1.044,1,2266,0,115.931,2.445,-35.688,-12.750,-109.563,0.008,0.133,0.824,-0.848,-2.293,-1.813,0.262,0.144,1.292,1.389,2,NULL,NULL,,3,0,2,7,255,1332,250,0,0
stim,234050,264171,0,264171,3461479.455,-0.686,-0.034,0.104,0.719,3093,73,0,3165,1494,2444,265,2418,46,1.044,1,2266,0,89.581,1.754,-24.063,-8.438,-85.875,0.230,-0.027,1.133,-0.848,1.535,-1.813,0.270,0.120,1.292,1.389,2,NULL,NULL,,3,0,2,7,255,1332,250,0,0
stim,234050,264171,0,264171,3461484.453,-0.687,-0.035,0.102,0.718,3091,98,0,3165,1561,2463,269,2429,46,1.044,1,2266,0,68.378,2.999,-54.000,-4.063,-41.750,0.078,-0.039,1.148,0.738,2.906,0.594,0.286,0.098,1.292,1.389,2,NULL,NULL,,3,0,2,7,255,1332,250,0,0
stim,234071,264192,0,264192,3461489.455,-0.688,-0.038,0.099,0.718,3097,103,0,3171,1595,2469,267,2446,46,1.044,1,2266,0,78.221,2.999,-72.688,-1.125,-28.875,-0.180,-0.004,0.961,0.738,2.906,0.594,0.300,0.078,1.292,1.389,2,NULL,NULL,,3,0,2,7,255,1332,250,0,0
stim,234071,264192,0,264192,3461494.453,-0.690,-0.040,0.097,0.716,3101,140,0,3174,1644,2479,287,2467,46,1.044,1,2266,0,75.022,0.514,-57.375,-1.500,-48.313,-0.262,0.055,0.859,0.512,0.051,-0.270,0.314,0.064,1.292,1.389,2,NULL,NULL,,3,0,2,7,255,1332,250,0,0
stim,234071,264192,0,264192,3461499.456,-0.692,-0.041,0.096,0.715,3099,171,27,3181,1701,2491,286,2485,46,1.044,1,2266,0,75.448,0.067,-35.250,-1.625,-66.688,-0.121,0.031,0.930,0.043,0.051,-0.660,0.320,0.060,1.292,1.389,2,NULL,NULL,,3,0,2,7,255,1332,250,0,0
stim,234071,264192,0,264192,3461504.454,-0.693,-0.042,0.095,0.713,3093,219,69,3181,1755,2509,297,2493,46,1.044,1,2266,0,65.680,0.552,-31.125,-1.688,-57.813,0.027,-0.047,1.016,0.043,0.551,-0.660,0.326,0.058,1.292,1.389,2,NULL,NULL,,3,0,2,7,255,1332,250,0,0
stim,234071,264192,0,264192,3461509.455,-0.695,-0.043,0.093,0.712,3096,235,99,3181,1788,2509,305,2493,46,1.044,1,2266,0,49.378,2.271,-34.125,0.250,-35.688,0.059,-0.145,1.012,0.758,2.141,-0.266,0.330,0.056,1.292,1.389,2,NULL,NULL,,3,0,2,7,255,1332,250,0,0
stim,234071,264192,0,264192,3461514.453,-0.695,-0.044,0.092,0.712,3096,260,157,3177,1833,2511,299,2495,46,1.044,1,2266,0,34.627,2.716,-31.625,1.063,-14.063,-0.020,-0.176,0.938,1.672,2.141,-0.266,0.336,0.050,1.292,1.389,2,NULL,NULL,,3,0,2,7,255,1332,250,0,0
stim,234071,264192,0,264192,3461519.455,-0.695,-0.045,0.092,0.712,3111,267,218,3182,1864,2515,303,2501,46,1.044,1,2266,0,23.262,2.291,-23.000,0.563,-3.438,-0.152,-0.113,0.906,1.672,1.566,-0.840,0.340,0.042,1.292,1.389,2,NULL,NULL,,3,0,2,7,255,1332,250,0,0
stim,234071,264192,0,264192,3461524.454,-0.695,-0.045,0.091,0.712,3101,271,280,3191,1892,2524,307,2513,46,1.044,1,2266,0,16.480,1.359,-14.438,-0.375,-7.938,-0.230,-0.035,0.957,1.340,0.227,-0.840,0.344,0.036,1.292,1.389,2,NULL,NULL,,3,0,2,7,255,1332,250,0,0
stim,234093,264214,0,264214,3461529.455,-0.696,-0.046,0.091,0.711,3105,277,331,3182,1911,2531,299,2513,46,1.044,1,2266,0,20.077,0.628,-9.000,-0.563,-17.938,-0.199,-0.008,1.004,0.625,-0.063,-0.207,0.346,0.030,1.292,1.389,2,NULL,NULL,,3,0,2,7,255,1332,250,0,0
stim,234093,264214,0,264214,3461534.454,-0.696,-0.046,0.090,0.711,3110,277,359,3184,1929,2521,286,2508,46,1.044,1,2266,0,19.768,0.597,-8.375,-1.063,-17.875,-0.121,-0.035,1.020,0.594,-0.063,0.199,0.348,0.024,1.292,1.389,2,NULL,NULL,,3,0,2,7,255,1332,250,0,0
stim,234093,264214,0,264214,3461539.455,-0.697,-0.046,0.090,0.710,3097,273,403,3182,1947,2536,270,2511,46,1.023,1,2266,1,12.748,0.932,-10.813,-1.313,-6.625,-0.109,-0.086,1.000,0.594,0.719,0.199,0.000,0.000,1.270,1.346,2,NULL,NULL,,3,0,2,7,255,1332,250,0,0
stim,234093,264214,0,264214,3461544.454,-0.696,-0.047,0.089,0.710,3098,273,423,3181,1961,2533,255,2515,46,1.023,1,2266,1,11.167,1.283,-11.000,-1.875,0.438,-0.180,-0.090,0.961,1.063,0.719,-0.012,0.004,0.004,1.270,1.346,2,NULL,NULL,,3,0,2,7,255,1332,250,0,0
stim,234117,264239,0,264239,3461549.455,-0.697,-0.047,0.089,0.710,3095,267,443,3195,1959,2525,252,2513,46,1.023,1,2266,1,7.355,1.064,-5.938,-2.188,-3.750,-0.203,-0.059,0.945,1.063,0.063,-0.250,0.008,0.008,1.270,1.346,2,NULL,NULL,,3,0,2,7,255,1332,250,0,0
stim,234117,264239,0,264239,3461554.453,-0.697,-0.047,0.089,0.710,3093,271,459,3187,1975,2530,251,2520,46,1.023,1,2266,1,8.419,0.784,-0.563,-2.750,-7.938,-0.156,-0.055,0.961,0.781,0.063,-0.281,0.012,0.012,1.270,1.346,2,NULL,NULL,,3,0,2,7,255,1332,250,0,0
stim,234117,264239,0,264239,3461559.455,-0.697,-0.047,0.088,0.710,3091,277,486,3177,1981,2531,249,2516,46,1.023,1,2266,1,5.445,0.810,0.875,-2.938,-4.500,-0.113,-0.059,0.988,0.773,0.242,-0.281,0.016,0.018,1.270,1.346,2,NULL,NULL,,3,0,2,7,255,1332,250,0,0
stim,234117,264239,0,264239,3461564.454,-0.697,-0.047,0.088,0.710,3098,265,503,3181,1981,2521,247,2515,46,1.023,1,2266,1,3.159,0.910,0.000,-2.813,1.438,-0.133,-0.035,0.988,0.742,0.527,-0.098,0.020,0.020,1.270,1.346,2,NULL,NULL,,3,0,2,7,255,1332,250,0,0
stim,234117,264239,0,264239,3461569.455,-0.697,-0.047,0.088,0.710,3093,268,507,3175,1992,2521,247,2521,46,1.023,1,2266,1,3.434,0.735,0.688,-2.750,1.938,-0.168,0.000,0.984,0.512,0.527,-0.070,0.024,0.024,1.270,1.346,2,NULL,NULL,,3,0,2,7,255,1332,250,0,0
stim,234117,264239,0,264239,3461574.454,-0.697,-0.047,0.088,0.710,3095,254,533,3177,1997,2531,243,2523,46,1.023,1,2266,1,4.152,0.260,2.938,-2.625,-1.313,-0.168,0.008,0.988,0.191,0.176,-0.047,0.028,0.028,1.270,1.346,2,NULL,NULL,,3,0,2,7,255,1332,250,0,0
stim,234169,264290,0,264290,3461579.455,-0.697,-0.046,0.088,0.710,3089,254,539,3161,1991,2518,231,2515,46,1.023,1,2266,1,5.594,0.211,4.063,-2.688,-2.750,-0.152,0.012,1.000,0.117,0.176,0.020,0.030,0.032,1.270,1.346,2,NULL,NULL,,3,0,2,7,255,1332,250,0,0
stim,234169,264290,0,264290,3461584.453,-0.697,-0.046,0.088,0.710,3092,251,549,3165,1995,2523,227,2523,46,1.023,1,2266,1,5.165,0.335,4.063,-2.625,-1.813,-0.148,0.023,1.004,0.086,0.324,0.078,0.032,0.036,1.270,1.346,2,NULL,NULL,,3,0,2,7,255,1332,250,0,0
stim,234169,264290,0,264290,3461589.455,-0.697,-0.046,0.088,0.710,3080,247,557,3160,1993,2513,217,2521,46,1.023,1,2266,1,4.045,0.326,3.000,-2.375,-1.313,-0.160,0.039,1.008,-0.035,0.324,0.125,0.034,0.038,1.270,1.346,2,NULL,NULL,,3,0,2,7,255,1332,250,0,0
stim,234169,264290,0,264290,3461594.453,-0.697,-0.046,0.088,0.710,3067,236,569,3149,1991,2507,215,2516,46,1.023,1,2266,1,3.805,0.334,1.938,-2.188,-2.438,-0.176,0.039,1.004,-0.180,0.281,0.164,0.036,0.038,1.270,1.346,2,NULL,NULL,,3,0,2,7,255,1332,250,0,0
stim,234191,264312,0,264312,3461599.457,-0.697,-0.046,0.088,0.710,3067,232,585,3146,1991,2507,200,2520,46,1.023,1,2266,1,5.581,0.208,1.625,-2.438,-4.750,-0.180,0.027,0.988,-0.180,0.105,0.164,0.036,0.040,1.270,1.346,2,NULL,NULL,,3,0,2,7,255,1332,250,0,0
stim,234191,264312,0,264312,3461604.454,-0.698,-0.045,0.088,0.710,3063,231,599,3143,1989,2505,215,2513,46,1.023,1,2266,1,7.224,0.099,2.750,-2.938,-6.000,-0.176,0.016,0.980,-0.070,0.070,0.027,0.036,0.040,1.270,1.346,2,NULL,NULL,,3,0,2,7,255,1332,250,0,0
stim,234191,264312,0,264312,3461609.458,-0.698,-0.045,0.088,0.709,3048,232,627,3123,1983,2494,223,2514,46,1.023,1,2266,1,7.551,0.079,3.688,-3.813,-5.375,-0.184,0.016,0.984,0.066,0.043,-0.012,0.036,0.040,1.270,1.346,2,NULL,NULL,,3,0,2,7,255,1332,250,0,0
stim,234191,264312,0,264312,3461614.453,-0.698,-0.045,0.088,0.709,3039,236,651,3112,1995,2501,231,2515,46,1.023,1,2266,1,8.748,0.067,4.438,-4.875,-5.750,-0.199,0.051,0.984,0.066,0.004,-0.012,0.034,0.040,1.270,1.346,2,NULL,NULL,,3,0,2,7,255,1332,250,0,0
stim,234191,264312,0,264312,3461619.457,-0.698,-0.045,0.088,0.709,3028,235,668,3099,2007,2491,250,2511,46,1.023,1,2266,1,11.045,0.319,5.375,-6.438,-7.188,-0.211,0.090,0.996,-0.266,-0.176,0.051,0.034,0.040,1.270,1.346,2,NULL,NULL,,3,0,2,7,255,1332,250,0,0
stim,234191,264312,0,264312,3461624.454,-0.699,-0.044,0.088,0.709,3027,233,698,3100,2027,2491,280,2529,46,1.023,1,2266,1,12.844,0.709,5.063,-8.125,-8.563,-0.223,0.125,1.016,-0.652,-0.277,0.172,0.034,0.040,1.270,1.346,2,NULL,NULL,,3,0,2,7,255,1332,250,0,0
stim,234191,264312,0,264312,3461629.455,-0.699,-0.044,0.088,0.708,3017,239,723,3087,2041,2495,295,2523,46,1.023,1,2266,1,15.815,1.023,3.313,-9.438,-12.250,-0.215,0.184,1.031,-0.984,-0.277,0.422,0.032,0.038,1.270,1.346,2,NULL,NULL,,3,0,2,7,255,1332,250,0,0
stim,234191,264312,0,264312,3461634.454,-0.700,-0.043,0.088,0.708,2987,249,756,3067,2079,2489,327,2540,46,1.023,1,2266,1,18.288,1.555,1.375,-10.188,-15.125,-0.172,0.207,1.047,-1.531,-0.270,0.570,0.030,0.036,1.270,1.346,2,NULL,NULL,,3,0,2,7,255,1332,250,0,0
stim,234191,264312,0,264312,3461639.455,-0.700,-0.043,0.087,0.708,2987,249,777,3059,2101,2488,348,2539,46,1.023,1,2266,1,17.432,1.576,-2.750,-10.188,-13.875,-0.121,0.184,1.059,-1.566,0.172,0.652,0.028,0.034,1.270,1.346,2,NULL,NULL,,3,0,2,7,255,1332,250,0,0
stim,234191,264312,0,264312,3461644.454,-0.700,-0.043,0.087,0.707,2967,264,829,3053,2141,2487,391,2554,46,1.023,1,2266,1,15.836,1.703,-7.625,-9.625,-10.000,-0.113,0.141,1.039,-1.566,0.668,0.652,0.026,0.030,1.270,1.346,2,NULL,NULL,,3,0,2,7,255,1332,250,0,0
stim,234216,264337,0,264337,3461649.455,-0.701,-0.043,0.086,0.707,2953,271,872,3037,2186,2488,411,2568,46,1.023,1,2266,1,15.728,1.329,-9.813,-8.938,-8.438,-0.137,0.113,1.000,-1.148,0.668,0.441,0.024,0.024,1.270,1.346,2,NULL,NULL,,3,0,2,7,255,1332,250,0,0
stim,234216,264337,0,264337,3461654.453,-0.701,-0.043,0.086,0.707,2941,265,934,3037,2206,2487,421,2568,46,1.023,1,2266,1,15.760,0.972,-7.563,-8.125,-11.188,-0.141,0.109,0.980,-0.879,0.414,0.105,0.024,0.018,1.270,1.346,2,NULL,NULL,,3,0,2,7,255,1332,250,0,0
stim,234216,264337,0,264337,3461659.455,-0.701,-0.042,0.085,0.706,2937,270,991,3027,2233,2490,445,2581,46,1.023,1,2266,1,16.407,0.940,-5.250,-7.250,-13.750,-0.117,0.094,0.984,-0.844,0.414,-0.094,0.026,0.012,1.270,1.346,2,NULL,NULL,,3,0,2,7,255,1332,250,0,0
stim,234216,264337,0,264337,3461664.453,-0.702,-0.042,0.085,0.706,2917,281,1054,3008,2258,2487,509,2584,46,1.023,1,2266,1,15.444,0.901,-5.875,-6.438,-12.750,-0.109,0.066,0.996,-0.719,0.543,-0.094,0.030,0.006,1.270,1.346,2,NULL,NULL,,3,0,2,7,255,1332,250,0,0
stim,234236,264357,0,264357,3461669.456,-0.702,-0.042,0.084,0.706,2916,285,1139,3016,2280,2488,574,2591,46,1.023,1,2266,1,14.689,0.700,-8.188,-5.875,-10.688,-0.129,0.043,0.984,-0.441,0.543,-0.086,0.036,0.002,1.270,1.346,2,NULL,NULL,,3,0,2,7,255,1332,250,0,0
stim,234236,264357,0,264357,3461674.454,-0.702,-0.042,0.084,0.706,2900,287,1225,3000,2317,2495,683,2613,46,1.023,1,2266,1,14.858,0.479,-8.813,-6.063,-10.313,-0.160,0.023,0.965,-0.219,0.426,-0.086,0.038,0.004,1.270,1.346,2,NULL,NULL,,3,0,2,7,255,1332,250,0,0
stim,234236,264357,0,264357,3461679.455,-0.703,-0.043,0.083,0.705,2874,311,1283,2991,2345,2491,774,2617,46,1.023,1,2266,1,15.745,0.092,-7.625,-6.875,-11.938,-0.203,0.008,0.961,-0.055,0.074,-0.207,0.042,0.006,1.270,1.346,2,NULL,NULL,,3,0,2,7,255,1332,250,0,0
stim,234236,264357,0,264357,3461684.453,-0.703,-0.043,0.083,0.705,2867,337,1355,2991,2367,2493,846,2622,46,1.023,1,2266,1,19.458,0.333,-6.875,-7.688,-16.500,-0.227,0.031,0.977,-0.055,-0.328,-0.207,0.044,0.008,1.270,1.346,2,NULL,NULL,,3,0,2,7,255,1332,250,0,0
stim,234274,264395,0,264395,3461689.455,-0.704,-0.043,0.082,0.704,2848,340,1445,2983,2405,2503,942,2643,46,1.023,1,2266,1,26.516,0.442,-8.250,-8.063,-23.875,-0.219,0.055,1.004,-0.145,-0.418,0.020,0.048,0.010,1.270,1.346,2,NULL,NULL,,3,0,2,7,255,1332,250,0,0
stim,234274,264395,0,264395,3461694.453,-0.705,-0.043,0.082,0.703,2837,382,1531,2970,2423,2507,1017,2652,46,1.023,1,2266,1,33.464,0.442,-13.375,-8.188,-29.563,-0.176,0.027,1.016,-0.145,-0.418,0.246,0.048,0.010,1.270,1.346,2,NULL,NULL,,3,0,2,7,255,1332,250,0,0
stim,234274,264395,0,264395,3461699.457,-0.706,-0.043,0.081,0.702,2809,397,1597,2957,2450,2506,1106,2653,46,1.023,1,2266,1,36.060,0.098,-19.000,-8.313,-29.500,-0.133,-0.047,0.988,-0.098,-0.008,0.246,0.048,0.010,1.270,1.346,2,NULL,NULL,,3,0,2,7,255,1332,250,0,0
stim,234274,264395,0,264395,3461704.454,-0.707,-0.044,0.079,0.702,2797,412,1689,2944,2477,2509,1169,2665,46,1.023,1,2266,1,32.642,0.681,-20.313,-8.938,-23.938,-0.125,-0.113,0.938,0.590,0.340,-0.047,0.048,0.010,1.270,1.346,2,NULL,NULL,,3,0,2,7,255,1332,250,0,0
stim,234274,264395,0,264395,3461709.455,-0.707,-0.044,0.078,0.701,2793,435,1763,2939,2487,2515,1239,2676,46,1.023,1,2266,1,26.539,1.239,-15.750,-10.000,-18.875,-0.156,-0.117,0.914,1.191,0.340,-0.578,0.048,0.010,1.270,1.346,2,NULL,NULL,,3,0,2,7,255,1332,250,0,0
stim,234274,264395,0,264395,3461714.453,-0.708,-0.044,0.078,0.701,2763,455,1819,2919,2517,2507,1350,2687,46,1.023,1,2266,1,23.839,1.191,-8.875,-11.125,-19.125,-0.168,-0.066,0.938,1.191,0.000,-0.578,0.048,0.012,1.270,1.346,2,NULL,NULL,,3,0,2,7,255,1332,250,0,0
stim,234274,264395,0,264395,3461719.455,-0.708,-0.044,0.077,0.700,2743,475,1882,2907,2532,2508,1405,2698,46,1.023,1,2266,1,24.955,0.703,-5.563,-11.500,-21.438,-0.148,-0.012,0.973,0.703,0.000,-0.504,0.046,0.012,1.270,1.346,2,NULL,NULL,,3,0,2,7,255,1332,250,0,0
stim,234274,264395,0,264395,3461724.454,-0.709,-0.044,0.076,0.700,2719,505,1945,2899,2551,2529,1485,2701,46,1.023,1,2266,1,23.916,0.216,-6.188,-12.188,-19.625,-0.129,-0.008,1.000,0.160,0.145,-0.168,0.046,0.012,1.270,1.346,2,NULL,NULL,,3,0,2,7,255,1332,250,0,0
stim,234302,264423,0,264423,3461729.455,-0.710,-0.044,0.076,0.699,2707,521,2023,2893,2577,2522,1573,2723,46,1.023,1,2266,1,22.626,0.371,-8.375,-12.188,-17.125,-0.129,0.004,1.004,0.117,0.352,0.070,0.044,0.012,1.270,1.346,2,NULL,NULL,,3,0,2,7,255,1332,250,0,0
stim,234302,264423,0,264423,3461734.454,-0.710,-0.044,0.075,0.699,2675,535,2102,2872,2603,2522,1614,2735,46,1.023,1,2266,1,22.137,0.352,-8.625,-12.313,-16.250,-0.145,0.031,0.992,0.012,0.352,0.070,0.042,0.014,1.270,1.346,2,NULL,NULL,,3,0,2,7,255,1332,250,0,0
stim,234302,264423,0,264423,3461739.455,-0.711,-0.044,0.074,0.698,2661,551,2135,2859,2612,2522,1669,2741,46,1.023,1,2266,1,23.469,0.321,-7.438,-12.563,-18.375,-0.145,0.047,0.992,-0.266,0.180,0.027,0.040,0.014,1.270,1.346,2,NULL,NULL,,3,0,2,7,255,1332,250,0,0
stim,234302,264423,0,264423,3461744.453,-0.711,-0.043,0.074,0.698,2631,573,2188,2855,2629,2524,1733,2739,46,1.023,1,2266,1,23.823,0.391,-6.750,-12.688,-19.000,-0.129,0.039,1.008,-0.348,0.180,0.027,0.040,0.018,1.270,1.346,2,NULL,NULL,,3,0,2,7,255,1332,250,0,0
stim,234302,264423,0,264423,3461749.458,-0.712,-0.043,0.073,0.697,2592,598,2235,2822,2649,2527,1811,2759,46,1.023,1,2266,1,23.547,0.486,-8.563,-12.625,-17.938,-0.129,0.027,1.012,-0.348,0.340,0.137,0.040,0.018,1.270,1.346,2,NULL,NULL,,3,0,2,7,255,1332,250,0,0
stim,234302,264423,0,264423,3461754.453,-0.712,-0.043,0.072,0.697,2553,606,2287,2809,2675,2537,1881,2774,46,1.023,1,2266,1,24.194,0.420,-10.500,-12.563,-17.813,-0.137,0.012,1.008,-0.246,0.340,0.137,0.042,0.018,1.270,1.346,2,NULL,NULL,,3,0,2,7,255,1332,250,0,0
stim,234326,264447,0,264447,3461759.455,-0.713,-0.043,0.071,0.696,2517,629,2345,2793,2693,2532,1946,2773,46,1.023,1,2266,1,24.912,0.274,-11.250,-12.688,-18.250,-0.137,-0.004,0.996,-0.129,0.242,0.137,0.044,0.016,1.270,1.346,2,NULL,NULL,,3,0,2,7,255,1332,250,0,0
stim,234326,264447,0,264447,3461764.454,-0.713,-0.043,0.070,0.696,2483,633,2387,2787,2711,2541,1992,2789,46,1.023,1,2266,1,25.386,0.225,-12.000,-12.938,-18.250,-0.137,-0.012,1.000,0.035,0.223,0.078,0.046,0.016,1.270,1.346,2,NULL,NULL,,3,0,2,7,255,1332,250,0,0
stim,234326,264447,0,264447,3461769.457,-0.714,-0.043,0.070,0.695,2452,639,2438,2758,2713,2542,2043,2790,46,1.023,1,2266,1,27.264,0.206,-13.813,-13.125,-19.500,-0.148,-0.020,1.012,0.094,0.184,0.078,0.048,0.016,1.270,1.346,2,NULL,NULL,,3,0,2,7,255,1332,250,0,0
stim,234326,264447,0,264447,3461774.454,-0.715,-0.043,0.069,0.695,2407,645,2469,2743,2729,2535,2089,2795,46,1.023,1,2266,1,29.339,0.177,-15.688,-13.375,-20.875,-0.145,-0.027,1.004,0.133,0.117,0.141,0.050,0.016,1.270,1.346,2,NULL,NULL,,3,0,2,7,255,1332,250,0,0
stim,234326,264447,0,264447,3461779.456,-0.715,-0.044,0.068,0.694,2361,651,2508,2715,2747,2540,2137,2815,46,1.023,1,2266,1,30.043,0.238,-17.000,-13.813,-20.563,-0.141,-0.031,1.000,0.207,0.117,0.141,0.050,0.016,1.270,1.346,2,NULL,NULL,,3,0,2,7,255,1332,250,0,0
stim,234326,264447,0,264447,3461784.453,-0.716,-0.044,0.066,0.694,2293,651,2540,2671,2764,2537,2168,2812,46,1.023,1,2266,1,30.093,0.238,-17.750,-14.500,-19.500,-0.145,-0.031,1.004,0.207,0.117,0.137,0.052,0.016,1.270,1.346,2,NULL,NULL,,3,0,2,7,255,1332,250,0,0
stim,234371,264492,0,264492,3461789.456,-0.717,-0.044,0.065,0.693,2229,652,2575,2652,2771,2535,2200,2827,46,1.023,1,2266,1,30.998,0.214,-19.000,-15.063,-19.313,-0.152,-0.008,1.008,0.199,0.078,0.137,0.052,0.016,1.270,1.346,2,NULL,NULL,,3,0,2,7,255,1332,250,0,0
stim,234371,264492,0,264492,3461794.454,-0.717,-0.044,0.064,0.693,2171,651,2605,2607,2783,2535,2255,2843,46,1.023,1,2266,1,32.659,0.046,-19.000,-15.250,-21.750,-0.148,0.023,1.000,-0.043,0.016,0.137,0.054,0.016,1.270,1.346,2,NULL,NULL,,3,0,2,7,255,1332,250,0,0
stim,234371,264492,0,264492,3461799.455,-0.718,-0.044,0.063,0.692,2121,651,2638,2577,2799,2537,2294,2843,46,1.023,1,2266,1,34.785,0.219,-19.063,-15.500,-24.625,-0.133,0.008,1.012,-0.219,0.016,0.168,0.054,0.018,1.270,1.346,2,NULL,NULL,,3,0,2,7,255,1332,250,0,0
stim,234371,264492,0,264492,3461804.453,-0.719,-0.044,0.062,0.691,2029,649,2663,2530,2815,2543,2325,2848,46,1.023,1,2266,1,33.062,0.283,-18.750,-15.875,-22.125,-0.109,-0.016,0.992,-0.219,0.180,0.109,0.054,0.020,1.270,1.346,2,NULL,NULL,,3,0,2,7,255,1332,250,0,0
stim,234371,264492,0,264492,3461809.455,-0.719,-0.044,0.061,0.691,1960,636,2680,2483,2825,2535,2348,2859,46,1.023,1,2266,1,29.708,0.262,-16.125,-15.875,-19.250,-0.113,-0.035,0.984,0.008,0.262,-0.043,0.054,0.022,1.270,1.346,2,NULL,NULL,,3,0,2,7,255,1332,250,0,0
stim,234371,264492,0,264492,3461814.453,-0.720,-0.044,0.060,0.690,1880,627,2707,2426,2837,2533,2382,2868,46,1.023,1,2266,1,28.566,0.275,-14.313,-16.813,-18.125,-0.141,-0.031,1.016,0.086,0.262,-0.043,0.054,0.024,1.270,1.346,2,NULL,NULL,,3,0,2,7,255,1332,250,0,0
stim,234393,264514,0,264514,3461819.455,-0.720,-0.044,0.059,0.690,1781,603,2732,2360,2847,2531,2414,2875,46,1.023,1,2266,1,30.804,0.096,-15.625,-17.313,-20.125,-0.145,-0.008,1.027,0.086,0.043,0.227,0.054,0.024,1.270,1.346,2,NULL,NULL,,3,0,2,7,255,1332,250,0,0
stim,234393,264514,0,264514,3461824.454,-0.721,-0.044,0.057,0.689,1672,575,2760,2295,2859,2530,2443,2879,46,1.023,1,2266,1,33.370,0.147,-18.250,-18.063,-21.313,-0.133,0.000,1.039,-0.141,0.043,0.367,0.054,0.026,1.270,1.346,2,NULL,NULL,,3,0,2,7,255,1332,250,0,0
stim,234393,264514,0,264514,3461829.455,-0.722,-0.045,0.056,0.689,1541,554,2783,2232,2871,2523,2472,2888,46,1.023,1,2266,1,37.044,0.259,-22.250,-18.188,-23.375,-0.137,0.004,1.055,-0.230,0.117,0.434,0.054,0.026,1.270,1.346,2,NULL,NULL,,3,0,2,7,255,1332,250,0,0
stim,234393,264514,0,264514,3461834.453,-0.722,-0.045,0.055,0.688,1379,527,2803,2154,2877,2519,2511,2895,46,1.023,1,2266,1,40.304,0.341,-26.188,-18.313,-24.563,-0.129,0.023,1.039,-0.313,0.137,0.434,0.054,0.028,1.270,1.346,2,NULL,NULL,,3,0,2,7,255,1332,250,0,0
stim,234393,264514,0,264514,3461839.455,-0.723,-0.045,0.053,0.687,1262,500,2827,2039,2893,2515,2537,2900,46,1.023,1,2266,1,40.035,0.540,-26.500,-19.125,-23.125,-0.121,0.039,1.027,-0.516,0.160,0.422,0.056,0.028,1.270,1.346,2,NULL,NULL,,3,0,2,7,255,1332,250,0,0
stim,234393,264514,0,264514,3461844.453,-0.724,-0.045,0.052,0.687,1105,447,2843,1900,2901,2505,2567,2902,46,1.023,1,2266,1,39.487,0.717,-25.188,-19.750,-23.125,-0.141,0.051,1.023,-0.699,0.160,0.297,0.058,0.028,1.270,1.346,2,NULL,NULL,,3,0,2,7,255,1332,250,0,0
stim,234417,264538,0,264538,3461849.456,-0.724,-0.045,0.051,0.686,964,401,2862,1811,2914,2492,2589,2909,46,1.023,1,2266,1,39.787,0.703,-23.375,-21.250,-24.188,-0.148,0.035,1.039,-0.703,0.008,0.297,0.058,0.028,1.270,1.346,2,NULL,NULL,,3,0,2,7,255,1332,250,0,0
stim,234417,264538,0,264538,3461854.454,-0.725,-0.045,0.049,0.685,798,377,2877,1655,2921,2485,2619,2916,46,1.023,1,2266,1,43.711,0.709,-24.625,-21.938,-28.688,-0.148,0.004,1.066,-0.703,-0.090,0.465,0.058,0.028,1.270,1.346,2,NULL,NULL,,3,0,2,7,255,1332,250,0,0
stim,234417,264538,0,264538,3461859.456,-0.726,-0.046,0.048,0.684,599,347,2891,1499,2933,2477,2645,2921,46,1.023,1,2266,1,45.113,0.608,-25.438,-23.313,-29.063,-0.137,0.020,1.063,-0.602,-0.090,0.688,0.060,0.030,1.270,1.346,2,NULL,NULL,,3,0,2,7,255,1332,250,0,0
stim,234417,264538,0,264538,3461864.453,-0.727,-0.046,0.046,0.684,416,293,2905,1303,2943,2459,2665,2925,46,1.023,1,2266,1,45.745,0.602,-27.563,-25.375,-26.250,-0.117,0.027,1.074,-0.602,0.023,0.719,0.060,0.030,1.270,1.346,2,NULL,NULL,,3,0,2,7,255,1332,250,0,0
stim,234417,264538,0,264538,3461869.455,-0.727,-0.046,0.044,0.683,297,245,2919,1093,2957,2445,2683,2927,46,1.023,1,2266,1,45.979,0.721,-29.438,-26.313,-23.563,-0.129,0.051,1.059,-0.719,0.051,0.688,0.062,0.030,1.270,1.346,2,NULL,NULL,,3,0,2,7,255,1332,250,0,0
stim,234417,264538,0,264538,3461874.454,-0.728,-0.046,0.042,0.682,153,189,2933,903,2969,2424,2707,2937,46,1.023,1,2266,1,46.916,0.923,-26.250,-28.688,-26.250,-0.180,0.039,1.059,-0.922,0.051,0.684,0.062,0.030,1.270,1.346,2,NULL,NULL,,3,0,2,7,255,1332,250,0,0
stim,234469,264590,0,264590,3461879.455,-0.729,-0.045,0.041,0.682,82,153,2941,665,2975,2406,2723,2940,46,1.023,1,2266,1,53.092,0.922,-24.500,-30.813,-35.625,-0.125,0.039,1.047,-0.922,0.027,0.605,0.064,0.030,1.270,1.346,2,NULL,NULL,,3,0,2,7,255,1332,250,0,0
stim,234469,264590,0,264590,3461884.454,-0.730,-0.045,0.039,0.680,28,92,2955,495,2985,2377,2747,2943,46,1.023,1,2266,1,51.691,0.895,-14.313,-33.688,-36.500,-0.098,0.027,1.031,-0.895,0.027,0.492,0.064,0.032,1.270,1.346,2,NULL,NULL,,3,0,2,7,255,1332,250,0,0
stim,234492,264613,0,264613,3461889.455,-0.731,-0.044,0.038,0.680,1,68,2970,349,2995,2341,2771,2952,46,1.023,1,2266,1,50.460,0.923,-11.250,-36.250,-33.250,-0.059,0.063,1.059,-0.895,0.227,0.492,0.064,0.032,1.270,1.346,2,NULL,NULL,,3,0,2,7,255,1332,250,0,0
stim,234492,264613,0,264613,3461894.453,-0.732,-0.043,0.036,0.679,0,41,2975,216,3006,2309,2791,2956,46,1.023,1,2266,1,52.592,1.130,-14.063,-37.063,-34.563,-0.074,0.055,1.047,-1.047,0.426,0.430,0.068,0.030,1.270,1.346,2,NULL,NULL,,3,0,2,7,255,1332,250,0,0
stim,234492,264613,0,264613,3461899.458,-0.733,-0.042,0.035,0.678,0,35,2987,146,3016,2283,2809,2955,46,1.023,1,2266,1,48.405,1.130,2.188,-43.125,-21.875,-0.207,-0.031,1.125,-1.047,0.426,0.512,0.070,0.030,1.270,1.346,2,NULL,NULL,,3,0,2,7,255,1332,250,0,0
stim,234492,264613,0,264613,3461904.453,-0.733,-0.040,0.034,0.678,0,3,2997,109,3020,2265,2827,2963,46,1.023,1,2266,1,57.753,0.935,23.688,-51.875,-9.125,-0.328,-0.094,1.387,-0.359,-0.863,1.363,0.072,0.030,1.270,1.346,2,NULL,NULL,,3,0,2,7,255,1332,250,0,0
stim,234492,264613,0,264613,3461909.455,-0.733,-0.037,0.033,0.678,0,0,3001,93,3027,2233,2843,2959,46,1.023,1,2266,0,68.694,1.850,30.000,-61.563,5.375,-0.422,-0.137,1.629,0.086,-1.848,4.074,0.074,0.032,1.270,1.346,3,NULL,NULL,,3,0,2,7,255,1332,250,0,0
stim,234492,264613,0,264613,3461914.454,-0.734,-0.037,0.029,0.678,0,0,3004,70,3035,2187,2859,2965,46,1.023,1,2266,0,75.663,1.885,-40.188,-63.500,-8.813,-0.195,-0.184,1.414,0.375,-1.848,4.215,0.072,0.036,1.270,1.346,3,NULL,NULL,,3,0,2,7,255,1332,250,0,0
stim,234492,264613,0,264613,3461919.456,-0.734,-0.037,0.025,0.678,0,0,3015,5,3053,2136,2889,2971,46,1.023,1,2266,0,95.328,1.267,-71.875,-60.875,-14.688,-0.094,-0.281,0.945,1.035,-0.730,4.215,0.072,0.042,1.270,1.346,3,NULL,NULL,,3,0,2,7,255,1332,250,0,0
stim,234492,264613,0,264613,3461924.454,-0.733,-0.037,0.022,0.678,0,0,3013,0,3048,2075,2879,2972,46,1.023,1,2266,0,76.542,1.633,-31.688,-68.688,11.688,-0.160,-0.211,0.836,1.461,-0.730,-0.367,0.072,0.046,1.270,1.346,3,NULL,NULL,,3,0,2,7,255,1332,250,0,0
stim,234492,264613,0,264613,3461929.455,-0.733,-0.034,0.020,0.679,0,0,3027,0,3064,1993,2910,2967,46,1.023,1,2266,0,77.056,1.797,10.188,-75.063,14.125,-0.273,-0.109,0.934,1.461,-1.047,-0.461,0.072,0.050,1.270,1.346,3,NULL,NULL,,3,0,2,7,255,1332,250,0,0
stim,234492,264613,0,264613,3461934.453,-0.733,-0.031,0.018,0.679,0,0,3021,0,3060,1903,2913,2973,46,1.023,1,2266,0,82.974,1.925,23.063,-79.625,-3.563,-0.266,-0.098,1.102,0.316,-1.898,-0.461,0.072,0.054,1.270,1.346,3,NULL,NULL,,3,0,2,7,255,1332,250,0,0
stim,234492,264613,0,264613,3461939.457,-0.733,-0.029,0.016,0.679,0,0,3005,0,3063,1824,2916,2966,46,1.023,1,2266,0,84.147,1.925,14.438,-82.500,-8.125,-0.176,-0.145,1.234,0.316,-1.898,1.176,0.070,0.058,1.270,1.346,3,NULL,NULL,,3,0,2,7,255,1332,250,0,0
stim,234492,264613,0,264613,3461944.454,-0.733,-0.026,0.013,0.679,0,0,3005,0,3081,1737,2925,2973,46,1.023,1,2266,0,85.290,1.234,0.438,-85.250,2.563,-0.117,-0.207,1.184,0.641,-1.055,1.930,0.068,0.064,1.270,1.346,3,NULL,NULL,,3,0,2,7,255,1332,250,0,0
stim,234516,264637,0,264637,3461949.457,-0.733,-0.024,0.010,0.680,0,0,3001,0,3055,1634,2935,2963,46,1.023,1,2266,0,88.779,1.660,-4.500,-88.188,9.188,-0.176,-0.227,1.066,1.281,-1.055,1.930,0.064,0.070,1.270,1.346,3,NULL,NULL,,3,0,2,7,255,1332,250,0,0
stim,234516,264637,0,264637,3461954.454,-0.733,-0.021,0.008,0.680,0,0,2992,0,3079,1497,2943,2963,46,1.023,1,2266,0,91.742,1.885,2.313,-91.563,5.250,-0.191,-0.188,1.027,1.281,-1.383,0.824,0.060,0.078,1.270,1.346,3,NULL,NULL,,3,0,2,7,255,1332,250,0,0
stim,234516,264637,0,264637,3461959.457,-0.733,-0.018,0.005,0.680,0,0,2987,0,3080,1379,2955,2959,46,1.023,1,2266,0,96.176,1.883,16.313,-94.750,-2.500,-0.180,-0.141,1.035,1.102,-1.527,0.434,0.056,0.086,1.270,1.346,3,NULL,NULL,,3,0,2,7,255,1332,250,0,0
stim,234516,264637,0,264637,3461964.453,-0.733,-0.015,0.003,0.680,0,0,2975,0,3087,1213,2963,2955,46,1.023,1,2266,0,102.853,1.664,26.750,-99.250,-3.563,-0.121,-0.082,1.137,0.660,-1.527,0.434,0.054,0.094,1.270,1.346,3,NULL,NULL,,3,0,2,7,255,1332,250,0,0
stim,234535,264656,0,264656,3461969.455,-0.733,-0.011,0.000,0.680,0,0,2964,0,3087,1043,2968,2950,46,1.023,1,2266,0,106.220,0.991,27.813,-102.500,-1.688,-0.109,-0.004,1.172,0.117,-0.984,1.367,0.054,0.104,1.270,1.346,3,NULL,NULL,,3,0,2,7,255,1332,250,0,0
stim,234535,264656,0,264656,3461974.454,-0.733,-0.007,-0.002,0.680,0,0,2949,0,3100,850,2985,2943,46,1.023,1,2266,0,109.901,1.183,26.625,-106.625,-0.625,-0.129,0.055,1.227,-0.656,-0.984,1.672,0.054,0.112,1.270,1.346,3,NULL,NULL,,3,0,2,7,255,1332,250,0,0
stim,234535,264656,0,264656,3461979.456,-0.733,-0.003,-0.005,0.681,0,0,2934,0,3099,708,2991,2935,46,1.023,1,2266,0,114.906,1.466,23.688,-112.438,0.438,-0.086,0.051,1.219,-1.137,-0.926,2.082,0.054,0.118,1.270,1.346,3,NULL,NULL,,3,0,2,7,255,1332,250,0,0
stim,234535,264656,0,264656,3461984.454,-0.732,0.002,-0.008,0.681,0,0,2911,0,3091,568,2984,2922,46,1.023,1,2266,0,119.624,1.544,22.313,-117.313,7.063,-0.086,0.082,1.246,-1.215,-0.953,2.172,0.056,0.126,1.270,1.346,3,NULL,NULL,,3,0,2,7,255,1332,250,0,0
stim,234574,264695,0,264695,3461989.455,-0.732,0.006,-0.011,0.681,0,0,2903,0,3101,432,3002,2916,46,1.023,1,2266,0,123.959,1.682,15.813,-122.250,13.063,-0.066,0.125,1.328,-1.441,-0.867,2.344,0.058,0.132,1.270,1.346,3,NULL,NULL,,3,0,2,7,255,1332,250,0,0
stim,234574,264695,0,264695,3461994.453,-0.731,0.010,-0.015,0.682,0,0,2868,0,3106,232,3005,2895,46,1.023,1,2266,0,128.593,2.096,0.063,-127.125,19.375,-0.074,0.195,1.332,-1.867,-0.953,3.113,0.062,0.140,1.270,1.346,3,NULL,NULL,,3,0,2,7,255,1332,250,0,0
stim,234574,264695,0,264695,3461999.455,-0.730,0.013,-0.019,0.683,0,0,2851,0,3095,139,3012,2884,46,1.023,1,2266,0,132.933,2.772,-8.938,-131.125,19.938,-0.105,0.207,1.273,-2.559,-1.066,3.113,0.068,0.146,1.270,1.346,3,NULL,NULL,,3,0,2,7,255,1332,250,0,0
stim,234574,264695,0,264695,3462004.453,-0.730,0.017,-0.023,0.683,0,0,2811,0,3091,44,3000,2851,46,1.023,1,2266,0,137.830,2.956,-8.313,-136.813,14.500,-0.121,0.191,1.277,-2.570,-1.461,2.555,0.074,0.152,1.270,1.346,3,NULL,NULL,,3,0,2,7,255,1332,250,0,0
stim,234574,264695,0,264695,3462009.456,-0.729,0.021,-0.028,0.684,0,0,2779,0,3091,19,3004,2825,46,1.023,1,2266,0,142.162,3.138,-9.000,-141.563,9.438,-0.109,0.191,1.305,-2.570,-1.801,2.555,0.080,0.158,1.270,1.346,3,NULL,NULL,,3,0,2,7,255,1332,250,0,0
stim,234574,264695,0,264695,3462014.454,-0.729,0.025,-0.032,0.684,0,0,2735,0,3096,0,3018,2790,46,1.023,1,2266,0,147.062,3.175,-7.250,-146.813,4.563,-0.121,0.184,1.383,-2.570,-1.863,2.805,0.090,0.164,1.270,1.346,3,NULL,NULL,,3,0,2,7,255,1332,250,0,0
stim,234574,264695,0,264695,3462019.455,-0.728,0.029,-0.038,0.684,0,0,2700,0,3089,0,3021,2749,46,1.023,1,2266,0,153.577,3.298,-17.875,-152.500,3.188,-0.086,0.199,1.469,-2.570,-2.066,3.508,0.102,0.174,1.270,1.346,3,NULL,NULL,,3,0,2,7,255,1332,250,0,0
stim,234574,264695,0,264695,3462024.454,-0.728,0.033,-0.043,0.684,0,0,2643,0,3065,0,3006,2700,46,1.023,1,2266,0,158.787,3.505,-29.375,-155.938,5.813,-0.113,0.211,1.516,-2.742,-2.184,4.355,0.116,0.184,1.270,1.346,3,NULL,NULL,,3,0,2,7,255,1332,250,0,0
stim,234601,264722,0,264722,3462029.457,-0.727,0.037,-0.049,0.684,0,0,2601,0,3063,0,3007,2657,46,1.023,1,2266,0,167.944,3.907,-33.438,-164.125,12.250,-0.164,0.211,1.680,-2.926,-2.590,4.738,0.132,0.194,1.270,1.346,3,NULL,NULL,,3,0,2,7,255,1332,250,0,0
stim,234601,264722,0,264722,3462034.453,-0.726,0.041,-0.056,0.685,0,0,2538,0,3059,0,3004,2595,46,1.023,1,2266,0,182.191,4.637,-41.750,-175.563,25.063,-0.195,0.227,1.859,-3.090,-3.457,6.211,0.148,0.208,1.270,1.346,3,NULL,NULL,,3,0,2,7,255,1332,250,0,0
stim,234601,264722,0,264722,3462039.455,-0.724,0.044,-0.064,0.685,0,0,2472,0,3048,0,3015,2526,46,1.023,1,2266,0,200.613,5.461,-63.875,-187.063,34.250,-0.320,0.254,1.902,-3.430,-4.250,7.855,0.168,0.224,1.270,1.346,3,NULL,NULL,,3,0,2,7,255,1332,250,0,0
stim,234601,264722,0,264722,3462044.454,-0.722,0.047,-0.073,0.686,0,0,2398,0,3033,0,2991,2425,46,1.023,1,2266,0,223.071,6.995,-91.563,-200.688,33.188,-0.371,0.250,1.746,-3.914,-5.797,7.855,0.190,0.242,1.270,1.346,3,NULL,NULL,,3,0,2,7,255,1332,250,0,0
stim,234601,264722,0,264722,3462049.455,-0.721,0.051,-0.083,0.686,0,0,2329,0,3026,0,2989,2316,46,1.023,1,2266,0,232.949,7.446,-90.000,-213.875,20.563,-0.402,0.242,1.609,-3.918,-6.332,6.242,0.214,0.266,1.270,1.346,3,NULL,NULL,,3,0,2,7,255,1332,250,0,0
stim,234601,264722,0,264722,3462054.454,-0.720,0.055,-0.092,0.686,0,0,2253,0,3005,2,2979,2201,46,1.023,1,2266,0,243.391,7.747,-78.000,-230.313,10.563,-0.383,0.219,1.605,-3.918,-6.684,4.746,0.242,0.292,1.270,1.346,3,NULL,NULL,,3,0,2,7,255,1332,250,0,0
stim,234626,264747,0,264747,3462059.455,-0.718,0.060,-0.102,0.685,0,0,2185,0,3004,5,2961,2083,46,1.023,1,2266,0,256.642,7.700,-75.063,-245.313,7.250,-0.316,0.195,1.719,-3.762,-6.719,4.746,0.274,0.324,1.270,1.346,3,NULL,NULL,,3,0,2,7,255,1332,250,0,0
stim,234626,264747,0,264747,3462064.453,-0.717,0.065,-0.113,0.685,0,0,2087,0,2971,24,2933,1961,46,1.023,1,2266,0,276.158,7.755,-86.625,-261.875,13.438,-0.281,0.258,1.813,-3.762,-6.781,5.656,0.310,0.358,1.270,1.346,3,NULL,NULL,,3,0,2,7,255,1332,250,0,0
stim,234626,264747,0,264747,3462069.455,-0.715,0.070,-0.125,0.684,0,0,1993,0,2949,47,2901,1844,46,1.023,1,2266,0,294.974,8.293,-98.000,-277.688,17.188,-0.297,0.301,1.813,-4.531,-6.945,6.082,0.346,0.396,1.270,1.346,3,NULL,NULL,,3,0,2,7,255,1332,250,0,0
stim,234626,264747,0,264747,3462074.454,-0.713,0.075,-0.137,0.684,0,0,1873,0,2913,43,2840,1735,46,1.023,1,2266,0,311.044,9.031,-98.250,-294.188,23.438,-0.383,0.348,1.883,-5.129,-7.434,6.199,0.386,0.436,1.270,1.346,3,NULL,NULL,,3,0,2,7,255,1332,250,0,0
stim,234626,264747,0,264747,3462079.455,-0.710,0.082,-0.149,0.683,0,0,1797,0,2889,41,2775,1608,46,1.023,1,2266,0,322.336,10.594,-81.000,-311.125,23.250,-0.535,0.398,2.117,-5.844,-8.836,6.199,0.430,0.482,1.270,1.346,3,NULL,NULL,,3,0,2,7,255,1332,250,0,0
stim,234626,264747,0,264747,3462084.454,-0.707,0.089,-0.161,0.682,0,0,1695,0,2831,18,2699,1514,46,1.023,1,2266,0,335.736,13.242,-77.438,-326.563,8.875,-0.652,0.531,2.477,-6.773,-11.379,7.539,0.478,0.530,1.270,1.346,3,NULL,NULL,,3,0,2,7,255,1332,250,0,0
stim,234671,264792,0,264792,3462089.455,-0.705,0.096,-0.175,0.680,0,0,1592,0,2772,4,2585,1403,46,1.023,1,2266,0,360.630,16.556,-110.875,-343.000,-10.563,-0.605,0.695,2.664,-8.699,-14.086,9.867,0.528,0.582,1.270,1.346,3,NULL,NULL,,3,0,2,7,255,1332,250,0,0
stim,234671,264792,0,264792,3462094.453,-0.704,0.102,-0.191,0.677,0,0,1469,0,2712,0,2467,1299,46,1.023,1,2266,0,385.717,17.176,-148.500,-354.813,-28.875,-0.363,0.609,2.414,-9.828,-14.086,9.867,0.584,0.638,1.270,1.346,3,NULL,NULL,,3,0,2,7,255,1332,250,0,0
stim,234671,264792,0,264792,3462099.457,-0.702,0.109,-0.205,0.673,0,0,1319,0,2622,0,2269,1171,46,1.023,1,2266,0,387.704,15.736,-129.375,-364.000,-32.875,-0.281,0.355,2.254,-9.828,-12.289,9.266,0.652,0.706,1.270,1.346,3,NULL,NULL,,3,0,2,7,255,1332,250,0,0
stim,234671,264792,0,264792,3462104.453,-0.699,0.116,-0.221,0.670,0,0,1135,0,2517,0,2053,1041,46,1.023,1,2266,0,396.237,14.314,-130.563,-373.938,-11.313,-0.301,0.273,2.316,-7.340,-12.289,8.176,0.726,0.780,1.270,1.346,3,NULL,NULL,,3,0,2,7,255,1332,250,0,0
stim,234671,264792,0,264792,3462109.455,-0.695,0.122,-0.237,0.667,0,0,941,0,2391,0,1787,959,46,1.023,1,2266,0,419.880,14.503,-160.250,-387.875,13.125,-0.359,0.191,2.129,-6.898,-12.758,8.105,0.804,0.858,1.270,1.346,3,NULL,NULL,,3,0,2,7,255,1332,250,0,0
stim,234671,264792,0,264792,3462114.454,-0.691,0.128,-0.255,0.664,0,0,701,0,2173,0,1401,825,46,1.023,1,2266,0,438.922,14.105,-173.625,-402.625,20.000,-0.262,-0.066,1.723,-6.016,-12.758,5.922,0.884,0.938,1.270,1.346,3,NULL,NULL,,3,0,2,7,255,1332,250,0,0
stim,234693,264814,0,264814,3462119.455,-0.686,0.136,-0.271,0.661,0,0,473,0,1949,0,911,725,46,1.023,1,2266,0,438.568,11.372,-143.063,-414.188,18.000,-0.027,-0.359,1.262,-3.016,-10.965,3.035,0.960,1.014,1.270,1.346,3,NULL,NULL,,3,0,2,7,255,1332,250,0,0
stim,234693,264814,0,264814,3462124.454,-0.680,0.145,-0.286,0.659,0,0,315,0,1685,0,444,567,46,1.023,1,2266,0,430.591,7.370,-75.813,-423.063,26.063,0.219,-0.445,1.008,0.570,-7.348,0.742,1.032,1.086,1.270,1.346,3,NULL,NULL,,3,0,2,7,255,1332,250,0,0
stim,234693,264814,0,264814,3462129.455,-0.673,0.157,-0.299,0.658,0,0,217,0,1387,0,179,483,46,1.023,1,2266,0,432.577,5.273,16.625,-431.250,29.500,0.320,-0.340,1.242,0.570,-5.242,0.742,1.096,1.154,1.270,1.346,3,NULL,NULL,,3,0,2,7,255,1332,250,0,0
stim,234693,264814,0,264814,3462134.453,-0.665,0.172,-0.310,0.657,0,0,175,0,1032,0,0,377,46,1.023,1,2266,0,449.394,5.249,86.063,-438.625,46.438,0.145,-0.070,1.930,0.273,-5.242,2.137,1.154,1.214,1.270,1.346,3,NULL,NULL,,3,0,2,7,255,1332,250,0,0
stim,234693,264814,1,264814,3462139.457,-0.656,0.184,-0.321,0.658,0,0,103,0,582,0,0,303,46,1.023,1,2266,0,451.449,11.572,55.313,-439.875,85.188,-0.043,0.227,2.367,-3.605,-10.996,5.285,1.198,1.260,1.270,1.346,3,NULL,NULL,,3,1,2,7,255,1332,250,0,0
stim,234693,264814,1,264814,3462144.454,-0.646,0.194,-0.336,0.658,0,0,111,0,247,0,0,205,46,1.023,1,2266,0,455.334,17.073,-30.875,-436.750,125.000,-0.238,0.324,2.250,-7.098,-15.527,5.285,1.242,1.306,1.270,1.346,3,NULL,NULL,,3,1,2,7,255,1332,250,0,0
stim,234716,264837,1,264837,3462149.455,-0.635,0.201,-0.352,0.658,0,0,83,0,0,0,0,115,46,1.023,1,2266,0,478.672,17.664,-90.688,-439.000,167.875,-0.531,0.344,1.820,-7.098,-16.176,3.188,1.292,1.358,1.270,1.346,3,NULL,NULL,,3,1,2,7,255,1332,250,0,0
stim,234716,264837,1,264837,3462154.454,-0.624,0.207,-0.369,0.657,0,0,91,0,0,0,0,39,46,1.023,1,2266,0,483.879,17.871,-130.000,-430.813,177.875,-0.660,0.773,1.434,-7.598,-16.176,-2.410,1.350,1.420,1.270,1.346,3,NULL,NULL,,3,1,2,7,255,1332,250,0,0
stim,234716,264837,1,264837,3462159.455,-0.614,0.211,-0.386,0.655,0,0,75,0,0,0,0,26,46,1.023,1,2266,0,468.052,17.161,-165.000,-412.063,148.500,-0.637,1.156,1.258,-9.609,-14.219,-7.488,1.426,1.498,1.270,1.346,4,NULL,NULL,,3,1,2,7,255,1332,250,0,0
stim,234716,264837,1,264837,3462164.453,-0.605,0.215,-0.403,0.652,0,0,67,0,0,0,0,0,46,1.023,1,2266,0,452.549,17.993,-184.250,-394.188,124.375,-0.664,1.281,1.109,-12.836,-12.609,-10.047,1.510,1.582,1.270,1.346,0,NULL,NULL,,3,1,2,7,255,1332,250,0,0
stim,234716,264837,1,264837,3462169.455,-0.597,0.219,-0.419,0.648,0,0,79,0,0,0,0,3,46,1.023,1,2266,0,435.743,17.860,-175.625,-384.125,107.125,-0.840,1.020,1.066,-12.836,-12.418,-12.141,1.596,1.670,1.270,1.346,0,NULL,NULL,,3,1,2,7,255,1332,250,0,0
stim,234716,264837,1,264837,3462174.454,-0.589,0.223,-0.435,0.644,0,0,86,0,0,0,0,13,46,1.023,1,2266,0,430.305,16.318,-190.188,-375.250,90.438,-0.668,0.488,1.336,-10.586,-12.418,-12.141,1.684,1.758,1.270,1.346,0,NULL,NULL,,3,1,2,7,255,1332,250,0,0
stim,234777,264898,1,264898,3462179.457,-0.583,0.225,-0.451,0.637,0,0,85,0,0,0,0,20,46,1.023,1,2266,0,406.218,14.122,-226.875,-335.063,35.688,-0.316,0.055,1.324,-6.586,-12.492,-9.848,1.774,1.846,1.270,1.346,0,NULL,NULL,,3,1,2,7,255,1332,250,0,0
stim,234777,264898,1,264898,3462184.454,-0.579,0.227,-0.464,0.631,0,0,87,0,0,0,0,59,46,1.023,1,2266,0,365.841,12.947,-219.938,-291.500,22.250,-0.199,-0.266,1.273,-3.402,-12.492,-6.250,1.858,1.930,1.270,1.346,0,NULL,NULL,,3,1,2,7,255,1332,250,0,0
stim,234777,264898,1,264898,3462189.455,-0.574,0.227,-0.477,0.625,0,0,89,0,0,0,0,75,46,1.023,1,2266,0,339.355,12.908,-219.875,-254.250,46.625,-0.359,-0.023,1.469,-3.250,-12.492,-6.250,1.938,2.010,1.270,1.346,0,NULL,NULL,,3,1,2,7,255,1332,250,0,0
stim,234777,264898,1,264898,3462194.453,-0.572,0.226,-0.490,0.618,0,0,86,0,0,0,0,110,46,1.023,1,2266,0,341.502,13.878,-268.063,-209.875,26.813,-0.621,0.402,1.316,-3.250,-13.492,-6.465,2.012,2.084,1.270,1.346,0,NULL,NULL,,3,1,2,7,255,1332,250,0,0
stim,234777,264898,1,264898,3462199.455,-0.572,0.222,-0.502,0.610,0,0,87,0,0,0,0,116,46,1.023,1,2266,0,347.244,14.711,-312.313,-151.063,-14.813,-0.461,0.484,0.789,-5.863,-13.492,-11.086,2.080,2.152,1.270,1.346,0,NULL,NULL,,3,1,2,7,255,1332,250,0,0
stim,234777,264898,1,264898,3462204.453,-0.573,0.217,-0.513,0.601,0,0,85,0,0,0,0,114,46,1.023,1,2266,0,340.004,9.900,-327.688,-87.063,-25.375,-0.133,0.391,0.121,-5.863,-7.977,-11.938,2.144,2.218,1.270,1.346,0,NULL,NULL,,3,1,2,7,255,1332,250,0,0
stim,234777,264898,1,264898,3462209.455,-0.576,0.210,-0.521,0.594,0,0,85,0,0,0,0,124,46,1.023,1,2266,0,299.526,3.722,-298.125,-18.125,-22.563,-0.074,0.430,-0.516,-3.617,-0.875,-12.410,2.200,2.276,1.270,1.346,0,NULL,NULL,,3,1,2,7,255,1332,250,0,0
stim,234777,264898,1,264898,3462214.454,-0.580,0.204,-0.525,0.588,0,0,79,0,0,0,0,125,46,1.023,1,2266,0,222.235,5.223,-216.375,42.750,-27.250,0.008,0.492,-0.832,-1.770,4.914,-13.867,2.248,2.322,1.270,1.346,0,NULL,NULL,,3,1,2,7,255,1332,250,0,0
stim,234777,264898,1,264898,3462219.455,-0.584,0.199,-0.526,0.586,0,0,70,0,0,0,0,125,46,1.023,1,2266,0,160.841,7.385,-127.250,95.750,-22.563,0.055,0.195,-0.801,-1.141,7.297,-13.867,2.272,2.348,1.270,1.346,0,NULL,NULL,,3,1,2,7,255,1332,250,0,0
stim,234777,264898,1,264898,3462224.454,-0.588,0.194,-0.524,0.585,0,0,67,0,0,0,0,119,46,1.023,1,2266,0,151.365,7.411,-67.313,135.563,-1.750,0.102,-0.141,-0.613,1.297,7.297,-12.938,2.278,2.352,1.270,1.346,0,NULL,NULL,,3,1,2,7,255,1332,250,0,0
stim,234777,264898,1,264898,3462229.455,-0.591,0.188,-0.521,0.586,0,0,59,0,0,0,0,123,46,1.023,1,2266,0,173.068,6.080,-38.000,165.688,32.500,0.004,-0.191,-0.563,3.379,5.055,-11.086,2.272,2.348,1.270,1.346,0,NULL,NULL,,3,1,2,7,255,1332,250,0,0
stim,234777,264898,1,264898,3462234.453,-0.594,0.183,-0.516,0.589,0,0,47,0,0,0,0,104,46,1.023,1,2266,0,195.413,5.372,-1.813,188.063,53.063,-0.164,-0.008,-0.633,3.379,4.176,-11.086,2.260,2.336,1.270,1.346,0,NULL,NULL,,3,1,2,7,255,1332,250,0,0
stim,234809,264930,1,264930,3462239.456,-0.597,0.178,-0.510,0.593,0,0,43,0,0,0,0,86,46,1.023,1,2266,0,213.572,5.075,50.625,201.813,48.188,-0.270,0.270,-0.617,2.973,4.113,-13.531,2.244,2.320,1.270,1.346,0,NULL,NULL,,3,1,2,7,255,1332,250,0,0
stim,234809,264930,1,264930,3462244.454,-0.600,0.174,-0.502,0.598,0,0,31,0,0,0,0,76,46,1.023,1,2266,0,242.923,4.185,102.313,214.313,51.125,-0.172,0.176,-0.430,0.773,4.113,-13.664,2.224,2.302,1.270,1.346,0,NULL,NULL,,3,1,2,7,255,1332,250,0,0
stim,234809,264930,1,264930,3462249.456,-0.602,0.170,-0.493,0.604,0,0,25,0,0,0,0,61,46,1.023,1,2266,0,272.904,2.868,136.313,224.625,73.750,-0.184,0.133,-0.227,0.563,2.813,-13.664,2.206,2.284,1.270,1.346,0,NULL,NULL,,3,1,2,7,255,1332,250,0,0
stim,234809,264930,1,264930,3462254.454,-0.604,0.166,-0.483,0.612,0,0,16,0,0,0,0,57,46,1.023,1,2266,0,296.335,1.006,160.813,231.625,91.125,-0.328,0.227,-0.078,0.066,1.004,-13.609,2.192,2.270,1.270,1.346,0,NULL,NULL,,3,1,2,7,255,1332,250,0,0
stim,234809,264930,1,264930,3462259.455,-0.605,0.163,-0.473,0.619,0,0,17,0,0,0,0,55,46,1.023,1,2266,0,309.058,1.343,175.813,237.688,90.063,-0.457,0.328,0.113,-1.066,-0.816,-13.609,2.182,2.260,1.270,1.346,0,NULL,NULL,,3,1,2,7,255,1332,250,0,0
stim,234809,264930,1,264930,3462264.453,-0.607,0.159,-0.462,0.627,0,0,8,0,0,0,0,51,46,1.023,1,2266,0,314.728,3.809,183.313,242.250,82.250,-0.504,0.313,0.270,-2.430,-2.934,-13.609,2.182,2.262,1.270,1.346,0,NULL,NULL,,3,1,2,7,255,1332,250,0,0
stim,234840,264961,1,264961,3462269.455,-0.609,0.156,-0.451,0.634,0,0,7,0,0,0,0,45,46,1.023,1,2266,0,318.896,5.347,187.938,245.875,76.938,-0.531,0.266,0.402,-2.820,-4.543,-13.465,2.190,2.272,1.270,1.346,0,NULL,NULL,,3,1,2,7,255,1332,250,0,0
stim,234840,264961,1,264961,3462274.454,-0.611,0.153,-0.439,0.641,0,0,8,0,0,0,0,45,46,1.023,1,2266,0,321.568,6.546,190.625,249.563,69.188,-0.582,0.250,0.516,-2.848,-5.895,-12.652,2.206,2.288,1.270,1.346,0,NULL,NULL,,3,1,2,7,255,1332,250,0,0
stim,234840,264961,1,264961,3462279.456,-0.613,0.150,-0.427,0.647,0,0,6,0,0,0,0,49,46,1.023,1,2266,0,322.356,7.741,189.438,254.750,55.938,-0.590,0.242,0.652,-3.008,-7.133,-12.145,2.228,2.312,1.270,1.346,0,NULL,NULL,,3,1,2,7,255,1332,250,0,0
stim,234840,264961,1,264961,3462284.454,-0.616,0.147,-0.415,0.653,0,0,3,0,0,0,0,47,46,1.023,1,2266,0,318.638,8.939,176.750,262.125,39.750,-0.625,0.250,0.809,-3.375,-8.277,-11.195,2.262,2.346,1.270,1.346,0,NULL,NULL,,3,1,2,7,255,1332,250,0,0
stim,234875,264996,1,264996,3462289.455,-0.619,0.143,-0.404,0.658,0,0,5,0,0,0,0,51,46,1.023,1,2266,0,314.018,10.397,159.750,269.500,21.375,-0.668,0.223,0.957,-3.883,-9.645,-10.281,2.300,2.384,1.270,1.346,0,NULL,NULL,,3,1,2,7,255,1332,250,0,0
stim,234875,264996,1,264996,3462294.453,-0.623,0.139,-0.392,0.662,0,0,0,0,0,0,0,57,46,1.023,1,2266,0,308.834,11.719,136.938,276.813,1.188,-0.672,0.176,1.086,-4.031,-11.004,-9.285,2.344,2.430,1.270,1.346,0,NULL,NULL,,3,1,2,7,255,1332,250,0,0
stim,234875,264996,1,264996,3462299.455,-0.628,0.134,-0.381,0.665,0,0,0,0,0,0,0,61,46,1.023,1,2266,0,305.735,12.589,109.563,284.688,-20.563,-0.648,0.156,1.156,-4.031,-11.926,-8.020,2.390,2.478,1.270,1.346,0,NULL,NULL,,3,1,2,7,255,1332,250,0,0
stim,234875,264996,1,264996,3462304.453,-0.634,0.129,-0.370,0.666,0,0,5,0,0,0,0,63,46,1.023,1,2266,0,307.382,12.624,81.250,293.250,-43.438,-0.609,0.148,1.176,-4.129,-11.930,-7.016,2.442,2.530,1.270,1.346,0,NULL,NULL,,3,1,2,7,255,1332,250,0,0
stim,234875,264996,1,264996,3462309.455,-0.641,0.123,-0.360,0.667,0,0,5,0,0,0,0,75,46,1.023,1,2266,0,314.660,12.668,56.313,302.813,-64.375,-0.527,0.141,1.141,-4.262,-11.930,-6.270,2.494,2.582,1.270,1.346,0,NULL,NULL,,3,1,2,7,255,1332,250,0,0
stim,234875,264996,1,264996,3462314.454,-0.648,0.116,-0.350,0.667,0,0,8,0,0,0,0,95,46,1.023,1,2266,0,323.994,11.760,38.375,311.688,-79.688,-0.449,0.125,1.066,-4.262,-10.961,-5.664,2.542,2.634,1.270,1.346,0,NULL,NULL,,3,1,2,7,255,1332,250,0,0
stim,234875,264996,1,264996,3462319.455,-0.656,0.109,-0.339,0.666,0,0,9,0,0,0,0,105,46,1.023,1,2266,0,335.234,10.637,25.188,320.688,-94.375,-0.398,0.133,1.016,-4.133,-9.801,-5.383,2.590,2.682,1.270,1.346,0,NULL,NULL,,3,1,2,7,255,1332,250,0,0
stim,234875,264996,1,264996,3462324.454,-0.664,0.102,-0.329,0.664,0,0,12,0,0,0,0,109,46,1.023,1,2266,0,345.281,9.818,17.375,329.063,-103.125,-0.313,0.047,0.914,-4.090,-8.926,-5.219,2.632,2.726,1.270,1.346,0,NULL,NULL,,3,1,2,7,255,1332,250,0,0
stim,234896,265017,1,265017,3462329.456,-0.672,0.094,-0.318,0.662,0,0,12,0,0,0,0,117,46,1.023,1,2266,0,354.692,8.219,15.438,336.625,-110.688,-0.215,0.043,0.816,-3.172,-7.582,-4.969,2.672,2.766,1.270,1.346,0,NULL,NULL,,3,1,2,7,255,1332,250,0,0
stim,234896,265017,1,265017,3462334.453,-0.680,0.087,-0.307,0.660,0,0,10,0,0,0,0,121,46,1.023,1,2266,0,363.347,6.803,18.625,342.563,-119.688,-0.043,0.016,0.648,-2.977,-6.117,-4.969,2.708,2.802,1.270,1.346,0,NULL,NULL,,3,1,2,7,255,1332,250,0,0
stim,234896,265017,1,265017,3462339.455,-0.688,0.080,-0.295,0.658,0,0,11,0,0,0,0,125,46,1.023,1,2266,0,366.193,4.388,41.938,344.625,-116.500,0.020,-0.012,0.516,-2.336,-3.715,-5.082,2.740,2.836,1.270,1.346,0,NULL,NULL,,3,1,2,7,255,1332,250,0,0
stim,234896,265017,1,265017,3462344.454,-0.696,0.074,-0.282,0.656,0,0,11,0,0,0,0,136,46,1.023,1,2266,0,367.394,2.919,82.938,341.188,-108.125,0.121,0.020,0.422,-1.652,-2.406,-5.609,2.770,2.866,1.270,1.346,0,NULL,NULL,,3,1,2,7,255,1332,250,0,0
stim,234896,265017,1,265017,3462349.455,-0.702,0.070,-0.268,0.656,0,0,10,0,0,0,0,141,46,1.023,1,2266,0,371.092,2.012,124.188,336.063,-96.688,0.145,-0.004,0.539,-1.652,-1.148,-5.609,2.798,2.894,1.270,1.346,0,NULL,NULL,,3,1,2,7,255,1332,250,0,0
stim,234896,265017,1,265017,3462354.453,-0.708,0.066,-0.254,0.655,0,0,7,0,0,0,0,147,46,1.023,1,2266,0,374.549,2.077,149.625,331.000,-91.313,0.117,0.031,0.703,-1.730,-1.148,-4.707,2.824,2.920,1.270,1.346,0,NULL,NULL,,3,1,2,7,255,1332,250,0,0
stim,234926,265047,1,265047,3462359.457,-0.714,0.063,-0.239,0.655,0,0,11,0,0,0,0,142,46,1.023,1,2266,0,377.383,2.694,164.438,327.875,-88.750,0.203,0.066,0.750,-2.438,-1.148,-3.500,2.846,2.944,1.270,1.346,0,NULL,NULL,,3,1,2,7,255,1332,250,0,0
stim,234926,265047,1,265047,3462364.453,-0.719,0.061,-0.223,0.655,0,0,9,0,0,0,0,141,46,1.023,1,2266,0,383.483,2.700,188.813,326.250,-70.500,0.293,0.055,0.754,-2.477,-1.074,-2.738,2.868,2.966,1.270,1.346,0,NULL,NULL,,3,1,2,7,255,1332,250,0,0
stim,234926,265047,1,265047,3462369.457,-0.723,0.059,-0.206,0.656,0,0,11,0,0,0,0,142,46,1.023,1,2266,0,391.706,2.974,217.625,322.813,-43.188,0.176,0.121,0.934,-2.773,-1.074,-2.230,2.890,2.988,1.270,1.346,0,NULL,NULL,,3,1,2,7,255,1332,250,0,0
stim,234926,265047,1,265047,3462374.454,-0.727,0.058,-0.189,0.658,0,0,9,0,0,0,0,140,46,1.023,1,2266,0,398.835,3.751,233.750,321.188,-35.625,0.016,0.184,1.199,-3.430,-1.520,-1.152,2.910,3.008,1.270,1.346,0,NULL,NULL,,3,1,2,7,255,1332,250,0,0
stim,234926,265047,1,265047,3462379.456,-0.730,0.056,-0.172,0.659,0,0,9,0,0,0,0,139,46,1.023,1,2266,0,400.932,5.750,235.813,321.875,-39.188,-0.043,0.184,1.484,-4.535,-3.535,0.641,2.930,3.028,1.270,1.346,0,NULL,NULL,,3,1,2,7,255,1332,250,0,0
stim,234926,265047,1,265047,3462384.454,-0.733,0.055,-0.156,0.660,0,0,5,0,0,0,0,135,46,1.023,1,2266,0,392.060,6.728,223.313,319.563,-41.500,-0.055,0.188,1.648,-4.883,-4.629,3.273,2.950,3.048,1.270,1.346,0,NULL,NULL,,3,1,2,7,255,1332,250,0,0
stim,234972,265093,0,265093,3462389.455,-0.736,0.052,-0.139,0.660,0,0,5,0,0,0,0,133,46,1.023,1,2266,0,382.727,6.928,205.875,320.063,-40.688,-0.086,0.258,1.855,-4.953,-4.844,4.945,2.972,3.068,1.270,1.346,0,NULL,NULL,,3,0,2,7,255,1327,250,0,0
stim,234972,265093,0,265093,3462394.453,-0.739,0.049,-0.124,0.660,0,0,3,0,0,0,0,134,46,1.023,1,2266,0,367.664,7.712,178.938,318.375,-42.375,-0.137,0.281,1.949,-5.695,-5.199,6.922,2.994,3.090,1.270,1.346,0,NULL,NULL,,3,0,2,7,255,1327,250,0,0
stim,234972,265093,0,265093,3462399.457,-0.742,0.045,-0.109,0.659,0,0,10,0,0,0,0,137,46,1.023,1,2266,0,355.658,7.794,150.813,317.875,-52.000,-0.152,0.313,2.027,-5.789,-5.219,7.883,3.016,3.114,1.270,1.346,0,NULL,NULL,,3,0,2,7,255,1327,250,0,0
stim,234972,265093,0,265093,3462404.453,-0.746,0.040,-0.096,0.658,0,0,13,0,0,0,0,145,46,1.023,1,2266,0,343.584,7.794,113.438,317.750,-64.938,-0.078,0.258,1.996,-5.789,-5.219,8.801,3.042,3.138,1.270,1.346,0,NULL,NULL,,3,0,2,7,255,1327,250,0,0
stim,234972,265093,0,265093,3462409.455,-0.749,0.034,-0.083,0.656,0,0,13,0,0,0,0,151,46,1.023,1,2266,0,332.230,6.433,82.875,314.938,-65.750,0.035,0.156,1.820,-5.035,-4.004,8.801,3.070,3.166,1.270,1.346,0,NULL,NULL,,3,0,2,7,255,1327,250,0,0
stim,234972,265093,0,265093,3462414.454,-0.752,0.028,-0.070,0.655,0,0,12,0,0,0,0,151,46,1.023,1,2266,0,324.699,4.179,65.063,312.063,-61.750,0.055,0.172,1.695,-3.504,-2.277,7.625,3.100,3.196,1.270,1.346,0,NULL,NULL,,3,0,2,7,255,1327,250,0,0
stim,235006,265127,0,265127,3462419.456,-0.755,0.021,-0.058,0.653,0,0,11,0,0,0,0,153,46,1.023,1,2266,0,319.829,3.631,60.750,307.938,-61.438,0.109,0.137,1.539,-3.336,-1.434,6.523,3.130,3.224,1.270,1.346,0,NULL,NULL,,3,0,2,7,255,1327,250,0,0
stim,235006,265127,0,265127,3462424.454,-0.757,0.015,-0.046,0.651,0,0,12,0,0,0,0,153,46,1.023,1,2266,0,314.779,2.632,67.125,302.750,-54.063,0.145,0.086,1.441,-2.605,-0.371,5.152,3.158,3.252,1.270,1.346,0,NULL,NULL,,3,0,2,7,255,1327,250,0,0
stim,235006,265127,0,265127,3462429.458,-0.759,0.010,-0.034,0.650,0,0,18,0,0,0,0,157,46,1.023,1,2266,0,311.117,1.863,77.875,297.563,-46.750,0.145,0.070,1.418,-1.824,0.379,4.313,3.182,3.276,1.270,1.346,0,NULL,NULL,,3,0,2,7,255,1327,250,0,0
stim,235006,265127,0,265127,3462434.453,-0.761,0.005,-0.022,0.648,0,0,18,0,0,0,0,160,46,1.023,1,2266,0,308.270,1.668,91.813,291.938,-37.063,0.148,0.086,1.449,-1.520,0.688,4.313,3.204,3.300,1.270,1.346,0,NULL,NULL,,3,0,2,7,255,1327,250,0,0
stim,235006,265127,0,265127,3462439.456,-0.762,0.000,-0.009,0.647,0,0,17,0,0,0,0,156,46,1.023,1,2266,0,305.753,1.863,103.188,286.375,-28.750,0.113,0.168,1.523,-1.520,1.078,4.363,3.224,3.320,1.270,1.346,0,NULL,NULL,,3,0,2,7,255,1327,250,0,0
stim,235006,265127,0,265127,3462444.454,-0.763,-0.004,0.003,0.646,0,0,19,0,0,0,0,151,46,1.023,1,2266,0,302.672,2.335,110.313,281.125,-20.250,0.137,0.172,1.590,-1.996,1.211,5.035,3.240,3.336,1.270,1.346,0,NULL,NULL,,3,0,2,7,255,1327,250,0,0
stim,235006,265127,0,265127,3462449.455,-0.764,-0.008,0.016,0.645,0,0,16,0,0,0,0,155,46,1.023,1,2266,0,298.533,2.769,112.563,276.125,-14.375,0.082,0.219,1.664,-2.180,1.707,5.699,3.250,3.346,1.270,1.346,0,NULL,NULL,,3,0,2,7,255,1327,250,0,0
stim,235006,265127,0,265127,3462454.453,-0.764,-0.011,0.028,0.644,0,0,19,0,0,0,0,157,46,1.023,1,2266,0,298.102,2.678,123.250,271.250,-9.875,0.125,0.172,1.645,-1.996,1.785,6.199,3.260,3.354,1.270,1.346,0,NULL,NULL,,3,0,2,7,255,1327,250,0,0
stim,235023,265144,0,265144,3462459.457,-0.764,-0.014,0.041,0.644,0,0,17,0,0,0,0,155,46,1.023,1,2266,0,300.529,3.223,137.313,267.313,-2.688,0.105,0.262,1.793,-2.191,2.363,6.414,3.264,3.360,1.270,1.346,0,NULL,NULL,,3,0,2,7,255,1327,250,0,0
stim,235023,265144,0,265144,3462464.453,-0.764,-0.016,0.054,0.643,0,0,17,0,0,0,0,153,46,1.023,1,2266,0,296.974,3.553,132.813,265.500,-8.000,0.145,0.320,1.922,-2.191,2.797,7.637,3.268,3.362,1.270,1.346,0,NULL,NULL,,3,0,2,7,255,1327,250,0,0
stim,235023,265144,0,265144,3462469.455,-0.764,-0.019,0.066,0.642,0,0,17,0,0,0,0,153,46,1.023,1,2266,0,298.581,4.353,140.750,263.313,2.563,0.301,0.203,1.891,-2.191,3.762,8.258,3.266,3.360,1.270,1.346,0,NULL,NULL,,3,0,2,7,255,1327,250,0,0
stim,235023,265144,0,265144,3462474.454,-0.763,-0.022,0.079,0.642,0,0,19,0,0,0,0,152,46,1.023,1,2266,0,299.580,5.439,141.250,263.813,14.125,0.324,0.250,2.016,-0.750,5.387,8.824,3.262,3.356,1.270,1.346,0,NULL,NULL,,3,0,2,7,255,1327,250,0,0
stim,235076,265197,0,265197,3462479.457,-0.761,-0.024,0.092,0.641,0,0,17,0,0,0,0,149,46,1.023,1,2266,0,300.078,6.268,141.125,263.875,22.375,0.418,0.273,1.977,-0.684,6.230,8.695,3.252,3.346,1.270,1.346,0,NULL,NULL,,3,0,2,7,255,1327,250,0,0
stim,235076,265197,0,265197,3462484.453,-0.760,-0.027,0.105,0.641,0,0,20,0,0,0,0,147,46,1.023,1,2266,0,306.757,7.544,150.313,265.625,30.813,0.531,0.309,2.004,-0.563,7.523,8.695,3.238,3.332,1.270,1.346,0,NULL,NULL,,3,0,2,7,255,1327,250,0,0
stim,235076,265197,0,265197,3462489.455,-0.758,-0.029,0.118,0.641,0,0,21,0,0,0,0,142,46,1.023,1,2266,0,313.140,9.078,158.563,266.500,43.500,0.641,0.297,2.055,-0.379,9.070,8.648,3.216,3.310,1.270,1.346,0,NULL,NULL,,3,0,2,7,255,1327,250,0,0
stim,235076,265197,0,265197,3462494.453,-0.755,-0.031,0.132,0.641,0,0,22,0,0,0,0,143,46,1.023,1,2266,0,317.332,10.554,157.938,270.000,53.438,0.688,0.273,2.184,0.266,10.551,8.648,3.190,3.282,1.270,1.346,0,NULL,NULL,,3,0,2,7,255,1327,250,0,0
stim,235076,265197,0,265197,3462499.455,-0.752,-0.033,0.145,0.642,0,0,25,0,0,0,0,143,46,1.023,1,2266,0,319.399,11.675,160.313,268.375,65.500,0.766,0.195,2.133,0.992,11.633,8.648,3.156,3.246,1.270,1.346,0,NULL,NULL,,3,0,2,7,255,1327,250,0,0
stim,235076,265197,0,265197,3462504.454,-0.749,-0.034,0.159,0.643,0,0,22,0,0,0,0,142,46,1.023,1,2266,0,325.698,12.664,167.500,267.000,82.063,0.781,0.219,2.234,2.078,12.492,9.109,3.114,3.202,1.270,1.346,0,NULL,NULL,,3,0,2,7,255,1327,250,0,0
stim,235076,265197,0,265197,3462509.455,-0.745,-0.036,0.172,0.644,0,0,28,0,0,0,0,143,46,1.023,1,2266,0,323.828,13.520,160.375,265.750,92.313,0.773,0.246,2.285,2.336,13.316,9.109,3.064,3.150,1.270,1.346,0,NULL,NULL,,3,0,2,7,255,1327,250,0,0
stim,235076,265197,0,265197,3462514.454,-0.740,-0.038,0.185,0.645,0,0,25,0,0,0,0,147,46,1.023,1,2266,0,316.787,14.011,149.375,262.000,96.938,0.801,0.262,2.238,2.418,13.801,9.109,3.006,3.092,1.270,1.346,0,NULL,NULL,,3,0,2,7,255,1327,250,0,0
stim,235076,265197,0,265197,3462519.457,-0.736,-0.040,0.198,0.647,0,0,21,0,0,0,0,143,46,1.023,1,2266,0,313.466,14.540,144.563,256.000,108.750,0.875,0.238,2.176,2.473,14.328,8.520,2.946,3.028,1.270,1.346,0,NULL,NULL,,3,0,2,7,255,1327,250,0,0
stim,235076,265197,0,265197,3462524.454,-0.731,-0.042,0.210,0.649,0,0,24,0,0,0,0,147,46,1.023,1,2266,0,306.144,15.181,134.438,249.938,114.813,0.863,0.121,2.090,2.836,14.914,7.340,2.880,2.962,1.270,1.346,0,NULL,NULL,,3,0,2,7,255,1327,250,0,0
stim,235076,265197,0,265197,3462529.455,-0.725,-0.043,0.222,0.650,0,0,25,0,0,0,0,143,46,1.023,1,2266,0,301.284,15.638,138.500,237.938,122.375,0.914,0.000,2.012,3.898,15.145,6.102,2.810,2.888,1.270,1.346,0,NULL,NULL,,3,0,2,7,255,1327,250,0,0
stim,235076,265197,0,265197,3462534.454,-0.720,-0.044,0.233,0.652,0,0,26,0,0,0,0,144,46,1.023,1,2266,0,293.457,15.747,137.313,225.563,128.000,0.855,-0.047,1.953,5.055,14.914,4.633,2.736,2.812,1.270,1.346,0,NULL,NULL,,3,0,2,7,255,1327,250,0,0
stim,235106,265227,0,265227,3462539.455,-0.715,-0.045,0.244,0.654,0,0,25,0,0,0,0,150,46,1.023,1,2266,0,273.465,15.666,129.125,213.625,111.688,0.813,-0.250,1.848,5.430,14.695,3.902,2.660,2.732,1.270,1.346,0,NULL,NULL,,3,0,2,7,255,1327,250,0,0
stim,235106,265227,0,265227,3462544.454,-0.710,-0.046,0.254,0.655,0,0,25,0,0,0,0,151,46,1.023,1,2266,0,259.666,15.669,128.688,199.438,105.313,0.922,-0.477,1.613,7.168,13.934,2.383,2.580,2.648,1.270,1.346,0,NULL,NULL,,3,0,2,7,255,1327,250,0,0
stim,235106,265227,0,265227,3462549.455,-0.705,-0.046,0.264,0.656,0,0,24,0,0,0,0,153,46,1.023,1,2266,0,264.421,16.487,150.063,187.625,110.438,1.016,-0.727,1.449,8.813,13.934,-0.918,2.494,2.560,1.270,1.346,0,NULL,NULL,,3,0,2,7,255,1327,250,0,0
stim,235106,265227,0,265227,3462554.453,-0.700,-0.044,0.275,0.657,0,0,24,0,0,0,0,157,46,1.023,1,2266,0,271.179,17.603,172.875,173.813,115.938,0.891,-0.691,1.602,10.758,13.934,-2.129,2.406,2.470,1.270,1.346,0,NULL,NULL,,3,0,2,7,255,1327,250,0,0
stim,235106,265227,0,265227,3462559.455,-0.696,-0.042,0.285,0.658,0,0,27,0,0,0,0,165,46,1.023,1,2266,0,256.189,17.690,173.938,163.063,93.750,0.891,-0.715,1.633,10.914,13.922,-2.289,2.316,2.376,1.270,1.346,0,NULL,NULL,,3,0,2,7,255,1327,250,0,0
stim,235106,265227,0,265227,3462564.453,-0.692,-0.040,0.295,0.657,0,0,29,0,0,0,0,155,46,1.023,1,2266,0,251.968,17.936,185.625,151.063,78.813,1.008,-0.797,1.695,11.309,13.922,-2.289,2.224,2.282,1.270,1.346,0,NULL,NULL,,3,0,2,7,255,1327,250,0,0
stim,235136,265257,0,265257,3462569.455,-0.689,-0.038,0.305,0.657,0,0,27,0,0,0,0,163,46,1.023,1,2266,0,243.926,19.590,185.250,142.813,69.188,1.156,-0.793,1.824,12.340,15.215,-2.957,2.130,2.186,1.270,1.346,0,NULL,NULL,,3,0,2,7,255,1327,250,0,0
stim,235136,265257,0,265257,3462574.454,-0.686,-0.036,0.314,0.656,0,0,26,0,0,0,0,187,46,1.023,1,2266,0,224.133,21.136,169.563,131.063,65.625,1.211,-0.707,1.906,12.340,17.160,-2.957,2.030,2.084,1.270,1.346,0,NULL,NULL,,3,0,2,7,255,1327,250,0,0
stim,235136,265257,0,265257,3462579.457,-0.683,-0.035,0.322,0.655,0,0,27,0,0,0,0,211,46,1.023,1,2266,0,191.839,21.989,142.250,122.938,38.125,1.348,-0.676,1.871,12.336,18.203,-2.965,1.926,1.978,1.270,1.346,0,NULL,NULL,,3,0,2,7,255,1327,250,0,0
stim,235136,265257,0,265257,3462584.453,-0.681,-0.034,0.328,0.653,0,0,27,0,0,0,0,239,46,1.023,1,2266,0,165.302,22.760,119.938,111.000,24.875,1.574,-0.758,1.730,12.043,19.313,-3.840,1.820,1.868,1.270,1.346,0,NULL,NULL,,3,0,2,7,255,1327,250,0,0
stim,235173,265294,0,265294,3462589.455,-0.680,-0.034,0.334,0.652,0,0,27,0,0,0,0,265,46,1.023,1,2266,0,145.475,23.813,106.625,98.813,5.500,1.781,-0.902,1.594,12.043,20.543,-6.621,1.708,1.752,1.270,1.346,0,NULL,NULL,,3,0,2,7,255,1327,250,0,0
stim,235173,265294,0,265294,3462594.453,-0.679,-0.033,0.340,0.650,0,0,26,0,0,0,0,283,46,1.023,1,2266,0,126.773,24.924,96.500,82.063,5.000,1.957,-0.961,1.480,12.727,21.430,-9.504,1.588,1.630,1.270,1.346,0,NULL,NULL,,3,0,2,7,255,1327,250,0,0
stim,235173,265294,0,265294,3462599.455,-0.678,-0.032,0.344,0.649,0,0,27,0,0,0,0,307,46,1.023,1,2266,0,110.353,25.676,90.000,63.625,-5.438,2.078,-1.039,1.383,12.746,22.289,-11.707,1.468,1.502,1.270,1.346,0,NULL,NULL,,3,0,2,7,255,1327,250,0,0
stim,235173,265294,0,265294,3462604.454,-0.678,-0.031,0.348,0.647,0,0,26,0,0,0,0,317,46,1.023,1,2266,0,99.250,26.092,90.063,41.688,-1.188,2.109,-1.070,1.336,12.996,22.625,-13.555,1.344,1.372,1.270,1.346,0,NULL,NULL,,3,0,2,7,255,1327,250,0,0
stim,235173,265294,0,265294,3462609.455,-0.678,-0.029,0.351,0.646,0,0,26,0,0,0,0,319,46,1.023,1,2266,0,97.160,26.147,95.625,16.125,-6.000,2.063,-1.059,1.359,13.105,22.625,-14.063,1.218,1.238,1.270,1.346,0,NULL,NULL,,3,0,2,7,255,1327,250,0,0
stim,235173,265294,0,265294,3462614.453,-0.678,-0.025,0.354,0.644,0,0,30,0,0,0,0,319,46,1.023,1,2266,0,106.516,26.137,106.063,-9.750,1.125,1.980,-0.973,1.539,13.180,22.570,-14.063,1.094,1.104,1.270,1.346,0,NULL,NULL,,3,0,2,7,255,1327,250,0,0
stim,235173,265294,0,265294,3462619.455,-0.678,-0.021,0.355,0.643,0,0,29,0,0,0,0,326,46,1.023,1,2266,0,98.659,25.898,91.938,-35.688,2.750,1.730,-0.688,1.809,13.180,22.293,-12.063,0.974,0.970,1.270,1.346,0,NULL,NULL,,3,0,2,7,255,1327,250,0,0
stim,235173,265294,0,265294,3462624.456,-0.680,-0.018,0.355,0.642,0,0,27,0,0,0,0,313,46,1.023,1,2266,0,84.046,25.287,58.438,-59.813,-8.438,1.484,-0.523,2.035,12.223,22.137,-7.730,0.860,0.838,1.270,1.346,0,NULL,NULL,,3,0,2,7,255,1327,250,0,0
stim,235198,265319,0,265319,3462629.457,-0.681,-0.016,0.353,0.641,0,0,27,0,0,0,0,308,46,1.023,1,2266,0,81.788,24.496,10.438,-78.438,-20.688,1.449,-0.496,2.043,12.035,21.336,-4.117,0.754,0.710,1.270,1.346,0,NULL,NULL,,3,0,2,7,255,1327,250,0,0
stim,235198,265319,0,265319,3462634.454,-0.683,-0.015,0.349,0.641,0,0,25,0,0,0,0,311,46,1.023,1,2266,0,104.224,24.214,-38.438,-94.750,-20.188,1.164,-0.570,2.023,12.035,21.012,-3.637,0.664,0.590,1.270,1.346,0,NULL,NULL,,3,0,2,7,255,1327,250,0,0
stim,235198,265319,0,265319,3462639.455,-0.686,-0.014,0.344,0.642,0,0,23,0,0,0,0,356,46,1.023,1,2266,0,133.066,21.860,-70.500,-109.375,-27.813,1.039,-0.480,1.840,11.938,18.313,-2.672,0.588,0.476,1.270,1.346,0,NULL,NULL,,3,0,2,7,255,1327,250,0,0
stim,235198,265319,0,265319,3462644.453,-0.688,-0.013,0.338,0.642,0,0,17,5,0,0,0,493,46,1.023,1,2266,0,148.797,20.803,-76.625,-121.875,-37.625,0.633,-0.648,2.039,12.730,16.453,-2.504,0.532,0.376,1.270,1.346,0,NULL,NULL,,3,0,2,7,255,1327,250,0,0
stim,235198,265319,0,265319,3462649.455,-0.682,0.004,0.338,0.648,360,0,11,553,0,59,0,557,46,1.023,1,2266,0,438.562,19.239,217.000,-211.375,317.125,-1.262,-0.164,4.988,13.727,13.480,0.367,0.500,0.300,1.270,1.346,0,NULL,NULL,,3,0,2,7,255,1327,250,0,0
stim,235198,265319,0,265319,3462654.453,-0.669,0.007,0.325,0.669,951,0,2,1181,0,336,0,605,46,1.023,1,2266,0,639.529,17.117,-314.063,-160.438,533.500,-1.602,3.094,4.676,13.727,10.227,33.543,0.512,0.294,1.270,1.346,0,NULL,NULL,,3,0,2,7,255,1327,250,0,0
stim,235232,265353,0,265353,3462659.456,-0.664,-0.009,0.300,0.685,1371,0,0,1484,0,537,0,680,46,1.023,1,2266,0,772.767,10.734,-739.250,-97.438,202.938,-2.215,2.590,1.637,-6.801,8.305,33.543,0.534,0.316,1.270,1.346,0,NULL,NULL,,3,0,2,7,255,1327,250,0,0
stim,235232,265353,0,265353,3462664.454,-0.666,-0.025,0.279,0.692,1803,0,0,1769,0,759,0,781,45,1.023,1,2267,0,630.300,19.005,-623.438,-84.563,-38.125,-2.305,1.527,-1.121,-15.047,-11.609,21.938,0.560,0.350,1.270,1.346,1,1341.000,14.000,,3,0,2,7,255,1327,250,0,0
stim,235232,265353,0,265353,3462669.457,-0.670,-0.034,0.266,0.692,2031,0,0,1876,0,987,0,854,45,1.023,1,2267,0,362.909,20.698,-325.625,-80.125,-138.750,-0.969,1.410,-1.379,-15.309,-13.930,-5.137,0.590,0.388,1.270,1.346,1,NULL,NULL,,3,0,2,7,255,1327,250,0,0
stim,235232,265353,0,265353,3462674.454,-0.675,-0.034,0.262,0.689,2188,0,0,1957,0,1198,0,915,45,1.023,1,2267,0,158.983,20.505,-45.125,-97.875,-116.875,0.355,0.668,0.148,-15.047,-13.930,-8.055,0.618,0.418,1.270,1.346,1,NULL,NULL,,3,0,2,7,255,1327,250,0,0
stim,235232,265353,0,265353,3462679.455,-0.675,-0.032,0.258,0.691,2340,0,0,2059,0,1333,0,1017,45,1.023,1,2267,0,114.903,7.408,-48.188,-99.500,31.313,0.516,0.617,1.320,-6.266,3.953,-8.055,0.648,0.446,1.270,1.346,1,NULL,NULL,,3,0,2,7,255,1327,250,0,0
stim,235232,265353,0,265353,3462684.453,-0.672,-0.032,0.250,0.696,2470,0,0,2168,0,1438,0,1071,45,1.023,1,2267,0,223.564,7.408,-162.125,-109.938,107.750,-0.273,1.063,1.363,-6.266,3.953,1.246,0.668,0.468,1.270,1.346,1,NULL,NULL,,3,0,2,7,255,1327,250,0,0
stim,235273,265394,0,265394,3462689.456,-0.671,-0.035,0.240,0.700,2653,0,0,2439,0,1509,0,1095,45,1.023,1,2267,0,250.682,4.017,-219.875,-105.750,57.563,-0.867,0.563,0.961,-2.781,2.898,3.156,0.674,0.480,1.270,1.346,2,NULL,NULL,,3,0,2,7,255,1327,250,0,0
stim,235273,265394,0,265394,3462694.454,-0.671,-0.038,0.229,0.704,2757,0,0,2597,0,1501,0,1148,45,1.023,1,2267,0,274.641,4.839,-242.750,-124.625,31.125,-1.602,-0.867,0.594,-2.293,-4.262,3.156,0.646,0.470,1.270,1.346,2,NULL,NULL,,3,0,2,7,255,1327,250,0,0
stim,235273,265394,0,265394,3462699.455,-0.672,-0.040,0.217,0.707,2842,0,0,2718,0,1493,0,1221,45,1.023,1,2267,0,301.099,16.549,-258.125,-154.875,6.750,-1.484,-1.223,0.227,10.961,-12.398,-1.000,0.612,0.454,1.270,1.346,2,NULL,NULL,,3,0,2,7,255,1327,250,0,0
stim,235273,265394,0,265394,3462704.454,-0.676,-0.040,0.207,0.706,2919,0,0,2799,0,1483,0,1333,45,1.023,1,2267,0,237.923,16.549,-148.438,-160.063,-94.625,-0.844,-0.848,0.078,10.961,-12.398,-5.410,0.576,0.434,1.270,1.346,2,NULL,NULL,,3,0,2,7,255,1327,250,0,0
stim,235273,265394,0,265394,3462709.455,-0.680,-0.038,0.201,0.704,2951,0,0,2888,0,1471,0,1389,45,1.023,1,2267,0,191.162,11.605,-48.063,-160.563,-91.938,-0.016,-0.520,0.719,8.883,-7.469,-5.410,0.540,0.408,1.270,1.346,2,NULL,NULL,,3,0,2,7,255,1327,250,0,0
stim,235273,265394,0,265394,3462714.453,-0.683,-0.034,0.196,0.703,2982,0,0,2949,0,1475,0,1441,45,1.023,1,2267,0,159.778,9.144,-15.375,-148.375,-57.250,0.434,-0.793,1.441,8.883,2.168,-4.297,0.500,0.364,1.270,1.346,2,NULL,NULL,,3,0,2,7,255,1327,250,0,0
stim,235298,265419,0,265419,3462719.455,-0.684,-0.031,0.190,0.704,3007,0,0,3005,0,1490,0,1438,45,1.023,1,2267,0,152.569,13.081,-61.625,-139.563,-1.375,0.551,-0.969,1.742,9.934,8.512,0.387,0.458,0.314,1.270,1.346,2,NULL,NULL,,3,0,2,7,255,1327,250,0,0
stim,235298,265419,0,265419,3462724.454,-0.683,-0.031,0.182,0.707,3032,0,0,3029,0,1547,0,1446,45,1.023,1,2267,0,191.990,13.171,-132.563,-128.625,52.375,0.473,-0.762,1.438,9.934,8.648,0.652,0.416,0.266,1.270,1.346,2,NULL,NULL,,3,0,2,7,255,1327,250,0,0
stim,235298,265419,0,265419,3462729.456,-0.680,-0.032,0.173,0.712,3058,0,0,3075,0,1657,0,1471,45,1.023,1,2267,0,244.960,12.781,-176.625,-123.438,116.500,0.164,-0.676,0.875,9.410,8.648,0.652,0.376,0.224,1.270,1.346,2,NULL,NULL,,3,0,2,7,255,1327,250,0,0
stim,235298,265419,0,265419,3462734.454,-0.676,-0.031,0.165,0.718,3061,0,0,3091,0,1785,0,1515,45,1.023,1,2267,0,245.849,8.727,-150.125,-126.125,148.313,-0.418,-0.516,0.473,7.695,4.117,-3.328,0.342,0.200,1.270,1.346,2,NULL,NULL,,3,0,2,7,255,1327,250,0,0
stim,235298,265419,0,265419,3462739.455,-0.673,-0.029,0.159,0.722,3081,0,0,3099,0,1899,0,1575,45,1.023,1,2267,0,187.282,6.440,-83.250,-131.438,104.250,-0.852,-0.160,0.625,5.934,-2.504,-3.328,0.318,0.190,1.270,1.346,2,NULL,NULL,,3,0,2,7,255,1327,250,0,0
stim,235298,265419,0,265419,3462744.453,-0.673,-0.026,0.154,0.723,3083,0,0,3113,0,1997,0,1647,45,1.023,1,2267,0,140.562,4.342,-46.438,-131.125,20.188,-0.617,0.090,1.160,3.109,-3.031,-2.098,0.304,0.184,1.270,1.346,2,NULL,NULL,,3,0,2,7,255,1327,250,0,0
stim,235316,265437,0,265437,3462749.455,-0.674,-0.024,0.148,0.723,3087,0,0,3125,0,2089,0,1707,45,1.023,1,2267,0,140.426,3.244,-61.688,-126.125,-2.563,0.016,0.262,1.262,1.156,-3.031,2.430,0.292,0.180,1.270,1.346,2,NULL,NULL,,3,0,2,7,255,1327,250,0,0
stim,235316,265437,0,265437,3462754.453,-0.674,-0.023,0.142,0.725,3091,0,0,3131,0,2189,0,1815,45,1.023,1,2267,0,150.781,3.124,-90.125,-120.188,12.938,-0.004,0.035,1.309,1.156,2.902,2.598,0.282,0.170,1.270,1.346,2,NULL,NULL,,3,0,2,7,255,1327,250,0,0
stim,235316,265437,0,265437,3462759.455,-0.674,-0.022,0.134,0.726,3103,0,0,3134,0,2253,11,1925,45,1.023,1,2267,0,165.819,3.148,-117.875,-114.875,20.125,-0.035,-0.309,1.043,1.219,2.902,2.430,0.272,0.156,1.270,1.346,2,NULL,NULL,,3,0,2,7,255,1327,250,0,0
stim,235316,265437,0,265437,3462764.454,-0.674,-0.021,0.129,0.727,3109,0,0,3147,192,2309,134,2035,45,1.023,1,2267,0,131.211,4.900,-81.375,-102.313,11.250,0.035,-0.305,1.090,4.031,2.785,0.078,0.268,0.140,1.270,1.346,2,NULL,NULL,,3,0,2,7,255,1327,250,0,0
stim,235316,265437,0,265437,3462769.455,-0.675,-0.020,0.127,0.726,3107,0,0,3144,460,2349,116,2125,45,1.023,1,2267,0,67.287,4.900,-20.500,-56.500,-30.250,0.367,-0.156,1.344,4.031,2.785,0.078,0.268,0.122,1.270,1.346,2,NULL,NULL,,3,0,2,7,255,1327,250,0,0
stim,235316,265437,0,265437,3462774.454,-0.675,-0.019,0.125,0.727,3098,0,0,3155,621,2385,135,2172,45,1.023,1,2267,0,46.176,6.814,-11.313,-44.750,1.313,0.656,0.477,1.156,2.574,6.309,0.527,0.284,0.100,1.270,1.346,2,NULL,NULL,,3,0,2,7,255,1327,250,0,0
stim,235376,265497,0,265497,3462779.457,-0.675,-0.018,0.124,0.727,3097,0,0,3159,779,2398,157,2225,45,1.023,1,2267,0,40.847,7.480,-4.625,-38.000,14.250,0.082,0.766,1.594,-4.020,6.309,2.074,0.302,0.082,1.270,1.346,2,NULL,NULL,,3,0,2,7,255,1327,250,0,0
stim,235376,265497,0,265497,3462784.453,-0.676,-0.020,0.120,0.727,3097,0,0,3145,903,2427,166,2277,45,1.023,1,2267,0,87.824,5.279,-81.688,-20.375,-25.000,-0.352,0.316,1.574,-4.020,3.422,6.152,0.316,0.072,1.270,1.346,2,NULL,NULL,,3,0,2,7,255,1327,250,0,0
stim,235376,265497,0,265497,3462789.455,-0.677,-0.023,0.116,0.726,3111,2,0,3149,1059,2440,203,2333,45,1.023,1,2267,0,111.915,1.426,-105.125,-18.063,-33.875,-0.074,0.051,0.711,-1.293,0.602,6.152,0.326,0.068,1.270,1.346,2,NULL,NULL,,3,0,2,7,255,1327,250,0,0
stim,235376,265497,0,265497,3462794.454,-0.679,-0.024,0.114,0.725,3098,23,0,3153,1131,2451,213,2356,45,1.023,1,2267,0,71.370,0.550,-48.875,-14.313,-50.000,-0.273,0.031,0.813,0.125,-0.535,-1.492,0.332,0.068,1.270,1.346,2,NULL,NULL,,3,0,2,7,255,1327,250,0,0
stim,235376,265497,0,265497,3462799.455,-0.681,-0.025,0.113,0.723,3097,30,0,3153,1205,2460,231,2387,45,1.023,1,2267,0,82.159,0.614,-25.688,-12.313,-77.063,-0.070,0.180,1.125,0.125,0.602,-1.492,0.338,0.064,1.270,1.346,2,NULL,NULL,,3,0,2,7,255,1327,250,0,0
stim,235376,265497,0,265497,3462804.454,-0.683,-0.026,0.111,0.721,3099,51,0,3157,1277,2470,235,2413,45,1.023,1,2267,0,84.646,1.569,-44.688,-9.563,-71.250,0.117,0.168,1.156,-0.836,1.328,1.215,0.344,0.058,1.270,1.346,2,NULL,NULL,,3,0,2,7,255,1327,250,0,0
stim,235376,265497,0,265497,3462809.456,-0.685,-0.028,0.109,0.720,3098,61,0,3160,1339,2483,245,2438,45,1.023,1,2267,0,77.594,2.721,-64.125,-7.000,-43.125,0.082,-0.078,0.957,-0.836,2.590,1.215,0.348,0.052,1.270,1.346,2,NULL,NULL,,3,0,2,7,255,1327,250,0,0
stim,235376,265497,0,265497,3462814.453,-0.685,-0.029,0.107,0.720,3101,99,0,3163,1431,2502,249,2457,45,1.023,1,2267,0,62.957,2.918,-56.438,-5.063,-27.438,-0.082,-0.160,0.863,1.344,2.590,-0.848,0.352,0.048,1.270,1.346,2,NULL,NULL,,3,0,2,7,255,1327,250,0,0
stim,235376,265497,0,265497,3462819.457,-0.686,-0.030,0.105,0.719,3101,104,0,3165,1501,2509,247,2473,45,1.023,1,2267,0,50.280,1.597,-37.063,-4.875,-33.625,-0.180,0.031,0.887,1.344,0.863,-0.938,0.354,0.044,1.270,1.346,2,NULL,NULL,,3,0,2,7,255,1327,250,0,0
stim,235376,265497,0,265497,3462824.454,-0.688,-0.031,0.104,0.718,3113,119,0,3171,1553,2520,261,2483,45,1.023,1,2267,0,52.544,0.605,-25.125,-3.688,-46.000,-0.137,0.121,1.016,0.328,0.508,-0.938,0.356,0.040,1.270,1.346,2,NULL,NULL,,3,0,2,7,255,1327,250,0,0
stim,235376,265497,0,265497,3462829.455,-0.689,-0.032,0.103,0.716,3109,153,0,3181,1594,2525,266,2496,45,1.023,1,2267,0,56.169,0.605,-27.938,-2.000,-48.688,-0.063,0.016,1.043,0.328,0.508,0.293,0.360,0.034,1.270,1.346,2,NULL,NULL,,3,0,2,7,255,1327,250,0,0
stim,235376,265497,0,265497,3462834.454,-0.690,-0.033,0.102,0.715,3107,173,5,3175,1615,2547,267,2503,45,1.023,1,2267,0,48.317,1.377,-30.063,-1.000,-37.813,-0.027,-0.059,0.977,0.441,1.305,0.293,0.362,0.026,1.270,1.346,2,NULL,NULL,,3,0,2,7,255,1327,250,0,0
stim,235407,265528,0,265528,3462839.456,-0.691,-0.034,0.101,0.715,3111,201,26,3183,1657,2537,264,2505,45,1.023,1,2267,0,34.605,1.562,-22.688,-0.500,-26.125,-0.082,-0.035,0.953,0.859,1.305,-0.426,0.362,0.018,1.270,1.346,2,NULL,NULL,,3,0,2,7,255,1327,250,0,0
stim,235407,265528,0,265528,3462844.454,-0.692,-0.034,0.100,0.714,3109,222,61,3179,1707,2539,264,2509,45,1.023,1,2267,0,29.696,1.286,-16.375,1.063,-24.750,-0.117,0.000,1.000,0.859,0.957,-0.426,0.362,0.012,1.270,1.346,2,NULL,NULL,,3,0,2,7,255,1327,250,0,0
stim,235407,265528,0,265528,3462849.456,-0.693,-0.035,0.100,0.713,3111,233,68,3179,1741,2543,263,2515,45,1.023,1,2267,0,28.316,1.120,-15.313,1.813,-23.750,-0.113,-0.051,0.980,0.859,0.719,-0.215,0.362,0.006,1.270,1.346,2,NULL,NULL,,3,0,2,7,255,1327,250,0,0
stim,235407,265528,0,265528,3462854.453,-0.693,-0.036,0.099,0.713,3108,237,100,3181,1763,2547,261,2514,45,1.023,1,2267,0,22.807,1.190,-12.000,0.875,-19.375,-0.121,-0.098,0.953,0.977,0.680,-0.215,0.362,0.000,1.270,1.346,2,NULL,NULL,,3,0,2,7,255,1327,250,0,0
stim,235407,265528,0,265528,3462859.456,-0.694,-0.036,0.098,0.713,3111,239,115,3181,1779,2551,261,2518,45,1.034,1,2267,1,13.133,1.600,-10.063,-0.188,-8.438,-0.109,-0.148,0.965,1.430,0.719,-0.438,0.000,0.000,1.211,1.365,2,NULL,NULL,,3,0,2,7,255,1327,250,0,0
stim,235407,265528,0,265528,3462864.454,-0.694,-0.036,0.098,0.713,3110,233,143,3181,1803,2551,261,2522,45,1.034,1,2267,1,9.263,1.542,-8.875,-0.375,-2.625,-0.191,-0.055,0.980,1.430,0.578,-0.438,0.006,0.004,1.211,1.365,2,NULL,NULL,,3,0,2,7,255,1327,250,0,0
stim,235440,265561,0,265561,3462869.455,-0.694,-0.037,0.098,0.712,3113,237,155,3179,1813,2551,253,2523,45,1.034,1,2267,1,10.833,1.021,-8.500,-1.688,-6.500,-0.203,-0.035,0.980,1.020,-0.055,-0.059,0.010,0.010,1.211,1.365,2,NULL,NULL,,3,0,2,7,255,1327,250,0,0
stim,235440,265561,0,265561,3462874.454,-0.694,-0.037,0.097,0.712,3109,229,179,3179,1820,2553,253,2525,45,1.034,1,2267,1,10.985,1.021,-6.563,-2.313,-8.500,-0.160,-0.059,0.973,1.020,-0.055,-0.059,0.014,0.014,1.211,1.365,2,NULL,NULL,,3,0,2,7,255,1327,250,0,0
stim,235440,265561,0,265561,3462879.455,-0.694,-0.037,0.097,0.712,3104,223,200,3175,1829,2551,251,2529,45,1.034,1,2267,1,6.980,1.046,-5.125,-3.563,-3.125,-0.133,-0.059,0.973,1.023,0.215,-0.199,0.020,0.020,1.211,1.365,2,NULL,NULL,,3,0,2,7,255,1327,250,0,0
stim,235440,265561,0,265561,3462884.453,-0.694,-0.037,0.096,0.712,3113,220,215,3178,1839,2551,223,2525,45,1.034,1,2267,1,5.396,1.065,-3.563,-3.813,1.375,-0.152,-0.020,0.977,1.023,0.293,-0.199,0.024,0.024,1.211,1.365,2,NULL,NULL,,3,0,2,7,255,1327,250,0,0
stim,235474,265595,0,265595,3462889.455,-0.694,-0.037,0.096,0.712,3101,210,223,3171,1849,2551,215,2531,45,1.034,1,2267,1,4.087,0.708,-2.000,-3.563,-0.125,-0.164,0.027,0.992,0.645,0.293,-0.168,0.028,0.028,1.211,1.365,2,NULL,NULL,,3,0,2,7,255,1327,250,0,0
stim,235474,265595,0,265595,3462894.453,-0.694,-0.037,0.096,0.712,3095,200,231,3165,1851,2549,202,2531,45,1.034,1,2267,1,4.772,0.359,-1.750,-3.625,-2.563,-0.148,0.023,0.996,0.207,0.293,0.051,0.032,0.032,1.211,1.365,2,NULL,NULL,,3,0,2,7,255,1327,250,0,0
stim,235474,265595,0,265595,3462899.455,-0.695,-0.037,0.096,0.712,3096,197,234,3162,1854,2547,187,2531,45,1.034,1,2267,1,4.404,0.376,-0.125,-3.438,-2.750,-0.129,0.039,0.996,0.168,0.336,0.051,0.034,0.036,1.211,1.365,2,NULL,NULL,,3,0,2,7,255,1327,250,0,0
stim,235474,265595,0,265595,3462904.454,-0.695,-0.037,0.096,0.712,3096,197,247,3159,1861,2541,183,2530,45,1.034,1,2267,1,3.677,0.529,1.938,-3.063,-0.625,-0.121,0.063,1.008,0.039,0.527,0.051,0.036,0.038,1.211,1.365,2,NULL,NULL,,3,0,2,7,255,1327,250,0,0
stim,235474,265595,0,265595,3462909.455,-0.694,-0.036,0.096,0.712,3093,189,253,3153,1861,2541,180,2531,45,1.034,1,2267,1,3.903,0.599,1.438,-2.688,2.438,-0.129,0.070,1.031,-0.184,0.570,0.125,0.038,0.040,1.211,1.365,2,NULL,NULL,,3,0,2,7,255,1327,250,0,0
stim,235474,265595,0,265595,3462914.454,-0.694,-0.036,0.096,0.712,3087,187,265,3147,1854,2538,174,2530,45,1.034,1,2267,1,4.272,0.608,-0.625,-2.625,3.313,-0.184,0.102,1.004,-0.211,0.570,0.227,0.040,0.040,1.211,1.365,2,NULL,NULL,,3,0,2,7,255,1327,250,0,0
stim,235474,265595,0,265595,3462919.455,-0.695,-0.036,0.096,0.712,3082,186,269,3143,1855,2533,168,2530,45,1.034,1,2267,1,8.856,0.516,3.188,-2.500,-7.875,-0.227,0.148,1.004,-0.516,-0.012,0.344,0.040,0.042,1.211,1.365,2,NULL,NULL,,3,0,2,7,255,1327,250,0,0
stim,235474,265595,0,265595,3462924.454,-0.695,-0.036,0.096,0.712,3079,175,284,3133,1851,2533,167,2527,45,1.034,1,2267,1,8.771,0.516,0.313,-2.375,-8.438,-0.086,0.027,1.051,-0.516,-0.012,0.344,0.040,0.042,1.211,1.365,2,NULL,NULL,,3,0,2,7,255,1327,250,0,0
stim,235498,265619,0,265619,3462929.456,-0.695,-0.036,0.095,0.712,3065,174,296,3127,1861,2525,163,2525,45,1.034,1,2267,1,4.996,0.457,-2.813,-2.625,3.188,-0.137,0.063,0.988,-0.184,0.418,0.344,0.042,0.042,1.211,1.365,2,NULL,NULL,,3,0,2,7,255,1327,250,0,0
stim,235498,265619,0,265619,3462934.454,-0.695,-0.036,0.095,0.712,3061,170,312,3117,1863,2520,163,2531,45,1.034,1,2267,1,4.893,0.457,2.375,-3.875,1.813,-0.246,0.156,0.957,-0.184,0.418,-0.027,0.042,0.042,1.211,1.365,2,NULL,NULL,,3,0,2,7,255,1327,250,0,0
stim,235498,265619,0,265619,3462939.455,-0.695,-0.035,0.096,0.711,3055,171,330,3110,1875,2519,172,2531,45,1.034,1,2267,1,17.241,1.262,5.313,-4.125,-15.875,-0.277,0.211,1.039,-1.051,-0.699,-0.027,0.040,0.042,1.211,1.365,2,NULL,NULL,,3,0,2,7,255,1327,250,0,0
stim,235498,265619,0,265619,3462944.454,-0.696,-0.035,0.095,0.711,3047,171,349,3130,1885,2511,203,2533,45,1.034,1,2267,1,24.853,1.262,-0.563,-5.125,-24.313,-0.117,0.105,1.031,-1.051,-0.699,0.363,0.040,0.042,1.211,1.365,2,NULL,NULL,,3,0,2,7,255,1327,250,0,0
stim,235498,265619,0,265619,3462949.455,-0.696,-0.035,0.095,0.711,3033,174,373,3092,1900,2509,229,2535,45,1.034,1,2267,1,8.756,0.877,-1.063,-5.625,-6.625,-0.051,0.082,0.992,-0.582,0.656,0.363,0.038,0.040,1.211,1.365,2,NULL,NULL,,3,0,2,7,255,1327,250,0,0
stim,235498,265619,0,265619,3462954.453,-0.696,-0.035,0.095,0.711,3027,185,411,3087,1929,2508,237,2539,45,1.034,1,2267,1,8.029,0.877,-2.625,-6.063,4.563,-0.172,0.180,1.047,-0.582,0.656,0.363,0.034,0.038,1.211,1.365,2,NULL,NULL,,3,0,2,7,255,1327,250,0,0
stim,235529,265650,0,265650,3462959.455,-0.696,-0.035,0.095,0.711,3013,186,455,3077,1961,2507,277,2541,45,1.034,1,2267,1,11.256,1.261,-8.938,-6.750,-1.125,-0.219,0.207,1.004,-1.254,0.133,0.367,0.030,0.034,1.211,1.365,2,NULL,NULL,,3,0,2,7,255,1327,250,0,0
stim,235529,265650,0,265650,3462964.453,-0.697,-0.035,0.094,0.710,2997,198,525,3059,1991,2505,295,2549,45,1.034,1,2267,1,14.583,1.283,-4.000,-6.938,-12.188,-0.199,0.164,0.980,-1.254,-0.270,0.367,0.026,0.030,1.211,1.365,2,NULL,NULL,,3,0,2,7,255,1327,250,0,0
stim,235529,265650,0,265650,3462969.456,-0.697,-0.034,0.094,0.710,2983,203,579,3053,2019,2504,311,2556,45,1.034,1,2267,1,13.842,1.195,-5.875,-7.875,-9.750,-0.109,0.102,1.039,-1.164,-0.270,0.367,0.026,0.024,1.211,1.365,2,NULL,NULL,,3,0,2,7,255,1327,250,0,0
stim,235529,265650,0,265650,3462974.454,-0.697,-0.034,0.093,0.710,2971,229,655,3049,2043,2501,342,2571,45,1.034,1,2267,1,12.863,1.114,-9.375,-8.563,-2.063,-0.172,0.160,1.008,-1.113,0.051,0.266,0.026,0.018,1.211,1.365,2,NULL,NULL,,3,0,2,7,255,1327,250,0,0
stim,235529,265650,0,265650,3462979.455,-0.697,-0.034,0.093,0.710,2959,244,712,3033,2086,2503,379,2580,45,1.034,1,2267,1,14.873,1.114,-8.688,-8.250,-8.813,-0.227,0.195,1.020,-1.113,0.051,0.441,0.026,0.014,1.211,1.365,2,NULL,NULL,,3,0,2,7,255,1327,250,0,0
stim,235529,265650,0,265650,3462984.453,-0.698,-0.034,0.092,0.710,2943,251,760,3033,2134,2505,427,2589,45,1.034,1,2267,1,21.862,1.380,-8.500,-8.250,-18.375,-0.168,0.188,1.016,-1.379,0.051,0.375,0.030,0.010,1.211,1.365,2,NULL,NULL,,3,0,2,7,255,1327,250,0,0
stim,235572,265693,0,265693,3462989.455,-0.698,-0.034,0.092,0.709,2923,264,841,3021,2187,2501,443,2597,45,1.034,1,2267,1,23.359,1.381,-9.875,-7.938,-19.625,-0.133,0.148,1.008,-1.379,0.078,0.375,0.032,0.008,1.211,1.365,2,NULL,NULL,,3,0,2,7,255,1327,250,0,0
stim,235572,265693,0,265693,3462994.453,-0.699,-0.034,0.091,0.709,2904,269,928,3007,2231,2509,507,2616,45,1.034,1,2267,1,22.435,1.048,-13.188,-7.563,-16.500,-0.148,0.070,1.004,-1.016,0.258,0.215,0.036,0.006,1.211,1.365,2,NULL,NULL,,3,0,2,7,255,1327,250,0,0
stim,235572,265693,0,265693,3462999.455,-0.699,-0.035,0.090,0.708,2893,278,1036,3006,2277,2503,595,2629,45,1.034,1,2267,1,26.522,0.379,-16.688,-7.375,-19.250,-0.215,0.051,0.980,-0.277,0.258,0.160,0.038,0.006,1.211,1.365,2,NULL,NULL,,3,0,2,7,255,1327,250,0,0
stim,235572,265693,0,265693,3463004.454,-0.700,-0.035,0.090,0.707,2873,276,1134,2986,2301,2503,696,2628,45,1.034,1,2267,1,35.775,0.482,-17.375,-7.438,-30.375,-0.230,0.063,0.969,-0.219,-0.430,0.047,0.040,0.006,1.211,1.365,2,NULL,NULL,,3,0,2,7,255,1327,250,0,0
stim,235572,265693,0,265693,3463009.455,-0.702,-0.036,0.089,0.706,2847,296,1234,2980,2339,2505,794,2645,45,1.034,1,2267,1,44.971,0.440,-17.625,-7.500,-40.688,-0.188,0.035,0.965,-0.094,-0.430,-0.063,0.040,0.008,1.211,1.365,2,NULL,NULL,,3,0,2,7,255,1327,250,0,0
stim,235572,265693,0,265693,3463014.454,-0.703,-0.036,0.088,0.705,2835,333,1317,2968,2382,2513,907,2657,45,1.034,1,2267,1,48.302,0.185,-19.750,-7.500,-43.438,-0.141,-0.020,0.973,0.020,-0.184,-0.172,0.042,0.010,1.211,1.365,2,NULL,NULL,,3,0,2,7,255,1327,250,0,0
stim,235597,265718,0,265718,3463019.455,-0.704,-0.037,0.087,0.704,2813,351,1427,2987,2407,2505,983,2659,45,1.034,1,2267,1,47.532,0.575,-23.750,-7.750,-40.438,-0.133,-0.090,0.969,0.520,0.246,-0.184,0.040,0.012,1.211,1.365,2,NULL,NULL,,3,0,2,7,255,1327,250,0,0
stim,235597,265718,0,265718,3463024.454,-0.705,-0.038,0.085,0.703,2795,388,1519,2949,2428,2505,1077,2667,45,1.034,1,2267,1,46.946,1.175,-26.563,-8.563,-37.750,-0.152,-0.094,0.941,1.148,0.246,-0.273,0.040,0.012,1.211,1.365,2,NULL,NULL,,3,0,2,7,255,1327,250,0,0
stim,235597,265718,0,265718,3463029.455,-0.707,-0.038,0.084,0.702,2774,405,1613,2923,2464,2516,1178,2681,45,1.034,1,2267,1,45.160,1.155,-24.875,-9.875,-36.375,-0.168,-0.109,0.934,1.152,0.078,-0.504,0.040,0.014,1.211,1.365,2,NULL,NULL,,3,0,2,7,255,1327,250,0,0
stim,235597,265718,0,265718,3463034.453,-0.708,-0.039,0.083,0.701,2743,411,1712,2922,2489,2516,1242,2695,45,1.034,1,2267,1,42.532,1.299,-22.250,-11.500,-34.375,-0.125,-0.121,0.945,1.297,0.078,-0.531,0.040,0.016,1.211,1.365,2,NULL,NULL,,3,0,2,7,255,1327,250,0,0
stim,235597,265718,0,265718,3463039.455,-0.708,-0.039,0.081,0.700,2731,439,1803,2907,2514,2517,1362,2707,45,1.034,1,2267,1,32.379,1.354,-20.750,-12.688,-21.375,-0.063,-0.117,0.965,1.313,0.332,-0.531,0.038,0.018,1.211,1.365,2,NULL,NULL,,3,0,2,7,255,1327,250,0,0
stim,235597,265718,0,265718,3463044.454,-0.709,-0.039,0.080,0.700,2699,457,1865,2889,2542,2515,1431,2717,45,1.034,1,2267,1,28.242,1.354,-18.438,-12.125,-17.625,-0.191,0.098,0.965,1.313,0.332,-0.438,0.038,0.020,1.211,1.365,2,NULL,NULL,,3,0,2,7,255,1327,250,0,0
stim,235616,265737,0,265737,3463049.457,-0.710,-0.040,0.080,0.699,2679,485,1941,2875,2569,2517,1514,2725,45,1.034,1,2267,1,38.214,0.834,-16.375,-12.000,-32.375,-0.238,0.133,0.992,-0.789,-0.270,-0.145,0.038,0.022,1.211,1.365,2,NULL,NULL,,3,0,2,7,255,1327,250,0,0
stim,235616,265737,0,265737,3463054.453,-0.711,-0.040,0.079,0.698,2644,505,2027,2853,2589,2519,1606,2739,45,1.034,1,2267,1,47.792,0.834,-16.688,-12.938,-42.875,-0.188,0.063,0.988,-0.789,-0.270,0.051,0.038,0.024,1.211,1.365,2,NULL,NULL,,3,0,2,7,255,1327,250,0,0
stim,235616,265737,0,265737,3463059.457,-0.713,-0.040,0.078,0.696,2611,529,2109,2845,2618,2527,1673,2748,45,1.034,1,2267,1,50.400,0.517,-13.063,-13.125,-46.875,-0.156,0.008,0.977,-0.465,-0.227,0.051,0.040,0.024,1.211,1.365,2,NULL,NULL,,3,0,2,7,255,1327,250,0,0
stim,235616,265737,0,265737,3463064.453,-0.714,-0.040,0.077,0.695,2553,557,2173,2835,2631,2524,1733,2749,45,1.034,1,2267,1,44.775,0.067,-10.188,-13.938,-41.313,-0.039,-0.055,0.984,0.055,0.039,-0.141,0.040,0.024,1.211,1.365,2,NULL,NULL,,3,0,2,7,255,1327,250,0,0
stim,235616,265737,0,265737,3463069.455,-0.714,-0.040,0.076,0.694,2515,571,2228,2806,2653,2525,1823,2773,45,1.034,1,2267,1,27.084,1.311,-9.125,-14.375,-21.063,-0.004,-0.051,1.004,0.625,1.152,-0.141,0.042,0.026,1.211,1.365,2,NULL,NULL,,3,0,2,7,255,1327,250,0,0
stim,235616,265737,0,265737,3463074.454,-0.715,-0.040,0.075,0.694,2472,593,2313,2780,2677,2535,1899,2779,45,1.034,1,2267,1,20.748,1.311,-14.188,-14.375,-4.750,-0.117,0.016,1.066,0.625,1.152,-0.105,0.042,0.026,1.211,1.365,2,NULL,NULL,,3,0,2,7,255,1327,250,0,0
stim,235647,265768,0,265768,3463079.455,-0.715,-0.040,0.074,0.694,2449,607,2355,2773,2697,2532,1978,2787,45,1.034,1,2267,1,30.476,0.520,-24.563,-14.250,-11.063,-0.242,0.086,1.059,-0.066,0.516,0.668,0.044,0.026,1.211,1.365,2,NULL,NULL,,3,0,2,7,255,1327,250,0,0
stim,235647,265768,0,265768,3463084.453,-0.716,-0.041,0.072,0.693,2393,619,2409,2735,2715,2539,2033,2795,45,1.034,1,2267,1,45.895,1.040,-29.563,-14.438,-32.000,-0.234,0.102,1.004,-0.777,-0.691,0.668,0.046,0.026,1.211,1.365,2,NULL,NULL,,3,0,2,7,255,1327,250,0,0
stim,235684,265805,0,265805,3463089.455,-0.717,-0.041,0.071,0.692,2341,637,2467,2715,2739,2537,2093,2813,45,1.034,1,2267,1,54.941,1.040,-29.125,-14.375,-44.313,-0.129,0.004,1.004,-0.777,-0.691,0.262,0.048,0.026,1.211,1.365,2,NULL,NULL,,3,0,2,7,255,1327,250,0,0
stim,235684,265805,0,265805,3463094.453,-0.718,-0.042,0.069,0.691,2269,645,2507,2675,2745,2535,2140,2811,45,1.034,1,2267,1,53.689,0.267,-32.938,-14.750,-39.750,-0.078,-0.051,1.016,-0.031,0.266,0.152,0.048,0.026,1.211,1.365,2,NULL,NULL,,3,0,2,7,255,1327,250,0,0
stim,235684,265805,0,265805,3463099.455,-0.719,-0.042,0.067,0.690,2204,654,2551,2651,2773,2537,2185,2828,45,1.034,1,2267,1,48.134,0.761,-34.438,-14.563,-30.313,-0.086,-0.059,0.977,0.500,0.574,0.082,0.050,0.028,1.211,1.365,2,NULL,NULL,,3,0,2,7,255,1327,250,0,0
stim,235684,265805,0,265805,3463104.454,-0.720,-0.043,0.066,0.690,2157,660,2585,2615,2787,2537,2223,2833,45,1.034,1,2267,1,42.997,0.761,-32.500,-15.500,-23.500,-0.125,-0.051,0.957,0.500,0.574,-0.211,0.050,0.028,1.211,1.365,2,NULL,NULL,,3,0,2,7,255,1327,250,0,0
stim,235684,265805,0,265805,3463109.455,-0.721,-0.044,0.064,0.689,2096,661,2602,2580,2795,2537,2277,2844,45,1.034,1,2267,1,40.338,0.416,-26.625,-15.875,-25.813,-0.164,-0.023,0.957,0.383,0.164,-0.309,0.050,0.030,1.211,1.365,2,NULL,NULL,,3,0,2,7,255,1327,250,0,0
stim,235684,265805,0,265805,3463114.453,-0.722,-0.044,0.063,0.688,2007,657,2643,2539,2807,2539,2317,2855,45,1.034,1,2267,1,41.169,0.102,-20.750,-16.375,-31.563,-0.148,-0.016,0.969,0.094,-0.039,-0.309,0.052,0.030,1.211,1.365,2,NULL,NULL,,3,0,2,7,255,1327,250,0,0
stim,235684,265805,0,265805,3463119.458,-0.723,-0.044,0.062,0.687,1941,645,2666,2489,2821,2541,2343,2869,45,1.034,1,2267,1,41.526,0.055,-17.688,-16.250,-33.875,-0.113,-0.020,0.996,0.039,-0.039,-0.191,0.052,0.032,1.211,1.365,2,NULL,NULL,,3,0,2,7,255,1327,250,0,0
stim,235684,265805,0,265805,3463124.454,-0.724,-0.044,0.061,0.686,1861,636,2683,2485,2835,2535,2380,2867,45,1.034,1,2267,1,39.046,0.330,-18.125,-16.188,-30.563,-0.090,-0.039,1.016,0.039,0.328,0.004,0.052,0.032,1.211,1.365,2,NULL,NULL,,3,0,2,7,255,1327,250,0,0
stim,235684,265805,0,265805,3463129.455,-0.724,-0.044,0.060,0.685,1774,621,2713,2391,2844,2542,2419,2879,45,1.034,1,2267,1,36.759,0.505,-21.500,-16.438,-24.875,-0.098,-0.047,1.023,0.215,0.457,0.176,0.052,0.034,1.211,1.365,2,NULL,NULL,,3,0,2,7,255,1327,250,0,0
stim,235684,265805,0,265805,3463134.454,-0.725,-0.045,0.058,0.685,1663,597,2736,2324,2861,2537,2443,2889,45,1.034,1,2267,1,37.606,0.515,-24.625,-16.438,-23.188,-0.121,-0.047,1.020,0.238,0.457,0.234,0.054,0.034,1.211,1.365,2,NULL,NULL,,3,0,2,7,255,1327,250,0,0
stim,235706,265827,0,265827,3463139.455,-0.726,-0.045,0.057,0.684,1575,585,2762,2273,2861,2526,2463,2888,45,1.034,1,2267,1,38.009,0.348,-24.813,-16.813,-23.375,-0.109,-0.043,0.988,0.238,0.254,0.234,0.054,0.036,1.211,1.365,2,NULL,NULL,,3,0,2,7,255,1327,250,0,0
stim,235706,265827,0,265827,3463144.453,-0.726,-0.045,0.055,0.684,1439,555,2779,2211,2873,2525,2495,2889,45,1.034,1,2267,1,34.641,0.313,-20.750,-16.813,-22.063,-0.105,-0.023,0.969,0.184,0.254,-0.078,0.054,0.036,1.211,1.365,2,NULL,NULL,,3,0,2,7,255,1327,250,0,0
stim,235706,265827,0,265827,3463149.455,-0.727,-0.045,0.054,0.683,1311,531,2796,2130,2889,2522,2527,2899,45,1.034,1,2267,1,30.447,0.258,-14.813,-17.750,-19.813,-0.125,0.020,1.004,-0.047,0.254,-0.078,0.056,0.038,1.211,1.365,2,NULL,NULL,,3,0,2,7,255,1327,250,0,0
stim,235706,265827,0,265827,3463154.453,-0.728,-0.045,0.053,0.682,1211,493,2822,2039,2894,2515,2549,2904,45,1.034,1,2267,1,30.964,0.515,-14.000,-17.938,-21.000,-0.129,0.051,1.035,-0.492,0.152,0.086,0.056,0.038,1.211,1.365,2,NULL,NULL,,3,0,2,7,255,1327,250,0,0
stim,235706,265827,0,265827,3463159.455,-0.728,-0.045,0.052,0.682,1093,467,2841,1912,2904,2511,2572,2907,45,1.034,1,2267,1,32.538,0.781,-15.000,-18.250,-22.375,-0.125,0.047,1.039,-0.766,0.152,0.395,0.058,0.038,1.211,1.365,2,NULL,NULL,,3,0,2,7,255,1327,250,0,0
stim,235706,265827,0,265827,3463164.454,-0.729,-0.045,0.051,0.681,967,403,2863,1781,2923,2505,2605,2926,45,1.034,1,2267,1,33.462,0.789,-17.188,-19.375,-21.188,-0.121,-0.012,1.051,-0.766,0.191,0.430,0.058,0.038,1.211,1.365,2,NULL,NULL,,3,0,2,7,255,1327,250,0,0
stim,235736,265857,0,265857,3463169.455,-0.729,-0.045,0.050,0.681,808,384,2871,1663,2923,2488,2621,2917,45,1.034,1,2267,1,34.787,0.305,-20.188,-19.813,-20.250,-0.113,-0.039,1.039,-0.234,0.195,0.430,0.058,0.038,1.211,1.365,2,NULL,NULL,,3,0,2,7,255,1327,250,0,0
stim,235736,265857,0,265857,3463174.454,-0.730,-0.045,0.049,0.680,607,359,2895,1501,2939,2483,2653,2922,45,1.034,1,2267,1,34.983,0.303,-19.375,-20.938,-20.250,-0.156,0.004,1.023,-0.234,0.191,0.422,0.060,0.038,1.211,1.365,2,NULL,NULL,,3,0,2,7,255,1327,250,0,0
stim,235736,265857,0,265857,3463179.457,-0.731,-0.045,0.047,0.680,447,308,2903,1381,2951,2472,2671,2936,45,1.034,1,2267,1,36.682,0.493,-16.688,-22.625,-23.563,-0.168,0.031,1.035,-0.445,-0.211,0.422,0.062,0.038,1.211,1.365,2,NULL,NULL,,3,0,2,7,255,1327,250,0,0
stim,235736,265857,0,265857,3463184.453,-0.732,-0.044,0.046,0.679,343,267,2911,1192,2953,2453,2677,2931,45,1.034,1,2267,1,40.011,0.693,-16.750,-23.750,-27.500,-0.145,0.023,1.051,-0.660,-0.211,0.453,0.062,0.038,1.211,1.365,2,NULL,NULL,,3,0,2,7,255,1327,250,0,0
stim,235773,265894,0,265894,3463189.455,-0.732,-0.044,0.045,0.678,206,213,2925,987,2969,2440,2707,2937,45,1.034,1,2267,1,40.498,0.759,-13.813,-26.063,-27.750,-0.137,0.035,1.055,-0.754,-0.090,0.559,0.062,0.038,1.211,1.365,2,NULL,NULL,,3,0,2,7,255,1327,250,0,0
stim,235773,265894,0,265894,3463194.454,-0.733,-0.044,0.043,0.677,121,165,2938,829,2981,2431,2723,2949,45,1.034,1,2267,1,42.155,0.672,-13.438,-27.813,-28.688,-0.098,0.023,1.059,-0.672,-0.027,0.586,0.064,0.040,1.211,1.365,2,NULL,NULL,,3,0,2,7,255,1327,250,0,0
stim,235773,265894,0,265894,3463199.456,-0.734,-0.043,0.042,0.677,52,137,2957,630,2989,2411,2741,2951,45,1.034,1,2267,1,40.851,0.694,-11.625,-29.063,-26.250,-0.109,-0.023,1.074,-0.672,0.172,0.594,0.066,0.040,1.211,1.365,2,NULL,NULL,,3,0,2,7,255,1327,250,0,0
stim,235773,265894,0,265894,3463204.454,-0.735,-0.042,0.041,0.676,25,91,2958,453,2995,2375,2765,2963,45,1.034,1,2267,1,43.419,0.694,-8.313,-33.375,-26.500,-0.141,0.098,1.020,-0.672,0.172,0.594,0.070,0.042,1.211,1.365,2,NULL,NULL,,3,0,2,7,255,1327,250,0,0
stim,235773,265894,0,265894,3463209.455,-0.736,-0.041,0.040,0.675,0,47,2979,302,2997,2343,2780,2965,45,1.034,1,2267,1,47.622,1.103,-4.375,-33.438,-33.625,-0.070,0.066,1.063,-1.090,0.172,0.574,0.072,0.042,1.211,1.365,2,NULL,NULL,,3,0,2,7,255,1327,250,0,0
stim,235773,265894,0,265894,3463214.453,-0.737,-0.040,0.038,0.674,0,43,2983,197,3014,2317,2792,2963,45,1.034,1,2267,1,44.295,1.140,-7.313,-35.563,-25.375,-0.086,-0.063,1.133,-1.090,0.336,0.574,0.074,0.044,1.211,1.365,2,NULL,NULL,,3,0,2,7,255,1327,250,0,0
stim,235773,265894,0,265894,3463219.455,-0.737,-0.039,0.037,0.674,0,33,2999,142,3021,2283,2823,2970,45,1.034,1,2267,1,43.103,0.357,1.125,-42.000,-9.625,-0.203,-0.051,1.172,-0.121,0.336,1.340,0.078,0.044,1.211,1.365,2,NULL,NULL,,3,0,2,7,255,1327,250,0,0
stim,235773,265894,0,265894,3463224.454,-0.737,-0.038,0.036,0.674,0,3,2997,109,3016,2275,2829,2963,45,1.034,1,2267,1,48.215,0.815,10.188,-47.125,0.313,-0.293,-0.180,1.430,0.102,-0.809,1.840,0.082,0.048,1.211,1.365,2,NULL,NULL,,3,0,2,7,255,1327,250,0,0
stim,235796,265917,0,265917,3463229.455,-0.736,-0.036,0.034,0.675,0,2,3003,98,3035,2230,2855,2975,45,1.034,1,2267,0,60.188,1.543,10.313,-56.938,16.563,-0.387,-0.078,1.574,-0.109,-1.539,4.473,0.082,0.052,1.211,1.365,3,NULL,NULL,,3,0,2,7,255,1327,250,0,0
stim,235796,265917,0,265917,3463234.454,-0.736,-0.036,0.031,0.675,0,0,3017,73,3037,2197,2868,2969,45,1.034,1,2267,0,79.595,1.543,-54.875,-57.625,-1.875,-0.191,-0.059,1.344,-0.109,-1.539,4.473,0.080,0.058,1.211,1.365,3,NULL,NULL,,3,0,2,7,255,1327,250,0,0
stim,235796,265917,0,265917,3463239.455,-0.737,-0.037,0.027,0.675,0,0,3013,37,3047,2152,2885,2975,45,1.034,1,2267,0,95.256,0.688,-75.063,-57.688,-10.563,-0.121,-0.121,0.914,-0.109,-0.680,3.500,0.076,0.064,1.211,1.365,3,NULL,NULL,,3,0,2,7,255,1327,250,0,0
stim,235796,265917,0,265917,3463244.453,-0.736,-0.036,0.024,0.675,0,0,3013,0,3045,2092,2885,2969,45,1.034,1,2267,0,71.396,0.784,-27.438,-65.000,10.938,-0.137,-0.098,0.816,0.391,-0.680,-0.738,0.072,0.068,1.211,1.365,3,NULL,NULL,,3,0,2,7,255,1327,250,0,0
stim,235796,265917,0,265917,3463249.455,-0.736,-0.033,0.022,0.676,0,0,3025,0,3063,2011,2904,2979,45,1.034,1,2267,0,73.978,0.849,13.813,-71.125,14.938,-0.230,-0.063,0.949,0.391,-0.754,-0.738,0.066,0.074,1.211,1.365,3,NULL,NULL,,3,0,2,7,255,1327,250,0,0
stim,235796,265917,0,265917,3463254.453,-0.736,-0.030,0.021,0.676,0,0,3016,0,3065,1945,2909,2969,45,1.034,1,2267,0,80.114,1.569,26.438,-75.625,-0.438,-0.258,-0.066,1.070,-0.094,-1.566,-0.363,0.060,0.080,1.211,1.365,3,NULL,NULL,,3,0,2,7,255,1327,250,0,0
stim,235829,265950,0,265950,3463259.455,-0.736,-0.028,0.019,0.676,0,0,3027,0,3081,1864,2921,2971,45,1.034,1,2267,0,81.608,1.569,22.000,-78.313,-6.563,-0.195,-0.195,1.250,-0.094,-1.566,0.852,0.052,0.088,1.211,1.365,3,NULL,NULL,,3,0,2,7,255,1327,250,0,0
stim,235829,265950,0,265950,3463264.454,-0.736,-0.025,0.016,0.676,0,0,3013,0,3064,1785,2927,2975,45,1.034,1,2267,0,81.206,1.728,1.375,-81.188,-1.063,-0.133,-0.277,1.223,1.160,-1.281,2.324,0.046,0.096,1.211,1.365,3,NULL,NULL,,3,0,2,7,255,1327,250,0,0
stim,235829,265950,0,265950,3463269.457,-0.736,-0.023,0.013,0.677,0,0,3005,0,3081,1684,2933,2967,45,1.034,1,2267,0,84.590,1.674,-7.000,-83.938,7.813,-0.117,-0.215,1.086,1.445,-0.844,2.324,0.040,0.104,1.211,1.365,3,NULL,NULL,,3,0,2,7,255,1327,250,0,0
stim,235829,265950,0,265950,3463274.454,-0.736,-0.021,0.010,0.677,0,0,3000,0,3079,1575,2941,2965,45,1.034,1,2267,0,87.952,1.674,-1.500,-87.125,11.938,-0.141,-0.109,1.020,1.445,-0.844,0.961,0.034,0.114,1.211,1.365,3,NULL,NULL,,3,0,2,7,255,1327,250,0,0
stim,235829,265950,0,265950,3463279.455,-0.735,-0.018,0.008,0.678,0,0,2997,0,3092,1458,2964,2974,45,1.034,1,2267,0,92.209,1.123,13.063,-90.750,9.813,-0.160,-0.055,1.023,0.406,-1.047,0.289,0.030,0.122,1.211,1.365,3,NULL,NULL,,3,0,2,7,255,1327,250,0,0
stim,235829,265950,0,265950,3463284.453,-0.735,-0.014,0.006,0.678,0,0,2995,0,3080,1323,2971,2969,45,1.034,1,2267,0,97.980,1.274,24.938,-94.625,4.938,-0.156,-0.051,1.094,-0.105,-1.270,0.289,0.024,0.130,1.211,1.365,3,NULL,NULL,,3,0,2,7,255,1327,250,0,0
stim,235872,265993,0,265993,3463289.455,-0.735,-0.011,0.003,0.678,0,0,2974,0,3087,1166,2971,2959,45,1.034,1,2267,0,101.444,1.279,26.875,-97.813,1.188,-0.121,-0.047,1.164,-0.152,-1.270,0.949,0.024,0.140,1.211,1.365,3,NULL,NULL,,3,0,2,7,255,1327,250,0,0
stim,235872,265993,0,265993,3463294.454,-0.735,-0.007,0.001,0.678,0,0,2968,0,3087,1001,2975,2952,45,1.034,1,2267,0,104.048,1.037,23.563,-101.313,2.563,-0.086,-0.035,1.215,-0.188,-1.020,1.633,0.026,0.146,1.211,1.365,3,NULL,NULL,,3,0,2,7,255,1327,250,0,0
stim,235872,265993,0,265993,3463299.457,-0.734,-0.003,-0.002,0.679,0,0,2956,0,3100,800,2984,2943,45,1.034,1,2267,0,108.248,0.794,20.313,-105.688,11.625,-0.070,0.027,1.223,-0.293,-0.738,2.090,0.032,0.154,1.211,1.365,3,NULL,NULL,,3,0,2,7,255,1327,250,0,0
stim,235872,265993,0,265993,3463304.453,-0.734,0.001,-0.005,0.680,0,0,2943,0,3095,671,2997,2937,45,1.034,1,2267,0,112.893,1.121,15.063,-110.375,18.313,-0.105,0.086,1.258,-0.844,-0.738,2.160,0.036,0.160,1.211,1.365,3,NULL,NULL,,3,0,2,7,255,1327,250,0,0
stim,235872,265993,0,265993,3463309.457,-0.733,0.004,-0.008,0.680,0,0,2921,0,3095,556,2996,2925,45,1.034,1,2267,0,116.531,1.821,9.250,-114.875,17.250,-0.121,0.141,1.289,-1.465,-1.082,2.480,0.042,0.166,1.211,1.365,3,NULL,NULL,,3,0,2,7,255,1327,250,0,0
stim,235872,265993,0,265993,3463314.453,-0.732,0.008,-0.011,0.681,0,0,2901,0,3099,373,3003,2916,45,1.034,1,2267,0,121.257,2.400,5.375,-120.000,16.563,-0.113,0.172,1.285,-2.004,-1.320,2.684,0.050,0.172,1.211,1.365,3,NULL,NULL,,3,0,2,7,255,1327,250,0,0
stim,235894,266015,0,266015,3463319.456,-0.732,0.012,-0.015,0.681,0,0,2877,0,3095,205,3003,2894,45,1.034,1,2267,0,127.133,2.660,1.000,-125.813,18.250,-0.105,0.180,1.313,-2.289,-1.355,2.746,0.058,0.178,1.211,1.365,3,NULL,NULL,,3,0,2,7,255,1327,250,0,0
stim,235894,266015,0,266015,3463324.454,-0.731,0.016,-0.019,0.682,0,0,2857,0,3101,131,3017,2875,45,1.034,1,2267,0,134.002,2.754,-4.188,-132.250,21.188,-0.098,0.191,1.371,-2.375,-1.395,2.934,0.068,0.186,1.211,1.365,3,NULL,NULL,,3,0,2,7,255,1327,250,0,0
stim,235894,266015,0,266015,3463329.457,-0.730,0.019,-0.024,0.683,0,0,2835,0,3093,38,3015,2856,45,1.034,1,2267,0,138.879,2.926,-14.688,-136.813,18.813,-0.133,0.199,1.371,-2.520,-1.488,3.449,0.080,0.192,1.211,1.365,3,NULL,NULL,,3,0,2,7,255,1327,250,0,0
stim,235894,266015,0,266015,3463334.454,-0.729,0.023,-0.028,0.683,0,0,2803,0,3099,1,3016,2816,45,1.034,1,2267,0,145.167,3.320,-18.938,-143.063,15.750,-0.129,0.219,1.387,-2.652,-1.996,3.504,0.094,0.202,1.211,1.365,3,NULL,NULL,,3,0,2,7,255,1327,250,0,0
stim,235894,266015,0,266015,3463339.455,-0.729,0.027,-0.033,0.684,0,0,2747,0,3089,0,3025,2783,45,1.034,1,2267,0,151.243,3.542,-21.500,-149.063,13.875,-0.152,0.227,1.453,-2.852,-2.102,3.578,0.108,0.212,1.211,1.365,3,NULL,NULL,,3,0,2,7,255,1327,250,0,0
stim,235894,266015,0,266015,3463344.453,-0.728,0.030,-0.039,0.684,0,0,2709,0,3087,0,3018,2739,45,1.034,1,2267,0,159.002,3.945,-26.750,-156.375,10.625,-0.203,0.242,1.492,-3.000,-2.563,4.152,0.124,0.226,1.211,1.365,3,NULL,NULL,,3,0,2,7,255,1327,250,0,0
stim,235916,266037,0,266037,3463349.455,-0.727,0.034,-0.045,0.684,0,0,2653,0,3077,0,3016,2680,45,1.034,1,2267,0,166.792,4.605,-33.688,-163.313,3.688,-0.188,0.234,1.590,-3.242,-3.270,4.457,0.140,0.238,1.211,1.365,3,NULL,NULL,,3,0,2,7,255,1327,250,0,0
stim,235916,266037,0,266037,3463354.453,-0.727,0.038,-0.052,0.684,0,0,2613,0,3063,0,3017,2634,45,1.034,1,2267,0,175.634,4.731,-37.250,-171.438,8.313,-0.176,0.191,1.723,-3.242,-3.445,5.344,0.158,0.256,1.211,1.365,3,NULL,NULL,,3,0,2,7,255,1327,250,0,0
stim,235916,266037,0,266037,3463359.455,-0.725,0.042,-0.059,0.685,0,0,2549,0,3053,0,3013,2557,45,1.034,1,2267,0,191.555,4.971,-46.688,-184.063,25.188,-0.215,0.203,1.891,-3.277,-3.738,6.605,0.180,0.274,1.211,1.365,3,NULL,NULL,,3,0,2,7,255,1327,250,0,0
stim,235916,266037,0,266037,3463364.454,-0.724,0.046,-0.068,0.685,0,0,2477,0,3045,0,3003,2475,45,1.034,1,2267,0,213.048,5.656,-71.063,-197.000,39.125,-0.344,0.215,1.891,-3.277,-4.609,7.785,0.202,0.298,1.211,1.365,3,NULL,NULL,,3,0,2,7,255,1327,250,0,0
stim,235916,266037,0,266037,3463369.455,-0.722,0.049,-0.077,0.686,0,0,2411,0,3037,0,3001,2372,45,1.034,1,2267,0,234.747,7.120,-96.313,-211.063,35.813,-0.414,0.215,1.781,-3.590,-6.148,7.785,0.230,0.326,1.211,1.365,3,NULL,NULL,,3,0,2,7,255,1327,250,0,0
stim,235916,266037,0,266037,3463374.454,-0.720,0.052,-0.087,0.686,0,0,2333,0,3029,0,2995,2261,45,1.034,1,2267,0,247.545,7.881,-98.250,-225.813,25.188,-0.426,0.207,1.723,-3.680,-6.969,6.473,0.262,0.358,1.211,1.365,3,NULL,NULL,,3,0,2,7,255,1327,250,0,0
stim,235946,266067,0,266067,3463379.458,-0.719,0.056,-0.098,0.686,0,0,2233,0,3000,2,2971,2117,45,1.034,1,2267,0,261.558,8.181,-97.938,-241.938,16.938,-0.438,0.195,1.656,-3.707,-7.293,5.707,0.294,0.392,1.211,1.365,3,NULL,NULL,,3,0,2,7,255,1327,250,0,0
stim,235946,266067,0,266067,3463384.453,-0.717,0.061,-0.108,0.686,0,0,2147,0,2983,12,2951,1984,45,1.034,1,2267,0,272.811,8.424,-82.438,-259.875,9.750,-0.434,0.180,1.777,-3.719,-7.559,5.707,0.330,0.428,1.211,1.365,3,NULL,NULL,,3,0,2,7,255,1327,250,0,0
stim,235990,266111,0,266111,3463389.455,-0.716,0.067,-0.120,0.685,0,0,2071,0,2955,33,2925,1869,45,1.034,1,2267,0,293.342,8.877,-88.125,-279.688,7.625,-0.352,0.305,1.910,-3.773,-8.035,5.871,0.366,0.466,1.211,1.365,3,NULL,NULL,,3,0,2,7,255,1327,250,0,0
stim,235990,266111,0,266111,3463394.454,-0.714,0.072,-0.132,0.684,0,0,1967,0,2925,43,2879,1737,45,1.034,1,2267,0,311.898,9.707,-99.125,-295.563,9.875,-0.336,0.422,1.926,-5.258,-8.160,6.762,0.406,0.506,1.211,1.365,3,NULL,NULL,,3,0,2,7,255,1327,250,0,0
stim,235990,266111,0,266111,3463399.455,-0.712,0.079,-0.145,0.683,0,0,1862,0,2899,39,2835,1628,45,1.034,1,2267,0,326.174,10.564,-97.563,-310.938,13.750,-0.438,0.504,2.055,-6.559,-8.281,6.961,0.448,0.550,1.211,1.365,3,NULL,NULL,,3,0,2,7,255,1327,250,0,0
stim,235990,266111,0,266111,3463404.454,-0.709,0.086,-0.157,0.682,0,0,1784,0,2846,13,2762,1541,45,1.034,1,2267,0,339.317,12.624,-83.813,-328.500,14.125,-0.613,0.586,2.414,-7.715,-9.992,7.281,0.498,0.600,1.211,1.365,3,NULL,NULL,,3,0,2,7,255,1327,250,0,0
stim,235990,266111,0,266111,3463409.457,-0.706,0.093,-0.171,0.680,0,0,1676,0,2793,7,2679,1447,45,1.034,1,2267,0,361.880,16.095,-102.688,-347.000,1.938,-0.691,0.734,2.695,-9.160,-13.234,9.527,0.554,0.658,1.211,1.365,3,NULL,NULL,,3,0,2,7,255,1327,250,0,0
stim,235990,266111,0,266111,3463414.453,-0.705,0.099,-0.187,0.677,0,0,1553,0,2739,0,2543,1319,45,1.034,1,2267,0,395.907,18.026,-159.250,-361.688,-23.750,-0.535,0.723,2.563,-11.184,-14.137,9.871,0.620,0.726,1.211,1.365,3,NULL,NULL,,3,0,2,7,255,1327,250,0,0
stim,235990,266111,0,266111,3463419.455,-0.703,0.104,-0.203,0.673,0,0,1403,0,2651,0,2395,1205,45,1.034,1,2267,0,408.976,18.026,-175.375,-367.375,-39.250,-0.250,0.367,2.180,-11.184,-14.137,9.871,0.692,0.798,1.211,1.365,3,NULL,NULL,,3,0,2,7,255,1327,250,0,0
stim,235990,266111,0,266111,3463424.454,-0.700,0.111,-0.220,0.670,0,0,1199,0,2541,0,2184,1077,45,1.034,1,2267,0,410.682,14.129,-147.438,-382.938,-16.750,-0.262,0.160,2.242,-7.414,-12.027,7.980,0.764,0.870,1.211,1.365,3,NULL,NULL,,3,0,2,7,255,1327,250,0,0
stim,235990,266111,0,266111,3463429.455,-0.696,0.117,-0.236,0.667,0,0,1021,0,2423,0,1925,993,45,1.034,1,2267,0,426.579,13.353,-163.750,-393.563,16.250,-0.363,0.121,2.102,-5.801,-12.027,7.641,0.838,0.944,1.211,1.365,3,NULL,NULL,,3,0,2,7,255,1327,250,0,0
stim,235990,266111,0,266111,3463434.454,-0.692,0.123,-0.254,0.664,0,0,778,0,2252,0,1595,922,45,1.034,1,2267,0,445.417,13.199,-178.250,-407.500,23.813,-0.355,-0.012,1.793,-5.438,-12.027,5.887,0.908,1.016,1.211,1.365,3,NULL,NULL,,3,0,2,7,255,1327,250,0,0
stim,235990,266111,0,266111,3463439.456,-0.687,0.130,-0.271,0.661,0,0,539,0,2020,0,1165,789,45,1.034,1,2267,0,448.134,12.508,-157.375,-419.313,15.313,-0.137,-0.285,1.332,-3.785,-11.922,3.078,0.974,1.084,1.211,1.365,3,NULL,NULL,,3,0,2,7,255,1327,250,0,0
stim,235990,266111,0,266111,3463444.453,-0.682,0.139,-0.287,0.658,0,0,346,0,1759,0,677,628,45,1.034,1,2267,0,438.459,8.453,-93.438,-427.875,20.938,0.152,-0.500,1.004,-0.363,-8.445,0.652,1.034,1.146,1.211,1.365,3,NULL,NULL,,3,0,2,7,255,1327,250,0,0
stim,236013,266134,0,266134,3463449.456,-0.675,0.151,-0.300,0.657,0,0,267,0,1453,0,231,523,45,1.034,1,2267,0,434.572,5.213,-5.250,-433.750,26.188,0.355,-0.461,1.066,1.660,-4.941,0.652,1.082,1.196,1.211,1.365,3,NULL,NULL,,3,0,2,7,255,1327,250,0,0
stim,236013,266134,0,266134,3463454.453,-0.667,0.165,-0.311,0.657,0,0,176,0,1125,0,29,435,45,1.034,1,2267,0,449.542,5.213,84.563,-439.563,41.500,0.258,-0.230,1.676,1.660,-4.941,1.273,1.120,1.238,1.211,1.365,3,NULL,NULL,,3,0,2,7,255,1327,250,0,0
stim,236013,266134,0,266134,3463459.456,-0.657,0.179,-0.322,0.657,0,0,103,0,763,0,0,315,45,1.034,1,2267,0,458.477,8.781,82.313,-443.125,84.063,0.039,0.098,2.305,-1.766,-8.602,4.520,1.162,1.282,1.211,1.365,3,NULL,NULL,,3,0,2,7,255,1327,250,0,0
stim,236013,266134,1,266134,3463464.454,-0.647,0.189,-0.336,0.658,0,0,107,0,350,0,0,251,45,1.034,1,2267,0,457.684,15.690,-3.750,-440.250,125.063,-0.223,0.297,2.379,-6.004,-14.496,4.520,1.212,1.334,1.211,1.365,3,NULL,NULL,,3,1,2,7,255,1327,250,0,0
stim,236039,266160,1,266160,3463469.455,-0.636,0.197,-0.352,0.658,0,0,88,0,23,0,0,159,45,1.034,1,2267,0,478.835,18.504,-80.375,-441.938,165.875,-0.512,0.375,1.969,-7.316,-16.996,4.316,1.272,1.396,1.211,1.365,3,NULL,NULL,,3,1,2,7,255,1327,250,0,0
stim,236039,266160,1,266160,3463474.454,-0.625,0.203,-0.369,0.657,0,0,93,0,0,0,0,79,45,1.034,1,2267,0,488.019,18.683,-130.750,-434.125,180.563,-0.648,0.762,1.492,-7.758,-16.996,-1.297,1.344,1.470,1.211,1.365,3,NULL,NULL,,3,1,2,7,255,1327,250,0,0
stim,236039,266160,1,266160,3463479.455,-0.615,0.207,-0.386,0.655,0,0,74,0,0,0,0,35,45,1.034,1,2267,0,468.579,17.491,-161.125,-413.875,149.375,-0.629,1.168,1.105,-9.707,-14.551,-6.980,1.420,1.548,1.211,1.365,4,NULL,NULL,,3,1,2,7,255,1327,250,0,0
stim,236039,266160,1,266160,3463484.453,-0.606,0.212,-0.402,0.653,0,0,70,0,0,0,0,5,45,1.034,1,2267,0,441.079,17.001,-159.125,-394.313,117.250,-0.598,1.230,1.039,-12.648,-11.359,-10.926,1.500,1.628,1.211,1.365,0,NULL,NULL,,3,1,2,7,255,1327,250,0,0
stim,236077,266198,1,266198,3463489.456,-0.597,0.216,-0.418,0.649,0,0,75,0,0,0,0,8,45,1.034,1,2267,0,427.256,17.001,-164.313,-377.938,112.750,-0.668,0.902,1.188,-12.648,-11.359,-11.215,1.582,1.710,1.211,1.365,0,NULL,NULL,,3,1,2,7,255,1327,250,0,0
stim,236077,266198,1,266198,3463494.454,-0.589,0.219,-0.434,0.645,0,0,85,0,0,0,0,18,45,1.034,1,2267,0,432.651,16.059,-195.500,-369.750,110.688,-0.656,0.512,1.332,-10.125,-12.465,-11.215,1.664,1.792,1.211,1.365,0,NULL,NULL,,3,1,2,7,255,1327,250,0,0
stim,236077,266198,1,266198,3463499.455,-0.583,0.221,-0.450,0.640,0,0,89,0,0,0,0,43,45,1.034,1,2267,0,408.133,14.218,-231.125,-331.313,58.188,-0.324,0.168,1.305,-6.840,-12.465,-9.746,1.744,1.872,1.211,1.365,0,NULL,NULL,,3,1,2,7,255,1327,250,0,0
stim,236077,266198,1,266198,3463504.454,-0.579,0.223,-0.463,0.633,0,0,89,0,0,0,0,64,45,1.034,1,2267,0,356.383,13.007,-215.625,-282.813,23.063,-0.211,-0.180,1.234,-4.395,-12.242,-6.684,1.820,1.948,1.211,1.365,0,NULL,NULL,,3,1,2,7,255,1327,250,0,0
stim,236077,266198,1,266198,3463509.455,-0.574,0.223,-0.475,0.628,0,0,91,0,0,0,0,101,45,1.034,1,2267,0,319.490,12.601,-203.938,-243.313,35.813,-0.301,-0.082,1.504,-2.984,-12.242,-5.512,1.892,2.022,1.211,1.365,0,NULL,NULL,,3,1,2,7,255,1327,250,0,0
stim,236077,266198,1,266198,3463514.453,-0.572,0.222,-0.487,0.622,0,0,93,0,0,0,0,135,45,1.034,1,2267,0,320.237,14.513,-251.875,-195.438,30.250,-0.469,0.152,1.527,-2.984,-14.203,-5.512,1.960,2.092,1.211,1.365,0,NULL,NULL,,3,1,2,7,255,1327,250,0,0
stim,236077,266198,1,266198,3463519.455,-0.571,0.217,-0.499,0.614,0,0,91,0,0,0,0,147,45,1.034,1,2267,0,343.345,15.051,-314.563,-137.063,12.250,-0.469,0.344,1.004,-4.980,-14.203,-7.949,2.028,2.160,1.211,1.365,0,NULL,NULL,,3,1,2,7,255,1327,250,0,0
stim,236077,266198,1,266198,3463524.454,-0.573,0.211,-0.510,0.606,0,0,91,0,0,0,0,152,45,1.034,1,2267,0,352.413,11.391,-345.063,-71.438,-4.875,-0.262,0.559,0.305,-5.258,-10.105,-11.031,2.092,2.226,1.211,1.365,0,NULL,NULL,,3,1,2,7,255,1327,250,0,0
stim,236096,266217,1,266217,3463529.457,-0.576,0.203,-0.518,0.598,0,0,87,0,0,0,0,141,45,1.034,1,2267,0,312.036,5.914,-311.500,-5.313,-17.500,-0.129,0.512,-0.430,-5.258,-2.707,-12.957,2.150,2.284,1.211,1.365,0,NULL,NULL,,3,1,2,7,255,1327,250,0,0
stim,236096,266217,1,266217,3463534.454,-0.580,0.197,-0.523,0.593,0,0,85,0,0,0,0,137,45,1.034,1,2267,0,233.245,4.832,-226.188,54.500,-16.500,-0.016,0.441,-0.770,-2.629,4.055,-14.414,2.178,2.314,1.211,1.365,0,NULL,NULL,,3,1,2,7,255,1327,250,0,0
stim,236096,266217,1,266217,3463539.455,-0.584,0.191,-0.524,0.590,0,0,73,0,0,0,0,135,45,1.034,1,2267,0,173.319,5.781,-138.188,103.063,-17.938,-0.027,0.160,-0.672,-0.848,5.719,-14.414,2.192,2.328,1.211,1.365,0,NULL,NULL,,3,1,2,7,255,1327,250,0,0
stim,236096,266217,1,266217,3463544.454,-0.588,0.185,-0.522,0.589,0,0,62,0,0,0,0,125,45,1.034,1,2267,0,169.194,5.872,-92.313,141.625,-6.875,-0.039,-0.020,-0.520,1.332,5.719,-13.086,2.194,2.330,1.211,1.365,0,NULL,NULL,,3,1,2,7,255,1327,250,0,0
stim,236096,266217,1,266217,3463549.455,-0.593,0.179,-0.519,0.589,0,0,57,0,0,0,0,121,45,1.034,1,2267,0,184.790,4.565,-63.938,173.250,6.625,-0.051,-0.129,-0.523,2.344,3.918,-11.945,2.184,2.320,1.211,1.365,0,NULL,NULL,,3,1,2,7,255,1327,250,0,0
stim,236096,266217,1,266217,3463554.453,-0.597,0.173,-0.515,0.590,0,0,50,0,0,0,0,105,45,1.034,1,2267,0,200.536,5.156,-31.563,195.625,30.813,-0.063,-0.117,-0.660,3.352,3.918,-11.945,2.166,2.304,1.211,1.365,0,NULL,NULL,,3,1,2,7,255,1327,250,0,0
stim,236126,266247,1,266247,3463559.457,-0.600,0.167,-0.510,0.594,0,0,43,0,0,0,0,99,45,1.034,1,2267,0,221.173,5.641,21.813,214.000,51.438,-0.145,0.012,-0.746,3.359,4.531,-12.426,2.146,2.284,1.211,1.365,0,NULL,NULL,,3,1,2,7,255,1327,250,0,0
stim,236126,266247,1,266247,3463564.454,-0.603,0.162,-0.502,0.599,0,0,28,0,0,0,0,78,45,1.034,1,2267,0,250.572,5.641,86.563,226.875,61.813,-0.254,0.188,-0.570,3.359,4.531,-14.039,2.124,2.264,1.211,1.365,0,NULL,NULL,,3,1,2,7,255,1327,250,0,0
stim,236126,266247,1,266247,3463569.455,-0.606,0.158,-0.492,0.605,0,0,17,0,0,0,0,69,45,1.034,1,2267,0,278.584,3.668,128.938,238.563,63.813,-0.328,0.270,-0.301,1.320,3.422,-14.781,2.104,2.244,1.211,1.365,0,NULL,NULL,,3,1,2,7,255,1327,250,0,0
stim,236126,266247,1,266247,3463574.454,-0.609,0.154,-0.482,0.611,0,0,11,0,0,0,0,58,45,1.034,1,2267,0,299.016,1.111,152.188,248.500,67.063,-0.371,0.273,-0.059,-0.441,1.020,-14.781,2.090,2.230,1.211,1.365,0,NULL,NULL,,3,1,2,7,255,1327,250,0,0
stim,236126,266247,1,266247,3463579.456,-0.611,0.150,-0.471,0.618,0,0,12,0,0,0,0,52,45,1.034,1,2267,0,310.946,1.859,163.875,253.188,75.688,-0.438,0.293,0.133,-1.453,-1.160,-14.012,2.082,2.222,1.211,1.365,0,NULL,NULL,,3,1,2,7,255,1327,250,0,0
stim,236126,266247,1,266247,3463584.453,-0.613,0.146,-0.460,0.625,0,0,9,0,0,0,0,41,45,1.034,1,2267,0,316.659,3.806,169.125,256.438,76.875,-0.539,0.328,0.285,-2.266,-3.059,-13.641,2.078,2.222,1.211,1.365,0,NULL,NULL,,3,1,2,7,255,1327,250,0,0
stim,236175,266296,1,266296,3463589.457,-0.616,0.142,-0.449,0.632,0,0,0,0,0,0,0,37,45,1.034,1,2267,0,316.365,5.715,167.875,258.938,69.688,-0.590,0.332,0.430,-2.996,-4.867,-13.637,2.084,2.228,1.211,1.365,0,NULL,NULL,,3,1,2,7,255,1327,250,0,0
stim,236175,266296,1,266296,3463594.453,-0.619,0.138,-0.438,0.638,0,0,0,0,0,0,0,38,45,1.034,1,2267,0,313.853,7.238,165.875,260.188,57.375,-0.633,0.332,0.516,-3.520,-6.324,-13.086,2.098,2.244,1.211,1.365,0,NULL,NULL,,3,1,2,7,255,1327,250,0,0
stim,236175,266296,1,266296,3463599.458,-0.622,0.135,-0.426,0.643,0,0,0,0,0,0,0,40,45,1.034,1,2267,0,313.772,8.229,169.375,260.750,42.125,-0.664,0.305,0.625,-3.781,-7.309,-12.727,2.122,2.268,1.211,1.365,0,NULL,NULL,,3,1,2,7,255,1327,250,0,0
stim,236175,266296,1,266296,3463604.454,-0.625,0.132,-0.414,0.648,0,0,0,0,0,0,0,45,45,1.034,1,2267,0,309.192,9.273,164.813,260.563,23.313,-0.680,0.309,0.848,-3.906,-8.410,-11.969,2.150,2.296,1.211,1.365,0,NULL,NULL,,3,1,2,7,255,1327,250,0,0
stim,236175,266296,1,266296,3463609.455,-0.629,0.128,-0.403,0.652,0,0,0,0,0,0,0,54,45,1.034,1,2267,0,298.699,11.121,144.500,261.375,4.875,-0.656,0.301,1.031,-4.719,-10.070,-10.520,2.184,2.332,1.211,1.365,0,NULL,NULL,,3,1,2,7,255,1327,250,0,0
stim,236175,266296,1,266296,3463614.453,-0.633,0.124,-0.393,0.655,0,0,0,0,0,0,0,71,45,1.034,1,2267,0,286.879,12.391,112.750,263.500,-12.438,-0.617,0.281,1.145,-5.375,-11.164,-8.930,2.226,2.376,1.211,1.365,0,NULL,NULL,,3,1,2,7,255,1327,250,0,0
stim,236196,266317,1,266317,3463619.455,-0.639,0.120,-0.383,0.657,0,0,2,0,0,0,0,67,45,1.034,1,2267,0,280.672,12.391,76.813,268.313,-29.750,-0.555,0.234,1.133,-5.375,-11.164,-7.566,2.274,2.426,1.211,1.365,0,NULL,NULL,,3,1,2,7,255,1327,250,0,0
stim,236196,266317,1,266317,3463624.454,-0.644,0.114,-0.373,0.657,0,0,8,0,0,0,0,83,45,1.034,1,2267,0,284.481,12.277,49.125,276.375,-46.188,-0.473,0.188,1.016,-5.348,-11.051,-6.750,2.328,2.480,1.211,1.365,0,NULL,NULL,,3,1,2,7,255,1327,250,0,0
stim,236196,266317,1,266317,3463629.457,-0.651,0.108,-0.364,0.657,0,0,11,0,0,0,0,91,45,1.034,1,2267,0,295.218,10.748,35.500,286.750,-60.563,-0.406,0.188,0.887,-4.703,-9.664,-6.750,2.382,2.536,1.211,1.365,0,NULL,NULL,,3,1,2,7,255,1327,250,0,0
stim,236196,266317,1,266317,3463634.454,-0.658,0.102,-0.354,0.657,0,0,12,0,0,0,0,101,45,1.034,1,2267,0,308.354,9.361,32.313,297.625,-73.875,-0.348,0.191,0.828,-4.395,-8.266,-6.707,2.440,2.596,1.211,1.365,0,NULL,NULL,,3,1,2,7,255,1327,250,0,0
stim,236196,266317,1,266317,3463639.457,-0.665,0.095,-0.344,0.656,0,0,19,0,0,0,0,109,45,1.034,1,2267,0,321.721,8.530,31.188,308.125,-87.125,-0.242,0.172,0.805,-4.379,-7.320,-6.707,2.496,2.652,1.211,1.365,0,NULL,NULL,,3,1,2,7,255,1327,250,0,0
stim,236196,266317,1,266317,3463644.454,-0.673,0.089,-0.334,0.654,0,0,17,0,0,0,0,112,45,1.034,1,2267,0,334.679,7.581,28.313,318.813,-97.813,-0.051,0.070,0.711,-4.273,-6.262,-5.988,2.550,2.708,1.211,1.365,0,NULL,NULL,,3,1,2,7,255,1327,250,0,0
stim,236224,266346,1,266346,3463649.455,-0.680,0.082,-0.323,0.653,0,0,13,0,0,0,0,117,45,1.034,1,2267,0,339.671,5.307,35.438,325.625,-89.938,0.031,-0.004,0.559,-3.234,-4.207,-5.434,2.602,2.762,1.211,1.365,0,NULL,NULL,,3,1,2,7,255,1327,250,0,0
stim,236224,266346,1,266346,3463654.453,-0.687,0.076,-0.311,0.652,0,0,17,0,0,0,0,117,45,1.034,1,2267,0,342.208,3.848,59.375,327.688,-78.750,0.000,0.098,0.500,-2.723,-2.719,-5.434,2.648,2.808,1.211,1.365,0,NULL,NULL,,3,1,2,7,255,1327,250,0,0
stim,236224,266346,1,266346,3463659.457,-0.693,0.070,-0.298,0.652,0,0,13,0,0,0,0,121,45,1.034,1,2267,0,349.382,3.626,87.438,328.500,-80.688,0.008,0.105,0.527,-2.723,-2.395,-5.961,2.686,2.848,1.211,1.365,0,NULL,NULL,,3,1,2,7,255,1327,250,0,0
stim,236224,266346,1,266346,3463664.453,-0.700,0.065,-0.285,0.652,0,0,16,0,0,0,0,121,45,1.034,1,2267,0,353.784,3.585,111.938,326.875,-76.063,0.074,0.055,0.609,-2.723,-2.332,-5.961,2.718,2.882,1.211,1.365,0,NULL,NULL,,3,1,2,7,255,1327,250,0,0
stim,236224,266346,1,266346,3463669.456,-0.705,0.061,-0.271,0.652,0,0,11,0,0,0,0,121,45,1.034,1,2267,0,356.414,3.550,132.063,324.750,-64.250,0.117,0.098,0.691,-2.875,-2.082,-4.746,2.746,2.910,1.211,1.365,0,NULL,NULL,,3,1,2,7,255,1327,250,0,0
stim,236224,266346,1,266346,3463674.454,-0.711,0.058,-0.257,0.653,0,0,11,0,0,0,0,125,45,1.034,1,2267,0,359.996,3.739,151.625,322.188,-52.938,0.121,0.152,0.777,-3.234,-1.875,-3.906,2.766,2.932,1.211,1.365,0,NULL,NULL,,3,1,2,7,255,1327,250,0,0
stim,236246,266367,1,266367,3463679.456,-0.715,0.054,-0.242,0.653,0,0,10,0,0,0,0,123,45,1.034,1,2267,0,364.523,4.354,169.313,319.813,-43.938,0.113,0.168,0.895,-3.930,-1.875,-3.223,2.782,2.948,1.211,1.365,0,NULL,NULL,,3,1,2,7,255,1327,250,0,0
stim,236246,266367,1,266367,3463684.453,-0.719,0.051,-0.227,0.655,0,0,9,0,0,0,0,137,45,1.034,1,2267,0,368.090,4.817,181.813,317.938,-36.750,0.094,0.148,1.031,-4.285,-2.199,-2.164,2.796,2.964,1.211,1.365,0,NULL,NULL,,3,1,2,7,255,1327,250,0,0
stim,236276,266397,1,266397,3463689.457,-0.723,0.049,-0.211,0.656,0,0,7,0,0,0,0,136,45,1.034,1,2267,0,369.527,5.119,188.000,316.688,-30.250,0.063,0.156,1.164,-4.348,-2.703,-0.871,2.810,2.978,1.211,1.365,0,NULL,NULL,,3,1,2,7,255,1327,250,0,0
stim,236276,266397,1,266397,3463694.453,-0.727,0.046,-0.196,0.657,0,0,8,0,0,0,0,118,45,1.034,1,2267,0,371.680,5.601,192.875,316.375,-29.188,-0.035,0.230,1.262,-4.613,-3.176,0.313,2.824,2.992,1.211,1.365,0,NULL,NULL,,3,1,2,7,255,1327,250,0,0
stim,236276,266397,1,266397,3463699.457,-0.730,0.044,-0.180,0.658,0,0,12,0,0,0,0,117,45,1.034,1,2267,0,377.108,6.750,201.000,316.250,-42.375,-0.063,0.254,1.406,-5.438,-4.000,0.859,2.840,3.010,1.211,1.365,0,NULL,NULL,,3,1,2,7,255,1327,250,0,0
stim,236276,266397,1,266397,3463704.453,-0.734,0.041,-0.164,0.658,0,0,8,0,0,0,0,132,45,1.034,1,2267,0,373.163,6.795,191.063,317.875,-41.250,0.016,0.133,1.633,-5.438,-4.074,2.238,2.862,3.030,1.211,1.365,0,NULL,NULL,,3,1,2,7,255,1327,250,0,0
stim,236276,266397,1,266397,3463709.455,-0.737,0.038,-0.149,0.658,0,0,5,0,0,0,0,127,45,1.034,1,2267,0,359.101,6.586,163.813,318.375,-27.500,-0.043,0.137,1.770,-4.930,-4.367,5.000,2.886,3.056,1.211,1.365,0,NULL,NULL,,3,1,2,7,255,1327,250,0,0
stim,236276,266397,0,266397,3463714.454,-0.740,0.033,-0.135,0.659,0,0,9,0,0,0,0,126,45,1.034,1,2267,0,348.723,6.728,141.813,317.375,-27.750,-0.156,0.223,1.805,-4.930,-4.578,6.285,2.914,3.084,1.211,1.365,0,NULL,NULL,,3,0,2,7,255,1321,250,0,0
stim,236276,266397,0,266397,3463719.457,-0.743,0.029,-0.121,0.658,0,0,11,0,0,0,0,133,45,1.034,1,2267,0,341.858,7.439,119.500,317.375,-43.125,-0.191,0.223,1.797,-5.465,-5.047,6.410,2.946,3.116,1.211,1.365,0,NULL,NULL,,3,0,2,7,255,1321,250,0,0
stim,236276,266397,0,266397,3463724.454,-0.746,0.023,-0.108,0.657,0,0,12,0,0,0,0,133,45,1.034,1,2267,0,336.049,7.439,98.438,315.938,-58.500,-0.117,0.145,1.723,-5.465,-5.047,6.410,2.980,3.150,1.211,1.365,0,NULL,NULL,,3,0,2,7,255,1321,250,0,0
stim,236276,266397,0,266397,3463729.455,-0.749,0.017,-0.096,0.655,0,0,10,0,0,0,0,135,45,1.034,1,2267,0,330.970,5.815,86.813,313.563,-60.688,-0.031,0.125,1.605,-4.340,-3.871,6.164,3.012,3.184,1.211,1.365,0,NULL,NULL,,3,0,2,7,255,1321,250,0,0
stim,236276,266397,0,266397,3463734.453,-0.752,0.012,-0.083,0.653,0,0,13,0,0,0,0,137,45,1.034,1,2267,0,327.327,4.457,85.313,310.750,-57.438,0.027,0.125,1.539,-3.719,-2.457,5.348,3.042,3.214,1.211,1.365,0,NULL,NULL,,3,0,2,7,255,1321,250,0,0
stim,236310,266431,0,266431,3463739.457,-0.755,0.006,-0.070,0.651,0,0,13,0,0,0,0,140,45,1.034,1,2267,0,323.544,3.650,85.063,306.750,-57.875,0.027,0.082,1.473,-3.355,-1.438,4.895,3.068,3.240,1.211,1.365,0,NULL,NULL,,3,0,2,7,255,1321,250,0,0
stim,236310,266431,0,266431,3463744.454,-0.758,0.001,-0.057,0.650,0,0,16,0,0,0,0,147,45,1.034,1,2267,0,319.044,2.892,91.500,301.000,-53.063,0.027,0.043,1.449,-2.691,-1.059,4.383,3.088,3.260,1.211,1.365,0,NULL,NULL,,3,0,2,7,255,1321,250,0,0
stim,236310,266431,0,266431,3463749.456,-0.760,-0.004,-0.044,0.648,0,0,16,0,0,0,0,148,45,1.034,1,2267,0,316.918,2.500,99.875,296.563,-50.125,0.031,0.094,1.434,-2.391,-0.730,4.227,3.104,3.276,1.211,1.365,0,NULL,NULL,,3,0,2,7,255,1321,250,0,0
stim,236310,266431,0,266431,3463754.454,-0.762,-0.008,-0.031,0.646,0,0,16,0,0,0,0,147,45,1.034,1,2267,0,315.124,2.403,112.563,290.688,-46.188,0.020,0.148,1.480,-2.391,-0.246,4.227,3.116,3.288,1.211,1.365,0,NULL,NULL,,3,0,2,7,255,1321,250,0,0
stim,236310,266431,0,266431,3463759.456,-0.764,-0.012,-0.018,0.644,0,0,16,0,0,0,0,148,45,1.034,1,2267,0,313.259,2.789,122.938,284.563,-45.188,-0.012,0.188,1.563,-2.789,0.035,4.523,3.124,3.296,1.211,1.365,0,NULL,NULL,,3,0,2,7,255,1321,250,0,0
stim,236310,266431,0,266431,3463764.453,-0.766,-0.015,-0.006,0.643,0,0,17,0,0,0,0,149,45,1.034,1,2267,0,309.503,2.793,127.625,278.500,-44.063,0.027,0.137,1.641,-2.789,0.145,5.336,3.128,3.302,1.211,1.365,0,NULL,NULL,,3,0,2,7,255,1321,250,0,0
stim,236342,266463,0,266463,3463769.457,-0.767,-0.018,0.007,0.641,0,0,17,0,0,0,0,143,45,1.034,1,2267,0,305.783,2.450,132.000,273.125,-38.500,0.051,0.164,1.680,-2.316,0.797,6.168,3.132,3.304,1.211,1.365,0,NULL,NULL,,3,0,2,7,255,1321,250,0,0
stim,236342,266463,0,266463,3463774.454,-0.769,-0.021,0.020,0.639,0,0,13,0,0,0,0,146,45,1.034,1,2267,0,304.612,2.716,140.813,267.875,-34.688,0.059,0.219,1.730,-2.316,1.418,6.512,3.132,3.306,1.211,1.365,0,NULL,NULL,,3,0,2,7,255,1321,250,0,0
stim,236342,266463,0,266463,3463779.457,-0.770,-0.023,0.033,0.637,0,0,20,0,0,0,0,143,45,1.034,1,2267,0,305.157,3.033,150.125,263.625,-32.938,0.105,0.227,1.816,-2.301,1.977,6.988,3.132,3.306,1.211,1.365,0,NULL,NULL,,3,0,2,7,255,1321,250,0,0
stim,236342,266463,0,266463,3463784.454,-0.770,-0.025,0.046,0.635,0,0,19,0,0,0,0,141,45,1.034,1,2267,0,305.883,3.643,156.063,261.438,-29.313,0.188,0.242,1.914,-2.242,2.871,7.809,3.130,3.304,1.211,1.365,0,NULL,NULL,,3,0,2,7,255,1321,250,0,0
stim,236373,266494,0,266494,3463789.455,-0.771,-0.026,0.059,0.634,0,0,19,0,0,0,0,147,45,1.034,1,2267,0,306.699,4.540,159.063,261.250,-22.625,0.273,0.246,1.973,-1.879,4.133,8.648,3.128,3.300,1.211,1.365,0,NULL,NULL,,3,0,2,7,255,1321,250,0,0
stim,236373,266494,0,266494,3463794.453,-0.771,-0.028,0.073,0.632,0,0,18,0,0,0,0,142,45,1.034,1,2267,0,308.428,5.570,162.438,261.813,-14.000,0.367,0.234,2.016,-1.434,5.383,9.059,3.120,3.294,1.211,1.365,0,NULL,NULL,,3,0,2,7,255,1321,250,0,0
stim,236373,266494,0,266494,3463799.458,-0.771,-0.030,0.086,0.631,0,0,20,0,0,0,0,149,45,1.034,1,2267,0,312.066,6.722,167.313,263.375,-5.063,0.477,0.258,2.039,-0.750,6.680,9.141,3.106,3.280,1.211,1.365,0,NULL,NULL,,3,0,2,7,255,1321,250,0,0
stim,236373,266494,0,266494,3463804.453,-0.770,-0.031,0.100,0.630,0,0,17,0,0,0,0,149,45,1.034,1,2267,0,317.990,8.194,175.188,265.313,6.000,0.594,0.289,2.066,-0.410,8.184,9.141,3.088,3.262,1.211,1.365,0,NULL,NULL,,3,0,2,7,255,1321,250,0,0
stim,236373,266494,0,266494,3463809.455,-0.768,-0.033,0.114,0.629,0,0,21,0,0,0,0,147,45,1.034,1,2267,0,325.958,9.762,184.063,268.313,19.438,0.676,0.273,2.121,-0.082,9.762,9.141,3.066,3.238,1.211,1.365,0,NULL,NULL,,3,0,2,7,255,1321,250,0,0
stim,236373,266494,0,266494,3463814.454,-0.767,-0.034,0.128,0.628,0,0,19,0,0,0,0,147,45,1.034,1,2267,0,333.014,11.025,190.813,271.000,32.375,0.715,0.246,2.211,0.676,11.004,9.188,3.038,3.210,1.211,1.365,0,NULL,NULL,,3,0,2,7,255,1321,250,0,0
stim,236373,266494,0,266494,3463819.455,-0.764,-0.034,0.143,0.628,0,0,18,0,0,0,0,143,45,1.034,1,2267,0,335.637,11.967,190.375,273.375,40.938,0.746,0.270,2.285,1.480,11.875,9.688,3.004,3.174,1.211,1.365,0,NULL,NULL,,3,0,2,7,255,1321,250,0,0
stim,236373,266494,0,266494,3463824.454,-0.762,-0.035,0.157,0.628,0,0,21,0,0,0,0,146,45,1.034,1,2267,0,336.667,12.889,189.688,272.563,55.438,0.777,0.297,2.348,1.809,12.762,10.031,2.962,3.132,1.211,1.365,0,NULL,NULL,,3,0,2,7,255,1321,250,0,0
stim,236396,266517,0,266517,3463829.457,-0.758,-0.036,0.171,0.628,0,0,22,0,0,0,0,149,45,1.034,1,2267,0,335.468,13.828,183.563,273.313,64.375,0.793,0.344,2.410,2.098,13.668,10.273,2.916,3.084,1.211,1.365,0,NULL,NULL,,3,0,2,7,255,1321,250,0,0
stim,236396,266517,0,266517,3463834.453,-0.755,-0.038,0.185,0.628,0,0,20,0,0,0,0,149,45,1.034,1,2267,0,328.454,14.641,171.063,272.438,66.313,0.848,0.379,2.453,2.191,14.477,10.465,2.866,3.032,1.211,1.365,0,NULL,NULL,,3,0,2,7,255,1321,250,0,0
stim,236396,266517,0,266517,3463839.457,-0.751,-0.040,0.198,0.628,0,0,20,0,0,0,0,151,45,1.034,1,2267,0,318.011,15.762,153.125,268.438,75.000,0.945,0.363,2.414,2.375,15.582,10.465,2.810,2.974,1.211,1.365,0,NULL,NULL,,3,0,2,7,255,1321,250,0,0
stim,236396,266517,0,266517,3463844.454,-0.747,-0.042,0.211,0.629,0,0,22,0,0,0,0,147,45,1.034,1,2267,0,307.842,16.970,135.188,263.625,83.625,0.996,0.281,2.293,2.844,16.730,9.398,2.752,2.914,1.211,1.365,0,NULL,NULL,,3,0,2,7,255,1321,250,0,0
stim,236396,266517,0,266517,3463849.455,-0.742,-0.044,0.223,0.630,0,0,22,0,0,0,0,151,45,1.034,1,2267,0,298.647,17.402,126.438,254.688,91.313,1.086,0.219,2.168,3.648,17.016,7.586,2.690,2.852,1.211,1.365,0,NULL,NULL,,3,0,2,7,255,1321,250,0,0
stim,236396,266517,0,266517,3463854.454,-0.738,-0.046,0.234,0.632,0,0,21,0,0,0,0,165,45,1.034,1,2267,0,290.310,18.058,118.000,243.688,104.750,1.156,0.105,1.961,4.219,17.559,5.656,2.626,2.784,1.211,1.365,0,NULL,NULL,,3,0,2,7,255,1321,250,0,0
stim,236430,266551,0,266551,3463859.456,-0.733,-0.048,0.245,0.633,0,0,22,0,0,0,0,160,45,1.034,1,2267,0,282.291,18.229,119.125,231.375,109.375,1.195,-0.066,1.738,4.898,17.559,2.969,2.558,2.714,1.211,1.365,0,NULL,NULL,,3,0,2,7,255,1321,250,0,0
stim,236430,266551,0,266551,3463864.453,-0.727,-0.048,0.256,0.635,0,0,23,0,0,0,0,171,45,1.034,1,2267,0,279.659,18.069,128.875,215.750,122.688,1.273,-0.207,1.520,6.047,17.027,0.160,2.488,2.642,1.211,1.365,0,NULL,NULL,,3,0,2,7,255,1321,250,0,0
stim,236430,266551,0,266551,3463869.457,-0.722,-0.048,0.267,0.637,0,0,19,0,0,0,0,205,45,1.034,1,2267,0,282.598,18.105,146.125,200.625,135.125,1.262,-0.406,1.320,6.805,16.777,-2.711,2.416,2.570,1.211,1.365,0,NULL,NULL,,3,0,2,7,255,1321,250,0,0
stim,236430,266551,0,266551,3463874.454,-0.716,-0.046,0.278,0.639,0,0,23,0,0,0,0,219,45,1.034,1,2267,0,288.070,17.665,170.625,183.063,142.688,1.246,-0.574,1.188,8.105,15.695,-5.180,2.340,2.492,1.211,1.365,0,NULL,NULL,,3,0,2,7,255,1321,250,0,0
stim,236430,266551,0,266551,3463879.456,-0.710,-0.043,0.289,0.640,0,0,25,0,0,0,0,233,45,1.034,1,2267,0,299.600,17.492,200.125,167.250,147.438,1.234,-0.684,1.145,9.242,14.852,-6.984,2.260,2.412,1.211,1.365,0,NULL,NULL,,3,0,2,7,255,1321,250,0,0
stim,236430,266551,0,266551,3463884.454,-0.705,-0.038,0.301,0.642,0,0,24,0,0,0,0,247,45,1.034,1,2267,0,314.387,17.933,234.375,150.000,146.313,1.238,-0.762,1.277,10.051,14.852,-7.504,2.176,2.328,1.211,1.365,0,NULL,NULL,,3,0,2,7,255,1321,250,0,0
stim,236476,266597,0,266597,3463889.456,-0.700,-0.033,0.312,0.642,0,0,24,0,0,0,0,261,45,1.034,1,2267,0,315.247,18.731,248.750,137.188,136.688,1.258,-0.742,1.457,11.207,15.008,-7.504,2.090,2.240,1.211,1.365,0,NULL,NULL,,3,0,2,7,255,1321,250,0,0
stim,236476,266597,0,266597,3463894.453,-0.695,-0.027,0.323,0.642,0,0,27,0,0,0,0,273,45,1.034,1,2267,0,309.352,19.844,252.000,124.000,129.688,1.332,-0.723,1.680,11.652,16.063,-6.512,1.998,2.150,1.211,1.365,0,NULL,NULL,,3,0,2,7,255,1321,250,0,0
stim,236476,266597,0,266597,3463899.455,-0.690,-0.022,0.334,0.642,0,0,27,0,0,0,0,275,45,1.034,1,2267,0,286.400,21.572,237.500,115.375,110.938,1.316,-0.664,1.754,12.203,17.789,-5.465,1.902,2.052,1.211,1.365,0,NULL,NULL,,3,0,2,7,255,1321,250,0,0
stim,236476,266597,0,266597,3463904.453,-0.686,-0.017,0.343,0.641,0,0,22,0,0,0,0,295,45,1.034,1,2267,0,256.833,21.936,218.750,102.625,87.063,1.469,-0.828,1.898,12.367,18.117,-5.465,1.800,1.950,1.211,1.365,0,NULL,NULL,,3,0,2,7,255,1321,250,0,0
stim,236476,266597,0,266597,3463909.457,-0.683,-0.013,0.351,0.640,0,0,23,0,0,0,0,324,45,1.034,1,2267,0,217.084,24.431,183.313,90.313,73.250,1.609,-0.980,1.973,14.262,19.836,-5.645,1.696,1.844,1.211,1.365,0,NULL,NULL,,3,0,2,7,255,1321,250,0,0
stim,236476,266597,0,266597,3463914.454,-0.680,-0.010,0.357,0.640,0,0,26,0,0,0,0,341,45,1.034,1,2267,0,178.316,26.459,147.375,76.500,65.000,1.699,-1.094,1.879,15.906,21.145,-6.750,1.588,1.734,1.211,1.365,0,NULL,NULL,,3,0,2,7,255,1321,250,0,0
stim,236501,266623,0,266623,3463919.456,-0.678,-0.007,0.363,0.639,0,0,23,0,0,0,0,355,45,1.034,1,2267,0,151.474,26.929,131.250,57.000,49.688,1.781,-1.195,1.797,16.461,21.313,-8.695,1.476,1.616,1.211,1.365,0,NULL,NULL,,3,0,2,7,255,1321,250,0,0
stim,236501,266623,0,266623,3463924.454,-0.676,-0.003,0.367,0.639,0,0,24,0,0,0,0,367,45,1.034,1,2267,0,129.915,27.056,115.875,34.563,47.500,1.777,-1.023,1.875,16.461,21.473,-9.309,1.360,1.496,1.211,1.365,0,NULL,NULL,,3,0,2,7,255,1321,250,0,0
stim,236501,266623,0,266623,3463929.457,-0.675,-0.000,0.370,0.638,0,0,28,0,0,0,0,376,45,1.034,1,2267,0,102.472,27.053,96.875,10.375,31.750,1.676,-0.855,1.977,15.809,21.953,-9.309,1.246,1.376,1.211,1.365,0,NULL,NULL,,3,0,2,7,255,1321,250,0,0
stim,236501,266623,0,266623,3463934.453,-0.675,0.002,0.371,0.638,0,0,25,0,0,0,0,379,45,1.034,1,2267,0,71.570,26.666,67.188,-17.313,17.563,1.668,-0.668,2.191,14.949,22.082,-7.484,1.130,1.252,1.211,1.365,0,NULL,NULL,,3,0,2,7,255,1321,250,0,0
stim,236501,266623,0,266623,3463939.457,-0.675,0.004,0.371,0.638,0,0,25,0,0,0,0,383,45,1.034,1,2267,0,43.074,26.418,16.000,-38.938,9.125,1.594,-0.766,2.051,14.695,21.953,-6.133,1.016,1.126,1.211,1.365,0,NULL,NULL,,3,0,2,7,255,1321,250,0,0
stim,236501,266623,0,266623,3463944.454,-0.676,0.005,0.369,0.638,0,0,26,0,0,0,0,375,45,1.034,1,2267,0,62.942,26.024,-13.250,-61.188,6.500,1.402,-0.629,1.973,14.414,21.668,-5.082,0.906,1.002,1.211,1.365,0,NULL,NULL,,3,0,2,7,255,1321,250,0,0
stim,236502,266623,0,266623,3463949.456,-0.678,0.006,0.365,0.638,0,0,16,0,0,0,0,379,45,1.034,1,2267,0,103.772,23.949,-58.375,-83.750,-18.625,1.121,-0.289,2.047,13.367,19.871,-5.008,0.802,0.880,1.211,1.365,0,NULL,NULL,,3,0,2,7,255,1321,250,0,0
stim,236502,266623,0,266623,3463954.454,-0.680,0.005,0.358,0.639,0,0,13,0,0,0,0,432,45,1.034,1,2267,0,154.523,21.668,-109.938,-100.625,-40.813,1.148,-0.430,1.922,11.582,18.313,-2.828,0.706,0.760,1.211,1.365,0,NULL,NULL,,3,0,2,7,255,1321,250,0,0
stim,236523,266644,0,266644,3463959.457,-0.683,0.006,0.352,0.640,0,0,10,4,0,0,0,538,45,1.034,1,2267,0,148.128,21.149,-78.938,-125.063,-8.375,0.488,-1.113,2.148,11.582,17.695,-1.414,0.624,0.646,1.211,1.365,0,NULL,NULL,,3,0,2,7,255,1321,250,0,0
stim,236523,266644,0,266644,3463964.453,-0.673,0.026,0.353,0.649,367,0,3,565,0,113,0,564,45,1.034,1,2267,0,561.085,23.605,255.750,-228.875,443.875,-1.152,0.512,5.586,18.977,14.039,-0.738,0.556,0.538,1.211,1.365,0,NULL,NULL,,3,0,2,7,255,1321,250,0,0
stim,236523,266644,0,266644,3463969.455,-0.664,0.022,0.336,0.668,947,0,0,1135,0,374,0,623,45,1.034,1,2267,0,622.414,22.349,-462.938,-130.438,395.063,-2.023,3.070,4.945,18.977,11.805,39.383,0.502,0.436,1.211,1.365,0,NULL,NULL,,3,0,2,7,255,1321,250,0,0
stim,236523,266644,0,266644,3463974.454,-0.664,0.001,0.308,0.681,1404,0,0,1489,0,575,0,735,45,1.034,1,2267,0,859.288,5.981,-854.938,-75.250,42.375,-2.160,2.617,1.359,-2.664,5.355,39.383,0.462,0.342,1.211,1.365,0,NULL,NULL,,3,0,2,7,255,1321,250,0,0
stim,236546,266667,0,266667,3463979.455,-0.669,-0.020,0.284,0.687,1789,0,0,1753,0,821,0,815,45,1.034,1,2267,0,744.848,20.070,-728.938,-75.125,-133.438,-1.676,1.449,-1.391,-16.020,-12.090,19.953,0.452,0.278,1.211,1.365,0,NULL,NULL,,3,0,2,7,255,1321,250,0,0
stim,236546,266667,0,266667,3463984.454,-0.674,-0.031,0.270,0.687,2032,0,0,1869,0,1039,0,875,45,1.034,1,2268,0,424.971,20.070,-382.750,-77.625,-167.563,-0.430,0.906,-1.992,-16.020,-12.090,-9.891,0.462,0.260,1.211,1.365,1,1314.000,-7.000,,3,0,2,7,255,1321,250,0,0
stim,236576,266697,0,266697,3463989.456,-0.678,-0.030,0.265,0.685,2204,0,0,1959,0,1247,0,969,45,1.034,1,2268,0,158.451,18.113,-45.875,-112.750,-101.438,0.359,0.027,-0.441,-13.906,-11.605,-14.898,0.478,0.272,1.211,1.365,1,NULL,NULL,,3,0,2,7,255,1321,250,0,0
stim,236576,266697,0,266697,3463994.453,-0.679,-0.026,0.263,0.685,2363,0,0,2071,0,1379,0,1077,45,1.034,1,2268,0,110.394,2.345,11.813,-106.875,25.000,0.344,0.457,1.160,-1.855,1.434,-14.898,0.498,0.306,1.211,1.365,1,NULL,NULL,,3,0,2,7,255,1321,250,0,0
stim,236576,266697,0,266697,3463999.454,-0.678,-0.025,0.256,0.689,2538,0,0,2252,0,1533,0,1133,45,1.034,1,2268,0,166.269,4.587,-97.813,-112.750,73.250,-0.258,1.133,1.617,-1.855,4.195,0.086,0.526,0.352,1.211,1.365,1,NULL,NULL,,3,0,2,7,255,1321,250,0,0
stim,236576,266697,0,266697,3464004.455,-0.678,-0.028,0.247,0.692,2709,0,0,2493,0,1581,0,1164,45,1.034,1,2268,0,236.711,4.751,-211.938,-103.500,20.063,-0.859,0.719,1.516,-2.230,4.195,8.281,0.556,0.392,1.211,1.365,2,NULL,NULL,,3,0,2,7,255,1321,250,0,0
stim,236576,266697,0,266697,3464009.454,-0.678,-0.032,0.235,0.696,2821,0,0,2663,0,1583,0,1235,45,1.034,1,2268,0,311.249,2.993,-283.438,-126.688,22.125,-1.613,-1.000,0.594,-2.230,-1.996,8.281,0.586,0.424,1.211,1.365,2,NULL,NULL,,3,0,2,7,255,1321,250,0,0
stim,236576,266697,0,266697,3464014.455,-0.679,-0.036,0.223,0.698,2893,0,0,2770,0,1543,0,1333,45,1.034,1,2268,0,302.987,17.062,-266.750,-141.625,-24.250,-1.336,-1.379,0.098,12.063,-12.066,-1.359,0.608,0.448,1.211,1.365,2,NULL,NULL,,3,0,2,7,255,1321,250,0,0
stim,236576,266697,0,266697,3464019.453,-0.684,-0.035,0.214,0.697,2950,0,0,2860,0,1509,0,1416,45,1.034,1,2268,0,215.576,17.062,-119.000,-147.188,-103.188,-0.668,-0.984,0.215,12.063,-12.066,-7.500,0.610,0.462,1.211,1.365,2,NULL,NULL,,3,0,2,7,255,1321,250,0,0
stim,236576,266697,0,266697,3464024.455,-0.687,-0.033,0.208,0.695,2987,0,0,2927,0,1481,0,1465,45,1.034,1,2268,0,175.761,11.624,-46.313,-149.188,-80.563,0.031,-0.621,1.043,10.184,-5.605,-7.500,0.588,0.458,1.211,1.365,2,NULL,NULL,,3,0,2,7,255,1321,250,0,0
stim,236576,266697,0,266697,3464029.453,-0.690,-0.031,0.202,0.695,3021,0,0,2981,0,1469,0,1483,45,1.034,1,2268,0,154.904,10.777,-53.375,-140.125,-38.875,0.375,-0.785,1.574,10.184,3.527,-1.844,0.556,0.448,1.211,1.365,2,NULL,NULL,,3,0,2,7,255,1321,250,0,0
stim,236576,266697,0,266697,3464034.455,-0.690,-0.030,0.195,0.696,3036,0,0,3027,0,1482,0,1477,45,1.034,1,2268,0,169.310,13.302,-105.313,-131.625,15.813,0.531,-0.945,1.500,10.438,8.246,0.363,0.518,0.432,1.211,1.365,2,NULL,NULL,,3,0,2,7,255,1321,250,0,0
stim,236607,266728,0,266728,3464039.454,-0.688,-0.030,0.187,0.700,3062,0,0,3063,0,1523,0,1471,45,1.034,1,2268,0,208.397,14.278,-150.125,-122.125,77.313,0.371,-1.070,1.148,11.656,8.246,0.363,0.478,0.406,1.211,1.365,2,NULL,NULL,,3,0,2,7,255,1321,250,0,0
stim,236607,266728,0,266728,3464044.455,-0.685,-0.030,0.179,0.706,3079,0,0,3087,0,1621,0,1491,45,1.034,1,2268,0,234.651,13.472,-156.000,-119.688,128.063,-0.063,-0.906,0.637,11.656,6.754,-2.402,0.442,0.368,1.211,1.365,2,NULL,NULL,,3,0,2,7,255,1321,250,0,0
stim,236607,266728,0,266728,3464049.454,-0.681,-0.028,0.172,0.711,3091,0,0,3100,0,1737,0,1531,45,1.034,1,2268,0,215.519,9.844,-110.125,-126.000,135.813,-0.629,-0.418,0.438,9.766,1.238,-4.805,0.406,0.322,1.211,1.365,2,NULL,NULL,,3,0,2,7,255,1321,250,0,0
stim,236607,266728,0,266728,3464054.455,-0.680,-0.026,0.166,0.713,3083,0,0,3125,0,1847,0,1581,45,1.034,1,2268,0,161.951,6.892,-65.250,-132.813,65.813,-1.031,0.008,0.941,5.074,-4.664,-4.805,0.376,0.276,1.211,1.365,2,NULL,NULL,,3,0,2,7,255,1321,250,0,0
stim,236628,266749,0,266749,3464059.453,-0.681,-0.023,0.161,0.714,3089,0,0,3129,0,1951,0,1641,45,1.034,1,2268,0,143.022,5.100,-53.688,-132.563,0.375,-0.340,0.336,0.992,2.063,-4.664,0.844,0.348,0.234,1.211,1.365,2,NULL,NULL,,3,0,2,7,255,1321,250,0,0
stim,236628,266749,0,266749,3464064.455,-0.682,-0.021,0.155,0.715,3092,0,0,3141,0,2058,0,1701,45,1.034,1,2268,0,147.380,0.945,-61.813,-133.750,-3.313,-0.184,0.164,1.340,0.434,-0.840,1.641,0.324,0.210,1.211,1.365,2,NULL,NULL,,3,0,2,7,255,1321,250,0,0
stim,236628,266749,0,266749,3464069.453,-0.683,-0.020,0.148,0.715,3097,0,0,3131,0,2125,0,1751,45,1.034,1,2268,0,162.030,1.501,-98.938,-128.188,-5.750,-0.055,-0.176,1.195,0.434,1.438,1.297,0.304,0.194,1.211,1.365,2,NULL,NULL,,3,0,2,7,255,1321,250,0,0
stim,236628,266749,0,266749,3464074.455,-0.683,-0.019,0.141,0.717,3102,0,0,3144,0,2231,0,1849,45,1.034,1,2268,0,157.121,4.037,-96.563,-123.563,9.750,0.098,-0.504,0.855,3.344,2.262,1.297,0.288,0.182,1.211,1.365,2,NULL,NULL,,3,0,2,7,255,1321,250,0,0
stim,236628,266749,0,266749,3464079.454,-0.683,-0.017,0.136,0.718,3103,0,0,3141,0,2292,64,1957,45,1.034,1,2268,0,139.240,6.479,-67.313,-118.875,26.938,0.086,-0.547,0.848,5.852,2.781,-2.668,0.280,0.174,1.211,1.365,2,NULL,NULL,,3,0,2,7,255,1321,250,0,0
stim,236628,266749,0,266749,3464084.455,-0.683,-0.014,0.133,0.719,3111,0,0,3140,0,2326,141,2045,45,1.034,1,2268,0,96.304,6.560,-11.688,-94.625,13.563,0.203,-0.117,1.469,5.852,2.965,-2.668,0.276,0.162,1.211,1.365,2,NULL,NULL,,3,0,2,7,255,1321,250,0,0
stim,236674,266795,0,266795,3464089.453,-0.683,-0.013,0.131,0.718,3109,0,0,3141,159,2359,127,2119,45,1.034,1,2268,0,50.739,5.691,-5.438,-50.125,-5.688,0.559,0.285,1.414,2.789,4.961,2.957,0.274,0.148,1.211,1.365,2,NULL,NULL,,3,0,2,7,255,1321,250,0,0
stim,236674,266795,0,266795,3464094.455,-0.682,-0.011,0.129,0.719,3104,0,0,3148,333,2380,156,2159,45,1.034,1,2268,0,55.591,7.397,-12.500,-47.313,26.375,0.531,0.914,1.328,-1.406,7.262,3.066,0.276,0.132,1.211,1.365,2,NULL,NULL,,3,0,2,7,255,1321,250,0,0
stim,236674,266795,0,266795,3464099.454,-0.682,-0.011,0.127,0.720,3107,0,0,3136,474,2401,170,2213,45,1.034,1,2268,0,47.246,9.007,-35.375,-30.375,7.625,-0.270,0.777,1.715,-5.328,7.262,3.066,0.286,0.112,1.211,1.365,2,NULL,NULL,,3,0,2,7,255,1321,250,0,0
stim,236674,266795,0,266795,3464104.455,-0.683,-0.014,0.124,0.719,3111,0,0,3144,555,2419,173,2259,45,1.034,1,2268,0,103.834,5.341,-94.688,-17.313,-38.938,-0.238,0.313,1.105,-5.328,0.367,3.066,0.306,0.094,1.211,1.365,2,NULL,NULL,,3,0,2,7,255,1321,250,0,0
stim,236674,266795,0,266795,3464109.453,-0.685,-0.015,0.121,0.718,3103,0,0,3147,655,2437,175,2295,45,1.034,1,2268,0,88.581,1.684,-71.875,-17.438,-48.750,-0.141,0.164,0.762,-1.684,-0.008,1.586,0.322,0.080,1.211,1.365,2,NULL,NULL,,3,0,2,7,255,1321,250,0,0
stim,236674,266795,0,266795,3464114.455,-0.687,-0.016,0.119,0.716,3115,1,0,3161,747,2457,191,2331,45,1.034,1,2268,0,78.620,0.770,-36.125,-11.500,-68.875,-0.160,0.180,1.047,-0.770,-0.008,0.691,0.334,0.070,1.211,1.365,2,NULL,NULL,,3,0,2,7,255,1321,250,0,0
stim,236674,266795,0,266795,3464119.454,-0.690,-0.017,0.117,0.714,3100,17,0,3149,855,2461,215,2361,45,1.034,1,2268,0,91.253,0.844,-43.313,-11.000,-79.563,0.031,0.242,1.152,-0.770,0.348,0.691,0.344,0.064,1.211,1.365,2,NULL,NULL,,3,0,2,7,255,1321,250,0,0
stim,236674,266795,0,266795,3464124.455,-0.691,-0.019,0.115,0.713,3107,31,0,3155,970,2475,223,2390,45,1.034,1,2268,0,86.079,2.418,-63.313,-8.563,-57.688,0.133,0.027,1.027,-0.641,2.332,0.691,0.352,0.060,1.211,1.365,2,NULL,NULL,,3,0,2,7,255,1321,250,0,0
stim,236697,266818,0,266818,3464129.453,-0.692,-0.021,0.113,0.712,3113,39,0,3163,1085,2489,245,2419,45,1.034,1,2268,0,72.738,2.406,-66.188,-6.313,-29.500,-0.004,-0.129,0.879,0.594,2.332,-0.188,0.360,0.056,1.211,1.365,2,NULL,NULL,,3,0,2,7,255,1321,250,0,0
stim,236697,266818,0,266818,3464134.455,-0.693,-0.023,0.111,0.712,3117,59,0,3171,1143,2507,237,2438,45,1.034,1,2268,0,57.037,1.682,-48.625,-5.438,-29.313,-0.148,0.020,0.879,0.594,1.574,-1.113,0.368,0.050,1.211,1.365,2,NULL,NULL,,3,0,2,7,255,1321,250,0,0
stim,236697,266818,0,266818,3464139.454,-0.695,-0.024,0.110,0.711,3113,71,0,3171,1215,2519,243,2455,45,1.034,1,2268,0,55.598,0.736,-32.688,-3.813,-44.813,-0.133,0.141,0.996,0.547,0.492,-1.113,0.376,0.042,1.211,1.365,2,NULL,NULL,,3,0,2,7,255,1321,250,0,0
stim,236697,266818,0,266818,3464144.455,-0.696,-0.025,0.108,0.709,3113,93,0,3167,1267,2517,242,2463,45,1.034,1,2268,0,59.769,0.509,-33.813,-1.875,-49.250,-0.055,0.070,1.047,0.129,0.492,0.094,0.382,0.036,1.211,1.365,2,NULL,NULL,,3,0,2,7,255,1321,250,0,0
stim,236724,266845,0,266845,3464149.453,-0.697,-0.026,0.107,0.708,3113,105,0,3176,1322,2535,238,2475,45,1.034,1,2268,0,53.252,1.338,-38.625,-1.563,-36.625,-0.039,-0.043,0.984,0.129,1.332,0.094,0.386,0.032,1.211,1.365,2,NULL,NULL,,3,0,2,7,255,1321,250,0,0
stim,236724,266845,0,266845,3464154.455,-0.698,-0.027,0.106,0.708,3117,121,0,3176,1387,2537,237,2483,45,1.034,1,2268,0,41.294,1.668,-33.438,-1.438,-24.188,-0.102,-0.035,0.945,1.004,1.332,-0.328,0.390,0.028,1.211,1.365,2,NULL,NULL,,3,0,2,7,255,1321,250,0,0
stim,236724,266845,0,266845,3464159.454,-0.699,-0.028,0.105,0.707,3115,136,0,3177,1453,2579,243,2500,45,1.034,1,2268,0,34.637,1.232,-24.375,-1.500,-24.563,-0.156,0.023,0.961,1.004,0.715,-0.328,0.392,0.022,1.211,1.365,2,NULL,NULL,,3,0,2,7,255,1321,250,0,0
stim,236724,266845,0,266845,3464164.455,-0.700,-0.029,0.104,0.706,3127,157,0,3193,1501,2543,231,2513,45,1.034,1,2268,0,35.405,0.722,-19.188,-0.563,-29.750,-0.133,0.012,0.984,0.535,0.484,-0.270,0.396,0.016,1.211,1.365,2,NULL,NULL,,3,0,2,7,255,1321,250,0,0
stim,236724,266845,0,266845,3464169.453,-0.700,-0.029,0.103,0.706,3113,173,5,3180,1548,2548,221,2503,45,1.034,1,2268,0,32.131,0.722,-17.125,0.000,-27.188,-0.086,-0.051,0.992,0.535,0.484,-0.148,0.400,0.012,1.211,1.365,2,NULL,NULL,,3,0,2,7,255,1321,250,0,0
stim,236724,266845,0,266845,3464174.455,-0.701,-0.030,0.102,0.705,3116,197,16,3187,1567,2551,217,2509,45,1.034,1,2268,0,23.611,1.451,-17.188,-0.188,-16.188,-0.086,-0.105,0.980,1.137,0.902,-0.148,0.404,0.006,1.211,1.365,2,NULL,NULL,,3,0,2,7,255,1321,250,0,0
stim,236774,266895,0,266895,3464179.453,-0.701,-0.030,0.102,0.705,3125,198,45,3179,1593,2554,217,2519,45,1.034,1,2268,0,16.916,1.859,-14.438,0.188,-8.813,-0.133,-0.117,0.957,1.625,0.902,-0.324,0.406,0.000,1.211,1.365,2,NULL,NULL,,3,0,2,7,255,1321,250,0,0
stim,236774,266895,0,266895,3464184.455,-0.701,-0.031,0.101,0.705,3117,203,60,3184,1621,2565,227,2517,45,1.041,1,2268,1,13.021,1.759,-12.250,-0.938,-4.313,-0.168,-0.125,0.945,1.707,0.426,-0.461,0.000,0.000,1.211,1.364,2,NULL,NULL,,3,0,2,7,255,1321,250,0,0
stim,236774,266895,0,266895,3464189.454,-0.702,-0.031,0.100,0.705,3116,205,63,3181,1641,2557,220,2520,45,1.041,1,2268,1,10.584,1.709,-9.875,-2.500,-2.875,-0.188,-0.113,0.945,1.707,0.074,-0.477,0.006,0.006,1.211,1.364,2,NULL,NULL,,3,0,2,7,255,1321,250,0,0
stim,236774,266895,0,266895,3464194.455,-0.702,-0.032,0.100,0.705,3114,203,67,3177,1681,2556,223,2522,45,1.041,1,2268,1,8.001,1.646,-6.688,-3.375,-2.813,-0.180,-0.070,0.953,1.645,-0.059,-0.477,0.014,0.012,1.211,1.364,2,NULL,NULL,,3,0,2,7,255,1321,250,0,0
stim,236774,266895,0,266895,3464199.454,-0.702,-0.032,0.100,0.705,3104,186,69,3175,1689,2571,220,2523,45,1.041,1,2268,1,6.568,1.216,-4.250,-4.375,-2.438,-0.164,-0.031,0.977,1.215,-0.059,-0.359,0.018,0.018,1.211,1.364,2,NULL,NULL,,3,0,2,7,255,1321,250,0,0
stim,236774,266895,0,266895,3464204.455,-0.702,-0.032,0.099,0.705,3111,187,69,3171,1711,2558,217,2532,45,1.041,1,2268,1,5.946,0.861,-3.500,-4.688,-1.063,-0.156,-0.016,0.984,0.848,0.148,-0.141,0.024,0.024,1.211,1.364,2,NULL,NULL,,3,0,2,7,255,1321,250,0,0
stim,236774,266895,0,266895,3464209.453,-0.702,-0.032,0.099,0.705,3109,176,72,3177,1723,2557,213,2537,45,1.041,1,2268,1,5.864,0.724,-3.000,-5.000,0.625,-0.152,-0.008,0.988,0.684,0.238,-0.082,0.030,0.030,1.211,1.364,2,NULL,NULL,,3,0,2,7,255,1321,250,0,0
stim,236774,266895,0,266895,3464214.455,-0.702,-0.032,0.099,0.705,3113,171,104,3171,1733,2556,213,2537,45,1.041,1,2268,1,5.304,0.665,-0.750,-5.188,-0.813,-0.156,0.016,0.984,0.621,0.238,-0.063,0.034,0.034,1.211,1.364,2,NULL,NULL,,3,0,2,7,255,1321,250,0,0
stim,236794,266915,0,266915,3464219.453,-0.702,-0.031,0.098,0.705,3101,167,125,3163,1736,2551,206,2533,45,1.041,1,2268,1,5.530,0.473,0.125,-5.500,-0.563,-0.125,0.051,1.008,0.383,0.277,-0.043,0.038,0.038,1.211,1.364,2,NULL,NULL,,3,0,2,7,255,1321,250,0,0
stim,236794,266915,0,266915,3464224.455,-0.702,-0.031,0.098,0.705,3099,167,149,3155,1749,2565,205,2537,45,1.041,1,2268,1,4.783,0.398,0.375,-4.688,0.875,-0.141,0.078,1.012,0.055,0.395,0.137,0.042,0.042,1.211,1.364,2,NULL,NULL,,3,0,2,7,255,1321,250,0,0
stim,236794,266915,0,266915,3464229.454,-0.702,-0.031,0.098,0.705,3100,157,151,3151,1747,2546,198,2539,45,1.041,1,2268,1,4.386,0.446,-0.313,-4.375,0.000,-0.152,0.109,1.027,-0.207,0.395,0.234,0.044,0.044,1.211,1.364,2,NULL,NULL,,3,0,2,7,255,1321,250,0,0
stim,236794,266915,0,266915,3464234.455,-0.702,-0.031,0.098,0.705,3101,151,160,3143,1771,2552,203,2547,45,1.041,1,2268,1,5.324,0.576,-2.188,-4.750,-1.000,-0.172,0.109,1.020,-0.488,0.305,0.355,0.046,0.046,1.211,1.364,2,NULL,NULL,,3,0,2,7,255,1321,250,0,0
stim,236794,266915,0,266915,3464239.454,-0.702,-0.031,0.098,0.705,3090,151,168,3131,1783,2543,203,2543,45,1.041,1,2268,1,6.434,0.522,-2.438,-5.375,-2.563,-0.184,0.109,1.004,-0.508,0.121,0.355,0.048,0.048,1.211,1.364,2,NULL,NULL,,3,0,2,7,255,1321,250,0,0
stim,236794,266915,0,266915,3464244.455,-0.702,-0.031,0.098,0.705,3083,155,171,3124,1785,2541,212,2543,45,1.041,1,2268,1,8.523,0.527,-1.438,-6.125,-5.750,-0.207,0.125,1.004,-0.523,-0.059,0.293,0.048,0.048,1.211,1.364,2,NULL,NULL,,3,0,2,7,255,1321,250,0,0
stim,236824,266945,0,266945,3464249.453,-0.703,-0.030,0.097,0.704,3065,151,200,3113,1815,2542,215,2549,45,1.041,1,2268,1,12.574,0.658,-1.375,-6.875,-10.438,-0.195,0.152,1.020,-0.648,-0.113,0.293,0.048,0.048,1.211,1.364,2,NULL,NULL,,3,0,2,7,255,1321,250,0,0
stim,236824,266945,0,266945,3464254.455,-0.703,-0.030,0.097,0.704,3061,152,231,3103,1847,2535,245,2567,45,1.041,1,2268,1,14.634,0.944,-2.438,-7.625,-12.250,-0.168,0.172,1.035,-0.938,-0.113,0.445,0.048,0.046,1.211,1.364,2,NULL,NULL,,3,0,2,7,255,1321,250,0,0
stim,236824,266945,0,266945,3464259.453,-0.703,-0.030,0.097,0.704,3055,155,237,3101,1864,2547,264,2571,45,1.041,1,2268,1,15.085,1.133,-3.875,-8.188,-12.063,-0.152,0.191,1.039,-1.125,0.137,0.535,0.048,0.046,1.211,1.364,2,NULL,NULL,,3,0,2,7,255,1321,250,0,0
stim,236824,266945,0,266945,3464264.455,-0.704,-0.030,0.096,0.703,3047,163,292,3091,1885,2531,281,2571,45,1.041,1,2268,1,14.979,1.329,-5.750,-8.625,-10.813,-0.145,0.203,1.043,-1.297,0.289,0.574,0.046,0.044,1.211,1.364,2,NULL,NULL,,3,0,2,7,255,1321,250,0,0
stim,236824,266945,0,266945,3464269.454,-0.704,-0.030,0.096,0.703,3033,165,361,3083,1927,2535,283,2580,45,1.041,1,2268,1,15.591,1.477,-8.563,-8.500,-9.875,-0.145,0.230,1.047,-1.430,0.371,0.605,0.044,0.040,1.211,1.364,2,NULL,NULL,,3,0,2,7,255,1321,250,0,0
stim,236824,266945,0,266945,3464274.455,-0.704,-0.029,0.095,0.703,3008,170,383,3065,1975,2539,281,2589,45,1.041,1,2268,1,17.380,1.716,-11.625,-8.688,-9.563,-0.152,0.238,1.043,-1.676,0.371,0.637,0.040,0.038,1.211,1.364,2,NULL,NULL,,3,0,2,7,255,1321,250,0,0
stim,236846,266967,0,266967,3464279.454,-0.705,-0.030,0.095,0.703,2991,185,461,3050,2010,2526,313,2596,45,1.041,1,2268,1,20.059,1.716,-14.438,-8.375,-11.125,-0.141,0.215,1.035,-1.676,0.371,0.637,0.040,0.034,1.211,1.364,2,NULL,NULL,,3,0,2,7,255,1321,250,0,0
stim,236846,266967,0,266967,3464284.455,-0.705,-0.030,0.094,0.702,2984,200,548,3052,2043,2531,338,2603,45,1.041,1,2268,1,20.981,1.618,-15.938,-7.813,-11.188,-0.121,0.172,1.023,-1.574,0.375,0.539,0.038,0.032,1.211,1.364,2,NULL,NULL,,3,0,2,7,255,1321,250,0,0
stim,236877,266998,0,266998,3464289.453,-0.705,-0.030,0.093,0.702,2967,209,663,3037,2075,2521,391,2608,45,1.041,1,2268,1,21.238,1.228,-17.875,-7.188,-8.938,-0.129,0.145,1.012,-1.145,0.445,0.367,0.036,0.028,1.211,1.364,2,NULL,NULL,,3,0,2,7,255,1321,250,0,0
stim,236877,266998,0,266998,3464294.455,-0.705,-0.030,0.093,0.702,2962,242,701,3023,2109,2516,406,2615,45,1.041,1,2268,1,21.840,1.006,-18.313,-7.000,-9.625,-0.172,0.141,1.008,-0.902,0.445,0.262,0.032,0.022,1.211,1.364,2,NULL,NULL,,3,0,2,7,255,1321,250,0,0
stim,236877,266998,0,266998,3464299.454,-0.706,-0.031,0.092,0.702,2926,267,788,3021,2172,2521,422,2632,45,1.041,1,2268,1,25.413,0.902,-17.500,-6.313,-17.313,-0.184,0.156,1.004,-0.902,-0.004,0.258,0.032,0.018,1.211,1.364,2,NULL,NULL,,3,0,2,7,255,1321,250,0,0
stim,236877,266998,0,266998,3464304.455,-0.707,-0.031,0.091,0.701,2915,272,850,3007,2217,2521,474,2633,45,1.041,1,2268,1,30.764,0.879,-17.688,-5.500,-24.563,-0.156,0.129,1.000,-0.879,-0.004,0.258,0.030,0.012,1.211,1.364,2,NULL,NULL,,3,0,2,7,255,1321,250,0,0
stim,236877,266998,0,266998,3464309.454,-0.708,-0.031,0.090,0.700,2901,259,936,2992,2265,2509,538,2644,45,1.041,1,2268,1,33.103,0.819,-20.063,-4.875,-25.875,-0.137,0.059,0.992,-0.805,0.152,0.156,0.030,0.010,1.211,1.364,2,NULL,NULL,,3,0,2,7,255,1321,250,0,0
stim,236877,266998,0,266998,3464314.455,-0.708,-0.032,0.089,0.700,2886,253,1037,2984,2287,2509,607,2649,45,1.041,1,2268,1,34.599,0.218,-23.375,-4.750,-25.063,-0.164,0.004,0.980,-0.156,0.152,0.027,0.032,0.008,1.211,1.364,2,NULL,NULL,,3,0,2,7,255,1321,250,0,0
stim,236877,266998,0,266998,3464319.453,-0.709,-0.033,0.088,0.699,2855,265,1145,2982,2324,2511,731,2647,45,1.041,1,2268,1,38.164,0.360,-25.250,-4.938,-28.188,-0.188,-0.027,0.949,0.359,0.023,-0.102,0.034,0.010,1.211,1.364,2,NULL,NULL,,3,0,2,7,255,1321,250,0,0
stim,236877,266998,0,266998,3464324.455,-0.710,-0.034,0.087,0.698,2843,266,1226,2979,2357,2505,791,2659,45,1.041,1,2268,1,41.575,0.667,-23.438,-5.625,-33.875,-0.191,-0.047,0.934,0.602,-0.289,-0.367,0.036,0.012,1.211,1.364,2,NULL,NULL,,3,0,2,7,255,1321,250,0,0
stim,236908,267029,0,267029,3464329.453,-0.711,-0.034,0.086,0.697,2824,281,1337,2943,2391,2507,893,2663,45,1.041,1,2268,1,43.188,0.833,-21.188,-6.875,-37.000,-0.172,-0.066,0.934,0.781,-0.289,-0.520,0.040,0.016,1.211,1.364,2,NULL,NULL,,3,0,2,7,255,1321,250,0,0
stim,236908,267029,0,267029,3464334.455,-0.712,-0.035,0.085,0.696,2801,313,1443,2933,2421,2513,997,2677,45,1.041,1,2268,1,42.728,0.900,-19.750,-7.875,-37.063,-0.164,-0.063,0.957,0.887,-0.152,-0.520,0.040,0.018,1.211,1.364,2,NULL,NULL,,3,0,2,7,255,1321,250,0,0
stim,236908,267029,0,267029,3464339.454,-0.713,-0.036,0.084,0.695,2776,326,1527,2917,2449,2504,1071,2683,45,1.041,1,2268,1,43.008,0.931,-21.188,-8.813,-36.375,-0.176,-0.066,0.965,0.918,-0.152,-0.340,0.040,0.020,1.211,1.364,2,NULL,NULL,,3,0,2,7,255,1321,250,0,0
stim,236908,267029,0,267029,3464344.455,-0.715,-0.036,0.083,0.694,2745,343,1631,2904,2484,2515,1130,2696,45,1.041,1,2268,1,44.018,0.893,-21.500,-10.313,-37.000,-0.168,-0.059,0.969,0.887,-0.109,-0.238,0.040,0.022,1.211,1.364,2,NULL,NULL,,3,0,2,7,255,1321,250,0,0
stim,236908,267029,0,267029,3464349.454,-0.716,-0.037,0.082,0.693,2726,349,1737,2893,2508,2515,1235,2707,45,1.041,1,2268,1,43.387,0.808,-22.688,-11.188,-35.250,-0.145,0.000,0.984,0.801,-0.109,-0.191,0.040,0.022,1.211,1.364,2,NULL,NULL,,3,0,2,7,255,1321,250,0,0
stim,236908,267029,0,267029,3464354.455,-0.717,-0.037,0.081,0.692,2693,375,1819,2885,2525,2504,1300,2709,45,1.041,1,2268,1,45.627,0.259,-25.500,-11.250,-36.125,-0.148,0.023,1.004,0.215,0.145,-0.082,0.038,0.022,1.211,1.364,2,NULL,NULL,,3,0,2,7,255,1321,250,0,0
stim,236929,267050,0,267050,3464359.453,-0.718,-0.038,0.079,0.691,2663,409,1903,2863,2551,2502,1405,2727,45,1.041,1,2268,1,48.941,0.181,-29.250,-11.750,-37.438,-0.137,0.012,1.000,0.043,0.176,0.063,0.036,0.020,1.211,1.364,2,NULL,NULL,,3,0,2,7,255,1321,250,0,0
stim,236929,267050,0,267050,3464364.455,-0.719,-0.038,0.078,0.690,2631,427,1983,2853,2585,2509,1494,2738,45,1.041,1,2268,1,50.171,0.250,-31.063,-11.688,-37.625,-0.105,-0.020,0.977,0.043,0.246,0.063,0.034,0.020,1.211,1.364,2,NULL,NULL,,3,0,2,7,255,1321,250,0,0
stim,236929,267050,0,267050,3464369.453,-0.720,-0.039,0.076,0.689,2601,437,2075,2815,2600,2513,1581,2739,45,1.041,1,2268,1,43.385,0.588,-26.875,-12.000,-31.875,-0.094,-0.035,0.938,0.316,0.496,-0.207,0.034,0.020,1.211,1.364,2,NULL,NULL,,3,0,2,7,255,1321,250,0,0
stim,236929,267050,0,267050,3464374.455,-0.721,-0.039,0.075,0.688,2552,465,2149,2807,2629,2507,1637,2745,45,1.041,1,2268,1,35.789,0.588,-19.875,-12.250,-27.125,-0.113,-0.012,0.949,0.316,0.496,-0.477,0.034,0.022,1.211,1.364,2,NULL,NULL,,3,0,2,7,255,1321,250,0,0
stim,236929,267050,0,267050,3464379.454,-0.722,-0.039,0.074,0.687,2519,472,2203,2799,2644,2518,1709,2749,45,1.041,1,2268,1,33.270,0.411,-15.000,-12.500,-26.938,-0.141,0.039,0.988,0.191,0.363,-0.477,0.032,0.024,1.211,1.364,2,NULL,NULL,,3,0,2,7,255,1321,250,0,0
stim,236929,267050,0,267050,3464384.455,-0.723,-0.039,0.073,0.686,2468,497,2271,2787,2659,2508,1783,2765,45,1.041,1,2268,1,36.119,0.474,-15.000,-12.063,-30.563,-0.125,0.059,1.023,-0.309,0.359,-0.020,0.032,0.026,1.211,1.364,2,NULL,NULL,,3,0,2,7,255,1321,250,0,0
stim,236975,267096,0,267096,3464389.453,-0.723,-0.040,0.072,0.685,2443,515,2343,2765,2680,2511,1847,2777,45,1.041,1,2268,1,37.531,0.474,-18.000,-11.625,-30.813,-0.098,0.031,1.027,-0.309,0.359,0.270,0.032,0.028,1.211,1.364,2,NULL,NULL,,3,0,2,7,255,1321,250,0,0
stim,236975,267096,0,267096,3464394.455,-0.724,-0.040,0.071,0.685,2412,535,2393,2743,2711,2519,1919,2792,45,1.041,1,2268,1,36.738,0.570,-21.688,-10.938,-27.563,-0.102,0.000,1.016,-0.234,0.520,0.270,0.032,0.028,1.211,1.364,2,NULL,NULL,,3,0,2,7,255,1321,250,0,0
stim,236975,267096,0,267096,3464399.454,-0.725,-0.041,0.070,0.684,2352,554,2445,2723,2723,2518,1983,2795,45,1.041,1,2268,1,36.390,0.521,-23.375,-10.563,-25.813,-0.125,-0.008,1.004,0.043,0.520,0.156,0.034,0.028,1.211,1.364,2,NULL,NULL,,3,0,2,7,255,1321,250,0,0
stim,236975,267096,0,267096,3464404.455,-0.726,-0.041,0.069,0.683,2302,563,2505,2696,2735,2509,2037,2799,45,1.041,1,2268,1,39.423,0.295,-26.625,-10.938,-26.938,-0.152,-0.016,1.020,0.074,0.285,0.156,0.038,0.028,1.211,1.364,2,NULL,NULL,,3,0,2,7,255,1321,250,0,0
stim,236975,267096,0,267096,3464409.454,-0.727,-0.042,0.067,0.682,2237,583,2547,2661,2751,2507,2091,2809,45,1.041,1,2268,1,45.766,0.092,-32.375,-11.125,-30.375,-0.156,-0.039,1.027,0.090,0.020,0.273,0.040,0.028,1.211,1.364,2,NULL,NULL,,3,0,2,7,255,1321,250,0,0
stim,236975,267096,0,267096,3464414.455,-0.728,-0.043,0.066,0.682,2189,589,2589,2643,2760,2515,2135,2812,45,1.041,1,2268,1,51.789,0.281,-38.500,-11.813,-32.563,-0.152,-0.043,1.008,0.281,-0.004,0.273,0.040,0.028,1.211,1.364,2,NULL,NULL,,3,0,2,7,255,1321,250,0,0
stim,236975,267096,0,267096,3464419.454,-0.729,-0.044,0.064,0.681,2141,613,2614,2611,2775,2509,2187,2823,45,1.041,1,2268,1,51.841,0.281,-37.875,-12.313,-33.188,-0.129,0.004,0.957,0.281,-0.004,0.191,0.040,0.028,1.211,1.364,2,NULL,NULL,,3,0,2,7,255,1321,250,0,0
stim,236975,267096,0,267096,3464424.455,-0.729,-0.044,0.063,0.680,2075,613,2648,2569,2787,2514,2217,2831,45,1.041,1,2268,1,44.562,0.223,-28.813,-12.625,-31.563,-0.109,0.008,0.922,-0.180,0.133,-0.352,0.040,0.030,1.211,1.364,2,NULL,NULL,,3,0,2,7,255,1321,250,0,0
stim,236996,267117,0,267117,3464429.453,-0.730,-0.045,0.062,0.679,1993,617,2681,2541,2810,2508,2261,2841,45,1.041,1,2268,1,37.291,0.330,-20.375,-13.188,-28.313,-0.113,-0.027,0.973,-0.180,0.277,-0.352,0.042,0.030,1.211,1.364,2,NULL,NULL,,3,0,2,7,255,1321,250,0,0
stim,236996,267117,0,267117,3464434.455,-0.731,-0.045,0.060,0.678,1927,613,2715,2489,2812,2504,2299,2852,45,1.041,1,2268,1,37.126,0.292,-21.375,-13.375,-27.250,-0.133,-0.059,1.035,0.090,0.277,-0.207,0.042,0.030,1.211,1.364,2,NULL,NULL,,3,0,2,7,255,1321,250,0,0
stim,236996,267117,0,267117,3464439.454,-0.732,-0.046,0.059,0.677,1852,604,2734,2453,2828,2504,2329,2852,45,1.041,1,2268,1,41.461,0.299,-27.875,-14.000,-27.313,-0.141,-0.055,1.039,0.266,0.137,0.438,0.044,0.032,1.211,1.364,2,NULL,NULL,,3,0,2,7,255,1321,250,0,0
stim,236996,267117,0,267117,3464444.455,-0.733,-0.046,0.058,0.677,1769,581,2763,2407,2840,2494,2359,2859,45,1.041,1,2268,1,42.852,0.299,-29.500,-14.000,-27.750,-0.121,-0.020,0.988,0.266,0.137,0.438,0.044,0.032,1.211,1.364,2,NULL,NULL,,3,0,2,7,255,1321,250,0,0
stim,237024,267145,0,267145,3464449.454,-0.733,-0.046,0.056,0.676,1659,583,2791,2339,2859,2493,2403,2861,45,1.041,1,2268,1,38.764,0.220,-25.813,-14.750,-24.875,-0.105,-0.016,0.984,-0.063,0.211,-0.066,0.046,0.034,1.211,1.364,2,NULL,NULL,,3,0,2,7,255,1321,250,0,0
stim,237024,267145,0,267145,3464454.455,-0.734,-0.047,0.055,0.675,1571,569,2808,2285,2857,2493,2437,2873,45,1.041,1,2268,1,36.886,0.243,-24.688,-15.188,-22.813,-0.117,-0.031,1.012,-0.063,0.234,-0.066,0.046,0.036,1.211,1.364,2,NULL,NULL,,3,0,2,7,255,1321,250,0,0
stim,237024,267145,0,267145,3464459.453,-0.735,-0.047,0.053,0.675,1416,560,2835,2217,2872,2476,2461,2877,45,1.041,1,2268,1,37.861,0.271,-26.000,-15.938,-22.438,-0.125,-0.020,1.016,-0.137,0.234,0.160,0.048,0.036,1.211,1.364,2,NULL,NULL,,3,0,2,7,255,1321,250,0,0
stim,237024,267145,0,267145,3464464.455,-0.735,-0.047,0.052,0.674,1305,541,2856,2149,2894,2478,2493,2893,45,1.041,1,2268,1,37.146,0.226,-24.500,-16.188,-22.750,-0.121,-0.004,0.992,-0.160,0.160,0.160,0.050,0.036,1.211,1.364,2,NULL,NULL,,3,0,2,7,255,1321,250,0,0
stim,237024,267145,0,267145,3464469.453,-0.736,-0.048,0.051,0.673,1175,518,2869,2069,2904,2472,2521,2889,45,1.041,1,2268,1,34.700,0.348,-20.375,-17.063,-22.313,-0.113,-0.008,0.992,-0.309,0.160,-0.020,0.050,0.036,1.211,1.364,2,NULL,NULL,,3,0,2,7,255,1321,250,0,0
stim,237024,267145,0,267145,3464474.455,-0.737,-0.048,0.050,0.673,1064,476,2889,1939,2901,2457,2543,2897,45,1.041,1,2268,1,33.249,0.355,-17.938,-17.313,-22.000,-0.137,-0.004,1.031,-0.316,0.160,-0.020,0.052,0.038,1.211,1.364,2,NULL,NULL,,3,0,2,7,255,1321,250,0,0
stim,237052,267173,0,267173,3464479.455,-0.737,-0.048,0.049,0.672,911,431,2901,1813,2917,2455,2577,2908,45,1.041,1,2268,1,38.095,0.411,-20.750,-17.938,-26.438,-0.156,0.004,1.059,-0.410,0.027,0.387,0.052,0.038,1.211,1.364,2,NULL,NULL,,3,0,2,7,255,1321,250,0,0
stim,237052,267173,0,267173,3464484.455,-0.738,-0.048,0.047,0.671,739,415,2924,1685,2927,2451,2601,2915,45,1.041,1,2268,1,41.475,0.466,-23.813,-18.750,-28.313,-0.129,0.000,1.043,-0.465,0.027,0.480,0.054,0.038,1.211,1.364,2,NULL,NULL,,3,0,2,7,255,1321,250,0,0
stim,237052,267173,0,267173,3464489.453,-0.739,-0.048,0.046,0.671,583,377,2931,1529,2934,2428,2617,2913,45,1.041,1,2268,1,42.041,0.478,-25.250,-19.938,-27.063,-0.121,-0.004,1.043,-0.465,0.113,0.480,0.056,0.036,1.211,1.364,2,NULL,NULL,,3,0,2,7,255,1321,250,0,0
stim,237052,267173,0,267173,3464494.455,-0.740,-0.048,0.044,0.670,411,360,2943,1415,2959,2424,2648,2915,45,1.041,1,2268,1,40.303,0.478,-24.000,-20.875,-24.750,-0.129,0.016,1.031,-0.465,0.113,0.461,0.056,0.036,1.211,1.364,2,NULL,NULL,,3,0,2,7,255,1321,250,0,0
stim,237052,267173,0,267173,3464499.453,-0.740,-0.048,0.043,0.669,315,308,2971,1227,2955,2403,2674,2925,45,1.041,1,2268,1,41.391,0.680,-23.063,-22.188,-26.250,-0.137,0.023,1.031,-0.676,0.074,0.371,0.058,0.036,1.211,1.364,2,NULL,NULL,,3,0,2,7,255,1321,250,0,0
stim,237052,267173,0,267173,3464504.455,-0.741,-0.048,0.042,0.668,156,248,2973,1039,2965,2381,2680,2925,45,1.041,1,2268,1,40.862,0.711,-17.375,-24.938,-27.313,-0.137,0.016,1.039,-0.711,-0.004,0.371,0.058,0.036,1.211,1.364,2,NULL,NULL,,3,0,2,7,255,1321,250,0,0
stim,237079,267200,0,267200,3464509.454,-0.742,-0.048,0.040,0.668,97,211,2993,843,2982,2355,2703,2932,45,1.041,1,2268,1,41.834,0.758,-12.375,-27.625,-28.875,-0.121,0.043,1.070,-0.758,-0.004,0.430,0.060,0.036,1.211,1.364,2,NULL,NULL,,3,0,2,7,255,1321,250,0,0
stim,237079,267200,0,267200,3464514.455,-0.743,-0.047,0.039,0.667,45,157,3001,655,2995,2333,2734,2943,45,1.041,1,2268,1,42.250,1.008,-10.313,-29.375,-28.563,-0.125,0.047,1.105,-0.996,0.156,0.691,0.060,0.038,1.211,1.364,2,NULL,NULL,,3,0,2,7,255,1321,250,0,0
stim,237079,267200,0,267200,3464519.454,-0.744,-0.047,0.038,0.666,17,121,3007,471,2989,2302,2745,2939,45,1.041,1,2268,1,45.194,1.078,-15.063,-31.563,-28.625,-0.082,0.070,1.109,-1.063,0.180,1.020,0.060,0.038,1.211,1.364,2,NULL,NULL,,3,0,2,7,255,1321,250,0,0
stim,237079,267200,0,267200,3464524.455,-0.744,-0.046,0.036,0.665,0,83,3017,364,3003,2275,2764,2941,45,1.041,1,2268,1,47.171,1.211,-20.250,-32.000,-28.125,-0.070,0.047,1.090,-1.063,0.582,1.020,0.060,0.038,1.211,1.364,2,NULL,NULL,,3,0,2,7,255,1321,250,0,0
stim,237079,267200,0,267200,3464529.453,-0.745,-0.045,0.034,0.665,0,62,3041,265,3005,2249,2781,2956,45,1.041,1,2268,1,40.409,1.205,-8.438,-37.750,-11.688,-0.129,0.023,1.145,-1.055,0.582,1.020,0.062,0.038,1.211,1.364,2,NULL,NULL,,3,0,2,7,255,1321,250,0,0
stim,237079,267200,0,267200,3464534.455,-0.745,-0.044,0.033,0.665,0,51,3035,175,3017,2228,2797,2951,45,1.041,1,2268,1,45.136,1.021,9.625,-44.000,2.938,-0.270,0.012,1.375,-1.020,0.051,1.453,0.064,0.040,1.211,1.364,2,NULL,NULL,,3,0,2,7,255,1321,250,0,0
stim,237109,267230,0,267230,3464539.454,-0.744,-0.042,0.032,0.666,0,20,3044,115,3035,2203,2823,2943,45,1.041,1,2268,1,53.900,1.510,0.563,-51.875,14.625,-0.313,0.000,1.516,-1.020,-1.113,3.859,0.066,0.040,1.211,1.364,2,NULL,NULL,,3,0,2,7,255,1321,250,0,0
stim,237109,267230,0,267230,3464544.455,-0.744,-0.043,0.029,0.666,0,13,3061,100,3044,2154,2845,2959,45,1.041,1,2268,1,72.629,1.510,-50.813,-51.875,1.438,-0.227,-0.145,1.316,-1.020,-1.113,3.859,0.068,0.040,1.211,1.364,2,NULL,NULL,,3,0,2,7,255,1321,250,0,0
stim,237109,267230,0,267230,3464549.454,-0.744,-0.043,0.025,0.666,0,1,3054,75,3037,2103,2851,2954,45,1.041,1,2268,0,82.732,1.558,-61.313,-55.500,2.250,-0.223,-0.316,1.016,0.508,-1.473,3.289,0.070,0.042,1.211,1.364,3,NULL,NULL,,3,0,2,7,255,1321,250,0,0
stim,237109,267230,0,267230,3464554.455,-0.744,-0.042,0.022,0.667,0,0,3061,41,3047,2039,2867,2965,45,1.041,1,2268,0,71.628,2.498,-35.125,-61.688,9.563,-0.215,-0.285,0.910,1.988,-1.512,0.465,0.070,0.046,1.211,1.364,3,NULL,NULL,,3,0,2,7,255,1321,250,0,0
stim,237109,267230,0,267230,3464559.453,-0.744,-0.041,0.020,0.667,0,0,3067,0,3052,1965,2875,2964,45,1.041,1,2268,0,65.395,2.524,-7.438,-64.938,2.063,-0.258,-0.219,0.902,1.988,-1.555,-0.563,0.068,0.050,1.211,1.364,3,NULL,NULL,,3,0,2,7,255,1321,250,0,0
stim,237109,267230,0,267230,3464564.455,-0.744,-0.039,0.018,0.667,0,0,3064,0,3052,1877,2887,2954,45,1.041,1,2268,0,72.222,2.192,11.375,-70.813,-8.500,-0.254,-0.168,1.074,1.262,-1.793,-0.563,0.064,0.056,1.211,1.364,3,NULL,NULL,,3,0,2,7,255,1321,250,0,0
stim,237138,267259,0,267259,3464569.453,-0.744,-0.036,0.016,0.667,0,0,3087,0,3075,1801,2908,2959,45,1.041,1,2268,0,75.999,1.919,12.688,-74.375,-9.125,-0.199,-0.141,1.191,0.684,-1.793,0.977,0.062,0.062,1.211,1.364,3,NULL,NULL,,3,0,2,7,255,1321,250,0,0
stim,237138,267259,0,267259,3464574.455,-0.744,-0.034,0.014,0.667,0,0,3081,0,3079,1695,2918,2963,45,1.041,1,2268,0,78.285,1.279,3.500,-78.188,-1.750,-0.164,-0.129,1.215,0.434,-1.203,2.051,0.058,0.068,1.211,1.364,3,NULL,NULL,,3,0,2,7,255,1321,250,0,0
stim,237138,267259,0,267259,3464579.454,-0.744,-0.032,0.011,0.667,0,0,3067,0,3067,1611,2920,2952,45,1.041,1,2268,0,81.635,0.998,-8.813,-81.063,3.938,-0.137,-0.141,1.195,0.434,-0.898,2.051,0.054,0.074,1.211,1.364,3,NULL,NULL,,3,0,2,7,255,1321,250,0,0
stim,237138,267259,0,267259,3464584.455,-0.744,-0.030,0.007,0.668,0,0,3087,0,3089,1491,2941,2958,45,1.041,1,2268,0,87.118,0.966,-19.813,-84.000,11.875,-0.133,-0.160,1.145,0.449,-0.855,2.035,0.050,0.080,1.211,1.364,3,NULL,NULL,,3,0,2,7,255,1321,250,0,0
stim,237177,267298,0,267298,3464589.454,-0.743,-0.028,0.004,0.669,0,0,3077,0,3087,1349,2941,2952,45,1.041,1,2268,0,89.608,1.030,-17.250,-86.938,13.188,-0.191,-0.156,1.059,0.574,-0.855,1.539,0.046,0.088,1.211,1.364,3,NULL,NULL,,3,0,2,7,255,1321,250,0,0
stim,237177,267298,0,267298,3464594.455,-0.743,-0.026,0.001,0.669,0,0,3055,0,3081,1214,2941,2939,45,1.041,1,2268,0,90.953,1.679,-7.813,-90.563,3.125,-0.207,-0.176,1.027,0.645,-1.551,0.719,0.040,0.094,1.211,1.364,3,NULL,NULL,,3,0,2,7,255,1321,250,0,0
stim,237177,267298,0,267298,3464599.454,-0.743,-0.024,-0.002,0.669,0,0,3057,0,3090,1039,2962,2941,45,1.041,1,2268,0,95.699,1.810,4.938,-95.500,-3.688,-0.184,-0.184,1.031,0.738,-1.652,0.438,0.034,0.102,1.211,1.364,3,NULL,NULL,,3,0,2,7,255,1321,250,0,0
stim,237177,267298,0,267298,3464604.455,-0.743,-0.020,-0.004,0.669,0,0,3050,0,3096,845,2965,2932,45,1.041,1,2268,0,104.122,1.950,25.375,-100.375,-11.063,-0.215,-0.105,1.074,0.738,-1.805,0.438,0.028,0.108,1.211,1.364,3,NULL,NULL,,3,0,2,7,255,1321,250,0,0
stim,237177,267298,0,267298,3464609.454,-0.744,-0.016,-0.006,0.668,0,0,3043,0,3101,695,2971,2921,45,1.041,1,2268,0,113.830,1.653,37.688,-105.313,-21.125,-0.176,-0.027,1.129,0.047,-1.652,0.797,0.024,0.116,1.211,1.364,3,NULL,NULL,,3,0,2,7,255,1321,250,0,0
stim,237177,267298,0,267298,3464614.455,-0.744,-0.011,-0.009,0.668,0,0,3023,0,3102,557,2985,2917,45,1.041,1,2268,0,119.421,1.725,44.125,-109.188,-19.813,-0.043,0.023,1.266,-0.695,-1.578,1.250,0.022,0.122,1.211,1.364,3,NULL,NULL,,3,0,2,7,255,1321,250,0,0
stim,237177,267298,0,267298,3464619.454,-0.744,-0.006,-0.011,0.668,0,0,3004,0,3093,379,2983,2899,45,1.041,1,2268,0,119.744,1.403,34.938,-114.250,-8.063,-0.094,0.102,1.363,-1.090,-0.883,2.559,0.022,0.130,1.211,1.364,3,NULL,NULL,,3,0,2,7,255,1321,250,0,0
stim,237177,267298,0,267298,3464624.455,-0.744,-0.003,-0.015,0.668,0,0,2983,0,3095,219,2988,2871,45,1.041,1,2268,0,120.105,1.973,6.938,-119.813,4.688,-0.043,0.199,1.430,-1.926,-0.430,3.465,0.024,0.136,1.211,1.364,3,NULL,NULL,,3,0,2,7,255,1321,250,0,0
stim,237177,267298,0,267298,3464629.453,-0.743,0.001,-0.019,0.669,0,0,2971,0,3101,109,3005,2853,45,1.041,1,2268,0,126.287,2.844,-4.563,-125.813,9.938,-0.137,0.180,1.266,-2.703,-0.883,3.465,0.028,0.142,1.211,1.364,3,NULL,NULL,,3,0,2,7,255,1321,250,0,0
stim,237177,267298,0,267298,3464634.455,-0.743,0.005,-0.023,0.669,0,0,2955,0,3095,39,3005,2839,45,1.041,1,2268,0,131.587,3.088,-3.313,-131.375,6.688,-0.133,0.168,1.277,-2.703,-1.492,2.555,0.034,0.148,1.211,1.364,3,NULL,NULL,,3,0,2,7,255,1321,250,0,0
stim,237206,267327,0,267327,3464639.454,-0.743,0.009,-0.027,0.669,0,0,2922,0,3091,2,3003,2795,45,1.041,1,2268,0,137.428,2.979,-2.938,-137.313,4.813,-0.102,0.125,1.324,-2.578,-1.492,2.555,0.040,0.154,1.211,1.364,3,NULL,NULL,,3,0,2,7,255,1321,250,0,0
stim,237206,267327,0,267327,3464644.455,-0.742,0.013,-0.032,0.670,0,0,2901,0,3099,0,3008,2763,45,1.041,1,2268,0,144.608,2.998,-5.125,-144.188,9.750,-0.102,0.156,1.441,-2.547,-1.582,3.020,0.048,0.160,1.211,1.364,3,NULL,NULL,,3,0,2,7,255,1321,250,0,0
stim,237206,267327,0,267327,3464649.454,-0.741,0.016,-0.037,0.670,0,0,2879,0,3091,0,3023,2723,45,1.041,1,2268,0,152.236,3.066,-23.438,-149.750,14.188,-0.117,0.230,1.543,-2.547,-1.707,4.109,0.058,0.170,1.211,1.364,3,NULL,NULL,,3,0,2,7,255,1321,250,0,0
stim,237206,267327,0,267327,3464654.455,-0.740,0.020,-0.043,0.670,0,0,2841,0,3079,0,3013,2665,45,1.041,1,2268,0,161.472,3.972,-40.000,-155.688,15.313,-0.148,0.227,1.551,-3.418,-2.023,5.023,0.070,0.178,1.211,1.364,3,NULL,NULL,,3,0,2,7,255,1321,250,0,0
stim,237229,267350,0,267350,3464659.454,-0.739,0.023,-0.049,0.671,0,0,2806,0,3075,0,3015,2616,45,1.041,1,2268,0,167.349,4.279,-43.438,-160.500,18.938,-0.148,0.219,1.574,-3.461,-2.516,5.027,0.084,0.188,1.211,1.364,3,NULL,NULL,,3,0,2,7,255,1321,250,0,0
stim,237229,267350,0,267350,3464664.455,-0.738,0.026,-0.056,0.672,0,0,2765,0,3063,0,3015,2537,45,1.041,1,2268,0,180.020,4.450,-52.688,-169.688,28.938,-0.164,0.242,1.672,-3.496,-2.754,5.203,0.098,0.198,1.211,1.364,3,NULL,NULL,,3,0,2,7,255,1321,250,0,0
stim,237229,267350,0,267350,3464669.453,-0.737,0.029,-0.064,0.673,0,0,2717,0,3050,0,3013,2443,45,1.041,1,2268,0,191.080,4.938,-57.125,-179.500,32.063,-0.262,0.203,1.730,-3.758,-3.203,6.078,0.114,0.212,1.211,1.364,3,NULL,NULL,,3,0,2,7,255,1321,250,0,0
stim,237229,267351,0,267351,3464674.455,-0.735,0.033,-0.072,0.673,0,0,2680,0,3049,0,3004,2329,45,1.041,1,2268,0,205.241,5.897,-62.688,-192.563,33.375,-0.355,0.188,1.738,-3.770,-4.535,6.309,0.132,0.228,1.211,1.364,3,NULL,NULL,,3,0,2,7,255,1321,250,0,0
stim,237229,267351,0,267351,3464679.453,-0.733,0.036,-0.081,0.674,0,0,2621,0,3033,0,3004,2233,45,1.041,1,2268,0,222.260,6.866,-80.438,-205.250,28.313,-0.340,0.215,1.691,-3.770,-5.738,6.309,0.152,0.246,1.211,1.364,3,NULL,NULL,,3,0,2,7,255,1321,250,0,0
stim,237229,267351,0,267351,3464684.455,-0.732,0.040,-0.090,0.674,0,0,2543,0,3014,0,2995,2100,45,1.041,1,2268,0,233.410,7.077,-81.438,-218.000,18.000,-0.367,0.203,1.668,-4.109,-5.762,5.723,0.172,0.266,1.211,1.364,3,NULL,NULL,,3,0,2,7,255,1321,250,0,0
stim,237274,267395,0,267395,3464689.454,-0.730,0.044,-0.100,0.674,0,0,2475,0,3005,0,2996,1963,45,1.041,1,2268,0,249.320,7.405,-86.125,-233.438,15.813,-0.328,0.191,1.641,-4.109,-6.160,5.344,0.196,0.290,1.211,1.364,3,NULL,NULL,,3,0,2,7,255,1321,250,0,0
stim,237274,267395,0,267395,3464694.455,-0.729,0.048,-0.111,0.674,0,0,2385,0,2975,0,2969,1799,45,1.041,1,2268,0,261.716,7.499,-84.750,-247.125,15.563,-0.301,0.160,1.695,-4.078,-6.293,5.344,0.222,0.316,1.211,1.364,3,NULL,NULL,,3,0,2,7,255,1321,250,0,0
stim,237274,267395,0,267395,3464699.454,-0.727,0.053,-0.122,0.674,0,0,2311,0,2950,0,2949,1655,45,1.041,1,2268,0,279.183,7.561,-86.063,-264.750,21.063,-0.324,0.191,1.836,-4.078,-6.367,5.453,0.250,0.346,1.211,1.364,3,NULL,NULL,,3,0,2,7,255,1321,250,0,0
stim,237274,267395,0,267395,3464704.455,-0.725,0.058,-0.133,0.674,0,0,2237,0,2923,0,2919,1563,45,1.041,1,2268,0,298.195,8.591,-95.375,-281.563,23.375,-0.395,0.301,1.863,-4.609,-7.250,6.207,0.282,0.380,1.211,1.364,3,NULL,NULL,,3,0,2,7,255,1321,250,0,0
stim,237274,267395,0,267395,3464709.453,-0.722,0.064,-0.146,0.673,0,0,2151,0,2901,1,2879,1453,45,1.041,1,2268,0,312.724,10.127,-99.125,-296.063,17.813,-0.465,0.414,1.906,-5.867,-8.254,6.207,0.318,0.418,1.211,1.364,3,NULL,NULL,,3,0,2,7,255,1321,250,0,0
stim,237274,267395,0,267395,3464714.455,-0.720,0.070,-0.158,0.672,0,0,2077,0,2851,0,2838,1338,45,1.041,1,2268,0,323.827,11.819,-85.813,-312.000,12.500,-0.555,0.566,2.195,-7.242,-9.340,6.207,0.356,0.458,1.211,1.364,3,NULL,NULL,,3,0,2,7,255,1321,250,0,0
stim,237274,267395,0,267395,3464719.454,-0.717,0.077,-0.171,0.671,0,0,1999,0,2807,0,2747,1229,45,1.041,1,2268,0,341.181,14.694,-89.438,-329.250,0.125,-0.590,0.746,2.563,-9.363,-11.324,7.824,0.396,0.500,1.211,1.364,3,NULL,NULL,,3,0,2,7,255,1321,250,0,0
stim,237274,267395,0,267395,3464724.455,-0.715,0.082,-0.186,0.668,0,0,1877,0,2739,0,2658,1141,45,1.041,1,2268,0,371.991,17.648,-138.563,-344.500,-22.313,-0.473,0.875,2.703,-11.863,-13.066,10.340,0.440,0.546,1.211,1.364,3,NULL,NULL,,3,0,2,7,255,1321,250,0,0
stim,237296,267417,0,267417,3464729.454,-0.714,0.087,-0.202,0.665,0,0,1771,0,2681,0,2552,1012,45,1.041,1,2268,0,400.142,18.029,-186.125,-352.625,-33.563,-0.383,0.734,2.586,-12.422,-13.066,10.340,0.490,0.596,1.211,1.364,3,NULL,NULL,,3,0,2,7,255,1321,250,0,0
stim,237296,267417,0,267417,3464734.455,-0.712,0.091,-0.219,0.661,0,0,1607,0,2592,0,2407,909,45,1.041,1,2268,0,414.486,17.938,-204.125,-360.063,-22.063,-0.434,0.516,2.375,-12.422,-12.941,10.195,0.548,0.656,1.211,1.364,3,NULL,NULL,,3,0,2,7,255,1321,250,0,0
stim,237296,267417,0,267417,3464739.454,-0.709,0.095,-0.237,0.657,0,0,1403,0,2473,0,2229,873,45,1.041,1,2268,0,435.637,16.233,-218.875,-376.500,-11.000,-0.375,0.227,2.078,-10.309,-12.539,7.957,0.614,0.722,1.211,1.364,3,NULL,NULL,,3,0,2,7,255,1321,250,0,0
stim,237296,267417,0,267417,3464744.455,-0.705,0.100,-0.255,0.654,0,0,1198,0,2327,0,1991,762,45,1.041,1,2268,0,444.815,14.036,-210.750,-391.688,-5.063,-0.246,-0.020,1.766,-7.242,-12.023,5.625,0.688,0.794,1.211,1.364,3,NULL,NULL,,3,0,2,7,255,1321,250,0,0
stim,237320,267441,0,267441,3464749.453,-0.701,0.105,-0.273,0.651,0,0,988,0,2151,0,1663,715,45,1.041,1,2268,0,449.452,11.231,-192.688,-405.875,12.000,-0.039,-0.219,1.430,-4.422,-10.324,3.641,0.764,0.872,1.211,1.364,3,NULL,NULL,,3,0,2,7,255,1321,250,0,0
stim,237320,267441,0,267441,3464754.455,-0.695,0.112,-0.290,0.648,0,0,715,0,1917,0,1295,569,45,1.041,1,2268,0,444.753,7.907,-139.875,-421.188,29.000,0.063,-0.461,1.242,-1.914,-7.672,1.988,0.836,0.946,1.211,1.364,3,NULL,NULL,,3,0,2,7,255,1321,250,0,0
stim,237320,267441,0,267441,3464759.454,-0.688,0.121,-0.305,0.647,0,0,508,0,1661,0,777,487,45,1.041,1,2268,0,431.160,6.666,-76.188,-422.563,39.188,0.211,-0.414,1.246,0.160,-6.664,1.906,0.908,1.018,1.211,1.364,3,NULL,NULL,,3,0,2,7,255,1321,250,0,0
stim,237320,267441,0,267441,3464764.455,-0.682,0.132,-0.318,0.645,0,0,278,0,1369,0,267,414,45,1.041,1,2268,0,414.915,6.666,-2.438,-414.188,24.438,0.219,-0.168,1.629,0.160,-6.664,1.906,0.976,1.086,1.211,1.364,3,NULL,NULL,,3,0,2,7,255,1321,250,0,0
stim,237320,267441,0,267441,3464769.454,-0.674,0.144,-0.330,0.645,0,0,201,0,1055,0,33,325,45,1.041,1,2268,0,422.841,8.596,31.875,-419.813,39.188,0.043,-0.109,2.242,-3.262,-7.953,3.973,1.034,1.150,1.211,1.364,3,NULL,NULL,,3,0,2,7,255,1321,250,0,0
stim,237320,267441,0,267441,3464774.455,-0.665,0.155,-0.343,0.645,0,0,136,0,637,0,0,281,45,1.041,1,2268,0,435.667,14.478,-14.188,-428.000,80.125,-0.156,-0.023,2.531,-5.418,-13.426,6.848,1.082,1.198,1.211,1.364,3,NULL,NULL,,3,0,2,7,255,1321,250,0,0
stim,237373,267494,0,267494,3464779.453,-0.656,0.162,-0.359,0.644,0,0,111,0,283,0,0,171,45,1.041,1,2268,0,456.192,18.316,-102.625,-429.063,116.125,-0.344,0.117,2.227,-6.914,-16.961,6.848,1.122,1.240,1.211,1.364,3,NULL,NULL,,3,0,2,7,255,1321,250,0,0
stim,237373,267494,1,267494,3464784.455,-0.646,0.166,-0.377,0.643,0,0,101,0,2,0,0,93,45,1.041,1,2268,0,481.680,18.462,-161.875,-428.063,150.250,-0.551,0.371,1.594,-7.293,-16.961,2.465,1.158,1.280,1.211,1.364,3,NULL,NULL,,3,1,2,7,255,1321,250,0,0
stim,237373,267494,1,267494,3464789.453,-0.636,0.170,-0.395,0.641,0,0,111,0,0,0,0,45,45,1.041,1,2268,0,475.237,16.151,-180.813,-414.250,146.813,-0.605,0.863,1.113,-7.668,-14.215,-4.461,1.202,1.326,1.211,1.364,3,NULL,NULL,,3,1,2,7,255,1321,250,0,0
stim,237373,267494,1,267494,3464794.455,-0.627,0.174,-0.411,0.639,0,0,91,0,0,0,0,19,45,1.041,1,2268,0,445.688,15.142,-179.938,-392.563,110.250,-0.609,1.246,0.938,-10.680,-10.734,-9.910,1.262,1.388,1.211,1.364,4,NULL,NULL,,3,1,2,7,255,1321,250,0,0
stim,237373,267494,1,267494,3464799.454,-0.619,0.177,-0.427,0.635,0,0,88,0,0,0,0,0,45,1.041,1,2268,0,424.047,17.116,-178.688,-374.000,89.500,-0.727,1.297,1.059,-13.535,-10.477,-12.762,1.330,1.458,1.211,1.364,0,NULL,NULL,,3,1,2,7,255,1321,250,0,0
stim,237373,267494,1,267494,3464804.455,-0.610,0.180,-0.443,0.631,0,0,91,0,0,0,0,0,45,1.041,1,2268,0,423.004,17.116,-198.938,-361.438,93.375,-0.891,0.922,1.266,-13.535,-10.477,-13.141,1.406,1.536,1.211,1.364,0,NULL,NULL,,3,1,2,7,255,1321,250,0,0
stim,237373,267494,1,267494,3464809.453,-0.603,0.181,-0.460,0.626,0,0,91,0,0,0,0,9,45,1.041,1,2268,0,439.890,17.439,-243.438,-356.938,82.688,-0.863,0.488,1.285,-10.992,-13.539,-13.141,1.484,1.614,1.211,1.364,0,NULL,NULL,,3,1,2,7,255,1321,250,0,0
stim,237373,267494,1,267494,3464814.455,-0.598,0.182,-0.476,0.619,0,0,90,0,0,0,0,18,45,1.041,1,2268,0,430.349,15.329,-281.813,-324.813,16.688,-0.379,-0.016,1.059,-7.188,-13.539,-11.906,1.564,1.696,1.211,1.364,0,NULL,NULL,,3,1,2,7,255,1321,250,0,0
stim,237393,267514,1,267514,3464819.453,-0.594,0.184,-0.490,0.611,0,0,91,0,0,0,0,44,45,1.041,1,2268,0,374.499,10.928,-247.188,-280.375,-23.188,-0.172,-0.457,0.867,-3.016,-10.504,-7.848,1.644,1.776,1.211,1.364,0,NULL,NULL,,3,1,2,7,255,1321,250,0,0
stim,237393,267514,1,267514,3464824.455,-0.590,0.185,-0.502,0.605,0,0,94,0,0,0,0,58,45,1.041,1,2268,0,319.245,10.552,-204.000,-245.563,-0.688,-0.258,-0.316,1.094,-1.008,-10.504,-6.168,1.722,1.854,1.211,1.364,0,NULL,NULL,,3,1,2,7,255,1321,250,0,0
stim,237393,267514,1,267514,3464829.454,-0.587,0.184,-0.513,0.598,0,0,99,0,0,0,0,102,45,1.041,1,2268,0,303.028,10.922,-227.375,-200.313,-1.125,-0.516,0.074,1.223,-1.008,-10.875,-6.168,1.798,1.930,1.211,1.364,0,NULL,NULL,,3,1,2,7,255,1321,250,0,0
stim,237393,267514,1,267514,3464834.455,-0.587,0.181,-0.524,0.590,0,0,99,0,0,0,0,104,45,1.041,1,2268,0,308.401,11.645,-271.313,-142.500,-34.563,-0.531,0.277,0.715,-4.164,-10.875,-9.559,1.868,2.000,1.211,1.364,0,NULL,NULL,,3,1,2,7,255,1321,250,0,0
stim,237393,267514,1,267514,3464839.454,-0.589,0.178,-0.532,0.582,0,0,99,0,0,0,0,109,45,1.041,1,2268,0,291.926,8.784,-275.313,-75.313,-61.250,-0.254,0.477,-0.016,-4.164,-7.734,-12.652,1.936,2.070,1.211,1.364,0,NULL,NULL,,3,1,2,7,255,1321,250,0,0
stim,237393,267514,1,267514,3464844.455,-0.592,0.174,-0.538,0.574,0,0,92,0,0,0,0,107,45,1.041,1,2268,0,244.737,3.442,-233.313,-7.063,-73.563,-0.035,0.555,-0.480,-3.438,0.176,-13.938,2.006,2.140,1.211,1.364,0,NULL,NULL,,3,1,2,7,255,1321,250,0,0
stim,237428,267549,1,267549,3464849.453,-0.597,0.170,-0.540,0.569,0,0,89,0,0,0,0,111,45,1.041,1,2268,0,182.538,5.815,-161.125,54.875,-65.938,0.039,0.355,-0.621,-2.441,5.277,-13.938,2.072,2.210,1.211,1.364,0,NULL,NULL,,3,1,2,7,255,1321,250,0,0
stim,237428,267549,1,267549,3464854.455,-0.601,0.166,-0.539,0.566,0,0,83,0,0,0,0,109,45,1.041,1,2268,0,155.165,5.282,-101.625,104.750,-52.688,-0.023,0.117,-0.523,-0.211,5.277,-13.094,2.128,2.266,1.211,1.364,0,NULL,NULL,,3,1,2,7,255,1321,250,0,0
stim,237428,267549,1,267549,3464859.453,-0.606,0.162,-0.537,0.564,0,0,74,0,0,0,0,107,45,1.041,1,2268,0,165.278,4.571,-59.688,146.500,-47.875,-0.098,-0.074,-0.422,1.480,4.324,-12.293,2.166,2.306,1.211,1.364,0,NULL,NULL,,3,1,2,7,255,1321,250,0,0
stim,237428,267549,1,267549,3464864.455,-0.612,0.158,-0.532,0.564,0,0,69,0,0,0,0,93,45,1.041,1,2268,0,184.363,3.827,-33.000,177.688,-36.438,-0.102,-0.117,-0.469,2.789,2.621,-11.875,2.188,2.328,1.211,1.364,0,NULL,NULL,,3,1,2,7,255,1321,250,0,0
stim,237428,267549,1,267549,3464869.454,-0.617,0.153,-0.527,0.564,0,0,57,0,0,0,0,85,45,1.041,1,2268,0,202.479,3.827,6.625,201.563,-18.063,-0.105,0.012,-0.543,2.789,2.621,-11.875,2.196,2.336,1.211,1.364,0,NULL,NULL,,3,1,2,7,255,1321,250,0,0
stim,237428,267549,1,267549,3464874.455,-0.621,0.150,-0.519,0.567,0,0,51,0,0,0,0,69,45,1.041,1,2268,0,224.383,4.125,58.313,216.625,4.563,-0.176,0.160,-0.480,2.684,3.133,-12.762,2.190,2.332,1.211,1.364,0,NULL,NULL,,3,1,2,7,255,1321,250,0,0
stim,237446,267567,1,267567,3464879.453,-0.626,0.147,-0.511,0.571,0,0,41,0,0,0,0,61,45,1.041,1,2268,0,251.225,3.379,101.063,229.688,12.000,-0.301,0.262,-0.297,1.266,3.133,-13.773,2.178,2.320,1.211,1.364,0,NULL,NULL,,3,1,2,7,255,1321,250,0,0
stim,237446,267567,1,267567,3464884.455,-0.630,0.144,-0.501,0.576,0,0,39,0,0,0,0,57,45,1.041,1,2268,0,272.053,1.364,133.375,236.688,14.250,-0.285,0.289,-0.105,-0.313,1.328,-13.773,2.160,2.304,1.211,1.364,0,NULL,NULL,,3,1,2,7,255,1321,250,0,0
stim,237476,267597,1,267597,3464889.453,-0.634,0.142,-0.491,0.581,0,0,33,0,0,0,0,47,45,1.041,1,2268,0,286.587,1.543,149.000,243.063,29.188,-0.281,0.277,0.113,-1.543,-0.004,-13.641,2.140,2.284,1.211,1.364,0,NULL,NULL,,3,1,2,7,255,1321,250,0,0
stim,237476,267597,1,267597,3464894.455,-0.637,0.139,-0.480,0.587,0,0,31,0,0,0,0,45,45,1.041,1,2268,0,293.139,3.026,152.125,247.313,40.313,-0.363,0.320,0.234,-2.512,-1.688,-12.711,2.120,2.264,1.211,1.364,0,NULL,NULL,,3,1,2,7,255,1321,250,0,0
stim,237476,267597,1,267597,3464899.454,-0.641,0.136,-0.469,0.592,0,0,31,0,0,0,0,41,45,1.041,1,2268,0,297.763,4.526,157.000,249.563,41.625,-0.434,0.359,0.348,-3.375,-3.016,-12.711,2.102,2.250,1.211,1.364,0,NULL,NULL,,3,1,2,7,255,1321,250,0,0
stim,237476,267597,1,267597,3464904.455,-0.644,0.134,-0.458,0.598,0,0,20,0,0,0,0,43,45,1.041,1,2268,0,300.156,5.906,160.750,250.813,36.688,-0.480,0.375,0.473,-4.148,-4.203,-12.711,2.092,2.240,1.211,1.364,0,NULL,NULL,,3,1,2,7,255,1321,250,0,0
stim,237476,267597,1,267597,3464909.454,-0.648,0.131,-0.447,0.603,0,0,17,0,0,0,0,47,45,1.041,1,2268,0,301.406,7.245,161.625,252.813,28.438,-0.480,0.344,0.563,-4.828,-5.402,-12.309,2.090,2.238,1.211,1.364,0,NULL,NULL,,3,1,2,7,255,1321,250,0,0
stim,237476,267597,1,267597,3464914.455,-0.651,0.129,-0.435,0.608,0,0,7,0,0,0,0,48,45,1.041,1,2268,0,302.880,7.898,160.688,255.813,21.813,-0.457,0.316,0.676,-4.938,-6.164,-11.523,2.096,2.244,1.211,1.364,0,NULL,NULL,,3,1,2,7,255,1321,250,0,0
stim,237476,267597,1,267597,3464919.453,-0.655,0.126,-0.424,0.612,0,0,2,0,0,0,0,50,45,1.041,1,2268,0,300.042,8.676,148.063,260.500,15.563,-0.453,0.309,0.828,-5.246,-6.910,-10.410,2.114,2.262,1.211,1.364,0,NULL,NULL,,3,1,2,7,255,1321,250,0,0
stim,237476,267597,1,267597,3464924.455,-0.659,0.122,-0.413,0.616,0,0,0,0,0,0,0,51,45,1.041,1,2268,0,296.163,9.776,128.250,266.875,6.500,-0.469,0.270,0.902,-5.750,-7.906,-9.234,2.138,2.288,1.211,1.364,0,NULL,NULL,,3,1,2,7,255,1321,250,0,0
stim,237502,267623,1,267623,3464929.453,-0.664,0.118,-0.402,0.619,0,0,4,0,0,0,0,57,45,1.041,1,2268,0,295.219,10.314,108.813,274.375,-5.688,-0.477,0.215,0.953,-5.750,-8.563,-8.504,2.168,2.318,1.211,1.364,0,NULL,NULL,,3,1,2,7,255,1321,250,0,0
stim,237502,267623,1,267623,3464934.455,-0.669,0.114,-0.391,0.621,0,0,7,0,0,0,0,61,45,1.041,1,2268,0,298.606,10.560,91.188,283.625,-20.188,-0.461,0.176,0.977,-5.473,-9.031,-7.797,2.204,2.356,1.211,1.364,0,NULL,NULL,,3,1,2,7,255,1321,250,0,0
stim,237502,267623,1,267623,3464939.454,-0.675,0.109,-0.380,0.623,0,0,8,0,0,0,0,69,45,1.041,1,2268,0,305.741,10.560,74.688,294.375,-35.250,-0.418,0.191,1.000,-5.473,-9.031,-7.129,2.250,2.404,1.211,1.364,0,NULL,NULL,,3,1,2,7,255,1321,250,0,0
stim,237502,267623,1,267623,3464944.455,-0.681,0.103,-0.369,0.623,0,0,11,0,0,0,0,73,45,1.041,1,2268,0,315.805,10.358,59.750,306.125,-49.500,-0.359,0.223,1.004,-5.512,-8.770,-6.484,2.300,2.456,1.211,1.364,0,NULL,NULL,,3,1,2,7,255,1321,250,0,0
stim,237502,267623,1,267623,3464949.454,-0.688,0.097,-0.358,0.623,0,0,11,0,0,0,0,77,45,1.041,1,2268,0,327.221,9.911,47.750,317.750,-61.875,-0.293,0.191,1.000,-5.637,-8.152,-5.938,2.354,2.510,1.211,1.364,0,NULL,NULL,,3,1,2,7,255,1321,250,0,0
stim,237502,267623,1,267623,3464954.455,-0.695,0.091,-0.347,0.623,0,0,13,0,0,0,0,95,45,1.041,1,2268,0,339.000,9.416,36.688,328.813,-73.875,-0.172,0.094,0.957,-5.637,-7.543,-5.199,2.408,2.566,1.211,1.364,0,NULL,NULL,,3,1,2,7,255,1321,250,0,0
stim,237529,267650,1,267650,3464959.453,-0.703,0.084,-0.336,0.622,0,0,11,0,0,0,0,103,45,1.041,1,2268,0,348.277,7.887,29.125,338.250,-77.688,-0.070,-0.016,0.828,-4.633,-6.383,-4.234,2.462,2.620,1.211,1.364,0,NULL,NULL,,3,1,2,7,255,1321,250,0,0
stim,237529,267650,1,267650,3464964.455,-0.710,0.077,-0.324,0.621,0,0,17,0,0,0,0,107,45,1.041,1,2268,0,351.545,6.050,35.875,342.375,-71.250,-0.082,0.074,0.711,-3.508,-4.930,-4.234,2.512,2.672,1.211,1.364,0,NULL,NULL,,3,1,2,7,255,1321,250,0,0
stim,237529,267650,1,267650,3464969.453,-0.717,0.071,-0.312,0.620,0,0,16,0,0,0,0,109,45,1.041,1,2268,0,357.604,5.370,53.250,345.188,-76.750,-0.063,0.141,0.660,-3.508,-4.066,-5.148,2.558,2.720,1.211,1.364,0,NULL,NULL,,3,1,2,7,255,1321,250,0,0
stim,237529,267650,1,267650,3464974.455,-0.723,0.065,-0.299,0.619,0,0,12,0,0,0,0,113,45,1.041,1,2268,0,362.243,4.849,73.125,346.063,-78.188,0.016,0.055,0.672,-3.508,-3.348,-5.148,2.602,2.764,1.211,1.364,0,NULL,NULL,,3,1,2,7,255,1321,250,0,0
stim,237529,267650,1,267650,3464979.454,-0.730,0.059,-0.285,0.619,0,0,5,0,0,0,0,119,45,1.041,1,2268,0,363.550,4.157,90.313,345.563,-67.813,0.074,0.039,0.695,-3.090,-2.781,-4.598,2.636,2.798,1.211,1.364,0,NULL,NULL,,3,1,2,7,255,1321,250,0,0
stim,237529,267650,1,267650,3464984.455,-0.735,0.054,-0.271,0.619,0,0,0,0,0,0,0,117,45,1.041,1,2268,0,366.511,3.824,108.250,345.313,-58.063,0.098,0.066,0.703,-3.074,-2.273,-3.945,2.664,2.828,1.211,1.364,0,NULL,NULL,,3,1,2,7,255,1321,250,0,0
stim,237575,267696,1,267696,3464989.454,-0.741,0.050,-0.256,0.619,0,0,1,0,0,0,0,115,45,1.041,1,2268,0,372.467,3.601,131.688,344.750,-50.375,0.102,0.086,0.727,-3.074,-1.875,-3.789,2.690,2.854,1.211,1.364,0,NULL,NULL,,3,1,2,7,255,1321,250,0,0
stim,237575,267696,1,267696,3464994.455,-0.745,0.046,-0.241,0.620,0,0,8,0,0,0,0,119,45,1.041,1,2268,0,380.326,3.735,156.750,343.875,-42.750,0.094,0.094,0.820,-3.230,-1.875,-3.520,2.712,2.878,1.211,1.364,0,NULL,NULL,,3,1,2,7,255,1321,250,0,0
stim,237575,267696,1,267696,3464999.454,-0.750,0.043,-0.225,0.621,0,0,10,0,0,0,0,117,45,1.041,1,2268,0,387.025,4.001,175.688,343.000,-35.688,0.055,0.105,0.969,-3.516,-1.910,-2.645,2.732,2.898,1.211,1.364,0,NULL,NULL,,3,1,2,7,255,1321,250,0,0
stim,237575,267696,1,267696,3465004.455,-0.754,0.041,-0.209,0.622,0,0,8,0,0,0,0,119,45,1.041,1,2268,0,391.192,4.691,187.563,341.938,-30.500,0.004,0.125,1.133,-3.957,-2.520,-1.406,2.752,2.918,1.211,1.364,0,NULL,NULL,,3,1,2,7,255,1321,250,0,0
stim,237575,267696,1,267696,3465009.453,-0.758,0.038,-0.192,0.623,0,0,5,0,0,0,0,111,45,1.041,1,2268,0,392.274,5.523,192.875,340.375,-28.688,-0.059,0.164,1.305,-4.488,-3.219,-0.027,2.772,2.938,1.211,1.364,0,NULL,NULL,,3,1,2,7,255,1321,250,0,0
stim,237575,267696,1,267696,3465014.455,-0.761,0.036,-0.176,0.623,0,0,7,0,0,0,0,109,45,1.041,1,2268,0,389.724,6.516,190.500,338.500,-31.813,-0.109,0.199,1.469,-5.207,-3.918,1.383,2.792,2.960,1.211,1.364,0,NULL,NULL,,3,1,2,7,255,1321,250,0,0
stim,237575,267696,1,267696,3465019.454,-0.765,0.033,-0.160,0.624,0,0,12,0,0,0,0,109,45,1.041,1,2268,0,383.043,7.272,179.625,336.313,-36.750,-0.156,0.195,1.605,-5.758,-4.441,2.859,2.814,2.982,1.211,1.364,0,NULL,NULL,,3,1,2,7,255,1321,250,0,0
stim,237575,267696,1,267696,3465024.455,-0.768,0.030,-0.144,0.623,0,0,8,0,0,0,0,109,45,1.041,1,2268,0,373.907,7.533,163.688,333.500,-42.313,-0.168,0.191,1.707,-5.770,-4.844,4.246,2.838,3.006,1.211,1.364,0,NULL,NULL,,3,1,2,7,255,1321,250,0,0
stim,237596,267718,1,267718,3465029.453,-0.771,0.026,-0.129,0.623,0,0,8,0,0,0,0,113,45,1.041,1,2268,0,364.267,7.533,144.000,331.063,-48.500,-0.156,0.199,1.754,-5.770,-4.844,5.406,2.864,3.034,1.211,1.364,0,NULL,NULL,,3,1,2,7,255,1321,250,0,0
stim,237596,267718,0,267718,3465034.455,-0.775,0.022,-0.114,0.622,0,0,10,0,0,0,0,107,45,1.041,1,2268,0,354.741,7.142,123.250,328.250,-53.875,-0.129,0.207,1.742,-5.633,-4.391,6.086,2.892,3.062,1.211,1.364,0,NULL,NULL,,3,0,2,7,255,1316,250,0,0
stim,237596,267718,0,267718,3465039.454,-0.778,0.017,-0.101,0.620,0,0,8,0,0,0,0,125,45,1.041,1,2268,0,345.806,6.516,106.813,323.875,-57.250,-0.117,0.180,1.707,-5.391,-3.660,6.086,2.922,3.092,1.211,1.364,0,NULL,NULL,,3,0,2,7,255,1316,250,0,0
stim,237596,267718,0,267718,3465044.455,-0.781,0.012,-0.087,0.618,0,0,9,0,0,0,0,139,45,1.041,1,2268,0,338.513,5.718,94.563,319.250,-61.063,-0.074,0.145,1.656,-4.789,-3.125,6.078,2.954,3.124,1.211,1.364,0,NULL,NULL,,3,0,2,7,255,1316,250,0,0
stim,237633,267754,0,267754,3465049.454,-0.784,0.007,-0.074,0.616,0,0,13,0,0,0,0,147,45,1.041,1,2268,0,331.825,4.694,87.688,314.125,-61.188,-0.012,0.129,1.578,-4.078,-2.324,5.828,2.986,3.156,1.211,1.364,0,NULL,NULL,,3,0,2,7,255,1316,250,0,0
stim,237633,267754,0,267754,3465054.455,-0.787,0.002,-0.061,0.614,0,0,10,0,0,0,0,147,45,1.041,1,2268,0,326.631,3.687,87.938,309.375,-56.938,0.039,0.168,1.527,-3.457,-1.281,5.281,3.018,3.190,1.211,1.364,0,NULL,NULL,,3,0,2,7,255,1316,250,0,0
stim,237633,267755,0,267755,3465059.454,-0.789,-0.003,-0.048,0.612,0,0,11,0,0,0,0,151,45,1.041,1,2268,0,322.581,3.435,91.438,304.938,-52.063,0.047,0.129,1.473,-3.422,-0.305,4.867,3.048,3.220,1.211,1.364,0,NULL,NULL,,3,0,2,7,255,1316,250,0,0
stim,237633,267755,0,267755,3465064.455,-0.791,-0.007,-0.034,0.610,0,0,18,0,0,0,0,149,45,1.041,1,2268,0,319.756,2.758,100.938,299.938,-45.750,0.031,0.090,1.461,-2.758,0.059,4.453,3.072,3.244,1.211,1.364,0,NULL,NULL,,3,0,2,7,255,1316,250,0,0
stim,237633,267755,0,267755,3465069.453,-0.793,-0.011,-0.021,0.609,0,0,18,0,0,0,0,151,45,1.041,1,2268,0,318.504,2.391,112.563,295.125,-40.938,0.027,0.133,1.492,-2.387,0.148,4.453,3.094,3.266,1.211,1.364,0,NULL,NULL,,3,0,2,7,255,1316,250,0,0
stim,237633,267755,0,267755,3465074.455,-0.794,-0.014,-0.008,0.607,0,0,17,0,0,0,0,149,45,1.041,1,2268,0,317.061,2.444,122.938,290.063,-35.750,0.027,0.180,1.543,-2.387,0.527,4.688,3.112,3.286,1.211,1.364,0,NULL,NULL,,3,0,2,7,255,1316,250,0,0
stim,237672,267793,0,267793,3465079.453,-0.796,-0.017,0.006,0.606,0,0,17,0,0,0,0,152,45,1.041,1,2268,0,315.153,2.637,132.250,284.563,-29.250,0.027,0.188,1.605,-2.449,0.977,5.168,3.128,3.302,1.211,1.364,0,NULL,NULL,,3,0,2,7,255,1316,250,0,0
stim,237672,267793,0,267793,3465084.455,-0.796,-0.019,0.019,0.604,0,0,17,0,0,0,0,149,45,1.041,1,2268,0,313.881,2.809,140.938,279.500,-23.188,0.043,0.191,1.668,-2.449,1.375,5.809,3.140,3.314,1.211,1.364,0,NULL,NULL,,3,0,2,7,255,1316,250,0,0
stim,237672,267793,0,267793,3465089.454,-0.797,-0.021,0.033,0.603,0,0,16,0,0,0,0,149,45,1.041,1,2268,0,313.704,2.846,150.500,274.750,-16.500,0.070,0.195,1.742,-2.145,1.871,6.422,3.150,3.324,1.211,1.364,0,NULL,NULL,,3,0,2,7,255,1316,250,0,0
stim,237672,267793,0,267793,3465094.455,-0.797,-0.022,0.046,0.602,0,0,18,0,0,0,0,152,45,1.041,1,2268,0,314.425,3.085,160.125,270.438,-9.313,0.105,0.211,1.840,-1.797,2.508,7.105,3.160,3.334,1.211,1.364,0,NULL,NULL,,3,0,2,7,255,1316,250,0,0
stim,237672,267793,0,267793,3465099.454,-0.797,-0.023,0.060,0.601,0,0,17,0,0,0,0,152,45,1.041,1,2268,0,315.517,3.640,167.000,267.688,-2.313,0.164,0.238,1.926,-1.508,3.313,7.996,3.166,3.340,1.211,1.364,0,NULL,NULL,,3,0,2,7,255,1316,250,0,0
stim,237672,267793,0,267793,3465104.455,-0.796,-0.024,0.073,0.600,0,0,22,0,0,0,0,155,45,1.041,1,2268,0,317.711,4.510,173.063,266.375,5.813,0.250,0.219,2.000,-1.172,4.355,8.730,3.170,3.344,1.211,1.364,0,NULL,NULL,,3,0,2,7,255,1316,250,0,0
stim,237672,267793,0,267793,3465109.453,-0.795,-0.025,0.087,0.599,0,0,23,0,0,0,0,151,45,1.041,1,2268,0,320.948,5.559,178.688,266.063,17.000,0.355,0.199,2.066,-0.359,5.547,9.250,3.170,3.346,1.211,1.364,0,NULL,NULL,,3,0,2,7,255,1316,250,0,0
stim,237672,267793,0,267793,3465114.455,-0.794,-0.026,0.102,0.599,0,0,19,0,0,0,0,151,45,1.041,1,2268,0,325.924,6.915,183.875,267.563,28.750,0.461,0.211,2.129,0.578,6.891,9.629,3.168,3.344,1.211,1.364,0,NULL,NULL,,3,0,2,7,255,1316,250,0,0
stim,237693,267814,0,267814,3465119.455,-0.792,-0.026,0.116,0.599,0,0,20,0,0,0,0,148,45,1.041,1,2268,0,332.872,8.452,189.563,270.563,40.813,0.539,0.215,2.195,1.223,8.363,9.883,3.164,3.338,1.211,1.364,0,NULL,NULL,,3,0,2,7,255,1316,250,0,0
stim,237693,267814,0,267814,3465124.455,-0.790,-0.026,0.131,0.599,0,0,25,0,0,0,0,150,45,1.041,1,2268,0,339.899,9.767,194.813,273.563,52.375,0.586,0.176,2.293,1.910,9.578,10.156,3.150,3.326,1.211,1.364,0,NULL,NULL,,3,0,2,7,255,1316,250,0,0
stim,237693,267814,0,267814,3465129.454,-0.787,-0.026,0.145,0.599,0,0,22,0,0,0,0,142,45,1.041,1,2268,0,344.183,10.855,194.438,277.563,60.125,0.625,0.176,2.391,2.953,10.445,10.711,3.132,3.308,1.211,1.364,0,NULL,NULL,,3,0,2,7,255,1316,250,0,0
stim,237693,267814,0,267814,3465134.455,-0.783,-0.027,0.160,0.600,0,0,23,0,0,0,0,139,45,1.041,1,2268,0,345.928,12.009,191.375,279.063,71.875,0.668,0.188,2.473,3.672,11.434,11.254,3.110,3.284,1.211,1.364,0,NULL,NULL,,3,0,2,7,255,1316,250,0,0
stim,237693,267814,0,267814,3465139.454,-0.779,-0.025,0.176,0.601,0,0,21,0,0,0,0,146,45,1.041,1,2268,0,376.181,13.145,246.250,263.688,106.500,0.531,0.195,3.078,4.254,12.438,11.609,3.082,3.254,1.211,1.364,0,NULL,NULL,,3,0,2,7,255,1316,250,0,0
stim,237693,267814,0,267814,3465144.455,-0.775,-0.022,0.190,0.603,0,0,25,0,0,0,0,147,45,1.041,1,2268,0,356.735,14.058,241.063,235.313,117.375,0.742,0.598,3.988,5.156,13.078,17.293,3.044,3.216,1.211,1.364,0,NULL,NULL,,3,0,2,7,255,1316,250,0,0
stim,237720,267841,0,267841,3465149.453,-0.772,-0.031,0.199,0.603,0,0,27,0,0,0,0,148,45,1.041,1,2268,0,288.464,15.023,-48.188,284.063,14.063,0.809,-0.324,2.578,5.703,13.898,17.293,3.002,3.172,1.211,1.364,0,NULL,NULL,,3,0,2,7,255,1316,250,0,0
stim,237720,267841,0,267841,3465154.455,-0.768,-0.041,0.206,0.605,0,0,24,0,0,0,0,153,45,1.041,1,2268,0,304.630,14.951,-83.750,288.125,52.625,1.262,-0.141,0.871,5.512,13.898,10.305,2.954,3.124,1.211,1.364,0,NULL,NULL,,3,0,2,7,255,1316,250,0,0
stim,237720,267841,0,267841,3465159.454,-0.763,-0.044,0.219,0.606,0,0,25,0,0,0,0,153,45,1.041,1,2268,0,313.587,14.951,116.000,272.125,104.063,1.254,0.227,0.691,5.512,13.898,-6.746,2.904,3.072,1.211,1.364,0,NULL,NULL,,3,0,2,7,255,1316,250,0,0
stim,237720,267841,0,267841,3465164.455,-0.758,-0.040,0.234,0.607,0,0,26,0,0,0,0,151,45,1.041,1,2268,0,391.381,14.995,281.938,243.000,121.000,1.023,-0.066,1.977,5.512,13.945,-6.746,2.848,3.014,1.211,1.364,0,NULL,NULL,,3,0,2,7,255,1316,250,0,0
stim,237757,267878,0,267878,3465169.453,-0.754,-0.037,0.248,0.607,0,0,26,0,0,0,0,153,45,1.041,1,2268,0,337.238,17.350,223.625,229.125,105.938,0.953,-0.758,2.703,7.461,15.664,3.305,2.786,2.950,1.211,1.364,0,NULL,NULL,,3,0,2,7,255,1316,250,0,0
stim,237757,267878,0,267878,3465174.455,-0.749,-0.039,0.258,0.609,0,0,25,0,0,0,0,155,45,1.041,1,2268,0,263.675,22.469,101.188,218.563,107.313,1.219,-0.828,2.141,15.566,16.203,3.305,2.722,2.884,1.211,1.364,0,NULL,NULL,,3,0,2,7,255,1316,250,0,0
stim,237757,267878,0,267878,3465179.453,-0.743,-0.040,0.268,0.612,0,0,26,0,0,0,0,157,45,1.041,1,2268,0,265.934,22.469,98.438,204.188,139.063,1.301,-0.344,1.195,15.566,16.203,1.402,2.654,2.814,1.211,1.364,0,NULL,NULL,,3,0,2,7,255,1316,250,0,0
stim,237757,267878,0,267878,3465184.455,-0.737,-0.037,0.280,0.614,0,0,24,0,0,0,0,168,45,1.041,1,2268,0,305.694,17.194,191.500,188.938,145.188,1.121,-0.117,1.133,8.199,15.113,-5.707,2.582,2.738,1.211,1.364,0,NULL,NULL,,3,0,2,7,255,1316,250,0,0
stim,237777,267898,0,267898,3465189.454,-0.732,-0.032,0.292,0.614,0,0,25,0,0,0,0,189,45,1.041,1,2268,0,327.978,17.194,247.438,174.688,125.813,1.086,-0.367,1.773,8.199,15.113,-5.707,2.506,2.662,1.211,1.364,0,NULL,NULL,,3,0,2,7,255,1316,250,0,0
stim,237777,267898,0,267898,3465194.455,-0.728,-0.029,0.303,0.614,0,0,25,0,0,0,0,217,45,1.041,1,2268,0,285.695,18.767,208.125,166.500,102.875,1.211,-0.777,2.113,10.301,15.688,-1.309,2.430,2.582,1.211,1.364,0,NULL,NULL,,3,0,2,7,255,1316,250,0,0
stim,237777,267898,0,267898,3465199.454,-0.723,-0.027,0.313,0.615,0,0,24,0,0,0,0,232,45,1.041,1,2268,0,242.442,23.211,156.375,155.563,100.625,1.457,-0.813,1.953,15.398,17.367,-1.309,2.352,2.500,1.211,1.364,0,NULL,NULL,,3,0,2,7,255,1316,250,0,0
stim,237777,267898,0,267898,3465204.455,-0.719,-0.025,0.321,0.616,0,0,28,0,0,0,0,247,45,1.041,1,2268,0,229.572,23.920,142.750,142.938,109.063,1.527,-0.773,1.637,15.398,18.305,-3.754,2.272,2.418,1.211,1.364,0,NULL,NULL,,3,0,2,7,255,1316,250,0,0
stim,237777,267898,0,267898,3465209.453,-0.714,-0.022,0.330,0.617,0,0,28,0,0,0,0,279,45,1.041,1,2268,0,228.618,22.929,162.938,129.063,95.188,1.566,-0.750,1.512,13.809,18.305,-6.836,2.190,2.334,1.211,1.364,0,NULL,NULL,,3,0,2,7,255,1316,250,0,0
stim,237777,267898,0,267898,3465214.455,-0.711,-0.020,0.337,0.617,0,0,24,0,0,0,0,299,45,1.041,1,2268,0,200.154,22.929,142.875,114.000,81.563,1.863,-1.098,1.813,13.809,18.305,-8.328,2.106,2.248,1.211,1.364,0,NULL,NULL,,3,0,2,7,255,1316,250,0,0
stim,237777,267898,0,267898,3465219.453,-0.707,-0.018,0.344,0.618,0,0,29,0,0,0,0,315,45,1.041,1,2268,0,171.006,24.932,111.563,103.125,78.500,1.738,-1.105,1.512,16.148,18.996,-9.023,2.020,2.158,1.211,1.364,0,NULL,NULL,,3,0,2,7,255,1316,250,0,0
stim,237777,267898,0,267898,3465224.455,-0.705,-0.016,0.349,0.617,0,0,25,0,0,0,0,329,45,1.041,1,2268,0,144.799,26.012,111.375,82.000,42.875,1.891,-1.254,1.438,17.078,19.621,-11.055,1.930,2.066,1.211,1.364,0,NULL,NULL,,3,0,2,7,255,1316,250,0,0
stim,237800,267921,0,267921,3465229.454,-0.703,-0.014,0.354,0.616,0,0,28,0,0,0,0,335,45,1.041,1,2268,0,138.416,26.012,122.063,58.125,29.688,1.914,-1.352,1.520,17.078,19.621,-13.211,1.834,1.968,1.211,1.364,0,NULL,NULL,,3,0,2,7,255,1316,250,0,0
stim,237800,267921,0,267921,3465234.455,-0.702,-0.010,0.359,0.615,0,0,29,0,0,0,0,335,45,1.041,1,2268,0,128.919,27.053,122.063,34.313,23.313,2.055,-1.289,1.742,18.289,19.934,-13.211,1.732,1.862,1.211,1.364,0,NULL,NULL,,3,0,2,7,255,1316,250,0,0
stim,237800,267921,0,267921,3465239.454,-0.701,-0.007,0.362,0.614,0,0,27,0,0,0,0,337,45,1.041,1,2268,0,115.200,28.748,106.500,7.625,43.250,1.883,-1.105,1.973,18.289,22.180,-12.453,1.626,1.752,1.211,1.364,0,NULL,NULL,,3,0,2,7,255,1316,250,0,0
stim,237800,267921,0,267921,3465244.455,-0.701,-0.004,0.363,0.614,0,0,25,0,0,0,0,338,45,1.041,1,2268,0,70.258,28.730,65.688,-17.500,17.750,1.492,-0.594,2.305,18.262,22.180,-9.281,1.514,1.636,1.211,1.364,0,NULL,NULL,,3,0,2,7,255,1316,250,0,0
stim,237800,267921,0,267921,3465249.453,-0.702,-0.003,0.362,0.614,0,0,26,0,0,0,0,333,45,1.041,1,2268,0,41.260,27.498,2.438,-41.188,-0.250,1.527,-0.676,2.375,16.621,21.906,-2.820,1.396,1.512,1.211,1.364,0,NULL,NULL,,3,0,2,7,255,1316,250,0,0
stim,237800,267921,0,267921,3465254.455,-0.702,-0.002,0.359,0.615,0,0,28,0,0,0,0,335,45,1.041,1,2268,0,80.219,26.545,-48.000,-62.688,14.188,1.426,-0.672,2.145,15.547,21.516,-2.820,1.276,1.386,1.211,1.364,0,NULL,NULL,,3,0,2,7,255,1316,250,0,0
stim,237829,267950,0,267950,3465259.454,-0.704,-0.003,0.354,0.616,0,0,27,0,0,0,0,341,45,1.041,1,2268,0,117.089,25.292,-84.438,-80.188,-12.250,0.926,-0.512,2.047,15.492,19.992,-2.754,1.158,1.260,1.211,1.364,0,NULL,NULL,,3,0,2,7,255,1316,250,0,0
stim,237829,267950,0,267950,3465264.455,-0.706,-0.005,0.348,0.617,0,0,21,0,0,0,0,393,45,1.041,1,2268,0,159.910,21.037,-123.125,-93.188,-41.563,1.051,-0.473,1.883,13.621,16.031,-2.563,1.044,1.132,1.211,1.364,0,NULL,NULL,,3,0,2,7,255,1316,250,0,0
stim,237829,267950,0,267950,3465269.454,-0.708,-0.004,0.342,0.618,18,0,17,121,0,0,0,489,45,1.041,1,2268,0,145.804,20.761,-83.813,-119.000,-8.563,0.395,-0.973,2.371,13.621,15.668,-1.129,0.934,1.008,1.211,1.364,0,NULL,NULL,,3,0,2,7,255,1316,250,0,0
stim,237829,267950,0,267950,3465274.455,-0.700,0.011,0.339,0.628,471,0,11,742,0,39,0,549,45,1.041,1,2268,0,443.770,20.537,130.313,-201.813,373.125,-0.781,0.820,4.793,14.637,14.406,2.664,0.834,0.888,1.211,1.364,0,NULL,NULL,,3,0,2,7,255,1316,250,0,0
stim,237829,267950,0,267950,3465279.453,-0.691,0.005,0.322,0.647,1037,0,3,1275,0,260,0,606,45,1.041,1,2268,0,642.118,18.513,-488.688,-124.875,397.375,-1.539,2.887,3.867,14.637,11.336,33.855,0.744,0.774,1.211,1.364,0,NULL,NULL,,3,0,2,7,255,1316,250,0,0
stim,237829,267950,0,267950,3465284.455,-0.689,-0.013,0.299,0.661,1469,0,0,1587,0,493,0,675,45,1.041,1,2268,0,758.759,10.998,-745.250,-86.063,113.625,-1.848,2.422,0.672,-8.926,6.426,33.855,0.668,0.664,1.211,1.364,0,NULL,NULL,,3,0,2,7,255,1316,250,0,0
stim,237874,267995,0,267995,3465289.453,-0.689,-0.027,0.280,0.667,1810,0,0,1801,0,620,0,760,45,1.041,1,2268,0,547.509,18.445,-541.375,-81.375,-7.563,-1.754,1.305,-1.109,-14.863,-10.922,11.773,0.602,0.562,1.211,1.364,0,NULL,NULL,,3,0,2,7,255,1316,250,0,0
stim,237874,267995,0,267995,3465294.455,-0.693,-0.034,0.270,0.668,2036,0,0,1897,0,797,0,835,45,1.041,1,2269,0,283.040,18.445,-254.750,-83.875,-90.438,-0.645,0.797,-1.129,-14.863,-10.922,-7.820,0.550,0.464,1.211,1.364,1,1328.000,12.000,,3,0,2,7,255,1316,250,0,0
stim,237874,267995,0,267995,3465299.454,-0.695,-0.032,0.267,0.667,2185,0,0,1951,0,975,0,871,45,1.041,1,2269,0,108.554,14.318,-17.625,-98.375,-42.375,0.238,0.512,0.340,-10.621,-9.602,-7.820,0.516,0.392,1.211,1.364,1,NULL,NULL,,3,0,2,7,255,1316,250,0,0
stim,237874,267995,0,267995,3465304.455,-0.694,-0.030,0.262,0.670,2328,0,0,2058,0,1133,0,941,45,1.041,1,2269,0,136.761,6.013,-59.188,-101.188,70.438,0.223,0.906,1.402,-4.602,3.871,-6.488,0.506,0.352,1.211,1.364,1,NULL,NULL,,3,0,2,7,255,1316,250,0,0
stim,237874,267995,0,267995,3465309.454,-0.691,-0.031,0.254,0.676,2487,0,0,2258,0,1244,0,970,45,1.041,1,2269,0,233.333,6.013,-176.313,-104.125,111.875,-0.449,1.043,1.461,-4.602,3.871,3.773,0.516,0.358,1.211,1.364,1,NULL,NULL,,3,0,2,7,255,1316,250,0,0
stim,237874,267995,0,267995,3465314.455,-0.690,-0.035,0.244,0.681,2649,0,0,2463,0,1245,0,989,45,1.041,1,2269,0,283.429,5.107,-258.500,-100.438,58.500,-1.148,0.301,1.059,-4.602,2.215,4.473,0.536,0.390,1.211,1.364,2,NULL,NULL,,3,0,2,7,255,1316,250,0,0
stim,237909,268030,0,268030,3465319.453,-0.689,-0.039,0.231,0.686,2745,0,0,2628,0,1219,0,1041,45,1.041,1,2269,0,328.509,6.295,-291.563,-138.688,60.625,-1.727,-1.172,0.324,0.266,-6.289,4.473,0.558,0.424,1.211,1.364,2,NULL,NULL,,3,0,2,7,255,1316,250,0,0
stim,237909,268030,0,268030,3465324.455,-0.691,-0.042,0.219,0.688,2829,0,0,2729,0,1190,0,1131,45,1.041,1,2269,0,280.970,16.707,-239.938,-145.125,-17.688,-1.293,-1.098,-0.184,10.570,-12.938,-3.348,0.578,0.454,1.211,1.364,2,NULL,NULL,,3,0,2,7,255,1316,250,0,0
stim,237909,268030,0,268030,3465329.453,-0.694,-0.041,0.211,0.687,2893,0,0,2812,0,1136,0,1212,45,1.041,1,2269,0,196.999,16.707,-92.313,-160.250,-67.875,-0.566,-0.441,0.168,10.570,-12.938,-7.277,0.600,0.476,1.211,1.364,2,NULL,NULL,,3,0,2,7,255,1316,250,0,0
stim,237909,268030,0,268030,3465334.455,-0.697,-0.037,0.206,0.686,2928,0,0,2893,0,1123,0,1279,45,1.041,1,2269,0,168.893,6.738,-11.063,-156.313,-63.000,-0.012,-0.172,1.098,4.664,-4.863,-7.277,0.612,0.488,1.211,1.364,2,NULL,NULL,,3,0,2,7,255,1316,250,0,0
stim,237909,268030,0,268030,3465339.454,-0.699,-0.034,0.201,0.685,2969,0,0,2940,0,1117,0,1309,45,1.041,1,2269,0,153.522,5.766,-39.125,-140.500,-47.938,0.203,-0.512,1.813,4.664,3.391,-0.254,0.606,0.492,1.211,1.364,2,NULL,NULL,,3,0,2,7,255,1316,250,0,0
stim,237909,268030,0,268030,3465344.455,-0.701,-0.034,0.193,0.686,2992,0,0,3001,0,1144,0,1321,45,1.041,1,2269,0,187.448,11.148,-130.875,-133.438,-14.250,0.395,-0.715,1.594,8.391,7.340,2.160,0.584,0.482,1.211,1.364,2,NULL,NULL,,3,0,2,7,255,1316,250,0,0
stim,237909,268030,0,268030,3465349.453,-0.700,-0.035,0.183,0.689,3019,0,0,3037,0,1213,0,1355,45,1.041,1,2269,0,230.366,11.322,-184.188,-128.938,50.188,0.344,-0.742,0.938,8.621,7.340,2.160,0.546,0.464,1.211,1.364,2,NULL,NULL,,3,0,2,7,255,1316,250,0,0
stim,237909,268030,0,268030,3465354.455,-0.697,-0.036,0.175,0.694,3043,0,0,3063,0,1365,0,1415,45,1.041,1,2269,0,231.383,10.322,-163.313,-129.000,101.125,-0.133,-0.715,0.480,8.621,5.676,-3.520,0.504,0.436,1.211,1.364,2,NULL,NULL,,3,0,2,7,255,1316,250,0,0
stim,237909,268030,0,268030,3465359.453,-0.695,-0.034,0.168,0.698,3046,0,0,3087,0,1491,0,1467,45,1.041,1,2269,0,193.066,7.629,-102.125,-133.313,95.250,-0.605,-0.566,0.512,7.629,-0.070,-4.266,0.460,0.400,1.211,1.364,2,NULL,NULL,,3,0,2,7,255,1316,250,0,0
stim,237909,268030,0,268030,3465364.455,-0.695,-0.031,0.162,0.700,3052,0,0,3101,0,1594,0,1529,45,1.041,1,2269,0,145.698,7.229,-44.938,-133.938,35.625,-0.625,-0.250,0.957,6.363,-3.430,-4.266,0.418,0.356,1.211,1.364,2,NULL,NULL,,3,0,2,7,255,1316,250,0,0
stim,237936,268057,0,268057,3465369.453,-0.696,-0.029,0.157,0.700,3064,0,0,3103,0,1726,0,1589,45,1.041,1,2269,0,127.983,5.225,-31.375,-123.375,-13.188,-0.188,0.023,1.355,3.941,-3.430,0.379,0.378,0.306,1.211,1.364,2,NULL,NULL,,3,0,2,7,255,1316,250,0,0
stim,237936,268057,0,268057,3465374.455,-0.697,-0.027,0.152,0.700,3082,0,0,3119,40,1832,0,1651,45,1.041,1,2269,0,131.766,2.357,-61.375,-116.125,-10.500,0.105,0.086,1.398,1.703,1.629,3.191,0.342,0.254,1.211,1.364,2,NULL,NULL,,3,0,2,7,255,1316,250,0,0
stim,237980,268101,0,268101,3465379.454,-0.697,-0.026,0.146,0.702,3068,0,0,3117,102,1915,0,1711,45,1.041,1,2269,0,141.966,4.391,-92.563,-106.875,12.813,0.121,-0.141,1.246,1.703,4.047,3.191,0.310,0.216,1.211,1.364,2,NULL,NULL,,3,0,2,7,255,1316,250,0,0
stim,237980,268101,0,268101,3465384.455,-0.697,-0.026,0.140,0.703,3076,0,0,3125,196,1995,0,1747,45,1.041,1,2269,0,145.000,4.978,-103.000,-99.688,21.875,-0.090,-0.445,0.984,2.898,4.047,1.441,0.282,0.190,1.211,1.364,2,NULL,NULL,,3,0,2,7,255,1316,250,0,0
stim,237980,268101,0,268101,3465389.453,-0.697,-0.026,0.135,0.704,3067,0,0,3125,359,2085,0,1812,45,1.041,1,2269,0,125.556,5.665,-78.750,-96.188,17.625,-0.109,-0.504,0.727,5.500,1.355,-0.871,0.258,0.178,1.211,1.364,2,NULL,NULL,,3,0,2,7,255,1316,250,0,0
stim,237980,268101,0,268101,3465394.455,-0.697,-0.024,0.131,0.705,3091,0,0,3131,543,2160,52,1895,45,1.041,1,2269,0,102.635,5.613,-37.375,-94.313,15.563,-0.059,-0.242,0.813,5.500,1.121,-2.242,0.244,0.174,1.211,1.364,2,NULL,NULL,,3,0,2,7,255,1316,250,0,0
stim,237980,268101,0,268101,3465399.454,-0.697,-0.021,0.128,0.705,3091,0,0,3125,712,2219,141,1983,45,1.041,1,2269,0,80.785,3.397,-7.813,-80.313,3.875,0.035,0.090,1.480,3.207,1.121,-2.242,0.234,0.168,1.211,1.364,2,NULL,NULL,,3,0,2,7,255,1316,250,0,0
stim,237980,268101,0,268101,3465404.455,-0.698,-0.021,0.126,0.705,3081,0,0,3131,875,2261,119,2056,45,1.041,1,2269,0,49.957,3.401,-16.375,-38.313,-27.563,0.242,0.387,1.582,0.738,3.320,4.289,0.226,0.160,1.211,1.364,2,NULL,NULL,,3,0,2,7,255,1316,250,0,0
stim,237980,268101,0,268101,3465409.454,-0.698,-0.021,0.124,0.705,3087,0,0,3135,955,2285,135,2103,45,1.041,1,2269,0,55.539,5.882,-39.125,-36.375,-15.188,0.383,0.727,1.164,-2.117,5.488,4.289,0.222,0.150,1.211,1.364,2,NULL,NULL,,3,0,2,7,255,1316,250,0,0
stim,237980,268101,0,268101,3465414.455,-0.699,-0.021,0.122,0.705,3081,0,0,3143,1047,2313,133,2142,45,1.041,1,2269,0,33.688,6.997,-23.188,-24.438,-0.188,0.090,0.570,1.215,-4.340,5.488,2.234,0.224,0.138,1.211,1.364,2,NULL,NULL,,3,0,2,7,255,1316,250,0,0
stim,237980,268101,0,268101,3465419.454,-0.699,-0.022,0.120,0.705,3087,0,0,3144,1131,2347,146,2184,45,1.041,1,2269,0,60.304,5.394,-57.063,-16.438,-10.500,-0.418,0.082,1.313,-4.340,3.203,2.234,0.238,0.122,1.211,1.364,2,NULL,NULL,,3,0,2,7,255,1316,250,0,0
stim,237980,268101,0,268101,3465424.455,-0.701,-0.025,0.117,0.704,3089,12,0,3147,1195,2365,148,2219,45,1.041,1,2269,0,103.588,1.565,-86.000,-14.813,-55.813,-0.391,0.141,0.949,-0.484,-1.488,2.234,0.258,0.102,1.211,1.364,2,NULL,NULL,,3,0,2,7,255,1316,250,0,0
stim,237980,268101,0,268101,3465429.453,-0.703,-0.026,0.115,0.701,3083,22,0,3136,1253,2391,154,2247,45,1.041,1,2269,0,109.257,1.565,-57.375,-14.688,-91.813,-0.102,0.234,0.824,-0.484,-1.488,0.176,0.280,0.080,1.211,1.364,2,NULL,NULL,,3,0,2,7,255,1316,250,0,0
stim,237980,268101,0,268101,3465434.455,-0.706,-0.027,0.113,0.699,3092,45,0,3155,1353,2394,175,2294,45,1.041,1,2269,0,87.751,0.993,-29.375,-12.000,-81.813,0.184,0.164,1.004,-0.781,0.613,-0.418,0.298,0.064,1.211,1.364,2,NULL,NULL,,3,0,2,7,255,1316,250,0,0
stim,238009,268130,0,268130,3465439.454,-0.707,-0.028,0.112,0.698,3081,61,0,3159,1428,2422,189,2317,45,1.041,1,2269,0,56.737,3.678,-35.375,-10.125,-43.188,0.152,0.125,1.129,-0.781,3.594,-0.418,0.310,0.056,1.211,1.364,2,NULL,NULL,,3,0,2,7,255,1316,250,0,0
stim,238009,268130,0,268130,3465444.455,-0.708,-0.030,0.110,0.697,3091,77,0,3161,1504,2430,198,2349,45,1.041,1,2269,0,58.603,3.611,-53.063,-7.188,-23.813,-0.102,0.078,1.043,-0.348,3.594,0.418,0.320,0.050,1.211,1.364,2,NULL,NULL,,3,0,2,7,255,1316,250,0,0
stim,238009,268130,0,268130,3465449.454,-0.709,-0.031,0.108,0.696,3091,93,0,3159,1558,2449,191,2365,45,1.041,1,2269,0,62.425,1.011,-50.688,-5.625,-36.000,-0.223,0.070,0.891,-0.117,1.004,0.418,0.328,0.044,1.211,1.364,2,NULL,NULL,,3,0,2,7,255,1316,250,0,0
stim,238009,268130,0,268130,3465454.455,-0.711,-0.032,0.107,0.695,3101,119,0,3171,1592,2463,191,2392,45,1.041,1,2269,0,62.925,0.176,-30.938,-4.313,-54.625,-0.156,0.059,0.902,-0.016,0.176,-0.781,0.338,0.038,1.211,1.364,2,NULL,NULL,,3,0,2,7,255,1316,250,0,0
stim,238009,268130,0,268130,3465459.454,-0.712,-0.033,0.106,0.693,3107,135,22,3169,1627,2478,191,2406,45,1.041,1,2269,0,59.725,0.176,-18.500,-3.375,-56.688,-0.055,0.031,0.996,0.012,0.176,-0.781,0.346,0.032,1.211,1.364,2,NULL,NULL,,3,0,2,7,255,1316,250,0,0
stim,238009,268130,0,268130,3465464.455,-0.714,-0.033,0.105,0.692,3102,183,45,3179,1663,2489,197,2419,45,1.041,1,2269,0,48.513,1.365,-19.938,-1.875,-44.188,-0.051,0.012,1.020,0.332,1.324,-0.125,0.352,0.026,1.211,1.364,2,NULL,NULL,,3,0,2,7,255,1316,250,0,0
stim,238039,268160,0,268160,3465469.453,-0.715,-0.034,0.104,0.691,3101,199,73,3183,1707,2508,208,2429,45,1.041,1,2269,0,41.119,1.414,-23.375,-1.063,-33.813,-0.113,0.008,1.004,0.496,1.324,0.031,0.358,0.022,1.211,1.364,2,NULL,NULL,,3,0,2,7,255,1316,250,0,0
stim,238039,268160,0,268160,3465474.455,-0.716,-0.035,0.103,0.690,3094,230,85,3180,1751,2521,219,2447,45,1.041,1,2269,0,39.345,0.939,-21.125,-0.563,-33.188,-0.125,-0.039,0.980,0.527,0.777,0.031,0.362,0.018,1.211,1.364,2,NULL,NULL,,3,0,2,7,255,1316,250,0,0
stim,238039,268160,0,268160,3465479.453,-0.716,-0.036,0.102,0.689,3097,250,121,3179,1774,2525,221,2459,45,1.041,1,2269,0,32.275,1.194,-18.500,-0.688,-26.438,-0.074,-0.141,0.945,0.906,0.777,-0.199,0.368,0.014,1.211,1.364,2,NULL,NULL,,3,0,2,7,255,1316,250,0,0
stim,238039,268160,0,268160,3465484.455,-0.717,-0.036,0.101,0.689,3111,269,171,3187,1815,2536,230,2468,45,1.041,1,2269,0,18.262,1.979,-14.188,-2.063,-11.313,-0.105,-0.188,0.945,1.871,0.645,-0.660,0.372,0.010,1.211,1.364,2,NULL,NULL,,3,0,2,7,255,1316,250,0,0
stim,238076,268197,0,268197,3465489.454,-0.717,-0.037,0.101,0.689,3101,263,232,3193,1853,2539,228,2477,45,1.041,1,2269,0,12.758,1.979,-11.813,-2.688,-4.000,-0.195,-0.086,0.973,1.871,0.645,-0.660,0.376,0.004,1.211,1.364,2,NULL,NULL,,3,0,2,7,255,1316,250,0,0
stim,238076,268197,0,268197,3465494.455,-0.717,-0.037,0.100,0.689,3102,275,285,3192,1876,2534,217,2483,45,1.041,1,2269,0,14.171,1.289,-11.125,-3.000,-8.250,-0.219,-0.035,0.988,1.285,-0.105,-0.148,0.000,0.000,1.211,1.364,2,NULL,NULL,,3,0,2,7,255,1316,250,0,0
stim,238076,268197,0,268197,3465499.454,-0.718,-0.037,0.100,0.688,3101,277,317,3178,1898,2549,212,2486,45,1.009,1,2269,1,15.461,1.064,-9.250,-3.313,-11.938,-0.176,-0.063,0.977,1.059,-0.105,-0.145,0.000,0.000,1.192,1.342,2,NULL,NULL,,3,0,2,7,255,1316,250,0,0
stim,238076,268197,0,268197,3465504.455,-0.718,-0.038,0.099,0.688,3107,277,341,3183,1907,2541,221,2491,45,1.009,1,2269,1,12.471,1.062,-9.250,-3.438,-7.625,-0.129,-0.098,0.973,1.059,0.090,-0.145,0.006,0.004,1.192,1.342,2,NULL,NULL,,3,0,2,7,255,1316,250,0,0
stim,238076,268197,0,268197,3465509.453,-0.718,-0.038,0.099,0.688,3099,275,401,3179,1918,2543,207,2495,45,1.009,1,2269,1,9.821,1.424,-8.938,-4.063,0.250,-0.141,-0.102,0.965,1.375,0.371,-0.281,0.012,0.010,1.192,1.342,2,NULL,NULL,,3,0,2,7,255,1316,250,0,0
stim,238076,268197,0,268197,3465514.455,-0.718,-0.038,0.098,0.688,3097,275,420,3188,1931,2544,209,2496,45,1.009,1,2269,1,8.451,1.424,-7.188,-4.000,1.938,-0.180,-0.070,0.961,1.375,0.371,-0.285,0.018,0.016,1.192,1.342,2,NULL,NULL,,3,0,2,7,255,1316,250,0,0
stim,238076,268197,0,268197,3465519.453,-0.718,-0.038,0.098,0.688,3098,267,443,3179,1945,2553,204,2505,45,1.009,1,2269,1,6.620,1.084,-5.250,-3.813,-1.313,-0.176,-0.039,0.969,1.082,0.063,-0.285,0.024,0.024,1.192,1.342,2,NULL,NULL,,3,0,2,7,255,1316,250,0,0
stim,238076,268197,0,268197,3465524.455,-0.718,-0.038,0.098,0.688,3109,267,471,3207,1941,2549,199,2507,45,1.009,1,2269,1,5.944,0.795,-4.250,-3.875,-1.500,-0.145,-0.035,0.988,0.793,0.063,-0.211,0.032,0.030,1.192,1.342,2,NULL,NULL,,3,0,2,7,255,1316,250,0,0
stim,238105,268226,0,268226,3465529.454,-0.718,-0.038,0.097,0.688,3101,263,482,3176,1951,2553,191,2513,45,1.009,1,2269,1,5.017,0.800,-3.438,-3.563,0.813,-0.152,-0.004,0.988,0.734,0.316,-0.078,0.040,0.038,1.192,1.342,2,NULL,NULL,,3,0,2,7,255,1316,250,0,0
stim,238105,268226,0,268226,3465534.455,-0.718,-0.038,0.097,0.688,3101,261,487,3187,1959,2555,178,2519,45,1.009,1,2269,1,4.696,0.540,-2.813,-3.625,1.000,-0.172,0.039,1.008,0.438,0.316,-0.020,0.046,0.044,1.192,1.342,2,NULL,NULL,,3,0,2,7,255,1316,250,0,0
stim,238105,268226,0,268226,3465539.454,-0.718,-0.038,0.097,0.688,3091,261,502,3172,1967,2549,169,2511,45,1.009,1,2269,1,4.700,0.201,-2.688,-3.625,-1.313,-0.180,0.047,1.012,0.027,0.199,0.199,0.050,0.050,1.192,1.342,2,NULL,NULL,,3,0,2,7,255,1316,250,0,0
stim,238105,268226,0,268226,3465544.455,-0.718,-0.038,0.097,0.688,3090,261,525,3167,1977,2553,172,2516,45,1.009,1,2269,1,5.857,0.133,-2.750,-3.688,-3.625,-0.184,0.047,1.004,-0.063,0.117,0.199,0.056,0.054,1.192,1.342,2,NULL,NULL,,3,0,2,7,255,1316,250,0,0
stim,238105,268226,0,268226,3465549.453,-0.718,-0.038,0.096,0.688,3089,259,563,3165,1995,2553,171,2515,45,1.009,1,2269,1,7.384,0.089,-2.563,-4.125,-5.563,-0.199,0.051,1.000,-0.070,0.055,0.199,0.060,0.058,1.192,1.342,2,NULL,NULL,,3,0,2,7,255,1316,250,0,0
stim,238105,268226,0,268226,3465554.455,-0.718,-0.038,0.096,0.688,3087,261,599,3163,1993,2547,169,2516,45,1.009,1,2269,1,10.728,0.138,-2.125,-4.375,-9.563,-0.203,0.063,1.008,-0.098,-0.098,0.199,0.062,0.062,1.192,1.342,2,NULL,NULL,,3,0,2,7,255,1316,250,0,0
stim,238134,268255,0,268255,3465559.453,-0.719,-0.038,0.096,0.687,3083,253,607,3155,1999,2552,174,2521,45,1.009,1,2269,1,13.894,0.243,-1.875,-4.875,-12.875,-0.180,0.078,1.012,-0.223,-0.098,0.273,0.066,0.064,1.192,1.342,2,NULL,NULL,,3,0,2,7,255,1316,250,0,0
stim,238134,268255,0,268255,3465564.455,-0.719,-0.038,0.096,0.687,3063,261,635,3143,2011,2542,185,2529,45,1.009,1,2269,1,14.524,0.383,-1.563,-5.125,-13.500,-0.164,0.098,1.016,-0.363,0.121,0.289,0.066,0.064,1.192,1.342,2,NULL,NULL,,3,0,2,7,255,1316,250,0,0
stim,238134,268255,0,268255,3465569.454,-0.720,-0.038,0.095,0.687,3055,251,659,3126,2018,2543,181,2525,45,1.009,1,2269,1,13.722,0.646,-2.125,-5.938,-12.188,-0.160,0.113,1.020,-0.574,0.297,0.305,0.066,0.064,1.192,1.342,2,NULL,NULL,,3,0,2,7,255,1316,250,0,0
stim,238134,268255,0,268255,3465574.455,-0.720,-0.037,0.095,0.686,3050,254,672,3119,2038,2538,215,2537,45,1.009,1,2269,1,13.396,0.756,-2.563,-6.375,-11.500,-0.176,0.129,1.020,-0.695,0.297,0.344,0.066,0.064,1.192,1.342,2,NULL,NULL,,3,0,2,7,255,1316,250,0,0
stim,238134,268255,0,268255,3465579.454,-0.720,-0.037,0.095,0.686,3029,254,692,3111,2055,2535,223,2536,45,1.009,1,2269,1,15.483,0.894,-2.063,-6.938,-13.688,-0.180,0.168,1.027,-0.875,0.184,0.387,0.066,0.062,1.192,1.342,2,NULL,NULL,,3,0,2,7,255,1316,250,0,0
stim,238134,268255,0,268255,3465584.455,-0.721,-0.037,0.095,0.686,3029,264,715,3097,2087,2535,251,2535,45,1.009,1,2269,1,17.624,1.248,-1.813,-7.438,-15.875,-0.152,0.195,1.039,-1.234,0.184,0.457,0.062,0.060,1.192,1.342,2,NULL,NULL,,3,0,2,7,255,1316,250,0,0
stim,238174,268295,0,268295,3465589.453,-0.721,-0.037,0.094,0.685,3007,259,751,3093,2119,2533,275,2553,45,1.009,1,2269,1,16.067,1.556,-3.688,-7.563,-13.688,-0.141,0.195,1.039,-1.488,0.453,0.531,0.060,0.056,1.192,1.342,2,NULL,NULL,,3,0,2,7,255,1316,250,0,0
stim,238174,268295,0,268295,3465594.455,-0.722,-0.037,0.094,0.685,2999,254,815,3069,2158,2541,288,2551,45,1.009,1,2269,1,14.930,1.556,-7.250,-8.000,-10.313,-0.172,0.188,1.035,-1.488,0.453,0.531,0.056,0.052,1.192,1.342,2,NULL,NULL,,3,0,2,7,255,1316,250,0,0
stim,238174,268295,0,268295,3465599.454,-0.722,-0.037,0.093,0.685,2987,261,877,3061,2189,2535,317,2569,45,1.009,1,2269,1,17.880,1.450,-9.438,-8.250,-12.750,-0.199,0.172,1.008,-1.426,0.262,0.527,0.052,0.048,1.192,1.342,2,NULL,NULL,,3,0,2,7,255,1316,250,0,0
stim,238174,268295,0,268295,3465604.455,-0.723,-0.037,0.093,0.684,2983,265,965,3059,2215,2535,365,2573,45,1.009,1,2269,1,21.040,1.326,-9.250,-8.750,-16.750,-0.184,0.156,0.996,-1.324,0.063,0.336,0.048,0.042,1.192,1.342,2,NULL,NULL,,3,0,2,7,255,1316,250,0,0
stim,238174,268295,0,268295,3465609.454,-0.723,-0.037,0.092,0.684,2957,275,1043,3036,2247,2541,392,2591,45,1.009,1,2269,1,22.173,1.177,-9.125,-9.063,-18.063,-0.160,0.117,1.000,-1.176,0.063,0.184,0.044,0.034,1.192,1.342,2,NULL,NULL,,3,0,2,7,255,1316,250,0,0
stim,238174,268295,0,268295,3465614.455,-0.724,-0.037,0.092,0.683,2949,275,1098,3043,2283,2537,407,2597,45,1.009,1,2269,1,23.507,0.846,-11.000,-8.813,-18.813,-0.156,0.082,1.000,-0.805,0.262,0.160,0.040,0.028,1.192,1.342,2,NULL,NULL,,3,0,2,7,255,1316,250,0,0
stim,238202,268323,0,268323,3465619.454,-0.724,-0.037,0.091,0.683,2931,274,1187,3029,2313,2540,447,2603,45,1.009,1,2269,1,25.369,0.537,-12.125,-8.438,-20.625,-0.160,0.055,0.992,-0.469,0.262,0.137,0.040,0.022,1.192,1.342,2,NULL,NULL,,3,0,2,7,255,1316,250,0,0
stim,238202,268323,0,268323,3465624.455,-0.725,-0.037,0.090,0.682,2907,283,1245,3007,2344,2543,483,2616,45,1.009,1,2269,1,27.718,0.269,-13.125,-8.188,-23.000,-0.164,0.020,0.977,-0.203,0.176,0.043,0.040,0.016,1.192,1.342,2,NULL,NULL,,3,0,2,7,255,1316,250,0,0
stim,238202,268323,0,268323,3465629.453,-0.726,-0.037,0.090,0.681,2899,288,1339,2991,2373,2535,517,2633,45,1.009,1,2269,1,29.281,0.155,-13.750,-8.063,-24.563,-0.164,-0.035,0.957,0.113,0.105,-0.129,0.040,0.010,1.192,1.342,2,NULL,NULL,,3,0,2,7,255,1316,250,0,0
stim,238202,268323,0,268323,3465634.455,-0.726,-0.038,0.089,0.680,2877,318,1427,2987,2405,2541,599,2638,45,1.009,1,2269,1,29.475,0.603,-13.563,-8.500,-24.750,-0.168,-0.078,0.941,0.602,0.035,-0.320,0.040,0.008,1.192,1.342,2,NULL,NULL,,3,0,2,7,255,1316,250,0,0
stim,238202,268323,0,268323,3465639.454,-0.727,-0.038,0.088,0.680,2855,317,1511,2967,2424,2539,654,2649,45,1.009,1,2269,1,28.404,0.992,-12.250,-9.625,-23.750,-0.176,-0.078,0.945,0.988,-0.090,-0.441,0.042,0.006,1.192,1.342,2,NULL,NULL,,3,0,2,7,255,1316,250,0,0
stim,238202,268323,0,268323,3465644.455,-0.728,-0.038,0.087,0.679,2843,327,1575,2959,2447,2536,734,2655,45,1.009,1,2269,1,28.871,0.992,-12.313,-10.438,-23.938,-0.172,-0.047,0.961,0.988,-0.090,-0.441,0.044,0.008,1.192,1.342,2,NULL,NULL,,3,0,2,7,255,1316,250,0,0
stim,238202,268323,0,268323,3465649.454,-0.729,-0.038,0.086,0.678,2823,335,1644,2943,2470,2536,799,2665,45,1.009,1,2269,1,30.256,0.668,-13.813,-10.875,-24.625,-0.172,-0.027,0.965,0.664,-0.070,-0.250,0.044,0.008,1.192,1.342,2,NULL,NULL,,3,0,2,7,255,1316,250,0,0
stim,238202,268323,0,268323,3465654.455,-0.729,-0.039,0.085,0.678,2795,347,1719,2925,2487,2539,901,2686,45,1.009,1,2269,1,30.984,0.476,-13.875,-11.938,-25.000,-0.164,-0.016,0.965,0.473,-0.055,-0.223,0.046,0.008,1.192,1.342,2,NULL,NULL,,3,0,2,7,255,1316,250,0,0
stim,238226,268347,0,268347,3465659.453,-0.730,-0.039,0.084,0.677,2776,361,1784,2910,2519,2539,950,2692,45,1.009,1,2269,1,30.394,0.328,-13.625,-12.375,-24.188,-0.156,-0.012,0.969,0.328,0.008,-0.223,0.046,0.008,1.192,1.342,2,NULL,NULL,,3,0,2,7,255,1316,250,0,0
stim,238226,268347,0,268347,3465664.455,-0.731,-0.039,0.083,0.676,2750,375,1844,2903,2543,2543,1004,2709,45,1.009,1,2269,1,29.667,0.293,-13.938,-13.813,-22.250,-0.172,-0.004,0.984,0.293,0.008,-0.223,0.044,0.004,1.192,1.342,2,NULL,NULL,,3,0,2,7,255,1316,250,0,0
stim,238226,268347,0,268347,3465669.453,-0.732,-0.039,0.082,0.676,2729,373,1915,2876,2570,2552,1069,2712,45,1.009,1,2269,1,31.039,0.198,-13.875,-14.688,-23.563,-0.176,0.035,0.984,0.195,-0.031,-0.027,0.042,0.004,1.192,1.342,2,NULL,NULL,,3,0,2,7,255,1316,250,0,0
stim,238226,268347,0,268347,3465674.455,-0.732,-0.039,0.082,0.675,2711,389,2008,2864,2589,2547,1161,2719,45,1.009,1,2269,1,32.873,0.198,-11.938,-15.250,-26.563,-0.156,0.090,0.996,-0.195,-0.031,0.008,0.040,0.004,1.192,1.342,2,NULL,NULL,,3,0,2,7,255,1316,250,0,0
stim,238284,268405,0,268405,3465679.454,-0.733,-0.039,0.081,0.674,2665,412,2077,2843,2612,2551,1254,2739,45,1.009,1,2269,1,31.526,0.739,-12.813,-15.250,-24.438,-0.098,0.121,1.016,-0.715,0.188,0.078,0.040,0.008,1.192,1.342,2,NULL,NULL,,3,0,2,7,255,1316,250,0,0
stim,238284,268405,0,268405,3465684.455,-0.734,-0.039,0.080,0.674,2641,423,2153,2833,2629,2567,1341,2747,45,1.009,1,2269,1,30.358,0.828,-15.438,-14.500,-21.750,-0.133,0.086,1.023,-0.715,0.418,0.195,0.040,0.012,1.192,1.342,2,NULL,NULL,,3,0,2,7,255,1316,250,0,0
stim,238284,268405,0,268405,3465689.454,-0.734,-0.039,0.079,0.673,2599,427,2198,2809,2647,2553,1417,2757,45,1.009,1,2269,1,32.002,0.795,-18.063,-14.625,-22.000,-0.141,0.066,1.016,-0.676,0.418,0.254,0.040,0.014,1.192,1.342,2,NULL,NULL,,3,0,2,7,255,1316,250,0,0
stim,238284,268405,0,268405,3465694.455,-0.735,-0.039,0.078,0.672,2557,438,2251,2804,2671,2555,1498,2779,45,1.009,1,2269,1,35.189,0.598,-19.188,-14.500,-25.688,-0.145,0.043,1.000,-0.512,0.309,0.254,0.040,0.016,1.192,1.342,2,NULL,NULL,,3,0,2,7,255,1316,250,0,0
stim,238284,268405,0,268405,3465699.454,-0.736,-0.039,0.076,0.672,2519,457,2284,2774,2685,2571,1595,2783,45,1.009,1,2269,1,36.344,0.439,-18.313,-13.563,-28.313,-0.113,0.035,0.992,-0.313,0.309,0.105,0.042,0.018,1.192,1.342,2,NULL,NULL,,3,0,2,7,255,1316,250,0,0
stim,238284,268405,0,268405,3465704.455,-0.737,-0.040,0.075,0.671,2471,475,2341,2763,2701,2557,1677,2783,45,1.009,1,2269,1,35.316,0.472,-18.375,-13.688,-26.875,-0.113,-0.012,0.988,-0.227,0.414,-0.039,0.044,0.020,1.192,1.342,2,NULL,NULL,,3,0,2,7,255,1316,250,0,0
stim,238284,268405,0,268405,3465709.453,-0.737,-0.040,0.074,0.670,2450,489,2368,2732,2719,2577,1743,2803,45,1.009,1,2269,1,33.299,0.453,-18.688,-13.438,-24.063,-0.109,-0.051,0.988,0.184,0.414,-0.094,0.046,0.020,1.192,1.342,2,NULL,NULL,,3,0,2,7,255,1316,250,0,0
stim,238284,268405,0,268405,3465714.455,-0.738,-0.040,0.073,0.669,2421,502,2413,2717,2743,2573,1820,2800,45,1.009,1,2269,1,32.429,0.680,-19.188,-13.313,-22.500,-0.137,-0.066,0.980,0.543,0.410,-0.105,0.048,0.022,1.192,1.342,2,NULL,NULL,,3,0,2,7,255,1316,250,0,0
stim,238284,268405,0,268405,3465719.454,-0.739,-0.041,0.072,0.669,2367,519,2453,2697,2748,2583,1878,2815,45,1.009,1,2269,1,32.535,0.591,-20.313,-13.750,-21.375,-0.129,-0.043,1.000,0.543,0.234,-0.105,0.048,0.022,1.192,1.342,2,NULL,NULL,,3,0,2,7,255,1316,250,0,0
stim,238284,268405,0,268405,3465724.455,-0.739,-0.041,0.071,0.668,2327,529,2493,2677,2765,2579,1939,2825,45,1.009,1,2269,1,36.588,0.445,-25.000,-13.375,-23.125,-0.152,-0.031,1.023,0.430,0.117,0.055,0.050,0.020,1.192,1.342,2,NULL,NULL,,3,0,2,7,255,1316,250,0,0
stim,238303,268424,0,268424,3465729.453,-0.740,-0.042,0.069,0.668,2261,531,2523,2638,2765,2583,1979,2828,45,1.009,1,2269,1,41.550,0.304,-30.750,-14.313,-24.000,-0.141,-0.027,1.008,0.273,0.133,0.137,0.052,0.020,1.192,1.342,2,NULL,NULL,,3,0,2,7,255,1316,250,0,0
stim,238303,268424,0,268424,3465734.455,-0.741,-0.042,0.068,0.667,2216,547,2553,2619,2783,2583,2031,2843,45,1.009,1,2269,1,40.277,0.253,-29.938,-14.438,-22.750,-0.121,-0.031,0.941,0.215,0.133,0.137,0.054,0.020,1.192,1.342,2,NULL,NULL,,3,0,2,7,255,1316,250,0,0
stim,238303,268424,0,268424,3465739.454,-0.741,-0.042,0.066,0.667,2163,541,2582,2583,2803,2577,2080,2845,45,1.009,1,2269,1,30.348,0.301,-19.563,-15.375,-17.375,-0.102,-0.035,0.906,0.215,0.211,-0.531,0.056,0.020,1.192,1.342,2,NULL,NULL,,3,0,2,7,255,1316,250,0,0
stim,238303,268424,0,268424,3465744.455,-0.742,-0.042,0.066,0.666,2109,541,2603,2553,2821,2585,2135,2862,45,1.009,1,2269,1,22.395,0.315,-9.063,-15.875,-12.938,-0.117,-0.063,0.945,0.234,0.211,-0.531,0.058,0.020,1.192,1.342,2,NULL,NULL,,3,0,2,7,255,1316,250,0,0
stim,238303,268424,0,268424,3465749.454,-0.742,-0.042,0.065,0.666,2035,537,2617,2507,2824,2577,2165,2863,45,1.009,1,2269,1,21.185,0.532,-6.563,-16.750,-11.188,-0.137,-0.070,1.008,0.496,0.191,-0.484,0.058,0.022,1.192,1.342,2,NULL,NULL,,3,0,2,7,255,1316,250,0,0
stim,238303,268424,0,268424,3465754.455,-0.742,-0.042,0.064,0.666,1966,533,2639,2461,2849,2581,2207,2883,45,1.009,1,2269,1,22.758,0.503,-9.313,-16.813,-12.188,-0.137,-0.055,1.016,0.496,0.082,0.172,0.060,0.022,1.192,1.342,2,NULL,NULL,,3,0,2,7,255,1316,250,0,0
stim,238323,268444,0,268444,3465759.454,-0.743,-0.042,0.063,0.665,1897,521,2668,2421,2845,2587,2240,2891,45,1.009,1,2269,1,24.001,0.395,-12.063,-17.313,-11.438,-0.137,-0.023,1.012,0.387,0.082,0.203,0.060,0.022,1.192,1.342,2,NULL,NULL,,3,0,2,7,255,1316,250,0,0
stim,238323,268444,0,268444,3465764.455,-0.743,-0.042,0.062,0.665,1830,504,2679,2349,2856,2580,2279,2887,45,1.009,1,2269,1,23.596,0.125,-11.563,-17.688,-10.500,-0.133,0.020,1.004,0.078,0.098,0.203,0.060,0.024,1.192,1.342,2,NULL,NULL,,3,0,2,7,255,1316,250,0,0
stim,238323,268444,0,268444,3465769.453,-0.743,-0.042,0.061,0.665,1716,491,2709,2299,2867,2582,2317,2895,45,1.009,1,2269,1,23.095,0.387,-9.875,-18.188,-10.250,-0.129,0.023,1.004,-0.363,0.133,0.098,0.062,0.024,1.192,1.342,2,NULL,NULL,,3,0,2,7,255,1316,250,0,0
stim,238323,268444,0,268444,3465774.455,-0.744,-0.041,0.060,0.665,1624,473,2725,2247,2875,2583,2363,2909,45,1.009,1,2269,1,23.598,0.407,-10.000,-18.688,-10.375,-0.125,-0.016,1.027,-0.363,0.184,0.098,0.062,0.024,1.192,1.342,2,NULL,NULL,,3,0,2,7,255,1316,250,0,0
stim,238351,268472,0,268472,3465779.453,-0.744,-0.041,0.059,0.664,1493,445,2741,2165,2885,2578,2387,2907,45,1.009,1,2269,1,25.190,0.192,-12.563,-18.750,-11.188,-0.129,-0.016,1.047,-0.055,0.184,0.332,0.064,0.026,1.192,1.342,2,NULL,NULL,,3,0,2,7,255,1316,250,0,0
stim,238351,268472,0,268472,3465784.455,-0.744,-0.041,0.058,0.664,1365,423,2771,2070,2892,2583,2419,2918,45,1.009,1,2269,1,28.160,0.192,-16.438,-18.938,-12.813,-0.125,0.023,1.039,-0.055,0.184,0.418,0.064,0.026,1.192,1.342,2,NULL,NULL,,3,0,2,7,255,1316,250,0,0
stim,238377,268499,0,268499,3465789.454,-0.745,-0.041,0.057,0.664,1278,373,2772,1947,2903,2577,2449,2919,45,1.009,1,2269,1,29.518,0.491,-17.625,-19.188,-13.875,-0.109,0.035,1.008,-0.438,0.223,0.418,0.066,0.026,1.192,1.342,2,NULL,NULL,,3,0,2,7,255,1316,250,0,0
stim,238377,268499,0,268499,3465794.455,-0.745,-0.041,0.056,0.663,1149,347,2789,1853,2915,2571,2475,2923,45,1.009,1,2269,1,27.258,0.500,-14.500,-19.563,-12.250,-0.109,0.012,0.992,-0.438,0.242,0.094,0.066,0.026,1.192,1.342,2,NULL,NULL,,3,0,2,7,255,1316,250,0,0
stim,238378,268499,0,268499,3465799.454,-0.745,-0.041,0.055,0.663,1023,329,2805,1741,2921,2569,2504,2927,45,1.009,1,2269,1,26.053,0.420,-12.313,-20.188,-10.938,-0.125,-0.016,1.012,-0.344,0.242,0.094,0.066,0.026,1.192,1.342,2,NULL,NULL,,3,0,2,7,255,1316,250,0,0
stim,238378,268499,0,268499,3465804.455,-0.746,-0.041,0.054,0.663,907,299,2821,1612,2934,2565,2531,2935,45,1.009,1,2269,1,27.067,0.128,-12.625,-21.000,-11.500,-0.141,-0.020,1.039,-0.102,0.078,0.195,0.068,0.026,1.192,1.342,2,NULL,NULL,,3,0,2,7,255,1316,250,0,0
stim,238378,268499,0,268499,3465809.453,-0.746,-0.040,0.052,0.662,716,266,2837,1455,2939,2555,2553,2940,45,1.009,1,2269,1,30.250,0.102,-15.688,-21.375,-14.563,-0.137,-0.004,1.039,-0.102,0.000,0.441,0.068,0.024,1.192,1.342,2,NULL,NULL,,3,0,2,7,255,1316,250,0,0
stim,238378,268499,0,268499,3465814.455,-0.747,-0.040,0.051,0.662,587,235,2846,1310,2953,2551,2584,2943,45,1.009,1,2269,1,30.948,0.266,-15.500,-22.563,-14.438,-0.145,0.012,1.039,-0.258,-0.066,0.457,0.070,0.024,1.192,1.342,2,NULL,NULL,,3,0,2,7,255,1316,250,0,0
stim,238378,268499,0,268499,3465819.454,-0.747,-0.040,0.050,0.662,424,181,2861,1115,2963,2541,2611,2953,45,1.009,1,2269,1,32.865,0.434,-16.063,-24.000,-15.688,-0.133,0.035,1.043,-0.434,0.000,0.457,0.070,0.024,1.192,1.342,2,NULL,NULL,,3,0,2,7,255,1316,250,0,0
stim,238378,268499,0,268499,3465824.455,-0.747,-0.040,0.049,0.661,307,153,2873,967,2969,2533,2632,2955,45,1.009,1,2269,1,33.831,0.673,-17.250,-25.750,-13.563,-0.117,0.047,1.051,-0.672,0.031,0.496,0.070,0.022,1.192,1.342,2,NULL,NULL,,3,0,2,7,255,1316,250,0,0
stim,238400,268521,0,268521,3465829.453,-0.748,-0.040,0.047,0.661,159,131,2889,799,2979,2521,2654,2962,45,1.009,1,2269,1,35.025,0.673,-17.063,-27.000,-14.375,-0.141,0.031,1.055,-0.672,0.031,0.512,0.070,0.022,1.192,1.342,2,NULL,NULL,,3,0,2,7,255,1316,250,0,0
stim,238400,268521,0,268521,3465834.455,-0.748,-0.039,0.046,0.660,92,78,2901,612,2987,2507,2679,2967,45,1.009,1,2269,1,39.194,0.675,-18.125,-28.375,-20.063,-0.137,0.020,1.070,-0.672,-0.066,0.598,0.070,0.020,1.192,1.342,2,NULL,NULL,,3,0,2,7,255,1316,250,0,0
stim,238400,268521,0,268521,3465839.454,-0.749,-0.039,0.044,0.660,39,37,2907,445,2995,2485,2701,2971,45,1.009,1,2269,1,42.076,0.605,-17.625,-30.125,-23.500,-0.121,0.004,1.059,-0.602,-0.066,0.625,0.070,0.020,1.192,1.342,2,NULL,NULL,,3,0,2,7,255,1316,250,0,0
stim,238400,268521,0,268521,3465844.455,-0.750,-0.039,0.043,0.659,10,29,2916,267,3004,2463,2719,2975,45,1.009,1,2269,1,43.391,0.438,-16.813,-32.188,-23.750,-0.078,0.008,1.035,-0.434,0.059,0.625,0.072,0.018,1.192,1.342,2,NULL,NULL,,3,0,2,7,255,1316,250,0,0
stim,238400,268521,0,268521,3465849.454,-0.751,-0.038,0.041,0.658,0,19,2924,141,3007,2445,2732,2980,45,1.009,1,2269,1,45.322,0.530,-16.813,-33.813,-25.063,-0.082,0.004,0.996,-0.434,0.305,0.328,0.072,0.018,1.192,1.342,2,NULL,NULL,,3,0,2,7,255,1316,250,0,0
stim,238400,268521,0,268521,3465854.455,-0.751,-0.037,0.040,0.658,0,17,2929,81,3020,2421,2751,2981,45,1.009,1,2269,1,40.489,0.505,3.375,-38.000,-13.563,-0.180,-0.031,1.031,-0.402,0.305,0.328,0.074,0.018,1.192,1.342,2,NULL,NULL,,3,0,2,7,255,1316,250,0,0
stim,238439,268560,0,268560,3465859.454,-0.751,-0.035,0.039,0.658,0,0,2936,49,3029,2395,2777,2986,45,1.009,1,2269,1,47.095,0.715,14.063,-43.688,-10.563,-0.270,-0.086,1.133,-0.223,-0.680,0.445,0.076,0.018,1.192,1.342,2,NULL,NULL,,3,0,2,7,255,1316,250,0,0
stim,238439,268560,0,268560,3465864.455,-0.752,-0.034,0.038,0.657,0,0,2943,0,3035,2376,2794,2987,45,1.009,1,2269,0,56.177,1.560,18.438,-48.625,-21.250,-0.340,-0.191,1.246,0.199,-1.547,1.512,0.080,0.020,1.192,1.342,3,NULL,NULL,,3,0,2,7,255,1316,250,0,0
stim,238439,268560,0,268560,3465869.453,-0.753,-0.031,0.037,0.657,0,0,2951,0,3039,2354,2809,2988,45,1.009,1,2269,0,68.514,2.211,33.313,-56.563,-19.625,-0.344,-0.137,1.457,0.566,-2.137,2.719,0.082,0.024,1.192,1.342,3,NULL,NULL,,3,0,2,7,255,1316,250,0,0
stim,238439,268560,0,268560,3465874.455,-0.753,-0.029,0.035,0.657,0,0,2956,0,3045,2319,2827,2994,45,1.009,1,2269,0,64.968,2.211,11.250,-63.500,-7.875,-0.160,0.027,1.477,0.566,-2.137,4.730,0.082,0.028,1.192,1.342,3,NULL,NULL,,3,0,2,7,255,1316,250,0,0
stim,238439,268560,0,268560,3465879.453,-0.753,-0.028,0.032,0.656,0,0,2959,0,3050,2281,2843,2993,45,1.009,1,2269,0,72.394,0.829,-38.500,-60.750,-8.250,-0.078,0.043,1.203,-0.805,-0.199,4.730,0.080,0.034,1.192,1.342,3,NULL,NULL,,3,0,2,7,255,1316,250,0,0
stim,238439,268560,0,268560,3465884.455,-0.753,-0.028,0.029,0.657,0,0,2959,0,3056,2239,2855,2991,45,1.009,1,2269,0,74.561,0.829,-34.625,-65.563,7.875,-0.129,-0.020,1.000,-0.805,-0.199,1.984,0.076,0.040,1.192,1.342,3,NULL,NULL,,3,0,2,7,255,1316,250,0,0
stim,238473,268594,0,268594,3465889.454,-0.752,-0.026,0.027,0.658,0,0,2963,0,3061,2185,2870,2995,45,1.009,1,2269,0,74.084,0.578,-4.563,-71.750,17.875,-0.215,-0.051,0.977,-0.309,-0.488,0.055,0.070,0.044,1.192,1.342,3,NULL,NULL,,3,0,2,7,255,1316,250,0,0
stim,238473,268594,0,268594,3465894.455,-0.752,-0.023,0.025,0.658,0,0,2963,0,3065,2123,2885,2997,45,1.009,1,2269,0,78.072,1.469,13.188,-76.500,8.313,-0.246,-0.113,1.063,-0.105,-1.465,0.055,0.062,0.050,1.192,1.342,3,NULL,NULL,,3,0,2,7,255,1316,250,0,0
stim,238473,268594,0,268594,3465899.454,-0.752,-0.021,0.022,0.658,0,0,2953,0,3079,2053,2897,2996,45,1.009,1,2269,0,81.091,1.530,11.625,-80.250,0.688,-0.191,-0.152,1.188,0.441,-1.465,0.762,0.052,0.056,1.192,1.342,3,NULL,NULL,,3,0,2,7,255,1316,250,0,0
stim,238473,268594,0,268594,3465904.455,-0.752,-0.019,0.020,0.658,0,0,2959,0,3080,1957,2905,2991,45,1.009,1,2269,0,83.118,1.599,4.375,-83.000,0.625,-0.172,-0.156,1.176,0.867,-1.344,1.813,0.044,0.064,1.192,1.342,3,NULL,NULL,,3,0,2,7,255,1316,250,0,0
stim,238473,268594,0,268594,3465909.453,-0.752,-0.016,0.017,0.659,0,0,2953,0,3087,1855,2919,2991,45,1.009,1,2269,0,85.849,1.525,0.625,-85.813,2.438,-0.148,-0.121,1.113,0.867,-1.254,1.813,0.036,0.072,1.192,1.342,3,NULL,NULL,,3,0,2,7,255,1316,250,0,0
stim,238473,268594,0,268594,3465914.455,-0.752,-0.014,0.014,0.659,0,0,2941,0,3087,1765,2927,2991,45,1.009,1,2269,0,89.721,1.245,3.750,-89.500,5.063,-0.113,-0.082,1.074,0.602,-1.090,1.203,0.030,0.080,1.192,1.342,3,NULL,NULL,,3,0,2,7,255,1316,250,0,0
stim,238503,268624,0,268624,3465919.454,-0.752,-0.011,0.012,0.659,0,0,2933,0,3091,1657,2937,2987,45,1.009,1,2269,0,93.193,0.907,9.688,-92.250,9.000,-0.117,-0.047,1.094,0.266,-0.867,0.930,0.024,0.086,1.192,1.342,3,NULL,NULL,,3,0,2,7,255,1316,250,0,0
stim,238503,268624,0,268624,3465924.455,-0.751,-0.008,0.009,0.660,0,0,2923,0,3091,1519,2943,2985,45,1.009,1,2269,0,96.385,0.873,13.250,-95.063,8.813,-0.137,-0.031,1.121,-0.098,-0.867,0.930,0.018,0.094,1.192,1.342,3,NULL,NULL,,3,0,2,7,255,1316,250,0,0
stim,238503,268624,0,268624,3465929.454,-0.751,-0.004,0.006,0.660,0,0,2911,0,3095,1369,2954,2983,45,1.009,1,2269,0,99.093,1.132,13.125,-98.125,4.313,-0.129,-0.043,1.129,-0.156,-1.121,1.191,0.010,0.102,1.192,1.342,3,NULL,NULL,,3,0,2,7,255,1316,250,0,0
stim,238503,268624,0,268624,3465934.455,-0.751,-0.001,0.003,0.660,0,0,2897,0,3097,1203,2961,2979,45,1.009,1,2269,0,102.494,1.136,10.625,-101.938,0.938,-0.098,-0.035,1.152,-0.184,-1.121,1.262,0.004,0.112,1.192,1.342,3,NULL,NULL,,3,0,2,7,255,1316,250,0,0
stim,238503,268624,0,268624,3465939.454,-0.751,0.002,0.000,0.660,0,0,2877,0,3100,1031,2965,2974,45,1.009,1,2269,0,105.197,0.951,16.188,-103.938,-1.125,-0.090,-0.023,1.063,-0.184,-0.934,1.262,0.008,0.120,1.192,1.342,3,NULL,NULL,,3,0,2,7,255,1316,250,0,0
stim,238503,268624,0,268624,3465944.455,-0.751,0.006,-0.002,0.661,0,0,2863,0,3101,843,2971,2966,45,1.009,1,2269,0,112.464,0.963,25.688,-109.313,6.250,-0.035,0.035,1.133,-0.277,-0.922,1.262,0.014,0.128,1.192,1.342,3,NULL,NULL,,3,0,2,7,255,1316,250,0,0
stim,238503,268624,0,268624,3465949.453,-0.750,0.011,-0.005,0.661,0,0,2841,0,3103,659,2975,2963,45,1.009,1,2269,0,118.911,0.881,26.250,-114.938,15.500,-0.027,0.094,1.223,-0.770,-0.430,1.262,0.022,0.138,1.192,1.342,3,NULL,NULL,,3,0,2,7,255,1316,250,0,0
stim,238503,268624,0,268624,3465954.455,-0.749,0.014,-0.009,0.662,0,0,2811,0,3103,543,2983,2949,45,1.009,1,2269,0,120.006,1.385,15.500,-116.938,22.063,-0.063,0.133,1.270,-1.316,-0.430,2.152,0.028,0.144,1.192,1.342,3,NULL,NULL,,3,0,2,7,255,1316,250,0,0
stim,238526,268647,0,268647,3465959.454,-0.749,0.018,-0.012,0.663,0,0,2779,0,3107,420,2987,2935,45,1.009,1,2269,0,123.153,1.957,4.688,-121.438,19.938,-0.129,0.141,1.262,-1.754,-0.867,2.473,0.034,0.150,1.192,1.342,3,NULL,NULL,,3,0,2,7,255,1316,250,0,0
stim,238526,268647,0,268647,3465964.455,-0.748,0.022,-0.016,0.663,0,0,2743,0,3104,243,2988,2921,45,1.009,1,2269,0,126.209,2.262,0.313,-125.750,10.750,-0.078,0.207,1.270,-1.930,-1.180,2.527,0.042,0.156,1.192,1.342,3,NULL,NULL,,3,0,2,7,255,1316,250,0,0
stim,238526,268647,0,268647,3465969.454,-0.748,0.025,-0.020,0.663,0,0,2703,0,3103,131,2995,2907,45,1.009,1,2269,0,129.039,2.596,-9.688,-128.438,7.813,-0.008,0.191,1.273,-2.313,-1.180,2.527,0.052,0.164,1.192,1.342,3,NULL,NULL,,3,0,2,7,255,1316,250,0,0
stim,238526,268647,0,268647,3465974.455,-0.747,0.029,-0.025,0.664,0,0,2663,0,3103,75,2995,2878,45,1.009,1,2269,0,134.190,2.656,-16.625,-132.438,13.813,-0.035,0.199,1.270,-2.441,-1.047,2.527,0.064,0.172,1.192,1.342,3,NULL,NULL,,3,0,2,7,255,1316,250,0,0
stim,238587,268708,0,268708,3465979.453,-0.747,0.032,-0.030,0.664,0,0,2621,0,3101,21,2997,2857,45,1.009,1,2269,0,138.701,2.606,-17.375,-137.063,12.250,-0.102,0.184,1.270,-2.387,-1.047,2.523,0.078,0.182,1.192,1.342,3,NULL,NULL,,3,0,2,7,255,1316,250,0,0
stim,238587,268708,0,268708,3465984.455,-0.746,0.036,-0.034,0.664,0,0,2557,0,3097,0,2999,2825,45,1.009,1,2269,0,143.758,3.033,-9.000,-143.375,5.375,-0.184,0.129,1.332,-2.387,-1.871,2.523,0.092,0.194,1.192,1.342,3,NULL,NULL,,3,0,2,7,255,1316,250,0,0
stim,238587,268708,0,268708,3465989.453,-0.746,0.040,-0.039,0.664,0,0,2513,0,3097,0,2999,2791,45,1.009,1,2269,0,151.935,3.529,-11.438,-151.500,1.063,-0.172,0.090,1.445,-2.008,-2.902,2.973,0.110,0.208,1.192,1.342,3,NULL,NULL,,3,0,2,7,255,1316,250,0,0
stim,238587,268708,0,268708,3465994.455,-0.745,0.044,-0.045,0.664,0,0,2452,0,3091,0,2999,2746,45,1.009,1,2269,0,160.009,3.669,-16.188,-159.188,0.313,-0.152,0.105,1.594,-1.891,-3.145,4.047,0.128,0.224,1.192,1.342,3,NULL,NULL,,3,0,2,7,255,1316,250,0,0
stim,238587,268708,0,268708,3465999.454,-0.744,0.048,-0.051,0.664,0,0,2379,0,3087,0,2997,2700,45,1.009,1,2269,0,171.885,3.784,-26.000,-169.188,15.625,-0.152,0.145,1.727,-1.891,-3.277,5.473,0.148,0.242,1.192,1.342,3,NULL,NULL,,3,0,2,7,255,1316,250,0,0
stim,238587,268708,0,268708,3466004.455,-0.743,0.051,-0.058,0.665,0,0,2312,0,3079,0,2991,2651,45,1.009,1,2269,0,187.513,4.331,-49.375,-178.813,27.375,-0.211,0.199,1.746,-2.395,-3.609,6.695,0.170,0.264,1.192,1.342,3,NULL,NULL,,3,0,2,7,255,1316,250,0,0
stim,238587,268708,0,268708,3466009.453,-0.742,0.054,-0.066,0.665,0,0,2229,0,3065,0,2986,2595,45,1.009,1,2269,0,204.526,5.380,-67.625,-190.813,29.125,-0.297,0.211,1.695,-3.098,-4.398,6.695,0.196,0.288,1.192,1.342,3,NULL,NULL,,3,0,2,7,255,1316,250,0,0
stim,238587,268708,0,268708,3466014.455,-0.740,0.057,-0.075,0.665,0,0,2127,0,3055,3,2974,2543,45,1.009,1,2269,0,220.241,6.254,-81.313,-203.063,25.688,-0.355,0.172,1.590,-3.137,-5.410,5.996,0.224,0.318,1.192,1.342,3,NULL,NULL,,3,0,2,7,255,1316,250,0,0
stim,238587,268708,0,268708,3466019.453,-0.739,0.061,-0.084,0.665,0,0,2013,0,3045,26,2968,2445,45,1.009,1,2269,0,230.005,6.854,-76.125,-216.375,17.000,-0.367,0.090,1.543,-3.137,-6.094,4.746,0.256,0.350,1.192,1.342,3,NULL,NULL,,3,0,2,7,255,1316,250,0,0
stim,238587,268708,0,268708,3466024.455,-0.738,0.066,-0.094,0.665,0,0,1919,0,3035,41,2956,2372,45,1.009,1,2269,0,238.469,6.897,-66.500,-228.938,5.750,-0.375,0.051,1.621,-2.434,-6.453,4.746,0.288,0.384,1.192,1.342,3,NULL,NULL,,3,0,2,7,255,1316,250,0,0
stim,238587,268708,0,268708,3466029.453,-0.737,0.071,-0.103,0.664,0,0,1831,0,3003,42,2920,2267,45,1.009,1,2269,0,253.057,7.359,-62.125,-245.313,-0.063,-0.414,0.031,1.703,-2.270,-7.000,4.793,0.324,0.420,1.192,1.342,3,NULL,NULL,,3,0,2,7,255,1316,250,0,0
stim,238587,268708,0,268708,3466034.455,-0.736,0.076,-0.114,0.663,0,0,1751,0,2987,55,2895,2164,45,1.009,1,2269,0,271.031,8.199,-62.125,-263.813,-1.125,-0.371,0.176,1.863,-2.270,-7.879,5.324,0.358,0.456,1.192,1.342,3,NULL,NULL,,3,0,2,7,255,1316,250,0,0
stim,238609,268730,0,268730,3466039.454,-0.734,0.082,-0.125,0.662,0,0,1671,0,2965,58,2859,2073,45,1.009,1,2269,0,289.254,8.961,-74.500,-279.438,-5.688,-0.320,0.316,1.965,-3.902,-8.066,6.664,0.400,0.498,1.192,1.342,3,NULL,NULL,,3,0,2,7,255,1316,250,0,0
stim,238609,268730,0,268730,3466044.455,-0.733,0.088,-0.136,0.661,0,0,1583,0,2927,59,2799,1965,45,1.009,1,2269,0,304.949,9.757,-77.875,-294.813,-3.875,-0.344,0.379,2.063,-5.461,-8.086,7.414,0.446,0.546,1.192,1.342,3,NULL,NULL,,3,0,2,7,255,1316,250,0,0
stim,238609,268730,0,268730,3466049.453,-0.731,0.094,-0.149,0.659,0,0,1511,0,2886,47,2733,1863,45,1.009,1,2269,0,319.882,10.986,-78.750,-310.000,-4.813,-0.410,0.395,2.230,-6.367,-8.953,7.953,0.500,0.600,1.192,1.342,3,NULL,NULL,,3,0,2,7,255,1316,250,0,0
stim,238609,268730,0,268730,3466054.455,-0.729,0.101,-0.161,0.657,0,0,1445,0,2838,39,2647,1745,45,1.009,1,2269,0,336.145,12.497,-83.250,-325.500,-10.625,-0.434,0.336,2.313,-6.703,-10.547,8.934,0.560,0.660,1.192,1.342,3,NULL,NULL,,3,0,2,7,255,1316,250,0,0
stim,238609,268730,0,268730,3466059.453,-0.727,0.108,-0.175,0.655,0,0,1332,0,2778,17,2531,1645,45,1.009,1,2269,0,351.925,13.542,-86.625,-341.063,-4.875,-0.500,0.418,2.340,-6.945,-11.625,8.934,0.632,0.732,1.192,1.342,3,NULL,NULL,,3,0,2,7,255,1316,250,0,0
stim,238609,268730,0,268730,3466064.455,-0.725,0.115,-0.189,0.653,0,0,1213,0,2715,1,2391,1547,45,1.009,1,2269,0,365.731,14.940,-93.875,-353.313,-10.813,-0.535,0.539,2.172,-7.793,-12.746,8.801,0.708,0.810,1.192,1.342,3,NULL,NULL,,3,0,2,7,255,1316,250,0,0
stim,238639,268760,0,268760,3466069.454,-0.723,0.123,-0.203,0.649,0,0,1084,0,2631,0,2218,1422,45,1.009,1,2269,0,376.471,14.940,-95.188,-363.063,-29.250,-0.445,0.387,2.156,-7.793,-12.746,6.551,0.788,0.890,1.192,1.342,3,NULL,NULL,,3,0,2,7,255,1316,250,0,0
stim,238639,268760,0,268760,3466074.455,-0.720,0.130,-0.218,0.646,0,0,933,0,2527,0,1980,1286,45,1.009,1,2269,0,394.526,14.859,-109.438,-377.938,-28.938,-0.270,0.133,2.422,-7.617,-12.758,6.551,0.868,0.970,1.192,1.342,3,NULL,NULL,,3,0,2,7,255,1316,250,0,0
stim,238639,268760,0,268760,3466079.454,-0.717,0.136,-0.234,0.642,0,0,715,0,2406,0,1701,1126,45,1.009,1,2269,0,410.767,14.394,-145.250,-384.125,-8.938,-0.281,-0.004,2.254,-5.742,-13.199,7.590,0.938,1.042,1.192,1.342,3,NULL,NULL,,3,0,2,7,255,1316,250,0,0
stim,238639,268760,0,268760,3466084.455,-0.713,0.143,-0.250,0.639,0,0,573,0,2239,0,1363,999,45,1.009,1,2269,0,419.746,13.926,-136.750,-396.813,5.063,-0.266,-0.137,1.887,-4.441,-13.199,7.590,1.000,1.104,1.192,1.342,3,NULL,NULL,,3,0,2,7,255,1316,250,0,0
stim,238676,268797,0,268797,3466089.453,-0.709,0.151,-0.266,0.636,0,0,397,0,2035,0,923,885,45,1.009,1,2269,0,425.946,12.352,-113.125,-410.625,4.438,-0.094,-0.313,1.480,-2.711,-12.051,4.316,1.052,1.158,1.192,1.342,3,NULL,NULL,,3,0,2,7,255,1316,250,0,0
stim,238676,268797,0,268797,3466094.455,-0.704,0.160,-0.281,0.633,0,0,251,0,1785,0,499,748,45,1.009,1,2269,0,428.190,9.251,-67.688,-422.750,6.875,0.113,-0.387,1.219,-0.289,-9.246,1.867,1.098,1.206,1.192,1.342,3,NULL,NULL,,3,0,2,7,255,1316,250,0,0
stim,238676,268797,0,268797,3466099.454,-0.698,0.171,-0.295,0.630,0,0,211,0,1479,0,185,587,45,1.009,1,2269,0,428.951,6.685,-13.750,-428.313,18.938,0.227,-0.246,1.168,-0.266,-6.680,0.832,1.138,1.248,1.192,1.342,3,NULL,NULL,,3,0,2,7,255,1316,250,0,0
stim,238676,268797,1,268797,3466104.455,-0.690,0.183,-0.307,0.629,0,0,125,0,1086,0,0,457,45,1.009,1,2269,0,431.466,6.685,29.125,-428.813,37.875,0.160,-0.031,1.336,-0.266,-6.680,0.832,1.186,1.300,1.192,1.342,3,NULL,NULL,,3,1,2,7,255,1316,250,0,0
stim,238676,268797,1,268797,3466109.454,-0.682,0.195,-0.319,0.628,0,0,94,0,723,0,0,403,45,1.009,1,2269,0,432.943,7.695,45.938,-425.938,62.500,0.074,0.070,1.688,-2.688,-7.211,0.945,1.242,1.358,1.192,1.342,3,NULL,NULL,,3,1,2,7,255,1316,250,0,0
stim,238676,268797,1,268797,3466114.455,-0.672,0.206,-0.332,0.629,0,0,89,0,311,0,0,315,45,1.009,1,2269,0,448.493,11.265,34.000,-432.625,113.250,-0.199,0.094,1.879,-4.406,-10.367,1.375,1.308,1.426,1.192,1.342,3,NULL,NULL,,3,1,2,7,255,1316,250,0,0
stim,238676,268797,1,268797,3466119.454,-0.661,0.216,-0.346,0.630,0,0,67,0,10,0,0,216,45,1.009,1,2269,0,478.025,14.873,8.063,-449.688,161.938,-0.648,0.129,1.867,-4.977,-14.016,1.375,1.384,1.502,1.192,1.342,3,NULL,NULL,,3,1,2,7,255,1316,250,0,0
stim,238676,268797,1,268797,3466124.455,-0.649,0.224,-0.362,0.631,0,0,46,0,0,0,0,101,45,1.009,1,2269,0,498.521,17.755,-22.250,-462.688,184.250,-0.844,0.336,1.641,-5.059,-17.020,-2.555,1.460,1.580,1.192,1.342,4,NULL,NULL,,3,1,2,7,255,1316,250,0,0
stim,238699,268820,1,268820,3466129.453,-0.638,0.232,-0.378,0.630,0,0,26,0,0,0,0,35,45,1.009,1,2269,0,477.127,18.155,-72.188,-447.188,149.875,-0.641,0.863,1.258,-6.320,-17.020,-6.473,1.536,1.656,1.192,1.342,4,NULL,NULL,,3,1,2,7,255,1316,250,0,0
stim,238699,268820,1,268820,3466134.455,-0.628,0.239,-0.393,0.627,0,0,9,0,0,0,0,9,45,1.009,1,2269,0,442.749,16.306,-101.250,-418.188,104.375,-0.242,1.176,1.008,-10.555,-12.430,-8.512,1.614,1.736,1.192,1.342,0,NULL,NULL,,3,1,2,7,255,1316,250,0,0
stim,238699,268820,1,268820,3466139.454,-0.620,0.244,-0.408,0.624,0,0,27,0,0,0,0,17,45,1.009,1,2269,0,415.629,15.404,-119.063,-383.250,108.125,-0.090,1.199,1.016,-13.250,-7.855,-8.512,1.696,1.816,1.192,1.342,0,NULL,NULL,,3,1,2,7,255,1316,250,0,0
stim,238699,268820,1,268820,3466144.455,-0.612,0.246,-0.423,0.621,0,0,40,0,0,0,0,27,45,1.009,1,2269,0,401.472,15.384,-171.438,-341.375,123.500,-0.102,0.758,1.016,-13.250,-7.816,-7.762,1.774,1.894,1.192,1.342,0,NULL,NULL,,3,1,2,7,255,1316,250,0,0
stim,238699,268820,1,268820,3466149.454,-0.606,0.247,-0.437,0.618,0,0,43,0,0,0,0,44,45,1.009,1,2269,0,345.621,12.332,-176.375,-280.500,98.313,-0.188,0.262,1.074,-9.539,-7.816,-7.309,1.848,1.970,1.192,1.342,0,NULL,NULL,,3,1,2,7,255,1316,250,0,0
stim,238699,268820,1,268820,3466154.455,-0.601,0.247,-0.447,0.615,0,0,40,0,0,0,0,59,45,1.009,1,2269,0,272.494,10.672,-144.938,-220.563,67.813,-0.359,0.023,1.297,-4.961,-9.449,-6.867,1.916,2.040,1.192,1.342,0,NULL,NULL,,3,1,2,7,255,1316,250,0,0
stim,238733,268854,1,268854,3466159.454,-0.598,0.247,-0.456,0.611,0,0,40,0,0,0,0,83,45,1.009,1,2269,0,230.519,13.496,-155.500,-164.813,42.375,-0.328,0.152,1.652,-4.961,-12.551,-6.852,1.974,2.100,1.192,1.342,0,NULL,NULL,,3,1,2,7,255,1316,250,0,0
stim,238733,268854,1,268854,3466164.455,-0.598,0.242,-0.465,0.606,0,0,37,0,0,0,0,102,45,1.009,1,2269,0,258.907,14.313,-236.313,-100.188,33.938,-0.211,0.129,1.496,-5.207,-13.332,-5.570,2.032,2.158,1.192,1.342,0,NULL,NULL,,3,1,2,7,255,1316,250,0,0
stim,238733,268854,1,268854,3466169.453,-0.599,0.234,-0.475,0.601,0,0,31,0,0,0,0,115,45,1.009,1,2269,0,314.860,14.313,-309.563,-32.063,47.750,-0.133,0.258,0.785,-5.207,-13.332,-5.570,2.084,2.212,1.192,1.342,0,NULL,NULL,,3,1,2,7,255,1316,250,0,0
stim,238733,268854,1,268854,3466174.455,-0.601,0.223,-0.483,0.596,0,0,21,0,0,0,0,116,45,1.009,1,2269,0,334.223,8.167,-327.000,33.063,60.688,-0.137,0.473,-0.039,-4.648,-6.715,-8.352,2.130,2.260,1.192,1.342,0,NULL,NULL,,3,1,2,7,255,1316,250,0,0
stim,238733,268854,1,268854,3466179.453,-0.604,0.212,-0.488,0.593,0,0,21,0,0,0,0,110,45,1.009,1,2269,0,291.044,4.043,-268.813,89.250,66.938,-0.109,0.527,-0.609,-4.000,0.586,-12.609,2.154,2.286,1.192,1.342,0,NULL,NULL,,3,1,2,7,255,1316,250,0,0
stim,238733,268854,1,268854,3466184.455,-0.607,0.203,-0.489,0.592,0,0,18,0,0,0,0,111,45,1.009,1,2269,0,216.875,6.062,-159.938,130.188,67.125,-0.207,0.199,-0.922,-2.410,5.563,-14.965,2.166,2.298,1.192,1.342,0,NULL,NULL,,3,1,2,7,255,1316,250,0,0
stim,238774,268895,1,268895,3466189.454,-0.609,0.197,-0.487,0.594,0,0,20,0,0,0,0,106,45,1.009,1,2269,0,179.762,5.898,-57.000,157.375,65.563,-0.215,-0.035,-0.641,1.961,5.563,-14.965,2.170,2.300,1.192,1.342,0,NULL,NULL,,3,1,2,7,255,1316,250,0,0
stim,238774,268895,1,268895,3466194.455,-0.611,0.190,-0.484,0.597,0,0,11,0,0,0,0,99,45,1.009,1,2269,0,193.722,4.910,-15.750,176.375,78.563,-0.242,-0.172,-0.324,3.055,3.844,-14.172,2.164,2.296,1.192,1.342,0,NULL,NULL,,3,1,2,7,255,1316,250,0,0
stim,238774,268895,1,268895,3466199.454,-0.613,0.183,-0.479,0.601,0,0,9,0,0,0,0,81,45,1.009,1,2269,0,209.957,3.160,-6.063,188.813,91.625,-0.285,-0.156,-0.273,3.055,0.809,-12.738,2.152,2.284,1.192,1.342,0,NULL,NULL,,3,1,2,7,255,1316,250,0,0
stim,238774,268895,1,268895,3466204.455,-0.614,0.176,-0.474,0.605,0,0,3,0,0,0,0,63,45,1.009,1,2269,0,223.684,2.953,16.500,195.188,108.000,-0.301,-0.063,-0.371,2.840,0.809,-12.738,2.138,2.272,1.192,1.342,0,NULL,NULL,,3,1,2,7,255,1316,250,0,0
stim,238774,268895,1,268895,3466209.453,-0.615,0.170,-0.468,0.611,0,0,6,0,0,0,0,53,45,1.009,1,2269,0,239.102,2.552,58.750,200.000,117.125,-0.387,0.055,-0.391,2.434,0.770,-13.688,2.124,2.258,1.192,1.342,0,NULL,NULL,,3,1,2,7,255,1316,250,0,0
stim,238774,268895,1,268895,3466214.455,-0.616,0.165,-0.461,0.618,0,0,1,0,0,0,0,43,45,1.009,1,2269,0,255.358,1.833,98.813,204.625,116.500,-0.457,0.125,-0.203,1.664,0.770,-14.742,2.110,2.246,1.192,1.342,0,NULL,NULL,,3,1,2,7,255,1316,250,0,0
stim,238798,268919,1,268919,3466219.454,-0.616,0.160,-0.453,0.625,0,0,0,0,0,0,0,44,45,1.009,1,2269,0,266.546,1.092,118.313,208.125,117.188,-0.516,0.176,0.012,0.430,-1.004,-14.742,2.102,2.238,1.192,1.342,0,NULL,NULL,,3,1,2,7,255,1316,250,0,0
stim,238798,268919,1,268919,3466224.455,-0.616,0.155,-0.444,0.631,0,0,0,0,0,0,0,40,45,1.009,1,2269,0,273.136,3.065,125.438,213.000,116.188,-0.563,0.172,0.195,-0.715,-2.980,-14.254,2.100,2.236,1.192,1.342,0,NULL,NULL,,3,1,2,7,255,1316,250,0,0
stim,238798,268919,1,268919,3466229.454,-0.617,0.151,-0.435,0.638,0,0,0,0,0,0,0,41,45,1.009,1,2269,0,272.655,4.890,124.250,216.688,109.313,-0.664,0.160,0.324,-1.297,-4.715,-13.516,2.104,2.242,1.192,1.342,0,NULL,NULL,,3,1,2,7,255,1316,250,0,0
stim,238798,268919,1,268919,3466234.455,-0.618,0.146,-0.426,0.644,0,0,0,0,0,0,0,39,45,1.009,1,2269,0,269.888,6.544,126.938,219.688,92.000,-0.758,0.102,0.430,-1.297,-6.414,-13.402,2.114,2.252,1.192,1.342,0,NULL,NULL,,3,1,2,7,255,1316,250,0,0
stim,238798,268919,1,268919,3466239.454,-0.619,0.142,-0.417,0.650,0,0,0,0,0,0,0,39,45,1.009,1,2269,0,266.036,8.074,131.375,220.688,69.375,-0.816,0.078,0.598,-1.371,-7.957,-13.063,2.136,2.274,1.192,1.342,0,NULL,NULL,,3,1,2,7,255,1316,250,0,0
stim,238798,268919,1,268919,3466244.455,-0.622,0.139,-0.408,0.654,0,0,3,0,0,0,0,37,45,1.009,1,2269,0,257.700,9.742,122.000,222.563,44.625,-0.805,0.105,0.809,-1.371,-9.645,-12.215,2.160,2.300,1.192,1.342,0,NULL,NULL,,3,1,2,7,255,1316,250,0,0
stim,238819,268940,1,268940,3466249.453,-0.625,0.134,-0.399,0.658,0,0,2,0,0,0,0,43,45,1.009,1,2269,0,248.556,11.256,98.688,227.000,22.625,-0.750,0.129,0.926,-2.352,-11.008,-10.742,2.192,2.332,1.192,1.342,0,NULL,NULL,,3,1,2,7,255,1316,250,0,0
stim,238819,268940,1,268940,3466254.455,-0.628,0.130,-0.390,0.660,0,0,1,0,0,0,0,47,45,1.009,1,2269,0,244.113,11.641,70.875,233.563,4.063,-0.691,0.121,0.961,-3.078,-11.227,-9.477,2.226,2.368,1.192,1.342,0,NULL,NULL,,3,1,2,7,255,1316,250,0,0
stim,238819,268940,1,268940,3466259.454,-0.633,0.124,-0.382,0.662,0,0,1,0,0,0,0,59,45,1.009,1,2269,0,247.228,11.641,48.063,242.125,-13.688,-0.652,0.086,0.914,-3.078,-11.227,-8.590,2.268,2.410,1.192,1.342,0,NULL,NULL,,3,1,2,7,255,1316,250,0,0
stim,238819,268940,1,268940,3466264.455,-0.638,0.119,-0.374,0.663,0,0,4,0,0,0,0,69,45,1.009,1,2269,0,257.168,11.024,34.938,252.750,-32.125,-0.598,0.055,0.836,-2.910,-10.633,-8.316,2.314,2.456,1.192,1.342,0,NULL,NULL,,3,1,2,7,255,1316,250,0,0
stim,238819,268940,1,268940,3466269.454,-0.644,0.113,-0.366,0.663,0,0,5,0,0,0,0,82,45,1.009,1,2269,0,271.385,10.033,29.438,265.250,-49.250,-0.531,0.023,0.789,-2.508,-9.715,-8.148,2.360,2.504,1.192,1.342,0,NULL,NULL,,3,1,2,7,255,1316,250,0,0
stim,238819,268940,1,268940,3466274.455,-0.650,0.107,-0.357,0.662,0,0,0,0,0,0,0,93,45,1.009,1,2269,0,287.004,9.193,25.625,278.688,-63.625,-0.453,0.039,0.738,-2.398,-8.875,-7.730,2.410,2.554,1.192,1.342,0,NULL,NULL,,3,1,2,7,255,1316,250,0,0
stim,238850,268971,1,268971,3466279.453,-0.657,0.100,-0.347,0.662,0,0,3,0,0,0,0,105,45,1.009,1,2269,0,302.470,8.262,26.688,292.188,-73.500,-0.379,0.055,0.672,-2.398,-7.906,-7.465,2.460,2.606,1.192,1.342,0,NULL,NULL,,3,1,2,7,255,1316,250,0,0
stim,238850,268971,1,268971,3466284.455,-0.664,0.094,-0.337,0.661,0,0,5,0,0,0,0,115,45,1.009,1,2269,0,315.939,7.241,34.250,303.750,-79.875,-0.332,0.051,0.598,-2.398,-6.832,-7.465,2.508,2.656,1.192,1.342,0,NULL,NULL,,3,1,2,7,255,1316,250,0,0
stim,238882,269003,1,269003,3466289.453,-0.671,0.088,-0.326,0.660,0,0,2,0,0,0,0,120,45,1.009,1,2269,0,327.361,6.409,49.188,312.688,-83.500,-0.289,0.023,0.551,-2.293,-5.984,-7.406,2.554,2.702,1.192,1.342,0,NULL,NULL,,3,1,2,7,255,1316,250,0,0
stim,238883,269004,1,269004,3466294.455,-0.677,0.082,-0.315,0.660,0,0,4,0,0,0,0,121,45,1.009,1,2269,0,336.205,5.656,67.063,319.000,-82.313,-0.273,0.008,0.547,-1.953,-5.309,-7.332,2.598,2.748,1.192,1.342,0,NULL,NULL,,3,1,2,7,255,1316,250,0,0
stim,238883,269004,1,269004,3466299.454,-0.684,0.077,-0.303,0.659,0,0,3,0,0,0,0,120,45,1.009,1,2269,0,343.557,5.419,84.563,322.875,-81.438,-0.227,-0.020,0.578,-1.816,-5.105,-7.113,2.636,2.784,1.192,1.342,0,NULL,NULL,,3,1,2,7,255,1316,250,0,0
stim,238883,269004,1,269004,3466304.455,-0.691,0.072,-0.290,0.659,0,0,0,0,0,0,0,120,45,1.009,1,2269,0,350.631,5.132,104.000,325.125,-80.125,-0.137,-0.012,0.563,-1.781,-4.813,-6.375,2.668,2.820,1.192,1.342,0,NULL,NULL,,3,1,2,7,255,1316,250,0,0
stim,238883,269004,1,269004,3466309.454,-0.697,0.067,-0.276,0.659,0,0,0,0,0,0,0,121,45,1.009,1,2269,0,359.879,4.229,129.563,326.000,-80.313,0.016,-0.082,0.496,-1.738,-3.855,-5.941,2.698,2.850,1.192,1.342,0,NULL,NULL,,3,1,2,7,255,1316,250,0,0
stim,238883,269004,1,269004,3466314.455,-0.702,0.064,-0.261,0.659,0,0,1,0,0,0,0,123,45,1.009,1,2269,0,369.923,2.799,166.938,323.563,-65.438,0.070,-0.016,0.559,-1.664,-2.250,-5.477,2.726,2.876,1.192,1.342,0,NULL,NULL,,3,1,2,7,255,1316,250,0,0
stim,238883,269004,1,269004,3466319.453,-0.707,0.062,-0.245,0.660,0,0,0,0,0,0,0,123,45,1.009,1,2269,0,379.991,2.650,196.188,321.000,-53.500,0.082,0.168,0.742,-1.664,-2.063,-4.813,2.748,2.900,1.192,1.342,0,NULL,NULL,,3,1,2,7,255,1316,250,0,0
stim,238883,269004,1,269004,3466324.455,-0.711,0.060,-0.229,0.662,0,0,0,0,0,0,0,139,45,1.009,1,2269,0,384.620,4.321,210.125,319.250,-43.125,0.102,0.164,0.898,-3.797,-2.063,-3.621,2.768,2.922,1.192,1.342,0,NULL,NULL,,3,1,2,7,255,1316,250,0,0
stim,238883,269004,1,269004,3466329.453,-0.715,0.058,-0.213,0.664,0,0,1,0,0,0,0,141,45,1.009,1,2269,0,387.318,4.454,220.438,317.375,-26.375,0.117,0.113,0.977,-3.797,-2.328,-2.051,2.788,2.942,1.192,1.342,0,NULL,NULL,,3,1,2,7,255,1316,250,0,0
stim,238883,269004,1,269004,3466334.455,-0.718,0.056,-0.196,0.666,0,0,1,0,0,0,0,147,45,1.009,1,2269,0,392.545,4.321,231.188,317.000,-12.438,0.059,0.090,1.156,-3.633,-2.340,-1.063,2.808,2.964,1.192,1.342,0,NULL,NULL,,3,1,2,7,255,1316,250,0,0
stim,238908,269029,1,269029,3466339.454,-0.720,0.054,-0.180,0.668,0,0,1,0,0,0,0,147,45,1.009,1,2269,0,389.026,4.869,225.500,317.000,-1.375,0.051,0.082,1.355,-3.633,-3.242,0.516,2.830,2.986,1.192,1.342,0,NULL,NULL,,3,1,2,7,255,1316,250,0,0
stim,238908,269029,1,269029,3466344.455,-0.722,0.051,-0.164,0.670,0,0,1,0,0,0,0,142,45,1.009,1,2269,0,383.408,5.248,215.313,317.000,12.375,0.016,0.152,1.492,-3.746,-3.676,2.484,2.854,3.010,1.192,1.342,0,NULL,NULL,,3,1,2,7,255,1316,250,0,0
stim,238908,269029,1,269029,3466349.454,-0.723,0.048,-0.148,0.673,0,0,0,0,0,0,0,141,45,1.009,1,2269,0,378.324,5.974,205.688,317.063,17.125,-0.113,0.238,1.617,-4.434,-4.004,3.664,2.882,3.038,1.192,1.342,0,NULL,NULL,,3,1,2,7,255,1316,250,0,0
stim,238908,269029,0,269029,3466354.455,-0.725,0.045,-0.132,0.674,0,0,0,0,0,0,0,151,45,1.009,1,2269,0,370.101,7.012,191.375,316.625,9.938,-0.145,0.191,1.781,-4.840,-5.074,4.535,2.912,3.068,1.192,1.342,0,NULL,NULL,,3,0,2,7,255,1310,250,0,0
stim,238908,269029,0,269029,3466359.453,-0.727,0.041,-0.117,0.676,0,0,0,0,0,0,0,148,45,1.009,1,2269,0,358.242,7.198,166.938,316.938,4.438,-0.152,0.168,1.887,-4.840,-5.328,6.281,2.944,3.100,1.192,1.342,0,NULL,NULL,,3,0,2,7,255,1310,250,0,0
stim,238908,269029,0,269029,3466364.455,-0.728,0.036,-0.103,0.677,0,0,3,0,0,0,0,153,45,1.009,1,2269,0,344.473,6.974,137.563,315.813,-0.625,-0.152,0.168,1.938,-4.500,-5.328,7.516,2.976,3.134,1.192,1.342,0,NULL,NULL,,3,0,2,7,255,1310,250,0,0
stim,238938,269059,0,269059,3466369.453,-0.730,0.030,-0.090,0.677,0,0,7,0,0,0,0,153,45,1.009,1,2269,0,332.195,6.568,105.188,315.063,-5.000,-0.129,0.141,1.887,-4.305,-4.961,7.953,3.010,3.168,1.192,1.342,0,NULL,NULL,,3,0,2,7,255,1310,250,0,0
stim,238938,269059,0,269059,3466374.455,-0.731,0.024,-0.077,0.677,0,0,7,0,0,0,0,155,45,1.009,1,2269,0,322.646,5.635,79.625,312.563,-8.063,-0.090,0.063,1.766,-3.754,-4.203,7.953,3.042,3.200,1.192,1.342,0,NULL,NULL,,3,0,2,7,255,1310,250,0,0
stim,238938,269059,0,269059,3466379.454,-0.733,0.017,-0.065,0.677,0,0,10,0,0,0,0,163,45,1.009,1,2269,0,318.070,4.227,67.313,310.750,-8.500,-0.078,0.063,1.586,-2.703,-3.250,7.043,3.070,3.228,1.192,1.342,0,NULL,NULL,,3,0,2,7,255,1310,250,0,0
stim,238938,269059,0,269059,3466384.455,-0.734,0.010,-0.053,0.677,0,0,9,0,0,0,0,166,45,1.009,1,2269,0,314.580,3.429,68.313,306.938,-9.125,-0.070,0.020,1.504,-2.367,-2.480,5.406,3.094,3.254,1.192,1.342,0,NULL,NULL,,3,0,2,7,255,1310,250,0,0
stim,238976,269097,0,269097,3466389.454,-0.735,0.003,-0.041,0.676,0,0,13,0,0,0,0,163,45,1.009,1,2269,0,312.531,2.616,74.188,303.375,-11.625,-0.082,-0.004,1.461,-1.754,-1.941,4.742,3.116,3.276,1.192,1.342,0,NULL,NULL,,3,0,2,7,255,1310,250,0,0
stim,238976,269097,0,269097,3466394.455,-0.736,-0.003,-0.029,0.676,0,0,11,0,0,0,0,158,45,1.009,1,2269,0,310.196,2.159,80.500,299.313,-12.375,-0.070,-0.023,1.484,-1.352,-1.684,4.691,3.134,3.294,1.192,1.342,0,NULL,NULL,,3,0,2,7,255,1310,250,0,0
stim,238976,269097,0,269097,3466399.454,-0.737,-0.009,-0.017,0.675,0,0,10,0,0,0,0,157,45,1.009,1,2269,0,306.335,1.629,81.938,295.125,-5.375,0.012,-0.070,1.504,-1.063,-1.234,4.691,3.148,3.308,1.192,1.342,0,NULL,NULL,,3,0,2,7,255,1310,250,0,0
stim,238976,269097,0,269097,3466404.455,-0.737,-0.015,-0.005,0.675,0,0,15,0,0,0,0,157,45,1.009,1,2269,0,302.594,0.882,84.563,290.313,11.438,-0.031,-0.008,1.492,-0.875,-0.113,4.777,3.160,3.320,1.192,1.342,0,NULL,NULL,,3,0,2,7,255,1310,250,0,0
stim,238976,269097,0,269097,3466409.453,-0.737,-0.020,0.007,0.675,0,0,13,0,0,0,0,153,45,1.009,1,2269,0,301.288,0.882,97.813,284.625,14.000,-0.125,0.090,1.469,-0.875,-0.113,4.777,3.168,3.330,1.192,1.342,0,NULL,NULL,,3,0,2,7,255,1310,250,0,0
stim,238976,269097,0,269097,3466414.455,-0.737,-0.024,0.020,0.675,0,0,17,0,0,0,0,155,45,1.009,1,2269,0,302.448,1.646,116.250,279.125,7.063,-0.121,0.094,1.539,-1.637,-0.172,4.777,3.176,3.338,1.192,1.342,0,NULL,NULL,,3,0,2,7,255,1310,250,0,0
stim,238976,269097,0,269097,3466419.454,-0.737,-0.028,0.032,0.674,0,0,19,0,0,0,0,151,45,1.009,1,2269,0,302.987,1.646,128.625,274.250,6.625,-0.043,0.066,1.648,-1.637,-0.172,5.285,3.180,3.342,1.192,1.342,0,NULL,NULL,,3,0,2,7,255,1310,250,0,0
stim,238976,269097,0,269097,3466424.455,-0.737,-0.032,0.045,0.674,0,0,19,0,0,0,0,149,45,1.009,1,2269,0,303.256,1.518,136.875,270.125,16.188,0.012,0.090,1.730,-1.125,1.020,6.277,3.182,3.344,1.192,1.342,0,NULL,NULL,,3,0,2,7,255,1310,250,0,0
stim,238999,269120,0,269120,3466429.454,-0.736,-0.035,0.058,0.674,0,0,21,0,0,0,0,148,45,1.009,1,2269,0,306.187,2.312,146.875,267.625,23.563,0.031,0.133,1.805,-1.125,2.020,7.020,3.182,3.344,1.192,1.342,0,NULL,NULL,,3,0,2,7,255,1310,250,0,0
stim,238999,269120,0,269120,3466434.455,-0.735,-0.037,0.071,0.674,0,0,20,0,0,0,0,152,45,1.009,1,2269,0,310.994,2.890,157.625,266.813,26.125,0.090,0.125,1.883,-1.063,2.688,7.695,3.178,3.340,1.192,1.342,0,NULL,NULL,,3,0,2,7,255,1310,250,0,0
stim,238999,269120,0,269120,3466439.454,-0.733,-0.040,0.085,0.673,0,0,18,0,0,0,0,152,45,1.009,1,2269,0,316.331,3.829,165.125,268.063,30.688,0.195,0.145,1.945,-0.809,3.742,8.316,3.168,3.330,1.192,1.342,0,NULL,NULL,,3,0,2,7,255,1310,250,0,0
stim,238999,269120,0,269120,3466444.455,-0.732,-0.042,0.098,0.673,0,0,18,0,0,0,0,153,45,1.009,1,2269,0,323.381,5.307,172.563,270.750,38.625,0.297,0.188,1.988,-0.598,5.273,8.656,3.154,3.316,1.192,1.342,0,NULL,NULL,,3,0,2,7,255,1310,250,0,0
stim,238999,269120,0,269120,3466449.453,-0.730,-0.044,0.113,0.673,0,0,22,0,0,0,0,153,45,1.009,1,2269,0,332.512,6.813,183.500,273.250,47.188,0.410,0.219,2.066,-0.574,6.789,8.750,3.136,3.296,1.192,1.342,0,NULL,NULL,,3,0,2,7,255,1310,250,0,0
stim,238999,269120,0,269120,3466454.455,-0.727,-0.046,0.127,0.673,0,0,19,0,0,0,0,153,45,1.009,1,2269,0,340.659,8.473,192.188,275.563,56.375,0.539,0.238,2.156,-0.445,8.461,9.109,3.108,3.270,1.192,1.342,0,NULL,NULL,,3,0,2,7,255,1310,250,0,0
stim,239032,269153,0,269153,3466459.454,-0.724,-0.047,0.142,0.673,0,0,19,0,0,0,0,153,45,1.009,1,2269,0,346.870,10.348,195.500,278.313,68.125,0.641,0.211,2.219,-0.105,10.348,9.457,3.074,3.236,1.192,1.342,0,NULL,NULL,,3,0,2,7,255,1310,250,0,0
stim,239032,269153,0,269153,3466464.455,-0.721,-0.049,0.157,0.673,0,0,23,0,0,0,0,151,45,1.009,1,2269,0,350.898,11.902,197.063,279.188,79.688,0.691,0.180,2.281,0.605,11.887,9.520,3.036,3.196,1.192,1.342,0,NULL,NULL,,3,0,2,7,255,1310,250,0,0
stim,239032,269153,0,269153,3466469.454,-0.717,-0.051,0.172,0.674,0,0,21,0,0,0,0,151,45,1.009,1,2269,0,351.947,13.010,197.563,277.375,88.875,0.730,0.176,2.355,1.367,12.938,9.637,2.990,3.150,1.192,1.342,0,NULL,NULL,,3,0,2,7,255,1310,250,0,0
stim,239032,269153,0,269153,3466474.455,-0.713,-0.052,0.186,0.675,0,0,21,0,0,0,0,151,45,1.009,1,2269,0,348.385,14.099,191.438,274.125,97.875,0.770,0.207,2.410,1.852,13.977,9.879,2.940,3.098,1.192,1.342,0,NULL,NULL,,3,0,2,7,255,1310,250,0,0
stim,239032,269153,0,269153,3466479.453,-0.708,-0.054,0.200,0.675,0,0,21,0,0,0,0,153,45,1.009,1,2269,0,339.722,15.071,179.313,270.500,100.438,0.797,0.207,2.426,1.945,14.945,9.879,2.882,3.040,1.192,1.342,0,NULL,NULL,,3,0,2,7,255,1310,250,0,0
stim,239032,269154,0,269154,3466484.455,-0.703,-0.056,0.213,0.676,0,0,22,0,0,0,0,158,45,1.009,1,2269,0,326.785,15.866,165.500,262.375,102.750,0.840,0.176,2.402,2.242,15.707,9.594,2.820,2.978,1.192,1.342,0,NULL,NULL,,3,0,2,7,255,1310,250,0,0
stim,239073,269194,0,269194,3466489.453,-0.698,-0.058,0.226,0.677,0,0,21,0,0,0,0,157,45,1.009,1,2269,0,311.625,16.643,146.938,253.438,106.250,0.863,0.074,2.270,2.773,16.410,8.801,2.756,2.914,1.192,1.342,0,NULL,NULL,,3,0,2,7,255,1310,250,0,0
stim,239073,269194,0,269194,3466494.455,-0.693,-0.060,0.238,0.678,0,0,23,0,0,0,0,163,45,1.009,1,2269,0,300.545,16.810,142.750,241.313,108.250,0.914,-0.086,2.156,3.625,16.414,6.961,2.690,2.848,1.192,1.342,0,NULL,NULL,,3,0,2,7,255,1310,250,0,0
stim,239073,269194,0,269194,3466499.454,-0.688,-0.061,0.249,0.679,0,0,22,0,0,0,0,171,45,1.009,1,2269,0,287.700,17.175,137.500,227.125,110.813,0.922,-0.301,1.977,5.055,16.414,5.074,2.620,2.774,1.192,1.342,0,NULL,NULL,,3,0,2,7,255,1310,250,0,0
stim,239073,269194,0,269194,3466504.455,-0.683,-0.062,0.260,0.680,0,0,22,0,0,0,0,173,45,1.009,1,2269,0,273.986,17.566,136.250,213.688,104.125,0.918,-0.480,1.766,6.813,16.191,2.645,2.542,2.694,1.192,1.342,0,NULL,NULL,,3,0,2,7,255,1310,250,0,0
stim,239073,269194,0,269194,3466509.454,-0.678,-0.063,0.270,0.680,0,0,22,0,0,0,0,183,45,1.009,1,2269,0,268.404,17.455,150.750,197.000,102.500,0.980,-0.598,1.625,8.109,15.457,0.059,2.454,2.608,1.192,1.342,0,NULL,NULL,,3,0,2,7,255,1310,250,0,0
stim,239073,269194,0,269194,3466514.455,-0.674,-0.062,0.281,0.681,0,0,25,0,0,0,0,198,45,1.009,1,2269,0,264.188,17.772,166.750,181.563,95.000,0.953,-0.746,1.527,8.879,15.395,-2.063,2.364,2.516,1.192,1.342,0,NULL,NULL,,3,0,2,7,255,1310,250,0,0
stim,239100,269221,0,269221,3466519.453,-0.670,-0.061,0.292,0.680,0,0,24,0,0,0,0,205,45,1.009,1,2269,0,265.436,17.819,192.375,166.063,76.625,0.969,-0.578,1.586,8.879,15.449,-3.035,2.274,2.426,1.192,1.342,0,NULL,NULL,,3,0,2,7,255,1310,250,0,0
stim,239100,269221,0,269221,3466524.455,-0.667,-0.059,0.302,0.679,0,0,25,0,0,0,0,227,45,1.009,1,2269,0,254.063,18.469,192.188,148.875,73.813,1.258,-0.797,1.926,10.121,15.449,-3.035,2.184,2.336,1.192,1.342,0,NULL,NULL,,3,0,2,7,255,1310,250,0,0
stim,239100,269221,0,269221,3466529.453,-0.663,-0.057,0.311,0.678,0,0,26,0,0,0,0,245,45,1.009,1,2269,0,226.679,21.394,165.188,135.875,75.063,1.121,-0.910,1.848,11.594,17.980,-3.035,2.092,2.242,1.192,1.342,0,NULL,NULL,,3,0,2,7,255,1310,250,0,0
stim,239100,269221,0,269221,3466534.455,-0.661,-0.055,0.320,0.677,0,0,24,0,0,0,0,266,45,1.009,1,2269,0,206.919,22.022,161.625,120.688,46.125,1.246,-0.699,1.746,11.594,18.723,-3.406,1.992,2.140,1.192,1.342,0,NULL,NULL,,3,0,2,7,255,1310,250,0,0
stim,239100,269221,0,269221,3466539.454,-0.659,-0.054,0.327,0.675,0,0,24,0,0,0,0,282,45,1.009,1,2269,0,192.566,21.386,159.563,105.375,22.750,1.555,-0.453,1.852,10.336,18.723,-4.484,1.888,2.034,1.192,1.342,0,NULL,NULL,,3,0,2,7,255,1310,250,0,0
stim,239100,269221,0,269221,3466544.455,-0.657,-0.052,0.334,0.673,0,0,23,0,0,0,0,330,45,1.009,1,2269,0,162.781,23.937,132.875,92.000,19.438,1.801,-0.602,1.895,9.406,22.012,-4.699,1.780,1.926,1.192,1.342,0,NULL,NULL,,3,0,2,7,255,1310,250,0,0
stim,239118,269239,0,269239,3466549.453,-0.656,-0.052,0.339,0.672,0,0,21,0,0,0,0,353,45,1.009,1,2269,0,125.924,25.756,97.438,78.563,13.813,1.883,-0.777,1.738,9.406,23.977,-6.375,1.670,1.814,1.192,1.342,0,NULL,NULL,,3,0,2,7,255,1310,250,0,0
stim,239118,269239,0,269239,3466554.455,-0.656,-0.051,0.343,0.671,0,0,23,0,0,0,0,371,45,1.009,1,2269,0,105.822,26.142,84.313,63.875,-3.125,1.973,-0.996,1.430,10.418,23.977,-8.887,1.554,1.696,1.192,1.342,0,NULL,NULL,,3,0,2,7,255,1310,250,0,0
stim,239118,269239,0,269239,3466559.453,-0.656,-0.050,0.348,0.669,0,0,22,0,0,0,0,382,45,1.009,1,2269,0,106.884,25.918,94.500,46.750,-17.563,2.172,-1.141,1.227,11.285,23.332,-12.676,1.436,1.574,1.192,1.342,0,NULL,NULL,,3,0,2,7,255,1310,250,0,0
stim,239118,269239,0,269239,3466564.455,-0.656,-0.048,0.352,0.666,0,0,21,0,0,0,0,393,45,1.009,1,2269,0,120.610,26.087,117.625,25.750,-6.938,2.242,-1.199,1.246,11.668,23.332,-15.969,1.312,1.450,1.192,1.342,0,NULL,NULL,,3,0,2,7,255,1310,250,0,0
stim,239118,269239,0,269239,3466569.454,-0.656,-0.044,0.355,0.665,0,0,21,0,0,0,0,395,45,1.009,1,2269,0,126.768,26.830,126.625,4.750,3.688,2.188,-1.137,1.352,12.211,23.891,-15.969,1.188,1.322,1.192,1.342,0,NULL,NULL,,3,0,2,7,255,1310,250,0,0
stim,239118,269239,0,269239,3466574.455,-0.656,-0.040,0.359,0.663,0,0,20,0,0,0,0,391,45,1.009,1,2269,0,131.894,26.904,128.688,-20.250,20.625,2.031,-1.070,1.641,12.227,23.965,-15.434,1.058,1.188,1.192,1.342,0,NULL,NULL,,3,0,2,7,255,1310,250,0,0
stim,239157,269278,0,269278,3466579.454,-0.655,-0.035,0.360,0.663,0,0,25,0,0,0,0,391,45,1.009,1,2269,0,115.535,27.102,100.813,-43.875,35.500,1.848,-0.750,2.043,12.211,24.195,-12.336,0.932,1.054,1.192,1.342,0,NULL,NULL,,3,0,2,7,255,1310,250,0,0
stim,239157,269278,0,269278,3466584.455,-0.656,-0.031,0.360,0.663,0,0,25,0,0,0,0,388,45,1.009,1,2269,0,84.702,27.029,48.375,-64.125,26.875,1.449,-0.578,2.199,12.047,24.195,-7.207,0.808,0.920,1.192,1.342,0,NULL,NULL,,3,0,2,7,255,1310,250,0,0
stim,239180,269301,0,269301,3466589.453,-0.657,-0.029,0.358,0.663,0,0,25,0,0,0,0,378,45,1.009,1,2269,0,81.022,25.653,-1.000,-80.750,6.563,1.340,-0.633,2.211,12.047,22.648,-3.250,0.692,0.790,1.192,1.342,0,NULL,NULL,,3,0,2,7,255,1310,250,0,0
stim,239180,269301,0,269301,3466594.455,-0.658,-0.027,0.354,0.664,0,0,15,0,0,0,0,457,45,1.009,1,2269,0,105.932,24.706,-43.688,-95.938,-10.438,1.121,-0.594,2.066,11.863,21.672,-2.664,0.590,0.666,1.192,1.342,0,NULL,NULL,,3,0,2,7,255,1310,250,0,0
stim,239180,269301,0,269301,3466599.454,-0.657,-0.017,0.353,0.665,91,0,12,328,0,17,0,539,45,1.009,1,2269,0,250.506,22.788,142.063,-166.625,121.688,-0.203,-1.086,3.699,12.480,19.066,-2.285,0.504,0.552,1.192,1.342,0,NULL,NULL,,3,0,2,7,255,1310,250,0,0
stim,239180,269301,0,269301,3466604.455,-0.648,-0.000,0.351,0.676,765,0,7,974,0,150,0,569,45,1.009,1,2269,0,500.199,22.456,120.625,-229.750,427.625,-0.934,1.883,5.914,11.863,19.066,14.309,0.432,0.442,1.192,1.342,0,NULL,NULL,,3,0,2,7,255,1310,250,0,0
stim,239180,269301,0,269301,3466609.454,-0.642,-0.010,0.329,0.692,1276,0,0,1468,0,455,0,635,45,1.009,1,2269,0,681.496,18.018,-623.625,-120.500,247.000,-1.801,2.582,3.441,9.707,15.180,35.359,0.378,0.342,1.192,1.342,0,NULL,NULL,,3,0,2,7,255,1310,250,0,0
stim,239180,269301,0,269301,3466614.455,-0.641,-0.029,0.301,0.705,1727,0,0,1795,0,601,0,703,45,1.009,1,2269,0,814.879,7.223,-805.625,-116.125,38.875,-1.590,2.285,-0.277,-7.164,0.922,35.359,0.364,0.274,1.192,1.342,0,NULL,NULL,,3,0,2,7,255,1310,250,0,0
stim,239180,269301,0,269301,3466619.454,-0.643,-0.040,0.283,0.711,2035,0,0,1929,0,847,0,780,45,1.009,1,2270,0,512.081,22.913,-499.125,-112.375,-21.750,-1.195,1.547,-1.695,-17.027,-15.332,2.719,0.372,0.254,1.192,1.342,1,1306.000,-4.000,,3,0,2,7,255,1310,250,0,0
stim,239180,269301,0,269301,3466624.455,-0.645,-0.041,0.274,0.712,2197,0,0,2027,0,987,0,841,45,1.009,1,2270,0,210.865,22.913,-168.188,-121.688,-37.000,-0.313,0.727,-0.773,-17.027,-15.332,-12.852,0.388,0.262,1.192,1.342,1,NULL,NULL,,3,0,2,7,255,1310,250,0,0
stim,239180,269301,0,269301,3466629.453,-0.645,-0.038,0.269,0.714,2343,0,0,2095,0,1197,0,913,45,1.009,1,2270,0,143.433,10.521,-41.063,-130.875,41.938,0.133,0.426,1.191,-8.363,-6.383,-12.852,0.406,0.292,1.192,1.342,1,NULL,NULL,,3,0,2,7,255,1310,250,0,0
stim,239180,269301,0,269301,3466634.455,-0.642,-0.036,0.262,0.720,2441,0,0,2171,0,1304,0,967,45,1.009,1,2270,0,223.257,9.969,-139.250,-126.938,119.750,-0.035,1.477,1.574,-8.363,5.426,1.016,0.430,0.328,1.192,1.342,1,NULL,NULL,,3,0,2,7,255,1310,250,0,0
stim,239213,269334,0,269334,3466639.454,-0.640,-0.037,0.252,0.726,2551,0,0,2280,0,1378,0,1004,45,1.009,1,2270,0,278.235,11.285,-219.875,-124.313,116.688,-0.648,1.590,1.313,-9.895,5.426,8.137,0.454,0.360,1.192,1.342,2,NULL,NULL,,3,0,2,7,255,1310,250,0,0
stim,239213,269334,0,269334,3466644.455,-0.639,-0.040,0.240,0.730,2709,0,0,2493,0,1437,0,1020,45,1.009,1,2270,0,293.495,10.025,-264.875,-118.875,43.000,-0.973,0.559,1.070,-9.895,-1.609,8.137,0.480,0.386,1.192,1.342,2,NULL,NULL,,3,0,2,7,255,1310,250,0,0
stim,239213,269334,0,269334,3466649.454,-0.638,-0.044,0.227,0.734,2807,0,0,2647,0,1430,0,1085,45,1.009,1,2270,0,331.559,5.172,-298.125,-140.250,37.188,-1.371,-0.918,0.484,-1.324,-5.000,4.500,0.498,0.408,1.192,1.342,2,NULL,NULL,,3,0,2,7,255,1310,250,0,0
stim,239213,269334,0,269334,3466654.455,-0.638,-0.046,0.213,0.739,2892,0,0,2761,0,1455,0,1212,45,1.009,1,2270,0,334.443,15.386,-288.125,-166.438,33.688,-1.215,-1.293,-0.031,11.953,-9.688,-3.020,0.492,0.414,1.192,1.342,2,NULL,NULL,,3,0,2,7,255,1310,250,0,0
stim,239213,269334,0,269334,3466659.454,-0.641,-0.045,0.203,0.739,2940,0,0,2848,0,1447,0,1324,45,1.009,1,2270,0,232.475,15.386,-148.125,-173.625,-44.250,-0.707,-0.988,-0.078,11.953,-9.688,-8.934,0.468,0.410,1.192,1.342,2,NULL,NULL,,3,0,2,7,255,1310,250,0,0
stim,239213,269334,0,269334,3466664.455,-0.644,-0.040,0.198,0.738,2983,0,0,2925,0,1445,0,1390,45,1.009,1,2270,0,177.823,11.872,-20.375,-168.375,-53.438,0.027,-0.539,0.801,10.410,-5.707,-8.934,0.438,0.404,1.192,1.342,2,NULL,NULL,,3,0,2,7,255,1310,250,0,0
stim,239240,269361,0,269361,3466669.453,-0.646,-0.036,0.194,0.737,3006,0,0,2973,0,1455,0,1433,45,1.009,1,2270,0,152.827,7.837,5.750,-145.000,-47.938,0.430,-0.504,1.848,7.055,3.414,-3.758,0.408,0.396,1.192,1.342,2,NULL,NULL,,3,0,2,7,255,1310,250,0,0
stim,239240,269361,0,269361,3466674.455,-0.647,-0.034,0.187,0.738,3035,0,0,3027,0,1485,0,1436,45,1.009,1,2270,0,155.060,12.335,-83.313,-130.500,-8.500,0.629,-0.465,2.094,6.695,10.359,4.711,0.380,0.376,1.192,1.342,2,NULL,NULL,,3,0,2,7,255,1310,250,0,0
stim,239240,269361,0,269361,3466679.453,-0.646,-0.035,0.178,0.742,3047,0,0,3053,0,1548,0,1453,45,1.009,1,2270,0,240.672,12.335,-197.813,-121.000,64.438,0.445,-0.473,1.531,6.695,10.359,4.711,0.350,0.344,1.192,1.342,2,NULL,NULL,,3,0,2,7,255,1310,250,0,0
stim,239240,269361,0,269361,3466684.455,-0.642,-0.037,0.167,0.747,3063,0,0,3081,0,1635,0,1495,45,1.009,1,2270,0,290.575,11.352,-237.750,-117.250,119.000,-0.113,-0.625,0.723,6.695,9.168,2.195,0.322,0.308,1.192,1.342,2,NULL,NULL,,3,0,2,7,255,1310,250,0,0
stim,239277,269398,0,269398,3466689.453,-0.639,-0.038,0.158,0.752,3063,0,0,3096,0,1749,0,1543,45,1.009,1,2270,0,242.330,7.217,-180.000,-118.625,110.688,-0.613,-0.711,0.344,6.996,1.773,-3.852,0.294,0.270,1.192,1.342,2,NULL,NULL,,3,0,2,7,255,1310,250,0,0
stim,239277,269398,0,269398,3466694.455,-0.638,-0.036,0.152,0.754,3079,0,0,3118,0,1844,0,1595,45,1.009,1,2270,0,162.324,7.977,-91.750,-122.063,55.063,-0.684,-0.438,0.598,6.996,-3.832,-3.852,0.266,0.240,1.192,1.342,2,NULL,NULL,,3,0,2,7,255,1310,250,0,0
stim,239277,269398,0,269398,3466699.454,-0.638,-0.033,0.147,0.755,3089,0,0,3120,0,1943,0,1676,45,1.009,1,2270,0,130.185,7.100,-45.063,-122.125,1.750,-0.371,0.105,1.020,5.977,-3.832,-3.188,0.240,0.218,1.192,1.342,2,NULL,NULL,,3,0,2,7,255,1310,250,0,0
stim,239277,269398,0,269398,3466704.455,-0.640,-0.031,0.142,0.755,3081,0,0,3132,5,2043,0,1735,45,1.009,1,2270,0,130.399,1.265,-55.688,-115.875,-21.813,-0.082,0.285,1.348,0.629,-1.098,0.801,0.218,0.204,1.192,1.342,2,NULL,NULL,,3,0,2,7,255,1310,250,0,0
stim,239277,269398,0,269398,3466709.453,-0.641,-0.030,0.135,0.755,3081,0,0,3143,173,2153,0,1879,45,1.009,1,2270,0,155.444,2.160,-107.563,-111.000,-16.500,-0.012,-0.035,1.352,0.629,2.066,2.984,0.204,0.192,1.192,1.342,2,NULL,NULL,,3,0,2,7,255,1310,250,0,0
stim,239277,269398,0,269398,3466714.455,-0.641,-0.031,0.128,0.756,3083,0,0,3148,397,2235,51,1989,45,1.009,1,2270,0,171.163,3.422,-136.188,-103.500,-6.125,0.039,-0.383,1.020,1.559,3.047,2.984,0.198,0.176,1.192,1.342,2,NULL,NULL,,3,0,2,7,255,1310,250,0,0
stim,239277,269398,0,269398,3466719.453,-0.642,-0.031,0.123,0.756,3095,0,0,3147,567,2279,75,2099,45,1.009,1,2270,0,106.842,5.403,-76.063,-70.125,-26.688,0.219,-0.422,1.289,4.383,3.160,1.547,0.194,0.160,1.192,1.342,2,NULL,NULL,,3,0,2,7,255,1310,250,0,0
stim,239277,269398,0,269398,3466724.455,-0.644,-0.031,0.120,0.755,3090,0,0,3172,797,2314,73,2155,45,1.009,1,2270,0,77.345,6.981,-43.438,-45.625,-44.875,0.395,-0.102,0.988,4.383,5.434,-0.672,0.192,0.146,1.192,1.342,2,NULL,NULL,,3,0,2,7,255,1310,250,0,0
stim,239298,269419,0,269419,3466729.453,-0.645,-0.029,0.119,0.754,3080,0,0,3155,933,2355,87,2204,45,1.009,1,2270,0,59.667,5.523,1.438,-48.438,-34.813,0.418,0.480,1.066,0.988,5.434,0.086,0.190,0.134,1.192,1.342,2,NULL,NULL,,3,0,2,7,255,1310,250,0,0
stim,239298,269419,0,269419,3466734.455,-0.646,-0.028,0.118,0.754,3082,0,0,3159,1069,2379,109,2259,45,1.009,1,2270,0,29.305,5.611,1.688,-26.875,-11.563,0.117,0.238,1.484,-1.414,5.430,0.086,0.194,0.126,1.192,1.342,2,NULL,NULL,,3,0,2,7,255,1310,250,0,0
stim,239298,269419,0,269419,3466739.454,-0.646,-0.030,0.115,0.754,3081,0,0,3153,1130,2393,116,2297,45,1.009,1,2270,0,89.556,4.022,-86.563,-18.750,-13.250,-0.352,-0.094,1.480,-1.414,3.766,4.410,0.206,0.112,1.192,1.342,2,NULL,NULL,,3,0,2,7,255,1310,250,0,0
stim,239298,269419,0,269419,3466744.455,-0.647,-0.033,0.111,0.753,3087,22,0,3154,1195,2411,121,2345,45,1.009,1,2270,0,112.601,0.295,-103.500,-17.500,-40.750,-0.262,0.102,0.770,-0.168,-0.242,4.410,0.222,0.098,1.192,1.342,2,NULL,NULL,,3,0,2,7,255,1310,250,0,0
stim,239298,269419,0,269419,3466749.454,-0.650,-0.034,0.109,0.751,3087,33,0,3157,1259,2423,119,2377,45,1.009,1,2270,0,92.073,0.498,-47.125,-14.875,-77.688,-0.184,0.164,0.773,-0.168,-0.469,-1.848,0.242,0.080,1.192,1.342,2,NULL,NULL,,3,0,2,7,255,1310,250,0,0
stim,239298,269419,0,269419,3466754.455,-0.653,-0.034,0.107,0.749,3079,54,0,3163,1305,2431,138,2395,45,1.009,1,2270,0,91.116,1.048,-18.000,-14.938,-88.063,0.066,0.148,1.098,-0.938,-0.469,-1.848,0.256,0.068,1.192,1.342,2,NULL,NULL,,3,0,2,7,255,1310,250,0,0
stim,239328,269449,0,269449,3466759.453,-0.655,-0.035,0.106,0.747,3093,61,0,3157,1379,2449,140,2424,45,1.009,1,2270,0,77.674,2.707,-39.688,-9.688,-66.063,0.105,0.027,1.180,-0.938,2.539,0.703,0.266,0.062,1.192,1.342,2,NULL,NULL,,3,0,2,7,255,1310,250,0,0
stim,239328,269449,0,269449,3466764.455,-0.656,-0.037,0.103,0.747,3078,78,0,3163,1463,2463,141,2453,45,1.009,1,2270,0,76.989,2.542,-66.125,-5.375,-39.063,-0.035,-0.090,1.012,0.129,2.539,0.703,0.272,0.058,1.192,1.342,2,NULL,NULL,,3,0,2,7,255,1310,250,0,0
stim,239328,269449,0,269449,3466769.453,-0.657,-0.039,0.100,0.746,3081,103,0,3161,1512,2467,141,2459,45,1.009,1,2270,0,74.499,2.044,-63.000,-3.313,-39.625,-0.207,-0.063,0.871,1.164,1.680,-0.113,0.278,0.056,1.192,1.342,2,NULL,NULL,,3,0,2,7,255,1310,250,0,0
stim,239328,269449,0,269449,3466774.455,-0.659,-0.040,0.099,0.744,3087,105,0,3164,1561,2478,143,2476,45,1.009,1,2270,0,70.265,1.164,-42.813,-4.125,-55.563,-0.168,0.035,0.895,1.164,0.027,-0.887,0.288,0.050,1.192,1.342,2,NULL,NULL,,3,0,2,7,255,1310,250,0,0
stim,239328,269449,0,269449,3466779.454,-0.661,-0.041,0.097,0.743,3091,119,0,3167,1595,2489,147,2485,45,1.009,1,2270,0,66.550,0.124,-29.875,-3.313,-59.375,-0.031,0.078,0.996,0.121,0.027,-0.887,0.298,0.042,1.192,1.342,2,NULL,NULL,,3,0,2,7,255,1310,250,0,0
stim,239328,269449,0,269449,3466784.455,-0.663,-0.042,0.096,0.742,3098,152,9,3219,1633,2495,149,2494,45,1.009,1,2270,0,56.143,1.480,-31.125,-1.875,-46.688,0.039,0.035,1.074,-0.098,1.477,-0.148,0.308,0.038,1.192,1.342,2,NULL,NULL,,3,0,2,7,255,1310,250,0,0
stim,239373,269494,0,269494,3466789.454,-0.663,-0.043,0.095,0.741,3089,171,42,3171,1668,2505,149,2504,45,1.009,1,2270,0,48.324,2.084,-37.375,0.688,-30.625,0.016,-0.035,1.031,-0.098,2.082,0.035,0.314,0.036,1.192,1.342,2,NULL,NULL,,3,0,2,7,255,1310,250,0,0
stim,239373,269494,0,269494,3466794.455,-0.664,-0.044,0.093,0.741,3087,205,57,3179,1717,2506,167,2508,45,1.009,1,2270,0,39.138,2.151,-34.375,1.813,-18.625,-0.055,-0.063,0.930,0.539,2.082,0.035,0.318,0.034,1.192,1.342,2,NULL,NULL,,3,0,2,7,255,1310,250,0,0
stim,239373,269494,0,269494,3466799.454,-0.664,-0.045,0.092,0.740,3089,218,89,3175,1745,2511,163,2509,45,1.009,1,2270,0,27.147,1.450,-23.938,1.188,-12.750,-0.137,-0.047,0.914,0.754,1.238,-0.781,0.324,0.030,1.192,1.342,2,NULL,NULL,,3,0,2,7,255,1310,250,0,0
stim,239373,269494,0,269494,3466804.455,-0.665,-0.045,0.092,0.740,3089,233,135,3175,1775,2520,159,2517,45,1.009,1,2270,0,21.025,0.858,-16.000,0.625,-13.625,-0.180,-0.008,0.969,0.754,0.410,-0.781,0.328,0.028,1.192,1.342,2,NULL,NULL,,3,0,2,7,255,1310,250,0,0
stim,239373,269494,0,269494,3466809.453,-0.665,-0.046,0.091,0.740,3091,239,160,3177,1805,2519,157,2516,45,1.009,1,2270,0,21.523,0.481,-13.188,0.563,-17.000,-0.164,0.035,1.012,0.406,0.258,-0.176,0.334,0.024,1.192,1.342,2,NULL,NULL,,3,0,2,7,255,1310,250,0,0
stim,239373,269494,0,269494,3466814.455,-0.666,-0.046,0.091,0.739,3093,261,205,3176,1822,2521,157,2518,45,1.009,1,2270,0,22.172,0.258,-14.000,0.438,-17.188,-0.133,0.027,1.020,-0.012,0.258,0.246,0.336,0.020,1.192,1.342,2,NULL,NULL,,3,0,2,7,255,1310,250,0,0
stim,239398,269519,0,269519,3466819.453,-0.666,-0.047,0.090,0.739,3091,261,259,3179,1846,2523,150,2521,45,0.991,1,2270,1,19.007,0.594,-14.875,0.688,-11.813,-0.113,-0.047,1.000,-0.012,0.594,0.246,0.000,0.000,1.158,1.303,2,NULL,NULL,,3,0,2,7,255,1310,250,0,0
stim,239398,269519,0,269519,3466824.455,-0.666,-0.047,0.089,0.739,3091,264,279,3175,1867,2527,147,2523,45,0.991,1,2270,1,15.106,0.888,-14.188,0.000,-5.188,-0.148,-0.078,0.973,0.660,0.594,-0.012,0.006,0.006,1.158,1.303,2,NULL,NULL,,3,0,2,7,255,1310,250,0,0
stim,239398,269519,0,269519,3466829.454,-0.667,-0.048,0.089,0.739,3091,268,339,3179,1883,2525,147,2525,45,0.991,1,2270,1,11.733,0.970,-10.625,-0.625,-4.938,-0.184,-0.063,0.953,0.855,0.457,-0.211,0.012,0.014,1.158,1.303,2,NULL,NULL,,3,0,2,7,255,1310,250,0,0
stim,239398,269519,0,269519,3466834.455,-0.667,-0.048,0.089,0.738,3091,269,350,3176,1899,2525,148,2527,45,0.991,1,2270,1,10.472,0.872,-6.063,-1.313,-8.438,-0.172,-0.051,0.957,0.855,0.168,-0.316,0.018,0.020,1.158,1.303,2,NULL,NULL,,3,0,2,7,255,1310,250,0,0
stim,239398,269519,0,269519,3466839.454,-0.667,-0.048,0.088,0.738,3090,269,379,3175,1911,2527,141,2527,45,0.991,1,2270,1,8.751,0.837,-3.563,-1.688,-7.813,-0.133,-0.063,0.965,0.820,0.168,-0.316,0.026,0.028,1.158,1.303,2,NULL,NULL,,3,0,2,7,255,1310,250,0,0
stim,239398,269519,0,269519,3466844.455,-0.667,-0.048,0.088,0.738,3101,267,413,3191,1926,2526,143,2532,45,0.991,1,2270,1,4.618,0.959,-2.750,-2.000,-3.125,-0.133,-0.063,0.973,0.793,0.539,-0.293,0.030,0.034,1.158,1.303,2,NULL,NULL,,3,0,2,7,255,1310,250,0,0
stim,239418,269539,0,269539,3466849.454,-0.667,-0.048,0.088,0.738,3089,262,429,3172,1933,2527,143,2534,45,0.991,1,2270,1,3.037,0.959,-1.625,-2.125,-1.438,-0.156,-0.027,0.973,0.793,0.539,-0.242,0.036,0.038,1.158,1.303,2,NULL,NULL,,3,0,2,7,255,1310,250,0,0
stim,239418,269539,0,269539,3466854.455,-0.667,-0.048,0.088,0.738,3087,265,443,3167,1940,2531,143,2535,45,0.991,1,2270,1,3.234,0.585,0.000,-2.438,-2.125,-0.156,-0.016,0.973,0.492,0.316,-0.180,0.040,0.044,1.158,1.303,2,NULL,NULL,,3,0,2,7,255,1310,250,0,0
stim,239418,269539,0,269539,3466859.454,-0.667,-0.048,0.087,0.738,3087,263,468,3165,1935,2526,141,2536,45,0.991,1,2270,1,3.947,0.562,1.563,-2.625,-2.500,-0.145,-0.027,0.984,0.465,0.316,-0.168,0.044,0.048,1.158,1.303,2,NULL,NULL,,3,0,2,7,255,1310,250,0,0
stim,239418,269539,0,269539,3466864.455,-0.667,-0.048,0.087,0.738,3082,264,487,3163,1955,2530,141,2535,45,0.991,1,2270,1,4.205,0.546,2.813,-3.063,-0.625,-0.145,-0.012,0.984,0.352,0.418,-0.098,0.046,0.050,1.158,1.303,2,NULL,NULL,,3,0,2,7,255,1310,250,0,0
stim,239418,269539,0,269539,3466869.454,-0.667,-0.047,0.087,0.738,3079,263,504,3157,1962,2529,141,2539,45,0.991,1,2270,1,5.027,0.531,3.875,-3.188,0.313,-0.164,0.012,0.996,0.328,0.418,-0.070,0.048,0.052,1.158,1.303,2,NULL,NULL,,3,0,2,7,255,1310,250,0,0
stim,239418,269539,0,269539,3466874.455,-0.668,-0.047,0.087,0.738,3087,261,523,3157,1971,2526,148,2541,45,0.991,1,2270,1,5.168,0.250,3.500,-3.750,-0.625,-0.188,0.020,1.000,0.121,0.219,0.063,0.048,0.054,1.158,1.303,2,NULL,NULL,,3,0,2,7,255,1310,250,0,0
stim,239449,269570,0,269570,3466879.454,-0.668,-0.047,0.087,0.738,3066,247,559,3144,1981,2529,167,2543,45,0.991,1,2270,1,6.822,0.091,3.688,-4.500,-3.563,-0.195,0.023,0.996,0.090,-0.016,0.121,0.048,0.054,1.158,1.303,2,NULL,NULL,,3,0,2,7,255,1310,250,0,0
stim,239449,269570,0,269570,3466884.455,-0.668,-0.047,0.087,0.738,3063,243,616,3135,1995,2527,170,2550,45,0.991,1,2270,1,9.564,0.060,5.375,-5.625,-5.563,-0.188,0.043,0.988,0.031,-0.051,0.121,0.048,0.054,1.158,1.303,2,NULL,NULL,,3,0,2,7,255,1310,250,0,0
stim,239480,269602,0,269602,3466889.453,-0.668,-0.046,0.087,0.738,3051,243,645,3123,2011,2525,201,2553,45,0.991,1,2270,1,10.983,0.161,6.500,-6.938,-5.500,-0.191,0.063,1.004,-0.137,-0.086,0.121,0.046,0.054,1.158,1.303,2,NULL,NULL,,3,0,2,7,255,1310,250,0,0
stim,239480,269602,0,269602,3466894.455,-0.668,-0.046,0.087,0.737,3047,239,651,3115,2035,2525,222,2559,45,0.991,1,2270,1,11.764,0.335,5.563,-8.125,-6.438,-0.203,0.090,1.023,-0.324,-0.086,0.227,0.044,0.052,1.158,1.303,2,NULL,NULL,,3,0,2,7,255,1310,250,0,0
stim,239480,269602,0,269602,3466899.455,-0.669,-0.045,0.087,0.737,3037,237,685,3103,2059,2527,246,2571,45,0.991,1,2270,1,13.939,0.615,4.438,-9.313,-9.375,-0.199,0.125,1.016,-0.578,-0.211,0.371,0.042,0.050,1.158,1.303,2,NULL,NULL,,3,0,2,7,255,1310,250,0,0
stim,239480,269602,0,269602,3466904.455,-0.669,-0.045,0.087,0.737,3025,239,709,3095,2089,2523,260,2583,45,0.991,1,2270,1,15.729,0.950,4.500,-10.813,-10.500,-0.176,0.145,1.020,-0.926,-0.211,0.371,0.040,0.048,1.158,1.303,2,NULL,NULL,,3,0,2,7,255,1310,250,0,0
stim,239480,269602,0,269602,3466909.454,-0.669,-0.044,0.087,0.737,3013,247,747,3079,2135,2525,291,2598,45,0.991,1,2270,1,15.304,1.125,3.750,-11.938,-8.813,-0.148,0.156,1.039,-1.125,0.000,0.371,0.036,0.044,1.158,1.303,2,NULL,NULL,,3,0,2,7,255,1310,250,0,0
stim,239480,269602,0,269602,3466914.455,-0.670,-0.044,0.087,0.736,2995,247,783,3062,2184,2527,331,2607,45,0.991,1,2270,1,14.455,1.276,1.188,-12.375,-7.375,-0.141,0.168,1.047,-1.250,0.254,0.527,0.032,0.040,1.158,1.303,2,NULL,NULL,,3,0,2,7,255,1310,250,0,0
stim,239480,269602,0,269602,3466919.454,-0.670,-0.043,0.086,0.736,2982,261,843,3051,2216,2531,352,2616,45,0.991,1,2270,1,14.075,1.427,-0.938,-12.813,-5.750,-0.137,0.180,1.039,-1.391,0.320,0.527,0.028,0.034,1.158,1.303,2,NULL,NULL,,3,0,2,7,255,1310,250,0,0
stim,239480,269602,0,269602,3466924.455,-0.670,-0.043,0.086,0.736,2968,263,893,3038,2250,2530,397,2633,45,0.991,1,2270,1,13.931,1.427,-2.938,-12.875,-4.438,-0.148,0.168,1.035,-1.391,0.320,0.500,0.026,0.028,1.158,1.303,2,NULL,NULL,,3,0,2,7,255,1310,250,0,0
stim,239481,269602,0,269602,3466929.453,-0.670,-0.042,0.085,0.736,2951,261,973,3027,2280,2533,412,2645,45,0.991,1,2270,1,14.885,1.389,-5.000,-13.000,-5.250,-0.168,0.152,1.023,-1.375,0.195,0.484,0.024,0.022,1.158,1.303,2,NULL,NULL,,3,0,2,7,255,1310,250,0,0
stim,239481,269602,0,269602,3466934.455,-0.670,-0.042,0.085,0.736,2931,262,1049,3015,2315,2533,425,2659,45,0.991,1,2270,1,16.347,1.192,-4.938,-12.938,-8.688,-0.168,0.145,1.016,-1.191,0.020,0.398,0.024,0.018,1.158,1.303,2,NULL,NULL,,3,0,2,7,255,1310,250,0,0
stim,239508,269629,0,269629,3466939.454,-0.671,-0.042,0.085,0.736,2915,263,1117,3001,2347,2535,453,2669,45,0.991,1,2270,1,18.085,1.192,-3.375,-12.438,-12.688,-0.145,0.156,1.012,-1.191,0.020,0.324,0.024,0.014,1.158,1.303,2,NULL,NULL,,3,0,2,7,255,1310,250,0,0
stim,239508,269629,0,269629,3466944.455,-0.671,-0.041,0.084,0.735,2897,265,1205,2985,2385,2535,531,2675,45,0.991,1,2270,1,19.087,1.135,-3.813,-11.813,-14.500,-0.125,0.121,1.023,-1.121,0.176,0.293,0.026,0.012,1.158,1.303,2,NULL,NULL,,3,0,2,7,255,1310,250,0,0
stim,239508,269629,0,269629,3466949.454,-0.672,-0.041,0.083,0.735,2872,277,1254,2974,2412,2535,565,2683,45,0.991,1,2270,1,19.133,1.011,-7.125,-11.313,-13.688,-0.129,0.055,1.008,-0.930,0.398,0.266,0.028,0.010,1.158,1.303,2,NULL,NULL,,3,0,2,7,255,1310,250,0,0
stim,239508,269629,0,269629,3466954.455,-0.672,-0.041,0.083,0.735,2853,278,1343,2959,2441,2537,659,2696,45,0.991,1,2270,1,20.245,0.506,-9.938,-11.125,-13.688,-0.160,0.008,0.973,-0.313,0.398,0.152,0.028,0.010,1.158,1.303,2,NULL,NULL,,3,0,2,7,255,1310,250,0,0
stim,239508,269629,0,269629,3466959.454,-0.673,-0.041,0.082,0.734,2826,281,1428,2942,2473,2537,751,2705,45,0.991,1,2270,1,22.822,0.178,-9.313,-11.500,-17.375,-0.199,-0.012,0.949,0.168,0.059,-0.152,0.028,0.012,1.158,1.303,2,NULL,NULL,,3,0,2,7,255,1310,250,0,0
stim,239508,269629,0,269629,3466964.455,-0.674,-0.041,0.081,0.733,2811,284,1511,2927,2493,2539,821,2713,45,0.991,1,2270,1,28.547,0.450,-8.125,-11.938,-24.625,-0.191,-0.031,0.957,0.371,-0.254,-0.277,0.028,0.014,1.158,1.303,2,NULL,NULL,,3,0,2,7,255,1310,250,0,0
stim,239539,269660,0,269660,3466969.453,-0.675,-0.041,0.080,0.733,2781,312,1581,2917,2521,2551,905,2725,45,0.991,1,2270,1,32.275,0.610,-8.500,-12.250,-28.625,-0.148,-0.059,0.965,0.555,-0.254,-0.285,0.028,0.018,1.158,1.303,2,NULL,NULL,,3,0,2,7,255,1310,250,0,0
stim,239539,269660,0,269660,3466974.455,-0.675,-0.041,0.080,0.732,2759,328,1682,2903,2539,2549,1001,2733,45,0.991,1,2270,1,29.811,0.788,-10.500,-13.000,-24.688,-0.125,-0.090,0.953,0.770,0.168,-0.285,0.028,0.022,1.158,1.303,2,NULL,NULL,,3,0,2,7,255,1310,250,0,0
stim,239539,269660,0,269660,3466979.453,-0.676,-0.041,0.079,0.731,2730,333,1766,2885,2567,2543,1084,2743,45,0.991,1,2270,1,25.857,1.049,-10.250,-14.063,-19.125,-0.148,-0.094,0.941,1.035,0.168,-0.438,0.028,0.024,1.158,1.303,2,NULL,NULL,,3,0,2,7,255,1310,250,0,0
stim,239539,269660,0,269660,3466984.455,-0.677,-0.041,0.078,0.731,2707,329,1817,2870,2597,2547,1144,2763,45,0.991,1,2270,1,25.065,1.046,-8.125,-15.063,-18.313,-0.172,-0.055,0.957,1.035,0.152,-0.438,0.028,0.028,1.158,1.303,2,NULL,NULL,,3,0,2,7,255,1310,250,0,0
stim,239576,269697,0,269697,3466989.454,-0.677,-0.041,0.077,0.730,2680,339,1871,2847,2615,2553,1241,2774,45,0.991,1,2270,1,27.602,0.719,-6.125,-15.938,-21.688,-0.160,-0.012,0.980,0.719,-0.012,-0.289,0.028,0.030,1.158,1.303,2,NULL,NULL,,3,0,2,7,255,1310,250,0,0
stim,239576,269697,0,269697,3466994.455,-0.678,-0.040,0.076,0.730,2649,357,1934,2826,2629,2552,1331,2777,45,0.991,1,2270,1,29.368,0.266,-6.875,-16.125,-23.563,-0.133,0.016,1.000,0.266,-0.012,-0.094,0.028,0.032,1.158,1.303,2,NULL,NULL,,3,0,2,7,255,1310,250,0,0
stim,239576,269697,0,269697,3466999.454,-0.679,-0.040,0.075,0.729,2603,365,2007,2804,2651,2556,1419,2791,45,0.991,1,2270,1,28.723,0.267,-8.125,-16.500,-22.063,-0.109,0.023,1.008,-0.023,0.266,0.051,0.028,0.034,1.158,1.303,2,NULL,NULL,,3,0,2,7,255,1310,250,0,0
stim,239576,269697,0,269697,3467004.455,-0.680,-0.040,0.075,0.729,2557,373,2077,2793,2677,2559,1511,2795,45,0.991,1,2270,1,27.753,0.504,-10.250,-15.813,-20.375,-0.102,0.043,1.012,-0.125,0.488,0.125,0.028,0.034,1.158,1.303,2,NULL,NULL,,3,0,2,7,255,1310,250,0,0
stim,239576,269697,0,269697,3467009.453,-0.680,-0.040,0.074,0.728,2517,381,2140,2762,2693,2558,1581,2803,45,0.991,1,2270,1,26.596,0.560,-11.750,-15.875,-17.813,-0.125,0.039,1.000,-0.273,0.488,0.125,0.028,0.034,1.158,1.303,2,NULL,NULL,,3,0,2,7,255,1310,250,0,0
stim,239576,269697,0,269697,3467014.455,-0.681,-0.040,0.073,0.728,2475,408,2185,2739,2719,2569,1633,2812,45,0.991,1,2270,1,27.651,0.431,-11.125,-15.438,-20.063,-0.137,0.047,0.996,-0.313,0.297,0.074,0.030,0.032,1.158,1.303,2,NULL,NULL,,3,0,2,7,255,1310,250,0,0
stim,239576,269697,0,269697,3467019.453,-0.682,-0.039,0.072,0.727,2441,425,2223,2717,2725,2569,1705,2827,45,0.991,1,2270,1,29.014,0.415,-9.625,-15.125,-22.813,-0.121,0.043,1.000,-0.313,0.273,0.063,0.032,0.030,1.158,1.303,2,NULL,NULL,,3,0,2,7,255,1310,250,0,0
stim,239576,269697,0,269697,3467024.455,-0.682,-0.039,0.071,0.727,2398,430,2275,2710,2729,2569,1775,2833,45,0.991,1,2270,1,30.482,0.415,-11.188,-15.000,-24.063,-0.105,0.023,1.012,-0.313,0.273,0.063,0.034,0.030,1.158,1.303,2,NULL,NULL,,3,0,2,7,255,1310,250,0,0
stim,239599,269720,0,269720,3467029.454,-0.683,-0.039,0.070,0.726,2349,431,2325,2671,2751,2569,1843,2840,45,0.991,1,2270,1,30.006,0.494,-13.250,-14.688,-22.563,-0.090,-0.012,1.008,-0.145,0.473,0.074,0.034,0.030,1.158,1.303,2,NULL,NULL,,3,0,2,7,255,1310,250,0,0
stim,239599,269720,0,269720,3467034.455,-0.684,-0.039,0.069,0.725,2292,441,2360,2632,2763,2577,1887,2847,45,0.991,1,2270,1,29.624,0.536,-15.250,-14.375,-20.938,-0.098,-0.016,1.008,0.160,0.512,0.074,0.036,0.030,1.158,1.303,2,NULL,NULL,,3,0,2,7,255,1310,250,0,0
stim,239599,269720,0,269720,3467039.454,-0.684,-0.039,0.068,0.725,2233,441,2406,2606,2771,2569,1945,2856,45,0.991,1,2270,1,31.065,0.546,-18.063,-13.875,-21.125,-0.113,-0.020,1.016,0.191,0.512,0.074,0.038,0.030,1.158,1.303,2,NULL,NULL,,3,0,2,7,255,1310,250,0,0
stim,239599,269720,0,269720,3467044.455,-0.685,-0.040,0.067,0.724,2173,446,2441,2585,2787,2571,2006,2871,45,0.991,1,2270,1,36.030,0.414,-23.688,-13.375,-23.625,-0.129,-0.008,1.039,0.191,0.367,0.188,0.040,0.032,1.158,1.303,2,NULL,NULL,,3,0,2,7,255,1310,250,0,0
stim,239599,269720,0,269720,3467049.453,-0.686,-0.040,0.065,0.724,2127,466,2479,2554,2791,2569,2055,2874,45,0.991,1,2270,1,40.234,0.372,-28.500,-12.875,-25.313,-0.109,0.012,1.012,0.082,0.363,0.188,0.040,0.032,1.158,1.303,2,NULL,NULL,,3,0,2,7,255,1310,250,0,0
stim,239599,269720,0,269720,3467054.455,-0.687,-0.040,0.064,0.723,2077,468,2504,2507,2808,2571,2095,2873,45,0.991,1,2270,1,38.026,0.391,-27.313,-13.188,-22.938,-0.098,0.008,0.949,-0.145,0.363,0.152,0.042,0.034,1.158,1.303,2,NULL,NULL,,3,0,2,7,255,1310,250,0,0
stim,239628,269749,0,269749,3467059.453,-0.687,-0.041,0.063,0.723,2005,463,2533,2468,2815,2573,2137,2885,45,0.991,1,2270,1,28.761,0.391,-17.563,-13.875,-18.063,-0.098,-0.012,0.934,-0.145,0.363,-0.469,0.042,0.036,1.158,1.303,2,NULL,NULL,,3,0,2,7,255,1310,250,0,0
stim,239628,269749,0,269749,3467064.455,-0.688,-0.041,0.062,0.722,1944,459,2550,2443,2825,2575,2167,2899,45,0.991,1,2270,1,24.699,0.345,-11.563,-14.500,-16.313,-0.141,-0.027,1.000,0.023,0.344,-0.469,0.044,0.038,1.158,1.303,2,NULL,NULL,,3,0,2,7,255,1310,250,0,0
stim,239628,269749,0,269749,3467069.454,-0.688,-0.041,0.061,0.722,1867,452,2577,2392,2840,2568,2215,2895,45,0.991,1,2270,1,27.502,0.220,-13.063,-14.750,-19.188,-0.145,-0.039,1.031,0.219,0.027,0.090,0.044,0.040,1.158,1.303,2,NULL,NULL,,3,0,2,7,255,1310,250,0,0
stim,239628,269749,0,269749,3467074.455,-0.689,-0.041,0.060,0.721,1799,451,2592,2347,2855,2571,2252,2900,45,0.991,1,2270,1,31.624,0.220,-17.688,-15.000,-21.500,-0.121,-0.020,1.039,0.219,0.027,0.402,0.046,0.042,1.158,1.303,2,NULL,NULL,,3,0,2,7,255,1310,250,0,0
stim,239628,269749,0,269749,3467079.454,-0.690,-0.041,0.059,0.721,1702,436,2617,2287,2861,2559,2283,2907,45,0.991,1,2270,1,34.312,0.231,-21.875,-14.750,-21.938,-0.098,0.004,1.016,0.094,0.211,0.402,0.046,0.046,1.158,1.303,2,NULL,NULL,,3,0,2,7,255,1310,250,0,0
stim,239628,269749,0,269749,3467084.455,-0.690,-0.041,0.057,0.720,1613,429,2631,2251,2861,2557,2311,2907,45,0.991,1,2270,1,32.045,0.420,-21.375,-14.375,-19.063,-0.078,0.004,0.988,-0.172,0.383,0.176,0.048,0.048,1.158,1.303,2,NULL,NULL,,3,0,2,7,255,1310,250,0,0
stim,239674,269795,0,269795,3467089.453,-0.691,-0.041,0.056,0.720,1507,421,2649,2197,2875,2569,2340,2915,45,0.991,1,2270,1,29.411,0.573,-20.625,-14.188,-15.438,-0.078,-0.027,1.012,-0.172,0.547,0.117,0.048,0.048,1.158,1.303,2,NULL,NULL,,3,0,2,7,255,1310,250,0,0
stim,239674,269795,0,269795,3467094.455,-0.691,-0.041,0.055,0.719,1391,373,2661,2136,2884,2565,2360,2921,45,0.991,1,2270,1,30.281,0.556,-23.063,-13.750,-14.000,-0.098,-0.043,1.012,0.102,0.547,0.117,0.050,0.050,1.158,1.303,2,NULL,NULL,,3,0,2,7,255,1310,250,0,0
stim,239674,269795,0,269795,3467099.455,-0.692,-0.042,0.054,0.719,1274,359,2680,2068,2893,2555,2395,2925,45,0.991,1,2270,1,30.806,0.385,-23.375,-14.000,-14.375,-0.102,-0.023,0.980,0.102,0.371,0.117,0.050,0.050,1.158,1.303,2,NULL,NULL,,3,0,2,7,255,1310,250,0,0
stim,239674,269795,0,269795,3467104.455,-0.692,-0.042,0.053,0.719,1210,359,2687,1997,2893,2551,2412,2936,45,0.991,1,2270,1,26.866,0.349,-18.063,-14.125,-14.000,-0.086,-0.012,0.949,0.031,0.348,-0.148,0.050,0.050,1.158,1.303,2,NULL,NULL,,3,0,2,7,255,1310,250,0,0
stim,239674,269795,0,269795,3467109.454,-0.692,-0.042,0.052,0.718,1109,358,2706,1909,2901,2550,2438,2931,45,0.991,1,2270,1,22.444,0.334,-11.938,-14.688,-12.063,-0.094,-0.004,0.984,-0.117,0.313,-0.148,0.050,0.050,1.158,1.303,2,NULL,NULL,,3,0,2,7,255,1310,250,0,0
stim,239674,269795,0,269795,3467114.455,-0.693,-0.042,0.051,0.718,1013,317,2723,1818,2909,2543,2461,2925,45,0.991,1,2270,1,22.186,0.369,-11.750,-14.750,-11.688,-0.109,-0.008,1.023,-0.195,0.313,-0.125,0.052,0.050,1.158,1.303,2,NULL,NULL,,3,0,2,7,255,1310,250,0,0
stim,239696,269817,0,269817,3467119.453,-0.693,-0.041,0.050,0.718,935,313,2741,1734,2921,2545,2499,2935,45,0.991,1,2270,1,23.630,0.312,-14.875,-15.063,-10.500,-0.105,-0.004,1.043,-0.211,0.230,0.273,0.054,0.050,1.158,1.303,2,NULL,NULL,,3,0,2,7,255,1310,250,0,0
stim,239696,269817,0,269817,3467124.455,-0.693,-0.041,0.049,0.718,795,293,2759,1629,2923,2536,2520,2937,45,0.991,1,2270,1,25.234,0.304,-16.813,-15.313,-10.938,-0.125,0.004,1.027,-0.223,0.207,0.309,0.054,0.050,1.158,1.303,2,NULL,NULL,,3,0,2,7,255,1310,250,0,0
stim,239696,269817,0,269817,3467129.453,-0.694,-0.041,0.048,0.717,665,279,2771,1490,2931,2527,2540,2950,45,0.991,1,2270,1,26.592,0.328,-17.438,-16.188,-11.875,-0.141,0.016,1.031,-0.328,0.012,0.391,0.054,0.050,1.158,1.303,2,NULL,NULL,,3,0,2,7,255,1310,250,0,0
stim,239696,269817,0,269817,3467134.455,-0.694,-0.042,0.047,0.717,550,255,2788,1389,2937,2515,2569,2943,45,0.991,1,2270,1,29.698,0.434,-18.625,-17.000,-15.688,-0.141,0.012,1.039,-0.410,-0.141,0.391,0.054,0.050,1.158,1.303,2,NULL,NULL,,3,0,2,7,255,1310,250,0,0
stim,239696,269817,0,269817,3467139.454,-0.695,-0.041,0.046,0.717,411,205,2808,1285,2953,2519,2591,2955,45,0.991,1,2270,1,31.416,0.445,-18.938,-18.188,-17.250,-0.125,0.023,1.039,-0.422,-0.141,0.453,0.056,0.050,1.158,1.303,2,NULL,NULL,,3,0,2,7,255,1310,250,0,0
stim,239696,269817,0,269817,3467144.455,-0.695,-0.041,0.044,0.716,324,180,2823,1165,2953,2502,2612,2953,45,0.991,1,2270,1,33.068,0.458,-19.875,-18.688,-18.688,-0.121,0.012,1.023,-0.457,-0.027,0.453,0.056,0.048,1.158,1.303,2,NULL,NULL,,3,0,2,7,255,1310,250,0,0
stim,239723,269844,0,269844,3467149.454,-0.696,-0.041,0.043,0.716,215,175,2837,999,2964,2494,2633,2963,45,0.991,1,2270,1,33.370,0.458,-16.750,-20.125,-20.688,-0.141,0.000,1.027,-0.457,-0.027,0.352,0.056,0.048,1.158,1.303,2,NULL,NULL,,3,0,2,7,255,1310,250,0,0
stim,239723,269844,0,269844,3467154.455,-0.697,-0.041,0.042,0.715,122,152,2854,857,2968,2473,2650,2971,45,0.991,1,2270,1,35.622,0.465,-14.375,-22.188,-23.875,-0.129,0.008,1.023,-0.449,-0.121,0.289,0.056,0.048,1.158,1.303,2,NULL,NULL,,3,0,2,7,255,1310,250,0,0
stim,239723,269844,0,269844,3467159.453,-0.698,-0.041,0.041,0.714,85,108,2867,668,2975,2456,2669,2967,45,0.991,1,2270,1,37.655,0.465,-12.313,-23.750,-26.500,-0.109,0.027,1.039,-0.449,-0.121,0.352,0.056,0.046,1.158,1.303,2,NULL,NULL,,3,0,2,7,255,1310,250,0,0
stim,239723,269844,0,269844,3467164.455,-0.698,-0.040,0.040,0.714,35,72,2875,558,2987,2455,2697,2971,45,0.991,1,2270,1,38.327,0.642,-10.813,-25.875,-26.125,-0.082,0.043,1.059,-0.641,0.039,0.418,0.056,0.046,1.158,1.303,2,NULL,NULL,,3,0,2,7,255,1310,250,0,0
stim,239723,269844,0,269844,3467169.453,-0.699,-0.040,0.038,0.713,16,44,2897,382,2994,2426,2707,2981,45,0.991,1,2270,1,40.659,0.725,-14.188,-26.375,-27.500,-0.047,0.023,1.012,-0.652,0.316,0.418,0.056,0.046,1.158,1.303,2,NULL,NULL,,3,0,2,7,255,1310,250,0,0
stim,239723,269844,0,269844,3467174.455,-0.700,-0.039,0.037,0.712,0,36,2891,214,2995,2397,2717,2973,45,0.991,1,2270,1,36.150,0.725,-7.875,-28.625,-20.625,-0.086,-0.039,1.000,-0.652,0.316,0.063,0.058,0.046,1.158,1.303,2,NULL,NULL,,3,0,2,7,255,1310,250,0,0
stim,239748,269869,0,269869,3467179.454,-0.700,-0.038,0.036,0.712,0,24,2900,151,3006,2377,2742,2984,45,0.991,1,2270,1,35.672,0.172,2.500,-33.500,-12.000,-0.172,-0.070,1.086,-0.039,0.168,0.063,0.058,0.046,1.158,1.303,2,NULL,NULL,,3,0,2,7,255,1310,250,0,0
stim,239748,269869,0,269869,3467184.455,-0.701,-0.037,0.035,0.712,0,19,2910,109,3020,2357,2765,2985,45,0.991,1,2270,1,39.524,0.663,1.063,-36.500,-15.125,-0.242,-0.145,1.137,0.262,-0.609,0.984,0.058,0.048,1.158,1.303,2,NULL,NULL,,3,0,2,7,255,1310,250,0,0
stim,239779,269900,0,269900,3467189.453,-0.701,-0.036,0.034,0.711,0,1,2915,91,3018,2333,2777,2983,45,0.991,1,2270,0,46.393,1.590,5.250,-40.438,-22.125,-0.309,-0.207,1.168,0.988,-1.246,1.570,0.054,0.052,1.158,1.303,3,NULL,NULL,,3,0,2,7,255,1310,250,0,0
stim,239779,269900,0,269900,3467194.455,-0.702,-0.034,0.033,0.710,0,0,2919,87,3021,2318,2795,2983,45,0.991,1,2270,0,56.594,2.136,20.688,-48.063,-21.563,-0.281,-0.199,1.305,1.477,-1.543,1.922,0.048,0.060,1.158,1.303,3,NULL,NULL,,3,0,2,7,255,1310,250,0,0
stim,239779,269900,0,269900,3467199.455,-0.703,-0.032,0.032,0.710,0,0,2922,58,3035,2287,2812,2983,45,0.991,1,2270,0,56.305,2.136,13.688,-53.750,-9.688,-0.160,-0.023,1.371,1.477,-1.543,3.230,0.042,0.066,1.158,1.303,3,NULL,NULL,,3,0,2,7,255,1310,250,0,0
stim,239779,269900,0,269900,3467204.455,-0.703,-0.031,0.030,0.710,0,0,2926,13,3034,2261,2823,2995,45,0.991,1,2270,0,59.013,0.469,-25.688,-52.250,-9.625,-0.063,-0.016,1.137,-0.266,-0.387,3.230,0.038,0.072,1.158,1.303,3,NULL,NULL,,3,0,2,7,255,1310,250,0,0
stim,239779,269900,0,269900,3467209.454,-0.703,-0.030,0.027,0.710,0,0,2934,0,3041,2219,2845,3001,45,0.991,1,2270,0,59.740,0.434,-21.875,-55.500,3.188,-0.113,-0.063,1.004,-0.266,-0.344,1.340,0.036,0.076,1.158,1.303,3,NULL,NULL,,3,0,2,7,255,1310,250,0,0
stim,239779,269900,0,269900,3467214.455,-0.702,-0.028,0.025,0.711,0,0,2931,0,3047,2174,2859,2991,45,0.991,1,2270,0,63.066,0.383,-0.750,-61.313,14.750,-0.203,-0.082,1.016,0.168,-0.344,0.285,0.034,0.082,1.158,1.303,3,NULL,NULL,,3,0,2,7,255,1310,250,0,0
stim,239779,269900,0,269900,3467219.454,-0.702,-0.026,0.024,0.711,0,0,2936,0,3059,2131,2874,2990,45,0.991,1,2270,0,67.075,1.346,11.938,-65.875,4.125,-0.293,-0.133,1.055,0.387,-1.289,0.285,0.030,0.088,1.158,1.303,3,NULL,NULL,,3,0,2,7,255,1310,250,0,0
stim,239779,269900,0,269900,3467224.455,-0.702,-0.024,0.022,0.711,0,0,2926,0,3053,2059,2878,2987,45,0.991,1,2270,0,72.063,1.689,14.688,-69.688,-11.000,-0.219,-0.145,1.152,0.887,-1.438,0.742,0.026,0.094,1.158,1.303,3,NULL,NULL,,3,0,2,7,255,1310,250,0,0
stim,239779,269900,0,269900,3467229.453,-0.703,-0.021,0.020,0.711,0,0,2923,0,3051,1975,2888,2989,45,0.991,1,2270,0,72.915,1.718,6.688,-72.375,-5.813,-0.082,-0.145,1.203,0.941,-1.438,1.629,0.022,0.102,1.158,1.303,3,NULL,NULL,,3,0,2,7,255,1310,250,0,0
stim,239779,269900,0,269900,3467234.455,-0.703,-0.019,0.018,0.711,0,0,2925,0,3059,1901,2899,2985,45,0.991,1,2270,0,75.982,1.269,1.313,-75.875,3.813,-0.141,-0.102,1.141,0.941,-0.852,1.629,0.018,0.110,1.158,1.303,3,NULL,NULL,,3,0,2,7,255,1310,250,0,0
stim,239809,269930,0,269930,3467239.454,-0.703,-0.016,0.016,0.711,0,0,2923,0,3077,1827,2907,2995,45,0.991,1,2270,0,79.292,1.014,4.063,-79.188,0.250,-0.168,-0.043,1.059,0.551,-0.852,1.441,0.016,0.118,1.158,1.303,3,NULL,NULL,,3,0,2,7,255,1310,250,0,0
stim,239809,269930,0,269930,3467244.455,-0.703,-0.014,0.013,0.711,0,0,2914,0,3069,1737,2917,2987,45,0.991,1,2270,0,83.621,0.852,11.625,-82.750,-3.125,-0.121,-0.043,1.047,0.020,-0.852,0.621,0.016,0.124,1.158,1.303,3,NULL,NULL,,3,0,2,7,255,1310,250,0,0
stim,239809,269930,0,269930,3467249.454,-0.703,-0.010,0.012,0.711,0,0,2897,0,3067,1611,2925,2987,45,0.991,1,2270,0,89.165,0.934,23.313,-85.875,-5.688,-0.125,-0.082,1.082,0.020,-0.934,0.621,0.020,0.130,1.158,1.303,3,NULL,NULL,,3,0,2,7,255,1310,250,0,0
stim,239809,269930,0,269930,3467254.455,-0.703,-0.007,0.009,0.711,0,0,2879,0,3087,1512,2941,2989,45,0.991,1,2270,0,90.504,0.933,19.500,-88.375,-0.813,-0.051,-0.094,1.207,0.398,-0.844,0.855,0.024,0.138,1.158,1.303,3,NULL,NULL,,3,0,2,7,255,1310,250,0,0
stim,239809,269930,0,269930,3467259.454,-0.703,-0.004,0.007,0.712,0,0,2869,0,3069,1370,2939,2979,45,0.991,1,2270,0,92.603,0.930,12.563,-91.563,5.813,-0.098,-0.039,1.164,0.398,-0.840,1.605,0.028,0.144,1.158,1.303,3,NULL,NULL,,3,0,2,7,255,1310,250,0,0
stim,239809,269930,0,269930,3467264.455,-0.702,-0.001,0.005,0.712,0,0,2855,0,3077,1208,2943,2975,45,0.991,1,2270,0,94.997,0.840,12.188,-93.938,7.188,-0.098,0.020,1.152,0.016,-0.840,1.605,0.032,0.150,1.158,1.303,3,NULL,NULL,,3,0,2,7,255,1310,250,0,0
stim,239840,269961,0,269961,3467269.453,-0.702,0.003,0.003,0.712,0,0,2835,0,3077,1065,2953,2975,45,0.991,1,2270,0,103.827,1.085,25.813,-100.563,-1.000,-0.129,0.039,1.055,-0.559,-0.930,1.469,0.036,0.156,1.158,1.303,3,NULL,NULL,,3,0,2,7,255,1310,250,0,0
stim,239840,269961,0,269961,3467274.455,-0.702,0.008,0.001,0.712,0,0,2823,0,3079,871,2965,2966,45,0.991,1,2270,0,108.447,1.166,34.125,-102.938,0.125,-0.039,0.055,1.207,-0.703,-0.930,1.469,0.042,0.160,1.158,1.303,3,NULL,NULL,,3,0,2,7,255,1310,250,0,0
stim,239840,269961,0,269961,3467279.453,-0.702,0.012,-0.001,0.712,0,0,2791,0,3081,678,2959,2944,45,0.991,1,2270,0,112.485,1.505,35.063,-106.813,3.813,-0.098,0.082,1.281,-0.844,-1.246,2.012,0.046,0.164,1.158,1.303,3,NULL,NULL,,3,0,2,7,255,1310,250,0,0
stim,239840,269961,0,269961,3467284.455,-0.701,0.016,-0.004,0.712,0,0,2763,0,3087,581,2964,2941,45,0.991,1,2270,0,115.285,1.617,26.125,-112.125,6.000,-0.074,0.176,1.387,-1.094,-1.191,2.699,0.054,0.168,1.158,1.303,3,NULL,NULL,,3,0,2,7,255,1310,250,0,0
stim,239885,270006,0,270006,3467289.454,-0.701,0.020,-0.007,0.713,0,0,2733,0,3077,426,2970,2933,45,0.991,1,2270,0,116.090,2.340,4.938,-115.375,11.875,-0.074,0.238,1.426,-1.980,-1.246,3.715,0.062,0.172,1.158,1.303,3,NULL,NULL,,3,0,2,7,255,1310,250,0,0
stim,239885,270006,0,270006,3467294.455,-0.700,0.024,-0.011,0.713,0,0,2686,0,3069,230,2971,2907,45,0.991,1,2270,0,121.245,2.916,-6.500,-120.625,10.375,-0.121,0.273,1.367,-2.586,-1.348,3.715,0.070,0.178,1.158,1.303,3,NULL,NULL,,3,0,2,7,255,1310,250,0,0
stim,239885,270006,0,270006,3467299.455,-0.700,0.027,-0.015,0.713,0,0,2653,0,3087,139,2983,2893,45,0.991,1,2270,0,125.715,3.487,-11.563,-125.000,6.750,-0.121,0.293,1.379,-2.902,-1.934,3.582,0.082,0.184,1.158,1.303,3,NULL,NULL,,3,0,2,7,255,1310,250,0,0
stim,239885,270006,0,270006,3467304.455,-0.700,0.031,-0.019,0.713,0,0,2605,0,3069,42,2983,2863,45,0.991,1,2270,0,133.795,3.701,-13.250,-133.125,1.813,-0.180,0.285,1.387,-3.047,-2.102,3.578,0.094,0.192,1.158,1.303,3,NULL,NULL,,3,0,2,7,255,1310,250,0,0
stim,239885,270006,0,270006,3467309.453,-0.700,0.035,-0.023,0.713,0,0,2555,0,3076,18,2985,2829,45,0.991,1,2270,0,141.835,4.008,-14.063,-141.125,-1.750,-0.125,0.289,1.516,-3.098,-2.543,3.582,0.106,0.202,1.158,1.303,3,NULL,NULL,,3,0,2,7,255,1310,250,0,0
stim,239885,270006,0,270006,3467314.455,-0.699,0.039,-0.029,0.713,0,0,2511,0,3055,0,2987,2793,45,0.991,1,2270,0,153.564,4.020,-32.688,-149.875,7.125,-0.102,0.297,1.586,-3.098,-2.563,4.852,0.122,0.214,1.158,1.303,3,NULL,NULL,,3,0,2,7,255,1310,250,0,0
stim,239885,270006,0,270006,3467319.453,-0.699,0.042,-0.035,0.713,0,0,2467,0,3055,0,2989,2746,45,0.991,1,2270,0,165.200,4.126,-52.563,-156.125,12.375,-0.102,0.328,1.570,-3.234,-2.563,5.309,0.138,0.230,1.158,1.303,3,NULL,NULL,,3,0,2,7,255,1310,250,0,0
stim,239885,270006,0,270006,3467324.455,-0.698,0.045,-0.042,0.714,0,0,2403,0,3053,0,2989,2709,45,0.991,1,2270,0,175.714,4.261,-58.875,-164.375,19.750,-0.176,0.281,1.617,-3.234,-2.773,5.504,0.156,0.246,1.158,1.303,3,NULL,NULL,,3,0,2,7,255,1310,250,0,0
stim,239885,270006,0,270006,3467329.454,-0.696,0.049,-0.049,0.714,0,0,2329,0,3035,0,2971,2653,45,0.991,1,2270,0,188.554,4.925,-50.625,-179.063,30.438,-0.258,0.242,1.711,-3.188,-3.754,5.633,0.174,0.266,1.158,1.303,3,NULL,NULL,,3,0,2,7,255,1310,250,0,0
stim,239885,270006,0,270006,3467334.455,-0.694,0.053,-0.057,0.715,0,0,2223,0,3021,0,2968,2585,45,0.991,1,2270,0,202.928,5.710,-49.625,-192.813,39.250,-0.328,0.227,1.848,-2.895,-4.922,6.383,0.198,0.288,1.158,1.303,3,NULL,NULL,,3,0,2,7,255,1310,250,0,0
stim,239905,270026,0,270026,3467339.454,-0.692,0.058,-0.065,0.716,0,0,2125,0,3006,0,2959,2516,45,0.991,1,2270,0,225.169,6.704,-65.688,-210.000,47.813,-0.438,0.211,1.906,-2.820,-6.082,7.500,0.224,0.314,1.158,1.303,3,NULL,NULL,,3,0,2,7,255,1310,250,0,0
stim,239905,270026,0,270026,3467344.455,-0.690,0.062,-0.074,0.717,0,0,2015,0,2997,2,2953,2405,45,0.991,1,2270,0,243.812,8.079,-78.625,-227.250,40.250,-0.484,0.258,1.941,-2.820,-7.570,7.758,0.252,0.344,1.158,1.303,3,NULL,NULL,,3,0,2,7,255,1310,250,0,0
stim,239905,270026,0,270026,3467349.453,-0.689,0.068,-0.084,0.717,0,0,1912,0,2981,6,2935,2293,45,0.991,1,2270,0,257.724,9.066,-77.813,-244.125,27.750,-0.480,0.297,1.980,-3.266,-8.457,7.809,0.282,0.376,1.158,1.303,3,NULL,NULL,,3,0,2,7,255,1310,250,0,0
stim,239905,270026,0,270026,3467354.455,-0.687,0.073,-0.095,0.717,0,0,1823,0,2941,9,2893,2141,45,0.991,1,2270,0,274.699,9.671,-75.688,-263.063,23.000,-0.488,0.418,2.137,-3.770,-8.906,7.965,0.314,0.410,1.158,1.303,3,NULL,NULL,,3,0,2,7,255,1310,250,0,0
stim,239932,270053,0,270053,3467359.453,-0.685,0.079,-0.106,0.716,0,0,1726,0,2911,17,2855,1995,45,0.991,1,2270,0,294.380,11.037,-85.125,-281.313,16.625,-0.484,0.637,2.355,-5.113,-9.781,9.121,0.352,0.450,1.158,1.303,3,NULL,NULL,,3,0,2,7,255,1310,250,0,0
stim,239932,270053,0,270053,3467364.455,-0.684,0.086,-0.118,0.715,0,0,1656,0,2873,12,2820,1832,45,0.991,1,2270,0,314.887,13.204,-100.188,-298.500,3.750,-0.445,0.855,2.512,-7.527,-10.848,10.773,0.392,0.490,1.158,1.303,3,NULL,NULL,,3,0,2,7,255,1310,250,0,0
stim,239932,270053,0,270053,3467369.454,-0.682,0.092,-0.131,0.713,0,0,1559,0,2809,1,2739,1655,45,0.991,1,2270,0,337.771,15.209,-121.563,-315.125,-2.875,-0.441,0.879,2.605,-9.953,-11.500,11.793,0.436,0.534,1.158,1.303,3,NULL,NULL,,3,0,2,7,255,1310,250,0,0
stim,239932,270053,0,270053,3467374.455,-0.680,0.097,-0.146,0.712,0,0,1479,0,2769,1,2659,1503,45,0.991,1,2270,0,370.657,15.875,-164.000,-331.938,17.563,-0.641,0.715,2.477,-9.953,-12.367,11.793,0.484,0.584,1.158,1.303,3,NULL,NULL,,3,0,2,7,255,1310,250,0,0
stim,239932,270053,0,270053,3467379.453,-0.678,0.102,-0.163,0.710,0,0,1341,0,2700,0,2521,1385,45,0.991,1,2270,0,404.149,16.930,-202.375,-349.250,20.125,-0.773,0.617,2.137,-8.938,-14.379,10.059,0.540,0.640,1.158,1.303,3,NULL,NULL,,3,0,2,7,255,1310,250,0,0
stim,239932,270053,0,270053,3467384.455,-0.676,0.108,-0.179,0.707,0,0,1179,0,2607,0,2373,1239,45,0.991,1,2270,0,408.488,16.398,-185.313,-363.813,-12.750,-0.676,0.391,1.934,-7.883,-14.379,6.004,0.600,0.700,1.158,1.303,3,NULL,NULL,,3,0,2,7,255,1310,250,0,0
stim,239974,270095,0,270095,3467389.453,-0.674,0.115,-0.195,0.703,0,0,1033,0,2488,0,2182,1125,45,0.991,1,2270,0,405.305,14.871,-147.000,-376.875,-25.063,-0.441,0.156,2.004,-5.758,-13.711,5.672,0.666,0.764,1.158,1.303,3,NULL,NULL,,3,0,2,7,255,1310,250,0,0
stim,239974,270095,0,270095,3467394.455,-0.671,0.123,-0.210,0.701,0,0,825,0,2345,0,1893,1013,45,0.991,1,2270,0,412.225,13.486,-133.875,-389.875,-2.188,-0.363,-0.090,2.152,-3.926,-12.902,5.672,0.732,0.832,1.158,1.303,3,NULL,NULL,,3,0,2,7,255,1310,250,0,0
stim,239974,270095,0,270095,3467399.454,-0.667,0.130,-0.227,0.698,0,0,631,0,2135,0,1531,895,45,0.991,1,2270,0,431.117,13.051,-151.563,-402.938,23.063,-0.395,-0.266,2.066,-1.965,-12.902,6.156,0.802,0.902,1.158,1.303,3,NULL,NULL,,3,0,2,7,255,1310,250,0,0
stim,239974,270095,0,270095,3467404.455,-0.662,0.138,-0.244,0.695,0,0,403,0,1897,0,1069,781,45,0.991,1,2270,0,440.244,12.906,-152.188,-412.375,24.500,-0.313,-0.336,1.703,-0.305,-12.902,6.156,0.872,0.974,1.158,1.303,3,NULL,NULL,,3,0,2,7,255,1310,250,0,0
stim,239974,270095,0,270095,3467409.454,-0.657,0.147,-0.260,0.692,0,0,266,0,1617,0,587,630,45,0.991,1,2270,0,435.156,11.428,-117.375,-418.750,15.250,-0.105,-0.363,1.355,0.699,-11.406,3.215,0.938,1.042,1.158,1.303,3,NULL,NULL,,3,0,2,7,255,1310,250,0,0
stim,239974,270095,1,270095,3467414.455,-0.652,0.158,-0.274,0.689,0,0,210,0,1340,0,223,505,45,0.991,1,2270,0,428.897,8.334,-63.438,-423.563,22.875,0.172,-0.246,1.266,0.699,-8.305,1.488,1.000,1.106,1.158,1.303,3,NULL,NULL,,3,1,2,7,255,1310,250,0,0
stim,239996,270117,1,270117,3467419.453,-0.645,0.170,-0.286,0.688,0,0,151,0,1022,0,0,455,45,0.991,1,2270,0,430.074,8.305,10.063,-428.625,33.813,0.152,-0.086,1.742,-0.016,-8.305,1.488,1.052,1.160,1.158,1.303,3,NULL,NULL,,3,1,2,7,255,1310,250,0,0
stim,239996,270117,1,270117,3467424.455,-0.637,0.183,-0.298,0.687,0,0,95,0,614,0,0,394,45,0.991,1,2270,0,445.254,9.623,27.438,-437.250,79.438,-0.195,0.086,2.383,-2.254,-9.355,4.473,1.098,1.208,1.158,1.303,3,NULL,NULL,,3,1,2,7,255,1310,250,0,0
stim,239996,270117,1,270117,3467429.453,-0.627,0.192,-0.313,0.687,0,0,101,0,288,0,0,325,45,0.991,1,2270,0,464.906,17.083,-54.250,-441.688,134.563,-0.539,0.340,2.453,-4.395,-16.508,4.473,1.140,1.252,1.158,1.303,3,NULL,NULL,,3,1,2,7,255,1310,250,0,0
stim,239996,270117,1,270117,3467434.455,-0.617,0.199,-0.331,0.686,0,0,75,0,19,0,0,221,45,0.991,1,2270,0,485.588,19.372,-161.063,-434.063,146.438,-0.711,0.609,1.938,-6.398,-18.285,3.445,1.184,1.296,1.158,1.303,3,NULL,NULL,,3,1,2,7,255,1310,250,0,0
stim,239996,270117,1,270117,3467439.454,-0.609,0.203,-0.349,0.682,0,0,83,0,0,0,0,163,45,0.991,1,2270,0,482.088,19.943,-220.375,-411.563,120.250,-0.566,0.879,1.281,-7.961,-18.285,-2.715,1.236,1.352,1.158,1.303,3,NULL,NULL,,3,1,2,7,255,1310,250,0,0
stim,239996,270117,1,270117,3467444.455,-0.602,0.207,-0.367,0.678,0,0,67,0,0,0,0,104,45,0.991,1,2270,0,451.714,16.134,-218.875,-384.875,89.500,-0.391,1.070,0.965,-9.688,-12.902,-7.512,1.298,1.416,1.158,1.303,4,NULL,NULL,,3,1,2,7,255,1310,250,0,0
stim,240018,270139,1,270139,3467449.454,-0.595,0.210,-0.383,0.674,0,0,75,0,0,0,0,76,45,0.991,1,2270,0,424.775,15.214,-206.000,-359.813,92.375,-0.598,0.906,1.082,-9.688,-11.730,-9.359,1.368,1.486,1.158,1.303,0,NULL,NULL,,3,1,2,7,255,1310,250,0,0
stim,240018,270139,1,270139,3467454.455,-0.588,0.211,-0.400,0.670,0,0,85,0,0,0,0,93,45,0.991,1,2270,0,426.418,15.132,-249.250,-326.688,113.938,-0.820,0.875,1.227,-9.559,-11.730,-10.223,1.442,1.562,1.158,1.303,0,NULL,NULL,,3,1,2,7,255,1310,250,0,0
stim,240018,270139,1,270139,3467459.454,-0.584,0.210,-0.417,0.664,0,0,81,0,0,0,0,165,45,0.991,1,2270,0,420.225,14.847,-310.438,-278.188,53.188,-0.578,0.707,1.031,-9.102,-11.730,-10.781,1.516,1.636,1.158,1.303,0,NULL,NULL,,3,1,2,7,255,1310,250,0,0
stim,240018,270139,1,270139,3467464.455,-0.583,0.209,-0.430,0.656,0,0,77,0,0,0,0,199,45,0.991,1,2270,0,362.790,13.572,-293.250,-212.938,-16.688,-0.168,0.047,0.852,-7.758,-11.137,-10.781,1.586,1.704,1.158,1.303,0,NULL,NULL,,3,1,2,7,255,1310,250,0,0
stim,240018,270139,1,270139,3467469.453,-0.583,0.207,-0.441,0.650,0,0,71,0,0,0,0,239,45,0.991,1,2270,0,281.906,8.879,-236.125,-153.938,-4.375,-0.090,-0.371,0.965,-2.293,-8.578,-6.809,1.654,1.772,1.158,1.303,0,NULL,NULL,,3,1,2,7,255,1310,250,0,0
stim,240018,270139,1,270139,3467474.455,-0.582,0.203,-0.451,0.645,0,0,69,0,0,0,0,261,45,0.991,1,2270,0,262.071,8.806,-244.438,-92.500,19.375,-0.297,-0.066,1.121,-1.988,-8.578,-6.363,1.718,1.836,1.158,1.303,0,NULL,NULL,,3,1,2,7,255,1310,250,0,0
stim,240048,270169,1,270169,3467479.454,-0.585,0.196,-0.460,0.639,0,0,63,0,0,0,0,249,45,0.991,1,2270,0,303.327,8.806,-302.625,-20.625,-0.500,-0.379,0.160,0.734,-1.988,-8.578,-6.363,1.780,1.898,1.158,1.303,0,NULL,NULL,,3,1,2,7,255,1310,250,0,0
stim,240048,270169,1,270169,3467484.455,-0.589,0.186,-0.468,0.632,0,0,62,0,0,0,0,222,45,0.991,1,2270,0,340.765,8.331,-337.063,49.000,-10.438,-0.195,0.469,-0.016,-2.914,-7.805,-9.789,1.846,1.964,1.158,1.303,0,NULL,NULL,,3,1,2,7,255,1310,250,0,0
stim,240082,270203,1,270203,3467489.454,-0.593,0.176,-0.473,0.627,0,0,57,0,0,0,0,147,45,0.991,1,2270,0,308.853,2.932,-289.000,108.938,-1.313,-0.063,0.605,-0.668,-2.914,-0.320,-13.156,1.912,2.030,1.158,1.303,0,NULL,NULL,,3,1,2,7,255,1310,250,0,0
stim,240082,270203,1,270203,3467494.455,-0.597,0.167,-0.473,0.625,0,0,57,0,0,0,0,137,45,0.991,1,2270,0,224.985,6.508,-168.250,148.438,16.625,-0.168,0.449,-0.918,-2.855,5.848,-15.805,1.972,2.092,1.158,1.303,0,NULL,NULL,,3,1,2,7,255,1310,250,0,0
stim,240082,270203,1,270203,3467499.453,-0.601,0.161,-0.471,0.626,0,0,55,0,0,0,0,121,45,0.991,1,2270,0,182.429,5.851,-58.938,171.625,18.750,-0.313,0.125,-0.418,-0.191,5.848,-15.805,2.022,2.142,1.158,1.303,0,NULL,NULL,,3,1,2,7,255,1310,250,0,0
stim,240082,270203,1,270203,3467504.455,-0.605,0.155,-0.467,0.627,0,0,52,0,0,0,0,117,45,0.991,1,2270,0,189.574,1.901,-34.625,184.938,23.188,-0.340,-0.086,-0.023,1.137,1.523,-14.680,2.050,2.170,1.158,1.303,0,NULL,NULL,,3,1,2,7,255,1310,250,0,0
stim,240082,270203,1,270203,3467509.454,-0.608,0.147,-0.463,0.628,0,0,46,0,0,0,0,104,45,0.991,1,2270,0,202.259,2.379,-48.125,193.250,35.313,-0.305,-0.059,0.039,1.137,-2.090,-12.098,2.062,2.182,1.158,1.303,0,NULL,NULL,,3,1,2,7,255,1310,250,0,0
stim,240082,270203,1,270203,3467514.455,-0.611,0.140,-0.460,0.629,0,0,31,0,0,0,0,102,45,0.991,1,2270,0,207.909,2.284,-49.000,193.938,56.688,-0.273,0.098,-0.160,0.922,-2.090,-12.098,2.064,2.184,1.158,1.303,0,NULL,NULL,,3,1,2,7,255,1310,250,0,0
stim,240082,270203,1,270203,3467519.454,-0.613,0.133,-0.455,0.632,0,0,42,0,0,0,0,97,45,0.991,1,2270,0,206.655,0.526,-18.063,193.688,69.750,-0.344,0.266,-0.332,0.285,-0.441,-13.027,2.056,2.178,1.158,1.303,0,NULL,NULL,,3,1,2,7,255,1310,250,0,0
stim,240082,270203,1,270203,3467524.455,-0.615,0.127,-0.450,0.635,0,0,39,0,0,0,0,91,45,0.991,1,2270,0,205.027,0.532,23.625,192.063,67.750,-0.414,0.320,-0.227,-0.297,-0.441,-15.117,2.048,2.170,1.158,1.303,0,NULL,NULL,,3,1,2,7,255,1310,250,0,0
stim,240082,270203,1,270203,3467529.454,-0.617,0.121,-0.444,0.638,0,0,31,0,0,0,0,87,45,0.991,1,2270,0,207.091,1.205,45.500,191.438,64.563,-0.371,0.273,0.000,-1.055,-0.582,-15.117,2.038,2.162,1.158,1.303,0,NULL,NULL,,3,1,2,7,255,1310,250,0,0
stim,240082,270203,1,270203,3467534.455,-0.619,0.116,-0.437,0.642,0,0,38,0,0,0,0,85,45,0.991,1,2270,0,210.421,2.656,48.375,192.563,69.688,-0.371,0.211,0.125,-1.684,-2.055,-13.535,2.030,2.156,1.158,1.303,0,NULL,NULL,,3,1,2,7,255,1310,250,0,0
stim,240108,270229,1,270229,3467539.453,-0.620,0.111,-0.431,0.646,0,0,36,0,0,0,0,77,45,0.991,1,2270,0,212.906,3.519,48.375,194.688,71.313,-0.434,0.176,0.219,-1.684,-3.090,-12.512,2.024,2.150,1.158,1.303,0,NULL,NULL,,3,1,2,7,255,1310,250,0,0
stim,240108,270229,1,270229,3467544.455,-0.622,0.105,-0.424,0.649,0,0,39,0,0,0,0,77,45,0.991,1,2270,0,212.669,4.561,50.750,196.500,63.563,-0.477,0.137,0.289,-1.645,-4.254,-12.164,2.024,2.152,1.158,1.303,0,NULL,NULL,,3,1,2,7,255,1310,250,0,0
stim,240108,270229,1,270229,3467549.453,-0.624,0.100,-0.418,0.652,0,0,39,0,0,0,0,77,45,0.991,1,2270,0,213.454,5.397,56.500,198.750,53.563,-0.512,0.113,0.391,-1.645,-5.141,-11.801,2.032,2.160,1.158,1.303,0,NULL,NULL,,3,1,2,7,255,1310,250,0,0
stim,240108,270229,1,270229,3467554.455,-0.627,0.095,-0.411,0.655,0,0,39,0,0,0,0,79,45,0.991,1,2270,0,214.120,6.339,57.500,202.438,39.500,-0.531,0.141,0.543,-1.664,-6.117,-11.191,2.044,2.174,1.158,1.303,0,NULL,NULL,,3,1,2,7,255,1310,250,0,0
stim,240108,270229,1,270229,3467559.454,-0.630,0.090,-0.404,0.657,0,0,39,0,0,0,0,85,45,0.991,1,2270,0,215.748,7.651,47.188,209.188,23.688,-0.527,0.184,0.688,-2.512,-7.227,-10.391,2.064,2.194,1.158,1.303,0,NULL,NULL,,3,1,2,7,255,1310,250,0,0
stim,240108,270229,1,270229,3467564.455,-0.634,0.085,-0.397,0.659,0,0,36,0,0,0,0,91,45,0.991,1,2270,0,220.621,8.764,31.375,218.188,9.125,-0.508,0.188,0.766,-3.535,-8.020,-9.488,2.094,2.226,1.158,1.303,0,NULL,NULL,,3,1,2,7,255,1310,250,0,0
stim,240139,270260,1,270260,3467569.453,-0.638,0.079,-0.390,0.660,0,0,37,0,0,0,0,99,45,0.991,1,2270,0,229.704,9.170,15.875,229.125,-3.688,-0.512,0.152,0.805,-3.863,-8.316,-8.750,2.130,2.264,1.158,1.303,0,NULL,NULL,,3,1,2,7,255,1310,250,0,0
stim,240139,270260,1,270260,3467574.455,-0.643,0.072,-0.383,0.660,0,0,33,0,0,0,0,107,45,0.991,1,2270,0,242.652,9.411,1.750,242.000,-17.688,-0.539,0.117,0.813,-3.863,-8.582,-8.176,2.172,2.308,1.158,1.303,0,NULL,NULL,,3,1,2,7,255,1310,250,0,0
stim,240139,270260,1,270260,3467579.453,-0.648,0.066,-0.376,0.659,0,0,31,0,0,0,0,110,45,0.991,1,2270,0,258.791,9.575,-9.375,256.250,-34.938,-0.570,0.121,0.809,-3.707,-8.828,-8.008,2.218,2.356,1.158,1.303,0,NULL,NULL,,3,1,2,7,255,1310,250,0,0
stim,240139,270260,1,270260,3467584.455,-0.654,0.058,-0.369,0.658,0,0,29,0,0,0,0,107,45,0.991,1,2270,0,277.528,9.687,-16.688,271.625,-54.438,-0.582,0.133,0.813,-3.707,-8.949,-7.977,2.268,2.410,1.158,1.303,0,NULL,NULL,,3,1,2,7,255,1310,250,0,0
stim,240180,270301,1,270301,3467589.453,-0.661,0.051,-0.361,0.656,0,0,29,0,0,0,0,105,45,0.991,1,2270,0,297.732,9.785,-21.875,287.750,-73.250,-0.582,0.133,0.832,-3.922,-8.965,-7.930,2.320,2.462,1.158,1.303,0,NULL,NULL,,3,1,2,7,255,1310,250,0,0
stim,240180,270301,1,270301,3467594.455,-0.669,0.043,-0.353,0.653,0,0,28,0,0,0,0,107,45,0.991,1,2270,0,318.171,9.884,-26.563,304.000,-90.063,-0.590,0.141,0.852,-4.129,-8.980,-7.574,2.368,2.512,1.158,1.303,0,NULL,NULL,,3,1,2,7,255,1310,250,0,0
stim,240180,270301,1,270301,3467599.454,-0.677,0.035,-0.344,0.650,0,0,29,0,0,0,0,96,45,0.991,1,2270,0,338.785,9.994,-29.750,319.813,-107.750,-0.594,0.160,0.859,-4.418,-8.965,-7.305,2.416,2.562,1.158,1.303,0,NULL,NULL,,3,1,2,7,255,1310,250,0,0
stim,240180,270301,1,270301,3467604.455,-0.686,0.027,-0.335,0.646,0,0,28,0,0,0,0,99,45,0.991,1,2270,0,358.690,10.095,-28.188,334.125,-127.375,-0.559,0.184,0.852,-4.781,-8.891,-7.141,2.460,2.606,1.158,1.303,0,NULL,NULL,,3,1,2,7,255,1310,250,0,0
stim,240180,270301,1,270301,3467609.454,-0.695,0.019,-0.325,0.641,0,0,26,0,0,0,0,103,45,0.991,1,2270,0,379.138,9.831,-22.563,347.688,-149.500,-0.391,0.184,0.848,-5.148,-8.375,-6.906,2.500,2.648,1.158,1.303,0,NULL,NULL,,3,1,2,7,255,1310,250,0,0
stim,240180,270301,1,270301,3467614.455,-0.705,0.011,-0.314,0.636,0,0,27,0,0,0,0,103,45,0.991,1,2270,0,394.991,8.455,-16.188,360.438,-160.750,-0.227,0.098,0.801,-5.148,-6.707,-5.961,2.538,2.686,1.158,1.303,0,NULL,NULL,,3,1,2,7,255,1310,250,0,0
stim,240180,270301,1,270301,3467619.453,-0.714,0.003,-0.303,0.631,0,0,24,0,0,0,0,101,45,0.991,1,2270,0,396.349,7.143,-1.250,365.625,-153.000,-0.250,0.145,0.820,-5.066,-5.035,-5.004,2.572,2.722,1.158,1.303,0,NULL,NULL,,3,1,2,7,255,1310,250,0,0
stim,240180,270301,1,270301,3467624.455,-0.724,-0.004,-0.291,0.625,0,0,11,0,0,0,0,99,45,0.991,1,2270,0,401.826,7.115,14.688,368.250,-160.125,-0.270,0.316,0.914,-5.066,-4.996,-4.988,2.602,2.754,1.158,1.303,0,NULL,NULL,,3,1,2,7,255,1310,250,0,0
stim,240198,270319,1,270319,3467629.454,-0.733,-0.011,-0.279,0.620,0,0,11,0,0,0,0,93,45,0.991,1,2270,0,410.305,8.591,27.125,369.438,-176.438,-0.160,0.379,1.004,-7.063,-4.891,-4.820,2.630,2.782,1.158,1.303,0,NULL,NULL,,3,1,2,7,255,1310,250,0,0
stim,240198,270319,1,270319,3467634.455,-0.743,-0.017,-0.267,0.614,0,0,11,0,0,0,0,97,45,0.991,1,2270,0,410.681,8.796,37.500,368.438,-177.500,-0.023,0.414,1.102,-7.945,-3.773,-3.695,2.654,2.808,1.158,1.303,0,NULL,NULL,,3,1,2,7,255,1310,250,0,0
stim,240198,270319,1,270319,3467639.454,-0.752,-0.023,-0.254,0.608,0,0,7,0,0,0,0,99,45,0.991,1,2270,0,405.496,8.844,44.813,366.125,-168.438,0.039,0.457,1.199,-8.512,-2.402,-2.305,2.676,2.830,1.158,1.303,0,NULL,NULL,,3,1,2,7,255,1310,250,0,0
stim,240198,270319,1,270319,3467644.455,-0.760,-0.029,-0.241,0.603,0,0,8,0,0,0,0,98,45,0.991,1,2270,0,401.824,9.302,47.875,364.313,-162.625,0.066,0.488,1.250,-9.160,-1.621,-1.230,2.696,2.850,1.158,1.303,0,NULL,NULL,,3,1,2,7,255,1310,250,0,0
stim,240198,270319,1,270319,3467649.453,-0.769,-0.035,-0.228,0.597,0,0,7,0,0,0,0,88,45,0.991,1,2270,0,401.499,9.215,54.188,363.625,-161.375,0.094,0.477,1.234,-9.160,-1.000,-0.652,2.714,2.870,1.158,1.303,0,NULL,NULL,,3,1,2,7,255,1310,250,0,0
stim,240198,270319,1,270319,3467654.455,-0.777,-0.040,-0.214,0.591,0,0,0,0,0,0,0,93,45,0.991,1,2270,0,402.085,9.522,69.375,362.188,-160.250,0.086,0.535,1.309,-9.516,-0.352,-0.496,2.732,2.888,1.158,1.303,0,NULL,NULL,,3,1,2,7,255,1310,250,0,0
stim,240229,270350,1,270350,3467659.453,-0.784,-0.045,-0.200,0.585,0,0,4,0,0,0,0,87,45,0.991,1,2270,0,402.356,9.816,79.750,360.125,-160.750,0.055,0.656,1.477,-9.816,0.020,0.105,2.752,2.908,1.158,1.303,0,NULL,NULL,,3,1,2,7,255,1310,250,0,0
stim,240229,270350,0,270350,3467664.455,-0.792,-0.050,-0.187,0.579,0,0,9,0,0,0,0,79,45,0.991,1,2270,0,401.859,11.401,80.375,358.188,-163.500,0.082,0.711,1.629,-11.398,0.238,1.281,2.772,2.930,1.158,1.303,0,NULL,NULL,,3,0,2,7,255,1305,250,0,0
stim,240229,270350,0,270350,3467669.454,-0.799,-0.055,-0.173,0.573,0,0,5,0,0,0,0,77,45,0.991,1,2270,0,399.147,12.193,73.125,356.188,-164.625,0.117,0.738,1.750,-12.156,0.949,2.746,2.796,2.954,1.158,1.303,0,NULL,NULL,,3,0,2,7,255,1305,250,0,0
stim,240229,270350,0,270350,3467674.455,-0.806,-0.060,-0.160,0.566,0,0,5,0,0,0,0,87,45,0.991,1,2270,0,394.226,12.607,60.875,353.750,-163.000,0.137,0.773,1.824,-12.480,1.785,4.012,2.822,2.978,1.158,1.303,0,NULL,NULL,,3,0,2,7,255,1305,250,0,0
stim,240229,270350,0,270350,3467679.454,-0.813,-0.066,-0.147,0.560,0,0,5,0,0,0,0,95,45,0.991,1,2270,0,389.001,12.940,47.938,350.688,-161.375,0.168,0.820,1.859,-12.680,2.582,4.797,2.850,3.006,1.158,1.303,0,NULL,NULL,,3,0,2,7,255,1305,250,0,0
stim,240229,270350,0,270350,3467684.455,-0.819,-0.072,-0.134,0.553,0,0,5,0,0,0,0,91,45,0.991,1,2270,0,384.159,13.321,36.625,347.500,-159.625,0.219,0.887,1.859,-12.828,3.590,5.148,2.880,3.038,1.158,1.303,0,NULL,NULL,,3,0,2,7,255,1305,250,0,0
stim,240273,270394,0,270394,3467689.453,-0.825,-0.078,-0.122,0.546,0,0,11,0,0,0,0,95,45,0.991,1,2270,0,378.751,13.726,28.625,343.688,-156.563,0.285,0.914,1.816,-12.828,4.883,5.148,2.910,3.068,1.158,1.303,0,NULL,NULL,,3,0,2,7,255,1305,250,0,0
stim,240273,270394,0,270394,3467694.455,-0.831,-0.084,-0.110,0.539,0,0,18,0,0,0,0,101,45,0.991,1,2270,0,371.341,13.876,26.875,338.688,-149.875,0.367,0.926,1.773,-12.434,6.160,4.809,2.942,3.100,1.158,1.303,0,NULL,NULL,,3,0,2,7,255,1305,250,0,0
stim,240273,270394,0,270394,3467699.453,-0.836,-0.090,-0.098,0.532,0,0,12,0,0,0,0,103,45,0.991,1,2270,0,362.448,13.931,30.938,333.250,-139.125,0.438,0.914,1.738,-11.750,7.484,4.469,2.970,3.128,1.158,1.303,0,NULL,NULL,,3,0,2,7,255,1305,250,0,0
stim,240273,270394,0,270394,3467704.455,-0.841,-0.095,-0.086,0.526,0,0,9,0,0,0,0,100,45,0.991,1,2270,0,352.233,13.895,42.438,325.813,-126.938,0.500,0.922,1.766,-10.934,8.574,4.453,2.994,3.154,1.158,1.303,0,NULL,NULL,,3,0,2,7,255,1305,250,0,0
stim,240273,270394,0,270394,3467709.454,-0.845,-0.100,-0.073,0.521,0,0,11,0,0,0,0,103,45,0.991,1,2270,0,342.780,14.400,49.813,319.250,-114.438,0.543,1.008,1.801,-10.680,9.660,4.453,3.016,3.176,1.158,1.303,0,NULL,NULL,,3,0,2,7,255,1305,250,0,0
stim,240273,270394,0,270394,3467714.455,-0.848,-0.105,-0.061,0.515,0,0,9,0,0,0,0,99,45,0.991,1,2270,0,333.653,15.082,56.125,313.188,-100.438,0.633,1.066,1.816,-10.438,10.887,4.453,3.034,3.194,1.158,1.303,0,NULL,NULL,,3,0,2,7,255,1305,250,0,0
stim,240297,270418,0,270418,3467719.453,-0.851,-0.109,-0.049,0.511,0,0,9,0,0,0,0,93,45,0.991,1,2270,0,324.912,16.179,69.938,306.750,-81.125,0.703,1.035,1.836,-10.395,12.398,4.539,3.050,3.210,1.158,1.303,0,NULL,NULL,,3,0,2,7,255,1305,250,0,0
stim,240297,270418,0,270418,3467724.455,-0.854,-0.112,-0.036,0.507,0,0,14,0,0,0,0,89,45,0.991,1,2270,0,320.040,16.311,88.188,301.313,-62.125,0.727,1.031,1.930,-9.469,13.281,4.648,3.062,3.224,1.158,1.303,0,NULL,NULL,,3,0,2,7,255,1305,250,0,0
stim,240297,270418,0,270418,3467729.453,-0.856,-0.115,-0.023,0.503,0,0,13,0,0,0,0,79,45,0.991,1,2270,0,319.459,16.669,101.500,298.813,-49.625,0.750,1.031,2.043,-9.059,13.992,5.457,3.070,3.232,1.158,1.303,0,NULL,NULL,,3,0,2,7,255,1305,250,0,0
stim,240297,270418,0,270418,3467734.455,-0.858,-0.117,-0.010,0.500,0,0,16,0,0,0,0,73,45,0.991,1,2270,0,320.510,17.128,109.875,298.625,-38.438,0.797,1.039,2.121,-8.699,14.754,6.430,3.076,3.240,1.158,1.303,0,NULL,NULL,,3,0,2,7,255,1305,250,0,0
stim,240297,270418,0,270418,3467739.454,-0.859,-0.119,0.004,0.497,0,0,17,0,0,0,0,73,45,0.991,1,2270,0,323.921,17.718,120.000,299.688,-26.688,0.828,1.063,2.191,-8.184,15.715,7.023,3.082,3.246,1.158,1.303,0,NULL,NULL,,3,0,2,7,255,1305,250,0,0
stim,240297,270418,0,270418,3467744.455,-0.861,-0.121,0.018,0.494,0,0,17,0,0,0,0,68,45,0.991,1,2270,0,328.571,18.330,131.063,300.813,-17.125,0.836,1.082,2.285,-7.805,16.586,7.473,3.086,3.250,1.158,1.303,0,NULL,NULL,,3,0,2,7,255,1305,250,0,0
stim,240318,270439,0,270439,3467749.454,-0.861,-0.122,0.032,0.492,0,0,20,0,0,0,0,67,45,0.991,1,2270,0,331.562,18.881,137.500,301.438,-12.750,0.859,1.074,2.379,-7.535,17.313,8.191,3.088,3.252,1.158,1.303,0,NULL,NULL,,3,0,2,7,255,1305,250,0,0
stim,240318,270439,0,270439,3467754.455,-0.862,-0.123,0.046,0.489,0,0,19,0,0,0,0,65,45,0.991,1,2270,0,331.107,19.327,138.375,300.625,-10.438,0.918,1.059,2.430,-6.875,18.063,8.953,3.086,3.250,1.158,1.303,0,NULL,NULL,,3,0,2,7,255,1305,250,0,0
stim,240318,270439,0,270439,3467759.454,-0.863,-0.124,0.060,0.487,0,0,18,0,0,0,0,67,45,0.991,1,2270,0,328.920,19.840,139.500,297.813,-6.000,0.988,1.035,2.422,-5.902,18.941,8.953,3.080,3.246,1.158,1.303,0,NULL,NULL,,3,0,2,7,255,1305,250,0,0
stim,240318,270439,0,270439,3467764.455,-0.863,-0.125,0.074,0.485,0,0,17,0,0,0,0,73,45,0.991,1,2270,0,325.002,20.301,142.938,291.875,2.063,1.051,1.004,2.387,-4.777,19.730,8.816,3.070,3.236,1.158,1.303,0,NULL,NULL,,3,0,2,7,255,1305,250,0,0
stim,240318,270439,0,270439,3467769.453,-0.862,-0.126,0.088,0.483,0,0,20,0,0,0,0,85,45,0.991,1,2270,0,316.976,20.625,143.250,282.500,12.125,1.125,0.973,2.277,-3.598,20.309,8.172,3.054,3.220,1.158,1.303,0,NULL,NULL,,3,0,2,7,255,1305,250,0,0
stim,240318,270439,0,270439,3467774.455,-0.862,-0.126,0.101,0.481,0,0,16,0,0,0,0,89,45,0.991,1,2270,0,308.441,20.820,146.313,270.500,23.625,1.246,0.922,2.051,-2.410,20.680,6.809,3.034,3.198,1.158,1.303,0,NULL,NULL,,3,0,2,7,255,1305,250,0,0
stim,240354,270475,0,270475,3467779.454,-0.861,-0.125,0.115,0.480,0,0,18,0,0,0,0,93,45,0.991,1,2270,0,307.176,20.702,165.250,255.313,43.188,1.359,0.828,1.762,-0.961,20.680,4.184,3.006,3.170,1.158,1.303,0,NULL,NULL,,3,0,2,7,255,1305,250,0,0
stim,240354,270475,0,270475,3467784.455,-0.859,-0.122,0.128,0.480,0,0,19,0,0,0,0,93,45,0.991,1,2270,0,319.370,20.519,200.375,240.063,64.938,1.387,0.703,1.570,0.664,20.508,1.047,2.972,3.138,1.158,1.303,0,NULL,NULL,,3,0,2,7,255,1305,250,0,0
stim,240379,270500,0,270500,3467789.454,-0.858,-0.117,0.142,0.480,0,0,17,0,0,0,0,99,45,0.991,1,2270,0,338.729,19.645,241.813,222.438,82.375,1.352,0.566,1.527,2.035,19.539,-0.852,2.928,3.094,1.158,1.303,0,NULL,NULL,,3,0,2,7,255,1305,250,0,0
stim,240379,270500,0,270500,3467794.455,-0.856,-0.111,0.156,0.481,0,0,17,0,0,0,0,119,45,0.991,1,2270,0,356.692,18.788,274.750,202.813,103.000,1.371,0.461,1.504,3.320,18.492,-1.168,2.880,3.042,1.158,1.303,0,NULL,NULL,,3,0,2,7,255,1305,250,0,0
stim,240379,270500,0,270500,3467799.453,-0.853,-0.103,0.170,0.482,0,0,16,0,0,0,0,139,45,0.991,1,2270,0,371.958,18.622,295.938,185.875,127.375,1.367,0.371,1.355,4.563,18.055,-1.539,2.826,2.986,1.158,1.303,0,NULL,NULL,,3,0,2,7,255,1305,250,0,0
stim,240379,270500,0,270500,3467804.455,-0.850,-0.093,0.184,0.485,0,0,19,0,0,0,0,147,45,0.991,1,2270,0,396.005,17.886,325.875,168.375,149.250,1.352,0.320,1.191,5.352,17.066,-2.949,2.766,2.926,1.158,1.303,0,NULL,NULL,,3,0,2,7,255,1305,250,0,0
stim,240379,270500,0,270500,3467809.454,-0.847,-0.082,0.198,0.487,0,0,17,0,0,0,0,151,45,0.991,1,2270,0,430.314,17.054,365.125,150.375,171.000,1.305,0.273,1.070,5.598,16.109,-4.508,2.700,2.860,1.158,1.303,0,NULL,NULL,,3,0,2,7,255,1305,250,0,0
stim,240379,270500,0,270500,3467814.455,-0.843,-0.068,0.213,0.489,0,0,19,0,0,0,0,151,45,0.991,1,2270,0,471.462,16.117,413.313,135.875,181.625,1.230,0.168,1.113,5.723,15.066,-4.977,2.632,2.788,1.158,1.303,0,NULL,NULL,,3,0,2,7,255,1305,250,0,0
stim,240379,270500,0,270500,3467819.454,-0.839,-0.052,0.227,0.492,0,0,19,0,0,0,0,151,45,0.991,1,2270,0,507.136,15.539,451.688,120.125,196.813,1.156,-0.023,1.281,6.586,14.074,-4.977,2.558,2.714,1.158,1.303,0,NULL,NULL,,3,0,2,7,255,1305,250,0,0
stim,240379,270500,0,270500,3467824.455,-0.834,-0.036,0.242,0.494,0,0,19,0,0,0,0,159,45,0.991,1,2270,0,522.596,15.604,470.438,109.750,199.375,1.023,-0.133,1.461,8.590,13.027,-3.500,2.482,2.638,1.158,1.303,0,NULL,NULL,,3,0,2,7,255,1305,250,0,0
stim,240379,270500,0,270500,3467829.453,-0.830,-0.018,0.257,0.496,0,0,19,0,0,0,0,159,45,0.991,1,2270,0,530.591,15.473,481.625,100.438,198.688,0.945,-0.164,1.660,9.887,11.902,-1.766,2.404,2.556,1.158,1.303,0,NULL,NULL,,3,0,2,7,255,1305,250,0,0
stim,240379,270500,0,270500,3467834.455,-0.824,-0.001,0.271,0.497,0,0,21,0,0,0,0,165,45,0.991,1,2270,0,519.929,15.938,473.563,93.375,193.250,0.680,-0.441,1.746,10.961,11.570,0.000,2.320,2.474,1.158,1.303,0,NULL,NULL,,3,0,2,7,255,1305,250,0,0
stim,240412,270533,0,270533,3467839.453,-0.819,0.016,0.284,0.498,0,0,21,0,0,0,0,189,45,0.991,1,2270,0,503.424,15.442,461.688,83.375,182.563,0.453,-0.770,1.816,13.105,8.168,0.914,2.236,2.390,1.158,1.303,0,NULL,NULL,,3,0,2,7,255,1305,250,0,0
stim,240412,270533,0,270533,3467844.455,-0.815,0.032,0.296,0.498,0,0,20,0,0,0,0,203,45,0.991,1,2270,0,487.106,16.440,454.438,73.063,159.438,0.148,-1.063,1.930,15.742,4.738,1.172,2.150,2.302,1.158,1.303,0,NULL,NULL,,3,0,2,7,255,1305,250,0,0
stim,240412,270533,0,270533,3467849.454,-0.811,0.048,0.308,0.496,0,0,22,0,0,0,0,209,45,0.991,1,2270,0,461.256,18.152,443.500,63.188,109.875,0.090,-1.004,2.496,18.066,1.758,1.945,2.060,2.212,1.158,1.303,0,NULL,NULL,,3,0,2,7,255,1305,250,0,0
stim,240412,270533,0,270533,3467854.455,-0.808,0.061,0.319,0.492,0,0,23,0,0,0,0,237,45,0.991,1,2270,0,399.929,20.852,393.000,61.750,41.000,-0.016,-0.621,3.090,20.777,1.758,6.254,1.962,2.114,1.158,1.303,0,NULL,NULL,,3,0,2,7,255,1305,250,0,0
stim,240412,270533,0,270533,3467859.454,-0.807,0.071,0.328,0.487,0,0,26,0,0,0,0,275,45,0.991,1,2270,0,342.778,21.577,336.938,58.875,-22.438,0.402,-0.609,3.051,21.246,3.766,9.480,1.862,2.014,1.158,1.303,0,NULL,NULL,,3,0,2,7,255,1305,250,0,0
stim,240412,270533,0,270533,3467864.455,-0.806,0.078,0.335,0.482,0,0,27,0,0,0,0,309,45,0.991,1,2270,0,253.832,23.847,245.938,53.938,-32.188,0.785,-0.254,3.625,22.855,6.805,12.188,1.758,1.910,1.158,1.303,0,NULL,NULL,,3,0,2,7,255,1305,250,0,0
stim,240439,270560,0,270560,3467869.453,-0.806,0.079,0.339,0.479,0,0,27,0,0,0,0,339,45,0.991,1,2270,0,103.753,27.329,75.625,53.750,-46.438,0.930,-0.121,3.508,24.238,12.625,11.938,1.648,1.800,1.158,1.303,0,NULL,NULL,,3,0,2,7,255,1305,250,0,0
stim,240439,270560,0,270560,3467874.455,-0.807,0.075,0.339,0.477,0,0,25,0,0,0,0,363,45,0.991,1,2270,0,116.661,27.329,-51.438,47.750,-93.188,0.836,-0.035,2.668,24.238,12.625,11.938,1.534,1.682,1.158,1.303,0,NULL,NULL,,3,0,2,7,255,1305,250,0,0
stim,240439,270560,0,270560,3467879.453,-0.811,0.068,0.339,0.473,0,0,19,0,0,0,0,379,45,0.991,1,2270,0,201.440,22.415,-104.250,36.875,-168.375,1.285,-0.289,1.887,18.352,12.871,6.301,1.418,1.562,1.158,1.303,0,NULL,NULL,,3,0,2,7,255,1305,250,0,0
stim,240439,270560,0,270560,3467884.455,-0.814,0.062,0.337,0.469,0,0,17,0,0,0,0,389,45,0.991,1,2270,0,195.981,22.415,-112.188,16.813,-159.813,1.914,-0.676,1.496,18.352,12.871,-2.781,1.300,1.440,1.158,1.303,0,NULL,NULL,,3,0,2,7,255,1305,250,0,0
stim,240481,270602,0,270602,3467889.454,-0.817,0.056,0.335,0.466,0,0,13,0,0,0,0,392,45,0.991,1,2270,0,169.098,23.823,-113.375,-2.375,-125.438,2.027,-0.715,1.203,18.695,14.766,-10.277,1.178,1.312,1.158,1.303,0,NULL,NULL,,3,0,2,7,255,1305,250,0,0
stim,240481,270602,0,270602,3467894.455,-0.819,0.051,0.332,0.464,0,0,12,0,0,0,0,391,45,0.991,1,2270,0,140.737,23.823,-105.750,-25.438,-89.313,1.922,-0.746,0.984,18.695,14.766,-13.152,1.056,1.184,1.158,1.303,0,NULL,NULL,,3,0,2,7,255,1305,250,0,0
stim,240481,270602,0,270602,3467899.454,-0.822,0.048,0.329,0.463,0,0,12,0,0,0,0,382,45,0.991,1,2270,0,124.847,21.853,-84.188,-46.250,-79.750,1.855,-0.695,0.773,17.410,13.207,-14.305,0.936,1.054,1.158,1.303,0,NULL,NULL,,3,0,2,7,255,1305,250,0,0
stim,240481,270602,0,270602,3467904.455,-0.824,0.047,0.326,0.461,0,0,18,0,0,0,0,367,45,0.991,1,2270,0,107.213,20.021,-45.688,-66.875,-70.250,1.754,-0.801,0.594,15.738,12.375,-15.313,0.816,0.924,1.158,1.303,0,NULL,NULL,,3,0,2,7,255,1305,250,0,0
stim,240481,270602,0,270602,3467909.454,-0.826,0.048,0.323,0.459,0,0,0,0,0,0,0,429,45,0.991,1,2270,0,98.416,18.680,0.188,-86.938,-46.125,1.578,-0.848,0.664,15.457,10.488,-15.313,0.700,0.794,1.158,1.303,0,NULL,NULL,,3,0,2,7,255,1305,250,0,0
stim,240481,270602,0,270602,3467914.455,-0.827,0.059,0.321,0.459,0,0,0,0,0,9,0,553,45,0.991,1,2270,0,242.186,17.871,177.000,-148.125,73.375,-0.109,-1.762,2.359,15.457,8.969,-15.117,0.596,0.666,1.158,1.303,0,NULL,NULL,,3,0,2,7,255,1305,250,0,0
stim,240481,270602,0,270602,3467919.453,-0.817,0.094,0.320,0.470,91,0,0,263,0,70,0,552,45,0.991,1,2270,0,875.451,26.814,597.188,-322.875,552.750,-0.684,1.195,7.746,25.270,8.969,2.844,0.502,0.544,1.158,1.303,0,NULL,NULL,,3,0,2,7,255,1305,250,0,0
stim,240481,270602,0,270602,3467924.455,-0.818,0.084,0.308,0.479,493,0,0,665,0,260,0,607,45,0.991,1,2270,0,416.069,25.273,-388.625,-97.313,112.313,-2.293,1.301,6.809,25.270,-0.430,58.215,0.426,0.426,1.158,1.303,0,NULL,NULL,,3,0,2,7,255,1305,250,0,0
stim,240498,270619,0,270619,3467929.454,-0.826,0.047,0.285,0.485,932,0,0,1007,0,479,0,681,45,0.991,1,2270,0,1029.630,19.942,-1010.500,-74.875,-182.813,-1.793,1.598,2.625,19.938,-0.430,58.215,0.370,0.314,1.158,1.303,0,NULL,NULL,,3,0,2,7,255,1305,250,0,0
stim,240498,270619,0,270619,3467934.455,-0.834,0.006,0.261,0.485,1228,0,0,1235,0,645,0,749,45,0.991,1,2270,0,1099.535,6.265,-1046.063,-43.813,-335.875,-0.496,1.477,-1.496,-6.250,-0.430,24.512,0.362,0.248,1.158,1.303,0,NULL,NULL,,3,0,2,7,255,1305,250,0,0
stim,240498,270619,0,270619,3467939.453,-0.841,-0.018,0.245,0.483,1517,0,0,1433,0,861,0,791,45,0.991,1,2271,0,675.740,20.014,-618.875,-72.813,-261.375,0.246,1.008,-3.773,-19.992,-0.938,-17.078,0.372,0.224,1.158,1.303,1,1318.000,13.000,,3,0,2,7,255,1305,250,0,0
stim,240498,270619,0,270619,3467944.455,-0.844,-0.017,0.239,0.480,1901,0,0,1771,0,1011,0,827,45,0.991,1,2271,0,181.600,20.285,-38.250,-146.125,-100.813,0.195,-1.102,-2.734,-19.992,-3.434,-36.371,0.392,0.238,1.158,1.303,1,NULL,NULL,,3,0,2,7,255,1305,250,0,0
stim,240498,270619,0,270619,3467949.453,-0.846,-0.003,0.238,0.478,2191,0,0,2073,0,1063,0,871,45,0.991,1,2271,0,321.489,11.641,270.750,-172.875,12.813,-0.422,-2.012,0.840,0.004,-11.641,-36.371,0.418,0.278,1.158,1.303,1,NULL,NULL,,3,0,2,7,255,1305,250,0,0
stim,240498,270619,0,270619,3467954.455,-0.845,0.006,0.233,0.482,2421,0,0,2285,0,1065,0,909,45,0.991,1,2271,0,257.014,15.782,109.563,-192.875,129.813,-1.438,-0.938,2.508,10.656,-11.641,-4.617,0.452,0.318,1.158,1.303,1,NULL,NULL,,3,0,2,7,255,1305,250,0,0
stim,240529,270650,0,270650,3467959.454,-0.846,0.004,0.224,0.484,2521,0,0,2430,0,1015,0,951,45,0.991,1,2271,0,230.871,15.123,-162.000,-162.188,27.438,-1.617,0.602,2.203,10.656,-10.730,15.848,0.492,0.358,1.158,1.303,2,NULL,NULL,,3,0,2,7,255,1305,250,0,0
stim,240529,270650,0,270650,3467964.455,-0.850,-0.004,0.213,0.481,2589,0,0,2539,0,895,0,988,45,0.991,1,2271,0,340.833,9.304,-267.438,-149.625,-149.188,-1.348,-0.082,0.984,-2.105,-9.063,15.848,0.532,0.396,1.158,1.303,2,NULL,NULL,,3,0,2,7,255,1305,250,0,0
stim,240529,270650,0,270650,3467969.454,-0.856,-0.012,0.201,0.476,2633,0,0,2607,0,775,0,1003,45,0.991,1,2271,0,360.420,9.304,-250.438,-158.938,-204.750,-0.469,-1.258,0.176,-2.105,-9.063,3.707,0.570,0.434,1.158,1.303,2,NULL,NULL,,3,0,2,7,255,1305,250,0,0
stim,240529,270650,0,270650,3467974.455,-0.861,-0.015,0.191,0.472,2662,0,0,2665,0,691,0,1002,45,0.991,1,2271,0,282.396,12.468,-145.313,-178.375,-163.750,0.262,-1.914,0.266,8.563,-9.063,-8.348,0.576,0.450,1.158,1.303,2,NULL,NULL,,3,0,2,7,255,1305,250,0,0
stim,240529,270650,0,270650,3467979.453,-0.863,-0.014,0.183,0.471,2693,0,0,2695,0,628,0,998,45,0.991,1,2271,0,213.279,19.029,-73.625,-191.063,-59.688,0.566,-1.629,0.781,17.410,-7.680,-8.348,0.562,0.452,1.158,1.303,2,NULL,NULL,,3,0,2,7,255,1305,250,0,0
stim,240529,270650,0,270650,3467984.455,-0.864,-0.013,0.174,0.472,2718,0,0,2741,0,635,0,987,45,0.991,1,2271,0,203.307,17.623,-70.938,-189.313,21.500,0.395,-1.035,1.234,17.410,-2.730,-6.352,0.534,0.444,1.158,1.303,2,NULL,NULL,,3,0,2,7,255,1305,250,0,0
stim,240597,270718,0,270718,3467989.453,-0.864,-0.013,0.165,0.476,2747,0,0,2760,0,667,0,996,45,0.991,1,2271,0,227.435,13.425,-115.625,-184.750,65.000,0.148,-0.754,1.215,13.414,-0.543,-0.742,0.500,0.430,1.158,1.303,2,NULL,NULL,,3,0,2,7,255,1305,250,0,0
stim,240597,270718,0,270718,3467994.455,-0.863,-0.014,0.155,0.480,2780,0,0,2803,0,776,0,1033,45,0.991,1,2271,0,243.876,9.753,-136.250,-181.938,88.375,-0.074,-0.742,0.910,9.738,-0.543,-0.742,0.468,0.404,1.158,1.303,2,NULL,NULL,,3,0,2,7,255,1305,250,0,0
stim,240597,270718,0,270718,3467999.454,-0.862,-0.013,0.146,0.485,2791,0,0,2813,0,923,0,1115,45,0.991,1,2271,0,234.098,8.219,-108.938,-181.375,100.188,-0.215,-0.520,0.707,7.711,-2.844,-1.789,0.436,0.368,1.158,1.303,2,NULL,NULL,,3,0,2,7,255,1305,250,0,0
stim,240597,270718,0,270718,3468004.455,-0.861,-0.012,0.138,0.489,2815,0,0,2835,53,1113,0,1225,45,0.991,1,2271,0,205.924,5.476,-68.313,-173.188,88.000,-0.250,-0.082,1.125,4.680,-2.844,-1.789,0.410,0.326,1.158,1.303,2,NULL,NULL,,3,0,2,7,255,1305,250,0,0
stim,240597,270718,0,270718,3468009.454,-0.860,-0.010,0.131,0.492,2825,0,0,2837,204,1307,0,1339,45,0.991,1,2271,0,189.755,1.738,-76.813,-162.438,61.000,-0.285,0.484,1.445,1.625,-0.617,1.348,0.384,0.284,1.158,1.303,2,NULL,NULL,,3,0,2,7,255,1305,250,0,0
stim,240597,270718,0,270718,3468014.455,-0.861,-0.011,0.123,0.494,2837,0,0,2841,463,1496,0,1520,45,0.991,1,2271,0,190.325,3.651,-113.313,-151.063,23.750,-0.270,0.762,1.418,-2.832,2.305,4.832,0.358,0.250,1.158,1.303,2,NULL,NULL,,3,0,2,7,255,1305,250,0,0
stim,240597,270718,0,270718,3468019.453,-0.861,-0.013,0.114,0.495,2841,0,0,2835,851,1735,0,1803,45,0.991,1,2271,0,200.609,4.637,-140.313,-143.375,0.188,-0.012,0.414,1.277,-2.832,3.672,4.832,0.332,0.224,1.158,1.303,2,NULL,NULL,,3,0,2,7,255,1305,250,0,0
stim,240597,270718,0,270718,3468024.455,-0.862,-0.016,0.107,0.496,2851,0,0,2843,1003,1867,10,1990,45,0.991,1,2271,0,180.669,4.168,-128.375,-126.875,-8.000,0.313,0.074,1.527,-1.684,3.813,4.242,0.308,0.208,1.158,1.303,2,NULL,NULL,,3,0,2,7,255,1305,250,0,0
stim,240597,270718,0,270718,3468029.453,-0.864,-0.018,0.102,0.494,2847,0,0,2853,1183,1943,0,2109,45,0.991,1,2271,0,136.465,5.900,-100.750,-58.500,-71.063,0.512,-0.055,1.879,2.910,5.133,4.242,0.288,0.196,1.158,1.303,2,NULL,NULL,,3,0,2,7,255,1305,250,0,0
stim,240597,270718,0,270718,3468034.455,-0.865,-0.023,0.098,0.491,2857,0,0,2855,1322,2020,0,2163,45,0.991,1,2271,0,159.864,7.293,-129.313,-28.125,-89.688,0.734,0.309,1.125,2.910,6.688,4.242,0.278,0.186,1.158,1.303,2,NULL,NULL,,3,0,2,7,255,1305,250,0,0
stim,240597,270718,0,270718,3468039.454,-0.866,-0.025,0.096,0.489,2867,0,0,2871,1405,2039,12,2203,45,0.991,1,2271,0,73.559,9.527,-55.875,-22.563,-42.188,0.926,0.488,0.652,2.230,9.262,-0.297,0.272,0.172,1.158,1.303,2,NULL,NULL,,3,0,2,7,255,1305,250,0,0
stim,240597,270718,0,270718,3468044.455,-0.866,-0.025,0.095,0.491,2879,0,0,2891,1495,2075,73,2237,45,0.991,1,2271,0,37.141,9.527,-10.500,-13.875,32.813,0.246,-0.078,1.309,2.230,9.262,-0.297,0.266,0.156,1.158,1.303,2,NULL,NULL,,3,0,2,7,255,1305,250,0,0
stim,240621,270742,0,270742,3468049.454,-0.865,-0.028,0.093,0.493,2877,0,0,2901,1543,2095,117,2279,45,0.991,1,2271,0,99.732,3.833,-91.500,-7.938,38.875,-0.488,-0.273,1.570,1.480,3.535,2.313,0.266,0.136,1.158,1.303,2,NULL,NULL,,3,0,2,7,255,1305,250,0,0
stim,240621,270742,0,270742,3468054.455,-0.865,-0.033,0.090,0.492,2891,0,0,2922,1566,2109,141,2312,45,0.991,1,2271,0,130.062,2.037,-124.500,0.563,-37.625,-0.539,0.344,0.887,1.480,-1.398,2.313,0.274,0.114,1.158,1.303,2,NULL,NULL,,3,0,2,7,255,1305,250,0,0
stim,240621,270742,0,270742,3468059.454,-0.868,-0.036,0.089,0.488,2888,0,0,2925,1594,2092,147,2331,45,0.991,1,2271,0,122.989,4.839,-61.000,3.125,-106.750,-0.141,0.535,0.707,-4.633,-1.398,-0.293,0.288,0.094,1.158,1.303,2,NULL,NULL,,3,0,2,7,255,1305,250,0,0
stim,240621,270742,0,270742,3468064.455,-0.870,-0.037,0.088,0.484,2893,16,5,2949,1647,2092,174,2359,45,0.991,1,2271,0,102.587,5.342,-21.188,0.188,-100.375,0.137,0.203,1.121,-4.633,2.660,-0.293,0.300,0.080,1.158,1.303,2,NULL,NULL,,3,0,2,7,255,1305,250,0,0
stim,240621,270742,0,270742,3468069.453,-0.871,-0.039,0.087,0.483,2894,39,83,2963,1701,2101,197,2387,45,0.991,1,2271,0,76.359,2.826,-58.438,2.938,-49.063,0.078,0.004,1.348,-0.094,2.824,0.719,0.310,0.068,1.158,1.303,2,NULL,NULL,,3,0,2,7,255,1305,250,0,0
stim,240621,270742,0,270742,3468074.455,-0.871,-0.043,0.085,0.482,2914,77,167,2981,1765,2109,185,2399,45,0.991,1,2271,0,111.059,2.826,-108.313,6.438,-23.688,-0.168,0.047,1.102,-0.094,2.824,1.094,0.316,0.064,1.158,1.303,2,NULL,NULL,,3,0,2,7,255,1305,250,0,0
stim,240649,270770,0,270770,3468079.454,-0.872,-0.048,0.083,0.481,2915,122,253,2987,1817,2133,227,2422,45,0.991,1,2271,0,116.946,0.703,-106.438,10.438,-47.313,-0.219,-0.066,0.789,-0.102,0.695,1.094,0.322,0.058,1.158,1.303,2,NULL,NULL,,3,0,2,7,255,1305,250,0,0
stim,240649,270770,0,270770,3468084.455,-0.873,-0.051,0.081,0.478,2906,115,362,3007,1876,2164,239,2440,45,0.991,1,2271,0,92.997,0.807,-67.250,8.813,-63.625,-0.055,-0.375,0.629,-0.102,-0.801,-1.793,0.330,0.054,1.158,1.303,2,NULL,NULL,,3,0,2,7,255,1305,250,0,0
stim,240679,270800,0,270800,3468089.454,-0.874,-0.052,0.081,0.477,2919,154,523,3018,1911,2181,269,2451,45,0.991,1,2271,0,50.648,3.276,-29.563,0.125,-41.125,0.043,-0.461,0.688,3.160,-0.863,-3.082,0.338,0.048,1.158,1.303,2,NULL,NULL,,3,0,2,7,255,1305,250,0,0
stim,240679,270800,0,270800,3468094.455,-0.874,-0.053,0.080,0.477,2927,175,603,3029,1947,2197,295,2471,45,0.991,1,2271,0,16.943,3.276,-14.625,-4.000,-7.563,-0.059,-0.359,0.859,3.160,-0.863,-3.082,0.342,0.040,1.158,1.303,2,NULL,NULL,,3,0,2,7,255,1305,250,0,0
stim,240679,270800,0,270800,3468099.453,-0.874,-0.053,0.080,0.477,2940,213,680,3037,1976,2221,291,2476,45,0.991,1,2271,0,14.507,3.234,-13.750,-4.563,0.750,-0.184,-0.148,0.980,3.121,-0.848,-1.281,0.346,0.036,1.158,1.303,2,NULL,NULL,,3,0,2,7,255,1305,250,0,0
stim,240679,270800,0,270800,3468104.455,-0.874,-0.054,0.079,0.476,2938,227,752,3051,2007,2244,288,2487,45,0.991,1,2271,0,17.109,0.940,-12.688,-3.063,-11.063,-0.180,-0.055,1.004,0.789,-0.512,0.023,0.350,0.032,1.158,1.303,2,NULL,NULL,,3,0,2,7,255,1305,250,0,0
stim,240679,270800,0,270800,3468109.454,-0.874,-0.054,0.079,0.476,2955,244,783,3063,2028,2253,296,2503,45,0.991,1,2271,0,17.203,0.790,-13.063,-3.125,-10.750,-0.082,-0.141,0.996,0.789,0.047,0.023,0.354,0.026,1.158,1.303,2,NULL,NULL,,3,0,2,7,255,1305,250,0,0
stim,240679,270800,0,270800,3468114.455,-0.874,-0.055,0.078,0.476,2963,250,806,3068,2055,2261,301,2506,45,0.933,1,2271,1,17.939,1.224,-16.438,-3.313,6.375,-0.078,-0.254,0.969,1.223,0.047,-0.004,0.000,0.000,1.136,1.208,2,NULL,NULL,,3,0,2,7,255,1305,250,0,0
stim,240679,270800,0,270800,3468119.454,-0.874,-0.055,0.077,0.477,2957,265,853,3083,2079,2277,309,2520,45,0.933,1,2271,1,25.031,1.841,-16.250,-4.500,18.500,-0.176,-0.281,0.902,1.824,-0.250,-0.215,0.004,0.004,1.136,1.208,2,NULL,NULL,,3,0,2,7,255,1305,250,0,0
stim,240679,270800,0,270800,3468124.455,-0.873,-0.056,0.077,0.478,2965,269,879,3087,2091,2287,317,2527,45,0.933,1,2271,1,18.582,2.243,-7.000,-6.188,16.063,-0.238,-0.207,0.867,1.824,-1.305,-0.664,0.006,0.006,1.136,1.208,2,NULL,NULL,,3,0,2,7,255,1305,250,0,0
stim,240679,270800,0,270800,3468129.454,-0.873,-0.056,0.077,0.478,2965,265,907,3083,2107,2296,329,2542,45,0.933,1,2271,1,12.731,1.550,3.500,-7.563,9.625,-0.207,-0.137,0.910,0.836,-1.305,-0.664,0.010,0.008,1.136,1.208,2,NULL,NULL,,3,0,2,7,255,1305,250,0,0
stim,240679,270800,0,270800,3468134.455,-0.873,-0.055,0.077,0.479,2969,275,933,3096,2129,2299,331,2556,45,0.933,1,2271,1,15.136,1.030,5.875,-8.813,10.813,-0.148,-0.121,0.988,0.680,-0.773,-0.629,0.014,0.012,1.136,1.208,2,NULL,NULL,,3,0,2,7,255,1305,250,0,0
stim,240708,270829,0,270829,3468139.453,-0.873,-0.055,0.076,0.479,2969,270,941,3090,2147,2315,355,2581,45,0.933,1,2271,1,21.215,0.590,0.063,-9.563,18.938,-0.141,-0.105,1.004,0.586,-0.070,0.031,0.018,0.016,1.136,1.208,2,NULL,NULL,,3,0,2,7,255,1305,250,0,0
stim,240708,270829,0,270829,3468144.455,-0.872,-0.055,0.076,0.480,2985,269,956,3094,2151,2333,374,2585,45,0.933,1,2271,1,23.935,0.590,-4.063,-9.563,21.563,-0.188,-0.082,0.988,0.586,-0.070,0.070,0.022,0.020,1.136,1.208,2,NULL,NULL,,3,0,2,7,255,1305,250,0,0
stim,240708,270829,0,270829,3468149.453,-0.872,-0.055,0.075,0.481,2983,265,969,3091,2160,2339,405,2589,45,0.933,1,2271,1,19.913,0.226,-4.125,-9.625,16.938,-0.188,-0.074,0.965,0.137,-0.180,0.070,0.026,0.026,1.136,1.208,2,NULL,NULL,,3,0,2,7,255,1305,250,0,0
stim,240708,270829,0,270829,3468154.455,-0.872,-0.055,0.075,0.481,2999,261,987,3096,2183,2351,420,2607,45,0.933,1,2271,1,16.444,0.226,-1.438,-9.000,13.688,-0.145,-0.094,0.957,0.137,-0.180,-0.141,0.030,0.030,1.136,1.208,2,NULL,NULL,,3,0,2,7,255,1305,250,0,0
stim,240708,270829,0,270829,3468159.455,-0.871,-0.054,0.075,0.482,2991,254,1005,3093,2189,2355,457,2611,45,0.933,1,2271,1,17.464,0.434,0.438,-8.500,15.250,-0.121,-0.078,0.988,0.434,0.004,-0.141,0.034,0.034,1.136,1.208,2,NULL,NULL,,3,0,2,7,255,1305,250,0,0
stim,240708,270829,0,270829,3468164.455,-0.871,-0.054,0.074,0.483,2997,254,1021,3103,2194,2361,461,2616,45,0.933,1,2271,1,19.741,0.549,-0.375,-7.813,18.125,-0.137,-0.043,1.004,0.434,0.336,-0.059,0.036,0.038,1.136,1.208,2,NULL,NULL,,3,0,2,7,255,1305,250,0,0
stim,240740,270861,0,270861,3468169.454,-0.871,-0.054,0.074,0.483,3001,263,1055,3089,2207,2375,467,2619,45,0.933,1,2271,1,18.862,0.345,-2.375,-7.250,17.250,-0.168,-0.016,1.012,0.078,0.336,0.113,0.040,0.040,1.136,1.208,2,NULL,NULL,,3,0,2,7,255,1305,250,0,0
stim,240740,270861,0,270861,3468174.455,-0.870,-0.054,0.074,0.484,3003,265,1067,3107,2217,2387,483,2633,45,0.933,1,2271,1,16.462,0.436,-3.688,-7.125,14.375,-0.180,-0.020,1.004,-0.313,0.305,0.172,0.042,0.042,1.136,1.208,2,NULL,NULL,,3,0,2,7,255,1305,250,0,0
stim,240740,270861,0,270861,3468179.453,-0.870,-0.054,0.073,0.485,3003,267,1095,3092,2227,2383,521,2633,45,0.933,1,2271,1,15.082,0.351,-3.438,-7.500,12.625,-0.191,-0.035,1.000,-0.313,0.160,0.172,0.044,0.044,1.136,1.208,2,NULL,NULL,,3,0,2,7,255,1305,250,0,0
stim,240740,270861,0,270861,3468184.455,-0.870,-0.054,0.073,0.485,3015,270,1115,3100,2239,2391,559,2652,45,0.933,1,2271,1,13.182,0.309,-3.250,-7.625,10.250,-0.207,-0.043,1.004,-0.309,-0.008,0.172,0.046,0.046,1.136,1.208,2,NULL,NULL,,3,0,2,7,255,1305,250,0,0
stim,240780,270901,0,270901,3468189.453,-0.870,-0.054,0.073,0.485,3008,274,1135,3087,2252,2393,590,2653,45,0.933,1,2271,1,10.263,0.325,-3.313,-7.688,5.938,-0.207,-0.027,1.004,-0.309,-0.102,0.238,0.046,0.048,1.136,1.208,2,NULL,NULL,,3,0,2,7,255,1305,250,0,0
stim,240780,270901,0,270901,3468194.455,-0.870,-0.054,0.073,0.485,3015,278,1145,3095,2263,2401,621,2658,45,0.933,1,2271,1,9.150,0.396,-2.625,-8.438,2.375,-0.188,-0.023,0.996,-0.383,-0.102,0.238,0.046,0.050,1.136,1.208,2,NULL,NULL,,3,0,2,7,255,1305,250,0,0
stim,240780,270901,0,270901,3468199.454,-0.870,-0.053,0.072,0.485,3003,280,1163,3079,2291,2410,651,2668,45,0.933,1,2271,1,9.655,0.384,-1.938,-9.188,2.250,-0.184,-0.035,1.008,-0.383,0.023,0.238,0.046,0.048,1.136,1.208,2,NULL,NULL,,3,0,2,7,255,1305,250,0,0
stim,240780,270901,0,270901,3468204.455,-0.870,-0.053,0.072,0.486,3003,285,1205,3079,2299,2413,677,2679,45,0.933,1,2271,1,10.495,0.384,-2.500,-10.063,1.625,-0.207,-0.016,1.020,-0.383,0.023,0.238,0.044,0.048,1.136,1.208,2,NULL,NULL,,3,0,2,7,255,1305,250,0,0
stim,240780,270901,0,270901,3468209.455,-0.870,-0.053,0.071,0.486,2999,283,1239,3064,2317,2414,703,2678,45,0.933,1,2271,1,10.978,0.532,-0.938,-10.500,-3.063,-0.203,0.043,1.031,-0.531,0.023,0.355,0.042,0.044,1.136,1.208,2,NULL,NULL,,3,0,2,7,255,1305,250,0,0
stim,240780,270901,0,270901,3468214.455,-0.870,-0.053,0.071,0.485,2997,293,1261,3060,2341,2425,741,2692,45,0.933,1,2271,1,13.938,1.038,1.125,-10.688,-8.875,-0.160,0.094,1.066,-0.996,0.293,0.445,0.038,0.042,1.136,1.208,2,NULL,NULL,,3,0,2,7,255,1305,250,0,0
stim,240780,270901,0,270901,3468219.453,-0.870,-0.052,0.071,0.485,2991,291,1305,3045,2355,2427,825,2700,45,0.933,1,2271,1,14.576,1.551,0.938,-10.000,-10.563,-0.098,0.137,1.105,-1.199,0.984,0.695,0.036,0.038,1.136,1.208,2,NULL,NULL,,3,0,2,7,255,1305,250,0,0
stim,240780,270901,0,270901,3468224.455,-0.870,-0.052,0.070,0.485,2985,293,1335,3042,2359,2423,889,2695,45,0.933,1,2271,1,12.044,2.140,-2.500,-9.188,-7.375,-0.086,0.164,1.121,-1.242,1.742,0.930,0.034,0.032,1.136,1.208,2,NULL,NULL,,3,0,2,7,255,1305,250,0,0
stim,240804,270925,0,270925,3468229.453,-0.870,-0.052,0.070,0.485,2969,294,1374,3029,2381,2429,948,2704,45,0.933,1,2271,1,11.766,2.224,-6.500,-9.063,-3.750,-0.133,0.148,1.105,-1.383,1.742,0.977,0.032,0.028,1.136,1.208,2,NULL,NULL,,3,0,2,7,255,1305,250,0,0
stim,240804,270925,0,270925,3468234.455,-0.871,-0.052,0.069,0.484,2964,295,1416,3021,2407,2437,1005,2711,45,0.933,1,2271,1,12.940,2.138,-7.500,-9.250,-5.063,-0.180,0.152,1.074,-1.508,1.516,0.977,0.032,0.022,1.136,1.208,2,NULL,NULL,,3,0,2,7,255,1305,250,0,0
stim,240804,270925,0,270925,3468239.454,-0.871,-0.051,0.069,0.484,2941,293,1485,3001,2411,2427,1069,2713,45,0.933,1,2271,1,15.541,2.162,-6.000,-9.625,-10.625,-0.180,0.176,1.066,-1.797,1.203,0.781,0.032,0.016,1.136,1.208,2,NULL,NULL,,3,0,2,7,255,1305,250,0,0
stim,240804,270925,0,270925,3468244.455,-0.871,-0.051,0.069,0.484,2925,299,1533,2997,2429,2430,1145,2720,45,0.933,1,2271,1,18.060,2.162,-6.313,-9.125,-14.250,-0.145,0.152,1.094,-1.797,1.203,0.781,0.034,0.012,1.136,1.208,2,NULL,NULL,,3,0,2,7,255,1305,250,0,0
stim,240804,270925,0,270925,3468249.454,-0.871,-0.051,0.068,0.483,2907,303,1587,2976,2462,2431,1233,2720,45,0.933,1,2271,1,20.824,2.022,-11.750,-7.938,-15.250,-0.133,0.098,1.086,-1.625,1.203,0.832,0.036,0.008,1.136,1.208,2,NULL,NULL,,3,0,2,7,255,1305,250,0,0
stim,240804,270925,0,270925,3468254.455,-0.872,-0.052,0.067,0.483,2898,328,1629,2971,2463,2426,1299,2729,45,0.933,1,2271,1,24.809,1.627,-15.625,-6.188,-18.250,-0.141,0.027,1.020,-1.125,1.176,0.832,0.040,0.004,1.136,1.208,2,NULL,NULL,,3,0,2,7,255,1305,250,0,0
stim,240828,270949,0,270949,3468259.454,-0.872,-0.052,0.067,0.482,2869,337,1688,2951,2485,2429,1365,2728,45,0.933,1,2271,1,25.699,0.904,-13.563,-5.500,-21.125,-0.145,-0.070,0.965,-0.617,0.660,0.238,0.042,0.004,1.136,1.208,2,NULL,NULL,,3,0,2,7,255,1305,250,0,0
stim,240828,270949,0,270949,3468264.455,-0.873,-0.053,0.066,0.481,2851,339,1735,2951,2495,2431,1407,2743,45,0.933,1,2271,1,24.801,0.138,-9.250,-5.375,-22.375,-0.156,-0.137,0.934,0.133,0.039,-0.238,0.044,0.004,1.136,1.208,2,NULL,NULL,,3,0,2,7,255,1305,250,0,0
stim,240828,270949,0,270949,3468269.453,-0.873,-0.053,0.066,0.480,2810,338,1780,2920,2515,2425,1448,2741,45,0.933,1,2271,1,24.514,0.755,-4.938,-5.750,-23.313,-0.172,-0.148,0.922,0.609,-0.445,-0.480,0.044,0.006,1.136,1.208,2,NULL,NULL,,3,0,2,7,255,1305,250,0,0
stim,240828,270949,0,270949,3468274.455,-0.874,-0.053,0.065,0.479,2795,347,1823,2905,2531,2427,1491,2747,45,0.933,1,2271,1,26.223,0.893,-2.938,-6.438,-25.250,-0.191,-0.160,0.941,0.609,-0.652,-0.480,0.044,0.008,1.136,1.208,2,NULL,NULL,,3,0,2,7,255,1305,250,0,0
stim,240828,270949,0,270949,3468279.454,-0.874,-0.053,0.065,0.478,2752,345,1865,2876,2539,2427,1553,2751,45,0.933,1,2271,1,28.571,1.041,-4.125,-7.063,-27.375,-0.180,-0.191,0.945,0.609,-0.844,-0.332,0.042,0.010,1.136,1.208,2,NULL,NULL,,3,0,2,7,255,1305,250,0,0
stim,240828,270949,0,270949,3468284.455,-0.875,-0.053,0.064,0.477,2731,347,1891,2869,2550,2423,1582,2751,45,0.933,1,2271,1,28.124,1.216,-4.563,-8.438,-26.438,-0.164,-0.195,0.926,0.875,-0.844,-0.332,0.042,0.012,1.136,1.208,2,NULL,NULL,,3,0,2,7,255,1305,250,0,0
stim,240874,270995,0,270995,3468289.454,-0.875,-0.054,0.064,0.476,2695,335,1940,2830,2559,2431,1659,2764,45,0.933,1,2271,1,25.863,1.210,-3.313,-9.688,-23.750,-0.168,-0.176,0.934,0.875,-0.836,-0.445,0.040,0.016,1.136,1.208,2,NULL,NULL,,3,0,2,7,255,1305,250,0,0
stim,240874,270995,0,270995,3468294.455,-0.876,-0.054,0.063,0.476,2679,328,1973,2824,2582,2427,1707,2779,45,0.933,1,2271,1,25.653,1.094,-2.563,-10.938,-23.063,-0.180,-0.129,0.953,0.789,-0.758,-0.445,0.040,0.020,1.136,1.208,2,NULL,NULL,,3,0,2,7,255,1305,250,0,0
stim,240874,270995,0,270995,3468299.453,-0.876,-0.053,0.063,0.475,2643,328,2021,2781,2607,2429,1755,2785,45,0.933,1,2271,1,27.461,0.679,-2.875,-11.938,-24.563,-0.180,-0.074,0.973,0.344,-0.586,-0.242,0.040,0.024,1.136,1.208,2,NULL,NULL,,3,0,2,7,255,1305,250,0,0
stim,240874,270995,0,270995,3468304.455,-0.877,-0.053,0.062,0.474,2603,319,2067,2751,2621,2425,1800,2787,45,0.933,1,2271,1,29.056,0.295,-3.250,-12.813,-25.875,-0.152,-0.020,0.988,-0.109,-0.273,-0.082,0.040,0.026,1.136,1.208,2,NULL,NULL,,3,0,2,7,255,1305,250,0,0
stim,240874,270995,0,270995,3468309.454,-0.877,-0.053,0.061,0.473,2553,319,2087,2725,2628,2419,1835,2796,45,0.933,1,2271,1,29.852,0.485,-2.813,-12.688,-26.875,-0.121,0.020,1.004,-0.418,0.246,-0.027,0.040,0.026,1.136,1.208,2,NULL,NULL,,3,0,2,7,255,1305,250,0,0
stim,240874,270995,0,270995,3468314.455,-0.878,-0.053,0.061,0.472,2525,314,2127,2699,2643,2421,1867,2800,45,0.933,1,2271,1,28.051,0.861,-4.063,-12.313,-24.875,-0.098,0.020,1.023,-0.449,0.734,0.047,0.042,0.028,1.136,1.208,2,NULL,NULL,,3,0,2,7,255,1305,250,0,0
stim,240896,271017,0,271017,3468319.454,-0.878,-0.053,0.060,0.471,2495,320,2169,2677,2655,2422,1913,2807,45,0.933,1,2271,1,27.067,0.963,-8.438,-11.125,-23.188,-0.098,0.000,1.031,-0.449,0.852,0.211,0.044,0.028,1.136,1.208,2,NULL,NULL,,3,0,2,7,255,1305,250,0,0
stim,240896,271017,0,271017,3468324.455,-0.879,-0.053,0.059,0.470,2467,316,2215,2654,2663,2419,1957,2808,45,0.933,1,2271,1,28.318,0.961,-11.063,-9.563,-24.250,-0.094,0.008,1.008,-0.379,0.883,0.211,0.046,0.028,1.136,1.208,2,NULL,NULL,,3,0,2,7,255,1305,250,0,0
stim,240896,271017,0,271017,3468329.453,-0.880,-0.053,0.059,0.469,2431,312,2251,2647,2669,2421,1993,2821,45,0.933,1,2271,1,28.000,0.938,-9.750,-8.188,-24.938,-0.074,0.004,0.988,-0.316,0.883,0.039,0.048,0.028,1.136,1.208,2,NULL,NULL,,3,0,2,7,255,1305,250,0,0
stim,240896,271017,0,271017,3468334.455,-0.880,-0.053,0.058,0.468,2405,317,2293,2631,2685,2415,2025,2821,45,0.933,1,2271,1,25.919,0.936,-9.500,-7.250,-23.000,-0.063,-0.031,0.996,-0.250,0.902,-0.070,0.050,0.028,1.136,1.208,2,NULL,NULL,,3,0,2,7,255,1305,250,0,0
stim,240896,271017,0,271017,3468339.453,-0.880,-0.054,0.057,0.468,2377,344,2330,2627,2693,2412,2059,2827,45,0.933,1,2271,1,23.425,0.905,-11.125,-6.313,-19.625,-0.074,-0.051,0.988,0.066,0.902,-0.105,0.052,0.028,1.136,1.208,2,NULL,NULL,,3,0,2,7,255,1305,250,0,0
stim,240896,271017,0,271017,3468344.455,-0.881,-0.054,0.057,0.467,2354,364,2359,2613,2700,2407,2091,2825,45,0.933,1,2271,1,21.151,0.698,-11.000,-5.563,-17.188,-0.098,-0.051,0.980,0.066,0.695,-0.105,0.054,0.028,1.136,1.208,2,NULL,NULL,,3,0,2,7,255,1305,250,0,0
stim,240921,271042,0,271042,3468349.454,-0.881,-0.054,0.056,0.466,2323,379,2403,2598,2710,2409,2131,2830,45,0.933,1,2271,1,21.589,0.508,-10.688,-5.063,-18.063,-0.137,-0.031,0.992,0.020,0.508,-0.105,0.056,0.028,1.136,1.208,2,NULL,NULL,,3,0,2,7,255,1305,250,0,0
stim,240921,271042,0,271042,3468354.455,-0.881,-0.055,0.056,0.466,2278,403,2427,2589,2725,2411,2167,2837,45,0.933,1,2271,1,23.885,0.456,-10.875,-5.875,-20.438,-0.137,-0.035,0.988,-0.340,0.305,-0.023,0.058,0.028,1.136,1.208,2,NULL,NULL,,3,0,2,7,255,1305,250,0,0
stim,240921,271042,0,271042,3468359.454,-0.882,-0.055,0.055,0.465,2249,409,2457,2575,2725,2407,2191,2837,45,0.933,1,2271,1,24.011,0.451,-9.313,-5.250,-21.500,-0.148,-0.027,0.996,-0.355,0.277,0.008,0.060,0.030,1.136,1.208,2,NULL,NULL,,3,0,2,7,255,1305,250,0,0
stim,240921,271042,0,271042,3468364.455,-0.882,-0.055,0.055,0.464,2215,419,2492,2567,2731,2410,2219,2845,45,0.933,1,2271,1,27.864,0.444,-11.188,-5.125,-25.000,-0.141,-0.039,1.016,-0.355,0.266,0.055,0.062,0.030,1.136,1.208,2,NULL,NULL,,3,0,2,7,255,1305,250,0,0
stim,240921,271042,0,271042,3468369.453,-0.883,-0.055,0.054,0.463,2181,437,2515,2555,2736,2408,2257,2845,45,0.933,1,2271,1,29.584,0.422,-12.813,-4.688,-26.250,-0.105,-0.043,0.992,-0.328,0.266,0.055,0.064,0.032,1.136,1.208,2,NULL,NULL,,3,0,2,7,255,1305,250,0,0
stim,240921,271042,0,271042,3468374.455,-0.883,-0.056,0.054,0.462,2157,458,2538,2551,2744,2407,2277,2845,45,0.933,1,2271,1,25.455,0.330,-14.438,-4.938,-20.375,-0.082,-0.109,0.988,-0.145,0.297,-0.051,0.064,0.032,1.136,1.208,2,NULL,NULL,,3,0,2,7,255,1305,250,0,0
stim,240954,271075,0,271075,3468379.453,-0.884,-0.057,0.053,0.462,2123,471,2567,2527,2757,2406,2312,2855,45,0.933,1,2271,1,23.324,0.578,-18.188,-5.250,-13.625,-0.125,-0.156,0.992,0.496,0.297,-0.051,0.064,0.034,1.136,1.208,2,NULL,NULL,,3,0,2,7,255,1305,250,0,0
stim,240954,271075,0,271075,3468384.455,-0.884,-0.057,0.052,0.462,2074,477,2589,2509,2771,2407,2346,2851,45,0.933,1,2271,1,24.579,0.696,-20.750,-5.438,-12.000,-0.164,-0.191,0.934,0.633,-0.289,-0.078,0.066,0.034,1.136,1.208,2,NULL,NULL,,3,0,2,7,255,1305,250,0,0
stim,240978,271099,0,271099,3468389.454,-0.884,-0.058,0.052,0.461,2038,485,2607,2487,2773,2400,2363,2857,45,0.933,1,2271,1,23.265,0.969,-15.000,-6.938,-16.375,-0.168,-0.160,0.934,0.633,-0.734,-0.387,0.068,0.036,1.136,1.208,2,NULL,NULL,,3,0,2,7,255,1305,250,0,0
stim,240978,271099,0,271099,3468394.455,-0.884,-0.058,0.051,0.460,2011,492,2637,2471,2777,2402,2387,2865,45,0.933,1,2271,1,22.385,0.825,-9.125,-6.875,-19.250,-0.137,-0.113,0.953,0.375,-0.734,-0.387,0.070,0.036,1.136,1.208,2,NULL,NULL,,3,0,2,7,255,1305,250,0,0
stim,240978,271099,0,271099,3468399.453,-0.885,-0.058,0.051,0.460,1977,494,2645,2451,2789,2404,2407,2861,45,0.933,1,2271,1,21.253,0.254,-7.063,-6.750,-18.875,-0.113,-0.078,1.008,0.180,-0.180,-0.313,0.072,0.036,1.136,1.208,2,NULL,NULL,,3,0,2,7,255,1305,250,0,0
stim,240978,271099,0,271099,3468404.455,-0.885,-0.059,0.050,0.459,1946,496,2667,2423,2799,2403,2429,2873,45,0.933,1,2271,1,20.629,0.262,-11.813,-7.313,-15.250,-0.105,-0.074,1.051,0.012,0.262,0.133,0.074,0.038,1.136,1.208,2,NULL,NULL,,3,0,2,7,255,1305,250,0,0
stim,240978,271099,0,271099,3468409.454,-0.885,-0.059,0.049,0.459,1901,491,2683,2401,2805,2399,2451,2866,45,0.933,1,2271,1,23.394,0.262,-18.375,-6.500,-12.938,-0.121,-0.070,1.000,0.008,0.262,0.133,0.074,0.038,1.136,1.208,2,NULL,NULL,,3,0,2,7,255,1305,250,0,0
stim,240978,271099,0,271099,3468414.455,-0.886,-0.060,0.048,0.458,1852,491,2709,2367,2808,2395,2467,2877,45,0.933,1,2271,1,26.194,0.280,-20.438,-7.000,-14.813,-0.145,-0.090,1.012,-0.109,0.258,0.254,0.078,0.040,1.136,1.208,2,NULL,NULL,,3,0,2,7,255,1305,250,0,0
stim,240978,271099,0,271099,3468419.454,-0.886,-0.061,0.048,0.457,1805,489,2733,2349,2821,2391,2479,2883,45,0.933,1,2271,1,29.579,0.204,-21.750,-6.750,-18.875,-0.137,-0.066,0.992,-0.121,0.164,0.090,0.078,0.040,1.136,1.208,2,NULL,NULL,,3,0,2,7,255,1305,250,0,0
stim,240978,271099,0,271099,3468424.455,-0.886,-0.061,0.047,0.457,1753,501,2739,2331,2827,2395,2503,2884,45,0.933,1,2271,1,31.141,0.336,-21.125,-6.500,-21.938,-0.117,-0.047,0.992,-0.293,0.164,0.023,0.080,0.040,1.136,1.208,2,NULL,NULL,,3,0,2,7,255,1305,250,0,0
stim,240978,271099,0,271099,3468429.454,-0.887,-0.062,0.046,0.456,1707,499,2746,2297,2823,2389,2509,2876,45,0.933,1,2271,1,30.872,0.514,-20.250,-6.063,-22.500,-0.082,-0.039,0.996,-0.293,0.422,-0.012,0.082,0.040,1.136,1.208,2,NULL,NULL,,3,0,2,7,255,1305,250,0,0
stim,240978,271099,0,271099,3468434.455,-0.887,-0.063,0.045,0.455,1675,502,2764,2279,2837,2389,2532,2885,45,0.933,1,2271,1,28.995,0.778,-21.375,-5.250,-18.875,-0.070,-0.043,1.023,-0.234,0.742,-0.012,0.082,0.038,1.136,1.208,2,NULL,NULL,,3,0,2,7,255,1305,250,0,0
stim,241011,271132,0,271132,3468439.453,-0.887,-0.063,0.045,0.455,1643,502,2780,2265,2839,2389,2552,2879,45,0.933,1,2271,1,27.265,0.758,-23.813,-6.188,-11.750,-0.105,-0.090,1.004,-0.152,0.742,0.109,0.082,0.038,1.136,1.208,2,NULL,NULL,,3,0,2,7,255,1305,250,0,0
stim,241011,271132,0,271132,3468444.455,-0.887,-0.064,0.044,0.454,1597,500,2787,2233,2843,2387,2556,2891,45,0.933,1,2271,1,26.054,0.301,-21.000,-4.500,-14.750,-0.117,-0.121,0.930,-0.016,0.301,0.109,0.084,0.038,1.136,1.208,2,NULL,NULL,,3,0,2,7,255,1305,250,0,0
stim,241011,271132,0,271132,3468449.453,-0.888,-0.065,0.043,0.454,1558,493,2797,2199,2843,2377,2577,2887,45,0.933,1,2271,1,18.857,0.145,-11.938,-6.125,-13.250,-0.102,-0.129,0.941,0.145,0.004,-0.457,0.084,0.036,1.136,1.208,2,NULL,NULL,,3,0,2,7,255,1305,250,0,0
stim,241011,271132,0,271132,3468454.455,-0.888,-0.065,0.043,0.453,1497,485,2810,2167,2853,2379,2589,2889,45,0.933,1,2271,1,13.599,0.147,-4.188,-6.500,-11.188,-0.117,-0.121,0.961,0.145,-0.027,-0.457,0.084,0.036,1.136,1.208,2,NULL,NULL,,3,0,2,7,255,1305,250,0,0
stim,241011,271132,0,271132,3468459.454,-0.888,-0.065,0.043,0.453,1425,485,2825,2130,2859,2365,2599,2900,45,0.933,1,2271,1,13.049,0.145,-2.000,-6.625,-11.063,-0.129,-0.086,1.008,0.145,0.004,-0.270,0.084,0.034,1.136,1.208,2,NULL,NULL,,3,0,2,7,255,1305,250,0,0
stim,241011,271132,0,271132,3468464.455,-0.888,-0.065,0.042,0.453,1351,483,2837,2088,2857,2361,2611,2891,45,0.933,1,2271,1,13.963,0.247,-4.625,-7.250,-11.000,-0.125,-0.082,1.023,-0.203,0.141,0.160,0.084,0.034,1.136,1.208,2,NULL,NULL,,3,0,2,7,255,1305,250,0,0
stim,241038,271159,0,271159,3468469.454,-0.889,-0.065,0.042,0.452,1291,477,2856,2029,2863,2357,2628,2891,45,0.933,1,2271,1,14.418,0.247,-6.875,-7.188,-10.438,-0.129,-0.094,1.012,-0.203,0.141,0.230,0.086,0.032,1.136,1.208,2,NULL,NULL,,3,0,2,7,255,1305,250,0,0
stim,241038,271159,0,271159,3468474.455,-0.889,-0.065,0.041,0.452,1206,461,2862,1962,2875,2356,2637,2895,45,0.933,1,2271,1,14.755,0.211,-8.375,-7.875,-9.250,-0.137,-0.098,1.004,-0.188,0.098,0.230,0.086,0.032,1.136,1.208,2,NULL,NULL,,3,0,2,7,255,1305,250,0,0
stim,241038,271159,0,271159,3468479.453,-0.889,-0.065,0.041,0.452,1145,436,2869,1892,2871,2347,2648,2899,45,0.933,1,2271,1,15.597,0.188,-7.625,-8.500,-10.625,-0.156,-0.098,0.988,-0.188,0.012,0.145,0.088,0.032,1.136,1.208,2,NULL,NULL,,3,0,2,7,255,1305,250,0,0
stim,241038,271159,0,271159,3468484.455,-0.889,-0.065,0.040,0.451,1081,414,2885,1837,2887,2347,2661,2901,45,0.933,1,2271,1,17.066,0.219,-4.625,-9.625,-13.313,-0.141,-0.113,1.000,-0.188,-0.113,0.145,0.088,0.032,1.136,1.208,2,NULL,NULL,,3,0,2,7,255,1305,250,0,0
stim,241077,271198,0,271198,3468489.454,-0.889,-0.065,0.040,0.451,1001,381,2887,1766,2886,2343,2669,2908,45,0.933,1,2271,1,16.818,0.172,-3.938,-9.750,-13.125,-0.117,-0.102,0.992,-0.129,-0.113,0.047,0.088,0.034,1.136,1.208,2,NULL,NULL,,3,0,2,7,255,1305,250,0,0
stim,241077,271198,0,271198,3468494.455,-0.890,-0.065,0.039,0.450,932,356,2891,1678,2889,2331,2677,2901,45,0.933,1,2271,1,15.804,0.114,-2.750,-10.688,-11.313,-0.125,-0.105,1.004,-0.102,0.051,0.152,0.084,0.040,1.136,1.208,2,NULL,NULL,,3,0,2,7,255,1305,250,0,0
stim,241077,271198,0,271198,3468499.454,-0.890,-0.065,0.039,0.450,828,347,2915,1621,2893,2331,2697,2907,45,0.933,1,2271,1,15.508,0.114,-3.688,-11.375,-9.875,-0.137,-0.113,1.023,-0.102,0.051,0.152,0.078,0.046,1.136,1.208,2,NULL,NULL,,3,0,2,7,255,1305,250,0,0
stim,241077,271198,0,271198,3468504.455,-0.890,-0.065,0.038,0.450,735,327,2908,1547,2910,2315,2703,2917,45,0.933,1,2271,1,17.828,0.140,-4.375,-12.438,-12.000,-0.172,-0.090,1.020,-0.121,-0.070,0.348,0.072,0.054,1.136,1.208,2,NULL,NULL,,3,0,2,7,255,1305,250,0,0
stim,241077,271198,0,271198,3468509.454,-0.890,-0.065,0.038,0.449,630,304,2916,1469,2916,2301,2716,2915,45,0.933,1,2271,1,22.402,0.524,-4.938,-13.250,-17.375,-0.160,-0.055,1.031,-0.520,-0.070,0.355,0.068,0.060,1.136,1.208,2,NULL,NULL,,3,0,2,7,255,1305,250,0,0
stim,241077,271198,0,271198,3468514.455,-0.891,-0.064,0.037,0.448,522,263,2925,1351,2921,2297,2720,2911,45,0.933,1,2271,1,24.201,0.738,-4.938,-14.563,-18.688,-0.133,-0.039,1.027,-0.734,0.074,0.348,0.064,0.064,1.136,1.208,2,NULL,NULL,,3,0,2,7,255,1305,250,0,0
stim,241102,271223,0,271223,3468519.453,-0.891,-0.064,0.036,0.448,419,245,2937,1220,2927,2279,2735,2919,45,0.933,1,2271,1,24.245,0.753,-4.625,-16.063,-17.563,-0.145,-0.055,1.035,-0.734,0.168,0.410,0.060,0.070,1.136,1.208,2,NULL,NULL,,3,0,2,7,255,1305,250,0,0
stim,241102,271223,0,271223,3468524.455,-0.892,-0.064,0.035,0.447,317,203,2939,1059,2923,2253,2745,2917,45,0.933,1,2271,1,26.576,0.753,-4.313,-16.813,-20.125,-0.176,-0.066,1.035,-0.734,0.168,0.426,0.056,0.076,1.136,1.208,2,NULL,NULL,,3,0,2,7,255,1305,250,0,0
stim,241102,271223,0,271223,3468529.454,-0.892,-0.064,0.035,0.446,237,173,2953,887,2939,2235,2765,2921,45,0.933,1,2271,1,29.649,0.802,1.375,-18.813,-22.875,-0.168,-0.055,1.016,-0.801,-0.039,0.426,0.050,0.084,1.136,1.208,2,NULL,NULL,,3,0,2,7,255,1305,250,0,0
stim,241102,271223,0,271223,3468534.455,-0.892,-0.063,0.034,0.445,140,150,2957,749,2953,2219,2775,2931,45,0.933,1,2271,1,32.173,0.802,7.625,-20.750,-23.375,-0.125,-0.043,1.043,-0.801,-0.039,0.461,0.044,0.092,1.136,1.208,2,NULL,NULL,,3,0,2,7,255,1305,250,0,0
stim,241102,271223,0,271223,3468539.454,-0.893,-0.062,0.033,0.445,104,123,2981,601,2939,2185,2791,2911,45,0.933,1,2271,1,31.164,0.925,7.750,-21.188,-21.500,-0.137,-0.027,1.094,-0.844,0.379,0.465,0.038,0.100,1.136,1.208,2,NULL,NULL,,3,0,2,7,255,1305,250,0,0
stim,241102,271223,0,271223,3468544.455,-0.893,-0.061,0.032,0.444,55,77,2985,485,2961,2161,2808,2932,45,0.933,1,2271,1,32.860,0.989,4.625,-22.563,-23.438,-0.156,-0.023,1.121,-0.914,0.379,0.941,0.032,0.106,1.136,1.208,2,NULL,NULL,,3,0,2,7,255,1305,250,0,0
stim,241102,271223,0,271223,3468549.453,-0.894,-0.061,0.031,0.443,38,53,2976,315,2964,2129,2823,2921,45,0.933,1,2271,1,36.430,1.126,-1.813,-24.250,-27.125,-0.191,-0.035,1.105,-1.078,0.324,1.113,0.028,0.112,1.136,1.208,2,NULL,NULL,,3,0,2,7,255,1305,250,0,0
stim,241102,271223,0,271223,3468554.455,-0.895,-0.061,0.030,0.442,29,39,2985,267,2962,2092,2829,2921,45,0.933,1,2271,1,44.939,1.079,-4.500,-26.688,-35.875,-0.180,-0.086,1.094,-1.078,-0.043,1.113,0.022,0.118,1.136,1.208,2,NULL,NULL,,3,0,2,7,255,1305,250,0,0
stim,241129,271250,0,271250,3468559.454,-0.895,-0.060,0.029,0.440,25,31,2990,231,2977,2065,2842,2927,45,0.933,1,2271,1,51.513,0.772,-3.813,-29.313,-42.188,-0.109,-0.137,1.027,-0.754,-0.164,1.070,0.018,0.126,1.136,1.208,2,NULL,NULL,,3,0,2,7,255,1305,250,0,0
stim,241129,271250,0,271250,3468564.455,-0.896,-0.059,0.028,0.439,21,27,3005,227,2975,2024,2861,2931,45,0.933,1,2271,1,51.696,0.281,22.813,-37.813,-26.875,-0.195,-0.211,1.199,0.078,-0.270,1.070,0.014,0.132,1.136,1.208,2,NULL,NULL,,3,0,2,7,255,1305,250,0,0
stim,241129,271250,0,271250,3468569.454,-0.896,-0.056,0.027,0.439,17,6,3000,209,2975,1967,2861,2923,45,0.933,1,2271,1,60.946,0.182,38.375,-46.688,-7.875,-0.262,-0.016,1.508,0.078,-0.164,2.230,0.010,0.136,1.136,1.208,2,NULL,NULL,,3,0,2,7,255,1305,250,0,0
stim,241129,271250,0,271250,3468574.455,-0.897,-0.056,0.025,0.439,5,3,3001,185,2984,1925,2875,2923,45,0.933,1,2271,1,51.808,1.906,-12.000,-47.875,-15.750,-0.191,0.168,1.434,-1.906,-0.027,4.074,0.004,0.142,1.136,1.208,2,NULL,NULL,,3,0,2,7,255,1305,250,0,0
stim,241129,271250,0,271250,3468579.453,-0.897,-0.056,0.022,0.438,0,0,3007,175,2983,1871,2878,2923,45,0.933,1,2271,1,68.476,2.106,-44.375,-45.563,-25.375,-0.117,0.055,1.117,-1.906,0.895,4.074,0.004,0.146,1.136,1.208,2,NULL,NULL,,3,0,2,7,255,1305,250,0,0
stim,241129,271250,0,271250,3468584.455,-0.897,-0.057,0.020,0.438,0,0,3007,137,2985,1820,2889,2919,45,0.933,1,2271,0,60.986,1.817,-32.875,-50.063,-11.500,-0.078,-0.172,0.980,-1.582,0.895,1.051,0.006,0.152,1.136,1.208,3,NULL,NULL,,3,0,2,7,255,1305,250,0,0
stim,241173,271294,0,271294,3468589.453,-0.897,-0.057,0.017,0.438,0,0,3007,109,2992,1779,2901,2929,45,0.933,1,2271,0,55.431,0.510,-19.375,-51.813,-3.563,-0.152,-0.340,0.961,0.387,-0.332,0.027,0.012,0.156,1.136,1.208,3,NULL,NULL,,3,0,2,7,255,1305,250,0,0
stim,241173,271294,0,271294,3468594.455,-0.897,-0.056,0.015,0.438,0,0,3003,105,2991,1705,2904,2916,45,0.933,1,2271,0,55.252,2.071,-11.375,-53.813,-5.250,-0.223,-0.336,1.004,0.688,-1.953,0.027,0.022,0.160,1.136,1.208,3,NULL,NULL,,3,0,2,7,255,1305,250,0,0
stim,241173,271294,0,271294,3468599.454,-0.897,-0.056,0.012,0.437,0,0,3002,83,2996,1632,2923,2916,45,0.933,1,2271,0,58.589,2.071,-6.500,-56.938,-12.188,-0.211,-0.223,1.066,0.688,-1.953,0.496,0.034,0.164,1.136,1.208,3,NULL,NULL,,3,0,2,7,255,1305,250,0,0
stim,241173,271294,0,271294,3468604.455,-0.898,-0.055,0.010,0.437,0,0,3016,47,3007,1555,2931,2917,45,0.933,1,2271,0,62.119,1.658,-4.438,-59.438,-17.500,-0.160,-0.156,1.090,-0.180,-1.648,0.961,0.048,0.170,1.136,1.208,3,NULL,NULL,,3,0,2,7,255,1305,250,0,0
stim,241173,271294,0,271294,3468609.454,-0.898,-0.054,0.008,0.436,0,0,3001,29,3004,1472,2935,2895,45,0.933,1,2271,0,64.032,0.867,0.063,-62.250,-15.000,-0.109,-0.148,1.109,-0.230,-0.836,1.051,0.062,0.178,1.136,1.208,3,NULL,NULL,,3,0,2,7,255,1305,250,0,0
stim,241173,271294,0,271294,3468614.455,-0.898,-0.052,0.005,0.436,0,0,3001,11,3003,1385,2932,2905,45,0.933,1,2271,0,66.047,0.641,2.563,-65.563,-7.563,-0.105,-0.180,1.160,-0.230,-0.598,1.203,0.080,0.188,1.136,1.208,3,NULL,NULL,,3,0,2,7,255,1305,250,0,0
stim,241196,271317,0,271317,3468619.453,-0.898,-0.051,0.003,0.437,0,0,2993,0,3016,1275,2935,2891,45,0.933,1,2271,0,69.434,0.641,4.063,-69.250,-3.000,-0.156,-0.141,1.184,-0.230,-0.598,1.723,0.098,0.200,1.136,1.208,3,NULL,NULL,,3,0,2,7,255,1305,250,0,0
stim,241196,271317,0,271317,3468624.455,-0.898,-0.049,-0.000,0.437,0,0,2982,0,3007,1178,2941,2872,45,0.933,1,2271,0,74.181,1.034,9.375,-73.500,-3.563,-0.230,-0.102,1.223,-0.703,-0.758,1.910,0.118,0.214,1.136,1.208,3,NULL,NULL,,3,0,2,7,255,1305,250,0,0
stim,241196,271317,0,271317,3468629.453,-0.898,-0.047,-0.003,0.437,0,0,2969,0,3007,1075,2957,2853,45,0.933,1,2271,0,80.562,1.878,13.375,-79.188,-6.375,-0.258,-0.066,1.328,-1.523,-1.098,2.273,0.138,0.230,1.136,1.208,3,NULL,NULL,,3,0,2,7,255,1305,250,0,0
stim,241196,271317,0,271317,3468634.455,-0.898,-0.045,-0.006,0.437,0,0,2969,0,2999,891,2961,2841,45,0.933,1,2271,0,85.733,2.323,6.500,-85.063,-8.500,-0.219,-0.023,1.445,-2.047,-1.098,3.281,0.160,0.250,1.136,1.208,3,NULL,NULL,,3,0,2,7,255,1305,250,0,0
stim,241196,271317,0,271317,3468639.454,-0.899,-0.044,-0.009,0.437,0,0,2939,0,3001,733,2974,2816,45,0.933,1,2271,0,91.789,2.358,-5.438,-91.250,-8.313,-0.211,0.051,1.375,-2.301,-0.516,3.559,0.186,0.274,1.136,1.208,3,NULL,NULL,,3,0,2,7,255,1305,250,0,0
stim,241196,271317,0,271317,3468644.455,-0.899,-0.042,-0.013,0.436,0,0,2923,0,2992,612,2967,2791,45,0.933,1,2271,0,98.481,2.864,-2.875,-97.750,-11.625,-0.250,0.074,1.344,-2.832,-0.426,3.559,0.214,0.304,1.136,1.208,3,NULL,NULL,,3,0,2,7,255,1305,250,0,0
stim,241223,271344,0,271344,3468649.454,-0.899,-0.040,-0.017,0.436,0,0,2904,0,2995,505,2975,2764,45,0.933,1,2271,0,106.543,2.883,3.875,-105.438,-14.813,-0.227,0.027,1.367,-2.852,-0.426,3.484,0.246,0.336,1.136,1.208,3,NULL,NULL,,3,0,2,7,255,1305,250,0,0
stim,241223,271344,0,271344,3468654.455,-0.899,-0.037,-0.021,0.436,0,0,2879,0,2987,349,2981,2717,45,0.933,1,2271,0,114.569,3.298,6.375,-113.500,-14.250,-0.262,0.035,1.418,-3.242,-0.605,3.484,0.282,0.376,1.136,1.208,3,NULL,NULL,,3,0,2,7,255,1305,250,0,0
stim,241223,271344,0,271344,3468659.454,-0.899,-0.034,-0.025,0.436,0,0,2863,0,2972,201,2975,2663,45,0.933,1,2271,0,122.871,3.318,3.813,-121.938,-14.625,-0.246,0.059,1.512,-3.242,-0.703,3.945,0.324,0.420,1.136,1.208,3,NULL,NULL,,3,0,2,7,255,1305,250,0,0
stim,241223,271344,0,271344,3468664.455,-0.899,-0.032,-0.030,0.436,0,0,2837,0,2962,108,2975,2591,45,0.933,1,2271,0,132.108,3.612,3.188,-131.313,-14.125,-0.297,0.117,1.520,-3.508,-0.859,4.785,0.374,0.470,1.136,1.208,3,NULL,NULL,,3,0,2,7,255,1305,250,0,0
stim,241223,271344,0,271344,3468669.453,-0.899,-0.029,-0.036,0.435,0,0,2804,0,2940,24,2983,2507,45,0.933,1,2271,0,143.653,4.420,8.250,-142.375,-17.250,-0.324,0.203,1.582,-4.363,-0.703,4.820,0.430,0.524,1.136,1.208,3,NULL,NULL,,3,0,2,7,255,1305,250,0,0
stim,241223,271344,0,271344,3468674.455,-0.899,-0.026,-0.042,0.435,0,0,2775,0,2916,0,2980,2407,45,0.933,1,2271,0,154.893,5.402,8.125,-152.875,-23.563,-0.313,0.305,1.691,-5.359,-0.680,5.238,0.492,0.586,1.136,1.208,3,NULL,NULL,,3,0,2,7,255,1305,250,0,0
stim,241251,271372,0,271372,3468679.454,-0.899,-0.022,-0.048,0.434,0,0,2735,0,2893,0,2976,2293,45,0.933,1,2271,0,165.706,6.306,-0.750,-163.750,-25.375,-0.238,0.426,1.777,-6.305,-0.121,6.156,0.562,0.656,1.136,1.208,3,NULL,NULL,,3,0,2,7,255,1305,250,0,0
stim,241251,271372,0,271372,3468684.455,-0.899,-0.019,-0.055,0.434,0,0,2695,0,2853,0,2976,2150,45,0.933,1,2271,0,174.928,7.093,-0.813,-173.750,-20.250,-0.238,0.539,1.977,-7.020,1.016,6.832,0.636,0.728,1.136,1.208,3,NULL,NULL,,3,0,2,7,255,1305,250,0,0
stim,241279,271400,0,271400,3468689.453,-0.899,-0.016,-0.063,0.434,0,0,2659,0,2791,0,2967,1929,45,0.933,1,2271,0,190.662,8.442,-13.438,-190.188,0.563,-0.309,0.645,2.188,-8.324,1.402,8.594,0.710,0.804,1.136,1.208,3,NULL,NULL,,3,0,2,7,255,1305,250,0,0
stim,241279,271400,0,271400,3468694.455,-0.897,-0.014,-0.072,0.435,0,0,2600,0,2748,0,2941,1706,45,0.933,1,2271,0,213.396,10.169,-41.625,-208.375,19.625,-0.332,0.781,2.418,-10.055,1.523,10.367,0.784,0.878,1.136,1.208,3,NULL,NULL,,3,0,2,7,255,1305,250,0,0
stim,241279,271400,0,271400,3468699.453,-0.896,-0.013,-0.082,0.437,0,0,2511,0,2677,0,2933,1433,45,0.933,1,2271,0,240.153,12.048,-83.375,-222.625,34.063,-0.367,0.875,2.504,-11.922,1.742,12.289,0.854,0.950,1.136,1.208,3,NULL,NULL,,3,0,2,7,255,1305,250,0,0
stim,241279,271400,0,271400,3468704.455,-0.894,-0.014,-0.094,0.438,0,0,2429,0,2603,0,2909,1178,45,0.933,1,2271,0,275.141,13.503,-136.063,-236.313,36.688,-0.332,0.887,2.352,-13.391,1.742,12.289,0.918,1.018,1.136,1.208,3,NULL,NULL,,3,0,2,7,255,1305,250,0,0
stim,241279,271400,0,271400,3468709.454,-0.892,-0.016,-0.107,0.439,0,0,2339,0,2503,0,2862,1001,45,0.933,1,2271,0,301.562,13.503,-165.688,-250.563,26.563,-0.238,0.695,2.027,-13.391,1.742,11.039,0.976,1.082,1.136,1.208,3,NULL,NULL,,3,0,2,7,255,1305,250,0,0
stim,241279,271400,0,271400,3468714.455,-0.890,-0.018,-0.120,0.440,0,0,2259,0,2397,0,2799,827,45,0.933,1,2271,0,327.525,11.366,-186.875,-265.875,40.750,-0.004,0.398,1.723,-11.277,1.414,8.055,1.032,1.140,1.136,1.208,3,NULL,NULL,,3,0,2,7,255,1305,250,0,0
stim,241279,271400,1,271400,3468719.454,-0.887,-0.020,-0.134,0.442,0,0,2147,0,2287,0,2720,713,45,0.933,1,2271,0,326.945,7.532,-164.375,-273.750,70.250,-0.188,0.195,1.656,-7.398,1.414,5.844,1.082,1.192,1.136,1.208,3,NULL,NULL,,3,1,2,7,255,1305,250,0,0
stim,241279,271400,1,271400,3468724.455,-0.883,-0.021,-0.147,0.445,0,0,2015,0,2159,0,2641,619,45,0.933,1,2271,0,323.973,7.529,-141.750,-279.000,83.813,-0.672,0.453,1.957,-7.398,-1.395,5.844,1.128,1.244,1.136,1.208,3,NULL,NULL,,3,1,2,7,255,1305,250,0,0
stim,241279,271400,1,271400,3468729.453,-0.879,-0.022,-0.162,0.447,0,0,1881,0,2012,0,2516,543,45,0.933,1,2271,0,348.471,13.622,-168.563,-296.125,73.000,-0.977,0.402,2.063,-13.008,-4.043,5.836,1.184,1.302,1.136,1.208,3,NULL,NULL,,3,1,2,7,255,1305,250,0,0
stim,241279,271400,1,271400,3468734.455,-0.876,-0.023,-0.177,0.449,0,0,1687,0,1803,0,2390,457,45,0.933,1,2271,0,362.997,15.958,-178.688,-312.188,48.750,-0.992,0.203,2.160,-14.316,-7.051,5.953,1.250,1.368,1.136,1.208,3,NULL,NULL,,3,1,2,7,255,1305,250,0,0
stim,241308,271429,1,271429,3468739.454,-0.872,-0.024,-0.193,0.449,0,0,1547,0,1553,0,2230,325,45,0.933,1,2271,0,361.816,16.738,-176.438,-315.313,18.938,-0.844,0.156,2.395,-14.520,-8.328,6.602,1.324,1.446,1.136,1.208,3,NULL,NULL,,3,1,2,7,255,1305,250,0,0
stim,241308,271429,1,271429,3468744.455,-0.870,-0.025,-0.208,0.447,0,0,1307,0,1308,0,2013,230,45,0.933,1,2271,0,360.961,16.738,-181.250,-311.813,-14.625,-0.770,0.320,2.773,-14.520,-8.328,8.762,1.404,1.526,1.136,1.208,3,NULL,NULL,,3,1,2,7,255,1305,250,0,0
stim,241308,271429,1,271429,3468749.454,-0.867,-0.027,-0.225,0.444,0,0,1099,0,1048,0,1696,147,45,0.933,1,2271,0,393.381,18.960,-231.125,-316.188,-36.813,-0.707,0.527,3.004,-17.422,-7.480,11.434,1.484,1.606,1.136,1.208,3,NULL,NULL,,3,1,2,7,255,1305,250,0,0
stim,241308,271429,1,271429,3468754.455,-0.864,-0.032,-0.242,0.440,0,0,824,0,792,0,1211,101,45,0.933,1,2271,0,443.388,21.217,-308.313,-312.875,-60.375,-0.496,0.723,2.824,-20.273,-6.258,11.434,1.562,1.684,1.136,1.208,3,NULL,NULL,,3,1,2,7,255,1305,250,0,0
stim,241308,271429,1,271429,3468759.454,-0.862,-0.039,-0.261,0.433,0,0,540,0,543,0,617,59,45,0.933,1,2271,0,478.697,20.541,-365.375,-297.563,-84.313,-0.227,0.852,2.398,-20.273,-3.305,10.340,1.638,1.760,1.136,1.208,3,NULL,NULL,,3,1,2,7,255,1305,250,0,0
stim,241308,271429,1,271429,3468764.455,-0.859,-0.047,-0.279,0.426,0,0,319,0,377,0,163,31,45,0.933,1,2271,0,489.146,18.986,-385.125,-287.250,-91.813,-0.117,0.777,2.133,-18.984,0.207,6.621,1.712,1.834,1.136,1.208,3,NULL,NULL,,3,1,2,7,255,1305,250,0,0
stim,241339,271460,1,271460,3468769.453,-0.855,-0.057,-0.297,0.420,0,0,283,0,187,0,0,29,45,0.933,1,2271,0,499.919,17.212,-407.063,-285.313,-53.063,-0.258,0.707,1.934,-17.211,0.207,4.398,1.778,1.900,1.136,1.208,3,NULL,NULL,,3,1,2,7,255,1305,250,0,0
stim,241339,271460,1,271460,3468774.455,-0.851,-0.068,-0.316,0.415,0,0,187,0,77,0,0,29,45,0.933,1,2271,0,525.257,17.211,-446.625,-275.563,-22.063,-0.625,0.762,1.645,-17.211,0.020,1.719,1.838,1.960,1.136,1.208,3,NULL,NULL,,3,1,2,7,255,1305,250,0,0
stim,241339,271460,1,271460,3468779.453,-0.847,-0.081,-0.334,0.406,0,0,149,0,0,0,0,39,45,0.933,1,2271,0,549.099,17.570,-484.688,-250.625,-61.438,-0.668,1.207,1.375,-17.570,0.020,-3.203,1.892,2.014,1.136,1.208,3,NULL,NULL,,3,1,2,7,255,1305,250,0,0
stim,241339,271460,1,271460,3468784.455,-0.843,-0.091,-0.351,0.397,0,0,163,0,0,0,0,39,45,0.933,1,2271,0,518.868,19.110,-445.875,-237.125,-119.125,-0.773,1.426,1.629,-19.063,1.352,-8.070,1.942,2.066,1.136,1.208,4,NULL,NULL,,3,1,2,7,255,1305,250,0,0
stim,241376,271497,1,271497,3468789.454,-0.840,-0.102,-0.368,0.385,0,0,171,0,0,0,0,25,45,0.933,1,2271,0,533.848,22.594,-462.375,-223.313,-146.063,-0.598,1.512,2.004,-22.492,2.145,-8.070,1.978,2.104,1.136,1.208,0,NULL,NULL,,3,1,2,7,255,1305,250,0,0
stim,241376,271497,1,271497,3468794.455,-0.836,-0.117,-0.386,0.372,0,0,139,0,0,0,0,0,45,0.933,1,2271,0,614.765,24.497,-562.125,-202.125,-145.250,-0.555,1.316,2.078,-24.219,3.684,-6.426,2.002,2.128,1.136,1.208,0,NULL,NULL,,3,1,2,7,255,1305,250,0,0
stim,241376,271497,1,271497,3468799.454,-0.831,-0.137,-0.403,0.356,0,0,134,0,0,0,0,0,45,0.933,1,2271,0,721.113,24.497,-688.250,-169.000,-133.250,-0.594,1.203,1.523,-24.219,3.684,-6.426,2.012,2.138,1.136,1.208,0,NULL,NULL,,3,1,2,7,255,1305,250,0,0
stim,241376,271497,1,271497,3468804.455,-0.826,-0.161,-0.421,0.340,0,0,125,0,0,0,0,0,45,0.933,1,2271,0,776.973,19.963,-758.438,-134.938,-101.250,-1.047,0.898,0.582,-19.625,3.660,-10.199,2.014,2.140,1.136,1.208,0,NULL,NULL,,3,1,2,7,255,1305,250,0,0
stim,241376,271497,1,271497,3468809.454,-0.819,-0.186,-0.436,0.323,0,0,121,0,0,0,0,0,45,0.933,1,2271,0,799.531,12.586,-790.000,-86.188,-87.875,-0.906,0.695,-0.891,-12.555,-0.883,-17.543,2.014,2.140,1.136,1.208,0,NULL,NULL,,3,1,2,7,255,1305,250,0,0
stim,241376,271497,1,271497,3468814.455,-0.816,-0.203,-0.448,0.303,0,0,117,0,0,0,0,43,45,0.933,1,2271,0,663.989,2.144,-618.938,-27.688,-238.813,-0.516,-0.254,-2.234,1.313,-1.695,-22.242,2.014,2.142,1.136,1.208,0,NULL,NULL,,3,1,2,7,255,1305,250,0,0
stim,241404,271525,1,271525,3468819.453,-0.818,-0.209,-0.455,0.285,0,0,113,0,0,0,0,76,45,0.933,1,2271,0,466.745,18.825,-336.313,14.625,-323.313,-0.082,-0.844,-2.254,17.418,-7.141,-22.242,2.018,2.146,1.136,1.208,0,NULL,NULL,,3,1,2,7,255,1305,250,0,0
stim,241404,271525,1,271525,3468824.455,-0.821,-0.208,-0.458,0.270,0,0,107,0,0,0,0,73,45,0.933,1,2271,0,355.282,18.825,-131.938,45.750,-326.688,0.258,-0.387,-1.293,17.418,-7.141,-15.836,2.020,2.150,1.136,1.208,0,NULL,NULL,,3,1,2,7,255,1305,250,0,0
stim,241404,271525,1,271525,3468829.454,-0.825,-0.207,-0.459,0.257,0,0,105,0,0,0,0,25,45,0.933,1,2271,0,317.331,13.240,-104.625,95.563,-283.938,0.496,0.383,-0.840,12.930,-2.852,-12.809,2.022,2.154,1.136,1.208,0,NULL,NULL,,3,1,2,7,255,1305,250,0,0
stim,241404,271525,1,271525,3468834.455,-0.829,-0.207,-0.457,0.247,0,0,102,0,0,0,0,16,45,0.933,1,2271,0,259.243,9.798,-73.125,137.125,-207.500,0.441,0.703,-0.941,8.555,4.777,-12.809,2.028,2.160,1.136,1.208,0,NULL,NULL,,3,1,2,7,255,1305,250,0,0
stim,241404,271525,1,271525,3468839.453,-0.834,-0.204,-0.452,0.240,0,0,99,0,0,0,0,9,45,0.933,1,2271,0,219.708,9.737,26.250,160.188,-148.063,0.066,0.516,-0.727,8.484,4.777,-15.418,2.038,2.170,1.136,1.208,0,NULL,NULL,,3,1,2,7,255,1305,250,0,0
stim,241404,271525,1,271525,3468844.455,-0.840,-0.199,-0.446,0.235,0,0,88,0,0,0,0,9,45,0.933,1,2271,0,251.441,6.311,110.250,172.750,-145.688,-0.297,0.344,-0.105,5.379,3.301,-15.418,2.050,2.184,1.136,1.208,0,NULL,NULL,,3,1,2,7,255,1305,250,0,0
stim,241404,271525,1,271525,3468849.453,-0.846,-0.193,-0.440,0.230,0,0,90,0,0,0,0,8,45,0.933,1,2271,0,279.215,2.230,131.750,180.813,-167.063,-0.379,0.410,0.457,-1.293,1.816,-14.129,2.066,2.200,1.136,1.208,0,NULL,NULL,,3,1,2,7,255,1305,250,0,0
stim,241404,271525,1,271525,3468854.455,-0.853,-0.187,-0.433,0.224,0,0,84,0,0,0,0,9,45,0.933,1,2271,0,279.119,6.745,111.563,188.500,-173.000,-0.262,0.578,0.750,-6.496,1.816,-12.102,2.088,2.224,1.136,1.208,0,NULL,NULL,,3,1,2,7,255,1305,250,0,0
stim,241429,271550,1,271550,3468859.454,-0.858,-0.182,-0.427,0.218,0,0,83,0,0,0,0,8,45,0.933,1,2271,0,261.043,9.648,82.750,192.250,-156.000,-0.191,0.676,0.813,-8.621,4.332,-10.539,2.114,2.250,1.136,1.208,0,NULL,NULL,,3,1,2,7,255,1305,250,0,0
stim,241429,271550,1,271550,3468864.455,-0.864,-0.179,-0.420,0.212,0,0,77,0,0,0,0,10,45,0.933,1,2271,0,244.952,10.413,67.125,192.750,-135.438,-0.277,0.688,0.801,-8.883,5.434,-10.527,2.144,2.282,1.136,1.208,0,NULL,NULL,,3,1,2,7,255,1305,250,0,0
stim,241429,271550,1,271550,3468869.454,-0.869,-0.176,-0.414,0.207,0,0,70,0,0,0,0,13,45,0.933,1,2271,0,244.359,10.694,62.625,194.938,-133.375,-0.367,0.656,0.754,-9.211,5.434,-10.527,2.180,2.318,1.136,1.208,0,NULL,NULL,,3,1,2,7,255,1305,250,0,0
stim,241429,271550,1,271550,3468874.455,-0.874,-0.173,-0.407,0.201,0,0,63,0,0,0,0,16,45,0.933,1,2271,0,251.598,10.421,63.688,195.500,-145.000,-0.367,0.613,0.777,-9.262,4.777,-10.527,2.218,2.360,1.136,1.208,0,NULL,NULL,,3,1,2,7,255,1305,250,0,0
stim,241429,271550,1,271550,3468879.453,-0.879,-0.169,-0.400,0.194,0,0,61,0,0,0,0,28,45,0.933,1,2271,0,254.229,10.473,50.500,197.188,-152.313,-0.262,0.578,0.914,-9.320,4.777,-10.480,2.262,2.402,1.136,1.208,0,NULL,NULL,,3,1,2,7,255,1305,250,0,0
stim,241429,271550,1,271550,3468884.455,-0.884,-0.167,-0.394,0.187,0,0,55,0,0,0,0,39,45,0.933,1,2271,0,250.407,10.642,28.000,200.500,-147.375,-0.176,0.539,0.926,-9.320,5.137,-8.707,2.306,2.448,1.136,1.208,0,NULL,NULL,,3,1,2,7,255,1305,250,0,0
stim,241481,271602,1,271602,3468889.453,-0.889,-0.166,-0.387,0.180,0,0,54,0,0,0,0,41,45,0.933,1,2271,0,247.200,10.496,3.063,204.438,-138.938,-0.156,0.563,0.949,-9.043,5.328,-7.719,2.352,2.494,1.136,1.208,0,NULL,NULL,,3,1,2,7,255,1305,250,0,0
stim,241481,271602,1,271602,3468894.455,-0.893,-0.166,-0.380,0.173,0,0,47,0,0,0,0,42,45,0.933,1,2271,0,250.457,10.708,-18.250,209.563,-135.938,-0.156,0.598,0.910,-9.008,5.789,-7.672,2.398,2.542,1.136,1.208,0,NULL,NULL,,3,1,2,7,255,1305,250,0,0
stim,241481,271602,1,271602,3468899.454,-0.898,-0.167,-0.373,0.165,0,0,46,0,0,0,0,46,45,0.933,1,2271,0,258.104,10.603,-33.438,215.375,-138.250,-0.109,0.633,0.902,-8.621,6.172,-7.461,2.446,2.592,1.136,1.208,0,NULL,NULL,,3,1,2,7,255,1305,250,0,0
stim,241481,271602,1,271602,3468904.455,-0.902,-0.168,-0.366,0.157,0,0,42,0,0,0,0,53,45,0.933,1,2271,0,266.307,10.629,-49.375,222.500,-137.750,-0.020,0.656,0.906,-8.172,6.797,-7.461,2.494,2.640,1.136,1.208,0,NULL,NULL,,3,1,2,7,255,1305,250,0,0
stim,241481,271602,1,271602,3468909.454,-0.906,-0.170,-0.359,0.149,0,0,40,0,0,0,0,69,45,0.933,1,2271,0,274.322,10.571,-66.250,231.063,-132.188,0.078,0.645,0.879,-7.477,7.473,-6.879,2.544,2.690,1.136,1.208,0,NULL,NULL,,3,1,2,7,255,1305,250,0,0
stim,241481,271602,1,271602,3468914.455,-0.910,-0.173,-0.351,0.141,0,0,37,0,0,0,0,73,45,0.933,1,2271,0,282.500,10.039,-81.125,241.063,-122.938,0.137,0.609,0.809,-6.414,7.723,-6.348,2.590,2.738,1.136,1.208,0,NULL,NULL,,3,1,2,7,255,1305,250,0,0
stim,241481,271602,1,271602,3468919.453,-0.913,-0.176,-0.342,0.133,0,0,28,0,0,0,0,69,45,0.933,1,2271,0,290.674,9.354,-88.688,252.250,-114.000,0.148,0.551,0.711,-5.277,7.723,-6.348,2.634,2.784,1.136,1.208,0,NULL,NULL,,3,1,2,7,255,1305,250,0,0
stim,241481,271602,1,271602,3468924.455,-0.917,-0.179,-0.333,0.125,0,0,24,0,0,0,0,55,45,0.933,1,2271,0,297.948,8.302,-88.500,263.563,-107.125,0.133,0.500,0.645,-4.273,7.117,-6.480,2.676,2.824,1.136,1.208,0,NULL,NULL,,3,1,2,7,255,1305,250,0,0
stim,241481,271602,1,271602,3468929.453,-0.921,-0.182,-0.324,0.117,0,0,21,0,0,0,0,55,45,0.933,1,2271,0,303.234,7.506,-81.750,273.938,-101.125,0.094,0.492,0.613,-3.691,6.535,-6.785,2.714,2.862,1.136,1.208,0,NULL,NULL,,3,1,2,7,255,1305,250,0,0
stim,241481,271602,1,271602,3468934.455,-0.925,-0.185,-0.314,0.109,0,0,17,0,0,0,0,51,45,0.933,1,2271,0,308.166,7.319,-71.500,283.500,-97.375,0.055,0.488,0.648,-3.691,6.320,-7.012,2.754,2.902,1.136,1.208,0,NULL,NULL,,3,1,2,7,255,1305,250,0,0
stim,241503,271624,1,271624,3468939.454,-0.929,-0.187,-0.303,0.102,0,0,13,0,0,0,0,57,45,0.933,1,2271,0,314.633,7.449,-62.688,292.875,-96.375,0.023,0.473,0.719,-3.941,6.320,-7.012,2.788,2.936,1.136,1.208,0,NULL,NULL,,3,1,2,7,255,1305,250,0,0
stim,241503,271624,1,271624,3468944.455,-0.933,-0.190,-0.292,0.095,0,0,16,0,0,0,0,53,45,0.933,1,2271,0,322.332,7.784,-56.875,302.063,-97.063,-0.004,0.488,0.809,-4.422,6.406,-6.547,2.822,2.968,1.136,1.208,0,NULL,NULL,,3,1,2,7,255,1305,250,0,0
stim,241503,271624,1,271624,3468949.453,-0.936,-0.192,-0.281,0.087,0,0,16,0,0,0,0,47,45,0.933,1,2271,0,331.403,8.433,-53.875,311.188,-100.438,-0.039,0.531,0.906,-4.965,6.816,-6.012,2.854,3.000,1.136,1.208,0,NULL,NULL,,3,1,2,7,255,1305,250,0,0
stim,241503,271624,1,271624,3468954.455,-0.940,-0.194,-0.269,0.079,0,0,14,0,0,0,0,47,45,0.933,1,2271,0,341.583,9.361,-52.438,320.375,-106.250,-0.063,0.570,1.012,-5.570,7.523,-5.531,2.884,3.028,1.136,1.208,0,NULL,NULL,,3,1,2,7,255,1305,250,0,0
stim,241526,271647,1,271647,3468959.454,-0.944,-0.195,-0.257,0.070,0,0,17,0,0,0,0,39,45,0.933,1,2271,0,352.464,10.306,-53.438,329.875,-112.063,-0.059,0.609,1.109,-6.070,8.328,-4.887,2.912,3.054,1.136,1.208,0,NULL,NULL,,3,1,2,7,255,1305,250,0,0
stim,241526,271647,1,271647,3468964.455,-0.947,-0.197,-0.244,0.062,0,0,19,0,0,0,0,37,45,0.933,1,2271,0,362.909,11.047,-55.875,339.000,-116.875,-0.047,0.645,1.195,-6.227,9.125,-4.145,2.940,3.080,1.136,1.208,0,NULL,NULL,,3,1,2,7,255,1305,250,0,0
stim,241526,271647,0,271647,3468969.454,-0.951,-0.199,-0.231,0.052,0,0,17,0,0,0,0,7,45,0.933,1,2271,0,373.622,11.711,-58.938,347.438,-124.125,-0.027,0.680,1.262,-6.227,9.918,-3.480,2.968,3.106,1.136,1.208,0,NULL,NULL,,3,0,2,7,255,1299,250,0,0
stim,241526,271647,0,271647,3468974.455,-0.954,-0.201,-0.218,0.043,0,0,18,0,0,0,0,5,45,0.933,1,2271,0,383.804,12.206,-61.750,354.875,-132.500,0.016,0.699,1.324,-5.980,10.641,-2.867,2.996,3.130,1.136,1.208,0,NULL,NULL,,3,0,2,7,255,1299,250,0,0
stim,241562,271683,0,271683,3468979.454,-0.957,-0.203,-0.205,0.033,0,0,21,0,0,0,0,3,45,0.933,1,2271,0,391.836,12.502,-62.813,361.000,-138.813,0.078,0.750,1.391,-5.430,11.262,-2.160,3.024,3.156,1.136,1.208,0,NULL,NULL,,3,0,2,7,255,1299,250,0,0
stim,241562,271683,0,271683,3468984.455,-0.960,-0.205,-0.191,0.023,0,0,21,0,0,0,0,3,45,0.933,1,2271,0,397.897,13.038,-62.313,365.875,-143.438,0.145,0.824,1.465,-4.652,12.180,-1.473,3.050,3.178,1.136,1.208,0,NULL,NULL,,3,0,2,7,255,1299,250,0,0
stim,241580,271701,0,271701,3468989.453,-0.962,-0.206,-0.177,0.012,0,0,19,0,0,0,0,0,45,0.933,1,2271,0,402.475,13.855,-63.063,369.125,-147.500,0.207,0.891,1.535,-3.758,13.336,-0.832,3.074,3.198,1.136,1.208,0,NULL,NULL,,3,0,2,7,255,1299,250,0,0
stim,241580,271701,0,271701,3468994.455,-0.964,-0.208,-0.163,0.002,0,0,24,0,0,0,0,0,45,0.933,1,2271,0,404.868,14.638,-65.625,370.438,-149.625,0.266,0.934,1.594,-2.824,14.363,-0.230,3.096,3.216,1.136,1.208,0,NULL,NULL,,3,0,2,7,255,1299,250,0,0
stim,241580,271701,0,271701,3468999.453,-0.966,-0.210,-0.149,-0.009,0,0,20,0,0,0,0,0,45,0.933,1,2271,0,405.185,15.179,-67.813,370.188,-150.125,0.332,0.969,1.613,-1.813,15.070,0.324,3.116,3.232,1.136,1.208,0,NULL,NULL,,3,0,2,7,255,1299,250,0,0
stim,241580,271701,0,271701,3469004.455,-0.968,-0.211,-0.135,-0.020,0,0,19,0,0,0,0,0,45,0.933,1,2271,0,403.564,15.519,-66.813,368.875,-149.438,0.391,0.988,1.602,-0.586,15.508,0.574,3.128,3.240,1.136,1.208,0,NULL,NULL,,3,0,2,7,255,1299,250,0,0
stim,241580,271701,0,271701,3469009.454,-0.969,-0.213,-0.121,-0.030,0,0,18,0,0,0,0,0,45,0.933,1,2271,0,399.648,15.671,-62.500,366.438,-146.750,0.434,1.027,1.590,0.680,15.656,0.574,3.138,3.244,1.136,1.208,0,NULL,NULL,,3,0,2,7,255,1299,250,0,0
stim,241580,271701,0,271701,3469014.455,-0.970,-0.214,-0.108,-0.040,0,0,19,0,0,0,0,0,45,0.933,1,2271,0,393.678,15.980,-53.625,362.625,-143.563,0.457,1.090,1.590,1.797,15.879,0.395,3.144,3.246,1.136,1.208,0,NULL,NULL,,3,0,2,7,255,1299,250,0,0
stim,241580,271701,0,271701,3469019.454,-0.971,-0.214,-0.094,-0.050,0,0,18,0,0,0,0,0,45,0.933,1,2271,0,386.740,16.595,-40.188,357.500,-141.938,0.480,1.152,1.641,2.742,16.367,0.359,3.146,3.244,1.136,1.208,0,NULL,NULL,,3,0,2,7,255,1299,250,0,0
stim,241580,271701,0,271701,3469024.455,-0.972,-0.214,-0.081,-0.060,0,0,19,0,0,0,0,0,45,0.933,1,2271,0,380.234,17.380,-28.313,352.313,-140.188,0.523,1.184,1.707,3.613,17.000,0.359,3.144,3.234,1.136,1.208,0,NULL,NULL,,3,0,2,7,255,1299,250,0,0
stim,241580,271701,0,271701,3469029.453,-0.972,-0.213,-0.067,-0.069,0,0,18,0,0,0,0,0,45,0.933,1,2271,0,373.622,18.030,-21.000,347.625,-135.313,0.574,1.215,1.746,4.629,17.426,0.863,3.138,3.222,1.136,1.208,0,NULL,NULL,,3,0,2,7,255,1299,250,0,0
stim,241580,271701,0,271701,3469034.455,-0.973,-0.212,-0.054,-0.078,0,0,17,0,0,0,0,0,45,0.933,1,2271,0,367.026,18.554,-14.063,343.625,-128.188,0.602,1.262,1.750,5.785,17.629,0.918,3.130,3.208,1.136,1.208,0,NULL,NULL,,3,0,2,7,255,1299,250,0,0
stim,241611,271732,0,271732,3469039.454,-0.973,-0.211,-0.041,-0.087,0,0,19,0,0,0,0,0,45,0.933,1,2271,0,361.745,19.061,-1.750,340.188,-123.000,0.617,1.297,1.746,6.773,17.816,0.918,3.120,3.190,1.136,1.208,0,NULL,NULL,,3,0,2,7,255,1299,250,0,0
stim,241611,271732,0,271732,3469044.455,-0.973,-0.209,-0.028,-0.096,0,0,18,0,0,0,0,0,45,0.933,1,2271,0,357.869,19.435,14.875,336.688,-120.375,0.629,1.328,1.789,7.621,17.879,0.918,3.106,3.170,1.136,1.208,0,NULL,NULL,,3,0,2,7,255,1299,250,0,0
stim,241611,271732,0,271732,3469049.454,-0.973,-0.206,-0.016,-0.104,0,0,18,0,0,0,0,0,45,0.933,1,2271,0,355.180,19.912,31.125,333.000,-119.563,0.664,1.340,1.852,8.406,18.051,0.922,3.090,3.146,1.136,1.208,0,NULL,NULL,,3,0,2,7,255,1299,250,0,0
stim,241611,271732,0,271732,3469054.455,-0.973,-0.202,-0.003,-0.112,0,0,18,0,0,0,0,0,45,0.933,1,2271,0,352.693,20.333,46.250,329.000,-118.375,0.703,1.352,1.934,9.359,18.051,1.445,3.072,3.120,1.136,1.208,0,NULL,NULL,,3,0,2,7,255,1299,250,0,0
stim,241611,271732,0,271732,3469059.454,-0.973,-0.198,0.009,-0.121,0,0,20,0,0,0,0,0,45,0.933,1,2271,0,350.210,20.849,58.750,324.750,-117.188,0.727,1.352,2.004,10.434,18.051,2.102,3.052,3.092,1.136,1.208,0,NULL,NULL,,3,0,2,7,255,1299,250,0,0
stim,241611,271732,0,271732,3469064.455,-0.972,-0.194,0.021,-0.129,0,0,17,0,0,0,0,0,45,0.933,1,2271,0,348.087,21.239,69.375,319.813,-118.625,0.727,1.348,2.070,11.316,17.973,2.746,3.032,3.062,1.136,1.208,0,NULL,NULL,,3,0,2,7,255,1299,250,0,0
stim,241644,271765,0,271765,3469069.453,-0.972,-0.189,0.033,-0.137,0,0,19,0,0,0,0,0,45,0.933,1,2271,0,346.772,21.470,77.938,314.375,-123.875,0.766,1.324,2.090,11.980,17.816,3.305,3.006,3.028,1.136,1.208,0,NULL,NULL,,3,0,2,7,255,1299,250,0,0
stim,241644,271765,0,271765,3469074.455,-0.971,-0.183,0.044,-0.146,0,0,16,0,0,0,0,0,45,0.933,1,2271,0,345.752,21.477,90.063,308.688,-127.063,0.816,1.270,2.086,12.914,17.160,3.598,2.976,2.990,1.136,1.208,0,NULL,NULL,,3,0,2,7,255,1299,250,0,0
stim,241644,271765,0,271765,3469079.454,-0.971,-0.177,0.055,-0.154,0,0,20,0,0,0,0,0,45,0.933,1,2271,0,346.210,21.196,106.750,302.813,-129.500,0.805,1.230,2.094,13.820,16.070,3.719,2.946,2.950,1.136,1.208,0,NULL,NULL,,3,0,2,7,255,1299,250,0,0
stim,241644,271765,0,271765,3469084.455,-0.970,-0.170,0.065,-0.163,0,0,16,0,0,0,0,0,45,0.933,1,2271,0,350.049,20.867,122.813,296.250,-140.313,0.762,1.207,2.152,14.180,15.309,3.949,2.912,2.906,1.136,1.208,0,NULL,NULL,,3,0,2,7,255,1299,250,0,0
stim,241681,271802,0,271802,3469089.454,-0.969,-0.163,0.075,-0.172,0,0,19,0,0,0,0,0,45,0.933,1,2271,0,352.371,20.720,134.688,287.563,-152.750,0.762,1.207,2.207,14.367,14.930,4.598,2.874,2.858,1.136,1.208,0,NULL,NULL,,3,0,2,7,255,1299,250,0,0
stim,241681,271802,0,271802,3469094.455,-0.967,-0.155,0.084,-0.182,0,0,21,0,0,0,0,0,45,0.933,1,2271,0,353.255,20.882,143.375,278.938,-162.563,0.750,1.223,2.234,14.996,14.531,5.129,2.834,2.810,1.136,1.208,0,NULL,NULL,,3,0,2,7,255,1299,250,0,0
stim,241681,271802,0,271802,3469099.453,-0.966,-0.148,0.093,-0.192,0,0,22,0,0,0,0,0,45,0.933,1,2271,0,354.746,21.027,149.813,268.750,-176.563,0.691,1.242,2.262,15.520,14.188,5.402,2.792,2.758,1.136,1.208,0,NULL,NULL,,3,0,2,7,255,1299,250,0,0
stim,241681,271802,0,271802,3469104.455,-0.964,-0.140,0.101,-0.203,0,0,20,0,0,0,0,0,45,0.933,1,2271,0,356.326,21.125,155.563,256.625,-192.125,0.695,1.332,2.305,15.652,14.188,5.676,2.748,2.706,1.136,1.208,0,NULL,NULL,,3,0,2,7,255,1299,250,0,0
stim,241681,271802,0,271802,3469109.454,-0.962,-0.132,0.108,-0.214,0,0,17,0,0,0,0,0,45,0.933,1,2271,0,356.678,21.733,154.688,246.375,-206.375,0.762,1.406,2.281,16.609,14.016,5.676,2.704,2.652,1.136,1.208,0,NULL,NULL,,3,0,2,7,255,1299,250,0,0
stim,241681,271802,0,271802,3469114.455,-0.959,-0.124,0.115,-0.225,0,0,17,0,0,0,0,0,45,0.933,1,2271,0,357.751,22.617,157.938,234.750,-218.938,0.867,1.387,2.246,17.867,13.867,5.348,2.658,2.598,1.136,1.208,0,NULL,NULL,,3,0,2,7,255,1299,250,0,0
stim,241698,271819,0,271819,3469119.454,-0.957,-0.117,0.121,-0.237,0,0,16,0,0,0,0,0,45,0.933,1,2271,0,352.155,22.768,159.250,223.000,-221.188,0.969,1.355,2.117,19.078,12.426,4.980,2.614,2.544,1.136,1.208,0,NULL,NULL,,3,0,2,7,255,1299,250,0,0
stim,241698,271819,0,271819,3469124.455,-0.954,-0.109,0.127,-0.248,0,0,13,0,0,0,0,0,45,0.933,1,2271,0,353.410,22.551,170.188,213.125,-224.750,1.078,1.367,2.023,19.824,10.750,3.766,2.566,2.490,1.136,1.208,0,NULL,NULL,,3,0,2,7,255,1299,250,0,0
stim,241698,271819,0,271819,3469129.453,-0.951,-0.100,0.132,-0.260,0,0,5,0,0,0,0,0,45,0.933,1,2271,0,351.149,22.869,185.438,200.813,-220.438,1.184,1.340,1.910,20.840,9.418,2.719,2.518,2.434,1.136,1.208,0,NULL,NULL,,3,0,2,7,255,1299,250,0,0
stim,241698,271819,0,271819,3469134.455,-0.949,-0.091,0.136,-0.271,0,0,0,0,0,0,0,0,45,0.933,1,2271,0,352.915,22.856,200.813,191.500,-218.063,1.285,1.359,1.793,21.516,7.711,1.637,2.464,2.372,1.136,1.208,0,NULL,NULL,,3,0,2,7,255,1299,250,0,0
stim,241698,271819,0,271819,3469139.453,-0.946,-0.081,0.140,-0.281,0,0,0,0,0,0,0,1,45,0.933,1,2271,0,350.710,23.167,224.875,179.313,-200.688,1.387,1.320,1.719,22.254,6.441,0.383,2.406,2.308,1.136,1.208,0,NULL,NULL,,3,0,2,7,255,1299,250,0,0
stim,241698,271819,0,271819,3469144.455,-0.943,-0.070,0.143,-0.292,0,0,0,0,0,0,0,5,45,0.933,1,2271,0,352.030,22.901,244.875,168.750,-188.375,1.398,1.270,1.625,22.402,4.754,-0.336,2.344,2.240,1.136,1.208,0,NULL,NULL,,3,0,2,7,255,1299,250,0,0
stim,241698,271819,0,271819,3469149.454,-0.941,-0.058,0.145,-0.301,0,0,0,0,0,0,0,12,45,0.933,1,2271,0,355.384,23.063,272.063,155.438,-167.688,1.457,1.262,1.613,22.797,3.496,-0.984,2.276,2.166,1.136,1.208,0,NULL,NULL,,3,0,2,7,255,1299,250,0,0
stim,241698,271819,0,271819,3469154.455,-0.938,-0.045,0.146,-0.310,0,0,0,0,0,0,0,13,45,0.933,1,2271,0,362.883,22.529,294.375,143.438,-156.375,1.453,1.172,1.574,22.402,2.383,-1.070,2.194,2.084,1.136,1.208,0,NULL,NULL,,3,0,2,7,255,1299,250,0,0
stim,241729,271850,0,271850,3469159.454,-0.936,-0.031,0.147,-0.317,0,0,0,0,0,0,0,17,45,0.933,1,2271,0,368.936,22.659,317.813,129.938,-135.000,1.512,1.184,1.578,22.637,1.012,-1.070,2.104,1.992,1.136,1.208,0,NULL,NULL,,3,0,2,7,255,1299,250,0,0
stim,241729,271850,0,271850,3469164.455,-0.934,-0.017,0.147,-0.325,0,0,0,0,0,0,0,22,45,0.933,1,2271,0,377.890,22.176,338.563,117.563,-119.813,1.477,1.070,1.566,22.176,0.074,-1.012,2.008,1.894,1.136,1.208,0,NULL,NULL,,3,0,2,7,255,1299,250,0,0
stim,241729,271850,0,271850,3469169.453,-0.932,-0.001,0.146,-0.331,0,0,0,0,0,0,0,21,45,0.933,1,2271,0,383.718,21.614,355.875,105.000,-97.813,1.469,1.055,1.570,21.578,-1.238,-0.668,1.904,1.786,1.136,1.208,0,NULL,NULL,,3,0,2,7,255,1299,250,0,0
stim,241729,271850,0,271850,3469174.455,-0.930,0.015,0.144,-0.337,0,0,0,0,0,0,0,25,45,0.933,1,2271,0,396.388,21.396,375.563,92.938,-86.250,1.387,0.930,1.602,21.309,-1.934,-0.375,1.792,1.670,1.136,1.208,0,NULL,NULL,,3,0,2,7,255,1299,250,0,0
stim,241729,271850,0,271850,3469179.453,-0.928,0.031,0.141,-0.343,0,0,0,0,0,0,0,31,45,0.933,1,2271,0,402.095,20.130,386.938,81.875,-72.500,1.348,0.918,1.652,19.898,-3.047,0.480,1.684,1.554,1.136,1.208,0,NULL,NULL,,3,0,2,7,255,1299,250,0,0
stim,241729,271850,0,271850,3469184.455,-0.926,0.048,0.138,-0.348,0,0,0,0,0,0,0,29,45,0.933,1,2271,0,407.955,19.797,396.500,70.813,-64.813,1.297,0.828,1.734,19.473,-3.566,1.301,1.580,1.442,1.136,1.208,0,NULL,NULL,,3,0,2,7,255,1299,250,0,0
stim,241781,271902,0,271902,3469189.454,-0.924,0.064,0.135,-0.352,0,0,0,0,0,0,0,41,45,0.933,1,2271,0,406.359,19.052,397.188,63.063,-58.250,1.285,0.832,1.820,18.473,-4.664,2.441,1.480,1.332,1.136,1.208,0,NULL,NULL,,3,0,2,7,255,1299,250,0,0
stim,241781,271902,0,271902,3469194.455,-0.922,0.081,0.131,-0.357,0,0,0,0,0,0,0,43,45,0.933,1,2271,0,397.222,19.117,389.875,56.125,-51.313,1.250,0.746,1.855,18.359,-5.328,3.465,1.386,1.224,1.136,1.208,0,NULL,NULL,,3,0,2,7,255,1299,250,0,0
stim,241781,271902,0,271902,3469199.453,-0.919,0.096,0.127,-0.360,0,0,0,0,0,0,0,45,45,0.933,1,2271,0,389.812,18.440,383.938,50.813,-44.313,1.211,0.684,1.922,17.289,-6.414,4.031,1.302,1.122,1.136,1.208,0,NULL,NULL,,3,0,2,7,255,1299,250,0,0
stim,241781,271902,0,271902,3469204.455,-0.916,0.112,0.124,-0.364,0,0,0,0,0,0,0,59,45,0.933,1,2271,0,374.147,17.996,368.188,48.688,-45.313,1.148,0.688,1.934,16.410,-7.387,4.848,1.224,1.028,1.136,1.208,0,NULL,NULL,,3,0,2,7,255,1299,250,0,0
stim,241781,271902,0,271902,3469209.454,-0.914,0.126,0.120,-0.367,0,0,0,0,0,0,0,64,45,0.933,1,2271,0,357.327,17.387,352.250,44.750,-40.000,1.098,0.539,1.941,15.645,-7.586,5.242,1.154,0.938,1.136,1.208,0,NULL,NULL,,3,0,2,7,255,1299,250,0,0
stim,241781,271902,0,271902,3469214.455,-0.911,0.140,0.117,-0.371,0,0,0,0,0,0,0,85,45,0.933,1,2271,0,337.796,16.543,332.250,44.063,-42.125,1.082,0.512,1.926,13.969,-8.863,5.250,1.092,0.856,1.136,1.208,0,NULL,NULL,,3,0,2,7,255,1299,250,0,0
stim,241781,271902,0,271902,3469219.454,-0.908,0.153,0.113,-0.373,0,0,0,0,0,0,0,91,45,0.933,1,2271,0,315.628,16.315,310.500,42.313,-37.688,1.023,0.430,1.863,13.316,-9.426,5.250,1.026,0.770,1.136,1.208,0,NULL,NULL,,3,0,2,7,255,1299,250,0,0
stim,241781,271902,0,271902,3469224.455,-0.905,0.165,0.111,-0.376,0,0,0,0,0,0,0,101,45,0.933,1,2271,0,294.810,15.506,290.563,40.250,-29.438,0.941,0.371,1.820,11.961,-9.867,4.703,0.952,0.678,1.136,1.208,0,NULL,NULL,,3,0,2,7,255,1299,250,0,0
stim,241781,271902,0,271902,3469229.454,-0.902,0.176,0.108,-0.378,0,0,0,0,0,0,0,121,45,0.933,1,2271,0,281.633,14.603,276.125,39.750,-38.625,0.902,0.328,1.727,10.664,-9.977,4.418,0.884,0.590,1.136,1.208,0,NULL,NULL,,3,0,2,7,255,1299,250,0,0
stim,241781,271902,0,271902,3469234.455,-0.899,0.187,0.105,-0.381,0,0,0,0,0,0,0,135,45,0.933,1,2271,0,272.111,13.989,266.313,37.063,-41.813,0.898,0.219,1.699,9.754,-10.027,3.539,0.828,0.518,1.136,1.208,0,NULL,NULL,,3,0,2,7,255,1299,250,0,0
stim,241803,271924,0,271924,3469239.453,-0.896,0.197,0.103,-0.383,0,0,0,0,0,0,0,143,45,0.933,1,2271,0,256.778,13.980,251.625,35.625,-36.750,0.895,0.191,1.691,8.688,-10.953,2.984,0.810,0.494,1.136,1.208,0,NULL,NULL,,3,0,2,7,255,1299,250,0,0
stim,241803,271924,0,271924,3469244.455,-0.894,0.207,0.100,-0.386,0,0,0,0,0,0,0,154,45,0.933,1,2271,0,242.251,14.034,236.625,34.813,-38.500,0.883,0.176,1.676,8.215,-11.379,2.785,0.820,0.504,1.136,1.208,0,NULL,NULL,,3,0,2,7,255,1299,250,0,0
stim,241803,271924,0,271924,3469249.453,-0.891,0.216,0.098,-0.388,0,0,0,0,0,0,0,151,45,0.933,1,2271,0,229.958,13.953,224.313,33.688,-37.813,0.852,0.098,1.645,7.781,-11.582,2.539,0.826,0.514,1.136,1.208,0,NULL,NULL,,3,0,2,7,255,1299,250,0,0
stim,241803,271924,0,271924,3469254.455,-0.888,0.224,0.096,-0.390,0,0,0,0,0,0,0,166,45,0.933,1,2271,0,215.677,13.769,210.188,32.688,-35.625,0.801,0.027,1.594,6.766,-11.992,2.031,0.820,0.514,1.136,1.208,0,NULL,NULL,,3,0,2,7,255,1299,250,0,0
stim,241829,271950,0,271950,3469259.454,-0.885,0.232,0.094,-0.392,0,0,0,0,0,0,0,168,45,0.933,1,2271,0,205.674,13.378,199.688,30.813,-38.438,0.742,-0.078,1.527,5.719,-12.094,1.445,0.790,0.494,1.136,1.208,0,NULL,NULL,,3,0,2,7,255,1299,250,0,0
stim,241829,271950,0,271950,3469264.455,-0.882,0.240,0.092,-0.394,0,0,1,0,0,0,0,175,45,0.933,1,2271,0,203.414,13.010,197.188,27.125,-41.938,0.668,-0.180,1.516,4.371,-12.254,0.641,0.758,0.470,1.136,1.208,0,NULL,NULL,,3,0,2,7,255,1299,250,0,0
stim,241829,271950,0,271950,3469269.453,-0.879,0.248,0.090,-0.397,0,0,1,0,0,0,0,175,45,0.933,1,2271,0,201.405,12.760,193.438,23.750,-50.813,0.605,-0.172,1.566,2.953,-12.414,0.641,0.728,0.454,1.136,1.208,0,NULL,NULL,,3,0,2,7,255,1299,250,0,0
stim,241829,271950,0,271950,3469274.455,-0.876,0.255,0.089,-0.400,0,0,4,0,0,0,0,175,45,0.933,1,2271,0,195.141,12.699,182.563,20.688,-65.750,0.602,-0.137,1.641,2.426,-12.465,0.887,0.694,0.438,1.136,1.208,0,NULL,NULL,,3,0,2,7,255,1299,250,0,0
stim,241848,271969,0,271969,3469279.453,-0.873,0.261,0.087,-0.403,0,0,11,0,0,0,0,175,45,0.933,1,2271,0,182.544,12.950,165.500,16.125,-75.313,0.613,-0.176,1.723,2.418,-12.723,1.516,0.654,0.414,1.136,1.208,0,NULL,NULL,,3,0,2,7,255,1299,250,0,0
stim,241848,271969,0,271969,3469284.455,-0.870,0.267,0.086,-0.407,0,0,9,0,0,0,0,181,45,0.933,1,2271,0,164.051,13.725,142.063,10.438,-81.375,0.582,-0.199,1.754,2.004,-13.578,1.914,0.592,0.370,1.136,1.208,0,NULL,NULL,,3,0,2,7,255,1299,250,0,0
stim,241880,272001,0,272001,3469289.454,-0.867,0.271,0.085,-0.411,0,0,7,0,0,0,0,184,45,0.933,1,2271,0,149.940,13.654,115.188,4.688,-95.875,0.555,-0.203,1.703,1.438,-13.578,1.914,0.530,0.322,1.136,1.208,0,NULL,NULL,,3,0,2,7,255,1299,250,0,0
stim,241880,272001,0,272001,3469294.455,-0.863,0.274,0.085,-0.415,0,0,8,0,0,0,0,196,45,0.933,1,2271,0,147.820,13.549,92.625,-1.750,-115.188,0.590,-0.277,1.578,1.055,-13.508,1.641,0.468,0.278,1.136,1.208,0,NULL,NULL,,3,0,2,7,255,1299,250,0,0
stim,241880,272001,0,272001,3469299.453,-0.860,0.276,0.084,-0.421,0,0,8,0,0,0,0,191,45,0.933,1,2271,0,151.779,13.522,81.500,-10.313,-127.625,0.637,-0.395,1.445,0.629,-13.508,0.121,0.414,0.242,1.136,1.208,0,NULL,NULL,,3,0,2,7,255,1299,250,0,0
stim,241880,272001,0,272001,3469304.455,-0.857,0.278,0.083,-0.426,0,0,12,0,0,0,0,201,45,0.933,1,2271,0,159.074,13.715,78.500,-20.188,-136.875,0.637,-0.477,1.352,-0.023,-13.715,-1.652,0.366,0.220,1.136,1.208,0,NULL,NULL,,3,0,2,7,255,1299,250,0,0
stim,241880,272001,0,272001,3469309.454,-0.853,0.280,0.082,-0.433,0,0,7,0,0,0,0,201,45,0.933,1,2271,0,173.557,13.737,78.750,-30.500,-151.625,0.625,-0.523,1.293,-0.777,-13.715,-2.777,0.332,0.212,1.136,1.208,0,NULL,NULL,,3,0,2,7,255,1299,250,0,0
stim,241880,272001,0,272001,3469314.455,-0.849,0.281,0.081,-0.440,0,0,10,0,0,0,0,201,45,0.933,1,2271,0,191.740,13.711,81.313,-40.938,-168.750,0.652,-0.559,1.242,-1.348,-13.645,-3.434,0.310,0.206,1.136,1.208,0,NULL,NULL,,3,0,2,7,255,1299,250,0,0
stim,241880,272001,0,272001,3469319.454,-0.845,0.283,0.080,-0.447,0,0,7,0,0,0,0,203,45,0.933,1,2271,0,208.603,13.744,86.500,-52.000,-182.563,0.684,-0.598,1.203,-1.648,-13.645,-4.117,0.300,0.202,1.136,1.208,0,NULL,NULL,,3,0,2,7,255,1299,250,0,0
stim,241880,272001,0,272001,3469324.455,-0.840,0.284,0.078,-0.456,0,0,5,0,0,0,0,201,45,0.933,1,2271,0,223.541,13.959,93.688,-63.375,-192.813,0.688,-0.633,1.184,-1.965,-13.820,-4.762,0.300,0.196,1.136,1.208,0,NULL,NULL,,3,0,2,7,255,1299,250,0,0
stim,241880,272001,0,272001,3469329.454,-0.835,0.285,0.075,-0.464,0,0,7,0,0,0,0,201,45,0.933,1,2271,0,239.173,14.038,100.500,-74.250,-203.938,0.664,-0.625,1.191,-2.465,-13.820,-4.898,0.304,0.184,1.136,1.208,0,NULL,NULL,,3,0,2,7,255,1299,250,0,0
stim,241880,272001,0,272001,3469334.455,-0.830,0.287,0.072,-0.474,0,0,7,0,0,0,0,205,45,0.933,1,2271,0,255.160,13.932,105.000,-84.750,-216.563,0.652,-0.570,1.211,-2.758,-13.656,-4.898,0.310,0.164,1.136,1.208,0,NULL,NULL,,3,0,2,7,255,1299,250,0,0
stim,241912,272033,0,272033,3469339.453,-0.824,0.288,0.069,-0.483,0,0,7,0,0,0,0,211,45,0.933,1,2271,0,269.181,13.656,107.500,-95.188,-227.688,0.668,-0.508,1.230,-2.758,-13.375,-4.520,0.318,0.138,1.136,1.208,0,NULL,NULL,,3,0,2,7,255,1299,250,0,0
stim,241912,272033,0,272033,3469344.455,-0.818,0.288,0.066,-0.493,0,0,10,0,0,0,0,211,45,0.933,1,2271,0,279.968,13.618,107.938,-105.750,-235.688,0.691,-0.488,1.242,-2.559,-13.375,-4.191,0.332,0.106,1.136,1.208,0,NULL,NULL,,3,0,2,7,255,1299,250,0,0
stim,241912,272033,0,272033,3469349.454,-0.812,0.289,0.062,-0.504,0,0,6,0,0,0,0,215,45,0.933,1,2271,0,287.954,13.644,106.625,-116.438,-240.813,0.715,-0.465,1.254,-2.559,-13.402,-4.117,0.348,0.076,1.136,1.208,0,NULL,NULL,,3,0,2,7,255,1299,250,0,0
stim,241912,272033,0,272033,3469354.455,-0.805,0.289,0.058,-0.514,0,0,12,0,0,0,0,232,45,0.933,1,2271,0,294.999,13.725,105.750,-126.250,-244.750,0.750,-0.402,1.254,-2.559,-13.484,-3.992,0.360,0.054,1.136,1.208,0,NULL,NULL,,3,0,2,7,255,1299,250,0,0
stim,241912,272033,0,272033,3469359.454,-0.799,0.289,0.053,-0.525,0,0,13,0,0,0,0,249,45,0.933,1,2271,0,297.148,13.691,107.938,-135.813,-241.250,0.809,-0.375,1.254,-2.277,-13.500,-3.969,0.372,0.040,1.136,1.208,0,NULL,NULL,,3,0,2,7,255,1299,250,0,0
stim,241912,272033,0,272033,3469364.455,-0.793,0.289,0.049,-0.535,0,0,13,0,0,0,0,275,45,0.933,1,2271,0,299.964,13.964,104.875,-143.938,-241.375,0.766,-0.387,1.324,-2.277,-13.777,-3.883,0.382,0.034,1.136,1.208,0,NULL,NULL,,3,0,2,7,255,1299,250,0,0
stim,241950,272071,0,272071,3469369.453,-0.786,0.288,0.044,-0.545,0,0,16,0,0,0,0,287,45,0.933,1,2271,0,301.868,14.047,97.000,-149.438,-243.688,0.832,-0.316,1.348,-2.426,-13.836,-3.258,0.396,0.034,1.136,1.208,0,NULL,NULL,,3,0,2,7,255,1299,250,0,0
stim,241950,272071,0,272071,3469374.455,-0.780,0.287,0.039,-0.555,0,0,0,0,0,19,0,492,45,0.933,1,2271,0,295.890,14.079,101.375,-155.938,-230.125,0.590,-0.488,1.613,-2.898,-13.777,-3.004,0.408,0.034,1.136,1.208,0,NULL,NULL,,3,0,2,7,255,1299,250,0,0
stim,241950,272071,0,272071,3469379.453,-0.777,0.296,0.015,-0.556,146,0,0,213,0,102,0,580,45,0.933,1,2271,0,591.972,15.307,495.875,-304.688,108.188,-0.836,-0.551,5.520,-5.813,-14.160,-0.473,0.418,0.036,1.136,1.208,0,NULL,NULL,,3,0,2,7,255,1299,250,0,0
stim,241950,272071,0,272071,3469384.455,-0.776,0.296,-0.001,-0.556,610,0,0,580,0,279,0,679,45,0.933,1,2271,0,366.455,20.933,205.563,-291.688,83.375,-0.164,2.125,8.199,-6.914,-19.758,36.121,0.426,0.038,1.136,1.208,0,NULL,NULL,,3,0,2,7,255,1299,250,0,0
stim,241980,272101,0,272101,3469389.454,-0.778,0.267,0.016,-0.569,1007,0,0,915,0,495,0,763,45,0.933,1,2271,0,825.915,22.450,-746.750,-145.250,-321.563,-1.199,0.629,4.879,-10.660,-19.758,37.906,0.428,0.038,1.136,1.208,0,NULL,NULL,,3,0,2,7,255,1299,250,0,0
stim,241980,272101,0,272101,3469394.455,-0.781,0.225,0.045,-0.581,1279,0,0,1164,0,740,0,847,45,0.933,1,2271,0,1204.339,11.247,-1143.625,-108.125,-361.750,0.367,1.691,0.238,-6.914,-8.871,37.906,0.426,0.030,1.136,1.208,0,NULL,NULL,,3,0,2,7,255,1299,250,0,0
stim,241999,272120,0,272120,3469399.453,-0.781,0.193,0.065,-0.590,1655,0,0,1385,0,985,0,907,45,0.933,1,2272,0,898.280,16.158,-839.563,-91.688,-306.000,1.230,2.066,-2.891,16.156,-0.254,-4.418,0.420,0.020,1.136,1.208,1,1501.000,202.000,,3,0,2,7,255,1299,250,0,0
stim,241999,272120,0,272120,3469404.455,-0.780,0.179,0.070,-0.596,2020,0,0,1769,0,1177,0,973,45,0.933,1,2272,0,366.901,16.167,-299.500,-135.000,-163.375,0.813,-0.523,-2.605,16.156,0.578,-36.004,0.414,0.010,1.136,1.208,1,NULL,NULL,,3,0,2,7,255,1299,250,0,0
stim,241999,272120,0,272120,3469409.454,-0.779,0.177,0.063,-0.599,2415,0,0,2227,0,1267,0,1032,45,0.933,1,2272,0,174.861,1.036,68.625,-149.938,-58.188,-0.105,-3.117,0.000,-0.859,0.578,-36.004,0.408,0.000,1.136,1.208,1,NULL,NULL,,3,0,2,7,255,1299,250,0,0
stim,241999,272120,0,272120,3469414.455,-0.780,0.175,0.056,-0.598,2606,0,0,2501,0,1271,0,1091,45,0.933,1,2272,0,180.692,29.650,55.188,-161.875,58.313,-1.500,-2.773,1.309,-29.645,0.578,-14.703,0.000,0.000,1.136,1.208,2,NULL,NULL,,3,0,2,7,255,1299,250,0,0
stim,241999,272120,0,272120,3469419.454,-0.783,0.168,0.052,-0.596,2739,0,0,2666,0,1243,0,1157,45,0.933,1,2272,0,191.542,29.772,-80.000,-158.500,71.875,-1.457,-0.145,1.699,-29.645,2.750,1.770,0.000,0.000,1.136,1.208,2,NULL,NULL,,3,0,2,7,255,1299,250,0,0
stim,241999,272120,0,272120,3469424.455,-0.780,0.160,0.052,-0.602,2799,0,0,2765,0,1155,0,1213,45,0.933,1,2272,0,235.722,10.991,-119.063,-117.438,-166.125,-1.406,-0.355,1.605,-8.441,7.039,8.367,0.000,0.000,1.136,1.208,2,NULL,NULL,,3,0,2,7,255,1299,250,0,0
stim,241999,272120,0,272120,3469429.454,-0.777,0.149,0.055,-0.610,2835,0,0,2833,0,1046,0,1243,45,0.933,1,2272,0,327.451,10.991,-223.063,-123.750,-205.313,-0.574,-1.781,1.086,-8.441,7.039,8.367,0.000,0.000,1.136,1.208,2,NULL,NULL,,3,0,2,7,255,1299,250,0,0
stim,241999,272120,0,272120,3469434.455,-0.774,0.137,0.057,-0.616,2867,0,0,2867,0,896,0,1240,45,0.933,1,2272,0,315.747,19.167,-213.063,-144.500,-182.813,0.293,-2.605,0.602,-19.082,-1.801,-0.516,0.000,0.000,1.136,1.208,2,NULL,NULL,,3,0,2,7,255,1299,250,0,0
stim,241999,272120,0,272120,3469439.453,-0.773,0.128,0.055,-0.619,2885,0,0,2907,0,869,0,1173,45,0.933,1,2272,0,220.422,22.116,-132.125,-159.375,-75.688,0.801,-2.242,0.324,-19.836,-9.781,-7.773,0.000,0.000,1.136,1.208,2,NULL,NULL,,3,0,2,7,255,1299,250,0,0
stim,241999,272120,0,272120,3469444.455,-0.775,0.122,0.051,-0.618,2914,0,0,2933,0,933,0,1149,45,0.933,1,2272,0,181.793,23.171,-64.750,-163.750,45.188,0.719,-1.629,0.766,-19.836,-11.977,-7.773,0.000,0.000,1.136,1.208,2,NULL,NULL,,3,0,2,7,255,1299,250,0,0
stim,241999,272120,0,272120,3469449.453,-0.779,0.116,0.047,-0.614,2931,0,0,2959,0,1067,0,1163,45,0.933,1,2272,0,213.047,18.647,-54.563,-164.000,124.563,0.324,-0.926,1.059,-14.293,-11.977,-5.691,0.000,0.000,1.136,1.208,2,NULL,NULL,,3,0,2,7,255,1299,250,0,0
stim,241999,272120,0,272120,3469454.455,-0.784,0.109,0.043,-0.609,2957,0,0,2988,0,1211,0,1240,45,0.933,1,2272,0,245.090,11.376,-83.313,-159.000,166.875,0.008,-0.480,1.059,-8.547,-7.508,-1.262,0.000,0.000,1.136,1.208,2,NULL,NULL,,3,0,2,7,255,1299,250,0,0
stim,242035,272156,0,272156,3469459.454,-0.790,0.102,0.040,-0.604,2972,0,0,2991,73,1399,0,1365,45,0.933,1,2272,0,254.399,6.111,-102.625,-155.750,173.000,-0.297,-0.059,0.977,-4.996,-3.520,-0.121,0.000,0.000,1.136,1.208,2,NULL,NULL,,3,0,2,7,255,1299,250,0,0
stim,242035,272156,0,272156,3469464.455,-0.794,0.095,0.037,-0.599,2973,0,0,3001,260,1560,0,1479,45,0.933,1,2272,0,220.846,1.831,-97.813,-149.188,130.188,-0.523,0.402,0.980,-1.723,0.621,0.039,0.000,0.000,1.136,1.208,2,NULL,NULL,,3,0,2,7,255,1299,250,0,0
stim,242035,272156,0,272156,3469469.453,-0.797,0.089,0.033,-0.597,2983,0,0,2997,501,1762,0,1662,45,0.933,1,2272,0,186.016,4.199,-81.875,-145.125,82.688,-0.434,0.563,1.063,2.008,3.688,0.801,0.000,0.000,1.136,1.208,2,NULL,NULL,,3,0,2,7,255,1299,250,0,0
stim,242035,272156,0,272156,3469474.455,-0.798,0.082,0.031,-0.596,2997,0,0,2996,918,1944,0,1912,45,0.933,1,2272,0,164.833,5.492,-83.938,-137.250,35.875,-0.445,0.648,1.180,3.742,4.020,1.508,0.000,0.000,1.136,1.208,2,NULL,NULL,,3,0,2,7,255,1299,250,0,0
stim,242035,272156,0,272156,3469479.453,-0.799,0.076,0.028,-0.596,3002,0,0,3003,1119,2040,101,2102,45,0.933,1,2272,0,153.641,5.254,-87.313,-126.375,3.375,0.117,0.035,1.781,3.742,3.688,2.664,0.000,0.000,1.136,1.208,2,NULL,NULL,,3,0,2,7,255,1299,250,0,0
stim,242035,272156,0,272156,3469484.455,-0.798,0.071,0.030,-0.597,3025,0,0,3017,1311,2124,61,2214,45,0.933,1,2272,0,127.702,3.645,-112.125,-43.500,-42.938,0.391,-0.270,1.922,0.297,-3.633,7.301,0.000,0.000,1.136,1.208,2,NULL,NULL,,3,0,2,7,255,1299,250,0,0
stim,242081,272202,0,272202,3469489.454,-0.798,0.066,0.032,-0.599,3017,0,0,3017,1497,2181,76,2288,45,0.933,1,2272,0,131.287,7.108,-120.813,-26.125,-44.250,0.797,0.305,0.609,0.297,-7.102,7.301,0.000,0.000,1.136,1.208,2,NULL,NULL,,3,0,2,7,255,1299,250,0,0
stim,242081,272202,0,272202,3469494.455,-0.798,0.064,0.030,-0.599,3036,0,0,3029,1581,2225,145,2349,45,0.933,1,2272,0,53.364,8.959,3.000,-53.188,-3.125,0.879,0.465,0.684,4.977,-7.449,-4.094,0.000,0.000,1.136,1.208,2,NULL,NULL,,3,0,2,7,255,1299,250,0,0
stim,242081,272202,0,272202,3469499.454,-0.800,0.064,0.029,-0.596,3041,0,0,3043,1658,2261,191,2413,45,0.933,1,2272,0,85.676,8.959,3.750,-31.875,79.438,0.125,-0.406,1.613,4.977,-7.449,-4.094,0.000,0.000,1.136,1.208,2,NULL,NULL,,3,0,2,7,255,1299,250,0,0
stim,242081,272202,0,272202,3469504.455,-0.802,0.060,0.030,-0.594,3043,0,0,3045,1727,2291,225,2447,45,0.933,1,2272,0,113.634,5.147,-89.625,-25.750,64.938,-0.559,-0.117,1.273,-2.711,-4.375,3.211,0.000,0.000,1.136,1.208,2,NULL,NULL,,3,0,2,7,255,1299,250,0,0
stim,242081,272202,0,272202,3469509.454,-0.802,0.057,0.031,-0.594,3053,19,0,3058,1784,2301,234,2483,45,0.933,1,2272,0,69.941,4.235,-66.938,-16.250,-12.125,-0.453,0.586,0.746,-2.711,3.254,3.211,0.000,0.000,1.136,1.208,2,NULL,NULL,,3,0,2,7,255,1299,250,0,0
stim,242081,272202,0,272202,3469514.455,-0.800,0.057,0.031,-0.597,3067,30,7,3075,1839,2323,240,2513,45,0.933,1,2272,0,67.179,5.312,-7.188,-12.438,-65.625,-0.117,0.574,1.129,4.199,3.254,1.434,0.000,0.000,1.136,1.208,2,NULL,NULL,,3,0,2,7,255,1299,250,0,0
stim,242081,272202,0,272202,3469519.453,-0.798,0.056,0.031,-0.599,3077,73,70,3081,1885,2329,243,2531,45,0.933,1,2272,0,67.313,4.400,-23.625,-8.625,-62.438,0.102,0.262,1.469,4.199,1.313,1.434,0.000,0.000,1.136,1.208,2,NULL,NULL,,3,0,2,7,255,1299,250,0,0
stim,242081,272202,0,272202,3469524.455,-0.798,0.053,0.033,-0.600,3081,99,143,3083,1938,2347,251,2552,45,0.933,1,2272,0,84.499,3.174,-78.063,-5.125,-31.938,0.004,0.063,1.316,2.840,-1.418,2.992,0.000,0.000,1.136,1.208,2,NULL,NULL,,3,0,2,7,255,1299,250,0,0
stim,242081,272202,0,272202,3469529.454,-0.797,0.049,0.036,-0.600,3087,117,203,3093,1979,2349,253,2569,45,0.933,1,2272,0,100.810,1.621,-96.938,1.625,-27.625,-0.176,-0.043,0.988,0.785,-1.418,2.992,0.000,0.000,1.136,1.208,2,NULL,NULL,,3,0,2,7,255,1299,250,0,0
stim,242081,272202,0,272202,3469534.455,-0.796,0.047,0.038,-0.602,3091,168,307,3109,2027,2363,291,2591,45,0.933,1,2272,0,85.764,0.659,-72.063,3.438,-46.375,-0.191,-0.023,0.785,-0.555,0.355,0.016,0.000,0.000,1.136,1.208,2,NULL,NULL,,3,0,2,7,255,1299,250,0,0
stim,242105,272226,0,272226,3469539.453,-0.795,0.045,0.039,-0.604,3091,213,409,3100,2063,2373,309,2601,45,0.933,1,2272,0,68.590,0.788,-35.000,2.438,-58.938,-0.078,-0.109,0.883,-0.703,0.355,-1.105,0.000,0.000,1.136,1.208,2,NULL,NULL,,3,0,2,7,255,1299,250,0,0
stim,242105,272226,0,272226,3469544.455,-0.794,0.044,0.040,-0.606,3091,227,537,3123,2101,2381,315,2601,45,0.933,1,2272,0,57.551,1.158,-30.563,2.750,-48.688,0.031,-0.207,1.117,-1.008,-0.570,-1.105,0.000,0.000,1.136,1.208,2,NULL,NULL,,3,0,2,7,255,1299,250,0,0
stim,242105,272226,0,272226,3469549.453,-0.793,0.042,0.041,-0.607,3101,245,629,3113,2137,2394,327,2611,45,0.933,1,2272,0,50.301,1.979,-41.938,5.375,-27.250,0.031,-0.094,1.047,-1.008,-1.703,0.359,0.000,0.000,1.136,1.208,2,NULL,NULL,,3,0,2,7,255,1299,250,0,0
stim,242105,272226,0,272226,3469554.455,-0.793,0.041,0.042,-0.607,3103,246,696,3123,2165,2406,341,2615,45,0.933,1,2272,0,41.714,1.770,-38.813,2.938,-15.000,-0.059,-0.074,0.961,-0.480,-1.703,0.359,0.000,0.000,1.136,1.208,2,NULL,NULL,,3,0,2,7,255,1299,250,0,0
stim,242128,272249,0,272249,3469559.454,-0.792,0.040,0.043,-0.607,3103,249,719,3123,2175,2410,348,2616,45,0.933,1,2272,0,31.564,0.855,-29.938,1.938,-9.813,-0.141,-0.199,0.914,-0.480,-0.707,-0.383,0.000,0.000,1.136,1.208,2,NULL,NULL,,3,0,2,7,255,1299,250,0,0
stim,242128,272249,0,272249,3469564.455,-0.792,0.039,0.044,-0.608,3102,245,765,3127,2195,2415,349,2627,45,0.933,1,2272,0,21.252,1.871,-18.938,1.250,-9.563,-0.168,-0.191,0.883,-1.859,-0.211,-0.699,0.000,0.000,1.136,1.208,2,NULL,NULL,,3,0,2,7,255,1299,250,0,0
stim,242128,272249,0,272249,3469569.454,-0.792,0.039,0.044,-0.608,3107,247,795,3125,2203,2421,357,2621,45,0.933,1,2272,0,10.354,1.859,-2.438,-1.125,-10.000,-0.145,-0.129,0.914,-1.859,0.008,-0.711,0.000,0.000,1.136,1.208,2,NULL,NULL,,3,0,2,7,255,1299,250,0,0
stim,242128,272249,0,272249,3469574.455,-0.792,0.039,0.044,-0.608,3111,263,853,3129,2211,2424,356,2622,45,0.933,1,2272,0,6.202,1.188,0.875,-2.313,-5.688,-0.129,-0.137,1.016,-1.188,0.008,-0.711,0.000,0.000,1.136,1.208,2,NULL,NULL,,3,0,2,7,255,1299,250,0,0
stim,242149,272270,0,272270,3469579.453,-0.792,0.038,0.044,-0.608,3115,262,870,3127,2223,2429,357,2622,45,0.716,1,2272,1,4.783,1.160,-3.250,-3.500,-0.250,-0.176,-0.121,0.988,-1.160,0.008,0.051,0.000,0.000,1.323,1.052,2,NULL,NULL,,3,0,2,7,255,1299,250,0,0
stim,242149,272270,0,272270,3469584.455,-0.792,0.038,0.045,-0.608,3103,260,888,3129,2235,2440,364,2635,45,0.716,1,2272,1,4.894,1.167,-0.438,-3.688,-3.188,-0.195,-0.102,0.969,-1.141,0.246,0.051,0.006,0.008,1.323,1.052,2,NULL,NULL,,3,0,2,7,255,1299,250,0,0
stim,242183,272304,0,272304,3469589.453,-0.791,0.038,0.044,-0.608,3103,259,910,3119,2237,2437,367,2636,45,0.716,1,2272,1,8.788,1.107,3.875,-4.375,-6.563,-0.180,-0.063,0.996,-1.016,0.441,0.051,0.014,0.016,1.323,1.052,2,NULL,NULL,,3,0,2,7,255,1299,250,0,0
stim,242183,272304,0,272304,3469594.455,-0.791,0.038,0.044,-0.609,3111,249,919,3124,2249,2438,375,2648,45,0.716,1,2272,1,10.798,0.734,6.125,-4.875,-7.438,-0.141,-0.012,1.020,-0.586,0.441,0.109,0.022,0.024,1.323,1.052,2,NULL,NULL,,3,0,2,7,255,1299,250,0,0
stim,242183,272304,0,272304,3469599.454,-0.791,0.038,0.044,-0.609,3107,239,925,3123,2249,2440,371,2645,45,0.716,1,2272,1,8.163,0.266,3.438,-4.250,-6.063,-0.148,0.008,1.063,-0.020,0.266,0.262,0.030,0.034,1.323,1.052,2,NULL,NULL,,3,0,2,7,255,1299,250,0,0
stim,242183,272304,0,272304,3469604.455,-0.791,0.038,0.044,-0.609,3107,244,932,3116,2256,2439,373,2643,45,0.716,1,2272,1,8.407,0.316,0.438,-3.375,-7.688,-0.145,0.023,1.020,0.172,0.266,0.270,0.036,0.042,1.323,1.052,2,NULL,NULL,,3,0,2,7,255,1299,250,0,0
stim,242183,272304,0,272304,3469609.454,-0.791,0.038,0.044,-0.609,3103,237,941,3098,2260,2441,376,2644,45,0.716,1,2272,1,8.314,0.316,2.750,-3.000,-7.250,-0.141,-0.008,1.027,0.172,0.266,0.348,0.042,0.048,1.323,1.052,2,NULL,NULL,,3,0,2,7,255,1299,250,0,0
stim,242183,272304,0,272304,3469614.455,-0.790,0.038,0.043,-0.610,3095,239,948,3097,2265,2442,373,2642,45,0.716,1,2272,1,9.303,0.298,1.063,-1.813,-9.063,-0.184,0.000,1.055,0.027,0.297,0.348,0.048,0.054,1.323,1.052,2,NULL,NULL,,3,0,2,7,255,1299,250,0,0
stim,242183,272304,0,272304,3469619.453,-0.790,0.038,0.043,-0.610,3097,243,956,3096,2266,2431,373,2643,45,0.716,1,2272,1,16.228,0.587,-0.188,-1.125,-16.188,-0.188,0.055,1.023,0.027,0.586,0.348,0.052,0.058,1.323,1.052,2,NULL,NULL,,3,0,2,7,255,1299,250,0,0
stim,242183,272304,0,272304,3469624.455,-0.790,0.038,0.043,-0.611,3093,238,967,3087,2265,2431,371,2638,45,0.716,1,2272,1,18.767,0.604,2.250,-0.500,-18.625,-0.141,0.004,1.035,0.148,0.586,0.406,0.054,0.064,1.323,1.052,2,NULL,NULL,,3,0,2,7,255,1299,250,0,0
stim,242183,272304,0,272304,3469629.454,-0.789,0.038,0.043,-0.611,3079,239,987,3067,2265,2437,373,2635,45,0.716,1,2272,1,14.693,0.242,-0.375,-0.188,-14.688,-0.148,-0.027,1.051,0.148,0.191,0.406,0.056,0.066,1.323,1.052,2,NULL,NULL,,3,0,2,7,255,1299,250,0,0
stim,242183,272304,0,272304,3469634.455,-0.789,0.038,0.044,-0.612,3087,237,997,3056,2275,2429,367,2637,45,0.716,1,2272,1,15.897,0.250,-2.125,0.375,-15.750,-0.195,-0.012,1.008,-0.160,0.191,0.406,0.058,0.070,1.323,1.052,2,NULL,NULL,,3,0,2,7,255,1299,250,0,0
stim,242213,272334,0,272334,3469639.454,-0.788,0.038,0.044,-0.613,3060,231,999,3039,2269,2421,362,2631,45,0.716,1,2272,1,22.338,0.622,-0.750,0.750,-22.313,-0.195,-0.055,0.988,-0.172,0.598,0.230,0.060,0.072,1.323,1.052,2,NULL,NULL,,3,0,2,7,255,1299,250,0,0
stim,242213,272334,0,272334,3469644.455,-0.787,0.038,0.044,-0.614,3054,223,1001,3034,2274,2413,356,2623,45,0.716,1,2272,1,26.191,0.832,-0.313,0.313,-26.188,-0.156,-0.105,0.980,-0.578,0.598,0.055,0.060,0.074,1.323,1.052,2,NULL,NULL,,3,0,2,7,255,1299,250,0,0
stim,242213,272334,0,272334,3469649.453,-0.787,0.038,0.044,-0.615,3049,213,1007,3019,2267,2411,351,2621,45,0.716,1,2272,1,25.347,0.680,1.313,0.000,-25.313,-0.129,-0.078,0.941,-0.664,0.145,-0.066,0.060,0.074,1.323,1.052,2,NULL,NULL,,3,0,2,7,255,1299,250,0,0
stim,242213,272334,0,272334,3469654.455,-0.786,0.038,0.044,-0.615,3039,206,1010,3005,2273,2409,345,2620,45,0.716,1,2272,1,22.679,0.664,6.313,-1.188,-21.750,-0.125,-0.063,0.945,-0.664,-0.008,-0.461,0.060,0.074,1.323,1.052,2,NULL,NULL,,3,0,2,7,255,1299,250,0,0
stim,242213,272334,0,272334,3469659.454,-0.786,0.038,0.044,-0.616,3031,182,1008,2986,2271,2407,344,2631,45,0.716,1,2272,1,20.001,0.527,7.438,-2.188,-18.438,-0.141,-0.063,0.973,-0.527,-0.008,-0.461,0.060,0.074,1.323,1.052,2,NULL,NULL,,3,0,2,7,255,1299,250,0,0
stim,242213,272334,0,272334,3469664.455,-0.785,0.038,0.043,-0.617,3027,183,1017,2984,2269,2398,339,2628,45,0.716,1,2272,1,17.721,0.489,6.500,-3.125,-16.188,-0.145,-0.039,0.957,-0.480,0.090,-0.320,0.058,0.076,1.323,1.052,2,NULL,NULL,,3,0,2,7,255,1299,250,0,0
stim,242246,272367,0,272367,3469669.454,-0.785,0.039,0.043,-0.617,3022,175,1021,2973,2275,2398,339,2627,45,0.716,1,2272,1,17.781,0.390,8.938,-3.875,-14.875,-0.137,-0.008,0.957,-0.328,0.211,-0.320,0.056,0.074,1.323,1.052,2,NULL,NULL,,3,0,2,7,255,1299,250,0,0
stim,242246,272367,0,272367,3469674.455,-0.784,0.039,0.042,-0.618,3021,182,1035,2963,2279,2399,341,2632,45,0.716,1,2272,1,16.819,0.211,10.688,-4.813,-12.063,-0.121,0.031,0.992,-0.012,0.211,-0.320,0.056,0.074,1.323,1.052,2,NULL,NULL,,3,0,2,7,255,1299,250,0,0
stim,242246,272367,0,272367,3469679.454,-0.784,0.039,0.042,-0.618,3004,169,1039,2943,2281,2399,345,2622,45,0.716,1,2272,1,11.745,0.436,7.500,-5.313,-7.313,-0.121,0.051,1.027,0.414,0.137,-0.016,0.054,0.074,1.323,1.052,2,NULL,NULL,,3,0,2,7,255,1299,250,0,0
stim,242246,272367,0,272367,3469684.455,-0.784,0.039,0.042,-0.618,3005,173,1046,2942,2286,2408,359,2637,45,0.716,1,2272,1,6.905,0.583,2.250,-5.625,-3.313,-0.141,0.051,1.023,0.566,0.137,0.277,0.050,0.072,1.323,1.052,2,NULL,NULL,,3,0,2,7,255,1299,250,0,0
stim,242279,272400,0,272400,3469689.453,-0.784,0.039,0.042,-0.618,2989,173,1055,2935,2299,2407,371,2631,45,0.716,1,2272,1,6.214,0.654,0.313,-5.875,-2.000,-0.148,0.055,1.004,0.574,0.313,0.277,0.046,0.070,1.323,1.052,2,NULL,NULL,,3,0,2,7,255,1299,250,0,0
stim,242279,272400,0,272400,3469694.455,-0.784,0.039,0.041,-0.618,2991,173,1080,2925,2301,2401,383,2633,45,0.716,1,2272,1,6.313,0.655,0.313,-6.000,-1.938,-0.141,0.051,1.012,0.566,0.328,0.168,0.042,0.066,1.323,1.052,2,NULL,NULL,,3,0,2,7,255,1299,250,0,0
stim,242279,272400,0,272400,3469699.454,-0.784,0.039,0.041,-0.618,2983,183,1101,2925,2323,2413,415,2643,45,0.716,1,2272,1,6.201,0.628,-2.125,-5.750,-0.938,-0.133,0.039,1.023,0.535,0.328,0.168,0.036,0.060,1.323,1.052,2,NULL,NULL,,3,0,2,7,255,1299,250,0,0
stim,242279,272400,0,272400,3469704.455,-0.784,0.038,0.041,-0.618,2980,183,1123,2920,2344,2412,443,2651,45,0.716,1,2272,1,8.014,0.559,-5.875,-5.438,0.375,-0.148,0.012,1.004,0.453,0.328,0.168,0.028,0.052,1.323,1.052,2,NULL,NULL,,3,0,2,7,255,1299,250,0,0
stim,242279,272400,0,272400,3469709.454,-0.784,0.038,0.041,-0.618,2971,205,1157,2908,2363,2419,482,2648,45,0.716,1,2272,1,9.321,0.377,-7.375,-5.688,0.375,-0.176,-0.016,0.965,0.164,0.340,0.113,0.022,0.044,1.323,1.052,2,NULL,NULL,,3,0,2,7,255,1299,250,0,0
stim,242279,272400,0,272400,3469714.455,-0.784,0.038,0.041,-0.618,2964,221,1208,2905,2387,2415,520,2660,45,0.716,1,2272,1,8.752,0.597,-5.625,-6.563,-1.375,-0.195,-0.027,0.949,-0.176,0.570,-0.215,0.018,0.036,1.323,1.052,2,NULL,NULL,,3,0,2,7,255,1299,250,0,0
stim,242299,272420,0,272420,3469719.453,-0.784,0.038,0.041,-0.618,2967,229,1269,2899,2397,2425,569,2669,45,0.716,1,2272,1,9.809,0.844,-4.375,-7.750,-4.125,-0.219,-0.031,0.961,-0.328,0.777,-0.215,0.018,0.028,1.323,1.052,2,NULL,NULL,,3,0,2,7,255,1299,250,0,0
stim,242299,272420,0,272420,3469724.455,-0.784,0.037,0.041,-0.618,2942,232,1315,2903,2419,2428,653,2672,45,0.716,1,2272,1,12.091,0.890,-5.000,-9.500,-5.563,-0.203,-0.027,0.980,-0.336,0.824,-0.195,0.024,0.020,1.323,1.052,2,NULL,NULL,,3,0,2,7,255,1299,250,0,0
stim,242299,272420,0,272420,3469729.453,-0.784,0.037,0.041,-0.619,2937,250,1375,2893,2451,2441,733,2681,45,0.716,1,2272,1,14.216,1.018,-7.500,-9.563,-7.375,-0.223,-0.008,1.016,-0.336,0.961,-0.023,0.028,0.012,1.323,1.052,2,NULL,NULL,,3,0,2,7,255,1299,250,0,0
stim,242299,272420,0,272420,3469734.455,-0.783,0.036,0.041,-0.619,2935,255,1437,2879,2461,2445,827,2697,45,0.716,1,2272,1,19.494,0.838,-9.438,-9.375,-14.250,-0.176,0.008,0.988,-0.152,0.824,0.000,0.034,0.008,1.323,1.052,2,NULL,NULL,,3,0,2,7,255,1299,250,0,0
stim,242299,272420,0,272420,3469739.454,-0.783,0.036,0.041,-0.620,2933,263,1499,2872,2477,2447,905,2695,45,0.716,1,2272,1,20.433,0.681,-8.875,-9.313,-15.875,-0.117,-0.051,0.988,-0.152,0.664,0.000,0.036,0.008,1.323,1.052,2,NULL,NULL,,3,0,2,7,255,1299,250,0,0
stim,242299,272420,0,272420,3469744.455,-0.783,0.035,0.041,-0.620,2923,262,1576,2871,2499,2453,971,2711,45,0.716,1,2272,1,16.867,0.345,-10.188,-9.188,-9.813,-0.094,-0.090,0.977,-0.344,-0.031,-0.039,0.038,0.008,1.323,1.052,2,NULL,NULL,,3,0,2,7,255,1299,250,0,0
stim,242299,272420,0,272420,3469749.454,-0.783,0.034,0.041,-0.620,2919,268,1624,2854,2510,2455,1045,2718,45,0.716,1,2272,1,14.352,0.591,-9.250,-9.188,-6.000,-0.141,-0.070,0.953,-0.590,-0.031,-0.195,0.036,0.010,1.323,1.052,2,NULL,NULL,,3,0,2,7,255,1299,250,0,0
stim,242299,272420,0,272420,3469754.455,-0.782,0.034,0.041,-0.620,2911,269,1677,2863,2527,2457,1119,2725,45,0.716,1,2272,1,14.069,0.617,-5.500,-9.125,-9.188,-0.148,-0.055,0.957,-0.590,0.180,-0.332,0.034,0.014,1.323,1.052,2,NULL,NULL,,3,0,2,7,255,1299,250,0,0
stim,242330,272451,0,272451,3469759.454,-0.782,0.033,0.041,-0.621,2905,295,1741,2843,2551,2461,1199,2727,45,0.716,1,2272,1,13.326,0.491,-1.313,-9.188,-9.563,-0.090,-0.055,0.969,-0.457,0.180,-0.332,0.030,0.018,1.323,1.052,2,NULL,NULL,,3,0,2,7,255,1299,250,0,0
stim,242330,272451,0,272451,3469764.455,-0.782,0.033,0.040,-0.621,2897,301,1781,2845,2573,2472,1261,2741,45,0.716,1,2272,1,9.791,0.313,0.813,-8.813,-4.188,-0.098,-0.016,0.996,-0.293,-0.109,-0.254,0.026,0.024,1.323,1.052,2,NULL,NULL,,3,0,2,7,255,1299,250,0,0
stim,242330,272451,0,272451,3469769.454,-0.782,0.033,0.040,-0.621,2887,327,1833,2837,2583,2467,1320,2751,45,0.716,1,2272,1,9.462,0.114,-0.563,-9.438,-0.375,-0.121,-0.016,1.016,0.031,-0.109,0.008,0.024,0.028,1.323,1.052,2,NULL,NULL,,3,0,2,7,255,1299,250,0,0
stim,242330,272451,0,272451,3469774.455,-0.782,0.033,0.040,-0.621,2887,341,1880,2839,2602,2473,1397,2777,45,0.716,1,2272,1,10.957,0.140,-2.625,-10.188,3.063,-0.133,0.000,1.047,0.055,0.129,0.227,0.020,0.034,1.323,1.052,2,NULL,NULL,,3,0,2,7,255,1299,250,0,0
stim,242330,272451,0,272451,3469779.454,-0.782,0.032,0.040,-0.621,2870,365,1940,2824,2611,2477,1453,2771,45,0.716,1,2272,1,13.259,0.294,-9.313,-9.250,-1.875,-0.203,0.031,1.055,0.160,0.246,0.512,0.018,0.038,1.323,1.052,2,NULL,NULL,,3,0,2,7,255,1299,250,0,0
stim,242330,272451,0,272451,3469784.455,-0.782,0.032,0.040,-0.621,2870,383,1991,2829,2628,2477,1509,2775,45,0.716,1,2272,1,17.304,0.560,-9.625,-9.188,-11.063,-0.145,0.039,1.020,0.301,0.473,0.512,0.018,0.038,1.323,1.052,2,NULL,NULL,,3,0,2,7,255,1299,250,0,0
stim,242382,272503,0,272503,3469789.453,-0.782,0.031,0.039,-0.621,2847,409,2045,2808,2644,2483,1557,2783,45,0.716,1,2272,1,14.376,0.580,-9.813,-8.625,-6.000,-0.031,-0.004,1.020,0.336,0.473,0.242,0.020,0.038,1.323,1.052,2,NULL,NULL,,3,0,2,7,255,1299,250,0,0
stim,242382,272503,0,272503,3469794.455,-0.782,0.031,0.040,-0.622,2833,427,2101,2796,2659,2485,1637,2789,45,0.716,1,2272,1,14.940,0.580,-13.125,-5.688,-4.313,-0.191,-0.070,1.035,0.336,0.473,0.242,0.022,0.038,1.323,1.052,2,NULL,NULL,,3,0,2,7,255,1299,250,0,0
stim,242382,272503,0,272503,3469799.453,-0.781,0.030,0.040,-0.622,2821,443,2139,2789,2675,2485,1685,2793,45,0.716,1,2272,1,23.545,0.940,-17.688,-6.875,-13.938,-0.211,-0.125,0.922,-0.633,0.695,0.148,0.024,0.036,1.323,1.052,2,NULL,NULL,,3,0,2,7,255,1299,250,0,0
stim,242382,272503,0,272503,3469804.455,-0.781,0.029,0.040,-0.623,2807,459,2169,2773,2681,2493,1726,2799,45,0.716,1,2272,1,20.423,1.410,-2.313,-7.125,-19.000,-0.133,-0.145,0.844,-1.227,0.695,-0.598,0.028,0.034,1.323,1.052,2,NULL,NULL,,3,0,2,7,255,1299,250,0,0
stim,242382,272503,0,272503,3469809.454,-0.781,0.029,0.040,-0.623,2791,471,2205,2759,2695,2493,1768,2805,45,0.716,1,2272,1,18.562,1.236,9.688,-10.750,-11.625,-0.109,-0.133,0.980,-1.227,0.148,-0.598,0.032,0.032,1.323,1.052,2,NULL,NULL,,3,0,2,7,255,1299,250,0,0
stim,242382,272503,0,272503,3469814.455,-0.780,0.029,0.039,-0.623,2775,474,2234,2735,2703,2501,1811,2811,45,0.716,1,2272,1,14.381,1.057,8.063,-9.938,-6.563,-0.129,-0.035,1.035,-1.047,0.148,-0.090,0.036,0.028,1.323,1.052,2,NULL,NULL,,3,0,2,7,255,1299,250,0,0
stim,242382,272503,0,272503,3469819.453,-0.780,0.029,0.039,-0.624,2751,475,2271,2716,2715,2501,1855,2815,45,0.716,1,2272,1,12.269,0.221,1.375,-9.563,-7.563,-0.172,0.023,1.055,-0.129,0.180,0.402,0.040,0.028,1.323,1.052,2,NULL,NULL,,3,0,2,7,255,1299,250,0,0
stim,242382,272503,0,272503,3469824.455,-0.780,0.029,0.039,-0.624,2727,475,2309,2699,2725,2504,1905,2828,45,0.716,1,2272,1,15.178,0.244,-5.125,-9.688,-10.500,-0.133,-0.070,1.012,-0.129,0.207,0.402,0.042,0.026,1.323,1.052,2,NULL,NULL,,3,0,2,7,255,1299,250,0,0
stim,242382,272503,0,272503,3469829.454,-0.780,0.028,0.038,-0.624,2709,475,2331,2676,2731,2503,1941,2835,45,0.716,1,2272,1,12.419,0.541,-1.313,-10.500,-6.500,-0.121,-0.086,0.934,-0.500,0.207,0.199,0.046,0.024,1.323,1.052,2,NULL,NULL,,3,0,2,7,255,1299,250,0,0
stim,242382,272503,0,272503,3469834.455,-0.780,0.028,0.038,-0.624,2680,475,2373,2661,2742,2509,1987,2838,45,0.716,1,2272,1,14.255,0.563,4.813,-11.250,-7.313,-0.180,-0.063,0.977,-0.523,0.207,-0.117,0.048,0.022,1.323,1.052,2,NULL,NULL,,3,0,2,7,255,1299,250,0,0
stim,242403,272524,0,272524,3469839.454,-0.779,0.028,0.038,-0.625,2661,473,2393,2642,2759,2509,2019,2847,45,0.716,1,2272,1,20.518,0.870,5.563,-10.563,-16.688,-0.188,-0.023,1.027,-0.523,0.695,-0.117,0.050,0.022,1.323,1.052,2,NULL,NULL,,3,0,2,7,255,1299,250,0,0
stim,242403,272524,0,272524,3469844.455,-0.779,0.028,0.037,-0.626,2632,467,2407,2600,2759,2507,2057,2847,45,0.716,1,2272,1,23.955,0.717,1.625,-10.438,-21.500,-0.098,-0.027,1.004,-0.176,0.695,0.059,0.052,0.022,1.323,1.052,2,NULL,NULL,,3,0,2,7,255,1299,250,0,0
stim,242403,272524,0,272524,3469849.454,-0.778,0.027,0.037,-0.626,2601,462,2427,2578,2771,2509,2092,2856,45,0.716,1,2272,1,16.062,0.176,2.188,-11.063,-11.438,-0.051,-0.070,0.992,-0.176,-0.012,0.059,0.054,0.022,1.323,1.052,2,NULL,NULL,,3,0,2,7,255,1299,250,0,0
stim,242403,272524,0,272524,3469854.455,-0.778,0.027,0.036,-0.626,2570,457,2451,2539,2779,2507,2127,2860,45,0.716,1,2272,1,12.968,0.106,4.250,-11.813,-3.250,-0.102,-0.035,0.988,-0.105,-0.012,-0.051,0.054,0.022,1.323,1.052,2,NULL,NULL,,3,0,2,7,255,1299,250,0,0
stim,242432,272553,0,272553,3469859.454,-0.778,0.027,0.036,-0.626,2525,445,2468,2508,2787,2508,2157,2863,45,0.716,1,2272,1,14.343,0.114,6.375,-12.125,-4.250,-0.168,0.012,1.027,-0.105,0.043,-0.051,0.054,0.024,1.323,1.052,2,NULL,NULL,,3,0,2,7,255,1299,250,0,0
stim,242432,272553,0,272553,3469864.455,-0.778,0.027,0.035,-0.627,2486,439,2487,2477,2795,2508,2193,2869,45,0.716,1,2272,1,15.540,0.590,1.313,-11.438,-10.438,-0.145,0.035,1.051,0.191,0.559,0.367,0.052,0.028,1.323,1.052,2,NULL,NULL,,3,0,2,7,255,1299,250,0,0
stim,242432,272553,0,272553,3469869.453,-0.778,0.027,0.035,-0.627,2440,430,2509,2445,2805,2507,2227,2876,45,0.716,1,2272,1,16.990,0.729,3.813,-12.375,-11.000,-0.113,0.035,0.984,0.469,0.559,0.367,0.050,0.032,1.323,1.052,2,NULL,NULL,,3,0,2,7,255,1299,250,0,0
stim,242432,272553,0,272553,3469874.455,-0.778,0.027,0.034,-0.627,2392,413,2527,2403,2811,2507,2261,2876,45,0.716,1,2272,1,15.134,0.563,4.063,-12.188,-8.000,-0.117,-0.023,1.059,0.469,0.313,0.535,0.050,0.034,1.323,1.052,2,NULL,NULL,,3,0,2,7,255,1299,250,0,0
stim,242432,272553,0,272553,3469879.454,-0.777,0.027,0.034,-0.628,2321,411,2553,2347,2827,2507,2301,2885,45,0.716,1,2272,1,15.103,0.497,3.438,-12.688,-7.438,-0.160,0.035,0.992,0.387,0.313,0.008,0.050,0.036,1.323,1.052,2,NULL,NULL,,3,0,2,7,255,1299,250,0,0
stim,242432,272553,0,272553,3469884.455,-0.777,0.027,0.033,-0.628,2239,393,2585,2287,2835,2515,2342,2888,45,0.716,1,2272,1,19.456,0.790,7.188,-13.063,-12.500,-0.152,0.031,1.016,0.359,0.703,0.203,0.050,0.038,1.323,1.052,2,NULL,NULL,,3,0,2,7,255,1299,250,0,0
stim,242479,272600,0,272600,3469889.453,-0.777,0.027,0.032,-0.628,2141,383,2604,2231,2843,2506,2373,2893,45,0.716,1,2272,1,20.671,0.790,8.125,-13.688,-13.188,-0.137,0.016,1.008,0.359,0.703,0.148,0.050,0.038,1.323,1.052,2,NULL,NULL,,3,0,2,7,255,1299,250,0,0
stim,242479,272600,0,272600,3469894.455,-0.776,0.026,0.032,-0.629,2055,367,2622,2164,2855,2504,2403,2899,45,0.716,1,2272,1,21.075,0.568,8.938,-14.688,-12.188,-0.133,-0.047,1.020,0.246,0.512,0.203,0.050,0.040,1.323,1.052,2,NULL,NULL,,3,0,2,7,255,1299,250,0,0
stim,242479,272600,0,272600,3469899.453,-0.776,0.026,0.031,-0.629,1961,327,2644,2084,2862,2503,2429,2904,45,0.716,1,2272,1,20.008,0.623,5.875,-15.188,-11.625,-0.164,-0.078,1.016,-0.355,0.512,0.250,0.052,0.040,1.323,1.052,2,NULL,NULL,,3,0,2,7,255,1299,250,0,0
stim,242479,272600,0,272600,3469904.455,-0.776,0.026,0.030,-0.630,1835,299,2663,1973,2873,2495,2463,2907,45,0.716,1,2272,1,22.935,0.849,6.438,-16.563,-14.500,-0.168,-0.063,0.961,-0.578,0.621,0.250,0.052,0.040,1.323,1.052,2,NULL,NULL,,3,0,2,7,255,1299,250,0,0
stim,242479,272600,0,272600,3469909.454,-0.775,0.026,0.030,-0.630,1705,279,2679,1849,2879,2490,2491,2911,45,0.716,1,2272,1,27.644,0.910,12.750,-17.438,-17.250,-0.164,-0.059,0.961,-0.578,0.703,-0.270,0.056,0.038,1.323,1.052,2,NULL,NULL,,3,0,2,7,255,1299,250,0,0
stim,242479,272600,0,272600,3469914.455,-0.775,0.026,0.029,-0.631,1559,253,2703,1719,2891,2487,2521,2919,45,0.716,1,2272,1,32.373,0.910,16.875,-19.125,-19.938,-0.160,-0.063,0.977,-0.578,0.703,-0.270,0.058,0.036,1.323,1.052,2,NULL,NULL,,3,0,2,7,255,1299,250,0,0
stim,242479,272600,0,272600,3469919.454,-0.774,0.026,0.028,-0.632,1429,245,2717,1607,2902,2479,2553,2921,45,0.716,1,2272,1,34.646,0.906,17.875,-20.125,-21.813,-0.145,-0.066,1.023,-0.586,0.691,-0.148,0.060,0.036,1.323,1.052,2,NULL,NULL,,3,0,2,7,255,1299,250,0,0
stim,242479,272600,0,272600,3469924.455,-0.774,0.026,0.027,-0.633,1288,205,2731,1461,2909,2471,2584,2926,45,0.716,1,2272,1,30.624,0.788,11.375,-21.750,-18.313,-0.148,-0.078,1.063,-0.609,0.500,0.313,0.060,0.036,1.323,1.052,2,NULL,NULL,,3,0,2,7,255,1299,250,0,0
stim,242479,272600,0,272600,3469929.453,-0.773,0.025,0.026,-0.633,1129,171,2751,1316,2918,2469,2605,2931,45,0.716,1,2272,1,29.438,0.864,-0.438,-22.375,-19.125,-0.148,-0.090,1.090,-0.707,0.496,0.688,0.062,0.038,1.323,1.052,2,NULL,NULL,,3,0,2,7,255,1299,250,0,0
stim,242479,272600,0,272600,3469934.455,-0.772,0.024,0.026,-0.634,951,135,2773,1150,2927,2457,2628,2935,45,0.716,1,2272,1,42.072,0.864,-20.250,-24.000,-28.000,-0.238,-0.051,1.109,-0.707,0.496,0.980,0.062,0.038,1.323,1.052,2,NULL,NULL,,3,0,2,7,255,1299,250,0,0
stim,242513,272634,0,272634,3469939.453,-0.771,0.022,0.026,-0.636,765,77,2787,1003,2937,2450,2645,2939,45,0.716,1,2272,1,54.133,1.132,-21.813,-23.250,-43.750,-0.176,-0.051,0.926,-0.598,0.961,0.980,0.062,0.038,1.323,1.052,2,NULL,NULL,,3,0,2,7,255,1299,250,0,0
stim,242513,272634,0,272634,3469944.455,-0.770,0.021,0.025,-0.637,601,61,2796,823,2944,2439,2661,2949,45,0.716,1,2272,1,48.996,1.132,-0.375,-26.438,-41.250,-0.082,-0.117,0.852,-0.598,0.961,-0.645,0.064,0.040,1.323,1.052,2,NULL,NULL,,3,0,2,7,255,1299,250,0,0
stim,242513,272634,0,272634,3469949.454,-0.769,0.021,0.024,-0.638,460,25,2811,679,2955,2421,2679,2951,45,0.716,1,2272,1,46.564,1.025,19.063,-29.313,-30.750,-0.109,-0.180,0.969,-1.020,0.102,-0.645,0.064,0.040,1.323,1.052,2,NULL,NULL,,3,0,2,7,255,1299,250,0,0
stim,242513,272634,0,272634,3469954.455,-0.769,0.021,0.022,-0.639,290,1,2827,517,2963,2408,2697,2955,45,0.716,1,2272,1,42.724,1.289,18.438,-30.500,-23.563,-0.141,-0.141,1.066,-1.285,0.102,-0.227,0.064,0.040,1.323,1.052,2,NULL,NULL,,3,0,2,7,255,1299,250,0,0
stim,242513,272634,0,272634,3469959.454,-0.768,0.020,0.021,-0.640,223,0,2839,355,2971,2394,2715,2959,45,0.716,1,2272,1,43.413,1.361,14.313,-31.938,-25.688,-0.203,-0.051,1.074,-1.285,0.449,0.727,0.064,0.042,1.323,1.052,2,NULL,NULL,,3,0,2,7,255,1299,250,0,0
stim,242513,272634,0,272634,3469964.455,-0.767,0.019,0.020,-0.641,113,0,2845,202,2975,2375,2733,2967,45,0.716,1,2272,1,49.099,1.432,1.063,-33.438,-35.938,-0.195,-0.090,1.129,-0.906,1.109,0.813,0.066,0.042,1.323,1.052,2,NULL,NULL,,3,0,2,7,255,1299,250,0,0
stim,242541,272662,0,272662,3469969.453,-0.766,0.018,0.019,-0.642,75,0,2861,147,2995,2343,2762,2974,45,0.716,1,2272,1,57.149,1.538,-13.625,-34.938,-43.125,-0.219,-0.152,1.113,-0.906,1.242,1.219,0.066,0.044,1.323,1.052,2,NULL,NULL,,3,0,2,7,255,1299,250,0,0
stim,242541,272662,0,272662,3469974.455,-0.765,0.017,0.018,-0.644,39,0,2867,88,2991,2317,2776,2969,45,0.716,1,2272,1,60.516,1.432,-6.813,-38.125,-46.500,-0.145,-0.055,0.984,-0.906,1.109,1.219,0.066,0.044,1.323,1.052,2,NULL,NULL,,3,0,2,7,255,1299,250,0,0
stim,242541,272662,0,272662,3469979.454,-0.763,0.016,0.017,-0.645,29,0,2872,47,3003,2290,2793,2971,45,0.716,1,2272,1,65.070,0.948,9.063,-42.063,-48.813,-0.117,-0.043,0.977,-0.508,0.801,-0.113,0.066,0.046,1.323,1.052,2,NULL,NULL,,3,0,2,7,255,1299,250,0,0
stim,242541,272662,0,272662,3469984.455,-0.762,0.015,0.014,-0.647,10,0,2887,16,3019,2259,2819,2973,45,0.716,1,2272,0,70.403,0.878,29.188,-47.438,-43.063,-0.176,-0.016,1.105,-0.359,0.801,-0.113,0.066,0.046,1.323,1.052,3,NULL,NULL,,3,0,2,7,255,1299,250,0,0
stim,242580,272701,0,272701,3469989.454,-0.761,0.015,0.012,-0.648,0,0,2888,0,3027,2217,2835,2975,45,0.716,1,2272,0,76.294,1.205,32.563,-52.938,-44.250,-0.242,0.035,1.223,-0.156,1.195,1.066,0.066,0.046,1.323,1.052,3,NULL,NULL,,3,0,2,7,255,1299,250,0,0
stim,242580,272701,0,272701,3469994.455,-0.760,0.015,0.009,-0.650,0,0,2889,0,3021,2171,2836,2976,45,0.716,1,2272,0,83.415,1.933,29.313,-54.688,-55.750,-0.254,0.055,1.273,0.238,1.918,2.258,0.068,0.046,1.323,1.052,3,NULL,NULL,,3,0,2,7,255,1299,250,0,0
stim,242580,272701,0,272701,3469999.453,-0.758,0.014,0.006,-0.652,0,0,2907,0,3029,2125,2855,2981,45,0.716,1,2272,0,91.179,1.954,38.250,-60.250,-56.750,-0.172,0.047,1.332,0.375,1.918,2.730,0.068,0.046,1.323,1.052,3,NULL,NULL,,3,0,2,7,255,1299,250,0,0
stim,242580,272701,0,272701,3470004.455,-0.757,0.014,0.002,-0.653,0,0,2900,0,3045,2072,2869,2985,45,0.716,1,2272,0,93.259,1.409,53.063,-71.688,-27.250,-0.137,0.094,1.520,0.398,1.352,3.277,0.070,0.046,1.323,1.052,3,NULL,NULL,,3,0,2,7,255,1299,250,0,0
stim,242580,272701,0,272701,3470009.454,-0.757,0.012,0.000,-0.653,0,0,2909,0,3038,2002,2878,2975,45,0.716,1,2272,0,72.909,1.408,-1.250,-70.813,-17.313,-0.074,0.109,1.445,0.867,1.109,4.367,0.072,0.046,1.323,1.052,3,NULL,NULL,,3,0,2,7,255,1299,250,0,0
stim,242580,272701,1,272701,3470014.455,-0.756,0.009,-0.001,-0.654,0,0,2907,0,3051,1945,2899,2985,45,0.716,1,2272,0,79.656,1.362,-30.313,-71.188,-18.938,-0.117,0.059,1.152,0.867,1.051,4.367,0.074,0.046,1.323,1.052,3,NULL,NULL,,3,1,2,7,255,1299,250,0,0
stim,242599,272720,1,272720,3470019.454,-0.756,0.007,-0.003,-0.654,0,0,2903,0,3047,1861,2902,2976,45,0.716,1,2272,0,76.140,0.995,-16.813,-73.875,-7.563,-0.098,-0.012,1.035,0.488,0.867,1.469,0.078,0.046,1.323,1.052,3,NULL,NULL,,3,1,2,7,255,1299,250,0,0
stim,242599,272720,1,272720,3470024.455,-0.756,0.004,-0.006,-0.654,0,0,2893,0,3047,1768,2905,2973,45,0.716,1,2272,0,77.709,1.063,-2.125,-77.375,-6.875,-0.137,-0.082,1.063,-0.160,1.051,0.621,0.082,0.046,1.323,1.052,3,NULL,NULL,,3,1,2,7,255,1299,250,0,0
stim,242599,272720,1,272720,3470029.453,-0.756,0.002,-0.008,-0.655,0,0,2893,0,3049,1688,2917,2969,45,0.716,1,2272,0,77.753,1.162,-2.875,-77.313,-7.750,-0.070,-0.078,1.164,-0.773,0.867,0.621,0.084,0.048,1.323,1.052,3,NULL,NULL,,3,1,2,7,255,1299,250,0,0
stim,242599,272720,1,272720,3470034.455,-0.756,-0.000,-0.010,-0.655,0,0,2889,0,3051,1606,2926,2967,45,0.716,1,2272,0,82.448,1.440,-3.438,-81.813,-9.625,-0.227,-0.004,1.008,-0.773,1.215,0.621,0.086,0.050,1.323,1.052,3,NULL,NULL,,3,1,2,7,255,1299,250,0,0
stim,242599,272720,1,272720,3470039.453,-0.755,-0.002,-0.014,-0.655,0,0,2889,0,3053,1477,2931,2965,45,0.716,1,2272,0,93.476,1.218,21.188,-88.188,-22.625,-0.105,-0.023,1.000,-0.316,1.176,0.016,0.088,0.052,1.323,1.052,3,NULL,NULL,,3,1,2,7,255,1299,250,0,0
stim,242599,272720,1,272720,3470044.455,-0.755,-0.003,-0.018,-0.656,0,0,2885,0,3059,1363,2941,2959,45,0.716,1,2272,0,96.882,1.210,35.313,-88.625,-16.875,-0.047,0.027,1.164,-0.285,1.176,0.016,0.088,0.054,1.323,1.052,3,NULL,NULL,,3,1,2,7,255,1299,250,0,0
stim,242599,272720,1,272720,3470049.454,-0.754,-0.005,-0.022,-0.656,0,0,2874,0,3064,1193,2940,2951,45,0.716,1,2272,0,94.381,1.135,23.688,-90.688,-11.063,-0.047,0.137,1.348,0.199,1.117,1.555,0.094,0.056,1.323,1.052,3,NULL,NULL,,3,1,2,7,255,1299,250,0,0
stim,242599,272720,1,272720,3470054.455,-0.754,-0.008,-0.025,-0.656,0,0,2870,0,3063,1015,2957,2943,45,0.716,1,2272,0,92.851,1.663,-2.813,-92.563,-6.750,-0.035,0.148,1.379,1.246,1.102,3.355,0.098,0.058,1.323,1.052,3,NULL,NULL,,3,1,2,7,255,1299,250,0,0
stim,242628,272749,1,272749,3470059.454,-0.754,-0.010,-0.027,-0.656,0,0,2861,0,3063,887,2965,2932,45,0.716,1,2272,0,94.619,1.754,-19.063,-92.500,-5.750,-0.184,0.191,1.277,1.352,1.117,3.355,0.104,0.060,1.323,1.052,3,NULL,NULL,,3,1,2,7,255,1299,250,0,0
stim,242628,272749,1,272749,3470064.455,-0.753,-0.014,-0.030,-0.657,0,0,2855,0,3064,701,2972,2920,45,0.716,1,2272,0,101.434,2.261,-21.625,-97.813,-15.938,-0.102,0.117,1.207,1.352,1.813,2.566,0.104,0.064,1.323,1.052,3,NULL,NULL,,3,1,2,7,255,1299,250,0,0
stim,242628,272749,1,272749,3470069.453,-0.753,-0.017,-0.032,-0.657,0,0,2840,0,3063,549,2981,2903,45,0.716,1,2272,0,102.093,2.646,-13.938,-99.688,-17.063,-0.160,0.105,1.195,0.953,2.469,1.902,0.102,0.068,1.323,1.052,3,NULL,NULL,,3,1,2,7,255,1299,250,0,0
stim,242628,272749,1,272749,3470074.455,-0.752,-0.020,-0.035,-0.658,0,0,2827,0,3063,443,2985,2886,45,0.716,1,2272,0,107.271,2.467,-14.125,-103.750,-23.313,-0.125,0.113,1.258,0.891,2.301,1.902,0.098,0.074,1.323,1.052,3,NULL,NULL,,3,1,2,7,255,1299,250,0,0
stim,242628,272749,1,272749,3470079.453,-0.751,-0.024,-0.038,-0.659,0,0,2805,0,3063,281,2991,2856,45,0.716,1,2272,0,113.523,2.467,-22.500,-107.375,-29.188,-0.035,0.125,1.246,0.891,2.301,2.320,0.096,0.080,1.323,1.052,3,NULL,NULL,,3,1,2,7,255,1299,250,0,0
stim,242628,272749,1,272749,3470084.455,-0.751,-0.027,-0.041,-0.659,0,0,2789,0,3061,179,2991,2829,45,0.716,1,2272,0,115.083,2.549,-21.063,-111.500,-19.188,-0.098,0.141,1.258,1.137,2.281,2.336,0.094,0.086,1.323,1.052,3,NULL,NULL,,3,1,2,7,255,1299,250,0,0
stim,242683,272804,1,272804,3470089.454,-0.750,-0.031,-0.044,-0.659,0,0,2770,0,3055,89,2997,2796,45,0.716,1,2272,0,121.926,2.577,-23.000,-118.250,-18.813,-0.137,0.172,1.352,1.199,2.281,2.336,0.092,0.092,1.323,1.052,3,NULL,NULL,,3,1,2,7,255,1299,250,0,0
stim,242683,272804,1,272804,3470094.455,-0.749,-0.036,-0.047,-0.660,0,0,2743,0,3051,19,2999,2761,45,0.716,1,2272,0,131.411,3.024,-41.688,-122.000,-25.438,-0.090,0.184,1.367,1.480,2.637,3.180,0.092,0.096,1.323,1.052,3,NULL,NULL,,3,1,2,7,255,1299,250,0,0
stim,242683,272804,1,272804,3470099.454,-0.748,-0.041,-0.050,-0.660,0,0,2709,0,3045,0,3000,2719,45,0.716,1,2272,0,140.752,3.307,-54.375,-128.125,-20.938,-0.105,0.176,1.352,1.621,2.883,3.180,0.092,0.102,1.323,1.052,3,NULL,NULL,,3,1,2,7,255,1299,250,0,0
stim,242683,272804,1,272804,3470104.455,-0.747,-0.047,-0.053,-0.661,0,0,2671,0,3043,0,3003,2671,45,0.716,1,2272,0,148.303,3.336,-59.188,-134.750,-18.250,-0.102,0.191,1.281,1.680,2.883,3.156,0.094,0.110,1.323,1.052,3,NULL,NULL,,3,1,2,7,255,1299,250,0,0
stim,242683,272804,1,272804,3470109.454,-0.746,-0.052,-0.056,-0.661,0,0,2631,0,3035,0,3001,2619,45,0.716,1,2272,0,147.826,3.438,-44.750,-140.000,-15.813,-0.102,0.188,1.359,1.824,2.914,3.141,0.100,0.118,1.323,1.052,3,NULL,NULL,,3,1,2,7,255,1299,250,0,0
stim,242683,272804,1,272804,3470114.455,-0.746,-0.058,-0.059,-0.661,0,0,2588,0,3027,0,3001,2553,45,0.716,1,2272,0,156.378,3.666,-45.125,-149.625,-5.500,-0.125,0.098,1.473,1.824,3.180,3.141,0.108,0.126,1.323,1.052,3,NULL,NULL,,3,1,2,7,255,1299,250,0,0
stim,242683,272804,1,272804,3470119.454,-0.746,-0.064,-0.063,-0.660,0,0,2547,0,3019,0,3001,2495,45,0.716,1,2272,0,166.709,3.825,-50.375,-158.875,3.625,-0.176,0.109,1.578,1.098,3.664,4.176,0.118,0.134,1.323,1.052,3,NULL,NULL,,3,1,2,7,255,1299,250,0,0
stim,242683,272804,1,272804,3470124.455,-0.746,-0.071,-0.067,-0.659,0,0,2487,0,3005,0,2997,2409,45,0.716,1,2272,0,180.914,4.674,-56.625,-171.313,13.250,-0.234,0.145,1.641,1.098,4.543,5.043,0.130,0.144,1.323,1.052,3,NULL,NULL,,3,1,2,7,255,1299,250,0,0
stim,242683,272804,1,272804,3470129.454,-0.746,-0.078,-0.071,-0.658,0,0,2416,0,2995,0,2991,2311,45,0.716,1,2272,0,198.671,5.647,-68.313,-185.188,22.563,-0.301,0.129,1.621,1.230,5.512,5.043,0.144,0.156,1.323,1.052,3,NULL,NULL,,3,1,2,7,255,1299,250,0,0
stim,242683,272804,1,272804,3470134.455,-0.745,-0.086,-0.075,-0.657,0,0,2345,0,2979,0,2981,2199,45,0.716,1,2272,0,209.912,6.467,-70.438,-196.938,17.813,-0.328,0.125,1.633,1.238,6.348,5.039,0.158,0.168,1.323,1.052,3,NULL,NULL,,3,1,2,7,255,1299,250,0,0
stim,242713,272834,1,272834,3470139.453,-0.745,-0.095,-0.080,-0.655,0,0,2269,0,2959,0,2969,2076,45,0.716,1,2272,0,222.390,6.924,-74.563,-209.063,13.813,-0.285,0.125,1.660,1.238,6.813,5.039,0.174,0.182,1.323,1.052,3,NULL,NULL,,3,1,2,7,255,1299,250,0,0
stim,242713,272834,1,272834,3470144.455,-0.745,-0.104,-0.085,-0.654,0,0,2197,0,2935,0,2958,1943,45,0.716,1,2272,0,234.813,6.989,-72.750,-222.563,17.625,-0.313,0.090,1.754,1.238,6.879,5.188,0.194,0.198,1.323,1.052,3,NULL,NULL,,3,1,2,7,255,1299,250,0,0
stim,242713,272834,1,272834,3470149.453,-0.744,-0.113,-0.090,-0.652,0,0,2129,0,2908,0,2941,1764,45,0.716,1,2272,0,250.353,7.691,-76.688,-237.375,21.188,-0.426,0.172,1.898,1.359,7.570,5.887,0.216,0.218,1.323,1.052,3,NULL,NULL,,3,1,2,7,255,1299,250,0,0
stim,242713,272834,1,272834,3470154.455,-0.743,-0.123,-0.096,-0.651,0,0,2063,0,2872,0,2921,1623,45,0.716,1,2272,0,266.777,9.656,-88.438,-251.313,13.813,-0.457,0.328,2.008,1.832,9.480,6.672,0.242,0.238,1.323,1.052,3,NULL,NULL,,3,1,2,7,255,1299,250,0,0
stim,242713,272834,1,272834,3470159.454,-0.742,-0.134,-0.101,-0.649,0,0,1997,0,2831,0,2891,1469,45,0.716,1,2272,0,283.833,11.205,-105.125,-263.625,3.438,-0.410,0.539,2.066,3.465,10.656,7.223,0.274,0.264,1.323,1.052,3,NULL,NULL,,3,1,2,7,255,1299,250,0,0
stim,242713,272834,1,272834,3470164.455,-0.740,-0.145,-0.107,-0.648,0,0,1900,0,2781,0,2853,1316,45,0.716,1,2272,0,298.261,12.434,-113.000,-276.000,-3.813,-0.359,0.656,2.117,5.691,11.055,7.453,0.310,0.294,1.323,1.052,3,NULL,NULL,,3,1,2,7,255,1299,250,0,0
stim,242733,272854,1,272854,3470169.454,-0.738,-0.158,-0.112,-0.646,0,0,1815,0,2732,0,2797,1192,45,0.716,1,2272,0,321.367,13.305,-131.688,-293.125,3.625,-0.352,0.668,2.156,7.055,11.281,7.633,0.352,0.330,1.323,1.052,3,NULL,NULL,,3,1,2,7,255,1299,250,0,0
stim,242733,272854,1,272854,3470174.455,-0.736,-0.172,-0.118,-0.644,0,0,1723,0,2667,0,2723,1103,45,0.716,1,2272,0,345.554,13.779,-158.125,-307.063,10.813,-0.395,0.617,2.086,7.055,11.836,7.633,0.402,0.374,1.323,1.052,3,NULL,NULL,,3,1,2,7,255,1299,250,0,0
stim,242733,272854,1,272854,3470179.453,-0.734,-0.186,-0.123,-0.642,0,0,1611,0,2603,0,2643,987,45,0.716,1,2272,0,358.595,13.721,-165.813,-317.938,3.500,-0.340,0.422,1.969,6.941,11.836,6.496,0.458,0.422,1.323,1.052,3,NULL,NULL,,3,1,2,7,255,1299,250,0,0
stim,242733,272854,1,272854,3470184.455,-0.731,-0.200,-0.130,-0.640,0,0,1483,0,2505,0,2523,916,45,0.716,1,2272,0,355.005,12.918,-141.188,-325.688,-4.688,-0.281,0.145,2.059,5.238,11.809,6.496,0.514,0.474,1.323,1.052,3,NULL,NULL,,3,1,2,7,255,1299,250,0,0
stim,242779,272900,1,272900,3470189.453,-0.728,-0.214,-0.136,-0.637,0,0,1332,0,2389,0,2403,827,45,0.716,1,2272,0,362.880,12.458,-136.500,-335.938,14.000,-0.391,0.238,2.285,3.969,11.809,6.563,0.566,0.524,1.323,1.052,3,NULL,NULL,,3,1,2,7,255,1299,250,0,0
stim,242779,272900,1,272900,3470194.455,-0.725,-0.229,-0.142,-0.634,0,0,1159,0,2237,0,2215,767,45,0.716,1,2272,0,392.102,14.898,-179.313,-348.125,20.000,-0.496,0.254,2.195,3.969,14.359,6.563,0.618,0.572,1.323,1.052,3,NULL,NULL,,3,1,2,7,255,1299,250,0,0
stim,242779,272900,1,272900,3470199.454,-0.721,-0.246,-0.147,-0.630,0,0,1001,0,2055,0,1992,651,45,0.716,1,2272,0,415.592,14.898,-208.125,-359.563,10.750,-0.395,0.031,1.816,3.969,14.359,5.625,0.668,0.620,1.323,1.052,3,NULL,NULL,,3,1,2,7,255,1299,250,0,0
stim,242779,272900,1,272900,3470204.455,-0.717,-0.262,-0.154,-0.627,0,0,774,0,1861,0,1693,571,45,0.716,1,2272,0,416.774,12.995,-190.125,-370.875,2.125,-0.156,-0.203,1.461,1.844,12.863,2.895,0.724,0.678,1.323,1.052,3,NULL,NULL,,3,1,2,7,255,1299,250,0,0
stim,242779,272900,1,272900,3470209.454,-0.714,-0.277,-0.161,-0.623,0,0,540,0,1645,0,1317,477,45,0.716,1,2272,0,403.574,9.251,-135.750,-379.938,9.563,-0.070,-0.352,1.379,-0.293,9.246,1.379,0.784,0.742,1.323,1.052,3,NULL,NULL,,3,1,2,7,255,1299,250,0,0
stim,242779,272900,1,272900,3470214.455,-0.710,-0.290,-0.171,-0.619,0,0,375,0,1368,0,824,407,45,0.716,1,2272,0,388.170,9.251,-90.063,-377.563,3.375,0.020,-0.113,1.617,-0.293,9.246,1.379,0.848,0.810,1.323,1.052,3,NULL,NULL,,3,1,2,7,255,1299,250,0,0
stim,242779,272900,1,272900,3470219.453,-0.707,-0.302,-0.181,-0.614,0,0,267,0,1079,0,363,347,45,0.716,1,2272,0,379.342,9.693,-52.750,-375.625,-4.875,-0.020,-0.016,2.094,1.211,9.617,2.715,0.922,0.888,1.323,1.052,3,NULL,NULL,,3,1,2,7,255,1299,250,0,0
stim,242779,272900,1,272900,3470224.455,-0.704,-0.314,-0.190,-0.608,0,0,169,0,751,0,148,283,45,0.716,1,2272,0,394.372,13.627,-74.625,-386.625,21.938,-0.254,-0.051,2.445,2.465,13.402,5.422,1.004,0.972,1.323,1.052,3,NULL,NULL,,3,1,2,7,255,1299,250,0,0
stim,242779,272900,1,272900,3470229.453,-0.700,-0.330,-0.197,-0.602,0,0,91,0,395,0,0,173,45,0.716,1,2272,0,418.102,18.139,-140.500,-389.938,54.938,-0.363,-0.008,2.398,2.699,17.938,5.422,1.090,1.062,1.323,1.052,3,NULL,NULL,,3,1,2,7,255,1299,250,0,0
stim,242779,272900,1,272900,3470234.455,-0.696,-0.347,-0.202,-0.596,0,0,93,0,169,0,0,151,45,0.716,1,2272,0,446.914,18.139,-220.250,-383.188,66.250,-0.434,0.344,1.953,2.699,17.938,4.242,1.182,1.154,1.323,1.052,3,NULL,NULL,,3,1,2,7,255,1299,250,0,0
stim,242808,272929,1,272929,3470239.454,-0.690,-0.365,-0.205,-0.590,0,0,100,0,0,0,0,111,45,0.716,1,2272,0,455.031,17.680,-259.563,-369.500,56.125,-0.441,0.754,1.441,5.398,16.836,-0.828,1.274,1.244,1.323,1.052,3,NULL,NULL,,3,1,2,7,255,1299,250,0,0
stim,242808,272929,1,272929,3470244.455,-0.684,-0.382,-0.208,-0.585,0,0,99,0,0,0,0,79,45,0.716,1,2272,0,447.074,15.953,-270.500,-351.750,54.563,-0.434,1.223,1.191,8.555,13.465,-5.910,1.364,1.334,1.323,1.052,4,NULL,NULL,,3,1,2,7,255,1299,250,0,0
stim,242808,272929,1,272929,3470249.454,-0.678,-0.400,-0.210,-0.581,0,0,89,0,0,0,0,51,45,0.716,1,2272,0,434.633,17.191,-280.250,-330.250,36.063,-0.504,1.277,1.156,12.621,11.672,-9.363,1.452,1.420,1.323,1.052,0,NULL,NULL,,3,1,2,7,255,1299,250,0,0
stim,242808,272929,1,272929,3470254.455,-0.671,-0.417,-0.211,-0.577,0,0,89,0,0,0,0,25,45,0.716,1,2272,0,430.160,17.191,-294.063,-312.063,34.375,-0.719,0.945,1.215,12.621,11.672,-10.867,1.542,1.510,1.323,1.052,0,NULL,NULL,,3,1,2,7,255,1299,250,0,0
stim,242808,272929,1,272929,3470259.454,-0.663,-0.434,-0.209,-0.573,0,0,91,0,0,0,0,37,45,0.716,1,2272,0,451.764,16.258,-346.250,-286.188,47.938,-0.832,0.758,1.113,9.605,13.117,-11.652,1.636,1.600,1.323,1.052,0,NULL,NULL,,3,1,2,7,255,1299,250,0,0
stim,242808,272929,0,272929,3470264.455,-0.653,-0.452,-0.206,-0.571,0,0,92,0,0,0,0,54,45,0.716,1,2272,0,465.575,15.110,-394.938,-246.500,4.750,-0.520,0.559,0.660,7.500,13.117,-12.648,1.738,1.700,1.323,1.052,0,NULL,NULL,,3,0,2,7,255,1293,250,0,0
stim,242856,272977,0,272977,3470269.453,-0.643,-0.466,-0.204,-0.572,0,0,95,0,0,0,0,91,45,0.716,1,2272,0,406.698,9.380,-349.563,-199.375,-58.813,-0.160,-0.066,0.457,5.414,7.660,-12.648,1.844,1.804,1.323,1.052,0,NULL,NULL,,3,0,2,7,255,1293,250,0,0
stim,242856,272977,0,272977,3470274.455,-0.635,-0.477,-0.203,-0.572,0,0,103,0,0,0,0,110,45,0.716,1,2272,0,308.159,5.826,-258.813,-155.000,-62.875,-0.070,-0.543,0.586,0.266,5.820,-8.699,1.950,1.906,1.323,1.052,0,NULL,NULL,,3,0,2,7,255,1293,250,0,0
stim,242856,272977,0,272977,3470279.454,-0.629,-0.486,-0.202,-0.573,0,0,99,0,0,0,0,108,45,0.716,1,2272,0,257.435,5.870,-226.688,-115.500,-39.313,-0.199,-0.348,0.902,-0.762,5.820,-6.223,2.042,1.998,1.323,1.052,0,NULL,NULL,,3,0,2,7,255,1293,250,0,0
stim,242856,272977,0,272977,3470284.455,-0.621,-0.494,-0.198,-0.575,0,0,103,0,0,0,0,115,45,0.716,1,2272,0,273.738,7.057,-263.063,-63.188,-41.688,-0.277,0.137,0.719,-0.762,7.016,-6.223,2.108,2.062,1.323,1.052,0,NULL,NULL,,3,0,2,7,255,1293,250,0,0
stim,242877,272998,0,272998,3470289.453,-0.614,-0.502,-0.192,-0.578,0,0,101,0,0,0,0,115,45,0.716,1,2272,0,281.826,7.577,-277.813,-6.563,-46.938,-0.164,0.492,0.031,2.863,7.016,-9.590,2.148,2.102,1.323,1.052,0,NULL,NULL,,3,0,2,7,255,1293,250,0,0
stim,242877,272998,0,272998,3470294.455,-0.608,-0.506,-0.186,-0.582,0,0,91,0,0,0,0,107,45,0.716,1,2272,0,234.788,3.556,-226.813,45.125,-40.563,-0.078,0.641,-0.445,3.555,0.098,-12.969,2.140,2.094,1.323,1.052,0,NULL,NULL,,3,0,2,7,255,1293,250,0,0
stim,242877,272998,0,272998,3470299.453,-0.605,-0.507,-0.181,-0.586,0,0,85,0,0,0,0,105,45,0.716,1,2272,0,167.817,5.843,-138.250,90.500,-29.313,-0.035,0.391,-0.504,3.555,-4.637,-13.691,2.112,2.068,1.323,1.052,0,NULL,NULL,,3,0,2,7,255,1293,250,0,0
stim,242877,272998,0,272998,3470304.455,-0.604,-0.506,-0.176,-0.590,0,0,79,0,0,0,0,105,45,0.716,1,2272,0,143.783,4.796,-69.063,125.625,-11.063,-0.121,0.059,-0.215,1.227,-4.637,-13.691,2.076,2.032,1.323,1.052,0,NULL,NULL,,3,0,2,7,255,1293,250,0,0
stim,242877,272998,0,272998,3470309.454,-0.604,-0.503,-0.171,-0.594,0,0,76,0,0,0,0,95,45,0.716,1,2272,0,159.704,1.465,-44.500,153.375,-1.063,-0.258,-0.031,0.035,-0.738,-1.266,-11.910,2.036,1.992,1.323,1.052,0,NULL,NULL,,3,0,2,7,255,1293,250,0,0
stim,242877,272998,0,272998,3470314.455,-0.605,-0.499,-0.165,-0.598,0,0,77,0,0,0,0,87,45,0.716,1,2272,0,179.093,1.828,-36.500,175.313,2.750,-0.316,0.012,0.047,-0.738,1.672,-11.910,2.000,1.956,1.323,1.052,0,NULL,NULL,,3,0,2,7,255,1293,250,0,0
stim,242899,273020,0,273020,3470319.454,-0.606,-0.495,-0.160,-0.602,0,0,75,0,0,0,0,75,45,0.716,1,2272,0,191.841,1.752,-15.188,191.000,9.563,-0.340,0.105,-0.020,-0.523,1.672,-12.145,1.970,1.926,1.323,1.052,0,NULL,NULL,,3,0,2,7,255,1293,250,0,0
stim,242899,273020,0,273020,3470324.455,-0.608,-0.489,-0.155,-0.606,0,0,63,0,0,0,0,73,45,0.716,1,2272,0,204.403,1.965,16.750,203.125,15.500,-0.383,0.188,0.031,-0.012,1.965,-12.965,1.956,1.912,1.323,1.052,0,NULL,NULL,,3,0,2,7,255,1293,250,0,0
stim,242899,273020,0,273020,3470329.453,-0.610,-0.482,-0.150,-0.610,0,0,68,0,0,0,0,60,45,0.716,1,2272,0,218.744,2.132,40.625,214.125,18.688,-0.441,0.234,0.191,0.828,1.965,-13.207,1.964,1.916,1.323,1.052,0,NULL,NULL,,3,0,2,7,255,1293,250,0,0
stim,242899,273020,0,273020,3470334.455,-0.613,-0.475,-0.145,-0.614,0,0,58,0,0,0,0,59,45,0.716,1,2272,0,230.190,3.895,49.875,224.250,14.563,-0.512,0.266,0.340,1.824,3.441,-13.207,1.978,1.930,1.323,1.052,0,NULL,NULL,,3,0,2,7,255,1293,250,0,0
stim,242899,273020,0,273020,3470339.453,-0.616,-0.467,-0.140,-0.619,0,0,57,0,0,0,0,53,45,0.716,1,2272,0,238.608,5.602,53.188,232.438,8.813,-0.508,0.262,0.438,2.625,4.949,-13.094,2.004,1.952,1.323,1.052,0,NULL,NULL,,3,0,2,7,255,1293,250,0,0
stim,242899,273020,0,273020,3470344.455,-0.618,-0.459,-0.135,-0.623,0,0,58,0,0,0,0,35,45,0.716,1,2272,0,245.879,6.447,56.625,239.125,8.313,-0.527,0.258,0.512,3.043,5.684,-12.422,2.038,1.984,1.323,1.052,0,NULL,NULL,,3,0,2,7,255,1293,250,0,0
stim,242899,273020,0,273020,3470349.454,-0.621,-0.451,-0.130,-0.628,0,0,59,0,0,0,0,28,45,0.716,1,2272,0,251.323,7.221,58.688,244.375,0.125,-0.621,0.273,0.637,3.355,6.395,-12.031,2.076,2.018,1.323,1.052,0,NULL,NULL,,3,0,2,7,255,1293,250,0,0
stim,242899,273020,0,273020,3470354.455,-0.622,-0.443,-0.126,-0.633,0,0,55,0,0,0,0,29,45,0.716,1,2272,0,252.777,8.768,50.375,246.938,-19.500,-0.652,0.273,0.805,3.910,7.848,-11.934,2.116,2.056,1.323,1.052,0,NULL,NULL,,3,0,2,7,255,1293,250,0,0
stim,242928,273049,0,273049,3470359.454,-0.623,-0.435,-0.121,-0.639,0,0,50,0,0,0,0,27,45,0.716,1,2272,0,253.408,10.338,32.625,248.438,-37.813,-0.598,0.289,0.910,4.625,9.246,-11.063,2.158,2.096,1.323,1.052,0,NULL,NULL,,3,0,2,7,255,1293,250,0,0
stim,242928,273049,0,273049,3470364.455,-0.623,-0.427,-0.115,-0.645,0,0,50,0,0,0,0,33,45,0.716,1,2272,0,255.286,10.939,10.813,250.500,-48.000,-0.551,0.313,0.973,5.410,9.508,-9.918,2.202,2.136,1.323,1.052,0,NULL,NULL,,3,0,2,7,255,1293,250,0,0
stim,242928,273049,0,273049,3470369.453,-0.622,-0.420,-0.109,-0.652,0,0,48,0,0,0,0,42,45,0.716,1,2272,0,260.622,11.174,-13.563,253.125,-60.563,-0.539,0.285,0.957,5.871,9.508,-9.094,2.246,2.178,1.323,1.052,0,NULL,NULL,,3,0,2,7,255,1293,250,0,0
stim,242928,273049,0,273049,3470374.455,-0.620,-0.413,-0.103,-0.659,0,0,43,0,0,0,0,46,45,0.716,1,2272,0,271.488,11.082,-32.375,258.188,-77.438,-0.496,0.316,0.914,6.031,9.297,-8.801,2.290,2.218,1.323,1.052,0,NULL,NULL,,3,0,2,7,255,1293,250,0,0
stim,242928,273049,0,273049,3470379.453,-0.618,-0.406,-0.096,-0.666,0,0,39,0,0,0,0,44,45,0.716,1,2272,0,283.666,10.397,-39.875,265.375,-91.938,-0.434,0.281,0.898,5.926,8.543,-8.703,2.334,2.258,1.323,1.052,0,NULL,NULL,,3,0,2,7,255,1293,250,0,0
stim,242928,273049,0,273049,3470384.455,-0.615,-0.399,-0.090,-0.674,0,0,29,0,0,0,0,46,45,0.716,1,2272,0,298.950,9.896,-49.438,275.313,-105.500,-0.336,0.250,0.848,5.926,7.926,-8.066,2.374,2.296,1.323,1.052,0,NULL,NULL,,3,0,2,7,255,1293,250,0,0
stim,242982,273103,0,273103,3470389.454,-0.611,-0.392,-0.083,-0.683,0,0,25,0,0,0,0,52,45,0.716,1,2272,0,317.678,9.019,-55.875,289.813,-117.500,-0.242,0.277,0.813,5.855,6.859,-7.465,2.412,2.330,1.323,1.052,0,NULL,NULL,,3,0,2,7,255,1293,250,0,0
stim,242982,273103,0,273103,3470394.455,-0.607,-0.384,-0.075,-0.692,0,0,25,0,0,0,0,57,45,0.716,1,2272,0,332.758,8.013,-53.563,303.313,-125.938,-0.152,0.258,0.766,5.621,5.711,-7.051,2.446,2.362,1.323,1.052,0,NULL,NULL,,3,0,2,7,255,1293,250,0,0
stim,242982,273103,0,273103,3470399.453,-0.603,-0.375,-0.068,-0.701,0,0,21,0,0,0,0,57,45,0.716,1,2272,0,343.647,7.486,-50.313,317.250,-122.125,-0.133,0.344,0.695,5.855,4.664,-7.051,2.478,2.390,1.323,1.052,0,NULL,NULL,,3,0,2,7,255,1293,250,0,0
stim,242982,273103,0,273103,3470404.455,-0.599,-0.366,-0.060,-0.710,0,0,21,0,0,0,0,62,45,0.716,1,2272,0,356.387,7.082,-34.625,329.250,-131.938,-0.137,0.305,0.727,5.953,3.836,-6.641,2.506,2.414,1.323,1.052,0,NULL,NULL,,3,0,2,7,255,1293,250,0,0
stim,242982,273103,0,273103,3470409.454,-0.595,-0.356,-0.053,-0.719,0,0,21,0,0,0,0,62,45,0.716,1,2272,0,367.049,7.135,-28.563,340.000,-135.313,0.035,0.414,0.699,6.105,3.691,-6.641,2.532,2.438,1.323,1.052,0,NULL,NULL,,3,0,2,7,255,1293,250,0,0
stim,242982,273103,0,273103,3470414.455,-0.591,-0.345,-0.046,-0.728,0,0,23,0,0,0,0,70,45,0.716,1,2272,0,373.001,6.692,-10.625,349.125,-130.875,0.113,0.379,0.719,6.445,1.801,-6.117,2.558,2.462,1.323,1.052,0,NULL,NULL,,3,0,2,7,255,1293,250,0,0
stim,242982,273103,0,273103,3470419.454,-0.588,-0.333,-0.039,-0.736,0,0,22,0,0,0,0,71,45,0.716,1,2272,0,373.756,6.804,3.938,353.563,-121.125,0.191,0.441,0.727,6.707,1.145,-5.285,2.586,2.486,1.323,1.052,0,NULL,NULL,,3,0,2,7,255,1293,250,0,0
stim,242982,273103,0,273103,3470424.455,-0.584,-0.321,-0.032,-0.744,0,0,21,0,0,0,0,75,45,0.716,1,2272,0,373.670,6.467,21.938,356.688,-109.188,0.156,0.363,0.754,6.445,0.527,-4.918,2.616,2.512,1.323,1.052,0,NULL,NULL,,3,0,2,7,255,1293,250,0,0
stim,242982,273103,0,273103,3470429.454,-0.582,-0.308,-0.026,-0.752,0,0,21,0,0,0,0,71,45,0.716,1,2272,0,370.843,6.358,39.813,355.125,-99.125,0.137,0.328,0.801,6.336,0.527,-4.496,2.646,2.540,1.323,1.052,0,NULL,NULL,,3,0,2,7,255,1293,250,0,0
stim,242982,273103,0,273103,3470434.455,-0.579,-0.295,-0.021,-0.759,0,0,19,0,0,0,0,75,45,0.716,1,2272,0,371.314,6.289,56.000,353.813,-97.750,0.086,0.320,0.836,6.242,0.766,-4.012,2.682,2.570,1.323,1.052,0,NULL,NULL,,3,0,2,7,255,1293,250,0,0
stim,243022,273143,0,273143,3470439.453,-0.577,-0.282,-0.016,-0.766,0,0,21,0,0,0,0,77,45,0.716,1,2272,0,369.537,6.289,75.063,350.938,-88.125,0.125,0.457,0.949,6.242,0.766,-3.801,2.718,2.604,1.323,1.052,0,NULL,NULL,,3,0,2,7,255,1293,250,0,0
stim,243022,273143,0,273143,3470444.455,-0.575,-0.268,-0.011,-0.773,0,0,17,0,0,0,0,90,45,0.716,1,2272,0,372.267,7.767,88.875,349.813,-91.188,0.121,0.438,1.074,7.734,0.711,-2.992,2.754,2.638,1.323,1.052,0,NULL,NULL,,3,0,2,7,255,1293,250,0,0
stim,243022,273143,0,273143,3470449.453,-0.573,-0.254,-0.007,-0.779,0,0,21,0,0,0,0,86,45,0.716,1,2272,0,371.773,8.002,97.813,349.938,-78.688,0.195,0.512,1.238,7.988,0.465,-1.758,2.794,2.672,1.323,1.052,0,NULL,NULL,,3,0,2,7,255,1293,250,0,0
stim,243022,273143,0,273143,3470454.455,-0.571,-0.239,-0.002,-0.785,0,0,17,0,0,0,0,85,45,0.716,1,2272,0,375.689,8.723,98.938,353.000,-82.125,0.164,0.445,1.352,8.711,0.465,-0.117,2.832,2.706,1.323,1.052,0,NULL,NULL,,3,0,2,7,255,1293,250,0,0
stim,243022,273143,0,273143,3470459.454,-0.570,-0.225,0.002,-0.791,0,0,19,0,0,0,0,85,45,0.716,1,2272,0,374.545,8.973,97.500,355.313,-67.313,0.172,0.512,1.449,8.973,0.047,1.125,2.870,2.742,1.323,1.052,0,NULL,NULL,,3,0,2,7,255,1293,250,0,0
stim,243022,273143,0,273143,3470464.455,-0.568,-0.210,0.007,-0.796,0,0,17,0,0,0,0,86,45,0.716,1,2272,0,378.830,9.431,95.000,359.625,-71.813,0.113,0.527,1.547,9.426,0.316,2.004,2.908,2.774,1.323,1.052,0,NULL,NULL,,3,0,2,7,255,1293,250,0,0
stim,243022,273143,0,273143,3470469.454,-0.566,-0.195,0.012,-0.801,0,0,14,0,0,0,0,87,45,0.716,1,2272,0,377.953,9.805,88.625,361.313,-66.688,0.098,0.555,1.613,9.805,0.082,2.809,2.944,2.804,1.323,1.052,0,NULL,NULL,,3,0,2,7,255,1293,250,0,0
stim,243022,273143,0,273143,3470474.455,-0.563,-0.181,0.017,-0.806,0,0,19,0,0,0,0,83,45,0.716,1,2272,0,377.579,10.094,80.500,362.063,-70.688,0.074,0.555,1.680,10.094,0.082,3.492,2.978,2.834,1.323,1.052,0,NULL,NULL,,3,0,2,7,255,1293,250,0,0
stim,243048,273169,0,273169,3470479.453,-0.560,-0.166,0.023,-0.811,0,0,23,0,0,0,0,85,45,0.716,1,2272,0,375.073,10.121,68.063,361.750,-72.000,0.070,0.594,1.715,10.121,-0.051,4.242,3.010,2.862,1.323,1.052,0,NULL,NULL,,3,0,2,7,255,1293,250,0,0
stim,243048,273169,0,273169,3470484.455,-0.557,-0.152,0.029,-0.816,0,0,20,0,0,0,0,87,45,0.716,1,2272,0,368.884,10.138,56.000,357.188,-73.188,0.070,0.555,1.691,10.121,-0.582,4.625,3.040,2.884,1.323,1.052,0,NULL,NULL,,3,0,2,7,255,1293,250,0,0
stim,243080,273201,0,273201,3470489.453,-0.554,-0.139,0.035,-0.820,0,0,18,0,0,0,0,89,45,0.716,1,2272,0,363.161,9.695,50.125,351.938,-74.250,0.086,0.559,1.703,9.648,-0.953,4.668,3.066,2.906,1.323,1.052,0,NULL,NULL,,3,0,2,7,255,1293,250,0,0
stim,243080,273201,0,273201,3470494.455,-0.550,-0.126,0.042,-0.824,0,0,21,0,0,0,0,89,45,0.716,1,2272,0,358.878,9.542,40.625,347.438,-80.188,0.133,0.570,1.645,9.414,-1.559,4.668,3.092,2.926,1.323,1.052,0,NULL,NULL,,3,0,2,7,255,1293,250,0,0
stim,243080,273201,0,273201,3470499.454,-0.547,-0.113,0.048,-0.828,0,0,21,0,0,0,0,93,45,0.716,1,2272,0,350.293,9.280,43.063,340.125,-71.875,0.168,0.504,1.598,8.926,-2.539,4.516,3.114,2.942,1.323,1.052,0,NULL,NULL,,3,0,2,7,255,1293,250,0,0
stim,243080,273201,0,273201,3470504.455,-0.544,-0.100,0.054,-0.832,0,0,19,0,0,0,0,90,45,0.716,1,2272,0,347.033,8.725,44.313,336.375,-72.938,0.176,0.582,1.574,8.180,-3.035,4.352,3.136,2.958,1.323,1.052,0,NULL,NULL,,3,0,2,7,255,1293,250,0,0
stim,243080,273201,0,273201,3470509.454,-0.540,-0.087,0.060,-0.835,0,0,25,0,0,0,0,97,45,0.716,1,2272,0,342.400,8.823,49.563,331.563,-69.625,0.191,0.598,1.543,7.934,-3.859,4.004,3.156,2.972,1.323,1.052,0,NULL,NULL,,3,0,2,7,255,1293,250,0,0
stim,243080,273201,0,273201,3470514.455,-0.537,-0.074,0.065,-0.838,0,0,20,0,0,0,0,98,45,0.716,1,2272,0,337.791,9.104,58.938,327.188,-59.813,0.215,0.617,1.523,7.934,-4.465,3.703,3.174,2.986,1.323,1.052,0,NULL,NULL,,3,0,2,7,255,1293,250,0,0
stim,243080,273201,0,273201,3470519.454,-0.533,-0.061,0.070,-0.841,0,0,25,0,0,0,0,103,45,0.716,1,2272,0,337.077,9.220,69.938,324.375,-59.250,0.242,0.586,1.508,7.664,-5.125,3.539,3.192,2.998,1.323,1.052,0,NULL,NULL,,3,0,2,7,255,1293,250,0,0
stim,243080,273201,0,273201,3470524.455,-0.531,-0.047,0.074,-0.843,0,0,23,0,0,0,0,104,45,0.716,1,2272,0,334.531,8.945,85.625,320.063,-46.250,0.223,0.547,1.516,6.992,-5.578,3.539,3.210,3.008,1.323,1.052,0,NULL,NULL,,3,0,2,7,255,1293,250,0,0
stim,243080,273201,0,273201,3470529.454,-0.528,-0.033,0.077,-0.845,0,0,23,0,0,0,0,107,45,0.716,1,2272,0,334.007,8.974,101.313,316.313,-35.250,0.168,0.625,1.586,6.992,-5.625,3.617,3.224,3.018,1.323,1.052,0,NULL,NULL,,3,0,2,7,255,1293,250,0,0
stim,243080,273201,0,273201,3470534.455,-0.525,-0.019,0.080,-0.847,0,0,23,0,0,0,0,112,45,0.716,1,2272,0,334.759,9.112,115.938,312.000,-35.750,0.152,0.625,1.660,6.988,-5.848,4.172,3.240,3.026,1.323,1.052,0,NULL,NULL,,3,0,2,7,255,1293,250,0,0
stim,243112,273233,0,273233,3470539.454,-0.523,-0.005,0.082,-0.848,0,0,25,0,0,0,0,121,45,0.716,1,2272,0,333.824,9.311,129.125,306.500,-28.688,0.180,0.609,1.734,6.988,-6.152,4.918,3.256,3.036,1.323,1.052,0,NULL,NULL,,3,0,2,7,255,1293,250,0,0
stim,243112,273233,0,273233,3470544.455,-0.521,0.009,0.084,-0.850,0,0,25,0,0,0,0,121,45,0.716,1,2272,0,333.193,9.471,138.750,302.188,-21.188,0.172,0.664,1.828,6.668,-6.727,5.703,3.268,3.044,1.323,1.052,0,NULL,NULL,,3,0,2,7,255,1293,250,0,0
stim,243112,273233,0,273233,3470549.453,-0.519,0.023,0.085,-0.850,0,0,27,0,0,0,0,119,45,0.716,1,2272,0,333.073,9.808,148.500,297.563,-18.500,0.168,0.660,1.926,6.457,-7.383,6.523,3.282,3.052,1.323,1.052,0,NULL,NULL,,3,0,2,7,255,1293,250,0,0
stim,243112,273233,0,273233,3470554.455,-0.516,0.038,0.086,-0.851,0,0,27,0,0,0,0,122,45,0.716,1,2272,0,331.566,10.044,155.000,292.750,-14.438,0.188,0.609,2.008,6.293,-7.828,7.484,3.294,3.058,1.323,1.052,0,NULL,NULL,,3,0,2,7,255,1293,250,0,0
stim,243112,273233,0,273233,3470559.454,-0.514,0.052,0.087,-0.852,0,0,23,0,0,0,0,125,45,0.716,1,2272,0,328.387,9.831,154.000,289.813,-11.438,0.223,0.629,2.031,5.359,-8.242,8.340,3.304,3.062,1.323,1.052,0,NULL,NULL,,3,0,2,7,255,1293,250,0,0
stim,243112,273233,0,273233,3470564.455,-0.512,0.066,0.087,-0.852,0,0,24,0,0,0,0,127,45,0.716,1,2272,0,326.946,10.264,156.750,286.813,-7.875,0.281,0.641,1.992,4.914,-9.012,8.340,3.314,3.068,1.323,1.052,0,NULL,NULL,,3,0,2,7,255,1293,250,0,0
stim,243139,273260,0,273260,3470569.454,-0.510,0.080,0.087,-0.852,0,0,25,0,0,0,0,137,45,0.716,1,2272,0,329.106,10.681,168.938,282.438,-0.063,0.348,0.594,1.992,4.281,-9.785,7.941,3.324,3.074,1.323,1.052,0,NULL,NULL,,3,0,2,7,255,1293,250,0,0
stim,243139,273260,0,273260,3470574.455,-0.508,0.094,0.087,-0.851,0,0,23,0,0,0,0,137,45,0.716,1,2272,0,330.181,10.874,178.125,277.875,8.750,0.445,0.574,1.988,3.102,-10.422,7.773,3.332,3.078,1.323,1.052,0,NULL,NULL,,3,0,2,7,255,1293,250,0,0
stim,243139,273260,0,273260,3470579.453,-0.507,0.109,0.086,-0.851,0,0,24,0,0,0,0,142,45,0.716,1,2272,0,329.751,11.580,183.625,273.125,20.500,0.590,0.551,1.863,1.996,-11.406,7.441,3.342,3.084,1.323,1.052,0,NULL,NULL,,3,0,2,7,255,1293,250,0,0
stim,243139,273260,0,273260,3470584.455,-0.506,0.123,0.084,-0.849,0,0,23,0,0,0,0,150,45,0.716,1,2272,0,338.158,12.439,203.063,267.188,41.563,0.715,0.457,1.727,0.715,-12.418,5.781,3.354,3.092,1.323,1.052,0,NULL,NULL,,3,0,2,7,255,1293,250,0,0
stim,243177,273298,0,273298,3470589.453,-0.506,0.138,0.081,-0.847,0,0,26,0,0,0,0,150,45,0.716,1,2272,0,357.934,12.833,236.750,259.875,67.313,0.734,0.395,1.727,-0.969,-12.797,4.039,3.362,3.096,1.323,1.052,0,NULL,NULL,,3,0,2,7,255,1293,250,0,0
stim,243177,273298,0,273298,3470594.455,-0.506,0.154,0.076,-0.845,0,0,24,0,0,0,0,149,45,0.716,1,2272,0,377.496,13.000,266.688,253.438,84.563,0.730,0.438,1.855,-2.035,-12.840,4.039,3.370,3.100,1.323,1.052,0,NULL,NULL,,3,0,2,7,255,1293,250,0,0
stim,243177,273298,0,273298,3470599.454,-0.507,0.170,0.071,-0.842,0,0,27,0,0,0,0,155,45,0.716,1,2272,0,390.020,13.676,285.313,248.750,94.000,0.785,0.520,2.012,-2.258,-13.488,4.883,3.374,3.102,1.323,1.052,0,NULL,NULL,,3,0,2,7,255,1293,250,0,0
stim,243177,273298,0,273298,3470604.455,-0.507,0.186,0.065,-0.839,0,0,23,0,0,0,0,153,45,0.716,1,2272,0,396.280,15.115,293.125,243.688,108.313,0.879,0.551,2.141,-2.570,-14.895,5.949,3.374,3.098,1.323,1.052,0,NULL,NULL,,3,0,2,7,255,1293,250,0,0
stim,243177,273298,0,273298,3470609.454,-0.509,0.201,0.059,-0.835,0,0,25,0,0,0,0,175,45,0.716,1,2272,0,397.534,16.641,291.125,237.750,129.438,0.941,0.492,2.207,-3.496,-16.270,6.605,3.370,3.092,1.323,1.052,0,NULL,NULL,,3,0,2,7,255,1293,250,0,0
stim,243177,273298,0,273298,3470614.455,-0.511,0.216,0.052,-0.830,0,0,22,0,0,0,0,223,45,0.716,1,2272,0,396.093,17.080,284.000,231.563,150.375,0.945,0.379,2.191,-4.949,-16.348,6.605,3.364,3.082,1.323,1.052,0,NULL,NULL,,3,0,2,7,255,1293,250,0,0
stim,243199,273320,0,273320,3470619.453,-0.513,0.231,0.046,-0.825,0,0,24,0,0,0,0,236,45,0.716,1,2272,0,393.845,17.545,277.813,224.313,166.188,0.910,0.285,2.125,-6.371,-16.348,6.168,3.352,3.068,1.323,1.052,0,NULL,NULL,,3,0,2,7,255,1293,250,0,0
stim,243199,273320,0,273320,3470624.455,-0.516,0.246,0.039,-0.820,0,0,24,0,0,0,0,281,45,0.716,1,2272,0,391.302,17.190,275.188,215.438,176.000,0.906,0.211,2.035,-7.309,-15.559,5.320,3.338,3.052,1.323,1.052,0,NULL,NULL,,3,0,2,7,255,1293,250,0,0
stim,243199,273320,0,273320,3470629.453,-0.519,0.260,0.032,-0.814,0,0,23,0,0,0,0,329,45,0.716,1,2272,0,390.090,16.991,275.875,205.500,183.938,0.930,0.105,1.957,-8.055,-14.961,4.172,3.320,3.034,1.323,1.052,0,NULL,NULL,,3,0,2,7,255,1293,250,0,0
stim,243199,273320,0,273320,3470634.455,-0.522,0.273,0.025,-0.807,0,0,24,0,0,0,0,343,45,0.716,1,2272,0,389.972,17.136,277.750,193.875,193.250,0.938,-0.070,1.902,-9.125,-14.504,2.898,3.302,3.014,1.323,1.052,0,NULL,NULL,,3,0,2,7,255,1293,250,0,0
stim,243199,273320,0,273320,3470639.454,-0.526,0.286,0.017,-0.801,0,0,26,0,0,0,0,359,45,0.716,1,2272,0,385.984,17.416,274.438,180.375,202.813,0.871,-0.305,1.816,-10.754,-13.699,1.703,3.280,2.992,1.323,1.052,0,NULL,NULL,,3,0,2,7,255,1293,250,0,0
stim,243199,273320,0,273320,3470644.455,-0.529,0.299,0.009,-0.794,0,0,26,0,0,0,0,379,45,0.716,1,2272,0,378.260,17.270,269.438,163.875,208.875,0.754,-0.609,1.656,-12.477,-11.941,0.391,3.256,2.968,1.323,1.052,0,NULL,NULL,,3,0,2,7,255,1293,250,0,0
stim,243199,273320,0,273320,3470649.453,-0.532,0.310,-0.000,-0.788,0,0,26,0,0,0,0,383,45,0.716,1,2272,0,375.324,17.018,279.438,145.750,203.813,0.633,-0.891,1.539,-14.289,-9.242,-1.563,3.232,2.944,1.323,1.052,0,NULL,NULL,,3,0,2,7,255,1293,250,0,0
stim,243199,273320,0,273320,3470654.455,-0.534,0.322,-0.010,-0.782,0,0,29,0,0,0,0,380,45,0.716,1,2272,0,379.649,17.385,306.125,127.625,184.750,0.555,-1.008,1.648,-16.012,-6.773,-2.836,3.206,2.920,1.323,1.052,0,NULL,NULL,,3,0,2,7,255,1293,250,0,0
stim,243230,273351,0,273351,3470659.454,-0.535,0.333,-0.020,-0.776,0,0,30,0,0,0,0,393,45,0.716,1,2272,0,376.226,18.794,324.375,111.438,154.625,0.563,-0.891,2.016,-17.531,-6.773,-2.836,3.180,2.894,1.323,1.052,0,NULL,NULL,,3,0,2,7,255,1293,250,0,0
stim,243230,273351,0,273351,3470664.455,-0.534,0.344,-0.030,-0.772,0,0,29,0,0,0,0,403,45,0.716,1,2272,0,345.562,20.205,308.000,99.313,121.188,0.691,-0.688,2.465,-18.656,-7.758,-0.168,3.152,2.868,1.323,1.052,0,NULL,NULL,,3,0,2,7,255,1293,250,0,0
stim,243230,273351,0,273351,3470669.454,-0.534,0.353,-0.038,-0.768,0,0,31,0,0,0,0,415,45,0.716,1,2272,0,285.587,22.788,254.000,91.625,93.000,0.859,-0.586,2.766,-19.918,-11.070,2.848,3.124,2.840,1.323,1.052,0,NULL,NULL,,3,0,2,7,255,1293,250,0,0
stim,243230,273351,0,273351,3470674.455,-0.533,0.360,-0.043,-0.764,0,0,31,0,0,0,0,429,45,0.716,1,2272,0,211.484,25.444,180.125,86.063,69.813,1.012,-0.555,2.805,-21.379,-13.797,3.488,3.094,2.810,1.323,1.052,0,NULL,NULL,,3,0,2,7,255,1293,250,0,0
stim,243230,273351,0,273351,3470679.454,-0.533,0.365,-0.045,-0.762,0,0,31,0,0,0,0,441,45,0.716,1,2272,0,147.607,26.299,115.188,80.625,44.938,1.141,-0.484,2.621,-21.379,-15.316,3.488,3.062,2.780,1.323,1.052,0,NULL,NULL,,3,0,2,7,255,1293,250,0,0
stim,243230,273351,0,273351,3470684.455,-0.533,0.369,-0.046,-0.760,0,0,27,0,0,0,0,457,45,0.716,1,2272,0,85.781,26.405,44.000,71.750,16.563,1.340,-0.559,2.508,-20.922,-16.109,1.516,3.028,2.748,1.323,1.052,0,NULL,NULL,,3,0,2,7,255,1293,250,0,0
stim,243283,273404,0,273404,3470689.453,-0.532,0.371,-0.044,-0.760,0,0,27,0,0,0,0,471,45,0.716,1,2272,0,64.183,26.405,-7.500,61.000,-18.500,1.516,-0.859,2.059,-20.922,-16.109,-0.809,2.992,2.716,1.323,1.052,0,NULL,NULL,,3,0,2,7,255,1293,250,0,0
stim,243283,273404,0,273404,3470694.455,-0.532,0.371,-0.041,-0.760,0,0,22,0,0,0,0,482,45,0.716,1,2272,0,51.661,27.057,-21.500,42.563,-19.875,1.930,-0.930,1.750,-20.922,-17.156,-6.359,2.956,2.680,1.323,1.052,0,NULL,NULL,,3,0,2,7,255,1293,250,0,0
stim,243283,273404,0,273404,3470699.453,-0.533,0.371,-0.040,-0.759,0,0,16,0,0,0,0,477,45,0.716,1,2272,0,37.200,27.203,-31.250,20.063,2.188,1.953,-0.777,1.613,-20.344,-18.059,-11.047,2.916,2.644,1.323,1.052,0,NULL,NULL,,3,0,2,7,255,1293,250,0,0
stim,243283,273404,0,273404,3470704.455,-0.533,0.370,-0.039,-0.759,0,0,19,0,0,0,0,475,45,0.716,1,2272,0,36.342,25.749,-35.313,-5.063,6.938,1.844,-0.715,1.512,-18.355,-18.059,-11.352,2.876,2.606,1.323,1.052,0,NULL,NULL,,3,0,2,7,255,1293,250,0,0
stim,243283,273404,0,273404,3470709.454,-0.534,0.369,-0.039,-0.760,0,0,21,0,0,0,0,457,45,0.716,1,2272,0,45.992,24.452,-35.313,-28.938,5.563,1.715,-0.727,1.383,-17.102,-17.477,-11.508,2.836,2.568,1.323,1.052,0,NULL,NULL,,3,0,2,7,255,1293,250,0,0
stim,243283,273404,0,273404,3470714.455,-0.535,0.366,-0.039,-0.761,0,0,18,0,0,0,0,448,45,0.716,1,2272,0,59.980,22.792,-29.125,-52.313,3.563,1.551,-0.738,1.363,-16.277,-15.953,-11.352,2.792,2.526,1.323,1.052,0,NULL,NULL,,3,0,2,7,255,1293,250,0,0
stim,243283,273404,0,273404,3470719.453,-0.535,0.363,-0.040,-0.761,0,0,20,0,0,0,0,440,45,0.716,1,2272,0,79.624,21.591,-25.625,-74.688,10.250,1.344,-0.672,1.426,-16.012,-14.484,-10.855,2.748,2.484,1.323,1.052,0,NULL,NULL,,3,0,2,7,255,1293,250,0,0
stim,243283,273404,0,273404,3470724.455,-0.536,0.359,-0.042,-0.763,0,0,18,0,0,0,0,437,45,0.716,1,2272,0,100.764,20.413,-30.875,-94.688,15.313,1.035,-0.629,1.539,-15.531,-13.246,-8.926,2.702,2.440,1.323,1.052,0,NULL,NULL,,3,0,2,7,255,1293,250,0,0
stim,243283,273404,0,273404,3470729.453,-0.537,0.355,-0.043,-0.764,0,0,16,0,0,0,0,423,45,0.716,1,2272,0,113.469,19.088,-40.625,-105.375,-11.000,0.691,-0.789,1.441,-15.449,-11.211,-6.219,2.654,2.394,1.323,1.052,0,NULL,NULL,,3,0,2,7,255,1293,250,0,0
stim,243283,273404,0,273404,3470734.455,-0.535,0.350,-0.043,-0.767,0,0,16,0,0,0,0,409,45,0.716,1,2272,0,131.702,16.946,-36.563,-116.938,-48.313,0.527,-0.680,1.371,-15.297,-7.293,-5.734,2.604,2.348,1.323,1.052,0,NULL,NULL,,3,0,2,7,255,1293,250,0,0
stim,243308,273429,0,273429,3470739.454,-0.534,0.345,-0.044,-0.771,0,0,21,0,0,0,0,411,45,0.716,1,2272,0,145.206,15.730,-37.250,-126.875,-60.000,0.598,-0.500,1.559,-13.938,-7.293,-4.863,2.554,2.300,1.323,1.052,0,NULL,NULL,,3,0,2,7,255,1293,250,0,0
stim,243308,273429,0,273429,3470744.455,-0.532,0.339,-0.045,-0.774,0,0,12,0,0,7,0,529,45,0.716,1,2272,0,162.760,14.946,-58.438,-134.688,-70.250,0.410,-0.516,1.566,-13.656,-6.074,-2.898,2.502,2.248,1.323,1.052,0,NULL,NULL,,3,0,2,7,255,1293,250,0,0
stim,243308,273429,0,273429,3470749.454,-0.534,0.336,-0.056,-0.774,427,0,12,559,0,47,0,605,45,0.716,1,2272,0,267.253,14.946,144.063,-198.313,106.500,-1.746,-1.820,3.113,-13.656,-6.074,-1.840,2.448,2.196,1.323,1.052,0,NULL,NULL,,3,0,2,7,255,1293,250,0,0
stim,243308,273429,0,273429,3470754.455,-0.553,0.331,-0.077,-0.761,1071,0,5,1135,0,365,0,619,45,0.716,1,2272,0,726.882,13.537,182.125,-243.938,660.063,-2.914,2.742,5.320,-13.406,1.875,14.445,2.392,2.144,1.323,1.052,0,NULL,NULL,,3,0,2,7,255,1293,250,0,0
stim,243326,273447,0,273447,3470759.454,-0.570,0.313,-0.063,-0.758,1563,0,0,1529,0,535,0,731,45,0.716,1,2272,0,652.290,9.570,-587.000,-93.563,268.625,-3.605,4.203,3.344,-2.883,9.125,48.563,2.334,2.088,1.323,1.052,0,NULL,NULL,,3,0,2,7,255,1293,250,0,0
stim,243326,273447,0,273447,3470764.455,-0.570,0.293,-0.039,-0.767,1928,0,0,1763,0,748,0,813,45,0.716,1,2273,0,737.046,24.686,-684.000,-73.625,-264.500,-3.152,2.090,0.047,22.938,9.125,48.563,2.276,2.032,1.323,1.052,1,1327.000,34.000,,3,0,2,7,255,1293,250,0,0
stim,243326,273447,0,273447,3470769.453,-0.565,0.279,-0.019,-0.776,2091,0,0,1869,0,928,0,861,45,0.716,1,2273,0,621.285,25.123,-519.438,-61.875,-335.188,-1.281,1.648,-1.617,22.996,10.117,10.664,2.216,1.974,1.323,1.052,1,NULL,NULL,,3,0,2,7,255,1293,250,0,0
stim,243326,273447,0,273447,3470774.455,-0.558,0.270,-0.012,-0.785,2223,0,0,1941,0,1109,0,917,45,0.716,1,2273,0,350.509,25.070,-192.438,-101.500,-274.813,0.664,0.730,-0.891,22.938,10.117,-13.059,2.154,1.914,1.323,1.052,1,NULL,NULL,,3,0,2,7,255,1293,250,0,0
stim,243348,273469,0,273469,3470779.454,-0.557,0.265,-0.013,-0.787,2323,0,0,1991,0,1187,0,960,45,0.716,1,2273,0,142.143,10.153,-42.313,-127.438,-46.625,0.863,0.223,0.801,8.289,-5.863,-13.059,2.092,1.856,1.323,1.052,1,NULL,NULL,,3,0,2,7,255,1293,250,0,0
stim,243348,273469,0,273469,3470784.455,-0.562,0.256,-0.013,-0.786,2456,0,0,2125,0,1273,0,1000,45,0.716,1,2273,0,232.345,6.900,-143.688,-149.375,105.000,-0.383,0.914,1.340,3.637,-5.863,-5.781,2.030,1.794,1.323,1.052,2,NULL,NULL,,3,0,2,7,255,1293,250,0,0
stim,243378,273499,0,273499,3470789.453,-0.566,0.246,-0.010,-0.787,2589,0,0,2327,0,1272,0,1011,45,0.716,1,2273,0,259.871,5.110,-210.938,-149.375,26.938,-1.434,0.684,1.105,3.637,-3.590,5.688,1.964,1.732,1.323,1.052,2,NULL,NULL,,3,0,2,7,255,1293,250,0,0
stim,243378,273499,0,273499,3470794.455,-0.566,0.233,-0.003,-0.790,2695,0,0,2483,0,1244,0,1056,45,0.716,1,2273,0,338.820,8.066,-289.125,-164.625,-64.063,-1.941,-0.941,0.621,3.637,7.199,5.688,1.900,1.670,1.323,1.052,2,NULL,NULL,,3,0,2,7,255,1293,250,0,0
stim,243378,273499,0,273499,3470799.453,-0.563,0.220,0.004,-0.796,2776,0,0,2607,0,1192,0,1102,45,0.716,1,2273,0,381.411,16.046,-292.688,-159.875,-185.063,-1.098,-1.598,0.074,-5.770,14.973,0.375,1.834,1.606,1.323,1.052,2,NULL,NULL,,3,0,2,7,255,1293,250,0,0
stim,243378,273499,0,273499,3470804.455,-0.558,0.210,0.008,-0.803,2843,0,0,2696,0,1101,0,1156,45,0.716,1,2273,0,315.039,18.999,-169.313,-162.250,-210.375,-0.023,-1.797,-0.004,-11.695,14.973,-8.648,1.768,1.542,1.323,1.052,2,NULL,NULL,,3,0,2,7,255,1293,250,0,0
stim,243378,273499,0,273499,3470809.454,-0.554,0.203,0.007,-0.807,2888,0,0,2773,0,1033,0,1177,45,0.716,1,2273,0,209.906,17.373,-54.875,-159.938,-124.375,0.680,-1.613,0.648,-16.031,6.695,-9.086,1.700,1.480,1.323,1.052,2,NULL,NULL,,3,0,2,7,255,1293,250,0,0
stim,243378,273499,0,273499,3470814.455,-0.553,0.198,0.004,-0.809,2923,0,0,2844,0,945,0,1146,45,0.716,1,2273,0,150.443,17.599,-5.750,-146.188,-35.063,0.766,-1.262,1.387,-17.527,-1.586,-9.086,1.634,1.416,1.323,1.052,2,NULL,NULL,,3,0,2,7,255,1293,250,0,0
stim,243378,273499,0,273499,3470819.454,-0.555,0.191,0.002,-0.810,2949,0,0,2892,0,885,0,1098,45,0.716,1,2273,0,153.630,18.296,-49.250,-141.188,35.250,0.477,-0.789,1.750,-17.527,-5.246,-1.883,1.568,1.352,1.323,1.052,2,NULL,NULL,,3,0,2,7,255,1293,250,0,0
stim,243378,273499,0,273499,3470824.455,-0.559,0.183,0.003,-0.809,2965,0,0,2927,0,879,0,1045,45,0.716,1,2273,0,217.172,14.367,-147.438,-136.188,82.938,-0.027,-0.535,1.516,-13.375,-5.246,3.309,1.502,1.290,1.323,1.052,2,NULL,NULL,,3,0,2,7,255,1293,250,0,0
stim,243378,273499,0,273499,3470829.453,-0.565,0.173,0.007,-0.807,2979,0,0,2957,0,922,0,1029,45,0.716,1,2273,0,276.478,8.799,-212.875,-142.188,104.438,-0.547,-0.504,0.707,-8.719,-1.188,3.309,1.436,1.228,1.323,1.052,2,NULL,NULL,,3,0,2,7,255,1293,250,0,0
stim,243378,273499,0,273499,3470834.455,-0.570,0.163,0.008,-0.805,2995,0,0,2981,0,1011,0,1066,45,0.716,1,2273,0,258.343,6.917,-178.250,-158.563,99.125,-0.848,-0.539,0.074,-4.727,5.051,-2.480,1.370,1.168,1.323,1.052,2,NULL,NULL,,3,0,2,7,255,1293,250,0,0
stim,243409,273530,0,273530,3470839.453,-0.573,0.155,0.006,-0.805,3005,0,0,2996,0,1113,0,1159,45,0.716,1,2273,0,203.189,8.240,-82.938,-172.750,67.563,-0.789,-0.344,0.199,-2.676,7.793,-6.441,1.304,1.108,1.323,1.052,2,NULL,NULL,,3,0,2,7,255,1293,250,0,0
stim,243409,273530,0,273530,3470844.455,-0.574,0.149,0.002,-0.805,3017,0,0,3027,0,1255,0,1255,45,0.716,1,2273,0,181.954,7.909,-13.563,-179.125,28.938,-0.414,0.055,0.871,-1.352,7.793,-6.441,1.238,1.048,1.323,1.052,2,NULL,NULL,,3,0,2,7,255,1293,250,0,0
stim,243409,273530,0,273530,3470849.454,-0.575,0.143,-0.001,-0.806,3033,0,0,3027,0,1395,16,1349,45,0.716,1,2273,0,166.108,1.998,-12.125,-165.563,5.813,0.027,0.297,1.516,-0.457,1.945,-0.551,1.170,0.988,1.323,1.052,2,NULL,NULL,,3,0,2,7,255,1293,250,0,0
stim,243409,273530,0,273530,3470854.455,-0.576,0.136,-0.003,-0.806,3039,0,0,3035,0,1513,52,1445,45,0.716,1,2273,0,159.078,3.875,-67.313,-143.313,15.375,0.305,0.180,1.742,-0.457,-3.848,4.832,1.092,0.920,1.323,1.052,2,NULL,NULL,,3,0,2,7,255,1293,250,0,0
stim,243409,273530,0,273530,3470859.454,-0.578,0.128,-0.001,-0.806,3047,0,0,3047,0,1641,72,1518,45,0.716,1,2273,0,187.281,5.346,-131.938,-125.313,44.313,0.301,-0.117,1.453,-2.633,-4.652,4.832,1.012,0.848,1.323,1.052,2,NULL,NULL,,3,0,2,7,255,1293,250,0,0
stim,243409,273530,0,273530,3470864.455,-0.581,0.121,0.000,-0.805,3052,0,0,3051,37,1742,141,1568,45,0.716,1,2273,0,194.937,6.467,-145.563,-113.188,63.250,0.113,-0.273,0.953,-4.492,-4.652,3.270,0.928,0.774,1.323,1.052,2,NULL,NULL,,3,0,2,7,255,1293,250,0,0
stim,243445,273567,0,273567,3470869.453,-0.584,0.114,0.001,-0.804,3059,0,0,3056,87,1823,217,1645,45,0.716,1,2273,0,157.917,4.790,-103.938,-105.500,54.813,-0.047,-0.313,0.715,-4.492,-1.664,-1.211,0.882,0.742,1.323,1.052,2,NULL,NULL,,3,0,2,7,255,1293,250,0,0
stim,243446,273567,0,273567,3470874.455,-0.586,0.109,0.000,-0.803,3063,0,0,3064,373,1947,259,1789,45,0.716,1,2273,0,125.536,3.925,-58.125,-102.625,43.000,-0.078,-0.242,0.844,-3.918,0.234,-1.797,0.854,0.728,1.323,1.052,2,NULL,NULL,,3,0,2,7,255,1293,250,0,0
stim,243446,273567,0,273567,3470879.453,-0.587,0.105,-0.001,-0.803,3069,0,0,3070,529,2028,390,1910,45,0.716,1,2273,0,111.262,3.313,-36.813,-98.563,36.188,-0.023,0.027,1.168,-3.305,0.234,-1.797,0.848,0.736,1.323,1.052,2,NULL,NULL,,3,0,2,7,255,1293,250,0,0
stim,243446,273567,0,273567,3470884.455,-0.588,0.102,-0.002,-0.803,3080,0,0,3087,699,2095,383,2025,45,0.716,1,2273,0,68.041,1.984,-15.938,-66.125,1.750,0.063,0.238,1.762,-1.375,-1.430,1.477,0.822,0.708,1.323,1.052,2,NULL,NULL,,3,0,2,7,255,1293,250,0,0
stim,243476,273597,0,273597,3470889.454,-0.587,0.099,-0.001,-0.804,3087,0,0,3095,883,2153,363,2095,45,0.716,1,2273,0,74.302,3.544,-54.563,-43.875,-24.875,0.258,0.645,1.352,-0.414,-3.520,3.379,0.790,0.664,1.323,1.052,2,NULL,NULL,,3,0,2,7,255,1293,250,0,0
stim,243476,273597,0,273597,3470894.455,-0.587,0.097,-0.001,-0.804,3097,0,0,3107,971,2188,395,2150,45,0.716,1,2273,0,45.028,6.948,-26.625,-32.750,-15.688,0.426,0.926,1.203,3.430,-6.043,3.379,0.752,0.604,1.323,1.052,2,NULL,NULL,,3,0,2,7,255,1293,250,0,0
stim,243476,273597,0,273597,3470899.454,-0.588,0.095,-0.000,-0.804,3093,0,0,3109,1080,2219,414,2187,45,0.716,1,2273,0,51.395,6.948,-44.500,-17.188,19.125,0.000,0.285,1.641,3.430,-6.043,3.379,0.734,0.560,1.323,1.052,2,NULL,NULL,,3,0,2,7,255,1293,250,0,0
stim,243476,273597,0,273597,3470904.455,-0.588,0.092,0.004,-0.804,3095,9,0,3115,1159,2245,440,2223,45,0.716,1,2273,0,126.609,2.967,-126.313,-8.563,-1.313,-0.457,0.117,1.375,0.762,-2.867,4.227,0.714,0.510,1.323,1.052,2,NULL,NULL,,3,0,2,7,255,1293,250,0,0
stim,243476,273597,0,273597,3470909.454,-0.586,0.089,0.008,-0.805,3097,37,0,3125,1226,2265,441,2259,45,0.716,1,2273,0,139.006,1.562,-123.813,-2.875,-63.125,-0.355,0.313,0.734,0.762,1.363,4.227,0.692,0.456,1.323,1.052,2,NULL,NULL,,3,0,2,7,255,1293,250,0,0
stim,243476,273597,0,273597,3470914.455,-0.583,0.087,0.010,-0.808,3099,57,0,3131,1304,2277,482,2286,45,0.716,1,2273,0,114.715,1.562,-57.875,-4.625,-98.938,0.012,0.113,0.758,0.762,1.363,-1.992,0.650,0.384,1.323,1.052,2,NULL,NULL,,3,0,2,7,255,1293,250,0,0
stim,243498,273619,0,273619,3470919.453,-0.581,0.086,0.012,-0.810,3103,75,0,3135,1383,2291,494,2311,45,0.716,1,2273,0,78.801,1.461,-29.813,-4.375,-72.813,0.246,-0.039,1.129,0.184,-1.449,-1.992,0.610,0.312,1.323,1.052,2,NULL,NULL,,3,0,2,7,255,1293,250,0,0
stim,243498,273619,0,273619,3470924.455,-0.580,0.084,0.013,-0.810,3103,97,0,3145,1477,2310,505,2332,45,0.716,1,2273,0,63.373,2.778,-56.250,-0.375,-29.188,0.086,0.004,1.219,-1.395,-2.402,0.711,0.572,0.242,1.323,1.052,2,NULL,NULL,,3,0,2,7,255,1293,250,0,0
stim,243498,273619,0,273619,3470929.454,-0.579,0.082,0.017,-0.811,3108,109,0,3149,1543,2325,521,2351,45,0.716,1,2273,0,85.090,2.778,-83.000,3.000,-18.500,-0.191,0.027,1.035,-1.395,-2.402,0.711,0.546,0.196,1.323,1.052,2,NULL,NULL,,3,0,2,7,255,1293,250,0,0
stim,243498,273619,0,273619,3470934.455,-0.578,0.080,0.020,-0.812,3110,169,0,3157,1581,2333,520,2364,45,0.716,1,2273,0,85.308,0.813,-75.875,4.875,-38.688,-0.281,-0.098,0.844,-0.766,0.273,0.488,0.532,0.170,1.323,1.052,2,NULL,NULL,,3,0,2,7,255,1293,250,0,0
stim,243498,273619,0,273619,3470939.454,-0.577,0.079,0.022,-0.813,3111,201,21,3161,1619,2345,534,2381,45,0.716,1,2273,0,73.410,1.367,-49.125,3.500,-54.438,-0.188,-0.172,0.809,-0.766,1.133,-1.254,0.526,0.156,1.323,1.052,2,NULL,NULL,,3,0,2,7,255,1293,250,0,0
stim,243498,273619,0,273619,3470944.455,-0.575,0.078,0.023,-0.814,3113,249,61,3161,1673,2357,585,2390,45,0.716,1,2273,0,57.678,2.003,-29.625,2.250,-49.438,-0.078,-0.195,0.922,-1.652,1.133,-1.254,0.530,0.158,1.323,1.052,2,NULL,NULL,,3,0,2,7,255,1293,250,0,0
stim,243498,273619,0,273619,3470949.453,-0.574,0.077,0.025,-0.815,3113,264,88,3165,1717,2367,589,2397,45,0.716,1,2273,0,44.592,2.149,-28.313,0.938,-34.438,-0.074,-0.176,1.008,-2.148,0.023,-0.824,0.534,0.160,1.323,1.052,2,NULL,NULL,,3,0,2,7,255,1293,250,0,0
stim,243498,273619,0,273619,3470954.455,-0.573,0.076,0.026,-0.816,3112,265,141,3167,1753,2377,595,2407,45,0.716,1,2273,0,41.284,2.274,-32.875,1.313,-24.938,-0.090,-0.242,0.977,-2.273,0.023,-0.258,0.536,0.162,1.323,1.052,2,NULL,NULL,,3,0,2,7,255,1293,250,0,0
stim,243528,273649,0,273649,3470959.454,-0.572,0.075,0.027,-0.816,3115,270,203,3169,1789,2387,591,2415,45,0.716,1,2273,0,32.985,2.645,-29.375,0.375,-15.000,-0.102,-0.336,0.855,-2.637,0.207,-0.258,0.528,0.152,1.323,1.052,2,NULL,NULL,,3,0,2,7,255,1293,250,0,0
stim,243528,273649,0,273649,3470964.455,-0.572,0.075,0.028,-0.816,3115,285,253,3175,1827,2403,587,2431,45,0.716,1,2273,0,17.987,3.397,-17.625,-2.938,-2.063,-0.176,-0.359,0.809,-3.301,0.805,-1.430,0.510,0.132,1.323,1.052,2,NULL,NULL,,3,0,2,7,255,1293,250,0,0
stim,243528,273649,0,273649,3470969.454,-0.572,0.074,0.028,-0.816,3113,279,299,3169,1850,2389,553,2437,45,0.716,1,2273,0,6.699,3.667,-3.625,-5.625,-0.313,-0.254,-0.277,0.848,-3.301,1.598,-1.430,0.486,0.108,1.323,1.052,2,NULL,NULL,,3,0,2,7,255,1293,250,0,0
stim,243528,273649,0,273649,3470974.455,-0.572,0.074,0.027,-0.816,3125,287,362,3177,1871,2409,539,2453,45,0.716,1,2273,0,14.567,2.824,8.688,-7.313,-9.125,-0.234,-0.145,0.914,-2.328,1.598,-1.266,0.460,0.080,1.323,1.052,2,NULL,NULL,,3,0,2,7,255,1293,250,0,0
stim,243528,273649,0,273649,3470979.454,-0.572,0.074,0.027,-0.817,3116,286,381,3165,1885,2407,525,2447,45,0.958,1,2273,1,18.401,1.769,12.125,-8.063,-11.250,-0.145,-0.094,0.992,-1.203,1.297,-0.605,0.000,0.000,1.401,1.341,2,NULL,NULL,,3,0,2,7,255,1293,250,0,0
stim,243528,273649,0,273649,3470984.455,-0.572,0.074,0.027,-0.817,3125,277,429,3164,1901,2409,503,2455,45,0.958,1,2273,1,9.890,1.219,4.875,-8.438,-1.688,-0.125,-0.102,1.016,-1.203,0.195,0.008,0.006,0.006,1.401,1.341,2,NULL,NULL,,3,0,2,7,255,1293,250,0,0
stim,243581,273702,0,273702,3470989.453,-0.572,0.074,0.027,-0.817,3108,273,477,3165,1915,2421,486,2462,45,0.958,1,2273,1,9.370,1.103,-1.063,-8.250,4.313,-0.180,-0.105,0.969,-1.086,0.195,0.008,0.012,0.010,1.401,1.341,2,NULL,NULL,,3,0,2,7,255,1293,250,0,0
stim,243581,273702,0,273702,3470994.455,-0.572,0.073,0.026,-0.817,3119,275,539,3163,1935,2415,491,2472,45,0.958,1,2273,1,8.929,1.212,2.688,-8.500,0.500,-0.203,-0.086,0.914,-1.043,0.617,-0.188,0.016,0.014,1.401,1.341,2,NULL,NULL,,3,0,2,7,255,1293,250,0,0
stim,243581,273702,0,273702,3470999.453,-0.572,0.073,0.026,-0.817,3104,267,588,3151,1947,2425,491,2473,45,0.958,1,2273,1,14.255,0.974,10.313,-9.125,-3.688,-0.168,-0.063,0.941,-0.754,0.617,-0.441,0.020,0.018,1.401,1.341,2,NULL,NULL,,3,0,2,7,255,1293,250,0,0
stim,243581,273702,0,273702,3471004.455,-0.572,0.073,0.025,-0.817,3117,261,623,3164,1961,2423,504,2479,45,0.958,1,2273,1,16.106,0.801,13.000,-9.063,-2.875,-0.148,-0.031,1.012,-0.684,0.418,-0.441,0.022,0.020,1.401,1.341,2,NULL,NULL,,3,0,2,7,255,1293,250,0,0
stim,243581,273702,0,273702,3471009.454,-0.572,0.073,0.025,-0.817,3111,253,649,3155,1972,2424,519,2491,45,0.958,1,2273,1,13.092,0.505,10.000,-8.375,-1.125,-0.152,0.031,1.055,-0.504,0.035,0.219,0.024,0.020,1.401,1.341,2,NULL,NULL,,3,0,2,7,255,1293,250,0,0
stim,243581,273702,0,273702,3471014.455,-0.571,0.073,0.024,-0.817,3103,255,661,3145,1977,2415,519,2487,45,0.958,1,2273,1,10.686,0.134,7.188,-7.438,-2.688,-0.176,0.078,1.066,0.078,-0.109,0.625,0.026,0.020,1.401,1.341,2,NULL,NULL,,3,0,2,7,255,1293,250,0,0
stim,243607,273728,0,273728,3471019.454,-0.571,0.073,0.024,-0.817,3107,253,701,3140,1992,2415,521,2491,45,0.958,1,2273,1,11.205,0.558,5.688,-6.375,-7.250,-0.184,0.094,1.074,0.547,-0.109,0.773,0.026,0.020,1.401,1.341,2,NULL,NULL,,3,0,2,7,255,1293,250,0,0
stim,243607,273728,0,273728,3471024.455,-0.571,0.073,0.023,-0.818,3096,252,739,3131,2012,2413,529,2489,45,0.958,1,2273,1,13.347,0.735,4.188,-5.188,-11.563,-0.180,0.105,1.078,0.727,-0.109,0.859,0.028,0.020,1.401,1.341,2,NULL,NULL,,3,0,2,7,255,1293,250,0,0
stim,243607,273728,0,273728,3471029.453,-0.570,0.073,0.023,-0.818,3093,248,763,3127,2011,2403,527,2490,45,0.958,1,2273,1,15.142,0.817,1.500,-4.313,-14.438,-0.168,0.109,1.082,0.793,-0.195,0.906,0.028,0.020,1.401,1.341,2,NULL,NULL,,3,0,2,7,255,1293,250,0,0
stim,243607,273728,0,273728,3471034.455,-0.570,0.073,0.023,-0.818,3093,245,807,3116,2023,2399,527,2492,45,0.958,1,2273,1,16.898,0.845,-1.375,-3.375,-16.500,-0.160,0.102,1.070,0.793,-0.293,0.906,0.028,0.020,1.401,1.341,2,NULL,NULL,,3,0,2,7,255,1293,250,0,0
stim,243607,273728,0,273728,3471039.453,-0.569,0.073,0.023,-0.819,3066,253,855,3108,2041,2399,539,2500,45,0.958,1,2273,1,17.547,0.800,-3.313,-2.813,-17.000,-0.152,0.102,1.051,0.723,-0.344,0.793,0.030,0.020,1.401,1.341,2,NULL,NULL,,3,0,2,7,255,1293,250,0,0
stim,243607,273728,0,273728,3471044.455,-0.569,0.072,0.023,-0.819,3076,243,905,3111,2053,2389,537,2490,45,0.958,1,2273,1,17.172,0.769,-4.750,-2.875,-16.250,-0.152,0.086,1.047,0.688,-0.344,0.613,0.032,0.020,1.401,1.341,2,NULL,NULL,,3,0,2,7,255,1293,250,0,0
stim,243607,273728,0,273728,3471049.454,-0.568,0.072,0.023,-0.819,3059,251,954,3095,2072,2383,544,2495,45,0.958,1,2273,1,15.851,0.667,-6.250,-3.563,-14.125,-0.160,0.086,1.035,0.594,-0.305,0.551,0.034,0.020,1.401,1.341,2,NULL,NULL,,3,0,2,7,255,1293,250,0,0
stim,243607,273728,0,273728,3471054.455,-0.568,0.072,0.023,-0.820,3051,249,1019,3083,2083,2387,563,2493,45,0.958,1,2273,1,14.422,0.638,-6.438,-4.750,-12.000,-0.172,0.105,1.031,0.594,-0.234,0.465,0.036,0.022,1.401,1.341,2,NULL,NULL,,3,0,2,7,255,1293,250,0,0
stim,243626,273747,0,273747,3471059.454,-0.567,0.072,0.023,-0.820,3041,251,1063,3077,2104,2376,587,2502,45,0.958,1,2273,1,13.862,0.846,-7.375,-5.938,-10.125,-0.188,0.113,1.047,0.824,-0.191,0.465,0.040,0.024,1.401,1.341,2,NULL,NULL,,3,0,2,7,255,1293,250,0,0
stim,243626,273747,0,273747,3471064.455,-0.567,0.071,0.024,-0.820,3033,262,1109,3063,2141,2377,637,2506,45,0.958,1,2273,1,15.966,0.976,-9.688,-6.438,-10.938,-0.199,0.145,1.059,0.969,-0.117,0.625,0.042,0.026,1.401,1.341,2,NULL,NULL,,3,0,2,7,255,1293,250,0,0
stim,243626,273747,0,273747,3471069.453,-0.567,0.071,0.024,-0.821,3021,269,1183,3060,2164,2366,717,2513,45,0.958,1,2273,1,19.241,1.287,-12.313,-6.688,-13.188,-0.184,0.160,1.059,1.281,-0.117,0.746,0.044,0.026,1.401,1.341,2,NULL,NULL,,3,0,2,7,255,1293,250,0,0
stim,243626,273747,0,273747,3471074.455,-0.566,0.070,0.024,-0.821,3015,267,1245,3047,2196,2363,760,2517,45,0.958,1,2273,1,21.732,1.315,-15.875,-6.688,-13.250,-0.168,0.125,1.055,1.281,-0.297,0.746,0.046,0.028,1.401,1.341,2,NULL,NULL,,3,0,2,7,255,1293,250,0,0
stim,243649,273770,0,273770,3471079.453,-0.566,0.070,0.025,-0.821,2985,279,1333,3023,2231,2363,851,2525,45,0.958,1,2273,1,24.525,1.077,-20.188,-6.625,-12.250,-0.172,0.082,1.035,1.035,-0.297,0.676,0.048,0.028,1.401,1.341,2,NULL,NULL,,3,0,2,7,255,1293,250,0,0
stim,243649,273770,0,273770,3471084.455,-0.565,0.069,0.025,-0.822,2971,271,1419,3017,2264,2362,904,2526,45,0.958,1,2273,1,26.636,0.687,-22.000,-6.313,-13.625,-0.188,0.047,1.000,0.676,-0.125,0.488,0.048,0.028,1.401,1.341,2,NULL,NULL,,3,0,2,7,255,1293,250,0,0
stim,243678,273799,0,273799,3471089.454,-0.565,0.068,0.026,-0.822,2951,283,1515,3005,2279,2351,972,2531,45,0.958,1,2273,1,28.013,0.483,-20.625,-5.750,-18.063,-0.188,0.012,0.973,0.445,0.188,0.152,0.046,0.026,1.401,1.341,2,NULL,NULL,,3,0,2,7,255,1293,250,0,0
stim,243678,273799,0,273799,3471094.455,-0.564,0.067,0.027,-0.823,2935,293,1625,2995,2315,2356,1039,2533,45,0.958,1,2273,1,29.047,0.386,-18.375,-5.250,-21.875,-0.172,-0.031,0.965,0.160,0.352,-0.117,0.046,0.024,1.401,1.341,2,NULL,NULL,,3,0,2,7,255,1293,250,0,0
stim,243678,273799,0,273799,3471099.453,-0.563,0.067,0.027,-0.823,2911,301,1705,2982,2327,2347,1133,2539,45,0.958,1,2273,1,30.077,0.458,-18.063,-4.500,-23.625,-0.168,-0.074,0.961,-0.289,0.355,-0.199,0.044,0.022,1.401,1.341,2,NULL,NULL,,3,0,2,7,255,1293,250,0,0
stim,243678,273799,0,273799,3471104.455,-0.562,0.066,0.028,-0.824,2903,317,1790,2969,2357,2348,1212,2549,45,0.958,1,2273,1,30.911,0.797,-18.188,-4.625,-24.563,-0.184,-0.082,0.945,-0.633,0.484,-0.254,0.044,0.020,1.401,1.341,2,NULL,NULL,,3,0,2,7,255,1293,250,0,0
stim,243678,273799,0,273799,3471109.454,-0.562,0.065,0.029,-0.824,2887,345,1861,2952,2391,2340,1325,2565,45,0.958,1,2273,1,32.933,0.929,-16.813,-4.625,-27.938,-0.199,-0.074,0.938,-0.633,0.680,-0.375,0.044,0.018,1.401,1.341,2,NULL,NULL,,3,0,2,7,255,1293,250,0,0
stim,243678,273799,0,273799,3471114.455,-0.560,0.065,0.029,-0.825,2861,359,1939,2949,2409,2347,1391,2577,45,0.958,1,2273,1,35.748,1.005,-16.125,-5.063,-31.500,-0.195,-0.094,0.941,-0.633,0.781,-0.391,0.044,0.018,1.401,1.341,2,NULL,NULL,,3,0,2,7,255,1293,250,0,0
stim,243678,273799,0,273799,3471119.454,-0.559,0.064,0.030,-0.826,2835,361,2040,2916,2431,2340,1455,2584,45,0.958,1,2273,1,36.907,1.061,-17.813,-6.063,-31.750,-0.191,-0.133,0.941,-0.664,0.828,-0.410,0.046,0.018,1.401,1.341,2,NULL,NULL,,3,0,2,7,255,1293,250,0,0
stim,243678,273799,0,273799,3471124.455,-0.558,0.063,0.031,-0.827,2825,377,2123,2913,2472,2339,1523,2598,45,0.958,1,2273,1,37.369,1.280,-18.375,-7.125,-31.750,-0.188,-0.125,0.934,-0.941,0.867,-0.410,0.048,0.020,1.401,1.341,2,NULL,NULL,,3,0,2,7,255,1293,250,0,0
stim,243678,273799,0,273799,3471129.454,-0.557,0.062,0.031,-0.827,2789,383,2194,2891,2483,2340,1591,2599,45,0.958,1,2273,1,37.020,1.280,-16.438,-8.500,-32.063,-0.188,-0.094,0.941,-0.941,0.867,-0.426,0.052,0.022,1.401,1.341,2,NULL,NULL,,3,0,2,7,255,1293,250,0,0
stim,243678,273799,0,273799,3471134.455,-0.556,0.062,0.032,-0.828,2771,393,2263,2872,2516,2331,1671,2613,45,0.958,1,2273,1,39.493,0.973,-15.875,-9.563,-34.875,-0.172,-0.059,0.969,-0.629,0.742,-0.426,0.056,0.024,1.401,1.341,2,NULL,NULL,,3,0,2,7,255,1293,250,0,0
stim,243718,273839,0,273839,3471139.453,-0.555,0.061,0.032,-0.829,2731,409,2334,2855,2542,2335,1755,2630,45,0.958,1,2273,1,40.279,0.561,-15.625,-9.313,-35.938,-0.145,-0.047,0.984,-0.352,0.438,-0.184,0.058,0.026,1.401,1.341,2,NULL,NULL,,3,0,2,7,255,1293,250,0,0
stim,243718,273839,0,273839,3471144.455,-0.554,0.060,0.033,-0.830,2715,437,2397,2840,2556,2331,1819,2639,45,0.958,1,2273,1,38.121,0.370,-16.563,-10.313,-32.750,-0.125,-0.031,1.000,-0.344,0.137,-0.066,0.062,0.030,1.401,1.341,2,NULL,NULL,,3,0,2,7,255,1293,250,0,0
stim,243718,273839,0,273839,3471149.453,-0.553,0.059,0.033,-0.831,2677,457,2453,2821,2585,2329,1899,2645,45,0.958,1,2273,1,36.151,0.283,-17.375,-9.875,-30.125,-0.141,0.016,1.004,-0.246,-0.141,0.082,0.064,0.032,1.401,1.341,2,NULL,NULL,,3,0,2,7,255,1293,250,0,0
stim,243718,273839,0,273839,3471154.455,-0.552,0.058,0.033,-0.831,2648,472,2503,2807,2603,2330,1957,2663,45,0.958,1,2273,1,35.764,0.304,-15.500,-9.250,-30.875,-0.141,0.059,1.004,0.258,-0.160,0.105,0.066,0.032,1.401,1.341,2,NULL,NULL,,3,0,2,7,255,1293,250,0,0
stim,243718,273839,0,273839,3471159.454,-0.550,0.058,0.034,-0.832,2604,491,2567,2797,2631,2327,2022,2661,45,0.958,1,2273,1,37.106,0.683,-14.250,-8.750,-33.125,-0.137,0.055,1.020,0.605,-0.316,0.125,0.068,0.034,1.401,1.341,2,NULL,NULL,,3,0,2,7,255,1293,250,0,0
stim,243718,273839,0,273839,3471164.455,-0.549,0.057,0.034,-0.833,2581,502,2597,2782,2645,2324,2072,2671,45,0.958,1,2273,1,37.995,0.706,-15.500,-7.750,-33.813,-0.113,0.031,1.016,0.605,-0.363,0.195,0.070,0.034,1.401,1.341,2,NULL,NULL,,3,0,2,7,255,1293,250,0,0
stim,243739,273860,0,273860,3471169.454,-0.548,0.056,0.035,-0.834,2539,551,2645,2769,2667,2328,2127,2681,45,0.958,1,2273,1,35.920,0.479,-16.688,-7.125,-31.000,-0.121,-0.020,1.000,0.313,-0.363,0.195,0.072,0.034,1.401,1.341,2,NULL,NULL,,3,0,2,7,255,1293,250,0,0
stim,243739,273860,0,273860,3471174.455,-0.547,0.055,0.035,-0.834,2503,567,2686,2747,2683,2329,2184,2695,45,0.958,1,2273,1,35.204,0.226,-17.813,-6.938,-29.563,-0.145,-0.051,0.992,-0.059,-0.219,0.070,0.072,0.034,1.401,1.341,2,NULL,NULL,,3,0,2,7,255,1293,250,0,0
stim,243739,273860,0,273860,3471179.453,-0.546,0.055,0.036,-0.835,2451,581,2729,2719,2706,2323,2223,2697,45,0.958,1,2273,1,37.437,0.279,-18.063,-6.875,-32.063,-0.160,-0.086,0.977,-0.238,0.145,0.016,0.074,0.034,1.401,1.341,2,NULL,NULL,,3,0,2,7,255,1293,250,0,0
stim,243739,273860,0,273860,3471184.455,-0.545,0.054,0.036,-0.836,2412,609,2771,2701,2715,2327,2267,2701,45,0.958,1,2273,1,37.367,0.498,-16.938,-7.563,-32.438,-0.113,-0.102,0.934,-0.477,0.145,-0.102,0.074,0.034,1.401,1.341,2,NULL,NULL,,3,0,2,7,255,1293,250,0,0
stim,243777,273898,0,273898,3471189.453,-0.544,0.053,0.037,-0.837,2356,623,2807,2677,2734,2329,2321,2719,45,0.958,1,2273,1,27.649,0.856,-11.188,-8.500,-23.813,-0.145,-0.117,1.000,-0.766,0.383,-0.102,0.074,0.034,1.401,1.341,2,NULL,NULL,,3,0,2,7,255,1293,250,0,0
stim,243777,273898,0,273898,3471194.455,-0.543,0.052,0.037,-0.837,2296,617,2828,2649,2744,2324,2353,2720,45,0.958,1,2273,1,39.651,0.866,-20.500,-8.188,-32.938,-0.234,-0.160,1.039,-0.777,0.383,0.109,0.076,0.034,1.401,1.341,2,NULL,NULL,,3,0,2,7,255,1293,250,0,0
stim,243777,273898,0,273898,3471199.454,-0.542,0.051,0.038,-0.838,2229,637,2852,2627,2764,2328,2403,2728,45,0.958,1,2273,1,49.481,0.960,-26.188,-9.313,-40.938,-0.168,-0.102,0.973,-0.777,0.563,0.109,0.078,0.034,1.401,1.341,2,NULL,NULL,,3,0,2,7,255,1293,250,0,0
stim,243777,273898,0,273898,3471204.455,-0.540,0.050,0.039,-0.839,2169,647,2889,2588,2781,2313,2423,2733,45,0.958,1,2273,1,47.294,0.737,-23.750,-10.125,-39.625,-0.129,-0.086,0.973,-0.477,0.563,-0.121,0.080,0.036,1.401,1.341,2,NULL,NULL,,3,0,2,7,255,1293,250,0,0
stim,243777,273898,0,273898,3471209.454,-0.539,0.049,0.040,-0.840,2106,650,2908,2549,2793,2317,2453,2743,45,0.958,1,2273,1,48.082,0.549,-29.938,-10.938,-36.000,-0.148,-0.102,1.066,-0.477,0.273,-0.121,0.084,0.038,1.401,1.341,2,NULL,NULL,,3,0,2,7,255,1293,250,0,0
stim,243777,273898,0,273898,3471214.455,-0.538,0.047,0.041,-0.841,2031,647,2921,2505,2804,2315,2483,2747,45,0.958,1,2273,1,56.018,0.533,-39.813,-11.313,-37.750,-0.195,-0.063,1.027,-0.457,0.273,0.418,0.088,0.042,1.401,1.341,2,NULL,NULL,,3,0,2,7,255,1293,250,0,0
stim,243798,273919,0,273919,3471219.453,-0.536,0.046,0.042,-0.842,1933,651,2931,2451,2813,2296,2519,2750,45,0.958,1,2273,1,53.655,0.277,-33.938,-12.125,-39.750,-0.137,-0.043,0.906,0.047,0.273,0.418,0.092,0.044,1.401,1.341,2,NULL,NULL,,3,0,2,7,255,1293,250,0,0
stim,243798,273919,0,273919,3471224.455,-0.535,0.045,0.043,-0.842,1847,627,2949,2405,2827,2291,2543,2762,45,0.958,1,2273,1,39.622,0.152,-18.250,-13.438,-32.500,-0.105,-0.105,0.918,0.047,0.145,-0.727,0.094,0.044,1.401,1.341,2,NULL,NULL,,3,0,2,7,255,1293,250,0,0
stim,243798,273919,0,273919,3471229.454,-0.534,0.044,0.043,-0.843,1758,638,2969,2346,2843,2283,2583,2764,45,0.958,1,2273,1,30.627,0.626,-12.250,-15.063,-23.688,-0.125,-0.141,1.008,-0.609,0.145,-0.727,0.096,0.046,1.401,1.341,2,NULL,NULL,,3,0,2,7,255,1293,250,0,0
stim,243798,273919,0,273919,3471234.455,-0.534,0.043,0.043,-0.844,1642,627,2985,2285,2845,2275,2603,2775,45,0.958,1,2273,1,34.813,0.676,-18.313,-14.938,-25.563,-0.191,-0.094,1.047,-0.609,0.293,0.211,0.098,0.046,1.401,1.341,2,NULL,NULL,,3,0,2,7,255,1293,250,0,0
stim,243798,273919,0,273919,3471239.454,-0.532,0.042,0.044,-0.844,1531,613,3003,2226,2858,2258,2621,2785,45,0.958,1,2273,1,44.096,0.351,-24.438,-15.000,-33.500,-0.180,-0.035,1.008,-0.113,0.332,0.211,0.100,0.048,1.401,1.341,2,NULL,NULL,,3,0,2,7,255,1293,250,0,0
stim,243798,273919,0,273919,3471244.455,-0.531,0.041,0.045,-0.845,1404,591,3007,2155,2870,2240,2636,2789,45,0.958,1,2273,1,47.048,0.333,-23.813,-15.500,-37.500,-0.117,-0.059,0.996,-0.031,0.332,0.207,0.104,0.050,1.401,1.341,2,NULL,NULL,,3,0,2,7,255,1293,250,0,0
stim,243798,273919,0,273919,3471249.453,-0.530,0.039,0.045,-0.846,1275,565,3031,2075,2885,2229,2661,2791,45,0.958,1,2273,1,48.749,0.084,-29.625,-16.938,-34.813,-0.117,-0.109,1.047,-0.031,0.078,0.207,0.106,0.052,1.401,1.341,2,NULL,NULL,,3,0,2,7,255,1293,250,0,0
stim,243798,273919,0,273919,3471254.455,-0.529,0.038,0.046,-0.847,1175,538,3037,1975,2887,2218,2669,2803,45,0.958,1,2273,1,50.358,0.185,-33.938,-16.938,-33.125,-0.133,-0.086,0.992,-0.168,0.078,0.047,0.108,0.054,1.401,1.341,2,NULL,NULL,,3,0,2,7,255,1293,250,0,0
stim,243829,273950,0,273950,3471259.454,-0.528,0.036,0.047,-0.847,1055,526,3050,1864,2898,2213,2684,2807,45,0.958,1,2273,1,42.082,0.185,-23.875,-17.875,-29.688,-0.117,-0.051,0.922,-0.168,0.078,0.047,0.110,0.054,1.401,1.341,2,NULL,NULL,,3,0,2,7,255,1293,250,0,0
stim,243829,273950,0,273950,3471264.455,-0.527,0.035,0.047,-0.848,936,483,3061,1721,2915,2197,2709,2811,45,0.958,1,2273,1,32.731,0.174,-8.250,-18.000,-26.063,-0.109,-0.082,0.941,-0.168,0.047,-0.492,0.112,0.054,1.401,1.341,2,NULL,NULL,,3,0,2,7,255,1293,250,0,0
stim,243829,273950,0,273950,3471269.454,-0.526,0.035,0.046,-0.848,794,441,3069,1622,2919,2180,2716,2823,45,0.958,1,2273,1,30.126,0.174,-0.875,-19.438,-23.000,-0.148,-0.133,1.023,-0.168,0.047,-0.492,0.112,0.054,1.401,1.341,2,NULL,NULL,,3,0,2,7,255,1293,250,0,0
stim,243829,273950,0,273950,3471274.455,-0.526,0.034,0.046,-0.849,613,411,3079,1501,2935,2155,2743,2835,45,0.958,1,2273,1,29.923,0.276,-2.313,-21.375,-20.813,-0.141,-0.094,1.074,-0.168,0.219,0.375,0.112,0.054,1.401,1.341,2,NULL,NULL,,3,0,2,7,255,1293,250,0,0
stim,243829,273950,0,273950,3471279.453,-0.525,0.033,0.046,-0.849,489,375,3092,1343,2934,2127,2750,2835,45,0.958,1,2273,1,31.581,0.245,-6.563,-21.750,-21.938,-0.156,-0.027,1.063,-0.109,0.219,0.691,0.114,0.054,1.401,1.341,2,NULL,NULL,,3,0,2,7,255,1293,250,0,0
stim,243829,273950,0,273950,3471284.455,-0.524,0.032,0.045,-0.850,344,331,3095,1227,2941,2089,2772,2839,45,0.958,1,2273,1,33.817,0.556,-7.500,-23.750,-22.875,-0.148,0.023,1.082,0.547,0.102,0.832,0.114,0.054,1.401,1.341,2,NULL,NULL,,3,0,2,7,255,1293,250,0,0
stim,243884,274005,0,274005,3471289.453,-0.523,0.031,0.045,-0.850,251,281,3099,1047,2953,2055,2791,2851,45,0.958,1,2273,1,34.308,0.778,-6.688,-25.938,-21.438,-0.129,0.004,1.066,0.754,-0.191,0.691,0.116,0.054,1.401,1.341,2,NULL,NULL,,3,0,2,7,255,1293,250,0,0
stim,243884,274005,0,274005,3471294.455,-0.523,0.030,0.044,-0.851,127,246,3109,851,2963,1989,2805,2848,45,0.958,1,2273,1,33.595,0.778,1.250,-28.875,-17.125,-0.117,-0.023,1.051,0.754,-0.191,0.660,0.118,0.056,1.401,1.341,2,NULL,NULL,,3,0,2,7,255,1293,250,0,0
stim,243884,274005,0,274005,3471299.454,-0.522,0.029,0.043,-0.851,75,191,3112,709,2968,1917,2821,2855,45,0.958,1,2273,1,33.906,0.518,3.875,-31.750,-11.250,-0.090,-0.055,1.129,0.453,-0.250,0.660,0.120,0.056,1.401,1.341,2,NULL,NULL,,3,0,2,7,255,1293,250,0,0
stim,243884,274005,0,274005,3471304.455,-0.523,0.027,0.042,-0.851,44,148,3117,573,2985,1885,2841,2857,45,0.958,1,2273,1,35.658,0.487,2.375,-35.563,-1.063,-0.141,-0.012,1.180,0.453,-0.180,1.285,0.122,0.058,1.401,1.341,2,NULL,NULL,,3,0,2,7,255,1293,250,0,0
stim,243884,274005,1,274005,3471309.454,-0.523,0.026,0.041,-0.851,38,120,3118,435,2984,1849,2851,2853,45,0.958,1,2273,1,40.349,0.743,8.188,-39.500,0.875,-0.215,0.012,1.297,0.734,-0.113,1.805,0.124,0.060,1.401,1.341,2,NULL,NULL,,3,1,2,7,255,1293,250,0,0
stim,243884,274005,1,274005,3471314.455,-0.523,0.025,0.040,-0.851,29,87,3127,338,2997,1807,2860,2859,45,0.958,1,2273,1,50.881,1.296,11.875,-47.563,13.625,-0.230,0.066,1.465,1.293,0.094,2.992,0.128,0.064,1.401,1.341,2,NULL,NULL,,3,1,2,7,255,1293,250,0,0
stim,243884,274005,1,274005,3471319.453,-0.524,0.023,0.039,-0.850,18,74,3130,293,2989,1751,2857,2859,45,0.958,1,2273,1,57.991,1.760,-25.625,-49.813,15.000,-0.199,0.063,1.367,1.758,0.094,3.633,0.132,0.066,1.401,1.341,2,NULL,NULL,,3,1,2,7,255,1293,250,0,0
stim,243884,274005,1,274005,3471324.455,-0.525,0.020,0.040,-0.850,9,51,3131,260,3001,1659,2871,2861,45,0.958,1,2273,0,71.501,1.760,-48.000,-51.375,13.000,-0.176,-0.098,1.102,1.758,0.094,3.633,0.136,0.070,1.401,1.341,2,NULL,NULL,,3,1,2,7,255,1293,250,0,0
stim,243884,274005,1,274005,3471329.453,-0.526,0.017,0.040,-0.849,0,39,3132,235,3005,1599,2887,2859,45,0.958,1,2273,0,69.285,0.808,-30.000,-57.313,24.813,-0.277,-0.285,1.027,0.207,0.781,1.117,0.140,0.072,1.401,1.341,2,NULL,NULL,,3,1,2,7,255,1293,250,0,0
stim,243884,274005,1,274005,3471334.455,-0.527,0.015,0.039,-0.849,0,31,3141,215,3007,1529,2887,2853,45,0.958,1,2273,0,67.301,2.769,-12.313,-63.188,19.625,-0.273,-0.293,1.039,-0.969,2.594,0.715,0.144,0.074,1.401,1.341,2,NULL,NULL,,3,1,2,7,255,1293,250,0,0
stim,243904,274025,1,274025,3471339.454,-0.527,0.012,0.039,-0.849,0,12,3141,184,3016,1435,2899,2851,45,0.958,1,2273,0,64.695,2.769,-10.625,-63.563,5.688,-0.238,-0.227,1.031,-0.969,2.594,0.605,0.148,0.078,1.401,1.341,2,NULL,NULL,,3,1,2,7,255,1293,250,0,0
stim,243904,274025,1,274025,3471344.455,-0.527,0.010,0.037,-0.849,0,1,3143,142,3021,1323,2911,2853,45,0.958,1,2273,0,68.140,2.144,0.938,-68.125,1.063,-0.230,-0.113,1.027,-0.559,2.070,0.582,0.154,0.080,1.401,1.341,3,NULL,NULL,,3,1,2,7,255,1293,250,0,0
stim,243904,274025,1,274025,3471349.453,-0.528,0.007,0.035,-0.849,0,0,3133,93,3028,1227,2916,2842,45,0.958,1,2273,0,72.419,1.623,9.813,-71.750,-0.438,-0.176,-0.074,1.125,0.438,1.563,0.582,0.158,0.084,1.401,1.341,3,NULL,NULL,,3,1,2,7,255,1293,250,0,0
stim,243904,274025,1,274025,3471354.455,-0.528,0.005,0.033,-0.849,0,0,3145,87,3030,1163,2932,2845,45,0.958,1,2273,0,74.492,1.255,6.000,-74.250,0.250,-0.188,-0.102,1.152,0.449,1.172,1.297,0.162,0.088,1.401,1.341,3,NULL,NULL,,3,1,2,7,255,1293,250,0,0
stim,243925,274046,1,274046,3471359.454,-0.528,0.002,0.032,-0.849,0,0,3145,75,3033,1021,2939,2839,45,0.958,1,2273,0,77.872,1.255,-0.250,-77.625,6.188,-0.180,-0.137,1.180,0.449,1.172,1.609,0.166,0.090,1.401,1.341,3,NULL,NULL,,3,1,2,7,255,1293,250,0,0
stim,243925,274046,1,274046,3471364.455,-0.529,-0.001,0.030,-0.848,0,0,3145,25,3039,909,2953,2829,45,0.958,1,2273,0,80.915,1.181,-6.875,-80.375,6.313,-0.160,-0.133,1.172,0.148,1.172,1.770,0.172,0.094,1.401,1.341,3,NULL,NULL,,3,1,2,7,255,1293,250,0,0
stim,243925,274046,1,274046,3471369.454,-0.529,-0.004,0.029,-0.848,0,0,3142,0,3043,783,2961,2823,45,0.958,1,2273,0,83.942,1.304,-15.563,-81.938,9.500,-0.172,-0.207,1.086,0.141,1.297,1.770,0.178,0.100,1.401,1.341,3,NULL,NULL,,3,1,2,7,255,1293,250,0,0
stim,243925,274046,1,274046,3471374.455,-0.530,-0.008,0.028,-0.848,0,0,3133,0,3044,654,2965,2809,45,0.958,1,2273,0,86.894,1.773,-12.000,-85.563,9.250,-0.211,-0.227,1.051,-0.449,1.715,1.000,0.184,0.104,1.401,1.341,3,NULL,NULL,,3,1,2,7,255,1293,250,0,0
stim,243948,274069,1,274069,3471379.454,-0.530,-0.011,0.026,-0.848,0,0,3133,0,3047,567,2973,2799,45,0.958,1,2273,0,89.405,2.080,-10.063,-88.750,3.938,-0.188,-0.223,1.098,-0.449,2.031,1.000,0.190,0.110,1.401,1.341,3,NULL,NULL,,3,1,2,7,255,1293,250,0,0
stim,243948,274069,1,274069,3471384.455,-0.530,-0.015,0.025,-0.847,0,0,3128,0,3049,471,2980,2785,45,0.958,1,2273,0,93.166,2.080,-12.563,-92.313,0.750,-0.176,-0.195,1.078,-0.449,2.031,0.902,0.196,0.114,1.401,1.341,3,NULL,NULL,,3,1,2,7,255,1293,250,0,0
stim,243978,274099,1,274099,3471389.453,-0.530,-0.018,0.023,-0.847,0,0,3127,0,3051,353,2985,2767,45,0.958,1,2273,0,96.339,2.026,-2.313,-96.250,-3.438,-0.195,-0.160,1.035,-0.238,2.012,0.902,0.202,0.118,1.401,1.341,3,NULL,NULL,,3,1,2,7,255,1293,250,0,0
stim,243978,274099,1,274099,3471394.455,-0.530,-0.021,0.020,-0.847,0,0,3119,0,3052,239,2989,2746,45,0.958,1,2273,0,100.421,1.897,5.125,-99.563,-12.063,-0.156,-0.137,1.078,0.195,1.887,0.813,0.206,0.124,1.401,1.341,3,NULL,NULL,,3,1,2,7,255,1293,250,0,0
stim,243978,274099,1,274099,3471399.453,-0.530,-0.025,0.018,-0.848,0,0,3115,0,3052,168,2996,2728,45,0.958,1,2273,0,104.536,1.620,11.563,-103.063,-13.125,-0.090,-0.125,1.191,0.246,1.602,0.813,0.212,0.128,1.401,1.341,3,NULL,NULL,,3,1,2,7,255,1293,250,0,0
stim,243978,274099,1,274099,3471404.455,-0.530,-0.029,0.015,-0.847,0,0,3107,0,3052,67,3001,2702,45,0.958,1,2273,0,106.787,1.096,-1.688,-106.750,2.250,-0.055,-0.102,1.293,0.297,1.055,1.887,0.218,0.134,1.401,1.341,3,NULL,NULL,,3,1,2,7,255,1293,250,0,0
stim,243978,274099,1,274099,3471409.454,-0.531,-0.033,0.013,-0.847,0,0,3100,0,3051,26,3004,2675,45,0.958,1,2273,0,113.083,1.136,-13.375,-111.938,8.875,-0.164,-0.012,1.250,0.422,1.055,2.320,0.224,0.138,1.401,1.341,3,NULL,NULL,,3,1,2,7,255,1293,250,0,0
stim,243978,274099,1,274099,3471414.455,-0.531,-0.037,0.011,-0.846,0,0,3089,0,3049,0,3012,2637,45,0.958,1,2273,0,119.209,2.115,-5.688,-118.938,5.688,-0.141,0.000,1.188,1.691,1.270,2.320,0.228,0.142,1.401,1.341,3,NULL,NULL,,3,1,2,7,255,1293,250,0,0
stim,243978,274099,1,274099,3471419.453,-0.532,-0.042,0.008,-0.846,0,0,3079,0,3047,0,3007,2591,45,0.958,1,2273,0,122.724,2.127,-2.063,-122.500,7.125,-0.098,0.023,1.359,1.707,1.270,2.320,0.232,0.146,1.401,1.341,3,NULL,NULL,,3,1,2,7,255,1293,250,0,0
stim,243978,274099,1,274099,3471424.455,-0.532,-0.046,0.006,-0.845,0,0,3059,0,3045,0,3017,2547,45,0.958,1,2273,0,128.962,2.320,-13.375,-127.750,11.500,-0.180,0.098,1.402,1.941,1.270,3.367,0.236,0.150,1.401,1.341,3,NULL,NULL,,3,1,2,7,255,1293,250,0,0
stim,243978,274099,1,274099,3471429.453,-0.532,-0.052,0.003,-0.845,0,0,3043,0,3035,0,3017,2479,45,0.958,1,2273,0,136.811,3.377,-18.000,-135.500,5.750,-0.191,0.113,1.414,3.047,1.457,3.645,0.240,0.152,1.401,1.341,3,NULL,NULL,,3,1,2,7,255,1293,250,0,0
stim,243978,274099,1,274099,3471434.455,-0.533,-0.057,0.001,-0.844,0,0,3027,0,3031,0,3022,2415,45,0.958,1,2273,0,142.525,3.644,-22.813,-140.625,4.188,-0.156,0.141,1.406,3.340,1.457,3.645,0.246,0.158,1.401,1.341,3,NULL,NULL,,3,1,2,7,255,1293,250,0,0
stim,244008,274129,1,274129,3471439.454,-0.533,-0.063,-0.002,-0.844,0,0,3007,0,3021,0,3022,2345,45,0.958,1,2273,0,147.233,3.774,-16.188,-146.313,2.875,-0.125,0.152,1.457,3.523,1.352,3.695,0.252,0.162,1.401,1.341,3,NULL,NULL,,3,1,2,7,255,1293,250,0,0
stim,244008,274129,1,274129,3471444.455,-0.533,-0.069,-0.005,-0.843,0,0,2984,0,3013,0,3023,2231,45,0.958,1,2273,0,154.377,3.845,-19.375,-152.813,10.250,-0.109,0.188,1.582,3.656,1.191,4.047,0.256,0.166,1.401,1.341,3,NULL,NULL,,3,1,2,7,255,1293,250,0,0
stim,244008,274129,1,274129,3471449.454,-0.534,-0.076,-0.007,-0.842,0,0,2958,0,2991,0,3023,2121,45,0.958,1,2273,0,164.246,4.342,-29.688,-160.563,17.750,-0.098,0.184,1.680,4.176,1.191,5.180,0.262,0.172,1.401,1.341,3,NULL,NULL,,3,1,2,7,255,1293,250,0,0
stim,244008,274129,1,274129,3471454.455,-0.535,-0.083,-0.010,-0.841,0,0,2927,0,2975,0,3025,1971,45,0.958,1,2273,0,178.265,4.556,-46.750,-169.000,32.125,-0.145,0.215,1.734,4.355,1.336,6.094,0.266,0.176,1.401,1.341,3,NULL,NULL,,3,1,2,7,255,1293,250,0,0
stim,244008,274129,1,274129,3471459.454,-0.536,-0.091,-0.011,-0.839,0,0,2890,0,2954,0,3017,1816,45,0.958,1,2273,0,193.162,5.384,-68.688,-177.063,35.250,-0.195,0.301,1.820,5.051,1.863,6.461,0.272,0.180,1.401,1.341,3,NULL,NULL,,3,1,2,7,255,1293,250,0,0
stim,244008,274129,1,274129,3471464.455,-0.537,-0.100,-0.012,-0.837,0,0,2851,0,2925,0,3017,1610,45,0.958,1,2273,0,209.074,6.727,-91.750,-185.750,28.125,-0.258,0.355,1.758,6.344,2.238,6.461,0.274,0.184,1.401,1.341,3,NULL,NULL,,3,1,2,7,255,1293,250,0,0
stim,244038,274159,1,274159,3471469.453,-0.537,-0.110,-0.013,-0.836,0,0,2807,0,2901,0,3015,1449,45,0.958,1,2273,0,222.629,7.296,-102.938,-196.625,17.500,-0.246,0.316,1.621,6.781,2.691,6.160,0.280,0.190,1.401,1.341,3,NULL,NULL,,3,1,2,7,255,1293,250,0,0
stim,244038,274159,1,274159,3471474.455,-0.537,-0.120,-0.014,-0.835,0,0,2759,0,2863,0,3003,1305,45,0.958,1,2273,0,229.288,7.331,-95.563,-208.188,9.938,-0.227,0.211,1.586,6.781,2.785,4.766,0.288,0.196,1.401,1.341,3,NULL,NULL,,3,1,2,7,255,1293,250,0,0
stim,244038,274159,1,274159,3471479.454,-0.538,-0.130,-0.015,-0.833,0,0,2705,0,2829,0,2995,1143,45,0.958,1,2273,0,242.899,7.117,-95.250,-222.688,18.375,-0.266,0.191,1.688,6.359,3.195,4.766,0.294,0.204,1.401,1.341,3,NULL,NULL,,3,1,2,7,255,1293,250,0,0
stim,244038,274159,1,274159,3471484.455,-0.538,-0.141,-0.017,-0.831,0,0,2634,0,2781,0,2975,999,45,0.958,1,2273,0,255.868,7.496,-96.188,-236.000,22.813,-0.402,0.254,1.805,6.359,3.969,5.234,0.304,0.214,1.401,1.341,3,NULL,NULL,,3,1,2,7,255,1293,250,0,0
stim,244076,274197,1,274197,3471489.454,-0.538,-0.152,-0.019,-0.829,0,0,2569,0,2739,0,2955,888,45,0.958,1,2273,0,271.392,9.563,-101.125,-251.438,14.375,-0.461,0.379,1.914,7.934,5.340,5.719,0.312,0.222,1.401,1.341,3,NULL,NULL,,3,1,2,7,255,1293,250,0,0
stim,244076,274198,1,274198,3471494.455,-0.537,-0.164,-0.022,-0.827,0,0,2484,0,2685,0,2924,773,45,0.958,1,2273,0,285.137,11.140,-104.750,-265.125,-6.250,-0.379,0.461,2.016,9.777,5.340,6.160,0.322,0.234,1.401,1.341,3,NULL,NULL,,3,1,2,7,255,1293,250,0,0
stim,244076,274198,1,274198,3471499.453,-0.536,-0.177,-0.024,-0.825,0,0,2409,0,2620,0,2879,676,45,0.958,1,2273,0,298.833,11.926,-108.938,-277.438,-21.500,-0.246,0.590,2.281,10.738,5.188,6.910,0.332,0.244,1.401,1.341,3,NULL,NULL,,3,1,2,7,255,1293,250,0,0
stim,244076,274198,1,274198,3471504.455,-0.534,-0.190,-0.027,-0.824,0,0,2315,0,2539,0,2821,582,45,0.958,1,2273,0,309.884,13.388,-119.375,-285.125,-21.938,-0.285,0.789,2.586,12.453,4.914,9.230,0.344,0.256,1.401,1.341,3,NULL,NULL,,3,1,2,7,255,1293,250,0,0
stim,244076,274198,1,274198,3471509.454,-0.532,-0.205,-0.028,-0.821,0,0,2221,0,2457,0,2742,478,45,0.958,1,2273,0,345.889,16.236,-167.875,-301.875,-18.125,-0.309,1.055,2.660,15.602,4.496,10.707,0.356,0.270,1.401,1.341,3,NULL,NULL,,3,1,2,7,255,1293,250,0,0
stim,244076,274198,1,274198,3471514.455,-0.529,-0.221,-0.027,-0.819,0,0,2119,0,2344,0,2659,431,45,0.958,1,2273,0,389.429,18.822,-225.938,-315.938,-28.125,-0.223,1.070,2.410,18.277,4.496,10.707,0.368,0.284,1.401,1.341,3,NULL,NULL,,3,1,2,7,255,1293,250,0,0
stim,244099,274220,1,274220,3471519.454,-0.525,-0.239,-0.026,-0.816,0,0,1965,0,2228,0,2549,413,45,0.958,1,2273,0,417.697,18.581,-255.500,-329.875,-19.313,-0.133,0.703,1.977,18.277,3.344,8.188,0.382,0.298,1.401,1.341,3,NULL,NULL,,3,1,2,7,255,1293,250,0,0
stim,244099,274220,1,274220,3471524.455,-0.523,-0.257,-0.025,-0.812,1,0,1774,0,2091,0,2437,407,45,0.958,1,2273,0,427.738,14.215,-249.375,-347.063,17.875,-0.152,0.324,1.629,13.816,3.344,5.031,0.398,0.316,1.401,1.341,3,NULL,NULL,,3,1,2,7,255,1293,250,0,0
stim,244099,274220,1,274220,3471529.454,-0.523,-0.275,-0.024,-0.807,0,0,1567,0,1913,0,2280,354,45,0.958,1,2273,0,427.970,10.731,-223.188,-361.188,53.750,-0.156,0.113,1.496,9.777,4.422,2.449,0.418,0.336,1.401,1.341,3,NULL,NULL,,3,1,2,7,255,1293,250,0,0
stim,244099,274220,1,274220,3471534.455,-0.523,-0.291,-0.026,-0.801,0,0,1316,0,1688,0,2037,317,45,0.958,1,2273,0,406.775,9.632,-159.813,-369.563,57.875,-0.293,-0.098,1.785,8.055,5.281,2.449,0.440,0.358,1.401,1.341,3,NULL,NULL,,3,1,2,7,255,1293,250,0,0
stim,244099,274220,1,274220,3471539.453,-0.523,-0.307,-0.030,-0.794,0,0,1114,0,1471,0,1695,309,45,0.958,1,2273,0,405.206,11.756,-111.938,-386.125,50.688,-0.395,-0.211,2.289,8.055,8.563,3.406,0.468,0.386,1.401,1.341,3,NULL,NULL,,3,1,2,7,255,1293,250,0,0
stim,244099,274220,1,274220,3471544.455,-0.522,-0.324,-0.035,-0.788,0,0,907,0,1145,0,1151,244,45,0.958,1,2273,0,413.528,15.653,-115.250,-396.250,26.625,-0.270,-0.156,2.633,10.055,11.996,6.773,0.496,0.414,1.401,1.341,3,NULL,NULL,,3,1,2,7,255,1293,250,0,0
stim,244099,274220,1,274220,3471549.453,-0.520,-0.341,-0.038,-0.782,0,0,610,0,933,0,551,159,45,0.958,1,2273,0,426.070,17.095,-158.750,-395.250,10.563,0.012,-0.012,2.598,12.180,11.996,9.344,0.528,0.446,1.401,1.341,3,NULL,NULL,,3,1,2,7,255,1293,250,0,0
stim,244099,274220,1,274220,3471554.455,-0.518,-0.358,-0.039,-0.776,0,0,307,0,623,0,155,125,45,0.958,1,2273,0,436.035,16.320,-203.750,-384.625,26.000,0.133,0.121,2.309,12.867,10.039,9.344,0.564,0.484,1.401,1.341,3,NULL,NULL,,3,1,2,7,255,1293,250,0,0
stim,244129,274250,0,274250,3471559.454,-0.516,-0.376,-0.038,-0.769,0,0,189,0,365,0,0,99,45,0.958,1,2273,0,446.588,15.194,-235.438,-373.813,65.375,-0.012,0.340,1.902,13.027,7.820,7.090,0.606,0.524,1.401,1.341,3,NULL,NULL,,3,0,2,7,255,1287,250,0,0
stim,244129,274250,0,274250,3471564.455,-0.515,-0.394,-0.036,-0.761,0,0,117,0,139,0,0,45,45,0.958,1,2273,0,450.586,14.648,-248.125,-364.000,94.688,-0.270,0.523,1.527,13.137,6.480,2.070,0.650,0.570,1.401,1.341,3,NULL,NULL,,3,0,2,7,255,1287,250,0,0
stim,244129,274250,0,274250,3471569.453,-0.513,-0.411,-0.035,-0.752,0,0,143,0,0,0,0,20,45,0.958,1,2273,0,436.517,14.722,-234.500,-355.563,95.563,-0.555,0.648,1.391,13.219,6.480,-3.285,0.700,0.622,1.401,1.341,3,NULL,NULL,,3,0,2,7,255,1287,250,0,0
stim,244129,274250,0,274250,3471574.455,-0.512,-0.428,-0.034,-0.744,0,0,143,0,0,0,0,3,45,0.958,1,2273,0,422.274,15.657,-219.500,-350.188,86.625,-0.902,0.805,1.559,13.918,7.172,-7.023,0.754,0.678,1.401,1.341,4,NULL,NULL,,3,0,2,7,255,1287,250,0,0
stim,244129,274250,0,274250,3471579.453,-0.509,-0.444,-0.031,-0.736,0,0,133,0,0,0,0,0,45,0.958,1,2273,0,434.085,18.951,-267.063,-334.750,71.063,-0.953,1.063,1.621,16.563,9.211,-9.492,0.812,0.736,1.401,1.341,0,NULL,NULL,,3,0,2,7,255,1287,250,0,0
stim,244129,274250,0,274250,3471584.455,-0.503,-0.462,-0.026,-0.730,0,0,121,0,0,0,0,0,45,0.958,1,2273,0,459.078,18.951,-339.563,-307.563,29.250,-0.777,0.973,1.371,16.563,9.211,-11.277,0.870,0.796,1.401,1.341,0,NULL,NULL,,3,0,2,7,255,1287,250,0,0
stim,244181,274302,0,274302,3471589.453,-0.497,-0.479,-0.019,-0.723,0,0,120,0,0,0,0,0,45,0.958,1,2273,0,467.992,18.797,-368.875,-284.750,43.188,-0.957,0.625,1.195,16.473,9.055,-11.855,0.932,0.860,1.401,1.341,0,NULL,NULL,,3,0,2,7,255,1287,250,0,0
stim,244181,274302,0,274302,3471594.455,-0.491,-0.496,-0.012,-0.717,0,0,121,0,0,0,0,0,45,0.958,1,2273,0,471.198,15.188,-382.438,-270.625,50.313,-1.051,0.680,0.941,12.910,8.000,-13.176,0.996,0.924,1.401,1.341,0,NULL,NULL,,3,0,2,7,255,1287,250,0,0
stim,244181,274302,0,274302,3471599.454,-0.480,-0.511,-0.005,-0.712,0,0,117,0,0,0,0,6,45,0.958,1,2273,0,468.670,13.980,-402.688,-234.563,-49.750,-0.684,0.047,0.441,11.465,8.000,-13.176,1.062,0.990,1.401,1.341,0,NULL,NULL,,3,0,2,7,255,1287,250,0,0
stim,244181,274302,0,274302,3471604.455,-0.470,-0.524,-0.002,-0.711,0,0,117,0,0,0,0,31,45,0.958,1,2273,0,389.584,7.230,-316.813,-189.938,-123.813,-0.418,-0.777,-0.215,3.531,6.309,-12.957,1.130,1.056,1.401,1.341,0,NULL,NULL,,3,0,2,7,255,1287,250,0,0
stim,244181,274302,0,274302,3471609.454,-0.461,-0.533,-0.002,-0.709,0,0,117,0,0,0,0,70,45,0.958,1,2273,0,289.620,8.339,-206.313,-159.000,-126.625,-0.250,-0.578,-0.273,-5.738,6.051,-9.965,1.192,1.118,1.401,1.341,0,NULL,NULL,,3,0,2,7,255,1287,250,0,0
stim,244181,274302,0,274302,3471614.455,-0.454,-0.540,-0.002,-0.709,0,0,115,0,0,0,0,87,45,0.958,1,2273,0,229.333,6.779,-158.188,-111.125,-123.375,-0.145,0.020,-0.145,-5.738,3.609,-9.965,1.250,1.176,1.401,1.341,0,NULL,NULL,,3,0,2,7,255,1287,250,0,0
stim,244181,274302,0,274302,3471619.453,-0.446,-0.545,-0.001,-0.710,0,0,113,0,0,0,0,87,45,0.958,1,2273,0,209.528,1.085,-160.938,-49.063,-124.875,-0.066,0.422,-0.375,-1.082,0.086,-11.570,1.304,1.228,1.401,1.341,0,NULL,NULL,,3,0,2,7,255,1287,250,0,0
stim,244181,274302,0,274302,3471624.455,-0.439,-0.547,0.000,-0.713,0,0,104,0,0,0,0,79,45,0.958,1,2273,0,169.545,4.053,-122.625,9.625,-116.688,0.066,0.391,-0.844,-1.082,-3.906,-13.820,1.362,1.286,1.401,1.341,0,NULL,NULL,,3,0,2,7,255,1287,250,0,0
stim,244181,274302,0,274302,3471629.454,-0.436,-0.546,-0.000,-0.716,0,0,107,0,0,0,0,77,45,0.958,1,2273,0,114.401,6.625,-22.500,55.563,-97.438,0.051,0.113,-0.867,-4.395,-4.957,-13.820,1.426,1.348,1.401,1.341,0,NULL,NULL,,3,0,2,7,255,1287,250,0,0
stim,244181,274302,0,274302,3471634.455,-0.434,-0.542,-0.003,-0.720,0,0,104,0,0,0,0,75,45,0.958,1,2273,0,139.260,6.625,58.750,94.375,-83.875,-0.133,-0.008,-0.355,-4.395,-4.957,-13.285,1.496,1.418,1.401,1.341,0,NULL,NULL,,3,0,2,7,255,1287,250,0,0
stim,244212,274333,0,274333,3471639.454,-0.434,-0.536,-0.005,-0.724,0,0,96,0,0,0,0,69,45,0.958,1,2273,0,173.118,2.972,80.938,125.375,-87.750,-0.211,0.129,-0.047,-2.863,-0.797,-12.227,1.576,1.496,1.401,1.341,0,NULL,NULL,,3,0,2,7,255,1287,250,0,0
stim,244212,274333,0,274333,3471644.455,-0.433,-0.530,-0.007,-0.729,0,0,91,0,0,0,0,58,45,0.958,1,2273,0,188.689,0.905,87.000,150.563,-73.250,-0.113,0.242,0.016,0.430,-0.797,-12.207,1.654,1.574,1.401,1.341,0,NULL,NULL,,3,0,2,7,255,1287,250,0,0
stim,244212,274333,0,274333,3471649.453,-0.434,-0.523,-0.008,-0.734,0,0,87,0,0,0,0,59,45,0.958,1,2273,0,202.055,1.773,102.625,167.813,-46.188,-0.184,0.336,-0.016,1.578,-0.809,-12.227,1.730,1.652,1.401,1.341,0,NULL,NULL,,3,0,2,7,255,1287,250,0,0
stim,244212,274333,0,274333,3471654.455,-0.436,-0.515,-0.010,-0.739,0,0,87,0,0,0,0,49,45,0.958,1,2273,0,223.194,2.139,128.125,179.188,-35.938,-0.309,0.406,0.027,1.980,-0.809,-12.777,1.806,1.728,1.401,1.341,0,NULL,NULL,,3,0,2,7,255,1287,250,0,0
stim,244213,274334,0,274334,3471659.454,-0.438,-0.506,-0.012,-0.743,0,0,79,0,0,0,0,47,45,0.958,1,2273,0,240.709,2.932,147.875,186.875,-33.938,-0.313,0.445,0.156,2.883,-0.535,-13.355,1.880,1.804,1.401,1.341,0,NULL,NULL,,3,0,2,7,255,1287,250,0,0
stim,244213,274334,0,274334,3471664.455,-0.440,-0.497,-0.014,-0.748,0,0,80,0,0,0,0,45,45,0.958,1,2273,0,249.063,4.175,156.375,191.938,-27.188,-0.316,0.406,0.258,4.172,-0.172,-13.355,1.952,1.878,1.401,1.341,0,NULL,NULL,,3,0,2,7,255,1287,250,0,0
stim,244237,274358,0,274358,3471669.454,-0.443,-0.487,-0.016,-0.753,0,0,71,0,0,0,0,45,45,0.958,1,2273,0,249.717,4.792,156.375,193.813,-18.500,-0.340,0.371,0.309,4.762,0.535,-12.625,2.022,1.948,1.401,1.341,0,NULL,NULL,,3,0,2,7,255,1287,250,0,0
stim,244237,274358,0,274358,3471674.455,-0.446,-0.478,-0.018,-0.757,0,0,67,0,0,0,0,45,45,0.958,1,2273,0,251.456,5.117,157.125,196.063,-10.063,-0.355,0.449,0.371,4.996,1.105,-12.313,2.080,2.006,1.401,1.341,0,NULL,NULL,,3,0,2,7,255,1287,250,0,0
stim,244237,274358,0,274358,3471679.454,-0.449,-0.468,-0.019,-0.761,0,0,57,0,0,0,0,43,45,0.958,1,2273,0,252.951,6.122,159.500,196.188,-7.375,-0.363,0.422,0.398,6.012,1.156,-12.285,2.126,2.052,1.401,1.341,0,NULL,NULL,,3,0,2,7,255,1287,250,0,0
stim,244237,274358,0,274358,3471684.455,-0.452,-0.458,-0.021,-0.765,0,0,53,0,0,0,0,45,45,0.958,1,2273,0,251.420,6.188,156.875,196.375,-6.250,-0.313,0.379,0.414,6.012,1.465,-11.961,2.170,2.096,1.401,1.341,0,NULL,NULL,,3,0,2,7,255,1287,250,0,0
stim,244278,274399,0,274399,3471689.453,-0.455,-0.449,-0.023,-0.769,0,0,51,0,0,0,0,51,45,0.958,1,2273,0,250.714,6.090,155.125,196.938,-3.063,-0.289,0.293,0.512,5.906,1.484,-11.195,2.208,2.134,1.401,1.341,0,NULL,NULL,,3,0,2,7,255,1287,250,0,0
stim,244278,274399,0,274399,3471694.455,-0.457,-0.439,-0.024,-0.773,0,0,43,0,0,0,0,47,45,0.958,1,2273,0,244.643,6.229,144.375,197.500,0.125,-0.207,0.270,0.555,5.883,2.047,-10.035,2.238,2.162,1.401,1.341,0,NULL,NULL,,3,0,2,7,255,1287,250,0,0
stim,244278,274399,0,274399,3471699.453,-0.460,-0.430,-0.024,-0.777,0,0,44,0,0,0,0,59,45,0.958,1,2273,0,243.396,6.251,133.688,203.313,5.750,-0.172,0.270,0.590,5.906,2.047,-8.973,2.258,2.182,1.401,1.341,0,NULL,NULL,,3,0,2,7,255,1287,250,0,0
stim,244278,274399,0,274399,3471704.455,-0.462,-0.420,-0.024,-0.781,0,0,37,0,0,0,0,63,45,0.958,1,2273,0,245.422,6.219,127.625,209.625,1.000,-0.105,0.199,0.617,5.883,2.016,-8.402,2.268,2.192,1.401,1.341,0,NULL,NULL,,3,0,2,7,255,1287,250,0,0
stim,244278,274399,0,274399,3471709.454,-0.465,-0.410,-0.024,-0.784,0,0,39,0,0,0,0,69,45,0.958,1,2273,0,250.381,5.858,117.188,221.063,9.438,-0.078,0.219,0.605,5.520,1.961,-7.391,2.268,2.192,1.401,1.341,0,NULL,NULL,,3,0,2,7,255,1287,250,0,0
stim,244278,274399,0,274399,3471714.455,-0.467,-0.400,-0.023,-0.788,0,0,40,0,0,0,0,69,45,0.958,1,2273,0,261.201,5.847,118.563,232.625,7.375,-0.156,0.070,0.676,5.488,2.016,-7.219,2.268,2.192,1.401,1.341,0,NULL,NULL,,3,0,2,7,255,1287,250,0,0
stim,244278,274399,0,274399,3471719.454,-0.469,-0.389,-0.022,-0.792,0,0,41,0,0,0,0,64,45,0.958,1,2273,0,268.738,6.368,108.750,245.625,7.875,-0.270,0.082,0.723,5.488,3.230,-6.906,2.270,2.192,1.401,1.341,0,NULL,NULL,,3,0,2,7,255,1287,250,0,0
stim,244278,274399,0,274399,3471724.455,-0.471,-0.378,-0.020,-0.797,0,0,38,0,0,0,0,71,45,0.958,1,2273,0,279.474,6.921,106.563,258.250,-7.563,-0.340,0.051,0.848,5.566,4.113,-6.621,2.274,2.196,1.401,1.341,0,NULL,NULL,,3,0,2,7,255,1287,250,0,0
stim,244311,274432,0,274432,3471729.453,-0.472,-0.367,-0.018,-0.802,0,0,41,0,0,0,0,69,45,0.958,1,2273,0,285.527,8.105,91.250,270.188,-14.063,-0.410,0.090,0.863,6.215,5.203,-6.430,2.280,2.202,1.401,1.341,0,NULL,NULL,,3,0,2,7,255,1287,250,0,0
stim,244311,274432,0,274432,3471734.455,-0.472,-0.355,-0.016,-0.807,0,0,41,0,0,0,0,69,45,0.958,1,2273,0,294.831,8.535,82.625,281.188,-32.125,-0.375,0.113,0.906,6.766,5.203,-6.207,2.290,2.212,1.401,1.341,0,NULL,NULL,,3,0,2,7,255,1287,250,0,0
stim,244311,274432,0,274432,3471739.453,-0.472,-0.343,-0.014,-0.812,0,0,39,0,0,0,0,69,45,0.958,1,2273,0,300.266,8.660,73.250,289.188,-34.125,-0.387,0.043,0.875,6.766,5.406,-5.797,2.302,2.224,1.401,1.341,0,NULL,NULL,,3,0,2,7,255,1287,250,0,0
stim,244311,274432,0,274432,3471744.455,-0.471,-0.331,-0.011,-0.818,0,0,39,0,0,0,0,75,45,0.958,1,2273,0,307.900,8.122,65.750,296.313,-51.750,-0.238,0.051,0.840,6.316,5.105,-5.645,2.324,2.244,1.401,1.341,0,NULL,NULL,,3,0,2,7,255,1287,250,0,0
stim,244311,274432,0,274432,3471749.454,-0.469,-0.319,-0.008,-0.823,0,0,39,0,0,0,0,79,45,0.958,1,2273,0,311.705,6.932,69.625,299.688,-50.000,-0.184,-0.086,0.754,5.645,4.023,-4.914,2.348,2.270,1.401,1.341,0,NULL,NULL,,3,0,2,7,255,1287,250,0,0
stim,244311,274432,0,274432,3471754.455,-0.468,-0.307,-0.005,-0.828,0,0,37,0,0,0,0,78,45,0.958,1,2273,0,315.735,6.000,77.438,301.813,-51.000,-0.094,0.063,0.730,4.500,3.969,-4.750,2.378,2.298,1.401,1.341,0,NULL,NULL,,3,0,2,7,255,1287,250,0,0
stim,244311,274432,0,274432,3471759.454,-0.467,-0.294,-0.004,-0.834,0,0,37,0,0,0,0,84,45,0.958,1,2273,0,321.329,4.692,93.000,302.563,-55.313,-0.059,-0.066,0.707,3.926,2.570,-4.695,2.412,2.334,1.401,1.341,0,NULL,NULL,,3,0,2,7,255,1287,250,0,0
stim,244311,274432,0,274432,3471764.455,-0.467,-0.281,-0.002,-0.839,0,0,36,0,0,0,0,83,45,0.958,1,2273,0,323.796,4.196,108.438,301.438,-47.125,-0.012,0.008,0.727,3.512,2.297,-4.211,2.454,2.376,1.401,1.341,0,NULL,NULL,,3,0,2,7,255,1287,250,0,0
stim,244340,274461,0,274461,3471769.453,-0.466,-0.267,-0.001,-0.843,0,0,33,0,0,0,0,79,45,0.958,1,2273,0,328.833,3.631,123.313,301.250,-46.625,0.035,-0.031,0.773,3.180,1.754,-3.945,2.500,2.420,1.401,1.341,0,NULL,NULL,,3,0,2,7,255,1287,250,0,0
stim,244340,274461,0,274461,3471774.455,-0.466,-0.254,-0.001,-0.848,0,0,31,0,0,0,0,83,45,0.958,1,2273,0,332.086,3.739,136.438,300.250,-38.938,0.059,0.020,0.801,3.367,1.625,-3.137,2.548,2.468,1.401,1.341,0,NULL,NULL,,3,0,2,7,255,1287,250,0,0
stim,244340,274461,0,274461,3471779.453,-0.466,-0.239,-0.001,-0.852,0,0,33,0,0,0,0,74,45,0.958,1,2273,0,337.849,3.654,153.438,299.063,-34.063,0.020,0.016,0.844,3.367,1.418,-2.828,2.598,2.518,1.401,1.341,0,NULL,NULL,,3,0,2,7,255,1287,250,0,0
stim,244340,274461,0,274461,3471784.455,-0.466,-0.225,-0.002,-0.856,0,0,26,0,0,0,0,75,45,0.958,1,2273,0,345.261,3.809,169.000,298.813,-36.813,0.004,0.035,0.918,3.535,1.418,-2.504,2.646,2.568,1.401,1.341,0,NULL,NULL,,3,0,2,7,255,1287,250,0,0
stim,244376,274497,0,274497,3471789.454,-0.466,-0.210,-0.003,-0.859,0,0,27,0,0,0,0,73,45,0.958,1,2273,0,351.151,3.923,185.000,296.125,-37.313,0.008,-0.043,1.082,3.633,1.480,-1.852,2.694,2.616,1.401,1.341,0,NULL,NULL,,3,0,2,7,255,1287,250,0,0
stim,244376,274497,0,274497,3471794.455,-0.466,-0.195,-0.004,-0.863,0,0,27,0,0,0,0,76,45,0.958,1,2273,0,351.258,4.361,189.375,294.375,-29.375,-0.035,0.035,1.289,3.840,2.066,-0.086,2.738,2.660,1.401,1.341,0,NULL,NULL,,3,0,2,7,255,1287,250,0,0
stim,244376,274497,0,274497,3471799.453,-0.466,-0.181,-0.005,-0.866,0,0,26,0,0,0,0,73,45,0.958,1,2273,0,343.901,5.284,175.688,293.625,-34.438,-0.051,0.098,1.406,4.863,2.066,1.621,2.778,2.700,1.401,1.341,0,NULL,NULL,,3,0,2,7,255,1287,250,0,0
stim,244376,274497,0,274497,3471804.455,-0.466,-0.166,-0.006,-0.869,0,0,25,0,0,0,0,71,45,0.958,1,2273,0,336.667,5.728,168.563,289.563,-32.938,-0.098,0.055,1.477,5.297,2.180,2.656,2.816,2.738,1.401,1.341,0,NULL,NULL,,3,0,2,7,255,1287,250,0,0
stim,244376,274497,0,274497,3471809.454,-0.465,-0.152,-0.007,-0.872,0,0,28,0,0,0,0,67,45,0.958,1,2273,0,331.018,6.003,159.125,287.563,-39.500,-0.125,0.109,1.574,5.496,2.414,3.414,2.850,2.774,1.401,1.341,0,NULL,NULL,,3,0,2,7,255,1287,250,0,0
stim,244376,274497,0,274497,3471814.455,-0.464,-0.138,-0.007,-0.875,0,0,25,0,0,0,0,72,45,0.958,1,2273,0,321.734,5.821,139.688,285.688,-48.813,-0.090,0.105,1.566,5.297,2.414,4.332,2.880,2.804,1.401,1.341,0,NULL,NULL,,3,0,2,7,255,1287,250,0,0
stim,244407,274528,0,274528,3471819.454,-0.463,-0.125,-0.006,-0.878,0,0,24,0,0,0,0,74,45,0.958,1,2273,0,314.146,5.586,129.688,282.125,-47.688,-0.090,0.086,1.539,5.238,1.941,4.438,2.908,2.830,1.401,1.341,0,NULL,NULL,,3,0,2,7,255,1287,250,0,0
stim,244407,274528,0,274528,3471824.455,-0.461,-0.112,-0.006,-0.880,0,0,26,0,0,0,0,76,45,0.958,1,2273,0,311.432,4.991,125.063,279.375,-57.438,-0.082,0.113,1.570,4.648,1.816,4.527,2.932,2.856,1.401,1.341,0,NULL,NULL,,3,0,2,7,255,1287,250,0,0
stim,244407,274528,0,274528,3471829.454,-0.459,-0.099,-0.005,-0.883,0,0,25,0,0,0,0,76,45,0.958,1,2273,0,306.709,4.794,114.688,276.875,-65.250,-0.008,0.090,1.566,4.582,1.410,4.852,2.950,2.876,1.401,1.341,0,NULL,NULL,,3,0,2,7,255,1287,250,0,0
stim,244407,274528,0,274528,3471834.455,-0.457,-0.086,-0.004,-0.885,0,0,24,0,0,0,0,77,45,0.958,1,2273,0,299.169,3.739,104.875,274.313,-57.063,0.039,0.082,1.488,3.664,0.746,4.852,2.970,2.896,1.401,1.341,0,NULL,NULL,,3,0,2,7,255,1287,250,0,0
stim,244407,274528,0,274528,3471839.453,-0.455,-0.073,-0.003,-0.888,0,0,27,0,0,0,0,81,45,0.958,1,2273,0,297.228,2.929,105.375,272.375,-55.250,0.023,0.125,1.438,2.926,0.129,4.504,2.988,2.916,1.401,1.341,0,NULL,NULL,,3,0,2,7,255,1287,250,0,0
stim,244407,274528,0,274528,3471844.455,-0.452,-0.060,-0.003,-0.890,0,0,29,0,0,0,0,85,45,0.958,1,2273,0,298.841,2.886,114.375,269.250,-61.063,0.027,0.121,1.488,2.879,-0.203,4.504,3.004,2.934,1.401,1.341,0,NULL,NULL,,3,0,2,7,255,1287,250,0,0
stim,244407,274528,0,274528,3471849.453,-0.450,-0.048,-0.002,-0.892,0,0,26,0,0,0,0,77,45,0.958,1,2273,0,294.982,2.624,114.938,265.500,-57.563,0.063,0.105,1.539,2.594,-0.395,4.582,3.024,2.952,1.401,1.341,0,NULL,NULL,,3,0,2,7,255,1287,250,0,0
stim,244407,274528,0,274528,3471854.455,-0.448,-0.035,-0.002,-0.893,0,0,27,0,0,0,0,79,45,0.958,1,2273,0,289.769,2.125,110.563,262.813,-51.688,0.066,0.125,1.520,2.000,-0.719,4.977,3.042,2.972,1.401,1.341,0,NULL,NULL,,3,0,2,7,255,1287,250,0,0
stim,244429,274550,0,274550,3471859.454,-0.446,-0.023,-0.001,-0.895,0,0,28,0,0,0,0,81,45,0.958,1,2273,0,288.900,2.094,118.000,259.063,-49.250,0.066,0.160,1.508,1.785,-1.094,4.977,3.062,2.994,1.401,1.341,0,NULL,NULL,,3,0,2,7,255,1287,250,0,0
stim,244429,274550,0,274550,3471864.455,-0.444,-0.010,-0.002,-0.896,0,0,26,0,0,0,0,81,45,0.958,1,2273,0,290.381,2.260,130.750,254.938,-47.250,0.070,0.184,1.586,1.711,-1.477,4.977,3.082,3.016,1.401,1.341,0,NULL,NULL,,3,0,2,7,255,1287,250,0,0
stim,244429,274550,0,274550,3471869.454,-0.442,0.002,-0.003,-0.897,0,0,27,0,0,0,0,79,45,0.958,1,2273,0,289.926,2.376,135.313,252.500,-44.625,0.094,0.191,1.684,1.551,-1.801,5.668,3.102,3.038,1.401,1.341,0,NULL,NULL,,3,0,2,7,255,1287,250,0,0
stim,244429,274550,0,274550,3471874.455,-0.440,0.014,-0.003,-0.898,0,0,30,0,0,0,0,78,45,0.958,1,2273,0,287.865,2.490,135.000,251.000,-40.500,0.141,0.215,1.723,1.145,-2.211,6.633,3.124,3.062,1.401,1.341,0,NULL,NULL,,3,0,2,7,255,1287,250,0,0
stim,244429,274550,0,274550,3471879.453,-0.438,0.027,-0.004,-0.899,0,0,29,0,0,0,0,81,45,0.958,1,2273,0,288.510,2.957,141.438,249.313,-32.813,0.184,0.219,1.746,0.641,-2.887,6.996,3.148,3.088,1.401,1.341,0,NULL,NULL,,3,0,2,7,255,1287,250,0,0
stim,244429,274550,0,274550,3471884.455,-0.437,0.039,-0.006,-0.899,0,0,30,0,0,0,0,85,45,0.958,1,2273,0,292.123,3.418,152.875,247.750,-24.188,0.211,0.215,1.832,0.023,-3.418,7.223,3.170,3.114,1.401,1.341,0,NULL,NULL,,3,0,2,7,255,1287,250,0,0
stim,244481,274602,0,274602,3471889.453,-0.435,0.052,-0.007,-0.899,0,0,34,0,0,0,0,95,45,0.958,1,2273,0,294.520,3.834,158.625,247.500,-18.000,0.254,0.238,1.941,-0.633,-3.781,7.988,3.194,3.138,1.401,1.341,0,NULL,NULL,,3,0,2,7,255,1287,250,0,0
stim,244481,274602,0,274602,3471894.455,-0.434,0.065,-0.009,-0.898,0,0,35,0,0,0,0,97,45,0.958,1,2273,0,294.083,4.623,156.813,248.500,-11.938,0.355,0.281,1.988,-1.242,-4.453,8.992,3.216,3.162,1.401,1.341,0,NULL,NULL,,3,0,2,7,255,1287,250,0,0
stim,244481,274602,0,274602,3471899.454,-0.434,0.077,-0.010,-0.898,0,0,33,0,0,0,0,99,45,0.958,1,2273,0,294.571,6.012,157.188,249.125,-0.813,0.480,0.270,1.969,-2.016,-5.664,8.992,3.234,3.184,1.401,1.341,0,NULL,NULL,,3,0,2,7,255,1287,250,0,0
stim,244481,274602,0,274602,3471904.455,-0.433,0.090,-0.012,-0.897,0,0,36,0,0,0,0,100,45,0.958,1,2273,0,299.051,7.475,165.688,248.438,16.063,0.555,0.223,1.965,-3.285,-6.715,8.820,3.252,3.202,1.401,1.341,0,NULL,NULL,,3,0,2,7,255,1287,250,0,0
stim,244481,274602,0,274602,3471909.454,-0.434,0.103,-0.014,-0.895,0,0,37,0,0,0,0,95,45,0.958,1,2273,0,305.571,8.459,176.375,247.438,32.250,0.570,0.188,2.016,-4.559,-7.125,8.754,3.266,3.218,1.401,1.341,0,NULL,NULL,,3,0,2,7,255,1287,250,0,0
stim,244481,274602,0,274602,3471914.455,-0.434,0.116,-0.017,-0.893,0,0,38,0,0,0,0,83,45,0.958,1,2273,0,310.723,9.032,184.938,246.125,42.063,0.574,0.195,2.105,-5.434,-7.215,8.754,3.276,3.232,1.401,1.341,0,NULL,NULL,,3,0,2,7,255,1287,250,0,0
stim,244481,274602,0,274602,3471919.453,-0.435,0.129,-0.020,-0.891,0,0,37,0,0,0,0,85,45,0.958,1,2273,0,311.983,9.638,187.438,244.750,47.938,0.617,0.234,2.207,-6.039,-7.512,9.438,3.284,3.242,1.401,1.341,0,NULL,NULL,,3,0,2,7,255,1287,250,0,0
stim,244481,274602,0,274602,3471924.455,-0.436,0.142,-0.023,-0.888,0,0,37,0,0,0,0,77,45,0.958,1,2273,0,310.585,10.665,185.625,242.875,54.938,0.691,0.258,2.293,-6.711,-8.289,10.148,3.290,3.250,1.401,1.341,0,NULL,NULL,,3,0,2,7,255,1287,250,0,0
stim,244481,274602,0,274602,3471929.453,-0.437,0.155,-0.025,-0.885,0,0,39,0,0,0,0,79,45,0.958,1,2273,0,306.275,11.993,177.938,240.813,64.438,0.762,0.273,2.352,-7.652,-9.234,10.594,3.294,3.256,1.401,1.341,0,NULL,NULL,,3,0,2,7,255,1287,250,0,0
stim,244481,274602,0,274602,3471934.455,-0.439,0.168,-0.027,-0.882,0,0,37,0,0,0,0,91,45,0.958,1,2273,0,299.661,13.255,165.375,238.938,73.188,0.840,0.262,2.359,-8.559,-10.121,10.594,3.294,3.260,1.401,1.341,0,NULL,NULL,,3,0,2,7,255,1287,250,0,0
stim,244505,274626,0,274626,3471939.454,-0.441,0.180,-0.029,-0.879,0,0,40,0,0,0,0,99,45,0.958,1,2273,0,291.586,14.436,151.313,235.938,80.375,0.902,0.273,2.316,-9.547,-10.828,10.281,3.296,3.262,1.401,1.341,0,NULL,NULL,,3,0,2,7,255,1287,250,0,0
stim,244505,274626,0,274626,3471944.455,-0.443,0.191,-0.031,-0.875,0,0,38,0,0,0,0,106,45,0.958,1,2273,0,284.472,15.284,140.375,230.500,89.938,0.980,0.238,2.238,-10.059,-11.508,9.441,3.294,3.264,1.401,1.341,0,NULL,NULL,,3,0,2,7,255,1287,250,0,0
stim,244505,274626,0,274626,3471949.453,-0.446,0.202,-0.032,-0.871,0,0,37,0,0,0,0,105,45,0.958,1,2273,0,278.335,16.176,131.875,223.813,99.938,1.074,0.172,2.137,-10.852,-11.996,8.125,3.292,3.264,1.401,1.341,0,NULL,NULL,,3,0,2,7,255,1287,250,0,0
stim,244505,274626,0,274626,3471954.455,-0.449,0.213,-0.034,-0.867,0,0,37,0,0,0,0,115,45,0.958,1,2273,0,272.612,17.076,124.625,215.750,110.625,1.156,0.090,1.969,-11.762,-12.379,6.441,3.288,3.262,1.401,1.341,0,NULL,NULL,,3,0,2,7,255,1287,250,0,0
stim,244526,274647,0,274647,3471959.454,-0.453,0.223,-0.035,-0.863,0,0,39,0,0,0,0,123,45,0.958,1,2273,0,269.983,17.512,122.688,205.688,124.625,1.219,-0.008,1.758,-12.387,-12.379,4.188,3.280,3.258,1.401,1.341,0,NULL,NULL,,3,0,2,7,255,1287,250,0,0
stim,244526,274647,0,274647,3471964.455,-0.457,0.233,-0.038,-0.858,0,0,37,0,0,0,0,127,45,0.958,1,2273,0,271.770,17.730,129.375,193.250,140.625,1.254,-0.125,1.535,-12.766,-12.305,1.543,3.272,3.252,1.401,1.341,0,NULL,NULL,,3,0,2,7,255,1287,250,0,0
stim,244526,274647,0,274647,3471969.454,-0.461,0.242,-0.041,-0.853,0,0,37,0,0,0,0,136,45,0.958,1,2273,0,277.418,17.520,142.563,179.125,156.688,1.270,-0.266,1.309,-13.031,-11.711,-1.117,3.260,3.242,1.401,1.341,0,NULL,NULL,,3,0,2,7,255,1287,250,0,0
stim,244526,274647,0,274647,3471974.455,-0.466,0.251,-0.045,-0.847,0,0,35,0,0,0,0,128,45,0.958,1,2273,0,288.373,17.128,162.750,164.125,172.438,1.258,-0.461,1.098,-13.277,-10.820,-3.773,3.242,3.228,1.401,1.341,0,NULL,NULL,,3,0,2,7,255,1287,250,0,0
stim,244550,274671,0,274671,3471979.454,-0.471,0.261,-0.051,-0.841,0,0,35,0,0,0,0,153,45,0.958,1,2273,0,305.777,16.732,191.688,150.563,184.625,1.191,-0.609,0.992,-13.809,-9.449,-6.395,3.222,3.212,1.401,1.341,0,NULL,NULL,,3,0,2,7,255,1287,250,0,0
stim,244550,274671,0,274671,3471984.455,-0.475,0.270,-0.059,-0.835,0,0,37,0,0,0,0,152,45,0.958,1,2273,0,325.198,16.321,225.813,135.563,190.750,1.203,-0.879,0.922,-14.168,-8.102,-7.742,3.196,3.188,1.401,1.341,0,NULL,NULL,,3,0,2,7,255,1287,250,0,0
stim,244579,274700,0,274700,3471989.453,-0.480,0.280,-0.068,-0.829,0,0,43,0,0,0,0,151,45,0.958,1,2273,0,354.791,17.255,264.500,126.063,200.063,1.160,-1.137,1.031,-15.871,-6.770,-9.570,3.162,3.158,1.401,1.341,0,NULL,NULL,,3,0,2,7,255,1287,250,0,0
stim,244579,274700,0,274700,3471994.455,-0.483,0.290,-0.078,-0.822,0,0,55,0,0,0,0,151,45,0.958,1,2273,0,374.546,18.410,296.313,118.813,195.875,1.047,-0.910,1.285,-17.328,-6.219,-9.570,3.126,3.124,1.401,1.341,0,NULL,NULL,,3,0,2,7,255,1287,250,0,0
stim,244579,274700,0,274700,3471999.453,-0.486,0.300,-0.089,-0.816,0,0,53,0,0,0,0,155,45,0.958,1,2273,0,369.773,19.203,304.188,114.813,176.125,1.070,-0.902,1.652,-18.168,-6.219,-6.879,3.084,3.086,1.401,1.341,0,NULL,NULL,,3,0,2,7,255,1287,250,0,0
stim,244579,274700,0,274700,3472004.455,-0.488,0.310,-0.098,-0.810,0,0,48,0,0,0,0,188,45,0.958,1,2273,0,344.976,20.673,285.625,113.125,156.938,1.094,-0.902,1.945,-19.410,-7.113,-4.453,3.036,3.040,1.401,1.341,0,NULL,NULL,,3,0,2,7,255,1287,250,0,0
stim,244579,274700,0,274700,3472009.454,-0.490,0.318,-0.106,-0.805,0,0,53,0,0,0,0,203,45,0.958,1,2273,0,298.770,22.590,241.875,110.125,136.500,1.207,-0.934,2.168,-21.199,-7.805,-2.734,2.984,2.992,1.401,1.341,0,NULL,NULL,,3,0,2,7,255,1287,250,0,0
stim,244579,274700,0,274700,3472014.455,-0.492,0.325,-0.112,-0.800,0,0,55,0,0,0,0,213,45,0.958,1,2273,0,245.491,24.753,187.625,103.188,120.063,1.199,-1.035,2.184,-23.219,-8.578,-2.734,2.926,2.938,1.401,1.341,0,NULL,NULL,,3,0,2,7,255,1287,250,0,0
stim,244603,274724,0,274724,3472019.453,-0.493,0.331,-0.116,-0.796,0,0,55,0,6,0,0,240,45,0.958,1,2273,0,189.873,25.627,144.875,91.375,81.938,1.188,-1.094,2.148,-24.148,-8.578,-2.816,2.864,2.880,1.401,1.341,0,NULL,NULL,,3,0,2,7,255,1287,250,0,0
stim,244603,274724,0,274724,3472024.455,-0.493,0.336,-0.119,-0.793,0,0,55,0,9,0,0,249,45,0.958,1,2273,0,141.971,25.851,110.938,76.313,45.000,1.445,-1.172,2.148,-24.387,-8.578,-3.684,2.798,2.816,1.401,1.341,0,NULL,NULL,,3,0,2,7,255,1287,250,0,0
stim,244603,274724,0,274724,3472029.453,-0.494,0.340,-0.121,-0.791,0,0,53,0,8,0,0,261,45,0.958,1,2273,0,107.067,27.618,71.750,55.438,56.938,1.691,-1.102,2.195,-25.703,-10.105,-5.422,2.728,2.750,1.401,1.341,0,NULL,NULL,,3,0,2,7,255,1287,250,0,0
stim,244603,274724,0,274724,3472034.456,-0.496,0.341,-0.122,-0.789,0,0,42,0,3,0,0,280,45,0.958,1,2273,0,73.560,28.292,28.250,32.063,59.875,1.453,-0.859,2.164,-25.703,-11.824,-5.422,2.656,2.682,1.401,1.341,0,NULL,NULL,,3,0,2,7,255,1287,250,0,0
stim,244603,274724,0,274724,3472039.454,-0.498,0.341,-0.123,-0.788,0,0,37,0,1,0,0,281,45,0.958,1,2273,0,39.439,26.380,-7.063,6.875,38.188,1.344,-0.754,2.055,-23.582,-11.824,-4.039,2.580,2.608,1.401,1.341,0,NULL,NULL,,3,0,2,7,255,1287,250,0,0
stim,244603,274724,0,274724,3472044.455,-0.499,0.339,-0.122,-0.788,0,0,40,0,0,0,0,281,45,0.958,1,2273,0,46.373,24.573,-41.813,-18.625,7.438,1.238,-0.648,2.000,-21.824,-11.293,-3.898,2.502,2.534,1.401,1.341,0,NULL,NULL,,3,0,2,7,255,1287,250,0,0
stim,244603,274724,0,274724,3472049.454,-0.499,0.336,-0.120,-0.789,0,0,37,0,0,0,0,283,45,0.958,1,2273,0,88.587,23.340,-77.688,-42.438,-3.375,1.316,-0.641,1.895,-20.426,-11.293,-3.898,2.422,2.456,1.401,1.341,0,NULL,NULL,,3,0,2,7,255,1287,250,0,0
stim,244603,274724,0,274724,3472054.455,-0.501,0.331,-0.117,-0.791,0,0,38,0,0,0,0,283,45,0.958,1,2273,0,131.927,22.633,-115.438,-62.438,13.438,1.207,-0.641,1.824,-19.883,-10.813,-3.992,2.340,2.376,1.401,1.341,0,NULL,NULL,,3,0,2,7,255,1287,250,0,0
stim,244624,274745,0,274745,3472059.454,-0.504,0.326,-0.114,-0.792,0,0,27,0,0,0,0,287,45,0.958,1,2273,0,165.214,21.674,-144.500,-78.750,14.625,0.871,-0.555,1.625,-19.051,-10.336,-3.992,2.254,2.292,1.401,1.341,0,NULL,NULL,,3,0,2,7,255,1287,250,0,0
stim,244624,274745,0,274745,3472064.455,-0.505,0.319,-0.111,-0.794,0,0,25,0,0,0,0,307,45,0.958,1,2273,0,181.935,17.900,-157.313,-90.563,-12.313,0.676,-0.535,1.473,-16.219,-7.574,-3.563,2.166,2.204,1.401,1.341,0,NULL,NULL,,3,0,2,7,255,1287,250,0,0
stim,244624,274745,0,274745,3472069.453,-0.506,0.312,-0.107,-0.797,0,0,21,0,0,0,0,437,45,0.958,1,2273,0,190.223,17.070,-160.813,-97.938,-27.063,0.520,-0.773,1.531,-16.074,-5.746,-3.488,2.072,2.110,1.401,1.341,0,NULL,NULL,,3,0,2,7,255,1287,250,0,0
stim,244624,274745,0,274745,3472074.455,-0.513,0.309,-0.120,-0.792,347,0,23,457,0,41,0,563,45,0.958,1,2273,0,372.675,16.435,164.813,-176.563,283.813,-1.441,-0.816,4.297,-16.074,-3.426,-3.328,1.968,2.004,1.401,1.341,0,NULL,NULL,,3,0,2,7,255,1287,250,0,0
stim,244646,274767,0,274767,3472079.454,-0.536,0.297,-0.122,-0.781,955,0,13,997,0,309,0,607,45,0.958,1,2273,0,637.966,16.114,-246.313,-113.563,577.438,-2.328,3.316,4.941,-16.074,1.133,25.023,1.856,1.892,1.401,1.341,0,NULL,NULL,,3,0,2,7,255,1287,250,0,0
stim,244646,274767,0,274767,3472084.455,-0.553,0.277,-0.099,-0.780,1391,0,4,1361,0,538,0,721,45,0.958,1,2273,0,799.607,10.684,-767.688,-23.438,222.438,-3.371,3.211,2.180,3.457,10.109,32.512,1.738,1.776,1.401,1.341,0,NULL,NULL,,3,0,2,7,255,1287,250,0,0
stim,244694,274815,0,274815,3472089.454,-0.555,0.260,-0.072,-0.787,1763,0,0,1661,0,715,0,803,45,0.958,1,2274,0,749.674,27.269,-730.375,6.688,-168.875,-2.684,1.680,-0.727,22.598,15.262,32.512,1.614,1.654,1.401,1.341,1,1368.000,81.000,,3,0,2,7,255,1287,250,0,0
stim,244694,274815,0,274815,3472094.455,-0.551,0.250,-0.054,-0.794,2007,0,0,1801,0,921,0,869,45,0.958,1,2274,0,510.620,27.269,-433.438,-5.688,-269.875,-0.969,0.855,-1.805,22.598,15.262,-1.168,1.486,1.528,1.401,1.341,1,NULL,NULL,,3,0,2,7,255,1287,250,0,0
stim,244694,274815,0,274815,3472099.453,-0.546,0.246,-0.051,-0.799,2147,0,0,1840,0,1117,0,959,45,0.958,1,2274,0,192.192,19.462,-92.063,-44.438,-162.750,0.773,0.418,-0.996,17.313,8.891,-19.391,1.358,1.402,1.401,1.341,1,NULL,NULL,,3,0,2,7,255,1287,250,0,0
stim,244694,274815,0,274815,3472104.455,-0.547,0.244,-0.054,-0.799,2267,0,0,1931,0,1211,0,1047,45,0.958,1,2274,0,91.468,8.484,35.563,-70.813,45.688,0.738,0.473,0.941,5.434,-6.516,-19.391,1.228,1.276,1.401,1.341,1,NULL,NULL,,3,0,2,7,255,1287,250,0,0
stim,244694,274815,0,274815,3472109.454,-0.553,0.239,-0.054,-0.796,2387,0,0,1998,0,1309,0,1085,45,0.958,1,2274,0,177.838,6.523,-85.625,-78.875,134.438,-0.418,0.762,1.770,0.305,-6.516,-2.543,1.102,1.158,1.401,1.341,2,NULL,NULL,,3,0,2,7,255,1287,250,0,0
stim,244694,274815,0,274815,3472114.455,-0.557,0.231,-0.049,-0.796,2503,0,0,2123,0,1380,0,1119,45,0.958,1,2274,0,242.610,2.484,-226.875,-70.000,49.875,-1.156,0.586,1.691,0.305,-2.465,9.355,0.980,1.042,1.401,1.341,2,NULL,NULL,,3,0,2,7,255,1287,250,0,0
stim,244694,274815,0,274815,3472119.454,-0.556,0.222,-0.039,-0.800,2655,0,0,2377,0,1394,0,1121,45,0.958,1,2274,0,319.306,4.647,-300.625,-53.500,-93.375,-0.813,0.152,1.023,0.305,4.637,9.355,0.860,0.934,1.401,1.341,2,NULL,NULL,,3,0,2,7,255,1287,250,0,0
stim,244694,274815,0,274815,3472124.455,-0.557,0.213,-0.030,-0.802,2765,0,0,2555,0,1335,0,1165,45,0.958,1,2274,0,299.226,4.921,-282.438,-70.000,-69.750,-0.754,-1.141,0.371,-0.258,4.914,2.191,0.750,0.834,1.401,1.341,2,NULL,NULL,,3,0,2,7,255,1287,250,0,0
stim,244694,274815,0,274815,3472129.454,-0.559,0.204,-0.023,-0.803,2846,0,0,2679,0,1285,0,1225,45,0.958,1,2274,0,269.400,13.654,-250.500,-98.375,12.188,-0.672,-1.695,0.285,-9.203,10.086,-7.074,0.646,0.740,1.401,1.341,2,NULL,NULL,,3,0,2,7,255,1287,250,0,0
stim,244694,274815,0,274815,3472134.455,-0.560,0.197,-0.021,-0.805,2953,0,0,2781,0,1203,0,1262,45,0.958,1,2274,0,164.858,13.654,-132.688,-94.688,-24.625,-0.473,-1.078,0.246,-9.203,10.086,-8.609,0.546,0.654,1.401,1.341,2,NULL,NULL,,3,0,2,7,255,1287,250,0,0
stim,244694,274815,0,274815,3472139.453,-0.559,0.193,-0.022,-0.806,2954,0,0,2867,0,1181,0,1275,45,0.958,1,2274,0,102.525,11.747,-44.813,-90.313,-18.625,-0.133,-0.203,0.742,-8.996,7.555,-8.609,0.452,0.576,1.401,1.341,2,NULL,NULL,,3,0,2,7,255,1287,250,0,0
stim,244694,274815,0,274815,3472144.455,-0.559,0.189,-0.022,-0.807,2975,0,0,2927,0,1191,0,1285,45,0.958,1,2274,0,98.429,6.641,-38.375,-89.250,-15.813,-0.023,-0.293,1.359,-6.625,0.461,-3.117,0.366,0.506,1.401,1.341,2,NULL,NULL,,3,0,2,7,255,1287,250,0,0
stim,244713,274834,0,274834,3472149.453,-0.561,0.182,-0.020,-0.807,3005,0,0,2977,0,1259,0,1308,45,0.958,1,2274,0,156.426,6.629,-124.500,-92.188,21.688,-0.016,-0.555,1.270,-6.625,-0.238,0.781,0.286,0.442,1.401,1.341,2,NULL,NULL,,3,0,2,7,255,1287,250,0,0
stim,244713,274834,0,274834,3472154.455,-0.565,0.175,-0.017,-0.806,3018,0,0,3006,0,1365,0,1363,45,0.958,1,2274,0,213.531,6.629,-174.563,-100.500,70.875,-0.293,-0.613,0.625,-6.625,-0.238,0.781,0.208,0.382,1.401,1.341,2,NULL,NULL,,3,0,2,7,255,1287,250,0,0
stim,244713,274834,0,274834,3472159.454,-0.569,0.167,-0.016,-0.805,3032,0,0,3033,0,1444,0,1418,45,0.958,1,2274,0,193.583,7.350,-137.125,-112.063,78.188,-0.742,-0.629,0.258,-6.402,3.609,-4.438,0.160,0.340,1.401,1.341,2,NULL,NULL,,3,0,2,7,255,1287,250,0,0
stim,244713,274834,0,274834,3472164.455,-0.570,0.162,-0.017,-0.805,3053,0,0,3049,0,1544,0,1467,45,0.958,1,2274,0,137.767,9.369,-57.813,-121.875,28.000,-0.887,-0.492,0.535,-4.254,8.348,-4.438,0.146,0.322,1.401,1.341,2,NULL,NULL,,3,0,2,7,255,1287,250,0,0
stim,244742,274863,0,274863,3472169.454,-0.569,0.157,-0.019,-0.807,3049,0,0,3053,0,1647,0,1511,45,0.958,1,2274,0,129.282,8.964,-11.438,-124.375,-33.375,-0.477,-0.180,1.090,-3.266,8.348,-3.590,0.168,0.330,1.401,1.341,2,NULL,NULL,,3,0,2,7,255,1287,250,0,0
stim,244742,274863,0,274863,3472174.455,-0.568,0.152,-0.021,-0.809,3052,0,0,3075,0,1749,0,1575,45,0.958,1,2274,0,125.992,4.552,-22.438,-115.813,-44.250,0.082,-0.078,1.402,-3.266,3.172,1.152,0.230,0.374,1.401,1.341,2,NULL,NULL,,3,0,2,7,255,1287,250,0,0
stim,244742,274863,0,274863,3472179.453,-0.568,0.147,-0.022,-0.809,3061,0,0,3067,0,1821,0,1611,45,0.958,1,2274,0,123.901,5.099,-64.000,-106.063,-2.500,0.289,-0.320,1.305,-4.383,-2.605,1.332,0.290,0.428,1.401,1.341,2,NULL,NULL,,3,0,2,7,255,1287,250,0,0
stim,244742,274863,0,274863,3472184.455,-0.570,0.141,-0.022,-0.809,3065,0,0,3083,0,1881,0,1655,45,0.958,1,2274,0,137.973,7.316,-80.875,-103.313,42.688,0.137,-0.547,0.984,-6.836,-2.605,1.332,0.342,0.480,1.401,1.341,2,NULL,NULL,,3,0,2,7,255,1287,250,0,0
stim,244782,274903,0,274903,3472189.453,-0.572,0.136,-0.022,-0.808,3063,0,0,3066,0,1961,5,1673,45,0.958,1,2274,0,129.227,6.883,-60.125,-100.125,55.313,-0.129,-0.441,0.797,-6.836,-0.801,-1.688,0.382,0.524,1.401,1.341,2,NULL,NULL,,3,0,2,7,255,1287,250,0,0
stim,244782,274903,0,274903,3472194.455,-0.574,0.132,-0.023,-0.808,3079,0,0,3091,22,2009,27,1715,45,0.958,1,2274,0,111.043,5.530,-31.875,-98.938,39.063,-0.230,-0.078,0.895,-5.395,1.219,-1.688,0.412,0.554,1.401,1.341,2,NULL,NULL,,3,0,2,7,255,1287,250,0,0
stim,244782,274903,0,274903,3472199.454,-0.575,0.128,-0.025,-0.808,3064,0,0,3079,133,2095,35,1803,45,0.958,1,2274,0,101.424,2.302,-26.438,-95.500,21.625,-0.156,0.188,1.078,-1.953,1.219,-1.016,0.434,0.568,1.401,1.341,2,NULL,NULL,,3,0,2,7,255,1287,250,0,0
stim,244782,274903,0,274903,3472204.455,-0.576,0.124,-0.026,-0.808,3063,0,0,3080,339,2169,157,1887,45,0.958,1,2274,0,97.511,0.500,-34.563,-90.000,14.625,-0.074,0.301,1.285,-0.086,-0.492,0.996,0.448,0.568,1.401,1.341,2,NULL,NULL,,3,0,2,7,255,1287,250,0,0
stim,244782,274903,0,274903,3472209.454,-0.575,0.121,-0.027,-0.809,3080,0,0,3078,511,2213,107,1975,45,0.958,1,2274,0,62.810,1.775,-23.875,-55.813,-16.125,0.090,0.406,1.680,0.066,-1.773,3.016,0.444,0.544,1.401,1.341,2,NULL,NULL,,3,0,2,7,255,1287,250,0,0
stim,244782,274903,0,274903,3472214.455,-0.574,0.118,-0.026,-0.810,3056,0,0,3087,701,2245,59,2037,45,0.958,1,2274,0,71.803,3.964,-50.625,-40.250,-31.188,0.250,0.668,1.207,0.340,-3.949,3.016,0.422,0.502,1.401,1.341,2,NULL,NULL,,3,0,2,7,255,1287,250,0,0
stim,244782,274903,0,274903,3472219.453,-0.573,0.116,-0.026,-0.811,3067,0,0,3080,823,2269,76,2089,45,0.958,1,2274,0,53.520,6.495,-25.063,-33.688,-33.188,0.219,0.848,1.074,2.961,-5.781,2.320,0.392,0.448,1.401,1.341,2,NULL,NULL,,3,0,2,7,255,1287,250,0,0
stim,244782,274903,0,274903,3472224.455,-0.572,0.115,-0.026,-0.812,3067,0,0,3093,904,2288,70,2125,45,0.958,1,2274,0,48.891,6.495,-25.875,-19.000,-36.875,-0.137,0.348,1.340,2.961,-5.781,2.320,0.350,0.386,1.401,1.341,2,NULL,NULL,,3,0,2,7,255,1287,250,0,0
stim,244782,274903,0,274903,3472229.453,-0.570,0.113,-0.023,-0.813,3077,0,0,3087,969,2313,101,2147,45,0.958,1,2274,0,98.772,1.653,-74.125,-14.875,-63.563,-0.313,0.102,1.223,1.035,-1.289,2.516,0.318,0.328,1.401,1.341,2,NULL,NULL,,3,0,2,7,255,1287,250,0,0
stim,244782,274903,0,274903,3472234.455,-0.567,0.110,-0.020,-0.816,3083,2,0,3091,1039,2328,139,2171,45,0.958,1,2274,0,123.691,1.251,-79.250,-12.625,-94.125,-0.125,0.250,0.910,1.035,-0.703,2.516,0.298,0.280,1.401,1.341,2,NULL,NULL,,3,0,2,7,255,1287,250,0,0
stim,244807,274928,0,274928,3472239.454,-0.564,0.109,-0.018,-0.818,3069,19,0,3097,1091,2345,152,2198,45,0.958,1,2274,0,110.624,0.877,-48.625,-8.500,-99.000,0.117,0.281,0.918,0.523,-0.703,-0.574,0.294,0.244,1.401,1.341,2,NULL,NULL,,3,0,2,7,255,1287,250,0,0
stim,244807,274928,0,274928,3472244.455,-0.562,0.108,-0.017,-0.820,3087,53,0,3109,1177,2360,165,2235,45,0.958,1,2274,0,79.690,3.099,-37.000,-6.813,-70.250,0.164,0.195,1.047,0.523,-3.055,-0.574,0.310,0.228,1.401,1.341,2,NULL,NULL,,3,0,2,7,255,1287,250,0,0
stim,244807,274928,0,274928,3472249.454,-0.560,0.106,-0.015,-0.821,3078,67,0,3113,1242,2378,190,2249,45,0.958,1,2274,0,64.459,3.112,-46.188,-4.375,-44.750,-0.039,0.090,1.047,-0.594,-3.055,0.223,0.328,0.220,1.401,1.341,2,NULL,NULL,,3,0,2,7,255,1287,250,0,0
stim,244807,274928,0,274928,3472254.455,-0.559,0.105,-0.013,-0.822,3091,81,0,3111,1304,2390,221,2271,45,0.958,1,2274,0,69.757,1.279,-51.250,-2.625,-47.250,-0.223,0.059,0.957,-0.594,-1.133,0.223,0.340,0.216,1.401,1.341,2,NULL,NULL,,3,0,2,7,255,1287,250,0,0
stim,244826,274947,0,274947,3472259.454,-0.557,0.104,-0.011,-0.824,3087,117,10,3117,1340,2407,234,2291,45,0.958,1,2274,0,79.170,0.638,-41.625,-2.063,-67.313,-0.223,0.109,0.922,-0.293,0.566,-0.219,0.344,0.208,1.401,1.341,2,NULL,NULL,,3,0,2,7,255,1287,250,0,0
stim,244826,274947,0,274947,3472264.455,-0.554,0.103,-0.010,-0.826,3087,168,10,3125,1384,2427,245,2313,45,0.958,1,2274,0,82.859,0.638,-32.250,-1.375,-76.313,-0.113,0.086,0.973,-0.293,0.566,-0.219,0.338,0.192,1.401,1.341,2,NULL,NULL,,3,0,2,7,255,1287,250,0,0
stim,244826,274947,0,274947,3472269.453,-0.552,0.102,-0.009,-0.828,3087,199,71,3130,1434,2439,267,2331,45,0.958,1,2274,0,74.278,0.503,-29.563,-1.500,-68.125,-0.078,-0.020,0.984,-0.363,-0.348,-0.230,0.332,0.174,1.401,1.341,2,NULL,NULL,,3,0,2,7,255,1287,250,0,0
stim,244826,274947,0,274947,3472274.455,-0.550,0.101,-0.007,-0.829,3099,222,103,3145,1468,2446,271,2343,45,0.958,1,2274,0,64.048,1.460,-30.188,-2.375,-56.438,-0.098,-0.078,0.980,-1.418,-0.348,-0.230,0.326,0.156,1.401,1.341,2,NULL,NULL,,3,0,2,7,255,1287,250,0,0
stim,244851,274972,0,274972,3472279.453,-0.548,0.100,-0.006,-0.830,3081,254,149,3144,1545,2459,284,2351,45,0.958,1,2274,0,59.117,1.825,-27.563,-2.250,-52.250,-0.109,-0.129,0.957,-1.824,0.043,-0.277,0.326,0.142,1.401,1.341,2,NULL,NULL,,3,0,2,7,255,1287,250,0,0
stim,244851,274972,0,274972,3472284.455,-0.547,0.099,-0.005,-0.832,3090,268,185,3141,1592,2461,315,2363,45,0.958,1,2274,0,50.224,2.202,-21.125,0.500,-45.563,-0.070,-0.184,0.930,-2.188,0.254,-0.551,0.324,0.128,1.401,1.341,2,NULL,NULL,,3,0,2,7,255,1287,250,0,0
stim,244879,275000,0,275000,3472289.454,-0.545,0.099,-0.004,-0.832,3093,278,214,3143,1639,2468,338,2365,45,0.958,1,2274,0,37.293,2.804,-19.563,-0.125,-31.750,-0.105,-0.203,0.930,-2.781,0.355,-0.844,0.322,0.116,1.401,1.341,2,NULL,NULL,,3,0,2,7,255,1287,250,0,0
stim,244879,275000,0,275000,3472294.455,-0.545,0.098,-0.003,-0.833,3097,280,263,3148,1684,2483,343,2381,45,0.958,1,2274,0,29.117,2.853,-18.250,-0.188,-22.688,-0.191,-0.145,0.938,-2.781,0.637,-0.844,0.312,0.102,1.401,1.341,2,NULL,NULL,,3,0,2,7,255,1287,250,0,0
stim,244879,275000,0,275000,3472299.454,-0.544,0.098,-0.002,-0.833,3093,293,353,3157,1717,2485,354,2385,45,0.958,1,2274,0,30.782,2.268,-15.000,-0.500,-26.875,-0.242,-0.059,0.957,-1.938,1.180,-0.598,0.294,0.088,1.401,1.341,2,NULL,NULL,,3,0,2,7,255,1287,250,0,0
stim,244879,275000,0,275000,3472304.455,-0.543,0.098,-0.002,-0.834,3095,287,414,3151,1751,2492,350,2392,45,0.958,1,2274,0,35.752,1.572,-12.313,-0.375,-33.563,-0.203,-0.047,0.973,-1.039,1.180,-0.234,0.276,0.078,1.401,1.341,2,NULL,NULL,,3,0,2,7,255,1287,250,0,0
stim,244879,275000,0,275000,3472309.454,-0.541,0.097,-0.001,-0.835,3092,281,470,3147,1780,2503,358,2399,45,0.958,1,2274,0,35.893,1.329,-13.500,-0.688,-33.250,-0.168,-0.063,0.988,-1.039,0.828,-0.145,0.260,0.074,1.401,1.341,2,NULL,NULL,,3,0,2,7,255,1287,250,0,0
stim,244879,275000,0,275000,3472314.455,-0.541,0.096,0.000,-0.836,3092,296,537,3148,1806,2495,371,2419,45,0.958,1,2274,0,30.997,1.404,-18.625,-2.750,-24.625,-0.125,-0.141,0.973,-1.293,0.547,-0.145,0.252,0.076,1.401,1.341,2,NULL,NULL,,3,0,2,7,255,1287,250,0,0
stim,244909,275030,0,275030,3472319.454,-0.540,0.096,0.001,-0.836,3095,300,571,3149,1835,2494,364,2416,45,0.958,1,2274,0,22.442,2.116,-18.313,-3.688,-12.438,-0.117,-0.133,0.961,-2.055,0.504,-0.336,0.246,0.076,1.401,1.341,2,NULL,NULL,,3,0,2,7,255,1287,250,0,0
stim,244909,275030,0,275030,3472324.455,-0.540,0.095,0.002,-0.836,3095,305,591,3148,1852,2501,366,2429,45,0.978,1,2274,1,19.028,2.098,-17.250,-3.938,-7.000,-0.176,-0.016,0.969,-2.055,0.426,-0.336,0.000,0.000,1.233,1.315,2,NULL,NULL,,3,0,2,7,255,1287,250,0,0
stim,244909,275030,0,275030,3472329.454,-0.540,0.094,0.002,-0.836,3090,309,617,3135,1892,2508,377,2441,45,0.978,1,2274,1,19.065,0.890,-16.313,-4.313,-8.875,-0.195,-0.016,0.961,-0.781,0.426,-0.234,0.010,0.010,1.233,1.315,2,NULL,NULL,,3,0,2,7,255,1287,250,0,0
stim,244909,275030,0,275030,3472334.455,-0.539,0.094,0.003,-0.837,3089,314,661,3134,1931,2509,381,2453,45,0.978,1,2274,1,19.049,0.812,-14.313,-4.125,-11.875,-0.191,-0.004,0.980,-0.648,0.488,-0.195,0.020,0.018,1.233,1.315,2,NULL,NULL,,3,0,2,7,255,1287,250,0,0
stim,244909,275030,0,275030,3472339.454,-0.539,0.093,0.003,-0.837,3084,324,712,3143,1949,2508,383,2467,45,0.978,1,2274,1,19.848,0.760,-14.375,-4.813,-12.813,-0.168,0.039,1.008,-0.582,0.488,-0.035,0.028,0.024,1.233,1.315,2,NULL,NULL,,3,0,2,7,255,1287,250,0,0
stim,244909,275030,0,275030,3472344.455,-0.539,0.093,0.004,-0.837,3087,318,752,3131,1989,2516,391,2464,45,0.978,1,2274,1,19.822,0.342,-15.250,-4.875,-11.688,-0.172,0.051,1.008,-0.324,0.109,0.203,0.034,0.030,1.233,1.315,2,NULL,NULL,,3,0,2,7,255,1287,250,0,0
stim,244909,275030,0,275030,3472349.453,-0.538,0.092,0.004,-0.838,3081,317,811,3119,2007,2509,383,2472,45,0.978,1,2274,1,20.017,0.198,-15.250,-5.063,-11.938,-0.180,0.063,1.012,-0.172,0.098,0.203,0.040,0.036,1.233,1.315,2,NULL,NULL,,3,0,2,7,255,1287,250,0,0
stim,244909,275030,0,275030,3472354.455,-0.538,0.092,0.005,-0.838,3076,313,848,3112,2035,2517,390,2485,45,0.978,1,2274,1,21.200,0.103,-14.188,-4.813,-15.000,-0.199,0.082,1.012,-0.031,0.098,0.258,0.046,0.040,1.233,1.315,2,NULL,NULL,,3,0,2,7,255,1287,250,0,0
stim,244910,275031,0,275031,3472359.454,-0.537,0.091,0.005,-0.838,3067,325,878,3109,2065,2521,380,2488,45,0.978,1,2274,1,23.528,0.247,-14.875,-5.313,-17.438,-0.188,0.098,1.027,0.227,0.098,0.324,0.050,0.042,1.233,1.315,2,NULL,NULL,,3,0,2,7,255,1287,250,0,0
stim,244910,275031,0,275031,3472364.455,-0.537,0.091,0.006,-0.839,3065,301,928,3107,2083,2513,372,2493,45,0.978,1,2274,1,25.400,0.317,-15.375,-5.563,-19.438,-0.172,0.125,1.031,0.316,-0.023,0.473,0.050,0.044,1.233,1.315,2,NULL,NULL,,3,0,2,7,255,1287,250,0,0
stim,244940,275061,0,275061,3472369.454,-0.536,0.090,0.006,-0.839,3060,317,975,3097,2099,2519,366,2516,45,0.978,1,2274,1,25.821,0.593,-15.000,-5.625,-20.250,-0.133,0.145,1.035,0.516,-0.293,0.473,0.052,0.042,1.233,1.315,2,NULL,NULL,,3,0,2,7,255,1287,250,0,0
stim,244940,275061,0,275061,3472374.455,-0.535,0.090,0.006,-0.840,3053,315,1005,3094,2125,2515,365,2513,45,0.978,1,2274,1,23.783,0.866,-14.313,-4.813,-18.375,-0.125,0.133,1.027,0.516,-0.695,0.469,0.050,0.040,1.233,1.315,2,NULL,NULL,,3,0,2,7,255,1287,250,0,0
stim,244940,275061,0,275061,3472379.454,-0.535,0.089,0.007,-0.840,3037,315,1043,3070,2139,2509,364,2514,45,0.978,1,2274,1,21.340,0.819,-14.500,-5.250,-14.750,-0.133,0.129,1.027,0.434,-0.695,0.395,0.048,0.038,1.233,1.315,2,NULL,NULL,,3,0,2,7,255,1287,250,0,0
stim,244940,275061,0,275061,3472384.455,-0.534,0.089,0.007,-0.841,3030,322,1100,3075,2179,2523,367,2529,45,0.978,1,2274,1,20.419,0.764,-14.813,-5.188,-13.063,-0.168,0.133,1.016,0.434,-0.629,0.383,0.046,0.034,1.233,1.315,2,NULL,NULL,,3,0,2,7,255,1287,250,0,0
stim,244994,275115,0,275115,3472389.453,-0.534,0.088,0.007,-0.841,3016,327,1135,3061,2199,2517,393,2523,45,0.978,1,2274,1,20.961,0.737,-15.063,-5.938,-13.313,-0.191,0.152,1.012,0.656,-0.336,0.344,0.042,0.030,1.233,1.315,2,NULL,NULL,,3,0,2,7,255,1287,250,0,0
stim,244994,275115,0,275115,3472394.455,-0.534,0.087,0.008,-0.841,3005,328,1183,3051,2230,2511,405,2538,45,0.978,1,2274,1,22.478,0.961,-15.375,-6.625,-15.000,-0.191,0.160,1.016,0.926,-0.258,0.344,0.038,0.024,1.233,1.315,2,NULL,NULL,,3,0,2,7,255,1287,250,0,0
stim,244994,275115,0,275115,3472399.453,-0.533,0.087,0.008,-0.842,3001,341,1257,3035,2268,2519,439,2552,45,0.978,1,2274,1,23.947,0.961,-16.000,-6.875,-16.438,-0.168,0.141,1.020,0.926,-0.258,0.352,0.036,0.020,1.233,1.315,2,NULL,NULL,,3,0,2,7,255,1287,250,0,0
stim,244994,275115,0,275115,3472404.455,-0.533,0.086,0.009,-0.842,2989,357,1338,3037,2293,2515,445,2555,45,0.978,1,2274,1,23.848,0.853,-17.563,-6.813,-14.625,-0.137,0.090,1.008,0.758,-0.391,0.352,0.032,0.016,1.233,1.315,2,NULL,NULL,,3,0,2,7,255,1287,250,0,0
stim,244994,275115,0,275115,3472409.454,-0.532,0.086,0.009,-0.842,2981,363,1403,3016,2317,2515,462,2557,45,0.978,1,2274,1,22.938,0.446,-19.313,-6.938,-10.250,-0.148,0.039,0.984,0.215,-0.391,0.176,0.028,0.012,1.233,1.315,2,NULL,NULL,,3,0,2,7,255,1287,250,0,0
stim,244994,275115,0,275115,3472414.455,-0.532,0.085,0.010,-0.842,2964,366,1454,3013,2346,2507,474,2568,45,0.978,1,2274,1,22.107,0.170,-18.625,-6.750,-9.813,-0.176,-0.004,0.957,-0.156,-0.066,-0.059,0.024,0.008,1.233,1.315,2,NULL,NULL,,3,0,2,7,255,1287,250,0,0
stim,244994,275115,0,275115,3472419.454,-0.532,0.084,0.010,-0.843,2955,373,1509,3001,2365,2507,499,2581,45,0.978,1,2274,1,21.120,0.519,-16.438,-7.313,-11.063,-0.180,-0.023,0.953,-0.367,0.367,-0.273,0.020,0.004,1.233,1.315,2,NULL,NULL,,3,0,2,7,255,1287,250,0,0
stim,244994,275115,0,275115,3472424.455,-0.531,0.083,0.011,-0.843,2940,375,1581,2997,2385,2513,540,2587,45,0.978,1,2274,1,20.671,0.705,-14.750,-7.625,-12.313,-0.172,-0.043,0.953,-0.520,0.477,-0.313,0.016,0.006,1.233,1.315,2,NULL,NULL,,3,0,2,7,255,1287,250,0,0
stim,244994,275115,0,275115,3472429.453,-0.531,0.083,0.011,-0.843,2917,378,1629,2981,2407,2507,575,2591,45,0.978,1,2274,1,19.557,0.840,-13.625,-8.125,-11.438,-0.160,-0.059,0.953,-0.691,0.477,-0.359,0.012,0.012,1.233,1.315,2,NULL,NULL,,3,0,2,7,255,1287,250,0,0
stim,244994,275115,0,275115,3472434.455,-0.531,0.082,0.012,-0.844,2911,379,1677,2973,2430,2508,613,2603,45,0.978,1,2274,1,17.925,1.018,-12.500,-8.438,-9.688,-0.164,-0.063,0.953,-0.887,0.500,-0.363,0.010,0.018,1.233,1.315,2,NULL,NULL,,3,0,2,7,255,1287,250,0,0
stim,244994,275115,0,275115,3472439.453,-0.530,0.081,0.012,-0.844,2900,397,1721,2961,2441,2505,653,2606,45,0.978,1,2274,1,16.553,1.018,-10.938,-9.063,-8.500,-0.172,-0.063,0.945,-0.887,0.500,-0.375,0.010,0.022,1.233,1.315,2,NULL,NULL,,3,0,2,7,255,1287,250,0,0
stim,244994,275115,0,275115,3472444.455,-0.530,0.081,0.012,-0.844,2889,412,1783,2943,2470,2507,715,2629,45,0.978,1,2274,1,16.257,1.009,-8.938,-10.000,-9.188,-0.188,-0.047,0.949,-0.813,0.598,-0.379,0.012,0.024,1.233,1.315,2,NULL,NULL,,3,0,2,7,255,1287,250,0,0
stim,245013,275134,0,275134,3472449.454,-0.530,0.080,0.013,-0.844,2869,413,1831,2931,2488,2507,748,2635,45,0.978,1,2274,1,17.282,0.865,-7.125,-10.688,-11.563,-0.191,-0.027,0.961,-0.625,0.598,-0.379,0.012,0.026,1.233,1.315,2,NULL,NULL,,3,0,2,7,255,1287,250,0,0
stim,245013,275134,0,275134,3472454.455,-0.529,0.080,0.013,-0.845,2848,405,1879,2920,2506,2508,821,2645,45,0.978,1,2274,1,18.251,0.720,-6.688,-11.563,-12.438,-0.176,0.004,0.980,-0.402,0.598,-0.250,0.014,0.026,1.233,1.315,2,NULL,NULL,,3,0,2,7,255,1287,250,0,0
stim,245013,275134,0,275134,3472459.454,-0.529,0.079,0.013,-0.845,2835,425,1931,2913,2533,2509,879,2657,45,0.978,1,2274,1,18.583,0.389,-7.563,-12.875,-11.063,-0.176,0.031,0.988,-0.242,0.305,-0.063,0.016,0.026,1.233,1.315,2,NULL,NULL,,3,0,2,7,255,1287,250,0,0
stim,245013,275134,0,275134,3472464.455,-0.528,0.078,0.013,-0.845,2812,431,1980,2888,2549,2518,949,2662,45,0.978,1,2274,1,19.374,0.184,-7.563,-13.688,-11.438,-0.145,0.090,1.008,0.008,0.184,0.023,0.018,0.024,1.233,1.315,2,NULL,NULL,,3,0,2,7,255,1287,250,0,0
stim,245038,275159,0,275159,3472469.453,-0.528,0.078,0.013,-0.845,2789,435,2027,2873,2571,2507,1019,2672,45,0.978,1,2274,1,19.788,0.532,-10.250,-13.125,-10.688,-0.145,0.090,1.016,0.402,-0.348,0.199,0.022,0.022,1.233,1.315,2,NULL,NULL,,3,0,2,7,255,1287,250,0,0
stim,245038,275159,0,275159,3472474.455,-0.528,0.077,0.013,-0.846,2774,462,2086,2860,2595,2509,1080,2687,45,0.978,1,2274,1,21.164,0.532,-13.438,-13.813,-8.750,-0.160,0.055,1.020,0.402,-0.348,0.273,0.026,0.022,1.233,1.315,2,NULL,NULL,,3,0,2,7,255,1287,250,0,0
stim,245038,275159,0,275159,3472479.453,-0.528,0.076,0.013,-0.846,2748,469,2135,2851,2600,2508,1139,2695,45,0.978,1,2274,1,23.546,0.288,-15.563,-13.625,-11.250,-0.164,0.063,1.008,0.277,-0.078,0.273,0.030,0.022,1.233,1.315,2,NULL,NULL,,3,0,2,7,255,1287,250,0,0
stim,245038,275159,0,275159,3472484.455,-0.527,0.075,0.013,-0.846,2732,468,2199,2839,2615,2509,1215,2706,45,0.978,1,2274,1,25.177,0.288,-15.813,-13.313,-14.375,-0.137,0.082,1.000,0.277,-0.078,0.203,0.036,0.022,1.233,1.315,2,NULL,NULL,,3,0,2,7,255,1287,250,0,0
stim,245081,275202,0,275202,3472489.454,-0.527,0.074,0.014,-0.847,2708,496,2249,2827,2643,2521,1303,2719,45,0.978,1,2274,1,25.014,0.451,-15.750,-12.938,-14.500,-0.105,0.070,1.000,0.277,-0.355,0.102,0.038,0.022,1.233,1.315,2,NULL,NULL,,3,0,2,7,255,1287,250,0,0
stim,245081,275202,0,275202,3472494.455,-0.526,0.073,0.014,-0.847,2681,509,2284,2806,2645,2516,1381,2725,45,0.978,1,2274,1,22.825,0.505,-15.313,-11.938,-12.000,-0.090,0.023,0.988,0.156,-0.480,0.035,0.042,0.024,1.233,1.315,2,NULL,NULL,,3,0,2,7,255,1287,250,0,0
stim,245081,275202,0,275202,3472499.454,-0.526,0.073,0.014,-0.847,2659,521,2313,2794,2655,2516,1467,2729,45,0.978,1,2274,1,20.163,0.571,-14.688,-10.938,-8.438,-0.105,-0.035,0.984,-0.309,-0.480,-0.090,0.042,0.024,1.233,1.315,2,NULL,NULL,,3,0,2,7,255,1287,250,0,0
stim,245081,275202,0,275202,3472504.455,-0.526,0.072,0.015,-0.847,2632,535,2351,2789,2677,2519,1545,2735,45,0.978,1,2274,1,19.248,0.685,-14.875,-10.875,-5.563,-0.145,-0.051,0.977,-0.680,-0.086,-0.129,0.044,0.024,1.233,1.315,2,NULL,NULL,,3,0,2,7,255,1287,250,0,0
stim,245081,275202,0,275202,3472509.454,-0.526,0.071,0.015,-0.848,2601,541,2385,2771,2687,2519,1603,2749,45,0.978,1,2274,1,18.480,0.748,-13.063,-11.000,-7.063,-0.164,-0.039,0.961,-0.680,0.313,-0.148,0.042,0.024,1.233,1.315,2,NULL,NULL,,3,0,2,7,255,1287,250,0,0
stim,245081,275202,0,275202,3472514.455,-0.525,0.070,0.015,-0.848,2573,559,2419,2759,2706,2517,1671,2763,45,0.978,1,2274,1,17.944,0.575,-9.688,-11.375,-9.938,-0.160,-0.023,0.965,-0.445,0.363,-0.254,0.040,0.024,1.233,1.315,2,NULL,NULL,,3,0,2,7,255,1287,250,0,0
stim,245081,275202,0,275202,3472519.453,-0.525,0.070,0.015,-0.848,2537,573,2455,2741,2715,2515,1727,2771,45,0.978,1,2274,1,16.725,0.497,-6.875,-11.875,-9.563,-0.148,-0.020,0.977,-0.340,0.363,-0.254,0.040,0.024,1.233,1.315,2,NULL,NULL,,3,0,2,7,255,1287,250,0,0
stim,245081,275202,0,275202,3472524.455,-0.525,0.069,0.015,-0.848,2493,583,2501,2713,2729,2517,1805,2773,45,0.978,1,2274,1,16.587,0.464,-6.750,-12.500,-8.563,-0.164,-0.016,1.004,-0.328,0.328,-0.137,0.038,0.024,1.233,1.315,2,NULL,NULL,,3,0,2,7,255,1287,250,0,0
stim,245081,275202,0,275202,3472529.454,-0.524,0.068,0.015,-0.849,2460,595,2522,2693,2739,2517,1861,2781,45,0.978,1,2274,1,18.707,0.401,-9.750,-13.313,-8.813,-0.180,0.004,1.016,-0.230,0.328,0.133,0.038,0.022,1.233,1.315,2,NULL,NULL,,3,0,2,7,255,1287,250,0,0
stim,245081,275202,0,275202,3472534.455,-0.524,0.068,0.016,-0.849,2419,607,2569,2675,2749,2521,1928,2795,45,0.978,1,2274,1,22.756,0.367,-13.188,-13.813,-12.375,-0.184,0.012,1.020,-0.004,0.367,0.293,0.040,0.022,1.233,1.315,2,NULL,NULL,,3,0,2,7,255,1287,250,0,0
stim,245108,275229,0,275229,3472539.454,-0.524,0.067,0.016,-0.849,2367,613,2587,2645,2767,2519,1971,2799,45,0.978,1,2274,1,27.391,0.375,-17.188,-14.313,-15.813,-0.180,-0.008,1.023,-0.004,0.375,0.324,0.042,0.022,1.233,1.315,2,NULL,NULL,,3,0,2,7,255,1287,250,0,0
stim,245108,275229,0,275229,3472544.455,-0.523,0.066,0.017,-0.850,2323,590,2617,2615,2779,2519,2024,2807,45,0.978,1,2274,1,33.052,0.420,-22.938,-14.813,-18.625,-0.176,-0.023,1.039,-0.090,0.410,0.340,0.044,0.020,1.233,1.315,2,NULL,NULL,,3,0,2,7,255,1287,250,0,0
stim,245108,275229,0,275229,3472549.453,-0.522,0.064,0.017,-0.850,2253,611,2659,2581,2796,2531,2079,2821,45,0.978,1,2274,1,39.398,0.422,-29.063,-15.313,-21.750,-0.176,-0.016,1.027,-0.098,0.410,0.383,0.046,0.020,1.233,1.315,2,NULL,NULL,,3,0,2,7,255,1287,250,0,0
stim,245108,275229,0,275229,3472554.455,-0.521,0.063,0.018,-0.851,2199,611,2677,2551,2811,2531,2134,2829,45,0.978,1,2274,1,41.815,0.410,-29.938,-15.875,-24.500,-0.145,0.008,0.977,-0.098,0.398,0.383,0.050,0.020,1.233,1.315,2,NULL,NULL,,3,0,2,7,255,1287,250,0,0
stim,245127,275248,0,275248,3472559.454,-0.521,0.062,0.019,-0.851,2124,606,2702,2501,2822,2520,2184,2836,45,0.978,1,2274,1,38.145,0.128,-24.000,-15.938,-25.000,-0.113,0.000,0.945,-0.098,0.082,-0.148,0.052,0.020,1.233,1.315,2,NULL,NULL,,3,0,2,7,255,1287,250,0,0
stim,245127,275248,0,275248,3472564.455,-0.520,0.061,0.019,-0.852,2067,604,2728,2451,2828,2521,2223,2855,45,0.978,1,2274,1,31.753,0.144,-17.125,-16.313,-21.188,-0.102,-0.043,0.961,-0.141,-0.031,-0.332,0.054,0.022,1.233,1.315,2,NULL,NULL,,3,0,2,7,255,1287,250,0,0
stim,245127,275248,0,275248,3472569.454,-0.519,0.060,0.019,-0.852,1975,599,2757,2399,2844,2523,2263,2853,45,0.978,1,2274,1,27.885,0.524,-13.750,-16.125,-18.125,-0.117,-0.063,0.992,-0.523,-0.031,-0.332,0.056,0.022,1.233,1.315,2,NULL,NULL,,3,0,2,7,255,1287,250,0,0
stim,245127,275248,0,275248,3472574.455,-0.519,0.059,0.020,-0.853,1916,563,2771,2341,2847,2520,2295,2861,45,0.978,1,2274,1,27.831,0.553,-14.938,-16.000,-17.188,-0.129,-0.055,1.012,-0.531,0.152,-0.035,0.058,0.022,1.233,1.315,2,NULL,NULL,,3,0,2,7,255,1287,250,0,0
stim,245156,275277,0,275277,3472579.454,-0.518,0.058,0.020,-0.853,1823,573,2793,2279,2859,2525,2339,2872,45,0.978,1,2274,1,28.372,0.565,-16.250,-15.938,-16.938,-0.137,-0.031,1.000,-0.531,0.191,0.094,0.060,0.024,1.233,1.315,2,NULL,NULL,,3,0,2,7,255,1287,250,0,0
stim,245156,275277,0,275277,3472584.455,-0.518,0.057,0.020,-0.853,1711,574,2799,2219,2873,2529,2365,2887,45,0.978,1,2274,1,28.365,0.318,-16.125,-16.625,-16.375,-0.133,-0.008,1.004,-0.254,0.191,0.121,0.062,0.024,1.233,1.315,2,NULL,NULL,,3,0,2,7,255,1287,250,0,0
stim,245180,275301,0,275301,3472589.454,-0.517,0.056,0.021,-0.854,1595,550,2821,2145,2876,2519,2393,2885,45,0.978,1,2274,1,29.663,0.195,-17.250,-16.875,-17.250,-0.145,-0.016,1.012,-0.039,0.191,0.121,0.064,0.024,1.233,1.315,2,NULL,NULL,,3,0,2,7,255,1287,250,0,0
stim,245180,275301,1,275301,3472594.455,-0.516,0.055,0.021,-0.854,1479,537,2841,2059,2891,2521,2429,2897,45,0.978,1,2274,1,32.326,0.195,-19.250,-17.500,-19.188,-0.141,-0.031,1.023,-0.039,0.191,0.199,0.066,0.024,1.233,1.315,2,NULL,NULL,,3,1,2,7,255,1287,250,0,0
stim,245180,275301,1,275301,3472599.454,-0.516,0.053,0.021,-0.855,1343,488,2856,1908,2893,2515,2451,2891,45,0.978,1,2274,1,32.770,0.247,-21.375,-19.000,-16.000,-0.082,-0.020,1.027,-0.156,0.191,0.285,0.068,0.026,1.233,1.315,2,NULL,NULL,,3,1,2,7,255,1287,250,0,0
stim,245180,275301,1,275301,3472604.455,-0.516,0.052,0.022,-0.855,1249,453,2859,1797,2909,2506,2473,2903,45,0.978,1,2274,1,32.106,0.221,-23.563,-18.000,-12.313,-0.148,-0.004,1.020,-0.156,0.156,0.285,0.068,0.026,1.233,1.315,2,NULL,NULL,,3,1,2,7,255,1287,250,0,0
stim,245180,275301,1,275301,3472609.454,-0.515,0.051,0.022,-0.855,1125,399,2877,1671,2917,2505,2501,2907,45,0.978,1,2274,1,33.236,0.224,-21.938,-19.063,-16.125,-0.164,-0.004,0.992,0.160,0.156,0.270,0.070,0.026,1.233,1.315,2,NULL,NULL,,3,1,2,7,255,1287,250,0,0
stim,245180,275301,1,275301,3472614.455,-0.514,0.050,0.022,-0.856,957,364,2897,1525,2926,2494,2527,2915,45,0.978,1,2274,1,32.481,0.287,-16.125,-19.875,-20.000,-0.141,-0.023,0.977,0.160,0.238,0.031,0.070,0.026,1.233,1.315,2,NULL,NULL,,3,1,2,7,255,1287,250,0,0
stim,245214,275335,1,275335,3472619.453,-0.514,0.049,0.022,-0.856,825,327,2909,1343,2939,2487,2559,2919,45,0.978,1,2274,1,30.337,0.239,-10.563,-20.875,-19.313,-0.121,-0.035,1.012,0.020,0.238,0.031,0.072,0.026,1.233,1.315,2,NULL,NULL,,3,1,2,7,255,1287,250,0,0
stim,245214,275335,1,275335,3472624.455,-0.513,0.048,0.022,-0.857,652,291,2921,1189,2943,2479,2589,2923,45,0.978,1,2274,1,29.159,0.123,-11.125,-21.313,-16.500,-0.121,-0.020,1.059,-0.047,0.113,0.164,0.072,0.026,1.233,1.315,2,NULL,NULL,,3,1,2,7,255,1287,250,0,0
stim,245214,275335,1,275335,3472629.458,-0.513,0.047,0.022,-0.857,521,251,2935,1034,2953,2464,2613,2923,45,0.978,1,2274,1,30.807,0.123,-15.438,-22.125,-14.875,-0.145,-0.012,1.059,-0.047,0.113,0.637,0.074,0.026,1.233,1.315,2,NULL,NULL,,3,1,2,7,255,1287,250,0,0
stim,245214,275335,1,275335,3472634.455,-0.512,0.045,0.023,-0.857,346,201,2937,863,2965,2460,2642,2933,45,0.978,1,2274,1,34.124,0.243,-18.000,-23.750,-16.625,-0.156,0.012,1.063,0.180,0.164,0.664,0.074,0.026,1.233,1.315,2,NULL,NULL,,3,1,2,7,255,1287,250,0,0
stim,245214,275335,1,275335,3472639.454,-0.512,0.044,0.023,-0.858,229,165,2943,677,2969,2443,2665,2939,45,0.978,1,2274,1,38.281,0.467,-20.688,-24.688,-20.688,-0.137,0.035,1.035,0.438,0.164,0.664,0.072,0.028,1.233,1.315,2,NULL,NULL,,3,1,2,7,255,1287,250,0,0
stim,245214,275335,1,275335,3472644.455,-0.511,0.043,0.023,-0.858,126,127,2967,549,2983,2425,2680,2949,45,0.978,1,2274,1,37.126,0.585,-15.313,-27.500,-19.688,-0.125,0.047,1.035,0.582,-0.063,0.410,0.070,0.028,1.233,1.315,2,NULL,NULL,,3,1,2,7,255,1287,250,0,0
stim,245214,275335,1,275335,3472649.454,-0.510,0.041,0.023,-0.859,57,77,2969,353,2987,2408,2703,2949,45,0.978,1,2274,1,37.088,0.609,-13.188,-29.813,-17.688,-0.117,0.031,1.063,0.582,-0.180,0.410,0.068,0.028,1.233,1.315,2,NULL,NULL,,3,1,2,7,255,1287,250,0,0
stim,245214,275335,1,275335,3472654.455,-0.510,0.040,0.022,-0.859,36,47,2975,213,2996,2392,2718,2954,45,0.978,1,2274,1,38.674,0.542,-12.000,-31.625,-18.750,-0.148,0.004,1.078,0.512,-0.180,0.664,0.066,0.028,1.233,1.315,2,NULL,NULL,,3,1,2,7,255,1287,250,0,0
stim,245214,275335,1,275335,3472659.454,-0.509,0.038,0.022,-0.860,9,36,2987,114,3003,2364,2741,2959,45,0.978,1,2274,1,41.672,0.483,-9.313,-35.563,-19.625,-0.145,-0.023,1.043,0.445,0.188,0.664,0.064,0.032,1.233,1.315,2,NULL,NULL,,3,1,2,7,255,1287,250,0,0
stim,245215,275336,1,275336,3472664.455,-0.508,0.037,0.021,-0.860,0,16,2987,53,3007,2335,2759,2968,45,0.978,1,2274,1,44.062,0.399,-5.750,-37.063,-23.125,-0.145,-0.047,1.059,0.215,0.336,0.641,0.062,0.036,1.233,1.315,2,NULL,NULL,,3,1,2,7,255,1287,250,0,0
stim,245215,275336,1,275336,3472669.453,-0.508,0.035,0.021,-0.861,0,21,2995,0,3019,2311,2774,2965,45,0.978,1,2274,1,46.087,0.470,-0.875,-40.000,-22.875,-0.180,-0.102,1.070,0.039,0.469,0.641,0.060,0.040,1.233,1.315,2,NULL,NULL,,3,1,2,7,255,1287,250,0,0
stim,245239,275360,1,275360,3472674.455,-0.507,0.034,0.019,-0.861,0,0,3002,0,3025,2285,2793,2969,45,0.978,1,2274,0,49.169,1.070,14.313,-45.500,-11.938,-0.223,-0.152,1.168,-0.223,1.047,0.797,0.060,0.046,1.233,1.315,3,NULL,NULL,,3,1,2,7,255,1287,250,0,0
stim,245239,275360,1,275360,3472679.454,-0.507,0.033,0.017,-0.861,0,0,3005,0,3028,2260,2811,2970,45,0.978,1,2274,0,61.472,1.632,31.688,-52.438,-5.000,-0.395,-0.211,1.402,-0.223,1.617,1.828,0.062,0.052,1.233,1.315,3,NULL,NULL,,3,1,2,7,255,1287,250,0,0
stim,245239,275360,1,275360,3472684.455,-0.507,0.031,0.015,-0.861,0,0,3013,0,3033,2229,2833,2972,45,0.978,1,2274,0,62.526,1.628,13.250,-61.063,-2.313,-0.215,0.023,1.469,-0.184,1.617,4.227,0.068,0.056,1.233,1.315,3,NULL,NULL,,3,1,2,7,255,1287,250,0,0
stim,245239,275360,1,275360,3472689.453,-0.507,0.028,0.016,-0.861,0,0,3012,0,3036,2187,2847,2973,45,0.978,1,2274,0,70.255,0.786,-39.688,-57.188,-9.500,-0.113,0.016,1.188,0.520,0.590,4.227,0.076,0.060,1.233,1.315,3,NULL,NULL,,3,1,2,7,255,1287,250,0,0
stim,245290,275411,1,275411,3472694.455,-0.507,0.025,0.016,-0.861,0,0,3016,0,3042,2137,2862,2971,45,0.978,1,2274,0,69.559,0.769,-33.188,-61.125,0.875,-0.125,-0.047,0.996,0.520,0.566,1.871,0.084,0.066,1.233,1.315,3,NULL,NULL,,3,1,2,7,255,1287,250,0,0
stim,245290,275411,1,275411,3472699.453,-0.508,0.022,0.014,-0.861,0,0,3019,0,3047,2085,2875,2974,45,0.978,1,2274,0,68.470,0.614,-3.813,-67.188,12.625,-0.176,-0.063,0.980,0.238,0.566,0.031,0.092,0.072,1.233,1.315,3,NULL,NULL,,3,1,2,7,255,1287,250,0,0
stim,245290,275411,1,275411,3472704.455,-0.508,0.020,0.012,-0.861,0,0,3017,0,3053,2009,2887,2974,45,0.978,1,2274,0,72.327,1.131,10.063,-71.125,8.438,-0.203,-0.129,1.031,0.113,1.125,0.031,0.100,0.078,1.233,1.315,3,NULL,NULL,,3,1,2,7,255,1287,250,0,0
stim,245290,275411,1,275411,3472709.454,-0.508,0.018,0.011,-0.861,0,0,3017,0,3055,1913,2901,2973,45,0.978,1,2274,0,74.610,1.728,12.375,-73.375,5.438,-0.188,-0.164,1.129,-0.176,1.719,0.422,0.106,0.084,1.233,1.315,3,NULL,NULL,,3,1,2,7,255,1287,250,0,0
stim,245290,275411,1,275411,3472714.455,-0.509,0.015,0.009,-0.861,0,0,3015,0,3060,1829,2909,2973,45,0.978,1,2274,0,78.177,1.763,11.563,-77.000,7.000,-0.191,-0.145,1.148,-0.293,1.738,1.379,0.114,0.090,1.233,1.315,3,NULL,NULL,,3,1,2,7,255,1287,250,0,0
stim,245290,275411,1,275411,3472719.454,-0.509,0.012,0.007,-0.861,0,0,3013,0,3064,1748,2917,2971,45,0.978,1,2274,0,80.298,1.763,7.688,-79.813,4.313,-0.184,-0.117,1.148,-0.293,1.738,1.527,0.120,0.096,1.233,1.315,3,NULL,NULL,,3,1,2,7,255,1287,250,0,0
stim,245290,275411,1,275411,3472724.455,-0.509,0.009,0.005,-0.861,0,0,3005,0,3067,1653,2928,2967,45,0.978,1,2274,0,83.268,1.639,5.375,-83.063,2.313,-0.152,-0.070,1.133,-0.094,1.637,1.527,0.128,0.102,1.233,1.315,3,NULL,NULL,,3,1,2,7,255,1287,250,0,0
stim,245290,275411,1,275411,3472729.453,-0.509,0.007,0.003,-0.860,0,0,3001,0,3076,1524,2937,2967,45,0.978,1,2274,0,86.626,1.207,6.063,-86.250,5.313,-0.137,-0.023,1.133,0.191,1.191,1.324,0.136,0.108,1.233,1.315,3,NULL,NULL,,3,1,2,7,255,1287,250,0,0
stim,245290,275411,1,275411,3472734.455,-0.510,0.003,0.000,-0.860,0,0,2997,0,3075,1415,2949,2959,45,0.978,1,2274,0,89.341,1.133,8.063,-88.875,4.250,-0.141,-0.016,1.125,0.547,0.992,1.309,0.146,0.116,1.233,1.315,3,NULL,NULL,,3,1,2,7,255,1287,250,0,0
stim,245290,275411,1,275411,3472739.454,-0.510,0.000,-0.002,-0.860,0,0,2986,0,3079,1257,2955,2957,45,0.978,1,2274,0,92.939,1.133,9.625,-92.375,3.438,-0.133,-0.031,1.117,0.547,0.992,1.238,0.154,0.124,1.233,1.315,3,NULL,NULL,,3,1,2,7,255,1287,250,0,0
stim,245290,275411,1,275411,3472744.455,-0.510,-0.003,-0.004,-0.860,0,0,2973,0,3087,1109,2957,2943,45,0.978,1,2274,0,96.857,1.132,10.813,-96.250,0.500,-0.105,-0.043,1.141,0.531,1.000,1.238,0.164,0.132,1.233,1.315,3,NULL,NULL,,3,1,2,7,255,1287,250,0,0
stim,245290,275411,1,275411,3472749.454,-0.510,-0.006,-0.007,-0.860,0,0,2965,0,3087,957,2971,2941,45,0.978,1,2274,0,99.678,1.064,8.688,-99.188,4.688,-0.078,-0.031,1.152,0.363,1.000,1.371,0.172,0.138,1.233,1.315,3,NULL,NULL,,3,1,2,7,255,1287,250,0,0
stim,245314,275435,1,275435,3472754.455,-0.511,-0.010,-0.009,-0.860,0,0,2951,0,3087,755,2975,2934,45,0.978,1,2274,0,102.567,0.955,4.313,-102.250,6.813,-0.094,-0.008,1.152,0.363,0.883,1.465,0.180,0.146,1.233,1.315,3,NULL,NULL,,3,1,2,7,255,1287,250,0,0
stim,245314,275435,1,275435,3472759.454,-0.511,-0.014,-0.012,-0.859,0,0,2935,0,3087,620,2983,2923,45,0.978,1,2274,0,105.532,1.063,-1.688,-105.375,5.500,-0.086,0.016,1.129,0.676,0.820,1.465,0.186,0.154,1.233,1.315,3,NULL,NULL,,3,1,2,7,255,1287,250,0,0
stim,245314,275435,1,275435,3472764.455,-0.511,-0.018,-0.014,-0.859,0,0,2921,0,3090,540,2989,2917,45,0.978,1,2274,0,109.009,1.251,2.938,-108.938,2.625,-0.109,0.004,1.094,0.887,0.883,1.199,0.192,0.162,1.233,1.315,3,NULL,NULL,,3,1,2,7,255,1287,250,0,0
stim,245314,275435,1,275435,3472769.453,-0.511,-0.022,-0.017,-0.859,0,0,2901,0,3091,411,2997,2905,45,0.978,1,2274,0,113.550,1.396,8.250,-113.250,0.250,-0.090,0.004,1.125,0.887,1.078,1.129,0.198,0.170,1.233,1.315,3,NULL,NULL,,3,1,2,7,255,1287,250,0,0
stim,245337,275458,1,275458,3472774.455,-0.511,-0.026,-0.020,-0.859,0,0,2879,0,3093,236,2999,2891,45,0.978,1,2274,0,118.585,1.411,12.313,-117.938,1.250,-0.074,0.059,1.168,0.910,1.078,1.129,0.206,0.180,1.233,1.315,3,NULL,NULL,,3,1,2,7,255,1287,250,0,0
stim,245337,275458,1,275458,3472779.453,-0.511,-0.030,-0.023,-0.859,0,0,2855,0,3095,141,3005,2870,45,0.978,1,2274,0,121.800,1.582,11.563,-121.250,0.313,-0.063,0.129,1.219,1.348,0.828,1.551,0.214,0.190,1.233,1.315,3,NULL,NULL,,3,1,2,7,255,1287,250,0,0
stim,245337,275458,1,275458,3472784.455,-0.511,-0.034,-0.026,-0.858,0,0,2827,0,3091,72,3013,2845,45,0.978,1,2274,0,125.386,2.061,7.938,-125.125,-1.563,-0.055,0.129,1.258,1.969,0.609,2.035,0.222,0.202,1.233,1.315,3,NULL,NULL,,3,1,2,7,255,1287,250,0,0
stim,245337,275458,1,275458,3472789.454,-0.511,-0.039,-0.029,-0.858,0,0,2797,0,3093,24,3015,2821,45,0.978,1,2274,0,130.405,2.046,0.625,-130.375,2.750,-0.031,0.141,1.340,1.980,0.516,2.387,0.232,0.216,1.233,1.315,3,NULL,NULL,,3,1,2,7,255,1287,250,0,0
stim,245392,275513,1,275513,3472794.455,-0.512,-0.044,-0.032,-0.857,0,0,2763,0,3091,0,3017,2793,45,0.978,1,2274,0,134.787,2.173,-15.063,-133.750,7.188,-0.063,0.141,1.395,2.086,0.609,3.195,0.242,0.232,1.233,1.315,3,NULL,NULL,,3,1,2,7,255,1287,250,0,0
stim,245392,275513,1,275513,3472799.454,-0.512,-0.049,-0.034,-0.857,0,0,2723,0,3091,0,3019,2749,45,0.978,1,2274,0,143.409,2.556,-22.438,-141.063,12.813,-0.152,0.121,1.422,2.375,0.945,3.684,0.254,0.248,1.233,1.315,3,NULL,NULL,,3,1,2,7,255,1287,250,0,0
stim,245392,275513,1,275513,3472804.455,-0.513,-0.055,-0.036,-0.856,0,0,2682,0,3089,0,3019,2711,45,0.978,1,2274,0,151.744,3.358,-23.250,-149.188,15.125,-0.207,0.129,1.496,2.723,1.965,3.832,0.266,0.266,1.233,1.315,3,NULL,NULL,,3,1,2,7,255,1287,250,0,0
stim,245392,275513,1,275513,3472809.454,-0.513,-0.062,-0.039,-0.855,0,0,2633,0,3087,0,2997,2662,45,0.978,1,2274,0,162.063,4.142,-26.813,-159.188,14.313,-0.238,0.160,1.629,3.207,2.621,4.426,0.284,0.290,1.233,1.315,3,NULL,NULL,,3,1,2,7,255,1287,250,0,0
stim,245392,275513,1,275513,3472814.455,-0.513,-0.069,-0.041,-0.854,0,0,2573,0,3080,0,3019,2607,45,0.978,1,2274,0,173.639,4.924,-35.938,-169.188,15.313,-0.250,0.195,1.688,3.871,3.043,5.602,0.306,0.316,1.233,1.315,3,NULL,NULL,,3,1,2,7,255,1287,250,0,0
stim,245392,275513,1,275513,3472819.453,-0.514,-0.077,-0.043,-0.853,0,0,2495,0,3067,0,3017,2547,45,0.978,1,2274,0,188.967,5.508,-48.688,-181.563,19.313,-0.246,0.211,1.734,4.430,3.273,6.055,0.330,0.344,1.233,1.315,3,NULL,NULL,,3,1,2,7,255,1287,250,0,0
stim,245392,275513,1,275513,3472824.455,-0.514,-0.085,-0.045,-0.852,0,0,2425,0,3061,0,3007,2473,45,0.978,1,2274,0,202.991,5.857,-61.313,-192.500,19.750,-0.301,0.191,1.648,4.773,3.395,6.055,0.358,0.376,1.233,1.315,3,NULL,NULL,,3,1,2,7,255,1287,250,0,0
stim,245392,275513,1,275513,3472829.454,-0.514,-0.095,-0.047,-0.851,0,0,2347,0,3050,0,2999,2383,45,0.978,1,2274,0,217.493,6.385,-65.000,-206.688,18.938,-0.340,0.184,1.590,4.961,4.020,5.410,0.388,0.408,1.233,1.315,3,NULL,NULL,,3,1,2,7,255,1287,250,0,0
stim,245392,275513,1,275513,3472834.455,-0.515,-0.104,-0.050,-0.850,0,0,2260,0,3038,0,2995,2280,45,0.978,1,2274,0,228.407,6.870,-54.625,-221.063,17.813,-0.328,0.180,1.695,5.191,4.500,5.410,0.422,0.446,1.233,1.315,3,NULL,NULL,,3,1,2,7,255,1287,250,0,0
stim,245392,275513,1,275513,3472839.454,-0.515,-0.114,-0.053,-0.848,0,0,2152,0,3027,0,2974,2169,45,0.978,1,2274,0,243.477,7.266,-60.250,-235.188,18.375,-0.371,0.145,1.781,5.426,4.832,5.508,0.462,0.488,1.233,1.315,3,NULL,NULL,,3,1,2,7,255,1287,250,0,0
stim,245392,275513,0,275513,3472844.455,-0.515,-0.125,-0.056,-0.846,0,0,2025,0,3005,0,2965,2067,45,0.978,1,2274,0,262.022,8.079,-65.000,-253.063,19.750,-0.418,0.164,1.855,5.680,5.746,6.094,0.506,0.536,1.233,1.315,3,NULL,NULL,,3,0,2,7,255,1281,250,0,0
stim,245392,275513,0,275513,3472849.453,-0.514,-0.137,-0.059,-0.844,0,0,1941,0,2995,7,2939,1943,45,0.978,1,2274,0,280.735,8.970,-73.500,-270.688,11.750,-0.414,0.305,1.918,6.434,6.250,6.480,0.558,0.590,1.233,1.315,3,NULL,NULL,,3,0,2,7,255,1281,250,0,0
stim,245433,275554,0,275554,3472854.455,-0.514,-0.149,-0.063,-0.843,0,0,1848,0,2967,21,2904,1829,45,0.978,1,2274,0,298.065,10.146,-79.313,-287.313,1.875,-0.375,0.355,1.926,7.992,6.250,6.617,0.616,0.650,1.233,1.315,3,NULL,NULL,,3,0,2,7,255,1281,250,0,0
stim,245433,275554,0,275554,3472859.454,-0.513,-0.162,-0.067,-0.840,0,0,1783,0,2932,18,2863,1723,45,0.978,1,2274,0,315.012,10.610,-75.250,-305.813,7.000,-0.363,0.414,2.066,8.574,6.250,6.730,0.678,0.716,1.233,1.315,3,NULL,NULL,,3,0,2,7,255,1281,250,0,0
stim,245433,275554,0,275554,3472864.455,-0.512,-0.175,-0.071,-0.838,0,0,1743,0,2892,12,2807,1587,45,0.978,1,2274,0,327.843,11.557,-64.375,-321.188,13.250,-0.480,0.508,2.336,9.660,6.344,7.594,0.750,0.792,1.233,1.315,3,NULL,NULL,,3,0,2,7,255,1281,250,0,0
stim,245433,275554,0,275554,3472869.454,-0.511,-0.189,-0.076,-0.835,0,0,1687,0,2839,3,2727,1467,45,0.978,1,2274,0,345.339,14.339,-71.500,-337.688,10.688,-0.629,0.598,2.586,11.902,7.996,9.223,0.822,0.866,1.233,1.315,3,NULL,NULL,,3,0,2,7,255,1281,250,0,0
stim,245433,275554,0,275554,3472874.455,-0.509,-0.205,-0.080,-0.832,0,0,1571,0,2780,0,2617,1351,45,0.978,1,2274,0,376.490,17.408,-124.000,-355.438,-5.750,-0.602,0.559,2.633,14.266,9.977,10.371,0.892,0.938,1.233,1.315,3,NULL,NULL,,3,0,2,7,255,1281,250,0,0
stim,245433,275554,0,275554,3472879.454,-0.506,-0.222,-0.082,-0.830,0,0,1437,0,2711,0,2477,1234,45,0.978,1,2274,0,395.733,17.408,-152.250,-364.125,-28.938,-0.434,0.391,2.270,14.266,9.977,10.371,0.956,1.004,1.233,1.315,3,NULL,NULL,,3,0,2,7,255,1281,250,0,0
stim,245458,275579,0,275579,3472884.455,-0.503,-0.238,-0.086,-0.827,0,0,1263,0,2623,0,2282,1116,45,0.978,1,2274,0,403.836,14.978,-142.500,-376.938,-26.375,-0.328,0.285,2.023,11.832,9.184,7.535,1.016,1.066,1.233,1.315,3,NULL,NULL,,3,0,2,7,255,1281,250,0,0
stim,245458,275579,0,275579,3472889.453,-0.500,-0.255,-0.090,-0.823,0,0,1107,0,2505,0,2056,997,45,0.978,1,2274,0,405.920,13.722,-113.188,-389.750,-7.375,-0.320,0.148,2.055,10.195,9.184,5.547,1.080,1.128,1.233,1.315,3,NULL,NULL,,3,0,2,7,255,1281,250,0,0
stim,245480,275601,0,275601,3472894.455,-0.498,-0.271,-0.095,-0.818,0,0,940,0,2373,0,1768,917,45,0.978,1,2274,0,413.035,13.407,-102.438,-400.063,7.375,-0.340,0.004,2.160,9.484,9.477,5.547,1.148,1.196,1.233,1.315,3,NULL,NULL,,3,0,2,7,255,1281,250,0,0
stim,245480,275601,0,275601,3472899.453,-0.496,-0.289,-0.099,-0.813,0,0,668,0,2189,0,1388,797,45,0.978,1,2274,0,429.161,13.921,-116.438,-412.688,17.625,-0.195,-0.195,1.934,9.109,10.527,5.527,1.218,1.266,1.233,1.315,3,NULL,NULL,,3,0,2,7,255,1281,250,0,0
stim,245480,275601,0,275601,3472904.455,-0.494,-0.306,-0.104,-0.807,0,0,482,0,1951,0,959,647,45,0.978,1,2274,0,437.732,12.354,-117.375,-420.750,28.313,0.051,-0.316,1.426,6.465,10.527,4.730,1.294,1.342,1.233,1.315,3,NULL,NULL,,3,0,2,7,255,1281,250,0,0
stim,245480,275601,0,275601,3472909.454,-0.493,-0.323,-0.109,-0.800,0,0,311,0,1719,0,529,535,45,0.978,1,2274,0,435.761,8.076,-74.938,-427.500,38.938,0.266,-0.301,0.961,2.965,7.512,1.977,1.368,1.416,1.233,1.315,3,NULL,NULL,,3,0,2,7,255,1281,250,0,0
stim,245480,275601,0,275601,3472914.455,-0.493,-0.338,-0.119,-0.793,0,0,221,0,1371,0,175,415,45,0.978,1,2274,0,441.114,4.847,20.813,-438.000,48.000,0.285,-0.223,1.082,1.977,4.426,0.203,1.442,1.490,1.233,1.315,3,NULL,NULL,,3,0,2,7,255,1281,250,0,0
stim,245480,275601,0,275601,3472919.454,-0.495,-0.352,-0.130,-0.784,0,0,147,0,1055,0,0,357,45,0.978,1,2274,0,456.638,4.847,83.813,-442.063,77.938,0.129,0.043,1.586,1.977,4.426,0.203,1.516,1.566,1.233,1.315,3,NULL,NULL,,3,0,2,7,255,1281,250,0,0
stim,245505,275626,0,275626,3472924.455,-0.498,-0.366,-0.139,-0.774,0,0,101,0,579,0,0,283,45,0.978,1,2274,0,455.067,9.987,63.000,-437.875,106.688,-0.102,0.152,1.988,6.918,7.203,2.066,1.596,1.646,1.233,1.315,3,NULL,NULL,,3,0,2,7,255,1281,250,0,0
stim,245505,275626,0,275626,3472929.453,-0.500,-0.381,-0.147,-0.763,0,0,75,0,185,0,0,199,45,0.978,1,2274,0,466.625,14.996,9.875,-443.313,145.313,-0.395,0.070,2.004,10.301,10.898,2.066,1.680,1.730,1.233,1.315,3,NULL,NULL,,3,0,2,7,255,1281,250,0,0
stim,245505,275626,0,275626,3472934.455,-0.504,-0.398,-0.152,-0.751,0,0,54,0,0,0,0,104,45,0.978,1,2274,0,494.151,16.803,-28.313,-454.313,192.313,-0.578,0.223,1.770,10.402,13.195,0.227,1.766,1.818,1.233,1.315,3,NULL,NULL,,3,0,2,7,255,1281,250,0,0
stim,245505,275626,0,275626,3472939.453,-0.507,-0.415,-0.156,-0.739,0,0,5,0,0,0,0,54,45,0.978,1,2274,0,492.376,17.169,-70.625,-443.813,201.188,-0.598,0.699,1.414,10.984,13.195,-3.520,1.854,1.906,1.233,1.315,3,NULL,NULL,,3,0,2,7,255,1281,250,0,0
stim,245505,275626,0,275626,3472944.455,-0.507,-0.432,-0.158,-0.729,0,0,0,0,0,0,0,20,45,0.978,1,2274,0,458.479,16.275,-118.000,-414.188,157.250,-0.395,1.195,1.047,13.383,9.262,-7.449,1.934,1.986,1.233,1.315,4,NULL,NULL,,3,0,2,7,255,1281,250,0,0
stim,245505,275626,0,275626,3472949.454,-0.506,-0.448,-0.159,-0.719,0,0,0,0,0,0,0,9,45,0.978,1,2274,0,421.949,15.935,-132.563,-380.500,125.250,-0.227,1.371,0.867,15.516,3.633,-9.668,2.000,2.052,1.233,1.315,0,NULL,NULL,,3,0,2,7,255,1281,250,0,0
stim,245505,275626,0,275626,3472954.455,-0.505,-0.463,-0.158,-0.711,0,0,17,0,0,0,0,25,45,0.978,1,2274,0,402.084,15.618,-179.313,-330.688,142.000,-0.223,1.039,0.797,15.516,1.789,-10.215,2.052,2.104,1.233,1.315,0,NULL,NULL,,3,0,2,7,255,1281,250,0,0
stim,245505,275626,0,275626,3472959.454,-0.503,-0.477,-0.155,-0.704,0,0,25,0,0,0,0,45,45,0.978,1,2274,0,367.903,12.906,-214.688,-275.250,116.188,-0.148,0.410,0.645,12.781,1.789,-10.215,2.084,2.136,1.233,1.315,0,NULL,NULL,,3,0,2,7,255,1281,250,0,0
stim,245523,275644,0,275644,3472964.455,-0.501,-0.488,-0.152,-0.699,0,0,45,0,0,0,0,76,45,0.978,1,2274,0,275.659,7.486,-167.813,-202.688,82.125,-0.148,-0.129,0.563,6.766,3.203,-9.039,2.100,2.150,1.233,1.315,0,NULL,NULL,,3,0,2,7,255,1281,250,0,0
stim,245523,275644,0,275644,3472969.453,-0.500,-0.495,-0.150,-0.695,0,0,40,0,0,0,0,91,45,0.978,1,2274,0,198.548,6.724,-106.563,-150.938,72.688,-0.301,-0.156,1.027,4.371,5.109,-8.082,2.106,2.156,1.233,1.315,0,NULL,NULL,,3,0,2,7,255,1281,250,0,0
stim,245523,275644,0,275644,3472974.455,-0.498,-0.501,-0.147,-0.692,0,0,35,0,0,0,0,119,45,0.978,1,2274,0,177.354,10.206,-140.313,-91.188,58.750,-0.363,0.148,1.328,4.371,9.223,-7.469,2.104,2.154,1.233,1.315,0,NULL,NULL,,3,0,2,7,255,1281,250,0,0
stim,245523,275644,0,275644,3472979.454,-0.494,-0.507,-0.140,-0.692,0,0,35,0,0,0,0,102,45,0.978,1,2274,0,225.679,11.080,-219.625,-27.563,44.000,-0.258,0.133,0.895,6.141,9.223,-7.469,2.090,2.142,1.233,1.315,0,NULL,NULL,,3,0,2,7,255,1281,250,0,0
stim,245546,275667,0,275667,3472984.455,-0.491,-0.512,-0.129,-0.693,0,0,37,0,0,0,0,107,45,0.978,1,2274,0,273.523,9.033,-262.625,31.688,69.563,-0.098,0.289,-0.023,6.141,6.625,-8.504,2.076,2.128,1.233,1.315,0,NULL,NULL,,3,0,2,7,255,1281,250,0,0
stim,245546,275667,0,275667,3472989.454,-0.489,-0.514,-0.120,-0.694,0,0,35,0,0,0,0,105,45,0.978,1,2274,0,231.037,2.327,-198.438,82.250,85.063,-0.180,0.316,-0.770,2.035,-1.129,-11.656,2.062,2.114,1.233,1.315,0,NULL,NULL,,3,0,2,7,255,1281,250,0,0
stim,245546,275667,0,275667,3472994.455,-0.491,-0.513,-0.113,-0.696,0,0,21,0,0,0,0,101,45,0.978,1,2274,0,168.742,6.084,-81.438,118.688,88.063,-0.293,0.316,-0.938,-2.355,-5.609,-15.625,2.054,2.106,1.233,1.315,0,NULL,NULL,,3,0,2,7,255,1281,250,0,0
stim,245546,275667,0,275667,3472999.454,-0.494,-0.508,-0.109,-0.697,0,0,21,0,0,0,0,103,45,0.978,1,2274,0,160.678,6.518,16.750,146.125,64.688,-0.375,0.043,-0.578,-3.320,-5.609,-15.625,2.050,2.104,1.233,1.315,0,NULL,NULL,,3,0,2,7,255,1281,250,0,0
stim,245591,275712,0,275712,3473004.455,-0.498,-0.502,-0.105,-0.699,0,0,11,0,0,0,0,95,45,0.978,1,2274,0,188.489,3.762,47.188,165.125,77.688,-0.250,-0.098,-0.227,-3.320,-1.770,-15.504,2.052,2.106,1.233,1.315,0,NULL,NULL,,3,0,2,7,255,1281,250,0,0
stim,245591,275712,0,275712,3473009.454,-0.502,-0.496,-0.100,-0.701,0,0,16,0,0,0,0,87,45,0.978,1,2274,0,207.672,3.197,47.750,178.688,94.438,-0.293,-0.234,-0.211,-3.164,0.457,-12.457,2.056,2.112,1.233,1.315,0,NULL,NULL,,3,0,2,7,255,1281,250,0,0
stim,245591,275712,0,275712,3473014.455,-0.508,-0.489,-0.096,-0.702,0,0,1,0,0,0,0,69,45,0.978,1,2274,0,231.791,2.280,66.563,183.625,124.813,-0.391,-0.023,-0.313,-2.215,0.539,-12.457,2.066,2.122,1.233,1.315,0,NULL,NULL,,3,0,2,7,255,1281,250,0,0
stim,245591,275712,0,275712,3473019.453,-0.515,-0.482,-0.092,-0.703,0,0,3,0,0,0,0,61,45,0.978,1,2274,0,244.509,2.371,103.938,187.000,118.375,-0.570,0.086,-0.344,-2.129,1.043,-14.254,2.080,2.138,1.233,1.315,0,NULL,NULL,,3,0,2,7,255,1281,250,0,0
stim,245591,275712,0,275712,3473024.455,-0.522,-0.473,-0.090,-0.704,0,0,0,0,0,0,0,58,45,0.978,1,2274,0,260.635,1.754,143.313,187.125,111.250,-0.578,0.188,-0.152,-1.410,1.043,-15.609,2.100,2.158,1.233,1.315,0,NULL,NULL,,3,0,2,7,255,1281,250,0,0
stim,245591,275712,0,275712,3473029.454,-0.529,-0.464,-0.089,-0.705,0,0,9,0,0,0,0,55,45,0.978,1,2274,0,269.024,1.940,158.625,190.125,105.188,-0.594,0.172,0.047,0.527,1.867,-15.609,2.120,2.180,1.233,1.315,0,NULL,NULL,,3,0,2,7,255,1281,250,0,0
stim,245591,275712,0,275712,3473034.455,-0.536,-0.454,-0.087,-0.707,0,0,7,0,0,0,0,47,45,0.978,1,2274,0,271.724,3.692,163.625,191.125,102.625,-0.645,0.133,0.242,1.590,3.332,-14.574,2.144,2.206,1.233,1.315,0,NULL,NULL,,3,0,2,7,255,1281,250,0,0
stim,245591,275712,0,275712,3473039.454,-0.542,-0.445,-0.086,-0.708,0,0,5,0,0,0,0,45,45,0.978,1,2274,0,271.649,5.647,166.750,190.938,97.625,-0.789,0.082,0.363,2.422,5.102,-13.648,2.172,2.234,1.233,1.315,0,NULL,NULL,,3,0,2,7,255,1281,250,0,0
stim,245592,275713,0,275713,3473044.455,-0.548,-0.435,-0.085,-0.709,0,0,8,0,0,0,0,48,45,0.978,1,2274,0,264.636,7.581,167.500,190.188,76.188,-0.840,0.094,0.523,2.715,7.078,-13.613,2.200,2.262,1.233,1.315,0,NULL,NULL,,3,0,2,7,255,1281,250,0,0
stim,245592,275713,0,275713,3473049.453,-0.554,-0.425,-0.085,-0.711,0,0,7,0,0,0,0,46,45,0.978,1,2274,0,254.484,9.143,163.125,187.875,53.438,-0.832,0.020,0.730,3.660,8.379,-12.957,2.228,2.290,1.233,1.315,0,NULL,NULL,,3,0,2,7,255,1281,250,0,0
stim,245630,275751,0,275751,3473054.455,-0.558,-0.416,-0.084,-0.713,0,0,0,0,0,0,0,46,45,0.978,1,2274,0,236.170,10.678,138.313,188.500,33.375,-0.797,0.078,0.836,4.129,9.848,-11.211,2.258,2.322,1.233,1.315,0,NULL,NULL,,3,0,2,7,255,1281,250,0,0
stim,245630,275751,0,275751,3473059.454,-0.561,-0.408,-0.083,-0.716,0,0,0,0,0,0,0,53,45,0.978,1,2274,0,221.501,11.138,113.500,189.813,12.313,-0.762,0.012,0.898,4.848,10.027,-10.305,2.286,2.350,1.233,1.315,0,NULL,NULL,,3,0,2,7,255,1281,250,0,0
stim,245630,275751,0,275751,3473064.455,-0.563,-0.399,-0.081,-0.719,0,0,0,0,0,0,0,57,45,0.978,1,2274,0,214.342,11.138,90.688,194.000,-9.063,-0.660,-0.016,0.840,4.848,10.027,-9.250,2.316,2.380,1.233,1.315,0,NULL,NULL,,3,0,2,7,255,1281,250,0,0
stim,245630,275751,0,275751,3473069.454,-0.564,-0.391,-0.079,-0.723,0,0,0,0,0,0,0,63,45,0.978,1,2274,0,214.113,10.322,76.000,199.438,-17.125,-0.613,-0.082,0.738,4.301,9.383,-8.660,2.346,2.412,1.233,1.315,0,NULL,NULL,,3,0,2,7,255,1281,250,0,0
stim,245630,275751,0,275751,3473074.455,-0.565,-0.383,-0.077,-0.727,0,0,0,0,0,0,0,77,45,0.978,1,2274,0,223.712,9.298,73.125,208.813,-33.125,-0.570,-0.051,0.691,3.242,8.715,-8.621,2.380,2.446,1.233,1.315,0,NULL,NULL,,3,0,2,7,255,1281,250,0,0
stim,245630,275751,0,275751,3473079.454,-0.564,-0.374,-0.075,-0.732,0,0,0,0,0,0,0,107,45,0.978,1,2274,0,239.314,8.617,72.000,221.438,-55.250,-0.480,-0.105,0.633,3.223,7.992,-8.590,2.416,2.482,1.233,1.315,0,NULL,NULL,,3,0,2,7,255,1281,250,0,0
stim,245651,275772,0,275772,3473084.455,-0.564,-0.364,-0.073,-0.737,0,0,0,0,0,0,0,111,45,0.978,1,2274,0,252.947,7.579,75.563,235.063,-54.938,-0.371,-0.133,0.570,2.449,7.172,-8.102,2.454,2.520,1.233,1.315,0,NULL,NULL,,3,0,2,7,255,1281,250,0,0
stim,245651,275772,0,275772,3473089.453,-0.564,-0.354,-0.070,-0.743,0,0,0,0,0,0,0,117,45,0.978,1,2274,0,272.734,6.471,86.000,251.438,-61.375,-0.332,-0.070,0.543,2.211,6.082,-7.688,2.492,2.560,1.233,1.315,0,NULL,NULL,,3,0,2,7,255,1281,250,0,0
stim,245688,275809,0,275809,3473094.455,-0.564,-0.343,-0.068,-0.748,0,0,0,0,0,0,0,119,45,0.978,1,2274,0,290.273,5.700,97.875,265.750,-63.688,-0.277,-0.113,0.574,1.887,5.379,-7.652,2.532,2.598,1.233,1.315,0,NULL,NULL,,3,0,2,7,255,1281,250,0,0
stim,245688,275809,0,275809,3473099.454,-0.564,-0.331,-0.066,-0.753,0,0,0,0,0,0,0,119,45,0.978,1,2274,0,305.282,5.651,110.188,278.563,-58.813,-0.258,-0.063,0.551,2.176,5.215,-6.969,2.566,2.634,1.233,1.315,0,NULL,NULL,,3,0,2,7,255,1281,250,0,0
stim,245688,275809,0,275809,3473104.455,-0.565,-0.318,-0.064,-0.759,0,0,0,0,0,0,0,121,45,0.978,1,2274,0,322.755,5.121,130.063,288.688,-62.563,-0.230,-0.074,0.563,2.035,4.699,-6.887,2.600,2.668,1.233,1.315,0,NULL,NULL,,3,0,2,7,255,1281,250,0,0
stim,245688,275809,0,275809,3473109.454,-0.565,-0.304,-0.063,-0.764,0,0,0,0,0,0,0,117,45,0.978,1,2274,0,336.517,5.115,151.125,295.125,-57.500,-0.199,-0.102,0.660,2.082,4.672,-6.559,2.630,2.698,1.233,1.315,0,NULL,NULL,,3,0,2,7,255,1281,250,0,0
stim,245688,275809,0,275809,3473114.455,-0.566,-0.290,-0.062,-0.769,0,0,0,0,0,0,0,118,45,0.978,1,2274,0,343.487,4.944,159.125,300.313,-49.750,-0.152,-0.070,0.746,2.082,4.484,-5.418,2.654,2.724,1.233,1.315,0,NULL,NULL,,3,0,2,7,255,1281,250,0,0
stim,245688,275809,0,275809,3473119.454,-0.567,-0.276,-0.060,-0.774,0,0,0,0,0,0,0,133,45,0.978,1,2274,0,346.716,4.905,165.125,301.875,-42.625,-0.086,-0.125,0.727,2.082,4.441,-4.449,2.678,2.748,1.233,1.315,0,NULL,NULL,,3,0,2,7,255,1281,250,0,0
stim,245688,275809,0,275809,3473124.455,-0.569,-0.261,-0.060,-0.778,0,0,0,0,0,0,0,135,45,0.978,1,2274,0,352.177,4.285,183.000,299.563,-28.313,-0.059,-0.129,0.754,1.734,3.918,-3.996,2.700,2.770,1.233,1.315,0,NULL,NULL,,3,0,2,7,255,1281,250,0,0
stim,245688,275809,0,275809,3473129.453,-0.571,-0.246,-0.059,-0.781,0,0,0,0,0,0,0,134,45,0.978,1,2274,0,356.929,4.068,198.000,296.375,-18.875,-0.070,0.000,0.848,1.734,3.680,-3.523,2.720,2.790,1.233,1.315,0,NULL,NULL,,3,0,2,7,255,1281,250,0,0
stim,245688,275809,0,275809,3473134.455,-0.573,-0.231,-0.059,-0.784,0,0,0,0,0,0,0,133,45,0.978,1,2274,0,358.795,4.598,206.813,292.813,-14.938,-0.027,0.004,0.957,2.926,3.547,-2.918,2.740,2.810,1.233,1.315,0,NULL,NULL,,3,0,2,7,255,1281,250,0,0
stim,245688,275809,0,275809,3473139.453,-0.576,-0.215,-0.060,-0.787,0,0,0,0,0,0,0,127,45,0.978,1,2274,0,359.443,4.598,214.313,288.563,-1.125,-0.004,-0.078,1.043,2.926,3.547,-1.684,2.762,2.832,1.233,1.315,0,NULL,NULL,,3,0,2,7,255,1281,250,0,0
stim,245712,275833,0,275833,3473144.455,-0.578,-0.200,-0.060,-0.789,0,0,0,0,0,0,0,126,45,0.978,1,2274,0,361.594,4.288,220.188,286.688,8.813,-0.063,-0.105,1.191,2.320,3.605,-0.527,2.784,2.854,1.233,1.315,0,NULL,NULL,,3,0,2,7,255,1281,250,0,0
stim,245712,275833,0,275833,3473149.454,-0.581,-0.185,-0.060,-0.790,0,0,0,0,0,0,0,125,45,0.978,1,2274,0,356.496,5.070,212.750,285.750,13.188,-0.094,-0.090,1.375,2.320,4.508,0.715,2.806,2.878,1.233,1.315,0,NULL,NULL,,3,0,2,7,255,1281,250,0,0
stim,245712,275833,0,275833,3473154.455,-0.584,-0.170,-0.060,-0.792,0,0,0,0,0,0,0,123,45,0.978,1,2274,0,347.155,5.783,197.938,284.625,18.063,-0.129,-0.039,1.465,2.730,5.098,2.398,2.832,2.904,1.233,1.315,0,NULL,NULL,,3,0,2,7,255,1281,250,0,0
stim,245712,275833,0,275833,3473159.454,-0.586,-0.155,-0.059,-0.793,0,0,0,0,0,0,0,123,45,0.978,1,2274,0,341.134,6.135,186.438,284.875,21.438,-0.195,-0.012,1.570,3.168,5.254,3.191,2.858,2.932,1.233,1.315,0,NULL,NULL,,3,0,2,7,255,1281,250,0,0
stim,245712,275833,0,275833,3473164.455,-0.588,-0.141,-0.057,-0.794,0,0,0,0,0,0,0,121,45,0.978,1,2274,0,333.823,6.762,170.688,286.375,17.125,-0.254,0.004,1.695,3.488,5.793,4.102,2.886,2.960,1.233,1.315,0,NULL,NULL,,3,0,2,7,255,1281,250,0,0
stim,245712,275833,0,275833,3473169.453,-0.589,-0.127,-0.055,-0.796,0,0,0,0,0,0,0,122,45,0.978,1,2274,0,324.698,7.313,147.875,289.063,2.125,-0.285,0.027,1.762,3.699,6.309,5.289,2.912,2.986,1.233,1.315,0,NULL,NULL,,3,0,2,7,255,1281,250,0,0
stim,245741,275862,0,275862,3473174.455,-0.590,-0.114,-0.052,-0.797,0,0,0,0,0,0,0,112,45,0.978,1,2274,0,314.985,7.313,119.813,291.250,-5.813,-0.184,-0.086,1.742,3.699,6.309,5.992,2.938,3.012,1.233,1.315,0,NULL,NULL,,3,0,2,7,255,1281,250,0,0
stim,245741,275862,0,275862,3473179.454,-0.591,-0.101,-0.047,-0.799,0,0,0,0,0,0,0,124,45,0.978,1,2274,0,308.390,5.834,96.000,293.063,1.750,-0.133,-0.160,1.645,2.184,5.410,5.992,2.962,3.036,1.233,1.315,0,NULL,NULL,,3,0,2,7,255,1281,250,0,0
stim,245741,275862,0,275862,3473184.455,-0.592,-0.089,-0.043,-0.800,0,0,0,0,0,0,0,135,45,0.978,1,2274,0,307.245,4.859,84.438,295.375,4.813,-0.215,-0.094,1.520,1.441,4.641,5.707,2.982,3.058,1.233,1.315,0,NULL,NULL,,3,0,2,7,255,1281,250,0,0
stim,245741,275862,0,275862,3473189.454,-0.592,-0.076,-0.038,-0.801,0,0,0,0,0,0,0,136,45,0.978,1,2274,0,308.122,4.776,83.125,296.625,-6.563,-0.238,-0.098,1.453,1.207,4.621,4.445,3.000,3.078,1.233,1.315,0,NULL,NULL,,3,0,2,7,255,1281,250,0,0
stim,245785,275906,0,275906,3473194.455,-0.592,-0.064,-0.033,-0.803,0,0,0,0,0,0,0,141,45,0.978,1,2274,0,308.729,4.603,84.625,296.563,-14.250,-0.152,-0.176,1.430,1.207,4.441,3.906,3.016,3.094,1.233,1.315,0,NULL,NULL,,3,0,2,7,255,1281,250,0,0
stim,245785,275906,0,275906,3473199.453,-0.592,-0.051,-0.029,-0.804,0,0,0,0,0,0,0,140,45,0.978,1,2274,0,307.691,3.531,85.313,295.500,-8.688,-0.105,-0.180,1.402,0.000,3.531,3.867,3.028,3.108,1.233,1.315,0,NULL,NULL,,3,0,2,7,255,1281,250,0,0
stim,245785,275906,0,275906,3473204.455,-0.592,-0.038,-0.024,-0.805,0,0,1,0,0,0,0,137,45,0.978,1,2274,0,306.362,2.782,89.688,292.938,-1.250,-0.141,-0.133,1.398,-0.055,2.781,3.805,3.040,3.120,1.233,1.315,0,NULL,NULL,,3,0,2,7,255,1281,250,0,0
stim,245785,275906,0,275906,3473209.454,-0.592,-0.025,-0.020,-0.805,0,0,2,0,0,0,0,141,45,0.978,1,2274,0,305.121,2.670,96.750,289.375,-0.375,-0.160,-0.129,1.418,-0.180,2.664,3.805,3.048,3.128,1.233,1.315,0,NULL,NULL,,3,0,2,7,255,1281,250,0,0
stim,245785,275906,0,275906,3473214.455,-0.592,-0.012,-0.016,-0.805,0,0,9,0,0,0,0,137,45,0.978,1,2274,0,303.889,2.557,105.125,285.125,1.000,-0.160,-0.098,1.449,-0.109,2.555,3.992,3.054,3.136,1.233,1.315,0,NULL,NULL,,3,0,2,7,255,1281,250,0,0
stim,245785,275906,0,275906,3473219.454,-0.592,0.001,-0.013,-0.806,0,0,12,0,0,0,0,138,45,0.978,1,2274,0,303.082,2.179,114.938,280.438,1.750,-0.152,-0.051,1.500,-0.109,2.176,4.336,3.058,3.142,1.233,1.315,0,NULL,NULL,,3,0,2,7,255,1281,250,0,0
stim,245785,275906,0,275906,3473224.455,-0.592,0.014,-0.010,-0.806,0,0,10,0,0,0,0,134,45,0.978,1,2274,0,302.340,1.639,123.875,275.750,5.125,-0.125,-0.035,1.574,-0.094,1.637,4.891,3.060,3.144,1.233,1.315,0,NULL,NULL,,3,0,2,7,255,1281,250,0,0
stim,245785,275906,0,275906,3473229.454,-0.592,0.027,-0.007,-0.805,0,0,12,0,0,0,0,136,45,0.978,1,2274,0,302.143,1.059,131.938,271.625,10.125,-0.105,-0.020,1.652,-0.094,1.055,5.629,3.060,3.144,1.233,1.315,0,NULL,NULL,,3,0,2,7,255,1281,250,0,0
stim,245786,275907,0,275907,3473234.455,-0.592,0.040,-0.005,-0.805,0,0,18,0,0,0,0,139,45,0.978,1,2274,0,303.046,0.588,140.063,268.375,13.938,-0.074,0.008,1.734,-0.309,0.500,6.398,3.056,3.142,1.233,1.315,0,NULL,NULL,,3,0,2,7,255,1281,250,0,0
stim,245786,275907,0,275907,3473239.453,-0.592,0.053,-0.004,-0.804,0,0,20,0,0,0,0,143,45,0.978,1,2274,0,306.256,0.532,149.813,266.563,17.125,-0.020,0.020,1.828,-0.488,-0.211,7.184,3.048,3.134,1.233,1.315,0,NULL,NULL,,3,0,2,7,255,1281,250,0,0
stim,245808,275929,0,275929,3473244.455,-0.593,0.066,-0.002,-0.803,0,0,23,0,0,0,0,151,45,0.978,1,2274,0,311.270,1.469,158.750,266.875,21.563,0.070,0.004,1.941,-0.926,-1.141,8.055,3.038,3.124,1.233,1.315,0,NULL,NULL,,3,0,2,7,255,1281,250,0,0
stim,245808,275929,0,275929,3473249.454,-0.593,0.080,-0.001,-0.801,0,0,23,0,0,0,0,151,45,0.978,1,2274,0,316.376,2.909,163.063,269.500,29.563,0.168,0.016,2.043,-1.750,-2.324,9.012,3.020,3.108,1.233,1.315,0,NULL,NULL,,3,0,2,7,255,1281,250,0,0
stim,245808,275929,0,275929,3473254.455,-0.593,0.093,-0.000,-0.800,0,0,27,0,0,0,0,152,45,0.978,1,2274,0,322.107,4.435,164.000,274.500,38.813,0.273,0.078,2.094,-2.410,-3.723,9.805,2.996,3.088,1.233,1.315,0,NULL,NULL,,3,0,2,7,255,1281,250,0,0
stim,245808,275929,0,275929,3473259.454,-0.594,0.107,0.001,-0.797,0,0,27,0,0,0,0,156,45,0.978,1,2274,0,330.573,5.867,168.625,280.250,48.000,0.383,0.117,2.125,-2.547,-5.285,10.066,2.968,3.062,1.233,1.315,0,NULL,NULL,,3,0,2,7,255,1281,250,0,0
stim,245837,275958,0,275958,3473264.455,-0.595,0.122,0.002,-0.795,0,0,25,0,0,0,0,154,45,0.978,1,2274,0,341.052,7.436,176.125,286.188,58.250,0.488,0.102,2.184,-2.953,-6.824,10.078,2.938,3.032,1.233,1.315,0,NULL,NULL,,3,0,2,7,255,1281,250,0,0
stim,245837,275958,0,275958,3473269.454,-0.596,0.137,0.003,-0.791,0,0,28,0,0,0,0,153,45,0.978,1,2274,0,350.754,9.108,181.813,291.688,69.938,0.559,0.059,2.254,-3.875,-8.242,10.215,2.900,2.994,1.233,1.315,0,NULL,NULL,,3,0,2,7,255,1281,250,0,0
stim,245837,275958,0,275958,3473274.455,-0.597,0.152,0.004,-0.788,0,0,29,0,0,0,0,157,45,0.978,1,2274,0,357.858,10.566,184.313,295.563,82.063,0.598,0.020,2.332,-5.000,-9.309,10.402,2.856,2.952,1.233,1.315,0,NULL,NULL,,3,0,2,7,255,1281,250,0,0
stim,245837,275958,0,275958,3473279.454,-0.598,0.167,0.005,-0.784,0,0,27,0,0,0,0,155,45,0.978,1,2274,0,361.132,11.769,182.563,297.813,91.625,0.621,0.020,2.398,-6.000,-10.125,10.703,2.808,2.908,1.233,1.315,0,NULL,NULL,,3,0,2,7,255,1281,250,0,0
stim,245837,275958,0,275958,3473284.455,-0.600,0.182,0.006,-0.779,0,0,31,0,0,0,0,155,45,0.978,1,2274,0,359.553,12.757,175.563,297.813,98.813,0.641,0.035,2.434,-6.617,-10.906,10.844,2.758,2.858,1.233,1.315,0,NULL,NULL,,3,0,2,7,255,1281,250,0,0
stim,245837,275958,0,275958,3473289.453,-0.602,0.196,0.008,-0.774,0,0,28,0,0,0,0,155,45,0.978,1,2274,0,353.368,13.603,163.938,295.500,103.313,0.660,0.039,2.434,-6.992,-11.668,10.844,2.698,2.800,1.233,1.315,0,NULL,NULL,,3,0,2,7,255,1281,250,0,0
stim,245885,276006,0,276006,3473294.455,-0.604,0.210,0.009,-0.769,0,0,29,0,0,0,0,153,45,0.978,1,2274,0,344.212,14.319,154.063,289.188,105.438,0.688,0.016,2.441,-7.336,-12.297,10.402,2.634,2.740,1.233,1.315,0,NULL,NULL,,3,0,2,7,255,1281,250,0,0
stim,245885,276006,0,276006,3473299.454,-0.605,0.223,0.011,-0.764,0,0,27,0,0,0,0,156,45,0.978,1,2274,0,329.940,15.193,140.688,279.688,104.125,0.746,-0.031,2.445,-7.934,-12.957,9.961,2.568,2.676,1.233,1.315,0,NULL,NULL,,3,0,2,7,255,1281,250,0,0
stim,245885,276006,0,276006,3473304.455,-0.607,0.236,0.013,-0.759,0,0,31,0,0,0,0,171,45,0.978,1,2274,0,311.909,16.348,122.938,267.250,103.688,0.879,-0.125,2.336,-8.758,-13.805,9.266,2.498,2.608,1.233,1.315,0,NULL,NULL,,3,0,2,7,255,1281,250,0,0
stim,245885,276006,0,276006,3473309.454,-0.609,0.247,0.015,-0.753,0,0,28,0,0,0,0,175,45,0.978,1,2274,0,299.458,17.626,109.750,253.125,116.438,0.914,-0.297,2.211,-9.691,-14.723,7.188,2.422,2.536,1.233,1.315,0,NULL,NULL,,3,0,2,7,255,1281,250,0,0
stim,245885,276006,0,276006,3473314.455,-0.611,0.258,0.018,-0.748,0,0,35,0,0,0,0,197,45,0.978,1,2274,0,276.931,18.404,95.563,238.125,104.188,0.828,-0.461,1.977,-11.043,-14.723,5.145,2.346,2.460,1.233,1.315,0,NULL,NULL,,3,0,2,7,255,1281,250,0,0
stim,245885,276006,0,276006,3473319.453,-0.613,0.268,0.019,-0.743,0,0,30,0,0,0,0,203,45,0.978,1,2274,0,259.130,17.598,101.938,221.563,87.563,0.898,-0.559,1.746,-11.762,-13.090,2.656,2.268,2.386,1.233,1.315,0,NULL,NULL,,3,0,2,7,255,1281,250,0,0
stim,245885,276006,0,276006,3473324.455,-0.613,0.278,0.020,-0.739,0,0,27,0,0,0,0,205,45,0.978,1,2274,0,246.762,17.795,115.500,204.250,76.375,1.027,-0.672,1.676,-12.055,-13.090,-0.230,2.188,2.310,1.233,1.315,0,NULL,NULL,,3,0,2,7,255,1281,250,0,0
stim,245885,276006,0,276006,3473329.453,-0.614,0.287,0.020,-0.735,0,0,33,0,0,0,0,237,45,0.978,1,2274,0,238.724,18.909,126.063,185.813,81.063,1.129,-0.824,1.641,-12.992,-13.738,-2.047,2.110,2.234,1.233,1.315,0,NULL,NULL,,3,0,2,7,255,1281,250,0,0
stim,245885,276006,0,276006,3473334.455,-0.614,0.296,0.020,-0.731,0,0,27,0,0,0,0,251,45,0.978,1,2274,0,227.621,20.294,131.625,169.188,76.563,1.133,-0.813,1.660,-14.398,-14.301,-3.590,2.028,2.156,1.233,1.315,0,NULL,NULL,,3,0,2,7,255,1281,250,0,0
stim,245885,276006,0,276006,3473339.454,-0.614,0.305,0.019,-0.728,0,0,28,0,8,0,0,277,45,0.978,1,2274,0,209.796,20.498,129.625,152.688,62.438,1.313,-0.738,1.664,-14.398,-14.590,-3.789,1.946,2.074,1.233,1.315,0,NULL,NULL,,3,0,2,7,255,1281,250,0,0
stim,245908,276029,0,276029,3473344.455,-0.614,0.312,0.018,-0.724,0,0,29,0,25,0,0,297,45,0.978,1,2274,0,191.275,21.516,121.438,138.563,51.375,1.582,-0.730,1.594,-13.879,-16.441,-4.723,1.860,1.988,1.233,1.315,0,NULL,NULL,,3,0,2,7,255,1281,250,0,0
stim,245908,276029,0,276029,3473349.453,-0.614,0.319,0.018,-0.722,0,0,29,0,30,0,0,332,45,0.978,1,2274,0,174.824,23.171,112.938,126.438,42.688,1.867,-0.863,1.465,-13.879,-18.555,-6.848,1.766,1.898,1.233,1.315,0,NULL,NULL,,3,0,2,7,255,1281,250,0,0
stim,245908,276029,0,276029,3473354.455,-0.613,0.326,0.017,-0.719,0,0,25,0,67,0,0,346,45,0.978,1,2274,0,164.453,24.858,110.375,113.375,44.813,2.129,-1.070,1.371,-14.488,-20.199,-9.969,1.670,1.802,1.233,1.315,0,NULL,NULL,,3,0,2,7,255,1281,250,0,0
stim,245908,276029,0,276029,3473359.454,-0.613,0.332,0.015,-0.716,0,0,22,0,75,0,0,355,45,0.978,1,2274,0,153.507,26.883,105.813,98.438,51.750,2.301,-1.262,1.305,-15.980,-21.617,-13.012,1.566,1.702,1.233,1.315,0,NULL,NULL,,3,0,2,7,255,1281,250,0,0
stim,245929,276050,0,276050,3473364.455,-0.613,0.338,0.013,-0.714,0,0,23,0,88,0,0,359,45,0.978,1,2274,0,147.127,27.725,110.375,80.625,54.438,2.313,-1.422,1.168,-17.359,-21.617,-15.348,1.454,1.592,1.233,1.315,0,NULL,NULL,,3,0,2,7,255,1281,250,0,0
stim,245929,276050,0,276050,3473369.454,-0.613,0.343,0.010,-0.712,0,0,22,0,95,0,0,365,45,0.978,1,2274,0,157.609,28.098,138.188,60.000,46.313,2.301,-1.551,1.148,-18.086,-21.504,-17.332,1.336,1.476,1.233,1.315,0,NULL,NULL,,3,0,2,7,255,1281,250,0,0
stim,245929,276050,0,276050,3473374.455,-0.611,0.349,0.005,-0.710,0,0,25,0,99,0,0,377,45,0.978,1,2274,0,183.197,28.719,173.563,32.000,49.125,2.238,-1.461,1.477,-19.035,-21.504,-17.332,1.212,1.356,1.233,1.315,0,NULL,NULL,,3,0,2,7,255,1281,250,0,0
stim,245929,276050,0,276050,3473379.454,-0.610,0.354,-0.001,-0.709,0,0,25,0,103,0,0,374,45,0.978,1,2274,0,185.056,29.364,176.375,5.438,55.750,2.008,-1.141,2.020,-19.418,-22.027,-15.375,1.086,1.232,1.233,1.315,0,NULL,NULL,,3,0,2,7,255,1281,250,0,0
stim,245953,276074,0,276074,3473384.455,-0.610,0.357,-0.007,-0.708,0,0,24,0,95,0,0,379,45,0.978,1,2274,0,153.750,30.158,143.625,-19.438,51.313,1.750,-0.844,2.426,-19.418,-23.074,-9.172,0.956,1.106,1.233,1.315,0,NULL,NULL,,3,0,2,7,255,1281,250,0,0
stim,245953,276074,0,276074,3473389.453,-0.610,0.358,-0.011,-0.707,0,0,24,0,68,0,0,377,45,0.978,1,2274,0,95.422,29.833,76.438,-43.938,36.500,1.453,-0.520,2.773,-18.910,-23.074,-3.793,0.830,0.986,1.233,1.315,0,NULL,NULL,,3,0,2,7,255,1281,250,0,0
stim,245995,276116,0,276116,3473394.455,-0.611,0.355,-0.013,-0.707,0,0,27,0,35,0,0,373,45,0.978,1,2274,0,73.025,29.074,-10.625,-66.063,29.250,1.242,-0.355,2.715,-17.930,-22.887,1.578,0.708,0.872,1.233,1.315,0,NULL,NULL,,3,0,2,7,255,1281,250,0,0
stim,245995,276116,0,276116,3473399.454,-0.612,0.351,-0.013,-0.708,0,0,21,0,22,0,0,416,45,0.978,1,2274,0,103.580,26.631,-70.875,-75.063,8.438,1.020,-0.430,2.355,-16.195,-21.141,1.578,0.592,0.764,1.233,1.315,0,NULL,NULL,,3,0,2,7,255,1281,250,0,0
stim,245995,276116,0,276116,3473404.455,-0.614,0.347,-0.016,-0.708,29,0,25,143,11,0,0,510,45,0.978,1,2274,0,125.156,23.864,-34.125,-109.938,49.125,0.195,-0.859,3.063,-16.195,-17.527,2.988,0.486,0.668,1.233,1.315,0,NULL,NULL,,3,0,2,7,255,1281,250,0,0
stim,245995,276116,0,276116,3473409.454,-0.625,0.343,-0.029,-0.700,517,0,19,749,0,51,0,537,45,0.978,1,2274,0,444.787,19.628,73.688,-191.125,394.813,-0.980,1.145,4.855,-15.039,-12.613,8.902,0.392,0.584,1.233,1.315,0,NULL,NULL,,3,0,2,7,255,1281,250,0,0
stim,245995,276116,0,276116,3473414.455,-0.645,0.325,-0.021,-0.691,1022,0,6,1237,0,243,0,587,45,0.978,1,2274,0,675.564,18.381,-541.563,-106.938,389.438,-1.660,3.027,3.367,-13.770,-12.176,36.078,0.310,0.512,1.233,1.315,0,NULL,NULL,,3,0,2,7,255,1281,250,0,0
stim,245995,276116,0,276116,3473419.454,-0.659,0.302,-0.003,-0.689,1485,0,0,1577,0,421,0,621,45,0.978,1,2274,0,728.727,11.300,-714.438,-80.750,118.750,-2.012,2.426,0.078,10.895,-3.000,36.078,0.244,0.452,1.233,1.315,0,NULL,NULL,,3,0,2,7,255,1281,250,0,0
stim,245995,276116,0,276116,3473424.455,-0.665,0.286,0.009,-0.689,1786,0,0,1771,0,551,0,679,45,0.978,1,2275,0,485.162,20.780,-478.188,-78.750,22.750,-1.832,1.289,-1.113,14.691,14.695,7.922,0.202,0.402,1.233,1.315,1,1301.000,20.000,,3,0,2,7,255,1281,250,0,0
stim,245995,276116,0,276116,3473429.453,-0.667,0.277,0.013,-0.692,1993,0,0,1881,0,645,0,751,45,0.978,1,2275,0,236.209,20.780,-213.313,-89.875,-47.063,-0.676,0.957,-0.559,14.691,14.695,-7.414,0.172,0.364,1.233,1.315,1,NULL,NULL,,3,0,2,7,255,1281,250,0,0
stim,245995,276116,0,276116,3473434.455,-0.668,0.272,0.012,-0.693,2119,0,0,1937,0,805,0,813,45,0.978,1,2275,0,115.377,12.575,-64.750,-95.438,3.313,0.160,0.852,0.859,10.285,7.234,-7.414,0.150,0.340,1.233,1.315,1,NULL,NULL,,3,0,2,7,255,1281,250,0,0
stim,245995,276116,0,276116,3473439.453,-0.673,0.265,0.012,-0.690,2235,0,0,1999,0,923,0,849,45,0.978,1,2275,0,209.045,9.978,-144.438,-101.938,111.563,0.086,1.355,1.352,8.297,-5.543,-0.488,0.124,0.326,1.233,1.315,1,NULL,NULL,,3,0,2,7,255,1281,250,0,0
stim,245995,276116,0,276116,3473444.455,-0.679,0.255,0.015,-0.688,2341,0,0,2046,0,1037,0,887,45,0.978,1,2275,0,281.442,9.978,-232.625,-106.250,117.500,-0.633,1.387,1.219,8.297,-5.543,5.547,0.136,0.344,1.233,1.315,1,NULL,NULL,,3,0,2,7,255,1281,250,0,0
stim,245995,276116,0,276116,3473449.454,-0.684,0.244,0.020,-0.688,2441,0,0,2133,0,1173,0,927,45,0.978,1,2275,0,293.536,8.307,-274.313,-98.750,34.125,-0.945,0.602,0.961,8.297,0.402,5.547,0.164,0.374,1.233,1.315,1,NULL,NULL,,3,0,2,7,255,1281,250,0,0
stim,246035,276156,0,276156,3473454.455,-0.685,0.233,0.025,-0.689,2603,0,0,2357,0,1211,0,947,45,0.978,1,2275,0,290.492,3.280,-272.313,-93.250,-39.188,-0.504,0.117,0.656,2.434,2.199,3.570,0.202,0.406,1.233,1.315,2,NULL,NULL,,3,0,2,7,255,1281,250,0,0
stim,246035,276156,0,276156,3473459.454,-0.688,0.224,0.029,-0.690,2718,0,0,2525,0,1195,0,987,45,0.978,1,2275,0,242.285,2.830,-221.250,-98.500,-6.938,-0.441,-0.484,0.434,-0.863,2.695,-1.992,0.230,0.434,1.233,1.315,2,NULL,NULL,,3,0,2,7,255,1281,250,0,0
stim,246035,276156,0,276156,3473464.455,-0.692,0.214,0.031,-0.688,2809,0,0,2669,0,1171,0,1067,45,0.978,1,2275,0,262.056,6.499,-211.563,-129.188,85.000,-0.883,-1.285,0.539,-5.914,2.695,-4.895,0.246,0.450,1.233,1.315,2,NULL,NULL,,3,0,2,7,255,1281,250,0,0
stim,246035,276156,0,276156,3473469.453,-0.694,0.205,0.032,-0.689,2877,0,0,2773,0,1135,0,1131,45,0.978,1,2275,0,197.645,12.434,-154.188,-123.563,4.688,-0.844,-0.973,0.344,-10.508,6.648,-5.594,0.256,0.456,1.233,1.315,2,NULL,NULL,,3,0,2,7,255,1281,250,0,0
stim,246035,276156,0,276156,3473474.455,-0.694,0.200,0.030,-0.691,2926,0,0,2859,0,1115,0,1197,45,0.978,1,2275,0,133.450,12.434,-54.938,-115.813,-37.125,-0.176,-0.203,0.582,-10.508,6.648,-4.895,0.256,0.452,1.233,1.315,2,NULL,NULL,,3,0,2,7,255,1281,250,0,0
stim,246035,276156,0,276156,3473479.453,-0.693,0.197,0.027,-0.693,2963,0,0,2917,0,1117,0,1194,45,0.978,1,2275,0,106.825,3.736,3.313,-102.813,-28.813,0.121,-0.109,1.320,-3.730,-0.207,-4.402,0.242,0.432,1.233,1.315,2,NULL,NULL,,3,0,2,7,255,1281,250,0,0
stim,246035,276156,0,276156,3473484.455,-0.694,0.192,0.026,-0.693,2997,0,0,2962,0,1131,0,1207,45,0.978,1,2275,0,114.560,6.402,-58.313,-98.500,4.625,0.074,-0.316,1.684,-3.730,-5.203,1.605,0.224,0.402,1.233,1.315,2,NULL,NULL,,3,0,2,7,255,1281,250,0,0
stim,246035,276156,0,276156,3473489.454,-0.697,0.184,0.027,-0.693,3019,0,0,3003,0,1182,0,1235,45,0.978,1,2275,0,202.048,8.250,-168.938,-103.313,40.125,-0.121,-0.441,1.348,-6.402,-5.203,2.086,0.208,0.370,1.233,1.315,2,NULL,NULL,,3,0,2,7,255,1281,250,0,0
stim,246081,276203,0,276203,3473494.455,-0.701,0.175,0.030,-0.691,3041,0,0,3045,0,1279,0,1273,45,0.978,1,2275,0,236.432,6.973,-202.875,-105.125,60.750,-0.355,-0.535,0.531,-6.402,-2.762,2.086,0.192,0.338,1.233,1.315,2,NULL,NULL,,3,0,2,7,255,1281,250,0,0
stim,246081,276203,0,276203,3473499.454,-0.703,0.168,0.030,-0.690,3039,0,0,3056,0,1398,0,1325,45,0.978,1,2275,0,182.240,7.087,-133.688,-111.000,54.938,-0.543,-0.672,0.211,-6.852,1.813,-4.844,0.178,0.308,1.233,1.315,2,NULL,NULL,,3,0,2,7,255,1281,250,0,0
stim,246081,276203,0,276203,3473504.455,-0.705,0.163,0.028,-0.690,3052,0,0,3083,0,1465,0,1375,45,0.978,1,2275,0,126.027,7.523,-42.313,-116.063,24.938,-0.539,-0.563,0.586,-6.672,3.477,-4.844,0.170,0.278,1.233,1.315,2,NULL,NULL,,3,0,2,7,255,1281,250,0,0
stim,246081,276203,0,276203,3473509.454,-0.705,0.159,0.024,-0.691,3061,0,0,3095,0,1565,0,1439,45,0.978,1,2275,0,116.050,7.523,-9.875,-115.563,-3.938,-0.305,-0.234,1.121,-6.672,3.477,-3.859,0.172,0.252,1.233,1.315,2,NULL,NULL,,3,0,2,7,255,1281,250,0,0
stim,246082,276203,0,276203,3473514.455,-0.705,0.155,0.022,-0.692,3080,0,0,3103,0,1691,0,1481,45,0.978,1,2275,0,114.775,4.176,-35.125,-108.750,-10.625,-0.082,-0.090,1.363,-4.176,-0.016,1.070,0.188,0.230,1.233,1.315,2,NULL,NULL,,3,0,2,7,255,1281,250,0,0
stim,246082,276203,0,276203,3473519.453,-0.706,0.149,0.021,-0.692,3087,0,0,3113,17,1781,0,1545,45,0.978,1,2275,0,133.327,4.824,-82.188,-104.563,9.375,-0.008,-0.230,1.230,-4.063,-2.602,1.430,0.210,0.218,1.233,1.315,2,NULL,NULL,,3,0,2,7,255,1281,250,0,0
stim,246102,276223,0,276223,3473524.455,-0.708,0.143,0.021,-0.691,3077,0,0,3115,73,1851,0,1590,45,0.978,1,2275,0,146.744,4.824,-100.250,-102.313,31.875,-0.113,-0.449,0.902,-4.063,-2.602,1.430,0.226,0.204,1.233,1.315,2,NULL,NULL,,3,0,2,7,255,1281,250,0,0
stim,246102,276223,0,276223,3473529.453,-0.710,0.137,0.020,-0.691,3080,0,0,3119,116,1929,20,1623,45,0.978,1,2275,0,134.087,5.793,-77.750,-103.250,35.688,-0.234,-0.508,0.715,-5.691,-1.078,-1.691,0.240,0.190,1.233,1.315,2,NULL,NULL,,3,0,2,7,255,1281,250,0,0
stim,246102,276223,0,276223,3473534.455,-0.711,0.133,0.018,-0.690,3091,0,0,3125,220,2009,29,1673,45,0.978,1,2275,0,115.521,5.697,-40.500,-104.750,27.063,-0.207,-0.305,0.777,-5.691,0.242,-2.410,0.248,0.172,1.233,1.315,2,NULL,NULL,,3,0,2,7,255,1281,250,0,0
stim,246102,276223,0,276223,3473539.454,-0.712,0.129,0.015,-0.690,3083,0,0,3123,384,2091,60,1755,45,0.978,1,2275,0,109.885,4.136,-24.000,-103.938,26.375,-0.109,-0.031,0.965,-4.129,0.242,-2.410,0.258,0.154,1.233,1.315,2,NULL,NULL,,3,0,2,7,255,1281,250,0,0
stim,246102,276223,0,276223,3473544.455,-0.713,0.125,0.013,-0.690,3087,0,0,3119,631,2171,158,1852,45,0.978,1,2275,0,110.740,1.893,-29.500,-101.750,32.250,-0.098,0.121,1.105,-1.641,-0.945,-0.457,0.270,0.142,1.233,1.315,2,NULL,NULL,,3,0,2,7,255,1281,250,0,0
stim,246102,276223,0,276223,3473549.454,-0.714,0.121,0.011,-0.689,3097,0,0,3139,774,2219,217,1965,45,0.978,1,2275,0,91.732,1.268,-25.500,-85.563,21.063,-0.004,0.215,1.520,-0.289,-1.234,1.070,0.280,0.134,1.233,1.315,2,NULL,NULL,,3,0,2,7,255,1281,250,0,0
stim,246102,276223,0,276223,3473554.455,-0.714,0.119,0.010,-0.690,3099,0,0,3125,947,2269,190,2045,45,0.978,1,2275,0,57.236,2.792,-33.313,-41.938,-20.188,0.125,0.395,1.582,0.199,-2.785,4.973,0.286,0.128,1.233,1.315,2,NULL,NULL,,3,0,2,7,255,1281,250,0,0
stim,246102,276223,0,276223,3473559.454,-0.713,0.117,0.010,-0.691,3101,0,0,3131,1032,2293,201,2101,45,0.978,1,2275,0,65.888,4.474,-40.625,-42.625,-29.563,0.402,0.902,1.035,1.957,-4.023,4.973,0.284,0.120,1.233,1.315,2,NULL,NULL,,3,0,2,7,255,1281,250,0,0
stim,246139,276260,0,276260,3473564.455,-0.713,0.116,0.010,-0.692,3097,0,0,3135,1116,2328,199,2146,45,0.978,1,2275,0,36.090,7.000,-0.375,-29.438,-20.875,0.246,0.699,1.246,5.410,-4.441,2.527,0.274,0.108,1.233,1.315,2,NULL,NULL,,3,0,2,7,255,1281,250,0,0
stim,246139,276260,0,276260,3473569.453,-0.713,0.114,0.010,-0.692,3107,18,0,3143,1190,2350,197,2183,45,0.978,1,2275,0,50.079,7.000,-45.188,-18.500,-11.125,-0.223,0.078,1.508,5.410,-4.441,2.527,0.260,0.094,1.233,1.315,2,NULL,NULL,,3,0,2,7,255,1281,250,0,0
stim,246139,276260,0,276260,3473574.455,-0.712,0.110,0.013,-0.694,3103,23,0,3145,1247,2374,198,2217,45,0.978,1,2275,0,106.734,0.489,-94.000,-13.625,-48.688,-0.395,0.141,1.082,0.031,-0.488,2.527,0.244,0.082,1.233,1.315,2,NULL,NULL,,3,0,2,7,255,1281,250,0,0
stim,246139,276260,0,276260,3473579.453,-0.709,0.108,0.015,-0.697,3112,55,0,3147,1322,2387,190,2247,45,0.978,1,2275,0,110.807,0.179,-64.938,-8.563,-89.375,-0.121,0.285,0.781,0.031,-0.176,1.398,0.230,0.078,1.233,1.315,2,NULL,NULL,,3,0,2,7,255,1281,250,0,0
stim,246139,276260,0,276260,3473584.455,-0.707,0.107,0.016,-0.699,3103,57,0,3143,1399,2403,191,2271,45,0.978,1,2275,0,86.951,1.596,-26.688,-9.125,-82.250,0.164,0.262,0.957,1.586,-0.176,-0.629,0.218,0.076,1.233,1.315,2,NULL,NULL,,3,0,2,7,255,1281,250,0,0
stim,246139,276260,0,276260,3473589.454,-0.706,0.106,0.017,-0.701,3099,85,0,3153,1455,2425,212,2302,45,0.978,1,2275,0,57.242,3.592,-31.875,-7.188,-47.000,0.121,0.164,1.176,1.586,-3.223,-0.629,0.208,0.076,1.233,1.315,2,NULL,NULL,,3,0,2,7,255,1281,250,0,0
stim,246185,276306,0,276306,3473594.455,-0.705,0.103,0.018,-0.701,3111,87,0,3159,1514,2439,215,2339,45,0.978,1,2275,0,63.931,3.254,-58.625,-3.563,-25.250,-0.098,0.055,1.094,0.453,-3.223,0.910,0.198,0.076,1.233,1.315,2,NULL,NULL,,3,0,2,7,255,1281,250,0,0
stim,246185,276306,0,276306,3473599.454,-0.704,0.102,0.020,-0.702,3102,121,0,3157,1573,2461,213,2355,45,0.978,1,2275,0,70.317,1.001,-58.250,-2.438,-39.313,-0.250,0.059,0.871,-0.266,-0.965,0.910,0.190,0.076,1.233,1.315,2,NULL,NULL,,3,0,2,7,255,1281,250,0,0
stim,246185,276306,0,276306,3473604.455,-0.702,0.100,0.022,-0.704,3104,164,0,3159,1613,2470,221,2379,45,0.978,1,2275,0,67.990,0.416,-32.563,-2.688,-59.625,-0.184,0.055,0.832,-0.266,0.320,-0.961,0.184,0.076,1.233,1.315,2,NULL,NULL,,3,0,2,7,255,1281,250,0,0
stim,246185,276306,0,276306,3473609.454,-0.701,0.100,0.022,-0.706,3108,186,35,3165,1635,2491,221,2395,45,0.978,1,2275,0,61.466,0.416,-14.813,-3.313,-59.563,-0.086,0.008,0.980,-0.266,0.320,-0.961,0.180,0.076,1.233,1.315,2,NULL,NULL,,3,0,2,7,255,1281,250,0,0
stim,246185,276306,0,276306,3473614.455,-0.699,0.099,0.023,-0.708,3111,216,55,3173,1671,2503,233,2419,45,0.978,1,2275,0,49.848,1.172,-17.250,-2.750,-46.688,-0.078,-0.020,1.059,-0.758,-0.895,-0.234,0.180,0.076,1.233,1.315,2,NULL,NULL,,3,0,2,7,255,1281,250,0,0
stim,246185,276306,0,276306,3473619.453,-0.698,0.098,0.024,-0.709,3108,254,97,3173,1696,2509,235,2439,45,0.978,1,2275,0,45.042,1.268,-21.938,-1.438,-39.313,-0.152,-0.008,1.008,-0.898,-0.895,0.141,0.180,0.074,1.233,1.315,2,NULL,NULL,,3,0,2,7,255,1281,250,0,0
stim,246185,276306,0,276306,3473624.456,-0.697,0.097,0.024,-0.710,3111,269,139,3179,1747,2519,239,2445,45,0.978,1,2275,0,45.369,1.128,-19.625,-1.563,-40.875,-0.160,-0.059,0.957,-1.090,-0.289,0.141,0.182,0.070,1.233,1.315,2,NULL,NULL,,3,0,2,7,255,1281,250,0,0
stim,246185,276306,0,276306,3473629.454,-0.696,0.096,0.025,-0.711,3115,280,137,3175,1769,2529,239,2455,45,0.978,1,2275,0,43.084,1.355,-11.563,-0.563,-41.500,-0.125,-0.156,0.934,-1.324,-0.289,-0.383,0.186,0.066,1.233,1.315,2,NULL,NULL,,3,0,2,7,255,1281,250,0,0
stim,246185,276306,0,276306,3473634.455,-0.695,0.096,0.025,-0.712,3148,256,171,3173,1797,2535,235,2461,45,0.978,1,2275,0,31.342,2.280,-9.313,-1.750,-29.875,-0.082,-0.219,0.961,-2.250,-0.371,-0.578,0.194,0.058,1.233,1.315,2,NULL,NULL,,3,0,2,7,255,1281,250,0,0
stim,246185,276306,0,276306,3473639.454,-0.695,0.095,0.026,-0.713,3109,280,245,3174,1820,2527,237,2472,45,0.978,1,2275,0,19.226,2.729,-12.375,-2.500,-14.500,-0.129,-0.203,0.961,-2.703,-0.375,-0.578,0.202,0.050,1.233,1.315,2,NULL,NULL,,3,0,2,7,255,1281,250,0,0
stim,246210,276331,0,276331,3473644.455,-0.694,0.095,0.026,-0.713,3109,277,275,3178,1840,2541,221,2483,45,0.978,1,2275,0,15.606,2.729,-13.750,-3.500,-6.500,-0.188,-0.137,0.957,-2.703,-0.375,-0.453,0.212,0.040,1.233,1.315,2,NULL,NULL,,3,0,2,7,255,1281,250,0,0
stim,246210,276331,0,276331,3473649.454,-0.694,0.094,0.027,-0.713,3111,281,314,3173,1865,2537,217,2488,45,0.978,1,2275,0,15.219,2.040,-12.250,-4.938,-7.563,-0.215,-0.066,0.961,-2.031,0.188,-0.375,0.222,0.030,1.233,1.315,2,NULL,NULL,,3,0,2,7,255,1281,250,0,0
stim,246210,276331,0,276331,3473654.455,-0.694,0.094,0.027,-0.713,3110,265,363,3183,1883,2538,215,2490,45,0.960,1,2275,1,15.565,1.407,-10.750,-5.625,-9.750,-0.188,-0.074,0.965,-1.395,0.188,-0.238,0.000,0.000,1.143,1.277,2,NULL,NULL,,3,0,2,7,255,1281,250,0,0
stim,246210,276331,0,276331,3473659.454,-0.694,0.093,0.027,-0.714,3108,265,384,3177,1899,2541,215,2495,45,0.960,1,2275,1,13.980,1.404,-9.000,-5.375,-9.250,-0.164,-0.082,0.965,-1.395,0.160,-0.238,0.008,0.008,1.143,1.277,2,NULL,NULL,,3,0,2,7,255,1281,250,0,0
stim,246229,276350,0,276350,3473664.455,-0.694,0.092,0.027,-0.714,3100,261,398,3166,1913,2541,202,2492,45,0.960,1,2275,1,11.616,1.397,-8.063,-6.188,-5.625,-0.137,-0.066,0.977,-1.395,-0.074,-0.234,0.014,0.014,1.143,1.277,2,NULL,NULL,,3,0,2,7,255,1281,250,0,0
stim,246229,276350,0,276350,3473669.453,-0.694,0.092,0.028,-0.714,3097,246,429,3171,1912,2539,191,2495,45,0.960,1,2275,1,8.665,1.329,-6.188,-5.375,-2.813,-0.141,-0.031,0.973,-1.297,-0.289,-0.211,0.020,0.020,1.143,1.277,2,NULL,NULL,,3,0,2,7,255,1281,250,0,0
stim,246229,276350,0,276350,3473674.455,-0.693,0.092,0.028,-0.714,3097,245,455,3159,1928,2549,172,2503,45,0.960,1,2275,1,7.133,0.989,-3.688,-5.625,-2.375,-0.152,0.012,0.992,-0.945,-0.289,-0.207,0.026,0.024,1.143,1.277,2,NULL,NULL,,3,0,2,7,255,1281,250,0,0
stim,246229,276350,0,276350,3473679.454,-0.693,0.091,0.027,-0.714,3094,243,468,3154,1931,2541,165,2509,45,0.960,1,2275,1,6.520,0.599,-3.063,-4.750,-3.250,-0.160,0.035,1.008,-0.555,-0.227,0.020,0.028,0.026,1.143,1.277,2,NULL,NULL,,3,0,2,7,255,1281,250,0,0
stim,246251,276372,0,276372,3473684.455,-0.693,0.091,0.027,-0.714,3103,227,487,3155,1935,2536,155,2504,45,0.960,1,2275,1,7.225,0.364,-3.125,-4.250,-4.938,-0.180,0.059,1.012,-0.316,-0.180,0.172,0.032,0.028,1.143,1.277,2,NULL,NULL,,3,0,2,7,255,1281,250,0,0
stim,246251,276372,0,276372,3473689.454,-0.693,0.091,0.027,-0.715,3087,236,507,3143,1942,2537,149,2504,45,0.960,1,2275,1,9.587,0.099,-3.063,-4.188,-8.063,-0.180,0.066,1.008,-0.098,-0.016,0.254,0.034,0.030,1.143,1.277,2,NULL,NULL,,3,0,2,7,255,1281,250,0,0
stim,246291,276412,0,276412,3473694.455,-0.693,0.091,0.027,-0.715,3087,235,537,3141,1949,2540,149,2513,45,0.960,1,2275,1,10.987,0.020,-3.500,-4.125,-9.563,-0.172,0.066,1.012,-0.012,-0.016,0.254,0.034,0.030,1.143,1.277,2,NULL,NULL,,3,0,2,7,255,1281,250,0,0
stim,246291,276412,0,276412,3473699.453,-0.692,0.090,0.027,-0.715,3087,233,555,3131,1955,2531,151,2505,45,0.960,1,2275,1,10.739,0.023,-3.438,-4.625,-9.063,-0.176,0.063,1.004,-0.012,-0.020,0.246,0.034,0.028,1.143,1.277,2,NULL,NULL,,3,0,2,7,255,1281,250,0,0
stim,246291,276412,0,276412,3473704.455,-0.692,0.090,0.027,-0.716,3079,233,574,3118,1965,2533,157,2509,45,0.960,1,2275,1,11.389,0.023,-2.563,-5.063,-9.875,-0.188,0.090,1.008,-0.012,-0.020,0.246,0.032,0.026,1.143,1.277,2,NULL,NULL,,3,0,2,7,255,1281,250,0,0
stim,246291,276412,0,276412,3473709.454,-0.692,0.090,0.027,-0.716,3067,233,587,3115,1968,2527,173,2514,45,0.960,1,2275,1,13.689,0.258,-1.125,-5.875,-12.313,-0.180,0.129,1.016,0.258,0.000,0.250,0.030,0.024,1.143,1.277,2,NULL,NULL,,3,0,2,7,255,1281,250,0,0
stim,246291,276412,0,276412,3473714.455,-0.691,0.090,0.027,-0.716,3049,234,612,3100,1983,2525,183,2523,45,0.960,1,2275,1,14.360,0.609,-1.188,-6.375,-12.813,-0.160,0.148,1.027,0.609,0.000,0.344,0.028,0.022,1.143,1.277,2,NULL,NULL,,3,0,2,7,255,1281,250,0,0
stim,246291,276412,0,276412,3473719.454,-0.691,0.089,0.027,-0.717,3037,229,643,3097,2005,2521,211,2527,45,0.960,1,2275,1,13.119,0.814,-3.125,-6.938,-10.688,-0.152,0.156,1.027,0.785,-0.215,0.441,0.026,0.018,1.143,1.277,2,NULL,NULL,,3,0,2,7,255,1281,250,0,0
stim,246291,276412,0,276412,3473724.455,-0.691,0.089,0.027,-0.717,3029,233,655,3079,2013,2521,235,2531,45,0.960,1,2275,1,12.262,0.913,-5.313,-7.063,-8.500,-0.156,0.168,1.023,0.879,-0.246,0.441,0.022,0.014,1.143,1.277,2,NULL,NULL,,3,0,2,7,255,1281,250,0,0
stim,246291,276412,0,276412,3473729.454,-0.691,0.089,0.027,-0.717,3029,239,665,3087,2039,2519,247,2531,45,0.960,1,2275,1,11.919,1.041,-6.063,-7.563,-6.938,-0.156,0.168,1.012,1.012,-0.246,0.395,0.018,0.010,1.143,1.277,2,NULL,NULL,,3,0,2,7,255,1281,250,0,0
stim,246291,276412,0,276412,3473734.455,-0.691,0.088,0.026,-0.717,3013,246,710,3063,2076,2523,269,2543,45,0.960,1,2275,1,11.439,1.041,-6.188,-7.938,-5.438,-0.145,0.156,1.008,1.012,-0.246,0.305,0.014,0.008,1.143,1.277,2,NULL,NULL,,3,0,2,7,255,1281,250,0,0
stim,246291,276412,0,276412,3473739.454,-0.691,0.088,0.026,-0.717,2999,249,736,3055,2096,2523,295,2549,45,0.960,1,2275,1,10.696,0.949,-6.375,-8.000,-3.125,-0.141,0.148,1.008,0.895,-0.316,0.246,0.012,0.006,1.143,1.277,2,NULL,NULL,,3,0,2,7,255,1281,250,0,0
stim,246310,276431,0,276431,3473744.455,-0.691,0.088,0.026,-0.717,2988,248,767,3053,2125,2517,319,2550,45,0.960,1,2275,1,10.920,0.868,-7.313,-8.063,-0.875,-0.152,0.141,1.008,0.809,-0.316,0.230,0.010,0.006,1.143,1.277,2,NULL,NULL,,3,0,2,7,255,1281,250,0,0
stim,246310,276431,0,276431,3473749.453,-0.691,0.087,0.026,-0.717,2973,268,831,3039,2171,2518,365,2567,45,0.960,1,2275,1,11.377,0.797,-8.125,-7.875,-1.188,-0.168,0.133,1.008,0.762,-0.234,0.230,0.008,0.008,1.143,1.277,2,NULL,NULL,,3,0,2,7,255,1281,250,0,0
stim,246310,276431,0,276431,3473754.455,-0.691,0.087,0.026,-0.718,2967,279,904,3029,2200,2517,381,2580,45,0.960,1,2275,1,12.362,0.693,-8.813,-7.875,-3.625,-0.180,0.113,0.996,0.691,-0.047,0.230,0.008,0.008,1.143,1.277,2,NULL,NULL,,3,0,2,7,255,1281,250,0,0
stim,246310,276431,0,276431,3473759.454,-0.690,0.086,0.026,-0.718,2951,283,947,3030,2217,2515,405,2581,45,0.960,1,2275,1,13.308,0.516,-8.875,-7.750,-6.188,-0.172,0.082,0.984,0.516,0.023,0.148,0.010,0.010,1.143,1.277,2,NULL,NULL,,3,0,2,7,255,1281,250,0,0
stim,246310,276431,0,276431,3473764.455,-0.690,0.086,0.026,-0.718,2937,301,1006,3021,2257,2517,457,2602,45,0.960,1,2275,1,13.610,0.220,-8.625,-7.750,-7.125,-0.164,0.059,0.977,0.219,0.023,-0.004,0.012,0.010,1.143,1.277,2,NULL,NULL,,3,0,2,7,255,1281,250,0,0
stim,246310,276431,0,276431,3473769.454,-0.690,0.085,0.026,-0.718,2919,307,1079,3004,2281,2523,499,2607,45,0.960,1,2275,1,14.050,0.028,-9.250,-8.438,-6.375,-0.188,0.023,0.969,-0.016,0.023,-0.102,0.014,0.010,1.143,1.277,2,NULL,NULL,,3,0,2,7,255,1281,250,0,0
stim,246340,276461,0,276461,3473774.455,-0.690,0.085,0.027,-0.718,2912,307,1166,3019,2303,2519,563,2613,45,0.960,1,2275,1,16.589,0.413,-10.313,-9.063,-9.313,-0.215,0.000,0.965,-0.340,0.234,-0.133,0.018,0.012,1.143,1.277,2,NULL,NULL,,3,0,2,7,255,1281,250,0,0
stim,246340,276461,0,276461,3473779.454,-0.689,0.084,0.027,-0.719,2894,333,1229,2988,2335,2519,631,2632,45,0.960,1,2275,1,20.895,0.705,-10.188,-9.313,-15.688,-0.207,0.000,0.961,-0.516,0.480,-0.148,0.022,0.014,1.143,1.277,2,NULL,NULL,,3,0,2,7,255,1281,250,0,0
stim,246340,276461,0,276461,3473784.455,-0.689,0.083,0.027,-0.720,2876,339,1303,2979,2373,2520,717,2639,45,0.960,1,2275,1,23.833,0.711,-9.938,-9.813,-19.313,-0.176,-0.008,0.961,-0.523,0.480,-0.215,0.026,0.018,1.143,1.277,2,NULL,NULL,,3,0,2,7,255,1281,250,0,0
stim,246340,276461,0,276461,3473789.453,-0.688,0.082,0.027,-0.720,2869,359,1397,2969,2397,2519,839,2651,45,0.960,1,2275,1,23.579,0.622,-11.250,-10.375,-17.938,-0.160,-0.035,0.969,-0.598,0.172,-0.223,0.028,0.020,1.143,1.277,2,NULL,NULL,,3,0,2,7,255,1281,250,0,0
stim,246390,276511,0,276511,3473794.455,-0.688,0.082,0.027,-0.721,2847,377,1477,2953,2425,2523,889,2664,45,0.960,1,2275,1,23.277,0.865,-12.875,-11.313,-15.750,-0.172,-0.043,0.965,-0.848,0.172,-0.242,0.032,0.024,1.143,1.277,2,NULL,NULL,,3,0,2,7,255,1281,250,0,0
stim,246390,276511,0,276511,3473799.453,-0.688,0.081,0.027,-0.721,2834,381,1559,2936,2453,2529,973,2677,45,0.960,1,2275,1,23.642,0.866,-13.188,-12.500,-15.125,-0.195,-0.016,0.961,-0.848,0.176,-0.223,0.032,0.024,1.143,1.277,2,NULL,NULL,,3,0,2,7,255,1281,250,0,0
stim,246390,276511,0,276511,3473804.455,-0.687,0.080,0.027,-0.722,2808,381,1629,2923,2477,2527,1048,2685,45,0.960,1,2275,1,25.869,0.733,-12.625,-13.875,-17.813,-0.211,0.016,0.973,-0.617,0.395,-0.215,0.034,0.026,1.143,1.277,2,NULL,NULL,,3,0,2,7,255,1281,250,0,0
stim,246390,276511,0,276511,3473809.454,-0.686,0.079,0.027,-0.722,2785,405,1707,2907,2501,2530,1133,2699,45,0.960,1,2275,1,29.700,0.501,-11.563,-14.813,-23.000,-0.180,0.043,0.992,-0.309,0.395,-0.078,0.032,0.026,1.143,1.277,2,NULL,NULL,,3,0,2,7,255,1281,250,0,0
stim,246390,276511,0,276511,3473814.455,-0.686,0.078,0.027,-0.723,2767,419,1783,2893,2523,2531,1215,2711,45,0.960,1,2275,1,31.180,0.197,-12.313,-15.250,-24.250,-0.121,0.059,1.004,-0.027,0.195,0.082,0.032,0.026,1.143,1.277,2,NULL,NULL,,3,0,2,7,255,1281,250,0,0
stim,246390,276511,0,276511,3473819.454,-0.685,0.077,0.027,-0.724,2745,430,1832,2875,2547,2534,1299,2719,45,0.960,1,2275,1,28.194,0.375,-12.938,-15.000,-20.063,-0.094,0.051,1.008,0.008,-0.375,0.090,0.030,0.024,1.143,1.277,2,NULL,NULL,,3,0,2,7,255,1281,250,0,0
stim,246409,276530,0,276530,3473824.455,-0.685,0.076,0.027,-0.724,2719,441,1909,2862,2571,2535,1388,2729,45,0.960,1,2275,1,25.491,0.410,-13.938,-14.125,-16.000,-0.113,0.035,0.992,0.008,-0.410,0.090,0.030,0.024,1.143,1.277,2,NULL,NULL,,3,0,2,7,255,1281,250,0,0
stim,246409,276530,0,276530,3473829.453,-0.684,0.075,0.027,-0.725,2697,479,1991,2853,2587,2547,1461,2739,45,0.960,1,2275,1,24.472,0.422,-12.563,-13.750,-15.875,-0.141,0.012,0.977,-0.098,-0.410,-0.039,0.028,0.022,1.143,1.277,2,NULL,NULL,,3,0,2,7,255,1281,250,0,0
stim,246409,276530,0,276530,3473834.455,-0.684,0.075,0.027,-0.725,2671,495,2059,2840,2607,2538,1526,2747,45,0.960,1,2275,1,25.176,0.297,-10.375,-13.563,-18.500,-0.133,0.016,0.973,-0.242,-0.172,-0.145,0.028,0.022,1.143,1.277,2,NULL,NULL,,3,0,2,7,255,1281,250,0,0
stim,246409,276530,0,276530,3473839.453,-0.683,0.074,0.027,-0.726,2647,504,2116,2827,2621,2537,1595,2759,45,0.960,1,2275,1,23.488,0.323,-7.875,-13.938,-17.188,-0.121,0.012,0.980,-0.273,-0.172,-0.145,0.028,0.022,1.143,1.277,2,NULL,NULL,,3,0,2,7,255,1281,250,0,0
stim,246409,276530,0,276530,3473844.455,-0.683,0.073,0.027,-0.726,2617,523,2173,2811,2641,2541,1676,2769,45,0.960,1,2275,1,21.962,0.362,-7.438,-13.000,-16.063,-0.113,0.023,0.992,-0.242,-0.270,-0.133,0.030,0.022,1.143,1.277,2,NULL,NULL,,3,0,2,7,255,1281,250,0,0
stim,246409,276530,0,276530,3473849.454,-0.682,0.073,0.027,-0.727,2595,533,2223,2811,2659,2542,1741,2778,45,0.960,1,2275,1,20.604,0.324,-7.688,-12.813,-14.188,-0.129,0.023,1.008,-0.180,-0.270,-0.012,0.032,0.022,1.143,1.277,2,NULL,NULL,,3,0,2,7,255,1281,250,0,0
stim,246409,276530,0,276530,3473854.455,-0.682,0.072,0.027,-0.727,2543,552,2267,2781,2679,2541,1814,2787,45,0.960,1,2275,1,21.166,0.295,-9.750,-13.000,-13.563,-0.152,0.016,1.000,-0.180,-0.234,0.113,0.034,0.024,1.143,1.277,2,NULL,NULL,,3,0,2,7,255,1281,250,0,0
stim,246409,276530,0,276530,3473859.454,-0.682,0.071,0.027,-0.728,2506,565,2319,2766,2697,2543,1883,2795,45,0.960,1,2275,1,22.585,0.202,-11.250,-13.500,-14.188,-0.172,0.012,1.008,-0.199,0.031,0.137,0.036,0.026,1.143,1.277,2,NULL,NULL,,3,0,2,7,255,1281,250,0,0
stim,246435,276556,0,276556,3473864.455,-0.681,0.070,0.027,-0.728,2471,557,2365,2752,2712,2543,1947,2805,45,0.960,1,2275,1,26.105,0.312,-13.750,-14.188,-17.063,-0.184,0.008,1.016,-0.219,0.223,0.195,0.038,0.026,1.143,1.277,2,NULL,NULL,,3,0,2,7,255,1281,250,0,0
stim,246435,276556,0,276556,3473869.453,-0.681,0.069,0.027,-0.729,2427,595,2405,2727,2725,2547,2007,2809,45,0.960,1,2275,1,30.023,0.347,-16.625,-15.000,-20.000,-0.176,0.008,1.023,-0.223,0.266,0.277,0.040,0.028,1.143,1.277,2,NULL,NULL,,3,0,2,7,255,1281,250,0,0
stim,246435,276556,0,276556,3473874.455,-0.680,0.068,0.028,-0.730,2389,611,2447,2702,2739,2549,2060,2815,45,0.960,1,2275,1,34.985,0.347,-21.188,-15.313,-23.250,-0.168,0.012,1.035,-0.223,0.266,0.344,0.040,0.030,1.143,1.277,2,NULL,NULL,,3,0,2,7,255,1281,250,0,0
stim,246435,276556,1,276556,3473879.454,-0.679,0.067,0.028,-0.730,2345,622,2491,2678,2751,2547,2107,2828,45,0.960,1,2275,1,41.472,0.284,-28.000,-15.500,-26.375,-0.160,-0.004,1.039,-0.223,0.176,0.461,0.042,0.032,1.143,1.277,2,NULL,NULL,,3,1,2,7,255,1281,250,0,0
stim,246435,276556,1,276556,3473884.455,-0.679,0.065,0.029,-0.731,2277,623,2533,2642,2765,2548,2159,2839,45,0.960,1,2275,1,45.108,0.327,-32.625,-15.750,-26.875,-0.137,-0.008,1.008,-0.293,0.145,0.461,0.044,0.034,1.143,1.277,2,NULL,NULL,,3,1,2,7,255,1281,250,0,0
stim,246435,276556,1,276556,3473889.454,-0.678,0.064,0.029,-0.732,2204,626,2569,2613,2777,2549,2207,2844,45,0.960,1,2275,1,43.247,0.297,-30.688,-15.688,-26.125,-0.129,0.000,0.969,-0.293,-0.051,0.156,0.046,0.036,1.143,1.277,2,NULL,NULL,,3,1,2,7,255,1281,250,0,0
stim,246483,276604,1,276604,3473894.455,-0.677,0.062,0.030,-0.733,2143,622,2592,2575,2793,2547,2250,2857,45,0.960,1,2275,1,38.439,0.214,-25.063,-16.625,-23.938,-0.125,0.000,0.957,-0.203,-0.066,-0.227,0.046,0.038,1.143,1.277,2,NULL,NULL,,3,1,2,7,255,1281,250,0,0
stim,246483,276604,1,276604,3473899.454,-0.677,0.061,0.030,-0.733,2086,618,2620,2531,2808,2543,2290,2861,45,0.960,1,2275,1,34.696,0.209,-19.063,-16.625,-23.750,-0.129,-0.023,0.977,-0.203,-0.051,-0.227,0.048,0.040,1.143,1.277,2,NULL,NULL,,3,1,2,7,255,1281,250,0,0
stim,246483,276604,1,276604,3473904.455,-0.676,0.060,0.030,-0.734,2005,610,2649,2487,2823,2542,2328,2868,45,0.960,1,2275,1,35.153,0.391,-17.938,-17.000,-25.000,-0.133,-0.047,1.020,-0.391,-0.020,-0.176,0.048,0.040,1.143,1.277,2,NULL,NULL,,3,1,2,7,255,1281,250,0,0
stim,246483,276604,1,276604,3473909.454,-0.675,0.059,0.030,-0.735,1929,594,2681,2441,2835,2541,2363,2877,45,0.960,1,2275,1,38.690,0.430,-22.313,-16.938,-26.688,-0.129,-0.031,1.047,-0.430,-0.020,0.277,0.050,0.042,1.143,1.277,2,NULL,NULL,,3,1,2,7,255,1281,250,0,0
stim,246483,276604,1,276604,3473914.455,-0.674,0.057,0.031,-0.736,1849,575,2707,2383,2847,2541,2398,2887,45,0.960,1,2275,1,39.261,0.439,-25.875,-16.938,-24.188,-0.117,0.020,1.008,-0.430,-0.090,0.277,0.052,0.042,1.143,1.277,2,NULL,NULL,,3,1,2,7,255,1281,250,0,0
stim,246483,276604,1,276604,3473919.453,-0.674,0.056,0.031,-0.736,1737,559,2729,2321,2857,2537,2437,2889,45,0.960,1,2275,1,37.664,0.117,-25.313,-17.063,-22.063,-0.129,0.039,1.016,0.074,-0.090,0.203,0.054,0.044,1.143,1.277,2,NULL,NULL,,3,1,2,7,255,1281,250,0,0
stim,246483,276604,1,276604,3473924.455,-0.673,0.054,0.031,-0.737,1622,549,2757,2255,2867,2536,2468,2897,45,0.960,1,2275,1,40.079,0.173,-26.688,-17.750,-24.063,-0.156,0.020,1.027,0.160,-0.066,0.203,0.056,0.044,1.143,1.277,2,NULL,NULL,,3,1,2,7,255,1281,250,0,0
stim,246483,276604,1,276604,3473929.454,-0.672,0.053,0.032,-0.738,1483,519,2780,2169,2875,2533,2495,2903,45,0.960,1,2275,1,44.903,0.160,-29.688,-18.063,-28.438,-0.133,0.000,1.027,0.160,0.008,0.340,0.058,0.046,1.143,1.277,2,NULL,NULL,,3,1,2,7,255,1281,250,0,0
stim,246483,276604,1,276604,3473934.455,-0.672,0.051,0.032,-0.738,1325,476,2797,2075,2887,2529,2527,2905,45,0.960,1,2275,1,44.956,0.021,-30.125,-18.625,-27.688,-0.121,-0.020,0.988,-0.020,0.008,0.340,0.058,0.046,1.143,1.277,2,NULL,NULL,,3,1,2,7,255,1281,250,0,0
stim,246483,276604,1,276604,3473939.454,-0.671,0.050,0.033,-0.739,1221,441,2821,1975,2901,2525,2555,2914,45,0.960,1,2275,1,42.475,0.028,-26.250,-19.563,-27.063,-0.117,0.004,0.988,-0.020,-0.020,-0.039,0.058,0.048,1.143,1.277,2,NULL,NULL,,3,1,2,7,255,1281,250,0,0
stim,246505,276626,1,276626,3473944.455,-0.670,0.049,0.033,-0.740,1093,377,2837,1845,2910,2518,2586,2920,45,0.960,1,2275,1,39.846,0.058,-23.375,-20.250,-25.125,-0.137,-0.004,1.020,0.055,-0.020,-0.039,0.060,0.050,1.143,1.277,2,NULL,NULL,,3,1,2,7,255,1281,250,0,0
stim,246505,276626,1,276626,3473949.453,-0.669,0.047,0.033,-0.741,949,345,2847,1719,2921,2511,2611,2923,45,0.960,1,2275,1,41.703,0.102,-24.938,-21.313,-25.750,-0.133,-0.023,1.023,0.055,0.086,0.266,0.060,0.050,1.143,1.277,2,NULL,NULL,,3,1,2,7,255,1281,250,0,0
stim,246505,276626,1,276626,3473954.455,-0.669,0.046,0.033,-0.741,796,293,2861,1531,2931,2503,2633,2933,45,0.960,1,2275,1,40.371,0.163,-22.938,-22.438,-24.500,-0.133,-0.027,1.016,-0.121,0.109,0.266,0.060,0.052,1.143,1.277,2,NULL,NULL,,3,1,2,7,255,1281,250,0,0
stim,246505,276626,1,276626,3473959.454,-0.668,0.044,0.033,-0.742,582,275,2876,1365,2942,2493,2653,2935,45,0.960,1,2275,1,42.757,0.205,-24.313,-23.688,-26.000,-0.137,-0.035,1.027,-0.156,0.133,0.289,0.062,0.052,1.143,1.277,2,NULL,NULL,,3,1,2,7,255,1281,250,0,0
stim,246528,276649,1,276649,3473964.455,-0.667,0.043,0.033,-0.743,441,211,2893,1182,2953,2483,2671,2941,45,0.960,1,2275,1,40.403,0.216,-21.375,-25.313,-23.125,-0.137,0.008,1.031,-0.156,0.148,0.340,0.062,0.054,1.143,1.277,2,NULL,NULL,,3,1,2,7,255,1281,250,0,0
stim,246528,276649,1,276649,3473969.454,-0.667,0.041,0.033,-0.744,296,175,2904,995,2964,2469,2696,2943,45,0.960,1,2275,1,42.615,0.291,-18.625,-27.813,-26.375,-0.113,0.043,1.027,0.250,0.148,0.340,0.062,0.056,1.143,1.277,2,NULL,NULL,,3,1,2,7,255,1281,250,0,0
stim,246528,276649,1,276649,3473974.455,-0.666,0.040,0.033,-0.744,167,139,2917,807,2971,2451,2719,2951,45,0.960,1,2275,1,40.045,0.601,-16.688,-29.375,-21.500,-0.063,0.070,1.063,0.594,-0.094,0.379,0.062,0.056,1.143,1.277,2,NULL,NULL,,3,1,2,7,255,1281,250,0,0
stim,246528,276649,1,276649,3473979.454,-0.666,0.038,0.032,-0.745,73,85,2925,599,2981,2426,2739,2956,45,0.960,1,2275,1,38.262,0.793,-14.688,-31.500,-16.000,-0.086,0.055,1.086,0.703,-0.367,0.594,0.060,0.056,1.143,1.277,2,NULL,NULL,,3,1,2,7,255,1281,250,0,0
stim,246551,276672,1,276672,3473984.455,-0.665,0.037,0.032,-0.745,27,45,2931,427,2987,2407,2747,2964,45,0.960,1,2275,1,40.294,0.793,-18.188,-31.750,-16.875,-0.133,-0.020,1.078,0.703,-0.367,0.844,0.058,0.058,1.143,1.277,2,NULL,NULL,,3,1,2,7,255,1281,250,0,0
stim,246551,276672,1,276672,3473989.453,-0.665,0.035,0.031,-0.746,7,27,2937,223,2997,2380,2771,2965,45,0.960,1,2275,1,44.501,0.152,-17.750,-35.500,-20.125,-0.090,-0.023,1.012,0.059,-0.141,0.844,0.056,0.058,1.143,1.277,2,NULL,NULL,,3,1,2,7,255,1281,250,0,0
stim,246585,276706,1,276706,3473994.455,-0.664,0.034,0.031,-0.746,0,20,2948,123,3004,2345,2791,2967,45,0.960,1,2275,1,43.852,0.188,-6.500,-36.688,-23.125,-0.133,-0.039,0.980,-0.016,0.188,0.160,0.054,0.058,1.143,1.277,2,NULL,NULL,,3,1,2,7,255,1281,250,0,0
stim,246585,276706,1,276706,3473999.454,-0.664,0.033,0.029,-0.747,0,9,2955,77,3013,2317,2805,2971,45,0.960,1,2275,1,45.934,0.371,15.938,-41.813,-10.375,-0.223,-0.023,1.105,-0.016,0.371,0.160,0.054,0.060,1.143,1.277,2,NULL,NULL,,3,1,2,7,255,1281,250,0,0
stim,246585,276706,1,276706,3474004.455,-0.663,0.032,0.027,-0.747,0,0,2959,68,3019,2291,2826,2975,45,0.960,1,2275,0,54.968,1.151,21.625,-47.500,-17.250,-0.301,-0.090,1.270,-0.121,1.145,1.168,0.056,0.064,1.143,1.277,3,NULL,NULL,,3,1,2,7,255,1281,250,0,0
stim,246585,276706,1,276706,3474009.454,-0.663,0.031,0.024,-0.748,0,0,2967,36,3027,2268,2839,2979,45,0.960,1,2275,0,69.146,1.918,37.188,-57.375,-10.313,-0.355,-0.137,1.516,-0.363,1.883,2.848,0.058,0.068,1.143,1.277,3,NULL,NULL,,3,1,2,7,255,1281,250,0,0
stim,246585,276706,1,276706,3474014.455,-0.663,0.029,0.022,-0.748,0,0,2969,17,3035,2233,2847,2981,45,0.960,1,2275,0,63.515,1.918,0.125,-63.438,3.125,-0.152,0.000,1.504,-0.363,1.883,5.000,0.062,0.074,1.143,1.277,3,NULL,NULL,,3,1,2,7,255,1281,250,0,0
stim,246585,276706,1,276706,3474019.453,-0.663,0.026,0.023,-0.748,0,0,2968,0,3035,2201,2859,2980,45,0.960,1,2275,0,80.317,0.303,-55.625,-57.938,0.063,-0.043,-0.035,1.137,-0.121,0.277,5.000,0.066,0.078,1.143,1.277,3,NULL,NULL,,3,1,2,7,255,1281,250,0,0
stim,246585,276706,1,276706,3474024.455,-0.664,0.022,0.022,-0.747,0,0,2968,0,3044,2146,2871,2983,45,0.960,1,2275,0,79.649,0.303,-41.813,-64.313,21.438,-0.109,-0.102,0.902,-0.121,0.277,1.336,0.068,0.084,1.143,1.277,3,NULL,NULL,,3,1,2,7,255,1281,250,0,0
stim,246585,276706,1,276706,3474029.454,-0.665,0.020,0.020,-0.746,0,0,2971,0,3048,2089,2885,2981,45,0.960,1,2275,0,78.386,0.730,-4.438,-70.875,33.188,-0.199,-0.090,0.918,-0.492,0.539,-0.688,0.072,0.088,1.143,1.277,3,NULL,NULL,,3,1,2,7,255,1281,250,0,0
stim,246585,276706,1,276706,3474034.455,-0.666,0.018,0.018,-0.745,0,0,2971,0,3053,2028,2895,2983,45,0.960,1,2275,0,79.642,1.534,16.625,-74.375,23.125,-0.258,-0.105,1.031,-0.547,1.434,-0.688,0.074,0.094,1.143,1.277,3,NULL,NULL,,3,1,2,7,255,1281,250,0,0
stim,246585,276706,1,276706,3474039.453,-0.667,0.016,0.015,-0.745,0,0,2971,0,3059,1954,2905,2983,45,0.960,1,2275,0,80.680,2.024,18.813,-77.750,10.500,-0.250,-0.137,1.164,-0.547,1.949,0.445,0.080,0.098,1.143,1.277,3,NULL,NULL,,3,1,2,7,255,1281,250,0,0
stim,246610,276731,1,276731,3474044.455,-0.667,0.014,0.013,-0.745,0,0,2968,0,3061,1865,2917,2989,45,0.960,1,2275,0,81.669,2.119,9.813,-80.688,7.938,-0.184,-0.145,1.207,-0.832,1.949,1.742,0.084,0.106,1.143,1.277,3,NULL,NULL,,3,1,2,7,255,1281,250,0,0
stim,246610,276731,1,276731,3474049.454,-0.668,0.012,0.010,-0.744,0,0,2967,0,3067,1783,2926,2983,45,0.960,1,2275,0,84.447,1.624,3.188,-83.625,11.313,-0.148,-0.129,1.141,-0.871,1.371,1.742,0.092,0.112,1.143,1.277,3,NULL,NULL,,3,1,2,7,255,1281,250,0,0
stim,246610,276731,1,276731,3474054.455,-0.668,0.009,0.008,-0.744,0,0,2959,0,3079,1692,2937,2979,45,0.960,1,2275,0,88.432,1.441,3.938,-87.125,14.625,-0.137,-0.066,1.102,-0.871,1.148,1.438,0.098,0.120,1.143,1.277,3,NULL,NULL,,3,1,2,7,255,1281,250,0,0
stim,246610,276731,1,276731,3474059.454,-0.669,0.006,0.005,-0.743,0,0,2949,1,3079,1583,2949,2979,45,0.960,1,2275,0,92.667,1.092,8.125,-90.813,16.563,-0.133,-0.012,1.109,-0.297,1.051,1.098,0.106,0.128,1.143,1.277,3,NULL,NULL,,3,1,2,7,255,1281,250,0,0
stim,246610,276731,1,276731,3474064.455,-0.670,0.004,0.002,-0.743,0,0,2943,0,3083,1450,2955,2973,45,0.960,1,2275,0,96.943,1.077,10.875,-94.375,19.313,-0.129,0.020,1.156,0.234,1.051,1.098,0.112,0.136,1.143,1.277,3,NULL,NULL,,3,1,2,7,255,1281,250,0,0
stim,246610,276731,1,276731,3474069.453,-0.670,0.001,-0.001,-0.742,0,0,2931,0,3087,1307,2965,2969,45,0.960,1,2275,0,99.959,1.105,8.063,-98.063,17.625,-0.156,-0.008,1.184,0.316,1.059,1.531,0.118,0.142,1.143,1.277,3,NULL,NULL,,3,1,2,7,255,1281,250,0,0
stim,246640,276761,1,276761,3474074.455,-0.671,-0.002,-0.004,-0.742,0,0,2919,0,3089,1141,2969,2968,45,0.960,1,2275,0,102.057,1.377,0.813,-101.375,11.750,-0.133,-0.031,1.180,0.316,1.340,1.727,0.122,0.148,1.143,1.277,3,NULL,NULL,,3,1,2,7,255,1281,250,0,0
stim,246640,276761,1,276761,3474079.453,-0.671,-0.006,-0.007,-0.741,0,0,2909,0,3089,1002,2975,2961,45,0.960,1,2275,0,105.868,1.342,-2.000,-105.188,11.813,-0.094,-0.047,1.152,0.082,1.340,1.727,0.128,0.154,1.143,1.277,3,NULL,NULL,,3,1,2,7,255,1281,250,0,0
stim,246640,276761,1,276761,3474084.455,-0.672,-0.009,-0.010,-0.741,0,0,2894,0,3091,797,2983,2954,45,0.960,1,2275,0,110.643,1.039,6.438,-108.938,18.250,-0.066,-0.031,1.086,-0.012,1.039,1.457,0.132,0.160,1.143,1.277,3,NULL,NULL,,3,1,2,7,255,1281,250,0,0
stim,246640,276761,1,276761,3474089.454,-0.673,-0.012,-0.014,-0.740,0,0,2873,0,3094,649,2989,2939,45,0.960,1,2275,0,116.144,1.039,13.813,-113.438,20.750,-0.109,0.039,1.152,-0.012,1.039,1.434,0.136,0.166,1.143,1.277,3,NULL,NULL,,3,1,2,7,255,1281,250,0,0
stim,246682,276803,1,276803,3474094.455,-0.673,-0.015,-0.018,-0.739,0,0,2855,0,3094,539,2995,2927,45,0.960,1,2275,0,118.713,1.540,14.938,-116.625,16.375,-0.125,0.102,1.227,0.746,1.348,1.434,0.140,0.172,1.143,1.277,3,NULL,NULL,,3,1,2,7,255,1281,250,0,0
stim,246682,276803,1,276803,3474099.454,-0.674,-0.018,-0.022,-0.739,0,0,2833,0,3095,415,3001,2919,45,0.960,1,2275,0,125.289,2.072,16.938,-123.375,13.750,-0.156,0.125,1.234,1.348,1.574,2.098,0.144,0.178,1.143,1.277,3,NULL,NULL,,3,1,2,7,255,1281,250,0,0
stim,246682,276803,1,276803,3474104.455,-0.674,-0.022,-0.026,-0.738,0,0,2800,0,3094,219,3004,2901,45,0.960,1,2275,0,129.400,2.262,17.313,-127.938,8.750,-0.090,0.148,1.309,1.625,1.574,2.137,0.148,0.184,1.143,1.277,3,NULL,NULL,,3,1,2,7,255,1281,250,0,0
stim,246682,276803,1,276803,3474109.454,-0.674,-0.026,-0.030,-0.738,0,0,2771,0,3097,125,3007,2877,45,0.960,1,2275,0,132.254,2.258,3.000,-131.813,10.375,-0.063,0.137,1.371,1.688,1.500,2.887,0.154,0.190,1.143,1.277,3,NULL,NULL,,3,1,2,7,255,1281,250,0,0
stim,246682,276803,1,276803,3474114.455,-0.675,-0.030,-0.034,-0.737,0,0,2732,0,3093,56,3013,2853,45,0.960,1,2275,0,138.035,2.341,-10.125,-136.563,17.375,-0.070,0.180,1.398,1.797,1.500,3.512,0.158,0.198,1.143,1.277,3,NULL,NULL,,3,1,2,7,255,1281,250,0,0
stim,246682,276803,1,276803,3474119.453,-0.675,-0.035,-0.037,-0.736,0,0,2705,0,3091,24,3014,2823,45,0.960,1,2275,0,143.879,2.692,-19.125,-141.688,16.125,-0.148,0.207,1.410,2.125,1.652,3.730,0.162,0.204,1.143,1.277,3,NULL,NULL,,3,1,2,7,255,1281,250,0,0
stim,246701,276822,1,276822,3474124.455,-0.675,-0.040,-0.041,-0.735,0,0,2661,0,3089,0,3017,2787,45,0.960,1,2275,0,151.945,3.563,-25.188,-149.250,13.313,-0.184,0.207,1.477,2.488,2.551,3.750,0.166,0.212,1.143,1.277,3,NULL,NULL,,3,1,2,7,255,1281,250,0,0
stim,246701,276822,0,276822,3474129.454,-0.675,-0.046,-0.044,-0.735,0,0,2610,0,3084,0,3013,2739,45,0.960,1,2275,0,160.268,4.016,-35.063,-156.188,7.875,-0.223,0.180,1.512,2.488,3.152,4.289,0.170,0.218,1.143,1.277,3,NULL,NULL,,3,0,2,7,255,1275,250,0,0
stim,246701,276822,0,276822,3474134.455,-0.675,-0.053,-0.048,-0.734,0,0,2547,0,3079,0,3017,2693,45,0.960,1,2275,0,169.078,4.509,-38.813,-164.563,-0.500,-0.281,0.137,1.598,2.426,3.801,4.543,0.176,0.230,1.143,1.277,3,NULL,NULL,,3,0,2,7,255,1275,250,0,0
stim,246701,276822,0,276822,3474139.454,-0.675,-0.060,-0.052,-0.734,0,0,2489,0,3081,0,3026,2643,45,0.960,1,2275,0,181.766,5.182,-44.188,-176.313,0.563,-0.258,0.125,1.730,2.184,4.699,5.258,0.186,0.242,1.143,1.277,3,NULL,NULL,,3,0,2,7,255,1275,250,0,0
stim,246701,276822,0,276822,3474144.455,-0.675,-0.067,-0.056,-0.733,0,0,2412,0,3059,0,3019,2585,45,0.960,1,2275,0,194.572,5.370,-50.438,-187.813,6.375,-0.281,0.152,1.832,2.184,4.906,6.473,0.200,0.258,1.143,1.277,3,NULL,NULL,,3,0,2,7,255,1275,250,0,0
stim,246701,276822,0,276822,3474149.453,-0.675,-0.076,-0.059,-0.732,0,0,2335,0,3043,0,3002,2491,45,0.960,1,2275,0,213.242,6.119,-65.125,-202.563,14.125,-0.371,0.191,1.820,2.617,5.531,6.898,0.214,0.276,1.143,1.277,3,NULL,NULL,,3,0,2,7,255,1275,250,0,0
stim,246701,276822,0,276822,3474154.455,-0.674,-0.085,-0.063,-0.731,0,0,2251,0,3033,0,2991,2389,45,0.960,1,2275,0,228.935,7.360,-70.375,-217.563,11.188,-0.430,0.266,1.797,3.156,6.648,6.898,0.234,0.300,1.143,1.277,3,NULL,NULL,,3,0,2,7,255,1275,250,0,0
stim,246701,276822,0,276822,3474159.454,-0.674,-0.094,-0.068,-0.730,0,0,2133,0,3020,0,2995,2283,45,0.960,1,2275,0,244.809,8.448,-74.500,-233.188,2.188,-0.430,0.273,1.773,4.027,7.426,6.383,0.256,0.326,1.143,1.277,3,NULL,NULL,,3,0,2,7,255,1275,250,0,0
stim,246734,276855,0,276855,3474164.455,-0.673,-0.105,-0.073,-0.729,0,0,2021,0,2998,0,2965,2153,45,0.960,1,2275,0,261.400,8.736,-74.250,-250.625,-2.063,-0.375,0.277,1.863,4.215,7.652,6.383,0.282,0.354,1.143,1.277,3,NULL,NULL,,3,0,2,7,255,1275,250,0,0
stim,246734,276855,0,276855,3474169.454,-0.672,-0.115,-0.078,-0.728,0,0,1927,0,2987,7,2937,2025,45,0.960,1,2275,0,279.767,8.888,-81.000,-267.750,-4.313,-0.352,0.344,1.938,4.434,7.703,6.734,0.310,0.384,1.143,1.277,3,NULL,NULL,,3,0,2,7,255,1275,250,0,0
stim,246734,276855,0,276855,3474174.455,-0.670,-0.127,-0.084,-0.726,0,0,1835,0,2957,9,2903,1881,45,0.960,1,2275,0,298.693,9.555,-82.688,-287.000,-3.375,-0.336,0.418,2.047,5.289,7.957,7.246,0.344,0.418,1.143,1.277,3,NULL,NULL,,3,0,2,7,255,1275,250,0,0
stim,246734,276855,0,276855,3474179.454,-0.669,-0.139,-0.090,-0.725,0,0,1746,0,2907,5,2863,1765,45,0.960,1,2275,0,318.041,10.533,-94.063,-303.813,-0.375,-0.371,0.531,2.176,6.273,8.461,7.980,0.380,0.456,1.143,1.277,3,NULL,NULL,,3,0,2,7,255,1275,250,0,0
stim,246734,276855,0,276855,3474184.455,-0.667,-0.152,-0.096,-0.723,0,0,1691,0,2877,0,2809,1643,45,0.960,1,2275,0,333.806,12.290,-102.063,-317.813,2.188,-0.523,0.621,2.313,7.734,9.551,8.695,0.418,0.496,1.143,1.277,3,NULL,NULL,,3,0,2,7,255,1275,250,0,0
stim,246734,276855,0,276855,3474189.453,-0.666,-0.166,-0.102,-0.720,0,0,1621,0,2813,0,2727,1511,45,0.960,1,2275,0,350.545,14.881,-109.500,-333.000,-1.688,-0.711,0.660,2.332,9.070,11.797,8.695,0.460,0.540,1.143,1.277,3,NULL,NULL,,3,0,2,7,255,1275,250,0,0
stim,246784,276905,0,276905,3474194.455,-0.663,-0.180,-0.109,-0.718,0,0,1481,0,2751,0,2619,1377,45,0.960,1,2275,0,363.592,15.938,-100.875,-349.063,-13.375,-0.621,0.496,2.117,9.070,13.105,7.977,0.508,0.588,1.143,1.277,3,NULL,NULL,,3,0,2,7,255,1275,250,0,0
stim,246784,276905,0,276905,3474199.453,-0.660,-0.195,-0.116,-0.716,0,0,1327,0,2685,0,2477,1261,45,0.960,1,2275,0,385.314,15.775,-105.188,-369.375,-31.063,-0.422,0.238,2.465,8.082,13.547,7.977,0.562,0.644,1.143,1.277,3,NULL,NULL,,3,0,2,7,255,1275,250,0,0
stim,246784,276905,0,276905,3474204.456,-0.656,-0.210,-0.123,-0.714,0,0,1163,0,2583,0,2299,1145,45,0.960,1,2275,0,404.674,14.979,-135.188,-380.438,-27.438,-0.371,0.234,2.438,6.391,13.547,9.199,0.622,0.706,1.143,1.277,3,NULL,NULL,,3,0,2,7,255,1275,250,0,0
stim,246784,276905,0,276905,3474209.454,-0.652,-0.227,-0.129,-0.712,0,0,1016,0,2469,0,2043,999,45,0.960,1,2275,0,428.902,14.996,-172.938,-392.000,-19.625,-0.426,0.277,2.422,6.391,13.566,9.199,0.690,0.776,1.143,1.277,3,NULL,NULL,,3,0,2,7,255,1275,250,0,0
stim,246784,276905,0,276905,3474214.455,-0.648,-0.245,-0.135,-0.708,0,0,799,0,2303,0,1717,915,45,0.960,1,2275,0,432.799,14.996,-171.438,-397.375,-4.125,-0.344,0.063,1.957,6.391,13.566,8.168,0.762,0.850,1.143,1.277,3,NULL,NULL,,3,0,2,7,255,1275,250,0,0
stim,246784,276905,0,276905,3474219.454,-0.645,-0.262,-0.142,-0.704,0,0,565,0,2115,0,1352,779,45,0.960,1,2275,0,439.882,13.200,-148.188,-413.875,15.625,-0.242,-0.328,1.645,4.520,12.402,4.430,0.834,0.924,1.143,1.277,3,NULL,NULL,,3,0,2,7,255,1275,250,0,0
stim,246784,276905,0,276905,3474224.455,-0.642,-0.278,-0.150,-0.699,0,0,413,0,1873,0,890,664,45,0.960,1,2275,0,440.636,10.974,-118.750,-423.625,24.500,-0.016,-0.457,1.223,0.336,10.969,2.590,0.906,0.996,1.143,1.277,3,NULL,NULL,,3,0,2,7,255,1275,250,0,0
stim,246784,276905,0,276905,3474229.454,-0.640,-0.293,-0.159,-0.692,0,0,264,0,1589,0,383,547,45,0.960,1,2275,0,436.561,7.655,-56.375,-431.813,30.750,0.199,-0.402,0.969,-1.715,7.461,0.402,0.976,1.068,1.143,1.277,3,NULL,NULL,,3,0,2,7,255,1275,250,0,0
stim,246784,276905,0,276905,3474234.455,-0.639,-0.306,-0.172,-0.685,0,0,180,0,1228,0,159,427,45,0.960,1,2275,0,446.748,6.146,36.938,-443.875,34.563,0.242,-0.273,1.215,-1.715,5.902,0.402,1.042,1.134,1.143,1.277,3,NULL,NULL,,3,0,2,7,255,1275,250,0,0
stim,246784,276905,0,276905,3474239.453,-0.639,-0.317,-0.186,-0.676,0,0,111,0,894,0,0,379,45,0.960,1,2275,0,458.570,5.902,78.250,-446.000,72.438,0.098,0.043,1.746,0.027,5.902,1.109,1.102,1.194,1.143,1.277,3,NULL,NULL,,3,0,2,7,255,1275,250,0,0
stim,246806,276927,0,276927,3474244.457,-0.639,-0.330,-0.198,-0.666,0,0,101,0,459,0,0,349,45,0.960,1,2275,0,458.737,11.114,46.250,-443.438,108.000,-0.137,0.258,2.043,4.125,10.320,2.793,1.154,1.246,1.143,1.277,3,NULL,NULL,,3,0,2,7,255,1275,250,0,0
stim,246806,276927,0,276927,3474249.454,-0.640,-0.345,-0.207,-0.655,0,0,69,0,149,0,0,234,45,0.960,1,2275,0,470.998,15.720,-12.000,-446.313,150.000,-0.375,0.344,2.004,6.688,14.227,2.793,1.196,1.290,1.143,1.277,3,NULL,NULL,,3,0,2,7,255,1275,250,0,0
stim,246806,276927,0,276927,3474254.455,-0.641,-0.361,-0.214,-0.643,0,0,44,0,0,0,0,143,45,0.960,1,2275,0,492.298,17.380,-64.125,-447.813,194.188,-0.680,0.406,1.668,6.824,15.984,0.102,1.238,1.332,1.143,1.277,4,NULL,NULL,,3,0,2,7,255,1275,250,0,0
stim,246806,276927,0,276927,3474259.454,-0.640,-0.377,-0.221,-0.632,0,0,29,0,0,0,0,73,45,0.960,1,2275,0,479.242,17.553,-97.750,-434.625,176.688,-0.684,0.855,1.352,7.254,15.984,-5.047,1.288,1.382,1.143,1.277,0,NULL,NULL,,3,0,2,7,255,1275,250,0,0
stim,246834,276955,0,276955,3474264.455,-0.638,-0.393,-0.226,-0.622,0,0,18,0,0,0,0,44,45,0.960,1,2275,0,445.453,16.902,-131.875,-403.750,134.250,-0.441,1.137,1.094,10.293,13.406,-8.664,1.344,1.438,1.143,1.277,0,NULL,NULL,,3,0,2,7,255,1275,250,0,0
stim,246834,276955,0,276955,3474269.454,-0.636,-0.408,-0.230,-0.614,0,0,41,0,0,0,0,57,45,0.960,1,2275,0,415.332,15.269,-144.000,-371.938,115.875,-0.445,1.047,1.078,11.695,9.816,-9.605,1.410,1.504,1.143,1.277,0,NULL,NULL,,3,0,2,7,255,1275,250,0,0
stim,246834,276955,0,276955,3474274.455,-0.632,-0.424,-0.231,-0.606,0,0,60,0,0,0,0,77,45,0.960,1,2275,0,400.169,15.246,-207.313,-319.563,122.625,-0.309,0.813,0.984,11.695,9.781,-9.605,1.482,1.578,1.143,1.277,0,NULL,NULL,,3,0,2,7,255,1275,250,0,0
stim,246834,276955,0,276955,3474279.453,-0.628,-0.438,-0.230,-0.601,0,0,61,0,0,0,0,133,45,0.960,1,2275,0,347.350,12.750,-222.313,-255.063,78.563,-0.184,0.340,0.863,9.461,8.547,-9.324,1.554,1.652,1.143,1.277,0,NULL,NULL,,3,0,2,7,255,1275,250,0,0
stim,246853,276974,0,276974,3474284.455,-0.624,-0.448,-0.229,-0.598,0,0,59,0,0,0,0,175,45,0.960,1,2275,0,262.662,9.904,-174.313,-187.438,58.938,-0.215,-0.125,0.902,5.004,8.547,-7.984,1.624,1.722,1.143,1.277,0,NULL,NULL,,3,0,2,7,255,1275,250,0,0
stim,246853,276974,0,276974,3474289.453,-0.621,-0.456,-0.228,-0.595,0,0,53,0,0,0,0,187,45,0.960,1,2275,0,206.847,9.083,-152.500,-129.938,51.438,-0.336,0.012,1.250,2.953,8.590,-6.906,1.690,1.790,1.143,1.277,0,NULL,NULL,,3,0,2,7,255,1275,250,0,0
stim,246884,277005,0,277005,3474294.455,-0.618,-0.464,-0.223,-0.595,0,0,53,0,0,0,0,191,45,0.960,1,2275,0,221.613,11.514,-207.688,-64.875,42.063,-0.344,0.105,1.172,2.953,11.129,-6.906,1.746,1.848,1.143,1.277,0,NULL,NULL,,3,0,2,7,255,1275,250,0,0
stim,246884,277005,0,277005,3474299.454,-0.613,-0.471,-0.215,-0.596,0,0,49,0,0,0,0,171,45,0.960,1,2275,0,270.821,11.514,-268.188,2.000,37.625,-0.238,0.219,0.477,2.953,11.129,-7.625,1.798,1.900,1.143,1.277,0,NULL,NULL,,3,0,2,7,255,1275,250,0,0
stim,246884,277005,0,277005,3474304.457,-0.610,-0.477,-0.206,-0.599,0,0,47,0,0,0,0,133,45,0.960,1,2275,0,279.035,5.504,-266.375,59.750,57.750,-0.180,0.395,-0.305,2.941,4.652,-10.348,1.846,1.950,1.143,1.277,0,NULL,NULL,,3,0,2,7,255,1275,250,0,0
stim,246884,277005,0,277005,3474309.454,-0.609,-0.479,-0.197,-0.601,0,0,44,0,0,0,0,115,45,0.960,1,2275,0,215.629,3.133,-175.813,108.000,62.625,-0.270,0.328,-0.828,2.074,-2.348,-13.949,1.894,1.998,1.143,1.277,0,NULL,NULL,,3,0,2,7,255,1275,250,0,0
stim,246884,277005,0,277005,3474314.455,-0.610,-0.478,-0.190,-0.603,0,0,37,0,0,0,0,113,45,0.960,1,2275,0,162.471,4.505,-57.438,138.250,63.125,-0.355,0.188,-0.750,-0.652,-4.457,-16.691,1.940,2.046,1.143,1.277,0,NULL,NULL,,3,0,2,7,255,1275,250,0,0
stim,246884,277005,0,277005,3474319.453,-0.613,-0.473,-0.186,-0.604,0,0,18,0,0,0,0,105,45,0.960,1,2275,0,170.755,4.828,18.188,158.375,61.188,-0.418,-0.043,-0.211,-1.855,-4.457,-16.691,1.976,2.082,1.143,1.277,0,NULL,NULL,,3,0,2,7,255,1275,250,0,0
stim,246884,277005,0,277005,3474324.455,-0.617,-0.469,-0.180,-0.606,0,0,11,0,0,0,0,107,45,0.960,1,2275,0,188.153,1.977,18.938,174.313,68.250,-0.383,0.004,0.063,-1.855,0.684,-13.906,2.000,2.106,1.143,1.277,0,NULL,NULL,,3,0,2,7,255,1275,250,0,0
stim,246884,277005,0,277005,3474329.453,-0.621,-0.464,-0.174,-0.608,0,0,8,0,0,0,0,95,45,0.960,1,2275,0,201.069,2.198,10.938,181.063,86.750,-0.379,-0.027,-0.047,-1.238,1.816,-12.836,2.008,2.116,1.143,1.277,0,NULL,NULL,,3,0,2,7,255,1275,250,0,0
stim,246885,277006,0,277006,3474334.455,-0.625,-0.459,-0.168,-0.609,0,0,1,0,0,0,0,91,45,0.960,1,2275,0,212.661,1.910,36.250,184.688,99.000,-0.457,0.117,-0.152,-0.590,1.816,-12.836,2.002,2.110,1.143,1.277,0,NULL,NULL,,3,0,2,7,255,1275,250,0,0
stim,246885,277006,0,277006,3474339.453,-0.630,-0.453,-0.162,-0.609,0,0,0,0,0,0,0,79,45,0.960,1,2275,0,221.664,1.832,66.938,185.000,102.125,-0.566,0.203,-0.172,-0.543,1.750,-14.469,1.994,2.102,1.143,1.277,0,NULL,NULL,,3,0,2,7,255,1275,250,0,0
stim,246911,277032,0,277032,3474344.455,-0.636,-0.446,-0.158,-0.610,0,0,7,0,0,0,0,77,45,0.960,1,2275,0,230.689,1.751,96.125,185.500,97.813,-0.566,0.258,0.020,-0.063,1.750,-14.836,1.984,2.094,1.143,1.277,0,NULL,NULL,,3,0,2,7,255,1275,250,0,0
stim,246911,277032,0,277032,3474349.454,-0.642,-0.438,-0.154,-0.610,0,0,8,0,0,0,0,70,45,0.960,1,2275,0,232.572,3.365,106.313,186.125,90.250,-0.609,0.203,0.199,1.125,3.172,-14.836,1.978,2.088,1.143,1.277,0,NULL,NULL,,3,0,2,7,255,1275,250,0,0
stim,246911,277032,0,277032,3474354.455,-0.647,-0.431,-0.150,-0.611,0,0,0,0,0,0,0,53,45,0.960,1,2275,0,232.391,5.121,103.000,186.188,93.438,-0.664,0.219,0.281,1.207,4.977,-13.871,1.972,2.084,1.143,1.277,0,NULL,NULL,,3,0,2,7,255,1275,250,0,0
stim,246911,277032,0,277032,3474359.454,-0.652,-0.423,-0.146,-0.611,0,0,0,0,0,0,0,61,45,0.960,1,2275,0,227.986,6.093,110.063,184.500,76.313,-0.742,0.156,0.359,1.207,5.973,-13.773,1.970,2.082,1.143,1.277,0,NULL,NULL,,3,0,2,7,255,1275,250,0,0
stim,246911,277032,0,277032,3474364.455,-0.657,-0.415,-0.143,-0.613,0,0,7,0,0,0,0,56,45,0.960,1,2275,0,226.124,7.288,121.125,181.563,59.125,-0.785,0.051,0.555,1.027,7.215,-13.504,1.972,2.086,1.143,1.277,0,NULL,NULL,,3,0,2,7,255,1275,250,0,0
stim,246911,277032,0,277032,3474369.453,-0.661,-0.408,-0.140,-0.614,0,0,11,0,0,0,0,51,45,0.960,1,2275,0,214.865,9.128,106.313,182.563,39.188,-0.750,0.117,0.723,1.027,9.070,-12.082,1.980,2.094,1.143,1.277,0,NULL,NULL,,3,0,2,7,255,1275,250,0,0
stim,246940,277061,0,277061,3474374.456,-0.664,-0.400,-0.137,-0.617,0,0,3,0,0,0,0,53,45,0.960,1,2275,0,205.743,10.124,86.688,185.375,21.250,-0.691,0.082,0.773,1.875,9.949,-10.926,2.000,2.112,1.143,1.277,0,NULL,NULL,,3,0,2,7,255,1275,250,0,0
stim,246940,277061,0,277061,3474379.453,-0.667,-0.393,-0.133,-0.619,0,0,0,0,0,0,0,59,45,0.960,1,2275,0,204.879,10.126,72.750,191.438,5.875,-0.645,0.090,0.816,1.883,9.949,-9.895,2.024,2.138,1.143,1.277,0,NULL,NULL,,3,0,2,7,255,1275,250,0,0
stim,246940,277061,0,277061,3474384.455,-0.668,-0.386,-0.129,-0.623,0,0,0,0,0,0,0,61,45,0.960,1,2275,0,209.051,10.118,55.938,201.063,-12.125,-0.613,0.086,0.785,2.152,9.887,-9.195,2.056,2.170,1.143,1.277,0,NULL,NULL,,3,0,2,7,255,1275,250,0,0
stim,246940,277061,0,277061,3474389.454,-0.669,-0.378,-0.125,-0.627,0,0,0,0,0,0,0,63,45,0.960,1,2275,0,218.622,9.687,46.063,212.500,-22.750,-0.594,0.043,0.707,2.152,9.445,-9.055,2.092,2.208,1.143,1.277,0,NULL,NULL,,3,0,2,7,255,1275,250,0,0
stim,246978,277099,0,277099,3474394.455,-0.670,-0.371,-0.120,-0.632,0,0,0,0,0,0,0,73,45,0.960,1,2275,0,234.912,8.984,46.188,226.500,-41.813,-0.563,0.059,0.680,1.746,8.813,-8.988,2.136,2.252,1.143,1.277,0,NULL,NULL,,3,0,2,7,255,1275,250,0,0
stim,246978,277099,0,277099,3474399.453,-0.670,-0.362,-0.116,-0.638,0,0,0,0,0,0,0,87,45,0.960,1,2275,0,252.821,8.547,48.063,240.375,-61.875,-0.484,0.031,0.688,1.707,8.375,-8.938,2.182,2.298,1.143,1.277,0,NULL,NULL,,3,0,2,7,255,1275,250,0,0
stim,246978,277099,0,277099,3474404.455,-0.670,-0.354,-0.111,-0.643,0,0,0,0,0,0,0,93,45,0.960,1,2275,0,265.892,8.004,47.188,253.438,-65.125,-0.426,0.016,0.652,1.707,7.820,-8.141,2.228,2.344,1.143,1.277,0,NULL,NULL,,3,0,2,7,255,1275,250,0,0
stim,246978,277099,0,277099,3474409.454,-0.670,-0.344,-0.106,-0.650,0,0,0,0,0,0,0,103,45,0.960,1,2275,0,280.613,7.319,50.000,266.938,-70.625,-0.426,0.070,0.570,1.707,7.117,-8.141,2.272,2.390,1.143,1.277,0,NULL,NULL,,3,0,2,7,255,1275,250,0,0
stim,246978,277099,0,277099,3474414.455,-0.669,-0.334,-0.101,-0.656,0,0,0,0,0,0,0,104,45,0.960,1,2275,0,298.747,6.764,66.500,278.875,-84.000,-0.402,0.066,0.539,1.801,6.520,-8.355,2.314,2.432,1.143,1.277,0,NULL,NULL,,3,0,2,7,255,1275,250,0,0
stim,246978,277099,0,277099,3474419.454,-0.669,-0.323,-0.096,-0.663,0,0,0,0,0,0,0,105,45,0.960,1,2275,0,312.853,6.388,83.938,288.000,-88.813,-0.348,0.012,0.594,1.801,6.129,-8.355,2.352,2.470,1.143,1.277,0,NULL,NULL,,3,0,2,7,255,1275,250,0,0
stim,247001,277122,0,277122,3474424.455,-0.669,-0.311,-0.092,-0.669,0,0,0,0,0,0,0,105,45,0.960,1,2275,0,323.360,6.231,93.063,296.875,-88.125,-0.316,0.023,0.660,1.801,5.965,-7.316,2.388,2.506,1.143,1.277,0,NULL,NULL,,3,0,2,7,255,1275,250,0,0
stim,247001,277122,0,277122,3474429.454,-0.668,-0.299,-0.087,-0.676,0,0,0,0,0,0,0,107,45,0.960,1,2275,0,333.514,6.281,101.750,303.750,-92.813,-0.219,0.063,0.656,1.969,5.965,-6.504,2.422,2.540,1.143,1.277,0,NULL,NULL,,3,0,2,7,255,1275,250,0,0
stim,247001,277122,0,277122,3474434.455,-0.668,-0.286,-0.083,-0.682,0,0,0,0,0,0,0,107,45,0.960,1,2275,0,343.397,5.363,118.438,308.750,-92.563,-0.043,-0.031,0.629,1.969,4.988,-5.996,2.450,2.570,1.143,1.277,0,NULL,NULL,,3,0,2,7,255,1275,250,0,0
stim,247001,277122,0,277122,3474439.454,-0.668,-0.273,-0.080,-0.688,0,0,0,0,0,0,0,115,45,0.960,1,2275,0,349.841,4.033,142.688,309.938,-77.250,-0.012,0.027,0.699,2.195,3.383,-4.922,2.478,2.598,1.143,1.277,0,NULL,NULL,,3,0,2,7,255,1275,250,0,0
stim,247001,277122,0,277122,3474444.455,-0.668,-0.258,-0.076,-0.693,0,0,0,0,0,0,0,111,45,0.960,1,2275,0,358.277,4.026,161.438,311.563,-72.313,-0.004,0.211,0.828,2.195,3.375,-4.238,2.506,2.626,1.143,1.277,0,NULL,NULL,,3,0,2,7,255,1275,250,0,0
stim,247001,277122,0,277122,3474449.454,-0.669,-0.244,-0.073,-0.699,0,0,0,0,0,0,0,111,45,0.960,1,2275,0,362.155,5.319,169.063,312.875,-68.438,0.066,0.199,0.910,4.223,3.234,-3.496,2.532,2.652,1.143,1.277,0,NULL,NULL,,3,0,2,7,255,1275,250,0,0
stim,247001,277122,0,277122,3474454.455,-0.670,-0.229,-0.070,-0.703,0,0,0,0,0,0,0,119,45,0.960,1,2275,0,363.201,5.151,177.250,312.563,-52.938,0.117,0.117,0.938,4.223,2.949,-2.324,2.556,2.676,1.143,1.277,0,NULL,NULL,,3,0,2,7,255,1275,250,0,0
stim,247001,277122,0,277122,3474459.455,-0.671,-0.213,-0.067,-0.707,0,0,0,0,0,0,0,124,45,0.960,1,2275,0,367.929,4.379,190.000,312.813,-37.688,0.082,0.113,0.992,3.383,2.781,-1.512,2.578,2.700,1.143,1.277,0,NULL,NULL,,3,0,2,7,255,1275,250,0,0
stim,247030,277151,0,277151,3474464.455,-0.672,-0.198,-0.065,-0.710,0,0,0,0,0,0,0,124,45,0.960,1,2275,0,374.101,4.379,202.625,312.875,-31.688,0.012,0.160,1.113,3.383,2.781,-1.063,2.600,2.724,1.143,1.277,0,NULL,NULL,,3,0,2,7,255,1275,250,0,0
stim,247030,277151,0,277151,3474469.454,-0.674,-0.182,-0.063,-0.713,0,0,0,0,0,0,0,120,45,0.960,1,2275,0,376.211,5.242,206.750,312.750,-31.250,0.016,0.164,1.270,3.867,3.539,-0.188,2.624,2.746,1.143,1.277,0,NULL,NULL,,3,0,2,7,255,1275,250,0,0
stim,247030,277151,0,277151,3474474.455,-0.675,-0.166,-0.060,-0.716,0,0,0,0,0,0,0,123,45,0.960,1,2275,0,372.528,5.242,201.313,312.563,-23.563,0.070,0.086,1.418,3.867,3.539,1.391,2.646,2.770,1.143,1.277,0,NULL,NULL,,3,0,2,7,255,1275,250,0,0
stim,247030,277151,0,277151,3474479.454,-0.677,-0.151,-0.057,-0.718,0,0,0,0,0,0,0,119,45,0.960,1,2275,0,363.578,5.039,189.125,310.500,-3.188,0.031,0.094,1.523,3.348,3.766,3.227,2.670,2.794,1.143,1.277,0,NULL,NULL,,3,0,2,7,255,1275,250,0,0
stim,247030,277151,0,277151,3474484.455,-0.678,-0.136,-0.053,-0.720,0,0,0,0,0,0,0,122,45,0.960,1,2275,0,356.909,5.059,178.375,309.125,2.813,-0.105,0.184,1.605,3.348,3.793,4.230,2.694,2.818,1.143,1.277,0,NULL,NULL,,3,0,2,7,255,1275,250,0,0
stim,247030,277151,0,277151,3474489.453,-0.679,-0.121,-0.050,-0.722,0,0,0,0,0,0,0,123,45,0.960,1,2275,0,350.406,6.380,165.875,308.500,-9.875,-0.133,0.188,1.715,4.129,4.863,4.688,2.718,2.844,1.143,1.277,0,NULL,NULL,,3,0,2,7,255,1275,250,0,0
stim,247083,277204,0,277204,3474494.455,-0.680,-0.107,-0.045,-0.724,0,0,0,0,0,0,0,135,45,0.960,1,2275,0,343.161,6.380,148.375,308.938,-17.375,-0.063,0.152,1.766,4.129,4.863,5.832,2.748,2.874,1.143,1.277,0,NULL,NULL,,3,0,2,7,255,1275,250,0,0
stim,247083,277204,0,277204,3474499.453,-0.680,-0.093,-0.040,-0.726,0,0,0,0,0,0,0,127,45,0.960,1,2275,0,336.501,5.383,129.938,310.063,-14.500,-0.035,0.109,1.770,3.563,4.035,6.684,2.778,2.904,1.143,1.277,0,NULL,NULL,,3,0,2,7,255,1275,250,0,0
stim,247083,277204,0,277204,3474504.455,-0.681,-0.080,-0.035,-0.727,0,0,0,0,0,0,0,137,45,0.960,1,2275,0,332.031,4.463,114.563,311.438,-11.250,-0.086,0.105,1.746,2.938,3.359,6.773,2.808,2.936,1.143,1.277,0,NULL,NULL,,3,0,2,7,255,1275,250,0,0
stim,247083,277204,0,277204,3474509.454,-0.680,-0.067,-0.029,-0.729,0,0,0,0,0,0,0,133,45,0.960,1,2275,0,329.459,4.313,103.125,312.438,-17.063,-0.133,0.117,1.719,2.719,3.348,6.773,2.840,2.968,1.143,1.277,0,NULL,NULL,,3,0,2,7,255,1275,250,0,0
stim,247083,277204,0,277204,3474514.455,-0.680,-0.054,-0.023,-0.731,0,0,0,0,0,0,0,139,45,0.960,1,2275,0,327.808,4.264,94.563,312.875,-25.000,-0.094,0.094,1.684,2.656,3.336,6.551,2.870,3.000,1.143,1.277,0,NULL,NULL,,3,0,2,7,255,1275,250,0,0
stim,247083,277204,0,277204,3474519.454,-0.679,-0.041,-0.016,-0.732,0,0,0,0,0,0,0,147,45,0.960,1,2275,0,325.320,3.312,89.375,311.875,-24.063,-0.039,0.047,1.625,2.203,2.473,6.387,2.898,3.026,1.143,1.277,0,NULL,NULL,,3,0,2,7,255,1275,250,0,0
stim,247083,277204,0,277204,3474524.455,-0.679,-0.028,-0.010,-0.734,0,0,0,0,0,0,0,147,45,0.960,1,2275,0,322.596,2.127,90.563,309.063,-18.625,-0.035,0.035,1.582,1.500,1.508,5.965,2.922,3.052,1.143,1.277,0,NULL,NULL,,3,0,2,7,255,1275,250,0,0
stim,247083,277204,0,277204,3474529.453,-0.678,-0.016,-0.004,-0.735,0,0,0,0,0,0,0,149,45,0.960,1,2275,0,320.484,1.613,96.000,305.313,-16.688,-0.047,0.055,1.555,1.230,1.043,5.617,2.946,3.076,1.143,1.277,0,NULL,NULL,,3,0,2,7,255,1275,250,0,0
stim,247083,277204,0,277204,3474534.455,-0.677,-0.003,0.001,-0.736,0,0,0,0,0,0,0,148,45,0.960,1,2275,0,318.608,1.385,104.750,300.500,-15.438,-0.023,0.063,1.543,1.184,0.719,5.363,2.964,3.094,1.143,1.277,0,NULL,NULL,,3,0,2,7,255,1275,250,0,0
stim,247083,277204,0,277204,3474539.453,-0.677,0.010,0.006,-0.736,0,0,0,0,0,0,0,147,45,0.960,1,2275,0,317.469,1.119,116.063,295.313,-10.313,-0.004,0.059,1.555,1.113,0.109,5.363,2.980,3.110,1.143,1.277,0,NULL,NULL,,3,0,2,7,255,1275,250,0,0
stim,247105,277226,0,277226,3474544.455,-0.676,0.023,0.011,-0.736,0,0,0,0,0,0,0,147,45,0.960,1,2275,0,317.251,0.988,128.875,289.875,-3.438,-0.008,0.074,1.605,0.863,-0.480,5.391,2.994,3.126,1.143,1.277,0,NULL,NULL,,3,0,2,7,255,1275,250,0,0
stim,247105,277226,0,277226,3474549.454,-0.675,0.037,0.014,-0.736,0,0,1,0,0,0,0,147,45,0.960,1,2275,0,318.389,1.196,141.688,285.125,0.188,-0.008,0.105,1.688,0.863,-0.828,5.895,3.006,3.138,1.143,1.277,0,NULL,NULL,,3,0,2,7,255,1275,250,0,0
stim,247105,277226,0,277226,3474554.455,-0.675,0.050,0.018,-0.736,0,0,3,0,0,0,0,149,45,0.960,1,2275,0,321.100,1.525,154.125,281.688,1.625,0.031,0.102,1.789,0.809,-1.293,6.672,3.016,3.150,1.143,1.277,0,NULL,NULL,,3,0,2,7,255,1275,250,0,0
stim,247105,277226,0,277226,3474559.454,-0.674,0.064,0.020,-0.736,0,0,5,0,0,0,0,149,45,0.960,1,2275,0,323.729,2.225,163.250,279.500,5.438,0.090,0.090,1.906,0.551,-2.156,7.617,3.024,3.158,1.143,1.277,0,NULL,NULL,,3,0,2,7,255,1275,250,0,0
stim,247130,277251,0,277251,3474564.455,-0.673,0.078,0.023,-0.735,0,0,7,0,0,0,0,151,45,0.960,1,2275,0,325.540,3.231,166.563,279.500,10.625,0.156,0.129,1.992,0.031,-3.230,8.637,3.030,3.164,1.143,1.277,0,NULL,NULL,,3,0,2,7,255,1275,250,0,0
stim,247130,277251,0,277251,3474569.453,-0.673,0.092,0.026,-0.734,0,0,11,0,0,0,0,147,45,0.960,1,2275,0,328.647,4.430,169.625,281.063,15.500,0.238,0.172,2.031,0.023,-4.430,9.320,3.036,3.170,1.143,1.277,0,NULL,NULL,,3,0,2,7,255,1275,250,0,0
stim,247130,277251,0,277251,3474574.455,-0.672,0.106,0.028,-0.733,0,0,13,0,0,0,0,151,45,0.960,1,2275,0,334.657,5.766,177.000,283.250,20.875,0.348,0.172,2.098,0.023,-5.766,9.477,3.036,3.170,1.143,1.277,0,NULL,NULL,,3,0,2,7,255,1275,250,0,0
stim,247130,277251,0,277251,3474579.453,-0.671,0.120,0.031,-0.731,0,0,11,0,0,0,0,153,45,0.960,1,2275,0,340.379,7.395,182.750,285.875,27.125,0.465,0.180,2.184,-0.426,-7.383,9.770,3.032,3.168,1.143,1.277,0,NULL,NULL,,3,0,2,7,255,1275,250,0,0
stim,247150,277271,0,277271,3474584.455,-0.671,0.135,0.033,-0.729,0,0,11,0,0,0,0,151,45,0.960,1,2275,0,343.807,9.193,184.250,288.188,34.688,0.566,0.180,2.258,-0.863,-9.152,10.164,3.024,3.160,1.143,1.277,0,NULL,NULL,,3,0,2,7,255,1275,250,0,0
stim,247150,277271,0,277271,3474589.454,-0.670,0.150,0.036,-0.726,0,0,18,0,0,0,0,153,45,0.960,1,2275,0,345.769,10.858,183.875,289.500,44.000,0.641,0.172,2.328,-1.387,-10.770,10.383,3.008,3.146,1.143,1.277,0,NULL,NULL,,3,0,2,7,255,1275,250,0,0
stim,247181,277302,0,277302,3474594.455,-0.670,0.164,0.038,-0.723,0,0,13,0,0,0,0,154,45,0.960,1,2275,0,345.613,12.261,180.688,289.938,52.313,0.688,0.172,2.398,-1.969,-12.102,10.566,2.986,3.126,1.143,1.277,0,NULL,NULL,,3,0,2,7,255,1275,250,0,0
stim,247181,277302,0,277302,3474599.454,-0.669,0.179,0.041,-0.720,0,0,17,0,0,0,0,151,45,0.960,1,2275,0,341.718,13.425,173.313,288.625,58.563,0.719,0.160,2.453,-2.430,-13.203,10.750,2.960,3.098,1.143,1.277,0,NULL,NULL,,3,0,2,7,255,1275,250,0,0
stim,247181,277302,0,277302,3474604.455,-0.669,0.192,0.044,-0.716,0,0,19,0,0,0,0,156,45,0.960,1,2275,0,332.462,14.443,159.313,284.813,63.500,0.738,0.156,2.465,-2.941,-14.141,10.750,2.926,3.066,1.143,1.277,0,NULL,NULL,,3,0,2,7,255,1275,250,0,0
stim,247181,277302,0,277302,3474609.454,-0.669,0.205,0.047,-0.712,0,0,17,0,0,0,0,163,45,0.960,1,2275,0,318.907,15.203,141.563,277.875,66.688,0.754,0.152,2.406,-3.305,-14.840,10.434,2.884,3.026,1.143,1.277,0,NULL,NULL,,3,0,2,7,255,1275,250,0,0
stim,247181,277302,0,277302,3474614.456,-0.669,0.217,0.051,-0.709,0,0,21,0,0,0,0,165,45,0.960,1,2275,0,304.617,15.622,127.813,268.250,67.063,0.805,0.109,2.301,-3.477,-15.230,9.449,2.834,2.976,1.143,1.277,0,NULL,NULL,,3,0,2,7,255,1275,250,0,0
stim,247181,277302,0,277302,3474619.453,-0.670,0.229,0.054,-0.705,0,0,19,0,0,0,0,160,45,0.960,1,2275,0,290.869,16.188,119.250,256.750,66.813,0.879,-0.012,2.168,-3.852,-15.723,7.867,2.780,2.924,1.143,1.277,0,NULL,NULL,,3,0,2,7,255,1275,250,0,0
stim,247182,277303,0,277303,3474624.455,-0.670,0.240,0.057,-0.701,0,0,21,0,0,0,0,169,45,0.960,1,2275,0,278.743,16.908,116.063,243.875,68.938,0.941,-0.199,2.023,-4.883,-16.188,5.789,2.722,2.866,1.143,1.277,0,NULL,NULL,,3,0,2,7,255,1275,250,0,0
stim,247182,277303,0,277303,3474629.454,-0.670,0.251,0.059,-0.696,0,0,23,0,0,0,0,184,45,0.960,1,2275,0,267.939,17.415,116.750,230.688,70.313,0.980,-0.340,1.863,-6.422,-16.188,3.496,2.658,2.802,1.143,1.277,0,NULL,NULL,,3,0,2,7,255,1275,250,0,0
stim,247182,277303,0,277303,3474634.455,-0.670,0.261,0.061,-0.693,0,0,23,0,0,0,0,201,45,0.960,1,2275,0,259.362,17.818,124.125,216.625,70.250,1.035,-0.438,1.699,-7.496,-16.164,1.281,2.588,2.734,1.143,1.277,0,NULL,NULL,,3,0,2,7,255,1275,250,0,0
stim,247182,277303,0,277303,3474639.454,-0.670,0.272,0.062,-0.688,0,0,24,0,0,0,0,215,45,0.960,1,2275,0,260.620,18.058,145.563,200.000,82.063,1.133,-0.508,1.621,-8.051,-16.164,-0.973,2.512,2.660,1.143,1.277,0,NULL,NULL,,3,0,2,7,255,1275,250,0,0
stim,247215,277336,0,277336,3474644.455,-0.669,0.282,0.062,-0.684,0,0,23,0,0,0,0,244,45,0.960,1,2275,0,252.452,18.212,152.500,186.125,76.375,0.949,-0.613,1.715,-8.547,-16.082,-1.660,2.434,2.582,1.143,1.277,0,NULL,NULL,,3,0,2,7,255,1275,250,0,0
stim,247215,277336,0,277336,3474649.454,-0.668,0.292,0.062,-0.681,0,0,26,0,0,0,0,295,45,0.960,1,2275,0,233.455,18.819,150.625,171.375,49.438,0.996,-0.660,1.695,-9.914,-15.996,-2.500,2.350,2.500,1.143,1.277,0,NULL,NULL,,3,0,2,7,255,1275,250,0,0
stim,247215,277336,0,277336,3474654.455,-0.667,0.301,0.062,-0.679,0,0,25,0,0,0,0,318,45,0.960,1,2275,0,222.339,19.077,154.875,155.250,36.688,1.230,-0.727,1.645,-10.395,-15.996,-2.500,2.266,2.416,1.143,1.277,0,NULL,NULL,,3,0,2,7,255,1275,250,0,0
stim,247215,277336,0,277336,3474659.454,-0.665,0.310,0.060,-0.676,0,0,24,0,0,0,0,344,45,0.960,1,2275,0,216.743,20.590,160.625,139.313,42.063,1.371,-0.664,1.672,-10.395,-17.773,-4.586,2.178,2.328,1.143,1.277,0,NULL,NULL,,3,0,2,7,255,1275,250,0,0
stim,247215,277336,0,277336,3474664.455,-0.664,0.318,0.059,-0.674,0,0,25,0,0,0,0,355,45,0.960,1,2275,0,200.504,21.864,151.313,123.250,46.000,1.531,-0.648,1.773,-10.402,-19.230,-5.250,2.088,2.238,1.143,1.277,0,NULL,NULL,,3,0,2,7,255,1275,250,0,0
stim,247215,277336,0,277336,3474669.454,-0.663,0.325,0.058,-0.672,0,0,22,0,0,0,0,363,45,0.960,1,2275,0,175.712,23.190,131.563,110.750,36.063,1.535,-0.727,1.695,-10.402,-20.727,-5.531,1.992,2.146,1.143,1.277,0,NULL,NULL,,3,0,2,7,255,1275,250,0,0
stim,247241,277362,0,277362,3474674.455,-0.661,0.332,0.057,-0.670,0,0,20,0,0,0,0,380,45,0.960,1,2275,0,156.111,23.766,122.563,95.813,13.000,1.738,-0.871,1.582,-10.910,-21.113,-6.727,1.894,2.046,1.143,1.277,0,NULL,NULL,,3,0,2,7,255,1275,250,0,0
stim,247241,277362,0,277362,3474679.453,-0.660,0.338,0.056,-0.669,0,0,20,0,9,0,0,403,45,0.960,1,2275,0,145.236,24.668,121.188,80.000,2.688,1.969,-0.965,1.492,-11.719,-21.707,-9.414,1.790,1.944,1.143,1.277,0,NULL,NULL,,3,0,2,7,255,1275,250,0,0
stim,247241,277362,0,277362,3474684.455,-0.658,0.343,0.054,-0.669,0,0,22,0,19,0,0,415,45,0.960,1,2275,0,136.778,26.021,122.188,61.063,7.063,2.117,-1.000,1.465,-12.141,-23.016,-11.875,1.682,1.836,1.143,1.277,0,NULL,NULL,,3,0,2,7,255,1275,250,0,0
stim,247241,277362,0,277362,3474689.453,-0.656,0.348,0.051,-0.668,0,0,21,0,19,0,0,416,45,0.960,1,2275,0,132.335,26.937,124.000,41.938,19.438,2.168,-1.039,1.488,-12.246,-23.992,-13.230,1.566,1.722,1.143,1.277,0,NULL,NULL,,3,0,2,7,255,1275,250,0,0
stim,247281,277402,0,277402,3474694.455,-0.655,0.352,0.048,-0.667,0,0,24,0,20,0,0,421,45,0.960,1,2275,0,127.072,27.263,122.188,17.500,30.188,2.023,-0.973,1.652,-12.676,-24.137,-13.230,1.442,1.600,1.143,1.277,0,NULL,NULL,,3,0,2,7,255,1275,250,0,0
stim,247281,277402,0,277402,3474699.453,-0.654,0.355,0.044,-0.666,0,0,23,0,17,0,0,421,45,0.960,1,2275,0,112.331,27.325,109.313,-5.875,25.188,1.820,-0.848,1.855,-12.809,-24.137,-11.656,1.314,1.472,1.143,1.277,0,NULL,NULL,,3,0,2,7,255,1275,250,0,0
stim,247281,277402,0,277402,3474704.455,-0.653,0.356,0.040,-0.667,0,0,25,0,4,0,0,416,45,0.960,1,2275,0,93.644,26.881,88.125,-28.563,13.688,1.695,-0.699,2.027,-12.809,-23.633,-8.738,1.182,1.340,1.143,1.277,0,NULL,NULL,,3,0,2,7,255,1275,250,0,0
stim,247281,277402,0,277402,3474709.454,-0.653,0.357,0.037,-0.667,0,0,23,0,1,0,0,414,45,0.960,1,2275,0,75.585,26.682,56.125,-49.500,10.625,1.609,-0.563,2.191,-12.387,-23.633,-6.270,1.044,1.204,1.143,1.277,0,NULL,NULL,,3,0,2,7,255,1275,250,0,0
stim,247281,277402,0,277402,3474714.455,-0.653,0.355,0.035,-0.668,0,0,25,0,0,0,0,416,45,0.960,1,2275,0,69.516,26.491,5.000,-68.813,8.500,1.273,-0.367,2.309,-11.984,-23.625,-4.039,0.902,1.064,1.143,1.277,0,NULL,NULL,,3,0,2,7,255,1275,250,0,0
stim,247281,277402,0,277402,3474719.453,-0.654,0.351,0.034,-0.669,0,0,22,0,0,0,0,419,45,0.960,1,2275,0,93.204,24.503,-48.438,-78.813,-11.375,1.148,-0.379,2.125,-11.102,-21.844,-1.160,0.758,0.920,1.143,1.277,0,NULL,NULL,,3,0,2,7,255,1275,250,0,0
stim,247301,277422,0,277422,3474724.455,-0.655,0.346,0.034,-0.671,0,0,20,0,0,0,0,420,45,0.960,1,2275,0,123.597,22.471,-81.188,-89.438,-26.188,1.090,-0.359,1.969,-10.609,-19.809,-1.160,0.614,0.778,1.143,1.277,0,NULL,NULL,,3,0,2,7,255,1275,250,0,0
stim,247301,277422,0,277422,3474729.453,-0.656,0.340,0.035,-0.673,0,0,20,0,0,0,0,447,45,0.960,1,2275,0,157.232,20.937,-119.313,-98.625,-27.563,1.070,-0.328,1.926,-9.848,-18.477,-1.621,0.472,0.638,1.143,1.277,0,NULL,NULL,,3,0,2,7,255,1275,250,0,0
stim,247301,277422,0,277422,3474734.455,-0.658,0.333,0.036,-0.675,0,0,18,73,0,0,0,543,45,0.960,1,2275,0,164.895,20.569,-124.375,-108.125,-5.500,0.566,-0.715,2.035,-9.848,-18.059,-1.621,0.336,0.504,1.143,1.277,0,NULL,NULL,,3,0,2,7,255,1275,250,0,0
stim,247301,277422,0,277422,3474739.453,-0.667,0.333,0.021,-0.666,405,0,9,688,0,39,0,567,45,0.960,1,2275,0,448.902,19.345,141.313,-186.438,383.125,-1.328,0.086,4.195,-13.512,-13.844,0.574,0.210,0.380,1.143,1.277,0,NULL,NULL,,3,0,2,7,255,1275,250,0,0
stim,247301,277422,0,277422,3474744.455,-0.688,0.319,0.021,-0.652,973,0,0,1226,0,246,0,617,45,0.960,1,2275,0,649.805,15.864,-364.938,-125.438,522.813,-1.887,3.707,3.996,-13.512,-8.313,29.176,0.098,0.268,1.143,1.277,0,NULL,NULL,,3,0,2,7,255,1275,250,0,0
stim,247301,277422,0,277422,3474749.454,-0.701,0.298,0.036,-0.647,1462,0,0,1579,0,491,0,678,45,0.960,1,2275,0,678.050,16.956,-658.625,-65.438,147.250,-2.488,2.652,1.203,16.598,-3.469,29.176,0.028,0.194,1.143,1.277,0,NULL,NULL,,3,0,2,7,255,1275,250,0,0
stim,247301,277422,0,277422,3474754.455,-0.706,0.279,0.050,-0.649,1785,0,0,1784,0,611,0,763,45,0.960,1,2276,0,550.653,23.095,-543.813,-70.438,-50.250,-2.219,1.098,-0.820,16.598,16.059,19.598,0.020,0.174,1.143,1.277,1,1306.000,31.000,,3,0,2,7,255,1275,250,0,0
stim,247301,277422,0,277422,3474759.455,-0.707,0.267,0.058,-0.653,2013,0,0,1879,0,789,0,825,45,0.960,1,2276,0,335.639,19.253,-302.938,-63.875,-129.625,-0.695,0.941,-1.203,10.621,16.059,-3.973,0.024,0.184,1.143,1.277,1,NULL,NULL,,3,0,2,7,255,1275,250,0,0
stim,247332,277453,0,277453,3474764.455,-0.706,0.263,0.057,-0.656,2168,0,0,1996,0,941,0,887,45,0.960,1,2276,0,123.199,14.583,-44.438,-92.625,-68.000,0.387,0.621,-0.059,8.922,11.535,-10.293,0.028,0.218,1.143,1.277,1,NULL,NULL,,3,0,2,7,255,1275,250,0,0
stim,247332,277453,0,277453,3474769.453,-0.709,0.259,0.054,-0.654,2339,0,0,2101,0,1097,0,966,45,0.960,1,2276,0,135.902,7.126,-38.313,-101.125,82.313,0.254,0.855,1.023,6.418,-3.098,-10.293,0.068,0.258,1.143,1.277,1,NULL,NULL,,3,0,2,7,255,1275,250,0,0
stim,247332,277453,0,277453,3474774.455,-0.714,0.252,0.053,-0.651,2515,0,0,2331,0,1190,0,979,45,0.960,1,2276,0,211.454,7.126,-127.313,-113.625,124.875,-0.586,1.086,1.258,6.418,-3.098,0.137,0.106,0.298,1.143,1.277,1,NULL,NULL,,3,0,2,7,255,1275,250,0,0
stim,247332,277453,0,277453,3474779.454,-0.719,0.243,0.054,-0.649,2652,0,0,2493,0,1197,0,1003,45,0.960,1,2276,0,254.422,6.002,-207.250,-123.563,80.688,-1.637,-0.105,0.930,5.996,0.262,4.305,0.144,0.334,1.143,1.277,1,NULL,NULL,,3,0,2,7,255,1275,250,0,0
stim,247332,277453,0,277453,3474784.455,-0.723,0.230,0.057,-0.649,2763,0,0,2632,0,1191,0,1073,45,0.960,1,2276,0,309.817,11.916,-271.750,-146.250,27.375,-1.766,-1.164,0.359,-5.402,10.621,4.305,0.180,0.370,1.143,1.277,2,NULL,NULL,,3,0,2,7,255,1275,250,0,0
stim,247332,277453,0,277453,3474789.454,-0.723,0.220,0.058,-0.653,2830,0,0,2727,0,1149,0,1147,45,0.960,1,2276,0,251.076,14.569,-181.750,-150.188,-86.313,-1.043,-0.910,-0.152,-9.973,10.621,-2.703,0.202,0.394,1.143,1.277,2,NULL,NULL,,3,0,2,7,255,1275,250,0,0
stim,247383,277504,0,277504,3474794.455,-0.721,0.213,0.055,-0.657,2915,0,0,2841,0,1113,0,1234,45,0.960,1,2276,0,187.639,13.669,-50.750,-155.500,-91.938,-0.137,-0.402,0.336,-9.973,9.348,-7.148,0.210,0.404,1.143,1.277,2,NULL,NULL,,3,0,2,7,255,1275,250,0,0
stim,247383,277504,0,277504,3474799.454,-0.720,0.209,0.050,-0.660,2956,0,0,2895,0,1101,0,1275,45,0.960,1,2276,0,159.251,6.819,11.813,-150.188,-51.625,0.285,-0.504,1.316,-6.813,-0.305,-7.148,0.206,0.400,1.143,1.277,2,NULL,NULL,,3,0,2,7,255,1275,250,0,0
stim,247383,277504,0,277504,3474804.455,-0.721,0.205,0.047,-0.661,2976,0,0,2941,0,1103,0,1294,45,0.960,1,2276,0,134.987,10.254,-28.813,-131.875,-0.625,0.426,-0.824,1.809,-6.813,-7.664,-0.008,0.192,0.388,1.143,1.277,2,NULL,NULL,,3,0,2,7,255,1275,250,0,0
stim,247383,277504,0,277504,3474809.454,-0.724,0.198,0.046,-0.660,3004,0,0,2989,0,1115,0,1299,45,0.960,1,2276,0,179.328,14.472,-117.125,-125.625,51.563,0.418,-1.020,1.598,-10.547,-9.910,1.359,0.174,0.370,1.143,1.277,2,NULL,NULL,,3,0,2,7,255,1275,250,0,0
stim,247383,277504,0,277504,3474814.455,-0.728,0.189,0.046,-0.657,3031,0,0,3029,0,1159,0,1295,45,0.960,1,2276,0,228.347,14.472,-163.125,-117.938,107.813,0.191,-0.969,0.883,-10.547,-9.910,1.359,0.154,0.350,1.143,1.277,2,NULL,NULL,,3,0,2,7,255,1275,250,0,0
stim,247383,277504,0,277504,3474819.453,-0.734,0.182,0.045,-0.653,3047,0,0,3053,0,1229,0,1309,45,0.960,1,2276,0,228.584,11.781,-127.500,-120.625,146.438,-0.250,-0.797,0.367,-10.457,-5.426,-4.141,0.132,0.328,1.143,1.277,2,NULL,NULL,,3,0,2,7,255,1275,250,0,0
stim,247383,277504,0,277504,3474824.455,-0.739,0.177,0.041,-0.649,3079,0,0,3087,0,1354,0,1352,45,0.960,1,2276,0,200.579,8.624,-57.000,-129.000,142.625,-0.625,-0.547,0.492,-8.617,0.352,-4.473,0.106,0.302,1.143,1.277,2,NULL,NULL,,3,0,2,7,255,1275,250,0,0
stim,247383,277504,0,277504,3474829.454,-0.742,0.173,0.037,-0.646,3087,0,0,3097,0,1437,0,1401,45,0.960,1,2276,0,170.771,7.826,-15.125,-136.125,102.000,-0.703,-0.125,0.875,-6.926,3.645,-4.473,0.082,0.274,1.143,1.277,2,NULL,NULL,,3,0,2,7,255,1275,250,0,0
stim,247400,277521,0,277521,3474834.455,-0.744,0.169,0.032,-0.646,3096,0,0,3115,0,1527,0,1459,45,0.960,1,2276,0,144.682,5.124,-5.063,-133.750,54.938,-0.453,0.246,1.148,-3.602,3.645,-0.039,0.072,0.248,1.143,1.277,2,NULL,NULL,,3,0,2,7,255,1275,250,0,0
stim,247400,277521,0,277521,3474839.454,-0.745,0.165,0.028,-0.645,3101,0,0,3128,0,1641,0,1525,45,0.960,1,2276,0,134.631,1.161,-19.438,-128.438,35.375,-0.191,0.301,1.328,-0.043,1.160,2.449,0.074,0.228,1.143,1.277,2,NULL,NULL,,3,0,2,7,255,1275,250,0,0
stim,247400,277521,0,277521,3474844.455,-0.747,0.160,0.025,-0.645,3101,0,0,3139,0,1767,0,1579,45,0.960,1,2276,0,133.823,1.551,-52.938,-119.438,29.000,-0.121,0.117,1.395,-0.043,-1.551,3.563,0.090,0.210,1.143,1.277,2,NULL,NULL,,3,0,2,7,255,1275,250,0,0
stim,247400,277521,0,277521,3474849.454,-0.749,0.154,0.024,-0.644,3107,0,0,3129,0,1836,0,1651,45,0.960,1,2276,0,137.776,2.659,-76.563,-110.375,30.625,-0.027,-0.020,1.121,-1.070,-2.434,3.563,0.106,0.194,1.143,1.277,2,NULL,NULL,,3,0,2,7,255,1275,250,0,0
stim,247421,277542,0,277542,3474854.455,-0.750,0.149,0.022,-0.644,3111,0,0,3146,0,1894,0,1690,45,0.960,1,2276,0,130.837,3.016,-70.813,-105.375,31.625,-0.090,-0.094,0.992,-1.781,-2.434,0.711,0.124,0.178,1.143,1.277,2,NULL,NULL,,3,0,2,7,255,1275,250,0,0
stim,247421,277542,0,277542,3474859.454,-0.751,0.145,0.020,-0.644,3115,0,0,3141,0,1961,9,1711,45,0.960,1,2276,0,115.033,2.825,-53.625,-99.063,23.313,-0.074,-0.086,0.961,-2.211,-1.758,-0.445,0.142,0.162,1.143,1.277,2,NULL,NULL,,3,0,2,7,255,1275,250,0,0
stim,247421,277542,0,277542,3474864.455,-0.752,0.141,0.018,-0.643,3113,0,0,3142,22,2023,51,1743,45,0.960,1,2276,0,104.303,2.825,-38.688,-94.000,23.375,-0.039,0.020,1.027,-2.211,-1.758,-0.445,0.162,0.148,1.143,1.277,2,NULL,NULL,,3,0,2,7,255,1275,250,0,0
stim,247421,277542,0,277542,3474869.454,-0.753,0.137,0.016,-0.643,3116,0,0,3155,57,2071,113,1769,45,0.960,1,2276,0,101.478,2.114,-39.563,-89.938,25.375,-0.070,0.195,1.141,-1.203,-1.738,0.008,0.182,0.142,1.143,1.277,2,NULL,NULL,,3,0,2,7,255,1275,250,0,0
stim,247421,277542,0,277542,3474874.455,-0.755,0.133,0.014,-0.642,3117,0,0,3145,185,2147,148,1849,45,0.960,1,2276,0,101.078,1.644,-49.938,-84.250,25.000,-0.102,0.309,1.137,0.297,-1.617,1.430,0.202,0.136,1.143,1.277,2,NULL,NULL,,3,0,2,7,255,1275,250,0,0
stim,247421,277542,0,277542,3474879.454,-0.756,0.129,0.013,-0.642,3119,0,0,3144,347,2188,251,1935,45,0.960,1,2276,0,98.343,1.711,-56.000,-78.313,20.063,-0.129,0.309,1.164,1.344,-1.059,1.629,0.216,0.134,1.143,1.277,2,NULL,NULL,,3,0,2,7,255,1275,250,0,0
stim,247451,277572,0,277572,3474884.455,-0.756,0.126,0.012,-0.642,3128,0,0,3155,498,2228,270,2019,45,0.960,1,2276,0,64.377,1.714,-37.875,-51.688,-6.188,-0.004,0.328,1.516,1.348,-1.059,1.953,0.226,0.130,1.143,1.277,2,NULL,NULL,,3,0,2,7,255,1275,250,0,0
stim,247451,277572,0,277572,3474889.454,-0.755,0.123,0.013,-0.644,3119,0,0,3148,586,2262,285,2055,45,0.960,1,2276,0,64.056,2.875,-49.125,-26.563,-31.375,0.219,0.629,1.285,1.348,-2.539,2.953,0.226,0.120,1.143,1.277,2,NULL,NULL,,3,0,2,7,255,1275,250,0,0
stim,247483,277604,0,277604,3474894.455,-0.754,0.122,0.013,-0.645,3123,0,0,3149,699,2285,304,2090,45,0.960,1,2276,0,56.440,6.174,-35.000,-26.875,-35.188,0.305,0.953,1.191,4.922,-3.727,2.953,0.220,0.106,1.143,1.277,2,NULL,NULL,,3,0,2,7,255,1275,250,0,0
stim,247483,277604,0,277604,3474899.453,-0.754,0.119,0.014,-0.646,3141,0,0,3163,781,2309,309,2127,45,0.960,1,2276,0,56.449,6.174,-50.000,-13.938,-22.188,-0.023,0.422,1.504,4.922,-3.727,2.953,0.210,0.092,1.143,1.277,2,NULL,NULL,,3,0,2,7,255,1275,250,0,0
stim,247483,277604,0,277604,3474904.455,-0.754,0.116,0.017,-0.647,3125,0,0,3157,868,2329,332,2155,45,0.960,1,2276,0,117.184,3.186,-110.813,-8.063,-37.250,-0.320,0.141,1.270,2.395,-2.102,3.059,0.196,0.076,1.143,1.277,2,NULL,NULL,,3,0,2,7,255,1275,250,0,0
stim,247483,277604,0,277604,3474909.454,-0.752,0.112,0.020,-0.649,3124,0,0,3163,957,2345,361,2185,45,0.960,1,2276,0,127.491,2.066,-106.063,-2.813,-70.688,-0.199,0.305,0.777,1.906,0.797,3.059,0.190,0.068,1.143,1.277,2,NULL,NULL,,3,0,2,7,255,1275,250,0,0
stim,247483,277604,0,277604,3474914.455,-0.750,0.110,0.022,-0.652,3126,0,0,3169,1032,2359,372,2203,45,0.960,1,2276,0,98.565,1.347,-57.000,-2.438,-80.375,0.066,0.180,0.844,1.086,0.797,-1.652,0.182,0.062,1.143,1.277,2,NULL,NULL,,3,0,2,7,255,1275,250,0,0
stim,247483,277604,0,277604,3474919.454,-0.749,0.108,0.023,-0.653,3127,13,0,3171,1119,2367,371,2229,45,0.960,1,2276,0,70.648,2.296,-45.813,-1.813,-53.750,0.121,0.070,1.117,1.086,-2.023,-1.652,0.178,0.058,1.143,1.277,2,NULL,NULL,,3,0,2,7,255,1275,250,0,0
stim,247483,277604,0,277604,3474924.455,-0.748,0.106,0.025,-0.654,3140,47,0,3189,1189,2393,369,2261,45,0.960,1,2276,0,75.826,2.026,-70.188,0.625,-28.688,-0.063,0.109,1.133,0.105,-2.023,0.746,0.172,0.054,1.143,1.277,2,NULL,NULL,,3,0,2,7,255,1275,250,0,0
stim,247483,277604,0,277604,3474929.454,-0.748,0.103,0.028,-0.655,3130,62,0,3189,1252,2403,367,2277,45,0.960,1,2276,0,91.278,1.406,-83.813,2.563,-36.063,-0.250,0.137,0.949,0.105,-1.402,0.746,0.172,0.050,1.143,1.277,2,NULL,NULL,,3,0,2,7,255,1275,250,0,0
stim,247483,277604,0,277604,3474934.455,-0.746,0.101,0.030,-0.657,3126,77,0,3180,1327,2419,371,2309,45,0.960,1,2276,0,89.927,0.734,-70.125,2.313,-56.250,-0.242,0.023,0.844,0.105,0.727,-0.145,0.172,0.050,1.143,1.277,2,NULL,NULL,,3,0,2,7,255,1275,250,0,0
stim,247483,277604,0,277604,3474939.453,-0.745,0.099,0.032,-0.659,3128,99,0,3183,1381,2426,381,2333,45,0.960,1,2276,0,81.491,0.984,-49.313,0.500,-64.875,-0.145,-0.059,0.895,-0.664,0.727,-1.004,0.172,0.050,1.143,1.277,2,NULL,NULL,,3,0,2,7,255,1275,250,0,0
stim,247514,277635,0,277635,3474944.455,-0.743,0.098,0.033,-0.661,3144,111,0,3189,1455,2441,389,2349,45,0.960,1,2276,0,71.564,1.143,-40.313,-0.750,-59.125,-0.090,-0.043,0.977,-1.074,-0.391,-1.004,0.172,0.048,1.143,1.277,2,NULL,NULL,,3,0,2,7,255,1275,250,0,0
stim,247514,277635,0,277635,3474949.454,-0.742,0.096,0.035,-0.662,3127,158,0,3189,1534,2455,397,2375,45,0.960,1,2276,0,63.230,1.670,-41.938,-0.875,-47.313,-0.098,-0.098,0.992,-1.301,-1.047,-0.289,0.176,0.046,1.143,1.277,2,NULL,NULL,,3,0,2,7,255,1275,250,0,0
stim,247514,277635,0,277635,3474954.455,-0.741,0.094,0.036,-0.664,3124,186,0,3189,1588,2474,412,2390,45,0.960,1,2276,0,58.679,1.894,-44.000,-0.875,-38.813,-0.160,-0.156,0.957,-1.578,-1.047,-0.289,0.180,0.044,1.143,1.277,2,NULL,NULL,,3,0,2,7,255,1275,250,0,0
stim,247514,277635,0,277635,3474959.454,-0.740,0.092,0.038,-0.665,3131,221,6,3192,1627,2473,418,2407,45,0.960,1,2276,0,54.434,2.200,-39.000,-1.688,-37.938,-0.203,-0.160,0.906,-2.160,-0.418,-0.410,0.184,0.040,1.143,1.277,2,NULL,NULL,,3,0,2,7,255,1275,250,0,0
stim,247514,277635,0,277635,3474964.455,-0.739,0.091,0.039,-0.666,3123,237,25,3193,1677,2489,413,2431,45,0.960,1,2276,0,49.424,2.163,-28.313,-3.313,-40.375,-0.203,-0.133,0.895,-2.160,0.102,-0.820,0.190,0.036,1.143,1.277,2,NULL,NULL,,3,0,2,7,255,1275,250,0,0
stim,247514,277636,0,277636,3474969.454,-0.738,0.090,0.039,-0.668,3129,261,61,3197,1711,2486,421,2442,45,0.960,1,2276,0,46.076,1.909,-20.000,-4.625,-41.250,-0.176,-0.121,0.945,-1.906,0.102,-0.820,0.198,0.028,1.143,1.277,2,NULL,NULL,,3,0,2,7,255,1275,250,0,0
stim,247541,277662,0,277662,3474974.455,-0.737,0.089,0.040,-0.669,3117,253,89,3196,1741,2493,444,2452,45,0.960,1,2276,0,43.170,1.915,-18.938,-5.688,-38.375,-0.141,-0.148,0.973,-1.906,-0.188,-0.473,0.208,0.018,1.143,1.277,2,NULL,NULL,,3,0,2,7,255,1275,250,0,0
stim,247541,277662,0,277662,3474979.454,-0.736,0.088,0.041,-0.670,3116,277,125,3183,1784,2495,461,2461,45,0.960,1,2276,0,36.432,2.048,-18.813,-5.625,-30.688,-0.102,-0.199,0.953,-1.961,-0.590,-0.473,0.218,0.008,1.143,1.277,2,NULL,NULL,,3,0,2,7,255,1275,250,0,0
stim,247541,277662,0,277662,3474984.455,-0.736,0.087,0.041,-0.670,3123,276,157,3192,1817,2505,458,2463,45,0.960,1,2276,0,25.795,2.526,-15.063,-6.000,-20.063,-0.105,-0.203,0.918,-2.375,-0.859,-0.551,0.228,0.000,1.143,1.277,2,NULL,NULL,,3,0,2,7,255,1275,250,0,0
stim,247541,277662,0,277662,3474989.453,-0.735,0.086,0.041,-0.671,3125,275,197,3182,1845,2506,455,2469,45,0.960,1,2276,0,16.650,2.526,-8.625,-6.938,-12.438,-0.156,-0.137,0.918,-2.375,-0.859,-0.770,0.000,0.000,1.143,1.277,2,NULL,NULL,,3,0,2,7,255,1275,250,0,0
stim,247541,277662,0,277662,3474994.455,-0.735,0.086,0.041,-0.671,3116,275,271,3189,1866,2507,447,2473,45,0.960,1,2276,0,15.558,1.815,-2.563,-6.938,-13.688,-0.199,-0.063,0.953,-1.789,-0.309,-0.770,0.000,0.000,1.143,1.277,2,NULL,NULL,,3,0,2,7,255,1275,250,0,0
stim,247541,277662,0,277662,3474999.453,-0.734,0.086,0.041,-0.672,3117,275,284,3179,1877,2514,451,2483,45,0.960,1,2276,0,20.063,1.094,0.438,-7.125,-18.750,-0.184,-0.004,0.984,-1.094,-0.027,-0.309,0.000,0.000,1.143,1.277,2,NULL,NULL,,3,0,2,7,255,1275,250,0,0
stim,247571,277692,0,277692,3475004.455,-0.734,0.086,0.041,-0.673,3113,263,301,3167,1897,2508,441,2479,45,0.977,1,2276,1,21.088,0.532,1.188,-7.125,-19.813,-0.148,0.008,1.008,-0.531,-0.027,-0.027,0.000,0.000,1.128,1.318,2,NULL,NULL,,3,0,2,7,255,1275,250,0,0
stim,247571,277692,0,277692,3475009.454,-0.733,0.085,0.041,-0.673,3101,262,347,3169,1915,2506,447,2491,45,0.977,1,2276,1,17.858,0.638,-0.938,-7.063,-16.375,-0.141,-0.008,1.016,-0.520,-0.371,0.145,0.008,0.008,1.128,1.318,2,NULL,NULL,,3,0,2,7,255,1275,250,0,0
stim,247571,277692,0,277692,3475014.455,-0.733,0.085,0.040,-0.674,3093,267,383,3155,1935,2513,446,2493,45,0.977,1,2276,1,15.807,0.544,-2.188,-6.750,-14.125,-0.160,0.008,1.000,-0.398,-0.371,0.145,0.018,0.016,1.128,1.318,2,NULL,NULL,,3,0,2,7,255,1275,250,0,0
stim,247571,277692,0,277692,3475019.454,-0.733,0.085,0.040,-0.674,3102,267,420,3166,1935,2503,445,2489,45,0.977,1,2276,1,17.317,0.469,-0.063,-6.313,-16.125,-0.168,0.035,0.992,-0.387,-0.266,0.102,0.024,0.022,1.128,1.318,2,NULL,NULL,,3,0,2,7,255,1275,250,0,0
stim,247571,277692,0,277692,3475024.455,-0.732,0.084,0.040,-0.675,3096,261,439,3155,1955,2513,453,2493,45,0.977,1,2276,1,19.508,0.301,2.313,-5.938,-18.438,-0.152,0.059,1.012,-0.141,-0.266,0.102,0.032,0.028,1.128,1.318,2,NULL,NULL,,3,0,2,7,255,1275,250,0,0
stim,247571,277692,0,277692,3475029.453,-0.732,0.084,0.040,-0.675,3081,268,523,3131,1957,2501,443,2502,45,0.977,1,2276,1,18.740,0.317,1.500,-5.625,-17.813,-0.148,0.078,1.027,0.102,-0.301,0.215,0.038,0.034,1.128,1.318,2,NULL,NULL,,3,0,2,7,255,1275,250,0,0
stim,247601,277722,0,277722,3475034.455,-0.731,0.084,0.040,-0.676,3067,253,564,3133,1971,2491,445,2493,45,0.977,1,2276,1,17.333,0.425,-1.125,-5.750,-16.313,-0.164,0.094,1.023,0.301,-0.301,0.371,0.042,0.036,1.128,1.318,2,NULL,NULL,,3,0,2,7,255,1275,250,0,0
stim,247601,277722,0,277722,3475039.453,-0.731,0.084,0.040,-0.676,3055,267,600,3125,1982,2489,445,2509,45,0.977,1,2276,1,17.519,0.492,-2.313,-6.125,-16.250,-0.176,0.109,1.012,0.461,-0.172,0.371,0.046,0.040,1.128,1.318,2,NULL,NULL,,3,0,2,7,255,1275,250,0,0
stim,247601,277722,0,277722,3475044.455,-0.730,0.084,0.039,-0.677,3062,268,659,3111,2009,2495,446,2509,45,0.977,1,2276,1,18.169,0.591,-1.875,-6.938,-16.688,-0.176,0.117,1.004,0.590,-0.031,0.277,0.048,0.040,1.128,1.318,2,NULL,NULL,,3,0,2,7,255,1275,250,0,0
stim,247601,277722,0,277722,3475049.454,-0.730,0.083,0.039,-0.677,3043,251,697,3111,2026,2487,475,2522,45,0.977,1,2276,1,17.790,0.684,-1.563,-8.000,-15.813,-0.172,0.137,1.012,0.684,-0.008,0.277,0.050,0.042,1.128,1.318,2,NULL,NULL,,3,0,2,7,255,1275,250,0,0
stim,247601,277722,0,277722,3475054.455,-0.729,0.083,0.039,-0.678,3029,261,728,3093,2063,2491,485,2519,45,0.977,1,2276,1,17.169,0.871,-2.750,-8.875,-14.438,-0.188,0.164,1.031,0.871,-0.004,0.293,0.050,0.042,1.128,1.318,2,NULL,NULL,,3,0,2,7,255,1275,250,0,0
stim,247601,277722,0,277722,3475059.454,-0.729,0.083,0.039,-0.678,3029,263,751,3079,2080,2488,493,2533,45,0.977,1,2276,1,19.179,1.116,-5.500,-9.250,-15.875,-0.188,0.191,1.047,1.109,0.121,0.531,0.050,0.042,1.128,1.318,2,NULL,NULL,,3,0,2,7,255,1275,250,0,0
stim,247630,277751,0,277751,3475064.455,-0.729,0.082,0.038,-0.679,3005,255,825,3064,2109,2487,519,2537,45,0.977,1,2276,1,21.249,1.303,-8.375,-9.500,-17.063,-0.160,0.180,1.043,1.297,0.121,0.570,0.050,0.040,1.128,1.318,2,NULL,NULL,,3,0,2,7,255,1275,250,0,0
stim,247630,277751,0,277751,3475069.454,-0.728,0.082,0.038,-0.679,2989,274,903,3059,2159,2491,563,2551,45,0.977,1,2276,1,21.409,1.303,-10.625,-9.563,-15.938,-0.141,0.137,1.031,1.297,-0.125,0.570,0.048,0.038,1.128,1.318,2,NULL,NULL,,3,0,2,7,255,1275,250,0,0
stim,247630,277751,0,277751,3475074.455,-0.728,0.081,0.038,-0.680,2975,275,965,3043,2185,2494,629,2558,45,0.977,1,2276,1,20.987,0.968,-11.875,-9.250,-14.625,-0.141,0.117,1.008,0.922,-0.297,0.406,0.046,0.034,1.128,1.318,2,NULL,NULL,,3,0,2,7,255,1275,250,0,0
stim,247630,277751,0,277751,3475079.453,-0.727,0.080,0.039,-0.680,2965,267,1013,3041,2215,2483,685,2560,45,0.977,1,2276,1,21.992,0.781,-12.625,-8.500,-15.875,-0.152,0.074,0.992,0.723,-0.297,0.195,0.044,0.030,1.128,1.318,2,NULL,NULL,,3,0,2,7,255,1275,250,0,0
stim,247630,277751,0,277751,3475084.455,-0.727,0.080,0.039,-0.681,2949,279,1116,3032,2239,2483,738,2571,45,0.977,1,2276,1,23.589,0.381,-12.813,-8.125,-18.063,-0.148,0.020,0.973,0.324,-0.199,0.031,0.040,0.026,1.128,1.318,2,NULL,NULL,,3,0,2,7,255,1275,250,0,0
stim,247630,277751,0,277751,3475089.453,-0.726,0.079,0.039,-0.682,2926,285,1179,3020,2265,2493,800,2594,45,0.977,1,2276,1,23.605,0.279,-11.438,-7.938,-19.063,-0.148,-0.012,0.953,-0.195,-0.199,-0.156,0.036,0.022,1.128,1.318,2,NULL,NULL,,3,0,2,7,255,1275,250,0,0
stim,247684,277805,0,277805,3475094.455,-0.726,0.078,0.039,-0.682,2921,283,1239,3015,2286,2479,869,2589,45,0.977,1,2276,1,22.333,0.531,-9.438,-7.625,-18.750,-0.148,-0.020,0.945,-0.492,-0.199,-0.371,0.032,0.016,1.128,1.318,2,NULL,NULL,,3,0,2,7,255,1275,250,0,0
stim,247684,277805,0,277805,3475099.454,-0.725,0.078,0.039,-0.683,2904,325,1286,3003,2325,2484,921,2605,45,0.977,1,2276,1,21.643,0.590,-7.813,-7.625,-18.688,-0.156,-0.023,0.949,-0.559,-0.191,-0.383,0.028,0.010,1.128,1.318,2,NULL,NULL,,3,0,2,7,255,1275,250,0,0
stim,247684,277805,0,277805,3475104.455,-0.725,0.077,0.039,-0.683,2897,328,1367,2991,2335,2487,983,2606,45,0.977,1,2276,1,21.619,0.582,-7.688,-7.375,-18.813,-0.156,-0.027,0.957,-0.570,-0.117,-0.383,0.026,0.006,1.128,1.318,2,NULL,NULL,,3,0,2,7,255,1275,250,0,0
stim,247684,277805,0,277805,3475109.454,-0.724,0.076,0.039,-0.684,2873,329,1450,2981,2365,2489,1047,2621,45,0.977,1,2276,1,21.610,0.631,-8.438,-7.625,-18.375,-0.160,-0.051,0.957,-0.621,-0.113,-0.309,0.024,0.004,1.128,1.318,2,NULL,NULL,,3,0,2,7,255,1275,250,0,0
stim,247684,277805,0,277805,3475114.455,-0.724,0.076,0.039,-0.685,2867,341,1543,2981,2390,2487,1114,2633,45,0.977,1,2276,1,20.793,0.847,-9.375,-8.250,-16.625,-0.160,-0.063,0.953,-0.844,-0.074,-0.309,0.022,0.004,1.128,1.318,2,NULL,NULL,,3,0,2,7,255,1275,250,0,0
stim,247684,277805,0,277805,3475119.455,-0.724,0.075,0.040,-0.685,2852,361,1597,2958,2415,2491,1189,2637,45,0.977,1,2276,1,19.932,0.881,-8.938,-9.000,-15.375,-0.176,-0.059,0.945,-0.879,-0.059,-0.340,0.020,0.006,1.128,1.318,2,NULL,NULL,,3,0,2,7,255,1275,250,0,0
stim,247684,277805,0,277805,3475124.455,-0.723,0.075,0.039,-0.686,2836,377,1674,2942,2444,2491,1267,2653,45,0.977,1,2276,1,20.274,0.885,-6.125,-9.750,-16.688,-0.188,-0.023,0.949,-0.879,0.105,-0.348,0.020,0.008,1.128,1.318,2,NULL,NULL,,3,0,2,7,255,1275,250,0,0
stim,247684,277805,0,277805,3475129.453,-0.723,0.074,0.039,-0.686,2808,393,1749,2939,2465,2488,1335,2660,45,0.977,1,2276,1,21.760,0.572,-4.250,-11.063,-18.250,-0.172,0.004,0.973,-0.563,0.105,-0.348,0.018,0.010,1.128,1.318,2,NULL,NULL,,3,0,2,7,255,1275,250,0,0
stim,247684,277805,0,277805,3475134.455,-0.722,0.074,0.039,-0.687,2793,423,1811,2921,2485,2489,1403,2671,45,0.977,1,2276,1,22.410,0.274,-4.188,-12.125,-18.375,-0.176,0.023,0.988,-0.258,0.094,-0.145,0.018,0.012,1.128,1.318,2,NULL,NULL,,3,0,2,7,255,1275,250,0,0
stim,247684,277805,0,277805,3475139.454,-0.722,0.073,0.039,-0.687,2771,438,1868,2907,2517,2501,1454,2685,45,0.977,1,2276,1,22.039,0.125,-5.125,-13.375,-16.750,-0.164,0.055,1.004,-0.098,0.078,0.023,0.018,0.012,1.128,1.318,2,NULL,NULL,,3,0,2,7,255,1275,250,0,0
stim,247705,277826,0,277826,3475144.455,-0.721,0.072,0.039,-0.688,2761,443,1947,2901,2532,2507,1542,2694,45,0.977,1,2276,1,23.694,0.249,-6.125,-13.563,-18.438,-0.184,0.078,1.012,0.230,0.094,0.176,0.020,0.012,1.128,1.318,2,NULL,NULL,,3,0,2,7,255,1275,250,0,0
stim,247705,277826,0,277826,3475149.454,-0.720,0.072,0.038,-0.689,2724,470,2012,2873,2554,2504,1611,2703,45,0.977,1,2276,1,28.468,0.472,-8.250,-14.000,-23.375,-0.168,0.082,1.023,0.469,0.055,0.262,0.022,0.014,1.128,1.318,2,NULL,NULL,,3,0,2,7,255,1275,250,0,0
stim,247705,277826,1,277826,3475154.455,-0.720,0.071,0.038,-0.690,2700,495,2100,2861,2584,2503,1675,2733,45,0.977,1,2276,1,31.732,0.472,-10.438,-13.750,-26.625,-0.137,0.039,1.012,0.469,0.055,0.262,0.024,0.016,1.128,1.318,2,NULL,NULL,,3,1,2,7,255,1275,250,0,0
stim,247705,277826,1,277826,3475159.454,-0.719,0.070,0.038,-0.690,2664,523,2169,2844,2611,2508,1723,2731,45,0.977,1,2276,1,31.085,0.284,-12.125,-13.938,-25.000,-0.121,-0.004,0.996,0.109,-0.262,0.191,0.028,0.018,1.128,1.318,2,NULL,NULL,,3,1,2,7,255,1275,250,0,0
stim,247731,277852,1,277852,3475164.455,-0.718,0.069,0.038,-0.691,2633,537,2219,2831,2618,2508,1797,2735,45,0.977,1,2276,1,29.849,0.409,-12.563,-14.188,-23.063,-0.125,-0.023,0.984,-0.273,-0.305,0.004,0.030,0.020,1.128,1.318,2,NULL,NULL,,3,1,2,7,255,1275,250,0,0
stim,247731,277852,1,277852,3475169.453,-0.718,0.068,0.038,-0.692,2598,553,2267,2815,2635,2510,1867,2744,45,0.977,1,2276,1,28.859,0.559,-11.125,-14.438,-22.375,-0.137,-0.027,0.980,-0.469,-0.305,-0.102,0.030,0.022,1.128,1.318,2,NULL,NULL,,3,1,2,7,255,1275,250,0,0
stim,247731,277852,1,277852,3475174.455,-0.717,0.067,0.038,-0.693,2565,567,2318,2797,2655,2515,1919,2759,45,0.977,1,2276,1,28.819,0.502,-10.313,-14.375,-22.750,-0.148,0.000,0.988,-0.469,-0.180,-0.102,0.032,0.022,1.128,1.318,2,NULL,NULL,,3,1,2,7,255,1275,250,0,0
stim,247731,277852,1,277852,3475179.454,-0.717,0.066,0.038,-0.693,2517,587,2359,2777,2681,2517,1975,2770,45,0.977,1,2276,1,29.991,0.280,-11.000,-14.438,-23.875,-0.137,0.004,1.000,-0.215,-0.180,-0.031,0.032,0.022,1.128,1.318,2,NULL,NULL,,3,1,2,7,255,1275,250,0,0
stim,247792,277913,1,277913,3475184.455,-0.716,0.066,0.038,-0.694,2472,601,2402,2763,2699,2518,2019,2777,45,0.977,1,2276,1,29.810,0.280,-13.125,-14.688,-22.375,-0.133,-0.023,1.000,-0.215,-0.180,0.063,0.034,0.022,1.128,1.318,2,NULL,NULL,,3,1,2,7,255,1275,250,0,0
stim,247792,277913,1,277913,3475189.454,-0.715,0.064,0.038,-0.695,2439,604,2449,2731,2712,2519,2077,2789,45,0.977,1,2276,1,29.942,0.378,-16.188,-15.313,-20.000,-0.152,-0.016,1.016,-0.332,-0.180,0.070,0.034,0.022,1.128,1.318,2,NULL,NULL,,3,1,2,7,255,1275,250,0,0
stim,247792,277913,1,277913,3475194.455,-0.715,0.063,0.038,-0.695,2393,605,2487,2711,2731,2521,2129,2793,45,0.977,1,2276,1,32.413,0.334,-18.125,-15.250,-22.125,-0.156,-0.008,1.008,-0.332,-0.039,0.172,0.036,0.022,1.128,1.318,2,NULL,NULL,,3,1,2,7,255,1275,250,0,0
stim,247792,277913,1,277913,3475199.453,-0.714,0.062,0.038,-0.696,2335,615,2525,2685,2744,2521,2165,2803,45,0.977,1,2276,1,33.501,0.334,-18.375,-15.625,-23.250,-0.145,-0.023,0.988,-0.332,-0.039,0.172,0.036,0.022,1.128,1.318,2,NULL,NULL,,3,1,2,7,255,1275,250,0,0
stim,247811,277932,1,277932,3475204.455,-0.714,0.061,0.039,-0.697,2275,621,2555,2647,2759,2525,2202,2813,45,0.977,1,2276,1,32.483,0.307,-17.188,-16.438,-22.125,-0.141,-0.020,0.992,-0.305,-0.039,-0.004,0.038,0.022,1.128,1.318,2,NULL,NULL,,3,1,2,7,255,1275,250,0,0
stim,247811,277932,1,277932,3475209.454,-0.713,0.060,0.039,-0.697,2204,629,2591,2612,2776,2526,2253,2825,45,0.977,1,2276,1,32.571,0.307,-17.563,-16.875,-21.625,-0.156,-0.012,1.000,-0.305,-0.039,-0.004,0.040,0.022,1.128,1.318,2,NULL,NULL,,3,1,2,7,255,1275,250,0,0
stim,247811,277932,1,277932,3475214.455,-0.712,0.059,0.039,-0.698,2148,627,2617,2577,2791,2525,2299,2835,45,0.977,1,2276,1,34.915,0.312,-17.938,-16.875,-24.750,-0.137,-0.023,0.988,-0.305,-0.066,-0.004,0.040,0.022,1.128,1.318,2,NULL,NULL,,3,1,2,7,255,1275,250,0,0
stim,247811,277932,1,277932,3475219.454,-0.712,0.058,0.039,-0.699,2087,620,2649,2532,2803,2526,2339,2843,45,0.977,1,2276,1,31.733,0.316,-14.188,-17.625,-22.250,-0.105,-0.035,0.980,-0.309,-0.066,-0.043,0.040,0.022,1.128,1.318,2,NULL,NULL,,3,1,2,7,255,1275,250,0,0
stim,247811,277932,1,277932,3475224.455,-0.711,0.057,0.039,-0.699,1991,606,2679,2487,2823,2525,2377,2857,45,0.977,1,2276,1,28.755,0.329,-15.000,-17.688,-17.000,-0.133,-0.016,1.008,-0.309,-0.113,-0.043,0.042,0.024,1.128,1.318,2,NULL,NULL,,3,1,2,7,255,1275,250,0,0
stim,247811,277932,1,277932,3475229.454,-0.711,0.056,0.039,-0.700,1926,590,2711,2431,2837,2527,2405,2859,45,0.977,1,2276,1,31.815,0.321,-16.563,-18.313,-20.063,-0.176,-0.027,1.047,-0.301,-0.113,0.164,0.044,0.026,1.128,1.318,2,NULL,NULL,,3,1,2,7,255,1275,250,0,0
stim,247811,277932,1,277932,3475234.455,-0.710,0.054,0.039,-0.701,1828,579,2735,2364,2847,2525,2443,2871,45,0.977,1,2276,1,37.451,0.286,-24.313,-18.688,-21.500,-0.137,-0.027,1.023,-0.281,-0.051,0.320,0.044,0.026,1.128,1.318,2,NULL,NULL,,3,1,2,7,255,1275,250,0,0
stim,247811,277932,1,277932,3475239.453,-0.710,0.053,0.039,-0.701,1693,557,2757,2287,2859,2525,2483,2879,45,0.977,1,2276,1,36.670,0.346,-22.625,-19.250,-21.500,-0.156,-0.059,1.004,-0.301,0.172,0.320,0.046,0.028,1.128,1.318,2,NULL,NULL,,3,1,2,7,255,1275,250,0,0
stim,247811,277932,1,277932,3475244.455,-0.709,0.051,0.039,-0.702,1565,529,2787,2220,2872,2524,2519,2887,45,0.977,1,2276,1,38.881,0.281,-24.063,-21.313,-21.875,-0.137,-0.023,1.016,-0.281,-0.008,0.230,0.046,0.030,1.128,1.318,2,NULL,NULL,,3,1,2,7,255,1275,250,0,0
stim,247811,277932,1,277932,3475249.454,-0.709,0.050,0.039,-0.703,1406,484,2809,2134,2885,2523,2549,2892,45,0.977,1,2276,1,37.673,0.251,-21.938,-21.688,-21.625,-0.168,0.000,1.004,-0.184,0.172,0.168,0.048,0.030,1.128,1.318,2,NULL,NULL,,3,1,2,7,255,1275,250,0,0
stim,247811,277932,1,277932,3475254.455,-0.708,0.049,0.039,-0.703,1258,431,2825,2005,2897,2515,2571,2901,45,0.977,1,2276,1,40.562,0.067,-21.000,-22.625,-26.313,-0.133,0.031,1.027,0.066,-0.004,0.230,0.048,0.030,1.128,1.318,2,NULL,NULL,,3,1,2,7,255,1275,250,0,0
stim,247811,277932,1,277932,3475259.454,-0.707,0.047,0.039,-0.704,1117,389,2841,1851,2907,2511,2605,2909,45,0.977,1,2276,1,36.970,0.383,-17.063,-25.500,-20.625,-0.098,0.031,1.031,0.383,-0.004,0.328,0.050,0.032,1.128,1.318,2,NULL,NULL,,3,1,2,7,255,1275,250,0,0
stim,247811,277932,1,277932,3475264.455,-0.707,0.046,0.039,-0.705,927,357,2855,1720,2917,2504,2623,2915,45,0.977,1,2276,1,37.101,0.383,-21.313,-23.938,-18.688,-0.133,-0.020,1.055,0.383,-0.004,0.336,0.052,0.032,1.128,1.318,2,NULL,NULL,,3,1,2,7,255,1275,250,0,0
stim,247811,277932,1,277932,3475269.453,-0.707,0.044,0.039,-0.705,776,299,2871,1531,2927,2495,2647,2919,45,0.977,1,2276,1,39.212,0.066,-23.563,-25.875,-17.688,-0.137,-0.023,1.047,-0.066,0.000,0.543,0.054,0.034,1.128,1.318,2,NULL,NULL,,3,1,2,7,255,1275,250,0,0
stim,247841,277962,1,277962,3475274.455,-0.706,0.043,0.039,-0.706,549,263,2879,1375,2940,2487,2663,2925,45,0.977,1,2276,1,39.868,0.084,-23.063,-27.875,-16.750,-0.152,-0.012,1.031,-0.066,0.051,0.543,0.054,0.034,1.128,1.318,2,NULL,NULL,,3,1,2,7,255,1275,250,0,0
stim,247841,277962,1,277962,3475279.453,-0.706,0.041,0.038,-0.706,372,183,2891,1143,2943,2471,2679,2923,45,0.977,1,2276,1,41.405,0.261,-21.750,-28.875,-20.188,-0.176,-0.023,1.039,-0.039,0.258,0.492,0.054,0.034,1.128,1.318,2,NULL,NULL,,3,1,2,7,255,1275,250,0,0
stim,247841,277962,1,277962,3475284.455,-0.705,0.040,0.038,-0.707,219,160,2909,939,2967,2451,2711,2937,45,0.977,1,2276,1,43.958,0.316,-18.938,-30.750,-25.063,-0.152,0.000,1.031,0.047,0.313,0.414,0.054,0.034,1.128,1.318,2,NULL,NULL,,3,1,2,7,255,1275,250,0,0
stim,247841,277962,1,277962,3475289.454,-0.704,0.038,0.037,-0.708,115,109,2919,703,2973,2429,2727,2941,45,0.977,1,2276,1,45.099,0.379,-14.063,-33.375,-26.875,-0.090,0.016,1.043,0.215,0.313,0.430,0.054,0.036,1.128,1.318,2,NULL,NULL,,3,1,2,7,255,1275,250,0,0
stim,247886,278007,1,278007,3475294.455,-0.704,0.037,0.036,-0.709,53,51,2926,520,2983,2411,2757,2949,45,0.977,1,2276,1,41.677,0.470,-7.250,-35.188,-21.125,-0.086,0.031,1.074,0.371,-0.289,0.430,0.054,0.036,1.128,1.318,2,NULL,NULL,,3,1,2,7,255,1275,250,0,0
stim,247886,278007,1,278007,3475299.454,-0.703,0.035,0.035,-0.709,23,33,2937,310,2989,2389,2778,2955,45,0.977,1,2276,1,42.060,0.605,-4.813,-38.000,-17.375,-0.137,0.035,1.098,0.531,-0.289,0.723,0.054,0.036,1.128,1.318,2,NULL,NULL,,3,1,2,7,255,1275,250,0,0
stim,247886,278007,1,278007,3475304.455,-0.703,0.034,0.034,-0.710,0,11,2941,173,3001,2347,2793,2956,45,0.977,1,2276,1,47.172,0.621,-6.938,-40.125,-23.813,-0.137,0.066,1.051,0.598,0.168,0.723,0.054,0.038,1.128,1.318,2,NULL,NULL,,3,1,2,7,255,1275,250,0,0
stim,247886,278007,1,278007,3475309.454,-0.702,0.033,0.033,-0.711,0,1,2951,111,3012,2311,2809,2965,45,0.977,1,2276,1,51.716,0.709,5.375,-43.625,-27.250,-0.215,0.039,1.098,0.656,0.270,1.016,0.054,0.038,1.128,1.318,2,NULL,NULL,,3,1,2,7,255,1275,250,0,0
stim,247886,278007,1,278007,3475314.455,-0.701,0.032,0.031,-0.711,0,0,2957,75,3019,2279,2829,2967,45,0.977,1,2276,1,58.604,1.203,18.750,-51.625,-20.438,-0.293,-0.051,1.230,0.656,1.008,1.094,0.054,0.040,1.128,1.318,2,NULL,NULL,,3,1,2,7,255,1275,250,0,0
stim,247886,278007,1,278007,3475319.453,-0.701,0.031,0.028,-0.712,0,0,2964,68,3025,2255,2845,2968,45,0.977,1,2276,1,71.594,1.750,33.625,-59.938,-20.063,-0.379,-0.211,1.430,-0.199,1.738,2.461,0.054,0.040,1.128,1.318,2,NULL,NULL,,3,1,2,7,255,1275,250,0,0
stim,247886,278007,1,278007,3475324.455,-0.701,0.030,0.025,-0.712,0,0,2969,23,3032,2217,2860,2969,45,0.977,1,2276,0,80.103,1.750,34.563,-72.063,-5.375,-0.285,-0.023,1.633,-0.199,1.738,4.516,0.054,0.042,1.128,1.318,3,NULL,NULL,,3,1,2,7,255,1275,250,0,0
stim,247886,278007,1,278007,3475329.454,-0.701,0.027,0.024,-0.712,0,0,2972,0,3039,2169,2873,2971,45,0.977,1,2276,0,78.702,1.476,-36.438,-69.625,-4.313,-0.090,0.094,1.395,0.105,1.473,4.516,0.052,0.042,1.128,1.318,3,NULL,NULL,,3,1,2,7,255,1275,250,0,0
stim,247886,278007,1,278007,3475334.455,-0.701,0.023,0.023,-0.712,0,0,2971,0,3045,2116,2889,2975,45,0.977,1,2276,0,88.680,0.262,-53.563,-70.500,5.000,-0.098,-0.012,1.016,0.109,0.238,3.840,0.050,0.042,1.128,1.318,3,NULL,NULL,,3,1,2,7,255,1275,250,0,0
stim,247886,278007,1,278007,3475339.454,-0.702,0.020,0.022,-0.711,0,0,2973,0,3047,2041,2899,2973,45,0.977,1,2276,0,85.360,0.262,-24.250,-78.188,24.188,-0.176,-0.063,0.969,0.109,0.238,0.199,0.050,0.042,1.128,1.318,3,NULL,NULL,,3,1,2,7,255,1275,250,0,0
stim,247908,278029,1,278029,3475344.455,-0.703,0.018,0.020,-0.711,0,0,2968,0,3059,1949,2915,2969,45,0.977,1,2276,0,85.428,1.140,1.688,-82.563,21.875,-0.277,-0.145,1.000,-0.371,1.078,0.160,0.048,0.044,1.128,1.318,3,NULL,NULL,,3,1,2,7,255,1275,250,0,0
stim,247908,278029,1,278029,3475349.454,-0.703,0.015,0.017,-0.711,0,0,2973,0,3059,1865,2921,2971,45,0.977,1,2276,0,88.954,2.429,14.188,-87.500,7.438,-0.289,-0.207,1.113,-1.148,2.141,0.160,0.046,0.044,1.128,1.318,3,NULL,NULL,,3,1,2,7,255,1275,250,0,0
stim,247908,278029,1,278029,3475354.455,-0.703,0.013,0.014,-0.710,0,0,2967,0,3063,1779,2927,2966,45,0.977,1,2276,0,92.842,2.760,12.000,-92.063,0.375,-0.238,-0.215,1.211,-1.742,2.141,1.281,0.046,0.048,1.128,1.318,3,NULL,NULL,,3,1,2,7,255,1275,250,0,0
stim,247908,278029,1,278029,3475359.454,-0.704,0.010,0.011,-0.710,0,0,2965,0,3067,1687,2939,2968,45,0.977,1,2276,0,95.242,2.520,5.688,-95.063,1.375,-0.195,-0.191,1.172,-1.742,1.820,1.785,0.046,0.052,1.128,1.318,3,NULL,NULL,,3,1,2,7,255,1275,250,0,0
stim,247931,278052,1,278052,3475364.455,-0.704,0.007,0.008,-0.710,0,0,2955,0,3077,1547,2953,2966,45,0.977,1,2276,0,99.388,2.191,3.313,-99.250,4.063,-0.172,-0.117,1.133,-1.590,1.508,1.785,0.046,0.058,1.128,1.318,3,NULL,NULL,,3,1,2,7,255,1275,250,0,0
stim,247931,278052,1,278052,3475369.454,-0.704,0.004,0.005,-0.710,0,0,2944,0,3081,1423,2963,2963,45,0.977,1,2276,0,103.906,1.653,6.125,-103.563,5.813,-0.164,-0.055,1.133,-0.875,1.402,1.352,0.048,0.064,1.128,1.318,3,NULL,NULL,,3,1,2,7,255,1275,250,0,0
stim,247931,278052,1,278052,3475374.455,-0.704,0.001,0.001,-0.710,0,0,2931,0,3083,1238,2969,2957,45,0.977,1,2276,0,107.271,1.402,6.188,-106.938,5.750,-0.129,-0.043,1.164,-0.273,1.375,1.352,0.050,0.068,1.128,1.318,3,NULL,NULL,,3,1,2,7,255,1275,250,0,0
stim,247931,278052,1,278052,3475379.454,-0.705,-0.002,-0.002,-0.709,0,0,2919,0,3087,1085,2975,2953,45,0.977,1,2276,0,111.431,1.268,4.000,-110.938,9.688,-0.125,-0.063,1.168,-0.273,1.238,1.594,0.050,0.072,1.128,1.318,3,NULL,NULL,,3,1,2,7,255,1275,250,0,0
stim,247931,278052,1,278052,3475384.455,-0.705,-0.005,-0.006,-0.709,0,0,2901,0,3091,905,2985,2949,45,0.977,1,2276,0,114.809,1.286,7.875,-114.313,7.188,-0.195,-0.070,1.109,-0.348,1.238,1.594,0.054,0.078,1.128,1.318,3,NULL,NULL,,3,1,2,7,255,1275,250,0,0
stim,247931,278052,1,278052,3475389.453,-0.705,-0.008,-0.010,-0.709,0,0,2879,0,3091,683,2988,2937,45,0.977,1,2276,0,122.089,1.767,15.313,-121.125,0.125,-0.152,-0.074,1.086,-0.426,1.715,1.031,0.058,0.084,1.128,1.318,3,NULL,NULL,,3,1,2,7,255,1275,250,0,0
stim,247983,278104,1,278104,3475394.455,-0.705,-0.011,-0.014,-0.708,0,0,2859,0,3092,586,2991,2933,45,0.977,1,2276,0,129.583,1.767,27.500,-126.563,4.188,-0.098,-0.047,1.141,-0.426,1.715,1.031,0.062,0.090,1.128,1.318,3,NULL,NULL,,3,1,2,7,255,1275,250,0,0
stim,247983,278104,1,278104,3475399.453,-0.706,-0.014,-0.019,-0.708,0,0,2835,0,3095,453,3001,2915,45,0.977,1,2276,0,134.653,1.405,29.000,-131.250,8.000,-0.090,0.047,1.285,-0.227,1.387,1.348,0.070,0.098,1.128,1.318,3,NULL,NULL,,3,1,2,7,255,1275,250,0,0
stim,247983,278104,0,278104,3475404.455,-0.706,-0.018,-0.024,-0.707,0,0,2795,0,3095,233,3001,2901,45,0.977,1,2276,0,136.677,1.541,14.313,-135.500,10.750,-0.094,0.164,1.363,0.672,1.387,2.699,0.076,0.106,1.128,1.318,3,NULL,NULL,,3,0,2,7,255,1269,250,0,0
stim,247983,278104,0,278104,3475409.454,-0.706,-0.022,-0.028,-0.707,0,0,2761,0,3094,121,3005,2877,45,0.977,1,2276,0,140.614,2.465,0.625,-140.313,9.188,-0.109,0.176,1.348,1.840,1.641,3.238,0.082,0.112,1.128,1.318,3,NULL,NULL,,3,0,2,7,255,1269,250,0,0
stim,247983,278104,0,278104,3475414.455,-0.707,-0.026,-0.032,-0.706,0,0,2729,0,3096,59,3019,2857,45,0.977,1,2276,0,146.955,2.704,-5.688,-146.500,10.063,-0.109,0.176,1.316,1.910,1.914,3.238,0.088,0.120,1.128,1.318,3,NULL,NULL,,3,0,2,7,255,1269,250,0,0
stim,247983,278104,0,278104,3475419.454,-0.707,-0.031,-0.037,-0.706,0,0,2691,0,3093,29,3017,2831,45,0.977,1,2276,0,153.245,2.841,-4.750,-153.000,7.250,-0.145,0.211,1.320,1.938,2.078,2.922,0.094,0.126,1.128,1.318,3,NULL,NULL,,3,0,2,7,255,1269,250,0,0
stim,247983,278104,0,278104,3475424.455,-0.707,-0.036,-0.042,-0.705,0,0,2635,0,3097,0,3008,2796,45,0.977,1,2276,0,159.269,3.454,4.750,-159.188,-1.813,-0.199,0.219,1.355,2.281,2.594,2.922,0.098,0.134,1.128,1.318,3,NULL,NULL,,3,0,2,7,255,1269,250,0,0
stim,247983,278104,0,278104,3475429.453,-0.706,-0.041,-0.047,-0.705,0,0,2573,0,3087,0,3025,2766,45,0.977,1,2276,0,167.603,4.080,-1.000,-167.313,-9.813,-0.195,0.238,1.531,2.359,3.328,3.137,0.102,0.140,1.128,1.318,3,NULL,NULL,,3,0,2,7,255,1269,250,0,0
stim,247983,278104,0,278104,3475434.455,-0.706,-0.047,-0.052,-0.705,0,0,2495,0,3079,0,3015,2709,45,0.977,1,2276,0,175.486,4.504,-11.875,-174.750,-10.813,-0.168,0.242,1.715,2.586,3.688,4.785,0.106,0.146,1.128,1.318,3,NULL,NULL,,3,0,2,7,255,1269,250,0,0
stim,247983,278104,0,278104,3475439.453,-0.705,-0.053,-0.057,-0.704,0,0,2428,0,3069,0,3007,2667,45,0.977,1,2276,0,189.436,4.732,-27.438,-187.313,6.875,-0.188,0.254,1.824,2.676,3.902,6.527,0.110,0.154,1.128,1.318,3,NULL,NULL,,3,0,2,7,255,1269,250,0,0
stim,248010,278131,0,278131,3475444.455,-0.706,-0.061,-0.062,-0.703,0,0,2357,0,3059,0,3002,2607,45,0.977,1,2276,0,205.456,5.363,-47.625,-198.625,22.188,-0.223,0.344,1.879,2.875,4.527,7.480,0.114,0.160,1.128,1.318,3,NULL,NULL,,3,0,2,7,255,1269,250,0,0
stim,248010,278131,0,278131,3475449.454,-0.706,-0.070,-0.066,-0.702,0,0,2267,0,3060,0,3003,2551,45,0.977,1,2276,0,224.599,6.507,-60.188,-214.125,31.188,-0.359,0.348,1.840,3.813,5.273,7.480,0.118,0.168,1.128,1.318,3,NULL,NULL,,3,0,2,7,255,1269,250,0,0
stim,248010,278131,0,278131,3475454.455,-0.706,-0.079,-0.071,-0.700,0,0,2155,0,3039,3,2983,2485,45,0.977,1,2276,0,243.165,7.899,-68.313,-231.063,32.750,-0.414,0.352,1.809,3.930,6.852,7.082,0.122,0.176,1.128,1.318,3,NULL,NULL,,3,0,2,7,255,1269,250,0,0
stim,248010,278131,0,278131,3475459.454,-0.706,-0.089,-0.076,-0.698,0,0,2030,0,3027,40,2970,2393,45,0.977,1,2276,0,260.631,8.638,-79.813,-246.750,25.938,-0.406,0.336,1.809,4.000,7.656,6.488,0.126,0.184,1.128,1.318,3,NULL,NULL,,3,0,2,7,255,1269,250,0,0
stim,248028,278149,0,278149,3475464.455,-0.706,-0.100,-0.081,-0.696,0,0,1947,0,3018,60,2959,2311,45,0.977,1,2276,0,278.538,8.664,-87.938,-263.375,22.000,-0.340,0.348,1.781,4.055,7.656,6.340,0.130,0.192,1.128,1.318,3,NULL,NULL,,3,0,2,7,255,1269,250,0,0
stim,248028,278149,0,278149,3475469.454,-0.706,-0.111,-0.087,-0.694,0,0,1828,0,2994,75,2921,2195,45,0.977,1,2276,0,294.364,8.912,-85.375,-280.688,24.000,-0.363,0.320,1.852,4.090,7.918,6.340,0.134,0.202,1.128,1.318,3,NULL,NULL,,3,0,2,7,255,1269,250,0,0
stim,248028,278149,0,278149,3475474.455,-0.705,-0.122,-0.094,-0.692,0,0,1741,0,2975,82,2889,2099,45,0.977,1,2276,0,310.448,9.412,-78.000,-298.938,30.500,-0.449,0.340,2.094,4.234,8.406,6.395,0.140,0.214,1.128,1.318,3,NULL,NULL,,3,0,2,7,255,1269,250,0,0
stim,248028,278149,0,278149,3475479.453,-0.704,-0.135,-0.101,-0.690,0,0,1657,0,2941,85,2843,1993,45,0.977,1,2276,0,327.731,11.295,-90.250,-314.125,24.250,-0.621,0.484,2.281,4.527,10.348,8.137,0.148,0.228,1.128,1.318,3,NULL,NULL,,3,0,2,7,255,1269,250,0,0
stim,248052,278173,0,278173,3475484.455,-0.703,-0.148,-0.108,-0.688,0,0,1547,0,2893,75,2765,1862,45,0.977,1,2276,0,343.699,14.425,-90.938,-331.438,2.938,-0.695,0.578,2.535,6.160,13.043,8.855,0.162,0.244,1.128,1.318,3,NULL,NULL,,3,0,2,7,255,1269,250,0,0
stim,248052,278173,0,278173,3475489.454,-0.700,-0.161,-0.116,-0.686,0,0,1451,0,2842,71,2685,1738,45,0.977,1,2276,0,367.317,16.866,-101.813,-352.563,-16.000,-0.602,0.566,2.746,7.383,15.164,10.414,0.178,0.264,1.128,1.318,3,NULL,NULL,,3,0,2,7,255,1269,250,0,0
stim,248081,278202,0,278202,3475494.455,-0.697,-0.176,-0.123,-0.684,0,0,1367,0,2780,69,2559,1615,45,0.977,1,2276,0,391.472,17.341,-129.125,-369.438,-9.625,-0.598,0.473,2.719,7.383,15.691,11.406,0.196,0.286,1.128,1.318,3,NULL,NULL,,3,0,2,7,255,1269,250,0,0
stim,248081,278202,0,278202,3475499.454,-0.694,-0.193,-0.130,-0.681,0,0,1225,0,2712,15,2405,1507,45,0.977,1,2276,0,415.681,17.980,-163.313,-382.250,-2.250,-0.707,0.652,2.527,7.680,16.258,11.406,0.218,0.310,1.128,1.318,3,NULL,NULL,,3,0,2,7,255,1269,250,0,0
stim,248081,278202,0,278202,3475504.455,-0.690,-0.210,-0.137,-0.679,0,0,1065,0,2621,0,2231,1372,45,0.977,1,2276,0,434.732,18.489,-177.688,-396.000,-24.563,-0.664,0.652,2.258,8.805,16.258,8.398,0.244,0.340,1.128,1.318,3,NULL,NULL,,3,0,2,7,255,1269,250,0,0
stim,248081,278202,0,278202,3475509.454,-0.685,-0.227,-0.144,-0.677,0,0,893,0,2494,0,1961,1234,45,0.977,1,2276,0,439.544,18.252,-162.625,-406.438,-39.500,-0.430,0.324,2.137,8.805,15.988,5.551,0.274,0.372,1.128,1.318,3,NULL,NULL,,3,0,2,7,255,1269,250,0,0
stim,248081,278202,0,278202,3475514.455,-0.681,-0.243,-0.152,-0.674,0,0,699,0,2333,0,1660,1067,45,0.977,1,2276,0,443.392,15.200,-151.563,-415.813,-26.938,-0.207,-0.117,2.055,5.816,14.043,5.551,0.308,0.408,1.128,1.318,3,NULL,NULL,,3,0,2,7,255,1269,250,0,0
stim,248081,278202,0,278202,3475519.453,-0.677,-0.260,-0.161,-0.670,0,0,501,0,2129,0,1270,943,45,0.977,1,2276,0,451.452,12.604,-130.188,-432.250,4.500,-0.098,-0.434,1.867,1.730,12.484,5.469,0.346,0.446,1.128,1.318,3,NULL,NULL,,3,0,2,7,255,1269,250,0,0
stim,248113,278234,0,278234,3475524.455,-0.673,-0.276,-0.170,-0.664,0,0,367,0,1869,0,777,776,45,0.977,1,2276,0,457.331,11.378,-114.875,-442.000,24.313,0.059,-0.484,1.488,-1.387,11.293,5.148,0.386,0.490,1.128,1.318,3,NULL,NULL,,3,0,2,7,255,1269,250,0,0
stim,248113,278234,0,278234,3475529.454,-0.670,-0.291,-0.181,-0.658,0,0,245,0,1572,0,312,626,45,0.977,1,2276,0,452.909,8.629,-64.313,-448.000,16.938,0.180,-0.391,1.223,-1.676,8.465,2.789,0.428,0.534,1.128,1.318,3,NULL,NULL,,3,0,2,7,255,1269,250,0,0
stim,248113,278234,0,278234,3475534.455,-0.668,-0.305,-0.194,-0.651,0,0,168,0,1199,0,70,470,45,0.977,1,2276,0,454.043,7.876,6.250,-452.625,35.313,0.184,-0.145,1.402,-1.676,7.695,1.699,0.476,0.584,1.128,1.318,3,NULL,NULL,,3,0,2,7,255,1269,250,0,0
stim,248113,278234,0,278234,3475539.454,-0.667,-0.317,-0.206,-0.642,0,0,114,0,845,0,0,429,45,0.977,1,2276,0,453.919,7.755,18.813,-447.063,76.313,0.023,0.156,1.727,0.961,7.695,1.699,0.528,0.638,1.128,1.318,3,NULL,NULL,,3,0,2,7,255,1269,250,0,0
stim,248113,278234,0,278234,3475544.455,-0.666,-0.331,-0.217,-0.633,0,0,82,0,407,0,0,351,45,0.977,1,2276,0,457.141,12.082,-7.813,-445.563,101.938,-0.219,0.383,1.953,4.211,11.324,1.699,0.590,0.702,1.128,1.318,3,NULL,NULL,,3,0,2,7,255,1269,250,0,0
stim,248113,278234,0,278234,3475549.454,-0.665,-0.346,-0.226,-0.622,0,0,59,0,35,0,0,245,45,0.977,1,2276,0,478.681,15.962,-58.500,-449.313,154.375,-0.563,0.371,1.766,5.563,14.961,1.016,0.658,0.770,1.128,1.318,3,NULL,NULL,,3,0,2,7,255,1269,250,0,0
stim,248113,278234,0,278234,3475554.455,-0.665,-0.363,-0.234,-0.610,0,0,50,0,0,0,0,123,45,0.977,1,2276,0,503.393,17.312,-79.875,-461.000,185.750,-0.879,0.480,1.555,5.730,16.336,-3.254,0.728,0.842,1.128,1.318,4,NULL,NULL,,3,0,2,7,255,1269,250,0,0
stim,248113,278234,0,278234,3475559.454,-0.663,-0.380,-0.240,-0.598,0,0,16,0,0,0,0,45,45,0.977,1,2276,0,500.009,17.312,-127.125,-449.750,177.688,-0.828,0.867,1.168,5.730,16.336,-7.844,0.800,0.916,1.128,1.318,0,NULL,NULL,,3,0,2,7,255,1269,250,0,0
stim,248114,278235,0,278235,3475564.455,-0.660,-0.397,-0.246,-0.589,0,0,17,0,0,0,0,9,45,0.977,1,2276,0,466.421,16.261,-147.250,-425.438,121.938,-0.488,1.262,0.922,8.730,13.719,-11.363,0.872,0.990,1.128,1.318,0,NULL,NULL,,3,0,2,7,255,1269,250,0,0
stim,248114,278235,0,278235,3475569.454,-0.655,-0.413,-0.252,-0.580,0,0,47,0,0,0,0,23,45,0.977,1,2276,0,441.257,15.576,-163.438,-398.000,97.938,-0.227,1.195,0.820,12.215,9.664,-11.363,0.942,1.062,1.128,1.318,0,NULL,NULL,,3,0,2,7,255,1269,250,0,0
stim,248140,278261,0,278261,3475574.455,-0.651,-0.429,-0.255,-0.572,0,0,58,0,0,0,0,59,45,0.977,1,2276,0,428.096,14.275,-184.125,-372.063,104.563,-0.070,0.637,0.871,12.215,7.387,-10.492,1.012,1.130,1.128,1.318,0,NULL,NULL,,3,0,2,7,255,1269,250,0,0
stim,248140,278261,0,278261,3475579.454,-0.646,-0.443,-0.258,-0.565,0,0,59,0,0,0,0,79,45,0.977,1,2276,0,380.736,10.433,-184.688,-317.313,100.813,-0.102,0.016,0.949,7.367,7.387,-7.918,1.066,1.186,1.128,1.318,0,NULL,NULL,,3,0,2,7,255,1269,250,0,0
stim,248140,278261,0,278261,3475584.455,-0.643,-0.455,-0.259,-0.559,0,0,57,0,0,0,0,103,45,0.977,1,2276,0,317.494,8.635,-157.938,-262.000,84.938,-0.250,-0.063,1.074,1.668,8.473,-7.023,1.114,1.234,1.128,1.318,0,NULL,NULL,,3,0,2,7,255,1269,250,0,0
stim,248140,278261,0,278261,3475589.453,-0.639,-0.465,-0.260,-0.555,0,0,55,0,0,0,0,153,45,0.977,1,2276,0,274.087,10.516,-154.688,-214.250,72.750,-0.457,0.027,1.352,1.668,10.383,-7.023,1.156,1.278,1.128,1.318,0,NULL,NULL,,3,0,2,7,255,1269,250,0,0
stim,248189,278310,0,278310,3475594.455,-0.634,-0.475,-0.258,-0.552,0,0,59,0,0,0,0,185,45,0.977,1,2276,0,262.765,13.390,-206.188,-156.313,45.813,-0.410,0.160,1.340,1.875,13.258,-8.082,1.198,1.318,1.128,1.318,0,NULL,NULL,,3,0,2,7,255,1269,250,0,0
stim,248189,278310,0,278310,3475599.453,-0.629,-0.485,-0.253,-0.552,0,0,67,0,0,0,0,181,45,0.977,1,2276,0,285.079,13.588,-266.625,-92.000,41.438,-0.289,0.203,0.809,2.977,13.258,-8.441,1.250,1.372,1.128,1.318,0,NULL,NULL,,3,0,2,7,255,1269,250,0,0
stim,248189,278310,0,278310,3475604.455,-0.624,-0.494,-0.246,-0.553,0,0,55,0,0,0,0,143,45,0.977,1,2276,0,294.387,8.712,-288.000,-26.750,54.813,-0.207,0.512,0.156,3.340,8.047,-9.809,1.310,1.434,1.128,1.318,0,NULL,NULL,,3,0,2,7,255,1269,250,0,0
stim,248189,278310,0,278310,3475609.454,-0.620,-0.501,-0.237,-0.556,0,0,55,0,0,0,0,137,45,0.977,1,2276,0,262.026,4.279,-255.125,38.563,45.625,-0.227,0.652,-0.418,3.988,1.551,-12.766,1.380,1.504,1.128,1.318,0,NULL,NULL,,3,0,2,7,255,1269,250,0,0
stim,248189,278310,0,278310,3475614.455,-0.618,-0.503,-0.230,-0.559,0,0,48,0,0,0,0,115,45,0.977,1,2276,0,194.939,5.374,-168.625,93.938,27.250,-0.160,0.410,-0.766,3.988,-3.602,-15.496,1.454,1.578,1.128,1.318,0,NULL,NULL,,3,0,2,7,255,1269,250,0,0
stim,248189,278310,0,278310,3475619.454,-0.618,-0.502,-0.224,-0.562,0,0,42,0,0,0,0,107,45,0.977,1,2276,0,156.830,5.095,-75.625,133.688,31.688,-0.129,0.105,-0.633,0.871,-5.020,-15.496,1.528,1.654,1.128,1.318,0,NULL,NULL,,3,0,2,7,255,1269,250,0,0
stim,248189,278310,0,278310,3475624.455,-0.620,-0.499,-0.218,-0.565,0,0,33,0,0,0,0,105,45,0.977,1,2276,0,174.067,5.220,-35.375,166.188,37.813,-0.176,0.012,-0.336,-1.434,-5.020,-13.648,1.600,1.728,1.128,1.318,0,NULL,NULL,,3,0,2,7,255,1269,250,0,0
stim,248189,278310,0,278310,3475629.453,-0.622,-0.496,-0.211,-0.568,0,0,21,0,0,0,0,103,45,0.977,1,2276,0,200.272,2.559,-33.000,189.375,56.188,-0.152,-0.160,-0.293,-1.488,-2.082,-12.598,1.670,1.800,1.128,1.318,0,NULL,NULL,,3,0,2,7,255,1269,250,0,0
stim,248189,278310,0,278310,3475634.455,-0.625,-0.492,-0.203,-0.570,0,0,18,0,0,0,0,90,45,0.977,1,2276,0,221.458,3.335,-12.563,204.188,84.813,-0.148,-0.063,-0.480,-2.605,-2.082,-12.598,1.734,1.866,1.128,1.318,0,NULL,NULL,,3,0,2,7,255,1269,250,0,0
stim,248189,278310,0,278310,3475639.453,-0.630,-0.486,-0.196,-0.572,0,0,16,0,0,0,0,77,45,0.977,1,2276,0,239.478,4.117,30.875,214.250,102.438,-0.270,0.082,-0.563,-2.605,-3.188,-12.773,1.794,1.926,1.128,1.318,0,NULL,NULL,,3,0,2,7,255,1269,250,0,0
stim,248208,278329,0,278329,3475644.455,-0.637,-0.480,-0.190,-0.573,0,0,16,0,0,0,0,62,45,0.977,1,2276,0,258.455,3.730,82.000,219.563,108.938,-0.402,0.215,-0.453,-1.938,-3.188,-14.688,1.850,1.984,1.128,1.318,0,NULL,NULL,,3,0,2,7,255,1269,250,0,0
stim,248208,278329,0,278329,3475649.454,-0.643,-0.471,-0.185,-0.575,0,0,9,0,0,0,0,53,45,0.977,1,2276,0,273.160,2.006,121.750,225.000,95.750,-0.430,0.262,-0.215,-0.742,-1.863,-15.145,1.906,2.040,1.128,1.318,0,NULL,NULL,,3,0,2,7,255,1269,250,0,0
stim,248208,278329,0,278329,3475654.455,-0.650,-0.462,-0.180,-0.576,0,0,17,0,0,0,0,35,45,0.977,1,2276,0,284.798,0.478,138.438,228.188,99.375,-0.430,0.211,-0.012,0.402,0.258,-15.145,1.954,2.090,1.128,1.318,0,NULL,NULL,,3,0,2,7,255,1269,250,0,0
stim,248208,278329,0,278329,3475659.454,-0.657,-0.453,-0.175,-0.576,0,0,13,0,0,0,0,29,45,0.977,1,2276,0,293.064,2.167,145.438,230.750,107.188,-0.508,0.270,0.109,0.602,2.082,-14.082,1.988,2.124,1.128,1.318,0,NULL,NULL,,3,0,2,7,255,1269,250,0,0
stim,248230,278352,0,278352,3475664.455,-0.664,-0.443,-0.170,-0.577,0,0,10,0,0,0,0,37,45,0.977,1,2276,0,294.879,3.721,154.875,231.688,96.375,-0.574,0.242,0.238,1.273,3.496,-13.957,2.008,2.148,1.128,1.318,0,NULL,NULL,,3,0,2,7,255,1269,250,0,0
stim,248230,278352,0,278352,3475669.453,-0.671,-0.433,-0.166,-0.578,0,0,11,0,0,0,0,39,45,0.977,1,2276,0,294.535,5.201,159.625,232.063,86.125,-0.613,0.168,0.379,1.273,5.043,-13.672,2.016,2.158,1.128,1.318,0,NULL,NULL,,3,0,2,7,255,1269,250,0,0
stim,248230,278352,0,278352,3475674.455,-0.677,-0.423,-0.162,-0.580,0,0,5,0,0,0,0,37,45,0.977,1,2276,0,291.136,6.587,158.063,233.438,72.688,-0.664,0.188,0.461,1.156,6.484,-12.762,2.016,2.158,1.128,1.318,0,NULL,NULL,,3,0,2,7,255,1269,250,0,0
stim,248230,278352,0,278352,3475679.453,-0.683,-0.413,-0.158,-0.581,0,0,1,0,0,0,0,35,45,0.977,1,2276,0,289.659,7.569,162.250,234.375,51.438,-0.699,0.176,0.578,1.156,7.480,-12.566,2.016,2.158,1.128,1.318,0,NULL,NULL,,3,0,2,7,255,1269,250,0,0
stim,248230,278352,0,278352,3475684.455,-0.688,-0.402,-0.155,-0.584,0,0,4,0,0,0,0,35,45,0.977,1,2276,0,287.000,8.741,160.688,235.875,30.188,-0.691,0.160,0.809,1.270,8.648,-11.863,2.018,2.160,1.128,1.318,0,NULL,NULL,,3,0,2,7,255,1269,250,0,0
stim,248230,278352,0,278352,3475689.453,-0.692,-0.392,-0.151,-0.587,0,0,5,0,0,0,0,31,45,0.977,1,2276,0,278.494,10.478,140.250,240.438,8.875,-0.652,0.184,0.969,1.789,10.324,-10.168,2.022,2.164,1.128,1.318,0,NULL,NULL,,3,0,2,7,255,1269,250,0,0
stim,248283,278404,0,278404,3475694.455,-0.695,-0.382,-0.147,-0.591,0,0,7,0,0,0,0,39,45,0.977,1,2276,0,269.880,11.465,110.063,246.250,-9.063,-0.613,0.168,1.023,2.543,11.180,-8.723,2.026,2.172,1.128,1.318,0,NULL,NULL,,3,0,2,7,255,1269,250,0,0
stim,248283,278404,0,278404,3475699.454,-0.697,-0.372,-0.142,-0.596,0,0,9,0,0,0,0,43,45,0.977,1,2276,0,268.306,11.465,85.813,253.125,-23.500,-0.605,0.113,0.980,2.543,11.180,-7.824,2.036,2.180,1.128,1.318,0,NULL,NULL,,3,0,2,7,255,1269,250,0,0
stim,248283,278404,0,278404,3475704.455,-0.699,-0.363,-0.136,-0.601,0,0,9,0,0,0,0,52,45,0.977,1,2276,0,275.641,11.082,71.125,262.563,-44.500,-0.586,0.129,0.934,2.211,10.859,-7.574,2.048,2.194,1.128,1.318,0,NULL,NULL,,3,0,2,7,255,1269,250,0,0
stim,248283,278404,0,278404,3475709.454,-0.699,-0.354,-0.131,-0.607,0,0,11,0,0,0,0,53,45,0.977,1,2276,0,289.016,10.562,61.750,274.000,-68.125,-0.488,0.137,0.887,2.211,10.328,-7.559,2.064,2.212,1.128,1.318,0,NULL,NULL,,3,0,2,7,255,1269,250,0,0
stim,248283,278404,0,278404,3475714.455,-0.699,-0.344,-0.125,-0.614,0,0,8,0,0,0,0,72,45,0.977,1,2276,0,302.015,9.507,56.375,285.875,-79.438,-0.379,0.098,0.844,2.293,9.227,-7.090,2.088,2.236,1.128,1.318,0,NULL,NULL,,3,0,2,7,255,1269,250,0,0
stim,248283,278404,0,278404,3475719.453,-0.699,-0.334,-0.119,-0.621,0,0,9,0,0,0,0,87,45,0.977,1,2276,0,314.670,8.382,54.688,298.438,-83.438,-0.348,0.086,0.797,2.293,8.063,-6.387,2.118,2.266,1.128,1.318,0,NULL,NULL,,3,0,2,7,255,1269,250,0,0
stim,248283,278404,0,278404,3475724.455,-0.699,-0.323,-0.113,-0.628,0,0,11,0,0,0,0,94,45,0.977,1,2276,0,330.392,7.752,60.688,311.375,-92.313,-0.332,0.105,0.738,2.277,7.410,-6.387,2.150,2.300,1.128,1.318,0,NULL,NULL,,3,0,2,7,255,1269,250,0,0
stim,248283,278404,0,278404,3475729.453,-0.698,-0.311,-0.106,-0.636,0,0,5,0,0,0,0,105,45,0.977,1,2276,0,347.397,7.216,70.750,324.125,-103.063,-0.305,0.113,0.742,2.277,6.848,-6.313,2.190,2.340,1.128,1.318,0,NULL,NULL,,3,0,2,7,255,1269,250,0,0
stim,248283,278404,0,278404,3475734.455,-0.697,-0.299,-0.100,-0.643,0,0,5,0,0,0,0,109,45,0.977,1,2276,0,362.970,6.966,80.000,335.125,-114.188,-0.195,0.094,0.750,2.465,6.516,-6.180,2.234,2.384,1.128,1.318,0,NULL,NULL,,3,0,2,7,255,1269,250,0,0
stim,248283,278404,0,278404,3475739.454,-0.697,-0.286,-0.094,-0.651,0,0,4,0,0,0,0,119,45,0.977,1,2276,0,373.579,6.052,89.125,344.250,-114.500,0.043,-0.027,0.664,2.465,5.527,-5.273,2.278,2.430,1.128,1.318,0,NULL,NULL,,3,0,2,7,255,1269,250,0,0
stim,248306,278427,0,278427,3475744.455,-0.696,-0.273,-0.088,-0.658,0,0,4,0,0,0,0,119,45,0.977,1,2276,0,379.478,3.305,116.375,347.750,-97.625,0.043,-0.008,0.551,1.477,2.957,-5.125,2.322,2.476,1.128,1.318,0,NULL,NULL,,3,0,2,7,255,1269,250,0,0
stim,248306,278427,0,278427,3475749.454,-0.696,-0.258,-0.083,-0.665,0,0,9,0,0,0,0,136,45,0.977,1,2276,0,390.944,3.242,155.438,347.063,-90.688,0.008,0.148,0.664,1.477,2.887,-4.656,2.368,2.520,1.128,1.318,0,NULL,NULL,,3,0,2,7,255,1269,250,0,0
stim,248306,278427,0,278427,3475754.455,-0.697,-0.242,-0.079,-0.671,0,0,4,0,0,0,0,135,45,0.977,1,2276,0,397.658,4.125,177.938,344.000,-90.188,0.082,0.121,0.848,2.973,2.859,-4.656,2.410,2.564,1.128,1.318,0,NULL,NULL,,3,0,2,7,255,1269,250,0,0
stim,248306,278427,0,278427,3475759.454,-0.697,-0.226,-0.075,-0.676,0,0,3,0,0,0,0,139,45,0.977,1,2276,0,391.102,4.125,181.750,339.375,-68.938,0.207,0.008,0.949,2.973,2.859,-2.602,2.452,2.608,1.128,1.318,0,NULL,NULL,,3,0,2,7,255,1269,250,0,0
stim,248328,278449,0,278449,3475764.455,-0.699,-0.211,-0.071,-0.680,0,0,7,0,0,0,0,135,45,0.977,1,2276,0,383.372,3.016,182.813,335.063,-35.875,0.234,0.012,0.957,2.281,1.973,-0.816,2.492,2.648,1.128,1.318,0,NULL,NULL,,3,0,2,7,255,1269,250,0,0
stim,248328,278449,0,278449,3475769.453,-0.701,-0.195,-0.067,-0.683,0,0,5,0,0,0,0,134,45,0.977,1,2276,0,383.369,3.016,193.563,330.813,-8.250,0.105,0.133,0.953,2.281,1.973,-0.816,2.528,2.684,1.128,1.318,0,NULL,NULL,,3,0,2,7,255,1269,250,0,0
stim,248328,278449,0,278449,3475774.455,-0.703,-0.178,-0.063,-0.686,0,0,3,0,0,0,0,133,45,0.977,1,2276,0,391.429,3.909,215.188,326.938,-4.750,-0.059,0.211,1.051,3.129,2.344,-0.906,2.562,2.720,1.128,1.318,0,NULL,NULL,,3,0,2,7,255,1269,250,0,0
stim,248328,278449,0,278449,3475779.454,-0.705,-0.161,-0.060,-0.688,0,0,9,0,0,0,0,123,45,0.977,1,2276,0,398.825,5.378,232.750,323.563,-14.000,-0.113,0.184,1.254,3.680,3.922,-0.906,2.596,2.754,1.128,1.318,0,NULL,NULL,,3,0,2,7,255,1269,250,0,0
stim,248351,278472,0,278472,3475784.455,-0.707,-0.144,-0.058,-0.690,0,0,5,0,0,0,0,123,45,0.977,1,2276,0,399.245,6.036,236.750,321.125,-15.000,-0.121,0.145,1.516,3.680,4.785,1.043,2.630,2.788,1.128,1.318,0,NULL,NULL,,3,0,2,7,255,1269,250,0,0
stim,248351,278472,0,278472,3475789.454,-0.708,-0.128,-0.055,-0.692,0,0,8,0,0,0,0,120,45,0.977,1,2276,0,389.755,6.437,222.375,319.875,-11.750,-0.172,0.172,1.746,3.680,5.281,3.723,2.658,2.818,1.128,1.318,0,NULL,NULL,,3,0,2,7,255,1269,250,0,0
stim,248381,278502,0,278502,3475794.455,-0.709,-0.112,-0.051,-0.694,0,0,6,0,0,0,0,123,45,0.977,1,2276,0,374.034,7.033,192.813,320.063,-16.875,-0.219,0.211,1.859,3.738,5.957,5.910,2.682,2.844,1.128,1.318,0,NULL,NULL,,3,0,2,7,255,1269,250,0,0
stim,248381,278502,0,278502,3475799.453,-0.709,-0.098,-0.046,-0.697,0,0,9,0,0,0,0,121,45,0.977,1,2276,0,359.511,7.045,160.875,320.625,-23.813,-0.223,0.211,1.859,3.762,5.957,7.086,2.708,2.870,1.128,1.318,0,NULL,NULL,,3,0,2,7,255,1269,250,0,0
stim,248381,278502,0,278502,3475804.455,-0.709,-0.083,-0.041,-0.699,0,0,11,0,0,0,0,123,45,0.977,1,2276,0,348.793,6.897,139.563,318.813,-23.188,-0.176,0.164,1.879,3.762,5.781,7.270,2.730,2.894,1.128,1.318,0,NULL,NULL,,3,0,2,7,255,1269,250,0,0
stim,248381,278502,0,278502,3475809.454,-0.709,-0.070,-0.035,-0.701,0,0,13,0,0,0,0,139,45,0.977,1,2276,0,340.202,5.774,118.063,318.188,-23.563,-0.195,0.145,1.832,3.125,4.855,7.492,2.752,2.918,1.128,1.318,0,NULL,NULL,,3,0,2,7,255,1269,250,0,0
stim,248381,278502,0,278502,3475814.455,-0.709,-0.057,-0.028,-0.702,0,0,16,0,0,0,0,138,45,0.977,1,2276,0,333.247,5.265,102.063,316.000,-27.938,-0.188,0.090,1.785,2.746,4.492,7.492,2.776,2.942,1.128,1.318,0,NULL,NULL,,3,0,2,7,255,1269,250,0,0
stim,248381,278502,0,278502,3475819.454,-0.708,-0.044,-0.021,-0.704,0,0,17,0,0,0,0,142,45,0.977,1,2276,0,328.293,4.379,90.313,314.000,-32.000,-0.145,0.059,1.680,2.039,3.875,7.238,2.798,2.964,1.128,1.318,0,NULL,NULL,,3,0,2,7,255,1269,250,0,0
stim,248403,278524,0,278524,3475824.455,-0.707,-0.032,-0.014,-0.706,0,0,17,0,0,0,0,145,45,0.977,1,2276,0,324.726,3.253,89.875,310.625,-29.688,-0.094,0.016,1.590,1.543,2.863,6.395,2.820,2.988,1.128,1.318,0,NULL,NULL,,3,0,2,7,255,1269,250,0,0
stim,248403,278524,0,278524,3475829.454,-0.707,-0.019,-0.008,-0.707,0,0,12,0,0,0,0,142,45,0.977,1,2276,0,322.268,2.077,97.563,306.250,-23.438,-0.086,-0.008,1.563,0.926,1.859,5.664,2.842,3.012,1.128,1.318,0,NULL,NULL,,3,0,2,7,255,1269,250,0,0
stim,248403,278524,0,278524,3475834.455,-0.706,-0.007,-0.002,-0.708,0,0,16,0,0,0,0,145,45,0.977,1,2276,0,320.878,1.470,107.563,301.688,-19.438,-0.098,-0.004,1.574,0.559,1.359,5.590,2.866,3.038,1.128,1.318,0,NULL,NULL,,3,0,2,7,255,1269,250,0,0
stim,248403,278524,0,278524,3475839.453,-0.705,0.006,0.004,-0.709,0,0,23,0,0,0,0,142,45,0.977,1,2276,0,320.277,1.176,118.500,297.063,-17.000,-0.090,0.000,1.605,0.461,1.082,5.590,2.890,3.064,1.128,1.318,0,NULL,NULL,,3,0,2,7,255,1269,250,0,0
stim,248403,278524,0,278524,3475844.455,-0.704,0.019,0.008,-0.710,0,0,21,0,0,0,0,141,45,0.977,1,2276,0,320.602,0.692,130.688,292.500,-12.250,-0.070,0.004,1.660,0.355,0.594,5.941,2.916,3.090,1.128,1.318,0,NULL,NULL,,3,0,2,7,255,1269,250,0,0
stim,248403,278524,0,278524,3475849.454,-0.703,0.033,0.013,-0.710,0,0,23,0,0,0,0,141,45,0.977,1,2276,0,322.677,0.226,144.250,288.563,-6.625,-0.055,0.023,1.742,0.223,-0.039,6.473,2.944,3.118,1.128,1.318,0,NULL,NULL,,3,0,2,7,255,1269,250,0,0
stim,248403,278524,0,278524,3475854.455,-0.703,0.046,0.017,-0.710,0,0,21,0,0,0,0,139,45,0.977,1,2276,0,325.911,0.670,156.813,285.688,-3.188,-0.027,0.023,1.844,0.195,-0.641,7.273,2.970,3.146,1.128,1.318,0,NULL,NULL,,3,0,2,7,255,1269,250,0,0
stim,248403,278524,0,278524,3475859.454,-0.702,0.060,0.020,-0.710,0,0,21,0,0,0,0,137,45,0.977,1,2276,0,329.975,1.431,167.375,284.375,0.375,0.031,-0.004,1.941,-0.070,-1.430,8.223,2.994,3.172,1.128,1.318,0,NULL,NULL,,3,0,2,7,255,1269,250,0,0
stim,248425,278546,0,278546,3475864.455,-0.701,0.074,0.023,-0.709,0,0,21,0,0,0,0,143,45,0.977,1,2276,0,334.293,2.587,175.938,284.188,5.938,0.105,0.008,2.027,-0.605,-2.516,9.047,3.016,3.196,1.128,1.318,0,NULL,NULL,,3,0,2,7,255,1269,250,0,0
stim,248425,278546,0,278546,3475869.454,-0.700,0.088,0.026,-0.708,0,0,19,0,0,0,0,143,45,0.977,1,2276,0,340.220,3.900,184.813,285.438,10.938,0.207,0.055,2.102,-0.746,-3.828,9.707,3.038,3.218,1.128,1.318,0,NULL,NULL,,3,0,2,7,255,1269,250,0,0
stim,248425,278546,0,278546,3475874.455,-0.699,0.103,0.029,-0.707,0,0,24,0,0,0,0,141,45,0.977,1,2276,0,348.568,5.471,196.125,287.750,15.313,0.336,0.082,2.203,-0.863,-5.402,10.199,3.056,3.238,1.128,1.318,0,NULL,NULL,,3,0,2,7,255,1269,250,0,0
stim,248425,278546,0,278546,3475879.453,-0.698,0.119,0.031,-0.706,0,0,24,0,0,0,0,141,45,0.977,1,2276,0,356.864,7.392,205.500,291.000,21.000,0.480,0.082,2.324,-0.906,-7.336,10.785,3.072,3.254,1.128,1.318,0,NULL,NULL,,3,0,2,7,255,1269,250,0,0
stim,248448,278569,0,278569,3475884.455,-0.697,0.134,0.034,-0.704,0,0,24,0,0,0,0,144,45,0.977,1,2276,0,362.193,9.598,209.250,294.125,29.813,0.609,0.082,2.438,-1.395,-9.496,11.445,3.084,3.268,1.128,1.318,0,NULL,NULL,,3,0,2,7,255,1269,250,0,0
stim,248448,278569,0,278569,3475889.453,-0.696,0.150,0.036,-0.701,0,0,25,0,0,0,0,145,45,0.977,1,2276,0,364.848,11.648,208.875,296.438,40.125,0.715,0.090,2.523,-1.898,-11.492,11.922,3.092,3.278,1.128,1.318,0,NULL,NULL,,3,0,2,7,255,1269,250,0,0
stim,248486,278607,0,278607,3475894.455,-0.695,0.165,0.039,-0.698,0,0,29,0,0,0,0,147,45,0.977,1,2276,0,365.104,13.462,205.688,297.625,49.125,0.797,0.109,2.586,-2.293,-13.266,12.133,3.100,3.286,1.128,1.318,0,NULL,NULL,,3,0,2,7,255,1269,250,0,0
stim,248486,278607,0,278607,3475899.454,-0.695,0.180,0.041,-0.695,0,0,25,0,0,0,0,148,45,0.977,1,2276,0,361.797,15.029,198.438,297.188,56.563,0.867,0.121,2.625,-2.563,-14.809,12.133,3.104,3.290,1.128,1.318,0,NULL,NULL,,3,0,2,7,255,1269,250,0,0
stim,248486,278607,0,278607,3475904.455,-0.694,0.195,0.044,-0.691,0,0,26,0,0,0,0,151,45,0.977,1,2276,0,353.611,16.381,185.563,294.250,63.438,0.902,0.141,2.645,-2.840,-16.133,11.883,3.104,3.292,1.128,1.318,0,NULL,NULL,,3,0,2,7,255,1269,250,0,0
stim,248486,278607,0,278607,3475909.454,-0.694,0.209,0.048,-0.687,0,0,26,0,0,0,0,157,45,0.977,1,2276,0,339.328,17.313,166.938,287.313,68.750,0.941,0.191,2.633,-2.840,-17.078,11.527,3.102,3.292,1.128,1.318,0,NULL,NULL,,3,0,2,7,255,1269,250,0,0
stim,248486,278607,0,278607,3475914.455,-0.694,0.222,0.051,-0.683,0,0,27,0,0,0,0,155,45,0.977,1,2276,0,321.483,18.123,148.438,276.438,70.000,1.055,0.199,2.570,-2.695,-17.922,10.887,3.098,3.288,1.128,1.318,0,NULL,NULL,,3,0,2,7,255,1269,250,0,0
stim,248486,278607,0,278607,3475919.453,-0.694,0.234,0.054,-0.679,0,0,27,0,0,0,0,157,45,0.977,1,2276,0,303.433,19.399,132.188,263.500,71.875,1.211,0.090,2.445,-2.695,-19.211,9.492,3.090,3.280,1.128,1.318,0,NULL,NULL,,3,0,2,7,255,1269,250,0,0
stim,248486,278607,0,278607,3475924.455,-0.694,0.245,0.058,-0.674,0,0,25,0,0,0,0,165,45,0.977,1,2276,0,286.095,20.818,117.500,248.563,79.125,1.320,-0.098,2.262,-3.441,-20.531,7.109,3.074,3.266,1.128,1.318,0,NULL,NULL,,3,0,2,7,255,1269,250,0,0
stim,248486,278607,0,278607,3475929.453,-0.695,0.255,0.061,-0.670,0,0,27,0,0,0,0,182,45,0.977,1,2276,0,269.850,21.085,105.688,231.938,88.625,1.348,-0.297,1.984,-4.801,-20.531,4.184,3.054,3.248,1.128,1.318,0,NULL,NULL,,3,0,2,7,255,1269,250,0,0
stim,248486,278607,0,278607,3475934.455,-0.695,0.265,0.063,-0.665,0,0,27,0,0,0,0,191,45,0.977,1,2276,0,262.308,20.995,121.063,213.688,92.125,1.430,-0.289,1.531,-4.855,-20.426,0.754,3.028,3.226,1.128,1.318,0,NULL,NULL,,3,0,2,7,255,1269,250,0,0
stim,248486,278607,0,278607,3475939.454,-0.696,0.275,0.064,-0.660,0,0,29,0,0,0,0,200,45,0.977,1,2276,0,258.087,21.151,133.000,192.313,109.250,1.406,-0.980,1.766,-6.043,-20.270,-3.828,2.996,3.192,1.128,1.318,0,NULL,NULL,,3,0,2,7,255,1269,250,0,0
stim,248509,278630,0,278630,3475944.455,-0.698,0.284,0.065,-0.655,0,0,29,0,0,0,0,209,45,0.977,1,2276,0,235.704,22.329,108.313,175.500,114.125,1.559,-0.785,1.609,-9.367,-20.270,-4.004,2.954,3.152,1.128,1.318,0,NULL,NULL,,3,0,2,7,255,1269,250,0,0
stim,248509,278630,0,278630,3475949.454,-0.699,0.292,0.065,-0.649,0,0,26,0,0,0,0,242,45,0.977,1,2276,0,232.893,22.370,113.438,155.438,131.188,1.418,-0.879,1.273,-9.465,-20.270,-5.848,2.906,3.106,1.128,1.318,0,NULL,NULL,,3,0,2,7,255,1269,250,0,0
stim,248509,278630,0,278630,3475954.455,-0.699,0.302,0.063,-0.646,0,0,25,0,0,0,0,250,45,0.977,1,2276,0,239.754,20.614,182.000,136.938,74.875,1.234,-0.957,1.035,-9.465,-18.313,-8.574,2.852,3.054,1.128,1.318,0,NULL,NULL,,3,0,2,7,255,1269,250,0,0
stim,248509,278630,0,278630,3475959.454,-0.696,0.312,0.060,-0.644,0,0,28,0,0,0,0,265,45,0.977,1,2276,0,255.801,20.792,223.063,121.500,30.250,1.809,-1.063,1.430,-9.848,-18.313,-10.266,2.790,2.994,1.128,1.318,0,NULL,NULL,,3,0,2,7,255,1269,250,0,0
stim,248530,278651,0,278651,3475964.455,-0.694,0.322,0.057,-0.642,0,0,25,0,0,0,0,276,45,0.977,1,2276,0,235.273,24.967,204.500,110.250,37.125,2.172,-1.141,1.688,-11.047,-22.391,-10.582,2.726,2.930,1.128,1.318,0,NULL,NULL,,3,0,2,7,255,1269,250,0,0
stim,248530,278651,0,278651,3475969.453,-0.692,0.330,0.055,-0.639,0,0,31,0,0,0,0,303,45,0.977,1,2276,0,202.661,29.258,170.625,95.688,52.938,2.258,-1.285,1.633,-11.984,-26.691,-11.047,2.656,2.864,1.128,1.318,0,NULL,NULL,,3,0,2,7,255,1269,250,0,0
stim,248530,278651,0,278651,3475974.455,-0.691,0.337,0.052,-0.637,0,0,27,0,0,0,0,327,45,0.977,1,2276,0,182.208,29.677,158.000,78.375,45.750,2.277,-1.402,1.523,-12.973,-26.691,-12.789,2.584,2.792,1.128,1.318,0,NULL,NULL,,3,0,2,7,255,1269,250,0,0
stim,248530,278651,0,278651,3475979.454,-0.689,0.343,0.049,-0.636,0,0,27,0,0,0,0,329,45,0.977,1,2276,0,175.608,29.899,164.563,53.313,30.250,2.250,-1.461,1.531,-13.672,-26.590,-14.543,2.508,2.716,1.128,1.318,0,NULL,NULL,,3,0,2,7,255,1269,250,0,0
stim,248530,278651,0,278651,3475984.455,-0.687,0.350,0.044,-0.635,0,0,29,0,0,0,0,338,45,0.977,1,2276,0,181.592,30.179,178.813,25.125,19.250,2.332,-1.387,1.766,-14.273,-26.590,-14.543,2.426,2.636,1.128,1.318,0,NULL,NULL,,3,0,2,7,255,1269,250,0,0
stim,248530,278651,0,278651,3475989.453,-0.685,0.355,0.039,-0.635,0,0,27,0,0,0,0,345,45,0.977,1,2276,0,171.499,31.561,169.313,-6.563,26.500,2.215,-1.063,2.145,-14.273,-28.148,-13.613,2.344,2.556,1.128,1.318,0,NULL,NULL,,3,0,2,7,255,1269,250,0,0
stim,248584,278705,0,278705,3475994.455,-0.684,0.357,0.034,-0.635,0,0,28,0,0,0,0,343,45,0.977,1,2276,0,136.532,31.163,129.063,-37.563,23.938,1.922,-0.703,2.402,-13.156,-28.250,-9.113,2.258,2.470,1.128,1.318,0,NULL,NULL,,3,0,2,7,255,1269,250,0,0
stim,248584,278705,0,278705,3475999.453,-0.683,0.358,0.030,-0.636,0,0,25,0,0,0,0,343,45,0.977,1,2276,0,99.189,30.556,72.688,-66.938,8.625,1.707,-0.477,2.422,-11.645,-28.250,-4.402,2.168,2.384,1.128,1.318,0,NULL,NULL,,3,0,2,7,255,1269,250,0,0
stim,248584,278705,0,278705,3476004.455,-0.683,0.356,0.027,-0.637,0,0,20,0,0,0,0,338,45,0.977,1,2276,0,95.296,28.520,18.938,-93.063,-7.875,1.508,-0.332,2.348,-10.293,-26.598,-2.191,2.078,2.294,1.128,1.318,0,NULL,NULL,,3,0,2,7,255,1269,250,0,0
stim,248584,278705,0,278705,3476009.454,-0.684,0.351,0.025,-0.639,0,0,17,0,0,0,0,384,45,0.977,1,2276,0,120.602,26.268,-40.313,-113.125,-11.063,1.453,-0.348,2.340,-9.465,-24.504,-0.988,1.984,2.202,1.128,1.318,0,NULL,NULL,,3,0,2,7,255,1269,250,0,0
stim,248584,278705,0,278705,3476014.455,-0.685,0.347,0.019,-0.640,0,0,13,22,0,0,0,475,45,0.977,1,2276,0,169.194,25.708,7.688,-156.688,63.375,0.387,-0.848,3.102,-9.465,-23.902,-0.590,1.886,2.106,1.128,1.318,0,NULL,NULL,,3,0,2,7,255,1269,250,0,0
stim,248584,278705,0,278705,3476019.454,-0.696,0.345,0.002,-0.630,355,0,6,495,0,74,0,516,45,0.977,1,2276,0,503.584,23.091,132.500,-234.500,425.500,-0.586,1.391,5.340,-10.344,-20.645,8.273,1.784,2.002,1.128,1.318,0,NULL,NULL,,3,0,2,7,255,1269,250,0,0
stim,248584,278705,0,278705,3476024.455,-0.714,0.325,0.007,-0.620,892,0,0,1063,0,319,0,577,45,0.977,1,2276,0,684.038,20.974,-546.250,-147.563,384.375,-1.574,2.836,3.797,-10.344,-18.246,38.426,1.676,1.896,1.128,1.318,0,NULL,NULL,,3,0,2,7,255,1269,250,0,0
stim,248584,278705,0,278705,3476029.453,-0.728,0.298,0.022,-0.617,1290,0,0,1387,0,489,0,630,45,0.977,1,2276,0,784.887,8.385,-766.375,-113.250,126.063,-1.809,2.402,0.199,7.805,-3.066,38.426,1.564,1.786,1.128,1.318,0,NULL,NULL,,3,0,2,7,255,1269,250,0,0
stim,248584,278705,0,278705,3476034.455,-0.735,0.279,0.032,-0.617,1661,0,0,1640,0,620,0,693,45,0.977,1,2277,0,522.772,19.490,-510.938,-110.250,8.875,-1.723,1.242,-1.156,10.324,16.531,7.883,1.446,1.670,1.128,1.318,1,1283.000,14.000,,3,0,2,7,255,1269,250,0,0
stim,248584,278705,0,278705,3476039.453,-0.736,0.269,0.036,-0.620,1891,0,0,1790,0,856,0,775,45,0.977,1,2277,0,258.056,19.490,-226.250,-106.375,-63.938,-0.520,0.652,-0.680,10.324,16.531,-8.688,1.324,1.548,1.128,1.318,1,NULL,NULL,,3,0,2,7,255,1269,250,0,0
stim,248605,278726,0,278726,3476044.455,-0.737,0.263,0.034,-0.621,2057,0,0,1871,0,1007,0,835,45,0.977,1,2277,0,133.016,10.295,-64.313,-116.375,-3.750,0.344,0.555,1.000,6.422,8.047,-8.688,1.196,1.424,1.128,1.318,1,NULL,NULL,,3,0,2,7,255,1269,250,0,0
stim,248605,278726,0,278726,3476049.454,-0.743,0.255,0.033,-0.618,2187,0,0,1931,0,1205,0,883,45,0.977,1,2277,0,232.323,9.300,-168.250,-112.625,113.938,0.246,1.168,1.586,6.422,-6.727,-0.840,1.068,1.296,1.128,1.318,1,NULL,NULL,,3,0,2,7,255,1269,250,0,0
stim,248605,278726,0,278726,3476054.455,-0.750,0.243,0.035,-0.614,2319,0,0,2025,0,1299,0,934,45,0.977,1,2277,0,334.233,10.136,-276.438,-117.688,146.438,-0.527,1.328,0.973,7.582,-6.727,4.297,0.936,1.166,1.128,1.318,1,NULL,NULL,,3,0,2,7,255,1269,250,0,0
stim,248605,278726,0,278726,3476059.454,-0.754,0.232,0.038,-0.613,2419,0,0,2091,0,1417,0,986,45,0.977,1,2277,0,291.630,8.001,-260.375,-115.188,63.125,-0.973,0.379,0.414,7.582,2.555,4.297,0.804,1.036,1.128,1.318,2,NULL,NULL,,3,0,2,7,255,1269,250,0,0
stim,248628,278749,0,278749,3476064.455,-0.756,0.222,0.040,-0.614,2551,0,0,2275,0,1509,0,999,45,0.977,1,2277,0,234.132,3.178,-204.250,-112.500,-21.063,-0.629,-0.199,0.563,0.293,3.164,-1.883,0.672,0.908,1.128,1.318,2,NULL,NULL,,3,0,2,7,255,1269,250,0,0
stim,248628,278749,0,278749,3476069.454,-0.758,0.213,0.041,-0.615,2709,0,0,2484,0,1549,0,1055,45,0.977,1,2277,0,204.753,3.688,-173.563,-107.125,-18.000,-0.176,-0.012,0.773,-1.895,3.164,-2.363,0.542,0.780,1.128,1.318,2,NULL,NULL,,3,0,2,7,255,1269,250,0,0
stim,248628,278749,0,278749,3476074.455,-0.762,0.204,0.040,-0.613,2803,0,0,2621,0,1573,0,1170,45,0.977,1,2277,0,247.400,5.456,-174.875,-139.625,105.500,-0.848,-0.719,0.801,-4.445,3.164,-2.363,0.422,0.660,1.128,1.318,2,NULL,NULL,,3,0,2,7,255,1269,250,0,0
stim,248628,278749,0,278749,3476079.453,-0.766,0.194,0.040,-0.611,2869,0,0,2725,0,1605,0,1299,45,0.977,1,2277,0,257.198,10.738,-199.625,-147.688,67.000,-1.191,-0.934,0.625,-10.137,3.543,-2.363,0.306,0.548,1.128,1.318,2,NULL,NULL,,3,0,2,7,255,1269,250,0,0
stim,248655,278776,0,278776,3476084.455,-0.767,0.186,0.039,-0.613,2933,0,0,2825,0,1607,0,1415,45,0.977,1,2277,0,195.810,10.764,-122.313,-149.875,-30.313,-0.672,-0.586,0.410,-10.137,3.621,-2.641,0.202,0.440,1.128,1.318,2,NULL,NULL,,3,0,2,7,255,1269,250,0,0
stim,248655,278776,0,278776,3476089.453,-0.766,0.180,0.035,-0.616,2971,0,0,2899,0,1615,0,1471,45,0.977,1,2277,0,156.352,8.575,-38.125,-143.688,-48.438,0.035,-0.281,0.969,-7.773,3.621,-2.641,0.112,0.342,1.128,1.318,2,NULL,NULL,,3,0,2,7,255,1269,250,0,0
stim,248682,278803,0,278803,3476094.455,-0.766,0.175,0.032,-0.617,2999,0,0,2941,0,1635,0,1493,45,0.977,1,2277,0,137.987,6.533,-41.938,-129.000,-25.313,0.293,-0.379,1.684,-5.266,-3.867,-1.539,0.100,0.260,1.128,1.318,2,NULL,NULL,,3,0,2,7,255,1269,250,0,0
stim,248682,278803,0,278803,3476099.454,-0.768,0.168,0.031,-0.618,3017,0,0,2985,0,1663,0,1501,45,0.977,1,2277,0,174.938,9.948,-123.438,-123.125,14.375,0.328,-0.391,1.750,-5.258,-8.445,4.238,0.120,0.216,1.128,1.318,2,NULL,NULL,,3,0,2,7,255,1269,250,0,0
stim,248682,278803,0,278803,3476104.455,-0.771,0.159,0.032,-0.616,3035,0,0,3015,0,1739,0,1518,45,0.977,1,2277,0,226.976,9.948,-190.375,-113.000,50.063,0.215,-0.434,1.270,-5.258,-8.445,4.238,0.152,0.206,1.128,1.318,2,NULL,NULL,,3,0,2,7,255,1269,250,0,0
stim,248682,278803,0,278803,3476109.454,-0.774,0.150,0.033,-0.614,3045,0,0,3044,0,1813,0,1559,45,0.977,1,2277,0,220.315,8.236,-183.750,-102.750,64.938,0.020,-0.543,0.828,-5.258,-6.340,0.809,0.152,0.232,1.128,1.318,2,NULL,NULL,,3,0,2,7,255,1269,250,0,0
stim,248682,278803,0,278803,3476114.455,-0.777,0.143,0.033,-0.613,3049,0,0,3064,0,1897,0,1587,45,0.977,1,2277,0,181.073,6.785,-138.000,-97.563,65.000,-0.180,-0.488,0.707,-5.801,-3.520,-2.961,0.148,0.270,1.128,1.318,2,NULL,NULL,,3,0,2,7,255,1269,250,0,0
stim,248682,278803,0,278803,3476119.453,-0.779,0.137,0.032,-0.611,3051,0,0,3084,0,1993,3,1642,45,0.977,1,2277,0,142.533,5.926,-92.938,-94.938,51.625,-0.277,-0.121,0.789,-5.801,-1.211,-2.961,0.152,0.310,1.128,1.318,2,NULL,NULL,,3,0,2,7,255,1269,250,0,0
stim,248704,278825,0,278825,3476124.455,-0.780,0.133,0.031,-0.611,3079,0,0,3099,0,2075,26,1685,45,0.977,1,2277,0,117.483,2.606,-67.938,-92.875,23.688,-0.336,0.168,0.992,-2.586,0.320,-1.938,0.172,0.350,1.128,1.318,2,NULL,NULL,,3,0,2,7,255,1269,250,0,0
stim,248704,278825,0,278825,3476129.453,-0.780,0.127,0.030,-0.611,3081,0,0,3111,0,2169,31,1815,45,0.977,1,2277,0,122.463,1.286,-81.063,-91.125,-11.063,-0.348,0.082,1.207,-1.113,0.645,0.535,0.198,0.382,1.128,1.318,2,NULL,NULL,,3,0,2,7,255,1269,250,0,0
stim,248704,278825,0,278825,3476134.455,-0.780,0.121,0.030,-0.613,3067,0,0,3115,8,2245,143,1908,45,0.977,1,2277,0,139.975,1.286,-106.750,-85.875,-28.688,-0.133,-0.191,1.141,-1.113,0.645,1.090,0.210,0.404,1.128,1.318,2,NULL,NULL,,3,0,2,7,255,1269,250,0,0
stim,248704,278825,0,278825,3476139.454,-0.780,0.117,0.030,-0.614,3081,0,0,3119,235,2284,188,2018,45,0.977,1,2277,0,106.961,3.459,-73.000,-59.250,-51.000,0.129,-0.277,1.445,-3.016,-1.695,2.465,0.208,0.416,1.128,1.318,2,NULL,NULL,,3,0,2,7,255,1269,250,0,0
stim,248704,278825,0,278825,3476144.455,-0.779,0.114,0.031,-0.616,3091,0,0,3131,517,2327,199,2089,45,0.977,1,2277,0,98.307,5.762,-75.313,-34.875,-52.688,0.363,-0.215,1.059,-3.016,-4.910,1.090,0.192,0.418,1.128,1.318,2,NULL,NULL,,3,0,2,7,255,1269,250,0,0
stim,248704,278825,0,278825,3476149.454,-0.778,0.111,0.031,-0.617,3082,0,0,3129,677,2345,218,2137,45,0.977,1,2277,0,57.778,5.270,-37.188,-39.375,-20.125,0.391,0.328,0.879,-1.914,-4.910,-0.586,0.170,0.410,1.128,1.318,2,NULL,NULL,,3,0,2,7,255,1269,250,0,0
stim,248704,278825,0,278825,3476154.455,-0.779,0.110,0.030,-0.617,3083,0,0,3127,861,2374,235,2195,45,0.977,1,2277,0,29.967,4.795,-13.875,-26.500,-1.813,-0.004,0.117,1.227,0.301,-4.785,-0.586,0.142,0.390,1.128,1.318,2,NULL,NULL,,3,0,2,7,255,1269,250,0,0
stim,248704,278825,0,278825,3476159.454,-0.779,0.107,0.032,-0.618,3081,5,0,3129,982,2392,249,2246,45,0.977,1,2277,0,68.381,2.235,-64.063,-22.000,-9.375,-0.355,-0.172,1.301,0.301,-2.215,2.059,0.110,0.360,1.128,1.318,2,NULL,NULL,,3,0,2,7,255,1269,250,0,0
stim,248725,278846,0,278846,3476164.455,-0.778,0.104,0.033,-0.619,3087,21,0,3131,1125,2413,251,2295,45,0.977,1,2277,0,95.872,1.000,-82.500,-19.563,-44.750,-0.320,0.031,0.922,-0.930,0.367,2.059,0.066,0.320,1.128,1.318,2,NULL,NULL,,3,0,2,7,255,1269,250,0,0
stim,248725,278846,0,278846,3476169.453,-0.776,0.101,0.034,-0.621,3089,26,0,3140,1199,2426,271,2336,45,0.977,1,2277,0,86.218,1.000,-46.063,-15.625,-71.188,-0.098,0.219,0.852,-0.930,0.367,-0.355,0.032,0.270,1.128,1.318,2,NULL,NULL,,3,0,2,7,255,1269,250,0,0
stim,248725,278846,0,278846,3476174.455,-0.775,0.100,0.035,-0.624,3091,51,0,3147,1305,2437,271,2374,45,0.977,1,2277,0,71.482,1.455,-24.813,-15.375,-65.250,0.078,0.199,1.078,1.418,-0.324,-0.355,0.042,0.224,1.128,1.318,2,NULL,NULL,,3,0,2,7,255,1269,250,0,0
stim,248725,278846,0,278846,3476179.453,-0.774,0.098,0.035,-0.625,3095,73,0,3149,1395,2453,281,2413,45,0.977,1,2277,0,60.636,2.817,-43.063,-10.750,-41.313,0.039,0.020,1.199,1.418,-2.434,0.574,0.080,0.188,1.128,1.318,2,NULL,NULL,,3,0,2,7,255,1269,250,0,0
stim,248748,278869,0,278869,3476184.455,-0.773,0.095,0.037,-0.626,3091,86,0,3143,1500,2458,293,2438,45,0.977,1,2277,0,74.128,2.449,-68.000,-8.938,-28.125,-0.137,-0.016,1.035,-0.273,-2.434,0.574,0.114,0.162,1.128,1.318,2,NULL,NULL,,3,0,2,7,255,1269,250,0,0
stim,248748,278869,0,278869,3476189.454,-0.772,0.093,0.039,-0.627,3097,107,0,3147,1571,2463,307,2456,45,0.977,1,2277,0,76.855,0.790,-61.188,-7.250,-45.938,-0.258,0.051,0.852,-0.359,-0.703,0.383,0.138,0.154,1.128,1.318,2,NULL,NULL,,3,0,2,7,255,1269,250,0,0
stim,248779,278900,0,278900,3476194.455,-0.770,0.091,0.040,-0.630,3087,114,0,3144,1609,2477,318,2483,45,0.977,1,2277,0,78.460,0.375,-36.438,-6.438,-69.188,-0.152,0.086,0.902,-0.359,-0.105,-0.801,0.156,0.148,1.128,1.318,2,NULL,NULL,,3,0,2,7,255,1269,250,0,0
stim,248779,278900,0,278900,3476199.454,-0.769,0.090,0.040,-0.632,3089,143,9,3141,1675,2492,327,2493,45,0.977,1,2277,0,74.852,0.253,-27.625,-4.250,-69.438,0.027,0.063,1.082,0.230,-0.105,-0.801,0.170,0.144,1.128,1.318,2,NULL,NULL,,3,0,2,7,255,1269,250,0,0
stim,248779,278900,0,278900,3476204.455,-0.768,0.088,0.041,-0.634,3093,173,55,3147,1735,2489,349,2505,45,0.977,1,2277,0,61.449,2.161,-39.125,-0.875,-47.375,0.082,0.020,1.125,0.230,-2.148,0.582,0.182,0.138,1.128,1.318,2,NULL,NULL,,3,0,2,7,255,1269,250,0,0
stim,248779,278900,0,278900,3476209.455,-0.767,0.086,0.043,-0.634,3097,203,107,3159,1783,2503,355,2511,45,0.977,1,2277,0,56.359,2.150,-49.313,1.438,-27.250,-0.016,0.016,1.016,0.074,-2.148,0.582,0.194,0.130,1.128,1.318,2,NULL,NULL,,3,0,2,7,255,1269,250,0,0
stim,248779,278900,0,278900,3476214.455,-0.767,0.085,0.044,-0.635,3103,233,167,3158,1826,2517,348,2514,45,0.977,1,2277,0,48.421,1.674,-42.125,3.000,-23.688,-0.105,-0.035,0.930,-0.090,-1.672,0.004,0.206,0.122,1.128,1.318,2,NULL,NULL,,3,0,2,7,255,1269,250,0,0
stim,248779,278900,0,278900,3476219.453,-0.766,0.084,0.045,-0.636,3102,249,248,3164,1870,2515,349,2515,45,0.977,1,2277,0,37.164,1.051,-28.313,2.563,-23.938,-0.117,-0.082,0.918,-0.707,-0.777,-0.676,0.218,0.116,1.128,1.318,2,NULL,NULL,,3,0,2,7,255,1269,250,0,0
stim,248804,278925,0,278925,3476224.455,-0.766,0.083,0.046,-0.636,3099,274,304,3171,1911,2516,331,2523,45,0.977,1,2277,0,27.975,1.120,-20.563,1.875,-18.875,-0.125,-0.051,0.961,-0.859,-0.719,-0.676,0.226,0.108,1.128,1.318,2,NULL,NULL,,3,0,2,7,255,1269,250,0,0
stim,248804,278925,0,278925,3476229.453,-0.765,0.082,0.046,-0.637,3096,267,367,3161,1933,2523,326,2523,45,0.977,1,2277,0,23.603,1.093,-18.813,1.375,-14.188,-0.148,0.000,1.004,-0.859,-0.676,-0.352,0.232,0.102,1.128,1.318,2,NULL,NULL,,3,0,2,7,255,1269,250,0,0
stim,248804,278925,0,278925,3476234.455,-0.765,0.082,0.047,-0.637,3100,268,425,3169,1965,2521,313,2533,45,0.977,1,2277,0,22.944,0.581,-17.625,1.375,-14.625,-0.164,0.023,1.016,-0.391,-0.430,0.117,0.236,0.096,1.128,1.318,2,NULL,NULL,,3,0,2,7,255,1269,250,0,0
stim,248804,278925,0,278925,3476239.454,-0.764,0.081,0.047,-0.638,3107,267,457,3173,1989,2520,311,2539,45,0.977,1,2277,0,21.958,0.581,-16.938,1.000,-13.938,-0.152,-0.020,1.008,-0.391,-0.430,0.141,0.236,0.088,1.128,1.318,2,NULL,NULL,,3,0,2,7,255,1269,250,0,0
stim,248804,278925,0,278925,3476244.455,-0.764,0.080,0.048,-0.638,3097,263,544,3164,2011,2529,317,2541,45,1.061,1,2277,1,19.141,0.615,-16.688,0.125,-9.375,-0.168,-0.055,0.984,-0.547,-0.281,0.141,0.000,0.000,1.123,1.316,2,NULL,NULL,,3,0,2,7,255,1269,250,0,0
stim,248804,278925,0,278925,3476249.455,-0.764,0.080,0.048,-0.638,3098,246,618,3171,2027,2525,325,2541,45,1.061,1,2277,1,16.127,0.867,-14.063,-1.500,-7.750,-0.207,-0.043,0.965,-0.820,-0.281,-0.051,0.006,0.004,1.123,1.316,2,NULL,NULL,,3,0,2,7,255,1269,250,0,0
stim,248804,278925,0,278925,3476254.454,-0.764,0.079,0.049,-0.639,3089,264,664,3165,2065,2532,335,2543,45,1.061,1,2277,1,14.209,0.830,-9.313,-3.375,-10.188,-0.223,-0.023,0.965,-0.820,0.129,-0.137,0.010,0.010,1.123,1.316,2,NULL,NULL,,3,0,2,7,255,1269,250,0,0
stim,248804,278925,0,278925,3476259.455,-0.764,0.079,0.049,-0.639,3093,273,701,3151,2092,2533,354,2557,45,1.061,1,2277,1,14.796,0.708,-6.188,-4.938,-12.500,-0.211,-0.012,0.988,-0.680,0.199,-0.137,0.014,0.012,1.123,1.316,2,NULL,NULL,,3,0,2,7,255,1269,250,0,0
stim,248831,278952,0,278952,3476264.454,-0.763,0.079,0.049,-0.639,3089,277,741,3157,2117,2527,370,2571,45,1.061,1,2277,1,16.365,0.567,-5.875,-5.813,-14.125,-0.191,0.004,1.004,-0.531,0.199,0.066,0.018,0.016,1.123,1.316,2,NULL,NULL,,3,0,2,7,255,1269,250,0,0
stim,248831,278952,0,278952,3476269.455,-0.763,0.078,0.049,-0.640,3081,283,789,3153,2155,2531,377,2573,45,1.061,1,2277,1,18.018,0.344,-6.250,-6.125,-15.750,-0.168,0.008,1.004,-0.344,0.012,0.168,0.020,0.018,1.123,1.316,2,NULL,NULL,,3,0,2,7,255,1269,250,0,0
stim,248831,278952,0,278952,3476274.455,-0.762,0.078,0.049,-0.641,3080,288,825,3147,2180,2535,391,2584,45,1.061,1,2277,1,18.008,0.395,-6.500,-6.313,-15.563,-0.156,-0.008,1.000,-0.344,-0.195,0.168,0.022,0.018,1.123,1.316,2,NULL,NULL,,3,0,2,7,255,1269,250,0,0
stim,248831,278952,0,278952,3476279.454,-0.762,0.077,0.049,-0.641,3061,291,871,3133,2193,2527,401,2584,45,1.061,1,2277,1,16.773,0.431,-6.438,-6.625,-14.000,-0.164,-0.020,0.988,-0.359,-0.238,0.090,0.022,0.018,1.123,1.316,2,NULL,NULL,,3,0,2,7,255,1269,250,0,0
stim,248831,278952,0,278952,3476284.455,-0.762,0.077,0.049,-0.641,3053,297,904,3131,2217,2523,405,2599,45,1.061,1,2277,1,16.154,0.529,-5.750,-7.000,-13.375,-0.188,-0.016,0.984,-0.473,-0.238,0.004,0.022,0.016,1.123,1.316,2,NULL,NULL,,3,0,2,7,255,1269,250,0,0
stim,248831,278952,0,278952,3476289.454,-0.761,0.076,0.049,-0.642,3043,293,935,3118,2223,2523,413,2597,45,1.061,1,2277,1,17.684,0.473,-4.375,-7.813,-15.250,-0.203,0.008,0.992,-0.473,0.004,0.004,0.020,0.014,1.123,1.316,2,NULL,NULL,,3,0,2,7,255,1269,250,0,0
stim,248888,279009,0,279009,3476294.455,-0.761,0.076,0.049,-0.643,3031,291,986,3109,2237,2521,421,2603,45,1.061,1,2277,1,21.611,0.364,-3.313,-8.125,-19.750,-0.203,0.047,1.008,-0.305,0.199,0.102,0.018,0.010,1.123,1.316,2,NULL,NULL,,3,0,2,7,255,1269,250,0,0
stim,248888,279009,0,279009,3476299.453,-0.760,0.076,0.048,-0.643,3019,296,1033,3091,2260,2523,447,2616,45,1.061,1,2277,1,25.594,0.215,-3.313,-8.250,-24.000,-0.180,0.082,1.023,0.082,0.199,0.250,0.016,0.006,1.123,1.316,2,NULL,NULL,,3,0,2,7,255,1269,250,0,0
stim,248888,279009,0,279009,3476304.455,-0.760,0.075,0.048,-0.644,2995,297,1081,3087,2277,2523,495,2617,45,1.061,1,2277,1,27.255,0.498,-5.250,-8.063,-25.500,-0.152,0.098,1.039,0.496,0.043,0.391,0.014,0.004,1.123,1.316,2,NULL,NULL,,3,0,2,7,255,1269,250,0,0
stim,248888,279009,0,279009,3476309.454,-0.759,0.075,0.048,-0.645,2985,299,1159,3059,2297,2519,537,2618,45,1.061,1,2277,1,27.542,0.680,-8.938,-7.938,-24.813,-0.148,0.094,1.035,0.648,-0.203,0.453,0.014,0.006,1.123,1.316,2,NULL,NULL,,3,0,2,7,255,1269,250,0,0
stim,248888,279009,0,279009,3476314.455,-0.758,0.074,0.048,-0.646,2967,307,1208,3043,2328,2523,595,2631,45,1.061,1,2277,1,27.996,0.680,-11.563,-8.250,-24.125,-0.168,0.082,1.012,0.648,-0.203,0.453,0.014,0.010,1.123,1.316,2,NULL,NULL,,3,0,2,7,255,1269,250,0,0
stim,248888,279009,0,279009,3476319.453,-0.758,0.073,0.048,-0.647,2955,301,1267,3035,2365,2520,653,2641,45,1.061,1,2277,1,28.712,0.598,-11.313,-8.813,-24.875,-0.188,0.090,1.000,0.598,-0.020,0.270,0.016,0.014,1.123,1.316,2,NULL,NULL,,3,0,2,7,255,1269,250,0,0
stim,248888,279009,0,279009,3476324.455,-0.757,0.073,0.048,-0.648,2933,302,1333,3021,2385,2519,717,2644,45,1.061,1,2277,1,31.624,0.634,-9.875,-9.313,-28.563,-0.188,0.121,1.008,0.598,0.211,0.246,0.020,0.018,1.123,1.316,2,NULL,NULL,,3,0,2,7,255,1269,250,0,0
stim,248888,279009,0,279009,3476329.454,-0.756,0.072,0.048,-0.649,2911,306,1403,3003,2407,2516,782,2657,45,1.061,1,2277,1,35.256,0.934,-10.500,-9.625,-32.250,-0.160,0.121,1.023,0.910,0.211,0.246,0.022,0.020,1.123,1.316,2,NULL,NULL,,3,0,2,7,255,1269,250,0,0
stim,248888,279009,0,279009,3476334.455,-0.755,0.071,0.048,-0.650,2901,327,1483,2981,2423,2515,843,2659,45,1.061,1,2277,1,36.536,0.911,-13.250,-9.313,-32.750,-0.117,0.078,1.016,0.910,-0.031,0.246,0.022,0.022,1.123,1.316,2,NULL,NULL,,3,0,2,7,255,1269,250,0,0
stim,248888,279009,0,279009,3476339.454,-0.754,0.070,0.048,-0.651,2868,331,1555,2969,2449,2511,901,2666,45,1.061,1,2277,1,33.030,0.776,-14.188,-9.000,-28.438,-0.090,0.016,0.984,0.609,-0.480,0.191,0.024,0.024,1.123,1.316,2,NULL,NULL,,3,0,2,7,255,1269,250,0,0
stim,248907,279028,0,279028,3476344.455,-0.754,0.070,0.049,-0.651,2848,329,1607,2951,2475,2511,979,2667,45,1.061,1,2277,1,26.583,0.581,-12.313,-8.750,-21.875,-0.109,-0.023,0.957,0.059,-0.578,-0.168,0.024,0.022,1.123,1.316,2,NULL,NULL,,3,0,2,7,255,1269,250,0,0
stim,248907,279028,0,279028,3476349.454,-0.753,0.069,0.048,-0.652,2827,325,1703,2935,2488,2503,1039,2677,45,1.061,1,2277,1,23.344,0.603,-7.875,-9.375,-19.875,-0.148,0.000,0.957,-0.172,-0.578,-0.340,0.024,0.022,1.123,1.316,2,NULL,NULL,,3,0,2,7,255,1269,250,0,0
stim,248907,279028,0,279028,3476354.455,-0.753,0.069,0.048,-0.653,2796,316,1753,2916,2503,2503,1083,2680,45,1.061,1,2277,1,25.614,0.238,-3.688,-9.500,-23.500,-0.164,0.043,0.973,-0.172,-0.164,-0.340,0.022,0.020,1.123,1.316,2,NULL,NULL,,3,0,2,7,255,1269,250,0,0
stim,248907,279028,0,279028,3476359.454,-0.752,0.068,0.048,-0.654,2771,334,1799,2895,2522,2508,1129,2685,45,1.061,1,2277,1,27.820,0.277,-3.188,-9.875,-25.813,-0.148,0.043,0.996,0.223,-0.164,-0.156,0.022,0.018,1.123,1.316,2,NULL,NULL,,3,0,2,7,255,1269,250,0,0
stim,248928,279049,0,279049,3476364.455,-0.751,0.068,0.048,-0.655,2749,345,1853,2888,2541,2503,1195,2695,45,1.061,1,2277,1,27.957,0.279,-6.125,-9.688,-25.500,-0.145,0.020,1.004,0.223,-0.168,0.059,0.022,0.016,1.123,1.316,2,NULL,NULL,,3,0,2,7,255,1269,250,0,0
stim,248928,279049,0,279049,3476369.454,-0.751,0.067,0.048,-0.655,2725,349,1909,2871,2555,2503,1259,2708,45,1.061,1,2277,1,27.986,0.253,-9.375,-9.750,-24.500,-0.145,-0.012,0.988,0.059,-0.246,0.059,0.022,0.014,1.123,1.316,2,NULL,NULL,,3,0,2,7,255,1269,250,0,0
stim,248928,279049,0,279049,3476374.455,-0.750,0.066,0.048,-0.656,2696,358,1978,2857,2587,2506,1379,2713,45,1.061,1,2277,1,29.244,0.343,-11.438,-9.813,-25.063,-0.145,-0.039,0.965,-0.238,-0.246,-0.031,0.022,0.014,1.123,1.316,2,NULL,NULL,,3,0,2,7,255,1269,250,0,0
stim,248928,279049,0,279049,3476379.454,-0.749,0.065,0.048,-0.657,2675,363,2038,2837,2591,2506,1443,2716,45,1.061,1,2277,1,29.958,0.554,-11.625,-10.125,-25.688,-0.137,-0.066,0.949,-0.496,-0.246,-0.250,0.022,0.014,1.123,1.316,2,NULL,NULL,,3,0,2,7,255,1269,250,0,0
stim,248955,279076,0,279076,3476384.455,-0.749,0.064,0.048,-0.658,2649,371,2101,2823,2605,2505,1497,2725,45,1.061,1,2277,1,28.811,0.821,-10.000,-10.250,-25.000,-0.117,-0.102,0.934,-0.766,-0.297,-0.430,0.022,0.014,1.123,1.316,2,NULL,NULL,,3,0,2,7,255,1269,250,0,0
stim,248955,279076,0,279076,3476389.453,-0.748,0.064,0.048,-0.659,2616,399,2151,2799,2620,2507,1557,2731,45,1.061,1,2277,1,24.047,1.152,-7.938,-10.500,-20.125,-0.102,-0.113,0.941,-1.043,-0.488,-0.535,0.020,0.016,1.123,1.316,2,NULL,NULL,,3,0,2,7,255,1269,250,0,0
stim,248981,279102,0,279102,3476394.455,-0.748,0.063,0.048,-0.659,2589,419,2189,2792,2634,2509,1593,2749,45,1.061,1,2277,1,19.560,1.152,-7.313,-10.563,-14.750,-0.121,-0.098,0.949,-1.043,-0.488,-0.535,0.020,0.018,1.123,1.316,2,NULL,NULL,,3,0,2,7,255,1269,250,0,0
stim,248981,279102,0,279102,3476399.454,-0.748,0.062,0.048,-0.659,2552,435,2217,2778,2651,2513,1671,2758,45,1.061,1,2277,1,16.889,1.122,-6.125,-11.438,-10.813,-0.148,-0.066,0.953,-1.016,-0.477,-0.426,0.020,0.020,1.123,1.316,2,NULL,NULL,,3,0,2,7,255,1269,250,0,0
stim,248981,279102,0,279102,3476404.455,-0.747,0.062,0.048,-0.660,2521,446,2273,2767,2665,2517,1739,2769,45,1.061,1,2277,1,16.931,0.733,-5.063,-12.438,-10.313,-0.176,-0.016,0.977,-0.715,-0.160,-0.363,0.020,0.020,1.123,1.316,2,NULL,NULL,,3,0,2,7,255,1269,250,0,0
stim,248981,279102,0,279102,3476409.454,-0.747,0.061,0.047,-0.660,2483,446,2301,2741,2681,2515,1806,2773,45,1.061,1,2277,1,19.631,0.295,-5.563,-13.250,-13.375,-0.172,0.043,1.012,-0.250,0.156,-0.098,0.020,0.022,1.123,1.316,2,NULL,NULL,,3,0,2,7,255,1269,250,0,0
stim,248981,279102,0,279102,3476414.455,-0.747,0.061,0.047,-0.661,2462,469,2347,2725,2703,2521,1862,2789,45,1.061,1,2277,1,23.013,0.363,-8.938,-13.625,-16.250,-0.156,0.074,1.035,0.328,0.156,0.262,0.022,0.022,1.123,1.316,2,NULL,NULL,,3,0,2,7,255,1269,250,0,0
stim,248981,279102,1,279102,3476419.454,-0.746,0.060,0.047,-0.661,2429,473,2381,2707,2713,2525,1912,2794,45,1.061,1,2277,1,27.253,0.598,-15.063,-13.688,-18.125,-0.137,0.063,1.051,0.598,0.016,0.453,0.024,0.022,1.123,1.316,2,NULL,NULL,,3,1,2,7,255,1269,250,0,0
stim,249004,279125,1,279125,3476424.455,-0.746,0.059,0.047,-0.662,2391,495,2409,2695,2729,2529,1968,2798,45,1.061,1,2277,1,31.657,0.624,-20.813,-13.000,-20.000,-0.137,0.027,1.035,0.598,-0.180,0.453,0.024,0.022,1.123,1.316,2,NULL,NULL,,3,1,2,7,255,1269,250,0,0
stim,249004,279125,1,279125,3476429.453,-0.745,0.057,0.048,-0.663,2349,501,2452,2685,2733,2523,2009,2803,45,1.061,1,2277,1,34.428,0.322,-23.875,-13.000,-21.125,-0.125,0.008,1.008,0.262,-0.188,0.410,0.026,0.022,1.123,1.316,2,NULL,NULL,,3,1,2,7,255,1269,250,0,0
stim,249004,279125,1,279125,3476434.455,-0.745,0.056,0.048,-0.663,2299,523,2485,2644,2745,2525,2066,2811,45,1.061,1,2277,1,34.622,0.309,-22.938,-12.563,-22.688,-0.117,-0.016,0.980,0.109,-0.289,0.117,0.026,0.022,1.123,1.316,2,NULL,NULL,,3,1,2,7,255,1269,250,0,0
stim,249004,279125,1,279125,3476439.453,-0.744,0.055,0.048,-0.664,2251,535,2516,2619,2757,2527,2111,2821,45,1.061,1,2277,1,30.629,0.331,-18.188,-12.375,-21.313,-0.086,-0.016,0.957,-0.047,-0.328,-0.141,0.028,0.022,1.123,1.316,2,NULL,NULL,,3,1,2,7,255,1269,250,0,0
stim,249004,279125,1,279125,3476444.455,-0.744,0.054,0.048,-0.665,2199,543,2538,2599,2769,2526,2153,2827,45,1.061,1,2277,1,24.054,0.579,-12.563,-12.188,-16.500,-0.086,-0.027,0.969,-0.102,-0.570,-0.301,0.030,0.024,1.123,1.316,2,NULL,NULL,,3,1,2,7,255,1269,250,0,0
stim,249004,279125,1,279125,3476449.454,-0.743,0.053,0.048,-0.665,2163,554,2569,2575,2777,2527,2191,2835,45,1.061,1,2277,1,20.762,0.592,-10.813,-12.313,-12.750,-0.117,-0.039,1.004,-0.160,-0.570,-0.301,0.030,0.024,1.123,1.316,2,NULL,NULL,,3,1,2,7,255,1269,250,0,0
stim,249004,279125,1,279125,3476454.455,-0.743,0.053,0.048,-0.665,2119,569,2591,2550,2787,2531,2223,2837,45,1.061,1,2277,1,22.468,0.420,-13.250,-12.125,-13.500,-0.145,-0.031,1.020,-0.230,-0.352,0.105,0.032,0.024,1.123,1.316,2,NULL,NULL,,3,1,2,7,255,1269,250,0,0
stim,249004,279125,1,279125,3476459.454,-0.743,0.052,0.048,-0.666,2069,573,2612,2529,2803,2527,2263,2845,45,1.061,1,2277,1,26.123,0.250,-16.625,-12.000,-16.188,-0.145,-0.023,1.012,-0.230,-0.098,0.191,0.032,0.026,1.123,1.316,2,NULL,NULL,,3,1,2,7,255,1269,250,0,0
stim,249029,279150,1,279150,3476464.455,-0.742,0.051,0.048,-0.666,2013,573,2635,2494,2811,2527,2295,2853,45,1.061,1,2277,1,27.807,0.196,-18.438,-12.188,-16.875,-0.145,-0.031,1.004,-0.188,-0.059,0.191,0.034,0.026,1.123,1.316,2,NULL,NULL,,3,1,2,7,255,1269,250,0,0
stim,249029,279150,1,279150,3476469.453,-0.742,0.050,0.048,-0.667,1944,571,2659,2463,2827,2527,2325,2857,45,1.061,1,2277,1,28.607,0.141,-18.813,-12.750,-17.375,-0.145,-0.020,1.008,-0.133,-0.047,0.168,0.036,0.028,1.123,1.316,2,NULL,NULL,,3,1,2,7,255,1269,250,0,0
stim,249029,279150,1,279150,3476474.455,-0.741,0.049,0.048,-0.667,1887,571,2679,2405,2835,2525,2347,2863,45,1.061,1,2277,1,27.885,0.075,-18.250,-13.125,-16.500,-0.137,-0.008,1.008,-0.059,-0.047,0.141,0.036,0.028,1.123,1.316,2,NULL,NULL,,3,1,2,7,255,1269,250,0,0
stim,249029,279150,1,279150,3476479.453,-0.741,0.048,0.049,-0.668,1817,559,2700,2389,2841,2524,2381,2871,45,1.061,1,2277,1,29.490,0.098,-20.063,-13.188,-17.125,-0.137,-0.031,1.020,-0.059,-0.078,0.168,0.038,0.030,1.123,1.316,2,NULL,NULL,,3,1,2,7,255,1269,250,0,0
stim,249048,279169,1,279169,3476484.455,-0.741,0.046,0.049,-0.669,1747,553,2720,2339,2851,2524,2413,2875,45,1.061,1,2277,1,31.736,0.159,-21.500,-13.563,-19.000,-0.133,-0.047,1.023,-0.125,-0.098,0.285,0.038,0.032,1.123,1.316,2,NULL,NULL,,3,1,2,7,255,1269,250,0,0
stim,249048,279169,1,279169,3476489.454,-0.740,0.045,0.049,-0.669,1653,541,2739,2292,2856,2520,2441,2886,45,1.061,1,2277,1,33.840,0.284,-24.813,-13.250,-18.813,-0.125,-0.082,0.977,-0.242,-0.148,0.285,0.040,0.034,1.123,1.316,2,NULL,NULL,,3,1,2,7,255,1269,250,0,0
stim,249048,279169,1,279169,3476494.455,-0.740,0.044,0.049,-0.670,1563,531,2759,2248,2859,2517,2468,2888,45,1.061,1,2277,1,28.473,0.313,-17.500,-14.750,-16.938,-0.117,-0.051,0.965,-0.250,-0.188,-0.148,0.040,0.036,1.123,1.316,2,NULL,NULL,,3,1,2,7,255,1269,250,0,0
stim,249048,279169,1,279169,3476499.454,-0.739,0.043,0.049,-0.670,1447,520,2777,2199,2873,2513,2491,2895,45,1.061,1,2277,1,26.487,0.313,-14.313,-14.188,-17.188,-0.117,-0.039,0.977,-0.250,-0.188,-0.152,0.040,0.036,1.123,1.316,2,NULL,NULL,,3,1,2,7,255,1269,250,0,0
stim,249088,279209,1,279209,3476504.455,-0.739,0.042,0.049,-0.671,1322,494,2792,2139,2877,2509,2515,2899,45,1.061,1,2277,1,22.757,0.234,-11.375,-16.313,-11.063,-0.105,0.023,1.023,-0.129,-0.195,-0.152,0.040,0.036,1.123,1.316,2,NULL,NULL,,3,1,2,7,255,1269,250,0,0
stim,249088,279209,1,279209,3476509.454,-0.739,0.041,0.049,-0.671,1241,483,2809,2067,2891,2504,2535,2901,45,1.061,1,2277,1,26.753,0.224,-14.625,-14.875,-16.750,-0.156,-0.043,1.043,-0.129,-0.184,0.254,0.040,0.038,1.123,1.316,2,NULL,NULL,,3,1,2,7,255,1269,250,0,0
stim,249088,279209,1,279209,3476514.455,-0.738,0.040,0.049,-0.672,1125,457,2827,1978,2901,2501,2556,2907,45,1.061,1,2277,1,29.851,0.401,-18.938,-16.688,-15.938,-0.098,-0.004,1.031,0.285,-0.281,0.344,0.040,0.040,1.123,1.316,2,NULL,NULL,,3,1,2,7,255,1269,250,0,0
stim,249088,279209,1,279209,3476519.454,-0.738,0.039,0.049,-0.672,1032,411,2839,1871,2907,2494,2579,2911,45,1.061,1,2277,1,28.022,0.111,-18.625,-16.313,-13.125,-0.133,-0.020,1.000,0.105,0.035,0.344,0.038,0.040,1.123,1.316,2,NULL,NULL,,3,1,2,7,255,1269,250,0,0
stim,249088,279209,1,279209,3476524.455,-0.737,0.038,0.049,-0.673,919,392,2852,1757,2916,2488,2597,2917,45,1.061,1,2277,1,30.146,0.111,-16.750,-16.563,-18.813,-0.148,-0.043,1.012,0.105,0.035,0.199,0.038,0.042,1.123,1.316,2,NULL,NULL,,3,1,2,7,255,1269,250,0,0
stim,249088,279209,1,279209,3476529.454,-0.737,0.037,0.049,-0.673,765,372,2863,1637,2923,2477,2619,2921,45,1.061,1,2277,1,29.712,0.111,-14.875,-19.625,-16.625,-0.129,-0.020,1.027,0.105,0.035,0.199,0.038,0.044,1.123,1.316,2,NULL,NULL,,3,1,2,7,255,1269,250,0,0
stim,249088,279209,1,279209,3476534.455,-0.737,0.036,0.049,-0.674,627,325,2877,1497,2924,2479,2643,2925,45,1.061,1,2277,1,30.751,0.137,-16.125,-19.250,-17.750,-0.117,-0.008,1.016,0.133,-0.035,0.199,0.036,0.046,1.123,1.316,2,NULL,NULL,,3,1,2,7,255,1269,250,0,0
stim,249088,279209,1,279209,3476539.454,-0.736,0.035,0.048,-0.674,487,299,2891,1367,2939,2460,2659,2928,45,1.061,1,2277,1,28.442,0.269,-14.188,-20.375,-13.875,-0.121,-0.004,1.020,0.266,-0.043,0.242,0.036,0.048,1.123,1.316,2,NULL,NULL,,3,1,2,7,255,1269,250,0,0
stim,249108,279229,1,279229,3476544.455,-0.736,0.034,0.048,-0.675,363,268,2902,1235,2951,2450,2671,2933,45,1.061,1,2277,1,31.104,0.331,-13.313,-22.000,-17.500,-0.113,-0.008,1.043,0.316,-0.098,0.242,0.034,0.048,1.123,1.316,2,NULL,NULL,,3,1,2,7,255,1269,250,0,0
stim,249108,279229,1,279229,3476549.454,-0.736,0.032,0.047,-0.675,247,213,2914,1093,2961,2431,2687,2939,45,1.061,1,2277,1,29.505,0.346,-11.688,-24.813,-10.875,-0.078,0.023,1.055,0.332,-0.098,0.465,0.032,0.050,1.123,1.316,2,NULL,NULL,,3,1,2,7,255,1269,250,0,0
stim,249108,279229,1,279229,3476554.455,-0.735,0.031,0.047,-0.675,149,187,2924,948,2968,2422,2712,2943,45,1.061,1,2277,1,31.612,0.675,-16.750,-24.188,-11.563,-0.105,0.047,1.078,0.660,-0.141,0.523,0.030,0.052,1.123,1.316,2,NULL,NULL,,3,1,2,7,255,1269,250,0,0
stim,249108,279229,1,279229,3476559.454,-0.735,0.030,0.047,-0.675,90,151,2935,759,2973,2405,2729,2949,45,1.061,1,2277,1,32.688,0.824,-16.375,-27.563,-6.375,-0.082,0.031,1.051,0.754,-0.332,0.523,0.026,0.056,1.123,1.316,2,NULL,NULL,,3,1,2,7,255,1269,250,0,0
stim,249131,279252,1,279252,3476564.455,-0.735,0.029,0.046,-0.676,39,108,2941,605,2983,2377,2747,2953,45,1.061,1,2277,1,32.965,0.767,-15.125,-27.813,-9.188,-0.125,0.004,1.000,0.754,-0.141,0.465,0.022,0.064,1.123,1.316,2,NULL,NULL,,3,1,2,7,255,1269,250,0,0
stim,249131,279252,1,279252,3476569.454,-0.735,0.028,0.045,-0.676,13,74,2953,471,2991,2355,2763,2957,45,1.061,1,2277,1,34.192,0.453,-4.500,-31.250,-13.125,-0.156,-0.004,1.027,0.430,0.145,0.359,0.018,0.070,1.123,1.316,2,NULL,NULL,,3,1,2,7,255,1269,250,0,0
stim,249131,279252,1,279252,3476574.455,-0.735,0.027,0.044,-0.676,0,45,2965,329,2999,2325,2781,2962,45,1.061,1,2277,1,36.846,0.529,1.813,-34.875,-11.750,-0.148,0.000,1.117,0.430,0.309,0.359,0.014,0.078,1.123,1.316,2,NULL,NULL,,3,1,2,7,255,1269,250,0,0
stim,249131,279252,1,279252,3476579.453,-0.734,0.026,0.043,-0.677,0,39,2969,243,3004,2301,2798,2963,45,1.061,1,2277,1,39.394,0.608,1.250,-38.000,-10.313,-0.168,-0.004,1.180,0.418,0.441,1.199,0.014,0.082,1.123,1.316,2,NULL,NULL,,3,1,2,7,255,1269,250,0,0
stim,249131,279252,1,279252,3476584.455,-0.734,0.025,0.041,-0.677,0,23,2980,179,3015,2279,2823,2968,45,1.061,1,2277,1,42.650,0.655,2.813,-42.438,-3.188,-0.191,-0.043,1.266,0.418,0.504,1.832,0.014,0.088,1.123,1.316,2,NULL,NULL,,3,1,2,7,255,1269,250,0,0
stim,249131,279252,1,279252,3476589.453,-0.735,0.024,0.039,-0.677,0,17,2987,169,3020,2265,2836,2969,45,1.061,1,2277,1,51.897,0.655,13.125,-48.875,11.500,-0.285,-0.039,1.461,0.117,0.645,2.730,0.018,0.094,1.123,1.316,2,NULL,NULL,,3,1,2,7,255,1269,250,0,0
stim,249187,279308,1,279308,3476594.455,-0.736,0.021,0.039,-0.676,0,0,2991,143,3028,2233,2847,2970,45,1.061,1,2277,1,61.107,0.980,-24.125,-53.625,16.625,-0.227,-0.074,1.395,0.078,0.977,4.012,0.024,0.102,1.123,1.316,2,NULL,NULL,,3,1,2,7,255,1269,250,0,0
stim,249187,279308,1,279308,3476599.453,-0.736,0.018,0.039,-0.676,0,0,2997,117,3033,2205,2863,2973,45,1.061,1,2277,0,75.946,0.997,-55.000,-52.313,2.500,-0.195,-0.164,1.070,-0.199,0.977,4.012,0.034,0.112,1.123,1.316,3,NULL,NULL,,3,1,2,7,255,1269,250,0,0
stim,249187,279308,1,279308,3476604.455,-0.736,0.015,0.038,-0.676,0,0,3003,72,3035,2153,2872,2969,45,1.061,1,2277,0,70.024,1.522,-39.438,-57.688,4.500,-0.195,-0.176,0.902,-1.168,0.977,0.867,0.044,0.120,1.123,1.316,3,NULL,NULL,,3,1,2,7,255,1269,250,0,0
stim,249187,279308,1,279308,3476609.454,-0.737,0.013,0.037,-0.675,0,0,3003,47,3046,2117,2891,2975,45,1.061,1,2277,0,63.539,1.576,-5.250,-63.000,6.375,-0.219,-0.129,0.957,-1.168,1.059,-0.262,0.054,0.130,1.123,1.316,3,NULL,NULL,,3,1,2,7,255,1269,250,0,0
stim,249187,279308,1,279308,3476614.455,-0.737,0.012,0.034,-0.675,0,0,3002,5,3051,2063,2901,2979,45,1.061,1,2277,0,67.338,1.610,9.688,-66.625,-1.313,-0.230,-0.105,1.051,-0.898,1.336,-0.262,0.062,0.140,1.123,1.316,3,NULL,NULL,,3,1,2,7,255,1269,250,0,0
stim,249187,279308,1,279308,3476619.453,-0.737,0.010,0.032,-0.676,0,0,3005,0,3059,1983,2911,2980,45,1.061,1,2277,0,71.229,1.599,9.438,-70.125,-8.188,-0.188,-0.141,1.164,-0.879,1.336,0.664,0.070,0.148,1.123,1.316,3,NULL,NULL,,3,1,2,7,255,1269,250,0,0
stim,249187,279308,1,279308,3476624.456,-0.737,0.008,0.030,-0.676,0,0,3008,0,3061,1907,2922,2975,45,1.061,1,2277,0,73.006,1.329,0.750,-73.000,0.500,-0.133,-0.145,1.207,-0.844,1.027,1.742,0.078,0.156,1.123,1.316,3,NULL,NULL,,3,1,2,7,255,1269,250,0,0
stim,249187,279308,1,279308,3476629.453,-0.737,0.005,0.027,-0.675,0,0,3004,0,3064,1827,2935,2979,45,1.061,1,2277,0,76.716,1.299,-7.625,-75.875,8.375,-0.168,-0.156,1.148,-0.879,0.957,1.742,0.086,0.164,1.123,1.316,3,NULL,NULL,,3,1,2,7,255,1269,250,0,0
stim,249187,279308,1,279308,3476634.455,-0.737,0.003,0.025,-0.675,0,0,3007,0,3067,1739,2939,2973,45,1.061,1,2277,0,79.430,1.416,-6.375,-78.875,6.875,-0.203,-0.176,1.082,-1.043,0.957,1.566,0.092,0.174,1.123,1.316,3,NULL,NULL,,3,1,2,7,255,1269,250,0,0
stim,249187,279308,1,279308,3476639.453,-0.738,0.000,0.023,-0.675,0,0,3005,0,3067,1630,2953,2971,45,1.061,1,2277,0,83.524,1.766,1.875,-83.375,4.625,-0.188,-0.164,1.094,-1.164,1.328,1.047,0.100,0.184,1.123,1.316,3,NULL,NULL,,3,1,2,7,255,1269,250,0,0
stim,249206,279327,1,279327,3476644.455,-0.738,-0.002,0.020,-0.675,0,0,3001,0,3077,1531,2958,2969,45,1.061,1,2277,0,88.029,1.820,9.938,-87.438,2.250,-0.188,-0.121,1.109,-1.164,1.398,1.047,0.108,0.192,1.123,1.316,3,NULL,NULL,,3,1,2,7,255,1269,250,0,0
stim,249206,279327,1,279327,3476649.454,-0.738,-0.004,0.017,-0.674,0,0,3000,0,3081,1395,2965,2968,45,1.061,1,2277,0,91.972,1.531,11.938,-91.188,-1.125,-0.145,-0.078,1.145,-0.762,1.328,1.160,0.112,0.200,1.123,1.316,3,NULL,NULL,,3,1,2,7,255,1269,250,0,0
stim,249206,279327,1,279327,3476654.455,-0.738,-0.006,0.013,-0.674,0,0,2986,0,3083,1249,2970,2962,45,1.061,1,2277,0,95.450,1.156,11.000,-94.813,-0.563,-0.117,-0.066,1.129,-0.281,1.121,1.297,0.118,0.208,1.123,1.316,3,NULL,NULL,,3,1,2,7,255,1269,250,0,0
stim,249206,279327,1,279327,3476659.454,-0.738,-0.009,0.010,-0.674,0,0,2974,0,3087,1099,2975,2955,45,1.061,1,2277,0,98.724,1.001,12.438,-97.938,0.063,-0.086,-0.082,1.125,-0.281,0.961,1.297,0.124,0.218,1.123,1.316,3,NULL,NULL,,3,1,2,7,255,1269,250,0,0
stim,249229,279350,1,279350,3476664.455,-0.739,-0.011,0.007,-0.674,0,0,2967,0,3089,943,2984,2944,45,1.061,1,2277,0,101.245,1.010,10.313,-100.500,6.625,-0.125,-0.098,1.121,-0.313,0.961,1.242,0.132,0.230,1.123,1.316,3,NULL,NULL,,3,1,2,7,255,1269,250,0,0
stim,249229,279350,0,279350,3476669.453,-0.739,-0.014,0.003,-0.674,0,0,2943,0,3091,740,2987,2939,45,1.061,1,2277,0,106.327,1.249,14.500,-105.313,2.125,-0.156,-0.078,1.113,-0.387,1.188,1.215,0.140,0.242,1.123,1.316,3,NULL,NULL,,3,0,2,7,255,1263,250,0,0
stim,249229,279350,0,279350,3476674.455,-0.739,-0.016,-0.001,-0.673,0,0,2931,0,3091,623,2997,2931,45,1.061,1,2277,0,109.417,1.249,14.125,-108.500,0.500,-0.082,-0.074,1.160,-0.387,1.188,1.215,0.152,0.256,1.123,1.316,3,NULL,NULL,,3,0,2,7,255,1263,250,0,0
stim,249229,279350,0,279350,3476679.453,-0.739,-0.019,-0.005,-0.673,0,0,2921,0,3095,500,3001,2933,45,1.061,1,2277,0,116.642,1.020,15.563,-115.375,7.188,-0.059,-0.047,1.117,-0.293,0.977,1.129,0.166,0.274,1.123,1.316,3,NULL,NULL,,3,0,2,7,255,1263,250,0,0
stim,249261,279382,0,279382,3476684.455,-0.740,-0.022,-0.009,-0.672,0,0,2893,0,3093,339,3003,2903,45,1.061,1,2277,0,120.759,0.977,20.063,-118.500,11.750,-0.086,0.035,1.188,-0.035,0.977,1.547,0.184,0.294,1.123,1.316,3,NULL,NULL,,3,0,2,7,255,1263,250,0,0
stim,249261,279382,0,279382,3476689.454,-0.740,-0.025,-0.014,-0.672,0,0,2875,0,3099,160,3015,2892,45,1.061,1,2277,0,124.332,1.550,11.875,-123.313,10.563,-0.078,0.098,1.285,0.723,1.371,1.750,0.206,0.318,1.123,1.316,3,NULL,NULL,,3,0,2,7,255,1263,250,0,0
stim,249281,279402,0,279402,3476694.455,-0.741,-0.028,-0.018,-0.671,0,0,2846,0,3094,89,3018,2869,45,1.061,1,2277,0,127.445,1.928,2.875,-126.875,11.688,-0.047,0.121,1.293,1.332,1.395,2.660,0.232,0.344,1.123,1.316,3,NULL,NULL,,3,0,2,7,255,1263,250,0,0
stim,249281,279402,0,279402,3476699.453,-0.741,-0.032,-0.022,-0.670,0,0,2811,0,3093,40,3015,2843,45,1.061,1,2277,0,133.722,2.197,-1.813,-132.688,16.500,-0.082,0.145,1.270,1.598,1.508,2.660,0.260,0.376,1.123,1.316,3,NULL,NULL,,3,0,2,7,255,1263,250,0,0
stim,249281,279402,0,279402,3476704.455,-0.741,-0.036,-0.027,-0.670,0,0,2774,0,3099,18,3021,2813,45,1.061,1,2277,0,138.430,2.581,3.500,-137.875,11.875,-0.141,0.184,1.273,1.766,1.883,2.445,0.296,0.412,1.123,1.316,3,NULL,NULL,,3,0,2,7,255,1263,250,0,0
stim,249281,279402,0,279402,3476709.454,-0.741,-0.040,-0.032,-0.669,0,0,2743,0,3091,0,3030,2794,45,1.061,1,2277,0,143.781,3.181,6.688,-143.625,0.313,-0.164,0.160,1.285,1.797,2.625,2.445,0.334,0.452,1.123,1.316,3,NULL,NULL,,3,0,2,7,255,1263,250,0,0
stim,249281,279402,0,279402,3476714.455,-0.741,-0.044,-0.037,-0.669,0,0,2702,0,3080,0,3030,2757,45,1.061,1,2277,0,150.817,3.233,8.938,-150.438,-5.875,-0.094,0.164,1.406,1.887,2.625,2.457,0.376,0.494,1.123,1.316,3,NULL,NULL,,3,0,2,7,255,1263,250,0,0
stim,249281,279402,0,279402,3476719.453,-0.741,-0.048,-0.042,-0.668,0,0,2641,0,3089,0,3028,2707,45,1.061,1,2277,0,155.749,3.204,-4.125,-155.688,1.438,-0.031,0.180,1.582,1.887,2.590,3.707,0.420,0.540,1.123,1.316,3,NULL,NULL,,3,0,2,7,255,1263,250,0,0
stim,249305,279426,0,279426,3476724.455,-0.741,-0.053,-0.046,-0.667,0,0,2568,0,3069,0,3021,2664,45,1.061,1,2277,0,164.522,3.204,-19.813,-162.438,17.000,-0.109,0.148,1.699,1.887,2.590,5.434,0.470,0.592,1.123,1.316,3,NULL,NULL,,3,0,2,7,255,1263,250,0,0
stim,249305,279426,0,279426,3476729.454,-0.742,-0.059,-0.051,-0.666,0,0,2501,0,3055,0,3015,2603,45,1.061,1,2277,0,178.048,3.957,-30.688,-172.938,29.188,-0.195,0.156,1.723,1.816,3.516,6.430,0.532,0.654,1.123,1.316,3,NULL,NULL,,3,0,2,7,255,1263,250,0,0
stim,249305,279426,0,279426,3476734.455,-0.742,-0.066,-0.055,-0.664,0,0,2439,0,3053,0,3016,2547,45,1.061,1,2277,0,192.760,4.991,-46.125,-184.000,34.250,-0.285,0.180,1.723,1.816,4.648,6.430,0.602,0.724,1.123,1.316,3,NULL,NULL,,3,0,2,7,255,1263,250,0,0
stim,249305,279426,0,279426,3476739.454,-0.743,-0.074,-0.060,-0.663,0,0,2365,0,3043,0,3007,2468,45,1.061,1,2277,0,209.958,6.122,-61.688,-198.063,32.375,-0.305,0.203,1.664,1.980,5.793,6.242,0.678,0.802,1.123,1.316,3,NULL,NULL,,3,0,2,7,255,1263,250,0,0
stim,249305,279426,0,279426,3476744.455,-0.743,-0.082,-0.064,-0.661,0,0,2267,0,3030,0,3003,2381,45,1.061,1,2277,0,222.184,6.561,-65.250,-210.688,26.813,-0.316,0.195,1.633,2.137,6.203,5.484,0.758,0.884,1.123,1.316,3,NULL,NULL,,3,0,2,7,255,1263,250,0,0
stim,249305,279426,0,279426,3476749.454,-0.743,-0.091,-0.070,-0.659,0,0,2151,0,3019,0,2991,2287,45,1.061,1,2277,0,235.847,6.876,-64.563,-225.688,22.813,-0.328,0.176,1.645,2.137,6.535,5.063,0.842,0.968,1.123,1.316,3,NULL,NULL,,3,0,2,7,255,1263,250,0,0
stim,249305,279426,0,279426,3476754.455,-0.743,-0.100,-0.076,-0.658,0,0,2028,0,2997,1,2963,2191,45,1.061,1,2277,0,248.948,7.281,-64.938,-239.813,15.750,-0.316,0.191,1.684,2.137,6.961,5.063,0.926,1.052,1.123,1.316,3,NULL,NULL,,3,0,2,7,255,1263,250,0,0
stim,249305,279427,0,279427,3476759.454,-0.742,-0.110,-0.082,-0.656,0,0,1932,0,2984,1,2937,2087,45,1.061,1,2277,0,265.201,7.610,-65.250,-256.625,14.750,-0.293,0.246,1.766,2.227,7.277,5.223,1.002,1.132,1.123,1.316,3,NULL,NULL,,3,0,2,7,255,1263,250,0,0
stim,249326,279447,0,279447,3476764.455,-0.742,-0.120,-0.089,-0.654,0,0,1819,0,2965,6,2914,1992,45,1.061,1,2277,0,283.615,8.175,-65.438,-275.375,18.000,-0.285,0.297,1.922,2.875,7.652,5.848,1.072,1.202,1.123,1.316,3,NULL,NULL,,3,0,2,7,255,1263,250,0,0
stim,249326,279447,0,279447,3476769.454,-0.741,-0.130,-0.096,-0.652,0,0,1717,0,2927,9,2869,1895,45,1.061,1,2277,0,299.604,9.169,-77.688,-288.938,15.563,-0.328,0.422,2.008,3.496,8.477,7.082,1.134,1.266,1.123,1.316,3,NULL,NULL,,3,0,2,7,255,1263,250,0,0
stim,249326,279447,0,279447,3476774.455,-0.740,-0.142,-0.103,-0.650,0,0,1659,0,2892,8,2809,1799,45,1.061,1,2277,0,313.153,10.825,-76.438,-303.188,17.313,-0.391,0.578,2.199,4.742,9.730,7.387,1.188,1.320,1.123,1.316,3,NULL,NULL,,3,0,2,7,255,1263,250,0,0
stim,249326,279447,0,279447,3476779.454,-0.738,-0.153,-0.111,-0.647,0,0,1555,0,2851,2,2740,1685,45,1.061,1,2277,0,330.444,13.213,-72.313,-322.125,14.125,-0.523,0.613,2.520,6.367,11.578,8.504,1.234,1.368,1.123,1.316,3,NULL,NULL,,3,0,2,7,255,1263,250,0,0
stim,249348,279469,0,279469,3476784.455,-0.736,-0.166,-0.119,-0.645,0,0,1469,0,2797,0,2649,1575,45,1.061,1,2277,0,355.921,15.957,-112.438,-337.688,-2.250,-0.547,0.586,2.531,6.594,14.531,10.090,1.284,1.420,1.123,1.316,3,NULL,NULL,,3,0,2,7,255,1263,250,0,0
stim,249348,279469,0,279469,3476789.453,-0.733,-0.181,-0.126,-0.643,0,0,1341,0,2740,0,2521,1461,45,1.061,1,2277,0,377.244,15.957,-141.250,-349.563,-12.938,-0.441,0.480,2.383,6.594,14.531,10.090,1.340,1.476,1.123,1.316,3,NULL,NULL,,3,0,2,7,255,1263,250,0,0
stim,249348,279469,0,279469,3476794.455,-0.730,-0.196,-0.134,-0.641,0,0,1205,0,2659,0,2379,1336,45,1.061,1,2277,0,391.062,15.454,-149.438,-360.938,-17.938,-0.441,0.336,2.188,5.801,14.324,8.785,1.404,1.542,1.123,1.316,3,NULL,NULL,,3,0,2,7,255,1263,250,0,0
stim,249348,279469,0,279469,3476799.453,-0.726,-0.210,-0.142,-0.639,0,0,1047,0,2554,0,2199,1213,45,1.061,1,2277,0,395.075,14.585,-135.188,-370.938,-14.625,-0.402,0.324,2.125,4.445,13.891,6.746,1.474,1.614,1.123,1.316,3,NULL,NULL,,3,0,2,7,255,1263,250,0,0
stim,249388,279509,0,279509,3476804.455,-0.723,-0.225,-0.150,-0.636,0,0,863,0,2437,0,1929,1063,45,1.061,1,2277,0,401.554,14.573,-126.000,-381.063,-12.688,-0.395,0.086,2.262,4.406,13.891,6.746,1.550,1.692,1.123,1.316,3,NULL,NULL,,3,0,2,7,255,1263,250,0,0
stim,249388,279509,0,279509,3476809.454,-0.719,-0.240,-0.158,-0.633,0,0,652,0,2257,0,1629,955,45,1.061,1,2277,0,417.821,14.026,-144.188,-392.125,-4.688,-0.246,-0.117,2.059,2.395,13.820,5.918,1.624,1.766,1.123,1.316,3,NULL,NULL,,3,0,2,7,255,1263,250,0,0
stim,249388,279509,0,279509,3476814.455,-0.715,-0.256,-0.167,-0.629,0,0,455,0,2054,0,1241,816,45,1.061,1,2277,0,429.149,12.950,-138.813,-406.063,3.688,-0.129,-0.488,1.664,0.570,12.938,5.828,1.694,1.838,1.123,1.316,3,NULL,NULL,,3,0,2,7,255,1263,250,0,0
stim,249388,279509,0,279509,3476819.454,-0.711,-0.271,-0.177,-0.624,0,0,343,0,1803,0,777,709,45,1.061,1,2277,0,430.741,10.391,-109.938,-416.125,17.063,0.184,-0.414,1.168,-2.434,10.102,3.543,1.758,1.902,1.123,1.316,3,NULL,NULL,,3,0,2,7,255,1263,250,0,0
stim,249388,279509,0,279509,3476824.455,-0.709,-0.283,-0.189,-0.618,0,0,240,0,1498,0,291,533,45,1.061,1,2277,0,425.140,5.794,-21.438,-423.938,23.688,0.246,-0.395,1.148,-2.434,5.258,1.020,1.816,1.962,1.123,1.316,3,NULL,NULL,,3,0,2,7,255,1263,250,0,0
stim,249388,279509,0,279509,3476829.453,-0.707,-0.294,-0.203,-0.610,0,0,167,0,1147,0,59,448,45,1.061,1,2277,0,436.643,5.707,50.938,-431.500,43.250,0.152,-0.086,1.602,-2.219,5.258,1.020,1.872,2.018,1.123,1.316,3,NULL,NULL,,3,0,2,7,255,1263,250,0,0
stim,249388,279509,0,279509,3476834.455,-0.706,-0.304,-0.216,-0.602,0,0,107,0,795,0,0,367,45,1.061,1,2277,0,435.380,9.262,48.875,-427.438,66.813,-0.027,0.148,2.117,0.973,9.211,2.934,1.926,2.076,1.123,1.316,3,NULL,NULL,,3,0,2,7,255,1263,250,0,0
stim,249388,279509,0,279509,3476839.453,-0.705,-0.317,-0.227,-0.593,0,0,89,0,375,0,0,287,45,1.061,1,2277,0,435.224,14.934,-10.563,-424.500,95.438,-0.266,0.348,2.270,3.188,14.590,3.078,1.984,2.134,1.123,1.316,3,NULL,NULL,,3,0,2,7,255,1263,250,0,0
stim,249408,279529,0,279529,3476844.455,-0.703,-0.331,-0.236,-0.583,0,0,71,0,43,0,0,171,45,1.061,1,2277,0,457.161,18.549,-79.250,-428.750,137.438,-0.492,0.422,2.043,4.633,17.961,3.078,2.040,2.192,1.123,1.316,3,NULL,NULL,,3,0,2,7,255,1263,250,0,0
stim,249408,279529,0,279529,3476849.454,-0.701,-0.348,-0.243,-0.573,0,0,61,0,0,0,0,105,45,1.061,1,2277,0,475.939,18.552,-132.750,-425.938,165.750,-0.754,0.656,1.645,4.645,17.961,-0.875,2.088,2.240,1.123,1.316,3,NULL,NULL,,3,0,2,7,255,1263,250,0,0
stim,249408,279529,0,279529,3476854.455,-0.698,-0.365,-0.249,-0.564,0,0,52,0,0,0,0,47,45,1.061,1,2277,0,468.170,18.508,-177.625,-409.875,140.125,-0.672,1.063,1.199,5.934,17.531,-6.523,2.120,2.274,1.123,1.316,4,NULL,NULL,,3,0,2,7,255,1263,250,0,0
stim,249408,279529,0,279529,3476859.454,-0.693,-0.381,-0.254,-0.556,0,0,40,0,0,0,0,12,45,1.061,1,2277,0,444.400,16.936,-184.625,-390.875,103.063,-0.609,1.141,1.008,9.496,14.023,-10.297,2.134,2.290,1.123,1.316,0,NULL,NULL,,3,0,2,7,255,1263,250,0,0
stim,249431,279552,0,279552,3476864.455,-0.689,-0.397,-0.259,-0.549,0,0,55,0,0,0,0,17,45,1.061,1,2277,0,428.074,15.574,-185.250,-373.313,97.813,-0.570,1.059,1.066,9.531,12.316,-11.473,2.138,2.294,1.123,1.316,0,NULL,NULL,,3,0,2,7,255,1263,250,0,0
stim,249431,279552,0,279552,3476869.453,-0.683,-0.413,-0.262,-0.542,0,0,59,0,0,0,0,26,45,1.061,1,2277,0,429.453,15.457,-219.875,-357.875,89.500,-0.496,0.621,1.094,9.531,12.168,-11.473,2.134,2.290,1.123,1.316,0,NULL,NULL,,3,0,2,7,255,1263,250,0,0
stim,249431,279552,0,279552,3476874.455,-0.677,-0.429,-0.265,-0.537,0,0,67,0,0,0,0,56,45,1.061,1,2277,0,400.009,13.145,-239.625,-316.125,51.500,-0.207,0.191,1.078,5.645,11.871,-10.047,2.126,2.284,1.123,1.316,0,NULL,NULL,,3,0,2,7,255,1263,250,0,0
stim,249431,279552,0,279552,3476879.453,-0.670,-0.441,-0.267,-0.533,0,0,59,0,0,0,0,95,45,1.061,1,2277,0,341.992,10.472,-212.125,-266.938,26.563,-0.164,-0.207,1.078,2.504,10.168,-6.934,2.114,2.274,1.123,1.316,0,NULL,NULL,,3,0,2,7,255,1263,250,0,0
stim,249431,279552,0,279552,3476884.455,-0.665,-0.453,-0.268,-0.530,0,0,65,0,0,0,0,121,45,1.061,1,2277,0,302.434,10.186,-195.375,-226.625,44.000,-0.293,-0.051,1.355,0.613,10.168,-6.238,2.100,2.260,1.123,1.316,0,NULL,NULL,,3,0,2,7,255,1263,250,0,0
stim,249431,279552,0,279552,3476889.453,-0.659,-0.464,-0.267,-0.528,0,0,59,0,0,0,0,153,45,1.061,1,2277,0,300.976,13.050,-242.000,-175.938,32.688,-0.430,0.156,1.359,0.613,13.035,-6.238,2.088,2.248,1.123,1.316,0,NULL,NULL,,3,0,2,7,255,1263,250,0,0
stim,249486,279607,0,279607,3476894.455,-0.652,-0.476,-0.263,-0.528,0,0,55,0,0,0,0,175,45,1.061,1,2277,0,319.147,13.243,-296.813,-116.563,13.063,-0.355,0.273,0.867,2.336,13.035,-8.344,2.078,2.240,1.123,1.316,0,NULL,NULL,,3,0,2,7,255,1263,250,0,0
stim,249486,279607,0,279607,3476899.454,-0.645,-0.486,-0.257,-0.531,0,0,55,0,0,0,0,183,45,1.061,1,2277,0,327.071,9.471,-322.875,-51.625,7.875,-0.160,0.488,0.207,2.961,8.996,-10.320,2.072,2.236,1.123,1.316,0,NULL,NULL,,3,0,2,7,255,1263,250,0,0
stim,249486,279607,0,279607,3476904.455,-0.639,-0.494,-0.249,-0.534,0,0,55,0,0,0,0,155,45,1.061,1,2277,0,294.560,4.386,-294.000,13.625,12.000,-0.109,0.594,-0.484,3.824,2.148,-12.113,2.074,2.240,1.123,1.316,0,NULL,NULL,,3,0,2,7,255,1263,250,0,0
stim,249486,279607,0,279607,3476909.454,-0.635,-0.498,-0.243,-0.538,0,0,51,0,0,0,0,121,45,1.061,1,2277,0,212.543,5.796,-199.250,73.938,-2.688,-0.043,0.477,-0.840,3.824,-4.355,-14.727,2.084,2.250,1.123,1.316,0,NULL,NULL,,3,0,2,7,255,1263,250,0,0
stim,249486,279607,0,279607,3476914.455,-0.634,-0.498,-0.237,-0.542,0,0,36,0,0,0,0,115,45,1.061,1,2277,0,157.940,6.666,-103.375,119.375,-2.875,-0.016,0.152,-0.715,1.973,-6.367,-14.727,2.100,2.268,1.123,1.316,0,NULL,NULL,,3,0,2,7,255,1263,250,0,0
stim,249486,279607,0,279607,3476919.453,-0.635,-0.496,-0.231,-0.545,0,0,22,0,0,0,0,108,45,1.061,1,2277,0,166.413,6.400,-53.250,156.438,19.625,-0.031,-0.059,-0.434,-0.648,-6.367,-13.195,2.122,2.292,1.123,1.316,0,NULL,NULL,,3,0,2,7,255,1263,250,0,0
stim,249486,279607,0,279607,3476924.455,-0.637,-0.493,-0.225,-0.549,0,0,22,0,0,0,0,103,45,1.061,1,2277,0,192.170,3.997,-36.188,184.750,38.563,-0.086,-0.051,-0.359,-1.781,-3.578,-11.727,2.150,2.320,1.123,1.316,0,NULL,NULL,,3,0,2,7,255,1263,250,0,0
stim,249486,279607,0,279607,3476929.453,-0.640,-0.489,-0.217,-0.552,0,0,22,0,0,0,0,92,45,1.061,1,2277,0,210.902,3.479,-11.438,201.938,59.750,-0.168,-0.031,-0.441,-1.863,-2.938,-11.727,2.186,2.356,1.123,1.316,0,NULL,NULL,,3,0,2,7,255,1263,250,0,0
stim,249486,279607,0,279607,3476934.455,-0.644,-0.483,-0.211,-0.554,0,0,18,0,0,0,0,77,45,1.061,1,2277,0,229.658,3.208,27.063,215.438,74.813,-0.254,0.074,-0.457,-1.781,-2.668,-12.852,2.226,2.400,1.123,1.316,0,NULL,NULL,,3,0,2,7,255,1263,250,0,0
stim,249486,279607,0,279607,3476939.454,-0.649,-0.476,-0.204,-0.556,0,0,17,0,0,0,0,62,45,1.061,1,2277,0,247.899,3.055,70.875,224.250,78.375,-0.301,0.215,-0.383,-1.488,-2.668,-14.051,2.274,2.448,1.123,1.316,0,NULL,NULL,,3,0,2,7,255,1263,250,0,0
stim,249506,279627,0,279627,3476944.455,-0.656,-0.468,-0.199,-0.558,0,0,9,0,0,0,0,59,45,1.061,1,2277,0,267.749,1.870,108.125,230.500,82.875,-0.340,0.270,-0.160,-0.160,-1.863,-14.246,2.324,2.500,1.123,1.316,0,NULL,NULL,,3,0,2,7,255,1263,250,0,0
stim,249506,279627,0,279627,3476949.454,-0.662,-0.460,-0.193,-0.559,0,0,13,0,0,0,0,35,45,1.061,1,2277,0,281.668,0.892,125.938,237.063,85.313,-0.391,0.328,0.051,0.867,0.207,-14.246,2.374,2.552,1.123,1.316,0,NULL,NULL,,3,0,2,7,255,1263,250,0,0
stim,249506,279627,0,279627,3476954.455,-0.669,-0.450,-0.188,-0.561,0,0,11,0,0,0,0,36,45,1.061,1,2277,0,287.654,2.931,132.813,241.000,83.813,-0.434,0.320,0.180,1.840,2.281,-13.820,2.424,2.604,1.123,1.316,0,NULL,NULL,,3,0,2,7,255,1263,250,0,0
stim,249506,279627,0,279627,3476959.454,-0.675,-0.441,-0.183,-0.562,0,0,9,0,0,0,0,39,45,1.061,1,2277,0,293.665,4.065,140.625,242.750,86.813,-0.473,0.238,0.305,1.840,3.625,-13.414,2.472,2.652,1.123,1.316,0,NULL,NULL,,3,0,2,7,255,1263,250,0,0
stim,249528,279649,0,279649,3476964.455,-0.682,-0.431,-0.177,-0.564,0,0,7,0,0,0,0,37,45,1.061,1,2277,0,294.604,5.250,140.438,245.125,83.563,-0.555,0.242,0.461,1.660,4.980,-12.621,2.518,2.700,1.123,1.316,0,NULL,NULL,,3,0,2,7,255,1263,250,0,0
stim,249528,279649,0,279649,3476969.453,-0.688,-0.421,-0.172,-0.566,0,0,10,0,0,0,0,37,45,1.061,1,2277,0,290.976,6.982,137.938,248.000,64.313,-0.621,0.273,0.527,1.660,6.781,-12.270,2.560,2.744,1.123,1.316,0,NULL,NULL,,3,0,2,7,255,1263,250,0,0
stim,249528,279649,0,279649,3476974.455,-0.693,-0.411,-0.168,-0.568,0,0,11,0,0,0,0,29,45,1.061,1,2277,0,289.209,7.977,139.500,249.750,42.500,-0.633,0.242,0.680,1.906,7.746,-12.238,2.602,2.786,1.123,1.316,0,NULL,NULL,,3,0,2,7,255,1263,250,0,0
stim,249528,279649,0,279649,3476979.454,-0.697,-0.401,-0.163,-0.571,0,0,12,0,0,0,0,33,45,1.061,1,2277,0,284.847,9.253,131.188,251.563,25.375,-0.637,0.211,0.883,1.996,9.035,-11.137,2.638,2.824,1.123,1.316,0,NULL,NULL,,3,0,2,7,255,1263,250,0,0
stim,249556,279677,0,279677,3476984.455,-0.701,-0.391,-0.158,-0.575,0,0,11,0,0,0,0,30,45,1.061,1,2277,0,278.480,10.786,110.063,255.750,5.438,-0.629,0.215,1.035,2.223,10.555,-9.598,2.670,2.858,1.123,1.316,0,NULL,NULL,,3,0,2,7,255,1263,250,0,0
stim,249556,279677,0,279677,3476989.454,-0.704,-0.382,-0.152,-0.579,0,0,13,0,0,0,0,33,45,1.061,1,2277,0,274.514,11.886,79.625,262.125,-17.563,-0.582,0.227,1.102,2.703,11.574,-8.344,2.698,2.886,1.123,1.316,0,NULL,NULL,,3,0,2,7,255,1263,250,0,0
stim,249582,279703,0,279703,3476994.455,-0.705,-0.373,-0.146,-0.585,0,0,19,0,0,0,0,47,45,1.061,1,2277,0,277.085,11.971,51.625,269.750,-36.688,-0.523,0.203,1.063,3.055,11.574,-7.387,2.722,2.910,1.123,1.316,0,NULL,NULL,,3,0,2,7,255,1263,250,0,0
stim,249582,279703,0,279703,3476999.453,-0.706,-0.365,-0.139,-0.591,0,0,18,0,0,0,0,47,45,1.061,1,2277,0,285.671,11.330,33.000,278.813,-52.750,-0.477,0.172,0.992,3.055,10.910,-6.918,2.744,2.934,1.123,1.316,0,NULL,NULL,,3,0,2,7,255,1263,250,0,0
stim,249582,279703,0,279703,3477004.455,-0.706,-0.356,-0.133,-0.598,0,0,13,0,0,0,0,56,45,1.061,1,2277,0,298.713,10.419,23.250,289.250,-70.875,-0.434,0.172,0.945,2.910,10.004,-6.742,2.764,2.956,1.123,1.316,0,NULL,NULL,,3,0,2,7,255,1263,250,0,0
stim,249582,279703,0,279703,3477009.454,-0.705,-0.347,-0.125,-0.606,0,0,12,0,0,0,0,68,45,1.061,1,2277,0,314.196,9.727,18.563,299.813,-92.125,-0.328,0.215,0.887,2.910,9.281,-6.563,2.780,2.974,1.123,1.316,0,NULL,NULL,,3,0,2,7,255,1263,250,0,0
stim,249582,279703,0,279703,3477014.455,-0.704,-0.338,-0.118,-0.614,0,0,13,0,0,0,0,85,45,1.061,1,2277,0,331.256,8.589,16.875,312.375,-108.938,-0.133,0.133,0.840,3.145,7.992,-6.254,2.798,2.992,1.123,1.316,0,NULL,NULL,,3,0,2,7,255,1263,250,0,0
stim,249582,279703,0,279703,3477019.454,-0.702,-0.328,-0.111,-0.622,0,0,11,0,0,0,0,101,45,1.061,1,2277,0,340.600,6.836,15.188,322.625,-108.125,-0.059,0.070,0.715,3.145,6.070,-5.125,2.816,3.012,1.123,1.316,0,NULL,NULL,,3,0,2,7,255,1263,250,0,0
stim,249605,279726,0,279726,3477024.455,-0.701,-0.318,-0.103,-0.630,0,0,17,0,0,0,0,107,45,1.061,1,2277,0,345.800,5.300,24.375,329.688,-101.438,-0.008,0.098,0.648,2.637,4.598,-5.125,2.838,3.034,1.123,1.316,0,NULL,NULL,,3,0,2,7,255,1263,250,0,0
stim,249605,279726,0,279726,3477029.454,-0.700,-0.307,-0.095,-0.637,0,0,12,0,0,0,0,107,45,1.061,1,2277,0,350.345,4.511,38.750,334.375,-97.125,0.031,0.160,0.535,2.637,3.660,-5.309,2.862,3.058,1.123,1.316,0,NULL,NULL,,3,0,2,7,255,1263,250,0,0
stim,249605,279726,0,279726,3477034.455,-0.699,-0.296,-0.088,-0.645,0,0,12,0,0,0,0,111,45,1.061,1,2277,0,355.701,3.768,68.438,336.438,-93.000,0.082,0.148,0.477,2.766,2.559,-6.082,2.890,3.088,1.123,1.316,0,NULL,NULL,,3,0,2,7,255,1263,250,0,0
stim,249605,279726,0,279726,3477039.453,-0.699,-0.283,-0.082,-0.651,0,0,11,0,0,0,0,111,45,1.061,1,2277,0,361.161,3.236,102.938,335.313,-86.063,0.141,0.129,0.508,2.766,1.680,-6.082,2.920,3.118,1.123,1.316,0,NULL,NULL,,3,0,2,7,255,1263,250,0,0
stim,249605,279726,0,279726,3477044.455,-0.700,-0.269,-0.077,-0.658,0,0,9,0,0,0,0,115,45,1.061,1,2277,0,365.615,3.021,131.563,332.875,-74.563,0.195,0.117,0.621,2.766,1.215,-5.465,2.950,3.150,1.123,1.316,0,NULL,NULL,,3,0,2,7,255,1263,250,0,0
stim,249605,279726,0,279726,3477049.454,-0.700,-0.255,-0.072,-0.663,0,0,6,0,0,0,0,111,45,1.061,1,2277,0,366.059,3.128,150.125,329.000,-56.750,0.227,0.145,0.730,2.906,1.156,-4.199,2.982,3.184,1.123,1.316,0,NULL,NULL,,3,0,2,7,255,1263,250,0,0
stim,249605,279726,0,279726,3477054.455,-0.702,-0.240,-0.068,-0.667,0,0,6,0,0,0,0,111,45,1.061,1,2277,0,368.520,3.612,169.063,324.875,-41.000,0.199,0.215,0.773,3.422,1.156,-3.172,3.010,3.214,1.123,1.316,0,NULL,NULL,,3,0,2,7,255,1263,250,0,0
stim,249605,279726,0,279726,3477059.454,-0.703,-0.224,-0.064,-0.671,0,0,7,0,0,0,0,110,45,1.061,1,2277,0,379.499,4.306,200.250,320.938,-30.313,0.078,0.285,0.824,4.082,1.371,-3.113,3.038,3.242,1.123,1.316,0,NULL,NULL,,3,0,2,7,255,1263,250,0,0
stim,249626,279747,0,279747,3477064.455,-0.705,-0.208,-0.061,-0.675,0,0,6,0,0,0,0,111,45,1.061,1,2277,0,383.905,4.758,215.625,315.125,-39.813,-0.008,0.148,1.176,4.082,2.445,-2.996,3.062,3.268,1.123,1.316,0,NULL,NULL,,3,0,2,7,255,1263,250,0,0
stim,249626,279747,0,279747,3477069.453,-0.706,-0.193,-0.058,-0.679,0,0,5,0,0,0,0,107,45,1.061,1,2277,0,372.993,5.071,199.313,313.375,-34.563,0.141,0.039,1.336,3.902,3.238,0.164,3.084,3.290,1.123,1.316,0,NULL,NULL,,3,0,2,7,255,1263,250,0,0
stim,249626,279747,0,279747,3477074.455,-0.708,-0.178,-0.054,-0.681,0,0,7,0,0,0,0,104,45,1.061,1,2277,0,364.250,5.093,190.375,310.438,-8.000,0.102,0.234,1.340,3.902,3.273,2.191,3.100,3.308,1.123,1.316,0,NULL,NULL,,3,0,2,7,255,1263,250,0,0
stim,249626,279747,0,279747,3477079.453,-0.710,-0.163,-0.050,-0.684,0,0,7,0,0,0,0,101,45,1.061,1,2277,0,364.766,5.824,195.313,308.063,-2.125,-0.078,0.355,1.477,4.816,3.273,2.504,3.114,3.324,1.123,1.316,0,NULL,NULL,,3,0,2,7,255,1263,250,0,0
stim,249654,279775,0,279775,3477084.455,-0.711,-0.148,-0.047,-0.686,0,0,8,0,0,0,0,100,45,1.061,1,2277,0,361.576,7.202,188.938,307.688,-19.188,-0.148,0.270,1.684,5.172,5.012,2.852,3.124,3.334,1.123,1.316,0,NULL,NULL,,3,0,2,7,255,1263,250,0,0
stim,249654,279775,0,279775,3477089.454,-0.711,-0.133,-0.043,-0.689,0,0,9,0,0,0,0,101,45,1.061,1,2277,0,352.635,7.558,169.625,307.625,-30.750,-0.121,0.215,1.809,5.172,5.512,4.953,3.130,3.342,1.123,1.316,0,NULL,NULL,,3,0,2,7,255,1263,250,0,0
stim,249654,279775,0,279775,3477094.455,-0.711,-0.119,-0.038,-0.692,0,0,9,0,0,0,0,103,45,1.061,1,2277,0,341.584,7.203,142.313,308.625,-34.313,-0.090,0.211,1.867,4.637,5.512,6.516,3.134,3.348,1.123,1.316,0,NULL,NULL,,3,0,2,7,255,1263,250,0,0
stim,249654,279775,0,279775,3477099.454,-0.711,-0.106,-0.032,-0.695,0,0,11,0,0,0,0,114,45,1.061,1,2277,0,331.368,6.630,114.188,308.750,-37.938,-0.090,0.223,1.832,4.523,4.848,7.176,3.136,3.350,1.123,1.316,0,NULL,NULL,,3,0,2,7,255,1263,250,0,0
stim,249687,279808,0,279808,3477104.455,-0.710,-0.094,-0.025,-0.697,0,0,11,0,0,0,0,119,45,1.061,1,2277,0,325.250,6.204,94.688,308.063,-43.813,-0.066,0.215,1.746,4.453,4.320,7.176,3.134,3.350,1.123,1.316,0,NULL,NULL,,3,0,2,7,255,1263,250,0,0
stim,249687,279808,0,279808,3477109.454,-0.709,-0.082,-0.019,-0.700,0,0,12,0,0,0,0,121,45,1.061,1,2277,0,322.055,5.388,84.563,306.563,-50.875,-0.035,0.211,1.633,4.133,3.457,6.527,3.126,3.342,1.123,1.316,0,NULL,NULL,,3,0,2,7,255,1263,250,0,0
stim,249687,279808,0,279808,3477114.455,-0.707,-0.070,-0.012,-0.703,0,0,12,0,0,0,0,125,45,1.061,1,2277,0,319.240,4.636,82.125,304.188,-51.375,0.027,0.137,1.551,3.855,2.574,5.625,3.112,3.330,1.123,1.316,0,NULL,NULL,,3,0,2,7,255,1263,250,0,0
stim,249687,279808,0,279808,3477119.453,-0.706,-0.058,-0.006,-0.706,0,0,16,0,0,0,0,124,45,1.061,1,2277,0,314.807,3.260,81.063,300.938,-44.375,0.043,0.063,1.535,2.934,1.422,5.074,3.092,3.312,1.123,1.316,0,NULL,NULL,,3,0,2,7,255,1263,250,0,0
stim,249687,279808,0,279808,3477124.455,-0.705,-0.046,0.001,-0.708,0,0,19,0,0,0,0,133,45,1.061,1,2277,0,309.738,2.327,82.063,296.250,-37.938,0.016,0.086,1.488,2.156,0.875,5.066,3.066,3.286,1.123,1.316,0,NULL,NULL,,3,0,2,7,255,1263,250,0,0
stim,249687,279808,0,279808,3477129.453,-0.703,-0.034,0.007,-0.710,0,0,17,0,0,0,0,139,45,1.061,1,2277,0,307.830,2.267,92.688,291.188,-37.125,0.008,0.148,1.457,2.156,0.699,4.605,3.032,3.254,1.123,1.316,0,NULL,NULL,,3,0,2,7,255,1263,250,0,0
stim,249687,279808,0,279808,3477134.455,-0.702,-0.022,0.012,-0.712,0,0,16,0,0,0,0,138,45,1.061,1,2277,0,307.297,2.642,106.875,285.563,-38.250,0.012,0.168,1.492,2.613,0.387,4.605,2.986,3.210,1.123,1.316,0,NULL,NULL,,3,0,2,7,255,1263,250,0,0
stim,249687,279808,0,279808,3477139.454,-0.701,-0.009,0.016,-0.713,0,0,16,0,0,0,0,135,45,1.061,1,2277,0,305.486,2.613,116.938,279.938,-35.813,0.039,0.137,1.563,2.613,0.008,4.641,2.932,3.156,1.123,1.316,0,NULL,NULL,,3,0,2,7,255,1263,250,0,0
stim,249708,279829,0,279829,3477144.455,-0.699,0.003,0.021,-0.715,0,0,18,0,0,0,0,137,45,1.061,1,2277,0,302.763,2.373,123.938,274.688,-29.188,0.047,0.145,1.609,2.289,-0.625,5.383,2.872,3.098,1.123,1.316,0,NULL,NULL,,3,0,2,7,255,1263,250,0,0
stim,249708,279829,0,279829,3477149.454,-0.698,0.015,0.025,-0.716,0,0,17,0,0,0,0,133,45,1.061,1,2277,0,302.365,2.544,134.625,269.625,-24.563,0.043,0.188,1.656,2.289,-1.109,5.824,2.804,3.030,1.123,1.316,0,NULL,NULL,,3,0,2,7,255,1263,250,0,0
stim,249708,279829,0,279829,3477154.455,-0.696,0.028,0.028,-0.717,0,0,16,0,0,0,0,135,45,1.061,1,2277,0,305.286,2.741,148.375,265.750,-23.688,0.078,0.199,1.738,2.324,-1.453,6.258,2.730,2.960,1.123,1.316,0,NULL,NULL,,3,0,2,7,255,1263,250,0,0
stim,249708,279829,0,279829,3477159.454,-0.695,0.041,0.031,-0.717,0,0,21,0,0,0,0,139,45,1.061,1,2277,0,308.419,3.240,159.250,263.313,-20.688,0.145,0.164,1.836,2.324,-2.258,7.043,2.650,2.880,1.123,1.316,0,NULL,NULL,,3,0,2,7,255,1263,250,0,0
stim,249731,279852,0,279852,3477164.455,-0.694,0.054,0.033,-0.718,0,0,19,0,0,0,0,141,45,1.061,1,2277,0,310.760,3.793,165.438,262.688,-14.063,0.215,0.168,1.922,1.723,-3.379,7.922,2.566,2.794,1.123,1.316,0,NULL,NULL,,3,0,2,7,255,1263,250,0,0
stim,249731,279852,0,279852,3477169.454,-0.692,0.068,0.036,-0.718,0,0,19,0,0,0,0,139,45,1.061,1,2277,0,313.420,4.809,169.625,263.438,-7.750,0.293,0.215,1.953,1.590,-4.539,8.602,2.476,2.704,1.123,1.316,0,NULL,NULL,,3,0,2,7,255,1263,250,0,0
stim,249731,279852,0,279852,3477174.455,-0.691,0.081,0.038,-0.717,0,0,19,0,0,0,0,138,45,1.061,1,2277,0,319.483,5.955,178.813,264.750,-1.625,0.406,0.227,1.984,1.473,-5.770,8.711,2.380,2.612,1.123,1.316,0,NULL,NULL,,3,0,2,7,255,1263,250,0,0
stim,249731,279852,0,279852,3477179.454,-0.690,0.095,0.040,-0.717,0,0,21,0,0,0,0,140,45,1.061,1,2277,0,327.382,7.490,189.875,266.625,6.125,0.539,0.215,2.043,1.352,-7.367,8.727,2.284,2.516,1.123,1.316,0,NULL,NULL,,3,0,2,7,255,1263,250,0,0
stim,249731,279852,0,279852,3477184.455,-0.689,0.110,0.042,-0.716,0,0,24,0,0,0,0,143,45,1.061,1,2277,0,333.959,9.195,197.750,268.563,17.250,0.641,0.211,2.117,0.840,-9.156,8.906,2.182,2.416,1.123,1.316,0,NULL,NULL,,3,0,2,7,255,1263,250,0,0
stim,249731,279852,0,279852,3477189.453,-0.688,0.124,0.044,-0.714,0,0,26,0,0,0,0,141,45,1.061,1,2277,0,339.247,10.722,203.250,270.000,29.625,0.711,0.199,2.191,0.402,-10.715,9.188,2.078,2.312,1.123,1.316,0,NULL,NULL,,3,0,2,7,255,1263,250,0,0
stim,249785,279906,0,279906,3477194.455,-0.687,0.139,0.045,-0.712,0,0,24,0,0,0,0,140,45,1.061,1,2277,0,343.364,11.978,206.813,271.188,39.813,0.766,0.195,2.277,-0.168,-11.977,9.469,1.974,2.208,1.123,1.316,0,NULL,NULL,,3,0,2,7,255,1263,250,0,0
stim,249785,279906,0,279906,3477199.453,-0.686,0.154,0.047,-0.709,0,0,23,0,0,0,0,140,45,1.061,1,2277,0,344.743,13.156,206.813,271.688,47.563,0.805,0.223,2.367,-0.645,-13.141,9.840,1.868,2.104,1.123,1.316,0,NULL,NULL,,3,0,2,7,255,1263,250,0,0
stim,249785,279906,0,279906,3477204.455,-0.686,0.168,0.049,-0.707,0,0,29,0,0,0,0,147,45,1.061,1,2277,0,340.377,14.226,198.813,270.875,54.375,0.836,0.250,2.445,-0.879,-14.199,10.297,1.760,1.996,1.123,1.316,0,NULL,NULL,,3,0,2,7,255,1263,250,0,0
stim,249785,279906,0,279906,3477209.454,-0.685,0.182,0.051,-0.703,0,0,24,0,0,0,0,145,45,1.061,1,2277,0,329.412,15.248,181.313,268.188,60.938,0.871,0.270,2.457,-1.063,-15.211,10.297,1.642,1.880,1.123,1.316,0,NULL,NULL,,3,0,2,7,255,1263,250,0,0
stim,249785,279906,0,279906,3477214.455,-0.685,0.195,0.053,-0.700,0,0,27,0,0,0,0,147,45,1.061,1,2277,0,315.542,16.064,161.625,262.625,66.875,0.906,0.258,2.395,-1.199,-16.020,10.281,1.514,1.752,1.123,1.316,0,NULL,NULL,,3,0,2,7,255,1263,250,0,0
stim,249785,279906,0,279906,3477219.454,-0.685,0.208,0.056,-0.696,0,0,26,0,0,0,0,149,45,1.061,1,2277,0,302.373,16.648,147.500,254.000,71.813,0.965,0.184,2.293,-1.441,-16.586,9.184,1.378,1.618,1.123,1.316,0,NULL,NULL,,3,0,2,7,255,1263,250,0,0
stim,249785,279906,0,279906,3477224.455,-0.685,0.219,0.058,-0.692,0,0,28,0,0,0,0,157,45,1.061,1,2277,0,289.993,17.262,138.563,243.438,75.063,1.043,0.051,2.176,-2.172,-17.125,7.559,1.238,1.480,1.123,1.316,0,NULL,NULL,,3,0,2,7,255,1263,250,0,0
stim,249785,279906,0,279906,3477229.453,-0.686,0.230,0.061,-0.688,0,0,25,0,0,0,0,164,45,1.061,1,2277,0,277.812,18.017,131.438,231.438,79.625,1.113,-0.113,2.027,-3.348,-17.703,5.625,1.094,1.336,1.123,1.316,0,NULL,NULL,,3,0,2,7,255,1263,250,0,0
stim,249785,279906,0,279906,3477234.455,-0.686,0.241,0.063,-0.684,0,0,26,0,0,0,0,159,45,1.061,1,2277,0,267.420,18.582,128.375,217.688,87.438,1.215,-0.281,1.793,-4.703,-17.977,3.340,0.946,1.188,1.123,1.316,0,NULL,NULL,,3,0,2,7,255,1263,250,0,0
stim,249785,279906,0,279906,3477239.453,-0.687,0.252,0.063,-0.679,0,0,28,0,0,0,0,167,45,1.061,1,2277,0,269.251,18.900,141.688,202.875,106.125,1.223,-0.379,1.625,-5.836,-17.977,0.164,0.798,1.040,1.123,1.316,0,NULL,NULL,,3,0,2,7,255,1263,250,0,0
stim,249806,279927,0,279927,3477244.455,-0.688,0.262,0.064,-0.674,0,0,27,0,0,0,0,189,45,1.061,1,2277,0,255.130,18.761,139.500,189.938,97.750,1.152,-0.703,1.602,-6.418,-17.629,-1.914,0.652,0.892,1.123,1.316,0,NULL,NULL,,3,0,2,7,255,1263,250,0,0
stim,249806,279927,0,279927,3477249.454,-0.688,0.272,0.064,-0.670,0,0,28,0,0,0,0,205,45,1.061,1,2277,0,247.511,19.667,147.125,175.375,94.125,1.266,-0.750,1.418,-9.418,-17.266,-2.961,0.510,0.750,1.123,1.316,0,NULL,NULL,,3,0,2,7,255,1263,250,0,0
stim,249806,279927,0,279927,3477254.455,-0.688,0.282,0.063,-0.665,0,0,28,0,0,0,0,215,45,1.061,1,2277,0,254.983,19.712,171.813,158.125,102.438,1.379,-0.781,1.434,-9.512,-17.266,-5.516,0.378,0.612,1.123,1.316,0,NULL,NULL,,3,0,2,7,255,1263,250,0,0
stim,249806,279927,0,279927,3477259.454,-0.688,0.292,0.060,-0.661,0,0,27,0,0,0,0,221,45,1.061,1,2277,0,260.877,20.139,191.688,143.438,103.625,1.266,-0.797,1.477,-9.629,-17.688,-5.930,0.260,0.482,1.123,1.316,0,NULL,NULL,,3,0,2,7,255,1263,250,0,0
stim,249828,279949,0,279949,3477264.455,-0.687,0.302,0.057,-0.658,0,0,29,0,0,0,0,232,45,1.061,1,2277,0,255.420,20.826,208.625,129.875,69.625,1.270,-0.805,1.578,-10.039,-18.246,-5.930,0.178,0.368,1.123,1.316,0,NULL,NULL,,3,0,2,7,255,1263,250,0,0
stim,249828,279949,0,279949,3477269.454,-0.685,0.312,0.055,-0.656,0,0,26,0,0,0,0,254,45,1.061,1,2277,0,236.273,21.040,200.750,117.125,42.500,1.617,-0.832,1.762,-10.477,-18.246,-5.930,0.152,0.286,1.123,1.316,0,NULL,NULL,,3,0,2,7,255,1263,250,0,0
stim,249828,279949,0,279949,3477274.455,-0.684,0.320,0.052,-0.653,0,0,26,0,0,0,0,284,45,1.061,1,2277,0,208.480,24.669,174.250,103.938,47.938,1.840,-0.871,1.813,-10.934,-22.113,-6.215,0.162,0.244,1.123,1.316,0,NULL,NULL,,3,0,2,7,255,1263,250,0,0
stim,249828,279949,0,279949,3477279.453,-0.683,0.327,0.050,-0.651,0,0,29,0,0,0,0,315,45,1.061,1,2277,0,180.833,26.447,150.063,89.938,45.750,1.875,-0.945,1.707,-11.195,-23.961,-7.406,0.176,0.246,1.123,1.316,0,NULL,NULL,,3,0,2,7,255,1263,250,0,0
stim,249853,279974,0,279974,3477284.455,-0.682,0.334,0.048,-0.650,0,0,24,0,0,0,0,331,45,1.061,1,2277,0,155.622,26.598,135.750,69.875,30.125,1.930,-1.055,1.617,-11.547,-23.961,-8.984,0.184,0.276,1.123,1.316,0,NULL,NULL,,3,0,2,7,255,1263,250,0,0
stim,249853,279974,0,279974,3477289.454,-0.680,0.339,0.046,-0.649,0,0,24,0,0,0,0,342,45,1.061,1,2277,0,136.242,26.879,126.125,49.688,13.625,2.090,-1.188,1.594,-12.180,-23.961,-10.625,0.204,0.304,1.123,1.316,0,NULL,NULL,,3,0,2,7,255,1263,250,0,0
stim,249886,280007,0,280007,3477294.455,-0.679,0.343,0.043,-0.648,0,0,27,0,0,0,0,349,45,1.061,1,2277,0,123.814,28.262,119.938,24.500,18.563,2.156,-1.203,1.613,-13.145,-25.020,-12.320,0.230,0.330,1.123,1.316,0,NULL,NULL,,3,0,2,7,255,1263,250,0,0
stim,249886,280007,0,280007,3477299.453,-0.678,0.346,0.039,-0.648,0,0,27,0,0,0,0,351,45,1.061,1,2277,0,119.270,28.685,115.875,-0.375,28.250,2.063,-1.074,1.738,-13.145,-25.496,-12.320,0.258,0.356,1.123,1.316,0,NULL,NULL,,3,0,2,7,255,1263,250,0,0
stim,249886,280007,0,280007,3477304.455,-0.677,0.349,0.035,-0.647,0,0,24,0,0,0,0,351,45,1.061,1,2277,0,108.215,28.534,102.313,-27.188,22.438,1.750,-0.805,1.930,-12.813,-25.496,-11.020,0.286,0.382,1.123,1.316,0,NULL,NULL,,3,0,2,7,255,1263,250,0,0
stim,249886,280007,0,280007,3477309.454,-0.676,0.350,0.031,-0.648,0,0,22,0,0,0,0,355,45,1.061,1,2277,0,92.742,26.670,77.188,-51.313,-3.188,1.605,-0.637,2.055,-11.672,-23.980,-7.063,0.300,0.400,1.123,1.316,0,NULL,NULL,,3,0,2,7,255,1263,250,0,0
stim,249886,280007,0,280007,3477314.455,-0.675,0.349,0.028,-0.650,0,0,22,0,0,0,0,347,45,1.061,1,2277,0,83.051,25.919,36.250,-74.313,-7.813,1.539,-0.535,2.156,-10.992,-23.473,-4.758,0.300,0.408,1.123,1.316,0,NULL,NULL,,3,0,2,7,255,1263,250,0,0
stim,249886,280007,0,280007,3477319.454,-0.675,0.346,0.026,-0.651,0,0,20,0,0,0,0,363,45,1.061,1,2277,0,94.494,25.740,-11.750,-92.125,-17.438,1.316,-0.418,2.148,-10.691,-23.414,-3.145,0.288,0.406,1.123,1.316,0,NULL,NULL,,3,0,2,7,255,1263,250,0,0
stim,249903,280024,0,280024,3477324.455,-0.676,0.341,0.024,-0.653,0,0,16,0,0,0,0,463,45,1.061,1,2277,0,122.309,23.984,-52.563,-110.188,-7.438,0.969,-0.668,2.348,-10.691,-21.469,-1.484,0.264,0.396,1.123,1.316,0,NULL,NULL,,3,0,2,7,255,1263,250,0,0
stim,249903,280024,0,280024,3477329.454,-0.681,0.343,0.006,-0.647,170,0,7,367,0,37,0,519,45,1.061,1,2277,0,459.348,23.498,253.125,-216.688,316.188,-0.500,-0.098,4.965,-13.520,-19.219,0.914,0.232,0.382,1.123,1.316,0,NULL,NULL,,3,0,2,7,255,1263,250,0,0
stim,249903,280024,0,280024,3477334.455,-0.697,0.331,0.003,-0.637,744,0,5,917,0,197,0,573,45,1.061,1,2277,0,507.788,23.281,-261.563,-156.188,406.250,-1.340,2.520,5.414,-13.520,-18.953,29.891,0.200,0.366,1.123,1.316,0,NULL,NULL,,3,0,2,7,255,1263,250,0,0
stim,249903,280024,0,280024,3477339.453,-0.712,0.305,0.019,-0.632,1142,0,0,1308,0,441,0,631,45,1.061,1,2277,0,795.967,13.580,-769.188,-98.000,179.750,-1.840,2.723,2.078,-0.945,-13.547,29.891,0.172,0.340,1.123,1.316,0,NULL,NULL,,3,0,2,7,255,1263,250,0,0
stim,249903,280024,0,280024,3477344.455,-0.722,0.279,0.037,-0.633,1553,0,0,1597,0,587,0,716,45,1.061,1,2278,0,756.079,16.043,-750.188,-93.125,-14.188,-1.703,1.816,-0.992,14.215,7.438,24.738,0.148,0.310,1.123,1.316,1,1319.000,56.000,,3,0,2,7,255,1263,250,0,0
stim,249903,280024,0,280024,3477349.454,-0.725,0.263,0.046,-0.635,1843,0,0,1767,0,803,0,789,45,1.061,1,2278,0,424.191,21.517,-406.938,-86.438,-82.875,-0.938,0.961,-1.707,14.215,16.152,-5.465,0.132,0.276,1.123,1.316,1,NULL,NULL,,3,0,2,7,255,1263,250,0,0
stim,249903,280024,0,280024,3477354.455,-0.724,0.257,0.046,-0.638,2031,0,0,1865,0,965,0,847,45,1.061,1,2278,0,160.019,19.606,-97.750,-110.938,-61.188,-0.004,0.266,-0.352,11.113,16.152,-12.066,0.126,0.240,1.123,1.316,1,NULL,NULL,,3,0,2,7,255,1263,250,0,0
stim,249903,280024,0,280024,3477359.454,-0.726,0.253,0.043,-0.638,2183,0,0,1939,0,1163,0,917,45,1.061,1,2278,0,121.863,3.580,-27.375,-112.313,38.563,0.219,0.402,1.160,3.191,1.621,-12.066,0.126,0.208,1.123,1.316,1,NULL,NULL,,3,0,2,7,255,1263,250,0,0
stim,249933,280054,0,280054,3477364.455,-0.731,0.246,0.042,-0.636,2322,0,0,2041,0,1253,0,957,45,1.061,1,2278,0,197.091,4.155,-121.938,-113.688,105.125,-0.219,1.242,1.379,3.191,-2.660,0.461,0.128,0.184,1.123,1.316,1,NULL,NULL,,3,0,2,7,255,1263,250,0,0
stim,249933,280054,0,280054,3477369.454,-0.735,0.237,0.043,-0.634,2503,0,0,2247,0,1363,0,992,45,1.061,1,2278,0,239.440,6.442,-201.375,-110.750,67.188,-0.781,1.055,1.234,5.867,-2.660,6.340,0.134,0.168,1.123,1.316,2,NULL,NULL,,3,0,2,7,255,1263,250,0,0
stim,249933,280054,0,280054,3477374.455,-0.737,0.226,0.047,-0.635,2660,0,0,2462,0,1375,0,1021,45,1.061,1,2278,0,269.355,6.626,-247.688,-104.813,-14.750,-1.012,0.000,0.895,5.867,3.078,6.340,0.138,0.156,1.123,1.316,2,NULL,NULL,,3,0,2,7,255,1263,250,0,0
stim,249933,280054,0,280054,3477379.453,-0.741,0.213,0.049,-0.635,2763,0,0,2617,0,1391,0,1117,45,1.061,1,2278,0,305.363,6.680,-266.250,-144.875,37.000,-1.328,-1.305,0.289,-3.609,5.621,1.617,0.142,0.148,1.123,1.316,2,NULL,NULL,,3,0,2,7,255,1263,250,0,0
stim,249933,280054,0,280054,3477384.455,-0.743,0.202,0.050,-0.636,2843,0,0,2727,0,1391,0,1229,45,1.061,1,2278,0,261.636,15.931,-214.125,-149.188,-18.625,-1.063,-1.223,-0.059,-13.578,8.332,-5.652,0.152,0.136,1.123,1.316,2,NULL,NULL,,3,0,2,7,255,1263,250,0,0
stim,249933,280054,0,280054,3477389.454,-0.743,0.195,0.047,-0.639,2903,0,0,2827,0,1373,0,1351,45,1.061,1,2278,0,186.080,15.931,-74.938,-158.688,-61.875,-0.453,-0.727,0.313,-13.578,8.332,-6.977,0.170,0.120,1.123,1.316,2,NULL,NULL,,3,0,2,7,255,1263,250,0,0
stim,249957,280078,0,280078,3477394.455,-0.741,0.191,0.043,-0.642,2941,0,0,2888,0,1385,0,1401,45,1.061,1,2278,0,162.364,8.530,0.438,-151.313,-58.875,0.102,-0.457,1.207,-8.250,2.168,-6.977,0.188,0.102,1.123,1.316,2,NULL,NULL,,3,0,2,7,255,1263,250,0,0
stim,249957,280078,0,280078,3477399.453,-0.741,0.186,0.040,-0.644,2971,0,0,2937,0,1388,0,1431,45,1.061,1,2278,0,142.005,9.616,-30.563,-134.188,-35.000,0.387,-0.605,1.820,-7.906,-5.473,-0.023,0.206,0.086,1.123,1.316,2,NULL,NULL,,3,0,2,7,255,1263,250,0,0
stim,249986,280107,0,280107,3477404.455,-0.743,0.179,0.039,-0.644,2999,0,0,2997,0,1421,0,1430,45,1.061,1,2278,0,168.123,12.553,-109.438,-126.750,14.938,0.520,-0.621,1.668,-7.531,-10.043,2.926,0.220,0.074,1.123,1.316,2,NULL,NULL,,3,0,2,7,255,1263,250,0,0
stim,249986,280107,0,280107,3477409.454,-0.746,0.171,0.039,-0.642,3029,0,0,3027,0,1477,0,1439,45,1.061,1,2278,0,216.167,12.553,-164.313,-117.313,77.250,0.328,-0.680,1.090,-7.531,-10.043,2.926,0.230,0.066,1.123,1.316,2,NULL,NULL,,3,0,2,7,255,1263,250,0,0
stim,249986,280107,0,280107,3477414.455,-0.751,0.163,0.039,-0.639,3035,0,0,3052,0,1558,0,1463,45,1.061,1,2278,0,223.487,10.384,-155.000,-113.250,114.438,-0.109,-0.738,0.629,-7.531,-7.148,-1.781,0.236,0.062,1.123,1.316,2,NULL,NULL,,3,0,2,7,255,1263,250,0,0
stim,249986,280107,0,280107,3477419.454,-0.755,0.156,0.037,-0.636,3047,0,0,3079,0,1657,0,1508,45,1.061,1,2278,0,187.719,7.665,-99.500,-114.938,110.125,-0.473,-0.555,0.559,-7.438,-1.852,-4.270,0.240,0.058,1.123,1.316,2,NULL,NULL,,3,0,2,7,255,1263,250,0,0
stim,249986,280107,0,280107,3477424.455,-0.757,0.152,0.034,-0.634,3063,0,0,3087,0,1774,0,1573,45,1.061,1,2278,0,143.018,7.177,-46.813,-115.063,70.875,-0.531,-0.156,0.883,-6.902,1.965,-4.270,0.248,0.052,1.123,1.316,2,NULL,NULL,,3,0,2,7,255,1263,250,0,0
stim,249986,280107,0,280107,3477429.453,-0.759,0.148,0.031,-0.634,3064,0,0,3096,0,1867,0,1625,45,1.061,1,2278,0,122.173,4.055,-39.000,-112.375,27.875,-0.398,0.211,1.238,-3.547,1.965,-0.496,0.254,0.046,1.123,1.316,2,NULL,NULL,,3,0,2,7,255,1263,250,0,0
stim,249986,280107,0,280107,3477434.455,-0.760,0.143,0.029,-0.634,3069,0,0,3115,0,1951,0,1673,45,1.061,1,2278,0,126.798,0.853,-66.250,-107.938,6.188,-0.148,0.320,1.289,-0.148,0.840,3.070,0.260,0.042,1.123,1.316,2,NULL,NULL,,3,0,2,7,255,1263,250,0,0
stim,249986,280107,0,280107,3477439.453,-0.761,0.136,0.028,-0.634,3087,0,0,3118,0,2057,0,1733,45,1.061,1,2278,0,141.062,1.340,-95.563,-103.438,8.188,-0.066,-0.020,1.160,-0.148,-1.332,3.070,0.264,0.038,1.123,1.316,2,NULL,NULL,,3,0,2,7,255,1263,250,0,0
stim,250010,280131,0,280131,3477444.455,-0.762,0.130,0.028,-0.634,3087,0,0,3125,0,2129,41,1824,45,1.061,1,2278,0,147.853,2.061,-105.313,-102.313,17.375,-0.125,-0.316,0.871,-1.531,-1.379,1.301,0.270,0.034,1.123,1.316,2,NULL,NULL,,3,0,2,7,255,1263,250,0,0
stim,250010,280131,0,280131,3477449.454,-0.763,0.125,0.027,-0.634,3095,0,0,3124,1,2211,111,1917,45,1.061,1,2278,0,127.841,4.375,-78.188,-100.313,12.938,-0.113,-0.352,0.734,-4.152,-1.379,-1.688,0.276,0.030,1.123,1.316,2,NULL,NULL,,3,0,2,7,255,1263,250,0,0
stim,250010,280131,0,280131,3477454.455,-0.763,0.121,0.025,-0.634,3090,0,0,3129,164,2269,174,2023,45,1.061,1,2278,0,90.287,4.375,-28.250,-85.750,-0.813,0.078,-0.223,1.320,-4.152,-1.379,-1.688,0.282,0.024,1.123,1.316,2,NULL,NULL,,3,0,2,7,255,1263,250,0,0
stim,250010,280131,0,280131,3477459.454,-0.763,0.119,0.023,-0.635,3091,0,0,3131,424,2309,150,2107,45,1.061,1,2278,0,53.511,5.028,-13.875,-46.188,-23.188,0.391,0.004,1.387,-3.180,-3.895,2.391,0.290,0.020,1.123,1.316,2,NULL,NULL,,3,0,2,7,255,1263,250,0,0
stim,250038,280159,0,280159,3477464.455,-0.763,0.118,0.022,-0.635,3095,0,0,3132,585,2331,160,2143,45,1.061,1,2278,0,45.148,6.063,-13.563,-42.438,7.313,0.512,0.625,1.094,-0.492,-6.043,2.391,0.296,0.014,1.123,1.316,2,NULL,NULL,,3,0,2,7,255,1263,250,0,0
stim,250038,280159,0,280159,3477469.453,-0.764,0.117,0.021,-0.634,3098,0,0,3132,752,2360,199,2215,45,1.061,1,2278,0,36.558,7.919,-0.250,-31.000,19.375,0.008,0.668,1.457,5.117,-6.043,2.730,0.302,0.010,1.123,1.316,2,NULL,NULL,,3,0,2,7,255,1263,250,0,0
stim,250038,280159,0,280159,3477474.455,-0.764,0.114,0.023,-0.635,3107,0,0,3136,887,2383,199,2255,45,1.061,1,2278,0,79.510,5.445,-74.375,-20.188,-19.563,-0.477,0.215,1.496,5.117,-1.859,4.926,0.306,0.006,1.123,1.316,2,NULL,NULL,,3,0,2,7,255,1263,250,0,0
stim,250038,280159,0,280159,3477479.454,-0.763,0.111,0.025,-0.637,3099,0,0,3143,987,2397,203,2285,45,1.061,1,2278,0,96.648,0.581,-84.500,-18.750,-43.000,-0.129,0.145,0.691,0.574,0.086,4.926,0.310,0.002,1.123,1.316,2,NULL,NULL,,3,0,2,7,255,1263,250,0,0
stim,250038,280159,0,280159,3477484.455,-0.761,0.109,0.025,-0.639,3096,0,0,3146,1123,2419,205,2339,45,1.061,1,2278,0,68.668,0.119,-32.250,-15.438,-58.625,-0.148,0.094,0.891,-0.082,0.086,-0.918,0.314,0.000,1.123,1.316,2,NULL,NULL,,3,0,2,7,255,1263,250,0,0
stim,250038,280159,0,280159,3477489.454,-0.760,0.108,0.025,-0.641,3107,1,0,3145,1179,2429,210,2357,45,1.061,1,2278,0,71.752,0.604,-16.813,-12.500,-68.625,0.004,0.191,1.168,0.574,-0.188,-0.918,0.000,0.000,1.123,1.316,2,NULL,NULL,,3,0,2,7,255,1263,250,0,0
stim,250085,280206,0,280206,3477494.455,-0.758,0.106,0.026,-0.643,3109,17,0,3150,1263,2447,235,2385,45,1.061,1,2278,0,69.041,2.215,-41.500,-9.000,-54.438,0.082,0.219,1.191,0.969,-1.992,1.590,0.000,0.000,1.123,1.316,2,NULL,NULL,,3,0,2,7,255,1263,250,0,0
stim,250085,280206,0,280206,3477499.454,-0.758,0.104,0.028,-0.644,3113,22,0,3161,1334,2469,240,2415,45,1.061,1,2278,0,74.471,2.215,-66.625,-5.125,-32.875,-0.012,0.016,1.020,0.969,-1.992,1.590,0.000,0.000,1.123,1.316,2,NULL,NULL,,3,0,2,7,255,1263,250,0,0
stim,250085,280206,0,280206,3477504.455,-0.757,0.101,0.030,-0.645,3101,53,0,3155,1401,2473,246,2431,45,1.061,1,2278,0,67.722,1.895,-60.188,-4.688,-30.688,-0.164,-0.063,0.824,-0.578,-1.805,-0.004,0.000,0.000,1.123,1.316,2,NULL,NULL,,3,0,2,7,255,1263,250,0,0
stim,250085,280206,0,280206,3477509.454,-0.756,0.100,0.030,-0.646,3115,59,0,3163,1485,2483,239,2455,45,1.061,1,2278,0,55.420,0.585,-29.500,-5.750,-46.563,-0.176,0.059,0.836,-0.578,-0.090,-1.426,0.000,0.000,1.123,1.316,2,NULL,NULL,,3,0,2,7,255,1263,250,0,0
stim,250085,280206,0,280206,3477514.455,-0.755,0.099,0.031,-0.648,3115,72,0,3161,1547,2503,237,2463,45,1.061,1,2278,0,56.613,0.251,-11.500,-4.500,-55.250,-0.051,0.113,1.023,-0.234,-0.090,-1.426,0.000,0.000,1.123,1.316,2,NULL,NULL,,3,0,2,7,255,1263,250,0,0
stim,250085,280206,0,280206,3477519.453,-0.753,0.098,0.031,-0.649,3111,78,0,3165,1582,2509,237,2487,45,1.061,1,2278,0,46.958,1.299,-19.875,-1.938,-42.500,0.027,0.035,1.105,-0.234,-1.277,0.211,0.000,0.000,1.123,1.316,2,NULL,NULL,,3,0,2,7,255,1263,250,0,0
stim,250085,280206,0,280206,3477524.455,-0.753,0.097,0.032,-0.650,3115,103,0,3173,1617,2523,231,2490,45,1.061,1,2278,0,38.906,1.422,-31.813,-1.000,-22.375,-0.051,0.012,1.027,-0.234,-1.402,0.211,0.000,0.000,1.123,1.316,2,NULL,NULL,,3,0,2,7,255,1263,250,0,0
stim,250085,280206,0,280206,3477529.453,-0.753,0.096,0.033,-0.651,3118,109,0,3177,1639,2527,199,2507,45,1.061,1,2278,0,33.742,1.461,-27.625,-0.063,-19.375,-0.172,0.035,0.938,-0.410,-1.402,0.188,0.000,0.000,1.123,1.316,2,NULL,NULL,,3,0,2,7,255,1263,250,0,0
stim,250085,280206,0,280206,3477534.455,-0.752,0.095,0.034,-0.652,3119,112,5,3171,1668,2541,185,2503,45,1.061,1,2278,0,33.179,0.414,-15.063,0.188,-29.563,-0.195,0.039,0.934,-0.410,-0.055,-0.453,0.000,0.000,1.123,1.316,2,NULL,NULL,,3,0,2,7,255,1263,250,0,0
stim,250085,280206,0,280206,3477539.454,-0.751,0.095,0.034,-0.653,3119,128,16,3171,1711,2541,175,2511,45,1.061,1,2278,0,36.078,0.414,-8.500,0.063,-35.063,-0.121,-0.004,0.996,-0.410,-0.055,-0.453,0.000,0.000,1.123,1.316,2,NULL,NULL,,3,0,2,7,255,1263,250,0,0
stim,250105,280226,0,280226,3477544.455,-0.750,0.094,0.034,-0.654,3117,147,27,3173,1739,2546,173,2516,45,1.061,1,2278,0,30.526,0.986,-9.500,0.750,-29.000,-0.094,-0.047,1.004,-0.703,-0.691,-0.016,0.000,0.000,1.123,1.316,2,NULL,NULL,,3,0,2,7,255,1263,250,0,0
stim,250105,280226,0,280226,3477549.454,-0.749,0.094,0.035,-0.654,3123,154,57,3179,1767,2547,169,2517,45,1.061,1,2278,0,23.439,1.366,-10.500,0.875,-20.938,-0.109,-0.082,0.977,-1.059,-0.863,-0.016,0.000,0.000,1.123,1.316,2,NULL,NULL,,3,0,2,7,255,1263,250,0,0
stim,250105,280226,0,280226,3477554.455,-0.749,0.093,0.035,-0.655,3119,155,85,3181,1787,2547,160,2519,45,1.015,1,2278,1,16.251,1.673,-8.250,0.188,-14.000,-0.133,-0.109,0.949,-1.434,-0.863,-0.277,0.000,0.000,1.104,1.314,2,NULL,NULL,,3,0,2,7,255,1263,250,0,0
stim,250105,280226,0,280226,3477559.454,-0.749,0.093,0.035,-0.655,3117,179,91,3177,1819,2555,165,2525,45,1.015,1,2278,1,10.995,1.724,-4.250,-0.563,-10.125,-0.168,-0.098,0.938,-1.605,-0.629,-0.512,0.004,0.004,1.104,1.314,2,NULL,NULL,,3,0,2,7,255,1263,250,0,0
stim,250128,280249,0,280249,3477564.455,-0.749,0.093,0.036,-0.656,3114,181,132,3176,1835,2567,167,2531,45,1.015,1,2278,1,8.929,1.628,-2.188,-1.938,-8.438,-0.191,-0.059,0.957,-1.605,-0.270,-0.512,0.008,0.006,1.104,1.314,2,NULL,NULL,,3,0,2,7,255,1263,250,0,0
stim,250128,280249,0,280249,3477569.454,-0.748,0.092,0.036,-0.656,3118,169,138,3175,1860,2553,159,2535,45,1.015,1,2278,1,8.329,1.294,-2.688,-3.375,-7.125,-0.164,-0.051,0.980,-1.266,-0.270,-0.316,0.010,0.010,1.104,1.314,2,NULL,NULL,,3,0,2,7,255,1263,250,0,0
stim,250128,280249,0,280249,3477574.455,-0.748,0.092,0.036,-0.656,3125,177,157,3183,1881,2571,163,2538,45,1.015,1,2278,1,6.539,1.211,-2.188,-4.000,-4.688,-0.152,-0.039,0.969,-1.176,-0.289,-0.234,0.014,0.012,1.104,1.314,2,NULL,NULL,,3,0,2,7,255,1263,250,0,0
stim,250128,280249,0,280249,3477579.454,-0.748,0.092,0.036,-0.656,3109,171,173,3167,1897,2571,157,2537,45,1.015,1,2278,1,5.071,1.056,0.063,-4.375,-2.563,-0.160,-0.020,0.961,-1.016,-0.289,-0.234,0.016,0.014,1.104,1.314,2,NULL,NULL,,3,0,2,7,255,1263,250,0,0
stim,250128,280249,0,280249,3477584.455,-0.748,0.092,0.035,-0.656,3113,171,185,3165,1903,2567,139,2543,45,1.015,1,2278,1,6.034,0.861,2.375,-4.625,-3.063,-0.168,0.004,0.977,-0.816,-0.273,-0.234,0.018,0.016,1.104,1.314,2,NULL,NULL,,3,0,2,7,255,1263,250,0,0
stim,250128,280249,0,280249,3477589.454,-0.748,0.092,0.035,-0.656,3119,169,186,3176,1917,2575,123,2549,45,1.015,1,2278,1,6.919,0.679,2.875,-5.313,-3.375,-0.141,0.020,0.996,-0.621,-0.273,-0.109,0.022,0.020,1.104,1.314,2,NULL,NULL,,3,0,2,7,255,1263,250,0,0
stim,250184,280305,0,280305,3477594.455,-0.748,0.092,0.035,-0.656,3119,167,203,3164,1930,2567,107,2543,45,1.015,1,2278,1,6.197,0.627,2.563,-5.625,-0.438,-0.125,0.035,1.004,-0.449,-0.438,0.051,0.024,0.022,1.104,1.314,2,NULL,NULL,,3,0,2,7,255,1263,250,0,0
stim,250184,280305,0,280305,3477599.453,-0.748,0.091,0.035,-0.656,3106,155,213,3156,1930,2567,85,2551,45,1.015,1,2278,1,6.897,0.514,3.313,-5.688,2.063,-0.148,0.066,1.004,-0.270,-0.438,0.078,0.026,0.024,1.104,1.314,2,NULL,NULL,,3,0,2,7,255,1263,250,0,0
stim,250184,280305,0,280305,3477604.455,-0.748,0.091,0.034,-0.656,3101,151,217,3151,1943,2568,85,2565,45,1.015,1,2278,1,6.703,0.325,3.813,-5.500,0.375,-0.180,0.086,1.008,-0.016,-0.324,0.164,0.028,0.026,1.104,1.314,2,NULL,NULL,,3,0,2,7,255,1263,250,0,0
stim,250184,280305,0,280305,3477609.454,-0.748,0.091,0.034,-0.656,3097,151,238,3145,1957,2571,79,2565,45,1.015,1,2278,1,7.937,0.149,4.375,-5.500,-3.688,-0.176,0.102,1.012,0.148,-0.012,0.254,0.030,0.026,1.104,1.314,2,NULL,NULL,,3,0,2,7,255,1263,250,0,0
stim,250184,280305,0,280305,3477614.456,-0.748,0.091,0.034,-0.657,3102,149,259,3143,1965,2557,75,2571,45,1.015,1,2278,1,7.873,0.266,3.313,-6.000,-3.875,-0.156,0.098,1.023,0.266,-0.012,0.301,0.030,0.028,1.104,1.314,2,NULL,NULL,,3,0,2,7,255,1263,250,0,0
stim,250184,280305,0,280305,3477619.454,-0.748,0.091,0.033,-0.657,3093,147,285,3127,1980,2567,75,2567,45,1.015,1,2278,1,7.396,0.277,1.625,-6.563,-3.000,-0.180,0.109,1.016,0.277,-0.004,0.324,0.030,0.028,1.104,1.314,2,NULL,NULL,,3,0,2,7,255,1263,250,0,0
stim,250203,280324,0,280324,3477624.455,-0.748,0.091,0.033,-0.657,3093,147,303,3130,1997,2557,75,2578,45,1.015,1,2278,1,9.358,0.352,2.313,-7.438,-5.188,-0.188,0.145,1.000,0.352,0.023,0.324,0.028,0.026,1.104,1.314,2,NULL,NULL,,3,0,2,7,255,1263,250,0,0
stim,250203,280324,0,280324,3477629.454,-0.747,0.091,0.033,-0.657,3078,141,312,3103,2012,2557,72,2575,45,1.015,1,2278,1,11.375,0.680,3.063,-8.375,-7.063,-0.180,0.160,1.020,0.672,0.105,0.324,0.026,0.024,1.104,1.314,2,NULL,NULL,,3,0,2,7,255,1263,250,0,0
stim,250203,280324,0,280324,3477634.455,-0.747,0.091,0.032,-0.657,3077,139,317,3113,2035,2567,71,2587,45,1.015,1,2278,1,12.148,0.850,1.563,-9.063,-7.938,-0.168,0.176,1.035,0.844,0.105,0.395,0.024,0.024,1.104,1.314,2,NULL,NULL,,3,0,2,7,255,1263,250,0,0
stim,250203,280324,0,280324,3477639.453,-0.747,0.091,0.032,-0.658,3056,145,345,3097,2067,2571,73,2592,45,1.015,1,2278,1,12.163,0.965,-0.938,-9.813,-7.125,-0.152,0.191,1.023,0.965,-0.012,0.434,0.020,0.022,1.104,1.314,2,NULL,NULL,,3,0,2,7,255,1263,250,0,0
stim,250203,280324,0,280324,3477644.454,-0.747,0.090,0.031,-0.658,3053,141,392,3083,2076,2568,75,2604,45,1.015,1,2278,1,11.724,1.067,-2.188,-10.188,-5.375,-0.148,0.180,1.023,1.059,-0.133,0.434,0.018,0.020,1.104,1.314,2,NULL,NULL,,3,0,2,7,255,1263,250,0,0
stim,250203,280324,0,280324,3477649.455,-0.747,0.090,0.031,-0.658,3043,147,413,3077,2107,2569,75,2612,45,1.015,1,2278,1,12.081,1.068,-3.813,-10.375,-4.875,-0.152,0.176,1.023,1.059,-0.141,0.426,0.014,0.020,1.104,1.314,2,NULL,NULL,,3,0,2,7,255,1263,250,0,0
stim,250203,280324,0,280324,3477654.455,-0.747,0.090,0.031,-0.658,3022,157,475,3055,2131,2569,77,2621,45,1.015,1,2278,1,12.742,1.008,-4.813,-10.438,-5.500,-0.148,0.172,1.016,0.996,-0.152,0.422,0.012,0.018,1.104,1.314,2,NULL,NULL,,3,0,2,7,255,1263,250,0,0
stim,250203,280324,0,280324,3477659.454,-0.747,0.089,0.030,-0.658,3013,159,539,3051,2172,2571,85,2635,45,1.015,1,2278,1,12.567,0.985,-5.375,-10.375,-4.625,-0.141,0.152,1.016,0.973,-0.152,0.309,0.012,0.018,1.104,1.314,2,NULL,NULL,,3,0,2,7,255,1263,250,0,0
stim,250226,280347,0,280347,3477664.455,-0.747,0.089,0.030,-0.659,3001,180,607,3039,2221,2581,105,2642,45,1.015,1,2278,1,12.783,0.825,-6.625,-10.438,-3.250,-0.145,0.148,1.016,0.805,-0.180,0.309,0.014,0.018,1.104,1.314,2,NULL,NULL,,3,0,2,7,255,1263,250,0,0
stim,250226,280347,0,280347,3477669.454,-0.747,0.088,0.030,-0.659,2987,189,667,3033,2253,2574,157,2659,45,1.015,1,2278,1,13.641,0.767,-8.000,-10.063,-4.563,-0.160,0.145,1.004,0.746,-0.180,0.305,0.014,0.016,1.104,1.314,2,NULL,NULL,,3,0,2,7,255,1263,250,0,0
stim,250226,280347,0,280347,3477674.455,-0.746,0.088,0.030,-0.659,2971,182,725,3019,2283,2573,188,2707,45,1.015,1,2278,1,15.101,0.696,-8.688,-10.000,-7.250,-0.168,0.117,0.992,0.695,-0.031,0.230,0.016,0.016,1.104,1.314,2,NULL,NULL,,3,0,2,7,255,1263,250,0,0
stim,250226,280347,0,280347,3477679.453,-0.746,0.087,0.030,-0.659,2957,187,765,3019,2323,2589,229,2682,45,1.015,1,2278,1,16.547,0.431,-8.875,-9.938,-9.813,-0.164,0.086,0.977,0.430,0.027,0.113,0.016,0.016,1.104,1.314,2,NULL,NULL,,3,0,2,7,255,1263,250,0,0
stim,250251,280372,1,280372,3477684.455,-0.746,0.087,0.030,-0.660,2949,220,828,3015,2351,2585,248,2683,45,1.015,1,2278,1,16.968,0.147,-8.688,-9.563,-11.000,-0.164,0.066,0.969,0.145,0.027,-0.063,0.016,0.016,1.104,1.314,2,NULL,NULL,,3,1,2,7,255,1263,250,0,0
stim,250251,280372,1,280372,3477689.454,-0.746,0.086,0.030,-0.660,2931,221,927,3001,2387,2583,297,2699,45,1.015,1,2278,1,18.494,0.039,-8.750,-10.375,-12.563,-0.184,0.031,0.965,-0.027,0.027,-0.152,0.018,0.016,1.104,1.314,2,NULL,NULL,,3,1,2,7,255,1263,250,0,0
stim,250251,280372,1,280372,3477694.455,-0.745,0.085,0.030,-0.661,2914,236,999,2979,2419,2585,314,2703,45,1.015,1,2278,1,20.975,0.439,-7.500,-10.938,-16.250,-0.191,0.008,0.953,-0.395,0.191,-0.203,0.020,0.018,1.104,1.314,2,NULL,NULL,,3,1,2,7,255,1263,250,0,0
stim,250251,280372,1,280372,3477699.453,-0.745,0.085,0.030,-0.661,2897,244,1097,2964,2451,2587,363,2713,45,1.015,1,2278,1,23.219,0.624,-5.688,-11.875,-19.125,-0.180,-0.004,0.953,-0.594,0.191,-0.305,0.022,0.018,1.104,1.314,2,NULL,NULL,,3,1,2,7,255,1263,250,0,0
stim,250286,280407,1,280407,3477704.455,-0.744,0.084,0.030,-0.662,2875,247,1189,2951,2479,2589,395,2727,45,1.015,1,2278,1,24.833,0.612,-4.750,-12.688,-20.813,-0.172,0.004,0.965,-0.594,0.148,-0.305,0.026,0.018,1.104,1.314,2,NULL,NULL,,3,1,2,7,255,1263,250,0,0
stim,250286,280407,1,280407,3477709.454,-0.744,0.084,0.029,-0.663,2857,261,1275,2935,2508,2591,439,2735,45,1.015,1,2278,1,26.216,0.594,-5.250,-13.563,-21.813,-0.160,0.020,0.973,-0.590,0.074,-0.234,0.030,0.018,1.104,1.314,2,NULL,NULL,,3,1,2,7,255,1263,250,0,0
stim,250286,280407,1,280407,3477714.455,-0.743,0.083,0.029,-0.664,2839,260,1332,2915,2533,2599,509,2747,45,1.015,1,2278,1,27.755,0.520,-6.563,-13.875,-23.125,-0.152,0.008,0.977,-0.520,-0.020,-0.156,0.032,0.020,1.104,1.314,2,NULL,NULL,,3,1,2,7,255,1263,250,0,0
stim,250286,280407,1,280407,3477719.453,-0.742,0.082,0.029,-0.664,2811,256,1429,2901,2554,2599,557,2763,45,1.015,1,2278,1,28.103,0.534,-8.000,-14.625,-22.625,-0.148,-0.023,0.969,-0.520,-0.125,-0.156,0.036,0.022,1.104,1.314,2,NULL,NULL,,3,1,2,7,255,1263,250,0,0
stim,250286,280407,1,280407,3477724.455,-0.742,0.081,0.029,-0.665,2793,255,1529,2879,2583,2602,638,2775,45,1.015,1,2278,1,28.718,0.816,-6.688,-15.188,-23.438,-0.137,-0.023,0.957,-0.801,-0.156,-0.219,0.038,0.024,1.104,1.314,2,NULL,NULL,,3,1,2,7,255,1263,250,0,0
stim,250286,280407,1,280407,3477729.453,-0.741,0.081,0.029,-0.666,2775,261,1605,2865,2601,2604,730,2783,45,1.015,1,2278,1,27.907,0.831,-3.813,-16.063,-22.500,-0.117,0.008,0.961,-0.801,-0.223,-0.332,0.038,0.026,1.104,1.314,2,NULL,NULL,,3,1,2,7,255,1263,250,0,0
stim,250286,280407,1,280407,3477734.455,-0.741,0.080,0.028,-0.667,2751,267,1661,2845,2621,2605,823,2791,45,1.015,1,2278,1,26.338,0.591,-1.625,-15.813,-21.000,-0.094,0.051,0.988,-0.453,-0.379,-0.332,0.038,0.026,1.104,1.314,2,NULL,NULL,,3,1,2,7,255,1263,250,0,0
stim,250286,280407,1,280407,3477739.453,-0.740,0.079,0.028,-0.667,2724,267,1733,2829,2645,2607,907,2805,45,1.015,1,2278,1,22.717,0.502,-4.000,-15.813,-15.813,-0.105,0.051,1.008,-0.039,-0.500,-0.086,0.038,0.026,1.104,1.314,2,NULL,NULL,,3,1,2,7,255,1263,250,0,0
stim,250308,280429,1,280429,3477744.455,-0.740,0.079,0.027,-0.668,2697,274,1800,2809,2661,2611,981,2813,45,1.015,1,2278,1,22.514,0.501,-5.688,-16.313,-14.438,-0.129,0.063,1.004,-0.023,-0.500,0.133,0.038,0.024,1.104,1.314,2,NULL,NULL,,3,1,2,7,255,1263,250,0,0
stim,250308,280429,1,280429,3477749.454,-0.739,0.078,0.027,-0.668,2659,269,1849,2791,2679,2611,1082,2824,45,1.015,1,2278,1,24.295,0.249,-7.375,-15.438,-17.250,-0.133,0.051,0.984,-0.039,-0.246,0.133,0.038,0.024,1.104,1.314,2,NULL,NULL,,3,1,2,7,255,1263,250,0,0
stim,250308,280429,1,280429,3477754.455,-0.739,0.077,0.027,-0.669,2629,277,1893,2773,2697,2613,1160,2835,45,1.015,1,2278,1,25.043,0.249,-4.063,-16.313,-18.563,-0.113,0.043,0.992,-0.039,-0.246,-0.027,0.040,0.024,1.104,1.314,2,NULL,NULL,,3,1,2,7,255,1263,250,0,0
stim,250308,280429,1,280429,3477759.454,-0.738,0.077,0.026,-0.669,2595,277,1939,2749,2713,2615,1244,2841,45,1.015,1,2278,1,23.619,0.350,-6.813,-15.125,-16.813,-0.098,0.055,0.996,-0.039,-0.348,-0.027,0.042,0.024,1.104,1.314,2,NULL,NULL,,3,1,2,7,255,1263,250,0,0
stim,250333,280455,1,280455,3477764.455,-0.738,0.076,0.026,-0.670,2565,277,1993,2717,2726,2617,1327,2851,45,1.015,1,2278,1,22.334,0.353,-5.188,-16.063,-14.625,-0.121,0.047,1.008,-0.059,-0.348,0.012,0.042,0.024,1.104,1.314,2,NULL,NULL,,3,1,2,7,255,1263,250,0,0
stim,250333,280455,1,280455,3477769.453,-0.738,0.075,0.026,-0.670,2519,287,2065,2699,2743,2617,1413,2857,45,1.015,1,2278,1,22.894,0.320,-9.813,-14.813,-14.438,-0.113,0.051,0.996,-0.004,-0.320,0.035,0.046,0.024,1.104,1.314,2,NULL,NULL,,3,1,2,7,255,1263,250,0,0
stim,250333,280455,1,280455,3477774.455,-0.737,0.074,0.026,-0.671,2477,303,2124,2676,2752,2620,1485,2867,45,1.015,1,2278,1,22.432,0.273,-7.688,-16.438,-13.188,-0.160,0.086,1.000,-0.004,-0.273,0.137,0.046,0.024,1.104,1.314,2,NULL,NULL,,3,1,2,7,255,1263,250,0,0
stim,250333,280455,1,280455,3477779.454,-0.737,0.074,0.025,-0.672,2440,302,2173,2650,2765,2619,1575,2877,45,1.015,1,2278,1,27.237,0.151,-9.188,-15.063,-20.750,-0.129,0.055,0.992,0.043,-0.145,0.035,0.048,0.024,1.104,1.314,2,NULL,NULL,,3,1,2,7,255,1263,250,0,0
stim,250334,280455,1,280455,3477784.455,-0.736,0.073,0.025,-0.672,2389,302,2221,2619,2782,2623,1651,2886,45,1.015,1,2278,1,22.997,0.151,-6.063,-16.625,-14.688,-0.074,0.008,0.965,0.043,-0.145,0.000,0.048,0.024,1.104,1.314,2,NULL,NULL,,3,1,2,7,255,1263,250,0,0
stim,250334,280455,1,280455,3477789.454,-0.736,0.072,0.025,-0.672,2332,300,2261,2586,2794,2623,1719,2891,45,1.015,1,2278,1,19.360,0.405,-2.063,-15.438,-11.500,-0.125,-0.016,0.977,-0.359,-0.188,-0.176,0.050,0.026,1.104,1.314,2,NULL,NULL,,3,1,2,7,255,1263,250,0,0
stim,250386,280507,1,280507,3477794.455,-0.736,0.072,0.024,-0.673,2279,302,2293,2548,2807,2628,1775,2898,45,1.015,1,2278,1,20.077,0.405,-1.688,-16.500,-11.313,-0.133,0.043,1.016,-0.359,-0.188,-0.176,0.050,0.026,1.104,1.314,2,NULL,NULL,,3,1,2,7,255,1263,250,0,0
stim,250386,280507,1,280507,3477799.454,-0.735,0.071,0.024,-0.673,2215,301,2335,2509,2822,2629,1856,2903,45,1.015,1,2278,1,22.479,0.144,-3.000,-16.750,-14.688,-0.145,0.055,1.012,-0.094,-0.109,0.227,0.050,0.026,1.104,1.314,2,NULL,NULL,,3,1,2,7,255,1263,250,0,0
stim,250386,280507,1,280507,3477804.455,-0.735,0.070,0.023,-0.674,2149,298,2365,2471,2837,2630,1918,2909,45,1.015,1,2278,1,25.118,0.144,-5.188,-16.250,-18.438,-0.117,0.027,1.012,-0.094,-0.109,0.227,0.052,0.028,1.104,1.314,2,NULL,NULL,,3,1,2,7,255,1263,250,0,0
stim,250386,280507,1,280507,3477809.454,-0.735,0.069,0.023,-0.675,2075,293,2399,2423,2847,2632,1974,2916,45,1.015,1,2278,1,25.070,0.307,-8.813,-16.313,-16.875,-0.094,0.016,1.016,-0.215,-0.219,0.188,0.054,0.028,1.104,1.314,2,NULL,NULL,,3,1,2,7,255,1263,250,0,0
stim,250386,280507,1,280507,3477814.455,-0.734,0.068,0.023,-0.675,1995,287,2421,2367,2855,2632,2031,2919,45,1.015,1,2278,1,25.256,0.364,-12.688,-16.813,-13.938,-0.117,0.016,1.020,-0.285,-0.227,0.188,0.054,0.030,1.104,1.314,2,NULL,NULL,,3,1,2,7,255,1263,250,0,0
stim,250386,280507,1,280507,3477819.454,-0.734,0.067,0.023,-0.676,1931,279,2444,2309,2862,2633,2085,2924,45,1.015,1,2278,1,27.872,0.389,-15.563,-16.813,-15.875,-0.129,0.012,1.027,-0.316,-0.227,0.230,0.056,0.030,1.104,1.314,2,NULL,NULL,,3,1,2,7,255,1263,250,0,0
stim,250386,280507,1,280507,3477824.455,-0.733,0.066,0.023,-0.676,1849,267,2475,2250,2875,2633,2135,2931,45,1.015,1,2278,1,32.058,0.368,-20.313,-17.063,-18.000,-0.129,0.004,1.035,-0.355,-0.094,0.332,0.056,0.030,1.104,1.314,2,NULL,NULL,,3,1,2,7,255,1263,250,0,0
stim,250386,280507,1,280507,3477829.454,-0.733,0.065,0.023,-0.677,1741,264,2495,2195,2887,2632,2173,2936,45,1.015,1,2278,1,34.316,0.368,-23.250,-17.500,-18.188,-0.109,0.043,1.004,-0.355,-0.094,0.332,0.058,0.032,1.104,1.314,2,NULL,NULL,,3,1,2,7,255,1263,250,0,0
stim,250386,280507,1,280507,3477834.455,-0.733,0.064,0.023,-0.677,1611,251,2517,2087,2898,2623,2217,2939,45,1.015,1,2278,1,31.142,0.180,-18.813,-18.313,-16.750,-0.102,0.055,0.957,0.012,-0.180,0.094,0.058,0.032,1.104,1.314,2,NULL,NULL,,3,1,2,7,255,1263,250,0,0
stim,250386,280507,1,280507,3477839.453,-0.732,0.063,0.023,-0.678,1485,237,2537,1964,2908,2630,2271,2950,45,1.015,1,2278,1,26.030,0.203,-10.813,-19.188,-13.875,-0.098,0.016,0.953,0.012,-0.203,-0.391,0.058,0.032,1.104,1.314,2,NULL,NULL,,3,1,2,7,255,1263,250,0,0
stim,250406,280527,1,280527,3477844.455,-0.732,0.062,0.023,-0.678,1351,233,2555,1863,2915,2630,2318,2955,45,1.015,1,2278,1,23.763,0.282,-6.938,-20.500,-9.813,-0.117,-0.016,1.016,-0.195,-0.203,-0.391,0.058,0.032,1.104,1.314,2,NULL,NULL,,3,1,2,7,255,1263,250,0,0
stim,250406,280527,1,280527,3477849.454,-0.732,0.061,0.022,-0.679,1231,195,2579,1733,2924,2628,2357,2959,45,1.015,1,2278,1,26.125,0.451,-11.563,-20.750,-10.875,-0.152,-0.004,1.063,-0.430,-0.137,0.215,0.058,0.032,1.104,1.314,2,NULL,NULL,,3,1,2,7,255,1263,250,0,0
stim,250406,280527,1,280527,3477854.455,-0.731,0.060,0.022,-0.679,1079,179,2596,1573,2934,2628,2393,2967,45,1.015,1,2278,1,30.502,0.459,-17.000,-21.063,-14.063,-0.141,0.039,1.043,-0.430,0.160,0.523,0.056,0.034,1.104,1.314,2,NULL,NULL,,3,1,2,7,255,1263,250,0,0
stim,250406,280527,1,280527,3477859.454,-0.731,0.058,0.022,-0.680,911,140,2613,1415,2941,2620,2427,2971,45,1.015,1,2278,1,35.094,0.184,-21.250,-21.563,-17.750,-0.141,0.047,1.035,0.000,0.184,0.523,0.056,0.034,1.104,1.314,2,NULL,NULL,,3,1,2,7,255,1263,250,0,0
stim,250428,280549,1,280549,3477864.455,-0.730,0.057,0.022,-0.680,746,87,2633,1245,2955,2618,2468,2975,45,1.015,1,2278,1,37.029,0.185,-21.813,-22.750,-19.438,-0.145,0.035,1.031,0.020,0.184,0.441,0.056,0.032,1.104,1.314,2,NULL,NULL,,3,1,2,7,255,1263,250,0,0
stim,250428,280549,1,280549,3477869.454,-0.730,0.056,0.022,-0.681,557,73,2651,1069,2966,2611,2505,2989,45,1.015,1,2278,1,39.405,0.268,-21.688,-24.063,-22.438,-0.148,0.059,1.039,0.098,0.250,0.441,0.056,0.032,1.104,1.314,2,NULL,NULL,,3,1,2,7,255,1263,250,0,0
stim,250428,280549,1,280549,3477874.455,-0.729,0.054,0.022,-0.682,392,20,2669,893,2973,2604,2535,2985,45,1.015,1,2278,1,41.619,0.387,-21.813,-25.250,-24.875,-0.145,0.063,1.043,0.266,0.281,0.484,0.056,0.032,1.104,1.314,2,NULL,NULL,,3,1,2,7,255,1263,250,0,0
stim,250428,280549,1,280549,3477879.453,-0.729,0.053,0.022,-0.683,243,0,2695,663,2983,2599,2575,2989,45,1.015,1,2278,1,44.591,0.387,-22.750,-25.938,-28.250,-0.137,0.039,1.059,0.266,0.281,0.512,0.056,0.032,1.104,1.314,2,NULL,NULL,,3,1,2,7,255,1263,250,0,0
stim,250451,280572,1,280572,3477884.455,-0.728,0.051,0.022,-0.684,137,0,2707,500,2988,2585,2601,2995,45,1.015,1,2278,1,47.243,0.238,-23.500,-27.375,-30.500,-0.109,0.016,1.051,0.102,0.215,0.531,0.054,0.032,1.104,1.314,2,NULL,NULL,,3,1,2,7,255,1263,250,0,0
stim,250451,280572,1,280572,3477889.453,-0.727,0.049,0.021,-0.685,60,0,2720,284,2997,2575,2627,2997,45,1.015,1,2278,1,47.084,0.117,-23.813,-28.313,-29.125,-0.086,0.031,1.051,0.102,-0.059,0.531,0.052,0.034,1.104,1.314,2,NULL,NULL,,3,1,2,7,255,1263,250,0,0
stim,250482,280603,1,280603,3477894.455,-0.726,0.048,0.021,-0.686,25,0,2735,119,3007,2553,2652,3001,45,1.015,1,2278,1,51.565,0.078,-26.313,-29.625,-33.000,-0.105,0.023,1.020,0.051,-0.059,0.527,0.050,0.036,1.104,1.314,2,NULL,NULL,,3,1,2,7,255,1263,250,0,0
stim,250482,280603,1,280603,3477899.454,-0.725,0.046,0.021,-0.687,4,0,2748,71,3015,2534,2669,3017,45,1.015,1,2278,1,48.446,0.051,-15.000,-34.188,-30.875,-0.121,0.020,1.008,0.051,-0.004,0.219,0.048,0.040,1.104,1.314,2,NULL,NULL,,3,1,2,7,255,1263,250,0,0
stim,250482,280603,1,280603,3477904.455,-0.724,0.045,0.020,-0.688,0,0,2757,0,3023,2519,2693,3015,45,1.015,1,2278,1,52.784,0.192,-12.063,-37.625,-35.000,-0.152,-0.016,1.039,0.016,0.191,0.219,0.046,0.044,1.104,1.314,2,NULL,NULL,,3,1,2,7,255,1263,250,0,0
stim,250482,280603,1,280603,3477909.454,-0.723,0.043,0.019,-0.689,0,0,2769,0,3034,2493,2711,3015,45,1.015,1,2278,0,53.546,0.571,-1.688,-41.125,-34.250,-0.254,-0.098,1.117,-0.320,0.473,0.465,0.042,0.050,1.104,1.314,3,NULL,NULL,,3,1,2,7,255,1263,250,0,0
stim,250482,280603,1,280603,3477914.455,-0.722,0.042,0.018,-0.690,0,0,2776,0,3037,2462,2730,3019,45,1.015,1,2278,0,59.107,1.842,6.188,-48.688,-32.938,-0.270,-0.098,1.207,-1.176,1.418,1.324,0.038,0.054,1.104,1.314,3,NULL,NULL,,3,1,2,7,255,1263,250,0,0
stim,250482,280603,1,280603,3477919.453,-0.721,0.040,0.016,-0.691,0,0,2781,0,3044,2430,2745,3019,45,1.015,1,2278,0,67.643,1.842,-0.813,-50.938,-44.500,-0.238,-0.055,1.176,-1.176,1.418,1.875,0.034,0.060,1.104,1.314,3,NULL,NULL,,3,1,2,7,255,1263,250,0,0
stim,250503,280624,1,280624,3477924.455,-0.720,0.039,0.014,-0.693,0,0,2787,0,3047,2406,2771,3021,45,1.015,1,2278,0,74.461,1.520,5.563,-56.063,-48.688,-0.191,-0.016,1.098,-0.738,1.328,1.875,0.032,0.066,1.104,1.314,3,NULL,NULL,,3,1,2,7,255,1263,250,0,0
stim,250503,280624,1,280624,3477929.454,-0.719,0.038,0.012,-0.694,0,0,2781,0,3049,2373,2783,3021,45,1.015,1,2278,0,77.024,1.041,24.250,-61.875,-38.938,-0.172,0.063,1.234,-0.316,0.992,1.875,0.030,0.072,1.104,1.314,3,NULL,NULL,,3,1,2,7,255,1263,250,0,0
stim,250503,280624,0,280624,3477934.455,-0.718,0.037,0.008,-0.695,0,0,2787,0,3059,2333,2799,3025,45,1.015,1,2278,0,86.820,0.882,47.250,-72.563,-6.313,-0.141,0.227,1.574,0.410,0.781,2.371,0.028,0.080,1.104,1.314,3,NULL,NULL,,3,0,2,7,255,1256,250,0,0
stim,250503,280624,0,280624,3477939.454,-0.719,0.035,0.006,-0.694,0,0,2787,0,3061,2283,2814,3027,45,1.015,1,2278,0,76.065,2.055,-4.625,-75.000,11.813,-0.152,0.277,1.504,1.938,0.684,5.020,0.028,0.086,1.104,1.314,3,NULL,NULL,,3,0,2,7,255,1256,250,0,0
stim,250503,280624,0,280624,3477944.456,-0.719,0.031,0.005,-0.694,0,0,2781,0,3067,2229,2830,3027,45,1.015,1,2278,0,85.742,2.055,-42.750,-74.313,-1.313,-0.184,0.055,1.176,1.938,0.684,5.020,0.030,0.094,1.104,1.314,3,NULL,NULL,,3,0,2,7,255,1256,250,0,0
stim,250503,280624,0,280624,3477949.454,-0.719,0.028,0.003,-0.694,0,0,2781,0,3083,2169,2843,3032,45,1.015,1,2278,0,85.868,1.227,-29.250,-80.688,2.688,-0.184,-0.070,1.023,0.324,1.184,1.805,0.034,0.100,1.104,1.314,3,NULL,NULL,,3,0,2,7,255,1256,250,0,0
stim,250503,280624,0,280624,3477954.455,-0.720,0.026,0.001,-0.694,0,0,2767,0,3077,2090,2858,3027,45,1.015,1,2278,0,86.766,1.522,-1.250,-86.563,5.813,-0.203,-0.121,0.988,-0.863,1.254,0.289,0.040,0.110,1.104,1.314,3,NULL,NULL,,3,0,2,7,255,1256,250,0,0
stim,250503,280624,0,280624,3477959.454,-0.720,0.023,-0.003,-0.694,0,0,2757,0,3080,1983,2869,3027,45,1.015,1,2278,0,92.926,1.683,17.563,-91.250,-0.563,-0.172,-0.094,1.086,-1.105,1.270,0.289,0.046,0.118,1.104,1.314,3,NULL,NULL,,3,0,2,7,255,1256,250,0,0
stim,250527,280648,0,280648,3477964.455,-0.720,0.021,-0.006,-0.694,0,0,2733,0,3089,1879,2877,3021,45,1.015,1,2278,0,95.462,1.683,11.625,-94.750,0.563,-0.094,-0.016,1.246,-1.105,1.270,0.852,0.052,0.126,1.104,1.314,3,NULL,NULL,,3,0,2,7,255,1256,250,0,0
stim,250527,280648,0,280648,3477969.454,-0.720,0.018,-0.009,-0.694,0,0,2723,0,3097,1781,2901,3025,45,1.015,1,2278,0,96.809,1.093,-2.313,-96.500,7.375,-0.129,0.020,1.215,-0.352,1.035,2.121,0.056,0.132,1.104,1.314,3,NULL,NULL,,3,0,2,7,255,1256,250,0,0
stim,250527,280648,0,280648,3477974.455,-0.720,0.015,-0.012,-0.693,0,0,2699,0,3091,1669,2900,3020,45,1.015,1,2278,0,101.246,1.049,-6.313,-100.625,9.250,-0.168,0.004,1.102,-0.172,1.035,2.121,0.062,0.140,1.104,1.314,3,NULL,NULL,,3,0,2,7,255,1256,250,0,0
stim,250527,280648,0,280648,3477979.454,-0.720,0.012,-0.015,-0.693,0,0,2675,0,3099,1525,2916,3020,45,1.015,1,2278,0,106.065,1.324,8.438,-105.625,4.688,-0.137,-0.012,1.047,-0.172,1.313,0.980,0.066,0.148,1.104,1.314,3,NULL,NULL,,3,0,2,7,255,1256,250,0,0
stim,250552,280673,0,280673,3477984.455,-0.721,0.009,-0.019,-0.693,0,0,2651,0,3100,1342,2925,3007,45,1.015,1,2278,0,111.411,1.353,15.250,-110.063,8.125,-0.086,-0.016,1.121,-0.328,1.313,0.980,0.070,0.154,1.104,1.314,3,NULL,NULL,,3,0,2,7,255,1256,250,0,0
stim,250552,280673,0,280673,3477989.453,-0.721,0.007,-0.023,-0.693,0,0,2613,0,3095,1127,2922,3023,45,1.015,1,2278,0,118.620,1.243,26.250,-115.375,8.375,-0.102,0.004,1.129,-0.328,1.199,1.148,0.076,0.162,1.104,1.314,3,NULL,NULL,,3,0,2,7,255,1256,250,0,0
stim,250552,280673,0,280673,3477994.455,-0.721,0.004,-0.027,-0.692,0,0,2591,0,3100,925,2927,3001,45,1.015,1,2278,0,120.199,1.039,21.188,-118.063,7.750,-0.066,0.090,1.242,-0.199,1.020,1.230,0.080,0.168,1.104,1.314,3,NULL,NULL,,3,0,2,7,255,1256,250,0,0
stim,250552,280673,0,280673,3477999.453,-0.722,0.001,-0.032,-0.692,0,0,2549,0,3110,745,2939,2996,45,1.015,1,2278,0,122.319,1.172,7.375,-121.313,13.813,-0.035,0.152,1.332,0.578,1.020,2.352,0.084,0.176,1.104,1.314,3,NULL,NULL,,3,0,2,7,255,1256,250,0,0
stim,250585,280706,0,280706,3478004.455,-0.722,-0.003,-0.035,-0.691,0,0,2501,0,3097,564,2935,2985,45,1.015,1,2278,0,127.390,1.565,-11.000,-124.813,23.000,-0.070,0.203,1.324,1.188,1.020,3.137,0.086,0.182,1.104,1.314,3,NULL,NULL,,3,0,2,7,255,1256,250,0,0
stim,250585,280706,0,280706,3478009.454,-0.723,-0.008,-0.039,-0.690,0,0,2447,0,3109,421,2950,2979,45,1.015,1,2278,0,131.131,2.179,-19.938,-128.188,19.125,-0.152,0.211,1.223,1.664,1.406,3.137,0.088,0.188,1.104,1.314,3,NULL,NULL,,3,0,2,7,255,1256,250,0,0
stim,250585,280706,0,280706,3478014.455,-0.723,-0.012,-0.042,-0.690,0,0,2397,0,3107,263,2955,2973,45,1.015,1,2278,0,133.731,2.884,-14.438,-132.875,4.438,-0.160,0.227,1.215,1.750,2.293,2.078,0.092,0.196,1.104,1.314,3,NULL,NULL,,3,0,2,7,255,1256,250,0,0
stim,250585,280706,0,280706,3478019.454,-0.722,-0.016,-0.047,-0.690,0,0,2343,0,3103,140,2957,2955,45,1.015,1,2278,0,139.229,3.070,-2.438,-138.875,-9.625,-0.176,0.215,1.246,1.781,2.500,2.078,0.096,0.204,1.104,1.314,3,NULL,NULL,,3,0,2,7,255,1256,250,0,0
stim,250585,280706,0,280706,3478024.455,-0.721,-0.020,-0.051,-0.690,0,0,2259,0,3097,77,2955,2930,45,1.015,1,2278,0,146.499,3.332,0.063,-144.875,-21.750,-0.164,0.176,1.332,1.781,2.816,2.230,0.102,0.214,1.104,1.314,3,NULL,NULL,,3,0,2,7,255,1256,250,0,0
stim,250585,280706,0,280706,3478029.453,-0.720,-0.025,-0.056,-0.691,0,0,2169,0,3091,31,2952,2904,45,1.015,1,2278,0,153.729,3.218,-6.000,-151.625,-24.625,-0.145,0.180,1.473,1.391,2.902,3.020,0.110,0.226,1.104,1.314,3,NULL,NULL,,3,0,2,7,255,1256,250,0,0
stim,250585,280706,0,280706,3478034.457,-0.720,-0.030,-0.060,-0.691,0,0,2078,0,3083,0,2951,2867,45,1.015,1,2278,0,163.015,3.355,-14.250,-161.625,-15.750,-0.148,0.172,1.629,1.379,3.059,4.387,0.120,0.240,1.104,1.314,3,NULL,NULL,,3,0,2,7,255,1256,250,0,0
stim,250585,280706,0,280706,3478039.453,-0.719,-0.036,-0.065,-0.691,0,0,1971,0,3087,0,2961,2841,45,1.015,1,2278,0,177.802,3.740,-32.563,-174.750,3.938,-0.176,0.184,1.691,1.379,3.477,5.848,0.132,0.254,1.104,1.314,3,NULL,NULL,,3,0,2,7,255,1256,250,0,0
stim,250608,280729,0,280729,3478044.455,-0.719,-0.043,-0.069,-0.690,0,0,1833,0,3079,2,2937,2789,45,1.015,1,2278,0,189.265,4.301,-43.063,-184.063,9.375,-0.297,0.230,1.734,1.434,4.055,6.359,0.146,0.272,1.104,1.314,3,NULL,NULL,,3,0,2,7,255,1256,250,0,0
stim,250608,280729,0,280729,3478049.454,-0.719,-0.050,-0.074,-0.689,0,0,1711,0,3061,0,2933,2744,45,1.015,1,2278,0,206.452,5.880,-52.563,-199.188,13.563,-0.332,0.234,1.801,1.895,5.566,6.512,0.166,0.292,1.104,1.314,3,NULL,NULL,,3,0,2,7,255,1256,250,0,0
stim,250608,280729,0,280729,3478054.455,-0.719,-0.059,-0.078,-0.688,0,0,1594,0,3051,5,2921,2687,45,1.015,1,2278,0,223.823,6.617,-63.625,-213.875,17.500,-0.355,0.266,1.773,1.996,6.309,6.570,0.188,0.318,1.104,1.314,3,NULL,NULL,,3,0,2,7,255,1256,250,0,0
stim,250608,280729,0,280729,3478059.455,-0.719,-0.068,-0.083,-0.687,0,0,1499,0,3043,43,2909,2645,45,1.015,1,2278,0,240.326,7.206,-72.750,-228.438,16.750,-0.414,0.270,1.738,2.348,6.813,6.570,0.216,0.346,1.104,1.314,3,NULL,NULL,,3,0,2,7,255,1256,250,0,0
stim,250634,280755,0,280755,3478064.455,-0.718,-0.078,-0.089,-0.686,0,0,1417,0,3016,56,2887,2586,45,1.015,1,2278,0,256.915,8.012,-69.563,-246.750,16.750,-0.445,0.262,1.816,2.461,7.625,6.430,0.246,0.376,1.104,1.314,3,NULL,NULL,,3,0,2,7,255,1256,250,0,0
stim,250634,280755,0,280755,3478069.453,-0.718,-0.088,-0.095,-0.684,0,0,1311,0,2999,64,2853,2477,45,1.015,1,2278,0,273.721,8.786,-71.375,-264.063,10.000,-0.469,0.254,1.910,2.465,8.434,6.430,0.278,0.410,1.104,1.314,3,NULL,NULL,,3,0,2,7,255,1256,250,0,0
stim,250634,280755,0,280755,3478074.455,-0.717,-0.098,-0.102,-0.683,0,0,1229,0,2981,67,2805,2366,45,1.015,1,2278,0,290.400,9.595,-70.000,-281.688,9.188,-0.480,0.309,2.113,2.465,9.273,7.066,0.312,0.446,1.104,1.314,3,NULL,NULL,,3,0,2,7,255,1256,250,0,0
stim,250634,280755,0,280755,3478079.453,-0.715,-0.110,-0.108,-0.682,0,0,1171,0,2940,61,2761,2268,45,1.015,1,2278,0,311.220,10.669,-79.563,-300.875,1.438,-0.547,0.234,2.227,2.520,10.367,8.645,0.352,0.486,1.104,1.314,3,NULL,NULL,,3,0,2,7,255,1256,250,0,0
stim,250634,280755,0,280755,3478084.455,-0.713,-0.122,-0.116,-0.680,0,0,1147,0,2908,62,2687,2155,45,1.015,1,2278,0,325.762,12.189,-73.313,-317.375,-4.375,-0.539,0.336,2.426,3.113,11.785,9.246,0.394,0.530,1.104,1.314,3,NULL,NULL,,3,0,2,7,255,1256,250,0,0
stim,250634,280755,0,280755,3478089.454,-0.711,-0.134,-0.124,-0.679,0,0,1079,0,2853,60,2590,2040,45,1.015,1,2278,0,348.988,13.438,-82.625,-339.063,-1.563,-0.660,0.344,2.523,3.688,12.922,10.719,0.442,0.578,1.104,1.314,3,NULL,NULL,,3,0,2,7,255,1256,250,0,0
stim,250685,280806,0,280806,3478094.455,-0.709,-0.148,-0.132,-0.677,0,0,1003,0,2793,43,2469,1927,45,1.015,1,2278,0,371.383,15.486,-99.813,-357.563,-10.563,-0.672,0.539,2.500,3.879,14.992,10.719,0.496,0.634,1.104,1.314,3,NULL,NULL,,3,0,2,7,255,1256,250,0,0
stim,250685,280806,0,280806,3478099.454,-0.706,-0.163,-0.140,-0.675,0,0,933,0,2735,8,2339,1817,45,1.015,1,2278,0,395.741,16.554,-122.000,-376.250,-12.750,-0.660,0.477,2.355,5.469,15.625,9.871,0.560,0.700,1.104,1.314,3,NULL,NULL,,3,0,2,7,255,1256,250,0,0
stim,250685,280806,0,280806,3478104.455,-0.702,-0.178,-0.149,-0.674,0,0,825,0,2643,0,2163,1715,45,1.015,1,2278,0,406.748,16.554,-125.125,-385.750,-31.375,-0.563,0.348,2.145,5.469,15.625,8.082,0.630,0.770,1.104,1.314,3,NULL,NULL,,3,0,2,7,255,1256,250,0,0
stim,250685,280806,0,280806,3478109.454,-0.698,-0.193,-0.158,-0.671,0,0,733,0,2529,0,1909,1575,45,1.015,1,2278,0,414.275,15.025,-109.313,-399.250,-16.563,-0.453,0.113,2.082,4.332,14.387,6.180,0.700,0.842,1.104,1.314,3,NULL,NULL,,3,0,2,7,255,1256,250,0,0
stim,250685,280806,0,280806,3478114.455,-0.694,-0.208,-0.168,-0.668,0,0,565,0,2408,0,1623,1447,45,1.015,1,2278,0,419.904,14.201,-83.813,-411.188,-14.813,-0.402,-0.043,2.129,2.238,14.023,6.063,0.772,0.914,1.104,1.314,3,NULL,NULL,,3,0,2,7,255,1256,250,0,0
stim,250685,280806,0,280806,3478119.453,-0.691,-0.222,-0.178,-0.664,0,0,377,0,2245,0,1255,1269,45,1.015,1,2278,0,432.368,13.699,-75.625,-425.688,3.563,-0.270,-0.234,2.098,0.867,13.672,6.063,0.842,0.986,1.104,1.314,3,NULL,NULL,,3,0,2,7,255,1256,250,0,0
stim,250685,280806,0,280806,3478124.455,-0.688,-0.237,-0.189,-0.660,0,0,262,0,2015,0,813,1097,45,1.015,1,2278,0,442.115,13.375,-66.500,-436.938,11.375,-0.191,-0.324,1.980,-0.859,13.348,6.063,0.910,1.056,1.104,1.314,3,NULL,NULL,,3,0,2,7,255,1256,250,0,0
stim,250685,280806,0,280806,3478129.453,-0.684,-0.253,-0.200,-0.654,0,0,213,0,1771,0,414,973,45,1.015,1,2278,0,448.723,12.685,-82.313,-440.125,29.438,-0.031,-0.191,1.578,-0.859,12.656,5.250,0.974,1.120,1.104,1.314,3,NULL,NULL,,3,0,2,7,255,1256,250,0,0
stim,250685,280806,0,280806,3478134.455,-0.681,-0.267,-0.210,-0.649,0,0,137,0,1444,0,183,807,45,1.015,1,2278,0,447.805,9.577,-64.875,-441.750,34.313,0.020,-0.129,1.230,-0.590,9.559,2.441,1.028,1.176,1.104,1.314,3,NULL,NULL,,3,0,2,7,255,1256,250,0,0
stim,250685,280806,0,280806,3478139.454,-0.679,-0.281,-0.222,-0.641,0,0,115,0,1069,0,0,631,45,1.015,1,2278,0,451.082,7.483,-19.125,-446.313,62.563,-0.020,-0.066,1.113,-0.207,7.480,-0.313,1.072,1.222,1.104,1.314,3,NULL,NULL,,3,0,2,7,255,1256,250,0,0
stim,250705,280826,0,280826,3478144.455,-0.677,-0.294,-0.235,-0.632,0,0,101,0,631,0,0,521,45,1.015,1,2278,0,457.993,7.484,19.313,-449.563,85.313,-0.156,0.113,1.309,0.238,7.480,-1.789,1.114,1.266,1.104,1.314,3,NULL,NULL,,3,0,2,7,255,1256,250,0,0
stim,250705,280826,0,280826,3478149.454,-0.676,-0.307,-0.247,-0.622,0,0,73,0,249,0,0,377,45,1.015,1,2278,0,475.283,10.090,38.875,-459.125,116.563,-0.438,0.109,1.531,1.703,9.945,-1.852,1.164,1.316,1.104,1.314,3,NULL,NULL,,3,0,2,7,255,1256,250,0,0
stim,250705,280826,0,280826,3478154.455,-0.676,-0.321,-0.260,-0.610,0,0,55,0,0,0,0,261,45,1.015,1,2278,0,506.644,13.863,30.625,-478.750,162.938,-0.707,0.109,1.520,1.703,13.758,-2.719,1.222,1.376,1.104,1.314,3,NULL,NULL,,3,0,2,7,255,1256,250,0,0
stim,250705,280826,0,280826,3478159.454,-0.676,-0.335,-0.272,-0.597,0,0,17,0,0,0,0,119,45,1.015,1,2278,0,527.281,15.591,18.625,-494.063,183.250,-0.863,0.211,1.336,1.605,15.508,-5.340,1.290,1.446,1.104,1.314,3,NULL,NULL,,3,0,2,7,255,1256,250,0,0
stim,250728,280849,0,280849,3478164.455,-0.675,-0.350,-0.283,-0.585,0,0,19,0,0,0,0,37,45,1.015,1,2278,0,507.953,15.591,-11.563,-483.125,156.438,-0.609,0.648,1.043,1.605,15.508,-8.438,1.370,1.526,1.104,1.314,4,NULL,NULL,,3,0,2,7,255,1256,250,0,0
stim,250728,280849,0,280849,3478169.454,-0.671,-0.364,-0.293,-0.575,0,0,21,0,0,0,0,7,45,1.015,1,2278,0,463.729,13.347,-50.688,-448.375,106.938,-0.063,1.055,0.773,5.852,11.996,-8.438,1.450,1.608,1.104,1.314,0,NULL,NULL,,3,0,2,7,255,1256,250,0,0
stim,250728,280849,0,280849,3478174.455,-0.668,-0.378,-0.301,-0.566,0,0,24,0,0,0,0,41,45,1.015,1,2278,0,422.716,12.568,-73.125,-403.750,101.625,0.258,1.121,0.766,10.406,7.047,-7.840,1.528,1.688,1.104,1.314,0,NULL,NULL,,3,0,2,7,255,1256,250,0,0
stim,250728,280849,0,280849,3478179.454,-0.665,-0.391,-0.306,-0.558,0,0,27,0,0,0,0,77,45,1.015,1,2278,0,381.387,12.568,-94.875,-349.875,118.500,0.199,0.664,0.934,10.406,7.047,-5.723,1.606,1.766,1.104,1.314,0,NULL,NULL,,3,0,2,7,255,1256,250,0,0
stim,250752,280873,0,280873,3478184.455,-0.663,-0.401,-0.310,-0.550,0,0,25,0,0,0,0,127,45,1.015,1,2278,0,317.490,10.145,-75.438,-282.563,123.563,-0.105,0.246,1.160,7.203,7.145,-5.723,1.680,1.840,1.104,1.314,0,NULL,NULL,,3,0,2,7,255,1256,250,0,0
stim,250752,280873,0,280873,3478189.453,-0.662,-0.410,-0.313,-0.544,0,0,25,0,0,0,0,167,45,1.015,1,2278,0,254.542,10.840,-68.875,-218.813,110.313,-0.438,0.102,1.500,2.738,10.488,-5.730,1.746,1.908,1.104,1.314,0,NULL,NULL,,3,0,2,7,255,1256,250,0,0
stim,250783,280904,0,280904,3478194.455,-0.659,-0.418,-0.313,-0.541,0,0,23,0,0,0,0,191,45,1.015,1,2278,0,199.620,15.038,-115.438,-150.875,61.313,-0.535,0.117,1.707,1.070,15.000,-6.941,1.810,1.974,1.104,1.314,0,NULL,NULL,,3,0,2,7,255,1256,250,0,0
stim,250783,280904,0,280904,3478199.453,-0.655,-0.426,-0.310,-0.541,0,0,23,0,0,0,0,202,45,1.015,1,2278,0,212.109,15.027,-194.750,-77.500,32.500,-0.363,0.031,1.410,0.906,15.000,-6.941,1.872,2.036,1.104,1.314,0,NULL,NULL,,3,0,2,7,255,1256,250,0,0
stim,250783,280904,0,280904,3478204.455,-0.652,-0.434,-0.303,-0.543,0,0,21,0,0,0,0,179,45,1.015,1,2278,0,258.078,13.951,-253.125,-4.438,50.125,-0.258,0.277,0.754,1.070,13.910,-7.102,1.932,2.098,1.104,1.314,0,NULL,NULL,,3,0,2,7,255,1256,250,0,0
stim,250783,280904,0,280904,3478209.454,-0.649,-0.440,-0.294,-0.546,0,0,25,0,0,0,0,163,45,1.015,1,2278,0,267.594,8.179,-253.000,63.813,59.375,-0.320,0.613,0.164,2.738,7.707,-9.484,1.990,2.158,1.104,1.314,0,NULL,NULL,,3,0,2,7,255,1256,250,0,0
stim,250803,280924,0,280924,3478214.455,-0.648,-0.443,-0.285,-0.550,0,0,25,0,0,0,0,123,45,1.015,1,2278,0,235.345,4.721,-198.813,117.313,45.813,-0.398,0.527,-0.086,3.867,2.707,-13.418,2.038,2.206,1.104,1.314,0,NULL,NULL,,3,0,2,7,255,1256,250,0,0
stim,250803,280924,0,280924,3478219.454,-0.648,-0.444,-0.277,-0.554,0,0,24,0,0,0,0,103,45,1.015,1,2278,0,213.028,4.317,-141.313,156.563,30.000,-0.395,0.211,0.027,3.867,1.918,-13.551,2.072,2.242,1.104,1.314,0,NULL,NULL,,3,0,2,7,255,1256,250,0,0
stim,250803,280924,0,280924,3478224.455,-0.648,-0.443,-0.269,-0.558,0,0,19,0,0,0,0,105,45,1.015,1,2278,0,223.757,2.176,-123.125,185.000,26.125,-0.320,0.031,0.172,1.027,1.918,-13.551,2.088,2.260,1.104,1.314,0,NULL,NULL,,3,0,2,7,255,1256,250,0,0
stim,250803,280924,0,280924,3478229.453,-0.649,-0.442,-0.259,-0.563,0,0,17,0,0,0,0,105,45,1.015,1,2278,0,241.619,2.112,-124.688,203.313,38.688,-0.258,0.016,0.105,-0.242,2.098,-11.766,2.086,2.258,1.104,1.314,0,NULL,NULL,,3,0,2,7,255,1256,250,0,0
stim,250803,280924,0,280924,3478234.455,-0.650,-0.440,-0.249,-0.567,0,0,17,0,0,0,0,102,45,1.015,1,2278,0,248.947,2.126,-113.125,214.125,57.688,-0.262,0.027,-0.078,-0.348,2.098,-11.766,2.078,2.250,1.104,1.314,0,NULL,NULL,,3,0,2,7,255,1256,250,0,0
stim,250803,280924,0,280924,3478239.453,-0.652,-0.438,-0.240,-0.570,0,0,17,0,0,0,0,101,45,1.015,1,2278,0,246.030,0.834,-83.125,221.563,67.313,-0.301,0.055,-0.211,-0.582,0.598,-12.391,2.066,2.240,1.104,1.314,0,NULL,NULL,,3,0,2,7,255,1256,250,0,0
stim,250803,280924,0,280924,3478244.455,-0.655,-0.434,-0.231,-0.573,0,0,10,0,0,0,0,95,45,1.015,1,2278,0,242.192,0.630,-46.750,227.438,68.875,-0.305,0.094,-0.238,-0.582,-0.242,-13.395,2.052,2.228,1.104,1.314,0,NULL,NULL,,3,0,2,7,255,1256,250,0,0
stim,250803,280924,0,280924,3478249.454,-0.659,-0.429,-0.222,-0.576,0,0,13,0,0,0,0,95,45,1.015,1,2278,0,243.921,0.500,-12.750,232.313,73.250,-0.285,0.145,-0.172,-0.438,-0.242,-13.395,2.038,2.214,1.104,1.314,0,NULL,NULL,,3,0,2,7,255,1256,250,0,0
stim,250803,280924,0,280924,3478254.455,-0.664,-0.424,-0.214,-0.578,0,0,8,0,0,0,0,89,45,1.015,1,2278,0,250.858,0.207,12.125,236.875,81.688,-0.305,0.191,-0.063,0.199,0.055,-13.352,2.024,2.204,1.104,1.314,0,NULL,NULL,,3,0,2,7,255,1256,250,0,0
stim,250803,280924,0,280924,3478259.454,-0.668,-0.417,-0.207,-0.580,0,0,7,0,0,0,0,88,45,1.015,1,2278,0,257.823,1.379,27.313,241.563,85.875,-0.363,0.219,0.047,0.824,1.105,-13.059,2.016,2.194,1.104,1.314,0,NULL,NULL,,3,0,2,7,255,1256,250,0,0
stim,250826,280947,0,280947,3478264.455,-0.673,-0.411,-0.199,-0.582,0,0,9,0,0,0,0,86,45,1.015,1,2278,0,261.554,2.588,38.125,244.875,83.625,-0.406,0.203,0.125,1.090,2.348,-12.980,2.010,2.192,1.104,1.314,0,NULL,NULL,,3,0,2,7,255,1256,250,0,0
stim,250826,280947,0,280947,3478269.453,-0.678,-0.403,-0.192,-0.584,0,0,5,0,0,0,0,83,45,1.015,1,2278,0,263.165,3.487,48.313,246.375,78.875,-0.426,0.152,0.207,1.090,3.313,-12.754,2.014,2.196,1.104,1.314,0,NULL,NULL,,3,0,2,7,255,1256,250,0,0
stim,250826,280947,0,280947,3478274.455,-0.683,-0.396,-0.185,-0.586,0,0,3,0,0,0,0,77,45,1.015,1,2278,0,264.487,4.181,56.813,247.875,72.688,-0.453,0.117,0.305,0.770,4.109,-12.168,2.026,2.210,1.104,1.314,0,NULL,NULL,,3,0,2,7,255,1256,250,0,0
stim,250826,280947,0,280947,3478279.453,-0.687,-0.388,-0.178,-0.588,0,0,3,0,0,0,0,72,45,1.015,1,2278,0,264.890,5.144,63.313,249.188,63.750,-0.523,0.121,0.438,0.770,5.086,-11.570,2.044,2.228,1.104,1.314,0,NULL,NULL,,3,0,2,7,255,1256,250,0,0
stim,250849,280970,0,280970,3478284.455,-0.691,-0.380,-0.171,-0.590,0,0,6,0,0,0,0,75,45,1.015,1,2278,0,263.189,6.609,64.125,250.188,50.625,-0.582,0.148,0.617,0.816,6.559,-11.145,2.066,2.252,1.104,1.314,0,NULL,NULL,,3,0,2,7,255,1256,250,0,0
stim,250849,280970,0,280970,3478289.454,-0.695,-0.372,-0.164,-0.593,0,0,7,0,0,0,0,73,45,1.015,1,2278,0,260.220,8.355,53.688,252.375,33.750,-0.590,0.188,0.766,1.348,8.246,-10.359,2.096,2.284,1.104,1.314,0,NULL,NULL,,3,0,2,7,255,1256,250,0,0
stim,250849,280970,0,280970,3478294.455,-0.697,-0.364,-0.157,-0.597,0,0,5,0,0,0,0,79,45,1.015,1,2278,0,259.663,9.567,35.313,256.625,17.938,-0.563,0.211,0.836,2.074,9.340,-9.348,2.136,2.324,1.104,1.314,0,NULL,NULL,,3,0,2,7,255,1256,250,0,0
stim,250849,280970,0,280970,3478299.454,-0.699,-0.357,-0.150,-0.601,0,0,5,0,0,0,0,93,45,1.015,1,2278,0,263.196,9.849,17.688,262.563,4.500,-0.551,0.215,0.840,2.570,9.508,-8.598,2.180,2.370,1.104,1.314,0,NULL,NULL,,3,0,2,7,255,1256,250,0,0
stim,250886,281007,0,281007,3478304.455,-0.700,-0.350,-0.142,-0.606,0,0,6,0,0,0,0,100,45,1.015,1,2278,0,270.373,9.850,4.625,270.125,-10.625,-0.551,0.199,0.820,2.574,9.508,-8.277,2.228,2.420,1.104,1.314,0,NULL,NULL,,3,0,2,7,255,1256,250,0,0
stim,250886,281007,0,281007,3478309.454,-0.701,-0.342,-0.134,-0.611,0,0,5,0,0,0,0,105,45,1.015,1,2278,0,281.069,9.666,-3.250,279.563,-28.875,-0.531,0.172,0.785,2.574,9.316,-8.164,2.280,2.472,1.104,1.314,0,NULL,NULL,,3,0,2,7,255,1256,250,0,0
stim,250886,281007,0,281007,3478314.455,-0.701,-0.334,-0.126,-0.617,0,0,9,0,0,0,0,110,45,1.015,1,2278,0,294.367,9.197,-6.188,290.625,-46.375,-0.484,0.148,0.754,2.383,8.883,-7.992,2.334,2.526,1.104,1.314,0,NULL,NULL,,3,0,2,7,255,1256,250,0,0
stim,250886,281007,0,281007,3478319.453,-0.701,-0.326,-0.117,-0.624,0,0,7,0,0,0,0,113,45,1.015,1,2278,0,308.951,8.535,-5.188,302.938,-60.438,-0.430,0.121,0.719,2.246,8.234,-7.664,2.386,2.580,1.104,1.314,0,NULL,NULL,,3,0,2,7,255,1256,250,0,0
stim,250886,281007,0,281007,3478324.455,-0.700,-0.317,-0.109,-0.631,0,0,11,0,0,0,0,113,45,1.015,1,2278,0,323.927,7.878,-0.188,315.938,-71.500,-0.391,0.129,0.688,2.246,7.551,-7.332,2.434,2.630,1.104,1.314,0,NULL,NULL,,3,0,2,7,255,1256,250,0,0
stim,250886,281007,0,281007,3478329.454,-0.699,-0.307,-0.101,-0.638,0,0,6,0,0,0,0,111,45,1.015,1,2278,0,339.270,7.317,8.688,328.688,-83.625,-0.273,0.172,0.648,2.277,6.953,-7.172,2.480,2.678,1.104,1.314,0,NULL,NULL,,3,0,2,7,255,1256,250,0,0
stim,250886,281007,0,281007,3478334.455,-0.698,-0.297,-0.092,-0.645,0,0,6,0,0,0,0,115,45,1.015,1,2278,0,355.021,6.219,20.625,341.625,-94.375,-0.043,0.121,0.551,2.508,5.691,-6.820,2.520,2.720,1.104,1.314,0,NULL,NULL,,3,0,2,7,255,1256,250,0,0
stim,250886,281007,0,281007,3478339.454,-0.697,-0.285,-0.084,-0.652,0,0,7,0,0,0,0,117,45,1.015,1,2278,0,360.507,4.025,45.188,348.313,-81.250,0.012,0.070,0.484,2.508,3.148,-6.113,2.554,2.754,1.104,1.314,0,NULL,NULL,,3,0,2,7,255,1256,250,0,0
stim,250910,281031,0,281031,3478344.455,-0.697,-0.273,-0.077,-0.659,0,0,4,0,0,0,0,119,45,1.015,1,2278,0,363.267,3.842,77.063,348.438,-67.938,-0.047,0.188,0.559,2.508,2.910,-6.098,2.584,2.784,1.104,1.314,0,NULL,NULL,,3,0,2,7,255,1256,250,0,0
stim,250910,281031,0,281031,3478349.454,-0.697,-0.259,-0.070,-0.665,0,0,3,0,0,0,0,121,45,1.015,1,2278,0,368.624,4.299,102.250,346.750,-72.063,-0.047,0.195,0.656,3.164,2.910,-6.051,2.608,2.810,1.104,1.314,0,NULL,NULL,,3,0,2,7,255,1256,250,0,0
stim,250910,281031,0,281031,3478354.455,-0.697,-0.245,-0.064,-0.671,0,0,3,0,0,0,0,132,45,1.015,1,2278,0,369.890,4.371,122.438,342.250,-68.500,0.043,0.141,0.754,3.262,2.910,-5.125,2.628,2.832,1.104,1.314,0,NULL,NULL,,3,0,2,7,255,1256,250,0,0
stim,250910,281031,0,281031,3478359.454,-0.697,-0.231,-0.059,-0.676,0,0,5,0,0,0,0,135,45,1.015,1,2278,0,368.524,4.387,137.375,337.500,-55.063,0.070,0.184,0.828,3.461,2.695,-3.645,2.644,2.848,1.104,1.314,0,NULL,NULL,,3,0,2,7,255,1256,250,0,0
stim,250933,281054,0,281054,3478364.455,-0.698,-0.217,-0.054,-0.680,0,0,0,0,0,0,0,135,45,1.015,1,2278,0,367.973,4.656,151.875,332.375,-43.188,0.035,0.273,0.898,3.797,2.695,-2.906,2.658,2.864,1.104,1.314,0,NULL,NULL,,3,0,2,7,255,1256,250,0,0
stim,250933,281054,0,281054,3478369.454,-0.699,-0.202,-0.049,-0.684,0,0,0,0,0,0,0,128,45,1.015,1,2278,0,370.123,5.503,167.188,327.938,-38.688,0.000,0.297,1.000,4.723,2.824,-2.523,2.672,2.878,1.104,1.314,0,NULL,NULL,,3,0,2,7,255,1256,250,0,0
stim,250933,281054,0,281054,3478374.455,-0.700,-0.186,-0.045,-0.688,0,0,0,0,0,0,0,131,45,1.015,1,2278,0,370.700,6.002,177.875,323.375,-34.750,-0.012,0.273,1.148,5.031,3.273,-1.629,2.686,2.894,1.104,1.314,0,NULL,NULL,,3,0,2,7,255,1256,250,0,0
stim,250933,281054,0,281054,3478379.454,-0.700,-0.171,-0.041,-0.692,0,0,0,0,0,0,0,135,45,1.015,1,2278,0,369.282,6.217,181.063,320.125,-33.250,-0.086,0.277,1.297,5.059,3.613,-0.094,2.704,2.912,1.104,1.314,0,NULL,NULL,,3,0,2,7,255,1256,250,0,0
stim,250933,281054,0,281054,3478384.455,-0.701,-0.156,-0.037,-0.695,0,0,0,0,0,0,0,132,45,1.015,1,2278,0,364.618,6.839,176.875,316.813,-35.938,-0.102,0.262,1.461,5.211,4.430,1.223,2.722,2.932,1.104,1.314,0,NULL,NULL,,3,0,2,7,255,1256,250,0,0
stim,250933,281054,0,281054,3478389.453,-0.701,-0.142,-0.033,-0.698,0,0,0,0,0,0,0,126,45,1.015,1,2278,0,357.703,7.025,167.063,314.188,-36.438,-0.113,0.277,1.598,5.211,4.711,2.902,2.742,2.952,1.104,1.314,0,NULL,NULL,,3,0,2,7,255,1256,250,0,0
stim,250985,281106,0,281106,3478394.455,-0.701,-0.127,-0.028,-0.701,0,0,0,0,0,0,0,133,45,1.015,1,2278,0,350.395,7.211,152.750,313.250,-36.313,-0.148,0.309,1.723,5.422,4.754,4.359,2.764,2.976,1.104,1.314,0,NULL,NULL,,3,0,2,7,255,1256,250,0,0
stim,250985,281106,0,281106,3478399.453,-0.700,-0.114,-0.023,-0.704,0,0,0,0,0,0,0,126,45,1.015,1,2278,0,343.058,7.471,130.813,314.063,-44.063,-0.164,0.320,1.773,5.750,4.770,5.578,2.790,3.004,1.104,1.314,0,NULL,NULL,,3,0,2,7,255,1256,250,0,0
stim,250985,281106,0,281106,3478404.455,-0.699,-0.101,-0.017,-0.708,0,0,0,0,0,0,0,125,45,1.015,1,2278,0,337.725,7.471,111.313,314.688,-51.375,-0.137,0.316,1.777,5.750,4.770,6.223,2.820,3.034,1.104,1.314,0,NULL,NULL,,3,0,2,7,255,1256,250,0,0
stim,250985,281106,0,281106,3478409.454,-0.698,-0.088,-0.011,-0.711,0,0,0,0,0,0,0,136,45,1.015,1,2278,0,334.225,6.875,97.438,315.188,-53.563,-0.109,0.289,1.762,5.578,4.020,6.508,2.850,3.066,1.104,1.314,0,NULL,NULL,,3,0,2,7,255,1256,250,0,0
stim,250985,281106,0,281106,3478414.455,-0.696,-0.076,-0.004,-0.714,0,0,4,0,0,0,0,147,45,1.015,1,2278,0,330.764,6.092,86.750,314.563,-54.125,-0.098,0.262,1.746,5.141,3.270,6.574,2.880,3.096,1.104,1.314,0,NULL,NULL,,3,0,2,7,255,1256,250,0,0
stim,250985,281106,0,281106,3478419.454,-0.694,-0.063,0.002,-0.717,0,0,4,0,0,0,0,147,45,1.015,1,2278,0,328.612,5.435,78.063,314.188,-56.375,-0.094,0.242,1.707,4.730,2.676,6.574,2.908,3.126,1.104,1.314,0,NULL,NULL,,3,0,2,7,255,1256,250,0,0
stim,250985,281106,0,281106,3478424.455,-0.692,-0.051,0.009,-0.720,0,0,5,0,0,0,0,151,45,1.015,1,2278,0,325.708,4.867,74.375,312.063,-56.313,-0.063,0.230,1.664,4.375,2.133,6.367,2.934,3.152,1.104,1.314,0,NULL,NULL,,3,0,2,7,255,1256,250,0,0
stim,250985,281106,0,281106,3478429.453,-0.690,-0.039,0.016,-0.722,0,0,9,0,0,0,0,151,45,1.015,1,2278,0,322.771,4.331,77.313,308.688,-54.000,-0.055,0.234,1.641,4.105,1.379,6.078,2.956,3.176,1.104,1.314,0,NULL,NULL,,3,0,2,7,255,1256,250,0,0
stim,251008,281129,0,281129,3478434.455,-0.688,-0.027,0.022,-0.724,0,0,9,0,0,0,0,150,45,1.015,1,2278,0,319.623,4.102,83.250,304.125,-52.313,-0.051,0.250,1.645,4.016,0.836,5.961,2.974,3.196,1.104,1.314,0,NULL,NULL,,3,0,2,7,255,1256,250,0,0
stim,251008,281129,0,281129,3478439.453,-0.686,-0.015,0.028,-0.727,0,0,11,0,0,0,0,149,45,1.015,1,2278,0,316.657,4.012,90.875,299.125,-50.375,-0.027,0.250,1.652,3.996,0.359,5.961,2.990,3.212,1.104,1.314,0,NULL,NULL,,3,0,2,7,255,1256,250,0,0
stim,251008,281129,0,281129,3478444.455,-0.684,-0.003,0.033,-0.729,0,0,16,0,0,0,0,147,45,1.015,1,2278,0,313.960,3.855,100.375,293.875,-46.188,-0.004,0.246,1.660,3.844,-0.289,6.105,3.002,3.224,1.104,1.314,0,NULL,NULL,,3,0,2,7,255,1256,250,0,0
stim,251008,281129,0,281129,3478449.454,-0.682,0.010,0.038,-0.730,0,0,21,0,0,0,0,147,45,1.015,1,2278,0,312.545,3.752,113.688,288.313,-40.438,0.016,0.254,1.688,3.629,-0.953,6.188,3.012,3.234,1.104,1.314,0,NULL,NULL,,3,0,2,7,255,1256,250,0,0
stim,251008,281129,0,281129,3478454.455,-0.680,0.023,0.042,-0.732,0,0,16,0,0,0,0,150,45,1.015,1,2278,0,313.266,3.829,129.563,283.000,-35.500,0.043,0.258,1.746,3.504,-1.543,6.453,3.020,3.244,1.104,1.314,0,NULL,NULL,,3,0,2,7,255,1256,250,0,0
stim,251008,281129,0,281129,3478459.454,-0.678,0.036,0.046,-0.733,0,0,17,0,0,0,0,151,45,1.015,1,2278,0,315.890,4.059,145.938,278.500,-30.438,0.102,0.238,1.820,3.352,-2.289,6.996,3.024,3.250,1.104,1.314,0,NULL,NULL,,3,0,2,7,255,1256,250,0,0
stim,251028,281149,0,281149,3478464.455,-0.676,0.049,0.049,-0.733,0,0,17,0,0,0,0,151,45,1.015,1,2278,0,319.192,4.391,160.188,275.188,-22.250,0.176,0.223,1.898,2.883,-3.313,7.656,3.028,3.254,1.104,1.314,0,NULL,NULL,,3,0,2,7,255,1256,250,0,0
stim,251028,281149,0,281149,3478469.453,-0.675,0.063,0.051,-0.734,0,0,21,0,0,0,0,149,45,1.015,1,2278,0,323.286,5.143,172.125,273.375,-12.375,0.273,0.246,1.945,2.410,-4.543,8.273,3.028,3.256,1.104,1.314,0,NULL,NULL,,3,0,2,7,255,1256,250,0,0
stim,251028,281149,0,281149,3478474.455,-0.673,0.077,0.053,-0.734,0,0,25,0,0,0,0,149,45,1.015,1,2278,0,330.425,6.422,186.688,272.625,-1.938,0.395,0.258,1.988,2.238,-6.020,8.531,3.024,3.254,1.104,1.314,0,NULL,NULL,,3,0,2,7,255,1256,250,0,0
stim,251028,281149,0,281149,3478479.453,-0.672,0.092,0.055,-0.733,0,0,22,0,0,0,0,155,45,1.015,1,2278,0,341.227,7.910,204.250,273.188,9.313,0.508,0.242,2.066,1.910,-7.676,8.605,3.018,3.248,1.104,1.314,0,NULL,NULL,,3,0,2,7,255,1256,250,0,0
stim,251051,281172,0,281172,3478484.455,-0.671,0.107,0.056,-0.732,0,0,21,0,0,0,0,154,45,1.015,1,2278,0,352.468,9.406,219.688,274.813,21.188,0.594,0.230,2.195,1.270,-9.320,8.992,3.006,3.238,1.104,1.314,0,NULL,NULL,,3,0,2,7,255,1256,250,0,0
stim,251051,281172,0,281172,3478489.454,-0.669,0.123,0.056,-0.730,0,0,23,0,0,0,0,151,45,1.015,1,2278,0,361.034,10.829,229.375,276.875,32.750,0.648,0.234,2.348,0.594,-10.813,9.813,2.988,3.220,1.104,1.314,0,NULL,NULL,,3,0,2,7,255,1256,250,0,0
stim,251088,281209,0,281209,3478494.455,-0.668,0.139,0.057,-0.728,0,0,21,0,0,0,0,151,45,1.015,1,2278,0,365.379,12.156,231.750,279.375,41.750,0.703,0.281,2.508,0.027,-12.156,10.898,2.966,3.198,1.104,1.314,0,NULL,NULL,,3,0,2,7,255,1256,250,0,0
stim,251088,281209,0,281209,3478499.454,-0.668,0.154,0.058,-0.726,0,0,23,0,0,0,0,149,45,1.015,1,2278,0,364.142,13.598,225.313,282.063,47.688,0.766,0.355,2.656,-0.117,-13.598,12.020,2.936,3.170,1.104,1.314,0,NULL,NULL,,3,0,2,7,255,1256,250,0,0
stim,251088,281209,0,281209,3478504.455,-0.667,0.169,0.059,-0.723,0,0,24,0,0,0,0,153,45,1.015,1,2278,0,355.909,15.176,207.438,284.563,51.625,0.855,0.426,2.754,-0.117,-15.176,12.938,2.900,3.134,1.104,1.314,0,NULL,NULL,,3,0,2,7,255,1256,250,0,0
stim,251088,281209,0,281209,3478509.454,-0.666,0.184,0.062,-0.720,0,0,27,0,0,0,0,155,45,1.015,1,2278,0,341.793,16.887,179.750,284.750,58.563,0.945,0.438,2.750,-0.117,-16.887,12.938,2.854,3.090,1.104,1.314,0,NULL,NULL,,3,0,2,7,255,1256,250,0,0
stim,251088,281209,0,281209,3478514.456,-0.666,0.197,0.064,-0.717,0,0,27,0,0,0,0,157,45,1.015,1,2278,0,327.842,18.250,154.625,280.500,69.938,1.035,0.418,2.680,-0.375,-18.246,12.570,2.804,3.040,1.104,1.314,0,NULL,NULL,,3,0,2,7,255,1256,250,0,0
stim,251088,281209,0,281209,3478519.453,-0.666,0.210,0.068,-0.712,0,0,24,0,0,0,0,165,45,1.015,1,2278,0,313.679,19.328,132.688,273.250,78.250,1.129,0.352,2.535,-0.785,-19.313,11.141,2.748,2.984,1.104,1.314,0,NULL,NULL,,3,0,2,7,255,1256,250,0,0
stim,251088,281209,0,281209,3478524.455,-0.667,0.222,0.071,-0.708,0,0,23,0,0,0,0,183,45,1.015,1,2278,0,299.675,20.044,116.063,262.500,86.188,1.238,0.223,2.324,-1.391,-19.996,8.961,2.688,2.924,1.104,1.314,0,NULL,NULL,,3,0,2,7,255,1256,250,0,0
stim,251088,281209,0,281209,3478529.454,-0.668,0.233,0.074,-0.703,0,0,25,0,0,0,0,205,45,1.015,1,2278,0,287.699,20.553,106.563,248.938,97.188,1.348,0.020,2.039,-2.418,-20.410,6.020,2.620,2.858,1.104,1.314,0,NULL,NULL,,3,0,2,7,255,1256,250,0,0
stim,251088,281209,0,281209,3478534.455,-0.669,0.244,0.077,-0.698,0,0,25,0,0,0,0,234,45,1.015,1,2278,0,279.975,20.774,108.938,232.625,111.375,1.406,-0.207,1.723,-3.871,-20.410,2.297,2.550,2.788,1.104,1.314,0,NULL,NULL,,3,0,2,7,255,1256,250,0,0
stim,251088,281209,0,281209,3478539.454,-0.670,0.254,0.078,-0.693,0,0,22,0,0,0,0,253,45,1.015,1,2278,0,277.244,20.361,124.000,213.938,125.375,1.422,-0.438,1.414,-5.398,-19.633,-1.551,2.476,2.714,1.104,1.314,0,NULL,NULL,,3,0,2,7,255,1256,250,0,0
stim,251088,281209,0,281209,3478544.455,-0.672,0.265,0.078,-0.687,0,0,22,0,0,0,0,267,45,1.015,1,2278,0,281.187,19.648,152.000,194.000,135.375,1.430,-0.652,1.180,-6.895,-18.398,-5.086,2.398,2.636,1.104,1.314,0,NULL,NULL,,3,0,2,7,255,1256,250,0,0
stim,251088,281209,0,281209,3478549.454,-0.673,0.277,0.076,-0.682,0,0,23,0,0,0,0,273,45,1.015,1,2278,0,294.283,19.248,191.563,174.688,139.250,1.449,-0.836,1.070,-8.348,-17.344,-7.953,2.316,2.554,1.104,1.314,0,NULL,NULL,,3,0,2,7,255,1256,250,0,0
stim,251118,281239,0,281239,3478554.455,-0.674,0.289,0.072,-0.677,0,0,25,0,0,0,0,273,45,1.015,1,2278,0,314.186,19.891,234.625,156.688,138.250,1.488,-0.934,1.141,-9.738,-17.344,-9.773,2.232,2.468,1.104,1.314,0,NULL,NULL,,3,0,2,7,255,1256,250,0,0
stim,251118,281239,0,281239,3478559.454,-0.673,0.301,0.067,-0.672,0,0,25,0,0,0,0,275,45,1.015,1,2278,0,328.691,20.637,265.813,140.625,132.688,1.559,-0.926,1.352,-10.762,-17.609,-9.773,2.142,2.380,1.104,1.314,0,NULL,NULL,,3,0,2,7,255,1256,250,0,0
stim,251118,281239,0,281239,3478564.455,-0.673,0.313,0.061,-0.667,0,0,26,0,0,0,0,295,45,1.015,1,2278,0,329.382,22.040,277.938,127.063,122.875,1.656,-0.793,1.570,-10.762,-19.234,-9.172,2.052,2.290,1.104,1.314,0,NULL,NULL,,3,0,2,7,255,1256,250,0,0
stim,251118,281239,0,281239,3478569.454,-0.672,0.325,0.055,-0.663,0,0,21,0,0,0,0,309,45,1.015,1,2278,0,302.465,24.021,258.938,111.500,109.563,1.887,-0.895,1.898,-11.164,-21.270,-8.000,1.958,2.196,1.104,1.314,0,NULL,NULL,,3,0,2,7,255,1256,250,0,0
stim,251142,281263,0,281263,3478574.456,-0.671,0.334,0.050,-0.660,0,0,22,0,0,0,0,333,45,1.015,1,2278,0,261.900,27.111,222.063,101.500,94.750,1.895,-1.020,1.785,-12.301,-24.160,-8.000,1.860,2.100,1.104,1.314,0,NULL,NULL,,3,0,2,7,255,1256,250,0,0
stim,251142,281263,0,281263,3478579.454,-0.670,0.343,0.046,-0.657,0,0,25,0,0,0,0,333,45,1.015,1,2278,0,229.305,28.024,204.125,82.375,64.250,2.117,-1.176,1.762,-13.094,-24.777,-9.156,1.760,2.000,1.104,1.314,0,NULL,NULL,,3,0,2,7,255,1256,250,0,0
stim,251142,281263,0,281263,3478584.455,-0.668,0.351,0.042,-0.655,0,0,21,0,0,0,0,345,45,1.015,1,2278,0,211.452,29.396,194.375,61.313,56.313,2.234,-1.281,1.770,-14.207,-25.734,-11.453,1.656,1.896,1.104,1.314,0,NULL,NULL,,3,0,2,7,255,1256,250,0,0
stim,251142,281263,0,281263,3478589.453,-0.666,0.357,0.037,-0.653,0,0,22,0,0,0,0,355,45,1.015,1,2278,0,199.179,30.462,191.063,35.250,43.875,2.129,-1.184,1.918,-14.980,-26.523,-11.453,1.544,1.786,1.104,1.314,0,NULL,NULL,,3,0,2,7,255,1256,250,0,0
stim,251142,281263,0,281263,3478594.455,-0.664,0.362,0.032,-0.653,0,0,26,0,0,0,0,360,45,1.015,1,2278,0,172.547,30.557,171.063,8.625,20.875,2.047,-0.887,2.234,-14.980,-26.633,-11.082,1.426,1.668,1.104,1.314,0,NULL,NULL,,3,0,2,7,255,1256,250,0,0
stim,251142,281263,0,281263,3478599.453,-0.662,0.366,0.027,-0.653,0,0,24,0,0,0,0,371,45,1.015,1,2278,0,128.975,29.943,127.125,-21.688,-1.875,1.742,-0.535,2.453,-13.844,-26.551,-7.418,1.304,1.544,1.104,1.314,0,NULL,NULL,,3,0,2,7,255,1256,250,0,0
stim,251186,281307,0,281307,3478604.456,-0.661,0.366,0.024,-0.655,0,0,21,0,0,0,0,367,45,1.015,1,2278,0,87.910,30.379,70.438,-49.625,-17.438,1.906,-0.496,2.598,-12.484,-27.695,-2.926,1.176,1.418,1.104,1.314,0,NULL,NULL,,3,0,2,7,255,1256,250,0,0
stim,251186,281307,0,281307,3478609.454,-0.661,0.364,0.022,-0.656,0,0,17,0,0,0,0,365,45,1.015,1,2278,0,73.915,29.247,9.500,-72.250,12.375,1.625,-0.469,2.375,-12.266,-26.551,-2.520,1.048,1.286,1.104,1.314,0,NULL,NULL,,3,0,2,7,255,1256,250,0,0
stim,251186,281307,0,281307,3478614.455,-0.662,0.360,0.020,-0.657,0,0,16,0,0,0,0,365,45,1.015,1,2278,0,108.242,27.714,-48.000,-97.000,-1.813,1.148,-0.184,2.367,-11.789,-25.082,-2.461,0.916,1.152,1.104,1.314,0,NULL,NULL,,3,0,2,7,255,1256,250,0,0
stim,251186,281307,0,281307,3478619.453,-0.663,0.353,0.021,-0.660,0,0,12,0,0,0,0,390,45,1.015,1,2278,0,171.622,23.441,-122.938,-113.500,-38.188,1.027,-0.039,2.203,-9.871,-21.262,1.254,0.786,1.018,1.104,1.314,0,NULL,NULL,,3,0,2,7,255,1256,250,0,0
stim,251186,281307,0,281307,3478624.455,-0.664,0.346,0.021,-0.662,0,0,11,0,0,0,0,473,45,1.015,1,2278,0,188.283,21.825,-123.688,-138.375,-31.688,0.609,-0.586,2.391,-9.871,-19.465,1.512,0.660,0.886,1.104,1.314,0,NULL,NULL,,3,0,2,7,255,1256,250,0,0
stim,251186,281307,0,281307,3478629.453,-0.672,0.342,0.007,-0.656,251,0,2,461,0,56,0,499,45,1.015,1,2278,0,404.143,21.592,92.875,-229.750,319.250,-0.570,0.566,4.500,-13.996,-16.441,3.031,0.540,0.758,1.104,1.314,0,NULL,NULL,,3,0,2,7,255,1256,250,0,0
stim,251186,281307,0,281307,3478634.455,-0.692,0.324,0.009,-0.645,859,0,0,1063,0,231,0,551,45,1.015,1,2278,0,661.422,21.376,-469.313,-164.875,435.938,-1.441,2.813,3.852,-13.996,-16.156,29.484,0.430,0.632,1.104,1.314,0,NULL,NULL,,3,0,2,7,255,1256,250,0,0
stim,251186,281307,0,281307,3478639.454,-0.706,0.298,0.025,-0.642,1303,0,0,1453,0,474,0,611,45,1.015,1,2278,0,782.565,10.176,-759.000,-127.063,142.063,-1.969,2.332,0.789,8.398,-5.746,29.484,0.338,0.514,1.104,1.314,0,NULL,NULL,,3,0,2,7,255,1256,250,0,0
stim,251208,281329,0,281329,3478644.455,-0.713,0.277,0.037,-0.643,1690,0,0,1705,0,613,0,680,45,1.015,1,2279,0,570.204,18.159,-557.750,-118.375,-5.938,-1.980,1.297,-1.125,11.621,13.953,12.980,0.278,0.402,1.104,1.314,1,1305.000,49.000,,3,0,2,7,255,1256,250,0,0
stim,251208,281329,0,281329,3478649.454,-0.714,0.265,0.042,-0.647,1965,0,0,1843,0,827,0,797,45,1.015,1,2279,0,322.999,18.159,-278.625,-107.625,-122.938,-0.699,0.855,-0.852,11.621,13.953,-7.219,0.252,0.310,1.104,1.314,1,NULL,NULL,,3,0,2,7,255,1256,250,0,0
stim,251208,281329,0,281329,3478654.455,-0.712,0.259,0.042,-0.651,2143,0,0,1927,0,998,0,851,45,1.015,1,2279,0,167.356,13.402,-79.688,-115.313,-91.438,0.387,0.625,0.680,8.918,10.004,-7.219,0.268,0.252,1.104,1.314,1,NULL,NULL,,3,0,2,7,255,1256,250,0,0
stim,251208,281329,0,281329,3478659.455,-0.716,0.251,0.042,-0.650,2299,0,0,2043,0,1197,0,905,45,1.015,1,2279,0,195.503,10.062,-149.625,-116.625,47.250,0.480,1.141,1.438,8.004,-6.098,-3.766,0.290,0.258,1.104,1.314,1,NULL,NULL,,3,0,2,7,255,1256,250,0,0
stim,251237,281358,0,281358,3478664.455,-0.721,0.241,0.044,-0.648,2425,0,0,2117,0,1330,0,983,45,1.015,1,2279,0,287.907,10.062,-240.750,-122.188,100.000,-0.277,1.355,1.012,8.004,-6.098,3.504,0.304,0.286,1.104,1.314,1,NULL,NULL,,3,0,2,7,255,1256,250,0,0
stim,251237,281358,0,281358,3478669.453,-0.725,0.230,0.047,-0.647,2587,0,0,2321,0,1461,0,1008,45,1.015,1,2279,0,269.659,8.045,-237.688,-120.125,42.313,-0.789,0.582,0.578,8.004,-0.816,3.504,0.316,0.318,1.104,1.314,1,NULL,NULL,,3,0,2,7,255,1256,250,0,0
stim,251237,281358,0,281358,3478674.455,-0.727,0.220,0.048,-0.649,2741,0,0,2526,0,1497,0,1059,45,1.015,1,2279,0,230.218,5.401,-196.438,-118.500,-19.250,-0.734,-0.176,0.543,3.078,4.438,-0.508,0.330,0.350,1.104,1.314,2,NULL,NULL,,3,0,2,7,255,1256,250,0,0
stim,251237,281358,0,281358,3478679.454,-0.731,0.210,0.048,-0.647,2845,0,0,2686,0,1513,0,1161,45,1.015,1,2279,0,259.831,6.482,-193.375,-157.563,72.750,-1.230,-1.344,0.512,-3.855,5.211,-2.824,0.350,0.376,1.104,1.314,2,NULL,NULL,,3,0,2,7,255,1256,250,0,0
stim,251237,281358,0,281358,3478684.455,-0.734,0.199,0.048,-0.647,2915,0,0,2791,0,1551,0,1295,45,1.015,1,2279,0,249.609,16.124,-191.250,-158.875,22.063,-1.184,-1.191,0.500,-14.055,7.902,-3.816,0.368,0.402,1.104,1.314,2,NULL,NULL,,3,0,2,7,255,1256,250,0,0
stim,251237,281358,0,281358,3478689.454,-0.734,0.191,0.046,-0.650,2971,0,0,2884,0,1550,0,1381,45,1.015,1,2279,0,199.989,16.124,-104.688,-162.938,-49.875,-0.602,-0.703,0.398,-14.055,7.902,-3.941,0.378,0.420,1.104,1.314,2,NULL,NULL,,3,0,2,7,255,1256,250,0,0
stim,251287,281408,0,281408,3478694.455,-0.733,0.186,0.042,-0.653,3003,0,0,2943,0,1560,0,1435,45,1.015,1,2279,0,168.370,9.010,-19.500,-160.750,-46.125,0.148,-0.461,0.902,-8.309,3.484,-3.816,0.372,0.428,1.104,1.314,2,NULL,NULL,,3,0,2,7,255,1256,250,0,0
stim,251287,281408,0,281408,3478699.453,-0.734,0.181,0.038,-0.654,3026,0,0,2987,0,1573,0,1459,45,1.015,1,2279,0,144.918,9.561,-7.563,-144.375,-10.000,0.445,-0.895,1.707,-8.309,-4.730,-2.852,0.342,0.418,1.104,1.314,2,NULL,NULL,,3,0,2,7,255,1256,250,0,0
stim,251287,281408,0,281408,3478704.455,-0.736,0.175,0.036,-0.653,3053,0,0,3029,0,1609,0,1439,45,1.015,1,2279,0,172.520,14.724,-92.250,-138.625,45.125,0.543,-0.973,1.848,-10.586,-10.234,2.945,0.302,0.400,1.104,1.314,2,NULL,NULL,,3,0,2,7,255,1256,250,0,0
stim,251287,281408,0,281408,3478709.454,-0.741,0.166,0.036,-0.650,3067,0,0,3060,0,1689,0,1448,45,1.015,1,2279,0,243.943,14.724,-173.500,-129.313,112.625,0.336,-0.746,1.254,-10.586,-10.234,2.945,0.264,0.378,1.104,1.314,2,NULL,NULL,,3,0,2,7,255,1256,250,0,0
stim,251287,281408,0,281408,3478714.455,-0.746,0.157,0.036,-0.646,3068,0,0,3081,0,1783,0,1469,45,1.015,1,2279,0,259.994,11.257,-175.438,-124.875,145.688,-0.156,-0.609,0.719,-8.363,-7.535,-0.281,0.228,0.348,1.104,1.314,2,NULL,NULL,,3,0,2,7,255,1256,250,0,0
stim,251287,281408,0,281408,3478719.454,-0.751,0.150,0.034,-0.642,3087,0,0,3099,0,1877,0,1516,45,1.015,1,2279,0,211.844,7.154,-119.938,-122.125,124.813,-0.477,-0.484,0.625,-7.035,-1.297,-3.527,0.198,0.308,1.104,1.314,2,NULL,NULL,,3,0,2,7,255,1256,250,0,0
stim,251287,281408,0,281408,3478724.456,-0.754,0.144,0.032,-0.640,3091,0,0,3119,0,1960,9,1579,45,1.015,1,2279,0,160.145,6.504,-66.625,-120.813,81.313,-0.434,-0.063,0.820,-6.234,1.852,-3.527,0.182,0.264,1.104,1.314,2,NULL,NULL,,3,0,2,7,255,1256,250,0,0
stim,251287,281408,0,281408,3478729.454,-0.756,0.140,0.029,-0.639,3094,0,0,3133,0,2063,46,1657,45,1.015,1,2279,0,129.506,2.953,-42.188,-116.375,38.063,-0.277,0.348,1.207,-2.301,1.852,-1.180,0.174,0.222,1.104,1.314,2,NULL,NULL,,3,0,2,7,255,1256,250,0,0
stim,251306,281427,0,281427,3478734.455,-0.756,0.135,0.027,-0.639,3103,0,0,3131,0,2123,55,1707,45,1.015,1,2279,0,130.753,1.094,-72.500,-108.375,9.750,-0.141,0.293,1.426,1.082,0.164,2.691,0.170,0.188,1.104,1.314,2,NULL,NULL,,3,0,2,7,255,1256,250,0,0
stim,251306,281427,0,281427,3478739.453,-0.758,0.128,0.027,-0.639,3100,0,0,3141,0,2219,123,1865,45,1.015,1,2279,0,149.635,1.901,-110.563,-100.375,9.563,-0.012,-0.035,1.191,1.082,-1.563,2.691,0.166,0.162,1.104,1.314,2,NULL,NULL,,3,0,2,7,255,1256,250,0,0
stim,251306,281427,0,281427,3478744.455,-0.759,0.122,0.027,-0.639,3103,0,0,3149,72,2267,238,1989,45,1.015,1,2279,0,140.465,3.044,-106.438,-90.688,13.313,-0.020,-0.258,1.125,-1.547,-2.621,1.488,0.166,0.150,1.104,1.314,2,NULL,NULL,,3,0,2,7,255,1256,250,0,0
stim,251306,281427,0,281427,3478749.454,-0.759,0.119,0.026,-0.640,3104,0,0,3147,343,2309,222,2085,45,1.015,1,2279,0,77.811,3.642,-52.000,-53.438,-22.250,0.172,-0.172,1.301,-2.492,-2.656,1.488,0.168,0.142,1.104,1.314,2,NULL,NULL,,3,0,2,7,255,1256,250,0,0
stim,251306,281427,0,281427,3478754.455,-0.758,0.117,0.026,-0.641,3109,0,0,3158,579,2335,237,2141,45,1.015,1,2279,0,55.703,5.250,-34.063,-41.375,-15.188,0.449,0.258,0.977,-2.492,-4.621,0.656,0.174,0.136,1.104,1.314,2,NULL,NULL,,3,0,2,7,255,1256,250,0,0
stim,251306,281427,0,281427,3478759.454,-0.758,0.116,0.025,-0.641,3114,0,0,3163,717,2365,260,2199,45,1.015,1,2279,0,34.743,5.214,0.750,-34.688,1.813,0.230,0.590,1.281,2.414,-4.621,2.102,0.180,0.130,1.104,1.314,2,NULL,NULL,,3,0,2,7,255,1256,250,0,0
stim,251337,281458,0,281458,3478764.455,-0.758,0.113,0.026,-0.642,3107,0,0,3155,861,2391,261,2247,45,1.015,1,2279,0,65.765,4.556,-59.188,-22.313,-18.000,-0.398,0.168,1.684,2.414,-3.863,2.672,0.188,0.126,1.104,1.314,2,NULL,NULL,,3,0,2,7,255,1256,250,0,0
stim,251337,281458,0,281458,3478769.454,-0.758,0.109,0.028,-0.643,3114,0,0,3160,1017,2407,266,2293,45,1.015,1,2279,0,111.822,0.764,-104.000,-18.500,-36.688,-0.078,0.059,0.777,-0.164,-0.746,2.672,0.202,0.118,1.104,1.314,2,NULL,NULL,,3,0,2,7,255,1256,250,0,0
stim,251337,281458,0,281458,3478774.455,-0.757,0.106,0.029,-0.644,3107,9,0,3157,1123,2423,271,2333,45,1.015,1,2279,0,71.061,0.468,-55.625,-16.875,-40.875,-0.184,-0.008,0.758,-0.418,0.211,-2.164,0.220,0.108,1.104,1.314,2,NULL,NULL,,3,0,2,7,255,1256,250,0,0
stim,251337,281458,0,281458,3478779.453,-0.755,0.105,0.030,-0.646,3107,23,0,3159,1224,2442,282,2364,45,1.015,1,2279,0,67.642,0.975,-21.625,-16.000,-62.063,-0.145,0.016,1.031,-0.762,-0.609,-2.164,0.238,0.094,1.104,1.314,2,NULL,NULL,,3,0,2,7,255,1256,250,0,0
stim,251337,281458,0,281458,3478784.455,-0.754,0.103,0.030,-0.648,3113,33,0,3161,1301,2453,293,2403,45,1.015,1,2279,0,71.399,0.975,-28.375,-12.188,-64.375,0.027,0.109,1.145,-0.762,-0.609,0.344,0.256,0.076,1.104,1.314,2,NULL,NULL,,3,0,2,7,255,1256,250,0,0
stim,251337,281458,0,281458,3478789.453,-0.753,0.101,0.032,-0.650,3111,61,0,3162,1377,2461,295,2426,45,1.015,1,2279,0,69.237,2.352,-53.688,-7.188,-43.125,0.051,0.023,1.117,-0.387,-2.320,0.836,0.266,0.062,1.104,1.314,2,NULL,NULL,,3,0,2,7,255,1256,250,0,0
stim,251389,281510,0,281510,3478794.455,-0.752,0.099,0.033,-0.651,3109,73,0,3161,1455,2475,299,2449,45,1.015,1,2279,0,72.394,2.352,-65.938,-4.375,-29.563,-0.094,-0.043,0.965,-0.387,-2.320,0.836,0.274,0.052,1.104,1.314,2,NULL,NULL,,3,0,2,7,255,1256,250,0,0
stim,251389,281510,0,281510,3478799.454,-0.751,0.097,0.035,-0.652,3115,72,0,3172,1533,2484,300,2472,45,1.015,1,2279,0,64.954,1.090,-50.938,-4.938,-40.000,-0.203,0.031,0.863,-0.434,-1.000,-0.406,0.280,0.044,1.104,1.314,2,NULL,NULL,,3,0,2,7,255,1256,250,0,0
stim,251389,281510,0,281510,3478804.455,-0.750,0.095,0.036,-0.654,3111,104,0,3165,1583,2494,301,2483,45,1.015,1,2279,0,61.683,0.592,-28.938,-4.938,-54.250,-0.133,0.063,0.930,-0.434,-0.402,-0.609,0.284,0.040,1.104,1.314,2,NULL,NULL,,3,0,2,7,255,1256,250,0,0
stim,251389,281510,0,281510,3478809.454,-0.749,0.094,0.036,-0.655,3111,104,0,3167,1623,2507,299,2500,45,1.015,1,2279,0,57.321,0.405,-23.125,-4.563,-52.250,-0.039,0.063,1.047,-0.047,-0.402,-0.609,0.290,0.034,1.104,1.314,2,NULL,NULL,,3,0,2,7,255,1256,250,0,0
stim,251389,281510,0,281510,3478814.455,-0.748,0.093,0.037,-0.657,3111,107,0,3171,1669,2516,307,2509,45,1.015,1,2279,0,51.429,1.524,-30.313,-3.000,-41.438,-0.020,0.055,1.070,0.027,-1.523,0.383,0.298,0.028,1.104,1.314,2,NULL,NULL,,3,0,2,7,255,1256,250,0,0
stim,251389,281510,0,281510,3478819.453,-0.747,0.092,0.038,-0.658,3112,125,6,3172,1715,2523,311,2517,45,1.015,1,2279,0,47.255,1.524,-35.125,-1.750,-31.563,-0.066,0.055,1.008,0.027,-1.523,0.383,0.304,0.022,1.104,1.314,2,NULL,NULL,,3,0,2,7,255,1256,250,0,0
stim,251389,281510,0,281510,3478824.455,-0.746,0.090,0.039,-0.658,3113,153,23,3174,1752,2527,297,2521,45,1.015,1,2279,0,40.953,1.192,-30.625,-0.250,-27.188,-0.113,0.047,0.973,0.020,-1.191,0.039,0.308,0.018,1.104,1.314,2,NULL,NULL,,3,0,2,7,255,1256,250,0,0
stim,251389,281510,0,281510,3478829.453,-0.745,0.090,0.040,-0.659,3113,167,54,3175,1781,2532,297,2525,45,1.015,1,2279,0,36.540,0.688,-23.625,0.188,-27.875,-0.133,0.043,0.988,-0.082,-0.684,-0.031,0.314,0.014,1.104,1.314,2,NULL,NULL,,3,0,2,7,255,1256,250,0,0
stim,251389,281510,0,281510,3478834.455,-0.745,0.089,0.040,-0.660,3112,192,70,3177,1810,2535,291,2531,45,1.015,1,2279,0,33.813,0.518,-20.438,0.063,-26.938,-0.141,0.051,1.012,-0.082,-0.512,-0.031,0.318,0.010,1.104,1.314,2,NULL,NULL,,3,0,2,7,255,1256,250,0,0
stim,251389,281510,0,281510,3478839.453,-0.744,0.088,0.041,-0.661,3111,213,135,3175,1835,2549,253,2532,45,1.015,1,2279,0,33.008,0.527,-19.563,1.125,-26.563,-0.098,0.004,1.020,-0.125,-0.512,0.176,0.324,0.006,1.104,1.314,2,NULL,NULL,,3,0,2,7,255,1256,250,0,0
stim,251389,281510,0,281510,3478844.456,-0.744,0.087,0.041,-0.662,3119,211,167,3181,1865,2547,237,2536,45,1.013,1,2279,1,26.669,1.046,-19.000,1.000,-18.688,-0.090,-0.059,0.984,-0.430,-0.953,0.176,0.000,0.000,1.067,1.317,2,NULL,NULL,,3,0,2,7,255,1256,250,0,0
stim,251389,281510,0,281510,3478849.455,-0.743,0.086,0.042,-0.662,3119,219,199,3180,1891,2551,230,2540,45,1.013,1,2279,1,19.019,1.356,-15.875,0.875,-10.438,-0.129,-0.098,0.953,-0.965,-0.953,-0.188,0.004,0.002,1.067,1.317,2,NULL,NULL,,3,0,2,7,255,1256,250,0,0
stim,251420,281541,0,281541,3478854.454,-0.743,0.086,0.042,-0.662,3111,214,234,3175,1904,2546,229,2541,45,1.013,1,2279,1,14.013,1.308,-11.188,-0.063,-8.438,-0.184,-0.066,0.945,-1.141,-0.641,-0.402,0.008,0.006,1.067,1.317,2,NULL,NULL,,3,0,2,7,255,1256,250,0,0
stim,251420,281541,0,281541,3478859.455,-0.743,0.086,0.043,-0.663,3108,215,279,3175,1927,2543,217,2543,45,1.013,1,2279,1,13.458,1.141,-6.000,-1.063,-12.000,-0.195,-0.039,0.957,-1.141,-0.043,-0.402,0.014,0.010,1.067,1.317,2,NULL,NULL,,3,0,2,7,255,1256,250,0,0
stim,251420,281541,0,281541,3478864.454,-0.742,0.085,0.043,-0.663,3104,212,297,3171,1961,2543,204,2547,45,1.013,1,2279,1,13.696,0.880,-2.688,-2.188,-13.250,-0.160,-0.035,0.973,-0.879,-0.043,-0.262,0.020,0.014,1.067,1.317,2,NULL,NULL,,3,0,2,7,255,1256,250,0,0
stim,251420,281541,0,281541,3478869.455,-0.742,0.085,0.043,-0.663,3101,213,309,3164,1979,2544,199,2551,45,1.013,1,2279,1,8.976,0.870,-1.938,-3.438,-8.063,-0.148,-0.039,0.980,-0.816,-0.301,-0.180,0.026,0.020,1.067,1.317,2,NULL,NULL,,3,0,2,7,255,1256,250,0,0
stim,251441,281562,0,281562,3478874.455,-0.742,0.085,0.043,-0.663,3113,221,325,3169,1995,2543,175,2553,45,1.013,1,2279,1,6.661,0.841,-1.438,-4.375,-4.813,-0.180,-0.020,0.977,-0.785,-0.301,-0.137,0.032,0.026,1.067,1.317,2,NULL,NULL,,3,0,2,7,255,1256,250,0,0
stim,251441,281562,0,281562,3478879.454,-0.742,0.085,0.043,-0.664,3097,218,356,3164,2015,2544,163,2571,45,1.013,1,2279,1,8.999,0.640,0.813,-5.000,-7.438,-0.191,-0.004,0.973,-0.633,-0.094,-0.117,0.040,0.032,1.067,1.317,2,NULL,NULL,,3,0,2,7,255,1256,250,0,0
stim,251441,281562,0,281562,3478884.455,-0.742,0.085,0.043,-0.664,3091,216,383,3153,2026,2547,155,2567,45,1.013,1,2279,1,11.650,0.578,2.625,-4.875,-10.250,-0.160,-0.012,0.984,-0.570,-0.094,-0.098,0.046,0.038,1.067,1.317,2,NULL,NULL,,3,0,2,7,255,1256,250,0,0
stim,251441,281562,0,281562,3478889.454,-0.741,0.084,0.042,-0.664,3090,207,405,3149,2038,2547,138,2569,45,1.013,1,2279,1,10.892,0.618,3.063,-5.813,-8.688,-0.164,-0.027,0.977,-0.570,-0.238,-0.098,0.052,0.042,1.067,1.317,2,NULL,NULL,,3,0,2,7,255,1256,250,0,0
stim,251441,281562,0,281562,3478894.455,-0.741,0.084,0.042,-0.665,3081,205,429,3135,2053,2547,127,2572,45,1.013,1,2279,1,11.421,0.618,4.688,-6.438,-8.188,-0.184,-0.004,0.969,-0.570,-0.238,-0.145,0.056,0.046,1.067,1.317,2,NULL,NULL,,3,0,2,7,255,1256,250,0,0
stim,251441,281562,0,281562,3478899.453,-0.741,0.084,0.042,-0.665,3067,203,443,3127,2065,2547,121,2579,45,1.013,1,2279,1,14.816,0.516,6.938,-7.000,-11.063,-0.207,0.023,0.984,-0.516,0.000,-0.145,0.060,0.050,1.067,1.317,2,NULL,NULL,,3,0,2,7,255,1256,250,0,0
stim,251486,281607,0,281607,3478904.455,-0.740,0.084,0.041,-0.666,3078,191,484,3125,2072,2547,99,2583,45,1.013,1,2279,1,18.042,0.265,6.563,-7.063,-15.250,-0.188,0.051,1.008,-0.262,0.039,0.055,0.064,0.054,1.067,1.317,2,NULL,NULL,,3,0,2,7,255,1256,250,0,0
stim,251486,281607,0,281607,3478909.454,-0.740,0.084,0.041,-0.666,3055,188,522,3108,2091,2547,98,2589,45,1.013,1,2279,1,18.547,0.058,4.563,-7.688,-16.250,-0.172,0.043,1.004,-0.043,0.039,0.164,0.068,0.054,1.067,1.317,2,NULL,NULL,,3,0,2,7,255,1256,250,0,0
stim,251486,281607,0,281607,3478914.455,-0.739,0.084,0.041,-0.667,3047,187,569,3097,2107,2547,97,2595,45,1.013,1,2279,1,18.526,0.086,4.375,-8.250,-16.000,-0.164,0.051,0.984,0.004,-0.086,0.164,0.070,0.056,1.067,1.317,2,NULL,NULL,,3,0,2,7,255,1256,250,0,0
stim,251486,281607,0,281607,3478919.453,-0.739,0.084,0.040,-0.667,3036,189,605,3083,2131,2544,105,2603,45,1.013,1,2279,1,18.760,0.098,5.438,-9.063,-15.500,-0.176,0.070,0.988,0.047,-0.086,0.059,0.070,0.056,1.067,1.317,2,NULL,NULL,,3,0,2,7,255,1256,250,0,0
stim,251486,281607,0,281607,3478924.455,-0.739,0.084,0.040,-0.668,3027,189,639,3065,2159,2548,139,2607,45,1.013,1,2279,1,20.212,0.219,5.438,-9.813,-16.813,-0.180,0.105,1.004,0.219,-0.008,0.059,0.070,0.056,1.067,1.317,2,NULL,NULL,,3,0,2,7,255,1256,250,0,0
stim,251486,281607,0,281607,3478929.454,-0.738,0.084,0.039,-0.668,3015,188,695,3051,2195,2548,153,2615,45,1.013,1,2279,1,21.946,0.516,4.563,-10.563,-18.688,-0.168,0.137,1.016,0.516,-0.008,0.219,0.070,0.054,1.067,1.317,2,NULL,NULL,,3,0,2,7,255,1256,250,0,0
stim,251486,281607,0,281607,3478934.455,-0.737,0.084,0.039,-0.669,3007,189,729,3031,2229,2547,187,2631,45,1.013,1,2279,1,22.094,0.861,2.938,-11.313,-18.750,-0.148,0.164,1.020,0.859,-0.055,0.313,0.070,0.052,1.067,1.317,2,NULL,NULL,,3,0,2,7,255,1256,250,0,0
stim,251486,281607,1,281607,3478939.453,-0.737,0.083,0.038,-0.670,2986,209,756,3026,2257,2551,199,2643,45,1.013,1,2279,1,20.737,1.110,0.813,-11.938,-16.938,-0.141,0.160,1.020,1.090,-0.211,0.324,0.068,0.050,1.067,1.317,2,NULL,NULL,,3,1,2,7,255,1256,250,0,0
stim,251508,281629,1,281629,3478944.455,-0.737,0.083,0.038,-0.670,2983,219,816,3013,2292,2555,227,2652,45,1.013,1,2279,1,19.653,1.124,-1.688,-12.125,-15.375,-0.141,0.133,1.020,1.090,-0.273,0.324,0.064,0.046,1.067,1.317,2,NULL,NULL,,3,1,2,7,255,1256,250,0,0
stim,251508,281629,1,281629,3478949.454,-0.736,0.082,0.037,-0.671,2961,229,884,3000,2315,2555,229,2663,45,1.013,1,2279,1,19.588,0.872,-3.188,-12.188,-15.000,-0.145,0.109,1.000,0.828,-0.273,0.324,0.062,0.042,1.067,1.317,2,NULL,NULL,,3,1,2,7,255,1256,250,0,0
stim,251508,281629,1,281629,3478954.455,-0.736,0.082,0.037,-0.671,2941,236,939,2983,2347,2567,263,2674,45,1.013,1,2279,1,19.416,0.678,-2.563,-12.438,-14.688,-0.141,0.113,0.988,0.629,-0.254,0.137,0.058,0.036,1.067,1.317,2,NULL,NULL,,3,1,2,7,255,1256,250,0,0
stim,251508,281629,1,281629,3478959.454,-0.735,0.082,0.037,-0.672,2927,249,1041,2969,2388,2568,292,2683,45,1.013,1,2279,1,19.218,0.677,-1.000,-12.500,-14.563,-0.141,0.121,1.004,0.629,-0.250,0.137,0.056,0.032,1.067,1.317,2,NULL,NULL,,3,1,2,7,255,1256,250,0,0
stim,251534,281655,1,281655,3478964.455,-0.735,0.081,0.036,-0.672,2911,253,1107,2919,2413,2571,312,2715,45,1.013,1,2279,1,20.150,0.770,-1.000,-12.125,-16.063,-0.141,0.145,1.023,0.727,-0.254,0.164,0.052,0.026,1.067,1.317,2,NULL,NULL,,3,1,2,7,255,1256,250,0,0
stim,251534,281655,1,281655,3478969.454,-0.735,0.081,0.036,-0.673,2899,261,1189,2939,2443,2575,347,2702,45,1.013,1,2279,1,20.906,0.907,-3.500,-11.375,-17.188,-0.125,0.137,1.023,0.871,-0.254,0.316,0.050,0.022,1.067,1.317,2,NULL,NULL,,3,1,2,7,255,1256,250,0,0
stim,251534,281655,1,281655,3478974.455,-0.734,0.080,0.036,-0.673,2875,261,1257,2925,2469,2579,366,2712,45,1.013,1,2279,1,20.408,0.947,-6.750,-10.813,-15.938,-0.129,0.063,0.996,0.871,-0.371,0.316,0.048,0.016,1.067,1.317,2,NULL,NULL,,3,1,2,7,255,1256,250,0,0
stim,251534,281655,1,281655,3478979.454,-0.734,0.080,0.036,-0.674,2855,248,1318,2909,2492,2581,409,2725,45,1.013,1,2279,1,19.872,0.404,-8.375,-11.500,-13.875,-0.160,-0.004,0.961,0.160,-0.371,0.043,0.046,0.012,1.067,1.317,2,NULL,NULL,,3,1,2,7,255,1256,250,0,0
stim,251534,281655,1,281655,3478984.455,-0.733,0.079,0.035,-0.674,2840,263,1416,2895,2523,2585,455,2734,45,1.013,1,2279,1,20.156,0.502,-5.938,-12.313,-14.813,-0.195,-0.012,0.945,-0.496,-0.074,-0.262,0.044,0.008,1.067,1.317,2,NULL,NULL,,3,1,2,7,255,1256,250,0,0
stim,251534,281655,1,281655,3478989.453,-0.733,0.078,0.035,-0.675,2813,265,1509,2876,2548,2591,487,2745,45,1.013,1,2279,1,24.737,0.578,-3.063,-12.813,-20.938,-0.203,0.020,0.949,-0.496,0.297,-0.305,0.042,0.004,1.067,1.317,2,NULL,NULL,,3,1,2,7,255,1256,250,0,0
stim,251584,281705,1,281705,3478994.455,-0.732,0.078,0.035,-0.676,2797,263,1591,2851,2577,2591,547,2791,45,1.013,1,2279,1,29.740,0.428,-1.250,-13.563,-26.438,-0.168,0.016,0.965,-0.309,0.297,-0.305,0.042,0.004,1.067,1.317,2,NULL,NULL,,3,1,2,7,255,1256,250,0,0
stim,251584,281705,1,281705,3478999.454,-0.731,0.077,0.035,-0.677,2772,267,1671,2841,2600,2596,629,2773,45,1.013,1,2279,1,29.369,0.317,-2.500,-15.000,-25.125,-0.141,-0.023,0.988,-0.309,0.074,-0.203,0.042,0.004,1.067,1.317,2,NULL,NULL,,3,1,2,7,255,1256,250,0,0
stim,251584,281705,1,281705,3479004.455,-0.731,0.076,0.035,-0.677,2746,273,1739,2824,2621,2600,722,2783,45,1.013,1,2279,1,26.140,0.695,-7.125,-15.000,-20.188,-0.141,-0.051,0.973,-0.660,-0.219,-0.203,0.042,0.006,1.067,1.317,2,NULL,NULL,,3,1,2,7,255,1256,250,0,0
stim,251584,281705,1,281705,3479009.454,-0.730,0.076,0.034,-0.678,2719,269,1805,2803,2645,2603,797,2793,45,1.013,1,2279,1,27.617,0.718,-5.250,-16.438,-21.563,-0.152,-0.027,0.961,-0.684,-0.219,-0.211,0.042,0.008,1.067,1.317,2,NULL,NULL,,3,1,2,7,255,1256,250,0,0
stim,251584,281705,1,281705,3479014.455,-0.730,0.075,0.034,-0.679,2696,273,1853,2787,2661,2605,901,2805,45,1.013,1,2279,1,26.507,0.718,-3.813,-16.750,-20.188,-0.113,-0.004,0.949,-0.684,-0.219,-0.305,0.042,0.010,1.067,1.317,2,NULL,NULL,,3,1,2,7,255,1256,250,0,0
stim,251584,281705,1,281705,3479019.453,-0.729,0.074,0.033,-0.679,2663,276,1900,2771,2681,2610,973,2813,45,1.013,1,2279,1,26.366,0.603,1.375,-17.125,-20.000,-0.094,-0.008,0.980,-0.441,-0.410,-0.305,0.042,0.012,1.067,1.317,2,NULL,NULL,,3,1,2,7,255,1256,250,0,0
stim,251584,281705,1,281705,3479024.455,-0.729,0.074,0.033,-0.680,2635,281,1951,2743,2698,2611,1047,2825,45,1.013,1,2279,1,21.377,0.749,-1.688,-15.500,-14.625,-0.078,-0.004,0.984,-0.418,-0.621,-0.176,0.044,0.014,1.067,1.317,2,NULL,NULL,,3,1,2,7,255,1256,250,0,0
stim,251584,281705,1,281705,3479029.453,-0.729,0.073,0.032,-0.680,2600,286,1995,2719,2715,2613,1105,2836,45,1.013,1,2279,1,19.146,0.732,0.438,-16.688,-9.375,-0.125,0.000,0.984,-0.387,-0.621,-0.164,0.044,0.016,1.067,1.317,2,NULL,NULL,,3,1,2,7,255,1256,250,0,0
stim,251606,281727,1,281727,3479034.455,-0.728,0.073,0.032,-0.681,2569,292,2057,2698,2726,2591,1187,2843,45,1.013,1,2279,1,21.478,0.478,1.500,-16.000,-14.250,-0.125,0.039,0.992,-0.371,-0.301,-0.090,0.048,0.020,1.067,1.317,2,NULL,NULL,,3,1,2,7,255,1256,250,0,0
stim,251606,281727,1,281727,3479039.454,-0.728,0.072,0.031,-0.681,2531,303,2107,2675,2741,2616,1275,2853,45,1.013,1,2279,1,19.770,0.301,0.750,-16.813,-10.375,-0.102,0.070,1.000,-0.016,-0.301,-0.004,0.050,0.022,1.067,1.317,2,NULL,NULL,,3,1,2,7,255,1256,250,0,0
stim,251606,281727,1,281727,3479044.455,-0.728,0.072,0.031,-0.682,2494,311,2165,2655,2757,2617,1351,2861,45,1.013,1,2279,1,19.452,0.363,1.563,-14.875,-12.438,-0.121,0.063,1.012,0.234,-0.277,0.039,0.052,0.022,1.067,1.317,2,NULL,NULL,,3,1,2,7,255,1256,250,0,0
stim,251606,281727,1,281727,3479049.454,-0.727,0.071,0.030,-0.682,2456,313,2207,2623,2767,2619,1433,2870,45,1.013,1,2279,1,19.701,0.451,-1.438,-15.313,-12.313,-0.109,0.063,1.023,0.238,-0.383,0.184,0.054,0.024,1.067,1.317,2,NULL,NULL,,3,1,2,7,255,1256,250,0,0
stim,251606,281727,1,281727,3479054.456,-0.727,0.071,0.030,-0.682,2415,315,2245,2592,2778,2619,1511,2876,45,1.013,1,2279,1,18.883,0.378,-2.000,-15.813,-10.125,-0.117,0.055,1.004,0.234,-0.297,0.184,0.056,0.024,1.067,1.317,2,NULL,NULL,,3,1,2,7,255,1256,250,0,0
stim,251606,281727,1,281727,3479059.454,-0.727,0.070,0.029,-0.683,2377,319,2277,2577,2793,2627,1588,2886,45,1.013,1,2279,1,18.784,0.341,-1.250,-14.500,-11.875,-0.137,0.043,1.000,0.168,-0.297,0.082,0.058,0.024,1.067,1.317,2,NULL,NULL,,3,1,2,7,255,1256,250,0,0
stim,251636,281758,1,281758,3479064.455,-0.726,0.070,0.029,-0.683,2327,317,2313,2541,2803,2629,1645,2892,45,1.013,1,2279,1,19.951,0.234,-2.688,-14.500,-13.438,-0.121,0.023,1.000,0.039,-0.230,0.066,0.060,0.024,1.067,1.317,2,NULL,NULL,,3,1,2,7,255,1256,250,0,0
stim,251636,281758,1,281758,3479069.454,-0.726,0.069,0.029,-0.684,2271,313,2348,2517,2815,2630,1705,2898,45,1.013,1,2279,1,20.138,0.276,-3.125,-15.375,-12.625,-0.117,0.016,1.008,-0.152,-0.230,0.066,0.062,0.024,1.067,1.317,2,NULL,NULL,,3,1,2,7,255,1256,250,0,0
stim,251636,281758,1,281758,3479074.455,-0.726,0.068,0.028,-0.684,2217,325,2381,2475,2829,2631,1784,2903,45,1.013,1,2279,1,20.591,0.329,-4.375,-15.250,-13.125,-0.125,0.012,1.012,-0.234,-0.230,0.121,0.064,0.024,1.067,1.317,2,NULL,NULL,,3,1,2,7,255,1256,250,0,0
stim,251636,281758,1,281758,3479079.454,-0.725,0.068,0.028,-0.685,2152,319,2407,2432,2842,2633,1853,2907,45,1.013,1,2279,1,21.834,0.305,-6.375,-15.438,-14.063,-0.133,0.016,1.012,-0.234,-0.195,0.168,0.064,0.024,1.067,1.317,2,NULL,NULL,,3,1,2,7,255,1256,250,0,0
stim,251636,281758,1,281758,3479084.455,-0.725,0.067,0.028,-0.685,2089,326,2427,2382,2851,2633,1907,2916,45,1.013,1,2279,1,23.932,0.250,-9.688,-15.875,-15.063,-0.145,0.016,1.027,-0.227,-0.105,0.176,0.066,0.024,1.067,1.317,2,NULL,NULL,,3,1,2,7,255,1256,250,0,0
stim,251636,281758,1,281758,3479089.454,-0.724,0.066,0.028,-0.686,2017,307,2457,2341,2861,2635,1957,2920,45,1.013,1,2279,1,29.118,0.223,-16.125,-16.313,-17.938,-0.156,0.016,1.051,-0.223,-0.004,0.371,0.066,0.024,1.067,1.317,2,NULL,NULL,,3,1,2,7,255,1256,250,0,0
stim,251689,281810,1,281810,3479094.455,-0.724,0.065,0.028,-0.686,1947,299,2486,2283,2869,2635,2002,2925,45,1.013,1,2279,1,34.232,0.207,-20.813,-16.625,-21.500,-0.133,0.031,1.020,-0.207,-0.004,0.371,0.068,0.024,1.067,1.317,2,NULL,NULL,,3,1,2,7,255,1256,250,0,0
stim,251689,281810,1,281810,3479099.453,-0.723,0.063,0.028,-0.687,1875,291,2505,2232,2875,2635,2059,2933,45,1.013,1,2279,1,33.733,0.058,-19.375,-17.250,-21.563,-0.098,0.043,0.973,-0.027,-0.051,0.266,0.070,0.024,1.067,1.317,2,NULL,NULL,,3,1,2,7,255,1256,250,0,0
stim,251689,281810,1,281810,3479104.455,-0.723,0.062,0.028,-0.688,1779,277,2519,2151,2887,2633,2106,2937,45,1.013,1,2279,1,28.521,0.325,-12.563,-17.438,-18.750,-0.082,0.031,0.961,0.023,-0.324,-0.215,0.070,0.024,1.067,1.317,2,NULL,NULL,,3,1,2,7,255,1256,250,0,0
stim,251689,281810,1,281810,3479109.454,-0.723,0.062,0.027,-0.688,1655,271,2532,2045,2899,2637,2142,2939,45,1.013,1,2279,1,24.396,0.454,-8.000,-17.813,-14.625,-0.086,0.008,0.992,0.023,-0.453,-0.215,0.072,0.024,1.067,1.317,2,NULL,NULL,,3,1,2,7,255,1256,250,0,0
stim,251689,281810,1,281810,3479114.455,-0.722,0.061,0.027,-0.689,1553,264,2551,1959,2905,2635,2181,2942,45,1.013,1,2279,1,24.593,0.493,-9.813,-17.375,-14.375,-0.117,-0.035,1.027,-0.195,-0.453,-0.078,0.072,0.026,1.067,1.317,2,NULL,NULL,,3,1,2,7,255,1256,250,0,0
stim,251689,281810,1,281810,3479119.454,-0.722,0.060,0.027,-0.689,1397,253,2557,1897,2916,2637,2223,2951,45,1.013,1,2279,1,27.060,0.651,-13.313,-17.688,-15.563,-0.121,-0.047,1.004,-0.625,-0.184,0.098,0.074,0.026,1.067,1.317,2,NULL,NULL,,3,1,2,7,255,1256,250,0,0
stim,251689,281810,1,281810,3479124.455,-0.721,0.059,0.027,-0.690,1316,245,2579,1797,2920,2635,2259,2955,45,1.013,1,2279,1,26.973,0.651,-12.813,-17.813,-15.688,-0.102,-0.031,0.977,-0.625,-0.184,0.098,0.074,0.026,1.067,1.317,2,NULL,NULL,,3,1,2,7,255,1256,250,0,0
stim,251689,281810,1,281810,3479129.453,-0.721,0.058,0.027,-0.690,1227,226,2589,1700,2927,2633,2293,2961,45,1.013,1,2279,1,24.982,0.595,-10.000,-18.625,-13.313,-0.102,-0.020,0.984,-0.543,-0.242,-0.105,0.076,0.028,1.067,1.317,2,NULL,NULL,,3,1,2,7,255,1256,250,0,0
stim,251689,281810,1,281810,3479134.455,-0.721,0.057,0.026,-0.690,1085,188,2601,1565,2936,2633,2323,2964,45,1.013,1,2279,1,23.619,0.470,-8.938,-20.063,-8.688,-0.082,0.004,1.008,-0.398,-0.250,-0.105,0.078,0.028,1.067,1.317,2,NULL,NULL,,3,1,2,7,255,1256,250,0,0
stim,251689,281810,1,281810,3479139.453,-0.721,0.056,0.026,-0.690,967,159,2611,1415,2940,2629,2349,2969,45,1.013,1,2279,1,23.811,0.306,-11.250,-20.625,-3.875,-0.098,0.008,1.023,-0.164,-0.258,0.086,0.080,0.030,1.067,1.317,2,NULL,NULL,,3,1,2,7,255,1256,250,0,0
stim,251689,281810,1,281810,3479144.455,-0.721,0.055,0.026,-0.691,819,123,2611,1291,2943,2622,2391,2972,45,1.013,1,2279,1,23.768,0.287,-10.938,-20.938,-2.625,-0.129,0.031,1.000,-0.125,-0.258,0.086,0.080,0.030,1.067,1.317,2,NULL,NULL,,3,1,2,7,255,1256,250,0,0
stim,251689,281810,1,281810,3479149.454,-0.721,0.054,0.025,-0.691,664,84,2623,1131,2961,2617,2415,2979,45,1.013,1,2279,1,24.555,0.080,-8.938,-22.000,-6.250,-0.172,0.023,1.004,-0.016,0.078,0.164,0.082,0.032,1.067,1.317,2,NULL,NULL,,3,1,2,7,255,1256,250,0,0
stim,251719,281840,1,281840,3479154.455,-0.720,0.053,0.025,-0.691,539,75,2639,983,2969,2619,2440,2984,45,1.013,1,2279,1,27.632,0.461,-6.375,-23.500,-13.063,-0.168,0.020,1.031,-0.016,0.461,0.164,0.082,0.032,1.067,1.317,2,NULL,NULL,,3,1,2,7,255,1256,250,0,0
stim,251719,281840,1,281840,3479159.454,-0.720,0.052,0.024,-0.692,379,55,2649,821,2975,2613,2475,2988,45,1.013,1,2279,1,30.437,0.461,-6.938,-24.188,-17.125,-0.125,0.020,1.047,-0.016,0.461,0.430,0.084,0.034,1.067,1.317,2,NULL,NULL,,3,1,2,7,255,1256,250,0,0
stim,251719,281840,1,281840,3479164.455,-0.719,0.051,0.024,-0.692,254,2,2657,629,2981,2607,2503,2988,45,1.013,1,2279,1,30.472,0.047,-8.313,-25.000,-15.313,-0.109,0.047,1.055,0.004,0.047,0.508,0.084,0.034,1.067,1.317,2,NULL,NULL,,3,1,2,7,255,1256,250,0,0
stim,251719,281840,1,281840,3479169.453,-0.719,0.050,0.023,-0.693,143,0,2666,473,2987,2601,2524,2995,45,1.013,1,2279,1,34.836,0.293,-12.375,-25.250,-20.563,-0.148,0.059,1.074,0.289,0.047,0.594,0.086,0.036,1.067,1.317,2,NULL,NULL,,3,1,2,7,255,1256,250,0,0
stim,251741,281862,1,281862,3479174.455,-0.718,0.048,0.023,-0.694,83,0,2675,296,2991,2589,2551,3043,45,1.013,1,2279,1,41.890,0.298,-18.063,-26.125,-27.313,-0.102,0.039,1.047,0.289,-0.074,0.594,0.086,0.038,1.067,1.317,2,NULL,NULL,,3,1,2,7,255,1256,250,0,0
stim,251741,281862,1,281862,3479179.453,-0.717,0.047,0.023,-0.695,39,0,2685,174,3001,2579,2581,3003,45,1.013,1,2279,1,42.879,0.232,-17.375,-27.813,-27.625,-0.082,0.035,1.020,0.211,-0.098,0.500,0.084,0.040,1.067,1.317,2,NULL,NULL,,3,1,2,7,255,1256,250,0,0
stim,251741,281862,1,281862,3479184.455,-0.717,0.046,0.022,-0.695,18,0,2696,105,3006,2557,2599,3005,45,1.013,1,2279,1,40.725,0.319,-12.250,-30.875,-23.563,-0.066,0.004,1.020,0.207,-0.242,0.203,0.084,0.040,1.067,1.317,2,NULL,NULL,,3,1,2,7,255,1256,250,0,0
stim,251741,281862,0,281862,3479189.454,-0.716,0.044,0.022,-0.696,0,0,2706,67,3015,2543,2618,3018,45,1.013,1,2279,1,40.756,0.242,-10.063,-33.250,-21.313,-0.137,0.012,1.047,-0.004,-0.242,0.203,0.082,0.042,1.067,1.317,2,NULL,NULL,,3,0,2,7,255,1250,250,0,0
stim,251741,281862,0,281862,3479194.455,-0.716,0.043,0.021,-0.697,0,0,2711,0,3019,2527,2633,3015,45,1.013,1,2279,0,43.239,0.310,-3.188,-36.938,-22.250,-0.207,-0.023,1.129,-0.059,0.305,0.543,0.082,0.044,1.067,1.317,3,NULL,NULL,,3,0,2,7,255,1250,250,0,0
stim,251741,281862,0,281862,3479199.453,-0.715,0.041,0.020,-0.698,0,0,2725,0,3028,2511,2661,3017,45,1.013,1,2279,0,48.284,0.483,-10.750,-41.313,-22.563,-0.141,-0.051,1.199,-0.375,0.305,1.371,0.080,0.044,1.067,1.317,3,NULL,NULL,,3,0,2,7,255,1250,250,0,0
stim,251787,281908,0,281908,3479204.455,-0.715,0.039,0.019,-0.698,0,0,2719,0,3032,2488,2675,3043,45,1.013,1,2279,0,52.249,0.666,-27.563,-41.500,-15.750,-0.121,-0.070,1.195,-0.602,0.285,1.957,0.080,0.046,1.067,1.317,3,NULL,NULL,,3,0,2,7,255,1250,250,0,0
stim,251787,281908,0,281908,3479209.454,-0.714,0.037,0.018,-0.699,0,0,2726,0,3043,2463,2699,3034,45,1.013,1,2279,0,51.711,0.666,-14.188,-47.125,-15.875,-0.285,0.008,1.027,-0.602,0.285,1.957,0.080,0.046,1.067,1.317,3,NULL,NULL,,3,0,2,7,255,1250,250,0,0
stim,251787,281908,0,281908,3479214.455,-0.714,0.036,0.017,-0.699,0,0,2732,0,3053,2446,2707,3028,45,1.013,1,2279,0,58.328,1.177,-1.625,-52.125,-26.125,-0.207,0.047,1.086,-0.043,1.176,0.953,0.080,0.048,1.067,1.317,3,NULL,NULL,,3,0,2,7,255,1250,250,0,0
stim,251787,281908,0,281908,3479219.454,-0.713,0.035,0.015,-0.700,0,0,2727,0,3050,2415,2727,3033,45,1.013,1,2279,0,65.709,1.189,10.875,-56.563,-31.625,-0.203,0.027,1.199,0.180,1.176,0.953,0.078,0.052,1.067,1.317,3,NULL,NULL,,3,0,2,7,255,1250,250,0,0
stim,251787,281908,0,281908,3479224.455,-0.712,0.034,0.012,-0.701,0,0,2730,0,3053,2383,2744,3029,45,1.013,1,2279,0,76.973,1.235,39.250,-64.125,-16.500,-0.215,0.109,1.348,0.379,1.176,2.055,0.078,0.058,1.067,1.317,3,NULL,NULL,,3,0,2,7,255,1250,250,0,0
stim,251787,281908,0,281908,3479229.454,-0.712,0.032,0.009,-0.701,0,0,2727,0,3067,2357,2767,3029,45,1.013,1,2279,0,68.516,1.460,6.375,-67.563,-9.438,-0.121,0.148,1.363,0.953,1.105,3.508,0.078,0.066,1.067,1.317,3,NULL,NULL,,3,0,2,7,255,1250,250,0,0
stim,251787,281908,0,281908,3479234.455,-0.712,0.030,0.008,-0.702,0,0,2725,0,3063,2309,2776,3031,45,1.013,1,2279,0,71.029,1.041,-18.500,-66.875,-15.188,-0.109,0.004,1.133,0.953,0.418,3.508,0.076,0.072,1.067,1.317,3,NULL,NULL,,3,0,2,7,255,1250,250,0,0
stim,251787,281908,0,281908,3479239.453,-0.712,0.027,0.006,-0.702,0,0,2719,0,3080,2261,2796,3033,45,1.013,1,2279,0,72.051,0.424,-11.688,-70.938,-4.750,-0.125,-0.047,1.059,-0.070,0.418,1.332,0.076,0.078,1.067,1.317,3,NULL,NULL,,3,0,2,7,255,1250,250,0,0
stim,251808,281929,0,281929,3479244.455,-0.712,0.025,0.004,-0.702,0,0,2717,0,3069,2205,2821,3038,45,1.013,1,2279,0,76.627,0.868,4.188,-76.500,1.375,-0.156,-0.055,1.059,-0.539,0.680,0.609,0.072,0.084,1.067,1.317,3,NULL,NULL,,3,0,2,7,255,1250,250,0,0
stim,251808,281929,0,281929,3479249.454,-0.712,0.023,0.001,-0.702,0,0,2709,0,3079,2155,2821,3034,45,1.013,1,2279,0,81.493,1.221,10.375,-80.813,-1.688,-0.168,-0.059,1.129,-0.641,1.039,0.609,0.068,0.088,1.067,1.317,3,NULL,NULL,,3,0,2,7,255,1250,250,0,0
stim,251808,281929,0,281929,3479254.455,-0.712,0.020,-0.002,-0.702,0,0,2697,0,3081,2079,2828,3033,45,1.013,1,2279,0,82.875,1.221,6.438,-82.625,0.125,-0.082,-0.047,1.164,-0.641,1.039,1.309,0.062,0.092,1.067,1.317,3,NULL,NULL,,3,0,2,7,255,1250,250,0,0
stim,251808,281929,0,281929,3479259.454,-0.712,0.018,-0.004,-0.702,0,0,2696,0,3084,1997,2853,3035,45,1.013,1,2279,0,86.211,1.067,1.438,-85.688,9.375,-0.121,-0.031,1.121,-0.563,0.906,1.309,0.058,0.098,1.067,1.317,3,NULL,NULL,,3,0,2,7,255,1250,250,0,0
stim,251833,281955,0,281955,3479264.455,-0.712,0.016,-0.007,-0.702,0,0,2668,0,3087,1895,2855,3048,45,1.013,1,2279,0,90.888,1.067,8.313,-90.313,5.938,-0.191,-0.051,1.039,-0.563,0.906,1.184,0.058,0.104,1.067,1.317,3,NULL,NULL,,3,0,2,7,255,1250,250,0,0
stim,251833,281955,0,281955,3479269.454,-0.712,0.013,-0.011,-0.702,0,0,2661,0,3089,1810,2868,3043,45,1.013,1,2279,0,97.046,1.331,20.750,-94.750,-3.125,-0.133,-0.063,1.051,-0.609,1.184,0.500,0.058,0.112,1.067,1.317,3,NULL,NULL,,3,0,2,7,255,1250,250,0,0
stim,251833,281955,0,281955,3479274.455,-0.712,0.011,-0.014,-0.701,0,0,2635,0,3095,1699,2893,3023,45,1.013,1,2279,0,101.280,1.395,24.813,-98.188,1.063,-0.063,-0.063,1.094,-0.738,1.184,0.500,0.058,0.120,1.067,1.317,3,NULL,NULL,,3,0,2,7,255,1250,250,0,0
stim,251833,281955,0,281955,3479279.453,-0.713,0.009,-0.018,-0.701,0,0,2607,0,3095,1575,2887,3031,45,1.013,1,2279,0,106.108,1.039,28.438,-101.813,9.188,-0.066,0.000,1.180,-0.738,0.730,0.914,0.060,0.126,1.067,1.317,3,NULL,NULL,,3,0,2,7,255,1250,250,0,0
stim,251833,281955,0,281955,3479284.455,-0.713,0.006,-0.022,-0.701,0,0,2593,0,3097,1415,2901,3027,45,1.013,1,2279,0,109.164,0.674,20.188,-105.875,17.313,-0.043,0.090,1.254,-0.168,0.652,1.723,0.064,0.134,1.067,1.317,3,NULL,NULL,,3,0,2,7,255,1250,250,0,0
stim,251833,281955,0,281955,3479289.453,-0.714,0.003,-0.026,-0.700,0,0,2567,0,3111,1203,2909,3028,45,1.013,1,2279,0,110.346,0.992,6.750,-108.250,20.313,-0.078,0.133,1.250,0.672,0.730,2.410,0.066,0.142,1.067,1.317,3,NULL,NULL,,3,0,2,7,255,1250,250,0,0
stim,251885,282006,0,282006,3479294.455,-0.714,0.000,-0.029,-0.699,0,0,2530,0,3100,1031,2915,3015,45,1.013,1,2279,0,113.135,1.536,-1.688,-111.875,16.750,-0.078,0.137,1.195,1.074,1.098,2.410,0.068,0.148,1.067,1.317,3,NULL,NULL,,3,0,2,7,255,1250,250,0,0
stim,251885,282006,0,282006,3479299.454,-0.715,-0.003,-0.033,-0.699,0,0,2492,0,3109,845,2931,3015,45,1.013,1,2279,0,118.403,1.656,1.125,-117.125,17.313,-0.078,0.152,1.156,1.121,1.219,1.887,0.072,0.156,1.067,1.317,3,NULL,NULL,,3,0,2,7,255,1250,250,0,0
stim,251885,282006,0,282006,3479304.455,-0.715,-0.007,-0.037,-0.698,0,0,2455,0,3115,661,2923,3003,45,1.013,1,2279,0,122.178,1.777,4.063,-121.313,13.938,-0.074,0.148,1.164,1.219,1.293,1.531,0.074,0.162,1.067,1.317,3,NULL,NULL,,3,0,2,7,255,1250,250,0,0
stim,251885,282006,0,282006,3479309.454,-0.715,-0.010,-0.041,-0.697,0,0,2395,0,3111,489,2931,3003,45,1.013,1,2279,0,124.575,1.818,6.188,-124.063,9.438,-0.035,0.215,1.168,1.277,1.293,1.531,0.076,0.170,1.067,1.317,3,NULL,NULL,,3,0,2,7,255,1250,250,0,0
stim,251885,282006,0,282006,3479314.455,-0.715,-0.013,-0.045,-0.697,0,0,2343,0,3113,397,2934,2995,45,1.013,1,2279,0,128.854,2.026,6.563,-128.500,6.938,-0.047,0.180,1.227,1.484,1.379,1.621,0.076,0.176,1.067,1.317,3,NULL,NULL,,3,0,2,7,255,1250,250,0,0
stim,251885,282006,0,282006,3479319.453,-0.715,-0.017,-0.049,-0.697,0,0,2291,0,3111,244,2942,2979,45,1.013,1,2279,0,131.442,2.273,-0.375,-131.375,4.188,-0.035,0.207,1.246,1.754,1.445,2.137,0.076,0.184,1.067,1.317,3,NULL,NULL,,3,0,2,7,255,1250,250,0,0
stim,251885,282006,0,282006,3479324.455,-0.715,-0.021,-0.053,-0.696,0,0,2232,0,3101,137,2937,2971,45,1.013,1,2279,0,134.409,2.204,-2.813,-134.375,1.125,-0.090,0.199,1.305,1.637,1.477,2.324,0.078,0.194,1.067,1.317,3,NULL,NULL,,3,0,2,7,255,1250,250,0,0
stim,251885,282006,0,282006,3479329.453,-0.715,-0.026,-0.057,-0.696,0,0,2163,0,3103,77,2941,2948,45,1.013,1,2279,0,141.207,2.729,-13.125,-140.500,-5.188,-0.164,0.102,1.313,1.637,2.184,2.801,0.082,0.206,1.067,1.317,3,NULL,NULL,,3,0,2,7,255,1250,250,0,0
stim,251908,282029,0,282029,3479334.455,-0.714,-0.030,-0.061,-0.696,0,0,2077,0,3099,34,2941,2919,45,1.013,1,2279,0,148.696,3.121,-9.000,-147.938,-12.000,-0.117,0.148,1.430,1.117,2.914,2.832,0.088,0.218,1.067,1.317,3,NULL,NULL,,3,0,2,7,255,1250,250,0,0
stim,251908,282029,0,282029,3479339.454,-0.714,-0.035,-0.065,-0.696,0,0,1981,0,3102,6,2943,2901,45,1.013,1,2279,0,159.002,3.201,-19.688,-157.750,-3.000,-0.172,0.133,1.527,0.969,3.051,3.969,0.098,0.232,1.067,1.317,3,NULL,NULL,,3,0,2,7,255,1250,250,0,0
stim,251908,282029,0,282029,3479344.455,-0.713,-0.041,-0.070,-0.696,0,0,1879,0,3092,2,2941,2867,45,1.013,1,2279,0,168.717,3.909,-24.688,-166.875,-2.938,-0.164,0.180,1.578,1.117,3.746,4.770,0.110,0.248,1.067,1.317,3,NULL,NULL,,3,0,2,7,255,1250,250,0,0
stim,251908,282029,0,282029,3479349.454,-0.713,-0.048,-0.074,-0.695,0,0,1761,0,3097,2,2935,2829,45,1.013,1,2279,0,181.620,4.237,-33.375,-178.313,8.750,-0.211,0.195,1.727,1.473,3.973,5.223,0.124,0.266,1.067,1.317,3,NULL,NULL,,3,0,2,7,255,1250,250,0,0
stim,251908,282029,0,282029,3479354.456,-0.713,-0.055,-0.079,-0.695,0,0,1643,0,3079,9,2931,2805,45,1.013,1,2279,0,196.450,5.172,-51.500,-189.313,10.063,-0.262,0.215,1.766,1.637,4.906,6.508,0.142,0.288,1.067,1.317,3,NULL,NULL,,3,0,2,7,255,1250,250,0,0
stim,251908,282029,0,282029,3479359.455,-0.713,-0.063,-0.083,-0.693,0,0,1553,0,3081,16,2920,2749,45,1.013,1,2279,0,214.276,6.053,-63.063,-203.938,18.625,-0.301,0.223,1.766,1.879,5.754,6.508,0.166,0.312,1.067,1.317,3,NULL,NULL,,3,0,2,7,255,1250,250,0,0
stim,251937,282058,0,282058,3479364.455,-0.713,-0.072,-0.087,-0.692,0,0,1485,0,3056,51,2905,2699,45,1.013,1,2279,0,230.078,6.737,-74.438,-216.938,18.250,-0.359,0.277,1.699,2.023,6.426,6.504,0.192,0.342,1.067,1.317,3,NULL,NULL,,3,0,2,7,255,1250,250,0,0
stim,251937,282058,0,282058,3479369.453,-0.712,-0.082,-0.092,-0.691,0,0,1419,0,3044,61,2888,2643,45,1.013,1,2279,0,245.839,7.526,-78.063,-232.750,13.063,-0.379,0.223,1.695,2.219,7.191,5.609,0.222,0.374,1.067,1.317,3,NULL,NULL,,3,0,2,7,255,1250,250,0,0
stim,251937,282058,0,282058,3479374.455,-0.711,-0.091,-0.098,-0.690,0,0,1317,0,3035,68,2871,2588,45,1.013,1,2279,0,260.633,7.971,-70.750,-250.563,11.938,-0.402,0.203,1.762,2.219,7.656,5.609,0.256,0.410,1.067,1.317,3,NULL,NULL,,3,0,2,7,255,1250,250,0,0
stim,251937,282058,0,282058,3479379.454,-0.710,-0.102,-0.104,-0.689,0,0,1246,0,3015,69,2831,2519,45,1.013,1,2279,0,278.354,8.671,-78.000,-267.125,6.438,-0.363,0.215,1.809,2.219,8.383,5.742,0.294,0.450,1.067,1.317,3,NULL,NULL,,3,0,2,7,255,1250,250,0,0
stim,251938,282059,0,282059,3479384.455,-0.709,-0.113,-0.110,-0.687,0,0,1181,0,2975,77,2775,2425,45,1.013,1,2279,0,295.381,8.763,-67.625,-287.250,12.813,-0.395,0.086,1.957,2.117,8.504,6.055,0.338,0.496,1.067,1.317,3,NULL,NULL,,3,0,2,7,255,1250,250,0,0
stim,251938,282059,0,282059,3479389.454,-0.708,-0.124,-0.118,-0.685,0,0,1115,0,2952,79,2724,2333,45,1.013,1,2279,0,312.026,9.816,-62.750,-305.438,11.438,-0.453,0.156,2.160,2.023,9.605,7.168,0.386,0.546,1.067,1.317,3,NULL,NULL,,3,0,2,7,255,1250,250,0,0
stim,251958,282079,0,282079,3479394.455,-0.707,-0.136,-0.126,-0.683,0,0,1048,0,2907,77,2633,2235,45,1.013,1,2279,0,328.986,11.477,-63.375,-322.750,6.938,-0.590,0.148,2.332,2.023,11.297,8.559,0.438,0.600,1.067,1.317,3,NULL,NULL,,3,0,2,7,255,1250,250,0,0
stim,251958,282079,0,282079,3479399.453,-0.705,-0.147,-0.135,-0.681,0,0,989,0,2855,69,2523,2127,45,1.013,1,2279,0,347.025,13.825,-53.500,-342.875,-1.000,-0.609,0.328,2.613,2.055,13.672,9.305,0.496,0.660,1.067,1.317,3,NULL,NULL,,3,0,2,7,255,1250,250,0,0
stim,251989,282110,0,282110,3479404.455,-0.702,-0.161,-0.143,-0.679,0,0,947,0,2799,57,2397,2031,45,1.013,1,2279,0,370.605,16.028,-81.125,-361.438,-11.375,-0.633,0.434,2.617,3.977,15.527,10.590,0.566,0.730,1.067,1.317,3,NULL,NULL,,3,0,2,7,255,1250,250,0,0
stim,251989,282110,0,282110,3479409.454,-0.699,-0.175,-0.152,-0.677,0,0,873,0,2731,53,2263,1929,45,1.013,1,2279,0,389.129,16.779,-106.375,-374.125,-11.688,-0.586,0.527,2.457,5.176,15.961,10.590,0.636,0.802,1.067,1.317,3,NULL,NULL,,3,0,2,7,255,1250,250,0,0
stim,251989,282110,0,282110,3479414.455,-0.695,-0.190,-0.160,-0.675,0,0,813,0,2647,19,2075,1811,45,1.013,1,2279,0,405.314,16.779,-119.250,-386.375,-27.813,-0.547,0.379,2.285,5.176,15.961,8.754,0.710,0.878,1.067,1.317,3,NULL,NULL,,3,0,2,7,255,1250,250,0,0
stim,251989,282110,0,282110,3479419.454,-0.690,-0.205,-0.169,-0.673,0,0,672,0,2537,0,1817,1692,45,1.013,1,2279,0,417.137,16.148,-118.188,-399.375,-23.125,-0.422,0.137,2.051,4.863,15.398,6.945,0.784,0.954,1.067,1.317,3,NULL,NULL,,3,0,2,7,255,1250,250,0,0
stim,251989,282110,0,282110,3479424.455,-0.686,-0.220,-0.179,-0.670,0,0,504,0,2413,0,1571,1545,45,1.013,1,2279,0,422.157,13.974,-84.875,-413.000,-21.063,-0.285,-0.113,1.992,2.578,13.734,5.199,0.856,1.028,1.067,1.317,3,NULL,NULL,,3,0,2,7,255,1250,250,0,0
stim,251989,282110,0,282110,3479429.454,-0.682,-0.234,-0.190,-0.666,0,0,351,0,2263,0,1175,1395,45,1.013,1,2279,0,428.185,12.870,-50.188,-425.063,-12.063,-0.152,-0.234,2.059,0.273,12.867,5.199,0.926,1.098,1.067,1.317,3,NULL,NULL,,3,0,2,7,255,1250,250,0,0
stim,251989,282110,0,282110,3479434.455,-0.679,-0.248,-0.201,-0.661,0,0,264,0,2035,0,739,1199,45,1.013,1,2279,0,436.935,12.743,-49.438,-434.063,7.625,-0.094,-0.238,2.027,-0.727,12.723,5.633,0.992,1.166,1.067,1.317,3,NULL,NULL,,3,0,2,7,255,1250,250,0,0
stim,251989,282110,0,282110,3479439.453,-0.675,-0.263,-0.212,-0.656,0,0,213,0,1780,0,367,1041,45,1.013,1,2279,0,439.601,12.677,-67.938,-434.063,14.938,-0.008,-0.051,1.738,-0.727,12.656,5.633,1.056,1.230,1.067,1.317,3,NULL,NULL,,3,0,2,7,255,1250,250,0,0
stim,251989,282110,0,282110,3479444.455,-0.671,-0.277,-0.222,-0.651,0,0,141,0,1481,0,139,895,45,1.013,1,2279,0,442.218,10.780,-64.750,-436.563,27.875,0.008,-0.078,1.328,0.387,10.773,3.336,1.110,1.286,1.067,1.317,3,NULL,NULL,,3,0,2,7,255,1250,250,0,0
stim,251989,282110,0,282110,3479449.454,-0.668,-0.291,-0.233,-0.643,0,0,115,0,1083,0,0,715,45,1.013,1,2279,0,446.745,8.509,-32.500,-441.563,59.563,-0.027,-0.109,1.117,0.387,8.500,0.000,1.160,1.338,1.067,1.317,3,NULL,NULL,,3,0,2,7,255,1250,250,0,0
stim,252018,282139,0,282139,3479454.455,-0.667,-0.305,-0.245,-0.635,0,0,109,0,681,0,0,535,45,1.013,1,2279,0,453.868,8.509,9.500,-445.375,86.875,-0.172,-0.016,1.207,0.387,8.500,-2.004,1.210,1.388,1.067,1.317,3,NULL,NULL,,3,0,2,7,255,1250,250,0,0
stim,252018,282139,0,282139,3479459.454,-0.666,-0.317,-0.258,-0.624,0,0,85,0,267,0,0,411,45,1.013,1,2279,0,473.593,9.618,37.375,-457.500,116.563,-0.461,-0.004,1.398,0.629,9.598,-2.789,1.260,1.442,1.067,1.317,3,NULL,NULL,,3,0,2,7,255,1250,250,0,0
stim,252018,282139,0,282139,3479464.455,-0.666,-0.331,-0.270,-0.612,0,0,57,0,0,0,0,285,45,1.013,1,2279,0,511.873,13.179,44.813,-481.438,168.000,-0.746,0.020,1.461,0.629,13.164,-4.035,1.320,1.500,1.067,1.317,3,NULL,NULL,,3,0,2,7,255,1250,250,0,0
stim,252018,282139,0,282139,3479469.454,-0.666,-0.345,-0.282,-0.598,0,0,25,0,0,0,0,134,45,1.013,1,2279,0,531.109,15.653,35.563,-497.063,183.688,-0.891,0.301,1.328,0.629,15.641,-6.387,1.384,1.568,1.067,1.317,3,NULL,NULL,,3,0,2,7,255,1250,250,0,0
stim,252041,282162,0,282162,3479474.455,-0.664,-0.360,-0.294,-0.586,0,0,18,0,0,0,0,51,45,1.013,1,2279,0,517.730,15.859,7.438,-493.375,156.750,-0.648,0.707,1.059,2.621,15.641,-9.328,1.450,1.636,1.067,1.317,4,NULL,NULL,,3,0,2,7,255,1250,250,0,0
stim,252041,282162,0,282162,3479479.453,-0.661,-0.374,-0.304,-0.575,0,0,21,0,0,0,0,10,45,1.013,1,2279,0,474.647,13.911,-31.063,-461.500,106.500,-0.047,1.027,0.820,6.504,12.297,-9.328,1.514,1.700,1.067,1.317,0,NULL,NULL,,3,0,2,7,255,1250,250,0,0
stim,252041,282162,0,282162,3479484.455,-0.657,-0.387,-0.313,-0.566,0,0,25,0,0,0,0,36,45,1.013,1,2279,0,428.873,12.579,-54.438,-417.500,81.625,0.441,1.125,0.813,10.246,7.297,-7.555,1.570,1.758,1.067,1.317,0,NULL,NULL,,3,0,2,7,255,1250,250,0,0
stim,252041,282162,0,282162,3479489.453,-0.653,-0.400,-0.320,-0.558,0,0,25,0,0,0,0,83,45,1.013,1,2279,0,386.005,12.168,-80.563,-361.875,107.500,0.441,0.586,0.984,10.246,6.563,-4.023,1.622,1.812,1.067,1.317,0,NULL,NULL,,3,0,2,7,255,1250,250,0,0
stim,252041,282162,0,282162,3479494.455,-0.651,-0.411,-0.323,-0.550,0,0,28,0,0,0,0,125,45,1.013,1,2279,0,332.470,9.504,-77.688,-291.438,139.875,0.105,0.141,1.164,6.875,6.563,-4.023,1.676,1.866,1.067,1.317,0,NULL,NULL,,3,0,2,7,255,1250,250,0,0
stim,252041,282162,0,282162,3479499.454,-0.650,-0.420,-0.325,-0.543,0,0,27,0,0,0,0,185,45,1.013,1,2279,0,273.098,9.957,-76.250,-222.563,138.688,-0.340,0.109,1.320,2.164,9.719,-4.074,1.732,1.924,1.067,1.317,0,NULL,NULL,,3,0,2,7,255,1250,250,0,0
stim,252086,282207,0,282207,3479504.455,-0.649,-0.428,-0.325,-0.539,0,0,25,0,0,0,0,208,45,1.013,1,2279,0,202.151,13.133,-105.313,-148.500,87.875,-0.531,0.117,1.359,1.113,13.086,-7.406,1.792,1.986,1.067,1.317,0,NULL,NULL,,3,0,2,7,255,1250,250,0,0
stim,252086,282207,0,282207,3479509.454,-0.646,-0.435,-0.322,-0.538,0,0,25,0,0,0,0,200,45,1.013,1,2279,0,174.989,13.117,-154.313,-68.250,46.375,-0.418,-0.047,1.105,0.902,13.086,-8.902,1.856,2.052,1.067,1.317,0,NULL,NULL,,3,0,2,7,255,1250,250,0,0
stim,252086,282207,0,282207,3479514.455,-0.644,-0.441,-0.317,-0.540,0,0,19,0,0,0,0,181,45,1.013,1,2279,0,198.415,11.539,-191.375,11.125,51.188,-0.332,0.121,0.660,0.902,11.504,-9.117,1.916,2.112,1.067,1.317,0,NULL,NULL,,3,0,2,7,255,1250,250,0,0
stim,252086,282207,0,282207,3479519.453,-0.643,-0.445,-0.309,-0.542,0,0,21,0,0,0,0,127,45,1.013,1,2279,0,215.541,7.269,-189.250,84.625,59.000,-0.422,0.484,0.219,1.004,7.199,-10.352,1.966,2.164,1.067,1.317,0,NULL,NULL,,3,0,2,7,255,1250,250,0,0
stim,252086,282207,0,282207,3479524.455,-0.643,-0.446,-0.300,-0.546,0,0,18,0,0,0,0,104,45,1.013,1,2279,0,205.825,5.254,-142.000,142.563,43.313,-0.527,0.531,0.063,3.840,3.586,-13.773,2.006,2.206,1.067,1.317,0,NULL,NULL,,3,0,2,7,255,1250,250,0,0
stim,252086,282207,0,282207,3479529.453,-0.643,-0.444,-0.293,-0.550,0,0,21,0,0,0,0,107,45,1.013,1,2279,0,207.426,5.254,-93.500,184.250,18.313,-0.523,0.285,0.297,3.840,3.586,-13.773,2.036,2.238,1.067,1.317,0,NULL,NULL,,3,0,2,7,255,1250,250,0,0
stim,252086,282207,0,282207,3479534.455,-0.644,-0.442,-0.285,-0.556,0,0,16,0,0,0,0,102,45,1.013,1,2279,0,232.396,5.132,-91.625,213.438,7.563,-0.418,0.113,0.535,1.895,4.770,-13.758,2.058,2.262,1.067,1.317,0,NULL,NULL,,3,0,2,7,255,1250,250,0,0
stim,252086,282207,0,282207,3479539.454,-0.645,-0.439,-0.275,-0.561,0,0,18,0,0,0,0,101,45,1.013,1,2279,0,260.464,5.632,-117.063,232.063,16.875,-0.324,0.105,0.480,1.020,5.539,-11.309,2.076,2.282,1.067,1.317,0,NULL,NULL,,3,0,2,7,255,1250,250,0,0
stim,252108,282229,0,282229,3479544.455,-0.646,-0.437,-0.264,-0.567,0,0,17,0,0,0,0,99,45,1.013,1,2279,0,275.198,5.632,-125.500,242.375,35.188,-0.289,0.172,0.199,1.020,5.539,-11.309,2.090,2.298,1.067,1.317,0,NULL,NULL,,3,0,2,7,255,1250,250,0,0
stim,252108,282229,0,282229,3479549.454,-0.648,-0.434,-0.254,-0.571,0,0,9,0,0,0,0,98,45,1.013,1,2279,0,271.480,3.146,-105.375,246.000,45.625,-0.320,0.160,0.008,1.020,2.977,-11.730,2.100,2.308,1.067,1.317,0,NULL,NULL,,3,0,2,7,255,1250,250,0,0
stim,252108,282229,0,282229,3479554.455,-0.650,-0.431,-0.244,-0.576,0,0,12,0,0,0,0,100,45,1.013,1,2279,0,263.477,1.726,-77.125,248.250,42.938,-0.336,0.145,-0.074,0.734,1.563,-12.828,2.106,2.314,1.067,1.317,0,NULL,NULL,,3,0,2,7,255,1250,250,0,0
stim,252108,282229,0,282229,3479559.454,-0.653,-0.426,-0.235,-0.580,0,0,7,0,0,0,0,93,45,1.013,1,2279,0,258.847,1.094,-50.500,250.375,42.000,-0.211,0.098,-0.066,0.406,1.016,-12.828,2.108,2.320,1.067,1.317,0,NULL,NULL,,3,0,2,7,255,1250,250,0,0
stim,252137,282258,0,282258,3479564.455,-0.656,-0.421,-0.226,-0.584,0,0,4,0,0,0,0,95,45,1.013,1,2279,0,259.742,0.846,-32.688,251.875,54.375,-0.188,0.145,-0.020,0.406,0.742,-12.094,2.112,2.324,1.067,1.317,0,NULL,NULL,,3,0,2,7,255,1250,250,0,0
stim,252137,282258,0,282258,3479569.453,-0.660,-0.416,-0.218,-0.587,0,0,3,0,0,0,0,93,45,1.013,1,2279,0,261.585,1.115,-14.875,252.188,67.875,-0.203,0.199,-0.008,0.832,0.742,-11.988,2.118,2.332,1.067,1.317,0,NULL,NULL,,3,0,2,7,255,1250,250,0,0
stim,252137,282258,0,282258,3479574.455,-0.664,-0.410,-0.209,-0.590,0,0,3,0,0,0,0,100,45,1.013,1,2279,0,261.615,1.624,3.750,250.625,74.938,-0.285,0.211,0.043,1.320,0.945,-11.988,2.128,2.342,1.067,1.317,0,NULL,NULL,,3,0,2,7,255,1250,250,0,0
stim,252137,282258,0,282258,3479579.454,-0.668,-0.403,-0.201,-0.592,0,0,1,0,0,0,0,100,45,1.013,1,2279,0,259.397,2.277,22.625,247.938,72.813,-0.324,0.156,0.109,1.320,1.855,-12.051,2.140,2.356,1.067,1.317,0,NULL,NULL,,3,0,2,7,255,1250,250,0,0
stim,252137,282258,0,282258,3479584.455,-0.673,-0.396,-0.194,-0.594,0,0,10,0,0,0,0,103,45,1.013,1,2279,0,258.009,2.856,38.375,245.438,69.688,-0.324,0.098,0.211,0.922,2.703,-12.051,2.156,2.374,1.067,1.317,0,NULL,NULL,,3,0,2,7,255,1250,250,0,0
stim,252137,282258,0,282258,3479589.454,-0.677,-0.389,-0.187,-0.596,0,0,9,0,0,0,0,99,45,1.013,1,2279,0,258.134,3.632,50.250,244.188,66.938,-0.355,0.105,0.332,0.910,3.516,-11.219,2.176,2.396,1.067,1.317,0,NULL,NULL,,3,0,2,7,255,1250,250,0,0
stim,252184,282305,0,282305,3479594.455,-0.681,-0.381,-0.181,-0.598,0,0,5,0,0,0,0,107,45,1.013,1,2279,0,258.228,4.756,58.063,244.063,61.188,-0.438,0.137,0.492,0.910,4.668,-10.633,2.204,2.424,1.067,1.317,0,NULL,NULL,,3,0,2,7,255,1250,250,0,0
stim,252184,282305,0,282305,3479599.453,-0.685,-0.373,-0.174,-0.601,0,0,2,0,0,0,0,95,45,1.013,1,2279,0,257.419,6.516,58.438,245.750,49.563,-0.512,0.152,0.680,1.387,6.367,-10.188,2.238,2.460,1.067,1.317,0,NULL,NULL,,3,0,2,7,255,1250,250,0,0
stim,252184,282305,0,282305,3479604.455,-0.689,-0.365,-0.167,-0.604,0,0,6,0,0,0,0,101,45,1.013,1,2279,0,257.998,8.373,48.125,251.313,33.000,-0.527,0.180,0.836,1.824,8.172,-9.387,2.274,2.498,1.067,1.317,0,NULL,NULL,,3,0,2,7,255,1250,250,0,0
stim,252184,282305,0,282305,3479609.454,-0.691,-0.358,-0.160,-0.607,0,0,12,0,0,0,0,101,45,1.013,1,2279,0,263.578,9.661,31.375,261.188,16.438,-0.504,0.227,0.914,2.457,9.344,-8.367,2.316,2.542,1.067,1.317,0,NULL,NULL,,3,0,2,7,255,1250,250,0,0
stim,252184,282305,0,282305,3479614.455,-0.693,-0.350,-0.152,-0.612,0,0,11,0,0,0,0,107,45,1.013,1,2279,0,274.449,10.182,16.563,273.938,2.500,-0.508,0.262,0.949,3.160,9.680,-7.637,2.360,2.588,1.067,1.317,0,NULL,NULL,,3,0,2,7,255,1250,250,0,0
stim,252184,282305,0,282305,3479619.454,-0.695,-0.342,-0.144,-0.617,0,0,8,0,0,0,0,115,45,1.013,1,2279,0,288.827,10.481,3.875,288.500,-13.188,-0.527,0.254,0.984,3.621,9.836,-7.293,2.406,2.634,1.067,1.317,0,NULL,NULL,,3,0,2,7,255,1250,250,0,0
stim,252184,282305,0,282305,3479624.455,-0.695,-0.334,-0.135,-0.622,0,0,9,0,0,0,0,111,45,1.013,1,2279,0,305.574,10.621,-9.438,303.688,-32.563,-0.520,0.215,0.992,3.621,9.984,-6.918,2.450,2.680,1.067,1.317,0,NULL,NULL,,3,0,2,7,255,1250,250,0,0
stim,252184,282305,0,282305,3479629.454,-0.695,-0.325,-0.126,-0.629,0,0,9,0,0,0,0,119,45,1.013,1,2279,0,323.548,10.562,-21.063,318.688,-51.750,-0.418,0.195,0.930,3.445,9.984,-6.434,2.494,2.726,1.067,1.317,0,NULL,NULL,,3,0,2,7,255,1250,250,0,0
stim,252206,282327,0,282327,3479634.455,-0.694,-0.317,-0.116,-0.636,0,0,7,0,0,0,0,117,45,1.013,1,2279,0,340.751,9.350,-26.125,333.000,-67.375,-0.180,0.172,0.797,3.398,8.711,-5.980,2.536,2.770,1.067,1.317,0,NULL,NULL,,3,0,2,7,255,1250,250,0,0
stim,252206,282327,0,282327,3479639.453,-0.693,-0.307,-0.106,-0.643,0,0,7,0,0,0,0,118,45,1.013,1,2279,0,351.995,6.769,-19.625,345.063,-66.688,0.000,0.070,0.594,3.320,5.898,-5.484,2.574,2.808,1.067,1.317,0,NULL,NULL,,3,0,2,7,255,1250,250,0,0
stim,252206,282327,0,282327,3479644.455,-0.693,-0.297,-0.097,-0.649,0,0,9,0,0,0,0,125,45,1.013,1,2279,0,352.487,3.859,5.188,348.875,-50.063,-0.012,0.094,0.496,2.188,3.180,-5.484,2.606,2.842,1.067,1.317,0,NULL,NULL,,3,0,2,7,255,1250,250,0,0
stim,252206,282327,0,282327,3479649.454,-0.693,-0.286,-0.088,-0.656,0,0,7,0,0,0,0,131,45,1.013,1,2279,0,354.650,3.432,34.813,349.563,-48.688,-0.035,0.148,0.496,2.188,2.645,-6.297,2.636,2.872,1.067,1.317,0,NULL,NULL,,3,0,2,7,255,1250,250,0,0
stim,252206,282327,0,282327,3479654.455,-0.694,-0.274,-0.080,-0.661,0,0,7,0,0,0,0,147,45,1.013,1,2279,0,355.241,3.459,63.188,346.000,-49.875,0.039,0.094,0.527,2.293,2.590,-6.297,2.662,2.900,1.067,1.317,0,NULL,NULL,,3,0,2,7,255,1250,250,0,0
stim,252206,282327,0,282327,3479659.454,-0.694,-0.261,-0.073,-0.667,0,0,6,0,0,0,0,148,45,1.013,1,2279,0,354.050,3.153,90.750,340.000,-38.938,0.133,0.078,0.582,2.367,2.082,-5.617,2.684,2.924,1.067,1.317,0,NULL,NULL,,3,0,2,7,255,1250,250,0,0
stim,252234,282355,0,282355,3479664.455,-0.696,-0.248,-0.067,-0.671,0,0,4,0,0,0,0,143,45,1.013,1,2279,0,353.839,2.730,115.500,333.688,-22.688,0.164,0.129,0.645,2.367,1.359,-4.633,2.704,2.946,1.067,1.317,0,NULL,NULL,,3,0,2,7,255,1250,250,0,0
stim,252234,282355,0,282355,3479669.454,-0.698,-0.234,-0.061,-0.674,0,0,0,0,0,0,0,139,45,1.013,1,2279,0,355.068,3.251,136.313,327.750,-8.500,0.121,0.176,0.707,2.953,1.359,-4.063,2.724,2.968,1.067,1.317,0,NULL,NULL,,3,0,2,7,255,1250,250,0,0
stim,252234,282355,0,282355,3479674.455,-0.700,-0.220,-0.056,-0.678,0,0,0,0,0,0,0,140,45,1.013,1,2279,0,358.536,3.841,158.188,321.750,-1.438,0.047,0.219,0.797,3.473,1.641,-3.742,2.744,2.988,1.067,1.317,0,NULL,NULL,,3,0,2,7,255,1250,250,0,0
stim,252234,282355,0,282355,3479679.453,-0.702,-0.205,-0.052,-0.681,0,0,0,0,0,0,0,140,45,1.013,1,2279,0,365.922,4.669,182.063,317.375,-5.063,-0.027,0.262,0.934,3.973,2.453,-3.258,2.764,3.010,1.067,1.317,0,NULL,NULL,,3,0,2,7,255,1250,250,0,0
stim,252251,282372,0,282372,3479684.455,-0.704,-0.189,-0.048,-0.683,0,0,0,0,0,0,0,149,45,1.013,1,2279,0,369.170,5.371,195.063,313.375,-5.750,0.012,0.180,1.176,4.172,3.383,-2.277,2.784,3.034,1.067,1.317,0,NULL,NULL,,3,0,2,7,255,1250,250,0,0
stim,252251,282372,0,282372,3479689.453,-0.705,-0.174,-0.044,-0.686,0,0,0,0,0,0,0,138,45,1.013,1,2279,0,364.816,5.574,190.250,311.250,4.375,0.031,0.156,1.387,4.230,3.629,0.395,2.808,3.058,1.067,1.317,0,NULL,NULL,,3,0,2,7,255,1250,250,0,0
stim,252251,282372,0,282372,3479694.455,-0.707,-0.159,-0.040,-0.687,0,0,0,0,0,0,0,138,45,1.013,1,2279,0,356.725,5.695,175.250,310.438,13.000,-0.027,0.207,1.520,4.230,3.813,2.590,2.834,3.084,1.067,1.317,0,NULL,NULL,,3,0,2,7,255,1250,250,0,0
stim,252251,282372,0,282372,3479699.454,-0.709,-0.145,-0.035,-0.689,0,0,0,0,0,0,0,135,45,1.013,1,2279,0,349.907,6.475,161.813,310.063,10.625,-0.113,0.316,1.594,4.770,4.379,3.727,2.860,3.112,1.067,1.317,0,NULL,NULL,,3,0,2,7,255,1250,250,0,0
stim,252289,282410,0,282410,3479704.455,-0.710,-0.131,-0.030,-0.691,0,0,0,0,0,0,0,139,45,1.013,1,2279,0,345.141,7.360,149.250,311.188,-3.000,-0.121,0.309,1.652,5.578,4.801,4.188,2.888,3.142,1.067,1.317,0,NULL,NULL,,3,0,2,7,255,1250,250,0,0
stim,252289,282410,0,282410,3479709.454,-0.711,-0.117,-0.025,-0.693,0,0,0,0,0,0,0,140,45,1.013,1,2279,0,340.383,7.360,136.875,311.500,-9.688,-0.090,0.219,1.719,5.578,4.801,4.918,2.918,3.174,1.067,1.317,0,NULL,NULL,,3,0,2,7,255,1250,250,0,0
stim,252289,282410,0,282410,3479714.455,-0.711,-0.104,-0.019,-0.695,0,0,0,0,0,0,0,140,45,1.013,1,2279,0,334.270,6.284,118.250,312.375,-13.250,-0.082,0.176,1.746,4.672,4.203,5.953,2.948,3.204,1.067,1.317,0,NULL,NULL,,3,0,2,7,255,1250,250,0,0
stim,252289,282410,0,282410,3479719.453,-0.711,-0.092,-0.012,-0.698,0,0,3,0,0,0,0,144,45,1.013,1,2279,0,328.011,5.687,99.938,312.000,-16.125,-0.090,0.211,1.727,4.316,3.703,6.320,2.976,3.234,1.067,1.317,0,NULL,NULL,,3,0,2,7,255,1250,250,0,0
stim,252289,282410,0,282410,3479724.455,-0.710,-0.080,-0.005,-0.700,0,0,5,0,0,0,0,149,45,1.013,1,2279,0,323.386,5.429,85.500,311.188,-20.750,-0.078,0.238,1.645,4.316,3.293,6.320,3.002,3.262,1.067,1.317,0,NULL,NULL,,3,0,2,7,255,1250,250,0,0
stim,252289,282410,0,282410,3479729.453,-0.709,-0.068,0.001,-0.702,0,0,9,0,0,0,0,149,45,1.013,1,2279,0,319.904,5.070,82.625,308.063,-24.688,-0.055,0.164,1.551,4.316,2.660,5.621,3.024,3.286,1.067,1.317,0,NULL,NULL,,3,0,2,7,255,1250,250,0,0
stim,252289,282410,0,282410,3479734.455,-0.708,-0.055,0.008,-0.704,0,0,11,0,0,0,0,152,45,1.013,1,2279,0,317.036,3.927,84.125,304.688,-24.500,-0.027,0.082,1.535,3.434,1.906,4.980,3.046,3.308,1.067,1.317,0,NULL,NULL,,3,0,2,7,255,1250,250,0,0
stim,252289,282410,0,282410,3479739.454,-0.708,-0.043,0.014,-0.705,0,0,7,0,0,0,0,150,45,1.013,1,2279,0,313.008,2.985,86.125,300.125,-21.938,-0.035,0.121,1.496,2.727,1.215,4.953,3.064,3.328,1.067,1.317,0,NULL,NULL,,3,0,2,7,255,1250,250,0,0
stim,252289,282410,0,282410,3479744.455,-0.706,-0.031,0.020,-0.707,0,0,7,0,0,0,0,149,45,1.013,1,2279,0,310.134,2.868,95.063,294.375,-22.125,-0.047,0.168,1.480,2.727,0.891,4.602,3.078,3.344,1.067,1.317,0,NULL,NULL,,3,0,2,7,255,1250,250,0,0
stim,252289,282410,0,282410,3479749.454,-0.705,-0.019,0.026,-0.708,0,0,11,0,0,0,0,151,45,1.013,1,2279,0,307.805,2.795,107.000,287.750,-22.250,-0.039,0.145,1.512,2.727,0.613,4.602,3.090,3.358,1.067,1.317,0,NULL,NULL,,3,0,2,7,255,1250,250,0,0
stim,252319,282440,0,282440,3479754.455,-0.704,-0.006,0.031,-0.709,0,0,11,0,0,0,0,151,45,1.013,1,2279,0,305.261,2.731,117.188,281.188,-19.625,-0.035,0.117,1.547,2.727,0.164,4.813,3.100,3.368,1.067,1.317,0,NULL,NULL,,3,0,2,7,255,1250,250,0,0
stim,252319,282440,0,282440,3479759.454,-0.703,0.006,0.035,-0.710,0,0,12,0,0,0,0,151,45,1.013,1,2279,0,303.932,2.335,128.875,274.750,-16.688,-0.039,0.113,1.578,2.320,-0.266,5.215,3.106,3.376,1.067,1.317,0,NULL,NULL,,3,0,2,7,255,1250,250,0,0
stim,252319,282440,0,282440,3479764.455,-0.702,0.019,0.039,-0.711,0,0,16,0,0,0,0,152,45,1.013,1,2279,0,306.070,2.210,144.250,269.500,-15.500,-0.023,0.113,1.633,2.121,-0.621,5.547,3.110,3.380,1.067,1.317,0,NULL,NULL,,3,0,2,7,255,1250,250,0,0
stim,252319,282440,0,282440,3479769.453,-0.700,0.032,0.042,-0.712,0,0,13,0,0,0,0,151,45,1.013,1,2279,0,310.643,2.266,160.625,265.500,-14.438,0.008,0.086,1.711,1.941,-1.168,6.059,3.108,3.382,1.067,1.317,0,NULL,NULL,,3,0,2,7,255,1250,250,0,0
stim,252342,282463,0,282463,3479774.455,-0.699,0.046,0.044,-0.712,0,0,17,0,0,0,0,149,45,1.013,1,2279,0,316.376,2.425,175.000,263.313,-11.625,0.051,0.063,1.805,1.488,-1.914,6.801,3.104,3.378,1.067,1.317,0,NULL,NULL,,3,0,2,7,255,1250,250,0,0
stim,252342,282463,0,282463,3479779.454,-0.698,0.059,0.046,-0.713,0,0,23,0,0,0,0,149,45,1.013,1,2279,0,322.278,2.982,186.563,262.625,-9.250,0.098,0.078,1.902,1.012,-2.805,7.656,3.094,3.370,1.067,1.317,0,NULL,NULL,,3,0,2,7,255,1250,250,0,0
stim,252342,282463,0,282463,3479784.455,-0.696,0.073,0.048,-0.713,0,0,21,0,0,0,0,147,45,1.013,1,2279,0,327.920,3.902,196.125,262.688,-7.875,0.172,0.105,1.988,0.867,-3.805,8.461,3.078,3.354,1.067,1.317,0,NULL,NULL,,3,0,2,7,255,1250,250,0,0
stim,252342,282463,0,282463,3479789.454,-0.694,0.087,0.049,-0.713,0,0,22,0,0,0,0,149,45,1.013,1,2279,0,333.643,5.137,205.063,263.125,-5.688,0.289,0.109,2.074,0.777,-5.078,9.109,3.054,3.332,1.067,1.317,0,NULL,NULL,,3,0,2,7,255,1250,250,0,0
stim,252342,282463,0,282463,3479794.455,-0.692,0.102,0.051,-0.712,0,0,26,0,0,0,0,147,45,1.013,1,2279,0,338.642,6.809,212.938,263.313,-1.500,0.430,0.121,2.172,0.398,-6.797,9.609,3.022,3.302,1.067,1.317,0,NULL,NULL,,3,0,2,7,255,1250,250,0,0
stim,252342,282463,0,282463,3479799.453,-0.691,0.117,0.052,-0.712,0,0,26,0,0,0,0,145,45,1.013,1,2279,0,342.508,8.774,218.563,263.688,3.375,0.566,0.137,2.266,0.059,-8.773,10.098,2.986,3.266,1.067,1.317,0,NULL,NULL,,3,0,2,7,255,1250,250,0,0
stim,252387,282508,0,282508,3479804.455,-0.689,0.132,0.053,-0.711,0,0,23,0,0,0,0,142,45,1.013,1,2279,0,343.904,10.770,221.188,263.125,10.563,0.688,0.148,2.359,-0.289,-10.766,10.461,2.942,3.224,1.067,1.317,0,NULL,NULL,,3,0,2,7,255,1250,250,0,0
stim,252387,282508,0,282508,3479809.454,-0.687,0.146,0.054,-0.709,0,0,25,0,0,0,0,139,45,1.013,1,2279,0,342.856,12.609,220.500,261.875,18.750,0.785,0.156,2.453,-0.688,-12.590,10.801,2.888,3.172,1.067,1.317,0,NULL,NULL,,3,0,2,7,255,1250,250,0,0
stim,252387,282508,0,282508,3479814.455,-0.686,0.161,0.055,-0.708,0,0,28,0,0,0,0,143,45,1.013,1,2279,0,338.583,14.272,213.625,261.563,24.250,0.848,0.160,2.527,-1.137,-14.227,11.113,2.830,3.114,1.067,1.317,0,NULL,NULL,,3,0,2,7,255,1250,250,0,0
stim,252387,282508,0,282508,3479819.454,-0.684,0.175,0.056,-0.706,0,0,26,0,0,0,0,149,45,1.013,1,2279,0,333.529,15.563,206.313,260.125,31.813,0.902,0.105,2.590,-1.602,-15.480,11.238,2.764,3.050,1.067,1.317,0,NULL,NULL,,3,0,2,7,255,1250,250,0,0
stim,252387,282508,0,282508,3479824.455,-0.683,0.189,0.058,-0.703,0,0,27,0,0,0,0,153,45,1.013,1,2279,0,324.006,16.846,189.875,259.938,36.875,0.902,0.121,2.629,-2.625,-16.641,11.238,2.692,2.978,1.067,1.317,0,NULL,NULL,,3,0,2,7,255,1250,250,0,0
stim,252387,282508,0,282508,3479829.454,-0.682,0.202,0.060,-0.700,0,0,27,0,0,0,0,163,45,1.013,1,2279,0,308.493,17.436,164.500,258.063,38.875,0.906,0.176,2.609,-2.645,-17.234,11.176,2.614,2.900,1.067,1.317,0,NULL,NULL,,3,0,2,7,255,1250,250,0,0
stim,252387,282508,0,282508,3479834.455,-0.681,0.214,0.063,-0.698,0,0,24,0,0,0,0,159,45,1.013,1,2279,0,292.349,17.911,139.438,254.313,36.750,0.992,0.168,2.504,-2.746,-17.699,10.637,2.530,2.818,1.067,1.317,0,NULL,NULL,,3,0,2,7,255,1250,250,0,0
stim,252387,282508,0,282508,3479839.453,-0.680,0.225,0.067,-0.695,0,0,22,0,0,0,0,164,45,1.013,1,2279,0,279.413,18.695,122.063,248.750,36.000,1.105,0.055,2.348,-2.746,-18.492,8.957,2.442,2.732,1.067,1.317,0,NULL,NULL,,3,0,2,7,255,1250,250,0,0
stim,252410,282531,0,282531,3479844.455,-0.679,0.236,0.070,-0.692,0,0,24,0,0,0,0,171,45,1.013,1,2279,0,267.428,19.601,110.125,240.375,40.125,1.199,-0.125,2.180,-3.695,-19.250,6.492,2.352,2.642,1.067,1.317,0,NULL,NULL,,3,0,2,7,255,1250,250,0,0
stim,252410,282531,0,282531,3479849.454,-0.678,0.246,0.074,-0.688,0,0,25,0,0,0,0,188,45,1.013,1,2279,0,254.816,20.216,101.188,229.688,44.000,1.270,-0.309,1.977,-5.188,-19.539,3.875,2.260,2.550,1.067,1.317,0,NULL,NULL,,3,0,2,7,255,1250,250,0,0
stim,252410,282531,0,282531,3479854.455,-0.678,0.256,0.077,-0.685,0,0,23,0,0,0,0,211,45,1.013,1,2279,0,243.044,20.612,100.938,216.188,46.313,1.332,-0.449,1.750,-6.563,-19.539,1.059,2.166,2.456,1.067,1.317,0,NULL,NULL,,3,0,2,7,255,1250,250,0,0
stim,252410,282531,0,282531,3479859.454,-0.677,0.265,0.079,-0.682,0,0,26,0,0,0,0,217,45,1.013,1,2279,0,235.164,20.592,112.438,201.313,46.188,1.355,-0.484,1.574,-7.414,-19.211,-1.871,2.072,2.362,1.067,1.317,0,NULL,NULL,,3,0,2,7,255,1250,250,0,0
stim,252433,282555,0,282555,3479864.455,-0.676,0.275,0.080,-0.679,0,0,23,0,0,0,0,237,45,1.013,1,2279,0,229.736,20.607,132.188,183.313,41.250,1.539,-0.527,1.473,-7.457,-19.211,-3.934,1.974,2.266,1.067,1.317,0,NULL,NULL,,3,0,2,7,255,1250,250,0,0
stim,252433,282555,0,282555,3479869.453,-0.675,0.284,0.080,-0.676,0,0,27,0,0,0,0,251,45,1.013,1,2279,0,228.874,21.265,142.625,165.063,69.250,1.723,-0.707,1.578,-7.520,-19.891,-6.137,1.874,2.168,1.067,1.317,0,NULL,NULL,,3,0,2,7,255,1250,250,0,0
stim,252433,282555,0,282555,3479874.455,-0.675,0.292,0.080,-0.673,0,0,23,0,0,0,0,296,45,1.013,1,2279,0,208.446,23.589,127.375,149.563,69.688,1.652,-0.719,1.625,-9.359,-21.652,-6.660,1.768,2.062,1.067,1.317,0,NULL,NULL,,3,0,2,7,255,1250,250,0,0
stim,252433,282555,0,282555,3479879.453,-0.675,0.300,0.080,-0.669,0,0,23,0,0,0,0,319,45,1.013,1,2279,0,189.057,23.840,116.500,135.000,62.813,1.852,-0.715,1.379,-9.359,-21.926,-6.984,1.654,1.948,1.067,1.317,0,NULL,NULL,,3,0,2,7,255,1250,250,0,0
stim,252433,282555,0,282555,3479884.455,-0.674,0.308,0.079,-0.667,0,0,26,0,0,0,0,341,45,1.013,1,2279,0,186.151,23.779,134.188,117.938,52.313,2.023,-0.766,1.219,-8.734,-22.117,-9.961,1.534,1.830,1.067,1.317,0,NULL,NULL,,3,0,2,7,255,1250,250,0,0
stim,252433,282555,0,282555,3479889.454,-0.673,0.315,0.077,-0.665,0,0,23,0,0,0,0,344,45,1.013,1,2279,0,187.508,24.336,151.500,103.063,39.813,2.164,-0.996,1.211,-8.734,-22.715,-12.574,1.406,1.704,1.067,1.317,0,NULL,NULL,,3,0,2,7,255,1250,250,0,0
stim,252484,282605,0,282605,3479894.455,-0.671,0.323,0.074,-0.663,0,0,22,0,0,0,0,349,45,1.013,1,2279,0,184.897,25.899,160.063,86.688,32.438,2.316,-1.313,1.176,-10.586,-23.637,-14.336,1.270,1.568,1.067,1.317,0,NULL,NULL,,3,0,2,7,255,1250,250,0,0
stim,252484,282605,0,282605,3479899.454,-0.669,0.330,0.071,-0.662,0,0,23,0,0,0,0,355,45,1.013,1,2279,0,189.347,27.773,173.938,66.063,35.125,2.344,-1.480,1.172,-13.254,-24.406,-16.699,1.130,1.428,1.067,1.317,0,NULL,NULL,,3,0,2,7,255,1250,250,0,0
stim,252484,282605,0,282605,3479904.455,-0.667,0.337,0.066,-0.661,0,0,23,0,0,0,0,357,45,1.013,1,2279,0,201.115,28.518,193.125,41.813,37.438,2.297,-1.402,1.375,-14.738,-24.414,-16.699,0.986,1.284,1.067,1.317,0,NULL,NULL,,3,0,2,7,255,1250,250,0,0
stim,252484,282605,0,282605,3479909.454,-0.666,0.343,0.060,-0.660,0,0,25,0,0,0,0,355,45,1.013,1,2279,0,208.139,29.058,203.500,14.250,41.313,2.090,-1.176,1.738,-14.738,-25.043,-16.027,0.844,1.140,1.067,1.317,0,NULL,NULL,,3,0,2,7,255,1250,250,0,0
stim,252484,282605,0,282605,3479914.455,-0.663,0.348,0.054,-0.660,0,0,24,0,0,0,0,355,45,1.013,1,2279,0,194.744,29.098,192.250,-14.688,27.375,1.906,-0.957,2.211,-14.270,-25.359,-11.746,0.702,0.996,1.067,1.317,0,NULL,NULL,,3,0,2,7,255,1250,250,0,0
stim,252484,282605,0,282605,3479919.453,-0.662,0.352,0.047,-0.660,0,0,25,0,0,0,0,350,45,1.013,1,2279,0,164.020,29.926,155.188,-44.438,29.063,1.723,-0.707,2.453,-14.191,-26.348,-6.668,0.566,0.856,1.067,1.317,0,NULL,NULL,,3,0,2,7,255,1250,250,0,0
stim,252484,282605,0,282605,3479924.455,-0.661,0.353,0.043,-0.661,0,0,25,0,0,0,0,350,45,1.013,1,2279,0,118.082,29.523,95.375,-69.188,7.750,1.418,-0.422,2.633,-13.320,-26.348,-3.074,0.440,0.722,1.067,1.317,0,NULL,NULL,,3,0,2,7,255,1250,250,0,0
stim,252484,282605,0,282605,3479929.454,-0.660,0.351,0.040,-0.663,0,0,21,0,0,0,0,341,45,1.013,1,2279,0,94.720,27.704,21.563,-90.813,-16.125,1.281,-0.211,2.617,-12.027,-24.957,0.934,0.330,0.594,1.067,1.317,0,NULL,NULL,,3,0,2,7,255,1250,250,0,0
stim,252506,282627,0,282627,3479934.455,-0.661,0.346,0.037,-0.665,0,0,23,0,0,0,0,421,45,1.013,1,2279,0,120.005,26.674,-33.688,-114.063,-16.000,0.961,-0.418,2.789,-12.027,-23.809,2.477,0.246,0.478,1.067,1.317,0,NULL,NULL,,3,0,2,7,255,1250,250,0,0
stim,252506,282627,0,282627,3479939.454,-0.665,0.346,0.021,-0.661,105,0,11,362,0,4,0,467,45,1.013,1,2279,0,395.056,27.243,205.063,-232.563,244.813,0.305,0.289,4.957,-13.242,-23.809,4.863,0.206,0.374,1.067,1.317,0,NULL,NULL,,3,0,2,7,255,1250,250,0,0
stim,252506,282627,0,282627,3479944.455,-0.682,0.331,0.020,-0.651,647,0,7,920,0,116,0,525,45,1.013,1,2279,0,565.347,25.361,-346.250,-176.688,410.500,-0.852,2.016,4.586,-13.242,-21.629,27.441,0.204,0.296,1.067,1.317,0,NULL,NULL,,3,0,2,7,255,1250,250,0,0
stim,252506,282627,0,282627,3479949.454,-0.701,0.304,0.034,-0.644,1121,0,4,1335,0,346,0,580,45,1.013,1,2279,0,851.184,15.439,-791.938,-151.625,272.688,-1.305,2.488,1.238,-0.180,-15.438,27.441,0.230,0.256,1.067,1.317,0,NULL,NULL,,3,0,2,7,255,1250,250,0,0
stim,252506,282627,0,282627,3479954.455,-0.714,0.282,0.045,-0.640,1524,0,0,1630,0,505,0,614,45,1.013,1,2279,0,640.970,17.629,-606.625,-143.500,149.188,-1.738,1.906,-1.258,16.738,5.531,14.539,0.244,0.262,1.067,1.317,0,NULL,NULL,,3,0,2,7,255,1250,250,0,0
stim,252506,282627,0,282627,3479959.454,-0.718,0.269,0.049,-0.640,1807,0,0,1792,0,624,0,655,46,1.013,1,2280,0,311.919,23.118,-283.188,-128.313,25.188,-1.320,0.867,-0.914,16.738,15.945,-7.094,0.250,0.292,1.067,1.317,1,1298.000,48.000,,3,0,2,7,255,1250,250,0,0
stim,252549,282670,0,282670,3479964.455,-0.719,0.264,0.046,-0.642,1995,0,0,1876,0,781,0,731,46,1.013,1,2280,0,142.635,17.803,-55.063,-130.625,-15.813,-0.227,0.574,0.695,7.918,15.945,-7.094,0.264,0.324,1.067,1.317,1,NULL,NULL,,3,0,2,7,255,1250,250,0,0
stim,252549,282670,0,282670,3479969.454,-0.722,0.257,0.045,-0.641,2138,0,0,1927,0,921,0,805,46,1.013,1,2280,0,175.009,5.960,-112.375,-120.188,59.625,0.258,1.043,1.836,5.910,-0.766,-1.355,0.288,0.358,1.067,1.317,1,NULL,NULL,,3,0,2,7,255,1250,250,0,0
stim,252549,282670,0,282670,3479974.455,-0.729,0.246,0.047,-0.637,2247,0,0,2023,0,1035,0,813,46,1.013,1,2280,0,319.808,7.560,-266.563,-119.875,129.813,-0.086,1.570,1.629,5.910,-4.715,7.828,0.320,0.390,1.067,1.317,1,NULL,NULL,,3,0,2,7,255,1250,250,0,0
stim,252549,282670,0,282670,3479979.454,-0.736,0.232,0.051,-0.634,2356,0,0,2087,0,1191,0,853,46,1.013,1,2280,0,359.708,8.652,-323.063,-115.688,107.875,-0.723,1.055,0.688,7.254,-4.715,7.828,0.346,0.420,1.067,1.317,1,NULL,NULL,,3,0,2,7,255,1250,250,0,0
stim,252549,282670,0,282670,3479984.455,-0.739,0.221,0.055,-0.634,2516,0,0,2275,0,1263,0,875,46,1.013,1,2280,0,296.203,8.632,-271.500,-115.563,25.875,-0.762,0.148,0.316,7.254,4.680,1.422,0.356,0.440,1.067,1.317,2,NULL,NULL,,3,0,2,7,255,1250,250,0,0
stim,252549,282670,0,282670,3479989.453,-0.742,0.211,0.057,-0.634,2663,0,0,2460,0,1287,0,926,46,1.013,1,2280,0,232.558,4.722,-200.438,-117.875,-3.688,-0.520,-0.250,0.430,-0.629,4.680,-3.973,0.348,0.446,1.067,1.317,2,NULL,NULL,,3,0,2,7,255,1250,250,0,0
stim,252549,282670,0,282670,3479994.455,-0.747,0.201,0.056,-0.632,2759,0,0,2604,0,1290,0,1031,46,1.013,1,2280,0,270.301,6.986,-192.188,-159.500,103.375,-1.023,-1.098,0.531,-4.051,5.691,-3.973,0.320,0.438,1.067,1.317,2,NULL,NULL,,3,0,2,7,255,1250,250,0,0
stim,252549,282670,0,282670,3479999.453,-0.750,0.190,0.056,-0.631,2825,0,0,2707,0,1317,0,1149,46,1.013,1,2280,0,260.812,14.451,-200.750,-159.875,46.500,-1.227,-1.133,0.379,-13.227,5.820,-4.551,0.278,0.418,1.067,1.317,2,NULL,NULL,,3,0,2,7,255,1250,250,0,0
stim,252590,282711,0,282711,3480004.455,-0.750,0.182,0.053,-0.633,2893,0,0,2784,0,1353,0,1263,46,1.013,1,2280,0,193.480,14.451,-96.813,-162.625,-40.188,-0.590,-0.430,0.246,-13.227,5.820,-4.551,0.236,0.392,1.067,1.317,2,NULL,NULL,,3,0,2,7,255,1250,250,0,0
stim,252590,282711,0,282711,3480009.455,-0.749,0.178,0.048,-0.636,2935,0,0,2865,0,1387,0,1352,46,1.013,1,2280,0,165.331,6.817,9.375,-153.750,-60.063,0.117,-0.109,0.996,-5.590,3.902,-4.551,0.202,0.358,1.067,1.317,2,NULL,NULL,,3,0,2,7,255,1250,250,0,0
stim,252590,282711,0,282711,3480014.455,-0.748,0.175,0.044,-0.638,2969,0,0,2915,0,1433,0,1403,46,1.013,1,2280,0,139.765,6.429,14.000,-133.875,-37.625,0.414,-0.324,1.770,-4.633,-4.457,-1.184,0.176,0.316,1.067,1.317,2,NULL,NULL,,3,0,2,7,255,1250,250,0,0
stim,252590,282711,0,282711,3480019.454,-0.750,0.168,0.042,-0.639,2989,0,0,2951,0,1483,0,1431,46,1.013,1,2280,0,154.318,10.784,-83.688,-129.188,11.000,0.434,-0.473,1.953,-4.633,-9.738,4.789,0.168,0.266,1.067,1.317,2,NULL,NULL,,3,0,2,7,255,1250,250,0,0
stim,252590,282711,0,282711,3480024.455,-0.753,0.159,0.043,-0.637,3003,0,0,2994,0,1555,0,1460,46,1.013,1,2280,0,227.578,11.536,-184.125,-119.000,61.063,0.254,-0.527,1.414,-6.184,-9.738,4.789,0.176,0.222,1.067,1.317,2,NULL,NULL,,3,0,2,7,255,1250,250,0,0
stim,252590,282711,0,282711,3480029.453,-0.757,0.150,0.044,-0.634,3021,0,0,3018,0,1619,0,1492,46,1.013,1,2280,0,240.562,9.484,-194.750,-111.625,86.500,-0.043,-0.621,0.707,-6.188,-7.188,1.914,0.186,0.186,1.067,1.317,2,NULL,NULL,,3,0,2,7,255,1250,250,0,0
stim,252590,282711,0,282711,3480034.455,-0.760,0.143,0.043,-0.632,3037,0,0,3049,0,1721,0,1527,46,1.013,1,2280,0,185.888,7.233,-127.375,-108.438,81.063,-0.258,-0.664,0.535,-6.770,-2.547,-3.945,0.196,0.160,1.067,1.317,2,NULL,NULL,,3,0,2,7,255,1250,250,0,0
stim,252590,282711,0,282711,3480039.453,-0.763,0.138,0.041,-0.630,3036,0,0,3053,0,1815,0,1576,46,1.013,1,2280,0,137.685,6.772,-62.688,-106.188,61.250,-0.297,-0.379,0.777,-6.770,-0.172,-3.945,0.206,0.148,1.067,1.317,2,NULL,NULL,,3,0,2,7,255,1250,250,0,0
stim,252590,282711,0,282711,3480044.455,-0.764,0.134,0.039,-0.629,3046,0,0,3067,0,1895,0,1631,46,1.013,1,2280,0,117.602,4.905,-36.938,-103.875,40.938,-0.227,0.102,1.086,-4.902,-0.172,-2.285,0.214,0.142,1.067,1.317,2,NULL,NULL,,3,0,2,7,255,1250,250,0,0
stim,252590,282711,0,282711,3480049.455,-0.766,0.129,0.037,-0.629,3059,0,0,3083,0,1979,2,1689,46,1.013,1,2280,0,114.469,0.594,-56.188,-96.563,24.938,-0.164,0.242,1.273,-0.418,-0.422,1.074,0.222,0.134,1.067,1.317,2,NULL,NULL,,3,0,2,7,255,1250,250,0,0
stim,252618,282739,0,282739,3480054.455,-0.767,0.124,0.036,-0.629,3058,0,0,3098,115,2091,13,1833,46,1.013,1,2280,0,130.463,1.175,-91.250,-90.875,20.875,-0.129,0.031,1.184,-0.418,-1.098,1.734,0.234,0.126,1.067,1.317,2,NULL,NULL,,3,0,2,7,255,1250,250,0,0
stim,252618,282739,0,282739,3480059.455,-0.768,0.118,0.036,-0.628,3054,0,0,3095,335,2163,157,1931,46,1.013,1,2280,0,135.464,1.706,-103.500,-85.250,19.250,-0.129,-0.230,1.012,-0.875,-1.465,1.734,0.248,0.116,1.067,1.317,2,NULL,NULL,,3,0,2,7,255,1250,250,0,0
stim,252618,282739,0,282739,3480064.455,-0.768,0.114,0.036,-0.629,3079,0,0,3113,549,2219,183,2041,46,1.013,1,2280,0,88.126,3.495,-62.000,-61.688,-10.813,-0.016,-0.238,1.375,-3.168,-1.477,1.734,0.264,0.100,1.067,1.317,2,NULL,NULL,,3,0,2,7,255,1250,250,0,0
stim,252618,282739,0,282739,3480069.453,-0.768,0.111,0.036,-0.630,3056,0,0,3103,745,2269,188,2111,46,1.013,1,2280,0,81.346,4.555,-60.313,-34.563,-42.250,0.203,-0.023,1.133,-3.168,-3.273,0.605,0.280,0.084,1.067,1.317,2,NULL,NULL,,3,0,2,7,255,1250,250,0,0
stim,252641,282762,0,282762,3480074.455,-0.767,0.109,0.036,-0.631,3065,0,0,3112,905,2295,198,2187,46,1.013,1,2280,0,50.589,4.390,-24.563,-37.188,-23.938,0.441,0.484,0.871,-0.484,-4.363,0.605,0.294,0.072,1.067,1.317,2,NULL,NULL,,3,0,2,7,255,1250,250,0,0
stim,252641,282762,0,282762,3480079.453,-0.768,0.108,0.035,-0.631,3067,0,0,3115,1017,2339,225,2217,46,1.013,1,2280,0,30.930,4.776,-2.875,-28.813,10.875,0.105,0.262,1.297,1.941,-4.363,0.605,0.304,0.062,1.067,1.317,2,NULL,NULL,,3,0,2,7,255,1250,250,0,0
stim,252641,282762,0,282762,3480084.455,-0.768,0.106,0.036,-0.630,3067,0,0,3116,1141,2359,260,2276,46,1.013,1,2280,0,68.247,3.729,-62.500,-23.750,13.688,-0.387,-0.031,1.391,1.941,-3.184,2.629,0.312,0.056,1.067,1.317,2,NULL,NULL,,3,0,2,7,255,1250,250,0,0
stim,252641,282762,0,282762,3480089.454,-0.768,0.102,0.038,-0.631,3077,18,0,3133,1223,2372,276,2325,46,1.013,1,2280,0,99.012,0.778,-90.813,-19.688,-34.188,-0.438,0.152,0.961,0.141,0.766,2.629,0.318,0.050,1.067,1.317,2,NULL,NULL,,3,0,2,7,255,1250,250,0,0
stim,252641,282762,0,282762,3480094.455,-0.766,0.100,0.039,-0.634,3067,25,0,3125,1306,2397,287,2373,46,1.013,1,2280,0,94.219,0.778,-50.438,-16.688,-77.813,-0.121,0.215,0.781,0.141,0.766,0.324,0.324,0.046,1.067,1.317,2,NULL,NULL,,3,0,2,7,255,1250,250,0,0
stim,252641,282762,0,282762,3480099.454,-0.764,0.099,0.039,-0.636,3079,49,0,3127,1397,2417,298,2403,46,1.013,1,2280,0,74.023,0.853,-17.063,-15.063,-70.438,0.168,0.102,1.031,0.852,-0.043,-0.160,0.332,0.038,1.067,1.317,2,NULL,NULL,,3,0,2,7,255,1250,250,0,0
stim,252686,282807,0,282807,3480104.455,-0.763,0.097,0.040,-0.637,3079,61,0,3145,1490,2427,307,2457,46,1.013,1,2280,0,47.989,3.553,-31.688,-10.000,-34.625,0.125,0.020,1.203,0.852,-3.449,-0.160,0.340,0.032,1.067,1.317,2,NULL,NULL,,3,0,2,7,255,1250,250,0,0
stim,252686,282807,0,282807,3480109.454,-0.763,0.095,0.041,-0.638,3087,81,0,3149,1555,2455,361,2466,46,1.013,1,2280,0,64.822,3.450,-60.938,-9.000,-20.188,-0.133,0.059,1.078,-0.066,-3.449,0.809,0.348,0.028,1.067,1.317,2,NULL,NULL,,3,0,2,7,255,1250,250,0,0
stim,252686,282807,0,282807,3480114.455,-0.762,0.093,0.043,-0.639,3091,103,0,3149,1615,2461,375,2475,46,1.013,1,2280,0,72.338,0.753,-60.938,-5.688,-38.563,-0.230,0.039,0.898,-0.066,-0.750,0.809,0.352,0.022,1.067,1.317,2,NULL,NULL,,3,0,2,7,255,1250,250,0,0
stim,252686,282807,0,282807,3480119.457,-0.761,0.091,0.044,-0.641,3091,107,0,3151,1646,2473,382,2501,46,1.013,1,2280,0,69.122,0.624,-40.500,-5.438,-55.750,-0.125,-0.023,0.871,-0.328,-0.531,-0.719,0.358,0.020,1.067,1.317,2,NULL,NULL,,3,0,2,7,255,1250,250,0,0
stim,252686,282807,0,282807,3480124.455,-0.760,0.090,0.045,-0.643,3083,123,0,3148,1702,2485,399,2517,46,1.013,1,2280,0,55.608,0.768,-25.000,-4.813,-49.438,-0.008,-0.031,0.984,-0.555,-0.531,-0.719,0.364,0.016,1.067,1.317,2,NULL,NULL,,3,0,2,7,255,1250,250,0,0
stim,252686,282807,0,282807,3480129.453,-0.759,0.088,0.045,-0.644,3090,142,3,3159,1751,2490,407,2523,46,1.013,1,2280,0,41.104,1.937,-26.438,-3.188,-31.313,-0.008,0.008,1.074,-0.555,-1.855,-0.355,0.370,0.010,1.067,1.317,2,NULL,NULL,,3,0,2,7,255,1250,250,0,0
stim,252686,282807,0,282807,3480134.455,-0.758,0.087,0.046,-0.644,3089,171,35,3157,1782,2504,413,2530,46,1.013,1,2280,0,41.546,1.863,-35.188,-1.063,-22.063,-0.086,0.039,1.047,-0.164,-1.855,0.430,0.376,0.006,1.067,1.317,2,NULL,NULL,,3,0,2,7,255,1250,250,0,0
stim,252686,282807,0,282807,3480139.454,-0.758,0.086,0.047,-0.645,3099,197,61,3159,1823,2515,419,2535,46,1.013,1,2280,0,42.588,1.118,-36.000,0.375,-22.750,-0.113,-0.008,0.980,-0.164,-1.105,0.430,0.380,0.004,1.067,1.317,2,NULL,NULL,,3,0,2,7,255,1250,250,0,0
stim,252708,282829,0,282829,3480144.455,-0.757,0.085,0.048,-0.646,3094,221,121,3165,1847,2517,405,2536,46,1.013,1,2280,0,35.797,1.185,-26.875,1.000,-23.625,-0.086,-0.113,0.930,-0.426,-1.105,-0.184,0.384,0.000,1.067,1.317,2,NULL,NULL,,3,0,2,7,255,1250,250,0,0
stim,252708,282829,0,282829,3480149.453,-0.757,0.084,0.049,-0.646,3097,231,151,3175,1878,2520,405,2557,46,1.013,1,2280,0,21.110,1.777,-15.688,0.125,-14.125,-0.078,-0.129,0.930,-1.375,-1.125,-0.762,0.000,0.000,1.067,1.317,2,NULL,NULL,,3,0,2,7,255,1250,250,0,0
stim,252708,282829,0,282829,3480154.455,-0.757,0.083,0.049,-0.646,3092,237,201,3167,1899,2526,409,2543,46,1.013,1,2280,0,10.552,1.777,-9.313,-0.500,-4.938,-0.137,-0.078,0.980,-1.375,-1.125,-0.762,0.000,0.000,1.067,1.317,2,NULL,NULL,,3,0,2,7,255,1250,250,0,0
stim,252708,282829,0,282829,3480159.454,-0.757,0.083,0.049,-0.647,3103,253,245,3175,1917,2531,407,2551,46,1.013,1,2280,0,9.856,1.277,-8.438,-0.563,-5.063,-0.188,-0.023,1.012,-1.098,-0.652,-0.164,0.000,0.000,1.067,1.317,2,NULL,NULL,,3,0,2,7,255,1250,250,0,0
stim,252731,282852,0,282852,3480164.455,-0.756,0.083,0.049,-0.647,3096,253,275,3173,1929,2527,405,2591,46,1.013,1,2280,0,12.567,0.660,-7.250,-0.563,-10.250,-0.172,-0.008,1.004,-0.609,-0.254,0.168,0.000,0.000,1.067,1.317,2,NULL,NULL,,3,0,2,7,255,1250,250,0,0
stim,252731,282852,0,282852,3480169.453,-0.756,0.082,0.050,-0.647,3100,249,287,3179,1948,2541,405,2559,46,1.008,1,2280,1,11.634,0.660,-5.813,-0.563,-10.063,-0.137,-0.043,0.992,-0.609,-0.254,0.168,0.000,0.000,1.066,1.341,2,NULL,NULL,,3,0,2,7,255,1250,250,0,0
stim,252731,282852,0,282852,3480174.455,-0.756,0.082,0.050,-0.647,3101,253,311,3179,1965,2536,401,2565,46,1.008,1,2280,1,7.511,0.952,-5.813,-0.813,-4.688,-0.137,-0.086,0.977,-0.719,-0.625,-0.039,0.004,0.002,1.066,1.341,2,NULL,NULL,,3,0,2,7,255,1250,250,0,0
stim,252731,282852,0,282852,3480179.454,-0.756,0.082,0.050,-0.647,3096,245,332,3182,1967,2533,397,2557,46,1.008,1,2280,1,4.930,1.290,-4.500,-1.188,-1.625,-0.160,-0.098,0.953,-1.129,-0.625,-0.168,0.008,0.006,1.066,1.341,2,NULL,NULL,,3,0,2,7,255,1250,250,0,0
stim,252731,282852,0,282852,3480184.455,-0.756,0.081,0.050,-0.648,3099,249,351,3177,1981,2539,395,2575,46,1.008,1,2280,1,3.178,1.198,0.125,-1.875,-2.563,-0.172,-0.074,0.941,-1.129,-0.402,-0.367,0.014,0.008,1.066,1.341,2,NULL,NULL,,3,0,2,7,255,1250,250,0,0
stim,252731,282852,1,282852,3480189.454,-0.756,0.081,0.050,-0.648,3101,237,375,3171,1980,2531,383,2557,46,1.008,1,2280,1,7.424,1.125,5.750,-2.125,-4.188,-0.152,-0.047,0.973,-1.051,-0.402,-0.367,0.018,0.012,1.066,1.341,2,NULL,NULL,,3,1,2,7,255,1250,250,0,0
stim,252786,282907,1,282907,3480194.455,-0.756,0.082,0.050,-0.648,3096,231,383,3161,1980,2533,367,2605,46,1.008,1,2280,1,7.846,0.869,6.813,-1.938,-3.375,-0.133,-0.012,1.016,-0.746,-0.445,-0.191,0.022,0.014,1.066,1.341,2,NULL,NULL,,3,1,2,7,255,1250,250,0,0
stim,252786,282907,1,282907,3480199.453,-0.756,0.082,0.049,-0.648,3090,223,395,3161,1983,2532,375,2559,46,1.008,1,2280,1,4.413,0.665,4.000,-1.438,-1.188,-0.141,0.023,1.016,-0.410,-0.523,0.195,0.026,0.018,1.066,1.341,2,NULL,NULL,,3,1,2,7,255,1250,250,0,0
stim,252786,282907,1,282907,3480204.455,-0.756,0.082,0.049,-0.648,3089,221,407,3157,1981,2529,377,2558,46,1.008,1,2280,1,3.134,0.535,2.688,-1.313,-0.938,-0.164,0.023,0.996,-0.109,-0.523,0.195,0.030,0.022,1.066,1.341,2,NULL,NULL,,3,1,2,7,255,1250,250,0,0
stim,252786,282907,1,282907,3480209.455,-0.756,0.082,0.049,-0.648,3087,219,409,3155,1979,2529,377,2557,46,1.008,1,2280,1,4.436,0.284,3.313,-1.750,-2.375,-0.172,-0.004,0.980,-0.109,-0.262,0.066,0.034,0.024,1.066,1.341,2,NULL,NULL,,3,1,2,7,255,1250,250,0,0
stim,252786,282907,1,282907,3480214.455,-0.756,0.082,0.049,-0.648,3081,209,411,3148,1976,2525,373,2556,46,1.008,1,2280,1,6.732,0.475,5.438,-2.188,-3.313,-0.164,-0.008,0.973,-0.406,-0.246,-0.059,0.038,0.028,1.066,1.341,2,NULL,NULL,,3,1,2,7,255,1250,250,0,0
stim,252786,282907,1,282907,3480219.454,-0.755,0.082,0.049,-0.648,3079,201,414,3143,1973,2523,370,2555,46,1.008,1,2280,1,8.324,0.475,7.250,-2.563,-3.188,-0.156,0.008,0.988,-0.406,-0.246,-0.059,0.040,0.030,1.066,1.341,2,NULL,NULL,,3,1,2,7,255,1250,250,0,0
stim,252786,282907,1,282907,3480224.455,-0.755,0.082,0.048,-0.648,3068,187,413,3139,1965,2519,365,2553,46,1.008,1,2280,1,7.987,0.419,7.000,-2.688,-2.750,-0.156,0.023,1.008,-0.266,-0.324,-0.016,0.044,0.032,1.066,1.341,2,NULL,NULL,,3,1,2,7,255,1250,250,0,0
stim,252786,282907,1,282907,3480229.454,-0.755,0.082,0.048,-0.648,3063,187,413,3130,1961,2519,361,2553,46,1.008,1,2280,1,7.083,0.347,6.000,-3.063,-2.188,-0.160,0.035,1.000,-0.125,-0.324,0.102,0.046,0.034,1.066,1.341,2,NULL,NULL,,3,1,2,7,255,1250,250,0,0
stim,252806,282927,1,282927,3480234.455,-0.755,0.082,0.048,-0.649,3029,184,425,3125,1959,2505,353,2553,46,1.008,1,2280,1,7.462,0.250,6.188,-3.625,-2.063,-0.176,0.047,0.988,-0.012,-0.250,0.102,0.050,0.038,1.066,1.341,2,NULL,NULL,,3,1,2,7,255,1250,250,0,0
stim,252806,282927,1,282927,3480239.453,-0.755,0.082,0.047,-0.649,3053,185,437,3115,1959,2514,357,2555,46,1.008,1,2280,1,8.803,0.117,7.063,-4.688,-2.375,-0.180,0.055,0.988,0.074,-0.090,0.047,0.052,0.038,1.066,1.341,2,NULL,NULL,,3,1,2,7,255,1250,250,0,0
stim,252806,282927,1,282927,3480244.455,-0.755,0.082,0.047,-0.649,3045,181,447,3107,1966,2511,357,2557,46,1.008,1,2280,1,9.760,0.151,7.500,-5.750,-2.438,-0.184,0.078,0.996,0.145,-0.043,0.047,0.054,0.040,1.066,1.341,2,NULL,NULL,,3,1,2,7,255,1250,250,0,0
stim,252806,282927,1,282927,3480249.453,-0.755,0.082,0.046,-0.649,3037,181,461,3097,1977,2509,357,2565,46,1.008,1,2280,1,9.804,0.332,7.000,-6.750,-1.250,-0.188,0.117,1.012,0.332,0.012,0.141,0.054,0.040,1.066,1.341,2,NULL,NULL,,3,1,2,7,255,1250,250,0,0
stim,252806,282927,1,282927,3480254.455,-0.755,0.083,0.046,-0.649,3033,182,472,3087,1989,2505,356,2570,46,1.008,1,2280,1,10.633,0.699,6.313,-7.750,-3.625,-0.168,0.152,1.023,0.699,0.012,0.289,0.054,0.040,1.066,1.341,2,NULL,NULL,,3,1,2,7,255,1250,250,0,0
stim,252806,282927,1,282927,3480259.454,-0.755,0.083,0.045,-0.649,3020,181,503,3081,2006,2508,358,2577,46,1.008,1,2280,1,9.197,1.051,4.063,-8.125,-1.438,-0.168,0.152,1.027,1.051,-0.031,0.391,0.054,0.038,1.066,1.341,2,NULL,NULL,,3,1,2,7,255,1250,250,0,0
stim,252835,282956,1,282956,3480264.455,-0.755,0.082,0.045,-0.649,3007,181,583,3065,2026,2506,381,2581,46,1.008,1,2280,1,9.806,1.059,1.438,-9.563,-1.625,-0.168,0.156,1.027,1.059,-0.031,0.430,0.052,0.036,1.066,1.341,2,NULL,NULL,,3,1,2,7,255,1250,250,0,0
stim,252835,282956,1,282956,3480269.454,-0.755,0.082,0.045,-0.649,2997,185,629,3059,2055,2508,405,2589,46,1.008,1,2280,1,9.695,1.086,0.000,-9.688,-0.375,-0.188,0.160,1.027,1.086,-0.023,0.453,0.052,0.034,1.066,1.341,2,NULL,NULL,,3,1,2,7,255,1250,250,0,0
stim,252835,282956,1,282956,3480274.455,-0.755,0.082,0.044,-0.649,2984,189,670,3047,2083,2509,431,2602,46,1.008,1,2280,1,11.893,1.102,-0.938,-10.750,-5.000,-0.184,0.188,1.035,1.090,0.160,0.461,0.048,0.030,1.066,1.341,2,NULL,NULL,,3,1,2,7,255,1250,250,0,0
stim,252835,282956,1,282956,3480279.453,-0.755,0.082,0.044,-0.650,2971,206,693,3043,2119,2508,467,2612,46,1.008,1,2280,1,12.490,1.353,-2.000,-10.438,-6.563,-0.156,0.211,1.043,1.344,0.160,0.547,0.046,0.026,1.066,1.341,2,NULL,NULL,,3,1,2,7,255,1250,250,0,0
stim,252835,282956,1,282956,3480284.455,-0.754,0.081,0.043,-0.650,2965,234,758,3027,2159,2509,529,2652,46,1.008,1,2280,1,14.204,1.345,-7.188,-9.688,-7.500,-0.148,0.156,1.039,1.344,-0.059,0.547,0.044,0.020,1.066,1.341,2,NULL,NULL,,3,1,2,7,255,1250,250,0,0
stim,252835,282956,1,282956,3480289.453,-0.754,0.081,0.043,-0.650,2943,243,806,3027,2205,2513,551,2634,46,1.008,1,2280,1,17.408,1.124,-10.875,-9.000,-10.188,-0.141,0.098,1.016,1.105,-0.203,0.527,0.042,0.018,1.066,1.341,2,NULL,NULL,,3,1,2,7,255,1250,250,0,0
stim,252858,282979,1,282979,3480294.455,-0.754,0.080,0.043,-0.650,2927,253,883,3015,2237,2513,569,2643,46,1.008,1,2280,1,16.458,0.617,-9.750,-9.313,-9.438,-0.137,0.066,0.965,0.547,-0.285,0.262,0.040,0.014,1.066,1.341,2,NULL,NULL,,3,1,2,7,255,1250,250,0,0
stim,252858,282979,1,282979,3480299.454,-0.754,0.080,0.043,-0.651,2914,251,951,3007,2273,2515,629,2650,46,1.008,1,2280,1,15.363,0.398,-7.000,-8.125,-11.000,-0.156,0.039,0.953,0.277,-0.285,-0.242,0.040,0.010,1.066,1.341,2,NULL,NULL,,3,1,2,7,255,1250,250,0,0
stim,252888,283009,1,283009,3480304.455,-0.753,0.079,0.043,-0.651,2904,263,1049,2997,2300,2514,696,2661,46,1.008,1,2280,1,16.735,0.187,-4.750,-8.375,-13.688,-0.156,0.051,0.984,0.090,-0.164,-0.242,0.040,0.006,1.066,1.341,2,NULL,NULL,,3,1,2,7,255,1250,250,0,0
stim,252888,283009,1,283009,3480309.454,-0.753,0.079,0.043,-0.652,2889,273,1117,2987,2335,2515,789,2668,46,1.008,1,2280,1,18.838,0.142,-3.750,-8.875,-16.188,-0.176,0.051,0.980,0.090,-0.109,-0.051,0.040,0.004,1.066,1.341,2,NULL,NULL,,3,1,2,7,255,1250,250,0,0
stim,252888,283009,1,283009,3480314.455,-0.753,0.078,0.043,-0.652,2871,281,1207,2979,2363,2520,863,2681,46,1.008,1,2280,1,21.272,0.103,-3.438,-9.188,-18.875,-0.191,0.023,0.973,0.090,0.051,-0.051,0.040,0.004,1.066,1.341,2,NULL,NULL,,3,1,2,7,255,1250,250,0,0
stim,252888,283009,1,283009,3480319.453,-0.752,0.078,0.043,-0.653,2854,298,1275,2969,2395,2521,970,2692,46,1.008,1,2280,1,23.392,0.198,-4.875,-9.500,-20.813,-0.180,0.000,0.969,-0.191,0.051,-0.109,0.042,0.006,1.066,1.341,2,NULL,NULL,,3,1,2,7,255,1250,250,0,0
stim,252888,283009,1,283009,3480324.455,-0.751,0.077,0.043,-0.654,2833,319,1337,2953,2421,2523,1065,2699,46,1.008,1,2280,1,25.230,0.394,-6.875,-9.563,-22.313,-0.184,-0.027,0.973,-0.391,0.051,-0.125,0.042,0.008,1.066,1.341,2,NULL,NULL,,3,1,2,7,255,1250,250,0,0
stim,252888,283009,1,283009,3480329.453,-0.751,0.077,0.043,-0.655,2811,346,1438,2939,2451,2529,1135,2711,46,1.008,1,2280,1,27.713,0.654,-8.000,-10.625,-24.313,-0.184,-0.043,0.969,-0.652,0.051,-0.156,0.042,0.008,1.066,1.341,2,NULL,NULL,,3,1,2,7,255,1250,250,0,0
stim,252888,283009,1,283009,3480334.455,-0.750,0.076,0.043,-0.656,2791,355,1541,2928,2477,2531,1226,2720,46,1.008,1,2280,1,30.200,0.697,-7.125,-11.500,-27.000,-0.160,-0.035,0.965,-0.695,0.051,-0.180,0.042,0.010,1.066,1.341,2,NULL,NULL,,3,1,2,7,255,1250,250,0,0
stim,252888,283009,1,283009,3480339.454,-0.749,0.075,0.043,-0.657,2773,376,1611,2911,2505,2531,1315,2731,46,1.008,1,2280,1,29.558,0.709,-6.375,-12.000,-26.250,-0.133,-0.027,0.965,-0.695,-0.141,-0.242,0.042,0.012,1.066,1.341,2,NULL,NULL,,3,1,2,7,255,1250,250,0,0
stim,252889,283010,1,283010,3480344.455,-0.749,0.074,0.042,-0.657,2751,388,1710,2899,2525,2535,1391,2743,46,1.008,1,2280,1,27.701,0.803,-6.875,-12.250,-23.875,-0.129,-0.047,0.973,-0.695,-0.402,-0.242,0.044,0.014,1.066,1.341,2,NULL,NULL,,3,1,2,7,255,1250,250,0,0
stim,252889,283010,1,283010,3480349.453,-0.748,0.074,0.042,-0.658,2729,401,1775,2888,2547,2537,1463,2748,46,1.008,1,2280,1,26.071,0.831,-8.875,-13.250,-20.625,-0.133,-0.051,0.977,-0.723,-0.410,-0.203,0.046,0.014,1.066,1.341,2,NULL,NULL,,3,1,2,7,255,1250,250,0,0
stim,252918,283039,1,283039,3480354.455,-0.748,0.073,0.042,-0.659,2705,423,1843,2869,2572,2540,1555,2761,46,1.008,1,2280,1,25.469,0.831,-8.813,-13.813,-19.500,-0.152,-0.023,0.973,-0.723,-0.410,-0.180,0.048,0.014,1.066,1.341,2,NULL,NULL,,3,1,2,7,255,1250,250,0,0
stim,252918,283039,1,283039,3480359.454,-0.747,0.072,0.042,-0.659,2675,432,1893,2853,2591,2541,1624,2771,46,1.008,1,2280,1,27.010,0.584,-6.688,-13.875,-22.188,-0.141,0.004,0.980,-0.531,-0.242,-0.176,0.050,0.016,1.066,1.341,2,NULL,NULL,,3,1,2,7,255,1250,250,0,0
stim,252918,283039,1,283039,3480364.455,-0.747,0.071,0.042,-0.660,2648,443,1959,2835,2614,2547,1689,2781,46,1.008,1,2280,1,25.787,0.329,-6.313,-14.313,-20.500,-0.125,0.008,0.988,-0.223,-0.242,-0.094,0.054,0.016,1.066,1.341,2,NULL,NULL,,3,1,2,7,255,1250,250,0,0
stim,252918,283039,1,283039,3480369.454,-0.746,0.071,0.042,-0.661,2612,468,2021,2811,2627,2541,1749,2792,46,1.008,1,2280,1,23.699,0.324,-6.000,-14.813,-17.500,-0.137,0.020,1.008,-0.160,-0.281,-0.059,0.056,0.016,1.066,1.341,2,NULL,NULL,,3,1,2,7,255,1250,250,0,0
stim,252952,283073,1,283073,3480374.455,-0.746,0.070,0.041,-0.661,2572,482,2099,2799,2651,2536,1833,2811,46,1.008,1,2280,1,24.788,0.288,-6.938,-14.813,-18.625,-0.148,0.047,1.012,-0.063,-0.281,0.141,0.058,0.018,1.066,1.341,2,NULL,NULL,,3,1,2,7,255,1250,250,0,0
stim,252952,283073,1,283073,3480379.454,-0.745,0.069,0.041,-0.662,2531,501,2167,2777,2671,2551,1897,2811,46,1.008,1,2280,1,26.359,0.221,-7.438,-15.313,-20.125,-0.148,0.063,1.016,0.188,-0.117,0.215,0.060,0.016,1.066,1.341,2,NULL,NULL,,3,1,2,7,255,1250,250,0,0
stim,252972,283093,1,283093,3480384.455,-0.745,0.069,0.041,-0.663,2483,502,2220,2760,2694,2552,1947,2823,46,1.008,1,2280,1,28.879,0.342,-10.125,-15.375,-22.250,-0.148,0.066,1.027,0.328,-0.098,0.242,0.062,0.016,1.066,1.341,2,NULL,NULL,,3,1,2,7,255,1250,250,0,0
stim,252972,283093,1,283093,3480389.453,-0.744,0.068,0.041,-0.664,2430,507,2267,2731,2710,2553,2001,2829,46,1.008,1,2280,1,32.679,0.415,-13.813,-15.375,-25.313,-0.148,0.070,1.035,0.406,-0.086,0.383,0.062,0.016,1.066,1.341,2,NULL,NULL,,3,1,2,7,255,1250,250,0,0
stim,252972,283093,1,283093,3480394.455,-0.743,0.067,0.041,-0.664,2388,533,2325,2701,2727,2554,2072,2840,46,1.008,1,2280,1,36.546,0.415,-17.625,-15.063,-28.250,-0.145,0.055,1.035,0.406,-0.086,0.430,0.064,0.014,1.066,1.341,2,NULL,NULL,,3,1,2,7,255,1250,250,0,0
stim,252972,283093,1,283093,3480399.453,-0.742,0.065,0.041,-0.665,2328,535,2375,2667,2744,2553,2119,2842,46,1.008,1,2280,1,39.445,0.336,-21.375,-15.125,-29.500,-0.137,0.023,1.031,0.309,-0.133,0.430,0.064,0.014,1.066,1.341,2,NULL,NULL,,3,1,2,7,255,1250,250,0,0
stim,252972,283093,1,283093,3480404.455,-0.742,0.064,0.041,-0.666,2269,543,2423,2638,2749,2553,2160,2860,46,1.008,1,2280,1,42.208,0.206,-24.125,-15.063,-31.188,-0.137,0.004,1.027,0.035,-0.203,0.371,0.066,0.014,1.066,1.341,2,NULL,NULL,,3,1,2,7,255,1250,250,0,0
stim,252972,283093,1,283093,3480409.454,-0.741,0.063,0.041,-0.667,2189,543,2475,2601,2772,2553,2212,2863,46,1.008,1,2280,1,44.248,0.266,-26.750,-15.563,-31.625,-0.129,-0.004,1.016,-0.133,-0.230,0.340,0.066,0.014,1.066,1.341,2,NULL,NULL,,3,1,2,7,255,1250,250,0,0
stim,253001,283122,1,283122,3480414.455,-0.740,0.061,0.042,-0.668,2123,551,2509,2558,2783,2553,2265,2873,46,1.008,1,2280,1,44.498,0.315,-27.625,-15.875,-31.063,-0.117,0.008,0.988,-0.133,-0.285,0.207,0.068,0.016,1.066,1.341,2,NULL,NULL,,3,1,2,7,255,1250,250,0,0
stim,253001,283122,1,283122,3480419.454,-0.739,0.060,0.042,-0.669,2031,534,2543,2531,2799,2551,2313,2879,46,1.008,1,2280,1,42.828,0.298,-23.750,-15.563,-32.063,-0.109,0.004,0.980,-0.027,-0.297,-0.074,0.070,0.016,1.066,1.341,2,NULL,NULL,,3,1,2,7,255,1250,250,0,0
stim,253001,283122,1,283122,3480424.455,-0.739,0.059,0.042,-0.670,1957,543,2581,2476,2813,2552,2351,2891,46,1.008,1,2280,1,39.799,0.380,-20.688,-16.000,-30.000,-0.109,-0.008,0.996,-0.027,-0.379,-0.074,0.070,0.018,1.066,1.341,2,NULL,NULL,,3,1,2,7,255,1250,250,0,0
stim,253001,283122,1,283122,3480429.453,-0.738,0.057,0.042,-0.671,1877,525,2608,2425,2829,2549,2387,2895,46,1.008,1,2280,1,39.069,0.399,-21.250,-16.313,-28.438,-0.125,-0.020,1.047,-0.125,-0.379,-0.004,0.070,0.018,1.066,1.341,2,NULL,NULL,,3,1,2,7,255,1250,250,0,0
stim,253001,283122,1,283122,3480434.455,-0.737,0.056,0.043,-0.672,1783,511,2637,2365,2844,2549,2427,2903,46,1.008,1,2280,1,43.603,0.352,-29.313,-17.500,-27.125,-0.148,-0.039,1.066,-0.211,-0.281,0.508,0.072,0.018,1.066,1.341,2,NULL,NULL,,3,1,2,7,255,1250,250,0,0
stim,253001,283122,0,283122,3480439.453,-0.736,0.054,0.043,-0.673,1659,501,2664,2298,2855,2543,2462,2905,46,1.008,1,2280,1,48.968,0.260,-35.250,-17.313,-29.250,-0.133,-0.016,1.023,-0.211,-0.152,0.508,0.072,0.020,1.066,1.341,2,NULL,NULL,,3,0,2,7,255,1244,250,0,0
stim,253001,283122,0,283122,3480444.455,-0.736,0.052,0.044,-0.674,1529,488,2695,2235,2861,2541,2491,2911,46,1.008,1,2280,1,53.105,0.175,-37.188,-18.438,-33.125,-0.141,-0.004,1.004,-0.152,-0.086,0.285,0.074,0.020,1.066,1.341,2,NULL,NULL,,3,0,2,7,255,1244,250,0,0
stim,253001,283122,0,283122,3480449.454,-0.735,0.050,0.044,-0.675,1365,461,2725,2164,2875,2537,2519,2965,46,1.008,1,2280,1,52.798,0.153,-34.813,-19.188,-34.750,-0.113,-0.004,0.992,0.016,-0.152,0.109,0.076,0.020,1.066,1.341,2,NULL,NULL,,3,0,2,7,255,1244,250,0,0
stim,253001,283122,0,283122,3480454.455,-0.734,0.049,0.044,-0.676,1245,435,2749,2065,2899,2533,2557,2924,46,1.008,1,2280,1,47.736,0.231,-30.688,-19.688,-30.813,-0.098,-0.023,0.988,0.016,-0.230,-0.035,0.078,0.020,1.066,1.341,2,NULL,NULL,,3,0,2,7,255,1244,250,0,0
stim,253001,283122,0,283122,3480459.454,-0.733,0.047,0.044,-0.677,1108,378,2773,1937,2899,2531,2597,2926,46,1.008,1,2280,1,40.102,0.378,-25.375,-21.000,-22.875,-0.086,-0.020,0.988,-0.047,-0.375,-0.074,0.080,0.022,1.066,1.341,2,NULL,NULL,,3,0,2,7,255,1244,250,0,0
stim,253040,283161,0,283161,3480464.455,-0.733,0.046,0.044,-0.677,971,359,2796,1789,2911,2521,2615,2957,46,1.008,1,2280,1,37.538,0.382,-24.875,-21.750,-17.813,-0.121,-0.023,1.031,-0.074,-0.375,-0.074,0.082,0.024,1.066,1.341,2,NULL,NULL,,3,0,2,7,255,1244,250,0,0
stim,253040,283161,0,283161,3480469.453,-0.732,0.044,0.044,-0.678,803,329,2825,1631,2931,2515,2640,2949,46,1.008,1,2280,1,40.400,0.193,-26.375,-23.000,-20.188,-0.156,-0.012,1.039,-0.047,-0.188,0.355,0.084,0.024,1.066,1.341,2,NULL,NULL,,3,0,2,7,255,1244,250,0,0
stim,253040,283161,0,283161,3480474.455,-0.732,0.043,0.044,-0.679,597,287,2843,1449,2940,2517,2663,2943,46,1.008,1,2280,1,42.312,0.187,-25.500,-23.938,-23.813,-0.160,-0.016,1.031,0.051,0.180,0.426,0.086,0.026,1.066,1.341,2,NULL,NULL,,3,0,2,7,255,1244,250,0,0
stim,253040,283161,0,283161,3480479.454,-0.731,0.041,0.044,-0.679,443,247,2847,1309,2941,2495,2677,2950,46,1.008,1,2280,1,45.052,0.187,-25.063,-26.063,-26.875,-0.137,-0.004,1.031,0.051,0.180,0.426,0.088,0.026,1.066,1.341,2,NULL,NULL,,3,0,2,7,255,1244,250,0,0
stim,253040,283161,0,283161,3480484.455,-0.731,0.039,0.044,-0.680,307,200,2867,1127,2951,2495,2711,2959,46,1.008,1,2280,1,42.902,0.210,-20.875,-26.875,-26.125,-0.113,0.004,1.004,0.191,0.086,0.363,0.088,0.028,1.066,1.341,2,NULL,NULL,,3,0,2,7,255,1244,250,0,0
stim,253040,283161,0,283161,3480489.454,-0.730,0.038,0.044,-0.681,173,158,2878,927,2972,2475,2718,2959,46,1.008,1,2280,1,41.618,0.255,-15.875,-29.188,-25.063,-0.125,0.000,1.023,0.254,0.027,0.273,0.088,0.030,1.066,1.341,2,NULL,NULL,,3,0,2,7,255,1244,250,0,0
stim,253084,283205,0,283205,3480494.456,-0.729,0.037,0.043,-0.682,91,115,2891,713,2973,2445,2741,2980,46,1.008,1,2280,1,44.261,0.290,-13.875,-31.063,-28.313,-0.125,0.027,1.051,0.289,0.027,0.273,0.088,0.032,1.066,1.341,2,NULL,NULL,,3,0,2,7,255,1244,250,0,0
stim,253084,283205,0,283205,3480499.453,-0.728,0.035,0.042,-0.683,42,56,2907,551,2987,2431,2765,2971,46,1.008,1,2280,1,47.274,0.567,-8.563,-32.813,-32.938,-0.113,0.039,1.063,0.566,0.027,0.559,0.086,0.032,1.066,1.341,2,NULL,NULL,,3,0,2,7,255,1244,250,0,0
stim,253084,283205,0,283205,3480504.455,-0.727,0.034,0.041,-0.684,13,46,2909,379,3001,2407,2785,2972,46,1.008,1,2280,1,50.808,0.666,-9.813,-35.438,-35.063,-0.051,0.074,1.039,0.664,-0.047,0.559,0.086,0.034,1.066,1.341,2,NULL,NULL,,3,0,2,7,255,1244,250,0,0
stim,253084,283205,0,283205,3480509.454,-0.726,0.033,0.040,-0.685,0,26,2927,265,3001,2361,2804,2975,46,1.008,1,2280,1,50.238,0.824,-6.438,-36.938,-33.438,-0.078,0.043,1.043,0.758,-0.324,0.395,0.086,0.034,1.066,1.341,2,NULL,NULL,,3,0,2,7,255,1244,250,0,0
stim,253084,283205,0,283205,3480514.455,-0.726,0.032,0.039,-0.686,0,8,2937,159,3019,2341,2815,2983,46,1.008,1,2280,1,46.805,0.824,8.813,-43.000,-16.250,-0.203,-0.012,1.125,0.758,-0.324,0.395,0.086,0.034,1.066,1.341,2,NULL,NULL,,3,0,2,7,255,1244,250,0,0
stim,253084,283205,0,283205,3480519.454,-0.726,0.031,0.037,-0.686,0,1,2936,139,3027,2323,2835,2982,46,1.008,1,2280,1,53.514,0.868,16.125,-48.000,-17.313,-0.340,-0.152,1.250,0.168,0.852,1.352,0.086,0.036,1.066,1.341,2,NULL,NULL,,3,0,2,7,255,1244,250,0,0
stim,253084,283205,0,283205,3480524.455,-0.725,0.030,0.035,-0.687,0,0,2952,102,3031,2291,2845,2988,46,1.008,1,2280,1,66.204,2.370,28.250,-56.000,-21.188,-0.410,-0.254,1.469,-1.246,2.016,2.738,0.086,0.036,1.066,1.341,2,NULL,NULL,,3,0,2,7,255,1244,250,0,0
stim,253084,283205,0,283205,3480529.453,-0.725,0.028,0.032,-0.688,0,0,2953,75,3041,2263,2868,2995,46,1.008,1,2280,1,67.004,2.370,11.625,-64.375,-14.500,-0.254,-0.102,1.523,-1.246,2.016,4.969,0.086,0.038,1.066,1.341,2,NULL,NULL,,3,0,2,7,255,1244,250,0,0
stim,253107,283228,0,283228,3480534.455,-0.724,0.025,0.032,-0.688,0,0,2959,55,3035,2197,2873,2987,46,1.008,1,2280,0,80.440,1.279,-47.813,-61.313,-20.625,-0.063,-0.063,1.199,-0.637,1.109,4.969,0.086,0.040,1.066,1.341,3,NULL,NULL,,3,0,2,7,255,1244,250,0,0
stim,253107,283228,0,283228,3480539.453,-0.725,0.022,0.031,-0.688,0,0,2970,6,3039,2160,2889,2987,46,1.008,1,2280,0,77.623,0.381,-43.000,-64.625,-0.125,-0.059,-0.066,0.922,-0.332,-0.188,1.949,0.086,0.042,1.066,1.341,3,NULL,NULL,,3,0,2,7,255,1244,250,0,0
stim,253107,283228,0,283228,3480544.455,-0.725,0.019,0.029,-0.687,0,0,2964,0,3053,2117,2901,3001,46,1.008,1,2280,0,75.897,0.288,-6.188,-72.063,23.000,-0.191,-0.043,0.961,-0.219,-0.188,-0.270,0.084,0.046,1.066,1.341,3,NULL,NULL,,3,0,2,7,255,1244,250,0,0
stim,253107,283228,0,283228,3480549.454,-0.726,0.018,0.026,-0.687,0,0,2973,0,3053,2045,2915,2987,46,1.008,1,2280,0,77.894,1.188,11.875,-76.063,11.875,-0.316,-0.102,1.051,-0.332,1.141,-0.270,0.082,0.052,1.066,1.341,3,NULL,NULL,,3,0,2,7,255,1244,250,0,0
stim,253107,283228,0,283228,3480554.455,-0.726,0.016,0.024,-0.687,0,0,2962,0,3059,1951,2919,2994,46,1.008,1,2280,0,82.326,1.930,15.875,-80.250,-9.250,-0.262,-0.176,1.156,-0.762,1.773,0.707,0.078,0.056,1.066,1.341,3,NULL,NULL,,3,0,2,7,255,1244,250,0,0
stim,253107,283228,0,283228,3480559.454,-0.726,0.013,0.021,-0.688,0,0,2962,0,3061,1853,2937,2995,46,1.008,1,2280,0,84.839,2.290,9.000,-83.938,-8.438,-0.148,-0.219,1.207,-1.449,1.773,1.703,0.074,0.062,1.066,1.341,3,NULL,NULL,,3,0,2,7,255,1244,250,0,0
stim,253135,283256,0,283256,3480564.455,-0.726,0.011,0.018,-0.687,0,0,2963,0,3067,1767,2938,2999,46,1.008,1,2280,0,86.268,1.784,-1.938,-86.188,3.188,-0.125,-0.203,1.168,-1.633,0.719,1.742,0.070,0.066,1.066,1.341,3,NULL,NULL,,3,0,2,7,255,1244,250,0,0
stim,253135,283256,0,283256,3480569.453,-0.726,0.008,0.016,-0.687,0,0,2941,0,3063,1661,2940,2986,46,1.008,1,2280,0,90.745,1.784,-0.563,-90.438,7.438,-0.188,-0.105,1.117,-1.633,0.719,1.742,0.066,0.072,1.066,1.341,3,NULL,NULL,,3,0,2,7,255,1244,250,0,0
stim,253135,283256,0,283256,3480574.455,-0.727,0.005,0.013,-0.687,0,0,2935,0,3087,1510,2953,2985,46,1.008,1,2280,0,95.165,1.487,0.375,-95.125,2.750,-0.168,-0.043,1.121,-0.754,1.281,1.242,0.062,0.076,1.066,1.341,3,NULL,NULL,,3,0,2,7,255,1244,250,0,0
stim,253135,283256,0,283256,3480579.453,-0.727,0.003,0.010,-0.687,0,0,2927,0,3089,1379,2966,2990,46,1.008,1,2280,0,97.090,1.287,8.625,-96.688,-1.875,-0.117,-0.031,1.113,-0.117,1.281,1.234,0.060,0.082,1.066,1.341,3,NULL,NULL,,3,0,2,7,255,1244,250,0,0
stim,253135,283256,0,283256,3480584.455,-0.727,0.000,0.006,-0.687,0,0,2913,0,3080,1189,2967,3029,46,1.008,1,2280,0,103.504,1.276,17.188,-102.000,3.688,-0.148,-0.039,1.195,-0.074,1.273,1.234,0.058,0.086,1.066,1.341,3,NULL,NULL,,3,0,2,7,255,1244,250,0,0
stim,253135,283256,0,283256,3480589.454,-0.727,-0.002,0.002,-0.686,0,0,2905,0,3087,1043,2971,2975,46,1.008,1,2280,0,109.813,0.902,15.000,-108.625,5.875,-0.086,0.043,1.219,-0.004,0.902,1.938,0.056,0.092,1.066,1.341,3,NULL,NULL,,3,0,2,7,255,1244,250,0,0
stim,253165,283286,0,283286,3480594.455,-0.728,-0.005,-0.002,-0.686,0,0,2887,0,3087,815,2975,2971,46,1.008,1,2280,0,114.079,1.468,17.500,-112.250,10.375,-0.148,0.078,1.262,0.730,1.273,2.109,0.056,0.100,1.066,1.341,3,NULL,NULL,,3,0,2,7,255,1244,250,0,0
stim,253165,283286,0,283286,3480599.454,-0.728,-0.008,-0.006,-0.686,0,0,2861,0,3087,645,2983,2952,46,1.008,1,2280,0,117.435,1.695,6.188,-117.063,7.000,-0.113,0.078,1.293,1.012,1.359,2.508,0.056,0.106,1.066,1.341,3,NULL,NULL,,3,0,2,7,255,1244,250,0,0
stim,253188,283309,0,283309,3480604.455,-0.728,-0.011,-0.010,-0.685,0,0,2843,0,3099,524,2997,2937,46,1.008,1,2280,0,123.548,1.846,8.188,-122.875,9.938,-0.113,0.156,1.301,1.043,1.523,2.785,0.056,0.112,1.066,1.341,3,NULL,NULL,,3,0,2,7,255,1244,250,0,0
stim,253188,283309,0,283309,3480609.454,-0.729,-0.015,-0.014,-0.685,0,0,2809,0,3089,347,3000,2926,46,1.008,1,2280,0,127.761,2.273,1.875,-127.375,9.750,-0.172,0.152,1.254,1.688,1.523,2.785,0.058,0.120,1.066,1.341,3,NULL,NULL,,3,0,2,7,255,1244,250,0,0
stim,253188,283309,0,283309,3480614.455,-0.729,-0.018,-0.019,-0.684,0,0,2783,0,3091,156,3000,2919,46,1.008,1,2280,0,135.676,2.844,13.438,-135.000,1.563,-0.164,0.203,1.277,1.770,2.227,2.531,0.060,0.126,1.066,1.341,3,NULL,NULL,,3,0,2,7,255,1244,250,0,0
stim,253188,283309,0,283309,3480619.453,-0.729,-0.022,-0.024,-0.684,0,0,2751,0,3083,77,2999,2884,46,1.008,1,2280,0,140.843,3.014,5.875,-140.688,-3.063,-0.102,0.188,1.336,2.031,2.227,2.531,0.060,0.132,1.066,1.341,3,NULL,NULL,,3,0,2,7,255,1244,250,0,0
stim,253188,283309,0,283309,3480624.455,-0.729,-0.026,-0.028,-0.684,0,0,2711,0,3080,37,3013,2861,46,1.008,1,2280,0,147.678,2.867,3.938,-147.625,0.313,-0.070,0.227,1.391,2.148,1.898,3.137,0.058,0.136,1.066,1.341,3,NULL,NULL,,3,0,2,7,255,1244,250,0,0
stim,253188,283309,0,283309,3480629.454,-0.729,-0.030,-0.033,-0.683,0,0,2663,0,3083,0,3004,2833,46,1.008,1,2280,0,152.886,3.071,-6.063,-152.625,6.563,-0.078,0.258,1.453,2.414,1.898,3.641,0.056,0.142,1.066,1.341,3,NULL,NULL,,3,0,2,7,255,1244,250,0,0
stim,253188,283309,0,283309,3480634.455,-0.729,-0.035,-0.038,-0.683,0,0,2607,0,3081,0,3019,2795,46,1.008,1,2280,0,161.549,3.435,-17.188,-160.188,11.938,-0.145,0.254,1.492,2.680,2.148,4.238,0.054,0.150,1.066,1.341,3,NULL,NULL,,3,0,2,7,255,1244,250,0,0
stim,253188,283309,0,283309,3480639.454,-0.729,-0.041,-0.042,-0.682,0,0,2539,0,3063,0,3011,2741,46,1.008,1,2280,0,170.053,4.063,-27.625,-167.500,9.938,-0.164,0.289,1.543,2.719,3.020,4.488,0.050,0.156,1.066,1.341,3,NULL,NULL,,3,0,2,7,255,1244,250,0,0
stim,253188,283309,0,283309,3480644.455,-0.729,-0.048,-0.047,-0.681,0,0,2483,0,3055,0,3015,2688,46,1.008,1,2280,0,177.790,4.427,-33.375,-174.438,8.188,-0.191,0.234,1.664,2.680,3.523,4.930,0.048,0.162,1.066,1.341,3,NULL,NULL,,3,0,2,7,255,1244,250,0,0
stim,253188,283309,0,283309,3480649.453,-0.730,-0.054,-0.051,-0.680,0,0,2415,0,3053,0,3003,2646,46,1.008,1,2280,0,192.147,4.888,-36.563,-187.063,24.313,-0.207,0.234,1.828,2.609,4.133,5.996,0.046,0.172,1.066,1.341,3,NULL,NULL,,3,0,2,7,255,1244,250,0,0
stim,253219,283340,0,283340,3480654.455,-0.730,-0.062,-0.056,-0.678,0,0,2340,0,3044,0,3003,2579,46,1.008,1,2280,0,208.971,5.468,-51.875,-199.875,32.063,-0.270,0.258,1.910,2.609,4.805,7.492,0.046,0.180,1.066,1.341,3,NULL,NULL,,3,0,2,7,255,1244,250,0,0
stim,253219,283340,0,283340,3480659.454,-0.731,-0.071,-0.061,-0.676,0,0,2231,0,3029,0,2989,2504,46,1.008,1,2280,0,234.167,6.407,-74.688,-216.188,50.188,-0.422,0.219,1.867,2.609,5.852,7.492,0.048,0.190,1.066,1.341,3,NULL,NULL,,3,0,2,7,255,1244,250,0,0
stim,253219,283340,0,283340,3480664.455,-0.731,-0.081,-0.065,-0.674,0,0,2125,0,3020,0,2976,2408,46,1.008,1,2280,0,250.337,8.083,-88.125,-231.313,37.375,-0.426,0.328,1.824,2.875,7.555,7.270,0.052,0.200,1.066,1.341,3,NULL,NULL,,3,0,2,7,255,1244,250,0,0
stim,253219,283340,0,283340,3480669.454,-0.731,-0.091,-0.070,-0.672,0,0,2020,0,2997,4,2964,2303,46,1.008,1,2280,0,268.371,8.412,-98.938,-247.688,29.750,-0.418,0.250,1.707,2.852,7.914,6.609,0.062,0.214,1.066,1.341,3,NULL,NULL,,3,0,2,7,255,1244,250,0,0
stim,253249,283370,0,283370,3480674.456,-0.731,-0.102,-0.076,-0.670,0,0,1911,0,2973,19,2941,2212,46,1.008,1,2280,0,278.036,8.674,-80.938,-264.875,24.375,-0.336,0.316,1.809,3.551,7.914,6.250,0.076,0.230,1.066,1.341,3,NULL,NULL,,3,0,2,7,255,1244,250,0,0
stim,253249,283370,0,283370,3480679.454,-0.731,-0.113,-0.082,-0.668,0,0,1821,0,2944,31,2908,2043,46,1.008,1,2280,0,293.569,8.739,-85.063,-280.063,22.625,-0.363,0.363,1.945,3.707,7.914,6.250,0.092,0.248,1.066,1.341,3,NULL,NULL,,3,0,2,7,255,1244,250,0,0
stim,253249,283370,0,283370,3480684.455,-0.730,-0.124,-0.089,-0.666,0,0,1739,0,2917,43,2871,1919,46,1.008,1,2280,0,310.196,9.857,-82.750,-297.750,26.813,-0.480,0.449,2.160,4.281,8.879,7.215,0.108,0.268,1.066,1.341,3,NULL,NULL,,3,0,2,7,255,1244,250,0,0
stim,253249,283370,0,283370,3480689.453,-0.729,-0.136,-0.096,-0.664,0,0,1657,0,2875,41,2828,1790,46,1.008,1,2280,0,325.901,12.283,-91.125,-312.750,9.750,-0.551,0.699,2.430,5.223,11.117,8.539,0.130,0.292,1.066,1.341,3,NULL,NULL,,3,0,2,7,255,1244,250,0,0
stim,253249,283370,0,283370,3480694.455,-0.727,-0.149,-0.103,-0.662,0,0,1575,0,2831,26,2767,1647,46,1.008,1,2280,0,346.859,15.479,-111.688,-328.375,-2.625,-0.586,0.715,2.578,7.879,13.324,10.199,0.156,0.320,1.066,1.341,3,NULL,NULL,,3,0,2,7,255,1244,250,0,0
stim,253249,283370,0,283370,3480699.453,-0.725,-0.164,-0.110,-0.660,0,0,1479,0,2773,8,2675,1531,46,1.008,1,2280,0,378.695,16.729,-145.938,-349.438,2.313,-0.617,0.637,2.559,7.879,14.758,10.215,0.184,0.350,1.066,1.341,3,NULL,NULL,,3,0,2,7,255,1244,250,0,0
stim,253286,283407,0,283407,3480704.455,-0.722,-0.180,-0.116,-0.658,0,0,1357,0,2709,0,2568,1452,46,1.008,1,2280,0,406.649,16.763,-180.125,-364.500,-7.625,-0.609,0.461,2.289,7.660,14.910,10.215,0.216,0.384,1.066,1.341,3,NULL,NULL,,3,0,2,7,255,1244,250,0,0
stim,253286,283407,0,283407,3480709.454,-0.718,-0.196,-0.123,-0.656,0,0,1191,0,2639,0,2425,1261,46,1.008,1,2280,0,412.945,16.065,-171.625,-375.000,-21.063,-0.555,0.352,2.082,5.980,14.910,7.473,0.252,0.420,1.066,1.341,3,NULL,NULL,,3,0,2,7,255,1244,250,0,0
stim,253286,283407,0,283407,3480714.455,-0.715,-0.212,-0.131,-0.654,0,0,1021,0,2523,0,2257,1176,46,1.008,1,2280,0,414.012,15.043,-145.813,-387.000,-19.375,-0.477,0.289,2.152,5.000,14.188,5.949,0.290,0.460,1.066,1.341,3,NULL,NULL,,3,0,2,7,255,1244,250,0,0
stim,253286,283407,0,283407,3480719.454,-0.711,-0.227,-0.140,-0.651,0,0,855,0,2391,0,1993,1035,46,1.008,1,2280,0,422.899,14.949,-142.500,-398.000,-11.563,-0.426,0.078,2.270,4.711,14.188,5.949,0.332,0.504,1.066,1.341,3,NULL,NULL,,3,0,2,7,255,1244,250,0,0
stim,253286,283407,0,283407,3480724.455,-0.707,-0.244,-0.148,-0.647,0,0,635,0,2183,0,1691,946,46,1.008,1,2280,0,443.184,14.513,-163.438,-411.938,2.813,-0.336,-0.195,2.082,3.059,14.188,5.949,0.376,0.550,1.066,1.341,3,NULL,NULL,,3,0,2,7,255,1244,250,0,0
stim,253286,283407,0,283407,3480729.453,-0.703,-0.261,-0.156,-0.643,0,0,419,0,1959,0,1305,807,46,1.008,1,2280,0,453.707,13.652,-161.563,-423.813,11.438,-0.188,-0.457,1.625,0.465,13.645,5.789,0.430,0.604,1.066,1.341,3,NULL,NULL,,3,0,2,7,255,1244,250,0,0
stim,253286,283407,0,283407,3480734.455,-0.700,-0.277,-0.165,-0.638,0,0,293,0,1688,0,795,657,46,1.008,1,2280,0,448.850,10.694,-124.625,-430.813,18.313,0.070,-0.473,1.148,-2.348,10.434,2.922,0.490,0.666,1.066,1.341,3,NULL,NULL,,3,0,2,7,255,1244,250,0,0
stim,253286,283407,0,283407,3480739.453,-0.697,-0.291,-0.177,-0.631,0,0,229,0,1395,0,332,509,46,1.008,1,2280,0,440.498,6.487,-33.375,-438.750,20.563,0.195,-0.406,1.137,-2.348,6.047,0.695,0.558,0.734,1.066,1.341,3,NULL,NULL,,3,0,2,7,255,1244,250,0,0
stim,253316,283437,0,283437,3480744.455,-0.695,-0.302,-0.191,-0.624,0,0,170,0,1036,0,85,444,46,1.008,1,2280,0,448.667,6.384,53.500,-443.938,36.875,0.070,-0.137,1.797,-2.047,6.047,0.695,0.628,0.808,1.066,1.341,3,NULL,NULL,,3,0,2,7,255,1244,250,0,0
stim,253316,283437,0,283437,3480749.454,-0.694,-0.313,-0.205,-0.615,0,0,95,0,609,0,0,367,46,1.008,1,2280,0,450.114,11.065,41.688,-442.875,68.750,-0.172,0.176,2.398,1.160,11.004,3.902,0.704,0.886,1.066,1.341,3,NULL,NULL,,3,0,2,7,255,1244,250,0,0
stim,253316,283437,0,283437,3480754.455,-0.693,-0.327,-0.215,-0.606,0,0,83,0,267,0,0,295,46,1.008,1,2280,0,456.237,17.938,-47.813,-441.438,104.875,-0.418,0.352,2.438,4.414,17.387,3.902,0.780,0.962,1.066,1.341,3,NULL,NULL,,3,0,2,7,255,1244,250,0,0
stim,253316,283437,0,283437,3480759.454,-0.691,-0.344,-0.222,-0.596,0,0,99,0,5,0,0,164,46,1.008,1,2280,0,485.802,19.651,-136.313,-441.500,150.000,-0.672,0.484,1.969,5.652,18.820,3.047,0.852,1.036,1.066,1.341,3,NULL,NULL,,3,0,2,7,255,1244,250,0,0
stim,253316,283437,0,283437,3480764.455,-0.688,-0.363,-0.228,-0.586,0,0,69,0,0,0,0,117,46,1.008,1,2280,0,494.703,19.701,-191.875,-428.188,156.750,-0.770,0.852,1.371,5.824,18.820,-2.957,0.922,1.108,1.066,1.341,4,NULL,NULL,,3,0,2,7,255,1244,250,0,0
stim,253316,283437,0,283437,3480769.453,-0.684,-0.380,-0.232,-0.577,0,0,41,0,0,0,0,27,46,1.008,1,2280,0,469.196,17.431,-205.125,-405.438,117.000,-0.660,1.195,1.008,8.328,15.313,-9.051,0.988,1.174,1.066,1.341,4,NULL,NULL,,3,0,2,7,255,1244,250,0,0
stim,253338,283459,0,283459,3480774.455,-0.679,-0.397,-0.237,-0.570,0,0,53,0,0,0,0,19,46,1.008,1,2280,0,439.502,16.273,-195.063,-384.000,87.500,-0.652,1.180,1.016,11.059,11.938,-12.012,1.050,1.238,1.066,1.341,0,NULL,NULL,,3,0,2,7,255,1244,250,0,0
stim,253338,283459,0,283459,3480779.453,-0.674,-0.413,-0.241,-0.563,0,0,69,0,0,0,0,29,46,1.008,1,2280,0,427.423,16.273,-211.938,-361.563,83.938,-0.668,0.926,1.176,11.059,11.938,-12.012,1.108,1.298,1.066,1.341,0,NULL,NULL,,3,0,2,7,255,1244,250,0,0
stim,253338,283459,0,283459,3480784.455,-0.668,-0.429,-0.243,-0.558,0,0,74,0,0,0,0,71,46,1.008,1,2280,0,427.433,15.083,-263.438,-332.250,53.938,-0.414,0.457,1.227,8.887,12.188,-11.578,1.162,1.352,1.066,1.341,0,NULL,NULL,,3,0,2,7,255,1244,250,0,0
stim,253338,283459,0,283459,3480789.454,-0.660,-0.444,-0.244,-0.555,0,0,68,0,0,0,0,99,46,1.008,1,2280,0,377.400,13.295,-262.750,-270.875,4.500,-0.195,-0.059,1.098,5.313,12.188,-8.430,1.212,1.404,1.066,1.341,0,NULL,NULL,,3,0,2,7,255,1244,250,0,0
stim,253384,283505,0,283505,3480794.455,-0.653,-0.456,-0.244,-0.553,0,0,61,0,0,0,0,135,46,1.008,1,2280,0,321.626,11.305,-230.063,-224.500,10.688,-0.215,-0.188,1.199,1.027,11.258,-6.039,1.266,1.460,1.066,1.341,0,NULL,NULL,,3,0,2,7,255,1244,250,0,0
stim,253384,283505,0,283505,3480799.453,-0.647,-0.467,-0.243,-0.551,0,0,60,0,0,0,0,175,46,1.008,1,2280,0,299.824,11.305,-243.938,-173.313,18.750,-0.363,-0.008,1.313,1.027,11.258,-6.039,1.324,1.520,1.066,1.341,0,NULL,NULL,,3,0,2,7,255,1244,250,0,0
stim,253384,283505,0,283505,3480804.455,-0.640,-0.478,-0.239,-0.552,0,0,56,0,0,0,0,183,46,1.008,1,2280,0,320.136,11.405,-300.688,-109.813,3.938,-0.426,0.160,0.949,1.828,11.258,-7.125,1.388,1.586,1.066,1.341,0,NULL,NULL,,3,0,2,7,255,1244,250,0,0
stim,253384,283505,0,283505,3480809.454,-0.632,-0.488,-0.232,-0.555,0,0,51,0,0,0,0,181,46,1.008,1,2280,0,338.074,10.226,-335.188,-42.438,-11.938,-0.363,0.438,0.203,2.539,9.906,-9.980,1.454,1.654,1.066,1.341,0,NULL,NULL,,3,0,2,7,255,1244,250,0,0
stim,253384,283505,0,283505,3480814.455,-0.626,-0.496,-0.224,-0.559,0,0,47,0,0,0,0,137,46,1.008,1,2280,0,300.781,3.809,-299.000,26.188,-19.563,-0.156,0.496,-0.578,2.539,2.840,-13.578,1.518,1.718,1.066,1.341,0,NULL,NULL,,3,0,2,7,255,1244,250,0,0
stim,253384,283505,0,283505,3480819.454,-0.622,-0.499,-0.218,-0.563,0,0,50,0,0,0,0,117,46,1.008,1,2280,0,211.952,5.420,-194.313,82.813,-17.563,-0.109,0.496,-0.895,2.234,-4.938,-15.207,1.574,1.776,1.066,1.341,0,NULL,NULL,,3,0,2,7,255,1244,250,0,0
stim,253384,283505,0,283505,3480824.455,-0.621,-0.498,-0.213,-0.567,0,0,45,0,0,0,0,111,46,1.008,1,2280,0,155.019,5.164,-89.688,125.875,-11.938,-0.133,0.250,-0.621,1.215,-5.020,-15.207,1.628,1.832,1.066,1.341,0,NULL,NULL,,3,0,2,7,255,1244,250,0,0
stim,253384,283505,0,283505,3480829.454,-0.621,-0.495,-0.207,-0.571,0,0,39,0,0,0,0,109,46,1.008,1,2280,0,164.601,5.025,-45.813,158.063,-3.313,-0.191,0.023,-0.238,-0.234,-5.020,-14.281,1.678,1.882,1.066,1.341,0,NULL,NULL,,3,0,2,7,255,1244,250,0,0
stim,253406,283527,0,283527,3480834.455,-0.622,-0.492,-0.201,-0.575,0,0,20,0,0,0,0,103,46,1.008,1,2280,0,186.345,1.614,-41.938,181.063,13.500,-0.188,-0.090,-0.160,-1.176,-1.105,-12.414,1.730,1.938,1.066,1.341,0,NULL,NULL,,3,0,2,7,255,1244,250,0,0
stim,253406,283527,0,283527,3480839.453,-0.624,-0.488,-0.194,-0.579,0,0,19,0,0,0,0,98,46,1.008,1,2280,0,201.984,2.116,-33.750,196.188,34.188,-0.227,-0.016,-0.293,-1.805,-1.105,-12.414,1.786,1.994,1.066,1.341,0,NULL,NULL,,3,0,2,7,255,1244,250,0,0
stim,253406,283527,0,283527,3480844.455,-0.626,-0.483,-0.188,-0.582,0,0,21,0,0,0,0,91,46,1.008,1,2280,0,211.216,2.182,1.188,205.375,49.313,-0.270,0.137,-0.426,-1.805,-1.227,-12.781,1.844,2.054,1.066,1.341,0,NULL,NULL,,3,0,2,7,255,1244,250,0,0
stim,253406,283527,0,283527,3480849.453,-0.630,-0.477,-0.182,-0.585,0,0,13,0,0,0,0,85,46,1.008,1,2280,0,223.901,1.998,48.000,211.438,55.875,-0.313,0.277,-0.371,-1.020,-1.719,-14.348,1.896,2.108,1.066,1.341,0,NULL,NULL,,3,0,2,7,255,1244,250,0,0
stim,253406,283527,0,283527,3480854.455,-0.635,-0.470,-0.177,-0.587,0,0,11,0,0,0,0,71,46,1.008,1,2280,0,239.533,1.749,82.438,217.125,58.625,-0.328,0.340,-0.176,0.324,-1.719,-14.473,1.940,2.154,1.066,1.341,0,NULL,NULL,,3,0,2,7,255,1244,250,0,0
stim,253406,283527,0,283527,3480859.454,-0.640,-0.461,-0.172,-0.589,0,0,10,0,0,0,0,59,46,1.008,1,2280,0,251.491,1.506,98.250,222.750,63.063,-0.348,0.340,0.004,1.504,-0.086,-14.473,1.978,2.194,1.066,1.341,0,NULL,NULL,,3,0,2,7,255,1244,250,0,0
stim,253430,283551,0,283551,3480864.455,-0.646,-0.453,-0.168,-0.592,0,0,7,0,0,0,0,57,46,1.008,1,2280,0,259.250,2.590,105.313,227.188,67.125,-0.398,0.328,0.109,2.098,1.520,-13.742,2.012,2.230,1.066,1.341,0,NULL,NULL,,3,0,2,7,255,1244,250,0,0
stim,253430,283551,0,283551,3480869.454,-0.651,-0.444,-0.163,-0.594,0,0,5,0,0,0,0,53,46,1.008,1,2280,0,264.236,3.463,111.938,229.750,67.125,-0.449,0.293,0.195,2.125,2.734,-13.465,2.044,2.260,1.066,1.341,0,NULL,NULL,,3,0,2,7,255,1244,250,0,0
stim,253430,283551,0,283551,3480874.455,-0.656,-0.435,-0.158,-0.596,0,0,2,0,0,0,0,51,46,1.008,1,2280,0,266.898,4.382,118.250,231.000,62.375,-0.492,0.266,0.301,2.133,3.828,-13.191,2.072,2.292,1.066,1.341,0,NULL,NULL,,3,0,2,7,255,1244,250,0,0
stim,253430,283551,0,283551,3480879.453,-0.661,-0.426,-0.154,-0.598,0,0,7,0,0,0,0,47,46,1.008,1,2280,0,267.832,5.422,121.875,232.375,53.688,-0.512,0.250,0.410,2.133,4.984,-12.711,2.098,2.320,1.066,1.341,0,NULL,NULL,,3,0,2,7,255,1244,250,0,0
stim,253451,283572,0,283572,3480884.455,-0.666,-0.416,-0.149,-0.600,0,0,7,0,0,0,0,47,46,1.008,1,2280,0,268.471,6.434,124.438,233.938,43.188,-0.527,0.246,0.520,2.313,6.004,-12.051,2.122,2.344,1.066,1.341,0,NULL,NULL,,3,0,2,7,255,1244,250,0,0
stim,253451,283572,0,283572,3480889.453,-0.670,-0.407,-0.145,-0.603,0,0,10,0,0,0,0,46,46,1.008,1,2280,0,266.943,7.425,120.625,236.000,31.813,-0.539,0.254,0.691,2.574,6.965,-11.340,2.136,2.362,1.066,1.341,0,NULL,NULL,,3,0,2,7,255,1244,250,0,0
stim,253451,283572,0,283572,3480894.455,-0.674,-0.398,-0.141,-0.606,0,0,6,0,0,0,0,47,46,1.008,1,2280,0,262.925,8.849,105.625,240.000,19.313,-0.547,0.250,0.820,3.180,8.258,-10.258,2.150,2.376,1.066,1.341,0,NULL,NULL,,3,0,2,7,255,1244,250,0,0
stim,253451,283572,0,283572,3480899.454,-0.677,-0.388,-0.136,-0.610,0,0,9,0,0,0,0,48,46,1.008,1,2280,0,260.559,9.875,85.563,246.063,4.813,-0.543,0.230,0.891,3.551,9.215,-9.250,2.160,2.388,1.066,1.341,0,NULL,NULL,,3,0,2,7,255,1244,250,0,0
stim,253488,283609,0,283609,3480904.455,-0.679,-0.380,-0.130,-0.615,0,0,12,0,0,0,0,47,46,1.008,1,2280,0,263.543,10.270,65.938,254.938,-10.688,-0.531,0.211,0.906,3.570,9.629,-8.480,2.168,2.398,1.066,1.341,0,NULL,NULL,,3,0,2,7,255,1244,250,0,0
stim,253488,283609,0,283609,3480909.454,-0.680,-0.371,-0.124,-0.620,0,0,16,0,0,0,0,57,46,1.008,1,2280,0,272.419,10.286,51.000,266.250,-26.875,-0.516,0.211,0.898,3.617,9.629,-8.008,2.176,2.408,1.066,1.341,0,NULL,NULL,,3,0,2,7,255,1244,250,0,0
stim,253488,283609,0,283609,3480914.455,-0.681,-0.362,-0.118,-0.625,0,0,13,0,0,0,0,59,46,1.008,1,2280,0,285.339,10.049,40.688,279.063,-43.438,-0.480,0.211,0.895,3.617,9.375,-7.734,2.186,2.418,1.066,1.341,0,NULL,NULL,,3,0,2,7,255,1244,250,0,0
stim,253488,283609,0,283609,3480919.453,-0.681,-0.352,-0.111,-0.632,0,0,13,0,0,0,0,62,46,1.008,1,2280,0,300.792,9.774,32.125,292.875,-60.563,-0.383,0.207,0.895,3.746,9.027,-7.313,2.198,2.432,1.066,1.341,0,NULL,NULL,,3,0,2,7,255,1244,250,0,0
stim,253488,283609,0,283609,3480924.455,-0.681,-0.343,-0.104,-0.639,0,0,11,0,0,0,0,77,46,1.008,1,2280,0,318.477,8.990,22.563,308.125,-77.313,-0.164,0.145,0.820,3.746,8.172,-6.484,2.214,2.448,1.066,1.341,0,NULL,NULL,,3,0,2,7,255,1244,250,0,0
stim,253488,283609,0,283609,3480929.453,-0.680,-0.333,-0.097,-0.646,0,0,13,0,0,0,0,80,46,1.008,1,2280,0,330.645,6.934,21.875,321.063,-75.938,-0.063,0.059,0.676,3.602,5.926,-5.414,2.234,2.472,1.066,1.341,0,NULL,NULL,,3,0,2,7,255,1244,250,0,0
stim,253488,283609,0,283609,3480934.455,-0.680,-0.322,-0.089,-0.653,0,0,13,0,0,0,0,89,46,1.008,1,2280,0,336.471,5.366,37.063,327.438,-68.000,-0.117,0.164,0.633,3.320,4.215,-5.414,2.262,2.500,1.066,1.341,0,NULL,NULL,,3,0,2,7,255,1244,250,0,0
stim,253488,283609,0,283609,3480939.454,-0.679,-0.311,-0.082,-0.660,0,0,13,0,0,0,0,100,46,1.008,1,2280,0,345.938,5.344,54.063,332.563,-78.438,-0.113,0.207,0.656,3.320,4.188,-6.031,2.292,2.532,1.066,1.341,0,NULL,NULL,,3,0,2,7,255,1244,250,0,0
stim,253488,283609,0,283609,3480944.455,-0.678,-0.299,-0.076,-0.667,0,0,11,0,0,0,0,101,46,1.008,1,2280,0,351.271,5.289,68.875,334.688,-81.438,-0.012,0.113,0.684,3.320,4.117,-6.031,2.330,2.572,1.066,1.341,0,NULL,NULL,,3,0,2,7,255,1244,250,0,0
stim,253488,283609,0,283609,3480949.454,-0.678,-0.287,-0.069,-0.673,0,0,11,0,0,0,0,102,46,1.008,1,2280,0,352.264,4.557,84.063,334.625,-71.063,0.047,0.098,0.699,3.121,3.320,-4.891,2.374,2.618,1.066,1.341,0,NULL,NULL,,3,0,2,7,255,1244,250,0,0
stim,253519,283640,0,283640,3480954.455,-0.678,-0.274,-0.063,-0.679,0,0,12,0,0,0,0,103,46,1.008,1,2280,0,353.459,4.238,101.750,332.875,-61.438,0.027,0.145,0.734,3.121,2.867,-4.293,2.420,2.664,1.066,1.341,0,NULL,NULL,,3,0,2,7,255,1244,250,0,0
stim,253519,283640,0,283640,3480959.454,-0.678,-0.260,-0.058,-0.685,0,0,11,0,0,0,0,104,46,1.008,1,2280,0,356.320,4.552,120.188,330.375,-58.063,0.023,0.184,0.797,3.535,2.867,-4.145,2.468,2.714,1.066,1.341,0,NULL,NULL,,3,0,2,7,255,1244,250,0,0
stim,253519,283640,0,283640,3480964.455,-0.679,-0.246,-0.053,-0.690,0,0,16,0,0,0,0,103,46,1.008,1,2280,0,359.530,4.931,136.500,328.000,-55.188,0.051,0.188,0.875,4.012,2.867,-3.621,2.516,2.764,1.066,1.341,0,NULL,NULL,,3,0,2,7,255,1244,250,0,0
stim,253519,283640,0,283640,3480969.453,-0.679,-0.232,-0.049,-0.695,0,0,12,0,0,0,0,107,46,1.008,1,2280,0,361.022,5.141,150.813,324.500,-47.875,0.047,0.199,0.977,4.230,2.922,-2.711,2.560,2.810,1.066,1.341,0,NULL,NULL,,3,0,2,7,255,1244,250,0,0
stim,253545,283666,0,283666,3480974.456,-0.680,-0.217,-0.045,-0.699,0,0,9,0,0,0,0,107,46,1.008,1,2280,0,361.984,5.413,161.313,321.188,-43.000,0.012,0.238,1.078,4.516,2.984,-1.746,2.598,2.850,1.066,1.341,0,NULL,NULL,,3,0,2,7,255,1244,250,0,0
stim,253545,283666,0,283666,3480979.454,-0.680,-0.202,-0.041,-0.703,0,0,7,0,0,0,0,96,46,1.008,1,2280,0,364.336,6.057,171.063,318.375,-46.000,-0.008,0.234,1.195,5.027,3.379,-0.938,2.630,2.884,1.066,1.341,0,NULL,NULL,,3,0,2,7,255,1244,250,0,0
stim,253545,283666,0,283666,3480984.455,-0.681,-0.187,-0.038,-0.707,0,0,7,0,0,0,0,94,46,1.008,1,2280,0,362.099,6.150,171.813,315.938,-42.188,0.027,0.195,1.340,5.027,3.543,0.246,2.658,2.910,1.066,1.341,0,NULL,NULL,,3,0,2,7,255,1244,250,0,0
stim,253545,283666,0,283666,3480989.454,-0.681,-0.173,-0.034,-0.711,0,0,8,0,0,0,0,88,46,1.008,1,2280,0,355.649,6.345,163.625,313.938,-34.000,-0.020,0.207,1.461,5.152,3.703,1.918,2.678,2.934,1.066,1.341,0,NULL,NULL,,3,0,2,7,255,1244,250,0,0
stim,253545,283666,0,283666,3480994.455,-0.681,-0.159,-0.029,-0.714,0,0,6,0,0,0,0,87,46,1.008,1,2280,0,348.310,6.540,152.688,311.375,-32.438,-0.102,0.258,1.512,5.180,3.992,3.039,2.696,2.954,1.066,1.341,0,NULL,NULL,,3,0,2,7,255,1244,250,0,0
stim,253545,283666,0,283666,3480999.453,-0.681,-0.144,-0.025,-0.717,0,0,9,0,0,0,0,89,46,1.008,1,2280,0,344.680,7.066,147.000,309.063,-40.938,-0.148,0.250,1.563,5.461,4.484,3.379,2.712,2.970,1.066,1.341,0,NULL,NULL,,3,0,2,7,255,1244,250,0,0
stim,253587,283708,0,283708,3481004.455,-0.680,-0.131,-0.021,-0.721,0,0,7,0,0,0,0,99,46,1.008,1,2280,0,342.156,7.066,140.500,307.813,-50.813,-0.145,0.219,1.648,5.461,4.484,3.961,2.726,2.986,1.066,1.341,0,NULL,NULL,,3,0,2,7,255,1244,250,0,0
stim,253587,283708,0,283708,3481009.454,-0.679,-0.117,-0.016,-0.724,0,0,10,0,0,0,0,95,46,1.008,1,2280,0,336.385,6.819,124.000,307.188,-58.438,-0.109,0.195,1.676,5.164,4.453,5.031,2.742,3.004,1.066,1.341,0,NULL,NULL,,3,0,2,7,255,1244,250,0,0
stim,253587,283708,0,283708,3481014.455,-0.678,-0.104,-0.011,-0.728,0,0,11,0,0,0,0,96,46,1.008,1,2280,0,331.174,6.086,111.125,306.125,-60.125,-0.094,0.215,1.637,4.766,3.785,5.344,2.758,3.022,1.066,1.341,0,NULL,NULL,,3,0,2,7,255,1244,250,0,0
stim,253587,283708,0,283708,3481019.454,-0.676,-0.092,-0.006,-0.731,0,0,11,0,0,0,0,96,46,1.008,1,2280,0,327.745,5.673,105.813,304.125,-61.063,-0.086,0.203,1.613,4.727,3.137,5.344,2.776,3.042,1.066,1.341,0,NULL,NULL,,3,0,2,7,255,1244,250,0,0
stim,253587,283708,0,283708,3481024.455,-0.674,-0.079,-0.001,-0.734,0,0,11,0,0,0,0,101,46,1.008,1,2280,0,325.745,5.237,105.438,301.438,-64.250,-0.090,0.230,1.629,4.527,2.633,5.344,2.796,3.062,1.066,1.341,0,NULL,NULL,,3,0,2,7,255,1244,250,0,0
stim,253587,283708,0,283708,3481029.454,-0.672,-0.066,0.005,-0.738,0,0,12,0,0,0,0,101,46,1.008,1,2280,0,321.460,4.940,100.250,298.500,-64.688,-0.035,0.203,1.645,4.402,2.242,5.484,2.818,3.088,1.066,1.341,0,NULL,NULL,,3,0,2,7,255,1244,250,0,0
stim,253612,283733,0,283733,3481034.455,-0.670,-0.054,0.010,-0.740,0,0,11,0,0,0,0,101,46,1.008,1,2280,0,317.451,4.337,99.188,295.063,-62.250,-0.039,0.230,1.605,4.121,1.352,5.484,2.844,3.114,1.066,1.341,0,NULL,NULL,,3,0,2,7,255,1244,250,0,0
stim,253612,283733,0,283733,3481039.453,-0.668,-0.042,0.015,-0.743,0,0,12,0,0,0,0,98,46,1.008,1,2280,0,315.585,4.195,106.313,290.438,-62.750,-0.039,0.219,1.594,4.086,0.949,5.473,2.872,3.142,1.066,1.341,0,NULL,NULL,,3,0,2,7,255,1244,250,0,0
stim,253612,283733,0,283733,3481044.455,-0.665,-0.029,0.019,-0.746,0,0,11,0,0,0,0,100,46,1.008,1,2280,0,314.345,3.860,115.438,285.500,-63.063,-0.012,0.207,1.633,3.820,0.551,5.473,2.900,3.170,1.066,1.341,0,NULL,NULL,,3,0,2,7,255,1244,250,0,0
stim,253612,283733,0,283733,3481049.453,-0.663,-0.016,0.023,-0.748,0,0,17,0,0,0,0,99,46,1.008,1,2280,0,312.533,3.524,122.875,280.938,-60.438,0.027,0.211,1.676,3.523,-0.082,5.906,2.926,3.200,1.066,1.341,0,NULL,NULL,,3,0,2,7,255,1244,250,0,0
stim,253612,283733,0,283733,3481054.455,-0.661,-0.003,0.026,-0.750,0,0,17,0,0,0,0,101,46,1.008,1,2280,0,311.143,3.424,130.625,276.875,-55.563,0.059,0.227,1.711,3.316,-0.852,6.375,2.952,3.228,1.066,1.341,0,NULL,NULL,,3,0,2,7,255,1244,250,0,0
stim,253612,283733,0,283733,3481059.454,-0.658,0.010,0.029,-0.752,0,0,20,0,0,0,0,97,46,1.008,1,2280,0,312.287,3.585,142.063,273.375,-51.063,0.090,0.234,1.762,3.219,-1.578,6.727,2.976,3.254,1.066,1.341,0,NULL,NULL,,3,0,2,7,255,1244,250,0,0
stim,253632,283753,0,283753,3481064.456,-0.656,0.023,0.031,-0.754,0,0,19,0,0,0,0,102,46,1.008,1,2280,0,315.652,3.795,154.250,271.313,-47.250,0.148,0.230,1.844,3.023,-2.293,7.211,2.998,3.276,1.066,1.341,0,NULL,NULL,,3,0,2,7,255,1244,250,0,0
stim,253632,283753,0,283753,3481069.454,-0.654,0.036,0.034,-0.755,0,0,20,0,0,0,0,93,46,1.008,1,2280,0,319.188,4.200,163.000,271.188,-42.063,0.230,0.219,1.918,2.617,-3.285,7.984,3.016,3.296,1.066,1.341,0,NULL,NULL,,3,0,2,7,255,1244,250,0,0
stim,253632,283753,0,283753,3481074.455,-0.652,0.050,0.036,-0.756,0,0,21,0,0,0,0,103,46,1.008,1,2280,0,322.922,4.974,170.750,272.000,-33.750,0.324,0.207,1.961,2.102,-4.508,8.582,3.032,3.314,1.066,1.341,0,NULL,NULL,,3,0,2,7,255,1244,250,0,0
stim,253632,283753,0,283753,3481079.453,-0.650,0.064,0.038,-0.757,0,0,21,0,0,0,0,117,46,1.008,1,2280,0,328.391,6.046,180.063,273.563,-24.125,0.438,0.215,2.000,1.504,-5.855,8.840,3.046,3.328,1.066,1.341,0,NULL,NULL,,3,0,2,7,255,1244,250,0,0
stim,253632,283753,0,283753,3481084.455,-0.648,0.079,0.039,-0.757,0,0,26,0,0,0,0,121,46,1.008,1,2280,0,335.984,7.477,191.313,275.813,-14.563,0.563,0.223,2.035,1.000,-7.410,8.930,3.056,3.340,1.066,1.341,0,NULL,NULL,,3,0,2,7,255,1244,250,0,0
stim,253632,283753,0,283753,3481089.453,-0.646,0.093,0.040,-0.756,0,0,21,0,0,0,0,116,46,1.008,1,2280,0,344.820,9.107,204.063,277.938,-3.125,0.668,0.203,2.094,0.500,-9.094,8.941,3.064,3.350,1.066,1.341,0,NULL,NULL,,3,0,2,7,255,1244,250,0,0
stim,253698,283819,0,283819,3481094.455,-0.645,0.109,0.041,-0.756,0,0,23,0,0,0,0,121,46,1.008,1,2280,0,353.957,10.570,217.188,279.313,10.000,0.742,0.172,2.195,-0.285,-10.566,9.109,3.070,3.358,1.066,1.341,0,NULL,NULL,,3,0,2,7,255,1244,250,0,0
stim,253698,283819,0,283819,3481099.454,-0.643,0.124,0.041,-0.754,0,0,25,0,0,0,0,101,46,1.008,1,2280,0,360.382,11.897,225.563,280.250,21.375,0.801,0.176,2.316,-1.242,-11.832,9.641,3.074,3.362,1.066,1.341,0,NULL,NULL,,3,0,2,7,255,1244,250,0,0
stim,253698,283819,0,283819,3481104.455,-0.642,0.140,0.042,-0.752,0,0,23,0,0,0,0,95,46,1.008,1,2280,0,362.793,13.171,227.125,281.500,28.125,0.863,0.254,2.434,-1.832,-13.043,10.379,3.076,3.366,1.066,1.341,0,NULL,NULL,,3,0,2,7,255,1244,250,0,0
stim,253698,283819,0,283819,3481109.455,-0.641,0.156,0.042,-0.750,0,0,22,0,0,0,0,104,46,1.008,1,2280,0,360.811,14.581,221.063,283.125,34.000,0.895,0.293,2.508,-1.840,-14.465,11.070,3.072,3.364,1.066,1.341,0,NULL,NULL,,3,0,2,7,255,1244,250,0,0
stim,253698,283819,0,283819,3481114.455,-0.640,0.171,0.043,-0.748,0,0,23,0,0,0,0,117,46,1.008,1,2280,0,357.103,15.602,216.375,280.438,45.375,0.922,0.328,2.648,-2.066,-15.465,11.344,3.066,3.360,1.066,1.341,0,NULL,NULL,,3,0,2,7,255,1244,250,0,0
stim,253698,283819,0,283819,3481119.453,-0.639,0.186,0.044,-0.745,0,0,24,0,0,0,0,120,46,1.008,1,2280,0,342.464,16.800,192.563,279.375,46.375,0.945,0.367,2.734,-2.473,-16.617,12.234,3.056,3.350,1.066,1.341,0,NULL,NULL,,3,0,2,7,255,1244,250,0,0
stim,253698,283819,0,283819,3481124.455,-0.639,0.199,0.046,-0.742,0,0,24,0,0,0,0,139,46,1.008,1,2280,0,321.494,17.837,158.813,275.625,46.563,1.039,0.410,2.715,-2.715,-17.629,12.234,3.040,3.336,1.066,1.341,0,NULL,NULL,,3,0,2,7,255,1244,250,0,0
stim,253698,283819,0,283819,3481129.453,-0.638,0.211,0.049,-0.738,0,0,22,0,0,0,0,147,46,1.008,1,2280,0,302.381,19.159,126.750,270.125,49.000,1.195,0.406,2.551,-2.723,-18.965,11.742,3.016,3.312,1.066,1.341,0,NULL,NULL,,3,0,2,7,255,1244,250,0,0
stim,253698,283819,0,283819,3481134.455,-0.638,0.223,0.053,-0.735,0,0,22,0,0,0,0,149,46,1.008,1,2280,0,288.478,20.476,106.500,261.750,58.000,1.348,0.273,2.324,-2.820,-20.281,9.230,2.984,3.282,1.066,1.341,0,NULL,NULL,,3,0,2,7,255,1244,250,0,0
stim,253698,283819,0,283819,3481139.454,-0.639,0.234,0.056,-0.731,0,0,21,0,0,0,0,164,46,1.008,1,2280,0,277.150,21.272,94.875,250.750,70.250,1.449,0.066,2.066,-3.867,-20.918,5.953,2.946,3.246,1.066,1.341,0,NULL,NULL,,3,0,2,7,255,1244,250,0,0
stim,253698,283819,0,283819,3481144.455,-0.640,0.244,0.059,-0.726,0,0,21,0,0,0,0,165,46,1.008,1,2280,0,266.654,21.596,90.125,237.188,82.000,1.523,-0.137,1.770,-5.367,-20.918,2.465,2.900,3.200,1.066,1.341,0,NULL,NULL,,3,0,2,7,255,1244,250,0,0
stim,253698,283819,0,283819,3481149.453,-0.641,0.254,0.062,-0.722,0,0,20,0,0,0,0,171,46,1.008,1,2280,0,259.378,21.366,98.813,221.000,93.125,1.594,-0.324,1.457,-6.637,-20.309,-1.258,2.842,3.144,1.066,1.341,0,NULL,NULL,,3,0,2,7,255,1244,250,0,0
stim,253721,283842,0,283842,3481154.455,-0.642,0.264,0.062,-0.717,0,0,22,0,0,0,0,175,46,1.008,1,2280,0,259.541,20.963,123.188,202.688,105.375,1.652,-0.484,1.215,-7.613,-19.531,-5.055,2.778,3.082,1.066,1.341,0,NULL,NULL,,3,0,2,7,255,1244,250,0,0
stim,253721,283842,0,283842,3481159.454,-0.643,0.275,0.061,-0.712,0,0,25,0,0,0,0,200,46,1.008,1,2280,0,268.681,20.667,159.438,185.000,112.000,1.641,-0.539,1.063,-8.453,-18.859,-8.098,2.710,3.016,1.066,1.341,0,NULL,NULL,,3,0,2,7,255,1244,250,0,0
stim,253721,283842,0,283842,3481164.455,-0.644,0.286,0.058,-0.707,0,0,22,0,0,0,0,209,46,1.008,1,2280,0,289.229,20.675,200.875,164.313,127.688,1.828,-0.676,1.180,-8.473,-18.859,-9.840,2.636,2.942,1.066,1.341,0,NULL,NULL,,3,0,2,7,255,1244,250,0,0
stim,253721,283842,0,283842,3481169.454,-0.645,0.297,0.055,-0.702,0,0,25,0,0,0,0,219,46,1.008,1,2280,0,291.397,21.731,210.125,149.438,135.750,1.676,-0.926,1.363,-10.016,-19.285,-9.840,2.556,2.862,1.066,1.341,0,NULL,NULL,,3,0,2,7,255,1244,250,0,0
stim,253721,283842,0,283842,3481174.455,-0.645,0.308,0.050,-0.697,0,0,27,0,0,0,0,233,46,1.008,1,2280,0,282.612,23.515,212.625,133.875,129.375,1.762,-0.852,1.430,-12.266,-20.063,-9.445,2.472,2.780,1.066,1.341,0,NULL,NULL,,3,0,2,7,255,1244,250,0,0
stim,253721,283842,0,283842,3481179.454,-0.646,0.318,0.046,-0.693,0,0,27,0,0,0,0,239,46,1.008,1,2280,0,274.970,23.971,216.625,118.813,120.688,1.785,-0.855,1.508,-12.508,-20.449,-9.387,2.386,2.694,1.066,1.341,0,NULL,NULL,,3,0,2,7,255,1244,250,0,0
stim,253752,283873,0,283873,3481184.455,-0.646,0.327,0.041,-0.689,0,0,24,0,0,0,0,273,46,1.008,1,2280,0,259.080,24.486,211.188,103.813,108.375,1.848,-0.949,1.660,-12.508,-21.051,-9.387,2.294,2.602,1.066,1.341,0,NULL,NULL,,3,0,2,7,255,1244,250,0,0
stim,253752,283873,0,283873,3481189.453,-0.646,0.335,0.036,-0.685,0,0,24,0,0,0,0,296,46,1.008,1,2280,0,231.482,26.159,192.000,87.313,95.375,1.879,-1.109,1.754,-13.844,-22.195,-9.387,2.198,2.508,1.066,1.341,0,NULL,NULL,,3,0,2,7,255,1244,250,0,0
stim,253752,283873,0,283873,3481194.455,-0.645,0.342,0.032,-0.682,0,0,24,0,0,0,0,315,46,1.008,1,2280,0,200.611,27.301,172.625,68.125,76.188,1.844,-1.242,1.789,-15.648,-22.371,-9.598,2.100,2.412,1.066,1.341,0,NULL,NULL,,3,0,2,7,255,1244,250,0,0
stim,253752,283873,0,283873,3481199.453,-0.644,0.348,0.028,-0.680,0,0,25,0,0,0,0,331,46,1.008,1,2280,0,172.294,28.317,156.438,46.625,55.125,1.855,-1.258,1.922,-16.992,-22.652,-9.598,2.000,2.312,1.066,1.341,0,NULL,NULL,,3,0,2,7,255,1244,250,0,0
stim,253789,283910,0,283910,3481204.455,-0.644,0.353,0.024,-0.679,0,0,26,0,0,0,0,345,46,1.008,1,2280,0,140.868,28.717,131.438,22.563,45.375,1.871,-1.090,2.137,-17.121,-23.055,-9.414,1.896,2.210,1.066,1.341,0,NULL,NULL,,3,0,2,7,255,1244,250,0,0
stim,253789,283910,0,283910,3481209.454,-0.643,0.356,0.020,-0.678,0,0,25,0,0,0,0,352,46,1.008,1,2280,0,107.872,29.186,100.313,-2.938,39.563,1.668,-0.906,2.273,-17.121,-23.637,-7.465,1.788,2.102,1.066,1.341,0,NULL,NULL,,3,0,2,7,255,1244,250,0,0
stim,253789,283910,0,283910,3481214.455,-0.643,0.357,0.017,-0.678,0,0,25,0,0,0,0,357,46,1.008,1,2280,0,70.505,28.733,62.563,-29.688,13.250,1.414,-0.664,2.336,-16.336,-23.637,-4.832,1.676,1.992,1.066,1.341,0,NULL,NULL,,3,0,2,7,255,1244,250,0,0
stim,253789,283910,0,283910,3481219.454,-0.642,0.356,0.016,-0.680,0,0,25,0,0,0,0,355,46,1.008,1,2280,0,63.237,26.563,20.875,-51.750,-29.750,1.355,-0.457,2.352,-14.746,-22.094,-2.137,1.562,1.878,1.066,1.341,0,NULL,NULL,,3,0,2,7,255,1244,250,0,0
stim,253789,283910,0,283910,3481224.455,-0.641,0.352,0.016,-0.682,0,0,7,0,0,0,0,439,46,1.008,1,2280,0,91.040,25.815,-43.125,-71.000,-37.250,1.449,-0.465,2.402,-13.352,-22.094,-0.844,1.444,1.762,1.066,1.341,0,NULL,NULL,,3,0,2,7,255,1244,250,0,0
stim,253789,283910,0,283910,3481229.453,-0.644,0.352,0.003,-0.679,33,0,11,157,0,0,0,501,46,1.008,1,2280,0,299.113,25.658,169.688,-171.500,176.813,0.320,-0.746,4.395,-13.352,-21.910,-0.797,1.320,1.638,1.066,1.341,0,NULL,NULL,,3,0,2,7,255,1244,250,0,0
stim,253789,283910,0,283910,3481234.455,-0.654,0.346,-0.007,-0.672,489,0,9,709,0,55,0,546,46,1.008,1,2280,0,395.667,26.823,-18.000,-205.313,337.750,-0.246,1.688,6.484,-14.027,-22.863,18.551,1.192,1.510,1.066,1.341,0,NULL,NULL,,3,0,2,7,255,1244,250,0,0
stim,253789,283910,0,283910,3481239.453,-0.673,0.321,0.009,-0.667,974,0,0,1199,0,253,0,603,46,1.008,1,2280,0,813.136,25.763,-773.625,-96.313,231.125,-1.414,2.121,3.203,-14.027,-21.609,29.828,1.060,1.380,1.066,1.341,0,NULL,NULL,,3,0,2,7,255,1244,250,0,0
stim,253789,283910,0,283910,3481244.455,-0.688,0.290,0.032,-0.665,1416,0,0,1503,0,477,0,667,46,1.008,1,2280,0,939.402,6.290,-928.750,-109.750,88.625,-1.117,2.473,-0.547,5.266,-3.441,29.828,0.922,1.242,1.066,1.341,0,NULL,NULL,,3,0,2,7,255,1244,250,0,0
stim,253789,283910,0,283910,3481249.454,-0.696,0.271,0.045,-0.664,1743,0,0,1755,0,605,0,738,46,1.008,1,2281,0,561.824,19.344,-554.063,-88.750,28.000,-1.148,1.297,-1.902,15.781,11.188,-1.574,0.782,1.102,1.066,1.341,1,1283.000,39.000,,3,0,2,7,255,1244,250,0,0
stim,253818,283939,0,283939,3481254.455,-0.698,0.262,0.048,-0.665,1993,0,0,1877,0,779,0,795,46,1.008,1,2281,0,234.174,19.365,-208.000,-106.938,-11.750,-0.750,0.035,-1.105,15.781,11.223,-16.070,0.640,0.960,1.066,1.341,1,NULL,NULL,,3,0,2,7,255,1244,250,0,0
stim,253818,283939,0,283939,3481259.455,-0.699,0.258,0.045,-0.666,2164,0,0,1944,0,927,0,851,46,1.008,1,2281,0,116.581,11.423,-21.438,-113.875,12.813,-0.191,-0.137,0.703,2.129,11.223,-16.070,0.500,0.818,1.066,1.341,1,NULL,NULL,,3,0,2,7,255,1244,250,0,0
stim,253818,283939,0,283939,3481264.455,-0.702,0.253,0.043,-0.665,2312,0,0,2066,0,1101,0,921,46,1.008,1,2281,0,141.089,2.463,-69.188,-104.375,65.000,0.000,1.066,1.469,2.129,-1.238,-3.406,0.364,0.680,1.066,1.341,1,NULL,NULL,,3,0,2,7,255,1244,250,0,0
stim,253818,283939,0,283939,3481269.453,-0.706,0.245,0.044,-0.663,2511,0,0,2297,0,1197,0,940,46,1.008,1,2281,0,216.487,7.184,-172.688,-100.000,83.938,-0.324,1.469,1.566,6.449,-3.164,5.648,0.240,0.542,1.066,1.341,1,NULL,NULL,,3,0,2,7,255,1244,250,0,0
stim,253852,283973,0,283973,3481274.455,-0.711,0.233,0.048,-0.661,2677,0,0,2511,0,1193,0,979,46,1.008,1,2281,0,298.127,7.184,-274.000,-99.875,61.875,-1.113,0.281,1.113,6.449,-3.164,5.648,0.158,0.412,1.066,1.341,2,NULL,NULL,,3,0,2,7,255,1244,250,0,0
stim,253852,283973,0,283973,3481279.453,-0.718,0.219,0.052,-0.659,2771,0,0,2661,0,1179,0,1051,46,1.008,1,2281,0,381.463,5.809,-339.625,-145.938,94.188,-1.766,-1.480,0.191,-1.043,5.715,4.742,0.130,0.294,1.066,1.341,2,NULL,NULL,,3,0,2,7,255,1244,250,0,0
stim,253852,283973,0,283973,3481284.455,-0.720,0.207,0.055,-0.660,2845,0,0,2751,0,1147,0,1132,46,1.008,1,2281,0,296.834,20.648,-255.563,-148.625,-26.625,-1.473,-1.434,-0.566,-14.715,14.484,-4.965,0.188,0.228,1.066,1.341,2,NULL,NULL,,3,0,2,7,255,1244,250,0,0
stim,253852,283973,0,283973,3481289.454,-0.719,0.200,0.053,-0.664,2906,0,0,2843,0,1119,0,1229,46,1.008,1,2281,0,196.034,20.648,-63.813,-163.438,-87.438,-0.598,-0.633,-0.086,-14.715,14.484,-9.781,0.218,0.218,1.066,1.341,2,NULL,NULL,,3,0,2,7,255,1244,250,0,0
stim,253852,283973,0,283973,3481294.455,-0.716,0.196,0.047,-0.668,2943,0,0,2908,0,1109,0,1274,46,1.008,1,2281,0,189.353,8.615,39.875,-163.188,-87.375,0.035,-0.281,1.180,-6.711,5.402,-9.781,0.234,0.238,1.066,1.341,2,NULL,NULL,,3,0,2,7,255,1244,250,0,0
stim,253852,283973,0,283973,3481299.454,-0.715,0.191,0.043,-0.671,2973,0,0,2964,0,1125,0,1323,46,1.008,1,2281,0,157.112,8.056,-9.438,-146.938,-54.813,0.379,-0.508,2.000,-6.711,-4.457,0.238,0.240,0.274,1.066,1.341,2,NULL,NULL,,3,0,2,7,255,1244,250,0,0
stim,253887,284008,0,284008,3481304.455,-0.717,0.183,0.042,-0.672,3003,0,0,3004,0,1173,0,1367,46,1.008,1,2281,0,189.589,12.873,-126.250,-141.438,0.688,0.496,-0.691,1.824,-7.828,-10.219,4.234,0.256,0.304,1.066,1.341,2,NULL,NULL,,3,0,2,7,255,1244,250,0,0
stim,253887,284008,0,284008,3481309.454,-0.720,0.173,0.043,-0.670,3027,0,0,3039,0,1277,0,1379,46,1.008,1,2281,0,247.006,13.658,-197.313,-132.313,67.625,0.313,-0.824,1.047,-9.063,-10.219,4.234,0.280,0.334,1.066,1.341,2,NULL,NULL,,3,0,2,7,255,1244,250,0,0
stim,253887,284008,0,284008,3481314.455,-0.725,0.164,0.044,-0.667,3032,0,0,3061,0,1425,0,1423,46,1.008,1,2281,0,241.646,11.269,-171.313,-130.750,109.313,-0.141,-0.898,0.438,-9.184,-6.531,-2.355,0.304,0.362,1.066,1.341,2,NULL,NULL,,3,0,2,7,255,1244,250,0,0
stim,253887,284008,0,284008,3481319.453,-0.729,0.158,0.041,-0.665,3040,0,0,3081,0,1507,0,1477,46,1.008,1,2281,0,192.476,9.203,-89.938,-135.125,103.438,-0.516,-0.684,0.449,-9.184,-0.590,-5.238,0.324,0.392,1.066,1.341,2,NULL,NULL,,3,0,2,7,255,1244,250,0,0
stim,253887,284008,0,284008,3481324.455,-0.731,0.153,0.037,-0.663,3047,0,0,3090,0,1639,0,1523,46,1.008,1,2281,0,149.682,8.115,-26.313,-135.563,57.750,-0.539,-0.195,0.973,-7.797,2.250,-5.238,0.324,0.408,1.066,1.341,2,NULL,NULL,,3,0,2,7,255,1244,250,0,0
stim,253887,284008,0,284008,3481329.454,-0.732,0.149,0.034,-0.664,3063,0,0,3107,0,1771,0,1593,46,1.008,1,2281,0,132.308,4.346,-27.000,-128.500,16.250,-0.242,0.250,1.363,-3.719,2.250,0.395,0.308,0.410,1.066,1.341,2,NULL,NULL,,3,0,2,7,255,1244,250,0,0
stim,253912,284033,0,284033,3481334.455,-0.733,0.143,0.032,-0.664,3059,0,0,3104,0,1864,0,1657,46,1.008,1,2281,0,137.414,1.160,-62.813,-121.750,10.688,0.008,0.348,1.391,0.492,-1.051,3.746,0.278,0.404,1.066,1.341,2,NULL,NULL,,3,0,2,7,255,1244,250,0,0
stim,253912,284033,0,284033,3481339.454,-0.735,0.137,0.031,-0.663,3065,0,0,3119,27,1951,10,1720,46,1.008,1,2281,0,149.192,3.295,-95.875,-111.813,23.750,0.047,0.023,1.234,0.492,-3.258,3.746,0.240,0.390,1.066,1.341,2,NULL,NULL,,3,0,2,7,255,1244,250,0,0
stim,253912,284033,0,284033,3481344.455,-0.737,0.131,0.030,-0.663,3055,0,0,3115,78,2037,42,1757,46,1.008,1,2281,0,152.620,3.434,-106.563,-104.750,31.063,-0.059,-0.281,1.008,-1.086,-3.258,1.785,0.206,0.376,1.066,1.341,2,NULL,NULL,,3,0,2,7,255,1244,250,0,0
stim,253912,284033,0,284033,3481349.453,-0.738,0.125,0.029,-0.663,3063,0,0,3113,282,2133,59,1867,46,1.008,1,2281,0,132.906,4.364,-86.125,-99.438,18.938,-0.102,-0.316,0.816,-3.852,-2.051,-0.453,0.184,0.354,1.066,1.341,2,NULL,NULL,,3,0,2,7,255,1244,250,0,0
stim,253912,284033,0,284033,3481354.455,-0.739,0.120,0.028,-0.662,3069,0,0,3129,457,2189,158,1961,46,1.008,1,2281,0,109.394,4.364,-54.688,-94.125,10.813,0.008,-0.172,0.934,-3.852,-2.051,-1.094,0.174,0.324,1.066,1.341,2,NULL,NULL,,3,0,2,7,255,1244,250,0,0
stim,253912,284033,0,284033,3481359.454,-0.739,0.118,0.026,-0.663,3079,0,0,3127,605,2239,171,2045,46,1.008,1,2281,0,67.541,3.384,-15.813,-65.000,-9.313,0.152,0.016,1.625,-2.531,-2.246,-1.094,0.172,0.288,1.066,1.341,2,NULL,NULL,,3,0,2,7,255,1244,250,0,0
stim,253931,284052,0,284052,3481364.455,-0.738,0.116,0.027,-0.664,3079,0,0,3125,799,2277,167,2125,46,1.008,1,2281,0,65.754,4.923,-45.500,-36.375,-30.500,0.301,0.379,1.391,-1.156,-4.785,3.305,0.182,0.250,1.066,1.341,2,NULL,NULL,,3,0,2,7,255,1244,250,0,0
stim,253931,284052,0,284052,3481369.454,-0.738,0.113,0.026,-0.665,3077,0,0,3125,947,2315,209,2139,46,1.008,1,2281,0,54.148,5.677,-32.625,-38.375,-19.875,0.391,0.973,1.059,2.809,-4.934,3.305,0.192,0.218,1.066,1.341,2,NULL,NULL,,3,0,2,7,255,1244,250,0,0
stim,253931,284052,0,284052,3481374.455,-0.738,0.112,0.026,-0.665,3079,0,0,3131,1047,2335,215,2194,46,1.008,1,2281,0,32.359,6.150,-23.875,-21.438,-4.188,0.000,0.500,1.426,3.672,-4.934,3.305,0.202,0.192,1.066,1.341,2,NULL,NULL,,3,0,2,7,255,1244,250,0,0
stim,253931,284052,0,284052,3481379.454,-0.738,0.108,0.029,-0.666,3067,0,0,3145,1135,2347,217,2233,46,1.008,1,2281,0,96.788,4.360,-94.125,-15.500,-16.375,-0.414,0.000,1.426,3.672,-2.352,4.332,0.212,0.172,1.066,1.341,2,NULL,NULL,,3,0,2,7,255,1244,250,0,0
stim,253931,284052,0,284052,3481384.455,-0.737,0.104,0.032,-0.667,3081,21,0,3135,1190,2387,229,2278,46,1.008,1,2281,0,131.959,1.371,-115.750,-10.438,-62.500,-0.379,0.180,0.863,0.754,1.145,4.332,0.222,0.160,1.066,1.341,2,NULL,NULL,,3,0,2,7,255,1244,250,0,0
stim,253931,284052,0,284052,3481389.453,-0.734,0.102,0.034,-0.671,3083,31,0,3140,1287,2395,243,2325,46,1.008,1,2281,0,117.250,1.371,-64.813,-8.063,-97.375,-0.055,0.215,0.727,0.754,1.145,-0.684,0.230,0.150,1.066,1.341,2,NULL,NULL,,3,0,2,7,255,1244,250,0,0
stim,253992,284113,0,284113,3481394.455,-0.732,0.101,0.035,-0.673,3087,58,0,3149,1369,2412,261,2386,46,1.008,1,2281,0,91.157,1.039,-31.813,-9.688,-84.875,0.156,0.098,1.020,0.754,-0.715,-0.684,0.240,0.142,1.066,1.341,2,NULL,NULL,,3,0,2,7,255,1244,250,0,0
stim,253992,284113,0,284113,3481399.453,-0.731,0.098,0.036,-0.675,3084,81,0,3147,1469,2428,265,2377,46,1.008,1,2281,0,71.312,3.043,-49.188,-5.750,-51.313,0.078,0.035,1.199,0.461,-3.008,-0.258,0.252,0.132,1.066,1.341,2,NULL,NULL,,3,0,2,7,255,1244,250,0,0
stim,253992,284113,0,284113,3481404.455,-0.730,0.096,0.038,-0.676,3087,85,0,3149,1549,2452,261,2406,46,1.008,1,2281,0,87.746,3.009,-77.688,-3.688,-40.625,-0.148,0.074,1.047,0.094,-3.008,0.566,0.268,0.120,1.066,1.341,2,NULL,NULL,,3,0,2,7,255,1244,250,0,0
stim,253992,284113,0,284113,3481409.455,-0.728,0.093,0.041,-0.678,3092,119,0,3156,1593,2460,255,2425,46,1.008,1,2281,0,92.779,0.522,-72.438,-2.000,-57.938,-0.215,0.051,0.859,-0.051,-0.520,0.566,0.284,0.106,1.066,1.341,2,NULL,NULL,,3,0,2,7,255,1244,250,0,0
stim,253992,284113,0,284113,3481414.455,-0.726,0.091,0.042,-0.680,3087,149,0,3163,1630,2487,247,2455,46,1.008,1,2281,0,85.429,0.522,-48.938,-1.813,-70.000,-0.090,-0.078,0.867,-0.051,-0.520,-1.113,0.300,0.092,1.066,1.341,2,NULL,NULL,,3,0,2,7,255,1244,250,0,0
stim,253992,284113,0,284113,3481419.454,-0.725,0.090,0.043,-0.682,3093,187,20,3175,1688,2495,259,2467,46,1.008,1,2281,0,66.863,1.467,-35.000,-1.938,-56.938,0.016,-0.113,0.969,-1.184,-0.867,-1.113,0.312,0.078,1.066,1.341,2,NULL,NULL,,3,0,2,7,255,1244,250,0,0
stim,253992,284113,0,284113,3481424.455,-0.724,0.088,0.044,-0.683,3089,210,67,3175,1741,2505,270,2485,46,1.008,1,2281,0,50.354,2.152,-35.063,-1.063,-36.125,-0.020,-0.063,1.027,-1.184,-1.797,-0.566,0.318,0.074,1.066,1.341,2,NULL,NULL,,3,0,2,7,255,1244,250,0,0
stim,253992,284113,0,284113,3481429.453,-0.723,0.087,0.046,-0.684,3090,239,101,3171,1779,2523,278,2492,46,1.008,1,2281,0,46.640,2.034,-38.250,0.125,-26.688,-0.098,-0.020,0.996,-0.953,-1.797,-0.074,0.322,0.070,1.066,1.341,2,NULL,NULL,,3,0,2,7,255,1244,250,0,0
stim,253992,284113,1,284113,3481434.455,-0.723,0.085,0.047,-0.684,3099,268,160,3179,1831,2517,280,2495,46,1.008,1,2281,0,42.112,1.356,-32.563,0.938,-26.688,-0.105,-0.090,0.938,-0.953,-0.965,-0.074,0.328,0.066,1.066,1.341,2,NULL,NULL,,3,1,2,7,255,1244,250,0,0
stim,253992,284113,1,284113,3481439.453,-0.722,0.084,0.048,-0.685,3101,255,233,3181,1865,2523,287,2495,46,1.008,1,2281,0,30.720,1.474,-22.125,0.000,-21.313,-0.098,-0.160,0.918,-1.184,-0.879,-0.617,0.336,0.060,1.066,1.341,2,NULL,NULL,,3,1,2,7,255,1244,250,0,0
stim,253992,284113,1,284113,3481444.455,-0.722,0.084,0.048,-0.685,3093,275,287,3173,1893,2523,291,2495,46,1.008,1,2281,0,19.122,2.011,-15.938,-1.188,-10.500,-0.129,-0.168,0.949,-1.848,-0.793,-0.617,0.344,0.054,1.066,1.341,2,NULL,NULL,,3,1,2,7,255,1244,250,0,0
stim,253992,284113,1,284113,3481449.454,-0.722,0.083,0.049,-0.686,3087,278,315,3173,1925,2535,287,2510,46,1.008,1,2281,0,14.426,1.959,-12.500,-1.688,-7.000,-0.188,-0.090,0.977,-1.848,-0.652,-0.473,0.352,0.048,1.066,1.341,2,NULL,NULL,,3,1,2,7,255,1244,250,0,0
stim,254022,284143,1,284143,3481454.455,-0.721,0.083,0.049,-0.686,3087,281,397,3167,1942,2535,281,2513,46,1.008,1,2281,0,14.939,1.183,-8.938,-1.938,-11.813,-0.188,-0.047,0.992,-1.180,-0.086,-0.105,0.358,0.044,1.066,1.341,2,NULL,NULL,,3,1,2,7,255,1244,250,0,0
stim,254022,284143,1,284143,3481459.454,-0.721,0.082,0.049,-0.686,3092,283,427,3179,1959,2537,267,2517,46,1.028,1,2281,1,14.697,0.945,-7.625,-2.500,-12.313,-0.141,-0.070,0.996,-0.941,-0.086,0.027,0.000,0.000,1.087,1.326,2,NULL,NULL,,3,1,2,7,255,1244,250,0,0
stim,254022,284143,1,284143,3481464.455,-0.721,0.082,0.049,-0.686,3091,279,457,3175,1977,2538,263,2521,46,1.028,1,2281,1,10.498,1.091,-8.188,-2.813,-5.938,-0.133,-0.102,0.977,-0.941,-0.551,0.027,0.004,0.004,1.087,1.326,2,NULL,NULL,,3,1,2,7,255,1244,250,0,0
stim,254022,284143,1,284143,3481469.453,-0.721,0.081,0.050,-0.687,3089,276,489,3175,1997,2539,249,2523,46,1.028,1,2281,1,7.327,1.295,-6.438,-3.313,-1.125,-0.172,-0.094,0.957,-1.172,-0.551,-0.172,0.010,0.008,1.087,1.326,2,NULL,NULL,,3,1,2,7,255,1244,250,0,0
stim,254022,284143,1,284143,3481474.455,-0.721,0.081,0.050,-0.687,3091,271,533,3173,2011,2541,249,2531,46,1.028,1,2281,1,5.352,1.187,-2.250,-4.125,-2.563,-0.199,-0.063,0.953,-1.172,-0.191,-0.273,0.016,0.012,1.087,1.326,2,NULL,NULL,,3,1,2,7,255,1244,250,0,0
stim,254022,284143,1,284143,3481479.453,-0.721,0.081,0.049,-0.687,3087,267,599,3170,2023,2541,255,2532,46,1.028,1,2281,1,7.455,0.868,1.250,-4.875,-5.500,-0.188,-0.035,0.973,-0.867,-0.031,-0.273,0.020,0.018,1.087,1.326,2,NULL,NULL,,3,1,2,7,255,1244,250,0,0
stim,254051,284172,1,284172,3481484.455,-0.720,0.081,0.049,-0.687,3077,267,629,3165,2036,2543,259,2552,46,1.028,1,2281,1,8.479,0.610,2.500,-5.375,-6.063,-0.160,-0.020,0.992,-0.609,-0.031,-0.129,0.026,0.022,1.087,1.326,2,NULL,NULL,,3,1,2,7,255,1244,250,0,0
stim,254051,284172,1,284172,3481489.454,-0.720,0.081,0.049,-0.687,3079,267,650,3163,2047,2541,269,2539,46,1.028,1,2281,1,7.246,0.552,2.188,-5.188,-4.563,-0.148,0.004,1.004,-0.449,-0.320,0.027,0.030,0.026,1.087,1.326,2,NULL,NULL,,3,1,2,7,255,1244,250,0,0
stim,254051,284172,1,284172,3481494.455,-0.720,0.080,0.049,-0.687,3075,263,677,3159,2065,2542,275,2543,46,1.028,1,2281,1,6.635,0.398,1.875,-5.188,-3.688,-0.156,0.027,1.012,-0.207,-0.340,0.145,0.034,0.030,1.087,1.326,2,NULL,NULL,,3,1,2,7,255,1244,250,0,0
stim,254051,284172,1,284172,3481499.454,-0.720,0.080,0.049,-0.687,3061,265,694,3165,2073,2541,281,2543,46,1.028,1,2281,1,7.054,0.344,1.000,-4.938,-4.938,-0.172,0.023,1.012,-0.051,-0.340,0.227,0.038,0.032,1.087,1.326,2,NULL,NULL,,3,1,2,7,255,1244,250,0,0
stim,254089,284210,1,284210,3481504.455,-0.720,0.080,0.048,-0.688,3061,253,697,3147,2079,2539,284,2547,46,1.028,1,2281,1,8.504,0.213,0.688,-4.688,-7.063,-0.176,0.016,1.004,-0.051,-0.207,0.227,0.040,0.034,1.087,1.326,2,NULL,NULL,,3,1,2,7,255,1244,250,0,0
stim,254089,284210,1,284210,3481509.454,-0.720,0.080,0.048,-0.688,3055,255,702,3143,2089,2538,293,2548,46,1.028,1,2281,1,10.667,0.213,1.813,-4.500,-9.500,-0.168,0.023,1.000,-0.051,-0.207,0.172,0.044,0.036,1.087,1.326,2,NULL,NULL,,3,1,2,7,255,1244,250,0,0
stim,254089,284210,1,284210,3481514.455,-0.719,0.080,0.048,-0.688,3048,260,713,3131,2103,2536,301,2549,46,1.028,1,2281,1,11.795,0.212,2.625,-4.688,-10.500,-0.156,0.027,1.012,-0.047,-0.207,0.172,0.046,0.036,1.087,1.326,2,NULL,NULL,,3,1,2,7,255,1244,250,0,0
stim,254089,284210,1,284210,3481519.453,-0.719,0.080,0.048,-0.689,3037,255,731,3125,2117,2533,309,2550,46,1.028,1,2281,1,11.764,0.208,1.375,-3.938,-11.000,-0.172,0.031,1.004,0.023,-0.207,0.164,0.048,0.038,1.087,1.326,2,NULL,NULL,,3,1,2,7,255,1244,250,0,0
stim,254089,284210,1,284210,3481524.455,-0.719,0.080,0.048,-0.689,3030,262,747,3116,2137,2532,320,2553,46,1.028,1,2281,1,12.290,0.166,1.813,-6.125,-10.500,-0.180,0.063,1.004,0.027,-0.164,0.188,0.050,0.040,1.087,1.326,2,NULL,NULL,,3,1,2,7,255,1244,250,0,0
stim,254089,284210,1,284210,3481529.454,-0.718,0.080,0.047,-0.690,3018,255,777,3103,2152,2531,331,2555,46,1.028,1,2281,1,14.446,0.362,1.625,-5.813,-13.125,-0.223,0.066,0.992,0.355,-0.066,0.172,0.050,0.040,1.087,1.326,2,NULL,NULL,,3,1,2,7,255,1244,250,0,0
stim,254089,284210,1,284210,3481534.455,-0.718,0.079,0.047,-0.690,3005,261,807,3095,2170,2531,338,2567,46,1.028,1,2281,1,18.610,0.367,0.438,-6.813,-17.313,-0.184,0.121,1.016,0.367,-0.008,0.188,0.052,0.040,1.087,1.326,2,NULL,NULL,,3,1,2,7,255,1244,250,0,0
stim,254089,284210,1,284210,3481539.454,-0.717,0.079,0.047,-0.691,2997,263,845,3083,2189,2534,346,2571,46,1.028,1,2281,1,19.247,0.859,1.250,-8.938,-17.000,-0.152,0.113,1.020,0.859,-0.008,0.301,0.052,0.040,1.087,1.326,2,NULL,NULL,,3,1,2,7,255,1244,250,0,0
stim,254089,284210,1,284210,3481544.455,-0.717,0.079,0.046,-0.691,2985,266,892,3069,2207,2526,371,2581,46,1.028,1,2281,1,17.847,0.912,-0.250,-7.375,-16.250,-0.141,0.086,1.016,0.859,-0.305,0.301,0.050,0.038,1.087,1.326,2,NULL,NULL,,3,1,2,7,255,1244,250,0,0
stim,254089,284210,1,284210,3481549.453,-0.717,0.079,0.046,-0.692,2973,267,916,3059,2224,2524,395,2585,46,1.028,1,2281,1,14.771,0.880,-3.750,-8.563,-11.438,-0.125,0.105,1.023,0.766,-0.434,0.277,0.050,0.036,1.087,1.326,2,NULL,NULL,,3,1,2,7,255,1244,250,0,0
stim,254120,284241,1,284241,3481554.455,-0.716,0.078,0.046,-0.692,2963,271,967,3047,2247,2525,415,2596,46,1.028,1,2281,1,13.897,0.816,-4.563,-9.375,-9.188,-0.148,0.098,1.000,0.691,-0.434,0.238,0.048,0.032,1.087,1.326,2,NULL,NULL,,3,1,2,7,255,1244,250,0,0
stim,254120,284241,1,284241,3481559.455,-0.716,0.078,0.046,-0.692,2941,277,1017,3035,2267,2525,424,2603,46,1.028,1,2281,1,15.001,0.751,-3.063,-8.375,-12.063,-0.152,0.074,0.984,0.691,-0.293,0.102,0.044,0.028,1.087,1.326,2,NULL,NULL,,3,1,2,7,255,1244,250,0,0
stim,254120,284241,1,284241,3481564.455,-0.716,0.077,0.045,-0.693,2932,281,1077,3026,2287,2524,435,2613,46,1.028,1,2281,1,15.232,0.566,-1.875,-8.313,-12.625,-0.133,0.070,0.992,0.484,-0.293,0.004,0.042,0.022,1.087,1.326,2,NULL,NULL,,3,1,2,7,255,1244,250,0,0
stim,254120,284241,1,284241,3481569.454,-0.715,0.077,0.045,-0.693,2916,287,1148,3019,2301,2529,446,2621,46,1.028,1,2281,1,13.678,0.669,-2.438,-8.938,-10.063,-0.125,0.074,1.008,0.484,-0.461,0.004,0.040,0.018,1.087,1.326,2,NULL,NULL,,3,1,2,7,255,1244,250,0,0
stim,254152,284273,1,284273,3481574.455,-0.715,0.077,0.045,-0.693,2901,285,1214,3003,2331,2523,523,2631,46,1.028,1,2281,1,13.263,0.680,-3.563,-8.813,-9.250,-0.141,0.086,1.000,0.500,-0.461,0.105,0.036,0.012,1.087,1.326,2,NULL,NULL,,3,1,2,7,255,1244,250,0,0
stim,254152,284273,1,284273,3481579.454,-0.715,0.076,0.045,-0.694,2888,289,1259,2997,2365,2525,587,2635,46,1.028,1,2281,1,14.571,0.611,-4.250,-8.313,-11.188,-0.156,0.066,0.984,0.500,-0.352,0.105,0.034,0.008,1.087,1.326,2,NULL,NULL,,3,1,2,7,255,1244,250,0,0
stim,254152,284273,1,284273,3481584.455,-0.715,0.076,0.045,-0.694,2873,296,1301,2985,2391,2525,630,2646,46,1.028,1,2281,1,15.861,0.452,-4.625,-8.125,-12.813,-0.160,0.035,0.980,0.418,-0.172,-0.023,0.034,0.006,1.087,1.326,2,NULL,NULL,,3,1,2,7,255,1244,250,0,0
stim,254152,284273,1,284273,3481589.453,-0.714,0.075,0.045,-0.694,2857,297,1366,2973,2407,2525,703,2653,46,1.028,1,2281,1,16.835,0.173,-4.813,-8.438,-13.750,-0.168,0.020,0.973,0.105,-0.137,-0.059,0.034,0.008,1.087,1.326,2,NULL,NULL,,3,1,2,7,255,1244,250,0,0
stim,254153,284274,1,284274,3481594.455,-0.714,0.075,0.045,-0.695,2843,313,1435,2965,2426,2525,789,2663,46,1.028,1,2281,1,18.314,0.091,-5.063,-9.000,-15.125,-0.168,0.012,0.973,-0.063,-0.066,-0.125,0.034,0.010,1.087,1.326,2,NULL,NULL,,3,1,2,7,255,1244,250,0,0
stim,254153,284274,1,284274,3481599.453,-0.713,0.074,0.044,-0.695,2821,331,1501,2958,2447,2531,857,2664,46,1.028,1,2281,1,20.161,0.131,-5.438,-9.375,-17.000,-0.164,-0.004,0.969,-0.117,-0.059,-0.156,0.036,0.012,1.087,1.326,2,NULL,NULL,,3,1,2,7,255,1244,250,0,0
stim,254186,284307,1,284307,3481604.455,-0.713,0.074,0.044,-0.696,2813,340,1567,2950,2469,2527,931,2677,46,1.028,1,2281,1,21.247,0.253,-6.625,-9.500,-17.813,-0.148,-0.039,0.961,-0.246,-0.059,-0.180,0.038,0.014,1.087,1.326,2,NULL,NULL,,3,1,2,7,255,1244,250,0,0
stim,254186,284307,1,284307,3481609.454,-0.712,0.073,0.044,-0.697,2795,331,1624,2931,2485,2533,999,2685,46,1.028,1,2281,1,19.214,0.630,-6.000,-10.125,-15.188,-0.141,-0.074,0.949,-0.594,-0.211,-0.289,0.038,0.016,1.087,1.326,2,NULL,NULL,,3,1,2,7,255,1244,250,0,0
stim,254186,284307,1,284307,3481614.455,-0.712,0.073,0.044,-0.697,2777,358,1690,2923,2507,2536,1072,2699,46,1.028,1,2281,1,16.696,0.802,-5.063,-11.188,-11.313,-0.156,-0.059,0.953,-0.773,-0.211,-0.348,0.038,0.016,1.087,1.326,2,NULL,NULL,,3,1,2,7,255,1244,250,0,0
stim,254186,284307,1,284307,3481619.454,-0.712,0.072,0.044,-0.697,2764,383,1766,2911,2525,2536,1149,2707,46,1.028,1,2281,1,17.294,0.783,-3.750,-12.000,-11.875,-0.172,-0.008,0.977,-0.773,-0.125,-0.348,0.038,0.018,1.087,1.326,2,NULL,NULL,,3,1,2,7,255,1244,250,0,0
stim,254186,284307,1,284307,3481624.455,-0.711,0.072,0.044,-0.698,2739,398,1811,2899,2543,2537,1199,2715,46,1.028,1,2281,1,20.062,0.288,-2.813,-12.500,-15.438,-0.156,0.035,0.984,-0.270,-0.102,-0.109,0.038,0.018,1.087,1.326,2,NULL,NULL,,3,1,2,7,255,1244,250,0,0
stim,254186,284307,1,284307,3481629.454,-0.711,0.071,0.043,-0.698,2723,407,1849,2888,2568,2541,1277,2725,46,1.028,1,2281,1,20.638,0.114,-3.125,-12.813,-15.875,-0.129,0.023,0.992,0.051,-0.102,-0.027,0.038,0.018,1.087,1.326,2,NULL,NULL,,3,1,2,7,255,1244,250,0,0
stim,254214,284335,1,284335,3481634.455,-0.711,0.070,0.043,-0.699,2702,427,1901,2871,2587,2543,1374,2735,46,1.028,1,2281,1,18.958,0.375,-4.063,-13.125,-13.063,-0.129,0.012,0.996,0.051,-0.371,-0.004,0.038,0.018,1.087,1.326,2,NULL,NULL,,3,1,2,7,255,1244,250,0,0
stim,254214,284335,1,284335,3481639.453,-0.710,0.070,0.043,-0.699,2677,441,1961,2860,2603,2548,1436,2745,46,1.028,1,2281,1,17.761,0.375,-4.500,-13.250,-10.938,-0.137,0.027,0.992,0.051,-0.371,-0.004,0.038,0.018,1.087,1.326,2,NULL,NULL,,3,1,2,7,255,1244,250,0,0
stim,254214,284335,1,284335,3481644.455,-0.710,0.069,0.043,-0.699,2652,453,2028,2846,2618,2551,1498,2751,46,1.028,1,2281,1,18.428,0.310,-4.438,-13.375,-11.875,-0.141,0.035,0.992,0.113,-0.289,0.008,0.040,0.018,1.087,1.326,2,NULL,NULL,,3,1,2,7,255,1244,250,0,0
stim,254214,284335,1,284335,3481649.454,-0.710,0.069,0.042,-0.700,2629,477,2095,2837,2633,2553,1583,2764,46,1.028,1,2281,1,19.797,0.336,-4.313,-13.250,-14.063,-0.129,0.035,0.996,0.172,-0.289,0.008,0.042,0.018,1.087,1.326,2,NULL,NULL,,3,1,2,7,255,1244,250,0,0
stim,254214,284335,1,284335,3481654.455,-0.709,0.068,0.042,-0.700,2603,507,2141,2823,2648,2555,1655,2776,46,1.028,1,2281,1,19.956,0.370,-4.063,-12.813,-14.750,-0.117,0.012,1.000,0.172,-0.328,0.035,0.044,0.020,1.087,1.326,2,NULL,NULL,,3,1,2,7,255,1244,250,0,0
stim,254214,284335,1,284335,3481659.454,-0.709,0.068,0.042,-0.701,2571,523,2185,2807,2671,2557,1711,2783,46,1.028,1,2281,1,18.340,0.376,-4.313,-13.125,-12.063,-0.125,0.000,1.000,-0.023,-0.375,0.063,0.046,0.020,1.087,1.326,2,NULL,NULL,,3,1,2,7,255,1244,250,0,0
stim,254244,284365,1,284365,3481664.456,-0.709,0.067,0.041,-0.701,2533,539,2229,2791,2687,2567,1768,2796,46,1.028,1,2281,1,17.705,0.378,-5.000,-13.250,-10.625,-0.141,0.012,1.000,-0.051,-0.375,0.063,0.048,0.020,1.087,1.326,2,NULL,NULL,,3,1,2,7,255,1244,250,0,0
stim,254244,284365,1,284365,3481669.453,-0.708,0.066,0.041,-0.702,2501,549,2281,2777,2707,2570,1851,2803,46,1.028,1,2281,1,19.193,0.217,-5.875,-13.500,-12.313,-0.148,0.020,0.996,-0.051,-0.211,0.063,0.048,0.022,1.087,1.326,2,NULL,NULL,,3,1,2,7,255,1244,250,0,0
stim,254244,284365,1,284365,3481674.455,-0.708,0.066,0.041,-0.702,2457,571,2323,2759,2715,2572,1911,2809,46,1.028,1,2281,1,20.919,0.122,-6.750,-13.875,-14.125,-0.148,0.016,1.004,0.012,-0.121,0.074,0.050,0.022,1.087,1.326,2,NULL,NULL,,3,1,2,7,255,1244,250,0,0
stim,254244,284365,1,284365,3481679.453,-0.708,0.065,0.041,-0.703,2425,585,2364,2735,2727,2578,1973,2825,46,1.028,1,2281,1,22.979,0.106,-8.250,-14.625,-15.688,-0.160,0.000,1.016,0.012,-0.105,0.121,0.050,0.022,1.087,1.326,2,NULL,NULL,,3,1,2,7,255,1244,250,0,0
stim,254244,284365,0,284365,3481684.455,-0.707,0.064,0.041,-0.703,2389,595,2395,2707,2743,2579,2019,2828,46,1.028,1,2281,1,25.647,0.129,-11.000,-15.875,-16.875,-0.168,-0.004,1.031,-0.129,0.012,0.262,0.052,0.024,1.087,1.326,2,NULL,NULL,,3,0,2,7,255,1237,250,0,0
stim,254244,284365,0,284365,3481689.454,-0.707,0.063,0.041,-0.704,2329,599,2444,2679,2759,2577,2080,2840,46,1.028,1,2281,1,29.421,0.129,-15.875,-16.188,-18.750,-0.160,0.012,1.047,-0.129,0.012,0.410,0.052,0.024,1.087,1.326,2,NULL,NULL,,3,0,2,7,255,1237,250,0,0
stim,254295,284416,0,284416,3481694.455,-0.706,0.062,0.041,-0.704,2268,601,2485,2659,2771,2579,2124,2861,46,1.028,1,2281,1,37.286,0.026,-24.438,-16.250,-23.000,-0.156,0.016,1.051,0.012,-0.023,0.551,0.052,0.024,1.087,1.326,2,NULL,NULL,,3,0,2,7,255,1237,250,0,0
stim,254295,284416,0,284416,3481699.453,-0.705,0.060,0.042,-0.705,2199,608,2519,2616,2783,2581,2167,2861,46,1.028,1,2281,1,43.703,0.070,-30.250,-16.813,-26.688,-0.141,0.008,1.008,0.043,-0.055,0.551,0.052,0.024,1.087,1.326,2,NULL,NULL,,3,0,2,7,255,1237,250,0,0
stim,254295,284416,0,284416,3481704.455,-0.705,0.059,0.042,-0.706,2152,605,2543,2585,2803,2585,2208,2873,46,1.028,1,2281,1,40.850,0.136,-26.750,-17.313,-25.563,-0.109,-0.023,0.945,0.043,-0.129,0.141,0.054,0.024,1.087,1.326,2,NULL,NULL,,3,0,2,7,255,1237,250,0,0
stim,254295,284416,0,284416,3481709.454,-0.704,0.057,0.042,-0.706,2076,601,2572,2539,2807,2579,2251,2873,46,1.028,1,2281,1,31.717,0.420,-17.625,-17.750,-19.500,-0.090,-0.070,0.934,-0.262,-0.328,-0.492,0.054,0.026,1.087,1.326,2,NULL,NULL,,3,0,2,7,255,1237,250,0,0
stim,254295,284416,0,284416,3481714.455,-0.704,0.056,0.042,-0.707,1999,599,2601,2506,2824,2589,2301,2889,46,1.028,1,2281,1,25.507,0.755,-10.000,-18.250,-14.750,-0.109,-0.082,0.969,-0.680,-0.328,-0.492,0.056,0.026,1.087,1.326,2,NULL,NULL,,3,0,2,7,255,1237,250,0,0
stim,254295,284416,0,284416,3481719.454,-0.703,0.056,0.041,-0.707,1941,586,2615,2443,2851,2581,2337,2893,46,1.028,1,2281,1,24.629,0.750,-8.563,-19.000,-13.125,-0.145,-0.059,1.020,-0.680,-0.316,-0.262,0.058,0.026,1.087,1.326,2,NULL,NULL,,3,0,2,7,255,1237,250,0,0
stim,254295,284416,0,284416,3481724.455,-0.703,0.055,0.041,-0.708,1851,573,2651,2391,2848,2587,2373,2901,46,1.028,1,2281,1,27.689,0.541,-12.250,-19.500,-15.375,-0.156,-0.020,1.039,-0.539,-0.043,0.281,0.058,0.026,1.087,1.326,2,NULL,NULL,,3,0,2,7,255,1237,250,0,0
stim,254295,284416,0,284416,3481729.454,-0.703,0.053,0.041,-0.708,1748,553,2675,2313,2859,2577,2410,2907,46,1.028,1,2281,1,30.171,0.151,-14.000,-19.813,-17.938,-0.133,0.016,1.016,-0.145,-0.043,0.281,0.060,0.026,1.087,1.326,2,NULL,NULL,,3,0,2,7,255,1237,250,0,0
stim,254295,284416,0,284416,3481734.455,-0.702,0.052,0.041,-0.709,1613,522,2695,2247,2864,2575,2431,2921,46,1.028,1,2281,1,30.011,0.222,-13.375,-20.438,-17.438,-0.109,0.016,1.020,0.195,-0.105,0.230,0.062,0.026,1.087,1.326,2,NULL,NULL,,3,0,2,7,255,1237,250,0,0
stim,254295,284416,0,284416,3481739.453,-0.702,0.051,0.041,-0.709,1468,487,2707,2171,2877,2571,2461,2913,46,1.028,1,2281,1,30.479,0.293,-14.688,-21.000,-16.500,-0.121,-0.004,1.047,0.195,-0.219,0.230,0.062,0.026,1.087,1.326,2,NULL,NULL,,3,0,2,7,255,1237,250,0,0
stim,254295,284416,0,284416,3481744.455,-0.701,0.050,0.041,-0.710,1312,445,2729,2067,2893,2560,2501,2919,46,1.028,1,2281,1,33.540,0.224,-18.750,-21.563,-17.563,-0.145,-0.008,1.063,0.047,-0.219,0.527,0.064,0.026,1.087,1.326,2,NULL,NULL,,3,0,2,7,255,1237,250,0,0
stim,254295,284416,0,284416,3481749.453,-0.701,0.049,0.041,-0.711,1209,405,2759,1929,2901,2577,2519,2927,46,1.028,1,2281,1,36.672,0.051,-21.563,-22.188,-19.688,-0.137,0.016,1.035,0.047,-0.020,0.527,0.064,0.028,1.087,1.326,2,NULL,NULL,,3,0,2,7,255,1237,250,0,0
stim,254321,284442,0,284442,3481754.455,-0.700,0.047,0.040,-0.711,1053,354,2773,1790,2914,2553,2552,2933,46,1.028,1,2281,1,35.977,0.266,-19.000,-22.875,-20.250,-0.102,0.047,0.996,0.266,-0.020,0.402,0.066,0.028,1.087,1.326,2,NULL,NULL,,3,0,2,7,255,1237,250,0,0
stim,254321,284442,0,284442,3481759.454,-0.700,0.046,0.040,-0.712,907,309,2792,1663,2922,2547,2583,2938,46,1.028,1,2281,1,33.344,0.594,-14.375,-24.563,-17.375,-0.141,0.051,1.039,0.594,-0.020,0.402,0.068,0.028,1.087,1.326,2,NULL,NULL,,3,0,2,7,255,1237,250,0,0
stim,254321,284442,0,284442,3481764.455,-0.699,0.045,0.040,-0.712,698,280,2815,1463,2934,2540,2615,2942,46,1.028,1,2281,1,36.040,0.597,-17.375,-25.313,-18.875,-0.145,0.035,1.090,0.594,0.059,0.441,0.070,0.030,1.087,1.326,2,NULL,NULL,,3,0,2,7,255,1237,250,0,0
stim,254321,284442,0,284442,3481769.453,-0.699,0.043,0.040,-0.713,539,239,2837,1351,2943,2532,2636,2951,46,1.028,1,2281,1,40.044,0.534,-21.000,-26.813,-21.063,-0.141,0.031,1.078,0.531,0.059,0.840,0.070,0.030,1.087,1.326,2,NULL,NULL,,3,0,2,7,255,1237,250,0,0
stim,254321,284442,0,284442,3481774.455,-0.698,0.042,0.039,-0.713,367,181,2855,1165,2959,2520,2664,2957,46,1.028,1,2281,1,42.730,0.504,-24.438,-29.375,-19.125,-0.148,0.027,1.090,0.500,0.066,0.934,0.070,0.032,1.087,1.326,2,NULL,NULL,,3,0,2,7,255,1237,250,0,0
stim,254321,284442,0,284442,3481779.453,-0.698,0.040,0.039,-0.714,235,166,2867,967,2968,2508,2681,2961,46,1.028,1,2281,1,47.316,0.519,-26.750,-29.813,-25.188,-0.180,0.035,1.082,0.500,0.141,0.898,0.068,0.032,1.087,1.326,2,NULL,NULL,,3,0,2,7,255,1237,250,0,0
stim,254351,284472,0,284472,3481784.455,-0.697,0.038,0.039,-0.715,135,109,2877,754,2975,2491,2700,2967,46,1.028,1,2281,1,52.590,0.634,-26.563,-31.813,-32.375,-0.141,0.070,1.059,0.617,0.145,0.898,0.068,0.034,1.087,1.326,2,NULL,NULL,,3,0,2,7,255,1237,250,0,0
stim,254351,284472,0,284472,3481789.453,-0.696,0.036,0.039,-0.716,51,77,2891,575,2985,2467,2723,2969,46,1.028,1,2281,1,54.641,0.952,-23.688,-33.188,-36.375,-0.086,0.098,1.055,0.941,0.145,0.629,0.068,0.036,1.087,1.326,2,NULL,NULL,,3,0,2,7,255,1237,250,0,0
stim,254351,284472,0,284472,3481794.455,-0.695,0.035,0.038,-0.717,18,39,2901,400,2999,2453,2749,2975,46,1.028,1,2281,1,57.053,0.949,-18.188,-35.188,-41.063,-0.105,0.043,1.039,0.941,-0.121,0.500,0.068,0.038,1.087,1.326,2,NULL,NULL,,3,0,2,7,255,1237,250,0,0
stim,254351,284472,0,284472,3481799.454,-0.693,0.033,0.037,-0.719,0,25,2907,234,3003,2413,2762,3019,46,1.028,1,2281,1,59.398,0.854,-13.063,-39.250,-42.625,-0.047,0.051,1.016,0.770,-0.371,0.410,0.068,0.038,1.087,1.326,2,NULL,NULL,,3,0,2,7,255,1237,250,0,0
stim,254388,284509,0,284509,3481804.455,-0.692,0.032,0.036,-0.720,0,12,2919,141,3013,2375,2791,2983,46,1.028,1,2281,1,56.815,0.721,-3.500,-41.750,-38.375,-0.105,0.023,1.043,0.711,-0.121,0.410,0.068,0.040,1.087,1.326,2,NULL,NULL,,3,0,2,7,255,1237,250,0,0
stim,254388,284509,0,284509,3481809.454,-0.692,0.031,0.034,-0.721,0,0,2927,100,3019,2345,2809,2983,46,1.028,1,2281,1,54.704,0.557,15.188,-47.813,-21.813,-0.266,-0.023,1.199,0.555,-0.055,0.426,0.068,0.040,1.087,1.326,2,NULL,NULL,,3,0,2,7,255,1237,250,0,0
stim,254388,284509,0,284509,3481814.455,-0.691,0.030,0.032,-0.721,0,0,2937,86,3029,2315,2829,2984,46,1.028,1,2281,0,65.053,1.432,22.125,-56.000,-24.625,-0.371,-0.109,1.383,0.199,1.418,2.145,0.064,0.046,1.087,1.326,3,NULL,NULL,,3,0,2,7,255,1237,250,0,0
stim,254388,284509,0,284509,3481819.453,-0.690,0.029,0.029,-0.722,0,0,2943,73,3033,2284,2843,2987,46,1.028,1,2281,0,76.218,2.388,32.250,-63.875,-26.250,-0.375,-0.125,1.602,-0.547,2.324,4.051,0.060,0.052,1.087,1.326,3,NULL,NULL,,3,0,2,7,255,1237,250,0,0
stim,254388,284509,0,284509,3481824.455,-0.690,0.026,0.028,-0.723,0,0,2954,45,3042,2247,2859,2987,46,1.028,1,2281,0,72.518,2.388,-20.250,-68.313,-13.500,-0.094,0.051,1.527,-0.547,2.324,5.156,0.054,0.058,1.087,1.326,3,NULL,NULL,,3,0,2,7,255,1237,250,0,0
stim,254388,284509,0,284509,3481829.454,-0.690,0.022,0.028,-0.723,0,0,2963,0,3046,2195,2874,2989,46,1.028,1,2281,0,97.173,0.430,-72.125,-64.063,-11.688,-0.066,-0.078,1.098,-0.402,-0.152,5.156,0.050,0.066,1.087,1.326,3,NULL,NULL,,3,0,2,7,255,1237,250,0,0
stim,254388,284509,0,284509,3481834.455,-0.690,0.018,0.028,-0.723,0,0,2965,0,3051,2136,2891,2987,46,1.028,1,2281,0,87.103,0.430,-50.188,-70.563,9.438,-0.113,-0.102,0.887,-0.402,-0.152,1.000,0.048,0.070,1.087,1.326,3,NULL,NULL,,3,0,2,7,255,1237,250,0,0
stim,254388,284509,0,284509,3481839.454,-0.691,0.015,0.026,-0.722,0,0,2969,0,3055,2077,2901,2987,46,1.028,1,2281,0,80.488,0.827,-7.375,-77.500,20.438,-0.281,-0.121,0.934,-0.637,0.527,-0.461,0.046,0.074,1.087,1.326,3,NULL,NULL,,3,0,2,7,255,1237,250,0,0
stim,254388,284509,0,284509,3481844.455,-0.691,0.013,0.023,-0.722,0,0,2969,0,3061,1967,2911,2988,46,1.028,1,2281,0,81.387,2.317,8.625,-80.625,-7.000,-0.340,-0.176,1.047,-0.730,2.199,-0.461,0.042,0.080,1.087,1.326,3,NULL,NULL,,3,0,2,7,255,1237,250,0,0
stim,254388,284509,0,284509,3481849.453,-0.691,0.011,0.020,-0.723,0,0,2967,0,3065,1876,2921,2985,46,1.028,1,2281,0,89.961,2.514,16.438,-86.313,-19.313,-0.191,-0.188,1.191,-1.219,2.199,0.668,0.038,0.088,1.087,1.326,3,NULL,NULL,,3,0,2,7,255,1237,250,0,0
stim,254418,284539,0,284539,3481854.455,-0.691,0.008,0.018,-0.723,0,0,2966,0,3068,1783,2933,2984,46,1.028,1,2281,0,88.470,1.889,-0.125,-87.938,-9.688,-0.105,-0.195,1.219,-1.332,1.340,2.008,0.036,0.096,1.087,1.326,3,NULL,NULL,,3,0,2,7,255,1237,250,0,0
stim,254418,284539,0,284539,3481859.455,-0.691,0.005,0.015,-0.723,0,0,2957,0,3079,1669,2941,2982,46,1.028,1,2281,0,93.188,1.473,-3.313,-92.875,6.875,-0.102,-0.113,1.188,-1.332,0.629,2.008,0.038,0.104,1.087,1.326,3,NULL,NULL,,3,0,2,7,255,1237,250,0,0
stim,254418,284539,0,284539,3481864.455,-0.691,0.002,0.013,-0.722,0,0,2953,0,3079,1525,2951,2980,46,1.028,1,2281,0,96.221,0.901,-12.500,-94.813,10.625,-0.176,-0.109,1.102,-0.645,0.629,1.871,0.040,0.110,1.087,1.326,3,NULL,NULL,,3,0,2,7,255,1237,250,0,0
stim,254418,284539,0,284539,3481869.454,-0.692,-0.002,0.010,-0.722,0,0,2939,0,3087,1380,2963,2973,46,1.028,1,2281,0,100.343,1.570,-4.625,-100.000,6.875,-0.172,-0.102,1.113,-0.574,1.461,1.145,0.042,0.118,1.087,1.326,3,NULL,NULL,,3,0,2,7,255,1237,250,0,0
stim,254444,284565,0,284565,3481874.455,-0.692,-0.005,0.007,-0.722,0,0,2931,0,3087,1183,2968,2970,46,1.028,1,2281,0,102.838,1.610,-2.125,-102.813,-0.813,-0.176,-0.137,1.090,-0.574,1.504,1.039,0.044,0.128,1.087,1.326,3,NULL,NULL,,3,0,2,7,255,1237,250,0,0
stim,254444,284565,0,284565,3481879.454,-0.692,-0.008,0.004,-0.722,0,0,2921,0,3087,1033,2976,2963,46,1.028,1,2281,0,107.396,1.713,7.125,-107.063,-4.563,-0.137,-0.133,1.082,-0.820,1.504,0.922,0.046,0.134,1.087,1.326,3,NULL,NULL,,3,0,2,7,255,1237,250,0,0
stim,254444,284565,0,284565,3481884.455,-0.692,-0.011,0.000,-0.722,0,0,2901,0,3089,803,2984,2957,46,1.028,1,2281,0,115.299,1.598,17.250,-114.000,0.438,-0.105,-0.066,1.133,-0.820,1.371,0.922,0.046,0.142,1.087,1.326,3,NULL,NULL,,3,0,2,7,255,1237,250,0,0
stim,254444,284565,0,284565,3481889.453,-0.692,-0.014,-0.004,-0.722,0,0,2885,0,3089,635,2989,2941,46,1.028,1,2281,0,118.371,1.345,16.688,-117.125,-3.875,-0.117,0.004,1.180,-0.184,1.332,1.281,0.046,0.148,1.087,1.326,3,NULL,NULL,,3,0,2,7,255,1237,250,0,0
stim,254444,284565,0,284565,3481894.455,-0.692,-0.017,-0.008,-0.721,0,0,2867,0,3094,517,2995,2933,46,1.028,1,2281,0,124.065,1.428,22.125,-122.063,1.813,-0.137,0.039,1.211,0.516,1.332,1.711,0.046,0.156,1.087,1.326,3,NULL,NULL,,3,0,2,7,255,1237,250,0,0
stim,254444,284565,0,284565,3481899.453,-0.692,-0.020,-0.013,-0.721,0,0,2845,0,3098,345,3007,2921,46,1.028,1,2281,0,129.421,1.598,20.125,-127.688,-6.375,-0.086,0.156,1.242,0.883,1.332,1.977,0.046,0.162,1.087,1.326,3,NULL,NULL,,3,0,2,7,255,1237,250,0,0
stim,254486,284607,0,284607,3481904.455,-0.692,-0.024,-0.017,-0.721,0,0,2812,0,3095,150,3005,2903,46,1.028,1,2281,0,133.555,2.450,16.750,-132.500,-0.313,-0.117,0.137,1.262,1.809,1.652,2.246,0.046,0.172,1.087,1.326,3,NULL,NULL,,3,0,2,7,255,1237,250,0,0
stim,254486,284607,0,284607,3481909.454,-0.692,-0.027,-0.022,-0.721,0,0,2777,0,3095,72,3007,2876,46,1.028,1,2281,0,140.243,2.541,22.313,-138.250,-7.563,-0.090,0.219,1.293,2.004,1.563,2.418,0.050,0.182,1.087,1.326,3,NULL,NULL,,3,0,2,7,255,1237,250,0,0
stim,254486,284607,0,284607,3481914.455,-0.692,-0.031,-0.027,-0.721,0,0,2733,0,3095,31,3014,2852,46,1.028,1,2281,0,144.110,2.820,5.875,-143.750,-8.313,-0.051,0.195,1.336,2.348,1.563,2.691,0.054,0.192,1.087,1.326,3,NULL,NULL,,3,0,2,7,255,1237,250,0,0
stim,254486,284607,0,284607,3481919.454,-0.692,-0.035,-0.032,-0.721,0,0,2696,0,3093,0,3016,2824,46,1.028,1,2281,0,150.242,3.021,7.875,-150.000,3.250,-0.070,0.215,1.461,2.586,1.563,3.117,0.060,0.202,1.087,1.326,3,NULL,NULL,,3,0,2,7,255,1237,250,0,0
stim,254486,284607,0,284607,3481924.455,-0.692,-0.040,-0.036,-0.720,0,0,2646,0,3087,0,3017,2788,46,1.028,1,2281,0,156.063,3.185,-13.250,-155.438,4.375,-0.086,0.266,1.508,2.586,1.859,4.301,0.070,0.214,1.087,1.326,3,NULL,NULL,,3,0,2,7,255,1237,250,0,0
stim,254486,284607,0,284607,3481929.453,-0.692,-0.046,-0.040,-0.719,0,0,2583,0,3081,0,3018,2743,46,1.028,1,2281,0,165.465,3.420,-31.188,-162.250,9.000,-0.141,0.176,1.535,2.586,2.238,4.688,0.082,0.228,1.087,1.326,3,NULL,NULL,,3,0,2,7,255,1237,250,0,0
stim,254512,284633,0,284633,3481934.455,-0.692,-0.052,-0.044,-0.718,0,0,2519,0,3077,0,3019,2693,46,1.028,1,2281,0,172.392,3.982,-20.938,-170.563,13.750,-0.195,0.195,1.664,2.609,3.008,4.871,0.098,0.244,1.087,1.326,3,NULL,NULL,,3,0,2,7,255,1237,250,0,0
stim,254512,284633,0,284633,3481939.453,-0.693,-0.059,-0.049,-0.717,0,0,2457,0,3064,0,3018,2645,46,1.028,1,2281,0,188.242,4.724,-27.750,-184.125,27.625,-0.219,0.230,1.813,2.609,3.938,6.004,0.116,0.262,1.087,1.326,3,NULL,NULL,,3,0,2,7,255,1237,250,0,0
stim,254512,284633,0,284633,3481944.455,-0.694,-0.066,-0.053,-0.715,0,0,2391,0,3061,0,3019,2587,46,1.028,1,2281,0,206.158,5.542,-43.750,-198.000,37.188,-0.293,0.289,1.910,3.082,4.605,7.316,0.136,0.284,1.087,1.326,3,NULL,NULL,,3,0,2,7,255,1237,250,0,0
stim,254512,284633,0,284633,3481949.454,-0.694,-0.075,-0.057,-0.713,0,0,2301,0,3052,0,3021,2515,46,1.028,1,2281,0,228.306,6.900,-69.313,-213.375,42.313,-0.367,0.313,1.820,3.785,5.770,7.316,0.162,0.310,1.087,1.326,3,NULL,NULL,,3,0,2,7,255,1237,250,0,0
stim,254512,284633,0,284633,3481954.455,-0.695,-0.085,-0.062,-0.711,0,0,2198,0,3033,2,2996,2416,46,1.028,1,2281,0,245.707,7.806,-76.750,-229.625,41.875,-0.418,0.305,1.762,4.098,6.645,6.867,0.190,0.338,1.087,1.326,3,NULL,NULL,,3,0,2,7,255,1237,250,0,0
stim,254512,284633,0,284633,3481959.454,-0.695,-0.095,-0.066,-0.709,0,0,2092,0,3033,25,2994,2329,46,1.028,1,2281,0,260.527,8.269,-80.688,-245.625,32.125,-0.367,0.336,1.742,4.109,7.176,6.043,0.222,0.372,1.087,1.326,3,NULL,NULL,,3,0,2,7,255,1237,250,0,0
stim,254532,284653,0,284653,3481964.456,-0.695,-0.105,-0.072,-0.707,0,0,1989,0,3003,47,2963,2237,46,1.028,1,2281,0,276.806,8.279,-84.500,-262.188,27.188,-0.273,0.289,1.723,4.129,7.176,5.750,0.258,0.410,1.087,1.326,3,NULL,NULL,,3,0,2,7,255,1237,250,0,0
stim,254532,284653,0,284653,3481969.453,-0.696,-0.116,-0.078,-0.705,0,0,1885,0,2990,61,2939,2107,46,1.028,1,2281,0,291.951,8.279,-73.750,-279.500,40.938,-0.363,0.266,1.875,4.129,7.176,5.750,0.298,0.450,1.087,1.326,3,NULL,NULL,,3,0,2,7,255,1237,250,0,0
stim,254532,284653,0,284653,3481974.455,-0.696,-0.128,-0.084,-0.702,0,0,1798,0,2963,75,2915,2003,46,1.028,1,2281,0,308.828,9.212,-68.500,-297.688,45.438,-0.551,0.391,2.148,4.129,8.234,6.629,0.340,0.494,1.087,1.326,3,NULL,NULL,,3,0,2,7,255,1237,250,0,0
stim,254532,284653,0,284653,3481979.453,-0.695,-0.140,-0.091,-0.699,0,0,1699,0,2925,72,2863,1890,46,1.028,1,2281,0,326.298,12.566,-88.063,-313.500,20.813,-0.613,0.574,2.328,5.691,11.203,8.262,0.386,0.540,1.087,1.326,3,NULL,NULL,,3,0,2,7,255,1237,250,0,0
stim,254532,284653,0,284653,3481984.455,-0.693,-0.153,-0.098,-0.697,0,0,1627,0,2893,75,2810,1779,46,1.028,1,2281,0,345.657,14.955,-103.250,-329.875,-0.750,-0.531,0.605,2.469,7.766,12.781,9.230,0.438,0.594,1.087,1.326,3,NULL,NULL,,3,0,2,7,255,1237,250,0,0
stim,254532,284653,0,284653,3481989.454,-0.691,-0.167,-0.105,-0.695,0,0,1511,0,2836,72,2745,1663,46,1.028,1,2281,0,366.949,15.540,-110.750,-349.813,4.125,-0.539,0.594,2.605,8.406,13.070,10.301,0.504,0.660,1.087,1.326,3,NULL,NULL,,3,0,2,7,255,1237,250,0,0
stim,254565,284686,0,284686,3481994.455,-0.689,-0.183,-0.111,-0.692,0,0,1416,0,2778,51,2633,1579,46,1.028,1,2281,0,394.089,16.521,-144.625,-366.375,12.625,-0.633,0.523,2.539,8.406,14.223,10.301,0.574,0.732,1.087,1.326,3,NULL,NULL,,3,0,2,7,255,1237,250,0,0
stim,254565,284686,0,284686,3481999.454,-0.686,-0.199,-0.117,-0.690,0,0,1307,0,2717,19,2508,1445,46,1.028,1,2281,0,411.674,17.608,-164.375,-377.375,-6.688,-0.652,0.539,2.379,8.391,15.480,9.543,0.646,0.806,1.087,1.326,3,NULL,NULL,,3,0,2,7,255,1237,250,0,0
stim,254600,284721,0,284721,3482004.455,-0.682,-0.216,-0.124,-0.687,0,0,1142,0,2633,0,2351,1319,46,1.028,1,2281,0,423.849,17.500,-165.000,-389.688,-23.813,-0.547,0.484,2.223,8.160,15.480,7.398,0.722,0.884,1.087,1.326,3,NULL,NULL,,3,0,2,7,255,1237,250,0,0
stim,254600,284721,0,284721,3482009.454,-0.678,-0.232,-0.132,-0.685,0,0,971,0,2502,0,2111,1165,46,1.028,1,2281,0,429.097,16.539,-152.250,-400.375,-25.375,-0.406,0.262,2.246,7.906,14.527,6.582,0.796,0.960,1.087,1.326,3,NULL,NULL,,3,0,2,7,255,1237,250,0,0
stim,254600,284721,0,284721,3482014.455,-0.674,-0.249,-0.139,-0.681,0,0,763,0,2359,0,1835,1021,46,1.028,1,2281,0,438.661,15.389,-151.313,-411.563,-12.000,-0.324,-0.082,2.234,6.063,14.145,6.582,0.870,1.034,1.087,1.326,3,NULL,NULL,,3,0,2,7,255,1237,250,0,0
stim,254600,284721,0,284721,3482019.453,-0.670,-0.266,-0.147,-0.677,0,0,563,0,2143,0,1491,924,46,1.028,1,2281,0,453.096,14.417,-152.750,-426.563,2.875,-0.250,-0.422,1.953,3.020,14.098,6.582,0.942,1.108,1.087,1.326,3,NULL,NULL,,3,0,2,7,255,1237,250,0,0
stim,254600,284721,0,284721,3482024.455,-0.667,-0.283,-0.155,-0.672,0,0,376,0,1897,0,1049,768,46,1.028,1,2281,0,458.059,12.913,-140.188,-435.813,15.250,-0.070,-0.520,1.516,-0.535,12.902,5.094,1.006,1.174,1.087,1.326,3,NULL,NULL,,3,0,2,7,255,1237,250,0,0
stim,254600,284721,0,284721,3482029.454,-0.663,-0.299,-0.165,-0.666,0,0,265,0,1629,0,541,627,46,1.028,1,2281,0,448.851,9.732,-93.438,-438.875,11.188,0.164,-0.426,1.156,-1.680,9.586,2.461,1.062,1.232,1.087,1.326,3,NULL,NULL,,3,0,2,7,255,1237,250,0,0
stim,254600,284721,0,284721,3482034.455,-0.661,-0.312,-0.177,-0.659,0,0,185,0,1263,0,201,476,46,1.028,1,2281,0,445.915,7.693,-2.875,-445.375,21.750,0.180,-0.270,1.375,-1.680,7.508,1.789,1.106,1.280,1.087,1.326,3,NULL,NULL,,3,0,2,7,255,1237,250,0,0
stim,254600,284721,0,284721,3482039.454,-0.660,-0.324,-0.190,-0.650,0,0,105,0,903,0,0,420,46,1.028,1,2281,0,456.335,7.513,44.063,-449.813,63.000,-0.078,-0.008,2.027,0.266,7.508,1.789,1.154,1.328,1.087,1.326,3,NULL,NULL,,3,0,2,7,255,1237,250,0,0
stim,254600,284721,0,284721,3482044.455,-0.659,-0.338,-0.201,-0.640,0,0,103,0,471,0,0,360,46,1.028,1,2281,0,464.063,14.406,-7.313,-451.750,105.938,-0.359,0.207,2.277,3.777,13.902,2.605,1.206,1.384,1.087,1.326,3,NULL,NULL,,3,0,2,7,255,1237,250,0,0
stim,254600,284721,0,284721,3482049.453,-0.659,-0.354,-0.210,-0.630,0,0,85,0,141,0,0,260,46,1.028,1,2281,0,485.642,18.784,-78.938,-456.500,145.688,-0.656,0.250,2.031,5.512,17.957,2.605,1.270,1.450,1.087,1.326,3,NULL,NULL,,3,0,2,7,255,1237,250,0,0
stim,254621,284742,0,284742,3482054.455,-0.657,-0.372,-0.216,-0.619,0,0,91,0,0,0,0,165,46,1.028,1,2281,0,500.949,18.918,-133.375,-453.938,164.625,-0.781,0.586,1.535,5.953,17.957,-1.965,1.350,1.530,1.087,1.326,4,NULL,NULL,,3,0,2,7,255,1237,250,0,0
stim,254621,284742,0,284742,3482059.454,-0.654,-0.390,-0.221,-0.609,0,0,62,0,0,0,0,71,46,1.028,1,2281,0,483.125,17.608,-166.750,-432.125,137.375,-0.648,1.102,1.063,7.512,15.926,-7.504,1.432,1.612,1.087,1.326,0,NULL,NULL,,3,0,2,7,255,1237,250,0,0
stim,254621,284742,0,284742,3482064.455,-0.650,-0.406,-0.227,-0.600,0,0,51,0,0,0,0,27,46,1.028,1,2281,0,450.912,16.129,-169.063,-406.188,98.750,-0.484,1.328,0.910,11.535,11.273,-11.309,1.514,1.696,1.087,1.326,0,NULL,NULL,,3,0,2,7,255,1237,250,0,0
stim,254621,284742,0,284742,3482069.454,-0.646,-0.422,-0.231,-0.592,0,0,63,0,0,0,0,50,46,1.028,1,2281,0,427.670,15.672,-174.125,-378.125,98.000,-0.523,1.137,1.031,11.902,10.195,-11.781,1.594,1.778,1.087,1.326,0,NULL,NULL,,3,0,2,7,255,1237,250,0,0
stim,254621,284742,0,284742,3482074.455,-0.641,-0.438,-0.232,-0.585,0,0,77,0,0,0,0,79,46,1.028,1,2281,0,426.707,15.548,-226.938,-348.250,96.438,-0.414,0.684,1.039,11.902,10.004,-11.781,1.670,1.856,1.087,1.326,0,NULL,NULL,,3,0,2,7,255,1237,250,0,0
stim,254621,284742,0,284742,3482079.454,-0.635,-0.453,-0.233,-0.580,0,0,70,0,0,0,0,135,46,1.028,1,2281,0,379.032,12.766,-243.313,-286.750,47.313,-0.141,0.141,0.953,7.930,10.004,-10.063,1.744,1.930,1.087,1.326,0,NULL,NULL,,3,0,2,7,255,1237,250,0,0
stim,254651,284772,0,284772,3482084.455,-0.630,-0.464,-0.234,-0.577,0,0,59,0,0,0,0,197,46,1.028,1,2281,0,296.861,9.032,-198.625,-219.375,23.438,-0.109,-0.320,0.895,3.332,8.395,-6.969,1.814,2.000,1.087,1.326,0,NULL,NULL,,3,0,2,7,255,1237,250,0,0
stim,254651,284772,0,284772,3482089.453,-0.626,-0.473,-0.233,-0.574,0,0,57,0,0,0,0,217,46,1.028,1,2281,0,236.200,8.395,-168.000,-161.125,40.063,-0.285,-0.289,1.195,-0.059,8.395,-6.125,1.878,2.068,1.087,1.326,0,NULL,NULL,,3,0,2,7,255,1237,250,0,0
stim,254651,284772,0,284772,3482094.455,-0.621,-0.482,-0.229,-0.574,0,0,53,0,0,0,0,229,46,1.028,1,2281,0,236.842,11.750,-216.750,-89.875,32.188,-0.469,-0.078,1.180,-0.059,11.750,-6.125,1.940,2.132,1.087,1.326,0,NULL,NULL,,3,0,2,7,255,1237,250,0,0
stim,254651,284772,0,284772,3482099.453,-0.616,-0.490,-0.222,-0.576,0,0,55,0,0,0,0,202,46,1.028,1,2281,0,282.696,11.853,-282.125,-10.938,14.250,-0.422,0.215,0.520,1.559,11.750,-8.527,1.998,2.190,1.087,1.326,0,NULL,NULL,,3,0,2,7,255,1237,250,0,0
stim,254700,284821,0,284821,3482104.455,-0.610,-0.496,-0.213,-0.580,0,0,55,0,0,0,0,139,46,1.028,1,2281,0,287.764,6.462,-280.250,64.563,10.000,-0.297,0.559,-0.289,2.496,5.961,-11.969,2.044,2.238,1.087,1.326,0,NULL,NULL,,3,0,2,7,255,1237,250,0,0
stim,254700,284821,0,284821,3482109.454,-0.608,-0.498,-0.205,-0.584,0,0,52,0,0,0,0,115,46,1.028,1,2281,0,224.192,3.223,-185.250,125.938,9.188,-0.301,0.641,-0.777,2.496,-2.039,-15.434,2.076,2.272,1.087,1.326,0,NULL,NULL,,3,0,2,7,255,1237,250,0,0
stim,254700,284821,0,284821,3482114.455,-0.608,-0.495,-0.199,-0.588,0,0,45,0,0,0,0,110,46,1.028,1,2281,0,179.019,3.475,-63.875,167.188,4.000,-0.391,0.371,-0.484,2.129,-2.746,-16.352,2.094,2.292,1.087,1.326,0,NULL,NULL,,3,0,2,7,255,1237,250,0,0
stim,254700,284821,0,284821,3482119.454,-0.609,-0.490,-0.193,-0.593,0,0,39,0,0,0,0,113,46,1.028,1,2281,0,196.831,2.805,-15.750,196.188,-2.188,-0.434,0.078,0.082,0.570,-2.746,-16.352,2.094,2.294,1.087,1.326,0,NULL,NULL,,3,0,2,7,255,1237,250,0,0
stim,254700,284821,0,284821,3482124.455,-0.610,-0.486,-0.187,-0.598,0,0,27,0,0,0,0,99,46,1.028,1,2281,0,218.219,2.707,-33.938,215.563,0.750,-0.402,-0.004,0.234,-0.023,2.707,-13.227,2.090,2.292,1.087,1.326,0,NULL,NULL,,3,0,2,7,255,1237,250,0,0
stim,254700,284821,0,284821,3482129.453,-0.611,-0.481,-0.179,-0.603,0,0,17,0,0,0,0,93,46,1.028,1,2281,0,231.681,2.709,-48.813,226.000,14.750,-0.320,0.020,0.016,-0.090,2.707,-12.336,2.086,2.286,1.087,1.326,0,NULL,NULL,,3,0,2,7,255,1237,250,0,0
stim,254700,284821,0,284821,3482134.455,-0.613,-0.476,-0.172,-0.607,0,0,19,0,0,0,0,91,46,1.028,1,2281,0,234.137,1.844,-28.813,229.875,33.875,-0.313,0.141,-0.238,-0.398,1.801,-12.336,2.078,2.280,1.087,1.326,0,NULL,NULL,,3,0,2,7,255,1237,250,0,0
stim,254700,284821,0,284821,3482139.453,-0.616,-0.470,-0.165,-0.611,0,0,16,0,0,0,0,88,46,1.028,1,2281,0,234.932,0.566,12.750,230.375,44.250,-0.359,0.277,-0.293,-0.398,-0.402,-13.887,2.072,2.274,1.087,1.326,0,NULL,NULL,,3,0,2,7,255,1237,250,0,0
stim,254700,284821,0,284821,3482144.455,-0.619,-0.462,-0.159,-0.614,0,0,12,0,0,0,0,78,46,1.028,1,2281,0,240.064,0.636,47.938,230.750,45.688,-0.371,0.340,-0.168,0.492,-0.402,-14.766,2.064,2.270,1.087,1.326,0,NULL,NULL,,3,0,2,7,255,1237,250,0,0
stim,254700,284821,0,284821,3482149.454,-0.623,-0.455,-0.154,-0.617,0,0,9,0,0,0,0,77,46,1.028,1,2281,0,245.397,1.542,63.938,231.813,48.938,-0.344,0.316,-0.027,1.523,0.238,-14.766,2.058,2.266,1.087,1.326,0,NULL,NULL,,3,0,2,7,255,1237,250,0,0
stim,254718,284839,0,284839,3482154.455,-0.628,-0.447,-0.149,-0.620,0,0,4,0,0,0,0,75,46,1.028,1,2281,0,250.118,2.265,74.125,232.375,55.375,-0.355,0.285,0.027,1.887,1.254,-13.727,2.056,2.266,1.087,1.326,0,NULL,NULL,,3,0,2,7,255,1237,250,0,0
stim,254718,284839,0,284839,3482159.455,-0.632,-0.438,-0.144,-0.623,0,0,2,0,0,0,0,69,46,1.028,1,2281,0,254.551,2.649,87.500,231.500,59.563,-0.395,0.242,0.102,1.887,1.859,-13.332,2.058,2.268,1.087,1.326,0,NULL,NULL,,3,0,2,7,255,1237,250,0,0
stim,254718,284839,0,284839,3482164.455,-0.637,-0.429,-0.139,-0.625,0,0,0,0,0,0,0,68,46,1.028,1,2281,0,257.469,3.367,100.313,230.063,57.438,-0.445,0.223,0.223,1.887,2.789,-12.996,2.070,2.280,1.087,1.326,0,NULL,NULL,,3,0,2,7,255,1237,250,0,0
stim,254718,284839,0,284839,3482169.453,-0.641,-0.420,-0.135,-0.627,0,0,0,0,0,0,0,62,46,1.028,1,2281,0,258.340,4.527,108.500,229.125,49.688,-0.469,0.211,0.355,1.934,4.094,-12.508,2.084,2.296,1.087,1.326,0,NULL,NULL,,3,0,2,7,255,1237,250,0,0
stim,254749,284870,0,284870,3482174.455,-0.646,-0.411,-0.131,-0.630,0,0,0,0,0,0,0,57,46,1.028,1,2281,0,258.547,5.732,112.438,229.313,40.250,-0.473,0.219,0.512,2.301,5.250,-11.742,2.104,2.318,1.087,1.326,0,NULL,NULL,,3,0,2,7,255,1237,250,0,0
stim,254749,284870,0,284870,3482179.453,-0.650,-0.402,-0.127,-0.633,0,0,1,0,0,0,0,55,46,1.028,1,2281,0,256.051,6.994,105.500,231.188,31.375,-0.473,0.242,0.680,2.953,6.340,-10.723,2.128,2.342,1.087,1.326,0,NULL,NULL,,3,0,2,7,255,1237,250,0,0
stim,254749,284870,0,284870,3482184.455,-0.653,-0.393,-0.122,-0.636,0,0,10,0,0,0,0,63,46,1.028,1,2281,0,253.152,8.377,91.250,235.125,21.813,-0.492,0.254,0.789,3.793,7.469,-9.609,2.158,2.376,1.087,1.326,0,NULL,NULL,,3,0,2,7,255,1237,250,0,0
stim,254749,284870,0,284870,3482189.454,-0.655,-0.384,-0.117,-0.640,0,0,9,0,0,0,0,69,46,1.028,1,2281,0,252.287,9.303,74.500,240.875,8.813,-0.516,0.258,0.859,4.254,8.273,-8.918,2.196,2.414,1.087,1.326,0,NULL,NULL,,3,0,2,7,255,1237,250,0,0
stim,254749,284870,0,284870,3482194.455,-0.657,-0.375,-0.112,-0.644,0,0,9,0,0,0,0,69,46,1.028,1,2281,0,255.885,9.942,57.938,249.125,-7.563,-0.512,0.238,0.891,4.520,8.855,-8.379,2.236,2.456,1.087,1.326,0,NULL,NULL,,3,0,2,7,255,1237,250,0,0
stim,254749,284870,0,284870,3482199.453,-0.658,-0.367,-0.107,-0.649,0,0,11,0,0,0,0,73,46,1.028,1,2281,0,264.516,9.942,42.688,259.938,-24.063,-0.473,0.195,0.895,4.520,8.855,-7.891,2.280,2.502,1.087,1.326,0,NULL,NULL,,3,0,2,7,255,1237,250,0,0
stim,254786,284907,0,284907,3482204.455,-0.659,-0.358,-0.100,-0.654,0,0,11,0,0,0,0,83,46,1.028,1,2281,0,277.043,9.687,29.625,272.813,-38.063,-0.418,0.168,0.863,4.246,8.707,-7.266,2.326,2.550,1.087,1.326,0,NULL,NULL,,3,0,2,7,255,1237,250,0,0
stim,254786,284907,0,284907,3482209.454,-0.658,-0.349,-0.094,-0.660,0,0,11,0,0,0,0,83,46,1.028,1,2281,0,292.175,8.986,21.188,287.063,-50.125,-0.359,0.176,0.801,4.016,8.039,-6.840,2.374,2.598,1.087,1.326,0,NULL,NULL,,3,0,2,7,255,1237,250,0,0
stim,254786,284907,0,284907,3482214.455,-0.658,-0.339,-0.087,-0.667,0,0,10,0,0,0,0,90,46,1.028,1,2281,0,308.297,8.116,19.563,301.313,-62.250,-0.254,0.172,0.715,3.984,7.070,-6.766,2.422,2.648,1.087,1.326,0,NULL,NULL,,3,0,2,7,255,1237,250,0,0
stim,254786,284907,0,284907,3482219.454,-0.657,-0.329,-0.080,-0.674,0,0,9,0,0,0,0,105,46,1.028,1,2281,0,322.705,6.809,24.563,314.188,-69.438,-0.137,0.094,0.617,3.797,5.652,-6.586,2.466,2.692,1.087,1.326,0,NULL,NULL,,3,0,2,7,255,1237,250,0,0
stim,254786,284907,0,284907,3482224.455,-0.656,-0.318,-0.073,-0.680,0,0,9,0,0,0,0,107,46,1.028,1,2281,0,331.075,5.052,38.625,322.313,-65.063,-0.117,0.074,0.563,2.867,4.160,-6.395,2.506,2.734,1.087,1.326,0,NULL,NULL,,3,0,2,7,255,1237,250,0,0
stim,254786,284907,0,284907,3482229.454,-0.656,-0.307,-0.066,-0.687,0,0,9,0,0,0,0,115,46,1.028,1,2281,0,338.245,4.637,57.625,327.000,-64.500,-0.121,0.141,0.574,2.867,3.645,-6.395,2.540,2.770,1.087,1.326,0,NULL,NULL,,3,0,2,7,255,1237,250,0,0
stim,254810,284931,0,284931,3482234.455,-0.655,-0.295,-0.060,-0.693,0,0,8,0,0,0,0,109,46,1.028,1,2281,0,344.927,4.744,76.313,329.563,-67.375,-0.066,0.133,0.613,3.172,3.527,-6.395,2.572,2.802,1.087,1.326,0,NULL,NULL,,3,0,2,7,255,1237,250,0,0
stim,254810,284931,0,284931,3482239.453,-0.655,-0.282,-0.054,-0.699,0,0,10,0,0,0,0,108,46,1.028,1,2281,0,348.726,4.504,95.125,329.688,-62.188,0.008,0.129,0.656,3.266,3.102,-5.711,2.600,2.832,1.087,1.326,0,NULL,NULL,,3,0,2,7,255,1237,250,0,0
stim,254810,284931,0,284931,3482244.455,-0.655,-0.268,-0.049,-0.704,0,0,7,0,0,0,0,109,46,1.028,1,2281,0,352.413,4.199,116.313,327.875,-56.250,0.012,0.199,0.691,3.344,2.539,-4.867,2.626,2.860,1.087,1.326,0,NULL,NULL,,3,0,2,7,255,1237,250,0,0
stim,254810,284931,0,284931,3482249.453,-0.656,-0.254,-0.045,-0.710,0,0,11,0,0,0,0,114,46,1.028,1,2281,0,357.073,4.729,135.688,325.813,-54.188,0.035,0.191,0.797,4.078,2.395,-4.660,2.650,2.886,1.087,1.326,0,NULL,NULL,,3,0,2,7,255,1237,250,0,0
stim,254810,284931,0,284931,3482254.455,-0.656,-0.240,-0.041,-0.714,0,0,8,0,0,0,0,109,46,1.028,1,2281,0,358.704,4.880,149.875,322.375,-47.750,0.066,0.172,0.883,4.254,2.391,-3.531,2.672,2.910,1.087,1.326,0,NULL,NULL,,3,0,2,7,255,1237,250,0,0
stim,254810,284931,0,284931,3482259.454,-0.657,-0.225,-0.038,-0.719,0,0,11,0,0,0,0,109,46,1.028,1,2281,0,358.924,4.821,159.250,319.563,-36.688,0.117,0.156,0.977,4.254,2.270,-2.480,2.694,2.932,1.087,1.326,0,NULL,NULL,,3,0,2,7,255,1237,250,0,0
stim,254831,284952,0,284952,3482264.455,-0.658,-0.211,-0.034,-0.722,0,0,9,0,0,0,0,112,46,1.028,1,2281,0,358.048,4.706,165.938,316.563,-21.250,0.117,0.152,1.066,4.254,2.012,-1.297,2.718,2.956,1.087,1.326,0,NULL,NULL,,3,0,2,7,255,1237,250,0,0
stim,254831,284952,0,284952,3482269.454,-0.659,-0.196,-0.031,-0.725,0,0,7,0,0,0,0,107,46,1.028,1,2281,0,357.081,4.744,170.563,313.625,-7.375,0.063,0.188,1.168,4.297,2.012,-0.371,2.740,2.980,1.087,1.326,0,NULL,NULL,,3,0,2,7,255,1237,250,0,0
stim,254831,284952,0,284952,3482274.455,-0.661,-0.181,-0.027,-0.728,0,0,7,0,0,0,0,107,46,1.028,1,2281,0,357.234,5.391,174.688,311.563,-5.375,0.004,0.227,1.258,4.766,2.520,0.418,2.764,3.004,1.087,1.326,0,NULL,NULL,,3,0,2,7,255,1237,250,0,0
stim,254831,284952,0,284952,3482279.453,-0.662,-0.166,-0.024,-0.731,0,0,10,0,0,0,0,105,46,1.028,1,2281,0,357.084,5.976,177.750,309.625,-6.813,-0.008,0.211,1.371,5.168,3.000,1.105,2.790,3.032,1.087,1.326,0,NULL,NULL,,3,0,2,7,255,1237,250,0,0
stim,254831,284952,0,284952,3482284.455,-0.663,-0.151,-0.021,-0.733,0,0,9,0,0,0,0,107,46,1.028,1,2281,0,355.533,6.083,176.250,308.688,-7.188,-0.035,0.215,1.473,5.230,3.105,2.313,2.816,3.058,1.087,1.326,0,NULL,NULL,,3,0,2,7,255,1237,250,0,0
stim,254831,284952,0,284952,3482289.453,-0.663,-0.136,-0.018,-0.736,0,0,9,0,0,0,0,104,46,1.028,1,2281,0,352.127,6.105,170.125,308.188,-8.438,-0.066,0.195,1.578,5.168,3.250,3.375,2.842,3.086,1.087,1.326,0,NULL,NULL,,3,0,2,7,255,1237,250,0,0
stim,254870,284991,0,284991,3482294.455,-0.664,-0.122,-0.014,-0.738,0,0,9,0,0,0,0,107,46,1.028,1,2281,0,347.107,6.112,160.188,307.750,-10.625,-0.105,0.191,1.676,5.035,3.465,4.504,2.872,3.116,1.087,1.326,0,NULL,NULL,,3,0,2,7,255,1237,250,0,0
stim,254870,284991,0,284991,3482299.453,-0.664,-0.107,-0.010,-0.740,0,0,11,0,0,0,0,109,46,1.028,1,2281,0,340.441,6.054,144.125,308.000,-16.250,-0.102,0.195,1.734,4.965,3.465,5.523,2.902,3.148,1.087,1.326,0,NULL,NULL,,3,0,2,7,255,1237,250,0,0
stim,254909,285030,0,285030,3482304.455,-0.664,-0.094,-0.005,-0.742,0,0,11,0,0,0,0,103,46,1.028,1,2281,0,334.069,5.872,128.938,307.438,-21.438,-0.098,0.191,1.742,4.875,3.273,6.246,2.932,3.178,1.087,1.326,0,NULL,NULL,,3,0,2,7,255,1237,250,0,0
stim,254909,285030,0,285030,3482309.454,-0.663,-0.081,-0.000,-0.744,0,0,17,0,0,0,0,107,46,1.028,1,2281,0,328.344,5.446,117.125,305.813,-23.875,-0.098,0.180,1.738,4.645,2.844,6.480,2.960,3.208,1.087,1.326,0,NULL,NULL,,3,0,2,7,255,1237,250,0,0
stim,254909,285030,0,285030,3482314.455,-0.662,-0.068,0.005,-0.746,0,0,19,0,0,0,0,111,46,1.028,1,2281,0,322.672,4.918,107.813,302.938,-26.875,-0.102,0.156,1.715,4.289,2.406,6.500,2.986,3.236,1.087,1.326,0,NULL,NULL,,3,0,2,7,255,1237,250,0,0
stim,254909,285030,0,285030,3482319.453,-0.661,-0.055,0.010,-0.748,0,0,17,0,0,0,0,110,46,1.028,1,2281,0,317.566,4.342,101.250,299.438,-30.563,-0.090,0.117,1.652,3.836,2.035,6.500,3.010,3.260,1.087,1.326,0,NULL,NULL,,3,0,2,7,255,1237,250,0,0
stim,254909,285030,0,285030,3482324.455,-0.660,-0.042,0.015,-0.750,0,0,18,0,0,0,0,106,46,1.028,1,2281,0,313.903,3.530,103.375,294.688,-31.750,-0.066,0.098,1.609,3.191,1.508,6.039,3.032,3.284,1.087,1.326,0,NULL,NULL,,3,0,2,7,255,1237,250,0,0
stim,254909,285030,0,285030,3482329.453,-0.658,-0.029,0.019,-0.752,0,0,21,0,0,0,0,112,46,1.028,1,2281,0,310.285,2.877,108.625,288.938,-31.500,-0.059,0.109,1.594,2.734,0.895,5.738,3.052,3.304,1.087,1.326,0,NULL,NULL,,3,0,2,7,255,1237,250,0,0
stim,254909,285030,0,285030,3482334.455,-0.657,-0.016,0.023,-0.753,0,0,22,0,0,0,0,117,46,1.028,1,2281,0,307.247,2.644,116.375,282.563,-31.875,-0.051,0.094,1.598,2.605,0.449,5.727,3.070,3.322,1.087,1.326,0,NULL,NULL,,3,0,2,7,255,1237,250,0,0
stim,254909,285030,0,285030,3482339.454,-0.655,-0.004,0.027,-0.755,0,0,21,0,0,0,0,121,46,1.028,1,2281,0,305.783,2.250,126.375,276.688,-31.250,-0.023,0.078,1.613,2.250,0.000,5.727,3.084,3.338,1.087,1.326,0,NULL,NULL,,3,0,2,7,255,1237,250,0,0
stim,254909,285030,0,285030,3482344.455,-0.654,0.009,0.030,-0.756,0,0,23,0,0,0,0,118,46,1.028,1,2281,0,306.576,1.925,139.563,271.375,-29.438,0.004,0.070,1.645,1.832,-0.590,5.879,3.094,3.350,1.087,1.326,0,NULL,NULL,,3,0,2,7,255,1237,250,0,0
stim,254909,285030,0,285030,3482349.454,-0.652,0.022,0.032,-0.757,0,0,21,0,0,0,0,119,46,1.028,1,2281,0,310.165,1.930,155.563,266.875,-27.938,0.027,0.063,1.723,1.496,-1.219,6.199,3.102,3.358,1.087,1.326,0,NULL,NULL,,3,0,2,7,255,1237,250,0,0
stim,254909,285030,0,285030,3482354.455,-0.650,0.036,0.034,-0.758,0,0,24,0,0,0,0,115,46,1.028,1,2281,0,314.800,2.147,169.500,263.938,-26.563,0.063,0.043,1.824,1.125,-1.828,6.938,3.108,3.366,1.087,1.326,0,NULL,NULL,,3,0,2,7,255,1237,250,0,0
stim,254909,285030,0,285030,3482359.454,-0.648,0.049,0.035,-0.759,0,0,29,0,0,0,0,119,46,1.028,1,2281,0,318.921,2.654,179.063,262.750,-24.688,0.117,0.055,1.926,0.598,-2.586,7.887,3.108,3.368,1.087,1.326,0,NULL,NULL,,3,0,2,7,255,1237,250,0,0
stim,254928,285049,0,285049,3482364.455,-0.647,0.063,0.037,-0.759,0,0,26,0,0,0,0,121,46,1.028,1,2281,0,323.640,3.617,187.188,263.000,-23.125,0.195,0.090,2.004,0.285,-3.605,8.754,3.106,3.364,1.087,1.326,0,NULL,NULL,,3,0,2,7,255,1237,250,0,0
stim,254928,285049,0,285049,3482369.453,-0.645,0.077,0.037,-0.760,0,0,25,0,0,0,0,121,46,1.028,1,2281,0,329.783,4.861,197.125,263.563,-20.813,0.305,0.098,2.102,0.109,-4.859,9.336,3.096,3.356,1.087,1.326,0,NULL,NULL,,3,0,2,7,255,1237,250,0,0
stim,254928,285049,0,285049,3482374.455,-0.642,0.092,0.038,-0.760,0,0,26,0,0,0,0,125,46,1.028,1,2281,0,335.449,6.462,205.375,264.563,-18.813,0.445,0.109,2.223,-0.414,-6.449,10.008,3.082,3.344,1.087,1.326,0,NULL,NULL,,3,0,2,7,255,1237,250,0,0
stim,254928,285049,0,285049,3482379.454,-0.640,0.107,0.039,-0.760,0,0,30,0,0,0,0,123,46,1.028,1,2281,0,338.807,8.484,208.750,266.438,-15.000,0.594,0.117,2.328,-1.027,-8.422,10.762,3.062,3.324,1.087,1.326,0,NULL,NULL,,3,0,2,7,255,1237,250,0,0
stim,254951,285072,0,285072,3482384.455,-0.638,0.121,0.039,-0.759,0,0,26,0,0,0,0,123,46,1.028,1,2281,0,339.859,10.604,208.813,268.063,-6.625,0.719,0.121,2.418,-1.734,-10.461,11.285,3.032,3.294,1.087,1.326,0,NULL,NULL,,3,0,2,7,255,1237,250,0,0
stim,254951,285072,0,285072,3482389.454,-0.637,0.136,0.040,-0.758,0,0,29,0,0,0,0,119,46,1.028,1,2281,0,338.687,12.521,205.750,269.000,3.813,0.805,0.137,2.492,-2.477,-12.273,11.598,2.996,3.258,1.087,1.326,0,NULL,NULL,,3,0,2,7,255,1237,250,0,0
stim,254951,285072,0,285072,3482394.455,-0.635,0.150,0.041,-0.757,0,0,26,0,0,0,0,112,46,1.028,1,2281,0,335.627,14.017,199.563,269.625,11.063,0.887,0.152,2.551,-3.023,-13.688,11.766,2.954,3.216,1.087,1.326,0,NULL,NULL,,3,0,2,7,255,1237,250,0,0
stim,254951,285072,0,285072,3482399.453,-0.633,0.164,0.042,-0.755,0,0,28,0,0,0,0,116,46,1.028,1,2281,0,331.537,15.477,189.813,271.500,13.250,0.969,0.141,2.563,-3.559,-15.063,11.766,2.906,3.168,1.087,1.326,0,NULL,NULL,,3,0,2,7,255,1237,250,0,0
stim,254997,285118,0,285118,3482404.455,-0.632,0.178,0.044,-0.753,0,0,29,0,0,0,0,121,46,1.028,1,2281,0,325.759,16.824,181.563,269.375,24.313,1.008,0.129,2.586,-4.238,-16.281,11.227,2.848,3.112,1.087,1.326,0,NULL,NULL,,3,0,2,7,255,1237,250,0,0
stim,254997,285118,0,285118,3482409.454,-0.631,0.192,0.045,-0.750,0,0,29,0,0,0,0,131,46,1.028,1,2281,0,315.832,17.758,166.563,266.500,31.375,1.016,0.152,2.598,-4.867,-17.078,10.906,2.784,3.048,1.087,1.326,0,NULL,NULL,,3,0,2,7,255,1237,250,0,0
stim,254997,285118,0,285118,3482414.455,-0.630,0.204,0.048,-0.748,0,0,31,0,0,0,0,137,46,1.028,1,2281,0,299.227,18.350,142.813,261.188,30.375,1.078,0.195,2.555,-4.930,-17.676,10.555,2.718,2.982,1.087,1.326,0,NULL,NULL,,3,0,2,7,255,1237,250,0,0
stim,254997,285118,0,285118,3482419.454,-0.629,0.216,0.050,-0.745,0,0,26,0,0,0,0,143,46,1.028,1,2281,0,282.567,19.266,120.813,253.750,29.313,1.242,0.137,2.414,-5.059,-18.590,9.563,2.646,2.908,1.087,1.326,0,NULL,NULL,,3,0,2,7,255,1237,250,0,0
stim,254997,285118,0,285118,3482424.455,-0.628,0.227,0.053,-0.742,0,0,27,0,0,0,0,154,46,1.028,1,2281,0,268.437,20.626,105.688,243.938,37.188,1.395,-0.023,2.215,-5.625,-19.844,7.160,2.566,2.830,1.087,1.326,0,NULL,NULL,,3,0,2,7,255,1237,250,0,0
stim,254997,285118,0,285118,3482429.454,-0.628,0.237,0.056,-0.739,0,0,25,0,0,0,0,165,46,1.028,1,2281,0,255.700,21.417,96.438,231.438,50.188,1.477,-0.211,1.980,-6.973,-20.250,4.098,2.484,2.746,1.087,1.326,0,NULL,NULL,,3,0,2,7,255,1237,250,0,0
stim,254997,285118,0,285118,3482434.455,-0.628,0.247,0.059,-0.735,0,0,25,0,0,0,0,167,46,1.028,1,2281,0,244.712,21.909,96.000,216.813,60.500,1.527,-0.383,1.711,-8.363,-20.250,0.891,2.396,2.656,1.087,1.326,0,NULL,NULL,,3,0,2,7,255,1237,250,0,0
stim,254997,285118,0,285118,3482439.453,-0.628,0.257,0.060,-0.732,0,0,26,0,0,0,0,169,46,1.028,1,2281,0,237.522,21.623,108.563,200.313,67.125,1.590,-0.523,1.480,-9.367,-19.488,-2.398,2.306,2.566,1.087,1.326,0,NULL,NULL,,3,0,2,7,255,1237,250,0,0
stim,254997,285118,0,285118,3482444.455,-0.629,0.266,0.060,-0.728,0,0,26,0,0,0,0,180,46,1.028,1,2281,0,236.348,21.651,129.625,183.000,74.625,1.695,-0.633,1.320,-10.156,-19.121,-5.344,2.212,2.470,1.087,1.326,0,NULL,NULL,,3,0,2,7,255,1237,250,0,0
stim,254997,285118,0,285118,3482449.453,-0.629,0.276,0.059,-0.724,0,0,26,0,0,0,0,205,46,1.028,1,2281,0,246.564,21.913,156.188,164.250,97.063,1.801,-0.617,1.328,-10.703,-19.121,-7.816,2.118,2.374,1.087,1.326,0,NULL,NULL,,3,0,2,7,255,1237,250,0,0
stim,255019,285140,0,285140,3482454.455,-0.630,0.286,0.057,-0.720,0,0,27,0,0,0,0,215,46,1.028,1,2281,0,240.582,22.120,163.625,149.625,93.375,1.738,-0.852,1.344,-10.813,-19.297,-8.570,2.020,2.276,1.087,1.326,0,NULL,NULL,,3,0,2,7,255,1237,250,0,0
stim,255019,285140,0,285140,3482459.455,-0.630,0.295,0.054,-0.717,0,0,27,0,0,0,0,221,46,1.028,1,2281,0,234.262,23.724,172.625,136.563,80.188,1.859,-0.957,1.289,-12.863,-19.934,-9.125,1.922,2.178,1.087,1.326,0,NULL,NULL,,3,0,2,7,255,1237,250,0,0
stim,255019,285140,0,285140,3482464.455,-0.629,0.304,0.051,-0.714,0,0,30,0,0,0,0,231,46,1.028,1,2281,0,234.426,24.176,185.375,121.563,76.250,2.113,-1.102,1.250,-13.680,-19.934,-10.809,1.822,2.076,1.087,1.326,0,NULL,NULL,,3,0,2,7,255,1237,250,0,0
stim,255019,285140,0,285140,3482469.454,-0.629,0.313,0.047,-0.710,0,0,26,0,0,0,0,252,46,1.028,1,2281,0,241.596,26.257,198.813,107.188,85.750,2.211,-1.188,1.316,-14.898,-21.621,-13.180,1.716,1.968,1.087,1.326,0,NULL,NULL,,3,0,2,7,255,1237,250,0,0
stim,255043,285164,0,285164,3482474.455,-0.628,0.322,0.042,-0.707,0,0,26,0,0,0,0,270,46,1.028,1,2281,0,234.487,27.591,198.500,91.125,85.313,2.168,-1.250,1.422,-15.863,-22.574,-13.402,1.606,1.856,1.087,1.326,0,NULL,NULL,,3,0,2,7,255,1237,250,0,0
stim,255043,285164,0,285164,3482479.453,-0.627,0.329,0.037,-0.705,0,0,25,0,0,0,0,279,46,1.028,1,2281,0,214.475,28.096,190.875,73.250,64.813,2.152,-1.422,1.516,-16.727,-22.574,-13.535,1.492,1.740,1.087,1.326,0,NULL,NULL,,3,0,2,7,255,1237,250,0,0
stim,255043,285164,0,285164,3482484.455,-0.626,0.336,0.032,-0.703,0,0,28,0,0,0,0,283,46,1.028,1,2281,0,204.006,29.268,191.063,50.000,51.125,2.141,-1.473,1.668,-18.629,-22.574,-13.402,1.374,1.620,1.087,1.326,0,NULL,NULL,,3,0,2,7,255,1237,250,0,0
stim,255043,285164,0,285164,3482489.454,-0.625,0.342,0.026,-0.701,0,0,26,0,0,0,0,292,46,1.028,1,2281,0,196.934,30.208,188.313,27.313,50.750,2.164,-1.355,1.918,-19.680,-22.918,-12.855,1.250,1.492,1.087,1.326,0,NULL,NULL,,3,0,2,7,255,1237,250,0,0
stim,255043,285164,0,285164,3482494.455,-0.624,0.347,0.020,-0.700,0,0,27,0,0,0,0,315,46,1.028,1,2281,0,180.393,31.386,168.250,-7.563,64.625,1.828,-0.953,2.430,-19.680,-24.449,-10.984,1.122,1.360,1.087,1.326,0,NULL,NULL,,3,0,2,7,255,1237,250,0,0
stim,255043,285164,0,285164,3482499.454,-0.624,0.348,0.016,-0.699,0,0,27,0,0,0,0,329,46,1.028,1,2281,0,99.177,30.685,86.688,-32.438,35.625,1.473,-0.578,2.895,-18.449,-24.520,-4.145,0.992,1.226,1.087,1.326,0,NULL,NULL,,3,0,2,7,255,1237,250,0,0
stim,255089,285210,0,285210,3482504.455,-0.624,0.347,0.014,-0.700,0,0,22,0,0,0,0,363,46,1.028,1,2281,0,54.596,30.027,8.938,-53.813,2.250,1.621,-0.621,2.590,-17.332,-24.520,-0.598,0.862,1.090,1.087,1.326,0,NULL,NULL,,3,0,2,7,255,1237,250,0,0
stim,255089,285210,0,285210,3482509.454,-0.626,0.345,0.008,-0.699,0,0,22,2,0,0,0,435,46,1.028,1,2281,0,147.916,29.759,59.688,-106.313,83.750,0.910,-0.992,3.332,-17.332,-24.191,2.500,0.734,0.954,1.087,1.326,0,NULL,NULL,,3,0,2,7,255,1237,250,0,0
stim,255089,285210,0,285210,3482514.455,-0.630,0.348,-0.014,-0.694,265,0,11,475,0,12,0,469,46,1.028,1,2281,0,534.396,32.952,354.188,-239.688,320.438,0.727,0.887,6.512,-22.375,-24.191,7.207,0.618,0.822,1.087,1.326,0,NULL,NULL,,3,0,2,7,255,1237,250,0,0
stim,255089,285210,0,285210,3482519.453,-0.646,0.329,-0.004,-0.689,859,0,9,1047,0,117,0,539,46,1.028,1,2281,0,608.710,30.404,-543.188,-126.250,244.000,-1.262,1.238,4.531,-22.375,-20.586,36.020,0.514,0.692,1.087,1.326,0,NULL,NULL,,3,0,2,7,255,1237,250,0,0
stim,255089,285210,0,285210,3482524.455,-0.664,0.299,0.017,-0.685,1288,0,5,1455,0,389,0,606,46,1.028,1,2281,0,936.533,13.234,-909.813,-132.688,178.125,-0.746,2.664,0.313,-8.961,-9.738,36.020,0.430,0.568,1.087,1.326,0,NULL,NULL,,3,0,2,7,255,1237,250,0,0
stim,255089,285210,0,285210,3482529.454,-0.676,0.277,0.030,-0.682,1688,0,0,1722,0,552,0,645,46,1.028,1,2282,0,654.820,22.613,-629.375,-129.250,126.375,-1.000,1.957,-1.664,22.477,2.480,4.996,0.368,0.450,1.087,1.326,1,1300.000,63.000,,3,0,2,7,255,1237,250,0,0
stim,255089,285210,0,285210,3482534.455,-0.681,0.266,0.033,-0.681,1975,0,0,1894,0,679,0,721,46,1.028,1,2282,0,296.013,26.628,-258.438,-125.563,71.188,-1.191,0.266,-1.254,22.477,14.277,-13.723,0.360,0.366,1.087,1.326,1,NULL,NULL,,3,0,2,7,255,1237,250,0,0
stim,255089,285210,0,285210,3482539.455,-0.683,0.261,0.030,-0.681,2160,0,0,1963,0,868,0,797,46,1.028,1,2282,0,147.041,15.163,-36.938,-134.688,46.000,-0.605,-0.137,0.664,5.105,14.277,-13.723,0.376,0.336,1.087,1.326,1,NULL,NULL,,3,0,2,7,255,1237,250,0,0
stim,255121,285242,0,285242,3482544.453,-0.687,0.256,0.028,-0.680,2303,0,0,2071,0,993,0,858,46,1.028,1,2282,0,157.261,5.250,-74.250,-119.438,70.375,-0.031,0.961,1.629,4.426,2.824,-2.168,0.396,0.340,1.087,1.326,1,NULL,NULL,,3,0,2,7,255,1237,250,0,0
stim,255121,285242,0,285242,3482549.457,-0.692,0.247,0.028,-0.678,2423,0,0,2130,0,1189,0,935,46,1.028,1,2282,0,226.829,7.343,-168.813,-109.875,104.313,-0.047,1.836,1.516,4.426,-5.859,6.984,0.412,0.362,1.087,1.326,1,NULL,NULL,,3,0,2,7,255,1237,250,0,0
stim,255121,285242,0,285242,3482554.455,-0.697,0.238,0.031,-0.675,2532,0,0,2229,0,1299,0,1001,46,1.028,1,2282,0,272.158,9.813,-232.563,-102.125,97.750,-0.426,1.195,1.230,7.871,-5.859,6.984,0.422,0.388,1.087,1.326,1,NULL,NULL,,3,0,2,7,255,1237,250,0,0
stim,255121,285242,0,285242,3482559.454,-0.702,0.227,0.035,-0.674,2685,0,0,2443,0,1375,0,1021,46,1.028,1,2282,0,275.595,7.920,-251.188,-98.313,56.500,-0.531,0.262,0.824,7.871,-0.883,5.563,0.438,0.410,1.087,1.326,1,NULL,NULL,,3,0,2,7,255,1237,250,0,0
stim,255121,285242,0,285242,3482564.455,-0.706,0.217,0.037,-0.672,2791,0,0,2614,0,1381,0,1092,46,1.028,1,2282,0,259.895,1.808,-221.313,-112.500,76.875,-0.953,-0.680,0.316,0.109,1.805,-0.051,0.456,0.434,1.087,1.326,2,NULL,NULL,,3,0,2,7,255,1237,250,0,0
stim,255121,285242,0,285242,3482569.454,-0.712,0.207,0.038,-0.670,2859,0,0,2711,0,1420,0,1183,46,1.028,1,2282,0,278.775,11.032,-204.125,-151.313,114.688,-1.258,-1.352,0.230,-8.105,7.484,-5.266,0.470,0.452,1.087,1.326,2,NULL,NULL,,3,0,2,7,255,1237,250,0,0
stim,255152,285273,0,285273,3482574.455,-0.714,0.199,0.036,-0.671,2927,0,0,2795,0,1451,0,1289,46,1.028,1,2282,0,182.995,12.758,-105.313,-149.438,8.063,-1.000,-0.859,0.129,-9.535,8.477,-6.520,0.466,0.460,1.087,1.326,2,NULL,NULL,,3,0,2,7,255,1237,250,0,0
stim,255152,285273,0,285273,3482579.454,-0.713,0.195,0.032,-0.673,2964,0,0,2869,0,1487,0,1383,46,1.028,1,2282,0,152.533,12.758,2.125,-149.688,-29.250,-0.223,-0.020,0.688,-9.535,8.477,-6.520,0.424,0.448,1.087,1.326,2,NULL,NULL,,3,0,2,7,255,1237,250,0,0
stim,255152,285273,0,285273,3482584.455,-0.712,0.192,0.026,-0.674,2997,0,0,2921,0,1527,0,1440,46,1.028,1,2282,0,142.556,2.187,41.063,-134.563,-23.000,0.199,0.074,1.598,-2.180,-0.176,-2.918,0.380,0.436,1.087,1.326,2,NULL,NULL,,3,0,2,7,255,1237,250,0,0
stim,255152,285273,0,285273,3482589.453,-0.713,0.187,0.024,-0.675,3007,0,0,2957,0,1577,0,1464,46,1.028,1,2282,0,133.677,7.086,-45.438,-125.688,2.750,0.277,-0.238,2.086,-2.180,-6.742,4.352,0.338,0.420,1.087,1.326,2,NULL,NULL,,3,0,2,7,255,1237,250,0,0
stim,255152,285273,0,285273,3482594.455,-0.716,0.178,0.025,-0.675,3039,0,0,2997,0,1621,0,1495,46,1.028,1,2282,0,208.076,9.379,-168.625,-115.625,38.625,0.254,-0.492,1.637,-5.969,-7.234,4.352,0.300,0.396,1.087,1.326,2,NULL,NULL,,3,0,2,7,255,1237,250,0,0
stim,255152,285273,0,285273,3482599.453,-0.720,0.169,0.027,-0.673,3047,0,0,3029,0,1693,0,1511,46,1.028,1,2282,0,239.185,10.353,-203.063,-105.938,68.938,0.090,-0.805,0.785,-7.406,-7.234,3.688,0.272,0.360,1.087,1.326,2,NULL,NULL,,3,0,2,7,255,1237,250,0,0
stim,255194,285315,0,285315,3482604.455,-0.723,0.162,0.027,-0.671,3053,0,0,3047,0,1771,0,1557,46,1.028,1,2282,0,188.903,9.609,-136.250,-102.063,81.875,-0.145,-0.906,0.363,-8.977,-3.430,-4.160,0.248,0.316,1.087,1.326,2,NULL,NULL,,3,0,2,7,255,1237,250,0,0
stim,255194,285315,0,285315,3482609.455,-0.726,0.158,0.025,-0.669,3067,0,0,3069,0,1839,0,1603,46,1.028,1,2282,0,133.516,8.978,-43.813,-102.313,73.750,-0.266,-0.578,0.660,-8.977,-0.148,-4.160,0.230,0.274,1.087,1.326,2,NULL,NULL,,3,0,2,7,255,1237,250,0,0
stim,255194,285315,0,285315,3482614.455,-0.728,0.154,0.022,-0.668,3076,0,0,3083,0,1915,0,1643,46,1.028,1,2282,0,116.566,6.861,-16.688,-98.875,59.438,-0.234,0.012,1.160,-6.859,-0.148,-3.918,0.212,0.238,1.087,1.326,2,NULL,NULL,,3,0,2,7,255,1237,250,0,0
stim,255194,285315,0,285315,3482619.454,-0.730,0.150,0.020,-0.667,3077,0,0,3099,0,1991,0,1693,46,1.028,1,2282,0,114.211,1.988,-42.188,-94.500,48.313,-0.230,0.375,1.309,-1.855,-0.715,1.629,0.198,0.210,1.087,1.326,2,NULL,NULL,,3,0,2,7,255,1237,250,0,0
stim,255194,285315,0,285315,3482624.455,-0.731,0.145,0.019,-0.666,3087,0,0,3101,0,2057,0,1719,46,1.028,1,2282,0,124.336,0.719,-81.188,-90.688,25.375,-0.363,0.234,1.277,0.074,-0.715,3.383,0.192,0.198,1.087,1.326,2,NULL,NULL,,3,0,2,7,255,1237,250,0,0
stim,255194,285315,0,285315,3482629.453,-0.732,0.139,0.019,-0.667,3081,0,0,3101,0,2107,0,1749,46,1.028,1,2282,0,131.804,0.173,-98.938,-87.063,1.938,-0.215,-0.039,0.945,0.074,-0.156,3.383,0.194,0.188,1.087,1.326,2,NULL,NULL,,3,0,2,7,255,1237,250,0,0
stim,255194,285315,0,285315,3482634.455,-0.733,0.134,0.019,-0.667,3087,0,0,3103,18,2191,13,1869,46,1.028,1,2282,0,114.400,1.878,-75.938,-85.563,0.000,-0.113,-0.125,0.773,-1.871,-0.156,-0.480,0.198,0.176,1.087,1.326,2,NULL,NULL,,3,0,2,7,255,1237,250,0,0
stim,255194,285315,0,285315,3482639.453,-0.733,0.130,0.018,-0.667,3087,0,0,3111,171,2247,107,1951,46,1.028,1,2282,0,98.592,2.431,-52.563,-83.375,-2.500,-0.117,-0.098,1.004,-2.313,-0.750,-0.480,0.208,0.164,1.087,1.326,2,NULL,NULL,,3,0,2,7,255,1237,250,0,0
stim,255194,285315,0,285315,3482644.455,-0.732,0.127,0.017,-0.669,3089,0,0,3123,357,2291,108,2039,46,1.028,1,2282,0,68.999,2.560,-27.000,-57.500,-26.938,0.074,0.016,1.508,-2.313,-1.098,-0.160,0.218,0.152,1.087,1.326,2,NULL,NULL,,3,0,2,7,255,1237,250,0,0
stim,255194,285315,0,285315,3482649.453,-0.732,0.125,0.017,-0.670,3100,0,0,3121,567,2325,104,2103,46,1.028,1,2282,0,70.545,4.107,-50.000,-34.813,-35.563,0.309,0.211,1.234,-1.547,-3.805,1.633,0.230,0.142,1.087,1.326,2,NULL,NULL,,3,0,2,7,255,1237,250,0,0
stim,255229,285350,0,285350,3482654.455,-0.732,0.123,0.017,-0.670,3093,0,0,3119,731,2347,117,2147,46,1.028,1,2282,0,53.920,4.558,-35.625,-36.875,-16.688,0.305,0.656,1.008,0.918,-4.465,1.633,0.244,0.128,1.087,1.326,2,NULL,NULL,,3,0,2,7,255,1237,250,0,0
stim,255229,285350,0,285350,3482659.454,-0.732,0.121,0.017,-0.671,3097,0,0,3127,879,2386,121,2185,46,1.028,1,2282,0,37.871,4.940,-28.625,-24.750,-1.500,-0.078,0.375,1.313,2.113,-4.465,1.633,0.260,0.114,1.087,1.326,2,NULL,NULL,,3,0,2,7,255,1237,250,0,0
stim,255229,285350,0,285350,3482664.455,-0.731,0.118,0.019,-0.671,3101,0,0,3129,987,2397,138,2227,46,1.028,1,2282,0,88.940,2.624,-82.500,-19.625,-26.813,-0.453,0.020,1.328,2.113,-1.555,3.309,0.280,0.096,1.087,1.326,2,NULL,NULL,,3,0,2,7,255,1237,250,0,0
stim,255229,285350,1,285350,3482669.454,-0.730,0.114,0.022,-0.674,3097,0,0,3129,1117,2414,137,2265,46,1.028,1,2282,0,118.568,1.087,-94.313,-15.688,-70.125,-0.262,0.172,0.859,0.582,0.918,3.309,0.296,0.080,1.087,1.326,2,NULL,NULL,,3,1,2,7,255,1237,250,0,0
stim,255229,285350,1,285350,3482674.455,-0.728,0.112,0.023,-0.676,3095,0,0,3140,1193,2441,140,2296,46,1.028,1,2282,0,103.278,1.087,-53.813,-11.188,-87.438,0.031,0.152,0.859,0.582,0.918,-0.922,0.308,0.070,1.087,1.326,2,NULL,NULL,,3,1,2,7,255,1237,250,0,0
stim,255229,285350,1,285350,3482679.453,-0.726,0.110,0.024,-0.679,3098,1,0,3133,1266,2449,139,2329,46,1.028,1,2282,0,77.262,1.986,-37.313,-8.938,-67.063,0.156,0.082,1.078,0.582,-1.898,-0.922,0.316,0.064,1.087,1.326,2,NULL,NULL,,3,1,2,7,255,1237,250,0,0
stim,255251,285372,1,285372,3482684.455,-0.725,0.108,0.026,-0.680,3103,21,0,3141,1343,2463,148,2379,46,1.028,1,2282,0,69.584,2.192,-55.438,-6.813,-41.500,0.004,0.086,1.148,-0.043,-2.191,0.324,0.320,0.064,1.087,1.326,2,NULL,NULL,,3,1,2,7,255,1237,250,0,0
stim,255251,285372,1,285372,3482689.453,-0.724,0.106,0.028,-0.681,3101,43,0,3145,1423,2475,151,2387,46,1.028,1,2282,0,84.207,2.192,-75.000,-4.125,-38.063,-0.176,0.105,1.016,-0.043,-2.191,0.324,0.328,0.062,1.087,1.326,2,NULL,NULL,,3,1,2,7,255,1237,250,0,0
stim,255251,285372,1,285372,3482694.455,-0.723,0.103,0.030,-0.683,3103,57,0,3149,1517,2489,153,2411,46,1.028,1,2282,0,89.048,0.253,-67.938,-3.875,-57.438,-0.219,0.047,0.867,-0.133,-0.215,0.324,0.336,0.058,1.087,1.326,2,NULL,NULL,,3,1,2,7,255,1237,250,0,0
stim,255251,285372,1,285372,3482699.454,-0.721,0.101,0.031,-0.685,3111,76,0,3159,1574,2503,151,2427,46,1.028,1,2282,0,83.067,0.395,-43.063,-2.188,-71.000,-0.074,-0.016,0.871,-0.332,-0.215,-1.051,0.344,0.054,1.087,1.326,2,NULL,NULL,,3,1,2,7,255,1237,250,0,0
stim,255290,285411,1,285411,3482704.455,-0.719,0.100,0.032,-0.687,3108,95,0,3157,1607,2519,147,2445,46,1.028,1,2282,0,68.012,1.140,-29.375,-1.875,-61.313,0.031,0.004,0.992,-0.602,-0.969,-1.051,0.352,0.052,1.087,1.326,2,NULL,NULL,,3,1,2,7,255,1237,250,0,0
stim,255290,285411,1,285411,3482709.454,-0.718,0.099,0.033,-0.688,3111,107,0,3161,1637,2526,141,2459,46,1.028,1,2282,0,52.099,2.126,-34.188,0.000,-39.313,0.004,0.039,1.059,-0.602,-2.039,-0.352,0.356,0.048,1.087,1.326,2,NULL,NULL,,3,1,2,7,255,1237,250,0,0
stim,255290,285411,1,285411,3482714.455,-0.718,0.097,0.035,-0.689,3111,125,23,3166,1693,2538,141,2473,46,1.028,1,2282,0,48.864,2.063,-41.125,0.875,-26.375,-0.117,0.055,1.027,-0.313,-2.039,0.313,0.364,0.044,1.087,1.326,2,NULL,NULL,,3,1,2,7,255,1237,250,0,0
stim,255290,285411,1,285411,3482719.453,-0.717,0.096,0.036,-0.690,3113,143,45,3171,1739,2543,139,2485,46,1.028,1,2282,0,50.181,0.824,-39.500,0.875,-30.938,-0.195,0.074,0.977,-0.137,-0.813,0.313,0.370,0.040,1.087,1.326,2,NULL,NULL,,3,1,2,7,255,1237,250,0,0
stim,255290,285411,1,285411,3482724.455,-0.716,0.095,0.037,-0.691,3113,171,85,3173,1768,2551,137,2491,46,1.028,1,2282,0,50.794,0.399,-31.250,1.875,-40.000,-0.148,0.023,0.961,-0.137,-0.375,-0.027,0.378,0.032,1.087,1.326,2,NULL,NULL,,3,1,2,7,255,1237,250,0,0
stim,255290,285411,1,285411,3482729.453,-0.715,0.094,0.038,-0.692,3113,197,101,3175,1803,2553,139,2495,46,1.028,1,2282,0,44.258,0.517,-23.375,1.188,-37.563,-0.094,-0.031,0.992,-0.355,-0.375,-0.105,0.384,0.028,1.087,1.326,2,NULL,NULL,,3,1,2,7,255,1237,250,0,0
stim,255290,285411,1,285411,3482734.455,-0.714,0.093,0.039,-0.693,3115,219,133,3176,1830,2554,139,2502,46,1.028,1,2282,0,38.114,1.308,-22.188,1.813,-30.938,-0.090,-0.063,1.020,-0.848,-0.996,-0.105,0.388,0.020,1.087,1.326,2,NULL,NULL,,3,1,2,7,255,1237,250,0,0
stim,255290,285411,1,285411,3482739.453,-0.713,0.092,0.040,-0.694,3111,228,134,3175,1869,2565,140,2503,46,1.028,1,2282,0,32.886,1.578,-21.188,2.750,-25.000,-0.082,-0.125,0.980,-1.148,-1.082,-0.105,0.394,0.014,1.087,1.326,2,NULL,NULL,,3,1,2,7,255,1237,250,0,0
stim,255290,285411,1,285411,3482744.455,-0.713,0.091,0.040,-0.694,3117,225,183,3179,1883,2557,137,2513,46,1.028,1,2282,0,22.458,2.034,-18.000,2.188,-13.250,-0.102,-0.148,0.938,-1.723,-1.082,-0.297,0.398,0.006,1.087,1.326,2,NULL,NULL,,3,1,2,7,255,1237,250,0,0
stim,255290,285411,1,285411,3482749.454,-0.713,0.091,0.041,-0.694,3119,233,223,3178,1907,2555,139,2507,46,1.028,1,2282,0,14.897,2.043,-12.438,0.438,-8.188,-0.180,-0.141,0.934,-1.867,-0.828,-0.574,0.400,0.000,1.087,1.326,2,NULL,NULL,,3,1,2,7,255,1237,250,0,0
stim,255319,285440,1,285440,3482754.455,-0.712,0.090,0.041,-0.695,3115,231,265,3177,1915,2524,137,2505,46,1.028,1,2282,0,13.471,1.868,-8.813,0.188,-10.188,-0.211,-0.074,0.957,-1.867,-0.055,-0.574,0.000,0.000,1.087,1.326,2,NULL,NULL,,3,1,2,7,255,1237,250,0,0
stim,255319,285440,1,285440,3482759.454,-0.712,0.090,0.042,-0.695,3112,226,297,3177,1931,2567,133,2509,46,1.028,1,2282,0,14.703,1.212,-4.938,-1.000,-13.813,-0.188,-0.031,0.977,-1.211,-0.047,-0.250,0.000,0.000,1.087,1.326,2,NULL,NULL,,3,1,2,7,255,1237,250,0,0
stim,255319,285440,1,285440,3482764.455,-0.711,0.090,0.042,-0.696,3113,223,302,3177,1941,2568,125,2513,46,0.998,1,2282,1,15.196,0.954,-4.000,-1.688,-14.563,-0.137,-0.051,0.992,-0.953,-0.047,-0.070,0.000,0.000,1.085,1.302,2,NULL,NULL,,3,1,2,7,255,1237,250,0,0
stim,255319,285440,1,285440,3482769.454,-0.711,0.089,0.042,-0.696,3111,216,309,3174,1950,2568,107,2515,46,0.998,1,2282,1,7.991,1.103,-5.625,-2.000,-5.313,-0.121,-0.051,0.984,-0.953,-0.555,-0.070,0.006,0.006,1.085,1.302,2,NULL,NULL,,3,1,2,7,255,1237,250,0,0
stim,255349,285470,1,285470,3482774.455,-0.711,0.089,0.042,-0.696,3109,213,309,3165,1951,2565,91,2515,46,0.998,1,2282,1,5.045,1.103,-4.125,-2.750,-0.938,-0.168,-0.043,0.961,-0.953,-0.555,-0.129,0.012,0.012,1.085,1.302,2,NULL,NULL,,3,1,2,7,255,1237,250,0,0
stim,255349,285470,1,285470,3482779.453,-0.711,0.089,0.042,-0.696,3104,211,314,3163,1959,2565,89,2515,46,0.998,1,2282,1,6.024,0.871,0.313,-3.250,-5.063,-0.188,-0.035,0.953,-0.848,-0.199,-0.285,0.018,0.018,1.085,1.302,2,NULL,NULL,,3,1,2,7,255,1237,250,0,0
stim,255349,285470,1,285470,3482784.455,-0.711,0.089,0.042,-0.696,3103,206,324,3161,1965,2556,83,2515,46,0.998,1,2282,1,9.355,0.802,4.813,-3.688,-7.125,-0.145,-0.004,0.977,-0.777,-0.199,-0.285,0.024,0.022,1.085,1.302,2,NULL,NULL,,3,1,2,7,255,1237,250,0,0
stim,255349,285470,1,285470,3482789.454,-0.711,0.089,0.041,-0.696,3099,201,328,3155,1965,2553,67,2515,46,0.998,1,2282,1,7.196,0.652,5.250,-3.750,-3.188,-0.113,0.043,1.020,-0.465,-0.457,-0.148,0.028,0.026,1.085,1.302,2,NULL,NULL,,3,1,2,7,255,1237,250,0,0
stim,255349,285470,1,285470,3482794.455,-0.711,0.089,0.041,-0.696,3095,191,327,3151,1967,2553,69,2517,46,0.998,1,2282,1,4.264,0.459,2.438,-3.313,1.125,-0.152,0.051,1.012,-0.043,-0.457,0.219,0.032,0.030,1.085,1.302,2,NULL,NULL,,3,1,2,7,255,1237,250,0,0
stim,255349,285470,1,285470,3482799.454,-0.711,0.089,0.041,-0.696,3093,186,331,3144,1963,2549,67,2515,46,0.998,1,2282,1,3.714,0.413,1.938,-2.938,-1.188,-0.188,0.059,0.992,0.047,-0.410,0.219,0.036,0.034,1.085,1.302,2,NULL,NULL,,3,1,2,7,255,1237,250,0,0
stim,255402,285523,1,285523,3482804.455,-0.711,0.089,0.041,-0.697,3089,181,331,3140,1966,2549,63,2515,46,0.998,1,2282,1,7.492,0.187,4.063,-3.063,-5.500,-0.176,0.066,1.000,0.090,-0.164,0.133,0.040,0.036,1.085,1.302,2,NULL,NULL,,3,1,2,7,255,1237,250,0,0
stim,255402,285523,1,285523,3482809.454,-0.711,0.089,0.040,-0.697,3083,185,337,3133,1967,2548,70,2509,46,0.998,1,2282,1,7.879,0.232,4.375,-3.563,-5.500,-0.141,0.078,1.023,0.164,-0.164,0.133,0.042,0.036,1.085,1.302,2,NULL,NULL,,3,1,2,7,255,1237,250,0,0
stim,255402,285523,1,285523,3482814.455,-0.710,0.089,0.040,-0.697,3079,184,363,3128,1972,2543,72,2513,46,0.998,1,2282,1,5.109,0.591,2.438,-3.688,-2.563,-0.133,0.102,1.027,0.289,-0.516,0.309,0.044,0.038,1.085,1.302,2,NULL,NULL,,3,1,2,7,255,1237,250,0,0
stim,255402,285523,1,285523,3482819.453,-0.710,0.089,0.040,-0.697,3067,181,389,3119,1976,2541,74,2518,46,0.998,1,2282,1,3.931,0.740,1.000,-3.750,-0.625,-0.160,0.121,1.008,0.531,-0.516,0.309,0.044,0.038,1.085,1.302,2,NULL,NULL,,3,1,2,7,255,1237,250,0,0
stim,255402,285523,1,285523,3482824.455,-0.710,0.089,0.040,-0.697,3063,185,415,3113,1993,2539,84,2519,46,0.998,1,2282,1,4.597,0.744,1.063,-4.313,-1.188,-0.184,0.141,0.992,0.684,-0.293,0.227,0.046,0.038,1.085,1.302,2,NULL,NULL,,3,1,2,7,255,1237,250,0,0
stim,255402,285523,1,285523,3482829.454,-0.710,0.089,0.039,-0.697,3053,188,439,3107,2007,2539,98,2523,46,0.998,1,2282,1,5.894,0.888,0.813,-5.438,-2.125,-0.203,0.148,1.008,0.887,-0.039,0.227,0.046,0.038,1.085,1.302,2,NULL,NULL,,3,1,2,7,255,1237,250,0,0
stim,255402,285523,1,285523,3482834.455,-0.710,0.089,0.039,-0.697,3045,199,474,3098,2019,2537,103,2533,46,0.998,1,2282,1,8.252,0.951,-1.125,-6.563,-4.875,-0.211,0.168,1.023,0.941,0.133,0.309,0.046,0.038,1.085,1.302,2,NULL,NULL,,3,1,2,7,255,1237,250,0,0
stim,255402,285523,1,285523,3482839.454,-0.710,0.088,0.039,-0.697,3035,206,537,3091,2037,2537,112,2533,46,0.998,1,2282,1,11.294,1.152,-3.188,-7.375,-7.938,-0.172,0.172,1.020,1.145,0.133,0.375,0.046,0.038,1.085,1.302,2,NULL,NULL,,3,1,2,7,255,1237,250,0,0
stim,255402,285523,1,285523,3482844.455,-0.710,0.088,0.039,-0.698,3028,219,597,3087,2063,2539,122,2541,46,0.998,1,2282,1,10.886,1.160,-4.563,-7.500,-6.438,-0.125,0.125,1.020,1.145,-0.188,0.375,0.044,0.036,1.085,1.302,2,NULL,NULL,,3,1,2,7,255,1237,250,0,0
stim,255402,285523,1,285523,3482849.453,-0.710,0.088,0.039,-0.698,3019,231,629,3081,2077,2537,142,2543,46,0.998,1,2282,1,9.977,0.963,-6.375,-7.625,-0.875,-0.125,0.086,1.012,0.742,-0.613,0.289,0.044,0.032,1.085,1.302,2,NULL,NULL,,3,1,2,7,255,1237,250,0,0
stim,255402,285523,1,285523,3482854.455,-0.710,0.087,0.039,-0.698,3007,237,667,3065,2105,2537,185,2550,46,0.998,1,2282,1,10.447,0.719,-7.063,-7.563,1.438,-0.152,0.082,0.988,0.375,-0.613,0.172,0.040,0.030,1.085,1.302,2,NULL,NULL,,3,1,2,7,255,1237,250,0,0
stim,255402,285523,1,285523,3482859.454,-0.710,0.087,0.039,-0.698,2999,242,721,3064,2140,2537,232,2558,46,0.998,1,2282,1,9.924,0.451,-6.250,-7.688,-0.563,-0.176,0.070,0.977,0.340,-0.297,0.004,0.040,0.026,1.085,1.302,2,NULL,NULL,,3,1,2,7,255,1237,250,0,0
stim,255431,285552,1,285552,3482864.455,-0.710,0.086,0.038,-0.698,2985,249,747,3052,2169,2537,279,2573,46,0.998,1,2282,1,9.900,0.220,-4.688,-8.188,-3.000,-0.176,0.047,0.965,0.211,-0.063,-0.086,0.038,0.022,1.085,1.302,2,NULL,NULL,,3,1,2,7,255,1237,250,0,0
stim,255431,285552,1,285552,3482869.454,-0.710,0.086,0.038,-0.698,2973,253,807,3048,2207,2537,299,2587,46,0.998,1,2282,1,10.220,0.095,-3.063,-9.000,-3.750,-0.180,0.055,0.969,0.090,-0.031,-0.156,0.036,0.018,1.085,1.302,2,NULL,NULL,,3,1,2,7,255,1237,250,0,0
stim,255431,285552,1,285552,3482874.455,-0.710,0.086,0.038,-0.698,2963,263,863,3037,2239,2537,340,2600,46,0.998,1,2282,1,11.312,0.091,-2.250,-9.625,-5.500,-0.184,0.078,0.988,0.090,0.012,-0.156,0.036,0.016,1.085,1.302,2,NULL,NULL,,3,1,2,7,255,1237,250,0,0
stim,255431,285552,1,285552,3482879.454,-0.710,0.085,0.038,-0.698,2951,278,949,3032,2275,2540,365,2615,46,0.998,1,2282,1,12.942,0.297,-2.688,-9.813,-8.000,-0.180,0.086,1.000,0.297,0.012,0.070,0.036,0.012,1.085,1.302,2,NULL,NULL,,3,1,2,7,255,1237,250,0,0
stim,255431,285552,1,285552,3482884.455,-0.709,0.085,0.038,-0.699,2933,283,1042,3020,2309,2543,423,2630,46,0.998,1,2282,1,14.513,0.336,-4.063,-10.250,-9.438,-0.180,0.082,1.000,0.336,-0.016,0.152,0.036,0.010,1.085,1.302,2,NULL,NULL,,3,1,2,7,255,1237,250,0,0
stim,255431,285552,1,285552,3482889.453,-0.709,0.084,0.037,-0.699,2921,311,1133,3007,2341,2548,463,2643,46,0.998,1,2282,1,16.547,0.336,-6.313,-10.563,-11.063,-0.199,0.043,0.980,0.336,-0.016,0.152,0.038,0.006,1.085,1.302,2,NULL,NULL,,3,1,2,7,255,1237,250,0,0
stim,255464,285585,1,285585,3482894.455,-0.709,0.084,0.037,-0.700,2903,327,1215,2999,2380,2547,534,2654,46,0.998,1,2282,1,19.769,0.209,-7.375,-11.313,-14.438,-0.207,0.012,0.965,-0.051,0.203,-0.004,0.038,0.004,1.085,1.302,2,NULL,NULL,,3,1,2,7,255,1237,250,0,0
stim,255464,285585,1,285585,3482899.453,-0.708,0.083,0.037,-0.700,2888,339,1287,2987,2409,2551,623,2666,46,0.998,1,2282,1,23.515,0.461,-7.000,-12.250,-18.813,-0.219,0.004,0.961,-0.324,0.328,-0.145,0.038,0.002,1.085,1.302,2,NULL,NULL,,3,1,2,7,255,1237,250,0,0
stim,255498,285620,1,285620,3482904.455,-0.707,0.083,0.037,-0.701,2871,355,1356,2975,2438,2552,713,2676,46,0.998,1,2282,1,28.716,0.461,-5.688,-12.813,-25.063,-0.172,0.035,0.984,-0.324,0.328,-0.145,0.040,0.002,1.085,1.302,2,NULL,NULL,,3,1,2,7,255,1237,250,0,0
stim,255498,285620,1,285620,3482909.454,-0.707,0.082,0.037,-0.702,2855,360,1455,2957,2461,2555,815,2685,46,0.998,1,2282,1,28.816,0.208,-7.875,-13.313,-24.313,-0.133,0.023,1.008,-0.203,-0.043,-0.020,0.040,0.002,1.085,1.302,2,NULL,NULL,,3,1,2,7,255,1237,250,0,0
stim,255498,285620,1,285620,3482914.455,-0.706,0.081,0.037,-0.702,2829,379,1546,2952,2487,2557,910,2699,46,0.998,1,2282,1,27.085,0.497,-12.438,-13.375,-20.000,-0.113,-0.012,1.004,-0.203,-0.453,0.051,0.040,0.002,1.085,1.302,2,NULL,NULL,,3,1,2,7,255,1237,250,0,0
stim,255498,285620,0,285620,3482919.454,-0.706,0.080,0.037,-0.703,2809,399,1627,2937,2513,2568,988,2711,46,0.998,1,2282,1,27.112,0.692,-16.250,-12.750,-17.563,-0.121,-0.035,0.969,-0.523,-0.453,0.051,0.042,0.004,1.085,1.302,2,NULL,NULL,,3,0,2,7,255,1231,250,0,0
stim,255498,285620,0,285620,3482924.455,-0.705,0.079,0.037,-0.703,2791,420,1691,2920,2535,2568,1079,2720,46,0.998,1,2282,1,26.180,0.844,-14.438,-13.313,-17.313,-0.145,-0.055,0.938,-0.715,-0.449,-0.270,0.042,0.006,1.085,1.302,2,NULL,NULL,,3,0,2,7,255,1231,250,0,0
stim,255498,285620,0,285620,3482929.453,-0.705,0.078,0.037,-0.704,2777,431,1783,2907,2555,2573,1167,2733,46,0.998,1,2282,1,25.145,0.736,-8.500,-13.938,-19.125,-0.164,-0.035,0.930,-0.715,-0.176,-0.535,0.044,0.008,1.085,1.302,2,NULL,NULL,,3,0,2,7,255,1231,250,0,0
stim,255499,285620,0,285620,3482934.455,-0.704,0.077,0.037,-0.705,2757,441,1839,2895,2584,2575,1267,2743,46,0.998,1,2282,1,24.975,0.687,0.000,-16.063,-19.125,-0.133,0.020,0.965,-0.664,-0.176,-0.535,0.046,0.008,1.085,1.302,2,NULL,NULL,,3,0,2,7,255,1231,250,0,0
stim,255499,285620,0,285620,3482939.453,-0.704,0.077,0.036,-0.705,2730,445,1891,2878,2603,2578,1339,2750,46,0.998,1,2282,1,20.318,0.348,0.063,-16.750,-11.500,-0.078,0.039,1.012,-0.168,-0.305,-0.262,0.046,0.010,1.085,1.302,2,NULL,NULL,,3,0,2,7,255,1231,250,0,0
stim,255499,285620,0,285620,3482944.455,-0.704,0.076,0.036,-0.705,2705,481,1937,2861,2627,2582,1435,2776,46,0.998,1,2282,1,18.399,0.308,-3.188,-14.813,-10.438,-0.141,0.063,1.016,0.047,-0.305,0.102,0.048,0.010,1.085,1.302,2,NULL,NULL,,3,0,2,7,255,1231,250,0,0
stim,255499,285620,0,285620,3482949.454,-0.703,0.076,0.036,-0.706,2668,503,2004,2845,2644,2584,1507,2779,46,0.998,1,2282,1,21.269,0.326,-7.063,-15.438,-12.813,-0.148,0.051,1.008,0.172,-0.277,0.195,0.050,0.010,1.085,1.302,2,NULL,NULL,,3,0,2,7,255,1231,250,0,0
stim,255530,285651,0,285651,3482954.455,-0.703,0.075,0.035,-0.706,2633,520,2073,2822,2660,2587,1595,2796,46,0.998,1,2282,1,22.132,0.249,-5.875,-15.938,-14.188,-0.156,0.000,0.977,0.172,-0.180,0.195,0.050,0.010,1.085,1.302,2,NULL,NULL,,3,0,2,7,255,1231,250,0,0
stim,255530,285651,0,285651,3482959.454,-0.703,0.074,0.035,-0.707,2587,523,2135,2804,2695,2595,1671,2811,46,0.998,1,2282,1,21.649,0.180,-2.188,-17.125,-13.063,-0.141,0.035,0.984,0.000,-0.180,-0.051,0.052,0.010,1.085,1.302,2,NULL,NULL,,3,0,2,7,255,1231,250,0,0
stim,255530,285651,0,285651,3482964.455,-0.702,0.074,0.034,-0.707,2551,534,2215,2789,2709,2591,1754,2814,46,0.998,1,2282,1,22.961,0.035,-1.063,-17.188,-15.188,-0.172,0.066,1.000,0.000,-0.035,-0.051,0.052,0.008,1.085,1.302,2,NULL,NULL,,3,0,2,7,255,1231,250,0,0
stim,255530,285651,0,285651,3482969.453,-0.702,0.073,0.034,-0.708,2504,535,2257,2763,2719,2595,1807,2829,46,0.998,1,2282,1,25.991,0.172,-2.875,-17.500,-19.000,-0.164,0.051,1.016,0.172,-0.004,0.152,0.054,0.008,1.085,1.302,2,NULL,NULL,,3,0,2,7,255,1231,250,0,0
stim,255530,285651,0,285651,3482974.455,-0.701,0.072,0.034,-0.709,2454,544,2301,2737,2733,2603,1903,2835,46,0.998,1,2282,1,28.078,0.172,-5.813,-18.000,-20.750,-0.125,0.004,1.020,0.172,-0.004,0.230,0.056,0.008,1.085,1.302,2,NULL,NULL,,3,0,2,7,255,1231,250,0,0
stim,255530,285651,0,285651,3482979.453,-0.701,0.071,0.033,-0.709,2399,551,2344,2709,2759,2597,1971,2841,46,0.998,1,2282,1,26.590,0.457,-8.875,-18.125,-17.313,-0.113,-0.031,1.008,-0.301,-0.344,0.230,0.058,0.008,1.085,1.302,2,NULL,NULL,,3,0,2,7,255,1231,250,0,0
stim,255550,285671,0,285671,3482984.455,-0.700,0.070,0.033,-0.710,2347,557,2392,2665,2766,2599,2029,2871,46,0.998,1,2282,1,25.962,0.639,-10.000,-18.375,-15.375,-0.141,-0.027,1.004,-0.539,-0.344,0.105,0.058,0.008,1.085,1.302,2,NULL,NULL,,3,0,2,7,255,1231,250,0,0
stim,255550,285671,0,285671,3482989.454,-0.700,0.069,0.033,-0.710,2281,563,2449,2637,2783,2607,2085,2861,46,0.998,1,2282,1,28.445,0.557,-12.563,-18.750,-17.313,-0.160,-0.004,1.016,-0.539,-0.141,0.105,0.060,0.008,1.085,1.302,2,NULL,NULL,,3,0,2,7,255,1231,250,0,0
stim,255550,285671,0,285671,3482994.455,-0.699,0.068,0.033,-0.711,2201,563,2476,2597,2803,2601,2144,2874,46,0.998,1,2282,1,33.085,0.325,-17.375,-19.563,-20.250,-0.152,0.004,1.039,-0.324,-0.027,0.262,0.060,0.008,1.085,1.302,2,NULL,NULL,,3,0,2,7,255,1231,250,0,0
stim,255550,285671,0,285671,3482999.454,-0.699,0.067,0.033,-0.712,2136,555,2508,2539,2812,2601,2189,2935,46,0.998,1,2282,1,38.692,0.283,-24.625,-19.750,-22.375,-0.148,-0.004,1.047,-0.281,-0.027,0.469,0.060,0.008,1.085,1.302,2,NULL,NULL,,3,0,2,7,255,1231,250,0,0
stim,255599,285720,0,285720,3483004.455,-0.698,0.065,0.034,-0.712,2029,550,2539,2486,2835,2601,2251,2901,46,0.998,1,2282,1,42.300,0.246,-28.563,-19.938,-24.000,-0.145,0.035,1.016,-0.234,-0.074,0.469,0.060,0.010,1.085,1.302,2,NULL,NULL,,3,0,2,7,255,1231,250,0,0
stim,255599,285720,0,285720,3483009.454,-0.697,0.064,0.034,-0.713,1944,537,2573,2423,2845,2601,2283,2900,46,0.998,1,2282,1,42.085,0.162,-26.188,-20.313,-25.938,-0.117,0.066,0.977,0.145,-0.074,0.254,0.062,0.010,1.085,1.302,2,NULL,NULL,,3,0,2,7,255,1231,250,0,0
stim,255599,285720,0,285720,3483014.455,-0.697,0.062,0.034,-0.714,1851,517,2605,2342,2857,2601,2334,2915,46,0.998,1,2282,1,36.731,0.287,-18.938,-21.813,-22.688,-0.098,0.031,0.980,0.148,-0.246,-0.160,0.062,0.010,1.085,1.302,2,NULL,NULL,,3,0,2,7,255,1231,250,0,0
stim,255599,285720,0,285720,3483019.453,-0.696,0.061,0.034,-0.714,1704,483,2623,2283,2873,2613,2381,2919,46,0.998,1,2282,1,32.948,0.287,-14.500,-23.188,-18.375,-0.141,-0.031,1.031,0.148,-0.246,-0.160,0.062,0.010,1.085,1.302,2,NULL,NULL,,3,0,2,7,255,1231,250,0,0
stim,255599,285720,0,285720,3483024.455,-0.696,0.060,0.034,-0.715,1577,441,2649,2199,2879,2603,2427,2927,46,0.998,1,2282,1,37.724,0.476,-19.625,-22.813,-22.750,-0.168,-0.051,1.070,-0.473,-0.059,0.371,0.064,0.012,1.085,1.302,2,NULL,NULL,,3,0,2,7,255,1231,250,0,0
stim,255599,285720,0,285720,3483029.454,-0.695,0.058,0.034,-0.716,1397,421,2679,2063,2899,2600,2459,2922,46,0.998,1,2282,1,44.063,0.476,-26.625,-22.813,-26.688,-0.105,0.000,1.031,-0.473,-0.059,0.371,0.066,0.014,1.085,1.302,2,NULL,NULL,,3,0,2,7,255,1231,250,0,0
stim,255599,285720,0,285720,3483034.455,-0.695,0.056,0.034,-0.716,1251,361,2701,1913,2913,2592,2495,2935,46,0.998,1,2282,1,42.378,0.362,-27.438,-24.375,-21.188,-0.090,0.043,1.027,-0.102,-0.348,0.359,0.068,0.016,1.085,1.302,2,NULL,NULL,,3,0,2,7,255,1231,250,0,0
stim,255599,285720,0,285720,3483039.453,-0.694,0.055,0.034,-0.717,1075,332,2728,1769,2918,2568,2524,2939,46,0.998,1,2282,1,41.620,0.413,-26.313,-23.750,-21.813,-0.172,0.027,1.039,0.223,-0.348,0.359,0.068,0.016,1.085,1.302,2,NULL,NULL,,3,0,2,7,255,1231,250,0,0
stim,255599,285720,0,285720,3483044.455,-0.693,0.053,0.034,-0.718,914,288,2758,1599,2934,2588,2579,2962,46,0.998,1,2282,1,47.233,0.389,-29.250,-25.688,-26.750,-0.160,0.051,1.055,0.332,0.203,0.496,0.070,0.018,1.085,1.302,2,NULL,NULL,,3,0,2,7,255,1231,250,0,0
stim,255599,285720,0,285720,3483049.453,-0.693,0.051,0.034,-0.719,687,261,2775,1427,2939,2580,2607,2956,46,0.998,1,2282,1,47.112,0.532,-27.063,-28.250,-26.250,-0.152,0.070,1.043,0.492,0.203,0.496,0.070,0.018,1.085,1.302,2,NULL,NULL,,3,0,2,7,255,1231,250,0,0
stim,255618,285739,0,285739,3483054.455,-0.692,0.050,0.034,-0.720,523,213,2792,1210,2959,2569,2636,2959,46,0.998,1,2282,1,50.381,0.532,-27.250,-27.563,-32.188,-0.184,0.039,1.066,0.492,0.203,0.617,0.072,0.018,1.085,1.302,2,NULL,NULL,,3,0,2,7,255,1231,250,0,0
stim,255618,285739,0,285739,3483059.454,-0.691,0.048,0.034,-0.721,338,167,2815,1006,2967,2557,2665,2966,46,0.998,1,2282,1,55.455,0.473,-26.313,-30.250,-38.313,-0.156,0.027,1.086,0.426,0.207,0.770,0.072,0.018,1.085,1.302,2,NULL,NULL,,3,0,2,7,255,1231,250,0,0
stim,255618,285739,0,285739,3483064.455,-0.690,0.046,0.034,-0.722,167,89,2831,787,2980,2544,2686,2981,46,0.998,1,2282,1,59.969,0.411,-31.938,-31.563,-39.750,-0.121,0.023,1.090,0.355,0.207,0.930,0.072,0.018,1.085,1.302,2,NULL,NULL,,3,0,2,7,255,1231,250,0,0
stim,255618,285739,0,285739,3483069.454,-0.688,0.044,0.034,-0.723,89,62,2856,586,2995,2527,2713,2981,46,0.998,1,2282,1,59.733,0.362,-32.250,-32.188,-38.625,-0.133,0.027,1.059,0.355,0.070,0.930,0.072,0.018,1.085,1.302,2,NULL,NULL,,3,0,2,7,255,1231,250,0,0
stim,255642,285763,0,285763,3483074.455,-0.687,0.042,0.034,-0.724,24,31,2862,349,2991,2505,2733,2997,46,0.998,1,2282,1,64.035,0.385,-27.625,-36.688,-44.625,-0.133,0.055,1.047,0.379,0.070,0.625,0.070,0.018,1.085,1.302,2,NULL,NULL,,3,0,2,7,255,1231,250,0,0
stim,255642,285763,0,285763,3483079.453,-0.686,0.040,0.033,-0.726,7,0,2878,171,3005,2479,2764,2985,46,0.998,1,2282,1,65.800,0.695,-22.000,-39.188,-48.063,-0.090,0.063,1.031,0.691,0.070,0.523,0.070,0.018,1.085,1.302,2,NULL,NULL,,3,0,2,7,255,1231,250,0,0
stim,255642,285763,0,285763,3483084.455,-0.684,0.038,0.033,-0.728,0,0,2879,106,3021,2453,2787,2987,46,0.998,1,2282,1,69.769,0.695,-12.375,-43.500,-53.125,-0.113,0.008,0.980,0.691,0.066,0.320,0.070,0.018,1.085,1.302,2,NULL,NULL,,3,0,2,7,255,1231,250,0,0
stim,255642,285763,0,285763,3483089.453,-0.683,0.037,0.031,-0.729,0,0,2895,75,3021,2419,2799,2997,46,0.998,1,2282,1,63.379,0.255,16.375,-48.688,-37.125,-0.238,-0.074,1.109,0.246,0.066,0.320,0.068,0.020,1.085,1.302,2,NULL,NULL,,3,0,2,7,255,1231,250,0,0
stim,255642,285763,0,285763,3483094.455,-0.682,0.036,0.029,-0.730,0,0,2905,43,3029,2391,2827,2991,46,0.998,1,2282,0,72.279,1.313,24.500,-58.188,-35.188,-0.406,-0.180,1.305,-0.457,1.230,1.250,0.066,0.022,1.085,1.302,3,NULL,NULL,,3,0,2,7,255,1231,250,0,0
stim,255642,285763,0,285763,3483099.454,-0.681,0.035,0.026,-0.731,0,0,2911,0,3037,2357,2851,2991,46,0.998,1,2282,0,88.505,2.754,34.063,-65.313,-49.063,-0.395,-0.137,1.500,-0.938,2.590,3.320,0.066,0.026,1.085,1.302,3,NULL,NULL,,3,0,2,7,255,1231,250,0,0
stim,255674,285795,0,285795,3483104.455,-0.679,0.033,0.023,-0.733,0,0,2916,0,3043,2321,2859,3015,46,0.998,1,2282,0,86.569,2.754,24.750,-73.250,-38.938,-0.254,0.000,1.609,-0.938,2.590,5.199,0.066,0.028,1.085,1.302,3,NULL,NULL,,3,0,2,7,255,1231,250,0,0
stim,255674,285795,0,285795,3483109.454,-0.679,0.030,0.021,-0.733,0,0,2929,0,3049,2277,2875,3005,46,0.998,1,2282,0,85.276,1.155,-31.250,-75.938,-23.000,-0.008,0.109,1.414,0.309,1.113,5.199,0.066,0.030,1.085,1.302,3,NULL,NULL,,3,0,2,7,255,1231,250,0,0
stim,255674,285795,0,285795,3483114.455,-0.679,0.026,0.021,-0.733,0,0,2923,0,3063,2220,2892,2996,46,0.998,1,2282,0,94.964,0.450,-58.250,-74.938,-3.063,-0.043,-0.027,1.039,0.309,-0.328,3.992,0.066,0.032,1.085,1.302,3,NULL,NULL,,3,0,2,7,255,1231,250,0,0
stim,255674,285795,0,285795,3483119.453,-0.680,0.022,0.020,-0.733,0,0,2923,0,3059,2148,2901,2991,46,0.998,1,2282,0,88.930,0.347,-23.938,-83.250,20.125,-0.199,-0.063,0.938,-0.113,-0.328,0.371,0.066,0.036,1.085,1.302,3,NULL,NULL,,3,0,2,7,255,1231,250,0,0
stim,255674,285795,0,285795,3483124.455,-0.681,0.020,0.017,-0.732,0,0,2919,0,3063,2069,2915,2991,46,0.998,1,2282,0,91.709,1.403,9.063,-89.813,16.188,-0.328,-0.105,1.043,-0.332,1.363,0.371,0.062,0.042,1.085,1.302,3,NULL,NULL,,3,0,2,7,255,1231,250,0,0
stim,255674,285795,0,285795,3483129.453,-0.680,0.018,0.014,-0.732,0,0,2919,0,3080,1946,2927,2999,46,0.998,1,2282,0,95.607,2.379,15.688,-93.813,-9.688,-0.285,-0.160,1.156,-0.648,2.289,0.574,0.056,0.048,1.085,1.302,3,NULL,NULL,,3,0,2,7,255,1231,250,0,0
stim,255701,285822,0,285822,3483134.455,-0.680,0.015,0.011,-0.733,0,0,2909,0,3068,1834,2930,2991,46,0.998,1,2282,0,99.504,2.577,12.438,-97.625,-14.688,-0.207,-0.203,1.215,-1.184,2.289,1.660,0.050,0.054,1.085,1.302,3,NULL,NULL,,3,0,2,7,255,1231,250,0,0
stim,255701,285822,0,285822,3483139.454,-0.680,0.012,0.008,-0.733,0,0,2909,0,3081,1726,2952,2990,46,0.998,1,2282,0,102.117,2.014,3.000,-101.313,-12.438,-0.094,-0.133,1.191,-1.184,1.629,1.922,0.046,0.058,1.085,1.302,3,NULL,NULL,,3,0,2,7,255,1231,250,0,0
stim,255701,285822,0,285822,3483144.455,-0.680,0.008,0.005,-0.733,0,0,2893,0,3087,1568,2951,2995,46,0.998,1,2282,0,105.034,1.440,0.125,-104.813,6.813,-0.121,-0.137,1.125,-1.051,0.984,1.922,0.042,0.062,1.085,1.302,3,NULL,NULL,,3,0,2,7,255,1231,250,0,0
stim,255701,285822,0,285822,3483149.454,-0.681,0.005,0.001,-0.733,0,0,2872,0,3083,1416,2957,2983,46,0.998,1,2282,0,110.515,1.428,10.563,-109.625,9.188,-0.152,-0.031,1.113,-1.035,0.984,1.281,0.038,0.068,1.085,1.302,3,NULL,NULL,,3,0,2,7,255,1231,250,0,0
stim,255701,285822,0,285822,3483154.455,-0.681,0.002,-0.002,-0.733,0,0,2859,0,3089,1224,2965,2981,46,0.998,1,2282,0,113.380,1.328,8.438,-113.063,0.875,-0.164,-0.035,1.121,-0.023,1.328,1.195,0.032,0.074,1.085,1.302,3,NULL,NULL,,3,0,2,7,255,1231,250,0,0
stim,255701,285822,0,285822,3483159.454,-0.681,-0.001,-0.006,-0.732,0,0,2841,0,3095,1031,2979,2975,46,0.998,1,2282,0,120.269,1.465,20.500,-118.438,4.125,-0.145,-0.023,1.168,-0.016,1.465,1.195,0.026,0.082,1.085,1.302,3,NULL,NULL,,3,0,2,7,255,1231,250,0,0
stim,255731,285852,0,285852,3483164.455,-0.681,-0.004,-0.010,-0.732,0,0,2821,0,3087,794,2979,2975,46,0.998,1,2282,0,124.202,1.467,16.750,-123.063,-1.063,-0.082,0.070,1.223,0.082,1.465,1.625,0.022,0.088,1.085,1.302,3,NULL,NULL,,3,0,2,7,255,1231,250,0,0
stim,255731,285852,0,285852,3483169.453,-0.681,-0.008,-0.015,-0.732,0,0,2797,0,3094,601,2995,2965,46,0.998,1,2282,0,127.423,1.623,11.000,-126.938,1.563,-0.125,0.043,1.191,0.699,1.465,1.824,0.022,0.096,1.085,1.302,3,NULL,NULL,,3,0,2,7,255,1231,250,0,0
stim,255731,285852,0,285852,3483174.455,-0.681,-0.011,-0.019,-0.732,0,0,2762,0,3093,476,2991,2941,46,0.998,1,2282,0,134.911,1.751,20.875,-133.188,5.125,-0.137,0.121,1.254,0.922,1.488,2.117,0.024,0.102,1.085,1.302,3,NULL,NULL,,3,0,2,7,255,1231,250,0,0
stim,255731,285852,0,285852,3483179.454,-0.681,-0.015,-0.024,-0.731,0,0,2708,0,3091,285,2991,2925,46,0.998,1,2282,0,139.555,2.235,17.625,-138.438,0.250,-0.141,0.180,1.277,1.461,1.691,2.379,0.026,0.108,1.085,1.302,3,NULL,NULL,,3,0,2,7,255,1231,250,0,0
stim,255731,285852,0,285852,3483184.455,-0.681,-0.019,-0.029,-0.731,0,0,2659,0,3092,133,2995,2909,46,0.998,1,2282,0,145.601,2.705,16.375,-144.625,-3.875,-0.121,0.199,1.301,2.004,1.816,2.594,0.030,0.116,1.085,1.302,3,NULL,NULL,,3,0,2,7,255,1231,250,0,0
stim,255731,285852,0,285852,3483189.454,-0.681,-0.023,-0.034,-0.731,0,0,2627,0,3097,61,3013,2888,46,0.998,1,2282,0,150.781,2.852,11.750,-150.188,-6.375,-0.078,0.285,1.387,2.199,1.816,2.789,0.036,0.124,1.085,1.302,3,NULL,NULL,,3,0,2,7,255,1231,250,0,0
stim,255761,285882,0,285882,3483194.455,-0.681,-0.028,-0.038,-0.731,0,0,2555,0,3087,19,2999,2861,46,0.998,1,2282,0,155.204,3.383,-3.688,-155.063,-5.500,-0.059,0.336,1.469,2.992,1.578,3.637,0.040,0.134,1.085,1.302,3,NULL,NULL,,3,0,2,7,255,1231,250,0,0
stim,255761,285882,0,285882,3483199.453,-0.681,-0.034,-0.042,-0.731,0,0,2502,0,3081,0,3001,2813,46,0.998,1,2282,0,162.137,3.761,-16.938,-161.250,-0.250,-0.125,0.313,1.547,3.414,1.578,4.430,0.046,0.142,1.085,1.302,3,NULL,NULL,,3,0,2,7,255,1231,250,0,0
stim,255791,285913,0,285913,3483204.455,-0.680,-0.040,-0.046,-0.730,0,0,2423,0,3069,0,3002,2777,46,0.998,1,2282,0,172.522,4.252,-31.125,-169.688,1.125,-0.176,0.258,1.582,3.414,2.535,5.074,0.050,0.150,1.085,1.302,3,NULL,NULL,,3,0,2,7,255,1231,250,0,0
stim,255791,285913,0,285913,3483209.454,-0.680,-0.047,-0.051,-0.730,0,0,2334,0,3063,0,2997,2739,46,0.998,1,2282,0,183.161,4.449,-24.625,-181.063,12.563,-0.215,0.195,1.762,2.957,3.324,5.324,0.054,0.158,1.085,1.302,3,NULL,NULL,,3,0,2,7,255,1231,250,0,0
stim,255791,285913,0,285913,3483214.455,-0.681,-0.054,-0.056,-0.728,0,0,2247,0,3054,0,2991,2679,46,0.998,1,2282,0,204.116,5.149,-31.563,-198.000,38.250,-0.305,0.230,1.957,2.957,4.215,6.949,0.056,0.166,1.085,1.302,3,NULL,NULL,,3,0,2,7,255,1231,250,0,0
stim,255792,285913,0,285913,3483219.454,-0.682,-0.062,-0.060,-0.726,0,0,2140,0,3047,0,2984,2629,46,0.998,1,2282,0,224.778,6.403,-55.750,-213.250,44.063,-0.391,0.340,2.020,3.016,5.648,8.629,0.060,0.174,1.085,1.302,3,NULL,NULL,,3,0,2,7,255,1231,250,0,0
stim,255792,285913,0,285913,3483224.455,-0.683,-0.072,-0.064,-0.724,0,0,1997,0,3041,12,2981,2552,46,0.998,1,2282,0,248.208,8.065,-80.875,-230.500,44.000,-0.461,0.379,1.883,4.242,6.859,8.629,0.064,0.184,1.085,1.302,3,NULL,NULL,,3,0,2,7,255,1231,250,0,0
stim,255792,285913,0,285913,3483229.454,-0.684,-0.083,-0.069,-0.722,0,0,1881,0,3021,61,2958,2471,46,0.998,1,2282,0,265.838,8.954,-86.750,-248.250,38.938,-0.457,0.383,1.777,4.738,7.598,7.285,0.070,0.194,1.085,1.302,3,NULL,NULL,,3,0,2,7,255,1231,250,0,0
stim,255811,285932,0,285932,3483234.455,-0.684,-0.093,-0.074,-0.720,0,0,1773,0,3005,75,2937,2357,46,0.998,1,2282,0,277.164,9.060,-68.375,-266.438,34.000,-0.422,0.332,1.863,4.738,7.723,6.785,0.080,0.206,1.085,1.302,3,NULL,NULL,,3,0,2,7,255,1231,250,0,0
stim,255811,285932,0,285932,3483239.453,-0.684,-0.104,-0.081,-0.718,0,0,1676,0,2973,81,2910,2237,46,0.998,1,2282,0,293.952,9.350,-64.313,-284.625,35.500,-0.457,0.383,2.137,4.871,7.980,6.785,0.092,0.220,1.085,1.302,3,NULL,NULL,,3,0,2,7,255,1231,250,0,0
stim,255811,285932,0,285932,3483244.455,-0.684,-0.116,-0.087,-0.715,0,0,1582,0,2955,82,2887,2129,46,0.998,1,2282,0,313.615,10.791,-83.500,-300.563,32.313,-0.598,0.508,2.328,5.309,9.395,9.020,0.106,0.236,1.085,1.302,3,NULL,NULL,,3,0,2,7,255,1231,250,0,0
stim,255811,285932,0,285932,3483249.453,-0.683,-0.129,-0.093,-0.713,0,0,1485,0,2907,86,2829,1993,46,0.998,1,2282,0,334.554,13.543,-96.688,-319.750,18.375,-0.684,0.648,2.531,6.902,11.652,10.047,0.124,0.254,1.085,1.302,3,NULL,NULL,,3,0,2,7,255,1231,250,0,0
stim,255811,285932,0,285932,3483254.455,-0.681,-0.143,-0.099,-0.711,0,0,1417,0,2856,75,2770,1880,46,0.998,1,2282,0,357.897,16.081,-122.688,-336.188,-4.000,-0.629,0.668,2.598,8.672,13.543,11.160,0.150,0.280,1.085,1.302,3,NULL,NULL,,3,0,2,7,255,1231,250,0,0
stim,255811,285932,0,285932,3483259.454,-0.678,-0.159,-0.105,-0.710,0,0,1339,0,2812,70,2681,1755,46,0.998,1,2282,0,385.710,16.081,-145.563,-357.063,-9.500,-0.512,0.402,2.414,8.672,13.543,11.160,0.178,0.308,1.085,1.302,3,NULL,NULL,,3,0,2,7,255,1231,250,0,0
stim,255828,285949,0,285949,3483264.455,-0.676,-0.175,-0.111,-0.707,0,0,1234,0,2749,57,2569,1631,46,0.998,1,2282,0,407.827,15.122,-153.563,-377.438,16.813,-0.613,0.383,2.191,6.641,13.586,9.887,0.210,0.342,1.085,1.302,3,NULL,NULL,,3,0,2,7,255,1231,250,0,0
stim,255828,285949,0,285949,3483269.454,-0.674,-0.191,-0.118,-0.704,0,0,1113,0,2653,17,2413,1501,46,0.998,1,2282,0,417.104,15.122,-145.438,-390.688,13.688,-0.781,0.488,2.098,6.641,13.586,6.996,0.244,0.376,1.085,1.302,3,NULL,NULL,,3,0,2,7,255,1231,250,0,0
stim,255828,285949,0,285949,3483274.455,-0.671,-0.207,-0.126,-0.701,0,0,941,0,2568,0,2231,1383,46,0.998,1,2282,0,419.606,16.837,-116.313,-402.813,-16.813,-0.758,0.398,2.293,7.293,15.176,6.043,0.282,0.416,1.085,1.302,3,NULL,NULL,,3,0,2,7,255,1231,250,0,0
stim,255828,285949,0,285949,3483279.453,-0.667,-0.223,-0.135,-0.698,0,0,767,0,2437,0,1948,1210,46,0.998,1,2282,0,429.965,17.666,-110.188,-414.125,-35.063,-0.523,0.133,2.492,7.293,16.090,6.043,0.324,0.458,1.085,1.302,3,NULL,NULL,,3,0,2,7,255,1231,250,0,0
stim,255850,285971,0,285971,3483284.455,-0.663,-0.240,-0.144,-0.695,0,0,601,0,2259,0,1645,1077,46,0.998,1,2282,0,448.298,16.909,-137.750,-426.313,-15.938,-0.305,-0.176,2.355,5.199,16.090,8.277,0.368,0.504,1.085,1.302,3,NULL,NULL,,3,0,2,7,255,1231,250,0,0
stim,255850,285971,0,285971,3483289.453,-0.659,-0.258,-0.151,-0.690,0,0,399,0,2035,0,1247,917,46,0.998,1,2282,0,466.029,14.702,-159.313,-437.625,16.938,-0.168,-0.406,1.824,2.258,14.527,8.277,0.420,0.556,1.085,1.302,3,NULL,NULL,,3,0,2,7,255,1231,250,0,0
stim,255850,285971,0,285971,3483294.455,-0.656,-0.275,-0.159,-0.685,0,0,261,0,1767,0,747,789,46,0.998,1,2282,0,467.537,11.496,-134.938,-446.438,32.813,-0.012,-0.430,1.191,-0.660,11.477,4.504,0.482,0.620,1.085,1.302,3,NULL,NULL,,3,0,2,7,255,1231,250,0,0
stim,255850,285971,0,285971,3483299.454,-0.653,-0.290,-0.170,-0.678,0,0,206,0,1447,0,287,628,46,0.998,1,2282,0,458.211,7.369,-46.813,-454.750,31.125,0.059,-0.371,1.047,-1.555,7.203,0.109,0.550,0.690,1.085,1.302,3,NULL,NULL,,3,0,2,7,255,1231,250,0,0
stim,255850,285971,0,285971,3483304.455,-0.652,-0.303,-0.184,-0.670,0,0,125,0,1064,0,62,518,46,0.998,1,2282,0,466.054,7.369,37.813,-461.563,52.313,-0.063,-0.133,1.422,-1.555,7.203,0.109,0.624,0.764,1.085,1.302,3,NULL,NULL,,3,0,2,7,255,1231,250,0,0
stim,255850,285971,0,285971,3483309.455,-0.652,-0.316,-0.197,-0.661,0,0,99,0,633,0,0,412,46,0.998,1,2282,0,468.304,9.534,44.063,-460.063,75.563,-0.184,0.188,1.930,1.379,9.434,0.387,0.702,0.842,1.085,1.302,3,NULL,NULL,,3,0,2,7,255,1231,250,0,0
stim,255881,286002,0,286002,3483314.455,-0.651,-0.330,-0.208,-0.651,0,0,83,0,267,0,0,325,46,0.998,1,2282,0,478.388,14.706,0.438,-463.813,117.188,-0.395,0.258,2.051,5.246,13.738,0.918,0.782,0.924,1.085,1.302,3,NULL,NULL,,3,0,2,7,255,1231,250,0,0
stim,255881,286002,0,286002,3483319.453,-0.652,-0.347,-0.217,-0.639,0,0,55,0,3,0,0,215,46,0.998,1,2282,0,509.250,17.550,-50.625,-475.688,174.625,-0.730,0.340,1.820,5.926,16.520,0.918,0.862,1.004,1.085,1.302,3,NULL,NULL,,3,0,2,7,255,1231,250,0,0
stim,255881,286002,0,286002,3483324.455,-0.651,-0.365,-0.224,-0.627,0,0,47,0,0,0,0,133,46,0.998,1,2282,0,514.294,17.552,-108.313,-469.313,180.313,-0.820,0.762,1.371,5.930,16.520,-3.875,0.938,1.084,1.085,1.302,3,NULL,NULL,,3,0,2,7,255,1231,250,0,0
stim,255881,286002,0,286002,3483329.453,-0.648,-0.382,-0.230,-0.617,0,0,16,0,0,0,0,47,46,0.998,1,2282,0,484.393,17.244,-145.000,-443.375,130.500,-0.559,1.172,0.934,8.926,14.754,-8.980,1.012,1.158,1.085,1.302,4,NULL,NULL,,3,0,2,7,255,1231,250,0,0
stim,255881,286002,0,286002,3483334.455,-0.644,-0.398,-0.237,-0.608,0,0,21,0,0,0,0,31,46,0.998,1,2282,0,449.192,15.380,-136.938,-416.625,97.188,-0.355,1.160,0.805,12.039,9.570,-10.875,1.076,1.224,1.085,1.302,0,NULL,NULL,,3,0,2,7,255,1231,250,0,0
stim,255881,286002,0,286002,3483339.454,-0.642,-0.414,-0.241,-0.599,0,0,40,0,0,0,0,59,46,0.998,1,2282,0,432.407,14.808,-152.313,-383.688,128.688,-0.379,0.871,0.910,12.039,8.621,-10.875,1.128,1.278,1.085,1.302,0,NULL,NULL,,3,0,2,7,255,1231,250,0,0
stim,255911,286032,0,286032,3483344.455,-0.638,-0.430,-0.242,-0.592,0,0,45,0,0,0,0,94,46,0.998,1,2282,0,410.180,12.296,-202.625,-336.375,118.500,-0.262,0.551,0.863,9.453,7.863,-10.258,1.178,1.330,1.085,1.302,0,NULL,NULL,,3,0,2,7,255,1231,250,0,0
stim,255911,286032,0,286032,3483349.454,-0.633,-0.442,-0.244,-0.587,0,0,51,0,0,0,0,155,46,0.998,1,2282,0,321.898,10.239,-180.250,-259.688,60.750,-0.176,0.063,0.773,6.559,7.863,-9.152,1.228,1.384,1.085,1.302,0,NULL,NULL,,3,0,2,7,255,1231,250,0,0
stim,255911,286032,0,286032,3483354.455,-0.630,-0.451,-0.245,-0.583,0,0,56,0,0,0,0,185,46,0.998,1,2282,0,233.779,8.115,-117.625,-195.938,49.250,-0.270,-0.234,1.063,2.004,7.863,-7.750,1.288,1.444,1.085,1.302,0,NULL,NULL,,3,0,2,7,255,1231,250,0,0
stim,255911,286032,0,286032,3483359.454,-0.628,-0.458,-0.244,-0.580,0,0,47,0,0,0,0,207,46,0.998,1,2282,0,190.458,10.625,-130.000,-130.375,48.750,-0.445,-0.082,1.496,1.988,10.438,-6.605,1.360,1.518,1.085,1.302,0,NULL,NULL,,3,0,2,7,255,1231,250,0,0
stim,255911,286032,0,286032,3483364.455,-0.623,-0.466,-0.239,-0.581,0,0,43,0,0,0,0,215,46,0.998,1,2282,0,228.862,12.549,-221.125,-51.563,28.688,-0.488,0.117,1.219,1.988,12.391,-6.605,1.438,1.598,1.085,1.302,0,NULL,NULL,,3,0,2,7,255,1231,250,0,0
stim,255911,286032,0,286032,3483369.453,-0.619,-0.473,-0.231,-0.583,0,0,41,0,0,0,0,198,46,0.998,1,2282,0,283.974,12.808,-281.813,26.063,23.313,-0.395,0.414,0.348,3.242,12.391,-8.914,1.518,1.678,1.085,1.302,0,NULL,NULL,,3,0,2,7,255,1231,250,0,0
stim,255941,286062,0,286062,3483374.455,-0.615,-0.478,-0.221,-0.587,0,0,33,0,0,0,0,119,46,0.998,1,2282,0,269.259,5.701,-251.438,92.000,28.563,-0.379,0.660,-0.336,3.898,4.160,-12.895,1.594,1.756,1.085,1.302,0,NULL,NULL,,3,0,2,7,255,1231,250,0,0
stim,255941,286062,0,286062,3483379.454,-0.613,-0.478,-0.213,-0.591,0,0,23,0,0,0,0,116,46,0.998,1,2282,0,211.102,4.399,-154.813,142.125,19.938,-0.457,0.566,-0.500,3.898,-2.039,-16.551,1.668,1.832,1.085,1.302,0,NULL,NULL,,3,0,2,7,255,1231,250,0,0
stim,255941,286062,0,286062,3483384.455,-0.614,-0.476,-0.207,-0.595,0,0,21,0,0,0,0,111,46,0.998,1,2282,0,190.620,3.184,-70.375,176.938,8.750,-0.457,0.188,-0.172,2.445,-2.039,-16.551,1.740,1.904,1.085,1.302,0,NULL,NULL,,3,0,2,7,255,1231,250,0,0
stim,255941,286062,0,286062,3483389.454,-0.615,-0.472,-0.200,-0.600,0,0,19,0,0,0,0,115,46,0.998,1,2282,0,205.792,0.607,-46.563,200.313,7.563,-0.422,0.023,0.125,0.105,0.598,-14.891,1.804,1.970,1.085,1.302,0,NULL,NULL,,3,0,2,7,255,1231,250,0,0
stim,255941,286062,0,286062,3483394.455,-0.616,-0.468,-0.192,-0.605,0,0,20,0,0,0,0,104,46,0.998,1,2282,0,223.608,2.908,-58.313,215.000,19.375,-0.348,0.039,0.141,0.086,2.906,-12.699,1.864,2.028,1.085,1.302,0,NULL,NULL,,3,0,2,7,255,1231,250,0,0
stim,255941,286062,0,286062,3483399.453,-0.617,-0.463,-0.184,-0.609,0,0,19,0,0,0,0,96,46,0.998,1,2282,0,233.339,2.906,-59.188,222.313,39.000,-0.316,0.117,-0.090,0.023,2.906,-12.699,1.918,2.084,1.085,1.302,0,NULL,NULL,,3,0,2,7,255,1231,250,0,0
stim,255993,286114,0,286114,3483404.455,-0.619,-0.459,-0.176,-0.612,0,0,12,0,0,0,0,93,46,0.998,1,2282,0,233.552,0.828,-29.813,225.438,53.250,-0.344,0.188,-0.277,0.023,0.828,-13.121,1.970,2.138,1.085,1.302,0,NULL,NULL,,3,0,2,7,255,1231,250,0,0
stim,255993,286114,0,286114,3483409.454,-0.623,-0.453,-0.170,-0.615,0,0,9,0,0,0,0,92,46,0.998,1,2282,0,233.944,0.411,12.250,226.563,57.000,-0.371,0.254,-0.281,0.023,-0.410,-14.492,2.018,2.188,1.085,1.302,0,NULL,NULL,,3,0,2,7,255,1231,250,0,0
stim,255993,286114,0,286114,3483414.455,-0.627,-0.446,-0.163,-0.618,0,0,7,0,0,0,0,91,46,0.998,1,2282,0,239.072,0.620,44.313,227.625,58.125,-0.363,0.281,-0.148,0.465,-0.410,-14.492,2.058,2.228,1.085,1.302,0,NULL,NULL,,3,0,2,7,255,1231,250,0,0
stim,255993,286114,0,286114,3483419.454,-0.631,-0.438,-0.158,-0.621,0,0,5,0,0,0,0,91,46,0.998,1,2282,0,244.922,1.354,61.375,228.688,62.625,-0.355,0.277,-0.023,1.227,0.574,-14.324,2.080,2.252,1.085,1.302,0,NULL,NULL,,3,0,2,7,255,1231,250,0,0
stim,255993,286114,0,286114,3483424.455,-0.636,-0.430,-0.152,-0.623,0,0,0,0,0,0,0,87,46,0.998,1,2282,0,249.911,2.280,73.438,228.563,69.438,-0.387,0.254,0.055,1.668,1.555,-13.539,2.092,2.266,1.085,1.302,0,NULL,NULL,,3,0,2,7,255,1231,250,0,0
stim,255993,286114,0,286114,3483429.454,-0.640,-0.422,-0.147,-0.625,0,0,4,0,0,0,0,83,46,0.998,1,2282,0,253.781,2.931,88.063,227.313,70.563,-0.441,0.215,0.125,1.668,2.410,-13.195,2.102,2.276,1.085,1.302,0,NULL,NULL,,3,0,2,7,255,1231,250,0,0
stim,255993,286114,0,286114,3483434.455,-0.645,-0.413,-0.142,-0.627,0,0,0,0,0,0,0,76,46,0.998,1,2282,0,256.380,3.778,102.125,226.250,64.125,-0.477,0.180,0.250,1.602,3.422,-12.973,2.110,2.286,1.085,1.302,0,NULL,NULL,,3,0,2,7,255,1231,250,0,0
stim,255993,286114,0,286114,3483439.453,-0.650,-0.404,-0.138,-0.629,0,0,0,0,0,0,0,75,46,0.998,1,2282,0,256.943,4.902,108.875,226.250,54.563,-0.496,0.168,0.406,1.602,4.633,-12.273,2.120,2.296,1.085,1.302,0,NULL,NULL,,3,0,2,7,255,1231,250,0,0
stim,255993,286114,0,286114,3483444.455,-0.654,-0.395,-0.134,-0.631,0,0,5,0,0,0,0,69,46,0.998,1,2282,0,255.961,6.233,108.563,227.375,45.063,-0.527,0.184,0.563,2.016,5.898,-11.293,2.124,2.304,1.085,1.302,0,NULL,NULL,,3,0,2,7,255,1231,250,0,0
stim,255993,286114,0,286114,3483449.453,-0.658,-0.386,-0.130,-0.634,0,0,0,0,0,0,0,71,46,0.998,1,2282,0,253.654,7.634,101.500,230.125,32.875,-0.555,0.203,0.711,2.625,7.168,-10.414,2.130,2.310,1.085,1.302,0,NULL,NULL,,3,0,2,7,255,1231,250,0,0
stim,256015,286136,0,286136,3483454.455,-0.661,-0.377,-0.125,-0.637,0,0,1,0,0,0,0,75,46,0.998,1,2282,0,252.163,8.978,88.563,235.500,16.813,-0.574,0.219,0.824,3.285,8.355,-9.555,2.134,2.314,1.085,1.302,0,NULL,NULL,,3,0,2,7,255,1231,250,0,0
stim,256015,286136,0,286136,3483459.454,-0.663,-0.368,-0.120,-0.641,0,0,3,0,0,0,0,75,46,0.998,1,2282,0,253.839,9.923,72.125,243.375,-0.875,-0.578,0.223,0.895,3.797,9.168,-8.766,2.136,2.320,1.085,1.302,0,NULL,NULL,,3,0,2,7,255,1231,250,0,0
stim,256015,286136,0,286136,3483464.455,-0.665,-0.359,-0.115,-0.645,0,0,6,0,0,0,0,87,46,0.998,1,2282,0,260.232,10.456,56.000,253.438,-18.813,-0.582,0.203,0.938,4.066,9.633,-8.113,2.144,2.328,1.085,1.302,0,NULL,NULL,,3,0,2,7,255,1231,250,0,0
stim,256015,286136,0,286136,3483469.454,-0.665,-0.350,-0.109,-0.650,0,0,7,0,0,0,0,88,46,0.998,1,2282,0,271.194,10.676,40.500,265.500,-37.625,-0.574,0.180,0.957,4.066,9.871,-7.543,2.154,2.340,1.085,1.302,0,NULL,NULL,,3,0,2,7,255,1231,250,0,0
stim,256038,286159,0,286159,3483474.455,-0.665,-0.341,-0.103,-0.656,0,0,13,0,0,0,0,95,46,0.998,1,2282,0,286.518,10.658,26.750,279.438,-57.375,-0.543,0.172,0.945,4.020,9.871,-7.039,2.168,2.354,1.085,1.302,0,NULL,NULL,,3,0,2,7,255,1231,250,0,0
stim,256038,286159,0,286159,3483479.453,-0.664,-0.332,-0.096,-0.663,0,0,9,0,0,0,0,102,46,0.998,1,2282,0,304.480,10.273,16.563,294.313,-76.250,-0.461,0.176,0.887,4.012,9.457,-6.684,2.184,2.372,1.085,1.302,0,NULL,NULL,,3,0,2,7,255,1231,250,0,0
stim,256038,286159,0,286159,3483484.455,-0.663,-0.322,-0.089,-0.670,0,0,7,0,0,0,0,111,46,0.998,1,2282,0,323.499,9.236,12.875,309.688,-92.625,-0.289,0.156,0.781,3.992,8.328,-6.418,2.208,2.396,1.085,1.302,0,NULL,NULL,,3,0,2,7,255,1231,250,0,0
stim,256038,286159,0,286159,3483489.453,-0.661,-0.312,-0.082,-0.678,0,0,5,0,0,0,0,116,46,0.998,1,2282,0,339.465,7.287,18.813,324.125,-99.125,-0.148,0.082,0.652,3.734,6.258,-6.016,2.236,2.426,1.085,1.302,0,NULL,NULL,,3,0,2,7,255,1231,250,0,0
stim,256060,286181,0,286181,3483494.455,-0.659,-0.301,-0.075,-0.685,0,0,7,0,0,0,0,115,46,0.998,1,2282,0,347.836,5.191,36.125,333.063,-93.563,-0.129,0.098,0.609,2.801,4.371,-5.992,2.270,2.462,1.085,1.302,0,NULL,NULL,,3,0,2,7,255,1231,250,0,0
stim,256060,286181,0,286181,3483499.454,-0.658,-0.289,-0.068,-0.692,0,0,9,0,0,0,0,121,46,0.998,1,2282,0,356.697,4.759,56.125,338.938,-95.938,-0.109,0.180,0.637,2.801,3.848,-5.828,2.308,2.500,1.085,1.302,0,NULL,NULL,,3,0,2,7,255,1231,250,0,0
stim,256090,286211,0,286211,3483504.455,-0.657,-0.276,-0.062,-0.699,0,0,7,0,0,0,0,117,46,0.998,1,2282,0,363.411,5.097,74.188,341.688,-99.063,-0.020,0.172,0.672,3.648,3.559,-5.789,2.350,2.544,1.085,1.302,0,NULL,NULL,,3,0,2,7,255,1231,250,0,0
stim,256090,286211,0,286211,3483509.454,-0.655,-0.263,-0.056,-0.706,0,0,8,0,0,0,0,119,46,0.998,1,2282,0,363.971,4.597,92.625,340.188,-90.375,0.047,0.148,0.715,3.648,2.797,-4.941,2.394,2.590,1.085,1.302,0,NULL,NULL,,3,0,2,7,255,1231,250,0,0
stim,256090,286211,0,286211,3483514.455,-0.655,-0.249,-0.051,-0.712,0,0,8,0,0,0,0,121,46,0.998,1,2282,0,362.460,4.306,110.813,335.750,-79.813,0.031,0.219,0.715,3.676,2.242,-4.254,2.440,2.636,1.085,1.302,0,NULL,NULL,,3,0,2,7,255,1231,250,0,0
stim,256090,286211,0,286211,3483519.453,-0.654,-0.235,-0.047,-0.718,0,0,7,0,0,0,0,119,46,0.998,1,2282,0,366.517,4.650,137.000,330.250,-80.625,0.039,0.227,0.766,4.152,2.094,-4.094,2.484,2.682,1.085,1.302,0,NULL,NULL,,3,0,2,7,255,1231,250,0,0
stim,256090,286211,0,286211,3483524.455,-0.654,-0.220,-0.044,-0.723,0,0,7,0,0,0,0,122,46,0.998,1,2282,0,363.795,4.628,149.813,324.375,-68.438,0.164,0.121,0.914,4.152,2.043,-3.668,2.526,2.724,1.085,1.302,0,NULL,NULL,,3,0,2,7,255,1231,250,0,0
stim,256090,286211,0,286211,3483529.453,-0.654,-0.206,-0.040,-0.727,0,0,7,0,0,0,0,117,46,0.998,1,2282,0,356.737,4.432,154.125,318.563,-45.000,0.148,0.180,0.984,4.195,1.430,-1.496,2.562,2.762,1.085,1.302,0,NULL,NULL,,3,0,2,7,255,1231,250,0,0
stim,256090,286211,0,286211,3483534.455,-0.654,-0.191,-0.037,-0.731,0,0,9,0,0,0,0,117,46,0.998,1,2282,0,354.510,4.432,164.688,312.438,-30.625,0.063,0.219,1.059,4.195,1.430,-0.992,2.596,2.796,1.085,1.302,0,NULL,NULL,,3,0,2,7,255,1231,250,0,0
stim,256090,286211,0,286211,3483539.454,-0.655,-0.176,-0.034,-0.734,0,0,6,0,0,0,0,115,46,0.998,1,2282,0,354.635,5.118,175.375,307.063,-26.875,0.004,0.242,1.199,4.656,2.125,-0.559,2.626,2.828,1.085,1.302,0,NULL,NULL,,3,0,2,7,255,1231,250,0,0
stim,256090,286211,0,286211,3483544.455,-0.656,-0.161,-0.031,-0.737,0,0,6,0,0,0,0,113,46,0.998,1,2282,0,354.040,5.799,180.250,303.625,-25.813,-0.023,0.234,1.367,5.082,2.793,0.625,2.652,2.856,1.085,1.302,0,NULL,NULL,,3,0,2,7,255,1231,250,0,0
stim,256090,286211,0,286211,3483549.453,-0.656,-0.146,-0.028,-0.740,0,0,5,0,0,0,0,115,46,0.998,1,2282,0,350.797,6.095,175.063,302.938,-25.313,-0.059,0.246,1.523,5.188,3.199,2.285,2.676,2.882,1.085,1.302,0,NULL,NULL,,3,0,2,7,255,1231,250,0,0
stim,256121,286242,0,286242,3483554.455,-0.656,-0.132,-0.025,-0.742,0,0,5,0,0,0,0,112,46,0.998,1,2282,0,344.718,6.324,160.875,303.500,-28.938,-0.094,0.223,1.629,5.230,3.555,3.805,2.698,2.906,1.085,1.302,0,NULL,NULL,,3,0,2,7,255,1231,250,0,0
stim,256121,286242,0,286242,3483559.454,-0.656,-0.118,-0.021,-0.745,0,0,8,0,0,0,0,111,46,0.998,1,2282,0,339.451,6.488,145.125,305.250,-31.438,-0.105,0.246,1.707,5.375,3.633,4.949,2.720,2.928,1.085,1.302,0,NULL,NULL,,3,0,2,7,255,1231,250,0,0
stim,256121,286242,0,286242,3483564.455,-0.655,-0.104,-0.017,-0.748,0,0,7,0,0,0,0,121,46,0.998,1,2282,0,334.474,6.488,126.438,307.563,-35.938,-0.121,0.270,1.730,5.375,3.633,5.789,2.742,2.950,1.085,1.302,0,NULL,NULL,,3,0,2,7,255,1231,250,0,0
stim,256121,286242,0,286242,3483569.454,-0.655,-0.091,-0.012,-0.750,0,0,8,0,0,0,0,121,46,0.998,1,2282,0,330.951,6.353,116.250,307.438,-38.688,-0.105,0.242,1.789,5.375,3.387,6.141,2.762,2.972,1.085,1.302,0,NULL,NULL,,3,0,2,7,255,1231,250,0,0
stim,256121,286242,0,286242,3483574.455,-0.653,-0.078,-0.007,-0.753,0,0,18,0,0,0,0,123,46,0.998,1,2282,0,326.200,5.805,99.063,308.250,-39.688,-0.098,0.238,1.797,5.016,2.922,6.883,2.782,2.992,1.085,1.302,0,NULL,NULL,,3,0,2,7,255,1231,250,0,0
stim,256121,286242,0,286242,3483579.454,-0.652,-0.065,-0.001,-0.755,0,0,11,0,0,0,0,123,46,0.998,1,2282,0,322.305,5.358,84.438,308.375,-40.688,-0.098,0.238,1.758,4.773,2.434,6.883,2.802,3.014,1.085,1.302,0,NULL,NULL,,3,0,2,7,255,1231,250,0,0
stim,256150,286271,0,286271,3483584.455,-0.651,-0.053,0.005,-0.758,0,0,19,0,0,0,0,132,46,0.998,1,2282,0,319.272,4.928,77.063,306.938,-42.250,-0.090,0.199,1.684,4.527,1.945,6.844,2.824,3.036,1.085,1.302,0,NULL,NULL,,3,0,2,7,255,1231,250,0,0
stim,256150,286271,0,286271,3483589.453,-0.649,-0.041,0.011,-0.760,0,0,23,0,0,0,0,128,46,0.998,1,2282,0,316.678,4.147,77.938,303.938,-42.813,-0.063,0.176,1.645,3.898,1.414,6.285,2.846,3.060,1.085,1.302,0,NULL,NULL,,3,0,2,7,255,1231,250,0,0
stim,256150,286271,0,286271,3483594.455,-0.647,-0.028,0.016,-0.762,0,0,23,0,0,0,0,128,46,0.998,1,2282,0,314.282,3.484,82.688,300.313,-41.813,-0.039,0.176,1.633,3.398,0.770,6.000,2.870,3.086,1.085,1.302,0,NULL,NULL,,3,0,2,7,255,1231,250,0,0
stim,256150,286271,0,286271,3483599.453,-0.645,-0.016,0.021,-0.763,0,0,22,1,0,0,0,128,46,0.998,1,2282,0,311.678,3.195,88.938,296.188,-38.813,-0.023,0.184,1.641,3.191,0.145,6.000,2.896,3.112,1.085,1.302,0,NULL,NULL,,3,0,2,7,255,1231,250,0,0
stim,256188,286309,0,286309,3483604.455,-0.644,-0.003,0.026,-0.765,0,0,21,0,0,0,0,127,46,0.998,1,2282,0,309.190,3.051,96.938,291.500,-35.063,0.000,0.164,1.641,3.020,-0.434,6.082,2.922,3.138,1.085,1.302,0,NULL,NULL,,3,0,2,7,255,1231,250,0,0
stim,256188,286309,0,286309,3483609.454,-0.642,0.009,0.030,-0.766,0,0,23,0,0,0,0,134,46,0.998,1,2282,0,308.726,2.805,109.875,286.875,-30.688,0.027,0.160,1.648,2.621,-1.000,6.086,2.948,3.164,1.085,1.302,0,NULL,NULL,,3,0,2,7,255,1231,250,0,0
stim,256188,286309,0,286309,3483614.455,-0.640,0.022,0.034,-0.767,0,0,26,0,0,0,0,135,46,0.998,1,2282,0,311.003,2.812,127.438,282.500,-26.000,0.074,0.168,1.695,2.289,-1.633,6.184,2.972,3.192,1.085,1.302,0,NULL,NULL,,3,0,2,7,255,1231,250,0,0
stim,256188,286309,0,286309,3483619.454,-0.639,0.036,0.036,-0.768,0,0,23,0,0,0,0,135,46,0.998,1,2282,0,315.889,3.212,146.313,279.188,-20.813,0.137,0.148,1.777,2.035,-2.484,6.582,2.998,3.218,1.085,1.302,0,NULL,NULL,,3,0,2,7,255,1231,250,0,0
stim,256188,286309,0,286309,3483624.455,-0.637,0.049,0.038,-0.768,0,0,24,0,0,0,0,137,46,0.998,1,2282,0,321.568,3.806,163.000,276.875,-13.313,0.223,0.109,1.867,1.469,-3.512,7.301,3.020,3.240,1.085,1.302,0,NULL,NULL,,3,0,2,7,255,1231,250,0,0
stim,256188,286309,0,286309,3483629.453,-0.636,0.063,0.040,-0.768,0,0,25,0,0,0,0,137,46,0.998,1,2282,0,327.403,4.759,176.250,275.875,-4.625,0.336,0.137,1.938,0.645,-4.715,8.027,3.042,3.262,1.085,1.302,0,NULL,NULL,,3,0,2,7,255,1231,250,0,0
stim,256212,286333,0,286333,3483634.455,-0.635,0.078,0.041,-0.768,0,0,25,0,0,0,0,137,46,0.998,1,2282,0,336.246,6.329,191.125,276.625,3.313,0.480,0.176,1.977,0.324,-6.320,8.453,3.058,3.280,1.085,1.302,0,NULL,NULL,,3,0,2,7,255,1231,250,0,0
stim,256212,286333,0,286333,3483639.453,-0.634,0.093,0.042,-0.767,0,0,27,0,0,0,0,135,46,0.998,1,2282,0,348.551,8.203,209.813,278.000,13.500,0.602,0.176,2.051,0.016,-8.203,8.484,3.074,3.298,1.085,1.302,0,NULL,NULL,,3,0,2,7,255,1231,250,0,0
stim,256212,286333,0,286333,3483644.455,-0.633,0.109,0.042,-0.766,0,0,27,0,0,0,0,127,46,0.998,1,2282,0,360.619,9.891,226.938,279.063,25.875,0.688,0.145,2.172,-0.633,-9.871,8.789,3.086,3.310,1.085,1.302,0,NULL,NULL,,3,0,2,7,255,1231,250,0,0
stim,256212,286333,0,286333,3483649.454,-0.632,0.125,0.042,-0.764,0,0,27,0,0,0,0,127,46,0.998,1,2282,0,370.127,11.381,239.625,279.750,36.250,0.754,0.117,2.324,-1.641,-11.262,9.512,3.096,3.322,1.085,1.302,0,NULL,NULL,,3,0,2,7,255,1231,250,0,0
stim,256212,286333,0,286333,3483654.455,-0.631,0.141,0.041,-0.762,0,0,29,0,0,0,0,127,46,0.998,1,2282,0,374.981,12.812,245.313,280.375,42.688,0.824,0.156,2.480,-2.668,-12.531,10.516,3.102,3.328,1.085,1.302,0,NULL,NULL,,3,0,2,7,255,1231,250,0,0
stim,256212,286333,0,286333,3483659.454,-0.630,0.157,0.041,-0.759,0,0,28,0,0,0,0,125,46,0.998,1,2282,0,373.312,14.400,241.750,280.563,46.938,0.895,0.223,2.605,-3.152,-14.051,11.484,3.104,3.332,1.085,1.302,0,NULL,NULL,,3,0,2,7,255,1231,250,0,0
stim,256233,286354,0,286354,3483664.455,-0.629,0.173,0.040,-0.757,0,0,25,0,0,0,0,123,46,0.998,1,2282,0,364.891,15.933,229.000,279.250,52.188,0.953,0.266,2.684,-3.363,-15.574,12.160,3.104,3.332,1.085,1.302,0,NULL,NULL,,3,0,2,7,255,1231,250,0,0
stim,256233,286354,0,286354,3483669.453,-0.629,0.188,0.041,-0.753,0,0,26,0,0,0,0,135,46,0.998,1,2282,0,350.395,17.236,208.063,276.125,56.938,0.996,0.297,2.703,-3.691,-16.836,12.160,3.100,3.330,1.085,1.302,0,NULL,NULL,,3,0,2,7,255,1231,250,0,0
stim,256233,286354,0,286354,3483674.455,-0.629,0.202,0.042,-0.750,0,0,29,0,0,0,0,139,46,0.998,1,2282,0,332.298,18.250,183.750,270.250,60.188,1.055,0.301,2.660,-3.953,-17.816,12.012,3.090,3.320,1.085,1.302,0,NULL,NULL,,3,0,2,7,255,1231,250,0,0
stim,256233,286354,0,286354,3483679.453,-0.628,0.215,0.043,-0.746,0,0,26,0,0,0,0,143,46,0.998,1,2282,0,314.413,19.132,163.750,261.250,61.563,1.180,0.250,2.602,-4.324,-18.637,11.000,3.074,3.306,1.085,1.302,0,NULL,NULL,,3,0,2,7,255,1231,250,0,0
stim,256233,286354,0,286354,3483684.455,-0.628,0.227,0.045,-0.743,0,0,29,0,0,0,0,164,46,0.998,1,2282,0,294.692,20.537,141.000,250.875,63.438,1.344,0.117,2.441,-5.113,-19.891,9.461,3.054,3.286,1.085,1.302,0,NULL,NULL,,3,0,2,7,255,1231,250,0,0
stim,256233,286354,0,286354,3483689.454,-0.629,0.238,0.047,-0.739,0,0,25,0,0,0,0,164,46,0.998,1,2282,0,278.339,21.879,122.875,238.938,72.688,1.488,-0.078,2.148,-6.414,-20.918,6.715,3.026,3.260,1.085,1.302,0,NULL,NULL,,3,0,2,7,255,1231,250,0,0
stim,256259,286380,0,286380,3483694.455,-0.629,0.249,0.049,-0.734,0,0,24,0,0,0,0,165,46,0.998,1,2282,0,268.167,22.321,117.188,225.188,86.438,1.563,-0.313,1.793,-7.789,-20.918,2.750,2.988,3.222,1.085,1.302,0,NULL,NULL,,3,0,2,7,255,1231,250,0,0
stim,256259,286380,0,286380,3483699.453,-0.630,0.260,0.049,-0.730,0,0,26,0,0,0,0,176,46,0.998,1,2282,0,264.852,22.123,129.813,209.750,96.438,1.617,-0.527,1.480,-9.152,-20.141,-1.582,2.940,3.176,1.085,1.302,0,NULL,NULL,,3,0,2,7,255,1231,250,0,0
stim,256294,286415,0,286415,3483704.455,-0.631,0.270,0.049,-0.725,0,0,24,0,0,0,0,210,46,0.998,1,2282,0,270.031,21.756,157.688,194.063,101.938,1.703,-0.699,1.270,-10.313,-19.156,-5.422,2.886,3.122,1.085,1.302,0,NULL,NULL,,3,0,2,7,255,1231,250,0,0
stim,256294,286415,0,286415,3483709.454,-0.632,0.282,0.046,-0.721,0,0,27,0,0,0,0,218,46,0.998,1,2282,0,284.695,22.241,194.000,179.313,106.125,1.805,-0.742,1.176,-11.301,-19.156,-8.410,2.826,3.062,1.085,1.302,0,NULL,NULL,,3,0,2,7,255,1231,250,0,0
stim,256294,286415,0,286415,3483714.455,-0.632,0.294,0.042,-0.716,0,0,27,0,0,0,0,224,46,0.998,1,2282,0,308.480,22.455,234.813,164.313,114.125,1.992,-0.766,1.320,-11.430,-19.328,-10.223,2.758,2.994,1.085,1.302,0,NULL,NULL,,3,0,2,7,255,1231,250,0,0
stim,256294,286415,0,286415,3483719.453,-0.632,0.305,0.038,-0.711,0,0,27,0,0,0,0,237,46,0.998,1,2282,0,305.764,24.700,229.875,152.938,131.375,2.023,-0.957,1.648,-12.090,-21.539,-10.223,2.684,2.920,1.085,1.302,0,NULL,NULL,,3,0,2,7,255,1231,250,0,0
stim,256294,286415,0,286415,3483724.455,-0.633,0.315,0.034,-0.706,0,0,25,0,0,0,0,249,46,0.998,1,2282,0,275.023,27.347,201.313,138.063,126.688,2.047,-0.961,1.758,-14.902,-22.930,-8.996,2.604,2.842,1.085,1.302,0,NULL,NULL,,3,0,2,7,255,1231,250,0,0
stim,256294,286415,0,286415,3483729.454,-0.633,0.325,0.030,-0.702,0,0,24,0,0,0,0,284,46,0.998,1,2282,0,250.251,27.347,192.813,126.313,97.438,2.016,-0.988,1.523,-14.902,-22.930,-8.996,2.522,2.758,1.085,1.302,0,NULL,NULL,,3,0,2,7,255,1231,250,0,0
stim,256294,286415,0,286415,3483734.455,-0.632,0.334,0.026,-0.699,0,0,26,0,0,0,0,309,46,0.998,1,2282,0,246.456,28.162,210.813,107.813,68.375,2.266,-1.090,1.559,-15.238,-23.684,-11.004,2.432,2.670,1.085,1.302,0,NULL,NULL,,3,0,2,7,255,1231,250,0,0
stim,256294,286415,0,286415,3483739.453,-0.631,0.343,0.021,-0.696,0,0,27,0,0,0,0,327,46,0.998,1,2282,0,245.036,28.953,219.563,87.000,65.313,2.438,-1.242,1.781,-15.551,-24.422,-12.781,2.338,2.576,1.085,1.302,0,NULL,NULL,,3,0,2,7,255,1231,250,0,0
stim,256294,286415,0,286415,3483744.455,-0.630,0.350,0.016,-0.693,0,0,26,0,0,0,0,339,46,0.998,1,2282,0,210.235,31.956,189.063,62.500,67.438,2.289,-1.227,2.094,-17.766,-26.563,-12.781,2.242,2.478,1.085,1.302,0,NULL,NULL,,3,0,2,7,255,1231,250,0,0
stim,256294,286415,0,286415,3483749.453,-0.629,0.355,0.011,-0.692,0,0,30,0,0,0,0,345,46,0.998,1,2282,0,163.742,32.649,154.063,32.250,45.125,2.066,-1.133,2.238,-18.984,-26.563,-10.172,2.142,2.378,1.085,1.302,0,NULL,NULL,,3,0,2,7,255,1231,250,0,0
stim,256315,286436,0,286436,3483754.455,-0.628,0.359,0.007,-0.691,0,0,30,0,0,0,0,349,46,0.998,1,2282,0,120.812,32.780,118.438,1.063,23.813,2.090,-0.945,2.395,-18.984,-26.723,-7.930,2.040,2.276,1.085,1.302,0,NULL,NULL,,3,0,2,7,255,1231,250,0,0
stim,256315,286436,0,286436,3483759.454,-0.628,0.359,0.004,-0.690,0,0,25,0,0,0,0,356,46,0.998,1,2282,0,77.256,32.422,59.875,-27.813,40.125,2.145,-0.645,2.555,-18.160,-26.859,-6.293,1.936,2.172,1.085,1.302,0,NULL,NULL,,3,0,2,7,255,1231,250,0,0
stim,256315,286436,0,286436,3483764.455,-0.630,0.358,0.001,-0.689,0,0,17,0,0,0,0,390,46,0.998,1,2282,0,92.430,31.411,22.813,-57.563,68.625,1.633,-0.555,2.242,-16.285,-26.859,-4.152,1.828,2.064,1.085,1.302,0,NULL,NULL,,3,0,2,7,255,1231,250,0,0
stim,256315,286436,0,286436,3483769.454,-0.631,0.357,-0.004,-0.689,0,0,12,0,0,0,0,471,46,0.998,1,2282,0,131.701,28.172,52.375,-100.813,66.625,0.711,-1.000,3.020,-16.285,-22.988,-3.449,1.718,1.954,1.085,1.302,0,NULL,NULL,,3,0,2,7,255,1231,250,0,0
stim,256340,286461,0,286461,3483774.455,-0.636,0.360,-0.028,-0.681,112,0,9,359,0,33,0,501,46,0.998,1,2282,0,592.226,32.017,382.625,-241.375,382.188,0.184,0.629,6.535,-22.285,-22.988,5.008,1.604,1.840,1.085,1.302,0,NULL,NULL,,3,0,2,7,255,1231,250,0,0
stim,256340,286461,0,286461,3483779.453,-0.651,0.344,-0.022,-0.676,621,0,3,885,0,160,0,557,46,0.998,1,2282,0,544.165,28.417,-455.000,-121.938,272.438,-1.270,1.758,5.676,-22.285,-17.633,40.582,1.482,1.716,1.085,1.302,0,NULL,NULL,,3,0,2,7,255,1231,250,0,0
stim,256340,286461,0,286461,3483784.455,-0.670,0.313,0.001,-0.673,1091,0,0,1273,0,423,0,617,46,0.998,1,2282,0,994.001,19.037,-972.938,-111.563,170.250,-1.133,2.898,1.305,-11.949,-14.820,40.582,1.354,1.590,1.085,1.302,0,NULL,NULL,,3,0,2,7,255,1231,250,0,0
stim,256340,286461,0,286461,3483789.453,-0.683,0.285,0.022,-0.672,1491,0,0,1561,0,553,0,669,46,0.998,1,2282,0,833.035,19.973,-826.250,-98.375,39.750,-1.297,2.156,-1.602,19.871,2.016,16.488,1.224,1.458,1.085,1.302,0,NULL,NULL,,3,0,2,7,255,1231,250,0,0
stim,256361,286482,0,286482,3483794.455,-0.687,0.270,0.031,-0.674,1805,0,0,1757,0,767,0,747,46,0.998,1,2283,0,421.342,26.092,-409.750,-96.625,-17.250,-1.180,0.613,-2.121,19.871,16.910,-10.789,1.088,1.320,1.085,1.302,1,1272.000,41.000,,3,0,2,7,255,1231,250,0,0
stim,256361,286482,0,286482,3483799.454,-0.688,0.264,0.030,-0.676,2021,0,0,1869,0,939,0,821,46,0.998,1,2283,0,147.735,19.988,-76.625,-123.125,-28.188,-0.492,-0.293,-0.270,10.656,16.910,-11.039,0.946,1.178,1.085,1.302,1,NULL,NULL,,3,0,2,7,255,1231,250,0,0
stim,256391,286512,0,286512,3483804.455,-0.689,0.260,0.027,-0.676,2185,0,0,1951,0,1143,0,891,46,0.998,1,2283,0,116.456,5.562,-20.688,-113.250,17.563,0.031,0.359,1.422,-0.688,5.520,-11.039,0.802,1.032,1.085,1.302,1,NULL,NULL,,3,0,2,7,255,1231,250,0,0
stim,256391,286512,0,286512,3483809.454,-0.692,0.254,0.027,-0.675,2345,0,0,2069,0,1257,0,965,46,0.998,1,2283,0,174.520,6.004,-127.250,-101.313,63.250,-0.043,1.586,1.531,-0.688,-5.965,3.281,0.658,0.884,1.085,1.302,1,NULL,NULL,,3,0,2,7,255,1231,250,0,0
stim,256391,286512,0,286512,3483814.455,-0.696,0.244,0.030,-0.675,2459,0,0,2159,0,1385,0,1017,46,0.998,1,2283,0,241.005,10.732,-215.938,-95.938,47.438,-0.465,1.320,1.199,8.922,-5.965,5.859,0.518,0.736,1.085,1.302,2,NULL,NULL,,3,0,2,7,255,1231,250,0,0
stim,256391,286512,0,286512,3483819.453,-0.698,0.234,0.035,-0.676,2639,0,0,2412,0,1498,0,1067,46,0.998,1,2283,0,267.681,8.940,-251.125,-91.188,-16.563,-0.578,0.195,0.777,8.922,-0.570,5.859,0.382,0.586,1.085,1.302,2,NULL,NULL,,3,0,2,7,255,1231,250,0,0
stim,256391,286512,0,286512,3483824.455,-0.701,0.224,0.038,-0.676,2763,0,0,2596,0,1501,0,1123,46,0.998,1,2283,0,253.684,2.371,-230.750,-105.375,-2.438,-0.902,-0.887,0.262,-0.523,2.313,-0.430,0.264,0.440,1.085,1.302,2,NULL,NULL,,3,0,2,7,255,1231,250,0,0
stim,256391,286512,0,286512,3483829.453,-0.705,0.214,0.039,-0.675,2845,0,0,2713,0,1510,0,1227,46,0.998,1,2283,0,262.887,12.225,-201.750,-147.563,81.438,-1.230,-1.328,0.160,-9.832,7.266,-6.355,0.200,0.314,1.085,1.302,2,NULL,NULL,,3,0,2,7,255,1231,250,0,0
stim,256391,286512,0,286512,3483834.455,-0.706,0.206,0.038,-0.676,2915,0,0,2805,0,1497,0,1326,46,0.998,1,2283,0,183.348,13.726,-109.063,-145.375,-24.250,-1.141,-0.891,0.340,-10.188,9.199,-6.355,0.190,0.228,1.085,1.302,2,NULL,NULL,,3,0,2,7,255,1231,250,0,0
stim,256391,286512,0,286512,3483839.454,-0.705,0.200,0.035,-0.679,2971,0,0,2880,0,1486,0,1401,46,0.998,1,2283,0,166.779,13.726,-40.750,-149.625,-61.375,-0.406,-0.395,0.844,-10.188,9.199,-4.891,0.220,0.208,1.085,1.302,2,NULL,NULL,,3,0,2,7,255,1231,250,0,0
stim,256391,286512,0,286512,3483844.455,-0.704,0.195,0.032,-0.682,2987,0,0,2935,0,1485,0,1437,46,0.998,1,2283,0,155.640,7.737,-29.875,-142.500,-55.000,0.133,-0.508,1.496,-7.680,0.941,-1.688,0.234,0.234,1.085,1.302,2,NULL,NULL,,3,0,2,7,255,1231,250,0,0
stim,256391,286512,0,286512,3483849.453,-0.705,0.188,0.030,-0.683,3015,0,0,2983,0,1505,0,1452,46,0.998,1,2283,0,160.317,9.738,-84.125,-135.938,-12.063,0.434,-0.707,1.617,-7.680,-5.988,2.344,0.244,0.264,1.085,1.302,2,NULL,NULL,,3,0,2,7,255,1231,250,0,0
stim,256427,286548,0,286548,3483854.455,-0.708,0.180,0.030,-0.683,3038,0,0,3020,0,1557,0,1489,46,0.998,1,2283,0,195.638,12.574,-139.250,-128.313,49.188,0.465,-0.836,1.273,-9.520,-8.215,2.344,0.258,0.292,1.085,1.302,2,NULL,NULL,,3,0,2,7,255,1231,250,0,0
stim,256427,286548,0,286548,3483859.454,-0.712,0.172,0.030,-0.680,3049,0,0,3053,0,1643,0,1479,46,0.998,1,2283,0,222.910,12.939,-155.750,-121.000,103.875,0.203,-0.977,0.887,-9.996,-8.215,-0.930,0.282,0.316,1.085,1.302,2,NULL,NULL,,3,0,2,7,255,1231,250,0,0
stim,256427,286548,0,286548,3483864.455,-0.717,0.165,0.029,-0.677,3063,0,0,3081,0,1761,13,1513,46,0.998,1,2283,0,212.723,11.041,-124.250,-117.250,126.750,-0.188,-0.770,0.629,-9.996,-4.688,-3.816,0.312,0.342,1.085,1.302,2,NULL,NULL,,3,0,2,7,255,1231,250,0,0
stim,256427,286548,0,286548,3483869.453,-0.721,0.160,0.027,-0.674,3081,0,0,3095,0,1854,38,1560,46,0.998,1,2283,0,172.258,8.607,-68.875,-116.563,106.500,-0.461,-0.270,0.742,-8.602,-0.297,-3.816,0.332,0.364,1.085,1.302,2,NULL,NULL,,3,0,2,7,255,1231,250,0,0
stim,256427,286548,0,286548,3483874.455,-0.723,0.155,0.024,-0.673,3087,0,0,3110,0,1943,41,1613,46,0.998,1,2283,0,136.974,4.708,-45.188,-115.125,58.875,-0.539,0.184,1.152,-4.156,2.211,-2.156,0.340,0.376,1.085,1.302,2,NULL,NULL,,3,0,2,7,255,1231,250,0,0
stim,256427,286548,0,286548,3483879.454,-0.724,0.150,0.023,-0.673,3089,0,0,3119,0,2039,70,1669,46,0.998,1,2283,0,130.352,2.254,-67.063,-110.563,16.438,-0.277,0.402,1.277,-0.438,2.211,2.578,0.330,0.378,1.085,1.302,2,NULL,NULL,,3,0,2,7,255,1231,250,0,0
stim,256455,286576,0,286576,3483884.455,-0.725,0.144,0.022,-0.673,3095,0,0,3129,0,2104,117,1717,46,0.998,1,2283,0,141.151,0.319,-89.188,-108.875,10.750,-0.156,0.168,1.164,-0.105,-0.301,2.578,0.298,0.370,1.085,1.302,2,NULL,NULL,,3,0,2,7,255,1231,250,0,0
stim,256455,286576,0,286576,3483889.454,-0.726,0.138,0.021,-0.673,3092,0,0,3130,0,2194,169,1813,46,0.998,1,2283,0,146.877,0.792,-101.500,-106.000,5.875,-0.176,-0.168,1.023,-0.105,-0.785,1.766,0.270,0.362,1.085,1.302,2,NULL,NULL,,3,0,2,7,255,1231,250,0,0
stim,256455,286576,0,286576,3483894.455,-0.727,0.132,0.020,-0.673,3096,0,0,3131,0,2253,279,1907,46,0.998,1,2283,0,135.001,3.324,-85.500,-104.375,4.563,-0.047,-0.262,0.840,-3.102,-1.195,0.027,0.246,0.350,1.085,1.302,2,NULL,NULL,,3,0,2,7,255,1231,250,0,0
stim,256455,286576,0,286576,3483899.453,-0.727,0.128,0.019,-0.674,3100,0,0,3134,11,2292,293,2023,46,0.998,1,2283,0,91.748,3.473,-36.250,-83.938,-7.625,0.113,-0.145,1.406,-3.102,-1.563,0.027,0.228,0.334,1.085,1.302,2,NULL,NULL,,3,0,2,7,255,1231,250,0,0
stim,256489,286610,1,286610,3483904.455,-0.727,0.126,0.018,-0.675,3099,0,0,3141,267,2331,286,2095,46,0.998,1,2283,0,53.595,5.090,-26.625,-40.500,-22.875,0.488,0.102,1.391,-2.977,-4.129,2.605,0.214,0.304,1.085,1.302,2,NULL,NULL,,3,1,2,7,255,1231,250,0,0
stim,256489,286610,1,286610,3483909.454,-0.727,0.124,0.018,-0.675,3100,0,0,3144,469,2356,299,2141,46,0.998,1,2283,0,47.105,6.679,-25.188,-37.813,12.438,0.496,0.746,1.172,-0.215,-6.676,2.605,0.202,0.270,1.085,1.302,2,NULL,NULL,,3,1,2,7,255,1231,250,0,0
stim,256489,286610,1,286610,3483914.455,-0.728,0.122,0.018,-0.675,3100,0,0,3147,599,2379,301,2197,46,0.998,1,2283,0,43.265,8.343,-34.125,-26.500,2.250,-0.230,0.727,1.656,5.004,-6.676,2.605,0.190,0.234,1.085,1.302,2,NULL,NULL,,3,1,2,7,255,1231,250,0,0
stim,256489,286610,1,286610,3483919.454,-0.727,0.119,0.021,-0.676,3101,0,0,3149,727,2397,314,2234,46,0.998,1,2283,0,115.554,5.047,-105.625,-15.250,-44.313,-0.293,0.254,1.262,5.004,-0.660,3.078,0.180,0.202,1.085,1.302,2,NULL,NULL,,3,1,2,7,255,1231,250,0,0
stim,256489,286610,1,286610,3483924.455,-0.726,0.115,0.023,-0.677,3101,0,0,3149,851,2413,327,2277,46,0.998,1,2283,0,109.109,1.087,-96.625,-12.938,-49.000,-0.086,0.070,0.711,0.918,-0.582,3.078,0.176,0.176,1.085,1.302,2,NULL,NULL,,3,1,2,7,255,1231,250,0,0
stim,256489,286610,1,286610,3483929.454,-0.725,0.113,0.025,-0.679,3099,9,0,3155,987,2427,331,2315,46,0.998,1,2283,0,82.164,0.378,-51.875,-11.750,-62.625,-0.227,0.027,0.918,-0.117,0.359,-0.570,0.178,0.160,1.085,1.302,2,NULL,NULL,,3,1,2,7,255,1231,250,0,0
stim,256511,286632,1,286632,3483934.455,-0.722,0.111,0.026,-0.682,3099,23,0,3155,1113,2445,335,2345,46,0.998,1,2283,0,91.871,0.594,-38.750,-7.750,-82.938,-0.066,0.156,1.078,-0.117,-0.582,-0.570,0.180,0.150,1.085,1.302,2,NULL,NULL,,3,1,2,7,255,1231,250,0,0
stim,256511,286632,1,286632,3483939.453,-0.720,0.109,0.027,-0.684,3099,54,0,3157,1193,2432,351,2375,46,0.998,1,2283,0,92.146,1.427,-55.250,-7.375,-73.375,0.078,0.117,1.098,0.242,-1.406,0.660,0.184,0.142,1.085,1.302,2,NULL,NULL,,3,1,2,7,255,1231,250,0,0
stim,256511,286632,1,286632,3483944.455,-0.719,0.106,0.030,-0.686,3100,69,0,3161,1287,2472,371,2403,46,0.998,1,2283,0,86.951,2.333,-72.500,-3.500,-47.875,0.039,-0.098,0.984,0.242,-2.320,0.660,0.186,0.136,1.085,1.302,2,NULL,NULL,,3,1,2,7,255,1231,250,0,0
stim,256511,286632,1,286632,3483949.453,-0.719,0.104,0.032,-0.687,3101,76,0,3163,1371,2486,373,2428,46,0.998,1,2283,0,75.508,2.791,-65.625,-4.063,-37.125,-0.133,-0.090,0.828,-1.551,-2.320,-0.527,0.192,0.130,1.085,1.302,2,NULL,NULL,,3,1,2,7,255,1231,250,0,0
stim,256511,286632,1,286632,3483954.455,-0.717,0.102,0.033,-0.688,3103,104,0,3165,1469,2503,375,2445,46,0.998,1,2283,0,62.809,1.595,-37.500,-5.125,-50.125,-0.203,0.047,0.844,-1.551,-0.375,-1.301,0.200,0.120,1.085,1.302,2,NULL,NULL,,3,1,2,7,255,1231,250,0,0
stim,256511,286632,1,286632,3483959.454,-0.716,0.101,0.034,-0.690,3099,120,0,3164,1545,2515,371,2463,46,0.998,1,2283,0,65.942,0.498,-22.375,-4.375,-61.875,-0.121,0.039,0.980,-0.328,-0.375,-1.301,0.212,0.110,1.085,1.302,2,NULL,NULL,,3,1,2,7,255,1231,250,0,0
stim,256511,286632,1,286632,3483964.455,-0.714,0.100,0.035,-0.692,3103,149,0,3172,1592,2526,371,2479,46,0.998,1,2283,0,61.366,0.787,-27.000,-3.438,-55.000,-0.027,-0.031,1.039,-0.328,-0.715,-0.129,0.226,0.096,1.085,1.302,2,NULL,NULL,,3,1,2,7,255,1231,250,0,0
stim,256511,286632,1,286632,3483969.454,-0.713,0.099,0.036,-0.693,3107,180,5,3174,1638,2535,367,2493,46,0.998,1,2283,0,49.419,1.771,-30.750,-2.188,-38.625,-0.047,-0.027,1.016,-0.930,-1.508,-0.004,0.240,0.084,1.085,1.302,2,NULL,NULL,,3,1,2,7,255,1231,250,0,0
stim,256541,286662,1,286662,3483974.455,-0.712,0.098,0.036,-0.694,3107,215,41,3144,1701,2540,367,2475,46,0.998,1,2283,0,42.857,1.771,-29.250,-0.813,-31.313,-0.109,0.031,0.988,-0.930,-1.508,-0.004,0.250,0.078,1.085,1.302,2,NULL,NULL,,3,1,2,7,255,1231,250,0,0
stim,256541,286662,1,286662,3483979.453,-0.711,0.097,0.037,-0.695,3109,235,69,3179,1753,2547,363,2509,46,0.998,1,2283,0,41.353,0.916,-24.500,-0.250,-33.313,-0.121,0.027,1.004,-0.348,-0.848,-0.004,0.256,0.074,1.085,1.302,2,NULL,NULL,,3,1,2,7,255,1231,250,0,0
stim,256541,286662,1,286662,3483984.455,-0.710,0.096,0.038,-0.696,3110,239,93,3179,1787,2547,355,2511,46,0.998,1,2283,0,39.146,0.916,-23.063,0.625,-31.625,-0.059,-0.090,0.996,-0.348,-0.848,-0.090,0.260,0.072,1.085,1.302,2,NULL,NULL,,3,1,2,7,255,1231,250,0,0
stim,256541,286662,1,286662,3483989.453,-0.710,0.095,0.039,-0.697,3109,255,134,3176,1820,2551,351,2515,46,0.998,1,2283,0,26.209,1.850,-19.563,0.375,-17.438,-0.070,-0.176,0.949,-1.438,-1.164,-0.188,0.266,0.070,1.085,1.302,2,NULL,NULL,,3,1,2,7,255,1231,250,0,0
stim,256541,286662,1,286662,3483994.455,-0.710,0.094,0.039,-0.697,3109,271,173,3179,1844,2552,351,2519,46,0.998,1,2283,0,16.935,1.902,-15.500,-0.375,-6.813,-0.141,-0.098,0.957,-1.504,-1.164,-0.391,0.274,0.066,1.085,1.302,2,NULL,NULL,,3,1,2,7,255,1231,250,0,0
stim,256541,286662,1,286662,3483999.453,-0.710,0.094,0.040,-0.697,3109,271,217,3179,1875,2551,333,2522,46,0.998,1,2283,0,13.957,1.582,-12.563,-1.313,-5.938,-0.211,-0.023,0.965,-1.504,-0.492,-0.391,0.280,0.062,1.085,1.302,2,NULL,NULL,,3,1,2,7,255,1231,250,0,0
stim,256594,286715,1,286715,3484004.455,-0.709,0.093,0.040,-0.698,3108,265,263,3179,1885,2555,312,2523,46,0.998,1,2283,0,17.481,1.021,-8.750,-0.500,-15.125,-0.184,-0.051,0.980,-1.016,-0.102,-0.176,0.286,0.060,1.085,1.302,2,NULL,NULL,,3,1,2,7,255,1231,250,0,0
stim,256594,286715,1,286715,3484009.454,-0.709,0.093,0.040,-0.698,3104,270,295,3180,1901,2556,293,2525,46,1.048,1,2283,1,13.968,1.021,-8.375,-2.313,-10.938,-0.109,-0.063,0.996,-1.016,-0.102,-0.074,0.000,0.000,1.079,1.305,2,NULL,NULL,,3,1,2,7,255,1231,250,0,0
stim,256594,286715,1,286715,3484014.455,-0.709,0.092,0.041,-0.698,3107,271,303,3179,1917,2555,285,2525,46,1.048,1,2283,1,8.814,1.278,-8.375,-2.688,-0.563,-0.129,-0.090,0.969,-1.121,-0.613,-0.074,0.006,0.006,1.079,1.305,2,NULL,NULL,,3,1,2,7,255,1231,250,0,0
stim,256594,286715,1,286715,3484019.453,-0.709,0.092,0.041,-0.698,3102,263,334,3175,1931,2555,267,2527,46,1.048,1,2283,1,5.323,1.347,-4.875,-2.063,0.563,-0.188,-0.070,0.957,-1.199,-0.613,-0.289,0.012,0.012,1.079,1.305,2,NULL,NULL,,3,1,2,7,255,1231,250,0,0
stim,256594,286715,1,286715,3484024.455,-0.709,0.092,0.041,-0.698,3099,251,349,3173,1941,2553,253,2530,46,1.048,1,2283,1,3.982,1.220,-0.813,-2.938,-2.563,-0.172,-0.016,0.984,-1.199,-0.223,-0.289,0.018,0.016,1.079,1.305,2,NULL,NULL,,3,1,2,7,255,1231,250,0,0
stim,256594,286715,1,286715,3484029.453,-0.709,0.091,0.041,-0.698,3097,245,370,3169,1947,2553,245,2531,46,1.048,1,2283,1,4.436,0.704,0.625,-4.000,-1.813,-0.152,0.004,0.992,-0.668,-0.223,-0.047,0.022,0.020,1.079,1.305,2,NULL,NULL,,3,1,2,7,255,1231,250,0,0
stim,256594,286715,1,286715,3484034.455,-0.709,0.091,0.041,-0.698,3093,237,409,3161,1951,2550,238,2531,46,1.048,1,2283,1,4.092,0.622,1.188,-3.875,-0.563,-0.152,0.020,0.996,-0.461,-0.418,0.020,0.026,0.024,1.079,1.305,2,NULL,NULL,,3,1,2,7,255,1231,250,0,0
stim,256594,286715,1,286715,3484039.453,-0.709,0.091,0.040,-0.698,3092,235,415,3159,1957,2549,219,2533,46,1.048,1,2283,1,3.898,0.529,1.500,-3.563,-0.500,-0.164,0.031,1.000,-0.324,-0.418,0.070,0.030,0.028,1.079,1.305,2,NULL,NULL,,3,1,2,7,255,1231,250,0,0
stim,256594,286715,1,286715,3484044.455,-0.709,0.091,0.040,-0.698,3087,229,422,3149,1961,2493,199,2533,46,1.048,1,2283,1,3.751,0.375,1.188,-3.375,-1.125,-0.172,0.035,1.000,-0.207,-0.313,0.109,0.034,0.030,1.079,1.305,2,NULL,NULL,,3,1,2,7,255,1231,250,0,0
stim,256594,286715,1,286715,3484049.454,-0.709,0.091,0.040,-0.698,3081,233,427,3145,1965,2547,190,2535,46,1.048,1,2283,1,5.135,0.296,1.125,-4.188,-2.750,-0.188,0.027,0.992,-0.207,-0.211,0.109,0.036,0.030,1.079,1.305,2,NULL,NULL,,3,1,2,7,255,1231,250,0,0
stim,256616,286737,1,286737,3484054.455,-0.709,0.091,0.040,-0.699,3069,219,436,3135,1973,2541,185,2535,46,1.048,1,2283,1,7.994,0.165,3.188,-4.625,-5.688,-0.188,0.047,0.980,-0.152,-0.063,0.066,0.036,0.030,1.079,1.305,2,NULL,NULL,,3,1,2,7,255,1231,250,0,0
stim,256616,286737,1,286737,3484059.454,-0.708,0.091,0.040,-0.699,3065,213,444,3129,1973,2537,199,2537,46,1.048,1,2283,1,10.783,0.088,5.125,-5.000,-8.063,-0.172,0.066,0.996,-0.063,-0.063,0.066,0.036,0.030,1.079,1.305,2,NULL,NULL,,3,1,2,7,255,1231,250,0,0
stim,256616,286737,1,286737,3484064.455,-0.708,0.091,0.039,-0.699,3055,203,479,3119,1975,2535,203,2537,46,1.048,1,2283,1,10.252,0.241,4.063,-5.250,-7.813,-0.160,0.078,1.016,0.141,-0.195,0.109,0.038,0.030,1.079,1.305,2,NULL,NULL,,3,1,2,7,255,1231,250,0,0
stim,256616,286737,1,286737,3484069.453,-0.708,0.091,0.039,-0.699,3049,201,495,3111,1982,2531,215,2539,46,1.048,1,2283,1,8.314,0.329,0.813,-5.563,-6.125,-0.172,0.078,1.012,0.246,-0.219,0.270,0.038,0.028,1.079,1.305,2,NULL,NULL,,3,1,2,7,255,1231,250,0,0
stim,256638,286759,1,286759,3484074.455,-0.708,0.091,0.039,-0.699,3033,199,529,3096,1994,2525,229,2537,46,1.048,1,2283,1,9.505,0.335,0.188,-6.625,-6.813,-0.195,0.098,0.988,0.254,-0.219,0.270,0.036,0.024,1.079,1.305,2,NULL,NULL,,3,1,2,7,255,1231,250,0,0
stim,256638,286759,1,286759,3484079.453,-0.708,0.090,0.038,-0.700,3027,191,563,3090,2014,2523,263,2547,46,1.048,1,2283,1,12.838,0.423,2.813,-7.375,-10.125,-0.191,0.145,0.996,0.422,0.023,0.164,0.034,0.022,1.079,1.305,2,NULL,NULL,,3,1,2,7,255,1231,250,0,0
stim,256638,286759,1,286759,3484084.455,-0.707,0.090,0.038,-0.700,3016,199,634,3081,2035,2523,273,2550,46,1.048,1,2283,1,15.012,0.875,3.438,-8.063,-12.188,-0.164,0.184,1.031,0.875,0.023,0.164,0.032,0.018,1.079,1.305,2,NULL,NULL,,3,1,2,7,255,1231,250,0,0
stim,256638,286759,1,286759,3484089.454,-0.707,0.090,0.038,-0.701,3001,216,669,3066,2056,2527,279,2557,46,1.048,1,2283,1,13.766,1.292,-0.313,-8.188,-11.063,-0.145,0.207,1.055,1.258,-0.297,0.480,0.030,0.012,1.079,1.305,2,NULL,NULL,,3,1,2,7,255,1231,250,0,0
stim,256661,286782,1,286782,3484094.455,-0.707,0.090,0.037,-0.701,2987,221,709,3050,2080,2523,311,2580,46,1.048,1,2283,1,13.838,1.547,-5.625,-8.125,-9.688,-0.145,0.207,1.043,1.469,-0.484,0.590,0.028,0.008,1.079,1.305,2,NULL,NULL,,3,1,2,7,255,1231,250,0,0
stim,256661,286782,1,286782,3484099.454,-0.706,0.089,0.037,-0.701,2976,233,729,3047,2105,2525,332,2577,46,1.048,1,2283,1,15.202,1.547,-8.500,-8.063,-9.688,-0.156,0.164,1.016,1.469,-0.484,0.590,0.028,0.004,1.079,1.305,2,NULL,NULL,,3,1,2,7,255,1231,250,0,0
stim,256691,286812,1,286812,3484104.455,-0.706,0.089,0.037,-0.702,2965,249,775,3041,2149,2524,380,2587,46,1.048,1,2283,1,15.525,1.139,-7.688,-8.063,-10.813,-0.164,0.133,1.004,1.086,-0.344,0.313,0.030,0.000,1.079,1.305,2,NULL,NULL,,3,1,2,7,255,1231,250,0,0
stim,256691,286812,1,286812,3484109.454,-0.706,0.089,0.037,-0.702,2952,267,819,3031,2194,2521,407,2596,46,1.048,1,2283,1,16.610,0.950,-6.625,-7.938,-13.000,-0.160,0.145,1.000,0.914,-0.258,0.215,0.030,0.002,1.079,1.305,2,NULL,NULL,,3,1,2,7,255,1231,250,0,0
stim,256691,286812,1,286812,3484114.455,-0.705,0.088,0.037,-0.702,2931,271,901,3020,2229,2523,437,2604,46,1.048,1,2283,1,18.286,0.950,-6.750,-7.500,-15.250,-0.152,0.148,1.012,0.914,-0.258,0.215,0.032,0.006,1.079,1.305,2,NULL,NULL,,3,1,2,7,255,1231,250,0,0
stim,256691,286812,1,286812,3484119.453,-0.705,0.088,0.037,-0.703,2919,262,963,3007,2259,2521,457,2615,46,1.048,1,2283,1,20.171,0.975,-9.625,-6.938,-16.313,-0.145,0.113,1.012,0.914,-0.340,0.242,0.032,0.008,1.079,1.305,2,NULL,NULL,,3,1,2,7,255,1231,250,0,0
stim,256691,286812,1,286812,3484124.455,-0.704,0.087,0.037,-0.703,2906,263,1022,3003,2281,2522,519,2621,46,1.048,1,2283,1,22.765,0.694,-12.750,-6.375,-17.750,-0.156,0.070,0.996,0.605,-0.340,0.242,0.034,0.010,1.079,1.305,2,NULL,NULL,,3,1,2,7,255,1231,250,0,0
stim,256691,286812,1,286812,3484129.454,-0.704,0.086,0.038,-0.704,2889,269,1117,2987,2311,2520,597,2632,46,1.048,1,2283,1,24.392,0.350,-13.438,-6.438,-19.313,-0.160,0.027,0.977,0.223,-0.270,0.078,0.034,0.012,1.079,1.305,2,NULL,NULL,,3,1,2,7,255,1231,250,0,0
stim,256691,286812,1,286812,3484134.455,-0.703,0.086,0.038,-0.705,2875,279,1211,2985,2335,2521,667,2638,46,1.048,1,2283,1,25.533,0.273,-14.063,-6.250,-20.375,-0.164,-0.020,0.961,-0.195,-0.191,-0.102,0.034,0.012,1.079,1.305,2,NULL,NULL,,3,1,2,7,255,1231,250,0,0
stim,256691,286812,1,286812,3484139.454,-0.703,0.085,0.038,-0.705,2858,284,1270,2969,2373,2521,757,2646,46,1.048,1,2283,1,26.441,0.642,-12.688,-6.563,-22.250,-0.168,-0.039,0.945,-0.633,-0.105,-0.262,0.034,0.016,1.079,1.305,2,NULL,NULL,,3,1,2,7,255,1231,250,0,0
stim,256691,286812,1,286812,3484144.455,-0.702,0.084,0.038,-0.706,2838,301,1355,2964,2397,2521,828,2657,46,1.048,1,2283,1,27.234,0.669,-11.938,-7.063,-23.438,-0.148,-0.027,0.953,-0.660,-0.105,-0.387,0.034,0.016,1.079,1.305,2,NULL,NULL,,3,1,2,7,255,1231,250,0,0
stim,256691,286812,1,286812,3484149.453,-0.701,0.083,0.039,-0.707,2823,329,1436,2953,2416,2524,917,2664,46,1.048,1,2283,1,28.030,0.671,-12.938,-7.563,-23.688,-0.172,-0.027,0.973,-0.668,-0.063,-0.387,0.032,0.018,1.079,1.305,2,NULL,NULL,,3,1,2,7,255,1231,250,0,0
stim,256728,286849,0,286849,3484154.455,-0.701,0.083,0.039,-0.708,2805,329,1517,2943,2445,2527,999,2676,46,1.048,1,2283,1,30.109,0.661,-14.750,-8.563,-24.813,-0.176,-0.020,0.984,-0.660,-0.031,-0.152,0.032,0.020,1.079,1.305,2,NULL,NULL,,3,0,2,7,255,1225,250,0,0
stim,256728,286849,0,286849,3484159.454,-0.700,0.082,0.039,-0.708,2793,356,1606,2931,2473,2531,1085,2681,46,1.048,1,2283,1,32.810,0.583,-16.625,-9.375,-26.688,-0.188,-0.004,0.980,-0.582,-0.023,-0.051,0.032,0.020,1.079,1.305,2,NULL,NULL,,3,0,2,7,255,1225,250,0,0
stim,256728,286849,0,286849,3484164.455,-0.699,0.081,0.040,-0.709,2771,389,1685,2916,2501,2535,1147,2701,46,1.048,1,2283,1,34.641,0.403,-19.250,-10.188,-26.938,-0.168,-0.004,0.973,-0.402,-0.023,-0.051,0.032,0.020,1.079,1.305,2,NULL,NULL,,3,0,2,7,255,1225,250,0,0
stim,256728,286849,0,286849,3484169.454,-0.699,0.080,0.040,-0.710,2747,405,1774,2905,2524,2537,1241,2707,46,1.048,1,2283,1,35.912,0.365,-20.938,-10.750,-27.125,-0.172,0.000,0.977,-0.363,-0.035,-0.090,0.034,0.020,1.079,1.305,2,NULL,NULL,,3,0,2,7,255,1225,250,0,0
stim,256728,286849,0,286849,3484174.455,-0.698,0.079,0.041,-0.711,2726,426,1835,2899,2547,2535,1347,2711,46,1.048,1,2283,1,37.078,0.334,-20.500,-11.625,-28.625,-0.160,0.004,0.977,-0.324,-0.082,-0.121,0.034,0.018,1.079,1.305,2,NULL,NULL,,3,0,2,7,255,1225,250,0,0
stim,256728,286849,0,286849,3484179.454,-0.697,0.078,0.041,-0.712,2714,438,1901,2877,2569,2543,1416,2733,46,1.048,1,2283,1,34.912,0.284,-16.875,-12.250,-28.000,-0.133,0.004,0.961,-0.262,-0.109,-0.121,0.036,0.018,1.079,1.305,2,NULL,NULL,,3,0,2,7,255,1225,250,0,0
stim,256754,286875,0,286875,3484184.455,-0.696,0.077,0.041,-0.712,2676,458,1971,2872,2589,2541,1493,2747,46,1.048,1,2283,1,30.832,0.432,-13.750,-12.938,-24.375,-0.121,-0.004,0.973,-0.262,-0.344,-0.223,0.036,0.018,1.079,1.305,2,NULL,NULL,,3,0,2,7,255,1225,250,0,0
stim,256754,286875,0,286875,3484189.453,-0.696,0.076,0.041,-0.713,2657,483,2060,2857,2617,2547,1583,2759,46,1.048,1,2283,1,28.575,0.494,-13.250,-13.063,-21.688,-0.133,-0.012,0.988,-0.316,-0.379,-0.223,0.038,0.018,1.079,1.305,2,NULL,NULL,,3,0,2,7,255,1225,250,0,0
stim,256754,286875,0,286875,3484194.455,-0.695,0.075,0.041,-0.714,2623,505,2140,2843,2624,2551,1642,2769,46,1.048,1,2283,1,28.317,0.494,-13.063,-13.000,-21.500,-0.148,0.000,0.988,-0.316,-0.379,-0.039,0.040,0.018,1.079,1.305,2,NULL,NULL,,3,0,2,7,255,1225,250,0,0
stim,256754,286875,0,286875,3484199.453,-0.694,0.074,0.041,-0.715,2600,539,2193,2815,2648,2552,1701,2792,46,1.048,1,2283,1,29.188,0.323,-12.313,-13.625,-22.688,-0.148,0.016,0.988,-0.230,-0.227,-0.020,0.042,0.018,1.079,1.305,2,NULL,NULL,,3,0,2,7,255,1225,250,0,0
stim,256790,286911,0,286911,3484204.455,-0.694,0.073,0.041,-0.715,2546,552,2255,2799,2681,2567,1785,2788,46,1.048,1,2283,1,29.259,0.244,-11.625,-13.750,-23.063,-0.133,0.012,0.996,-0.090,-0.227,-0.012,0.042,0.018,1.079,1.305,2,NULL,NULL,,3,0,2,7,255,1225,250,0,0
stim,256790,286911,0,286911,3484209.454,-0.693,0.072,0.041,-0.716,2507,573,2302,2794,2699,2566,1869,2789,46,1.048,1,2283,1,28.475,0.355,-12.063,-14.250,-21.500,-0.133,0.000,1.008,-0.090,-0.344,0.027,0.044,0.018,1.079,1.305,2,NULL,NULL,,3,0,2,7,255,1225,250,0,0
stim,256790,286911,0,286911,3484214.455,-0.693,0.071,0.041,-0.717,2477,590,2356,2767,2724,2577,1939,2797,46,1.048,1,2283,1,28.449,0.384,-13.938,-14.750,-19.938,-0.141,0.000,1.008,-0.172,-0.344,0.141,0.044,0.020,1.079,1.305,2,NULL,NULL,,3,0,2,7,255,1225,250,0,0
stim,256790,286911,0,286911,3484219.453,-0.692,0.070,0.041,-0.717,2427,595,2407,2750,2731,2573,2003,2811,46,1.048,1,2283,1,29.648,0.310,-15.938,-15.000,-20.000,-0.152,0.012,1.016,-0.172,-0.258,0.176,0.044,0.020,1.079,1.305,2,NULL,NULL,,3,0,2,7,255,1225,250,0,0
stim,256790,286911,0,286911,3484224.455,-0.692,0.069,0.041,-0.718,2392,601,2452,2715,2742,2567,2063,2813,46,1.048,1,2283,1,34.203,0.182,-19.313,-15.063,-23.875,-0.156,0.020,1.027,-0.047,-0.176,0.242,0.046,0.022,1.079,1.305,2,NULL,NULL,,3,0,2,7,255,1225,250,0,0
stim,256790,286911,0,286911,3484229.453,-0.691,0.068,0.042,-0.719,2327,616,2507,2683,2771,2569,2117,2828,46,1.048,1,2283,1,39.565,0.182,-24.688,-15.063,-27.000,-0.145,-0.012,1.027,-0.047,-0.176,0.355,0.046,0.022,1.079,1.305,2,NULL,NULL,,3,0,2,7,255,1225,250,0,0
stim,256811,286932,0,286932,3484234.455,-0.690,0.066,0.042,-0.719,2260,616,2536,2651,2771,2571,2153,2841,46,1.048,1,2283,1,43.674,0.307,-30.625,-15.938,-26.750,-0.133,-0.035,1.020,-0.230,-0.203,0.355,0.048,0.022,1.079,1.305,2,NULL,NULL,,3,0,2,7,255,1225,250,0,0
stim,256811,286932,0,286932,3484239.454,-0.690,0.065,0.043,-0.720,2195,621,2571,2615,2789,2549,2185,2845,46,1.048,1,2283,1,42.321,0.531,-30.375,-17.188,-23.938,-0.125,-0.043,0.969,-0.445,-0.289,0.246,0.048,0.024,1.079,1.305,2,NULL,NULL,,3,0,2,7,255,1225,250,0,0
stim,256811,286932,0,286932,3484244.455,-0.689,0.063,0.043,-0.721,2138,622,2602,2583,2807,2572,2236,2861,46,1.048,1,2283,1,35.282,0.531,-22.188,-17.500,-21.125,-0.125,-0.031,0.934,-0.445,-0.289,-0.262,0.050,0.024,1.079,1.305,2,NULL,NULL,,3,0,2,7,255,1225,250,0,0
stim,256811,286932,0,286932,3484249.454,-0.688,0.062,0.043,-0.721,2045,623,2627,2535,2823,2573,2279,2871,46,1.048,1,2283,1,30.124,0.409,-13.375,-17.188,-20.813,-0.137,-0.031,0.949,-0.348,-0.215,-0.398,0.050,0.026,1.079,1.305,2,NULL,NULL,,3,0,2,7,255,1225,250,0,0
stim,256811,286932,0,286932,3484254.455,-0.688,0.061,0.043,-0.722,1973,605,2655,2487,2840,2573,2319,2887,46,1.048,1,2283,1,30.634,0.409,-13.500,-18.188,-20.625,-0.137,-0.039,1.027,-0.348,-0.215,-0.398,0.052,0.026,1.079,1.305,2,NULL,NULL,,3,0,2,7,255,1225,250,0,0
stim,256811,286932,0,286932,3484259.454,-0.687,0.060,0.043,-0.723,1891,587,2683,2415,2847,2571,2357,2892,46,1.048,1,2283,1,32.277,0.386,-16.625,-19.563,-19.563,-0.125,-0.012,1.043,-0.313,-0.227,0.359,0.052,0.026,1.079,1.305,2,NULL,NULL,,3,0,2,7,255,1225,250,0,0
stim,256811,286932,0,286932,3484264.455,-0.687,0.059,0.043,-0.723,1789,582,2714,2333,2861,2577,2395,2899,46,1.048,1,2283,1,31.974,0.252,-16.750,-19.813,-18.688,-0.156,-0.008,1.016,-0.109,-0.227,0.359,0.052,0.028,1.079,1.305,2,NULL,NULL,,3,0,2,7,255,1225,250,0,0
stim,256811,286932,0,286932,3484269.453,-0.686,0.057,0.043,-0.724,1659,552,2733,2275,2873,2577,2423,2899,46,1.048,1,2283,1,34.207,0.227,-18.563,-19.875,-20.750,-0.129,-0.039,1.012,-0.109,-0.199,0.266,0.054,0.028,1.079,1.305,2,NULL,NULL,,3,0,2,7,255,1225,250,0,0
stim,256841,286962,0,286962,3484274.455,-0.686,0.056,0.043,-0.724,1509,507,2757,2200,2885,2567,2453,2943,46,1.048,1,2283,1,34.042,0.261,-20.125,-22.313,-16.000,-0.105,-0.023,1.020,-0.168,-0.199,0.230,0.054,0.030,1.079,1.305,2,NULL,NULL,,3,0,2,7,255,1225,250,0,0
stim,256841,286962,0,286962,3484279.454,-0.685,0.055,0.043,-0.725,1341,477,2781,2089,2903,2571,2490,2915,46,1.048,1,2283,1,33.462,0.261,-19.063,-21.813,-16.750,-0.168,-0.012,1.027,-0.168,-0.199,0.230,0.056,0.030,1.079,1.305,2,NULL,NULL,,3,0,2,7,255,1225,250,0,0
stim,256841,286962,0,286962,3484284.455,-0.685,0.053,0.043,-0.725,1223,439,2807,1939,2907,2569,2527,2931,46,1.048,1,2283,1,37.652,0.027,-20.938,-22.500,-21.750,-0.148,0.027,1.035,0.000,-0.027,0.391,0.056,0.030,1.079,1.305,2,NULL,NULL,,3,0,2,7,255,1225,250,0,0
stim,256841,286962,0,286962,3484289.454,-0.684,0.052,0.042,-0.726,1064,365,2823,1789,2918,2552,2555,2961,46,1.048,1,2283,1,37.092,0.372,-19.125,-24.750,-19.938,-0.129,0.059,1.020,0.371,-0.027,0.391,0.058,0.032,1.079,1.305,2,NULL,NULL,,3,0,2,7,255,1225,250,0,0
stim,256841,286962,0,286962,3484294.455,-0.684,0.051,0.042,-0.727,889,337,2843,1630,2935,2547,2597,2939,46,1.048,1,2283,1,36.759,0.485,-18.125,-25.250,-19.625,-0.148,0.035,1.047,0.484,-0.027,0.441,0.058,0.034,1.079,1.305,2,NULL,NULL,,3,0,2,7,255,1225,250,0,0
stim,256841,286962,0,286962,3484299.453,-0.683,0.049,0.042,-0.727,647,303,2867,1454,2953,2547,2628,2943,46,1.048,1,2283,1,38.328,0.574,-18.188,-26.938,-20.313,-0.160,0.039,1.090,0.574,-0.004,0.551,0.056,0.034,1.079,1.305,2,NULL,NULL,,3,0,2,7,255,1225,250,0,0
stim,256894,287015,0,287015,3484304.455,-0.683,0.048,0.042,-0.728,487,239,2872,1243,2955,2532,2651,2957,46,1.048,1,2283,1,44.667,0.493,-22.563,-27.938,-26.563,-0.180,0.012,1.090,0.484,0.090,0.957,0.056,0.036,1.079,1.305,2,NULL,NULL,,3,0,2,7,255,1225,250,0,0
stim,256894,287015,0,287015,3484309.454,-0.682,0.046,0.042,-0.729,318,181,2897,1047,2971,2522,2679,2963,46,1.048,1,2283,1,47.220,0.581,-27.250,-31.000,-22.938,-0.152,0.043,1.094,0.574,0.090,0.980,0.056,0.038,1.079,1.305,2,NULL,NULL,,3,0,2,7,255,1225,250,0,0
stim,256894,287015,0,287015,3484314.455,-0.681,0.044,0.042,-0.730,157,141,2905,823,2986,2510,2701,2969,46,1.048,1,2283,1,54.227,0.613,-27.188,-30.750,-35.438,-0.191,0.027,1.074,0.543,0.285,0.980,0.054,0.042,1.079,1.305,2,NULL,NULL,,3,0,2,7,255,1225,250,0,0
stim,256894,287015,0,287015,3484319.454,-0.680,0.042,0.041,-0.731,84,85,2917,608,2995,2494,2727,2967,46,1.048,1,2283,1,54.476,0.661,-26.500,-35.625,-31.563,-0.117,0.090,1.074,0.660,0.031,0.867,0.052,0.044,1.079,1.305,2,NULL,NULL,,3,0,2,7,255,1225,250,0,0
stim,256894,287015,0,287015,3484324.455,-0.679,0.040,0.041,-0.732,25,48,2931,427,3005,2459,2757,2974,46,1.048,1,2283,1,62.299,0.993,-22.313,-36.625,-45.188,-0.137,0.070,1.086,0.992,-0.039,0.867,0.052,0.046,1.079,1.305,2,NULL,NULL,,3,0,2,7,255,1225,250,0,0
stim,256894,287015,0,287015,3484329.453,-0.678,0.039,0.040,-0.733,0,31,2941,229,3019,2444,2781,2981,46,1.048,1,2283,1,56.204,1.178,-14.688,-42.375,-33.875,-0.063,0.109,1.070,1.148,-0.262,0.738,0.050,0.048,1.079,1.305,2,NULL,NULL,,3,0,2,7,255,1225,250,0,0
stim,256894,287015,0,287015,3484334.455,-0.677,0.037,0.039,-0.734,0,8,2941,117,3029,2408,2803,2985,46,1.048,1,2283,1,65.388,1.047,-14.000,-43.250,-47.000,-0.105,0.074,1.020,1.027,-0.203,0.617,0.050,0.052,1.079,1.305,2,NULL,NULL,,3,0,2,7,255,1225,250,0,0
stim,256894,287015,0,287015,3484339.453,-0.676,0.035,0.038,-0.735,0,0,2953,83,3029,2380,2815,2985,46,1.048,1,2283,1,59.796,1.047,8.813,-49.938,-31.688,-0.234,0.004,1.145,1.027,-0.203,0.617,0.048,0.056,1.079,1.305,2,NULL,NULL,,3,0,2,7,255,1225,250,0,0
stim,256894,287015,0,287015,3484344.455,-0.675,0.035,0.035,-0.736,0,0,2957,73,3033,2299,2840,2985,46,1.048,1,2283,0,71.011,1.122,31.563,-60.688,-19.063,-0.434,-0.121,1.434,0.469,1.020,1.566,0.044,0.062,1.079,1.305,3,NULL,NULL,,3,0,2,7,255,1225,250,0,0
stim,256894,287015,0,287015,3484349.454,-0.675,0.034,0.031,-0.737,0,0,2969,54,3049,2311,2861,2997,46,1.048,1,2283,0,89.116,2.845,49.563,-71.500,-19.313,-0.496,-0.113,1.762,-0.344,2.824,4.637,0.038,0.068,1.079,1.305,3,NULL,NULL,,3,0,2,7,255,1225,250,0,0
stim,256917,287038,0,287038,3484354.455,-0.674,0.030,0.030,-0.737,0,0,2973,0,3051,2274,2873,2995,46,1.048,1,2283,0,83.789,2.845,-28.563,-75.125,-23.688,-0.172,0.000,1.629,-0.344,2.824,6.238,0.030,0.078,1.079,1.305,3,NULL,NULL,,3,0,2,7,255,1225,250,0,0
stim,256917,287038,0,287038,3484359.454,-0.674,0.025,0.031,-0.738,0,0,2981,0,3052,2215,2893,2990,46,1.048,1,2283,0,117.835,0.395,-90.000,-70.000,-29.750,-0.004,-0.133,1.098,-0.344,0.195,6.238,0.024,0.084,1.079,1.305,3,NULL,NULL,,3,0,2,7,255,1225,250,0,0
stim,256917,287038,0,287038,3484364.455,-0.674,0.021,0.031,-0.738,0,0,2975,0,3059,2137,2902,3007,46,1.048,1,2283,0,97.225,1.019,-54.688,-78.500,17.313,-0.117,-0.188,0.848,-1.000,0.195,0.977,0.022,0.090,1.079,1.305,3,NULL,NULL,,3,0,2,7,255,1225,250,0,0
stim,256917,287038,0,287038,3484369.453,-0.675,0.019,0.028,-0.737,0,0,2985,0,3079,2069,2925,2991,46,1.048,1,2283,0,90.399,1.169,-1.938,-86.688,25.563,-0.262,-0.074,0.895,-1.000,0.605,-0.871,0.018,0.094,1.079,1.305,3,NULL,NULL,,3,0,2,7,255,1225,250,0,0
stim,256939,287060,0,287060,3484374.455,-0.676,0.016,0.025,-0.737,0,0,2981,0,3069,1959,2932,2997,46,1.048,1,2283,0,91.053,2.217,14.125,-89.938,1.563,-0.344,-0.176,1.031,-1.098,1.926,-0.871,0.014,0.102,1.079,1.305,3,NULL,NULL,,3,0,2,7,255,1225,250,0,0
stim,256939,287060,0,287060,3484379.453,-0.675,0.014,0.022,-0.737,0,0,2970,0,3076,1851,2935,3037,46,1.048,1,2283,0,98.521,2.371,23.813,-95.063,-10.125,-0.270,-0.230,1.207,-1.098,2.102,0.531,0.012,0.108,1.079,1.305,3,NULL,NULL,,3,0,2,7,255,1225,250,0,0
stim,256939,287060,0,287060,3484384.455,-0.675,0.011,0.019,-0.737,0,0,2971,0,3091,1751,2953,2987,46,1.048,1,2283,0,99.342,2.654,7.313,-98.313,-12.250,-0.152,-0.250,1.230,-1.621,2.102,2.223,0.014,0.118,1.079,1.305,3,NULL,NULL,,3,0,2,7,255,1225,250,0,0
stim,256939,287060,0,287060,3484389.454,-0.675,0.007,0.016,-0.737,0,0,2957,0,3091,1613,2959,2989,46,1.048,1,2283,0,101.142,2.330,-1.813,-101.125,0.500,-0.164,-0.266,1.125,-1.906,1.340,2.223,0.022,0.128,1.079,1.305,3,NULL,NULL,,3,0,2,7,255,1225,250,0,0
stim,256961,287082,0,287082,3484394.455,-0.676,0.004,0.013,-0.737,0,0,2948,0,3087,1451,2966,3019,46,1.048,1,2283,0,105.145,2.330,1.125,-105.125,1.688,-0.160,-0.176,1.074,-1.906,1.340,1.363,0.028,0.136,1.079,1.305,3,NULL,NULL,,3,0,2,7,255,1225,250,0,0
stim,256961,287082,0,287082,3484399.454,-0.676,0.001,0.010,-0.737,0,0,2935,0,3099,1279,2983,2979,46,1.048,1,2283,0,108.981,1.804,8.750,-108.625,1.000,-0.176,-0.145,1.051,-1.199,1.348,0.824,0.036,0.144,1.079,1.305,3,NULL,NULL,,3,0,2,7,255,1225,250,0,0
stim,256991,287112,0,287112,3484404.455,-0.676,-0.002,0.006,-0.737,0,0,2910,0,3096,1086,2983,2981,46,1.048,1,2283,0,116.089,1.825,22.875,-113.813,-0.188,-0.176,-0.086,1.098,-0.902,1.586,0.824,0.042,0.152,1.079,1.305,3,NULL,NULL,,3,0,2,7,255,1225,250,0,0
stim,256991,287112,0,287112,3484409.454,-0.676,-0.005,0.002,-0.737,0,0,2892,0,3092,865,2983,2969,46,1.048,1,2283,0,122.829,1.643,28.563,-119.438,-2.438,-0.168,-0.047,1.176,-0.309,1.613,0.992,0.048,0.160,1.079,1.305,3,NULL,NULL,,3,0,2,7,255,1225,250,0,0
stim,256991,287112,0,287112,3484414.455,-0.676,-0.008,-0.003,-0.737,0,0,2864,0,3094,675,2986,2961,46,1.048,1,2283,0,126.897,1.615,25.000,-124.375,-2.938,-0.141,-0.012,1.250,0.082,1.613,1.715,0.054,0.168,1.079,1.305,3,NULL,NULL,,3,0,2,7,255,1225,250,0,0
stim,256991,287112,0,287112,3484419.454,-0.676,-0.011,-0.007,-0.737,0,0,2841,0,3093,533,2996,2953,46,1.048,1,2283,0,130.467,1.632,20.875,-128.625,-6.438,-0.145,0.027,1.223,0.387,1.586,2.098,0.060,0.176,1.079,1.305,3,NULL,NULL,,3,0,2,7,255,1225,250,0,0
stim,256991,287112,0,287112,3484424.455,-0.676,-0.015,-0.012,-0.737,0,0,2821,0,3100,361,3005,2933,46,1.048,1,2283,0,136.589,1.742,22.875,-134.563,-5.125,-0.133,0.074,1.230,0.738,1.578,2.168,0.066,0.186,1.079,1.305,3,NULL,NULL,,3,0,2,7,255,1225,250,0,0
stim,256991,287112,0,287112,3484429.454,-0.676,-0.018,-0.017,-0.737,0,0,2771,0,3100,151,3006,2919,46,1.048,1,2283,0,143.304,1.986,27.500,-140.625,-2.063,-0.137,0.137,1.262,1.195,1.586,2.168,0.070,0.196,1.079,1.305,3,NULL,NULL,,3,0,2,7,255,1225,250,0,0
stim,256991,287112,0,287112,3484434.455,-0.676,-0.022,-0.022,-0.737,0,0,2715,0,3093,87,3019,2897,46,1.048,1,2283,0,148.969,2.400,24.750,-146.500,-10.813,-0.094,0.215,1.305,1.809,1.578,2.434,0.076,0.206,1.079,1.305,3,NULL,NULL,,3,0,2,7,255,1225,250,0,0
stim,256991,287112,0,287112,3484439.453,-0.675,-0.026,-0.027,-0.737,0,0,2659,0,3089,37,3005,2857,46,1.048,1,2283,0,152.293,2.792,13.188,-151.500,-8.188,-0.066,0.207,1.355,2.414,1.402,2.828,0.084,0.216,1.079,1.305,3,NULL,NULL,,3,0,2,7,255,1225,250,0,0
stim,256991,287112,0,287112,3484444.455,-0.675,-0.031,-0.032,-0.736,0,0,2605,0,3087,0,3013,2836,46,1.048,1,2283,0,156.873,2.873,10.563,-156.500,-2.313,-0.113,0.238,1.484,2.508,1.402,3.328,0.092,0.226,1.079,1.305,3,NULL,NULL,,3,0,2,7,255,1225,250,0,0
stim,256991,287112,0,287112,3484449.453,-0.675,-0.036,-0.036,-0.736,0,0,2539,0,3087,0,3014,2797,46,1.048,1,2283,0,163.510,3.441,-13.125,-162.938,-3.813,-0.133,0.227,1.531,2.754,2.063,4.523,0.104,0.240,1.079,1.305,3,NULL,NULL,,3,0,2,7,255,1225,250,0,0
stim,257026,287147,0,287147,3484454.455,-0.675,-0.042,-0.041,-0.736,0,0,2460,0,3067,0,3004,2774,46,1.048,1,2283,0,171.293,3.738,-22.188,-169.750,-5.813,-0.148,0.176,1.570,2.754,2.527,4.926,0.116,0.254,1.079,1.305,3,NULL,NULL,,3,0,2,7,255,1225,250,0,0
stim,257026,287147,0,287147,3484459.454,-0.675,-0.048,-0.045,-0.735,0,0,2379,0,3075,0,3015,2715,46,1.048,1,2283,0,182.012,3.766,-11.500,-181.188,12.938,-0.215,0.152,1.727,2.348,2.945,5.238,0.134,0.274,1.079,1.305,3,NULL,NULL,,3,0,2,7,255,1225,250,0,0
stim,257026,287147,0,287147,3484464.455,-0.676,-0.055,-0.051,-0.733,0,0,2295,0,3051,0,3007,2661,46,1.048,1,2283,0,201.009,4.692,-19.875,-197.438,32.063,-0.313,0.266,1.922,2.348,4.063,6.641,0.158,0.296,1.079,1.305,3,NULL,NULL,,3,0,2,7,255,1225,250,0,0
stim,257026,287147,0,287147,3484469.454,-0.676,-0.063,-0.055,-0.732,0,0,2174,0,3039,0,2990,2643,46,1.048,1,2283,0,218.846,6.539,-42.625,-212.313,31.625,-0.383,0.363,1.934,3.578,5.473,8.102,0.184,0.324,1.079,1.305,3,NULL,NULL,,3,0,2,7,255,1225,250,0,0
stim,257026,287147,0,287147,3484474.455,-0.677,-0.072,-0.060,-0.730,0,0,2053,0,3037,0,2985,2527,46,1.048,1,2283,0,240.560,7.930,-65.563,-229.125,32.750,-0.422,0.371,1.852,4.652,6.422,8.102,0.216,0.358,1.079,1.305,3,NULL,NULL,,3,0,2,7,255,1225,250,0,0
stim,257026,287147,0,287147,3484479.453,-0.677,-0.082,-0.064,-0.728,0,0,1915,0,3015,17,2962,2442,46,1.048,1,2283,0,258.902,8.394,-78.063,-244.875,31.188,-0.379,0.371,1.809,4.844,6.855,7.074,0.252,0.394,1.079,1.305,3,NULL,NULL,,3,0,2,7,255,1225,250,0,0
stim,257056,287177,0,287177,3484484.455,-0.677,-0.093,-0.069,-0.726,0,0,1813,0,2996,55,2935,2352,46,1.048,1,2283,0,274.717,8.490,-77.813,-261.688,30.563,-0.352,0.301,1.789,4.844,6.973,6.578,0.292,0.436,1.079,1.305,3,NULL,NULL,,3,0,2,7,255,1225,250,0,0
stim,257056,287177,0,287177,3484489.453,-0.677,-0.104,-0.075,-0.724,0,0,1711,0,2979,70,2917,2233,46,1.048,1,2283,0,290.219,8.326,-68.000,-279.938,35.188,-0.418,0.293,1.941,4.551,6.973,6.578,0.338,0.480,1.079,1.305,3,NULL,NULL,,3,0,2,7,255,1225,250,0,0
stim,257056,287177,0,287177,3484494.455,-0.677,-0.116,-0.082,-0.722,0,0,1605,0,2941,76,2887,2116,46,1.048,1,2283,0,305.826,9.549,-69.188,-296.000,33.563,-0.555,0.406,2.148,4.551,8.395,7.348,0.388,0.534,1.079,1.305,3,NULL,NULL,,3,0,2,7,255,1225,250,0,0
stim,257056,287177,0,287177,3484499.454,-0.677,-0.128,-0.088,-0.720,0,0,1511,0,2908,75,2830,2023,46,1.048,1,2283,0,323.564,12.161,-74.500,-314.250,19.750,-0.668,0.551,2.391,5.992,10.582,8.594,0.446,0.592,1.079,1.305,3,NULL,NULL,,3,0,2,7,255,1225,250,0,0
stim,257089,287210,0,287210,3484504.455,-0.675,-0.141,-0.095,-0.718,0,0,1448,0,2861,75,2779,1881,46,1.048,1,2283,0,342.479,14.943,-91.813,-329.938,-1.938,-0.605,0.664,2.609,7.832,12.727,10.066,0.510,0.658,1.079,1.305,3,NULL,NULL,,3,0,2,7,255,1225,250,0,0
stim,257089,287210,0,287210,3484509.455,-0.673,-0.155,-0.102,-0.716,0,0,1383,0,2815,69,2687,1775,46,1.048,1,2283,0,367.302,15.190,-114.563,-348.688,-14.250,-0.461,0.535,2.602,8.293,12.727,11.754,0.580,0.728,1.079,1.305,3,NULL,NULL,,3,0,2,7,255,1225,250,0,0
stim,257089,287210,0,287210,3484514.455,-0.671,-0.171,-0.108,-0.713,0,0,1269,0,2748,46,2587,1631,46,1.048,1,2283,0,393.031,15.644,-135.813,-368.688,9.875,-0.520,0.508,2.434,8.293,13.266,11.754,0.652,0.802,1.079,1.305,3,NULL,NULL,,3,0,2,7,255,1225,250,0,0
stim,257089,287210,0,287210,3484519.453,-0.669,-0.187,-0.115,-0.710,0,0,1165,0,2670,9,2441,1509,46,1.048,1,2283,0,411.142,15.644,-151.438,-381.813,18.000,-0.734,0.609,2.277,8.293,13.266,9.559,0.728,0.878,1.079,1.305,3,NULL,NULL,,3,0,2,7,255,1225,250,0,0
stim,257089,287210,0,287210,3484524.455,-0.666,-0.203,-0.122,-0.708,0,0,1001,0,2588,0,2263,1386,46,1.048,1,2283,0,417.036,17.413,-141.063,-392.375,-7.875,-0.797,0.527,2.270,8.730,15.066,6.590,0.806,0.958,1.079,1.305,3,NULL,NULL,,3,0,2,7,255,1225,250,0,0
stim,257089,287210,0,287210,3484529.453,-0.662,-0.219,-0.130,-0.705,0,0,845,0,2464,0,2005,1221,46,1.048,1,2283,0,424.875,18.395,-123.750,-405.313,-30.438,-0.633,0.211,2.434,8.730,16.191,6.590,0.886,1.040,1.079,1.305,3,NULL,NULL,,3,0,2,7,255,1225,250,0,0
stim,257111,287232,0,287232,3484534.455,-0.658,-0.236,-0.138,-0.702,0,0,647,0,2301,0,1706,1070,46,1.048,1,2283,0,441.478,17.322,-138.563,-418.500,-23.688,-0.414,-0.129,2.387,6.156,16.191,7.598,0.964,1.122,1.079,1.305,3,NULL,NULL,,3,0,2,7,255,1225,250,0,0
stim,257111,287232,0,287232,3484539.454,-0.654,-0.254,-0.145,-0.698,0,0,459,0,2091,0,1340,951,46,1.048,1,2283,0,460.291,15.571,-160.563,-431.375,1.625,-0.230,-0.375,1.980,3.027,15.273,7.598,1.034,1.194,1.079,1.305,3,NULL,NULL,,3,0,2,7,255,1225,250,0,0
stim,257111,287232,0,287232,3484544.455,-0.650,-0.272,-0.152,-0.693,0,0,296,0,1830,0,857,795,46,1.048,1,2283,0,464.978,12.583,-150.375,-439.625,17.938,-0.039,-0.418,1.387,0.164,12.582,5.547,1.094,1.256,1.079,1.305,3,NULL,NULL,,3,0,2,7,255,1225,250,0,0
stim,257111,287232,0,287232,3484549.454,-0.647,-0.288,-0.162,-0.687,0,0,224,0,1549,0,355,647,46,1.048,1,2283,0,454.855,8.463,-80.500,-447.250,19.500,0.090,-0.348,1.098,-1.102,8.391,1.551,1.148,1.310,1.079,1.305,3,NULL,NULL,,3,0,2,7,255,1225,250,0,0
stim,257111,287232,0,287232,3484554.455,-0.645,-0.301,-0.175,-0.680,0,0,179,0,1145,0,141,503,46,1.048,1,2283,0,455.492,8.463,9.250,-454.188,33.188,-0.004,-0.152,1.371,-1.102,8.391,0.543,1.196,1.360,1.079,1.305,3,NULL,NULL,,3,0,2,7,255,1225,250,0,0
stim,257111,287232,0,287232,3484559.454,-0.644,-0.314,-0.187,-0.672,0,0,104,0,787,0,0,413,46,1.048,1,2283,0,457.232,8.610,34.188,-452.438,56.500,-0.156,0.152,1.895,1.348,8.504,0.543,1.246,1.414,1.079,1.305,3,NULL,NULL,,3,0,2,7,255,1225,250,0,0
stim,257111,287232,0,287232,3484564.455,-0.644,-0.328,-0.199,-0.662,0,0,76,0,350,0,0,315,46,1.048,1,2283,0,464.706,14.062,-1.750,-454.875,95.063,-0.395,0.285,2.164,5.266,13.039,1.875,1.308,1.478,1.079,1.305,3,NULL,NULL,,3,0,2,7,255,1225,250,0,0
stim,257111,287232,0,287232,3484569.453,-0.643,-0.345,-0.207,-0.651,0,0,61,0,25,0,0,233,46,1.048,1,2283,0,493.432,18.231,-61.625,-466.563,148.313,-0.727,0.363,2.012,6.918,16.867,1.875,1.378,1.550,1.079,1.305,3,NULL,NULL,,3,0,2,7,255,1225,250,0,0
stim,257141,287262,0,287262,3484574.455,-0.642,-0.363,-0.214,-0.640,0,0,61,0,0,0,0,135,46,1.048,1,2283,0,514.405,18.301,-128.125,-467.813,171.313,-0.906,0.727,1.574,7.102,16.867,-2.359,1.454,1.626,1.079,1.305,4,NULL,NULL,,3,0,2,7,255,1225,250,0,0
stim,257141,287262,0,287262,3484579.454,-0.640,-0.382,-0.219,-0.630,0,0,40,0,0,0,0,59,46,1.048,1,2283,0,500.964,18.987,-176.500,-447.938,138.438,-0.777,1.230,1.047,9.449,16.469,-8.031,1.528,1.702,1.079,1.305,0,NULL,NULL,,3,0,2,7,255,1225,250,0,0
stim,257141,287262,0,287262,3484584.455,-0.635,-0.399,-0.224,-0.622,0,0,17,0,0,0,0,30,46,1.048,1,2283,0,471.796,17.308,-176.000,-427.375,94.688,-0.563,1.375,0.801,13.113,11.297,-12.191,1.602,1.776,1.079,1.305,0,NULL,NULL,,3,0,2,7,255,1225,250,0,0
stim,257141,287262,0,287262,3484589.453,-0.632,-0.416,-0.229,-0.613,0,0,37,0,0,0,0,33,46,1.048,1,2283,0,451.799,16.045,-163.375,-408.938,101.000,-0.582,1.043,0.918,13.113,9.246,-12.191,1.668,1.844,1.079,1.305,0,NULL,NULL,,3,0,2,7,255,1225,250,0,0
stim,257141,287262,0,287262,3484594.455,-0.627,-0.433,-0.231,-0.605,0,0,40,0,0,0,0,51,46,1.048,1,2283,0,447.311,14.478,-206.438,-381.563,109.000,-0.445,0.621,0.965,11.141,9.246,-12.172,1.730,1.908,1.079,1.305,0,NULL,NULL,,3,0,2,7,255,1225,250,0,0
stim,257141,287262,0,287262,3484599.453,-0.621,-0.448,-0.233,-0.599,0,0,43,0,0,0,0,99,46,1.048,1,2283,0,398.762,11.893,-226.000,-323.125,59.375,-0.184,0.180,0.875,7.480,9.246,-10.219,1.788,1.966,1.079,1.305,0,NULL,NULL,,3,0,2,7,255,1225,250,0,0
stim,257194,287315,0,287315,3484604.455,-0.616,-0.460,-0.234,-0.595,0,0,41,0,0,0,0,165,46,1.048,1,2283,0,317.323,8.574,-185.063,-255.625,33.188,-0.102,-0.203,0.766,3.625,7.770,-7.688,1.842,2.022,1.079,1.305,0,NULL,NULL,,3,0,2,7,255,1225,250,0,0
stim,257194,287315,0,287315,3484609.454,-0.613,-0.470,-0.234,-0.591,0,0,39,0,0,0,0,203,46,1.048,1,2283,0,250.613,7.800,-150.250,-194.813,47.750,-0.227,-0.191,1.020,0.688,7.770,-6.719,1.896,2.078,1.079,1.305,0,NULL,NULL,,3,0,2,7,255,1225,250,0,0
stim,257194,287315,0,287315,3484614.455,-0.609,-0.478,-0.232,-0.589,0,0,39,0,0,0,0,214,46,1.048,1,2283,0,227.840,9.868,-188.563,-120.375,43.188,-0.387,-0.059,1.008,0.688,9.844,-6.719,1.952,2.134,1.079,1.305,0,NULL,NULL,,3,0,2,7,255,1225,250,0,0
stim,257194,287315,0,287315,3484619.454,-0.604,-0.486,-0.226,-0.590,0,0,33,0,0,0,0,204,46,1.048,1,2283,0,249.506,9.990,-245.125,-37.000,28.250,-0.387,0.199,0.445,1.703,9.844,-8.648,2.000,2.184,1.079,1.305,0,NULL,NULL,,3,0,2,7,255,1225,250,0,0
stim,257194,287315,0,287315,3484624.455,-0.600,-0.492,-0.218,-0.593,0,0,31,0,0,0,0,134,46,1.048,1,2283,0,254.084,5.662,-249.375,43.625,21.625,-0.340,0.586,-0.297,2.398,5.129,-11.875,2.040,2.226,1.079,1.305,0,NULL,NULL,,3,0,2,7,255,1225,250,0,0
stim,257194,287315,0,287315,3484629.453,-0.597,-0.493,-0.210,-0.596,0,0,30,0,0,0,0,119,46,1.048,1,2283,0,200.083,3.161,-165.438,111.125,17.750,-0.309,0.637,-0.777,2.398,-2.059,-15.809,2.068,2.254,1.079,1.305,0,NULL,NULL,,3,0,2,7,255,1225,250,0,0
stim,257194,287315,0,287315,3484634.455,-0.598,-0.490,-0.205,-0.600,0,0,24,0,0,0,0,115,46,1.048,1,2283,0,163.832,4.081,-39.938,158.063,16.188,-0.395,0.367,-0.566,2.199,-3.438,-16.664,2.084,2.272,1.079,1.305,0,NULL,NULL,,3,0,2,7,255,1225,250,0,0
stim,257194,287315,0,287315,3484639.453,-0.601,-0.485,-0.200,-0.604,0,0,17,0,0,0,0,111,46,1.048,1,2283,0,192.476,3.455,20.250,191.063,11.500,-0.445,0.098,0.051,0.352,-3.438,-16.664,2.098,2.286,1.079,1.305,0,NULL,NULL,,3,0,2,7,255,1225,250,0,0
stim,257194,287315,0,287315,3484644.455,-0.603,-0.479,-0.194,-0.608,0,0,13,0,0,0,0,99,46,1.048,1,2283,0,215.064,2.467,4.875,214.375,16.500,-0.414,0.027,0.305,0.352,2.441,-13.551,2.110,2.300,1.079,1.305,0,NULL,NULL,,3,0,2,7,255,1225,250,0,0
stim,257194,287315,0,287315,3484649.454,-0.605,-0.474,-0.187,-0.612,0,0,13,0,0,0,0,94,46,1.048,1,2283,0,230.529,3.067,-18.188,227.438,32.938,-0.371,0.066,0.152,0.438,3.035,-12.262,2.120,2.312,1.079,1.305,0,NULL,NULL,,3,0,2,7,255,1225,250,0,0
stim,257215,287336,0,287336,3484654.455,-0.608,-0.468,-0.180,-0.616,0,0,7,0,0,0,0,89,46,1.048,1,2283,0,238.230,3.067,-7.125,232.625,50.875,-0.375,0.172,-0.113,0.438,3.035,-12.262,2.128,2.322,1.079,1.305,0,NULL,NULL,,3,0,2,7,255,1225,250,0,0
stim,257215,287336,0,287336,3484659.454,-0.612,-0.461,-0.174,-0.619,0,0,7,0,0,0,0,86,46,1.048,1,2283,0,243.269,0.947,32.313,234.188,57.375,-0.414,0.281,-0.188,0.438,0.840,-13.891,2.134,2.330,1.079,1.305,0,NULL,NULL,,3,0,2,7,255,1225,250,0,0
stim,257215,287336,0,287336,3484664.455,-0.616,-0.453,-0.168,-0.622,0,0,3,0,0,0,0,83,46,1.048,1,2283,0,250.863,1.300,66.313,235.250,56.500,-0.406,0.324,-0.074,0.992,0.840,-14.430,2.138,2.336,1.079,1.305,0,NULL,NULL,,3,0,2,7,255,1225,250,0,0
stim,257215,287336,0,287336,3484669.453,-0.621,-0.445,-0.163,-0.625,0,0,6,0,0,0,0,75,46,1.048,1,2283,0,257.838,2.180,82.688,236.750,59.938,-0.371,0.305,0.039,1.828,1.188,-14.430,2.144,2.342,1.079,1.305,0,NULL,NULL,,3,0,2,7,255,1225,250,0,0
stim,257239,287360,0,287360,3484674.455,-0.626,-0.436,-0.158,-0.627,0,0,0,0,0,0,0,75,46,1.048,1,2283,0,264.651,2.771,94.625,237.938,66.875,-0.383,0.270,0.078,1.992,1.926,-13.449,2.152,2.352,1.079,1.305,0,NULL,NULL,,3,0,2,7,255,1225,250,0,0
stim,257239,287360,0,287360,3484679.454,-0.631,-0.427,-0.153,-0.629,0,0,1,0,0,0,0,77,46,1.048,1,2283,0,270.385,3.160,108.313,237.500,70.500,-0.434,0.246,0.152,1.992,2.453,-13.141,2.162,2.364,1.079,1.305,0,NULL,NULL,,3,0,2,7,255,1225,250,0,0
stim,257239,287360,0,287360,3484684.455,-0.637,-0.417,-0.149,-0.631,0,0,0,0,0,0,0,71,46,1.048,1,2283,0,273.537,3.948,120.375,236.188,67.438,-0.473,0.207,0.262,1.969,3.422,-12.930,2.176,2.380,1.079,1.305,0,NULL,NULL,,3,0,2,7,255,1225,250,0,0
stim,257239,287360,0,287360,3484689.454,-0.642,-0.408,-0.145,-0.633,0,0,5,0,0,0,0,71,46,1.048,1,2283,0,274.505,4.991,128.250,235.250,59.688,-0.477,0.164,0.395,1.969,4.586,-12.352,2.196,2.402,1.079,1.305,0,NULL,NULL,,3,0,2,7,255,1225,250,0,0
stim,257262,287383,0,287383,3484694.455,-0.647,-0.398,-0.141,-0.635,0,0,5,0,0,0,0,75,46,1.048,1,2283,0,274.473,6.008,129.875,236.375,50.938,-0.473,0.148,0.543,2.047,5.648,-11.281,2.222,2.428,1.079,1.305,0,NULL,NULL,,3,0,2,7,255,1225,250,0,0
stim,257262,287383,0,287383,3484699.453,-0.652,-0.388,-0.137,-0.637,0,0,4,0,0,0,0,70,46,1.048,1,2283,0,273.214,7.106,125.500,239.000,42.125,-0.504,0.148,0.688,2.402,6.688,-10.160,2.252,2.460,1.079,1.305,0,NULL,NULL,,3,0,2,7,255,1225,250,0,0
stim,257291,287412,0,287412,3484704.455,-0.656,-0.378,-0.133,-0.640,0,0,4,0,0,0,0,75,46,1.048,1,2283,0,270.958,8.365,115.188,243.375,30.313,-0.535,0.168,0.820,2.844,7.867,-9.246,2.288,2.496,1.079,1.305,0,NULL,NULL,,3,0,2,7,255,1225,250,0,0
stim,257291,287412,0,287412,3484709.454,-0.659,-0.368,-0.128,-0.644,0,0,6,0,0,0,0,78,46,1.048,1,2283,0,270.140,9.565,100.000,250.563,13.938,-0.535,0.191,0.914,3.406,8.938,-8.445,2.330,2.540,1.079,1.305,0,NULL,NULL,,3,0,2,7,255,1225,250,0,0
stim,257291,287412,0,287412,3484714.455,-0.661,-0.358,-0.123,-0.647,0,0,7,0,0,0,0,83,46,1.048,1,2283,0,272.880,10.251,83.375,259.813,-3.063,-0.520,0.207,0.973,3.938,9.465,-7.684,2.374,2.586,1.079,1.305,0,NULL,NULL,,3,0,2,7,255,1225,250,0,0
stim,257291,287412,0,287412,3484719.454,-0.663,-0.348,-0.118,-0.652,0,0,4,0,0,0,0,88,46,1.048,1,2283,0,278.662,10.532,66.563,270.000,-17.938,-0.504,0.188,1.004,4.258,9.633,-6.988,2.422,2.636,1.079,1.305,0,NULL,NULL,,3,0,2,7,255,1225,250,0,0
stim,257291,287412,0,287412,3484724.455,-0.664,-0.339,-0.112,-0.657,0,0,6,0,0,0,0,101,46,1.048,1,2283,0,286.960,10.532,49.500,280.813,-32.250,-0.488,0.164,1.000,4.258,9.633,-6.340,2.472,2.686,1.079,1.305,0,NULL,NULL,,3,0,2,7,255,1225,250,0,0
stim,257291,287412,0,287412,3484729.454,-0.664,-0.329,-0.105,-0.663,0,0,6,0,0,0,0,112,46,1.048,1,2283,0,297.515,10.259,35.938,291.563,-47.063,-0.465,0.145,0.938,4.078,9.414,-5.973,2.520,2.738,1.079,1.305,0,NULL,NULL,,3,0,2,7,255,1225,250,0,0
stim,257291,287412,0,287412,3484734.455,-0.664,-0.319,-0.098,-0.669,0,0,8,0,0,0,0,117,46,1.048,1,2283,0,309.452,9.541,29.938,301.938,-60.813,-0.414,0.117,0.848,3.777,8.762,-5.973,2.566,2.786,1.079,1.305,0,NULL,NULL,,3,0,2,7,255,1225,250,0,0
stim,257291,287412,0,287412,3484739.453,-0.663,-0.309,-0.092,-0.675,0,0,7,0,0,0,0,117,46,1.048,1,2283,0,321.387,8.449,31.063,311.500,-72.750,-0.313,0.086,0.758,3.348,7.758,-5.973,2.606,2.826,1.079,1.305,0,NULL,NULL,,3,0,2,7,255,1225,250,0,0
stim,257291,287412,0,287412,3484744.455,-0.662,-0.298,-0.085,-0.682,0,0,8,0,0,0,0,117,46,1.048,1,2283,0,332.335,6.973,38.938,320.375,-79.313,-0.176,0.027,0.656,2.902,6.340,-5.902,2.642,2.864,1.079,1.305,0,NULL,NULL,,3,0,2,7,255,1225,250,0,0
stim,257291,287412,0,287412,3484749.453,-0.662,-0.287,-0.078,-0.689,0,0,9,0,0,0,0,120,46,1.048,1,2283,0,338.606,5.103,56.438,325.438,-74.563,-0.113,0.020,0.590,2.148,4.629,-5.695,2.674,2.896,1.079,1.305,0,NULL,NULL,,3,0,2,7,255,1225,250,0,0
stim,257321,287442,0,287442,3484754.455,-0.661,-0.274,-0.072,-0.695,0,0,8,0,0,0,0,117,46,1.048,1,2283,0,345.131,4.244,83.438,327.063,-72.000,-0.102,0.117,0.566,2.148,3.660,-5.695,2.702,2.926,1.079,1.305,0,NULL,NULL,,3,0,2,7,255,1225,250,0,0
stim,257321,287442,0,287442,3484759.454,-0.661,-0.261,-0.067,-0.700,0,0,5,0,0,0,0,119,46,1.048,1,2283,0,354.067,4.243,111.063,327.938,-74.063,-0.082,0.125,0.645,2.723,3.254,-5.695,2.728,2.954,1.079,1.305,0,NULL,NULL,,3,0,2,7,255,1225,250,0,0
stim,257321,287442,0,287442,3484764.455,-0.661,-0.247,-0.063,-0.706,0,0,7,0,0,0,0,118,46,1.048,1,2283,0,362.407,4.395,133.563,326.875,-81.563,-0.082,0.129,0.676,2.992,3.219,-5.180,2.750,2.976,1.079,1.305,0,NULL,NULL,,3,0,2,7,255,1225,250,0,0
stim,257321,287442,0,287442,3484769.453,-0.660,-0.232,-0.060,-0.712,0,0,7,0,0,0,0,135,46,1.048,1,2283,0,368.812,4.395,157.188,324.438,-77.813,0.098,0.023,0.789,2.992,3.219,-4.770,2.772,3.000,1.079,1.305,0,NULL,NULL,,3,0,2,7,255,1225,250,0,0
stim,257321,287442,0,287442,3484774.455,-0.661,-0.217,-0.056,-0.716,0,0,5,0,0,0,0,135,46,1.048,1,2283,0,363.852,3.192,162.313,322.188,-47.313,0.211,0.016,0.938,2.453,2.043,-2.695,2.792,3.020,1.079,1.305,0,NULL,NULL,,3,0,2,7,255,1225,250,0,0
stim,257321,287442,0,287442,3484779.453,-0.662,-0.202,-0.052,-0.719,0,0,7,0,0,0,0,135,46,1.048,1,2283,0,358.800,3.192,163.250,319.125,-15.688,0.086,0.137,0.941,2.453,2.043,-1.453,2.810,3.040,1.079,1.305,0,NULL,NULL,,3,0,2,7,255,1225,250,0,0
stim,257356,287477,0,287477,3484784.455,-0.664,-0.187,-0.049,-0.722,0,0,3,0,0,0,0,136,46,1.048,1,2283,0,362.671,4.084,177.688,316.063,-7.875,-0.047,0.184,1.012,3.492,2.117,-1.238,2.828,3.060,1.079,1.305,0,NULL,NULL,,3,0,2,7,255,1225,250,0,0
stim,257356,287477,0,287477,3484789.453,-0.666,-0.172,-0.046,-0.725,0,0,0,0,0,0,0,133,46,1.048,1,2283,0,365.769,5.087,189.313,312.813,-9.813,-0.070,0.152,1.160,3.891,3.277,-1.238,2.848,3.082,1.079,1.305,0,NULL,NULL,,3,0,2,7,255,1225,250,0,0
stim,257356,287477,0,287477,3484794.455,-0.667,-0.156,-0.043,-0.727,0,0,1,0,0,0,0,134,46,1.048,1,2283,0,364.893,5.478,192.063,310.188,-6.500,-0.102,0.156,1.301,4.000,3.742,0.277,2.870,3.104,1.079,1.305,0,NULL,NULL,,3,0,2,7,255,1225,250,0,0
stim,257356,287477,0,287477,3484799.454,-0.668,-0.141,-0.040,-0.729,0,0,2,0,0,0,0,133,46,1.048,1,2283,0,362.086,5.740,190.938,307.625,-4.000,-0.164,0.195,1.422,4.012,4.105,1.645,2.894,3.128,1.079,1.305,0,NULL,NULL,,3,0,2,7,255,1225,250,0,0
stim,257389,287510,0,287510,3484804.455,-0.669,-0.126,-0.037,-0.731,0,0,3,0,0,0,0,135,46,1.048,1,2283,0,359.017,6.410,186.875,306.438,-8.188,-0.207,0.191,1.559,4.410,4.652,2.734,2.918,3.154,1.079,1.305,0,NULL,NULL,,3,0,2,7,255,1225,250,0,0
stim,257389,287510,0,287510,3484809.454,-0.670,-0.111,-0.034,-0.733,0,0,4,0,0,0,0,134,46,1.048,1,2283,0,351.823,6.413,171.938,306.688,-12.625,-0.176,0.148,1.668,4.410,4.656,4.125,2.944,3.182,1.079,1.305,0,NULL,NULL,,3,0,2,7,255,1225,250,0,0
stim,257389,287510,0,287510,3484814.456,-0.670,-0.097,-0.030,-0.735,0,0,4,0,0,0,0,133,46,1.048,1,2283,0,343.603,6.063,150.688,308.563,-12.063,-0.191,0.164,1.703,3.883,4.656,5.504,2.972,3.212,1.079,1.305,0,NULL,NULL,,3,0,2,7,255,1225,250,0,0
stim,257389,287510,0,287510,3484819.453,-0.671,-0.083,-0.025,-0.737,0,0,6,0,0,0,0,134,46,1.048,1,2283,0,338.353,5.884,139.313,308.063,-13.125,-0.219,0.168,1.719,3.855,4.445,5.949,2.998,3.238,1.079,1.305,0,NULL,NULL,,3,0,2,7,255,1225,250,0,0
stim,257389,287510,0,287510,3484824.455,-0.670,-0.069,-0.021,-0.738,0,0,8,0,0,0,0,139,46,1.048,1,2283,0,334.941,5.675,128.313,308.813,-18.875,-0.219,0.148,1.750,3.707,4.297,6.238,3.024,3.266,1.079,1.305,0,NULL,NULL,,3,0,2,7,255,1225,250,0,0
stim,257389,287510,0,287510,3484829.454,-0.670,-0.056,-0.015,-0.740,0,0,11,0,0,0,0,145,46,1.048,1,2283,0,330.592,5.174,116.500,308.500,-23.375,-0.184,0.121,1.758,3.348,3.945,6.703,3.048,3.290,1.079,1.305,0,NULL,NULL,,3,0,2,7,255,1225,250,0,0
stim,257411,287532,0,287532,3484834.455,-0.669,-0.042,-0.010,-0.742,0,0,18,0,0,0,0,147,46,1.048,1,2283,0,325.648,4.303,104.188,307.750,-21.938,-0.141,0.102,1.711,2.855,3.219,6.703,3.070,3.314,1.079,1.305,0,NULL,NULL,,3,0,2,7,255,1225,250,0,0
stim,257411,287532,0,287532,3484839.454,-0.669,-0.029,-0.004,-0.743,0,0,21,0,0,0,0,152,46,1.048,1,2283,0,322.041,3.320,100.313,305.500,-17.813,-0.148,0.094,1.641,2.367,2.328,6.699,3.090,3.334,1.079,1.305,0,NULL,NULL,,3,0,2,7,255,1225,250,0,0
stim,257411,287532,0,287532,3484844.455,-0.668,-0.016,0.001,-0.744,0,0,20,0,0,0,0,151,46,1.048,1,2283,0,320.443,2.838,106.313,301.750,-18.125,-0.160,0.082,1.598,2.074,1.938,6.082,3.106,3.352,1.079,1.305,0,NULL,NULL,,3,0,2,7,255,1225,250,0,0
stim,257411,287532,0,287532,3484849.453,-0.667,-0.003,0.006,-0.745,0,0,20,0,0,0,0,152,46,1.048,1,2283,0,319.577,2.420,116.625,296.938,-18.875,-0.137,0.051,1.613,1.750,1.672,5.965,3.118,3.366,1.079,1.305,0,NULL,NULL,,3,0,2,7,255,1225,250,0,0
stim,257411,287532,0,287532,3484854.455,-0.666,0.010,0.010,-0.746,0,0,21,0,0,0,0,151,46,1.048,1,2283,0,319.058,1.638,127.625,292.000,-15.688,-0.102,0.035,1.656,1.250,1.059,5.965,3.130,3.376,1.079,1.305,0,NULL,NULL,,3,0,2,7,255,1225,250,0,0
stim,257411,287532,0,287532,3484859.454,-0.665,0.024,0.014,-0.746,0,0,23,0,0,0,0,157,46,1.048,1,2283,0,319.811,0.918,140.000,287.313,-11.438,-0.090,0.055,1.727,0.852,0.344,6.422,3.136,3.384,1.079,1.305,0,NULL,NULL,,3,0,2,7,255,1225,250,0,0
stim,257411,287532,0,287532,3484864.455,-0.664,0.037,0.017,-0.746,0,0,22,0,0,0,0,141,46,1.048,1,2283,0,323.009,0.820,153.438,284.063,-10.000,-0.063,0.055,1.816,0.789,-0.223,7.121,3.138,3.388,1.079,1.305,0,NULL,NULL,,3,0,2,7,255,1225,250,0,0
stim,257411,287532,0,287532,3484869.454,-0.663,0.051,0.020,-0.747,0,0,25,0,0,0,0,137,46,1.048,1,2283,0,327.416,1.052,165.500,282.375,-8.688,-0.008,0.016,1.922,0.453,-0.949,7.996,3.138,3.388,1.079,1.305,0,NULL,NULL,,3,0,2,7,255,1225,250,0,0
stim,257441,287562,0,287562,3484874.455,-0.662,0.065,0.022,-0.746,0,0,24,0,0,0,0,139,46,1.048,1,2283,0,332.388,1.946,175.125,282.438,-6.500,0.066,0.004,2.012,-0.281,-1.926,8.918,3.132,3.384,1.079,1.305,0,NULL,NULL,,3,0,2,7,255,1225,250,0,0
stim,257441,287562,0,287562,3484879.453,-0.660,0.080,0.024,-0.746,0,0,25,0,0,0,0,133,46,1.048,1,2283,0,338.727,3.289,184.438,284.063,-5.250,0.180,0.031,2.098,-0.871,-3.172,9.660,3.122,3.374,1.079,1.305,0,NULL,NULL,,3,0,2,7,255,1225,250,0,0
stim,257441,287562,0,287562,3484884.455,-0.659,0.095,0.026,-0.746,0,0,26,0,0,0,0,135,46,1.048,1,2283,0,346.891,4.966,195.438,286.563,-4.375,0.332,0.074,2.191,-1.129,-4.836,10.230,3.104,3.358,1.079,1.305,0,NULL,NULL,,3,0,2,7,255,1225,250,0,0
stim,257441,287562,0,287562,3484889.453,-0.657,0.110,0.028,-0.745,0,0,27,0,0,0,0,133,46,1.048,1,2283,0,355.394,7.080,205.688,289.813,-2.563,0.512,0.090,2.305,-1.355,-6.949,10.766,3.076,3.332,1.079,1.305,0,NULL,NULL,,3,0,2,7,255,1225,250,0,0
stim,257441,287562,0,287562,3484894.455,-0.656,0.126,0.029,-0.744,0,0,27,0,0,0,0,127,46,1.048,1,2283,0,361.845,9.566,212.563,292.813,3.188,0.684,0.078,2.418,-1.977,-9.359,11.320,3.044,3.300,1.079,1.305,0,NULL,NULL,,3,0,2,7,255,1225,250,0,0
stim,257441,287562,0,287562,3484899.454,-0.654,0.141,0.031,-0.742,0,0,29,0,0,0,0,135,46,1.048,1,2283,0,365.898,12.030,215.625,295.375,11.875,0.828,0.063,2.516,-2.852,-11.688,11.727,3.004,3.260,1.079,1.305,0,NULL,NULL,,3,0,2,7,255,1225,250,0,0
stim,257475,287596,0,287596,3484904.455,-0.653,0.157,0.032,-0.740,0,0,25,0,0,0,0,131,46,1.048,1,2283,0,367.163,14.287,215.000,296.875,21.188,0.934,0.078,2.590,-3.754,-13.785,11.922,2.956,3.214,1.079,1.305,0,NULL,NULL,,3,0,2,7,255,1225,250,0,0
stim,257475,287596,0,287596,3484909.454,-0.651,0.173,0.034,-0.738,0,0,27,0,0,0,0,125,46,1.048,1,2283,0,365.644,16.075,210.563,297.563,28.563,1.023,0.074,2.637,-4.316,-15.484,11.922,2.900,3.158,1.079,1.305,0,NULL,NULL,,3,0,2,7,255,1225,250,0,0
stim,257475,287596,0,287596,3484914.455,-0.650,0.188,0.036,-0.735,0,0,28,0,0,0,0,131,46,1.048,1,2283,0,360.234,17.642,200.938,296.938,34.938,1.066,0.055,2.645,-4.977,-16.926,11.656,2.836,3.094,1.079,1.305,0,NULL,NULL,,3,0,2,7,255,1225,250,0,0
stim,257475,287596,0,287596,3484919.453,-0.649,0.203,0.038,-0.732,0,0,28,0,0,0,0,137,46,1.048,1,2283,0,349.461,18.697,184.750,293.688,41.688,1.051,0.047,2.617,-5.633,-17.828,11.063,2.768,3.026,1.079,1.305,0,NULL,NULL,,3,0,2,7,255,1225,250,0,0
stim,257511,287633,0,287633,3484924.455,-0.648,0.217,0.040,-0.729,0,0,26,0,0,0,0,143,46,1.048,1,2283,0,333.944,18.971,165.938,286.563,43.188,1.070,0.102,2.570,-5.715,-18.090,10.313,2.694,2.952,1.079,1.305,0,NULL,NULL,,3,0,2,7,255,1225,250,0,0
stim,257511,287633,0,287633,3484929.453,-0.647,0.230,0.043,-0.726,0,0,27,0,0,0,0,157,46,1.048,1,2283,0,317.065,19.521,150.563,276.688,36.125,1.195,0.105,2.484,-5.785,-18.645,9.406,2.614,2.872,1.079,1.305,0,NULL,NULL,,3,0,2,7,255,1225,250,0,0
stim,257511,287633,0,287633,3484934.455,-0.646,0.242,0.046,-0.722,0,0,29,0,0,0,0,167,46,1.048,1,2283,0,300.094,20.696,140.188,262.875,36.063,1.367,-0.055,2.402,-5.785,-19.871,7.676,2.528,2.786,1.079,1.305,0,NULL,NULL,,3,0,2,7,255,1225,250,0,0
stim,257511,287633,0,287633,3484939.454,-0.645,0.254,0.049,-0.719,0,0,25,0,0,0,0,168,46,1.048,1,2283,0,280.094,22.494,123.375,248.000,41.563,1.496,-0.285,2.262,-7.387,-21.246,5.430,2.434,2.692,1.079,1.305,0,NULL,NULL,,3,0,2,7,255,1225,250,0,0
stim,257511,287633,0,287633,3484944.455,-0.645,0.264,0.051,-0.716,0,0,28,0,0,0,0,172,46,1.048,1,2283,0,259.528,23.552,108.000,231.375,46.438,1.586,-0.465,2.023,-9.375,-21.605,2.660,2.338,2.596,1.079,1.305,0,NULL,NULL,,3,0,2,7,255,1225,250,0,0
stim,257511,287633,0,287633,3484949.453,-0.644,0.274,0.054,-0.712,0,0,27,0,0,0,0,197,46,1.048,1,2283,0,243.968,23.952,108.563,213.313,47.250,1.676,-0.531,1.738,-10.340,-21.605,-0.707,2.240,2.496,1.079,1.305,0,NULL,NULL,,3,0,2,7,255,1225,250,0,0
stim,257511,287633,0,287633,3484954.455,-0.643,0.284,0.054,-0.709,0,0,30,0,0,0,0,215,46,1.048,1,2283,0,244.513,23.952,139.313,194.250,51.438,1.879,-0.484,1.535,-10.340,-21.605,-4.152,2.138,2.394,1.079,1.305,0,NULL,NULL,,3,0,2,7,255,1225,250,0,0
stim,257511,287633,0,287633,3484959.454,-0.643,0.293,0.054,-0.705,0,0,25,0,0,0,0,227,46,1.048,1,2283,0,226.231,24.592,133.063,173.938,56.750,1.961,-0.938,1.801,-10.340,-22.313,-6.977,2.034,2.290,1.079,1.305,0,NULL,NULL,,3,0,2,7,255,1225,250,0,0
stim,257531,287652,0,287652,3484964.455,-0.643,0.302,0.054,-0.702,0,0,25,0,0,0,0,242,46,1.048,1,2283,0,205.836,26.681,120.063,157.313,56.625,2.176,-0.813,1.582,-12.473,-23.586,-7.113,1.924,2.180,1.079,1.305,0,NULL,NULL,,3,0,2,7,255,1225,250,0,0
stim,257531,287652,0,287652,3484969.454,-0.643,0.309,0.054,-0.699,0,0,25,0,0,0,0,269,46,1.048,1,2283,0,190.479,27.656,112.250,138.750,66.563,2.324,-0.773,1.617,-12.473,-24.684,-9.906,1.810,2.066,1.079,1.305,0,NULL,NULL,,3,0,2,7,255,1225,250,0,0
stim,257531,287652,0,287652,3484974.455,-0.642,0.316,0.054,-0.696,0,0,25,0,0,0,0,303,46,1.048,1,2283,0,175.013,27.656,115.188,124.375,43.500,2.301,-0.969,1.332,-12.473,-24.684,-10.648,1.690,1.944,1.079,1.305,0,NULL,NULL,,3,0,2,7,255,1225,250,0,0
stim,257531,287652,0,287652,3484979.454,-0.640,0.324,0.052,-0.695,0,0,25,1,0,0,0,334,46,1.048,1,2283,0,178.032,28.824,142.000,105.875,17.938,2.590,-1.223,1.219,-12.938,-25.758,-13.734,1.566,1.818,1.079,1.305,0,NULL,NULL,,3,0,2,7,255,1225,250,0,0
stim,257531,287652,0,287652,3484984.455,-0.639,0.330,0.050,-0.693,0,0,25,0,0,0,0,341,46,1.048,1,2283,0,176.525,29.702,152.250,84.938,27.688,2.883,-1.426,1.363,-14.789,-25.758,-17.246,1.436,1.686,1.079,1.305,0,NULL,NULL,,3,0,2,7,255,1225,250,0,0
stim,257531,287652,0,287652,3484989.453,-0.638,0.337,0.046,-0.691,0,0,27,0,0,0,0,347,46,1.048,1,2283,0,167.881,32.901,146.000,59.438,57.750,2.809,-1.500,1.453,-17.008,-28.164,-18.180,1.300,1.550,1.079,1.305,0,NULL,NULL,,3,0,2,7,255,1225,250,0,0
stim,257561,287682,0,287682,3484994.455,-0.638,0.342,0.041,-0.689,0,0,26,0,0,0,0,355,46,1.048,1,2283,0,167.892,33.391,151.563,31.875,64.813,2.539,-1.488,1.566,-17.938,-28.164,-18.180,1.160,1.406,1.079,1.305,0,NULL,NULL,,3,0,2,7,255,1225,250,0,0
stim,257561,287682,0,287682,3484999.453,-0.637,0.346,0.036,-0.688,0,0,26,0,0,0,0,354,46,1.048,1,2283,0,168.232,32.596,157.500,0.375,59.125,2.332,-1.270,1.988,-18.117,-27.098,-16.156,1.016,1.256,1.079,1.305,0,NULL,NULL,,3,0,2,7,255,1225,250,0,0
stim,257592,287713,0,287713,3485004.455,-0.636,0.349,0.031,-0.687,0,0,25,0,0,0,0,355,46,1.048,1,2283,0,138.871,32.053,130.938,-30.688,34.625,1.957,-0.996,2.281,-18.117,-26.441,-11.371,0.870,1.104,1.079,1.305,0,NULL,NULL,,3,0,2,7,255,1225,250,0,0
stim,257592,287713,0,287713,3485009.454,-0.635,0.350,0.026,-0.688,0,0,26,0,0,0,0,349,46,1.048,1,2283,0,121.180,30.943,105.250,-59.938,3.813,1.797,-0.859,2.391,-17.176,-25.738,-6.332,0.730,0.952,1.079,1.305,0,NULL,NULL,,3,0,2,7,255,1225,250,0,0
stim,257592,287713,0,287713,3485014.455,-0.634,0.349,0.021,-0.690,0,0,19,0,0,0,0,457,46,1.048,1,2283,0,111.550,30.105,66.375,-88.688,-13.125,1.383,-0.598,2.652,-16.703,-25.047,-4.215,0.600,0.804,1.079,1.305,0,NULL,NULL,,3,0,2,7,255,1225,250,0,0
stim,257592,287713,0,287713,3485019.453,-0.635,0.353,0.002,-0.688,223,0,13,453,0,16,0,532,46,1.048,1,2283,0,452.657,29.684,344.250,-215.500,199.875,0.184,-0.406,5.270,-16.703,-24.539,0.922,0.484,0.658,1.079,1.305,0,NULL,NULL,,3,0,2,7,255,1225,250,0,0
stim,257592,287713,0,287713,3485024.455,-0.646,0.347,-0.009,-0.680,911,0,11,1117,0,165,0,569,46,1.048,1,2283,0,415.380,29.197,5.375,-195.188,366.625,-0.375,1.918,6.680,-15.820,-24.539,27.102,0.386,0.518,1.079,1.305,0,NULL,NULL,,3,0,2,7,255,1225,250,0,0
stim,257592,287713,0,287713,3485029.453,-0.667,0.319,0.008,-0.673,1383,0,1,1551,0,447,0,633,46,1.048,1,2283,0,910.866,28.057,-852.875,-132.250,291.188,-1.078,2.852,2.824,-13.602,-24.539,28.129,0.318,0.386,1.079,1.305,0,NULL,NULL,,3,0,2,7,255,1225,250,0,0
stim,257592,287713,0,287713,3485034.455,-0.683,0.290,0.029,-0.670,1807,0,0,1829,0,617,0,689,47,1.048,1,2284,0,898.927,14.812,-878.125,-132.375,139.438,-1.617,2.715,-1.102,13.734,-5.547,28.129,0.322,0.316,1.079,1.305,1,1231.000,6.000,,3,0,2,7,255,1225,250,0,0
stim,257592,287713,0,287713,3485039.454,-0.690,0.273,0.038,-0.670,2076,0,0,1948,0,825,0,781,47,1.048,1,2284,0,480.402,25.693,-466.250,-111.688,30.375,-1.738,1.594,-2.059,18.805,17.508,-3.277,0.338,0.306,1.079,1.305,1,NULL,NULL,,3,0,2,7,255,1225,250,0,0
stim,257592,287713,0,287713,3485044.455,-0.690,0.266,0.038,-0.673,2237,0,0,2063,0,975,0,837,47,1.048,1,2284,0,175.192,25.693,-104.625,-129.625,-54.250,-0.742,0.328,-0.504,18.805,17.508,-10.188,0.352,0.326,1.079,1.305,1,NULL,NULL,,3,0,2,7,255,1225,250,0,0
stim,257592,287713,0,287713,3485049.454,-0.690,0.262,0.035,-0.674,2375,0,0,2117,0,1173,0,905,47,1.048,1,2284,0,123.935,9.274,-17.813,-122.438,-7.188,0.191,0.520,1.559,3.672,8.516,-10.188,0.360,0.354,1.079,1.305,1,NULL,NULL,,3,0,2,7,255,1225,250,0,0
stim,257629,287750,0,287750,3485054.455,-0.695,0.254,0.035,-0.672,2476,0,0,2189,0,1291,0,988,47,1.048,1,2284,0,212.886,8.998,-152.125,-117.500,91.500,0.234,1.867,1.809,3.672,-8.215,4.191,0.364,0.376,1.079,1.305,1,NULL,NULL,,3,0,2,7,255,1225,250,0,0
stim,257629,287750,0,287750,3485059.454,-0.701,0.243,0.037,-0.669,2619,0,0,2367,0,1417,0,1020,47,1.048,1,2284,0,295.542,15.424,-246.500,-114.000,116.563,-0.477,1.781,1.363,13.055,-8.215,8.406,0.380,0.394,1.079,1.305,2,NULL,NULL,,3,0,2,7,255,1225,250,0,0
stim,257629,287750,0,287750,3485064.455,-0.706,0.231,0.042,-0.668,2759,0,0,2567,0,1447,0,1075,47,1.048,1,2284,0,312.134,13.095,-288.500,-108.688,48.813,-1.063,0.391,0.832,13.055,-1.023,8.406,0.402,0.418,1.079,1.305,2,NULL,NULL,,3,0,2,7,255,1225,250,0,0
stim,257629,287750,0,287750,3485069.453,-0.711,0.218,0.046,-0.667,2847,0,0,2687,0,1471,0,1191,47,1.048,1,2284,0,344.063,6.549,-301.438,-151.438,67.688,-1.609,-1.359,0.059,0.766,6.504,2.266,0.420,0.438,1.079,1.305,2,NULL,NULL,,3,0,2,7,255,1225,250,0,0
stim,257629,287750,0,287750,3485074.455,-0.713,0.205,0.048,-0.668,2930,0,0,2808,0,1497,0,1298,47,1.048,1,2284,0,293.430,19.446,-244.625,-161.313,-15.438,-1.332,-1.523,-0.262,-14.867,12.535,-6.605,0.424,0.448,1.079,1.305,2,NULL,NULL,,3,0,2,7,255,1225,250,0,0
stim,257629,287750,0,287750,3485079.454,-0.712,0.198,0.045,-0.672,2973,0,0,2898,0,1519,0,1415,47,1.048,1,2284,0,205.126,19.446,-81.875,-173.438,-72.750,-0.531,-0.785,-0.086,-14.867,12.535,-10.348,0.408,0.446,1.079,1.305,2,NULL,NULL,,3,0,2,7,255,1225,250,0,0
stim,257652,287773,0,287773,3485084.455,-0.711,0.194,0.039,-0.675,3012,0,0,2951,0,1547,0,1475,47,1.048,1,2284,0,184.997,9.381,36.750,-168.625,-66.625,0.121,-0.277,0.969,-8.000,4.898,-10.348,0.372,0.432,1.079,1.305,2,NULL,NULL,,3,0,2,7,255,1225,250,0,0
stim,257652,287773,0,287773,3485089.454,-0.709,0.190,0.034,-0.678,3030,0,0,3001,0,1584,0,1509,47,1.048,1,2284,0,157.877,9.059,32.375,-148.125,-44.000,0.441,-0.508,1.895,-7.945,-4.352,-1.906,0.332,0.412,1.079,1.305,2,NULL,NULL,,3,0,2,7,255,1225,250,0,0
stim,257652,287773,0,287773,3485094.455,-0.710,0.184,0.032,-0.679,3053,0,0,3039,0,1623,0,1525,47,1.048,1,2284,0,159.180,12.879,-78.313,-138.500,-4.813,0.613,-0.836,2.152,-7.945,-10.137,5.203,0.296,0.390,1.079,1.305,2,NULL,NULL,,3,0,2,7,255,1225,250,0,0
stim,257652,287773,0,287773,3485099.453,-0.714,0.174,0.033,-0.677,3069,0,0,3079,0,1691,0,1557,47,1.048,1,2284,0,232.437,15.190,-185.375,-123.688,66.063,0.574,-0.980,1.426,-11.313,-10.137,5.203,0.264,0.358,1.079,1.305,2,NULL,NULL,,3,0,2,7,255,1225,250,0,0
stim,257689,287810,0,287810,3485104.455,-0.719,0.165,0.034,-0.674,3068,0,0,3111,0,1796,0,1548,47,1.048,1,2284,0,258.991,15.001,-190.375,-117.000,130.938,0.121,-0.977,0.648,-11.313,-9.852,0.074,0.236,0.318,1.079,1.305,2,NULL,NULL,,3,0,2,7,255,1225,250,0,0
stim,257689,287810,0,287810,3485109.454,-0.725,0.158,0.033,-0.670,3089,0,0,3119,0,1874,0,1581,47,1.048,1,2284,0,217.258,10.891,-119.750,-116.063,139.250,-0.410,-0.738,0.523,-10.328,-3.457,-5.008,0.218,0.272,1.079,1.305,2,NULL,NULL,,3,0,2,7,255,1225,250,0,0
stim,257689,287810,0,287810,3485114.455,-0.728,0.153,0.031,-0.667,3093,0,0,3124,0,1952,7,1627,47,1.048,1,2284,0,164.001,8.546,-62.188,-117.375,96.188,-0.574,-0.238,0.805,-8.316,1.969,-5.008,0.208,0.228,1.079,1.305,2,NULL,NULL,,3,0,2,7,255,1225,250,0,0
stim,257689,287810,0,287810,3485119.455,-0.730,0.149,0.028,-0.666,3099,0,0,3135,0,2043,33,1683,47,1.048,1,2284,0,134.148,4.479,-44.063,-117.313,47.875,-0.391,0.293,1.098,-4.023,1.969,-1.211,0.202,0.196,1.079,1.305,2,NULL,NULL,,3,0,2,7,255,1225,250,0,0
stim,257689,287810,0,287810,3485124.455,-0.731,0.144,0.026,-0.666,3103,0,0,3149,0,2107,56,1725,47,1.048,1,2284,0,127.582,1.471,-58.875,-110.875,22.750,-0.195,0.324,1.266,0.961,1.113,1.855,0.198,0.174,1.079,1.305,2,NULL,NULL,,3,0,2,7,255,1225,250,0,0
stim,257689,287810,1,287810,3485129.454,-0.733,0.137,0.025,-0.666,3114,0,0,3153,0,2205,61,1847,47,1.048,1,2284,0,144.887,1.376,-97.250,-106.625,12.875,-0.184,0.051,1.285,0.961,-0.984,2.809,0.196,0.164,1.079,1.305,2,NULL,NULL,,3,1,2,7,255,1225,250,0,0
stim,257712,287833,1,287833,3485134.455,-0.734,0.131,0.025,-0.666,3121,0,0,3160,155,2268,206,1961,47,1.048,1,2284,0,150.845,1.737,-112.500,-100.063,9.250,-0.059,-0.148,0.980,-1.234,-1.223,2.809,0.198,0.160,1.079,1.305,2,NULL,NULL,,3,1,2,7,255,1225,250,0,0
stim,257712,287833,1,287833,3485139.453,-0.734,0.127,0.025,-0.667,3109,0,0,3157,373,2281,237,2069,47,1.048,1,2284,0,95.333,3.152,-58.875,-73.813,-13.188,0.086,-0.180,1.383,-2.598,-1.785,2.809,0.202,0.154,1.079,1.305,2,NULL,NULL,,3,1,2,7,255,1225,250,0,0
stim,257712,287833,1,287833,3485144.455,-0.733,0.124,0.025,-0.668,3109,0,0,3160,603,2347,234,2137,47,1.048,1,2284,0,72.113,4.730,-47.938,-38.188,-38.000,0.352,-0.023,1.219,-2.598,-3.953,1.066,0.206,0.148,1.079,1.305,2,NULL,NULL,,3,1,2,7,255,1225,250,0,0
stim,257712,287833,1,287833,3485149.453,-0.733,0.122,0.025,-0.669,3109,0,0,3161,792,2376,247,2183,47,1.048,1,2284,0,49.817,6.084,-21.250,-40.438,-19.875,0.488,0.605,0.988,-1.117,-5.980,1.066,0.216,0.138,1.079,1.305,2,NULL,NULL,,3,1,2,7,255,1225,250,0,0
stim,257712,287833,1,287833,3485154.455,-0.733,0.121,0.024,-0.669,3109,0,0,3161,959,2398,263,2229,47,1.048,1,2284,0,30.614,6.307,-8.250,-29.250,3.688,0.055,0.352,1.441,2.004,-5.980,1.066,0.232,0.124,1.079,1.305,2,NULL,NULL,,3,1,2,7,255,1225,250,0,0
stim,257712,287833,1,287833,3485159.454,-0.733,0.118,0.026,-0.669,3104,0,0,3166,1099,2413,265,2275,47,1.048,1,2284,0,85.985,3.811,-82.688,-20.000,-12.500,-0.426,-0.129,1.441,2.004,-3.242,4.219,0.252,0.106,1.079,1.305,2,NULL,NULL,,3,1,2,7,255,1225,250,0,0
stim,257712,287833,1,287833,3485164.455,-0.732,0.114,0.028,-0.671,3109,5,0,3163,1171,2428,269,2313,47,1.048,1,2284,0,110.371,1.001,-96.938,-18.625,-49.375,-0.281,0.082,0.762,-0.156,0.988,4.219,0.270,0.090,1.079,1.305,2,NULL,NULL,,3,1,2,7,255,1225,250,0,0
stim,257712,287833,1,287833,3485169.454,-0.730,0.112,0.029,-0.673,3108,21,0,3163,1261,2444,266,2340,47,1.048,1,2284,0,85.603,1.001,-37.375,-14.875,-75.563,-0.082,0.137,0.777,-0.156,0.988,-1.898,0.282,0.080,1.079,1.305,2,NULL,NULL,,3,1,2,7,255,1225,250,0,0
stim,257741,287862,1,287862,3485174.455,-0.728,0.111,0.030,-0.676,3109,22,0,3160,1325,2458,275,2382,47,1.048,1,2284,0,67.800,0.739,-15.313,-12.063,-64.938,0.109,0.047,1.129,-0.156,-0.723,-1.898,0.292,0.074,1.079,1.305,2,NULL,NULL,,3,1,2,7,255,1225,250,0,0
stim,257741,287862,1,287862,3485179.453,-0.727,0.109,0.031,-0.677,3108,55,0,3165,1397,2469,280,2397,47,1.048,1,2284,0,57.944,2.700,-44.625,-8.375,-36.000,0.031,0.063,1.215,-0.328,-2.680,0.832,0.298,0.070,1.079,1.305,2,NULL,NULL,,3,1,2,7,255,1225,250,0,0
stim,257741,287862,1,287862,3485184.455,-0.727,0.107,0.033,-0.677,3109,69,0,3165,1494,2477,279,2423,47,1.048,1,2284,0,77.806,2.700,-72.375,-5.625,-28.000,-0.172,0.074,1.016,-0.328,-2.680,0.832,0.304,0.070,1.079,1.305,2,NULL,NULL,,3,1,2,7,255,1225,250,0,0
stim,257741,287862,1,287862,3485189.453,-0.726,0.105,0.035,-0.679,3104,77,0,3159,1563,2488,279,2475,47,1.048,1,2284,0,79.683,0.484,-65.563,-4.500,-45.063,-0.246,0.027,0.859,-0.328,-0.355,0.301,0.310,0.066,1.079,1.305,2,NULL,NULL,,3,1,2,7,255,1225,250,0,0
stim,257741,287862,1,287862,3485194.455,-0.724,0.103,0.036,-0.681,3111,85,0,3165,1607,2503,280,2455,47,1.048,1,2284,0,75.661,0.633,-40.563,-4.813,-63.688,-0.117,-0.008,0.871,-0.523,-0.355,-1.105,0.318,0.062,1.079,1.305,2,NULL,NULL,,3,1,2,7,255,1225,250,0,0
stim,257741,287862,1,287862,3485199.454,-0.723,0.101,0.037,-0.683,3109,102,0,3171,1635,2509,291,2469,47,1.048,1,2284,0,64.604,0.806,-27.125,-5.500,-58.375,-0.004,0.031,0.973,-0.523,-0.613,-1.105,0.326,0.056,1.079,1.305,2,NULL,NULL,,3,1,2,7,255,1225,250,0,0
stim,257793,287914,1,287914,3485204.455,-0.722,0.100,0.037,-0.684,3111,109,0,3171,1676,2520,293,2480,47,1.048,1,2284,0,53.416,1.912,-28.375,-3.438,-45.125,0.023,0.047,1.070,-0.313,-1.887,-0.453,0.334,0.050,1.079,1.305,2,NULL,NULL,,3,1,2,7,255,1225,250,0,0
stim,257793,287914,1,287914,3485209.454,-0.721,0.099,0.038,-0.685,3112,131,20,3173,1719,2525,295,2489,47,1.048,1,2284,0,45.385,1.894,-36.688,-1.250,-26.688,-0.047,0.059,1.051,-0.160,-1.887,0.406,0.338,0.046,1.079,1.305,2,NULL,NULL,,3,1,2,7,255,1225,250,0,0
stim,257793,287914,1,287914,3485214.455,-0.720,0.097,0.040,-0.686,3111,153,53,3174,1763,2533,297,2501,47,1.048,1,2284,0,45.934,1.602,-37.063,0.750,-27.125,-0.129,0.086,0.996,-0.031,-1.602,0.406,0.344,0.042,1.079,1.305,2,NULL,NULL,,3,1,2,7,255,1225,250,0,0
stim,257793,287914,1,287914,3485219.453,-0.720,0.096,0.040,-0.686,3111,171,72,3177,1783,2538,295,2505,47,1.048,1,2284,0,40.272,0.729,-31.063,0.563,-25.625,-0.133,0.113,0.992,0.219,-0.695,0.039,0.350,0.038,1.079,1.305,2,NULL,NULL,,3,1,2,7,255,1225,250,0,0
stim,257793,287914,1,287914,3485224.455,-0.719,0.096,0.041,-0.687,3112,200,103,3176,1811,2541,297,2508,47,1.048,1,2284,0,38.936,0.647,-26.063,2.563,-28.813,-0.152,0.039,1.016,0.219,-0.609,0.039,0.356,0.032,1.079,1.305,2,NULL,NULL,,3,1,2,7,255,1225,250,0,0
stim,257793,287914,1,287914,3485229.453,-0.718,0.095,0.042,-0.688,3111,223,147,3177,1833,2541,298,2511,47,1.048,1,2284,0,38.204,0.613,-26.063,1.813,-27.875,-0.102,0.063,1.047,0.066,-0.609,0.254,0.362,0.028,1.079,1.305,2,NULL,NULL,,3,1,2,7,255,1225,250,0,0
stim,257793,287914,1,287914,3485234.455,-0.718,0.094,0.043,-0.689,3111,229,171,3179,1853,2547,295,2517,47,1.048,1,2284,0,33.396,0.966,-26.750,1.500,-19.938,-0.105,0.004,0.996,-0.199,-0.945,0.254,0.368,0.024,1.079,1.305,2,NULL,NULL,,3,1,2,7,255,1225,250,0,0
stim,257793,287914,1,287914,3485239.454,-0.717,0.093,0.044,-0.689,3111,234,233,3178,1884,2547,275,2519,47,1.048,1,2284,0,29.734,1.048,-24.063,3.438,-17.125,-0.141,-0.117,0.945,-0.453,-0.945,-0.063,0.374,0.018,1.079,1.305,2,NULL,NULL,,3,1,2,7,255,1225,250,0,0
stim,257793,287914,1,287914,3485244.455,-0.717,0.092,0.045,-0.690,3113,229,281,3168,1897,2501,263,2519,47,1.048,1,2284,0,23.197,1.690,-19.375,1.313,-12.688,-0.152,-0.133,0.926,-1.594,-0.563,-0.516,0.378,0.012,1.079,1.305,2,NULL,NULL,,3,1,2,7,255,1225,250,0,0
stim,257793,287914,1,287914,3485249.454,-0.717,0.091,0.045,-0.690,3101,244,301,3175,1911,2544,248,2516,47,1.048,1,2284,0,14.158,1.647,-10.938,-1.438,-8.875,-0.176,-0.094,0.918,-1.594,-0.414,-0.672,0.384,0.006,1.079,1.305,2,NULL,NULL,,3,1,2,7,255,1225,250,0,0
stim,257820,287941,1,287941,3485254.455,-0.716,0.091,0.045,-0.690,3107,247,313,3177,1939,2549,247,2519,47,1.053,1,2284,1,11.044,1.344,-2.625,-1.875,-10.563,-0.191,-0.039,0.949,-1.336,-0.145,-0.672,0.000,0.000,1.041,1.311,2,NULL,NULL,,3,1,2,7,255,1225,250,0,0
stim,257820,287941,1,287941,3485259.454,-0.716,0.091,0.045,-0.691,3101,253,345,3173,1951,2547,243,2531,47,1.053,1,2284,1,11.742,0.833,-0.438,-2.000,-11.563,-0.164,-0.008,1.004,-0.820,-0.145,-0.336,0.006,0.004,1.041,1.311,2,NULL,NULL,,3,1,2,7,255,1225,250,0,0
stim,257820,287941,1,287941,3485264.455,-0.716,0.091,0.046,-0.691,3093,267,409,3161,1975,2546,243,2532,47,1.053,1,2284,1,9.163,0.620,-3.750,-2.625,-7.938,-0.172,-0.008,1.012,-0.535,-0.313,0.160,0.012,0.010,1.041,1.311,2,NULL,NULL,,3,1,2,7,255,1225,250,0,0
stim,257820,287941,1,287941,3485269.453,-0.716,0.090,0.046,-0.691,3095,261,435,3164,1983,2549,248,2536,47,1.053,1,2284,1,10.069,0.606,-5.438,-4.063,-7.438,-0.195,0.004,0.988,-0.520,-0.313,0.160,0.018,0.016,1.041,1.311,2,NULL,NULL,,3,1,2,7,255,1225,250,0,0
stim,257838,287959,1,287959,3485274.455,-0.715,0.090,0.046,-0.691,3093,261,474,3159,1997,2543,261,2541,47,1.053,1,2284,1,11.804,0.429,-2.938,-4.375,-10.563,-0.184,0.016,0.980,-0.410,-0.125,0.063,0.024,0.020,1.041,1.311,2,NULL,NULL,,3,1,2,7,255,1225,250,0,0
stim,257838,287959,1,287959,3485279.454,-0.715,0.090,0.046,-0.692,3087,255,507,3151,2013,2543,262,2543,47,1.053,1,2284,1,11.967,0.429,-1.438,-5.438,-10.563,-0.176,-0.004,0.980,-0.410,-0.125,-0.035,0.028,0.024,1.041,1.311,2,NULL,NULL,,3,1,2,7,255,1225,250,0,0
stim,257838,287959,1,287959,3485284.455,-0.715,0.090,0.045,-0.692,3080,255,551,3147,2035,2547,271,2549,47,1.053,1,2284,1,11.872,0.418,-1.188,-6.188,-10.063,-0.188,0.004,0.980,-0.398,-0.125,-0.035,0.032,0.028,1.041,1.311,2,NULL,NULL,,3,1,2,7,255,1225,250,0,0
stim,257838,287959,1,287959,3485289.454,-0.714,0.089,0.045,-0.692,3068,253,603,3143,2055,2545,311,2554,47,1.053,1,2284,1,13.824,0.409,-0.563,-6.500,-12.188,-0.191,0.039,0.988,-0.398,-0.094,-0.020,0.036,0.030,1.041,1.311,2,NULL,NULL,,3,1,2,7,255,1225,250,0,0
stim,257861,287982,1,287982,3485294.455,-0.714,0.089,0.045,-0.693,3061,254,633,3125,2067,2541,331,2595,47,1.053,1,2284,1,16.188,0.172,-0.188,-6.938,-14.625,-0.180,0.027,0.996,-0.145,-0.094,0.059,0.040,0.032,1.041,1.311,2,NULL,NULL,,3,1,2,7,255,1225,250,0,0
stim,257861,287982,1,287982,3485299.453,-0.714,0.089,0.045,-0.693,3053,261,665,3117,2087,2541,339,2569,47,1.053,1,2284,1,16.438,0.219,-0.125,-7.625,-14.563,-0.168,0.023,0.996,-0.145,-0.164,0.094,0.042,0.034,1.041,1.311,2,NULL,NULL,,3,1,2,7,255,1225,250,0,0
stim,257891,288012,1,288012,3485304.455,-0.713,0.088,0.045,-0.694,3043,255,717,3103,2107,2543,345,2577,47,1.053,1,2284,1,15.393,0.243,0.000,-8.438,-12.875,-0.176,0.039,1.000,-0.145,-0.195,0.102,0.042,0.034,1.041,1.311,2,NULL,NULL,,3,1,2,7,255,1225,250,0,0
stim,257891,288012,1,288012,3485309.454,-0.713,0.088,0.044,-0.694,3031,255,730,3093,2132,2539,348,2583,47,1.053,1,2284,1,16.520,0.202,0.063,-9.250,-13.688,-0.203,0.066,1.000,-0.051,-0.195,0.125,0.044,0.034,1.041,1.311,2,NULL,NULL,,3,1,2,7,255,1225,250,0,0
stim,257891,288012,1,288012,3485314.455,-0.712,0.088,0.044,-0.695,3020,255,759,3087,2163,2540,362,2589,47,1.053,1,2284,1,20.045,0.227,0.688,-9.750,-17.500,-0.195,0.109,1.012,0.227,-0.008,0.215,0.044,0.034,1.041,1.311,2,NULL,NULL,,3,1,2,7,255,1225,250,0,0
stim,257891,288012,1,288012,3485319.454,-0.712,0.088,0.044,-0.696,3003,253,793,3065,2195,2540,395,2599,47,1.053,1,2284,1,22.963,0.652,0.750,-9.938,-20.688,-0.156,0.152,1.031,0.652,-0.008,0.332,0.044,0.034,1.041,1.311,2,NULL,NULL,,3,1,2,7,255,1225,250,0,0
stim,257891,288012,1,288012,3485324.455,-0.711,0.087,0.043,-0.696,2987,253,853,3052,2221,2539,419,2608,47,1.053,1,2284,1,21.822,1.136,-1.438,-9.938,-19.375,-0.117,0.160,1.047,1.063,-0.402,0.441,0.044,0.032,1.041,1.311,2,NULL,NULL,,3,1,2,7,255,1225,250,0,0
stim,257891,288012,1,288012,3485329.454,-0.711,0.087,0.043,-0.697,2973,253,921,3038,2247,2540,435,2619,47,1.053,1,2284,1,18.729,1.263,-5.813,-9.688,-14.938,-0.129,0.145,1.043,1.063,-0.684,0.508,0.044,0.030,1.041,1.311,2,NULL,NULL,,3,1,2,7,255,1225,250,0,0
stim,257891,288012,1,288012,3485334.455,-0.711,0.086,0.043,-0.697,2956,253,971,3027,2275,2539,458,2631,47,1.053,1,2284,1,18.604,1.202,-8.688,-10.000,-13.063,-0.164,0.133,1.016,0.988,-0.684,0.508,0.040,0.026,1.041,1.311,2,NULL,NULL,,3,1,2,7,255,1225,250,0,0
stim,257891,288012,1,288012,3485339.453,-0.710,0.086,0.043,-0.698,2935,264,1049,3014,2303,2538,483,2639,47,1.053,1,2284,1,20.633,0.956,-8.250,-10.375,-15.813,-0.176,0.133,0.996,0.914,-0.281,0.305,0.038,0.022,1.041,1.311,2,NULL,NULL,,3,1,2,7,255,1225,250,0,0
stim,257891,288012,1,288012,3485344.455,-0.710,0.085,0.043,-0.698,2922,275,1131,2999,2332,2539,567,2649,47,1.053,1,2284,1,22.292,0.919,-6.813,-10.625,-18.375,-0.160,0.121,1.008,0.875,-0.281,0.199,0.036,0.016,1.041,1.311,2,NULL,NULL,,3,1,2,7,255,1225,250,0,0
stim,257891,288012,1,288012,3485349.453,-0.709,0.085,0.042,-0.699,2903,275,1222,2986,2361,2536,627,2659,47,1.053,1,2284,1,23.374,0.865,-7.250,-10.063,-19.813,-0.141,0.121,1.020,0.816,-0.285,0.199,0.034,0.012,1.041,1.311,2,NULL,NULL,,3,1,2,7,255,1225,250,0,0
stim,257921,288042,1,288042,3485354.455,-0.709,0.084,0.042,-0.699,2879,273,1273,2969,2393,2535,711,2665,47,1.053,1,2284,1,24.261,0.941,-9.188,-9.438,-20.375,-0.121,0.121,1.016,0.809,-0.480,0.211,0.032,0.008,1.041,1.311,2,NULL,NULL,,3,1,2,7,255,1225,250,0,0
stim,257921,288042,1,288042,3485359.454,-0.708,0.083,0.042,-0.700,2859,283,1339,2959,2415,2536,795,2674,47,1.053,1,2284,1,25.048,1.010,-11.188,-8.313,-20.813,-0.125,0.074,1.004,0.809,-0.605,0.211,0.032,0.008,1.041,1.311,2,NULL,NULL,,3,1,2,7,255,1225,250,0,0
stim,257921,288042,1,288042,3485364.455,-0.707,0.083,0.043,-0.701,2840,299,1431,2951,2431,2535,889,2679,47,1.053,1,2284,1,24.449,0.716,-12.250,-8.063,-19.563,-0.148,0.000,0.977,0.383,-0.605,0.094,0.032,0.010,1.041,1.311,2,NULL,NULL,,3,1,2,7,255,1225,250,0,0
stim,257921,288042,1,288042,3485369.453,-0.707,0.082,0.043,-0.701,2811,325,1519,2925,2459,2533,965,2719,47,1.053,1,2284,1,24.445,0.481,-11.063,-8.813,-19.938,-0.156,-0.039,0.957,-0.352,-0.328,-0.152,0.034,0.014,1.041,1.311,2,NULL,NULL,,3,1,2,7,255,1225,250,0,0
stim,257921,288042,1,288042,3485374.455,-0.706,0.081,0.043,-0.702,2795,335,1610,2919,2484,2533,1033,2695,47,1.053,1,2284,1,24.828,0.753,-9.313,-8.688,-21.313,-0.156,-0.055,0.938,-0.723,-0.211,-0.328,0.036,0.018,1.041,1.311,2,NULL,NULL,,3,1,2,7,255,1225,250,0,0
stim,257921,288042,0,288042,3485379.453,-0.706,0.081,0.043,-0.703,2777,341,1661,2905,2503,2534,1111,2699,47,1.053,1,2284,1,25.448,0.857,-7.000,-9.313,-22.625,-0.156,-0.059,0.941,-0.840,-0.172,-0.496,0.038,0.020,1.041,1.311,2,NULL,NULL,,3,0,2,7,255,1218,250,0,0
stim,257951,288072,0,288072,3485384.455,-0.705,0.080,0.043,-0.703,2757,371,1753,2899,2522,2532,1173,2711,47,1.053,1,2284,1,26.113,0.856,-6.125,-9.750,-23.438,-0.164,-0.055,0.957,-0.840,-0.164,-0.496,0.038,0.022,1.041,1.311,2,NULL,NULL,,3,0,2,7,255,1218,250,0,0
stim,257951,288072,0,288072,3485389.454,-0.704,0.079,0.043,-0.704,2729,377,1819,2887,2544,2540,1252,2728,47,1.053,1,2284,1,26.681,0.821,-5.813,-10.250,-23.938,-0.164,-0.035,0.973,-0.813,-0.117,-0.301,0.040,0.022,1.041,1.311,2,NULL,NULL,,3,0,2,7,255,1218,250,0,0
stim,257951,288072,0,288072,3485394.455,-0.704,0.079,0.043,-0.705,2719,395,1881,2868,2568,2539,1343,2727,47,1.053,1,2284,1,26.589,0.651,-6.938,-10.875,-23.250,-0.152,-0.020,0.973,-0.641,-0.117,-0.188,0.040,0.020,1.041,1.311,2,NULL,NULL,,3,0,2,7,255,1218,250,0,0
stim,257951,288072,0,288072,3485399.454,-0.703,0.078,0.043,-0.706,2675,412,1927,2855,2589,2536,1429,2769,47,1.053,1,2284,1,26.834,0.492,-8.875,-11.375,-22.625,-0.152,-0.012,0.969,-0.453,-0.191,-0.188,0.042,0.020,1.041,1.311,2,NULL,NULL,,3,0,2,7,255,1218,250,0,0
stim,257989,288110,0,288110,3485404.455,-0.702,0.077,0.043,-0.706,2645,435,2017,2829,2614,2539,1506,2749,47,1.053,1,2284,1,27.250,0.421,-9.063,-12.188,-22.625,-0.160,0.004,0.980,-0.375,-0.191,-0.188,0.042,0.020,1.041,1.311,2,NULL,NULL,,3,0,2,7,255,1218,250,0,0
stim,257989,288110,0,288110,3485409.454,-0.702,0.076,0.043,-0.707,2613,439,2085,2820,2629,2543,1607,2749,47,1.053,1,2284,1,28.678,0.392,-10.500,-12.875,-23.375,-0.168,-0.012,0.984,-0.359,-0.156,-0.078,0.042,0.018,1.041,1.311,2,NULL,NULL,,3,0,2,7,255,1218,250,0,0
stim,257989,288110,0,288110,3485414.457,-0.701,0.076,0.043,-0.708,2584,463,2158,2799,2639,2547,1675,2769,47,1.053,1,2284,1,29.472,0.342,-10.688,-13.688,-23.813,-0.145,-0.008,0.988,-0.305,-0.156,-0.047,0.042,0.018,1.041,1.311,2,NULL,NULL,,3,0,2,7,255,1218,250,0,0
stim,257989,288110,0,288110,3485419.453,-0.700,0.075,0.043,-0.708,2531,474,2221,2793,2664,2549,1728,2785,47,1.053,1,2284,1,29.464,0.420,-10.813,-14.313,-23.375,-0.141,0.000,0.996,-0.305,-0.289,-0.027,0.042,0.018,1.041,1.311,2,NULL,NULL,,3,0,2,7,255,1218,250,0,0
stim,257989,288110,0,288110,3485424.455,-0.700,0.074,0.043,-0.709,2499,492,2263,2771,2695,2555,1810,2793,47,1.053,1,2284,1,30.654,0.400,-12.625,-14.500,-23.875,-0.137,0.027,1.016,-0.211,-0.340,0.047,0.044,0.020,1.041,1.311,2,NULL,NULL,,3,0,2,7,255,1218,250,0,0
stim,257989,288110,0,288110,3485429.454,-0.699,0.073,0.043,-0.710,2463,519,2321,2741,2703,2543,1886,2804,47,1.053,1,2284,1,32.649,0.381,-15.750,-14.438,-24.688,-0.133,0.039,1.016,0.039,-0.379,0.215,0.044,0.020,1.041,1.311,2,NULL,NULL,,3,0,2,7,255,1218,250,0,0
stim,258011,288132,0,288132,3485434.455,-0.698,0.072,0.043,-0.711,2421,529,2365,2715,2723,2555,1957,2804,47,1.053,1,2284,1,35.237,0.408,-19.313,-14.563,-25.625,-0.133,0.023,1.023,0.039,-0.406,0.238,0.044,0.020,1.041,1.311,2,NULL,NULL,,3,0,2,7,255,1218,250,0,0
stim,258011,288132,0,288132,3485439.454,-0.698,0.070,0.043,-0.712,2367,543,2403,2693,2732,2492,2004,2812,47,1.053,1,2284,1,39.001,0.408,-24.375,-14.188,-26.938,-0.129,0.000,1.016,0.039,-0.406,0.215,0.046,0.020,1.041,1.311,2,NULL,NULL,,3,0,2,7,255,1218,250,0,0
stim,258011,288132,0,288132,3485444.455,-0.697,0.069,0.044,-0.712,2315,558,2454,2667,2748,2553,2071,2833,47,1.053,1,2284,1,38.561,0.433,-24.938,-13.750,-26.000,-0.109,-0.023,0.969,-0.148,-0.406,0.215,0.048,0.020,1.041,1.311,2,NULL,NULL,,3,0,2,7,255,1218,250,0,0
stim,258011,288132,0,288132,3485449.453,-0.696,0.068,0.044,-0.713,2255,567,2507,2647,2775,2568,2121,2831,47,1.053,1,2284,1,33.707,0.534,-21.188,-15.000,-21.500,-0.121,-0.039,0.957,-0.355,-0.398,-0.258,0.050,0.020,1.041,1.311,2,NULL,NULL,,3,0,2,7,255,1218,250,0,0
stim,258011,288132,0,288132,3485454.455,-0.696,0.067,0.044,-0.714,2198,580,2536,2611,2781,2569,2157,2847,47,1.053,1,2284,1,29.160,0.511,-15.375,-16.125,-18.813,-0.137,-0.008,0.973,-0.355,-0.367,-0.258,0.052,0.020,1.041,1.311,2,NULL,NULL,,3,0,2,7,255,1218,250,0,0
stim,258011,288132,0,288132,3485459.454,-0.695,0.066,0.044,-0.714,2140,585,2566,2568,2792,2557,2199,2860,47,1.053,1,2284,1,29.359,0.270,-13.500,-17.375,-19.438,-0.168,0.004,1.000,-0.152,-0.223,-0.199,0.054,0.022,1.041,1.311,2,NULL,NULL,,3,0,2,7,255,1218,250,0,0
stim,258011,288132,0,288132,3485464.455,-0.695,0.065,0.044,-0.715,2069,585,2592,2524,2820,2575,2259,2867,47,1.053,1,2284,1,31.725,0.157,-14.813,-17.250,-22.125,-0.168,-0.012,1.016,-0.152,0.039,0.113,0.056,0.022,1.041,1.311,2,NULL,NULL,,3,0,2,7,255,1218,250,0,0
stim,258011,288132,0,288132,3485469.454,-0.694,0.063,0.044,-0.716,1995,584,2616,2490,2837,2575,2297,2869,47,1.053,1,2284,1,38.630,0.161,-20.125,-17.313,-28.063,-0.168,-0.047,1.039,-0.156,0.039,0.289,0.056,0.022,1.041,1.311,2,NULL,NULL,,3,0,2,7,255,1218,250,0,0
stim,258047,288168,0,288168,3485474.455,-0.693,0.062,0.044,-0.717,1915,574,2647,2430,2839,2567,2334,2901,47,1.053,1,2284,1,43.549,0.222,-25.813,-18.875,-29.563,-0.113,-0.020,1.027,-0.219,0.039,0.313,0.058,0.022,1.041,1.311,2,NULL,NULL,,3,0,2,7,255,1218,250,0,0
stim,258047,288168,0,288168,3485479.453,-0.693,0.060,0.044,-0.717,1827,563,2686,2391,2859,2573,2379,2903,47,1.053,1,2284,1,36.970,0.524,-22.625,-19.188,-22.063,-0.082,-0.012,0.969,-0.219,-0.477,0.313,0.058,0.022,1.041,1.311,2,NULL,NULL,,3,0,2,7,255,1218,250,0,0
stim,258047,288169,0,288169,3485484.455,-0.692,0.059,0.045,-0.718,1716,551,2701,2315,2873,2566,2413,2904,47,1.053,1,2284,1,32.024,0.524,-19.000,-18.813,-17.625,-0.156,-0.047,0.996,-0.219,-0.477,0.074,0.060,0.024,1.041,1.311,2,NULL,NULL,,3,0,2,7,255,1218,250,0,0
stim,258047,288169,0,288169,3485489.453,-0.692,0.058,0.045,-0.719,1594,533,2723,2237,2873,2559,2441,2956,47,1.053,1,2284,1,38.772,0.427,-23.313,-20.188,-23.500,-0.156,-0.063,1.047,-0.426,-0.027,0.074,0.062,0.024,1.041,1.311,2,NULL,NULL,,3,0,2,7,255,1218,250,0,0
stim,258047,288169,0,288169,3485494.455,-0.691,0.056,0.045,-0.719,1445,502,2749,2163,2889,2566,2479,2909,47,1.053,1,2284,1,41.392,0.427,-26.625,-22.000,-22.813,-0.086,-0.023,0.988,-0.426,-0.027,0.074,0.064,0.024,1.041,1.311,2,NULL,NULL,,3,0,2,7,255,1218,250,0,0
stim,258047,288169,0,288169,3485499.454,-0.691,0.055,0.045,-0.720,1303,471,2766,2077,2901,2557,2511,2916,47,1.053,1,2284,1,32.457,0.549,-19.375,-19.938,-16.750,-0.086,-0.016,0.949,-0.152,-0.527,-0.090,0.066,0.026,1.041,1.311,2,NULL,NULL,,3,0,2,7,255,1218,250,0,0
stim,258096,288217,0,288217,3485504.455,-0.690,0.054,0.045,-0.720,1203,443,2781,1956,2907,2553,2539,2931,47,1.053,1,2284,1,28.899,0.535,-12.750,-21.375,-14.688,-0.109,0.000,1.000,-0.090,-0.527,-0.090,0.066,0.026,1.041,1.311,2,NULL,NULL,,3,0,2,7,255,1218,250,0,0
stim,258096,288217,0,288217,3485509.454,-0.690,0.053,0.044,-0.720,1051,393,2809,1819,2931,2567,2573,2933,47,1.053,1,2284,1,28.090,0.402,-12.000,-23.750,-9.000,-0.152,0.000,1.047,0.109,-0.387,0.055,0.068,0.026,1.041,1.311,2,NULL,NULL,,3,0,2,7,255,1218,250,0,0
stim,258096,288217,0,288217,3485514.457,-0.690,0.051,0.044,-0.721,927,358,2829,1675,2933,2551,2607,2937,47,1.053,1,2284,1,33.886,0.109,-18.250,-21.313,-19.000,-0.184,-0.016,1.047,0.109,0.000,0.559,0.070,0.028,1.041,1.311,2,NULL,NULL,,3,0,2,7,255,1218,250,0,0
stim,258096,288217,0,288217,3485519.453,-0.689,0.050,0.044,-0.722,749,317,2851,1509,2941,2543,2633,2940,47,1.053,1,2284,1,36.281,0.141,-17.063,-24.750,-20.313,-0.125,-0.004,1.023,0.141,0.000,0.559,0.072,0.028,1.041,1.311,2,NULL,NULL,,3,0,2,7,255,1218,250,0,0
stim,258096,288217,0,288217,3485524.455,-0.688,0.049,0.044,-0.722,569,277,2867,1375,2956,2540,2660,2957,47,1.053,1,2284,1,37.623,0.153,-16.500,-24.250,-23.563,-0.160,-0.051,1.039,0.016,0.152,0.500,0.074,0.030,1.041,1.311,2,NULL,NULL,,3,0,2,7,255,1218,250,0,0
stim,258096,288217,0,288217,3485529.453,-0.688,0.047,0.044,-0.723,409,220,2867,1159,2970,2533,2679,2944,47,1.053,1,2284,1,38.252,0.247,-18.500,-27.438,-19.188,-0.090,0.016,1.047,0.141,-0.203,0.457,0.074,0.030,1.041,1.311,2,NULL,NULL,,3,0,2,7,255,1218,250,0,0
stim,258096,288217,0,288217,3485534.455,-0.688,0.046,0.043,-0.723,296,188,2889,980,2981,2523,2696,2968,47,1.053,1,2284,1,36.039,0.320,-13.813,-27.375,-18.938,-0.164,0.004,1.027,0.281,0.152,0.457,0.074,0.030,1.041,1.311,2,NULL,NULL,,3,0,2,7,255,1218,250,0,0
stim,258096,288217,0,288217,3485539.454,-0.687,0.045,0.043,-0.724,149,147,2892,791,2981,2515,2715,2964,47,1.053,1,2284,1,39.715,0.418,-13.500,-30.000,-22.250,-0.117,0.051,1.059,0.332,-0.254,0.457,0.076,0.032,1.041,1.311,2,NULL,NULL,,3,0,2,7,255,1218,250,0,0
stim,258096,288217,0,288217,3485544.455,-0.686,0.043,0.042,-0.725,71,83,2895,611,2987,2471,2727,2969,47,1.053,1,2284,1,40.264,0.713,-11.500,-31.438,-22.375,-0.152,0.043,1.078,0.703,0.117,0.602,0.074,0.032,1.041,1.311,2,NULL,NULL,,3,0,2,7,255,1218,250,0,0
stim,258096,288217,0,288217,3485549.453,-0.685,0.042,0.041,-0.726,35,51,2921,391,2997,2479,2750,2983,47,1.053,1,2284,1,49.321,0.748,-12.250,-33.500,-34.063,-0.102,0.039,1.059,0.703,-0.254,0.602,0.074,0.034,1.041,1.311,2,NULL,NULL,,3,0,2,7,255,1218,250,0,0
stim,258116,288237,0,288237,3485554.455,-0.685,0.041,0.040,-0.727,6,37,2924,219,3003,2447,2782,2980,47,1.053,1,2284,1,44.765,0.656,-2.000,-36.563,-25.750,-0.105,0.023,1.031,0.617,-0.223,0.586,0.074,0.036,1.041,1.311,2,NULL,NULL,,3,0,2,7,255,1218,250,0,0
stim,258116,288237,0,288237,3485559.454,-0.684,0.039,0.039,-0.728,0,22,2933,121,3019,2430,2795,2987,47,1.053,1,2284,1,51.498,0.697,0.063,-40.250,-32.125,-0.094,0.043,1.047,0.617,-0.324,0.469,0.072,0.038,1.041,1.311,2,NULL,NULL,,3,0,2,7,255,1218,250,0,0
stim,258116,288237,0,288237,3485564.455,-0.683,0.038,0.037,-0.728,0,9,2935,91,3021,2393,2813,2989,47,1.053,1,2284,1,51.918,0.530,10.625,-43.813,-25.750,-0.207,-0.008,1.121,0.480,-0.223,0.469,0.070,0.040,1.041,1.311,2,NULL,NULL,,3,0,2,7,255,1218,250,0,0
stim,258116,288237,0,288237,3485569.454,-0.683,0.037,0.035,-0.729,0,0,2941,85,3030,2367,2844,2991,47,1.053,1,2284,0,61.218,0.807,26.375,-53.188,-14.938,-0.363,-0.090,1.281,0.254,0.766,1.324,0.070,0.044,1.041,1.311,3,NULL,NULL,,3,0,2,7,255,1218,250,0,0
stim,258139,288260,0,288260,3485574.455,-0.682,0.037,0.032,-0.730,0,0,2956,73,3047,2349,2859,3001,47,1.053,1,2284,0,75.353,2.233,38.375,-61.313,-21.125,-0.414,-0.090,1.523,-0.363,2.203,3.082,0.068,0.046,1.041,1.311,3,NULL,NULL,,3,0,2,7,255,1218,250,0,0
stim,258139,288260,0,288260,3485579.454,-0.682,0.035,0.030,-0.730,0,0,2953,31,3044,2313,2869,3039,47,1.053,1,2284,0,74.751,2.233,20.625,-68.750,-20.875,-0.285,0.051,1.637,-0.363,2.203,5.461,0.068,0.050,1.041,1.311,3,NULL,NULL,,3,0,2,7,255,1218,250,0,0
stim,258139,288260,0,288260,3485584.455,-0.681,0.032,0.029,-0.731,0,0,2957,0,3052,2279,2887,2995,47,1.053,1,2284,0,81.388,1.492,-40.438,-68.938,-15.375,-0.063,0.102,1.402,0.934,1.164,5.461,0.068,0.052,1.041,1.311,3,NULL,NULL,,3,0,2,7,255,1218,250,0,0
stim,258139,288260,0,288260,3485589.453,-0.681,0.028,0.029,-0.731,0,0,2966,0,3065,2232,2907,2997,47,1.053,1,2284,0,93.072,0.976,-61.438,-69.875,-2.313,-0.063,-0.016,1.031,0.934,-0.285,3.883,0.066,0.058,1.041,1.311,3,NULL,NULL,,3,0,2,7,255,1218,250,0,0
stim,258165,288286,0,288286,3485594.455,-0.682,0.025,0.027,-0.730,0,0,2966,0,3059,2156,2907,3013,47,1.053,1,2284,0,85.376,0.304,-24.438,-77.625,25.813,-0.219,-0.063,0.977,0.105,-0.285,0.297,0.064,0.064,1.041,1.311,3,NULL,NULL,,3,0,2,7,255,1218,250,0,0
stim,258165,288286,0,288286,3485599.453,-0.683,0.022,0.025,-0.730,0,0,2968,0,3065,2093,2921,3001,47,1.053,1,2284,0,83.901,1.399,-1.500,-83.188,10.813,-0.293,-0.098,1.039,-0.258,1.375,0.297,0.058,0.072,1.041,1.311,3,NULL,NULL,,3,0,2,7,255,1218,250,0,0
stim,258196,288317,0,288317,3485604.455,-0.683,0.020,0.022,-0.730,0,0,2971,0,3087,1995,2937,2995,47,1.053,1,2284,0,87.468,2.203,8.125,-87.063,-2.188,-0.285,-0.219,1.109,-0.504,2.145,0.566,0.050,0.080,1.041,1.311,3,NULL,NULL,,3,0,2,7,255,1218,250,0,0
stim,258196,288317,0,288317,3485609.454,-0.683,0.017,0.020,-0.730,0,0,2957,0,3079,1885,2939,2999,47,1.053,1,2284,0,92.268,2.606,9.688,-91.500,-6.875,-0.160,-0.195,1.227,-1.480,2.145,1.262,0.046,0.086,1.041,1.311,3,NULL,NULL,,3,0,2,7,255,1218,250,0,0
stim,258196,288317,0,288317,3485614.456,-0.683,0.014,0.017,-0.730,0,0,2954,0,3081,1789,2953,2999,47,1.053,1,2284,0,95.171,1.765,-5.313,-94.750,7.188,-0.113,-0.191,1.215,-1.480,0.961,2.199,0.040,0.092,1.041,1.311,3,NULL,NULL,,3,0,2,7,255,1218,250,0,0
stim,258196,288317,0,288317,3485619.453,-0.684,0.010,0.015,-0.729,0,0,2944,0,3081,1684,2961,2989,47,1.053,1,2284,0,100.291,1.765,-8.188,-98.500,17.000,-0.203,-0.094,1.141,-1.480,0.961,2.199,0.036,0.096,1.041,1.311,3,NULL,NULL,,3,0,2,7,255,1218,250,0,0
stim,258196,288317,0,288317,3485624.455,-0.685,0.007,0.012,-0.729,0,0,2938,0,3089,1515,2969,2989,47,1.053,1,2284,0,102.980,1.632,-4.313,-102.625,7.375,-0.242,-0.063,1.121,-0.484,1.559,1.449,0.030,0.104,1.041,1.311,3,NULL,NULL,,3,0,2,7,255,1218,250,0,0
stim,258196,288317,0,288317,3485629.453,-0.685,0.004,0.009,-0.729,0,0,2923,0,3100,1359,2985,2991,47,1.053,1,2284,0,106.672,1.933,2.938,-106.625,-1.188,-0.215,-0.098,1.090,-0.484,1.871,1.234,0.024,0.112,1.041,1.311,3,NULL,NULL,,3,0,2,7,255,1218,250,0,0
stim,258196,288317,0,288317,3485634.455,-0.685,0.001,0.005,-0.729,0,0,2919,0,3090,1159,2987,2981,47,1.053,1,2284,0,111.968,1.939,8.125,-111.438,-7.250,-0.121,-0.121,1.121,-0.508,1.871,1.215,0.024,0.120,1.041,1.311,3,NULL,NULL,,3,0,2,7,255,1218,250,0,0
stim,258196,288317,0,288317,3485639.453,-0.685,-0.003,0.002,-0.729,0,0,2891,0,3093,967,2989,2970,47,1.053,1,2284,0,116.244,1.951,13.063,-115.500,-1.375,-0.180,-0.133,1.121,-0.805,1.777,1.215,0.026,0.128,1.041,1.311,3,NULL,NULL,,3,0,2,7,255,1218,250,0,0
stim,258196,288317,0,288317,3485644.455,-0.685,-0.006,-0.003,-0.729,0,0,2869,0,3101,739,2999,2966,47,1.053,1,2284,0,124.415,1.806,22.250,-122.313,-4.875,-0.156,-0.078,1.102,-0.805,1.617,1.215,0.034,0.138,1.041,1.311,3,NULL,NULL,,3,0,2,7,255,1218,250,0,0
stim,258196,288317,0,288317,3485649.454,-0.684,-0.009,-0.007,-0.729,0,0,2858,0,3109,597,3006,2953,47,1.053,1,2284,0,128.925,1.659,24.313,-126.250,-9.563,-0.074,-0.016,1.164,-0.371,1.617,1.230,0.042,0.146,1.041,1.311,3,NULL,NULL,,3,0,2,7,255,1218,250,0,0
stim,258221,288342,0,288342,3485654.455,-0.685,-0.012,-0.012,-0.729,0,0,2825,0,3097,457,3001,2943,47,1.053,1,2284,0,134.065,1.041,25.813,-131.500,3.875,-0.074,0.059,1.250,0.191,1.023,1.578,0.048,0.156,1.041,1.311,3,NULL,NULL,,3,0,2,7,255,1218,250,0,0
stim,258221,288342,0,288342,3485659.454,-0.685,-0.016,-0.016,-0.728,0,0,2791,0,3103,243,3007,2931,47,1.053,1,2284,0,137.793,1.388,16.188,-136.500,9.625,-0.098,0.176,1.332,0.938,1.023,2.402,0.054,0.166,1.041,1.311,3,NULL,NULL,,3,0,2,7,255,1218,250,0,0
stim,258221,288342,0,288342,3485664.455,-0.685,-0.020,-0.021,-0.728,0,0,2755,0,3097,139,3016,2913,47,1.053,1,2284,0,139.573,2.491,1.125,-139.563,-1.313,-0.094,0.188,1.242,2.090,1.355,2.402,0.060,0.176,1.041,1.311,3,NULL,NULL,,3,0,2,7,255,1218,250,0,0
stim,258221,288342,0,288342,3485669.453,-0.685,-0.024,-0.025,-0.728,0,0,2705,0,3096,57,3015,2931,47,1.053,1,2284,0,145.259,2.521,3.375,-145.125,-5.250,-0.125,0.129,1.191,2.090,1.410,2.238,0.064,0.184,1.041,1.311,3,NULL,NULL,,3,0,2,7,255,1218,250,0,0
stim,258221,288342,0,288342,3485674.455,-0.685,-0.028,-0.030,-0.728,0,0,2663,0,3101,19,3025,2853,47,1.053,1,2284,0,153.220,2.627,16.313,-152.250,-5.500,-0.113,0.148,1.316,1.844,1.871,2.238,0.070,0.194,1.041,1.311,3,NULL,NULL,,3,0,2,7,255,1218,250,0,0
stim,258221,288342,0,288342,3485679.453,-0.684,-0.033,-0.035,-0.728,0,0,2601,0,3095,0,3019,2828,47,1.053,1,2284,0,157.807,2.717,10.063,-157.188,-9.688,-0.090,0.215,1.484,1.844,1.996,2.898,0.072,0.204,1.041,1.311,3,NULL,NULL,,3,0,2,7,255,1218,250,0,0
stim,258251,288372,0,288372,3485684.455,-0.684,-0.038,-0.040,-0.727,0,0,2531,0,3087,0,3019,2829,47,1.053,1,2284,0,163.874,3.180,-11.563,-163.375,-5.438,-0.102,0.203,1.547,2.438,2.043,4.547,0.076,0.214,1.041,1.311,3,NULL,NULL,,3,0,2,7,255,1218,250,0,0
stim,258251,288372,0,288372,3485689.454,-0.684,-0.043,-0.045,-0.727,0,0,2469,0,3081,0,3019,2740,47,1.053,1,2284,0,173.187,3.492,-10.063,-172.750,7.063,-0.176,0.211,1.723,2.520,2.418,5.109,0.078,0.224,1.041,1.311,3,NULL,NULL,,3,0,2,7,255,1218,250,0,0
stim,258251,288372,0,288372,3485694.455,-0.685,-0.050,-0.050,-0.726,0,0,2391,0,3079,0,3019,2686,47,1.053,1,2284,0,188.114,4.427,-15.688,-185.875,24.313,-0.254,0.273,1.930,2.645,3.551,6.691,0.082,0.234,1.041,1.311,3,NULL,NULL,,3,0,2,7,255,1218,250,0,0
stim,258251,288372,0,288372,3485699.453,-0.685,-0.057,-0.054,-0.724,0,0,2313,0,3059,0,3016,2634,47,1.053,1,2284,0,208.438,5.906,-38.000,-202.250,33.125,-0.352,0.367,2.020,3.391,4.836,8.480,0.090,0.246,1.041,1.311,3,NULL,NULL,,3,0,2,7,255,1218,250,0,0
stim,258289,288410,0,288410,3485704.455,-0.686,-0.066,-0.059,-0.722,0,0,2213,0,3053,3,3013,2573,47,1.053,1,2284,0,228.761,7.640,-56.125,-219.000,34.938,-0.453,0.383,1.977,4.477,6.191,8.480,0.100,0.260,1.041,1.311,3,NULL,NULL,,3,0,2,7,255,1218,250,0,0
stim,258289,288410,0,288410,3485709.454,-0.686,-0.076,-0.063,-0.721,0,0,2085,0,3035,30,2995,2491,47,1.053,1,2284,0,252.841,8.852,-77.250,-238.063,35.875,-0.438,0.445,1.898,4.758,7.465,8.332,0.114,0.276,1.041,1.311,3,NULL,NULL,,3,0,2,7,255,1218,250,0,0
stim,258289,288410,0,288410,3485714.456,-0.686,-0.086,-0.068,-0.719,0,0,1961,0,3027,69,2983,2396,47,1.053,1,2284,0,267.749,9.240,-86.438,-252.063,26.125,-0.355,0.441,1.805,5.445,7.465,7.383,0.134,0.298,1.041,1.311,3,NULL,NULL,,3,0,2,7,255,1218,250,0,0
stim,258289,288410,0,288410,3485719.453,-0.686,-0.098,-0.073,-0.717,0,0,1861,0,3015,73,2966,2295,47,1.053,1,2284,0,285.070,8.789,-83.688,-271.125,27.438,-0.305,0.391,1.813,5.445,6.898,6.465,0.158,0.324,1.041,1.311,3,NULL,NULL,,3,0,2,7,255,1218,250,0,0
stim,258289,288410,0,288410,3485724.455,-0.687,-0.109,-0.079,-0.714,0,0,1753,0,2984,87,2927,2190,47,1.053,1,2284,0,303.691,8.793,-79.188,-290.125,42.250,-0.371,0.414,1.957,5.453,6.898,6.465,0.186,0.356,1.041,1.311,3,NULL,NULL,,3,0,2,7,255,1218,250,0,0
stim,258289,288410,0,288410,3485729.454,-0.687,-0.121,-0.086,-0.712,0,0,1639,0,2956,91,2904,2093,47,1.053,1,2284,0,320.590,9.956,-84.250,-306.500,41.688,-0.531,0.531,2.133,5.578,8.246,7.422,0.220,0.390,1.041,1.311,3,NULL,NULL,,3,0,2,7,255,1218,250,0,0
stim,258311,288432,0,288432,3485734.455,-0.686,-0.134,-0.092,-0.709,0,0,1553,0,2932,93,2855,1966,47,1.053,1,2284,0,337.413,12.769,-91.375,-323.813,25.375,-0.621,0.613,2.348,7.023,10.664,8.254,0.256,0.428,1.041,1.311,3,NULL,NULL,,3,0,2,7,255,1218,250,0,0
stim,258311,288432,0,288432,3485739.453,-0.685,-0.148,-0.099,-0.707,0,0,1451,0,2875,79,2785,1875,47,1.053,1,2284,0,354.589,15.036,-95.125,-341.563,4.438,-0.578,0.609,2.594,8.215,12.594,9.508,0.298,0.470,1.041,1.311,3,NULL,NULL,,3,0,2,7,255,1218,250,0,0
stim,258311,288432,0,288432,3485744.455,-0.683,-0.162,-0.107,-0.705,0,0,1381,0,2828,79,2713,1753,47,1.053,1,2284,0,381.685,15.873,-117.750,-363.063,2.063,-0.520,0.449,2.645,8.215,13.582,11.457,0.342,0.516,1.041,1.311,3,NULL,NULL,,3,0,2,7,255,1218,250,0,0
stim,258311,288432,0,288432,3485749.453,-0.681,-0.178,-0.113,-0.701,0,0,1273,0,2769,72,2589,1639,47,1.053,1,2284,0,405.232,15.805,-138.000,-380.375,22.000,-0.664,0.383,2.543,7.328,14.004,11.457,0.394,0.570,1.041,1.311,3,NULL,NULL,,3,0,2,7,255,1218,250,0,0
stim,258311,288432,0,288432,3485754.455,-0.678,-0.195,-0.120,-0.698,0,0,1142,0,2681,48,2455,1517,47,1.053,1,2284,0,423.224,17.255,-150.625,-395.063,18.875,-0.840,0.555,2.418,7.328,15.621,9.777,0.454,0.630,1.041,1.311,3,NULL,NULL,,3,0,2,7,255,1218,250,0,0
stim,258311,288432,0,288432,3485759.454,-0.675,-0.212,-0.128,-0.695,0,0,957,0,2587,12,2265,1391,47,1.053,1,2284,0,433.293,19.154,-147.000,-407.313,-15.188,-0.793,0.508,2.410,8.430,17.199,7.074,0.522,0.698,1.041,1.311,3,NULL,NULL,,3,0,2,7,255,1218,250,0,0
stim,258311,288432,0,288432,3485764.455,-0.670,-0.229,-0.136,-0.693,0,0,793,0,2463,0,1981,1237,47,1.053,1,2284,0,444.469,19.154,-146.250,-418.188,-35.813,-0.504,0.141,2.395,8.430,17.199,7.074,0.592,0.772,1.041,1.311,3,NULL,NULL,,3,0,2,7,255,1218,250,0,0
stim,258311,288432,0,288432,3485769.454,-0.666,-0.246,-0.144,-0.689,0,0,599,0,2301,0,1679,1079,47,1.053,1,2284,0,457.416,16.487,-152.313,-431.063,-14.688,-0.297,-0.285,2.191,5.133,15.668,6.988,0.666,0.848,1.041,1.311,3,NULL,NULL,,3,0,2,7,255,1218,250,0,0
stim,258344,288465,0,288465,3485774.455,-0.663,-0.264,-0.152,-0.684,0,0,409,0,2075,0,1271,937,47,1.053,1,2284,0,469.852,13.904,-143.250,-447.063,19.375,-0.234,-0.547,1.816,0.953,13.871,6.988,0.746,0.928,1.041,1.311,3,NULL,NULL,,3,0,2,7,255,1218,250,0,0
stim,258344,288465,0,288465,3485779.454,-0.659,-0.281,-0.161,-0.678,0,0,285,0,1803,0,776,777,47,1.053,1,2284,0,469.948,12.393,-113.750,-455.063,28.813,-0.059,-0.500,1.348,-2.000,12.230,4.227,0.828,1.012,1.041,1.311,3,NULL,NULL,,3,0,2,7,255,1218,250,0,0
stim,258344,288465,0,288465,3485784.455,-0.657,-0.296,-0.173,-0.672,0,0,212,0,1480,0,295,609,47,1.053,1,2284,0,464.539,8.858,-37.563,-462.688,17.500,0.090,-0.387,1.195,-2.000,8.629,1.070,0.908,1.094,1.041,1.311,3,NULL,NULL,,3,0,2,7,255,1218,250,0,0
stim,258344,288465,0,288465,3485789.453,-0.655,-0.309,-0.187,-0.664,0,0,149,0,1087,0,74,483,47,1.053,1,2284,0,472.528,8.742,41.250,-468.563,45.063,0.020,-0.105,1.566,-1.402,8.629,1.070,0.982,1.172,1.041,1.311,3,NULL,NULL,,3,0,2,7,255,1218,250,0,0
stim,258344,288465,0,288465,3485794.455,-0.655,-0.321,-0.200,-0.654,0,0,105,0,655,0,0,391,47,1.053,1,2284,0,475.938,10.060,47.750,-466.688,80.250,-0.184,0.227,2.082,1.922,9.875,1.777,1.048,1.240,1.041,1.311,3,NULL,NULL,,3,0,2,7,255,1218,250,0,0
stim,258344,288465,0,288465,3485799.453,-0.654,-0.336,-0.212,-0.644,0,0,75,0,269,0,0,310,47,1.053,1,2284,0,488.375,16.020,1.813,-471.938,125.625,-0.492,0.258,2.238,5.820,14.926,1.777,1.106,1.300,1.041,1.311,3,NULL,NULL,,3,0,2,7,255,1218,250,0,0
stim,258403,288524,0,288524,3485804.455,-0.655,-0.352,-0.221,-0.631,0,0,83,0,0,0,0,201,47,1.053,1,2284,0,517.714,19.672,-55.750,-482.250,179.875,-0.844,0.371,1.996,6.074,18.711,1.203,1.156,1.352,1.041,1.311,3,NULL,NULL,,3,0,2,7,255,1218,250,0,0
stim,258403,288524,0,288524,3485809.454,-0.653,-0.371,-0.228,-0.619,0,0,59,0,0,0,0,123,47,1.053,1,2284,0,524.501,19.727,-119.500,-475.875,185.375,-0.930,0.828,1.535,6.250,18.711,-3.938,1.212,1.408,1.041,1.311,3,NULL,NULL,,3,0,2,7,255,1218,250,0,0
stim,258403,288524,0,288524,3485814.457,-0.650,-0.389,-0.233,-0.609,0,0,13,0,0,0,0,40,47,1.053,1,2284,0,495.578,19.276,-165.375,-446.938,136.000,-0.680,1.301,1.059,9.512,16.766,-9.242,1.274,1.472,1.041,1.311,4,NULL,NULL,,3,0,2,7,255,1218,250,0,0
stim,258403,288524,0,288524,3485819.454,-0.646,-0.405,-0.239,-0.601,0,0,23,0,0,0,0,30,47,1.053,1,2284,0,458.375,17.517,-162.875,-417.000,98.438,-0.461,1.402,0.918,13.367,11.320,-11.973,1.344,1.546,1.041,1.311,0,NULL,NULL,,3,0,2,7,255,1218,250,0,0
stim,258403,288524,0,288524,3485824.455,-0.642,-0.422,-0.242,-0.593,0,0,51,0,0,0,0,74,47,1.053,1,2284,0,437.296,16.108,-189.188,-378.688,109.688,-0.391,1.047,0.961,13.367,8.988,-11.973,1.422,1.626,1.041,1.311,0,NULL,NULL,,3,0,2,7,255,1218,250,0,0
stim,258403,288524,0,288524,3485829.453,-0.637,-0.438,-0.243,-0.586,0,0,47,0,0,0,0,109,47,1.053,1,2284,0,410.959,14.192,-230.875,-326.813,93.688,-0.227,0.477,0.945,11.125,8.813,-10.797,1.504,1.708,1.041,1.311,0,NULL,NULL,,3,0,2,7,255,1218,250,0,0
stim,258403,288524,0,288524,3485834.455,-0.632,-0.450,-0.244,-0.582,0,0,55,0,0,0,0,165,47,1.053,1,2284,0,321.487,10.442,-204.000,-243.938,47.250,-0.223,-0.059,0.840,6.098,8.477,-8.445,1.582,1.788,1.041,1.311,0,NULL,NULL,,3,0,2,7,255,1218,250,0,0
stim,258403,288524,0,288524,3485839.453,-0.628,-0.459,-0.244,-0.579,0,0,53,0,0,0,0,197,47,1.053,1,2284,0,240.489,8.530,-148.125,-184.188,44.375,-0.449,-0.203,1.148,0.949,8.477,-7.824,1.658,1.864,1.041,1.311,0,NULL,NULL,,3,0,2,7,255,1218,250,0,0
stim,258403,288524,0,288524,3485844.455,-0.624,-0.467,-0.242,-0.577,0,0,53,0,0,0,0,220,47,1.053,1,2284,0,212.250,12.080,-173.063,-119.500,28.625,-0.660,-0.035,1.457,0.949,12.043,-7.824,1.728,1.936,1.041,1.311,0,NULL,NULL,,3,0,2,7,255,1218,250,0,0
stim,258403,288524,0,288524,3485849.454,-0.619,-0.475,-0.237,-0.579,0,0,45,0,0,0,0,215,47,1.053,1,2284,0,260.443,12.210,-256.688,-44.063,-0.625,-0.629,0.117,1.023,2.016,12.043,-8.922,1.792,2.002,1.041,1.311,0,NULL,NULL,,3,0,2,7,255,1218,250,0,0
stim,258403,288524,0,288524,3485854.455,-0.612,-0.483,-0.229,-0.583,0,0,43,0,0,0,0,197,47,1.053,1,2284,0,298.024,11.666,-296.563,28.938,-5.625,-0.441,0.395,0.207,2.500,11.395,-11.113,1.848,2.058,1.041,1.311,0,NULL,NULL,,3,0,2,7,255,1218,250,0,0
stim,258403,288524,0,288524,3485859.454,-0.608,-0.487,-0.220,-0.587,0,0,43,0,0,0,0,123,47,1.053,1,2284,0,274.625,4.469,-257.875,94.438,-1.000,-0.348,0.668,-0.398,3.199,3.121,-13.910,1.898,2.110,1.041,1.311,0,NULL,NULL,,3,0,2,7,255,1218,250,0,0
stim,258431,288552,0,288552,3485864.455,-0.606,-0.487,-0.212,-0.592,0,0,36,0,0,0,0,120,47,1.053,1,2284,0,216.598,4.306,-160.875,145.000,-3.000,-0.383,0.582,-0.570,3.199,-2.883,-16.570,1.946,2.162,1.041,1.311,0,NULL,NULL,,3,0,2,7,255,1218,250,0,0
stim,258431,288552,0,288552,3485869.453,-0.605,-0.485,-0.206,-0.597,0,0,23,0,0,0,0,115,47,1.053,1,2284,0,192.222,3.750,-69.250,179.063,-9.500,-0.434,0.234,-0.316,2.398,-2.883,-16.570,1.990,2.206,1.041,1.311,0,NULL,NULL,,3,0,2,7,255,1218,250,0,0
stim,258431,288552,0,288552,3485874.455,-0.606,-0.480,-0.200,-0.602,0,0,21,0,0,0,0,115,47,1.053,1,2284,0,206.625,0.884,-38.188,202.750,-11.313,-0.406,0.047,0.020,0.043,-0.883,-15.516,2.024,2.242,1.041,1.311,0,NULL,NULL,,3,0,2,7,255,1218,250,0,0
stim,258431,288552,0,288552,3485879.453,-0.607,-0.476,-0.193,-0.607,0,0,19,0,0,0,0,107,47,1.053,1,2284,0,223.280,2.001,-46.250,218.438,-0.125,-0.324,0.051,0.051,-0.063,2.000,-13.148,2.044,2.264,1.041,1.311,0,NULL,NULL,,3,0,2,7,255,1218,250,0,0
stim,258431,288552,0,288552,3485884.455,-0.608,-0.471,-0.186,-0.612,0,0,17,0,0,0,0,106,47,1.053,1,2284,0,231.781,2.001,-43.875,226.625,20.938,-0.277,0.152,-0.156,-0.063,2.000,-13.148,2.052,2.274,1.041,1.311,0,NULL,NULL,,3,0,2,7,255,1218,250,0,0
stim,258431,288552,0,288552,3485889.454,-0.610,-0.465,-0.179,-0.616,0,0,10,0,0,0,0,98,47,1.053,1,2284,0,233.453,0.192,-11.688,230.125,37.500,-0.305,0.266,-0.324,0.188,-0.039,-13.238,2.058,2.282,1.041,1.311,0,NULL,NULL,,3,0,2,7,255,1218,250,0,0
stim,258461,288582,0,288582,3485894.455,-0.614,-0.458,-0.172,-0.619,0,0,9,0,0,0,0,90,47,1.053,1,2284,0,238.171,1.143,30.750,232.125,43.563,-0.332,0.336,-0.293,0.547,-1.004,-14.680,2.066,2.292,1.041,1.311,0,NULL,NULL,,3,0,2,7,255,1218,250,0,0
stim,258461,288582,0,288582,3485899.454,-0.618,-0.451,-0.167,-0.622,0,0,7,0,0,0,0,85,47,1.053,1,2284,0,246.548,1.570,60.563,234.188,47.688,-0.316,0.344,-0.156,1.207,-1.004,-14.680,2.076,2.304,1.041,1.311,0,NULL,NULL,,3,0,2,7,255,1218,250,0,0
stim,258494,288615,0,288615,3485904.455,-0.622,-0.442,-0.162,-0.625,0,0,5,0,0,0,0,86,47,1.053,1,2284,0,254.267,1.856,75.938,235.813,57.250,-0.309,0.324,-0.047,1.855,0.027,-14.242,2.086,2.314,1.041,1.311,0,NULL,NULL,,3,0,2,7,255,1218,250,0,0
stim,258494,288615,0,288615,3485909.454,-0.627,-0.434,-0.156,-0.627,0,0,3,0,0,0,0,83,47,1.053,1,2284,0,260.813,2.306,88.938,235.688,67.563,-0.359,0.301,0.023,2.117,0.914,-13.492,2.094,2.326,1.041,1.311,0,NULL,NULL,,3,0,2,7,255,1218,250,0,0
stim,258494,288615,0,288615,3485914.457,-0.633,-0.425,-0.152,-0.629,0,0,6,0,0,0,0,83,47,1.053,1,2284,0,266.182,2.810,106.063,233.813,70.250,-0.430,0.270,0.098,2.117,1.848,-13.375,2.102,2.336,1.041,1.311,0,NULL,NULL,,3,0,2,7,255,1218,250,0,0
stim,258494,288615,0,288615,3485919.453,-0.638,-0.416,-0.147,-0.631,0,0,1,0,0,0,0,83,47,1.053,1,2284,0,269.166,3.656,121.500,231.063,65.563,-0.457,0.242,0.242,2.117,2.980,-13.281,2.112,2.346,1.041,1.311,0,NULL,NULL,,3,0,2,7,255,1218,250,0,0
stim,258494,288615,0,288615,3485924.455,-0.643,-0.406,-0.144,-0.633,0,0,3,0,0,0,0,79,47,1.053,1,2284,0,269.164,4.848,127.500,229.688,58.625,-0.438,0.223,0.410,2.238,4.301,-12.438,2.124,2.358,1.041,1.311,0,NULL,NULL,,3,0,2,7,255,1218,250,0,0
stim,258494,288615,0,288615,3485929.454,-0.648,-0.396,-0.140,-0.635,0,0,4,0,0,0,0,71,47,1.053,1,2284,0,267.585,6.053,124.500,230.938,52.625,-0.426,0.219,0.555,2.699,5.418,-11.129,2.136,2.374,1.041,1.311,0,NULL,NULL,,3,0,2,7,255,1218,250,0,0
stim,258494,288615,0,288615,3485934.455,-0.652,-0.387,-0.136,-0.637,0,0,10,0,0,0,0,72,47,1.053,1,2284,0,266.230,7.087,116.375,235.000,45.938,-0.457,0.219,0.664,3.152,6.348,-9.980,2.154,2.392,1.041,1.311,0,NULL,NULL,,3,0,2,7,255,1218,250,0,0
stim,258494,288615,0,288615,3485939.453,-0.656,-0.377,-0.131,-0.640,0,0,8,0,0,0,0,69,47,1.053,1,2284,0,266.054,8.101,107.000,241.125,34.563,-0.512,0.215,0.766,3.461,7.324,-9.305,2.174,2.416,1.041,1.311,0,NULL,NULL,,3,0,2,7,255,1218,250,0,0
stim,258494,288615,0,288615,3485944.455,-0.660,-0.367,-0.127,-0.643,0,0,11,0,0,0,0,75,47,1.053,1,2284,0,268.159,9.110,95.563,249.938,17.563,-0.539,0.227,0.867,3.684,8.332,-8.781,2.198,2.442,1.041,1.311,0,NULL,NULL,,3,0,2,7,255,1218,250,0,0
stim,258494,288615,0,288615,3485949.453,-0.662,-0.358,-0.121,-0.647,0,0,19,0,0,0,0,79,47,1.053,1,2284,0,272.994,10.029,80.625,260.813,-1.563,-0.531,0.227,0.945,4.102,9.152,-8.117,2.228,2.472,1.041,1.311,0,NULL,NULL,,3,0,2,7,255,1218,250,0,0
stim,258521,288642,0,288642,3485954.457,-0.664,-0.348,-0.116,-0.652,0,0,11,0,0,0,0,88,47,1.053,1,2284,0,280.886,10.414,63.375,273.000,-18.750,-0.496,0.207,0.988,4.387,9.445,-7.281,2.262,2.508,1.041,1.311,0,NULL,NULL,,3,0,2,7,255,1218,250,0,0
stim,258521,288642,0,288642,3485959.454,-0.665,-0.338,-0.109,-0.657,0,0,12,0,0,0,0,91,47,1.053,1,2284,0,291.685,10.414,46.313,286.000,-33.750,-0.465,0.191,0.984,4.387,9.445,-6.445,2.302,2.552,1.041,1.311,0,NULL,NULL,,3,0,2,7,255,1218,250,0,0
stim,258521,288642,0,288642,3485964.455,-0.665,-0.328,-0.103,-0.663,0,0,11,0,0,0,0,93,47,1.053,1,2284,0,304.819,10.027,32.688,299.125,-48.688,-0.406,0.180,0.910,4.316,9.051,-6.000,2.346,2.596,1.041,1.311,0,NULL,NULL,,3,0,2,7,255,1218,250,0,0
stim,258521,288642,0,288642,3485969.454,-0.664,-0.318,-0.095,-0.670,0,0,11,0,0,0,0,111,47,1.053,1,2284,0,319.396,9.061,27.625,311.875,-63.125,-0.305,0.148,0.797,4.090,8.086,-5.926,2.394,2.644,1.041,1.311,0,NULL,NULL,,3,0,2,7,255,1218,250,0,0
stim,258521,288642,0,288642,3485974.455,-0.664,-0.308,-0.088,-0.676,0,0,13,0,0,0,0,109,47,1.053,1,2284,0,332.279,7.446,32.375,323.000,-70.938,-0.207,0.086,0.688,3.598,6.520,-5.902,2.442,2.696,1.041,1.311,0,NULL,NULL,,3,0,2,7,255,1218,250,0,0
stim,258521,288642,0,288642,3485979.453,-0.663,-0.296,-0.081,-0.683,0,0,9,0,0,0,0,122,47,1.053,1,2284,0,341.377,5.791,45.938,330.750,-70.938,-0.168,0.082,0.625,2.777,5.082,-5.902,2.490,2.746,1.041,1.311,0,NULL,NULL,,3,0,2,7,255,1218,250,0,0
stim,258552,288673,0,288673,3485984.455,-0.663,-0.284,-0.074,-0.689,0,0,9,0,0,0,0,117,47,1.053,1,2284,0,350.464,5.136,64.875,336.500,-73.375,-0.133,0.117,0.609,2.777,4.320,-5.895,2.536,2.794,1.041,1.311,0,NULL,NULL,,3,0,2,7,255,1218,250,0,0
stim,258552,288673,0,288673,3485989.453,-0.662,-0.271,-0.068,-0.695,0,0,9,0,0,0,0,121,47,1.053,1,2284,0,358.640,4.717,85.813,340.188,-74.375,-0.066,0.121,0.637,2.855,3.754,-5.895,2.580,2.840,1.041,1.311,0,NULL,NULL,,3,0,2,7,255,1218,250,0,0
stim,258552,288673,0,288673,3485994.455,-0.662,-0.258,-0.063,-0.701,0,0,11,0,0,0,0,120,47,1.053,1,2284,0,364.317,4.364,106.250,341.313,-70.313,-0.020,0.152,0.664,2.988,3.180,-5.254,2.620,2.880,1.041,1.311,0,NULL,NULL,,3,0,2,7,255,1218,250,0,0
stim,258552,288673,0,288673,3485999.454,-0.662,-0.243,-0.058,-0.707,0,0,11,0,0,0,0,124,47,1.053,1,2284,0,374.439,4.544,138.938,339.688,-74.250,-0.105,0.262,0.652,3.320,3.102,-5.254,2.654,2.918,1.041,1.311,0,NULL,NULL,,3,0,2,7,255,1218,250,0,0
stim,258595,288716,0,288716,3486004.455,-0.661,-0.228,-0.055,-0.713,0,0,9,0,0,0,0,115,47,1.053,1,2284,0,383.831,5.024,162.688,338.125,-80.813,0.023,0.203,0.879,4.242,2.691,-4.781,2.684,2.948,1.041,1.311,0,NULL,NULL,,3,0,2,7,255,1218,250,0,0
stim,258595,288716,0,288716,3486009.454,-0.661,-0.212,-0.051,-0.718,0,0,9,0,0,0,0,117,47,1.053,1,2284,0,381.957,5.024,171.125,334.563,-68.375,0.164,0.148,0.953,4.242,2.691,-2.621,2.710,2.976,1.041,1.311,0,NULL,NULL,,3,0,2,7,255,1218,250,0,0
stim,258595,288716,0,288716,3486014.455,-0.662,-0.197,-0.047,-0.722,0,0,9,0,0,0,0,121,47,1.053,1,2284,0,377.028,4.051,174.688,332.125,-36.438,0.184,0.133,1.082,3.754,1.523,-1.160,2.734,3.002,1.041,1.311,0,NULL,NULL,,3,0,2,7,255,1218,250,0,0
stim,258595,288716,0,288716,3486019.454,-0.663,-0.181,-0.044,-0.725,0,0,9,0,0,0,0,117,47,1.053,1,2284,0,370.410,4.051,171.688,327.938,-13.563,0.066,0.195,1.176,3.754,1.523,0.184,2.756,3.026,1.041,1.311,0,NULL,NULL,,3,0,2,7,255,1218,250,0,0
stim,258595,288716,0,288716,3486024.455,-0.664,-0.166,-0.040,-0.728,0,0,8,0,0,0,0,117,47,1.053,1,2284,0,366.997,5.115,171.938,324.000,-12.188,-0.066,0.258,1.172,4.445,2.531,0.277,2.776,3.048,1.041,1.311,0,NULL,NULL,,3,0,2,7,255,1218,250,0,0
stim,258595,288716,0,288716,3486029.454,-0.665,-0.150,-0.037,-0.730,0,0,8,0,0,0,0,114,47,1.053,1,2284,0,369.342,5.586,186.125,318.563,-17.000,-0.059,0.203,1.273,4.445,3.383,0.668,2.796,3.068,1.041,1.311,0,NULL,NULL,,3,0,2,7,255,1218,250,0,0
stim,258595,288716,0,288716,3486034.455,-0.666,-0.135,-0.034,-0.733,0,0,8,0,0,0,0,118,47,1.053,1,2284,0,370.002,5.567,190.938,316.563,-15.250,-0.051,0.180,1.414,4.422,3.383,1.496,2.814,3.090,1.041,1.311,0,NULL,NULL,,3,0,2,7,255,1218,250,0,0
stim,258595,288716,0,288716,3486039.454,-0.667,-0.119,-0.031,-0.735,0,0,9,0,0,0,0,112,47,1.053,1,2284,0,366.013,5.567,185.375,315.250,-14.813,-0.133,0.219,1.543,4.422,3.383,3.051,2.836,3.112,1.041,1.311,0,NULL,NULL,,3,0,2,7,255,1218,250,0,0
stim,258595,288716,0,288716,3486044.455,-0.667,-0.104,-0.027,-0.737,0,0,11,0,0,0,0,113,47,1.053,1,2284,0,359.604,6.122,173.000,314.500,-21.813,-0.176,0.258,1.633,4.641,3.992,4.203,2.860,3.136,1.041,1.311,0,NULL,NULL,,3,0,2,7,255,1218,250,0,0
stim,258595,288716,0,288716,3486049.454,-0.667,-0.089,-0.024,-0.739,0,0,12,0,0,0,0,117,47,1.053,1,2284,0,354.476,6.122,164.063,312.813,-29.750,-0.145,0.219,1.719,4.641,3.992,5.117,2.884,3.162,1.041,1.311,0,NULL,NULL,,3,0,2,7,255,1218,250,0,0
stim,258619,288740,0,288740,3486054.455,-0.667,-0.075,-0.020,-0.741,0,0,13,0,0,0,0,110,47,1.053,1,2284,0,347.679,5.765,150.250,312.188,-29.063,-0.125,0.250,1.793,4.492,3.613,6.219,2.910,3.192,1.041,1.311,0,NULL,NULL,,3,0,2,7,255,1218,250,0,0
stim,258619,288740,0,288740,3486059.454,-0.666,-0.061,-0.015,-0.743,0,0,17,0,0,0,0,118,47,1.053,1,2284,0,339.993,5.333,135.063,310.750,-28.063,-0.164,0.254,1.840,4.383,3.039,7.082,2.940,3.222,1.041,1.311,0,NULL,NULL,,3,0,2,7,255,1218,250,0,0
stim,258619,288740,0,288740,3486064.455,-0.665,-0.047,-0.010,-0.745,0,0,17,0,0,0,0,122,47,1.053,1,2284,0,332.684,5.321,118.875,308.875,-33.813,-0.184,0.223,1.840,4.379,3.023,7.641,2.968,3.252,1.041,1.311,0,NULL,NULL,,3,0,2,7,255,1218,250,0,0
stim,258619,288740,0,288740,3486069.453,-0.664,-0.034,-0.005,-0.747,0,0,19,0,0,0,0,123,47,1.053,1,2284,0,326.454,4.774,107.688,305.688,-39.125,-0.141,0.191,1.793,3.875,2.789,7.641,2.996,3.280,1.041,1.311,0,NULL,NULL,,3,0,2,7,255,1218,250,0,0
stim,258644,288766,0,288766,3486074.455,-0.662,-0.021,0.000,-0.749,0,0,21,0,0,0,0,123,47,1.053,1,2284,0,321.229,3.783,103.500,301.563,-39.188,-0.090,0.180,1.730,3.254,1.930,7.488,3.024,3.310,1.041,1.311,0,NULL,NULL,,3,0,2,7,255,1218,250,0,0
stim,258644,288766,0,288766,3486079.454,-0.661,-0.008,0.005,-0.751,0,0,25,0,0,0,0,125,47,1.053,1,2284,0,317.076,3.006,106.875,296.313,-36.250,-0.074,0.168,1.719,2.836,0.996,6.988,3.050,3.338,1.041,1.311,0,NULL,NULL,,3,0,2,7,255,1218,250,0,0
stim,258644,288766,0,288766,3486084.455,-0.659,0.005,0.010,-0.752,0,0,27,0,0,0,0,123,47,1.053,1,2284,0,313.797,2.498,113.188,290.625,-34.563,-0.059,0.152,1.723,2.461,0.430,6.988,3.072,3.362,1.041,1.311,0,NULL,NULL,,3,0,2,7,255,1218,250,0,0
stim,258644,288766,0,288766,3486089.454,-0.658,0.018,0.014,-0.753,0,0,25,0,0,0,0,134,47,1.053,1,2284,0,312.653,2.078,122.875,285.500,-33.813,-0.012,0.129,1.742,2.074,-0.129,7.008,3.092,3.386,1.041,1.311,0,NULL,NULL,,3,0,2,7,255,1218,250,0,0
stim,258644,288766,0,288766,3486094.455,-0.656,0.031,0.017,-0.754,0,0,27,0,0,0,0,123,47,1.053,1,2284,0,314.375,1.819,136.500,281.500,-30.938,0.055,0.082,1.777,1.547,-0.957,7.191,3.110,3.404,1.041,1.311,0,NULL,NULL,,3,0,2,7,255,1218,250,0,0
stim,258644,288766,0,288766,3486099.453,-0.654,0.044,0.020,-0.755,0,0,26,0,0,0,0,127,47,1.053,1,2284,0,318.323,2.071,151.500,278.813,-25.313,0.105,0.043,1.840,0.762,-1.926,7.508,3.126,3.422,1.041,1.311,0,NULL,NULL,,3,0,2,7,255,1218,250,0,0
stim,258694,288815,0,288815,3486104.455,-0.653,0.058,0.022,-0.755,0,0,26,0,0,0,0,133,47,1.053,1,2284,0,324.523,2.828,166.688,277.688,-20.500,0.172,0.027,1.910,-0.008,-2.828,8.035,3.138,3.434,1.041,1.311,0,NULL,NULL,,3,0,2,7,255,1218,250,0,0
stim,258694,288815,0,288815,3486109.454,-0.651,0.072,0.024,-0.755,0,0,28,0,0,0,0,133,47,1.053,1,2284,0,331.663,3.933,180.750,277.563,-17.000,0.273,0.063,1.992,-0.578,-3.891,8.605,3.144,3.444,1.041,1.311,0,NULL,NULL,,3,0,2,7,255,1218,250,0,0
stim,258694,288815,0,288815,3486114.455,-0.649,0.087,0.026,-0.755,0,0,29,0,0,0,0,123,47,1.053,1,2284,0,341.294,5.464,196.438,278.750,-13.875,0.418,0.094,2.078,-0.766,-5.410,9.168,3.150,3.450,1.041,1.311,0,NULL,NULL,,3,0,2,7,255,1218,250,0,0
stim,258694,288815,0,288815,3486119.454,-0.648,0.102,0.027,-0.755,0,0,27,0,0,0,0,119,47,1.053,1,2284,0,352.642,7.466,213.500,280.500,-9.688,0.578,0.090,2.207,-1.137,-7.379,9.629,3.152,3.452,1.041,1.311,0,NULL,NULL,,3,0,2,7,255,1218,250,0,0
stim,258694,288815,0,288815,3486124.455,-0.646,0.118,0.027,-0.754,0,0,30,0,0,0,0,109,47,1.053,1,2284,0,361.932,9.751,225.438,283.125,-3.563,0.727,0.063,2.348,-1.949,-9.555,10.359,3.148,3.452,1.041,1.311,0,NULL,NULL,,3,0,2,7,255,1218,250,0,0
stim,258694,288815,0,288815,3486129.454,-0.644,0.133,0.028,-0.753,0,0,29,0,0,0,0,97,47,1.053,1,2284,0,367.507,12.007,231.813,285.125,5.313,0.848,0.055,2.477,-3.020,-11.621,11.137,3.138,3.444,1.041,1.311,0,NULL,NULL,,3,0,2,7,255,1218,250,0,0
stim,258694,288815,0,288815,3486134.455,-0.642,0.149,0.028,-0.751,0,0,31,0,0,0,0,92,47,1.053,1,2284,0,370.675,14.043,234.000,287.188,12.938,0.953,0.086,2.594,-3.961,-13.473,11.746,3.120,3.428,1.041,1.311,0,NULL,NULL,,3,0,2,7,255,1218,250,0,0
stim,258694,288815,0,288815,3486139.454,-0.641,0.165,0.029,-0.749,0,0,30,0,0,0,0,93,47,1.053,1,2284,0,370.322,15.881,231.313,288.625,18.125,1.039,0.133,2.695,-4.512,-15.227,12.207,3.096,3.404,1.041,1.311,0,NULL,NULL,,3,0,2,7,255,1218,250,0,0
stim,258694,288815,0,288815,3486144.455,-0.639,0.181,0.029,-0.747,0,0,29,0,0,0,0,107,47,1.053,1,2284,0,364.451,17.543,220.188,289.625,21.438,1.113,0.160,2.750,-4.863,-16.855,12.359,3.062,3.372,1.041,1.311,0,NULL,NULL,,3,0,2,7,255,1218,250,0,0
stim,258694,288815,0,288815,3486149.454,-0.638,0.196,0.031,-0.744,0,0,26,0,0,0,0,111,47,1.053,1,2284,0,352.795,18.968,202.313,287.688,27.750,1.141,0.180,2.766,-5.320,-18.207,12.359,3.020,3.332,1.041,1.311,0,NULL,NULL,,3,0,2,7,255,1218,250,0,0
stim,258715,288836,0,288836,3486154.455,-0.636,0.210,0.033,-0.741,0,0,27,0,0,0,0,121,47,1.053,1,2284,0,335.748,19.831,177.250,283.438,31.188,1.164,0.227,2.734,-5.535,-19.043,11.930,2.964,3.278,1.041,1.311,0,NULL,NULL,,3,0,2,7,255,1218,250,0,0
stim,258715,288836,0,288836,3486159.454,-0.635,0.223,0.035,-0.738,0,0,30,0,0,0,0,127,47,1.053,1,2284,0,316.667,20.466,153.250,275.625,28.688,1.277,0.293,2.691,-5.535,-19.703,11.133,2.900,3.214,1.041,1.311,0,NULL,NULL,,3,0,2,7,255,1218,250,0,0
stim,258715,288836,0,288836,3486164.455,-0.634,0.236,0.038,-0.735,0,0,28,0,0,0,0,142,47,1.053,1,2284,0,295.947,21.853,127.938,265.625,25.688,1.488,0.227,2.594,-5.535,-21.141,9.930,2.828,3.142,1.041,1.311,0,NULL,NULL,,3,0,2,7,255,1218,250,0,0
stim,258715,288836,0,288836,3486169.453,-0.633,0.247,0.042,-0.732,0,0,29,0,0,0,0,168,47,1.053,1,2284,0,274.436,23.760,99.938,253.438,33.125,1.691,0.012,2.371,-6.008,-22.988,7.582,2.750,3.066,1.041,1.311,0,NULL,NULL,,3,0,2,7,255,1218,250,0,0
stim,258738,288859,0,288859,3486174.455,-0.633,0.256,0.045,-0.729,0,0,26,0,0,0,0,166,47,1.053,1,2284,0,256.420,24.571,80.188,238.438,49.688,1.801,-0.242,2.004,-7.703,-23.332,3.836,2.666,2.984,1.041,1.311,0,NULL,NULL,,3,0,2,7,255,1218,250,0,0
stim,258738,288859,0,288859,3486179.453,-0.634,0.266,0.048,-0.725,0,0,27,0,0,0,0,178,47,1.053,1,2284,0,244.217,25.057,81.500,222.125,60.500,1.840,-0.375,1.602,-9.137,-23.332,-0.867,2.578,2.896,1.041,1.311,0,NULL,NULL,,3,0,2,7,255,1218,250,0,0
stim,258738,288859,0,288859,3486184.455,-0.634,0.275,0.050,-0.721,0,0,29,0,0,0,0,185,47,1.053,1,2284,0,237.541,23.860,104.500,201.938,68.750,1.984,-0.648,1.355,-9.227,-22.004,-5.250,2.482,2.802,1.041,1.311,0,NULL,NULL,,3,0,2,7,255,1218,250,0,0
stim,258738,288859,0,288859,3486189.454,-0.635,0.285,0.050,-0.717,0,0,29,0,0,0,0,213,47,1.053,1,2284,0,234.879,24.621,118.938,182.813,87.188,2.121,-0.781,1.277,-11.047,-22.004,-9.066,2.382,2.702,1.041,1.311,0,NULL,NULL,,3,0,2,7,255,1218,250,0,0
stim,258762,288883,0,288883,3486194.455,-0.636,0.294,0.050,-0.712,0,0,26,0,0,0,0,214,47,1.053,1,2284,0,237.919,25.007,137.563,165.813,100.938,2.176,-0.918,1.078,-11.961,-21.961,-11.141,2.278,2.598,1.041,1.311,0,NULL,NULL,,3,0,2,7,255,1218,250,0,0
stim,258762,288883,0,288883,3486199.454,-0.636,0.304,0.047,-0.708,0,0,27,0,0,0,0,215,47,1.053,1,2284,0,253.918,25.246,178.188,147.125,105.250,2.184,-0.961,1.027,-12.453,-21.961,-13.828,2.168,2.490,1.041,1.311,0,NULL,NULL,,3,0,2,7,255,1218,250,0,0
stim,258794,288915,0,288915,3486204.455,-0.636,0.314,0.043,-0.704,0,0,23,0,0,0,0,221,47,1.053,1,2284,0,265.209,25.267,210.000,129.813,96.875,2.293,-1.016,1.223,-12.496,-21.961,-14.414,2.054,2.376,1.041,1.311,0,NULL,NULL,,3,0,2,7,255,1218,250,0,0
stim,258794,288915,0,288915,3486209.454,-0.635,0.324,0.038,-0.700,0,0,26,0,0,0,0,233,47,1.053,1,2284,0,260.558,27.065,215.625,112.750,93.188,2.320,-1.133,1.441,-13.555,-23.426,-14.414,1.936,2.258,1.041,1.311,0,NULL,NULL,,3,0,2,7,255,1218,250,0,0
stim,258794,288915,0,288915,3486214.455,-0.635,0.332,0.034,-0.697,0,0,30,0,0,0,0,251,47,1.053,1,2284,0,241.733,28.823,207.188,95.750,79.625,2.484,-1.367,1.516,-15.289,-24.434,-14.414,1.812,2.136,1.041,1.311,0,NULL,NULL,,3,0,2,7,255,1218,250,0,0
stim,258794,288915,0,288915,3486219.454,-0.634,0.341,0.028,-0.693,0,0,29,0,0,0,0,263,47,1.053,1,2284,0,236.372,31.119,203.063,73.875,95.813,2.469,-1.480,1.574,-17.594,-25.668,-15.148,1.686,2.010,1.041,1.311,0,NULL,NULL,,3,0,2,7,255,1218,250,0,0
stim,258794,288915,0,288915,3486224.455,-0.634,0.348,0.022,-0.691,0,0,26,0,0,0,0,277,47,1.053,1,2284,0,221.760,31.693,201.000,48.750,80.000,2.180,-1.355,1.793,-18.590,-25.668,-15.148,1.554,1.878,1.041,1.311,0,NULL,NULL,,3,0,2,7,255,1218,250,0,0
stim,258794,288915,0,288915,3486229.454,-0.633,0.354,0.016,-0.689,0,0,25,0,0,0,0,285,47,1.053,1,2284,0,204.799,31.782,193.563,20.500,63.688,2.195,-1.285,2.063,-18.742,-25.668,-12.301,1.418,1.742,1.041,1.311,0,NULL,NULL,,3,0,2,7,255,1218,250,0,0
stim,258794,288915,0,288915,3486234.455,-0.632,0.358,0.010,-0.687,0,0,27,0,0,0,0,302,47,1.053,1,2284,0,176.554,32.147,165.813,-9.625,59.875,2.031,-1.051,2.457,-19.066,-25.883,-10.430,1.276,1.600,1.041,1.311,0,NULL,NULL,,3,0,2,7,255,1218,250,0,0
stim,258794,288915,0,288915,3486239.454,-0.632,0.360,0.005,-0.687,0,0,19,0,0,0,0,333,47,1.053,1,2284,0,127.801,32.147,110.938,-39.063,50.000,1.723,-0.734,2.633,-19.066,-25.883,-5.969,1.128,1.450,1.041,1.311,0,NULL,NULL,,3,0,2,7,255,1218,250,0,0
stim,258794,288915,0,288915,3486244.455,-0.631,0.361,-0.001,-0.687,0,0,14,0,0,0,0,454,47,1.053,1,2284,0,142.309,31.730,106.625,-82.813,45.000,0.914,-0.949,3.180,-19.066,-25.363,-1.875,0.976,1.298,1.041,1.311,0,NULL,NULL,,3,0,2,7,255,1218,250,0,0
stim,258794,288915,0,288915,3486249.454,-0.633,0.366,-0.028,-0.682,237,0,11,431,0,16,0,478,47,1.053,1,2284,0,641.540,33.851,493.375,-266.250,311.875,1.008,0.684,7.273,-22.418,-25.363,5.195,0.822,1.142,1.041,1.311,0,NULL,NULL,,3,0,2,7,255,1218,250,0,0
stim,258821,288942,0,288942,3486254.455,-0.645,0.353,-0.025,-0.678,855,0,9,1052,0,154,0,550,47,1.053,1,2284,0,431.102,32.020,-347.625,-135.563,215.938,-0.707,1.102,6.531,-22.418,-22.863,41.922,0.670,0.986,1.041,1.311,0,NULL,NULL,,3,0,2,7,255,1218,250,0,0
stim,258821,288942,0,288942,3486259.454,-0.667,0.318,-0.000,-0.674,1301,0,1,1449,0,441,0,611,47,1.053,1,2284,0,1102.800,31.838,-1071.125,-139.313,222.375,-0.570,2.965,1.438,-22.156,-22.863,41.922,0.522,0.834,1.041,1.311,0,NULL,NULL,,3,0,2,7,255,1218,250,0,0
stim,258821,288942,0,288942,3486264.455,-0.683,0.288,0.020,-0.671,1715,0,0,1744,0,598,0,663,47,1.053,1,2285,0,918.918,20.632,-895.750,-139.188,150.563,-1.063,2.672,-1.984,20.266,-3.871,15.621,0.384,0.682,1.041,1.311,1,1229.000,11.000,,3,0,2,7,255,1218,250,0,0
stim,258821,288942,0,288942,3486269.454,-0.691,0.272,0.027,-0.669,2009,0,0,1909,0,837,0,731,47,1.053,1,2285,0,433.830,25.961,-407.125,-122.375,86.500,-1.477,0.988,-2.367,20.266,16.227,-13.012,0.266,0.532,1.041,1.311,1,NULL,NULL,,3,0,2,7,255,1218,250,0,0
stim,258821,288942,0,288942,3486274.455,-0.692,0.267,0.024,-0.670,2174,0,0,1973,0,955,0,800,47,1.053,1,2285,0,154.020,21.756,-40.938,-147.438,17.563,-1.000,-0.371,-0.129,14.492,16.227,-13.012,0.188,0.388,1.041,1.311,1,NULL,NULL,,3,0,2,7,255,1218,250,0,0
stim,258821,288942,0,288942,3486279.453,-0.694,0.263,0.020,-0.671,2322,0,0,2075,0,1149,0,852,47,1.053,1,2285,0,131.423,9.524,-5.938,-128.625,26.313,-0.086,0.609,1.883,0.066,9.523,-8.199,0.218,0.288,1.041,1.311,1,NULL,NULL,,3,0,2,7,255,1218,250,0,0
stim,258851,288972,0,288972,3486284.455,-0.698,0.255,0.020,-0.669,2423,0,0,2131,0,1271,0,933,47,1.053,1,2285,0,200.291,6.668,-148.125,-110.750,76.875,0.156,2.211,2.027,0.066,-6.668,8.434,0.256,0.256,1.041,1.311,1,NULL,NULL,,3,0,2,7,255,1218,250,0,0
stim,258851,288972,0,288972,3486289.453,-0.703,0.244,0.023,-0.667,2501,0,0,2179,0,1369,0,983,47,1.053,1,2285,0,294.566,13.933,-262.000,-101.125,88.875,-0.379,1.801,1.625,12.234,-6.668,10.703,0.282,0.268,1.041,1.311,1,NULL,NULL,,3,0,2,7,255,1218,250,0,0
stim,258851,288972,0,288972,3486294.455,-0.708,0.232,0.030,-0.667,2635,0,0,2363,0,1483,0,1016,47,1.053,1,2285,0,341.373,12.499,-326.563,-95.438,28.000,-0.719,0.539,0.926,12.234,-2.559,10.703,0.294,0.304,1.041,1.311,2,NULL,NULL,,3,0,2,7,255,1218,250,0,0
stim,258851,288972,0,288972,3486299.454,-0.710,0.220,0.035,-0.668,2758,0,0,2553,0,1480,0,1091,47,1.053,1,2285,0,311.374,3.875,-295.750,-94.375,-24.063,-0.625,-0.219,0.320,2.098,3.258,2.195,0.306,0.340,1.041,1.311,2,NULL,NULL,,3,0,2,7,255,1218,250,0,0
stim,258893,289014,0,289014,3486304.455,-0.715,0.208,0.038,-0.667,2839,0,0,2678,0,1493,0,1184,47,1.053,1,2285,0,291.988,5.666,-249.563,-137.750,63.250,-1.113,-1.348,0.129,-3.473,4.477,-5.352,0.338,0.372,1.041,1.311,2,NULL,NULL,,3,0,2,7,255,1218,250,0,0
stim,258893,289014,0,289014,3486309.454,-0.717,0.198,0.039,-0.667,2909,0,0,2787,0,1503,0,1315,47,1.053,1,2285,0,242.896,17.096,-196.688,-142.188,9.750,-1.113,-1.344,0.121,-14.359,9.277,-7.895,0.376,0.410,1.041,1.311,2,NULL,NULL,,3,0,2,7,255,1218,250,0,0
stim,258893,289014,0,289014,3486314.455,-0.716,0.191,0.037,-0.670,2951,0,0,2863,0,1515,0,1405,47,1.053,1,2285,0,178.478,17.096,-81.188,-147.563,-59.063,-0.547,-0.688,0.398,-14.359,9.277,-7.895,0.404,0.444,1.041,1.311,2,NULL,NULL,,3,0,2,7,255,1218,250,0,0
stim,258893,289014,0,289014,3486319.454,-0.714,0.187,0.033,-0.673,2985,0,0,2925,0,1531,0,1471,47,1.053,1,2285,0,155.467,8.619,4.000,-134.750,-77.438,0.156,-0.238,1.090,-7.887,3.477,-5.844,0.410,0.464,1.041,1.311,2,NULL,NULL,,3,0,2,7,255,1218,250,0,0
stim,258893,289014,0,289014,3486324.455,-0.713,0.183,0.030,-0.676,3015,0,0,2979,0,1575,0,1491,47,1.053,1,2285,0,128.707,9.046,-12.625,-118.188,-49.375,0.477,-0.512,1.758,-7.590,-4.922,-0.746,0.388,0.466,1.041,1.311,2,NULL,NULL,,3,0,2,7,255,1218,250,0,0
stim,258893,289014,0,289014,3486329.454,-0.715,0.176,0.030,-0.676,3031,0,0,3021,0,1610,0,1513,47,1.053,1,2285,0,161.946,12.442,-110.813,-117.125,15.125,0.512,-0.746,1.734,-7.590,-9.859,3.449,0.344,0.454,1.041,1.311,2,NULL,NULL,,3,0,2,7,255,1218,250,0,0
stim,258911,289032,0,289032,3486334.455,-0.719,0.167,0.031,-0.674,3045,0,0,3054,0,1710,0,1541,47,1.053,1,2285,0,232.990,13.584,-187.250,-110.250,84.063,0.234,-0.816,1.074,-9.344,-9.859,3.449,0.304,0.436,1.041,1.311,2,NULL,NULL,,3,0,2,7,255,1218,250,0,0
stim,258911,289032,0,289032,3486339.454,-0.724,0.159,0.032,-0.671,3051,0,0,3077,0,1783,0,1579,47,1.053,1,2285,0,231.948,10.880,-173.688,-106.875,110.500,-0.230,-0.824,0.551,-9.344,-5.574,-1.820,0.272,0.408,1.041,1.311,2,NULL,NULL,,3,0,2,7,255,1218,250,0,0
stim,258911,289032,1,289032,3486344.455,-0.727,0.152,0.032,-0.668,3064,0,0,3101,0,1908,0,1641,47,1.053,1,2285,0,174.771,9.002,-107.500,-106.813,87.063,-0.512,-0.680,0.531,-9.000,0.191,-4.586,0.248,0.370,1.041,1.311,2,NULL,NULL,,3,1,2,7,255,1218,250,0,0
stim,258911,289032,1,289032,3486349.454,-0.729,0.148,0.029,-0.668,3069,0,0,3111,0,1981,0,1691,47,1.053,1,2285,0,127.448,8.019,-47.813,-109.000,45.563,-0.414,-0.238,0.789,-7.828,1.738,-4.586,0.230,0.320,1.041,1.311,2,NULL,NULL,,3,1,2,7,255,1218,250,0,0
stim,258911,289032,1,289032,3486354.455,-0.730,0.144,0.027,-0.667,3068,0,0,3111,0,2069,0,1735,47,1.053,1,2285,0,111.662,4.169,-26.875,-106.375,20.750,-0.188,0.094,1.129,-3.789,1.738,-1.766,0.230,0.266,1.041,1.311,2,NULL,NULL,,3,1,2,7,255,1218,250,0,0
stim,258911,289032,1,289032,3486359.454,-0.731,0.139,0.025,-0.667,3087,0,0,3112,0,2155,0,1849,47,1.053,1,2285,0,119.367,1.458,-57.250,-103.313,17.250,-0.152,0.070,1.355,-1.133,-0.918,1.402,0.232,0.222,1.041,1.311,2,NULL,NULL,,3,1,2,7,255,1218,250,0,0
stim,258911,289032,1,289032,3486364.455,-0.732,0.133,0.024,-0.667,3083,0,0,3123,148,2233,72,1939,47,1.053,1,2285,0,141.627,2.016,-100.625,-98.813,13.000,-0.098,-0.125,1.156,-1.133,-1.668,1.402,0.236,0.190,1.041,1.311,2,NULL,NULL,,3,1,2,7,255,1218,250,0,0
stim,258911,289032,1,289032,3486369.454,-0.733,0.128,0.024,-0.668,3087,0,0,3125,361,2282,110,2055,47,1.053,1,2285,0,104.125,3.204,-71.875,-75.313,2.000,0.102,-0.203,1.324,-2.660,-1.785,2.320,0.242,0.170,1.041,1.311,2,NULL,NULL,,3,1,2,7,255,1218,250,0,0
stim,258944,289065,1,289065,3486374.455,-0.733,0.125,0.024,-0.668,3091,0,0,3127,606,2327,93,2131,47,1.053,1,2285,0,68.468,4.817,-50.125,-40.750,-22.688,0.297,-0.074,1.117,-2.660,-4.016,1.191,0.246,0.160,1.041,1.311,2,NULL,NULL,,3,1,2,7,255,1218,250,0,0
stim,258944,289065,1,289065,3486379.454,-0.733,0.123,0.023,-0.669,3087,0,0,3133,793,2355,109,2171,47,1.053,1,2285,0,48.583,5.233,-17.000,-44.625,-8.938,0.359,0.551,0.930,-1.617,-4.977,0.141,0.252,0.154,1.041,1.311,2,NULL,NULL,,3,1,2,7,255,1218,250,0,0
stim,258944,289065,1,289065,3486384.455,-0.733,0.123,0.022,-0.669,3089,0,0,3141,967,2382,121,2229,47,1.053,1,2285,0,31.094,6.166,4.188,-30.625,-3.375,0.020,0.523,1.402,3.641,-4.977,0.141,0.260,0.148,1.041,1.311,2,NULL,NULL,,3,1,2,7,255,1218,250,0,0
stim,258944,289065,1,289065,3486389.453,-0.732,0.120,0.024,-0.670,3092,0,0,3143,1113,2403,138,2277,47,1.053,1,2285,0,79.866,4.527,-71.813,-21.000,-27.938,-0.383,0.035,1.559,3.641,-2.691,4.145,0.272,0.138,1.041,1.311,2,NULL,NULL,,3,1,2,7,255,1218,250,0,0
stim,258944,289065,1,289065,3486394.455,-0.732,0.116,0.027,-0.671,3092,0,0,3143,1183,2421,139,2323,47,1.053,1,2285,0,110.494,0.662,-99.938,-18.438,-43.375,-0.105,0.063,0.809,-0.250,-0.613,4.145,0.286,0.124,1.041,1.311,2,NULL,NULL,,3,1,2,7,255,1218,250,0,0
stim,258944,289065,1,289065,3486399.453,-0.730,0.114,0.028,-0.673,3091,21,0,3147,1279,2441,139,2359,47,1.053,1,2285,0,75.908,0.501,-51.563,-13.438,-54.063,-0.121,0.070,0.801,-0.250,-0.434,-1.820,0.306,0.106,1.041,1.311,2,NULL,NULL,,3,1,2,7,255,1218,250,0,0
stim,258994,289115,1,289115,3486404.455,-0.729,0.112,0.028,-0.675,3093,23,0,3136,1369,2453,141,2389,47,1.053,1,2285,0,66.840,0.630,-23.813,-14.750,-60.688,-0.043,0.148,1.047,-0.145,-0.613,-1.820,0.326,0.088,1.041,1.311,2,NULL,NULL,,3,1,2,7,255,1218,250,0,0
stim,258994,289115,1,289115,3486409.454,-0.727,0.110,0.029,-0.677,3093,53,0,3147,1469,2469,151,2421,47,1.053,1,2285,0,69.891,1.594,-38.375,-9.563,-57.625,0.000,0.117,1.176,0.156,-1.586,0.445,0.340,0.076,1.041,1.311,2,NULL,NULL,,3,1,2,7,255,1218,250,0,0
stim,258994,289115,1,289115,3486414.455,-0.726,0.108,0.031,-0.678,3095,58,0,3149,1549,2479,151,2445,47,1.053,1,2285,0,79.296,1.660,-65.313,-8.000,-44.250,-0.043,-0.027,1.039,0.156,-1.652,0.445,0.348,0.068,1.041,1.311,2,NULL,NULL,,3,1,2,7,255,1218,250,0,0
stim,258994,289115,1,289115,3486419.454,-0.725,0.105,0.033,-0.680,3096,84,0,3155,1605,2494,151,2467,47,1.053,1,2285,0,76.643,1.977,-63.250,-5.938,-42.875,-0.145,-0.039,0.863,-1.086,-1.652,0.191,0.354,0.064,1.041,1.311,2,NULL,NULL,,3,1,2,7,255,1218,250,0,0
stim,258994,289115,1,289115,3486424.455,-0.724,0.104,0.034,-0.681,3097,107,0,3159,1639,2513,153,2485,47,1.053,1,2285,0,65.582,1.144,-39.188,-5.938,-52.250,-0.160,-0.020,0.859,-1.086,-0.359,-1.285,0.360,0.060,1.041,1.311,2,NULL,NULL,,3,1,2,7,255,1218,250,0,0
stim,258994,289115,1,289115,3486429.454,-0.722,0.103,0.035,-0.683,3099,107,0,3161,1691,2523,155,2505,47,1.053,1,2285,0,61.170,0.975,-24.813,-5.000,-55.688,-0.078,0.055,0.957,-0.906,-0.359,-1.285,0.368,0.054,1.041,1.311,2,NULL,NULL,,3,1,2,7,255,1218,250,0,0
stim,258994,289115,1,289115,3486434.455,-0.721,0.101,0.035,-0.685,3100,112,20,3165,1753,2534,153,2517,47,1.053,1,2285,0,53.486,1.109,-22.563,-4.188,-48.313,-0.023,0.066,1.051,-0.156,-1.098,-0.457,0.378,0.048,1.041,1.311,2,NULL,NULL,,3,1,2,7,255,1218,250,0,0
stim,258994,289115,1,289115,3486439.454,-0.720,0.100,0.036,-0.686,3103,148,52,3165,1797,2539,149,2524,47,1.053,1,2285,0,48.480,1.783,-29.188,-1.313,-38.688,-0.016,0.059,1.074,-0.086,-1.781,0.344,0.384,0.042,1.041,1.311,2,NULL,NULL,,3,1,2,7,255,1218,250,0,0
stim,258994,289116,1,289116,3486444.455,-0.719,0.099,0.037,-0.686,3103,167,71,3165,1828,2523,151,2531,47,1.053,1,2285,0,43.481,1.783,-34.375,-0.250,-26.625,-0.039,0.031,1.012,-0.086,-1.781,0.344,0.390,0.038,1.041,1.311,2,NULL,NULL,,3,1,2,7,255,1218,250,0,0
stim,258994,289116,1,289116,3486449.454,-0.719,0.098,0.038,-0.687,3109,183,106,3172,1865,2550,149,2536,47,1.053,1,2285,0,35.094,1.618,-27.563,1.250,-21.688,-0.098,0.027,0.973,-0.301,-1.590,0.012,0.394,0.034,1.041,1.311,2,NULL,NULL,,3,1,2,7,255,1218,250,0,0
stim,259015,289136,1,289136,3486454.455,-0.718,0.097,0.039,-0.688,3109,203,168,3175,1896,2554,140,2541,47,1.053,1,2285,0,28.617,1.010,-18.625,1.313,-21.688,-0.125,0.012,0.980,-0.324,-0.957,-0.172,0.402,0.030,1.041,1.311,2,NULL,NULL,,3,1,2,7,255,1218,250,0,0
stim,259015,289136,1,289136,3486459.454,-0.718,0.097,0.039,-0.688,3107,223,211,3174,1917,2557,136,2543,47,1.053,1,2285,0,23.228,1.056,-14.250,1.063,-18.313,-0.105,-0.051,0.992,-0.508,-0.926,-0.172,0.408,0.024,1.041,1.311,2,NULL,NULL,,3,1,2,7,255,1218,250,0,0
stim,259015,289136,1,289136,3486464.455,-0.718,0.096,0.040,-0.689,3107,231,267,3177,1943,2557,127,2551,47,1.053,1,2285,0,17.251,1.303,-12.438,1.375,-11.875,-0.125,-0.063,0.988,-1.082,-0.727,-0.125,0.416,0.020,1.041,1.311,2,NULL,NULL,,3,1,2,7,255,1218,250,0,0
stim,259015,289136,1,289136,3486469.453,-0.717,0.096,0.040,-0.689,3110,220,301,3175,1961,2565,122,2551,47,1.053,1,2285,0,13.437,1.303,-11.313,0.125,-7.250,-0.156,-0.027,0.980,-1.082,-0.727,-0.121,0.422,0.018,1.041,1.311,2,NULL,NULL,,3,1,2,7,255,1218,250,0,0
stim,259043,289164,1,289164,3486474.455,-0.717,0.095,0.040,-0.689,3112,222,311,3175,1980,2569,109,2551,47,1.074,1,2285,1,11.898,0.933,-8.063,-0.063,-8.750,-0.172,0.000,0.977,-0.840,-0.406,-0.121,0.000,0.000,1.040,1.310,2,NULL,NULL,,3,1,2,7,255,1218,250,0,0
stim,259043,289164,1,289164,3486479.454,-0.717,0.095,0.041,-0.690,3103,231,327,3167,1993,2571,97,2579,47,1.074,1,2285,1,11.666,0.933,-6.000,-0.313,-10.000,-0.152,-0.035,0.984,-0.840,-0.406,-0.121,0.006,0.004,1.040,1.310,2,NULL,NULL,,3,1,2,7,255,1218,250,0,0
stim,259043,289164,1,289164,3486484.455,-0.717,0.095,0.041,-0.690,3108,221,335,3176,2005,2571,68,2556,47,1.074,1,2285,1,8.412,1.020,-5.750,-0.438,-6.125,-0.129,-0.082,0.980,-0.910,-0.461,-0.121,0.010,0.008,1.040,1.310,2,NULL,NULL,,3,1,2,7,255,1218,250,0,0
stim,259043,289164,1,289164,3486489.453,-0.717,0.094,0.041,-0.690,3103,217,373,3175,2013,2572,51,2558,47,1.074,1,2285,1,4.927,1.410,-4.625,-1.688,-0.188,-0.156,-0.086,0.961,-1.332,-0.461,-0.199,0.014,0.012,1.040,1.310,2,NULL,NULL,,3,1,2,7,255,1218,250,0,0
stim,259061,289182,1,289182,3486494.455,-0.717,0.094,0.041,-0.690,3107,215,409,3170,2023,2571,41,2566,47,1.074,1,2285,1,2.835,1.387,-1.063,-2.625,0.125,-0.180,-0.043,0.961,-1.332,-0.387,-0.254,0.018,0.014,1.040,1.310,2,NULL,NULL,,3,1,2,7,255,1218,250,0,0
stim,259061,289182,1,289182,3486499.454,-0.717,0.094,0.041,-0.690,3103,213,429,3167,2031,2571,39,2567,47,1.074,1,2285,1,4.575,0.999,2.688,-3.438,-1.375,-0.168,-0.008,0.973,-0.965,-0.258,-0.254,0.022,0.018,1.040,1.310,2,NULL,NULL,,3,1,2,7,255,1218,250,0,0
stim,259093,289214,1,289214,3486504.455,-0.717,0.094,0.041,-0.690,3100,203,435,3164,2039,2569,23,2569,47,1.074,1,2285,1,5.473,0.669,3.875,-3.750,-0.938,-0.156,0.008,0.996,-0.617,-0.258,-0.145,0.024,0.020,1.040,1.310,2,NULL,NULL,,3,1,2,7,255,1218,250,0,0
stim,259093,289214,1,289214,3486509.454,-0.717,0.094,0.040,-0.690,3099,198,437,3169,2043,2567,22,2568,47,1.074,1,2285,1,4.903,0.634,2.938,-3.875,0.625,-0.156,0.020,1.000,-0.480,-0.414,0.055,0.028,0.022,1.040,1.310,2,NULL,NULL,,3,1,2,7,255,1218,250,0,0
stim,259093,289214,1,289214,3486514.455,-0.717,0.094,0.040,-0.690,3093,184,444,3155,2053,2568,22,2571,47,1.074,1,2285,1,5.102,0.553,2.625,-4.063,1.625,-0.168,0.027,0.988,-0.367,-0.414,0.055,0.030,0.024,1.040,1.310,2,NULL,NULL,,3,1,2,7,255,1218,250,0,0
stim,259093,289214,1,289214,3486519.454,-0.717,0.094,0.040,-0.690,3089,183,451,3147,2055,2568,20,2571,47,1.074,1,2285,1,6.191,0.452,3.438,-5.063,0.938,-0.188,0.020,0.984,-0.363,-0.270,0.023,0.030,0.024,1.040,1.310,2,NULL,NULL,,3,1,2,7,255,1218,250,0,0
stim,259093,289214,1,289214,3486524.455,-0.717,0.094,0.040,-0.690,3084,184,455,3141,2060,2565,22,2577,47,1.074,1,2285,1,7.983,0.305,5.188,-5.938,-1.250,-0.195,0.043,0.984,-0.293,-0.086,0.023,0.032,0.026,1.040,1.310,2,NULL,NULL,,3,1,2,7,255,1218,250,0,0
stim,259093,289214,1,289214,3486529.454,-0.717,0.094,0.039,-0.690,3079,181,473,3129,2067,2559,20,2579,47,1.074,1,2285,1,10.228,0.185,6.688,-6.625,-4.000,-0.180,0.055,0.992,-0.164,-0.086,0.035,0.034,0.026,1.040,1.310,2,NULL,NULL,,3,1,2,7,255,1218,250,0,0
stim,259093,289214,1,289214,3486534.455,-0.716,0.094,0.039,-0.690,3067,181,492,3119,2071,2565,20,2585,47,1.074,1,2285,1,10.822,0.132,6.938,-7.313,-3.938,-0.172,0.063,0.996,-0.027,-0.129,0.078,0.034,0.026,1.040,1.310,2,NULL,NULL,,3,1,2,7,255,1218,250,0,0
stim,259093,289214,1,289214,3486539.454,-0.716,0.094,0.038,-0.690,3055,172,506,3112,2079,2557,23,2588,47,1.074,1,2285,1,10.549,0.135,6.000,-8.250,-2.688,-0.180,0.070,0.996,0.039,-0.129,0.105,0.034,0.024,1.040,1.310,2,NULL,NULL,,3,1,2,7,255,1218,250,0,0
stim,259093,289214,1,289214,3486544.455,-0.716,0.093,0.038,-0.690,3051,175,551,3099,2095,2557,44,2595,47,1.074,1,2285,1,11.040,0.161,4.875,-9.313,-3.375,-0.203,0.086,0.988,0.105,-0.121,0.105,0.034,0.022,1.040,1.310,2,NULL,NULL,,3,1,2,7,255,1218,250,0,0
stim,259093,289214,1,289214,3486549.453,-0.716,0.093,0.037,-0.691,3039,175,569,3091,2109,2558,73,2603,47,1.074,1,2285,1,13.988,0.237,6.313,-10.500,-6.750,-0.199,0.113,0.992,0.223,0.082,0.137,0.032,0.020,1.040,1.310,2,NULL,NULL,,3,1,2,7,255,1218,250,0,0
stim,259121,289242,1,289242,3486554.455,-0.716,0.093,0.037,-0.691,3030,174,599,3080,2125,2555,77,2638,47,1.074,1,2285,1,16.920,0.507,8.188,-11.563,-9.250,-0.160,0.148,1.016,0.500,0.082,0.141,0.028,0.016,1.040,1.310,2,NULL,NULL,,3,1,2,7,255,1218,250,0,0
stim,259121,289242,1,289242,3486559.454,-0.716,0.093,0.036,-0.691,3020,180,637,3061,2155,2557,101,2619,47,1.074,1,2285,1,15.884,0.907,7.188,-11.938,-7.625,-0.125,0.188,1.051,0.859,-0.289,0.328,0.028,0.012,1.040,1.310,2,NULL,NULL,,3,1,2,7,255,1218,250,0,0
stim,259121,289242,1,289242,3486564.455,-0.716,0.093,0.035,-0.691,3005,179,691,3050,2187,2557,115,2629,47,1.074,1,2285,1,12.664,1.382,2.188,-11.750,-4.188,-0.129,0.203,1.059,1.219,-0.652,0.605,0.026,0.010,1.040,1.310,2,NULL,NULL,,3,1,2,7,255,1218,250,0,0
stim,259121,289242,1,289242,3486569.454,-0.715,0.093,0.035,-0.692,2989,183,728,3031,2217,2556,159,2637,47,1.074,1,2285,1,11.978,1.497,-3.188,-11.313,-2.313,-0.141,0.203,1.043,1.348,-0.652,0.605,0.026,0.010,1.040,1.310,2,NULL,NULL,,3,1,2,7,255,1218,250,0,0
stim,259121,289242,1,289242,3486574.455,-0.715,0.092,0.035,-0.692,2975,189,763,3030,2249,2565,191,2648,47,1.074,1,2285,1,12.921,1.435,-5.625,-11.188,-3.188,-0.156,0.195,1.020,1.348,-0.492,0.563,0.028,0.010,1.040,1.310,2,NULL,NULL,,3,1,2,7,255,1218,250,0,0
stim,259121,289242,1,289242,3486579.454,-0.715,0.092,0.034,-0.692,2963,196,823,3017,2277,2567,219,2658,47,1.074,1,2285,1,13.850,1.305,-5.313,-11.125,-6.313,-0.168,0.176,1.016,1.273,-0.285,0.387,0.028,0.014,1.040,1.310,2,NULL,NULL,,3,1,2,7,255,1218,250,0,0
stim,259151,289272,1,289272,3486584.455,-0.715,0.091,0.034,-0.692,2943,207,856,3005,2301,2569,268,2669,47,1.074,1,2285,1,14.798,1.145,-4.750,-11.375,-8.188,-0.156,0.172,1.023,1.109,-0.285,0.387,0.030,0.016,1.040,1.310,2,NULL,NULL,,3,1,2,7,255,1218,250,0,0
stim,259151,289272,1,289272,3486589.453,-0.715,0.091,0.034,-0.692,2931,228,935,2997,2331,2569,309,2679,47,1.074,1,2285,1,15.536,1.100,-6.875,-10.688,-8.938,-0.152,0.141,1.027,1.059,-0.301,0.414,0.034,0.020,1.040,1.310,2,NULL,NULL,,3,1,2,7,255,1218,250,0,0
stim,259151,289272,0,289272,3486594.455,-0.715,0.090,0.034,-0.693,2916,237,985,2973,2358,2557,340,2683,47,1.074,1,2285,1,17.548,0.842,-9.875,-9.875,-10.625,-0.137,0.105,0.988,0.773,-0.332,0.414,0.036,0.020,1.040,1.310,2,NULL,NULL,,3,0,2,7,255,1212,250,0,0
stim,259151,289272,0,289272,3486599.453,-0.714,0.090,0.034,-0.693,2899,251,1087,2973,2397,2571,371,2697,47,1.074,1,2285,1,17.236,0.563,-8.813,-9.563,-11.313,-0.141,0.070,0.961,0.449,-0.340,0.012,0.036,0.020,1.040,1.310,2,NULL,NULL,,3,0,2,7,255,1212,250,0,0
stim,259192,289313,0,289313,3486604.455,-0.714,0.089,0.034,-0.694,2879,253,1144,2967,2425,2571,435,2701,47,1.074,1,2285,1,17.006,0.359,-6.625,-9.438,-12.500,-0.156,0.031,0.969,0.117,-0.340,-0.207,0.038,0.018,1.040,1.310,2,NULL,NULL,,3,0,2,7,255,1212,250,0,0
stim,259192,289313,0,289313,3486609.454,-0.714,0.088,0.034,-0.694,2873,269,1235,2957,2453,2583,461,2715,47,1.074,1,2285,1,18.095,0.331,-5.688,-9.500,-14.313,-0.168,-0.004,0.969,-0.262,-0.203,-0.207,0.040,0.016,1.040,1.310,2,NULL,NULL,,3,0,2,7,255,1212,250,0,0
stim,259192,289313,0,289313,3486614.455,-0.713,0.088,0.033,-0.695,2851,276,1319,2933,2483,2581,535,2729,47,1.074,1,2285,1,19.687,0.617,-4.875,-10.188,-16.125,-0.156,-0.008,0.957,-0.590,-0.180,-0.207,0.040,0.016,1.040,1.310,2,NULL,NULL,,3,0,2,7,255,1212,250,0,0
stim,259192,289313,0,289313,3486619.454,-0.713,0.087,0.033,-0.695,2816,280,1375,2917,2505,2579,615,2739,47,1.074,1,2285,1,20.865,0.617,-4.188,-10.563,-17.500,-0.152,-0.004,0.965,-0.590,-0.180,-0.246,0.042,0.014,1.040,1.310,2,NULL,NULL,,3,0,2,7,255,1212,250,0,0
stim,259192,289313,0,289313,3486624.455,-0.712,0.087,0.033,-0.696,2805,288,1492,2905,2535,2583,717,2749,47,1.074,1,2285,1,22.525,0.647,-6.875,-10.750,-18.563,-0.188,-0.012,0.980,-0.621,-0.180,-0.246,0.042,0.014,1.040,1.310,2,NULL,NULL,,3,0,2,7,255,1212,250,0,0
stim,259192,289313,0,289313,3486629.453,-0.712,0.086,0.033,-0.696,2780,303,1577,2891,2555,2586,820,2759,47,1.074,1,2285,1,27.205,0.571,-9.500,-11.625,-22.688,-0.199,0.000,0.980,-0.563,0.098,-0.035,0.044,0.014,1.040,1.310,2,NULL,NULL,,3,0,2,7,255,1212,250,0,0
stim,259211,289332,0,289332,3486634.455,-0.711,0.085,0.033,-0.697,2763,329,1647,2873,2575,2584,920,2765,47,1.074,1,2285,1,31.335,0.563,-10.500,-12.625,-26.688,-0.172,0.012,0.973,-0.555,0.098,-0.035,0.046,0.014,1.040,1.310,2,NULL,NULL,,3,0,2,7,255,1212,250,0,0
stim,259211,289332,0,289332,3486639.453,-0.710,0.084,0.033,-0.698,2725,331,1727,2855,2598,2539,1014,2775,47,1.074,1,2285,1,30.932,0.414,-10.375,-13.875,-25.625,-0.145,0.012,0.969,-0.414,0.000,-0.121,0.048,0.014,1.040,1.310,2,NULL,NULL,,3,0,2,7,255,1212,250,0,0
stim,259211,289332,0,289332,3486644.455,-0.710,0.084,0.033,-0.699,2699,348,1829,2840,2629,2599,1127,2783,47,1.074,1,2285,1,28.715,0.428,-10.313,-14.750,-22.375,-0.152,0.020,0.992,-0.379,-0.199,-0.121,0.050,0.014,1.040,1.310,2,NULL,NULL,,3,0,2,7,255,1212,250,0,0
stim,259211,289332,0,289332,3486649.454,-0.709,0.083,0.033,-0.700,2661,357,1876,2822,2646,2595,1203,2791,47,1.074,1,2285,1,30.598,0.351,-11.250,-15.188,-24.063,-0.164,0.055,1.004,-0.289,-0.199,0.016,0.052,0.014,1.040,1.310,2,NULL,NULL,,3,0,2,7,255,1212,250,0,0
stim,259211,289332,0,289332,3486654.455,-0.708,0.082,0.033,-0.701,2635,349,1939,2799,2661,2597,1303,2809,47,1.074,1,2285,1,33.959,0.199,-11.563,-15.000,-28.188,-0.133,0.047,1.000,0.008,-0.199,0.066,0.052,0.016,1.040,1.310,2,NULL,NULL,,3,0,2,7,255,1212,250,0,0
stim,259211,289332,0,289332,3486659.454,-0.707,0.081,0.033,-0.701,2591,375,1989,2781,2680,2596,1391,2821,47,1.074,1,2285,1,33.205,0.379,-12.000,-14.813,-27.188,-0.090,0.000,0.988,0.008,-0.379,0.066,0.054,0.016,1.040,1.310,2,NULL,NULL,,3,0,2,7,255,1212,250,0,0
stim,259211,289332,0,289332,3486664.455,-0.707,0.080,0.033,-0.702,2543,394,2065,2758,2708,2605,1468,2828,47,1.074,1,2285,1,28.562,0.868,-10.688,-14.563,-22.125,-0.086,-0.031,0.977,-0.430,-0.754,-0.121,0.056,0.016,1.040,1.310,2,NULL,NULL,,3,0,2,7,255,1212,250,0,0
stim,259211,289332,0,289332,3486669.453,-0.706,0.079,0.033,-0.703,2503,398,2119,2738,2717,2600,1557,2829,47,1.074,1,2285,1,24.418,0.927,-8.313,-14.563,-17.750,-0.121,-0.012,0.973,-0.539,-0.754,-0.219,0.058,0.014,1.040,1.310,2,NULL,NULL,,3,0,2,7,255,1212,250,0,0
stim,259247,289368,0,289368,3486674.455,-0.706,0.078,0.033,-0.703,2457,405,2187,2701,2728,2597,1645,2845,47,1.074,1,2285,1,24.219,0.682,-6.875,-14.750,-17.938,-0.145,0.035,0.988,-0.539,-0.418,-0.219,0.060,0.014,1.040,1.310,2,NULL,NULL,,3,0,2,7,255,1212,250,0,0
stim,259247,289368,0,289368,3486679.454,-0.705,0.078,0.032,-0.704,2420,419,2249,2683,2747,2601,1721,2847,47,1.074,1,2285,1,26.735,0.301,-7.625,-15.375,-20.500,-0.137,0.066,1.012,-0.070,-0.293,-0.012,0.062,0.014,1.040,1.310,2,NULL,NULL,,3,0,2,7,255,1212,250,0,0
stim,259247,289368,0,289368,3486684.455,-0.705,0.077,0.032,-0.705,2359,419,2281,2653,2758,2599,1799,2859,47,1.074,1,2285,1,27.478,0.320,-8.813,-15.875,-20.625,-0.109,0.055,1.016,0.129,-0.293,0.207,0.064,0.016,1.040,1.310,2,NULL,NULL,,3,0,2,7,255,1212,250,0,0
stim,259247,289368,0,289368,3486689.454,-0.704,0.076,0.032,-0.705,2294,431,2333,2621,2773,2599,1879,2877,47,1.074,1,2285,1,27.647,0.320,-11.563,-15.188,-20.000,-0.133,0.027,1.012,0.129,-0.293,0.207,0.066,0.016,1.040,1.310,2,NULL,NULL,,3,0,2,7,255,1212,250,0,0
stim,259247,289368,0,289368,3486694.455,-0.704,0.075,0.032,-0.706,2224,439,2378,2587,2787,2599,1955,2876,47,1.074,1,2285,1,30.604,0.300,-15.875,-15.438,-21.125,-0.148,0.020,1.035,-0.113,-0.277,0.211,0.066,0.016,1.040,1.310,2,NULL,NULL,,3,0,2,7,255,1212,250,0,0
stim,259247,289368,0,289368,3486699.453,-0.703,0.073,0.032,-0.707,2167,436,2423,2549,2809,2605,2013,2889,47,1.074,1,2285,1,37.333,0.207,-23.313,-16.563,-24.000,-0.152,0.023,1.059,-0.152,-0.141,0.426,0.068,0.018,1.040,1.310,2,NULL,NULL,,3,0,2,7,255,1212,250,0,0
stim,259295,289416,0,289416,3486704.455,-0.702,0.072,0.033,-0.708,2099,441,2461,2501,2811,2601,2077,2899,47,1.074,1,2285,1,44.383,0.200,-30.688,-17.000,-27.188,-0.152,0.020,1.047,-0.152,-0.129,0.555,0.068,0.018,1.040,1.310,2,NULL,NULL,,3,0,2,7,255,1212,250,0,0
stim,259295,289416,0,289416,3486709.454,-0.701,0.070,0.034,-0.708,2003,436,2503,2429,2831,2601,2131,2905,47,1.074,1,2285,1,49.341,0.188,-35.063,-15.375,-31.125,-0.129,0.023,0.977,-0.137,-0.129,0.555,0.070,0.020,1.040,1.310,2,NULL,NULL,,3,0,2,7,255,1212,250,0,0
stim,259295,289416,0,289416,3486714.455,-0.701,0.069,0.034,-0.709,1941,429,2535,2395,2844,2607,2182,2905,47,1.074,1,2285,1,43.096,0.237,-28.688,-17.375,-27.063,-0.082,0.023,0.941,-0.070,-0.227,-0.145,0.072,0.020,1.040,1.310,2,NULL,NULL,,3,0,2,7,255,1212,250,0,0
stim,259295,289416,0,289416,3486719.455,-0.700,0.068,0.034,-0.710,1851,428,2556,2330,2863,2600,2219,2917,47,1.074,1,2285,1,32.698,0.237,-16.750,-19.125,-20.563,-0.129,-0.031,0.957,-0.070,-0.227,-0.363,0.072,0.020,1.040,1.310,2,NULL,NULL,,3,0,2,7,255,1212,250,0,0
stim,259295,289416,0,289416,3486724.455,-0.700,0.066,0.034,-0.711,1707,409,2590,2267,2875,2603,2269,2917,47,1.074,1,2285,1,34.705,0.567,-18.125,-18.625,-23.000,-0.156,-0.059,1.043,-0.543,-0.164,-0.363,0.076,0.022,1.040,1.310,2,NULL,NULL,,3,0,2,7,255,1212,250,0,0
stim,259295,289416,0,289416,3486729.454,-0.699,0.065,0.034,-0.711,1607,378,2613,2187,2880,2603,2321,2933,47,1.074,1,2285,1,39.117,0.567,-25.250,-21.188,-21.063,-0.121,-0.016,1.035,-0.543,-0.164,0.414,0.078,0.022,1.040,1.310,2,NULL,NULL,,3,0,2,7,255,1212,250,0,0
stim,259295,289416,0,289416,3486734.455,-0.698,0.063,0.034,-0.712,1435,355,2639,2084,2892,2591,2372,2936,47,1.074,1,2285,1,37.913,0.383,-22.500,-20.125,-22.938,-0.145,-0.023,0.984,-0.383,-0.004,0.414,0.078,0.022,1.040,1.310,2,NULL,NULL,,3,0,2,7,255,1212,250,0,0
stim,259295,289416,0,289416,3486739.453,-0.698,0.062,0.035,-0.713,1309,328,2667,1957,2902,2591,2407,2943,47,1.074,1,2285,1,39.486,0.474,-24.688,-21.125,-22.438,-0.078,0.016,1.008,-0.359,-0.309,0.078,0.080,0.022,1.040,1.310,2,NULL,NULL,,3,0,2,7,255,1212,250,0,0
stim,259295,289416,0,289416,3486744.455,-0.698,0.060,0.034,-0.713,1174,299,2681,1823,2911,2588,2437,2939,47,1.074,1,2285,1,35.120,0.164,-21.813,-23.625,-14.125,-0.129,0.031,1.027,0.000,-0.164,0.078,0.080,0.024,1.040,1.310,2,NULL,NULL,,3,0,2,7,255,1212,250,0,0
stim,259295,289416,0,289416,3486749.454,-0.697,0.059,0.035,-0.714,1032,277,2709,1683,2932,2589,2479,2956,47,1.074,1,2285,1,39.242,0.164,-23.625,-22.188,-22.125,-0.137,-0.004,1.031,0.000,-0.164,0.324,0.080,0.024,1.040,1.310,2,NULL,NULL,,3,0,2,7,255,1212,250,0,0
stim,259316,289437,0,289437,3486754.455,-0.697,0.057,0.035,-0.714,875,245,2733,1542,2943,2588,2511,2963,47,1.074,1,2285,1,38.347,0.189,-24.438,-25.313,-15.250,-0.109,0.020,1.016,0.094,-0.164,0.324,0.080,0.026,1.040,1.310,2,NULL,NULL,,3,0,2,7,255,1212,250,0,0
stim,259316,289437,0,289437,3486759.454,-0.696,0.056,0.035,-0.715,663,221,2747,1359,2941,2581,2549,2965,47,1.074,1,2285,1,37.942,0.102,-22.313,-24.625,-18.313,-0.156,0.000,1.020,-0.070,-0.074,0.289,0.080,0.028,1.040,1.310,2,NULL,NULL,,3,0,2,7,255,1212,250,0,0
stim,259316,289437,0,289437,3486764.455,-0.696,0.054,0.034,-0.715,512,181,2769,1159,2955,2571,2584,2968,47,1.074,1,2285,1,39.693,0.210,-19.375,-26.813,-21.938,-0.160,0.023,1.027,0.094,0.188,0.289,0.080,0.028,1.040,1.310,2,NULL,NULL,,3,0,2,7,255,1212,250,0,0
stim,259316,289437,0,289437,3486769.453,-0.695,0.053,0.034,-0.716,345,133,2793,971,2969,2568,2620,2973,47,1.074,1,2285,1,42.847,0.291,-19.063,-27.813,-26.438,-0.168,0.031,1.070,0.188,0.223,0.383,0.080,0.032,1.040,1.310,2,NULL,NULL,,3,0,2,7,255,1212,250,0,0
stim,259342,289463,0,289463,3486774.455,-0.694,0.051,0.034,-0.717,187,83,2809,773,2975,2551,2648,2981,47,1.074,1,2285,1,49.981,0.332,-21.625,-29.500,-34.063,-0.156,0.023,1.086,0.246,0.223,0.801,0.080,0.032,1.040,1.310,2,NULL,NULL,,3,0,2,7,255,1212,250,0,0
stim,259342,289463,0,289463,3486779.453,-0.693,0.050,0.034,-0.718,103,53,2823,584,2985,2536,2669,2986,47,1.074,1,2285,1,51.156,0.320,-24.813,-30.938,-32.313,-0.102,0.035,1.059,0.277,0.160,0.801,0.080,0.034,1.040,1.310,2,NULL,NULL,,3,0,2,7,255,1212,250,0,0
stim,259342,289463,0,289463,3486784.455,-0.692,0.048,0.033,-0.719,36,3,2840,367,2996,2521,2693,2989,47,1.074,1,2285,1,52.237,0.378,-21.000,-33.063,-34.563,-0.117,0.051,1.047,0.355,-0.129,0.590,0.080,0.036,1.040,1.310,2,NULL,NULL,,3,0,2,7,255,1212,250,0,0
stim,259342,289463,0,289463,3486789.454,-0.691,0.046,0.033,-0.720,9,0,2852,171,3005,2504,2715,2995,47,1.074,1,2285,1,52.321,0.606,-19.563,-37.438,-30.875,-0.094,0.078,1.063,0.520,-0.313,0.590,0.078,0.040,1.040,1.310,2,NULL,NULL,,3,0,2,7,255,1212,250,0,0
stim,259361,289482,0,289482,3486794.455,-0.690,0.044,0.032,-0.722,0,0,2860,105,3015,2474,2738,2997,47,1.074,1,2285,1,59.413,0.842,-15.125,-40.188,-41.063,-0.105,0.098,1.043,0.820,-0.191,0.508,0.076,0.044,1.040,1.310,2,NULL,NULL,,3,0,2,7,255,1212,250,0,0
stim,259361,289482,0,289482,3486799.454,-0.689,0.043,0.031,-0.723,0,0,2870,67,3025,2447,2763,3000,47,1.074,1,2285,1,54.542,0.842,0.000,-44.438,-31.625,-0.207,-0.004,1.063,0.820,-0.191,0.641,0.070,0.050,1.040,1.310,2,NULL,NULL,,3,0,2,7,255,1212,250,0,0
stim,259392,289513,0,289513,3486804.455,-0.688,0.042,0.029,-0.724,0,0,2879,0,3033,2423,2789,3002,47,1.074,1,2285,0,65.379,0.877,22.813,-53.563,-29.750,-0.355,-0.082,1.199,0.102,0.871,0.770,0.064,0.058,1.040,1.310,3,NULL,NULL,,3,0,2,7,255,1212,250,0,0
stim,259392,289513,0,289513,3486809.454,-0.687,0.041,0.026,-0.725,0,0,2891,0,3039,2392,2811,3003,47,1.074,1,2285,0,78.372,2.338,29.938,-60.750,-39.438,-0.430,-0.129,1.406,-0.594,2.262,2.246,0.060,0.066,1.040,1.310,3,NULL,NULL,,3,0,2,7,255,1212,250,0,0
stim,259392,289513,0,289513,3486814.455,-0.686,0.040,0.023,-0.726,0,0,2898,0,3046,2359,2831,3005,47,1.074,1,2285,0,89.069,2.338,30.625,-69.563,-46.438,-0.316,0.000,1.586,-0.594,2.262,4.340,0.056,0.070,1.040,1.310,3,NULL,NULL,,3,0,2,7,255,1212,250,0,0
stim,259392,289513,0,289513,3486819.454,-0.685,0.038,0.021,-0.727,0,0,2903,0,3051,2324,2853,3007,47,1.074,1,2285,0,79.598,1.631,10.375,-76.125,-20.813,-0.145,0.191,1.602,0.180,1.621,5.934,0.052,0.076,1.040,1.310,3,NULL,NULL,,3,0,2,7,255,1212,250,0,0
stim,259392,289513,0,289513,3486824.455,-0.685,0.034,0.020,-0.727,0,0,2905,0,3058,2271,2867,3007,47,1.074,1,2285,0,92.134,1.572,-51.188,-76.188,-8.000,-0.031,0.156,1.340,1.570,-0.082,5.934,0.048,0.082,1.040,1.310,3,NULL,NULL,,3,0,2,7,255,1212,250,0,0
stim,259392,289513,0,289513,3486829.454,-0.686,0.030,0.019,-0.727,0,0,2905,0,3063,2213,2887,3012,47,1.074,1,2285,0,98.466,1.572,-56.750,-79.875,9.750,-0.160,-0.031,1.027,1.570,-0.082,3.266,0.042,0.090,1.040,1.310,3,NULL,NULL,,3,0,2,7,255,1212,250,0,0
stim,259422,289543,0,289543,3486834.455,-0.687,0.026,0.017,-0.726,0,0,2905,0,3067,2139,2899,3007,47,1.074,1,2285,0,92.094,0.836,-21.375,-87.688,18.313,-0.258,-0.098,0.965,-0.160,0.820,0.332,0.036,0.098,1.040,1.310,3,NULL,NULL,,3,0,2,7,255,1212,250,0,0
stim,259422,289543,0,289543,3486839.453,-0.687,0.024,0.015,-0.726,0,0,2899,0,3079,2057,2909,3007,47,1.074,1,2285,0,93.657,2.038,5.938,-93.375,4.188,-0.324,-0.168,1.027,-0.750,1.895,0.332,0.034,0.104,1.040,1.310,3,NULL,NULL,,3,0,2,7,255,1212,250,0,0
stim,259422,289543,0,289543,3486844.455,-0.687,0.021,0.011,-0.726,0,0,2898,0,3081,1938,2921,3007,47,1.074,1,2285,0,100.783,2.357,17.938,-98.875,-7.688,-0.246,-0.207,1.168,-1.402,1.895,0.461,0.032,0.112,1.040,1.310,3,NULL,NULL,,3,0,2,7,255,1212,250,0,0
stim,259422,289543,0,289543,3486849.453,-0.687,0.018,0.008,-0.727,0,0,2887,0,3083,1829,2931,3007,47,1.074,1,2285,0,102.966,2.458,8.188,-102.063,-10.875,-0.109,-0.176,1.191,-1.566,1.895,1.762,0.032,0.120,1.040,1.310,3,NULL,NULL,,3,0,2,7,255,1212,250,0,0
stim,259422,289543,0,289543,3486854.455,-0.687,0.015,0.005,-0.727,0,0,2870,0,3087,1719,2939,3005,47,1.074,1,2285,0,105.251,1.774,0.500,-105.125,5.125,-0.117,-0.172,1.156,-1.566,0.832,1.762,0.032,0.130,1.040,1.310,3,NULL,NULL,,3,0,2,7,255,1212,250,0,0
stim,259422,289543,0,289543,3486859.454,-0.688,0.011,0.002,-0.726,0,0,2859,0,3089,1551,2951,3001,47,1.074,1,2285,0,111.543,1.715,1.688,-109.688,20.188,-0.176,-0.105,1.164,-1.500,0.832,1.629,0.036,0.140,1.040,1.310,3,NULL,NULL,,3,0,2,7,255,1212,250,0,0
stim,259422,289543,0,289543,3486864.455,-0.688,0.008,-0.001,-0.726,0,0,2841,0,3092,1371,2959,2998,47,1.074,1,2285,0,113.798,1.687,0.313,-113.563,7.313,-0.199,-0.074,1.082,-0.816,1.477,1.594,0.042,0.150,1.040,1.310,3,NULL,NULL,,3,0,2,7,255,1212,250,0,0
stim,259422,289543,0,289543,3486869.454,-0.688,0.004,-0.005,-0.726,0,0,2826,0,3095,1182,2965,2995,47,1.074,1,2285,0,118.254,1.687,8.688,-117.875,3.750,-0.152,-0.117,1.063,-0.816,1.477,0.824,0.048,0.160,1.040,1.310,3,NULL,NULL,,3,0,2,7,255,1212,250,0,0
stim,259422,289544,0,289544,3486874.455,-0.689,0.001,-0.009,-0.725,0,0,2797,0,3097,970,2973,2987,47,1.074,1,2285,0,125.647,1.568,20.313,-123.625,9.563,-0.133,-0.051,1.180,-0.527,1.477,0.824,0.054,0.168,1.040,1.310,3,NULL,NULL,,3,0,2,7,255,1212,250,0,0
stim,259422,289544,0,289544,3486879.453,-0.689,-0.002,-0.013,-0.725,0,0,2771,0,3097,761,2987,2988,47,1.074,1,2285,0,129.035,1.508,18.063,-127.688,4.438,-0.141,0.016,1.164,-0.305,1.477,1.563,0.058,0.178,1.040,1.310,3,NULL,NULL,,3,0,2,7,255,1212,250,0,0
stim,259451,289572,0,289572,3486884.455,-0.689,-0.006,-0.018,-0.725,0,0,2719,0,3099,557,2985,2973,47,1.074,1,2285,0,135.383,1.557,22.438,-133.500,1.688,-0.133,0.039,1.164,0.305,1.527,1.563,0.060,0.186,1.040,1.310,3,NULL,NULL,,3,0,2,7,255,1212,250,0,0
stim,259451,289572,0,289572,3486889.453,-0.689,-0.009,-0.023,-0.724,0,0,2677,0,3100,439,2989,2963,47,1.074,1,2285,0,141.700,1.674,30.563,-138.313,3.813,-0.137,0.094,1.223,0.523,1.590,1.563,0.062,0.194,1.040,1.310,3,NULL,NULL,,3,0,2,7,255,1212,250,0,0
stim,259451,289572,0,289572,3486894.455,-0.689,-0.012,-0.028,-0.724,0,0,2634,0,3099,227,2990,2949,47,1.074,1,2285,0,147.156,1.897,28.125,-144.438,1.250,-0.094,0.160,1.301,1.035,1.590,2.082,0.064,0.204,1.040,1.310,3,NULL,NULL,,3,0,2,7,255,1212,250,0,0
stim,259451,289572,0,289572,3486899.454,-0.689,-0.016,-0.033,-0.724,0,0,2589,0,3098,109,2995,2931,47,1.074,1,2285,0,149.162,2.296,17.313,-148.125,-2.938,-0.086,0.184,1.336,1.656,1.590,2.855,0.068,0.214,1.040,1.310,3,NULL,NULL,,3,0,2,7,255,1212,250,0,0
stim,259495,289616,0,289616,3486904.455,-0.689,-0.021,-0.038,-0.724,0,0,2522,0,3097,55,2997,2909,47,1.074,1,2285,0,153.167,2.367,7.000,-153.000,-1.438,-0.051,0.254,1.379,1.844,1.484,3.172,0.074,0.226,1.040,1.310,3,NULL,NULL,,3,0,2,7,255,1212,250,0,0
stim,259495,289616,0,289616,3486909.454,-0.688,-0.026,-0.043,-0.724,0,0,2457,0,3095,12,2996,2878,47,1.074,1,2285,0,156.207,2.999,-11.813,-155.688,-4.750,-0.059,0.313,1.406,2.543,1.590,3.625,0.082,0.240,1.040,1.310,3,NULL,NULL,,3,0,2,7,255,1212,250,0,0
stim,259495,289616,0,289616,3486914.455,-0.688,-0.031,-0.047,-0.723,0,0,2381,0,3092,0,3000,2851,47,1.074,1,2285,0,164.702,3.238,-16.375,-163.875,-1.938,-0.141,0.270,1.488,2.777,1.664,3.844,0.094,0.256,1.040,1.310,3,NULL,NULL,,3,0,2,7,255,1212,250,0,0
stim,259495,289616,0,289616,3486919.454,-0.688,-0.037,-0.052,-0.723,0,0,2297,0,3089,0,2991,2810,47,1.074,1,2285,0,175.160,3.917,-19.000,-174.000,6.625,-0.211,0.227,1.676,2.777,2.762,4.527,0.110,0.276,1.040,1.310,3,NULL,NULL,,3,0,2,7,255,1212,250,0,0
stim,259495,289616,0,289616,3486924.455,-0.688,-0.044,-0.057,-0.722,0,0,2197,0,3089,0,2985,2777,47,1.074,1,2285,0,187.377,4.628,-15.000,-186.188,14.813,-0.309,0.191,1.863,2.477,3.910,6.215,0.132,0.300,1.040,1.310,3,NULL,NULL,,3,0,2,7,255,1212,250,0,0
stim,259495,289616,0,289616,3486929.453,-0.689,-0.051,-0.062,-0.721,0,0,2077,0,3080,5,2988,2720,47,1.074,1,2285,0,208.319,5.932,-33.000,-204.063,25.813,-0.328,0.324,2.027,2.477,5.391,7.828,0.160,0.330,1.040,1.310,3,NULL,NULL,,3,0,2,7,255,1212,250,0,0
stim,259495,289616,0,289616,3486934.455,-0.689,-0.060,-0.067,-0.719,0,0,1935,0,3061,13,2974,2665,47,1.074,1,2285,0,229.565,7.070,-54.500,-220.500,33.313,-0.391,0.434,2.047,3.625,6.070,9.164,0.194,0.364,1.040,1.310,3,NULL,NULL,,3,0,2,7,255,1212,250,0,0
stim,259495,289616,0,289616,3486939.454,-0.690,-0.070,-0.071,-0.717,0,0,1823,0,3039,58,2957,2602,47,1.074,1,2285,0,255.821,8.528,-77.625,-240.125,41.938,-0.465,0.496,1.938,4.809,7.043,9.164,0.232,0.404,1.040,1.310,3,NULL,NULL,,3,0,2,7,255,1212,250,0,0
stim,259495,289616,0,289616,3486944.455,-0.690,-0.081,-0.076,-0.715,0,0,1696,0,3035,75,2939,2532,47,1.074,1,2285,0,275.492,9.641,-84.500,-259.563,37.188,-0.449,0.480,1.875,5.512,7.910,7.801,0.272,0.446,1.040,1.310,3,NULL,NULL,,3,0,2,7,255,1212,250,0,0
stim,259495,289616,0,289616,3486949.454,-0.690,-0.091,-0.082,-0.713,0,0,1568,0,3019,75,2921,2445,47,1.074,1,2285,0,287.923,9.766,-71.625,-277.438,28.250,-0.461,0.391,1.945,5.512,8.063,7.430,0.316,0.490,1.040,1.310,3,NULL,NULL,,3,0,2,7,255,1212,250,0,0
stim,259519,289640,0,289640,3486954.455,-0.690,-0.103,-0.089,-0.711,0,0,1490,0,2986,85,2875,2321,47,1.074,1,2285,0,306.128,10.145,-65.375,-297.500,30.563,-0.539,0.395,2.215,5.113,8.762,7.430,0.362,0.538,1.040,1.310,3,NULL,NULL,,3,0,2,7,255,1212,250,0,0
stim,259519,289640,0,289640,3486959.454,-0.690,-0.115,-0.096,-0.709,0,0,1408,0,2951,90,2823,2212,47,1.074,1,2285,0,327.273,11.816,-78.938,-316.313,28.688,-0.676,0.555,2.496,5.113,10.652,9.492,0.416,0.594,1.040,1.310,3,NULL,NULL,,3,0,2,7,255,1212,250,0,0
stim,259519,289640,0,289640,3486964.455,-0.688,-0.128,-0.103,-0.707,0,0,1331,0,2917,88,2769,2089,47,1.074,1,2285,0,350.937,14.966,-98.188,-336.688,12.563,-0.688,0.695,2.703,6.996,13.230,11.285,0.480,0.658,1.040,1.310,3,NULL,NULL,,3,0,2,7,255,1212,250,0,0
stim,259519,289640,0,289640,3486969.453,-0.686,-0.143,-0.110,-0.705,0,0,1257,0,2871,88,2677,1965,47,1.074,1,2285,0,372.417,16.482,-112.063,-355.063,-8.188,-0.605,0.566,2.793,7.793,14.523,12.621,0.548,0.730,1.040,1.310,3,NULL,NULL,,3,0,2,7,255,1212,250,0,0
stim,259548,289669,0,289669,3486974.455,-0.684,-0.159,-0.117,-0.702,0,0,1189,0,2807,72,2571,1847,47,1.074,1,2285,0,403.191,16.727,-140.000,-378.000,8.875,-0.672,0.539,2.664,7.793,14.801,12.621,0.622,0.804,1.040,1.310,3,NULL,NULL,,3,0,2,7,255,1212,250,0,0
stim,259548,289669,0,289669,3486979.454,-0.682,-0.176,-0.123,-0.700,0,0,1055,0,2749,67,2423,1742,47,1.074,1,2285,0,431.470,17.499,-175.563,-393.688,18.813,-0.820,0.770,2.363,7.793,15.668,11.305,0.702,0.886,1.040,1.310,3,NULL,NULL,,3,0,2,7,255,1212,250,0,0
stim,259548,289669,0,289669,3486984.455,-0.678,-0.193,-0.130,-0.697,0,0,938,0,2645,41,2237,1619,47,1.074,1,2285,0,439.299,18.877,-166.688,-406.375,-7.625,-0.828,0.699,2.211,9.445,16.344,7.113,0.786,0.972,1.040,1.310,3,NULL,NULL,,3,0,2,7,255,1212,250,0,0
stim,259548,289669,0,289669,3486989.454,-0.674,-0.210,-0.138,-0.695,0,0,809,0,2532,0,1977,1483,47,1.074,1,2285,0,443.053,18.877,-138.563,-419.875,-28.313,-0.621,0.297,2.301,9.445,16.344,6.594,0.872,1.060,1.040,1.310,3,NULL,NULL,,3,0,2,7,255,1212,250,0,0
stim,259548,289669,0,289669,3486994.455,-0.670,-0.227,-0.147,-0.692,0,0,659,0,2395,0,1683,1291,47,1.074,1,2285,0,451.788,16.817,-130.000,-432.000,-24.250,-0.410,-0.082,2.398,5.895,15.750,6.594,0.952,1.142,1.040,1.310,3,NULL,NULL,,3,0,2,7,255,1212,250,0,0
stim,259548,289669,0,289669,3486999.453,-0.666,-0.244,-0.156,-0.687,0,0,469,0,2199,0,1288,1109,47,1.074,1,2285,0,465.089,15.538,-135.000,-445.063,1.438,-0.309,-0.301,2.246,2.617,15.316,7.188,1.022,1.216,1.040,1.310,3,NULL,NULL,,3,0,2,7,255,1212,250,0,0
stim,259595,289716,0,289716,3487004.455,-0.662,-0.262,-0.165,-0.683,0,0,311,0,1942,0,797,947,47,1.074,1,2285,0,476.686,14.563,-136.938,-456.375,14.125,-0.180,-0.395,1.801,0.496,14.555,7.188,1.086,1.280,1.040,1.310,3,NULL,NULL,,3,0,2,7,255,1212,250,0,0
stim,259595,289716,0,289716,3487009.454,-0.658,-0.279,-0.174,-0.677,0,0,231,0,1659,0,329,791,47,1.074,1,2285,0,475.153,11.816,-104.063,-463.313,16.813,-0.039,-0.414,1.422,-0.910,11.781,3.949,1.140,1.338,1.040,1.310,3,NULL,NULL,,3,0,2,7,255,1212,250,0,0
stim,259595,289716,0,289716,3487014.455,-0.655,-0.295,-0.186,-0.670,0,0,171,0,1277,0,121,618,47,1.074,1,2285,0,471.029,9.054,-50.063,-467.375,30.375,-0.004,-0.215,1.297,-0.910,9.008,1.449,1.192,1.390,1.040,1.310,3,NULL,NULL,,3,0,2,7,255,1212,250,0,0
stim,259595,289716,0,289716,3487019.454,-0.654,-0.309,-0.198,-0.662,0,0,106,0,907,0,0,488,47,1.074,1,2285,0,471.833,9.009,-12.625,-467.250,64.375,-0.094,0.082,1.523,0.148,9.008,0.285,1.248,1.448,1.040,1.310,3,NULL,NULL,,3,0,2,7,255,1212,250,0,0
stim,259595,289716,0,289716,3487024.455,-0.653,-0.324,-0.209,-0.652,0,0,103,0,438,0,0,389,47,1.074,1,2285,0,480.000,10.969,-8.063,-468.625,103.563,-0.352,0.258,1.766,3.359,10.441,0.078,1.316,1.518,1.040,1.310,3,NULL,NULL,,3,0,2,7,255,1212,250,0,0
stim,259595,289716,0,289716,3487029.454,-0.653,-0.340,-0.219,-0.640,0,0,57,0,68,0,0,279,47,1.074,1,2285,0,512.065,14.996,-28.625,-484.438,163.438,-0.785,0.262,1.727,4.813,14.203,-0.555,1.392,1.598,1.040,1.310,3,NULL,NULL,,3,0,2,7,255,1212,250,0,0
stim,259595,289716,0,289716,3487034.455,-0.653,-0.357,-0.228,-0.628,0,0,53,0,0,0,0,153,47,1.074,1,2285,0,538.154,17.913,-62.688,-497.625,195.063,-1.039,0.449,1.465,5.293,17.113,-4.547,1.476,1.682,1.040,1.310,4,NULL,NULL,,3,0,2,7,255,1212,250,0,0
stim,259595,289716,0,289716,3487039.453,-0.651,-0.375,-0.236,-0.616,0,0,8,0,0,0,0,73,47,1.074,1,2285,0,519.918,18.037,-105.688,-485.250,153.875,-0.883,0.938,1.055,5.699,17.113,-9.176,1.560,1.770,1.040,1.310,4,NULL,NULL,,3,0,2,7,255,1212,250,0,0
stim,259595,289716,0,289716,3487044.455,-0.647,-0.392,-0.244,-0.607,0,0,13,0,0,0,0,26,47,1.074,1,2285,0,485.143,16.045,-127.750,-458.188,95.438,-0.449,1.313,0.746,9.680,12.797,-12.117,1.642,1.852,1.040,1.310,0,NULL,NULL,,3,0,2,7,255,1212,250,0,0
stim,259595,289716,0,289716,3487049.453,-0.643,-0.408,-0.251,-0.597,0,0,19,0,0,0,0,22,47,1.074,1,2285,0,458.911,15.175,-121.438,-431.063,100.188,-0.273,1.297,0.793,13.172,7.535,-12.117,1.716,1.928,1.040,1.310,0,NULL,NULL,,3,0,2,7,255,1212,250,0,0
stim,259616,289737,0,289737,3487054.455,-0.640,-0.424,-0.255,-0.588,0,0,23,0,0,0,0,55,47,1.074,1,2285,0,450.193,15.175,-159.063,-399.750,132.563,-0.246,0.824,0.863,13.172,7.535,-10.898,1.784,1.998,1.040,1.310,0,NULL,NULL,,3,0,2,7,255,1212,250,0,0
stim,259616,289737,0,289737,3487059.454,-0.636,-0.439,-0.258,-0.580,0,0,25,0,0,0,0,90,47,1.074,1,2285,0,401.934,11.832,-169.313,-346.125,114.375,-0.195,0.270,0.938,8.957,7.730,-9.648,1.846,2.062,1.040,1.310,0,NULL,NULL,,3,0,2,7,255,1212,250,0,0
stim,259616,289737,0,289737,3487064.455,-0.632,-0.450,-0.261,-0.574,0,0,25,0,0,0,0,150,47,1.074,1,2285,0,311.774,9.466,-133.875,-271.188,75.750,-0.215,-0.219,0.953,4.027,8.566,-7.781,1.904,2.122,1.040,1.310,0,NULL,NULL,,3,0,2,7,255,1212,250,0,0
stim,259616,289737,0,289737,3487069.453,-0.630,-0.459,-0.262,-0.569,0,0,21,0,0,0,0,185,47,1.074,1,2285,0,241.255,9.282,-107.250,-203.625,72.375,-0.359,-0.258,1.270,-0.480,9.270,-6.754,1.962,2.180,1.040,1.310,0,NULL,NULL,,3,0,2,7,255,1212,250,0,0
stim,259644,289765,0,289765,3487074.455,-0.627,-0.467,-0.260,-0.566,0,0,24,0,0,0,0,201,47,1.074,1,2285,0,210.088,12.732,-156.688,-125.250,62.438,-0.508,-0.027,1.352,-0.480,12.723,-6.754,2.018,2.240,1.040,1.310,0,NULL,NULL,,3,0,2,7,255,1212,250,0,0
stim,259644,289765,0,289765,3487079.453,-0.623,-0.475,-0.254,-0.567,0,0,25,0,0,0,0,185,47,1.074,1,2285,0,239.502,12.830,-232.563,-37.563,43.188,-0.520,0.285,0.797,1.656,12.723,-8.434,2.066,2.290,1.040,1.310,0,NULL,NULL,,3,0,2,7,255,1212,250,0,0
stim,259644,289765,0,289765,3487084.455,-0.619,-0.481,-0.246,-0.570,0,0,25,0,0,0,0,135,47,1.074,1,2285,0,260.956,9.436,-254.375,47.188,34.125,-0.449,0.609,0.051,3.352,8.820,-11.859,2.102,2.326,1.040,1.310,0,NULL,NULL,,3,0,2,7,255,1212,250,0,0
stim,259644,289765,0,289765,3487089.454,-0.617,-0.484,-0.237,-0.574,0,0,23,0,0,0,0,115,47,1.074,1,2285,0,232.721,4.780,-198.250,118.625,28.000,-0.445,0.742,-0.414,4.500,1.613,-15.332,2.124,2.350,1.040,1.310,0,NULL,NULL,,3,0,2,7,255,1212,250,0,0
stim,259661,289782,0,289782,3487094.455,-0.617,-0.482,-0.230,-0.578,0,0,20,0,0,0,0,109,47,1.074,1,2285,0,198.718,4.614,-101.813,169.813,16.938,-0.504,0.488,-0.313,4.500,-1.020,-16.895,2.138,2.366,1.040,1.310,0,NULL,NULL,,3,0,2,7,255,1212,250,0,0
stim,259661,289782,0,289782,3487099.454,-0.618,-0.478,-0.223,-0.583,0,0,18,0,0,0,0,105,47,1.074,1,2285,0,210.804,2.517,-49.063,204.938,5.625,-0.520,0.145,0.117,2.301,-1.020,-16.895,2.146,2.376,1.040,1.310,0,NULL,NULL,,3,0,2,7,255,1212,250,0,0
stim,259695,289816,0,289816,3487104.455,-0.618,-0.474,-0.216,-0.588,0,0,21,0,0,0,0,97,47,1.074,1,2285,0,236.022,3.310,-57.375,228.875,5.563,-0.461,0.000,0.281,0.438,3.281,-14.055,2.154,2.386,1.040,1.310,0,NULL,NULL,,3,0,2,7,255,1212,250,0,0
stim,259695,289816,0,289816,3487109.454,-0.620,-0.470,-0.207,-0.594,0,0,13,0,0,0,0,89,47,1.074,1,2285,0,254.227,3.282,-72.438,243.000,18.313,-0.383,0.047,0.113,-0.082,3.281,-12.504,2.162,2.394,1.040,1.310,0,NULL,NULL,,3,0,2,7,255,1212,250,0,0
stim,259695,289816,0,289816,3487114.455,-0.621,-0.465,-0.198,-0.599,0,0,11,0,0,0,0,89,47,1.074,1,2285,0,258.505,2.802,-59.000,249.375,34.000,-0.344,0.180,-0.137,-0.082,2.801,-12.504,2.166,2.400,1.040,1.310,0,NULL,NULL,,3,0,2,7,255,1212,250,0,0
stim,259695,289816,0,289816,3487119.454,-0.624,-0.459,-0.190,-0.603,0,0,9,0,0,0,0,75,47,1.074,1,2285,0,256.372,0.592,-22.813,251.688,43.125,-0.344,0.289,-0.250,0.391,0.445,-13.805,2.168,2.404,1.040,1.310,0,NULL,NULL,,3,0,2,7,255,1212,250,0,0
stim,259695,289816,0,289816,3487124.455,-0.627,-0.453,-0.183,-0.607,0,0,11,0,0,0,0,61,47,1.074,1,2285,0,257.389,1.022,13.313,252.688,47.125,-0.324,0.313,-0.203,0.992,-0.246,-14.410,2.170,2.408,1.040,1.310,0,NULL,NULL,,3,0,2,7,255,1212,250,0,0
stim,259695,289816,0,289816,3487129.454,-0.631,-0.445,-0.176,-0.610,0,0,11,0,0,0,0,51,47,1.074,1,2285,0,261.657,1.443,36.625,253.563,53.188,-0.285,0.289,-0.098,1.422,-0.246,-14.410,2.172,2.414,1.040,1.310,0,NULL,NULL,,3,0,2,7,255,1212,250,0,0
stim,259714,289835,0,289835,3487134.455,-0.635,-0.437,-0.169,-0.613,0,0,8,0,0,0,0,45,47,1.074,1,2285,0,266.626,1.696,50.250,254.188,62.875,-0.273,0.266,-0.031,1.633,0.457,-13.500,2.178,2.422,1.040,1.310,0,NULL,NULL,,3,0,2,7,255,1212,250,0,0
stim,259714,289835,0,289835,3487139.454,-0.640,-0.429,-0.162,-0.616,0,0,8,0,0,0,0,45,47,1.074,1,2285,0,271.242,1.911,63.625,253.813,71.438,-0.305,0.246,-0.004,1.633,0.992,-12.965,2.188,2.434,1.040,1.310,0,NULL,NULL,,3,0,2,7,255,1212,250,0,0
stim,259714,289835,0,289835,3487144.455,-0.645,-0.421,-0.156,-0.618,0,0,9,0,0,0,0,39,47,1.074,1,2285,0,275.537,2.133,81.313,252.375,74.938,-0.344,0.215,0.035,1.543,1.473,-12.922,2.202,2.448,1.040,1.310,0,NULL,NULL,,3,0,2,7,255,1212,250,0,0
stim,259714,289835,0,289835,3487149.453,-0.651,-0.411,-0.150,-0.620,0,0,8,0,0,0,0,42,47,1.074,1,2285,0,280.149,2.527,100.813,250.688,74.000,-0.363,0.188,0.113,1.336,2.145,-12.816,2.220,2.468,1.040,1.310,0,NULL,NULL,,3,0,2,7,255,1212,250,0,0
stim,259714,289835,0,289835,3487154.457,-0.656,-0.402,-0.145,-0.622,0,0,5,0,0,0,0,39,47,1.074,1,2285,0,284.028,3.238,116.000,249.438,70.688,-0.375,0.195,0.250,1.336,2.949,-12.340,2.242,2.494,1.040,1.310,0,NULL,NULL,,3,0,2,7,255,1212,250,0,0
stim,259714,289835,0,289835,3487159.454,-0.661,-0.392,-0.140,-0.624,0,0,6,0,0,0,0,43,47,1.074,1,2285,0,286.424,4.403,123.438,249.875,66.063,-0.391,0.219,0.402,1.840,4.000,-11.523,2.272,2.524,1.040,1.310,0,NULL,NULL,,3,0,2,7,255,1212,250,0,0
stim,259714,289835,0,289835,3487164.455,-0.666,-0.381,-0.136,-0.626,0,0,0,0,0,0,0,45,47,1.074,1,2285,0,287.568,5.746,125.188,251.750,60.375,-0.426,0.238,0.551,2.512,5.168,-10.633,2.306,2.560,1.040,1.310,0,NULL,NULL,,3,0,2,7,255,1212,250,0,0
stim,259714,289835,0,289835,3487169.454,-0.671,-0.371,-0.131,-0.629,0,0,0,0,0,0,0,41,47,1.074,1,2285,0,287.839,7.116,121.750,255.813,50.875,-0.480,0.238,0.691,3.098,6.406,-9.840,2.344,2.600,1.040,1.310,0,NULL,NULL,,3,0,2,7,255,1212,250,0,0
stim,259743,289864,0,289864,3487174.455,-0.675,-0.361,-0.126,-0.631,0,0,4,0,0,0,0,43,47,1.074,1,2285,0,288.103,8.465,113.688,262.125,37.000,-0.527,0.223,0.824,3.441,7.734,-9.055,2.386,2.644,1.040,1.310,0,NULL,NULL,,3,0,2,7,255,1212,250,0,0
stim,259743,289864,0,289864,3487179.454,-0.678,-0.350,-0.120,-0.635,0,0,6,0,0,0,0,55,47,1.074,1,2285,0,289.855,9.611,100.563,271.063,20.688,-0.555,0.215,0.941,3.602,8.910,-8.148,2.432,2.692,1.040,1.310,0,NULL,NULL,,3,0,2,7,255,1212,250,0,0
stim,259743,289864,0,289864,3487184.455,-0.681,-0.340,-0.114,-0.639,0,0,5,0,0,0,0,55,47,1.074,1,2285,0,295.090,10.507,84.375,282.750,3.375,-0.563,0.223,1.023,3.848,9.777,-7.234,2.480,2.742,1.040,1.310,0,NULL,NULL,,3,0,2,7,255,1212,250,0,0
stim,259743,289864,0,289864,3487189.453,-0.683,-0.329,-0.108,-0.643,0,0,6,0,0,0,0,55,47,1.074,1,2285,0,304.588,11.092,66.438,296.875,-15.000,-0.559,0.227,1.074,4.191,10.270,-6.453,2.528,2.790,1.040,1.310,0,NULL,NULL,,3,0,2,7,255,1212,250,0,0
stim,259744,289865,0,289865,3487194.455,-0.684,-0.319,-0.100,-0.649,0,0,7,0,0,0,0,62,47,1.074,1,2285,0,318.381,11.164,49.313,312.750,-33.500,-0.539,0.211,1.082,4.379,10.270,-5.793,2.572,2.836,1.040,1.310,0,NULL,NULL,,3,0,2,7,255,1212,250,0,0
stim,259744,289865,0,289865,3487199.454,-0.684,-0.308,-0.092,-0.655,0,0,5,0,0,0,0,75,47,1.074,1,2285,0,335.404,11.049,35.625,329.438,-51.938,-0.488,0.203,1.047,4.379,10.145,-5.289,2.612,2.880,1.040,1.310,0,NULL,NULL,,3,0,2,7,255,1212,250,0,0
stim,259789,289910,0,289910,3487204.455,-0.683,-0.297,-0.084,-0.662,0,0,0,0,0,0,0,83,47,1.074,1,2285,0,353.845,10.346,27.938,345.688,-70.188,-0.355,0.195,0.980,4.359,9.383,-4.953,2.650,2.920,1.040,1.310,0,NULL,NULL,,3,0,2,7,255,1212,250,0,0
stim,259789,289910,0,289910,3487209.454,-0.682,-0.286,-0.075,-0.669,0,0,0,0,0,0,0,104,47,1.074,1,2285,0,371.052,8.849,26.625,360.625,-83.188,-0.152,0.113,0.863,4.285,7.742,-4.527,2.682,2.952,1.040,1.310,0,NULL,NULL,,3,0,2,7,255,1212,250,0,0
stim,259812,289933,0,289933,3487214.455,-0.681,-0.274,-0.067,-0.676,0,0,0,0,0,0,0,109,47,1.074,1,2285,0,379.777,6.299,36.250,369.750,-78.750,-0.086,0.063,0.758,3.445,5.273,-4.219,2.710,2.984,1.040,1.310,0,NULL,NULL,,3,0,2,7,255,1212,250,0,0
stim,259812,289933,0,289933,3487219.454,-0.680,-0.261,-0.058,-0.683,0,0,0,0,0,0,0,117,47,1.074,1,2285,0,382.486,5.336,55.438,371.438,-72.500,-0.133,0.141,0.738,3.375,4.133,-4.219,2.738,3.012,1.040,1.310,0,NULL,NULL,,3,0,2,7,255,1212,250,0,0
stim,259812,289933,0,289933,3487224.455,-0.679,-0.247,-0.051,-0.689,0,0,1,0,0,0,0,119,47,1.074,1,2285,0,385.544,5.285,75.813,369.563,-79.500,-0.086,0.160,0.762,3.375,4.066,-4.219,2.762,3.038,1.040,1.310,0,NULL,NULL,,3,0,2,7,255,1212,250,0,0
stim,259812,289933,0,289933,3487229.453,-0.678,-0.234,-0.044,-0.696,0,0,2,0,0,0,0,117,47,1.074,1,2285,0,383.641,4.981,96.813,363.125,-77.125,0.008,0.133,0.793,3.461,3.582,-4.188,2.786,3.062,1.040,1.310,0,NULL,NULL,,3,0,2,7,255,1212,250,0,0
stim,259812,289933,0,289933,3487234.455,-0.677,-0.219,-0.038,-0.701,0,0,0,0,0,0,0,119,47,1.074,1,2285,0,380.152,4.491,121.250,353.750,-68.375,0.043,0.203,0.797,3.621,2.656,-3.328,2.808,3.086,1.040,1.310,0,NULL,NULL,,3,0,2,7,255,1212,250,0,0
stim,259812,289933,0,289933,3487239.454,-0.677,-0.204,-0.033,-0.706,0,0,2,0,0,0,0,119,47,1.074,1,2285,0,377.506,4.440,141.250,344.938,-59.813,0.090,0.172,0.895,3.926,2.074,-3.207,2.826,3.106,1.040,1.310,0,NULL,NULL,,3,0,2,7,255,1212,250,0,0
stim,259812,289933,0,289933,3487244.455,-0.677,-0.189,-0.028,-0.711,0,0,2,0,0,0,0,121,47,1.074,1,2285,0,372.184,4.305,152.625,336.250,-46.500,0.105,0.148,0.926,3.926,1.766,-1.992,2.846,3.128,1.040,1.310,0,NULL,NULL,,3,0,2,7,255,1212,250,0,0
stim,259812,289933,0,289933,3487249.454,-0.678,-0.174,-0.024,-0.714,0,0,0,0,0,0,0,118,47,1.074,1,2285,0,368.750,3.982,166.438,327.688,-29.938,0.090,0.113,0.977,3.664,1.559,-1.520,2.866,3.150,1.040,1.310,0,NULL,NULL,,3,0,2,7,255,1212,250,0,0
stim,259812,289933,0,289933,3487254.455,-0.678,-0.159,-0.021,-0.717,0,0,0,0,0,0,0,119,47,1.074,1,2285,0,369.234,3.982,185.750,318.750,-15.125,-0.023,0.191,1.113,3.664,1.559,-0.910,2.888,3.174,1.040,1.310,0,NULL,NULL,,3,0,2,7,255,1212,250,0,0
stim,259812,289933,0,289933,3487259.454,-0.679,-0.143,-0.018,-0.720,0,0,0,0,0,0,0,115,47,1.074,1,2285,0,371.500,4.994,197.625,313.750,-22.750,-0.145,0.254,1.258,4.238,2.641,-0.004,2.912,3.200,1.040,1.310,0,NULL,NULL,,3,0,2,7,255,1212,250,0,0
stim,259812,289933,0,289933,3487264.455,-0.679,-0.127,-0.015,-0.723,0,0,1,0,0,0,0,111,47,1.074,1,2285,0,371.258,6.234,203.188,308.875,-33.813,-0.152,0.230,1.449,4.941,3.801,1.129,2.936,3.226,1.040,1.310,0,NULL,NULL,,3,0,2,7,255,1212,250,0,0
stim,259812,289933,0,289933,3487269.453,-0.679,-0.112,-0.013,-0.726,0,0,3,0,0,0,0,117,47,1.074,1,2285,0,366.262,6.234,197.625,306.188,-36.625,-0.145,0.227,1.609,4.941,3.801,3.145,2.962,3.252,1.040,1.310,0,NULL,NULL,,3,0,2,7,255,1212,250,0,0
stim,259844,289965,0,289965,3487274.455,-0.678,-0.097,-0.010,-0.728,0,0,6,0,0,0,0,109,47,1.074,1,2285,0,359.195,6.246,187.438,304.063,-37.875,-0.172,0.273,1.762,4.941,3.820,4.871,2.988,3.282,1.040,1.310,0,NULL,NULL,,3,0,2,7,255,1212,250,0,0
stim,259844,289965,0,289965,3487279.454,-0.677,-0.082,-0.007,-0.731,0,0,5,0,0,0,0,109,47,1.074,1,2285,0,350.729,6.604,170.063,303.938,-41.375,-0.211,0.320,1.852,5.387,3.820,6.418,3.014,3.310,1.040,1.310,0,NULL,NULL,,3,0,2,7,255,1212,250,0,0
stim,259844,289965,0,289965,3487284.455,-0.676,-0.068,-0.003,-0.734,0,0,8,0,0,0,0,116,47,1.074,1,2285,0,343.485,6.668,155.000,302.938,-46.750,-0.246,0.309,1.930,5.465,3.820,7.348,3.040,3.336,1.040,1.310,0,NULL,NULL,,3,0,2,7,255,1212,250,0,0
stim,259844,289965,0,289965,3487289.454,-0.674,-0.054,0.002,-0.736,0,0,9,0,0,0,0,113,47,1.074,1,2285,0,337.745,6.666,137.313,303.250,-57.063,-0.238,0.305,1.980,5.465,3.816,8.262,3.066,3.362,1.040,1.310,0,NULL,NULL,,3,0,2,7,255,1212,250,0,0
stim,259844,289965,0,289965,3487294.455,-0.672,-0.041,0.006,-0.739,0,0,11,0,0,0,0,117,47,1.074,1,2285,0,331.166,6.203,119.813,302.000,-64.125,-0.195,0.273,1.984,5.254,3.297,8.934,3.088,3.386,1.040,1.310,0,NULL,NULL,,3,0,2,7,255,1212,250,0,0
stim,259844,289965,0,289965,3487299.453,-0.670,-0.028,0.012,-0.742,0,0,13,0,0,0,0,111,47,1.074,1,2285,0,324.991,5.278,105.500,300.000,-67.000,-0.148,0.262,1.930,4.695,2.410,8.934,3.106,3.406,1.040,1.310,0,NULL,NULL,,3,0,2,7,255,1212,250,0,0
stim,259894,290015,0,290015,3487304.455,-0.667,-0.016,0.017,-0.745,0,0,11,0,0,0,0,111,47,1.074,1,2285,0,321.122,4.499,100.063,297.375,-68.375,-0.109,0.234,1.859,4.258,1.453,8.758,3.122,3.424,1.040,1.310,0,NULL,NULL,,3,0,2,7,255,1212,250,0,0
stim,259894,290015,0,290015,3487309.454,-0.665,-0.003,0.022,-0.747,0,0,19,0,0,0,0,111,47,1.074,1,2285,0,319.223,3.754,103.625,294.063,-68.500,-0.066,0.211,1.816,3.707,0.594,8.191,3.136,3.438,1.040,1.310,0,NULL,NULL,,3,0,2,7,255,1212,250,0,0
stim,259894,290015,0,290015,3487314.455,-0.662,0.010,0.026,-0.749,0,0,20,0,0,0,0,123,47,1.074,1,2285,0,318.998,3.196,112.563,290.688,-67.750,-0.020,0.207,1.813,3.188,-0.234,7.828,3.146,3.450,1.040,1.310,0,NULL,NULL,,3,0,2,7,255,1212,250,0,0
stim,259894,290015,0,290015,3487319.454,-0.659,0.023,0.030,-0.751,0,0,21,0,0,0,0,125,47,1.074,1,2285,0,320.036,3.058,124.438,287.500,-65.438,0.035,0.203,1.840,2.848,-1.113,7.828,3.150,3.456,1.040,1.310,0,NULL,NULL,,3,0,2,7,255,1212,250,0,0
stim,259894,290015,0,290015,3487324.455,-0.656,0.036,0.034,-0.753,0,0,18,0,0,0,0,132,47,1.074,1,2285,0,322.564,3.274,138.125,285.000,-61.188,0.113,0.168,1.871,2.504,-2.109,8.023,3.148,3.458,1.040,1.310,0,NULL,NULL,,3,0,2,7,255,1212,250,0,0
stim,259894,290015,0,290015,3487329.453,-0.653,0.049,0.036,-0.755,0,0,25,0,0,0,0,137,47,1.074,1,2285,0,326.375,3.701,153.688,282.875,-53.688,0.199,0.129,1.910,1.777,-3.246,8.270,3.142,3.452,1.040,1.310,0,NULL,NULL,,3,0,2,7,255,1212,250,0,0
stim,259894,290015,0,290015,3487334.455,-0.651,0.063,0.039,-0.756,0,0,25,0,0,0,0,139,47,1.074,1,2285,0,331.638,4.585,170.500,281.000,-44.188,0.309,0.148,1.953,0.957,-4.484,8.488,3.132,3.444,1.040,1.310,0,NULL,NULL,,3,0,2,7,255,1212,250,0,0
stim,259894,290015,0,290015,3487339.453,-0.648,0.078,0.041,-0.757,0,0,25,0,0,0,0,141,47,1.074,1,2285,0,339.649,6.084,189.688,279.625,-34.500,0.449,0.199,2.012,0.637,-6.051,8.680,3.114,3.428,1.040,1.310,0,NULL,NULL,,3,0,2,7,255,1212,250,0,0
stim,259894,290015,0,290015,3487344.455,-0.646,0.093,0.042,-0.757,0,0,25,0,0,0,0,135,47,1.074,1,2285,0,349.849,7.973,209.625,279.063,-24.000,0.590,0.199,2.090,0.500,-7.957,8.867,3.088,3.404,1.040,1.310,0,NULL,NULL,,3,0,2,7,255,1212,250,0,0
stim,259894,290015,0,290015,3487349.454,-0.644,0.108,0.042,-0.757,0,0,25,0,0,0,0,131,47,1.074,1,2285,0,360.944,9.841,229.250,278.563,-11.313,0.707,0.152,2.211,-0.180,-9.840,9.195,3.054,3.370,1.040,1.310,0,NULL,NULL,,3,0,2,7,255,1212,250,0,0
stim,259916,290037,0,290037,3487354.455,-0.642,0.124,0.042,-0.756,0,0,27,0,0,0,0,135,47,1.074,1,2285,0,371.064,11.607,245.625,278.125,1.813,0.797,0.129,2.375,-1.359,-11.527,9.855,3.008,3.326,1.040,1.310,0,NULL,NULL,,3,0,2,7,255,1212,250,0,0
stim,259916,290037,0,290037,3487359.454,-0.640,0.141,0.041,-0.755,0,0,27,0,0,0,0,119,47,1.074,1,2285,0,376.843,13.323,254.063,278.063,12.000,0.879,0.184,2.559,-2.418,-13.102,10.914,2.954,3.274,1.040,1.310,0,NULL,NULL,,3,0,2,7,255,1212,250,0,0
stim,259916,290037,0,290037,3487364.455,-0.638,0.157,0.041,-0.753,0,0,25,0,0,0,0,118,47,1.074,1,2285,0,376.079,15.073,251.688,278.875,17.813,0.969,0.277,2.723,-2.809,-14.809,12.152,2.892,3.214,1.040,1.310,0,NULL,NULL,,3,0,2,7,255,1212,250,0,0
stim,259916,290037,0,290037,3487369.453,-0.636,0.173,0.040,-0.751,0,0,29,0,0,0,0,123,47,1.074,1,2285,0,367.503,16.918,237.250,279.813,21.813,1.066,0.379,2.832,-2.809,-16.684,13.125,2.822,3.144,1.040,1.310,0,NULL,NULL,,3,0,2,7,255,1212,250,0,0
stim,259946,290067,0,290067,3487374.455,-0.635,0.188,0.041,-0.749,0,0,25,0,0,0,0,131,47,1.074,1,2285,0,351.382,18.763,212.500,278.313,29.250,1.137,0.426,2.859,-2.867,-18.543,13.160,2.742,3.066,1.040,1.310,0,NULL,NULL,,3,0,2,7,255,1212,250,0,0
stim,259946,290067,0,290067,3487379.453,-0.633,0.202,0.042,-0.746,0,0,25,0,0,0,0,136,47,1.074,1,2285,0,333.039,20.040,186.625,273.250,37.688,1.238,0.492,2.852,-2.906,-19.828,13.160,2.658,2.982,1.040,1.310,0,NULL,NULL,,3,0,2,7,255,1212,250,0,0
stim,259946,290067,0,290067,3487384.455,-0.633,0.215,0.044,-0.743,0,0,29,0,0,0,0,147,47,1.074,1,2285,0,311.687,21.512,157.500,265.813,41.063,1.410,0.484,2.773,-2.980,-21.305,12.395,2.568,2.892,1.040,1.310,0,NULL,NULL,,3,0,2,7,255,1212,250,0,0
stim,259946,290067,0,290067,3487389.454,-0.632,0.227,0.047,-0.739,0,0,27,0,0,0,0,157,47,1.074,1,2285,0,290.602,23.287,127.188,256.938,47.500,1.645,0.332,2.578,-3.336,-23.047,10.563,2.472,2.798,1.040,1.310,0,NULL,NULL,,3,0,2,7,255,1212,250,0,0
stim,259946,290067,0,290067,3487394.455,-0.632,0.238,0.050,-0.736,0,0,25,0,0,0,0,169,47,1.074,1,2285,0,274.797,25.014,103.250,246.375,64.438,1.848,0.117,2.254,-4.773,-24.555,7.145,2.372,2.698,1.040,1.310,0,NULL,NULL,,3,0,2,7,255,1212,250,0,0
stim,259946,290067,0,290067,3487399.453,-0.633,0.248,0.053,-0.731,0,0,23,0,0,0,0,167,47,1.074,1,2285,0,266.584,25.338,94.375,233.625,87.063,1.973,-0.078,1.840,-6.250,-24.555,2.531,2.264,2.590,1.040,1.310,0,NULL,NULL,,3,0,2,7,255,1212,250,0,0
stim,259997,290118,0,290118,3487404.455,-0.635,0.258,0.054,-0.726,0,0,23,0,0,0,0,196,47,1.074,1,2285,0,265.509,25.475,104.063,219.063,108.063,2.055,-0.266,1.430,-7.063,-24.477,-2.469,2.154,2.480,1.040,1.310,0,NULL,NULL,,3,0,2,7,255,1212,250,0,0
stim,259997,290118,0,290118,3487409.454,-0.637,0.269,0.055,-0.721,0,0,23,0,0,0,0,213,47,1.074,1,2285,0,272.164,24.609,131.375,205.250,121.188,2.039,-0.414,1.031,-7.660,-23.387,-7.195,2.042,2.368,1.040,1.310,0,NULL,NULL,,3,0,2,7,255,1212,250,0,0
stim,259997,290118,0,290118,3487414.455,-0.638,0.280,0.053,-0.715,0,0,24,0,0,0,0,223,47,1.074,1,2285,0,287.350,22.803,173.250,187.563,131.813,2.199,-0.910,0.813,-7.793,-21.430,-11.270,1.926,2.254,1.040,1.310,0,NULL,NULL,,3,0,2,7,255,1212,250,0,0
stim,259997,290118,0,290118,3487419.454,-0.640,0.292,0.049,-0.709,0,0,25,0,0,0,0,227,47,1.074,1,2285,0,321.261,24.109,218.438,173.188,159.688,2.250,-1.199,0.695,-11.625,-21.121,-15.461,1.810,2.136,1.040,1.310,0,NULL,NULL,,3,0,2,7,255,1212,250,0,0
stim,259997,290118,0,290118,3487424.455,-0.641,0.305,0.043,-0.703,0,0,26,0,0,0,0,231,47,1.074,1,2285,0,357.952,24.681,273.250,157.000,169.750,2.172,-1.340,0.813,-13.645,-20.566,-17.617,1.690,2.016,1.040,1.310,0,NULL,NULL,,3,0,2,7,255,1212,250,0,0
stim,259997,290118,0,290118,3487429.454,-0.641,0.319,0.035,-0.697,0,0,27,0,0,0,0,239,47,1.074,1,2285,0,384.414,25.453,318.500,142.938,160.938,2.117,-1.289,1.113,-14.996,-20.566,-17.617,1.568,1.894,1.040,1.310,0,NULL,NULL,,3,0,2,7,255,1212,250,0,0
stim,259997,290118,0,290118,3487434.455,-0.640,0.332,0.027,-0.692,0,0,27,0,0,0,0,267,47,1.074,1,2285,0,385.718,26.152,336.375,126.750,139.875,2.207,-1.223,1.551,-15.367,-21.160,-15.434,1.440,1.766,1.040,1.310,0,NULL,NULL,,3,0,2,7,255,1212,250,0,0
stim,259997,290118,0,290118,3487439.453,-0.639,0.345,0.019,-0.688,0,0,26,0,0,0,0,291,47,1.074,1,2285,0,359.605,28.964,320.563,109.500,120.688,2.305,-1.258,1.969,-16.227,-23.992,-12.879,1.308,1.632,1.040,1.310,0,NULL,NULL,,3,0,2,7,255,1212,250,0,0
stim,260015,290136,0,290136,3487444.455,-0.638,0.355,0.011,-0.683,0,0,24,0,0,0,0,325,47,1.074,1,2285,0,311.872,32.243,277.500,86.375,113.125,2.340,-1.254,2.355,-18.180,-26.629,-10.977,1.170,1.492,1.040,1.310,0,NULL,NULL,,3,0,2,7,255,1212,250,0,0
stim,260015,290136,0,290136,3487449.453,-0.637,0.363,0.005,-0.680,0,0,25,0,0,0,0,355,47,1.074,1,2285,0,243.952,34.887,216.313,59.813,95.625,2.227,-1.164,2.602,-19.797,-28.727,-8.844,1.026,1.348,1.040,1.310,0,NULL,NULL,,3,0,2,7,255,1212,250,0,0
stim,260015,290136,0,290136,3487454.455,-0.637,0.368,-0.000,-0.677,0,0,28,0,0,0,0,363,47,1.074,1,2285,0,183.786,35.241,160.188,26.250,86.188,2.176,-1.031,2.766,-19.973,-29.035,-6.563,0.880,1.198,1.040,1.310,0,NULL,NULL,,3,0,2,7,255,1212,250,0,0
stim,260015,290136,0,290136,3487459.454,-0.637,0.371,-0.005,-0.675,0,0,23,0,0,0,0,361,47,1.074,1,2285,0,130.336,35.241,109.875,-7.063,69.750,1.902,-0.809,2.777,-19.973,-29.035,-4.848,0.732,1.044,1.040,1.310,0,NULL,NULL,,3,0,2,7,255,1212,250,0,0
stim,260015,290136,0,290136,3487464.455,-0.637,0.372,-0.008,-0.675,0,0,27,0,0,0,0,367,47,1.074,1,2285,0,72.042,33.274,54.813,-37.250,28.250,1.676,-0.684,2.813,-18.438,-27.699,-2.574,0.588,0.890,1.040,1.310,0,NULL,NULL,,3,0,2,7,255,1212,250,0,0
stim,260015,290136,0,290136,3487469.453,-0.637,0.370,-0.009,-0.676,0,0,9,0,0,0,0,473,47,1.074,1,2285,0,67.716,31.602,-7.063,-66.563,-10.250,1.477,-0.473,2.840,-17.844,-26.082,-0.656,0.450,0.734,1.040,1.310,0,NULL,NULL,,3,0,2,7,255,1212,250,0,0
stim,260045,290166,0,290166,3487474.455,-0.639,0.370,-0.022,-0.675,39,0,9,177,0,13,0,537,47,1.074,1,2285,0,298.845,30.518,188.813,-176.250,150.313,0.262,-0.695,4.848,-17.844,-24.758,1.602,0.324,0.578,1.040,1.310,0,NULL,NULL,,3,0,2,7,255,1212,250,0,0
stim,260045,290166,0,290166,3487479.453,-0.647,0.366,-0.037,-0.668,563,0,0,803,0,121,0,565,47,1.074,1,2285,0,412.116,32.619,107.875,-216.750,333.500,-0.148,1.750,7.121,-21.238,-24.758,20.906,0.238,0.424,1.040,1.310,0,NULL,NULL,,3,0,2,7,255,1212,250,0,0
stim,260045,290166,0,290166,3487484.455,-0.667,0.338,-0.018,-0.664,1079,0,0,1305,0,407,0,639,47,1.074,1,2285,0,903.447,30.935,-867.563,-104.313,229.500,-1.344,2.371,3.637,-21.238,-22.492,34.242,0.248,0.324,1.040,1.310,0,NULL,NULL,,3,0,2,7,255,1212,250,0,0
stim,260045,290166,0,290166,3487489.453,-0.684,0.303,0.008,-0.663,1566,0,0,1651,0,597,0,708,47,1.074,1,2285,0,1076.281,6.638,-1065.875,-117.688,91.875,-1.219,2.852,-0.750,3.098,-5.871,34.242,0.276,0.288,1.040,1.310,0,NULL,NULL,,3,0,2,7,255,1212,250,0,0
stim,260045,290166,0,290166,3487494.455,-0.693,0.281,0.024,-0.663,1951,0,0,1873,0,858,0,791,47,1.074,1,2286,0,652.773,23.573,-644.750,-101.063,14.000,-1.547,1.551,-2.480,20.000,12.477,-0.363,0.298,0.298,1.040,1.310,1,1224.000,12.000,,3,0,2,7,255,1212,250,0,0
stim,260045,290166,0,290166,3487499.454,-0.694,0.271,0.027,-0.666,2171,0,0,1967,0,1047,0,861,47,1.074,1,2286,0,269.245,25.153,-232.313,-121.000,-62.313,-0.984,-0.004,-1.605,20.000,15.254,-19.309,0.304,0.326,1.040,1.310,1,NULL,NULL,,3,0,2,7,255,1212,250,0,0
stim,260096,290217,0,290217,3487504.455,-0.693,0.266,0.024,-0.669,2336,0,0,2079,0,1240,0,949,47,1.074,1,2286,0,137.864,15.632,-9.875,-126.938,-52.875,-0.086,-0.176,0.867,3.418,15.254,-19.309,0.306,0.352,1.040,1.310,1,NULL,NULL,,3,0,2,7,255,1212,250,0,0
stim,260096,290217,0,290217,3487509.455,-0.695,0.261,0.023,-0.670,2463,0,0,2163,0,1383,0,1049,47,1.074,1,2286,0,140.809,4.355,-81.875,-112.188,23.188,0.293,1.383,1.539,3.418,-2.699,-2.648,0.326,0.374,1.040,1.310,1,NULL,NULL,,3,0,2,7,255,1212,250,0,0
stim,260096,290217,0,290217,3487514.455,-0.699,0.252,0.024,-0.669,2567,0,0,2255,0,1561,0,1123,47,1.074,1,2286,0,212.421,9.977,-173.063,-106.688,61.563,-0.125,1.867,1.477,8.797,-4.707,6.371,0.356,0.404,1.040,1.310,2,NULL,NULL,,3,0,2,7,255,1212,250,0,0
stim,260096,290217,0,290217,3487519.454,-0.703,0.242,0.028,-0.668,2741,0,0,2493,0,1654,0,1133,47,1.074,1,2286,0,268.656,9.977,-246.875,-102.250,27.813,-0.652,0.801,1.227,8.797,-4.707,6.371,0.382,0.434,1.040,1.310,2,NULL,NULL,,3,0,2,7,255,1212,250,0,0
stim,260096,290217,0,290217,3487524.455,-0.706,0.231,0.033,-0.669,2863,0,0,2671,0,1658,0,1209,47,1.074,1,2286,0,298.635,3.953,-278.750,-106.750,-9.250,-1.105,-0.602,0.531,3.730,1.309,5.355,0.396,0.456,1.040,1.310,2,NULL,NULL,,3,0,2,7,255,1212,250,0,0
stim,260096,290217,0,290217,3487529.454,-0.710,0.218,0.035,-0.669,2953,0,0,2797,0,1661,0,1333,47,1.074,1,2286,0,307.556,11.410,-261.500,-151.688,56.563,-1.344,-1.566,0.047,-8.098,8.039,-2.781,0.390,0.464,1.040,1.310,2,NULL,NULL,,3,0,2,7,255,1212,250,0,0
stim,260096,290217,0,290217,3487534.455,-0.710,0.210,0.035,-0.671,3001,0,0,2899,0,1655,0,1461,47,1.074,1,2286,0,209.847,17.079,-140.500,-144.375,-58.750,-1.066,-1.375,0.176,-14.590,8.879,-7.770,0.356,0.450,1.040,1.310,2,NULL,NULL,,3,0,2,7,255,1212,250,0,0
stim,260096,290217,0,290217,3487539.454,-0.709,0.204,0.032,-0.675,3030,0,0,2956,0,1643,0,1525,47,1.074,1,2286,0,173.625,17.079,-44.625,-150.563,-74.063,-0.211,-0.805,0.746,-14.590,8.879,-7.770,0.314,0.430,1.040,1.310,2,NULL,NULL,,3,0,2,7,255,1212,250,0,0
stim,260096,290217,0,290217,3487544.455,-0.708,0.199,0.029,-0.677,3051,0,0,3017,0,1634,0,1542,47,1.074,1,2286,0,151.527,10.073,-16.813,-141.375,-51.875,0.324,-0.754,1.543,-10.051,-0.668,-4.090,0.276,0.406,1.040,1.310,2,NULL,NULL,,3,0,2,7,255,1212,250,0,0
stim,260096,290217,0,290217,3487549.453,-0.708,0.193,0.027,-0.678,3065,0,0,3053,0,1648,0,1529,47,1.074,1,2286,0,150.037,12.865,-70.625,-132.375,0.375,0.617,-0.949,1.742,-10.051,-8.031,1.613,0.248,0.374,1.040,1.310,2,NULL,NULL,,3,0,2,7,255,1212,250,0,0
stim,260119,290241,0,290241,3487554.455,-0.712,0.185,0.027,-0.677,3093,0,0,3101,0,1695,0,1511,47,1.074,1,2286,0,205.621,15.468,-146.000,-122.813,76.688,0.551,-1.094,1.449,-12.012,-9.746,1.613,0.232,0.336,1.040,1.310,2,NULL,NULL,,3,0,2,7,255,1212,250,0,0
stim,260119,290241,1,290241,3487559.454,-0.718,0.176,0.028,-0.673,3069,0,0,3117,0,1785,0,1511,47,1.074,1,2286,0,259.826,15.468,-182.125,-115.625,144.813,0.117,-1.066,0.855,-12.012,-9.746,-0.188,0.230,0.290,1.040,1.310,2,NULL,NULL,,3,1,2,7,255,1212,250,0,0
stim,260119,290241,1,290241,3487564.455,-0.724,0.168,0.027,-0.668,3113,0,0,3145,0,1881,23,1544,47,1.074,1,2286,0,242.427,12.320,-145.250,-114.125,157.000,-0.566,-0.695,0.594,-11.641,-4.035,-4.055,0.232,0.246,1.040,1.310,2,NULL,NULL,,3,1,2,7,255,1212,250,0,0
stim,260119,290241,1,290241,3487569.454,-0.727,0.162,0.026,-0.666,3108,0,0,3147,0,1961,45,1571,47,1.074,1,2286,0,175.467,8.880,-105.875,-116.875,76.938,-0.926,-0.082,0.805,-8.273,3.227,-4.055,0.238,0.208,1.040,1.310,2,NULL,NULL,,3,1,2,7,255,1212,250,0,0
stim,260147,290268,1,290268,3487574.455,-0.729,0.156,0.024,-0.666,3116,0,0,3163,0,2059,53,1631,47,1.074,1,2286,0,135.390,4.440,-58.438,-120.063,22.375,-0.285,0.395,0.758,-3.051,3.227,-1.375,0.244,0.182,1.040,1.310,2,NULL,NULL,,3,1,2,7,255,1212,250,0,0
stim,260147,290268,1,290268,3487579.453,-0.729,0.151,0.022,-0.667,3117,0,0,3165,0,2125,57,1673,47,1.074,1,2286,0,131.774,1.323,-56.875,-118.813,3.625,-0.328,0.336,1.402,0.871,0.996,-0.129,0.250,0.164,1.040,1.310,2,NULL,NULL,,3,1,2,7,255,1212,250,0,0
stim,260147,290268,1,290268,3487584.455,-0.730,0.144,0.021,-0.668,3119,0,0,3169,0,2197,63,1733,47,1.074,1,2286,0,158.737,0.878,-109.938,-114.188,-8.500,-0.094,0.090,1.301,0.871,-0.109,2.789,0.258,0.154,1.040,1.310,2,NULL,NULL,,3,1,2,7,255,1212,250,0,0
stim,260147,290268,1,290268,3487589.453,-0.731,0.137,0.021,-0.668,3127,0,0,3163,0,2269,151,1881,47,1.074,1,2286,0,168.349,2.275,-127.438,-110.000,1.000,-0.031,-0.242,0.949,-0.992,-2.047,2.789,0.270,0.144,1.040,1.310,2,NULL,NULL,,3,1,2,7,255,1212,250,0,0
stim,260147,290268,1,290268,3487594.455,-0.732,0.131,0.021,-0.668,3123,0,0,3165,0,2313,278,1979,47,1.074,1,2286,0,144.115,4.168,-99.875,-103.875,2.000,-0.031,-0.441,0.973,-3.586,-2.125,-1.086,0.284,0.134,1.040,1.310,2,NULL,NULL,,3,1,2,7,255,1212,250,0,0
stim,260147,290268,1,290268,3487599.453,-0.731,0.128,0.020,-0.670,3123,0,0,3173,73,2352,269,2084,47,1.074,1,2286,0,75.288,4.686,-32.125,-62.563,-26.875,0.348,-0.301,1.383,-4.148,-2.180,-1.086,0.302,0.120,1.040,1.310,2,NULL,NULL,,3,1,2,7,255,1212,250,0,0
stim,260196,290317,1,290317,3487604.455,-0.731,0.126,0.019,-0.670,3119,0,0,3167,302,2381,279,2146,47,1.074,1,2286,0,47.327,7.681,-18.563,-43.500,-1.750,0.684,0.258,1.090,-4.148,-6.465,-0.422,0.318,0.104,1.040,1.310,2,NULL,NULL,,3,1,2,7,255,1212,250,0,0
stim,260196,290317,1,290317,3487609.454,-0.732,0.125,0.018,-0.670,3123,0,0,3177,509,2399,298,2194,47,1.074,1,2286,0,42.595,6.739,-5.875,-40.500,11.813,0.148,0.805,1.555,1.902,-6.465,2.297,0.336,0.088,1.040,1.310,2,NULL,NULL,,3,1,2,7,255,1212,250,0,0
stim,260196,290317,1,290317,3487614.455,-0.732,0.122,0.019,-0.671,3125,0,0,3177,639,2420,313,2239,47,1.074,1,2286,0,84.449,4.589,-77.313,-20.125,-27.375,-0.273,0.445,1.629,2.305,-3.969,5.754,0.348,0.076,1.040,1.310,2,NULL,NULL,,3,1,2,7,255,1212,250,0,0
stim,260196,290317,1,290317,3487619.454,-0.731,0.117,0.022,-0.672,3123,0,0,3177,787,2438,313,2286,47,1.074,1,2286,0,117.135,2.548,-110.938,-14.938,-34.500,-0.055,0.070,0.816,2.305,-1.086,5.754,0.356,0.070,1.040,1.310,2,NULL,NULL,,3,1,2,7,255,1212,250,0,0
stim,260196,290317,1,290317,3487624.455,-0.730,0.115,0.024,-0.673,3123,5,0,3179,889,2454,313,2329,47,1.074,1,2286,0,83.441,0.401,-69.750,-13.125,-43.875,-0.254,-0.008,0.824,-0.219,-0.336,-1.457,0.364,0.062,1.040,1.310,2,NULL,NULL,,3,1,2,7,255,1212,250,0,0
stim,260196,290317,1,290317,3487629.453,-0.728,0.113,0.025,-0.675,3123,23,0,3179,1066,2459,329,2357,47,1.074,1,2286,0,80.045,0.553,-34.625,-10.250,-71.438,-0.141,0.137,0.969,-0.219,-0.508,-1.457,0.370,0.058,1.040,1.310,2,NULL,NULL,,3,1,2,7,255,1212,250,0,0
stim,260196,290317,1,290317,3487634.455,-0.726,0.111,0.026,-0.678,3119,39,0,3180,1145,2470,339,2388,47,1.074,1,2286,0,82.935,0.605,-36.063,-9.125,-74.125,0.023,0.227,1.141,0.328,-0.508,-0.129,0.376,0.054,1.040,1.310,2,NULL,NULL,,3,1,2,7,255,1212,250,0,0
stim,260196,290317,1,290317,3487639.454,-0.725,0.109,0.028,-0.679,3123,60,0,3183,1239,2479,343,2419,47,1.074,1,2286,0,86.775,2.355,-65.938,-4.250,-56.250,0.031,-0.004,1.145,0.328,-2.332,1.094,0.384,0.048,1.040,1.310,2,NULL,NULL,,3,1,2,7,255,1212,250,0,0
stim,260196,290317,1,290317,3487644.455,-0.724,0.106,0.030,-0.681,3119,73,0,3183,1305,2479,348,2439,47,1.074,1,2286,0,90.650,2.518,-80.438,-3.063,-41.688,-0.059,-0.141,0.914,-0.949,-2.332,1.094,0.392,0.042,1.040,1.310,2,NULL,NULL,,3,1,2,7,255,1212,250,0,0
stim,260196,290317,1,290317,3487649.454,-0.723,0.104,0.032,-0.682,3125,100,0,3189,1395,2503,349,2456,47,1.074,1,2286,0,72.939,1.644,-57.813,-2.938,-44.375,-0.184,-0.027,0.773,-0.969,-1.328,-1.063,0.398,0.038,1.040,1.310,2,NULL,NULL,,3,1,2,7,255,1212,250,0,0
stim,260216,290337,1,290337,3487654.455,-0.722,0.103,0.033,-0.684,3120,100,0,3181,1492,2523,354,2470,47,1.074,1,2286,0,68.050,0.977,-28.188,-3.938,-61.813,-0.168,0.074,0.902,-0.969,-0.125,-1.063,0.402,0.036,1.040,1.310,2,NULL,NULL,,3,1,2,7,255,1212,250,0,0
stim,260216,290337,1,290337,3487659.454,-0.720,0.102,0.034,-0.686,3123,149,0,3189,1553,2527,350,2486,47,1.074,1,2286,0,66.826,0.128,-21.000,-2.875,-63.375,-0.039,0.078,1.078,-0.027,-0.125,-0.801,0.408,0.032,1.040,1.310,2,NULL,NULL,,3,1,2,7,255,1212,250,0,0
stim,260216,290337,1,290337,3487664.455,-0.718,0.100,0.035,-0.687,3125,182,0,3187,1583,2533,355,2495,47,1.074,1,2286,0,60.743,1.668,-34.125,-0.375,-50.250,-0.004,0.039,1.113,-0.027,-1.668,0.656,0.414,0.026,1.040,1.310,2,NULL,NULL,,3,1,2,7,255,1212,250,0,0
stim,260216,290337,1,290337,3487669.453,-0.718,0.099,0.036,-0.688,3119,206,12,3192,1627,2532,358,2494,47,1.074,1,2286,0,57.176,1.770,-45.438,1.125,-34.688,-0.027,-0.008,1.035,-0.352,-1.734,0.656,0.422,0.022,1.040,1.310,2,NULL,NULL,,3,1,2,7,255,1212,250,0,0
stim,260247,290368,1,290368,3487674.455,-0.717,0.097,0.038,-0.689,3124,230,52,3193,1675,2539,358,2506,47,1.074,1,2286,0,47.821,1.814,-40.313,1.375,-25.688,-0.102,0.008,0.961,-0.531,-1.734,0.180,0.430,0.016,1.040,1.310,2,NULL,NULL,,3,1,2,7,255,1212,250,0,0
stim,260247,290368,1,290368,3487679.454,-0.716,0.096,0.039,-0.690,3115,233,69,3183,1721,2541,351,2489,47,1.074,1,2286,0,39.772,1.094,-28.438,1.750,-27.750,-0.141,-0.008,0.961,-0.656,-0.875,-0.324,0.436,0.012,1.040,1.310,2,NULL,NULL,,3,1,2,7,255,1212,250,0,0
stim,260247,290368,1,290368,3487684.455,-0.716,0.096,0.039,-0.691,3115,248,99,3195,1751,2542,347,2507,47,1.074,1,2286,0,35.806,1.094,-21.188,2.563,-28.750,-0.102,-0.082,0.984,-0.656,-0.875,-0.324,0.442,0.008,1.040,1.310,2,NULL,NULL,,3,1,2,7,255,1212,250,0,0
stim,260247,290368,1,290368,3487689.454,-0.715,0.095,0.040,-0.691,3115,267,135,3191,1773,2541,342,2515,47,1.074,1,2286,0,27.715,1.654,-20.375,1.938,-18.688,-0.090,-0.121,0.973,-1.352,-0.953,-0.324,0.448,0.004,1.040,1.310,2,NULL,NULL,,3,1,2,7,255,1212,250,0,0
stim,260247,290368,1,290368,3487694.455,-0.715,0.094,0.041,-0.692,3113,276,157,3193,1797,2542,334,2515,47,1.074,1,2286,0,19.974,1.911,-18.500,0.688,-7.500,-0.145,-0.117,0.953,-1.656,-0.953,-0.355,0.454,0.000,1.040,1.310,2,NULL,NULL,,3,1,2,7,255,1212,250,0,0
stim,260247,290368,1,290368,3487699.453,-0.715,0.093,0.041,-0.692,3115,268,189,3190,1814,2544,317,2515,47,1.074,1,2286,0,14.715,1.729,-12.875,-0.938,-7.063,-0.211,-0.055,0.953,-1.656,-0.496,-0.355,0.000,0.000,1.040,1.310,2,NULL,NULL,,3,1,2,7,255,1212,250,0,0
stim,260295,290416,1,290416,3487704.455,-0.714,0.093,0.042,-0.692,3115,264,244,3187,1838,2543,312,2515,47,1.074,1,2286,0,14.793,1.060,-6.375,-1.625,-13.250,-0.184,-0.012,0.977,-1.055,-0.109,-0.273,0.000,0.000,1.040,1.310,2,NULL,NULL,,3,1,2,7,255,1212,250,0,0
stim,260295,290416,1,290416,3487709.454,-0.714,0.093,0.042,-0.693,3108,268,267,3181,1853,2541,311,2521,47,1.074,1,2286,0,13.229,0.700,-3.750,-2.500,-12.438,-0.145,-0.020,1.000,-0.691,-0.109,-0.070,0.000,0.000,1.040,1.310,2,NULL,NULL,,3,1,2,7,255,1212,250,0,0
stim,260295,290416,1,290416,3487714.455,-0.714,0.092,0.042,-0.693,3103,265,295,3177,1868,2540,311,2518,47,1.066,1,2286,1,8.899,0.783,-4.625,-3.375,-6.813,-0.156,-0.008,1.004,-0.652,-0.434,0.043,0.000,0.000,1.026,1.322,2,NULL,NULL,,3,1,2,7,255,1212,250,0,0
stim,260295,290416,1,290416,3487719.454,-0.714,0.092,0.042,-0.693,3099,264,325,3175,1881,2539,327,2521,47,1.066,1,2286,1,8.078,0.729,-4.938,-4.063,-4.938,-0.191,0.020,0.992,-0.586,-0.434,0.094,0.006,0.004,1.026,1.322,2,NULL,NULL,,3,1,2,7,255,1212,250,0,0
stim,260295,290416,1,290416,3487724.455,-0.713,0.092,0.042,-0.693,3093,261,350,3166,1901,2537,329,2524,47,1.066,1,2286,1,10.300,0.338,-3.375,-4.625,-8.563,-0.203,0.031,0.984,-0.336,-0.039,0.094,0.010,0.008,1.026,1.322,2,NULL,NULL,,3,1,2,7,255,1212,250,0,0
stim,260295,290416,1,290416,3487729.454,-0.713,0.091,0.042,-0.694,3087,249,389,3157,1915,2535,332,2527,47,1.066,1,2286,1,13.178,0.327,-1.938,-5.375,-11.875,-0.180,0.020,0.988,-0.324,-0.039,0.039,0.016,0.012,1.026,1.322,2,NULL,NULL,,3,1,2,7,255,1212,250,0,0
stim,260313,290434,1,290434,3487734.455,-0.713,0.091,0.042,-0.694,3079,249,429,3148,1941,2533,337,2532,47,1.066,1,2286,1,13.388,0.360,-1.188,-6.188,-11.813,-0.172,0.016,0.992,-0.324,-0.156,0.039,0.022,0.016,1.026,1.322,2,NULL,NULL,,3,1,2,7,255,1212,250,0,0
stim,260313,290434,1,290434,3487739.453,-0.712,0.091,0.042,-0.695,3076,249,456,3132,1957,2525,340,2537,47,1.066,1,2286,1,13.622,0.360,-0.813,-6.625,-11.875,-0.184,0.043,0.996,-0.324,-0.156,0.039,0.028,0.022,1.026,1.322,2,NULL,NULL,,3,1,2,7,255,1212,250,0,0
stim,260313,290434,1,290434,3487744.455,-0.712,0.091,0.041,-0.695,3055,247,486,3135,1974,2523,348,2536,47,1.066,1,2286,1,16.564,0.134,-0.938,-6.688,-15.125,-0.191,0.070,1.000,-0.078,-0.109,0.109,0.032,0.026,1.026,1.322,2,NULL,NULL,,3,1,2,7,255,1212,250,0,0
stim,260313,290434,1,290434,3487749.453,-0.712,0.090,0.041,-0.696,3047,243,511,3119,1993,2523,361,2539,47,1.066,1,2286,1,20.179,0.227,-2.125,-6.813,-18.875,-0.184,0.070,1.004,0.199,-0.109,0.199,0.038,0.030,1.026,1.322,2,NULL,NULL,,3,1,2,7,255,1212,250,0,0
stim,260313,290434,1,290434,3487754.455,-0.711,0.090,0.041,-0.696,3031,242,603,3103,2009,2517,363,2541,47,1.066,1,2286,1,21.965,0.237,-3.750,-6.938,-20.500,-0.164,0.055,1.004,0.199,-0.129,0.199,0.042,0.032,1.026,1.322,2,NULL,NULL,,3,1,2,7,255,1212,250,0,0
stim,260313,290434,1,290434,3487759.454,-0.710,0.090,0.041,-0.697,3019,239,653,3095,2030,2516,363,2549,47,1.066,1,2286,1,22.322,0.219,-5.688,-7.125,-20.375,-0.172,0.043,0.996,0.059,-0.211,0.176,0.044,0.034,1.026,1.322,2,NULL,NULL,,3,1,2,7,255,1212,250,0,0
stim,260313,290434,1,290434,3487764.455,-0.710,0.089,0.041,-0.698,3004,243,692,3081,2045,2514,389,2551,47,1.066,1,2286,1,23.318,0.215,-5.750,-7.688,-21.250,-0.180,0.043,0.984,-0.043,-0.211,0.086,0.048,0.038,1.026,1.322,2,NULL,NULL,,3,1,2,7,255,1212,250,0,0
stim,260313,290434,1,290434,3487769.453,-0.709,0.089,0.041,-0.698,2989,243,725,3063,2073,2513,422,2557,47,1.066,1,2286,1,24.784,0.107,-3.750,-8.438,-23.000,-0.180,0.059,0.980,-0.043,-0.098,0.004,0.050,0.038,1.026,1.322,2,NULL,NULL,,3,1,2,7,255,1212,250,0,0
stim,260345,290466,1,290466,3487774.455,-0.708,0.088,0.041,-0.699,2979,247,766,3049,2103,2511,427,2570,47,1.066,1,2286,1,25.849,0.150,-1.563,-9.313,-24.063,-0.160,0.094,0.988,0.113,-0.098,0.004,0.052,0.040,1.026,1.322,2,NULL,NULL,,3,1,2,7,255,1212,250,0,0
stim,260345,290466,1,290466,3487779.453,-0.708,0.088,0.041,-0.700,2963,255,829,3035,2151,2513,441,2580,47,1.066,1,2286,1,25.416,0.548,-1.938,-9.938,-23.313,-0.137,0.125,1.008,0.477,-0.270,0.035,0.052,0.040,1.026,1.322,2,NULL,NULL,,3,1,2,7,255,1212,250,0,0
stim,260345,290466,1,290466,3487784.455,-0.707,0.087,0.040,-0.700,2939,261,887,3019,2196,2508,453,2591,47,1.066,1,2286,1,23.475,0.906,-5.438,-10.313,-20.375,-0.133,0.121,1.023,0.730,-0.535,0.168,0.054,0.040,1.026,1.322,2,NULL,NULL,,3,1,2,7,255,1212,250,0,0
stim,260345,290466,1,290466,3487789.454,-0.707,0.087,0.040,-0.701,2925,261,939,3005,2229,2509,519,2603,47,1.066,1,2286,1,23.746,0.906,-9.125,-10.375,-19.313,-0.148,0.102,1.016,0.730,-0.535,0.277,0.054,0.040,1.026,1.322,2,NULL,NULL,,3,1,2,7,255,1212,250,0,0
stim,260346,290467,1,290467,3487794.455,-0.706,0.086,0.040,-0.702,2909,261,1023,2994,2265,2511,569,2615,47,1.066,1,2286,1,25.317,0.749,-10.000,-10.750,-20.625,-0.160,0.109,0.992,0.637,-0.395,0.277,0.054,0.038,1.026,1.322,2,NULL,NULL,,3,1,2,7,255,1212,250,0,0
stim,260346,290467,1,290467,3487799.454,-0.705,0.085,0.040,-0.702,2890,249,1111,2974,2295,2509,629,2628,47,1.066,1,2286,1,26.309,0.664,-8.563,-11.000,-22.313,-0.156,0.105,0.984,0.605,-0.273,0.051,0.052,0.036,1.026,1.322,2,NULL,NULL,,3,1,2,7,255,1212,250,0,0
stim,260397,290518,1,290518,3487804.455,-0.705,0.085,0.040,-0.703,2871,248,1203,2959,2329,2510,733,2636,47,1.066,1,2286,1,26.230,0.664,-8.875,-11.313,-21.938,-0.129,0.082,0.996,0.605,-0.273,0.051,0.050,0.034,1.026,1.322,2,NULL,NULL,,3,1,2,7,255,1212,250,0,0
stim,260397,290518,0,290518,3487809.454,-0.704,0.084,0.040,-0.704,2847,263,1256,2943,2365,2514,795,2647,47,1.066,1,2286,1,26.004,0.666,-10.563,-11.000,-21.063,-0.117,0.051,0.996,0.406,-0.527,0.000,0.048,0.030,1.026,1.322,2,NULL,NULL,,3,0,2,7,255,1205,250,0,0
stim,260397,290518,0,290518,3487814.455,-0.704,0.083,0.040,-0.704,2829,271,1327,2931,2392,2514,853,2655,47,1.066,1,2286,1,25.767,0.538,-12.188,-10.625,-20.063,-0.129,0.039,0.984,0.105,-0.527,0.000,0.046,0.024,1.026,1.322,2,NULL,NULL,,3,0,2,7,255,1205,250,0,0
stim,260397,290518,0,290518,3487819.454,-0.703,0.082,0.040,-0.705,2809,279,1407,2916,2413,2515,948,2667,47,1.066,1,2286,1,25.711,0.484,-11.250,-10.688,-20.500,-0.137,0.023,0.977,-0.004,-0.484,-0.078,0.044,0.018,1.026,1.322,2,NULL,NULL,,3,0,2,7,255,1205,250,0,0
stim,260397,290518,0,290518,3487824.455,-0.703,0.082,0.040,-0.706,2792,281,1493,2905,2443,2517,1012,2677,47,1.066,1,2286,1,25.188,0.448,-10.125,-10.688,-20.438,-0.133,0.004,0.969,-0.141,-0.426,-0.152,0.042,0.014,1.026,1.322,2,NULL,NULL,,3,0,2,7,255,1205,250,0,0
stim,260397,290518,0,290518,3487829.454,-0.702,0.081,0.040,-0.706,2771,301,1579,2899,2471,2519,1075,2681,47,1.066,1,2286,1,24.123,0.502,-10.000,-10.438,-19.313,-0.133,-0.020,0.961,-0.305,-0.398,-0.230,0.042,0.010,1.026,1.322,2,NULL,NULL,,3,0,2,7,255,1205,250,0,0
stim,260397,290518,0,290518,3487834.455,-0.702,0.080,0.040,-0.707,2745,337,1643,2878,2492,2520,1143,2695,47,1.066,1,2286,1,23.629,0.639,-9.000,-10.563,-19.125,-0.152,-0.020,0.961,-0.512,-0.383,-0.273,0.042,0.008,1.026,1.322,2,NULL,NULL,,3,0,2,7,255,1205,250,0,0
stim,260397,290518,0,290518,3487839.454,-0.701,0.080,0.040,-0.708,2725,343,1751,2867,2519,2521,1223,2702,47,1.066,1,2286,1,24.837,0.551,-8.250,-10.875,-20.750,-0.156,-0.004,0.973,-0.512,-0.203,-0.273,0.042,0.010,1.026,1.322,2,NULL,NULL,,3,0,2,7,255,1205,250,0,0
stim,260397,290518,0,290518,3487844.455,-0.700,0.079,0.040,-0.708,2711,348,1811,2852,2539,2523,1327,2713,47,1.066,1,2286,1,25.963,0.409,-8.938,-11.250,-21.625,-0.152,0.004,0.984,-0.355,-0.203,-0.160,0.042,0.012,1.026,1.322,2,NULL,NULL,,3,0,2,7,255,1205,250,0,0
stim,260397,290518,0,290518,3487849.453,-0.700,0.078,0.040,-0.709,2679,393,1869,2840,2571,2528,1405,2735,47,1.066,1,2286,1,27.039,0.392,-11.500,-11.688,-21.500,-0.156,-0.016,0.980,-0.355,-0.164,-0.094,0.044,0.014,1.026,1.322,2,NULL,NULL,,3,0,2,7,255,1205,250,0,0
stim,260419,290540,0,290540,3487854.455,-0.699,0.077,0.040,-0.710,2651,413,1949,2827,2595,2533,1481,2739,47,1.066,1,2286,1,27.461,0.491,-11.188,-12.375,-21.813,-0.152,-0.023,0.973,-0.461,-0.168,-0.094,0.046,0.016,1.026,1.322,2,NULL,NULL,,3,0,2,7,255,1205,250,0,0
stim,260419,290540,0,290540,3487859.454,-0.699,0.076,0.040,-0.710,2615,427,2037,2811,2611,2531,1573,2745,47,1.066,1,2286,1,27.693,0.491,-10.125,-12.688,-22.438,-0.148,-0.008,0.977,-0.461,-0.168,-0.152,0.048,0.016,1.026,1.322,2,NULL,NULL,,3,0,2,7,255,1205,250,0,0
stim,260419,290540,0,290540,3487864.455,-0.698,0.076,0.040,-0.711,2579,443,2119,2795,2630,2535,1631,2751,47,1.066,1,2286,1,27.057,0.419,-9.563,-13.750,-21.250,-0.145,-0.008,0.980,-0.359,-0.215,-0.152,0.048,0.016,1.026,1.322,2,NULL,NULL,,3,0,2,7,255,1205,250,0,0
stim,260419,290540,0,290540,3487869.454,-0.697,0.075,0.040,-0.712,2533,459,2172,2783,2651,2539,1692,2770,47,1.066,1,2286,1,26.701,0.436,-9.625,-14.500,-20.250,-0.141,-0.016,0.996,-0.359,-0.246,-0.102,0.048,0.016,1.026,1.322,2,NULL,NULL,,3,0,2,7,255,1205,250,0,0
stim,260441,290562,0,290562,3487874.455,-0.697,0.074,0.040,-0.712,2493,475,2222,2767,2675,2539,1775,2781,47,1.066,1,2286,1,27.766,0.429,-11.813,-15.375,-19.875,-0.148,0.004,1.004,-0.352,-0.246,0.051,0.050,0.016,1.026,1.322,2,NULL,NULL,,3,0,2,7,255,1205,250,0,0
stim,260441,290562,0,290562,3487879.453,-0.696,0.073,0.040,-0.713,2458,493,2286,2735,2699,2541,1861,2791,47,1.066,1,2286,1,29.635,0.384,-13.750,-15.500,-21.188,-0.129,-0.004,0.996,-0.262,-0.281,0.051,0.050,0.016,1.026,1.322,2,NULL,NULL,,3,0,2,7,255,1205,250,0,0
stim,260441,290562,0,290562,3487884.455,-0.696,0.072,0.040,-0.713,2415,521,2341,2712,2715,2547,1937,2803,47,1.066,1,2286,1,29.020,0.373,-14.438,-15.688,-19.688,-0.141,-0.027,1.000,-0.262,-0.266,0.063,0.052,0.018,1.026,1.322,2,NULL,NULL,,3,0,2,7,255,1205,250,0,0
stim,260441,290562,0,290562,3487889.453,-0.695,0.071,0.040,-0.714,2373,532,2389,2685,2729,2549,1997,2811,47,1.066,1,2286,1,31.212,0.373,-17.063,-16.750,-20.063,-0.156,0.004,1.039,-0.262,-0.266,0.063,0.052,0.018,1.026,1.322,2,NULL,NULL,,3,0,2,7,255,1205,250,0,0
stim,260441,290562,0,290562,3487894.455,-0.695,0.069,0.040,-0.715,2311,541,2431,2659,2745,2552,2063,2824,47,1.066,1,2286,1,38.403,0.294,-23.625,-17.438,-24.750,-0.148,0.035,1.059,-0.160,-0.246,0.469,0.052,0.018,1.026,1.322,2,NULL,NULL,,3,0,2,7,255,1205,250,0,0
stim,260441,290562,0,290562,3487899.454,-0.694,0.068,0.041,-0.716,2237,553,2485,2622,2765,2553,2117,2836,47,1.066,1,2286,1,41.592,0.282,-28.375,-17.313,-25.000,-0.113,0.031,1.000,0.137,-0.246,0.469,0.054,0.020,1.026,1.322,2,NULL,NULL,,3,0,2,7,255,1205,250,0,0
stim,260498,290619,0,290619,3487904.455,-0.693,0.066,0.041,-0.716,2185,559,2523,2596,2779,2555,2163,2845,47,1.066,1,2286,1,39.090,0.330,-26.938,-16.000,-23.375,-0.121,-0.027,0.949,0.137,-0.301,0.055,0.056,0.020,1.026,1.322,2,NULL,NULL,,3,0,2,7,255,1205,250,0,0
stim,260498,290619,0,290619,3487909.454,-0.693,0.065,0.041,-0.717,2123,563,2556,2553,2796,2565,2202,2858,47,1.066,1,2286,1,33.388,0.490,-19.938,-17.813,-20.000,-0.121,-0.051,0.945,-0.387,-0.301,-0.441,0.058,0.020,1.026,1.322,2,NULL,NULL,,3,0,2,7,255,1205,250,0,0
stim,260498,290619,0,290619,3487914.455,-0.692,0.064,0.041,-0.717,2035,557,2591,2507,2811,2566,2257,2868,47,1.066,1,2286,1,29.946,0.476,-13.500,-20.313,-17.375,-0.133,-0.027,0.980,-0.387,-0.277,-0.441,0.062,0.020,1.026,1.322,2,NULL,NULL,,3,0,2,7,255,1205,250,0,0
stim,260498,290619,0,290619,3487919.454,-0.692,0.063,0.041,-0.718,1963,554,2616,2459,2829,2568,2300,2876,47,1.066,1,2286,1,30.464,0.466,-11.938,-19.313,-20.313,-0.172,-0.035,1.023,-0.414,-0.215,-0.113,0.064,0.020,1.026,1.322,2,NULL,NULL,,3,0,2,7,255,1205,250,0,0
stim,260498,290619,0,290619,3487924.455,-0.691,0.062,0.041,-0.719,1884,549,2648,2405,2843,2567,2341,2887,47,1.066,1,2286,1,37.572,0.427,-19.188,-18.563,-26.438,-0.137,-0.035,1.043,-0.371,-0.211,0.363,0.066,0.020,1.026,1.322,2,NULL,NULL,,3,0,2,7,255,1205,250,0,0
stim,260498,290619,0,290619,3487929.453,-0.691,0.060,0.041,-0.719,1775,540,2677,2331,2867,2569,2379,2901,47,1.066,1,2286,1,35.988,0.427,-22.000,-21.813,-18.313,-0.082,0.012,1.016,-0.371,-0.211,0.363,0.068,0.020,1.026,1.322,2,NULL,NULL,,3,0,2,7,255,1205,250,0,0
stim,260498,290619,0,290619,3487934.455,-0.690,0.059,0.041,-0.720,1656,511,2705,2277,2868,2567,2415,2909,47,1.066,1,2286,1,33.658,0.427,-20.563,-19.875,-17.750,-0.156,-0.063,1.000,-0.371,-0.211,0.160,0.070,0.020,1.026,1.322,2,NULL,NULL,,3,0,2,7,255,1205,250,0,0
stim,260498,290619,0,290619,3487939.454,-0.690,0.057,0.042,-0.721,1517,495,2725,2197,2877,2577,2449,2917,47,1.066,1,2286,1,40.212,0.688,-25.125,-20.750,-23.563,-0.117,-0.066,1.023,-0.609,-0.320,0.160,0.072,0.020,1.026,1.322,2,NULL,NULL,,3,0,2,7,255,1205,250,0,0
stim,260498,290619,0,290619,3487944.455,-0.689,0.056,0.041,-0.721,1358,463,2747,2089,2891,2549,2479,2917,47,1.066,1,2286,1,34.167,0.688,-21.063,-22.375,-14.938,-0.098,-0.020,0.965,-0.609,-0.320,0.121,0.072,0.020,1.026,1.322,2,NULL,NULL,,3,0,2,7,255,1205,250,0,0
stim,260498,290619,0,290619,3487949.453,-0.689,0.055,0.041,-0.722,1257,407,2775,1947,2903,2556,2519,2919,47,1.066,1,2286,1,30.971,0.356,-13.000,-21.000,-18.688,-0.137,-0.023,0.977,-0.156,-0.320,-0.160,0.074,0.022,1.026,1.322,2,NULL,NULL,,3,0,2,7,255,1205,250,0,0
stim,260516,290637,0,290637,3487954.455,-0.689,0.054,0.041,-0.722,1107,373,2783,1803,2917,2568,2553,2927,47,1.066,1,2286,1,28.999,0.445,-9.625,-25.438,-10.063,-0.102,0.020,1.031,-0.152,-0.418,-0.160,0.076,0.022,1.026,1.322,2,NULL,NULL,,3,0,2,7,255,1205,250,0,0
stim,260516,290637,0,290637,3487959.454,-0.688,0.053,0.040,-0.722,940,319,2809,1656,2925,2553,2579,2939,47,1.066,1,2286,1,29.957,0.073,-12.500,-24.438,-12.000,-0.148,-0.016,1.063,-0.059,-0.043,0.316,0.076,0.024,1.026,1.322,2,NULL,NULL,,3,0,2,7,255,1205,250,0,0
stim,260516,290637,0,290637,3487964.455,-0.688,0.051,0.040,-0.723,763,284,2829,1486,2935,2542,2605,2955,47,1.066,1,2286,1,33.490,0.163,-16.375,-25.875,-13.563,-0.129,-0.020,1.063,-0.059,-0.152,0.668,0.078,0.026,1.026,1.322,2,NULL,NULL,,3,0,2,7,255,1205,250,0,0
stim,260516,290637,0,290637,3487969.454,-0.688,0.050,0.040,-0.723,570,245,2845,1312,2956,2547,2639,2952,47,1.066,1,2286,1,35.764,0.060,-18.500,-25.938,-16.250,-0.180,0.000,1.059,-0.059,0.012,0.691,0.078,0.026,1.026,1.322,2,NULL,NULL,,3,0,2,7,255,1205,250,0,0
stim,260542,290663,0,290663,3487974.455,-0.687,0.048,0.040,-0.724,392,187,2867,1111,2968,2531,2665,2956,47,1.066,1,2286,1,38.644,0.178,-17.688,-28.750,-18.813,-0.152,0.023,1.059,0.141,0.109,0.672,0.080,0.028,1.026,1.322,2,NULL,NULL,,3,0,2,7,255,1205,250,0,0
stim,260542,290663,0,290663,3487979.454,-0.686,0.047,0.039,-0.725,256,154,2875,895,2970,2516,2681,2981,47,1.066,1,2286,1,44.042,0.398,-18.625,-28.563,-27.875,-0.168,0.012,1.059,0.289,0.273,0.672,0.082,0.028,1.026,1.322,2,NULL,NULL,,3,0,2,7,255,1205,250,0,0
stim,260542,290663,0,290663,3487984.455,-0.686,0.045,0.039,-0.725,137,115,2899,665,2995,2507,2707,2967,47,1.066,1,2286,1,43.710,0.413,-16.375,-32.188,-24.625,-0.160,0.098,1.082,0.387,0.145,0.672,0.084,0.030,1.026,1.322,2,NULL,NULL,,3,0,2,7,255,1205,250,0,0
stim,260542,290663,0,290663,3487989.453,-0.684,0.044,0.038,-0.727,45,57,2901,499,3001,2483,2720,2972,47,1.066,1,2286,1,55.714,1.169,-17.000,-32.500,-41.938,-0.125,0.105,1.086,1.160,0.145,0.871,0.084,0.032,1.026,1.322,2,NULL,NULL,,3,0,2,7,255,1205,250,0,0
stim,260561,290682,0,290682,3487994.455,-0.684,0.042,0.038,-0.728,14,37,2905,281,3000,2456,2744,2983,47,1.066,1,2286,1,50.942,1.174,-15.250,-37.438,-31.000,-0.055,0.051,1.090,1.160,-0.180,0.871,0.086,0.032,1.026,1.322,2,NULL,NULL,,3,0,2,7,255,1205,250,0,0
stim,260561,290682,0,290682,3487999.454,-0.683,0.040,0.037,-0.729,0,11,2925,138,3014,2441,2779,2987,47,1.066,1,2286,1,54.477,1.053,-11.625,-39.875,-35.250,-0.043,0.023,1.051,0.684,-0.801,0.828,0.086,0.034,1.026,1.322,2,NULL,NULL,,3,0,2,7,255,1205,250,0,0
stim,260592,290713,0,290713,3488004.455,-0.682,0.039,0.036,-0.729,0,0,2924,89,3018,2405,2807,2991,47,1.066,1,2286,1,50.293,0.903,-1.438,-43.688,-24.875,-0.129,0.020,1.043,0.418,-0.801,0.492,0.086,0.036,1.026,1.322,2,NULL,NULL,,3,0,2,7,255,1205,250,0,0
stim,260592,290713,0,290713,3488009.454,-0.681,0.038,0.034,-0.730,0,0,2927,71,3026,2361,2822,2989,47,1.066,1,2286,1,58.658,0.388,18.125,-50.625,-23.438,-0.313,-0.031,1.191,0.379,0.082,0.492,0.086,0.036,1.026,1.322,2,NULL,NULL,,3,0,2,7,255,1205,250,0,0
stim,260592,290713,0,290713,3488014.455,-0.681,0.037,0.031,-0.731,0,0,2934,58,3035,2345,2841,2992,47,1.066,1,2286,0,73.770,1.782,37.250,-60.813,-18.875,-0.426,-0.102,1.449,0.055,1.781,2.137,0.086,0.038,1.026,1.322,3,NULL,NULL,,3,0,2,7,255,1205,250,0,0
stim,260592,290713,0,290713,3488019.454,-0.680,0.037,0.027,-0.732,0,0,2949,0,3051,2297,2863,2994,47,1.066,1,2286,0,89.185,2.407,47.750,-71.688,-23.125,-0.418,0.020,1.738,0.055,2.406,4.750,0.086,0.040,1.026,1.322,3,NULL,NULL,,3,0,2,7,255,1205,250,0,0
stim,260592,290713,0,290713,3488024.455,-0.680,0.034,0.025,-0.732,0,0,2961,0,3055,2260,2869,2995,47,1.066,1,2286,0,78.378,2.496,-13.063,-75.813,-15.000,-0.117,0.203,1.664,0.664,2.406,6.477,0.084,0.044,1.026,1.322,3,NULL,NULL,,3,0,2,7,255,1205,250,0,0
stim,260592,290713,0,290713,3488029.453,-0.680,0.029,0.025,-0.732,0,0,2959,0,3060,2200,2891,2995,47,1.066,1,2286,0,103.392,1.184,-73.438,-72.063,-10.188,-0.023,0.090,1.219,1.082,-0.480,6.477,0.084,0.046,1.026,1.322,3,NULL,NULL,,3,0,2,7,255,1205,250,0,0
stim,260614,290735,0,290735,3488034.455,-0.681,0.025,0.025,-0.732,0,0,2957,0,3063,2125,2911,3004,47,1.066,1,2286,0,98.374,1.184,-52.063,-80.000,23.813,-0.180,-0.027,0.988,1.082,-0.480,2.074,0.084,0.046,1.026,1.322,3,NULL,NULL,,3,0,2,7,255,1205,250,0,0
stim,260614,290735,0,290735,3488039.454,-0.682,0.022,0.023,-0.731,0,0,2957,0,3063,2037,2907,2999,47,1.066,1,2286,0,92.359,1.009,-15.813,-87.688,24.313,-0.270,-0.031,1.023,0.098,1.004,0.383,0.082,0.048,1.026,1.322,3,NULL,NULL,,3,0,2,7,255,1205,250,0,0
stim,260614,290735,0,290735,3488044.455,-0.682,0.019,0.020,-0.731,0,0,2965,0,3087,1930,2927,2999,47,1.066,1,2286,0,92.829,1.930,-3.813,-92.313,9.000,-0.305,-0.164,1.113,0.043,1.930,0.383,0.082,0.050,1.026,1.322,3,NULL,NULL,,3,0,2,7,255,1205,250,0,0
stim,260614,290735,0,290735,3488049.453,-0.683,0.016,0.018,-0.730,0,0,2967,0,3069,1819,2938,2995,47,1.066,1,2286,0,97.916,2.256,1.688,-97.750,5.438,-0.238,-0.215,1.254,-1.168,1.930,1.293,0.078,0.056,1.026,1.322,3,NULL,NULL,,3,0,2,7,255,1205,250,0,0
stim,260614,290735,0,290735,3488054.455,-0.683,0.013,0.015,-0.730,0,0,2949,0,3087,1706,2951,2987,47,1.066,1,2286,0,102.640,2.335,-14.438,-101.500,4.938,-0.203,-0.199,1.227,-1.500,1.789,2.355,0.074,0.064,1.026,1.322,3,NULL,NULL,,3,0,2,7,255,1205,250,0,0
stim,260614,290735,0,290735,3488059.454,-0.683,0.009,0.013,-0.730,0,0,2935,0,3081,1555,2957,2995,47,1.066,1,2286,0,107.498,2.441,-14.938,-106.125,8.375,-0.258,-0.223,1.109,-1.660,1.789,2.355,0.068,0.072,1.026,1.322,3,NULL,NULL,,3,0,2,7,255,1205,250,0,0
stim,260614,290735,0,290735,3488064.455,-0.684,0.005,0.010,-0.730,0,0,2927,0,3087,1386,2966,2981,47,1.066,1,2286,0,111.984,2.386,-3.375,-111.813,5.188,-0.215,-0.141,1.105,-1.500,1.855,1.203,0.060,0.080,1.026,1.322,3,NULL,NULL,,3,0,2,7,255,1205,250,0,0
stim,260614,290735,0,290735,3488069.454,-0.684,0.002,0.007,-0.730,0,0,2918,0,3091,1175,2973,2979,47,1.066,1,2286,0,115.813,2.070,0.188,-115.813,-0.125,-0.152,-0.094,1.102,-0.918,1.855,1.117,0.056,0.086,1.026,1.322,3,NULL,NULL,,3,0,2,7,255,1205,250,0,0
stim,260639,290760,0,290760,3488074.455,-0.684,-0.002,0.003,-0.729,0,0,2909,0,3101,993,2983,2969,47,1.066,1,2286,0,120.501,1.673,6.375,-120.250,4.438,-0.168,-0.098,1.105,-0.531,1.586,1.043,0.052,0.092,1.026,1.322,3,NULL,NULL,,3,0,2,7,255,1205,250,0,0
stim,260639,290760,0,290760,3488079.454,-0.684,-0.005,-0.001,-0.729,0,0,2877,0,3101,741,2987,2968,47,1.066,1,2286,0,126.719,1.664,10.750,-126.250,1.750,-0.180,-0.070,1.172,-0.504,1.586,1.043,0.048,0.100,1.026,1.322,3,NULL,NULL,,3,0,2,7,255,1205,250,0,0
stim,260639,290760,0,290760,3488084.455,-0.685,-0.009,-0.005,-0.729,0,0,2859,0,3097,587,2991,2955,47,1.066,1,2286,0,132.233,1.673,7.500,-132.000,2.313,-0.137,-0.125,1.172,-0.531,1.586,1.688,0.042,0.106,1.026,1.322,3,NULL,NULL,,3,0,2,7,255,1205,250,0,0
stim,260639,290760,0,290760,3488089.453,-0.685,-0.013,-0.009,-0.729,0,0,2847,0,3101,459,2996,2933,47,1.066,1,2286,0,137.630,1.874,13.938,-136.750,6.875,-0.152,-0.094,1.176,-0.461,1.816,1.688,0.038,0.114,1.026,1.322,3,NULL,NULL,,3,0,2,7,255,1205,250,0,0
stim,260658,290779,0,290779,3488094.455,-0.685,-0.017,-0.014,-0.728,0,0,2808,0,3107,233,3000,2927,47,1.066,1,2286,0,143.392,1.761,10.250,-142.875,6.563,-0.129,0.023,1.230,-0.461,1.699,1.688,0.034,0.124,1.026,1.322,3,NULL,NULL,,3,0,2,7,255,1205,250,0,0
stim,260658,290779,0,290779,3488099.453,-0.685,-0.021,-0.019,-0.728,0,0,2758,0,3097,90,3003,2920,47,1.066,1,2286,0,148.561,1.929,14.250,-147.875,-0.625,-0.184,0.105,1.195,0.648,1.816,1.750,0.034,0.132,1.026,1.322,3,NULL,NULL,,3,0,2,7,255,1205,250,0,0
stim,260658,290779,0,290779,3488104.455,-0.685,-0.025,-0.024,-0.728,0,0,2707,0,3103,41,3003,2877,47,1.066,1,2286,0,157.227,2.632,26.875,-154.625,-9.438,-0.156,0.176,1.230,1.480,2.176,2.043,0.036,0.138,1.026,1.322,3,NULL,NULL,,3,0,2,7,255,1205,250,0,0
stim,260658,290779,0,290779,3488109.454,-0.684,-0.029,-0.030,-0.728,0,0,2663,0,3093,1,3005,2846,47,1.066,1,2286,0,162.224,3.039,23.563,-159.813,-14.875,-0.008,0.242,1.418,2.121,2.176,2.043,0.040,0.148,1.026,1.322,3,NULL,NULL,,3,0,2,7,255,1205,250,0,0
stim,260698,290819,0,290819,3488114.455,-0.684,-0.034,-0.035,-0.728,0,0,2601,0,3089,0,3005,2808,47,1.066,1,2286,0,162.914,3.183,4.063,-162.813,-4.063,-0.055,0.230,1.477,2.684,1.711,3.977,0.044,0.156,1.026,1.322,3,NULL,NULL,,3,0,2,7,255,1205,250,0,0
stim,260698,290819,0,290819,3488119.454,-0.684,-0.040,-0.040,-0.727,0,0,2543,0,3080,0,3012,2765,47,1.066,1,2286,0,170.931,3.183,-8.188,-170.625,6.125,-0.195,0.211,1.605,2.684,1.711,4.473,0.048,0.164,1.026,1.322,3,NULL,NULL,,3,0,2,7,255,1205,250,0,0
stim,260698,290819,0,290819,3488124.455,-0.684,-0.046,-0.045,-0.726,0,0,2471,0,3081,0,3005,2717,47,1.066,1,2286,0,179.897,4.358,-8.125,-179.688,3.063,-0.313,0.207,1.871,2.684,3.434,5.551,0.052,0.174,1.026,1.322,3,NULL,NULL,,3,0,2,7,255,1205,250,0,0
stim,260698,290819,0,290819,3488129.453,-0.684,-0.052,-0.050,-0.726,0,0,2395,0,3061,0,3005,2664,47,1.066,1,2286,0,193.501,5.838,-20.938,-192.313,4.500,-0.320,0.207,1.953,2.773,5.137,7.922,0.056,0.184,1.026,1.322,3,NULL,NULL,,3,0,2,7,255,1205,250,0,0
stim,260698,290819,0,290819,3488134.455,-0.684,-0.060,-0.055,-0.725,0,0,2296,0,3052,0,2997,2604,47,1.066,1,2286,0,214.377,6.298,-35.125,-210.625,19.000,-0.379,0.313,2.078,2.848,5.617,8.605,0.058,0.194,1.026,1.322,3,NULL,NULL,,3,0,2,7,255,1205,250,0,0
stim,260698,290819,0,290819,3488139.453,-0.685,-0.069,-0.060,-0.723,0,0,2187,0,3049,3,2991,2524,47,1.066,1,2286,0,241.722,7.796,-62.875,-230.875,34.250,-0.469,0.434,2.117,4.039,6.668,9.570,0.060,0.202,1.026,1.322,3,NULL,NULL,,3,0,2,7,255,1205,250,0,0
stim,260698,290819,0,290819,3488144.455,-0.685,-0.080,-0.064,-0.721,0,0,2075,0,3025,22,2973,2425,47,1.066,1,2286,0,263.681,9.571,-82.313,-248.625,30.625,-0.523,0.523,1.977,5.406,7.898,9.570,0.062,0.212,1.026,1.322,3,NULL,NULL,,3,0,2,7,255,1205,250,0,0
stim,260698,290819,0,290819,3488149.454,-0.685,-0.091,-0.069,-0.720,0,0,1956,0,3005,55,2955,2319,47,1.066,1,2286,0,284.499,10.269,-93.188,-268.313,16.250,-0.441,0.520,1.914,6.414,8.020,7.844,0.064,0.222,1.026,1.322,3,NULL,NULL,,3,0,2,7,255,1205,250,0,0
stim,260722,290844,0,290844,3488154.455,-0.684,-0.103,-0.075,-0.718,0,0,1860,0,2998,63,2927,2194,47,1.066,1,2286,0,303.551,10.269,-93.813,-288.125,18.063,-0.344,0.457,1.941,6.414,8.020,7.457,0.066,0.232,1.026,1.322,3,NULL,NULL,,3,0,2,7,255,1205,250,0,0
stim,260722,290844,0,290844,3488159.454,-0.684,-0.115,-0.081,-0.716,0,0,1757,0,2957,72,2901,2072,47,1.066,1,2286,0,320.680,10.284,-84.500,-307.500,33.750,-0.410,0.500,2.098,6.438,8.020,7.457,0.072,0.246,1.026,1.322,3,NULL,NULL,,3,0,2,7,255,1205,250,0,0
stim,260722,290844,0,290844,3488164.455,-0.684,-0.128,-0.088,-0.713,0,0,1674,0,2937,73,2855,1935,47,1.066,1,2286,0,339.807,11.292,-94.000,-325.000,31.750,-0.590,0.609,2.367,6.699,9.090,8.461,0.082,0.260,1.026,1.322,3,NULL,NULL,,3,0,2,7,255,1205,250,0,0
stim,260722,290844,0,290844,3488169.453,-0.683,-0.142,-0.094,-0.711,0,0,1557,0,2885,72,2798,1823,47,1.066,1,2286,0,359.025,14.568,-109.125,-341.750,14.063,-0.695,0.645,2.578,8.227,12.023,10.020,0.098,0.278,1.026,1.322,3,NULL,NULL,,3,0,2,7,255,1205,250,0,0
stim,260743,290864,0,290864,3488174.455,-0.681,-0.157,-0.101,-0.709,0,0,1485,0,2825,69,2727,1688,47,1.066,1,2286,0,381.469,16.840,-122.625,-361.188,-5.000,-0.684,0.641,2.684,9.035,14.211,11.141,0.120,0.304,1.026,1.322,3,NULL,NULL,,3,0,2,7,255,1205,250,0,0
stim,260743,290864,0,290864,3488179.454,-0.678,-0.173,-0.108,-0.706,0,0,1386,0,2763,51,2627,1557,47,1.066,1,2286,0,408.078,17.601,-147.438,-380.438,-7.563,-0.652,0.516,2.633,9.035,15.105,11.141,0.148,0.334,1.026,1.322,3,NULL,NULL,,3,0,2,7,255,1205,250,0,0
stim,260743,290864,0,290864,3488184.455,-0.675,-0.190,-0.114,-0.704,0,0,1252,0,2696,26,2485,1423,47,1.066,1,2286,0,426.834,17.791,-162.000,-394.875,-4.125,-0.719,0.555,2.496,8.945,15.379,10.719,0.182,0.370,1.026,1.322,3,NULL,NULL,,3,0,2,7,255,1205,250,0,0
stim,260743,290864,0,290864,3488189.454,-0.671,-0.207,-0.121,-0.701,0,0,1087,0,2587,0,2299,1288,47,1.066,1,2286,0,437.894,18.375,-166.250,-404.688,-18.438,-0.773,0.605,2.445,8.945,16.051,8.527,0.220,0.408,1.026,1.322,3,NULL,NULL,,3,0,2,7,255,1205,250,0,0
stim,260743,290864,0,290864,3488194.455,-0.667,-0.225,-0.129,-0.699,0,0,872,0,2455,0,2045,1115,47,1.066,1,2286,0,447.235,19.120,-159.125,-416.250,-37.875,-0.656,0.375,2.535,8.945,16.898,7.938,0.260,0.452,1.026,1.322,3,NULL,NULL,,3,0,2,7,255,1205,250,0,0
stim,260743,290864,0,290864,3488199.453,-0.662,-0.242,-0.136,-0.696,0,0,631,0,2291,0,1751,995,47,1.066,1,2286,0,464.202,18.652,-168.313,-431.438,-31.875,-0.457,-0.074,2.453,7.895,16.898,7.938,0.310,0.500,1.026,1.322,3,NULL,NULL,,3,0,2,7,255,1205,250,0,0
stim,260794,290915,0,290915,3488204.455,-0.657,-0.261,-0.144,-0.692,0,0,397,0,2045,0,1367,867,47,1.066,1,2286,0,483.274,16.471,-181.500,-447.813,-8.688,-0.266,-0.488,2.039,3.730,16.043,7.938,0.364,0.558,1.026,1.322,3,NULL,NULL,,3,0,2,7,255,1205,250,0,0
stim,260794,290915,0,290915,3488209.454,-0.653,-0.280,-0.151,-0.687,0,0,246,0,1751,0,851,723,47,1.066,1,2286,0,485.462,13.441,-166.688,-455.750,13.438,-0.031,-0.551,1.438,-0.723,13.422,5.930,0.426,0.622,1.026,1.322,3,NULL,NULL,,3,0,2,7,255,1205,250,0,0
stim,260794,290915,0,290915,3488214.455,-0.650,-0.296,-0.161,-0.681,0,0,191,0,1399,0,333,545,47,1.066,1,2286,0,470.861,8.997,-91.063,-461.750,14.313,0.152,-0.406,1.105,-1.523,8.867,2.152,0.496,0.692,1.026,1.322,3,NULL,NULL,,3,0,2,7,255,1205,250,0,0
stim,260794,290915,0,290915,3488219.454,-0.648,-0.310,-0.175,-0.673,0,0,109,0,905,0,118,456,47,1.066,1,2286,0,476.689,8.997,24.813,-474.375,39.813,0.027,-0.238,1.434,-1.523,8.867,1.215,0.570,0.768,1.026,1.322,3,NULL,NULL,,3,0,2,7,255,1205,250,0,0
stim,260794,290915,0,290915,3488224.455,-0.649,-0.323,-0.189,-0.663,0,0,85,0,331,0,0,379,47,1.066,1,2286,0,496.660,8.969,78.625,-481.750,91.688,-0.309,0.012,1.988,0.754,8.938,1.215,0.650,0.852,1.026,1.322,3,NULL,NULL,,3,0,2,7,255,1205,250,0,0
stim,260794,290915,0,290915,3488229.454,-0.650,-0.336,-0.203,-0.651,0,0,67,0,0,0,0,269,47,1.066,1,2286,0,516.741,15.590,61.813,-494.000,138.438,-0.652,-0.023,2.219,3.715,15.141,1.215,0.736,0.938,1.026,1.322,3,NULL,NULL,,3,0,2,7,255,1205,250,0,0
stim,260794,290915,0,290915,3488234.455,-0.650,-0.352,-0.213,-0.639,0,0,10,0,0,0,0,221,47,1.066,1,2286,0,508.973,18.534,-22.000,-484.438,154.563,-0.703,0.391,1.934,4.031,18.090,0.691,0.822,1.026,1.026,1.322,4,NULL,NULL,,3,0,2,7,255,1205,250,0,0
stim,260794,290915,0,290915,3488239.453,-0.647,-0.369,-0.220,-0.630,0,0,21,0,0,0,0,158,47,1.066,1,2286,0,476.845,19.352,-126.500,-446.438,109.875,-0.371,1.102,1.297,6.875,18.090,-3.191,0.906,1.112,1.026,1.322,4,NULL,NULL,,3,0,2,7,255,1205,250,0,0
stim,260794,290915,0,290915,3488244.455,-0.643,-0.387,-0.224,-0.622,1,0,13,0,0,0,0,65,47,1.066,1,2286,0,457.896,16.749,-208.500,-395.625,98.375,-0.281,1.492,0.832,12.695,10.926,-6.973,0.986,1.194,1.026,1.322,0,NULL,NULL,,3,0,2,7,255,1205,250,0,0
stim,260794,290915,0,290915,3488249.453,-0.640,-0.406,-0.221,-0.614,0,0,17,0,0,0,0,42,47,1.066,1,2286,0,493.218,14.686,-317.938,-329.125,184.000,-0.750,1.512,0.055,13.137,6.566,-10.555,1.056,1.266,1.026,1.322,0,NULL,NULL,,3,0,2,7,255,1205,250,0,0
stim,260816,290937,0,290937,3488254.455,-0.637,-0.422,-0.217,-0.607,0,0,23,0,0,0,0,39,47,1.066,1,2286,0,419.981,13.525,-282.000,-259.625,171.625,-0.789,1.555,-0.781,13.137,3.219,-19.207,1.118,1.332,1.026,1.322,0,NULL,NULL,,3,0,2,7,255,1205,250,0,0
stim,260816,290937,0,290937,3488259.454,-0.636,-0.429,-0.220,-0.603,0,0,20,0,0,0,0,29,47,1.066,1,2286,0,207.642,11.059,-49.688,-194.688,52.375,-0.680,0.371,-0.426,11.059,-0.023,-19.207,1.176,1.392,1.026,1.322,0,NULL,NULL,,3,0,2,7,255,1205,250,0,0
stim,260816,290937,0,290937,3488264.455,-0.636,-0.429,-0.228,-0.599,0,0,17,0,0,0,0,33,47,1.066,1,2286,0,199.575,1.071,146.375,-133.000,-26.750,-0.609,-1.020,0.914,1.070,-0.023,-18.395,1.230,1.448,1.026,1.322,0,NULL,NULL,,3,0,2,7,255,1205,250,0,0
stim,260816,290937,0,290937,3488269.453,-0.637,-0.427,-0.234,-0.597,0,0,17,0,0,0,0,39,47,1.066,1,2286,0,140.771,13.703,112.875,-79.813,-26.563,-0.703,-1.164,2.148,-7.070,11.738,-7.070,1.288,1.508,1.026,1.322,0,NULL,NULL,,3,0,2,7,255,1205,250,0,0
stim,260842,290963,0,290963,3488274.455,-0.636,-0.430,-0.233,-0.598,0,0,8,0,0,0,0,39,47,1.066,1,2286,0,68.951,22.777,-65.500,-20.938,-5.063,-0.848,-0.309,2.078,-7.070,21.652,-5.188,1.354,1.576,1.026,1.322,0,NULL,NULL,,3,0,2,7,255,1205,250,0,0
stim,260842,290963,0,290963,3488279.453,-0.632,-0.434,-0.227,-0.600,0,0,10,0,0,0,0,43,47,1.066,1,2286,0,196.501,21.661,-192.375,40.000,-2.125,-0.910,0.695,0.973,0.605,21.652,-5.188,1.428,1.652,1.026,1.322,0,NULL,NULL,,3,0,2,7,255,1205,250,0,0
stim,260842,290963,0,290963,3488284.455,-0.630,-0.436,-0.220,-0.604,0,0,16,0,0,0,0,38,47,1.066,1,2286,0,181.743,13.995,-158.250,88.188,-14.500,-0.895,1.207,0.137,7.336,11.918,-14.137,1.504,1.730,1.026,1.322,0,NULL,NULL,,3,0,2,7,255,1205,250,0,0
stim,260842,290963,0,290963,3488289.454,-0.629,-0.434,-0.217,-0.608,0,0,12,0,0,0,0,35,47,1.066,1,2286,0,136.657,11.197,-50.563,119.500,-42.875,-0.895,1.164,0.234,9.895,5.242,-19.047,1.578,1.806,1.026,1.322,0,NULL,NULL,,3,0,2,7,255,1205,250,0,0
stim,260861,290982,0,290982,3488294.455,-0.628,-0.430,-0.214,-0.613,0,0,9,0,0,0,0,31,47,1.066,1,2286,0,164.832,11.197,-15.000,145.625,-75.750,-0.785,0.660,0.844,9.895,5.242,-19.047,1.648,1.878,1.026,1.322,0,NULL,NULL,,3,0,2,7,255,1205,250,0,0
stim,260861,290982,0,290982,3488299.454,-0.625,-0.426,-0.209,-0.619,0,0,9,0,0,0,0,38,47,1.066,1,2286,0,201.044,12.394,-72.188,167.313,-84.938,-0.559,0.230,1.047,7.203,10.086,-13.434,1.712,1.944,1.026,1.322,0,NULL,NULL,,3,0,2,7,255,1205,250,0,0
stim,260894,291015,0,291015,3488304.455,-0.622,-0.425,-0.202,-0.626,0,0,9,0,0,0,0,43,47,1.066,1,2286,0,235.843,10.963,-138.125,180.375,-63.313,-0.422,0.180,0.730,4.297,10.086,-9.641,1.772,2.004,1.026,1.322,0,NULL,NULL,,3,0,2,7,255,1205,250,0,0
stim,260894,291015,0,291015,3488309.454,-0.620,-0.423,-0.193,-0.632,0,0,10,0,0,0,0,77,47,1.066,1,2286,0,245.285,8.391,-154.813,186.125,-39.438,-0.402,0.328,0.262,3.273,7.727,-9.641,1.826,2.062,1.026,1.322,0,NULL,NULL,,3,0,2,7,255,1205,250,0,0
stim,260894,291015,0,291015,3488314.455,-0.618,-0.421,-0.185,-0.637,0,0,8,0,0,0,0,96,47,1.066,1,2286,0,231.484,4.978,-131.438,188.063,-30.688,-0.402,0.395,-0.020,3.246,3.773,-12.406,1.880,2.118,1.026,1.322,0,NULL,NULL,,3,0,2,7,255,1205,250,0,0
stim,260894,291015,0,291015,3488319.454,-0.617,-0.419,-0.178,-0.642,0,0,11,0,0,0,0,99,47,1.066,1,2286,0,217.010,3.391,-102.188,189.188,-29.313,-0.305,0.301,-0.141,3.008,1.566,-13.773,1.936,2.174,1.026,1.322,0,NULL,NULL,,3,0,2,7,255,1205,250,0,0
stim,260894,291015,0,291015,3488324.455,-0.616,-0.415,-0.171,-0.647,0,0,8,0,0,0,0,103,47,1.066,1,2286,0,207.230,1.861,-79.875,190.563,-15.813,-0.156,0.215,-0.203,1.840,0.281,-13.773,1.990,2.230,1.026,1.322,0,NULL,NULL,,3,0,2,7,255,1205,250,0,0
stim,260894,291015,0,291015,3488329.454,-0.617,-0.411,-0.164,-0.651,0,0,7,0,0,0,0,104,47,1.066,1,2286,0,199.947,1.374,-56.813,191.500,8.875,-0.090,0.234,-0.285,1.008,-0.934,-12.867,2.034,2.278,1.026,1.322,0,NULL,NULL,,3,0,2,7,255,1205,250,0,0
stim,260913,291034,0,291034,3488334.455,-0.618,-0.407,-0.158,-0.654,0,0,6,0,0,0,0,99,47,1.066,1,2286,0,195.272,2.138,-23.375,191.250,31.750,-0.109,0.215,-0.313,0.938,-1.922,-12.867,2.068,2.314,1.026,1.322,0,NULL,NULL,,3,0,2,7,255,1205,250,0,0
stim,260913,291034,0,291034,3488339.453,-0.621,-0.401,-0.152,-0.656,0,0,7,0,0,0,0,94,47,1.066,1,2286,0,197.359,2.028,14.188,191.000,47.625,-0.152,0.129,-0.230,0.648,-1.922,-12.867,2.092,2.340,1.026,1.322,0,NULL,NULL,,3,0,2,7,255,1205,250,0,0
stim,260913,291034,0,291034,3488344.455,-0.624,-0.395,-0.147,-0.658,0,0,5,0,0,0,0,91,47,1.066,1,2286,0,205.928,0.853,43.750,192.688,58.000,-0.184,0.078,-0.066,0.219,-0.824,-12.684,2.112,2.360,1.026,1.322,0,NULL,NULL,,3,0,2,7,255,1205,250,0,0
stim,260913,291034,0,291034,3488349.453,-0.629,-0.388,-0.143,-0.659,0,0,6,0,0,0,0,85,47,1.066,1,2286,0,217.347,0.651,61.938,197.500,66.313,-0.195,0.125,0.094,0.219,0.613,-11.742,2.130,2.378,1.026,1.322,0,NULL,NULL,,3,0,2,7,255,1205,250,0,0
stim,260913,291034,0,291034,3488354.455,-0.633,-0.380,-0.138,-0.660,0,0,6,0,0,0,0,87,47,1.066,1,2286,0,230.888,2.079,74.313,205.875,73.500,-0.223,0.207,0.227,1.215,1.688,-10.953,2.144,2.396,1.026,1.322,0,NULL,NULL,,3,0,2,7,255,1205,250,0,0
stim,260913,291034,0,291034,3488359.454,-0.638,-0.372,-0.133,-0.661,0,0,6,0,0,0,0,75,47,1.066,1,2286,0,245.591,3.550,84.063,217.375,77.438,-0.305,0.238,0.371,2.391,2.625,-10.465,2.156,2.410,1.026,1.322,0,NULL,NULL,,3,0,2,7,255,1205,250,0,0
stim,260913,291034,0,291034,3488364.455,-0.642,-0.363,-0.128,-0.663,0,0,6,0,0,0,0,72,47,1.066,1,2286,0,258.153,5.144,88.625,230.875,74.063,-0.430,0.219,0.539,3.094,4.109,-10.066,2.166,2.422,1.026,1.322,0,NULL,NULL,,3,0,2,7,255,1205,250,0,0
stim,260913,291034,0,291034,3488369.454,-0.647,-0.354,-0.123,-0.665,0,0,4,0,0,0,0,63,47,1.066,1,2286,0,267.116,6.991,85.813,244.938,63.188,-0.543,0.184,0.715,3.363,6.129,-9.523,2.172,2.432,1.026,1.322,0,NULL,NULL,,3,0,2,7,255,1205,250,0,0
stim,260947,291068,0,291068,3488374.455,-0.650,-0.344,-0.117,-0.667,0,0,3,0,0,0,0,60,47,1.066,1,2286,0,273.807,8.825,75.563,258.875,47.375,-0.602,0.180,0.871,3.527,8.090,-8.738,2.178,2.438,1.026,1.322,0,NULL,NULL,,3,0,2,7,255,1205,250,0,0
stim,260947,291068,0,291068,3488379.453,-0.653,-0.335,-0.111,-0.670,0,0,3,0,0,0,0,53,47,1.066,1,2286,0,280.842,10.245,59.000,272.938,29.938,-0.613,0.191,0.969,3.949,9.453,-7.777,2.184,2.446,1.026,1.322,0,NULL,NULL,,3,0,2,7,255,1205,250,0,0
stim,260947,291068,0,291068,3488384.455,-0.655,-0.325,-0.104,-0.674,0,0,3,0,0,0,0,57,47,1.066,1,2286,0,289.534,10.829,40.500,286.375,13.375,-0.590,0.188,0.996,4.383,9.902,-6.902,2.192,2.456,1.026,1.322,0,NULL,NULL,,3,0,2,7,255,1205,250,0,0
stim,260947,291068,0,291068,3488389.453,-0.657,-0.316,-0.096,-0.678,0,0,3,0,0,0,0,48,47,1.066,1,2286,0,299.779,10.829,24.750,298.750,-1.875,-0.559,0.164,0.965,4.383,9.902,-6.293,2.200,2.466,1.026,1.322,0,NULL,NULL,,3,0,2,7,255,1205,250,0,0
stim,260948,291069,0,291069,3488394.455,-0.657,-0.306,-0.088,-0.683,0,0,2,0,0,0,0,51,47,1.066,1,2286,0,310.369,10.290,15.938,309.500,-16.875,-0.520,0.133,0.902,4.215,9.387,-6.027,2.210,2.478,1.026,1.322,0,NULL,NULL,,3,0,2,7,255,1205,250,0,0
stim,260948,291069,0,291069,3488399.454,-0.657,-0.296,-0.080,-0.689,0,0,4,0,0,0,0,59,47,1.066,1,2286,0,320.329,9.451,14.000,318.375,-32.438,-0.430,0.098,0.828,3.793,8.656,-5.965,2.224,2.494,1.026,1.322,0,NULL,NULL,,3,0,2,7,255,1205,250,0,0
stim,260966,291087,0,291087,3488404.455,-0.657,-0.285,-0.072,-0.694,0,0,3,0,0,0,0,71,47,1.066,1,2286,0,328.878,8.147,17.688,325.313,-44.938,-0.270,0.047,0.727,3.352,7.426,-5.758,2.242,2.514,1.026,1.322,0,NULL,NULL,,3,0,2,7,255,1205,250,0,0
stim,260966,291087,0,291087,3488409.454,-0.657,-0.274,-0.064,-0.700,0,0,2,0,0,0,0,74,47,1.066,1,2286,0,333.521,6.121,30.625,328.938,-45.813,-0.160,0.000,0.625,2.621,5.531,-5.449,2.266,2.540,1.026,1.322,0,NULL,NULL,,3,0,2,7,255,1205,250,0,0
stim,260997,291118,0,291118,3488414.455,-0.656,-0.263,-0.057,-0.705,0,0,3,0,0,0,0,77,47,1.066,1,2286,0,335.574,4.630,53.688,328.563,-42.125,-0.141,0.039,0.609,2.199,4.074,-5.449,2.294,2.570,1.026,1.322,0,NULL,NULL,,3,0,2,7,255,1205,250,0,0
stim,260997,291118,0,291118,3488419.454,-0.656,-0.250,-0.051,-0.710,0,0,3,0,0,0,0,83,47,1.066,1,2286,0,338.343,4.243,78.313,326.375,-42.688,-0.109,0.074,0.656,2.199,3.629,-5.449,2.328,2.606,1.026,1.322,0,NULL,NULL,,3,0,2,7,255,1205,250,0,0
stim,260997,291118,0,291118,3488424.455,-0.657,-0.237,-0.045,-0.715,0,0,6,0,0,0,0,80,47,1.066,1,2286,0,341.728,4.272,100.438,323.750,-43.313,-0.063,0.105,0.676,2.645,3.355,-4.945,2.368,2.646,1.026,1.322,0,NULL,NULL,,3,0,2,7,255,1205,250,0,0
stim,260997,291118,0,291118,3488429.454,-0.657,-0.223,-0.041,-0.719,0,0,5,0,0,0,0,82,47,1.066,1,2286,0,347.663,4.221,129.063,319.875,-43.500,-0.090,0.145,0.719,2.961,3.008,-4.539,2.412,2.694,1.026,1.322,0,NULL,NULL,,3,0,2,7,255,1205,250,0,0
stim,260997,291118,0,291118,3488434.455,-0.657,-0.209,-0.037,-0.723,0,0,6,0,0,0,0,81,47,1.066,1,2286,0,353.374,4.303,149.250,317.375,-43.250,0.012,0.098,0.879,3.270,2.797,-4.254,2.462,2.744,1.026,1.322,0,NULL,NULL,,3,0,2,7,255,1205,250,0,0
stim,260997,291118,0,291118,3488439.454,-0.658,-0.195,-0.033,-0.727,0,0,5,0,0,0,0,84,47,1.066,1,2286,0,353.880,4.203,158.563,315.188,-27.313,0.039,0.098,0.988,3.398,2.473,-2.227,2.512,2.796,1.026,1.322,0,NULL,NULL,,3,0,2,7,255,1205,250,0,0
stim,260997,291118,0,291118,3488444.455,-0.659,-0.180,-0.030,-0.730,0,0,3,0,0,0,0,77,47,1.066,1,2286,0,354.183,4.215,165.500,312.938,-11.188,0.016,0.125,1.141,3.414,2.473,-1.051,2.562,2.850,1.026,1.322,0,NULL,NULL,,3,0,2,7,255,1205,250,0,0
stim,260997,291118,0,291118,3488449.453,-0.660,-0.165,-0.026,-0.732,0,0,1,0,0,0,0,74,47,1.066,1,2286,0,351.241,4.767,163.125,311.063,-0.625,-0.070,0.180,1.277,3.910,2.727,0.324,2.614,2.902,1.026,1.322,0,NULL,NULL,,3,0,2,7,255,1205,250,0,0
stim,261022,291143,0,291143,3488454.455,-0.661,-0.151,-0.022,-0.735,0,0,0,0,0,0,0,73,47,1.066,1,2286,0,349.493,5.830,163.188,309.000,-5.875,-0.168,0.258,1.336,4.660,3.504,1.371,2.658,2.948,1.026,1.322,0,NULL,NULL,,3,0,2,7,255,1205,250,0,0
stim,261022,291143,0,291143,3488459.454,-0.662,-0.136,-0.019,-0.737,0,0,0,0,0,0,0,76,47,1.066,1,2286,0,349.761,6.110,166.563,307.250,-13.688,-0.129,0.188,1.461,4.762,3.828,1.684,2.698,2.992,1.026,1.322,0,NULL,NULL,,3,0,2,7,255,1205,250,0,0
stim,261022,291143,0,291143,3488464.455,-0.662,-0.121,-0.015,-0.739,0,0,4,0,0,0,0,76,47,1.066,1,2286,0,346.889,6.110,161.688,306.688,-11.500,-0.121,0.172,1.602,4.762,3.828,3.273,2.732,3.028,1.026,1.322,0,NULL,NULL,,3,0,2,7,255,1205,250,0,0
stim,261022,291143,0,291143,3488469.454,-0.662,-0.107,-0.011,-0.741,0,0,9,0,0,0,0,83,47,1.066,1,2286,0,340.628,6.085,145.875,307.563,-12.375,-0.164,0.203,1.672,4.762,3.789,4.813,2.764,3.062,1.026,1.322,0,NULL,NULL,,3,0,2,7,255,1205,250,0,0
stim,261042,291163,0,291163,3488474.455,-0.662,-0.094,-0.007,-0.744,0,0,8,0,0,0,0,77,47,1.066,1,2286,0,335.011,6.038,130.063,308.125,-19.375,-0.188,0.215,1.668,4.781,3.688,5.551,2.792,3.092,1.026,1.322,0,NULL,NULL,,3,0,2,7,255,1205,250,0,0
stim,261042,291163,0,291163,3488479.453,-0.661,-0.080,-0.002,-0.746,0,0,11,0,0,0,0,77,47,1.066,1,2286,0,331.730,5.981,122.563,307.313,-24.125,-0.168,0.180,1.648,4.781,3.594,5.609,2.818,3.118,1.026,1.322,0,NULL,NULL,,3,0,2,7,255,1205,250,0,0
stim,261042,291163,0,291163,3488484.455,-0.661,-0.067,0.003,-0.748,0,0,9,0,0,0,0,84,47,1.066,1,2286,0,329.004,5.174,120.000,305.313,-25.063,-0.156,0.160,1.672,4.195,3.027,5.660,2.838,3.142,1.026,1.322,0,NULL,NULL,,3,0,2,7,255,1205,250,0,0
stim,261042,291163,0,291163,3488489.453,-0.660,-0.053,0.008,-0.750,0,0,12,0,0,0,0,87,47,1.066,1,2286,0,325.238,4.641,114.125,303.375,-26.813,-0.160,0.184,1.680,3.867,2.566,6.035,2.858,3.164,1.026,1.322,0,NULL,NULL,,3,0,2,7,255,1205,250,0,0
stim,261042,291163,0,291163,3488494.455,-0.659,-0.040,0.012,-0.751,0,0,18,0,0,0,0,93,47,1.066,1,2286,0,321.794,4.394,111.438,300.438,-29.500,-0.148,0.172,1.648,3.828,2.156,6.035,2.878,3.184,1.026,1.322,0,NULL,NULL,,3,0,2,7,255,1205,250,0,0
stim,261042,291163,0,291163,3488499.454,-0.657,-0.027,0.017,-0.753,0,0,18,0,0,0,0,95,47,1.066,1,2286,0,319.825,3.890,115.938,296.500,-30.563,-0.133,0.141,1.625,3.520,1.656,6.016,2.896,3.204,1.026,1.322,0,NULL,NULL,,3,0,2,7,255,1205,250,0,0
stim,261093,291214,0,291214,3488504.455,-0.656,-0.014,0.021,-0.755,0,0,13,0,0,0,0,95,47,1.066,1,2286,0,319.631,3.130,125.938,292.188,-30.500,-0.117,0.141,1.648,2.926,1.113,6.016,2.918,3.226,1.026,1.322,0,NULL,NULL,,3,0,2,7,255,1205,250,0,0
stim,261093,291214,0,291214,3488509.454,-0.654,-0.000,0.025,-0.756,0,0,19,0,0,0,0,91,47,1.066,1,2286,0,320.905,2.774,137.125,288.438,-31.313,-0.102,0.164,1.707,2.711,0.586,6.191,2.940,3.252,1.026,1.322,0,NULL,NULL,,3,0,2,7,255,1205,250,0,0
stim,261093,291214,0,291214,3488514.455,-0.652,0.013,0.028,-0.757,0,0,19,0,0,0,0,91,47,1.066,1,2286,0,323.664,2.703,149.250,285.375,-32.313,-0.066,0.172,1.785,2.703,0.000,6.805,2.966,3.278,1.026,1.322,0,NULL,NULL,,3,0,2,7,255,1205,250,0,0
stim,261093,291214,0,291214,3488519.454,-0.651,0.027,0.030,-0.758,0,0,17,0,0,0,0,87,47,1.066,1,2286,0,328.316,2.592,162.000,283.688,-32.688,-0.008,0.148,1.875,2.465,-0.801,7.582,2.992,3.306,1.026,1.322,0,NULL,NULL,,3,0,2,7,255,1205,250,0,0
stim,261093,291214,0,291214,3488524.455,-0.649,0.042,0.032,-0.759,0,0,19,0,0,0,0,87,47,1.066,1,2286,0,333.567,2.600,173.625,283.188,-30.438,0.055,0.125,1.965,1.887,-1.789,8.422,3.018,3.334,1.026,1.322,0,NULL,NULL,,3,0,2,7,255,1205,250,0,0
stim,261093,291214,0,291214,3488529.453,-0.647,0.056,0.034,-0.760,0,0,21,0,0,0,0,83,47,1.066,1,2286,0,338.279,3.093,182.125,283.750,-27.375,0.129,0.148,2.043,1.207,-2.848,9.258,3.046,3.364,1.026,1.322,0,NULL,NULL,,3,0,2,7,255,1205,250,0,0
stim,261093,291214,0,291214,3488534.455,-0.645,0.071,0.036,-0.760,0,0,21,0,0,0,0,77,47,1.066,1,2286,0,343.829,4.237,191.250,284.563,-25.813,0.250,0.168,2.102,0.934,-4.133,9.875,3.074,3.394,1.026,1.322,0,NULL,NULL,,3,0,2,7,255,1205,250,0,0
stim,261093,291214,0,291214,3488539.454,-0.642,0.086,0.037,-0.761,0,0,25,0,0,0,0,82,47,1.066,1,2286,0,351.686,5.862,203.938,285.563,-23.375,0.430,0.160,2.180,0.504,-5.840,10.184,3.100,3.422,1.026,1.322,0,NULL,NULL,,3,0,2,7,255,1205,250,0,0
stim,261093,291214,0,291214,3488544.455,-0.640,0.101,0.038,-0.761,0,0,22,0,0,0,0,83,47,1.066,1,2286,0,360.031,8.104,216.625,287.063,-17.063,0.613,0.133,2.281,-0.328,-8.098,10.488,3.126,3.448,1.026,1.322,0,NULL,NULL,,3,0,2,7,255,1205,250,0,0
stim,261093,291214,0,291214,3488549.453,-0.638,0.117,0.039,-0.760,0,0,25,0,0,0,0,85,47,1.066,1,2286,0,366.247,10.520,224.875,289.000,-6.875,0.773,0.102,2.387,-1.461,-10.418,10.891,3.148,3.470,1.026,1.322,0,NULL,NULL,,3,0,2,7,255,1205,250,0,0
stim,261116,291237,0,291237,3488554.455,-0.636,0.133,0.039,-0.759,0,0,27,0,0,0,0,91,47,1.066,1,2286,0,370.226,12.824,228.750,291.063,4.813,0.918,0.086,2.469,-2.613,-12.555,11.254,3.162,3.488,1.026,1.322,0,NULL,NULL,,3,0,2,7,255,1205,250,0,0
stim,261116,291237,0,291237,3488559.454,-0.634,0.149,0.040,-0.757,0,0,25,0,0,0,0,87,47,1.066,1,2286,0,374.001,14.939,231.063,293.688,15.313,1.035,0.102,2.535,-3.594,-14.500,11.254,3.174,3.502,1.026,1.322,0,NULL,NULL,,3,0,2,7,255,1205,250,0,0
stim,261116,291237,0,291237,3488564.455,-0.633,0.165,0.040,-0.755,0,0,25,0,0,0,0,93,47,1.066,1,2286,0,377.072,16.782,231.625,296.625,23.375,1.125,0.125,2.605,-4.266,-16.230,11.219,3.182,3.510,1.026,1.322,0,NULL,NULL,,3,0,2,7,255,1205,250,0,0
stim,261116,291237,0,291237,3488569.454,-0.631,0.182,0.041,-0.753,0,0,28,0,0,0,0,99,47,1.066,1,2286,0,374.306,18.387,223.625,298.438,32.125,1.129,0.125,2.660,-4.813,-17.746,11.160,3.186,3.516,1.026,1.322,0,NULL,NULL,,3,0,2,7,255,1205,250,0,0
stim,261140,291261,0,291261,3488574.455,-0.630,0.197,0.042,-0.750,0,0,27,0,0,0,0,115,47,1.066,1,2286,0,364.972,19.184,210.875,294.813,42.688,1.090,0.168,2.746,-5.422,-18.402,11.160,3.184,3.516,1.026,1.322,0,NULL,NULL,,3,0,2,7,255,1205,250,0,0
stim,261140,291261,0,291261,3488579.453,-0.629,0.212,0.044,-0.747,0,0,25,0,0,0,0,123,47,1.066,1,2286,0,344.509,19.627,182.250,289.563,40.313,1.098,0.254,2.746,-5.422,-18.863,11.160,3.174,3.506,1.026,1.322,0,NULL,NULL,,3,0,2,7,255,1205,250,0,0
stim,261140,291261,0,291261,3488584.455,-0.628,0.225,0.046,-0.744,0,0,31,0,0,0,0,138,47,1.066,1,2286,0,321.999,20.256,153.875,280.688,34.938,1.254,0.293,2.668,-5.211,-19.574,11.160,3.158,3.492,1.026,1.322,0,NULL,NULL,,3,0,2,7,255,1205,250,0,0
stim,261140,291261,0,291261,3488589.453,-0.627,0.237,0.049,-0.740,0,0,29,0,0,0,0,150,47,1.066,1,2286,0,300.650,21.842,130.188,268.438,37.188,1.465,0.191,2.516,-5.211,-21.211,9.426,3.134,3.470,1.026,1.322,0,NULL,NULL,,3,0,2,7,255,1205,250,0,0
stim,261162,291283,0,291283,3488594.455,-0.626,0.249,0.052,-0.737,0,0,26,0,0,0,0,153,47,1.066,1,2286,0,280.116,23.563,108.875,253.313,49.438,1.625,-0.035,2.293,-6.164,-22.742,6.520,3.102,3.440,1.026,1.322,0,NULL,NULL,,3,0,2,7,255,1205,250,0,0
stim,261162,291283,0,291283,3488599.454,-0.627,0.259,0.055,-0.733,0,0,28,0,0,0,0,167,47,1.066,1,2286,0,261.316,24.102,92.625,236.188,62.625,1.727,-0.270,1.973,-7.980,-22.742,2.945,3.064,3.402,1.026,1.322,0,NULL,NULL,,3,0,2,7,255,1205,250,0,0
stim,261192,291313,0,291313,3488604.455,-0.627,0.269,0.057,-0.729,0,0,23,0,0,0,0,168,47,1.066,1,2286,0,247.550,24.459,93.750,217.813,71.063,1.844,-0.430,1.625,-9.414,-22.574,-1.246,3.012,3.352,1.026,1.322,0,NULL,NULL,,3,0,2,7,255,1205,250,0,0
stim,261192,291313,0,291313,3488609.454,-0.627,0.279,0.058,-0.725,0,0,25,0,0,0,0,169,47,1.066,1,2286,0,245.642,23.955,119.875,201.000,74.625,1.930,-0.379,1.324,-9.414,-22.027,-5.520,2.954,3.294,1.026,1.322,0,NULL,NULL,,3,0,2,7,255,1205,250,0,0
stim,261192,291313,0,291313,3488614.455,-0.628,0.289,0.057,-0.721,0,0,26,0,0,0,0,179,47,1.066,1,2286,0,254.478,24.188,157.188,179.063,89.375,2.211,-0.633,1.375,-9.992,-22.027,-8.766,2.888,3.230,1.026,1.322,0,NULL,NULL,,3,0,2,7,255,1205,250,0,0
stim,261192,291313,0,291313,3488619.454,-0.628,0.299,0.055,-0.716,0,0,27,0,0,0,0,205,47,1.066,1,2286,0,256.549,26.332,162.125,163.250,113.500,2.281,-0.871,1.469,-11.191,-23.836,-10.727,2.816,3.158,1.026,1.322,0,NULL,NULL,,3,0,2,7,255,1205,250,0,0
stim,261192,291313,0,291313,3488624.455,-0.629,0.308,0.053,-0.711,0,0,28,0,0,0,0,217,47,1.066,1,2286,0,246.792,27.121,161.938,147.313,113.938,2.176,-0.844,1.395,-12.938,-23.836,-11.391,2.736,3.078,1.026,1.322,0,NULL,NULL,,3,0,2,7,255,1205,250,0,0
stim,261192,291313,0,291313,3488629.453,-0.629,0.318,0.050,-0.707,0,0,25,0,0,0,0,231,47,1.066,1,2286,0,242.585,27.675,178.938,131.938,97.063,2.340,-0.777,1.340,-12.938,-24.465,-11.879,2.650,2.992,1.026,1.322,0,NULL,NULL,,3,0,2,7,255,1205,250,0,0
stim,261215,291336,0,291336,3488634.455,-0.629,0.327,0.046,-0.704,0,0,26,0,0,0,0,239,47,1.066,1,2286,0,247.009,27.803,195.125,115.000,98.563,2.547,-0.930,1.453,-12.938,-24.609,-13.352,2.556,2.898,1.026,1.322,0,NULL,NULL,,3,0,2,7,255,1205,250,0,0
stim,261215,291336,0,291336,3488639.454,-0.630,0.335,0.041,-0.699,0,0,23,0,0,0,0,252,47,1.066,1,2286,0,242.251,29.889,188.875,96.250,117.250,2.641,-1.203,1.605,-13.719,-26.555,-14.398,2.456,2.798,1.026,1.322,0,NULL,NULL,,3,0,2,7,255,1205,250,0,0
stim,261215,291336,0,291336,3488644.455,-0.631,0.342,0.036,-0.695,0,0,25,0,0,0,0,265,47,1.066,1,2286,0,228.646,31.313,166.125,73.688,138.750,2.508,-1.391,1.664,-16.594,-26.555,-14.922,2.352,2.692,1.026,1.322,0,NULL,NULL,,3,0,2,7,255,1205,250,0,0
stim,261215,291336,0,291336,3488649.453,-0.633,0.348,0.031,-0.691,0,0,23,0,0,0,0,286,47,1.066,1,2286,0,206.167,32.201,156.625,47.813,125.250,2.164,-1.391,1.727,-18.328,-26.477,-14.922,2.244,2.584,1.026,1.322,0,NULL,NULL,,3,0,2,7,255,1205,250,0,0
stim,261215,291336,0,291336,3488654.455,-0.633,0.354,0.025,-0.688,0,0,27,0,0,0,0,295,47,1.066,1,2286,0,188.683,30.332,166.188,20.875,86.875,1.988,-1.316,1.887,-18.578,-23.977,-13.008,2.136,2.474,1.026,1.322,0,NULL,NULL,,3,0,2,7,255,1205,250,0,0
stim,261215,291336,0,291336,3488659.454,-0.632,0.358,0.019,-0.687,0,0,30,0,0,0,0,299,47,1.066,1,2286,0,165.554,30.332,155.125,-11.438,56.688,1.977,-1.051,2.375,-18.578,-23.977,-10.895,2.028,2.364,1.026,1.322,0,NULL,NULL,,3,0,2,7,255,1205,250,0,0
stim,261215,291336,0,291336,3488664.455,-0.632,0.360,0.015,-0.686,0,0,26,0,0,0,0,303,47,1.066,1,2286,0,116.467,31.837,100.750,-40.813,41.813,1.727,-0.738,2.695,-18.473,-25.930,-6.398,1.916,2.252,1.026,1.322,0,NULL,NULL,,3,0,2,7,255,1205,250,0,0
stim,261215,291336,0,291336,3488669.454,-0.632,0.358,0.012,-0.687,0,0,18,0,0,0,0,345,47,1.066,1,2286,0,75.191,31.224,30.563,-66.563,17.000,1.566,-0.633,2.613,-17.395,-25.930,-1.559,1.802,2.136,1.026,1.322,0,NULL,NULL,,3,0,2,7,255,1205,250,0,0
stim,261243,291364,0,291364,3488674.455,-0.632,0.356,0.008,-0.688,0,0,10,8,0,0,0,470,47,1.066,1,2286,0,98.463,29.888,8.250,-96.875,15.563,0.848,-0.824,2.859,-17.395,-24.305,-0.836,1.684,2.016,1.026,1.322,0,NULL,NULL,,3,0,2,7,255,1205,250,0,0
stim,261243,291364,0,291364,3488679.453,-0.637,0.360,-0.016,-0.681,341,0,10,553,0,38,0,551,47,1.066,1,2286,0,606.338,31.158,405.125,-259.625,368.938,-0.023,0.367,6.512,-19.496,-24.305,3.988,1.560,1.890,1.026,1.322,0,NULL,NULL,,3,0,2,7,255,1205,250,0,0
stim,261243,291364,0,291364,3488684.455,-0.651,0.347,-0.016,-0.674,944,0,1,1195,0,229,0,589,47,1.066,1,2286,0,458.524,29.067,-301.125,-131.938,319.625,-1.016,2.035,6.457,-19.496,-21.559,40.141,1.426,1.756,1.026,1.322,0,NULL,NULL,,3,0,2,7,255,1205,250,0,0
stim,261243,291364,0,291364,3488689.453,-0.672,0.315,0.008,-0.670,1434,0,0,1575,0,499,0,667,47,1.066,1,2286,0,1037.633,24.979,-1013.438,-106.688,195.563,-1.289,3.121,2.184,-12.617,-21.559,40.141,1.286,1.612,1.026,1.322,0,NULL,NULL,,3,0,2,7,255,1205,250,0,0
stim,261244,291365,0,291365,3488694.455,-0.686,0.284,0.032,-0.669,1837,0,0,1823,0,711,0,760,48,1.066,1,2287,0,948.525,18.535,-941.688,-100.375,53.375,-1.414,2.543,-1.617,18.523,-0.660,24.961,1.138,1.458,1.026,1.322,1,1199.000,-6.000,,3,0,2,7,255,1205,250,0,0
stim,261244,291365,0,291365,3488699.454,-0.692,0.267,0.044,-0.670,2093,0,0,1932,0,923,0,828,48,1.066,1,2287,0,499.033,25.976,-491.375,-84.375,-21.563,-1.164,1.313,-2.629,18.523,18.211,-9.332,0.986,1.300,1.026,1.322,1,NULL,NULL,,3,0,2,7,255,1205,250,0,0
stim,261270,291391,0,291391,3488704.455,-0.691,0.261,0.043,-0.672,2260,0,0,2075,0,1132,0,900,48,1.066,1,2287,0,157.255,25.594,-82.938,-123.438,-51.125,-0.496,-0.430,-1.023,17.984,18.211,-17.723,0.834,1.140,1.026,1.322,1,NULL,NULL,,3,0,2,7,255,1205,250,0,0
stim,261270,291391,0,291391,3488709.454,-0.691,0.259,0.038,-0.674,2415,0,0,2155,0,1259,0,988,48,1.066,1,2287,0,130.599,8.904,65.625,-112.625,8.063,0.094,0.027,1.156,-1.969,8.684,-17.723,0.694,0.982,1.026,1.322,1,NULL,NULL,,3,0,2,7,255,1205,250,0,0
stim,261296,291417,0,291417,3488714.455,-0.694,0.255,0.035,-0.672,2614,0,0,2423,0,1351,0,1059,48,1.066,1,2287,0,136.062,5.901,-39.000,-104.813,77.500,0.055,1.617,1.906,-1.969,-5.563,-0.211,0.566,0.828,1.026,1.322,2,NULL,NULL,,3,0,2,7,255,1205,250,0,0
stim,261296,291417,0,291417,3488719.454,-0.700,0.246,0.036,-0.669,2748,0,0,2611,0,1379,0,1117,48,1.066,1,2287,0,262.831,7.433,-211.000,-111.125,110.500,-1.098,1.074,1.656,4.930,-5.563,10.789,0.460,0.676,1.026,1.322,2,NULL,NULL,,3,0,2,7,255,1205,250,0,0
stim,261296,291417,0,291417,3488724.455,-0.708,0.231,0.041,-0.666,2844,0,0,2740,0,1397,0,1213,48,1.066,1,2287,0,417.167,5.970,-362.750,-158.063,132.125,-2.113,-0.930,0.586,4.930,3.367,10.789,0.382,0.530,1.026,1.322,2,NULL,NULL,,3,0,2,7,255,1205,250,0,0
stim,261296,291417,0,291417,3488729.453,-0.709,0.217,0.046,-0.669,2923,0,0,2835,0,1391,0,1331,48,1.066,1,2287,0,354.652,20.867,-310.313,-152.813,-78.313,-1.953,-1.387,-0.434,-12.445,16.750,0.680,0.366,0.416,1.026,1.322,2,NULL,NULL,,3,0,2,7,255,1205,250,0,0
stim,261296,291417,0,291417,3488734.455,-0.706,0.208,0.045,-0.676,2965,0,0,2916,0,1381,0,1423,48,1.066,1,2287,0,266.171,20.867,-115.125,-168.000,-171.375,-0.660,-0.875,-0.250,-12.445,16.750,-9.836,0.384,0.372,1.026,1.322,2,NULL,NULL,,3,0,2,7,255,1205,250,0,0
stim,261296,291417,0,291417,3488739.454,-0.701,0.203,0.041,-0.682,2999,0,0,2981,0,1385,0,1465,48,1.066,1,2287,0,233.671,11.559,15.063,-170.688,-158.875,0.320,-0.781,1.070,-9.375,6.762,-9.836,0.402,0.374,1.026,1.322,2,NULL,NULL,,3,0,2,7,255,1205,250,0,0
stim,261296,291417,0,291417,3488744.455,-0.699,0.197,0.037,-0.686,3031,0,0,3033,0,1400,0,1493,48,1.066,1,2287,0,175.309,11.437,-15.750,-155.000,-80.375,0.883,-1.055,1.895,-9.375,-6.551,-2.727,0.414,0.400,1.026,1.322,2,NULL,NULL,,3,0,2,7,255,1205,250,0,0
stim,261296,291417,0,291417,3488749.453,-0.701,0.190,0.036,-0.686,3043,0,0,3063,0,1443,0,1501,48,1.066,1,2287,0,180.830,19.440,-106.063,-145.000,20.625,0.996,-1.266,1.777,-13.223,-14.250,1.039,0.420,0.432,1.026,1.322,2,NULL,NULL,,3,0,2,7,255,1205,250,0,0
stim,261325,291446,0,291446,3488754.455,-0.707,0.181,0.036,-0.683,3059,0,0,3099,0,1507,0,1498,48,1.066,1,2287,0,248.032,20.504,-171.750,-131.375,121.500,0.602,-1.363,1.148,-14.742,-14.250,1.039,0.436,0.462,1.026,1.322,2,NULL,NULL,,3,0,2,7,255,1205,250,0,0
stim,261325,291446,0,291446,3488759.455,-0.714,0.173,0.035,-0.678,3069,0,0,3128,0,1638,0,1519,48,1.066,1,2287,0,269.923,17.398,-155.438,-126.688,180.688,-0.121,-1.070,0.527,-14.742,-9.238,-3.406,0.464,0.492,1.026,1.322,2,NULL,NULL,,3,0,2,7,255,1205,250,0,0
stim,261325,291446,1,291446,3488764.455,-0.719,0.166,0.033,-0.674,3087,0,0,3141,0,1767,0,1563,48,1.066,1,2287,0,230.302,11.327,-95.750,-132.000,162.625,-0.883,-0.484,0.629,-11.301,-0.766,-3.406,0.488,0.520,1.026,1.322,2,NULL,NULL,,3,1,2,7,255,1205,250,0,0
stim,261325,291446,1,291446,3488769.454,-0.722,0.160,0.030,-0.673,3094,0,0,3153,0,1883,21,1624,48,1.066,1,2287,0,164.156,8.978,-67.563,-137.375,59.250,-0.949,0.191,0.922,-6.430,6.266,-2.395,0.496,0.536,1.026,1.322,2,NULL,NULL,,3,1,2,7,255,1205,250,0,0
stim,261325,291446,1,291446,3488774.455,-0.723,0.155,0.027,-0.673,3097,0,0,3161,0,2003,39,1705,48,1.066,1,2287,0,142.729,6.278,-35.375,-137.813,11.313,-0.215,0.523,0.988,-0.398,6.266,0.770,0.484,0.538,1.026,1.322,2,NULL,NULL,,3,1,2,7,255,1205,250,0,0
stim,261325,291446,1,291446,3488779.454,-0.723,0.149,0.024,-0.674,3099,0,0,3163,0,2083,53,1758,48,1.066,1,2287,0,144.319,0.365,-56.125,-132.938,2.375,-0.156,0.262,1.531,0.262,-0.254,1.500,0.446,0.520,1.026,1.322,2,NULL,NULL,,3,1,2,7,255,1205,250,0,0
stim,261349,291470,1,291470,3488784.455,-0.725,0.142,0.023,-0.674,3101,0,0,3165,0,2191,61,1867,48,1.066,1,2287,0,165.299,2.168,-107.000,-125.875,5.500,0.059,-0.012,1.289,0.262,-2.152,2.219,0.400,0.492,1.026,1.322,2,NULL,NULL,,3,1,2,7,255,1205,250,0,0
stim,261349,291470,1,291470,3488789.453,-0.726,0.135,0.023,-0.674,3103,0,0,3165,43,2255,198,1978,48,1.066,1,2287,0,164.537,3.193,-114.063,-117.500,16.000,0.035,-0.242,0.957,-1.754,-2.668,2.219,0.360,0.456,1.026,1.322,2,NULL,NULL,,3,1,2,7,255,1205,250,0,0
stim,261349,291470,1,291470,3488794.455,-0.727,0.130,0.022,-0.674,3108,0,0,3171,281,2299,263,2093,48,1.066,1,2287,0,118.617,5.016,-68.000,-97.188,0.688,0.113,-0.328,1.328,-3.500,-3.594,2.152,0.326,0.412,1.026,1.322,2,NULL,NULL,,3,1,2,7,255,1205,250,0,0
stim,261349,291470,1,291470,3488799.453,-0.726,0.128,0.021,-0.675,3108,0,0,3171,539,2343,251,2157,48,1.066,1,2287,0,60.781,5.452,-24.500,-48.563,-27.125,0.605,-0.098,1.273,-3.500,-4.180,0.977,0.302,0.358,1.026,1.322,2,NULL,NULL,,3,1,2,7,255,1205,250,0,0
stim,261393,291514,1,291514,3488804.455,-0.727,0.127,0.020,-0.675,3104,0,0,3172,694,2373,264,2207,48,1.066,1,2287,0,47.063,8.465,-4.563,-44.438,14.813,0.645,0.648,1.184,-1.895,-8.250,1.012,0.292,0.300,1.026,1.322,2,NULL,NULL,,3,1,2,7,255,1205,250,0,0
stim,261393,291514,1,291514,3488809.454,-0.727,0.125,0.019,-0.675,3107,0,0,3173,839,2389,267,2248,48,1.066,1,2287,0,34.175,9.798,-16.500,-29.625,4.250,-0.148,0.773,1.836,5.285,-8.250,1.012,0.286,0.250,1.026,1.322,2,NULL,NULL,,3,1,2,7,255,1205,250,0,0
stim,261393,291514,1,291514,3488814.455,-0.726,0.122,0.022,-0.676,3107,0,0,3173,983,2408,274,2291,48,1.066,1,2287,0,108.876,5.612,-101.563,-15.000,-36.250,-0.223,0.324,1.316,5.285,-1.887,3.563,0.282,0.216,1.026,1.322,2,NULL,NULL,,3,1,2,7,255,1205,250,0,0
stim,261393,291514,1,291514,3488819.454,-0.726,0.118,0.024,-0.677,3103,8,0,3173,1108,2424,275,2332,48,1.066,1,2287,0,105.810,1.583,-97.688,-13.250,-38.438,-0.129,0.047,0.711,1.539,-0.371,3.563,0.280,0.194,1.026,1.322,2,NULL,NULL,,3,1,2,7,255,1205,250,0,0
stim,261393,291514,1,291514,3488824.455,-0.724,0.116,0.026,-0.679,3103,20,0,3176,1175,2441,269,2361,48,1.066,1,2287,0,74.648,0.452,-46.063,-10.750,-57.750,-0.250,0.027,0.863,-0.391,-0.227,-1.043,0.280,0.184,1.026,1.322,2,NULL,NULL,,3,1,2,7,255,1205,250,0,0
stim,261393,291514,1,291514,3488829.453,-0.722,0.115,0.026,-0.682,3104,50,0,3177,1267,2452,269,2387,48,1.066,1,2287,0,88.301,0.452,-27.250,-9.625,-83.438,-0.098,0.211,1.070,-0.391,-0.227,-1.043,0.280,0.178,1.026,1.322,2,NULL,NULL,,3,1,2,7,255,1205,250,0,0
stim,261393,291514,1,291514,3488834.455,-0.720,0.113,0.028,-0.684,3103,59,0,3177,1324,2463,275,2411,48,1.066,1,2287,0,88.334,1.175,-46.250,-6.938,-74.938,0.074,0.133,1.129,0.340,-1.125,0.824,0.286,0.168,1.026,1.322,2,NULL,NULL,,3,1,2,7,255,1205,250,0,0
stim,261393,291514,1,291514,3488839.453,-0.719,0.110,0.030,-0.686,3103,75,0,3179,1421,2474,279,2441,48,1.066,1,2287,0,85.438,2.426,-69.250,-4.063,-49.875,0.035,-0.125,1.004,0.340,-2.402,0.824,0.296,0.158,1.026,1.322,2,NULL,NULL,,3,1,2,7,255,1205,250,0,0
stim,261393,291514,1,291514,3488844.455,-0.718,0.108,0.032,-0.687,3100,93,0,3181,1513,2491,283,2455,48,1.066,1,2287,0,71.725,3.038,-62.000,-5.188,-35.688,-0.148,-0.113,0.813,-1.859,-2.402,-0.387,0.312,0.144,1.026,1.322,2,NULL,NULL,,3,1,2,7,255,1205,250,0,0
stim,261393,291514,1,291514,3488849.454,-0.717,0.107,0.033,-0.688,3107,98,0,3187,1571,2507,283,2473,48,1.066,1,2287,0,64.688,1.876,-33.750,-3.688,-55.063,-0.203,0.016,0.816,-1.859,-0.246,-1.602,0.332,0.124,1.026,1.322,2,NULL,NULL,,3,1,2,7,255,1205,250,0,0
stim,261428,291549,1,291549,3488854.455,-0.715,0.106,0.034,-0.690,3109,133,0,3183,1609,2522,287,2487,48,1.066,1,2287,0,61.958,0.650,-16.250,-5.875,-59.500,-0.070,0.082,0.980,-0.602,-0.246,-1.602,0.352,0.104,1.026,1.322,2,NULL,NULL,,3,1,2,7,255,1205,250,0,0
stim,261428,291549,1,291549,3488859.454,-0.713,0.105,0.034,-0.692,3109,167,0,3187,1643,2531,296,2503,48,1.066,1,2287,0,57.624,1.391,-19.500,-2.000,-54.188,-0.027,-0.027,1.078,-0.602,-1.254,-0.215,0.370,0.090,1.026,1.322,2,NULL,NULL,,3,1,2,7,255,1205,250,0,0
stim,261428,291549,1,291549,3488864.455,-0.713,0.103,0.035,-0.693,3112,185,25,3188,1695,2535,308,2510,48,1.066,1,2287,0,47.547,2.074,-31.750,-1.125,-35.375,0.020,-0.012,1.066,-0.836,-1.898,0.359,0.382,0.080,1.026,1.322,2,NULL,NULL,,3,1,2,7,255,1205,250,0,0
stim,261428,291549,1,291549,3488869.453,-0.712,0.102,0.036,-0.694,3111,211,62,3189,1743,2543,293,2517,48,1.066,1,2287,0,37.758,2.074,-32.063,-0.375,-19.938,-0.082,0.031,0.973,-0.836,-1.898,0.359,0.392,0.074,1.026,1.322,2,NULL,NULL,,3,1,2,7,255,1205,250,0,0
stim,261428,291549,1,291549,3488874.455,-0.711,0.101,0.037,-0.694,3113,229,70,3191,1767,2547,285,2519,48,1.066,1,2287,0,32.477,1.402,-22.813,1.563,-23.063,-0.137,-0.035,0.961,-0.836,-1.125,-0.309,0.400,0.070,1.026,1.322,2,NULL,NULL,,3,1,2,7,255,1205,250,0,0
stim,261428,291549,1,291549,3488879.453,-0.711,0.101,0.038,-0.695,3111,231,99,3192,1784,2547,275,2520,48,1.066,1,2287,0,27.568,1.373,-15.188,0.563,-23.000,-0.105,-0.090,0.984,-0.996,-0.945,-0.309,0.406,0.068,1.026,1.322,2,NULL,NULL,,3,1,2,7,255,1205,250,0,0
stim,261446,291567,1,291567,3488884.455,-0.710,0.100,0.038,-0.696,3112,237,120,3193,1811,2550,275,2523,48,1.066,1,2287,0,18.874,1.810,-13.125,-0.188,-13.563,-0.098,-0.098,0.980,-1.543,-0.945,-0.281,0.414,0.062,1.026,1.322,2,NULL,NULL,,3,1,2,7,255,1205,250,0,0
stim,261446,291567,1,291567,3488889.454,-0.710,0.099,0.039,-0.696,3112,245,149,3193,1831,2552,267,2524,48,1.066,1,2287,0,13.071,1.810,-12.125,-0.250,-4.875,-0.156,-0.059,0.957,-1.543,-0.945,-0.281,0.422,0.058,1.026,1.322,2,NULL,NULL,,3,1,2,7,255,1205,250,0,0
stim,261446,291567,1,291567,3488894.455,-0.710,0.099,0.039,-0.696,3111,245,173,3191,1849,2551,239,2527,48,1.145,1,2287,1,10.815,1.271,-8.625,-1.063,-6.438,-0.203,-0.023,0.965,-1.203,-0.410,-0.281,0.000,0.000,1.063,1.352,2,NULL,NULL,,3,1,2,7,255,1205,250,0,0
stim,261446,291567,1,291567,3488899.454,-0.710,0.099,0.039,-0.696,3111,237,211,3191,1867,2553,235,2530,48,1.145,1,2287,1,12.206,1.028,-4.875,-1.688,-11.063,-0.176,-0.039,0.984,-0.992,-0.270,-0.172,0.004,0.004,1.063,1.352,2,NULL,NULL,,3,1,2,7,255,1205,250,0,0
stim,261491,291612,1,291612,3488904.455,-0.710,0.098,0.039,-0.696,3108,251,231,3189,1883,2551,219,2527,48,1.145,1,2287,1,9.503,1.028,-3.750,-2.250,-8.438,-0.129,-0.055,1.004,-0.992,-0.270,-0.035,0.008,0.006,1.063,1.352,2,NULL,NULL,,3,1,2,7,255,1205,250,0,0
stim,261491,291612,1,291612,3488909.454,-0.710,0.098,0.039,-0.697,3101,247,254,3183,1891,2551,211,2531,48,1.145,1,2287,1,4.811,1.288,-4.063,-2.500,-0.625,-0.137,-0.051,0.992,-1.113,-0.648,-0.035,0.012,0.008,1.063,1.352,2,NULL,NULL,,3,1,2,7,255,1205,250,0,0
stim,261491,291612,1,291612,3488914.455,-0.710,0.098,0.039,-0.696,3100,245,281,3179,1901,2553,199,2533,48,1.145,1,2287,1,6.044,1.288,-3.250,-4.250,2.813,-0.203,-0.023,0.973,-1.113,-0.648,-0.070,0.014,0.010,1.063,1.352,2,NULL,NULL,,3,1,2,7,255,1205,250,0,0
stim,261491,291612,1,291612,3488919.454,-0.710,0.098,0.039,-0.697,3096,237,295,3175,1909,2552,191,2535,48,1.145,1,2287,1,5.871,0.821,0.688,-5.000,-3.000,-0.215,0.012,0.965,-0.820,0.031,-0.117,0.016,0.012,1.063,1.352,2,NULL,NULL,,3,1,2,7,255,1205,250,0,0
stim,261491,291612,1,291612,3488924.455,-0.710,0.098,0.039,-0.697,3091,233,307,3167,1918,2552,174,2537,48,1.145,1,2287,1,9.648,0.485,3.938,-5.875,-6.563,-0.172,0.012,0.984,-0.484,0.031,-0.117,0.020,0.012,1.063,1.352,2,NULL,NULL,,3,1,2,7,255,1205,250,0,0
stim,261491,291612,1,291612,3488929.454,-0.709,0.097,0.039,-0.697,3087,219,314,3161,1931,2551,173,2540,48,1.145,1,2287,1,8.411,0.554,3.688,-6.375,-4.063,-0.156,0.012,0.996,-0.484,-0.270,-0.047,0.020,0.012,1.063,1.352,2,NULL,NULL,,3,1,2,7,255,1205,250,0,0
stim,261515,291636,1,291636,3488934.455,-0.709,0.097,0.038,-0.697,3082,211,328,3156,1943,2553,173,2541,48,1.145,1,2287,1,7.880,0.551,2.813,-6.750,-2.938,-0.172,0.035,0.996,-0.480,-0.270,0.047,0.020,0.014,1.063,1.352,2,NULL,NULL,,3,1,2,7,255,1205,250,0,0
stim,261515,291636,1,291636,3488939.453,-0.709,0.097,0.038,-0.697,3067,207,343,3151,1952,2547,177,2544,48,1.145,1,2287,1,9.444,0.373,3.750,-6.750,-5.438,-0.172,0.066,0.992,-0.258,-0.270,0.086,0.022,0.014,1.063,1.352,2,NULL,NULL,,3,1,2,7,255,1205,250,0,0
stim,261515,291636,1,291636,3488944.455,-0.709,0.097,0.038,-0.698,3061,205,365,3140,1973,2547,181,2549,48,1.145,1,2287,1,10.936,0.270,4.250,-7.125,-7.125,-0.168,0.070,0.996,0.016,-0.270,0.090,0.022,0.014,1.063,1.352,2,NULL,NULL,,3,1,2,7,255,1205,250,0,0
stim,261515,291636,1,291636,3488949.453,-0.709,0.097,0.037,-0.698,3055,207,409,3125,1983,2547,213,2553,48,1.145,1,2287,1,10.652,0.263,3.500,-7.625,-6.563,-0.172,0.070,1.000,0.051,-0.258,0.113,0.022,0.014,1.063,1.352,2,NULL,NULL,,3,1,2,7,255,1205,250,0,0
stim,261515,291636,1,291636,3488954.455,-0.709,0.097,0.037,-0.698,3045,207,425,3113,2003,2546,227,2556,48,1.145,1,2287,1,10.446,0.259,2.250,-8.250,-6.000,-0.191,0.070,0.992,0.051,-0.254,0.117,0.022,0.014,1.063,1.352,2,NULL,NULL,,3,1,2,7,255,1205,250,0,0
stim,261515,291636,1,291636,3488959.454,-0.708,0.096,0.037,-0.698,3032,203,465,3103,2020,2546,235,2569,48,1.145,1,2287,1,12.554,0.075,2.875,-9.500,-7.688,-0.203,0.086,0.984,0.051,-0.055,0.117,0.022,0.014,1.063,1.352,2,NULL,NULL,,3,1,2,7,255,1205,250,0,0
stim,261515,291636,1,291636,3488964.455,-0.708,0.096,0.036,-0.699,3019,205,517,3091,2039,2541,251,2577,48,1.145,1,2287,1,15.508,0.206,4.688,-11.000,-9.875,-0.188,0.121,0.996,0.199,-0.051,0.117,0.022,0.014,1.063,1.352,2,NULL,NULL,,3,1,2,7,255,1205,250,0,0
stim,261515,291636,1,291636,3488969.454,-0.708,0.096,0.036,-0.699,3005,209,557,3079,2066,2541,285,2586,48,1.145,1,2287,1,17.113,0.545,5.250,-12.125,-10.875,-0.176,0.168,1.023,0.543,-0.051,0.168,0.022,0.014,1.063,1.352,2,NULL,NULL,,3,1,2,7,255,1205,250,0,0
stim,261544,291665,1,291665,3488974.455,-0.707,0.096,0.035,-0.699,2988,204,649,3061,2089,2543,307,2601,48,1.145,1,2287,1,17.861,1.010,2.813,-12.750,-12.188,-0.172,0.211,1.047,0.988,-0.207,0.457,0.022,0.014,1.063,1.352,2,NULL,NULL,,3,1,2,7,255,1205,250,0,0
stim,261544,291665,1,291665,3488979.453,-0.707,0.096,0.034,-0.700,2973,217,700,3046,2126,2543,317,2615,48,1.145,1,2287,1,18.640,1.406,-1.125,-13.063,-13.250,-0.152,0.227,1.055,1.375,-0.293,0.676,0.022,0.014,1.063,1.352,2,NULL,NULL,,3,1,2,7,255,1205,250,0,0
stim,261544,291665,1,291665,3488984.455,-0.707,0.095,0.034,-0.700,2957,221,735,3027,2183,2543,360,2645,48,1.145,1,2287,1,18.555,1.455,-4.875,-12.938,-12.375,-0.137,0.203,1.043,1.375,-0.477,0.676,0.022,0.016,1.063,1.352,2,NULL,NULL,,3,1,2,7,255,1205,250,0,0
stim,261544,291665,1,291665,3488989.453,-0.707,0.094,0.034,-0.701,2935,235,791,3019,2227,2543,394,2639,48,1.145,1,2287,1,18.323,1.439,-8.188,-12.375,-10.750,-0.129,0.172,1.016,1.309,-0.598,0.555,0.024,0.018,1.063,1.352,2,NULL,NULL,,3,1,2,7,255,1205,250,0,0
stim,261544,291665,1,291665,3488994.455,-0.706,0.094,0.034,-0.701,2916,242,860,3003,2264,2543,425,2651,48,1.145,1,2287,1,18.173,1.189,-8.375,-12.188,-10.563,-0.156,0.156,1.000,1.027,-0.598,0.301,0.026,0.020,1.063,1.352,2,NULL,NULL,,3,1,2,7,255,1205,250,0,0
stim,261544,291665,1,291665,3488999.454,-0.706,0.093,0.033,-0.701,2892,240,921,2985,2297,2548,443,2675,48,1.145,1,2287,1,20.113,0.993,-6.500,-11.875,-14.875,-0.180,0.160,1.004,0.938,-0.328,0.270,0.028,0.022,1.063,1.352,2,NULL,NULL,,3,1,2,7,255,1205,250,0,0
stim,261567,291688,1,291688,3489004.455,-0.705,0.093,0.033,-0.702,2875,255,994,2973,2333,2549,489,2675,48,1.145,1,2287,1,24.437,0.967,-5.563,-12.188,-20.438,-0.164,0.172,1.020,0.938,-0.238,0.270,0.030,0.024,1.063,1.352,2,NULL,NULL,,3,1,2,7,255,1205,250,0,0
stim,261567,291688,1,291688,3489009.454,-0.705,0.092,0.033,-0.703,2853,249,1108,2961,2376,2549,589,2683,48,1.145,1,2287,1,26.376,0.967,-8.188,-11.438,-22.313,-0.141,0.145,1.027,0.938,-0.238,0.391,0.032,0.024,1.063,1.352,2,NULL,NULL,,3,1,2,7,255,1205,250,0,0
stim,261596,291717,0,291717,3489014.455,-0.704,0.091,0.033,-0.703,2829,265,1225,2943,2409,2549,669,2709,48,1.145,1,2287,1,28.419,0.891,-13.688,-10.938,-22.375,-0.141,0.090,1.016,0.770,-0.449,0.391,0.034,0.024,1.063,1.352,2,NULL,NULL,,3,0,2,7,255,1199,250,0,0
stim,261596,291717,0,291717,3489019.454,-0.703,0.090,0.033,-0.704,2797,268,1286,2927,2440,2550,759,2700,48,1.145,1,2287,1,32.658,0.526,-18.188,-10.375,-25.063,-0.172,0.035,0.984,0.273,-0.449,0.262,0.036,0.024,1.063,1.352,2,NULL,NULL,,3,0,2,7,255,1199,250,0,0
stim,261596,291717,0,291717,3489024.455,-0.703,0.089,0.034,-0.705,2781,276,1415,2915,2471,2549,887,2713,48,1.145,1,2287,1,36.076,0.253,-18.000,-10.875,-29.313,-0.188,-0.012,0.957,-0.230,-0.105,-0.012,0.038,0.024,1.063,1.352,2,NULL,NULL,,3,0,2,7,255,1199,250,0,0
stim,261596,291717,0,291717,3489029.454,-0.702,0.088,0.034,-0.706,2759,280,1520,2903,2505,2550,968,2719,48,1.145,1,2287,1,38.590,0.672,-14.750,-11.875,-33.625,-0.191,-0.016,0.961,-0.660,0.125,-0.223,0.040,0.024,1.063,1.352,2,NULL,NULL,,3,0,2,7,255,1199,250,0,0
stim,261596,291717,0,291717,3489034.455,-0.701,0.087,0.034,-0.707,2725,315,1629,2885,2534,2564,1055,2739,48,1.145,1,2287,1,43.250,0.672,-16.000,-12.500,-38.188,-0.168,0.000,0.992,-0.660,0.125,-0.223,0.040,0.022,1.063,1.352,2,NULL,NULL,,3,0,2,7,255,1199,250,0,0
stim,261596,291717,0,291717,3489039.454,-0.699,0.086,0.035,-0.709,2682,337,1719,2861,2553,2567,1134,2743,48,1.145,1,2287,1,47.624,0.690,-21.500,-13.063,-40.438,-0.156,-0.023,1.000,-0.680,-0.121,0.027,0.042,0.022,1.063,1.352,2,NULL,NULL,,3,0,2,7,255,1199,250,0,0
stim,261596,291717,0,291717,3489044.455,-0.698,0.085,0.035,-0.710,2651,345,1817,2845,2585,2553,1215,2803,48,1.145,1,2287,1,49.931,0.739,-27.750,-13.688,-39.188,-0.145,-0.031,0.988,-0.703,-0.227,0.027,0.044,0.022,1.063,1.352,2,NULL,NULL,,3,0,2,7,255,1199,250,0,0
stim,261596,291717,0,291717,3489049.453,-0.697,0.083,0.036,-0.711,2611,349,1886,2827,2613,2569,1334,2761,48,1.145,1,2287,1,51.729,0.739,-29.688,-14.125,-39.938,-0.156,-0.020,0.969,-0.703,-0.227,-0.051,0.044,0.022,1.063,1.352,2,NULL,NULL,,3,0,2,7,255,1199,250,0,0
stim,261627,291748,0,291748,3489054.455,-0.696,0.082,0.037,-0.712,2565,383,1963,2809,2635,2571,1419,2779,48,1.145,1,2287,1,49.483,0.674,-27.625,-14.750,-38.313,-0.125,-0.020,0.938,-0.598,-0.313,-0.191,0.046,0.022,1.063,1.352,2,NULL,NULL,,3,0,2,7,255,1199,250,0,0
stim,261627,291748,0,291748,3489059.454,-0.695,0.080,0.037,-0.713,2517,404,2055,2791,2649,2557,1501,2789,48,1.145,1,2287,1,43.644,0.714,-21.500,-15.188,-34.813,-0.117,-0.043,0.934,-0.598,-0.391,-0.570,0.048,0.022,1.063,1.352,2,NULL,NULL,,3,0,2,7,255,1199,250,0,0
stim,261627,291748,0,291748,3489064.455,-0.694,0.079,0.037,-0.714,2469,435,2126,2765,2682,2568,1608,2793,48,1.145,1,2287,1,39.255,0.902,-16.813,-15.438,-31.938,-0.121,-0.047,0.965,-0.793,-0.430,-0.570,0.050,0.022,1.063,1.352,2,NULL,NULL,,3,0,2,7,255,1199,250,0,0
stim,261627,291748,0,291748,3489069.454,-0.694,0.078,0.037,-0.715,2436,435,2203,2731,2705,2571,1677,2807,48,1.145,1,2287,1,37.490,0.902,-15.563,-15.875,-30.188,-0.137,-0.039,0.992,-0.793,-0.430,-0.324,0.052,0.022,1.063,1.352,2,NULL,NULL,,3,0,2,7,255,1199,250,0,0
stim,261627,291748,0,291748,3489074.455,-0.693,0.077,0.037,-0.716,2379,436,2251,2695,2717,2569,1741,2833,48,1.145,1,2287,1,38.779,0.774,-18.563,-17.000,-29.500,-0.148,0.012,1.020,-0.703,-0.324,-0.031,0.052,0.022,1.063,1.352,2,NULL,NULL,,3,0,2,7,255,1199,250,0,0
stim,261627,291748,0,291748,3489079.453,-0.692,0.076,0.038,-0.717,2315,453,2313,2665,2739,2572,1840,2839,48,1.145,1,2287,1,44.271,0.316,-23.063,-16.875,-33.813,-0.160,0.043,1.043,-0.207,-0.238,0.297,0.054,0.024,1.063,1.352,2,NULL,NULL,,3,0,2,7,255,1199,250,0,0
stim,261648,291769,0,291769,3489084.455,-0.691,0.074,0.038,-0.718,2236,460,2359,2637,2749,2580,1930,2836,48,1.145,1,2287,1,52.204,0.261,-30.063,-17.750,-38.813,-0.141,0.039,1.055,0.105,-0.238,0.535,0.056,0.024,1.063,1.352,2,NULL,NULL,,3,0,2,7,255,1199,250,0,0
stim,261648,291769,0,291769,3489089.453,-0.690,0.072,0.039,-0.719,2182,470,2415,2601,2765,2572,1991,2855,48,1.145,1,2287,1,56.844,0.382,-37.250,-17.125,-39.375,-0.109,0.012,1.031,0.105,-0.367,0.535,0.058,0.024,1.063,1.352,2,NULL,NULL,,3,0,2,7,255,1199,250,0,0
stim,261648,291769,0,291769,3489094.455,-0.689,0.070,0.039,-0.721,2107,475,2470,2554,2781,2579,2065,2860,48,1.145,1,2287,1,55.508,0.591,-38.938,-16.125,-36.125,-0.102,0.016,0.980,-0.043,-0.590,0.320,0.060,0.024,1.063,1.352,2,NULL,NULL,,3,0,2,7,255,1199,250,0,0
stim,261648,291769,0,291769,3489099.454,-0.688,0.069,0.040,-0.722,2021,477,2529,2517,2803,2579,2117,2874,48,1.145,1,2287,1,51.114,0.591,-33.688,-16.438,-34.750,-0.117,0.020,0.961,-0.043,-0.590,-0.168,0.062,0.026,1.063,1.352,2,NULL,NULL,,3,0,2,7,255,1199,250,0,0
stim,261699,291820,0,291820,3489104.455,-0.687,0.067,0.040,-0.723,1942,477,2551,2463,2811,2572,2169,2893,48,1.145,1,2287,1,48.416,0.428,-29.688,-17.875,-33.813,-0.113,-0.008,0.980,-0.043,-0.426,-0.168,0.062,0.026,1.063,1.352,2,NULL,NULL,,3,0,2,7,255,1199,250,0,0
stim,261699,291820,0,291820,3489109.454,-0.686,0.066,0.041,-0.723,1863,484,2597,2415,2839,2577,2228,2893,48,1.145,1,2287,1,45.146,0.467,-27.750,-18.688,-30.313,-0.105,-0.035,0.996,-0.191,-0.426,-0.141,0.064,0.026,1.063,1.352,2,NULL,NULL,,3,0,2,7,255,1199,250,0,0
stim,261699,291820,0,291820,3489114.455,-0.685,0.064,0.041,-0.724,1765,483,2624,2347,2847,2571,2281,2892,48,1.145,1,2287,1,42.969,0.622,-26.938,-17.563,-28.500,-0.141,-0.090,1.004,-0.453,-0.426,0.008,0.066,0.026,1.063,1.352,2,NULL,NULL,,3,0,2,7,255,1199,250,0,0
stim,261699,291820,0,291820,3489119.454,-0.684,0.062,0.042,-0.725,1647,475,2661,2289,2867,2580,2329,2903,48,1.145,1,2287,1,48.869,0.828,-32.438,-18.750,-31.375,-0.168,-0.082,1.047,-0.820,-0.113,0.133,0.068,0.026,1.063,1.352,2,NULL,NULL,,3,0,2,7,255,1199,250,0,0
stim,261699,291820,0,291820,3489124.455,-0.683,0.060,0.043,-0.726,1499,459,2683,2220,2875,2575,2365,2905,48,1.145,1,2287,1,54.663,0.828,-38.188,-20.188,-33.500,-0.113,-0.004,1.016,-0.820,-0.113,0.184,0.070,0.028,1.063,1.352,2,NULL,NULL,,3,0,2,7,255,1199,250,0,0
stim,261699,291820,0,291820,3489129.454,-0.683,0.059,0.043,-0.727,1361,443,2715,2141,2879,2571,2411,2919,48,1.145,1,2287,1,49.237,0.396,-33.188,-19.125,-30.938,-0.105,0.012,0.949,-0.039,-0.395,0.184,0.072,0.028,1.063,1.352,2,NULL,NULL,,3,0,2,7,255,1199,250,0,0
stim,261699,291820,0,291820,3489134.455,-0.682,0.057,0.043,-0.728,1253,393,2743,2027,2895,2571,2443,2924,48,1.145,1,2287,1,44.251,0.396,-24.250,-19.438,-31.500,-0.113,-0.031,0.969,-0.039,-0.395,-0.250,0.074,0.028,1.063,1.352,2,NULL,NULL,,3,0,2,7,255,1199,250,0,0
stim,261699,291821,0,291821,3489139.454,-0.681,0.056,0.043,-0.729,1111,361,2770,1895,2908,2552,2487,2927,48,1.145,1,2287,1,37.954,0.459,-19.250,-22.688,-23.563,-0.090,-0.031,1.012,-0.234,-0.395,-0.250,0.076,0.028,1.063,1.352,2,NULL,NULL,,3,0,2,7,255,1199,250,0,0
stim,261699,291821,0,291821,3489144.455,-0.681,0.055,0.043,-0.729,974,347,2789,1752,2917,2550,2517,2931,48,1.145,1,2287,1,36.324,0.384,-20.250,-22.000,-20.625,-0.160,-0.035,1.031,-0.234,-0.305,0.117,0.078,0.028,1.063,1.352,2,NULL,NULL,,3,0,2,7,255,1199,250,0,0
stim,261700,291821,0,291821,3489149.453,-0.680,0.053,0.043,-0.730,779,306,2810,1607,2927,2555,2549,2937,48,1.145,1,2287,1,43.114,0.234,-23.438,-23.000,-27.938,-0.148,-0.004,1.055,-0.230,-0.043,0.430,0.080,0.030,1.063,1.352,2,NULL,NULL,,3,0,2,7,255,1199,250,0,0
stim,261701,291822,0,291822,3489154.455,-0.679,0.052,0.043,-0.731,611,277,2832,1455,2943,2541,2589,2939,48,1.145,1,2287,1,42.503,0.234,-21.375,-24.500,-27.375,-0.117,-0.043,1.008,-0.230,-0.043,0.430,0.080,0.030,1.063,1.352,2,NULL,NULL,,3,0,2,7,255,1199,250,0,0
stim,261701,291822,0,291822,3489159.454,-0.679,0.050,0.043,-0.732,427,235,2855,1266,2951,2536,2619,2955,48,1.145,1,2287,1,38.857,0.309,-19.938,-26.875,-19.750,-0.043,-0.031,0.996,-0.215,-0.223,0.121,0.080,0.034,1.063,1.352,2,NULL,NULL,,3,0,2,7,255,1199,250,0,0
stim,261731,291852,0,291852,3489164.455,-0.678,0.049,0.043,-0.732,324,184,2867,1079,2963,2521,2638,2957,48,1.145,1,2287,1,32.860,0.309,-14.750,-28.125,-8.438,-0.137,-0.023,1.027,-0.215,-0.223,0.121,0.078,0.036,1.063,1.352,2,NULL,NULL,,3,0,2,7,255,1199,250,0,0
stim,261731,291852,0,291852,3489169.454,-0.678,0.047,0.042,-0.732,161,148,2891,877,2985,2509,2667,2965,48,1.145,1,2287,1,37.291,0.063,-14.750,-29.625,-17.188,-0.180,-0.016,1.070,-0.031,-0.055,0.359,0.078,0.038,1.063,1.352,2,NULL,NULL,,3,0,2,7,255,1199,250,0,0
stim,261731,291852,0,291852,3489174.455,-0.678,0.046,0.042,-0.733,98,111,2902,638,2985,2507,2695,2975,48,1.145,1,2287,1,39.627,0.105,-16.125,-32.500,-15.938,-0.137,0.012,1.059,0.090,-0.055,0.648,0.076,0.042,1.063,1.352,2,NULL,NULL,,3,0,2,7,255,1199,250,0,0
stim,261731,291852,0,291852,3489179.453,-0.677,0.044,0.041,-0.734,35,47,2903,483,2989,2477,2711,2989,48,1.145,1,2287,1,47.917,0.225,-15.563,-33.000,-31.063,-0.141,-0.004,1.066,0.223,0.031,0.738,0.076,0.044,1.063,1.352,2,NULL,NULL,,3,0,2,7,255,1199,250,0,0
stim,261731,291852,0,291852,3489184.455,-0.676,0.043,0.041,-0.734,7,35,2915,268,3007,2457,2733,2984,48,1.145,1,2287,1,45.603,0.342,-10.625,-37.688,-23.375,-0.074,0.051,1.051,0.336,-0.066,0.648,0.076,0.046,1.063,1.352,2,NULL,NULL,,3,0,2,7,255,1199,250,0,0
stim,261731,291852,0,291852,3489189.453,-0.675,0.041,0.040,-0.735,0,19,2919,135,3013,2429,2762,2995,48,1.145,1,2287,1,49.366,0.747,-6.375,-38.875,-29.750,-0.105,0.078,1.035,0.695,-0.273,0.488,0.076,0.048,1.063,1.352,2,NULL,NULL,,3,0,2,7,255,1199,250,0,0
stim,261761,291882,0,291882,3489194.455,-0.675,0.040,0.038,-0.736,0,1,2927,94,3019,2401,2777,2991,48,1.145,1,2287,1,52.413,0.747,4.125,-43.875,-28.375,-0.113,0.039,1.031,0.695,-0.273,0.367,0.074,0.052,1.063,1.352,2,NULL,NULL,,3,0,2,7,255,1199,250,0,0
stim,261761,291882,0,291882,3489199.454,-0.674,0.039,0.036,-0.737,0,2,2936,85,3033,2387,2805,2995,48,1.145,1,2287,1,61.492,0.626,31.000,-51.313,-13.688,-0.293,-0.055,1.215,0.609,-0.145,0.367,0.070,0.058,1.063,1.352,2,NULL,NULL,,3,0,2,7,255,1199,250,0,0
stim,261791,291912,0,291912,3489204.455,-0.674,0.039,0.032,-0.737,0,0,2955,62,3041,2355,2833,3001,48,1.145,1,2287,0,80.560,1.531,51.438,-61.625,-6.813,-0.414,-0.082,1.547,-0.102,1.527,2.340,0.064,0.066,1.063,1.352,3,NULL,NULL,,3,0,2,7,255,1199,250,0,0
stim,261791,291912,0,291912,3489209.454,-0.674,0.038,0.029,-0.737,0,0,2951,8,3043,2323,2839,3001,48,1.145,1,2287,0,81.609,1.531,39.438,-71.438,-1.188,-0.332,0.035,1.742,-0.102,1.527,5.699,0.058,0.074,1.063,1.352,3,NULL,NULL,,3,0,2,7,255,1199,250,0,0
stim,261791,291912,0,291912,3489214.455,-0.674,0.034,0.028,-0.738,0,0,2964,0,3053,2285,2863,3000,48,1.145,1,2287,0,83.879,1.686,-45.563,-69.250,-12.813,-0.098,0.051,1.473,0.777,1.496,5.699,0.054,0.082,1.063,1.352,3,NULL,NULL,,3,0,2,7,255,1199,250,0,0
stim,261791,291912,0,291912,3489219.454,-0.674,0.030,0.028,-0.737,0,0,2971,0,3063,2246,2869,2997,48,1.145,1,2287,0,97.273,0.875,-66.188,-71.188,3.688,-0.137,-0.047,1.102,0.777,0.402,4.629,0.050,0.088,1.063,1.352,3,NULL,NULL,,3,0,2,7,255,1199,250,0,0
stim,261791,291912,0,291912,3489224.455,-0.675,0.027,0.027,-0.737,0,0,2964,0,3060,2185,2893,3013,48,1.145,1,2287,0,88.502,0.875,-33.938,-79.688,18.188,-0.164,0.059,0.984,0.777,0.402,1.066,0.046,0.094,1.063,1.352,3,NULL,NULL,,3,0,2,7,255,1199,250,0,0
stim,261791,291912,0,291912,3489229.454,-0.676,0.024,0.025,-0.736,0,0,2969,0,3082,2109,2907,3004,48,1.145,1,2287,0,88.319,0.987,-2.500,-85.750,21.000,-0.289,0.023,1.031,0.672,0.723,0.438,0.040,0.102,1.063,1.352,3,NULL,NULL,,3,0,2,7,255,1199,250,0,0
stim,261813,291934,0,291934,3489234.455,-0.676,0.022,0.022,-0.736,0,0,2961,0,3081,2012,2920,3003,48,1.145,1,2287,0,92.740,1.783,15.688,-91.125,7.125,-0.246,0.043,1.188,0.879,1.551,0.438,0.032,0.110,1.063,1.352,3,NULL,NULL,,3,0,2,7,255,1199,250,0,0
stim,261813,291934,0,291934,3489239.453,-0.676,0.019,0.019,-0.736,0,0,2957,0,3079,1909,2924,3001,48,1.145,1,2287,0,95.274,1.690,2.125,-95.250,0.188,-0.227,-0.125,1.301,0.672,1.551,1.945,0.028,0.118,1.063,1.352,3,NULL,NULL,,3,0,2,7,255,1199,250,0,0
stim,261813,291934,0,291934,3489244.455,-0.677,0.015,0.016,-0.736,0,0,2957,0,3091,1797,2936,2997,48,1.145,1,2287,0,100.380,1.689,-6.125,-99.313,13.250,-0.188,-0.227,1.285,-0.754,1.512,2.934,0.024,0.126,1.063,1.352,3,NULL,NULL,,3,0,2,7,255,1199,250,0,0
stim,261813,291934,0,291934,3489249.453,-0.678,0.011,0.014,-0.735,0,0,2955,0,3087,1687,2956,3003,48,1.145,1,2287,0,107.609,2.130,-23.563,-103.875,15.313,-0.145,-0.211,1.207,-1.652,1.344,2.934,0.024,0.134,1.063,1.352,3,NULL,NULL,,3,0,2,7,255,1199,250,0,0
stim,261813,291934,0,291934,3489254.455,-0.679,0.007,0.012,-0.734,0,0,2939,0,3093,1542,2965,2999,48,1.145,1,2287,0,112.791,2.130,-24.375,-107.250,25.000,-0.207,-0.195,1.094,-1.652,1.344,2.113,0.028,0.142,1.063,1.352,3,NULL,NULL,,3,0,2,7,255,1199,250,0,0
stim,261813,291934,0,291934,3489259.454,-0.680,0.004,0.009,-0.734,0,0,2925,0,3099,1379,2975,2985,48,1.145,1,2287,0,114.861,2.290,-8.688,-112.750,20.125,-0.258,-0.102,1.047,-1.453,1.770,1.043,0.034,0.152,1.063,1.352,3,NULL,NULL,,3,0,2,7,255,1199,250,0,0
stim,261813,291934,0,291934,3489264.455,-0.680,0.000,0.006,-0.733,0,0,2907,0,3095,1177,2979,2981,48,1.145,1,2287,0,117.371,2.376,3.313,-117.313,1.625,-0.266,-0.105,1.039,-0.527,2.316,0.535,0.040,0.162,1.063,1.352,3,NULL,NULL,,3,0,2,7,255,1199,250,0,0
stim,261813,291934,0,291934,3489269.454,-0.680,-0.003,0.002,-0.734,0,0,2892,0,3097,990,2986,2976,48,1.145,1,2287,0,123.210,2.376,14.500,-122.063,-8.438,-0.180,-0.148,1.086,-0.527,2.316,0.535,0.048,0.172,1.063,1.352,3,NULL,NULL,,3,0,2,7,255,1199,250,0,0
stim,261840,291961,0,291961,3489274.455,-0.680,-0.007,-0.002,-0.734,0,0,2873,0,3100,736,2997,2971,48,1.145,1,2287,0,128.011,2.045,16.250,-126.813,-6.438,-0.125,-0.168,1.148,-0.977,1.797,0.863,0.054,0.182,1.063,1.352,3,NULL,NULL,,3,0,2,7,255,1199,250,0,0
stim,261840,291961,0,291961,3489279.453,-0.680,-0.011,-0.006,-0.733,0,0,2852,0,3101,605,3003,2955,48,1.145,1,2287,0,134.315,1.869,17.938,-133.063,3.625,-0.133,-0.137,1.180,-0.977,1.594,1.488,0.062,0.192,1.063,1.352,3,NULL,NULL,,3,0,2,7,255,1199,250,0,0
stim,261840,291961,0,291961,3489284.455,-0.680,-0.014,-0.011,-0.733,0,0,2823,0,3100,467,3002,2958,48,1.145,1,2287,0,140.034,1.745,20.813,-138.438,3.375,-0.121,-0.035,1.141,-0.898,1.496,1.488,0.068,0.204,1.063,1.352,3,NULL,NULL,,3,0,2,7,255,1199,250,0,0
stim,261840,291961,0,291961,3489289.453,-0.680,-0.018,-0.016,-0.733,0,0,2795,0,3100,275,3018,2936,48,1.145,1,2287,0,145.229,1.497,20.563,-143.688,4.750,-0.047,0.039,1.211,0.059,1.496,1.754,0.074,0.216,1.063,1.352,3,NULL,NULL,,3,0,2,7,255,1199,250,0,0
stim,261859,291980,0,291980,3489294.455,-0.681,-0.022,-0.021,-0.732,0,0,2735,0,3101,122,3016,2911,48,1.145,1,2287,0,151.322,1.679,19.688,-149.375,14.063,-0.094,0.109,1.293,0.762,1.496,2.008,0.078,0.228,1.063,1.352,3,NULL,NULL,,3,0,2,7,255,1199,250,0,0
stim,261859,291980,0,291980,3489299.454,-0.681,-0.026,-0.026,-0.731,0,0,2687,0,3099,44,3015,2904,48,1.145,1,2287,0,154.908,2.135,8.438,-154.188,12.313,-0.098,0.211,1.313,1.500,1.520,2.727,0.084,0.242,1.063,1.352,3,NULL,NULL,,3,0,2,7,255,1199,250,0,0
stim,261859,291980,0,291980,3489304.455,-0.681,-0.031,-0.031,-0.731,0,0,2643,0,3101,9,3021,2865,48,1.145,1,2287,0,158.655,2.984,3.063,-158.625,0.313,-0.125,0.223,1.277,2.477,1.664,2.727,0.094,0.256,1.063,1.352,3,NULL,NULL,,3,0,2,7,255,1199,250,0,0
stim,261859,291980,0,291980,3489309.454,-0.681,-0.036,-0.036,-0.731,0,0,2573,0,3109,0,3027,2837,48,1.145,1,2287,0,165.157,3.210,8.500,-164.938,-0.313,-0.137,0.184,1.348,2.477,2.043,2.867,0.106,0.274,1.063,1.352,3,NULL,NULL,,3,0,2,7,255,1199,250,0,0
stim,261897,292018,0,292018,3489314.455,-0.681,-0.041,-0.041,-0.730,0,0,2504,0,3091,0,3018,2805,48,1.145,1,2287,0,172.088,3.319,6.938,-171.938,1.938,-0.090,0.180,1.551,2.270,2.422,3.137,0.126,0.298,1.063,1.352,3,NULL,NULL,,3,0,2,7,255,1199,250,0,0
stim,261897,292018,0,292018,3489319.454,-0.681,-0.046,-0.046,-0.729,0,0,2426,0,3091,0,3019,2749,48,1.145,1,2287,0,178.253,3.333,1.875,-178.188,4.438,-0.180,0.160,1.777,2.270,2.441,5.141,0.152,0.326,1.063,1.352,3,NULL,NULL,,3,0,2,7,255,1199,250,0,0
stim,261897,292018,0,292018,3489324.455,-0.681,-0.053,-0.052,-0.728,0,0,2336,0,3083,1,3015,2712,48,1.145,1,2287,0,193.831,4.417,-7.563,-192.313,23.000,-0.293,0.148,1.957,2.270,3.789,7.203,0.182,0.360,1.063,1.352,3,NULL,NULL,,3,0,2,7,255,1199,250,0,0
stim,261897,292018,0,292018,3489329.454,-0.682,-0.060,-0.057,-0.726,0,0,2251,0,3079,4,3017,2652,48,1.145,1,2287,0,213.715,5.886,-20.563,-209.688,35.813,-0.457,0.285,2.098,2.273,5.430,8.707,0.218,0.400,1.063,1.352,3,NULL,NULL,,3,0,2,7,255,1199,250,0,0
stim,261897,292018,0,292018,3489334.455,-0.683,-0.069,-0.062,-0.725,0,0,2107,0,3054,35,3000,2600,48,1.145,1,2287,0,236.434,8.419,-50.125,-229.063,30.313,-0.543,0.418,2.117,3.816,7.504,9.449,0.258,0.442,1.063,1.352,3,NULL,NULL,,3,0,2,7,255,1199,250,0,0
stim,261897,292018,0,292018,3489339.454,-0.683,-0.079,-0.067,-0.723,0,0,1977,0,3047,57,2991,2516,48,1.145,1,2287,0,261.198,9.892,-73.875,-249.375,24.063,-0.496,0.469,2.004,5.277,8.367,9.449,0.302,0.488,1.063,1.352,3,NULL,NULL,,3,0,2,7,255,1199,250,0,0
stim,261897,292018,0,292018,3489344.455,-0.683,-0.090,-0.073,-0.722,0,0,1877,0,3025,63,2964,2425,48,1.145,1,2287,0,281.363,10.181,-77.500,-269.563,22.250,-0.465,0.488,1.949,5.801,8.367,8.203,0.350,0.538,1.063,1.352,3,NULL,NULL,,3,0,2,7,255,1199,250,0,0
stim,261897,292018,0,292018,3489349.453,-0.682,-0.102,-0.079,-0.720,0,0,1769,0,3015,85,2951,2331,48,1.145,1,2287,0,304.619,10.356,-80.938,-292.438,26.875,-0.410,0.512,2.031,6.102,8.367,8.109,0.406,0.596,1.063,1.352,3,NULL,NULL,,3,0,2,7,255,1199,250,0,0
stim,261923,292044,0,292044,3489354.455,-0.682,-0.114,-0.085,-0.717,0,0,1625,0,2984,95,2919,2225,48,1.145,1,2287,0,326.065,10.684,-94.375,-310.438,32.250,-0.410,0.535,2.098,6.508,8.473,8.109,0.468,0.660,1.063,1.352,3,NULL,NULL,,3,0,2,7,255,1199,250,0,0
stim,261923,292044,0,292044,3489359.454,-0.682,-0.128,-0.091,-0.715,0,0,1557,0,2951,103,2861,2122,48,1.145,1,2287,0,347.788,11.486,-102.188,-330.875,32.188,-0.504,0.555,2.199,6.961,9.137,8.426,0.538,0.732,1.063,1.352,3,NULL,NULL,,3,0,2,7,255,1199,250,0,0
stim,261923,292044,0,292044,3489364.455,-0.681,-0.142,-0.098,-0.712,0,0,1461,0,2921,107,2808,1999,48,1.145,1,2287,0,364.101,13.132,-106.125,-347.375,25.250,-0.613,0.598,2.375,7.453,10.813,8.715,0.614,0.810,1.063,1.352,3,NULL,NULL,,3,0,2,7,255,1199,250,0,0
stim,261923,292044,0,292044,3489369.454,-0.679,-0.156,-0.105,-0.709,0,0,1399,0,2873,101,2741,1889,48,1.145,1,2287,0,380.660,15.040,-102.813,-366.313,12.125,-0.699,0.500,2.547,7.723,12.906,9.555,0.694,0.892,1.063,1.352,3,NULL,NULL,,3,0,2,7,255,1199,250,0,0
stim,261941,292062,0,292062,3489374.455,-0.677,-0.171,-0.114,-0.706,0,0,1309,0,2813,77,2632,1777,48,1.145,1,2287,0,402.273,16.857,-98.563,-390.000,2.938,-0.734,0.410,2.781,7.723,14.984,10.375,0.780,0.980,1.063,1.352,3,NULL,NULL,,3,0,2,7,255,1199,250,0,0
stim,261941,292062,0,292062,3489379.454,-0.674,-0.188,-0.122,-0.704,0,0,1203,0,2759,69,2513,1653,48,1.145,1,2287,0,427.926,18.604,-130.813,-407.438,1.938,-0.793,0.555,2.738,7.723,16.926,10.375,0.870,1.070,1.063,1.352,3,NULL,NULL,,3,0,2,7,255,1199,250,0,0
stim,261941,292062,0,292062,3489384.455,-0.671,-0.205,-0.129,-0.701,0,0,1058,0,2648,52,2340,1515,48,1.145,1,2287,0,438.034,20.027,-146.875,-412.125,-21.313,-0.801,0.680,2.719,8.969,17.906,10.355,0.956,1.160,1.063,1.352,3,NULL,NULL,,3,0,2,7,255,1199,250,0,0
stim,261941,292062,0,292062,3489389.453,-0.666,-0.222,-0.137,-0.699,0,0,889,0,2533,11,2091,1369,48,1.145,1,2287,0,450.404,20.517,-148.188,-423.938,-34.375,-0.758,0.418,2.789,8.969,18.453,9.527,1.034,1.242,1.063,1.352,3,NULL,NULL,,3,0,2,7,255,1199,250,0,0
stim,261941,292062,0,292062,3489394.455,-0.661,-0.240,-0.145,-0.696,0,0,697,0,2397,0,1801,1189,48,1.145,1,2287,0,473.127,20.273,-173.125,-439.063,-33.188,-0.602,-0.020,2.652,8.395,18.453,9.223,1.104,1.314,1.063,1.352,3,NULL,NULL,,3,0,2,7,255,1199,250,0,0
stim,261941,292062,0,292062,3489399.453,-0.656,-0.260,-0.152,-0.692,0,0,531,0,2203,0,1437,1011,48,1.145,1,2287,0,495.098,18.870,-197.375,-453.750,-16.625,-0.426,-0.344,2.184,4.293,18.375,8.922,1.164,1.374,1.063,1.352,3,NULL,NULL,,3,0,2,7,255,1199,250,0,0
stim,261974,292095,0,292095,3489404.455,-0.651,-0.279,-0.160,-0.688,0,0,358,0,1951,0,983,877,48,1.145,1,2287,0,499.278,15.504,-182.125,-464.875,0.000,-0.223,-0.473,1.531,0.699,15.488,5.813,1.216,1.430,1.063,1.352,3,NULL,NULL,,3,0,2,7,255,1199,250,0,0
stim,261974,292095,0,292095,3489409.454,-0.647,-0.296,-0.170,-0.682,0,0,247,0,1673,0,467,693,48,1.145,1,2287,0,485.584,11.047,-109.500,-473.063,-3.688,-0.023,-0.414,1.141,-1.527,10.941,1.504,1.272,1.488,1.063,1.352,3,NULL,NULL,,3,0,2,7,255,1199,250,0,0
stim,261974,292095,0,292095,3489414.455,-0.644,-0.311,-0.183,-0.675,0,0,180,0,1293,0,170,549,48,1.145,1,2287,0,485.904,9.564,-9.688,-485.563,15.438,-0.059,-0.277,1.383,-1.527,9.441,0.254,1.338,1.556,1.063,1.352,3,NULL,NULL,,3,0,2,7,255,1199,250,0,0
stim,261974,292095,0,292095,3489419.454,-0.642,-0.325,-0.196,-0.666,0,0,107,0,925,0,0,483,48,1.145,1,2287,0,492.007,9.443,30.188,-487.688,57.625,-0.238,0.082,1.949,0.180,9.441,0.254,1.412,1.632,1.063,1.352,3,NULL,NULL,,3,0,2,7,255,1199,250,0,0
stim,262010,292131,0,292131,3489424.455,-0.641,-0.340,-0.208,-0.655,0,0,100,0,453,0,0,387,48,1.145,1,2287,0,502.025,15.175,-0.438,-491.875,100.438,-0.578,0.215,2.230,4.648,14.445,0.570,1.488,1.710,1.063,1.352,3,NULL,NULL,,3,0,2,7,255,1199,250,0,0
stim,262010,292131,0,292131,3489429.453,-0.641,-0.358,-0.218,-0.643,0,0,71,0,55,0,0,291,48,1.145,1,2287,0,534.834,19.959,-55.500,-505.750,164.875,-1.004,0.266,2.008,5.840,19.086,0.570,1.562,1.786,1.063,1.352,3,NULL,NULL,,3,0,2,7,255,1199,250,0,0
stim,262010,292131,0,292131,3489434.455,-0.640,-0.377,-0.226,-0.631,0,0,55,0,0,0,0,185,48,1.145,1,2287,0,549.529,20.081,-109.438,-508.188,178.188,-1.152,0.699,1.520,6.242,19.086,-4.941,1.630,1.854,1.063,1.352,3,NULL,NULL,,3,0,2,7,255,1199,250,0,0
stim,262010,292131,0,292131,3489439.454,-0.636,-0.395,-0.233,-0.621,0,0,11,0,0,0,0,134,48,1.145,1,2287,0,518.800,19.790,-148.313,-483.125,117.250,-0.867,1.199,1.023,8.656,17.797,-10.852,1.682,1.910,1.063,1.352,3,NULL,NULL,,3,0,2,7,255,1199,250,0,0
stim,262010,292131,0,292131,3489444.455,-0.631,-0.412,-0.240,-0.612,0,0,17,0,0,0,0,53,48,1.145,1,2287,0,480.849,17.148,-147.438,-452.438,69.125,-0.480,1.398,0.852,12.500,11.738,-12.453,1.722,1.952,1.063,1.352,4,NULL,NULL,,3,0,2,7,255,1199,250,0,0
stim,262010,292131,0,292131,3489449.454,-0.627,-0.429,-0.244,-0.603,0,0,27,0,0,0,0,74,48,1.145,1,2287,0,460.032,15.167,-187.125,-406.438,106.875,-0.508,1.105,0.895,12.500,8.590,-12.453,1.760,1.992,1.063,1.352,0,NULL,NULL,,3,0,2,7,255,1199,250,0,0
stim,262010,292131,0,292131,3489454.455,-0.621,-0.447,-0.243,-0.596,0,0,37,0,0,0,0,132,48,1.145,1,2287,0,458.738,14.053,-270.125,-347.563,129.125,-0.426,0.895,0.570,11.645,7.867,-12.453,1.804,2.040,1.063,1.352,0,NULL,NULL,,3,0,2,7,255,1199,250,0,0
stim,262010,292131,0,292131,3489459.454,-0.616,-0.461,-0.243,-0.591,0,0,37,0,0,0,0,155,48,1.145,1,2287,0,351.876,10.592,-226.000,-262.875,60.313,-0.340,0.313,0.270,8.973,5.629,-12.363,1.862,2.098,1.063,1.352,0,NULL,NULL,,3,0,2,7,255,1199,250,0,0
stim,262035,292156,0,292156,3489464.455,-0.613,-0.468,-0.245,-0.588,0,0,30,0,0,0,0,191,48,1.145,1,2287,0,215.845,6.340,-99.438,-189.938,25.000,-0.391,-0.457,0.621,2.918,5.629,-12.363,1.926,2.166,1.063,1.352,0,NULL,NULL,,3,0,2,7,255,1199,250,0,0
stim,262035,292156,0,292156,3489469.453,-0.611,-0.474,-0.246,-0.585,0,0,24,0,0,0,0,206,48,1.145,1,2287,0,140.730,8.003,-69.813,-120.375,21.000,-0.551,-0.504,1.355,-2.012,7.746,-9.094,1.992,2.232,1.063,1.352,0,NULL,NULL,,3,0,2,7,255,1199,250,0,0
stim,262035,292156,0,292156,3489474.455,-0.607,-0.479,-0.242,-0.586,0,0,29,0,0,0,0,201,48,1.145,1,2287,0,170.771,13.734,-167.250,-34.188,4.625,-0.598,-0.164,1.254,-2.012,13.586,-9.094,2.050,2.292,1.063,1.352,0,NULL,NULL,,3,0,2,7,255,1199,250,0,0
stim,262035,292156,0,292156,3489479.454,-0.602,-0.484,-0.235,-0.590,0,0,20,0,0,0,0,149,48,1.145,1,2287,0,250.546,13.616,-244.750,53.563,-1.250,-0.504,0.355,0.305,0.898,13.586,-9.219,2.106,2.350,1.063,1.352,0,NULL,NULL,,3,0,2,7,255,1199,250,0,0
stim,262035,292156,0,292156,3489484.455,-0.599,-0.486,-0.226,-0.594,0,0,23,0,0,0,0,119,48,1.145,1,2287,0,237.991,5.260,-201.563,126.438,5.063,-0.477,0.809,-0.465,3.137,4.223,-13.906,2.162,2.408,1.063,1.352,0,NULL,NULL,,3,0,2,7,255,1199,250,0,0
stim,262035,292156,0,292156,3489489.453,-0.599,-0.483,-0.220,-0.599,0,0,21,0,0,0,0,119,48,1.145,1,2287,0,194.989,5.059,-76.438,179.375,1.563,-0.582,0.777,-0.496,4.184,-2.844,-18.262,2.214,2.462,1.063,1.352,0,NULL,NULL,,3,0,2,7,255,1199,250,0,0
stim,262062,292183,0,292183,3489494.455,-0.601,-0.477,-0.215,-0.604,0,0,17,0,0,0,0,104,48,1.145,1,2287,0,216.718,5.059,10.625,215.938,-15.000,-0.641,0.336,0.133,4.184,-2.844,-18.262,2.260,2.510,1.063,1.352,0,NULL,NULL,,3,0,2,7,255,1199,250,0,0
stim,262062,292183,0,292183,3489499.453,-0.602,-0.471,-0.209,-0.610,0,0,13,0,0,0,0,95,48,1.145,1,2287,0,245.177,4.255,-1.250,244.063,-23.313,-0.563,0.039,0.551,2.266,3.602,-15.570,2.298,2.550,1.063,1.352,0,NULL,NULL,,3,0,2,7,255,1199,250,0,0
stim,262092,292213,0,292213,3489504.455,-0.603,-0.465,-0.201,-0.616,0,0,7,0,0,0,0,91,48,1.145,1,2287,0,265.987,5.956,-46.063,261.750,-10.688,-0.449,0.066,0.449,1.383,5.793,-12.004,2.324,2.580,1.063,1.352,0,NULL,NULL,,3,0,2,7,255,1199,250,0,0
stim,262092,292213,0,292213,3489509.454,-0.605,-0.459,-0.193,-0.622,0,0,6,0,0,0,0,91,48,1.145,1,2287,0,276.333,5.956,-56.938,270.188,10.813,-0.402,0.254,0.086,1.383,5.793,-12.004,2.342,2.600,1.063,1.352,0,NULL,NULL,,3,0,2,7,255,1199,250,0,0
stim,262092,292213,0,292213,3489514.455,-0.607,-0.452,-0.184,-0.627,0,0,2,0,0,0,0,83,48,1.145,1,2287,0,274.764,3.018,-25.438,272.563,23.625,-0.418,0.375,-0.141,1.906,2.340,-13.402,2.354,2.612,1.063,1.352,0,NULL,NULL,,3,0,2,7,255,1199,250,0,0
stim,262092,292213,0,292213,3489519.454,-0.610,-0.444,-0.177,-0.632,0,0,5,0,0,0,0,83,48,1.145,1,2287,0,274.010,2.291,15.125,272.250,27.063,-0.414,0.367,-0.125,2.172,0.730,-14.844,2.358,2.620,1.063,1.352,0,NULL,NULL,,3,0,2,7,255,1199,250,0,0
stim,262092,292213,0,292213,3489524.455,-0.613,-0.436,-0.171,-0.636,0,0,4,0,0,0,0,76,48,1.145,1,2287,0,276.019,2.291,38.563,271.563,30.875,-0.367,0.305,-0.016,2.172,0.730,-14.844,2.360,2.622,1.063,1.352,0,NULL,NULL,,3,0,2,7,255,1199,250,0,0
stim,262092,292213,0,292213,3489529.453,-0.617,-0.427,-0.164,-0.640,0,0,0,0,0,0,0,69,48,1.145,1,2287,0,277.759,2.582,48.000,270.500,40.938,-0.320,0.270,0.039,2.109,1.488,-13.652,2.360,2.626,1.063,1.352,0,NULL,NULL,,3,0,2,7,255,1199,250,0,0
stim,262113,292234,0,292234,3489534.455,-0.621,-0.419,-0.158,-0.644,0,0,0,0,0,0,0,69,48,1.145,1,2287,0,279.500,2.714,58.813,268.188,52.313,-0.316,0.270,0.047,2.109,1.707,-12.859,2.364,2.630,1.063,1.352,0,NULL,NULL,,3,0,2,7,255,1199,250,0,0
stim,262113,292234,0,292234,3489539.453,-0.626,-0.409,-0.151,-0.647,0,0,0,0,0,0,0,75,48,1.145,1,2287,0,281.645,2.764,77.125,264.250,59.563,-0.348,0.246,0.090,2.094,1.805,-12.723,2.370,2.640,1.063,1.352,0,NULL,NULL,,3,0,2,7,255,1199,250,0,0
stim,262113,292234,0,292234,3489544.455,-0.631,-0.400,-0.146,-0.649,0,0,0,0,0,0,0,72,48,1.145,1,2287,0,283.506,3.241,95.875,259.750,60.938,-0.375,0.207,0.215,2.145,2.430,-12.520,2.384,2.654,1.063,1.352,0,NULL,NULL,,3,0,2,7,255,1199,250,0,0
stim,262113,292234,0,292234,3489549.454,-0.635,-0.390,-0.141,-0.651,0,0,0,0,0,0,0,68,48,1.145,1,2287,0,283.098,4.182,105.938,256.000,58.188,-0.375,0.199,0.375,2.145,3.590,-11.762,2.402,2.676,1.063,1.352,0,NULL,NULL,,3,0,2,7,255,1199,250,0,0
stim,262113,292234,0,292234,3489554.455,-0.640,-0.380,-0.136,-0.654,0,0,0,0,0,0,0,69,48,1.145,1,2287,0,281.164,5.412,107.063,254.313,54.000,-0.359,0.223,0.523,2.637,4.727,-10.609,2.428,2.702,1.063,1.352,0,NULL,NULL,,3,0,2,7,255,1199,250,0,0
stim,262113,292234,0,292234,3489559.454,-0.644,-0.370,-0.131,-0.656,0,0,0,0,0,0,0,62,48,1.145,1,2287,0,279.849,6.483,103.438,255.313,49.313,-0.363,0.234,0.641,3.344,5.555,-9.492,2.460,2.738,1.063,1.352,0,NULL,NULL,,3,0,2,7,255,1199,250,0,0
stim,262113,292234,0,292234,3489564.455,-0.648,-0.360,-0.126,-0.659,0,0,0,0,0,0,0,61,48,1.145,1,2287,0,279.791,7.380,97.375,258.875,42.250,-0.391,0.223,0.746,3.836,6.305,-8.621,2.498,2.778,1.063,1.352,0,NULL,NULL,,3,0,2,7,255,1199,250,0,0
stim,262113,292234,0,292234,3489569.453,-0.652,-0.350,-0.121,-0.662,0,0,0,0,0,0,0,70,48,1.145,1,2287,0,281.176,8.210,88.063,265.188,31.313,-0.406,0.219,0.836,4.059,7.137,-7.840,2.544,2.826,1.063,1.352,0,NULL,NULL,,3,0,2,7,255,1199,250,0,0
stim,262136,292257,0,292257,3489574.455,-0.655,-0.340,-0.115,-0.665,0,0,0,0,0,0,0,69,48,1.145,1,2287,0,284.974,8.860,76.938,273.813,17.813,-0.410,0.230,0.902,4.273,7.762,-7.086,2.592,2.876,1.063,1.352,0,NULL,NULL,,3,0,2,7,255,1199,250,0,0
stim,262136,292257,0,292257,3489579.454,-0.657,-0.329,-0.109,-0.669,0,0,0,0,0,0,0,69,48,1.145,1,2287,0,290.976,9.296,65.125,283.563,4.250,-0.391,0.230,0.949,4.621,8.066,-6.449,2.640,2.926,1.063,1.352,0,NULL,NULL,,3,0,2,7,255,1199,250,0,0
stim,262136,292257,0,292257,3489584.455,-0.659,-0.319,-0.102,-0.674,0,0,0,0,0,0,0,75,48,1.145,1,2287,0,299.203,9.296,52.813,294.375,-8.750,-0.336,0.180,0.941,4.621,8.066,-5.785,2.686,2.974,1.063,1.352,0,NULL,NULL,,3,0,2,7,255,1199,250,0,0
stim,262136,292257,0,292257,3489589.454,-0.660,-0.309,-0.095,-0.679,0,0,1,0,0,0,0,79,48,1.145,1,2287,0,309.594,8.693,43.500,305.938,-18.938,-0.262,0.105,0.859,4.328,7.539,-5.129,2.728,3.018,1.063,1.352,0,NULL,NULL,,3,0,2,7,255,1199,250,0,0
stim,262158,292279,0,292279,3489594.455,-0.661,-0.298,-0.088,-0.683,0,0,1,0,0,0,0,89,48,1.145,1,2287,0,320.211,7.311,44.750,316.188,-23.625,-0.230,0.086,0.754,3.473,6.434,-5.129,2.766,3.060,1.063,1.352,0,NULL,NULL,,3,0,2,7,255,1199,250,0,0
stim,262158,292279,0,292279,3489599.453,-0.661,-0.287,-0.081,-0.689,0,0,0,0,0,0,0,87,48,1.145,1,2287,0,330.561,6.384,56.500,324.375,-29.313,-0.230,0.121,0.719,3.188,5.531,-5.355,2.798,3.092,1.063,1.352,0,NULL,NULL,,3,0,2,7,255,1199,250,0,0
stim,262158,292279,0,292279,3489604.455,-0.662,-0.274,-0.074,-0.694,0,0,0,0,0,0,0,91,48,1.145,1,2287,0,340.857,6.079,71.250,331.125,-38.250,-0.195,0.141,0.762,3.188,5.176,-5.355,2.826,3.122,1.063,1.352,0,NULL,NULL,,3,0,2,7,255,1199,250,0,0
stim,262158,292279,0,292279,3489609.454,-0.662,-0.262,-0.068,-0.699,0,0,0,0,0,0,0,101,48,1.145,1,2287,0,348.496,5.999,82.813,335.875,-42.188,-0.129,0.141,0.820,3.480,4.887,-4.934,2.852,3.150,1.063,1.352,0,NULL,NULL,,3,0,2,7,255,1199,250,0,0
stim,262197,292318,0,292318,3489614.455,-0.663,-0.249,-0.061,-0.704,0,0,0,0,0,0,0,103,48,1.145,1,2287,0,353.016,5.721,93.000,337.938,-42.063,-0.098,0.188,0.813,3.648,4.406,-3.977,2.876,3.176,1.063,1.352,0,NULL,NULL,,3,0,2,7,255,1199,250,0,0
stim,262197,292318,0,292318,3489619.454,-0.663,-0.235,-0.056,-0.709,0,0,0,0,0,0,0,103,48,1.145,1,2287,0,358.663,5.414,110.813,338.250,-44.125,-0.066,0.164,0.828,3.793,3.863,-3.859,2.898,3.200,1.063,1.352,0,NULL,NULL,,3,0,2,7,255,1199,250,0,0
stim,262197,292318,0,292318,3489624.455,-0.663,-0.221,-0.050,-0.713,0,0,1,0,0,0,0,103,48,1.145,1,2287,0,361.611,5.145,126.625,336.125,-41.813,-0.012,0.117,0.895,3.793,3.477,-3.367,2.918,3.222,1.063,1.352,0,NULL,NULL,,3,0,2,7,255,1199,250,0,0
stim,262197,292318,0,292318,3489629.453,-0.664,-0.206,-0.045,-0.717,0,0,0,0,0,0,0,103,48,1.145,1,2287,0,361.967,4.632,137.438,333.375,-31.500,0.059,0.082,0.984,3.469,3.070,-2.332,2.938,3.246,1.063,1.352,0,NULL,NULL,,3,0,2,7,255,1199,250,0,0
stim,262197,292318,0,292318,3489634.455,-0.665,-0.192,-0.041,-0.721,0,0,0,0,0,0,0,100,48,1.145,1,2287,0,359.982,4.290,143.500,329.750,-16.125,0.043,0.160,1.031,3.469,2.523,-1.074,2.960,3.270,1.063,1.352,0,NULL,NULL,,3,0,2,7,255,1199,250,0,0
stim,262197,292318,0,292318,3489639.453,-0.666,-0.177,-0.036,-0.724,0,0,0,0,0,0,0,93,48,1.145,1,2287,0,360.341,4.713,152.563,326.313,-9.500,0.012,0.199,1.063,3.980,2.523,-0.762,2.984,3.296,1.063,1.352,0,NULL,NULL,,3,0,2,7,255,1199,250,0,0
stim,262197,292318,0,292318,3489644.455,-0.667,-0.162,-0.032,-0.726,0,0,0,0,0,0,0,91,48,1.145,1,2287,0,362.980,4.738,165.813,322.813,-7.250,-0.016,0.172,1.113,3.980,2.570,-0.547,3.010,3.322,1.063,1.352,0,NULL,NULL,,3,0,2,7,255,1199,250,0,0
stim,262197,292318,0,292318,3489649.454,-0.668,-0.147,-0.029,-0.729,0,0,0,0,0,0,0,87,48,1.145,1,2287,0,366.709,4.808,179.563,319.688,-5.688,-0.055,0.164,1.219,3.977,2.703,0.066,3.036,3.350,1.063,1.352,0,NULL,NULL,,3,0,2,7,255,1199,250,0,0
stim,262219,292340,0,292340,3489654.455,-0.669,-0.131,-0.025,-0.731,0,0,1,0,0,0,0,81,48,1.145,1,2287,0,368.443,5.031,187.688,317.000,-5.875,-0.105,0.184,1.387,3.977,3.082,1.113,3.062,3.378,1.063,1.352,0,NULL,NULL,,3,0,2,7,255,1199,250,0,0
stim,262219,292340,0,292340,3489659.454,-0.670,-0.116,-0.022,-0.733,0,0,2,0,0,0,0,77,48,1.145,1,2287,0,365.022,5.604,183.813,315.250,-8.438,-0.148,0.219,1.535,4.297,3.598,2.684,3.090,3.408,1.063,1.352,0,NULL,NULL,,3,0,2,7,255,1199,250,0,0
stim,262219,292340,0,292340,3489664.455,-0.670,-0.100,-0.019,-0.735,0,0,5,0,0,0,0,76,48,1.145,1,2287,0,358.883,6.036,173.250,314.000,-13.625,-0.164,0.227,1.629,4.676,3.816,4.145,3.116,3.436,1.063,1.352,0,NULL,NULL,,3,0,2,7,255,1199,250,0,0
stim,262219,292340,0,292340,3489669.453,-0.671,-0.086,-0.015,-0.737,0,0,7,0,0,0,0,79,48,1.145,1,2287,0,352.285,6.036,161.938,312.438,-16.250,-0.180,0.227,1.688,4.676,3.816,5.195,3.140,3.462,1.063,1.352,0,NULL,NULL,,3,0,2,7,255,1199,250,0,0
stim,262241,292362,0,292362,3489674.455,-0.670,-0.071,-0.011,-0.739,0,0,6,0,0,0,0,84,48,1.145,1,2287,0,347.014,5.810,153.188,310.688,-20.625,-0.191,0.211,1.738,4.527,3.641,5.883,3.164,3.488,1.063,1.352,0,NULL,NULL,,3,0,2,7,255,1199,250,0,0
stim,262241,292362,0,292362,3489679.454,-0.670,-0.057,-0.007,-0.741,0,0,9,0,0,0,0,85,48,1.145,1,2287,0,341.687,5.402,143.938,308.750,-26.563,-0.195,0.215,1.785,4.184,3.418,6.539,3.184,3.510,1.063,1.352,0,NULL,NULL,,3,0,2,7,255,1199,250,0,0
stim,262241,292362,0,292362,3489684.455,-0.669,-0.043,-0.002,-0.742,0,0,10,0,0,0,0,91,48,1.145,1,2287,0,334.519,5.057,133.313,305.250,-30.875,-0.188,0.207,1.793,4.039,3.043,7.145,3.202,3.532,1.063,1.352,0,NULL,NULL,,3,0,2,7,255,1199,250,0,0
stim,262241,292362,0,292362,3489689.454,-0.667,-0.030,0.003,-0.744,0,0,9,0,0,0,0,95,48,1.145,1,2287,0,327.585,4.504,124.750,300.938,-34.438,-0.156,0.184,1.750,3.723,2.535,7.145,3.220,3.550,1.063,1.352,0,NULL,NULL,,3,0,2,7,255,1199,250,0,0
stim,262241,292362,0,292362,3489694.455,-0.666,-0.016,0.007,-0.746,0,0,11,0,0,0,0,93,48,1.145,1,2287,0,323.019,3.664,124.625,295.813,-36.125,-0.121,0.145,1.695,3.191,1.801,7.105,3.232,3.564,1.063,1.352,0,NULL,NULL,,3,0,2,7,255,1199,250,0,0
stim,262241,292362,0,292362,3489699.453,-0.664,-0.003,0.011,-0.747,0,0,17,0,0,0,0,97,48,1.145,1,2287,0,320.982,2.746,132.500,290.063,-36.563,-0.094,0.133,1.680,2.523,1.082,6.648,3.242,3.576,1.063,1.352,0,NULL,NULL,,3,0,2,7,255,1199,250,0,0
stim,262293,292414,0,292414,3489704.455,-0.663,0.011,0.014,-0.749,0,0,13,0,0,0,0,92,48,1.145,1,2287,0,321.351,2.178,144.375,284.625,-37.563,-0.059,0.129,1.715,2.137,0.422,6.648,3.248,3.584,1.063,1.352,0,NULL,NULL,,3,0,2,7,255,1199,250,0,0
stim,262293,292414,0,292414,3489709.454,-0.661,0.024,0.017,-0.750,0,0,18,0,0,0,0,89,48,1.145,1,2287,0,323.105,1.811,156.938,279.813,-38.375,-0.004,0.090,1.773,1.785,-0.305,6.945,3.250,3.588,1.063,1.352,0,NULL,NULL,,3,0,2,7,255,1199,250,0,0
stim,262293,292414,0,292414,3489714.455,-0.659,0.038,0.020,-0.751,0,0,18,0,0,0,0,91,48,1.145,1,2287,0,325.598,1.623,168.250,276.375,-36.375,0.059,0.039,1.836,1.090,-1.203,7.523,3.246,3.588,1.063,1.352,0,NULL,NULL,,3,0,2,7,255,1199,250,0,0
stim,262293,292414,0,292414,3489719.454,-0.657,0.052,0.021,-0.752,0,0,22,0,0,0,0,92,48,1.145,1,2287,0,329.101,2.206,178.813,274.375,-32.438,0.133,0.035,1.871,0.219,-2.195,8.063,3.238,3.580,1.063,1.352,0,NULL,NULL,,3,0,2,7,255,1199,250,0,0
stim,262293,292414,0,292414,3489724.455,-0.655,0.066,0.023,-0.752,0,0,24,0,0,0,0,89,48,1.145,1,2287,0,335.974,3.350,193.063,273.438,-28.938,0.223,0.051,1.902,-0.262,-3.340,8.273,3.222,3.568,1.063,1.352,0,NULL,NULL,,3,0,2,7,255,1199,250,0,0
stim,262293,292414,0,292414,3489729.453,-0.653,0.081,0.024,-0.753,0,0,21,0,0,0,0,84,48,1.145,1,2287,0,346.600,4.657,212.750,272.438,-25.438,0.348,0.063,1.988,-0.637,-4.613,8.387,3.196,3.542,1.063,1.352,0,NULL,NULL,,3,0,2,7,255,1199,250,0,0
stim,262293,292414,0,292414,3489734.455,-0.651,0.097,0.024,-0.753,0,0,23,0,0,0,0,77,48,1.145,1,2287,0,358.855,6.434,232.000,272.813,-22.938,0.512,0.078,2.121,-1.141,-6.332,8.914,3.160,3.508,1.063,1.352,0,NULL,NULL,,3,0,2,7,255,1199,250,0,0
stim,262293,292414,0,292414,3489739.453,-0.648,0.113,0.024,-0.752,0,0,25,0,0,0,0,71,48,1.145,1,2287,0,368.867,8.726,245.125,275.000,-18.750,0.688,0.094,2.262,-1.742,-8.551,9.762,3.114,3.464,1.063,1.352,0,NULL,NULL,,3,0,2,7,255,1199,250,0,0
stim,262293,292414,0,292414,3489744.455,-0.646,0.129,0.023,-0.752,0,0,25,0,0,0,0,77,48,1.145,1,2287,0,375.328,11.191,252.063,277.938,-9.313,0.840,0.082,2.383,-2.473,-10.914,10.563,3.058,3.410,1.063,1.352,0,NULL,NULL,,3,0,2,7,255,1199,250,0,0
stim,262293,292414,0,292414,3489749.454,-0.644,0.145,0.023,-0.751,0,0,28,0,0,0,0,85,48,1.145,1,2287,0,381.520,13.454,259.125,280.000,3.375,0.961,0.070,2.516,-3.496,-12.992,11.066,2.994,3.346,1.063,1.352,0,NULL,NULL,,3,0,2,7,255,1199,250,0,0
stim,262321,292442,0,292442,3489754.455,-0.642,0.162,0.022,-0.749,0,0,24,0,0,0,0,84,48,1.145,1,2287,0,384.266,15.486,259.750,282.938,11.688,1.051,0.078,2.629,-4.516,-14.813,11.641,2.920,3.276,1.063,1.352,0,NULL,NULL,,3,0,2,7,255,1199,250,0,0
stim,262321,292442,0,292442,3489759.454,-0.640,0.178,0.022,-0.747,0,0,25,0,0,0,0,79,48,1.145,1,2287,0,382.229,17.225,253.438,285.625,16.938,1.117,0.098,2.703,-5.320,-16.383,12.023,2.840,3.196,1.063,1.352,0,NULL,NULL,,3,0,2,7,255,1199,250,0,0
stim,262321,292442,0,292442,3489764.455,-0.639,0.194,0.022,-0.744,0,0,25,0,0,0,0,89,48,1.145,1,2287,0,374.332,18.681,239.625,286.750,21.875,1.152,0.109,2.719,-5.953,-17.707,12.023,2.754,3.112,1.063,1.352,0,NULL,NULL,,3,0,2,7,255,1199,250,0,0
stim,262321,292442,0,292442,3489769.453,-0.637,0.210,0.023,-0.741,0,0,24,0,0,0,0,103,48,1.145,1,2287,0,361.462,19.637,221.063,284.688,27.188,1.152,0.125,2.691,-6.441,-18.551,11.555,2.664,3.024,1.063,1.352,0,NULL,NULL,,3,0,2,7,255,1199,250,0,0
stim,262338,292459,0,292459,3489774.455,-0.635,0.225,0.024,-0.738,0,0,28,0,0,0,0,125,48,1.145,1,2287,0,346.443,20.022,202.500,279.625,28.750,1.207,0.211,2.688,-6.441,-18.957,10.785,2.570,2.930,1.063,1.352,0,NULL,NULL,,3,0,2,7,255,1199,250,0,0
stim,262338,292459,0,292459,3489779.454,-0.634,0.238,0.025,-0.735,0,0,26,0,0,0,0,135,48,1.145,1,2287,0,327.322,21.030,179.500,272.688,23.688,1.367,0.258,2.684,-6.379,-20.039,10.211,2.470,2.832,1.063,1.352,0,NULL,NULL,,3,0,2,7,255,1199,250,0,0
stim,262338,292459,0,292459,3489784.455,-0.632,0.251,0.028,-0.732,0,0,24,0,0,0,0,148,48,1.145,1,2287,0,303.967,22.876,149.313,263.625,24.563,1.582,0.152,2.551,-6.379,-21.969,9.117,2.364,2.726,1.063,1.352,0,NULL,NULL,,3,0,2,7,255,1199,250,0,0
stim,262338,292459,0,292459,3489789.454,-0.632,0.262,0.030,-0.729,0,0,24,0,0,0,0,166,48,1.145,1,2287,0,281.803,24.749,120.875,251.625,38.563,1.746,-0.086,2.281,-7.398,-23.617,6.305,2.256,2.618,1.063,1.352,0,NULL,NULL,,3,0,2,7,255,1199,250,0,0
stim,262362,292483,0,292483,3489794.455,-0.632,0.273,0.033,-0.725,0,0,25,0,0,0,0,171,48,1.145,1,2287,0,265.601,25.284,105.875,237.625,53.563,1.852,-0.297,1.949,-9.027,-23.617,2.176,2.144,2.508,1.063,1.352,0,NULL,NULL,,3,0,2,7,255,1199,250,0,0
stim,262362,292483,0,292483,3489799.453,-0.632,0.283,0.035,-0.721,0,0,25,0,0,0,0,175,48,1.145,1,2287,0,254.389,25.484,106.500,222.875,60.813,1.969,-0.418,1.641,-9.996,-23.441,-2.152,2.028,2.392,1.063,1.352,0,NULL,NULL,,3,0,2,7,255,1199,250,0,0
stim,262391,292512,0,292512,3489804.455,-0.632,0.293,0.036,-0.717,0,0,27,0,0,0,0,187,48,1.145,1,2287,0,251.161,25.484,123.625,208.250,66.563,2.129,-0.426,1.367,-9.996,-23.441,-6.113,1.908,2.274,1.063,1.352,0,NULL,NULL,,3,0,2,7,255,1199,250,0,0
stim,262391,292512,0,292512,3489809.454,-0.631,0.304,0.036,-0.713,0,0,25,0,0,0,0,213,48,1.145,1,2287,0,256.163,25.575,151.750,192.750,73.750,2.344,-0.555,1.313,-10.109,-23.492,-9.590,1.786,2.150,1.063,1.352,0,NULL,NULL,,3,0,2,7,255,1199,250,0,0
stim,262391,292512,0,292512,3489814.455,-0.632,0.313,0.035,-0.708,0,0,25,0,0,0,0,245,48,1.145,1,2287,0,248.158,26.893,152.000,175.375,87.875,2.500,-0.797,1.426,-10.184,-24.891,-11.902,1.660,2.024,1.063,1.352,0,NULL,NULL,,3,0,2,7,255,1199,250,0,0
stim,262391,292512,0,292512,3489819.454,-0.632,0.323,0.034,-0.704,0,0,25,0,0,0,0,265,48,1.145,1,2287,0,240.704,29.128,148.875,162.188,97.313,2.613,-0.855,1.293,-12.469,-26.324,-12.988,1.530,1.894,1.063,1.352,0,NULL,NULL,,3,0,2,7,255,1199,250,0,0
stim,262391,292512,0,292512,3489824.455,-0.633,0.332,0.032,-0.699,0,0,27,0,0,0,0,295,48,1.145,1,2287,0,239.921,29.461,155.875,146.000,109.313,2.727,-1.035,1.188,-12.637,-26.613,-15.238,1.394,1.758,1.063,1.352,0,NULL,NULL,,3,0,2,7,255,1199,250,0,0
stim,262391,292512,0,292512,3489829.453,-0.634,0.341,0.028,-0.694,0,0,25,0,0,0,0,304,48,1.145,1,2287,0,257.180,29.805,189.625,125.813,119.813,2.762,-1.328,1.059,-13.418,-26.613,-17.688,1.254,1.616,1.063,1.352,0,NULL,NULL,,3,0,2,7,255,1199,250,0,0
stim,262414,292535,0,292535,3489834.455,-0.634,0.350,0.022,-0.689,0,0,23,0,0,0,0,316,48,1.145,1,2287,0,272.139,30.366,218.875,100.438,126.750,2.664,-1.391,1.324,-15.266,-26.250,-18.559,1.112,1.470,1.063,1.352,0,NULL,NULL,,3,0,2,7,255,1199,250,0,0
stim,262414,292535,0,292535,3489839.453,-0.633,0.359,0.016,-0.685,0,0,24,0,0,0,0,331,48,1.145,1,2287,0,266.898,30.850,231.375,72.000,111.875,2.406,-1.336,1.633,-16.672,-25.957,-18.559,0.970,1.324,1.063,1.352,0,NULL,NULL,,3,0,2,7,255,1199,250,0,0
stim,262414,292535,0,292535,3489844.455,-0.633,0.367,0.009,-0.682,0,0,29,0,0,0,0,343,48,1.145,1,2287,0,251.053,31.538,227.625,42.063,97.188,2.449,-1.270,2.078,-17.480,-26.250,-15.215,0.828,1.176,1.063,1.352,0,NULL,NULL,,3,0,2,7,255,1199,250,0,0
stim,262414,292535,0,292535,3489849.454,-0.632,0.372,0.002,-0.679,0,0,29,0,0,0,0,341,48,1.145,1,2287,0,208.377,33.445,187.938,6.750,89.750,2.121,-0.887,2.559,-18.043,-28.160,-12.273,0.688,1.028,1.063,1.352,0,NULL,NULL,,3,0,2,7,255,1199,250,0,0
stim,262414,292535,0,292535,3489854.455,-0.633,0.375,-0.004,-0.677,0,0,20,0,0,0,0,357,48,1.145,1,2287,0,161.088,33.758,130.688,-22.313,91.500,2.121,-0.805,2.758,-18.367,-28.324,-5.809,0.558,0.882,1.063,1.352,0,NULL,NULL,,3,0,2,7,255,1199,250,0,0
stim,262414,292535,0,292535,3489859.454,-0.635,0.377,-0.011,-0.674,0,0,11,0,0,0,0,480,48,1.145,1,2287,0,191.728,33.758,115.188,-70.438,136.125,1.102,-1.141,3.484,-18.367,-28.324,-4.094,0.442,0.738,1.063,1.352,0,NULL,NULL,,3,0,2,7,255,1199,250,0,0
stim,262414,292535,0,292535,3489864.455,-0.640,0.383,-0.042,-0.665,248,0,7,426,0,35,0,505,48,1.145,1,2287,0,760.257,39.041,533.313,-280.188,463.750,0.559,0.641,7.953,-25.707,-29.383,4.563,0.358,0.598,1.063,1.352,0,NULL,NULL,,3,0,2,7,255,1199,250,0,0
stim,262414,292535,0,292535,3489869.453,-0.652,0.370,-0.041,-0.661,893,0,5,1081,0,219,0,573,48,1.145,1,2287,0,412.666,40.793,-298.813,-137.625,249.125,-0.883,1.098,7.691,-31.047,-26.461,47.082,0.324,0.476,1.063,1.352,0,NULL,NULL,,3,0,2,7,255,1199,250,0,0
stim,262436,292557,0,292557,3489874.455,-0.675,0.333,-0.013,-0.658,1371,0,2,1507,0,463,0,643,48,1.145,1,2287,0,1200.749,40.793,-1181.563,-110.438,183.063,-0.766,2.980,1.836,-31.047,-26.461,47.082,0.338,0.398,1.063,1.352,0,NULL,NULL,,3,0,2,7,255,1199,250,0,0
stim,262436,292557,0,292557,3489879.454,-0.693,0.297,0.012,-0.657,1811,0,0,1797,0,702,0,694,49,1.145,1,2288,0,1092.833,17.640,-1079.875,-130.875,105.000,-0.809,3.223,-2.215,17.320,-3.344,20.543,0.374,0.376,1.063,1.352,1,1192.000,-7.000,,3,0,2,7,255,1199,250,0,0
stim,262436,292557,0,292557,3489884.455,-0.702,0.278,0.022,-0.655,2095,0,0,1937,0,917,0,777,49,1.145,1,2288,0,530.373,26.607,-507.313,-123.188,93.563,-1.164,1.461,-3.273,21.539,15.621,-13.008,0.392,0.404,1.063,1.352,1,NULL,NULL,,3,0,2,7,255,1199,250,0,0
stim,262436,292557,0,292557,3489889.453,-0.705,0.271,0.018,-0.655,2269,0,0,2072,0,1119,0,857,49,1.145,1,2288,0,190.313,26.607,-72.125,-164.125,63.875,-1.055,-0.840,-0.664,21.539,15.621,-14.207,0.394,0.440,1.063,1.352,1,NULL,NULL,,3,0,2,7,255,1199,250,0,0
stim,262464,292585,0,292585,3489894.455,-0.707,0.268,0.013,-0.654,2415,0,0,2137,0,1272,0,953,49,1.145,1,2288,0,155.199,12.991,15.563,-141.750,61.250,-0.238,0.039,1.680,-5.051,11.969,-14.207,0.398,0.464,1.063,1.352,1,NULL,NULL,,3,0,2,7,255,1199,250,0,0
stim,262464,292585,0,292585,3489899.453,-0.711,0.262,0.011,-0.653,2523,0,0,2197,0,1407,0,1043,49,1.145,1,2288,0,166.813,6.728,-87.000,-110.313,89.938,0.258,2.352,1.996,-5.051,-4.445,5.457,0.406,0.484,1.063,1.352,1,NULL,NULL,,3,0,2,7,255,1199,250,0,0
stim,262464,292585,0,292585,3489904.455,-0.717,0.253,0.012,-0.650,2601,0,0,2275,0,1557,0,1107,49,1.145,1,2288,0,253.362,15.789,-201.813,-98.125,117.625,-0.176,2.223,1.867,15.121,-4.543,13.887,0.412,0.500,1.063,1.352,2,NULL,NULL,,3,0,2,7,255,1199,250,0,0
stim,262464,292585,0,292585,3489909.454,-0.722,0.241,0.018,-0.648,2749,0,0,2505,0,1637,0,1134,49,1.145,1,2288,0,343.427,15.789,-321.000,-94.313,77.500,-0.684,0.633,1.387,15.121,-4.543,13.887,0.406,0.510,1.063,1.352,2,NULL,NULL,,3,0,2,7,255,1199,250,0,0
stim,262496,292617,0,292617,3489914.455,-0.727,0.228,0.024,-0.648,2861,0,0,2676,0,1669,0,1195,49,1.145,1,2288,0,354.084,1.912,-340.313,-94.688,24.438,-0.957,-0.621,0.301,1.242,1.453,6.434,0.372,0.508,1.063,1.352,2,NULL,NULL,,3,0,2,7,255,1199,250,0,0
stim,262496,292617,0,292617,3489919.454,-0.732,0.215,0.026,-0.646,2937,0,0,2792,0,1695,0,1325,49,1.145,1,2288,0,328.045,10.846,-277.063,-147.125,95.938,-1.191,-1.699,-0.215,-8.105,7.207,-5.699,0.322,0.500,1.063,1.352,2,NULL,NULL,,3,0,2,7,255,1199,250,0,0
stim,262496,292617,0,292617,3489924.455,-0.734,0.206,0.026,-0.647,2984,0,0,2893,0,1710,0,1443,49,1.145,1,2288,0,210.589,18.090,-151.688,-146.063,2.125,-1.082,-1.488,0.063,-16.039,8.367,-9.520,0.276,0.482,1.063,1.352,2,NULL,NULL,,3,0,2,7,255,1199,250,0,0
stim,262496,292617,0,292617,3489929.453,-0.734,0.200,0.023,-0.649,3025,0,0,2955,0,1719,0,1511,49,1.145,1,2288,0,161.319,18.090,-49.625,-148.750,-37.875,-0.371,-0.527,0.879,-16.039,8.367,-9.520,0.238,0.446,1.063,1.352,2,NULL,NULL,,3,0,2,7,255,1199,250,0,0
stim,262496,292617,0,292617,3489934.455,-0.732,0.196,0.020,-0.652,3047,0,0,3019,0,1747,0,1557,49,1.145,1,2288,0,142.631,7.353,-19.250,-127.000,-62.000,0.250,-0.105,1.738,-7.352,0.141,-1.984,0.216,0.394,1.063,1.352,2,NULL,NULL,,3,0,2,7,255,1199,250,0,0
stim,262496,292617,0,292617,3489939.453,-0.732,0.190,0.019,-0.654,3055,0,0,3054,0,1769,0,1575,49,1.145,1,2288,0,136.643,9.801,-77.438,-108.750,-29.125,0.664,-0.348,1.906,-6.016,-7.738,5.070,0.210,0.330,1.063,1.352,2,NULL,NULL,,3,0,2,7,255,1199,250,0,0
stim,262496,292617,0,292617,3489944.455,-0.735,0.182,0.020,-0.653,3066,0,0,3091,0,1824,0,1609,49,1.145,1,2288,0,202.152,12.802,-169.375,-99.813,47.063,0.633,-0.859,1.594,-6.016,-11.301,5.070,0.224,0.266,1.063,1.352,2,NULL,NULL,,3,0,2,7,255,1199,250,0,0
stim,262496,292617,0,292617,3489949.454,-0.740,0.173,0.022,-0.649,3081,0,0,3116,0,1885,0,1611,49,1.145,1,2288,0,259.333,15.191,-213.063,-89.813,117.438,0.141,-1.082,0.883,-10.152,-11.301,1.422,0.242,0.218,1.063,1.352,2,NULL,NULL,,3,0,2,7,255,1199,250,0,0
stim,262520,292641,0,292641,3489954.455,-0.745,0.164,0.024,-0.646,3097,0,0,3139,0,1963,0,1663,49,1.145,1,2288,0,236.214,11.291,-189.563,-88.188,109.938,-0.785,-0.766,0.598,-10.152,-4.941,-3.707,0.250,0.198,1.063,1.352,2,NULL,NULL,,3,0,2,7,255,1199,250,0,0
stim,262520,292641,1,292641,3489959.454,-0.747,0.158,0.024,-0.645,3101,0,0,3150,0,2053,1,1715,49,1.145,1,2288,0,160.244,10.670,-121.563,-96.125,40.750,-0.695,-0.027,0.340,-9.539,4.781,-4.098,0.256,0.190,1.063,1.352,2,NULL,NULL,,3,1,2,7,255,1199,250,0,0
stim,262520,292641,1,292641,3489964.455,-0.748,0.153,0.022,-0.646,3109,0,0,3160,0,2122,7,1758,49,1.145,1,2288,0,115.169,5.160,-52.250,-102.313,-8.125,-0.484,0.309,0.824,-1.941,4.781,-3.707,0.264,0.186,1.063,1.352,2,NULL,NULL,,3,1,2,7,255,1199,250,0,0
stim,262520,292641,1,292641,3489969.453,-0.747,0.148,0.021,-0.648,3100,0,0,3159,0,2205,11,1851,49,1.145,1,2288,0,127.141,2.848,-61.125,-104.625,-38.500,-0.305,0.273,1.340,0.332,2.828,-0.477,0.274,0.180,1.063,1.352,2,NULL,NULL,,3,1,2,7,255,1199,250,0,0
stim,262540,292661,1,292661,3489974.455,-0.747,0.141,0.021,-0.649,3099,0,0,3155,1,2269,83,1969,49,1.145,1,2288,0,151.139,0.339,-107.125,-99.688,-37.813,-0.051,0.012,1.207,0.332,-0.066,1.723,0.286,0.174,1.063,1.352,2,NULL,NULL,,3,1,2,7,255,1199,250,0,0
stim,262540,292661,1,292661,3489979.454,-0.747,0.136,0.021,-0.651,3100,0,0,3164,186,2321,121,2069,49,1.145,1,2288,0,137.089,2.777,-101.938,-84.563,-35.375,0.070,-0.305,1.297,-1.496,-2.340,1.914,0.302,0.162,1.063,1.352,2,NULL,NULL,,3,1,2,7,255,1199,250,0,0
stim,262540,292661,1,292661,3489984.455,-0.745,0.132,0.021,-0.653,3101,0,0,3171,491,2363,86,2136,49,1.145,1,2288,0,94.901,5.566,-58.438,-44.875,-59.813,0.387,-0.340,1.008,-3.902,-3.969,1.723,0.326,0.144,1.063,1.352,2,NULL,NULL,,3,1,2,7,255,1199,250,0,0
stim,262540,292661,1,292661,3489989.454,-0.745,0.130,0.020,-0.654,3100,0,0,3171,669,2393,103,2199,49,1.145,1,2288,0,58.668,7.408,-18.750,-48.313,-27.500,0.480,0.113,0.930,-3.902,-6.297,-1.500,0.350,0.120,1.063,1.352,2,NULL,NULL,,3,1,2,7,255,1199,250,0,0
stim,262540,292661,1,292661,3489994.455,-0.744,0.128,0.020,-0.655,3101,0,0,3171,857,2421,117,2251,49,1.145,1,2288,0,48.815,6.298,-15.875,-36.313,-28.500,-0.051,0.195,1.500,0.121,-6.297,-1.500,0.370,0.098,1.063,1.352,2,NULL,NULL,,3,1,2,7,255,1199,250,0,0
stim,262540,292661,1,292661,3489999.453,-0.743,0.125,0.021,-0.657,3101,0,0,3173,1003,2443,120,2293,49,1.145,1,2288,0,83.600,2.511,-68.250,-23.250,-42.313,-0.098,-0.113,1.129,0.121,-2.508,1.004,0.384,0.082,1.063,1.352,2,NULL,NULL,,3,1,2,7,255,1199,250,0,0
stim,262594,292715,1,292715,3490004.455,-0.743,0.123,0.022,-0.658,3096,0,0,3167,1139,2457,119,2343,49,1.145,1,2288,0,71.692,2.917,-59.813,-23.625,-31.688,-0.070,-0.164,0.762,-2.430,-1.613,1.004,0.392,0.072,1.063,1.352,2,NULL,NULL,,3,1,2,7,255,1199,250,0,0
stim,262594,292715,1,292715,3490009.454,-0.742,0.121,0.022,-0.659,3100,9,0,3171,1222,2471,117,2374,49,1.145,1,2288,0,53.794,2.678,-17.813,-19.625,-46.813,-0.160,-0.004,0.934,-2.430,-1.125,-0.598,0.400,0.068,1.063,1.352,2,NULL,NULL,,3,1,2,7,255,1199,250,0,0
stim,262594,292715,1,292715,3490014.455,-0.740,0.120,0.022,-0.661,3101,13,0,3171,1303,2485,119,2395,49,1.145,1,2288,0,59.686,1.647,-3.125,-14.750,-57.750,-0.043,0.207,1.074,-1.203,-1.125,-0.598,0.404,0.064,1.063,1.352,2,NULL,NULL,,3,1,2,7,255,1199,250,0,0
stim,262594,292715,1,292715,3490019.454,-0.739,0.119,0.022,-0.663,3100,23,0,3175,1384,2501,115,2423,49,1.145,1,2288,0,57.921,1.674,-18.313,-10.500,-53.938,-0.008,0.168,1.145,0.461,-1.609,0.766,0.410,0.062,1.063,1.352,2,NULL,NULL,,3,1,2,7,255,1199,250,0,0
stim,262594,292715,1,292715,3490024.455,-0.738,0.118,0.023,-0.664,3101,44,0,3174,1493,2513,111,2445,49,1.145,1,2288,0,62.846,1.847,-45.000,-9.000,-42.938,-0.051,-0.109,1.066,0.461,-1.789,0.766,0.418,0.056,1.063,1.352,2,NULL,NULL,,3,1,2,7,255,1199,250,0,0
stim,262594,292715,1,292715,3490029.453,-0.737,0.116,0.025,-0.665,3101,61,0,3171,1556,2525,109,2464,49,1.145,1,2288,0,58.459,2.597,-46.375,-8.750,-34.500,-0.133,-0.094,0.855,-1.883,-1.789,0.363,0.428,0.050,1.063,1.352,2,NULL,NULL,,3,1,2,7,255,1199,250,0,0
stim,262594,292715,1,292715,3490034.455,-0.736,0.114,0.025,-0.667,3103,69,0,3173,1607,2535,104,2479,49,1.145,1,2288,0,51.880,1.968,-27.500,-8.375,-43.188,-0.145,0.109,0.887,-1.883,-0.574,-0.941,0.434,0.044,1.063,1.352,2,NULL,NULL,,3,1,2,7,255,1199,250,0,0
stim,262594,292715,1,292715,3490039.453,-0.735,0.113,0.026,-0.668,3107,85,0,3175,1641,2543,101,2495,49,1.145,1,2288,0,49.512,0.579,-19.063,-8.938,-44.813,-0.105,0.137,1.004,0.074,-0.574,-0.941,0.440,0.040,1.063,1.352,2,NULL,NULL,,3,1,2,7,255,1199,250,0,0
stim,262594,292715,1,292715,3490044.455,-0.734,0.112,0.026,-0.670,3108,109,0,3173,1699,2551,90,2509,49,1.145,1,2288,0,51.294,0.901,-22.063,-6.313,-45.875,-0.070,0.070,1.043,0.074,-0.898,0.137,0.448,0.036,1.063,1.352,2,NULL,NULL,,3,1,2,7,255,1199,250,0,0
stim,262594,292715,1,292715,3490049.454,-0.733,0.111,0.027,-0.671,3111,111,29,3177,1735,2553,85,2519,49,1.145,1,2288,0,42.995,1.340,-25.313,-6.250,-34.188,-0.023,0.098,1.031,0.027,-1.340,0.203,0.456,0.030,1.063,1.352,2,NULL,NULL,,3,1,2,7,255,1199,250,0,0
stim,262623,292744,1,292744,3490054.455,-0.732,0.110,0.027,-0.672,3108,119,50,3174,1775,2557,55,2524,49,1.145,1,2288,0,37.571,1.340,-23.000,-4.000,-29.438,-0.066,0.113,1.000,0.027,-1.340,0.203,0.464,0.024,1.063,1.352,2,NULL,NULL,,3,1,2,7,255,1199,250,0,0
stim,262623,292744,1,292744,3490059.454,-0.731,0.109,0.028,-0.673,3112,141,87,3177,1807,2573,47,2531,49,1.145,1,2288,0,33.281,1.258,-17.688,-1.938,-28.125,-0.086,0.109,1.008,0.145,-1.250,0.086,0.472,0.018,1.063,1.352,2,NULL,NULL,,3,1,2,7,255,1199,250,0,0
stim,262623,292744,1,292744,3490064.455,-0.731,0.109,0.028,-0.674,3111,148,95,3178,1837,2577,35,2541,49,1.145,1,2288,0,30.330,1.107,-13.813,-0.375,-27.000,-0.090,0.105,1.039,0.145,-1.098,0.086,0.480,0.012,1.063,1.352,2,NULL,NULL,,3,1,2,7,255,1199,250,0,0
stim,262623,292744,1,292744,3490069.453,-0.730,0.108,0.029,-0.674,3113,156,133,3183,1869,2580,25,2536,49,1.145,1,2288,0,29.353,1.072,-14.063,0.875,-25.750,-0.105,0.078,1.035,0.113,-1.066,0.391,0.486,0.006,1.063,1.352,2,NULL,NULL,,3,1,2,7,255,1199,250,0,0
stim,262623,292744,1,292744,3490074.455,-0.729,0.107,0.029,-0.675,3115,174,139,3181,1892,2581,4,2537,49,1.145,1,2288,0,24.606,1.108,-13.125,1.625,-20.750,-0.078,0.020,1.000,-0.148,-1.098,0.391,0.494,0.000,1.063,1.352,2,NULL,NULL,,3,1,2,7,255,1199,250,0,0
stim,262623,292744,1,292744,3490079.453,-0.729,0.107,0.030,-0.675,3115,175,146,3180,1907,2583,0,2539,49,1.124,1,2288,1,16.339,1.171,-12.313,1.063,-10.688,-0.105,0.000,1.000,-0.652,-0.973,-0.047,0.000,0.000,1.020,1.332,2,NULL,NULL,,3,1,2,7,255,1199,250,0,0
stim,262646,292767,1,292767,3490084.455,-0.729,0.107,0.030,-0.676,3112,175,181,3180,1925,2587,0,2541,49,1.124,1,2288,1,13.111,1.168,-10.688,0.688,-7.563,-0.160,0.039,1.004,-0.652,-0.969,-0.047,0.006,0.006,1.020,1.332,2,NULL,NULL,,3,1,2,7,255,1199,250,0,0
stim,262646,292767,1,292767,3490089.454,-0.729,0.106,0.030,-0.676,3113,175,207,3179,1939,2588,0,2541,49,1.124,1,2288,1,15.337,0.708,-9.813,0.938,-11.750,-0.152,0.055,1.016,-0.520,-0.480,0.137,0.014,0.010,1.020,1.332,2,NULL,NULL,,3,1,2,7,255,1199,250,0,0
stim,262646,292767,1,292767,3490094.455,-0.728,0.106,0.031,-0.676,3110,173,225,3177,1945,2588,0,2539,49,1.124,1,2288,1,14.837,0.708,-10.438,1.500,-10.438,-0.117,0.020,1.000,-0.520,-0.480,0.137,0.020,0.014,1.020,1.332,2,NULL,NULL,,3,1,2,7,255,1199,250,0,0
stim,262646,292767,1,292767,3490099.453,-0.728,0.105,0.031,-0.676,3109,168,242,3175,1951,2587,0,2540,49,1.124,1,2288,1,9.565,0.856,-7.813,1.250,-5.375,-0.141,0.004,0.980,-0.652,-0.555,-0.008,0.026,0.020,1.020,1.332,2,NULL,NULL,,3,1,2,7,255,1199,250,0,0
stim,262690,292811,1,292811,3490104.455,-0.728,0.105,0.031,-0.677,3103,167,252,3173,1959,2588,0,2541,49,1.124,1,2288,1,8.317,0.883,-6.500,0.125,-5.188,-0.180,0.020,0.996,-0.688,-0.555,-0.008,0.032,0.024,1.020,1.332,2,NULL,NULL,,3,1,2,7,255,1199,250,0,0
stim,262690,292811,1,292811,3490109.454,-0.728,0.105,0.032,-0.677,3099,163,266,3166,1965,2587,0,2547,49,1.124,1,2288,1,9.422,0.852,-6.625,-1.000,-6.625,-0.176,-0.004,0.973,-0.816,-0.242,-0.160,0.036,0.028,1.020,1.332,2,NULL,NULL,,3,1,2,7,255,1199,250,0,0
stim,262690,292811,1,292811,3490114.455,-0.728,0.104,0.032,-0.677,3099,160,275,3163,1967,2587,0,2541,49,1.124,1,2288,1,6.738,0.915,-4.125,-2.000,-4.938,-0.152,-0.020,0.953,-0.883,-0.242,-0.160,0.040,0.030,1.020,1.332,2,NULL,NULL,,3,1,2,7,255,1199,250,0,0
stim,262690,292811,1,292811,3490119.456,-0.728,0.104,0.032,-0.677,3093,157,274,3159,1973,2587,0,2541,49,1.124,1,2288,1,2.827,0.987,-0.813,-2.563,-0.875,-0.148,-0.008,0.949,-0.895,-0.418,-0.398,0.044,0.032,1.020,1.332,2,NULL,NULL,,3,1,2,7,255,1199,250,0,0
stim,262690,292811,1,292811,3490124.455,-0.728,0.104,0.032,-0.677,3092,155,282,3151,1977,2587,0,2543,49,1.124,1,2288,1,4.197,0.987,1.750,-3.125,2.188,-0.156,0.012,0.969,-0.895,-0.418,-0.398,0.046,0.034,1.020,1.332,2,NULL,NULL,,3,1,2,7,255,1199,250,0,0
stim,262690,292811,1,292811,3490129.454,-0.728,0.104,0.031,-0.677,3087,143,282,3143,1979,2585,0,2543,49,1.124,1,2288,1,5.598,0.821,2.438,-4.375,2.500,-0.180,0.043,0.977,-0.727,-0.383,-0.227,0.048,0.036,1.020,1.332,2,NULL,NULL,,3,1,2,7,255,1199,250,0,0
stim,262713,292834,1,292834,3490134.455,-0.728,0.104,0.031,-0.677,3079,140,284,3131,1983,2584,0,2546,49,1.124,1,2288,1,6.411,0.458,4.000,-5.000,-0.313,-0.184,0.063,0.973,-0.434,-0.148,-0.086,0.050,0.036,1.020,1.332,2,NULL,NULL,,3,1,2,7,255,1199,250,0,0
stim,262713,292834,1,292834,3490139.453,-0.728,0.104,0.031,-0.677,3075,139,286,3115,1993,2585,0,2551,49,1.124,1,2288,1,8.035,0.277,5.125,-5.813,-2.125,-0.172,0.066,0.984,-0.234,-0.148,-0.082,0.052,0.036,1.020,1.332,2,NULL,NULL,,3,1,2,7,255,1199,250,0,0
stim,262713,292834,1,292834,3490144.455,-0.728,0.104,0.030,-0.677,3062,136,293,3113,1996,2584,0,2552,49,1.124,1,2288,1,8.499,0.279,5.188,-6.563,-1.500,-0.168,0.070,0.988,-0.191,-0.203,0.000,0.052,0.036,1.020,1.332,2,NULL,NULL,,3,1,2,7,255,1199,250,0,0
stim,262713,292834,1,292834,3490149.453,-0.728,0.104,0.030,-0.677,3053,133,299,3104,2009,2585,0,2553,49,1.124,1,2288,1,8.885,0.261,5.000,-7.313,-0.688,-0.188,0.074,0.977,-0.164,-0.203,0.000,0.054,0.034,1.020,1.332,2,NULL,NULL,,3,1,2,7,255,1199,250,0,0
stim,262713,292834,1,292834,3490154.455,-0.728,0.104,0.030,-0.677,3045,125,307,3091,2021,2585,0,2557,49,1.124,1,2288,1,10.951,0.146,6.438,-8.313,-3.063,-0.215,0.082,0.965,-0.145,-0.023,-0.051,0.054,0.032,1.020,1.332,2,NULL,NULL,,3,1,2,7,255,1199,250,0,0
stim,262713,292834,1,292834,3490159.454,-0.727,0.104,0.029,-0.678,3032,123,319,3077,2045,2585,0,2575,49,1.124,1,2288,1,14.801,0.279,8.375,-10.125,-6.813,-0.219,0.117,0.977,-0.086,0.266,-0.051,0.052,0.030,1.020,1.332,2,NULL,NULL,,3,1,2,7,255,1199,250,0,0
stim,262713,292834,1,292834,3490164.455,-0.727,0.104,0.028,-0.678,3017,125,358,3059,2074,2587,0,2587,49,1.124,1,2288,1,17.968,0.349,8.688,-11.875,-10.313,-0.203,0.172,1.000,0.227,0.266,0.051,0.050,0.026,1.020,1.332,2,NULL,NULL,,3,1,2,7,255,1199,250,0,0
stim,262713,292834,1,292834,3490169.454,-0.727,0.104,0.028,-0.678,3003,125,395,3045,2101,2591,0,2598,49,1.124,1,2288,1,17.915,0.766,5.625,-12.813,-11.188,-0.176,0.223,1.035,0.746,0.172,0.301,0.046,0.022,1.020,1.332,2,NULL,NULL,,3,1,2,7,255,1199,250,0,0
stim,262735,292856,1,292856,3490174.455,-0.727,0.103,0.027,-0.679,2989,125,434,3032,2139,2595,0,2611,49,1.124,1,2288,1,17.884,1.263,1.438,-14.125,-10.875,-0.156,0.227,1.039,1.258,-0.113,0.609,0.044,0.016,1.020,1.332,2,NULL,NULL,,3,1,2,7,255,1199,250,0,0
stim,262735,292856,1,292856,3490179.453,-0.726,0.103,0.027,-0.679,2979,135,484,3019,2187,2599,0,2629,49,1.124,1,2288,1,16.837,1.300,-1.750,-14.000,-9.188,-0.121,0.191,1.023,1.258,-0.328,0.609,0.042,0.012,1.020,1.332,2,NULL,NULL,,3,1,2,7,255,1199,250,0,0
stim,262735,292856,1,292856,3490184.455,-0.726,0.102,0.026,-0.679,2963,131,611,3005,2232,2597,0,2641,49,1.124,1,2288,1,15.456,1.168,-2.938,-14.750,-3.563,-0.117,0.145,0.992,0.996,-0.609,0.379,0.040,0.008,1.020,1.332,2,NULL,NULL,,3,1,2,7,255,1199,250,0,0
stim,262735,292856,1,292856,3490189.454,-0.726,0.102,0.026,-0.679,2941,141,665,2989,2262,2600,0,2652,49,1.124,1,2288,1,14.579,0.832,-2.688,-14.063,-2.750,-0.156,0.133,0.984,0.566,-0.609,0.051,0.040,0.010,1.020,1.332,2,NULL,NULL,,3,1,2,7,255,1199,250,0,0
stim,262761,292882,1,292882,3490194.455,-0.726,0.102,0.025,-0.680,2932,153,703,2975,2296,2604,0,2664,49,1.124,1,2288,1,15.798,0.618,-0.500,-14.500,-6.250,-0.168,0.172,0.992,0.566,-0.246,0.051,0.040,0.012,1.020,1.332,2,NULL,NULL,,3,1,2,7,255,1199,250,0,0
stim,262761,292882,1,292882,3490199.454,-0.726,0.101,0.025,-0.680,2915,180,759,2962,2329,2606,7,2677,49,1.124,1,2288,1,17.657,0.808,0.500,-14.188,-10.500,-0.148,0.172,1.012,0.770,-0.246,0.168,0.042,0.018,1.020,1.332,2,NULL,NULL,,3,1,2,7,255,1199,250,0,0
stim,262761,292882,1,292882,3490204.455,-0.726,0.101,0.024,-0.680,2899,176,797,2953,2376,2611,21,2685,49,1.124,1,2288,1,16.805,0.826,-1.875,-13.375,-10.000,-0.105,0.156,1.023,0.770,-0.301,0.316,0.042,0.022,1.020,1.332,2,NULL,NULL,,3,1,2,7,255,1199,250,0,0
stim,262761,292882,0,292882,3490209.454,-0.725,0.100,0.024,-0.681,2875,201,871,2939,2413,2611,49,2698,49,1.124,1,2288,1,14.742,0.987,-5.438,-12.438,-5.750,-0.098,0.117,0.996,0.637,-0.754,0.316,0.044,0.026,1.020,1.332,2,NULL,NULL,,3,0,2,7,255,1193,250,0,0
stim,262796,292917,0,292917,3490214.455,-0.725,0.099,0.024,-0.681,2855,205,935,2931,2441,2611,77,2715,49,1.124,1,2288,1,14.342,0.809,-6.438,-12.000,-4.500,-0.137,0.078,0.977,0.293,-0.754,0.020,0.044,0.028,1.020,1.332,2,NULL,NULL,,3,0,2,7,255,1193,250,0,0
stim,262796,292917,0,292917,3490219.454,-0.725,0.099,0.024,-0.681,2847,235,1045,2909,2464,2620,115,2720,49,1.124,1,2288,1,15.599,0.373,-5.063,-12.438,-7.938,-0.184,0.059,0.977,-0.102,-0.359,-0.059,0.046,0.028,1.020,1.332,2,NULL,NULL,,3,0,2,7,255,1193,250,0,0
stim,262796,292917,0,292917,3490224.455,-0.725,0.098,0.023,-0.682,2833,246,1127,2901,2504,2621,183,2739,49,1.124,1,2288,1,21.124,0.176,-4.500,-12.563,-16.375,-0.195,0.074,1.000,-0.164,0.063,-0.059,0.046,0.028,1.020,1.332,2,NULL,NULL,,3,0,2,7,255,1193,250,0,0
stim,262796,292917,0,292917,3490229.454,-0.724,0.098,0.023,-0.682,2807,254,1199,2885,2523,2627,220,2761,49,1.124,1,2288,1,27.951,0.176,-8.188,-12.375,-23.688,-0.156,0.074,1.000,-0.164,0.063,0.137,0.046,0.028,1.020,1.332,2,NULL,NULL,,3,0,2,7,255,1193,250,0,0
stim,262796,292917,0,292917,3490234.455,-0.723,0.097,0.023,-0.683,2787,261,1275,2879,2552,2628,281,2769,49,1.124,1,2288,1,28.992,0.255,-11.625,-12.375,-23.500,-0.121,0.051,0.984,-0.164,-0.195,0.137,0.048,0.028,1.020,1.332,2,NULL,NULL,,3,0,2,7,255,1193,250,0,0
stim,262796,292917,0,292917,3490239.453,-0.723,0.096,0.023,-0.684,2763,253,1348,2863,2585,2630,343,2777,49,1.124,1,2288,1,29.155,0.399,-15.063,-12.250,-21.750,-0.152,0.016,0.984,-0.328,-0.227,-0.063,0.048,0.028,1.020,1.332,2,NULL,NULL,,3,0,2,7,255,1193,250,0,0
stim,262796,292917,0,292917,3490244.455,-0.722,0.095,0.024,-0.685,2731,261,1427,2844,2599,2629,416,2827,49,1.124,1,2288,1,30.185,0.698,-16.313,-13.813,-21.313,-0.168,0.000,0.957,-0.660,-0.227,-0.094,0.050,0.026,1.020,1.332,2,NULL,NULL,,3,0,2,7,255,1193,250,0,0
stim,262796,292917,0,292917,3490249.453,-0.722,0.094,0.024,-0.685,2709,263,1525,2844,2628,2633,455,2796,49,1.124,1,2288,1,29.582,0.673,-13.375,-14.938,-21.750,-0.152,0.012,0.949,-0.660,-0.133,-0.305,0.052,0.024,1.020,1.332,2,NULL,NULL,,3,0,2,7,255,1193,250,0,0
stim,262819,292940,0,292940,3490254.455,-0.721,0.093,0.024,-0.686,2684,269,1611,2815,2647,2641,566,2810,49,1.124,1,2288,1,29.226,0.652,-11.313,-15.563,-22.000,-0.160,0.016,0.969,-0.645,-0.098,-0.305,0.056,0.024,1.020,1.332,2,NULL,NULL,,3,0,2,7,255,1193,250,0,0
stim,262819,292940,0,292940,3490259.454,-0.721,0.092,0.023,-0.687,2650,270,1679,2799,2665,2635,652,2829,49,1.124,1,2288,1,28.977,0.643,-11.875,-17.063,-20.188,-0.113,0.020,0.984,-0.629,-0.133,-0.191,0.058,0.022,1.020,1.332,2,NULL,NULL,,3,0,2,7,255,1193,250,0,0
stim,262819,292940,0,292940,3490264.455,-0.720,0.091,0.023,-0.687,2615,280,1761,2780,2695,2648,797,2829,49,1.124,1,2288,1,27.778,0.749,-12.438,-17.375,-17.750,-0.125,0.004,0.977,-0.629,-0.406,-0.188,0.062,0.022,1.020,1.332,2,NULL,NULL,,3,0,2,7,255,1193,250,0,0
stim,262819,292940,0,292940,3490269.454,-0.720,0.090,0.023,-0.688,2569,279,1815,2765,2707,2651,875,2843,49,1.124,1,2288,1,26.388,0.702,-11.563,-18.063,-15.375,-0.121,0.023,0.977,-0.555,-0.430,-0.176,0.062,0.022,1.020,1.332,2,NULL,NULL,,3,0,2,7,255,1193,250,0,0
stim,262841,292962,0,292962,3490274.455,-0.719,0.089,0.023,-0.688,2532,284,1863,2725,2725,2645,973,2857,49,1.124,1,2288,1,26.108,0.691,-11.563,-18.125,-14.813,-0.129,0.016,0.980,-0.559,-0.406,-0.176,0.066,0.022,1.020,1.332,2,NULL,NULL,,3,0,2,7,255,1193,250,0,0
stim,262841,292962,0,292962,3490279.453,-0.719,0.088,0.023,-0.689,2492,293,1903,2697,2740,2649,1071,2873,49,1.124,1,2288,1,25.603,0.705,-11.313,-19.063,-12.813,-0.113,0.008,0.980,-0.559,-0.430,-0.156,0.068,0.022,1.020,1.332,2,NULL,NULL,,3,0,2,7,255,1193,250,0,0
stim,262841,292962,0,292962,3490284.455,-0.719,0.087,0.023,-0.689,2451,288,1957,2681,2759,2650,1159,2871,49,1.124,1,2288,1,24.406,0.752,-9.500,-19.500,-11.188,-0.113,0.004,0.965,-0.617,-0.430,-0.156,0.070,0.022,1.020,1.332,2,NULL,NULL,,3,0,2,7,255,1193,250,0,0
stim,262841,292962,0,292962,3490289.453,-0.719,0.086,0.022,-0.690,2407,290,2003,2647,2764,2653,1255,2893,49,1.124,1,2288,1,23.524,0.752,-5.750,-20.563,-9.875,-0.121,0.020,0.969,-0.617,-0.430,-0.246,0.072,0.022,1.020,1.332,2,NULL,NULL,,3,0,2,7,255,1193,250,0,0
stim,262841,292962,0,292962,3490294.455,-0.718,0.085,0.022,-0.690,2354,287,2069,2601,2782,2661,1351,2905,49,1.124,1,2288,1,22.761,0.628,-1.688,-20.438,-9.875,-0.113,0.027,0.977,-0.473,-0.414,-0.246,0.074,0.022,1.020,1.332,2,NULL,NULL,,3,0,2,7,255,1193,250,0,0
stim,262841,292962,0,292962,3490299.454,-0.718,0.085,0.021,-0.690,2284,288,2108,2571,2795,2661,1454,2904,49,1.124,1,2288,1,22.072,0.572,-0.938,-20.188,-8.875,-0.113,0.047,1.000,-0.395,-0.414,-0.195,0.076,0.022,1.020,1.332,2,NULL,NULL,,3,0,2,7,255,1193,250,0,0
stim,262894,293015,0,293015,3490304.455,-0.718,0.084,0.020,-0.691,2219,286,2152,2529,2809,2665,1557,2909,49,1.124,1,2288,1,23.235,0.478,-4.438,-20.875,-9.188,-0.117,0.074,1.020,-0.238,-0.414,0.055,0.078,0.022,1.020,1.332,2,NULL,NULL,,3,0,2,7,255,1193,250,0,0
stim,262894,293015,0,293015,3490309.454,-0.718,0.083,0.020,-0.691,2153,283,2203,2473,2822,2665,1643,2916,49,1.124,1,2288,1,23.036,0.391,-4.250,-21.688,-6.500,-0.121,0.066,1.008,-0.023,-0.391,0.145,0.080,0.022,1.020,1.332,2,NULL,NULL,,3,0,2,7,255,1193,250,0,0
stim,262894,293015,0,293015,3490314.455,-0.718,0.082,0.019,-0.691,2074,276,2246,2425,2841,2679,1719,2926,49,1.124,1,2288,1,22.784,0.306,-3.250,-21.375,-7.188,-0.148,0.031,1.004,-0.023,-0.305,0.145,0.084,0.022,1.020,1.332,2,NULL,NULL,,3,0,2,7,255,1193,250,0,0
stim,262894,293015,0,293015,3490319.454,-0.717,0.081,0.019,-0.692,1993,265,2274,2361,2852,2679,1819,2935,49,1.124,1,2288,1,26.110,0.423,-8.188,-22.125,-11.188,-0.121,0.039,1.027,-0.293,-0.305,0.145,0.086,0.022,1.020,1.332,2,NULL,NULL,,3,0,2,7,255,1193,250,0,0
stim,262894,293015,0,293015,3490324.455,-0.717,0.080,0.018,-0.692,1917,261,2317,2275,2867,2671,1897,2950,49,1.124,1,2288,1,27.118,0.431,-11.375,-23.875,-6.000,-0.109,0.063,1.051,-0.293,-0.316,0.340,0.088,0.022,1.020,1.332,2,NULL,NULL,,3,0,2,7,255,1193,250,0,0
stim,262894,293015,0,293015,3490329.454,-0.717,0.079,0.018,-0.692,1781,248,2363,2185,2873,2680,1965,2940,49,1.124,1,2288,1,25.025,0.421,-9.438,-22.500,-5.563,-0.121,0.039,1.012,-0.277,-0.316,0.340,0.090,0.022,1.020,1.332,2,NULL,NULL,,3,0,2,7,255,1193,250,0,0
stim,262894,293015,0,293015,3490334.455,-0.717,0.078,0.018,-0.692,1645,237,2389,2055,2894,2680,2041,2958,49,1.124,1,2288,1,27.959,0.258,-12.375,-24.000,-7.250,-0.125,0.074,1.047,-0.063,-0.250,0.535,0.092,0.024,1.020,1.332,2,NULL,NULL,,3,0,2,7,255,1193,250,0,0
stim,262894,293015,0,293015,3490339.453,-0.717,0.077,0.017,-0.693,1484,235,2419,1937,2904,2675,2107,2967,49,1.124,1,2288,1,29.025,0.220,-13.875,-25.188,-3.938,-0.137,0.078,1.008,0.047,-0.215,0.191,0.094,0.024,1.020,1.332,2,NULL,NULL,,3,0,2,7,255,1193,250,0,0
stim,262928,293049,0,293049,3490344.455,-0.717,0.076,0.017,-0.693,1322,221,2439,1783,2908,2671,2183,2964,49,1.124,1,2288,1,29.748,0.048,-11.875,-25.250,-10.313,-0.184,0.047,1.023,0.047,-0.012,0.371,0.094,0.026,1.020,1.332,2,NULL,NULL,,3,0,2,7,255,1193,250,0,0
stim,262928,293049,0,293049,3490349.453,-0.716,0.074,0.017,-0.693,1177,191,2463,1670,2929,2667,2249,2981,49,1.124,1,2288,1,34.365,0.251,-13.063,-27.750,-15.500,-0.164,0.051,1.066,-0.152,0.199,0.371,0.096,0.026,1.020,1.332,2,NULL,NULL,,3,0,2,7,255,1193,250,0,0
stim,262928,293049,0,293049,3490354.455,-0.716,0.073,0.016,-0.694,1015,167,2503,1482,2933,2675,2309,2983,49,1.124,1,2288,1,39.716,0.251,-17.938,-27.063,-22.875,-0.133,0.051,1.074,-0.152,0.199,0.754,0.098,0.028,1.020,1.332,2,NULL,NULL,,3,0,2,7,255,1193,250,0,0
stim,262928,293049,0,293049,3490359.454,-0.716,0.071,0.016,-0.695,840,119,2525,1288,2953,2665,2361,2984,49,1.124,1,2288,1,42.082,0.177,-24.750,-29.375,-17.188,-0.090,0.094,1.090,-0.145,-0.102,0.816,0.098,0.030,1.020,1.332,2,NULL,NULL,,3,0,2,7,255,1193,250,0,0
stim,262928,293049,0,293049,3490364.455,-0.715,0.069,0.016,-0.696,646,75,2543,1079,2957,2661,2407,2995,49,1.124,1,2288,1,46.007,0.196,-28.500,-28.000,-22.813,-0.160,0.078,1.063,0.168,-0.102,0.816,0.098,0.030,1.020,1.332,2,NULL,NULL,,3,0,2,7,255,1193,250,0,0
stim,262928,293049,0,293049,3490369.454,-0.714,0.068,0.016,-0.696,426,44,2582,884,2971,2661,2459,2997,49,1.124,1,2288,1,50.164,0.330,-33.063,-30.375,-22.375,-0.113,0.086,1.039,0.297,-0.145,0.719,0.098,0.032,1.020,1.332,2,NULL,NULL,,3,0,2,7,255,1193,250,0,0
stim,262928,293049,0,293049,3490374.455,-0.714,0.066,0.016,-0.697,251,10,2603,655,2983,2653,2511,3000,49,1.124,1,2288,1,50.639,0.304,-29.750,-30.438,-27.438,-0.195,0.020,1.043,0.168,0.254,0.574,0.098,0.034,1.020,1.332,2,NULL,NULL,,3,0,2,7,255,1193,250,0,0
stim,262928,293049,0,293049,3490379.453,-0.713,0.064,0.016,-0.698,108,0,2615,483,2986,2639,2547,3025,49,1.124,1,2288,1,56.686,0.401,-28.750,-33.563,-35.500,-0.152,0.012,1.063,-0.316,0.246,0.574,0.098,0.036,1.020,1.332,2,NULL,NULL,,3,0,2,7,255,1193,250,0,0
stim,262945,293066,0,293066,3490384.455,-0.712,0.062,0.016,-0.700,39,0,2643,245,2995,2621,2603,3021,49,1.124,1,2288,1,59.549,0.497,-27.313,-35.000,-39.688,-0.164,0.020,1.074,-0.316,0.383,0.684,0.098,0.038,1.020,1.332,2,NULL,NULL,,3,0,2,7,255,1193,250,0,0
stim,262945,293066,0,293066,3490389.454,-0.710,0.060,0.016,-0.701,7,0,2663,109,3019,2606,2637,3017,49,1.124,1,2288,1,66.662,0.359,-24.875,-39.000,-48.000,-0.148,0.063,1.098,-0.262,0.246,0.828,0.096,0.042,1.020,1.332,2,NULL,NULL,,3,0,2,7,255,1193,250,0,0
stim,262945,293066,0,293066,3490394.455,-0.709,0.058,0.015,-0.703,0,0,2670,11,3019,2582,2659,3031,49,1.124,1,2288,1,74.725,0.296,-26.500,-43.563,-54.625,-0.105,0.109,1.086,0.176,0.238,0.910,0.094,0.048,1.020,1.332,2,NULL,NULL,,3,0,2,7,255,1193,250,0,0
stim,262945,293066,0,293066,3490399.454,-0.707,0.055,0.014,-0.705,0,0,2700,0,3027,2551,2684,3027,49,1.124,1,2288,1,77.319,0.724,-22.625,-46.938,-57.125,-0.148,0.125,1.121,0.684,0.238,1.039,0.088,0.054,1.020,1.332,2,NULL,NULL,,3,0,2,7,255,1193,250,0,0
stim,262999,293120,0,293120,3490404.455,-0.706,0.053,0.013,-0.706,0,0,2715,0,3037,2531,2712,3029,49,1.124,1,2288,0,70.871,0.741,-10.313,-53.875,-44.875,-0.277,0.086,1.215,0.684,0.285,1.281,0.084,0.062,1.020,1.332,3,NULL,NULL,,3,0,2,7,255,1193,250,0,0
stim,262999,293120,0,293120,3490409.454,-0.704,0.052,0.012,-0.708,0,0,2725,0,3043,2501,2739,3037,49,1.124,1,2288,0,82.553,1.576,-3.938,-61.438,-55.000,-0.371,0.055,1.336,0.457,1.508,2.316,0.078,0.068,1.020,1.332,3,NULL,NULL,,3,0,2,7,255,1193,250,0,0
stim,262999,293120,0,293120,3490414.455,-0.702,0.050,0.010,-0.710,0,0,2739,0,3059,2473,2773,3033,49,1.124,1,2288,0,93.622,2.203,1.438,-69.125,-63.125,-0.344,0.035,1.340,0.121,2.199,3.559,0.074,0.076,1.020,1.332,3,NULL,NULL,,3,0,2,7,255,1193,250,0,0
stim,262999,293120,0,293120,3490419.454,-0.700,0.048,0.007,-0.712,0,0,2741,0,3055,2445,2792,3042,49,1.124,1,2288,0,103.087,2.203,15.688,-77.938,-65.625,-0.270,0.074,1.473,0.121,2.199,3.570,0.070,0.082,1.020,1.332,3,NULL,NULL,,3,0,2,7,255,1193,250,0,0
stim,262999,293120,0,293120,3490424.455,-0.700,0.046,0.003,-0.713,0,0,2743,0,3067,2403,2807,3032,49,1.124,1,2288,0,98.669,1.466,35.375,-90.688,-16.125,-0.215,0.277,1.738,0.285,1.438,4.813,0.062,0.092,1.020,1.332,3,NULL,NULL,,3,0,2,7,255,1193,250,0,0
stim,262999,293120,0,293120,3490429.454,-0.700,0.042,0.001,-0.713,0,0,2739,0,3077,2340,2839,3041,49,1.124,1,2288,0,102.723,2.306,-43.813,-92.125,-12.063,-0.031,0.309,1.539,2.164,0.797,5.352,0.056,0.100,1.020,1.332,3,NULL,NULL,,3,0,2,7,255,1193,250,0,0
stim,262999,293120,0,293120,3490434.455,-0.700,0.037,0.001,-0.713,0,0,2739,0,3067,2264,2846,3047,49,1.124,1,2288,0,119.869,2.274,-76.750,-92.063,-1.563,-0.137,-0.043,1.074,2.164,0.699,5.352,0.050,0.108,1.020,1.332,3,NULL,NULL,,3,0,2,7,255,1193,250,0,0
stim,262999,293120,0,293120,3490439.453,-0.701,0.032,-0.000,-0.713,0,0,2719,0,3087,2195,2868,3041,49,1.124,1,2288,0,111.714,0.992,-40.375,-101.813,22.000,-0.188,-0.105,1.004,-0.703,0.699,0.766,0.046,0.116,1.020,1.332,3,NULL,NULL,,3,0,2,7,255,1193,250,0,0
stim,262999,293120,0,293120,3490444.455,-0.701,0.029,-0.003,-0.712,0,0,2713,0,3079,2101,2873,3032,49,1.124,1,2288,0,110.232,1.833,-14.188,-108.063,16.500,-0.289,-0.164,1.012,-1.234,1.355,0.172,0.044,0.122,1.020,1.332,3,NULL,NULL,,3,0,2,7,255,1193,250,0,0
stim,262999,293120,0,293120,3490449.453,-0.702,0.025,-0.007,-0.712,0,0,2682,0,3083,1983,2888,3027,49,1.124,1,2288,0,114.100,3.032,3.813,-114.000,2.875,-0.289,-0.199,1.063,-1.781,2.453,0.172,0.042,0.132,1.020,1.332,3,NULL,NULL,,3,0,2,7,255,1193,250,0,0
stim,262999,293120,0,293120,3490454.455,-0.702,0.021,-0.010,-0.712,0,0,2659,0,3095,1849,2902,3027,49,1.124,1,2288,0,119.433,3.175,4.000,-119.250,-5.250,-0.191,-0.184,1.172,-2.016,2.453,0.641,0.042,0.142,1.020,1.332,3,NULL,NULL,,3,0,2,7,255,1193,250,0,0
stim,262999,293120,0,293120,3490459.454,-0.702,0.017,-0.014,-0.712,0,0,2635,0,3091,1725,2907,3022,49,1.124,1,2288,0,123.258,2.645,-3.688,-123.125,4.375,-0.105,-0.188,1.184,-2.063,1.656,1.680,0.042,0.152,1.020,1.332,3,NULL,NULL,,3,0,2,7,255,1193,250,0,0
stim,263028,293149,0,293149,3490464.455,-0.702,0.013,-0.017,-0.712,0,0,2605,0,3091,1559,2929,3027,49,1.124,1,2288,0,127.398,2.357,-6.375,-126.500,13.688,-0.125,-0.137,1.059,-2.016,1.223,1.680,0.046,0.162,1.020,1.332,3,NULL,NULL,,3,0,2,7,255,1193,250,0,0
stim,263028,293149,0,293149,3490469.454,-0.702,0.010,-0.022,-0.711,0,0,2571,0,3093,1322,2925,3015,49,1.124,1,2288,0,132.025,1.975,15.188,-131.000,6.250,-0.238,-0.082,0.930,-1.551,1.223,0.555,0.052,0.172,1.020,1.332,3,NULL,NULL,,3,0,2,7,255,1193,250,0,0
stim,263028,293149,0,293149,3490474.455,-0.702,0.007,-0.027,-0.711,0,0,2524,0,3094,1072,2932,3015,49,1.124,1,2288,0,140.876,1.558,32.813,-137.000,-0.563,-0.047,0.020,1.109,-0.965,1.223,0.555,0.058,0.184,1.020,1.332,3,NULL,NULL,,3,0,2,7,255,1193,250,0,0
stim,263028,293149,0,293149,3490479.453,-0.703,0.003,-0.032,-0.711,0,0,2483,0,3101,823,2939,3015,49,1.124,1,2288,0,143.202,0.698,28.813,-140.063,7.688,0.004,0.082,1.168,-0.063,0.695,1.043,0.062,0.194,1.020,1.332,3,NULL,NULL,,3,0,2,7,255,1193,250,0,0
stim,263051,293172,0,293172,3490484.455,-0.703,-0.000,-0.038,-0.710,0,0,2413,0,3095,611,2940,3001,49,1.124,1,2288,0,150.558,0.854,30.000,-145.625,23.688,-0.105,0.125,1.223,0.496,0.695,1.656,0.066,0.204,1.020,1.332,3,NULL,NULL,,3,0,2,7,255,1193,250,0,0
stim,263051,293172,0,293172,3490489.453,-0.704,-0.004,-0.043,-0.709,0,0,2330,0,3095,455,2951,2981,49,1.124,1,2288,0,154.181,1.840,25.875,-150.563,20.813,-0.164,0.258,1.371,0.906,1.602,2.141,0.068,0.214,1.020,1.332,3,NULL,NULL,,3,0,2,7,255,1193,250,0,0
stim,263051,293172,0,293172,3490494.455,-0.703,-0.008,-0.048,-0.709,0,0,2229,0,3102,310,2956,2979,49,1.124,1,2288,0,152.735,3.019,7.750,-152.500,-3.438,-0.125,0.289,1.305,2.117,2.152,2.895,0.070,0.224,1.020,1.332,3,NULL,NULL,,3,0,2,7,255,1193,250,0,0
stim,263051,293172,0,293172,3490499.454,-0.703,-0.013,-0.053,-0.709,0,0,2124,0,3091,159,2953,2971,49,1.124,1,2288,0,157.008,3.063,2.438,-156.563,-11.563,-0.066,0.262,1.281,2.180,2.152,2.895,0.072,0.238,1.020,1.332,3,NULL,NULL,,3,0,2,7,255,1193,250,0,0
stim,263051,293172,0,293172,3490504.455,-0.703,-0.017,-0.058,-0.709,0,0,2017,0,3089,83,2963,2939,49,1.124,1,2288,0,164.567,3.261,4.063,-164.500,-2.375,-0.090,0.297,1.430,2.449,2.152,2.895,0.078,0.252,1.020,1.332,3,NULL,NULL,,3,0,2,7,255,1193,250,0,0
stim,263051,293172,0,293172,3490509.454,-0.702,-0.022,-0.063,-0.709,0,0,1883,0,3084,39,2952,2909,49,1.124,1,2288,0,173.565,3.288,-0.688,-173.563,0.625,-0.148,0.293,1.633,2.383,2.266,4.121,0.088,0.268,1.020,1.332,3,NULL,NULL,,3,0,2,7,255,1193,250,0,0
stim,263097,293218,0,293218,3490514.455,-0.702,-0.028,-0.069,-0.708,0,0,1705,0,3076,18,2949,2889,49,1.124,1,2288,0,186.436,4.043,-2.625,-186.125,10.438,-0.289,0.156,1.715,2.383,3.266,5.988,0.102,0.288,1.020,1.332,3,NULL,NULL,,3,0,2,7,255,1193,250,0,0
stim,263097,293218,0,293218,3490519.454,-0.702,-0.035,-0.075,-0.707,0,0,1545,0,3067,28,2938,2845,49,1.124,1,2288,0,203.598,5.150,-8.688,-202.500,19.250,-0.340,0.164,1.961,1.098,5.031,6.496,0.124,0.316,1.020,1.332,3,NULL,NULL,,3,0,2,7,255,1193,250,0,0
stim,263097,293218,0,293218,3490524.455,-0.703,-0.043,-0.080,-0.706,0,0,1407,0,3057,45,2939,2811,49,1.124,1,2288,0,223.303,6.288,-36.188,-218.500,28.500,-0.406,0.246,2.082,1.098,6.191,8.688,0.154,0.350,1.020,1.332,3,NULL,NULL,,3,0,2,7,255,1193,250,0,0
stim,263097,293218,0,293218,3490529.454,-0.703,-0.052,-0.086,-0.704,0,0,1261,0,3045,71,2920,2765,49,1.124,1,2288,0,247.829,7.613,-58.438,-238.375,34.375,-0.492,0.352,1.969,1.934,7.363,8.688,0.190,0.388,1.020,1.332,3,NULL,NULL,,3,0,2,7,255,1193,250,0,0
stim,263097,293218,0,293218,3490534.455,-0.703,-0.062,-0.091,-0.702,0,0,1162,0,3029,79,2902,2708,49,1.124,1,2288,0,271.620,8.942,-71.063,-259.938,34.063,-0.512,0.445,1.848,3.082,8.395,8.250,0.230,0.432,1.020,1.332,3,NULL,NULL,,3,0,2,7,255,1193,250,0,0
stim,263097,293218,0,293218,3490539.454,-0.703,-0.073,-0.098,-0.701,0,0,1059,0,2998,91,2855,2660,49,1.124,1,2288,0,290.644,9.573,-69.250,-280.875,28.063,-0.480,0.418,1.879,3.953,8.719,6.953,0.274,0.480,1.020,1.332,3,NULL,NULL,,3,0,2,7,255,1193,250,0,0
stim,263097,293218,0,293218,3490544.455,-0.702,-0.084,-0.105,-0.699,0,0,985,0,2975,93,2814,2583,49,1.124,1,2288,0,308.629,9.755,-67.000,-300.375,23.188,-0.441,0.258,1.945,3.953,8.918,6.953,0.322,0.530,1.020,1.332,3,NULL,NULL,,3,0,2,7,255,1193,250,0,0
stim,263097,293218,0,293218,3490549.453,-0.702,-0.096,-0.112,-0.697,0,0,942,0,2951,98,2765,2488,49,1.124,1,2288,0,326.979,9.501,-61.813,-319.625,30.563,-0.566,0.160,2.133,2.465,9.176,7.441,0.374,0.584,1.020,1.332,3,NULL,NULL,,3,0,2,7,255,1193,250,0,0
stim,263118,293239,0,293239,3490554.455,-0.701,-0.108,-0.121,-0.694,0,0,904,0,2907,101,2695,2365,49,1.124,1,2288,0,343.689,11.628,-55.688,-338.125,26.313,-0.762,0.355,2.445,2.465,11.363,8.570,0.434,0.646,1.020,1.332,3,NULL,NULL,,3,0,2,7,255,1193,250,0,0
stim,263118,293239,0,293239,3490559.454,-0.699,-0.121,-0.130,-0.693,0,0,867,0,2867,94,2605,2273,49,1.124,1,2288,0,361.148,15.133,-48.500,-357.875,-1.125,-0.898,0.406,2.832,3.660,14.684,10.484,0.502,0.716,1.020,1.332,3,NULL,NULL,,3,0,2,7,255,1193,250,0,0
stim,263118,293239,0,293239,3490564.455,-0.696,-0.134,-0.140,-0.691,0,0,807,0,2813,99,2487,2185,49,1.124,1,2288,0,389.828,18.373,-70.750,-382.938,-17.875,-0.848,0.414,3.020,4.297,17.863,13.059,0.576,0.792,1.020,1.332,3,NULL,NULL,,3,0,2,7,255,1193,250,0,0
stim,263118,293239,0,293239,3490569.454,-0.693,-0.150,-0.149,-0.689,0,0,761,0,2746,73,2357,2072,49,1.124,1,2288,0,421.558,18.437,-117.938,-404.375,-16.813,-0.766,0.402,2.738,4.563,17.863,13.059,0.656,0.876,1.020,1.332,3,NULL,NULL,,3,0,2,7,255,1193,250,0,0
stim,263145,293266,0,293266,3490574.455,-0.689,-0.167,-0.157,-0.687,0,0,659,0,2647,57,2197,1935,49,1.124,1,2288,0,441.898,18.403,-138.500,-419.438,-12.813,-0.723,0.332,2.301,4.563,17.828,11.402,0.744,0.966,1.020,1.332,3,NULL,NULL,,3,0,2,7,255,1193,250,0,0
stim,263145,293266,0,293266,3490579.453,-0.685,-0.183,-0.167,-0.685,0,0,541,0,2539,40,1965,1798,49,1.124,1,2288,0,446.456,16.894,-101.938,-434.500,-11.875,-0.734,0.133,2.160,4.125,16.383,7.070,0.838,1.060,1.020,1.332,3,NULL,NULL,,3,0,2,7,255,1193,250,0,0
stim,263145,293266,0,293266,3490584.455,-0.681,-0.198,-0.179,-0.682,0,0,409,0,2405,0,1675,1669,49,1.124,1,2288,0,456.514,16.539,-64.000,-451.750,-15.188,-0.621,-0.184,2.266,2.270,16.383,6.176,0.930,1.156,1.020,1.332,3,NULL,NULL,,3,0,2,7,255,1193,250,0,0
stim,263145,293266,0,293266,3490589.453,-0.677,-0.214,-0.191,-0.678,0,0,295,0,2229,0,1351,1523,49,1.124,1,2288,0,469.131,16.394,-42.438,-467.063,-11.625,-0.391,-0.387,2.371,-0.617,16.383,6.176,1.018,1.246,1.020,1.332,3,NULL,NULL,,3,0,2,7,255,1193,250,0,0
stim,263145,293266,0,293266,3490594.455,-0.673,-0.229,-0.204,-0.673,0,0,245,0,2007,0,939,1324,49,1.124,1,2288,0,478.125,16.062,-45.438,-475.875,9.063,-0.250,-0.316,2.262,-1.766,15.965,6.914,1.098,1.326,1.020,1.332,3,NULL,NULL,,3,0,2,7,255,1193,250,0,0
stim,263145,293266,0,293266,3490599.453,-0.670,-0.245,-0.215,-0.667,0,0,158,0,1727,0,474,1125,49,1.124,1,2288,0,483.336,15.014,-68.438,-477.063,36.625,-0.207,-0.105,1.859,-1.766,14.910,6.914,1.166,1.398,1.020,1.332,3,NULL,NULL,,3,0,2,7,255,1193,250,0,0
stim,263193,293314,0,293314,3490604.455,-0.666,-0.262,-0.226,-0.660,0,0,137,0,1381,0,172,971,49,1.124,1,2288,0,484.110,12.786,-63.563,-477.500,48.125,-0.262,-0.035,1.387,0.148,12.785,3.340,1.226,1.460,1.020,1.332,3,NULL,NULL,,3,0,2,7,255,1193,250,0,0
stim,263193,293314,0,293314,3490609.454,-0.664,-0.277,-0.239,-0.652,0,0,115,0,1020,0,0,777,49,1.124,1,2288,0,491.004,10.712,-17.375,-485.813,69.063,-0.363,-0.066,1.176,0.148,10.711,-1.137,1.284,1.522,1.020,1.332,3,NULL,NULL,,3,0,2,7,255,1193,250,0,0
stim,263193,293314,0,293314,3490614.455,-0.662,-0.291,-0.253,-0.643,0,0,93,0,595,0,0,591,49,1.124,1,2288,0,504.362,10.724,28.000,-495.063,92.250,-0.469,0.012,1.305,0.539,10.711,-3.762,1.356,1.594,1.020,1.332,3,NULL,NULL,,3,0,2,7,255,1193,250,0,0
stim,263193,293314,0,293314,3490619.454,-0.661,-0.306,-0.267,-0.632,0,0,70,0,243,0,0,419,49,1.124,1,2288,0,525.594,12.256,43.313,-508.750,124.688,-0.656,0.129,1.430,0.727,12.234,-4.117,1.436,1.676,1.020,1.332,3,NULL,NULL,,3,0,2,7,255,1193,250,0,0
stim,263193,293314,0,293314,3490624.455,-0.660,-0.321,-0.280,-0.619,0,0,57,0,0,0,0,295,49,1.124,1,2288,0,557.332,14.734,44.188,-527.813,173.438,-0.938,0.262,1.352,1.691,14.637,-5.289,1.520,1.764,1.020,1.332,3,NULL,NULL,,3,0,2,7,255,1193,250,0,0
stim,263193,293314,0,293314,3490629.453,-0.659,-0.336,-0.294,-0.605,0,0,24,0,0,0,0,122,49,1.124,1,2288,0,576.203,16.231,41.938,-544.125,184.875,-1.074,0.449,1.246,2.539,16.031,-8.691,1.606,1.852,1.020,1.332,3,NULL,NULL,,3,0,2,7,255,1193,250,0,0
stim,263193,293314,0,293314,3490634.455,-0.657,-0.352,-0.307,-0.591,0,0,25,0,0,0,0,41,49,1.124,1,2288,0,561.809,16.498,19.938,-539.438,155.688,-0.867,0.797,1.102,3.895,16.031,-11.355,1.688,1.934,1.020,1.332,4,NULL,NULL,,3,0,2,7,255,1193,250,0,0
stim,263193,293314,0,293314,3490639.454,-0.653,-0.367,-0.319,-0.581,0,0,23,0,0,0,0,12,49,1.124,1,2288,0,516.073,15.595,-20.625,-507.125,93.438,-0.266,1.113,0.941,7.195,13.836,-11.355,1.764,2.012,1.020,1.332,0,NULL,NULL,,3,0,2,7,255,1193,250,0,0
stim,263216,293337,0,293337,3490644.455,-0.648,-0.381,-0.331,-0.571,0,0,30,0,0,0,0,59,49,1.124,1,2288,0,483.876,14.211,-28.125,-476.750,77.813,0.230,1.031,1.047,10.590,9.477,-8.543,1.828,2.080,1.020,1.332,0,NULL,NULL,,3,0,2,7,255,1193,250,0,0
stim,263216,293337,0,293337,3490649.454,-0.644,-0.395,-0.339,-0.560,0,0,45,0,0,0,0,139,49,1.124,1,2288,0,449.418,14.211,-40.063,-431.813,117.938,0.227,0.563,1.570,10.590,9.477,-4.191,1.884,2.138,1.020,1.332,0,NULL,NULL,,3,0,2,7,255,1193,250,0,0
stim,263216,293337,0,293337,3490654.455,-0.641,-0.408,-0.345,-0.551,0,0,58,0,0,0,0,202,49,1.124,1,2288,0,395.456,14.259,-68.438,-362.313,142.938,-0.227,0.270,2.012,6.234,12.824,-3.816,1.934,2.190,1.020,1.332,0,NULL,NULL,,3,0,2,7,255,1193,250,0,0
stim,263216,293337,0,293337,3490659.454,-0.638,-0.420,-0.348,-0.543,0,0,61,0,0,0,0,293,49,1.124,1,2288,0,351.182,19.172,-123.938,-300.188,133.625,-0.715,0.418,2.215,3.715,18.809,-3.816,1.982,2.240,1.020,1.332,0,NULL,NULL,,3,0,2,7,255,1193,250,0,0
stim,263216,293337,0,293337,3490664.455,-0.633,-0.433,-0.348,-0.540,0,0,62,0,0,0,0,361,49,1.124,1,2288,0,319.054,22.373,-207.375,-230.188,76.188,-0.777,0.574,2.109,3.715,22.063,-8.129,2.032,2.292,1.020,1.332,0,NULL,NULL,,3,0,2,7,255,1193,250,0,0
stim,263216,293337,0,293337,3490669.453,-0.626,-0.445,-0.344,-0.541,0,0,69,0,0,0,0,403,49,1.124,1,2288,0,331.355,22.491,-295.063,-148.000,28.813,-0.492,0.418,1.625,4.367,22.063,-9.242,2.080,2.344,1.020,1.332,0,NULL,NULL,,3,0,2,7,255,1193,250,0,0
stim,263242,293363,0,293363,3490674.455,-0.619,-0.456,-0.337,-0.544,0,0,63,0,0,0,0,408,49,1.124,1,2288,0,368.429,17.208,-361.625,-61.563,34.313,-0.230,0.457,0.988,4.965,16.477,-9.418,2.116,2.382,1.020,1.332,0,NULL,NULL,,3,0,2,7,255,1193,250,0,0
stim,263242,293363,0,293363,3490679.454,-0.612,-0.467,-0.326,-0.549,0,0,53,0,0,0,0,403,49,1.124,1,2288,0,395.254,10.816,-391.688,26.500,45.875,-0.176,0.727,0.352,4.965,9.609,-9.418,2.138,2.406,1.020,1.332,0,NULL,NULL,,3,0,2,7,255,1193,250,0,0
stim,263242,293363,0,293363,3490684.455,-0.607,-0.475,-0.313,-0.555,0,0,30,0,0,0,0,367,49,1.124,1,2288,0,389.167,7.351,-373.125,104.688,35.625,-0.141,0.758,-0.160,6.566,3.305,-11.801,2.158,2.426,1.020,1.332,0,NULL,NULL,,3,0,2,7,255,1193,250,0,0
stim,263242,293363,0,293363,3490689.453,-0.603,-0.479,-0.301,-0.563,0,0,29,0,0,0,0,312,49,1.124,1,2288,0,357.540,6.782,-315.875,165.813,23.750,-0.066,0.469,-0.418,6.566,-1.695,-13.004,2.176,2.450,1.020,1.332,0,NULL,NULL,,3,0,2,7,255,1193,250,0,0
stim,263261,293382,0,293382,3490694.455,-0.601,-0.481,-0.288,-0.570,0,0,23,0,0,0,0,281,49,1.124,1,2288,0,330.551,5.308,-254.063,209.438,29.188,0.012,0.117,-0.488,3.359,-4.109,-13.004,2.198,2.474,1.020,1.332,0,NULL,NULL,,3,0,2,7,255,1193,250,0,0
stim,263261,293382,0,293382,3490699.453,-0.601,-0.481,-0.276,-0.576,0,0,23,0,0,0,0,237,49,1.124,1,2288,0,315.849,4.579,-197.875,241.000,50.250,0.051,-0.059,-0.617,-0.066,-4.578,-11.750,2.222,2.498,1.020,1.332,0,NULL,NULL,,3,0,2,7,255,1193,250,0,0
stim,263298,293419,0,293419,3490704.455,-0.603,-0.479,-0.264,-0.581,0,0,19,0,0,0,0,163,49,1.124,1,2288,0,310.611,5.889,-145.938,262.938,77.750,0.055,-0.023,-0.652,-1.934,-5.563,-11.750,2.240,2.518,1.020,1.332,0,NULL,NULL,,3,0,2,7,255,1193,250,0,0
stim,263298,293419,0,293419,3490709.454,-0.606,-0.475,-0.252,-0.586,0,0,16,0,0,0,0,135,49,1.124,1,2288,0,315.760,6.174,-101.125,280.375,104.250,0.027,0.039,-0.680,-1.934,-5.863,-11.805,2.256,2.536,1.020,1.332,0,NULL,NULL,,3,0,2,7,255,1193,250,0,0
stim,263298,293419,0,293419,3490714.455,-0.611,-0.470,-0.240,-0.590,0,0,19,0,0,0,0,105,49,1.124,1,2288,0,324.603,6.063,-53.063,293.625,127.813,-0.043,0.066,-0.680,-1.543,-5.863,-12.445,2.268,2.552,1.020,1.332,0,NULL,NULL,,3,0,2,7,255,1193,250,0,0
stim,263298,293419,0,293419,3490719.454,-0.618,-0.464,-0.229,-0.592,0,0,12,0,0,0,0,99,49,1.124,1,2288,0,337.017,5.824,0.500,303.750,146.000,-0.156,0.125,-0.574,-1.508,-5.625,-13.262,2.282,2.566,1.020,1.332,0,NULL,NULL,,3,0,2,7,255,1193,250,0,0
stim,263298,293419,0,293419,3490724.455,-0.626,-0.456,-0.219,-0.594,0,0,13,0,0,0,0,87,49,1.124,1,2288,0,351.420,4.271,46.750,311.938,154.938,-0.281,0.203,-0.355,-0.898,-4.176,-14.047,2.294,2.582,1.020,1.332,0,NULL,NULL,,3,0,2,7,255,1193,250,0,0
stim,263298,293419,0,293419,3490729.453,-0.634,-0.447,-0.209,-0.596,0,0,5,0,0,0,0,77,49,1.124,1,2288,0,363.554,1.744,77.063,318.938,156.563,-0.379,0.242,-0.117,0.184,-1.734,-14.137,2.306,2.598,1.020,1.332,0,NULL,NULL,,3,0,2,7,255,1193,250,0,0
stim,263298,293419,0,293419,3490734.455,-0.643,-0.437,-0.200,-0.597,0,0,6,0,0,0,0,37,49,1.124,1,2288,0,371.507,1.302,95.188,323.813,155.250,-0.461,0.254,0.082,1.035,0.789,-14.137,2.320,2.614,1.020,1.332,0,NULL,NULL,,3,0,2,7,255,1193,250,0,0
stim,263298,293419,0,293419,3490739.453,-0.651,-0.426,-0.190,-0.599,0,0,1,0,0,0,0,42,49,1.124,1,2288,0,374.847,3.356,104.625,327.063,150.313,-0.547,0.242,0.258,1.527,2.988,-13.746,2.340,2.634,1.020,1.332,0,NULL,NULL,,3,0,2,7,255,1193,250,0,0
stim,263298,293419,0,293419,3490744.455,-0.659,-0.415,-0.181,-0.600,0,0,3,0,0,0,0,40,49,1.124,1,2288,0,373.453,5.248,106.563,329.438,139.938,-0.602,0.223,0.387,1.734,4.953,-13.289,2.362,2.658,1.020,1.332,0,NULL,NULL,,3,0,2,7,255,1193,250,0,0
stim,263298,293419,0,293419,3490749.454,-0.666,-0.404,-0.172,-0.602,0,0,2,0,0,0,0,40,49,1.124,1,2288,0,369.717,6.658,104.500,332.813,122.500,-0.641,0.215,0.469,1.773,6.418,-12.738,2.390,2.688,1.020,1.332,0,NULL,NULL,,3,0,2,7,255,1193,250,0,0
stim,263321,293442,0,293442,3490754.455,-0.673,-0.393,-0.164,-0.605,0,0,0,0,0,0,0,44,49,1.124,1,2288,0,367.345,7.570,107.375,336.188,101.938,-0.719,0.180,0.563,1.773,7.359,-12.277,2.420,2.720,1.020,1.332,0,NULL,NULL,,3,0,2,7,255,1193,250,0,0
stim,263321,293442,0,293442,3490759.454,-0.679,-0.381,-0.155,-0.607,0,0,0,0,0,0,0,47,49,1.124,1,2288,0,364.749,8.818,114.375,336.688,81.250,-0.805,0.133,0.766,1.617,8.668,-11.855,2.454,2.758,1.020,1.332,0,NULL,NULL,,3,0,2,7,255,1193,250,0,0
stim,263321,293442,0,293442,3490764.455,-0.685,-0.369,-0.148,-0.611,0,0,1,0,0,0,0,43,49,1.124,1,2288,0,359.734,10.856,113.438,337.063,54.125,-0.840,0.148,0.980,1.617,10.734,-10.699,2.492,2.798,1.020,1.332,0,NULL,NULL,,3,0,2,7,255,1193,250,0,0
stim,263321,293442,0,293442,3490769.453,-0.689,-0.357,-0.140,-0.615,0,0,3,0,0,0,0,35,49,1.124,1,2288,0,352.746,12.641,95.750,338.813,21.625,-0.789,0.223,1.184,2.215,12.445,-9.211,2.534,2.842,1.020,1.332,0,NULL,NULL,,3,0,2,7,255,1193,250,0,0
stim,263321,293442,0,293442,3490774.455,-0.691,-0.346,-0.132,-0.621,0,0,8,0,0,0,0,38,49,1.124,1,2288,0,348.725,13.439,64.313,342.688,-6.188,-0.680,0.246,1.270,3.582,12.953,-7.387,2.576,2.886,1.020,1.332,0,NULL,NULL,,3,0,2,7,255,1193,250,0,0
stim,263321,293442,0,293442,3490779.453,-0.693,-0.335,-0.123,-0.627,0,0,8,0,0,0,0,60,49,1.124,1,2288,0,350.638,13.656,32.313,348.125,-26.688,-0.551,0.230,1.230,4.324,12.953,-5.805,2.616,2.930,1.020,1.332,0,NULL,NULL,,3,0,2,7,255,1193,250,0,0
stim,263351,293472,0,293472,3490784.455,-0.693,-0.325,-0.113,-0.634,0,0,4,0,0,0,0,87,49,1.124,1,2288,0,358.421,12.348,9.625,355.375,-45.625,-0.379,0.219,1.070,4.324,11.566,-4.871,2.656,2.970,1.020,1.332,0,NULL,NULL,,3,0,2,7,255,1193,250,0,0
stim,263351,293472,0,293472,3490789.454,-0.693,-0.315,-0.103,-0.641,0,0,5,0,0,0,0,98,49,1.124,1,2288,0,368.123,10.026,3.625,363.438,-58.438,-0.242,0.199,0.895,4.281,9.066,-4.871,2.692,3.008,1.020,1.332,0,NULL,NULL,,3,0,2,7,255,1193,250,0,0
stim,263351,293472,0,293472,3490794.455,-0.692,-0.304,-0.093,-0.648,0,0,2,0,0,0,0,113,49,1.124,1,2288,0,373.630,8.030,10.063,367.938,-64.188,-0.191,0.254,0.813,4.281,6.793,-5.000,2.726,3.044,1.020,1.332,0,NULL,NULL,,3,0,2,7,255,1193,250,0,0
stim,263351,293472,0,293472,3490799.453,-0.691,-0.292,-0.084,-0.655,0,0,3,0,0,0,0,119,49,1.124,1,2288,0,379.110,7.180,17.313,371.125,-75.438,-0.176,0.363,0.762,4.320,5.734,-5.320,2.758,3.080,1.020,1.332,0,NULL,NULL,,3,0,2,7,255,1193,250,0,0
stim,263351,293472,0,293472,3490804.455,-0.690,-0.281,-0.075,-0.663,0,0,3,0,0,0,0,120,49,1.124,1,2288,0,383.822,6.879,26.375,372.563,-88.438,-0.051,0.309,0.652,4.645,5.074,-5.746,2.790,3.112,1.020,1.332,0,NULL,NULL,,3,0,2,7,255,1193,250,0,0
stim,263351,293472,0,293472,3490809.454,-0.689,-0.268,-0.066,-0.670,0,0,5,0,0,0,0,123,49,1.124,1,2288,0,384.098,5.716,45.875,371.438,-86.375,0.063,0.199,0.547,4.645,3.332,-5.746,2.816,3.142,1.020,1.332,0,NULL,NULL,,3,0,2,7,255,1193,250,0,0
stim,263396,293517,0,293517,3490814.455,-0.688,-0.255,-0.058,-0.677,0,0,3,0,0,0,0,132,49,1.124,1,2288,0,382.038,3.838,73.500,367.688,-73.188,0.117,0.094,0.504,3.434,1.715,-5.660,2.842,3.172,1.020,1.332,0,NULL,NULL,,3,0,2,7,255,1193,250,0,0
stim,263396,293517,0,293517,3490819.454,-0.688,-0.241,-0.051,-0.682,0,0,1,0,0,0,0,126,49,1.124,1,2288,0,378.467,2.703,95.750,362.188,-53.750,0.105,0.078,0.594,2.387,1.270,-5.383,2.868,3.198,1.020,1.332,0,NULL,NULL,,3,0,2,7,255,1193,250,0,0
stim,263396,293517,0,293517,3490824.455,-0.689,-0.227,-0.044,-0.687,0,0,0,0,0,0,0,123,49,1.124,1,2288,0,375.962,2.703,118.438,354.750,-38.375,0.109,0.148,0.672,2.387,1.270,-4.578,2.890,3.224,1.020,1.332,0,NULL,NULL,,3,0,2,7,255,1193,250,0,0
stim,263396,293517,0,293517,3490829.454,-0.690,-0.212,-0.039,-0.691,0,0,1,0,0,0,0,122,49,1.124,1,2288,0,375.227,3.475,139.500,347.313,-26.625,0.109,0.270,0.789,3.211,1.328,-3.988,2.912,3.246,1.020,1.332,0,NULL,NULL,,3,0,2,7,255,1193,250,0,0
stim,263396,293517,0,293517,3490834.455,-0.691,-0.197,-0.033,-0.695,0,0,0,0,0,0,0,123,49,1.124,1,2288,0,374.990,4.822,156.063,340.688,-13.938,0.094,0.316,0.906,4.602,1.441,-3.203,2.934,3.270,1.020,1.332,0,NULL,NULL,,3,0,2,7,255,1193,250,0,0
stim,263396,293517,0,293517,3490839.453,-0.692,-0.182,-0.029,-0.698,0,0,0,0,0,0,0,123,49,1.124,1,2288,0,376.731,5.523,171.875,335.188,-5.875,0.023,0.344,1.004,5.246,1.727,-2.195,2.956,3.294,1.020,1.332,0,NULL,NULL,,3,0,2,7,255,1193,250,0,0
stim,263396,293517,0,293517,3490844.455,-0.693,-0.166,-0.024,-0.701,0,0,0,0,0,0,0,123,49,1.124,1,2288,0,380.531,6.085,185.438,332.188,-8.250,-0.063,0.336,1.125,5.582,2.422,-1.465,2.980,3.320,1.020,1.332,0,NULL,NULL,,3,0,2,7,255,1193,250,0,0
stim,263396,293517,0,293517,3490849.453,-0.694,-0.150,-0.020,-0.703,0,0,0,0,0,0,0,121,49,1.124,1,2288,0,383.995,6.515,195.438,330.313,-12.250,-0.105,0.316,1.309,5.621,3.293,-0.395,3.004,3.346,1.020,1.332,0,NULL,NULL,,3,0,2,7,255,1193,250,0,0
stim,263418,293539,0,293539,3490854.455,-0.695,-0.134,-0.017,-0.706,0,0,0,0,0,0,0,122,49,1.124,1,2288,0,383.566,6.841,195.625,329.563,-15.563,-0.148,0.340,1.516,5.664,3.836,1.441,3.028,3.374,1.020,1.332,0,NULL,NULL,,3,0,2,7,255,1193,250,0,0
stim,263418,293539,0,293539,3490859.454,-0.695,-0.118,-0.012,-0.709,0,0,0,0,0,0,0,121,49,1.124,1,2288,0,377.709,7.479,182.750,329.938,-20.188,-0.195,0.367,1.688,6.094,4.336,3.477,3.054,3.402,1.020,1.332,0,NULL,NULL,,3,0,2,7,255,1193,250,0,0
stim,263418,293539,0,293539,3490864.455,-0.695,-0.103,-0.008,-0.711,0,0,3,0,0,0,0,122,49,1.124,1,2288,0,369.932,7.975,163.500,330.688,-27.625,-0.227,0.391,1.801,6.457,4.680,5.203,3.080,3.430,1.020,1.332,0,NULL,NULL,,3,0,2,7,255,1193,250,0,0
stim,263418,293539,0,293539,3490869.453,-0.694,-0.089,-0.002,-0.714,0,0,3,0,0,0,0,117,49,1.124,1,2288,0,362.377,8.121,142.313,331.313,-36.000,-0.230,0.398,1.859,6.637,4.680,6.410,3.106,3.456,1.020,1.332,0,NULL,NULL,,3,0,2,7,255,1193,250,0,0
stim,263442,293563,0,293563,3490874.455,-0.693,-0.075,0.004,-0.717,0,0,2,0,0,0,0,119,49,1.124,1,2288,0,355.943,7.915,123.438,331.000,-43.563,-0.215,0.387,1.887,6.637,4.313,7.168,3.130,3.482,1.020,1.332,0,NULL,NULL,,3,0,2,7,255,1193,250,0,0
stim,263442,293563,0,293563,3490879.453,-0.691,-0.061,0.010,-0.720,0,0,3,0,0,0,0,136,49,1.124,1,2288,0,349.654,7.340,105.500,329.625,-49.750,-0.180,0.355,1.867,6.371,3.645,7.656,3.150,3.506,1.020,1.332,0,NULL,NULL,,3,0,2,7,255,1193,250,0,0
stim,263442,293563,0,293563,3490884.455,-0.689,-0.048,0.017,-0.723,0,0,5,0,0,0,0,135,49,1.124,1,2288,0,344.491,6.496,92.938,327.375,-53.500,-0.145,0.313,1.797,5.863,2.797,7.656,3.170,3.528,1.020,1.332,0,NULL,NULL,,3,0,2,7,255,1193,250,0,0
stim,263442,293563,0,293563,3490889.454,-0.687,-0.035,0.024,-0.725,0,0,7,0,0,0,0,143,49,1.124,1,2288,0,340.397,5.509,88.750,324.063,-54.563,-0.121,0.270,1.711,5.176,1.887,7.227,3.186,3.546,1.020,1.332,0,NULL,NULL,,3,0,2,7,255,1193,250,0,0
stim,263442,293563,0,293563,3490894.455,-0.685,-0.023,0.030,-0.728,0,0,7,0,0,0,0,136,49,1.124,1,2288,0,337.711,4.677,93.750,319.688,-55.313,-0.105,0.246,1.648,4.527,1.172,6.535,3.198,3.558,1.020,1.332,0,NULL,NULL,,3,0,2,7,255,1193,250,0,0
stim,263442,293563,0,293563,3490899.454,-0.683,-0.009,0.036,-0.730,0,0,11,0,0,0,0,137,49,1.124,1,2288,0,336.154,4.113,106.313,314.000,-55.688,-0.094,0.242,1.652,4.070,0.594,6.113,3.204,3.568,1.020,1.332,0,NULL,NULL,,3,0,2,7,255,1193,250,0,0
stim,263494,293615,0,293615,3490904.455,-0.680,0.004,0.041,-0.732,0,0,11,0,0,0,0,139,49,1.124,1,2288,0,335.288,3.828,120.188,308.125,-55.063,-0.074,0.219,1.699,3.828,0.004,6.113,3.208,3.574,1.020,1.332,0,NULL,NULL,,3,0,2,7,255,1193,250,0,0
stim,263494,293615,0,293615,3490909.454,-0.677,0.018,0.045,-0.734,0,0,19,0,0,0,0,139,49,1.124,1,2288,0,335.410,3.491,134.313,302.563,-54.000,-0.051,0.184,1.758,3.438,-0.609,6.621,3.206,3.574,1.020,1.332,0,NULL,NULL,,3,0,2,7,255,1193,250,0,0
stim,263494,293615,0,293615,3490914.455,-0.675,0.031,0.049,-0.736,0,0,17,0,0,0,0,137,49,1.124,1,2288,0,336.412,3.172,148.313,297.563,-51.313,-0.004,0.133,1.816,2.883,-1.324,7.234,3.198,3.568,1.020,1.332,0,NULL,NULL,,3,0,2,7,255,1193,250,0,0
stim,263494,293615,0,293615,3490919.454,-0.672,0.045,0.052,-0.737,0,0,21,0,0,0,0,142,49,1.124,1,2288,0,338.790,3.056,162.000,293.813,-47.000,0.066,0.086,1.820,2.094,-2.227,7.707,3.184,3.556,1.020,1.332,0,NULL,NULL,,3,0,2,7,255,1193,250,0,0
stim,263494,293615,0,293615,3490924.455,-0.669,0.060,0.055,-0.739,0,0,20,0,0,0,0,143,49,1.124,1,2288,0,345.622,3.560,182.000,290.875,-41.500,0.172,0.074,1.820,1.305,-3.313,7.707,3.162,3.536,1.020,1.332,0,NULL,NULL,,3,0,2,7,255,1193,250,0,0
stim,263494,293615,0,293615,3490929.454,-0.666,0.075,0.056,-0.740,0,0,23,0,0,0,0,141,49,1.124,1,2288,0,358.728,4.775,209.438,289.063,-35.563,0.305,0.066,1.875,0.754,-4.715,7.656,3.130,3.506,1.020,1.332,0,NULL,NULL,,3,0,2,7,255,1193,250,0,0
stim,263494,293615,0,293615,3490934.455,-0.664,0.091,0.057,-0.740,0,0,27,0,0,0,0,149,49,1.124,1,2288,0,376.019,6.483,238.313,289.375,-29.313,0.457,0.059,2.000,0.176,-6.480,7.656,3.088,3.468,1.020,1.332,0,NULL,NULL,,3,0,2,7,255,1193,250,0,0
stim,263494,293615,0,293615,3490939.453,-0.661,0.108,0.057,-0.741,0,0,26,0,0,0,0,143,49,1.124,1,2288,0,393.503,8.619,264.625,290.375,-22.375,0.609,0.035,2.180,-0.543,-8.602,8.395,3.038,3.418,1.020,1.332,0,NULL,NULL,,3,0,2,7,255,1193,250,0,0
stim,263516,293637,0,293637,3490944.455,-0.658,0.126,0.057,-0.741,0,0,24,0,0,0,0,141,49,1.124,1,2288,0,408.487,10.943,283.750,293.438,-15.563,0.738,0.078,2.402,-1.500,-10.840,9.551,2.978,3.360,1.020,1.332,0,NULL,NULL,,3,0,2,7,255,1193,250,0,0
stim,263516,293637,0,293637,3490949.453,-0.655,0.144,0.056,-0.740,0,0,27,0,0,0,0,138,49,1.124,1,2288,0,417.734,13.226,294.375,296.250,-9.000,0.836,0.117,2.641,-2.000,-13.074,11.043,2.910,3.294,1.020,1.332,0,NULL,NULL,,3,0,2,7,255,1193,250,0,0
stim,263516,293637,0,293637,3490954.455,-0.652,0.162,0.055,-0.739,0,0,28,0,0,0,0,137,49,1.124,1,2288,0,421.507,15.357,297.063,299.000,-4.563,0.930,0.188,2.895,-2.617,-15.133,12.676,2.832,3.218,1.020,1.332,0,NULL,NULL,,3,0,2,7,255,1193,250,0,0
stim,263516,293637,0,293637,3490959.454,-0.648,0.179,0.054,-0.738,0,0,24,0,0,0,0,143,49,1.124,1,2288,0,413.537,17.603,282.125,302.313,-5.063,1.020,0.301,3.117,-3.078,-17.332,14.367,2.746,3.134,1.020,1.332,0,NULL,NULL,,3,0,2,7,255,1193,250,0,0
stim,263516,293637,0,293637,3490964.455,-0.645,0.196,0.055,-0.737,0,0,25,0,0,0,0,152,49,1.124,1,2288,0,391.671,19.809,247.125,303.813,-5.750,1.113,0.383,3.223,-3.164,-19.555,15.719,2.656,3.046,1.020,1.332,0,NULL,NULL,,3,0,2,7,255,1193,250,0,0
stim,263516,293637,0,293637,3490969.454,-0.642,0.211,0.057,-0.735,0,0,25,0,0,0,0,164,49,1.124,1,2288,0,363.189,21.754,202.563,301.438,-3.188,1.223,0.457,3.219,-3.313,-21.500,15.719,2.562,2.954,1.020,1.332,0,NULL,NULL,,3,0,2,7,255,1193,250,0,0
stim,263544,293665,0,293665,3490974.455,-0.639,0.225,0.060,-0.733,0,0,26,0,0,0,0,167,49,1.124,1,2288,0,334.166,23.431,157.563,294.688,-0.688,1.398,0.527,3.137,-3.313,-23.195,14.973,2.460,2.854,1.020,1.332,0,NULL,NULL,,3,0,2,7,255,1193,250,0,0
stim,263544,293665,0,293665,3490979.453,-0.637,0.238,0.065,-0.730,0,0,24,0,0,0,0,189,49,1.124,1,2288,0,306.897,25.370,115.188,284.438,3.563,1.664,0.469,2.910,-3.313,-25.152,13.047,2.354,2.748,1.020,1.332,0,NULL,NULL,,3,0,2,7,255,1193,250,0,0
stim,263544,293665,0,293665,3490984.455,-0.636,0.248,0.069,-0.727,0,0,25,0,0,0,0,207,49,1.124,1,2288,0,283.094,27.263,82.938,269.938,19.938,1.934,0.188,2.570,-3.551,-27.031,9.242,2.242,2.638,1.020,1.332,0,NULL,NULL,,3,0,2,7,255,1193,250,0,0
stim,263544,293665,0,293665,3490989.453,-0.636,0.258,0.074,-0.724,0,0,25,0,0,0,0,251,49,1.124,1,2288,0,264.258,28.009,61.625,253.188,43.938,2.125,-0.145,2.133,-5.707,-27.422,3.969,2.126,2.522,1.020,1.332,0,NULL,NULL,,3,0,2,7,255,1193,250,0,0
stim,263561,293682,0,293682,3490994.455,-0.636,0.268,0.078,-0.719,0,0,22,0,0,0,0,301,49,1.124,1,2288,0,250.664,28.530,62.188,233.563,66.438,2.297,-0.387,1.691,-7.875,-27.422,-1.816,2.006,2.404,1.020,1.332,0,NULL,NULL,,3,0,2,7,255,1193,250,0,0
stim,263561,293682,0,293682,3490999.454,-0.637,0.277,0.081,-0.715,0,0,21,0,0,0,0,329,49,1.124,1,2288,0,243.452,28.220,78.875,213.813,85.625,2.480,-0.531,1.336,-9.070,-26.723,-7.398,1.884,2.284,1.020,1.332,0,NULL,NULL,,3,0,2,7,255,1193,250,0,0
stim,263598,293719,0,293719,3491004.455,-0.638,0.287,0.081,-0.710,0,0,17,0,0,0,0,341,49,1.124,1,2288,0,249.638,28.002,111.000,195.688,108.188,2.656,-0.547,1.012,-9.070,-26.492,-12.059,1.760,2.158,1.020,1.332,0,NULL,NULL,,3,0,2,7,255,1193,250,0,0
stim,263598,293719,0,293719,3491009.454,-0.639,0.297,0.080,-0.705,0,0,21,0,0,0,0,343,49,1.124,1,2288,0,271.818,28.119,161.938,177.125,127.625,2.828,-0.953,1.105,-9.426,-26.492,-16.133,1.630,2.028,1.020,1.332,0,NULL,NULL,,3,0,2,7,255,1193,250,0,0
stim,263598,293719,0,293719,3491014.455,-0.641,0.307,0.077,-0.699,0,0,21,0,0,0,0,349,49,1.124,1,2288,0,282.580,30.291,165.875,159.438,164.063,2.992,-1.406,1.191,-12.313,-27.676,-17.688,1.496,1.896,1.020,1.332,0,NULL,NULL,,3,0,2,7,255,1193,250,0,0
stim,263598,293719,0,293719,3491019.454,-0.643,0.318,0.073,-0.693,0,0,25,0,0,0,0,358,49,1.124,1,2288,0,305.979,31.906,208.063,142.313,173.438,2.797,-1.465,0.961,-15.875,-27.676,-19.523,1.358,1.758,1.020,1.332,0,NULL,NULL,,3,0,2,7,255,1193,250,0,0
stim,263598,293719,0,293719,3491024.455,-0.643,0.330,0.067,-0.688,0,0,21,0,0,0,0,360,49,1.124,1,2288,0,323.490,31.659,258.063,123.563,150.938,2.813,-1.363,1.199,-15.875,-27.391,-19.602,1.218,1.616,1.020,1.332,0,NULL,NULL,,3,0,2,7,255,1193,250,0,0
stim,263598,293719,0,293719,3491029.454,-0.643,0.341,0.059,-0.683,0,0,25,0,0,0,0,361,49,1.124,1,2288,0,322.691,31.659,278.750,101.563,126.938,2.898,-1.563,1.633,-15.875,-27.391,-19.602,1.076,1.470,1.020,1.332,0,NULL,NULL,,3,0,2,7,255,1193,250,0,0
stim,263598,293719,0,293719,3491034.455,-0.642,0.351,0.052,-0.680,0,0,26,0,0,0,0,365,49,1.124,1,2288,0,302.785,35.165,267.875,72.875,120.875,2.734,-1.676,2.102,-18.430,-29.949,-18.027,0.930,1.322,1.020,1.332,0,NULL,NULL,,3,0,2,7,255,1193,250,0,0
stim,263598,293719,0,293719,3491039.454,-0.641,0.359,0.045,-0.676,0,0,25,0,0,0,0,375,49,1.124,1,2288,0,255.968,37.385,227.813,43.313,108.375,2.723,-1.520,2.598,-21.199,-30.793,-14.625,0.784,1.170,1.020,1.332,0,NULL,NULL,,3,0,2,7,255,1193,250,0,0
stim,263598,293719,0,293719,3491044.455,-0.642,0.365,0.038,-0.673,0,0,23,0,0,0,0,373,49,1.124,1,2288,0,217.374,39.611,174.250,4.563,129.875,2.520,-1.172,2.852,-21.199,-33.461,-10.863,0.638,1.014,1.020,1.332,0,NULL,NULL,,3,0,2,7,255,1193,250,0,0
stim,263598,293719,0,293719,3491049.453,-0.644,0.367,0.032,-0.670,0,0,23,0,0,0,0,356,49,1.124,1,2288,0,169.699,38.885,116.000,-39.188,117.500,1.840,-0.609,3.031,-19.809,-33.461,-6.895,0.494,0.850,1.020,1.332,0,NULL,NULL,,3,0,2,7,255,1193,250,0,0
stim,263598,293719,0,293719,3491054.455,-0.645,0.367,0.027,-0.670,0,0,24,0,0,0,0,454,49,1.124,1,2288,0,106.343,34.211,65.813,-67.875,48.688,1.492,-0.629,3.020,-16.844,-29.777,0.180,0.360,0.676,1.020,1.332,0,NULL,NULL,,3,0,2,7,255,1193,250,0,0
stim,263598,293719,0,293719,3491059.455,-0.648,0.371,0.008,-0.666,88,0,17,367,0,7,0,521,49,1.124,1,2288,0,461.972,33.280,323.063,-197.875,264.375,0.309,-0.547,5.520,-16.844,-28.703,1.914,0.280,0.508,1.020,1.332,0,NULL,NULL,,3,0,2,7,255,1193,250,0,0
stim,263629,293750,0,293750,3491064.455,-0.661,0.365,-0.004,-0.656,737,0,16,1002,0,117,0,541,49,1.124,1,2288,0,483.843,33.280,-14.250,-209.688,435.813,-0.402,2.109,7.227,-16.844,-28.703,26.266,0.272,0.382,1.020,1.332,0,NULL,NULL,,3,0,2,7,255,1193,250,0,0
stim,263629,293750,0,293750,3491069.454,-0.685,0.334,0.013,-0.647,1203,0,7,1453,0,393,0,590,49,1.124,1,2288,0,1005.483,32.330,-933.813,-116.938,354.000,-1.281,3.250,2.910,-14.879,-28.703,31.648,0.308,0.322,1.020,1.332,0,NULL,NULL,,3,0,2,7,255,1193,250,0,0
stim,263629,293750,0,293750,3491074.455,-0.704,0.301,0.035,-0.643,1647,0,3,1771,0,559,0,610,49,1.124,1,2288,0,1016.103,16.337,-991.500,-143.375,169.813,-1.809,3.328,-1.141,15.797,-4.168,31.648,0.334,0.326,1.020,1.332,0,NULL,NULL,,3,0,2,7,255,1193,250,0,0
stim,263629,293750,0,293750,3491079.453,-0.713,0.281,0.046,-0.641,1946,0,0,1927,0,724,0,645,49,1.124,1,2288,0,567.671,27.348,-554.188,-109.375,56.250,-2.203,1.652,-2.262,17.406,21.094,0.180,0.334,0.354,1.020,1.332,0,NULL,NULL,,3,0,2,7,255,1193,250,0,0
stim,263651,293772,0,293772,3491084.455,-0.714,0.271,0.048,-0.644,2129,0,0,2025,0,877,0,702,49,1.124,1,2289,0,240.888,27.348,-188.688,-140.125,-52.813,-1.160,0.285,-0.797,17.406,21.094,-10.949,0.328,0.372,1.020,1.332,1,1215.000,22.000,,3,0,2,7,255,1193,250,0,0
stim,263651,293772,0,293772,3491089.453,-0.714,0.266,0.045,-0.647,2259,0,0,2103,0,974,0,807,49,1.124,1,2289,0,139.992,13.983,-42.188,-128.625,-35.688,0.113,0.449,1.352,2.668,13.727,-10.949,0.336,0.392,1.020,1.332,1,NULL,NULL,,3,0,2,7,255,1193,250,0,0
stim,263651,293772,0,293772,3491094.455,-0.718,0.257,0.045,-0.645,2374,0,0,2151,0,1158,0,852,49,1.124,1,2289,0,218.944,7.204,-166.625,-124.625,68.125,0.352,1.727,1.957,2.668,-6.691,2.465,0.356,0.422,1.020,1.332,1,NULL,NULL,,3,0,2,7,255,1193,250,0,0
stim,263651,293772,0,293772,3491099.454,-0.724,0.244,0.049,-0.643,2479,0,0,2236,0,1275,0,903,49,1.124,1,2289,0,341.343,13.866,-304.688,-119.313,97.188,-0.387,2.027,1.406,12.145,-6.691,9.074,0.380,0.452,1.020,1.332,1,NULL,NULL,,3,0,2,7,255,1193,250,0,0
stim,263651,293772,0,293772,3491104.455,-0.728,0.231,0.055,-0.643,2652,0,0,2474,0,1355,0,941,49,1.124,1,2289,0,353.824,12.189,-334.938,-113.875,6.375,-0.859,0.922,0.676,12.145,-1.039,9.074,0.390,0.474,1.020,1.332,2,NULL,NULL,,3,0,2,7,255,1193,250,0,0
stim,263651,293772,0,293772,3491109.454,-0.731,0.217,0.059,-0.644,2777,0,0,2657,0,1366,0,1019,49,1.124,1,2289,0,333.889,8.252,-306.063,-130.750,-26.688,-1.215,-0.777,-0.008,6.020,5.645,1.434,0.376,0.474,1.020,1.332,2,NULL,NULL,,3,0,2,7,255,1193,250,0,0
stim,263696,293817,0,293817,3491114.455,-0.735,0.203,0.062,-0.644,2860,0,0,2769,0,1407,0,1149,49,1.124,1,2289,0,329.700,13.910,-280.688,-172.313,15.000,-1.297,-1.707,-0.211,-9.430,10.227,-7.137,0.334,0.452,1.020,1.332,2,NULL,NULL,,3,0,2,7,255,1193,250,0,0
stim,263696,293817,0,293817,3491119.454,-0.734,0.193,0.061,-0.648,2927,0,0,2847,0,1455,0,1301,49,1.124,1,2289,0,245.362,17.483,-153.000,-173.875,-81.000,-1.004,-1.328,-0.129,-14.180,10.227,-9.926,0.294,0.426,1.020,1.332,2,NULL,NULL,,3,0,2,7,255,1193,250,0,0
stim,263696,293817,0,293817,3491124.455,-0.732,0.187,0.057,-0.652,2979,0,0,2927,0,1481,0,1401,49,1.124,1,2289,0,207.041,16.415,-28.938,-176.375,-104.500,-0.125,-0.598,0.500,-14.180,8.270,-9.926,0.266,0.396,1.020,1.332,2,NULL,NULL,,3,0,2,7,255,1193,250,0,0
stim,263696,293817,0,293817,3491129.454,-0.730,0.183,0.051,-0.657,3013,0,0,2991,0,1517,0,1445,49,1.124,1,2289,0,186.082,7.692,35.500,-158.563,-90.688,0.438,-0.645,1.418,-7.609,-1.125,-5.859,0.254,0.360,1.020,1.332,2,NULL,NULL,,3,0,2,7,255,1193,250,0,0
stim,263696,293817,0,293817,3491134.455,-0.729,0.179,0.047,-0.659,3034,0,0,3038,0,1549,0,1459,49,1.124,1,2289,0,152.643,11.966,-9.000,-147.000,-40.125,0.816,-1.102,1.883,-7.609,-9.234,0.723,0.264,0.318,1.020,1.332,2,NULL,NULL,,3,0,2,7,255,1193,250,0,0
stim,263696,293817,0,293817,3491139.454,-0.732,0.171,0.046,-0.658,3053,0,0,3069,0,1613,0,1458,49,1.124,1,2289,0,191.391,18.851,-118.438,-139.625,55.750,0.867,-1.398,1.797,-12.172,-14.395,2.082,0.284,0.268,1.020,1.332,2,NULL,NULL,,3,0,2,7,255,1193,250,0,0
stim,263696,293817,0,293817,3491144.455,-0.738,0.162,0.046,-0.653,3075,0,0,3101,0,1719,0,1490,49,1.124,1,2289,0,275.597,18.851,-186.688,-131.563,154.250,0.387,-1.188,0.996,-12.172,-14.395,2.082,0.302,0.224,1.020,1.332,2,NULL,NULL,,3,0,2,7,255,1193,250,0,0
stim,263696,293817,0,293817,3491149.453,-0.745,0.154,0.045,-0.648,3087,0,0,3124,0,1836,0,1499,49,1.124,1,2289,0,269.351,14.381,-144.813,-129.063,186.875,-0.332,-0.797,0.438,-12.109,-7.758,-3.352,0.312,0.194,1.020,1.332,2,NULL,NULL,,3,0,2,7,255,1193,250,0,0
stim,263719,293840,1,293840,3491154.455,-0.750,0.149,0.041,-0.643,3093,0,0,3138,0,1929,0,1546,49,1.124,1,2289,0,208.039,8.768,-66.375,-130.625,147.688,-0.664,-0.371,0.598,-8.727,0.852,-3.352,0.314,0.178,1.020,1.332,2,NULL,NULL,,3,1,2,7,255,1193,250,0,0
stim,263719,293840,1,293840,3491159.455,-0.753,0.144,0.037,-0.641,3092,0,0,3161,0,2027,12,1631,49,1.124,1,2289,0,159.904,6.018,-27.938,-133.125,84.063,-0.563,0.293,1.098,-5.328,2.797,-3.055,0.316,0.172,1.020,1.332,2,NULL,NULL,,3,1,2,7,255,1193,250,0,0
stim,263719,293840,1,293840,3491164.455,-0.754,0.140,0.034,-0.641,3097,0,0,3155,0,2101,35,1717,49,1.124,1,2289,0,135.033,2.880,-38.125,-124.563,35.563,-0.289,0.613,1.293,0.688,2.797,2.230,0.320,0.168,1.020,1.332,2,NULL,NULL,,3,1,2,7,255,1193,250,0,0
stim,263719,293840,1,293840,3491169.454,-0.756,0.134,0.032,-0.640,3099,0,0,3160,29,2217,54,1884,49,1.124,1,2289,0,140.600,1.587,-73.250,-118.313,20.125,-0.160,0.328,1.359,1.543,0.371,3.840,0.328,0.160,1.020,1.332,2,NULL,NULL,,3,1,2,7,255,1193,250,0,0
stim,263741,293862,1,293862,3491174.455,-0.757,0.127,0.031,-0.641,3101,0,0,3163,277,2277,160,2008,49,1.124,1,2289,0,153.419,2.008,-107.500,-109.000,10.000,-0.113,-0.105,1.410,1.543,-1.285,3.840,0.346,0.144,1.020,1.332,2,NULL,NULL,,3,1,2,7,255,1193,250,0,0
stim,263741,293862,1,293862,3491179.454,-0.756,0.123,0.032,-0.642,3103,0,0,3165,557,2327,147,2137,49,1.124,1,2289,0,111.552,3.396,-79.313,-62.188,-47.813,0.145,-0.258,1.602,-2.477,-2.324,3.840,0.366,0.124,1.020,1.332,2,NULL,NULL,,3,1,2,7,255,1193,250,0,0
stim,263741,293862,1,293862,3491184.455,-0.755,0.119,0.033,-0.644,3107,0,0,3171,791,2363,147,2194,49,1.124,1,2289,0,105.260,5.851,-73.938,-41.500,-62.375,0.555,0.137,0.953,-2.477,-5.301,3.680,0.388,0.106,1.020,1.332,2,NULL,NULL,,3,1,2,7,255,1193,250,0,0
stim,263741,293862,1,293862,3491189.453,-0.754,0.118,0.032,-0.645,3107,0,0,3161,985,2393,159,2254,49,1.124,1,2289,0,48.800,7.210,-2.938,-40.750,-26.688,0.629,0.602,0.906,1.469,-7.059,-1.699,0.406,0.088,1.020,1.332,2,NULL,NULL,,3,1,2,7,255,1193,250,0,0
stim,263741,293862,1,293862,3491194.455,-0.754,0.117,0.031,-0.645,3103,4,0,3171,1145,2413,182,2299,49,1.124,1,2289,0,28.841,7.210,-3.125,-25.125,13.813,0.043,-0.027,1.551,1.469,-7.059,-1.699,0.422,0.074,1.020,1.332,2,NULL,NULL,,3,1,2,7,255,1193,250,0,0
stim,263741,293862,1,293862,3491199.453,-0.755,0.113,0.033,-0.645,3103,23,0,3173,1256,2429,179,2347,49,1.124,1,2289,0,92.522,4.000,-89.813,-21.688,4.875,-0.473,-0.227,1.383,-1.391,-3.750,4.086,0.436,0.064,1.020,1.332,2,NULL,NULL,,3,1,2,7,255,1193,250,0,0
stim,263794,293915,1,293915,3491204.455,-0.754,0.110,0.035,-0.647,3101,24,0,3171,1339,2451,176,2381,49,1.124,1,2289,0,109.125,1.862,-92.188,-14.750,-56.500,-0.426,0.164,0.758,-1.391,1.238,4.086,0.448,0.054,1.020,1.332,2,NULL,NULL,,3,1,2,7,255,1193,250,0,0
stim,263794,293915,1,293915,3491209.454,-0.751,0.108,0.035,-0.650,3103,58,0,3173,1427,2461,179,2411,49,1.124,1,2289,0,102.686,1.296,-28.688,-13.813,-97.625,-0.039,0.188,0.766,0.383,1.238,-1.586,0.458,0.048,1.020,1.332,2,NULL,NULL,,3,1,2,7,255,1193,250,0,0
stim,263794,293915,1,293915,3491214.455,-0.749,0.108,0.036,-0.652,3103,73,0,3173,1545,2472,171,2437,49,1.124,1,2289,0,77.031,1.042,-7.375,-9.688,-76.063,0.234,-0.043,1.141,0.383,-0.969,-1.586,0.466,0.040,1.020,1.332,2,NULL,NULL,,3,1,2,7,255,1193,250,0,0
stim,263794,293915,1,293915,3491219.454,-0.749,0.106,0.037,-0.653,3101,86,0,3173,1597,2485,172,2457,49,1.124,1,2289,0,54.096,3.357,-44.313,-6.625,-30.313,0.070,-0.109,1.191,-0.809,-3.258,0.613,0.476,0.034,1.020,1.332,2,NULL,NULL,,3,1,2,7,255,1193,250,0,0
stim,263794,293915,1,293915,3491224.455,-0.748,0.103,0.039,-0.654,3103,103,0,3173,1640,2495,165,2479,49,1.124,1,2289,0,74.657,3.598,-71.375,-5.750,-21.125,-0.246,-0.070,0.965,-1.527,-3.258,0.613,0.484,0.030,1.020,1.332,2,NULL,NULL,,3,1,2,7,255,1193,250,0,0
stim,263794,293915,1,293915,3491229.453,-0.747,0.101,0.041,-0.655,3103,105,0,3173,1705,2509,158,2500,49,1.124,1,2289,0,73.483,1.555,-55.813,-4.750,-47.563,-0.301,-0.066,0.777,-1.527,0.293,-0.145,0.490,0.026,1.020,1.332,2,NULL,NULL,,3,1,2,7,255,1193,250,0,0
stim,263794,293915,1,293915,3491234.455,-0.745,0.100,0.041,-0.658,3107,111,4,3173,1765,2523,154,2514,49,1.124,1,2289,0,76.193,1.486,-23.500,-8.313,-72.000,-0.145,-0.082,0.824,-1.457,0.293,-1.695,0.496,0.024,1.020,1.332,2,NULL,NULL,,3,1,2,7,255,1193,250,0,0
stim,263794,293915,1,293915,3491239.453,-0.744,0.099,0.042,-0.660,3106,117,24,3177,1802,2533,156,2522,49,1.124,1,2289,0,61.824,1.425,-7.938,-7.313,-60.875,0.074,-0.051,0.996,-1.367,-0.402,-1.695,0.502,0.018,1.020,1.332,2,NULL,NULL,,3,1,2,7,255,1193,250,0,0
stim,263816,293937,1,293937,3491244.455,-0.743,0.098,0.042,-0.661,3107,139,62,3173,1833,2536,143,2531,49,1.124,1,2289,0,34.342,2.906,-14.438,-5.750,-30.625,0.070,-0.027,1.098,-0.844,-2.781,-0.426,0.508,0.014,1.020,1.332,2,NULL,NULL,,3,1,2,7,255,1193,250,0,0
stim,263816,293937,1,293937,3491249.454,-0.743,0.097,0.043,-0.661,3107,152,69,3175,1867,2537,136,2535,49,1.124,1,2289,0,28.819,2.863,-24.813,-3.688,-14.188,-0.059,0.043,1.051,-0.680,-2.781,0.402,0.512,0.012,1.020,1.332,2,NULL,NULL,,3,1,2,7,255,1193,250,0,0
stim,263816,293937,1,293937,3491254.455,-0.742,0.096,0.043,-0.662,3101,159,111,3167,1901,2542,116,2541,49,1.124,1,2289,0,27.229,1.541,-23.188,-2.063,-14.125,-0.133,0.027,0.969,-0.297,-1.512,0.402,0.518,0.008,1.020,1.332,2,NULL,NULL,,3,1,2,7,255,1193,250,0,0
stim,263816,293937,1,293937,3491259.455,-0.742,0.096,0.043,-0.662,3109,170,157,3173,1929,2547,85,2548,49,1.124,1,2289,0,20.816,0.767,-11.563,-1.438,-17.250,-0.125,-0.008,0.949,-0.297,-0.707,-0.250,0.524,0.004,1.020,1.332,2,NULL,NULL,,3,1,2,7,255,1193,250,0,0
stim,263816,293937,1,293937,3491264.455,-0.742,0.095,0.044,-0.663,3111,170,176,3176,1946,2550,61,2549,49,1.124,1,2289,1,14.055,0.775,-3.750,-2.500,-13.313,-0.113,0.023,1.004,-0.316,-0.707,-0.250,0.000,0.000,1.015,1.332,2,NULL,NULL,,3,1,2,7,255,1193,250,0,0
stim,263816,293937,1,293937,3491269.454,-0.741,0.095,0.043,-0.663,3109,167,219,3176,1974,2552,51,2553,49,1.124,1,2289,1,10.041,0.778,-3.000,-2.500,-9.250,-0.133,0.074,1.047,-0.316,-0.711,0.047,0.006,0.004,1.015,1.332,2,NULL,NULL,,3,1,2,7,255,1193,250,0,0
stim,263842,293963,1,293963,3491274.455,-0.741,0.095,0.044,-0.663,3110,182,268,3172,1995,2555,45,2555,49,1.124,1,2289,1,11.213,0.733,-6.063,-1.500,-9.313,-0.145,0.109,1.051,0.180,-0.711,0.531,0.010,0.006,1.015,1.332,2,NULL,NULL,,3,1,2,7,255,1193,250,0,0
stim,263842,293963,1,293963,3491279.453,-0.741,0.095,0.044,-0.664,3103,203,296,3171,2008,2552,26,2571,49,1.124,1,2289,1,13.426,0.628,-8.688,-1.000,-10.188,-0.141,0.074,1.027,0.180,-0.602,0.531,0.014,0.008,1.015,1.332,2,NULL,NULL,,3,1,2,7,255,1193,250,0,0
stim,263842,293963,1,293963,3491284.455,-0.741,0.094,0.044,-0.664,3104,183,303,3167,2023,2555,25,2569,49,1.124,1,2289,1,12.563,0.628,-8.875,-1.188,-8.813,-0.141,0.000,0.988,0.180,-0.602,0.340,0.018,0.010,1.015,1.332,2,NULL,NULL,,3,1,2,7,255,1193,250,0,0
stim,263842,293963,1,293963,3491289.454,-0.740,0.094,0.044,-0.664,3103,187,310,3165,2037,2555,24,2571,49,1.124,1,2289,1,9.231,0.803,-5.375,-1.688,-7.313,-0.148,-0.039,0.969,-0.531,-0.602,-0.063,0.022,0.012,1.015,1.332,2,NULL,NULL,,3,1,2,7,255,1193,250,0,0
stim,263861,293982,1,293982,3491294.455,-0.740,0.094,0.044,-0.664,3097,185,325,3163,2045,2555,22,2577,49,1.124,1,2289,1,7.086,0.875,-0.375,-2.313,-6.688,-0.156,-0.016,0.980,-0.695,-0.531,-0.102,0.028,0.014,1.015,1.332,2,NULL,NULL,,3,1,2,7,255,1193,250,0,0
stim,263861,293982,1,293982,3491299.453,-0.740,0.094,0.044,-0.665,3096,183,344,3151,2057,2555,19,2572,49,1.124,1,2289,1,7.664,0.843,2.063,-3.125,-6.688,-0.152,0.031,1.004,-0.695,-0.477,-0.102,0.032,0.016,1.015,1.332,2,NULL,NULL,,3,1,2,7,255,1193,250,0,0
stim,263861,293982,1,293982,3491304.455,-0.740,0.093,0.044,-0.665,3095,187,396,3155,2072,2556,21,2579,49,1.124,1,2289,1,7.280,0.528,1.625,-3.688,-6.063,-0.152,0.055,1.016,-0.242,-0.469,0.145,0.034,0.020,1.015,1.332,2,NULL,NULL,,3,1,2,7,255,1193,250,0,0
stim,263861,293982,1,293982,3491309.454,-0.740,0.093,0.044,-0.665,3095,183,425,3160,2079,2556,19,2582,49,1.124,1,2289,1,6.626,0.499,-0.063,-3.875,-5.375,-0.168,0.039,0.996,-0.172,-0.469,0.145,0.038,0.022,1.015,1.332,2,NULL,NULL,,3,1,2,7,255,1193,250,0,0
stim,263899,294020,1,294020,3491314.455,-0.740,0.093,0.044,-0.665,3087,185,435,3145,2089,2555,19,2585,49,1.124,1,2289,1,6.953,0.367,-0.563,-4.375,-5.375,-0.172,-0.004,0.969,-0.172,-0.324,0.102,0.042,0.024,1.015,1.332,2,NULL,NULL,,3,1,2,7,255,1193,250,0,0
stim,263899,294020,1,294020,3491319.455,-0.739,0.093,0.043,-0.665,3079,184,454,3131,2099,2557,19,2589,49,1.124,1,2289,1,7.531,0.644,1.250,-5.375,-5.125,-0.176,-0.039,0.949,-0.594,-0.250,-0.180,0.046,0.026,1.015,1.332,2,NULL,NULL,,3,1,2,7,255,1193,250,0,0
stim,263899,294020,1,294020,3491324.455,-0.739,0.093,0.043,-0.666,3067,182,483,3125,2109,2557,21,2597,49,1.124,1,2289,1,9.101,0.941,4.438,-6.938,-3.875,-0.180,-0.039,0.941,-0.914,-0.223,-0.402,0.050,0.030,1.015,1.332,2,NULL,NULL,,3,1,2,7,255,1193,250,0,0
stim,263899,294020,1,294020,3491329.454,-0.739,0.093,0.043,-0.666,3059,183,501,3116,2124,2557,21,2603,49,1.124,1,2289,1,12.032,0.929,7.750,-8.563,-3.375,-0.191,-0.012,0.957,-0.914,-0.164,-0.402,0.052,0.030,1.015,1.332,2,NULL,NULL,,3,1,2,7,255,1193,250,0,0
stim,263899,294020,1,294020,3491334.455,-0.739,0.093,0.042,-0.666,3051,182,529,3107,2137,2559,19,2607,49,1.124,1,2289,1,13.757,0.669,8.688,-9.938,-3.875,-0.199,0.008,0.977,-0.668,-0.031,-0.262,0.054,0.030,1.015,1.332,2,NULL,NULL,,3,1,2,7,255,1193,250,0,0
stim,263899,294020,1,294020,3491339.453,-0.739,0.093,0.042,-0.666,3045,181,566,3092,2155,2565,26,2617,49,1.124,1,2289,1,15.479,0.531,8.938,-11.438,-5.375,-0.195,0.016,0.980,-0.531,0.008,-0.039,0.056,0.032,1.015,1.332,2,NULL,NULL,,3,1,2,7,255,1193,250,0,0
stim,263899,294020,1,294020,3491344.455,-0.739,0.092,0.041,-0.666,3033,164,591,3077,2175,2557,43,2622,49,1.124,1,2289,1,17.423,0.426,10.313,-12.813,-5.750,-0.180,0.043,0.977,-0.426,0.008,-0.039,0.058,0.032,1.015,1.332,2,NULL,NULL,,3,1,2,7,255,1193,250,0,0
stim,263899,294020,1,294020,3491349.453,-0.739,0.092,0.040,-0.667,3015,163,629,3053,2201,2556,75,2631,49,1.124,1,2289,1,18.702,0.192,11.375,-14.000,-4.938,-0.168,0.066,0.992,-0.152,-0.117,-0.027,0.058,0.030,1.015,1.332,2,NULL,NULL,,3,1,2,7,255,1193,250,0,0
stim,263899,294020,1,294020,3491354.455,-0.739,0.092,0.039,-0.667,3003,165,665,3039,2221,2558,81,2649,49,1.124,1,2289,1,18.759,0.208,10.375,-15.188,-3.688,-0.168,0.090,1.012,0.047,-0.203,0.078,0.056,0.030,1.015,1.332,2,NULL,NULL,,3,1,2,7,255,1193,250,0,0
stim,263899,294020,1,294020,3491359.454,-0.738,0.092,0.038,-0.667,2990,165,694,3026,2251,2569,88,2659,49,1.124,1,2289,1,19.134,0.341,9.313,-16.063,-4.625,-0.176,0.145,1.023,0.273,-0.203,0.258,0.056,0.028,1.015,1.332,2,NULL,NULL,,3,1,2,7,255,1193,250,0,0
stim,263929,294050,1,294050,3491364.455,-0.738,0.092,0.038,-0.667,2973,175,724,3013,2273,2568,140,2669,49,1.124,1,2289,1,20.100,0.803,9.125,-16.563,-6.813,-0.160,0.211,1.051,0.777,-0.203,0.430,0.054,0.024,1.015,1.332,2,NULL,NULL,,3,1,2,7,255,1193,250,0,0
stim,263929,294050,1,294050,3491369.454,-0.738,0.092,0.037,-0.668,2957,179,765,2991,2295,2571,191,2679,49,1.124,1,2289,1,18.923,1.451,6.000,-15.938,-8.250,-0.125,0.258,1.086,1.434,-0.227,0.711,0.052,0.018,1.015,1.332,2,NULL,NULL,,3,1,2,7,255,1193,250,0,0
stim,263929,294050,1,294050,3491374.455,-0.738,0.092,0.036,-0.668,2937,181,805,2983,2319,2575,218,2687,49,1.124,1,2289,1,16.202,1.977,-0.125,-14.813,-6.563,-0.105,0.258,1.090,1.902,-0.539,0.988,0.050,0.014,1.015,1.332,2,NULL,NULL,,3,1,2,7,255,1193,250,0,0
stim,263929,294050,1,294050,3491379.453,-0.738,0.091,0.036,-0.668,2917,185,846,2963,2344,2575,249,2698,49,1.124,1,2289,1,16.357,1.996,-7.438,-13.750,-4.813,-0.113,0.211,1.051,1.902,-0.605,0.988,0.050,0.012,1.015,1.332,2,NULL,NULL,,3,1,2,7,255,1193,250,0,0
stim,263951,294072,1,294072,3491384.455,-0.738,0.090,0.035,-0.668,2905,195,947,2952,2381,2577,309,2702,49,1.124,1,2289,1,17.314,1.567,-9.938,-12.875,-5.938,-0.148,0.141,1.016,1.445,-0.605,0.609,0.050,0.008,1.015,1.332,2,NULL,NULL,,3,1,2,7,255,1193,250,0,0
stim,263951,294072,1,294072,3491389.453,-0.737,0.090,0.035,-0.668,2885,203,1033,2931,2413,2580,342,2715,49,1.124,1,2289,1,18.160,0.810,-8.438,-12.125,-10.563,-0.148,0.125,0.992,0.766,-0.266,0.301,0.050,0.008,1.015,1.332,2,NULL,NULL,,3,1,2,7,255,1193,250,0,0
stim,263951,294072,1,294072,3491394.455,-0.737,0.089,0.035,-0.669,2860,229,1114,2918,2441,2580,393,2727,49,1.124,1,2289,1,18.116,0.679,-5.375,-11.625,-12.813,-0.121,0.109,0.988,0.625,-0.266,0.074,0.050,0.010,1.015,1.332,2,NULL,NULL,,3,1,2,7,255,1193,250,0,0
stim,263951,294072,1,294072,3491399.454,-0.737,0.089,0.035,-0.669,2844,246,1183,2900,2467,2581,453,2744,49,1.124,1,2289,1,16.756,0.704,-5.000,-10.500,-12.063,-0.105,0.074,0.992,0.496,-0.500,-0.023,0.052,0.012,1.015,1.332,2,NULL,NULL,,3,1,2,7,255,1193,250,0,0
stim,263951,294072,0,294072,3491404.455,-0.737,0.088,0.035,-0.670,2823,249,1270,2889,2491,2583,499,2743,49,1.124,1,2289,1,15.860,0.576,-6.500,-9.750,-10.688,-0.117,0.043,0.977,0.191,-0.543,-0.035,0.054,0.014,1.015,1.332,2,NULL,NULL,,3,0,2,7,255,1186,250,0,0
stim,263951,294072,0,294072,3491409.454,-0.736,0.087,0.034,-0.670,2799,260,1340,2871,2515,2585,571,2751,49,1.124,1,2289,1,15.971,0.559,-6.438,-9.625,-11.000,-0.156,-0.004,0.953,-0.133,-0.543,-0.168,0.054,0.016,1.015,1.332,2,NULL,NULL,,3,0,2,7,255,1186,250,0,0
stim,263996,294117,0,294117,3491414.455,-0.736,0.087,0.034,-0.671,2779,255,1385,2873,2542,2585,654,2761,49,1.124,1,2289,1,16.933,0.619,-3.125,-10.313,-13.063,-0.184,-0.027,0.941,-0.590,-0.188,-0.355,0.056,0.018,1.015,1.332,2,NULL,NULL,,3,0,2,7,255,1186,250,0,0
stim,263996,294117,0,294117,3491419.454,-0.736,0.087,0.034,-0.671,2761,262,1507,2844,2567,2597,765,2779,49,1.124,1,2289,1,20.015,0.694,1.000,-11.375,-16.438,-0.184,-0.012,0.957,-0.688,0.098,-0.355,0.058,0.020,1.015,1.332,2,NULL,NULL,,3,0,2,7,255,1186,250,0,0
stim,263996,294117,0,294117,3491424.455,-0.735,0.086,0.034,-0.672,2730,267,1598,2829,2587,2594,867,2781,49,1.124,1,2289,1,23.045,0.694,1.563,-11.875,-19.688,-0.160,0.008,0.980,-0.688,0.098,-0.281,0.058,0.020,1.015,1.332,2,NULL,NULL,,3,0,2,7,255,1186,250,0,0
stim,263996,294117,0,294117,3491429.454,-0.734,0.086,0.033,-0.672,2687,271,1671,2825,2616,2595,966,2793,49,1.124,1,2289,1,24.241,0.565,-1.688,-12.625,-20.625,-0.141,0.000,0.992,-0.543,-0.156,-0.070,0.058,0.020,1.015,1.332,2,NULL,NULL,,3,0,2,7,255,1186,250,0,0
stim,263996,294117,0,294117,3491434.455,-0.734,0.085,0.033,-0.673,2661,278,1758,2805,2631,2605,1083,2798,49,1.124,1,2289,1,24.768,0.610,-5.875,-13.188,-20.125,-0.148,-0.004,0.988,-0.543,-0.277,-0.027,0.060,0.020,1.015,1.332,2,NULL,NULL,,3,0,2,7,255,1186,250,0,0
stim,263996,294117,0,294117,3491439.454,-0.733,0.084,0.033,-0.674,2631,281,1833,2779,2659,2599,1167,2823,49,1.124,1,2289,1,26.043,0.666,-7.875,-13.625,-20.750,-0.148,-0.020,0.977,-0.605,-0.277,-0.027,0.062,0.020,1.015,1.332,2,NULL,NULL,,3,0,2,7,255,1186,250,0,0
stim,263996,294117,0,294117,3491444.455,-0.733,0.083,0.033,-0.675,2595,296,1880,2766,2665,2597,1293,2851,49,1.124,1,2289,1,26.728,0.796,-7.375,-14.063,-21.500,-0.137,-0.035,0.969,-0.746,-0.277,-0.156,0.062,0.020,1.015,1.332,2,NULL,NULL,,3,0,2,7,255,1186,250,0,0
stim,263996,294117,0,294117,3491449.453,-0.732,0.083,0.033,-0.675,2548,311,1939,2741,2687,2600,1391,2830,49,1.124,1,2289,1,26.335,0.894,-6.438,-14.438,-21.063,-0.133,-0.031,0.973,-0.820,-0.355,-0.230,0.064,0.020,1.015,1.332,2,NULL,NULL,,3,0,2,7,255,1186,250,0,0
stim,264018,294139,0,294139,3491454.455,-0.732,0.082,0.033,-0.676,2503,332,2003,2717,2713,2599,1481,2840,49,1.124,1,2289,1,25.883,0.897,-5.500,-14.813,-20.500,-0.133,-0.008,0.984,-0.820,-0.363,-0.230,0.066,0.020,1.015,1.332,2,NULL,NULL,,3,0,2,7,255,1186,250,0,0
stim,264018,294139,0,294139,3491459.454,-0.731,0.081,0.032,-0.677,2447,341,2070,2679,2719,2599,1559,2859,49,1.124,1,2289,1,26.392,0.670,-5.375,-15.313,-20.813,-0.137,0.039,1.000,-0.563,-0.363,-0.098,0.070,0.020,1.015,1.332,2,NULL,NULL,,3,0,2,7,255,1186,250,0,0
stim,264018,294139,0,294139,3491464.455,-0.730,0.080,0.032,-0.677,2410,347,2145,2669,2739,2603,1673,2861,49,1.124,1,2289,1,28.410,0.373,-6.750,-15.250,-23.000,-0.133,0.059,1.016,-0.145,-0.344,0.098,0.072,0.020,1.015,1.332,2,NULL,NULL,,3,0,2,7,255,1186,250,0,0
stim,264018,294139,0,294139,3491469.454,-0.730,0.080,0.032,-0.678,2363,355,2213,2641,2747,2599,1747,2869,49,1.124,1,2289,1,30.081,0.344,-9.625,-15.563,-23.875,-0.121,0.051,1.023,0.016,-0.344,0.246,0.074,0.020,1.015,1.332,2,NULL,NULL,,3,0,2,7,255,1186,250,0,0
stim,264041,294162,0,294162,3491474.455,-0.729,0.079,0.032,-0.679,2302,357,2259,2591,2763,2600,1817,2879,49,1.124,1,2289,1,31.414,0.438,-13.125,-15.250,-24.125,-0.121,0.043,1.027,0.016,-0.438,0.301,0.078,0.020,1.015,1.332,2,NULL,NULL,,3,0,2,7,255,1186,250,0,0
stim,264041,294162,0,294162,3491479.453,-0.729,0.078,0.032,-0.680,2247,362,2317,2555,2779,2609,1909,2891,49,1.124,1,2289,1,32.591,0.443,-15.375,-14.813,-24.625,-0.125,0.023,1.012,-0.066,-0.438,0.301,0.080,0.020,1.015,1.332,2,NULL,NULL,,3,0,2,7,255,1186,250,0,0
stim,264041,294162,0,294162,3491484.455,-0.728,0.077,0.032,-0.681,2163,373,2366,2518,2799,2601,1981,2901,49,1.124,1,2289,1,33.583,0.437,-17.000,-14.938,-24.813,-0.141,0.023,1.023,-0.211,-0.383,0.309,0.084,0.020,1.015,1.332,2,NULL,NULL,,3,0,2,7,255,1186,250,0,0
stim,264041,294162,0,294162,3491489.453,-0.727,0.075,0.032,-0.682,2091,370,2413,2479,2809,2599,2054,2905,49,1.124,1,2289,1,39.182,0.296,-22.125,-15.625,-28.313,-0.148,0.063,1.066,-0.211,-0.207,0.309,0.086,0.020,1.015,1.332,2,NULL,NULL,,3,0,2,7,255,1186,250,0,0
stim,264041,294162,0,294162,3491494.455,-0.726,0.074,0.033,-0.683,2013,374,2459,2443,2833,2599,2117,2900,49,1.124,1,2289,1,47.710,0.252,-30.750,-15.938,-32.813,-0.133,0.074,1.059,0.145,-0.207,0.648,0.088,0.022,1.015,1.332,2,NULL,NULL,,3,0,2,7,255,1186,250,0,0
stim,264041,294162,0,294162,3491499.454,-0.726,0.072,0.033,-0.684,1940,373,2502,2389,2839,2603,2173,2904,49,1.124,1,2289,1,48.974,0.334,-33.375,-15.375,-32.375,-0.113,0.043,0.988,0.145,-0.301,0.648,0.092,0.022,1.015,1.332,2,NULL,NULL,,3,0,2,7,255,1186,250,0,0
stim,264094,294215,0,294215,3491504.455,-0.725,0.071,0.034,-0.685,1853,366,2537,2323,2853,2598,2217,2917,49,1.124,1,2289,1,45.926,0.309,-28.750,-15.313,-32.375,-0.129,-0.020,0.961,0.070,-0.301,-0.078,0.094,0.022,1.015,1.332,2,NULL,NULL,,3,0,2,7,255,1186,250,0,0
stim,264094,294215,0,294215,3491509.454,-0.724,0.069,0.034,-0.686,1712,361,2569,2265,2870,2597,2269,2919,49,1.124,1,2289,1,42.620,0.618,-23.438,-18.250,-30.563,-0.117,-0.039,0.988,-0.500,-0.363,-0.078,0.096,0.022,1.015,1.332,2,NULL,NULL,,3,0,2,7,255,1186,250,0,0
stim,264094,294215,0,294215,3491514.455,-0.723,0.068,0.034,-0.686,1598,347,2605,2185,2873,2599,2325,2924,49,1.124,1,2289,1,41.711,0.758,-24.563,-19.500,-27.500,-0.125,-0.047,1.031,-0.680,-0.336,-0.059,0.098,0.022,1.015,1.332,2,NULL,NULL,,3,0,2,7,255,1186,250,0,0
stim,264094,294215,0,294215,3491519.454,-0.722,0.066,0.034,-0.687,1449,337,2631,2084,2887,2591,2361,2934,49,1.124,1,2289,1,48.072,0.758,-31.750,-18.063,-31.250,-0.141,-0.039,1.047,-0.680,-0.336,0.363,0.100,0.024,1.015,1.332,2,NULL,NULL,,3,0,2,7,255,1186,250,0,0
stim,264094,294215,0,294215,3491524.455,-0.722,0.064,0.035,-0.688,1287,325,2659,1981,2905,2590,2420,2937,49,1.124,1,2289,1,52.880,0.730,-37.313,-20.000,-31.688,-0.113,-0.008,1.012,-0.648,-0.336,0.363,0.102,0.024,1.015,1.332,2,NULL,NULL,,3,0,2,7,255,1186,250,0,0
stim,264094,294215,0,294215,3491529.453,-0.721,0.062,0.035,-0.689,1171,285,2677,1862,2915,2586,2455,2949,49,1.124,1,2289,1,48.357,0.537,-33.563,-20.688,-28.000,-0.125,-0.035,0.969,-0.508,-0.176,0.172,0.102,0.026,1.015,1.332,2,NULL,NULL,,3,0,2,7,255,1186,250,0,0
stim,264094,294215,0,294215,3491534.455,-0.720,0.061,0.036,-0.690,1015,263,2707,1722,2921,2587,2489,2953,49,1.124,1,2289,1,47.795,0.580,-30.188,-21.313,-30.313,-0.113,-0.047,0.980,-0.508,-0.281,-0.152,0.104,0.026,1.015,1.332,2,NULL,NULL,,3,0,2,7,255,1186,250,0,0
stim,264094,294215,0,294215,3491539.454,-0.720,0.059,0.036,-0.691,878,243,2731,1545,2935,2580,2523,2954,49,1.124,1,2289,1,38.569,0.580,-23.875,-24.500,-17.813,-0.082,0.004,0.961,-0.508,-0.281,-0.258,0.104,0.028,1.015,1.332,2,NULL,NULL,,3,0,2,7,255,1186,250,0,0
stim,264116,294237,0,294237,3491544.455,-0.719,0.058,0.035,-0.692,671,212,2747,1395,2939,2572,2552,2958,49,1.124,1,2289,1,35.900,0.288,-8.500,-23.250,-26.000,-0.266,0.113,0.949,-0.063,-0.281,-0.258,0.104,0.030,1.015,1.332,2,NULL,NULL,,3,0,2,7,255,1186,250,0,0
stim,264116,294237,0,294237,3491549.453,-0.718,0.057,0.035,-0.693,525,173,2777,1187,2959,2568,2605,2966,49,1.124,1,2289,1,49.901,0.527,-13.000,-27.938,-39.250,-0.098,-0.066,1.164,-0.063,-0.523,-0.258,0.104,0.032,1.015,1.332,2,NULL,NULL,,3,0,2,7,255,1186,250,0,0
stim,264116,294237,0,294237,3491554.455,-0.717,0.055,0.035,-0.694,347,111,2794,1007,2975,2556,2631,2969,49,1.124,1,2289,1,45.267,0.961,-28.000,-27.750,-22.250,-0.031,-0.184,1.102,-0.727,-0.629,0.934,0.104,0.034,1.015,1.332,2,NULL,NULL,,3,0,2,7,255,1186,250,0,0
stim,264116,294237,0,294237,3491559.454,-0.717,0.053,0.035,-0.694,203,89,2813,811,2976,2544,2650,2975,49,1.124,1,2289,1,44.931,0.961,-32.438,-28.125,-13.250,-0.078,-0.063,1.016,-0.727,-0.629,0.934,0.104,0.036,1.015,1.332,2,NULL,NULL,,3,0,2,7,255,1186,250,0,0
stim,264116,294237,0,294237,3491564.455,-0.717,0.051,0.035,-0.694,119,41,2824,619,2984,2531,2671,2989,49,1.124,1,2289,1,39.757,0.831,-24.813,-30.250,-7.063,-0.164,0.133,0.992,-0.633,-0.539,0.164,0.104,0.038,1.015,1.332,2,NULL,NULL,,3,0,2,7,255,1186,250,0,0
stim,264116,294237,0,294237,3491569.454,-0.716,0.050,0.034,-0.695,45,21,2837,404,2991,2524,2697,2989,49,1.124,1,2289,1,44.703,1.329,-14.563,-32.875,-26.563,-0.215,0.199,1.043,1.270,0.395,0.164,0.102,0.040,1.015,1.332,2,NULL,NULL,,3,0,2,7,255,1186,250,0,0
stim,264142,294263,0,294263,3491574.455,-0.715,0.048,0.033,-0.696,17,0,2847,199,2999,2495,2729,2996,49,1.124,1,2289,1,59.225,1.329,-15.188,-35.063,-45.250,-0.090,0.098,1.047,1.270,0.395,0.465,0.102,0.044,1.015,1.332,2,NULL,NULL,,3,0,2,7,255,1186,250,0,0
stim,264142,294263,0,294263,3491579.453,-0.714,0.047,0.032,-0.698,0,0,2854,119,3005,2472,2736,3013,49,1.124,1,2289,1,51.978,1.009,-8.000,-38.875,-33.563,-0.008,0.027,1.035,0.945,-0.352,0.465,0.102,0.046,1.015,1.332,2,NULL,NULL,,3,0,2,7,255,1186,250,0,0
stim,264142,294263,0,294263,3491584.455,-0.713,0.045,0.031,-0.699,0,0,2871,78,3020,2453,2765,3001,49,1.124,1,2289,1,51.887,0.458,-3.250,-40.813,-31.875,-0.125,-0.102,1.047,0.293,-0.352,0.465,0.100,0.050,1.015,1.332,2,NULL,NULL,,3,0,2,7,255,1186,250,0,0
stim,264142,294263,0,294263,3491589.453,-0.713,0.045,0.029,-0.699,0,0,2885,56,3033,2421,2783,3013,49,1.124,1,2289,1,57.677,0.996,27.063,-50.688,-5.000,-0.344,-0.145,1.191,-0.996,0.012,0.512,0.098,0.054,1.015,1.332,2,NULL,NULL,,3,0,2,7,255,1186,250,0,0
stim,264161,294282,0,294282,3491594.455,-0.712,0.044,0.027,-0.700,0,0,2877,0,3034,2392,2806,3025,49,1.124,1,2289,0,65.865,2.266,18.313,-55.500,-30.375,-0.355,-0.082,1.355,-0.996,2.035,2.172,0.094,0.058,1.015,1.332,3,NULL,NULL,,3,0,2,7,255,1186,250,0,0
stim,264161,294282,0,294282,3491599.454,-0.712,0.042,0.025,-0.701,0,0,2895,0,3051,2372,2830,3017,49,1.124,1,2289,0,71.727,2.206,15.938,-61.625,-33.063,-0.328,0.016,1.434,-0.852,2.035,3.777,0.090,0.066,1.015,1.332,3,NULL,NULL,,3,0,2,7,255,1186,250,0,0
stim,264161,294282,0,294282,3491604.455,-0.711,0.041,0.022,-0.702,0,0,2893,0,3051,2333,2847,3015,49,1.124,1,2289,0,77.625,1.796,23.750,-70.875,-20.938,-0.211,0.242,1.594,0.102,1.793,4.496,0.084,0.074,1.015,1.332,3,NULL,NULL,,3,0,2,7,255,1186,250,0,0
stim,264161,294282,0,294282,3491609.454,-0.711,0.038,0.020,-0.702,0,0,2895,0,3051,2282,2861,3019,49,1.124,1,2289,0,78.602,2.424,-29.250,-72.938,-1.688,-0.074,0.262,1.461,2.332,0.660,4.504,0.076,0.084,1.015,1.332,3,NULL,NULL,,3,0,2,7,255,1186,250,0,0
stim,264199,294320,0,294320,3491614.455,-0.711,0.034,0.020,-0.702,0,0,2903,0,3068,2237,2888,3015,49,1.124,1,2289,0,93.828,2.332,-59.250,-72.750,0.813,-0.094,0.070,1.141,2.332,0.031,4.504,0.070,0.094,1.015,1.332,3,NULL,NULL,,3,0,2,7,255,1186,250,0,0
stim,264199,294320,0,294320,3491619.454,-0.712,0.030,0.019,-0.701,0,0,2907,0,3063,2173,2907,3007,49,1.124,1,2289,0,89.808,0.723,-39.125,-78.750,18.250,-0.234,-0.102,0.980,0.723,0.031,1.387,0.062,0.102,1.015,1.332,3,NULL,NULL,,3,0,2,7,255,1186,250,0,0
stim,264199,294320,0,294320,3491624.455,-0.713,0.028,0.016,-0.701,0,0,2905,0,3082,2101,2913,3017,49,1.124,1,2289,0,88.201,1.826,-1.313,-87.063,14.063,-0.309,-0.156,1.008,-0.965,1.551,0.246,0.054,0.110,1.015,1.332,3,NULL,NULL,,3,0,2,7,255,1186,250,0,0
stim,264199,294320,0,294320,3491629.453,-0.713,0.025,0.013,-0.701,0,0,2907,0,3078,2011,2925,3015,49,1.124,1,2289,0,93.298,2.362,11.688,-92.563,-0.250,-0.258,-0.195,1.164,-1.520,1.809,0.246,0.050,0.118,1.015,1.332,3,NULL,NULL,,3,0,2,7,255,1186,250,0,0
stim,264199,294320,0,294320,3491634.455,-0.713,0.022,0.011,-0.701,0,0,2903,0,3083,1895,2937,3006,49,1.124,1,2289,0,95.602,2.382,1.375,-95.125,-9.438,-0.176,-0.164,1.242,-1.551,1.809,1.746,0.046,0.126,1.015,1.332,3,NULL,NULL,,3,0,2,7,255,1186,250,0,0
stim,264199,294320,0,294320,3491639.454,-0.713,0.019,0.008,-0.701,0,0,2891,0,3095,1799,2951,3005,49,1.124,1,2289,0,99.742,1.884,-9.500,-99.250,2.750,-0.164,-0.164,1.191,-1.551,1.070,1.922,0.044,0.136,1.015,1.332,3,NULL,NULL,,3,0,2,7,255,1186,250,0,0
stim,264199,294320,0,294320,3491644.455,-0.713,0.016,0.005,-0.701,0,0,2877,0,3087,1685,2951,3003,49,1.124,1,2289,0,104.363,1.884,-9.625,-103.500,9.313,-0.164,-0.098,1.129,-1.551,1.070,1.922,0.044,0.146,1.015,1.332,3,NULL,NULL,,3,0,2,7,255,1186,250,0,0
stim,264199,294320,0,294320,3491649.455,-0.714,0.012,0.002,-0.700,0,0,2867,0,3089,1483,2958,3001,49,1.124,1,2289,0,107.259,1.728,-12.438,-106.438,4.563,-0.148,-0.137,1.078,-1.281,1.160,1.316,0.050,0.156,1.015,1.332,3,NULL,NULL,,3,0,2,7,255,1186,250,0,0
stim,264228,294349,0,294349,3491654.455,-0.714,0.009,-0.001,-0.700,0,0,2853,0,3092,1321,2966,3043,49,1.124,1,2289,0,111.295,1.760,1.313,-110.938,8.813,-0.227,-0.176,1.055,-1.281,1.207,0.785,0.056,0.166,1.015,1.332,3,NULL,NULL,,3,0,2,7,255,1186,250,0,0
stim,264228,294349,0,294349,3491659.454,-0.714,0.006,-0.005,-0.700,0,0,2846,0,3102,1115,2983,2991,49,1.124,1,2289,0,117.063,2.128,13.750,-116.125,-5.438,-0.184,-0.113,1.113,-1.281,1.699,0.785,0.064,0.176,1.015,1.332,3,NULL,NULL,,3,0,2,7,255,1186,250,0,0
stim,264228,294349,0,294349,3491664.455,-0.713,0.002,-0.009,-0.701,0,0,2823,0,3093,922,2994,2985,49,1.124,1,2289,0,121.263,2.038,11.625,-119.875,-14.125,-0.137,-0.121,1.133,-1.125,1.699,1.117,0.072,0.184,1.015,1.332,3,NULL,NULL,,3,0,2,7,255,1186,250,0,0
stim,264228,294349,0,294349,3491669.454,-0.714,-0.001,-0.013,-0.701,0,0,2789,0,3096,687,2985,2999,49,1.124,1,2289,0,128.510,1.702,19.563,-127.000,-1.750,-0.105,-0.070,1.137,-1.055,1.336,1.297,0.076,0.192,1.015,1.332,3,NULL,NULL,,3,0,2,7,255,1186,250,0,0
stim,264228,294349,0,294349,3491674.455,-0.713,-0.004,-0.018,-0.700,0,0,2751,0,3109,527,3001,2974,49,1.124,1,2289,0,135.795,1.480,32.188,-131.875,-3.625,-0.160,0.082,1.176,-0.637,1.336,1.305,0.078,0.200,1.015,1.332,3,NULL,NULL,,3,0,2,7,255,1186,250,0,0
stim,264228,294349,0,294349,3491679.454,-0.713,-0.007,-0.023,-0.701,0,0,2713,0,3107,405,2999,2959,49,1.124,1,2289,0,141.549,1.670,31.688,-137.625,-9.563,-0.102,0.141,1.258,0.816,1.457,1.660,0.080,0.208,1.015,1.332,3,NULL,NULL,,3,0,2,7,255,1186,250,0,0
stim,264251,294372,0,294372,3491684.455,-0.713,-0.010,-0.029,-0.700,0,0,2660,0,3100,182,3001,2961,49,1.124,1,2289,0,146.319,1.985,26.625,-143.875,-0.625,-0.063,0.180,1.355,1.348,1.457,2.445,0.078,0.218,1.015,1.332,3,NULL,NULL,,3,0,2,7,255,1186,250,0,0
stim,264251,294372,0,294372,3491689.453,-0.713,-0.014,-0.034,-0.700,0,0,2627,0,3100,86,3015,2935,49,1.124,1,2289,0,148.759,2.253,14.250,-148.063,1.938,-0.059,0.234,1.395,1.719,1.457,3.395,0.078,0.230,1.015,1.332,3,NULL,NULL,,3,0,2,7,255,1186,250,0,0
stim,264251,294372,0,294372,3491694.455,-0.713,-0.018,-0.038,-0.700,0,0,2556,0,3101,37,3017,2905,49,1.124,1,2289,0,152.910,2.663,-3.250,-152.875,0.063,-0.113,0.242,1.348,2.227,1.461,3.395,0.078,0.242,1.015,1.332,3,NULL,NULL,,3,0,2,7,255,1186,250,0,0
stim,264251,294372,0,294372,3491699.453,-0.713,-0.023,-0.043,-0.700,0,0,2487,0,3093,0,3008,2889,49,1.124,1,2289,0,158.234,3.138,-6.250,-157.875,-8.625,-0.109,0.254,1.383,2.309,2.125,3.555,0.082,0.256,1.015,1.332,3,NULL,NULL,,3,0,2,7,255,1186,250,0,0
stim,264251,294372,0,294372,3491704.455,-0.712,-0.028,-0.048,-0.700,0,0,2413,0,3093,0,3015,2847,49,1.124,1,2289,0,165.888,3.290,-11.750,-165.188,-9.688,-0.141,0.246,1.465,2.336,2.316,3.555,0.090,0.274,1.015,1.332,3,NULL,NULL,,3,0,2,7,255,1186,250,0,0
stim,264251,294372,0,294372,3491709.455,-0.712,-0.034,-0.053,-0.700,0,0,2336,0,3089,0,3007,2809,49,1.124,1,2289,0,175.132,3.720,-8.000,-174.938,-2.000,-0.176,0.199,1.648,2.336,2.895,4.313,0.108,0.298,1.015,1.332,3,NULL,NULL,,3,0,2,7,255,1186,250,0,0
stim,264297,294418,0,294418,3491714.455,-0.712,-0.039,-0.059,-0.699,0,0,2245,0,3077,0,3001,2767,49,1.124,1,2289,0,189.809,4.297,-3.875,-189.125,15.625,-0.273,0.242,1.973,2.289,3.637,6.008,0.130,0.326,1.015,1.332,3,NULL,NULL,,3,0,2,7,255,1186,250,0,0
stim,264297,294418,0,294418,3491719.454,-0.713,-0.047,-0.064,-0.697,0,0,2134,0,3067,1,2999,2707,49,1.124,1,2289,0,211.137,5.785,-27.188,-207.063,31.063,-0.367,0.383,2.098,2.289,5.313,8.945,0.158,0.358,1.015,1.332,3,NULL,NULL,,3,0,2,7,255,1186,250,0,0
stim,264297,294418,0,294418,3491724.455,-0.713,-0.055,-0.069,-0.696,0,0,1993,0,3059,11,2983,2650,49,1.124,1,2289,0,231.688,7.694,-52.813,-223.500,30.625,-0.410,0.504,2.078,3.672,6.762,9.473,0.192,0.396,1.015,1.332,3,NULL,NULL,,3,0,2,7,255,1186,250,0,0
stim,264297,294418,0,294418,3491729.453,-0.713,-0.065,-0.074,-0.694,0,0,1853,0,3044,59,2973,2592,49,1.124,1,2289,0,259.807,9.040,-86.125,-242.250,37.375,-0.414,0.520,1.953,4.941,7.570,9.473,0.230,0.438,1.015,1.332,3,NULL,NULL,,3,0,2,7,255,1186,250,0,0
stim,264297,294418,0,294418,3491734.455,-0.714,-0.076,-0.079,-0.692,0,0,1749,0,3029,72,2961,2515,49,1.124,1,2289,0,279.447,9.218,-95.313,-260.063,37.063,-0.414,0.473,1.820,4.941,7.781,8.055,0.272,0.482,1.015,1.332,3,NULL,NULL,,3,0,2,7,255,1186,250,0,0
stim,264297,294418,0,294418,3491739.454,-0.714,-0.087,-0.085,-0.690,0,0,1592,0,3016,79,2933,2439,49,1.124,1,2289,0,294.573,9.281,-83.125,-280.250,36.375,-0.398,0.383,1.883,4.836,7.922,6.984,0.320,0.532,1.015,1.332,3,NULL,NULL,,3,0,2,7,255,1186,250,0,0
stim,264297,294418,0,294418,3491744.455,-0.714,-0.099,-0.092,-0.687,0,0,1503,0,2985,94,2891,2323,49,1.124,1,2289,0,310.779,9.273,-79.688,-298.000,37.813,-0.469,0.371,2.074,4.102,8.316,6.984,0.374,0.590,1.015,1.332,3,NULL,NULL,,3,0,2,7,255,1186,250,0,0
stim,264297,294418,0,294418,3491749.454,-0.713,-0.111,-0.099,-0.685,0,0,1435,0,2955,101,2842,2203,49,1.124,1,2289,0,329.923,10.740,-85.188,-316.500,37.688,-0.586,0.508,2.316,4.102,9.926,8.371,0.438,0.656,1.015,1.332,3,NULL,NULL,,3,0,2,7,255,1186,250,0,0
stim,264318,294439,0,294439,3491754.455,-0.712,-0.124,-0.106,-0.683,0,0,1362,0,2916,104,2791,2095,49,1.124,1,2289,0,348.477,13.491,-97.625,-333.875,20.813,-0.676,0.617,2.543,5.609,12.270,9.934,0.510,0.730,1.015,1.332,3,NULL,NULL,,3,0,2,7,255,1186,250,0,0
stim,264318,294439,0,294439,3491759.454,-0.710,-0.138,-0.114,-0.681,0,0,1263,0,2872,101,2715,1979,49,1.124,1,2289,0,366.684,15.682,-99.875,-352.813,-2.375,-0.609,0.516,2.742,6.188,14.410,11.254,0.590,0.812,1.015,1.332,3,NULL,NULL,,3,0,2,7,255,1186,250,0,0
stim,264318,294439,0,294439,3491764.455,-0.708,-0.153,-0.122,-0.678,0,0,1181,0,2811,77,2618,1853,49,1.124,1,2289,0,393.879,16.327,-114.750,-376.750,5.688,-0.629,0.488,2.809,6.188,15.109,12.855,0.672,0.896,1.015,1.332,3,NULL,NULL,,3,0,2,7,255,1186,250,0,0
stim,264318,294439,0,294439,3491769.453,-0.706,-0.169,-0.129,-0.676,0,0,1065,0,2740,71,2488,1741,49,1.124,1,2289,0,422.676,17.406,-159.188,-391.125,18.313,-0.801,0.758,2.598,6.188,16.270,12.855,0.754,0.982,1.015,1.332,3,NULL,NULL,,3,0,2,7,255,1186,250,0,0
stim,264342,294464,0,294464,3491774.455,-0.702,-0.186,-0.137,-0.673,0,0,943,0,2645,44,2331,1607,49,1.124,1,2289,0,436.122,19.856,-166.063,-403.250,-3.875,-0.906,0.781,2.469,8.859,17.770,9.383,0.838,1.066,1.015,1.332,3,NULL,NULL,,3,0,2,7,255,1186,250,0,0
stim,264342,294464,0,294464,3491779.454,-0.698,-0.203,-0.145,-0.671,0,0,835,0,2530,4,2105,1455,49,1.124,1,2289,0,443.895,20.294,-150.313,-416.375,-32.875,-0.742,0.434,2.539,8.859,18.258,7.934,0.918,1.148,1.015,1.332,3,NULL,NULL,,3,0,2,7,255,1186,250,0,0
stim,264342,294464,0,294464,3491784.455,-0.693,-0.220,-0.154,-0.669,0,0,692,0,2393,0,1820,1256,49,1.124,1,2289,0,455.644,19.294,-151.688,-427.688,-41.063,-0.484,0.004,2.563,6.238,18.258,7.934,0.996,1.228,1.015,1.332,3,NULL,NULL,,3,0,2,7,255,1186,250,0,0
stim,264342,294464,0,294464,3491789.454,-0.688,-0.238,-0.163,-0.666,0,0,479,0,2180,0,1489,1099,49,1.124,1,2289,0,473.183,17.032,-165.000,-443.250,-14.375,-0.301,-0.301,2.320,2.496,16.848,7.934,1.070,1.306,1.015,1.332,3,NULL,NULL,,3,0,2,7,255,1186,250,0,0
stim,264342,294464,0,294464,3491794.455,-0.684,-0.256,-0.171,-0.661,0,0,329,0,1942,0,1047,931,49,1.124,1,2289,0,485.621,14.821,-168.250,-455.375,12.375,-0.160,-0.391,1.762,-0.375,14.816,7.887,1.140,1.378,1.015,1.332,3,NULL,NULL,,3,0,2,7,255,1186,250,0,0
stim,264342,294464,0,294464,3491799.453,-0.680,-0.274,-0.181,-0.656,0,0,221,0,1639,0,539,761,49,1.124,1,2289,0,479.402,11.373,-126.250,-462.313,12.438,-0.020,-0.367,1.305,-1.641,11.254,3.777,1.204,1.442,1.015,1.332,3,NULL,NULL,,3,0,2,7,255,1186,250,0,0
stim,264394,294515,0,294515,3491804.455,-0.676,-0.289,-0.193,-0.650,0,0,159,0,1257,0,204,597,49,1.124,1,2289,0,470.336,8.461,-47.625,-467.313,23.813,-0.023,-0.207,1.293,-1.641,8.301,0.621,1.266,1.506,1.015,1.332,3,NULL,NULL,,3,0,2,7,255,1186,250,0,0
stim,264394,294515,0,294515,3491809.454,-0.674,-0.302,-0.206,-0.642,0,0,116,0,885,0,0,477,49,1.124,1,2289,0,470.313,8.306,-2.250,-467.125,54.625,-0.152,0.152,1.711,-0.281,8.301,0.621,1.330,1.572,1.015,1.332,3,NULL,NULL,,3,0,2,7,255,1186,250,0,0
stim,264394,294515,0,294515,3491814.455,-0.673,-0.317,-0.217,-0.633,0,0,99,0,414,0,0,381,49,1.124,1,2289,0,474.297,12.785,-15.250,-465.813,88.000,-0.406,0.316,2.059,3.633,12.258,1.027,1.398,1.642,1.015,1.332,3,NULL,NULL,,3,0,2,7,255,1186,250,0,0
stim,264394,294515,0,294515,3491819.455,-0.671,-0.333,-0.227,-0.622,0,0,91,0,52,0,0,291,49,1.124,1,2289,0,502.070,17.393,-59.938,-477.000,144.750,-0.781,0.281,1.984,4.383,16.832,1.027,1.472,1.718,1.015,1.332,3,NULL,NULL,,3,0,2,7,255,1186,250,0,0
stim,264394,294515,0,294515,3491824.455,-0.671,-0.351,-0.236,-0.610,0,0,53,0,0,0,0,157,49,1.124,1,2289,0,533.422,19.452,-100.875,-489.375,186.750,-1.047,0.441,1.645,4.945,18.813,-2.785,1.546,1.794,1.015,1.332,4,NULL,NULL,,3,0,2,7,255,1186,250,0,0
stim,264394,294515,0,294515,3491829.453,-0.668,-0.369,-0.243,-0.599,0,0,21,0,0,0,0,53,49,1.124,1,2289,0,520.094,19.452,-141.938,-474.500,158.750,-0.930,0.957,1.188,4.945,18.813,-8.047,1.616,1.866,1.015,1.332,4,NULL,NULL,,3,0,2,7,255,1186,250,0,0
stim,264394,294515,0,294515,3491834.455,-0.663,-0.387,-0.250,-0.590,0,0,19,0,0,0,0,17,49,1.124,1,2289,0,486.047,17.297,-164.688,-446.313,99.625,-0.520,1.355,0.871,9.266,14.605,-11.840,1.682,1.936,1.015,1.332,0,NULL,NULL,,3,0,2,7,255,1186,250,0,0
stim,264394,294515,0,294515,3491839.453,-0.658,-0.403,-0.255,-0.582,0,0,25,0,0,0,0,31,49,1.124,1,2289,0,451.266,16.341,-171.438,-408.688,85.000,-0.219,1.453,0.820,13.242,9.574,-11.840,1.748,2.006,1.015,1.332,0,NULL,NULL,,3,0,2,7,255,1186,250,0,0
stim,264416,294537,0,294537,3491844.455,-0.653,-0.420,-0.258,-0.575,0,0,26,0,0,0,0,71,49,1.124,1,2289,0,438.856,15.169,-218.625,-367.250,99.625,-0.059,0.840,0.797,13.242,7.398,-10.770,1.822,2.080,1.015,1.332,0,NULL,NULL,,3,0,2,7,255,1186,250,0,0
stim,264416,294537,0,294537,3491849.453,-0.649,-0.434,-0.260,-0.569,0,0,25,0,0,0,0,99,49,1.124,1,2289,0,373.159,11.548,-207.438,-297.500,87.813,-0.129,0.113,0.785,9.082,7.133,-8.535,1.902,2.164,1.015,1.332,0,NULL,NULL,,3,0,2,7,255,1186,250,0,0
stim,264416,294537,0,294537,3491854.455,-0.645,-0.445,-0.261,-0.563,0,0,27,0,0,0,0,167,49,1.124,1,2289,0,291.779,7.445,-150.188,-237.063,79.875,-0.375,-0.254,0.934,2.133,7.133,-7.965,1.994,2.258,1.015,1.332,0,NULL,NULL,,3,0,2,7,255,1186,250,0,0
stim,264416,294537,0,294537,3491859.454,-0.642,-0.454,-0.261,-0.560,0,0,24,0,0,0,0,200,49,1.124,1,2289,0,229.282,9.859,-132.500,-178.188,57.125,-0.535,-0.145,1.359,0.020,9.859,-7.914,2.088,2.354,1.015,1.332,0,NULL,NULL,,3,0,2,7,255,1186,250,0,0
stim,264416,294537,0,294537,3491864.455,-0.638,-0.462,-0.259,-0.559,0,0,22,0,0,0,0,203,49,1.124,1,2289,0,224.490,13.391,-197.500,-103.813,24.750,-0.441,-0.031,1.320,0.020,13.391,-7.914,2.170,2.440,1.015,1.332,0,NULL,NULL,,3,0,2,7,255,1186,250,0,0
stim,264416,294537,0,294537,3491869.453,-0.633,-0.471,-0.252,-0.561,0,0,26,0,0,0,0,196,49,1.124,1,2289,0,273.522,13.463,-270.813,-24.813,29.313,-0.301,0.250,0.633,1.395,13.391,-7.914,2.238,2.508,1.015,1.332,0,NULL,NULL,,3,0,2,7,255,1186,250,0,0
stim,264443,294564,0,294564,3491874.455,-0.629,-0.478,-0.243,-0.564,0,0,25,0,0,0,0,168,49,1.124,1,2289,0,284.922,7.168,-276.250,50.563,48.063,-0.305,0.637,-0.121,2.961,6.527,-10.508,2.286,2.560,1.015,1.332,0,NULL,NULL,,3,0,2,7,255,1186,250,0,0
stim,264443,294564,0,294564,3491879.453,-0.627,-0.481,-0.234,-0.567,0,0,22,0,0,0,0,115,49,1.124,1,2289,0,240.950,3.977,-206.063,116.125,45.938,-0.391,0.723,-0.578,3.957,-0.402,-14.938,2.318,2.594,1.015,1.332,0,NULL,NULL,,3,0,2,7,255,1186,250,0,0
stim,264443,294564,0,294564,3491884.455,-0.627,-0.479,-0.227,-0.571,0,0,23,0,0,0,0,111,49,1.124,1,2289,0,192.371,5.047,-95.375,164.625,28.438,-0.457,0.398,-0.570,3.957,-3.133,-17.313,2.332,2.610,1.015,1.332,0,NULL,NULL,,3,0,2,7,255,1186,250,0,0
stim,264443,294564,0,294564,3491889.454,-0.628,-0.475,-0.220,-0.575,0,0,19,0,0,0,0,109,49,1.124,1,2289,0,201.147,3.235,-26.188,198.688,17.250,-0.445,0.102,-0.098,0.805,-3.133,-17.313,2.332,2.612,1.015,1.332,0,NULL,NULL,,3,0,2,7,255,1186,250,0,0
stim,264461,294582,0,294582,3491894.455,-0.630,-0.471,-0.213,-0.579,0,0,18,0,0,0,0,107,49,1.124,1,2289,0,225.583,1.220,-26.125,222.875,23.063,-0.383,0.047,0.172,-0.047,1.219,-14.188,2.320,2.604,1.015,1.332,0,NULL,NULL,,3,0,2,7,255,1186,250,0,0
stim,264461,294582,0,294582,3491899.454,-0.633,-0.466,-0.205,-0.584,0,0,18,0,0,0,0,99,49,1.124,1,2289,0,244.495,2.305,-42.625,237.125,41.625,-0.355,0.117,0.078,-0.047,2.305,-12.660,2.302,2.588,1.015,1.332,0,NULL,NULL,,3,0,2,7,255,1186,250,0,0
stim,264461,294582,0,294582,3491904.455,-0.635,-0.461,-0.196,-0.588,0,0,11,0,0,0,0,85,49,1.124,1,2289,0,253.151,2.321,-31.625,244.688,56.688,-0.371,0.188,-0.152,0.277,2.305,-12.660,2.282,2.570,1.015,1.332,0,NULL,NULL,,3,0,2,7,255,1186,250,0,0
stim,264461,294582,0,294582,3491909.454,-0.639,-0.455,-0.188,-0.591,0,0,8,0,0,0,0,75,49,1.124,1,2289,0,256.370,0.654,2.938,248.188,64.188,-0.398,0.262,-0.234,0.387,0.527,-14.121,2.258,2.550,1.015,1.332,0,NULL,NULL,,3,0,2,7,255,1186,250,0,0
stim,264499,294620,0,294620,3491914.455,-0.643,-0.448,-0.181,-0.594,0,0,11,0,0,0,0,52,49,1.124,1,2289,0,260.737,0.818,35.250,249.688,66.313,-0.398,0.332,-0.156,0.625,0.527,-14.828,2.238,2.532,1.015,1.332,0,NULL,NULL,,3,0,2,7,255,1186,250,0,0
stim,264499,294620,0,294620,3491919.454,-0.648,-0.440,-0.174,-0.597,0,0,10,0,0,0,0,47,49,1.124,1,2289,0,265.690,1.619,53.938,250.875,68.875,-0.387,0.363,-0.039,1.480,0.656,-14.828,2.224,2.520,1.015,1.332,0,NULL,NULL,,3,0,2,7,255,1186,250,0,0
stim,264499,294620,0,294620,3491924.455,-0.653,-0.432,-0.167,-0.599,0,0,7,0,0,0,0,55,49,1.124,1,2289,0,268.823,2.686,64.750,250.688,72.313,-0.391,0.332,0.043,2.188,1.559,-14.227,2.220,2.518,1.015,1.332,0,NULL,NULL,,3,0,2,7,255,1186,250,0,0
stim,264499,294620,0,294620,3491929.454,-0.658,-0.424,-0.161,-0.602,0,0,11,0,0,0,0,41,49,1.124,1,2289,0,270.408,3.183,75.063,248.625,75.313,-0.414,0.273,0.098,2.188,2.313,-13.645,2.226,2.526,1.015,1.332,0,NULL,NULL,,3,0,2,7,255,1186,250,0,0
stim,264499,294620,0,294620,3491934.455,-0.663,-0.416,-0.155,-0.604,0,0,9,0,0,0,0,45,49,1.124,1,2289,0,270.435,3.526,86.813,245.313,73.625,-0.441,0.227,0.172,1.781,3.043,-13.219,2.238,2.540,1.015,1.332,0,NULL,NULL,,3,0,2,7,255,1186,250,0,0
stim,264499,294620,0,294620,3491939.453,-0.668,-0.407,-0.149,-0.606,0,0,12,0,0,0,0,45,49,1.124,1,2289,0,269.932,4.179,97.750,242.750,66.188,-0.449,0.191,0.277,1.555,3.879,-12.738,2.258,2.562,1.015,1.332,0,NULL,NULL,,3,0,2,7,255,1186,250,0,0
stim,264499,294620,0,294620,3491944.455,-0.672,-0.397,-0.144,-0.608,0,0,11,0,0,0,0,46,49,1.124,1,2289,0,269.955,5.020,106.438,241.375,57.313,-0.453,0.191,0.406,1.555,4.773,-11.914,2.286,2.592,1.015,1.332,0,NULL,NULL,,3,0,2,7,255,1186,250,0,0
stim,264499,294620,0,294620,3491949.453,-0.677,-0.388,-0.139,-0.610,0,0,13,0,0,0,0,42,49,1.124,1,2289,0,269.155,6.032,107.313,242.063,48.313,-0.465,0.219,0.555,1.930,5.715,-11.012,2.320,2.628,1.015,1.332,0,NULL,NULL,,3,0,2,7,255,1186,250,0,0
stim,264499,294620,0,294620,3491954.455,-0.681,-0.379,-0.134,-0.613,0,0,12,0,0,0,0,47,49,1.124,1,2289,0,267.037,7.329,100.750,244.375,37.938,-0.492,0.238,0.676,2.621,6.844,-10.098,2.364,2.676,1.015,1.332,0,NULL,NULL,,3,0,2,7,255,1186,250,0,0
stim,264499,294620,0,294620,3491959.454,-0.684,-0.369,-0.129,-0.616,0,0,11,0,0,0,0,47,49,1.124,1,2289,0,265.907,8.411,91.500,248.500,24.125,-0.516,0.262,0.777,3.105,7.816,-9.391,2.416,2.730,1.015,1.332,0,NULL,NULL,,3,0,2,7,255,1186,250,0,0
stim,264528,294649,0,294649,3491964.455,-0.687,-0.360,-0.123,-0.619,0,0,17,0,0,0,0,39,49,1.124,1,2289,0,266.644,9.364,79.563,254.375,7.875,-0.523,0.273,0.859,3.570,8.656,-8.734,2.472,2.788,1.015,1.332,0,NULL,NULL,,3,0,2,7,255,1186,250,0,0
stim,264528,294649,0,294649,3491969.454,-0.689,-0.351,-0.117,-0.624,0,0,13,0,0,0,0,48,49,1.124,1,2289,0,270.050,9.992,65.375,261.875,-8.625,-0.508,0.266,0.918,3.945,9.180,-8.059,2.530,2.848,1.015,1.332,0,NULL,NULL,,3,0,2,7,255,1186,250,0,0
stim,264528,294649,0,294649,3491974.455,-0.690,-0.342,-0.111,-0.628,0,0,13,0,0,0,0,53,49,1.124,1,2289,0,276.950,10.066,49.313,271.375,-25.000,-0.465,0.250,0.926,4.129,9.180,-7.301,2.588,2.908,1.015,1.332,0,NULL,NULL,,3,0,2,7,255,1186,250,0,0
stim,264528,294649,0,294649,3491979.453,-0.690,-0.333,-0.104,-0.634,0,0,10,0,0,0,0,59,49,1.124,1,2289,0,287.862,9.891,35.875,282.750,-40.375,-0.371,0.227,0.863,4.129,8.988,-6.688,2.642,2.964,1.015,1.332,0,NULL,NULL,,3,0,2,7,255,1186,250,0,0
stim,264551,294672,0,294672,3491984.455,-0.690,-0.324,-0.097,-0.640,0,0,7,0,0,0,0,83,49,1.124,1,2289,0,301.725,8.716,30.188,295.563,-52.625,-0.246,0.188,0.742,3.973,7.758,-6.332,2.690,3.014,1.015,1.332,0,NULL,NULL,,3,0,2,7,255,1186,250,0,0
stim,264551,294672,0,294672,3491989.453,-0.690,-0.314,-0.090,-0.646,0,0,9,0,0,0,0,87,49,1.124,1,2289,0,313.993,6.938,37.250,306.625,-56.438,-0.195,0.148,0.625,3.504,5.988,-6.332,2.730,3.058,1.015,1.332,0,NULL,NULL,,3,0,2,7,255,1186,250,0,0
stim,264551,294672,0,294672,3491994.455,-0.690,-0.303,-0.083,-0.652,0,0,6,0,0,0,0,97,49,1.124,1,2289,0,325.419,5.808,54.813,315.563,-57.563,-0.211,0.184,0.629,3.234,4.824,-6.539,2.766,3.096,1.015,1.332,0,NULL,NULL,,3,0,2,7,255,1186,250,0,0
stim,264551,294672,0,294672,3491999.454,-0.690,-0.291,-0.076,-0.658,0,0,4,0,0,0,0,105,49,1.124,1,2289,0,338.298,5.805,68.938,323.500,-71.000,-0.199,0.230,0.648,3.234,4.820,-6.539,2.796,3.128,1.015,1.332,0,NULL,NULL,,3,0,2,7,255,1186,250,0,0
stim,264551,294672,0,294672,3492004.455,-0.689,-0.279,-0.070,-0.665,0,0,5,0,0,0,0,105,49,1.124,1,2289,0,350.251,5.868,83.188,330.750,-79.750,-0.070,0.191,0.656,3.551,4.672,-6.367,2.820,3.154,1.015,1.332,0,NULL,NULL,,3,0,2,7,255,1186,250,0,0
stim,264551,294672,0,294672,3492009.454,-0.689,-0.266,-0.064,-0.671,0,0,5,0,0,0,0,109,49,1.124,1,2289,0,359.030,5.127,104.375,334.375,-78.750,-0.066,0.227,0.652,3.758,3.488,-5.422,2.840,3.176,1.015,1.332,0,NULL,NULL,,3,0,2,7,255,1186,250,0,0
stim,264595,294716,0,294716,3492014.455,-0.689,-0.252,-0.059,-0.677,0,0,3,0,0,0,0,117,49,1.124,1,2289,0,367.576,5.076,124.313,336.688,-79.375,-0.023,0.234,0.750,3.859,3.297,-5.402,2.856,3.194,1.015,1.332,0,NULL,NULL,,3,0,2,7,255,1186,250,0,0
stim,264595,294716,0,294716,3492019.455,-0.689,-0.238,-0.054,-0.683,0,0,7,0,0,0,0,120,49,1.124,1,2289,0,371.147,4.981,139.250,336.563,-71.313,0.023,0.164,0.836,3.859,3.148,-4.273,2.870,3.210,1.015,1.332,0,NULL,NULL,,3,0,2,7,255,1186,250,0,0
stim,264595,294716,0,294716,3492024.455,-0.689,-0.224,-0.049,-0.688,0,0,8,0,0,0,0,115,49,1.124,1,2289,0,366.673,4.764,141.750,334.813,-47.500,0.117,0.117,0.977,3.777,2.902,-3.031,2.884,3.228,1.015,1.332,0,NULL,NULL,,3,0,2,7,255,1186,250,0,0
stim,264595,294716,0,294716,3492029.454,-0.690,-0.209,-0.043,-0.692,0,0,7,0,0,0,0,119,49,1.124,1,2289,0,362.670,4.764,143.188,331.938,-29.063,0.016,0.270,0.969,3.777,2.902,-1.883,2.900,3.246,1.015,1.332,0,NULL,NULL,,3,0,2,7,255,1186,250,0,0
stim,264595,294716,0,294716,3492034.455,-0.691,-0.194,-0.039,-0.696,0,0,2,0,0,0,0,109,49,1.124,1,2289,0,364.583,5.748,157.000,327.688,-29.875,-0.051,0.332,1.008,4.945,2.930,-1.727,2.918,3.268,1.015,1.332,0,NULL,NULL,,3,0,2,7,255,1186,250,0,0
stim,264595,294716,0,294716,3492039.454,-0.691,-0.179,-0.034,-0.699,0,0,7,0,0,0,0,109,49,1.124,1,2289,0,366.703,5.976,170.438,323.125,-31.813,-0.043,0.258,1.094,4.945,3.355,-1.727,2.940,3.290,1.015,1.332,0,NULL,NULL,,3,0,2,7,255,1186,250,0,0
stim,264595,294716,0,294716,3492044.455,-0.692,-0.164,-0.031,-0.702,0,0,3,0,0,0,0,119,49,1.124,1,2289,0,367.975,5.916,183.000,318.063,-27.438,-0.059,0.211,1.230,4.848,3.391,-0.590,2.962,3.316,1.015,1.332,0,NULL,NULL,,3,0,2,7,255,1186,250,0,0
stim,264595,294716,0,294716,3492049.453,-0.692,-0.149,-0.027,-0.705,0,0,2,0,0,0,0,106,49,1.124,1,2289,0,366.226,6.044,184.063,315.563,-25.750,-0.109,0.242,1.375,4.848,3.609,0.902,2.990,3.344,1.015,1.332,0,NULL,NULL,,3,0,2,7,255,1186,250,0,0
stim,264618,294739,0,294739,3492054.455,-0.693,-0.134,-0.023,-0.708,0,0,7,0,0,0,0,107,49,1.124,1,2289,0,362.592,6.475,178.563,314.000,-31.500,-0.191,0.281,1.496,4.965,4.156,2.242,3.018,3.376,1.015,1.332,0,NULL,NULL,,3,0,2,7,255,1186,250,0,0
stim,264618,294739,0,294739,3492059.455,-0.692,-0.119,-0.020,-0.712,0,0,5,0,0,0,0,99,49,1.124,1,2289,0,357.374,6.858,167.500,312.875,-42.063,-0.207,0.223,1.547,4.965,4.730,3.309,3.048,3.408,1.015,1.332,0,NULL,NULL,,3,0,2,7,255,1186,250,0,0
stim,264618,294739,0,294739,3492064.455,-0.691,-0.105,-0.015,-0.715,0,0,9,0,0,0,0,99,49,1.124,1,2289,0,352.986,6.690,160.375,310.688,-48.500,-0.152,0.211,1.633,4.730,4.730,4.090,3.078,3.440,1.015,1.332,0,NULL,NULL,,3,0,2,7,255,1186,250,0,0
stim,264618,294739,0,294739,3492069.454,-0.690,-0.090,-0.011,-0.718,0,0,11,0,0,0,0,95,49,1.124,1,2289,0,346.035,6.016,149.000,309.063,-44.938,-0.137,0.207,1.652,4.535,3.953,5.203,3.106,3.470,1.015,1.332,0,NULL,NULL,,3,0,2,7,255,1186,250,0,0
stim,264642,294763,0,294763,3492074.455,-0.689,-0.077,-0.007,-0.720,0,0,6,0,0,0,0,94,49,1.124,1,2289,0,341.661,5.917,142.688,307.438,-43.063,-0.223,0.305,1.691,4.535,3.801,5.586,3.132,3.498,1.015,1.332,0,NULL,NULL,,3,0,2,7,255,1186,250,0,0
stim,264642,294763,0,294763,3492079.454,-0.688,-0.063,-0.002,-0.723,0,0,9,0,0,0,0,89,49,1.124,1,2289,0,340.026,6.359,138.250,305.563,-56.000,-0.266,0.313,1.754,5.098,3.801,5.883,3.156,3.524,1.015,1.332,0,NULL,NULL,,3,0,2,7,255,1186,250,0,0
stim,264642,294763,0,294763,3492084.455,-0.686,-0.049,0.003,-0.726,0,0,8,0,0,0,0,91,49,1.124,1,2289,0,336.741,6.359,131.188,302.688,-67.563,-0.215,0.273,1.813,5.098,3.801,6.594,3.174,3.544,1.015,1.332,0,NULL,NULL,,3,0,2,7,255,1186,250,0,0
stim,264642,294763,0,294763,3492089.453,-0.683,-0.036,0.008,-0.729,0,0,10,0,0,0,0,91,49,1.124,1,2289,0,330.616,5.446,122.625,298.875,-70.313,-0.156,0.254,1.816,4.559,2.980,7.387,3.190,3.562,1.015,1.332,0,NULL,NULL,,3,0,2,7,255,1186,250,0,0
stim,264642,294763,0,294763,3492094.455,-0.681,-0.023,0.012,-0.732,0,0,12,0,0,0,0,89,49,1.124,1,2289,0,324.993,4.592,118.813,294.375,-69.625,-0.141,0.250,1.797,4.156,1.953,7.520,3.202,3.576,1.015,1.332,0,NULL,NULL,,3,0,2,7,255,1186,250,0,0
stim,264642,294763,0,294763,3492099.454,-0.678,-0.010,0.017,-0.735,0,0,14,0,0,0,0,89,49,1.124,1,2289,0,322.617,4.111,123.125,289.438,-71.750,-0.121,0.250,1.797,3.891,1.328,7.598,3.210,3.588,1.015,1.332,0,NULL,NULL,,3,0,2,7,255,1186,250,0,0
stim,264694,294815,0,294815,3492104.455,-0.675,0.003,0.020,-0.737,0,0,14,0,0,0,0,89,49,1.124,1,2289,0,323.224,3.699,132.625,284.813,-75.938,-0.074,0.258,1.844,3.633,0.699,7.598,3.214,3.594,1.015,1.332,0,NULL,NULL,,3,0,2,7,255,1186,250,0,0
stim,264694,294815,0,294815,3492109.454,-0.672,0.016,0.024,-0.740,0,0,17,0,0,0,0,81,49,1.124,1,2289,0,325.698,3.491,143.563,281.563,-78.688,0.000,0.270,1.930,3.484,-0.215,8.102,3.214,3.596,1.015,1.332,0,NULL,NULL,,3,0,2,7,255,1186,250,0,0
stim,264694,294815,0,294815,3492114.455,-0.669,0.030,0.027,-0.742,0,0,19,0,0,0,0,72,49,1.124,1,2289,0,328.528,3.566,152.313,280.250,-78.688,0.082,0.234,2.020,3.262,-1.441,8.938,3.208,3.590,1.015,1.332,0,NULL,NULL,,3,0,2,7,255,1186,250,0,0
stim,264694,294815,0,294815,3492119.453,-0.666,0.043,0.030,-0.744,0,0,17,0,0,0,0,73,49,1.124,1,2289,0,330.578,3.756,158.313,280.313,-75.125,0.164,0.215,2.086,2.563,-2.746,9.777,3.194,3.580,1.015,1.332,0,NULL,NULL,,3,0,2,7,255,1186,250,0,0
stim,264694,294815,0,294815,3492124.455,-0.662,0.057,0.033,-0.746,0,0,19,0,0,0,0,75,49,1.124,1,2289,0,333.507,4.496,164.438,281.250,-71.313,0.270,0.246,2.117,1.941,-4.055,10.324,3.174,3.562,1.015,1.332,0,NULL,NULL,,3,0,2,7,255,1186,250,0,0
stim,264694,294815,0,294815,3492129.453,-0.659,0.071,0.035,-0.748,0,0,19,0,0,0,0,75,49,1.124,1,2289,0,339.956,5.882,176.250,282.438,-68.813,0.426,0.273,2.133,1.770,-5.609,10.324,3.144,3.536,1.015,1.332,0,NULL,NULL,,3,0,2,7,255,1186,250,0,0
stim,264717,294838,0,294838,3492134.455,-0.655,0.086,0.037,-0.750,0,0,19,0,0,0,0,83,49,1.124,1,2289,0,349.523,7.780,193.813,283.625,-64.500,0.625,0.266,2.195,1.465,-7.641,10.355,3.108,3.498,1.015,1.332,0,NULL,NULL,,3,0,2,7,255,1186,250,0,0
stim,264717,294838,0,294838,3492139.454,-0.652,0.101,0.039,-0.751,0,0,23,0,0,0,0,78,49,1.124,1,2289,0,359.853,10.113,211.000,285.813,-57.313,0.820,0.242,2.301,0.680,-10.090,10.355,3.058,3.452,1.015,1.332,0,NULL,NULL,,3,0,2,7,255,1186,250,0,0
stim,264717,294838,0,294838,3492144.455,-0.648,0.116,0.040,-0.751,0,0,21,0,0,0,0,74,49,1.124,1,2289,0,368.432,12.583,224.813,288.125,-46.750,0.988,0.227,2.422,-0.355,-12.578,10.750,2.996,3.392,1.015,1.332,0,NULL,NULL,,3,0,2,7,255,1186,250,0,0
stim,264717,294838,0,294838,3492149.453,-0.645,0.132,0.040,-0.751,0,0,21,0,0,0,0,71,49,1.124,1,2289,0,374.562,14.924,234.500,289.938,-35.250,1.125,0.246,2.559,-1.387,-14.859,11.219,2.926,3.324,1.015,1.332,0,NULL,NULL,,3,0,2,7,255,1186,250,0,0
stim,264717,294838,0,294838,3492154.455,-0.642,0.149,0.041,-0.751,0,0,23,0,0,0,0,77,49,1.124,1,2289,0,378.077,17.098,238.250,292.375,-26.375,1.242,0.297,2.684,-2.098,-16.969,11.781,2.846,3.246,1.015,1.332,0,NULL,NULL,,3,0,2,7,255,1186,250,0,0
stim,264717,294838,0,294838,3492159.454,-0.639,0.165,0.042,-0.750,0,0,23,0,0,0,0,78,49,1.124,1,2289,0,376.233,19.097,232.688,295.000,-19.563,1.324,0.367,2.789,-2.520,-18.930,12.238,2.756,3.158,1.015,1.332,0,NULL,NULL,,3,0,2,7,255,1186,250,0,0
stim,264717,294838,0,294838,3492164.455,-0.636,0.180,0.043,-0.749,0,0,21,0,0,0,0,81,49,1.124,1,2289,0,367.041,20.726,217.813,295.188,-11.875,1.379,0.457,2.863,-2.629,-20.559,12.566,2.658,3.062,1.015,1.332,0,NULL,NULL,,3,0,2,7,255,1186,250,0,0
stim,264717,294838,0,294838,3492169.454,-0.633,0.195,0.045,-0.747,0,0,22,0,0,0,0,92,49,1.124,1,2289,0,349.852,22.125,190.500,293.375,-6.125,1.449,0.582,2.871,-2.629,-21.969,12.566,2.552,2.958,1.015,1.332,0,NULL,NULL,,3,0,2,7,255,1186,250,0,0
stim,264740,294861,0,294861,3492174.455,-0.631,0.209,0.048,-0.745,0,0,25,0,0,0,0,107,49,1.124,1,2289,0,328.261,23.438,158.313,287.563,-0.625,1.594,0.648,2.797,-2.016,-23.352,12.102,2.438,2.844,1.015,1.332,0,NULL,NULL,,3,0,2,7,255,1186,250,0,0
stim,264740,294861,0,294861,3492179.454,-0.629,0.221,0.051,-0.743,0,0,21,0,0,0,0,135,49,1.124,1,2289,0,305.859,25.093,127.000,278.125,8.188,1.813,0.555,2.605,-2.016,-25.012,10.457,2.316,2.722,1.015,1.332,0,NULL,NULL,,3,0,2,7,255,1186,250,0,0
stim,264740,294861,0,294861,3492184.455,-0.628,0.233,0.055,-0.740,0,0,25,0,0,0,0,144,49,1.124,1,2289,0,285.987,26.697,104.375,265.000,25.875,2.031,0.316,2.293,-2.789,-26.551,7.184,2.190,2.598,1.015,1.332,0,NULL,NULL,,3,0,2,7,255,1186,250,0,0
stim,264740,294861,0,294861,3492189.453,-0.628,0.244,0.059,-0.737,0,0,23,0,0,0,0,159,49,1.124,1,2289,0,271.020,27.442,95.750,248.750,49.063,2.199,0.070,1.926,-4.660,-27.043,2.527,2.060,2.470,1.015,1.332,0,NULL,NULL,,3,0,2,7,255,1186,250,0,0
stim,264761,294882,0,294882,3492194.455,-0.628,0.254,0.061,-0.733,0,0,20,0,0,0,0,175,49,1.124,1,2289,0,261.071,27.757,99.500,230.063,73.000,2.328,-0.121,1.539,-6.254,-27.043,-2.395,1.928,2.338,1.015,1.332,0,NULL,NULL,,3,0,2,7,255,1186,250,0,0
stim,264761,294882,0,294882,3492199.454,-0.629,0.264,0.062,-0.728,0,0,19,0,0,0,0,175,49,1.124,1,2289,0,258.738,27.361,115.750,210.063,97.063,2.434,-0.328,1.145,-7.094,-26.426,-7.184,1.796,2.206,1.015,1.332,0,NULL,NULL,,3,0,2,7,255,1186,250,0,0
stim,264761,294882,0,294882,3492204.455,-0.631,0.275,0.061,-0.723,0,0,23,0,0,0,0,183,49,1.124,1,2289,0,270.754,26.555,150.813,191.375,118.063,2.410,-0.508,0.738,-7.891,-25.355,-11.941,1.654,2.064,1.015,1.332,0,NULL,NULL,,3,0,2,7,255,1186,250,0,0
stim,264761,294882,0,294882,3492209.454,-0.632,0.286,0.058,-0.718,0,0,23,0,0,0,0,201,49,1.124,1,2289,0,299.462,24.508,208.500,167.625,134.563,2.527,-1.035,0.539,-8.215,-23.090,-16.047,1.508,1.918,1.015,1.332,0,NULL,NULL,,3,0,2,7,255,1186,250,0,0
stim,264799,294920,0,294920,3492214.455,-0.633,0.299,0.052,-0.713,0,0,24,0,0,0,0,201,49,1.124,1,2289,0,341.703,25.422,264.563,146.313,159.250,2.441,-1.473,0.586,-12.289,-22.254,-19.957,1.358,1.768,1.015,1.332,0,NULL,NULL,,3,0,2,7,255,1186,250,0,0
stim,264799,294920,0,294920,3492219.453,-0.633,0.312,0.043,-0.707,0,0,28,0,0,0,0,203,49,1.124,1,2289,0,383.389,26.439,325.625,125.750,158.563,2.336,-1.434,0.793,-16.094,-20.977,-19.957,1.202,1.614,1.015,1.332,0,NULL,NULL,,3,0,2,7,255,1186,250,0,0
stim,264799,294920,0,294920,3492224.455,-0.632,0.326,0.033,-0.702,0,0,23,0,0,0,0,213,49,1.124,1,2289,0,412.212,26.444,367.813,106.750,152.438,2.410,-1.324,1.293,-16.102,-20.977,-19.227,1.038,1.450,1.015,1.332,0,NULL,NULL,,3,0,2,7,255,1186,250,0,0
stim,264799,294920,0,294920,3492229.453,-0.631,0.339,0.022,-0.697,0,0,23,0,0,0,0,221,49,1.124,1,2289,0,412.646,29.250,374.875,90.000,147.125,2.289,-1.215,1.793,-16.676,-24.031,-15.953,0.868,1.280,1.015,1.332,0,NULL,NULL,,3,0,2,7,255,1186,250,0,0
stim,264799,294920,0,294920,3492234.455,-0.629,0.351,0.012,-0.693,0,0,24,0,0,0,0,250,49,1.124,1,2289,0,369.300,30.923,341.688,68.125,122.438,2.176,-1.141,2.344,-17.629,-25.406,-11.797,0.692,1.100,1.015,1.332,0,NULL,NULL,,3,0,2,7,255,1186,250,0,0
stim,264799,294920,0,294920,3492239.454,-0.628,0.360,0.004,-0.690,0,0,23,0,0,0,0,293,49,1.124,1,2289,0,294.807,33.299,274.188,46.000,98.063,2.168,-1.117,2.789,-19.473,-27.012,-7.426,0.520,0.922,1.015,1.332,0,NULL,NULL,,3,0,2,7,255,1186,250,0,0
stim,264799,294920,0,294920,3492244.455,-0.628,0.366,-0.003,-0.687,0,0,25,0,0,0,0,310,49,1.124,1,2289,0,213.400,36.055,191.625,21.938,91.313,2.109,-1.039,2.926,-21.477,-28.961,-4.500,0.362,0.748,1.015,1.332,0,NULL,NULL,,3,0,2,7,255,1186,250,0,0
stim,264799,294920,0,294920,3492249.453,-0.628,0.370,-0.008,-0.685,0,0,25,0,0,0,0,325,49,1.124,1,2289,0,151.783,36.055,136.063,-5.250,67.063,1.785,-0.922,2.887,-21.477,-28.961,-3.227,0.246,0.580,1.015,1.332,0,NULL,NULL,,3,0,2,7,255,1186,250,0,0
stim,264799,294920,0,294920,3492254.455,-0.627,0.371,-0.012,-0.685,0,0,13,0,0,0,0,407,49,1.124,1,2289,0,90.123,33.713,75.563,-35.625,33.813,1.625,-0.734,3.164,-20.746,-26.574,-1.629,0.206,0.424,1.015,1.332,0,NULL,NULL,,3,0,2,7,255,1186,250,0,0
stim,264799,294920,0,294920,3492259.454,-0.628,0.371,-0.022,-0.683,0,0,12,29,0,1,0,479,49,1.124,1,2289,0,230.132,33.618,159.438,-122.688,111.750,0.520,-0.895,4.590,-20.746,-26.453,1.965,0.264,0.302,1.015,1.332,0,NULL,NULL,,3,0,2,7,255,1186,250,0,0
stim,264828,294949,0,294949,3492264.455,-0.631,0.373,-0.046,-0.679,371,0,9,565,0,54,0,529,49,1.124,1,2289,0,559.480,40.218,380.000,-278.438,301.813,0.750,1.457,8.430,-30.188,-26.574,16.809,0.326,0.262,1.015,1.332,0,NULL,NULL,,3,0,2,7,255,1186,250,0,0
stim,264828,294949,0,294949,3492269.454,-0.647,0.350,-0.028,-0.677,937,0,9,1141,0,268,0,589,49,1.124,1,2289,0,759.694,37.798,-742.313,-89.063,134.813,-0.977,1.422,5.320,-30.188,-22.746,40.973,0.338,0.284,1.015,1.332,0,NULL,NULL,,3,0,2,7,255,1186,250,0,0
stim,264828,294949,0,294949,3492274.455,-0.668,0.311,0.002,-0.676,1370,0,1,1511,0,523,0,633,49,1.124,1,2289,0,1235.095,20.829,-1220.563,-131.438,135.688,-0.445,3.477,0.043,-13.949,-15.469,40.973,0.334,0.322,1.015,1.332,0,NULL,NULL,,3,0,2,7,255,1186,250,0,0
stim,264828,294949,0,294949,3492279.454,-0.682,0.283,0.023,-0.674,1773,0,0,1773,0,757,0,688,50,1.124,1,2290,0,870.520,29.973,-856.500,-118.375,101.000,-1.184,2.457,-2.668,29.969,0.488,5.582,0.332,0.358,1.015,1.332,1,1177.000,-9.000,,3,0,2,7,255,1186,250,0,0
stim,264851,294972,0,294972,3492284.455,-0.688,0.268,0.029,-0.674,2057,0,0,1919,0,938,0,780,50,1.124,1,2290,0,381.509,36.088,-360.063,-121.563,33.563,-1.633,0.293,-2.324,29.969,20.105,-19.348,0.342,0.392,1.015,1.332,1,NULL,NULL,,3,0,2,7,255,1186,250,0,0
stim,264851,294972,0,294972,3492289.453,-0.688,0.263,0.027,-0.676,2230,0,0,2027,0,1141,0,829,50,1.124,1,2290,0,153.020,21.583,-49.625,-140.938,-33.000,-0.918,-0.746,0.344,7.848,20.105,-19.348,0.368,0.428,1.015,1.332,1,NULL,NULL,,3,0,2,7,255,1186,250,0,0
stim,264851,294972,0,294972,3492294.455,-0.688,0.257,0.025,-0.678,2377,0,0,2107,0,1273,0,893,50,1.124,1,2290,0,129.520,7.913,-57.688,-112.625,-27.625,0.027,0.883,1.727,3.402,7.145,-5.531,0.396,0.470,1.015,1.332,1,NULL,NULL,,3,0,2,7,255,1186,250,0,0
stim,264851,294972,0,294972,3492299.453,-0.691,0.250,0.027,-0.678,2488,0,0,2215,0,1381,0,983,50,1.124,1,2290,0,195.101,8.005,-167.000,-98.375,22.313,0.164,2.086,1.762,3.402,-7.246,7.434,0.400,0.496,1.015,1.332,1,NULL,NULL,,3,0,2,7,255,1186,250,0,0
stim,264851,294972,0,294972,3492304.455,-0.695,0.239,0.032,-0.678,2679,0,0,2475,0,1489,0,1032,50,1.124,1,2290,0,290.954,11.054,-274.688,-93.000,23.500,-0.336,1.301,1.477,8.348,-7.246,7.637,0.378,0.502,1.015,1.332,2,NULL,NULL,,3,0,2,7,255,1186,250,0,0
stim,264851,294972,0,294972,3492309.454,-0.699,0.225,0.039,-0.678,2798,0,0,2650,0,1467,0,1086,50,1.124,1,2290,0,354.520,8.787,-338.188,-104.875,17.750,-1.242,-0.520,0.535,8.348,-2.742,7.637,0.342,0.496,1.015,1.332,2,NULL,NULL,,3,0,2,7,255,1186,250,0,0
stim,264896,295017,0,295017,3492314.455,-0.704,0.210,0.044,-0.677,2879,0,0,2769,0,1463,0,1205,50,1.124,1,2290,0,385.196,11.797,-348.875,-152.375,58.688,-1.719,-1.691,-0.070,-7.156,9.379,-1.887,0.298,0.482,1.015,1.332,2,NULL,NULL,,3,0,2,7,255,1186,250,0,0
stim,264896,295017,0,295017,3492319.453,-0.704,0.199,0.046,-0.680,2937,0,0,2863,0,1469,0,1327,50,1.124,1,2290,0,276.068,19.343,-212.875,-149.625,-92.250,-1.422,-1.328,-0.328,-13.289,14.055,-8.063,0.262,0.458,1.015,1.332,2,NULL,NULL,,3,0,2,7,255,1186,250,0,0
stim,264896,295017,0,295017,3492324.455,-0.701,0.191,0.044,-0.686,2983,0,0,2927,0,1469,0,1419,50,1.124,1,2290,0,223.884,19.343,-73.563,-166.625,-130.188,-0.457,-0.695,0.297,-13.289,14.055,-8.063,0.240,0.422,1.015,1.332,2,NULL,NULL,,3,0,2,7,255,1186,250,0,0
stim,264896,295017,0,295017,3492329.453,-0.698,0.186,0.040,-0.690,3023,0,0,2997,0,1485,0,1453,50,1.124,1,2290,0,206.069,10.274,-8.938,-164.438,-123.875,0.270,-0.801,1.242,-9.758,3.215,-6.863,0.242,0.364,1.015,1.332,2,NULL,NULL,,3,0,2,7,255,1186,250,0,0
stim,264896,295017,0,295017,3492334.455,-0.697,0.180,0.038,-0.693,3035,0,0,3034,0,1499,0,1455,50,1.124,1,2290,0,167.617,11.632,-46.688,-147.250,-65.063,0.828,-1.184,1.711,-9.758,-6.332,-0.656,0.262,0.302,1.015,1.332,2,NULL,NULL,,3,0,2,7,255,1186,250,0,0
stim,264896,295017,1,295017,3492339.454,-0.699,0.172,0.037,-0.693,3053,0,0,3069,0,1580,0,1463,50,1.124,1,2290,0,195.794,18.913,-130.563,-142.313,32.188,0.973,-1.445,1.598,-14.012,-12.703,-0.063,0.286,0.246,1.015,1.332,2,NULL,NULL,,3,1,2,7,255,1186,250,0,0
stim,264896,295017,1,295017,3492344.455,-0.705,0.163,0.038,-0.689,3066,0,0,3114,0,1699,0,1495,50,1.124,1,2290,0,263.011,18.951,-179.688,-131.813,139.688,0.555,-1.332,0.961,-14.063,-12.703,-0.063,0.306,0.202,1.015,1.332,2,NULL,NULL,,3,1,2,7,255,1186,250,0,0
stim,264896,295017,1,295017,3492349.454,-0.712,0.154,0.037,-0.684,3081,0,0,3123,0,1823,23,1528,50,1.124,1,2290,0,273.802,16.171,-154.625,-128.125,186.125,-0.215,-0.891,0.527,-14.063,-7.984,-4.313,0.320,0.178,1.015,1.332,2,NULL,NULL,,3,1,2,7,255,1186,250,0,0
stim,264926,295047,1,295047,3492354.455,-0.718,0.148,0.035,-0.680,3089,0,0,3135,0,1932,55,1603,50,1.124,1,2290,0,226.842,9.541,-93.500,-131.813,159.188,-0.684,-0.297,0.539,-9.535,0.348,-4.313,0.328,0.166,1.015,1.332,2,NULL,NULL,,3,1,2,7,255,1186,250,0,0
stim,264926,295047,1,295047,3492359.454,-0.721,0.143,0.031,-0.678,3091,0,0,3147,0,2055,61,1675,50,1.124,1,2290,0,169.093,6.139,-45.313,-135.500,90.438,-0.699,0.293,0.883,-4.086,4.582,-3.457,0.334,0.162,1.015,1.332,2,NULL,NULL,,3,1,2,7,255,1186,250,0,0
stim,264926,295047,1,295047,3492364.455,-0.722,0.138,0.028,-0.677,3093,0,0,3155,0,2171,93,1851,50,1.124,1,2290,0,138.947,4.737,-31.500,-133.000,25.000,-0.480,0.406,1.215,1.203,4.582,0.539,0.342,0.156,1.015,1.332,2,NULL,NULL,,3,1,2,7,255,1186,250,0,0
stim,264926,295047,1,295047,3492369.453,-0.723,0.132,0.026,-0.678,3096,0,0,3157,221,2248,267,2008,50,1.124,1,2290,0,147.262,2.248,-69.438,-129.688,-6.750,-0.203,0.227,1.547,1.203,1.898,3.254,0.354,0.146,1.015,1.332,2,NULL,NULL,,3,1,2,7,255,1186,250,0,0
stim,264926,295047,1,295047,3492374.455,-0.722,0.127,0.025,-0.680,3095,0,0,3155,521,2297,265,2159,50,1.124,1,2290,0,118.543,1.459,-68.313,-88.875,-38.563,0.324,0.070,1.891,0.289,-1.430,5.563,0.372,0.130,1.015,1.332,2,NULL,NULL,,3,1,2,7,255,1186,250,0,0
stim,264926,295047,1,295047,3492379.454,-0.721,0.123,0.027,-0.682,3096,0,0,3161,793,2349,235,2215,50,1.124,1,2290,0,113.411,7.170,-88.438,-41.563,-57.563,0.590,0.066,1.383,-0.383,-7.160,5.563,0.394,0.110,1.015,1.332,2,NULL,NULL,,3,1,2,7,255,1186,250,0,0
stim,264948,295069,1,295069,3492384.455,-0.720,0.120,0.027,-0.683,3095,0,0,3170,991,2379,261,2264,50,1.124,1,2290,0,79.963,7.861,-50.750,-47.625,-39.375,0.648,0.629,0.910,-0.383,-7.852,2.230,0.416,0.090,1.015,1.332,2,NULL,NULL,,3,1,2,7,255,1186,250,0,0
stim,264948,295069,1,295069,3492389.454,-0.720,0.119,0.027,-0.683,3095,23,0,3165,1147,2403,275,2310,50,1.124,1,2290,0,29.777,7.937,-11.563,-25.000,-11.313,0.266,0.234,1.316,1.160,-7.852,2.230,0.436,0.074,1.015,1.332,2,NULL,NULL,,3,1,2,7,255,1186,250,0,0
stim,264948,295069,1,295069,3492394.455,-0.720,0.116,0.028,-0.684,3096,33,0,3171,1267,2423,287,2367,50,1.124,1,2290,0,82.564,5.289,-80.313,-17.250,-8.313,-0.391,-0.293,1.531,1.160,-5.160,2.453,0.446,0.066,1.015,1.332,2,NULL,NULL,,3,1,2,7,255,1186,250,0,0
stim,264948,295069,1,295069,3492399.453,-0.719,0.112,0.032,-0.685,3094,59,0,3171,1337,2440,283,2403,50,1.124,1,2290,0,129.033,1.273,-117.438,-11.875,-52.125,-0.359,-0.023,0.902,-1.176,0.488,2.453,0.452,0.062,1.015,1.332,2,NULL,NULL,,3,1,2,7,255,1186,250,0,0
stim,264994,295115,1,295115,3492404.455,-0.716,0.110,0.034,-0.688,3090,77,0,3173,1437,2447,285,2431,50,1.124,1,2290,0,113.690,1.273,-58.688,-9.188,-96.938,-0.152,0.195,0.699,-1.176,0.488,-0.512,0.460,0.056,1.015,1.332,2,NULL,NULL,,3,1,2,7,255,1186,250,0,0
stim,264994,295115,1,295115,3492409.454,-0.714,0.108,0.034,-0.691,3093,88,0,3175,1530,2461,303,2451,50,1.124,1,2290,0,97.382,0.404,-20.813,-9.813,-94.625,0.141,0.117,1.027,0.395,0.086,-0.512,0.470,0.050,1.015,1.332,2,NULL,NULL,,3,1,2,7,255,1186,250,0,0
stim,264994,295115,1,295115,3492414.455,-0.712,0.107,0.036,-0.693,3092,119,0,3175,1599,2473,303,2473,50,1.124,1,2290,0,73.489,3.417,-42.563,-6.438,-59.563,0.109,-0.094,1.168,0.395,-3.395,-0.176,0.482,0.042,1.015,1.332,2,NULL,NULL,,3,1,2,7,255,1186,250,0,0
stim,264994,295115,1,295115,3492419.454,-0.711,0.104,0.038,-0.694,3093,135,0,3175,1645,2488,305,2492,50,1.124,1,2290,0,82.703,3.808,-74.125,-4.188,-36.438,-0.172,-0.156,0.988,-1.727,-3.395,-0.090,0.488,0.036,1.015,1.332,2,NULL,NULL,,3,1,2,7,255,1186,250,0,0
stim,264994,295115,1,295115,3492424.455,-0.710,0.101,0.041,-0.696,3093,179,4,3175,1722,2496,343,2511,50,1.124,1,2290,0,87.640,2.031,-69.375,-2.375,-53.500,-0.227,-0.145,0.828,-1.992,-0.395,-0.090,0.494,0.032,1.015,1.332,2,NULL,NULL,,3,1,2,7,255,1186,250,0,0
stim,264994,295115,1,295115,3492429.453,-0.708,0.100,0.042,-0.698,3095,200,56,3177,1785,2507,347,2519,50,1.124,1,2290,0,76.376,2.001,-40.813,-3.938,-64.438,-0.156,-0.078,0.820,-1.992,-0.188,-1.516,0.502,0.026,1.015,1.332,2,NULL,NULL,,3,1,2,7,255,1186,250,0,0
stim,264994,295115,1,295115,3492434.455,-0.706,0.099,0.043,-0.700,3095,232,119,3178,1831,2515,343,2525,50,1.124,1,2290,0,70.942,2.001,-22.375,-1.063,-67.313,0.027,-0.164,0.980,-1.992,-0.188,-1.516,0.510,0.018,1.015,1.332,2,NULL,NULL,,3,1,2,7,255,1186,250,0,0
stim,264994,295115,1,295115,3492439.453,-0.705,0.098,0.044,-0.701,3095,239,167,3179,1877,2520,347,2533,50,1.124,1,2290,0,46.876,3.068,-25.625,-2.250,-39.188,0.094,-0.160,1.020,-2.098,-2.238,-0.539,0.520,0.012,1.015,1.332,2,NULL,NULL,,3,1,2,7,255,1186,250,0,0
stim,265016,295137,1,295137,3492444.455,-0.705,0.097,0.045,-0.701,3089,267,249,3179,1908,2523,347,2535,50,1.124,1,2290,0,30.617,3.068,-28.938,-1.938,-9.813,-0.039,-0.133,0.969,-2.098,-2.238,-0.504,0.528,0.006,1.015,1.332,2,NULL,NULL,,3,1,2,7,255,1186,250,0,0
stim,265016,295137,1,295137,3492449.454,-0.705,0.096,0.046,-0.701,3091,267,301,3172,1933,2521,341,2537,50,1.124,1,2290,0,26.318,2.390,-25.438,0.125,-6.750,-0.172,-0.055,0.934,-1.773,-1.602,-0.504,0.536,0.000,1.015,1.332,2,NULL,NULL,,3,1,2,7,255,1186,250,0,0
stim,265016,295137,1,295137,3492454.455,-0.704,0.095,0.046,-0.702,3095,265,346,3181,1965,2529,318,2540,50,1.124,1,2290,0,23.446,1.011,-12.875,-1.125,-19.563,-0.180,0.004,0.945,-0.984,-0.230,-0.504,0.000,0.000,1.015,1.332,2,NULL,NULL,,3,1,2,7,255,1186,250,0,0
stim,265016,295137,1,295137,3492459.454,-0.704,0.095,0.046,-0.702,3097,277,414,3181,1977,2531,317,2543,50,1.124,1,2290,0,21.092,0.707,-4.188,-2.125,-20.563,-0.086,-0.020,1.004,-0.668,-0.230,-0.406,0.000,0.000,1.015,1.332,2,NULL,NULL,,3,1,2,7,255,1186,250,0,0
stim,265016,295137,1,295137,3492464.455,-0.704,0.094,0.046,-0.703,3097,279,441,3181,1989,2533,297,2548,50,1.076,1,2290,1,9.941,1.376,-6.438,-0.438,-7.563,-0.055,-0.027,1.031,-0.668,-1.203,-0.008,0.000,0.000,1.000,1.286,2,NULL,NULL,,3,1,2,7,255,1186,250,0,0
stim,265016,295137,1,295137,3492469.454,-0.704,0.094,0.046,-0.703,3098,278,483,3180,2005,2534,281,2549,50,1.076,1,2290,1,9.853,1.376,-8.938,-0.438,4.125,-0.152,0.020,1.012,-0.668,-1.203,0.164,0.006,0.004,1.000,1.286,2,NULL,NULL,,3,1,2,7,255,1186,250,0,0
stim,265040,295161,1,295161,3492474.455,-0.704,0.094,0.047,-0.703,3097,279,500,3179,2017,2535,279,2548,50,1.076,1,2290,1,6.838,0.634,-6.500,-0.500,-2.063,-0.219,0.043,0.996,-0.277,-0.570,0.176,0.010,0.006,1.000,1.286,2,NULL,NULL,,3,1,2,7,255,1186,250,0,0
stim,265040,295161,1,295161,3492479.453,-0.704,0.094,0.047,-0.703,3097,278,533,3177,2024,2535,281,2549,50,1.076,1,2290,1,10.673,0.358,-3.000,-1.063,-10.188,-0.184,0.008,0.988,-0.277,-0.227,0.176,0.014,0.008,1.000,1.286,2,NULL,NULL,,3,1,2,7,255,1186,250,0,0
stim,265040,295161,1,295161,3492484.455,-0.703,0.093,0.047,-0.703,3095,271,597,3177,2029,2535,280,2549,50,1.076,1,2290,1,9.990,0.422,-0.750,-1.313,-9.875,-0.117,-0.027,1.000,-0.355,-0.227,0.031,0.018,0.010,1.000,1.286,2,NULL,NULL,,3,1,2,7,255,1186,250,0,0
stim,265040,295161,1,295161,3492489.454,-0.703,0.093,0.047,-0.703,3096,267,629,3165,2036,2527,279,2552,50,1.076,1,2290,1,2.792,1.087,-0.063,-1.563,-2.313,-0.117,-0.023,1.008,-0.645,-0.875,0.031,0.022,0.012,1.000,1.286,2,NULL,NULL,,3,1,2,7,255,1186,250,0,0
stim,265061,295182,1,295182,3492494.455,-0.703,0.093,0.047,-0.703,3087,266,634,3171,2039,2533,280,2550,50,1.076,1,2290,1,2.301,1.087,0.938,-1.938,0.813,-0.160,0.012,1.000,-0.645,-0.875,0.066,0.026,0.014,1.000,1.286,2,NULL,NULL,,3,1,2,7,255,1186,250,0,0
stim,265061,295182,1,295182,3492499.454,-0.703,0.093,0.046,-0.703,3087,253,649,3169,2043,2530,281,2549,50,1.076,1,2290,1,4.706,0.541,3.250,-2.438,-2.375,-0.184,0.047,1.004,-0.313,-0.441,0.121,0.030,0.014,1.000,1.286,2,NULL,NULL,,3,1,2,7,255,1186,250,0,0
stim,265061,295182,1,295182,3492504.455,-0.703,0.093,0.046,-0.704,3083,239,651,3161,2053,2526,287,2548,50,1.076,1,2290,1,7.711,0.438,4.500,-2.750,-5.625,-0.164,0.059,1.023,0.016,-0.438,0.203,0.032,0.016,1.000,1.286,2,NULL,NULL,,3,1,2,7,255,1186,250,0,0
stim,265061,295182,1,295182,3492509.454,-0.703,0.093,0.046,-0.704,3081,239,655,3151,2054,2523,297,2547,50,1.076,1,2290,1,6.843,0.448,3.000,-2.875,-5.438,-0.152,0.055,1.023,0.098,-0.438,0.340,0.036,0.018,1.000,1.286,2,NULL,NULL,,3,1,2,7,255,1186,250,0,0
stim,265098,295219,1,295219,3492514.455,-0.703,0.093,0.046,-0.704,3066,237,663,3149,2055,2521,301,2549,50,1.076,1,2290,1,4.881,0.521,0.813,-2.938,-3.813,-0.156,0.055,1.012,0.098,-0.512,0.340,0.038,0.018,1.000,1.286,2,NULL,NULL,,3,1,2,7,255,1186,250,0,0
stim,265098,295219,1,295219,3492519.453,-0.703,0.093,0.046,-0.704,3061,235,671,3140,2065,2520,303,2549,50,1.076,1,2290,1,4.225,0.520,-0.500,-3.500,-2.313,-0.176,0.020,0.988,0.094,-0.512,0.223,0.042,0.020,1.000,1.286,2,NULL,NULL,,3,1,2,7,255,1186,250,0,0
stim,265098,295219,1,295219,3492524.455,-0.703,0.093,0.045,-0.704,3050,234,679,3130,2067,2519,319,2553,50,1.076,1,2290,1,5.946,0.362,1.688,-4.000,-4.063,-0.184,0.000,0.965,-0.258,-0.254,0.012,0.044,0.020,1.000,1.286,2,NULL,NULL,,3,1,2,7,255,1186,250,0,0
stim,265098,295219,1,295219,3492529.454,-0.702,0.093,0.045,-0.704,3045,231,699,3123,2073,2515,327,2554,50,1.076,1,2290,1,7.063,0.466,3.563,-5.563,-2.500,-0.180,-0.004,0.965,-0.438,-0.160,-0.199,0.046,0.020,1.000,1.286,2,NULL,NULL,,3,1,2,7,255,1186,250,0,0
stim,265098,295219,1,295219,3492534.455,-0.702,0.092,0.045,-0.704,3030,229,717,3110,2088,2513,333,2556,50,1.076,1,2290,1,8.966,0.460,5.063,-7.125,-2.000,-0.215,0.012,0.973,-0.438,-0.141,-0.199,0.048,0.022,1.000,1.286,2,NULL,NULL,,3,1,2,7,255,1186,250,0,0
stim,265098,295219,1,295219,3492539.453,-0.702,0.092,0.044,-0.705,3017,228,739,3097,2099,2508,351,2567,50,1.076,1,2290,1,12.122,0.372,5.875,-8.125,-6.813,-0.227,0.051,0.988,-0.332,0.168,-0.047,0.052,0.022,1.000,1.286,2,NULL,NULL,,3,1,2,7,255,1186,250,0,0
stim,265098,295219,1,295219,3492544.455,-0.702,0.092,0.044,-0.705,3001,226,763,3089,2119,2508,367,2573,50,1.076,1,2290,1,16.626,0.170,6.875,-9.063,-12.125,-0.184,0.070,0.992,0.027,0.168,0.094,0.054,0.024,1.000,1.286,2,NULL,NULL,,3,1,2,7,255,1186,250,0,0
stim,265098,295219,1,295219,3492549.453,-0.701,0.092,0.043,-0.705,2994,221,782,3067,2153,2505,381,2580,50,1.076,1,2290,1,15.957,0.298,6.563,-10.000,-10.563,-0.148,0.078,1.008,0.234,-0.184,0.121,0.056,0.026,1.000,1.286,2,NULL,NULL,,3,1,2,7,255,1186,250,0,0
stim,265098,295219,1,295219,3492554.455,-0.701,0.092,0.043,-0.706,2981,226,813,3055,2185,2511,423,2588,50,1.076,1,2290,1,12.933,0.494,4.000,-10.938,-5.625,-0.160,0.094,1.012,0.281,-0.406,0.168,0.056,0.026,1.000,1.286,2,NULL,NULL,,3,1,2,7,255,1186,250,0,0
stim,265098,295219,1,295219,3492559.454,-0.701,0.092,0.042,-0.706,2966,235,857,3044,2215,2509,428,2603,50,1.076,1,2290,1,13.353,0.609,1.750,-11.313,-6.875,-0.188,0.141,1.004,0.453,-0.406,0.238,0.058,0.026,1.000,1.286,2,NULL,NULL,,3,1,2,7,255,1186,250,0,0
stim,265128,295249,1,295249,3492564.455,-0.701,0.091,0.042,-0.706,2943,236,913,3030,2245,2509,447,2612,50,1.076,1,2290,1,16.437,0.929,1.875,-12.125,-10.938,-0.172,0.164,1.004,0.887,-0.277,0.238,0.058,0.024,1.000,1.286,2,NULL,NULL,,3,1,2,7,255,1186,250,0,0
stim,265128,295249,1,295249,3492569.454,-0.701,0.091,0.041,-0.707,2933,237,979,3017,2269,2513,468,2627,50,1.076,1,2290,1,17.234,0.993,1.688,-12.375,-11.875,-0.141,0.148,1.023,0.953,-0.277,0.238,0.058,0.020,1.000,1.286,2,NULL,NULL,,3,1,2,7,255,1186,250,0,0
stim,265128,295249,1,295249,3492574.455,-0.700,0.091,0.041,-0.707,2918,245,1039,3004,2297,2515,554,2636,50,1.076,1,2290,1,15.976,1.127,-1.063,-12.313,-10.125,-0.133,0.121,1.020,0.953,-0.602,0.297,0.056,0.016,1.000,1.286,2,NULL,NULL,,3,1,2,7,255,1186,250,0,0
stim,265128,295249,1,295249,3492579.453,-0.700,0.090,0.041,-0.707,2903,263,1092,2991,2327,2515,617,2648,50,1.076,1,2290,1,15.263,0.937,-2.750,-12.063,-8.938,-0.141,0.098,1.000,0.719,-0.602,0.297,0.056,0.010,1.000,1.286,2,NULL,NULL,,3,1,2,7,255,1186,250,0,0
stim,265151,295272,1,295272,3492584.455,-0.700,0.090,0.040,-0.708,2885,261,1160,2985,2360,2516,661,2658,50,1.076,1,2290,1,15.447,0.722,-2.063,-11.750,-9.813,-0.141,0.066,0.984,0.480,-0.539,0.086,0.056,0.006,1.000,1.286,2,NULL,NULL,,3,1,2,7,255,1186,250,0,0
stim,265151,295272,0,295272,3492589.453,-0.699,0.089,0.040,-0.708,2869,255,1229,2967,2390,2517,742,2667,50,1.076,1,2290,1,15.651,0.571,0.125,-11.375,-10.750,-0.121,0.059,0.980,0.188,-0.539,-0.078,0.056,0.010,1.000,1.286,2,NULL,NULL,,3,0,2,7,255,1180,250,0,0
stim,265151,295272,0,295272,3492594.455,-0.699,0.089,0.039,-0.708,2845,255,1277,2955,2409,2519,819,2675,50,1.076,1,2290,1,14.680,0.636,1.125,-11.188,-9.438,-0.125,0.063,0.992,0.137,-0.621,-0.078,0.056,0.014,1.000,1.286,2,NULL,NULL,,3,0,2,7,255,1180,250,0,0
stim,265151,295272,0,295272,3492599.454,-0.699,0.089,0.039,-0.709,2835,263,1333,2942,2429,2520,889,2699,50,1.076,1,2290,1,14.156,0.636,0.875,-10.625,-9.313,-0.152,0.063,0.996,0.137,-0.621,-0.027,0.058,0.018,1.000,1.286,2,NULL,NULL,,3,0,2,7,255,1180,250,0,0
stim,265151,295272,0,295272,3492604.455,-0.699,0.088,0.039,-0.709,2821,266,1428,2925,2459,2530,951,2699,50,1.076,1,2290,1,16.438,0.388,-0.563,-10.125,-12.938,-0.160,0.047,0.996,0.137,-0.363,0.074,0.060,0.022,1.000,1.286,2,NULL,NULL,,3,0,2,7,255,1180,250,0,0
stim,265151,295272,0,295272,3492609.454,-0.698,0.088,0.039,-0.710,2787,271,1500,2925,2487,2526,1053,2709,50,1.076,1,2290,1,19.370,0.359,-2.500,-9.938,-16.438,-0.145,0.012,0.977,-0.004,-0.359,0.074,0.064,0.026,1.000,1.286,2,NULL,NULL,,3,0,2,7,255,1180,250,0,0
stim,265196,295317,0,295317,3492614.455,-0.698,0.087,0.038,-0.710,2769,278,1575,2906,2503,2526,1145,2711,50,1.076,1,2290,1,19.694,0.433,-2.625,-10.813,-16.250,-0.152,-0.020,0.961,-0.332,-0.277,-0.160,0.064,0.026,1.000,1.286,2,NULL,NULL,,3,0,2,7,255,1180,250,0,0
stim,265196,295317,0,295317,3492619.454,-0.697,0.087,0.038,-0.711,2747,297,1652,2893,2525,2539,1227,2733,50,1.076,1,2290,1,19.317,0.585,-1.500,-12.000,-15.063,-0.184,-0.008,0.977,-0.516,-0.277,-0.160,0.066,0.026,1.000,1.286,2,NULL,NULL,,3,0,2,7,255,1180,250,0,0
stim,265196,295317,0,295317,3492624.455,-0.697,0.086,0.038,-0.711,2729,309,1740,2877,2555,2536,1291,2730,50,1.076,1,2290,1,23.520,0.516,-2.375,-12.250,-19.938,-0.211,0.043,1.000,-0.516,0.016,-0.094,0.068,0.026,1.000,1.286,2,NULL,NULL,,3,0,2,7,255,1180,250,0,0
stim,265196,295317,0,295317,3492629.453,-0.696,0.086,0.038,-0.712,2697,332,1816,2872,2571,2547,1407,2741,50,1.076,1,2290,1,30.110,0.038,-5.938,-12.875,-26.563,-0.184,0.051,1.012,-0.035,0.016,0.211,0.068,0.024,1.000,1.286,2,NULL,NULL,,3,0,2,7,255,1180,250,0,0
stim,265196,295317,0,295317,3492634.455,-0.695,0.085,0.038,-0.713,2667,335,1883,2859,2606,2535,1485,2763,50,1.076,1,2290,1,33.448,0.050,-10.313,-12.813,-29.125,-0.141,0.023,1.004,-0.035,-0.035,0.211,0.068,0.022,1.000,1.286,2,NULL,NULL,,3,0,2,7,255,1180,250,0,0
stim,265196,295317,0,295317,3492639.454,-0.694,0.084,0.038,-0.714,2635,355,1941,2831,2622,2541,1573,2764,50,1.076,1,2290,1,32.458,0.461,-13.625,-13.250,-26.313,-0.133,-0.016,0.984,-0.219,-0.406,0.125,0.070,0.020,1.000,1.286,2,NULL,NULL,,3,0,2,7,255,1180,250,0,0
stim,265196,295317,0,295317,3492644.455,-0.694,0.083,0.038,-0.714,2596,379,2023,2815,2639,2543,1648,2803,50,1.076,1,2290,1,31.202,0.678,-14.688,-13.813,-23.813,-0.152,-0.035,0.969,-0.543,-0.406,-0.082,0.070,0.018,1.000,1.286,2,NULL,NULL,,3,0,2,7,255,1180,250,0,0
stim,265196,295317,0,295317,3492649.453,-0.693,0.082,0.038,-0.715,2543,399,2107,2800,2662,2556,1723,2797,50,1.076,1,2290,1,32.016,0.753,-14.000,-14.063,-25.125,-0.160,-0.035,0.973,-0.723,-0.211,-0.180,0.072,0.014,1.000,1.286,2,NULL,NULL,,3,0,2,7,255,1180,250,0,0
stim,265222,295344,0,295344,3492654.455,-0.692,0.081,0.038,-0.716,2507,413,2171,2791,2685,2557,1803,2803,50,1.076,1,2290,1,33.367,0.768,-13.313,-14.625,-26.875,-0.145,-0.039,0.977,-0.738,-0.211,-0.180,0.074,0.012,1.000,1.286,2,NULL,NULL,,3,0,2,7,255,1180,250,0,0
stim,265222,295344,0,295344,3492659.454,-0.692,0.080,0.038,-0.717,2453,427,2221,2771,2707,2553,1864,2813,50,1.076,1,2290,1,33.105,0.771,-14.063,-15.438,-25.688,-0.117,-0.039,0.988,-0.723,-0.270,-0.148,0.076,0.010,1.000,1.286,2,NULL,NULL,,3,0,2,7,255,1180,250,0,0
stim,265222,295344,0,295344,3492664.455,-0.691,0.079,0.038,-0.718,2431,437,2281,2732,2729,2571,1948,2829,50,1.076,1,2290,1,32.320,0.898,-15.563,-16.000,-23.375,-0.117,-0.020,1.008,-0.719,-0.539,-0.070,0.078,0.008,1.000,1.286,2,NULL,NULL,,3,0,2,7,255,1180,250,0,0
stim,265222,295344,0,295344,3492669.454,-0.690,0.077,0.039,-0.718,2397,445,2329,2712,2745,2570,2007,2827,50,1.076,1,2290,1,32.620,0.754,-18.063,-16.438,-21.625,-0.125,-0.012,1.012,-0.527,-0.539,0.094,0.080,0.006,1.000,1.286,2,NULL,NULL,,3,0,2,7,255,1180,250,0,0
stim,265241,295362,0,295362,3492674.455,-0.690,0.076,0.039,-0.719,2341,467,2375,2685,2749,2568,2065,2843,50,1.076,1,2290,1,34.798,0.639,-21.750,-16.438,-21.625,-0.152,-0.016,1.012,-0.434,-0.469,0.176,0.082,0.006,1.000,1.286,2,NULL,NULL,,3,0,2,7,255,1180,250,0,0
stim,265241,295362,0,295362,3492679.453,-0.689,0.075,0.039,-0.720,2273,473,2415,2648,2767,2578,2118,2848,50,1.076,1,2290,1,38.521,0.459,-25.375,-16.875,-23.563,-0.148,-0.004,0.992,-0.414,-0.199,0.176,0.084,0.006,1.000,1.286,2,NULL,NULL,,3,0,2,7,255,1180,250,0,0
stim,265241,295362,0,295362,3492684.455,-0.689,0.073,0.039,-0.720,2201,485,2472,2607,2789,2581,2173,2868,50,1.076,1,2290,1,37.899,0.341,-23.313,-18.375,-23.563,-0.117,0.012,0.965,-0.277,-0.199,0.023,0.086,0.006,1.000,1.286,2,NULL,NULL,,3,0,2,7,255,1180,250,0,0
stim,265241,295362,0,295362,3492689.453,-0.688,0.072,0.039,-0.721,2147,483,2505,2565,2797,2573,2214,2885,50,1.076,1,2290,1,31.950,0.436,-15.750,-19.563,-19.750,-0.117,0.020,0.961,-0.125,-0.418,-0.293,0.088,0.006,1.000,1.286,2,NULL,NULL,,3,0,2,7,255,1180,250,0,0
stim,265241,295362,0,295362,3492694.455,-0.687,0.071,0.039,-0.722,2057,475,2541,2516,2814,2581,2266,2885,50,1.076,1,2290,1,29.624,0.436,-8.250,-18.563,-21.563,-0.148,0.008,1.000,-0.125,-0.418,-0.293,0.090,0.006,1.000,1.286,2,NULL,NULL,,3,0,2,7,255,1180,250,0,0
stim,265241,295362,0,295362,3492699.454,-0.687,0.070,0.039,-0.722,1974,470,2577,2475,2836,2585,2299,2892,50,1.076,1,2290,1,33.132,0.440,-12.750,-19.938,-23.188,-0.129,-0.004,1.066,-0.137,-0.418,0.094,0.092,0.006,1.000,1.286,2,NULL,NULL,,3,0,2,7,255,1180,250,0,0
stim,265293,295414,0,295414,3492704.455,-0.686,0.069,0.039,-0.723,1893,461,2591,2422,2845,2577,2344,2899,50,1.076,1,2290,1,36.410,0.503,-21.250,-20.938,-20.875,-0.113,-0.016,1.059,-0.227,-0.449,0.594,0.092,0.006,1.000,1.286,2,NULL,NULL,,3,0,2,7,255,1180,250,0,0
stim,265293,295414,0,295414,3492709.454,-0.686,0.067,0.039,-0.724,1800,461,2631,2343,2855,2579,2393,2902,50,1.076,1,2290,1,37.064,0.554,-23.750,-19.063,-21.125,-0.141,-0.039,0.988,-0.324,-0.449,0.594,0.094,0.006,1.000,1.286,2,NULL,NULL,,3,0,2,7,255,1180,250,0,0
stim,265293,295414,0,295414,3492714.455,-0.685,0.066,0.039,-0.724,1669,439,2653,2268,2863,2578,2423,2921,50,1.076,1,2290,1,35.727,0.541,-20.625,-21.000,-20.250,-0.117,-0.023,0.992,-0.379,-0.387,-0.020,0.096,0.006,1.000,1.286,2,NULL,NULL,,3,0,2,7,255,1180,250,0,0
stim,265293,295414,0,295414,3492719.453,-0.685,0.065,0.039,-0.725,1541,393,2671,2207,2887,2583,2462,2919,50,1.076,1,2290,1,34.769,0.408,-18.313,-21.875,-19.875,-0.145,-0.008,1.020,-0.379,-0.152,-0.020,0.098,0.006,1.000,1.286,2,NULL,NULL,,3,0,2,7,255,1180,250,0,0
stim,265293,295414,0,295414,3492724.455,-0.684,0.063,0.039,-0.726,1365,349,2693,2091,2901,2575,2487,2927,50,1.076,1,2290,1,41.497,0.328,-23.188,-20.938,-27.313,-0.133,0.000,1.051,-0.176,-0.277,0.277,0.100,0.006,1.000,1.286,2,NULL,NULL,,3,0,2,7,255,1180,250,0,0
stim,265293,295414,0,295414,3492729.453,-0.683,0.062,0.039,-0.726,1267,345,2724,1963,2913,2569,2517,2933,50,1.076,1,2290,1,40.133,0.287,-23.750,-22.750,-23.000,-0.094,0.023,1.004,-0.074,-0.277,0.277,0.104,0.006,1.000,1.286,2,NULL,NULL,,3,0,2,7,255,1180,250,0,0
stim,265293,295414,0,295414,3492734.455,-0.683,0.061,0.039,-0.727,1107,307,2745,1819,2917,2558,2565,2939,50,1.076,1,2290,1,35.364,0.308,-8.938,-20.938,-27.063,-0.211,0.172,0.879,0.133,-0.277,0.043,0.106,0.006,1.000,1.286,2,NULL,NULL,,3,0,2,7,255,1180,250,0,0
stim,265293,295414,0,295414,3492739.454,-0.682,0.060,0.038,-0.728,955,282,2767,1693,2925,2553,2585,2951,50,1.076,1,2290,1,44.505,0.662,0.625,-25.813,-36.250,-0.082,0.043,1.074,0.336,-0.570,0.043,0.108,0.006,1.000,1.286,2,NULL,NULL,,3,0,2,7,255,1180,250,0,0
stim,265316,295437,0,295437,3492744.455,-0.681,0.058,0.038,-0.729,767,239,2788,1531,2935,2549,2615,2951,50,1.076,1,2290,1,36.873,0.829,-15.688,-25.625,-21.375,-0.023,-0.246,1.223,0.336,-0.758,0.730,0.110,0.008,1.000,1.286,2,NULL,NULL,,3,0,2,7,255,1180,250,0,0
stim,265316,295437,0,295437,3492749.453,-0.681,0.056,0.038,-0.729,583,187,2807,1367,2949,2543,2641,2955,50,1.076,1,2290,1,46.459,0.815,-38.688,-25.000,-6.063,-0.086,-0.027,1.102,-0.301,-0.758,1.000,0.112,0.010,1.000,1.286,2,NULL,NULL,,3,0,2,7,255,1180,250,0,0
stim,265316,295437,0,295437,3492754.455,-0.681,0.055,0.039,-0.729,405,180,2830,1157,2963,2535,2665,2963,50,1.076,1,2290,1,44.487,0.729,-36.000,-25.875,-3.688,-0.152,0.109,0.992,-0.301,-0.664,1.000,0.114,0.010,1.000,1.286,2,NULL,NULL,,3,0,2,7,255,1180,250,0,0
stim,265316,295437,0,295437,3492759.454,-0.681,0.053,0.039,-0.730,285,127,2845,967,2971,2523,2686,2967,50,1.076,1,2290,1,40.786,1.138,-26.375,-27.938,-13.688,-0.160,0.113,0.980,1.137,0.047,0.000,0.118,0.012,1.000,1.286,2,NULL,NULL,,3,0,2,7,255,1180,250,0,0
stim,265316,295437,0,295437,3492764.455,-0.680,0.052,0.038,-0.730,141,82,2860,750,2980,2509,2709,2981,50,1.076,1,2290,1,39.924,1.145,-15.875,-28.563,-22.938,-0.168,0.055,1.016,1.137,0.141,0.000,0.120,0.012,1.000,1.286,2,NULL,NULL,,3,0,2,7,255,1180,250,0,0
stim,265316,295437,0,295437,3492769.454,-0.679,0.050,0.038,-0.731,55,47,2873,573,2988,2501,2728,2979,50,1.076,1,2290,1,44.666,0.660,-11.313,-32.313,-28.688,-0.117,-0.004,1.082,0.645,0.141,0.250,0.122,0.014,1.000,1.286,2,NULL,NULL,,3,0,2,7,255,1180,250,0,0
stim,265343,295464,0,295464,3492774.455,-0.678,0.049,0.037,-0.732,23,31,2888,339,2997,2473,2749,2984,50,1.076,1,2290,1,48.994,0.361,-17.750,-33.063,-31.500,-0.074,0.016,1.094,0.230,-0.277,0.832,0.124,0.012,1.000,1.286,2,NULL,NULL,,3,0,2,7,255,1180,250,0,0
stim,265343,295464,0,295464,3492779.453,-0.678,0.047,0.037,-0.733,0,21,2893,176,3005,2444,2771,2986,50,1.076,1,2290,1,48.213,0.361,-15.063,-36.000,-28.313,-0.129,0.129,1.082,0.230,-0.277,0.832,0.122,0.010,1.000,1.286,2,NULL,NULL,,3,0,2,7,255,1180,250,0,0
stim,265343,295464,0,295464,3492784.455,-0.676,0.045,0.036,-0.734,0,3,2911,105,3027,2415,2794,2996,50,1.076,1,2290,1,58.975,1.143,-16.563,-38.625,-41.375,-0.113,0.102,1.039,1.117,-0.242,0.828,0.122,0.010,1.000,1.286,2,NULL,NULL,,3,0,2,7,255,1180,250,0,0
stim,265343,295464,0,295464,3492789.453,-0.676,0.044,0.034,-0.735,0,0,2908,88,3027,2383,2815,2991,50,1.076,1,2290,1,54.106,1.134,11.625,-46.688,-24.750,-0.297,-0.035,1.172,1.117,-0.195,0.828,0.122,0.012,1.000,1.286,2,NULL,NULL,,3,0,2,7,255,1180,250,0,0
stim,265369,295490,0,295490,3492794.455,-0.675,0.043,0.032,-0.736,0,0,2919,78,3032,2350,2839,2996,50,1.076,1,2290,0,64.844,1.536,25.750,-56.625,-18.313,-0.363,-0.113,1.414,-0.059,1.535,1.934,0.122,0.014,1.000,1.286,3,NULL,NULL,,3,0,2,7,255,1180,250,0,0
stim,265369,295490,0,295490,3492799.454,-0.674,0.042,0.030,-0.737,0,0,2927,57,3039,2327,2855,2997,50,1.076,1,2290,0,73.173,2.182,24.625,-62.563,-28.875,-0.379,-0.117,1.590,-0.746,2.051,4.375,0.118,0.022,1.000,1.286,3,NULL,NULL,,3,0,2,7,255,1180,250,0,0
stim,265369,295490,0,295490,3492804.455,-0.674,0.040,0.027,-0.737,0,0,2935,0,3045,2285,2872,2999,50,1.076,1,2290,0,72.049,2.182,-0.500,-71.813,-5.813,-0.234,0.086,1.637,-0.746,2.051,6.105,0.114,0.028,1.000,1.286,3,NULL,NULL,,3,0,2,7,255,1180,250,0,0
stim,265369,295490,0,295490,3492809.454,-0.674,0.036,0.027,-0.737,0,0,2941,0,3051,2245,2889,3004,50,1.076,1,2290,0,96.972,1.265,-65.938,-69.688,-14.125,-0.086,0.117,1.270,1.113,0.602,6.105,0.108,0.036,1.000,1.286,3,NULL,NULL,,3,0,2,7,255,1180,250,0,0
stim,265399,295520,0,295520,3492814.455,-0.674,0.031,0.027,-0.737,0,0,2949,0,3056,2175,2903,2998,50,1.076,1,2290,0,93.293,1.265,-59.250,-72.063,0.313,-0.145,-0.047,0.910,1.113,0.602,2.617,0.102,0.042,1.000,1.286,3,NULL,NULL,,3,0,2,7,255,1180,250,0,0
stim,265399,295520,0,295520,3492819.453,-0.675,0.029,0.025,-0.737,0,0,2951,0,3064,2116,2916,2999,50,1.076,1,2290,0,83.101,0.662,-11.563,-81.125,13.813,-0.199,-0.109,0.922,-0.230,0.621,-0.637,0.096,0.048,1.000,1.286,3,NULL,NULL,,3,0,2,7,255,1180,250,0,0
stim,265399,295520,0,295520,3492824.455,-0.676,0.026,0.023,-0.736,0,0,2951,0,3067,2015,2926,2999,50,1.076,1,2290,0,88.867,1.474,12.813,-87.125,11.938,-0.262,-0.184,1.078,-0.793,1.242,-0.637,0.092,0.054,1.000,1.286,3,NULL,NULL,,3,0,2,7,255,1180,250,0,0
stim,265399,295520,0,295520,3492829.453,-0.676,0.024,0.020,-0.737,0,0,2949,0,3076,1916,2935,2997,50,1.076,1,2290,0,91.788,2.355,11.875,-91.000,-1.750,-0.301,-0.211,1.211,-1.398,1.895,0.938,0.088,0.062,1.000,1.286,3,NULL,NULL,,3,0,2,7,255,1180,250,0,0
stim,265399,295520,0,295520,3492834.455,-0.676,0.021,0.017,-0.737,0,0,2937,0,3079,1817,2943,2997,50,1.076,1,2290,0,95.849,2.493,2.000,-95.688,-5.188,-0.242,-0.250,1.250,-1.621,1.895,2.266,0.082,0.070,1.000,1.286,3,NULL,NULL,,3,0,2,7,255,1180,250,0,0
stim,265399,295520,0,295520,3492839.454,-0.676,0.017,0.015,-0.737,0,0,2933,0,3083,1702,2957,2991,50,1.076,1,2290,0,100.016,2.446,-7.375,-99.625,-4.875,-0.195,-0.203,1.184,-1.621,1.832,2.266,0.078,0.078,1.000,1.286,3,NULL,NULL,,3,0,2,7,255,1180,250,0,0
stim,265399,295520,0,295520,3492844.455,-0.676,0.014,0.012,-0.737,0,0,2925,0,3087,1531,2965,2988,50,1.076,1,2290,0,103.025,2.178,-11.688,-102.125,-6.938,-0.117,-0.199,1.039,-1.637,1.438,1.934,0.076,0.086,1.000,1.286,3,NULL,NULL,,3,0,2,7,255,1180,250,0,0
stim,265399,295520,0,295520,3492849.453,-0.676,0.010,0.009,-0.737,0,0,2915,0,3091,1383,2974,2987,50,1.076,1,2290,0,107.593,2.079,2.438,-107.313,7.375,-0.160,-0.172,1.059,-1.605,1.320,0.633,0.076,0.094,1.000,1.286,3,NULL,NULL,,3,0,2,7,255,1180,250,0,0
stim,265427,295548,0,295548,3492854.455,-0.676,0.007,0.006,-0.736,0,0,2903,0,3093,1171,2981,2983,50,1.076,1,2290,0,112.718,1.878,12.813,-111.813,6.250,-0.207,-0.066,1.117,-1.336,1.320,0.633,0.076,0.102,1.000,1.286,3,NULL,NULL,,3,0,2,7,255,1180,250,0,0
stim,265427,295548,0,295548,3492859.454,-0.676,0.004,0.002,-0.737,0,0,2886,0,3095,997,2989,2979,50,1.076,1,2290,0,116.998,1.754,11.438,-116.188,-7.625,-0.184,-0.090,1.102,-0.504,1.680,1.027,0.076,0.112,1.000,1.286,3,NULL,NULL,,3,0,2,7,255,1180,250,0,0
stim,265427,295548,0,295548,3492864.455,-0.676,0.000,-0.002,-0.737,0,0,2863,0,3096,765,2996,2971,50,1.076,1,2290,0,122.401,1.754,16.438,-121.125,-6.375,-0.148,-0.113,1.156,-0.504,1.680,1.188,0.078,0.120,1.000,1.286,3,NULL,NULL,,3,0,2,7,255,1180,250,0,0
stim,265427,295548,0,295548,3492869.454,-0.676,-0.003,-0.006,-0.737,0,0,2842,0,3098,582,2999,2958,50,1.076,1,2290,0,129.358,1.564,19.313,-127.875,-2.938,-0.109,-0.059,1.176,-0.504,1.480,1.543,0.080,0.130,1.000,1.286,3,NULL,NULL,,3,0,2,7,255,1180,250,0,0
stim,265427,295548,0,295548,3492874.455,-0.676,-0.007,-0.011,-0.737,0,0,2809,0,3098,457,3004,2943,50,1.076,1,2290,0,133.301,1.267,21.500,-131.500,-3.813,-0.109,0.027,1.211,-0.270,1.238,1.715,0.082,0.140,1.000,1.286,3,NULL,NULL,,3,0,2,7,255,1180,250,0,0
stim,265427,295548,0,295548,3492879.454,-0.676,-0.010,-0.015,-0.737,0,0,2785,0,3100,247,3015,2943,50,1.076,1,2290,0,139.270,1.370,23.500,-137.250,-2.500,-0.137,0.102,1.215,0.586,1.238,2.000,0.084,0.150,1.000,1.286,3,NULL,NULL,,3,0,2,7,255,1180,250,0,0
stim,265459,295580,0,295580,3492884.457,-0.676,-0.014,-0.021,-0.736,0,0,2719,0,3099,115,3013,2933,50,1.076,1,2290,0,144.817,1.829,26.313,-142.313,-5.188,-0.094,0.191,1.273,1.328,1.258,2.020,0.084,0.158,1.000,1.286,3,NULL,NULL,,3,0,2,7,255,1180,250,0,0
stim,265459,295581,0,295581,3492889.453,-0.676,-0.017,-0.026,-0.737,0,0,2677,0,3103,51,3017,2898,50,1.076,1,2290,0,149.179,2.643,21.063,-147.375,-9.563,-0.105,0.211,1.305,2.160,1.523,2.570,0.080,0.166,1.000,1.286,3,NULL,NULL,,3,0,2,7,255,1180,250,0,0
stim,265459,295581,0,295581,3492894.455,-0.675,-0.021,-0.031,-0.737,0,0,2629,0,3097,11,3019,2867,50,1.076,1,2290,0,156.144,2.786,23.875,-153.938,-10.688,-0.129,0.230,1.398,2.332,1.523,2.867,0.076,0.176,1.000,1.286,3,NULL,NULL,,3,0,2,7,255,1180,250,0,0
stim,265459,295581,0,295581,3492899.453,-0.675,-0.026,-0.036,-0.737,0,0,2547,0,3093,0,3019,2839,50,1.076,1,2290,0,161.661,3.226,15.125,-160.563,-11.188,-0.137,0.273,1.582,2.559,1.965,3.723,0.070,0.184,1.000,1.286,3,NULL,NULL,,3,0,2,7,255,1180,250,0,0
stim,265459,295581,0,295581,3492904.455,-0.675,-0.031,-0.041,-0.736,0,0,2501,0,3091,0,3025,2804,50,1.076,1,2290,0,169.363,3.808,-8.938,-169.000,-6.563,-0.129,0.285,1.688,2.992,2.355,5.469,0.066,0.194,1.000,1.286,3,NULL,NULL,,3,0,2,7,255,1180,250,0,0
stim,265459,295581,0,295581,3492909.454,-0.675,-0.037,-0.046,-0.736,0,0,2406,0,3081,0,3017,2758,50,1.076,1,2290,0,178.700,4.077,-14.375,-178.063,4.563,-0.191,0.277,1.801,3.152,2.586,6.473,0.062,0.206,1.000,1.286,3,NULL,NULL,,3,0,2,7,255,1180,250,0,0
stim,265497,295618,0,295618,3492914.456,-0.675,-0.044,-0.051,-0.734,0,0,2332,0,3069,0,3015,2723,50,1.076,1,2290,0,198.214,4.807,-16.250,-195.313,29.625,-0.316,0.328,1.957,3.215,3.574,7.445,0.062,0.222,1.000,1.286,3,NULL,NULL,,3,0,2,7,255,1180,250,0,0
stim,265497,295618,0,295618,3492919.454,-0.676,-0.052,-0.056,-0.733,0,0,2229,0,3061,0,3003,2651,50,1.076,1,2290,0,219.474,6.506,-35.813,-213.250,37.563,-0.383,0.469,2.063,3.879,5.223,8.738,0.070,0.242,1.000,1.286,3,NULL,NULL,,3,0,2,7,255,1180,250,0,0
stim,265497,295618,0,295618,3492924.455,-0.677,-0.061,-0.061,-0.731,0,0,2104,0,3051,3,2989,2599,50,1.076,1,2290,0,241.038,8.281,-59.000,-230.688,37.438,-0.426,0.484,2.008,5.414,6.266,8.762,0.088,0.266,1.000,1.286,3,NULL,NULL,,3,0,2,7,255,1180,250,0,0
stim,265497,295618,0,295618,3492929.453,-0.677,-0.072,-0.065,-0.729,0,0,1976,0,3037,55,2974,2521,50,1.076,1,2290,0,266.375,9.007,-82.563,-249.813,41.625,-0.422,0.500,1.914,5.707,6.969,8.762,0.112,0.296,1.000,1.286,3,NULL,NULL,,3,0,2,7,255,1180,250,0,0
stim,265497,295618,0,295618,3492934.457,-0.678,-0.083,-0.070,-0.727,0,0,1869,0,3021,75,2956,2425,50,1.076,1,2290,0,283.454,9.156,-86.313,-267.125,39.250,-0.387,0.449,1.875,5.707,7.160,7.641,0.142,0.332,1.000,1.286,3,NULL,NULL,,3,0,2,7,255,1180,250,0,0
stim,265497,295618,0,295618,3492939.453,-0.678,-0.094,-0.076,-0.725,0,0,1767,0,3000,87,2931,2319,50,1.076,1,2290,0,299.439,9.115,-73.500,-287.000,43.500,-0.453,0.402,2.016,5.590,7.199,7.641,0.178,0.372,1.000,1.286,3,NULL,NULL,,3,0,2,7,255,1180,250,0,0
stim,265526,295647,0,295647,3492944.457,-0.679,-0.106,-0.082,-0.722,0,0,1639,0,2973,94,2899,2194,50,1.076,1,2290,0,318.241,10.262,-80.375,-304.563,45.375,-0.605,0.457,2.277,5.590,8.605,8.086,0.218,0.414,1.000,1.286,3,NULL,NULL,,3,0,2,7,255,1180,250,0,0
stim,265526,295647,0,295647,3492949.454,-0.678,-0.120,-0.089,-0.720,0,0,1555,0,2939,96,2855,2067,50,1.076,1,2290,0,339.179,12.819,-95.313,-324.063,30.688,-0.727,0.594,2.504,6.328,11.148,9.844,0.264,0.460,1.000,1.286,3,NULL,NULL,,3,0,2,7,255,1180,250,0,0
stim,265526,295647,0,295647,3492954.455,-0.677,-0.134,-0.095,-0.718,0,0,1491,0,2899,91,2795,1929,50,1.076,1,2290,0,359.445,15.625,-116.438,-340.063,0.813,-0.691,0.738,2.668,8.098,13.363,11.172,0.314,0.514,1.000,1.286,3,NULL,NULL,,3,0,2,7,255,1180,250,0,0
stim,265526,295647,0,295647,3492959.455,-0.674,-0.149,-0.101,-0.716,0,0,1417,0,2844,75,2725,1803,50,1.076,1,2290,0,384.451,16.153,-134.438,-359.688,-18.813,-0.516,0.629,2.672,9.074,13.363,12.184,0.372,0.574,1.000,1.286,3,NULL,NULL,,3,0,2,7,255,1180,250,0,0
stim,265526,295647,0,295647,3492964.455,-0.672,-0.165,-0.108,-0.714,0,0,1357,0,2797,71,2644,1671,50,1.076,1,2290,0,409.381,16.674,-149.125,-381.250,1.625,-0.566,0.480,2.551,9.074,13.988,12.184,0.436,0.640,1.000,1.286,3,NULL,NULL,,3,0,2,7,255,1180,250,0,0
stim,265526,295647,0,295647,3492969.453,-0.670,-0.183,-0.114,-0.711,0,0,1209,0,2715,67,2493,1545,50,1.076,1,2290,0,435.056,16.674,-177.688,-396.313,25.250,-0.797,0.703,2.301,9.074,13.988,10.629,0.508,0.714,1.000,1.286,3,NULL,NULL,,3,0,2,7,255,1180,250,0,0
stim,265526,295647,0,295647,3492974.457,-0.666,-0.200,-0.120,-0.708,0,0,1080,0,2627,26,2333,1405,50,1.076,1,2290,0,441.297,18.331,-166.750,-408.563,-3.813,-0.898,0.637,2.230,9.730,15.535,6.621,0.588,0.794,1.000,1.286,3,NULL,NULL,,3,0,2,7,255,1180,250,0,0
stim,265526,295647,0,295647,3492979.454,-0.662,-0.217,-0.129,-0.706,0,0,877,0,2505,0,2093,1252,50,1.076,1,2290,0,443.416,18.523,-136.500,-419.563,-44.188,-0.590,0.293,2.422,9.730,15.762,6.621,0.674,0.884,1.000,1.286,3,NULL,NULL,,3,0,2,7,255,1180,250,0,0
stim,265548,295669,0,295669,3492984.455,-0.657,-0.234,-0.138,-0.703,0,0,697,0,2359,0,1787,1106,50,1.076,1,2290,0,448.891,17.278,-123.500,-428.813,-48.688,-0.352,-0.152,2.621,6.883,15.848,7.680,0.764,0.974,1.000,1.286,3,NULL,NULL,,3,0,2,7,255,1180,250,0,0
stim,265548,295669,0,295669,3492989.454,-0.653,-0.252,-0.145,-0.699,0,0,505,0,2135,0,1436,957,50,1.076,1,2290,0,472.083,16.073,-156.438,-445.375,5.563,-0.262,-0.480,2.398,3.148,15.762,8.957,0.852,1.066,1.000,1.286,3,NULL,NULL,,3,0,2,7,255,1180,250,0,0
stim,265548,295669,0,295669,3492994.456,-0.650,-0.271,-0.152,-0.694,0,0,350,0,1886,0,957,809,50,1.076,1,2290,0,493.914,15.098,-189.313,-454.750,36.250,-0.199,-0.480,1.691,-0.113,15.098,8.957,0.938,1.154,1.000,1.286,3,NULL,NULL,,3,0,2,7,255,1180,250,0,0
stim,265548,295669,0,295669,3492999.453,-0.646,-0.290,-0.160,-0.688,0,0,243,0,1611,0,457,637,50,1.076,1,2290,0,480.950,11.411,-151.625,-455.938,21.063,-0.031,-0.230,1.023,-0.113,11.410,3.148,1.014,1.232,1.000,1.286,3,NULL,NULL,,3,0,2,7,255,1180,250,0,0
stim,265611,295732,0,295732,3493004.457,-0.643,-0.305,-0.171,-0.681,0,0,170,0,1235,0,169,485,50,1.076,1,2290,0,467.094,6.992,-34.750,-465.375,19.875,-0.039,-0.191,1.066,-0.047,6.992,-1.801,1.080,1.300,1.000,1.286,3,NULL,NULL,,3,0,2,7,255,1180,250,0,0
stim,265611,295732,0,295732,3493009.454,-0.642,-0.318,-0.184,-0.672,0,0,108,0,845,0,0,431,50,1.076,1,2290,0,475.823,7.007,38.063,-470.188,62.313,-0.238,0.066,1.738,0.457,6.992,-1.801,1.136,1.358,1.000,1.286,3,NULL,NULL,,3,0,2,7,255,1180,250,0,0
stim,265611,295732,0,295732,3493014.455,-0.642,-0.333,-0.196,-0.662,0,0,101,0,393,0,0,349,50,1.076,1,2290,0,487.320,13.416,11.625,-475.938,104.063,-0.543,0.219,2.184,4.270,12.719,0.883,1.192,1.416,1.000,1.286,3,NULL,NULL,,3,0,2,7,255,1180,250,0,0
stim,265611,295732,0,295732,3493019.454,-0.642,-0.349,-0.206,-0.651,0,0,63,0,49,0,0,260,50,1.076,1,2290,0,513.276,19.264,-55.563,-486.188,154.875,-0.902,0.305,2.051,6.449,18.152,0.883,1.256,1.482,1.000,1.286,3,NULL,NULL,,3,0,2,7,255,1180,250,0,0
stim,265611,295732,0,295732,3493024.455,-0.641,-0.368,-0.213,-0.639,0,0,59,0,0,0,0,156,50,1.076,1,2290,0,532.479,19.341,-122.938,-487.688,174.875,-1.023,0.711,1.563,6.676,18.152,-3.383,1.326,1.554,1.000,1.286,4,NULL,NULL,,3,0,2,7,255,1180,250,0,0
stim,265611,295732,0,295732,3493029.454,-0.638,-0.387,-0.219,-0.629,0,0,9,0,0,0,0,104,50,1.076,1,2290,0,510.462,19.506,-166.938,-463.875,132.375,-0.816,1.230,1.051,9.238,17.180,-9.121,1.406,1.636,1.000,1.286,0,NULL,NULL,,3,0,2,7,255,1180,250,0,0
stim,265611,295732,0,295732,3493034.457,-0.634,-0.404,-0.225,-0.620,0,0,19,0,0,0,0,47,50,1.076,1,2290,0,473.736,17.436,-160.438,-437.563,85.000,-0.543,1.395,0.867,13.105,11.500,-12.613,1.490,1.722,1.000,1.286,0,NULL,NULL,,3,0,2,7,255,1180,250,0,0
stim,265611,295732,0,295732,3493039.453,-0.630,-0.421,-0.229,-0.612,0,0,30,0,0,0,0,71,50,1.076,1,2290,0,449.476,16.304,-173.250,-401.250,104.938,-0.582,1.055,0.984,13.105,9.699,-12.613,1.570,1.804,1.000,1.286,0,NULL,NULL,,3,0,2,7,255,1180,250,0,0
stim,265611,295732,0,295732,3493044.455,-0.625,-0.438,-0.229,-0.604,0,0,41,0,0,0,0,125,50,1.076,1,2290,0,448.392,14.119,-256.688,-347.125,121.125,-0.469,0.785,0.855,11.430,8.289,-12.012,1.642,1.878,1.000,1.286,0,NULL,NULL,,3,0,2,7,255,1180,250,0,0
stim,265611,295732,0,295732,3493049.453,-0.619,-0.453,-0.228,-0.600,0,0,45,0,0,0,0,170,50,1.076,1,2290,0,374.777,12.047,-260.563,-264.000,53.563,-0.293,0.332,0.531,8.742,8.289,-11.570,1.708,1.946,1.000,1.286,0,NULL,NULL,,3,0,2,7,255,1180,250,0,0
stim,265611,295732,0,295732,3493054.456,-0.614,-0.462,-0.228,-0.597,0,0,45,0,0,0,0,199,50,1.076,1,2290,0,249.102,7.561,-165.188,-185.188,21.688,-0.273,-0.270,0.563,4.004,6.414,-10.664,1.768,2.008,1.000,1.286,0,NULL,NULL,,3,0,2,7,255,1180,250,0,0
stim,265611,295732,0,295732,3493059.454,-0.612,-0.469,-0.227,-0.595,0,0,43,0,0,0,0,213,50,1.076,1,2290,0,166.571,6.423,-116.063,-115.875,29.125,-0.438,-0.316,1.137,-0.348,6.414,-8.691,1.822,2.064,1.000,1.286,0,NULL,NULL,,3,0,2,7,255,1180,250,0,0
stim,265632,295753,0,295753,3493064.455,-0.608,-0.475,-0.223,-0.596,0,0,39,0,0,0,0,217,50,1.076,1,2290,0,187.815,12.001,-184.813,-30.375,14.000,-0.551,-0.055,1.117,-0.348,11.996,-8.691,1.876,2.120,1.000,1.286,0,NULL,NULL,,3,0,2,7,255,1180,250,0,0
stim,265632,295753,0,295753,3493069.453,-0.603,-0.480,-0.215,-0.600,0,0,41,0,0,0,0,186,50,1.076,1,2290,0,260.053,12.150,-253.938,56.000,2.750,-0.465,0.332,0.313,1.926,11.996,-9.348,1.932,2.178,1.000,1.286,0,NULL,NULL,,3,0,2,7,255,1180,250,0,0
stim,265632,295753,0,295753,3493074.455,-0.600,-0.482,-0.206,-0.604,0,0,33,0,0,0,0,116,50,1.076,1,2290,0,258.243,5.209,-224.375,127.438,10.250,-0.402,0.707,-0.449,3.109,4.180,-13.379,1.984,2.232,1.000,1.286,0,NULL,NULL,,3,0,2,7,255,1180,250,0,0
stim,265632,295753,0,295753,3493079.453,-0.600,-0.481,-0.198,-0.609,0,0,22,0,0,0,0,115,50,1.076,1,2290,0,206.881,4.406,-104.438,177.938,15.188,-0.500,0.684,-0.641,3.109,-3.121,-17.402,2.026,2.276,1.000,1.286,0,NULL,NULL,,3,0,2,7,255,1180,250,0,0
stim,265632,295753,0,295753,3493084.455,-0.601,-0.475,-0.192,-0.613,0,0,23,0,0,0,0,107,50,1.076,1,2290,0,209.160,4.157,-4.875,209.000,6.563,-0.605,0.352,-0.055,2.746,-3.121,-17.402,2.056,2.306,1.000,1.286,0,NULL,NULL,,3,0,2,7,255,1180,250,0,0
stim,265632,295753,0,295753,3493089.454,-0.603,-0.469,-0.186,-0.618,0,0,19,0,0,0,0,103,50,1.076,1,2290,0,231.945,2.711,-1.000,231.938,-1.500,-0.570,0.102,0.410,1.813,2.016,-16.105,2.072,2.326,1.000,1.286,0,NULL,NULL,,3,0,2,7,255,1180,250,0,0
stim,265661,295782,0,295782,3493094.455,-0.604,-0.463,-0.179,-0.623,0,0,13,0,0,0,0,99,50,1.076,1,2290,0,248.236,5.410,-38.438,245.063,9.375,-0.457,0.066,0.367,1.441,5.215,-12.719,2.080,2.336,1.000,1.286,0,NULL,NULL,,3,0,2,7,255,1180,250,0,0
stim,265661,295782,0,295782,3493099.454,-0.606,-0.458,-0.170,-0.628,0,0,11,0,0,0,0,89,50,1.076,1,2290,0,256.929,5.351,-48.375,250.313,31.875,-0.414,0.191,0.016,1.199,5.215,-12.719,2.088,2.346,1.000,1.286,0,NULL,NULL,,3,0,2,7,255,1180,250,0,0
stim,265661,295782,0,295782,3493104.455,-0.608,-0.452,-0.163,-0.632,0,0,8,0,0,0,0,83,50,1.076,1,2290,0,254.739,2.399,-15.000,250.125,45.875,-0.461,0.328,-0.215,1.199,2.078,-13.563,2.096,2.356,1.000,1.286,0,NULL,NULL,,3,0,2,7,255,1180,250,0,0
stim,265661,295782,0,295782,3493109.454,-0.612,-0.444,-0.156,-0.636,0,0,7,0,0,0,0,71,50,1.076,1,2290,0,254.135,1.593,29.125,248.188,46.250,-0.484,0.375,-0.172,1.320,0.891,-15.547,2.104,2.366,1.000,1.286,0,NULL,NULL,,3,0,2,7,255,1180,250,0,0
stim,265699,295820,0,295820,3493114.457,-0.616,-0.436,-0.150,-0.639,0,0,6,0,0,0,0,67,50,1.076,1,2290,0,256.939,2.090,54.563,246.875,45.750,-0.434,0.340,-0.012,1.891,0.891,-15.547,2.112,2.376,1.000,1.286,0,NULL,NULL,,3,0,2,7,255,1180,250,0,0
stim,265699,295820,0,295820,3493119.453,-0.620,-0.428,-0.144,-0.642,0,0,4,0,0,0,0,61,50,1.076,1,2290,0,259.300,2.986,62.500,245.875,53.625,-0.387,0.289,0.078,2.289,1.918,-14.262,2.118,2.384,1.000,1.286,0,NULL,NULL,,3,0,2,7,255,1180,250,0,0
stim,265699,295820,0,295820,3493124.456,-0.624,-0.419,-0.139,-0.645,0,0,0,0,0,0,0,61,50,1.076,1,2290,0,261.669,3.350,71.313,243.625,63.500,-0.414,0.270,0.113,2.289,2.445,-13.172,2.126,2.392,1.000,1.286,0,NULL,NULL,,3,0,2,7,255,1180,250,0,0
stim,265699,295820,0,295820,3493129.454,-0.629,-0.410,-0.133,-0.647,0,0,2,0,0,0,0,63,50,1.076,1,2290,0,263.113,3.710,86.625,239.875,64.688,-0.465,0.230,0.180,2.230,2.965,-13.008,2.134,2.404,1.000,1.286,0,NULL,NULL,,3,0,2,7,255,1180,250,0,0
stim,265699,295820,0,295820,3493134.455,-0.633,-0.401,-0.129,-0.649,0,0,0,0,0,0,0,59,50,1.076,1,2290,0,263.952,4.457,102.250,236.375,57.813,-0.488,0.184,0.309,2.133,3.914,-12.750,2.146,2.418,1.000,1.286,0,NULL,NULL,,3,0,2,7,255,1180,250,0,0
stim,265699,295820,0,295820,3493139.454,-0.637,-0.392,-0.125,-0.652,0,0,0,0,0,0,0,55,50,1.076,1,2290,0,263.335,5.497,109.375,234.688,48.000,-0.480,0.172,0.484,2.133,5.066,-11.832,2.160,2.434,1.000,1.286,0,NULL,NULL,,3,0,2,7,255,1180,250,0,0
stim,265699,295820,0,295820,3493144.455,-0.641,-0.382,-0.121,-0.654,0,0,0,0,0,0,0,51,50,1.076,1,2290,0,261.540,6.780,105.813,235.938,39.250,-0.469,0.176,0.637,2.691,6.223,-10.480,2.176,2.454,1.000,1.286,0,NULL,NULL,,3,0,2,7,255,1180,250,0,0
stim,265699,295820,0,295820,3493149.453,-0.645,-0.373,-0.116,-0.657,0,0,0,0,0,0,0,53,50,1.076,1,2290,0,260.571,7.847,96.313,240.125,31.000,-0.473,0.191,0.750,3.320,7.109,-9.254,2.198,2.476,1.000,1.286,0,NULL,NULL,,3,0,2,7,255,1180,250,0,0
stim,265726,295847,0,295847,3493154.455,-0.648,-0.363,-0.112,-0.660,0,0,1,0,0,0,0,47,50,1.076,1,2290,0,262.242,8.710,85.250,247.250,19.250,-0.496,0.215,0.840,3.859,7.809,-8.398,2.224,2.504,1.000,1.286,0,NULL,NULL,,3,0,2,7,255,1180,250,0,0
stim,265726,295847,0,295847,3493159.454,-0.650,-0.354,-0.106,-0.664,0,0,6,0,0,0,0,51,50,1.076,1,2290,0,267.301,9.485,73.625,256.938,3.500,-0.512,0.227,0.910,4.340,8.434,-7.820,2.254,2.536,1.000,1.286,0,NULL,NULL,,3,0,2,7,255,1180,250,0,0
stim,265726,295847,0,295847,3493164.455,-0.652,-0.344,-0.101,-0.668,0,0,5,0,0,0,0,56,50,1.076,1,2290,0,275.587,10.054,60.375,268.563,-13.313,-0.504,0.203,0.961,4.695,8.891,-7.230,2.290,2.574,1.000,1.286,0,NULL,NULL,,3,0,2,7,255,1180,250,0,0
stim,265726,295847,0,295847,3493169.454,-0.652,-0.334,-0.095,-0.673,0,0,9,0,0,0,0,62,50,1.076,1,2290,0,286.614,10.054,45.750,281.500,-28.500,-0.480,0.168,0.965,4.695,8.891,-6.516,2.328,2.616,1.000,1.286,0,NULL,NULL,,3,0,2,7,255,1180,250,0,0
stim,265726,295847,0,295847,3493174.455,-0.653,-0.325,-0.088,-0.679,0,0,9,0,0,0,0,69,50,1.076,1,2290,0,299.880,9.910,33.438,295.000,-42.250,-0.445,0.156,0.914,4.465,8.848,-5.988,2.372,2.660,1.000,1.286,0,NULL,NULL,,3,0,2,7,255,1180,250,0,0
stim,265726,295847,0,295847,3493179.453,-0.652,-0.314,-0.081,-0.685,0,0,10,0,0,0,0,81,50,1.076,1,2290,0,314.334,9.192,28.375,308.125,-55.313,-0.379,0.160,0.824,4.246,8.152,-5.988,2.416,2.706,1.000,1.286,0,NULL,NULL,,3,0,2,7,255,1180,250,0,0
stim,265758,295880,0,295880,3493184.457,-0.651,-0.304,-0.074,-0.691,0,0,7,0,0,0,0,85,50,1.076,1,2290,0,328.543,8.108,31.063,320.188,-66.750,-0.270,0.145,0.738,4.059,7.020,-5.898,2.462,2.756,1.000,1.286,0,NULL,NULL,,3,0,2,7,255,1180,250,0,0
stim,265758,295880,0,295880,3493189.453,-0.650,-0.292,-0.067,-0.698,0,0,7,0,0,0,0,85,50,1.076,1,2290,0,339.708,6.672,40.500,329.875,-70.313,-0.188,0.105,0.656,3.707,5.547,-5.895,2.506,2.800,1.000,1.286,0,NULL,NULL,,3,0,2,7,255,1180,250,0,0
stim,265758,295880,0,295880,3493194.455,-0.650,-0.280,-0.060,-0.704,0,0,9,0,0,0,0,99,50,1.076,1,2290,0,347.040,5.431,56.813,335.563,-67.875,-0.164,0.121,0.637,3.191,4.395,-5.820,2.544,2.840,1.000,1.286,0,NULL,NULL,,3,0,2,7,255,1180,250,0,0
stim,265759,295880,0,295880,3493199.454,-0.649,-0.268,-0.054,-0.710,0,0,4,0,0,0,0,103,50,1.076,1,2290,0,354.183,5.053,76.313,339.000,-68.563,-0.129,0.137,0.664,3.191,3.918,-5.789,2.580,2.878,1.000,1.286,0,NULL,NULL,,3,0,2,7,255,1180,250,0,0
stim,265759,295880,0,295880,3493204.455,-0.648,-0.254,-0.048,-0.716,0,0,7,0,0,0,0,117,50,1.076,1,2290,0,359.797,4.926,95.625,340.000,-68.625,-0.086,0.156,0.711,3.406,3.559,-5.297,2.612,2.914,1.000,1.286,0,NULL,NULL,,3,0,2,7,255,1180,250,0,0
stim,265759,295880,0,295880,3493209.454,-0.648,-0.240,-0.044,-0.722,0,0,6,0,0,0,0,114,50,1.076,1,2290,0,363.956,4.857,117.500,337.563,-68.625,-0.082,0.191,0.707,3.668,3.184,-4.645,2.644,2.946,1.000,1.286,0,NULL,NULL,,3,0,2,7,255,1180,250,0,0
stim,265796,295917,0,295917,3493214.457,-0.647,-0.226,-0.039,-0.727,0,0,5,0,0,0,0,116,50,1.076,1,2290,0,370.129,4.899,142.000,335.250,-66.625,-0.008,0.164,0.836,3.938,2.914,-4.609,2.672,2.976,1.000,1.286,0,NULL,NULL,,3,0,2,7,255,1180,250,0,0
stim,265796,295917,0,295917,3493219.453,-0.647,-0.211,-0.036,-0.732,0,0,7,0,0,0,0,109,50,1.076,1,2290,0,371.059,4.709,152.813,333.000,-58.688,0.031,0.195,0.953,3.953,2.559,-2.977,2.698,3.004,1.000,1.286,0,NULL,NULL,,3,0,2,7,255,1180,250,0,0
stim,265796,295917,0,295917,3493224.455,-0.647,-0.196,-0.032,-0.736,0,0,3,0,0,0,0,111,50,1.076,1,2290,0,368.279,5.009,158.375,329.750,-42.563,0.078,0.184,1.066,4.445,2.309,-1.766,2.722,3.030,1.000,1.286,0,NULL,NULL,,3,0,2,7,255,1180,250,0,0
stim,265796,295917,0,295917,3493229.454,-0.648,-0.181,-0.028,-0.739,0,0,2,0,0,0,0,106,50,1.076,1,2290,0,364.101,4.975,159.438,326.438,-24.250,0.055,0.176,1.164,4.445,2.234,-0.434,2.746,3.056,1.000,1.286,0,NULL,NULL,,3,0,2,7,255,1180,250,0,0
stim,265796,295917,0,295917,3493234.456,-0.649,-0.166,-0.024,-0.742,0,0,0,0,0,0,0,105,50,1.076,1,2290,0,361.939,5.014,161.125,323.813,-13.563,-0.043,0.219,1.203,4.488,2.234,0.523,2.768,3.080,1.000,1.286,0,NULL,NULL,,3,0,2,7,255,1180,250,0,0
stim,265796,295917,0,295917,3493239.454,-0.650,-0.150,-0.021,-0.745,0,0,0,0,0,0,0,101,50,1.076,1,2290,0,364.381,5.694,171.750,321.000,-15.313,-0.121,0.234,1.277,4.898,2.902,0.691,2.790,3.104,1.000,1.286,0,NULL,NULL,,3,0,2,7,255,1180,250,0,0
stim,265827,295948,0,295948,3493244.455,-0.650,-0.135,-0.018,-0.748,0,0,0,0,0,0,0,102,50,1.076,1,2290,0,367.904,6.180,180.875,319.750,-19.938,-0.141,0.242,1.453,5.109,3.477,1.328,2.814,3.130,1.000,1.286,0,NULL,NULL,,3,0,2,7,255,1180,250,0,0
stim,265827,295948,0,295948,3493249.453,-0.650,-0.119,-0.015,-0.750,0,0,5,0,0,0,0,93,50,1.076,1,2290,0,365.874,6.495,174.688,320.500,-25.063,-0.145,0.250,1.633,5.352,3.680,3.121,2.840,3.158,1.000,1.286,0,NULL,NULL,,3,0,2,7,255,1180,250,0,0
stim,265827,295948,0,295948,3493254.455,-0.650,-0.104,-0.011,-0.753,0,0,7,0,0,0,0,90,50,1.076,1,2290,0,359.338,6.630,156.563,322.250,-27.688,-0.137,0.258,1.734,5.516,3.680,4.969,2.866,3.186,1.000,1.286,0,NULL,NULL,,3,0,2,7,255,1180,250,0,0
stim,265827,295948,0,295948,3493259.454,-0.649,-0.090,-0.007,-0.755,0,0,5,0,0,0,0,88,50,1.076,1,2290,0,353.090,6.450,140.250,322.813,-28.188,-0.141,0.266,1.793,5.516,3.344,6.137,2.894,3.216,1.000,1.286,0,NULL,NULL,,3,0,2,7,255,1180,250,0,0
stim,265827,295948,0,295948,3493264.455,-0.648,-0.076,-0.002,-0.758,0,0,6,0,0,0,0,93,50,1.076,1,2290,0,347.317,6.170,125.125,322.750,-28.375,-0.156,0.250,1.809,5.398,2.988,6.855,2.922,3.246,1.000,1.286,0,NULL,NULL,,3,0,2,7,255,1180,250,0,0
stim,265827,295948,0,295948,3493269.454,-0.647,-0.062,0.003,-0.760,0,0,13,0,0,0,0,100,50,1.076,1,2290,0,342.715,5.748,113.500,321.813,-31.750,-0.156,0.223,1.816,5.059,2.730,7.168,2.950,3.276,1.000,1.286,0,NULL,NULL,,3,0,2,7,255,1180,250,0,0
stim,265827,295948,0,295948,3493274.457,-0.646,-0.048,0.009,-0.762,0,0,11,0,0,0,0,101,50,1.076,1,2290,0,338.110,5.138,102.500,320.313,-34.813,-0.141,0.211,1.777,4.582,2.324,7.184,2.980,3.306,1.000,1.286,0,NULL,NULL,,3,0,2,7,255,1180,250,0,0
stim,265827,295948,0,295948,3493279.453,-0.645,-0.035,0.014,-0.764,0,0,9,0,0,0,0,104,50,1.076,1,2290,0,333.701,4.527,97.813,317.125,-34.938,-0.121,0.195,1.730,4.188,1.719,7.184,3.008,3.336,1.000,1.286,0,NULL,NULL,,3,0,2,7,255,1180,250,0,0
stim,265849,295970,0,295970,3493284.455,-0.643,-0.021,0.020,-0.765,0,0,17,0,0,0,0,107,50,1.076,1,2290,0,330.294,3.846,100.063,312.938,-33.938,-0.105,0.176,1.688,3.695,1.066,6.824,3.036,3.366,1.000,1.286,0,NULL,NULL,,3,0,2,7,255,1180,250,0,0
stim,265849,295970,0,295970,3493289.453,-0.641,-0.008,0.024,-0.767,0,0,17,0,0,0,0,105,50,1.076,1,2290,0,327.556,3.269,108.000,307.500,-32.750,-0.098,0.164,1.688,3.227,0.523,6.559,3.062,3.396,1.000,1.286,0,NULL,NULL,,3,0,2,7,255,1180,250,0,0
stim,265849,295970,0,295970,3493294.455,-0.640,0.006,0.029,-0.768,0,0,20,0,0,0,0,101,50,1.076,1,2290,0,325.572,2.864,118.813,301.438,-31.875,-0.078,0.156,1.715,2.863,0.047,6.559,3.088,3.422,1.000,1.286,0,NULL,NULL,,3,0,2,7,255,1180,250,0,0
stim,265849,295970,0,295970,3493299.454,-0.638,0.019,0.032,-0.769,0,0,21,0,0,0,0,101,50,1.076,1,2290,0,324.618,2.582,131.125,295.438,-30.000,-0.031,0.148,1.758,2.520,-0.563,6.879,3.110,3.448,1.000,1.286,0,NULL,NULL,,3,0,2,7,255,1180,250,0,0
stim,265910,296031,0,296031,3493304.455,-0.636,0.033,0.035,-0.770,0,0,21,0,0,0,0,103,50,1.076,1,2290,0,325.689,2.539,145.313,290.250,-26.688,0.035,0.105,1.793,2.109,-1.414,7.297,3.130,3.468,1.000,1.286,0,NULL,NULL,,3,0,2,7,255,1180,250,0,0
stim,265910,296031,0,296031,3493309.454,-0.634,0.047,0.038,-0.771,0,0,25,0,0,0,0,91,50,1.076,1,2290,0,329.136,2.727,161.875,285.875,-20.063,0.105,0.031,1.828,1.305,-2.395,7.590,3.144,3.484,1.000,1.286,0,NULL,NULL,,3,0,2,7,255,1180,250,0,0
stim,265910,296031,0,296031,3493314.455,-0.633,0.061,0.039,-0.771,0,0,24,0,0,0,0,87,50,1.076,1,2290,0,335.175,3.335,180.063,282.438,-12.188,0.180,0.023,1.867,0.141,-3.332,7.820,3.156,3.498,1.000,1.286,0,NULL,NULL,,3,0,2,7,255,1180,250,0,0
stim,265910,296031,0,296031,3493319.453,-0.631,0.076,0.040,-0.771,0,0,25,0,0,0,0,81,50,1.076,1,2290,0,345.050,4.470,201.438,280.063,-6.875,0.277,0.055,1.918,-0.469,-4.445,8.027,3.162,3.506,1.000,1.286,0,NULL,NULL,,3,0,2,7,255,1180,250,0,0
stim,265910,296031,0,296031,3493324.455,-0.629,0.092,0.040,-0.771,0,0,24,0,0,0,0,81,50,1.076,1,2290,0,358.609,5.952,226.438,278.063,-2.813,0.406,0.063,2.027,-0.770,-5.902,8.273,3.162,3.508,1.000,1.286,0,NULL,NULL,,3,0,2,7,255,1180,250,0,0
stim,265910,296031,0,296031,3493329.453,-0.628,0.108,0.039,-0.770,0,0,26,0,0,0,0,83,50,1.076,1,2290,0,372.625,7.802,249.375,276.875,1.313,0.523,0.051,2.195,-1.441,-7.668,8.949,3.158,3.506,1.000,1.286,0,NULL,NULL,,3,0,2,7,255,1180,250,0,0
stim,265910,296031,0,296031,3493334.456,-0.626,0.124,0.038,-0.769,0,0,29,0,0,0,0,73,50,1.076,1,2290,0,382.791,9.739,265.563,275.625,6.000,0.625,0.039,2.402,-2.406,-9.438,10.113,3.146,3.494,1.000,1.286,0,NULL,NULL,,3,0,2,7,255,1180,250,0,0
stim,265910,296031,0,296031,3493339.454,-0.624,0.141,0.036,-0.768,0,0,27,0,0,0,0,75,50,1.076,1,2290,0,386.867,11.731,272.750,274.188,9.750,0.730,0.059,2.609,-3.504,-11.195,11.539,3.124,3.474,1.000,1.286,0,NULL,NULL,,3,0,2,7,255,1180,250,0,0
stim,265910,296031,0,296031,3493344.455,-0.622,0.157,0.035,-0.767,0,0,29,0,0,0,0,72,50,1.076,1,2290,0,385.453,13.808,271.250,273.688,9.625,0.852,0.117,2.789,-4.418,-13.082,12.922,3.092,3.444,1.000,1.286,0,NULL,NULL,,3,0,2,7,255,1180,250,0,0
stim,265910,296031,0,296031,3493349.453,-0.619,0.174,0.034,-0.765,0,0,25,0,0,0,0,61,50,1.076,1,2290,0,378.796,16.016,260.563,274.875,6.125,0.988,0.191,2.938,-5.063,-15.195,13.961,3.052,3.404,1.000,1.286,0,NULL,NULL,,3,0,2,7,255,1180,250,0,0
stim,265910,296031,0,296031,3493354.455,-0.617,0.189,0.033,-0.763,0,0,25,0,0,0,0,73,50,1.076,1,2290,0,365.062,18.311,237.750,277.000,4.063,1.086,0.234,3.012,-5.539,-17.453,14.500,3.000,3.354,1.000,1.286,0,NULL,NULL,,3,0,2,7,255,1180,250,0,0
stim,265910,296031,0,296031,3493359.455,-0.614,0.204,0.034,-0.761,0,0,25,0,0,0,0,81,50,1.076,1,2290,0,347.487,20.044,211.000,276.000,7.063,1.160,0.262,3.055,-6.098,-19.094,14.500,2.940,3.294,1.000,1.286,0,NULL,NULL,,3,0,2,7,255,1180,250,0,0
stim,265931,296052,0,296052,3493364.455,-0.612,0.218,0.035,-0.759,0,0,27,0,0,0,0,86,50,1.076,1,2290,0,325.924,21.477,175.813,274.438,0.813,1.285,0.305,3.023,-6.648,-20.422,14.176,2.866,3.222,1.000,1.286,0,NULL,NULL,,3,0,2,7,255,1180,250,0,0
stim,265931,296052,0,296052,3493369.454,-0.610,0.231,0.038,-0.757,0,0,25,0,0,0,0,92,50,1.076,1,2290,0,303.794,23.045,137.563,270.750,-7.875,1.504,0.277,2.875,-6.848,-22.004,12.945,2.784,3.142,1.000,1.286,0,NULL,NULL,,3,0,2,7,255,1180,250,0,0
stim,265931,296052,0,296052,3493374.455,-0.608,0.242,0.042,-0.755,0,0,28,0,0,0,0,125,50,1.076,1,2290,0,283.327,24.992,102.813,263.938,-6.375,1.754,0.105,2.598,-7.414,-23.867,10.172,2.698,3.056,1.000,1.286,0,NULL,NULL,,3,0,2,7,255,1180,250,0,0
stim,265931,296052,0,296052,3493379.454,-0.606,0.252,0.046,-0.753,0,0,25,0,0,0,0,141,50,1.076,1,2290,0,264.987,26.592,79.375,252.750,5.938,1.945,-0.117,2.215,-8.844,-25.078,5.805,2.604,2.962,1.000,1.286,0,NULL,NULL,,3,0,2,7,255,1180,250,0,0
stim,265931,296052,0,296052,3493384.455,-0.606,0.262,0.050,-0.750,0,0,25,0,0,0,0,163,50,1.076,1,2290,0,249.242,27.073,70.938,238.188,18.875,2.070,-0.352,1.766,-10.199,-25.078,0.637,2.506,2.864,1.000,1.286,0,NULL,NULL,,3,0,2,7,255,1180,250,0,0
stim,265931,296052,0,296052,3493389.453,-0.605,0.271,0.053,-0.747,0,0,29,0,0,0,0,167,50,1.076,1,2290,0,237.139,26.519,82.313,220.750,27.000,2.207,-0.566,1.375,-11.230,-24.023,-4.789,2.402,2.758,1.000,1.286,0,NULL,NULL,,3,0,2,7,255,1180,250,0,0
stim,265961,296082,0,296082,3493394.455,-0.604,0.281,0.054,-0.744,0,0,23,0,0,0,0,172,50,1.076,1,2290,0,233.873,25.956,112.500,202.375,32.938,2.355,-0.609,1.043,-11.633,-23.203,-9.730,2.290,2.648,1.000,1.286,0,NULL,NULL,,3,0,2,7,255,1180,250,0,0
stim,265961,296082,0,296082,3493399.454,-0.602,0.291,0.053,-0.741,0,0,27,0,0,0,0,196,50,1.076,1,2290,0,243.331,26.195,156.188,183.313,34.813,2.594,-0.797,0.941,-12.156,-23.203,-13.762,2.176,2.532,1.000,1.286,0,NULL,NULL,,3,0,2,7,255,1180,250,0,0
stim,265961,296082,0,296082,3493404.455,-0.601,0.301,0.051,-0.738,0,0,29,0,0,0,0,211,50,1.076,1,2290,0,245.831,27.402,179.000,160.813,50.313,2.891,-1.117,0.895,-13.168,-24.031,-16.699,2.062,2.416,1.000,1.286,0,NULL,NULL,,3,0,2,7,255,1180,250,0,0
stim,265961,296082,0,296082,3493409.454,-0.600,0.311,0.048,-0.735,0,0,24,0,0,0,0,221,50,1.076,1,2290,0,259.230,30.097,205.125,140.500,73.375,3.031,-1.215,0.859,-16.098,-25.430,-19.875,1.948,2.298,1.000,1.286,0,NULL,NULL,,3,0,2,7,255,1180,250,0,0
stim,266009,296130,0,296130,3493414.458,-0.600,0.322,0.042,-0.732,0,0,25,0,0,0,0,224,50,1.076,1,2290,0,274.421,31.018,230.938,116.875,91.188,3.063,-1.352,0.930,-16.746,-26.109,-21.633,1.832,2.182,1.000,1.286,0,NULL,NULL,,3,0,2,7,255,1180,250,0,0
stim,266009,296130,0,296130,3493419.453,-0.599,0.332,0.035,-0.728,0,0,25,0,0,0,0,234,50,1.076,1,2290,0,297.312,31.719,264.500,93.313,98.625,3.023,-1.664,1.043,-18.012,-26.109,-22.168,1.716,2.064,1.000,1.286,0,NULL,NULL,,3,0,2,7,255,1180,250,0,0
stim,266009,296130,0,296130,3493424.457,-0.597,0.342,0.025,-0.725,0,0,24,0,0,0,0,233,50,1.076,1,2290,0,329.233,33.045,306.438,64.813,101.438,2.832,-1.770,1.387,-20.988,-25.523,-22.168,1.596,1.940,1.000,1.286,0,NULL,NULL,,3,0,2,7,255,1180,250,0,0
stim,266009,296130,0,296130,3493429.453,-0.595,0.351,0.015,-0.722,0,0,27,0,0,0,0,248,50,1.076,1,2290,0,336.899,34.415,321.250,30.438,96.813,2.563,-1.445,2.113,-23.086,-25.523,-19.922,1.470,1.812,1.000,1.286,0,NULL,NULL,,3,0,2,7,255,1180,250,0,0
stim,266009,296130,0,296130,3493434.456,-0.593,0.359,0.004,-0.721,0,0,28,0,0,0,0,261,50,1.076,1,2290,0,297.666,35.370,288.063,-4.313,74.875,2.156,-0.895,2.766,-23.086,-26.797,-12.484,1.338,1.678,1.000,1.286,0,NULL,NULL,,3,0,2,7,255,1180,250,0,0
stim,266009,296130,0,296130,3493439.454,-0.591,0.363,-0.004,-0.720,0,0,29,0,0,0,0,267,50,1.076,1,2290,0,218.388,35.077,211.063,-39.125,40.188,2.008,-0.566,3.172,-21.711,-27.551,-3.887,1.202,1.536,1.000,1.286,0,NULL,NULL,,3,0,2,7,255,1180,250,0,0
stim,266009,296130,0,296130,3493444.455,-0.590,0.364,-0.010,-0.720,0,0,12,0,0,0,0,383,50,1.076,1,2290,0,144.698,34.768,121.500,-74.500,25.000,1.660,-0.469,3.309,-21.207,-27.551,0.957,1.058,1.388,1.000,1.286,0,NULL,NULL,,3,0,2,7,255,1180,250,0,0
stim,266009,296130,0,296130,3493449.453,-0.592,0.367,-0.031,-0.717,41,0,9,223,0,0,0,439,50,1.076,1,2290,0,488.777,35.243,365.688,-218.188,239.938,0.723,-0.434,5.902,-21.207,-28.148,4.145,0.908,1.230,1.000,1.286,0,NULL,NULL,,3,0,2,7,255,1180,250,0,0
stim,266009,296130,0,296130,3493454.455,-0.597,0.362,-0.046,-0.714,585,0,9,849,0,58,0,495,50,1.076,1,2290,0,382.054,43.738,142.000,-247.688,253.875,0.348,1.359,8.301,-33.477,-28.148,27.813,0.762,1.068,1.000,1.286,0,NULL,NULL,,3,0,2,7,255,1180,250,0,0
stim,266009,296130,0,296130,3493459.454,-0.619,0.333,-0.023,-0.711,1075,0,9,1302,0,310,0,563,50,1.076,1,2290,0,975.731,43.738,-940.125,-127.625,227.875,-0.730,2.234,3.527,-33.477,-28.148,29.918,0.622,0.906,1.000,1.286,0,NULL,NULL,,3,0,2,7,255,1180,250,0,0
stim,266028,296149,0,296149,3493464.455,-0.639,0.298,0.004,-0.709,1527,0,0,1620,0,535,0,603,50,1.076,1,2290,0,1129.741,12.219,-1104.938,-165.000,167.938,-0.680,3.668,-0.969,2.813,-11.891,29.918,0.492,0.740,1.000,1.286,0,NULL,NULL,,3,0,2,7,255,1180,250,0,0
stim,266028,296149,0,296149,3493469.454,-0.651,0.276,0.018,-0.707,1865,0,0,1832,0,741,0,652,50,1.076,1,2291,0,648.586,28.448,-621.625,-138.375,122.875,-1.359,2.148,-2.559,28.223,3.570,-2.297,0.390,0.572,1.000,1.286,1,1200.000,20.000,,3,0,2,7,255,1180,250,0,0
stim,266028,296149,0,296149,3493474.455,-0.655,0.266,0.020,-0.707,2088,0,0,1941,0,917,0,744,50,1.076,1,2291,0,252.992,32.783,-199.063,-152.875,31.750,-1.387,-0.129,-1.105,28.223,16.680,-14.125,0.338,0.422,1.000,1.286,1,NULL,NULL,,3,0,2,7,255,1180,250,0,0
stim,266028,296149,0,296149,3493479.454,-0.655,0.261,0.016,-0.709,2234,0,0,2027,0,1053,0,823,50,1.076,1,2291,0,145.067,16.827,-13.500,-144.438,-0.250,-0.348,-0.191,1.383,2.219,16.680,-14.125,0.358,0.322,1.000,1.286,1,NULL,NULL,,3,0,2,7,255,1180,250,0,0
stim,266058,296179,0,296179,3493484.457,-0.658,0.254,0.016,-0.709,2365,0,0,2104,0,1251,0,905,50,1.076,1,2291,0,169.906,2.778,-116.188,-116.250,43.063,0.328,1.691,2.125,2.219,-1.672,2.797,0.394,0.328,1.000,1.286,1,NULL,NULL,,3,0,2,7,255,1180,250,0,0
stim,266058,296179,0,296179,3493489.453,-0.664,0.244,0.020,-0.707,2462,0,0,2167,0,1361,0,977,50,1.076,1,2291,0,286.658,12.853,-253.313,-99.188,90.375,0.027,2.242,1.813,9.172,-9.004,11.793,0.406,0.366,1.000,1.286,1,NULL,NULL,,3,0,2,7,255,1180,250,0,0
stim,266058,296179,0,296179,3493494.455,-0.669,0.232,0.027,-0.706,2643,0,0,2425,0,1463,0,1035,50,1.076,1,2291,0,349.706,12.853,-332.125,-89.500,63.063,-0.445,0.906,1.090,9.172,-9.004,11.793,0.412,0.406,1.000,1.286,2,NULL,NULL,,3,0,2,7,255,1180,250,0,0
stim,266058,296179,0,296179,3493499.454,-0.674,0.219,0.034,-0.705,2771,0,0,2619,0,1459,0,1103,50,1.076,1,2291,0,344.555,5.716,-329.438,-94.375,35.813,-0.934,-0.621,0.148,5.688,-0.574,3.559,0.420,0.440,1.000,1.286,2,NULL,NULL,,3,0,2,7,255,1180,250,0,0
stim,266058,296179,0,296179,3493504.455,-0.680,0.207,0.037,-0.703,2869,0,0,2749,0,1479,0,1205,50,1.076,1,2291,0,341.649,10.601,-287.625,-151.563,105.000,-1.496,-1.898,-0.242,-6.387,8.461,-6.594,0.440,0.472,1.000,1.286,2,NULL,NULL,,3,0,2,7,255,1180,250,0,0
stim,266058,296179,0,296179,3493509.454,-0.681,0.197,0.038,-0.704,2931,0,0,2849,0,1501,0,1337,50,1.076,1,2291,0,229.611,20.959,-175.625,-146.438,-20.813,-1.367,-1.617,-0.293,-15.156,14.477,-10.719,0.470,0.502,1.000,1.286,2,NULL,NULL,,3,0,2,7,255,1180,250,0,0
stim,266096,296217,0,296217,3493514.457,-0.679,0.191,0.035,-0.708,2981,0,0,2925,0,1499,0,1447,50,1.076,1,2291,0,180.024,20.959,-22.125,-155.625,-87.750,-0.527,-0.730,0.363,-15.156,14.477,-10.719,0.482,0.524,1.000,1.286,2,NULL,NULL,,3,0,2,7,255,1180,250,0,0
stim,266096,296217,1,296217,3493519.453,-0.676,0.188,0.030,-0.712,3003,0,0,2972,0,1514,0,1499,50,1.076,1,2291,0,180.712,8.829,46.500,-145.000,-97.313,0.195,-0.344,1.414,-7.777,4.180,-6.152,0.466,0.524,1.000,1.286,2,NULL,NULL,,3,1,2,7,255,1180,250,0,0
stim,266096,296217,1,296217,3493524.455,-0.674,0.184,0.027,-0.715,3028,0,0,3017,0,1541,0,1511,50,1.076,1,2291,0,141.897,9.691,-2.313,-126.875,-63.500,0.574,-0.477,2.055,-7.777,-5.781,1.938,0.428,0.514,1.000,1.286,2,NULL,NULL,,3,1,2,7,255,1180,250,0,0
stim,266096,296217,1,296217,3493529.453,-0.676,0.176,0.027,-0.715,3031,0,0,3049,0,1582,0,1511,50,1.076,1,2291,0,173.144,13.959,-124.188,-120.375,8.125,0.695,-0.707,1.926,-8.762,-10.867,4.809,0.380,0.496,1.000,1.286,2,NULL,NULL,,3,1,2,7,255,1180,250,0,0
stim,266096,296217,1,296217,3493534.455,-0.680,0.167,0.029,-0.713,3049,0,0,3078,0,1662,0,1524,50,1.076,1,2291,0,246.534,14.995,-203.813,-109.563,85.063,0.418,-0.863,1.109,-10.332,-10.867,4.809,0.332,0.472,1.000,1.286,2,NULL,NULL,,3,1,2,7,255,1180,250,0,0
stim,266096,296217,1,296217,3493539.454,-0.686,0.159,0.031,-0.710,3061,0,0,3106,0,1763,0,1559,50,1.076,1,2291,0,241.958,12.357,-180.813,-101.813,124.438,-0.020,-1.102,0.496,-10.574,-6.395,-1.949,0.294,0.434,1.000,1.286,2,NULL,NULL,,3,1,2,7,255,1180,250,0,0
stim,266125,296246,1,296246,3493544.457,-0.690,0.153,0.030,-0.706,3066,0,0,3119,0,1865,23,1593,50,1.076,1,2291,0,189.397,10.352,-102.063,-102.813,122.000,-0.461,-0.824,0.414,-10.332,-0.641,-5.875,0.270,0.376,1.000,1.286,2,NULL,NULL,,3,1,2,7,255,1180,250,0,0
stim,266125,296246,1,296246,3493549.454,-0.693,0.149,0.028,-0.705,3077,0,0,3129,0,1943,41,1640,50,1.076,1,2291,0,133.341,9.381,-30.375,-105.313,75.938,-0.566,-0.090,0.688,-8.672,3.578,-5.875,0.264,0.312,1.000,1.286,2,NULL,NULL,,3,1,2,7,255,1180,250,0,0
stim,266125,296246,1,296246,3493554.455,-0.694,0.145,0.025,-0.704,3080,0,0,3135,0,2037,51,1688,50,1.076,1,2291,0,110.577,4.071,-12.000,-107.188,24.375,-0.414,0.320,1.219,-1.941,3.578,-2.102,0.270,0.254,1.000,1.286,2,NULL,NULL,,3,1,2,7,255,1180,250,0,0
stim,266125,296246,1,296246,3493559.454,-0.695,0.140,0.023,-0.705,3087,0,0,3143,0,2105,57,1758,50,1.076,1,2291,0,118.989,0.983,-58.375,-103.625,3.563,-0.230,0.223,1.402,0.227,0.957,3.082,0.276,0.210,1.000,1.286,2,NULL,NULL,,3,1,2,7,255,1180,250,0,0
stim,266125,296246,1,296246,3493564.455,-0.696,0.134,0.023,-0.705,3087,0,0,3145,0,2205,118,1882,50,1.076,1,2291,0,148.822,1.094,-109.000,-100.813,10.188,-0.070,-0.094,1.152,0.227,-1.070,3.082,0.280,0.184,1.000,1.286,2,NULL,NULL,,3,1,2,7,255,1180,250,0,0
stim,266125,296246,1,296246,3493569.453,-0.697,0.128,0.024,-0.705,3089,0,0,3147,59,2252,250,1989,50,1.076,1,2291,0,134.990,3.050,-98.563,-90.563,17.500,-0.016,-0.273,1.102,-2.402,-1.879,1.137,0.280,0.176,1.000,1.286,2,NULL,NULL,,3,1,2,7,255,1180,250,0,0
stim,266125,296246,1,296246,3493574.456,-0.697,0.125,0.024,-0.706,3087,0,0,3154,299,2294,244,2101,50,1.076,1,2291,0,73.208,4.536,-46.750,-48.375,-28.875,0.199,-0.246,1.371,-3.988,-2.160,1.137,0.280,0.176,1.000,1.286,2,NULL,NULL,,3,1,2,7,255,1180,250,0,0
stim,266125,296246,1,296246,3493579.454,-0.696,0.123,0.024,-0.707,3093,0,0,3155,529,2323,263,2138,50,1.076,1,2291,0,61.775,6.184,-41.250,-40.313,-22.125,0.453,0.219,0.957,-3.988,-4.727,0.375,0.288,0.168,1.000,1.286,2,NULL,NULL,,3,1,2,7,255,1180,250,0,0
stim,266148,296269,1,296269,3493584.457,-0.696,0.122,0.023,-0.707,3093,0,0,3155,679,2351,277,2182,50,1.076,1,2291,0,38.114,6.100,4.688,-37.375,-5.813,0.375,0.602,1.109,1.012,-6.016,0.652,0.304,0.152,1.000,1.286,2,NULL,NULL,,3,1,2,7,255,1180,250,0,0
stim,266148,296269,1,296269,3493589.453,-0.697,0.120,0.023,-0.707,3091,0,0,3153,829,2376,285,2233,50,1.076,1,2291,0,36.942,6.100,-24.313,-22.063,16.938,-0.125,0.090,1.543,1.012,-6.016,0.652,0.328,0.132,1.000,1.286,2,NULL,NULL,,3,1,2,7,255,1180,250,0,0
stim,266148,296269,1,296269,3493594.457,-0.697,0.117,0.025,-0.707,3093,0,0,3159,947,2391,292,2275,50,1.076,1,2291,0,94.016,2.027,-91.938,-18.250,-7.313,-0.441,0.070,1.246,-0.621,-1.930,3.027,0.352,0.112,1.000,1.286,2,NULL,NULL,,3,1,2,7,255,1180,250,0,0
stim,266148,296269,1,296269,3493599.453,-0.696,0.114,0.027,-0.708,3093,11,0,3157,1095,2404,301,2313,50,1.076,1,2291,0,96.837,1.660,-76.375,-12.000,-58.313,-0.332,0.293,0.781,-0.621,1.539,3.027,0.376,0.094,1.000,1.286,2,NULL,NULL,,3,1,2,7,255,1180,250,0,0
stim,266205,296326,1,296326,3493604.457,-0.694,0.113,0.028,-0.711,3096,23,0,3159,1163,2413,300,2355,50,1.076,1,2291,0,89.543,2.336,-28.625,-12.375,-83.938,-0.016,0.273,0.934,1.758,1.539,-0.625,0.388,0.086,1.000,1.286,2,NULL,NULL,,3,1,2,7,255,1180,250,0,0
stim,266205,296326,1,296326,3493609.454,-0.692,0.111,0.029,-0.713,3093,42,0,3159,1247,2427,311,2375,50,1.076,1,2291,0,69.976,2.505,-27.938,-7.750,-63.688,0.105,0.074,1.191,1.758,-1.785,-0.625,0.396,0.080,1.000,1.286,2,NULL,NULL,,3,1,2,7,255,1180,250,0,0
stim,266205,296326,1,296326,3493614.455,-0.691,0.109,0.031,-0.714,3099,59,0,3161,1307,2443,335,2397,50,1.076,1,2291,0,75.006,2.288,-62.875,-6.125,-40.438,-0.004,0.035,1.160,-0.395,-2.254,1.316,0.406,0.074,1.000,1.286,2,NULL,NULL,,3,1,2,7,255,1180,250,0,0
stim,266205,296326,1,296326,3493619.454,-0.690,0.106,0.033,-0.715,3096,77,0,3163,1385,2453,347,2426,50,1.076,1,2291,0,84.889,2.288,-76.188,-3.750,-37.250,-0.172,0.039,0.926,-0.395,-2.254,1.316,0.416,0.068,1.000,1.286,2,NULL,NULL,,3,1,2,7,255,1180,250,0,0
stim,266205,296326,1,296326,3493624.455,-0.688,0.104,0.035,-0.717,3097,95,0,3164,1491,2462,347,2445,50,1.076,1,2291,0,82.933,0.712,-59.063,-1.938,-58.188,-0.199,-0.008,0.820,-0.680,-0.211,-0.594,0.426,0.062,1.000,1.286,2,NULL,NULL,,3,1,2,7,255,1180,250,0,0
stim,266205,296326,1,296326,3493629.453,-0.687,0.103,0.037,-0.719,3099,105,0,3170,1555,2475,356,2460,50,1.076,1,2291,0,73.572,0.712,-37.625,-4.500,-63.063,-0.059,-0.031,0.883,-0.680,-0.211,-1.246,0.436,0.052,1.000,1.286,2,NULL,NULL,,3,1,2,7,255,1180,250,0,0
stim,266205,296326,1,296326,3493634.457,-0.685,0.101,0.037,-0.720,3099,109,0,3170,1595,2487,363,2473,50,1.076,1,2291,0,56.327,1.530,-29.250,-3.625,-48.000,0.016,-0.027,1.004,-0.965,-1.188,-1.246,0.444,0.046,1.000,1.286,2,NULL,NULL,,3,1,2,7,255,1180,250,0,0
stim,266205,296326,1,296326,3493639.453,-0.685,0.100,0.038,-0.721,3100,153,2,3175,1629,2500,367,2489,50,1.076,1,2291,0,44.411,2.109,-32.125,-2.500,-30.563,-0.020,0.016,1.047,-0.965,-1.875,-0.234,0.452,0.036,1.000,1.286,2,NULL,NULL,,3,1,2,7,255,1180,250,0,0
stim,266205,296326,1,296326,3493644.458,-0.684,0.099,0.039,-0.722,3103,174,23,3176,1679,2505,367,2501,50,1.076,1,2291,0,41.696,1.952,-34.688,-0.750,-23.125,-0.074,0.047,1.020,-0.543,-1.875,0.152,0.460,0.026,1.000,1.286,2,NULL,NULL,,3,1,2,7,255,1180,250,0,0
stim,266205,296326,1,296326,3493649.454,-0.683,0.098,0.040,-0.722,3103,199,62,3178,1725,2515,367,2506,50,1.076,1,2291,0,38.072,1.317,-30.938,0.188,-22.188,-0.109,0.047,0.996,-0.180,-1.305,0.152,0.470,0.016,1.000,1.286,2,NULL,NULL,,3,1,2,7,255,1180,250,0,0
stim,266205,296326,1,296326,3493654.455,-0.683,0.097,0.041,-0.723,3099,221,66,3178,1757,2515,363,2513,50,1.076,1,2291,0,34.208,0.951,-25.000,1.313,-23.313,-0.109,0.020,1.000,-0.180,-0.934,-0.004,0.480,0.008,1.000,1.286,2,NULL,NULL,,3,1,2,7,255,1180,250,0,0
stim,266205,296326,1,296326,3493659.454,-0.682,0.096,0.042,-0.724,3107,234,137,3180,1783,2523,359,2511,50,1.076,1,2291,0,30.079,1.005,-21.313,2.063,-21.125,-0.094,-0.039,1.004,-0.371,-0.934,-0.008,0.488,0.000,1.000,1.286,2,NULL,NULL,,3,1,2,7,255,1180,250,0,0
stim,266231,296352,1,296352,3493664.455,-0.682,0.095,0.043,-0.724,3091,237,159,3181,1814,2525,341,2523,50,1.076,1,2291,0,22.891,1.363,-19.188,2.063,-12.313,-0.090,-0.090,0.973,-0.918,-1.008,-0.008,0.000,0.000,1.000,1.286,2,NULL,NULL,,3,1,2,7,255,1180,250,0,0
stim,266231,296352,1,296352,3493669.453,-0.682,0.095,0.043,-0.724,3103,250,215,3183,1833,2531,341,2515,50,1.076,1,2291,0,16.779,1.711,-16.375,0.500,-3.625,-0.156,-0.102,0.938,-1.383,-1.008,-0.332,0.000,0.000,1.000,1.286,2,NULL,NULL,,3,1,2,7,255,1180,250,0,0
stim,266231,296352,1,296352,3493674.457,-0.682,0.094,0.044,-0.724,3103,274,253,3183,1861,2533,347,2520,50,1.063,1,2291,1,10.803,1.417,-10.000,-0.438,-4.063,-0.207,-0.078,0.938,-1.383,-0.309,-0.453,0.000,0.000,0.950,1.292,2,NULL,NULL,,3,1,2,7,255,1180,250,0,0
stim,266231,296352,1,296352,3493679.454,-0.682,0.094,0.044,-0.724,3103,274,279,3183,1879,2533,341,2523,50,1.063,1,2291,1,9.433,1.176,-2.875,-1.750,-8.813,-0.188,-0.070,0.957,-1.176,-0.039,-0.453,0.008,0.004,0.950,1.292,2,NULL,NULL,,3,1,2,7,255,1180,250,0,0
stim,266231,296352,1,296352,3493684.455,-0.681,0.094,0.044,-0.725,3101,273,312,3181,1891,2543,343,2525,50,1.063,1,2291,1,9.023,1.091,0.938,-2.688,-8.563,-0.145,-0.066,0.992,-1.090,-0.039,-0.266,0.014,0.010,0.950,1.292,2,NULL,NULL,,3,1,2,7,255,1180,250,0,0
stim,266231,296352,1,296352,3493689.454,-0.681,0.094,0.044,-0.725,3099,270,345,3179,1903,2537,349,2531,50,1.063,1,2291,1,4.092,1.200,0.563,-3.625,-1.813,-0.148,-0.047,1.012,-1.082,-0.520,-0.020,0.020,0.014,0.950,1.292,2,NULL,NULL,,3,1,2,7,255,1180,250,0,0
stim,266261,296382,1,296382,3493694.456,-0.681,0.093,0.044,-0.725,3096,267,365,3175,1927,2536,357,2535,50,1.063,1,2291,1,4.601,1.055,-0.875,-4.375,1.125,-0.203,-0.016,1.000,-0.918,-0.520,0.156,0.026,0.016,0.950,1.292,2,NULL,NULL,,3,1,2,7,255,1180,250,0,0
stim,266261,296382,1,296382,3493699.454,-0.681,0.093,0.044,-0.725,3093,265,423,3171,1949,2537,363,2539,50,1.063,1,2291,1,6.539,0.578,0.500,-5.688,-3.188,-0.234,0.000,0.980,-0.578,0.000,0.156,0.030,0.018,0.950,1.292,2,NULL,NULL,,3,1,2,7,255,1180,250,0,0
stim,266261,296382,1,296382,3493704.457,-0.681,0.093,0.043,-0.725,3089,267,465,3163,1977,2537,365,2543,50,1.063,1,2291,1,11.881,0.403,3.625,-6.938,-8.938,-0.211,0.012,0.980,-0.391,0.098,0.039,0.032,0.020,0.950,1.292,2,NULL,NULL,,3,1,2,7,255,1180,250,0,0
stim,266261,296382,1,296382,3493709.454,-0.681,0.093,0.043,-0.725,3076,264,490,3159,1999,2537,370,2551,50,1.063,1,2291,1,12.705,0.376,3.563,-7.875,-9.313,-0.176,0.008,1.000,-0.363,0.098,0.039,0.038,0.022,0.950,1.292,2,NULL,NULL,,3,1,2,7,255,1180,250,0,0
stim,266306,296427,1,296427,3493714.457,-0.680,0.093,0.043,-0.726,3067,267,539,3145,2019,2537,396,2557,50,1.063,1,2291,1,11.355,0.381,0.875,-9.313,-6.438,-0.191,0.000,1.000,-0.363,-0.113,0.137,0.042,0.024,0.950,1.292,2,NULL,NULL,,3,1,2,7,255,1180,250,0,0
stim,266306,296427,1,296427,3493719.453,-0.680,0.092,0.043,-0.726,3059,264,621,3135,2039,2537,400,2571,50,1.063,1,2291,1,13.148,0.381,0.875,-10.250,-8.188,-0.215,0.027,0.988,-0.363,-0.113,0.137,0.044,0.026,0.950,1.292,2,NULL,NULL,,3,1,2,7,255,1180,250,0,0
stim,266306,296427,1,296427,3493724.457,-0.680,0.092,0.042,-0.726,3047,265,655,3126,2059,2537,409,2581,50,1.063,1,2291,1,17.259,0.199,3.063,-11.500,-12.500,-0.219,0.059,0.992,-0.141,0.141,0.156,0.048,0.026,0.950,1.292,2,NULL,NULL,,3,1,2,7,255,1180,250,0,0
stim,266306,296427,1,296427,3493729.454,-0.679,0.092,0.042,-0.727,3035,263,679,3111,2083,2537,451,2591,50,1.063,1,2291,1,20.143,0.213,3.875,-12.188,-15.563,-0.199,0.066,1.016,0.160,0.141,0.156,0.050,0.026,0.950,1.292,2,NULL,NULL,,3,1,2,7,255,1180,250,0,0
stim,266306,296427,1,296427,3493734.457,-0.679,0.091,0.041,-0.727,3021,260,722,3099,2107,2537,471,2603,50,1.063,1,2291,1,21.240,0.225,1.875,-12.250,-17.250,-0.172,0.074,1.023,0.219,-0.051,0.340,0.052,0.026,0.950,1.292,2,NULL,NULL,,3,1,2,7,255,1180,250,0,0
stim,266306,296427,1,296427,3493739.453,-0.678,0.091,0.041,-0.728,3003,261,778,3087,2140,2537,475,2613,50,1.063,1,2291,1,22.102,0.427,-0.125,-12.188,-18.438,-0.148,0.086,1.016,0.277,-0.324,0.340,0.054,0.026,0.950,1.292,2,NULL,NULL,,3,1,2,7,255,1180,250,0,0
stim,266306,296427,1,296427,3493744.457,-0.678,0.090,0.040,-0.729,2991,261,809,3067,2173,2535,487,2621,50,1.063,1,2291,1,22.466,0.659,-0.875,-12.250,-18.813,-0.121,0.086,1.012,0.355,-0.555,0.238,0.056,0.026,0.950,1.292,2,NULL,NULL,,3,1,2,7,255,1180,250,0,0
stim,266306,296427,1,296427,3493749.453,-0.677,0.090,0.040,-0.729,2975,261,861,3051,2207,2536,541,2633,50,1.063,1,2291,1,21.493,0.874,-0.750,-12.188,-17.688,-0.109,0.094,1.020,0.383,-0.785,0.230,0.058,0.026,0.950,1.292,2,NULL,NULL,,3,1,2,7,255,1180,250,0,0
stim,266306,296427,1,296427,3493754.457,-0.677,0.089,0.040,-0.730,2962,261,917,3038,2233,2535,620,2644,50,1.063,1,2291,1,19.228,0.897,-0.500,-12.250,-14.813,-0.125,0.121,1.027,0.426,-0.789,0.230,0.060,0.024,0.950,1.292,2,NULL,NULL,,3,1,2,7,255,1180,250,0,0
stim,266306,296427,1,296427,3493759.454,-0.676,0.089,0.039,-0.730,2941,259,987,3021,2265,2535,666,2650,50,1.063,1,2291,1,18.565,1.052,-2.313,-12.188,-13.813,-0.145,0.148,1.035,0.695,-0.789,0.352,0.060,0.024,0.950,1.292,2,NULL,NULL,,3,1,2,7,255,1180,250,0,0
stim,266329,296450,1,296450,3493764.455,-0.676,0.089,0.039,-0.731,2922,263,1065,3005,2293,2535,722,2663,50,1.063,1,2291,1,20.078,1.149,-5.438,-11.875,-15.250,-0.156,0.168,1.035,0.977,-0.605,0.461,0.062,0.022,0.950,1.292,2,NULL,NULL,,3,1,2,7,255,1180,250,0,0
stim,266329,296450,0,296450,3493769.454,-0.675,0.088,0.039,-0.731,2903,262,1147,2990,2323,2531,805,2669,50,1.063,1,2291,1,22.166,1.289,-7.063,-11.438,-17.625,-0.156,0.168,1.039,1.180,-0.520,0.492,0.062,0.020,0.950,1.292,2,NULL,NULL,,3,0,2,7,255,1174,250,0,0
stim,266329,296450,0,296450,3493774.455,-0.675,0.087,0.039,-0.732,2877,265,1245,2973,2356,2533,892,2679,50,1.063,1,2291,1,23.769,1.289,-7.438,-11.375,-19.500,-0.152,0.160,1.035,1.180,-0.520,0.492,0.062,0.018,0.950,1.292,2,NULL,NULL,,3,0,2,7,255,1174,250,0,0
stim,266329,296450,0,296450,3493779.453,-0.674,0.087,0.038,-0.732,2853,263,1307,2958,2392,2532,951,2685,50,1.063,1,2291,1,24.907,1.257,-8.125,-11.125,-20.750,-0.164,0.145,1.031,1.145,-0.520,0.473,0.062,0.016,0.950,1.292,2,NULL,NULL,,3,0,2,7,255,1174,250,0,0
stim,266362,296483,0,296483,3493784.457,-0.674,0.086,0.038,-0.733,2816,278,1421,2939,2420,2526,1047,2698,50,1.063,1,2291,1,27.710,1.080,-9.875,-11.000,-23.438,-0.168,0.121,1.020,1.004,-0.398,0.441,0.062,0.012,0.950,1.292,2,NULL,NULL,,3,0,2,7,255,1174,250,0,0
stim,266362,296483,0,296483,3493789.453,-0.673,0.085,0.039,-0.734,2794,281,1520,2921,2452,2529,1119,2705,50,1.063,1,2291,1,32.903,0.860,-12.563,-10.938,-28.375,-0.160,0.094,1.004,0.801,-0.313,0.355,0.062,0.008,0.950,1.292,2,NULL,NULL,,3,0,2,7,255,1174,250,0,0
stim,266362,296483,0,296483,3493794.455,-0.672,0.085,0.039,-0.735,2765,300,1610,2905,2479,2529,1211,2713,50,1.063,1,2291,1,37.552,0.626,-14.188,-10.563,-33.125,-0.152,0.063,0.988,0.543,-0.313,0.180,0.062,0.006,0.950,1.292,2,NULL,NULL,,3,0,2,7,255,1174,250,0,0
stim,266362,296483,0,296483,3493799.454,-0.671,0.084,0.039,-0.736,2728,325,1727,2886,2504,2527,1277,2719,50,1.063,1,2291,1,40.754,0.384,-15.063,-10.313,-36.438,-0.152,0.020,0.984,0.223,-0.313,0.012,0.064,0.006,0.950,1.292,2,NULL,NULL,,3,0,2,7,255,1174,250,0,0
stim,266362,296483,0,296483,3493804.455,-0.670,0.083,0.039,-0.737,2695,335,1824,2863,2532,2526,1399,2728,50,1.063,1,2291,1,43.090,0.318,-16.938,-10.563,-38.188,-0.160,-0.031,0.980,-0.168,-0.270,-0.063,0.064,0.008,0.950,1.292,2,NULL,NULL,,3,0,2,7,255,1174,250,0,0
stim,266362,296483,0,296483,3493809.454,-0.668,0.082,0.040,-0.738,2659,343,1891,2847,2557,2527,1464,2739,50,1.063,1,2291,1,46.117,0.625,-20.313,-10.688,-40.000,-0.164,-0.070,0.973,-0.609,-0.141,-0.098,0.066,0.010,0.950,1.292,2,NULL,NULL,,3,0,2,7,255,1174,250,0,0
stim,266396,296517,0,296517,3493814.455,-0.667,0.080,0.040,-0.739,2620,367,1964,2826,2585,2553,1547,2743,50,1.063,1,2291,1,48.105,0.965,-20.688,-10.813,-42.063,-0.152,-0.102,0.953,-0.961,-0.090,-0.160,0.068,0.012,0.950,1.292,2,NULL,NULL,,3,0,2,7,255,1174,250,0,0
stim,266396,296517,0,296517,3493819.453,-0.666,0.079,0.041,-0.741,2572,393,2073,2807,2612,2525,1629,2751,50,1.063,1,2291,1,47.470,1.214,-19.563,-11.063,-41.813,-0.129,-0.098,0.941,-1.211,-0.090,-0.379,0.072,0.016,0.950,1.292,2,NULL,NULL,,3,0,2,7,255,1174,250,0,0
stim,266396,296518,0,296518,3493824.455,-0.665,0.078,0.041,-0.742,2521,424,2153,2791,2629,2524,1694,2763,50,1.063,1,2291,1,45.151,1.247,-17.250,-11.875,-40.000,-0.125,-0.066,0.961,-1.211,-0.297,-0.379,0.074,0.016,0.950,1.292,2,NULL,NULL,,3,0,2,7,255,1174,250,0,0
stim,266396,296518,0,296518,3493829.453,-0.664,0.077,0.042,-0.743,2475,429,2223,2769,2648,2524,1755,2773,50,1.063,1,2291,1,44.187,0.978,-18.375,-12.125,-38.313,-0.129,-0.055,0.992,-0.895,-0.395,-0.348,0.076,0.018,0.950,1.292,2,NULL,NULL,,3,0,2,7,255,1174,250,0,0
stim,266396,296518,0,296518,3493834.456,-0.663,0.076,0.042,-0.744,2441,435,2291,2739,2675,2525,1831,2783,50,1.063,1,2291,1,45.414,0.868,-24.375,-13.125,-36.000,-0.148,-0.043,1.023,-0.773,-0.395,-0.012,0.078,0.018,0.950,1.292,2,NULL,NULL,,3,0,2,7,255,1174,250,0,0
stim,266396,296518,0,296518,3493839.454,-0.661,0.074,0.043,-0.745,2396,459,2351,2713,2699,2523,1911,2793,50,1.063,1,2291,1,52.689,0.647,-32.250,-13.625,-39.375,-0.160,-0.020,1.027,-0.594,-0.258,0.328,0.080,0.018,0.950,1.292,2,NULL,NULL,,3,0,2,7,255,1174,250,0,0
stim,266422,296543,0,296543,3493844.457,-0.660,0.073,0.044,-0.746,2341,469,2408,2684,2713,2523,1978,2800,50,1.063,1,2291,1,56.476,0.408,-34.813,-14.250,-42.125,-0.129,0.008,0.977,-0.316,-0.258,0.328,0.080,0.018,0.950,1.292,2,NULL,NULL,,3,0,2,7,255,1174,250,0,0
stim,266422,296543,0,296543,3493849.453,-0.659,0.071,0.044,-0.747,2265,479,2469,2651,2733,2525,2035,2808,50,1.063,1,2291,1,51.849,0.434,-29.813,-14.125,-40.000,-0.086,0.008,0.938,-0.086,-0.426,-0.176,0.080,0.016,0.950,1.292,2,NULL,NULL,,3,0,2,7,255,1174,250,0,0
stim,266422,296543,0,296543,3493854.456,-0.658,0.070,0.045,-0.748,2202,496,2519,2617,2748,2523,2101,2821,50,1.063,1,2291,1,44.066,0.631,-22.875,-14.375,-34.813,-0.098,-0.035,0.969,-0.086,-0.625,-0.305,0.082,0.016,0.950,1.292,2,NULL,NULL,,3,0,2,7,255,1174,250,0,0
stim,266422,296543,0,296543,3493859.454,-0.657,0.068,0.045,-0.749,2147,501,2565,2585,2764,2524,2150,2826,50,1.063,1,2291,1,41.943,0.684,-21.500,-15.250,-32.625,-0.125,-0.023,1.016,-0.277,-0.625,-0.305,0.084,0.016,0.950,1.292,2,NULL,NULL,,3,0,2,7,255,1174,250,0,0
stim,266422,296543,0,296543,3493864.455,-0.656,0.067,0.045,-0.750,2075,509,2591,2541,2780,2523,2199,2839,50,1.063,1,2291,1,44.266,0.521,-24.500,-16.438,-33.000,-0.133,0.008,1.020,-0.277,-0.441,0.191,0.086,0.014,0.950,1.292,2,NULL,NULL,,3,0,2,7,255,1174,250,0,0
stim,266422,296543,0,296543,3493869.454,-0.655,0.066,0.046,-0.751,1992,525,2628,2501,2795,2524,2244,2846,50,1.063,1,2291,1,45.673,0.396,-25.875,-15.875,-34.125,-0.145,0.016,1.000,0.063,-0.391,0.191,0.086,0.014,0.950,1.292,2,NULL,NULL,,3,0,2,7,255,1174,250,0,0
stim,266441,296562,0,296562,3493874.457,-0.654,0.064,0.046,-0.752,1905,525,2659,2467,2811,2523,2295,2905,50,1.063,1,2291,1,48.107,0.280,-25.438,-15.563,-37.750,-0.145,-0.039,1.012,0.063,-0.273,0.188,0.088,0.012,0.950,1.292,2,NULL,NULL,,3,0,2,7,255,1174,250,0,0
stim,266441,296562,0,296562,3493879.454,-0.653,0.063,0.047,-0.753,1823,525,2692,2411,2829,2523,2339,2867,50,1.063,1,2291,1,48.835,0.436,-28.750,-18.375,-34.938,-0.102,-0.066,1.031,-0.340,-0.273,0.188,0.092,0.010,0.950,1.292,2,NULL,NULL,,3,0,2,7,255,1174,250,0,0
stim,266441,296562,0,296562,3493884.455,-0.652,0.061,0.047,-0.754,1735,511,2719,2343,2844,2521,2375,2873,50,1.063,1,2291,1,47.377,0.693,-32.875,-18.750,-28.500,-0.113,-0.063,1.008,-0.547,-0.426,0.188,0.094,0.008,0.950,1.292,2,NULL,NULL,,3,0,2,7,255,1174,250,0,0
stim,266441,296562,0,296562,3493889.453,-0.651,0.059,0.048,-0.755,1619,504,2748,2283,2856,2519,2411,2885,50,1.063,1,2291,1,47.557,0.693,-31.375,-17.000,-31.438,-0.141,-0.070,0.973,-0.547,-0.426,0.121,0.096,0.006,0.950,1.292,2,NULL,NULL,,3,0,2,7,255,1174,250,0,0
stim,266441,296562,0,296562,3493894.456,-0.651,0.058,0.048,-0.756,1469,499,2775,2221,2869,2517,2451,2889,50,1.063,1,2291,1,45.649,0.687,-27.125,-20.063,-30.750,-0.094,-0.047,0.973,-0.539,-0.426,-0.176,0.100,0.004,0.950,1.292,2,NULL,NULL,,3,0,2,7,255,1174,250,0,0
stim,266441,296562,0,296562,3493899.454,-0.650,0.056,0.048,-0.756,1331,475,2807,2151,2891,2515,2476,2907,50,1.063,1,2291,1,38.253,0.621,-21.563,-19.875,-24.563,-0.098,-0.047,0.957,-0.363,-0.504,-0.254,0.102,0.004,0.950,1.292,2,NULL,NULL,,3,0,2,7,255,1174,250,0,0
stim,266472,296593,0,296593,3493904.456,-0.649,0.055,0.049,-0.757,1215,432,2823,2037,2889,2509,2515,2903,50,1.063,1,2291,1,35.826,0.621,-18.563,-19.813,-23.375,-0.105,-0.066,1.004,-0.363,-0.504,-0.254,0.104,0.004,0.950,1.292,2,NULL,NULL,,3,0,2,7,255,1174,250,0,0
stim,266472,296593,0,296593,3493909.454,-0.649,0.054,0.049,-0.758,1095,393,2843,1915,2903,2507,2543,2907,50,1.063,1,2291,1,33.393,0.585,-18.188,-22.063,-17.250,-0.141,-0.066,1.020,-0.379,-0.445,0.090,0.106,0.004,0.950,1.292,2,NULL,NULL,,3,0,2,7,255,1174,250,0,0
stim,266507,296628,0,296628,3493914.457,-0.648,0.052,0.049,-0.758,965,365,2859,1775,2911,2505,2579,2915,50,1.063,1,2291,1,38.335,0.392,-19.938,-22.000,-24.250,-0.148,-0.059,1.012,-0.379,-0.102,0.211,0.108,0.004,0.950,1.292,2,NULL,NULL,,3,0,2,7,255,1174,250,0,0
stim,266507,296628,0,296628,3493919.453,-0.647,0.051,0.049,-0.759,789,334,2871,1628,2923,2500,2603,2921,50,1.063,1,2291,1,36.521,0.288,-18.500,-24.625,-19.625,-0.102,-0.043,0.992,-0.270,-0.102,0.211,0.112,0.004,0.950,1.292,2,NULL,NULL,,3,0,2,7,255,1174,250,0,0
stim,266507,296628,0,296628,3493924.455,-0.647,0.050,0.048,-0.759,633,299,2889,1464,2941,2493,2635,2927,50,1.063,1,2291,1,33.451,0.262,-11.063,-24.875,-19.438,-0.156,-0.063,1.023,-0.262,-0.008,0.211,0.114,0.004,0.950,1.292,2,NULL,NULL,,3,0,2,7,255,1174,250,0,0
stim,266507,296628,0,296628,3493929.453,-0.646,0.048,0.048,-0.760,475,263,2897,1311,2953,2477,2661,2950,50,1.063,1,2291,1,34.871,0.481,-12.625,-27.313,-17.625,-0.094,-0.008,1.027,-0.199,-0.438,0.289,0.116,0.004,0.950,1.292,2,NULL,NULL,,3,0,2,7,255,1174,250,0,0
stim,266507,296628,0,296628,3493934.456,-0.646,0.047,0.047,-0.760,350,199,2915,1125,2957,2475,2677,2937,50,1.063,1,2291,1,32.089,0.296,-7.750,-28.000,-13.625,-0.125,-0.016,1.031,0.176,-0.238,0.352,0.118,0.004,0.950,1.292,2,NULL,NULL,,3,0,2,7,255,1174,250,0,0
stim,266507,296628,0,296628,3493939.454,-0.646,0.046,0.047,-0.761,231,163,2918,913,2971,2457,2710,2951,50,1.063,1,2291,1,35.025,0.495,-9.313,-31.188,-12.938,-0.105,-0.012,1.082,0.180,-0.461,0.352,0.120,0.006,0.950,1.292,2,NULL,NULL,,3,0,2,7,255,1174,250,0,0
stim,266507,296628,0,296628,3493944.457,-0.646,0.044,0.046,-0.761,131,135,2927,726,2975,2455,2729,2959,50,1.063,1,2291,1,35.352,0.367,-12.750,-30.688,-12.063,-0.117,-0.008,1.059,0.180,-0.320,0.617,0.122,0.006,0.950,1.292,2,NULL,NULL,,3,0,2,7,255,1174,250,0,0
stim,266507,296628,0,296628,3493949.453,-0.645,0.043,0.046,-0.761,54,90,2933,574,2985,2425,2735,2981,50,1.063,1,2291,1,38.981,0.524,-9.438,-34.063,-16.438,-0.094,0.012,1.039,0.250,-0.461,0.617,0.124,0.008,0.950,1.292,2,NULL,NULL,,3,0,2,7,255,1174,250,0,0
stim,266507,296628,0,296628,3493954.455,-0.645,0.042,0.045,-0.762,20,53,2953,360,2991,2407,2761,2971,50,1.063,1,2291,1,38.926,0.658,-3.500,-35.313,-16.000,-0.082,0.078,1.051,0.398,-0.523,0.480,0.126,0.008,0.950,1.292,2,NULL,NULL,,3,0,2,7,255,1174,250,0,0
stim,266507,296628,0,296628,3493959.454,-0.644,0.041,0.043,-0.763,0,41,2958,207,3013,2377,2783,2973,50,1.063,1,2291,1,42.247,1.160,0.500,-38.188,-18.063,-0.102,0.098,1.043,1.035,-0.523,0.402,0.128,0.008,0.950,1.292,2,NULL,NULL,,3,0,2,7,255,1174,250,0,0
stim,266531,296652,0,296652,3493964.456,-0.644,0.039,0.042,-0.763,0,29,2957,167,3019,2352,2809,2971,50,1.063,1,2291,1,47.649,1.160,4.813,-41.313,-23.250,-0.137,0.059,1.059,1.035,-0.523,0.480,0.130,0.006,0.950,1.292,2,NULL,NULL,,3,0,2,7,255,1174,250,0,0
stim,266531,296652,0,296652,3493969.454,-0.643,0.039,0.040,-0.764,0,3,2966,139,3030,2326,2829,2981,50,1.063,1,2291,1,58.145,0.951,28.563,-49.438,-11.000,-0.332,-0.035,1.254,0.945,-0.102,0.594,0.132,0.006,0.950,1.292,2,NULL,NULL,,3,0,2,7,255,1174,250,0,0
stim,266531,296652,0,296652,3493974.457,-0.643,0.038,0.037,-0.764,0,0,2981,133,3037,2311,2841,2976,50,1.063,1,2291,0,76.818,1.799,48.313,-59.313,-7.000,-0.430,-0.090,1.594,0.398,1.754,2.781,0.134,0.006,0.950,1.292,3,NULL,NULL,,3,0,2,7,255,1174,250,0,0
stim,266531,296652,0,296652,3493979.454,-0.643,0.036,0.034,-0.764,0,0,2983,102,3034,2280,2859,2994,50,1.063,1,2291,0,70.161,1.799,18.813,-66.563,-11.750,-0.285,0.027,1.680,0.398,1.754,6.191,0.134,0.010,0.950,1.292,3,NULL,NULL,,3,0,2,7,255,1174,250,0,0
stim,266531,296652,0,296652,3493984.457,-0.643,0.033,0.034,-0.765,0,0,2989,86,3048,2247,2873,2987,50,1.063,1,2291,0,85.854,0.964,-55.938,-63.438,-14.750,-0.070,0.000,1.367,0.359,0.895,6.191,0.134,0.014,0.950,1.292,3,NULL,NULL,,3,0,2,7,255,1174,250,0,0
stim,266531,296652,0,296652,3493989.453,-0.643,0.029,0.034,-0.765,0,0,2991,64,3046,2205,2903,2991,50,1.063,1,2291,0,93.877,0.542,-65.938,-66.813,1.125,-0.063,-0.012,1.031,0.359,-0.406,3.602,0.134,0.018,0.950,1.292,3,NULL,NULL,,3,0,2,7,255,1174,250,0,0
stim,266561,296682,0,296682,3493994.455,-0.644,0.026,0.033,-0.764,0,0,2991,37,3053,2143,2904,3003,50,1.063,1,2291,0,83.930,0.542,-27.250,-74.375,27.750,-0.227,-0.023,0.961,0.359,-0.406,0.320,0.134,0.022,0.950,1.292,3,NULL,NULL,,3,0,2,7,255,1174,250,0,0
stim,266561,296682,0,296682,3493999.454,-0.645,0.023,0.031,-0.763,0,0,2999,0,3060,2091,2923,2988,50,1.063,1,2291,0,82.041,1.379,2.125,-80.688,14.688,-0.285,-0.012,1.063,0.371,1.328,0.320,0.134,0.026,0.950,1.292,3,NULL,NULL,,3,0,2,7,255,1174,250,0,0
stim,266561,296682,0,296682,3494004.455,-0.645,0.021,0.029,-0.764,0,0,3005,0,3068,1997,2931,2985,50,1.063,1,2291,0,83.259,1.839,0.938,-83.000,-6.500,-0.262,-0.129,1.156,0.371,1.801,0.758,0.134,0.030,0.950,1.292,3,NULL,NULL,,3,0,2,7,255,1174,250,0,0
stim,266561,296682,0,296682,3494009.454,-0.645,0.018,0.026,-0.764,0,0,2995,0,3067,1898,2937,2996,50,1.063,1,2291,0,88.080,1.871,2.063,-88.000,-3.125,-0.227,-0.219,1.230,-0.508,1.801,1.734,0.132,0.034,0.950,1.292,3,NULL,NULL,,3,0,2,7,255,1174,250,0,0
stim,266610,296731,0,296731,3494014.457,-0.645,0.014,0.024,-0.764,0,0,2999,0,3077,1812,2955,2984,50,1.063,1,2291,0,92.159,2.148,-6.375,-91.938,-0.375,-0.180,-0.230,1.199,-1.391,1.637,2.113,0.128,0.040,0.950,1.292,3,NULL,NULL,,3,0,2,7,255,1174,250,0,0
stim,266610,296731,0,296731,3494019.453,-0.645,0.011,0.022,-0.763,0,0,2989,0,3081,1687,2968,2981,50,1.063,1,2291,0,96.054,2.033,-12.375,-95.125,4.938,-0.176,-0.223,1.125,-1.465,1.410,2.113,0.124,0.044,0.950,1.292,3,NULL,NULL,,3,0,2,7,255,1174,250,0,0
stim,266610,296731,0,296731,3494024.457,-0.646,0.007,0.020,-0.763,0,0,2985,0,3093,1571,2967,2983,50,1.063,1,2291,0,99.966,1.972,-6.125,-99.563,6.563,-0.168,-0.156,1.086,-1.465,1.320,1.379,0.118,0.050,0.950,1.292,3,NULL,NULL,,3,0,2,7,255,1174,250,0,0
stim,266610,296731,0,296731,3494029.453,-0.646,0.004,0.017,-0.763,0,0,2981,0,3097,1414,2985,2975,50,1.063,1,2291,0,104.349,1.649,4.313,-103.938,8.188,-0.184,-0.160,1.078,-0.855,1.410,0.957,0.112,0.058,0.950,1.292,3,NULL,NULL,,3,0,2,7,255,1174,250,0,0
stim,266610,296731,0,296731,3494034.456,-0.647,0.001,0.014,-0.763,0,0,2979,0,3091,1229,2984,2972,50,1.063,1,2291,0,109.738,1.670,11.688,-108.625,10.313,-0.164,-0.148,1.129,-0.844,1.441,0.957,0.108,0.064,0.950,1.292,3,NULL,NULL,,3,0,2,7,255,1174,250,0,0
stim,266610,296731,0,296731,3494039.454,-0.647,-0.002,0.010,-0.762,0,0,2957,0,3094,1051,2985,2964,50,1.063,1,2291,0,112.223,1.752,6.938,-111.813,6.625,-0.172,-0.152,1.137,-0.754,1.582,1.332,0.104,0.070,0.950,1.292,3,NULL,NULL,,3,0,2,7,255,1174,250,0,0
stim,266610,296731,0,296731,3494044.456,-0.648,-0.006,0.007,-0.762,0,0,2950,0,3096,837,2995,2956,50,1.063,1,2291,0,117.684,1.813,8.625,-117.188,6.500,-0.219,-0.188,1.148,-0.754,1.648,1.395,0.098,0.076,0.950,1.292,3,NULL,NULL,,3,0,2,7,255,1174,250,0,0
stim,266610,296731,0,296731,3494049.453,-0.648,-0.010,0.003,-0.762,0,0,2918,0,3096,661,2998,2943,50,1.063,1,2291,0,124.172,2.413,16.000,-123.125,-1.688,-0.223,-0.172,1.121,-0.852,2.258,1.395,0.094,0.084,0.950,1.292,3,NULL,NULL,,3,0,2,7,255,1174,250,0,0
stim,266610,296731,0,296731,3494054.457,-0.647,-0.013,-0.001,-0.762,0,0,2903,0,3095,509,3017,2937,50,1.063,1,2291,0,129.485,2.413,18.938,-127.438,-12.938,-0.125,-0.121,1.133,-0.852,2.258,1.313,0.088,0.090,0.950,1.292,3,NULL,NULL,,3,0,2,7,255,1174,250,0,0
stim,266610,296731,0,296731,3494059.454,-0.647,-0.017,-0.005,-0.762,0,0,2875,0,3098,311,3005,2920,50,1.063,1,2291,0,135.384,1.543,22.375,-133.438,-4.750,-0.047,-0.063,1.168,-0.496,1.461,1.313,0.084,0.098,0.950,1.292,3,NULL,NULL,,3,0,2,7,255,1174,250,0,0
stim,266628,296749,0,296749,3494064.455,-0.648,-0.021,-0.010,-0.761,0,0,2845,0,3098,148,3017,2903,50,1.063,1,2291,0,141.418,1.024,24.875,-138.938,8.750,-0.078,0.074,1.277,-0.035,1.023,1.637,0.082,0.106,0.950,1.292,3,NULL,NULL,,3,0,2,7,255,1174,250,0,0
stim,266628,296749,0,296749,3494069.454,-0.648,-0.025,-0.015,-0.761,0,0,2813,0,3097,59,3016,2899,50,1.063,1,2291,0,144.846,1.692,17.125,-143.750,4.813,-0.160,0.168,1.262,1.348,1.023,2.387,0.082,0.114,0.950,1.292,3,NULL,NULL,,3,0,2,7,255,1174,250,0,0
stim,266628,296749,0,296749,3494074.455,-0.648,-0.029,-0.019,-0.761,0,0,2771,0,3097,20,3021,2865,50,1.063,1,2291,0,151.366,2.985,16.563,-150.188,-9.000,-0.148,0.195,1.262,2.375,1.809,2.387,0.080,0.124,0.950,1.292,3,NULL,NULL,,3,0,2,7,255,1174,250,0,0
stim,266628,296749,0,296749,3494079.454,-0.647,-0.033,-0.025,-0.761,0,0,2727,0,3100,0,3033,2829,50,1.063,1,2291,0,158.500,3.026,21.313,-156.625,-11.688,-0.113,0.172,1.387,2.426,1.809,2.387,0.080,0.132,0.950,1.292,3,NULL,NULL,,3,0,2,7,255,1174,250,0,0
stim,266659,296780,0,296780,3494084.458,-0.647,-0.038,-0.030,-0.761,0,0,2669,0,3091,0,3023,2794,50,1.063,1,2291,0,164.658,3.160,15.813,-163.875,-2.688,-0.059,0.199,1.543,2.621,1.766,3.570,0.080,0.142,0.950,1.292,3,NULL,NULL,,3,0,2,7,255,1174,250,0,0
stim,266659,296780,0,296780,3494089.453,-0.647,-0.043,-0.035,-0.760,0,0,2599,0,3091,0,3023,2749,50,1.063,1,2291,0,168.153,3.206,0.250,-168.125,3.063,-0.113,0.230,1.680,2.676,1.766,5.098,0.080,0.152,0.950,1.292,3,NULL,NULL,,3,0,2,7,255,1174,250,0,0
stim,266659,296780,0,296780,3494094.457,-0.648,-0.049,-0.039,-0.759,0,0,2535,0,3077,0,3025,2701,50,1.063,1,2291,0,179.522,3.957,-8.250,-178.750,14.438,-0.215,0.227,1.859,3.180,2.355,6.340,0.080,0.160,0.950,1.292,3,NULL,NULL,,3,0,2,7,255,1174,250,0,0
stim,266659,296780,0,296780,3494099.453,-0.649,-0.056,-0.044,-0.758,0,0,2459,0,3064,0,3020,2651,50,1.063,1,2291,0,196.478,5.128,-17.313,-193.313,30.563,-0.316,0.285,1.996,3.430,3.813,7.918,0.078,0.170,0.950,1.292,3,NULL,NULL,,3,0,2,7,255,1174,250,0,0
stim,266659,296780,0,296780,3494104.456,-0.649,-0.064,-0.049,-0.756,0,0,2376,0,3056,0,3017,2584,50,1.063,1,2291,0,216.970,6.716,-31.125,-211.875,34.875,-0.445,0.418,2.121,4.289,5.168,9.008,0.074,0.180,0.950,1.292,3,NULL,NULL,,3,0,2,7,255,1174,250,0,0
stim,266659,296780,0,296780,3494109.454,-0.650,-0.074,-0.053,-0.754,0,0,2277,0,3045,0,3007,2479,50,1.063,1,2291,0,242.421,8.956,-63.313,-231.375,35.000,-0.469,0.492,2.070,5.922,6.719,9.074,0.068,0.188,0.950,1.292,3,NULL,NULL,,3,0,2,7,255,1174,250,0,0
stim,266697,296818,0,296818,3494114.455,-0.651,-0.084,-0.058,-0.753,0,0,2163,0,3027,5,2991,2377,50,1.063,1,2291,0,264.210,9.863,-73.875,-251.375,34.063,-0.465,0.531,2.027,6.824,7.121,9.074,0.060,0.200,0.950,1.292,3,NULL,NULL,,3,0,2,7,255,1174,250,0,0
stim,266697,296818,0,296818,3494119.453,-0.651,-0.096,-0.062,-0.750,0,0,2063,0,3015,59,2979,2266,50,1.063,1,2291,0,286.198,10.388,-86.063,-270.625,35.563,-0.434,0.543,2.016,7.313,7.379,8.422,0.052,0.212,0.950,1.292,3,NULL,NULL,,3,0,2,7,255,1174,250,0,0
stim,266697,296818,0,296818,3494124.455,-0.651,-0.108,-0.067,-0.748,0,0,1955,0,2992,71,2959,2135,50,1.063,1,2291,0,308.030,10.590,-94.938,-290.625,37.500,-0.406,0.551,2.012,7.547,7.430,8.121,0.048,0.226,0.950,1.292,3,NULL,NULL,,3,0,2,7,255,1174,250,0,0
stim,266697,296818,0,296818,3494129.453,-0.651,-0.121,-0.073,-0.746,0,0,1843,0,2969,77,2920,2007,50,1.063,1,2291,0,326.523,10.906,-99.188,-308.938,36.563,-0.422,0.563,2.066,7.801,7.621,8.027,0.048,0.244,0.950,1.292,3,NULL,NULL,,3,0,2,7,255,1174,250,0,0
stim,266697,296818,0,296818,3494134.457,-0.651,-0.135,-0.078,-0.743,0,0,1741,0,2939,79,2886,1916,50,1.063,1,2291,0,347.137,11.695,-105.688,-328.313,39.313,-0.496,0.605,2.211,8.191,8.348,8.027,0.058,0.266,0.950,1.292,3,NULL,NULL,,3,0,2,7,255,1174,250,0,0
stim,266697,296818,0,296818,3494139.453,-0.651,-0.149,-0.084,-0.740,0,0,1652,0,2897,77,2816,1813,50,1.063,1,2291,0,363.998,13.432,-110.813,-345.000,34.500,-0.609,0.664,2.410,9.113,9.867,8.781,0.076,0.292,0.950,1.292,3,NULL,NULL,,3,0,2,7,255,1174,250,0,0
stim,266720,296841,0,296841,3494144.457,-0.650,-0.164,-0.091,-0.737,0,0,1547,0,2837,73,2746,1685,50,1.063,1,2291,0,383.229,15.811,-112.688,-365.625,22.000,-0.703,0.664,2.660,10.309,11.988,9.746,0.104,0.324,0.950,1.292,3,NULL,NULL,,3,0,2,7,255,1174,250,0,0
stim,266720,296841,0,296841,3494149.454,-0.648,-0.180,-0.097,-0.734,0,0,1461,0,2777,69,2654,1553,50,1.063,1,2291,0,408.924,17.931,-137.250,-385.000,12.500,-0.711,0.594,2.746,10.848,14.277,11.172,0.140,0.362,0.950,1.292,3,NULL,NULL,,3,0,2,7,255,1174,250,0,0
stim,266720,296841,0,296841,3494154.455,-0.645,-0.198,-0.103,-0.731,0,0,1352,0,2711,44,2533,1415,50,1.063,1,2291,0,426.520,18.861,-151.375,-398.750,1.938,-0.758,0.508,2.746,10.848,15.430,11.172,0.178,0.404,0.950,1.292,3,NULL,NULL,,3,0,2,7,255,1174,250,0,0
stim,266720,296841,0,296841,3494159.454,-0.642,-0.215,-0.109,-0.728,0,0,1173,0,2613,5,2364,1267,50,1.063,1,2291,0,441.708,19.844,-164.750,-409.625,-13.063,-0.793,0.613,2.746,10.848,16.617,10.547,0.222,0.448,0.950,1.292,3,NULL,NULL,,3,0,2,7,255,1174,250,0,0
stim,266720,296841,0,296841,3494164.455,-0.638,-0.233,-0.116,-0.725,0,0,1000,0,2483,0,2139,1101,50,1.063,1,2291,0,457.051,20.653,-176.563,-420.438,-30.875,-0.730,0.496,2.727,11.098,17.418,9.477,0.270,0.498,0.950,1.292,3,NULL,NULL,,3,0,2,7,255,1174,250,0,0
stim,266720,296841,0,296841,3494169.453,-0.633,-0.252,-0.122,-0.722,0,0,759,0,2301,0,1850,975,50,1.063,1,2291,0,476.319,20.653,-193.938,-434.188,-27.375,-0.566,0.137,2.582,11.098,17.418,8.941,0.324,0.556,0.950,1.292,3,NULL,NULL,,3,0,2,7,255,1174,250,0,0
stim,266741,296862,0,296862,3494174.457,-0.628,-0.272,-0.128,-0.717,0,0,541,0,2087,0,1485,836,50,1.063,1,2291,0,499.049,18.476,-208.313,-453.438,-7.063,-0.418,-0.320,2.141,7.680,16.805,8.320,0.388,0.622,0.950,1.292,3,NULL,NULL,,3,0,2,7,255,1174,250,0,0
stim,266741,296862,0,296862,3494179.454,-0.624,-0.292,-0.134,-0.712,0,0,349,0,1829,0,1001,711,50,1.063,1,2291,0,504.664,15.092,-197.750,-464.125,13.000,-0.188,-0.480,1.527,2.617,14.863,5.594,0.460,0.696,0.950,1.292,3,NULL,NULL,,3,0,2,7,255,1174,250,0,0
stim,266741,296862,0,296862,3494184.456,-0.620,-0.311,-0.142,-0.706,0,0,247,0,1511,0,483,549,50,1.063,1,2291,0,488.013,10.607,-136.438,-468.500,7.000,0.051,-0.383,1.086,-0.344,10.602,1.859,0.534,0.772,0.950,1.292,3,NULL,NULL,,3,0,2,7,255,1174,250,0,0
stim,266741,296862,0,296862,3494189.454,-0.618,-0.326,-0.154,-0.699,0,0,167,0,1181,0,168,443,50,1.063,1,2291,0,477.437,7.629,-27.438,-476.188,20.938,0.074,-0.207,1.301,-0.344,7.621,0.449,0.614,0.854,0.950,1.292,3,NULL,NULL,,3,0,2,7,255,1174,250,0,0
stim,266741,296862,0,296862,3494194.455,-0.618,-0.340,-0.166,-0.689,0,0,115,0,791,0,0,363,50,1.063,1,2291,0,490.632,7.813,37.813,-483.563,73.875,-0.246,0.063,2.031,1.723,7.621,0.449,0.696,0.938,0.950,1.292,3,NULL,NULL,,3,0,2,7,255,1174,250,0,0
stim,266741,296862,0,296862,3494199.453,-0.619,-0.356,-0.177,-0.678,0,0,95,0,346,0,0,334,50,1.063,1,2291,0,511.415,15.757,-2.625,-493.063,135.750,-0.645,0.230,2.375,6.348,14.422,1.027,0.782,1.026,0.950,1.292,3,NULL,NULL,,3,0,2,7,255,1174,250,0,0
stim,266775,296896,0,296896,3494204.457,-0.619,-0.375,-0.185,-0.665,0,0,91,0,10,0,0,211,50,1.063,1,2291,0,533.715,21.578,-90.688,-496.688,173.000,-0.938,0.484,2.098,8.797,19.703,1.027,0.866,1.112,0.950,1.292,3,NULL,NULL,,3,0,2,7,255,1174,250,0,0
stim,266775,296896,0,296896,3494209.454,-0.617,-0.394,-0.190,-0.654,0,0,73,0,0,0,0,149,50,1.063,1,2291,0,531.548,22.170,-175.875,-476.938,155.375,-0.898,1.063,1.441,10.164,19.703,-4.363,0.944,1.192,0.950,1.292,3,NULL,NULL,,3,0,2,7,255,1174,250,0,0
stim,266809,296930,0,296930,3494214.455,-0.613,-0.413,-0.194,-0.645,0,0,45,0,0,0,0,99,50,1.063,1,2291,0,501.180,19.504,-199.563,-446.688,108.750,-0.602,1.508,0.930,13.539,14.039,-10.473,1.014,1.266,0.950,1.292,4,NULL,NULL,,3,0,2,7,255,1174,250,0,0
stim,266809,296930,0,296930,3494219.454,-0.609,-0.431,-0.197,-0.636,0,0,45,0,0,0,0,53,50,1.063,1,2291,0,464.421,16.823,-185.688,-414.500,96.938,-0.563,1.391,0.898,15.008,7.602,-13.172,1.076,1.330,0.950,1.292,0,NULL,NULL,,3,0,2,7,255,1174,250,0,0
stim,266809,296930,0,296930,3494224.457,-0.606,-0.448,-0.198,-0.627,0,0,62,0,0,0,0,101,50,1.063,1,2291,0,457.257,16.823,-238.688,-364.500,138.750,-0.645,0.961,0.906,15.008,7.602,-13.289,1.130,1.386,0.950,1.292,0,NULL,NULL,,3,0,2,7,255,1174,250,0,0
stim,266809,296930,0,296930,3494229.453,-0.600,-0.465,-0.195,-0.621,0,0,57,0,0,0,0,149,50,1.063,1,2291,0,435.241,13.118,-300.000,-300.063,96.938,-0.391,0.609,0.594,10.922,7.266,-13.289,1.180,1.440,0.950,1.292,0,NULL,NULL,,3,0,2,7,255,1174,250,0,0
stim,266809,296930,0,296930,3494234.457,-0.594,-0.477,-0.193,-0.618,0,0,50,0,0,0,0,187,50,1.063,1,2291,0,313.036,8.793,-233.500,-207.063,24.375,-0.176,-0.113,0.262,6.977,5.352,-12.105,1.244,1.506,0.950,1.292,0,NULL,NULL,,3,0,2,7,255,1174,250,0,0
stim,266809,296930,0,296930,3494239.453,-0.592,-0.484,-0.193,-0.615,0,0,45,0,0,0,0,203,50,1.063,1,2291,0,186.919,5.364,-116.438,-143.125,29.938,-0.277,-0.555,0.648,-0.371,5.352,-9.664,1.316,1.582,0.950,1.292,0,NULL,NULL,,3,0,2,7,255,1174,250,0,0
stim,266809,296930,0,296930,3494244.455,-0.590,-0.489,-0.191,-0.613,0,0,54,0,0,0,0,213,50,1.063,1,2291,0,138.337,7.876,-111.438,-72.063,39.063,-0.527,-0.383,1.086,-0.371,7.867,-8.082,1.396,1.664,0.950,1.292,0,NULL,NULL,,3,0,2,7,255,1174,250,0,0
stim,266809,296930,0,296930,3494249.454,-0.586,-0.494,-0.185,-0.615,0,0,53,0,0,0,0,185,50,1.063,1,2291,0,190.220,8.215,-188.688,10.500,21.688,-0.613,-0.008,0.641,-0.078,8.215,-8.082,1.480,1.750,0.950,1.292,0,NULL,NULL,,3,0,2,7,255,1174,250,0,0
stim,266809,296930,0,296930,3494254.455,-0.583,-0.497,-0.178,-0.618,0,0,53,0,0,0,0,119,50,1.063,1,2291,0,220.056,8.338,-202.313,85.250,15.063,-0.523,0.566,-0.285,1.430,8.215,-12.027,1.562,1.834,0.950,1.292,0,NULL,NULL,,3,0,2,7,255,1174,250,0,0
stim,266809,296930,0,296930,3494259.454,-0.582,-0.496,-0.171,-0.621,0,0,53,0,0,0,0,115,50,1.063,1,2291,0,175.872,2.895,-104.875,140.375,15.063,-0.496,0.816,-0.668,2.699,-1.047,-17.316,1.636,1.912,0.950,1.292,0,NULL,NULL,,3,0,2,7,255,1174,250,0,0
stim,266832,296953,0,296953,3494264.455,-0.584,-0.491,-0.167,-0.625,0,0,47,0,0,0,0,109,50,1.063,1,2291,0,175.908,3.030,10.750,174.938,15.000,-0.574,0.543,-0.188,2.844,-1.047,-17.316,1.706,1.982,0.950,1.292,0,NULL,NULL,,3,0,2,7,255,1174,250,0,0
stim,266832,296953,0,296953,3494269.453,-0.586,-0.485,-0.162,-0.629,0,0,45,0,0,0,0,103,50,1.063,1,2291,0,202.996,2.850,33.813,199.938,9.438,-0.609,0.160,0.426,2.844,0.195,-17.211,1.768,2.046,0.950,1.292,0,NULL,NULL,,3,0,2,7,255,1174,250,0,0
stim,266832,296953,0,296953,3494274.455,-0.588,-0.479,-0.156,-0.633,0,0,39,0,0,0,0,102,50,1.063,1,2291,0,216.667,6.536,-6.188,216.063,14.938,-0.535,-0.004,0.496,2.238,6.141,-13.230,1.822,2.104,0.950,1.292,0,NULL,NULL,,3,0,2,7,255,1174,250,0,0
stim,266832,296953,0,296953,3494279.453,-0.589,-0.474,-0.149,-0.637,0,0,29,0,0,0,0,93,50,1.063,1,2291,0,227.906,6.274,-32.188,223.250,32.625,-0.492,0.102,0.168,1.285,6.141,-13.160,1.872,2.154,0.950,1.292,0,NULL,NULL,,3,0,2,7,255,1174,250,0,0
stim,266832,296953,0,296953,3494284.455,-0.592,-0.468,-0.142,-0.641,0,0,21,0,0,0,0,89,50,1.063,1,2291,0,230.222,3.923,-12.375,225.688,43.750,-0.500,0.266,-0.156,0.859,3.828,-13.160,1.922,2.208,0.950,1.292,0,NULL,NULL,,3,0,2,7,255,1174,250,0,0
stim,266832,296953,0,296953,3494289.454,-0.595,-0.461,-0.137,-0.645,0,0,11,0,0,0,0,85,50,1.063,1,2291,0,231.940,1.466,30.625,225.438,45.125,-0.523,0.344,-0.195,0.859,1.188,-15.371,1.966,2.254,0.950,1.292,0,NULL,NULL,,3,0,2,7,255,1174,250,0,0
stim,266861,296982,0,296982,3494294.455,-0.598,-0.453,-0.132,-0.648,0,0,17,0,0,0,0,76,50,1.063,1,2291,0,237.859,1.787,60.500,226.250,41.563,-0.504,0.328,-0.039,1.336,1.188,-15.371,2.000,2.290,0.950,1.292,0,NULL,NULL,,3,0,2,7,255,1174,250,0,0
stim,266861,296982,0,296982,3494299.453,-0.602,-0.445,-0.127,-0.651,0,0,13,0,0,0,0,73,50,1.063,1,2291,0,241.917,2.832,68.875,227.813,43.375,-0.441,0.285,0.086,1.969,2.035,-14.938,2.022,2.314,0.950,1.292,0,NULL,NULL,,3,0,2,7,255,1174,250,0,0
stim,266861,296982,0,296982,3494304.457,-0.606,-0.437,-0.122,-0.654,0,0,25,0,0,0,0,77,50,1.063,1,2291,0,245.130,3.516,72.500,228.500,51.188,-0.434,0.250,0.145,2.238,2.711,-13.594,2.038,2.332,0.950,1.292,0,NULL,NULL,,3,0,2,7,255,1174,250,0,0
stim,266861,296982,0,296982,3494309.454,-0.610,-0.428,-0.117,-0.657,0,0,13,0,0,0,0,73,50,1.063,1,2291,0,247.543,3.881,80.375,227.625,54.813,-0.469,0.227,0.207,2.242,3.168,-13.000,2.054,2.350,0.950,1.292,0,NULL,NULL,,3,0,2,7,255,1174,250,0,0
stim,266906,297027,0,297027,3494314.455,-0.614,-0.420,-0.113,-0.659,0,0,9,0,0,0,0,70,50,1.063,1,2291,0,247.975,4.559,88.188,226.125,50.813,-0.496,0.191,0.313,2.277,3.949,-12.711,2.072,2.372,0.950,1.292,0,NULL,NULL,,3,0,2,7,255,1174,250,0,0
stim,266906,297027,0,297027,3494319.454,-0.618,-0.411,-0.109,-0.662,0,0,7,0,0,0,0,70,50,1.063,1,2291,0,246.296,5.528,90.188,225.000,43.625,-0.484,0.168,0.434,2.414,4.973,-12.023,2.090,2.392,0.950,1.292,0,NULL,NULL,,3,0,2,7,255,1174,250,0,0
stim,266906,297027,0,297027,3494324.457,-0.621,-0.402,-0.105,-0.665,0,0,0,0,0,0,0,61,50,1.063,1,2291,0,244.360,6.365,86.750,225.375,37.313,-0.449,0.164,0.527,2.746,5.742,-10.996,2.106,2.410,0.950,1.292,0,NULL,NULL,,3,0,2,7,255,1174,250,0,0
stim,266906,297027,0,297027,3494329.454,-0.624,-0.393,-0.100,-0.668,0,0,0,0,0,0,0,59,50,1.063,1,2291,0,244.047,6.896,81.188,227.938,31.813,-0.430,0.164,0.594,3.168,6.125,-10.016,2.120,2.428,0.950,1.292,0,NULL,NULL,,3,0,2,7,255,1174,250,0,0
stim,266906,297027,0,297027,3494334.455,-0.627,-0.385,-0.096,-0.671,0,0,0,0,0,0,0,61,50,1.063,1,2291,0,245.941,7.251,75.063,232.875,24.938,-0.426,0.160,0.656,3.477,6.363,-9.320,2.132,2.442,0.950,1.292,0,NULL,NULL,,3,0,2,7,255,1174,250,0,0
stim,266906,297027,0,297027,3494339.453,-0.629,-0.376,-0.091,-0.674,0,0,0,0,0,0,0,58,50,1.063,1,2291,0,250.598,7.642,67.813,240.750,15.500,-0.430,0.145,0.699,3.719,6.676,-8.711,2.146,2.458,0.950,1.292,0,NULL,NULL,,3,0,2,7,255,1174,250,0,0
stim,266906,297027,0,297027,3494344.455,-0.631,-0.367,-0.086,-0.678,0,0,3,0,0,0,0,62,50,1.063,1,2291,0,257.369,7.895,60.375,250.125,5.563,-0.434,0.121,0.723,3.719,6.965,-8.230,2.160,2.474,0.950,1.292,0,NULL,NULL,,3,0,2,7,255,1174,250,0,0
stim,266906,297027,0,297027,3494349.453,-0.633,-0.357,-0.081,-0.682,0,0,2,0,0,0,0,63,50,1.063,1,2291,0,266.475,8.021,54.750,260.750,-4.563,-0.438,0.098,0.730,3.660,7.137,-7.844,2.178,2.494,0.950,1.292,0,NULL,NULL,,3,0,2,7,255,1174,250,0,0
stim,266906,297027,0,297027,3494354.456,-0.634,-0.348,-0.075,-0.687,0,0,3,0,0,0,0,71,50,1.063,1,2291,0,277.633,7.944,51.750,272.313,-15.750,-0.434,0.082,0.734,3.488,7.137,-7.531,2.198,2.516,0.950,1.292,0,NULL,NULL,,3,0,2,7,255,1174,250,0,0
stim,266906,297027,0,297027,3494359.454,-0.634,-0.338,-0.069,-0.692,0,0,0,0,0,0,0,74,50,1.063,1,2291,0,290.261,7.897,50.750,284.500,-27.125,-0.406,0.070,0.719,3.430,7.113,-7.238,2.222,2.542,0.950,1.292,0,NULL,NULL,,3,0,2,7,255,1174,250,0,0
stim,266928,297049,0,297049,3494364.455,-0.634,-0.327,-0.064,-0.698,0,0,5,0,0,0,0,73,50,1.063,1,2291,0,303.357,7.517,53.000,296.438,-36.625,-0.367,0.066,0.695,3.301,6.754,-6.961,2.248,2.572,0.950,1.292,0,NULL,NULL,,3,0,2,7,255,1174,250,0,0
stim,266928,297049,0,297049,3494369.454,-0.634,-0.316,-0.058,-0.703,0,0,6,0,0,0,0,79,50,1.063,1,2291,0,316.313,7.044,58.938,307.563,-44.563,-0.332,0.078,0.691,3.301,6.223,-6.730,2.282,2.606,0.950,1.292,0,NULL,NULL,,3,0,2,7,255,1174,250,0,0
stim,266928,297049,0,297049,3494374.455,-0.634,-0.304,-0.052,-0.709,0,0,7,0,0,0,0,78,50,1.063,1,2291,0,328.783,6.663,67.250,317.563,-52.250,-0.293,0.098,0.715,3.313,5.781,-6.441,2.320,2.646,0.950,1.292,0,NULL,NULL,,3,0,2,7,255,1174,250,0,0
stim,266928,297049,0,297049,3494379.453,-0.634,-0.292,-0.046,-0.715,0,0,7,0,0,0,0,79,50,1.063,1,2291,0,340.124,6.485,75.875,326.250,-59.063,-0.234,0.090,0.746,3.594,5.398,-5.941,2.360,2.690,0.950,1.292,0,NULL,NULL,,3,0,2,7,255,1174,250,0,0
stim,266955,297076,0,297076,3494384.457,-0.633,-0.279,-0.040,-0.721,0,0,11,0,0,0,0,77,50,1.063,1,2291,0,349.328,6.088,85.375,332.813,-63.063,-0.180,0.066,0.781,3.594,4.914,-5.223,2.404,2.736,0.950,1.292,0,NULL,NULL,,3,0,2,7,255,1174,250,0,0
stim,266955,297076,0,297076,3494389.454,-0.632,-0.266,-0.035,-0.727,0,0,17,0,0,0,0,75,50,1.063,1,2291,0,356.173,5.727,96.000,336.813,-64.813,-0.129,0.066,0.824,3.566,4.480,-4.457,2.450,2.784,0.950,1.292,0,NULL,NULL,,3,0,2,7,255,1174,250,0,0
stim,266955,297076,0,297076,3494394.456,-0.632,-0.252,-0.030,-0.733,0,0,9,0,0,0,0,73,50,1.063,1,2291,0,361.755,5.371,107.625,338.875,-66.688,-0.066,0.074,0.867,3.566,4.016,-3.715,2.496,2.834,0.950,1.292,0,NULL,NULL,,3,0,2,7,255,1174,250,0,0
stim,266955,297076,0,297076,3494399.454,-0.631,-0.238,-0.026,-0.738,0,0,11,0,0,0,0,77,50,1.063,1,2291,0,364.917,5.023,121.250,337.625,-66.875,0.020,0.102,0.914,3.688,3.410,-2.957,2.542,2.882,0.950,1.292,0,NULL,NULL,,3,0,2,7,255,1174,250,0,0
stim,266955,297076,0,297076,3494404.456,-0.630,-0.223,-0.022,-0.743,0,0,10,0,0,0,0,77,50,1.063,1,2291,0,367.473,4.462,133.625,336.125,-64.813,0.121,0.063,0.965,3.688,2.512,-2.156,2.584,2.926,0.950,1.292,0,NULL,NULL,,3,0,2,7,255,1174,250,0,0
stim,266955,297076,0,297076,3494409.454,-0.630,-0.208,-0.018,-0.748,0,0,5,0,0,0,0,71,50,1.063,1,2291,0,365.781,3.856,145.188,331.563,-52.750,0.156,0.055,0.996,3.512,1.594,-1.121,2.622,2.966,0.950,1.292,0,NULL,NULL,,3,0,2,7,255,1174,250,0,0
stim,266996,297117,0,297117,3494414.458,-0.630,-0.193,-0.015,-0.752,0,0,0,0,0,0,0,70,50,1.063,1,2291,0,364.731,3.607,157.938,326.250,-40.563,0.176,0.063,1.063,3.418,1.152,-0.594,2.656,3.002,0.950,1.292,0,NULL,NULL,,3,0,2,7,255,1174,250,0,0
stim,266996,297117,0,297117,3494419.453,-0.630,-0.178,-0.012,-0.756,0,0,0,0,0,0,0,61,50,1.063,1,2291,0,362.116,3.528,166.000,320.500,-29.188,0.176,0.055,1.160,3.418,0.875,0.121,2.686,3.036,0.950,1.292,0,NULL,NULL,,3,0,2,7,255,1174,250,0,0
stim,266996,297117,0,297117,3494424.456,-0.630,-0.163,-0.009,-0.759,0,0,3,0,0,0,0,58,50,1.063,1,2291,0,361.376,3.536,175.500,315.313,-19.250,0.137,0.082,1.285,3.426,0.875,1.125,2.714,3.066,0.950,1.292,0,NULL,NULL,,3,0,2,7,255,1174,250,0,0
stim,266996,297117,0,297117,3494429.454,-0.631,-0.148,-0.006,-0.762,0,0,2,0,0,0,0,53,50,1.063,1,2291,0,360.284,3.984,177.375,312.938,-20.313,0.094,0.102,1.418,3.813,1.156,2.199,2.740,3.094,0.950,1.292,0,NULL,NULL,,3,0,2,7,255,1174,250,0,0
stim,266996,297117,0,297117,3494434.457,-0.631,-0.133,-0.004,-0.765,0,0,0,0,0,0,0,53,50,1.063,1,2291,0,356.685,4.300,173.750,310.813,-20.750,0.070,0.086,1.543,4.039,1.477,3.402,2.764,3.120,0.950,1.292,0,NULL,NULL,,3,0,2,7,255,1174,250,0,0
stim,266996,297117,0,297117,3494439.453,-0.631,-0.118,-0.001,-0.767,0,0,1,0,0,0,0,75,50,1.063,1,2291,0,350.645,4.407,163.688,309.313,-22.000,0.063,0.105,1.637,4.152,1.477,4.668,2.788,3.146,0.950,1.292,0,NULL,NULL,,3,0,2,7,255,1174,250,0,0
stim,267021,297143,0,297143,3494444.455,-0.630,-0.103,0.002,-0.770,0,0,5,0,0,0,0,87,50,1.063,1,2291,0,343.942,4.283,157.313,304.438,-29.438,0.156,-0.070,1.656,4.039,1.426,5.637,2.812,3.172,0.950,1.292,0,NULL,NULL,,3,0,2,7,255,1174,250,0,0
stim,267021,297143,0,297143,3494449.453,-0.629,-0.089,0.005,-0.772,0,0,4,0,0,0,0,88,50,1.063,1,2291,0,348.501,2.152,156.375,309.813,-31.875,0.234,-0.148,1.652,2.078,0.559,6.336,2.834,3.196,0.950,1.292,0,NULL,NULL,,3,0,2,7,255,1174,250,0,0
stim,267021,297143,0,297143,3494454.455,-0.629,-0.073,0.008,-0.774,0,0,7,0,0,0,0,85,50,1.063,1,2291,0,352.186,2.118,154.063,316.000,-21.063,0.148,0.125,1.730,2.078,-0.410,6.590,2.856,3.220,0.950,1.292,0,NULL,NULL,,3,0,2,7,255,1174,250,0,0
stim,267021,297143,0,297143,3494459.454,-0.628,-0.059,0.012,-0.776,0,0,11,0,0,0,0,78,50,1.063,1,2291,0,348.308,3.446,138.813,319.313,-9.438,-0.008,0.352,1.797,3.422,-0.410,6.879,2.880,3.246,0.950,1.292,0,NULL,NULL,,3,0,2,7,255,1174,250,0,0
stim,267021,297143,0,297143,3494464.455,-0.628,-0.045,0.016,-0.777,0,0,14,0,0,0,0,57,50,1.063,1,2291,0,342.893,5.536,124.500,319.250,-12.438,-0.141,0.332,1.836,5.535,0.117,7.180,2.904,3.272,0.950,1.292,0,NULL,NULL,,3,0,2,7,255,1174,250,0,0
stim,267021,297143,0,297143,3494469.454,-0.626,-0.031,0.021,-0.779,0,0,12,0,0,0,0,59,50,1.063,1,2291,0,335.128,5.630,115.750,313.563,-24.313,-0.172,0.129,1.867,5.535,1.027,7.633,2.932,3.302,0.950,1.292,0,NULL,NULL,,3,0,2,7,255,1174,250,0,0
stim,267041,297162,0,297162,3494474.457,-0.625,-0.017,0.025,-0.780,0,0,17,0,0,0,0,53,50,1.063,1,2291,0,323.989,3.535,107.063,304.063,-32.438,-0.129,0.000,1.895,3.383,1.027,8.227,2.958,3.332,0.950,1.292,0,NULL,NULL,,3,0,2,7,255,1174,250,0,0
stim,267041,297162,0,297162,3494479.453,-0.623,-0.005,0.030,-0.782,0,0,19,0,0,0,0,57,50,1.063,1,2291,0,311.653,1.964,97.063,294.063,-35.125,-0.066,-0.016,1.852,1.840,0.688,8.285,2.986,3.362,0.950,1.292,0,NULL,NULL,,3,0,2,7,255,1174,250,0,0
stim,267041,297162,0,297162,3494484.457,-0.621,0.008,0.034,-0.783,0,0,19,0,0,0,0,52,50,1.063,1,2291,0,303.211,1.861,97.125,285.125,-34.750,-0.004,0.094,1.773,1.840,-0.281,8.285,3.012,3.390,0.950,1.292,0,NULL,NULL,,3,0,2,7,255,1174,250,0,0
stim,267041,297162,0,297162,3494489.453,-0.619,0.020,0.038,-0.784,0,0,19,0,0,0,0,55,50,1.063,1,2291,0,301.301,2.099,111.188,277.688,-36.188,0.063,0.102,1.770,1.508,-1.461,7.445,3.038,3.418,0.950,1.292,0,NULL,NULL,,3,0,2,7,255,1174,250,0,0
stim,267041,297162,0,297162,3494494.455,-0.617,0.033,0.041,-0.785,0,0,18,0,0,0,0,55,50,1.063,1,2291,0,304.736,2.896,128.500,273.813,-37.125,0.109,0.051,1.859,1.508,-2.473,7.445,3.062,3.444,0.950,1.292,0,NULL,NULL,,3,0,2,7,255,1174,250,0,0
stim,267041,297162,0,297162,3494499.454,-0.615,0.046,0.043,-0.786,0,0,24,0,0,0,0,51,50,1.063,1,2291,0,310.413,3.335,141.313,273.688,-38.500,0.141,0.055,1.969,0.676,-3.266,8.148,3.084,3.468,0.950,1.292,0,NULL,NULL,,3,0,2,7,255,1174,250,0,0
stim,267074,297195,0,297195,3494504.455,-0.612,0.059,0.045,-0.787,0,0,21,0,0,0,0,53,50,1.063,1,2291,0,318.169,4.077,151.313,276.563,-43.000,0.207,0.074,2.078,0.293,-4.066,9.133,3.102,3.488,0.950,1.292,0,NULL,NULL,,3,0,2,7,255,1174,250,0,0
stim,267074,297195,0,297195,3494509.454,-0.609,0.073,0.047,-0.788,0,0,21,0,0,0,0,51,50,1.063,1,2291,0,323.362,5.262,157.063,279.000,-45.313,0.336,0.098,2.156,-0.035,-5.262,10.004,3.116,3.504,0.950,1.292,0,NULL,NULL,,3,0,2,7,255,1174,250,0,0
stim,267102,297223,0,297223,3494514.455,-0.606,0.086,0.049,-0.789,0,0,23,0,0,0,0,55,50,1.063,1,2291,0,325.488,7.080,161.625,279.688,-39.938,0.527,0.121,2.117,-0.547,-7.059,10.004,3.128,3.518,0.950,1.292,0,NULL,NULL,,3,0,2,7,255,1174,250,0,0
stim,267102,297223,0,297223,3494519.453,-0.603,0.101,0.051,-0.790,0,0,22,0,0,0,0,56,50,1.063,1,2291,0,336.063,9.287,180.438,281.188,-36.250,0.715,0.047,2.070,-1.184,-9.211,9.508,3.136,3.528,0.950,1.292,0,NULL,NULL,,3,0,2,7,255,1174,250,0,0
stim,267102,297223,0,297223,3494524.456,-0.600,0.116,0.051,-0.790,0,0,25,0,0,0,0,57,50,1.063,1,2291,0,354.213,11.393,211.813,282.188,-31.188,0.832,-0.020,2.219,-2.785,-11.047,9.250,3.142,3.536,0.950,1.292,0,NULL,NULL,,3,0,2,7,255,1174,250,0,0
stim,267102,297223,0,297223,3494529.454,-0.597,0.131,0.050,-0.790,0,0,24,0,0,0,0,53,50,1.063,1,2291,0,366.349,13.349,232.313,282.188,-24.750,0.938,0.074,2.480,-4.336,-12.625,9.250,3.142,3.538,0.950,1.292,0,NULL,NULL,,3,0,2,7,255,1174,250,0,0
stim,267102,297223,0,297223,3494534.457,-0.594,0.147,0.050,-0.789,0,0,27,0,0,0,0,57,50,1.063,1,2291,0,365.510,15.423,230.625,282.500,-24.563,1.066,0.262,2.691,-4.336,-14.801,11.160,3.136,3.532,0.950,1.292,0,NULL,NULL,,3,0,2,7,255,1174,250,0,0
stim,267102,297223,0,297223,3494539.454,-0.591,0.162,0.050,-0.789,0,0,23,0,0,0,0,53,50,1.063,1,2291,0,358.961,17.831,218.250,283.750,-26.563,1.258,0.410,2.813,-4.039,-17.367,12.461,3.122,3.522,0.950,1.292,0,NULL,NULL,,3,0,2,7,255,1174,250,0,0
stim,267102,297223,0,297223,3494544.456,-0.588,0.177,0.051,-0.788,0,0,26,0,0,0,0,57,50,1.063,1,2291,0,349.436,20.657,201.438,284.688,-21.938,1.453,0.469,2.867,-4.039,-20.258,12.461,3.102,3.504,0.950,1.292,0,NULL,NULL,,3,0,2,7,255,1174,250,0,0
stim,267102,297223,0,297223,3494549.453,-0.585,0.192,0.052,-0.786,0,0,24,0,0,0,0,69,50,1.063,1,2291,0,334.848,23.203,176.688,284.250,-10.313,1.633,0.461,2.852,-4.582,-22.746,12.098,3.076,3.480,0.950,1.292,0,NULL,NULL,,3,0,2,7,255,1174,250,0,0
stim,267102,297223,0,297223,3494554.457,-0.583,0.205,0.054,-0.785,0,0,26,0,0,0,0,87,50,1.063,1,2291,0,317.048,25.289,147.875,280.438,2.688,1.809,0.387,2.719,-5.621,-24.656,10.770,3.042,3.448,0.950,1.292,0,NULL,NULL,,3,0,2,7,255,1174,250,0,0
stim,267102,297223,0,297223,3494559.454,-0.581,0.217,0.057,-0.782,0,0,26,0,0,0,0,135,50,1.063,1,2291,0,299.386,26.818,122.250,272.688,18.125,1.973,0.320,2.441,-6.816,-25.938,8.191,2.998,3.408,0.950,1.292,0,NULL,NULL,,3,0,2,7,255,1174,250,0,0
stim,267142,297263,0,297263,3494564.455,-0.581,0.229,0.059,-0.779,0,0,23,0,0,0,0,155,50,1.063,1,2291,0,284.218,27.572,106.625,260.875,36.813,2.160,0.234,2.059,-7.422,-26.555,4.359,2.944,3.354,0.950,1.292,0,NULL,NULL,,3,0,2,7,255,1174,250,0,0
stim,267142,297263,0,297263,3494569.454,-0.581,0.240,0.062,-0.776,0,0,26,0,0,0,0,165,50,1.063,1,2291,0,272.679,27.689,104.000,245.125,58.750,2.355,0.074,1.613,-7.844,-26.555,-0.492,2.880,3.292,0.950,1.292,0,NULL,NULL,,3,0,2,7,255,1174,250,0,0
stim,267142,297263,0,297263,3494574.455,-0.581,0.251,0.063,-0.771,0,0,25,0,0,0,0,180,50,1.063,1,2291,0,269.152,27.830,117.313,226.438,86.063,2.512,-0.180,1.129,-8.574,-26.477,-6.043,2.806,3.220,0.950,1.292,0,NULL,NULL,,3,0,2,7,255,1174,250,0,0
stim,267142,297263,0,297263,3494579.453,-0.583,0.262,0.062,-0.767,0,0,24,0,0,0,0,183,50,1.063,1,2291,0,279.072,27.073,148.938,204.063,118.563,2.582,-0.539,0.664,-9.777,-25.246,-11.801,2.726,3.142,0.950,1.292,0,NULL,NULL,,3,0,2,7,255,1174,250,0,0
stim,267142,297263,0,297263,3494584.455,-0.585,0.274,0.058,-0.761,0,0,24,0,0,0,0,199,50,1.063,1,2291,0,307.986,25.713,200.188,178.563,151.313,2.555,-0.988,0.270,-11.613,-22.941,-17.180,2.636,3.054,0.950,1.292,0,NULL,NULL,,3,0,2,7,255,1174,250,0,0
stim,267142,297263,0,297263,3494589.453,-0.587,0.286,0.051,-0.756,0,0,25,0,0,0,0,205,50,1.063,1,2291,0,362.524,24.327,277.625,151.938,176.813,2.418,-1.320,0.098,-14.133,-19.801,-21.703,2.540,2.956,0.950,1.292,0,NULL,NULL,,3,0,2,7,255,1174,250,0,0
stim,267161,297282,0,297282,3494594.455,-0.587,0.301,0.039,-0.750,0,0,26,0,0,0,0,205,50,1.063,1,2291,0,434.403,23.272,376.313,126.000,176.688,2.281,-1.590,0.281,-15.910,-16.984,-22.883,2.432,2.852,0.950,1.292,0,NULL,NULL,,3,0,2,7,255,1174,250,0,0
stim,267161,297282,0,297282,3494599.454,-0.587,0.316,0.025,-0.745,0,0,29,0,0,0,0,205,50,1.063,1,2291,0,491.549,24.968,447.250,97.938,178.875,2.352,-1.785,0.887,-18.301,-16.984,-22.883,2.320,2.740,0.950,1.292,0,NULL,NULL,,3,0,2,7,255,1174,250,0,0
stim,267161,297282,0,297282,3494604.455,-0.586,0.331,0.009,-0.740,0,0,24,0,0,0,0,221,50,1.063,1,2291,0,516.355,27.809,481.313,75.063,171.250,2.164,-1.340,1.625,-20.945,-18.293,-19.723,2.204,2.624,0.950,1.292,0,NULL,NULL,,3,0,2,7,255,1174,250,0,0
stim,267161,297282,0,297282,3494609.454,-0.584,0.344,-0.006,-0.735,0,0,25,0,0,0,0,222,50,1.063,1,2291,0,478.148,30.384,449.125,50.563,156.063,2.258,-1.082,2.602,-22.070,-20.883,-12.430,2.084,2.504,0.950,1.292,0,NULL,NULL,,3,0,2,7,255,1174,250,0,0
stim,267206,297327,0,297327,3494614.456,-0.583,0.354,-0.019,-0.731,0,0,26,0,0,0,0,254,50,1.063,1,2291,0,388.909,34.824,360.438,26.250,143.688,1.895,-0.930,3.191,-23.496,-25.703,-5.203,1.964,2.384,0.950,1.292,0,NULL,NULL,,3,0,2,7,255,1174,250,0,0
stim,267206,297327,0,297327,3494619.453,-0.581,0.361,-0.029,-0.728,0,0,16,0,0,0,0,352,50,1.063,1,2291,0,287.258,35.875,275.438,5.438,81.375,1.660,-0.738,3.402,-25.027,-25.703,0.973,1.838,2.258,0.950,1.292,0,NULL,NULL,,3,0,2,7,255,1174,250,0,0
stim,267206,297327,0,297327,3494624.457,-0.580,0.367,-0.043,-0.726,0,0,5,0,0,0,0,429,50,1.063,1,2291,0,353.824,35.445,320.250,-71.125,132.563,1.047,-0.906,4.828,-25.242,-24.883,4.027,1.710,2.128,0.950,1.292,0,NULL,NULL,,3,0,2,7,255,1174,250,0,0
stim,267206,297327,0,297327,3494629.454,-0.582,0.371,-0.068,-0.720,64,0,0,207,0,0,0,507,50,1.063,1,2291,0,591.060,42.474,459.813,-221.125,298.375,1.277,0.859,8.523,-34.422,-24.883,16.168,1.576,1.994,0.950,1.292,0,NULL,NULL,,3,0,2,7,255,1174,250,0,0
stim,267206,297327,0,297327,3494634.455,-0.586,0.360,-0.063,-0.724,445,0,0,649,0,48,0,549,50,1.063,1,2291,0,309.327,56.093,-265.750,-158.000,-9.813,1.219,0.484,7.887,-40.875,-38.414,45.063,1.436,1.854,0.950,1.292,0,NULL,NULL,,3,0,2,7,255,1174,250,0,0
stim,267206,297327,0,297327,3494639.454,-0.598,0.330,-0.034,-0.729,917,0,5,1055,0,224,0,569,50,1.063,1,2291,0,1010.067,56.093,-1001.125,-114.313,-70.125,0.984,1.207,3.039,-40.875,-38.414,45.063,1.292,1.708,0.950,1.292,0,NULL,NULL,,3,0,2,7,255,1174,250,0,0
stim,267206,297327,0,297327,3494644.457,-0.620,0.295,-0.002,-0.728,1241,0,0,1343,0,459,0,612,50,1.063,1,2291,0,1196.252,23.104,-1178.563,-132.938,156.000,0.770,3.168,-1.168,-5.215,-22.508,14.500,1.140,1.554,0.950,1.292,0,NULL,NULL,,3,0,2,7,255,1174,250,0,0
stim,267206,297327,0,297327,3494649.453,-0.636,0.271,0.015,-0.723,1575,0,0,1581,0,651,0,658,50,1.063,1,2291,0,773.211,33.817,-724.375,-145.438,228.000,-0.102,2.625,-2.973,32.457,-9.492,-12.031,0.982,1.394,0.950,1.292,0,NULL,NULL,,3,0,2,7,255,1174,250,0,0
stim,267206,297327,0,297327,3494654.457,-0.646,0.259,0.015,-0.718,1864,0,0,1797,0,869,0,728,50,1.063,1,2292,0,365.966,33.219,-244.563,-160.375,220.000,-1.602,-0.785,-1.379,32.457,7.074,-17.664,0.824,1.230,0.950,1.292,1,1178.000,4.000,,3,0,2,7,255,1174,250,0,0
stim,267206,297327,0,297327,3494659.455,-0.650,0.253,0.011,-0.716,2076,0,0,1904,0,974,0,809,50,1.063,1,2292,0,195.095,16.346,-40.000,-151.438,116.313,-1.801,-1.559,0.676,-2.508,16.152,-17.664,0.668,1.064,0.950,1.292,1,NULL,NULL,,3,0,2,7,255,1174,250,0,0
stim,267228,297349,0,297349,3494664.455,-0.651,0.249,0.009,-0.717,2223,0,0,1994,0,1171,0,867,50,1.063,1,2292,0,123.299,16.346,-40.125,-116.313,8.000,-0.734,0.953,1.789,-2.508,16.152,-1.691,0.518,0.896,0.950,1.292,1,NULL,NULL,,3,0,2,7,255,1174,250,0,0
stim,267228,297349,0,297349,3494669.454,-0.652,0.243,0.011,-0.718,2387,0,0,2115,0,1273,0,953,50,1.063,1,2292,0,141.521,3.496,-122.938,-66.563,-22.000,0.012,2.500,2.098,3.426,-0.695,10.996,0.376,0.722,0.950,1.292,1,NULL,NULL,,3,0,2,7,255,1174,250,0,0
stim,267228,297349,0,297349,3494674.455,-0.654,0.233,0.018,-0.719,2588,0,0,2398,0,1351,0,1041,50,1.063,1,2292,0,284.250,12.514,-278.188,-57.563,-9.813,0.090,1.496,1.789,8.984,-8.711,10.996,0.282,0.538,0.950,1.292,1,NULL,NULL,,3,0,2,7,255,1174,250,0,0
stim,267228,297349,0,297349,3494679.453,-0.660,0.220,0.027,-0.718,2727,0,0,2600,0,1332,0,1103,50,1.063,1,2292,0,392.468,12.514,-380.313,-80.313,54.250,-0.953,-0.695,0.371,8.984,-8.711,9.336,0.282,0.394,0.950,1.292,2,NULL,NULL,,3,0,2,7,255,1174,250,0,0
stim,267256,297377,0,297377,3494684.458,-0.667,0.206,0.033,-0.715,2813,0,0,2735,0,1332,0,1209,50,1.063,1,2292,0,402.373,11.029,-360.375,-135.875,116.500,-1.711,-2.027,-0.660,-7.297,8.270,-4.730,0.328,0.316,0.950,1.292,2,NULL,NULL,,3,0,2,7,255,1174,250,0,0
stim,267256,297377,0,297377,3494689.453,-0.667,0.196,0.035,-0.718,2891,0,0,2831,0,1351,0,1323,50,1.063,1,2292,0,224.838,24.067,-168.125,-136.000,-61.563,-1.645,-1.754,-0.590,-15.219,18.645,-13.008,0.372,0.304,0.950,1.292,2,NULL,NULL,,3,0,2,7,255,1174,250,0,0
stim,267256,297377,1,297377,3494694.455,-0.663,0.191,0.032,-0.723,2933,0,0,2899,0,1352,0,1405,50,1.063,1,2292,0,213.755,24.067,-6.563,-149.000,-153.125,-0.688,-0.680,0.422,-15.219,18.645,-13.008,0.388,0.338,0.950,1.292,2,NULL,NULL,,3,1,2,7,255,1174,250,0,0
stim,267256,297377,1,297377,3494699.454,-0.658,0.187,0.029,-0.729,2968,0,0,2953,0,1373,0,1451,50,1.063,1,2292,0,223.705,9.203,17.813,-146.063,-168.500,0.152,-0.379,1.672,-7.148,5.797,-5.008,0.388,0.370,0.950,1.292,2,NULL,NULL,,3,1,2,7,255,1174,250,0,0
stim,267256,297377,1,297377,3494704.455,-0.655,0.180,0.028,-0.733,2983,0,0,2991,0,1421,0,1465,50,1.063,1,2292,0,186.325,9.211,-74.375,-136.625,-102.563,0.738,-0.547,1.926,-7.148,-5.809,4.375,0.404,0.400,0.950,1.292,2,NULL,NULL,,3,1,2,7,255,1174,250,0,0
stim,267256,297377,1,297377,3494709.454,-0.657,0.171,0.029,-0.734,3001,0,0,3032,0,1483,0,1481,50,1.063,1,2292,0,212.842,14.804,-166.313,-132.688,6.000,0.879,-0.871,1.516,-9.609,-11.262,4.375,0.432,0.432,0.950,1.292,2,NULL,NULL,,3,1,2,7,255,1174,250,0,0
stim,267296,297417,1,297417,3494714.455,-0.662,0.162,0.031,-0.731,3019,0,0,3059,0,1611,0,1507,50,1.063,1,2292,0,241.017,16.340,-187.500,-117.375,95.688,0.520,-1.219,0.914,-11.840,-11.262,0.410,0.460,0.464,0.950,1.292,2,NULL,NULL,,3,1,2,7,255,1174,250,0,0
stim,267296,297417,1,297417,3494719.453,-0.667,0.155,0.032,-0.728,3031,0,0,3087,0,1743,0,1546,50,1.063,1,2292,0,226.637,13.303,-146.688,-110.188,133.063,-0.082,-1.141,0.539,-11.895,-5.957,-4.371,0.476,0.486,0.950,1.292,2,NULL,NULL,,3,1,2,7,255,1174,250,0,0
stim,267296,297417,1,297417,3494724.455,-0.672,0.149,0.030,-0.725,3039,0,0,3097,0,1861,0,1595,50,1.063,1,2292,0,180.575,11.903,-78.750,-111.125,118.563,-0.461,-0.539,0.418,-11.895,0.453,-5.398,0.466,0.488,0.950,1.292,2,NULL,NULL,,3,1,2,7,255,1174,250,0,0
stim,267296,297417,1,297417,3494729.454,-0.674,0.145,0.027,-0.723,3047,0,0,3108,0,1968,2,1643,50,1.063,1,2292,0,137.569,6.542,-15.563,-116.875,70.875,-0.539,0.098,0.738,-5.664,3.273,-5.398,0.418,0.468,0.950,1.292,2,NULL,NULL,,3,1,2,7,255,1174,250,0,0
stim,267296,297417,1,297417,3494734.456,-0.676,0.141,0.024,-0.723,3049,0,0,3113,0,2063,29,1726,50,1.063,1,2292,0,118.605,3.274,-11.250,-114.063,30.500,-0.395,0.273,1.230,0.078,3.273,-1.441,0.368,0.446,0.950,1.292,2,NULL,NULL,,3,1,2,7,255,1174,250,0,0
stim,267296,297417,1,297417,3494739.454,-0.677,0.136,0.022,-0.723,3047,0,0,3116,69,2183,57,1875,50,1.063,1,2292,0,129.783,0.719,-63.438,-112.813,9.625,-0.285,0.117,1.469,0.078,0.715,3.043,0.328,0.418,0.950,1.292,2,NULL,NULL,,3,1,2,7,255,1174,250,0,0
stim,267324,297445,1,297445,3494744.458,-0.677,0.130,0.022,-0.724,3049,0,0,3123,301,2235,217,1996,50,1.063,1,2292,0,140.196,0.971,-95.313,-102.813,0.000,0.078,-0.051,1.410,-0.762,-0.602,3.363,0.306,0.386,0.950,1.292,2,NULL,NULL,,3,1,2,7,255,1174,250,0,0
stim,267324,297445,1,297445,3494749.453,-0.677,0.126,0.023,-0.725,3053,0,0,3125,553,2283,181,2101,50,1.063,1,2292,0,91.399,4.397,-60.563,-56.813,-38.188,0.297,-0.109,1.594,-2.383,-3.695,4.625,0.302,0.344,0.950,1.292,2,NULL,NULL,,3,1,2,7,255,1174,250,0,0
stim,267324,297445,1,297445,3494754.455,-0.676,0.123,0.024,-0.726,3051,0,0,3128,781,2323,188,2147,50,1.063,1,2292,0,90.221,6.518,-68.000,-46.875,-36.313,0.539,0.262,1.023,-2.383,-6.066,3.363,0.316,0.294,0.950,1.292,2,NULL,NULL,,3,1,2,7,255,1174,250,0,0
stim,267324,297445,1,297445,3494759.454,-0.676,0.121,0.023,-0.726,3052,0,0,3133,951,2347,233,2187,50,1.063,1,2292,0,35.257,7.537,-11.875,-33.125,-2.188,0.598,0.547,1.031,1.012,-7.469,-0.660,0.336,0.244,0.950,1.292,2,NULL,NULL,,3,1,2,7,255,1174,250,0,0
stim,267324,297445,1,297445,3494764.455,-0.677,0.120,0.023,-0.725,3054,23,0,3133,1083,2367,249,2233,50,1.063,1,2292,0,51.417,7.537,-29.688,-17.438,38.188,-0.063,0.012,1.496,1.012,-7.469,-0.660,0.350,0.202,0.950,1.292,2,NULL,NULL,,3,1,2,7,255,1174,250,0,0
stim,267324,297445,1,297445,3494769.454,-0.678,0.116,0.026,-0.725,3055,36,0,3134,1147,2387,245,2275,50,1.063,1,2292,0,101.406,2.438,-99.688,-14.250,11.938,-0.563,0.051,1.270,-0.566,-2.371,3.492,0.362,0.172,0.950,1.292,2,NULL,NULL,,3,1,2,7,255,1174,250,0,0
stim,267342,297463,1,297463,3494774.456,-0.677,0.113,0.029,-0.727,3055,59,0,3140,1235,2399,245,2313,50,1.063,1,2292,0,112.289,2.884,-90.063,-8.188,-66.563,-0.496,0.328,0.805,-0.566,2.828,3.492,0.368,0.154,0.950,1.292,2,NULL,NULL,,3,1,2,7,255,1174,250,0,0
stim,267342,297463,1,297463,3494779.454,-0.673,0.112,0.030,-0.730,3052,73,0,3140,1295,2413,239,2340,50,1.063,1,2292,0,117.399,3.867,-34.063,-10.313,-111.875,-0.020,0.387,0.887,2.637,2.828,-0.863,0.372,0.148,0.950,1.292,2,NULL,NULL,,3,1,2,7,255,1174,250,0,0
stim,267342,297463,1,297463,3494784.458,-0.671,0.111,0.031,-0.733,3053,85,0,3145,1383,2425,253,2360,50,1.063,1,2292,0,91.240,3.256,-24.688,-6.938,-87.563,0.207,0.117,1.215,2.637,-1.910,-0.863,0.380,0.142,0.950,1.292,2,NULL,NULL,,3,1,2,7,255,1174,250,0,0
stim,267342,297463,1,297463,3494789.453,-0.670,0.108,0.034,-0.734,3054,111,0,3145,1481,2431,255,2379,50,1.063,1,2292,0,81.207,3.477,-70.188,-1.625,-40.813,0.105,-0.031,1.250,-0.168,-3.473,1.492,0.390,0.134,0.950,1.292,2,NULL,NULL,,3,1,2,7,255,1174,250,0,0
stim,267342,297463,1,297463,3494794.455,-0.670,0.105,0.037,-0.734,3055,146,0,3149,1561,2453,267,2403,50,1.063,1,2292,0,100.050,3.566,-97.938,0.688,-20.438,-0.203,-0.020,0.926,-0.809,-3.473,1.492,0.406,0.122,0.950,1.292,2,NULL,NULL,,3,1,2,7,255,1174,250,0,0
stim,267342,297463,1,297463,3494799.453,-0.668,0.103,0.040,-0.736,3059,180,5,3151,1605,2469,269,2421,50,1.063,1,2292,0,91.371,0.812,-76.438,2.438,-50.000,-0.348,-0.039,0.730,-0.809,0.074,-0.539,0.424,0.106,0.950,1.292,2,NULL,NULL,,3,1,2,7,255,1174,250,0,0
stim,267371,297492,1,297492,3494804.457,-0.666,0.102,0.042,-0.738,3063,219,51,3155,1639,2479,296,2439,50,1.063,1,2292,0,87.121,0.812,-41.688,0.063,-76.500,-0.156,-0.074,0.828,-0.809,0.074,-1.617,0.444,0.088,0.950,1.292,2,NULL,NULL,,3,1,2,7,255,1174,250,0,0
stim,267371,297492,1,297492,3494809.454,-0.664,0.101,0.043,-0.740,3064,245,69,3159,1693,2492,309,2451,50,1.063,1,2292,0,72.624,1.183,-29.000,-1.625,-66.563,0.066,-0.094,0.992,-1.176,-0.133,-1.617,0.464,0.072,0.950,1.292,2,NULL,NULL,,3,1,2,7,255,1174,250,0,0
stim,267408,297529,1,297529,3494814.455,-0.663,0.100,0.044,-0.741,3067,269,137,3161,1752,2504,309,2459,50,1.063,1,2292,0,49.473,3.028,-33.313,1.000,-36.563,0.113,-0.145,1.004,-1.668,-2.527,-0.484,0.476,0.060,0.950,1.292,2,NULL,NULL,,3,1,2,7,255,1174,250,0,0
stim,267408,297529,1,297529,3494819.453,-0.663,0.099,0.045,-0.741,3077,271,183,3165,1791,2509,311,2469,50,1.063,1,2292,0,35.877,3.343,-35.125,1.313,-7.188,-0.004,-0.199,0.941,-2.188,-2.527,-0.484,0.484,0.056,0.950,1.292,2,NULL,NULL,,3,1,2,7,255,1174,250,0,0
stim,267408,297529,1,297529,3494824.457,-0.663,0.098,0.046,-0.741,3079,280,276,3167,1824,2517,309,2475,50,1.063,1,2292,0,27.657,2.744,-27.500,0.063,2.938,-0.172,-0.152,0.883,-2.188,-1.656,-0.836,0.488,0.052,0.950,1.292,2,NULL,NULL,,3,1,2,7,255,1174,250,0,0
stim,267408,297529,1,297529,3494829.453,-0.663,0.097,0.047,-0.741,3081,281,311,3165,1865,2520,307,2479,50,1.063,1,2292,0,13.544,1.863,-12.188,-0.625,-5.875,-0.227,-0.047,0.902,-1.863,-0.008,-0.836,0.492,0.050,0.950,1.292,2,NULL,NULL,,3,1,2,7,255,1174,250,0,0
stim,267408,297529,1,297529,3494834.457,-0.662,0.097,0.047,-0.741,3083,279,383,3165,1885,2521,307,2483,50,1.063,1,2292,0,15.274,0.785,-1.375,-1.625,-15.125,-0.160,0.000,1.000,-0.785,-0.008,-0.711,0.498,0.046,0.950,1.292,2,NULL,NULL,,3,1,2,7,255,1174,250,0,0
stim,267408,297529,1,297529,3494839.453,-0.662,0.097,0.047,-0.742,3087,281,430,3170,1909,2525,301,2486,50,1.063,1,2292,0,9.781,0.911,-3.125,-1.625,-9.125,-0.090,-0.027,1.051,-0.762,-0.500,0.086,0.506,0.040,0.950,1.292,2,NULL,NULL,,3,1,2,7,255,1174,250,0,0
stim,267408,297529,1,297529,3494844.455,-0.662,0.096,0.047,-0.742,3087,277,451,3173,1929,2531,285,2490,50,1.119,1,2292,1,11.934,1.160,-11.125,-1.063,4.188,-0.121,-0.063,1.031,-0.762,-0.875,0.289,0.000,0.000,0.998,1.298,2,NULL,NULL,,3,1,2,7,255,1174,250,0,0
stim,267408,297529,1,297529,3494849.454,-0.663,0.096,0.048,-0.741,3089,279,468,3169,1943,2531,283,2491,50,1.119,1,2292,1,13.911,1.367,-11.563,-2.125,7.438,-0.211,-0.074,0.941,-1.051,-0.875,0.289,0.006,0.006,0.998,1.298,2,NULL,NULL,,3,1,2,7,255,1174,250,0,0
stim,267408,297529,1,297529,3494854.455,-0.663,0.095,0.048,-0.741,3087,277,501,3171,1946,2535,289,2495,50,1.119,1,2292,1,3.538,1.065,-1.750,-2.750,-1.375,-0.215,-0.051,0.938,-1.051,0.172,-0.363,0.012,0.010,0.998,1.298,2,NULL,NULL,,3,1,2,7,255,1174,250,0,0
stim,267408,297529,1,297529,3494859.454,-0.662,0.095,0.047,-0.742,3087,280,533,3167,1957,2535,291,2501,50,1.119,1,2292,1,7.898,0.938,5.125,-2.688,-5.375,-0.133,-0.055,0.980,-0.922,0.172,-0.363,0.018,0.014,0.998,1.298,2,NULL,NULL,,3,1,2,7,255,1174,250,0,0
stim,267438,297559,1,297559,3494864.455,-0.662,0.095,0.047,-0.742,3081,275,559,3166,1959,2535,291,2504,50,1.119,1,2292,1,5.264,1.036,4.375,-2.813,0.813,-0.105,-0.035,1.023,-0.805,-0.652,-0.168,0.024,0.018,0.998,1.298,2,NULL,NULL,,3,1,2,7,255,1174,250,0,0
stim,267438,297559,1,297559,3494869.453,-0.663,0.095,0.047,-0.741,3087,278,611,3164,1967,2537,294,2505,50,1.119,1,2292,1,8.697,1.024,1.750,-3.250,7.875,-0.156,0.000,1.016,-0.789,-0.652,0.195,0.028,0.022,0.998,1.298,2,NULL,NULL,,3,1,2,7,255,1174,250,0,0
stim,267438,297559,1,297559,3494874.457,-0.663,0.095,0.047,-0.741,3080,279,639,3160,1979,2537,301,2507,50,1.119,1,2292,1,7.348,0.704,0.813,-3.563,6.375,-0.207,0.023,1.000,-0.418,-0.566,0.199,0.032,0.026,0.998,1.298,2,NULL,NULL,,3,1,2,7,255,1174,250,0,0
stim,267438,297559,1,297559,3494879.454,-0.663,0.095,0.047,-0.741,3077,276,659,3159,1993,2536,312,2511,50,1.119,1,2292,1,5.049,0.159,2.813,-4.125,0.750,-0.207,0.035,0.988,-0.137,-0.082,0.199,0.036,0.030,0.998,1.298,2,NULL,NULL,,3,1,2,7,255,1174,250,0,0
stim,267438,297559,1,297559,3494884.455,-0.663,0.095,0.046,-0.741,3067,278,680,3157,1998,2537,316,2513,50,1.119,1,2292,1,7.264,0.084,5.000,-4.875,-2.000,-0.176,0.043,1.004,-0.020,-0.082,0.184,0.038,0.030,0.998,1.298,2,NULL,NULL,,3,1,2,7,255,1174,250,0,0
stim,267438,297559,1,297559,3494889.454,-0.663,0.095,0.046,-0.741,3061,273,688,3147,2006,2535,339,2517,50,1.119,1,2292,1,6.184,0.387,3.125,-5.313,-0.500,-0.168,0.035,1.023,-0.020,-0.387,0.184,0.042,0.034,0.998,1.298,2,NULL,NULL,,3,1,2,7,255,1174,250,0,0
stim,267461,297582,1,297582,3494894.457,-0.663,0.095,0.046,-0.741,3055,275,703,3143,2019,2533,357,2521,50,1.119,1,2292,1,5.947,0.391,-0.125,-5.813,1.250,-0.188,0.012,1.008,-0.059,-0.387,0.238,0.042,0.034,0.998,1.298,2,NULL,NULL,,3,1,2,7,255,1174,250,0,0
stim,267461,297582,1,297582,3494899.453,-0.663,0.094,0.046,-0.741,3049,270,719,3131,2026,2533,357,2524,50,1.119,1,2292,1,6.942,0.355,0.250,-6.938,-0.063,-0.207,0.000,0.969,-0.270,-0.230,0.238,0.044,0.036,0.998,1.298,2,NULL,NULL,,3,1,2,7,255,1174,250,0,0
stim,267461,297582,1,297582,3494904.455,-0.663,0.094,0.045,-0.741,3045,267,725,3123,2039,2532,357,2530,50,1.119,1,2292,1,9.758,0.352,4.375,-8.375,-2.438,-0.199,-0.016,0.957,-0.352,0.008,-0.102,0.044,0.036,0.998,1.298,2,NULL,NULL,,3,1,2,7,255,1174,250,0,0
stim,267461,297582,1,297582,3494909.454,-0.663,0.094,0.045,-0.742,3026,264,743,3114,2055,2531,371,2535,50,1.119,1,2292,1,12.910,0.352,8.188,-9.500,-3.063,-0.191,0.004,0.977,-0.352,0.008,-0.102,0.044,0.036,0.998,1.298,2,NULL,NULL,,3,1,2,7,255,1174,250,0,0
stim,267504,297625,1,297625,3494914.457,-0.663,0.094,0.044,-0.742,3019,267,755,3102,2071,2532,396,2547,50,1.119,1,2292,1,14.245,0.342,8.938,-10.625,-3.188,-0.188,0.047,1.000,-0.324,-0.109,-0.070,0.044,0.036,0.998,1.298,2,NULL,NULL,,3,1,2,7,255,1174,250,0,0
stim,267504,297625,1,297625,3494919.454,-0.663,0.094,0.044,-0.742,3007,265,786,3095,2091,2532,421,2552,50,1.119,1,2292,1,14.212,0.245,7.063,-11.688,-3.938,-0.191,0.082,1.020,0.059,-0.238,0.172,0.044,0.036,0.998,1.298,2,NULL,NULL,,3,1,2,7,255,1174,250,0,0
stim,267504,297625,1,297625,3494924.456,-0.662,0.094,0.043,-0.742,2996,266,804,3080,2117,2531,427,2567,50,1.119,1,2292,1,14.778,0.478,5.750,-12.250,-5.938,-0.184,0.113,1.027,0.395,-0.270,0.359,0.044,0.032,0.998,1.298,2,NULL,NULL,,3,1,2,7,255,1174,250,0,0
stim,267504,297625,1,297625,3494929.454,-0.662,0.093,0.042,-0.742,2985,266,854,3061,2146,2531,441,2577,50,1.119,1,2292,1,15.458,0.791,5.063,-12.750,-7.125,-0.160,0.145,1.031,0.703,-0.363,0.426,0.044,0.030,0.998,1.298,2,NULL,NULL,,3,1,2,7,255,1174,250,0,0
stim,267504,297625,1,297625,3494934.455,-0.662,0.093,0.042,-0.743,2968,267,901,3051,2185,2527,500,2587,50,1.119,1,2292,1,15.062,1.153,3.813,-13.250,-6.063,-0.145,0.156,1.039,0.977,-0.613,0.453,0.044,0.028,0.998,1.298,2,NULL,NULL,,3,1,2,7,255,1174,250,0,0
stim,267504,297625,1,297625,3494939.453,-0.662,0.093,0.041,-0.743,2953,267,951,3036,2221,2529,563,2601,50,1.119,1,2292,1,14.276,1.248,1.125,-13.438,-4.688,-0.152,0.172,1.035,1.031,-0.703,0.473,0.042,0.024,0.998,1.298,2,NULL,NULL,,3,1,2,7,255,1174,250,0,0
stim,267504,297625,0,297625,3494944.458,-0.662,0.092,0.041,-0.743,2934,268,1017,3025,2246,2529,617,2617,50,1.119,1,2292,1,14.867,1.383,0.000,-13.813,-5.500,-0.176,0.195,1.047,1.191,-0.703,0.477,0.042,0.020,0.998,1.298,2,NULL,NULL,,3,0,2,7,255,1168,250,0,0
stim,267504,297625,0,297625,3494949.453,-0.662,0.092,0.040,-0.743,2918,267,1079,3015,2277,2526,710,2627,50,1.119,1,2292,1,16.704,1.553,-1.750,-13.313,-9.938,-0.180,0.207,1.055,1.465,-0.516,0.645,0.042,0.014,0.998,1.298,2,NULL,NULL,,3,0,2,7,255,1168,250,0,0
stim,267504,297625,0,297625,3494954.457,-0.661,0.092,0.040,-0.744,2899,281,1167,3002,2309,2536,773,2644,50,1.119,1,2292,1,18.489,1.553,-3.875,-13.000,-12.563,-0.152,0.188,1.047,1.465,-0.516,0.645,0.042,0.014,0.998,1.298,2,NULL,NULL,,3,0,2,7,255,1168,250,0,0
stim,267504,297625,0,297625,3494959.454,-0.661,0.091,0.039,-0.744,2877,300,1245,2992,2335,2530,872,2652,50,1.119,1,2292,1,18.627,1.520,-6.000,-12.375,-12.563,-0.145,0.145,1.027,1.344,-0.711,0.582,0.042,0.014,0.998,1.298,2,NULL,NULL,,3,0,2,7,255,1168,250,0,0
stim,267531,297652,0,297652,3494964.455,-0.660,0.090,0.039,-0.744,2845,339,1305,2978,2386,2531,957,2655,50,1.119,1,2292,1,19.697,1.177,-7.938,-11.875,-13.563,-0.160,0.102,1.012,0.938,-0.711,0.395,0.042,0.016,0.998,1.298,2,NULL,NULL,,3,0,2,7,255,1168,250,0,0
stim,267531,297652,0,297652,3494969.453,-0.660,0.090,0.039,-0.745,2823,349,1400,2944,2405,2525,1033,2683,50,1.119,1,2292,1,22.717,0.717,-7.438,-11.500,-18.125,-0.180,0.059,0.996,0.563,-0.445,0.230,0.044,0.018,0.998,1.298,2,NULL,NULL,,3,0,2,7,255,1168,250,0,0
stim,267531,297652,0,297652,3494974.455,-0.659,0.089,0.039,-0.746,2799,364,1512,2928,2440,2531,1112,2681,50,1.119,1,2292,1,25.883,0.265,-6.313,-11.500,-22.313,-0.184,0.031,0.980,0.184,-0.191,0.113,0.046,0.020,0.998,1.298,2,NULL,NULL,,3,0,2,7,255,1168,250,0,0
stim,267531,297652,0,297652,3494979.453,-0.658,0.089,0.039,-0.746,2765,389,1595,2925,2461,2523,1203,2694,50,1.119,1,2292,1,29.595,0.115,-5.375,-11.750,-26.625,-0.184,0.023,0.984,-0.066,-0.094,-0.016,0.046,0.024,0.998,1.298,2,NULL,NULL,,3,0,2,7,255,1168,250,0,0
stim,267552,297673,0,297673,3494984.457,-0.658,0.088,0.039,-0.747,2733,409,1709,2909,2490,2523,1277,2700,50,1.119,1,2292,1,33.185,0.153,-6.250,-11.813,-30.375,-0.168,0.012,0.988,-0.121,-0.094,-0.016,0.048,0.024,0.998,1.298,2,NULL,NULL,,3,0,2,7,255,1168,250,0,0
stim,267552,297673,0,297673,3494989.454,-0.657,0.087,0.039,-0.748,2695,427,1812,2892,2531,2523,1399,2709,50,1.119,1,2292,1,34.763,0.283,-9.375,-12.000,-31.250,-0.168,-0.043,0.988,-0.258,-0.117,-0.008,0.048,0.024,0.998,1.298,2,NULL,NULL,,3,0,2,7,255,1168,250,0,0
stim,267552,297673,0,297673,3494994.455,-0.656,0.086,0.039,-0.749,2655,445,1879,2871,2547,2521,1467,2717,50,1.119,1,2292,1,36.453,0.782,-13.250,-12.688,-31.500,-0.188,-0.066,0.977,-0.773,-0.117,-0.008,0.050,0.022,0.998,1.298,2,NULL,NULL,,3,0,2,7,255,1168,250,0,0
stim,267552,297673,0,297673,3494999.454,-0.655,0.085,0.040,-0.750,2619,459,1971,2843,2577,2520,1549,2741,50,1.119,1,2292,1,40.750,0.781,-14.188,-13.125,-35.875,-0.191,-0.039,0.980,-0.773,0.109,-0.039,0.052,0.022,0.998,1.298,2,NULL,NULL,,3,0,2,7,255,1168,250,0,0
stim,267552,297673,0,297673,3495004.455,-0.653,0.084,0.040,-0.751,2557,503,2069,2825,2611,2527,1643,2731,50,1.119,1,2292,1,45.362,0.661,-13.125,-13.750,-41.188,-0.172,-0.008,0.977,-0.652,0.109,-0.082,0.054,0.022,0.998,1.298,2,NULL,NULL,,3,0,2,7,255,1168,250,0,0
stim,267552,297673,0,297673,3495009.454,-0.652,0.083,0.040,-0.753,2511,525,2166,2804,2629,2524,1696,2757,50,1.119,1,2292,1,46.053,0.379,-14.563,-14.750,-41.125,-0.125,0.008,0.992,-0.367,-0.094,-0.039,0.058,0.022,0.998,1.298,2,NULL,NULL,,3,0,2,7,255,1168,250,0,0
stim,267604,297725,0,297725,3495014.457,-0.651,0.082,0.040,-0.754,2462,543,2220,2773,2649,2523,1759,2749,50,1.119,1,2292,1,42.879,0.672,-16.250,-14.813,-36.813,-0.113,-0.023,1.000,-0.367,-0.563,-0.016,0.060,0.022,0.998,1.298,2,NULL,NULL,,3,0,2,7,255,1168,250,0,0
stim,267604,297725,0,297725,3495019.453,-0.650,0.081,0.040,-0.755,2425,556,2315,2743,2679,2521,1869,2762,50,1.119,1,2292,1,41.156,0.782,-19.188,-15.250,-33.063,-0.148,-0.039,1.008,-0.543,-0.563,0.008,0.062,0.024,0.998,1.298,2,NULL,NULL,,3,0,2,7,255,1168,250,0,0
stim,267604,297725,0,297725,3495024.455,-0.649,0.079,0.041,-0.756,2363,559,2377,2723,2688,2523,1945,2780,50,1.119,1,2292,1,46.067,0.603,-24.125,-15.625,-36.000,-0.191,-0.016,1.027,-0.543,-0.262,0.145,0.064,0.024,0.998,1.298,2,NULL,NULL,,3,0,2,7,255,1168,250,0,0
stim,267604,297725,0,297725,3495029.454,-0.648,0.078,0.042,-0.757,2271,583,2451,2682,2725,2519,2013,2791,50,1.119,1,2292,1,57.681,0.357,-31.688,-16.250,-45.375,-0.184,0.027,1.066,-0.344,-0.098,0.414,0.068,0.024,0.998,1.298,2,NULL,NULL,,3,0,2,7,255,1168,250,0,0
stim,267604,297725,0,297725,3495034.458,-0.646,0.076,0.043,-0.758,2201,595,2508,2644,2733,2516,2091,2793,50,1.119,1,2292,1,70.494,0.128,-42.625,-16.438,-53.688,-0.145,0.063,1.074,0.082,-0.098,0.781,0.070,0.024,0.998,1.298,2,NULL,NULL,,3,0,2,7,255,1168,250,0,0
stim,267604,297725,0,297725,3495039.453,-0.644,0.074,0.044,-0.760,2135,599,2567,2613,2751,2509,2145,2811,50,1.119,1,2292,1,73.919,0.615,-47.563,-15.438,-54.438,-0.094,0.047,0.996,0.266,-0.555,0.781,0.074,0.024,0.998,1.298,2,NULL,NULL,,3,0,2,7,255,1168,250,0,0
stim,267604,297725,0,297725,3495044.457,-0.643,0.072,0.045,-0.761,2054,602,2597,2573,2767,2507,2188,2833,50,1.119,1,2292,1,67.133,0.899,-43.125,-14.250,-49.438,-0.078,0.004,0.938,0.266,-0.859,-0.023,0.076,0.024,0.998,1.298,2,NULL,NULL,,3,0,2,7,255,1168,250,0,0
stim,267604,297725,0,297725,3495049.453,-0.642,0.070,0.046,-0.762,1959,605,2643,2523,2791,2509,2253,2833,50,1.119,1,2292,1,58.125,0.867,-36.000,-16.938,-42.375,-0.109,-0.020,0.984,-0.117,-0.859,-0.125,0.078,0.024,0.998,1.298,2,NULL,NULL,,3,0,2,7,255,1168,250,0,0
stim,267604,297725,0,297725,3495054.455,-0.640,0.069,0.046,-0.764,1881,607,2676,2472,2809,2507,2310,2825,50,1.119,1,2292,1,57.002,0.639,-33.188,-16.813,-43.188,-0.156,-0.039,1.020,-0.281,-0.574,-0.125,0.080,0.026,0.998,1.298,2,NULL,NULL,,3,0,2,7,255,1168,250,0,0
stim,267604,297725,0,297725,3495059.454,-0.639,0.067,0.047,-0.765,1782,607,2717,2424,2827,2505,2341,2836,50,1.119,1,2292,1,62.928,0.420,-38.938,-16.250,-46.688,-0.141,-0.066,1.023,-0.340,-0.246,0.309,0.082,0.026,0.998,1.298,2,NULL,NULL,,3,0,2,7,255,1168,250,0,0
stim,267634,297755,0,297755,3495064.455,-0.638,0.065,0.048,-0.766,1658,605,2760,2355,2855,2493,2387,2845,50,1.119,1,2292,1,65.516,0.625,-44.438,-18.063,-44.625,-0.121,-0.066,1.016,-0.574,-0.246,0.309,0.084,0.026,0.998,1.298,2,NULL,NULL,,3,0,2,7,255,1168,250,0,0
stim,267634,297755,0,297755,3495069.453,-0.636,0.063,0.049,-0.767,1543,584,2796,2300,2853,2485,2423,2861,50,1.119,1,2292,1,65.147,0.625,-42.000,-18.625,-46.188,-0.176,-0.070,0.992,-0.574,-0.246,0.223,0.088,0.026,0.998,1.298,2,NULL,NULL,,3,0,2,7,255,1168,250,0,0
stim,267634,297755,0,297755,3495074.457,-0.635,0.061,0.050,-0.769,1373,579,2821,2227,2871,2491,2454,2872,50,1.119,1,2292,1,69.184,0.644,-44.000,-19.375,-49.750,-0.102,-0.035,0.973,-0.496,-0.410,0.086,0.090,0.028,0.998,1.298,2,NULL,NULL,,3,0,2,7,255,1168,250,0,0
stim,267634,297755,0,297755,3495079.453,-0.634,0.059,0.051,-0.770,1267,558,2853,2157,2885,2479,2501,2868,50,1.119,1,2292,1,55.736,0.592,-34.875,-21.125,-38.000,-0.063,-0.008,0.934,-0.207,-0.555,-0.250,0.092,0.028,0.998,1.298,2,NULL,NULL,,3,0,2,7,255,1168,250,0,0
stim,267634,297755,0,297755,3495084.455,-0.633,0.057,0.051,-0.771,1119,527,2870,2046,2889,2485,2536,2887,50,1.119,1,2292,1,48.220,0.592,-24.688,-20.813,-35.813,-0.164,-0.090,0.992,-0.207,-0.555,-0.250,0.096,0.030,0.998,1.298,2,NULL,NULL,,3,0,2,7,255,1168,250,0,0
stim,267634,297755,0,297755,3495089.454,-0.632,0.055,0.052,-0.771,999,474,2887,1912,2903,2468,2567,2899,50,1.119,1,2292,1,49.964,0.491,-27.250,-24.188,-34.188,-0.125,-0.066,1.023,-0.375,-0.316,0.066,0.098,0.030,0.998,1.298,2,NULL,NULL,,3,0,2,7,255,1168,250,0,0
stim,267656,297777,0,297777,3495094.456,-0.631,0.054,0.052,-0.772,845,413,2905,1773,2925,2468,2591,2894,50,1.119,1,2292,1,49.790,0.375,-26.000,-24.313,-34.813,-0.152,-0.063,1.012,-0.375,-0.012,0.230,0.100,0.032,0.998,1.298,2,NULL,NULL,,3,0,2,7,255,1168,250,0,0
stim,267656,297777,0,297777,3495099.454,-0.630,0.052,0.052,-0.773,665,403,2925,1607,2925,2451,2627,2899,50,1.119,1,2292,1,50.490,0.476,-24.250,-25.438,-36.250,-0.117,-0.066,1.012,-0.355,-0.316,0.230,0.102,0.032,0.998,1.298,2,NULL,NULL,,3,0,2,7,255,1168,250,0,0
stim,267656,297777,0,297777,3495104.458,-0.629,0.050,0.052,-0.774,507,355,2936,1435,2936,2431,2649,2915,50,1.119,1,2292,1,44.800,0.453,-20.125,-27.188,-29.375,-0.098,-0.063,0.996,-0.309,-0.332,0.176,0.104,0.034,0.998,1.298,2,NULL,NULL,,3,0,2,7,255,1168,250,0,0
stim,267656,297777,0,297777,3495109.454,-0.628,0.049,0.052,-0.775,373,299,2957,1245,2955,2427,2675,2910,50,1.119,1,2292,1,40.298,0.453,-14.938,-28.875,-23.813,-0.133,-0.023,1.027,-0.309,-0.332,0.176,0.104,0.034,0.998,1.298,2,NULL,NULL,,3,0,2,7,255,1168,250,0,0
stim,267707,297828,0,297828,3495114.455,-0.627,0.048,0.051,-0.776,244,243,2964,1039,2959,2414,2705,2919,50,1.119,1,2292,1,44.268,0.267,-14.188,-30.875,-28.375,-0.133,-0.035,1.043,0.082,-0.254,0.320,0.106,0.036,0.998,1.298,2,NULL,NULL,,3,0,2,7,255,1168,250,0,0
stim,267707,297828,0,297828,3495119.455,-0.627,0.046,0.051,-0.776,140,199,2973,869,2975,2395,2711,2925,50,1.119,1,2292,1,42.945,0.267,-13.500,-33.000,-23.938,-0.086,-0.043,1.027,0.082,-0.254,0.320,0.108,0.034,0.998,1.298,2,NULL,NULL,,3,0,2,7,255,1168,250,0,0
stim,267707,297828,0,297828,3495124.455,-0.626,0.044,0.050,-0.777,59,152,2995,651,2987,2363,2733,2933,50,1.119,1,2292,1,44.086,0.615,-7.938,-34.375,-26.438,-0.055,-0.070,0.992,-0.105,-0.605,0.277,0.108,0.034,0.998,1.298,2,NULL,NULL,,3,0,2,7,255,1168,250,0,0
stim,267707,297828,0,297828,3495129.454,-0.626,0.043,0.049,-0.777,29,103,2995,441,2998,2332,2757,2939,50,1.119,1,2292,1,39.187,0.676,4.563,-38.063,-8.125,-0.070,-0.035,1.012,-0.105,-0.668,0.105,0.110,0.034,0.998,1.298,2,NULL,NULL,,3,0,2,7,255,1168,250,0,0
stim,267707,297828,0,297828,3495134.457,-0.625,0.042,0.048,-0.778,5,68,3000,288,3005,2313,2785,2943,50,1.119,1,2292,1,44.016,0.669,7.750,-40.438,-15.563,-0.105,0.004,1.063,-0.043,-0.668,0.105,0.110,0.032,0.998,1.298,2,NULL,NULL,,3,0,2,7,255,1168,250,0,0
stim,267707,297828,0,297828,3495139.453,-0.625,0.041,0.046,-0.778,0,43,3016,179,3016,2295,2795,2955,50,1.119,1,2292,1,45.682,0.701,10.688,-43.125,-10.625,-0.098,0.023,1.082,0.418,-0.563,0.637,0.110,0.032,0.998,1.298,2,NULL,NULL,,3,0,2,7,255,1168,250,0,0
stim,267707,297828,0,297828,3495144.455,-0.625,0.040,0.044,-0.779,0,19,3015,139,3018,2276,2825,2961,50,1.119,1,2292,1,52.726,0.619,19.688,-47.188,-12.875,-0.188,-0.035,1.176,0.418,-0.457,0.801,0.108,0.036,0.998,1.298,2,NULL,NULL,,3,0,2,7,255,1168,250,0,0
stim,267707,297828,0,297828,3495149.453,-0.626,0.040,0.040,-0.778,0,7,3016,115,3027,2239,2837,2987,50,1.119,1,2292,1,86.774,0.511,59.438,-58.938,22.875,-0.402,-0.070,1.547,0.363,0.359,1.863,0.106,0.040,0.998,1.298,2,NULL,NULL,,3,0,2,7,255,1168,250,0,0
stim,267707,297829,0,297829,3495154.455,-0.626,0.038,0.038,-0.778,0,3,3017,97,3035,2202,2855,2959,50,1.119,1,2292,1,73.677,1.646,18.063,-67.688,22.813,-0.363,-0.023,1.660,0.363,1.605,5.711,0.102,0.046,0.998,1.298,2,NULL,NULL,,3,0,2,7,255,1168,250,0,0
stim,267707,297829,0,297829,3495159.454,-0.626,0.034,0.038,-0.778,0,0,3021,73,3051,2167,2875,2975,50,1.119,1,2292,0,83.902,1.646,-54.625,-61.938,-14.813,-0.195,-0.117,1.254,0.363,1.605,5.711,0.096,0.054,0.998,1.298,3,NULL,NULL,,3,0,2,7,255,1168,250,0,0
stim,267740,297861,0,297861,3495164.454,-0.626,0.031,0.038,-0.778,0,0,3027,43,3047,2109,2885,2969,50,1.119,1,2292,0,83.158,0.853,-47.938,-67.875,-3.188,-0.113,-0.102,0.965,-0.488,0.699,2.652,0.094,0.058,0.998,1.298,3,NULL,NULL,,3,0,2,7,255,1168,250,0,0
stim,267740,297861,0,297861,3495169.455,-0.627,0.028,0.036,-0.777,0,0,3035,0,3065,2028,2905,2973,50,1.119,1,2292,0,79.289,0.853,-0.750,-76.063,22.375,-0.191,0.008,1.000,-0.488,0.699,0.090,0.092,0.062,0.998,1.298,3,NULL,NULL,,3,0,2,7,255,1168,250,0,0
stim,267740,297861,0,297861,3495174.454,-0.628,0.026,0.033,-0.777,0,0,3033,0,3067,1948,2911,2969,50,1.119,1,2292,0,81.921,1.035,14.375,-80.125,9.188,-0.219,0.078,1.102,0.684,0.777,0.090,0.088,0.068,0.998,1.298,3,NULL,NULL,,3,0,2,7,255,1168,250,0,0
stim,267740,297861,0,297861,3495179.455,-0.628,0.024,0.031,-0.777,0,0,3027,0,3065,1867,2921,2979,50,1.119,1,2292,0,84.893,1.126,13.500,-83.813,0.250,-0.250,-0.039,1.215,0.684,0.895,1.078,0.082,0.076,0.998,1.298,3,NULL,NULL,,3,0,2,7,255,1168,250,0,0
stim,267740,297861,0,297861,3495184.454,-0.628,0.021,0.028,-0.777,0,0,3016,0,3081,1783,2933,2981,50,1.119,1,2292,0,89.273,1.118,10.875,-88.438,5.500,-0.199,-0.082,1.316,0.449,1.023,2.242,0.076,0.086,0.998,1.298,3,NULL,NULL,,3,0,2,7,255,1168,250,0,0
stim,267740,297861,0,297861,3495189.455,-0.629,0.018,0.026,-0.777,0,0,3019,0,3091,1662,2955,2965,50,1.119,1,2292,0,91.470,1.024,-9.688,-90.938,1.813,-0.168,-0.133,1.223,-0.023,1.023,2.301,0.072,0.094,0.998,1.298,3,NULL,NULL,,3,0,2,7,255,1168,250,0,0
stim,267762,297883,0,297883,3495194.453,-0.629,0.014,0.024,-0.777,0,0,3017,0,3081,1563,2957,2965,50,1.119,1,2292,0,95.676,1.181,-12.438,-94.375,9.625,-0.172,-0.180,1.137,-0.590,1.023,2.301,0.066,0.102,0.998,1.298,3,NULL,NULL,,3,0,2,7,255,1168,250,0,0
stim,267762,297883,0,297883,3495199.455,-0.630,0.011,0.022,-0.776,0,0,3015,0,3091,1401,2973,2963,50,1.119,1,2292,0,99.535,1.185,-7.500,-98.438,12.688,-0.156,-0.102,1.125,-0.590,1.027,1.469,0.064,0.112,0.998,1.298,3,NULL,NULL,,3,0,2,7,255,1168,250,0,0
stim,267762,297883,0,297883,3495204.454,-0.630,0.007,0.019,-0.776,0,0,3013,0,3089,1244,2981,2957,50,1.119,1,2292,0,102.682,1.319,-3.813,-102.000,11.188,-0.172,-0.117,1.074,-0.422,1.250,1.301,0.060,0.120,0.998,1.298,3,NULL,NULL,,3,0,2,7,255,1168,250,0,0
stim,267762,297883,0,297883,3495209.455,-0.631,0.004,0.016,-0.776,0,0,3002,0,3091,1075,2981,2956,50,1.119,1,2292,0,107.977,1.401,9.813,-106.688,13.438,-0.215,-0.133,1.105,-0.422,1.336,1.133,0.060,0.128,0.998,1.298,3,NULL,NULL,,3,0,2,7,255,1168,250,0,0
stim,267801,297922,0,297922,3495214.454,-0.631,0.001,0.013,-0.775,0,0,2991,0,3089,861,2987,2939,50,1.119,1,2292,0,112.211,1.732,11.250,-111.438,6.813,-0.191,-0.109,1.188,-0.422,1.680,1.133,0.060,0.138,0.998,1.298,3,NULL,NULL,,3,0,2,7,255,1168,250,0,0
stim,267801,297922,0,297922,3495219.455,-0.632,-0.003,0.009,-0.775,0,0,2983,0,3097,692,2992,2935,50,1.119,1,2292,0,115.703,1.741,3.875,-115.625,1.750,-0.164,-0.133,1.184,-0.457,1.680,1.844,0.060,0.150,0.998,1.298,3,NULL,NULL,,3,0,2,7,255,1168,250,0,0
stim,267801,297922,0,297922,3495224.454,-0.632,-0.007,0.006,-0.775,0,0,2975,0,3107,554,3000,2927,50,1.119,1,2292,0,119.227,1.635,-0.188,-119.125,4.938,-0.137,-0.133,1.168,-0.480,1.563,1.844,0.060,0.160,0.998,1.298,3,NULL,NULL,,3,0,2,7,255,1168,250,0,0
stim,267801,297922,0,297922,3495229.455,-0.632,-0.011,0.003,-0.775,0,0,2943,0,3107,400,3015,2915,50,1.119,1,2292,0,124.565,1.635,-4.375,-124.375,5.313,-0.164,-0.117,1.121,-0.480,1.563,1.695,0.064,0.172,0.998,1.298,3,NULL,NULL,,3,0,2,7,255,1168,250,0,0
stim,267801,297922,0,297922,3495234.453,-0.632,-0.015,-0.000,-0.774,0,0,2935,0,3112,199,3016,2902,50,1.119,1,2292,0,129.851,1.809,2.938,-129.813,-1.188,-0.176,-0.117,1.094,-0.336,1.777,1.215,0.066,0.184,0.998,1.298,3,NULL,NULL,,3,0,2,7,255,1168,250,0,0
stim,267801,297922,0,297922,3495239.455,-0.632,-0.019,-0.004,-0.774,0,0,2919,0,3098,74,3017,2871,50,1.119,1,2292,0,135.238,1.800,11.688,-134.563,-6.750,-0.129,-0.086,1.086,-0.285,1.777,0.914,0.068,0.192,0.998,1.298,3,NULL,NULL,,3,0,2,7,255,1168,250,0,0
stim,267801,297922,0,297922,3495244.454,-0.632,-0.023,-0.009,-0.775,0,0,2895,0,3108,36,3031,2853,50,1.119,1,2292,0,140.391,1.619,19.625,-138.125,-15.688,-0.078,-0.008,1.105,-0.082,1.617,0.914,0.066,0.202,0.998,1.298,3,NULL,NULL,,3,0,2,7,255,1168,250,0,0
stim,267801,297922,0,297922,3495249.455,-0.632,-0.027,-0.013,-0.775,0,0,2853,0,3100,0,3026,2825,50,1.119,1,2292,0,145.405,1.248,22.500,-143.000,-13.688,-0.051,0.059,1.191,0.594,1.098,0.949,0.064,0.212,0.998,1.298,3,NULL,NULL,,3,0,2,7,255,1168,250,0,0
stim,267822,297943,0,297943,3495254.453,-0.632,-0.031,-0.019,-0.775,0,0,2825,0,3097,0,3031,2807,50,1.119,1,2292,0,152.017,1.652,30.250,-148.813,-7.000,-0.113,0.102,1.352,1.234,1.098,1.777,0.062,0.222,0.998,1.298,3,NULL,NULL,,3,0,2,7,255,1168,250,0,0
stim,267822,297943,0,297943,3495259.455,-0.631,-0.036,-0.024,-0.774,0,0,2773,0,3099,0,3033,2759,50,1.119,1,2292,0,156.433,2.463,21.750,-154.750,-7.125,-0.109,0.156,1.539,1.844,1.633,3.270,0.060,0.234,0.998,1.298,3,NULL,NULL,,3,0,2,7,255,1168,250,0,0
stim,267822,297944,0,297944,3495264.454,-0.631,-0.041,-0.028,-0.774,0,0,2727,0,3093,0,3043,2719,50,1.119,1,2292,0,158.405,2.970,-5.250,-158.188,-6.438,-0.059,0.160,1.660,2.480,1.633,5.059,0.060,0.246,0.998,1.298,3,NULL,NULL,,3,0,2,7,255,1168,250,0,0
stim,267822,297944,0,297944,3495269.455,-0.631,-0.047,-0.032,-0.774,0,0,2663,0,3087,0,3032,2680,50,1.119,1,2292,0,166.737,3.107,-19.188,-165.563,4.688,-0.152,0.156,1.668,2.523,1.813,6.195,0.066,0.262,0.998,1.298,3,NULL,NULL,,3,0,2,7,255,1168,250,0,0
stim,267844,297965,0,297965,3495274.454,-0.632,-0.053,-0.036,-0.772,0,0,2605,0,3081,0,3031,2612,50,1.119,1,2292,0,181.143,3.864,-11.563,-179.063,24.813,-0.262,0.199,1.777,2.723,2.742,6.262,0.080,0.282,0.998,1.298,3,NULL,NULL,,3,0,2,7,255,1168,250,0,0
stim,267844,297965,0,297965,3495279.455,-0.633,-0.060,-0.041,-0.771,0,0,2536,0,3065,0,3037,2554,50,1.119,1,2292,0,199.161,5.358,-12.563,-196.313,31.125,-0.387,0.359,2.027,3.480,4.074,7.043,0.104,0.310,0.998,1.298,3,NULL,NULL,,3,0,2,7,255,1168,250,0,0
stim,267844,297965,0,297965,3495284.454,-0.633,-0.069,-0.045,-0.769,0,0,2453,0,3053,0,3023,2456,50,1.119,1,2292,0,220.504,7.839,-42.750,-214.500,28.000,-0.453,0.457,2.066,5.523,5.563,9.141,0.134,0.342,0.998,1.298,3,NULL,NULL,,3,0,2,7,255,1168,250,0,0
stim,267844,297965,0,297965,3495289.455,-0.634,-0.078,-0.050,-0.768,0,0,2376,0,3045,0,3021,2335,50,1.119,1,2292,0,240.131,9.275,-56.813,-232.250,22.250,-0.457,0.496,2.004,6.719,6.395,9.141,0.172,0.380,0.998,1.298,3,NULL,NULL,,3,0,2,7,255,1168,250,0,0
stim,267844,297965,0,297965,3495294.453,-0.634,-0.088,-0.054,-0.766,0,0,2267,0,3026,0,2999,2223,50,1.119,1,2292,0,261.183,9.764,-65.313,-251.750,23.938,-0.414,0.551,2.051,7.227,6.566,8.684,0.212,0.424,0.998,1.298,3,NULL,NULL,,3,0,2,7,255,1168,250,0,0
stim,267844,297965,0,297965,3495299.455,-0.634,-0.100,-0.059,-0.764,0,0,2159,0,3006,28,2983,2098,50,1.119,1,2292,0,285.824,10.250,-87.125,-270.625,29.438,-0.359,0.559,2.016,7.871,6.566,8.398,0.260,0.470,0.998,1.298,3,NULL,NULL,,3,0,2,7,255,1168,250,0,0
stim,267904,298025,0,298025,3495304.453,-0.635,-0.112,-0.063,-0.762,0,0,2054,0,2989,64,2967,1965,50,1.119,1,2292,0,307.614,10.374,-97.125,-289.750,35.188,-0.352,0.563,1.980,8.031,6.566,8.203,0.308,0.520,0.998,1.298,3,NULL,NULL,,3,0,2,7,255,1168,250,0,0
stim,267904,298025,0,298025,3495309.455,-0.635,-0.125,-0.068,-0.759,0,0,1958,0,2972,75,2935,1873,50,1.119,1,2292,0,327.366,10.620,-100.688,-308.813,40.813,-0.414,0.566,2.074,8.250,6.688,8.059,0.364,0.576,0.998,1.298,3,NULL,NULL,,3,0,2,7,255,1168,250,0,0
stim,267905,298026,0,298026,3495314.454,-0.635,-0.139,-0.073,-0.756,0,0,1840,0,2927,75,2890,1756,50,1.119,1,2292,0,346.396,11.800,-104.750,-327.250,43.875,-0.555,0.613,2.207,8.742,7.926,8.059,0.426,0.640,0.998,1.298,3,NULL,NULL,,3,0,2,7,255,1168,250,0,0
stim,267905,298026,0,298026,3495319.455,-0.634,-0.154,-0.079,-0.753,0,0,1765,0,2891,75,2834,1633,50,1.119,1,2292,0,360.712,13.988,-104.438,-344.125,28.000,-0.672,0.699,2.504,9.805,9.977,8.477,0.494,0.710,0.998,1.298,3,NULL,NULL,,3,0,2,7,255,1168,250,0,0
stim,267906,298027,0,298027,3495324.454,-0.633,-0.169,-0.085,-0.751,0,0,1701,0,2843,71,2769,1511,50,1.119,1,2292,0,381.370,16.873,-114.438,-363.625,11.125,-0.715,0.715,2.813,11.520,12.328,10.313,0.572,0.788,0.998,1.298,3,NULL,NULL,,3,0,2,7,255,1168,250,0,0
stim,267906,298027,0,298027,3495329.455,-0.631,-0.185,-0.091,-0.748,0,0,1594,0,2773,59,2664,1383,50,1.119,1,2292,0,411.575,19.028,-149.938,-383.188,8.938,-0.746,0.711,2.875,12.578,14.277,12.141,0.654,0.874,0.998,1.298,3,NULL,NULL,,3,0,2,7,255,1168,250,0,0
stim,267906,298027,0,298027,3495334.453,-0.628,-0.203,-0.096,-0.745,0,0,1455,0,2696,29,2535,1247,50,1.119,1,2292,0,432.948,20.000,-180.313,-393.438,-11.750,-0.734,0.629,2.813,12.668,15.477,12.141,0.744,0.964,0.998,1.298,3,NULL,NULL,,3,0,2,7,255,1168,250,0,0
stim,267906,298027,0,298027,3495339.455,-0.624,-0.221,-0.101,-0.743,0,0,1293,0,2597,1,2379,1101,50,1.119,1,2292,0,445.420,20.394,-183.375,-404.938,-28.250,-0.715,0.605,2.750,12.754,15.914,10.969,0.838,1.060,0.998,1.298,3,NULL,NULL,,3,0,2,7,255,1168,250,0,0
stim,267907,298028,0,298028,3495344.453,-0.620,-0.240,-0.106,-0.740,0,0,1095,0,2455,0,2156,944,50,1.119,1,2292,0,463.845,20.527,-196.500,-419.063,-30.438,-0.656,0.465,2.688,12.668,16.152,9.766,0.932,1.158,0.998,1.298,3,NULL,NULL,,3,0,2,7,255,1168,250,0,0
stim,267907,298028,0,298028,3495349.455,-0.615,-0.260,-0.111,-0.736,0,0,873,0,2276,0,1883,872,50,1.119,1,2292,0,485.707,19.953,-216.313,-434.375,-20.938,-0.520,0.113,2.484,11.715,16.152,8.879,1.020,1.248,0.998,1.298,3,NULL,NULL,,3,0,2,7,255,1168,250,0,0
stim,267926,298047,0,298047,3495354.454,-0.610,-0.280,-0.116,-0.732,0,0,615,0,2041,0,1516,711,50,1.119,1,2292,0,502.441,17.638,-219.938,-451.688,-7.250,-0.352,-0.352,2.039,8.242,15.594,7.695,1.096,1.328,0.998,1.298,3,NULL,NULL,,3,0,2,7,255,1168,250,0,0
stim,267926,298047,0,298047,3495359.455,-0.606,-0.300,-0.122,-0.726,0,0,371,0,1796,0,1033,595,50,1.119,1,2292,0,500.048,14.020,-193.000,-461.125,12.750,-0.133,-0.469,1.531,2.930,13.711,5.164,1.162,1.396,0.998,1.298,3,NULL,NULL,,3,0,2,7,255,1168,250,0,0
stim,267926,298047,0,298047,3495364.454,-0.603,-0.318,-0.130,-0.720,0,0,277,0,1463,0,479,471,50,1.119,1,2292,0,481.555,10.231,-130.750,-463.375,9.125,0.074,-0.313,1.266,1.098,10.172,2.180,1.218,1.456,0.998,1.298,3,NULL,NULL,,3,0,2,7,255,1168,250,0,0
stim,267926,298047,0,298047,3495369.455,-0.601,-0.334,-0.140,-0.713,0,0,162,0,1127,0,169,391,50,1.119,1,2292,0,468.456,9.897,-32.000,-467.000,18.375,0.000,-0.133,1.645,1.098,9.836,2.180,1.274,1.514,0.998,1.298,3,NULL,NULL,,3,0,2,7,255,1168,250,0,0
stim,267926,298047,0,298047,3495374.453,-0.600,-0.349,-0.152,-0.704,0,0,103,0,709,0,0,334,50,1.119,1,2292,0,478.713,10.666,2.625,-474.125,66.063,-0.305,0.070,2.289,4.125,9.836,2.254,1.342,1.586,0.998,1.298,3,NULL,NULL,,3,0,2,7,255,1168,250,0,0
stim,267926,298047,0,298047,3495379.455,-0.600,-0.366,-0.160,-0.693,0,0,105,0,298,0,0,261,50,1.119,1,2292,0,503.873,18.004,-52.875,-484.500,127.875,-0.734,0.152,2.477,8.262,15.996,2.254,1.424,1.672,0.998,1.298,3,NULL,NULL,,3,0,2,7,255,1168,250,0,0
stim,267954,298075,0,298075,3495384.453,-0.600,-0.386,-0.166,-0.681,0,0,95,0,0,0,0,139,50,1.119,1,2292,0,533.956,21.399,-145.438,-486.125,166.250,-0.984,0.531,2.059,9.746,19.051,1.172,1.512,1.762,0.998,1.298,3,NULL,NULL,,3,0,2,7,255,1168,250,0,0
stim,267954,298075,0,298075,3495389.455,-0.597,-0.406,-0.168,-0.671,0,0,62,0,0,0,0,102,50,1.119,1,2292,0,530.015,22.410,-223.813,-460.938,135.500,-0.891,1.195,1.328,11.801,19.051,-5.223,1.598,1.850,0.998,1.298,4,NULL,NULL,,3,0,2,7,255,1168,250,0,0
stim,267954,298075,0,298075,3495394.454,-0.593,-0.425,-0.171,-0.662,0,0,45,0,0,0,0,29,50,1.119,1,2292,0,495.433,19.389,-228.375,-430.875,87.438,-0.664,1.633,0.863,15.266,11.953,-11.699,1.680,1.934,0.998,1.298,0,NULL,NULL,,3,0,2,7,255,1168,250,0,0
stim,267954,298075,0,298075,3495399.455,-0.589,-0.443,-0.173,-0.654,0,0,59,0,0,0,0,30,50,1.119,1,2292,0,459.499,17.286,-217.500,-395.938,84.063,-0.656,1.504,0.852,16.176,6.094,-14.680,1.758,2.012,0.998,1.298,0,NULL,NULL,,3,0,2,7,255,1168,250,0,0
stim,267954,298075,0,298075,3495404.453,-0.584,-0.461,-0.171,-0.646,0,0,61,0,0,0,0,56,50,1.119,1,2292,0,463.561,17.270,-292.250,-341.875,112.250,-0.602,0.980,0.719,16.176,6.051,-14.680,1.826,2.080,0.998,1.298,0,NULL,NULL,,3,0,2,7,255,1168,250,0,0
stim,267954,298075,0,298075,3495409.455,-0.577,-0.477,-0.167,-0.642,0,0,52,0,0,0,0,76,50,1.119,1,2292,0,439.958,12.467,-341.188,-271.750,57.500,-0.285,0.418,0.270,10.906,6.039,-14.137,1.880,2.138,0.998,1.298,0,NULL,NULL,,3,0,2,7,255,1168,250,0,0
stim,267978,298099,0,298099,3495414.455,-0.571,-0.488,-0.165,-0.639,0,0,50,0,0,0,0,115,50,1.119,1,2292,0,298.469,4.954,-236.750,-181.750,0.250,-0.121,-0.367,-0.148,4.379,2.316,-12.262,1.926,2.186,0.998,1.298,0,NULL,NULL,,3,0,2,7,255,1168,250,0,0
stim,267978,298099,0,298099,3495419.455,-0.568,-0.494,-0.165,-0.637,0,0,45,0,0,0,0,155,50,1.119,1,2292,0,153.911,4.663,-87.063,-126.125,14.188,-0.328,-0.758,0.359,-4.047,2.316,-10.156,1.968,2.230,0.998,1.298,0,NULL,NULL,,3,0,2,7,255,1168,250,0,0
stim,267978,298099,0,298099,3495424.454,-0.567,-0.498,-0.164,-0.636,0,0,41,0,0,0,0,117,50,1.119,1,2292,0,93.721,7.951,-72.563,-58.250,11.188,-0.609,-0.508,0.949,-4.047,6.844,-8.781,2.004,2.270,0.998,1.298,0,NULL,NULL,,3,0,2,7,255,1168,250,0,0
stim,267978,298099,0,298099,3495429.455,-0.563,-0.501,-0.160,-0.638,0,0,47,0,0,0,0,113,50,1.119,1,2292,0,159.875,7.451,-157.938,21.688,-12.063,-0.598,0.051,0.586,-0.813,7.406,-8.781,2.036,2.304,0.998,1.298,0,NULL,NULL,,3,0,2,7,255,1168,250,0,0
stim,268003,298124,0,298124,3495434.454,-0.560,-0.502,-0.153,-0.641,0,0,43,0,0,0,0,100,50,1.119,1,2292,0,191.837,7.768,-167.188,93.313,-11.938,-0.426,0.664,-0.348,2.344,7.406,-12.285,2.060,2.330,0.998,1.298,0,NULL,NULL,,3,0,2,7,255,1168,250,0,0
stim,268003,298124,0,298124,3495439.455,-0.559,-0.500,-0.148,-0.645,0,0,43,0,0,0,0,87,50,1.119,1,2292,0,154.052,4.110,-57.438,142.938,1.313,-0.430,0.855,-0.590,3.238,-2.531,-17.184,2.078,2.350,0.998,1.298,0,NULL,NULL,,3,0,2,7,255,1168,250,0,0
stim,268003,298124,0,298124,3495444.453,-0.561,-0.494,-0.145,-0.648,0,0,34,0,0,0,0,68,50,1.119,1,2292,0,180.098,4.415,45.938,174.125,2.375,-0.590,0.547,0.055,3.617,-2.531,-17.184,2.096,2.370,0.998,1.298,0,NULL,NULL,,3,0,2,7,255,1168,250,0,0
stim,268003,298124,0,298124,3495449.455,-0.563,-0.487,-0.142,-0.653,0,0,24,0,0,0,0,71,50,1.119,1,2292,0,203.001,4.235,44.438,197.813,-10.250,-0.641,0.180,0.621,3.816,1.836,-16.258,2.118,2.394,0.998,1.298,0,NULL,NULL,,3,0,2,7,255,1168,250,0,0
stim,268023,298144,0,298144,3495454.453,-0.564,-0.481,-0.137,-0.658,0,0,22,0,0,0,0,59,50,1.119,1,2292,0,213.759,7.884,-8.000,213.250,-12.375,-0.539,0.090,0.578,3.816,6.898,-12.594,2.140,2.420,0.998,1.298,0,NULL,NULL,,3,0,2,7,255,1168,250,0,0
stim,268023,298144,0,298144,3495459.455,-0.564,-0.475,-0.130,-0.663,0,0,10,0,0,0,0,59,50,1.119,1,2292,0,223.785,7.529,-31.875,221.500,1.250,-0.430,0.219,0.164,3.016,6.898,-12.594,2.160,2.440,0.998,1.298,0,NULL,NULL,,3,0,2,7,255,1168,250,0,0
stim,268023,298144,0,298144,3495464.454,-0.565,-0.469,-0.124,-0.667,0,0,9,0,0,0,0,68,50,1.119,1,2292,0,225.875,3.684,-7.313,225.125,16.875,-0.410,0.363,-0.141,2.203,2.953,-13.082,2.176,2.458,0.998,1.298,0,NULL,NULL,,3,0,2,7,255,1168,250,0,0
stim,268023,298144,0,298144,3495469.455,-0.568,-0.462,-0.119,-0.671,0,0,11,0,0,0,0,71,50,1.119,1,2292,0,231.184,2.214,32.313,227.813,22.438,-0.422,0.406,-0.168,2.191,0.313,-14.953,2.190,2.476,0.998,1.298,0,NULL,NULL,,3,0,2,7,255,1168,250,0,0
stim,268023,298144,0,298144,3495474.454,-0.571,-0.453,-0.115,-0.675,0,0,1,0,0,0,0,71,50,1.119,1,2292,0,239.683,2.214,56.250,231.750,24.000,-0.383,0.359,-0.078,2.191,0.313,-14.953,2.204,2.492,0.998,1.298,0,NULL,NULL,,3,0,2,7,255,1168,250,0,0
stim,268023,298144,0,298144,3495479.455,-0.574,-0.445,-0.111,-0.679,0,0,0,0,0,0,0,75,50,1.119,1,2292,0,247.503,2.312,65.750,236.563,31.188,-0.320,0.293,-0.035,2.191,0.738,-14.367,2.220,2.510,0.998,1.298,0,NULL,NULL,,3,0,2,7,255,1168,250,0,0
stim,268054,298175,0,298175,3495484.453,-0.577,-0.436,-0.106,-0.682,0,0,0,0,0,0,0,79,50,1.119,1,2292,0,256.562,2.232,76.563,240.875,44.063,-0.301,0.242,-0.031,2.043,0.898,-13.383,2.238,2.532,0.998,1.298,0,NULL,NULL,,3,0,2,7,255,1168,250,0,0
stim,268054,298175,0,298175,3495489.455,-0.582,-0.426,-0.102,-0.685,0,0,0,0,0,0,0,85,50,1.119,1,2292,0,267.075,2.008,93.875,243.938,54.875,-0.344,0.227,0.012,1.746,0.992,-13.000,2.260,2.554,0.998,1.298,0,NULL,NULL,,3,0,2,7,255,1168,250,0,0
stim,268054,298175,0,298175,3495494.453,-0.586,-0.416,-0.098,-0.688,0,0,0,0,0,0,0,81,50,1.119,1,2292,0,276.265,2.442,111.813,245.938,57.750,-0.402,0.234,0.125,1.746,1.707,-12.949,2.282,2.580,0.998,1.298,0,NULL,NULL,,3,0,2,7,255,1168,250,0,0
stim,268054,298175,0,298175,3495499.455,-0.591,-0.406,-0.094,-0.691,0,0,0,0,0,0,0,81,50,1.119,1,2292,0,281.436,3.695,122.125,247.563,54.813,-0.414,0.266,0.297,2.387,2.820,-12.621,2.310,2.610,0.998,1.298,0,NULL,NULL,,3,0,2,7,255,1168,250,0,0
stim,268054,298175,0,298175,3495504.454,-0.595,-0.395,-0.091,-0.693,0,0,1,0,0,0,0,75,50,1.119,1,2292,0,282.344,5.226,120.250,249.938,52.813,-0.387,0.289,0.457,3.477,3.902,-11.633,2.340,2.640,0.998,1.298,0,NULL,NULL,,3,0,2,7,255,1168,250,0,0
stim,268054,298175,0,298175,3495509.455,-0.600,-0.385,-0.087,-0.696,0,0,5,0,0,0,0,75,50,1.119,1,2292,0,281.654,6.396,111.688,252.875,53.938,-0.379,0.285,0.570,4.426,4.617,-10.367,2.372,2.676,0.998,1.298,0,NULL,NULL,,3,0,2,7,255,1168,250,0,0
stim,268101,298222,0,298222,3495514.453,-0.604,-0.375,-0.082,-0.699,0,0,7,0,0,0,0,76,50,1.119,1,2292,0,280.779,7.143,100.688,256.625,53.313,-0.410,0.262,0.648,4.898,5.199,-9.414,2.406,2.712,0.998,1.298,0,NULL,NULL,,3,0,2,7,255,1168,250,0,0
stim,268101,298222,0,298222,3495519.455,-0.607,-0.364,-0.077,-0.702,0,0,7,0,0,0,0,83,50,1.119,1,2292,0,280.028,7.711,89.125,261.250,47.125,-0.438,0.234,0.688,4.957,5.906,-8.824,2.442,2.750,0.998,1.298,0,NULL,NULL,,3,0,2,7,255,1168,250,0,0
stim,268101,298222,0,298222,3495524.454,-0.610,-0.354,-0.072,-0.705,0,0,13,0,0,0,0,83,50,1.119,1,2292,0,280.980,8.112,78.938,266.938,38.250,-0.449,0.195,0.699,4.957,6.422,-8.430,2.480,2.790,0.998,1.298,0,NULL,NULL,,3,0,2,7,255,1168,250,0,0
stim,268101,298222,0,298222,3495529.455,-0.613,-0.344,-0.067,-0.708,0,0,15,0,0,0,0,87,50,1.119,1,2292,0,283.916,8.106,71.438,273.125,30.125,-0.465,0.145,0.703,4.660,6.633,-8.082,2.518,2.832,0.998,1.298,0,NULL,NULL,,3,0,2,7,255,1168,250,0,0
stim,268101,298222,0,298222,3495534.454,-0.615,-0.333,-0.061,-0.712,0,0,16,0,0,0,0,89,50,1.119,1,2292,0,288.549,8.018,65.750,280.125,21.625,-0.492,0.105,0.703,4.223,6.816,-7.766,2.556,2.872,0.998,1.298,0,NULL,NULL,,3,0,2,7,255,1168,250,0,0
stim,268101,298222,0,298222,3495539.455,-0.617,-0.323,-0.055,-0.716,0,0,17,0,0,0,0,86,50,1.119,1,2292,0,294.810,8.096,62.500,287.938,9.938,-0.508,0.082,0.695,3.902,7.094,-7.590,2.592,2.912,0.998,1.298,0,NULL,NULL,,3,0,2,7,255,1168,250,0,0
stim,268101,298222,0,298222,3495544.454,-0.618,-0.312,-0.049,-0.720,0,0,11,0,0,0,0,85,50,1.119,1,2292,0,303.352,7.984,63.188,296.688,-2.500,-0.508,0.063,0.676,3.664,7.094,-7.457,2.630,2.950,0.998,1.298,0,NULL,NULL,,3,0,2,7,255,1168,250,0,0
stim,268101,298222,0,298222,3495549.455,-0.619,-0.300,-0.044,-0.725,0,0,12,0,0,0,0,91,50,1.119,1,2292,0,313.152,7.827,68.125,305.375,-13.000,-0.500,0.055,0.676,3.438,7.031,-7.301,2.664,2.988,0.998,1.298,0,NULL,NULL,,3,0,2,7,255,1168,250,0,0
stim,268101,298222,0,298222,3495554.453,-0.619,-0.288,-0.038,-0.729,0,0,10,0,0,0,0,89,50,1.119,1,2292,0,322.984,7.732,76.000,313.063,-23.125,-0.504,0.059,0.699,3.438,6.926,-7.055,2.698,3.024,0.998,1.298,0,NULL,NULL,,3,0,2,7,255,1168,250,0,0
stim,268101,298222,0,298222,3495559.455,-0.619,-0.276,-0.033,-0.734,0,0,12,0,0,0,0,85,50,1.119,1,2292,0,332.282,7.767,85.000,319.375,-34.438,-0.500,0.063,0.750,3.516,6.926,-6.672,2.730,3.058,0.998,1.298,0,NULL,NULL,,3,0,2,7,255,1168,250,0,0
stim,268130,298251,0,298251,3495564.454,-0.619,-0.263,-0.028,-0.740,0,0,9,0,0,0,0,91,50,1.119,1,2292,0,340.848,7.874,93.688,324.250,-47.563,-0.426,0.086,0.809,3.746,6.926,-6.043,2.762,3.092,0.998,1.298,0,NULL,NULL,,3,0,2,7,255,1168,250,0,0
stim,268130,298251,0,298251,3495569.455,-0.618,-0.249,-0.023,-0.745,0,0,9,0,0,0,0,95,50,1.119,1,2292,0,347.809,7.371,99.438,328.250,-57.750,-0.281,0.063,0.813,3.746,6.348,-5.078,2.790,3.122,0.998,1.298,0,NULL,NULL,,3,0,2,7,255,1168,250,0,0
stim,268130,298251,0,298251,3495574.454,-0.618,-0.236,-0.018,-0.750,0,0,8,0,0,0,0,103,50,1.119,1,2292,0,350.654,6.206,111.188,328.000,-54.875,-0.207,0.027,0.742,3.734,4.957,-4.262,2.816,3.150,0.998,1.298,0,NULL,NULL,,3,0,2,7,255,1168,250,0,0
stim,268130,298251,0,298251,3495579.455,-0.617,-0.221,-0.015,-0.755,0,0,9,0,0,0,0,109,50,1.119,1,2292,0,357.570,5.574,140.688,324.500,-52.563,-0.234,0.082,0.805,3.723,4.148,-4.180,2.840,3.176,0.998,1.298,0,NULL,NULL,,3,0,2,7,255,1168,250,0,0
stim,268151,298272,0,298272,3495584.453,-0.616,-0.207,-0.012,-0.760,0,0,8,0,0,0,0,107,50,1.119,1,2292,0,363.053,5.453,156.813,321.625,-61.438,-0.180,0.180,0.969,3.723,3.984,-3.793,2.860,3.200,0.998,1.298,0,NULL,NULL,,3,0,2,7,255,1168,250,0,0
stim,268151,298272,0,298272,3495589.455,-0.616,-0.192,-0.010,-0.764,0,0,7,0,0,0,0,107,50,1.119,1,2292,0,362.040,5.558,160.938,319.063,-58.063,-0.012,0.125,1.023,4.199,3.641,-2.254,2.878,3.220,0.998,1.298,0,NULL,NULL,,3,0,2,7,255,1168,250,0,0
stim,268151,298272,0,298272,3495594.453,-0.616,-0.177,-0.007,-0.768,0,0,3,0,0,0,0,107,50,1.119,1,2292,0,358.520,4.724,166.063,315.938,-33.813,0.059,0.094,1.074,4.199,2.164,-0.953,2.896,3.238,0.998,1.298,0,NULL,NULL,,3,0,2,7,255,1168,250,0,0
stim,268151,298272,0,298272,3495599.455,-0.616,-0.161,-0.005,-0.771,0,0,5,0,0,0,0,109,50,1.119,1,2292,0,358.699,4.563,173.313,313.563,-17.500,-0.004,0.152,1.117,4.199,1.785,-0.078,2.912,3.256,0.998,1.298,0,NULL,NULL,,3,0,2,7,255,1168,250,0,0
stim,268203,298324,0,298324,3495604.454,-0.617,-0.146,-0.003,-0.773,0,0,5,0,0,0,0,109,50,1.119,1,2292,0,361.627,4.437,185.813,310.063,-10.438,-0.016,0.121,1.211,4.063,1.785,0.137,2.928,3.274,0.998,1.298,0,NULL,NULL,,3,0,2,7,255,1168,250,0,0
stim,268203,298325,0,298325,3495609.455,-0.618,-0.130,-0.001,-0.776,0,0,8,0,0,0,0,107,50,1.119,1,2292,0,365.570,4.476,194.750,309.375,-1.063,-0.055,0.105,1.313,4.063,1.879,1.211,2.944,3.292,0.998,1.298,0,NULL,NULL,,3,0,2,7,255,1168,250,0,0
stim,268203,298325,0,298325,3495614.454,-0.618,-0.114,0.000,-0.778,0,0,7,0,0,0,0,105,50,1.119,1,2292,0,368.836,4.610,200.813,309.375,1.063,-0.125,0.109,1.449,4.063,2.180,2.250,2.960,3.310,0.998,1.298,0,NULL,NULL,,3,0,2,7,255,1168,250,0,0
stim,268203,298325,0,298325,3495619.455,-0.619,-0.098,0.002,-0.779,0,0,7,0,0,0,0,103,50,1.119,1,2292,0,370.424,4.988,201.500,310.813,-2.750,-0.160,0.164,1.598,4.148,2.770,3.566,2.976,3.328,0.998,1.298,0,NULL,NULL,,3,0,2,7,255,1168,250,0,0
stim,268203,298325,0,298325,3495624.454,-0.619,-0.082,0.004,-0.781,0,0,9,0,0,0,0,101,50,1.119,1,2292,0,369.602,5.461,196.938,312.688,-6.938,-0.176,0.176,1.730,4.707,2.770,4.977,2.988,3.340,0.998,1.298,0,NULL,NULL,,3,0,2,7,255,1168,250,0,0
stim,268203,298325,0,298325,3495629.455,-0.619,-0.067,0.006,-0.782,0,0,10,0,0,0,0,105,50,1.119,1,2292,0,366.879,5.422,189.375,314.188,-4.813,-0.199,0.180,1.879,4.707,2.691,6.395,2.998,3.354,0.998,1.298,0,NULL,NULL,,3,0,2,7,255,1168,250,0,0
stim,268203,298325,0,298325,3495634.453,-0.619,-0.051,0.008,-0.784,0,0,9,0,0,0,0,107,50,1.119,1,2292,0,359.903,5.428,172.375,315.875,-6.313,-0.250,0.211,2.004,4.727,2.668,7.992,3.010,3.368,0.998,1.298,0,NULL,NULL,,3,0,2,7,255,1168,250,0,0
stim,268203,298325,0,298325,3495639.455,-0.618,-0.036,0.012,-0.785,0,0,9,0,0,0,0,107,50,1.119,1,2292,0,350.964,5.352,149.938,317.063,-12.875,-0.273,0.215,2.047,4.660,2.633,9.289,3.022,3.382,0.998,1.298,0,NULL,NULL,,3,0,2,7,255,1168,250,0,0
stim,268203,298325,0,298325,3495644.454,-0.617,-0.022,0.016,-0.786,0,0,12,0,0,0,0,105,50,1.119,1,2292,0,342.722,5.188,128.938,317.000,-18.563,-0.254,0.172,2.000,4.590,2.418,9.539,3.036,3.398,0.998,1.298,0,NULL,NULL,,3,0,2,7,255,1168,250,0,0
stim,268203,298325,0,298325,3495649.455,-0.616,-0.008,0.020,-0.787,0,0,19,0,0,0,0,107,50,1.119,1,2292,0,337.565,4.188,118.000,315.563,-21.125,-0.219,0.105,1.906,3.766,1.832,9.539,3.050,3.414,0.998,1.298,0,NULL,NULL,,3,0,2,7,255,1168,250,0,0
stim,268203,298325,0,298325,3495654.453,-0.615,0.006,0.024,-0.788,0,0,21,0,0,0,0,103,50,1.119,1,2292,0,334.627,2.941,118.375,312.250,-21.500,-0.203,0.059,1.832,2.680,1.211,8.762,3.062,3.426,0.998,1.298,0,NULL,NULL,,3,0,2,7,255,1168,250,0,0
stim,268204,298325,0,298325,3495659.455,-0.613,0.020,0.028,-0.789,0,0,22,0,0,0,0,105,50,1.119,1,2292,0,333.172,1.992,125.000,308.000,-22.688,-0.191,0.051,1.809,1.836,0.773,8.145,3.068,3.436,0.998,1.298,0,NULL,NULL,,3,0,2,7,255,1168,250,0,0
stim,268240,298361,0,298361,3495664.454,-0.611,0.035,0.031,-0.790,0,0,24,0,0,0,0,103,50,1.119,1,2292,0,332.963,1.435,134.938,303.438,-24.125,-0.145,0.055,1.805,1.414,0.242,7.953,3.072,3.440,0.998,1.298,0,NULL,NULL,,3,0,2,7,255,1168,250,0,0
stim,268240,298361,0,298361,3495669.455,-0.610,0.049,0.034,-0.790,0,0,23,0,0,0,0,103,50,1.119,1,2292,0,335.757,1.197,150.375,299.313,-23.063,-0.082,0.047,1.832,1.039,-0.594,7.953,3.072,3.442,0.998,1.298,0,NULL,NULL,,3,0,2,7,255,1168,250,0,0
stim,268240,298361,0,298361,3495674.454,-0.608,0.063,0.036,-0.791,0,0,24,0,0,0,0,103,50,1.119,1,2292,0,341.650,1.654,169.313,296.063,-20.125,-0.020,0.012,1.902,0.469,-1.586,8.086,3.066,3.438,0.998,1.298,0,NULL,NULL,,3,0,2,7,255,1168,250,0,0
stim,268240,298361,0,298361,3495679.455,-0.606,0.078,0.037,-0.791,0,0,25,0,0,0,0,117,50,1.119,1,2292,0,348.775,2.614,187.625,293.625,-15.000,0.051,-0.023,1.996,-0.406,-2.582,8.676,3.058,3.430,0.998,1.298,0,NULL,NULL,,3,0,2,7,255,1168,250,0,0
stim,268240,298361,0,298361,3495684.454,-0.604,0.093,0.038,-0.791,0,0,24,0,0,0,0,121,50,1.119,1,2292,0,356.642,3.904,204.063,292.313,-10.250,0.148,0.020,2.105,-1.367,-3.656,9.402,3.042,3.418,0.998,1.298,0,NULL,NULL,,3,0,2,7,255,1168,250,0,0
stim,268240,298361,0,298361,3495689.455,-0.602,0.109,0.038,-0.790,0,0,25,0,0,0,0,120,50,1.119,1,2292,0,366.474,5.528,221.438,291.938,-6.438,0.289,0.086,2.234,-1.766,-5.238,10.156,3.020,3.398,0.998,1.298,0,NULL,NULL,,3,0,2,7,255,1168,250,0,0
stim,268273,298394,0,298394,3495694.453,-0.600,0.126,0.038,-0.789,0,0,29,0,0,0,0,119,50,1.119,1,2292,0,376.438,7.651,237.188,292.313,-0.938,0.449,0.113,2.414,-2.121,-7.352,10.961,2.988,3.368,0.998,1.298,0,NULL,NULL,,3,0,2,7,255,1168,250,0,0
stim,268273,298394,0,298394,3495699.455,-0.598,0.142,0.037,-0.788,0,0,29,0,0,0,0,117,50,1.119,1,2292,0,382.530,10.135,245.750,293.063,7.125,0.590,0.098,2.617,-3.027,-9.672,12.086,2.948,3.328,0.998,1.298,0,NULL,NULL,,3,0,2,7,255,1168,250,0,0
stim,268273,298394,0,298394,3495704.454,-0.596,0.159,0.036,-0.786,0,0,29,0,0,0,0,121,50,1.119,1,2292,0,382.714,12.610,244.313,294.063,17.563,0.719,0.063,2.801,-4.434,-11.805,13.336,2.898,3.280,0.998,1.298,0,NULL,NULL,,3,0,2,7,255,1168,250,0,0
stim,268273,298394,0,298394,3495709.455,-0.595,0.175,0.036,-0.784,0,0,28,0,0,0,0,123,50,1.119,1,2292,0,377.811,15.010,233.938,295.313,28.375,0.840,0.055,2.930,-6.047,-13.738,14.281,2.840,3.222,0.998,1.298,0,NULL,NULL,,3,0,2,7,255,1168,250,0,0
stim,268318,298439,0,298439,3495714.454,-0.593,0.191,0.035,-0.781,0,0,31,0,0,0,0,143,50,1.119,1,2292,0,371.504,17.233,221.313,295.813,39.125,0.902,0.055,3.043,-7.293,-15.613,14.648,2.774,3.156,0.998,1.298,0,NULL,NULL,,3,0,2,7,255,1168,250,0,0
stim,268318,298439,0,298439,3495719.455,-0.593,0.207,0.033,-0.777,0,0,30,0,0,0,0,149,50,1.119,1,2292,0,389.445,18.862,268.875,270.063,80.250,0.949,0.328,3.688,-8.188,-16.992,14.984,2.698,3.080,0.998,1.298,0,NULL,NULL,,3,0,2,7,255,1168,250,0,0
stim,268318,298439,0,298439,3495724.454,-0.592,0.220,0.037,-0.775,0,0,31,0,0,0,0,151,50,1.119,1,2292,0,310.731,22.128,99.438,294.188,10.938,1.121,0.078,3.262,-8.320,-20.504,15.078,2.612,2.994,0.998,1.298,0,NULL,NULL,,3,0,2,7,255,1168,250,0,0
stim,268318,298439,0,298439,3495729.455,-0.591,0.230,0.044,-0.772,0,0,28,0,0,0,0,167,50,1.119,1,2292,0,301.696,22.881,17.438,300.938,12.375,1.375,-0.242,1.961,-10.156,-20.504,15.078,2.514,2.896,0.998,1.298,0,NULL,NULL,,3,0,2,7,255,1168,250,0,0
stim,268318,298439,0,298439,3495734.453,-0.591,0.243,0.047,-0.768,0,0,29,0,0,0,0,169,50,1.119,1,2292,0,319.551,22.994,128.188,284.750,67.813,1.754,0.168,1.773,-10.156,-20.629,1.480,2.410,2.790,0.998,1.298,0,NULL,NULL,,3,0,2,7,255,1168,250,0,0
stim,268318,298439,0,298439,3495739.455,-0.591,0.258,0.046,-0.763,0,0,30,0,0,0,0,171,50,1.119,1,2292,0,346.848,24.415,204.250,267.313,84.438,1.672,-0.176,2.375,-10.230,-22.168,1.480,2.304,2.680,0.998,1.298,0,NULL,NULL,,3,0,2,7,255,1168,250,0,0
stim,268318,298439,0,298439,3495744.454,-0.591,0.270,0.046,-0.758,0,0,27,0,0,0,0,179,50,1.119,1,2292,0,310.541,25.507,161.063,248.500,93.500,1.660,-0.664,2.621,-11.688,-22.672,2.730,2.192,2.566,0.998,1.298,0,NULL,NULL,,3,0,2,7,255,1168,250,0,0
stim,268318,298439,0,298439,3495749.455,-0.593,0.280,0.048,-0.753,0,0,26,0,0,0,0,215,50,1.119,1,2292,0,266.175,28.063,84.750,233.063,96.688,1.871,-0.789,2.027,-16.539,-22.672,2.730,2.080,2.450,0.998,1.298,0,NULL,NULL,,3,0,2,7,255,1168,250,0,0
stim,268318,298439,0,298439,3495754.453,-0.595,0.290,0.049,-0.748,0,0,28,0,0,0,0,225,50,1.119,1,2292,0,261.417,27.530,94.750,214.188,116.125,2.047,-0.691,1.301,-16.539,-22.008,-3.645,1.966,2.332,0.998,1.298,0,NULL,NULL,,3,0,2,7,255,1168,250,0,0
stim,268318,298439,0,298439,3495759.455,-0.596,0.301,0.047,-0.742,0,0,26,0,0,0,0,253,50,1.119,1,2292,0,288.056,24.802,167.063,191.500,135.625,2.074,-0.715,1.191,-13.277,-20.949,-10.742,1.854,2.216,0.998,1.298,0,NULL,NULL,,3,0,2,7,255,1168,250,0,0
stim,268318,298439,0,298439,3495764.454,-0.597,0.313,0.043,-0.737,0,0,27,0,20,0,0,265,50,1.119,1,2292,0,307.981,24.802,216.625,172.438,134.875,2.102,-0.891,1.473,-13.277,-20.949,-11.195,1.742,2.100,0.998,1.298,0,NULL,NULL,,3,0,2,7,255,1168,250,0,0
stim,268318,298439,0,298439,3495769.455,-0.598,0.324,0.039,-0.732,0,0,25,0,25,0,0,271,50,1.119,1,2292,0,292.759,26.688,212.625,154.563,128.875,2.367,-1.211,1.891,-15.488,-21.734,-11.195,1.628,1.982,0.998,1.298,0,NULL,NULL,,3,0,2,7,255,1168,250,0,0
stim,268340,298461,0,298461,3495774.454,-0.600,0.332,0.036,-0.727,0,0,27,0,57,0,0,296,50,1.119,1,2292,0,241.603,32.078,143.625,137.750,137.000,2.551,-1.441,2.105,-20.070,-25.023,-11.195,1.508,1.860,0.998,1.298,0,NULL,NULL,,3,0,2,7,255,1168,250,0,0
stim,268340,298461,0,298461,3495779.455,-0.602,0.339,0.034,-0.722,0,0,24,0,74,0,0,311,50,1.119,1,2292,0,200.965,33.480,107.000,119.125,121.438,2.492,-1.625,1.602,-22.242,-25.023,-11.316,1.380,1.730,0.998,1.298,0,NULL,NULL,,3,0,2,7,255,1168,250,0,0
stim,268340,298461,0,298461,3495784.453,-0.603,0.346,0.031,-0.719,0,0,26,0,89,0,0,309,50,1.119,1,2292,0,183.856,32.999,129.563,95.313,89.063,2.547,-1.773,1.445,-22.719,-23.934,-15.914,1.244,1.592,0.998,1.298,0,NULL,NULL,,3,0,2,7,255,1168,250,0,0
stim,268340,298461,0,298461,3495789.455,-0.602,0.352,0.027,-0.716,0,0,26,0,89,0,0,311,50,1.119,1,2292,0,183.091,32.999,161.125,68.500,53.563,2.582,-1.902,1.637,-22.719,-23.934,-17.941,1.100,1.442,0.998,1.298,0,NULL,NULL,,3,0,2,7,255,1168,250,0,0
stim,268361,298482,0,298482,3495794.453,-0.601,0.358,0.022,-0.714,0,0,27,0,89,0,0,313,50,1.119,1,2292,0,192.437,34.451,175.875,38.750,67.813,2.816,-1.996,2.035,-24.609,-24.109,-17.941,0.950,1.282,0.998,1.298,0,NULL,NULL,,3,0,2,7,255,1168,250,0,0
stim,268361,298482,0,298482,3495799.455,-0.602,0.362,0.016,-0.712,0,0,25,0,82,0,0,313,50,1.119,1,2292,0,174.424,37.010,147.438,1.438,93.188,2.316,-1.371,2.691,-24.664,-27.594,-17.012,0.786,1.108,0.998,1.298,0,NULL,NULL,,3,0,2,7,255,1168,250,0,0
stim,268361,298482,0,298482,3495804.454,-0.603,0.363,0.012,-0.710,0,0,27,0,47,0,0,313,50,1.119,1,2292,0,108.858,37.010,74.125,-33.563,72.313,1.918,-0.922,2.992,-24.664,-27.594,-7.457,0.610,0.910,0.998,1.298,0,NULL,NULL,,3,0,2,7,255,1168,250,0,0
stim,268361,298482,0,298482,3495809.455,-0.604,0.361,0.010,-0.711,0,0,28,0,31,0,0,311,50,1.119,1,2292,0,68.627,35.092,-4.063,-64.000,24.438,1.488,-0.641,2.859,-22.121,-27.242,-1.449,0.452,0.696,0.998,1.298,0,NULL,NULL,,3,0,2,7,255,1168,250,0,0
stim,268402,298523,0,298523,3495814.454,-0.604,0.357,0.010,-0.713,0,0,27,0,12,0,0,395,50,1.119,1,2292,0,115.505,30.436,-65.250,-90.063,-31.188,1.344,-0.594,2.645,-19.063,-23.727,0.680,0.370,0.508,0.998,1.298,0,NULL,NULL,,3,0,2,7,255,1168,250,0,0
stim,268402,298523,0,298523,3495819.455,-0.605,0.354,0.001,-0.713,99,0,25,374,0,0,0,509,50,1.119,1,2292,0,207.284,28.798,94.688,-165.313,81.688,0.270,-1.051,3.953,-19.063,-21.586,1.082,0.386,0.388,0.998,1.298,0,NULL,NULL,,3,0,2,7,255,1168,250,0,0
stim,268402,298523,0,298523,3495824.454,-0.616,0.348,-0.011,-0.706,735,0,13,1002,0,54,0,571,50,1.119,1,2292,0,434.809,27.855,24.500,-224.500,371.563,-0.348,1.457,6.063,-17.605,-21.586,14.219,0.456,0.358,0.998,1.298,0,NULL,NULL,,3,0,2,7,255,1168,250,0,0
stim,268402,298523,0,298523,3495829.455,-0.637,0.325,0.003,-0.700,1227,0,9,1445,0,297,0,617,50,1.119,1,2292,0,796.392,23.134,-725.063,-124.500,305.000,-1.355,2.617,3.230,-15.957,-16.750,31.492,0.504,0.386,0.998,1.298,0,NULL,NULL,,3,0,2,7,255,1168,250,0,0
stim,268402,298523,0,298523,3495834.454,-0.652,0.297,0.024,-0.697,1655,0,0,1763,0,525,0,665,50,1.119,1,2292,0,862.162,11.384,-846.625,-122.063,107.938,-1.656,2.594,-0.484,9.520,-6.242,31.492,0.508,0.402,0.998,1.298,0,NULL,NULL,,3,0,2,7,255,1168,250,0,0
stim,268402,298523,0,298523,3495839.455,-0.659,0.280,0.037,-0.697,1967,0,0,1913,0,649,0,734,50,1.119,1,2293,0,520.382,21.244,-510.813,-96.188,24.813,-1.633,1.348,-1.559,16.805,12.996,1.832,0.506,0.418,0.998,1.298,1,1196.000,28.000,,3,0,2,7,255,1168,250,0,0
stim,268402,298523,0,298523,3495844.454,-0.660,0.271,0.040,-0.700,2152,0,0,1994,0,793,0,815,50,1.119,1,2293,0,217.799,21.244,-178.125,-113.250,-53.688,-0.742,0.465,-1.035,16.805,12.996,-11.902,0.516,0.438,0.998,1.298,1,NULL,NULL,,3,0,2,7,255,1168,250,0,0
stim,268402,298523,0,298523,3495849.455,-0.659,0.268,0.036,-0.702,2287,0,0,2083,0,947,0,863,50,1.119,1,2293,0,116.156,12.469,10.438,-114.063,-19.313,0.113,0.457,0.949,7.156,10.211,-11.902,0.536,0.460,0.998,1.298,1,NULL,NULL,,3,0,2,7,255,1168,250,0,0
stim,268427,298548,0,298548,3495854.453,-0.662,0.263,0.035,-0.701,2415,0,0,2165,0,1117,0,947,50,1.119,1,2293,0,147.271,8.955,-78.750,-107.688,62.375,0.160,1.441,1.820,7.156,-5.383,-1.039,0.548,0.476,0.998,1.298,1,NULL,NULL,,3,0,2,7,255,1168,250,0,0
stim,268427,298548,0,298548,3495859.455,-0.668,0.253,0.038,-0.699,2596,0,0,2405,0,1208,0,991,50,1.119,1,2293,0,263.042,9.834,-227.063,-103.000,83.813,-0.418,1.594,1.766,8.230,-5.383,8.891,0.534,0.476,0.998,1.298,1,NULL,NULL,,3,0,2,7,255,1168,250,0,0
stim,268427,298548,1,298548,3495864.454,-0.673,0.240,0.044,-0.698,2729,0,0,2591,0,1169,0,1017,50,1.119,1,2293,0,353.077,9.428,-331.438,-108.188,55.750,-1.453,0.207,0.887,8.230,-4.598,8.891,0.484,0.454,0.998,1.298,2,NULL,NULL,,3,1,2,7,255,1168,250,0,0
stim,268427,298548,1,298548,3495869.455,-0.679,0.225,0.051,-0.697,2821,0,0,2719,0,1127,0,1097,50,1.119,1,2293,0,409.654,9.513,-376.688,-154.313,45.938,-1.895,-1.441,-0.035,-0.570,9.496,4.035,0.422,0.430,0.998,1.298,2,NULL,NULL,,3,1,2,7,255,1168,250,0,0
stim,268427,298548,1,298548,3495874.454,-0.679,0.213,0.054,-0.701,2899,0,0,2813,0,1099,0,1189,50,1.119,1,2293,0,295.125,18.183,-232.500,-152.125,-99.500,-1.258,-1.258,-0.613,-11.160,14.355,-5.949,0.376,0.406,0.998,1.298,2,NULL,NULL,,3,1,2,7,255,1168,250,0,0
stim,268427,298548,1,298548,3495879.455,-0.676,0.206,0.052,-0.706,2949,0,0,2902,0,1079,0,1285,50,1.119,1,2293,0,209.763,18.183,-48.688,-164.375,-120.875,-0.168,-0.473,0.129,-11.160,14.355,-8.902,0.348,0.374,0.998,1.298,2,NULL,NULL,,3,1,2,7,255,1168,250,0,0
stim,268451,298572,1,298572,3495884.454,-0.673,0.202,0.046,-0.710,2983,0,0,2967,0,1068,0,1323,50,1.119,1,2293,0,185.962,5.053,40.938,-158.313,-88.563,0.309,-0.238,1.246,-4.871,1.344,-8.902,0.338,0.332,0.998,1.298,2,NULL,NULL,,3,1,2,7,255,1168,250,0,0
stim,268451,298572,1,298572,3495889.455,-0.673,0.197,0.043,-0.712,3015,0,0,3019,0,1102,0,1363,50,1.119,1,2293,0,150.413,8.413,-15.625,-142.250,-46.313,0.500,-0.695,1.934,-4.871,-6.859,-0.051,0.340,0.280,0.998,1.298,2,NULL,NULL,,3,1,2,7,255,1168,250,0,0
stim,268451,298572,1,298572,3495894.453,-0.674,0.189,0.043,-0.713,3034,0,0,3063,0,1208,0,1415,50,1.119,1,2293,0,193.782,14.222,-135.688,-138.000,9.813,0.539,-1.031,1.688,-10.527,-9.563,2.180,0.348,0.228,0.998,1.298,2,NULL,NULL,,3,1,2,7,255,1168,250,0,0
stim,268451,298572,1,298572,3495899.455,-0.679,0.179,0.045,-0.711,3052,0,0,3103,0,1355,0,1462,50,1.119,1,2293,0,249.459,15.146,-197.563,-129.688,79.875,0.305,-1.066,0.809,-11.746,-9.563,2.180,0.356,0.182,0.998,1.298,2,NULL,NULL,,3,1,2,7,255,1168,250,0,0
stim,268498,298619,1,298619,3495904.453,-0.684,0.171,0.045,-0.708,3067,0,0,3123,0,1490,0,1501,50,1.119,1,2293,0,236.487,12.632,-153.438,-131.938,122.375,-0.242,-0.891,0.316,-11.746,-4.648,-4.910,0.360,0.160,0.998,1.298,2,NULL,NULL,,3,1,2,7,255,1168,250,0,0
stim,268498,298619,1,298619,3495909.455,-0.688,0.165,0.042,-0.705,3080,0,0,3141,0,1636,0,1562,50,1.119,1,2293,0,178.589,9.319,-64.750,-133.188,99.813,-0.602,-0.574,0.566,-9.160,1.715,-4.910,0.362,0.150,0.998,1.298,2,NULL,NULL,,3,1,2,7,255,1168,250,0,0
stim,268498,298619,1,298619,3495914.454,-0.690,0.161,0.038,-0.705,3089,0,0,3157,0,1773,0,1636,50,1.119,1,2293,0,138.979,6.909,-18.313,-132.188,38.813,-0.590,-0.145,1.137,-6.453,2.469,-3.617,0.364,0.146,0.998,1.298,2,NULL,NULL,,3,1,2,7,255,1168,250,0,0
stim,268498,298619,1,298619,3495919.455,-0.690,0.155,0.036,-0.706,3093,0,0,3163,36,1895,0,1705,50,1.119,1,2293,0,134.249,3.952,-37.938,-128.625,-6.250,-0.250,0.156,1.422,-3.086,2.469,2.184,0.372,0.138,0.998,1.298,2,NULL,NULL,,3,1,2,7,255,1168,250,0,0
stim,268498,298619,1,298619,3495924.454,-0.691,0.149,0.034,-0.706,3096,0,0,3171,104,1999,0,1758,50,1.119,1,2293,0,145.110,2.286,-80.375,-120.813,1.063,0.055,0.004,1.293,-1.738,-1.484,2.184,0.384,0.128,0.998,1.298,2,NULL,NULL,,3,1,2,7,255,1168,250,0,0
stim,268498,298619,1,298619,3495929.455,-0.693,0.142,0.034,-0.706,3097,0,0,3175,217,2076,4,1797,50,1.119,1,2293,0,161.603,2.912,-108.375,-117.563,23.438,-0.031,-0.402,1.105,-1.738,-2.336,2.176,0.404,0.112,0.998,1.298,2,NULL,NULL,,3,1,2,7,255,1168,250,0,0
stim,268498,298619,1,298619,3495934.453,-0.694,0.136,0.033,-0.706,3101,0,0,3175,474,2189,27,1909,50,1.119,1,2293,0,152.025,5.836,-97.563,-113.375,27.188,-0.125,-0.605,0.750,-5.348,-2.336,0.207,0.428,0.090,0.998,1.298,2,NULL,NULL,,3,1,2,7,255,1168,250,0,0
stim,268498,298619,1,298619,3495939.455,-0.696,0.131,0.031,-0.706,3099,0,0,3175,727,2257,191,2003,50,1.119,1,2293,0,124.899,5.508,-47.375,-113.500,21.750,-0.055,-0.316,0.832,-5.348,-1.320,-2.133,0.452,0.068,0.998,1.298,2,NULL,NULL,,3,1,2,7,255,1168,250,0,0
stim,268527,298648,1,298648,3495944.454,-0.695,0.129,0.029,-0.707,3097,0,0,3181,916,2299,202,2102,50,1.119,1,2293,0,78.174,4.272,17.375,-73.813,-19.000,0.219,0.109,1.656,-4.063,-1.320,-2.133,0.466,0.056,0.998,1.298,2,NULL,NULL,,3,1,2,7,255,1168,250,0,0
stim,268527,298648,1,298648,3495949.455,-0.694,0.127,0.028,-0.708,3097,2,0,3174,1071,2333,153,2164,50,1.119,1,2293,0,58.234,5.845,-11.438,-47.375,-31.875,0.539,0.496,1.484,-0.836,-5.785,3.660,0.472,0.052,0.998,1.298,2,NULL,NULL,,3,1,2,7,255,1168,250,0,0
stim,268527,298648,1,298648,3495954.454,-0.694,0.126,0.027,-0.708,3093,17,0,3175,1173,2360,171,2205,50,1.119,1,2293,0,40.774,8.691,-17.313,-36.875,-1.750,0.512,0.797,1.402,3.105,-8.117,3.660,0.476,0.052,0.998,1.298,2,NULL,NULL,,3,1,2,7,255,1168,250,0,0
stim,268527,298648,1,298648,3495959.455,-0.695,0.124,0.028,-0.708,3099,21,0,3181,1250,2393,185,2254,50,1.119,1,2293,0,48.426,8.691,-42.938,-18.188,13.063,-0.148,0.316,1.426,3.105,-8.117,3.660,0.480,0.050,0.998,1.298,2,NULL,NULL,,3,1,2,7,255,1168,250,0,0
stim,268527,298648,1,298648,3495964.454,-0.695,0.121,0.030,-0.708,3097,55,0,3181,1334,2411,187,2296,50,1.119,1,2293,0,97.061,2.274,-91.938,-19.188,-24.500,-0.586,-0.008,1.059,1.512,-1.699,3.281,0.490,0.048,0.998,1.298,2,NULL,NULL,,3,1,2,7,255,1168,250,0,0
stim,268527,298648,1,298648,3495969.455,-0.693,0.118,0.032,-0.711,3097,61,0,3180,1427,2428,199,2335,50,1.119,1,2293,0,100.770,1.660,-59.813,-18.063,-79.063,-0.316,0.035,0.641,-0.297,1.633,1.504,0.498,0.044,0.998,1.298,2,NULL,NULL,,3,1,2,7,255,1168,250,0,0
stim,268528,298649,1,298649,3495974.453,-0.690,0.117,0.032,-0.714,3099,79,0,3181,1515,2443,203,2363,50,1.119,1,2293,0,103.106,1.660,-12.375,-17.375,-100.875,0.035,0.125,0.938,-0.297,1.633,-0.836,0.504,0.040,0.998,1.298,2,NULL,NULL,,3,1,2,7,255,1168,250,0,0
stim,268528,298649,1,298649,3495979.455,-0.688,0.116,0.032,-0.716,3096,85,0,3182,1577,2461,205,2395,50,1.119,1,2293,0,71.188,2.386,-16.563,-15.125,-67.563,0.250,0.023,1.152,-0.297,-2.367,-0.836,0.510,0.038,0.998,1.298,2,NULL,NULL,,3,1,2,7,255,1168,250,0,0
stim,268549,298670,1,298670,3495984.454,-0.687,0.114,0.033,-0.716,3096,115,0,3183,1619,2479,207,2420,50,1.119,1,2293,0,48.864,2.991,-42.938,-11.125,-20.500,0.070,-0.137,1.063,-0.961,-2.832,0.098,0.516,0.032,0.998,1.298,2,NULL,NULL,,3,1,2,7,255,1168,250,0,0
stim,268549,298670,1,298670,3495989.455,-0.687,0.112,0.035,-0.717,3097,123,0,3188,1672,2492,207,2446,50,1.119,1,2293,0,49.753,3.128,-47.938,-8.938,-9.875,-0.246,-0.063,0.895,-1.328,-2.832,0.098,0.524,0.026,0.998,1.298,2,NULL,NULL,,3,1,2,7,255,1168,250,0,0
stim,268549,298670,1,298670,3495994.454,-0.686,0.111,0.036,-0.718,3096,169,33,3188,1727,2511,210,2469,50,1.119,1,2293,0,51.356,1.430,-30.313,-8.563,-40.563,-0.320,0.164,0.883,-1.328,0.531,-0.590,0.534,0.016,0.998,1.298,2,NULL,NULL,,3,1,2,7,255,1168,250,0,0
stim,268549,298670,1,298670,3495999.455,-0.684,0.110,0.036,-0.720,3097,191,73,3192,1768,2521,225,2485,50,1.119,1,2293,0,69.738,0.945,-14.688,-8.125,-67.688,-0.152,0.160,0.988,0.781,0.531,-0.590,0.544,0.008,0.998,1.298,2,NULL,NULL,,3,1,2,7,255,1168,250,0,0
stim,268571,298692,1,298692,3496004.453,-0.682,0.110,0.036,-0.722,3097,233,79,3193,1810,2527,235,2495,50,1.119,1,2293,0,68.509,1.036,-12.125,-3.938,-67.313,0.039,-0.047,1.043,0.781,-0.680,0.031,0.550,0.000,0.998,1.298,2,NULL,NULL,,3,1,2,7,255,1168,250,0,0
stim,268571,298692,1,298692,3496009.455,-0.681,0.109,0.037,-0.723,3101,245,119,3194,1848,2535,236,2505,50,1.119,1,2293,0,43.715,2.847,-17.625,-0.625,-40.000,0.125,-0.109,1.055,-1.340,-2.512,0.031,0.000,0.000,0.998,1.298,2,NULL,NULL,,3,1,2,7,255,1168,250,0,0
stim,268604,298725,1,298725,3496014.453,-0.681,0.108,0.038,-0.723,3102,267,165,3193,1881,2541,229,2509,50,1.119,1,2293,0,26.761,3.220,-26.688,-1.750,-0.938,0.051,-0.188,0.977,-2.016,-2.512,-0.070,0.000,0.000,0.998,1.298,2,NULL,NULL,,3,1,2,7,255,1168,250,0,0
stim,268604,298725,1,298725,3496019.455,-0.682,0.107,0.039,-0.723,3102,267,235,3196,1895,2543,229,2522,50,1.119,1,2293,0,25.278,3.130,-20.000,-2.125,15.313,-0.176,-0.059,0.934,-2.016,-2.395,-0.566,0.000,0.000,0.998,1.298,2,NULL,NULL,,3,1,2,7,255,1168,250,0,0
stim,268604,298725,1,298725,3496024.454,-0.682,0.107,0.039,-0.723,3103,280,269,3195,1913,2548,204,2517,50,1.119,1,2293,0,10.762,1.238,-10.688,-1.250,-0.188,-0.281,0.121,0.992,-1.219,-0.219,-0.566,0.000,0.000,0.998,1.298,2,NULL,NULL,,3,1,2,7,255,1168,250,0,0
stim,268604,298725,1,298725,3496029.455,-0.681,0.107,0.039,-0.723,3103,279,295,3195,1925,2551,201,2519,50,1.119,1,2293,0,19.343,0.258,-8.000,-1.313,-17.563,-0.184,0.059,1.039,-0.137,-0.219,0.320,0.000,0.000,0.998,1.298,2,NULL,NULL,,3,1,2,7,255,1168,250,0,0
stim,268604,298725,1,298725,3496034.454,-0.681,0.106,0.039,-0.724,3103,277,335,3196,1937,2552,203,2523,50,1.102,1,2293,1,15.623,0.451,-10.688,-1.813,-11.250,-0.078,-0.051,1.031,-0.137,-0.430,0.320,0.000,0.000,0.977,1.322,2,NULL,NULL,,3,1,2,7,255,1168,250,0,0
stim,268604,298725,1,298725,3496039.455,-0.681,0.106,0.040,-0.723,3101,274,347,3195,1949,2555,205,2525,50,1.102,1,2293,1,12.813,1.489,-12.000,-2.375,3.813,-0.121,-0.055,0.988,-1.219,-0.855,0.176,0.008,0.006,0.977,1.322,2,NULL,NULL,,3,1,2,7,255,1168,250,0,0
stim,268604,298725,1,298725,3496044.453,-0.681,0.105,0.040,-0.723,3101,270,378,3193,1957,2555,205,2525,50,1.102,1,2293,1,11.123,1.489,-9.250,-2.688,5.563,-0.199,-0.016,0.980,-1.219,-0.855,-0.043,0.014,0.010,0.977,1.322,2,NULL,NULL,,3,1,2,7,255,1168,250,0,0
stim,268604,298725,1,298725,3496049.455,-0.681,0.105,0.040,-0.723,3101,269,412,3195,1959,2553,205,2547,50,1.102,1,2293,1,6.648,0.829,-6.250,-2.063,-0.938,-0.191,-0.020,0.984,-0.813,-0.164,-0.043,0.020,0.016,0.977,1.322,2,NULL,NULL,,3,1,2,7,255,1168,250,0,0
stim,268604,298725,1,298725,3496054.453,-0.681,0.104,0.040,-0.723,3099,267,428,3187,1967,2552,207,2526,50,1.102,1,2293,1,6.200,0.814,-4.375,-2.813,-3.375,-0.152,-0.012,0.992,-0.797,-0.164,0.000,0.026,0.020,0.977,1.322,2,NULL,NULL,,3,1,2,7,255,1168,250,0,0
stim,268604,298725,1,298725,3496059.455,-0.681,0.104,0.040,-0.723,3093,262,437,3183,1967,2553,205,2527,50,1.102,1,2293,1,5.450,0.958,-4.000,-3.438,1.375,-0.129,0.023,1.004,-0.770,-0.570,0.000,0.032,0.024,0.977,1.322,2,NULL,NULL,,3,1,2,7,255,1168,250,0,0
stim,268638,298759,1,298759,3496064.454,-0.682,0.104,0.040,-0.723,3089,263,445,3177,1975,2549,203,2527,50,1.102,1,2293,1,8.053,0.724,-4.313,-4.000,5.500,-0.180,0.035,1.008,-0.445,-0.570,0.078,0.036,0.028,0.977,1.322,2,NULL,NULL,,3,1,2,7,255,1168,250,0,0
stim,268638,298759,1,298759,3496069.455,-0.682,0.104,0.040,-0.723,3087,246,451,3175,1976,2551,202,2531,50,1.102,1,2293,1,6.306,0.461,-4.125,-4.438,1.750,-0.215,0.051,1.000,-0.293,-0.355,0.207,0.042,0.032,0.977,1.322,2,NULL,NULL,,3,1,2,7,255,1168,250,0,0
stim,268638,298759,1,298759,3496074.453,-0.682,0.103,0.040,-0.723,3079,239,453,3166,1980,2549,197,2533,50,1.102,1,2293,1,6.975,0.358,-2.750,-4.625,-4.438,-0.180,0.043,0.988,-0.188,-0.305,0.207,0.046,0.034,0.977,1.322,2,NULL,NULL,,3,1,2,7,255,1168,250,0,0
stim,268638,298759,1,298759,3496079.455,-0.681,0.103,0.040,-0.723,3065,235,459,3175,1983,2543,197,2533,50,1.102,1,2293,1,6.365,0.358,-1.938,-4.813,-3.688,-0.129,0.020,0.988,-0.188,-0.305,0.055,0.050,0.036,0.977,1.322,2,NULL,NULL,,3,1,2,7,255,1168,250,0,0
stim,268638,298759,1,298759,3496084.453,-0.682,0.103,0.040,-0.723,3061,236,475,3155,1991,2541,199,2533,50,1.102,1,2293,1,5.283,0.870,-2.375,-4.625,0.938,-0.133,0.008,0.988,-0.453,-0.742,-0.063,0.052,0.038,0.977,1.322,2,NULL,NULL,,3,1,2,7,255,1168,250,0,0
stim,268638,298759,1,298759,3496089.455,-0.682,0.102,0.040,-0.723,3055,233,483,3149,1994,2539,200,2535,50,1.102,1,2293,1,5.138,0.870,-2.063,-4.500,1.375,-0.172,0.035,0.980,-0.453,-0.742,-0.074,0.054,0.040,0.977,1.322,2,NULL,NULL,,3,1,2,7,255,1168,250,0,0
stim,268662,298783,1,298783,3496094.454,-0.682,0.102,0.040,-0.724,3049,218,485,3141,1993,2537,203,2534,50,1.102,1,2293,1,5.517,0.441,-0.625,-4.813,-2.625,-0.191,0.043,0.980,-0.281,-0.340,-0.074,0.056,0.040,0.977,1.322,2,NULL,NULL,,3,1,2,7,255,1168,250,0,0
stim,268662,298783,1,298783,3496099.455,-0.681,0.102,0.040,-0.724,3043,213,489,3130,1995,2533,215,2535,50,1.102,1,2293,1,7.947,0.373,1.313,-5.188,-5.875,-0.180,0.039,0.984,-0.230,-0.293,-0.016,0.058,0.040,0.977,1.322,2,NULL,NULL,,3,1,2,7,255,1168,250,0,0
stim,268662,298783,1,298783,3496104.454,-0.681,0.102,0.039,-0.724,3031,203,507,3119,2005,2531,227,2537,50,1.102,1,2293,1,8.238,0.370,2.125,-5.813,-5.438,-0.168,0.039,0.984,-0.227,-0.293,-0.016,0.060,0.040,0.977,1.322,2,NULL,NULL,,3,1,2,7,255,1168,250,0,0
stim,268662,298783,1,298783,3496109.455,-0.681,0.102,0.039,-0.724,3017,202,563,3111,2013,2524,245,2541,50,1.102,1,2293,1,7.736,0.370,2.125,-6.750,-3.125,-0.180,0.055,0.980,-0.227,-0.293,-0.027,0.060,0.040,0.977,1.322,2,NULL,NULL,,3,1,2,7,255,1168,250,0,0
stim,268706,298827,0,298827,3496114.453,-0.681,0.102,0.039,-0.724,3005,205,616,3097,2025,2525,261,2547,50,1.102,1,2293,1,8.857,0.289,2.125,-8.125,-2.813,-0.215,0.082,0.984,-0.082,-0.277,-0.027,0.062,0.042,0.977,1.322,2,NULL,NULL,,3,0,2,7,255,1161,250,0,0
stim,268706,298827,0,298827,3496119.455,-0.681,0.101,0.038,-0.724,2995,215,634,3089,2041,2523,278,2549,50,1.102,1,2293,1,12.377,0.224,2.875,-9.563,-7.313,-0.230,0.133,1.000,0.215,0.063,0.094,0.064,0.042,0.977,1.322,2,NULL,NULL,,3,0,2,7,255,1161,250,0,0
stim,268706,298827,0,298827,3496124.454,-0.681,0.101,0.038,-0.725,2989,214,683,3081,2073,2521,288,2555,50,1.102,1,2293,1,15.595,0.718,3.250,-11.063,-10.500,-0.176,0.176,1.020,0.715,0.063,0.289,0.064,0.042,0.977,1.322,2,NULL,NULL,,3,0,2,7,255,1161,250,0,0
stim,268706,298827,0,298827,3496129.455,-0.680,0.101,0.037,-0.725,2974,235,715,3064,2089,2531,325,2571,50,1.102,1,2293,1,14.192,1.067,0.500,-11.625,-8.125,-0.137,0.168,1.023,0.973,-0.438,0.348,0.066,0.040,0.977,1.322,2,NULL,NULL,,3,0,2,7,255,1161,250,0,0
stim,268706,298827,0,298827,3496134.454,-0.680,0.100,0.037,-0.725,2968,234,729,3055,2125,2521,359,2583,50,1.102,1,2293,1,12.763,1.226,-3.000,-11.938,-3.375,-0.141,0.156,1.023,0.973,-0.746,0.352,0.064,0.038,0.977,1.322,2,NULL,NULL,,3,0,2,7,255,1161,250,0,0
stim,268706,298827,0,298827,3496139.455,-0.680,0.100,0.037,-0.725,2938,243,777,3039,2169,2529,399,2601,50,1.102,1,2293,1,13.514,1.171,-4.625,-12.188,-3.563,-0.172,0.156,1.008,0.902,-0.746,0.348,0.062,0.034,0.977,1.322,2,NULL,NULL,,3,0,2,7,255,1161,250,0,0
stim,268706,298827,0,298827,3496144.454,-0.680,0.100,0.036,-0.725,2920,266,839,3023,2211,2529,423,2606,50,1.102,1,2293,1,14.663,0.986,-3.313,-12.688,-6.563,-0.184,0.168,1.008,0.902,-0.398,0.281,0.062,0.030,0.977,1.322,2,NULL,NULL,,3,0,2,7,255,1161,250,0,0
stim,268706,298827,0,298827,3496149.455,-0.680,0.099,0.036,-0.726,2903,271,911,3013,2237,2520,447,2616,50,1.102,1,2293,1,16.975,1.056,-3.125,-12.813,-10.688,-0.180,0.168,1.020,1.004,-0.328,0.281,0.060,0.026,0.977,1.322,2,NULL,NULL,,3,0,2,7,255,1161,250,0,0
stim,268706,298827,0,298827,3496154.453,-0.679,0.099,0.036,-0.726,2890,271,1004,2999,2271,2519,523,2633,50,1.102,1,2293,1,18.911,1.071,-4.938,-12.688,-13.125,-0.164,0.176,1.023,1.020,-0.328,0.406,0.058,0.020,0.977,1.322,2,NULL,NULL,,3,0,2,7,255,1161,250,0,0
stim,268706,298827,0,298827,3496159.455,-0.679,0.098,0.035,-0.727,2863,271,1081,2987,2303,2523,585,2643,50,1.102,1,2293,1,21.164,1.125,-7.938,-12.188,-15.375,-0.152,0.168,1.027,1.004,-0.508,0.426,0.058,0.014,0.977,1.322,2,NULL,NULL,,3,0,2,7,255,1161,250,0,0
stim,268742,298863,0,298863,3496164.454,-0.679,0.097,0.035,-0.727,2846,281,1189,2981,2343,2527,671,2660,50,1.102,1,2293,1,24.759,1.125,-12.313,-11.625,-18.063,-0.152,0.121,1.016,0.992,-0.531,0.426,0.058,0.012,0.977,1.322,2,NULL,NULL,,3,0,2,7,255,1161,250,0,0
stim,268742,298863,0,298863,3496169.455,-0.678,0.096,0.036,-0.728,2835,281,1252,2975,2377,2527,777,2682,50,1.102,1,2293,1,27.673,0.777,-14.875,-11.375,-20.375,-0.148,0.066,1.000,0.566,-0.531,0.293,0.058,0.012,0.977,1.322,2,NULL,NULL,,3,0,2,7,255,1161,250,0,0
stim,268742,298863,0,298863,3496174.454,-0.677,0.095,0.036,-0.729,2808,297,1355,2963,2407,2531,871,2675,50,1.102,1,2293,1,30.869,0.495,-16.500,-10.375,-23.938,-0.156,0.027,0.980,0.051,-0.492,0.090,0.060,0.014,0.977,1.322,2,NULL,NULL,,3,0,2,7,255,1161,250,0,0
stim,268742,298863,0,298863,3496179.455,-0.677,0.094,0.036,-0.729,2781,329,1451,2943,2429,2533,965,2684,50,1.102,1,2293,1,33.405,0.485,-16.688,-10.250,-27.063,-0.156,0.004,0.969,-0.316,-0.367,-0.090,0.062,0.016,0.977,1.322,2,NULL,NULL,,3,0,2,7,255,1161,250,0,0
stim,268742,298863,0,298863,3496184.453,-0.676,0.093,0.037,-0.730,2761,329,1549,2927,2459,2531,1051,2695,50,1.102,1,2293,1,36.630,0.593,-17.938,-9.063,-30.625,-0.152,-0.020,0.969,-0.504,-0.313,-0.199,0.062,0.018,0.977,1.322,2,NULL,NULL,,3,0,2,7,255,1161,250,0,0
stim,268742,298863,0,298863,3496189.455,-0.675,0.092,0.037,-0.731,2741,367,1629,2919,2485,2537,1128,2703,50,1.102,1,2293,1,38.783,0.779,-19.438,-9.500,-32.188,-0.156,-0.051,0.984,-0.715,-0.309,-0.199,0.064,0.022,0.977,1.322,2,NULL,NULL,,3,0,2,7,255,1161,250,0,0
stim,268742,298863,0,298863,3496194.453,-0.674,0.091,0.038,-0.732,2725,376,1741,2907,2515,2535,1225,2712,50,1.102,1,2293,1,40.116,1.029,-22.938,-10.875,-31.063,-0.148,-0.055,0.988,-0.980,-0.313,-0.086,0.064,0.022,0.977,1.322,2,NULL,NULL,,3,0,2,7,255,1161,250,0,0
stim,268742,298863,0,298863,3496199.455,-0.673,0.090,0.038,-0.733,2646,399,1811,2901,2535,2534,1331,2726,50,1.102,1,2293,1,39.318,1.036,-24.938,-12.125,-27.875,-0.148,-0.035,0.973,-0.980,-0.336,-0.086,0.066,0.024,0.977,1.322,2,NULL,NULL,,3,0,2,7,255,1161,250,0,0
stim,268805,298926,0,298926,3496204.454,-0.672,0.089,0.039,-0.734,2661,429,1880,2885,2559,2539,1404,2732,50,1.102,1,2293,1,38.507,0.865,-24.813,-11.313,-27.188,-0.164,-0.016,0.957,-0.797,-0.336,-0.188,0.066,0.024,0.977,1.322,2,NULL,NULL,,3,0,2,7,255,1161,250,0,0
stim,268805,298926,0,298926,3496209.455,-0.672,0.087,0.039,-0.735,2619,441,1973,2859,2589,2539,1501,2743,50,1.102,1,2293,1,38.634,0.587,-22.500,-11.750,-29.125,-0.172,-0.004,0.961,-0.566,-0.152,-0.242,0.066,0.026,0.977,1.322,2,NULL,NULL,,3,0,2,7,255,1161,250,0,0
stim,268805,298926,0,298926,3496214.454,-0.671,0.086,0.040,-0.736,2579,467,2065,2843,2613,2541,1599,2751,50,1.102,1,2293,1,37.929,0.441,-20.313,-14.375,-28.625,-0.156,0.016,0.980,-0.414,-0.152,-0.242,0.068,0.026,0.977,1.322,2,NULL,NULL,,3,0,2,7,255,1161,250,0,0
stim,268805,298926,0,298926,3496219.455,-0.670,0.085,0.040,-0.736,2531,501,2146,2829,2637,2543,1671,2764,50,1.102,1,2293,1,36.023,0.346,-18.563,-16.250,-26.250,-0.168,0.004,0.988,-0.316,-0.141,-0.078,0.070,0.026,0.977,1.322,2,NULL,NULL,,3,0,2,7,255,1161,250,0,0
stim,268805,298926,0,298926,3496224.454,-0.669,0.084,0.040,-0.737,2488,509,2203,2799,2663,2550,1751,2777,50,1.102,1,2293,1,38.004,0.346,-18.125,-15.313,-29.688,-0.172,-0.016,0.988,-0.316,-0.141,0.012,0.072,0.026,0.977,1.322,2,NULL,NULL,,3,0,2,7,255,1161,250,0,0
stim,268805,298926,0,298926,3496229.455,-0.668,0.083,0.040,-0.738,2443,533,2278,2781,2685,2553,1841,2797,50,1.102,1,2293,1,40.845,0.404,-21.438,-16.688,-30.500,-0.141,-0.004,1.016,-0.379,-0.141,0.023,0.074,0.028,0.977,1.322,2,NULL,NULL,,3,0,2,7,255,1161,250,0,0
stim,268805,298926,0,298926,3496234.454,-0.668,0.081,0.041,-0.739,2391,550,2331,2758,2709,2554,1917,2807,50,1.102,1,2293,1,42.419,0.576,-25.875,-17.313,-28.813,-0.141,0.016,1.023,-0.379,-0.434,0.223,0.076,0.028,0.977,1.322,2,NULL,NULL,,3,0,2,7,255,1161,250,0,0
stim,268805,298926,0,298926,3496239.455,-0.667,0.080,0.041,-0.740,2339,552,2395,2720,2728,2554,1999,2813,50,1.102,1,2293,1,45.990,0.576,-28.438,-17.500,-31.625,-0.172,-0.023,1.039,-0.379,-0.434,0.309,0.076,0.030,0.977,1.322,2,NULL,NULL,,3,0,2,7,255,1161,250,0,0
stim,268805,298926,0,298926,3496244.454,-0.666,0.078,0.042,-0.741,2263,563,2437,2687,2745,2565,2065,2828,50,1.102,1,2293,1,55.737,0.652,-39.938,-17.563,-34.688,-0.133,-0.047,1.031,-0.473,-0.449,0.371,0.078,0.030,0.977,1.322,2,NULL,NULL,,3,0,2,7,255,1161,250,0,0
stim,268805,298926,0,298926,3496249.455,-0.665,0.076,0.043,-0.742,2195,571,2483,2653,2766,2554,2127,2831,50,1.102,1,2293,1,53.814,0.666,-41.063,-18.625,-29.375,-0.098,-0.027,0.957,-0.492,-0.449,0.371,0.082,0.030,0.977,1.322,2,NULL,NULL,,3,0,2,7,255,1161,250,0,0
stim,268805,298926,0,298926,3496254.453,-0.664,0.074,0.043,-0.743,2134,573,2533,2659,2773,2555,2165,2841,50,1.102,1,2293,1,45.716,0.723,-29.000,-18.375,-30.188,-0.145,-0.043,0.918,-0.566,-0.449,-0.395,0.084,0.030,0.977,1.322,2,NULL,NULL,,3,0,2,7,255,1161,250,0,0
stim,268805,298926,0,298926,3496259.455,-0.664,0.073,0.044,-0.743,2043,571,2585,2571,2797,2571,2225,2855,50,1.102,1,2293,1,40.191,0.823,-23.500,-20.000,-25.750,-0.098,-0.012,0.949,-0.492,-0.660,-0.469,0.086,0.030,0.977,1.322,2,NULL,NULL,,3,0,2,7,255,1161,250,0,0
stim,268854,298975,0,298975,3496264.454,-0.663,0.072,0.044,-0.744,1955,570,2608,2515,2821,2556,2287,2875,50,1.102,1,2293,1,35.387,0.303,-17.250,-20.563,-23.063,-0.160,0.004,1.016,-0.262,-0.152,-0.469,0.090,0.030,0.977,1.322,2,NULL,NULL,,3,0,2,7,255,1161,250,0,0
stim,268854,298975,0,298975,3496269.455,-0.662,0.070,0.044,-0.745,1861,555,2648,2456,2829,2556,2329,2875,50,1.102,1,2293,1,41.522,0.282,-22.438,-20.813,-28.063,-0.160,-0.012,1.059,-0.188,-0.211,0.262,0.092,0.030,0.977,1.322,2,NULL,NULL,,3,0,2,7,255,1161,250,0,0
stim,268854,298975,0,298975,3496274.454,-0.661,0.068,0.044,-0.746,1747,543,2676,2381,2847,2555,2375,2889,50,1.102,1,2293,1,43.216,0.239,-27.813,-22.563,-24.188,-0.145,-0.008,1.035,-0.113,-0.211,0.434,0.094,0.030,0.977,1.322,2,NULL,NULL,,3,0,2,7,255,1161,250,0,0
stim,268854,298975,0,298975,3496279.455,-0.661,0.067,0.044,-0.746,1607,521,2715,2317,2862,2568,2414,2904,50,1.102,1,2293,1,47.237,0.239,-30.688,-22.563,-27.938,-0.172,0.012,1.039,-0.113,-0.211,0.504,0.096,0.030,0.977,1.322,2,NULL,NULL,,3,0,2,7,255,1161,250,0,0
stim,268854,298975,0,298975,3496284.453,-0.660,0.065,0.045,-0.747,1416,485,2735,2229,2889,2565,2467,2908,50,1.102,1,2293,1,50.451,0.261,-30.938,-24.250,-31.625,-0.148,0.031,1.004,0.105,-0.238,0.434,0.100,0.030,0.977,1.322,2,NULL,NULL,,3,0,2,7,255,1161,250,0,0
stim,268854,298975,0,298975,3496289.455,-0.659,0.063,0.045,-0.748,1271,457,2770,2117,2886,2553,2504,2930,50,1.102,1,2293,1,46.019,0.345,-26.313,-25.188,-28.125,-0.082,0.031,0.969,0.250,-0.238,0.141,0.102,0.032,0.977,1.322,2,NULL,NULL,,3,0,2,7,255,1161,250,0,0
stim,268854,298975,0,298975,3496294.453,-0.658,0.062,0.045,-0.749,1117,381,2803,1976,2901,2554,2551,2926,50,1.102,1,2293,1,40.104,0.464,-18.250,-26.500,-23.938,-0.121,-0.027,1.016,0.250,-0.391,0.141,0.106,0.032,0.977,1.322,2,NULL,NULL,,3,0,2,7,255,1161,250,0,0
stim,268854,298975,0,298975,3496299.455,-0.658,0.060,0.045,-0.749,967,347,2829,1805,2919,2550,2583,2933,50,1.102,1,2293,1,41.627,0.452,-24.000,-28.125,-19.125,-0.129,-0.051,1.063,-0.227,-0.391,0.211,0.106,0.032,0.977,1.322,2,NULL,NULL,,3,0,2,7,255,1161,250,0,0
stim,268854,298975,0,298975,3496304.454,-0.657,0.058,0.045,-0.750,750,301,2840,1607,2926,2542,2613,2936,50,1.102,1,2293,1,45.260,0.517,-26.313,-29.438,-22.125,-0.152,-0.055,1.086,-0.406,-0.320,0.680,0.110,0.034,0.977,1.322,2,NULL,NULL,,3,0,2,7,255,1161,250,0,0
stim,268854,298975,0,298975,3496309.455,-0.657,0.056,0.045,-0.750,560,269,2851,1430,2953,2535,2649,2941,50,1.102,1,2293,1,48.478,0.517,-33.063,-29.813,-19.188,-0.113,-0.043,1.027,-0.406,-0.320,0.680,0.112,0.034,0.977,1.322,2,NULL,NULL,,3,0,2,7,255,1161,250,0,0
stim,268903,299024,0,299024,3496314.454,-0.656,0.054,0.045,-0.751,393,189,2885,1189,2965,2531,2671,2959,50,1.102,1,2293,1,45.405,0.317,-25.000,-32.000,-20.313,-0.145,-0.031,1.004,-0.289,-0.129,0.320,0.112,0.036,0.977,1.322,2,NULL,NULL,,3,0,2,7,255,1161,250,0,0
stim,268903,299024,0,299024,3496319.455,-0.656,0.053,0.045,-0.752,242,165,2888,957,2971,2513,2697,2972,50,1.102,1,2293,1,42.769,0.399,-20.563,-34.063,-15.688,-0.113,0.016,1.016,-0.113,-0.383,0.176,0.114,0.036,0.977,1.322,2,NULL,NULL,,3,0,2,7,255,1161,250,0,0
stim,268903,299024,0,299024,3496324.454,-0.655,0.051,0.044,-0.752,123,111,2906,700,2984,2504,2720,2967,50,1.102,1,2293,1,43.441,0.326,-12.563,-35.250,-22.063,-0.160,0.047,1.051,0.324,-0.031,0.176,0.116,0.038,0.977,1.322,2,NULL,NULL,,3,0,2,7,255,1161,250,0,0
stim,268903,299024,0,299024,3496329.455,-0.655,0.050,0.043,-0.753,39,71,2920,519,2994,2479,2759,2969,50,1.102,1,2293,1,47.797,0.703,-11.750,-36.625,-28.375,-0.164,0.117,1.113,0.691,-0.129,0.598,0.118,0.038,0.977,1.322,2,NULL,NULL,,3,0,2,7,255,1161,250,0,0
stim,268903,299024,0,299024,3496334.454,-0.654,0.048,0.043,-0.754,9,36,2933,287,2999,2457,2771,2985,50,1.102,1,2293,1,57.395,0.807,-15.875,-39.250,-38.750,-0.082,0.063,1.078,0.797,-0.129,0.762,0.122,0.038,0.977,1.322,2,NULL,NULL,,3,0,2,7,255,1161,250,0,0
stim,268903,299024,0,299024,3496339.455,-0.653,0.046,0.042,-0.755,0,24,2936,141,3019,2431,2799,2983,50,1.102,1,2293,1,53.061,1.092,-9.625,-42.563,-30.188,-0.055,0.008,1.059,0.797,-0.746,0.762,0.124,0.038,0.977,1.322,2,NULL,NULL,,3,0,2,7,255,1161,250,0,0
stim,268903,299024,0,299024,3496344.454,-0.652,0.044,0.040,-0.756,0,0,2952,87,3025,2393,2827,2988,50,1.102,1,2293,1,54.124,0.775,-3.563,-45.875,-28.500,-0.137,-0.020,1.055,0.211,-0.746,0.625,0.126,0.038,0.977,1.322,2,NULL,NULL,,3,0,2,7,255,1161,250,0,0
stim,268903,299024,0,299024,3496349.455,-0.651,0.043,0.038,-0.757,0,0,2955,71,3027,2365,2839,3000,50,1.102,1,2293,1,61.323,0.102,22.000,-53.125,-21.313,-0.340,-0.090,1.234,0.102,0.012,0.625,0.126,0.038,0.977,1.322,2,NULL,NULL,,3,0,2,7,255,1161,250,0,0
stim,268903,299024,0,299024,3496354.453,-0.651,0.043,0.035,-0.757,0,0,2967,46,3049,2345,2861,2997,50,1.102,1,2293,1,81.755,1.921,48.188,-65.375,-9.375,-0.457,-0.113,1.605,-0.266,1.902,2.605,0.126,0.040,0.977,1.322,2,NULL,NULL,,3,0,2,7,255,1161,250,0,0
stim,268903,299024,0,299024,3496359.455,-0.651,0.041,0.032,-0.757,0,0,2979,0,3047,2309,2875,2995,50,1.102,1,2293,0,81.743,1.921,32.938,-74.625,-5.313,-0.352,0.094,1.785,-0.266,1.902,6.348,0.122,0.046,0.977,1.322,3,NULL,NULL,,3,0,2,7,255,1161,250,0,0
stim,268937,299058,0,299058,3496364.454,-0.651,0.037,0.032,-0.758,0,0,2979,0,3049,2259,2892,2997,50,1.102,1,2293,0,94.243,1.881,-57.688,-73.063,-14.688,-0.094,0.109,1.488,1.348,1.313,6.348,0.118,0.052,0.977,1.322,3,NULL,NULL,,3,0,2,7,255,1161,250,0,0
stim,268937,299058,0,299058,3496369.455,-0.651,0.033,0.032,-0.758,0,0,2983,0,3055,2203,2915,2996,50,1.102,1,2293,0,108.515,1.356,-79.250,-74.063,-3.125,-0.094,0.004,1.047,1.348,-0.152,4.762,0.114,0.060,0.977,1.322,3,NULL,NULL,,3,0,2,7,255,1161,250,0,0
stim,268937,299058,0,299058,3496374.454,-0.652,0.029,0.031,-0.757,0,0,2986,0,3077,2125,2927,3003,50,1.102,1,2293,0,93.769,0.351,-42.813,-81.688,16.938,-0.203,-0.063,0.891,0.316,-0.152,0.461,0.112,0.066,0.977,1.322,3,NULL,NULL,,3,0,2,7,255,1161,250,0,0
stim,268937,299058,0,299058,3496379.455,-0.653,0.026,0.029,-0.757,0,0,2987,0,3068,2019,2934,3037,50,1.102,1,2293,0,89.560,1.191,0.813,-88.313,14.875,-0.328,-0.148,0.984,-0.137,1.184,0.098,0.106,0.072,0.977,1.322,3,NULL,NULL,,3,0,2,7,255,1161,250,0,0
stim,268937,299058,0,299058,3496384.453,-0.653,0.023,0.026,-0.757,0,0,2991,0,3077,1911,2955,3002,50,1.102,1,2293,0,95.150,1.911,12.813,-94.250,-2.500,-0.254,-0.180,1.199,-0.758,1.754,0.098,0.102,0.080,0.977,1.322,3,NULL,NULL,,3,0,2,7,255,1161,250,0,0
stim,268937,299058,0,299058,3496389.455,-0.653,0.020,0.024,-0.757,0,0,2989,0,3090,1799,2955,2992,50,1.102,1,2293,0,97.112,2.079,-2.500,-96.938,-5.250,-0.211,-0.219,1.289,-1.117,1.754,2.152,0.098,0.086,0.977,1.322,3,NULL,NULL,,3,0,2,7,255,1161,250,0,0
stim,268969,299090,0,299090,3496394.453,-0.653,0.016,0.021,-0.757,0,0,2979,0,3087,1674,2968,2989,50,1.102,1,2293,0,103.066,2.113,-9.500,-102.375,7.188,-0.199,-0.227,1.219,-1.492,1.496,2.301,0.094,0.094,0.977,1.322,3,NULL,NULL,,3,0,2,7,255,1161,250,0,0
stim,268969,299090,0,299090,3496399.455,-0.654,0.013,0.019,-0.756,0,0,2971,0,3089,1506,2973,2991,50,1.102,1,2293,0,107.622,2.077,-12.000,-106.500,9.813,-0.188,-0.168,1.145,-1.492,1.445,2.301,0.090,0.102,0.977,1.322,3,NULL,NULL,,3,0,2,7,255,1161,250,0,0
stim,268969,299090,0,299090,3496404.454,-0.654,0.009,0.016,-0.756,0,0,2970,0,3094,1327,2985,2987,50,1.102,1,2293,0,111.815,1.830,-14.563,-110.750,5.000,-0.188,-0.141,1.113,-1.055,1.496,1.543,0.086,0.110,0.977,1.322,3,NULL,NULL,,3,0,2,7,255,1161,250,0,0
stim,268969,299090,0,299090,3496409.455,-0.654,0.005,0.013,-0.756,0,0,2953,0,3095,1117,2987,2983,50,1.102,1,2293,0,113.173,1.835,-3.250,-113.063,3.813,-0.191,-0.164,0.996,-1.023,1.523,1.199,0.082,0.116,0.977,1.322,3,NULL,NULL,,3,0,2,7,255,1161,250,0,0
stim,269003,299124,0,299124,3496414.454,-0.654,0.001,0.010,-0.756,0,0,2935,0,3106,890,2995,2971,50,1.102,1,2293,0,122.266,1.880,21.063,-120.438,-0.500,-0.234,-0.145,1.012,-0.770,1.715,0.191,0.076,0.126,0.977,1.322,3,NULL,NULL,,3,0,2,7,255,1161,250,0,0
stim,269003,299124,0,299124,3496419.455,-0.654,-0.002,0.005,-0.756,0,0,2919,0,3100,650,3001,2967,50,1.102,1,2293,0,133.638,1.880,37.500,-128.125,-6.063,-0.145,-0.129,1.137,-0.770,1.715,0.191,0.072,0.134,0.977,1.322,3,NULL,NULL,,3,0,2,7,255,1161,250,0,0
stim,269003,299124,0,299124,3496424.454,-0.655,-0.005,0.000,-0.756,0,0,2892,0,3109,524,3015,2955,50,1.102,1,2293,0,135.891,1.574,31.938,-132.063,2.438,-0.105,-0.074,1.340,-0.684,1.418,1.395,0.068,0.144,0.977,1.322,3,NULL,NULL,,3,0,2,7,255,1161,250,0,0
stim,269003,299124,0,299124,3496429.455,-0.655,-0.009,-0.004,-0.755,0,0,2867,0,3108,347,3013,2936,50,1.102,1,2293,0,138.077,1.426,13.625,-137.188,7.688,-0.172,0.063,1.395,-0.148,1.418,3.336,0.064,0.154,0.977,1.322,3,NULL,NULL,,3,0,2,7,255,1161,250,0,0
stim,269003,299124,0,299124,3496434.453,-0.655,-0.013,-0.008,-0.755,0,0,2839,0,3101,137,3027,2909,50,1.102,1,2293,0,142.910,2.068,1.438,-142.875,2.813,-0.164,0.160,1.297,1.270,1.633,3.336,0.062,0.164,0.977,1.322,3,NULL,NULL,,3,0,2,7,255,1161,250,0,0
stim,269003,299124,0,299124,3496439.455,-0.655,-0.018,-0.013,-0.755,0,0,2803,0,3111,58,3017,2887,50,1.102,1,2293,0,149.280,2.739,6.625,-148.938,-7.625,-0.156,0.207,1.227,2.199,1.633,2.777,0.060,0.176,0.977,1.322,3,NULL,NULL,,3,0,2,7,255,1161,250,0,0
stim,269021,299142,0,299142,3496444.454,-0.655,-0.022,-0.018,-0.755,0,0,2749,0,3110,16,3029,2857,50,1.102,1,2293,0,157.496,3.095,17.563,-155.688,-16.063,-0.168,0.227,1.246,2.629,1.633,2.211,0.058,0.186,0.977,1.322,3,NULL,NULL,,3,0,2,7,255,1161,250,0,0
stim,269021,299142,0,299142,3496449.455,-0.654,-0.027,-0.024,-0.756,0,0,2695,0,3095,0,3025,2824,50,1.102,1,2293,0,167.166,3.394,29.375,-163.063,-22.188,-0.160,0.234,1.453,2.832,1.871,2.211,0.056,0.196,0.977,1.322,3,NULL,NULL,,3,0,2,7,255,1161,250,0,0
stim,269021,299142,0,299142,3496454.454,-0.653,-0.031,-0.029,-0.756,0,0,2636,0,3091,0,3027,2787,50,1.102,1,2293,0,172.046,3.539,17.875,-169.875,-20.563,-0.180,0.211,1.664,2.859,2.086,4.219,0.054,0.206,0.977,1.322,3,NULL,NULL,,3,0,2,7,255,1161,250,0,0
stim,269021,299142,0,299142,3496459.455,-0.653,-0.037,-0.034,-0.756,0,0,2552,0,3087,0,3021,2733,50,1.102,1,2293,0,182.311,3.905,5.688,-182.063,-7.625,-0.219,0.184,1.879,2.859,2.660,6.234,0.052,0.216,0.977,1.322,3,NULL,NULL,,3,0,2,7,255,1161,250,0,0
stim,269021,299142,0,299142,3496464.454,-0.653,-0.044,-0.040,-0.755,0,0,2477,0,3079,0,3021,2679,50,1.102,1,2293,0,196.412,4.556,-6.313,-195.688,15.625,-0.316,0.289,2.113,2.859,3.547,8.246,0.048,0.226,0.977,1.322,3,NULL,NULL,,3,0,2,7,255,1161,250,0,0
stim,269021,299142,0,299142,3496469.455,-0.654,-0.052,-0.045,-0.753,0,0,2389,0,3061,0,3015,2631,50,1.102,1,2293,0,220.383,6.368,-33.500,-215.063,34.563,-0.434,0.430,2.184,4.074,4.895,10.320,0.042,0.238,0.977,1.322,3,NULL,NULL,,3,0,2,7,255,1161,250,0,0
stim,269043,299164,0,299164,3496474.453,-0.655,-0.061,-0.049,-0.751,0,0,2292,0,3047,0,3008,2553,50,1.102,1,2293,0,245.105,8.496,-60.625,-234.500,37.563,-0.520,0.535,2.137,5.738,6.266,10.320,0.040,0.250,0.977,1.322,3,NULL,NULL,,3,0,2,7,255,1161,250,0,0
stim,269043,299164,0,299164,3496479.455,-0.656,-0.072,-0.054,-0.750,0,0,2169,0,3047,10,3007,2441,50,1.102,1,2293,0,272.173,10.131,-87.375,-255.125,36.813,-0.512,0.555,2.031,6.996,7.328,9.879,0.044,0.268,0.977,1.322,3,NULL,NULL,,3,0,2,7,255,1161,250,0,0
stim,269043,299164,0,299164,3496484.454,-0.656,-0.084,-0.058,-0.748,0,0,2043,0,3019,59,2980,2331,50,1.102,1,2293,0,291.528,10.131,-94.813,-273.750,32.563,-0.438,0.516,1.930,6.996,7.328,8.633,0.060,0.290,0.977,1.322,3,NULL,NULL,,3,0,2,7,255,1161,250,0,0
stim,269043,299164,0,299164,3496489.455,-0.657,-0.096,-0.063,-0.745,0,0,1931,0,3001,73,2955,2204,50,1.102,1,2293,0,309.160,10.198,-88.438,-293.938,36.875,-0.418,0.473,1.992,6.969,7.445,7.965,0.082,0.318,0.977,1.322,3,NULL,NULL,,3,0,2,7,255,1161,250,0,0
stim,269043,299164,0,299164,3496494.454,-0.657,-0.109,-0.069,-0.743,0,0,1823,0,2981,77,2927,2072,50,1.102,1,2293,0,327.842,10.224,-88.125,-312.625,44.500,-0.551,0.512,2.191,6.969,7.480,7.965,0.114,0.352,0.977,1.322,3,NULL,NULL,,3,0,2,7,255,1161,250,0,0
stim,269043,299164,0,299164,3496499.455,-0.657,-0.122,-0.075,-0.740,0,0,1747,0,2936,78,2889,1935,50,1.102,1,2293,0,347.419,12.306,-96.938,-331.625,36.438,-0.727,0.629,2.422,7.668,9.625,9.227,0.152,0.390,0.977,1.322,3,NULL,NULL,,3,0,2,7,255,1161,250,0,0
stim,269105,299226,0,299226,3496504.453,-0.656,-0.137,-0.082,-0.738,0,0,1681,0,2889,79,2836,1785,50,1.102,1,2293,0,366.796,15.476,-114.125,-348.438,10.313,-0.770,0.758,2.660,9.453,12.254,10.441,0.194,0.434,0.977,1.322,3,NULL,NULL,,3,0,2,7,255,1161,250,0,0
stim,269105,299226,0,299226,3496509.455,-0.654,-0.153,-0.088,-0.736,0,0,1598,0,2843,73,2763,1653,50,1.102,1,2293,0,390.466,17.830,-133.438,-366.813,-10.313,-0.727,0.727,2.766,11.313,13.781,11.914,0.242,0.480,0.977,1.322,3,NULL,NULL,,3,0,2,7,255,1161,250,0,0
stim,269105,299226,0,299226,3496514.453,-0.651,-0.170,-0.093,-0.734,0,0,1491,0,2774,67,2664,1499,50,1.102,1,2293,0,420.507,18.289,-162.500,-387.813,-4.625,-0.723,0.594,2.668,11.313,14.371,11.914,0.292,0.530,0.977,1.322,3,NULL,NULL,,3,0,2,7,255,1161,250,0,0
stim,269105,299226,0,299226,3496519.455,-0.648,-0.188,-0.099,-0.731,0,0,1355,0,2706,33,2533,1341,50,1.102,1,2293,0,438.686,18.248,-176.625,-401.500,-6.813,-0.813,0.582,2.539,10.586,14.863,11.035,0.346,0.586,0.977,1.322,3,NULL,NULL,,3,0,2,7,255,1161,250,0,0
stim,269105,299226,0,299226,3496524.454,-0.645,-0.206,-0.105,-0.729,0,0,1184,0,2605,0,2360,1197,50,1.102,1,2293,0,449.791,19.078,-175.688,-413.188,-26.875,-0.840,0.598,2.473,10.586,15.871,8.820,0.410,0.650,0.977,1.322,3,NULL,NULL,,3,0,2,7,255,1161,250,0,0
stim,269105,299226,0,299226,3496529.455,-0.640,-0.224,-0.112,-0.726,0,0,1020,0,2473,0,2135,1052,50,1.102,1,2293,0,460.186,19.522,-167.500,-426.375,-43.813,-0.723,0.406,2.555,10.586,16.402,8.094,0.480,0.722,0.977,1.322,3,NULL,NULL,,3,0,2,7,255,1161,250,0,0
stim,269105,299226,0,299226,3496534.454,-0.635,-0.243,-0.119,-0.723,0,0,793,0,2291,0,1815,933,50,1.102,1,2293,0,476.284,19.217,-176.563,-441.125,-32.875,-0.566,-0.012,2.547,9.672,16.605,8.094,0.560,0.804,0.977,1.322,3,NULL,NULL,,3,0,2,7,255,1161,250,0,0
stim,269105,299226,0,299226,3496539.455,-0.631,-0.262,-0.126,-0.719,0,0,549,0,2088,0,1459,805,50,1.102,1,2293,0,495.678,17.636,-189.688,-457.875,-8.125,-0.418,-0.422,2.250,5.941,16.605,8.094,0.650,0.896,0.977,1.322,3,NULL,NULL,,3,0,2,7,255,1161,250,0,0
stim,269105,299226,0,299226,3496544.453,-0.627,-0.282,-0.132,-0.714,0,0,379,0,1815,0,936,685,50,1.102,1,2293,0,503.032,15.405,-188.250,-466.313,12.500,-0.238,-0.461,1.738,1.652,15.316,6.957,0.742,0.990,0.977,1.322,3,NULL,NULL,,3,0,2,7,255,1161,250,0,0
stim,269105,299226,0,299226,3496549.455,-0.623,-0.301,-0.140,-0.708,0,0,245,0,1519,0,392,569,50,1.102,1,2293,0,491.218,11.929,-146.438,-468.813,8.125,-0.020,-0.250,1.293,1.133,11.875,3.352,0.838,1.086,0.977,1.322,3,NULL,NULL,,3,0,2,7,255,1161,250,0,0
stim,269105,299226,0,299226,3496554.453,-0.620,-0.317,-0.151,-0.701,0,0,181,0,1150,0,156,473,50,1.102,1,2293,0,478.368,9.746,-46.500,-475.688,19.875,-0.066,-0.133,1.531,1.133,9.680,1.270,0.930,1.182,0.977,1.322,3,NULL,NULL,,3,0,2,7,255,1161,250,0,0
stim,269105,299226,0,299226,3496559.455,-0.620,-0.332,-0.163,-0.692,0,0,111,0,785,0,0,470,50,1.102,1,2293,0,488.306,10.134,8.000,-482.000,77.813,-0.441,-0.031,2.207,3.000,9.680,1.270,1.018,1.274,0.977,1.322,3,NULL,NULL,,3,0,2,7,255,1161,250,0,0
stim,269135,299256,0,299256,3496564.454,-0.621,-0.348,-0.173,-0.681,0,0,96,0,358,0,0,377,50,1.102,1,2293,0,513.014,17.892,-33.125,-492.375,140.188,-0.910,0.082,2.520,5.867,16.902,1.270,1.094,1.352,0.977,1.322,3,NULL,NULL,,3,0,2,7,255,1161,250,0,0
stim,269135,299256,0,299256,3496569.455,-0.621,-0.367,-0.180,-0.669,0,0,74,0,38,0,0,331,50,1.102,1,2293,0,533.144,23.577,-122.813,-490.250,169.750,-1.152,0.555,2.281,7.707,22.281,0.941,1.158,1.420,0.977,1.322,3,NULL,NULL,,3,0,2,7,255,1161,250,0,0
stim,269135,299256,0,299256,3496574.453,-0.617,-0.388,-0.183,-0.660,0,0,83,0,0,0,0,199,50,1.102,1,2293,0,519.530,24.990,-221.875,-452.625,125.750,-0.953,1.387,1.676,11.316,22.281,-4.441,1.218,1.486,0.977,1.322,3,NULL,NULL,,3,0,2,7,255,1161,250,0,0
stim,269135,299256,0,299256,3496579.455,-0.612,-0.407,-0.185,-0.653,0,0,84,0,0,0,0,137,50,1.102,1,2293,0,488.713,23.206,-260.875,-408.938,59.625,-0.625,1.934,1.348,17.398,15.355,-9.914,1.282,1.554,0.977,1.322,4,NULL,NULL,,3,0,2,7,255,1161,250,0,0
stim,269135,299256,0,299256,3496584.453,-0.605,-0.426,-0.185,-0.647,0,0,89,0,0,0,0,159,50,1.102,1,2293,0,475.505,23.339,-307.125,-357.125,65.125,-0.770,1.793,1.422,20.496,11.164,-11.816,1.356,1.630,0.977,1.322,0,NULL,NULL,,3,0,2,7,255,1161,250,0,0
stim,269135,299256,0,299256,3496589.455,-0.598,-0.446,-0.178,-0.642,0,0,89,0,0,0,0,211,50,1.102,1,2293,0,527.109,22.677,-432.250,-288.125,89.375,-0.648,1.434,0.980,20.496,9.703,-13.000,1.442,1.718,0.977,1.322,0,NULL,NULL,,3,0,2,7,255,1161,250,0,0
stim,269171,299292,0,299292,3496594.454,-0.588,-0.464,-0.170,-0.640,0,0,89,0,0,0,0,221,50,1.102,1,2293,0,507.288,17.545,-456.500,-219.938,24.000,-0.359,0.605,0.367,15.805,7.617,-13.000,1.534,1.812,0.977,1.322,0,NULL,NULL,,3,0,2,7,255,1161,250,0,0
stim,269171,299292,0,299292,3496599.455,-0.580,-0.477,-0.165,-0.640,0,0,82,0,0,0,0,254,50,1.102,1,2293,0,369.745,7.061,-335.063,-155.625,-15.000,-0.207,-0.477,-0.051,6.332,3.125,-12.836,1.622,1.902,0.977,1.322,0,NULL,NULL,,3,0,2,7,255,1161,250,0,0
stim,269171,299292,0,299292,3496604.454,-0.575,-0.485,-0.162,-0.639,0,0,75,0,0,0,0,298,50,1.102,1,2293,0,225.106,5.647,-194.500,-113.250,4.125,-0.188,-0.797,0.332,-4.703,3.125,-10.020,1.704,1.986,0.977,1.322,0,NULL,NULL,,3,0,2,7,255,1161,250,0,0
stim,269171,299292,0,299292,3496609.455,-0.571,-0.492,-0.157,-0.639,0,0,76,0,0,0,0,296,50,1.102,1,2293,0,216.982,7.520,-209.250,-52.625,22.938,-0.094,-0.449,0.539,-4.703,5.867,-6.938,1.778,2.062,0.977,1.322,0,NULL,NULL,,3,0,2,7,255,1161,250,0,0
stim,269201,299322,0,299322,3496614.453,-0.566,-0.498,-0.148,-0.640,0,0,74,0,0,0,0,268,50,1.102,1,2293,0,284.276,6.064,-279.063,19.500,50.563,0.082,0.184,-0.316,-1.531,5.867,-6.938,1.842,2.128,0.977,1.322,0,NULL,NULL,,3,0,2,7,255,1161,250,0,0
stim,269201,299322,0,299322,3496619.455,-0.564,-0.502,-0.137,-0.641,0,0,71,0,0,0,0,219,50,1.102,1,2293,0,266.490,3.584,-234.375,81.188,97.438,0.094,0.711,-1.375,-1.027,-3.434,-11.273,1.890,2.178,0.977,1.322,0,NULL,NULL,,3,0,2,7,255,1161,250,0,0
stim,269201,299322,0,299322,3496624.454,-0.567,-0.501,-0.130,-0.640,0,0,69,0,0,0,0,155,50,1.102,1,2293,0,192.774,12.935,-67.813,121.688,133.250,-0.180,0.711,-1.656,-1.027,-12.895,-17.914,1.922,2.212,0.977,1.322,0,NULL,NULL,,3,0,2,7,255,1161,250,0,0
stim,269201,299322,0,299322,3496629.455,-0.574,-0.496,-0.125,-0.640,0,0,61,0,0,0,0,115,50,1.102,1,2293,0,222.797,13.230,93.500,145.813,140.125,-0.523,0.219,-0.922,-2.961,-12.895,-18.922,1.950,2.242,0.977,1.322,0,NULL,NULL,,3,0,2,7,255,1161,250,0,0
stim,269201,299322,0,299322,3496634.454,-0.581,-0.488,-0.122,-0.640,0,0,61,0,0,0,0,107,50,1.102,1,2293,0,253.449,5.090,139.500,166.375,130.750,-0.695,-0.133,-0.098,-2.961,-4.141,-18.922,1.978,2.274,0.977,1.322,0,NULL,NULL,,3,0,2,7,255,1161,250,0,0
stim,269201,299322,0,299322,3496639.455,-0.588,-0.481,-0.118,-0.640,0,0,51,0,0,0,0,97,50,1.102,1,2293,0,247.597,4.771,110.375,180.000,129.313,-0.707,-0.094,0.152,-2.711,3.926,-14.973,2.002,2.300,0.977,1.322,0,NULL,NULL,,3,0,2,7,255,1161,250,0,0
stim,269201,299322,0,299322,3496644.454,-0.595,-0.474,-0.113,-0.640,0,0,51,0,0,0,0,83,50,1.102,1,2293,0,249.696,4.101,92.625,186.438,137.875,-0.715,0.180,-0.020,-1.188,3.926,-14.973,2.020,2.322,0.977,1.322,0,NULL,NULL,,3,0,2,7,255,1161,250,0,0
stim,269201,299322,0,299322,3496649.455,-0.602,-0.466,-0.109,-0.640,0,0,45,0,0,0,0,63,50,1.102,1,2293,0,263.091,3.890,118.063,188.375,140.688,-0.797,0.422,-0.113,0.242,3.883,-15.848,2.034,2.338,0.977,1.322,0,NULL,NULL,,3,0,2,7,255,1161,250,0,0
stim,269201,299322,0,299322,3496654.453,-0.609,-0.457,-0.105,-0.640,0,0,43,0,0,0,0,53,50,1.102,1,2293,0,273.547,4.227,150.563,189.438,127.563,-0.910,0.488,0.070,1.672,3.883,-17.891,2.056,2.362,0.977,1.322,0,NULL,NULL,,3,0,2,7,255,1161,250,0,0
stim,269201,299322,0,299322,3496659.455,-0.616,-0.448,-0.102,-0.640,0,0,43,0,0,0,0,53,50,1.102,1,2293,0,269.439,6.036,157.125,192.563,104.063,-0.949,0.406,0.332,2.930,5.277,-17.891,2.080,2.388,0.977,1.322,0,NULL,NULL,,3,0,2,7,255,1161,250,0,0
stim,269234,299355,0,299355,3496664.454,-0.621,-0.439,-0.100,-0.641,0,0,39,0,0,0,0,47,50,1.102,1,2293,0,256.002,8.285,141.813,196.625,82.250,-0.918,0.285,0.488,3.156,7.660,-16.215,2.106,2.416,0.977,1.322,0,NULL,NULL,,3,0,2,7,255,1161,250,0,0
stim,269234,299355,0,299355,3496669.455,-0.626,-0.430,-0.096,-0.643,0,0,37,0,0,0,0,43,50,1.102,1,2293,0,244.604,9.408,125.000,199.500,66.375,-0.879,0.211,0.547,3.156,8.863,-14.422,2.128,2.440,0.977,1.322,0,NULL,NULL,,3,0,2,7,255,1161,250,0,0
stim,269234,299355,0,299355,3496674.454,-0.631,-0.421,-0.093,-0.645,0,0,29,0,0,0,0,47,50,1.102,1,2293,0,237.062,9.673,114.875,201.375,49.500,-0.867,0.184,0.598,2.879,9.234,-13.305,2.146,2.460,0.977,1.322,0,NULL,NULL,,3,0,2,7,255,1161,250,0,0
stim,269234,299355,0,299355,3496679.455,-0.634,-0.413,-0.090,-0.648,0,0,31,0,0,0,0,47,50,1.102,1,2293,0,231.291,10.020,105.875,203.938,26.375,-0.832,0.180,0.672,2.879,9.598,-12.609,2.160,2.476,0.977,1.322,0,NULL,NULL,,3,0,2,7,255,1161,250,0,0
stim,269253,299374,0,299374,3496684.454,-0.636,-0.404,-0.087,-0.651,0,0,26,0,0,0,0,53,50,1.102,1,2293,0,228.134,10.153,93.000,208.313,1.375,-0.742,0.164,0.734,3.254,9.617,-11.711,2.172,2.492,0.977,1.322,0,NULL,NULL,,3,0,2,7,255,1161,250,0,0
stim,269253,299374,0,299374,3496689.455,-0.638,-0.396,-0.084,-0.656,0,0,16,0,0,0,0,56,50,1.102,1,2293,0,229.505,10.195,77.563,215.250,-18.000,-0.621,0.125,0.730,3.383,9.617,-10.461,2.184,2.504,0.977,1.322,0,NULL,NULL,,3,0,2,7,255,1161,250,0,0
stim,269253,299374,0,299374,3496694.453,-0.639,-0.387,-0.080,-0.660,0,0,11,0,0,0,0,59,50,1.102,1,2293,0,235.268,9.370,66.500,223.688,-29.875,-0.547,0.098,0.664,3.383,8.738,-9.414,2.196,2.520,0.977,1.322,0,NULL,NULL,,3,0,2,7,255,1161,250,0,0
stim,269253,299374,0,299374,3496699.455,-0.639,-0.379,-0.076,-0.665,0,0,13,0,0,0,0,64,50,1.102,1,2293,0,244.651,8.354,63.750,232.625,-40.938,-0.520,0.094,0.605,2.988,7.801,-9.176,2.208,2.534,0.977,1.322,0,NULL,NULL,,3,0,2,7,255,1161,250,0,0
stim,269253,299374,0,299374,3496704.453,-0.639,-0.370,-0.073,-0.671,0,0,13,0,0,0,0,69,50,1.102,1,2293,0,256.830,7.765,66.313,242.063,-54.500,-0.473,0.105,0.566,2.801,7.242,-9.098,2.224,2.552,0.977,1.322,0,NULL,NULL,,3,0,2,7,255,1161,250,0,0
stim,269253,299374,0,299374,3496709.455,-0.639,-0.360,-0.069,-0.676,0,0,11,0,0,0,0,69,50,1.102,1,2293,0,269.481,7.157,72.125,252.000,-62.563,-0.398,0.113,0.547,2.801,6.586,-9.027,2.244,2.576,0.977,1.322,0,NULL,NULL,,3,0,2,7,255,1161,250,0,0
stim,269309,299430,0,299430,3496714.454,-0.639,-0.350,-0.065,-0.682,0,0,13,0,0,0,0,72,50,1.102,1,2293,0,282.534,6.547,77.625,262.438,-70.188,-0.383,0.133,0.539,2.922,5.859,-8.637,2.270,2.604,0.977,1.322,0,NULL,NULL,,3,0,2,7,255,1161,250,0,0
stim,269309,299430,0,299430,3496719.455,-0.638,-0.339,-0.062,-0.688,0,0,12,0,0,0,0,73,50,1.102,1,2293,0,296.064,6.350,85.313,272.938,-76.688,-0.348,0.125,0.520,3.012,5.590,-8.527,2.300,2.634,0.977,1.322,0,NULL,NULL,,3,0,2,7,255,1161,250,0,0
stim,269309,299430,0,299430,3496724.454,-0.637,-0.328,-0.058,-0.695,0,0,12,0,0,0,0,84,50,1.102,1,2293,0,310.227,6.027,96.750,282.938,-82.625,-0.316,0.129,0.531,3.094,5.172,-8.316,2.332,2.670,0.977,1.322,0,NULL,NULL,,3,0,2,7,255,1161,250,0,0
stim,269309,299430,0,299430,3496729.455,-0.637,-0.316,-0.055,-0.701,0,0,12,0,0,0,0,83,50,1.102,1,2293,0,323.488,5.906,110.000,292.313,-84.250,-0.324,0.168,0.578,3.125,5.012,-7.902,2.368,2.708,0.977,1.322,0,NULL,NULL,,3,0,2,7,255,1161,250,0,0
stim,269309,299430,0,299430,3496734.453,-0.636,-0.303,-0.052,-0.708,0,0,7,0,0,0,0,78,50,1.102,1,2293,0,338.191,6.199,125.750,300.313,-91.500,-0.340,0.203,0.656,3.648,5.012,-7.559,2.404,2.748,0.977,1.322,0,NULL,NULL,,3,0,2,7,255,1161,250,0,0
stim,269309,299430,0,299430,3496739.455,-0.635,-0.289,-0.049,-0.714,0,0,11,0,0,0,0,73,50,1.102,1,2293,0,351.427,6.839,137.438,308.313,-97.750,-0.293,0.180,0.805,4.273,5.340,-6.965,2.442,2.788,0.977,1.322,0,NULL,NULL,,3,0,2,7,255,1161,250,0,0
stim,269309,299430,0,299430,3496744.453,-0.634,-0.276,-0.046,-0.721,0,0,7,0,0,0,0,87,50,1.102,1,2293,0,357.530,7.059,137.875,315.750,-95.500,-0.160,0.148,0.941,4.617,5.340,-5.305,2.480,2.830,0.977,1.322,0,NULL,NULL,,3,0,2,7,255,1161,250,0,0
stim,269309,299430,0,299430,3496749.455,-0.633,-0.262,-0.042,-0.727,0,0,9,0,0,0,0,101,50,1.102,1,2293,0,362.573,6.694,135.563,323.125,-93.125,-0.063,0.172,0.898,4.652,4.813,-3.258,2.520,2.870,0.977,1.322,0,NULL,NULL,,3,0,2,7,255,1161,250,0,0
stim,269309,299430,0,299430,3496754.454,-0.632,-0.247,-0.039,-0.733,0,0,11,0,0,0,0,105,50,1.102,1,2293,0,368.541,5.853,144.250,327.438,-88.313,0.012,0.133,0.867,4.652,3.551,-3.078,2.558,2.912,0.977,1.322,0,NULL,NULL,,3,0,2,7,255,1161,250,0,0
stim,269309,299430,0,299430,3496759.455,-0.632,-0.232,-0.036,-0.739,0,0,10,0,0,0,0,106,50,1.102,1,2293,0,374.308,5.327,162.250,328.188,-77.938,0.000,0.191,0.922,4.617,2.656,-2.789,2.596,2.952,0.977,1.322,0,NULL,NULL,,3,0,2,7,255,1161,250,0,0
stim,269335,299456,0,299456,3496764.454,-0.631,-0.217,-0.033,-0.744,0,0,11,0,0,0,0,105,50,1.102,1,2293,0,371.255,4.819,167.375,326.000,-59.500,0.172,0.094,1.133,4.047,2.617,-2.344,2.634,2.994,0.977,1.322,0,NULL,NULL,,3,0,2,7,255,1161,250,0,0
stim,269335,299456,0,299456,3496769.455,-0.632,-0.202,-0.030,-0.747,0,0,9,0,0,0,0,109,50,1.102,1,2293,0,360.530,4.412,155.313,324.438,-24.500,0.180,0.109,1.164,4.078,1.684,0.516,2.672,3.034,0.977,1.322,0,NULL,NULL,,3,0,2,7,255,1161,250,0,0
stim,269335,299456,0,299456,3496774.453,-0.633,-0.187,-0.026,-0.751,0,0,9,0,0,0,0,111,50,1.102,1,2293,0,358.690,4.412,155.813,322.938,-9.625,0.059,0.281,1.090,4.078,1.684,0.516,2.708,3.072,0.977,1.322,0,NULL,NULL,,3,0,2,7,255,1161,250,0,0
stim,269335,299456,0,299456,3496779.455,-0.634,-0.172,-0.023,-0.754,0,0,9,0,0,0,0,109,50,1.102,1,2293,0,365.547,5.349,175.563,320.250,-15.563,0.031,0.258,1.094,5.070,1.703,-0.246,2.742,3.110,0.977,1.322,0,NULL,NULL,,3,0,2,7,255,1161,250,0,0
stim,269335,299456,0,299456,3496784.454,-0.635,-0.156,-0.021,-0.756,0,0,10,0,0,0,0,109,50,1.102,1,2293,0,371.926,5.349,193.313,317.500,-12.375,0.086,0.129,1.254,5.070,1.703,-0.246,2.774,3.144,0.977,1.322,0,NULL,NULL,,3,0,2,7,255,1161,250,0,0
stim,269335,299456,0,299456,3496789.455,-0.636,-0.140,-0.019,-0.758,0,0,9,0,0,0,0,105,50,1.102,1,2293,0,372.085,4.601,196.438,316.000,1.938,0.047,0.133,1.469,4.234,1.801,1.785,2.806,3.176,0.977,1.322,0,NULL,NULL,,3,0,2,7,255,1161,250,0,0
stim,269359,299480,0,299480,3496794.454,-0.638,-0.124,-0.016,-0.760,0,0,9,0,0,0,0,103,50,1.102,1,2293,0,366.228,4.736,183.750,316.750,5.313,-0.098,0.195,1.594,4.234,2.121,3.805,2.834,3.208,0.977,1.322,0,NULL,NULL,,3,0,2,7,255,1161,250,0,0
stim,269359,299480,0,299480,3496799.455,-0.638,-0.109,-0.013,-0.762,0,0,9,0,0,0,0,101,50,1.102,1,2293,0,358.790,5.267,169.688,316.125,-1.125,-0.090,0.102,1.684,4.234,3.133,4.734,2.858,3.236,0.977,1.322,0,NULL,NULL,,3,0,2,7,255,1161,250,0,0
stim,269405,299526,0,299526,3496804.453,-0.639,-0.094,-0.009,-0.764,0,0,8,0,0,0,0,101,50,1.102,1,2293,0,354.737,5.084,156.063,318.563,1.000,-0.070,0.070,1.688,4.004,3.133,5.910,2.882,3.260,0.977,1.322,0,NULL,NULL,,3,0,2,7,255,1161,250,0,0
stim,269405,299526,0,299526,3496809.455,-0.639,-0.079,-0.006,-0.765,0,0,11,0,0,0,0,93,50,1.102,1,2293,0,351.721,4.943,148.875,318.563,7.875,-0.152,0.168,1.773,4.004,2.898,6.152,2.904,3.286,0.977,1.322,0,NULL,NULL,,3,0,2,7,255,1161,250,0,0
stim,269405,299526,0,299526,3496814.453,-0.640,-0.065,-0.001,-0.766,0,0,13,0,0,0,0,94,50,1.102,1,2293,0,346.399,5.164,135.313,318.875,1.188,-0.242,0.191,1.867,4.273,2.898,6.891,2.926,3.310,0.977,1.322,0,NULL,NULL,,3,0,2,7,255,1161,250,0,0
stim,269405,299526,0,299526,3496819.455,-0.639,-0.051,0.004,-0.767,0,0,16,0,0,0,0,91,50,1.102,1,2293,0,339.137,5.179,114.125,319.188,-10.438,-0.227,0.098,1.875,4.273,2.926,7.832,2.948,3.334,0.977,1.322,0,NULL,NULL,,3,0,2,7,255,1161,250,0,0
stim,269405,299526,0,299526,3496824.454,-0.638,-0.038,0.009,-0.769,0,0,18,0,0,0,0,99,50,1.102,1,2293,0,332.937,4.443,96.688,318.313,-13.250,-0.188,0.016,1.770,3.344,2.926,7.832,2.972,3.358,0.977,1.322,0,NULL,NULL,,3,0,2,7,255,1161,250,0,0
stim,269405,299526,0,299526,3496829.455,-0.638,-0.024,0.015,-0.770,0,0,21,0,0,0,0,103,50,1.102,1,2293,0,329.142,3.055,94.563,315.063,-11.313,-0.199,0.004,1.691,2.148,2.172,7.344,2.996,3.384,0.977,1.322,0,NULL,NULL,,3,0,2,7,255,1161,250,0,0
stim,269405,299526,0,299526,3496834.453,-0.637,-0.011,0.020,-0.771,0,0,19,0,0,0,0,97,50,1.102,1,2293,0,326.645,2.571,100.125,310.563,-14.938,-0.223,0.004,1.676,1.746,1.887,6.680,3.020,3.410,0.977,1.322,0,NULL,NULL,,3,0,2,7,255,1161,250,0,0
stim,269405,299526,0,299526,3496839.455,-0.635,0.003,0.025,-0.772,0,0,23,0,0,0,0,99,50,1.102,1,2293,0,324.238,2.308,106.438,305.563,-20.813,-0.195,-0.016,1.695,1.570,1.691,6.680,3.044,3.436,0.977,1.322,0,NULL,NULL,,3,0,2,7,255,1161,250,0,0
stim,269405,299526,0,299526,3496844.453,-0.634,0.016,0.030,-0.773,0,0,26,0,0,0,0,101,50,1.102,1,2293,0,322.091,1.520,114.188,300.375,-21.875,-0.137,-0.035,1.707,1.098,1.051,6.848,3.068,3.464,0.977,1.322,0,NULL,NULL,,3,0,2,7,255,1161,250,0,0
stim,269405,299526,0,299526,3496849.455,-0.633,0.029,0.033,-0.773,0,0,28,0,0,0,0,99,50,1.102,1,2293,0,322.216,0.590,127.313,295.375,-19.188,-0.082,-0.035,1.730,0.582,0.094,6.957,3.092,3.488,0.977,1.322,0,NULL,NULL,,3,0,2,7,255,1161,250,0,0
stim,269405,299526,0,299526,3496854.454,-0.631,0.043,0.037,-0.774,0,0,26,0,0,0,0,93,50,1.102,1,2293,0,325.498,0.877,144.375,291.250,-16.688,-0.031,-0.043,1.793,0.211,-0.852,7.164,3.112,3.512,0.977,1.322,0,NULL,NULL,,3,0,2,7,255,1161,250,0,0
stim,269405,299526,0,299526,3496859.457,-0.629,0.057,0.039,-0.774,0,0,26,0,0,0,0,101,50,1.102,1,2293,0,330.724,1.788,161.750,288.125,-14.125,0.051,-0.055,1.883,-0.281,-1.766,7.703,3.130,3.530,0.977,1.322,0,NULL,NULL,,3,0,2,7,255,1161,250,0,0
stim,269436,299557,0,299557,3496864.454,-0.628,0.071,0.041,-0.774,0,0,27,0,0,0,0,109,50,1.102,1,2293,0,337.633,3.110,178.625,286.313,-10.688,0.176,-0.051,1.980,-0.863,-2.988,8.391,3.142,3.546,0.977,1.322,0,NULL,NULL,,3,0,2,7,255,1161,250,0,0
stim,269436,299557,0,299557,3496869.455,-0.626,0.086,0.042,-0.774,0,0,27,0,0,0,0,109,50,1.102,1,2293,0,346.669,4.934,195.563,286.188,-5.625,0.344,0.016,2.090,-1.492,-4.703,9.074,3.152,3.558,0.977,1.322,0,NULL,NULL,,3,0,2,7,255,1161,250,0,0
stim,269436,299557,0,299557,3496874.453,-0.624,0.102,0.043,-0.773,0,0,27,0,0,0,0,115,50,1.102,1,2293,0,358.102,7.201,212.563,288.188,1.438,0.516,0.063,2.211,-1.672,-7.004,9.691,3.158,3.566,0.977,1.322,0,NULL,NULL,,3,0,2,7,255,1161,250,0,0
stim,269436,299557,0,299557,3496879.455,-0.623,0.118,0.043,-0.772,0,0,28,0,0,0,0,111,50,1.102,1,2293,0,370.677,9.593,229.000,291.250,11.563,0.656,0.063,2.363,-2.086,-9.363,10.297,3.160,3.570,0.977,1.322,0,NULL,NULL,,3,0,2,7,255,1161,250,0,0
stim,269436,299557,0,299557,3496884.453,-0.621,0.134,0.043,-0.771,0,0,28,0,0,0,0,110,50,1.102,1,2293,0,381.386,11.815,240.750,294.938,22.500,0.781,0.043,2.539,-3.039,-11.418,11.164,3.156,3.568,0.977,1.322,0,NULL,NULL,,3,0,2,7,255,1161,250,0,0
stim,269436,299557,0,299557,3496889.455,-0.620,0.151,0.042,-0.769,0,0,28,0,0,0,0,109,50,1.102,1,2293,0,388.084,14.047,245.125,299.250,31.188,0.906,0.055,2.707,-4.242,-13.391,12.180,3.144,3.558,0.977,1.322,0,NULL,NULL,,3,0,2,7,255,1161,250,0,0
stim,269465,299586,0,299586,3496894.454,-0.619,0.168,0.042,-0.766,0,0,29,0,0,0,0,108,50,1.102,1,2293,0,389.892,16.276,241.125,304.000,38.188,1.027,0.113,2.840,-5.180,-15.430,13.031,3.126,3.542,0.977,1.322,0,NULL,NULL,,3,0,2,7,255,1161,250,0,0
stim,269465,299586,0,299586,3496899.455,-0.618,0.184,0.043,-0.763,0,0,29,0,0,0,0,110,50,1.102,1,2293,0,384.329,18.429,224.688,308.688,44.000,1.121,0.188,2.891,-5.695,-17.527,13.180,3.100,3.518,0.977,1.322,0,NULL,NULL,,3,0,2,7,255,1161,250,0,0
stim,269465,299586,0,299586,3496904.453,-0.617,0.200,0.044,-0.760,0,0,29,0,0,0,0,119,50,1.102,1,2293,0,375.022,20.041,205.750,308.500,56.000,1.160,0.203,2.883,-5.801,-19.184,13.180,3.066,3.484,0.977,1.322,0,NULL,NULL,,3,0,2,7,255,1161,250,0,0
stim,269465,299586,0,299586,3496909.455,-0.616,0.215,0.046,-0.756,0,0,30,0,0,0,0,137,50,1.102,1,2293,0,362.027,20.994,184.813,305.000,62.313,1.219,0.262,2.875,-6.160,-20.070,12.422,3.020,3.442,0.977,1.322,0,NULL,NULL,,3,0,2,7,255,1161,250,0,0
stim,269504,299625,0,299625,3496914.453,-0.616,0.230,0.048,-0.752,0,0,29,0,0,0,0,153,50,1.102,1,2293,0,343.116,22.065,160.000,297.500,60.188,1.379,0.285,2.824,-6.188,-21.180,11.637,2.964,3.388,0.977,1.322,0,NULL,NULL,,3,0,2,7,255,1161,250,0,0
stim,269504,299625,0,299625,3496919.455,-0.616,0.243,0.051,-0.748,0,0,27,0,0,0,0,155,50,1.102,1,2293,0,320.420,23.837,130.625,285.750,62.875,1.605,0.133,2.648,-6.359,-22.973,10.023,2.896,3.320,0.977,1.322,0,NULL,NULL,,3,0,2,7,255,1161,250,0,0
stim,269504,299625,0,299625,3496924.454,-0.616,0.255,0.054,-0.743,0,0,29,0,0,0,0,176,50,1.102,1,2293,0,299.172,25.507,102.688,270.063,77.625,1.777,-0.180,2.313,-7.836,-24.273,6.668,2.818,3.242,0.977,1.322,0,NULL,NULL,,3,0,2,7,255,1161,250,0,0
stim,269504,299625,0,299625,3496929.455,-0.617,0.265,0.057,-0.738,0,0,26,0,0,0,0,199,50,1.102,1,2293,0,282.589,26.293,88.313,250.563,96.313,1.852,-0.504,1.859,-10.105,-24.273,1.809,2.732,3.156,0.977,1.322,0,NULL,NULL,,3,0,2,7,255,1161,250,0,0
stim,269504,299625,0,299625,3496934.454,-0.619,0.276,0.059,-0.733,0,0,26,0,0,0,0,202,50,1.102,1,2293,0,271.240,25.550,99.063,228.063,108.375,1.895,-0.770,1.418,-11.879,-22.621,-3.613,2.638,3.064,0.977,1.322,0,NULL,NULL,,3,0,2,7,255,1161,250,0,0
stim,269504,299625,0,299625,3496939.455,-0.620,0.286,0.059,-0.728,0,0,26,0,0,0,0,231,50,1.102,1,2293,0,270.563,24.470,135.750,204.750,113.375,1.980,-0.984,1.141,-12.977,-20.746,-8.633,2.538,2.964,0.977,1.322,0,NULL,NULL,,3,0,2,7,255,1161,250,0,0
stim,269504,299625,0,299625,3496944.453,-0.621,0.298,0.057,-0.723,0,0,24,0,0,0,0,238,50,1.102,1,2293,0,289.549,25.061,188.375,181.938,123.500,2.211,-1.051,1.074,-14.059,-20.746,-12.332,2.432,2.856,0.977,1.322,0,NULL,NULL,,3,0,2,7,255,1161,250,0,0
stim,269504,299625,0,299625,3496949.455,-0.622,0.309,0.052,-0.718,0,0,25,0,0,0,0,247,50,1.102,1,2293,0,310.019,25.834,223.063,160.563,143.438,2.242,-1.203,1.453,-14.387,-21.457,-12.777,2.316,2.742,0.977,1.322,0,NULL,NULL,,3,0,2,7,255,1161,250,0,0
stim,269504,299625,0,299625,3496954.454,-0.623,0.320,0.048,-0.713,0,0,25,0,0,0,0,251,50,1.102,1,2293,0,288.480,28.666,211.563,143.375,133.813,2.246,-1.367,1.613,-16.887,-23.164,-12.777,2.196,2.622,0.977,1.322,0,NULL,NULL,,3,0,2,7,255,1161,250,0,0
stim,269504,299625,0,299625,3496959.455,-0.623,0.329,0.044,-0.708,0,0,29,0,0,0,0,268,50,1.102,1,2293,0,262.023,29.989,204.063,125.875,105.688,2.355,-1.316,1.664,-18.426,-23.660,-12.777,2.074,2.498,0.977,1.322,0,NULL,NULL,,3,0,2,7,255,1161,250,0,0
stim,269531,299652,0,299652,3496964.454,-0.622,0.339,0.039,-0.705,0,0,27,0,7,0,0,285,50,1.102,1,2293,0,243.138,31.212,203.438,108.938,76.563,2.559,-1.414,1.715,-18.801,-24.914,-13.164,1.952,2.376,0.977,1.322,0,NULL,NULL,,3,0,2,7,255,1161,250,0,0
stim,269531,299652,0,299652,3496969.455,-0.620,0.347,0.035,-0.703,0,0,28,0,19,0,0,297,50,1.102,1,2293,0,230.365,32.965,204.375,88.875,58.313,2.688,-1.566,1.766,-19.438,-26.625,-14.699,1.830,2.254,0.977,1.322,0,NULL,NULL,,3,0,2,7,255,1161,250,0,0
stim,269531,299652,0,299652,3496974.453,-0.618,0.354,0.030,-0.701,0,0,26,0,25,0,0,315,50,1.102,1,2293,0,204.817,34.631,190.063,62.938,43.188,2.727,-1.422,2.172,-20.992,-27.543,-14.699,1.700,2.122,0.977,1.322,0,NULL,NULL,,3,0,2,7,255,1161,250,0,0
stim,269531,299652,0,299652,3496979.455,-0.618,0.359,0.026,-0.699,0,0,26,0,24,0,0,333,50,1.102,1,2293,0,147.416,36.849,131.688,31.688,58.188,2.836,-1.348,2.508,-21.402,-29.996,-13.121,1.560,1.982,0.977,1.322,0,NULL,NULL,,3,0,2,7,255,1161,250,0,0
stim,269553,299674,0,299674,3496984.453,-0.619,0.362,0.022,-0.697,0,0,27,0,25,0,0,339,50,1.102,1,2293,0,126.447,36.849,100.250,0.313,77.063,2.473,-1.316,2.363,-21.402,-29.996,-11.227,1.414,1.834,0.977,1.322,0,NULL,NULL,,3,0,2,7,255,1161,250,0,0
stim,269553,299674,0,299674,3496989.455,-0.619,0.363,0.017,-0.696,0,0,28,0,2,0,0,339,50,1.102,1,2293,0,104.273,36.043,78.813,-36.813,57.500,2.176,-0.961,2.531,-21.355,-29.035,-10.426,1.264,1.680,0.977,1.322,0,NULL,NULL,,3,0,2,7,255,1161,250,0,0
stim,269553,299674,0,299674,3496994.454,-0.619,0.362,0.013,-0.696,0,0,26,0,0,0,0,371,50,1.102,1,2293,0,92.453,33.991,57.938,-67.313,25.688,1.734,-0.684,2.328,-19.141,-28.090,-6.262,1.108,1.522,0.977,1.322,0,NULL,NULL,,3,0,2,7,255,1161,250,0,0
stim,269553,299674,0,299674,3496999.455,-0.619,0.361,0.007,-0.697,0,0,23,45,0,0,0,507,50,1.102,1,2293,0,158.513,30.670,99.438,-118.688,33.938,0.926,-1.047,3.363,-19.141,-23.965,-4.293,0.950,1.358,0.977,1.322,0,NULL,NULL,,3,0,2,7,255,1161,250,0,0
stim,269553,299674,0,299674,3497004.453,-0.627,0.364,-0.018,-0.689,411,0,11,691,0,55,0,567,50,1.102,1,2293,0,631.508,34.166,374.875,-249.375,442.813,-0.148,0.766,6.770,-24.352,-23.965,6.047,0.788,1.188,0.977,1.322,0,NULL,NULL,,3,0,2,7,255,1161,250,0,0
stim,269553,299674,0,299674,3497009.455,-0.647,0.346,-0.012,-0.679,979,0,9,1253,0,347,0,601,50,1.102,1,2293,0,663.719,32.095,-514.813,-125.063,399.813,-1.566,2.609,5.375,-24.352,-20.906,43.980,0.632,1.018,0.977,1.322,0,NULL,NULL,,3,0,2,7,255,1161,250,0,0
stim,269601,299722,0,299722,3497014.453,-0.666,0.315,0.011,-0.676,1499,0,0,1595,0,555,0,657,50,1.102,1,2293,0,996.193,13.572,-977.438,-105.625,160.813,-1.652,3.215,0.855,-2.832,-13.273,43.980,0.496,0.850,0.977,1.322,0,NULL,NULL,,3,0,2,7,255,1161,250,0,0
stim,269601,299722,0,299722,3497019.455,-0.676,0.291,0.030,-0.677,1875,0,0,1823,0,747,0,715,50,1.102,1,2294,0,740.102,25.224,-734.563,-90.188,5.938,-2.000,2.152,-1.855,24.059,7.578,16.125,0.390,0.692,0.977,1.322,1,1199.000,38.000,,3,0,2,7,255,1161,250,0,0
stim,269601,299722,1,299722,3497024.454,-0.677,0.279,0.038,-0.680,2104,0,0,1945,0,931,0,777,50,1.102,1,2294,0,344.985,30.497,-322.063,-87.313,-87.563,-1.230,0.824,-2.000,24.059,18.742,-9.637,0.332,0.542,0.977,1.322,1,NULL,NULL,,3,1,2,7,255,1161,250,0,0
stim,269601,299722,1,299722,3497029.455,-0.676,0.275,0.036,-0.683,2247,0,0,2057,0,1103,0,843,50,1.102,1,2294,0,137.683,22.556,-7.188,-116.438,-73.125,-0.129,-0.023,0.277,12.551,18.742,-9.637,0.334,0.400,0.977,1.322,1,NULL,NULL,,3,1,2,7,255,1161,250,0,0
stim,269601,299722,1,299722,3497034.454,-0.677,0.271,0.033,-0.684,2385,0,0,2123,0,1253,0,920,50,1.102,1,2294,0,102.602,3.192,-18.563,-99.750,15.250,0.316,0.836,1.621,3.191,-0.031,-7.027,0.386,0.310,0.977,1.322,1,NULL,NULL,,3,1,2,7,255,1161,250,0,0
stim,269601,299722,1,299722,3497039.455,-0.681,0.264,0.034,-0.682,2507,0,0,2232,0,1356,0,991,50,1.102,1,2294,0,203.218,7.629,-155.250,-101.875,82.563,-0.078,1.730,1.652,3.191,-6.930,4.984,0.426,0.276,0.977,1.322,2,NULL,NULL,,3,1,2,7,255,1161,250,0,0
stim,269621,299742,1,299742,3497044.453,-0.686,0.254,0.038,-0.681,2665,0,0,2461,0,1427,0,1029,50,1.102,1,2294,0,279.717,9.894,-258.375,-95.938,47.750,-0.727,1.156,1.270,7.063,-6.930,6.984,0.444,0.282,0.977,1.322,2,NULL,NULL,,3,1,2,7,255,1161,250,0,0
stim,269621,299742,1,299742,3497049.455,-0.690,0.241,0.044,-0.681,2785,0,0,2621,0,1451,0,1081,50,1.102,1,2294,0,329.823,7.124,-308.875,-114.938,13.000,-1.516,-0.652,0.438,7.063,0.938,6.984,0.448,0.312,0.977,1.322,2,NULL,NULL,,3,1,2,7,255,1161,250,0,0
stim,269621,299742,1,299742,3497054.453,-0.693,0.228,0.048,-0.682,2863,0,0,2730,0,1461,0,1173,50,1.102,1,2294,0,329.698,14.699,-296.250,-144.625,-4.500,-1.410,-1.480,-0.219,-8.309,12.125,-1.813,0.450,0.348,0.977,1.322,2,NULL,NULL,,3,1,2,7,255,1161,250,0,0
stim,269621,299742,1,299742,3497059.455,-0.692,0.219,0.048,-0.686,2935,0,0,2827,0,1470,0,1278,50,1.102,1,2294,0,221.926,15.862,-136.375,-153.750,-83.750,-0.809,-1.063,-0.246,-10.227,12.125,-9.750,0.464,0.382,0.977,1.322,2,NULL,NULL,,3,1,2,7,255,1161,250,0,0
stim,269621,299742,1,299742,3497064.454,-0.691,0.214,0.044,-0.689,2976,0,0,2905,0,1477,0,1367,50,1.102,1,2294,0,175.151,13.265,-9.125,-159.688,-71.375,-0.160,-0.418,0.594,-10.227,8.449,-9.750,0.488,0.416,0.977,1.322,2,NULL,NULL,,3,1,2,7,255,1161,250,0,0
stim,269621,299742,1,299742,3497069.455,-0.689,0.209,0.040,-0.692,3015,0,0,2957,0,1485,0,1415,50,1.102,1,2294,0,159.962,8.698,13.250,-150.563,-52.375,0.133,-0.570,1.586,-8.680,-0.566,-4.789,0.500,0.444,0.977,1.322,2,NULL,NULL,,3,1,2,7,255,1161,250,0,0
stim,269650,299771,1,299771,3497074.453,-0.690,0.203,0.037,-0.694,3035,0,0,3005,0,1509,0,1436,50,1.102,1,2294,0,158.304,10.806,-64.813,-142.875,-21.125,0.383,-0.898,1.816,-8.680,-6.438,2.836,0.488,0.458,0.977,1.322,2,NULL,NULL,,3,1,2,7,255,1161,250,0,0
stim,269650,299771,1,299771,3497079.455,-0.692,0.195,0.037,-0.694,3054,0,0,3044,0,1559,0,1449,50,1.102,1,2294,0,200.117,14.804,-143.250,-136.125,31.563,0.477,-1.016,1.344,-12.148,-8.461,2.836,0.456,0.460,0.977,1.322,2,NULL,NULL,,3,1,2,7,255,1161,250,0,0
stim,269650,299771,1,299771,3497084.453,-0.697,0.186,0.038,-0.692,3067,0,0,3069,0,1630,0,1459,50,1.102,1,2294,0,224.053,14.804,-158.563,-129.438,91.125,0.270,-1.094,0.754,-12.148,-8.461,-0.984,0.416,0.456,0.977,1.322,2,NULL,NULL,,3,1,2,7,255,1161,250,0,0
stim,269650,299771,1,299771,3497089.455,-0.702,0.179,0.036,-0.688,3087,0,0,3097,0,1736,0,1479,50,1.102,1,2294,0,214.106,12.718,-110.688,-129.125,130.063,-0.117,-1.000,0.539,-11.824,-4.684,-5.645,0.384,0.446,0.977,1.322,2,NULL,NULL,,3,1,2,7,255,1161,250,0,0
stim,269650,299771,1,299771,3497094.454,-0.706,0.174,0.033,-0.685,3091,0,0,3113,0,1830,0,1503,50,1.102,1,2294,0,185.200,10.677,-46.563,-126.625,126.875,-0.406,-0.484,0.809,-10.664,-0.535,-5.645,0.372,0.420,0.977,1.322,2,NULL,NULL,,3,1,2,7,255,1161,250,0,0
stim,269650,299771,1,299771,3497099.455,-0.709,0.170,0.029,-0.683,3101,0,0,3125,0,1911,0,1560,50,1.102,1,2294,0,157.823,6.302,-27.563,-125.875,91.125,-0.426,0.164,1.207,-6.270,0.637,-2.039,0.368,0.382,0.977,1.322,2,NULL,NULL,,3,1,2,7,255,1161,250,0,0
stim,269674,299795,1,299795,3497104.454,-0.712,0.165,0.026,-0.682,3107,0,0,3139,0,2009,0,1625,50,1.102,1,2294,0,140.316,0.923,-49.063,-118.125,57.688,-0.293,0.449,1.359,-0.668,0.637,2.789,0.370,0.334,0.977,1.322,2,NULL,NULL,,3,1,2,7,255,1161,250,0,0
stim,269674,299795,1,299795,3497109.455,-0.714,0.159,0.025,-0.682,3109,0,0,3147,0,2080,13,1685,50,1.102,1,2294,0,150.949,1.810,-92.438,-114.500,33.625,-0.270,0.398,1.336,1.621,-0.805,3.973,0.376,0.288,0.977,1.322,2,NULL,NULL,,3,1,2,7,255,1161,250,0,0
stim,269704,299825,1,299825,3497114.453,-0.715,0.152,0.025,-0.682,3111,0,0,3150,0,2147,9,1733,50,1.102,1,2294,0,155.139,1.810,-108.563,-109.063,19.688,-0.188,0.063,0.988,1.621,-0.805,3.973,0.380,0.248,0.977,1.322,2,NULL,NULL,,3,1,2,7,255,1161,250,0,0
stim,269704,299825,1,299825,3497119.455,-0.716,0.146,0.024,-0.682,3112,0,0,3154,1,2231,35,1839,50,1.102,1,2294,0,144.007,1.249,-97.000,-106.250,6.313,-0.148,-0.121,0.879,-0.984,-0.770,0.008,0.380,0.222,0.977,1.322,2,NULL,NULL,,3,1,2,7,255,1161,250,0,0
stim,269704,299825,1,299825,3497124.454,-0.717,0.141,0.023,-0.682,3116,0,0,3157,189,2286,150,1949,50,1.102,1,2294,0,123.955,2.623,-69.688,-102.500,1.500,-0.098,-0.133,0.918,-2.508,-0.770,-1.109,0.384,0.206,0.977,1.322,2,NULL,NULL,,3,1,2,7,255,1161,250,0,0
stim,269704,299825,1,299825,3497129.455,-0.717,0.138,0.022,-0.683,3117,0,0,3160,463,2328,165,2059,50,1.102,1,2294,0,85.181,2.816,-27.375,-77.125,-23.625,0.125,0.020,1.598,-2.508,-1.281,-1.109,0.390,0.192,0.977,1.322,2,NULL,NULL,,3,1,2,7,255,1161,250,0,0
stim,269704,299825,1,299825,3497134.454,-0.716,0.135,0.022,-0.685,3117,0,0,3161,727,2363,143,2133,50,1.102,1,2294,0,64.553,5.106,-35.563,-38.313,-37.875,0.555,0.234,1.379,-1.813,-4.773,2.367,0.398,0.178,0.977,1.322,2,NULL,NULL,,3,1,2,7,255,1161,250,0,0
stim,269704,299825,1,299825,3497139.455,-0.716,0.133,0.021,-0.685,3117,0,0,3161,906,2391,157,2171,50,1.102,1,2294,0,50.371,7.230,-32.938,-36.563,10.750,0.504,0.746,1.188,0.852,-7.180,2.367,0.410,0.164,0.977,1.322,2,NULL,NULL,,3,1,2,7,255,1161,250,0,0
stim,269704,299825,1,299825,3497144.454,-0.717,0.131,0.022,-0.685,3119,0,0,3163,1035,2411,158,2221,50,1.102,1,2294,0,54.513,7.543,-49.375,-23.000,-2.188,-0.344,0.461,1.641,2.313,-7.180,2.367,0.424,0.152,0.977,1.322,2,NULL,NULL,,3,1,2,7,255,1161,250,0,0
stim,269704,299825,1,299825,3497149.455,-0.716,0.127,0.025,-0.686,3119,0,0,3166,1175,2431,164,2266,50,1.102,1,2294,0,121.833,2.315,-110.000,-16.188,-49.813,-0.250,0.133,1.027,2.313,-0.105,1.379,0.442,0.138,0.977,1.322,2,NULL,NULL,,3,1,2,7,255,1161,250,0,0
stim,269704,299825,1,299825,3497154.453,-0.715,0.124,0.027,-0.688,3119,19,0,3177,1241,2452,163,2312,50,1.102,1,2294,0,100.788,0.105,-82.063,-14.750,-56.625,-0.102,-0.027,0.680,0.000,-0.105,0.613,0.462,0.120,0.977,1.322,2,NULL,NULL,,3,1,2,7,255,1161,250,0,0
stim,269704,299825,1,299825,3497159.455,-0.713,0.122,0.028,-0.690,3111,55,0,3167,1363,2460,159,2344,50,1.102,1,2294,0,80.828,0.863,-35.688,-12.500,-71.438,-0.145,0.039,0.961,-0.680,-0.531,-0.313,0.486,0.098,0.977,1.322,2,NULL,NULL,,3,1,2,7,255,1161,250,0,0
stim,269734,299855,1,299855,3497164.454,-0.711,0.120,0.029,-0.693,3119,61,0,3171,1451,2483,159,2373,50,1.102,1,2294,0,86.524,0.956,-31.188,-11.125,-79.938,-0.020,0.250,1.141,-0.680,-0.672,-0.313,0.508,0.078,0.977,1.322,2,NULL,NULL,,3,1,2,7,255,1161,250,0,0
stim,269734,299855,1,299855,3497169.455,-0.709,0.118,0.031,-0.695,3117,79,0,3173,1557,2495,167,2405,50,1.102,1,2294,0,85.866,2.213,-55.250,-4.688,-65.563,0.043,0.102,1.121,-0.086,-2.211,0.910,0.524,0.064,0.977,1.322,2,NULL,NULL,,3,1,2,7,255,1161,250,0,0
stim,269734,299855,1,299855,3497174.454,-0.708,0.116,0.033,-0.696,3115,98,0,3176,1618,2517,163,2431,50,1.102,1,2294,0,87.597,2.213,-74.375,-5.063,-46.000,-0.074,-0.129,0.977,-0.086,-2.211,0.910,0.534,0.058,0.977,1.322,2,NULL,NULL,,3,1,2,7,255,1161,250,0,0
stim,269734,299855,1,299855,3497179.455,-0.707,0.113,0.035,-0.697,3117,123,0,3176,1676,2531,167,2453,50,1.102,1,2294,0,77.454,2.081,-62.750,-6.500,-44.938,-0.168,-0.082,0.809,-1.555,-1.383,-0.469,0.540,0.056,0.977,1.322,2,NULL,NULL,,3,1,2,7,255,1161,250,0,0
stim,269734,299855,1,299855,3497184.453,-0.705,0.112,0.036,-0.699,3116,147,9,3180,1727,2541,171,2477,50,1.102,1,2294,0,64.408,1.761,-33.188,-5.375,-54.938,-0.098,0.008,0.840,-1.555,-0.828,-1.566,0.548,0.050,0.977,1.322,2,NULL,NULL,,3,1,2,7,255,1161,250,0,0
stim,269734,299855,1,299855,3497189.455,-0.704,0.111,0.037,-0.701,3115,185,45,3187,1776,2549,167,2493,50,1.102,1,2294,0,56.899,1.185,-19.313,-6.500,-53.125,-0.039,-0.004,0.996,-0.848,-0.828,-1.566,0.558,0.044,0.977,1.322,2,NULL,NULL,,3,1,2,7,255,1161,250,0,0
stim,269772,299893,1,299893,3497194.453,-0.703,0.109,0.037,-0.702,3118,203,75,3181,1839,2555,167,2508,50,1.102,1,2294,0,45.315,1.913,-24.188,-4.438,-38.063,-0.016,-0.043,1.066,-0.848,-1.715,-0.219,0.566,0.038,0.977,1.322,2,NULL,NULL,,3,1,2,7,255,1161,250,0,0
stim,269772,299893,1,299893,3497199.455,-0.702,0.108,0.038,-0.703,3119,243,123,3183,1883,2566,167,2517,50,1.102,1,2294,0,38.563,1.913,-29.563,-4.000,-24.438,-0.090,-0.004,1.020,-0.848,-1.715,0.113,0.572,0.034,0.977,1.322,2,NULL,NULL,,3,1,2,7,255,1161,250,0,0
stim,269772,299893,1,299893,3497204.453,-0.702,0.107,0.039,-0.703,3119,245,200,3187,1925,2569,169,2523,50,1.102,1,2294,0,34.096,1.485,-24.063,-2.750,-24.000,-0.133,0.012,0.973,-0.801,-1.250,0.113,0.576,0.032,0.977,1.322,2,NULL,NULL,,3,1,2,7,255,1161,250,0,0
stim,269772,299893,1,299893,3497209.455,-0.701,0.106,0.039,-0.704,3117,263,281,3187,1955,2573,173,2527,50,1.102,1,2294,0,29.594,1.218,-15.000,-1.938,-25.438,-0.113,-0.055,0.969,-0.801,-0.918,-0.219,0.582,0.030,0.977,1.322,2,NULL,NULL,,3,1,2,7,255,1161,250,0,0
stim,269801,299922,1,299922,3497214.454,-0.700,0.106,0.040,-0.705,3115,275,306,3180,1977,2571,175,2535,50,1.102,1,2294,0,22.231,1.548,-11.563,-2.063,-18.875,-0.109,-0.102,0.988,-1.246,-0.918,-0.219,0.590,0.024,0.977,1.322,2,NULL,NULL,,3,1,2,7,255,1161,250,0,0
stim,269801,299922,1,299922,3497219.455,-0.700,0.105,0.040,-0.705,3119,286,329,3193,2004,2578,180,2587,50,1.102,1,2294,0,17.015,1.702,-13.188,-2.313,-10.500,-0.148,-0.078,0.996,-1.434,-0.918,-0.188,0.600,0.018,0.977,1.322,2,NULL,NULL,,3,1,2,7,255,1161,250,0,0
stim,269801,299922,1,299922,3497224.454,-0.700,0.104,0.041,-0.705,3114,281,395,3183,2027,2579,181,2546,50,1.102,1,2294,0,14.480,1.572,-11.563,-2.813,-8.250,-0.176,-0.023,0.980,-1.434,-0.645,-0.078,0.610,0.010,0.977,1.322,2,NULL,NULL,,3,1,2,7,255,1161,250,0,0
stim,269801,299922,1,299922,3497229.455,-0.700,0.104,0.041,-0.706,3111,275,435,3181,2055,2579,182,2551,50,1.090,1,2294,1,13.692,0.959,-7.875,-4.063,-10.438,-0.184,-0.004,0.988,-0.902,-0.324,-0.027,0.000,0.000,0.942,1.303,2,NULL,NULL,,3,1,2,7,255,1161,250,0,0
stim,269801,299922,1,299922,3497234.453,-0.699,0.103,0.041,-0.706,3110,269,475,3179,2072,2581,185,2555,50,1.090,1,2294,1,13.592,0.959,-6.563,-4.063,-11.188,-0.160,-0.031,0.996,-0.902,-0.324,0.023,0.006,0.004,0.942,1.303,2,NULL,NULL,,3,1,2,7,255,1161,250,0,0
stim,269801,299922,1,299922,3497239.455,-0.699,0.103,0.041,-0.706,3108,265,525,3175,2083,2581,185,2557,50,1.090,1,2294,1,11.583,1.070,-7.813,-5.250,-6.750,-0.148,-0.043,1.000,-0.941,-0.508,0.031,0.012,0.008,0.942,1.303,2,NULL,NULL,,3,1,2,7,255,1161,250,0,0
stim,269801,299922,1,299922,3497244.454,-0.699,0.102,0.041,-0.706,3101,261,581,3171,2099,2581,189,2567,50,1.090,1,2294,1,10.197,1.070,-7.500,-5.188,-4.563,-0.180,-0.023,0.984,-0.941,-0.508,0.023,0.016,0.010,0.942,1.303,2,NULL,NULL,,3,1,2,7,255,1161,250,0,0
stim,269801,299922,1,299922,3497249.455,-0.699,0.102,0.041,-0.707,3096,249,614,3163,2116,2579,198,2573,50,1.090,1,2294,1,10.340,0.882,-4.000,-5.188,-8.000,-0.195,0.004,0.969,-0.840,-0.270,-0.051,0.022,0.014,0.942,1.303,2,NULL,NULL,,3,1,2,7,255,1161,250,0,0
stim,269823,299944,1,299944,3497254.454,-0.699,0.102,0.041,-0.707,3091,252,635,3159,2129,2577,199,2577,50,1.090,1,2294,1,12.207,0.638,-2.250,-6.438,-10.125,-0.160,0.004,0.980,-0.578,-0.270,-0.078,0.026,0.018,0.942,1.303,2,NULL,NULL,,3,1,2,7,255,1161,250,0,0
stim,269823,299944,1,299944,3497259.455,-0.698,0.101,0.041,-0.707,3081,251,665,3149,2153,2578,204,2580,50,1.090,1,2294,1,10.639,0.732,-2.750,-6.750,-7.750,-0.137,0.000,0.988,-0.578,-0.449,-0.078,0.032,0.020,0.942,1.303,2,NULL,NULL,,3,1,2,7,255,1161,250,0,0
stim,269823,299944,1,299944,3497264.454,-0.698,0.101,0.041,-0.707,3065,253,695,3145,2169,2575,211,2587,50,1.090,1,2294,1,9.276,0.732,-2.688,-7.500,-4.750,-0.172,0.012,0.984,-0.578,-0.449,-0.066,0.036,0.022,0.942,1.303,2,NULL,NULL,,3,1,2,7,255,1161,250,0,0
stim,269823,299944,1,299944,3497269.455,-0.698,0.101,0.041,-0.708,3053,255,718,3127,2189,2577,213,2587,50,1.090,1,2294,1,10.717,0.606,-0.438,-8.313,-6.750,-0.215,0.055,0.992,-0.496,-0.348,-0.027,0.038,0.024,0.942,1.303,2,NULL,NULL,,3,1,2,7,255,1161,250,0,0
stim,269823,299944,0,299944,3497274.453,-0.698,0.100,0.040,-0.708,3053,253,733,3118,2204,2571,215,2597,50,1.090,1,2294,1,15.468,0.075,1.688,-9.125,-12.375,-0.219,0.086,1.000,-0.059,0.047,0.137,0.042,0.024,0.942,1.303,2,NULL,NULL,,3,0,2,7,255,1155,250,0,0
stim,269823,299944,0,299944,3497279.455,-0.697,0.100,0.040,-0.709,3038,253,743,3111,2221,2571,231,2601,50,1.090,1,2294,1,18.970,0.189,1.625,-9.438,-16.375,-0.188,0.082,1.008,0.184,0.047,0.246,0.044,0.026,0.942,1.303,2,NULL,NULL,,3,0,2,7,255,1155,250,0,0
stim,269858,299979,0,299979,3497284.454,-0.697,0.100,0.040,-0.709,3028,253,751,3109,2237,2572,236,2614,50,1.090,1,2294,1,19.370,0.295,-0.188,-9.938,-16.625,-0.156,0.070,1.008,0.184,-0.230,0.246,0.048,0.028,0.942,1.303,2,NULL,NULL,,3,0,2,7,255,1155,250,0,0
stim,269858,299979,0,299979,3497289.455,-0.696,0.099,0.039,-0.710,3021,260,779,3093,2257,2573,265,2615,50,1.090,1,2294,1,18.596,0.523,-1.563,-10.250,-15.438,-0.145,0.059,1.000,0.086,-0.516,0.195,0.050,0.028,0.942,1.303,2,NULL,NULL,,3,0,2,7,255,1155,250,0,0
stim,269858,299979,0,299979,3497294.454,-0.696,0.099,0.039,-0.710,3001,250,813,3063,2263,2567,294,2619,50,1.090,1,2294,1,17.130,0.567,-0.563,-10.688,-13.375,-0.145,0.051,0.984,-0.027,-0.566,0.105,0.054,0.028,0.942,1.303,2,NULL,NULL,,3,0,2,7,255,1155,250,0,0
stim,269858,299979,0,299979,3497299.455,-0.696,0.098,0.039,-0.711,2989,245,837,3049,2286,2568,307,2632,50,1.090,1,2294,1,16.799,0.567,1.688,-11.438,-12.188,-0.148,0.070,0.977,-0.027,-0.566,-0.047,0.056,0.030,0.942,1.303,2,NULL,NULL,,3,0,2,7,255,1155,250,0,0
stim,269858,299979,0,299979,3497304.453,-0.695,0.098,0.038,-0.711,2968,249,887,3035,2301,2575,315,2645,50,1.090,1,2294,1,17.802,0.568,4.063,-11.875,-12.625,-0.145,0.113,0.984,0.078,-0.563,-0.047,0.058,0.030,0.942,1.303,2,NULL,NULL,,3,0,2,7,255,1155,250,0,0
stim,269858,299979,0,299979,3497309.455,-0.695,0.098,0.038,-0.711,2899,262,936,3021,2312,2567,349,2651,50,1.090,1,2294,1,18.078,0.763,5.438,-12.500,-11.875,-0.137,0.164,1.012,0.516,-0.563,-0.020,0.060,0.030,0.942,1.303,2,NULL,NULL,,3,0,2,7,255,1155,250,0,0
stim,269900,300021,0,300021,3497314.453,-0.695,0.098,0.037,-0.712,2936,269,974,3001,2334,2560,379,2669,50,1.090,1,2294,1,16.962,1.196,3.438,-12.500,-10.938,-0.137,0.199,1.035,0.992,-0.668,0.246,0.062,0.030,0.942,1.303,2,NULL,NULL,,3,0,2,7,255,1155,250,0,0
stim,269900,300021,0,300021,3497319.455,-0.694,0.097,0.036,-0.712,2911,274,1043,2995,2357,2569,415,2672,50,1.090,1,2294,1,15.890,1.424,-0.250,-12.688,-9.563,-0.152,0.195,1.031,1.258,-0.668,0.477,0.062,0.028,0.942,1.303,2,NULL,NULL,,3,0,2,7,255,1155,250,0,0
stim,269900,300021,0,300021,3497324.454,-0.694,0.097,0.036,-0.712,2893,279,1131,2973,2397,2571,473,2676,50,1.090,1,2294,1,16.551,1.372,-3.125,-12.813,-10.000,-0.184,0.172,1.023,1.258,-0.547,0.477,0.062,0.026,0.942,1.303,2,NULL,NULL,,3,0,2,7,255,1155,250,0,0
stim,269900,300021,0,300021,3497329.455,-0.694,0.096,0.036,-0.713,2876,275,1199,2955,2424,2571,520,2697,50,1.090,1,2294,1,20.731,1.081,-4.875,-12.875,-15.500,-0.199,0.156,1.012,1.055,-0.238,0.445,0.060,0.022,0.942,1.303,2,NULL,NULL,,3,0,2,7,255,1155,250,0,0
stim,269900,300021,0,300021,3497334.453,-0.693,0.096,0.036,-0.714,2848,275,1269,2934,2455,2581,559,2705,50,1.090,1,2294,1,26.420,0.941,-5.688,-13.063,-22.250,-0.168,0.133,1.008,0.910,-0.238,0.367,0.060,0.018,0.942,1.303,2,NULL,NULL,,3,0,2,7,255,1155,250,0,0
stim,269900,300021,0,300021,3497339.455,-0.692,0.095,0.035,-0.714,2825,282,1323,2917,2471,2571,649,2715,50,1.090,1,2294,1,28.762,0.762,-6.813,-13.438,-24.500,-0.137,0.082,1.004,0.695,-0.313,0.246,0.060,0.014,0.942,1.303,2,NULL,NULL,,3,0,2,7,255,1155,250,0,0
stim,269921,300042,0,300042,3497344.453,-0.692,0.094,0.035,-0.715,2799,284,1405,2899,2496,2579,736,2727,50,1.090,1,2294,1,28.619,0.608,-9.938,-13.188,-23.375,-0.133,0.039,1.000,0.211,-0.570,0.141,0.060,0.008,0.942,1.303,2,NULL,NULL,,3,0,2,7,255,1155,250,0,0
stim,269921,300042,0,300042,3497349.455,-0.691,0.093,0.035,-0.716,2767,286,1498,2879,2517,2577,826,2725,50,1.090,1,2294,1,30.353,0.608,-13.125,-12.688,-24.250,-0.152,0.012,0.984,-0.211,-0.570,0.051,0.060,0.006,0.942,1.303,2,NULL,NULL,,3,0,2,7,255,1155,250,0,0
stim,269921,300042,0,300042,3497354.454,-0.690,0.092,0.036,-0.717,2735,283,1583,2873,2538,2573,907,2733,50,1.090,1,2294,1,34.430,0.556,-14.875,-12.750,-28.313,-0.156,-0.016,0.973,-0.438,-0.344,-0.055,0.060,0.006,0.942,1.303,2,NULL,NULL,,3,0,2,7,255,1155,250,0,0
stim,269921,300042,0,300042,3497359.455,-0.689,0.091,0.036,-0.718,2707,286,1647,2844,2567,2574,999,2749,50,1.090,1,2294,1,35.042,0.737,-14.188,-13.625,-29.000,-0.148,-0.047,0.957,-0.680,-0.285,-0.199,0.060,0.010,0.942,1.303,2,NULL,NULL,,3,0,2,7,255,1155,250,0,0
stim,269921,300042,0,300042,3497364.454,-0.689,0.090,0.036,-0.718,2665,298,1723,2837,2589,2585,1087,2758,50,1.090,1,2294,1,33.397,0.999,-12.688,-14.438,-27.313,-0.141,-0.047,0.953,-0.957,-0.285,-0.359,0.062,0.016,0.942,1.303,2,NULL,NULL,,3,0,2,7,255,1155,250,0,0
stim,269921,300042,0,300042,3497369.455,-0.688,0.089,0.036,-0.719,2644,297,1805,2809,2605,2579,1173,2774,50,1.090,1,2294,1,32.255,1.002,-11.375,-14.563,-26.438,-0.145,-0.012,0.953,-0.957,-0.297,-0.383,0.064,0.020,0.942,1.303,2,NULL,NULL,,3,0,2,7,255,1155,250,0,0
stim,269948,300069,0,300069,3497374.453,-0.687,0.089,0.036,-0.720,2587,313,1861,2790,2633,2583,1263,2785,50,1.090,1,2294,1,31.258,0.689,-8.875,-15.750,-25.500,-0.137,0.035,0.961,-0.598,-0.344,-0.383,0.066,0.022,0.942,1.303,2,NULL,NULL,,3,0,2,7,255,1155,250,0,0
stim,269948,300069,0,300069,3497379.455,-0.687,0.088,0.036,-0.721,2549,332,1915,2771,2651,2586,1373,2793,50,1.090,1,2294,1,29.831,0.440,-8.813,-15.563,-23.875,-0.156,0.016,0.973,-0.324,-0.297,-0.289,0.068,0.024,0.942,1.303,2,NULL,NULL,,3,0,2,7,255,1155,250,0,0
stim,269948,300069,0,300069,3497384.453,-0.686,0.087,0.036,-0.722,2502,333,1994,2744,2671,2587,1445,2799,50,1.090,1,2294,1,32.045,0.391,-12.188,-15.313,-25.375,-0.172,-0.008,1.000,-0.324,-0.219,-0.164,0.070,0.024,0.942,1.303,2,NULL,NULL,,3,0,2,7,255,1155,250,0,0
stim,269948,300069,0,300069,3497389.455,-0.685,0.086,0.036,-0.722,2459,327,2075,2716,2699,2597,1545,2815,50,1.090,1,2294,1,35.105,0.391,-14.125,-17.813,-26.750,-0.156,0.035,1.016,-0.324,-0.219,0.121,0.072,0.024,0.942,1.303,2,NULL,NULL,,3,0,2,7,255,1155,250,0,0
stim,269948,300069,0,300069,3497394.454,-0.684,0.085,0.036,-0.723,2411,333,2149,2695,2716,2591,1645,2824,50,1.090,1,2294,1,37.948,0.155,-15.750,-17.938,-29.500,-0.172,0.031,1.004,-0.109,-0.109,0.168,0.074,0.022,0.942,1.303,2,NULL,NULL,,3,0,2,7,255,1155,250,0,0
stim,269948,300069,0,300069,3497399.455,-0.683,0.083,0.036,-0.724,2357,332,2214,2666,2731,2595,1709,2841,50,1.090,1,2294,1,42.967,0.311,-21.813,-17.375,-32.688,-0.113,0.047,1.016,-0.105,-0.293,0.207,0.076,0.020,0.942,1.303,2,NULL,NULL,,3,0,2,7,255,1155,250,0,0
stim,269973,300094,0,300094,3497404.453,-0.683,0.082,0.036,-0.725,2294,341,2277,2633,2751,2607,1781,2845,50,1.090,1,2294,1,41.031,0.684,-22.000,-19.313,-28.750,-0.109,0.051,1.027,0.027,-0.684,0.207,0.078,0.018,0.942,1.303,2,NULL,NULL,,3,0,2,7,255,1155,250,0,0
stim,269973,300094,0,300094,3497409.455,-0.682,0.080,0.037,-0.726,2223,347,2318,2599,2772,2611,1877,2855,50,1.090,1,2294,1,47.135,0.684,-27.438,-16.563,-34.563,-0.148,-0.035,1.031,0.027,-0.684,0.320,0.080,0.018,0.942,1.303,2,NULL,NULL,,3,0,2,7,255,1155,250,0,0
stim,270005,300126,0,300126,3497414.453,-0.681,0.078,0.037,-0.727,2169,357,2363,2557,2779,2599,1941,2861,50,1.090,1,2294,1,50.906,0.893,-36.750,-18.563,-29.938,-0.059,-0.020,1.012,-0.555,-0.699,0.320,0.082,0.016,0.942,1.303,2,NULL,NULL,,3,0,2,7,255,1155,250,0,0
stim,270005,300126,0,300126,3497419.455,-0.680,0.077,0.038,-0.728,2106,359,2411,2517,2807,2605,2001,2870,50,1.090,1,2294,1,43.061,0.759,-30.125,-17.125,-25.563,-0.133,-0.047,0.922,-0.703,-0.285,0.043,0.084,0.016,0.942,1.303,2,NULL,NULL,,3,0,2,7,255,1155,250,0,0
stim,270005,300126,0,300126,3497424.454,-0.680,0.075,0.038,-0.729,2027,357,2454,2487,2825,2603,2071,2889,50,1.090,1,2294,1,38.884,0.824,-22.438,-18.500,-25.813,-0.094,-0.020,0.930,-0.555,-0.609,-0.684,0.084,0.018,0.942,1.303,2,NULL,NULL,,3,0,2,7,255,1155,250,0,0
stim,270005,300126,0,300126,3497429.455,-0.679,0.074,0.038,-0.729,1961,362,2500,2430,2828,2603,2129,2900,50,1.090,1,2294,1,30.287,0.528,-15.125,-20.250,-16.688,-0.133,-0.004,0.969,-0.449,-0.277,-0.684,0.086,0.018,0.942,1.303,2,NULL,NULL,,3,0,2,7,255,1155,250,0,0
stim,270005,300126,0,300126,3497434.454,-0.678,0.073,0.038,-0.730,1881,359,2537,2381,2851,2604,2172,2901,50,1.090,1,2294,1,35.096,0.424,-14.813,-20.375,-24.438,-0.164,-0.008,1.051,-0.320,-0.277,-0.242,0.090,0.018,0.942,1.303,2,NULL,NULL,,3,0,2,7,255,1155,250,0,0
stim,270005,300126,0,300126,3497439.455,-0.678,0.072,0.038,-0.731,1783,349,2555,2323,2866,2610,2221,2909,50,1.090,1,2294,1,40.439,0.424,-23.750,-21.125,-25.000,-0.137,-0.020,1.047,-0.320,-0.277,0.539,0.090,0.018,0.942,1.303,2,NULL,NULL,,3,0,2,7,255,1155,250,0,0
stim,270005,300126,0,300126,3497444.453,-0.677,0.070,0.038,-0.732,1659,339,2590,2260,2875,2603,2285,2911,50,1.090,1,2294,1,42.644,0.531,-27.688,-20.813,-24.875,-0.090,-0.023,0.996,-0.414,-0.332,0.539,0.094,0.020,0.942,1.303,2,NULL,NULL,,3,0,2,7,255,1155,250,0,0
stim,270005,300126,0,300126,3497449.455,-0.677,0.068,0.038,-0.732,1543,323,2627,2187,2874,2612,2331,2924,50,1.090,1,2294,1,37.957,0.598,-24.000,-21.500,-20.063,-0.113,-0.031,0.980,-0.453,-0.391,-0.043,0.096,0.020,0.942,1.303,2,NULL,NULL,,3,0,2,7,255,1155,250,0,0
stim,270005,300126,0,300126,3497454.454,-0.676,0.067,0.039,-0.733,1383,282,2637,2068,2891,2606,2377,2927,50,1.090,1,2294,1,36.810,0.669,-23.938,-22.250,-16.938,-0.105,-0.012,0.984,-0.453,-0.492,-0.117,0.100,0.020,0.942,1.303,2,NULL,NULL,,3,0,2,7,255,1155,250,0,0
stim,270005,300126,0,300126,3497459.458,-0.676,0.066,0.038,-0.733,1291,271,2663,1949,2904,2606,2415,2935,50,1.090,1,2294,1,34.207,0.544,-17.875,-22.750,-18.250,-0.133,-0.027,0.984,-0.379,-0.391,-0.117,0.102,0.020,0.942,1.303,2,NULL,NULL,,3,0,2,7,255,1155,250,0,0
stim,270033,300154,0,300154,3497464.454,-0.675,0.064,0.038,-0.734,1157,251,2684,1833,2918,2611,2461,2951,50,1.090,1,2294,1,31.403,0.598,-16.938,-23.500,-12.125,-0.074,-0.020,0.984,-0.340,-0.492,-0.117,0.106,0.020,0.942,1.303,2,NULL,NULL,,3,0,2,7,255,1155,250,0,0
stim,270033,300154,0,300154,3497469.455,-0.675,0.063,0.038,-0.734,1021,237,2712,1701,2927,2603,2492,2953,50,1.090,1,2294,1,29.238,0.432,-10.688,-23.875,-13.063,-0.137,-0.035,1.012,-0.379,-0.207,-0.066,0.106,0.020,0.942,1.303,2,NULL,NULL,,3,0,2,7,255,1155,250,0,0
stim,270033,300154,0,300154,3497474.453,-0.675,0.062,0.038,-0.734,869,202,2728,1529,2936,2599,2523,2957,50,1.090,1,2294,1,30.339,0.553,-15.063,-24.750,-9.000,-0.113,-0.035,1.031,-0.410,-0.371,0.203,0.108,0.022,0.942,1.303,2,NULL,NULL,,3,0,2,7,255,1155,250,0,0
stim,270033,300154,0,300154,3497479.455,-0.675,0.060,0.037,-0.735,681,189,2750,1372,2949,2599,2569,2969,50,1.090,1,2294,1,31.502,0.439,-13.688,-25.938,-11.500,-0.168,-0.004,1.047,-0.410,-0.156,0.352,0.110,0.024,0.942,1.303,2,NULL,NULL,,3,0,2,7,255,1155,250,0,0
stim,270033,300154,0,300154,3497484.453,-0.674,0.059,0.037,-0.735,535,139,2770,1159,2965,2596,2589,2967,50,1.090,1,2294,1,34.069,0.065,-15.375,-26.688,-14.563,-0.152,0.020,1.035,-0.063,-0.020,0.453,0.112,0.024,0.942,1.303,2,NULL,NULL,,3,0,2,7,255,1155,250,0,0
stim,270033,300154,0,300154,3497489.455,-0.674,0.058,0.037,-0.736,390,79,2779,989,2969,2587,2611,2983,50,1.090,1,2294,1,39.965,0.203,-12.625,-26.875,-26.750,-0.188,0.043,1.016,0.160,0.125,0.453,0.112,0.026,0.942,1.303,2,NULL,NULL,,3,0,2,7,255,1155,250,0,0
stim,270067,300188,0,300188,3497494.454,-0.673,0.056,0.036,-0.737,235,73,2797,787,2985,2582,2643,2981,50,1.090,1,2294,1,40.640,0.161,-10.500,-30.875,-24.250,-0.047,-0.047,1.035,0.160,-0.020,0.313,0.114,0.026,0.942,1.303,2,NULL,NULL,,3,0,2,7,255,1155,250,0,0
stim,270067,300188,0,300188,3497499.455,-0.673,0.055,0.036,-0.737,123,5,2807,598,2995,2579,2650,2985,50,1.090,1,2294,1,35.881,0.811,-11.000,-29.938,-16.438,-0.070,-0.094,1.027,-0.531,-0.613,0.289,0.114,0.026,0.942,1.303,2,NULL,NULL,,3,0,2,7,255,1155,250,0,0
stim,270067,300188,0,300188,3497504.453,-0.672,0.054,0.035,-0.737,43,0,2823,365,2995,2553,2678,2991,50,1.090,1,2294,1,34.617,0.811,-6.000,-33.000,-8.563,-0.090,0.016,1.027,-0.531,-0.613,0.293,0.118,0.028,0.942,1.303,2,NULL,NULL,,3,0,2,7,255,1155,250,0,0
stim,270067,300188,0,300188,3497509.455,-0.672,0.052,0.034,-0.738,25,0,2827,197,3002,2543,2712,2997,50,1.090,1,2294,1,37.950,0.516,-6.188,-34.625,-14.250,-0.125,0.098,1.055,0.141,-0.496,0.293,0.120,0.028,0.942,1.303,2,NULL,NULL,,3,0,2,7,255,1155,250,0,0
stim,270102,300223,0,300223,3497514.453,-0.671,0.051,0.033,-0.739,0,0,2845,115,3023,2523,2729,3000,50,1.090,1,2294,1,44.796,1.007,-3.688,-38.188,-23.125,-0.113,0.109,1.074,0.953,-0.324,0.570,0.120,0.030,0.942,1.303,2,NULL,NULL,,3,0,2,7,255,1155,250,0,0
stim,270102,300223,0,300223,3497519.455,-0.671,0.050,0.032,-0.739,0,0,2844,60,3019,2503,2743,3013,50,1.090,1,2294,1,48.618,0.975,-3.750,-40.750,-26.250,-0.117,0.023,1.074,0.953,-0.203,0.746,0.122,0.032,0.942,1.303,2,NULL,NULL,,3,0,2,7,255,1155,250,0,0
stim,270102,300223,0,300223,3497524.454,-0.670,0.048,0.030,-0.740,0,0,2857,2,3039,2472,2775,3019,50,1.090,1,2294,0,48.996,0.299,8.688,-47.063,-10.500,-0.191,-0.082,1.176,0.250,-0.164,0.770,0.124,0.034,0.942,1.303,3,NULL,NULL,,3,0,2,7,255,1155,250,0,0
stim,270102,300223,0,300223,3497529.455,-0.670,0.047,0.029,-0.740,0,0,2863,0,3038,2450,2799,3015,50,1.090,1,2294,0,55.011,0.907,10.813,-53.688,-5.188,-0.340,-0.113,1.285,-0.711,0.563,1.859,0.124,0.034,0.942,1.303,3,NULL,NULL,,3,0,2,7,255,1155,250,0,0
stim,270102,300223,0,300223,3497534.453,-0.670,0.046,0.027,-0.741,0,0,2870,0,3053,2428,2813,3020,50,1.090,1,2294,0,62.711,2.078,10.188,-58.250,-20.875,-0.348,-0.051,1.355,-0.711,1.953,3.082,0.124,0.036,0.942,1.303,3,NULL,NULL,,3,0,2,7,255,1155,250,0,0
stim,270102,300223,0,300223,3497539.455,-0.669,0.044,0.024,-0.742,0,0,2876,0,3059,2397,2837,3017,50,1.090,1,2294,0,73.130,1.970,14.688,-66.125,-27.563,-0.258,0.117,1.449,-0.254,1.953,3.758,0.124,0.038,0.942,1.303,3,NULL,NULL,,3,0,2,7,255,1155,250,0,0
stim,270102,300223,0,300223,3497544.453,-0.669,0.042,0.021,-0.742,0,0,2885,0,3055,2365,2845,3025,50,1.090,1,2294,0,78.119,1.607,22.875,-74.688,-1.063,-0.227,0.348,1.598,1.305,0.938,4.566,0.126,0.040,0.942,1.303,3,NULL,NULL,,3,0,2,7,255,1155,250,0,0
stim,270102,300223,0,300223,3497549.455,-0.669,0.039,0.020,-0.742,0,0,2876,0,3059,2317,2857,3038,50,1.090,1,2294,0,83.478,3.191,-32.125,-77.000,2.750,-0.102,0.324,1.461,3.172,0.348,4.566,0.124,0.044,0.942,1.303,3,NULL,NULL,,3,0,2,7,255,1155,250,0,0
stim,270102,300223,0,300223,3497554.454,-0.670,0.035,0.019,-0.742,0,0,2877,0,3079,2264,2875,3025,50,1.090,1,2294,0,95.983,3.174,-56.000,-77.938,1.563,-0.117,0.090,1.117,3.172,0.121,4.508,0.122,0.050,0.942,1.303,3,NULL,NULL,,3,0,2,7,255,1155,250,0,0
stim,270102,300223,0,300223,3497559.455,-0.670,0.031,0.018,-0.741,0,0,2888,0,3079,2199,2899,3031,50,1.090,1,2294,0,92.799,0.949,-32.375,-85.125,17.813,-0.168,-0.066,1.023,0.941,0.121,1.164,0.116,0.056,0.942,1.303,3,NULL,NULL,,3,0,2,7,255,1155,250,0,0
stim,270130,300251,0,300251,3497564.454,-0.671,0.028,0.016,-0.740,0,0,2874,0,3081,2115,2901,3027,50,1.090,1,2294,0,93.905,1.019,-7.125,-90.813,22.813,-0.270,-0.145,1.074,-0.480,0.898,0.871,0.112,0.064,0.942,1.303,3,NULL,NULL,,3,0,2,7,255,1155,250,0,0
stim,270130,300251,0,300251,3497569.455,-0.672,0.025,0.013,-0.740,0,0,2877,0,3087,2041,2919,3017,50,1.090,1,2294,0,94.125,2.318,-2.438,-94.000,4.188,-0.266,-0.176,1.160,-1.145,2.016,0.871,0.108,0.070,0.942,1.303,3,NULL,NULL,,3,0,2,7,255,1155,250,0,0
stim,270130,300251,0,300251,3497574.453,-0.672,0.022,0.011,-0.740,0,0,2871,0,3087,1916,2931,3016,50,1.090,1,2294,0,99.821,2.458,-10.063,-99.313,0.250,-0.164,-0.195,1.191,-1.406,2.016,1.719,0.104,0.076,0.942,1.303,3,NULL,NULL,,3,0,2,7,255,1155,250,0,0
stim,270130,300251,0,300251,3497579.455,-0.672,0.018,0.008,-0.740,0,0,2853,0,3091,1799,2931,3031,50,1.090,1,2294,0,103.823,1.811,-9.188,-102.688,12.250,-0.152,-0.156,1.184,-1.406,1.141,1.848,0.100,0.084,0.942,1.303,3,NULL,NULL,,3,0,2,7,255,1155,250,0,0
stim,270154,300275,0,300275,3497584.453,-0.673,0.014,0.006,-0.739,0,0,2839,0,3099,1684,2953,3007,50,1.090,1,2294,0,109.257,1.704,-11.063,-106.875,19.813,-0.141,-0.082,1.191,-1.297,1.105,1.926,0.096,0.092,0.942,1.303,3,NULL,NULL,,3,0,2,7,255,1155,250,0,0
stim,270154,300275,0,300275,3497589.455,-0.674,0.010,0.003,-0.739,0,0,2833,0,3108,1497,2955,3003,50,1.090,1,2294,0,114.915,1.239,-18.063,-111.000,23.625,-0.152,-0.055,1.164,-0.559,1.105,1.848,0.090,0.098,0.942,1.303,3,NULL,NULL,,3,0,2,7,255,1155,250,0,0
stim,270154,300275,0,300275,3497594.454,-0.675,0.006,0.000,-0.738,0,0,2808,0,3097,1303,2962,3000,50,1.090,1,2294,0,119.148,1.246,-15.750,-116.375,20.125,-0.242,-0.047,1.105,-0.242,1.223,1.625,0.086,0.106,0.942,1.303,3,NULL,NULL,,3,0,2,7,255,1155,250,0,0
stim,270154,300275,0,300275,3497599.455,-0.675,0.003,-0.003,-0.738,0,0,2791,0,3103,1091,2975,2991,50,1.090,1,2294,0,120.159,2.092,-4.313,-119.938,5.875,-0.215,-0.082,1.031,-0.242,2.078,1.070,0.082,0.116,0.942,1.303,3,NULL,NULL,,3,0,2,7,255,1155,250,0,0
stim,270154,300275,0,300275,3497604.453,-0.675,-0.001,-0.007,-0.738,0,0,2747,0,3101,871,2981,2989,50,1.090,1,2294,0,126.951,2.129,7.063,-126.750,1.000,-0.105,-0.125,1.043,-0.461,2.078,0.418,0.080,0.124,0.942,1.303,3,NULL,NULL,,3,0,2,7,255,1155,250,0,0
stim,270154,300275,0,300275,3497609.455,-0.675,-0.005,-0.011,-0.737,0,0,2717,0,3103,656,2981,2979,50,1.090,1,2294,0,133.176,1.979,21.750,-131.375,1.813,-0.156,-0.121,1.031,-0.887,1.770,0.313,0.076,0.132,0.942,1.303,3,NULL,NULL,,3,0,2,7,255,1155,250,0,0
stim,270199,300320,0,300320,3497614.455,-0.675,-0.008,-0.016,-0.737,0,0,2681,0,3111,501,2999,2968,50,1.090,1,2294,0,142.153,1.917,36.250,-137.438,-2.063,-0.141,-0.059,1.137,-0.887,1.699,0.418,0.074,0.142,0.942,1.303,3,NULL,NULL,,3,0,2,7,255,1155,250,0,0
stim,270199,300320,0,300320,3497619.455,-0.675,-0.011,-0.021,-0.737,0,0,2653,0,3111,372,3000,2957,50,1.090,1,2294,0,146.142,1.724,35.000,-141.875,-2.000,-0.082,0.023,1.234,-0.289,1.699,1.297,0.074,0.152,0.942,1.303,3,NULL,NULL,,3,0,2,7,255,1155,250,0,0
stim,270199,300320,0,300320,3497624.454,-0.675,-0.015,-0.026,-0.737,0,0,2616,0,3115,169,2997,2942,50,1.090,1,2294,0,148.576,1.323,27.750,-145.938,-2.625,-0.066,0.141,1.262,0.445,1.246,2.219,0.074,0.162,0.942,1.303,3,NULL,NULL,,3,0,2,7,255,1155,250,0,0
stim,270199,300320,0,300320,3497629.455,-0.675,-0.019,-0.032,-0.737,0,0,2548,0,3115,75,3003,2927,50,1.090,1,2294,0,150.797,1.938,18.438,-149.563,-5.563,-0.055,0.227,1.297,1.559,1.152,2.496,0.070,0.172,0.942,1.303,3,NULL,NULL,,3,0,2,7,255,1155,250,0,0
stim,270199,300320,0,300320,3497634.454,-0.675,-0.024,-0.036,-0.737,0,0,2495,0,3113,31,3007,2909,50,1.090,1,2294,0,154.657,2.657,8.875,-154.313,-5.250,-0.047,0.242,1.336,2.395,1.152,2.820,0.066,0.182,0.942,1.303,3,NULL,NULL,,3,0,2,7,255,1155,250,0,0
stim,270199,300320,0,300320,3497639.455,-0.675,-0.028,-0.041,-0.736,0,0,2428,0,3103,0,3012,2871,50,1.090,1,2294,0,160.155,2.701,7.938,-159.938,-2.563,-0.117,0.195,1.445,2.395,1.250,3.188,0.060,0.194,0.942,1.303,3,NULL,NULL,,3,0,2,7,255,1155,250,0,0
stim,270224,300345,0,300345,3497644.453,-0.674,-0.033,-0.046,-0.736,0,0,2343,0,3099,0,3004,2839,50,1.090,1,2294,0,169.567,3.114,-0.500,-169.563,-1.125,-0.227,0.164,1.594,2.145,2.258,4.180,0.050,0.206,0.942,1.303,3,NULL,NULL,,3,0,2,7,255,1155,250,0,0
stim,270224,300345,0,300345,3497649.455,-0.674,-0.039,-0.051,-0.736,0,0,2235,0,3091,0,3001,2799,50,1.090,1,2294,0,180.508,4.212,-7.688,-180.313,-3.375,-0.273,0.141,1.785,1.984,3.715,5.469,0.042,0.218,0.942,1.303,3,NULL,NULL,,3,0,2,7,255,1155,250,0,0
stim,270224,300345,0,300345,3497654.453,-0.674,-0.046,-0.057,-0.735,0,0,2151,0,3093,7,3000,2751,50,1.090,1,2294,0,196.336,5.076,-8.938,-196.063,5.250,-0.348,0.227,2.004,1.984,4.672,7.188,0.036,0.232,0.942,1.303,3,NULL,NULL,,3,0,2,7,255,1155,250,0,0
stim,270224,300345,0,300345,3497659.455,-0.674,-0.054,-0.062,-0.734,0,0,2012,0,3087,9,3001,2701,50,1.090,1,2294,0,217.136,6.559,-33.313,-214.000,15.563,-0.391,0.371,2.156,2.852,5.906,9.133,0.038,0.250,0.942,1.303,3,NULL,NULL,,3,0,2,7,255,1155,250,0,0
stim,270224,300345,0,300345,3497664.454,-0.674,-0.063,-0.067,-0.733,0,0,1851,0,3061,61,2984,2647,50,1.090,1,2294,0,239.511,8.100,-53.250,-232.375,23.063,-0.484,0.488,2.102,4.418,6.789,9.512,0.048,0.272,0.942,1.303,3,NULL,NULL,,3,0,2,7,255,1155,250,0,0
stim,270224,300345,0,300345,3497669.455,-0.674,-0.073,-0.072,-0.731,0,0,1752,0,3049,71,2964,2588,50,1.090,1,2294,0,267.452,9.748,-79.813,-254.188,23.438,-0.477,0.563,2.008,5.734,7.883,9.512,0.070,0.300,0.942,1.303,3,NULL,NULL,,3,0,2,7,255,1155,250,0,0
stim,270250,300371,0,300371,3497674.454,-0.674,-0.085,-0.077,-0.730,0,0,1614,0,3033,71,2951,2493,50,1.090,1,2294,0,288.938,10.070,-91.438,-273.438,18.875,-0.406,0.520,1.926,6.266,7.883,8.375,0.098,0.332,0.942,1.303,3,NULL,NULL,,3,0,2,7,255,1155,250,0,0
stim,270250,300371,0,300371,3497679.455,-0.674,-0.097,-0.083,-0.728,0,0,1513,0,3019,84,2921,2409,50,1.090,1,2294,0,308.663,10.057,-85.813,-295.188,27.813,-0.367,0.469,1.992,6.266,7.867,7.961,0.136,0.372,0.942,1.303,3,NULL,NULL,,3,0,2,7,255,1155,250,0,0
stim,270250,300371,0,300371,3497684.453,-0.674,-0.110,-0.089,-0.725,0,0,1445,0,2987,93,2883,2297,50,1.090,1,2294,0,327.596,10.057,-89.500,-313.063,36.063,-0.496,0.469,2.172,6.266,7.867,7.961,0.180,0.414,0.942,1.303,3,NULL,NULL,,3,0,2,7,255,1155,250,0,0
stim,270250,300371,0,300371,3497689.455,-0.673,-0.123,-0.095,-0.723,0,0,1361,0,2952,98,2831,2187,50,1.090,1,2294,0,347.795,11.851,-94.438,-333.313,30.750,-0.664,0.512,2.363,6.305,10.035,9.035,0.224,0.462,0.942,1.303,3,NULL,NULL,,3,0,2,7,255,1155,250,0,0
stim,270250,300371,0,300371,3497694.453,-0.672,-0.137,-0.102,-0.721,0,0,1280,0,2911,99,2781,2075,50,1.090,1,2294,0,363.513,14.558,-98.250,-349.938,5.688,-0.695,0.531,2.563,7.188,12.660,9.934,0.274,0.514,0.942,1.303,3,NULL,NULL,,3,0,2,7,255,1155,250,0,0
stim,270250,300371,0,300371,3497699.455,-0.670,-0.151,-0.111,-0.719,0,0,1195,0,2858,86,2685,1973,50,1.090,1,2294,0,383.567,15.935,-84.500,-374.125,-3.688,-0.719,0.434,2.828,7.332,14.148,11.164,0.332,0.572,0.942,1.303,3,NULL,NULL,,3,0,2,7,255,1155,250,0,0
stim,270274,300395,0,300395,3497704.454,-0.667,-0.167,-0.118,-0.716,0,0,1128,0,2803,71,2571,1837,50,1.090,1,2294,0,413.874,17.839,-114.625,-397.625,6.875,-0.820,0.566,2.883,7.793,16.047,12.391,0.396,0.640,0.942,1.303,3,NULL,NULL,,3,0,2,7,255,1155,250,0,0
stim,270274,300395,0,300395,3497709.455,-0.664,-0.185,-0.125,-0.713,0,0,1033,0,2727,61,2421,1719,50,1.090,1,2294,0,440.709,19.940,-156.250,-412.063,-3.813,-0.922,0.680,2.668,9.016,17.785,12.391,0.470,0.714,0.942,1.303,3,NULL,NULL,,3,0,2,7,255,1155,250,0,0
stim,270303,300424,0,300424,3497714.454,-0.660,-0.202,-0.133,-0.711,0,0,907,0,2621,40,2247,1583,50,1.090,1,2294,0,453.938,19.950,-158.438,-424.250,-31.125,-0.840,0.473,2.496,9.016,17.797,9.180,0.552,0.798,0.942,1.303,3,NULL,NULL,,3,0,2,7,255,1155,250,0,0
stim,270303,300424,0,300424,3497719.455,-0.655,-0.220,-0.142,-0.709,0,0,765,0,2504,0,1977,1435,50,1.090,1,2294,0,460.500,19.674,-138.500,-437.000,-43.688,-0.621,0.141,2.480,8.387,17.797,7.949,0.636,0.886,0.942,1.303,3,NULL,NULL,,3,0,2,7,255,1155,250,0,0
stim,270303,300424,0,300424,3497724.454,-0.651,-0.237,-0.151,-0.706,0,0,601,0,2339,0,1685,1225,50,1.090,1,2294,0,469.691,17.664,-128.625,-450.813,-28.875,-0.441,-0.164,2.480,5.344,16.836,7.949,0.724,0.976,0.942,1.303,3,NULL,NULL,,3,0,2,7,255,1155,250,0,0
stim,270303,300424,0,300424,3497729.455,-0.646,-0.255,-0.159,-0.701,0,0,435,0,2132,0,1262,1066,50,1.090,1,2294,0,486.335,16.585,-134.250,-467.438,0.938,-0.305,-0.367,2.176,2.629,16.375,7.949,0.814,1.068,0.942,1.303,3,NULL,NULL,,3,0,2,7,255,1155,250,0,0
stim,270303,300424,0,300424,3497734.453,-0.643,-0.274,-0.169,-0.695,0,0,263,0,1865,0,778,917,50,1.090,1,2294,0,497.098,14.599,-123.563,-481.188,17.250,-0.191,-0.445,1.715,0.387,14.594,6.355,0.906,1.162,0.942,1.303,3,NULL,NULL,,3,0,2,7,255,1155,250,0,0
stim,270303,300424,0,300424,3497739.455,-0.639,-0.291,-0.180,-0.689,0,0,215,0,1561,0,331,733,50,1.090,1,2294,0,492.057,11.836,-81.000,-484.938,19.875,-0.098,-0.281,1.367,-0.066,11.836,2.961,0.992,1.252,0.942,1.303,3,NULL,NULL,,3,0,2,7,255,1155,250,0,0
stim,270303,300424,0,300424,3497744.454,-0.636,-0.307,-0.192,-0.682,0,0,127,0,1149,0,88,581,50,1.090,1,2294,0,490.211,9.641,-24.688,-488.063,38.625,-0.129,-0.023,1.375,-0.066,9.641,0.195,1.066,1.330,0.942,1.303,3,NULL,NULL,,3,0,2,7,255,1155,250,0,0
stim,270303,300424,0,300424,3497749.455,-0.635,-0.321,-0.204,-0.672,0,0,105,0,767,0,0,483,50,1.090,1,2294,0,490.817,9.948,4.313,-485.563,71.500,-0.238,0.203,1.664,2.453,9.641,-0.211,1.134,1.402,0.942,1.303,3,NULL,NULL,,3,0,2,7,255,1155,250,0,0
stim,270303,300424,0,300424,3497754.454,-0.634,-0.337,-0.216,-0.662,0,0,71,0,278,0,0,361,50,1.090,1,2294,0,506.892,13.452,3.125,-492.625,119.375,-0.598,0.195,1.902,5.145,12.430,-0.711,1.196,1.468,0.942,1.303,3,NULL,NULL,,3,0,2,7,255,1155,250,0,0
stim,270303,300424,0,300424,3497759.455,-0.635,-0.354,-0.226,-0.649,0,0,66,0,0,0,0,255,50,1.090,1,2294,0,548.027,17.746,-24.875,-514.375,187.438,-1.066,0.195,1.785,5.145,16.984,-1.730,1.262,1.536,0.942,1.303,3,NULL,NULL,,3,0,2,7,255,1155,250,0,0
stim,270335,300456,0,300456,3497764.454,-0.635,-0.372,-0.236,-0.635,0,0,14,0,0,0,0,141,50,1.090,1,2294,0,567.215,19.066,-43.500,-527.688,203.438,-1.262,0.375,1.453,5.375,18.293,-6.695,1.338,1.614,0.942,1.303,3,NULL,NULL,,3,0,2,7,255,1155,250,0,0
stim,270335,300456,0,300456,3497769.455,-0.633,-0.390,-0.245,-0.623,0,0,19,0,0,0,0,73,50,1.090,1,2294,0,532.363,19.066,-80.500,-506.563,142.563,-0.855,0.863,1.012,5.375,18.293,-11.410,1.428,1.708,0.942,1.303,4,NULL,NULL,,3,0,2,7,255,1155,250,0,0
stim,270335,300456,0,300456,3497774.453,-0.629,-0.406,-0.253,-0.613,0,0,21,0,0,0,0,57,50,1.090,1,2294,0,479.913,15.154,-92.438,-463.875,81.188,-0.273,1.242,0.789,9.320,11.949,-11.410,1.528,1.810,0.942,1.303,0,NULL,NULL,,3,0,2,7,255,1155,250,0,0
stim,270335,300456,0,300456,3497779.455,-0.624,-0.421,-0.258,-0.605,0,0,24,0,0,0,0,111,50,1.090,1,2294,0,429.825,14.578,-154.688,-390.063,93.125,0.129,1.371,0.734,13.055,6.488,-10.473,1.630,1.914,0.942,1.303,0,NULL,NULL,,3,0,2,7,255,1155,250,0,0
stim,270335,300456,0,300456,3497784.454,-0.620,-0.437,-0.258,-0.599,0,0,29,0,0,0,0,137,50,1.090,1,2294,0,388.703,13.578,-222.313,-299.938,108.188,0.164,0.684,0.465,13.055,3.734,-8.219,1.730,2.016,0.942,1.303,0,NULL,NULL,,3,0,2,7,255,1155,250,0,0
stim,270335,300456,0,300456,3497789.455,-0.618,-0.447,-0.257,-0.593,0,0,25,0,0,0,0,173,50,1.090,1,2294,0,267.512,8.219,-137.125,-197.625,117.063,-0.238,0.094,0.234,7.664,2.969,-8.219,1.824,2.112,0.942,1.303,0,NULL,NULL,,3,0,2,7,255,1155,250,0,0
stim,270366,300487,0,300487,3497794.453,-0.619,-0.452,-0.258,-0.588,0,0,25,0,0,0,0,175,50,1.090,1,2294,0,159.801,3.124,-23.500,-122.000,100.500,-0.820,-0.133,0.914,0.973,2.969,-10.973,1.906,2.194,0.942,1.303,0,NULL,NULL,,3,0,2,7,255,1155,250,0,0
stim,270366,300487,0,300487,3497799.455,-0.619,-0.454,-0.257,-0.588,0,0,25,0,0,0,0,187,50,1.090,1,2294,0,65.022,11.817,-46.375,-38.938,23.688,-1.000,-0.094,1.586,0.973,11.777,-10.973,1.964,2.256,0.942,1.303,0,NULL,NULL,,3,0,2,7,255,1155,250,0,0
stim,270402,300523,0,300523,3497804.453,-0.615,-0.457,-0.252,-0.591,0,0,21,0,0,0,0,164,50,1.090,1,2294,0,170.422,13.557,-161.188,48.375,-26.875,-0.672,0.063,1.238,1.102,13.512,-10.941,2.004,2.298,0.942,1.303,0,NULL,NULL,,3,0,2,7,255,1155,250,0,0
stim,270402,300523,0,300523,3497809.455,-0.612,-0.459,-0.244,-0.596,0,0,22,0,0,0,0,111,50,1.090,1,2294,0,240.205,13.741,-209.313,117.813,-2.625,-0.430,0.469,0.328,2.500,13.512,-10.941,2.034,2.332,0.942,1.303,0,NULL,NULL,,3,0,2,7,255,1155,250,0,0
stim,270402,300523,0,300523,3497814.454,-0.612,-0.459,-0.235,-0.600,0,0,22,0,0,0,0,107,50,1.090,1,2294,0,223.690,6.027,-147.500,165.438,30.188,-0.586,0.719,-0.082,4.445,4.070,-13.230,2.052,2.352,0.942,1.303,0,NULL,NULL,,3,0,2,7,255,1155,250,0,0
stim,270402,300523,0,300523,3497819.455,-0.612,-0.456,-0.228,-0.604,0,0,20,0,0,0,0,106,50,1.090,1,2294,0,207.750,6.039,-67.938,195.375,19.313,-0.793,0.582,0.168,4.461,4.070,-17.063,2.054,2.356,0.942,1.303,0,NULL,NULL,,3,0,2,7,255,1155,250,0,0
stim,270402,300523,0,300523,3497824.454,-0.613,-0.452,-0.221,-0.610,0,0,19,0,0,0,0,103,50,1.090,1,2294,0,224.833,6.311,-54.375,217.875,-11.125,-0.703,0.266,0.523,4.461,4.465,-17.063,2.038,2.342,0.942,1.303,0,NULL,NULL,,3,0,2,7,255,1155,250,0,0
stim,270402,300523,0,300523,3497829.455,-0.613,-0.448,-0.213,-0.615,0,0,16,0,0,0,0,103,50,1.090,1,2294,0,249.621,6.836,-90.063,232.438,-13.125,-0.457,0.109,0.500,2.855,6.211,-13.773,2.010,2.318,0.942,1.303,0,NULL,NULL,,3,0,2,7,255,1155,250,0,0
stim,270402,300523,0,300523,3497834.453,-0.613,-0.444,-0.203,-0.621,0,0,19,0,0,0,0,103,50,1.090,1,2294,0,266.264,6.461,-113.750,240.375,13.313,-0.324,0.160,0.141,1.781,6.211,-12.117,1.992,2.300,0.942,1.303,0,NULL,NULL,,3,0,2,7,255,1155,250,0,0
stim,270402,300523,0,300523,3497839.455,-0.614,-0.440,-0.193,-0.626,0,0,16,0,0,0,0,95,50,1.090,1,2294,0,264.414,2.916,-95.375,243.813,37.063,-0.355,0.246,-0.203,1.363,2.578,-12.117,1.982,2.294,0.942,1.303,0,NULL,NULL,,3,0,2,7,255,1155,250,0,0
stim,270402,300523,0,300523,3497844.453,-0.616,-0.435,-0.185,-0.630,0,0,9,0,0,0,0,92,50,1.090,1,2294,0,253.853,0.957,-50.813,244.938,43.188,-0.402,0.227,-0.336,0.957,0.023,-14.379,1.980,2.294,0.942,1.303,0,NULL,NULL,,3,0,2,7,255,1155,250,0,0
stim,270402,300523,0,300523,3497849.455,-0.619,-0.429,-0.177,-0.634,0,0,13,0,0,0,0,88,50,1.090,1,2294,0,249.109,0.287,-7.313,245.250,43.063,-0.379,0.168,-0.273,0.281,-0.059,-14.684,1.984,2.302,0.942,1.303,0,NULL,NULL,,3,0,2,7,255,1155,250,0,0
stim,270402,300523,0,300523,3497854.454,-0.622,-0.422,-0.170,-0.637,0,0,8,0,0,0,0,85,50,1.090,1,2294,0,251.006,0.287,20.313,245.375,48.813,-0.320,0.160,-0.141,0.281,-0.059,-14.684,1.996,2.316,0.942,1.303,0,NULL,NULL,,3,0,2,7,255,1155,250,0,0
stim,270402,300523,0,300523,3497859.455,-0.626,-0.414,-0.163,-0.640,0,0,9,0,0,0,0,86,50,1.090,1,2294,0,254.892,0.813,36.563,245.063,59.813,-0.309,0.191,-0.031,0.457,0.672,-13.449,2.016,2.340,0.942,1.303,0,NULL,NULL,,3,0,2,7,255,1155,250,0,0
stim,270431,300552,0,300552,3497864.454,-0.631,-0.406,-0.157,-0.642,0,0,11,0,0,0,0,83,50,1.090,1,2294,0,258.080,1.826,51.563,243.563,68.000,-0.363,0.203,0.055,1.160,1.410,-12.840,2.046,2.372,0.942,1.303,0,NULL,NULL,,3,0,2,7,255,1155,250,0,0
stim,270431,300552,0,300552,3497869.455,-0.635,-0.398,-0.151,-0.644,0,0,10,0,0,0,0,76,50,1.090,1,2294,0,259.781,2.810,67.000,241.500,68.375,-0.418,0.164,0.164,1.465,2.398,-12.691,2.080,2.410,0.942,1.303,0,NULL,NULL,,3,0,2,7,255,1155,250,0,0
stim,270431,300552,0,300552,3497874.453,-0.640,-0.390,-0.146,-0.646,0,0,8,0,0,0,0,74,50,1.090,1,2294,0,260.388,3.937,78.375,240.188,63.000,-0.438,0.125,0.309,1.488,3.645,-12.207,2.120,2.450,0.942,1.303,0,NULL,NULL,,3,0,2,7,255,1155,250,0,0
stim,270431,300552,0,300552,3497879.455,-0.644,-0.381,-0.140,-0.649,0,0,10,0,0,0,0,73,50,1.090,1,2294,0,260.773,5.120,83.188,240.750,55.875,-0.453,0.125,0.461,1.566,4.875,-11.234,2.162,2.496,0.942,1.303,0,NULL,NULL,,3,0,2,7,255,1155,250,0,0
stim,270455,300576,0,300576,3497884.453,-0.648,-0.372,-0.135,-0.651,0,0,9,0,0,0,0,73,50,1.090,1,2294,0,261.277,6.344,82.188,243.313,48.063,-0.488,0.141,0.613,2.051,6.004,-10.230,2.206,2.544,0.942,1.303,0,NULL,NULL,,3,0,2,7,255,1155,250,0,0
stim,270455,300576,0,300576,3497889.455,-0.651,-0.363,-0.130,-0.654,0,0,12,0,0,0,0,62,50,1.090,1,2294,0,261.992,7.700,75.313,248.125,37.438,-0.535,0.168,0.758,2.668,7.223,-9.352,2.252,2.592,0.942,1.303,0,NULL,NULL,,3,0,2,7,255,1155,250,0,0
stim,270455,300576,0,300576,3497894.454,-0.654,-0.354,-0.124,-0.657,0,0,10,0,0,0,0,61,50,1.090,1,2294,0,263.841,9.064,62.500,255.375,22.125,-0.559,0.195,0.863,3.352,8.422,-8.570,2.296,2.640,0.942,1.303,0,NULL,NULL,,3,0,2,7,255,1155,250,0,0
stim,270455,300576,0,300576,3497899.455,-0.656,-0.345,-0.118,-0.661,0,0,17,0,0,0,0,59,50,1.090,1,2294,0,269.250,9.982,47.375,265.000,5.125,-0.551,0.191,0.926,3.930,9.176,-7.836,2.340,2.686,0.942,1.303,0,NULL,NULL,,3,0,2,7,255,1155,250,0,0
stim,270455,300576,0,300576,3497904.453,-0.657,-0.336,-0.111,-0.665,0,0,13,0,0,0,0,63,50,1.090,1,2294,0,278.579,10.144,31.813,276.563,-10.375,-0.531,0.164,0.945,4.023,9.313,-7.109,2.382,2.730,0.942,1.303,0,NULL,NULL,,3,0,2,7,255,1155,250,0,0
stim,270455,300576,0,300576,3497909.455,-0.658,-0.326,-0.104,-0.670,0,0,14,0,0,0,0,61,50,1.090,1,2294,0,291.102,10.144,19.188,289.375,-25.188,-0.508,0.141,0.918,4.023,9.313,-6.559,2.420,2.772,0.942,1.303,0,NULL,NULL,,3,0,2,7,255,1155,250,0,0
stim,270499,300620,0,300620,3497914.453,-0.658,-0.317,-0.096,-0.676,0,0,11,0,0,0,0,60,50,1.090,1,2294,0,305.473,9.677,12.125,302.625,-39.813,-0.477,0.125,0.867,3.785,8.906,-6.301,2.456,2.810,0.942,1.303,0,NULL,NULL,,3,0,2,7,255,1155,250,0,0
stim,270499,300620,0,300620,3497919.455,-0.658,-0.307,-0.089,-0.682,0,0,13,0,0,0,0,67,50,1.090,1,2294,0,319.938,9.013,11.063,315.250,-53.438,-0.430,0.121,0.820,3.559,8.281,-6.219,2.492,2.848,0.942,1.303,0,NULL,NULL,,3,0,2,7,255,1155,250,0,0
stim,270499,300620,0,300620,3497924.454,-0.657,-0.297,-0.081,-0.688,0,0,12,0,0,0,0,63,50,1.090,1,2294,0,333.534,8.291,14.875,326.875,-64.625,-0.371,0.125,0.785,3.477,7.527,-6.098,2.524,2.882,0.942,1.303,0,NULL,NULL,,3,0,2,7,255,1155,250,0,0
stim,270499,300620,0,300620,3497929.455,-0.656,-0.286,-0.073,-0.695,0,0,11,0,0,0,0,69,50,1.090,1,2294,0,345.482,7.544,22.438,336.813,-73.563,-0.273,0.152,0.754,3.477,6.695,-5.883,2.556,2.918,0.942,1.303,0,NULL,NULL,,3,0,2,7,255,1155,250,0,0
stim,270499,300620,0,300620,3497934.454,-0.654,-0.274,-0.065,-0.702,0,0,8,0,0,0,0,87,50,1.090,1,2294,0,356.305,6.550,31.000,345.500,-81.375,-0.059,0.129,0.676,3.477,5.551,-5.535,2.588,2.952,0.942,1.303,0,NULL,NULL,,3,0,2,7,255,1155,250,0,0
stim,270499,300620,0,300620,3497939.455,-0.653,-0.262,-0.058,-0.708,0,0,13,0,0,0,0,103,50,1.090,1,2294,0,362.382,4.597,47.688,351.500,-74.125,0.098,0.035,0.527,3.297,3.203,-5.090,2.622,2.988,0.942,1.303,0,NULL,NULL,,3,0,2,7,255,1155,250,0,0
stim,270523,300644,0,300644,3497944.453,-0.653,-0.248,-0.051,-0.714,0,0,8,0,0,0,0,107,50,1.090,1,2294,0,364.811,2.982,85.500,349.938,-57.625,0.063,0.148,0.469,2.730,1.199,-5.090,2.654,3.022,0.942,1.303,0,NULL,NULL,,3,0,2,7,255,1155,250,0,0
stim,270523,300644,0,300644,3497949.455,-0.653,-0.234,-0.046,-0.719,0,0,8,0,0,0,0,107,50,1.090,1,2294,0,373.297,2.982,128.875,345.438,-58.438,0.027,0.188,0.578,2.730,1.199,-5.211,2.686,3.058,0.942,1.303,0,NULL,NULL,,3,0,2,7,255,1155,250,0,0
stim,270523,300644,0,300644,3497954.453,-0.653,-0.219,-0.042,-0.724,0,0,6,0,0,0,0,105,50,1.090,1,2294,0,378.650,3.398,156.813,339.875,-57.188,0.090,0.098,0.797,3.047,1.504,-5.211,2.716,3.090,0.942,1.303,0,NULL,NULL,,3,0,2,7,255,1155,250,0,0
stim,270523,300644,0,300644,3497959.455,-0.653,-0.203,-0.038,-0.728,0,0,7,0,0,0,0,101,50,1.090,1,2294,0,374.371,3.398,162.688,334.875,-39.313,0.223,0.063,0.941,3.047,1.504,-2.730,2.742,3.118,0.942,1.303,0,NULL,NULL,,3,0,2,7,255,1155,250,0,0
stim,270523,300644,0,300644,3497964.454,-0.655,-0.188,-0.034,-0.731,0,0,6,0,0,0,0,95,50,1.090,1,2294,0,368.221,3.130,163.063,330.125,-3.875,0.266,0.105,1.027,3.047,0.715,-0.813,2.768,3.146,0.942,1.303,0,NULL,NULL,,3,0,2,7,255,1155,250,0,0
stim,270523,300644,0,300644,3497969.455,-0.657,-0.173,-0.030,-0.733,0,0,3,0,0,0,0,89,50,1.090,1,2294,0,366.198,3.412,167.063,324.938,24.625,0.121,0.246,1.074,3.336,0.715,-0.176,2.790,3.170,0.942,1.303,0,NULL,NULL,,3,0,2,7,255,1155,250,0,0
stim,270547,300668,0,300668,3497974.453,-0.659,-0.158,-0.026,-0.735,0,0,5,0,0,0,0,81,50,1.090,1,2294,0,368.854,4.884,180.750,320.250,28.688,-0.051,0.285,1.160,4.719,1.258,0.039,2.812,3.194,0.942,1.303,0,NULL,NULL,,3,0,2,7,255,1155,250,0,0
stim,270547,300668,0,300668,3497979.455,-0.661,-0.142,-0.023,-0.736,0,0,2,0,0,0,0,81,50,1.090,1,2294,0,372.386,5.477,193.875,317.438,17.813,-0.102,0.207,1.336,4.719,2.781,0.215,2.832,3.218,0.942,1.303,0,NULL,NULL,,3,0,2,7,255,1155,250,0,0
stim,270547,300668,0,300668,3497984.453,-0.663,-0.126,-0.021,-0.738,0,0,4,0,0,0,0,72,50,1.090,1,2294,0,371.028,5.781,193.125,316.625,10.625,-0.074,0.160,1.547,4.688,3.383,2.078,2.854,3.240,0.942,1.303,0,NULL,NULL,,3,0,2,7,255,1155,250,0,0
stim,270547,300668,0,300668,3497989.455,-0.664,-0.111,-0.017,-0.739,0,0,9,0,0,0,0,71,50,1.090,1,2294,0,363.867,5.781,177.375,317.500,11.438,-0.066,0.207,1.703,4.688,3.383,4.355,2.874,3.264,0.942,1.303,0,NULL,NULL,,3,0,2,7,255,1155,250,0,0
stim,270547,300668,0,300668,3497994.454,-0.665,-0.096,-0.013,-0.741,0,0,7,0,0,0,0,72,50,1.090,1,2294,0,355.635,5.828,157.250,318.625,15.063,-0.121,0.262,1.797,4.809,3.293,5.953,2.896,3.288,0.942,1.303,0,NULL,NULL,,3,0,2,7,255,1155,250,0,0
stim,270547,300668,0,300668,3497999.455,-0.666,-0.081,-0.008,-0.742,0,0,9,0,0,0,0,71,50,1.090,1,2294,0,349.052,6.135,138.938,320.000,11.563,-0.172,0.262,1.871,5.176,3.293,6.859,2.918,3.312,0.942,1.303,0,NULL,NULL,,3,0,2,7,255,1155,250,0,0
stim,270574,300695,0,300695,3498004.454,-0.666,-0.068,-0.003,-0.743,0,0,10,0,0,0,0,71,50,1.090,1,2294,0,342.011,6.135,117.125,321.313,3.375,-0.188,0.223,1.891,5.176,3.293,7.688,2.940,3.336,0.942,1.303,0,NULL,NULL,,3,0,2,7,255,1155,250,0,0
stim,270574,300695,0,300695,3498009.455,-0.666,-0.054,0.004,-0.744,0,0,11,0,0,0,0,73,50,1.090,1,2294,0,335.995,5.601,97.188,321.625,-2.188,-0.164,0.176,1.836,4.621,3.164,7.703,2.962,3.362,0.942,1.303,0,NULL,NULL,,3,0,2,7,255,1155,250,0,0
stim,270604,300725,0,300725,3498014.453,-0.665,-0.041,0.010,-0.745,0,0,13,0,0,0,0,77,50,1.090,1,2294,0,331.758,4.617,86.063,320.375,-4.063,-0.148,0.125,1.742,3.895,2.480,7.703,2.986,3.388,0.942,1.303,0,NULL,NULL,,3,0,2,7,255,1155,250,0,0
stim,270604,300725,0,300725,3498019.455,-0.665,-0.028,0.016,-0.746,0,0,17,0,0,0,0,80,50,1.090,1,2294,0,328.861,3.587,85.500,317.500,-5.750,-0.133,0.098,1.672,3.074,1.848,6.953,3.010,3.412,0.942,1.303,0,NULL,NULL,,3,0,2,7,255,1155,250,0,0
stim,270604,300725,0,300725,3498024.454,-0.664,-0.015,0.022,-0.747,0,0,21,0,0,0,0,83,50,1.090,1,2294,0,326.766,2.856,91.375,313.625,-8.125,-0.121,0.094,1.641,2.559,1.270,6.395,3.030,3.436,0.942,1.303,0,NULL,NULL,,3,0,2,7,255,1155,250,0,0
stim,270604,300725,0,300725,3498029.455,-0.663,-0.002,0.028,-0.748,0,0,20,0,0,0,0,77,50,1.090,1,2294,0,325.818,2.407,102.313,309.188,-9.625,-0.098,0.086,1.641,2.297,0.719,6.191,3.050,3.458,0.942,1.303,0,NULL,NULL,,3,0,2,7,255,1155,250,0,0
stim,270604,300725,0,300725,3498034.454,-0.662,0.012,0.033,-0.749,0,0,25,0,0,0,0,73,50,1.090,1,2294,0,326.858,1.990,117.375,304.875,-10.500,-0.066,0.059,1.680,1.988,0.078,6.191,3.066,3.478,0.942,1.303,0,NULL,NULL,,3,0,2,7,255,1155,250,0,0
stim,270604,300725,0,300725,3498039.455,-0.661,0.025,0.037,-0.749,0,0,27,0,0,0,0,72,50,1.090,1,2294,0,329.761,1.604,133.563,301.313,-10.688,-0.027,0.012,1.742,1.480,-0.617,6.574,3.080,3.492,0.942,1.303,0,NULL,NULL,,3,0,2,7,255,1155,250,0,0
stim,270604,300725,0,300725,3498044.453,-0.659,0.039,0.041,-0.750,0,0,25,0,0,0,0,70,50,1.090,1,2294,0,334.386,1.597,149.625,298.875,-10.000,0.023,-0.008,1.801,0.793,-1.387,7.195,3.090,3.506,0.942,1.303,0,NULL,NULL,,3,0,2,7,255,1155,250,0,0
stim,270604,300725,0,300725,3498049.455,-0.658,0.054,0.044,-0.750,0,0,25,0,0,0,0,69,50,1.090,1,2294,0,342.712,2.365,168.500,298.250,-10.313,0.113,-0.012,1.848,0.250,-2.352,7.676,3.096,3.514,0.942,1.303,0,NULL,NULL,,3,0,2,7,255,1155,250,0,0
stim,270604,300725,0,300725,3498054.453,-0.656,0.069,0.046,-0.750,0,0,25,0,0,0,0,78,50,1.090,1,2294,0,354.862,3.681,192.375,298.063,-8.813,0.238,-0.016,1.941,-0.188,-3.676,7.973,3.100,3.520,0.942,1.303,0,NULL,NULL,,3,0,2,7,255,1155,250,0,0
stim,270604,300725,0,300725,3498059.455,-0.654,0.085,0.047,-0.750,0,0,27,0,0,0,0,89,50,1.090,1,2294,0,369.544,5.499,215.813,299.875,-7.938,0.418,0.016,2.070,-0.770,-5.445,8.566,3.098,3.520,0.942,1.303,0,NULL,NULL,,3,0,2,7,255,1155,250,0,0
stim,270634,300755,0,300755,3498064.454,-0.652,0.101,0.048,-0.750,0,0,26,0,0,0,0,88,50,1.090,1,2294,0,384.861,7.943,236.188,303.813,-5.625,0.621,0.039,2.199,-1.152,-7.859,9.340,3.090,3.516,0.942,1.303,0,NULL,NULL,,3,0,2,7,255,1155,250,0,0
stim,270634,300755,0,300755,3498069.455,-0.650,0.119,0.049,-0.749,0,0,28,0,0,0,0,91,50,1.090,1,2294,0,399.724,10.687,254.250,308.438,1.625,0.801,0.035,2.332,-1.750,-10.543,9.906,3.074,3.500,0.942,1.303,0,NULL,NULL,,3,0,2,7,255,1155,250,0,0
stim,270634,300755,0,300755,3498074.454,-0.648,0.136,0.049,-0.748,0,0,27,0,0,0,0,89,50,1.090,1,2294,0,412.385,13.234,267.688,313.500,11.063,0.930,0.020,2.477,-2.656,-12.965,10.473,3.048,3.478,0.942,1.303,0,NULL,NULL,,3,0,2,7,255,1155,250,0,0
stim,270634,300755,0,300755,3498079.455,-0.646,0.155,0.049,-0.746,0,0,28,0,0,0,0,91,50,1.090,1,2294,0,422.618,15.432,279.875,315.938,21.438,1.043,0.043,2.652,-3.672,-14.988,11.066,3.016,3.448,0.942,1.303,0,NULL,NULL,,3,0,2,7,255,1155,250,0,0
stim,270634,300755,0,300755,3498084.453,-0.644,0.173,0.049,-0.744,0,0,26,0,0,0,0,88,50,1.090,1,2294,0,424.155,17.605,278.250,319.125,25.375,1.121,0.086,2.781,-4.441,-17.035,11.938,2.972,3.406,0.942,1.303,0,NULL,NULL,,3,0,2,7,255,1155,250,0,0
stim,270634,300755,0,300755,3498089.455,-0.642,0.191,0.049,-0.741,0,0,27,0,0,0,0,91,50,1.090,1,2294,0,416.637,19.376,265.938,319.375,29.375,1.152,0.098,2.844,-4.961,-18.730,12.270,2.920,3.356,0.942,1.303,0,NULL,NULL,,3,0,2,7,255,1155,250,0,0
stim,270668,300789,0,300789,3498094.454,-0.640,0.208,0.050,-0.738,0,0,31,0,0,0,0,110,50,1.090,1,2294,0,400.742,20.565,245.063,315.250,34.000,1.133,0.109,2.855,-5.637,-19.777,12.270,2.858,3.298,0.942,1.303,0,NULL,NULL,,3,0,2,7,255,1155,250,0,0
stim,270668,300789,0,300789,3498099.455,-0.638,0.224,0.051,-0.735,0,0,26,0,0,0,0,125,50,1.090,1,2294,0,378.410,21.020,220.188,305.938,33.375,1.145,0.191,2.879,-5.871,-20.184,11.840,2.786,3.226,0.942,1.303,0,NULL,NULL,,3,0,2,7,255,1155,250,0,0
stim,270668,300789,0,300789,3498104.454,-0.635,0.239,0.053,-0.732,0,0,27,0,0,0,0,134,50,1.090,1,2294,0,351.396,21.775,193.875,292.063,24.313,1.305,0.270,2.875,-5.871,-20.969,11.500,2.704,3.146,0.942,1.303,0,NULL,NULL,,3,0,2,7,255,1155,250,0,0
stim,270668,300789,0,300789,3498109.455,-0.633,0.252,0.055,-0.730,0,0,28,0,0,0,0,157,50,1.090,1,2294,0,320.580,23.749,162.750,275.625,17.750,1.563,0.188,2.766,-5.871,-23.012,10.391,2.616,3.058,0.942,1.303,0,NULL,NULL,,3,0,2,7,255,1155,250,0,0
stim,270702,300823,0,300823,3498114.453,-0.632,0.264,0.058,-0.727,0,0,31,0,0,0,0,163,50,1.090,1,2294,0,289.257,26.005,129.938,257.125,25.938,1.785,-0.070,2.523,-6.691,-25.129,7.551,2.522,2.966,0.942,1.303,0,NULL,NULL,,3,0,2,7,255,1155,250,0,0
stim,270702,300823,0,300823,3498119.455,-0.631,0.274,0.061,-0.723,0,0,26,0,0,0,0,181,50,1.090,1,2294,0,262.741,26.822,105.188,237.250,41.000,1.918,-0.328,2.164,-8.781,-25.344,3.332,2.424,2.866,0.942,1.303,0,NULL,NULL,,3,0,2,7,255,1155,250,0,0
stim,270702,300823,0,300823,3498124.454,-0.631,0.284,0.063,-0.719,0,0,25,0,0,0,0,203,50,1.090,1,2294,0,246.558,27.134,105.750,216.438,52.563,2.074,-0.387,1.734,-9.691,-25.344,-1.453,2.318,2.762,0.942,1.303,0,NULL,NULL,,3,0,2,7,255,1155,250,0,0
stim,270702,300823,0,300823,3498129.455,-0.630,0.294,0.064,-0.716,0,0,29,0,0,0,0,219,50,1.090,1,2294,0,237.467,26.910,119.625,194.938,63.875,2.172,-0.648,1.621,-10.332,-24.848,-6.418,2.204,2.648,0.942,1.303,0,NULL,NULL,,3,0,2,7,255,1155,250,0,0
stim,270702,300823,0,300823,3498134.454,-0.630,0.303,0.064,-0.712,0,0,25,0,0,0,0,239,50,1.090,1,2294,0,227.984,27.258,128.063,175.813,68.313,2.367,-0.660,1.414,-11.207,-24.848,-8.992,2.090,2.534,0.942,1.303,0,NULL,NULL,,3,0,2,7,255,1155,250,0,0
stim,270702,300823,0,300823,3498139.455,-0.630,0.312,0.063,-0.709,0,0,25,0,0,0,0,277,50,1.090,1,2294,0,227.834,27.850,150.063,158.063,66.375,2.453,-0.746,1.285,-11.469,-25.379,-12.109,1.972,2.416,0.942,1.303,0,NULL,NULL,,3,0,2,7,255,1155,250,0,0
stim,270702,300823,0,300823,3498144.453,-0.629,0.322,0.060,-0.705,0,0,29,0,0,0,0,303,50,1.090,1,2294,0,230.906,27.914,171.000,139.625,67.688,2.699,-0.906,1.309,-11.469,-25.449,-14.258,1.852,2.296,0.942,1.303,0,NULL,NULL,,3,0,2,7,255,1155,250,0,0
stim,270702,300823,0,300823,3498149.455,-0.628,0.331,0.057,-0.702,0,0,26,0,0,0,0,325,50,1.090,1,2294,0,235.168,30.133,184.125,119.688,84.125,2.844,-1.012,1.398,-12.945,-27.211,-16.297,1.728,2.172,0.942,1.303,0,NULL,NULL,,3,0,2,7,255,1155,250,0,0
stim,270702,300823,0,300823,3498154.453,-0.628,0.339,0.053,-0.698,0,0,29,0,0,0,0,341,50,1.090,1,2294,0,231.579,31.873,183.688,99.750,99.688,2.820,-1.109,1.477,-14.066,-28.602,-17.109,1.598,2.042,0.942,1.303,0,NULL,NULL,,3,0,2,7,255,1155,250,0,0
stim,270702,300823,0,300823,3498159.455,-0.628,0.346,0.048,-0.695,0,0,26,0,0,0,0,345,50,1.090,1,2294,0,210.404,32.329,175.938,74.938,87.750,2.648,-1.207,1.590,-15.070,-28.602,-17.109,1.460,1.904,0.942,1.303,0,NULL,NULL,,3,0,2,7,255,1155,250,0,0
stim,270739,300860,0,300860,3498164.454,-0.627,0.353,0.043,-0.693,0,0,27,0,0,0,0,351,50,1.090,1,2294,0,189.324,32.007,169.313,49.063,69.063,2.598,-1.391,1.691,-16.324,-27.531,-16.023,1.316,1.760,0.942,1.303,0,NULL,NULL,,3,0,2,7,255,1155,250,0,0
stim,270739,300860,0,300860,3498169.455,-0.627,0.358,0.038,-0.691,0,0,27,0,0,0,0,351,50,1.090,1,2294,0,192.797,33.085,174.313,20.875,79.688,2.734,-1.457,1.895,-18.348,-27.531,-15.992,1.166,1.606,0.942,1.303,0,NULL,NULL,,3,0,2,7,255,1155,250,0,0
stim,270739,300860,0,300860,3498174.454,-0.628,0.362,0.031,-0.688,0,0,29,0,0,0,0,357,50,1.090,1,2294,0,190.195,34.593,148.750,-14.563,117.625,2.309,-1.047,2.457,-18.531,-29.211,-15.758,1.010,1.448,0.942,1.303,0,NULL,NULL,,3,0,2,7,255,1155,250,0,0
stim,270739,300860,1,300860,3498179.455,-0.629,0.364,0.026,-0.686,0,0,26,0,0,0,0,357,50,1.090,1,2294,0,131.188,34.593,100.250,-40.813,74.125,1.477,-0.691,2.469,-18.531,-29.211,-7.980,0.850,1.282,0.942,1.303,0,NULL,NULL,,3,1,2,7,255,1155,250,0,0
stim,270739,300860,1,300860,3498184.453,-0.628,0.364,0.022,-0.688,0,0,29,0,0,0,0,351,50,1.090,1,2294,0,103.865,29.676,72.875,-73.688,-6.875,1.598,-0.590,2.641,-15.996,-24.996,-2.168,0.692,1.112,0.942,1.303,0,NULL,NULL,,3,1,2,7,255,1155,250,0,0
stim,270739,300860,1,300860,3498189.455,-0.628,0.361,0.018,-0.689,0,0,13,0,0,0,0,476,50,1.090,1,2294,0,104.813,28.112,13.313,-103.938,2.375,1.195,-0.566,2.973,-15.996,-23.117,-1.094,0.544,0.944,0.942,1.303,0,NULL,NULL,,3,1,2,7,255,1155,250,0,0
stim,270766,300887,1,300887,3498194.454,-0.633,0.364,-0.004,-0.683,181,0,10,415,0,37,0,535,50,1.090,1,2294,0,538.685,28.994,346.563,-231.938,341.000,-0.457,-0.305,5.754,-17.500,-23.117,3.719,0.422,0.780,0.942,1.303,0,NULL,NULL,,3,1,2,7,255,1155,250,0,0
stim,270766,300887,1,300887,3498199.455,-0.650,0.353,-0.008,-0.673,758,0,5,1015,0,227,0,573,50,1.090,1,2294,0,520.821,27.892,-223.875,-160.188,442.125,-1.082,2.215,6.238,-17.500,-21.719,33.316,0.338,0.620,0.942,1.303,0,NULL,NULL,,3,1,2,7,255,1155,250,0,0
stim,270766,300887,1,300887,3498204.454,-0.670,0.325,0.011,-0.668,1241,0,0,1439,0,482,0,629,50,1.090,1,2294,0,928.929,23.722,-891.813,-109.688,235.688,-1.758,3.031,2.207,-9.973,-21.523,33.316,0.314,0.466,0.942,1.303,0,NULL,NULL,,3,1,2,7,255,1155,250,0,0
stim,270766,300887,1,300887,3498209.455,-0.683,0.296,0.033,-0.667,1630,0,0,1742,0,665,0,695,50,1.090,1,2295,0,865.210,16.999,-858.000,-107.125,30.813,-2.066,2.523,-1.316,16.773,2.762,27.004,0.350,0.336,0.942,1.303,1,1165.000,10.000,,3,1,2,7,255,1155,250,0,0
stim,270807,300928,1,300928,3498214.453,-0.686,0.280,0.044,-0.670,1964,0,0,1873,0,888,0,774,50,1.090,1,2295,0,461.076,28.950,-447.313,-84.375,-73.375,-1.508,1.480,-2.219,18.484,22.281,-3.332,0.416,0.258,0.942,1.303,1,NULL,NULL,,3,1,2,7,255,1155,250,0,0
stim,270807,300928,1,300928,3498219.455,-0.684,0.274,0.045,-0.674,2147,0,0,1955,0,1044,0,829,50,1.090,1,2295,0,191.778,28.950,-98.313,-120.063,-112.688,-0.344,0.195,-0.332,18.484,22.281,-10.598,0.440,0.270,0.942,1.303,1,NULL,NULL,,3,1,2,7,255,1155,250,0,0
stim,270807,300928,1,300928,3498224.455,-0.684,0.269,0.043,-0.676,2291,0,0,2073,0,1229,0,907,50,1.090,1,2295,0,113.106,4.919,-35.875,-101.000,-36.125,0.332,0.309,1.406,2.352,4.320,-10.598,0.438,0.310,0.942,1.303,1,NULL,NULL,,3,1,2,7,255,1155,250,0,0
stim,270807,300928,1,300928,3498229.455,-0.688,0.262,0.043,-0.676,2415,0,0,2147,0,1341,0,988,50,1.090,1,2295,0,194.633,8.376,-148.250,-111.125,59.625,0.164,1.543,1.449,2.352,-8.039,1.523,0.432,0.354,0.942,1.303,1,NULL,NULL,,3,1,2,7,255,1155,250,0,0
stim,270807,300928,1,300928,3498234.454,-0.692,0.252,0.046,-0.675,2601,0,0,2399,0,1439,0,1031,50,1.090,1,2295,0,254.686,12.574,-225.563,-105.313,53.813,-0.543,1.387,1.203,9.668,-8.039,6.020,0.436,0.390,0.942,1.303,2,NULL,NULL,,3,1,2,7,255,1155,250,0,0
stim,270807,300928,1,300928,3498239.455,-0.696,0.241,0.051,-0.675,2733,0,0,2591,0,1453,0,1076,50,1.090,1,2295,0,294.413,9.678,-271.563,-113.500,7.125,-1.336,-0.195,0.578,9.668,-0.430,6.020,0.452,0.422,0.942,1.303,2,NULL,NULL,,3,1,2,7,255,1155,250,0,0
stim,270807,300928,1,300928,3498244.453,-0.700,0.227,0.054,-0.675,2835,0,0,2714,0,1465,0,1175,50,1.090,1,2295,0,336.919,10.581,-297.125,-156.500,27.188,-1.625,-1.563,0.074,-4.316,9.660,-0.059,0.474,0.452,0.942,1.303,2,NULL,NULL,,3,1,2,7,255,1155,250,0,0
stim,270807,300928,1,300928,3498249.455,-0.700,0.216,0.056,-0.679,2909,0,0,2808,0,1483,0,1285,50,1.090,1,2295,0,263.146,17.710,-190.625,-155.000,-94.250,-1.184,-1.348,-0.164,-13.609,11.332,-6.383,0.476,0.470,0.942,1.303,2,NULL,NULL,,3,1,2,7,255,1155,250,0,0
stim,270807,300928,1,300928,3498254.453,-0.698,0.209,0.054,-0.683,2964,0,0,2898,0,1471,0,1373,50,1.090,1,2295,0,208.406,17.710,-63.000,-163.688,-112.563,-0.254,-0.715,0.348,-13.609,11.332,-7.137,0.454,0.474,0.942,1.303,2,NULL,NULL,,3,1,2,7,255,1155,250,0,0
stim,270807,300928,1,300928,3498259.455,-0.695,0.205,0.049,-0.687,2991,0,0,2953,0,1471,0,1417,50,1.090,1,2295,0,178.940,10.191,8.375,-157.375,-84.750,0.301,-0.820,1.281,-10.133,1.086,-7.137,0.418,0.468,0.942,1.303,2,NULL,NULL,,3,1,2,7,255,1155,250,0,0
stim,270830,300951,1,300951,3498264.454,-0.695,0.199,0.046,-0.689,3027,0,0,3003,0,1482,0,1419,50,1.090,1,2295,0,151.413,12.383,-35.500,-145.000,-25.313,0.660,-1.145,1.773,-10.133,-7.117,-0.824,0.380,0.454,0.942,1.303,2,NULL,NULL,,3,1,2,7,255,1155,250,0,0
stim,270830,300951,1,300951,3498269.455,-0.698,0.192,0.045,-0.688,3045,0,0,3044,0,1497,0,1401,50,1.090,1,2295,0,184.335,18.322,-111.063,-138.875,48.563,0.730,-1.273,1.633,-13.930,-11.902,0.488,0.348,0.432,0.942,1.303,2,NULL,NULL,,3,1,2,7,255,1155,250,0,0
stim,270830,300951,1,300951,3498274.454,-0.704,0.183,0.045,-0.685,3064,0,0,3077,0,1566,0,1391,50,1.090,1,2295,0,239.530,18.322,-155.625,-127.625,129.875,0.375,-1.105,1.000,-13.930,-11.902,0.488,0.332,0.400,0.942,1.303,2,NULL,NULL,,3,1,2,7,255,1155,250,0,0
stim,270830,300951,1,300951,3498279.455,-0.710,0.176,0.044,-0.680,3077,0,0,3100,0,1673,0,1425,50,1.090,1,2295,0,255.050,13.860,-134.375,-128.875,174.313,-0.242,-0.688,0.492,-12.109,-6.742,-3.645,0.332,0.352,0.942,1.303,2,NULL,NULL,,3,1,2,7,255,1155,250,0,0
stim,270851,300972,1,300972,3498284.453,-0.716,0.170,0.040,-0.676,3087,0,0,3117,0,1804,0,1467,50,1.090,1,2295,0,216.933,7.637,-67.688,-131.063,159.063,-0.695,-0.320,0.516,-7.617,0.547,-3.645,0.342,0.300,0.942,1.303,2,NULL,NULL,,3,1,2,7,255,1155,250,0,0
stim,270851,300972,1,300972,3498289.455,-0.719,0.166,0.036,-0.674,3091,0,0,3131,0,1896,0,1524,50,1.090,1,2295,0,164.511,6.143,-19.813,-135.063,91.813,-0.762,0.164,1.051,-4.469,4.215,-3.586,0.358,0.250,0.942,1.303,2,NULL,NULL,,3,1,2,7,255,1155,250,0,0
stim,270851,300972,1,300972,3498294.453,-0.720,0.161,0.033,-0.674,3095,0,0,3143,0,2003,17,1589,50,1.090,1,2295,0,137.916,4.264,-38.000,-129.813,26.938,-0.453,0.457,1.438,-0.645,4.215,2.262,0.374,0.208,0.942,1.303,2,NULL,NULL,,3,1,2,7,255,1155,250,0,0
stim,270851,300972,1,300972,3498299.455,-0.721,0.155,0.031,-0.674,3095,0,0,3153,0,2084,45,1671,50,1.090,1,2295,0,144.460,2.029,-75.438,-123.000,7.000,0.016,0.484,1.340,1.957,0.535,3.410,0.388,0.180,0.942,1.303,2,NULL,NULL,,3,1,2,7,255,1155,250,0,0
stim,270875,300996,1,300996,3498304.454,-0.723,0.148,0.031,-0.674,3103,0,0,3153,0,2153,57,1734,50,1.090,1,2295,0,164.120,3.459,-115.000,-115.250,20.688,-0.039,0.078,1.277,1.957,-2.852,3.410,0.402,0.164,0.942,1.303,2,NULL,NULL,,3,1,2,7,255,1155,250,0,0
stim,270875,300996,1,300996,3498309.455,-0.725,0.141,0.031,-0.674,3107,0,0,3157,0,2245,143,1876,50,1.090,1,2295,0,165.636,3.001,-125.063,-107.563,15.000,-0.102,-0.328,0.906,-0.934,-2.852,2.398,0.410,0.158,0.942,1.303,2,NULL,NULL,,3,1,2,7,255,1155,250,0,0
stim,270903,301024,1,301024,3498314.454,-0.726,0.135,0.030,-0.674,3109,0,0,3160,148,2295,269,2004,50,1.090,1,2295,0,135.186,4.962,-87.000,-103.063,9.188,0.004,-0.348,0.898,-4.359,-2.371,-1.473,0.416,0.152,0.942,1.303,2,NULL,NULL,,3,1,2,7,255,1155,250,0,0
stim,270903,301024,1,301024,3498319.455,-0.725,0.133,0.029,-0.675,3111,0,0,3161,411,2335,267,2099,50,1.090,1,2295,0,70.483,4.962,-18.625,-62.938,-25.688,0.230,-0.129,1.496,-4.359,-2.371,-1.473,0.424,0.148,0.942,1.303,2,NULL,NULL,,3,1,2,7,255,1155,250,0,0
stim,270903,301024,1,301024,3498324.454,-0.725,0.131,0.028,-0.676,3113,0,0,3161,633,2367,297,2151,50,1.090,1,2295,0,51.771,6.296,-21.563,-40.563,-23.875,0.551,0.457,1.219,-2.691,-5.691,1.109,0.432,0.142,0.942,1.303,2,NULL,NULL,,3,1,2,7,255,1155,250,0,0
stim,270903,301024,1,301024,3498329.455,-0.725,0.130,0.027,-0.676,3114,0,0,3165,790,2393,313,2188,50,1.090,1,2295,0,35.933,7.842,-3.813,-35.438,4.563,0.461,0.871,1.391,3.551,-6.992,3.457,0.442,0.134,0.942,1.303,2,NULL,NULL,,3,1,2,7,255,1155,250,0,0
stim,270903,301024,1,301024,3498334.453,-0.725,0.127,0.029,-0.676,3113,0,0,3165,969,2411,325,2237,50,1.090,1,2295,0,66.627,7.842,-64.750,-15.438,2.875,-0.375,0.270,1.844,3.551,-6.992,3.457,0.460,0.120,0.942,1.303,2,NULL,NULL,,3,1,2,7,255,1155,250,0,0
stim,270903,301024,1,301024,3498339.455,-0.725,0.123,0.032,-0.677,3113,20,0,3167,1093,2429,315,2279,50,1.090,1,2295,0,142.364,0.511,-135.938,-11.750,-40.625,-0.293,0.109,0.902,0.398,-0.320,3.457,0.480,0.100,0.942,1.303,2,NULL,NULL,,3,1,2,7,255,1155,250,0,0
stim,270903,301024,1,301024,3498344.454,-0.724,0.120,0.035,-0.679,3112,24,0,3169,1181,2447,319,2317,50,1.090,1,2295,0,105.430,0.633,-83.000,-10.313,-64.188,-0.203,0.078,0.602,0.027,0.633,-0.488,0.498,0.086,0.942,1.303,2,NULL,NULL,,3,1,2,7,255,1155,250,0,0
stim,270903,301024,1,301024,3498349.455,-0.721,0.118,0.036,-0.682,3113,59,0,3171,1289,2462,334,2349,50,1.090,1,2295,0,89.429,0.635,-29.688,-12.000,-83.500,-0.105,-0.008,0.926,-0.051,0.633,-0.766,0.512,0.076,0.942,1.303,2,NULL,NULL,,3,1,2,7,255,1155,250,0,0
stim,270903,301024,1,301024,3498354.453,-0.719,0.116,0.036,-0.684,3095,77,0,3183,1369,2473,339,2367,50,1.090,1,2295,0,87.630,1.047,-30.938,-10.000,-81.375,0.035,0.105,1.137,0.027,-1.047,-0.766,0.520,0.070,0.942,1.303,2,NULL,NULL,,3,1,2,7,255,1155,250,0,0
stim,270903,301024,1,301024,3498359.455,-0.718,0.114,0.038,-0.686,3113,93,0,3173,1452,2489,339,2403,50,1.090,1,2295,0,82.990,2.803,-58.625,-5.313,-58.500,0.051,0.027,1.137,-0.582,-2.742,0.949,0.528,0.068,0.942,1.303,2,NULL,NULL,,3,1,2,7,255,1155,250,0,0
stim,270933,301054,1,301054,3498364.454,-0.717,0.111,0.041,-0.687,3113,108,0,3175,1560,2505,342,2423,50,1.090,1,2295,0,85.390,2.803,-75.813,-1.813,-39.250,-0.066,-0.113,0.988,-0.582,-2.742,0.949,0.534,0.062,0.942,1.303,2,NULL,NULL,,3,1,2,7,255,1155,250,0,0
stim,270933,301054,1,301054,3498369.455,-0.716,0.109,0.043,-0.688,3115,135,0,3175,1608,2519,343,2445,50,1.090,1,2295,0,75.570,2.114,-64.313,-2.125,-39.625,-0.172,-0.086,0.813,-1.449,-1.539,-0.316,0.542,0.058,0.942,1.303,2,NULL,NULL,,3,1,2,7,255,1155,250,0,0
stim,270933,301054,1,301054,3498374.454,-0.715,0.107,0.044,-0.690,3116,169,0,3177,1641,2530,343,2467,50,1.090,1,2295,0,62.459,1.472,-36.000,-4.813,-50.813,-0.160,-0.004,0.828,-1.449,-0.258,-1.578,0.552,0.054,0.942,1.303,2,NULL,NULL,,3,1,2,7,255,1155,250,0,0
stim,270933,301054,1,301054,3498379.455,-0.713,0.106,0.045,-0.692,3116,189,18,3179,1701,2535,345,2485,50,1.090,1,2295,0,57.622,0.957,-20.313,-4.313,-53.750,-0.059,-0.031,0.996,-0.922,-0.258,-1.578,0.560,0.048,0.942,1.303,2,NULL,NULL,,3,1,2,7,255,1155,250,0,0
stim,270933,301054,1,301054,3498384.454,-0.712,0.105,0.045,-0.693,3114,231,53,3181,1749,2543,350,2490,50,1.090,1,2295,0,47.309,1.782,-25.625,-3.375,-39.625,-0.004,-0.023,1.070,-0.836,-1.574,-0.176,0.568,0.042,0.942,1.303,2,NULL,NULL,,3,1,2,7,255,1155,250,0,0
stim,270933,301054,1,301054,3498389.455,-0.711,0.104,0.046,-0.693,3117,239,73,3182,1785,2548,358,2501,50,1.090,1,2295,0,40.178,1.782,-31.125,-2.188,-25.313,-0.070,0.051,1.031,-0.836,-1.574,0.207,0.574,0.036,0.942,1.303,2,NULL,NULL,,3,1,2,7,255,1155,250,0,0
stim,270971,301092,1,301092,3498394.453,-0.711,0.103,0.047,-0.694,3116,254,119,3183,1831,2551,351,2504,50,1.090,1,2295,0,35.821,1.534,-27.375,-1.375,-23.063,-0.141,0.055,1.004,-0.098,-1.531,0.207,0.584,0.030,0.942,1.303,2,NULL,NULL,,3,1,2,7,255,1155,250,0,0
stim,270971,301092,1,301092,3498399.455,-0.710,0.102,0.048,-0.695,3115,279,173,3181,1865,2553,347,2508,50,1.090,1,2295,0,33.666,0.946,-21.000,-0.250,-26.313,-0.125,-0.027,0.996,-0.098,-0.941,0.102,0.592,0.026,0.942,1.303,2,NULL,NULL,,3,1,2,7,255,1155,250,0,0
stim,270971,301092,1,301092,3498404.453,-0.710,0.101,0.048,-0.696,3116,281,235,3181,1885,2557,333,2509,50,1.090,1,2295,0,26.887,1.231,-17.688,-0.125,-20.250,-0.082,-0.094,0.980,-0.793,-0.941,-0.020,0.600,0.020,0.942,1.303,2,NULL,NULL,,3,1,2,7,255,1155,250,0,0
stim,270971,301092,1,301092,3498409.455,-0.709,0.100,0.049,-0.696,3115,277,298,3183,1909,2557,317,2515,50,1.090,1,2295,0,18.422,1.712,-16.188,-0.875,-8.750,-0.129,-0.098,0.961,-1.430,-0.941,-0.305,0.606,0.016,0.942,1.303,2,NULL,NULL,,3,1,2,7,255,1155,250,0,0
stim,271002,301123,1,301123,3498414.454,-0.709,0.100,0.049,-0.696,3111,269,312,3177,1929,2564,316,2517,50,1.090,1,2295,0,14.016,1.644,-12.625,-2.000,-5.750,-0.199,-0.059,0.961,-1.430,-0.813,-0.305,0.612,0.010,0.942,1.303,2,NULL,NULL,,3,1,2,7,255,1155,250,0,0
stim,271002,301123,1,301123,3498419.455,-0.709,0.099,0.050,-0.696,3087,265,331,3186,1951,2557,313,2519,50,1.106,1,2295,1,13.009,1.060,-6.313,-3.125,-10.938,-0.207,-0.035,0.977,-1.051,-0.141,-0.230,0.000,0.000,0.942,1.316,2,NULL,NULL,,3,1,2,7,255,1155,250,0,0
stim,271002,301123,1,301123,3498424.454,-0.709,0.099,0.050,-0.697,3109,264,371,3177,1966,2557,307,2523,50,1.106,1,2295,1,13.961,0.832,-1.688,-4.063,-13.250,-0.160,-0.035,0.984,-0.820,-0.141,-0.066,0.006,0.006,0.942,1.316,2,NULL,NULL,,3,1,2,7,255,1155,250,0,0
stim,271002,301123,0,301123,3498429.455,-0.708,0.099,0.049,-0.697,3103,259,413,3175,1991,2557,303,2527,50,1.106,1,2295,1,9.236,0.990,-1.375,-4.625,-7.875,-0.133,-0.039,0.996,-0.820,-0.555,-0.066,0.012,0.010,0.942,1.316,2,NULL,NULL,,3,0,2,7,255,1149,250,0,0
stim,271002,301123,0,301123,3498434.453,-0.708,0.098,0.049,-0.697,3102,251,432,3173,2001,2556,303,2533,50,1.106,1,2295,1,6.341,0.990,-2.625,-4.813,-3.188,-0.164,-0.020,0.996,-0.820,-0.555,-0.031,0.018,0.014,0.942,1.316,2,NULL,NULL,,3,0,2,7,255,1149,250,0,0
stim,271002,301123,0,301123,3498439.455,-0.708,0.098,0.049,-0.697,3100,253,446,3173,2011,2559,308,2543,50,1.106,1,2295,1,7.264,0.840,-1.750,-5.375,-4.563,-0.195,0.000,0.984,-0.672,-0.504,0.020,0.024,0.018,0.942,1.316,2,NULL,NULL,,3,0,2,7,255,1149,250,0,0
stim,271002,301123,0,301123,3498444.453,-0.708,0.098,0.049,-0.698,3093,263,473,3171,2025,2558,326,2535,50,1.106,1,2295,1,9.451,0.570,0.875,-6.000,-7.250,-0.180,0.000,0.977,-0.477,-0.313,0.020,0.028,0.022,0.942,1.316,2,NULL,NULL,,3,0,2,7,255,1149,250,0,0
stim,271002,301123,0,301123,3498449.455,-0.708,0.098,0.049,-0.698,3089,263,520,3160,2032,2553,343,2553,50,1.106,1,2295,1,9.843,0.570,2.375,-6.500,-7.000,-0.156,-0.016,0.973,-0.477,-0.313,-0.098,0.032,0.024,0.942,1.316,2,NULL,NULL,,3,0,2,7,255,1149,250,0,0
stim,271002,301123,0,301123,3498454.454,-0.708,0.097,0.049,-0.698,3089,262,535,3155,2046,2567,349,2551,50,1.106,1,2295,1,9.100,0.752,2.563,-6.625,-5.688,-0.160,-0.012,0.977,-0.578,-0.480,-0.141,0.036,0.028,0.942,1.316,2,NULL,NULL,,3,0,2,7,255,1149,250,0,0
stim,271002,301123,0,301123,3498459.455,-0.708,0.097,0.048,-0.698,3079,255,589,3144,2058,2553,349,2548,50,1.106,1,2295,1,10.231,0.752,3.750,-7.125,-6.313,-0.180,0.004,0.977,-0.578,-0.480,-0.141,0.040,0.030,0.942,1.316,2,NULL,NULL,,3,0,2,7,255,1149,250,0,0
stim,271039,301160,0,301160,3498464.454,-0.707,0.097,0.048,-0.699,3062,262,613,3144,2065,2551,357,2555,50,1.106,1,2295,1,12.523,0.521,5.625,-7.625,-8.188,-0.195,0.031,0.992,-0.426,-0.301,-0.090,0.042,0.032,0.942,1.316,2,NULL,NULL,,3,0,2,7,255,1149,250,0,0
stim,271039,301160,0,301160,3498469.455,-0.707,0.097,0.048,-0.699,3052,261,621,3129,2073,2552,363,2553,50,1.106,1,2295,1,14.823,0.343,5.438,-8.063,-11.188,-0.184,0.055,1.008,-0.164,-0.301,0.090,0.044,0.034,0.942,1.316,2,NULL,NULL,,3,0,2,7,255,1149,250,0,0
stim,271039,301160,0,301160,3498474.454,-0.707,0.097,0.047,-0.699,3045,260,647,3109,2086,2553,363,2559,50,1.106,1,2295,1,14.933,0.309,4.000,-7.938,-12.000,-0.152,0.063,1.012,0.051,-0.305,0.223,0.046,0.034,0.942,1.316,2,NULL,NULL,,3,0,2,7,255,1149,250,0,0
stim,271039,301160,0,301160,3498479.455,-0.706,0.096,0.047,-0.700,3035,255,675,3111,2095,2543,373,2581,50,1.106,1,2295,1,12.545,0.604,1.938,-8.250,-9.250,-0.148,0.051,1.000,0.051,-0.602,0.223,0.048,0.034,0.942,1.316,2,NULL,NULL,,3,0,2,7,255,1149,250,0,0
stim,271039,301160,0,301160,3498484.454,-0.706,0.096,0.046,-0.700,3035,262,709,3090,2123,2548,391,2577,50,1.106,1,2295,1,11.955,0.602,1.125,-8.813,-8.000,-0.176,0.051,0.984,0.020,-0.602,0.105,0.048,0.034,0.942,1.316,2,NULL,NULL,,3,0,2,7,255,1149,250,0,0
stim,271039,301160,0,301160,3498489.455,-0.706,0.096,0.046,-0.700,3017,265,744,3066,2133,2551,403,2587,50,1.106,1,2295,1,13.986,0.321,2.813,-9.625,-9.750,-0.191,0.070,0.980,0.020,-0.320,0.000,0.048,0.032,0.942,1.316,2,NULL,NULL,,3,0,2,7,255,1149,250,0,0
stim,271061,301182,0,301182,3498494.454,-0.706,0.096,0.046,-0.701,2995,265,757,3055,2156,2541,421,2587,50,1.106,1,2295,1,16.670,0.275,5.250,-11.125,-11.250,-0.191,0.117,1.004,0.215,-0.172,0.000,0.050,0.032,0.942,1.316,2,NULL,NULL,,3,0,2,7,255,1149,250,0,0
stim,271061,301182,0,301182,3498499.455,-0.705,0.096,0.045,-0.701,2988,266,780,3048,2185,2548,473,2603,50,1.106,1,2295,1,18.410,0.660,4.625,-12.188,-13.000,-0.176,0.188,1.047,0.637,-0.172,0.258,0.052,0.030,0.942,1.316,2,NULL,NULL,,3,0,2,7,255,1149,250,0,0
stim,271061,301182,0,301182,3498504.453,-0.705,0.095,0.044,-0.702,2972,263,825,3033,2222,2544,509,2611,50,1.106,1,2295,1,17.646,1.364,0.313,-12.063,-12.875,-0.137,0.211,1.070,1.301,-0.410,0.637,0.052,0.028,0.942,1.316,2,NULL,NULL,,3,0,2,7,255,1149,250,0,0
stim,271061,301182,0,301182,3498509.455,-0.705,0.095,0.044,-0.702,2925,269,893,3033,2248,2541,540,2621,50,1.106,1,2295,1,16.657,1.523,-5.938,-10.688,-11.313,-0.121,0.172,1.051,1.301,-0.793,0.637,0.052,0.024,0.942,1.316,2,NULL,NULL,,3,0,2,7,255,1149,250,0,0
stim,271107,301228,0,301228,3498514.453,-0.704,0.094,0.044,-0.702,2935,275,955,3006,2270,2543,555,2635,50,1.106,1,2295,1,16.693,1.408,-8.938,-9.875,-10.063,-0.129,0.125,1.008,1.164,-0.793,0.578,0.052,0.020,0.942,1.316,2,NULL,NULL,,3,0,2,7,255,1149,250,0,0
stim,271107,301228,0,301228,3498519.455,-0.704,0.094,0.044,-0.703,2919,275,1000,2998,2297,2547,584,2643,50,1.106,1,2295,1,16.285,1.025,-8.063,-9.688,-10.313,-0.145,0.082,0.984,0.715,-0.734,0.180,0.052,0.016,0.942,1.316,2,NULL,NULL,,3,0,2,7,255,1149,250,0,0
stim,271107,301228,0,301228,3498524.455,-0.704,0.093,0.044,-0.703,2901,281,1095,2988,2316,2547,652,2645,50,1.106,1,2295,1,15.675,0.651,-6.250,-9.750,-10.563,-0.145,0.070,0.984,0.328,-0.563,-0.047,0.052,0.012,0.942,1.316,2,NULL,NULL,,3,0,2,7,255,1149,250,0,0
stim,271107,301228,0,301228,3498529.455,-0.704,0.093,0.044,-0.703,2878,287,1163,2981,2344,2545,749,2654,50,1.106,1,2295,1,15.491,0.628,-4.688,-9.563,-11.250,-0.148,0.090,0.988,0.328,-0.535,-0.047,0.052,0.012,0.942,1.316,2,NULL,NULL,,3,0,2,7,255,1149,250,0,0
stim,271107,301228,0,301228,3498534.453,-0.703,0.092,0.043,-0.704,2867,287,1229,2956,2373,2540,821,2667,50,1.106,1,2295,1,16.805,0.650,-3.750,-9.188,-13.563,-0.152,0.102,1.000,0.406,-0.508,-0.023,0.052,0.012,0.942,1.316,2,NULL,NULL,,3,0,2,7,255,1149,250,0,0
stim,271107,301228,0,301228,3498539.455,-0.703,0.092,0.043,-0.704,2849,309,1301,2944,2397,2543,903,2673,50,1.106,1,2295,1,18.667,0.650,-7.125,-8.188,-15.188,-0.145,0.074,1.000,0.406,-0.508,0.113,0.054,0.014,0.942,1.316,2,NULL,NULL,,3,0,2,7,255,1149,250,0,0
stim,271107,301228,0,301228,3498544.453,-0.702,0.091,0.043,-0.705,2825,331,1363,2937,2426,2542,1005,2669,50,1.106,1,2295,1,19.354,0.555,-9.250,-8.875,-14.500,-0.156,0.035,0.984,0.277,-0.480,0.113,0.054,0.014,0.942,1.316,2,NULL,NULL,,3,0,2,7,255,1149,250,0,0
stim,271107,301228,0,301228,3498549.455,-0.702,0.090,0.043,-0.705,2797,349,1471,2917,2443,2537,1093,2681,50,1.106,1,2295,1,20.561,0.408,-7.125,-9.563,-16.750,-0.199,-0.004,0.973,-0.090,-0.398,-0.039,0.058,0.014,0.942,1.316,2,NULL,NULL,,3,0,2,7,255,1149,250,0,0
stim,271108,301229,0,301229,3498554.454,-0.701,0.090,0.043,-0.706,2777,344,1570,2915,2468,2539,1179,2695,50,1.106,1,2295,1,25.175,0.204,-8.625,-9.438,-21.688,-0.207,0.023,0.973,-0.199,0.043,-0.059,0.060,0.016,0.942,1.316,2,NULL,NULL,,3,0,2,7,255,1149,250,0,0
stim,271108,301229,0,301229,3498559.455,-0.701,0.089,0.043,-0.707,2749,379,1656,2899,2501,2539,1275,2705,50,1.106,1,2295,1,28.605,0.204,-8.313,-11.000,-25.063,-0.188,0.078,0.988,-0.199,0.043,-0.059,0.062,0.016,0.942,1.316,2,NULL,NULL,,3,0,2,7,255,1149,250,0,0
stim,271129,301250,0,301250,3498564.454,-0.700,0.089,0.043,-0.708,2725,401,1737,2874,2520,2549,1373,2719,50,1.106,1,2295,1,35.955,0.203,-7.000,-10.438,-33.688,-0.191,0.020,0.996,-0.199,-0.039,0.066,0.064,0.016,0.942,1.316,2,NULL,NULL,,3,0,2,7,255,1149,250,0,0
stim,271129,301250,0,301250,3498569.455,-0.699,0.088,0.043,-0.709,2710,403,1817,2867,2539,2537,1447,2720,50,1.106,1,2295,1,36.857,0.236,-14.188,-11.188,-32.125,-0.125,-0.008,1.000,-0.223,-0.078,0.066,0.066,0.016,0.942,1.316,2,NULL,NULL,,3,0,2,7,255,1149,250,0,0
stim,271129,301250,0,301250,3498574.454,-0.698,0.087,0.044,-0.710,2666,429,1881,2857,2579,2547,1524,2732,50,1.106,1,2295,1,34.231,0.576,-16.188,-12.250,-27.563,-0.152,-0.035,0.973,-0.477,-0.324,0.051,0.068,0.018,0.942,1.316,2,NULL,NULL,,3,0,2,7,255,1149,250,0,0
stim,271129,301250,0,301250,3498579.455,-0.697,0.086,0.044,-0.711,2641,448,1951,2837,2599,2547,1589,2739,50,1.106,1,2295,1,37.349,0.781,-15.438,-11.688,-31.938,-0.156,-0.055,0.957,-0.711,-0.324,-0.188,0.070,0.018,0.942,1.316,2,NULL,NULL,,3,0,2,7,255,1149,250,0,0
stim,271151,301272,0,301272,3498584.453,-0.696,0.085,0.044,-0.711,2587,461,2028,2815,2612,2540,1689,2745,50,1.106,1,2295,1,35.089,0.778,-14.250,-13.813,-28.938,-0.148,-0.031,0.957,-0.711,-0.316,-0.320,0.072,0.020,0.942,1.316,2,NULL,NULL,,3,0,2,7,255,1149,250,0,0
stim,271151,301272,0,301272,3498589.455,-0.695,0.084,0.044,-0.712,2552,485,2120,2807,2641,2541,1772,2765,50,1.106,1,2295,1,36.727,0.718,-12.063,-13.688,-31.875,-0.145,-0.020,0.977,-0.645,-0.316,-0.320,0.074,0.022,0.942,1.316,2,NULL,NULL,,3,0,2,7,255,1149,250,0,0
stim,271151,301272,0,301272,3498594.454,-0.695,0.083,0.044,-0.713,2509,505,2195,2789,2661,2551,1824,2772,50,1.106,1,2295,1,35.643,0.648,-11.250,-15.125,-30.250,-0.133,0.004,1.000,-0.520,-0.387,-0.160,0.076,0.024,0.942,1.316,2,NULL,NULL,,3,0,2,7,255,1149,250,0,0
stim,271151,301272,0,301272,3498599.455,-0.694,0.082,0.044,-0.714,2456,531,2253,2767,2671,2547,1895,2803,50,1.106,1,2295,1,36.345,0.594,-15.500,-14.250,-29.625,-0.113,0.004,1.004,-0.281,-0.523,0.078,0.078,0.024,0.942,1.316,2,NULL,NULL,,3,0,2,7,255,1149,250,0,0
stim,271173,301294,0,301294,3498604.453,-0.693,0.080,0.044,-0.715,2415,547,2325,2734,2707,2551,1965,2805,50,1.106,1,2295,1,34.063,0.587,-15.125,-16.188,-25.875,-0.152,0.016,1.016,-0.266,-0.523,0.082,0.080,0.024,0.942,1.316,2,NULL,NULL,,3,0,2,7,255,1149,250,0,0
stim,271173,301294,0,301294,3498609.455,-0.692,0.079,0.045,-0.716,2367,559,2377,2715,2717,2554,2039,2806,50,1.106,1,2295,1,39.707,0.390,-23.313,-15.563,-28.125,-0.172,0.027,1.035,-0.141,-0.363,0.242,0.084,0.024,0.942,1.316,2,NULL,NULL,,3,0,2,7,255,1149,250,0,0
stim,271205,301326,0,301326,3498614.453,-0.691,0.078,0.045,-0.717,2293,573,2420,2680,2734,2553,2093,2809,50,1.106,1,2295,1,44.715,0.200,-25.375,-17.063,-32.625,-0.191,0.039,1.051,0.016,-0.199,0.484,0.086,0.024,0.942,1.316,2,NULL,NULL,,3,0,2,7,255,1149,250,0,0
stim,271205,301326,0,301326,3498619.455,-0.690,0.076,0.046,-0.718,2215,587,2479,2657,2761,2565,2140,2837,50,1.106,1,2295,1,54.349,0.200,-34.813,-15.813,-38.625,-0.152,-0.004,1.012,0.016,-0.199,0.484,0.090,0.026,0.942,1.316,2,NULL,NULL,,3,0,2,7,255,1149,250,0,0
stim,271205,301326,0,301326,3498624.454,-0.689,0.074,0.046,-0.719,2163,595,2531,2617,2765,2555,2201,2839,50,1.106,1,2295,1,53.248,0.364,-31.938,-18.250,-38.500,-0.129,-0.020,0.988,-0.211,-0.297,0.223,0.092,0.026,0.942,1.316,2,NULL,NULL,,3,0,2,7,255,1149,250,0,0
stim,271205,301326,0,301326,3498629.455,-0.688,0.073,0.047,-0.720,2098,601,2569,2583,2793,2569,2240,2841,50,1.106,1,2295,1,51.467,0.571,-32.188,-16.750,-36.500,-0.105,-0.047,0.949,-0.332,-0.465,-0.066,0.096,0.028,0.942,1.316,2,NULL,NULL,,3,0,2,7,255,1149,250,0,0
stim,271205,301326,0,301326,3498634.453,-0.687,0.071,0.047,-0.721,2011,601,2600,2539,2807,2557,2309,2857,50,1.106,1,2295,1,42.894,0.829,-23.188,-19.188,-30.563,-0.109,-0.063,0.961,-0.605,-0.566,-0.363,0.098,0.028,0.942,1.316,2,NULL,NULL,,3,0,2,7,255,1149,250,0,0
stim,271205,301326,0,301326,3498639.455,-0.687,0.070,0.047,-0.722,1933,601,2635,2487,2823,2573,2339,2863,50,1.106,1,2295,1,42.029,0.900,-26.563,-18.938,-26.500,-0.137,-0.078,1.020,-0.699,-0.566,-0.363,0.100,0.030,0.942,1.316,2,NULL,NULL,,3,0,2,7,255,1149,250,0,0
stim,271205,301326,0,301326,3498644.453,-0.686,0.068,0.048,-0.723,1835,591,2671,2425,2844,2557,2391,2875,50,1.106,1,2295,1,44.532,0.895,-29.125,-20.313,-26.875,-0.156,-0.078,1.023,-0.809,-0.383,0.258,0.102,0.032,0.942,1.316,2,NULL,NULL,,3,0,2,7,255,1149,250,0,0
stim,271205,301326,0,301326,3498649.455,-0.685,0.066,0.048,-0.724,1713,573,2697,2363,2861,2557,2431,2885,50,1.106,1,2295,1,48.036,0.829,-33.125,-20.813,-27.875,-0.152,-0.055,1.000,-0.809,-0.184,0.258,0.106,0.034,0.942,1.316,2,NULL,NULL,,3,0,2,7,255,1149,250,0,0
stim,271205,301326,0,301326,3498654.454,-0.685,0.064,0.049,-0.724,1594,553,2725,2284,2863,2555,2462,2889,50,1.106,1,2295,1,48.745,0.548,-31.188,-22.438,-30.000,-0.152,-0.031,0.988,-0.520,-0.176,0.113,0.108,0.034,0.942,1.316,2,NULL,NULL,,3,0,2,7,255,1149,250,0,0
stim,271205,301326,0,301326,3498659.455,-0.684,0.063,0.049,-0.725,1405,534,2759,2199,2889,2568,2495,2899,50,1.106,1,2295,1,46.424,0.332,-27.500,-22.750,-29.688,-0.109,-0.012,0.973,-0.281,-0.176,0.004,0.110,0.036,0.942,1.316,2,NULL,NULL,,3,0,2,7,255,1149,250,0,0
stim,271233,301354,0,301354,3498664.454,-0.683,0.061,0.049,-0.726,1287,500,2779,2104,2894,2551,2537,2917,50,1.106,1,2295,1,41.457,0.503,-21.938,-23.625,-26.063,-0.109,-0.012,0.980,-0.059,-0.500,-0.152,0.112,0.036,0.942,1.316,2,NULL,NULL,,3,0,2,7,255,1149,250,0,0
stim,271233,301354,0,301354,3498669.455,-0.683,0.060,0.049,-0.727,1143,462,2811,1975,2904,2553,2577,2919,50,1.106,1,2295,1,36.958,0.511,-17.938,-24.875,-20.625,-0.113,0.000,1.012,-0.055,-0.508,-0.152,0.116,0.038,0.942,1.316,2,NULL,NULL,,3,0,2,7,255,1149,250,0,0
stim,271233,301354,0,301354,3498674.454,-0.682,0.059,0.048,-0.727,975,408,2827,1837,2917,2547,2605,2919,50,1.106,1,2295,1,33.970,0.506,-15.375,-24.813,-17.375,-0.156,-0.004,1.016,0.078,-0.500,0.168,0.118,0.040,0.942,1.316,2,NULL,NULL,,3,0,2,7,255,1149,250,0,0
stim,271233,301354,0,301354,3498679.455,-0.681,0.057,0.048,-0.728,805,355,2853,1679,2932,2539,2643,2939,50,1.106,1,2295,1,40.348,0.114,-12.750,-26.500,-27.625,-0.223,0.098,1.027,0.086,-0.074,0.246,0.118,0.042,0.942,1.316,2,NULL,NULL,,3,0,2,7,255,1149,250,0,0
stim,271233,301354,0,301354,3498684.454,-0.680,0.056,0.048,-0.729,601,314,2863,1471,2939,2537,2660,2948,50,1.106,1,2295,1,51.192,0.108,-13.313,-28.250,-40.563,-0.113,-0.055,1.074,0.078,-0.074,0.461,0.120,0.044,0.942,1.316,2,NULL,NULL,,3,0,2,7,255,1149,250,0,0
stim,271233,301354,0,301354,3498689.455,-0.680,0.054,0.047,-0.730,423,280,2872,1325,2955,2523,2676,2952,50,1.106,1,2295,1,44.056,0.619,-22.250,-30.375,-22.875,-0.012,-0.246,1.082,-0.391,-0.480,0.758,0.120,0.046,0.942,1.316,2,NULL,NULL,,3,0,2,7,255,1149,250,0,0
stim,271263,301385,0,301385,3498694.454,-0.680,0.052,0.047,-0.730,298,209,2900,1111,2967,2519,2707,2951,50,1.106,1,2295,1,36.963,0.653,-19.438,-30.813,-6.250,-0.098,-0.047,1.020,-0.391,-0.523,0.758,0.122,0.046,0.942,1.316,2,NULL,NULL,,3,0,2,7,255,1149,250,0,0
stim,271263,301385,0,301385,3498699.455,-0.680,0.051,0.046,-0.730,187,163,2905,927,2984,2508,2725,2965,50,1.106,1,2295,1,35.940,0.600,-11.063,-33.938,-4.188,-0.211,0.160,1.055,-0.293,-0.523,0.672,0.124,0.048,0.942,1.316,2,NULL,NULL,,3,0,2,7,255,1149,250,0,0
stim,271263,301385,0,301385,3498704.453,-0.679,0.050,0.046,-0.731,91,121,2911,680,2985,2485,2747,2957,50,1.106,1,2295,1,45.033,1.506,-12.875,-36.938,-22.313,-0.195,0.125,1.109,1.484,0.254,0.672,0.126,0.048,0.942,1.316,2,NULL,NULL,,3,0,2,7,255,1149,250,0,0
stim,271263,301385,0,301385,3498709.455,-0.678,0.048,0.045,-0.732,33,69,2922,505,2991,2460,2785,2979,50,1.106,1,2295,1,48.402,1.506,-8.625,-40.500,-25.063,-0.098,0.016,1.105,1.484,0.254,1.039,0.126,0.048,0.942,1.316,2,NULL,NULL,,3,0,2,7,255,1149,250,0,0
stim,271301,301422,0,301422,3498714.453,-0.678,0.046,0.044,-0.732,7,48,2939,325,3001,2431,2795,2973,50,1.106,1,2295,1,47.417,0.691,-8.938,-43.000,-17.875,-0.066,-0.004,1.074,0.367,-0.586,1.039,0.128,0.048,0.942,1.316,2,NULL,NULL,,3,0,2,7,255,1149,250,0,0
stim,271301,301422,0,301422,3498719.455,-0.677,0.045,0.042,-0.733,0,29,2935,167,3013,2407,2811,2983,50,1.106,1,2295,1,50.671,0.691,-0.188,-46.000,-21.250,-0.137,0.070,1.055,0.367,-0.586,0.711,0.126,0.048,0.942,1.316,2,NULL,NULL,,3,0,2,7,255,1149,250,0,0
stim,271301,301422,0,301422,3498724.454,-0.677,0.044,0.040,-0.734,0,9,2949,121,3031,2368,2840,2989,50,1.106,1,2295,1,56.997,0.954,13.375,-52.000,-19.125,-0.203,0.086,1.137,0.949,-0.098,0.711,0.126,0.054,0.942,1.316,2,NULL,NULL,,3,0,2,7,255,1149,250,0,0
stim,271301,301422,0,301422,3498729.455,-0.677,0.043,0.038,-0.734,0,0,2964,89,3035,2351,2852,2988,50,1.106,1,2295,1,67.712,1.077,29.000,-60.313,-10.313,-0.383,-0.008,1.371,0.949,0.508,1.453,0.122,0.060,0.942,1.316,2,NULL,NULL,,3,0,2,7,255,1149,250,0,0
stim,271301,301422,0,301422,3498734.453,-0.677,0.042,0.034,-0.734,0,0,2968,73,3048,2318,2869,2991,50,1.106,1,2295,0,87.434,2.120,49.813,-71.375,-8.313,-0.488,-0.078,1.723,0.379,2.086,3.961,0.116,0.068,0.942,1.316,3,NULL,NULL,,3,0,2,7,255,1149,250,0,0
stim,271301,301422,0,301422,3498739.455,-0.677,0.040,0.032,-0.735,0,0,2965,28,3045,2279,2887,2990,50,1.106,1,2295,0,79.418,2.120,-0.250,-79.125,-6.813,-0.238,0.113,1.766,0.379,2.086,7.500,0.110,0.074,0.942,1.316,3,NULL,NULL,,3,0,2,7,255,1149,250,0,0
stim,271301,301422,0,301422,3498744.453,-0.676,0.035,0.032,-0.735,0,0,2969,4,3055,2227,2905,2995,50,1.106,1,2295,0,110.867,0.740,-81.250,-73.563,-16.688,-0.051,0.039,1.305,0.629,0.391,7.500,0.104,0.078,0.942,1.316,3,NULL,NULL,,3,0,2,7,255,1149,250,0,0
stim,271301,301422,0,301422,3498749.455,-0.677,0.030,0.032,-0.735,0,0,2973,0,3055,2153,2915,2987,50,1.106,1,2295,0,108.116,0.649,-70.688,-80.125,16.500,-0.109,-0.043,0.973,0.629,0.160,2.953,0.098,0.084,0.942,1.316,3,NULL,NULL,,3,0,2,7,255,1149,250,0,0
stim,271301,301422,0,301422,3498754.454,-0.678,0.027,0.030,-0.734,0,0,2973,0,3064,2083,2925,2987,50,1.106,1,2295,0,96.806,0.163,-23.875,-87.750,33.188,-0.250,-0.043,0.938,-0.031,0.160,-0.219,0.094,0.090,0.942,1.316,3,NULL,NULL,,3,0,2,7,255,1149,250,0,0
stim,271301,301422,0,301422,3498759.455,-0.679,0.024,0.028,-0.733,0,0,2973,0,3068,1968,2936,2985,50,1.106,1,2295,0,94.670,1.627,-1.813,-93.125,16.938,-0.305,-0.105,1.074,-0.141,1.621,-0.219,0.088,0.098,0.942,1.316,3,NULL,NULL,,3,0,2,7,255,1149,250,0,0
stim,271333,301454,0,301454,3498764.454,-0.679,0.021,0.025,-0.733,0,0,2969,0,3077,1863,2941,2983,50,1.106,1,2295,0,98.133,2.044,2.125,-98.063,3.063,-0.273,-0.195,1.180,-0.551,1.969,0.941,0.084,0.106,0.942,1.316,3,NULL,NULL,,3,0,2,7,255,1149,250,0,0
stim,271333,301454,0,301454,3498769.455,-0.680,0.017,0.022,-0.733,0,0,2967,0,3082,1755,2955,2983,50,1.106,1,2295,0,102.467,2.419,-5.375,-102.250,3.938,-0.242,-0.238,1.250,-1.406,1.969,1.969,0.078,0.114,0.942,1.316,3,NULL,NULL,,3,0,2,7,255,1149,250,0,0
stim,271333,301454,0,301454,3498774.454,-0.680,0.014,0.020,-0.733,0,0,2959,0,3087,1614,2964,2979,50,1.106,1,2295,0,106.901,2.497,-13.563,-106.000,2.813,-0.223,-0.270,1.117,-1.781,1.750,1.969,0.074,0.124,0.942,1.316,3,NULL,NULL,,3,0,2,7,255,1149,250,0,0
stim,271333,301454,0,301454,3498779.455,-0.680,0.010,0.017,-0.733,0,0,2949,0,3087,1445,2973,2973,50,1.106,1,2295,0,110.603,2.713,-8.500,-110.250,2.375,-0.203,-0.262,1.020,-2.090,1.730,1.344,0.072,0.132,0.942,1.316,3,NULL,NULL,,3,0,2,7,255,1149,250,0,0
stim,271355,301476,0,301476,3498784.453,-0.681,0.006,0.014,-0.733,0,0,2933,0,3089,1255,2981,2969,50,1.106,1,2295,0,115.381,2.689,6.438,-115.188,1.750,-0.180,-0.195,1.063,-2.090,1.691,0.719,0.068,0.140,0.942,1.316,3,NULL,NULL,,3,0,2,7,255,1149,250,0,0
stim,271355,301476,0,301476,3498789.455,-0.681,0.003,0.010,-0.732,0,0,2919,0,3093,1055,2988,2963,50,1.106,1,2295,0,120.447,2.088,12.875,-119.688,4.063,-0.160,-0.145,1.156,-1.461,1.492,0.719,0.066,0.150,0.942,1.316,3,NULL,NULL,,3,0,2,7,255,1149,250,0,0
stim,271355,301476,0,301476,3498794.454,-0.681,-0.001,0.006,-0.732,0,0,2903,0,3095,808,2996,2957,50,1.106,1,2295,0,126.031,1.760,12.750,-125.250,5.813,-0.191,-0.098,1.207,-0.934,1.492,1.605,0.062,0.160,0.942,1.316,3,NULL,NULL,,3,0,2,7,255,1149,250,0,0
stim,271355,301476,0,301476,3498799.455,-0.682,-0.004,0.002,-0.732,0,0,2884,0,3096,627,3001,2941,50,1.106,1,2295,0,130.431,1.665,9.625,-130.000,4.438,-0.168,-0.055,1.207,-0.426,1.609,2.043,0.060,0.172,0.942,1.316,3,NULL,NULL,,3,0,2,7,255,1149,250,0,0
stim,271355,301476,0,301476,3498804.453,-0.682,-0.008,-0.003,-0.732,0,0,2855,0,3098,478,3004,2931,50,1.106,1,2295,0,139.561,1.735,17.813,-138.375,3.500,-0.168,-0.012,1.203,-0.047,1.734,2.043,0.060,0.182,0.942,1.316,3,NULL,NULL,,3,0,2,7,255,1149,250,0,0
stim,271355,301476,0,301476,3498809.455,-0.682,-0.012,-0.008,-0.731,0,0,2825,0,3096,281,3014,2919,50,1.106,1,2295,0,147.933,1.655,21.313,-145.938,11.500,-0.105,0.098,1.309,0.387,1.609,2.043,0.060,0.194,0.942,1.316,3,NULL,NULL,,3,0,2,7,255,1149,250,0,0
stim,271400,301521,0,301521,3498814.453,-0.683,-0.016,-0.013,-0.730,0,0,2779,0,3099,111,3017,2901,50,1.106,1,2295,0,153.091,2.235,18.000,-151.688,10.188,-0.160,0.195,1.301,1.410,1.734,2.785,0.060,0.206,0.942,1.316,3,NULL,NULL,,3,0,2,7,255,1149,250,0,0
stim,271400,301521,0,301521,3498819.455,-0.683,-0.020,-0.018,-0.730,0,0,2735,0,3099,56,3021,2875,50,1.106,1,2295,0,158.000,2.998,14.563,-157.313,2.188,-0.137,0.219,1.316,2.402,1.793,2.914,0.060,0.214,0.942,1.316,3,NULL,NULL,,3,0,2,7,255,1149,250,0,0
stim,271400,301521,0,301521,3498824.454,-0.683,-0.025,-0.023,-0.730,0,0,2693,0,3095,9,3021,2845,50,1.106,1,2295,0,165.423,3.033,17.250,-164.500,-2.625,-0.172,0.188,1.348,2.402,1.852,2.914,0.058,0.224,0.942,1.316,3,NULL,NULL,,3,0,2,7,255,1149,250,0,0
stim,271400,301521,0,301521,3498829.455,-0.682,-0.029,-0.029,-0.730,0,0,2623,0,3092,0,3026,2813,50,1.106,1,2295,0,173.718,3.295,27.125,-171.250,-10.750,-0.203,0.180,1.430,2.332,2.328,3.176,0.052,0.234,0.942,1.316,3,NULL,NULL,,3,0,2,7,255,1149,250,0,0
stim,271400,301521,0,301521,3498834.454,-0.682,-0.034,-0.035,-0.730,0,0,2543,0,3087,0,3025,2773,50,1.106,1,2295,0,181.668,3.669,15.125,-180.750,-10.188,-0.160,0.246,1.637,2.332,2.832,3.941,0.050,0.244,0.942,1.316,3,NULL,NULL,,3,0,2,7,255,1149,250,0,0
stim,271400,301521,0,301521,3498839.455,-0.682,-0.040,-0.041,-0.729,0,0,2487,0,3087,0,3020,2730,50,1.106,1,2295,0,188.615,4.149,0.063,-188.563,-4.438,-0.211,0.262,1.844,2.953,2.914,5.934,0.050,0.258,0.942,1.316,3,NULL,NULL,,3,0,2,7,255,1149,250,0,0
stim,271430,301551,0,301551,3498844.453,-0.682,-0.047,-0.046,-0.728,0,0,2386,0,3066,0,3019,2678,50,1.106,1,2295,0,203.386,5.004,-8.938,-202.813,12.375,-0.313,0.289,2.063,3.223,3.828,7.820,0.054,0.274,0.942,1.316,3,NULL,NULL,,3,0,2,7,255,1149,250,0,0
stim,271430,301551,0,301551,3498849.455,-0.683,-0.055,-0.052,-0.727,0,0,2297,0,3053,0,3016,2613,50,1.106,1,2295,0,223.965,6.482,-28.188,-220.250,29.250,-0.391,0.402,2.223,3.652,5.355,9.754,0.068,0.298,0.942,1.316,3,NULL,NULL,,3,0,2,7,255,1149,250,0,0
stim,271430,301551,0,301551,3498854.453,-0.683,-0.064,-0.057,-0.725,0,0,2175,0,3043,11,3001,2549,50,1.106,1,2295,0,251.068,8.295,-57.125,-241.063,40.750,-0.516,0.496,2.203,4.945,6.660,10.414,0.090,0.326,0.942,1.316,3,NULL,NULL,,3,0,2,7,255,1149,250,0,0
stim,271430,301551,0,301551,3498859.455,-0.684,-0.075,-0.062,-0.723,0,0,2034,0,3027,57,2987,2459,50,1.106,1,2295,0,278.962,10.213,-88.375,-261.750,38.688,-0.508,0.605,2.121,6.047,8.230,10.414,0.120,0.360,0.942,1.316,3,NULL,NULL,,3,0,2,7,255,1149,250,0,0
stim,271430,301551,0,301551,3498864.454,-0.684,-0.087,-0.067,-0.721,0,0,1915,0,3005,73,2968,2342,50,1.106,1,2295,0,300.517,10.945,-105.063,-280.063,28.938,-0.449,0.605,2.012,7.215,8.230,9.355,0.156,0.398,0.942,1.316,3,NULL,NULL,,3,0,2,7,255,1149,250,0,0
stim,271430,301551,0,301551,3498869.455,-0.684,-0.099,-0.073,-0.719,0,0,1805,0,2985,83,2939,2238,50,1.106,1,2295,0,318.308,10.948,-100.188,-300.438,31.938,-0.402,0.559,2.059,7.215,8.234,8.430,0.194,0.440,0.942,1.316,3,NULL,NULL,,3,0,2,7,255,1149,250,0,0
stim,271430,301551,0,301551,3498874.454,-0.684,-0.113,-0.078,-0.717,0,0,1705,0,2955,91,2909,2101,50,1.106,1,2295,0,337.113,11.031,-106.375,-317.625,38.000,-0.496,0.586,2.203,7.340,8.234,8.430,0.238,0.486,0.942,1.316,3,NULL,NULL,,3,0,2,7,255,1149,250,0,0
stim,271430,301551,0,301551,3498879.455,-0.684,-0.127,-0.085,-0.714,0,0,1607,0,2919,89,2866,1963,50,1.106,1,2295,0,358.446,12.568,-117.250,-336.875,35.375,-0.629,0.727,2.375,7.648,9.973,9.223,0.286,0.534,0.942,1.316,3,NULL,NULL,,3,0,2,7,255,1149,250,0,0
stim,271451,301572,0,301572,3498884.453,-0.682,-0.142,-0.091,-0.711,0,0,1507,0,2874,81,2808,1845,50,1.106,1,2295,0,375.215,15.405,-125.563,-353.250,15.313,-0.688,0.816,2.535,9.438,12.176,9.934,0.340,0.592,0.942,1.316,3,NULL,NULL,,3,0,2,7,255,1149,250,0,0
stim,271451,301572,0,301572,3498889.455,-0.680,-0.157,-0.098,-0.709,0,0,1419,0,2821,69,2734,1708,50,1.106,1,2295,0,397.583,16.680,-136.438,-373.438,-1.250,-0.688,0.629,2.633,9.438,13.754,10.633,0.404,0.656,0.942,1.316,3,NULL,NULL,,3,0,2,7,255,1149,250,0,0
stim,271451,301572,0,301572,3498894.453,-0.678,-0.174,-0.105,-0.707,0,0,1323,0,2757,63,2623,1577,50,1.106,1,2295,0,422.144,17.543,-152.750,-393.500,5.563,-0.770,0.438,2.629,9.332,14.855,10.633,0.474,0.728,0.942,1.316,3,NULL,NULL,,3,0,2,7,255,1149,250,0,0
stim,271451,301572,0,301572,3498899.455,-0.675,-0.192,-0.111,-0.704,0,0,1151,0,2666,43,2488,1449,50,1.106,1,2295,0,441.866,18.774,-168.438,-408.500,-1.563,-0.863,0.547,2.547,9.113,16.414,10.344,0.552,0.808,0.942,1.316,3,NULL,NULL,,3,0,2,7,255,1149,250,0,0
stim,271483,301604,0,301604,3498904.454,-0.671,-0.209,-0.119,-0.701,0,0,1002,0,2557,3,2319,1290,50,1.106,1,2295,0,452.574,19.485,-169.875,-418.313,-31.313,-0.777,0.539,2.512,9.113,17.223,8.375,0.636,0.896,0.942,1.316,3,NULL,NULL,,3,0,2,7,255,1149,250,0,0
stim,271483,301604,0,301604,3498909.455,-0.666,-0.227,-0.126,-0.699,0,0,841,0,2424,0,2056,1109,50,1.106,1,2295,0,461.289,19.485,-164.250,-428.875,-43.313,-0.559,0.230,2.531,9.113,17.223,8.375,0.726,0.988,0.942,1.316,3,NULL,NULL,,3,0,2,7,255,1149,250,0,0
stim,271504,301625,0,301625,3498914.454,-0.662,-0.246,-0.134,-0.696,0,0,639,0,2228,0,1748,965,50,1.106,1,2295,0,475.877,17.652,-173.688,-442.688,-17.875,-0.410,-0.164,2.391,6.668,16.344,8.047,0.816,1.082,0.942,1.316,3,NULL,NULL,,3,0,2,7,255,1149,250,0,0
stim,271504,301625,0,301625,3498919.455,-0.658,-0.265,-0.141,-0.691,0,0,419,0,1996,0,1363,814,50,1.106,1,2295,0,493.538,15.719,-179.313,-459.563,15.125,-0.379,-0.449,1.996,2.941,15.441,8.047,0.904,1.172,0.942,1.316,3,NULL,NULL,,3,0,2,7,255,1149,250,0,0
stim,271504,301625,0,301625,3498924.454,-0.654,-0.284,-0.150,-0.685,0,0,286,0,1711,0,827,660,50,1.106,1,2295,0,494.898,14.124,-158.375,-468.438,20.188,-0.207,-0.422,1.441,-0.277,14.121,4.867,0.986,1.258,0.942,1.316,3,NULL,NULL,,3,0,2,7,255,1149,250,0,0
stim,271504,301625,0,301625,3498929.455,-0.650,-0.300,-0.160,-0.679,0,0,198,0,1387,0,365,510,50,1.106,1,2295,0,483.425,10.187,-84.625,-475.875,9.000,-0.031,-0.344,1.180,-0.734,10.160,0.945,1.062,1.336,0.942,1.316,3,NULL,NULL,,3,0,2,7,255,1149,250,0,0
stim,271504,301625,0,301625,3498934.453,-0.648,-0.315,-0.173,-0.671,0,0,132,0,1033,0,103,419,50,1.106,1,2295,0,485.455,10.187,2.563,-484.125,35.813,-0.063,-0.121,1.559,-0.734,10.160,0.945,1.128,1.408,0.942,1.316,3,NULL,NULL,,3,0,2,7,255,1149,250,0,0
stim,271504,301625,0,301625,3498939.455,-0.648,-0.329,-0.186,-0.661,0,0,103,0,568,0,0,363,50,1.106,1,2295,0,495.794,10.522,14.438,-487.250,90.500,-0.313,0.207,2.059,2.219,10.285,1.293,1.188,1.470,0.942,1.316,3,NULL,NULL,,3,0,2,7,255,1149,250,0,0
stim,271504,301625,0,301625,3498944.454,-0.648,-0.346,-0.196,-0.650,0,0,74,0,227,0,0,271,50,1.106,1,2295,0,516.833,16.688,-44.313,-493.688,146.375,-0.742,0.371,2.098,6.242,15.477,1.293,1.250,1.534,0.942,1.316,3,NULL,NULL,,3,0,2,7,255,1149,250,0,0
stim,271504,301625,0,301625,3498949.455,-0.647,-0.365,-0.204,-0.637,0,0,63,0,0,0,0,149,50,1.106,1,2295,0,545.034,20.254,-111.375,-499.875,186.500,-1.086,0.609,1.715,7.504,18.813,-1.785,1.316,1.604,0.942,1.316,3,NULL,NULL,,3,0,2,7,255,1149,250,0,0
stim,271504,301625,0,301625,3498954.453,-0.645,-0.384,-0.210,-0.626,0,0,19,0,0,0,0,106,50,1.106,1,2295,0,533.890,20.639,-158.938,-486.000,153.563,-1.035,1.059,1.191,8.488,18.813,-8.125,1.390,1.682,0.942,1.316,3,NULL,NULL,,3,0,2,7,255,1149,250,0,0
stim,271504,301625,0,301625,3498959.455,-0.641,-0.402,-0.217,-0.617,0,0,18,0,0,0,0,36,50,1.106,1,2295,0,497.933,18.277,-164.938,-460.438,93.438,-0.672,1.285,0.887,11.410,14.277,-12.930,1.470,1.764,0.942,1.316,4,NULL,NULL,,3,0,2,7,255,1149,250,0,0
stim,271534,301655,0,301655,3498964.453,-0.637,-0.419,-0.223,-0.608,0,0,19,0,0,0,0,29,50,1.106,1,2295,0,464.985,14.948,-153.875,-430.125,86.750,-0.504,1.090,0.926,11.621,9.402,-12.930,1.552,1.848,0.942,1.316,0,NULL,NULL,,3,0,2,7,255,1149,250,0,0
stim,271534,301655,0,301655,3498969.455,-0.633,-0.436,-0.225,-0.599,0,0,23,0,0,0,0,51,50,1.106,1,2295,0,454.663,14.795,-209.563,-382.688,127.875,-0.453,0.766,0.953,11.621,9.156,-11.785,1.628,1.926,0.942,1.316,0,NULL,NULL,,3,0,2,7,255,1149,250,0,0
stim,271534,301655,0,301655,3498974.454,-0.627,-0.452,-0.225,-0.593,0,0,25,0,0,0,0,83,50,1.106,1,2295,0,424.131,12.439,-266.625,-315.125,97.438,-0.273,0.484,0.699,8.707,8.883,-10.883,1.694,1.994,0.942,1.316,0,NULL,NULL,,3,0,2,7,255,1149,250,0,0
stim,271534,301655,0,301655,3498979.455,-0.622,-0.464,-0.225,-0.589,0,0,27,0,0,0,0,121,50,1.106,1,2295,0,304.320,8.630,-205.375,-221.125,39.188,-0.234,-0.102,0.422,5.766,6.422,-10.234,1.748,2.050,0.942,1.316,0,NULL,NULL,,3,0,2,7,255,1149,250,0,0
stim,271534,301655,0,301655,3498984.454,-0.620,-0.471,-0.225,-0.586,0,0,25,0,0,0,0,173,50,1.106,1,2295,0,191.613,6.427,-107.563,-153.688,39.063,-0.449,-0.359,0.887,-0.266,6.422,-9.473,1.794,2.100,0.942,1.316,0,NULL,NULL,,3,0,2,7,255,1149,250,0,0
stim,271534,301655,0,301655,3498989.455,-0.617,-0.477,-0.223,-0.585,0,0,21,0,0,0,0,177,50,1.106,1,2295,0,149.983,10.086,-125.938,-77.875,23.875,-0.672,-0.109,1.324,-0.266,10.082,-9.285,1.838,2.146,0.942,1.316,0,NULL,NULL,,3,0,2,7,255,1149,250,0,0
stim,271565,301686,0,301686,3498994.453,-0.612,-0.482,-0.218,-0.587,0,0,24,0,0,0,0,167,50,1.106,1,2295,0,220.301,10.197,-219.938,9.250,-8.625,-0.590,0.215,0.887,1.527,10.082,-9.285,1.886,2.196,0.942,1.316,0,NULL,NULL,,3,0,2,7,255,1149,250,0,0
stim,271565,301686,0,301686,3498999.455,-0.608,-0.487,-0.209,-0.592,0,0,20,0,0,0,0,115,50,1.106,1,2295,0,268.363,10.403,-253.063,88.813,-9.500,-0.387,0.578,-0.031,3.465,9.809,-11.637,1.938,2.252,0.942,1.316,0,NULL,NULL,,3,0,2,7,255,1149,250,0,0
stim,271565,301686,0,301686,3499004.453,-0.605,-0.488,-0.201,-0.597,0,0,23,0,0,0,0,109,50,1.106,1,2295,0,232.169,3.502,-175.813,151.563,4.625,-0.383,0.688,-0.609,3.465,0.508,-15.109,1.988,2.304,0.942,1.316,0,NULL,NULL,,3,0,2,7,255,1149,250,0,0
stim,271565,301686,0,301686,3499009.455,-0.606,-0.484,-0.194,-0.601,0,0,19,0,0,0,0,111,50,1.106,1,2295,0,203.003,3.344,-58.375,194.375,4.563,-0.527,0.414,-0.406,3.047,-1.379,-17.289,2.032,2.350,0.942,1.316,0,NULL,NULL,,3,0,2,7,255,1149,250,0,0
stim,271603,301724,0,301724,3499014.454,-0.607,-0.478,-0.188,-0.606,0,0,22,0,0,0,0,105,50,1.106,1,2295,0,225.454,1.743,-7.625,225.188,-7.875,-0.582,0.109,0.141,1.066,-1.379,-17.289,2.070,2.392,0.942,1.316,0,NULL,NULL,,3,0,2,7,255,1149,250,0,0
stim,271603,301724,0,301724,3499019.455,-0.608,-0.472,-0.181,-0.612,0,0,18,0,0,0,0,99,50,1.106,1,2295,0,248.694,4.033,-26.625,247.000,-11.438,-0.484,0.035,0.328,0.574,3.992,-14.172,2.108,2.430,0.942,1.316,0,NULL,NULL,,3,0,2,7,255,1149,250,0,0
stim,271603,301724,0,301724,3499024.454,-0.609,-0.466,-0.173,-0.618,0,0,19,0,0,0,0,90,50,1.106,1,2295,0,264.213,4.033,-48.500,259.688,4.313,-0.371,0.121,0.105,0.574,3.992,-12.605,2.142,2.468,0.942,1.316,0,NULL,NULL,,3,0,2,7,255,1149,250,0,0
stim,271603,301724,0,301724,3499029.455,-0.610,-0.460,-0.165,-0.623,0,0,11,0,0,0,0,78,50,1.106,1,2295,0,268.368,2.731,-32.313,265.125,26.188,-0.363,0.258,-0.195,0.766,2.621,-12.605,2.174,2.502,0.942,1.316,0,NULL,NULL,,3,0,2,7,255,1149,250,0,0
stim,271603,301724,0,301724,3499034.453,-0.613,-0.453,-0.157,-0.628,0,0,10,0,0,0,0,71,50,1.106,1,2295,0,268.759,0.822,10.688,266.063,36.438,-0.430,0.328,-0.270,0.816,0.098,-14.473,2.194,2.526,0.942,1.316,0,NULL,NULL,,3,0,2,7,255,1149,250,0,0
stim,271603,301724,0,301724,3499039.455,-0.617,-0.444,-0.151,-0.632,0,0,9,0,0,0,0,72,50,1.106,1,2295,0,271.841,1.071,46.938,265.250,36.563,-0.445,0.313,-0.148,1.066,0.098,-15.039,2.210,2.544,0.942,1.316,0,NULL,NULL,,3,0,2,7,255,1149,250,0,0
stim,271603,301724,0,301724,3499044.454,-0.621,-0.436,-0.145,-0.636,0,0,9,0,0,0,0,71,50,1.106,1,2295,0,274.156,1.766,63.500,263.750,39.563,-0.406,0.266,-0.004,1.422,1.047,-15.039,2.222,2.558,0.942,1.316,0,NULL,NULL,,3,0,2,7,255,1149,250,0,0
stim,271603,301724,0,301724,3499049.455,-0.625,-0.427,-0.139,-0.639,0,0,9,0,0,0,0,67,50,1.106,1,2295,0,274.633,2.603,71.063,260.750,48.813,-0.391,0.246,0.074,1.656,2.008,-13.742,2.230,2.568,0.942,1.316,0,NULL,NULL,,3,0,2,7,255,1149,250,0,0
stim,271603,301724,0,301724,3499054.454,-0.629,-0.418,-0.133,-0.642,0,0,9,0,0,0,0,63,50,1.106,1,2295,0,274.587,3.136,81.688,256.063,56.188,-0.430,0.238,0.133,1.809,2.563,-13.051,2.236,2.578,0.942,1.316,0,NULL,NULL,,3,0,2,7,255,1149,250,0,0
stim,271603,301724,0,301724,3499059.455,-0.634,-0.408,-0.128,-0.645,0,0,9,0,0,0,0,55,50,1.106,1,2295,0,273.274,3.860,94.563,250.313,55.500,-0.469,0.219,0.242,1.969,3.320,-12.863,2.246,2.590,0.942,1.316,0,NULL,NULL,,3,0,2,7,255,1149,250,0,0
stim,271632,301753,0,301753,3499064.453,-0.638,-0.399,-0.124,-0.647,0,0,9,0,0,0,0,56,50,1.106,1,2295,0,270.482,4.942,103.313,245.125,49.000,-0.477,0.180,0.395,2.160,4.445,-12.285,2.258,2.604,0.942,1.316,0,NULL,NULL,,3,0,2,7,255,1149,250,0,0
stim,271632,301753,0,301753,3499069.455,-0.642,-0.389,-0.119,-0.650,0,0,11,0,0,0,0,55,50,1.106,1,2295,0,266.877,6.087,104.875,242.000,40.750,-0.449,0.164,0.547,2.410,5.590,-11.121,2.272,2.622,0.942,1.316,0,NULL,NULL,,3,0,2,7,255,1149,250,0,0
stim,271632,301753,0,301753,3499074.454,-0.646,-0.379,-0.115,-0.653,0,0,12,0,0,0,0,51,50,1.106,1,2295,0,263.051,7.033,97.750,242.000,32.813,-0.422,0.172,0.699,2.867,6.422,-9.762,2.294,2.646,0.942,1.316,0,NULL,NULL,,3,0,2,7,255,1149,250,0,0
stim,271632,301753,0,301753,3499079.455,-0.649,-0.370,-0.110,-0.656,0,0,16,0,0,0,0,53,50,1.106,1,2295,0,260.628,7.957,83.563,245.688,24.125,-0.410,0.180,0.797,3.520,7.137,-8.453,2.318,2.674,0.942,1.316,0,NULL,NULL,,3,0,2,7,255,1149,250,0,0
stim,271653,301774,0,301774,3499084.454,-0.651,-0.361,-0.105,-0.660,0,0,12,0,0,0,0,55,50,1.106,1,2295,0,262.515,8.582,68.250,253.125,13.563,-0.418,0.180,0.848,3.977,7.605,-7.555,2.348,2.706,0.942,1.316,0,NULL,NULL,,3,0,2,7,255,1149,250,0,0
stim,271653,301774,0,301774,3499089.455,-0.653,-0.352,-0.099,-0.664,0,0,16,0,0,0,0,51,50,1.106,1,2295,0,268.982,8.922,55.813,263.125,1.250,-0.434,0.172,0.879,4.172,7.887,-7.059,2.386,2.746,0.942,1.316,0,NULL,NULL,,3,0,2,7,255,1149,250,0,0
stim,271653,301774,0,301774,3499094.454,-0.654,-0.342,-0.093,-0.668,0,0,12,0,0,0,0,53,50,1.106,1,2295,0,279.155,9.140,44.750,275.250,-12.750,-0.449,0.152,0.914,4.172,8.133,-6.723,2.426,2.790,0.942,1.316,0,NULL,NULL,,3,0,2,7,255,1149,250,0,0
stim,271653,301774,0,301774,3499099.455,-0.655,-0.333,-0.086,-0.673,0,0,18,0,0,0,0,53,50,1.106,1,2295,0,291.887,9.341,32.688,288.750,-27.438,-0.453,0.141,0.926,4.160,8.363,-6.281,2.472,2.836,0.942,1.316,0,NULL,NULL,,3,0,2,7,255,1149,250,0,0
stim,271653,301774,0,301774,3499104.453,-0.655,-0.323,-0.079,-0.679,0,0,11,0,0,0,0,57,50,1.106,1,2295,0,306.518,9.336,22.188,302.875,-41.563,-0.438,0.137,0.895,4.148,8.363,-5.930,2.518,2.886,0.942,1.316,0,NULL,NULL,,3,0,2,7,255,1149,250,0,0
stim,271653,301774,0,301774,3499109.455,-0.654,-0.313,-0.071,-0.685,0,0,17,0,0,0,0,64,50,1.106,1,2295,0,321.343,8.945,16.500,316.375,-53.813,-0.414,0.137,0.836,4.094,7.953,-5.930,2.564,2.934,0.942,1.316,0,NULL,NULL,,3,0,2,7,255,1149,250,0,0
stim,271700,301821,0,301821,3499114.453,-0.653,-0.303,-0.063,-0.692,0,0,18,0,0,0,0,73,50,1.106,1,2295,0,335.250,8.302,17.438,328.500,-64.625,-0.367,0.121,0.762,3.930,7.313,-5.938,2.608,2.982,0.942,1.316,0,NULL,NULL,,3,0,2,7,255,1149,250,0,0
stim,271700,301821,0,301821,3499119.455,-0.651,-0.291,-0.056,-0.698,0,0,16,0,0,0,0,75,50,1.106,1,2295,0,347.312,7.371,27.500,338.125,-74.438,-0.262,0.094,0.664,3.617,6.422,-6.043,2.652,3.030,0.942,1.316,0,NULL,NULL,,3,0,2,7,255,1149,250,0,0
stim,271700,301821,0,301821,3499124.454,-0.650,-0.279,-0.049,-0.705,0,0,11,0,0,0,0,85,50,1.106,1,2295,0,356.019,5.852,44.688,344.313,-78.750,-0.125,0.066,0.574,3.086,4.973,-6.043,2.692,3.072,0.942,1.316,0,NULL,NULL,,3,0,2,7,255,1149,250,0,0
stim,271700,301821,0,301821,3499129.455,-0.649,-0.267,-0.042,-0.711,0,0,9,0,0,0,0,89,50,1.106,1,2295,0,359.861,4.171,69.500,345.563,-72.500,-0.059,0.070,0.555,2.539,3.309,-5.926,2.726,3.110,0.942,1.316,0,NULL,NULL,,3,0,2,7,255,1149,250,0,0
stim,271700,301821,0,301821,3499134.453,-0.648,-0.253,-0.036,-0.717,0,0,11,0,0,0,0,94,50,1.106,1,2295,0,362.295,3.582,96.000,343.125,-65.625,-0.027,0.152,0.609,2.539,2.527,-5.684,2.756,3.140,0.942,1.316,0,NULL,NULL,,3,0,2,7,255,1149,250,0,0
stim,271700,301821,0,301821,3499139.455,-0.648,-0.239,-0.031,-0.723,0,0,13,0,0,0,0,102,50,1.106,1,2295,0,366.316,4.048,121.250,338.875,-68.188,-0.031,0.203,0.688,3.367,2.246,-5.242,2.780,3.166,0.942,1.316,0,NULL,NULL,,3,0,2,7,255,1149,250,0,0
stim,271721,301842,0,301842,3499144.453,-0.647,-0.225,-0.027,-0.728,0,0,9,0,0,0,0,97,50,1.106,1,2295,0,368.453,4.071,139.438,334.125,-68.375,0.078,0.117,0.789,3.434,2.188,-4.617,2.800,3.188,0.942,1.316,0,NULL,NULL,,3,0,2,7,255,1149,250,0,0
stim,271721,301842,0,301842,3499149.455,-0.647,-0.210,-0.023,-0.733,0,0,8,0,0,0,0,99,50,1.106,1,2295,0,364.117,3.769,152.688,327.063,-47.938,0.172,0.039,0.910,3.434,1.555,-2.984,2.816,3.208,0.942,1.316,0,NULL,NULL,,3,0,2,7,255,1149,250,0,0
stim,271721,301842,0,301842,3499154.454,-0.648,-0.195,-0.019,-0.736,0,0,11,0,0,0,0,93,50,1.106,1,2295,0,358.932,3.565,155.375,323.063,-17.938,0.199,0.102,0.961,3.426,0.988,-1.273,2.832,3.226,0.942,1.316,0,NULL,NULL,,3,0,2,7,255,1149,250,0,0
stim,271721,301842,0,301842,3499159.455,-0.649,-0.180,-0.016,-0.739,0,0,5,0,0,0,0,89,50,1.106,1,2295,0,360.135,3.565,168.563,318.250,0.938,0.059,0.234,1.008,3.426,0.988,-1.039,2.844,3.242,0.942,1.316,0,NULL,NULL,,3,0,2,7,255,1149,250,0,0
stim,271721,301842,0,301842,3499164.454,-0.650,-0.165,-0.013,-0.742,0,0,3,0,0,0,0,79,50,1.106,1,2295,0,365.689,4.990,188.063,313.625,-0.625,-0.043,0.223,1.160,4.762,1.492,-0.840,2.858,3.258,0.942,1.316,0,NULL,NULL,,3,0,2,7,255,1149,250,0,0
stim,271721,301842,0,301842,3499169.455,-0.651,-0.149,-0.011,-0.744,0,0,5,0,0,0,0,79,50,1.106,1,2295,0,368.280,5.617,198.688,310.063,-3.875,-0.066,0.211,1.406,4.984,2.590,0.281,2.874,3.276,0.942,1.316,0,NULL,NULL,,3,0,2,7,255,1149,250,0,0
stim,271749,301870,0,301870,3499174.454,-0.652,-0.133,-0.008,-0.746,0,0,7,0,0,0,0,67,50,1.106,1,2295,0,362.895,5.978,190.625,308.750,-5.313,-0.059,0.188,1.590,5.148,3.039,2.703,2.894,3.296,0.942,1.316,0,NULL,NULL,,3,0,2,7,255,1149,250,0,0
stim,271749,301870,0,301870,3499179.455,-0.653,-0.118,-0.005,-0.748,0,0,7,0,0,0,0,62,50,1.106,1,2295,0,354.811,6.110,174.750,308.750,-5.188,-0.105,0.219,1.707,5.273,3.086,4.680,2.914,3.320,0.942,1.316,0,NULL,NULL,,3,0,2,7,255,1149,250,0,0
stim,271749,301870,0,301870,3499184.453,-0.653,-0.104,-0.002,-0.750,0,0,11,0,0,0,0,61,50,1.106,1,2295,0,347.054,6.364,156.375,309.688,-9.313,-0.152,0.230,1.773,5.480,3.234,5.785,2.936,3.344,0.942,1.316,0,NULL,NULL,,3,0,2,7,255,1149,250,0,0
stim,271749,301870,0,301870,3499189.455,-0.653,-0.090,0.002,-0.752,0,0,12,0,0,0,0,69,50,1.106,1,2295,0,342.322,6.391,141.563,311.250,-16.375,-0.156,0.250,1.844,5.512,3.234,6.512,2.960,3.370,0.942,1.316,0,NULL,NULL,,3,0,2,7,255,1149,250,0,0
stim,271749,301870,0,301870,3499194.454,-0.652,-0.076,0.007,-0.754,0,0,13,0,0,0,0,63,50,1.106,1,2295,0,336.995,6.288,126.750,311.500,-21.625,-0.137,0.203,1.906,5.512,3.027,7.313,2.986,3.398,0.942,1.316,0,NULL,NULL,,3,0,2,7,255,1149,250,0,0
stim,271749,301870,0,301870,3499199.455,-0.651,-0.063,0.012,-0.756,0,0,11,0,0,0,0,67,50,1.106,1,2295,0,330.008,5.526,105.938,311.500,-25.500,-0.133,0.180,1.895,4.926,2.504,8.156,3.010,3.424,0.942,1.316,0,NULL,NULL,,3,0,2,7,255,1149,250,0,0
stim,271777,301898,0,301898,3499204.453,-0.650,-0.050,0.018,-0.758,0,0,18,0,0,0,0,73,50,1.106,1,2295,0,324.687,4.875,87.000,311.438,-29.313,-0.121,0.137,1.809,4.438,2.020,8.156,3.034,3.452,0.942,1.316,0,NULL,NULL,,3,0,2,7,255,1149,250,0,0
stim,271777,301898,0,301898,3499209.455,-0.648,-0.037,0.024,-0.760,0,0,20,0,0,0,0,77,50,1.106,1,2295,0,321.777,3.990,82.188,309.375,-32.750,-0.102,0.133,1.691,3.703,1.484,7.516,3.056,3.476,0.942,1.316,0,NULL,NULL,,3,0,2,7,255,1149,250,0,0
stim,271805,301926,0,301926,3499214.453,-0.647,-0.024,0.029,-0.762,0,0,20,0,0,0,0,79,50,1.106,1,2295,0,320.650,3.387,89.813,305.688,-36.125,-0.078,0.148,1.648,3.289,0.809,6.496,3.074,3.498,0.942,1.316,0,NULL,NULL,,3,0,2,7,255,1149,250,0,0
stim,271805,301926,0,301926,3499219.455,-0.645,-0.011,0.034,-0.764,0,0,21,0,0,0,0,77,50,1.106,1,2295,0,319.838,3.156,99.063,301.813,-37.313,-0.031,0.117,1.680,3.152,0.145,6.465,3.090,3.516,0.942,1.316,0,NULL,NULL,,3,0,2,7,255,1149,250,0,0
stim,271805,301926,0,301926,3499224.454,-0.643,0.002,0.039,-0.765,0,0,27,0,0,0,0,75,50,1.106,1,2295,0,318.717,2.669,107.125,298.000,-36.063,0.000,0.113,1.715,2.586,-0.660,6.465,3.104,3.530,0.942,1.316,0,NULL,NULL,,3,0,2,7,255,1149,250,0,0
stim,271805,301926,0,301926,3499229.455,-0.641,0.015,0.043,-0.767,0,0,26,0,0,0,0,71,50,1.106,1,2295,0,319.986,2.672,118.563,294.938,-36.688,0.039,0.113,1.738,2.289,-1.379,6.809,3.112,3.542,0.942,1.316,0,NULL,NULL,,3,0,2,7,255,1149,250,0,0
stim,271805,301926,0,301926,3499234.454,-0.638,0.028,0.046,-0.768,0,0,27,0,0,0,0,69,50,1.106,1,2295,0,323.563,2.952,133.125,292.688,-36.125,0.094,0.070,1.773,2.012,-2.160,7.012,3.118,3.550,0.942,1.316,0,NULL,NULL,,3,0,2,7,255,1149,250,0,0
stim,271805,301926,0,301926,3499239.455,-0.636,0.042,0.049,-0.769,0,0,23,0,0,0,0,69,50,1.106,1,2295,0,329.269,3.277,149.125,291.625,-33.688,0.156,0.070,1.832,1.234,-3.035,7.309,3.120,3.554,0.942,1.316,0,NULL,NULL,,3,0,2,7,255,1149,250,0,0
stim,271805,301926,0,301926,3499244.453,-0.634,0.056,0.052,-0.770,0,0,30,0,0,0,0,72,50,1.106,1,2295,0,336.922,4.171,166.063,291.313,-32.813,0.242,0.078,1.895,0.820,-4.090,7.738,3.116,3.554,0.942,1.316,0,NULL,NULL,,3,0,2,7,255,1149,250,0,0
stim,271805,301926,0,301926,3499249.455,-0.631,0.071,0.053,-0.771,0,0,29,0,0,0,0,69,50,1.106,1,2295,0,345.916,5.448,184.500,290.938,-31.188,0.383,0.063,1.984,0.395,-5.434,8.145,3.106,3.544,0.942,1.316,0,NULL,NULL,,3,0,2,7,255,1149,250,0,0
stim,271805,301926,0,301926,3499254.453,-0.629,0.086,0.055,-0.771,0,0,29,0,0,0,0,73,50,1.106,1,2295,0,356.110,7.294,202.375,291.688,-27.875,0.574,0.074,2.078,-0.434,-7.281,8.637,3.088,3.528,0.942,1.316,0,NULL,NULL,,3,0,2,7,255,1149,250,0,0
stim,271805,301926,0,301926,3499259.455,-0.626,0.102,0.056,-0.771,0,0,30,0,0,0,0,77,50,1.106,1,2295,0,366.337,9.761,218.938,292.938,-21.375,0.773,0.090,2.176,-1.164,-9.691,8.988,3.060,3.504,0.942,1.316,0,NULL,NULL,,3,0,2,7,255,1149,250,0,0
stim,271834,301955,0,301955,3499264.454,-0.623,0.118,0.056,-0.771,0,0,28,0,0,0,0,77,50,1.106,1,2295,0,376.690,12.315,234.875,294.313,-10.438,0.938,0.082,2.297,-1.945,-12.160,9.242,3.024,3.470,0.942,1.316,0,NULL,NULL,,3,0,2,7,255,1149,250,0,0
stim,271834,301955,0,301955,3499269.455,-0.621,0.135,0.055,-0.770,0,0,27,0,0,0,0,79,50,1.106,1,2295,0,385.094,14.639,247.375,295.125,2.063,1.063,0.066,2.445,-2.961,-14.336,9.672,2.978,3.424,0.942,1.316,0,NULL,NULL,,3,0,2,7,255,1149,250,0,0
stim,271834,301955,0,301955,3499274.454,-0.619,0.152,0.055,-0.769,0,0,27,0,0,0,0,83,50,1.106,1,2295,0,388.199,16.757,251.688,295.313,11.938,1.164,0.098,2.590,-4.043,-16.262,10.316,2.920,3.370,0.942,1.316,0,NULL,NULL,,3,0,2,7,255,1149,250,0,0
stim,271834,301955,0,301955,3499279.455,-0.617,0.168,0.055,-0.767,0,0,29,0,0,0,0,83,50,1.106,1,2295,0,384.296,18.648,245.250,295.250,19.063,1.230,0.145,2.676,-4.711,-18.043,10.953,2.848,3.300,0.942,1.316,0,NULL,NULL,,3,0,2,7,255,1149,250,0,0
stim,271834,301955,0,301955,3499284.453,-0.615,0.184,0.055,-0.765,0,0,29,0,0,0,0,89,50,1.106,1,2295,0,372.738,20.072,228.938,292.938,26.625,1.258,0.191,2.691,-5.125,-19.406,10.953,2.770,3.224,0.942,1.316,0,NULL,NULL,,3,0,2,7,255,1149,250,0,0
stim,271834,301955,0,301955,3499289.455,-0.613,0.199,0.055,-0.762,0,0,28,0,0,0,0,105,50,1.106,1,2295,0,355.869,20.902,207.938,286.563,35.875,1.242,0.223,2.645,-5.316,-20.215,10.621,2.684,3.140,0.942,1.316,0,NULL,NULL,,3,0,2,7,255,1149,250,0,0
stim,271863,301984,0,301984,3499294.454,-0.612,0.214,0.056,-0.759,0,0,31,0,0,0,0,113,50,1.106,1,2295,0,338.113,21.104,192.000,275.375,40.313,1.289,0.254,2.617,-5.367,-20.410,9.758,2.594,3.050,0.942,1.316,0,NULL,NULL,,3,0,2,7,255,1149,250,0,0
stim,271863,301984,0,301984,3499299.455,-0.611,0.227,0.057,-0.757,0,0,27,0,0,0,0,120,50,1.106,1,2295,0,315.941,21.912,173.063,261.750,36.813,1.457,0.227,2.574,-5.512,-21.207,8.852,2.498,2.954,0.942,1.316,0,NULL,NULL,,3,0,2,7,255,1149,250,0,0
stim,271863,301984,0,301984,3499304.454,-0.610,0.239,0.059,-0.754,0,0,28,0,0,0,0,139,50,1.106,1,2295,0,290.614,23.655,148.125,247.000,38.813,1.703,0.047,2.418,-6.301,-22.801,7.227,2.394,2.852,0.942,1.316,0,NULL,NULL,,3,0,2,7,255,1149,250,0,0
stim,271863,301984,0,301984,3499309.455,-0.609,0.250,0.060,-0.750,0,0,27,0,0,0,0,155,50,1.106,1,2295,0,268.549,25.589,125.500,231.500,52.688,1.898,-0.191,2.105,-8.203,-24.238,4.020,2.282,2.740,0.942,1.316,0,NULL,NULL,,3,0,2,7,255,1149,250,0,0
stim,271901,302022,0,302022,3499314.453,-0.609,0.261,0.061,-0.746,0,0,29,0,0,0,0,161,50,1.106,1,2295,0,255.713,26.217,119.250,214.250,72.563,1.996,-0.414,1.715,-9.992,-24.238,-0.512,2.166,2.624,0.942,1.316,0,NULL,NULL,,3,0,2,7,255,1149,250,0,0
stim,271901,302022,0,302022,3499319.455,-0.610,0.271,0.061,-0.742,0,0,25,0,0,0,0,168,50,1.106,1,2295,0,252.884,25.813,133.250,195.750,88.750,2.059,-0.598,1.379,-11.117,-23.297,-5.211,2.044,2.502,0.942,1.316,0,NULL,NULL,,3,0,2,7,255,1149,250,0,0
stim,271901,302022,0,302022,3499324.454,-0.611,0.281,0.060,-0.738,0,0,25,0,0,0,0,190,50,1.106,1,2295,0,259.393,25.088,161.313,177.375,99.000,2.137,-0.777,1.152,-11.879,-22.098,-9.176,1.920,2.378,0.942,1.316,0,NULL,NULL,,3,0,2,7,255,1149,250,0,0
stim,271901,302022,1,302022,3499329.455,-0.611,0.292,0.056,-0.734,0,0,25,0,0,0,0,207,50,1.106,1,2295,0,278.138,25.020,199.875,159.438,109.500,2.227,-0.938,1.074,-12.836,-21.477,-12.285,1.794,2.252,0.942,1.316,0,NULL,NULL,,3,1,2,7,255,1149,250,0,0
stim,271901,302022,1,302022,3499334.454,-0.611,0.304,0.051,-0.729,0,0,28,0,0,0,0,211,50,1.106,1,2295,0,315.527,25.020,252.875,144.813,121.000,2.215,-0.785,1.141,-12.836,-21.477,-13.754,1.666,2.122,0.942,1.316,0,NULL,NULL,,3,1,2,7,255,1149,250,0,0
stim,271901,302022,1,302022,3499339.455,-0.612,0.314,0.045,-0.725,0,0,27,0,0,0,0,233,50,1.106,1,2295,0,292.688,26.088,233.875,118.063,130.500,2.520,-1.211,2.148,-14.027,-21.996,-13.754,1.534,1.988,0.942,1.316,0,NULL,NULL,,3,1,2,7,255,1149,250,0,0
stim,271930,302051,1,302051,3499344.453,-0.614,0.323,0.040,-0.719,0,0,24,0,0,0,0,247,50,1.106,1,2295,0,263.435,30.342,173.813,113.500,162.188,2.293,-1.336,1.605,-19.078,-23.594,-12.922,1.398,1.850,0.942,1.316,0,NULL,NULL,,3,1,2,7,255,1149,250,0,0
stim,271930,302051,1,302051,3499349.455,-0.615,0.332,0.034,-0.715,0,0,26,0,0,0,0,251,50,1.106,1,2295,0,266.745,30.342,214.375,88.813,131.563,2.188,-1.184,1.625,-19.078,-23.594,-12.234,1.258,1.706,0.942,1.316,0,NULL,NULL,,3,1,2,7,255,1149,250,0,0
stim,271930,302051,1,302051,3499354.453,-0.614,0.340,0.028,-0.711,0,0,26,0,0,0,0,277,50,1.106,1,2295,0,245.018,29.869,213.813,73.563,94.375,2.234,-1.086,2.000,-18.316,-23.594,-12.234,1.114,1.558,0.942,1.316,0,NULL,NULL,,3,1,2,7,255,1149,250,0,0
stim,271930,302051,1,302051,3499359.455,-0.614,0.347,0.023,-0.709,0,0,27,0,0,0,0,295,50,1.106,1,2295,0,200.639,31.393,177.125,52.625,78.188,2.438,-1.184,2.293,-18.316,-25.496,-9.699,0.970,1.406,0.942,1.316,0,NULL,NULL,,3,1,2,7,255,1149,250,0,0
stim,271930,302051,1,302051,3499364.454,-0.614,0.351,0.019,-0.706,0,0,25,0,0,0,0,313,50,1.106,1,2295,0,155.567,33.832,130.375,33.313,78.063,2.285,-1.266,2.316,-20.453,-26.949,-9.223,0.826,1.252,0.942,1.316,0,NULL,NULL,,3,1,2,7,255,1149,250,0,0
stim,271930,302051,1,302051,3499369.455,-0.614,0.354,0.015,-0.705,0,0,25,0,0,0,0,333,50,1.106,1,2295,0,108.135,33.832,95.625,7.000,50.000,2.074,-1.094,2.391,-20.453,-26.949,-8.816,0.682,1.092,0.942,1.316,0,NULL,NULL,,3,1,2,7,255,1149,250,0,0
stim,271930,302051,1,302051,3499374.454,-0.615,0.356,0.011,-0.704,0,0,6,0,0,0,0,465,50,1.106,1,2295,0,108.817,33.478,88.875,-29.125,55.625,1.652,-1.332,2.949,-21.258,-25.863,-6.703,0.554,0.936,0.942,1.316,0,NULL,NULL,,3,1,2,7,255,1149,250,0,0
stim,271930,302051,1,302051,3499379.455,-0.618,0.363,-0.017,-0.697,118,0,5,357,0,6,0,509,50,1.106,1,2295,0,679.904,35.844,519.438,-234.813,370.563,1.207,0.020,7.082,-24.816,-25.863,-1.391,0.450,0.786,0.942,1.316,0,NULL,NULL,,3,1,2,7,255,1149,250,0,0
stim,271954,302075,1,302075,3499384.453,-0.624,0.356,-0.020,-0.695,737,0,9,953,0,121,0,568,50,1.106,1,2295,0,222.013,52.319,-84.500,-148.813,141.438,0.426,0.598,8.324,-34.309,-39.500,36.594,0.382,0.640,0.942,1.316,0,NULL,NULL,,3,1,2,7,255,1149,250,0,0
stim,271954,302075,1,302075,3499389.455,-0.646,0.324,0.007,-0.691,1177,0,0,1371,0,397,0,615,50,1.106,1,2295,0,1092.720,52.319,-1071.188,-84.813,198.500,-0.090,2.039,3.000,-34.309,-39.500,36.594,0.360,0.502,0.942,1.316,0,NULL,NULL,,3,1,2,7,255,1149,250,0,0
stim,271954,302075,1,302075,3499394.454,-0.668,0.288,0.035,-0.685,1610,0,0,1681,0,617,0,679,50,1.106,1,2295,0,1169.849,16.245,-1143.000,-115.500,220.813,-0.180,3.379,-1.418,6.008,-15.094,21.867,0.390,0.376,0.942,1.316,0,NULL,NULL,,3,1,2,7,255,1149,250,0,0
stim,271954,302075,1,302075,3499399.455,-0.682,0.268,0.048,-0.679,1961,0,0,1878,0,860,0,739,51,1.106,1,2296,0,642.417,26.439,-599.063,-96.313,211.063,-1.207,1.914,-3.406,26.047,4.535,-10.438,0.452,0.304,0.942,1.316,1,1188.000,39.000,,3,1,2,7,255,1149,250,0,0
stim,271954,302075,1,302075,3499404.454,-0.687,0.262,0.045,-0.676,2185,0,0,2013,0,1005,0,805,51,1.106,1,2296,0,201.141,35.468,-83.750,-132.125,126.438,-1.922,-1.070,-1.832,26.047,24.074,-20.402,0.482,0.300,0.942,1.316,1,NULL,NULL,,3,1,2,7,255,1149,250,0,0
stim,271954,302075,1,302075,3499409.455,-0.687,0.263,0.036,-0.676,2347,0,0,2117,0,1193,0,865,51,1.106,1,2296,0,193.054,25.068,141.625,-121.625,49.188,-0.891,-0.797,1.141,-6.988,24.074,-20.402,0.486,0.328,0.942,1.316,1,NULL,NULL,,3,1,2,7,255,1149,250,0,0
stim,272014,302135,1,302135,3499414.453,-0.689,0.262,0.031,-0.675,2539,0,0,2340,0,1270,0,933,51,1.106,1,2296,0,129.185,7.856,51.625,-93.000,73.313,0.098,2.027,2.184,-6.988,3.590,1.234,0.480,0.370,0.942,1.316,1,NULL,NULL,,3,1,2,7,255,1149,250,0,0
stim,272014,302135,1,302135,3499419.455,-0.694,0.256,0.031,-0.672,2695,0,0,2547,0,1295,0,989,51,1.106,1,2296,0,192.522,13.928,-126.188,-76.438,123.688,-0.426,2.422,2.105,12.996,-5.008,14.227,0.480,0.408,0.942,1.316,2,NULL,NULL,,3,1,2,7,255,1149,250,0,0
stim,272014,302135,1,302135,3499424.454,-0.704,0.243,0.035,-0.667,2789,0,0,2681,0,1305,0,1068,51,1.106,1,2296,0,405.949,13.928,-329.250,-131.375,197.813,-1.879,-0.246,1.145,12.996,-5.008,14.227,0.496,0.438,0.942,1.316,2,NULL,NULL,,3,1,2,7,255,1149,250,0,0
stim,272014,302135,1,302135,3499429.455,-0.709,0.227,0.042,-0.666,2851,0,0,2773,0,1291,0,1143,51,1.106,1,2296,0,421.314,14.437,-396.063,-140.000,32.250,-2.293,-1.328,-0.313,-7.141,12.547,6.383,0.522,0.472,0.942,1.316,2,NULL,NULL,,3,1,2,7,255,1149,250,0,0
stim,272014,302135,1,302135,3499434.454,-0.708,0.216,0.043,-0.671,2908,0,0,2859,0,1270,0,1247,51,1.106,1,2296,0,280.726,16.363,-192.063,-162.250,-124.875,-1.324,-0.750,-0.785,-7.141,14.723,-7.516,0.534,0.496,0.942,1.316,2,NULL,NULL,,3,1,2,7,255,1149,250,0,0
stim,272014,302135,1,302135,3499439.455,-0.703,0.210,0.040,-0.678,2943,0,0,2919,0,1257,0,1319,51,1.106,1,2296,0,239.494,16.284,-11.313,-168.188,-170.125,-0.246,-0.324,0.637,-6.957,14.723,-7.516,0.520,0.506,0.942,1.316,2,NULL,NULL,,3,1,2,7,255,1149,250,0,0
stim,272014,302135,1,302135,3499444.453,-0.700,0.204,0.037,-0.684,2976,0,0,2969,0,1291,0,1388,51,1.106,1,2296,0,215.463,6.957,-16.000,-162.188,-140.938,0.449,-0.484,1.793,-6.957,0.008,-3.949,0.486,0.500,0.942,1.316,2,NULL,NULL,,3,1,2,7,255,1149,250,0,0
stim,272014,302135,1,302135,3499449.455,-0.699,0.196,0.036,-0.687,3001,0,0,3015,0,1367,0,1428,51,1.106,1,2296,0,195.785,12.843,-109.688,-148.688,-64.750,0.863,-0.805,1.793,-7.941,-10.094,2.230,0.442,0.482,0.942,1.316,2,NULL,NULL,,3,1,2,7,255,1149,250,0,0
stim,272014,302135,1,302135,3499454.453,-0.702,0.187,0.036,-0.687,3026,0,0,3051,0,1443,0,1463,51,1.106,1,2296,0,217.538,16.011,-166.688,-136.750,28.938,0.867,-1.285,1.250,-10.688,-11.922,2.230,0.404,0.456,0.942,1.316,2,NULL,NULL,,3,1,2,7,255,1149,250,0,0
stim,272014,302135,1,302135,3499459.455,-0.706,0.179,0.036,-0.684,3043,0,0,3087,0,1523,0,1493,51,1.106,1,2296,0,220.038,18.493,-148.250,-122.813,106.563,0.418,-1.418,0.680,-14.137,-11.922,-3.328,0.382,0.416,0.942,1.316,2,NULL,NULL,,3,1,2,7,255,1149,250,0,0
stim,272014,302135,1,302135,3499464.454,-0.712,0.173,0.034,-0.680,3052,0,0,3107,0,1645,0,1523,51,1.106,1,2296,0,213.003,15.408,-88.938,-122.313,150.000,-0.242,-0.953,0.512,-14.137,-6.129,-6.020,0.378,0.358,0.942,1.316,2,NULL,NULL,,3,1,2,7,255,1149,250,0,0
stim,272014,302135,1,302135,3499469.455,-0.715,0.168,0.031,-0.678,3047,0,0,3123,0,1787,0,1578,51,1.106,1,2296,0,165.033,10.275,-48.250,-128.813,91.188,-1.012,-0.125,1.082,-10.262,0.516,-6.020,0.388,0.296,0.942,1.316,2,NULL,NULL,,3,1,2,7,255,1149,250,0,0
stim,272047,302168,1,302168,3499474.454,-0.717,0.162,0.029,-0.678,3067,0,0,3129,0,1887,0,1651,51,1.106,1,2296,0,144.384,3.743,-63.250,-128.063,21.125,-0.328,0.336,1.035,-3.707,0.516,1.230,0.402,0.242,0.942,1.316,2,NULL,NULL,,3,1,2,7,255,1149,250,0,0
stim,272047,302168,1,302168,3499479.455,-0.718,0.157,0.026,-0.678,3076,0,0,3134,0,1995,0,1719,51,1.106,1,2296,0,144.084,0.971,-65.688,-125.938,24.188,-0.125,0.293,1.242,0.891,0.387,2.566,0.414,0.202,0.942,1.316,2,NULL,NULL,,3,1,2,7,255,1149,250,0,0
stim,272047,302168,1,302168,3499484.453,-0.719,0.150,0.025,-0.678,3079,0,0,3145,0,2073,0,1773,51,1.106,1,2296,0,158.030,1.383,-98.250,-122.250,19.375,-0.219,0.168,1.297,0.891,-1.059,2.566,0.420,0.178,0.942,1.316,2,NULL,NULL,,3,1,2,7,255,1149,250,0,0
stim,272047,302168,1,302168,3499489.455,-0.721,0.143,0.024,-0.678,3079,0,0,3135,190,2187,0,1912,51,1.106,1,2296,0,156.140,1.702,-103.688,-116.375,9.250,-0.066,0.000,0.961,-0.359,-1.664,2.566,0.420,0.172,0.942,1.316,2,NULL,NULL,,3,1,2,7,255,1149,250,0,0
stim,272047,302168,1,302168,3499494.453,-0.721,0.137,0.023,-0.678,3079,0,0,3144,430,2251,149,2003,51,1.106,1,2296,0,136.594,2.129,-79.688,-110.938,-0.875,-0.008,-0.160,1.027,-1.328,-1.664,-0.277,0.422,0.168,0.942,1.316,2,NULL,NULL,,3,1,2,7,255,1149,250,0,0
stim,272047,302168,1,302168,3499499.455,-0.721,0.134,0.022,-0.680,3087,0,0,3147,629,2295,148,2122,51,1.106,1,2296,0,84.421,3.318,-29.188,-70.563,-36.000,0.324,-0.063,1.578,-2.320,-2.371,-0.277,0.428,0.164,0.942,1.316,2,NULL,NULL,,3,1,2,7,255,1149,250,0,0
stim,272077,302198,1,302198,3499504.454,-0.720,0.132,0.022,-0.681,3087,0,0,3157,886,2335,125,2159,51,1.106,1,2296,0,56.353,7.023,-32.563,-40.625,-21.563,0.719,0.219,1.188,-2.320,-6.629,0.238,0.436,0.158,0.942,1.316,2,NULL,NULL,,3,1,2,7,255,1149,250,0,0
stim,272077,302198,1,302198,3499509.455,-0.721,0.130,0.021,-0.681,3087,0,0,3160,1005,2363,149,2205,51,1.106,1,2296,0,42.222,6.732,-17.375,-37.125,10.125,0.316,0.664,1.375,1.172,-6.629,3.434,0.448,0.146,0.942,1.316,2,NULL,NULL,,3,1,2,7,255,1149,250,0,0
stim,272104,302225,1,302225,3499514.454,-0.720,0.128,0.022,-0.681,3091,0,0,3161,1135,2391,152,2251,51,1.106,1,2296,0,67.646,5.984,-61.688,-19.188,-20.063,-0.324,0.402,1.617,1.824,-5.699,3.434,0.464,0.134,0.942,1.316,2,NULL,NULL,,3,1,2,7,255,1149,250,0,0
stim,272104,302225,1,302225,3499519.455,-0.720,0.124,0.025,-0.682,3091,1,0,3164,1208,2411,147,2291,51,1.106,1,2296,0,106.340,1.937,-97.438,-13.750,-40.313,-0.113,0.098,0.832,1.824,-0.652,3.434,0.484,0.116,0.942,1.316,2,NULL,NULL,,3,1,2,7,255,1149,250,0,0
stim,272104,302225,1,302225,3499524.454,-0.719,0.122,0.027,-0.684,3089,22,0,3163,1303,2429,143,2330,51,1.106,1,2296,0,76.438,0.200,-58.063,-14.875,-47.438,-0.230,-0.016,0.793,-0.070,-0.188,-1.543,0.508,0.094,0.942,1.316,2,NULL,NULL,,3,1,2,7,255,1149,250,0,0
stim,272104,302225,1,302225,3499529.455,-0.717,0.121,0.027,-0.686,3091,25,0,3164,1388,2451,143,2355,51,1.106,1,2296,0,75.652,0.637,-20.938,-12.438,-71.625,-0.148,0.129,1.000,-0.070,-0.633,-1.543,0.528,0.078,0.942,1.316,2,NULL,NULL,,3,1,2,7,255,1149,250,0,0
stim,272104,302225,1,302225,3499534.453,-0.715,0.119,0.027,-0.689,3089,57,0,3171,1498,2463,147,2381,51,1.106,1,2296,0,80.201,0.648,-22.688,-9.188,-76.375,0.023,0.234,1.152,0.141,-0.633,0.141,0.542,0.068,0.942,1.316,2,NULL,NULL,,3,1,2,7,255,1149,250,0,0
stim,272104,302225,1,302225,3499539.455,-0.713,0.117,0.029,-0.690,3091,71,0,3173,1571,2478,142,2409,51,1.106,1,2296,0,78.517,2.582,-53.875,-5.250,-56.875,0.039,0.000,1.125,0.141,-2.578,0.832,0.550,0.064,0.942,1.316,2,NULL,NULL,,3,1,2,7,255,1149,250,0,0
stim,272104,302225,1,302225,3499544.454,-0.712,0.115,0.031,-0.692,3095,83,0,3175,1619,2501,141,2431,51,1.106,1,2296,0,79.596,2.780,-68.813,-4.500,-39.750,-0.102,-0.191,0.871,-1.039,-2.578,0.832,0.558,0.062,0.942,1.316,2,NULL,NULL,,3,1,2,7,255,1149,250,0,0
stim,272104,302225,1,302225,3499549.455,-0.711,0.113,0.033,-0.693,3095,111,0,3176,1659,2519,137,2456,51,1.106,1,2296,0,64.637,2.005,-46.000,-6.938,-44.875,-0.195,-0.109,0.758,-1.797,-0.891,-1.469,0.564,0.058,0.942,1.316,2,NULL,NULL,,3,1,2,7,255,1149,250,0,0
stim,272104,302225,1,302225,3499554.453,-0.710,0.112,0.033,-0.695,3101,118,0,3191,1717,2529,136,2473,51,1.106,1,2296,0,59.651,1.921,-20.875,-7.938,-55.313,-0.125,0.012,0.902,-1.797,-0.680,-1.469,0.572,0.052,0.942,1.316,2,NULL,NULL,,3,1,2,7,255,1149,250,0,0
stim,272104,302225,1,302225,3499559.455,-0.708,0.111,0.034,-0.696,3097,145,16,3178,1769,2540,137,2489,51,1.106,1,2296,0,52.705,1.255,-15.750,-6.500,-49.875,-0.004,-0.020,1.039,-1.055,-0.680,-0.922,0.582,0.046,0.942,1.316,2,NULL,NULL,,3,1,2,7,255,1149,250,0,0
stim,272134,302255,1,302255,3499564.453,-0.708,0.110,0.034,-0.697,3097,166,55,3181,1805,2549,137,2503,51,1.106,1,2296,0,38.867,2.344,-22.125,-5.375,-31.500,0.000,-0.027,1.051,-1.055,-2.094,0.105,0.590,0.040,0.942,1.316,2,NULL,NULL,,3,1,2,7,255,1149,250,0,0
stim,272134,302255,1,302255,3499569.455,-0.707,0.109,0.035,-0.698,3100,190,76,3183,1845,2552,125,2507,51,1.106,1,2296,0,31.180,2.344,-23.313,-3.688,-20.375,-0.078,0.016,0.992,-1.055,-2.094,0.105,0.598,0.036,0.942,1.316,2,NULL,NULL,,3,1,2,7,255,1149,250,0,0
stim,272134,302255,1,302255,3499574.454,-0.707,0.108,0.035,-0.699,3103,205,119,3183,1891,2557,123,2513,51,1.106,1,2296,0,26.747,1.433,-15.563,-1.688,-21.688,-0.129,0.031,0.965,-0.656,-1.273,-0.145,0.604,0.032,0.942,1.316,2,NULL,NULL,,3,1,2,7,255,1149,250,0,0
stim,272134,302255,0,302255,3499579.455,-0.706,0.107,0.036,-0.699,3101,229,155,3183,1913,2569,120,2517,51,1.106,1,2296,0,25.334,1.209,-9.438,-0.688,-23.500,-0.109,-0.016,1.008,-0.656,-1.016,-0.145,0.610,0.026,0.942,1.316,2,NULL,NULL,,3,0,2,7,255,1143,250,0,0
stim,272134,302255,0,302255,3499584.454,-0.705,0.107,0.036,-0.700,3107,241,187,3177,1931,2571,111,2522,51,1.106,1,2296,0,21.108,1.240,-9.313,-0.438,-18.938,-0.129,-0.055,1.004,-0.930,-0.820,0.016,0.618,0.022,0.942,1.316,2,NULL,NULL,,3,0,2,7,255,1143,250,0,0
stim,272134,302255,0,302255,3499589.455,-0.705,0.106,0.037,-0.700,3113,239,229,3191,1947,2575,105,2535,51,1.126,1,2296,1,16.021,1.361,-9.500,-0.813,-12.875,-0.145,-0.035,0.988,-1.086,-0.820,0.016,0.000,0.000,0.963,1.318,2,NULL,NULL,,3,0,2,7,255,1143,250,0,0
stim,272170,302291,0,302291,3499594.453,-0.705,0.106,0.037,-0.701,3107,245,293,3193,1969,2584,83,2535,51,1.126,1,2296,1,12.464,1.261,-6.938,-0.938,-10.313,-0.152,0.016,0.980,-1.086,-0.641,-0.102,0.006,0.004,0.963,1.318,2,NULL,NULL,,3,0,2,7,255,1143,250,0,0
stim,272170,302291,0,302291,3499599.455,-0.704,0.106,0.037,-0.701,3101,242,313,3184,1983,2587,75,2536,51,1.126,1,2296,1,12.957,0.813,-5.688,-0.625,-11.625,-0.156,0.027,1.000,-0.598,-0.551,-0.102,0.012,0.008,0.963,1.318,2,NULL,NULL,,3,0,2,7,255,1143,250,0,0
stim,272170,302291,0,302291,3499604.453,-0.704,0.105,0.037,-0.701,3100,239,319,3181,1991,2580,60,2533,51,1.126,1,2296,1,12.725,0.813,-6.313,-1.563,-10.938,-0.133,-0.020,1.012,-0.598,-0.551,0.090,0.016,0.012,0.963,1.318,2,NULL,NULL,,3,0,2,7,255,1143,250,0,0
stim,272170,302291,0,302291,3499609.455,-0.704,0.105,0.037,-0.701,3113,235,317,3188,2001,2588,47,2531,51,1.126,1,2296,1,8.882,1.222,-7.813,-1.688,-3.875,-0.105,-0.063,1.000,-0.926,-0.797,0.090,0.022,0.014,0.963,1.318,2,NULL,NULL,,3,0,2,7,255,1143,250,0,0
stim,272201,302322,0,302322,3499614.454,-0.704,0.104,0.038,-0.701,3109,231,323,3185,2004,2584,41,2542,51,1.126,1,2296,1,7.078,1.309,-6.313,-2.000,2.500,-0.152,-0.035,0.973,-1.039,-0.797,-0.059,0.026,0.018,0.963,1.318,2,NULL,NULL,,3,0,2,7,255,1143,250,0,0
stim,272201,302322,0,302322,3499619.455,-0.704,0.104,0.038,-0.701,3080,221,329,3177,2011,2580,27,2547,51,1.126,1,2296,1,2.691,1.157,-2.063,-1.688,-0.375,-0.199,0.020,0.977,-1.039,-0.508,-0.059,0.030,0.020,0.963,1.318,2,NULL,NULL,,3,0,2,7,255,1143,250,0,0
stim,272201,302322,0,302322,3499624.454,-0.704,0.104,0.038,-0.702,3099,217,346,3175,2015,2571,25,2538,51,1.126,1,2296,1,6.281,0.648,-0.500,-2.875,-5.563,-0.172,0.031,1.004,-0.520,-0.387,-0.043,0.034,0.022,0.963,1.318,2,NULL,NULL,,3,0,2,7,255,1143,250,0,0
stim,272201,302322,0,302322,3499629.455,-0.704,0.104,0.037,-0.702,3093,209,359,3167,2027,2583,21,2551,51,1.126,1,2296,1,5.069,0.608,-1.688,-3.563,-3.188,-0.137,0.023,0.996,-0.469,-0.387,0.023,0.038,0.024,0.963,1.318,2,NULL,NULL,,3,0,2,7,255,1143,250,0,0
stim,272201,302322,0,302322,3499634.453,-0.704,0.104,0.037,-0.702,3089,202,363,3157,2035,2581,24,2547,51,1.126,1,2296,1,5.645,0.628,-1.125,-4.688,2.938,-0.156,0.039,0.969,-0.422,-0.465,0.023,0.040,0.026,0.963,1.318,2,NULL,NULL,,3,0,2,7,255,1143,250,0,0
stim,272201,302322,0,302322,3499639.455,-0.704,0.103,0.037,-0.702,3081,197,373,3163,2039,2584,19,2544,51,1.126,1,2296,1,6.202,0.558,1.625,-5.250,2.875,-0.203,0.066,0.973,-0.309,-0.465,-0.059,0.044,0.028,0.963,1.318,2,NULL,NULL,,3,0,2,7,255,1143,250,0,0
stim,272229,302350,0,302350,3499644.453,-0.704,0.103,0.037,-0.702,3079,187,399,3155,2056,2577,22,2544,51,1.126,1,2296,1,7.568,0.067,3.125,-5.938,-3.500,-0.211,0.074,1.000,-0.066,-0.004,-0.059,0.046,0.030,0.963,1.318,2,NULL,NULL,,3,0,2,7,255,1143,250,0,0
stim,272229,302350,0,302350,3499649.455,-0.704,0.103,0.037,-0.702,3053,181,415,3151,2063,2577,20,2569,51,1.126,1,2296,1,11.035,0.035,2.938,-6.938,-8.063,-0.172,0.070,1.008,-0.035,-0.004,0.211,0.048,0.030,0.963,1.318,2,NULL,NULL,,3,0,2,7,255,1143,250,0,0
stim,272229,302350,0,302350,3499654.454,-0.704,0.103,0.036,-0.702,3063,181,436,3125,2074,2579,21,2571,51,1.126,1,2296,1,10.152,0.348,2.125,-7.813,-6.125,-0.145,0.070,1.000,-0.023,-0.348,0.211,0.050,0.028,0.963,1.318,2,NULL,NULL,,3,0,2,7,255,1143,250,0,0
stim,272229,302350,0,302350,3499659.455,-0.704,0.103,0.036,-0.702,3053,175,446,3113,2075,2577,23,2575,51,1.126,1,2296,1,8.854,0.392,1.438,-8.313,-2.688,-0.160,0.066,0.980,-0.035,-0.391,0.082,0.050,0.028,0.963,1.318,2,NULL,NULL,,3,0,2,7,255,1143,250,0,0
stim,272229,302350,0,302350,3499664.454,-0.703,0.103,0.036,-0.702,3035,166,461,3111,2087,2569,28,2568,51,1.126,1,2296,1,9.836,0.391,3.000,-8.500,-3.938,-0.188,0.086,0.980,-0.023,-0.391,0.008,0.052,0.028,0.963,1.318,2,NULL,NULL,,3,0,2,7,255,1143,250,0,0
stim,272229,302350,0,302350,3499669.455,-0.703,0.102,0.035,-0.703,3031,170,501,3099,2107,2571,27,2585,51,1.126,1,2296,1,12.611,0.267,5.375,-10.063,-5.375,-0.180,0.133,0.992,0.121,-0.238,0.008,0.054,0.026,0.963,1.318,2,NULL,NULL,,3,0,2,7,255,1143,250,0,0
stim,272229,302350,0,302350,3499674.454,-0.703,0.102,0.034,-0.703,3017,167,547,3091,2121,2582,47,2586,51,1.126,1,2296,1,13.699,0.625,6.125,-11.188,-5.000,-0.172,0.156,1.004,0.578,-0.238,0.125,0.052,0.024,0.963,1.318,2,NULL,NULL,,3,0,2,7,255,1143,250,0,0
stim,272229,302350,0,302350,3499679.455,-0.703,0.102,0.034,-0.703,2979,175,589,3079,2153,2575,75,2605,51,1.126,1,2296,1,14.190,0.842,5.188,-12.250,-4.938,-0.164,0.188,1.031,0.777,-0.324,0.238,0.052,0.020,0.963,1.318,2,NULL,NULL,,3,0,2,7,255,1143,250,0,0
stim,272254,302375,0,302375,3499684.453,-0.703,0.102,0.033,-0.703,2988,183,647,3058,2195,2583,81,2615,51,1.126,1,2296,1,14.622,1.148,3.000,-13.938,-3.250,-0.156,0.227,1.039,1.063,-0.434,0.520,0.052,0.014,0.963,1.318,2,NULL,NULL,,3,0,2,7,255,1143,250,0,0
stim,272254,302375,0,302375,3499689.455,-0.703,0.102,0.033,-0.703,2967,189,696,3047,2218,2581,89,2621,51,1.126,1,2296,1,13.573,1.301,-0.313,-12.688,-4.813,-0.168,0.203,1.023,1.227,-0.434,0.520,0.052,0.008,0.963,1.318,2,NULL,NULL,,3,0,2,7,255,1143,250,0,0
stim,272254,302375,0,302375,3499694.454,-0.703,0.101,0.032,-0.704,2953,198,747,3031,2253,2579,155,2637,51,1.126,1,2296,1,15.020,1.328,-3.438,-12.438,-7.688,-0.133,0.199,1.027,1.227,-0.508,0.453,0.052,0.006,0.963,1.318,2,NULL,NULL,,3,0,2,7,255,1143,250,0,0
stim,272254,302375,0,302375,3499699.455,-0.703,0.101,0.032,-0.704,2937,204,791,3017,2280,2580,191,2657,51,1.126,1,2296,1,14.578,1.367,-3.750,-13.750,-3.063,-0.129,0.184,1.023,1.180,-0.691,0.418,0.054,0.006,0.963,1.318,2,NULL,NULL,,3,0,2,7,255,1143,250,0,0
stim,272254,302375,0,302375,3499704.453,-0.702,0.100,0.031,-0.704,2919,223,842,3006,2313,2584,236,2663,51,1.126,1,2296,1,14.622,1.248,-5.250,-11.563,-7.250,-0.176,0.121,0.996,1.039,-0.691,0.387,0.056,0.006,0.963,1.318,2,NULL,NULL,,3,0,2,7,255,1143,250,0,0
stim,272254,302375,0,302375,3499709.455,-0.702,0.100,0.031,-0.704,2887,237,919,3006,2333,2583,250,2669,51,1.126,1,2296,1,17.072,0.661,-7.625,-12.250,-9.125,-0.148,0.125,0.992,0.484,-0.449,0.164,0.058,0.010,0.963,1.318,2,NULL,NULL,,3,0,2,7,255,1143,250,0,0
stim,272312,302433,0,302433,3499714.453,-0.702,0.099,0.031,-0.705,2893,247,991,2981,2381,2587,303,2693,51,1.126,1,2296,1,16.577,0.481,-4.000,-12.188,-10.500,-0.164,0.082,0.973,0.422,-0.230,0.078,0.060,0.012,0.963,1.318,2,NULL,NULL,,3,0,2,7,255,1143,250,0,0
stim,272312,302433,0,302433,3499719.455,-0.702,0.098,0.031,-0.705,2862,253,1109,2972,2419,2595,343,2699,51,1.126,1,2296,1,19.702,0.446,-3.875,-11.938,-15.188,-0.145,0.070,0.984,0.066,-0.441,-0.059,0.062,0.014,0.963,1.318,2,NULL,NULL,,3,0,2,7,255,1143,250,0,0
stim,272312,302433,0,302433,3499724.454,-0.701,0.098,0.031,-0.705,2839,261,1183,2958,2431,2589,397,2701,51,1.126,1,2296,1,17.289,0.361,-6.438,-12.188,-10.438,-0.152,0.063,0.984,-0.039,-0.359,-0.059,0.064,0.016,0.963,1.318,2,NULL,NULL,,3,0,2,7,255,1143,250,0,0
stim,272312,302433,0,302433,3499729.455,-0.701,0.097,0.031,-0.706,2813,265,1251,2942,2461,2589,470,2712,51,1.126,1,2296,1,22.228,0.378,-7.125,-12.250,-17.125,-0.188,0.031,0.984,-0.117,-0.359,-0.039,0.064,0.018,0.963,1.318,2,NULL,NULL,,3,0,2,7,255,1143,250,0,0
stim,272312,302433,0,302433,3499734.454,-0.700,0.096,0.031,-0.707,2795,261,1327,2924,2491,2591,533,2725,51,1.126,1,2296,1,25.778,0.407,-9.125,-12.688,-20.500,-0.176,0.008,0.973,-0.398,-0.082,-0.039,0.066,0.018,0.963,1.318,2,NULL,NULL,,3,0,2,7,255,1143,250,0,0
stim,272312,302433,0,302433,3499739.455,-0.700,0.096,0.031,-0.707,2776,274,1387,2911,2517,2596,559,2735,51,1.126,1,2296,1,28.626,0.599,-9.375,-13.500,-23.438,-0.152,-0.012,0.961,-0.594,-0.082,-0.125,0.066,0.020,0.963,1.318,2,NULL,NULL,,3,0,2,7,255,1143,250,0,0
stim,272312,302433,0,302433,3499744.453,-0.699,0.095,0.030,-0.708,2747,279,1495,2895,2541,2598,682,2744,51,1.126,1,2296,1,27.435,0.630,-8.750,-14.625,-21.500,-0.164,0.004,0.969,-0.613,-0.145,-0.184,0.068,0.020,0.963,1.318,2,NULL,NULL,,3,0,2,7,255,1143,250,0,0
stim,272312,302433,0,302433,3499749.455,-0.698,0.094,0.030,-0.709,2719,291,1589,2879,2569,2601,778,2760,51,1.126,1,2296,1,30.923,0.630,-10.375,-15.563,-24.625,-0.195,0.020,0.988,-0.613,-0.145,-0.184,0.068,0.022,0.963,1.318,2,NULL,NULL,,3,0,2,7,255,1143,250,0,0
stim,272312,302433,0,302433,3499754.453,-0.698,0.093,0.030,-0.710,2693,307,1658,2861,2589,2600,889,2773,51,1.126,1,2296,1,33.452,0.472,-9.938,-16.250,-27.500,-0.129,0.066,0.984,-0.449,-0.145,-0.082,0.070,0.020,0.963,1.318,2,NULL,NULL,,3,0,2,7,255,1143,250,0,0
stim,272312,302433,0,302433,3499759.455,-0.697,0.092,0.030,-0.711,2655,319,1747,2845,2614,2604,996,2782,51,1.126,1,2296,1,33.975,0.611,-11.563,-15.938,-27.688,-0.129,0.027,0.996,-0.367,-0.488,0.016,0.072,0.020,0.963,1.318,2,NULL,NULL,,3,0,2,7,255,1143,250,0,0
stim,272312,302433,0,302433,3499764.454,-0.696,0.091,0.030,-0.711,2615,333,1830,2827,2636,2606,1096,2795,51,1.126,1,2296,1,31.238,0.636,-14.188,-17.125,-21.938,-0.105,0.023,1.004,-0.367,-0.520,0.016,0.074,0.020,0.963,1.318,2,NULL,NULL,,3,0,2,7,255,1143,250,0,0
stim,272312,302433,0,302433,3499769.455,-0.696,0.090,0.030,-0.712,2571,341,1880,2808,2659,2605,1198,2803,51,1.126,1,2296,1,33.642,0.660,-17.813,-16.375,-23.375,-0.156,-0.016,0.988,-0.406,-0.520,0.016,0.076,0.020,0.963,1.318,2,NULL,NULL,,3,0,2,7,255,1143,250,0,0
stim,272352,302473,0,302473,3499774.454,-0.695,0.089,0.030,-0.713,2526,347,1939,2789,2680,2611,1295,2815,51,1.126,1,2296,1,33.354,0.561,-17.625,-18.500,-21.438,-0.137,0.023,0.988,-0.406,-0.387,-0.016,0.080,0.020,0.963,1.318,2,NULL,NULL,,3,0,2,7,255,1143,250,0,0
stim,272352,302473,0,302473,3499779.455,-0.694,0.087,0.031,-0.714,2487,357,1995,2777,2699,2615,1389,2834,51,1.126,1,2296,1,35.069,0.564,-18.188,-17.375,-24.438,-0.141,0.008,0.984,-0.473,-0.309,-0.043,0.082,0.020,0.963,1.318,2,NULL,NULL,,3,0,2,7,255,1143,250,0,0
stim,272352,302473,0,302473,3499784.453,-0.694,0.086,0.030,-0.714,2443,347,2072,2733,2717,2612,1495,2840,51,1.126,1,2296,1,34.956,0.520,-17.000,-18.813,-24.063,-0.113,0.051,1.004,-0.348,-0.387,-0.043,0.084,0.020,0.963,1.318,2,NULL,NULL,,3,0,2,7,255,1143,250,0,0
stim,272352,302473,0,302473,3499789.455,-0.693,0.085,0.031,-0.715,2397,359,2136,2705,2731,2615,1578,2847,51,1.126,1,2296,1,33.701,0.681,-17.750,-17.813,-22.438,-0.094,0.023,0.961,-0.297,-0.613,-0.074,0.086,0.022,0.963,1.318,2,NULL,NULL,,3,0,2,7,255,1143,250,0,0
stim,272352,302473,0,302473,3499794.453,-0.693,0.084,0.030,-0.716,2348,377,2195,2682,2747,2617,1685,2857,51,1.126,1,2296,1,28.248,0.760,-11.938,-18.688,-17.500,-0.082,-0.008,0.957,-0.297,-0.699,-0.371,0.088,0.022,0.963,1.318,2,NULL,NULL,,3,0,2,7,255,1143,250,0,0
stim,272352,302473,0,302473,3499799.455,-0.692,0.083,0.030,-0.716,2265,393,2237,2645,2763,2617,1751,2870,51,1.126,1,2296,1,24.496,0.912,-10.000,-18.500,-12.563,-0.129,-0.020,0.984,-0.586,-0.699,-0.371,0.090,0.022,0.963,1.318,2,NULL,NULL,,3,0,2,7,255,1143,250,0,0
stim,272382,302503,0,302503,3499804.454,-0.692,0.082,0.030,-0.717,2207,393,2281,2605,2779,2620,1827,2877,51,1.126,1,2296,1,26.601,0.704,-10.000,-19.750,-14.750,-0.160,-0.016,1.016,-0.621,-0.332,-0.109,0.092,0.024,0.963,1.318,2,NULL,NULL,,3,0,2,7,255,1143,250,0,0
stim,272382,302503,0,302503,3499809.455,-0.691,0.081,0.030,-0.717,2149,395,2327,2558,2795,2623,1887,2891,51,1.126,1,2296,1,31.207,0.655,-14.438,-19.688,-19.438,-0.148,0.000,1.020,-0.621,-0.207,0.234,0.094,0.024,0.963,1.318,2,NULL,NULL,,3,0,2,7,255,1143,250,0,0
stim,272404,302525,0,302525,3499814.453,-0.691,0.079,0.030,-0.718,2059,392,2379,2515,2811,2623,1961,2899,51,1.126,1,2296,1,34.828,0.530,-18.688,-20.625,-20.938,-0.137,0.012,1.031,-0.488,-0.207,0.289,0.098,0.024,0.963,1.318,2,NULL,NULL,,3,0,2,7,255,1143,250,0,0
stim,272404,302525,0,302525,3499819.455,-0.690,0.078,0.030,-0.719,1990,377,2411,2461,2829,2623,2031,2905,51,1.126,1,2296,1,38.648,0.448,-24.625,-21.125,-21.000,-0.121,0.023,1.035,-0.336,-0.297,0.379,0.100,0.024,0.963,1.318,2,NULL,NULL,,3,0,2,7,255,1143,250,0,0
stim,272404,302525,0,302525,3499824.454,-0.690,0.076,0.030,-0.719,1895,371,2455,2397,2841,2628,2103,2915,51,1.126,1,2296,1,38.366,0.363,-25.625,-21.750,-18.500,-0.129,0.031,0.996,-0.203,-0.301,0.379,0.102,0.024,0.963,1.318,2,NULL,NULL,,3,0,2,7,255,1143,250,0,0
stim,272404,302525,0,302525,3499829.455,-0.690,0.075,0.030,-0.720,1784,360,2485,2317,2857,2629,2157,2919,51,1.126,1,2296,1,34.654,0.321,-19.750,-22.750,-17.125,-0.133,0.078,0.988,-0.113,-0.301,0.047,0.106,0.024,0.963,1.318,2,NULL,NULL,,3,0,2,7,255,1143,250,0,0
stim,272404,302525,0,302525,3499834.454,-0.689,0.074,0.030,-0.720,1653,327,2521,2250,2867,2629,2207,2927,51,1.126,1,2296,1,34.927,0.295,-17.188,-23.688,-19.063,-0.160,0.055,1.023,0.168,-0.242,0.047,0.108,0.026,0.963,1.318,2,NULL,NULL,,3,0,2,7,255,1143,250,0,0
stim,272404,302525,0,302525,3499839.455,-0.688,0.072,0.030,-0.721,1489,295,2549,2158,2879,2622,2261,2935,51,1.126,1,2296,1,41.844,0.207,-21.313,-24.313,-26.563,-0.152,-0.004,1.074,0.168,-0.121,0.363,0.110,0.026,0.963,1.318,2,NULL,NULL,,3,0,2,7,255,1143,250,0,0
stim,272404,302525,0,302525,3499844.453,-0.688,0.070,0.030,-0.722,1331,267,2578,2031,2895,2623,2315,2941,51,1.126,1,2296,1,46.326,0.405,-27.250,-24.750,-28.125,-0.102,-0.020,1.051,-0.387,-0.121,0.496,0.112,0.028,0.963,1.318,2,NULL,NULL,,3,0,2,7,255,1143,250,0,0
stim,272404,302525,0,302525,3499849.455,-0.687,0.069,0.030,-0.723,1205,255,2599,1908,2907,2620,2363,2951,51,1.126,1,2296,1,44.553,0.674,-29.813,-24.688,-22.063,-0.078,-0.008,1.008,-0.395,-0.547,0.496,0.114,0.028,0.963,1.318,2,NULL,NULL,,3,0,2,7,255,1143,250,0,0
stim,272404,302525,0,302525,3499854.453,-0.687,0.067,0.031,-0.723,1048,249,2622,1750,2918,2617,2409,2955,51,1.126,1,2296,1,41.262,0.674,-26.813,-25.000,-18.938,-0.117,0.008,0.992,-0.395,-0.547,0.059,0.116,0.030,0.963,1.318,2,NULL,NULL,,3,0,2,7,255,1143,250,0,0
stim,272404,302525,0,302525,3499859.455,-0.686,0.065,0.030,-0.724,891,210,2648,1581,2927,2615,2455,2963,51,1.126,1,2296,1,40.600,0.339,-22.875,-26.500,-20.563,-0.133,0.031,1.000,-0.184,-0.285,0.059,0.116,0.030,0.963,1.318,2,NULL,NULL,,3,0,2,7,255,1143,250,0,0
stim,272433,302554,0,302554,3499864.454,-0.686,0.064,0.030,-0.725,687,189,2665,1397,2939,2613,2491,2969,51,1.126,1,2296,1,40.539,0.119,-20.063,-28.000,-21.375,-0.137,0.020,1.016,-0.035,-0.113,0.066,0.118,0.030,0.963,1.318,2,NULL,NULL,,3,0,2,7,255,1143,250,0,0
stim,272433,302554,0,302554,3499869.455,-0.685,0.062,0.030,-0.725,543,137,2684,1199,2955,2607,2527,2975,51,1.126,1,2296,1,41.472,0.119,-19.563,-29.625,-21.438,-0.133,0.008,1.047,-0.035,-0.113,0.242,0.120,0.032,0.963,1.318,2,NULL,NULL,,3,0,2,7,255,1143,250,0,0
stim,272433,302554,0,302554,3499874.454,-0.684,0.061,0.030,-0.726,346,83,2711,989,2967,2601,2578,2983,51,1.126,1,2296,1,42.667,0.119,-19.375,-31.563,-21.188,-0.105,0.023,1.055,-0.035,-0.113,0.523,0.122,0.032,0.963,1.318,2,NULL,NULL,,3,0,2,7,255,1143,250,0,0
stim,272433,302554,0,302554,3499879.455,-0.684,0.059,0.029,-0.726,185,61,2731,819,2975,2591,2611,2989,51,1.126,1,2296,1,43.151,0.373,-20.625,-32.688,-19.188,-0.090,0.066,1.078,0.039,-0.371,0.570,0.122,0.034,0.963,1.318,2,NULL,NULL,,3,0,2,7,255,1143,250,0,0
stim,272433,302554,0,302554,3499884.453,-0.684,0.057,0.029,-0.727,89,3,2748,594,2987,2579,2638,2995,51,1.126,1,2296,1,44.368,0.580,-22.938,-33.063,-18.688,-0.125,0.066,1.082,0.445,-0.371,0.770,0.122,0.036,0.963,1.318,2,NULL,NULL,,3,0,2,7,255,1143,250,0,0
stim,272433,302554,0,302554,3499889.455,-0.683,0.055,0.029,-0.728,24,0,2791,383,2992,2565,2665,3031,51,1.126,1,2296,1,48.913,0.528,-24.500,-36.688,-21.125,-0.125,0.082,1.086,0.492,-0.191,0.883,0.122,0.038,0.963,1.318,2,NULL,NULL,,3,0,2,7,255,1143,250,0,0
stim,272465,302586,0,302586,3499894.453,-0.682,0.053,0.028,-0.729,0,0,2785,205,3005,2540,2696,3001,51,1.126,1,2296,1,55.548,0.680,-25.938,-38.750,-30.188,-0.141,0.090,1.082,0.660,-0.164,0.895,0.122,0.040,0.963,1.318,2,NULL,NULL,,3,0,2,7,255,1143,250,0,0
stim,272465,302586,0,302586,3499899.455,-0.681,0.051,0.028,-0.730,0,0,2804,87,3017,2520,2723,3005,51,1.126,1,2296,1,60.717,0.825,-22.875,-42.250,-37.125,-0.105,0.102,1.070,0.809,-0.164,0.895,0.122,0.044,0.963,1.318,2,NULL,NULL,,3,0,2,7,255,1143,250,0,0
stim,272465,302586,0,302586,3499904.454,-0.680,0.050,0.027,-0.731,0,0,2821,57,3027,2491,2747,3007,51,1.126,1,2296,1,60.239,0.809,-9.250,-46.125,-37.625,-0.234,0.023,1.098,0.809,0.000,0.895,0.118,0.050,0.963,1.318,2,NULL,NULL,,3,0,2,7,255,1143,250,0,0
stim,272465,302586,0,302586,3499909.455,-0.679,0.048,0.025,-0.732,0,0,2831,0,3035,2461,2779,3013,51,1.126,1,2296,0,66.225,1.062,15.313,-55.375,-32.938,-0.340,-0.066,1.203,0.238,1.035,1.129,0.114,0.058,0.963,1.318,3,NULL,NULL,,3,0,2,7,255,1143,250,0,0
stim,272501,302622,0,302622,3499914.453,-0.678,0.047,0.023,-0.734,0,0,2845,0,3049,2445,2791,3025,51,1.126,1,2296,0,81.879,2.119,21.813,-62.063,-48.750,-0.371,-0.082,1.352,-0.547,2.047,2.273,0.108,0.066,0.963,1.318,3,NULL,NULL,,3,0,2,7,255,1143,250,0,0
stim,272501,302622,0,302622,3499919.455,-0.676,0.046,0.020,-0.735,0,0,2852,0,3048,2407,2811,3033,51,1.126,1,2296,0,91.354,2.119,28.125,-70.875,-50.313,-0.320,0.031,1.566,-0.547,2.047,3.727,0.104,0.074,0.963,1.318,3,NULL,NULL,,3,0,2,7,255,1143,250,0,0
stim,272501,302622,0,302622,3499924.454,-0.676,0.044,0.017,-0.736,0,0,2858,0,3059,2360,2847,3025,51,1.126,1,2296,0,86.220,1.636,23.625,-80.000,-21.813,-0.199,0.273,1.746,0.316,1.605,5.777,0.100,0.080,0.963,1.318,3,NULL,NULL,,3,0,2,7,255,1143,250,0,0
stim,272501,302622,0,302622,3499929.455,-0.675,0.040,0.016,-0.736,0,0,2863,0,3061,2328,2868,3020,51,1.126,1,2296,0,95.950,2.555,-51.188,-80.188,-12.500,-0.039,0.297,1.473,2.551,0.148,5.777,0.096,0.086,0.963,1.318,3,NULL,NULL,,3,0,2,7,255,1143,250,0,0
stim,272501,302622,0,302622,3499934.454,-0.676,0.035,0.016,-0.736,0,0,2871,0,3063,2250,2887,3027,51,1.126,1,2296,0,113.206,2.557,-78.375,-81.688,0.188,-0.070,0.047,1.070,2.551,-0.172,4.605,0.090,0.094,0.963,1.318,3,NULL,NULL,,3,0,2,7,255,1143,250,0,0
stim,272501,302622,0,302622,3499939.455,-0.677,0.031,0.015,-0.736,0,0,2869,0,3079,2189,2893,3023,51,1.126,1,2296,0,102.257,0.485,-42.125,-89.813,24.813,-0.211,-0.105,0.938,0.453,-0.172,0.699,0.084,0.102,0.963,1.318,3,NULL,NULL,,3,0,2,7,255,1143,250,0,0
stim,272528,302649,0,302649,3499944.454,-0.677,0.028,0.012,-0.735,0,0,2859,0,3091,2100,2903,3019,51,1.126,1,2296,0,99.442,1.717,-2.875,-97.250,20.563,-0.332,-0.195,0.996,-0.902,1.461,0.152,0.078,0.110,0.963,1.318,3,NULL,NULL,,3,0,2,7,255,1143,250,0,0
stim,272528,302649,0,302649,3499949.455,-0.678,0.025,0.008,-0.735,0,0,2872,0,3083,2001,2915,3020,51,1.126,1,2296,0,103.238,3.112,9.938,-102.750,-1.313,-0.313,-0.230,1.141,-1.672,2.625,0.152,0.072,0.120,0.963,1.318,3,NULL,NULL,,3,0,2,7,255,1143,250,0,0
stim,272528,302649,0,302649,3499954.453,-0.677,0.021,0.005,-0.735,0,0,2841,0,3091,1877,2923,3025,51,1.126,1,2296,0,108.165,3.288,3.625,-107.813,-7.938,-0.195,-0.219,1.238,-1.980,2.625,1.531,0.068,0.128,0.963,1.318,3,NULL,NULL,,3,0,2,7,255,1143,250,0,0
stim,272528,302649,0,302649,3499959.455,-0.678,0.018,0.002,-0.735,0,0,2843,0,3095,1759,2939,3014,51,1.126,1,2296,0,111.749,2.513,-3.938,-111.625,3.500,-0.137,-0.160,1.211,-1.980,1.547,2.102,0.068,0.138,0.963,1.318,3,NULL,NULL,,3,0,2,7,255,1143,250,0,0
stim,272528,302649,0,302649,3499964.453,-0.678,0.014,-0.001,-0.735,0,0,2826,0,3097,1618,2943,3015,51,1.126,1,2296,0,117.424,1.804,-6.500,-116.313,14.750,-0.121,-0.113,1.148,-1.461,1.059,2.102,0.068,0.148,0.963,1.318,3,NULL,NULL,,3,0,2,7,255,1143,250,0,0
stim,272528,302649,0,302649,3499969.455,-0.679,0.010,-0.004,-0.734,0,0,2797,0,3100,1419,2957,3003,51,1.126,1,2296,0,123.470,1.426,-6.938,-121.250,22.250,-0.117,-0.074,1.148,-0.988,1.027,1.469,0.068,0.158,0.963,1.318,3,NULL,NULL,,3,0,2,7,255,1143,250,0,0
stim,272528,302649,0,302649,3499974.454,-0.680,0.006,-0.007,-0.733,0,0,2775,0,3100,1192,2970,2997,51,1.126,1,2296,0,128.815,1.194,-5.625,-126.000,26.188,-0.152,-0.055,1.117,-0.609,1.027,1.453,0.068,0.168,0.963,1.318,3,NULL,NULL,,3,0,2,7,255,1143,250,0,0
stim,272528,302649,0,302649,3499979.455,-0.681,0.002,-0.011,-0.732,0,0,2731,0,3108,948,2966,2991,51,1.126,1,2296,0,133.991,1.565,5.875,-131.750,23.688,-0.195,-0.070,1.090,-0.484,1.488,1.145,0.068,0.180,0.963,1.318,3,NULL,NULL,,3,0,2,7,255,1143,250,0,0
stim,272553,302674,0,302674,3499984.453,-0.681,-0.002,-0.016,-0.732,0,0,2703,0,3103,721,2983,2991,51,1.126,1,2296,0,141.285,2.039,19.688,-138.938,16.438,-0.238,-0.059,1.117,-0.379,2.004,1.086,0.066,0.190,0.963,1.318,3,NULL,NULL,,3,0,2,7,255,1143,250,0,0
stim,272553,302674,0,302674,3499989.455,-0.682,-0.005,-0.021,-0.731,0,0,2664,0,3115,529,2982,2980,51,1.126,1,2296,0,149.913,2.336,34.500,-145.750,6.375,-0.199,0.012,1.203,-0.359,2.309,1.086,0.062,0.200,0.963,1.318,3,NULL,NULL,,3,0,2,7,255,1143,250,0,0
stim,272553,302674,0,302674,3499994.453,-0.682,-0.009,-0.027,-0.731,0,0,2607,0,3101,393,2987,2959,51,1.126,1,2296,0,156.896,2.327,37.313,-152.375,2.438,-0.133,0.098,1.320,0.293,2.309,1.906,0.056,0.212,0.963,1.318,3,NULL,NULL,,3,0,2,7,255,1143,250,0,0
stim,272553,302674,0,302674,3499999.455,-0.682,-0.013,-0.032,-0.731,0,0,2551,0,3111,184,2996,2953,51,1.126,1,2296,0,161.134,2.092,29.438,-158.375,3.875,-0.090,0.195,1.367,1.059,1.805,3.051,0.050,0.226,0.963,1.318,3,NULL,NULL,,3,0,2,7,255,1143,250,0,0
stim,272553,302674,0,302674,3500004.454,-0.682,-0.017,-0.038,-0.730,0,0,2483,0,3103,87,2999,2933,51,1.126,1,2296,0,164.107,2.595,21.438,-162.688,2.063,-0.094,0.316,1.410,1.961,1.699,3.496,0.048,0.240,0.963,1.318,3,NULL,NULL,,3,0,2,7,255,1143,250,0,0
stim,272553,302674,0,302674,3500009.455,-0.682,-0.022,-0.043,-0.730,0,0,2397,0,3096,31,2996,2900,51,1.126,1,2296,0,169.266,3.554,8.250,-169.063,0.875,-0.113,0.391,1.457,3.121,1.699,3.895,0.050,0.256,0.963,1.318,3,NULL,NULL,,3,0,2,7,255,1143,250,0,0
stim,272615,302736,0,302736,3500014.454,-0.682,-0.028,-0.049,-0.730,0,0,2313,0,3092,0,3007,2864,51,1.126,1,2296,0,176.535,4.190,3.500,-176.500,0.063,-0.207,0.359,1.563,3.641,2.074,4.332,0.056,0.274,0.963,1.318,3,NULL,NULL,,3,0,2,7,255,1143,250,0,0
stim,272615,302736,0,302736,3500019.455,-0.681,-0.034,-0.054,-0.729,0,0,2197,0,3087,4,3001,2837,51,1.126,1,2296,0,189.514,4.930,-4.688,-189.438,2.625,-0.270,0.273,1.793,3.641,3.324,5.203,0.070,0.296,0.963,1.318,3,NULL,NULL,,3,0,2,7,255,1143,250,0,0
stim,272615,302736,0,302736,3500024.454,-0.681,-0.041,-0.060,-0.728,0,0,2075,0,3079,6,2989,2785,51,1.126,1,2296,0,203.944,5.392,-14.813,-203.250,7.938,-0.328,0.188,2.027,2.910,4.539,7.297,0.092,0.324,0.963,1.318,3,NULL,NULL,,3,0,2,7,255,1143,250,0,0
stim,272615,302736,0,302736,3500029.455,-0.682,-0.049,-0.065,-0.727,0,0,1916,0,3067,51,2981,2737,51,1.126,1,2296,0,224.816,6.333,-28.125,-221.500,26.250,-0.414,0.215,2.176,2.551,5.797,9.430,0.124,0.360,0.963,1.318,3,NULL,NULL,,3,0,2,7,255,1143,250,0,0
stim,272615,302736,0,302736,3500034.453,-0.682,-0.058,-0.071,-0.725,0,0,1767,0,3065,69,2980,2687,51,1.126,1,2296,0,249.931,7.630,-51.125,-241.813,37.125,-0.535,0.418,2.234,2.551,7.191,10.574,0.164,0.400,0.963,1.318,3,NULL,NULL,,3,0,2,7,255,1143,250,0,0
stim,272615,302736,0,302736,3500039.455,-0.683,-0.069,-0.076,-0.723,0,0,1635,0,3039,72,2965,2617,51,1.126,1,2296,0,279.095,9.954,-78.750,-264.750,40.000,-0.570,0.605,2.125,4.746,8.750,10.574,0.208,0.446,0.963,1.318,3,NULL,NULL,,3,0,2,7,255,1143,250,0,0
stim,272615,302736,0,302736,3500044.454,-0.683,-0.081,-0.081,-0.722,0,0,1508,0,3019,78,2939,2523,51,1.126,1,2296,0,299.963,11.364,-91.125,-284.375,28.375,-0.523,0.633,2.082,6.730,9.156,9.371,0.254,0.496,0.963,1.318,3,NULL,NULL,,3,0,2,7,255,1143,250,0,0
stim,272615,302736,0,302736,3500049.455,-0.682,-0.093,-0.087,-0.720,0,0,1435,0,2997,87,2909,2413,51,1.126,1,2296,0,318.259,11.436,-95.938,-302.563,23.250,-0.555,0.473,2.203,6.730,9.246,9.371,0.306,0.550,0.963,1.318,3,NULL,NULL,,3,0,2,7,255,1143,250,0,0
stim,272615,302736,0,302736,3500054.453,-0.682,-0.106,-0.094,-0.718,0,0,1355,0,2961,87,2866,2285,51,1.126,1,2296,0,337.545,11.845,-94.875,-323.000,24.625,-0.695,0.434,2.422,5.820,10.316,9.539,0.364,0.608,0.963,1.318,3,NULL,NULL,,3,0,2,7,255,1143,250,0,0
stim,272615,302736,0,302736,3500059.455,-0.680,-0.121,-0.100,-0.716,0,0,1287,0,2933,89,2830,2167,51,1.126,1,2296,0,361.269,14.065,-112.125,-343.375,6.063,-0.793,0.535,2.570,5.820,12.805,10.891,0.430,0.676,0.963,1.318,3,NULL,NULL,,3,0,2,7,255,1143,250,0,0
stim,272615,302736,0,302736,3500064.453,-0.678,-0.135,-0.108,-0.715,0,0,1207,0,2864,83,2763,2041,51,1.126,1,2296,0,380.873,16.350,-111.875,-363.750,-15.313,-0.773,0.578,2.734,7.207,14.676,11.484,0.502,0.752,0.963,1.318,3,NULL,NULL,,3,0,2,7,255,1143,250,0,0
stim,272615,302736,0,302736,3500069.455,-0.675,-0.151,-0.115,-0.713,0,0,1143,0,2809,75,2671,1935,51,1.126,1,2296,0,408.130,17.575,-122.875,-388.938,-14.125,-0.797,0.633,2.746,8.000,15.648,11.816,0.582,0.832,0.963,1.318,3,NULL,NULL,,3,0,2,7,255,1143,250,0,0
stim,272645,302766,0,302766,3500074.454,-0.672,-0.168,-0.122,-0.711,0,0,1039,0,2747,70,2552,1809,51,1.126,1,2296,0,439.795,18.773,-157.313,-410.438,-14.625,-0.832,0.734,2.582,8.852,16.555,11.816,0.668,0.920,0.963,1.318,3,NULL,NULL,,3,0,2,7,255,1143,250,0,0
stim,272645,302766,0,302766,3500079.455,-0.668,-0.186,-0.130,-0.709,0,0,957,0,2654,45,2411,1691,51,1.126,1,2296,0,458.234,19.027,-173.500,-423.125,-29.000,-0.789,0.652,2.359,9.379,16.555,9.387,0.754,1.010,0.963,1.318,3,NULL,NULL,,3,0,2,7,255,1143,250,0,0
stim,272645,302766,0,302766,3500084.454,-0.663,-0.204,-0.138,-0.707,0,0,782,0,2537,5,2218,1541,51,1.126,1,2296,0,461.848,18.793,-154.688,-433.500,-38.125,-0.656,0.320,2.262,9.379,16.285,6.914,0.844,1.102,0.963,1.318,3,NULL,NULL,,3,0,2,7,255,1143,250,0,0
stim,272645,302766,0,302766,3500089.455,-0.659,-0.222,-0.147,-0.704,0,0,662,0,2407,0,1973,1379,51,1.126,1,2296,0,466.376,17.025,-126.813,-447.938,-27.875,-0.516,0.000,2.375,6.289,15.820,6.914,0.930,1.192,0.963,1.318,3,NULL,NULL,,3,0,2,7,255,1143,250,0,0
stim,272645,302766,0,302766,3500094.453,-0.655,-0.240,-0.156,-0.700,0,0,468,0,2216,0,1661,1189,51,1.126,1,2296,0,481.421,16.085,-126.500,-464.500,1.813,-0.434,-0.242,2.297,3.570,15.684,6.941,1.010,1.274,0.963,1.318,3,NULL,NULL,,3,0,2,7,255,1143,250,0,0
stim,272645,302766,0,302766,3500099.455,-0.651,-0.258,-0.165,-0.694,0,0,287,0,1979,0,1273,1052,51,1.126,1,2296,0,498.754,15.740,-138.313,-478.563,24.563,-0.328,-0.332,1.875,1.332,15.684,6.941,1.078,1.348,0.963,1.318,3,NULL,NULL,,3,0,2,7,255,1143,250,0,0
stim,272679,302800,0,302800,3500104.453,-0.648,-0.276,-0.175,-0.688,0,0,236,0,1697,0,763,889,51,1.126,1,2296,0,499.947,13.281,-110.625,-486.813,26.875,-0.246,-0.355,1.414,-0.035,13.281,3.629,1.140,1.412,0.963,1.318,3,NULL,NULL,,3,0,2,7,255,1143,250,0,0
stim,272679,302800,0,302800,3500109.455,-0.645,-0.293,-0.187,-0.681,0,0,183,0,1364,0,309,717,51,1.126,1,2296,0,497.043,10.520,-47.188,-493.500,35.813,-0.227,-0.188,1.270,-0.035,10.520,0.063,1.200,1.474,0.963,1.318,3,NULL,NULL,,3,0,2,7,255,1143,250,0,0
stim,272712,302833,0,302833,3500114.454,-0.643,-0.308,-0.200,-0.673,0,0,119,0,979,0,85,559,51,1.126,1,2296,0,500.306,10.529,0.188,-496.688,60.063,-0.250,0.070,1.473,0.441,10.520,-1.078,1.262,1.538,0.963,1.318,3,NULL,NULL,,3,0,2,7,255,1143,250,0,0
stim,272712,302833,0,302833,3500119.455,-0.641,-0.323,-0.212,-0.663,0,0,93,0,531,0,0,490,51,1.126,1,2296,0,506.549,11.682,12.625,-498.375,89.750,-0.438,0.133,1.758,3.270,11.215,-1.078,1.332,1.612,0.963,1.318,3,NULL,NULL,,3,0,2,7,255,1143,250,0,0
stim,272712,302833,0,302833,3500124.454,-0.642,-0.339,-0.224,-0.650,0,0,62,0,155,0,0,392,51,1.126,1,2296,0,542.309,15.158,0.688,-517.625,161.750,-0.867,0.047,1.773,3.270,14.801,-1.078,1.412,1.696,0.963,1.318,3,NULL,NULL,,3,0,2,7,255,1143,250,0,0
stim,272712,302833,0,302833,3500129.455,-0.642,-0.357,-0.235,-0.636,0,0,63,0,0,0,0,286,51,1.126,1,2296,0,569.339,18.733,-24.125,-532.813,199.188,-1.109,0.242,1.551,4.141,18.270,-4.516,1.500,1.784,0.963,1.318,3,NULL,NULL,,3,0,2,7,255,1143,250,0,0
stim,272712,302833,0,302833,3500134.453,-0.640,-0.375,-0.245,-0.625,0,0,10,0,0,0,0,201,51,1.126,1,2296,0,536.655,18.733,-67.500,-512.125,145.500,-0.910,0.727,1.172,4.141,18.270,-8.895,1.582,1.870,0.963,1.318,3,NULL,NULL,,3,0,2,7,255,1143,250,0,0
stim,272712,302833,0,302833,3500139.455,-0.636,-0.391,-0.254,-0.615,0,0,19,0,0,0,0,137,51,1.126,1,2296,0,487.081,16.024,-90.188,-472.063,79.188,-0.391,1.188,0.969,8.109,13.820,-9.910,1.660,1.952,0.963,1.318,4,NULL,NULL,,3,0,2,7,255,1143,250,0,0
stim,272712,302833,0,302833,3500144.453,-0.632,-0.406,-0.260,-0.606,0,0,21,0,0,0,0,136,51,1.126,1,2296,0,445.194,15.788,-123.438,-416.125,99.000,-0.348,1.203,1.078,12.609,9.500,-9.910,1.732,2.026,0.963,1.318,0,NULL,NULL,,3,0,2,7,255,1143,250,0,0
stim,272712,302833,0,302833,3500149.455,-0.629,-0.423,-0.260,-0.598,0,0,30,0,0,0,0,165,51,1.126,1,2296,0,433.273,15.386,-225.313,-334.688,157.938,-0.438,1.207,0.887,12.609,8.816,-9.910,1.798,2.094,0.963,1.318,0,NULL,NULL,,3,0,2,7,255,1143,250,0,0
stim,272712,302833,0,302833,3500154.454,-0.625,-0.437,-0.259,-0.593,0,0,31,0,0,0,0,187,51,1.126,1,2296,0,347.434,15.045,-217.000,-247.813,110.500,-0.508,0.828,0.664,12.520,8.344,-11.855,1.854,2.152,0.963,1.318,0,NULL,NULL,,3,0,2,7,255,1143,250,0,0
stim,272712,302833,0,302833,3500159.455,-0.622,-0.445,-0.259,-0.590,0,0,26,0,0,0,0,204,51,1.126,1,2296,0,200.846,11.803,-119.750,-155.438,42.875,-0.516,0.004,1.059,8.348,8.344,-11.855,1.902,2.202,0.963,1.318,0,NULL,NULL,,3,0,2,7,255,1143,250,0,0
stim,272734,302855,0,302855,3500164.454,-0.620,-0.450,-0.258,-0.589,0,0,25,0,0,0,0,221,51,1.126,1,2296,0,138.781,11.483,-114.375,-76.500,18.063,-0.492,-0.207,1.730,1.516,11.383,-9.309,1.950,2.254,0.963,1.318,0,NULL,NULL,,3,0,2,7,255,1143,250,0,0
stim,272734,302855,0,302855,3500169.455,-0.616,-0.456,-0.251,-0.592,0,0,23,0,0,0,0,232,51,1.126,1,2296,0,235.218,13.989,-234.438,13.063,14.000,-0.387,0.008,1.441,1.516,13.906,-6.668,1.996,2.302,0.963,1.318,0,NULL,NULL,,3,0,2,7,255,1143,250,0,0
stim,272734,302855,0,302855,3500174.454,-0.611,-0.462,-0.240,-0.596,0,0,23,0,0,0,0,205,51,1.126,1,2296,0,337.627,14.225,-321.688,95.938,36.125,-0.352,0.320,0.359,2.996,13.906,-6.668,2.036,2.346,0.963,1.318,0,NULL,NULL,,3,0,2,7,255,1143,250,0,0
stim,272734,302855,0,302855,3500179.455,-0.608,-0.466,-0.227,-0.601,0,0,25,0,0,0,0,117,51,1.126,1,2296,0,330.464,5.262,-283.438,158.438,61.375,-0.473,0.621,-0.504,3.242,4.145,-12.051,2.068,2.378,0.963,1.318,0,NULL,NULL,,3,0,2,7,255,1143,250,0,0
stim,272734,302855,0,302855,3500184.453,-0.609,-0.466,-0.216,-0.605,0,0,22,0,0,0,0,114,51,1.126,1,2296,0,257.171,4.328,-151.813,198.125,61.938,-0.656,0.570,-0.777,3.242,-2.867,-17.820,2.088,2.402,0.963,1.318,0,NULL,NULL,,3,0,2,7,255,1143,250,0,0
stim,272734,302855,0,302855,3500189.455,-0.611,-0.461,-0.209,-0.609,0,0,21,0,0,0,0,107,51,1.126,1,2296,0,225.235,3.216,-30.250,219.750,39.063,-0.758,0.289,-0.301,1.457,-2.867,-18.191,2.102,2.420,0.963,1.318,0,NULL,NULL,,3,0,2,7,255,1143,250,0,0
stim,272764,302885,0,302885,3500194.454,-0.613,-0.455,-0.202,-0.613,0,0,21,0,0,0,0,103,51,1.126,1,2296,0,238.199,1.142,-7.875,236.875,23.813,-0.625,0.023,0.273,0.270,1.109,-18.191,2.120,2.438,0.963,1.318,0,NULL,NULL,,3,0,2,7,255,1143,250,0,0
stim,272764,302885,0,302885,3500199.455,-0.616,-0.450,-0.194,-0.618,0,0,16,0,0,0,0,93,51,1.126,1,2296,0,254.648,4.891,-46.313,247.375,38.813,-0.465,-0.027,0.289,0.004,4.891,-13.477,2.136,2.456,0.963,1.318,0,NULL,NULL,,3,0,2,7,255,1143,250,0,0
stim,272764,302885,0,302885,3500204.453,-0.618,-0.445,-0.184,-0.621,0,0,11,0,0,0,0,95,51,1.126,1,2296,0,267.490,4.891,-58.125,251.313,70.813,-0.441,0.102,-0.070,-0.082,4.891,-13.477,2.148,2.472,0.963,1.318,0,NULL,NULL,,3,0,2,7,255,1143,250,0,0
stim,272764,302885,0,302885,3500209.455,-0.622,-0.439,-0.175,-0.624,0,0,13,0,0,0,0,87,51,1.126,1,2296,0,266.786,1.853,-23.125,250.813,87.938,-0.566,0.266,-0.293,-0.082,1.852,-13.875,2.158,2.486,0.963,1.318,0,NULL,NULL,,3,0,2,7,255,1143,250,0,0
stim,272801,302922,0,302922,3500214.453,-0.626,-0.432,-0.167,-0.627,0,0,3,0,0,0,0,86,51,1.126,1,2296,0,262.128,1.893,24.375,248.125,80.938,-0.660,0.324,-0.219,0.395,1.852,-16.520,2.168,2.496,0.963,1.318,0,NULL,NULL,,3,0,2,7,255,1143,250,0,0
stim,272801,302922,0,302922,3500219.455,-0.631,-0.425,-0.161,-0.629,0,0,7,0,0,0,0,83,51,1.126,1,2296,0,260.967,2.169,49.813,246.438,69.938,-0.609,0.277,0.008,1.027,1.910,-16.520,2.176,2.508,0.963,1.318,0,NULL,NULL,,3,0,2,7,255,1143,250,0,0
stim,272801,302922,0,302922,3500224.454,-0.635,-0.417,-0.154,-0.632,0,0,6,0,0,0,0,74,51,1.126,1,2296,0,260.515,3.749,55.813,245.125,68.313,-0.555,0.254,0.125,1.488,3.441,-15.133,2.186,2.522,0.963,1.318,0,NULL,NULL,,3,0,2,7,255,1143,250,0,0
stim,272801,302922,0,302922,3500229.455,-0.639,-0.409,-0.148,-0.634,0,0,7,0,0,0,0,69,51,1.126,1,2296,0,260.762,4.391,62.625,243.313,69.813,-0.559,0.207,0.191,1.629,4.078,-13.906,2.200,2.538,0.963,1.318,0,NULL,NULL,,3,0,2,7,255,1143,250,0,0
stim,272801,302922,0,302922,3500234.454,-0.644,-0.400,-0.142,-0.636,0,0,3,0,0,0,0,69,51,1.126,1,2296,0,260.191,5.007,73.313,240.938,65.375,-0.625,0.152,0.305,1.629,4.734,-13.266,2.216,2.556,0.963,1.318,0,NULL,NULL,,3,0,2,7,255,1143,250,0,0
stim,272801,302922,0,302922,3500239.455,-0.648,-0.392,-0.137,-0.639,0,0,3,0,0,0,0,61,51,1.126,1,2296,0,257.256,6.319,81.375,238.250,52.875,-0.680,0.121,0.477,1.629,6.105,-12.723,2.238,2.580,0.963,1.318,0,NULL,NULL,,3,0,2,7,255,1143,250,0,0
stim,272832,302953,0,302953,3500244.453,-0.652,-0.383,-0.132,-0.641,0,0,9,0,0,0,0,57,51,1.126,1,2296,0,252.849,7.924,79.438,237.500,34.875,-0.668,0.145,0.648,1.672,7.746,-11.727,2.262,2.608,0.963,1.318,0,NULL,NULL,,3,0,2,7,255,1143,250,0,0
stim,272832,302953,0,302953,3500249.455,-0.654,-0.374,-0.127,-0.645,0,0,13,0,0,0,0,56,51,1.126,1,2296,0,250.811,9.131,69.750,240.313,17.063,-0.605,0.176,0.750,2.504,8.781,-10.445,2.290,2.638,0.963,1.318,0,NULL,NULL,,3,0,2,7,255,1143,250,0,0
stim,272832,302953,0,302953,3500254.453,-0.657,-0.365,-0.122,-0.649,0,0,12,0,0,0,0,59,51,1.126,1,2296,0,253.608,9.423,60.000,246.375,4.063,-0.559,0.184,0.801,3.230,8.852,-9.281,2.322,2.674,0.963,1.318,0,NULL,NULL,,3,0,2,7,255,1143,250,0,0
stim,272832,302953,0,302953,3500259.455,-0.658,-0.357,-0.116,-0.653,0,0,17,0,0,0,0,58,51,1.126,1,2296,0,261.035,9.626,51.000,255.875,-8.125,-0.547,0.195,0.848,3.566,8.941,-8.465,2.360,2.714,0.963,1.318,0,NULL,NULL,,3,0,2,7,255,1143,250,0,0
stim,272832,302953,0,302953,3500264.454,-0.659,-0.348,-0.110,-0.658,0,0,16,0,0,0,0,68,51,1.126,1,2296,0,272.354,9.811,42.000,268.063,-23.563,-0.551,0.203,0.871,3.879,9.012,-7.891,2.400,2.756,0.963,1.318,0,NULL,NULL,,3,0,2,7,255,1143,250,0,0
stim,272832,302953,0,302953,3500269.455,-0.660,-0.338,-0.104,-0.663,0,0,13,0,0,0,0,69,51,1.126,1,2296,0,286.948,9.896,34.563,281.875,-41.125,-0.516,0.203,0.879,4.090,9.012,-7.539,2.442,2.800,0.963,1.318,0,NULL,NULL,,3,0,2,7,255,1143,250,0,0
stim,272832,302953,0,302953,3500274.454,-0.659,-0.329,-0.097,-0.669,0,0,16,0,0,0,0,71,51,1.126,1,2296,0,303.294,9.709,31.188,296.313,-56.688,-0.461,0.207,0.832,4.191,8.758,-7.066,2.486,2.846,0.963,1.318,0,NULL,NULL,,3,0,2,7,255,1143,250,0,0
stim,272832,302953,0,302953,3500279.455,-0.659,-0.318,-0.090,-0.676,0,0,16,0,0,0,0,77,51,1.126,1,2296,0,320.736,8.973,34.313,311.438,-68.563,-0.391,0.195,0.805,4.191,7.934,-6.887,2.530,2.894,0.963,1.318,0,NULL,NULL,,3,0,2,7,255,1143,250,0,0
stim,272859,302980,0,302980,3500284.453,-0.658,-0.307,-0.083,-0.682,0,0,12,0,0,0,0,82,51,1.126,1,2296,0,336.716,8.253,36.938,325.750,-76.813,-0.301,0.207,0.785,4.191,7.109,-6.438,2.574,2.940,0.963,1.318,0,NULL,NULL,,3,0,2,7,255,1143,250,0,0
stim,272859,302980,0,302980,3500289.455,-0.657,-0.296,-0.076,-0.689,0,0,11,0,0,0,0,94,51,1.126,1,2296,0,351.015,7.481,42.375,338.063,-84.438,-0.121,0.254,0.699,4.273,6.141,-5.945,2.616,2.984,0.963,1.318,0,NULL,NULL,,3,0,2,7,255,1143,250,0,0
stim,272859,302980,0,302980,3500294.454,-0.656,-0.283,-0.069,-0.696,0,0,11,0,0,0,0,109,51,1.126,1,2296,0,365.210,5.824,55.000,350.125,-88.125,0.129,0.168,0.543,4.273,3.957,-5.680,2.654,3.026,0.963,1.318,0,NULL,NULL,,3,0,2,7,255,1143,250,0,0
stim,272859,302980,0,302980,3500299.455,-0.655,-0.270,-0.063,-0.703,0,0,11,0,0,0,0,110,51,1.126,1,2296,0,369.372,3.427,84.625,352.938,-68.625,0.152,0.137,0.461,3.258,1.063,-5.680,2.688,3.062,0.963,1.318,0,NULL,NULL,,3,0,2,7,255,1143,250,0,0
stim,272859,302980,0,302980,3500304.454,-0.656,-0.256,-0.057,-0.708,0,0,16,0,0,0,0,112,51,1.126,1,2296,0,373.648,3.330,119.563,350.125,-52.250,0.148,0.242,0.598,3.258,0.691,-5.313,2.716,3.094,0.963,1.318,0,NULL,NULL,,3,0,2,7,255,1143,250,0,0
stim,272859,302980,0,302980,3500309.455,-0.656,-0.241,-0.052,-0.713,0,0,12,0,0,0,0,116,51,1.126,1,2296,0,375.391,4.059,139.563,345.750,-43.563,0.184,0.195,0.773,4.000,0.691,-4.852,2.742,3.122,0.963,1.318,0,NULL,NULL,,3,0,2,7,255,1143,250,0,0
stim,272915,303036,0,303036,3500314.453,-0.657,-0.226,-0.048,-0.717,0,0,12,0,0,0,0,112,51,1.126,1,2296,0,372.520,4.069,149.875,340.063,-25.813,0.230,0.117,0.863,4.000,0.746,-2.984,2.764,3.146,0.963,1.318,0,NULL,NULL,,3,0,2,7,255,1143,250,0,0
stim,272915,303036,0,303036,3500319.455,-0.659,-0.211,-0.043,-0.720,0,0,10,0,0,0,0,111,51,1.126,1,2296,0,370.277,4.027,160.750,333.563,-0.813,0.258,0.168,0.945,3.957,0.746,-1.734,2.784,3.170,0.963,1.318,0,NULL,NULL,,3,0,2,7,255,1143,250,0,0
stim,272915,303036,0,303036,3500324.454,-0.662,-0.195,-0.039,-0.723,0,0,8,0,0,0,0,110,51,1.126,1,2296,0,372.849,4.027,171.688,330.625,15.063,0.156,0.301,0.977,3.957,0.746,-1.246,2.804,3.190,0.963,1.318,0,NULL,NULL,,3,0,2,7,255,1143,250,0,0
stim,272915,303036,0,303036,3500329.455,-0.664,-0.180,-0.035,-0.725,0,0,9,0,0,0,0,111,51,1.126,1,2296,0,378.780,5.285,188.625,327.875,19.813,0.082,0.336,1.105,5.176,1.070,-0.941,2.820,3.208,0.963,1.318,0,NULL,NULL,,3,0,2,7,255,1143,250,0,0
stim,272915,303036,0,303036,3500334.454,-0.666,-0.163,-0.032,-0.727,0,0,16,0,0,0,0,111,51,1.126,1,2296,0,383.406,5.983,199.625,326.688,20.625,0.031,0.320,1.320,5.688,1.855,-0.211,2.836,3.226,0.963,1.318,0,NULL,NULL,,3,0,2,7,255,1143,250,0,0
stim,272915,303036,0,303036,3500339.455,-0.669,-0.147,-0.029,-0.728,0,0,11,0,0,0,0,111,51,1.126,1,2296,0,381.203,6.276,196.188,325.813,25.938,0.023,0.262,1.543,5.688,2.652,1.785,2.854,3.248,0.963,1.318,0,NULL,NULL,,3,0,2,7,255,1143,250,0,0
stim,272915,303036,0,303036,3500344.453,-0.671,-0.132,-0.025,-0.730,0,0,10,0,0,0,0,111,51,1.126,1,2296,0,373.781,6.399,179.563,326.563,28.750,-0.055,0.266,1.691,5.652,3.000,4.117,2.874,3.270,0.963,1.318,0,NULL,NULL,,3,0,2,7,255,1143,250,0,0
stim,272915,303036,0,303036,3500349.455,-0.672,-0.117,-0.020,-0.731,0,0,8,0,0,0,0,103,51,1.126,1,2296,0,364.646,6.732,158.875,327.563,20.688,-0.113,0.285,1.766,5.652,3.656,5.523,2.896,3.294,0.963,1.318,0,NULL,NULL,,3,0,2,7,255,1143,250,0,0
stim,272915,303036,0,303036,3500354.453,-0.673,-0.102,-0.015,-0.732,0,0,10,0,0,0,0,103,51,1.126,1,2296,0,356.673,6.732,137.938,328.813,8.438,-0.094,0.242,1.785,5.652,3.656,6.270,2.918,3.320,0.963,1.318,0,NULL,NULL,,3,0,2,7,255,1143,250,0,0
stim,272915,303036,0,303036,3500359.455,-0.674,-0.088,-0.009,-0.734,0,0,16,0,0,0,0,102,51,1.126,1,2296,0,350.338,6.114,124.375,327.438,7.250,-0.082,0.207,1.805,5.113,3.352,6.730,2.944,3.346,0.963,1.318,0,NULL,NULL,,3,0,2,7,255,1143,250,0,0
stim,272915,303036,0,303036,3500364.454,-0.674,-0.074,-0.003,-0.735,0,0,13,0,0,0,0,102,51,1.126,1,2296,0,344.129,5.414,105.625,327.438,7.250,-0.098,0.230,1.809,4.629,2.809,7.164,2.970,3.376,0.963,1.318,0,NULL,NULL,,3,0,2,7,255,1143,250,0,0
stim,272915,303036,0,303036,3500369.455,-0.674,-0.061,0.003,-0.736,0,0,17,0,0,0,0,102,51,1.126,1,2296,0,339.550,5.184,92.750,326.625,2.813,-0.145,0.234,1.770,4.566,2.453,7.164,2.996,3.404,0.963,1.318,0,NULL,NULL,,3,0,2,7,255,1143,250,0,0
stim,272943,303064,0,303064,3500374.454,-0.673,-0.048,0.010,-0.738,0,0,13,0,0,0,0,103,51,1.126,1,2296,0,335.219,5.090,86.688,323.688,-9.125,-0.156,0.195,1.750,4.477,2.422,6.949,3.020,3.430,0.963,1.318,0,NULL,NULL,,3,0,2,7,255,1143,250,0,0
stim,272943,303064,0,303064,3500379.455,-0.673,-0.035,0.017,-0.739,0,0,18,0,0,0,0,97,51,1.126,1,2296,0,331.004,4.437,82.563,320.000,-18.625,-0.109,0.133,1.734,3.910,2.098,6.941,3.042,3.454,0.963,1.318,0,NULL,NULL,,3,0,2,7,255,1143,250,0,0
stim,272943,303064,0,303064,3500384.453,-0.671,-0.023,0.023,-0.740,0,0,18,0,0,0,0,97,51,1.126,1,2296,0,326.111,3.331,81.000,315.250,-20.125,-0.074,0.137,1.699,3.102,1.215,6.922,3.062,3.476,0.963,1.318,0,NULL,NULL,,3,0,2,7,255,1143,250,0,0
stim,272943,303064,0,303064,3500389.455,-0.670,-0.010,0.029,-0.742,0,0,18,0,0,0,0,93,51,1.126,1,2296,0,322.418,3.057,86.125,310.000,-20.875,-0.086,0.168,1.676,3.027,0.422,6.629,3.078,3.494,0.963,1.318,0,NULL,NULL,,3,0,2,7,255,1143,250,0,0
stim,272943,303064,0,303064,3500394.453,-0.669,0.003,0.035,-0.743,0,0,20,0,0,0,0,89,51,1.126,1,2296,0,320.473,2.887,96.375,304.563,-25.625,-0.082,0.168,1.688,2.887,0.051,6.559,3.090,3.510,0.963,1.318,0,NULL,NULL,,3,0,2,7,255,1143,250,0,0
stim,272943,303064,0,303064,3500399.455,-0.667,0.016,0.040,-0.744,0,0,23,0,0,0,0,96,51,1.126,1,2296,0,320.440,2.883,109.125,299.688,-31.000,-0.035,0.133,1.715,2.855,-0.398,6.559,3.098,3.520,0.963,1.318,0,NULL,NULL,,3,0,2,7,255,1143,250,0,0
stim,272978,303099,0,303099,3500404.454,-0.665,0.029,0.044,-0.745,0,0,22,0,0,0,0,93,51,1.126,1,2296,0,321.106,2.582,122.500,295.125,-31.688,0.027,0.090,1.738,2.246,-1.273,6.859,3.104,3.528,0.963,1.318,0,NULL,NULL,,3,0,2,7,255,1143,250,0,0
stim,272978,303099,0,303099,3500409.455,-0.663,0.042,0.048,-0.746,0,0,25,0,0,0,0,102,51,1.126,1,2296,0,323.767,2.750,138.000,291.500,-28.438,0.098,0.066,1.730,1.547,-2.273,6.859,3.106,3.532,0.963,1.318,0,NULL,NULL,,3,0,2,7,255,1143,250,0,0
stim,273003,303124,0,303124,3500414.453,-0.661,0.056,0.051,-0.747,0,0,27,0,0,0,0,109,51,1.126,1,2296,0,331.349,3.459,160.250,289.000,-24.313,0.184,0.055,1.711,0.984,-3.316,6.832,3.102,3.530,0.963,1.318,0,NULL,NULL,,3,0,2,7,255,1143,250,0,0
stim,273003,303124,0,303124,3500419.455,-0.659,0.071,0.053,-0.747,0,0,28,0,0,0,0,123,51,1.126,1,2296,0,344.073,4.501,189.813,286.375,-18.625,0.297,0.031,1.738,0.473,-4.477,6.453,3.094,3.524,0.963,1.318,0,NULL,NULL,,3,0,2,7,255,1143,250,0,0
stim,273003,303124,0,303124,3500424.454,-0.656,0.086,0.054,-0.747,0,0,28,0,0,0,0,131,51,1.126,1,2296,0,360.665,5.946,220.688,285.000,-12.313,0.445,0.043,1.824,-0.227,-5.941,6.453,3.080,3.512,0.963,1.318,0,NULL,NULL,,3,0,2,7,255,1143,250,0,0
stim,273003,303124,0,303124,3500429.455,-0.654,0.103,0.054,-0.747,0,0,25,0,0,0,0,132,51,1.126,1,2296,0,378.587,7.933,248.875,285.250,-4.688,0.598,0.074,1.922,-0.695,-7.902,6.836,3.056,3.490,0.963,1.318,0,NULL,NULL,,3,0,2,7,255,1143,250,0,0
stim,273003,303124,0,303124,3500434.454,-0.652,0.120,0.053,-0.747,0,0,27,0,0,0,0,126,51,1.126,1,2296,0,398.509,10.015,276.813,286.625,5.500,0.727,0.090,2.055,-1.078,-9.957,7.227,3.022,3.458,0.963,1.318,0,NULL,NULL,,3,0,2,7,255,1143,250,0,0
stim,273003,303124,0,303124,3500439.455,-0.650,0.138,0.052,-0.745,0,0,28,0,0,0,0,124,51,1.126,1,2296,0,416.784,12.005,300.500,288.313,16.875,0.813,0.105,2.242,-1.656,-11.891,7.922,2.980,3.418,0.963,1.318,0,NULL,NULL,,3,0,2,7,255,1143,250,0,0
stim,273003,303124,0,303124,3500444.454,-0.648,0.156,0.050,-0.744,0,0,29,0,0,0,0,123,51,1.126,1,2296,0,429.465,13.776,313.875,292.313,21.813,0.910,0.129,2.445,-2.348,-13.574,9.164,2.926,3.366,0.963,1.318,0,NULL,NULL,,3,0,2,7,255,1143,250,0,0
stim,273003,303124,0,303124,3500449.455,-0.646,0.175,0.048,-0.742,0,0,27,0,0,0,0,127,51,1.126,1,2296,0,434.921,15.771,318.125,295.250,27.938,0.961,0.152,2.633,-3.148,-15.453,10.406,2.864,3.306,0.963,1.318,0,NULL,NULL,,3,0,2,7,255,1143,250,0,0
stim,273003,303124,0,303124,3500454.453,-0.643,0.193,0.046,-0.740,0,0,29,0,0,0,0,123,51,1.126,1,2296,0,430.151,17.398,309.938,296.500,32.500,0.965,0.250,2.820,-3.941,-16.945,11.578,2.792,3.236,0.963,1.318,0,NULL,NULL,,3,0,2,7,255,1143,250,0,0
stim,273003,303124,0,303124,3500459.455,-0.641,0.211,0.045,-0.737,0,0,27,0,0,0,0,136,51,1.126,1,2296,0,411.029,18.648,285.563,294.063,30.438,0.996,0.336,2.953,-4.066,-18.199,12.902,2.714,3.158,0.963,1.318,0,NULL,NULL,,3,0,2,7,255,1143,250,0,0
stim,273034,303155,0,303155,3500464.453,-0.638,0.227,0.045,-0.734,0,0,26,0,0,0,0,157,51,1.126,1,2296,0,382.310,19.984,250.125,288.063,24.875,1.145,0.383,3.012,-4.246,-19.527,13.102,2.626,3.072,0.963,1.318,0,NULL,NULL,,3,0,2,7,255,1143,250,0,0
stim,273034,303155,1,303155,3500469.455,-0.636,0.242,0.046,-0.731,0,0,27,0,0,0,0,168,51,1.126,1,2296,0,348.379,22.158,207.938,278.625,22.313,1.383,0.332,2.934,-4.652,-21.664,13.102,2.536,2.982,0.963,1.318,0,NULL,NULL,,3,1,2,7,255,1143,250,0,0
stim,273034,303155,1,303155,3500474.454,-0.634,0.255,0.047,-0.728,0,0,25,0,0,0,0,183,51,1.126,1,2296,0,314.918,24.539,167.875,264.625,31.063,1.602,0.180,2.688,-5.621,-23.887,10.777,2.442,2.888,0.963,1.318,0,NULL,NULL,,3,1,2,7,255,1143,250,0,0
stim,273034,303155,1,303155,3500479.455,-0.634,0.267,0.049,-0.725,0,0,26,0,0,0,0,204,51,1.126,1,2296,0,287.587,25.475,138.813,247.313,47.688,1.738,-0.094,2.316,-6.855,-24.535,6.797,2.340,2.786,0.963,1.318,0,NULL,NULL,,3,1,2,7,255,1143,250,0,0
stim,273034,303155,1,303155,3500484.453,-0.633,0.278,0.051,-0.721,0,0,26,0,0,0,0,221,51,1.126,1,2296,0,267.047,25.990,125.875,227.500,60.938,1.805,-0.395,1.898,-8.574,-24.535,1.859,2.234,2.680,0.963,1.318,0,NULL,NULL,,3,1,2,7,255,1143,250,0,0
stim,273034,303155,1,303155,3500489.455,-0.633,0.288,0.052,-0.717,0,0,22,0,0,0,0,277,51,1.126,1,2296,0,254.836,25.221,132.625,206.625,68.250,1.891,-0.668,1.504,-10.234,-23.051,-3.238,2.124,2.568,0.963,1.318,0,NULL,NULL,,3,1,2,7,255,1143,250,0,0
stim,273063,303184,1,303184,3500494.453,-0.633,0.298,0.051,-0.713,0,0,23,0,0,0,0,313,51,1.126,1,2296,0,256.906,24.590,160.938,185.750,74.813,2.012,-0.875,1.227,-11.574,-21.695,-8.078,2.008,2.452,0.963,1.318,0,NULL,NULL,,3,1,2,7,255,1143,250,0,0
stim,273063,303184,1,303184,3500499.455,-0.632,0.309,0.049,-0.709,0,0,24,0,0,0,0,331,51,1.126,1,2296,0,275.418,25.080,203.188,166.625,82.500,2.148,-0.996,1.141,-12.582,-21.695,-11.953,1.892,2.336,0.963,1.318,0,NULL,NULL,,3,1,2,7,255,1143,250,0,0
stim,273063,303184,1,303184,3500504.454,-0.631,0.321,0.044,-0.705,0,0,23,0,0,0,0,341,51,1.126,1,2296,0,299.410,25.483,243.125,150.125,89.438,2.305,-0.992,1.234,-13.324,-21.723,-14.168,1.774,2.218,0.963,1.318,0,NULL,NULL,,3,1,2,7,255,1143,250,0,0
stim,273063,303184,1,303184,3500509.455,-0.630,0.333,0.038,-0.701,0,0,22,0,0,0,0,350,51,1.126,1,2296,0,315.177,26.957,268.750,136.000,92.813,2.398,-0.852,1.492,-13.324,-23.434,-14.168,1.654,2.096,0.963,1.318,0,NULL,NULL,,3,1,2,7,255,1143,250,0,0
stim,273101,303222,1,303222,3500514.453,-0.628,0.344,0.033,-0.697,0,0,23,0,0,0,0,357,51,1.126,1,2296,0,292.401,28.999,254.250,120.188,80.063,2.477,-1.016,1.840,-13.523,-25.652,-13.281,1.530,1.970,0.963,1.318,0,NULL,NULL,,3,1,2,7,255,1143,250,0,0
stim,273101,303222,1,303222,3500519.455,-0.626,0.353,0.028,-0.695,0,0,27,0,0,0,0,381,51,1.126,1,2296,0,249.571,31.864,219.688,103.625,57.313,2.645,-1.238,1.832,-15.961,-27.578,-13.281,1.398,1.838,0.963,1.318,0,NULL,NULL,,3,1,2,7,255,1143,250,0,0
stim,273101,303222,1,303222,3500524.454,-0.625,0.361,0.023,-0.692,0,0,25,0,0,0,0,389,51,1.126,1,2296,0,235.268,33.591,209.750,85.625,63.438,2.898,-1.371,1.703,-17.879,-28.438,-14.375,1.264,1.700,0.963,1.318,0,NULL,NULL,,3,1,2,7,255,1143,250,0,0
stim,273101,303222,1,303222,3500529.455,-0.623,0.369,0.017,-0.689,0,0,26,0,0,0,0,409,51,1.126,1,2296,0,239.933,34.013,221.625,51.438,76.188,2.707,-1.473,1.895,-18.340,-28.645,-16.129,1.122,1.558,0.963,1.318,0,NULL,NULL,,3,1,2,7,255,1143,250,0,0
stim,273101,303222,1,303222,3500534.454,-0.623,0.375,0.010,-0.687,0,0,25,0,0,0,0,413,51,1.126,1,2296,0,217.249,35.729,197.875,14.875,88.438,2.598,-1.117,2.520,-19.984,-29.617,-16.129,0.980,1.408,0.963,1.318,0,NULL,NULL,,3,1,2,7,255,1143,250,0,0
stim,273101,303222,1,303222,3500539.455,-0.623,0.378,0.005,-0.685,0,0,25,0,0,0,0,420,51,1.126,1,2296,0,146.111,37.242,115.938,-22.125,86.125,2.270,-0.738,3.004,-19.984,-31.426,-9.902,0.834,1.256,0.963,1.318,0,NULL,NULL,,3,1,2,7,255,1143,250,0,0
stim,273130,303251,1,303251,3500544.454,-0.626,0.377,0.001,-0.683,0,0,7,0,0,0,0,475,51,1.126,1,2296,0,106.387,37.077,35.688,-41.313,91.313,2.406,-0.988,2.672,-19.676,-31.426,-7.242,0.690,1.098,0.963,1.318,0,NULL,NULL,,3,1,2,7,255,1143,250,0,0
stim,273130,303251,1,303251,3500549.455,-0.629,0.378,-0.010,-0.680,0,0,26,59,0,11,0,557,51,1.126,1,2296,0,265.102,36.579,148.188,-121.875,182.938,0.566,-1.414,3.703,-19.676,-30.836,-3.199,0.550,0.932,0.963,1.318,0,NULL,NULL,,3,1,2,7,255,1143,250,0,0
stim,273130,303251,1,303251,3500554.453,-0.632,0.383,-0.039,-0.672,463,0,2,731,0,105,0,555,51,1.126,1,2296,0,711.176,42.853,511.938,-293.313,397.063,0.613,1.109,8.211,-29.758,-30.836,7.387,0.416,0.754,0.963,1.318,0,NULL,NULL,,3,1,2,7,255,1143,250,0,0
stim,273130,303251,1,303251,3500559.455,-0.644,0.365,-0.029,-0.671,1042,0,0,1289,0,339,0,589,51,1.126,1,2296,0,561.460,35.410,-529.875,-128.375,134.125,-1.254,1.176,5.754,-29.758,-19.191,43.527,0.320,0.552,0.963,1.318,0,NULL,NULL,,3,1,2,7,255,1143,250,0,0
stim,273130,303251,1,303251,3500564.453,-0.665,0.329,-0.003,-0.671,1547,0,0,1669,0,559,0,629,51,1.126,1,2296,0,1120.878,25.065,-1105.125,-139.938,124.438,-0.402,3.426,0.762,-19.637,-15.578,43.527,0.358,0.390,0.963,1.318,0,NULL,NULL,,3,1,2,7,255,1143,250,0,0
stim,273130,303251,1,303251,3500569.455,-0.679,0.300,0.016,-0.670,1928,0,0,1887,0,837,0,695,51,1.126,1,2297,0,857.966,26.930,-841.563,-141.625,88.438,-0.813,2.617,-2.313,26.734,-3.242,11.848,0.426,0.316,0.963,1.318,1,1176.000,33.000,,3,1,2,7,255,1143,250,0,0
stim,273130,303251,1,303251,3500574.454,-0.686,0.286,0.022,-0.668,2164,0,0,2022,0,1007,0,776,51,1.126,1,2297,0,393.878,30.799,-357.938,-142.250,82.375,-1.250,0.512,-2.387,26.734,15.293,-16.016,0.468,0.308,0.963,1.318,1,NULL,NULL,,3,1,2,7,255,1143,250,0,0
stim,273130,303251,1,303251,3500579.455,-0.688,0.280,0.017,-0.669,2333,0,0,2115,0,1190,0,829,51,1.126,1,2297,0,176.863,18.781,-37.563,-168.500,38.438,-1.016,-0.848,0.188,10.902,15.293,-16.016,0.472,0.328,0.963,1.318,1,NULL,NULL,,3,1,2,7,255,1143,250,0,0
stim,273156,303277,1,303277,3500584.453,-0.689,0.275,0.013,-0.670,2461,0,0,2182,0,1293,0,902,51,1.126,1,2297,0,136.234,9.906,-21.875,-132.875,20.625,-0.141,1.160,1.762,4.914,8.602,-7.078,0.454,0.344,0.963,1.318,1,NULL,NULL,,3,1,2,7,255,1143,250,0,0
stim,273156,303277,1,303277,3500589.455,-0.693,0.268,0.013,-0.669,2549,0,0,2247,0,1453,0,995,51,1.126,1,2297,0,177.153,7.859,-123.438,-114.063,56.000,0.172,2.852,1.957,4.914,-6.133,9.363,0.438,0.360,0.963,1.318,2,NULL,NULL,,3,1,2,7,255,1143,250,0,0
stim,273156,303277,1,303277,3500594.453,-0.698,0.258,0.016,-0.668,2653,0,0,2348,0,1575,0,1053,51,1.126,1,2297,0,279.260,12.312,-246.438,-110.875,70.438,-0.387,1.754,1.805,10.676,-6.133,12.438,0.444,0.390,0.963,1.318,2,NULL,NULL,,3,1,2,7,255,1143,250,0,0
stim,273156,303277,1,303277,3500599.455,-0.702,0.244,0.023,-0.669,2781,0,0,2555,0,1656,0,1085,51,1.126,1,2297,0,358.121,11.253,-342.938,-102.750,9.313,-0.715,0.172,1.012,10.676,-3.559,12.438,0.440,0.414,0.963,1.318,2,NULL,NULL,,3,1,2,7,255,1143,250,0,0
stim,273156,303277,1,303277,3500604.454,-0.705,0.231,0.028,-0.669,2887,0,0,2705,0,1656,0,1187,51,1.126,1,2297,0,329.364,3.289,-307.750,-117.250,4.813,-1.055,-0.953,-0.066,-1.840,2.727,1.992,0.418,0.428,0.963,1.318,2,NULL,NULL,,3,1,2,7,255,1143,250,0,0
stim,273156,303277,1,303277,3500609.455,-0.709,0.220,0.029,-0.669,2941,0,0,2815,0,1671,0,1319,51,1.126,1,2297,0,281.607,13.970,-228.125,-157.438,49.750,-1.066,-1.492,-0.133,-10.027,9.727,-9.234,0.378,0.440,0.963,1.318,2,NULL,NULL,,3,1,2,7,255,1143,250,0,0
stim,273206,303327,1,303327,3500614.454,-0.710,0.212,0.028,-0.671,2997,0,0,2913,0,1683,0,1427,51,1.126,1,2297,0,187.230,16.712,-95.750,-155.500,-41.313,-0.828,-1.262,0.332,-13.590,9.727,-9.234,0.338,0.444,0.963,1.318,2,NULL,NULL,,3,1,2,7,255,1143,250,0,0
stim,273206,303327,1,303327,3500619.455,-0.708,0.207,0.024,-0.675,3027,0,0,2967,0,1699,0,1491,51,1.126,1,2297,0,166.627,14.960,-32.375,-150.875,-62.875,-0.035,-0.535,1.082,-13.590,6.254,-7.117,0.306,0.436,0.963,1.318,2,NULL,NULL,,3,1,2,7,255,1143,250,0,0
stim,273206,303327,1,303327,3500624.454,-0.707,0.202,0.022,-0.677,3050,0,0,3021,0,1701,0,1498,51,1.126,1,2297,0,142.633,9.171,-26.063,-128.125,-57.000,0.473,-0.543,1.766,-8.563,-3.285,-1.152,0.294,0.412,0.963,1.318,2,NULL,NULL,,3,1,2,7,255,1143,250,0,0
stim,273206,303327,1,303327,3500629.455,-0.708,0.196,0.021,-0.678,3055,0,0,3053,0,1715,0,1479,51,1.126,1,2297,0,147.332,13.150,-91.688,-115.313,-1.813,0.742,-0.863,1.883,-8.563,-9.980,3.320,0.300,0.364,0.963,1.318,2,NULL,NULL,,3,1,2,7,255,1143,250,0,0
stim,273206,303327,1,303327,3500634.453,-0.712,0.187,0.022,-0.676,3083,0,0,3089,0,1767,0,1461,51,1.126,1,2297,0,223.815,15.271,-178.750,-104.125,85.438,0.547,-1.035,1.496,-11.559,-9.980,3.320,0.318,0.308,0.963,1.318,2,NULL,NULL,,3,1,2,7,255,1143,250,0,0
stim,273206,303327,1,303327,3500639.455,-0.718,0.178,0.024,-0.672,3087,0,0,3109,0,1824,0,1451,51,1.126,1,2297,0,269.659,15.152,-205.250,-98.438,144.563,-0.035,-0.836,0.777,-11.559,-9.797,0.250,0.340,0.256,0.963,1.318,2,NULL,NULL,,3,1,2,7,255,1143,250,0,0
stim,273206,303327,1,303327,3500644.454,-0.724,0.171,0.025,-0.668,3095,0,0,3129,0,1891,5,1483,51,1.126,1,2297,0,228.310,9.772,-156.375,-96.938,135.188,-0.664,-0.445,0.516,-9.504,-2.273,-4.113,0.362,0.216,0.963,1.318,2,NULL,NULL,,3,1,2,7,255,1143,250,0,0
stim,273206,303327,1,303327,3500649.455,-0.726,0.164,0.024,-0.667,3097,0,0,3143,0,1977,38,1529,51,1.126,1,2297,0,159.193,7.425,-110.313,-103.313,50.000,-0.930,0.031,0.730,-5.879,4.535,-4.113,0.378,0.190,0.963,1.318,2,NULL,NULL,,3,1,2,7,255,1143,250,0,0
stim,273206,303327,1,303327,3500654.454,-0.727,0.160,0.023,-0.668,3103,0,0,3151,0,2038,46,1583,51,1.126,1,2297,0,122.416,4.904,-64.125,-104.063,-6.688,-0.277,0.352,0.789,-1.867,4.535,-1.195,0.392,0.176,0.963,1.318,2,NULL,NULL,,3,1,2,7,255,1143,250,0,0
stim,273206,303327,1,303327,3500659.455,-0.727,0.154,0.021,-0.669,3107,0,0,3160,0,2110,52,1628,51,1.126,1,2297,0,126.489,0.756,-68.875,-105.063,-14.750,-0.242,0.238,1.309,0.094,0.750,-0.633,0.402,0.168,0.963,1.318,2,NULL,NULL,,3,1,2,7,255,1143,250,0,0
stim,273228,303349,1,303349,3500664.453,-0.727,0.147,0.022,-0.670,3103,0,0,3163,0,2206,61,1739,51,1.126,1,2297,0,153.720,0.864,-115.000,-100.313,-18.500,-0.129,0.039,1.215,0.094,-0.859,1.973,0.414,0.160,0.963,1.318,2,NULL,NULL,,3,1,2,7,255,1143,250,0,0
stim,273228,303349,1,303349,3500669.455,-0.728,0.140,0.022,-0.671,3094,0,0,3165,0,2267,191,1880,51,1.126,1,2297,0,165.478,2.063,-132.125,-99.188,-9.375,-0.094,-0.250,0.922,-1.469,-1.449,1.973,0.426,0.150,0.963,1.318,2,NULL,NULL,,3,1,2,7,255,1143,250,0,0
stim,273228,303349,1,303349,3500674.454,-0.728,0.135,0.022,-0.672,3110,0,0,3170,181,2311,244,2003,51,1.126,1,2297,0,119.466,4.101,-85.875,-80.188,-21.625,0.039,-0.383,1.223,-3.730,-1.703,1.188,0.442,0.138,0.963,1.318,2,NULL,NULL,,3,1,2,7,255,1143,250,0,0
stim,273228,303349,1,303349,3500679.455,-0.727,0.132,0.022,-0.673,3099,0,0,3173,443,2350,237,2085,51,1.126,1,2297,0,76.673,5.046,-43.938,-47.125,-41.563,0.461,-0.207,1.070,-3.730,-3.398,-0.879,0.462,0.120,0.963,1.318,2,NULL,NULL,,3,1,2,7,255,1143,250,0,0
stim,273250,303371,1,303371,3500684.454,-0.727,0.131,0.021,-0.674,3107,0,0,3175,629,2376,251,2135,51,1.126,1,2297,0,48.242,7.301,-11.438,-46.313,-7.188,0.492,0.477,1.055,-2.867,-6.715,-0.172,0.484,0.100,0.963,1.318,2,NULL,NULL,,3,1,2,7,255,1143,250,0,0
stim,273250,303371,1,303371,3500689.455,-0.727,0.129,0.021,-0.674,3107,0,0,3175,815,2397,265,2199,51,1.126,1,2297,0,39.868,7.146,-20.563,-30.625,-15.125,-0.137,0.465,1.688,2.445,-6.715,-0.172,0.504,0.082,0.963,1.318,2,NULL,NULL,,3,1,2,7,255,1143,250,0,0
stim,273250,303371,1,303371,3500694.453,-0.726,0.125,0.023,-0.676,3103,0,0,3176,959,2420,265,2253,51,1.126,1,2297,0,106.635,3.157,-95.500,-18.938,-43.500,-0.145,0.070,1.234,2.445,-1.996,2.297,0.516,0.072,0.963,1.318,2,NULL,NULL,,3,1,2,7,255,1143,250,0,0
stim,273250,303371,1,303371,3500699.455,-0.726,0.122,0.026,-0.677,3101,2,0,3187,1103,2441,250,2299,51,1.126,1,2297,0,98.840,1.454,-89.375,-16.875,-38.688,-0.078,-0.051,0.750,-0.793,-1.219,2.297,0.526,0.066,0.963,1.318,2,NULL,NULL,,3,1,2,7,255,1143,250,0,0
stim,273276,303397,1,303397,3500704.453,-0.724,0.120,0.027,-0.678,3103,22,0,3175,1165,2453,249,2331,51,1.126,1,2297,0,67.727,1.440,-41.563,-11.375,-52.250,-0.203,-0.012,0.867,-1.141,-0.879,-1.137,0.534,0.062,0.963,1.318,2,NULL,NULL,,3,1,2,7,255,1143,250,0,0
stim,273276,303397,1,303397,3500709.455,-0.722,0.118,0.027,-0.681,3103,43,0,3179,1273,2468,255,2358,51,1.126,1,2297,0,77.018,1.440,-26.438,-12.500,-71.250,-0.125,0.180,1.074,-1.141,-0.879,-1.137,0.540,0.058,0.963,1.318,2,NULL,NULL,,3,1,2,7,255,1143,250,0,0
stim,273314,303435,1,303435,3500714.453,-0.721,0.116,0.028,-0.683,3107,68,0,3179,1362,2484,265,2388,51,1.126,1,2297,0,82.385,0.959,-43.500,-9.063,-69.375,0.020,0.086,1.109,-0.184,-0.941,0.816,0.550,0.054,0.963,1.318,2,NULL,NULL,,3,1,2,7,255,1143,250,0,0
stim,273314,303435,0,303435,3500719.455,-0.719,0.114,0.030,-0.684,3107,75,0,3176,1454,2501,263,2422,51,1.126,1,2297,0,79.095,2.199,-61.063,-6.313,-49.875,0.012,-0.125,0.973,-0.184,-2.191,0.816,0.558,0.048,0.963,1.318,2,NULL,NULL,,3,0,2,7,255,1137,250,0,0
stim,273314,303435,0,303435,3500724.454,-0.719,0.112,0.032,-0.686,3108,91,0,3180,1547,2519,260,2441,51,1.126,1,2297,0,65.732,2.897,-52.750,-6.438,-38.688,-0.117,-0.113,0.840,-1.895,-2.191,-0.652,0.568,0.042,0.963,1.318,2,NULL,NULL,,3,0,2,7,255,1137,250,0,0
stim,273314,303435,0,303435,3500729.455,-0.717,0.111,0.033,-0.687,3109,106,0,3179,1597,2527,251,2459,51,1.126,1,2297,0,54.364,2.009,-30.000,-6.875,-44.813,-0.168,0.020,0.875,-1.895,-0.668,-1.086,0.576,0.036,0.963,1.318,2,NULL,NULL,,3,0,2,7,255,1137,250,0,0
stim,273314,303435,0,303435,3500734.453,-0.716,0.110,0.033,-0.689,3109,111,0,3182,1629,2537,240,2475,51,1.126,1,2297,0,55.891,0.912,-18.125,-6.750,-52.438,-0.125,0.074,0.996,-0.621,-0.668,-1.086,0.582,0.030,0.963,1.318,2,NULL,NULL,,3,0,2,7,255,1137,250,0,0
stim,273314,303435,0,303435,3500739.455,-0.714,0.109,0.034,-0.690,3111,148,5,3183,1683,2547,230,2488,51,1.126,1,2297,0,55.939,0.872,-22.000,-5.000,-51.188,-0.039,0.059,1.063,-0.273,-0.828,0.027,0.592,0.022,0.963,1.318,2,NULL,NULL,,3,0,2,7,255,1137,250,0,0
stim,273314,303435,0,303435,3500744.453,-0.713,0.107,0.035,-0.692,3111,173,31,3188,1735,2552,213,2495,51,1.126,1,2297,0,45.609,1.810,-25.063,-1.813,-38.063,-0.004,0.023,1.008,-0.273,-1.789,0.027,0.600,0.016,0.963,1.318,2,NULL,NULL,,3,0,2,7,255,1137,250,0,0
stim,273314,303435,0,303435,3500749.455,-0.713,0.106,0.035,-0.692,3111,199,71,3187,1775,2557,187,2505,51,1.126,1,2297,0,36.037,1.810,-23.188,-2.188,-27.500,-0.078,0.055,1.027,-0.273,-1.789,0.199,0.608,0.010,0.963,1.318,2,NULL,NULL,,3,0,2,7,255,1137,250,0,0
stim,273314,303435,0,303435,3500754.454,-0.712,0.106,0.036,-0.693,3112,213,77,3187,1801,2557,179,2507,51,1.126,1,2297,0,32.292,1.341,-20.313,1.438,-25.063,-0.090,0.059,1.008,-0.258,-1.316,0.043,0.616,0.006,0.963,1.318,2,NULL,NULL,,3,0,2,7,255,1137,250,0,0
stim,273314,303435,0,303435,3500759.455,-0.712,0.105,0.037,-0.694,3113,228,114,3189,1831,2568,175,2511,51,1.126,1,2297,0,28.832,1.185,-18.250,0.625,-22.313,-0.102,0.008,1.020,-0.258,-1.156,0.156,0.624,0.000,0.963,1.318,2,NULL,NULL,,3,0,2,7,255,1137,250,0,0
stim,273333,303454,0,303454,3500764.454,-0.711,0.104,0.037,-0.694,3113,229,147,3189,1847,2570,171,2515,51,1.126,1,2297,0,22.819,1.307,-15.875,0.750,-16.375,-0.090,-0.047,0.977,-0.691,-1.109,0.043,0.000,0.000,0.963,1.318,2,NULL,NULL,,3,0,2,7,255,1137,250,0,0
stim,273333,303454,0,303454,3500769.455,-0.711,0.104,0.038,-0.695,3111,225,171,3187,1871,2573,171,2517,51,1.126,1,2297,0,14.983,1.569,-11.688,0.063,-9.375,-0.125,-0.043,0.965,-1.117,-1.102,-0.301,0.000,0.000,0.963,1.318,2,NULL,NULL,,3,0,2,7,255,1137,250,0,0
stim,273333,303454,0,303454,3500774.454,-0.711,0.103,0.038,-0.695,3113,234,197,3187,1891,2575,168,2518,51,1.126,1,2297,0,10.088,1.343,-8.000,0.500,-6.125,-0.148,-0.020,0.973,-1.117,-0.746,-0.301,0.000,0.000,0.963,1.318,2,NULL,NULL,,3,0,2,7,255,1137,250,0,0
stim,273333,303454,0,303454,3500779.455,-0.711,0.103,0.038,-0.695,3110,234,223,3183,1899,2577,157,2519,51,1.084,1,2297,1,8.055,1.024,-5.063,-0.438,-6.250,-0.164,0.008,1.000,-0.871,-0.539,-0.207,0.000,0.000,0.963,1.290,2,NULL,NULL,,3,0,2,7,255,1137,250,0,0
stim,273333,303454,0,303454,3500784.453,-0.710,0.103,0.038,-0.695,3109,226,276,3181,1907,2577,142,2519,51,1.084,1,2297,1,8.185,0.840,-4.625,-0.938,-6.688,-0.152,0.012,1.008,-0.645,-0.539,0.094,0.006,0.006,0.963,1.290,2,NULL,NULL,,3,0,2,7,255,1137,250,0,0
stim,273333,303454,0,303454,3500789.455,-0.710,0.102,0.038,-0.695,3101,216,295,3181,1915,2573,125,2520,51,1.084,1,2297,1,6.543,0.868,-4.438,-1.313,-4.625,-0.145,-0.008,0.996,-0.645,-0.582,0.094,0.012,0.010,0.963,1.290,2,NULL,NULL,,3,0,2,7,255,1137,250,0,0
stim,273363,303484,0,303484,3500794.454,-0.710,0.102,0.038,-0.695,3103,211,299,3177,1927,2573,111,2521,51,1.084,1,2297,1,4.107,0.952,-2.813,-2.625,-1.438,-0.156,-0.012,0.977,-0.754,-0.582,0.016,0.018,0.014,0.963,1.290,2,NULL,NULL,,3,0,2,7,255,1137,250,0,0
stim,273363,303484,0,303484,3500799.455,-0.710,0.102,0.038,-0.695,3099,201,302,3173,1931,2573,95,2521,51,1.084,1,2297,1,3.342,0.894,0.063,-3.313,0.438,-0.164,0.004,0.965,-0.754,-0.480,-0.148,0.024,0.016,0.963,1.290,2,NULL,NULL,,3,0,2,7,255,1137,250,0,0
stim,273363,303484,0,303484,3500804.454,-0.710,0.102,0.038,-0.695,3095,199,301,3165,1941,2569,56,2523,51,1.084,1,2297,1,3.621,0.823,2.188,-2.875,0.250,-0.168,-0.008,0.969,-0.738,-0.363,-0.199,0.030,0.020,0.963,1.290,2,NULL,NULL,,3,0,2,7,255,1137,250,0,0
stim,273363,303484,0,303484,3500809.455,-0.710,0.102,0.038,-0.695,3091,183,308,3163,1945,2569,46,2524,51,1.084,1,2297,1,4.646,0.823,3.063,-3.438,-0.625,-0.156,-0.008,0.984,-0.738,-0.363,-0.199,0.036,0.024,0.963,1.290,2,NULL,NULL,,3,0,2,7,255,1137,250,0,0
stim,273402,303523,0,303523,3500814.453,-0.710,0.102,0.038,-0.695,3089,184,311,3155,1951,2569,46,2527,51,1.084,1,2297,1,7.240,0.875,4.250,-5.438,2.188,-0.133,0.043,0.996,-0.738,-0.469,-0.059,0.040,0.028,0.963,1.290,2,NULL,NULL,,3,0,2,7,255,1137,250,0,0
stim,273402,303523,0,303523,3500819.455,-0.711,0.102,0.037,-0.695,3080,175,313,3148,1951,2567,24,2530,51,1.084,1,2297,1,9.689,0.547,6.063,-5.438,5.250,-0.172,0.059,0.973,-0.281,-0.469,-0.059,0.046,0.032,0.963,1.290,2,NULL,NULL,,3,0,2,7,255,1137,250,0,0
stim,273402,303523,0,303523,3500824.454,-0.710,0.102,0.037,-0.695,3069,167,315,3142,1960,2567,21,2533,51,1.084,1,2297,1,8.104,0.392,6.813,-4.188,-1.313,-0.211,0.047,0.988,-0.273,-0.281,0.004,0.050,0.034,0.963,1.290,2,NULL,NULL,,3,0,2,7,255,1137,250,0,0
stim,273402,303523,0,303523,3500829.455,-0.710,0.102,0.037,-0.695,3061,167,319,3131,1967,2566,19,2533,51,1.084,1,2297,1,8.393,0.300,4.563,-6.250,-3.250,-0.160,0.082,1.000,-0.105,-0.281,0.105,0.052,0.036,0.963,1.290,2,NULL,NULL,,3,0,2,7,255,1137,250,0,0
stim,273402,303523,0,303523,3500834.454,-0.710,0.102,0.036,-0.695,3055,165,325,3119,1979,2565,19,2537,51,1.084,1,2297,1,8.813,0.308,4.875,-7.188,1.500,-0.168,0.059,0.961,-0.125,-0.281,0.105,0.056,0.038,0.963,1.290,2,NULL,NULL,,3,0,2,7,255,1137,250,0,0
stim,273402,303523,0,303523,3500839.455,-0.710,0.102,0.036,-0.696,3049,163,341,3111,1993,2566,20,2540,51,1.084,1,2297,1,11.031,0.308,7.938,-7.125,-2.813,-0.188,0.035,0.969,-0.125,-0.281,-0.133,0.058,0.038,0.963,1.290,2,NULL,NULL,,3,0,2,7,255,1137,250,0,0
stim,273424,303545,0,303545,3500844.454,-0.710,0.102,0.035,-0.696,3037,163,361,3101,2007,2567,21,2547,51,1.084,1,2297,1,12.974,0.308,8.063,-10.063,1.438,-0.168,0.090,0.988,-0.125,-0.281,-0.133,0.060,0.038,0.963,1.290,2,NULL,NULL,,3,0,2,7,255,1137,250,0,0
stim,273424,303545,0,303545,3500849.455,-0.710,0.102,0.035,-0.696,3028,157,389,3090,2021,2565,29,2552,51,1.084,1,2297,1,12.977,0.148,8.313,-9.938,0.750,-0.203,0.086,0.980,0.121,-0.086,0.016,0.060,0.038,0.963,1.290,2,NULL,NULL,,3,0,2,7,255,1137,250,0,0
stim,273424,303545,0,303545,3500854.453,-0.710,0.102,0.034,-0.696,3017,158,415,3079,2039,2565,45,2565,51,1.084,1,2297,1,14.733,0.288,8.688,-11.250,-3.875,-0.176,0.141,1.004,0.172,-0.230,0.039,0.062,0.038,0.963,1.290,2,NULL,NULL,,3,0,2,7,255,1137,250,0,0
stim,273424,303545,0,303545,3500859.455,-0.710,0.101,0.033,-0.696,3003,159,467,3063,2069,2559,60,2579,51,1.084,1,2297,1,15.353,0.677,7.750,-13.250,-0.313,-0.176,0.148,1.008,0.637,-0.230,0.230,0.064,0.036,0.963,1.290,2,NULL,NULL,,3,0,2,7,255,1137,250,0,0
stim,273424,303545,0,303545,3500864.453,-0.710,0.101,0.032,-0.696,2987,158,503,3048,2091,2567,72,2591,51,1.084,1,2297,1,14.446,0.729,5.563,-12.813,-3.688,-0.180,0.184,1.023,0.691,-0.230,0.289,0.064,0.034,0.963,1.290,2,NULL,NULL,,3,0,2,7,255,1137,250,0,0
stim,273424,303545,0,303545,3500869.455,-0.710,0.101,0.032,-0.696,2975,159,567,3035,2129,2568,85,2602,51,1.084,1,2297,1,15.017,1.050,3.813,-14.250,-2.813,-0.156,0.230,1.035,1.023,-0.234,0.457,0.064,0.032,0.963,1.290,2,NULL,NULL,,3,0,2,7,255,1137,250,0,0
stim,273424,303545,0,303545,3500874.454,-0.710,0.101,0.031,-0.696,2962,174,637,3025,2168,2571,107,2619,51,1.084,1,2297,1,15.209,1.299,2.438,-13.563,-6.438,-0.141,0.207,1.039,1.223,-0.438,0.555,0.064,0.030,0.963,1.290,2,NULL,NULL,,3,0,2,7,255,1137,250,0,0
stim,273424,303545,0,303545,3500879.455,-0.710,0.100,0.031,-0.696,2942,185,697,3015,2215,2569,169,2633,51,1.084,1,2297,1,13.979,1.356,-3.000,-13.625,-0.875,-0.133,0.168,1.020,1.223,-0.586,0.555,0.062,0.024,0.963,1.290,2,NULL,NULL,,3,0,2,7,255,1137,250,0,0
stim,273461,303582,0,303582,3500884.454,-0.710,0.100,0.030,-0.697,2927,187,762,3001,2263,2573,189,2645,51,1.084,1,2297,1,14.507,1.047,-2.938,-13.938,-2.750,-0.164,0.152,1.004,0.867,-0.586,0.344,0.062,0.020,0.963,1.290,2,NULL,NULL,,3,0,2,7,255,1137,250,0,0
stim,273461,303582,0,303582,3500889.455,-0.710,0.099,0.030,-0.697,2911,202,797,2991,2295,2577,229,2658,51,1.084,1,2297,1,14.471,0.883,-3.875,-13.063,-4.875,-0.168,0.164,0.988,0.840,-0.273,0.238,0.062,0.014,0.963,1.290,2,NULL,NULL,,3,0,2,7,255,1137,250,0,0
stim,273461,303582,0,303582,3500894.453,-0.709,0.099,0.029,-0.697,2900,220,857,2975,2328,2581,277,2669,51,1.084,1,2297,1,17.309,0.787,-1.625,-13.000,-11.313,-0.141,0.152,1.008,0.738,-0.273,0.219,0.062,0.010,0.963,1.290,2,NULL,NULL,,3,0,2,7,255,1137,250,0,0
stim,273461,303582,0,303582,3500899.455,-0.709,0.098,0.029,-0.698,2879,247,951,2967,2357,2581,301,2680,51,1.084,1,2297,1,17.024,0.872,-4.250,-11.625,-11.688,-0.121,0.105,1.000,0.738,-0.465,0.109,0.062,0.006,0.963,1.290,2,NULL,NULL,,3,0,2,7,255,1137,250,0,0
stim,273461,303582,0,303582,3500904.453,-0.709,0.098,0.029,-0.698,2863,249,1043,2955,2396,2584,359,2693,51,1.084,1,2297,1,16.587,0.683,-5.000,-11.938,-10.375,-0.121,0.070,0.988,0.258,-0.633,0.086,0.064,0.006,0.963,1.290,2,NULL,NULL,,3,0,2,7,255,1137,250,0,0
stim,273461,303582,0,303582,3500909.455,-0.709,0.097,0.029,-0.698,2839,253,1147,2961,2426,2587,395,2707,51,1.084,1,2297,1,16.191,0.637,-5.750,-11.250,-10.125,-0.164,0.031,0.961,-0.070,-0.633,-0.055,0.066,0.008,0.963,1.290,2,NULL,NULL,,3,0,2,7,255,1137,250,0,0
stim,273509,303630,0,303630,3500914.454,-0.708,0.097,0.029,-0.699,2833,261,1227,2925,2466,2588,456,2713,51,1.084,1,2297,1,18.674,0.447,-3.813,-12.188,-13.625,-0.191,0.027,0.961,-0.414,-0.168,-0.215,0.068,0.010,0.963,1.290,2,NULL,NULL,,3,0,2,7,255,1137,250,0,0
stim,273509,303630,0,303630,3500919.455,-0.708,0.096,0.028,-0.699,2803,261,1311,2915,2493,2599,509,2733,51,1.084,1,2297,1,22.792,0.430,-2.625,-12.313,-19.000,-0.191,0.035,0.969,-0.414,0.117,-0.215,0.068,0.010,0.963,1.290,2,NULL,NULL,,3,0,2,7,255,1137,250,0,0
stim,273509,303630,0,303630,3500924.454,-0.707,0.096,0.028,-0.700,2783,269,1372,2903,2515,2597,574,2739,51,1.084,1,2297,1,26.524,0.408,-2.750,-13.875,-22.438,-0.168,0.035,0.988,-0.391,0.117,-0.137,0.070,0.012,0.963,1.290,2,NULL,NULL,,3,0,2,7,255,1137,250,0,0
stim,273509,303630,0,303630,3500929.455,-0.707,0.095,0.028,-0.701,2764,269,1479,2892,2549,2611,679,2751,51,1.084,1,2297,1,26.919,0.418,-6.563,-14.250,-21.875,-0.164,0.031,1.000,-0.391,-0.148,-0.004,0.072,0.010,0.963,1.290,2,NULL,NULL,,3,0,2,7,255,1137,250,0,0
stim,273509,303630,0,303630,3500934.453,-0.706,0.094,0.028,-0.701,2739,281,1584,2879,2577,2603,793,2769,51,1.084,1,2297,1,29.353,0.418,-10.688,-15.438,-22.563,-0.168,0.051,1.012,-0.391,-0.148,0.109,0.072,0.010,0.963,1.290,2,NULL,NULL,,3,0,2,7,255,1137,250,0,0
stim,273509,303630,0,303630,3500939.455,-0.705,0.093,0.028,-0.702,2707,327,1668,2855,2603,2607,901,2785,51,1.084,1,2297,1,34.344,0.442,-15.313,-15.688,-26.438,-0.176,0.016,0.988,-0.422,-0.133,0.109,0.074,0.008,0.963,1.290,2,NULL,NULL,,3,0,2,7,255,1137,250,0,0
stim,273509,303630,0,303630,3500944.453,-0.705,0.092,0.028,-0.703,2667,333,1753,2835,2633,2613,1022,2793,51,1.084,1,2297,1,34.530,0.551,-14.875,-18.000,-25.438,-0.141,-0.004,0.965,-0.535,-0.133,0.027,0.076,0.008,0.963,1.290,2,NULL,NULL,,3,0,2,7,255,1137,250,0,0
stim,273509,303630,0,303630,3500949.455,-0.704,0.091,0.028,-0.704,2641,343,1839,2825,2653,2613,1121,2807,51,1.084,1,2297,1,33.216,0.580,-13.688,-18.438,-24.000,-0.148,0.027,0.969,-0.535,-0.223,-0.211,0.076,0.006,0.963,1.290,2,NULL,NULL,,3,0,2,7,255,1137,250,0,0
stim,273509,303630,0,303630,3500954.454,-0.703,0.090,0.028,-0.705,2584,345,1887,2798,2669,2616,1213,2815,51,1.084,1,2297,1,33.354,0.491,-10.063,-19.000,-25.500,-0.137,0.031,0.969,-0.379,-0.313,-0.230,0.078,0.006,0.963,1.290,2,NULL,NULL,,3,0,2,7,255,1137,250,0,0
stim,273509,303630,0,303630,3500959.455,-0.703,0.089,0.027,-0.706,2541,363,1951,2776,2697,2620,1316,2827,51,1.084,1,2297,1,31.484,0.496,-7.625,-19.813,-23.250,-0.105,0.012,0.980,-0.379,-0.320,-0.211,0.082,0.004,0.963,1.290,2,NULL,NULL,,3,0,2,7,255,1137,250,0,0
stim,273528,303649,0,303649,3500964.453,-0.702,0.088,0.027,-0.706,2488,370,1999,2733,2723,2621,1404,2855,51,1.084,1,2297,1,30.178,0.636,-9.375,-20.000,-20.563,-0.129,-0.016,1.000,-0.496,-0.398,-0.188,0.084,0.004,0.963,1.290,2,NULL,NULL,,3,0,2,7,255,1137,250,0,0
stim,273528,303649,0,303649,3500969.455,-0.701,0.087,0.027,-0.707,2437,379,2087,2713,2733,2622,1489,2856,51,1.084,1,2297,1,30.423,0.860,-8.938,-20.375,-20.750,-0.117,-0.012,0.984,-0.719,-0.473,-0.137,0.086,0.004,0.963,1.290,2,NULL,NULL,,3,0,2,7,255,1137,250,0,0
stim,273528,303649,0,303649,3500974.454,-0.701,0.086,0.027,-0.708,2391,378,2155,2677,2757,2633,1606,2861,51,1.084,1,2297,1,27.969,0.860,-7.375,-21.000,-16.938,-0.113,0.004,0.977,-0.719,-0.473,-0.137,0.088,0.004,0.963,1.290,2,NULL,NULL,,3,0,2,7,255,1137,250,0,0
stim,273528,303649,0,303649,3500979.455,-0.701,0.085,0.026,-0.708,2315,379,2223,2641,2771,2629,1705,2877,51,1.084,1,2297,1,27.640,0.720,-7.438,-21.688,-15.438,-0.168,0.023,1.004,-0.543,-0.473,-0.137,0.092,0.006,0.963,1.290,2,NULL,NULL,,3,0,2,7,255,1137,250,0,0
stim,273551,303672,0,303672,3500984.454,-0.700,0.084,0.026,-0.709,2232,377,2266,2589,2788,2633,1784,2889,51,1.084,1,2297,1,31.632,0.441,-7.688,-22.313,-21.063,-0.141,0.059,1.016,-0.371,-0.238,0.156,0.094,0.006,0.963,1.290,2,NULL,NULL,,3,0,2,7,255,1137,250,0,0
stim,273551,303672,0,303672,3500989.455,-0.699,0.083,0.026,-0.709,2159,376,2321,2547,2804,2645,1868,2903,51,1.084,1,2297,1,32.931,0.248,-10.250,-22.563,-21.688,-0.125,0.055,1.039,-0.070,-0.238,0.246,0.098,0.006,0.963,1.290,2,NULL,NULL,,3,0,2,7,255,1137,250,0,0
stim,273551,303672,0,303672,3500994.454,-0.699,0.081,0.025,-0.710,2070,378,2361,2485,2826,2645,1949,2905,51,1.084,1,2297,1,36.964,0.242,-19.500,-23.063,-21.313,-0.156,0.055,1.070,-0.043,-0.238,0.445,0.100,0.006,0.963,1.290,2,NULL,NULL,,3,0,2,7,255,1137,250,0,0
stim,273551,303672,0,303672,3500999.455,-0.698,0.080,0.026,-0.711,1939,362,2410,2427,2839,2637,2025,2918,51,1.084,1,2297,1,45.689,0.189,-29.438,-23.063,-26.250,-0.148,0.027,1.063,-0.070,-0.176,0.688,0.104,0.008,0.963,1.290,2,NULL,NULL,,3,0,2,7,255,1137,250,0,0
stim,273581,303702,0,303702,3501004.453,-0.698,0.078,0.026,-0.712,1892,357,2444,2351,2855,2643,2093,2921,51,1.084,1,2297,1,48.767,0.328,-32.250,-23.688,-27.875,-0.117,0.000,0.984,-0.277,-0.176,0.688,0.106,0.010,0.963,1.290,2,NULL,NULL,,3,0,2,7,255,1137,250,0,0
stim,273581,303702,0,303702,3501009.455,-0.697,0.076,0.026,-0.713,1757,315,2471,2264,2867,2643,2159,2926,51,1.084,1,2297,1,41.754,0.604,-23.688,-24.563,-24.063,-0.094,-0.020,0.930,-0.496,-0.344,-0.109,0.108,0.012,0.963,1.290,2,NULL,NULL,,3,0,2,7,255,1137,250,0,0
stim,273613,303734,0,303734,3501014.453,-0.696,0.075,0.026,-0.713,1623,273,2503,2152,2884,2643,2205,2935,51,1.084,1,2297,1,34.801,0.706,-11.625,-26.000,-20.000,-0.098,-0.012,0.965,-0.551,-0.441,-0.340,0.110,0.014,0.963,1.290,2,NULL,NULL,,3,0,2,7,255,1137,250,0,0
stim,273613,303734,0,303734,3501019.455,-0.696,0.074,0.025,-0.714,1451,269,2537,2035,2900,2648,2263,2939,51,1.084,1,2297,1,34.446,0.706,-11.375,-26.563,-18.750,-0.121,0.000,1.047,-0.551,-0.441,-0.340,0.114,0.016,0.963,1.290,2,NULL,NULL,,3,0,2,7,255,1137,250,0,0
stim,273613,303734,0,303734,3501024.454,-0.695,0.072,0.025,-0.714,1299,250,2567,1893,2915,2645,2328,2957,51,1.084,1,2297,1,36.734,0.562,-17.813,-27.063,-17.313,-0.125,0.035,1.082,-0.465,-0.316,0.504,0.114,0.016,0.963,1.290,2,NULL,NULL,,3,0,2,7,255,1137,250,0,0
stim,273613,303734,0,303734,3501029.455,-0.695,0.070,0.025,-0.715,1147,240,2577,1737,2923,2646,2377,2967,51,1.084,1,2297,1,42.414,0.418,-26.438,-27.938,-17.875,-0.121,0.012,1.023,-0.277,-0.313,0.504,0.116,0.016,0.963,1.290,2,NULL,NULL,,3,0,2,7,255,1137,250,0,0
stim,273613,303734,0,303734,3501034.454,-0.695,0.069,0.025,-0.716,973,201,2600,1561,2933,2645,2427,2970,51,1.084,1,2297,1,41.610,0.376,-23.625,-28.500,-19.000,-0.137,-0.004,0.992,-0.277,-0.254,0.277,0.118,0.016,0.963,1.290,2,NULL,NULL,,3,0,2,7,255,1137,250,0,0
stim,273613,303734,0,303734,3501039.455,-0.694,0.067,0.025,-0.716,762,155,2619,1361,2950,2637,2469,2973,51,1.084,1,2297,1,39.987,0.281,-17.500,-30.563,-18.938,-0.137,0.035,1.008,-0.277,-0.043,0.168,0.118,0.018,0.963,1.290,2,NULL,NULL,,3,0,2,7,255,1137,250,0,0
stim,273613,303734,0,303734,3501044.453,-0.694,0.066,0.024,-0.717,580,93,2641,1131,2963,2641,2515,2987,51,1.084,1,2297,1,41.280,0.036,-15.313,-31.438,-21.938,-0.148,0.070,1.043,-0.027,-0.023,0.168,0.120,0.018,0.963,1.290,2,NULL,NULL,,3,0,2,7,255,1137,250,0,0
stim,273613,303734,0,303734,3501049.455,-0.693,0.064,0.024,-0.718,379,73,2662,935,2970,2623,2542,2989,51,1.084,1,2297,1,44.820,0.081,-18.813,-32.938,-23.875,-0.145,0.043,1.086,0.078,0.020,0.523,0.124,0.020,0.963,1.290,2,NULL,NULL,,3,0,2,7,255,1137,250,0,0
stim,273613,303734,0,303734,3501054.454,-0.692,0.062,0.024,-0.719,206,25,2667,689,2981,2618,2585,2997,51,1.084,1,2297,1,48.468,0.114,-21.438,-34.313,-26.688,-0.145,0.043,1.086,0.105,0.043,0.926,0.124,0.020,0.963,1.290,2,NULL,NULL,,3,0,2,7,255,1137,250,0,0
stim,273613,303734,0,303734,3501059.455,-0.691,0.060,0.023,-0.720,101,0,2684,498,2995,2617,2621,2999,51,1.084,1,2297,1,52.028,0.081,-24.688,-35.750,-28.625,-0.113,0.031,1.059,0.078,0.020,0.926,0.126,0.020,0.963,1.290,2,NULL,NULL,,3,0,2,7,255,1137,250,0,0
stim,273634,303755,0,303755,3501064.453,-0.691,0.058,0.023,-0.720,33,0,2696,248,3005,2597,2653,3013,51,1.084,1,2297,1,53.862,0.004,-23.688,-37.188,-30.938,-0.129,0.016,1.063,0.004,0.000,0.668,0.128,0.020,0.963,1.290,2,NULL,NULL,,3,0,2,7,255,1137,250,0,0
stim,273634,303755,0,303755,3501069.455,-0.690,0.056,0.022,-0.722,6,0,2709,120,3007,2580,2675,3013,51,1.084,1,2297,1,56.547,0.102,-19.438,-41.750,-32.813,-0.113,0.035,1.039,0.004,-0.102,0.641,0.128,0.022,0.963,1.290,2,NULL,NULL,,3,0,2,7,255,1137,250,0,0
stim,273634,303755,0,303755,3501074.454,-0.689,0.055,0.021,-0.723,0,0,2723,70,3019,2557,2701,3015,51,1.084,1,2297,1,62.988,0.102,-15.563,-45.938,-40.188,-0.102,0.023,1.043,0.004,-0.102,0.457,0.130,0.022,0.963,1.290,2,NULL,NULL,,3,0,2,7,255,1137,250,0,0
stim,273634,303755,0,303755,3501079.455,-0.688,0.053,0.020,-0.724,0,0,2741,0,3035,2537,2731,3020,51,1.084,1,2297,1,61.896,0.102,-1.688,-50.500,-35.750,-0.195,-0.008,1.094,0.004,-0.102,0.457,0.132,0.022,0.963,1.290,2,NULL,NULL,,3,0,2,7,255,1137,250,0,0
stim,273634,303755,0,303755,3501084.454,-0.687,0.051,0.018,-0.725,0,0,2743,0,3047,2525,2759,3029,51,1.084,1,2297,0,68.727,0.772,13.000,-57.625,-35.125,-0.332,-0.035,1.180,-0.262,0.727,1.059,0.132,0.020,0.963,1.290,3,NULL,NULL,,3,0,2,7,255,1137,250,0,0
stim,273634,303755,0,303755,3501089.455,-0.685,0.050,0.016,-0.727,0,0,2741,0,3044,2489,2776,3045,51,1.084,1,2297,0,86.341,2.058,26.938,-63.750,-51.625,-0.340,-0.016,1.230,-0.305,2.035,1.996,0.132,0.020,0.963,1.290,3,NULL,NULL,,3,0,2,7,255,1137,250,0,0
stim,273664,303785,0,303785,3501094.454,-0.683,0.049,0.013,-0.729,0,0,2743,0,3054,2473,2801,3033,51,1.084,1,2297,0,97.290,2.058,32.250,-72.438,-56.375,-0.250,0.035,1.316,-0.305,2.035,2.523,0.132,0.020,0.963,1.290,3,NULL,NULL,,3,0,2,7,255,1137,250,0,0
stim,273664,303785,0,303785,3501099.455,-0.682,0.048,0.009,-0.730,0,0,2748,0,3051,2431,2824,3035,51,1.084,1,2297,0,99.186,1.205,42.813,-80.000,-40.063,-0.191,0.168,1.598,0.113,1.199,3.262,0.130,0.024,0.963,1.290,3,NULL,NULL,,3,0,2,7,255,1137,250,0,0
stim,273664,303785,0,303785,3501104.453,-0.682,0.046,0.005,-0.730,0,0,2745,0,3061,2387,2835,3033,51,1.084,1,2297,0,95.351,1.323,31.625,-89.938,1.688,-0.164,0.363,1.754,1.250,0.434,5.969,0.126,0.028,0.963,1.290,3,NULL,NULL,,3,0,2,7,255,1137,250,0,0
stim,273664,303785,0,303785,3501109.455,-0.682,0.042,0.004,-0.730,0,0,2739,0,3067,2343,2862,3035,51,1.084,1,2297,0,102.706,2.292,-49.875,-89.438,7.875,-0.141,0.270,1.492,2.285,0.172,5.969,0.122,0.036,0.963,1.290,3,NULL,NULL,,3,0,2,7,255,1137,250,0,0
stim,273704,303825,0,303825,3501114.453,-0.683,0.037,0.003,-0.730,0,0,2734,0,3069,2277,2877,3032,51,1.084,1,2297,0,114.168,2.292,-66.375,-92.875,1.688,-0.180,0.020,1.043,2.285,0.172,4.926,0.114,0.046,0.963,1.290,3,NULL,NULL,,3,0,2,7,255,1137,250,0,0
stim,273704,303825,0,303825,3501119.455,-0.683,0.033,0.002,-0.729,0,0,2725,0,3079,2215,2879,3039,51,1.084,1,2297,0,105.729,1.078,-31.688,-99.250,18.000,-0.176,-0.164,0.949,0.016,1.078,0.496,0.110,0.054,0.963,1.290,3,NULL,NULL,,3,0,2,7,255,1137,250,0,0
stim,273730,303851,0,303851,3501124.454,-0.684,0.030,-0.002,-0.729,0,0,2701,0,3087,2141,2901,3038,51,1.084,1,2297,0,109.311,2.152,5.188,-107.500,19.125,-0.258,-0.258,0.945,-1.727,1.285,-0.473,0.104,0.060,0.963,1.290,3,NULL,NULL,,3,0,2,7,255,1137,250,0,0
stim,273730,303851,0,303851,3501129.455,-0.684,0.027,-0.006,-0.729,0,0,2679,0,3083,2039,2905,3041,51,1.084,1,2297,0,115.315,3.260,22.688,-112.813,7.500,-0.266,-0.230,1.094,-2.363,2.246,-0.473,0.100,0.066,0.963,1.290,3,NULL,NULL,,3,0,2,7,255,1137,250,0,0
stim,273730,303851,0,303851,3501134.454,-0.685,0.023,-0.010,-0.728,0,0,2649,0,3087,1927,2925,3035,51,1.084,1,2297,0,118.690,3.260,18.500,-117.125,5.188,-0.172,-0.195,1.242,-2.363,2.246,0.957,0.096,0.072,0.963,1.290,3,NULL,NULL,,3,0,2,7,255,1137,250,0,0
stim,273730,303851,0,303851,3501139.455,-0.685,0.020,-0.013,-0.728,0,0,2619,0,3089,1791,2925,3030,51,1.084,1,2297,0,123.595,2.659,7.813,-122.750,12.125,-0.180,-0.133,1.215,-2.090,1.645,2.094,0.090,0.080,0.963,1.290,3,NULL,NULL,,3,0,2,7,255,1137,250,0,0
stim,273730,303851,0,303851,3501144.453,-0.685,0.016,-0.017,-0.728,0,0,2583,0,3095,1646,2935,3028,51,1.084,1,2297,0,127.268,2.218,13.188,-126.375,7.250,-0.211,-0.074,1.039,-1.488,1.645,2.094,0.084,0.090,0.963,1.290,3,NULL,NULL,,3,0,2,7,255,1137,250,0,0
stim,273730,303851,0,303851,3501149.455,-0.686,0.013,-0.022,-0.728,0,0,2541,0,3091,1431,2933,3020,51,1.084,1,2297,0,136.575,1.848,27.438,-133.563,7.813,-0.082,-0.039,1.070,-0.844,1.645,0.676,0.078,0.098,0.963,1.290,3,NULL,NULL,,3,0,2,7,255,1137,250,0,0
stim,273730,303851,0,303851,3501154.453,-0.686,0.010,-0.028,-0.727,0,0,2501,0,3096,1189,2939,3019,51,1.084,1,2297,0,146.474,1.482,44.313,-138.875,14.313,-0.117,0.031,1.109,-0.625,1.344,0.676,0.074,0.108,0.963,1.290,3,NULL,NULL,,3,0,2,7,255,1137,250,0,0
stim,273730,303851,0,303851,3501159.455,-0.687,0.007,-0.033,-0.726,0,0,2429,0,3093,953,2949,3008,51,1.084,1,2297,0,153.725,1.274,46.000,-145.125,21.313,-0.094,0.086,1.262,0.051,1.273,1.031,0.072,0.118,0.963,1.290,3,NULL,NULL,,3,0,2,7,255,1137,250,0,0
stim,273730,303851,0,303851,3501164.454,-0.687,0.003,-0.039,-0.725,0,0,2333,0,3091,747,2955,3014,51,1.084,1,2297,0,155.594,1.427,32.625,-150.250,23.875,-0.102,0.156,1.363,0.480,1.344,2.547,0.070,0.126,0.963,1.290,3,NULL,NULL,,3,0,2,7,255,1137,250,0,0
stim,273730,303851,0,303851,3501169.455,-0.688,-0.001,-0.044,-0.724,0,0,2247,0,3099,555,2963,2992,51,1.084,1,2297,0,156.050,1.762,12.063,-153.438,25.750,-0.070,0.223,1.371,1.125,1.355,3.531,0.070,0.134,0.963,1.290,3,NULL,NULL,,3,0,2,7,255,1137,250,0,0
stim,273730,303851,0,303851,3501174.454,-0.688,-0.006,-0.049,-0.724,0,0,2133,0,3091,394,2953,2984,51,1.084,1,2297,0,158.237,2.334,4.125,-156.938,19.813,-0.133,0.266,1.273,1.762,1.531,3.531,0.068,0.144,0.963,1.290,3,NULL,NULL,,3,0,2,7,255,1137,250,0,0
stim,273730,303851,0,303851,3501179.455,-0.688,-0.011,-0.054,-0.723,0,0,2025,0,3087,250,2955,2981,51,1.084,1,2297,0,162.159,3.019,8.000,-161.813,6.938,-0.145,0.305,1.305,2.219,2.047,2.879,0.068,0.154,0.963,1.290,3,NULL,NULL,,3,0,2,7,255,1137,250,0,0
stim,273757,303878,0,303878,3501184.453,-0.688,-0.016,-0.059,-0.723,0,0,1887,0,3087,139,2961,2962,51,1.084,1,2297,0,168.454,3.364,11.000,-168.000,-5.625,-0.215,0.281,1.367,2.391,2.367,2.879,0.066,0.166,0.963,1.290,3,NULL,NULL,,3,0,2,7,255,1137,250,0,0
stim,273757,303878,0,303878,3501189.455,-0.687,-0.021,-0.065,-0.723,0,0,1733,0,3081,84,2956,2935,51,1.084,1,2297,0,179.771,4.066,16.625,-178.250,-16.375,-0.270,0.223,1.566,2.391,3.289,3.371,0.064,0.178,0.963,1.290,3,NULL,NULL,,3,0,2,7,255,1137,250,0,0
stim,273757,303878,0,303878,3501194.454,-0.686,-0.026,-0.071,-0.723,0,0,1579,0,3067,47,2941,2911,51,1.084,1,2297,0,192.429,4.643,10.813,-191.250,-18.313,-0.305,0.172,1.773,1.777,4.289,5.172,0.060,0.190,0.963,1.290,3,NULL,NULL,,3,0,2,7,255,1137,250,0,0
stim,273757,303878,0,303878,3501199.455,-0.686,-0.033,-0.077,-0.723,0,0,1454,0,3064,62,2933,2877,51,1.084,1,2297,0,207.046,5.354,-4.375,-206.875,-7.188,-0.277,0.188,1.980,1.371,5.176,7.070,0.056,0.202,0.963,1.290,3,NULL,NULL,,3,0,2,7,255,1137,250,0,0
stim,273757,303878,0,303878,3501204.454,-0.685,-0.041,-0.083,-0.722,0,0,1349,0,3047,43,2917,2853,51,1.084,1,2297,0,225.397,5.714,-26.125,-223.500,13.000,-0.395,0.270,2.148,1.371,5.547,9.008,0.050,0.214,0.963,1.290,3,NULL,NULL,,3,0,2,7,255,1137,250,0,0
stim,273757,303878,0,303878,3501209.455,-0.686,-0.050,-0.089,-0.721,0,0,1241,0,3034,73,2891,2807,51,1.084,1,2297,0,253.279,7.614,-53.313,-245.750,30.250,-0.477,0.434,2.105,2.250,7.273,9.652,0.046,0.228,0.963,1.290,3,NULL,NULL,,3,0,2,7,255,1137,250,0,0
stim,273813,303934,0,303934,3501214.453,-0.686,-0.061,-0.094,-0.719,0,0,1127,0,3020,88,2856,2761,51,1.084,1,2297,0,277.823,9.247,-77.063,-265.375,28.688,-0.465,0.570,2.000,4.043,8.316,9.652,0.050,0.246,0.963,1.290,3,NULL,NULL,,3,0,2,7,255,1137,250,0,0
stim,273813,303934,0,303934,3501219.455,-0.685,-0.073,-0.100,-0.718,0,0,1078,0,2997,107,2815,2705,51,1.084,1,2297,0,298.621,9.805,-79.125,-286.625,27.563,-0.453,0.512,2.008,5.105,8.371,8.473,0.064,0.270,0.963,1.290,3,NULL,NULL,,3,0,2,7,255,1137,250,0,0
stim,273813,303934,0,303934,3501224.454,-0.685,-0.085,-0.107,-0.716,0,0,1005,0,2975,123,2765,2631,51,1.084,1,2297,0,318.676,10.356,-70.563,-308.563,36.938,-0.559,0.547,2.156,5.539,8.750,8.473,0.088,0.298,0.963,1.290,3,NULL,NULL,,3,0,2,7,255,1137,250,0,0
stim,273813,303934,0,303934,3501229.455,-0.685,-0.097,-0.114,-0.713,0,0,952,0,2955,123,2701,2541,51,1.084,1,2297,0,338.980,11.993,-75.500,-328.750,33.625,-0.703,0.637,2.410,5.637,10.586,9.152,0.118,0.332,0.963,1.290,3,NULL,NULL,,3,0,2,7,255,1137,250,0,0
stim,273813,303934,0,303934,3501234.454,-0.683,-0.111,-0.122,-0.712,0,0,911,0,2919,133,2615,2425,51,1.084,1,2297,0,357.372,14.818,-83.875,-347.250,9.875,-0.727,0.707,2.672,6.781,13.176,10.758,0.156,0.370,0.963,1.290,3,NULL,NULL,,3,0,2,7,255,1137,250,0,0
stim,273813,303934,0,303934,3501239.455,-0.681,-0.125,-0.130,-0.710,0,0,909,0,2861,110,2506,2332,51,1.084,1,2297,0,379.312,16.284,-91.125,-368.063,-10.188,-0.648,0.547,2.840,6.781,14.805,12.629,0.200,0.418,0.963,1.290,3,NULL,NULL,,3,0,2,7,255,1137,250,0,0
stim,273813,303934,0,303934,3501244.454,-0.678,-0.140,-0.138,-0.708,0,0,871,0,2798,95,2379,2233,51,1.084,1,2297,0,409.292,16.706,-115.438,-392.500,11.750,-0.719,0.371,2.813,6.422,15.422,12.813,0.250,0.470,0.963,1.290,3,NULL,NULL,,3,0,2,7,255,1137,250,0,0
stim,273813,303934,0,303934,3501249.455,-0.676,-0.157,-0.145,-0.705,0,0,812,0,2733,91,2233,2127,51,1.084,1,2297,0,436.978,17.817,-138.938,-413.250,29.500,-0.926,0.434,2.594,5.898,16.813,12.813,0.306,0.528,0.963,1.290,3,NULL,NULL,,3,0,2,7,255,1137,250,0,0
stim,273813,303934,0,303934,3501254.453,-0.673,-0.175,-0.153,-0.702,0,0,715,0,2632,69,2009,1997,51,1.084,1,2297,0,450.574,19.239,-144.500,-426.750,4.563,-0.949,0.422,2.344,5.898,18.313,9.328,0.368,0.592,0.963,1.290,3,NULL,NULL,,3,0,2,7,255,1137,250,0,0
stim,273813,303934,0,303934,3501259.455,-0.669,-0.192,-0.163,-0.700,0,0,579,0,2531,60,1761,1864,51,1.084,1,2297,0,457.505,19.239,-117.125,-441.375,-27.938,-0.730,0.164,2.297,5.898,18.313,6.273,0.438,0.664,0.963,1.290,3,NULL,NULL,,3,0,2,7,255,1137,250,0,0
stim,273813,303934,0,303934,3501264.453,-0.664,-0.208,-0.174,-0.697,0,0,445,0,2397,0,1439,1712,51,1.084,1,2297,0,465.845,17.332,-85.750,-456.813,-31.313,-0.418,-0.191,2.336,3.586,16.957,6.273,0.514,0.742,0.963,1.290,3,NULL,NULL,,3,0,2,7,255,1137,250,0,0
stim,273813,303934,0,303934,3501269.455,-0.660,-0.224,-0.185,-0.693,0,0,288,0,2201,0,1058,1513,51,1.084,1,2297,0,473.081,15.814,-58.875,-469.375,-5.188,-0.309,-0.227,2.445,0.250,15.813,7.691,0.598,0.828,0.963,1.290,3,NULL,NULL,,3,0,2,7,255,1137,250,0,0
stim,273843,303964,0,303964,3501274.454,-0.656,-0.241,-0.197,-0.687,0,0,273,0,1952,0,596,1309,51,1.084,1,2297,0,480.378,15.814,-65.313,-475.500,19.938,-0.398,-0.074,2.402,0.250,15.813,7.691,0.684,0.916,0.963,1.290,3,NULL,NULL,,3,0,2,7,255,1137,250,0,0
stim,273843,303964,0,303964,3501279.455,-0.652,-0.258,-0.207,-0.682,0,0,183,0,1699,0,287,1107,51,1.084,1,2297,0,485.199,15.905,-92.625,-475.750,22.375,-0.434,0.098,2.078,1.715,15.813,6.906,0.772,1.006,0.963,1.290,3,NULL,NULL,,3,0,2,7,255,1137,250,0,0
stim,273843,303964,0,303964,3501284.454,-0.648,-0.275,-0.217,-0.676,0,0,142,0,1311,0,59,925,51,1.084,1,2297,0,489.293,15.946,-94.750,-479.625,19.750,-0.414,0.070,1.633,2.563,15.738,3.344,0.856,1.094,0.963,1.290,3,NULL,NULL,,3,0,2,7,255,1137,250,0,0
stim,273843,303964,0,303964,3501289.455,-0.644,-0.292,-0.228,-0.669,0,0,109,0,923,0,0,727,51,1.084,1,2297,0,494.195,13.561,-65.188,-487.563,47.563,-0.414,0.059,1.441,2.563,13.316,-0.484,0.938,1.178,0.963,1.290,3,NULL,NULL,,3,0,2,7,255,1137,250,0,0
stim,273843,303964,0,303964,3501294.453,-0.642,-0.308,-0.240,-0.660,0,0,85,0,477,0,0,558,51,1.084,1,2297,0,507.194,13.561,-36.500,-498.000,88.938,-0.578,0.141,1.508,2.563,13.316,-2.414,1.016,1.258,0.963,1.290,3,NULL,NULL,,3,0,2,7,255,1137,250,0,0
stim,273843,303964,0,303964,3501299.455,-0.640,-0.325,-0.251,-0.649,0,0,75,0,60,0,0,407,51,1.084,1,2297,0,537.919,14.620,-20.375,-517.938,143.813,-0.996,0.203,1.566,3.113,14.285,-3.777,1.086,1.330,0.963,1.290,3,NULL,NULL,,3,0,2,7,255,1137,250,0,0
stim,273879,304000,0,304000,3501304.453,-0.640,-0.343,-0.263,-0.636,0,0,35,0,0,0,0,243,51,1.084,1,2297,0,572.418,18.056,-19.875,-540.125,188.500,-1.285,0.391,1.469,3.590,17.695,-7.160,1.148,1.396,0.963,1.290,3,NULL,NULL,,3,0,2,7,255,1137,250,0,0
stim,273879,304000,0,304000,3501309.455,-0.638,-0.361,-0.274,-0.623,0,0,11,0,0,0,0,118,51,1.084,1,2297,0,570.771,18.357,-40.813,-544.438,166.438,-1.195,0.750,1.203,4.883,17.695,-11.039,1.208,1.458,0.963,1.290,4,NULL,NULL,,3,0,2,7,255,1137,250,0,0
stim,273907,304028,0,304028,3501314.454,-0.633,-0.378,-0.284,-0.613,0,0,17,0,0,0,0,45,51,1.084,1,2297,0,523.616,17.781,-92.750,-506.563,94.688,-0.648,1.258,0.871,7.859,15.949,-12.184,1.272,1.524,0.963,1.290,0,NULL,NULL,,3,0,2,7,255,1137,250,0,0
stim,273907,304028,0,304028,3501319.455,-0.627,-0.395,-0.292,-0.604,0,0,19,0,0,0,0,73,51,1.084,1,2297,0,477.389,16.024,-123.813,-457.125,60.063,-0.098,1.551,0.762,12.680,9.797,-12.184,1.342,1.596,0.963,1.290,0,NULL,NULL,,3,0,2,7,255,1137,250,0,0
stim,273907,304028,0,304028,3501324.454,-0.622,-0.411,-0.295,-0.597,0,0,22,0,0,0,0,133,51,1.084,1,2297,0,438.675,14.586,-186.938,-387.750,84.500,0.070,1.273,0.773,13.422,5.711,-9.188,1.418,1.674,0.963,1.290,0,NULL,NULL,,3,0,2,7,255,1137,250,0,0
stim,273907,304028,0,304028,3501329.455,-0.618,-0.426,-0.297,-0.591,0,0,27,0,0,0,0,187,51,1.084,1,2297,0,380.271,14.586,-177.250,-315.250,117.500,-0.133,0.645,0.789,13.422,5.711,-8.621,1.498,1.758,0.963,1.290,0,NULL,NULL,,3,0,2,7,255,1137,250,0,0
stim,273907,304028,0,304028,3501334.453,-0.616,-0.436,-0.298,-0.584,0,0,26,0,0,0,0,212,51,1.084,1,2297,0,284.206,9.899,-110.750,-237.125,110.813,-0.512,0.230,1.125,7.219,6.773,-8.621,1.574,1.838,0.963,1.290,0,NULL,NULL,,3,0,2,7,255,1137,250,0,0
stim,273907,304028,0,304028,3501339.455,-0.613,-0.444,-0.298,-0.581,0,0,26,0,0,0,0,229,51,1.084,1,2297,0,209.148,12.240,-111.125,-163.250,68.875,-0.758,0.000,1.609,3.320,11.781,-9.703,1.648,1.912,0.963,1.290,0,NULL,NULL,,3,0,2,7,255,1137,250,0,0
stim,273907,304028,0,304028,3501344.453,-0.609,-0.452,-0.295,-0.581,0,0,26,0,0,0,0,249,51,1.084,1,2297,0,217.014,16.420,-201.188,-77.813,23.750,-0.691,-0.074,1.523,1.664,16.336,-9.703,1.718,1.984,0.963,1.290,0,NULL,NULL,,3,0,2,7,255,1137,250,0,0
stim,273907,304028,0,304028,3501349.455,-0.604,-0.460,-0.287,-0.585,0,0,23,0,0,0,0,253,51,1.084,1,2297,0,293.621,16.420,-292.813,12.875,17.563,-0.461,0.156,0.734,1.664,16.336,-9.703,1.784,2.052,0.963,1.290,0,NULL,NULL,,3,0,2,7,255,1137,250,0,0
stim,273907,304028,0,304028,3501354.454,-0.600,-0.465,-0.275,-0.590,0,0,21,0,0,0,0,223,51,1.084,1,2297,0,320.285,8.435,-302.750,97.563,37.500,-0.398,0.672,-0.121,2.309,8.113,-11.227,1.848,2.118,0.963,1.290,0,NULL,NULL,,3,0,2,7,255,1137,250,0,0
stim,273907,304028,0,304028,3501359.455,-0.598,-0.467,-0.265,-0.595,0,0,20,0,0,0,0,188,51,1.084,1,2297,0,276.355,5.338,-216.938,165.875,42.375,-0.508,0.871,-0.570,5.324,-0.383,-15.355,1.910,2.182,0.963,1.290,0,NULL,NULL,,3,0,2,7,255,1137,250,0,0
stim,273933,304054,0,304054,3501364.454,-0.599,-0.464,-0.256,-0.600,0,0,20,0,0,0,0,111,51,1.084,1,2297,0,236.802,5.393,-100.813,212.688,26.000,-0.605,0.582,-0.313,5.324,-0.859,-17.754,1.974,2.248,0.963,1.290,0,NULL,NULL,,3,0,2,7,255,1137,250,0,0
stim,273933,304054,0,304054,3501369.455,-0.601,-0.459,-0.248,-0.605,0,0,17,0,0,0,0,109,51,1.084,1,2297,0,252.090,3.665,-51.875,246.500,9.813,-0.559,0.215,0.215,3.563,-0.859,-17.754,2.028,2.306,0.963,1.290,0,NULL,NULL,,3,0,2,7,255,1137,250,0,0
stim,273933,304054,0,304054,3501374.454,-0.603,-0.454,-0.239,-0.611,0,0,11,0,0,0,0,103,51,1.084,1,2297,0,280.388,4.417,-73.438,270.188,14.938,-0.414,0.125,0.406,1.707,4.074,-14.125,2.068,2.348,0.963,1.290,0,NULL,NULL,,3,0,2,7,255,1137,250,0,0
stim,273933,304054,0,304054,3501379.455,-0.604,-0.450,-0.228,-0.617,0,0,12,0,0,0,0,105,51,1.084,1,2297,0,306.516,4.417,-103.188,285.875,39.750,-0.301,0.191,0.203,1.707,4.074,-11.820,2.096,2.378,0.963,1.290,0,NULL,NULL,,3,0,2,7,255,1137,250,0,0
stim,273933,304054,0,304054,3501384.453,-0.607,-0.445,-0.217,-0.622,0,0,9,0,0,0,0,94,51,1.084,1,2297,0,316.290,3.289,-95.250,294.000,67.313,-0.316,0.285,-0.129,1.719,2.805,-11.820,2.112,2.396,0.963,1.290,0,NULL,NULL,,3,0,2,7,255,1137,250,0,0
stim,273933,304054,0,304054,3501389.455,-0.611,-0.439,-0.206,-0.626,0,0,5,0,0,0,0,87,51,1.084,1,2297,0,312.458,1.723,-53.313,297.750,78.313,-0.398,0.309,-0.277,1.719,0.125,-13.773,2.128,2.414,0.963,1.290,0,NULL,NULL,,3,0,2,7,255,1137,250,0,0
stim,273963,304084,0,304084,3501394.454,-0.615,-0.431,-0.196,-0.630,0,0,5,0,0,0,0,90,51,1.084,1,2297,0,309.645,1.353,-8.063,299.938,76.500,-0.406,0.285,-0.203,1.348,0.125,-14.867,2.144,2.434,0.963,1.290,0,NULL,NULL,,3,0,2,7,255,1137,250,0,0
stim,273963,304084,0,304084,3501399.455,-0.620,-0.423,-0.187,-0.634,0,0,6,0,0,0,0,78,51,1.084,1,2297,0,312.970,1.378,19.063,302.750,77.000,-0.344,0.273,-0.047,1.348,0.289,-14.867,2.160,2.452,0.963,1.290,0,NULL,NULL,,3,0,2,7,255,1137,250,0,0
stim,273963,304084,0,304084,3501404.453,-0.625,-0.414,-0.179,-0.637,0,0,5,0,0,0,0,78,51,1.084,1,2297,0,318.953,2.217,31.438,305.563,85.875,-0.316,0.293,0.066,1.852,1.219,-13.492,2.174,2.468,0.963,1.290,0,NULL,NULL,,3,0,2,7,255,1137,250,0,0
stim,273963,304084,0,304084,3501409.455,-0.630,-0.405,-0.170,-0.640,0,0,3,0,0,0,0,77,51,1.084,1,2297,0,323.849,3.082,42.125,306.625,95.313,-0.379,0.285,0.133,2.406,1.926,-12.660,2.188,2.484,0.963,1.290,0,NULL,NULL,,3,0,2,7,255,1137,250,0,0
stim,274012,304133,0,304133,3501414.453,-0.636,-0.395,-0.161,-0.643,0,0,2,0,0,0,0,73,51,1.084,1,2297,0,325.296,3.749,55.625,305.750,96.125,-0.461,0.242,0.207,2.406,2.875,-12.621,2.200,2.498,0.963,1.290,0,NULL,NULL,,3,0,2,7,255,1137,250,0,0
stim,274012,304133,0,304133,3501419.455,-0.641,-0.385,-0.153,-0.646,0,0,3,0,0,0,0,69,51,1.084,1,2297,0,323.787,4.690,68.125,304.188,87.563,-0.488,0.188,0.320,2.254,4.113,-12.492,2.216,2.516,0.963,1.290,0,NULL,NULL,,3,0,2,7,255,1137,250,0,0
stim,274012,304133,0,304133,3501424.454,-0.647,-0.375,-0.146,-0.648,0,0,0,0,0,0,0,46,51,1.084,1,2297,0,322.252,5.695,76.563,303.938,74.875,-0.484,0.168,0.457,2.254,5.230,-11.699,2.234,2.538,0.963,1.290,0,NULL,NULL,,3,0,2,7,255,1137,250,0,0
stim,274012,304133,0,304133,3501429.455,-0.651,-0.364,-0.138,-0.651,0,0,4,0,0,0,0,47,51,1.084,1,2297,0,321.525,6.607,80.188,304.938,62.938,-0.496,0.180,0.617,2.367,6.168,-10.547,2.258,2.562,0.963,1.290,0,NULL,NULL,,3,0,2,7,255,1137,250,0,0
stim,274012,304133,0,304133,3501434.454,-0.655,-0.353,-0.131,-0.654,0,0,3,0,0,0,0,45,51,1.084,1,2297,0,320.538,7.873,77.313,306.938,50.563,-0.520,0.203,0.789,2.965,7.293,-9.402,2.284,2.592,0.963,1.290,0,NULL,NULL,,3,0,2,7,255,1137,250,0,0
stim,274012,304133,0,304133,3501439.455,-0.659,-0.343,-0.124,-0.658,0,0,6,0,0,0,0,45,51,1.084,1,2297,0,320.116,9.237,66.625,311.375,32.875,-0.488,0.242,0.941,3.688,8.469,-8.219,2.316,2.626,0.963,1.290,0,NULL,NULL,,3,0,2,7,255,1137,250,0,0
stim,274012,304133,0,304133,3501444.453,-0.661,-0.332,-0.116,-0.662,0,0,7,0,0,0,0,49,51,1.084,1,2297,0,322.867,9.631,48.063,319.000,13.125,-0.371,0.273,1.016,4.586,8.469,-6.801,2.352,2.666,0.963,1.290,0,NULL,NULL,,3,0,2,7,255,1137,250,0,0
stim,274012,304133,0,304133,3501449.455,-0.663,-0.322,-0.107,-0.667,0,0,9,0,0,0,0,71,51,1.084,1,2297,0,329.471,9.879,28.313,328.250,1.250,-0.246,0.266,0.984,5.227,8.383,-5.395,2.392,2.708,0.963,1.290,0,NULL,NULL,,3,0,2,7,255,1137,250,0,0
stim,274012,304133,0,304133,3501454.453,-0.664,-0.311,-0.098,-0.672,0,0,10,0,0,0,0,72,51,1.084,1,2297,0,336.407,8.792,17.688,335.938,-1.688,-0.227,0.273,0.914,5.227,7.070,-4.867,2.436,2.754,0.963,1.290,0,NULL,NULL,,3,0,2,7,255,1137,250,0,0
stim,274012,304133,0,304133,3501459.455,-0.665,-0.301,-0.089,-0.677,0,0,9,0,0,0,0,85,51,1.084,1,2297,0,343.428,8.152,16.375,342.875,-10.563,-0.234,0.277,0.875,5.125,6.340,-4.867,2.482,2.802,0.963,1.290,0,NULL,NULL,,3,0,2,7,255,1137,250,0,0
stim,274031,304152,0,304152,3501464.454,-0.666,-0.290,-0.080,-0.683,0,0,5,0,0,0,0,95,51,1.084,1,2297,0,350.915,7.842,17.125,349.688,-23.813,-0.180,0.223,0.832,5.055,5.996,-4.867,2.528,2.850,0.963,1.290,0,NULL,NULL,,3,0,2,7,255,1137,250,0,0
stim,274031,304152,0,304152,3501469.455,-0.666,-0.278,-0.071,-0.688,0,0,5,0,0,0,0,103,51,1.084,1,2297,0,357.234,6.880,20.250,355.438,-29.500,-0.098,0.176,0.758,4.496,5.207,-4.750,2.574,2.900,0.963,1.290,0,NULL,NULL,,3,0,2,7,255,1137,250,0,0
stim,274031,304152,0,304152,3501474.454,-0.666,-0.267,-0.062,-0.694,0,0,8,0,0,0,0,114,51,1.084,1,2297,0,362.686,5.589,30.000,360.313,-28.563,-0.055,0.172,0.680,3.871,4.031,-4.750,2.620,2.946,0.963,1.290,0,NULL,NULL,,3,0,2,7,255,1137,250,0,0
stim,274031,304152,0,304152,3501479.455,-0.667,-0.254,-0.053,-0.699,0,0,5,0,0,0,0,116,51,1.084,1,2297,0,367.771,4.844,48.500,363.563,-26.938,-0.063,0.191,0.648,3.688,3.141,-4.941,2.662,2.992,0.963,1.290,0,NULL,NULL,,3,0,2,7,255,1137,250,0,0
stim,274059,304180,0,304180,3501484.453,-0.667,-0.241,-0.045,-0.704,0,0,6,0,0,0,0,121,51,1.084,1,2297,0,372.267,4.664,70.938,364.438,-27.125,-0.063,0.219,0.691,3.688,2.855,-4.941,2.702,3.032,0.963,1.290,0,NULL,NULL,,3,0,2,7,255,1137,250,0,0
stim,274059,304180,0,304180,3501489.455,-0.667,-0.227,-0.038,-0.708,0,0,6,0,0,0,0,118,51,1.084,1,2297,0,375.014,4.944,89.938,363.063,-27.063,-0.039,0.223,0.766,4.047,2.840,-4.777,2.732,3.066,0.963,1.290,0,NULL,NULL,,3,0,2,7,255,1137,250,0,0
stim,274059,304180,0,304180,3501494.453,-0.668,-0.213,-0.031,-0.713,0,0,6,0,0,0,0,121,51,1.084,1,2297,0,375.977,4.860,105.875,359.938,-24.375,-0.004,0.184,0.816,4.047,2.691,-3.914,2.758,3.094,0.963,1.290,0,NULL,NULL,,3,0,2,7,255,1137,250,0,0
stim,274059,304180,0,304180,3501499.455,-0.668,-0.198,-0.025,-0.716,0,0,5,0,0,0,0,123,51,1.084,1,2297,0,376.418,4.869,125.313,354.500,-17.813,-0.008,0.203,0.895,4.242,2.391,-3.121,2.778,3.116,0.963,1.290,0,NULL,NULL,,3,0,2,7,255,1137,250,0,0
stim,274059,304180,0,304180,3501504.454,-0.669,-0.183,-0.019,-0.720,0,0,6,0,0,0,0,119,51,1.084,1,2297,0,375.691,4.883,139.313,348.563,-15.500,-0.012,0.277,0.961,4.277,2.355,-2.367,2.794,3.136,0.963,1.290,0,NULL,NULL,,3,0,2,7,255,1137,250,0,0
stim,274059,304180,0,304180,3501509.455,-0.670,-0.168,-0.014,-0.723,0,0,10,0,0,0,0,122,51,1.084,1,2297,0,375.611,5.247,152.000,343.250,-12.625,0.004,0.238,1.035,4.730,2.270,-1.813,2.810,3.152,0.963,1.290,0,NULL,NULL,,3,0,2,7,255,1137,250,0,0
stim,274113,304234,0,304234,3501514.453,-0.671,-0.152,-0.010,-0.726,0,0,5,0,0,0,0,119,51,1.084,1,2297,0,374.826,5.314,163.625,337.188,-5.125,-0.039,0.230,1.145,4.805,2.270,-0.836,2.824,3.168,0.963,1.290,0,NULL,NULL,,3,0,2,7,255,1137,250,0,0
stim,274113,304234,0,304234,3501519.455,-0.671,-0.137,-0.005,-0.728,0,0,9,0,0,0,0,117,51,1.084,1,2297,0,373.683,5.402,169.813,332.813,-6.188,-0.109,0.270,1.254,4.805,2.469,0.207,2.838,3.184,0.963,1.290,0,NULL,NULL,,3,0,2,7,255,1137,250,0,0
stim,274113,304234,0,304234,3501524.454,-0.672,-0.121,-0.001,-0.731,0,0,3,0,0,0,0,117,51,1.084,1,2297,0,370.542,6.016,170.438,328.750,-13.250,-0.152,0.262,1.336,5.203,3.020,1.180,2.854,3.202,0.963,1.290,0,NULL,NULL,,3,0,2,7,255,1137,250,0,0
stim,274113,304234,0,304234,3501529.455,-0.671,-0.106,0.003,-0.733,0,0,6,0,0,0,0,115,51,1.084,1,2297,0,366.854,6.077,171.375,323.875,-17.813,-0.148,0.285,1.438,5.273,3.020,2.078,2.872,3.222,0.963,1.290,0,NULL,NULL,,3,0,2,7,255,1137,250,0,0
stim,274113,304234,0,304234,3501534.454,-0.671,-0.091,0.006,-0.736,0,0,5,0,0,0,0,119,51,1.084,1,2297,0,362.661,6.189,170.438,319.563,-18.813,-0.172,0.301,1.535,5.418,2.992,3.168,2.892,3.246,0.963,1.290,0,NULL,NULL,,3,0,2,7,255,1137,250,0,0
stim,274113,304234,0,304234,3501539.455,-0.671,-0.076,0.010,-0.738,0,0,9,0,0,0,0,109,51,1.084,1,2297,0,358.015,6.287,168.250,315.188,-22.875,-0.207,0.352,1.668,5.555,2.945,4.219,2.914,3.270,0.963,1.290,0,NULL,NULL,,3,0,2,7,255,1137,250,0,0
stim,274113,304234,0,304234,3501544.454,-0.670,-0.061,0.014,-0.740,0,0,7,0,0,0,0,115,51,1.084,1,2297,0,351.071,6.633,160.313,310.688,-32.000,-0.215,0.352,1.781,5.953,2.926,5.563,2.940,3.296,0.963,1.290,0,NULL,NULL,,3,0,2,7,255,1137,250,0,0
stim,274113,304234,0,304234,3501549.455,-0.668,-0.047,0.018,-0.742,0,0,9,0,0,0,0,111,51,1.084,1,2297,0,341.971,6.527,146.938,306.313,-39.063,-0.184,0.320,1.828,5.953,2.676,6.832,2.966,3.326,0.963,1.290,0,NULL,NULL,,3,0,2,7,255,1137,250,0,0
stim,274113,304234,0,304234,3501554.453,-0.667,-0.033,0.022,-0.744,0,0,9,0,0,0,0,111,51,1.084,1,2297,0,333.317,5.783,135.250,301.813,-41.438,-0.148,0.293,1.809,5.434,1.980,7.449,2.992,3.352,0.963,1.290,0,NULL,NULL,,3,0,2,7,255,1137,250,0,0
stim,274113,304234,0,304234,3501559.455,-0.665,-0.020,0.026,-0.746,0,0,9,0,0,0,0,117,51,1.084,1,2297,0,327.244,5.021,130.625,297.063,-42.188,-0.141,0.289,1.754,4.871,1.219,7.449,3.016,3.378,0.963,1.290,0,NULL,NULL,,3,0,2,7,255,1137,250,0,0
stim,274113,304234,0,304234,3501564.453,-0.663,-0.007,0.030,-0.748,0,0,13,0,0,0,0,109,51,1.084,1,2297,0,324.868,4.573,135.000,292.063,-44.875,-0.129,0.270,1.715,4.520,0.699,7.023,3.040,3.404,0.963,1.290,0,NULL,NULL,,3,0,2,7,255,1137,250,0,0
stim,274113,304234,0,304234,3501569.455,-0.660,0.007,0.034,-0.750,0,0,13,0,0,0,0,110,51,1.084,1,2297,0,325.946,4.055,146.000,287.375,-48.375,-0.098,0.238,1.727,4.051,0.195,6.910,3.062,3.428,0.963,1.290,0,NULL,NULL,,3,0,2,7,255,1137,250,0,0
stim,274144,304265,0,304265,3501574.454,-0.658,0.021,0.036,-0.752,0,0,16,0,0,0,0,115,51,1.084,1,2297,0,329.063,3.470,158.938,283.563,-51.125,-0.051,0.195,1.773,3.438,-0.473,6.910,3.082,3.450,0.963,1.290,0,NULL,NULL,,3,0,2,7,255,1137,250,0,0
stim,274144,304265,0,304265,3501579.455,-0.655,0.035,0.039,-0.754,0,0,13,0,0,0,0,109,51,1.084,1,2297,0,332.688,3.019,170.625,281.000,-51.063,0.012,0.129,1.809,2.711,-1.328,7.414,3.098,3.470,0.963,1.290,0,NULL,NULL,,3,0,2,7,255,1137,250,0,0
stim,274144,304265,0,304265,3501584.453,-0.653,0.049,0.040,-0.755,0,0,16,0,0,0,0,108,51,1.084,1,2297,0,337.984,2.813,183.875,279.563,-47.625,0.078,0.078,1.813,1.672,-2.262,7.688,3.112,3.486,0.963,1.290,0,NULL,NULL,,3,0,2,7,255,1137,250,0,0
stim,274144,304265,0,304265,3501589.455,-0.650,0.064,0.041,-0.756,0,0,21,0,0,0,0,123,51,1.084,1,2297,0,348.331,3.308,203.563,279.125,-44.563,0.156,0.051,1.820,0.730,-3.227,7.688,3.124,3.498,0.963,1.290,0,NULL,NULL,,3,0,2,7,255,1137,250,0,0
stim,274144,304265,0,304265,3501594.453,-0.647,0.079,0.042,-0.757,0,0,20,0,0,0,0,127,51,1.084,1,2297,0,363.919,4.305,230.000,278.813,-42.438,0.262,0.055,1.898,-0.012,-4.305,7.688,3.132,3.508,0.963,1.290,0,NULL,NULL,,3,0,2,7,255,1137,250,0,0
stim,274144,304265,0,304265,3501599.455,-0.644,0.096,0.041,-0.758,0,0,22,0,0,0,0,133,51,1.084,1,2297,0,382.734,5.873,257.750,279.750,-42.313,0.434,0.063,2.039,-0.586,-5.844,8.070,3.136,3.516,0.963,1.290,0,NULL,NULL,,3,0,2,7,255,1137,250,0,0
stim,274176,304297,0,304297,3501604.454,-0.640,0.113,0.040,-0.759,0,0,25,0,0,0,0,132,51,1.084,1,2297,0,400.546,8.217,281.250,282.250,-40.875,0.617,0.066,2.230,-1.348,-8.105,8.941,3.136,3.518,0.963,1.290,0,NULL,NULL,,3,0,2,7,255,1137,250,0,0
stim,274176,304297,1,304297,3501609.455,-0.637,0.130,0.038,-0.759,0,0,23,0,0,0,0,124,51,1.084,1,2297,0,414.789,10.865,298.625,285.625,-35.938,0.785,0.059,2.434,-2.344,-10.609,10.152,3.130,3.514,0.963,1.290,0,NULL,NULL,,3,1,2,7,255,1137,250,0,0
stim,274212,304333,1,304333,3501614.454,-0.633,0.148,0.036,-0.759,0,0,21,0,0,0,0,134,51,1.084,1,2297,0,424.035,13.491,308.688,289.313,-28.563,0.918,0.063,2.645,-3.535,-13.020,11.375,3.118,3.504,0.963,1.290,0,NULL,NULL,,3,1,2,7,255,1137,250,0,0
stim,274212,304333,1,304333,3501619.455,-0.630,0.167,0.034,-0.758,0,0,10,0,0,0,0,157,51,1.084,1,2297,0,436.181,15.908,325.438,289.938,-16.750,0.891,0.023,3.055,-4.734,-15.188,12.621,3.100,3.486,0.963,1.290,0,NULL,NULL,,3,1,2,7,255,1137,250,0,0
stim,274212,304333,1,304333,3501624.454,-0.628,0.189,0.021,-0.755,0,0,16,0,0,0,0,164,51,1.084,1,2297,0,595.586,17.053,545.063,220.625,94.625,0.926,0.863,4.965,-4.734,-16.383,15.969,3.074,3.462,0.963,1.290,0,NULL,NULL,,3,1,2,7,255,1137,250,0,0
stim,274212,304333,1,304333,3501629.455,-0.623,0.204,0.020,-0.755,0,0,21,0,0,0,0,169,51,1.084,1,2297,0,355.409,24.665,249.188,244.125,-68.000,1.172,0.285,5.445,-6.602,-23.766,34.281,3.040,3.432,0.963,1.290,0,NULL,NULL,,3,1,2,7,255,1137,250,0,0
stim,274212,304333,1,304333,3501634.453,-0.620,0.207,0.037,-0.756,0,0,27,0,0,0,0,171,51,1.084,1,2297,0,406.424,26.874,-227.688,303.563,-145.563,1.484,-0.715,2.559,-12.547,-23.766,34.281,2.998,3.392,0.963,1.290,0,NULL,NULL,,3,1,2,7,255,1137,250,0,0
stim,274212,304333,1,304333,3501639.455,-0.619,0.213,0.052,-0.754,0,0,24,0,0,0,0,181,51,1.084,1,2297,0,371.139,23.610,-181.250,318.938,-56.313,2.059,0.047,0.379,-12.547,-20.000,6.707,2.944,3.338,0.963,1.290,0,NULL,NULL,,3,1,2,7,255,1137,250,0,0
stim,274212,304333,1,304333,3501644.454,-0.616,0.227,0.055,-0.752,0,0,24,0,0,0,0,185,51,1.084,1,2297,0,331.932,20.287,163.813,288.688,2.000,2.145,0.832,0.703,-3.402,-20.000,-10.863,2.884,3.278,0.963,1.290,0,NULL,NULL,,3,1,2,7,255,1137,250,0,0
stim,274212,304333,1,304333,3501649.455,-0.611,0.244,0.053,-0.751,0,0,24,0,0,0,0,199,51,1.084,1,2297,0,412.751,22.567,295.000,286.563,-34.938,1.766,-0.203,1.922,-3.402,-22.309,-10.863,2.814,3.212,0.963,1.290,0,NULL,NULL,,3,1,2,7,255,1137,250,0,0
stim,274212,304333,1,304333,3501654.453,-0.607,0.259,0.052,-0.749,0,0,23,0,0,0,0,217,51,1.084,1,2297,0,363.561,25.234,262.688,251.250,-6.750,2.027,-0.910,3.055,-9.430,-23.406,-1.055,2.738,3.136,0.963,1.290,0,NULL,NULL,,3,1,2,7,255,1137,250,0,0
stim,274212,304333,1,304333,3501659.455,-0.606,0.270,0.054,-0.747,0,0,23,0,0,0,0,251,51,1.084,1,2297,0,260.062,33.593,109.688,234.938,20.125,2.496,-0.902,2.668,-19.438,-27.398,-0.848,2.656,3.054,0.963,1.290,0,NULL,NULL,,3,1,2,7,255,1137,250,0,0
stim,274233,304354,1,304354,3501664.453,-0.607,0.278,0.057,-0.742,0,0,22,0,0,0,0,302,51,1.084,1,2297,0,232.841,35.097,51.688,215.500,71.438,2.742,-0.219,1.492,-19.438,-29.223,-0.848,2.566,2.964,0.963,1.290,0,NULL,NULL,,3,1,2,7,255,1137,250,0,0
stim,274233,304354,1,304354,3501669.455,-0.609,0.289,0.057,-0.737,0,0,24,0,0,0,0,329,51,1.084,1,2297,0,270.869,30.768,130.500,197.688,131.375,2.789,0.367,0.875,-9.629,-29.223,-10.930,2.464,2.864,0.963,1.290,0,NULL,NULL,,3,1,2,7,255,1137,250,0,0
stim,274233,304354,1,304354,3501674.454,-0.609,0.300,0.054,-0.732,0,0,25,0,0,0,0,337,51,1.084,1,2297,0,296.998,29.679,202.875,178.188,123.688,2.766,-0.215,1.262,-8.414,-28.461,-13.910,2.358,2.758,0.963,1.290,0,NULL,NULL,,3,1,2,7,255,1137,250,0,0
stim,274233,304354,1,304354,3501679.455,-0.610,0.311,0.050,-0.727,0,0,26,0,0,0,0,353,51,1.084,1,2297,0,290.760,29.585,206.875,165.813,119.375,2.734,-0.734,1.555,-8.414,-28.363,-13.910,2.246,2.646,0.963,1.290,0,NULL,NULL,,3,1,2,7,255,1137,250,0,0
stim,274233,304354,1,304354,3501684.454,-0.611,0.321,0.047,-0.722,0,0,23,0,0,0,0,355,51,1.084,1,2297,0,265.483,31.706,184.188,142.813,127.125,3.137,-1.035,1.680,-13.973,-28.461,-13.910,2.132,2.532,0.963,1.290,0,NULL,NULL,,3,1,2,7,255,1137,250,0,0
stim,274233,304354,1,304354,3501689.455,-0.614,0.330,0.042,-0.716,0,0,22,0,0,0,0,361,51,1.084,1,2297,0,273.805,34.977,160.125,121.188,186.125,3.117,-1.293,1.574,-17.156,-30.480,-15.742,2.014,2.414,0.963,1.290,0,NULL,NULL,,3,1,2,7,255,1137,250,0,0
stim,274263,304384,1,304384,3501694.453,-0.617,0.337,0.037,-0.710,0,0,25,0,0,0,0,363,51,1.084,1,2297,0,266.682,35.731,162.813,92.000,190.125,2.613,-1.465,1.504,-18.645,-30.480,-16.641,1.896,2.296,0.963,1.290,0,NULL,NULL,,3,1,2,7,255,1137,250,0,0
stim,274263,304384,1,304384,3501699.455,-0.620,0.344,0.031,-0.705,0,0,21,0,0,0,0,354,51,1.084,1,2297,0,248.912,32.238,172.000,64.250,168.063,2.480,-1.527,1.742,-19.438,-25.719,-16.641,1.774,2.174,0.963,1.290,0,NULL,NULL,,3,1,2,7,255,1137,250,0,0
stim,274263,304384,1,304384,3501704.454,-0.621,0.351,0.025,-0.701,0,0,22,0,0,0,0,383,51,1.084,1,2297,0,222.122,33.003,181.313,34.813,123.500,2.055,-1.449,1.973,-20.688,-25.715,-14.766,1.646,2.046,0.963,1.290,0,NULL,NULL,,3,1,2,7,255,1137,250,0,0
stim,274263,304384,1,304384,3501709.455,-0.621,0.357,0.016,-0.698,0,0,5,0,0,0,0,483,51,1.084,1,2297,0,261.035,32.172,231.063,-14.625,120.563,1.563,-1.684,3.195,-20.930,-24.434,-10.938,1.512,1.912,0.963,1.290,0,NULL,NULL,,3,1,2,7,255,1137,250,0,0
stim,274302,304424,1,304424,3501714.454,-0.625,0.366,-0.014,-0.690,21,0,0,164,0,0,0,535,51,1.084,1,2297,0,751.180,37.596,580.500,-217.125,424.438,1.508,-0.098,7.594,-28.574,-24.434,-0.590,1.372,1.768,0.963,1.290,0,NULL,NULL,,3,1,2,7,255,1137,250,0,0
stim,274303,304424,1,304424,3501719.455,-0.629,0.362,-0.021,-0.688,403,0,0,688,0,39,0,541,51,1.084,1,2297,0,228.275,59.044,9.063,-170.625,151.375,1.102,0.258,8.922,-37.133,-45.906,38.055,1.224,1.618,0.963,1.290,0,NULL,NULL,,3,1,2,7,255,1137,250,0,0
stim,274303,304424,1,304424,3501724.454,-0.644,0.333,0.002,-0.688,942,0,5,1177,0,204,0,571,51,1.084,1,2297,0,911.596,59.044,-904.313,-105.625,45.500,0.273,0.844,4.234,-37.133,-45.906,38.055,1.072,1.462,0.963,1.290,0,NULL,NULL,,3,1,2,7,255,1137,250,0,0
stim,274303,304424,1,304424,3501729.455,-0.667,0.294,0.032,-0.684,1317,0,0,1499,0,461,0,605,51,1.084,1,2297,0,1245.272,24.199,-1224.563,-136.188,180.563,0.414,3.309,-0.672,-10.281,-21.906,25.090,0.914,1.298,0.963,1.290,0,NULL,NULL,,3,1,2,7,255,1137,250,0,0
stim,274303,304424,1,304424,3501734.453,-0.683,0.268,0.049,-0.677,1683,0,0,1756,0,655,0,631,51,1.084,1,2297,0,826.777,33.116,-784.750,-127.938,226.625,-0.043,2.953,-2.953,32.887,-3.891,-6.672,0.756,1.128,0.963,1.290,0,NULL,NULL,,3,1,2,7,255,1137,250,0,0
stim,274303,304424,1,304424,3501739.455,-0.694,0.257,0.049,-0.671,1988,0,0,1913,0,858,0,710,51,1.084,1,2298,0,385.068,34.858,-246.000,-149.938,255.500,-1.398,-0.211,-2.230,32.887,11.555,-23.754,0.602,0.954,0.963,1.290,1,1173.000,36.000,,3,1,2,7,255,1137,250,0,0
stim,274327,304448,1,304448,3501744.454,-0.699,0.255,0.041,-0.667,2171,0,0,2021,0,967,0,791,51,1.084,1,2298,0,248.916,14.593,50.875,-163.125,181.000,-1.758,-1.402,0.316,1.984,14.457,-23.754,0.460,0.778,0.963,1.290,1,NULL,NULL,,3,1,2,7,255,1137,250,0,0
stim,274327,304448,1,304448,3501749.455,-0.701,0.254,0.034,-0.666,2326,0,0,2110,0,1157,0,847,51,1.084,1,2298,0,162.174,14.593,79.125,-121.438,72.750,-0.797,1.043,1.945,1.984,14.457,-4.008,0.344,0.598,0.963,1.290,1,NULL,NULL,,3,1,2,7,255,1137,250,0,0
stim,274327,304448,1,304448,3501754.454,-0.703,0.251,0.032,-0.665,2505,0,0,2285,0,1257,0,919,51,1.084,1,2298,0,93.149,3.927,-39.813,-71.063,45.188,0.031,2.840,2.379,3.883,-0.590,12.863,0.280,0.430,0.963,1.290,1,NULL,NULL,,3,1,2,7,255,1137,250,0,0
stim,274327,304448,1,304448,3501759.455,-0.707,0.241,0.037,-0.664,2667,0,0,2511,0,1306,0,998,51,1.084,1,2298,0,253.882,13.958,-238.125,-65.188,59.188,-0.234,1.906,2.129,12.680,-5.836,14.551,0.314,0.324,0.963,1.290,2,NULL,NULL,,3,1,2,7,255,1137,250,0,0
stim,274327,304448,1,304448,3501764.453,-0.716,0.226,0.043,-0.659,2773,0,0,2663,0,1321,0,1069,51,1.084,1,2298,0,432.612,13.958,-392.313,-111.438,144.313,-1.535,-0.676,0.316,12.680,-5.836,14.551,0.352,0.304,0.963,1.290,2,NULL,NULL,,3,1,2,7,255,1137,250,0,0
stim,274327,304448,1,304448,3501769.455,-0.721,0.211,0.049,-0.658,2847,0,0,2765,0,1333,0,1177,51,1.084,1,2298,0,391.425,15.352,-359.375,-139.938,66.938,-1.918,-1.680,-1.012,-9.059,12.395,-3.191,0.374,0.324,0.963,1.290,2,NULL,NULL,,3,1,2,7,255,1137,250,0,0
stim,274327,304448,1,304448,3501774.454,-0.721,0.203,0.047,-0.661,2911,0,0,2854,0,1362,0,1292,51,1.084,1,2298,0,209.163,18.591,-106.188,-163.625,-75.500,-1.285,-1.246,-0.887,-12.074,14.137,-15.816,0.382,0.358,0.963,1.290,2,NULL,NULL,,3,1,2,7,255,1137,250,0,0
stim,274327,304448,1,304448,3501779.455,-0.717,0.200,0.040,-0.666,2943,0,0,2915,0,1387,0,1399,51,1.084,1,2298,0,214.349,18.591,69.563,-170.875,-109.125,-0.289,-0.426,0.707,-12.074,14.137,-15.816,0.392,0.394,0.963,1.290,2,NULL,NULL,,3,1,2,7,255,1137,250,0,0
stim,274356,304477,1,304477,3501784.454,-0.714,0.197,0.035,-0.671,2980,0,0,2963,0,1423,0,1449,51,1.084,1,2298,0,192.640,6.610,47.688,-156.875,-101.125,0.223,-0.301,2.137,-6.609,0.066,-3.344,0.412,0.428,0.963,1.290,2,NULL,NULL,,3,1,2,7,255,1137,250,0,0
stim,274356,304477,1,304477,3501789.455,-0.714,0.190,0.033,-0.673,3002,0,0,3005,0,1463,0,1485,51,1.084,1,2298,0,177.441,11.229,-85.938,-145.125,-55.125,0.668,-0.516,2.133,-6.609,-9.078,6.703,0.446,0.464,0.963,1.290,2,NULL,NULL,,3,1,2,7,255,1137,250,0,0
stim,274356,304477,1,304477,3501794.453,-0.717,0.180,0.034,-0.673,3025,0,0,3045,0,1515,0,1501,51,1.084,1,2298,0,228.503,14.450,-182.750,-134.500,26.938,0.785,-0.934,1.410,-8.137,-11.941,6.703,0.470,0.492,0.963,1.290,2,NULL,NULL,,3,1,2,7,255,1137,250,0,0
stim,274356,304477,1,304477,3501799.455,-0.721,0.171,0.035,-0.670,3043,0,0,3077,0,1611,0,1518,51,1.084,1,2298,0,237.785,15.992,-178.563,-116.813,104.938,0.535,-1.352,0.773,-10.637,-11.941,-0.750,0.472,0.506,0.963,1.290,2,NULL,NULL,,3,1,2,7,255,1137,250,0,0
stim,274356,304477,1,304477,3501804.453,-0.727,0.165,0.034,-0.666,3053,0,0,3098,0,1746,0,1557,51,1.084,1,2298,0,226.448,14.223,-115.125,-113.938,158.250,-0.023,-1.145,0.445,-11.773,-7.980,-6.406,0.452,0.502,0.963,1.290,2,NULL,NULL,,3,1,2,7,255,1137,250,0,0
stim,274356,304477,1,304477,3501809.455,-0.732,0.160,0.031,-0.662,3060,0,0,3113,0,1838,0,1609,51,1.084,1,2298,0,186.970,11.919,-47.250,-115.250,139.438,-0.598,-0.430,0.789,-11.773,-1.855,-6.406,0.414,0.486,0.963,1.290,2,NULL,NULL,,3,1,2,7,255,1137,250,0,0
stim,274407,304528,1,304528,3501814.454,-0.734,0.156,0.028,-0.661,3067,0,0,3127,0,1931,0,1675,51,1.084,1,2298,0,136.234,6.754,-40.125,-114.750,61.500,-0.660,0.305,1.102,-5.996,3.109,-1.648,0.372,0.460,0.963,1.290,2,NULL,NULL,,3,1,2,7,255,1137,250,0,0
stim,274407,304528,1,304528,3501819.455,-0.735,0.151,0.025,-0.660,3079,0,0,3132,0,2026,0,1723,51,1.084,1,2298,0,122.937,3.160,-40.313,-113.750,23.438,-0.180,0.633,1.129,0.563,3.109,2.180,0.342,0.428,0.963,1.290,2,NULL,NULL,,3,1,2,7,255,1137,250,0,0
stim,274407,304528,1,304528,3501824.454,-0.736,0.146,0.023,-0.660,3087,0,0,3141,0,2101,0,1781,51,1.084,1,2298,0,131.493,1.580,-72.125,-108.625,17.000,-0.258,0.375,1.406,1.461,-0.602,2.578,0.328,0.382,0.963,1.290,2,NULL,NULL,,3,1,2,7,255,1137,250,0,0
stim,274407,304528,1,304528,3501829.455,-0.737,0.139,0.023,-0.661,3087,0,0,3145,0,2203,0,1907,51,1.084,1,2298,0,149.465,1.589,-106.250,-105.000,5.063,-0.152,0.059,1.125,1.461,-0.625,2.180,0.328,0.328,0.963,1.290,2,NULL,NULL,,3,1,2,7,255,1137,250,0,0
stim,274407,304528,1,304528,3501834.453,-0.738,0.134,0.023,-0.661,3091,0,0,3153,157,2262,139,2010,51,1.084,1,2298,0,130.755,1.518,-88.563,-96.188,-1.188,-0.004,-0.063,1.043,-1.023,-1.121,1.242,0.336,0.276,0.963,1.290,2,NULL,NULL,,3,1,2,7,255,1137,250,0,0
stim,274407,304528,1,304528,3501839.455,-0.737,0.131,0.022,-0.662,3092,0,0,3155,379,2307,122,2095,51,1.084,1,2298,0,77.188,2.994,-38.000,-56.688,-36.063,0.270,-0.109,1.492,-1.828,-2.371,1.242,0.344,0.232,0.963,1.290,2,NULL,NULL,,3,1,2,7,255,1137,250,0,0
stim,274407,304528,1,304528,3501844.453,-0.737,0.128,0.022,-0.663,3095,0,0,3159,589,2341,135,2141,51,1.084,1,2298,0,56.391,6.220,-38.375,-37.313,-17.750,0.645,0.164,1.070,-1.828,-5.945,-0.008,0.346,0.202,0.963,1.290,2,NULL,NULL,,3,1,2,7,255,1137,250,0,0
stim,274407,304528,1,304528,3501849.455,-0.738,0.127,0.021,-0.663,3095,0,0,3159,745,2365,157,2190,51,1.084,1,2298,0,41.673,6.049,-18.875,-34.313,14.250,0.203,0.605,1.344,1.117,-5.945,3.336,0.344,0.188,0.963,1.290,2,NULL,NULL,,3,1,2,7,255,1137,250,0,0
stim,274407,304528,1,304528,3501854.454,-0.737,0.124,0.023,-0.664,3091,0,0,3163,884,2388,160,2233,51,1.084,1,2298,0,74.251,4.420,-68.813,-20.188,-19.250,-0.375,0.344,1.570,1.242,-4.242,3.336,0.344,0.180,0.963,1.290,2,NULL,NULL,,3,1,2,7,255,1137,250,0,0
stim,274407,304528,0,304528,3501859.455,-0.737,0.120,0.025,-0.665,3093,0,0,3163,1047,2404,159,2281,51,1.084,1,2298,0,105.046,1.559,-96.125,-15.938,-39.250,-0.070,0.141,0.816,1.242,-0.941,3.336,0.348,0.174,0.963,1.290,2,NULL,NULL,,3,0,2,7,255,1131,250,0,0
stim,274437,304558,0,304558,3501864.454,-0.736,0.118,0.027,-0.666,3095,4,0,3165,1133,2423,159,2323,51,1.084,1,2298,0,74.302,0.471,-59.063,-14.313,-42.750,-0.195,0.047,0.883,0.469,0.051,-0.965,0.352,0.166,0.963,1.290,2,NULL,NULL,,3,0,2,7,255,1131,250,0,0
stim,274437,304558,0,304558,3501869.455,-0.734,0.116,0.027,-0.668,3093,22,0,3170,1209,2443,163,2348,51,1.084,1,2298,0,73.003,0.650,-32.000,-11.000,-64.688,-0.145,0.129,1.023,0.148,-0.633,-0.965,0.362,0.156,0.963,1.290,2,NULL,NULL,,3,0,2,7,255,1131,250,0,0
stim,274437,304558,0,304558,3501874.454,-0.733,0.115,0.028,-0.670,3096,41,0,3171,1293,2455,159,2377,51,1.084,1,2298,0,78.005,0.650,-35.438,-8.750,-68.938,-0.027,0.203,1.105,0.148,-0.633,0.387,0.378,0.142,0.963,1.290,2,NULL,NULL,,3,0,2,7,255,1131,250,0,0
stim,274437,304558,0,304558,3501879.455,-0.731,0.113,0.030,-0.672,3095,59,0,3173,1381,2470,159,2408,51,1.084,1,2298,0,81.892,1.842,-57.875,-5.375,-57.688,-0.004,0.066,1.098,0.148,-1.836,0.758,0.400,0.122,0.963,1.290,2,NULL,NULL,,3,0,2,7,255,1131,250,0,0
stim,274438,304559,0,304559,3501884.453,-0.730,0.110,0.032,-0.674,3095,77,0,3177,1459,2489,165,2431,51,1.084,1,2298,0,84.573,1.857,-70.625,-2.875,-46.438,-0.070,-0.121,0.930,-0.281,-1.836,0.758,0.420,0.104,0.963,1.290,2,NULL,NULL,,3,0,2,7,255,1131,250,0,0
stim,274438,304559,0,304559,3501889.455,-0.729,0.108,0.034,-0.675,3096,84,0,3179,1543,2507,169,2451,51,1.084,1,2298,0,73.719,1.994,-54.250,-4.750,-49.688,-0.137,-0.082,0.781,-1.484,-1.332,-0.887,0.436,0.092,0.963,1.290,2,NULL,NULL,,3,0,2,7,255,1131,250,0,0
stim,274458,304580,0,304580,3501894.454,-0.727,0.106,0.035,-0.677,3099,110,0,3181,1591,2521,171,2470,51,1.084,1,2298,0,62.327,1.638,-26.375,-5.000,-56.250,-0.109,-0.020,0.852,-1.484,-0.691,-1.449,0.448,0.082,0.963,1.290,2,NULL,NULL,,3,0,2,7,255,1131,250,0,0
stim,274458,304580,0,304580,3501899.455,-0.726,0.105,0.035,-0.679,3097,125,0,3183,1626,2530,171,2485,51,1.084,1,2298,0,53.859,1.245,-16.750,-5.063,-50.938,-0.023,-0.035,1.012,-1.035,-0.691,-1.449,0.458,0.074,0.963,1.290,2,NULL,NULL,,3,0,2,7,255,1131,250,0,0
stim,274458,304580,0,304580,3501904.454,-0.725,0.104,0.036,-0.680,3102,151,0,3189,1661,2540,171,2505,51,1.084,1,2298,0,40.497,2.104,-22.625,-4.750,-33.250,-0.012,-0.039,1.047,-1.035,-1.832,-0.078,0.468,0.068,0.963,1.290,2,NULL,NULL,,3,0,2,7,255,1131,250,0,0
stim,274459,304580,0,304580,3501909.455,-0.725,0.103,0.036,-0.680,3103,170,23,3191,1715,2548,174,2517,51,1.084,1,2298,0,33.598,2.104,-25.438,-2.438,-21.813,-0.090,-0.020,0.973,-1.035,-1.832,-0.078,0.476,0.062,0.963,1.290,2,NULL,NULL,,3,0,2,7,255,1131,250,0,0
stim,274512,304633,0,304633,3501914.453,-0.724,0.102,0.037,-0.681,3107,199,63,3189,1759,2551,180,2515,51,1.084,1,2298,0,29.561,1.407,-18.313,-1.938,-23.125,-0.148,0.000,0.961,-0.875,-1.102,-0.328,0.484,0.056,0.963,1.290,2,NULL,NULL,,3,0,2,7,255,1131,250,0,0
stim,274512,304633,0,304633,3501919.455,-0.723,0.102,0.037,-0.682,3110,221,72,3192,1797,2567,185,2523,51,1.084,1,2298,0,29.540,1.105,-11.438,-1.625,-27.188,-0.125,-0.008,1.000,-0.758,-0.805,-0.328,0.494,0.048,0.963,1.290,2,NULL,NULL,,3,0,2,7,255,1131,250,0,0
stim,274512,304633,0,304633,3501924.454,-0.723,0.101,0.038,-0.683,3107,231,74,3205,1817,2557,175,2523,51,1.084,1,2298,0,26.584,1.105,-9.375,-0.250,-24.875,-0.082,-0.051,1.016,-0.758,-0.805,0.023,0.502,0.042,0.963,1.290,2,NULL,NULL,,3,0,2,7,255,1131,250,0,0
stim,274512,304633,0,304633,3501929.455,-0.722,0.100,0.038,-0.683,3111,231,109,3204,1833,2567,175,2526,51,1.118,1,2298,1,18.749,1.697,-9.750,0.688,-16.000,-0.074,-0.082,0.984,-1.160,-1.238,0.023,0.000,0.000,0.973,1.286,2,NULL,NULL,,3,0,2,7,255,1131,250,0,0
stim,274512,304633,0,304633,3501934.454,-0.722,0.100,0.038,-0.683,3113,239,151,3189,1847,2575,177,2532,51,1.118,1,2298,1,11.032,1.903,-9.938,-1.250,-4.625,-0.113,-0.105,0.973,-1.445,-1.238,-0.273,0.006,0.004,0.973,1.286,2,NULL,NULL,,3,0,2,7,255,1131,250,0,0
stim,274512,304633,0,304633,3501939.455,-0.722,0.100,0.039,-0.683,3108,233,160,3196,1860,2583,166,2533,51,1.118,1,2298,1,6.838,1.708,-6.688,-1.375,0.375,-0.176,-0.051,0.965,-1.445,-0.910,-0.273,0.012,0.006,0.973,1.286,2,NULL,NULL,,3,0,2,7,255,1131,250,0,0
stim,274512,304633,0,304633,3501944.453,-0.722,0.099,0.039,-0.684,3104,233,173,3193,1883,2577,148,2535,51,1.118,1,2298,1,4.846,1.179,-2.813,-1.938,-3.438,-0.195,0.004,0.988,-1.148,-0.266,-0.258,0.016,0.010,0.973,1.286,2,NULL,NULL,,3,0,2,7,255,1131,250,0,0
stim,274512,304633,0,304633,3501949.455,-0.722,0.099,0.039,-0.684,3107,227,198,3193,1891,2572,141,2537,51,1.118,1,2298,1,8.569,0.752,-1.125,-1.750,-8.313,-0.164,-0.004,1.016,-0.703,-0.266,0.059,0.020,0.014,0.973,1.286,2,NULL,NULL,,3,0,2,7,255,1131,250,0,0
stim,274512,304633,0,304633,3501954.453,-0.722,0.099,0.039,-0.684,3109,217,227,3196,1895,2569,137,2539,51,1.118,1,2298,1,4.367,0.768,-1.750,-1.938,-3.500,-0.121,0.027,1.031,-0.637,-0.430,0.227,0.026,0.016,0.973,1.286,2,NULL,NULL,,3,0,2,7,255,1131,250,0,0
stim,274512,304633,0,304633,3501959.455,-0.722,0.099,0.039,-0.684,3108,214,246,3181,1903,2580,133,2541,51,1.118,1,2298,1,6.023,0.674,-3.938,-4.125,1.938,-0.168,0.016,1.008,-0.520,-0.430,0.227,0.030,0.020,0.973,1.286,2,NULL,NULL,,3,0,2,7,255,1131,250,0,0
stim,274533,304654,0,304654,3501964.454,-0.722,0.098,0.039,-0.684,3097,205,254,3180,1911,2579,117,2543,51,1.118,1,2298,1,3.974,0.534,-2.188,-3.313,0.188,-0.195,0.035,0.977,-0.402,-0.352,0.180,0.034,0.022,0.973,1.286,2,NULL,NULL,,3,0,2,7,255,1131,250,0,0
stim,274533,304654,0,304654,3501969.455,-0.722,0.098,0.039,-0.684,3099,192,275,3187,1913,2572,93,2546,51,1.118,1,2298,1,6.208,0.458,0.500,-4.313,-4.438,-0.188,0.023,0.980,-0.441,-0.121,-0.035,0.038,0.024,0.973,1.286,2,NULL,NULL,,3,0,2,7,255,1131,250,0,0
stim,274533,304654,0,304654,3501974.454,-0.722,0.098,0.038,-0.684,3091,187,285,3165,1913,2567,82,2541,51,1.118,1,2298,1,6.779,0.357,2.813,-5.813,-2.063,-0.121,0.066,1.012,-0.336,-0.121,-0.035,0.042,0.026,0.973,1.286,2,NULL,NULL,,3,0,2,7,255,1131,250,0,0
stim,274533,304654,0,304654,3501979.455,-0.722,0.098,0.038,-0.684,3083,185,293,3165,1917,2571,89,2547,51,1.118,1,2298,1,6.094,0.544,1.563,-5.563,1.938,-0.152,0.035,1.000,-0.301,-0.453,0.109,0.044,0.028,0.973,1.286,2,NULL,NULL,,3,0,2,7,255,1131,250,0,0
stim,274533,304654,0,304654,3501984.453,-0.722,0.098,0.038,-0.684,3083,183,298,3158,1928,2569,89,2553,51,1.118,1,2298,1,5.832,0.454,0.500,-5.500,1.875,-0.164,0.086,1.000,0.023,-0.453,0.164,0.046,0.028,0.973,1.286,2,NULL,NULL,,3,0,2,7,255,1131,250,0,0
stim,274533,304654,0,304654,3501989.455,-0.722,0.098,0.037,-0.684,3028,175,305,3155,1933,2554,91,2555,51,1.118,1,2298,1,7.995,0.362,2.625,-7.375,1.625,-0.176,0.102,0.992,0.184,-0.313,0.109,0.048,0.030,0.973,1.286,2,NULL,NULL,,3,0,2,7,255,1131,250,0,0
stim,274563,304684,0,304684,3501994.453,-0.722,0.098,0.037,-0.684,3056,172,309,3143,1943,2555,95,2553,51,1.118,1,2298,1,8.974,0.326,4.563,-7.313,-2.500,-0.184,0.098,1.004,0.270,-0.184,0.164,0.050,0.030,0.973,1.286,2,NULL,NULL,,3,0,2,7,255,1131,250,0,0
stim,274563,304684,0,304684,3501999.455,-0.722,0.098,0.037,-0.684,3048,171,313,3140,1959,2552,94,2555,51,1.118,1,2298,1,8.676,0.383,3.250,-7.625,-2.563,-0.152,0.137,1.020,0.336,-0.184,0.227,0.052,0.030,0.973,1.286,2,NULL,NULL,,3,0,2,7,255,1131,250,0,0
stim,274563,304684,0,304684,3502004.454,-0.722,0.097,0.036,-0.684,3037,167,344,3116,1977,2551,111,2565,51,1.118,1,2298,1,8.771,0.732,2.313,-8.438,-0.625,-0.160,0.137,1.012,0.648,-0.340,0.297,0.052,0.030,0.973,1.286,2,NULL,NULL,,3,0,2,7,255,1131,250,0,0
stim,274563,304684,0,304684,3502009.455,-0.722,0.097,0.036,-0.684,3021,168,373,3112,1997,2553,119,2575,51,1.118,1,2298,1,9.205,0.732,0.938,-9.000,-1.688,-0.168,0.133,1.016,0.648,-0.340,0.316,0.054,0.028,0.973,1.286,2,NULL,NULL,,3,0,2,7,255,1131,250,0,0
stim,274611,304732,0,304732,3502014.454,-0.722,0.097,0.035,-0.684,3007,169,394,3109,2024,2553,139,2574,51,1.118,1,2298,1,9.787,0.694,-0.500,-9.750,-0.688,-0.199,0.145,1.004,0.648,-0.246,0.297,0.052,0.026,0.973,1.286,2,NULL,NULL,,3,0,2,7,255,1131,250,0,0
stim,274611,304732,0,304732,3502019.455,-0.722,0.097,0.035,-0.685,2953,170,469,3096,2039,2547,173,2589,51,1.118,1,2298,1,12.810,0.708,0.938,-10.563,-7.188,-0.188,0.191,1.012,0.707,-0.035,0.316,0.052,0.022,0.973,1.286,2,NULL,NULL,,3,0,2,7,255,1131,250,0,0
stim,274611,304732,0,304732,3502024.454,-0.721,0.096,0.034,-0.685,2989,181,521,3083,2067,2553,201,2603,51,1.118,1,2298,1,13.621,1.157,-0.125,-10.438,-8.750,-0.145,0.199,1.031,1.156,-0.035,0.375,0.050,0.018,0.973,1.286,2,NULL,NULL,,3,0,2,7,255,1131,250,0,0
stim,274611,304732,0,304732,3502029.455,-0.721,0.096,0.034,-0.685,2980,192,555,3056,2085,2553,211,2611,51,1.118,1,2298,1,13.386,1.238,-3.750,-10.250,-7.750,-0.113,0.180,1.039,1.156,-0.441,0.480,0.050,0.014,0.973,1.286,2,NULL,NULL,,3,0,2,7,255,1131,250,0,0
stim,274611,304732,0,304732,3502034.453,-0.721,0.096,0.034,-0.685,2959,191,613,3055,2121,2548,235,2617,51,1.118,1,2298,1,12.804,1.243,-6.938,-9.688,-4.688,-0.121,0.113,1.012,1.063,-0.645,0.480,0.050,0.010,0.973,1.286,2,NULL,NULL,,3,0,2,7,255,1131,250,0,0
stim,274611,304732,0,304732,3502039.455,-0.721,0.095,0.034,-0.686,2949,203,669,3046,2155,2548,275,2629,51,1.118,1,2298,1,12.477,0.806,-7.125,-9.375,-4.125,-0.148,0.117,0.977,0.484,-0.645,0.199,0.050,0.006,0.973,1.286,2,NULL,NULL,,3,0,2,7,255,1131,250,0,0
stim,274611,304732,0,304732,3502044.454,-0.721,0.095,0.034,-0.686,2931,216,717,3033,2201,2554,315,2641,51,1.118,1,2298,1,12.981,0.579,-3.000,-9.563,-8.250,-0.172,0.117,0.973,0.484,-0.316,-0.066,0.050,0.006,0.973,1.286,2,NULL,NULL,,3,0,2,7,255,1131,250,0,0
stim,274611,304732,0,304732,3502049.455,-0.721,0.094,0.033,-0.686,2843,240,767,3021,2237,2543,339,2651,51,1.118,1,2298,1,14.929,0.549,-2.250,-9.250,-11.500,-0.156,0.105,0.988,0.484,-0.258,-0.066,0.050,0.010,0.973,1.286,2,NULL,NULL,,3,0,2,7,255,1131,250,0,0
stim,274611,304732,0,304732,3502054.453,-0.720,0.094,0.033,-0.687,2893,253,824,3007,2271,2551,375,2661,51,1.118,1,2298,1,17.148,0.455,-2.688,-9.250,-14.188,-0.156,0.070,0.988,0.375,-0.258,0.023,0.052,0.012,0.973,1.286,2,NULL,NULL,,3,0,2,7,255,1131,250,0,0
stim,274611,304732,0,304732,3502059.455,-0.720,0.094,0.033,-0.687,2871,263,916,3000,2301,2552,411,2667,51,1.118,1,2298,1,16.519,0.304,-3.625,-9.938,-12.688,-0.164,0.082,0.984,0.160,-0.258,0.023,0.054,0.016,0.973,1.286,2,NULL,NULL,,3,0,2,7,255,1131,250,0,0
stim,274631,304752,0,304752,3502064.453,-0.719,0.093,0.033,-0.688,2841,261,1003,2986,2340,2551,477,2676,51,1.118,1,2298,1,20.158,0.196,-4.313,-9.938,-17.000,-0.188,0.078,0.992,0.086,-0.176,0.023,0.056,0.018,0.973,1.286,2,NULL,NULL,,3,0,2,7,255,1131,250,0,0
stim,274631,304752,0,304752,3502069.455,-0.719,0.092,0.033,-0.688,2829,263,1116,2981,2379,2555,537,2695,51,1.118,1,2298,1,24.178,0.096,-7.688,-10.625,-20.313,-0.191,0.066,0.996,0.086,0.043,0.121,0.058,0.018,0.973,1.286,2,NULL,NULL,,3,0,2,7,255,1131,250,0,0
stim,274631,304752,0,304752,3502074.454,-0.718,0.092,0.033,-0.689,2799,261,1207,2965,2409,2549,573,2707,51,1.118,1,2298,1,30.240,0.094,-11.375,-10.750,-25.875,-0.203,0.031,0.988,-0.008,0.094,0.121,0.060,0.020,0.973,1.286,2,NULL,NULL,,3,0,2,7,255,1131,250,0,0
stim,274631,304752,0,304752,3502079.455,-0.717,0.091,0.033,-0.690,2709,265,1299,2955,2439,2553,659,2709,51,1.118,1,2298,1,35.342,0.353,-12.813,-12.125,-30.625,-0.176,0.023,0.984,-0.340,0.094,0.059,0.060,0.020,0.973,1.286,2,NULL,NULL,,3,0,2,7,255,1131,250,0,0
stim,274661,304782,0,304782,3502084.454,-0.716,0.090,0.033,-0.691,2757,280,1369,2929,2476,2567,793,2717,51,1.118,1,2298,1,36.610,0.380,-14.750,-12.250,-31.188,-0.164,0.012,0.969,-0.375,-0.063,-0.035,0.060,0.020,0.973,1.286,2,NULL,NULL,,3,0,2,7,255,1131,250,0,0
stim,274661,304782,0,304782,3502089.455,-0.716,0.089,0.033,-0.692,2720,295,1485,2923,2494,2571,887,2731,51,1.118,1,2298,1,37.310,0.495,-15.500,-13.813,-31.000,-0.160,0.008,0.977,-0.480,-0.121,-0.137,0.062,0.020,0.973,1.286,2,NULL,NULL,,3,0,2,7,255,1131,250,0,0
stim,274661,304782,0,304782,3502094.453,-0.715,0.088,0.034,-0.693,2695,324,1579,2893,2525,2565,989,2741,51,1.118,1,2298,1,39.568,0.506,-16.750,-14.438,-32.813,-0.160,0.016,0.984,-0.480,-0.160,-0.137,0.062,0.020,0.973,1.286,2,NULL,NULL,,3,0,2,7,255,1131,250,0,0
stim,274661,304782,0,304782,3502099.455,-0.714,0.087,0.034,-0.694,2665,343,1653,2888,2553,2579,1086,2758,51,1.118,1,2298,1,42.299,0.425,-18.500,-15.188,-34.875,-0.145,0.016,0.996,-0.391,-0.168,-0.035,0.064,0.020,0.973,1.286,2,NULL,NULL,,3,0,2,7,255,1131,250,0,0
stim,274661,304782,0,304782,3502104.453,-0.713,0.085,0.034,-0.695,2629,349,1767,2858,2584,2571,1179,2761,51,1.118,1,2298,1,44.262,0.508,-22.750,-15.438,-34.688,-0.117,0.000,1.000,-0.391,-0.324,0.016,0.064,0.020,0.973,1.286,2,NULL,NULL,,3,0,2,7,255,1131,250,0,0
stim,274661,304782,0,304782,3502109.455,-0.712,0.084,0.034,-0.696,2579,345,1847,2843,2610,2573,1278,2783,51,1.118,1,2298,1,43.585,0.770,-26.500,-15.500,-30.938,-0.105,-0.035,0.965,-0.504,-0.582,0.016,0.066,0.022,0.973,1.286,2,NULL,NULL,,3,0,2,7,255,1131,250,0,0
stim,274706,304827,0,304827,3502114.454,-0.711,0.082,0.035,-0.697,2537,395,1911,2823,2632,2583,1381,2799,51,1.118,1,2298,1,36.624,0.987,-21.000,-16.688,-24.938,-0.102,-0.039,0.914,-0.797,-0.582,-0.348,0.068,0.022,0.973,1.286,2,NULL,NULL,,3,0,2,7,255,1131,250,0,0
stim,274706,304827,0,304827,3502119.455,-0.711,0.081,0.035,-0.698,2488,399,1961,2807,2665,2591,1479,2803,51,1.118,1,2298,1,28.927,0.980,-11.875,-17.625,-19.625,-0.121,-0.027,0.926,-0.797,-0.570,-0.668,0.070,0.022,0.973,1.286,2,NULL,NULL,,3,0,2,7,255,1131,250,0,0
stim,274706,304827,0,304827,3502124.454,-0.710,0.081,0.034,-0.698,2450,413,2043,2777,2683,2589,1583,2813,51,1.118,1,2298,1,27.571,0.782,-6.875,-18.438,-19.313,-0.160,0.004,0.984,-0.684,-0.379,-0.668,0.074,0.022,0.973,1.286,2,NULL,NULL,,3,0,2,7,255,1131,250,0,0
stim,274706,304827,0,304827,3502129.455,-0.710,0.080,0.034,-0.699,2407,428,2145,2757,2707,2589,1659,2829,51,1.118,1,2298,1,31.259,0.403,-8.500,-19.313,-23.063,-0.164,0.043,1.027,-0.395,-0.082,-0.039,0.076,0.022,0.973,1.286,2,NULL,NULL,,3,0,2,7,255,1131,250,0,0
stim,274706,304827,0,304827,3502134.453,-0.709,0.079,0.034,-0.700,2343,453,2216,2711,2727,2592,1781,2847,51,1.118,1,2298,1,34.298,0.084,-14.500,-20.125,-23.688,-0.152,0.051,1.031,-0.016,-0.082,0.379,0.078,0.022,0.973,1.286,2,NULL,NULL,,3,0,2,7,255,1131,250,0,0
stim,274706,304827,0,304827,3502139.455,-0.708,0.077,0.034,-0.701,2275,459,2273,2681,2763,2599,1862,2848,51,1.118,1,2298,1,37.660,0.095,-20.813,-20.875,-23.438,-0.160,0.039,1.031,-0.016,-0.094,0.402,0.082,0.022,0.973,1.286,2,NULL,NULL,,3,0,2,7,255,1131,250,0,0
stim,274706,304827,0,304827,3502144.454,-0.708,0.076,0.034,-0.702,2199,459,2324,2647,2777,2599,1941,2860,51,1.118,1,2298,1,43.540,0.097,-25.625,-21.250,-28.063,-0.164,0.000,1.039,-0.023,-0.094,0.426,0.084,0.024,0.973,1.286,2,NULL,NULL,,3,0,2,7,255,1131,250,0,0
stim,274706,304827,0,304827,3502149.455,-0.707,0.074,0.034,-0.703,2131,469,2375,2598,2796,2603,2029,2889,51,1.118,1,2298,1,49.481,0.387,-31.188,-21.625,-31.750,-0.145,-0.020,1.031,-0.375,-0.094,0.426,0.086,0.024,0.973,1.286,2,NULL,NULL,,3,0,2,7,255,1131,250,0,0
stim,274706,304827,0,304827,3502154.454,-0.706,0.072,0.035,-0.704,2031,467,2425,2549,2804,2600,2093,2899,51,1.118,1,2298,1,52.093,0.430,-34.563,-22.250,-32.000,-0.117,0.000,0.996,-0.375,-0.211,0.395,0.086,0.024,0.973,1.286,2,NULL,NULL,,3,0,2,7,255,1131,250,0,0
stim,274706,304827,0,304827,3502159.455,-0.705,0.070,0.035,-0.704,1947,458,2473,2493,2828,2604,2163,2904,51,1.118,1,2298,1,46.925,0.495,-29.063,-22.563,-29.125,-0.090,0.012,0.941,-0.305,-0.391,0.004,0.088,0.026,0.973,1.286,2,NULL,NULL,,3,0,2,7,255,1131,250,0,0
stim,274729,304850,0,304850,3502164.453,-0.705,0.069,0.035,-0.705,1855,445,2511,2421,2851,2605,2219,2911,51,1.118,1,2298,1,39.292,0.592,-20.313,-24.063,-23.500,-0.094,-0.012,0.953,-0.305,-0.508,-0.457,0.090,0.026,0.973,1.286,2,NULL,NULL,,3,0,2,7,255,1131,250,0,0
stim,274729,304850,0,304850,3502169.455,-0.704,0.067,0.035,-0.706,1711,435,2601,2339,2859,2604,2269,2920,51,1.118,1,2298,1,34.954,0.620,-15.500,-25.375,-18.375,-0.137,-0.063,1.016,-0.355,-0.508,-0.457,0.092,0.028,0.973,1.286,2,NULL,NULL,,3,0,2,7,255,1131,250,0,0
stim,274729,304850,0,304850,3502174.454,-0.704,0.066,0.035,-0.706,1583,397,2583,2264,2877,2607,2335,2931,51,1.118,1,2298,1,38.902,0.612,-21.125,-26.438,-19.188,-0.191,-0.035,1.074,-0.586,-0.176,0.203,0.096,0.030,0.973,1.286,2,NULL,NULL,,3,0,2,7,255,1131,250,0,0
stim,274729,304850,0,304850,3502179.455,-0.703,0.064,0.035,-0.707,1397,365,2611,2159,2899,2607,2387,2939,51,1.118,1,2298,1,47.462,0.605,-28.063,-27.500,-26.625,-0.172,0.016,1.047,-0.586,0.152,0.574,0.098,0.030,0.973,1.286,2,NULL,NULL,,3,0,2,7,255,1131,250,0,0
stim,274764,304885,0,304885,3502184.454,-0.702,0.062,0.035,-0.708,1269,308,2634,2025,2905,2604,2439,2939,51,1.118,1,2298,1,50.569,0.154,-28.438,-28.063,-31.000,-0.113,0.043,1.023,-0.023,0.152,0.574,0.100,0.032,0.973,1.286,2,NULL,NULL,,3,0,2,7,255,1131,250,0,0
stim,274764,304885,0,304885,3502189.455,-0.702,0.060,0.035,-0.709,1098,275,2655,1875,2920,2601,2485,2961,51,1.118,1,2298,1,48.447,0.372,-26.813,-28.750,-28.313,-0.070,0.027,1.012,0.133,-0.348,0.273,0.102,0.032,0.973,1.286,2,NULL,NULL,,3,0,2,7,255,1131,250,0,0
stim,274764,304885,0,304885,3502194.453,-0.701,0.059,0.034,-0.710,931,249,2677,1689,2931,2605,2519,2955,51,1.118,1,2298,1,40.894,0.742,-20.938,-29.625,-18.875,-0.051,0.008,1.012,0.133,-0.730,0.109,0.102,0.034,0.973,1.286,2,NULL,NULL,,3,0,2,7,255,1131,250,0,0
stim,274764,304885,0,304885,3502199.455,-0.701,0.057,0.034,-0.710,681,230,2699,1481,2937,2592,2555,2967,51,1.118,1,2298,1,39.229,0.732,-21.813,-29.875,-13.063,-0.105,-0.031,1.039,-0.039,-0.730,0.109,0.104,0.036,0.973,1.286,2,NULL,NULL,,3,0,2,7,255,1131,250,0,0
stim,274764,304885,0,304885,3502204.453,-0.701,0.055,0.034,-0.710,531,187,2720,1273,2961,2591,2596,2973,51,1.118,1,2298,1,41.447,0.530,-23.438,-31.938,-12.188,-0.164,-0.043,1.047,-0.410,-0.336,0.414,0.104,0.038,0.973,1.286,2,NULL,NULL,,3,0,2,7,255,1131,250,0,0
stim,274764,304885,0,304885,3502209.455,-0.700,0.054,0.034,-0.711,356,118,2745,1045,2966,2581,2635,2983,51,1.118,1,2298,1,43.539,0.443,-21.688,-32.875,-18.563,-0.152,-0.012,1.027,-0.410,0.168,0.414,0.106,0.038,0.973,1.286,2,NULL,NULL,,3,0,2,7,255,1131,250,0,0
stim,274805,304926,0,304926,3502214.454,-0.700,0.052,0.033,-0.712,197,83,2763,839,2975,2571,2659,2984,51,1.118,1,2298,1,44.357,0.243,-17.063,-34.125,-22.625,-0.098,-0.016,1.004,-0.176,0.168,0.379,0.106,0.040,0.973,1.286,2,NULL,NULL,,3,0,2,7,255,1131,250,0,0
stim,274805,304926,0,304926,3502219.455,-0.699,0.050,0.033,-0.712,93,37,2781,601,2983,2569,2697,2997,51,1.118,1,2298,1,42.555,0.329,-11.938,-35.438,-20.313,-0.098,0.008,1.043,-0.156,-0.289,0.379,0.106,0.044,0.973,1.286,2,NULL,NULL,,3,0,2,7,255,1131,250,0,0
stim,274805,304926,0,304926,3502224.454,-0.699,0.049,0.032,-0.713,30,2,2799,378,3000,2548,2717,2992,51,1.118,1,2298,1,44.406,0.295,-10.000,-37.688,-21.250,-0.129,0.051,1.070,0.059,-0.289,0.438,0.106,0.046,0.973,1.286,2,NULL,NULL,,3,0,2,7,255,1131,250,0,0
stim,274805,304926,0,304926,3502229.455,-0.698,0.047,0.031,-0.714,1,0,2807,185,3013,2527,2741,3003,51,1.118,1,2298,1,50.425,0.520,-9.750,-41.375,-27.125,-0.117,0.063,1.082,0.508,-0.113,0.742,0.106,0.046,0.973,1.286,2,NULL,NULL,,3,0,2,7,255,1131,250,0,0
stim,274805,304926,0,304926,3502234.453,-0.697,0.046,0.029,-0.715,0,0,2829,91,3020,2507,2765,3016,51,1.118,1,2298,1,55.827,0.629,-3.688,-44.125,-34.000,-0.172,0.121,1.074,0.629,-0.004,0.824,0.106,0.050,0.973,1.286,2,NULL,NULL,,3,0,2,7,255,1131,250,0,0
stim,274805,304926,0,304926,3502239.455,-0.696,0.045,0.028,-0.716,0,0,2840,57,3036,2479,2783,3019,51,1.118,1,2298,1,64.644,0.768,9.688,-50.000,-39.813,-0.242,0.004,1.105,0.629,0.441,0.836,0.102,0.054,0.973,1.286,2,NULL,NULL,,3,0,2,7,255,1131,250,0,0
stim,274805,304926,0,304926,3502244.454,-0.695,0.044,0.025,-0.717,0,0,2839,0,3047,2451,2803,3015,51,1.118,1,2298,0,73.600,1.171,31.250,-59.813,-29.375,-0.313,-0.098,1.262,0.090,1.168,1.211,0.098,0.062,0.973,1.286,3,NULL,NULL,,3,0,2,7,255,1131,250,0,0
stim,274805,304926,0,304926,3502249.455,-0.694,0.043,0.022,-0.719,0,0,2855,0,3051,2424,2827,3021,51,1.118,1,2298,0,81.985,1.807,31.813,-65.813,-37.125,-0.363,-0.031,1.445,-0.281,1.785,2.816,0.094,0.070,0.973,1.286,3,NULL,NULL,,3,0,2,7,255,1131,250,0,0
stim,274805,304926,0,304926,3502254.454,-0.693,0.041,0.019,-0.720,0,0,2855,0,3049,2387,2846,3015,51,1.118,1,2298,0,91.119,2.066,29.125,-73.875,-44.688,-0.355,0.059,1.586,-0.281,2.047,4.609,0.090,0.078,0.973,1.286,3,NULL,NULL,,3,0,2,7,255,1131,250,0,0
stim,274805,304926,0,304926,3502259.455,-0.692,0.040,0.016,-0.721,0,0,2861,0,3063,2355,2864,3017,51,1.118,1,2298,0,89.980,2.131,25.313,-83.313,-22.688,-0.242,0.293,1.750,0.594,2.047,5.984,0.084,0.084,0.973,1.286,3,NULL,NULL,,3,0,2,7,255,1131,250,0,0
stim,274835,304956,0,304956,3502264.453,-0.692,0.036,0.015,-0.721,0,0,2858,0,3079,2282,2877,3029,51,1.118,1,2298,0,98.326,2.828,-47.688,-84.625,-15.250,-0.039,0.285,1.477,2.711,0.805,5.984,0.078,0.088,0.973,1.286,3,NULL,NULL,,3,0,2,7,255,1131,250,0,0
stim,274835,304956,0,304956,3502269.455,-0.692,0.031,0.014,-0.721,0,0,2864,0,3063,2229,2905,3027,51,1.118,1,2298,0,110.498,2.715,-69.375,-86.000,0.938,-0.063,0.031,1.059,2.711,-0.141,4.641,0.072,0.094,0.973,1.286,3,NULL,NULL,,3,0,2,7,255,1131,250,0,0
stim,274835,304956,0,304956,3502274.454,-0.693,0.027,0.013,-0.720,0,0,2857,0,3075,2147,2909,3019,51,1.118,1,2298,0,103.139,0.332,-31.813,-94.375,26.813,-0.203,-0.105,0.961,0.301,-0.141,0.590,0.068,0.102,0.973,1.286,3,NULL,NULL,,3,0,2,7,255,1131,250,0,0
stim,274835,304956,0,304956,3502279.455,-0.694,0.024,0.009,-0.720,0,0,2855,0,3087,2059,2921,3029,51,1.118,1,2298,0,103.885,1.726,-0.063,-101.250,23.250,-0.313,-0.184,1.063,-0.973,1.426,0.590,0.064,0.110,0.973,1.286,3,NULL,NULL,,3,0,2,7,255,1131,250,0,0
stim,274835,304956,0,304956,3502284.454,-0.694,0.021,0.006,-0.720,0,0,2847,0,3087,1919,2935,3028,51,1.118,1,2298,0,106.893,2.953,6.688,-106.500,6.250,-0.297,-0.230,1.188,-1.656,2.445,0.738,0.062,0.120,0.973,1.286,3,NULL,NULL,,3,0,2,7,255,1131,250,0,0
stim,274835,304956,0,304956,3502289.455,-0.694,0.017,0.003,-0.719,0,0,2839,0,3087,1799,2937,3015,51,1.118,1,2298,0,111.793,3.186,-2.438,-111.688,4.188,-0.215,-0.223,1.266,-2.043,2.445,1.965,0.060,0.130,0.973,1.286,3,NULL,NULL,,3,0,2,7,255,1131,250,0,0
stim,274864,304985,0,304985,3502294.453,-0.695,0.013,0.000,-0.719,0,0,2821,0,3095,1683,2955,3019,51,1.118,1,2298,0,117.455,2.690,-10.813,-116.438,11.000,-0.203,-0.168,1.227,-2.043,1.750,2.262,0.062,0.140,0.973,1.286,3,NULL,NULL,,3,0,2,7,255,1131,250,0,0
stim,274864,304985,0,304985,3502299.455,-0.695,0.009,-0.003,-0.719,0,0,2808,0,3095,1481,2953,3013,51,1.118,1,2298,0,122.147,2.302,-9.313,-121.375,10.063,-0.227,-0.121,1.117,-1.496,1.750,2.262,0.066,0.152,0.973,1.286,3,NULL,NULL,,3,0,2,7,255,1131,250,0,0
stim,274864,304985,0,304985,3502304.453,-0.695,0.005,-0.007,-0.719,0,0,2773,0,3095,1244,2963,3000,51,1.118,1,2298,0,127.071,2.126,0.313,-127.063,1.438,-0.191,-0.066,1.086,-1.059,1.844,1.156,0.070,0.162,0.973,1.286,3,NULL,NULL,,3,0,2,7,255,1131,250,0,0
stim,274864,304985,0,304985,3502309.455,-0.695,0.002,-0.011,-0.718,0,0,2747,0,3099,1015,2968,2995,51,1.118,1,2298,0,133.172,1.933,14.500,-132.375,-1.125,-0.184,-0.059,1.066,-0.527,1.859,0.824,0.074,0.172,0.973,1.286,3,NULL,NULL,,3,0,2,7,255,1131,250,0,0
stim,274910,305031,0,305031,3502314.454,-0.695,-0.001,-0.016,-0.718,0,0,2704,0,3097,762,2975,2998,51,1.118,1,2298,0,143.522,1.918,35.688,-138.938,-4.625,-0.148,-0.082,1.094,-0.527,1.844,0.824,0.076,0.182,0.973,1.286,3,NULL,NULL,,3,0,2,7,255,1131,250,0,0
stim,274910,305031,0,305031,3502319.455,-0.696,-0.005,-0.021,-0.718,0,0,2665,0,3098,551,2975,2979,51,1.118,1,2298,0,151.613,1.742,37.563,-146.625,8.750,-0.086,-0.012,1.328,-0.449,1.684,0.871,0.076,0.190,0.973,1.286,3,NULL,NULL,,3,0,2,7,255,1131,250,0,0
stim,274910,305031,0,305031,3502324.454,-0.696,-0.009,-0.027,-0.717,0,0,2627,0,3100,426,2985,2966,51,1.118,1,2298,0,153.977,1.684,24.625,-151.063,16.813,-0.148,0.105,1.395,-0.051,1.684,3.160,0.074,0.200,0.973,1.286,3,NULL,NULL,,3,0,2,7,255,1131,250,0,0
stim,274910,305031,0,305031,3502329.455,-0.696,-0.013,-0.032,-0.717,0,0,2571,0,3099,229,2984,2954,51,1.118,1,2298,0,157.976,2.296,13.063,-157.250,7.625,-0.199,0.211,1.309,1.063,2.035,3.160,0.072,0.210,0.973,1.286,3,NULL,NULL,,3,0,2,7,255,1131,250,0,0
stim,274910,305031,0,305031,3502334.453,-0.696,-0.017,-0.037,-0.717,0,0,2509,0,3096,111,2994,2939,51,1.118,1,2298,0,163.802,2.923,12.563,-163.188,-6.563,-0.117,0.270,1.328,2.098,2.035,3.082,0.068,0.220,0.973,1.286,3,NULL,NULL,,3,0,2,7,255,1131,250,0,0
stim,274910,305031,0,305031,3502339.455,-0.696,-0.022,-0.043,-0.717,0,0,2423,0,3096,31,2988,2905,51,1.118,1,2298,0,168.381,3.308,8.188,-167.938,-9.063,-0.066,0.316,1.406,2.629,2.008,3.082,0.068,0.234,0.973,1.286,3,NULL,NULL,,3,0,2,7,255,1131,250,0,0
stim,274910,305031,0,305031,3502344.454,-0.695,-0.027,-0.048,-0.716,0,0,2343,0,3087,0,2997,2872,51,1.118,1,2298,0,173.391,3.675,1.875,-173.313,-4.875,-0.156,0.348,1.543,3.078,2.008,3.852,0.072,0.250,0.973,1.286,3,NULL,NULL,,3,0,2,7,255,1131,250,0,0
stim,274910,305031,0,305031,3502349.455,-0.695,-0.033,-0.053,-0.716,0,0,2237,0,3079,0,2987,2841,51,1.118,1,2298,0,185.028,4.258,-6.813,-184.875,-3.188,-0.289,0.289,1.746,3.078,2.941,5.078,0.082,0.270,0.973,1.286,3,NULL,NULL,,3,0,2,7,255,1131,250,0,0
stim,274910,305031,0,305031,3502354.454,-0.695,-0.040,-0.059,-0.716,0,0,2140,0,3065,3,2981,2793,51,1.118,1,2298,0,198.661,5.569,-11.500,-198.313,-2.500,-0.367,0.215,1.992,2.906,4.750,6.848,0.100,0.294,0.973,1.286,3,NULL,NULL,,3,0,2,7,255,1131,250,0,0
stim,274910,305031,0,305031,3502359.455,-0.695,-0.047,-0.065,-0.715,0,0,2005,0,3056,11,2983,2745,51,1.118,1,2298,0,218.302,6.801,-19.375,-217.063,12.813,-0.422,0.281,2.180,2.906,6.148,9.023,0.122,0.322,0.973,1.286,3,NULL,NULL,,3,0,2,7,255,1131,250,0,0
stim,274930,305051,0,305051,3502364.453,-0.695,-0.056,-0.071,-0.713,0,0,1847,0,3053,57,2967,2682,51,1.118,1,2298,0,244.914,7.880,-42.438,-239.375,29.688,-0.508,0.492,2.309,2.984,7.293,10.648,0.150,0.354,0.973,1.286,3,NULL,NULL,,3,0,2,7,255,1131,250,0,0
stim,274930,305051,0,305051,3502369.455,-0.695,-0.067,-0.076,-0.711,0,0,1735,0,3041,76,2961,2619,51,1.118,1,2298,0,276.553,10.117,-79.063,-262.125,39.000,-0.520,0.656,2.223,5.164,8.699,10.648,0.184,0.392,0.973,1.286,3,NULL,NULL,,3,0,2,7,255,1131,250,0,0
stim,274930,305051,0,305051,3502374.454,-0.696,-0.078,-0.082,-0.710,0,0,1589,0,3003,84,2927,2527,51,1.118,1,2298,0,300.802,11.429,-95.563,-283.063,35.000,-0.516,0.668,2.113,6.887,9.121,10.414,0.222,0.434,0.973,1.286,3,NULL,NULL,,3,0,2,7,255,1131,250,0,0
stim,274930,305051,0,305051,3502379.455,-0.695,-0.091,-0.088,-0.707,0,0,1491,0,2983,87,2898,2422,51,1.118,1,2298,0,319.865,11.601,-94.438,-303.813,33.063,-0.539,0.609,2.223,6.887,9.336,9.770,0.266,0.482,0.973,1.286,3,NULL,NULL,,3,0,2,7,255,1131,250,0,0
stim,274959,305080,0,305080,3502384.454,-0.695,-0.104,-0.094,-0.705,0,0,1417,0,2965,97,2861,2295,51,1.118,1,2298,0,341.500,12.362,-101.875,-323.750,37.813,-0.660,0.586,2.375,6.805,10.320,9.770,0.320,0.538,0.973,1.286,3,NULL,NULL,,3,0,2,7,255,1131,250,0,0
stim,274959,305080,0,305080,3502389.455,-0.694,-0.118,-0.101,-0.703,0,0,1340,0,2921,94,2813,2180,51,1.118,1,2298,0,362.913,14.181,-114.500,-343.625,22.750,-0.746,0.688,2.566,6.805,12.441,10.500,0.380,0.602,0.973,1.286,3,NULL,NULL,,3,0,2,7,255,1131,250,0,0
stim,274959,305080,0,305080,3502394.453,-0.692,-0.133,-0.108,-0.701,0,0,1244,0,2868,95,2748,2041,51,1.118,1,2298,0,380.679,16.511,-116.813,-362.313,-1.063,-0.730,0.641,2.762,8.066,14.406,11.539,0.448,0.672,0.973,1.286,3,NULL,NULL,,3,0,2,7,255,1131,250,0,0
stim,274959,305080,0,305080,3502399.455,-0.690,-0.148,-0.116,-0.699,0,0,1183,0,2811,77,2665,1907,51,1.118,1,2298,0,406.499,17.522,-119.188,-388.625,2.563,-0.770,0.586,2.875,8.066,15.555,12.867,0.524,0.750,0.973,1.286,3,NULL,NULL,,3,0,2,7,255,1131,250,0,0
stim,274959,305080,0,305080,3502404.453,-0.687,-0.166,-0.123,-0.696,0,0,1104,0,2743,68,2533,1765,51,1.118,1,2298,0,440.578,18.894,-164.000,-408.750,11.688,-0.902,0.766,2.758,8.066,17.086,12.867,0.604,0.832,0.973,1.286,3,NULL,NULL,,3,0,2,7,255,1131,250,0,0
stim,274959,305080,0,305080,3502409.455,-0.684,-0.184,-0.130,-0.694,0,0,977,0,2645,43,2379,1639,51,1.118,1,2298,0,461.905,21.012,-192.625,-419.750,-7.875,-0.973,0.836,2.480,9.875,18.547,10.688,0.688,0.920,0.973,1.286,3,NULL,NULL,,3,0,2,7,255,1131,250,0,0
stim,275012,305133,0,305133,3502414.454,-0.679,-0.203,-0.138,-0.692,0,0,837,0,2532,3,2173,1479,51,1.118,1,2298,0,469.375,21.012,-176.188,-433.688,-34.438,-0.832,0.523,2.387,9.875,18.547,7.012,0.776,1.010,0.973,1.286,3,NULL,NULL,,3,0,2,7,255,1131,250,0,0
stim,275012,305133,0,305133,3502419.455,-0.674,-0.220,-0.147,-0.689,0,0,683,0,2383,0,1894,1277,51,1.118,1,2298,0,473.992,19.425,-151.875,-447.250,-39.625,-0.605,0.113,2.465,7.891,17.750,7.012,0.862,1.096,0.973,1.286,3,NULL,NULL,,3,0,2,7,255,1131,250,0,0
stim,275012,305133,0,305133,3502424.454,-0.670,-0.239,-0.156,-0.686,0,0,487,0,2173,0,1565,1085,51,1.118,1,2298,0,486.372,17.565,-146.563,-463.563,-13.688,-0.480,-0.230,2.414,4.281,17.035,7.711,0.944,1.182,0.973,1.286,3,NULL,NULL,,3,0,2,7,255,1131,250,0,0
stim,275012,305133,0,305133,3502429.455,-0.666,-0.258,-0.165,-0.681,0,0,335,0,1934,0,1127,937,51,1.118,1,2298,0,502.808,16.712,-155.875,-477.875,12.438,-0.367,-0.344,2.051,1.156,16.672,7.711,1.024,1.266,0.973,1.286,3,NULL,NULL,,3,0,2,7,255,1131,250,0,0
stim,275012,305133,0,305133,3502434.453,-0.661,-0.276,-0.174,-0.675,0,0,219,0,1643,0,601,791,51,1.118,1,2298,0,504.901,14.537,-139.125,-485.188,12.750,-0.219,-0.340,1.594,-0.207,14.535,4.891,1.104,1.346,0.973,1.286,3,NULL,NULL,,3,0,2,7,255,1131,250,0,0
stim,275012,305133,0,305133,3502439.455,-0.657,-0.293,-0.186,-0.669,0,0,168,0,1263,0,249,619,51,1.118,1,2298,0,498.391,11.268,-82.188,-490.938,24.875,-0.203,-0.207,1.414,-0.207,11.266,1.652,1.180,1.426,0.973,1.286,3,NULL,NULL,,3,0,2,7,255,1131,250,0,0
stim,275012,305133,0,305133,3502444.453,-0.655,-0.309,-0.198,-0.661,0,0,111,0,891,0,0,505,51,1.118,1,2298,0,498.852,11.271,-37.188,-493.938,59.125,-0.309,0.129,1.645,0.344,11.266,-0.273,1.256,1.504,0.973,1.286,3,NULL,NULL,,3,0,2,7,255,1131,250,0,0
stim,275012,305133,0,305133,3502449.455,-0.654,-0.325,-0.210,-0.651,0,0,103,0,393,0,0,398,51,1.118,1,2298,0,508.418,13.348,-23.875,-498.250,98.313,-0.625,0.266,1.965,3.926,12.758,-0.340,1.328,1.580,0.973,1.286,3,NULL,NULL,,3,0,2,7,255,1131,250,0,0
stim,275012,305133,0,305133,3502454.454,-0.653,-0.342,-0.220,-0.639,0,0,81,0,23,0,0,351,51,1.118,1,2298,0,542.820,18.276,-46.625,-516.000,161.938,-1.070,0.289,1.977,5.270,17.500,-1.141,1.406,1.658,0.973,1.286,3,NULL,NULL,,3,0,2,7,255,1131,250,0,0
stim,275012,305133,0,305133,3502459.455,-0.652,-0.361,-0.229,-0.626,0,0,50,0,0,0,0,239,51,1.118,1,2298,0,560.206,20.205,-99.938,-520.938,180.188,-1.227,0.609,1.629,5.543,19.430,-5.078,1.486,1.742,0.973,1.286,4,NULL,NULL,,3,0,2,7,255,1131,250,0,0
stim,275012,305133,0,305133,3502464.454,-0.648,-0.380,-0.237,-0.616,0,0,8,0,0,0,0,187,51,1.118,1,2298,0,527.750,20.781,-152.500,-492.250,113.813,-0.879,1.148,1.172,7.371,19.430,-10.031,1.570,1.826,0.973,1.286,0,NULL,NULL,,3,0,2,7,255,1131,250,0,0
stim,275012,305133,0,305133,3502469.455,-0.642,-0.398,-0.243,-0.608,0,0,12,0,0,0,0,137,51,1.118,1,2298,0,486.632,18.006,-174.563,-450.063,61.500,-0.441,1.418,0.934,11.973,13.449,-11.398,1.648,1.908,0.973,1.286,0,NULL,NULL,,3,0,2,7,255,1131,250,0,0
stim,275043,305164,0,305164,3502474.454,-0.637,-0.416,-0.245,-0.600,0,0,23,0,0,0,0,160,51,1.118,1,2298,0,472.872,14.996,-246.063,-386.563,116.750,-0.496,1.199,0.813,12.195,8.727,-12.152,1.720,1.984,0.973,1.286,0,NULL,NULL,,3,0,2,7,255,1131,250,0,0
stim,275043,305164,0,305164,3502479.455,-0.632,-0.435,-0.242,-0.594,0,0,24,0,0,0,0,183,51,1.118,1,2298,0,471.781,14.652,-335.125,-302.063,137.938,-0.453,1.102,0.258,12.195,8.121,-12.535,1.786,2.050,0.973,1.286,0,NULL,NULL,,3,0,2,7,255,1131,250,0,0
stim,275043,305164,0,305164,3502484.454,-0.627,-0.448,-0.240,-0.591,0,0,24,0,0,0,0,206,51,1.118,1,2298,0,326.179,10.573,-243.875,-204.875,70.313,-0.434,0.551,-0.082,10.063,3.246,-15.207,1.844,2.110,0.973,1.286,0,NULL,NULL,,3,0,2,7,255,1131,250,0,0
stim,275043,305164,0,305164,3502489.455,-0.625,-0.453,-0.241,-0.589,0,0,22,0,0,0,0,213,51,1.118,1,2298,0,145.118,5.179,-77.313,-120.250,24.938,-0.531,-0.348,0.480,4.035,3.246,-15.207,1.900,2.170,0.973,1.286,0,NULL,NULL,,3,0,2,7,255,1131,250,0,0
stim,275043,305164,0,305164,3502494.454,-0.624,-0.456,-0.240,-0.588,0,0,17,0,0,0,0,211,51,1.118,1,2298,0,68.610,7.598,-54.000,-41.125,10.000,-0.648,-0.527,1.297,-2.813,7.059,-10.973,1.964,2.234,0.973,1.286,0,NULL,NULL,,3,0,2,7,255,1131,250,0,0
stim,275043,305164,0,305164,3502499.455,-0.621,-0.459,-0.235,-0.591,0,0,19,0,0,0,0,213,51,1.118,1,2298,0,168.380,12.717,-161.813,46.563,-0.688,-0.676,-0.164,1.063,-2.813,12.402,-10.035,2.028,2.302,0.973,1.286,0,NULL,NULL,,3,0,2,7,255,1131,250,0,0
stim,275075,305196,0,305196,3502504.453,-0.618,-0.462,-0.226,-0.595,0,0,20,0,0,0,0,115,51,1.118,1,2298,0,245.913,12.402,-213.500,121.750,8.250,-0.633,0.434,0.074,0.039,12.402,-10.035,2.090,2.366,0.973,1.286,0,NULL,NULL,,3,0,2,7,255,1131,250,0,0
stim,275075,305196,0,305196,3502509.455,-0.617,-0.461,-0.217,-0.599,0,0,23,0,0,0,0,118,51,1.118,1,2298,0,217.674,4.295,-130.500,172.750,22.563,-0.699,0.852,-0.441,2.922,3.148,-15.961,2.142,2.420,0.973,1.286,0,NULL,NULL,,3,0,2,7,255,1131,250,0,0
stim,275108,305229,0,305229,3502514.453,-0.619,-0.456,-0.211,-0.603,0,0,20,0,0,0,0,110,51,1.118,1,2298,0,203.066,5.581,-12.625,202.000,16.500,-0.820,0.805,-0.094,5.066,2.340,-19.367,2.180,2.460,0.973,1.286,0,NULL,NULL,,3,0,2,7,255,1131,250,0,0
stim,275108,305229,0,305229,3502519.455,-0.622,-0.449,-0.206,-0.608,0,0,20,0,0,0,0,107,51,1.118,1,2298,0,224.912,5.581,22.188,223.750,-5.375,-0.797,0.438,0.516,5.066,2.340,-19.367,2.206,2.488,0.973,1.286,0,NULL,NULL,,3,0,2,7,255,1131,250,0,0
stim,275108,305229,0,305229,3502524.454,-0.623,-0.443,-0.199,-0.613,0,0,11,0,0,0,0,105,51,1.118,1,2298,0,239.981,8.799,-19.375,239.125,-5.875,-0.602,0.129,0.680,4.152,7.758,-14.941,2.226,2.510,0.973,1.286,0,NULL,NULL,,3,0,2,7,255,1131,250,0,0
stim,275108,305229,0,305229,3502529.455,-0.624,-0.438,-0.191,-0.618,0,0,12,0,0,0,0,103,51,1.118,1,2298,0,256.206,8.075,-64.813,247.250,17.563,-0.527,0.199,0.391,2.242,7.758,-12.438,2.246,2.534,0.973,1.286,0,NULL,NULL,,3,0,2,7,255,1131,250,0,0
stim,275108,305229,0,305229,3502534.453,-0.626,-0.434,-0.182,-0.623,0,0,8,0,0,0,0,101,51,1.118,1,2298,0,260.621,6.136,-63.438,250.313,35.250,-0.527,0.352,-0.016,2.215,5.723,-12.438,2.266,2.556,0.973,1.286,0,NULL,NULL,,3,0,2,7,255,1131,250,0,0
stim,275108,305229,0,305229,3502539.455,-0.628,-0.428,-0.173,-0.627,0,0,8,0,0,0,0,103,51,1.118,1,2298,0,254.456,3.266,-23.813,250.000,41.000,-0.555,0.383,-0.172,2.156,2.453,-15.012,2.282,2.574,0.973,1.286,0,NULL,NULL,,3,0,2,7,255,1131,250,0,0
stim,275108,305229,0,305229,3502544.453,-0.631,-0.421,-0.166,-0.630,0,0,5,0,0,0,0,105,51,1.118,1,2298,0,251.510,2.877,15.500,248.063,38.500,-0.531,0.324,-0.098,1.957,2.109,-15.313,2.294,2.590,0.973,1.286,0,NULL,NULL,,3,0,2,7,255,1131,250,0,0
stim,275108,305229,0,305229,3502549.455,-0.634,-0.413,-0.160,-0.634,0,0,4,0,0,0,0,107,51,1.118,1,2298,0,252.653,2.802,33.125,247.125,40.813,-0.453,0.266,0.047,1.844,2.109,-15.313,2.304,2.602,0.973,1.286,0,NULL,NULL,,3,0,2,7,255,1131,250,0,0
stim,275126,305247,0,305247,3502554.454,-0.638,-0.405,-0.153,-0.637,0,0,4,0,0,0,0,101,51,1.118,1,2298,0,254.406,3.360,38.500,246.938,47.563,-0.410,0.262,0.113,1.844,2.809,-13.672,2.312,2.612,0.973,1.286,0,NULL,NULL,,3,0,2,7,255,1131,250,0,0
stim,275126,305247,0,305247,3502559.455,-0.641,-0.398,-0.147,-0.639,0,0,0,0,0,0,0,100,51,1.118,1,2298,0,256.522,3.730,47.500,246.438,53.063,-0.410,0.250,0.148,2.117,3.070,-12.859,2.322,2.624,0.973,1.286,0,NULL,NULL,,3,0,2,7,255,1131,250,0,0
stim,275126,305247,0,305247,3502564.454,-0.645,-0.389,-0.141,-0.642,0,0,3,0,0,0,0,101,51,1.118,1,2298,0,259.656,4.001,61.813,246.438,53.563,-0.430,0.215,0.223,2.117,3.395,-12.555,2.334,2.638,0.973,1.286,0,NULL,NULL,,3,0,2,7,255,1131,250,0,0
stim,275126,305247,0,305247,3502569.455,-0.649,-0.380,-0.135,-0.645,0,0,1,0,0,0,0,93,51,1.118,1,2298,0,263.565,4.656,73.313,248.438,48.688,-0.445,0.184,0.355,2.137,4.137,-12.004,2.348,2.654,0.973,1.286,0,NULL,NULL,,3,0,2,7,255,1131,250,0,0
stim,275126,305247,0,305247,3502574.454,-0.653,-0.371,-0.130,-0.647,0,0,3,0,0,0,0,95,51,1.118,1,2298,0,267.633,5.647,76.375,253.125,41.500,-0.453,0.191,0.496,2.195,5.203,-11.027,2.368,2.676,0.973,1.286,0,NULL,NULL,,3,0,2,7,255,1131,250,0,0
stim,275126,305247,0,305247,3502579.455,-0.656,-0.362,-0.124,-0.650,0,0,5,0,0,0,0,93,51,1.118,1,2298,0,272.454,6.765,73.938,260.000,34.125,-0.469,0.230,0.621,2.762,6.176,-10.012,2.390,2.702,0.973,1.286,0,NULL,NULL,,3,0,2,7,255,1131,250,0,0
stim,275149,305270,0,305270,3502584.453,-0.659,-0.352,-0.118,-0.654,0,0,4,0,0,0,0,91,51,1.118,1,2298,0,278.736,7.861,68.438,269.063,24.813,-0.496,0.258,0.734,3.523,7.027,-9.230,2.418,2.732,0.973,1.286,0,NULL,NULL,,3,0,2,7,255,1131,250,0,0
stim,275149,305270,0,305270,3502589.455,-0.662,-0.343,-0.111,-0.658,0,0,1,0,0,0,0,93,51,1.118,1,2298,0,286.658,8.866,59.500,280.125,12.750,-0.516,0.262,0.828,4.133,7.844,-8.496,2.450,2.766,0.973,1.286,0,NULL,NULL,,3,0,2,7,255,1131,250,0,0
stim,275149,305270,0,305270,3502594.454,-0.663,-0.333,-0.104,-0.662,0,0,1,0,0,0,0,91,51,1.118,1,2298,0,296.219,9.603,47.563,292.375,-0.625,-0.523,0.254,0.887,4.453,8.508,-7.742,2.488,2.806,0.973,1.286,0,NULL,NULL,,3,0,2,7,255,1131,250,0,0
stim,275149,305270,0,305270,3502599.455,-0.665,-0.323,-0.097,-0.667,0,0,2,0,0,0,0,97,51,1.118,1,2298,0,307.183,9.884,35.375,304.813,-14.125,-0.520,0.250,0.902,4.590,8.754,-7.105,2.530,2.850,0.973,1.286,0,NULL,NULL,,3,0,2,7,255,1131,250,0,0
stim,275178,305299,0,305299,3502604.453,-0.665,-0.313,-0.089,-0.672,0,0,4,0,0,0,0,104,51,1.118,1,2298,0,318.397,9.902,25.813,316.188,-27.125,-0.496,0.242,0.887,4.629,8.754,-6.711,2.572,2.894,0.973,1.286,0,NULL,NULL,,3,0,2,7,255,1131,250,0,0
stim,275178,305299,0,305299,3502609.455,-0.665,-0.302,-0.081,-0.678,0,0,4,0,0,0,0,110,51,1.118,1,2298,0,329.346,9.569,19.688,326.375,-39.500,-0.449,0.219,0.852,4.629,8.375,-6.398,2.614,2.940,0.973,1.286,0,NULL,NULL,,3,0,2,7,255,1131,250,0,0
stim,275205,305326,0,305326,3502614.455,-0.665,-0.292,-0.073,-0.684,0,0,7,0,0,0,0,117,51,1.118,1,2298,0,339.490,8.880,17.625,335.250,-50.500,-0.363,0.203,0.793,4.418,7.703,-6.141,2.654,2.982,0.973,1.286,0,NULL,NULL,,3,0,2,7,255,1131,250,0,0
stim,275205,305326,0,305326,3502619.454,-0.664,-0.281,-0.064,-0.690,0,0,7,0,0,0,0,119,51,1.118,1,2298,0,348.447,7.766,21.063,342.813,-58.750,-0.230,0.164,0.699,4.164,6.555,-5.918,2.692,3.022,0.973,1.286,0,NULL,NULL,,3,0,2,7,255,1131,250,0,0
stim,275205,305326,0,305326,3502624.455,-0.663,-0.269,-0.056,-0.696,0,0,6,0,0,0,0,117,51,1.118,1,2298,0,354.478,6.067,32.938,348.063,-58.500,-0.141,0.113,0.605,3.633,4.859,-5.766,2.728,3.060,0.973,1.286,0,NULL,NULL,,3,0,2,7,255,1131,250,0,0
stim,275205,305326,0,305326,3502629.455,-0.663,-0.257,-0.048,-0.702,0,0,0,0,0,0,0,117,51,1.118,1,2298,0,356.921,4.708,52.875,349.000,-52.875,-0.133,0.141,0.578,3.055,3.582,-5.766,2.760,3.094,0.973,1.286,0,NULL,NULL,,3,0,2,7,255,1131,250,0,0
stim,275205,305326,0,305326,3502634.454,-0.662,-0.244,-0.041,-0.707,0,0,3,0,0,0,0,123,51,1.118,1,2298,0,359.595,4.452,76.813,347.500,-51.500,-0.121,0.168,0.613,3.055,3.238,-5.766,2.788,3.124,0.973,1.286,0,NULL,NULL,,3,0,2,7,255,1131,250,0,0
stim,275205,305326,0,305326,3502639.455,-0.662,-0.230,-0.035,-0.712,0,0,0,0,0,0,0,117,51,1.118,1,2298,0,361.438,4.571,99.375,343.938,-49.688,-0.082,0.168,0.695,3.383,3.074,-5.555,2.814,3.152,0.973,1.286,0,NULL,NULL,,3,0,2,7,255,1131,250,0,0
stim,275224,305346,0,305346,3502644.453,-0.662,-0.216,-0.030,-0.717,0,0,0,0,0,0,0,119,51,1.118,1,2298,0,360.906,4.597,117.313,338.500,-43.688,-0.051,0.199,0.793,3.609,2.848,-4.547,2.838,3.178,0.973,1.286,0,NULL,NULL,,3,0,2,7,255,1131,250,0,0
stim,275224,305346,0,305346,3502649.455,-0.662,-0.202,-0.025,-0.721,0,0,0,0,0,0,0,117,51,1.118,1,2298,0,360.267,4.934,131.875,333.250,-36.688,-0.031,0.223,0.844,4.141,2.684,-3.551,2.860,3.204,0.973,1.286,0,NULL,NULL,,3,0,2,7,255,1131,250,0,0
stim,275224,305346,0,305346,3502654.454,-0.662,-0.187,-0.020,-0.725,0,0,0,0,0,0,0,117,51,1.118,1,2298,0,361.340,5.075,146.313,329.188,-28.188,-0.035,0.215,0.938,4.414,2.504,-2.980,2.882,3.228,0.973,1.286,0,NULL,NULL,,3,0,2,7,255,1131,250,0,0
stim,275225,305346,0,305346,3502659.455,-0.663,-0.173,-0.016,-0.728,0,0,0,0,0,0,0,116,51,1.118,1,2298,0,361.238,5.075,157.375,324.563,-19.625,-0.039,0.191,1.051,4.414,2.504,-1.980,2.902,3.250,0.973,1.286,0,NULL,NULL,,3,0,2,7,255,1131,250,0,0
stim,275225,305346,0,305346,3502664.454,-0.664,-0.157,-0.012,-0.731,0,0,0,0,0,0,0,119,51,1.118,1,2298,0,362.415,5.183,168.188,320.813,-11.688,-0.082,0.230,1.188,4.465,2.633,-0.758,2.924,3.274,0.973,1.286,0,NULL,NULL,,3,0,2,7,255,1131,250,0,0
stim,275225,305346,0,305346,3502669.455,-0.664,-0.142,-0.009,-0.734,0,0,0,0,0,0,0,115,51,1.118,1,2298,0,363.341,5.842,172.875,319.250,-14.500,-0.129,0.273,1.324,5.008,3.008,0.461,2.944,3.296,0.973,1.286,0,NULL,NULL,,3,0,2,7,255,1131,250,0,0
stim,275225,305346,0,305346,3502674.454,-0.664,-0.127,-0.005,-0.737,0,0,0,0,0,0,0,112,51,1.118,1,2298,0,361.803,6.205,170.438,318.625,-18.188,-0.141,0.234,1.426,5.199,3.387,1.734,2.966,3.320,0.973,1.286,0,NULL,NULL,,3,0,2,7,255,1131,250,0,0
stim,275225,305346,0,305346,3502679.455,-0.664,-0.112,-0.001,-0.739,0,0,0,0,0,0,0,116,51,1.118,1,2298,0,358.551,6.205,166.250,317.125,-18.750,-0.148,0.219,1.520,5.199,3.387,2.945,2.990,3.346,0.973,1.286,0,NULL,NULL,,3,0,2,7,255,1131,250,0,0
stim,275265,305386,0,305386,3502684.453,-0.664,-0.097,0.002,-0.741,0,0,2,0,0,0,0,111,51,1.118,1,2298,0,356.369,6.148,162.625,316.563,-18.438,-0.141,0.270,1.598,5.199,3.281,4.000,3.014,3.372,0.973,1.286,0,NULL,NULL,,3,0,2,7,255,1131,250,0,0
stim,275265,305386,0,305386,3502689.455,-0.664,-0.082,0.006,-0.743,0,0,7,0,0,0,0,108,51,1.118,1,2298,0,353.777,6.134,157.188,316.438,-17.813,-0.180,0.289,1.660,5.406,2.898,4.863,3.038,3.398,0.973,1.286,0,NULL,NULL,,3,0,2,7,255,1131,250,0,0
stim,275265,305386,0,305386,3502694.454,-0.663,-0.068,0.010,-0.745,0,0,5,0,0,0,0,99,51,1.118,1,2298,0,352.286,6.234,156.375,315.063,-19.688,-0.238,0.301,1.785,5.520,2.898,5.535,3.062,3.426,0.973,1.286,0,NULL,NULL,,3,0,2,7,255,1131,250,0,0
stim,275265,305386,0,305386,3502699.455,-0.662,-0.053,0.014,-0.747,0,0,7,0,0,0,0,93,51,1.118,1,2298,0,347.989,6.329,147.000,314.063,-29.188,-0.262,0.313,1.906,5.605,2.938,6.852,3.088,3.452,0.973,1.286,0,NULL,NULL,,3,0,2,7,255,1131,250,0,0
stim,275265,305386,0,305386,3502704.453,-0.661,-0.039,0.019,-0.750,0,0,7,0,0,0,0,99,51,1.118,1,2298,0,341.737,6.329,131.875,312.938,-38.250,-0.234,0.305,1.957,5.605,2.938,8.160,3.112,3.480,0.973,1.286,0,NULL,NULL,,3,0,2,7,255,1131,250,0,0
stim,275265,305386,0,305386,3502709.455,-0.659,-0.026,0.024,-0.752,0,0,12,0,0,0,0,92,51,1.118,1,2298,0,336.369,5.765,119.938,311.313,-42.938,-0.195,0.289,1.953,5.336,2.184,8.836,3.136,3.504,0.973,1.286,0,NULL,NULL,,3,0,2,7,255,1131,250,0,0
stim,275307,305428,0,305428,3502714.453,-0.657,-0.012,0.029,-0.754,0,0,9,0,0,0,0,86,51,1.118,1,2298,0,333.725,5.087,116.750,309.188,-46.313,-0.180,0.277,1.949,4.906,1.344,8.938,3.156,3.526,0.973,1.286,0,NULL,NULL,,3,0,2,7,255,1131,250,0,0
stim,275307,305428,0,305428,3502719.455,-0.654,0.002,0.033,-0.756,0,0,16,0,0,0,0,83,51,1.118,1,2298,0,333.544,4.533,120.375,306.688,-52.000,-0.164,0.273,1.984,4.477,0.715,9.020,3.174,3.544,0.973,1.286,0,NULL,NULL,,3,0,2,7,255,1131,250,0,0
stim,275307,305428,0,305428,3502724.454,-0.651,0.015,0.038,-0.758,0,0,17,0,0,0,0,73,51,1.118,1,2298,0,335.876,4.172,126.813,305.125,-60.250,-0.113,0.273,2.051,4.172,0.023,9.426,3.188,3.562,0.973,1.286,0,NULL,NULL,,3,0,2,7,255,1131,250,0,0
stim,275307,305428,0,305428,3502729.455,-0.648,0.029,0.042,-0.760,0,0,22,0,0,0,0,71,51,1.118,1,2298,0,339.605,3.994,133.438,304.938,-67.375,-0.035,0.246,2.133,3.863,-1.012,10.102,3.198,3.574,0.973,1.286,0,NULL,NULL,,3,0,2,7,255,1131,250,0,0
stim,275307,305428,0,305428,3502734.454,-0.645,0.043,0.045,-0.762,0,0,25,0,0,0,0,71,51,1.118,1,2298,0,342.325,3.945,137.625,305.625,-69.563,0.059,0.227,2.195,3.188,-2.324,10.855,3.204,3.582,0.973,1.286,0,NULL,NULL,,3,0,2,7,255,1131,250,0,0
stim,275307,305428,1,305428,3502739.455,-0.641,0.057,0.049,-0.764,0,0,25,0,0,0,0,74,51,1.118,1,2298,0,344.342,4.528,141.313,306.250,-69.375,0.184,0.234,2.188,2.508,-3.770,11.020,3.206,3.584,0.973,1.286,0,NULL,NULL,,3,1,2,7,255,1131,250,0,0
stim,275307,305428,1,305428,3502744.453,-0.638,0.071,0.053,-0.765,0,0,25,0,0,0,0,79,51,1.118,1,2298,0,348.788,5.854,153.875,305.563,-67.875,0.367,0.215,2.133,2.027,-5.492,11.020,3.202,3.582,0.973,1.286,0,NULL,NULL,,3,1,2,7,255,1131,250,0,0
stim,275307,305428,1,305428,3502749.455,-0.634,0.086,0.055,-0.767,0,0,23,0,0,0,0,85,51,1.118,1,2298,0,358.453,7.705,179.250,303.813,-63.688,0.586,0.191,2.145,1.137,-7.621,10.094,3.190,3.574,0.973,1.286,0,NULL,NULL,,3,1,2,7,255,1131,250,0,0
stim,275307,305428,1,305428,3502754.454,-0.630,0.101,0.057,-0.768,0,0,24,0,0,0,0,87,51,1.118,1,2298,0,371.309,10.129,208.000,302.313,-56.688,0.801,0.180,2.238,0.043,-10.129,9.766,3.170,3.556,0.973,1.286,0,NULL,NULL,,3,1,2,7,255,1131,250,0,0
stim,275307,305428,1,305428,3502759.455,-0.626,0.118,0.057,-0.769,0,0,25,0,0,0,0,89,51,1.118,1,2298,0,383.562,12.792,233.813,300.625,-45.563,0.988,0.168,2.387,-0.984,-12.754,9.766,3.142,3.530,0.973,1.286,0,NULL,NULL,,3,1,2,7,255,1131,250,0,0
stim,275328,305449,1,305449,3502764.454,-0.623,0.134,0.057,-0.769,0,0,25,0,0,0,0,91,51,1.118,1,2298,0,392.842,15.397,252.500,299.313,-31.313,1.145,0.172,2.559,-2.125,-15.250,10.398,3.102,3.492,0.973,1.286,0,NULL,NULL,,3,1,2,7,255,1131,250,0,0
stim,275328,305449,1,305449,3502769.455,-0.619,0.151,0.057,-0.768,0,0,26,0,0,0,0,92,51,1.118,1,2298,0,398.047,17.868,262.063,299.000,-19.063,1.266,0.230,2.734,-3.184,-17.582,11.215,3.054,3.444,0.973,1.286,0,NULL,NULL,,3,1,2,7,255,1131,250,0,0
stim,275328,305449,1,305449,3502774.454,-0.616,0.168,0.056,-0.767,0,0,25,0,0,0,0,91,51,1.118,1,2298,0,395.737,20.019,258.875,299.125,-10.750,1.324,0.367,2.891,-3.496,-19.711,12.059,2.992,3.386,0.973,1.286,0,NULL,NULL,,3,1,2,7,255,1131,250,0,0
stim,275328,305449,1,305449,3502779.455,-0.613,0.185,0.056,-0.766,0,0,27,0,0,0,0,91,51,1.118,1,2298,0,384.701,21.744,245.438,296.188,-5.313,1.402,0.539,3.016,-3.496,-21.461,12.891,2.920,3.316,0.973,1.286,0,NULL,NULL,,3,1,2,7,255,1131,250,0,0
stim,275360,305481,1,305481,3502784.453,-0.610,0.200,0.057,-0.764,0,0,25,0,0,0,0,120,51,1.118,1,2298,0,362.904,23.590,216.750,291.063,-1.188,1.535,0.613,3.023,-3.090,-23.387,12.891,2.830,3.226,0.973,1.286,0,NULL,NULL,,3,1,2,7,255,1131,250,0,0
stim,275360,305481,1,305481,3502789.455,-0.608,0.215,0.058,-0.762,0,0,26,0,0,0,0,132,51,1.118,1,2298,0,335.631,25.434,182.313,281.375,15.438,1.715,0.508,2.891,-3.090,-25.246,12.488,2.726,3.124,0.973,1.286,0,NULL,NULL,,3,1,2,7,255,1131,250,0,0
stim,275360,305481,1,305481,3502794.454,-0.607,0.228,0.060,-0.759,0,0,26,0,0,0,0,159,51,1.118,1,2298,0,311.395,26.973,151.750,269.938,32.750,1.957,0.363,2.629,-4.578,-26.582,9.855,2.622,3.022,0.973,1.286,0,NULL,NULL,,3,1,2,7,255,1131,250,0,0
stim,275360,305481,1,305481,3502799.455,-0.606,0.240,0.062,-0.756,0,0,25,0,0,0,0,167,51,1.118,1,2298,0,292.769,28.364,132.938,255.813,51.000,2.168,0.102,2.223,-6.031,-27.715,5.723,2.518,2.920,0.973,1.286,0,NULL,NULL,,3,1,2,7,255,1131,250,0,0
stim,275360,305481,1,305481,3502804.453,-0.607,0.251,0.063,-0.752,0,0,25,0,0,0,0,205,51,1.118,1,2298,0,284.523,28.833,128.938,239.688,82.938,2.383,-0.129,1.754,-7.953,-27.715,0.262,2.410,2.812,0.973,1.286,0,NULL,NULL,,3,1,2,7,255,1131,250,0,0
stim,275360,305481,1,305481,3502809.455,-0.607,0.263,0.064,-0.747,0,0,25,0,0,0,0,228,51,1.118,1,2298,0,284.295,28.832,144.938,223.000,100.438,2.535,-0.465,1.289,-9.168,-27.336,-5.711,2.292,2.694,0.973,1.286,0,NULL,NULL,,3,1,2,7,255,1131,250,0,0
stim,275404,305525,1,305525,3502814.453,-0.609,0.275,0.062,-0.741,0,0,23,0,0,0,0,270,51,1.118,1,2298,0,311.137,28.307,185.938,204.500,142.875,2.629,-0.707,0.852,-11.102,-26.039,-11.539,2.158,2.562,0.973,1.286,0,NULL,NULL,,3,1,2,7,255,1131,250,0,0
stim,275404,305525,1,305525,3502819.455,-0.611,0.288,0.057,-0.735,0,0,22,0,0,0,0,287,51,1.118,1,2298,0,354.807,27.218,249.563,186.125,170.188,2.512,-1.020,0.738,-11.953,-24.453,-16.695,2.012,2.418,0.973,1.286,0,NULL,NULL,,3,1,2,7,255,1131,250,0,0
stim,275404,305525,1,305525,3502824.454,-0.612,0.302,0.049,-0.730,0,0,21,0,0,0,0,293,51,1.118,1,2298,0,380.477,26.301,301.000,164.250,164.875,2.461,-1.566,0.902,-14.012,-22.258,-18.348,1.868,2.274,0.973,1.286,0,NULL,NULL,,3,1,2,7,255,1131,250,0,0
stim,275404,305525,1,305525,3502829.455,-0.611,0.317,0.040,-0.724,0,0,24,0,0,0,0,297,51,1.118,1,2298,0,414.890,28.992,354.563,146.813,157.688,2.520,-1.402,1.211,-18.578,-22.258,-18.348,1.728,2.132,0.973,1.286,0,NULL,NULL,,3,1,2,7,255,1131,250,0,0
stim,275404,305525,1,305525,3502834.453,-0.611,0.331,0.030,-0.719,0,0,23,0,0,0,0,311,51,1.118,1,2298,0,431.747,30.318,376.813,127.750,167.625,2.773,-1.344,1.809,-19.227,-23.441,-16.996,1.584,1.988,0.973,1.286,0,NULL,NULL,,3,1,2,7,255,1131,250,0,0
stim,275404,305525,1,305525,3502839.455,-0.611,0.344,0.019,-0.713,0,0,22,0,0,0,0,338,51,1.118,1,2298,0,405.752,34.854,347.313,110.313,178.438,2.547,-1.156,2.277,-20.301,-28.332,-14.195,1.436,1.838,0.973,1.286,0,NULL,NULL,,3,1,2,7,255,1131,250,0,0
stim,275404,305525,1,305525,3502844.453,-0.611,0.355,0.011,-0.708,0,0,23,0,0,0,0,357,51,1.118,1,2298,0,334.695,35.465,292.188,87.688,137.688,2.398,-1.199,2.613,-20.465,-28.965,-9.578,1.282,1.682,0.973,1.286,0,NULL,NULL,,3,1,2,7,255,1131,250,0,0
stim,275404,305525,1,305525,3502849.455,-0.610,0.363,0.004,-0.704,0,0,24,0,0,0,0,370,51,1.118,1,2298,0,263.119,36.721,235.625,62.938,98.750,2.379,-1.285,2.762,-22.410,-29.090,-7.113,1.124,1.522,0.973,1.286,0,NULL,NULL,,3,1,2,7,255,1131,250,0,0
stim,275427,305548,1,305548,3502854.454,-0.610,0.369,-0.002,-0.702,0,0,25,0,1,0,0,375,51,1.118,1,2298,0,195.666,37.882,175.250,32.438,80.750,2.441,-1.137,3.043,-23.949,-29.352,-6.816,0.968,1.362,0.973,1.286,0,NULL,NULL,,3,1,2,7,255,1131,250,0,0
stim,275427,305548,1,305548,3502859.455,-0.610,0.372,-0.007,-0.700,0,0,22,0,0,0,0,409,51,1.118,1,2298,0,127.424,38.436,107.125,-0.125,69.000,2.172,-0.875,3.105,-23.949,-30.063,-4.852,0.810,1.200,0.973,1.286,0,NULL,NULL,,3,1,2,7,255,1131,250,0,0
stim,275427,305548,1,305548,3502864.454,-0.611,0.373,-0.012,-0.698,0,0,10,0,0,0,0,507,51,1.118,1,2298,0,123.760,38.543,91.250,-46.938,69.188,1.438,-1.086,3.625,-24.121,-30.063,-2.074,0.646,1.032,0.973,1.286,0,NULL,NULL,,3,1,2,7,255,1131,250,0,0
stim,275427,305548,1,305548,3502869.455,-0.613,0.378,-0.039,-0.693,197,0,6,415,0,16,0,535,51,1.118,1,2298,0,656.186,40.397,490.625,-265.188,345.750,1.441,0.559,7.957,-26.984,-30.063,4.387,0.460,0.838,0.973,1.286,0,NULL,NULL,,3,1,2,7,255,1131,250,0,0
stim,275427,305549,1,305549,3502874.454,-0.622,0.366,-0.037,-0.692,793,0,9,1015,0,127,0,565,51,1.118,1,2298,0,344.785,48.440,-280.313,-147.438,136.250,0.156,0.746,7.813,-34.055,-34.449,42.871,0.286,0.624,0.973,1.286,0,NULL,NULL,,3,1,2,7,255,1131,250,0,0
stim,275427,305549,1,305549,3502879.455,-0.647,0.329,-0.007,-0.688,1229,0,5,1420,0,429,0,613,51,1.118,1,2298,0,1236.789,48.440,-1211.875,-122.125,214.688,-0.117,2.910,2.090,-34.055,-34.449,42.871,0.212,0.424,0.973,1.286,0,NULL,NULL,,3,1,2,7,255,1131,250,0,0
stim,275449,305570,1,305570,3502884.454,-0.668,0.292,0.020,-0.684,1675,0,0,1736,0,615,0,652,51,1.118,1,2299,0,1169.301,20.473,-1142.625,-149.563,198.250,-0.625,3.500,-1.875,16.621,-11.953,18.723,0.262,0.282,0.973,1.286,1,1146.000,15.000,,3,1,2,7,255,1131,250,0,0
stim,275449,305570,1,305570,3502889.455,-0.681,0.271,0.033,-0.680,1959,0,0,1919,0,861,0,731,51,1.118,1,2299,0,631.137,23.904,-598.500,-117.500,162.250,-1.656,1.531,-3.008,21.703,10.020,-11.105,0.344,0.230,0.973,1.286,1,NULL,NULL,,3,1,2,7,255,1131,250,0,0
stim,275449,305570,1,305570,3502894.454,-0.684,0.261,0.033,-0.680,2204,0,0,2043,0,995,0,811,51,1.118,1,2299,0,239.286,31.065,-181.938,-148.500,45.875,-1.891,-0.828,-1.254,21.703,22.227,-15.395,0.388,0.250,0.973,1.286,1,NULL,NULL,,3,1,2,7,255,1131,250,0,0
stim,275449,305570,1,305570,3502899.455,-0.683,0.257,0.029,-0.683,2380,0,0,2133,0,1207,0,883,51,1.118,1,2299,0,141.227,22.965,10.438,-135.688,-37.750,-0.668,-0.301,1.051,-5.777,22.227,-15.395,0.390,0.280,0.973,1.286,1,NULL,NULL,,3,1,2,7,255,1131,250,0,0
stim,275477,305598,1,305598,3502904.453,-0.683,0.253,0.028,-0.684,2491,0,0,2216,0,1319,0,989,51,1.118,1,2299,0,108.819,6.133,-33.563,-101.625,-19.688,0.250,2.008,1.730,-5.777,2.059,0.930,0.390,0.310,0.973,1.286,1,NULL,NULL,,3,1,2,7,255,1131,250,0,0
stim,275477,305598,1,305598,3502909.455,-0.686,0.246,0.029,-0.684,2685,0,0,2478,0,1435,0,1070,51,1.118,1,2299,0,182.775,17.288,-154.000,-91.500,36.313,0.246,2.172,2.051,14.180,-9.891,9.688,0.402,0.342,0.973,1.286,2,NULL,NULL,,3,1,2,7,255,1131,250,0,0
stim,275508,305629,1,305629,3502914.453,-0.692,0.234,0.035,-0.682,2821,0,0,2666,0,1453,0,1141,51,1.118,1,2299,0,337.173,17.288,-313.375,-99.750,74.375,-0.914,0.391,1.281,14.180,-9.891,9.688,0.420,0.376,0.973,1.286,2,NULL,NULL,,3,1,2,7,255,1131,250,0,0
stim,275508,305629,1,305629,3502919.455,-0.700,0.217,0.041,-0.679,2855,0,0,2792,0,1479,0,1253,51,1.118,1,2299,0,451.688,3.469,-402.250,-156.188,133.500,-1.883,-1.539,-0.105,-0.027,3.469,5.699,0.432,0.404,0.973,1.286,2,NULL,NULL,,3,1,2,7,255,1131,250,0,0
stim,275508,305629,1,305629,3502924.454,-0.701,0.205,0.044,-0.681,2966,0,0,2891,0,1485,0,1378,51,1.118,1,2299,0,302.962,23.520,-256.438,-150.125,-59.063,-1.813,-1.633,-0.750,-15.605,17.598,-7.570,0.418,0.416,0.973,1.286,2,NULL,NULL,,3,1,2,7,255,1131,250,0,0
stim,275508,305629,1,305629,3502929.455,-0.698,0.198,0.042,-0.687,3000,0,0,2957,0,1492,0,1455,51,1.118,1,2299,0,231.693,23.520,-49.688,-170.438,-148.875,-0.707,-1.000,-0.055,-15.605,17.598,-9.879,0.378,0.416,0.973,1.286,2,NULL,NULL,,3,1,2,7,255,1131,250,0,0
stim,275508,305629,1,305629,3502934.453,-0.694,0.194,0.036,-0.693,3033,0,0,3015,0,1495,0,1516,51,1.118,1,2299,0,230.074,12.045,40.125,-169.500,-150.313,0.223,-0.730,1.320,-9.965,6.766,-9.879,0.332,0.410,0.973,1.286,2,NULL,NULL,,3,1,2,7,255,1131,250,0,0
stim,275508,305629,1,305629,3502939.455,-0.691,0.188,0.033,-0.697,3048,0,0,3052,0,1527,0,1528,51,1.118,1,2299,0,177.931,11.676,-20.563,-154.125,-86.500,0.816,-0.910,2.035,-9.965,-6.086,0.141,0.300,0.394,0.973,1.286,2,NULL,NULL,,3,1,2,7,255,1131,250,0,0
stim,275508,305629,1,305629,3502944.453,-0.693,0.180,0.032,-0.697,3067,0,0,3095,0,1603,0,1527,51,1.118,1,2299,0,199.013,18.311,-134.563,-145.750,16.000,1.008,-1.191,1.859,-12.332,-13.535,2.324,0.288,0.364,0.973,1.286,2,NULL,NULL,,3,1,2,7,255,1131,250,0,0
stim,275508,305629,1,305629,3502949.455,-0.699,0.170,0.034,-0.694,3081,0,0,3123,0,1726,0,1541,51,1.118,1,2299,0,274.801,19.853,-206.500,-130.313,126.063,0.672,-1.422,1.191,-14.523,-13.535,2.324,0.292,0.320,0.973,1.286,2,NULL,NULL,,3,1,2,7,255,1131,250,0,0
stim,275508,305629,1,305629,3502954.454,-0.706,0.161,0.035,-0.688,3096,0,0,3145,0,1835,0,1565,51,1.118,1,2299,0,289.029,17.382,-184.625,-121.500,186.250,-0.063,-1.156,0.512,-14.523,-9.551,-2.887,0.308,0.270,0.973,1.286,2,NULL,NULL,,3,1,2,7,255,1131,250,0,0
stim,275508,305629,1,305629,3502959.455,-0.712,0.154,0.033,-0.684,3099,0,0,3163,0,1947,31,1621,51,1.118,1,2299,0,237.120,12.077,-107.625,-127.313,168.625,-0.727,-0.410,0.391,-12.039,-0.953,-4.887,0.328,0.218,0.973,1.286,2,NULL,NULL,,3,1,2,7,255,1131,250,0,0
stim,275531,305652,1,305652,3502964.454,-0.715,0.149,0.030,-0.682,3103,0,0,3169,0,2055,43,1681,51,1.118,1,2299,0,160.213,7.597,-54.813,-134.375,67.875,-1.027,0.328,0.883,-5.027,5.695,-4.887,0.348,0.174,0.973,1.286,2,NULL,NULL,,3,1,2,7,255,1131,250,0,0
stim,275531,305652,1,305652,3502969.455,-0.715,0.143,0.027,-0.684,3109,0,0,3171,0,2153,57,1769,51,1.118,1,2299,0,138.932,5.839,-39.563,-132.000,-17.688,-0.379,0.555,1.078,1.285,5.695,1.406,0.360,0.148,0.973,1.286,2,NULL,NULL,,3,1,2,7,255,1131,250,0,0
stim,275531,305652,1,305652,3502974.454,-0.715,0.137,0.025,-0.685,3107,0,0,3171,33,2253,105,1940,51,1.118,1,2299,0,150.034,1.718,-68.563,-131.688,-21.625,-0.109,0.242,1.438,1.285,1.141,1.984,0.366,0.138,0.973,1.286,2,NULL,NULL,,3,1,2,7,255,1131,250,0,0
stim,275531,305652,1,305652,3502979.455,-0.716,0.130,0.024,-0.686,3109,0,0,3175,297,2301,251,2087,51,1.118,1,2299,0,160.378,2.246,-107.313,-117.875,-17.625,0.098,-0.113,1.648,0.477,-2.195,4.332,0.372,0.134,0.973,1.286,2,NULL,NULL,,3,1,2,7,255,1131,250,0,0
stim,275555,305676,1,305676,3502984.453,-0.715,0.126,0.025,-0.688,3108,0,0,3177,612,2361,231,2169,51,1.118,1,2299,0,108.897,5.227,-77.125,-59.750,-48.375,0.551,-0.109,1.555,-2.500,-4.590,4.332,0.378,0.130,0.973,1.286,2,NULL,NULL,,3,1,2,7,255,1131,250,0,0
stim,275555,305676,0,305676,3502989.455,-0.714,0.123,0.025,-0.689,3107,0,0,3181,869,2395,233,2231,51,1.118,1,2299,0,86.928,8.800,-61.625,-51.750,-32.875,0.676,0.340,0.973,-2.500,-8.438,3.715,0.386,0.124,0.973,1.286,2,NULL,NULL,,3,0,2,7,255,1125,250,0,0
